[name]
unknown

[dist]
# distance from previous block
# <min> <max>
0	116

[block]
# block no. 0 follows, 12 sequences, length 32
# corresponding to MSA columns:
# 123-154
name=unknown_A
#
# <colnr> <probs for GDERKNQSTAVLIFYWHMCP>
#	G	D	E	R	K	N	Q	S	T	A	V	L	I	F	Y	W	H	M	C	P
0	0.02820	0.09249	0.29420	0.02576	0.03722	0.02418	0.02900	0.07833	0.02716	0.12480	0.02955	0.04044	0.02395	0.01405	0.01092	0.00356	0.01326	0.07980	0.00751	0.01562
1	0.08625	0.07655	0.21684	0.07056	0.03726	0.02330	0.02535	0.03904	0.07095	0.15847	0.06678	0.03205	0.02541	0.01236	0.01025	0.00338	0.01187	0.00981	0.00805	0.01548
2	0.01858	0.01854	0.06647	0.01676	0.02245	0.01477	0.01425	0.02771	0.10463	0.03807	0.21182	0.10676	0.13573	0.01925	0.01157	0.00326	0.00738	0.01653	0.00971	0.13574
3	0.01315	0.01000	0.01213	0.01383	0.01546	0.00897	0.00952	0.01533	0.02218	0.02836	0.07656	0.44472	0.22646	0.03202	0.01358	0.00418	0.00606	0.02839	0.01012	0.00897
4	0.06467	0.01292	0.01424	0.01387	0.01662	0.01306	0.01030	0.05876	0.02486	0.03743	0.12105	0.11420	0.08951	0.13014	0.01911	0.00476	0.00745	0.05682	0.18015	0.01007
5	0.08353	0.14632	0.37245	0.02577	0.03858	0.02688	0.03113	0.03265	0.02321	0.03519	0.06825	0.02715	0.02214	0.01130	0.00969	0.00325	0.01361	0.00859	0.00551	0.01480
6	0.07155	0.01161	0.01317	0.01355	0.01552	0.01131	0.00953	0.01844	0.02189	0.03095	0.13984	0.17453	0.14274	0.20876	0.02591	0.00599	0.00779	0.05903	0.00907	0.00881
7	0.02327	0.02251	0.03938	0.36128	0.24032	0.02509	0.07097	0.03042	0.02319	0.03117	0.02000	0.02836	0.01566	0.01034	0.01103	0.00350	0.01430	0.00996	0.00509	0.01414
8	0.02812	0.01301	0.01583	0.01383	0.01802	0.01206	0.01064	0.03251	0.02628	0.20197	0.12509	0.04911	0.04151	0.06503	0.01357	0.00363	0.00687	0.01253	0.29785	0.01253
9	0.69383	0.02109	0.01603	0.01434	0.02109	0.02446	0.01181	0.03205	0.01856	0.04892	0.01518	0.01771	0.01181	0.01012	0.00675	0.00337	0.00843	0.00590	0.00675	0.01181
10	0.02206	0.01981	0.03259	0.24616	0.25311	0.02149	0.02675	0.02803	0.02297	0.03201	0.02723	0.11631	0.02535	0.01406	0.01105	0.00351	0.01191	0.01294	0.05911	0.01356
11	0.01429	0.01053	0.01361	0.01570	0.01733	0.00984	0.01168	0.01712	0.02262	0.02932	0.06816	0.40071	0.15092	0.03202	0.01403	0.00445	0.00712	0.14124	0.01010	0.00921
12	0.02203	0.02333	0.07267	0.11074	0.06763	0.06510	0.02005	0.06101	0.02565	0.03383	0.11867	0.09494	0.08402	0.07680	0.01828	0.00432	0.06682	0.01455	0.00763	0.01195
13	0.01676	0.01377	0.02092	0.16141	0.08122	0.01451	0.01733	0.02097	0.02320	0.03131	0.12931	0.32060	0.05802	0.02407	0.01270	0.00395	0.00877	0.02179	0.00870	0.01070
14	0.02765	0.18150	0.17614	0.08185	0.04063	0.02718	0.09527	0.03497	0.02507	0.11217	0.07221	0.03086	0.02481	0.01160	0.01026	0.00321	0.01308	0.00991	0.00684	0.01480
15	0.36880	0.17792	0.07995	0.01842	0.02673	0.07088	0.01724	0.03476	0.02170	0.07450	0.01761	0.01963	0.01375	0.01026	0.00768	0.00308	0.01090	0.00652	0.00639	0.01329
16	0.22936	0.02812	0.02911	0.08297	0.16507	0.13061	0.02159	0.03806	0.06312	0.08259	0.02188	0.02491	0.01684	0.01095	0.00945	0.00328	0.01240	0.00836	0.00692	0.01440
17	0.02311	0.02163	0.03411	0.17529	0.13668	0.02331	0.09398	0.03562	0.14669	0.03517	0.03774	0.04683	0.07229	0.01462	0.01177	0.00371	0.01215	0.05356	0.00750	0.01422
18	0.01513	0.01080	0.01476	0.01729	0.01873	0.01044	0.01332	0.01836	0.02269	0.02989	0.05908	0.40061	0.06809	0.03242	0.01441	0.00468	0.00792	0.22191	0.01009	0.00936
19	0.02467	0.02383	0.08354	0.12914	0.21839	0.02149	0.02573	0.03359	0.07097	0.07814	0.13823	0.04085	0.03737	0.01347	0.01126	0.00342	0.01114	0.01206	0.00782	0.01489
20	0.03320	0.01905	0.02369	0.01746	0.02664	0.01513	0.01417	0.03779	0.02607	0.24516	0.02889	0.02845	0.02051	0.01026	0.00924	0.00232	0.00856	0.00827	0.00929	0.41583
21	0.02915	0.62337	0.05714	0.01866	0.02799	0.04314	0.01866	0.03265	0.02215	0.02565	0.01516	0.01749	0.01399	0.00933	0.00700	0.00233	0.01166	0.00583	0.00466	0.01399
22	0.02644	0.07052	0.02934	0.02069	0.02890	0.02113	0.05888	0.03825	0.15547	0.08520	0.06809	0.03331	0.02809	0.01160	0.00983	0.00270	0.00932	0.00993	0.00849	0.28384
23	0.02121	0.01976	0.03194	0.53649	0.07065	0.02450	0.02904	0.03072	0.07010	0.02955	0.02176	0.03018	0.01632	0.01127	0.01092	0.00364	0.01397	0.00994	0.00544	0.01260
24	0.02581	0.02470	0.04213	0.16348	0.46145	0.02560	0.03288	0.03243	0.02427	0.03419	0.02030	0.02737	0.01677	0.00993	0.01081	0.00331	0.01324	0.00971	0.00530	0.01632
25	0.69383	0.02109	0.01603	0.01434	0.02109	0.02446	0.01181	0.03205	0.01856	0.04892	0.01518	0.01771	0.01181	0.01012	0.00675	0.00337	0.00843	0.00590	0.00675	0.01181
26	0.02061	0.01678	0.02379	0.03016	0.16082	0.01735	0.01822	0.02943	0.10551	0.03540	0.07698	0.17462	0.04420	0.02548	0.06285	0.00497	0.01065	0.05474	0.07455	0.01288
27	0.01630	0.01070	0.01367	0.01460	0.01664	0.00969	0.01030	0.01904	0.02390	0.07130	0.14367	0.39963	0.15034	0.02962	0.01335	0.00407	0.00623	0.02637	0.01068	0.00989
28	0.02163	0.02044	0.03458	0.50538	0.15219	0.02450	0.03080	0.02877	0.02229	0.02912	0.01956	0.02873	0.01498	0.01071	0.01088	0.00357	0.01428	0.00969	0.00493	0.01295
29	0.01410	0.01092	0.01315	0.01322	0.01590	0.00997	0.00978	0.01768	0.02565	0.03379	0.24595	0.16379	0.27101	0.03205	0.06832	0.00507	0.00784	0.02190	0.01036	0.00958
30	0.01695	0.01170	0.01356	0.01325	0.01608	0.01128	0.00986	0.02343	0.06644	0.03936	0.26499	0.12391	0.14383	0.02133	0.01154	0.00337	0.00558	0.01841	0.17461	0.01050
31	0.02391	0.02475	0.04842	0.14564	0.18287	0.02470	0.25184	0.03134	0.02432	0.03314	0.02493	0.08595	0.02185	0.01209	0.01209	0.00363	0.01511	0.01328	0.00582	0.01433

[dist]
# distance from previous block
# <min> <max>
1	9

[block]
# block no. 1 follows, 12 sequences, length 15
# corresponding to MSA columns:
# 166-180
name=unknown_B
#
# <colnr> <probs for GDERKNQSTAVLIFYWHMCP>
#	G	D	E	R	K	N	Q	S	T	A	V	L	I	F	Y	W	H	M	C	P
0	0.02371	0.19095	0.26784	0.02394	0.03502	0.02841	0.02676	0.03629	0.11798	0.03375	0.03343	0.03423	0.07785	0.01289	0.00992	0.00324	0.01236	0.00999	0.00647	0.01500
1	0.03079	0.42516	0.14657	0.02110	0.03156	0.03568	0.02231	0.03612	0.02369	0.10802	0.02022	0.02151	0.01594	0.01016	0.00823	0.00270	0.01213	0.00703	0.00600	0.01508
2	0.42439	0.02285	0.02045	0.01786	0.02466	0.02630	0.01442	0.09427	0.17178	0.05020	0.02498	0.02540	0.01886	0.01183	0.00849	0.00346	0.00890	0.00823	0.00849	0.01417
3	0.01328	0.00949	0.01265	0.01518	0.01581	0.00886	0.01012	0.01518	0.02088	0.02783	0.06010	0.60969	0.07212	0.03416	0.01392	0.00443	0.00633	0.03100	0.01012	0.00886
4	0.02589	0.02148	0.02600	0.02735	0.11126	0.02310	0.01831	0.11838	0.22280	0.04595	0.14063	0.04991	0.08919	0.01632	0.01152	0.00350	0.00893	0.01391	0.01021	0.01537
5	0.02379	0.02404	0.03937	0.15118	0.09206	0.02984	0.10592	0.02869	0.02001	0.02889	0.01722	0.02614	0.01501	0.01488	0.02451	0.00421	0.32622	0.01014	0.00497	0.01293
6	0.01366	0.01019	0.01242	0.01367	0.01528	0.00927	0.00939	0.01605	0.02278	0.02975	0.13298	0.36887	0.19498	0.07764	0.01685	0.00460	0.00631	0.02628	0.01008	0.00895
7	0.02288	0.02884	0.14154	0.03359	0.04291	0.02210	0.26641	0.03143	0.02469	0.03536	0.02935	0.04489	0.02516	0.01329	0.01195	0.00368	0.01460	0.08555	0.10824	0.01353
8	0.01827	0.00982	0.01436	0.01436	0.01459	0.01005	0.00967	0.01496	0.01474	0.01987	0.02156	0.03784	0.02183	0.09730	0.10421	0.54391	0.01182	0.01032	0.00504	0.00548
9	0.33710	0.01972	0.02094	0.07069	0.02766	0.02277	0.01561	0.07508	0.02271	0.07614	0.02379	0.07195	0.02070	0.02247	0.08322	0.00539	0.05423	0.00998	0.00742	0.01243
10	0.02113	0.04219	0.36960	0.02611	0.03824	0.02185	0.03059	0.03322	0.07077	0.03572	0.06515	0.08420	0.02804	0.01371	0.01075	0.00340	0.01295	0.01135	0.00645	0.07456
11	0.02059	0.01938	0.03270	0.59060	0.07510	0.02422	0.03028	0.02786	0.02180	0.02786	0.01938	0.02907	0.01453	0.01090	0.01090	0.00363	0.01453	0.00969	0.00484	0.01211
12	0.03452	0.22414	0.08565	0.02299	0.03186	0.09486	0.02096	0.16069	0.09651	0.08973	0.02489	0.02524	0.01883	0.01168	0.00951	0.00300	0.01244	0.00849	0.00800	0.01603
13	0.03509	0.12044	0.08045	0.02000	0.02967	0.02251	0.01829	0.08428	0.02846	0.22944	0.02810	0.02752	0.01982	0.01097	0.00945	0.00271	0.01022	0.00849	0.00902	0.20507
14	0.09825	0.08934	0.11573	0.02374	0.03303	0.07768	0.02198	0.21282	0.06827	0.11731	0.02569	0.02591	0.01844	0.01203	0.00999	0.00322	0.01238	0.00887	0.00881	0.01649

[dist]
# distance from previous block
# <min> <max>
1	6

[block]
# block no. 2 follows, 12 sequences, length 18
# corresponding to MSA columns:
# 187-204
name=unknown_C
#
# <colnr> <probs for GDERKNQSTAVLIFYWHMCP>
#	G	D	E	R	K	N	Q	S	T	A	V	L	I	F	Y	W	H	M	C	P
0	0.02761	0.10290	0.30333	0.02514	0.03660	0.06113	0.02835	0.03614	0.02597	0.12280	0.09678	0.03284	0.02865	0.01253	0.01043	0.00327	0.01318	0.00989	0.00723	0.01524
1	0.03129	0.01911	0.02350	0.01722	0.02650	0.01503	0.01394	0.03593	0.02545	0.20742	0.02718	0.02740	0.01973	0.00986	0.00903	0.00220	0.00847	0.00795	0.00878	0.46402
2	0.02700	0.04687	0.40305	0.02845	0.04211	0.02538	0.03370	0.08501	0.07595	0.09147	0.02499	0.02647	0.01750	0.01137	0.01055	0.00345	0.01430	0.00894	0.00674	0.01671
3	0.02384	0.30122	0.12859	0.02182	0.03004	0.02915	0.06193	0.02856	0.02259	0.02928	0.07408	0.08104	0.02888	0.01583	0.01275	0.06931	0.01162	0.01084	0.00597	0.01266
4	0.02969	0.51418	0.10034	0.02041	0.03029	0.04062	0.02082	0.07962	0.02507	0.03066	0.01663	0.01884	0.01442	0.00979	0.00768	0.00253	0.01210	0.00642	0.00527	0.01463
5	0.02044	0.01388	0.01579	0.01489	0.01809	0.01373	0.01065	0.02795	0.11789	0.08648	0.09826	0.12510	0.16730	0.19221	0.02462	0.00568	0.00799	0.01824	0.00980	0.01101
6	0.01387	0.01095	0.01250	0.01239	0.01540	0.00958	0.00919	0.01746	0.02678	0.03467	0.26846	0.13780	0.33989	0.02616	0.01296	0.00365	0.00545	0.02244	0.01083	0.00958
7	0.01350	0.01090	0.01200	0.01208	0.01519	0.00941	0.00893	0.01670	0.02578	0.03247	0.20186	0.15275	0.39602	0.02711	0.01299	0.00370	0.00552	0.02312	0.01054	0.00941
8	0.01496	0.01051	0.01184	0.01218	0.01295	0.01009	0.00739	0.01573	0.01821	0.02359	0.05202	0.14993	0.13825	0.42853	0.04196	0.00846	0.00906	0.01923	0.00774	0.00739
9	0.02261	0.01938	0.02261	0.01615	0.02584	0.01453	0.01292	0.02745	0.02261	0.03553	0.01938	0.02261	0.01615	0.00807	0.00807	0.00161	0.00807	0.00646	0.00646	0.68346
10	0.24498	0.16207	0.09539	0.02541	0.03495	0.02870	0.14019	0.03522	0.02285	0.08820	0.02006	0.02302	0.01517	0.01007	0.00911	0.00322	0.01252	0.00834	0.00641	0.01413
11	0.02187	0.05640	0.56031	0.03108	0.04719	0.02532	0.04029	0.03453	0.02302	0.03453	0.01957	0.02302	0.01381	0.01036	0.01036	0.00345	0.01611	0.00806	0.00460	0.01611
12	0.03980	0.01853	0.02260	0.01797	0.02486	0.01776	0.01463	0.13141	0.03270	0.32603	0.03786	0.03603	0.02567	0.01321	0.01005	0.00313	0.00865	0.01053	0.19228	0.01629
13	0.02135	0.02324	0.10138	0.02022	0.02624	0.01985	0.01788	0.03864	0.24846	0.04163	0.19712	0.10583	0.05573	0.01833	0.01181	0.00365	0.00845	0.01579	0.01030	0.01410
14	0.01741	0.01231	0.01512	0.01592	0.01744	0.01233	0.01125	0.06469	0.02299	0.03057	0.04894	0.32240	0.05603	0.20156	0.02593	0.00620	0.00868	0.09174	0.00916	0.00932
15	0.08645	0.03512	0.20673	0.04152	0.23342	0.02535	0.03071	0.08399	0.02703	0.09449	0.02268	0.02588	0.01682	0.01070	0.01033	0.00334	0.01311	0.00899	0.00666	0.01669
16	0.02361	0.02186	0.03651	0.04120	0.21959	0.02200	0.11786	0.03268	0.09142	0.03417	0.03190	0.05094	0.02974	0.10529	0.01867	0.00477	0.01262	0.08404	0.00709	0.01403
17	0.01400	0.01127	0.01268	0.01346	0.01663	0.00995	0.01058	0.01722	0.02460	0.03006	0.09429	0.14894	0.39574	0.02871	0.01347	0.00405	0.00663	0.12825	0.01011	0.00937

[dist]
# distance from previous block
# <min> <max>
3	5

[block]
# block no. 3 follows, 12 sequences, length 25
# corresponding to MSA columns:
# 210-234
name=unknown_D
#
# <colnr> <probs for GDERKNQSTAVLIFYWHMCP>
#	G	D	E	R	K	N	Q	S	T	A	V	L	I	F	Y	W	H	M	C	P
0	0.23786	0.02306	0.02720	0.35211	0.05384	0.07715	0.02349	0.03071	0.02164	0.03448	0.01779	0.02453	0.01362	0.01068	0.00947	0.00347	0.01308	0.00822	0.00553	0.01207
1	0.02799	0.01639	0.01662	0.01476	0.01917	0.06400	0.01144	0.03243	0.02707	0.16804	0.11759	0.04977	0.08512	0.01556	0.00993	0.00301	0.00754	0.01267	0.28849	0.01243
2	0.02143	0.01199	0.01482	0.01398	0.01569	0.01168	0.00918	0.02267	0.01908	0.11582	0.03734	0.10332	0.03872	0.41728	0.09283	0.00949	0.01176	0.01575	0.00801	0.00916
3	0.02537	0.01981	0.09820	0.01846	0.02445	0.01413	0.01687	0.03112	0.02855	0.17738	0.25373	0.10438	0.06364	0.01974	0.01225	0.00363	0.00838	0.05567	0.01100	0.01323
4	0.01322	0.00972	0.01241	0.01456	0.01565	0.00891	0.00985	0.01525	0.02147	0.02808	0.06764	0.53406	0.14288	0.03318	0.01376	0.00432	0.00621	0.02980	0.01012	0.00891
5	0.02914	0.02470	0.03995	0.13670	0.39073	0.02547	0.03042	0.07458	0.02715	0.08201	0.02275	0.02810	0.01781	0.01050	0.01083	0.00331	0.01279	0.00983	0.00647	0.01673
6	0.01586	0.01057	0.01189	0.01189	0.01189	0.01057	0.00661	0.01586	0.01586	0.02114	0.03436	0.07135	0.03964	0.61681	0.05550	0.01057	0.01057	0.01586	0.00661	0.00661
7	0.02107	0.01728	0.01984	0.01570	0.02283	0.01439	0.01229	0.06597	0.02610	0.03739	0.08607	0.09245	0.12497	0.01552	0.01011	0.00253	0.00755	0.01300	0.00831	0.38664
8	0.03012	0.22774	0.25799	0.02529	0.03697	0.07862	0.02777	0.08097	0.02682	0.08238	0.02073	0.02259	0.01555	0.01066	0.00937	0.00302	0.01401	0.00770	0.00612	0.01560
9	0.02553	0.34145	0.30734	0.02483	0.03754	0.03428	0.02941	0.03358	0.02259	0.03007	0.01735	0.02024	0.01390	0.00984	0.00867	0.00289	0.01388	0.00694	0.00463	0.01505
10	0.02856	0.02190	0.03350	0.27427	0.17387	0.02348	0.02648	0.07963	0.02685	0.11352	0.02385	0.02893	0.01759	0.01097	0.01064	0.00329	0.01256	0.00962	0.00700	0.07350
11	0.03134	0.24066	0.12458	0.02383	0.03300	0.03510	0.02307	0.18895	0.07581	0.04272	0.02191	0.02373	0.01715	0.01198	0.01150	0.00313	0.06005	0.00834	0.00724	0.01591
12	0.02059	0.01938	0.03270	0.59060	0.07510	0.02422	0.03028	0.02786	0.02180	0.02786	0.01938	0.02907	0.01453	0.01090	0.01090	0.00363	0.01453	0.00969	0.00484	0.01211
13	0.03469	0.35023	0.04459	0.02317	0.03072	0.29644	0.01981	0.03785	0.02633	0.02615	0.01597	0.01853	0.01402	0.01024	0.00835	0.00256	0.01549	0.00640	0.00512	0.01335
14	0.02089	0.01441	0.02220	0.02200	0.02570	0.01396	0.06216	0.02597	0.02538	0.08124	0.05326	0.14615	0.05592	0.02697	0.01438	0.00469	0.01043	0.35314	0.00995	0.01117
15	0.01578	0.01087	0.01339	0.01339	0.01391	0.01139	0.00848	0.01682	0.01630	0.02225	0.03298	0.06376	0.03634	0.47432	0.19347	0.01242	0.01553	0.01474	0.00640	0.00744
16	0.01586	0.01057	0.01189	0.01189	0.01189	0.01057	0.00661	0.01586	0.01586	0.02114	0.03436	0.07135	0.03964	0.61681	0.05550	0.01057	0.01057	0.01586	0.00661	0.00661
17	0.01894	0.00947	0.01420	0.01420	0.01420	0.00947	0.00947	0.01420	0.01420	0.01894	0.01894	0.03314	0.01894	0.03788	0.04261	0.68277	0.00947	0.00947	0.00473	0.00473
18	0.02954	0.01732	0.02055	0.01779	0.02244	0.01729	0.01365	0.14245	0.02987	0.16309	0.04467	0.10679	0.07470	0.17971	0.02369	0.00555	0.00980	0.05793	0.01017	0.01300
19	0.02574	0.02941	0.06434	0.04596	0.05699	0.02757	0.50919	0.03493	0.02574	0.03493	0.02206	0.02941	0.01654	0.00919	0.01287	0.00368	0.01838	0.01287	0.00551	0.01471
20	0.02197	0.10471	0.46588	0.02840	0.04270	0.02564	0.03565	0.03313	0.02363	0.03452	0.06522	0.02765	0.02167	0.01131	0.01027	0.00335	0.01474	0.00888	0.00526	0.01541
21	0.02834	0.02002	0.02521	0.02228	0.07641	0.01708	0.01587	0.07306	0.02660	0.12578	0.02738	0.07360	0.02285	0.01170	0.00954	0.00244	0.00894	0.00982	0.00823	0.39485
22	0.09720	0.18728	0.04059	0.02973	0.11384	0.03042	0.06333	0.11158	0.06966	0.11821	0.02487	0.02624	0.01875	0.01110	0.00962	0.00311	0.01159	0.00899	0.00786	0.01602
23	0.18953	0.07386	0.07658	0.01838	0.02757	0.02078	0.01674	0.03763	0.02432	0.19945	0.02539	0.02557	0.01809	0.01057	0.00879	0.00281	0.00961	0.00783	0.00838	0.19813
24	0.09153	0.16871	0.17694	0.02943	0.11285	0.02791	0.02548	0.03891	0.06536	0.12737	0.02448	0.02581	0.01812	0.01092	0.00949	0.00316	0.01208	0.00847	0.00704	0.01594

[dist]
# distance from previous block
# <min> <max>
0	1

[block]
# block no. 4 follows, 12 sequences, length 19
# corresponding to MSA columns:
# 236-254
name=unknown_E
#
# <colnr> <probs for GDERKNQSTAVLIFYWHMCP>
#	G	D	E	R	K	N	Q	S	T	A	V	L	I	F	Y	W	H	M	C	P
0	0.14766	0.08007	0.10367	0.02049	0.02929	0.02345	0.01921	0.11384	0.03019	0.22080	0.07911	0.03270	0.02752	0.01290	0.00999	0.00328	0.01035	0.00991	0.00973	0.01584
1	0.02771	0.45619	0.05118	0.02789	0.12580	0.03717	0.02135	0.03191	0.02292	0.02816	0.01996	0.02868	0.01895	0.01125	0.00843	0.00274	0.01176	0.04839	0.00528	0.01426
2	0.02746	0.17793	0.25103	0.03301	0.13276	0.02893	0.02974	0.03759	0.06700	0.08142	0.02297	0.02525	0.01737	0.01066	0.00977	0.00316	0.01321	0.00847	0.00613	0.01615
3	0.03644	0.05985	0.08178	0.02663	0.09559	0.02194	0.02069	0.08963	0.07519	0.26747	0.04059	0.03848	0.06881	0.01377	0.01082	0.00335	0.01044	0.01128	0.01030	0.01694
4	0.01891	0.01487	0.02042	0.02273	0.06733	0.01601	0.01564	0.06770	0.02371	0.03244	0.04443	0.32113	0.04940	0.03532	0.09867	0.00624	0.06301	0.06232	0.00866	0.01106
5	0.01819	0.01206	0.01521	0.01514	0.01787	0.01139	0.01106	0.02370	0.06315	0.08155	0.24155	0.27512	0.12003	0.02591	0.01296	0.00384	0.00624	0.02295	0.01119	0.01089
6	0.03248	0.02238	0.07383	0.02293	0.03033	0.01903	0.06638	0.08289	0.07195	0.22732	0.08919	0.09749	0.03922	0.01707	0.01192	0.00368	0.01037	0.05540	0.01073	0.01541
7	0.03642	0.09978	0.03658	0.08585	0.17795	0.02605	0.02332	0.12214	0.03089	0.21135	0.02814	0.02917	0.02003	0.01161	0.01040	0.00321	0.01155	0.00965	0.00888	0.01702
8	0.01521	0.01040	0.01241	0.01292	0.01418	0.00989	0.00855	0.01747	0.02171	0.03005	0.15156	0.21894	0.10644	0.23060	0.02741	0.00611	0.00737	0.02087	0.06941	0.00852
9	0.03921	0.04944	0.03112	0.02814	0.03325	0.52455	0.02132	0.04198	0.02962	0.02665	0.01663	0.02004	0.01407	0.01194	0.01216	0.00299	0.07153	0.00725	0.00554	0.01258
10	0.08737	0.02281	0.07846	0.17247	0.04082	0.02073	0.02156	0.08306	0.02816	0.20489	0.06812	0.06791	0.02850	0.01404	0.01084	0.00351	0.01107	0.01163	0.00918	0.01485
11	0.03676	0.01633	0.02278	0.06648	0.02901	0.01502	0.01626	0.04088	0.02788	0.36117	0.04570	0.15248	0.03795	0.01880	0.01192	0.00376	0.00924	0.06043	0.01180	0.01535
12	0.01337	0.01006	0.01239	0.01394	0.01556	0.00908	0.00964	0.01579	0.02284	0.02969	0.11669	0.42661	0.20212	0.03134	0.01355	0.00414	0.00600	0.02784	0.01029	0.00908
13	0.04010	0.04633	0.02981	0.02677	0.03268	0.47224	0.02027	0.04576	0.07963	0.07364	0.02177	0.02320	0.01703	0.01178	0.01005	0.00294	0.01770	0.00788	0.00682	0.01360
14	0.23221	0.02342	0.02990	0.02385	0.03110	0.02542	0.09379	0.08382	0.11635	0.14212	0.02769	0.02862	0.02009	0.01247	0.01209	0.00359	0.05976	0.00977	0.00882	0.01513
15	0.19330	0.03142	0.10033	0.02132	0.02936	0.12102	0.01909	0.07268	0.07664	0.08554	0.06673	0.02915	0.02442	0.01215	0.00955	0.00315	0.01160	0.00897	0.00796	0.07562
16	0.08024	0.02767	0.15585	0.06390	0.03259	0.02173	0.02241	0.05326	0.02417	0.03688	0.11613	0.08751	0.03556	0.01609	0.01496	0.00358	0.10951	0.01237	0.00719	0.07840
17	0.18804	0.07212	0.06932	0.01851	0.02649	0.02015	0.01687	0.03355	0.02369	0.13503	0.02929	0.04161	0.02505	0.01380	0.00965	0.00319	0.00972	0.09064	0.00818	0.16510
18	0.07903	0.08398	0.18324	0.02202	0.03189	0.02216	0.02242	0.03927	0.07454	0.17710	0.03110	0.07762	0.02435	0.01336	0.01013	0.00327	0.01102	0.01072	0.00845	0.07430

[dist]
# distance from previous block
# <min> <max>
59	144

[block]
# block no. 5 follows, 12 sequences, length 24
# corresponding to MSA columns:
# 432-455
name=unknown_F
#
# <colnr> <probs for GDERKNQSTAVLIFYWHMCP>
#	G	D	E	R	K	N	Q	S	T	A	V	L	I	F	Y	W	H	M	C	P
0	0.03480	0.02127	0.03715	0.11013	0.04245	0.02018	0.16588	0.04104	0.02816	0.27633	0.07833	0.03762	0.02887	0.01262	0.01170	0.00351	0.01241	0.01214	0.00970	0.01571
1	0.03336	0.14928	0.03665	0.02319	0.03081	0.02664	0.06753	0.04183	0.10218	0.19607	0.02932	0.02965	0.02150	0.01253	0.01312	0.00323	0.08310	0.00966	0.00868	0.08170
2	0.03392	0.02332	0.02822	0.02123	0.03019	0.07298	0.06031	0.03874	0.02674	0.21637	0.02762	0.02800	0.01976	0.01039	0.00970	0.00254	0.01062	0.00868	0.00874	0.32194
3	0.50832	0.02061	0.01785	0.01484	0.02240	0.02172	0.01212	0.03078	0.01968	0.04522	0.01634	0.01907	0.01301	0.00956	0.00711	0.00289	0.00834	0.00606	0.00667	0.19744
4	0.08854	0.01707	0.01948	0.01547	0.02266	0.01419	0.01206	0.02535	0.02325	0.03719	0.10401	0.10365	0.03588	0.01368	0.00939	0.00242	0.00745	0.01146	0.00779	0.42901
5	0.25011	0.02752	0.02738	0.02165	0.02974	0.03082	0.01787	0.35878	0.04080	0.06239	0.02266	0.02347	0.01639	0.01214	0.00958	0.00330	0.01086	0.00857	0.00958	0.01639
6	0.01328	0.00949	0.01265	0.01518	0.01581	0.00886	0.01012	0.01518	0.02088	0.02783	0.06010	0.60969	0.07212	0.03416	0.01392	0.00443	0.00633	0.03100	0.01012	0.00886
7	0.08025	0.02351	0.02752	0.07881	0.03399	0.02433	0.01845	0.20390	0.08063	0.17462	0.02948	0.02935	0.02073	0.01216	0.01023	0.00313	0.01045	0.00954	0.00998	0.11894
8	0.02576	0.30625	0.27147	0.02995	0.10058	0.03337	0.02977	0.03356	0.02286	0.03069	0.01771	0.02104	0.01432	0.00982	0.00891	0.00293	0.01373	0.00727	0.00473	0.01531
9	0.01479	0.01112	0.01369	0.01305	0.01590	0.01002	0.00978	0.01934	0.02935	0.04014	0.43431	0.08735	0.21385	0.02363	0.01287	0.00349	0.00524	0.02055	0.01153	0.01002
10	0.01328	0.00949	0.01265	0.01518	0.01581	0.00886	0.01012	0.01518	0.02088	0.02783	0.06010	0.60969	0.07212	0.03416	0.01392	0.00443	0.00633	0.03100	0.01012	0.00886
11	0.02481	0.09640	0.03509	0.25017	0.13388	0.02777	0.02521	0.03901	0.18461	0.03457	0.02704	0.03100	0.02092	0.01175	0.01046	0.00343	0.01203	0.01006	0.00691	0.01486
12	0.02520	0.01930	0.02288	0.01647	0.02604	0.01468	0.01323	0.02999	0.02346	0.08685	0.02171	0.02404	0.01722	0.00861	0.00836	0.00179	0.00819	0.00690	0.00715	0.61794
13	0.02353	0.14551	0.41699	0.03089	0.04527	0.02851	0.09470	0.03427	0.02321	0.03313	0.01916	0.02291	0.01418	0.01005	0.01012	0.00330	0.01567	0.00829	0.00473	0.01559
14	0.02693	0.01784	0.01911	0.01740	0.02182	0.06834	0.01322	0.03301	0.07318	0.16996	0.17327	0.17179	0.10673	0.02125	0.01213	0.00361	0.00824	0.01820	0.01110	0.01288
15	0.01468	0.01071	0.01389	0.01457	0.01659	0.00992	0.01074	0.01851	0.02643	0.03606	0.29617	0.26468	0.12855	0.02749	0.01343	0.00394	0.00604	0.06689	0.01102	0.00969
16	0.35490	0.02115	0.02020	0.01769	0.02414	0.02356	0.01415	0.08389	0.13315	0.10518	0.02968	0.07898	0.02421	0.01395	0.00920	0.00353	0.00872	0.01049	0.00914	0.01411
17	0.02497	0.02549	0.11268	0.01895	0.02959	0.01648	0.01778	0.03107	0.02349	0.08461	0.02165	0.02405	0.01678	0.00897	0.00873	0.00209	0.00953	0.00715	0.00682	0.50912
18	0.01450	0.01048	0.01353	0.01525	0.01666	0.00989	0.01103	0.01719	0.02251	0.02971	0.10585	0.36735	0.11801	0.08675	0.01787	0.00496	0.00725	0.11225	0.00994	0.00903
19	0.01328	0.00949	0.01265	0.01518	0.01581	0.00886	0.01012	0.01518	0.02088	0.02783	0.06010	0.60969	0.07212	0.03416	0.01392	0.00443	0.00633	0.03100	0.01012	0.00886
20	0.02862	0.02168	0.03178	0.39760	0.06031	0.02526	0.02644	0.13530	0.02932	0.10262	0.02379	0.02945	0.01695	0.01170	0.01091	0.00352	0.01333	0.00988	0.00723	0.01430
21	0.11525	0.27076	0.08831	0.02236	0.03114	0.14349	0.02067	0.12548	0.02903	0.03768	0.01798	0.02010	0.01458	0.01061	0.00858	0.00284	0.01334	0.00703	0.00629	0.01451
22	0.02541	0.12846	0.14969	0.02566	0.08401	0.02469	0.02255	0.08933	0.02660	0.03723	0.02803	0.03029	0.06409	0.01136	0.00947	0.00270	0.01119	0.00897	0.00653	0.21375
23	0.02877	0.20532	0.18940	0.02491	0.03590	0.02961	0.06111	0.07419	0.07371	0.08282	0.02344	0.02506	0.01768	0.01068	0.00954	0.00298	0.01263	0.00844	0.00676	0.07707

[dist]
# distance from previous block
# <min> <max>
0	1

[block]
# block no. 6 follows, 12 sequences, length 53
# corresponding to MSA columns:
# 457-509
name=unknown_G
#
# <colnr> <probs for GDERKNQSTAVLIFYWHMCP>
#	G	D	E	R	K	N	Q	S	T	A	V	L	I	F	Y	W	H	M	C	P
0	0.01966	0.01210	0.01569	0.01526	0.01849	0.01103	0.01181	0.02383	0.02773	0.10826	0.27107	0.16517	0.14355	0.02475	0.01308	0.00384	0.00664	0.08564	0.01138	0.01102
1	0.01698	0.01396	0.02045	0.16972	0.03288	0.01548	0.01665	0.02176	0.02513	0.03459	0.25467	0.18057	0.06557	0.02164	0.01433	0.00381	0.05336	0.01876	0.00911	0.01058
2	0.12335	0.06910	0.11826	0.03255	0.11346	0.02593	0.08957	0.03677	0.02386	0.14617	0.02341	0.02649	0.01732	0.01187	0.01366	0.00353	0.09301	0.00933	0.00707	0.01530
3	0.02645	0.01859	0.02972	0.42181	0.06031	0.02138	0.02565	0.03289	0.02455	0.14552	0.06353	0.03474	0.02385	0.01232	0.01106	0.00356	0.01268	0.01072	0.00728	0.01340
4	0.01361	0.00974	0.01295	0.01496	0.01589	0.00907	0.01015	0.01601	0.02240	0.03026	0.13381	0.52906	0.07681	0.03235	0.01376	0.00428	0.00615	0.02928	0.01041	0.00907
5	0.13948	0.01670	0.02078	0.01778	0.02398	0.01564	0.01424	0.04016	0.02674	0.33650	0.04314	0.15795	0.03616	0.01826	0.01117	0.00369	0.00858	0.04252	0.01154	0.01498
6	0.02307	0.12716	0.25354	0.02495	0.03687	0.02413	0.06488	0.03131	0.02352	0.03412	0.05454	0.02654	0.02077	0.01027	0.00957	0.00278	0.01258	0.00844	0.00572	0.20525
7	0.02040	0.01867	0.02632	0.02355	0.02422	0.02488	0.01905	0.02313	0.01692	0.02554	0.02094	0.03393	0.02066	0.08501	0.22302	0.00961	0.35735	0.01075	0.00528	0.01078
8	0.01328	0.00949	0.01265	0.01518	0.01581	0.00886	0.01012	0.01518	0.02088	0.02783	0.06010	0.60969	0.07212	0.03416	0.01392	0.00443	0.00633	0.03100	0.01012	0.00886
9	0.02261	0.01938	0.02261	0.01615	0.02584	0.01453	0.01292	0.02745	0.02261	0.03553	0.01938	0.02261	0.01615	0.00807	0.00807	0.00161	0.00807	0.00646	0.00646	0.68346
10	0.02253	0.09484	0.44770	0.02807	0.04278	0.02521	0.03486	0.03341	0.02290	0.03399	0.01920	0.02254	0.01415	0.00997	0.00979	0.00311	0.01467	0.00767	0.00486	0.10777
11	0.02486	0.05245	0.47978	0.03016	0.04515	0.02662	0.03730	0.10748	0.02733	0.03975	0.02058	0.02350	0.01453	0.01078	0.01044	0.00343	0.01549	0.00833	0.00557	0.01648
12	0.02427	0.02508	0.04022	0.03245	0.03488	0.03211	0.13083	0.02815	0.01869	0.02815	0.01602	0.02508	0.01480	0.01690	0.03073	0.00453	0.46935	0.01027	0.00493	0.01254
13	0.02187	0.02141	0.03842	0.46726	0.10870	0.02487	0.10363	0.02937	0.02263	0.02953	0.01988	0.02896	0.01505	0.01055	0.01119	0.00361	0.01500	0.01018	0.00499	0.01290
14	0.03640	0.03601	0.13950	0.02546	0.03488	0.10258	0.02361	0.21420	0.10746	0.12700	0.02868	0.02836	0.02033	0.01257	0.01068	0.00332	0.01301	0.00960	0.00930	0.01705
15	0.02816	0.02577	0.09918	0.10899	0.03723	0.02296	0.02161	0.07863	0.19583	0.11376	0.03496	0.07929	0.02756	0.01433	0.01093	0.00348	0.01069	0.01202	0.00915	0.06546
16	0.08259	0.16767	0.15929	0.03043	0.04146	0.02880	0.19074	0.03658	0.02451	0.10493	0.02227	0.02545	0.01643	0.01013	0.01025	0.00326	0.01433	0.00943	0.00631	0.01514
17	0.12531	0.23153	0.08093	0.02664	0.10803	0.02879	0.02097	0.03867	0.02471	0.18215	0.02426	0.02500	0.01788	0.01077	0.00894	0.00300	0.01109	0.00807	0.00757	0.01566
18	0.01356	0.00996	0.01272	0.01437	0.01573	0.00912	0.00989	0.01607	0.02297	0.03049	0.14099	0.45712	0.14412	0.03142	0.01361	0.00417	0.00603	0.02814	0.01041	0.00912
19	0.02002	0.02915	0.20642	0.10668	0.03692	0.01907	0.02435	0.06207	0.02680	0.03762	0.17264	0.13005	0.04808	0.01761	0.01172	0.00361	0.01101	0.01519	0.00802	0.01296
20	0.03065	0.12189	0.29398	0.02751	0.04004	0.02642	0.06820	0.07091	0.02689	0.15411	0.02493	0.02619	0.01737	0.01102	0.01027	0.00329	0.01385	0.00892	0.00713	0.01643
21	0.01519	0.01141	0.01430	0.01615	0.01754	0.01137	0.01110	0.02106	0.09080	0.03028	0.05793	0.53140	0.06677	0.03150	0.01353	0.00433	0.00664	0.02843	0.01026	0.01001
22	0.02177	0.01232	0.01570	0.01483	0.01840	0.01095	0.01110	0.02532	0.02695	0.15050	0.20928	0.22175	0.16899	0.02470	0.01273	0.00374	0.00647	0.02155	0.01143	0.01151
23	0.13001	0.02408	0.03241	0.22742	0.04746	0.02848	0.05635	0.16448	0.02910	0.04277	0.02010	0.02581	0.01535	0.01244	0.01394	0.00366	0.09592	0.00934	0.00687	0.01402
24	0.03228	0.02599	0.02756	0.02323	0.03032	0.02953	0.01851	0.22163	0.35700	0.05393	0.03782	0.03546	0.02797	0.01418	0.01103	0.00354	0.00984	0.01142	0.01103	0.01772
25	0.02490	0.01993	0.02431	0.01813	0.02638	0.01725	0.01467	0.02935	0.02249	0.07615	0.02058	0.02395	0.01677	0.01003	0.01212	0.00219	0.08918	0.00725	0.00679	0.53758
26	0.02790	0.02957	0.05999	0.04308	0.05380	0.02843	0.44198	0.10063	0.02925	0.03958	0.02263	0.02897	0.01682	0.00973	0.01260	0.00362	0.01750	0.01245	0.00626	0.01523
27	0.01633	0.01040	0.01225	0.01225	0.01225	0.01040	0.00704	0.01560	0.01560	0.02081	0.03200	0.06552	0.03648	0.52844	0.05353	0.11317	0.01040	0.01488	0.00632	0.00632
28	0.02209	0.02231	0.04195	0.43140	0.06980	0.02520	0.17027	0.02992	0.02295	0.02992	0.02016	0.02917	0.01512	0.01040	0.01148	0.00365	0.01566	0.01062	0.00504	0.01287
29	0.03054	0.02981	0.04417	0.03388	0.04062	0.07285	0.19760	0.16094	0.03030	0.04078	0.02048	0.02616	0.01623	0.01331	0.01887	0.00382	0.18752	0.01062	0.00675	0.01476
30	0.02574	0.02941	0.06434	0.04596	0.05699	0.02757	0.50919	0.03493	0.02574	0.03493	0.02206	0.02941	0.01654	0.00919	0.01287	0.00368	0.01838	0.01287	0.00551	0.01471
31	0.01361	0.00974	0.01295	0.01496	0.01589	0.00907	0.01015	0.01601	0.02240	0.03026	0.13381	0.52906	0.07681	0.03235	0.01376	0.00428	0.00615	0.02928	0.01041	0.00907
32	0.08320	0.12045	0.21507	0.02411	0.03525	0.02737	0.02541	0.13655	0.03027	0.16299	0.02544	0.02577	0.01773	0.01149	0.00987	0.00323	0.01247	0.00862	0.00814	0.01656
33	0.02984	0.01917	0.02491	0.13659	0.03536	0.02034	0.01831	0.13524	0.06596	0.15609	0.11345	0.12176	0.04109	0.01725	0.01166	0.00359	0.00984	0.01474	0.01030	0.01450
34	0.01511	0.01026	0.01211	0.01285	0.01303	0.01007	0.00763	0.01566	0.01731	0.02308	0.04183	0.22759	0.04907	0.44771	0.04343	0.00879	0.00934	0.02025	0.00763	0.00726
35	0.13121	0.02924	0.03043	0.02361	0.03206	0.03253	0.01950	0.44634	0.04676	0.06599	0.02467	0.02501	0.01762	0.01268	0.01034	0.00329	0.01151	0.00928	0.01034	0.01762
36	0.08403	0.02634	0.06793	0.02653	0.03179	0.02881	0.05504	0.10100	0.06285	0.11313	0.02328	0.02717	0.01805	0.01514	0.02131	0.00401	0.26154	0.00983	0.00755	0.01466
37	0.04892	0.01856	0.02530	0.01940	0.02783	0.01603	0.01603	0.05314	0.03121	0.55634	0.04302	0.03711	0.02699	0.01350	0.01096	0.00337	0.00928	0.01096	0.01350	0.01856
38	0.01320	0.00981	0.01232	0.01432	0.01559	0.00893	0.00974	0.01528	0.02171	0.02817	0.07061	0.50432	0.17070	0.03279	0.01370	0.00427	0.00616	0.02933	0.01012	0.00893
39	0.02686	0.03045	0.05257	0.03954	0.04853	0.10869	0.36461	0.03448	0.02643	0.03334	0.02635	0.04126	0.02275	0.01249	0.01272	0.00374	0.01739	0.07790	0.00618	0.01373
40	0.03403	0.02685	0.02855	0.02359	0.03099	0.03035	0.01893	0.27710	0.29868	0.05675	0.03560	0.03369	0.02618	0.01397	0.01100	0.00349	0.01025	0.01112	0.01100	0.01788
41	0.69383	0.02109	0.01603	0.01434	0.02109	0.02446	0.01181	0.03205	0.01856	0.04892	0.01518	0.01771	0.01181	0.01012	0.00675	0.00337	0.00843	0.00590	0.00675	0.01181
42	0.02466	0.03689	0.20170	0.04184	0.05427	0.02695	0.37933	0.03482	0.02498	0.03482	0.02137	0.02764	0.01579	0.00951	0.01217	0.00361	0.01775	0.01154	0.00526	0.01510
43	0.01506	0.01077	0.01461	0.01667	0.01822	0.01033	0.01271	0.01848	0.02371	0.03167	0.12573	0.36926	0.07312	0.03113	0.01417	0.00449	0.00744	0.18262	0.01035	0.00946
44	0.03074	0.54475	0.05353	0.01995	0.02877	0.11605	0.01899	0.03415	0.02336	0.02580	0.01539	0.01779	0.01400	0.00959	0.00739	0.00240	0.01276	0.00599	0.00480	0.01381
45	0.02291	0.01293	0.01703	0.01730	0.02034	0.01225	0.01299	0.02775	0.05860	0.14953	0.05482	0.37310	0.05792	0.02759	0.01321	0.00422	0.00767	0.08711	0.01094	0.01180
46	0.08666	0.02620	0.02904	0.02264	0.03097	0.02796	0.01862	0.32512	0.07771	0.19567	0.03121	0.02955	0.02139	0.01312	0.01065	0.00334	0.01079	0.01004	0.01133	0.01800
47	0.02574	0.02941	0.06434	0.04596	0.05699	0.02757	0.50919	0.03493	0.02574	0.03493	0.02206	0.02941	0.01654	0.00919	0.01287	0.00368	0.01838	0.01287	0.00551	0.01471
48	0.01586	0.01057	0.01189	0.01189	0.01189	0.01057	0.00661	0.01586	0.01586	0.02114	0.03436	0.07135	0.03964	0.61681	0.05550	0.01057	0.01057	0.01586	0.00661	0.00661
49	0.69383	0.02109	0.01603	0.01434	0.02109	0.02446	0.01181	0.03205	0.01856	0.04892	0.01518	0.01771	0.01181	0.01012	0.00675	0.00337	0.00843	0.00590	0.00675	0.01181
50	0.01361	0.00974	0.01295	0.01496	0.01589	0.00907	0.01015	0.01601	0.02240	0.03026	0.13381	0.52906	0.07681	0.03235	0.01376	0.00428	0.00615	0.02928	0.01041	0.00907
51	0.02916	0.06904	0.03876	0.15986	0.15039	0.02444	0.09071	0.06358	0.02634	0.11451	0.02368	0.02793	0.01771	0.01043	0.01046	0.00311	0.01264	0.00958	0.00696	0.11074
52	0.03985	0.02216	0.06547	0.02135	0.03078	0.01716	0.05073	0.04514	0.02843	0.37347	0.03492	0.03252	0.02305	0.01183	0.01044	0.00303	0.01013	0.00993	0.01083	0.15878

[dist]
# distance from previous block
# <min> <max>
6	10

[block]
# block no. 7 follows, 12 sequences, length 17
# corresponding to MSA columns:
# 520-536
name=unknown_H
#
# <colnr> <probs for GDERKNQSTAVLIFYWHMCP>
#	G	D	E	R	K	N	Q	S	T	A	V	L	I	F	Y	W	H	M	C	P
0	0.03055	0.33929	0.10499	0.02529	0.08026	0.03362	0.02202	0.03907	0.09029	0.10297	0.02383	0.02477	0.01860	0.01077	0.00883	0.00287	0.01157	0.00802	0.00678	0.01560
1	0.01550	0.01042	0.01200	0.01234	0.01243	0.01034	0.00709	0.01576	0.01654	0.02206	0.03788	0.14512	0.04409	0.53697	0.04980	0.00973	0.00999	0.01793	0.00709	0.00692
2	0.01328	0.00949	0.01265	0.01518	0.01581	0.00886	0.01012	0.01518	0.02088	0.02783	0.06010	0.60969	0.07212	0.03416	0.01392	0.00443	0.00633	0.03100	0.01012	0.00886
3	0.02936	0.02884	0.10261	0.13078	0.10744	0.06632	0.02476	0.09640	0.09885	0.09936	0.07851	0.03463	0.02807	0.01294	0.01096	0.00341	0.01227	0.01079	0.00826	0.01544
4	0.12227	0.01984	0.02486	0.01929	0.02756	0.01847	0.01593	0.08888	0.03142	0.45762	0.03842	0.03398	0.02455	0.01307	0.01048	0.00337	0.00941	0.01029	0.01251	0.01778
5	0.01297	0.01071	0.01139	0.01193	0.01496	0.00913	0.00868	0.01555	0.02400	0.02911	0.09966	0.21317	0.44310	0.02902	0.01311	0.00384	0.00570	0.02472	0.01012	0.00913
6	0.02514	0.08772	0.09287	0.03897	0.08923	0.02642	0.31473	0.03324	0.02470	0.03482	0.02290	0.02906	0.01770	0.00982	0.01119	0.00333	0.01525	0.01115	0.09741	0.01434
7	0.03014	0.07410	0.13747	0.09738	0.13591	0.07212	0.02656	0.04148	0.11760	0.11886	0.02749	0.02928	0.02026	0.01162	0.01045	0.00333	0.01285	0.00956	0.00749	0.01603
8	0.02405	0.03467	0.24032	0.03141	0.04203	0.02179	0.17969	0.03261	0.02426	0.08528	0.03085	0.14458	0.02773	0.01510	0.01193	0.00371	0.01418	0.01448	0.00689	0.01445
9	0.02685	0.01376	0.01845	0.01623	0.02076	0.01243	0.01291	0.03167	0.03043	0.21430	0.32898	0.07059	0.07361	0.02010	0.01244	0.00356	0.00700	0.06057	0.01231	0.01303
10	0.12019	0.25025	0.18087	0.02588	0.06756	0.07133	0.02485	0.08168	0.02559	0.03623	0.01791	0.02065	0.01432	0.01025	0.00870	0.00296	0.01310	0.00717	0.00567	0.01483
11	0.09315	0.17225	0.13660	0.14314	0.08779	0.09223	0.06657	0.03348	0.02341	0.03178	0.01804	0.02291	0.01435	0.01015	0.00951	0.00315	0.01432	0.00807	0.00514	0.01397
12	0.02666	0.04070	0.27278	0.04051	0.14791	0.02719	0.13482	0.10633	0.02821	0.03998	0.02128	0.02564	0.01579	0.01039	0.01106	0.00343	0.01534	0.00967	0.00590	0.01642
13	0.02701	0.07999	0.14626	0.19762	0.08961	0.02457	0.02705	0.06460	0.02545	0.09408	0.02231	0.02646	0.01647	0.01061	0.01006	0.00312	0.01284	0.00873	0.00643	0.10671
14	0.29651	0.02762	0.09987	0.09632	0.03701	0.02551	0.05528	0.11365	0.02673	0.09525	0.02131	0.02402	0.01535	0.01101	0.00931	0.00342	0.01166	0.00832	0.00746	0.01441
15	0.21263	0.03087	0.09643	0.03191	0.11220	0.07792	0.09449	0.08435	0.02699	0.10117	0.02197	0.02473	0.01620	0.01074	0.00989	0.00334	0.01304	0.00884	0.00719	0.01510
16	0.10896	0.12467	0.19119	0.08429	0.08276	0.10128	0.02672	0.03656	0.02441	0.09315	0.02078	0.02367	0.01551	0.01066	0.00952	0.00318	0.01381	0.00797	0.00612	0.01480

[dist]
# distance from previous block
# <min> <max>
4	44

# created by:
# /st0/software/busco_prod/Augustus/scripts/msa2prfl.pl ./align_prep/10033.fa
