[name]
unknown

[dist]
# distance from previous block
# <min> <max>
0	46

[block]
# block no. 0 follows, 13 sequences, length 45
# corresponding to MSA columns:
# 48-92
name=unknown_A
#
# <colnr> <probs for GDERKNQSTAVLIFYWHMCP>
#	G	D	E	R	K	N	Q	S	T	A	V	L	I	F	Y	W	H	M	C	P
0	0.07742	0.06935	0.12323	0.02231	0.03002	0.12319	0.02087	0.03875	0.06515	0.16412	0.03227	0.04388	0.02678	0.01479	0.01056	0.00344	0.01219	0.09915	0.00836	0.01415
1	0.11645	0.06371	0.02724	0.02265	0.07352	0.02075	0.01692	0.04675	0.10148	0.34804	0.03495	0.03210	0.02363	0.01228	0.00989	0.00323	0.00929	0.00980	0.01070	0.01663
2	0.03787	0.02201	0.02564	0.02090	0.02827	0.02296	0.01686	0.14267	0.23320	0.27118	0.03916	0.03534	0.02700	0.01350	0.01067	0.00338	0.00925	0.01094	0.01171	0.01750
3	0.03908	0.02805	0.03035	0.02364	0.03179	0.03089	0.01941	0.44133	0.10510	0.09768	0.02850	0.02771	0.02017	0.01291	0.01060	0.00323	0.01108	0.00987	0.01077	0.01784
4	0.01360	0.01058	0.01255	0.01381	0.01626	0.00953	0.01052	0.01651	0.02301	0.02877	0.08152	0.25927	0.30535	0.02918	0.01325	0.00407	0.00654	0.12688	0.00980	0.00900
5	0.02616	0.03248	0.13377	0.04013	0.05129	0.02711	0.39513	0.09047	0.02741	0.03757	0.02150	0.02725	0.01588	0.00951	0.01190	0.00349	0.01679	0.01145	0.00582	0.01489
6	0.01538	0.01025	0.01153	0.01153	0.01153	0.01025	0.00641	0.01538	0.01538	0.02050	0.03331	0.06919	0.03844	0.62842	0.05382	0.01025	0.01025	0.01538	0.00641	0.00641
7	0.01352	0.01075	0.01213	0.01179	0.01491	0.00936	0.00884	0.01716	0.02652	0.03431	0.29380	0.09230	0.36790	0.02463	0.01249	0.00347	0.00520	0.02099	0.01057	0.00936
8	0.02504	0.02397	0.04087	0.16321	0.47301	0.02482	0.03189	0.03146	0.02354	0.03317	0.01969	0.02654	0.01626	0.00963	0.01049	0.00321	0.01284	0.00942	0.00514	0.01583
9	0.62561	0.09100	0.02012	0.01439	0.02122	0.02580	0.01221	0.03115	0.01839	0.04485	0.01472	0.01715	0.01169	0.00973	0.00657	0.00316	0.00854	0.00572	0.00631	0.01169
10	0.02014	0.01741	0.02505	0.02338	0.07016	0.01702	0.08688	0.08197	0.06513	0.03794	0.15849	0.11287	0.20045	0.01976	0.01206	0.00350	0.00869	0.01764	0.00930	0.01213
11	0.02978	0.13210	0.15613	0.02316	0.03188	0.18368	0.02214	0.06768	0.02753	0.06766	0.08120	0.02811	0.02472	0.01164	0.00955	0.00283	0.01335	0.00865	0.00669	0.07150
12	0.02121	0.05469	0.57364	0.03014	0.04576	0.02455	0.03906	0.03348	0.02232	0.03348	0.01897	0.02232	0.01339	0.01005	0.01005	0.00335	0.01563	0.00781	0.00446	0.01563
13	0.02522	0.02130	0.02354	0.01880	0.02669	0.02070	0.01489	0.07902	0.24230	0.04112	0.02946	0.02953	0.02280	0.01094	0.00927	0.00254	0.00836	0.00890	0.00849	0.35612
14	0.03261	0.02470	0.02661	0.02227	0.02925	0.02769	0.01779	0.21566	0.33698	0.09165	0.03694	0.03441	0.02696	0.01369	0.01069	0.00342	0.00952	0.01103	0.01087	0.01725
15	0.01519	0.01234	0.01747	0.01537	0.01887	0.01117	0.05477	0.01990	0.02794	0.03796	0.38972	0.08061	0.21465	0.02187	0.01248	0.00341	0.00622	0.01939	0.01060	0.01007
16	0.02192	0.01879	0.02192	0.01566	0.02506	0.01409	0.01253	0.02662	0.02192	0.03445	0.01879	0.02192	0.01566	0.00783	0.00783	0.00157	0.00783	0.00626	0.00626	0.69305
17	0.02447	0.32288	0.33405	0.02457	0.03715	0.03254	0.02937	0.03264	0.02193	0.02950	0.01700	0.01984	0.01347	0.00958	0.00854	0.00285	0.01363	0.00681	0.00449	0.01467
18	0.01496	0.01081	0.01413	0.01330	0.01580	0.00998	0.00998	0.01995	0.02993	0.04240	0.55689	0.07898	0.09976	0.02162	0.01247	0.00333	0.00499	0.01912	0.01164	0.00998
19	0.02480	0.02276	0.03686	0.29909	0.29376	0.02515	0.02987	0.07860	0.02529	0.03436	0.01994	0.02699	0.01569	0.01025	0.01052	0.00331	0.01315	0.00942	0.00552	0.01465
20	0.01288	0.00920	0.01227	0.01472	0.01534	0.00859	0.00981	0.01472	0.02024	0.02699	0.05828	0.62152	0.06993	0.03312	0.01350	0.00429	0.00613	0.03006	0.00981	0.00859
21	0.02679	0.02288	0.02530	0.07881	0.03237	0.02654	0.01824	0.09099	0.45264	0.04433	0.03924	0.03722	0.02935	0.01384	0.01073	0.00355	0.00919	0.01151	0.01015	0.01635
22	0.02068	0.01952	0.03300	0.54121	0.12905	0.02368	0.02972	0.02764	0.02148	0.02788	0.01892	0.02796	0.01440	0.01044	0.01056	0.00348	0.01392	0.00940	0.00476	0.01232
23	0.04140	0.02769	0.03054	0.02341	0.03183	0.02993	0.01934	0.44825	0.04648	0.15016	0.02810	0.02714	0.01934	0.01276	0.01059	0.00319	0.01120	0.00970	0.01099	0.01798
24	0.02185	0.02071	0.03511	0.43968	0.22144	0.02399	0.03030	0.02866	0.02203	0.02930	0.01913	0.02758	0.01490	0.01022	0.01054	0.00341	0.01363	0.00940	0.00486	0.01326
25	0.02895	0.44838	0.04627	0.01971	0.02776	0.09196	0.01803	0.03787	0.13235	0.02905	0.02083	0.02191	0.01752	0.01034	0.00789	0.00259	0.01145	0.00710	0.00593	0.01411
26	0.70310	0.02045	0.01554	0.01390	0.02045	0.02372	0.01145	0.03108	0.01799	0.04744	0.01472	0.01718	0.01145	0.00981	0.00654	0.00327	0.00818	0.00573	0.00654	0.01145
27	0.09079	0.02475	0.02690	0.02166	0.02923	0.02696	0.01761	0.26665	0.17895	0.15582	0.03252	0.03063	0.02296	0.01299	0.01031	0.00331	0.00995	0.01010	0.01079	0.01712
28	0.03989	0.03864	0.03096	0.02559	0.03274	0.27309	0.02024	0.31653	0.04113	0.04893	0.02146	0.02264	0.01609	0.01191	0.01012	0.00298	0.01486	0.00834	0.00835	0.01549
29	0.70310	0.02045	0.01554	0.01390	0.02045	0.02372	0.01145	0.03108	0.01799	0.04744	0.01472	0.01718	0.01145	0.00981	0.00654	0.00327	0.00818	0.00573	0.00654	0.01145
30	0.02781	0.02293	0.02447	0.02132	0.02744	0.02607	0.01676	0.13700	0.41187	0.04806	0.08350	0.04030	0.03546	0.01467	0.01087	0.00349	0.00866	0.01213	0.01080	0.01638
31	0.04744	0.01799	0.02454	0.01881	0.02699	0.01554	0.01554	0.05153	0.03026	0.56979	0.04171	0.03599	0.02617	0.01309	0.01063	0.00327	0.00900	0.01063	0.01309	0.01799
32	0.02058	0.01669	0.02126	0.01856	0.02208	0.01754	0.06132	0.06294	0.16300	0.03242	0.04097	0.10040	0.06899	0.27290	0.02926	0.00640	0.00993	0.01538	0.00826	0.01110
33	0.01513	0.01015	0.01160	0.01184	0.01191	0.01009	0.00674	0.01531	0.01585	0.02114	0.03576	0.12340	0.04153	0.57000	0.04986	0.00967	0.00985	0.01682	0.00674	0.00662
34	0.01616	0.01256	0.01574	0.06386	0.02144	0.01256	0.01187	0.02265	0.08469	0.03486	0.26041	0.12531	0.18234	0.02325	0.01428	0.05282	0.00665	0.01858	0.00984	0.01014
35	0.01538	0.01025	0.01153	0.01153	0.01153	0.01025	0.00641	0.01538	0.01538	0.02050	0.03331	0.06919	0.03844	0.62842	0.05382	0.01025	0.01025	0.01538	0.00641	0.00641
36	0.02880	0.17978	0.13857	0.03148	0.11800	0.02885	0.08441	0.10629	0.02725	0.07307	0.02084	0.02370	0.01602	0.00998	0.00953	0.00289	0.01265	0.00841	0.00634	0.07313
37	0.03459	0.09247	0.15599	0.02676	0.03526	0.33239	0.02445	0.11350	0.03060	0.03376	0.01820	0.02061	0.01423	0.01084	0.00960	0.00290	0.01656	0.00736	0.00594	0.01400
38	0.02353	0.01975	0.02279	0.01642	0.02574	0.01574	0.01320	0.07075	0.02437	0.03729	0.01937	0.02223	0.01587	0.00826	0.00807	0.00171	0.00817	0.00655	0.00664	0.63355
39	0.09556	0.22725	0.03726	0.02069	0.02914	0.03291	0.01813	0.26279	0.03526	0.11150	0.02287	0.02315	0.01693	0.01128	0.00898	0.00289	0.01091	0.00804	0.00852	0.01595
40	0.01369	0.01076	0.01236	0.01196	0.01501	0.00943	0.00897	0.01748	0.02691	0.03524	0.32433	0.09075	0.33679	0.02428	0.01248	0.00345	0.00518	0.02077	0.01070	0.00943
41	0.01538	0.01025	0.01153	0.01153	0.01153	0.01025	0.00641	0.01538	0.01538	0.02050	0.03331	0.06919	0.03844	0.62842	0.05382	0.01025	0.01025	0.01538	0.00641	0.00641
42	0.02268	0.04438	0.37228	0.03582	0.04950	0.02541	0.23008	0.03364	0.02336	0.03364	0.01993	0.02476	0.01444	0.00960	0.01100	0.00343	0.01649	0.00965	0.00481	0.01509
43	0.04324	0.02710	0.07274	0.02162	0.03007	0.10034	0.01876	0.10328	0.03178	0.38826	0.03426	0.03118	0.02234	0.01247	0.01042	0.00319	0.01131	0.00972	0.01097	0.01697
44	0.13216	0.02764	0.07314	0.02172	0.03039	0.02669	0.01903	0.28150	0.07346	0.11440	0.02586	0.02586	0.01841	0.01179	0.00973	0.00310	0.01060	0.00884	0.00940	0.07626

[dist]
# distance from previous block
# <min> <max>
0	2

[block]
# block no. 1 follows, 13 sequences, length 65
# corresponding to MSA columns:
# 95-159
name=unknown_B
#
# <colnr> <probs for GDERKNQSTAVLIFYWHMCP>
#	G	D	E	R	K	N	Q	S	T	A	V	L	I	F	Y	W	H	M	C	P
0	0.02095	0.01938	0.07049	0.02293	0.02862	0.01619	0.09344	0.02838	0.06600	0.06893	0.04284	0.18287	0.04336	0.02117	0.01248	0.00392	0.01035	0.16650	0.00865	0.07254
1	0.64740	0.02122	0.01690	0.01478	0.02148	0.02448	0.01218	0.07277	0.02066	0.04905	0.01562	0.01787	0.01200	0.01006	0.00688	0.00326	0.00847	0.00604	0.00688	0.01200
2	0.02717	0.54439	0.13615	0.01997	0.03004	0.03914	0.02136	0.03194	0.02161	0.02622	0.01537	0.01780	0.01354	0.00920	0.00729	0.00243	0.01198	0.00599	0.00451	0.01389
3	0.01250	0.01071	0.01071	0.01071	0.01428	0.00893	0.00803	0.01517	0.02410	0.02856	0.10711	0.10175	0.55817	0.02678	0.01250	0.00357	0.00536	0.02231	0.00982	0.00893
4	0.02630	0.02271	0.02391	0.02152	0.02749	0.02630	0.01674	0.05618	0.54336	0.04423	0.04303	0.03945	0.03228	0.01434	0.01076	0.00359	0.00837	0.01195	0.01076	0.01674
5	0.70310	0.02045	0.01554	0.01390	0.02045	0.02372	0.01145	0.03108	0.01799	0.04744	0.01472	0.01718	0.01145	0.00981	0.00654	0.00327	0.00818	0.00573	0.00654	0.01145
6	0.01456	0.01040	0.01420	0.01664	0.01799	0.01004	0.01274	0.01763	0.02190	0.02887	0.05735	0.41833	0.06626	0.03154	0.01394	0.00453	0.00759	0.21666	0.00978	0.00905
7	0.01527	0.01066	0.01359	0.01359	0.01430	0.01137	0.00897	0.01670	0.01599	0.02203	0.03143	0.05876	0.03391	0.42133	0.25471	0.01279	0.01707	0.01385	0.00613	0.00755
8	0.01477	0.01055	0.01443	0.01688	0.01832	0.01021	0.01309	0.01798	0.02210	0.02910	0.05723	0.39370	0.06581	0.03135	0.01400	0.00455	0.00777	0.23927	0.00978	0.00911
9	0.02603	0.06997	0.02406	0.01935	0.02447	0.15380	0.01513	0.07514	0.14837	0.03754	0.16005	0.05024	0.11995	0.01654	0.01082	0.00319	0.01015	0.01328	0.00909	0.01283
10	0.02827	0.63478	0.05540	0.01809	0.02714	0.04184	0.01809	0.03166	0.02148	0.02488	0.01470	0.01696	0.01357	0.00905	0.00678	0.00226	0.01131	0.00565	0.00452	0.01357
11	0.02465	0.30983	0.30142	0.02599	0.03829	0.03240	0.06993	0.03271	0.02217	0.02970	0.01728	0.02046	0.01369	0.00951	0.00880	0.00288	0.01389	0.00724	0.00456	0.01460
12	0.02121	0.05469	0.57364	0.03014	0.04576	0.02455	0.03906	0.03348	0.02232	0.03348	0.01897	0.02232	0.01339	0.01005	0.01005	0.00335	0.01563	0.00781	0.00446	0.01563
13	0.70310	0.02045	0.01554	0.01390	0.02045	0.02372	0.01145	0.03108	0.01799	0.04744	0.01472	0.01718	0.01145	0.00981	0.00654	0.00327	0.00818	0.00573	0.00654	0.01145
14	0.02389	0.03782	0.28360	0.02559	0.03612	0.02547	0.02728	0.04546	0.29722	0.03915	0.03167	0.03136	0.02336	0.01231	0.01042	0.00347	0.01180	0.01000	0.00779	0.01621
15	0.01376	0.01024	0.01302	0.01490	0.01662	0.00950	0.01108	0.01650	0.02209	0.02844	0.06904	0.38428	0.18081	0.03074	0.01352	0.00426	0.00679	0.13567	0.00980	0.00893
16	0.03375	0.02734	0.03369	0.02635	0.03436	0.02993	0.09090	0.31201	0.19802	0.05507	0.03024	0.03016	0.02210	0.01266	0.01090	0.00336	0.01151	0.01069	0.00989	0.01707
17	0.02630	0.02271	0.02391	0.02152	0.02749	0.02630	0.01674	0.05618	0.54336	0.04423	0.04303	0.03945	0.03228	0.01434	0.01076	0.00359	0.00837	0.01195	0.01076	0.01674
18	0.01836	0.01438	0.01707	0.01577	0.01931	0.01487	0.01200	0.03082	0.18397	0.04295	0.40272	0.06712	0.07952	0.01943	0.01196	0.00340	0.00600	0.01697	0.01137	0.01200
19	0.02767	0.58604	0.09895	0.01910	0.02870	0.04038	0.01985	0.03181	0.02155	0.02560	0.01506	0.01741	0.01355	0.00913	0.00706	0.00235	0.01167	0.00584	0.00452	0.01374
20	0.01496	0.01081	0.01413	0.01330	0.01580	0.00998	0.00998	0.01995	0.02993	0.04240	0.55689	0.07898	0.09976	0.02162	0.01247	0.00333	0.00499	0.01912	0.01164	0.00998
21	0.03013	0.03361	0.04135	0.04507	0.24306	0.20261	0.13126	0.03783	0.06976	0.03248	0.02103	0.02554	0.01692	0.01019	0.01062	0.00314	0.01538	0.00946	0.00579	0.01480
22	0.04497	0.01727	0.02323	0.01802	0.02569	0.01503	0.01482	0.04914	0.02954	0.52264	0.04107	0.03629	0.02626	0.01302	0.01034	0.00320	0.00864	0.01056	0.07300	0.01727
23	0.02617	0.02512	0.04292	0.06490	0.56246	0.02512	0.03245	0.03245	0.02407	0.03454	0.01989	0.02617	0.01675	0.00942	0.01047	0.00314	0.01256	0.00942	0.00523	0.01675
24	0.01538	0.01025	0.01153	0.01153	0.01153	0.01025	0.00641	0.01538	0.01538	0.02050	0.03331	0.06919	0.03844	0.62842	0.05382	0.01025	0.01025	0.01538	0.00641	0.00641
25	0.01636	0.01210	0.01475	0.01420	0.01697	0.01153	0.01054	0.06313	0.02861	0.03896	0.32828	0.19961	0.15646	0.02420	0.01254	0.00357	0.00589	0.02122	0.01085	0.01021
26	0.03950	0.05039	0.02996	0.02724	0.03269	0.58597	0.02043	0.04222	0.02996	0.02588	0.01634	0.01907	0.01362	0.01090	0.00953	0.00272	0.01907	0.00681	0.00545	0.01226
27	0.70310	0.02045	0.01554	0.01390	0.02045	0.02372	0.01145	0.03108	0.01799	0.04744	0.01472	0.01718	0.01145	0.00981	0.00654	0.00327	0.00818	0.00573	0.00654	0.01145
28	0.02570	0.02465	0.04208	0.10515	0.52584	0.02500	0.03222	0.03204	0.02386	0.03398	0.01981	0.02632	0.01655	0.00951	0.01048	0.00317	0.01268	0.00942	0.00519	0.01637
29	0.02192	0.01879	0.02192	0.01566	0.02506	0.01409	0.01253	0.02662	0.02192	0.03445	0.01879	0.02192	0.01566	0.00783	0.00783	0.00157	0.00783	0.00626	0.00626	0.69305
30	0.02642	0.20543	0.04923	0.03236	0.08110	0.03001	0.21230	0.07166	0.06448	0.03532	0.06880	0.02996	0.02416	0.01082	0.01036	0.00310	0.01315	0.01053	0.00646	0.01435
31	0.18931	0.01934	0.02676	0.06548	0.10513	0.01951	0.06181	0.03593	0.02366	0.20284	0.02770	0.03169	0.02062	0.05611	0.01270	0.00374	0.01021	0.00967	0.06376	0.01401
32	0.01250	0.01071	0.01071	0.01071	0.01428	0.00893	0.00803	0.01517	0.02410	0.02856	0.10711	0.10175	0.55817	0.02678	0.01250	0.00357	0.00536	0.02231	0.00982	0.00893
33	0.02121	0.05469	0.57364	0.03014	0.04576	0.02455	0.03906	0.03348	0.02232	0.03348	0.01897	0.02232	0.01339	0.01005	0.01005	0.00335	0.01563	0.00781	0.00446	0.01563
34	0.04313	0.01690	0.02276	0.01779	0.02516	0.01474	0.01457	0.04734	0.02969	0.49441	0.07976	0.03944	0.03174	0.01367	0.01055	0.00322	0.00842	0.01121	0.05864	0.01684
35	0.02417	0.02329	0.03965	0.22408	0.32332	0.02486	0.07390	0.03288	0.06626	0.03298	0.02160	0.02810	0.01716	0.01014	0.01070	0.00333	0.01315	0.00989	0.00554	0.01500
36	0.01515	0.01116	0.01612	0.01612	0.01771	0.01274	0.01213	0.01832	0.01674	0.02390	0.02912	0.04594	0.02834	0.16671	0.50172	0.01592	0.02544	0.01197	0.00578	0.00896
37	0.01929	0.01808	0.02033	0.01813	0.02181	0.09476	0.05418	0.02407	0.02864	0.03739	0.36127	0.07096	0.11502	0.01999	0.01220	0.00339	0.00846	0.05152	0.00994	0.01056
38	0.01704	0.01217	0.01704	0.01947	0.02191	0.01217	0.01704	0.02191	0.02434	0.03164	0.05598	0.11926	0.06085	0.02921	0.01460	0.00487	0.00974	0.49130	0.00974	0.00974
39	0.02197	0.02084	0.03533	0.42928	0.23090	0.02402	0.03036	0.02877	0.02209	0.02944	0.01915	0.02754	0.01495	0.01020	0.01054	0.00340	0.01360	0.00940	0.00487	0.01336
40	0.03809	0.02857	0.03055	0.02390	0.03199	0.03181	0.01959	0.45602	0.12432	0.06325	0.02805	0.02751	0.02014	0.01294	0.01060	0.00324	0.01114	0.00989	0.01060	0.01779
41	0.07765	0.03036	0.11769	0.02824	0.03772	0.02695	0.13842	0.18303	0.12077	0.09113	0.02716	0.02839	0.01953	0.01153	0.01070	0.00338	0.01265	0.01020	0.00840	0.01610
42	0.02278	0.01991	0.02130	0.06314	0.02485	0.11176	0.05370	0.02505	0.02094	0.06424	0.03512	0.05438	0.07323	0.32801	0.03283	0.00682	0.01218	0.01344	0.00680	0.00953
43	0.02227	0.14237	0.49531	0.02832	0.04295	0.02717	0.03589	0.03321	0.02220	0.03218	0.01833	0.02151	0.01342	0.00989	0.00955	0.00318	0.01497	0.00749	0.00447	0.01531
44	0.01837	0.00918	0.01377	0.01377	0.01377	0.00918	0.00918	0.01377	0.01377	0.01837	0.01837	0.03214	0.01837	0.03673	0.04132	0.69238	0.00918	0.00918	0.00459	0.00459
45	0.03045	0.44391	0.09150	0.02132	0.03002	0.17402	0.02038	0.03440	0.02363	0.02582	0.01545	0.01792	0.01357	0.00958	0.00773	0.00246	0.01357	0.00611	0.00475	0.01341
46	0.01997	0.01879	0.03171	0.60301	0.07282	0.02349	0.02936	0.02701	0.02114	0.02701	0.01879	0.02819	0.01409	0.01057	0.01057	0.00352	0.01409	0.00940	0.00470	0.01175
47	0.01538	0.01025	0.01153	0.01153	0.01153	0.01025	0.00641	0.01538	0.01538	0.02050	0.03331	0.06919	0.03844	0.62842	0.05382	0.01025	0.01025	0.01538	0.00641	0.00641
48	0.01636	0.01195	0.01609	0.01816	0.02076	0.01168	0.01569	0.02089	0.02430	0.03118	0.06366	0.11663	0.13554	0.02884	0.01429	0.00467	0.00908	0.42086	0.00975	0.00961
49	0.01997	0.01879	0.03171	0.60301	0.07282	0.02349	0.02936	0.02701	0.02114	0.02701	0.01879	0.02819	0.01409	0.01057	0.01057	0.00352	0.01409	0.00940	0.00470	0.01175
50	0.01538	0.01025	0.01153	0.01153	0.01153	0.01025	0.00641	0.01538	0.01538	0.02050	0.03331	0.06919	0.03844	0.62842	0.05382	0.01025	0.01025	0.01538	0.00641	0.00641
51	0.01704	0.01217	0.01704	0.01947	0.02191	0.01217	0.01704	0.02191	0.02434	0.03164	0.05598	0.11926	0.06085	0.02921	0.01460	0.00487	0.00974	0.49130	0.00974	0.00974
52	0.02577	0.22328	0.33077	0.02494	0.03723	0.02918	0.02913	0.03619	0.06526	0.07326	0.02142	0.02317	0.01598	0.01033	0.00917	0.00304	0.01322	0.00772	0.00566	0.01528
53	0.01997	0.01879	0.03171	0.60301	0.07282	0.02349	0.02936	0.02701	0.02114	0.02701	0.01879	0.02819	0.01409	0.01057	0.01057	0.00352	0.01409	0.00940	0.00470	0.01175
54	0.01510	0.01133	0.01699	0.01699	0.01888	0.01322	0.01322	0.01888	0.01699	0.02454	0.02832	0.04154	0.02643	0.07930	0.58652	0.01699	0.02832	0.01133	0.00566	0.00944
55	0.04684	0.01895	0.02513	0.01927	0.02747	0.01696	0.01592	0.09070	0.03186	0.52835	0.04037	0.03511	0.02550	0.01305	0.01063	0.00326	0.00921	0.01054	0.01288	0.01799
56	0.02322	0.05187	0.53145	0.02927	0.04432	0.02386	0.03726	0.03487	0.02293	0.07469	0.02072	0.02337	0.01438	0.01028	0.01009	0.00334	0.01512	0.00803	0.00513	0.01581
57	0.02978	0.36733	0.16849	0.02209	0.03224	0.08015	0.02305	0.06801	0.02493	0.06955	0.01851	0.02033	0.01475	0.00997	0.00830	0.00268	0.01279	0.00687	0.00562	0.01456
58	0.03606	0.04044	0.03503	0.03612	0.14830	0.37111	0.06494	0.04018	0.02830	0.07321	0.01962	0.02279	0.01553	0.01059	0.01007	0.00293	0.01673	0.00816	0.00602	0.01387
59	0.60431	0.07000	0.05702	0.01534	0.02270	0.02517	0.01386	0.03129	0.01856	0.04474	0.01501	0.01751	0.01175	0.00977	0.00680	0.00320	0.00893	0.00586	0.00624	0.01190
60	0.01325	0.00947	0.01269	0.01514	0.01592	0.00891	0.01046	0.01536	0.02061	0.02740	0.05807	0.57687	0.06912	0.03278	0.01359	0.00434	0.00645	0.07106	0.00981	0.00869
61	0.70310	0.02045	0.01554	0.01390	0.02045	0.02372	0.01145	0.03108	0.01799	0.04744	0.01472	0.01718	0.01145	0.00981	0.00654	0.00327	0.00818	0.00573	0.00654	0.01145
62	0.01538	0.01025	0.01153	0.01153	0.01153	0.01025	0.00641	0.01538	0.01538	0.02050	0.03331	0.06919	0.03844	0.62842	0.05382	0.01025	0.01025	0.01538	0.00641	0.00641
63	0.03189	0.08354	0.15351	0.02689	0.03660	0.07233	0.09468	0.12079	0.10863	0.12514	0.02711	0.02780	0.01948	0.01145	0.01037	0.00323	0.01304	0.00958	0.00801	0.01592
64	0.02793	0.02453	0.04139	0.06108	0.51812	0.02433	0.03105	0.03403	0.02459	0.07887	0.02170	0.02698	0.01753	0.00972	0.01048	0.00315	0.01227	0.00952	0.00588	0.01685

[dist]
# distance from previous block
# <min> <max>
0	6

# created by:
# /st0/software/busco_prod/Augustus/scripts/msa2prfl.pl ./align_prep/10039.fa
