[name]
unknown

[dist]
# distance from previous block
# <min> <max>
6	137

[block]
# block no. 0 follows, 11 sequences, length 35
# corresponding to MSA columns:
# 149-183
name=unknown_A
#
# <colnr> <probs for GDERKNQSTAVLIFYWHMCP>
#	G	D	E	R	K	N	Q	S	T	A	V	L	I	F	Y	W	H	M	C	P
0	0.02895	0.02586	0.03147	0.08945	0.12559	0.09656	0.04982	0.07202	0.10284	0.07497	0.08050	0.10490	0.03581	0.01601	0.01181	0.00360	0.01219	0.01402	0.00873	0.01489
1	0.19952	0.01969	0.02322	0.01893	0.02573	0.01979	0.04450	0.09086	0.02993	0.17147	0.11591	0.04915	0.11333	0.01635	0.01092	0.00355	0.00906	0.01327	0.01051	0.01432
2	0.09606	0.02213	0.03108	0.10555	0.11155	0.02269	0.05481	0.08638	0.05842	0.17254	0.03975	0.04043	0.08121	0.01408	0.01124	0.00357	0.01128	0.01201	0.00934	0.01585
3	0.03426	0.02335	0.06175	0.03273	0.15470	0.02079	0.02196	0.10170	0.03183	0.20881	0.09542	0.09286	0.03736	0.01587	0.01176	0.00355	0.01054	0.01375	0.01037	0.01665
4	0.09190	0.05938	0.02880	0.02480	0.06606	0.02419	0.04659	0.04441	0.22343	0.10360	0.09254	0.04507	0.07095	0.01528	0.01114	0.00359	0.00953	0.01290	0.01012	0.01571
5	0.03346	0.07088	0.12755	0.09145	0.04018	0.02552	0.05387	0.04218	0.06848	0.20630	0.02973	0.03116	0.02099	0.01335	0.01457	0.00370	0.09150	0.01028	0.00858	0.01626
6	0.02529	0.02560	0.08579	0.09870	0.03475	0.08495	0.02101	0.03374	0.07497	0.08129	0.06658	0.03912	0.02952	0.03807	0.20075	0.00854	0.01919	0.01137	0.00752	0.01326
7	0.01979	0.02233	0.09165	0.09657	0.03685	0.01811	0.09621	0.02667	0.02586	0.03626	0.17863	0.05138	0.07711	0.02386	0.07692	0.00516	0.01347	0.01418	0.00792	0.08105
8	0.03148	0.02490	0.02910	0.09929	0.03703	0.02711	0.02012	0.23305	0.12329	0.05104	0.02861	0.03120	0.02177	0.01955	0.06388	0.00466	0.01320	0.01021	0.00919	0.12130
9	0.02961	0.02190	0.02820	0.08155	0.08230	0.01975	0.01865	0.08812	0.02820	0.10970	0.02432	0.02697	0.01845	0.01019	0.00967	0.00250	0.01017	0.00839	0.00794	0.37342
10	0.03597	0.02844	0.02807	0.02265	0.03046	0.08922	0.01815	0.23307	0.10564	0.09967	0.03834	0.03738	0.07428	0.01449	0.01102	0.00323	0.01138	0.01126	0.01025	0.09703
11	0.03338	0.08667	0.03188	0.02746	0.09753	0.06661	0.01925	0.19247	0.03475	0.09309	0.03732	0.04211	0.08209	0.08639	0.01660	0.00422	0.01184	0.01196	0.00901	0.01537
12	0.02842	0.01970	0.02719	0.18754	0.08467	0.02086	0.02112	0.06382	0.08732	0.14416	0.04979	0.05029	0.13504	0.01618	0.01174	0.00365	0.01073	0.01368	0.00933	0.01477
13	0.02586	0.02174	0.02445	0.02091	0.02673	0.02378	0.01655	0.09489	0.23394	0.04454	0.10225	0.04739	0.08474	0.01679	0.01405	0.00355	0.06823	0.01328	0.01011	0.10622
14	0.09608	0.02042	0.02498	0.08507	0.03275	0.01985	0.01707	0.10447	0.02945	0.17842	0.03239	0.09825	0.02649	0.01446	0.01053	0.00319	0.00988	0.01188	0.00962	0.17475
15	0.27495	0.02297	0.02852	0.02220	0.03065	0.02337	0.07373	0.09860	0.02934	0.24570	0.02929	0.02875	0.01983	0.01208	0.00998	0.00351	0.01075	0.00953	0.01009	0.01616
16	0.03890	0.03177	0.03145	0.02542	0.03344	0.08383	0.02050	0.34022	0.16990	0.06058	0.03094	0.03024	0.02262	0.01378	0.01120	0.00345	0.01225	0.01052	0.01078	0.01821
17	0.02643	0.05282	0.47433	0.03042	0.04595	0.02481	0.03813	0.03830	0.02493	0.10557	0.02354	0.02577	0.01614	0.01114	0.01078	0.00355	0.01566	0.00873	0.00602	0.01698
18	0.01371	0.00979	0.01306	0.01567	0.01632	0.00914	0.01045	0.01567	0.02155	0.02873	0.06203	0.59710	0.07444	0.03526	0.01437	0.00457	0.00653	0.03200	0.01045	0.00914
19	0.02822	0.21283	0.22538	0.03114	0.04352	0.03323	0.13926	0.09141	0.02772	0.03732	0.02029	0.02402	0.01558	0.01044	0.01034	0.00325	0.01530	0.00903	0.00579	0.01594
20	0.10115	0.09269	0.03370	0.09053	0.03630	0.02387	0.07435	0.07200	0.02748	0.18807	0.03157	0.08015	0.02518	0.01910	0.05035	0.00456	0.01299	0.01197	0.00896	0.01504
21	0.01879	0.01109	0.01486	0.01627	0.01804	0.01016	0.01129	0.02108	0.02302	0.09961	0.05960	0.51994	0.06801	0.03232	0.01395	0.00442	0.00695	0.02914	0.01093	0.01052
22	0.07628	0.03551	0.17750	0.09655	0.10936	0.02768	0.19244	0.07934	0.02730	0.03974	0.02151	0.02709	0.01605	0.01051	0.01148	0.00361	0.01588	0.01043	0.00600	0.01575
23	0.03264	0.02426	0.03364	0.21315	0.16656	0.06200	0.02614	0.04133	0.07751	0.16597	0.02912	0.03220	0.02100	0.01210	0.01118	0.00353	0.01295	0.01044	0.00819	0.01610
24	0.01538	0.01060	0.01390	0.01478	0.01583	0.01031	0.01002	0.01738	0.02203	0.03015	0.15614	0.28653	0.06684	0.15221	0.07255	0.05490	0.00944	0.02286	0.00937	0.00878
25	0.04149	0.03088	0.03305	0.02564	0.03441	0.03430	0.02108	0.45857	0.09315	0.06885	0.02866	0.02833	0.02047	0.01366	0.01128	0.00342	0.01208	0.01036	0.01128	0.01903
26	0.03374	0.14478	0.06960	0.02527	0.03282	0.10710	0.02197	0.17002	0.13372	0.04404	0.02552	0.02699	0.01992	0.01342	0.01338	0.00341	0.08065	0.00934	0.00815	0.01616
27	0.01476	0.01087	0.01382	0.01432	0.01641	0.00993	0.01027	0.01852	0.02728	0.03717	0.30240	0.27237	0.15388	0.02819	0.01367	0.00395	0.00580	0.02503	0.01142	0.00993
28	0.01566	0.01130	0.01480	0.01434	0.01676	0.01044	0.01060	0.02056	0.03060	0.04313	0.47142	0.14666	0.10233	0.02450	0.01341	0.00367	0.00546	0.02178	0.01215	0.01044
29	0.01926	0.01547	0.01891	0.01613	0.02172	0.01296	0.01201	0.02284	0.02152	0.03181	0.03363	0.17830	0.03541	0.08646	0.08225	0.00538	0.01080	0.01483	0.00758	0.35274
30	0.02920	0.54572	0.11668	0.02078	0.03124	0.04236	0.02190	0.03393	0.02298	0.02757	0.01619	0.01873	0.01442	0.00976	0.00763	0.00254	0.01258	0.00629	0.00481	0.01470
31	0.02674	0.02173	0.02375	0.02093	0.02664	0.02420	0.01634	0.10959	0.31843	0.04984	0.17516	0.05143	0.05190	0.01714	0.01192	0.00368	0.00840	0.01445	0.01168	0.01603
32	0.02345	0.01717	0.02641	0.03533	0.20595	0.01658	0.01962	0.02724	0.02384	0.09185	0.04275	0.27804	0.04539	0.07323	0.01658	0.00455	0.00976	0.02019	0.00877	0.01329
33	0.02936	0.01886	0.02478	0.02620	0.09444	0.01883	0.01743	0.13453	0.03127	0.13888	0.04507	0.28140	0.04510	0.02273	0.01263	0.00392	0.00939	0.02002	0.01063	0.01454
34	0.08690	0.01759	0.02068	0.01822	0.02309	0.01772	0.01411	0.11693	0.03042	0.15580	0.09886	0.14572	0.04659	0.10106	0.01834	0.00481	0.00925	0.04962	0.01080	0.01348

[dist]
# distance from previous block
# <min> <max>
2	9

[block]
# block no. 1 follows, 11 sequences, length 19
# corresponding to MSA columns:
# 193-211
name=unknown_B
#
# <colnr> <probs for GDERKNQSTAVLIFYWHMCP>
#	G	D	E	R	K	N	Q	S	T	A	V	L	I	F	Y	W	H	M	C	P
0	0.10349	0.09914	0.06649	0.01999	0.02696	0.02039	0.06279	0.02704	0.02551	0.03740	0.14482	0.05887	0.12139	0.01752	0.01119	0.00341	0.00968	0.05531	0.00838	0.08021
1	0.02183	0.02910	0.21255	0.02214	0.02994	0.01652	0.02277	0.02855	0.02477	0.09720	0.09230	0.26182	0.04957	0.02222	0.01251	0.00396	0.01053	0.01943	0.00897	0.01332
2	0.29392	0.02803	0.09879	0.03228	0.13412	0.02459	0.07081	0.03754	0.02395	0.12374	0.02276	0.02543	0.01664	0.01086	0.00966	0.00350	0.01189	0.00877	0.00739	0.01535
3	0.02114	0.01768	0.02100	0.01644	0.02431	0.01367	0.01268	0.02545	0.02293	0.03486	0.02959	0.15417	0.02984	0.01448	0.00971	0.00233	0.00792	0.01244	0.00753	0.52182
4	0.02946	0.02586	0.04720	0.12495	0.28275	0.02570	0.15473	0.03672	0.02629	0.09872	0.02435	0.03012	0.01851	0.01054	0.01175	0.00354	0.01462	0.01106	0.00657	0.01657
5	0.05050	0.01915	0.02612	0.02003	0.02873	0.01654	0.01654	0.05485	0.03221	0.54203	0.04440	0.03831	0.02786	0.01393	0.01132	0.00348	0.00958	0.01132	0.01393	0.01915
6	0.21424	0.01983	0.02364	0.01867	0.02693	0.01879	0.01542	0.04923	0.02884	0.41497	0.03698	0.03313	0.02381	0.01303	0.01019	0.00348	0.00935	0.00997	0.01213	0.01735
7	0.02639	0.02249	0.02406	0.02174	0.02761	0.02568	0.01686	0.05466	0.44960	0.04682	0.11017	0.04761	0.04394	0.01630	0.01170	0.00378	0.00843	0.01374	0.01158	0.01686
8	0.01963	0.01475	0.01789	0.01623	0.01988	0.01482	0.01241	0.06371	0.09692	0.04742	0.42541	0.07405	0.08990	0.02124	0.01288	0.00356	0.00634	0.01855	0.01218	0.01224
9	0.04279	0.03153	0.03378	0.02590	0.03490	0.03490	0.02139	0.49671	0.05292	0.07093	0.02702	0.02702	0.01914	0.01351	0.01126	0.00338	0.01239	0.01013	0.01126	0.01914
10	0.03646	0.01995	0.02727	0.13695	0.03848	0.01939	0.01931	0.07888	0.02930	0.26976	0.03261	0.03356	0.02257	0.01786	0.05335	0.00436	0.01234	0.01022	0.00999	0.12740
11	0.17771	0.02831	0.03285	0.02527	0.03407	0.03067	0.06761	0.31432	0.04133	0.10212	0.02562	0.02645	0.01818	0.01248	0.01056	0.00345	0.01205	0.00970	0.01000	0.01726
12	0.01542	0.01149	0.01434	0.01363	0.01650	0.01040	0.01022	0.02026	0.03066	0.04229	0.44835	0.08875	0.18792	0.02407	0.01328	0.00359	0.00539	0.02101	0.01202	0.01040
13	0.01393	0.00996	0.01326	0.01552	0.01637	0.00929	0.01047	0.01622	0.02257	0.03036	0.10825	0.54625	0.07759	0.03405	0.01426	0.00447	0.00641	0.03084	0.01064	0.00929
14	0.08168	0.01768	0.02343	0.09251	0.08163	0.01788	0.01755	0.06631	0.02711	0.14276	0.04923	0.19265	0.10265	0.02053	0.01201	0.00383	0.00946	0.01769	0.00977	0.01364
15	0.33921	0.02413	0.02589	0.02211	0.02653	0.03016	0.01833	0.08868	0.02261	0.04366	0.01673	0.02192	0.01410	0.01454	0.01953	0.00405	0.23992	0.00811	0.00668	0.01311
16	0.02269	0.01580	0.01801	0.01591	0.02068	0.01530	0.01238	0.08882	0.06848	0.08990	0.22630	0.07801	0.23887	0.02235	0.01270	0.00363	0.00707	0.01883	0.01159	0.01268
17	0.01934	0.01174	0.01547	0.01640	0.01883	0.01078	0.01211	0.02238	0.02473	0.09928	0.10041	0.37505	0.11215	0.03028	0.01393	0.00435	0.00727	0.08366	0.01105	0.01079
18	0.11703	0.02256	0.03166	0.07545	0.10123	0.02405	0.06471	0.07431	0.07649	0.13307	0.09056	0.03702	0.03116	0.01398	0.01307	0.00366	0.05390	0.01160	0.00906	0.01542

[dist]
# distance from previous block
# <min> <max>
1	5

[block]
# block no. 2 follows, 11 sequences, length 18
# corresponding to MSA columns:
# 218-235
name=unknown_C
#
# <colnr> <probs for GDERKNQSTAVLIFYWHMCP>
#	G	D	E	R	K	N	Q	S	T	A	V	L	I	F	Y	W	H	M	C	P
0	0.08967	0.01789	0.06545	0.01833	0.02238	0.01509	0.01521	0.02684	0.06059	0.07288	0.04793	0.28983	0.05133	0.07839	0.01684	0.00487	0.00900	0.07636	0.00956	0.01155
1	0.15612	0.02679	0.03528	0.15742	0.15409	0.07589	0.07792	0.03803	0.10009	0.03835	0.02349	0.02823	0.01827	0.01128	0.01055	0.00354	0.01341	0.00978	0.00667	0.01480
2	0.07527	0.02358	0.08490	0.19871	0.04400	0.02003	0.02188	0.03062	0.02284	0.07289	0.02302	0.03097	0.01863	0.06548	0.01421	0.00369	0.01179	0.00915	0.00651	0.22181
3	0.02107	0.22332	0.03153	0.01751	0.02187	0.02428	0.01467	0.02426	0.01948	0.02552	0.02594	0.04000	0.02548	0.14659	0.27921	0.01133	0.02048	0.01066	0.00574	0.01105
4	0.02624	0.02868	0.14046	0.04250	0.24470	0.02157	0.02865	0.03364	0.02693	0.09055	0.10618	0.04745	0.03688	0.01485	0.01187	0.00363	0.01208	0.05950	0.00785	0.01580
5	0.25975	0.02831	0.01988	0.01835	0.02308	0.18916	0.01363	0.03128	0.02332	0.03473	0.03172	0.04119	0.07810	0.14179	0.01962	0.00495	0.01251	0.01070	0.00696	0.01099
6	0.05050	0.01915	0.02612	0.02003	0.02873	0.01654	0.01654	0.05485	0.03221	0.54203	0.04440	0.03831	0.02786	0.01393	0.01132	0.00348	0.00958	0.01132	0.01393	0.01915
7	0.01385	0.01085	0.01255	0.01333	0.01585	0.00955	0.00954	0.01677	0.02516	0.03208	0.15946	0.27709	0.30380	0.03004	0.01367	0.00403	0.00593	0.02614	0.01075	0.00955
8	0.02416	0.04385	0.37578	0.02711	0.03973	0.02166	0.03225	0.03430	0.02544	0.09375	0.08487	0.08666	0.03200	0.01480	0.01141	0.00365	0.01358	0.01228	0.00721	0.01552
9	0.26627	0.03131	0.03349	0.02667	0.03473	0.14396	0.12011	0.08280	0.02827	0.10029	0.02195	0.02446	0.01621	0.01118	0.00994	0.00341	0.01395	0.00889	0.00763	0.01448
10	0.04967	0.02048	0.02694	0.02065	0.02939	0.01851	0.01706	0.10224	0.03443	0.49151	0.04254	0.03710	0.02693	0.01389	0.01131	0.00347	0.00988	0.01119	0.01364	0.01915
11	0.01696	0.01338	0.01926	0.13900	0.03210	0.01405	0.01763	0.02143	0.02386	0.03078	0.05792	0.24244	0.10978	0.02772	0.01401	0.00453	0.00971	0.18585	0.00923	0.01037
12	0.03109	0.02445	0.02352	0.02064	0.02510	0.13050	0.01581	0.03760	0.08036	0.14594	0.15507	0.04951	0.04565	0.09085	0.01970	0.00448	0.06306	0.01336	0.00987	0.01344
13	0.02284	0.01480	0.02010	0.01858	0.02190	0.01624	0.01443	0.07375	0.02319	0.08927	0.03195	0.04453	0.02837	0.11824	0.39203	0.01420	0.02411	0.01218	0.00755	0.01174
14	0.10754	0.34109	0.12319	0.02089	0.03112	0.03394	0.02138	0.03812	0.02443	0.13263	0.02205	0.02297	0.01681	0.01074	0.00854	0.00292	0.01188	0.00743	0.00685	0.01546
15	0.02418	0.02190	0.03475	0.09583	0.30141	0.02148	0.02651	0.03036	0.02573	0.03666	0.08268	0.04416	0.03239	0.01357	0.01142	0.00334	0.01150	0.05777	0.00697	0.11739
16	0.02931	0.02154	0.06572	0.01647	0.02195	0.07572	0.01428	0.03484	0.02625	0.13770	0.03449	0.03709	0.02566	0.01288	0.00907	0.00291	0.00887	0.01008	0.40213	0.01305
17	0.03288	0.03199	0.08924	0.08406	0.08691	0.09327	0.07786	0.15981	0.03354	0.08891	0.02873	0.08874	0.02402	0.01435	0.01162	0.00355	0.01404	0.01237	0.00829	0.01584

[dist]
# distance from previous block
# <min> <max>
1	9

[block]
# block no. 3 follows, 11 sequences, length 33
# corresponding to MSA columns:
# 245-271,281-286
name=unknown_D
#
# <colnr> <probs for GDERKNQSTAVLIFYWHMCP>
#	G	D	E	R	K	N	Q	S	T	A	V	L	I	F	Y	W	H	M	C	P
0	0.03358	0.15915	0.21776	0.03019	0.09864	0.02710	0.02813	0.04112	0.02645	0.19256	0.02694	0.02762	0.01900	0.01140	0.01021	0.00327	0.01304	0.00898	0.00774	0.01711
1	0.02927	0.09494	0.03826	0.28723	0.16859	0.02628	0.02782	0.03552	0.02506	0.12488	0.02423	0.02955	0.01796	0.01126	0.01074	0.00344	0.01326	0.00976	0.00676	0.01521
2	0.02947	0.01511	0.01929	0.01772	0.02197	0.01432	0.01313	0.03554	0.08209	0.22206	0.05025	0.25845	0.04819	0.09575	0.01823	0.00486	0.00849	0.02008	0.01142	0.01361
3	0.03696	0.08994	0.14574	0.02793	0.03882	0.02961	0.08004	0.21449	0.03675	0.14820	0.02744	0.02810	0.01915	0.01216	0.01100	0.00339	0.01346	0.00996	0.00915	0.01770
4	0.02133	0.08239	0.01956	0.01472	0.01752	0.01724	0.01170	0.02551	0.02240	0.03618	0.03559	0.12611	0.03273	0.01708	0.01245	0.00320	0.07820	0.01334	0.40180	0.01096
5	0.02047	0.02192	0.07163	0.06159	0.03388	0.01941	0.10720	0.02674	0.02628	0.03707	0.19946	0.05363	0.09414	0.01709	0.01514	0.00357	0.07797	0.01484	0.00829	0.08968
6	0.01449	0.01095	0.01338	0.01382	0.01620	0.00984	0.00997	0.01806	0.02690	0.03583	0.26516	0.24855	0.21915	0.02836	0.01362	0.00393	0.00580	0.02491	0.01123	0.00984
7	0.03150	0.54556	0.05579	0.02041	0.02958	0.10515	0.01955	0.03503	0.02393	0.02661	0.01585	0.01832	0.01445	0.00986	0.00757	0.00247	0.01301	0.00616	0.00493	0.01428
8	0.02708	0.02595	0.04429	0.12853	0.48082	0.02654	0.03416	0.03387	0.02526	0.03583	0.02103	0.02811	0.01750	0.01017	0.01116	0.00339	0.01356	0.01003	0.00550	0.01721
9	0.04835	0.01963	0.02606	0.02030	0.02878	0.01764	0.01666	0.05533	0.07825	0.49472	0.04454	0.03866	0.02848	0.01406	0.01133	0.00351	0.00951	0.01145	0.01369	0.01903
10	0.01904	0.01501	0.01970	0.02345	0.08295	0.01543	0.01486	0.02673	0.10701	0.03204	0.04822	0.26375	0.05221	0.14859	0.02268	0.00570	0.00917	0.07283	0.00924	0.01138
11	0.02272	0.01301	0.01722	0.01531	0.01916	0.01178	0.01178	0.02785	0.03193	0.14281	0.43318	0.07508	0.09080	0.02123	0.01289	0.00353	0.00615	0.01858	0.01269	0.01230
12	0.04204	0.05364	0.03190	0.02900	0.03480	0.55926	0.02175	0.04494	0.03190	0.02755	0.01740	0.02030	0.01450	0.01160	0.01015	0.00290	0.02030	0.00725	0.00580	0.01305
13	0.01477	0.01076	0.01390	0.01459	0.01647	0.00990	0.01038	0.01844	0.02693	0.03691	0.29483	0.30623	0.12664	0.02871	0.01375	0.00400	0.00587	0.02563	0.01140	0.00990
14	0.48555	0.02095	0.01954	0.01644	0.02395	0.02252	0.01355	0.03990	0.02325	0.20445	0.02467	0.02456	0.01710	0.01154	0.00833	0.00348	0.00898	0.00773	0.00915	0.01437
15	0.12032	0.02534	0.02865	0.02221	0.03086	0.02628	0.01834	0.26245	0.04055	0.26098	0.03280	0.03062	0.02190	0.01333	0.01079	0.00343	0.01081	0.01015	0.01185	0.01834
16	0.01774	0.01331	0.01921	0.02375	0.06891	0.01312	0.01741	0.02212	0.02460	0.03252	0.05673	0.25585	0.06324	0.03035	0.01479	0.00483	0.00952	0.29135	0.00994	0.01070
17	0.01615	0.01066	0.01349	0.01460	0.01510	0.01046	0.00961	0.01675	0.01885	0.02504	0.04444	0.23559	0.05132	0.29293	0.03762	0.09058	0.00936	0.07163	0.00810	0.00770
18	0.03877	0.01888	0.02341	0.01928	0.02585	0.01812	0.01537	0.13191	0.03336	0.29602	0.04329	0.13898	0.03479	0.01766	0.01146	0.00356	0.00907	0.01478	0.08913	0.01630
19	0.02792	0.16027	0.20208	0.07694	0.04813	0.02979	0.17568	0.03660	0.02514	0.08050	0.02228	0.02648	0.01651	0.01044	0.01087	0.00340	0.01560	0.00980	0.00594	0.01561
20	0.02460	0.02868	0.09729	0.20190	0.11250	0.06047	0.09882	0.03522	0.08247	0.03564	0.08286	0.03612	0.02846	0.01263	0.01167	0.00361	0.01411	0.01165	0.00682	0.01449
21	0.01593	0.01150	0.01504	0.01416	0.01681	0.01062	0.01062	0.02124	0.03186	0.04513	0.52830	0.08407	0.10620	0.02301	0.01327	0.00354	0.00531	0.02035	0.01239	0.01062
22	0.10211	0.09087	0.22568	0.02717	0.03776	0.02692	0.08146	0.06657	0.08131	0.03838	0.02291	0.02693	0.01765	0.01447	0.01426	0.08173	0.01358	0.00923	0.00636	0.01467
23	0.68395	0.02177	0.01654	0.01480	0.02177	0.02525	0.01219	0.03309	0.01915	0.05050	0.01567	0.01828	0.01219	0.01045	0.00697	0.00348	0.00871	0.00609	0.00697	0.01219
24	0.02179	0.02026	0.03390	0.40379	0.16786	0.02354	0.02954	0.02847	0.02306	0.03046	0.02513	0.09534	0.02250	0.01378	0.01159	0.00376	0.01367	0.01256	0.00575	0.01325
25	0.01593	0.01150	0.01504	0.01416	0.01681	0.01062	0.01062	0.02124	0.03186	0.04513	0.52830	0.08407	0.10620	0.02301	0.01327	0.00354	0.00531	0.02035	0.01239	0.01062
26	0.03841	0.03128	0.09040	0.02438	0.03351	0.02968	0.02181	0.35548	0.04456	0.09741	0.02862	0.02922	0.02034	0.01317	0.01080	0.00332	0.01184	0.01005	0.08791	0.01783
27	0.02251	0.01873	0.02056	0.01883	0.02374	0.02041	0.01449	0.04266	0.30628	0.04454	0.20484	0.06287	0.11432	0.01923	0.01224	0.00373	0.00741	0.01639	0.01163	0.01460
28	0.02238	0.11787	0.42623	0.02815	0.04246	0.02636	0.03509	0.03314	0.02388	0.03395	0.03063	0.03298	0.07456	0.01265	0.01059	0.00346	0.01481	0.00985	0.00543	0.01554
29	0.01488	0.01114	0.01380	0.01381	0.01634	0.01007	0.01010	0.01896	0.02838	0.03847	0.33980	0.19059	0.19895	0.02670	0.01350	0.00380	0.00564	0.02344	0.01156	0.01007
30	0.10977	0.46834	0.04860	0.01811	0.02660	0.03820	0.01738	0.03218	0.02345	0.03163	0.07512	0.02574	0.02481	0.01128	0.00789	0.00267	0.01084	0.00769	0.00596	0.01372
31	0.02780	0.02217	0.08270	0.01868	0.02723	0.01555	0.01659	0.03240	0.02500	0.14188	0.07370	0.03370	0.02767	0.01502	0.01414	0.08588	0.00945	0.00954	0.00830	0.31259
32	0.02631	0.09488	0.04171	0.28283	0.10257	0.09125	0.08590	0.03251	0.02394	0.02985	0.01915	0.02681	0.01538	0.01158	0.01335	0.00358	0.06999	0.00961	0.00520	0.01360

[dist]
# distance from previous block
# <min> <max>
3	6

[block]
# block no. 4 follows, 11 sequences, length 21
# corresponding to MSA columns:
# 293-313
name=unknown_E
#
# <colnr> <probs for GDERKNQSTAVLIFYWHMCP>
#	G	D	E	R	K	N	Q	S	T	A	V	L	I	F	Y	W	H	M	C	P
0	0.03335	0.02867	0.11779	0.02960	0.07241	0.02318	0.08584	0.08506	0.10207	0.18544	0.08622	0.03850	0.03199	0.01365	0.01169	0.00357	0.01197	0.01206	0.00994	0.01700
1	0.09054	0.20451	0.29023	0.02525	0.03795	0.02992	0.02921	0.03743	0.02421	0.10231	0.02174	0.02360	0.01594	0.01081	0.00945	0.00322	0.01366	0.00787	0.00621	0.01594
2	0.11845	0.02594	0.08647	0.03544	0.18213	0.02171	0.02410	0.04401	0.02773	0.27547	0.03130	0.03115	0.02146	0.01198	0.01066	0.00345	0.01137	0.00997	0.00958	0.01763
3	0.01602	0.01271	0.01468	0.01517	0.01820	0.01215	0.01136	0.02274	0.08538	0.03430	0.14254	0.22552	0.25035	0.02814	0.01356	0.00410	0.00670	0.06491	0.01083	0.01066
4	0.01737	0.01322	0.01627	0.01578	0.01891	0.01297	0.01208	0.02579	0.09469	0.04199	0.35407	0.11614	0.12937	0.02397	0.01331	0.00382	0.00637	0.06074	0.01178	0.01137
5	0.03922	0.02648	0.09622	0.02313	0.03199	0.02200	0.02115	0.13439	0.07872	0.27499	0.03979	0.04540	0.02948	0.01565	0.01175	0.00371	0.01110	0.06571	0.01152	0.01761
6	0.02350	0.02206	0.03715	0.29722	0.27611	0.02429	0.03077	0.03012	0.02381	0.03234	0.02447	0.08231	0.02185	0.01296	0.01150	0.00365	0.01348	0.01208	0.00577	0.01457
7	0.15840	0.01840	0.02175	0.01800	0.02477	0.01796	0.01451	0.04363	0.07769	0.28791	0.14946	0.04537	0.04344	0.01548	0.01097	0.00353	0.00838	0.01254	0.01203	0.01578
8	0.02345	0.02719	0.09446	0.33276	0.11872	0.02619	0.15115	0.03193	0.02401	0.03217	0.02086	0.02925	0.01576	0.01061	0.01171	0.00370	0.01601	0.01068	0.00521	0.01417
9	0.13382	0.02709	0.09618	0.14109	0.04397	0.02570	0.09656	0.08796	0.02593	0.03944	0.02577	0.10246	0.02323	0.01504	0.01355	0.00386	0.06512	0.01261	0.00691	0.01374
10	0.01510	0.01093	0.01457	0.01698	0.01849	0.01039	0.01278	0.01816	0.02325	0.03044	0.06506	0.41050	0.10466	0.03343	0.01467	0.00471	0.00770	0.16821	0.01042	0.00956
11	0.02178	0.01463	0.02105	0.07296	0.07971	0.01422	0.01641	0.02626	0.02669	0.10288	0.16618	0.20601	0.09538	0.02370	0.01311	0.00398	0.00847	0.06401	0.01035	0.01222
12	0.03982	0.14492	0.03731	0.06849	0.12916	0.02497	0.02160	0.04468	0.02831	0.30080	0.03220	0.03147	0.02222	0.01209	0.01042	0.00325	0.01120	0.00987	0.00979	0.01744
13	0.01857	0.01544	0.01737	0.01947	0.02158	0.06179	0.01539	0.02225	0.02472	0.03114	0.05668	0.30531	0.06401	0.03096	0.01458	0.00473	0.00974	0.24618	0.00998	0.01012
14	0.01677	0.01153	0.01543	0.01543	0.01691	0.01269	0.01115	0.01974	0.01825	0.02679	0.03254	0.05270	0.03203	0.23047	0.34248	0.01405	0.02136	0.01315	0.08739	0.00914
15	0.02962	0.15579	0.12980	0.09259	0.14838	0.02922	0.11235	0.03696	0.02548	0.10114	0.02312	0.02716	0.01745	0.01060	0.01065	0.00332	0.01428	0.00965	0.00636	0.01608
16	0.02632	0.05299	0.47647	0.03047	0.04604	0.02485	0.03823	0.03822	0.02490	0.10348	0.02344	0.02571	0.01608	0.01113	0.01078	0.00355	0.01569	0.00872	0.00598	0.01697
17	0.01700	0.01288	0.01602	0.01643	0.01915	0.01268	0.01252	0.02451	0.08700	0.03819	0.24149	0.21182	0.12144	0.02685	0.01369	0.00412	0.00692	0.09499	0.01130	0.01100
18	0.32365	0.02711	0.02491	0.16249	0.03931	0.12609	0.01937	0.03656	0.02384	0.09313	0.02019	0.02382	0.01503	0.01125	0.00914	0.00344	0.01263	0.00788	0.00698	0.01318
19	0.01664	0.01303	0.01525	0.01443	0.01787	0.01243	0.01090	0.02448	0.08921	0.04106	0.34765	0.08601	0.22150	0.02367	0.01306	0.00365	0.00587	0.02041	0.01171	0.01118
20	0.03255	0.14906	0.08578	0.02147	0.03166	0.02749	0.01979	0.15313	0.03182	0.09732	0.02353	0.02483	0.01780	0.01076	0.00941	0.00264	0.01110	0.00808	0.00805	0.23371

[dist]
# distance from previous block
# <min> <max>
0	1

[block]
# block no. 5 follows, 11 sequences, length 65
# corresponding to MSA columns:
# 315-379
name=unknown_F
#
# <colnr> <probs for GDERKNQSTAVLIFYWHMCP>
#	G	D	E	R	K	N	Q	S	T	A	V	L	I	F	Y	W	H	M	C	P
0	0.02556	0.02307	0.03503	0.32384	0.09645	0.02611	0.05927	0.08518	0.09240	0.03757	0.02452	0.03064	0.01854	0.01160	0.01119	0.00353	0.01354	0.01036	0.00677	0.06483
1	0.03135	0.39562	0.13854	0.02331	0.03360	0.10969	0.02366	0.07079	0.02652	0.03161	0.01754	0.02004	0.01478	0.01038	0.00853	0.00275	0.01398	0.00690	0.00543	0.01500
2	0.02515	0.02398	0.04080	0.27746	0.34701	0.02603	0.03320	0.03217	0.02435	0.03349	0.02069	0.02874	0.01667	0.01053	0.01119	0.00351	0.01404	0.01002	0.00534	0.01565
3	0.01434	0.01071	0.01364	0.01471	0.01657	0.01001	0.01045	0.01740	0.02427	0.03235	0.16988	0.33314	0.16954	0.03604	0.06711	0.00551	0.00840	0.02587	0.01044	0.00962
4	0.01379	0.01034	0.01280	0.01447	0.01608	0.00935	0.00998	0.01624	0.02341	0.03046	0.11232	0.43220	0.19254	0.03257	0.01401	0.00429	0.00622	0.02898	0.01060	0.00935
5	0.01555	0.01057	0.01252	0.01333	0.01353	0.01036	0.00794	0.01615	0.01797	0.02396	0.04368	0.23558	0.05129	0.42837	0.04401	0.00895	0.00956	0.02120	0.00794	0.00754
6	0.09080	0.02312	0.03724	0.29879	0.27139	0.02579	0.03077	0.03172	0.02353	0.03444	0.02008	0.02789	0.01595	0.01064	0.01077	0.00355	0.01366	0.00962	0.00545	0.01480
7	0.01497	0.01144	0.01357	0.01394	0.01664	0.01036	0.01049	0.01852	0.02630	0.03414	0.21130	0.15055	0.26453	0.07245	0.01710	0.00454	0.00671	0.08205	0.01070	0.00969
8	0.02334	0.02001	0.02334	0.01667	0.02667	0.01500	0.01334	0.02834	0.02334	0.03668	0.02001	0.02334	0.01667	0.00834	0.00834	0.00167	0.00834	0.00667	0.00667	0.67325
9	0.17189	0.01966	0.02428	0.01902	0.02740	0.01821	0.01571	0.05068	0.02971	0.44784	0.03890	0.03447	0.02486	0.01326	0.01048	0.00348	0.00941	0.01032	0.01260	0.01782
10	0.02800	0.02418	0.02545	0.02291	0.02927	0.02800	0.01782	0.05981	0.51390	0.04708	0.04581	0.04199	0.03436	0.01527	0.01145	0.00382	0.00891	0.01273	0.01145	0.01782
11	0.01892	0.01010	0.01476	0.01476	0.01496	0.01029	0.00991	0.01534	0.01515	0.02039	0.02206	0.03888	0.02238	0.09662	0.09439	0.54792	0.01182	0.01061	0.00518	0.00556
12	0.03964	0.02933	0.14766	0.02889	0.08881	0.02124	0.02486	0.04609	0.02841	0.33122	0.03404	0.03278	0.02264	0.01321	0.01313	0.00360	0.05593	0.01038	0.01022	0.01791
13	0.53427	0.02115	0.01881	0.01604	0.02341	0.02319	0.01322	0.03823	0.02224	0.16664	0.02246	0.02302	0.01589	0.01127	0.00799	0.00348	0.00891	0.00733	0.00861	0.01384
14	0.01539	0.01271	0.01366	0.01320	0.01699	0.01162	0.00996	0.02172	0.07620	0.03550	0.20318	0.09603	0.38169	0.02590	0.01311	0.00374	0.00593	0.02186	0.01100	0.01060
15	0.02544	0.03497	0.16125	0.08848	0.10351	0.02754	0.31926	0.03524	0.02557	0.03546	0.02187	0.02873	0.01640	0.00993	0.01238	0.00370	0.01764	0.01168	0.00543	0.01552
16	0.05050	0.01915	0.02612	0.02003	0.02873	0.01654	0.01654	0.05485	0.03221	0.54203	0.04440	0.03831	0.02786	0.01393	0.01132	0.00348	0.00958	0.01132	0.01393	0.01915
17	0.07622	0.01548	0.01955	0.01699	0.02250	0.01442	0.01381	0.03750	0.02901	0.25587	0.14355	0.05897	0.04817	0.01775	0.01143	0.00358	0.00803	0.07274	0.12012	0.01432
18	0.02913	0.02326	0.03857	0.23503	0.29959	0.02456	0.03062	0.03573	0.02559	0.11268	0.02439	0.03022	0.01843	0.01105	0.01121	0.00350	0.01334	0.01022	0.00668	0.01622
19	0.03180	0.02736	0.08728	0.09100	0.04426	0.02522	0.15011	0.04393	0.12202	0.16479	0.03160	0.03355	0.02252	0.01284	0.01379	0.00378	0.05757	0.01158	0.00868	0.01632
20	0.01371	0.00979	0.01306	0.01567	0.01632	0.00914	0.01045	0.01567	0.02155	0.02873	0.06203	0.59710	0.07444	0.03526	0.01437	0.00457	0.00653	0.03200	0.01045	0.00914
21	0.02257	0.05822	0.54613	0.03208	0.04871	0.02614	0.04158	0.03564	0.02376	0.03564	0.02020	0.02376	0.01426	0.01069	0.01069	0.00356	0.01663	0.00832	0.00475	0.01663
22	0.04570	0.02902	0.08453	0.02301	0.03221	0.09188	0.02036	0.08552	0.03284	0.38105	0.03678	0.03342	0.02390	0.01323	0.01109	0.00341	0.01201	0.01035	0.01163	0.01806
23	0.02366	0.05137	0.43380	0.03849	0.11485	0.02644	0.08315	0.03553	0.02428	0.03583	0.02057	0.02493	0.01500	0.01049	0.01100	0.00356	0.01642	0.00901	0.00495	0.01666
24	0.68395	0.02177	0.01654	0.01480	0.02177	0.02525	0.01219	0.03309	0.01915	0.05050	0.01567	0.01828	0.01219	0.01045	0.00697	0.00348	0.00871	0.00609	0.00697	0.01219
25	0.01528	0.01241	0.01366	0.01318	0.01680	0.01128	0.00993	0.02114	0.06485	0.03649	0.24432	0.09534	0.35347	0.02570	0.01315	0.00372	0.00582	0.02180	0.01116	0.01050
26	0.03573	0.02204	0.03153	0.07769	0.03642	0.02152	0.06337	0.07551	0.02865	0.23551	0.02980	0.03094	0.02092	0.01257	0.01362	0.00327	0.07392	0.01006	0.00942	0.16752
27	0.02398	0.01634	0.01689	0.01580	0.02002	0.01797	0.01212	0.04058	0.23322	0.04415	0.04060	0.04197	0.03120	0.01404	0.00940	0.00313	0.00681	0.01145	0.38669	0.01362
28	0.02675	0.02620	0.03930	0.03192	0.03458	0.03360	0.09615	0.07570	0.02226	0.03287	0.01723	0.02574	0.01557	0.01751	0.03073	0.00460	0.43977	0.01040	0.00568	0.01344
29	0.01941	0.01182	0.01537	0.01531	0.01806	0.01070	0.01115	0.02298	0.02708	0.10372	0.23266	0.29113	0.12248	0.02735	0.01346	0.00398	0.00642	0.02425	0.01162	0.01105
30	0.02244	0.01770	0.01992	0.01811	0.02227	0.01915	0.01367	0.07837	0.19413	0.04139	0.15113	0.06094	0.09536	0.11529	0.07419	0.00624	0.01061	0.01565	0.01029	0.01314
31	0.01848	0.01629	0.02479	0.02318	0.02489	0.01853	0.06230	0.02164	0.02126	0.02948	0.04468	0.33362	0.05110	0.02795	0.02072	0.00466	0.17041	0.06684	0.00842	0.01074
32	0.01641	0.01136	0.01416	0.01346	0.01620	0.01052	0.01009	0.02152	0.03028	0.04359	0.43077	0.08027	0.12805	0.02210	0.01255	0.00344	0.00533	0.01929	0.10012	0.01052
33	0.01696	0.01308	0.01865	0.01817	0.01963	0.01550	0.01381	0.02012	0.01770	0.02546	0.02959	0.04754	0.02911	0.17055	0.41951	0.01553	0.08073	0.01261	0.00606	0.00970
34	0.08427	0.02156	0.02224	0.01829	0.02434	0.02347	0.01475	0.25434	0.03743	0.05665	0.03035	0.03285	0.02283	0.01309	0.00944	0.00306	0.00897	0.00997	0.29729	0.01481
35	0.01895	0.01205	0.01610	0.06858	0.02215	0.01195	0.01192	0.02107	0.02111	0.07823	0.04804	0.32493	0.05372	0.20691	0.02704	0.00634	0.00900	0.02299	0.00916	0.00975
36	0.02307	0.03368	0.24867	0.02306	0.03281	0.01929	0.02516	0.03359	0.06623	0.09000	0.18779	0.05163	0.08468	0.01652	0.01181	0.00359	0.01100	0.01384	0.00899	0.01459
37	0.02657	0.03036	0.06641	0.04744	0.05882	0.02846	0.49336	0.03605	0.02657	0.03605	0.02277	0.03036	0.01708	0.00949	0.01328	0.00380	0.01898	0.01328	0.00569	0.01518
38	0.29576	0.02085	0.02228	0.01836	0.02607	0.02149	0.01501	0.04699	0.09177	0.28292	0.03333	0.03095	0.02259	0.01275	0.00963	0.00353	0.00915	0.00946	0.01087	0.01624
39	0.03535	0.01781	0.02234	0.01853	0.02506	0.01690	0.01488	0.07193	0.07639	0.28624	0.09167	0.05437	0.12264	0.02402	0.06409	0.00496	0.01065	0.01434	0.01203	0.01580
40	0.04152	0.01687	0.02293	0.01896	0.02571	0.01474	0.01506	0.04529	0.02961	0.41681	0.04870	0.17463	0.03922	0.01913	0.01206	0.00375	0.00883	0.01636	0.01308	0.01671
41	0.04717	0.01835	0.02477	0.01927	0.02713	0.01599	0.01559	0.05110	0.03067	0.49130	0.04353	0.04176	0.02913	0.07152	0.01580	0.00421	0.00971	0.01181	0.01324	0.01795
42	0.10165	0.01721	0.02171	0.01808	0.02489	0.01569	0.01484	0.04211	0.02955	0.33949	0.09687	0.05731	0.09256	0.01778	0.01172	0.00369	0.00874	0.05801	0.01236	0.01572
43	0.02597	0.08307	0.05616	0.15748	0.12367	0.02905	0.29083	0.03411	0.02525	0.03373	0.02130	0.02878	0.01650	0.00994	0.01200	0.00359	0.01674	0.01147	0.00545	0.01491
44	0.04940	0.02237	0.02703	0.02104	0.02956	0.05535	0.01723	0.08352	0.03357	0.47510	0.04138	0.03631	0.02636	0.01374	0.01123	0.00344	0.01051	0.01096	0.01319	0.01873
45	0.52735	0.02954	0.02029	0.01826	0.02494	0.15552	0.01452	0.03598	0.02226	0.04490	0.01609	0.01878	0.01275	0.01073	0.00774	0.00334	0.01153	0.00638	0.00668	0.01240
46	0.03103	0.01488	0.01969	0.01656	0.02197	0.01316	0.01309	0.03575	0.03159	0.26378	0.28569	0.06552	0.10090	0.01938	0.01241	0.00353	0.00722	0.01660	0.01294	0.01432
47	0.04219	0.02945	0.03213	0.02496	0.03368	0.03222	0.02051	0.40562	0.09561	0.12029	0.03076	0.02972	0.02158	0.01373	0.01128	0.00343	0.01174	0.01052	0.01157	0.01901
48	0.01539	0.01109	0.01456	0.01453	0.01670	0.01026	0.01058	0.01988	0.02934	0.04113	0.41455	0.20923	0.09845	0.02600	0.01354	0.00379	0.00561	0.02319	0.01192	0.01026
49	0.01421	0.01126	0.01278	0.01278	0.01586	0.00983	0.00944	0.01777	0.02724	0.03506	0.24441	0.15397	0.34062	0.02744	0.01341	0.00380	0.00566	0.02354	0.01109	0.00983
50	0.02603	0.02932	0.06313	0.10074	0.06070	0.02812	0.44688	0.03532	0.02616	0.03532	0.02249	0.03033	0.01687	0.00967	0.01308	0.00379	0.01858	0.01295	0.00562	0.01491
51	0.01964	0.01647	0.01879	0.01592	0.02227	0.01401	0.01215	0.02649	0.07735	0.03481	0.05302	0.15597	0.15022	0.01902	0.01101	0.00296	0.00743	0.01623	0.00881	0.31743
52	0.03070	0.03548	0.02587	0.02423	0.02838	0.32114	0.01839	0.03409	0.02587	0.02693	0.02297	0.03074	0.02046	0.04340	0.25024	0.00953	0.02460	0.00935	0.00590	0.01174
53	0.01572	0.01162	0.01540	0.01480	0.01742	0.01131	0.01122	0.02050	0.02811	0.03939	0.37497	0.07721	0.12813	0.03762	0.13874	0.00690	0.01105	0.01877	0.01075	0.01038
54	0.53781	0.02235	0.01947	0.01656	0.02395	0.02500	0.01365	0.08018	0.02413	0.11844	0.02061	0.02181	0.01496	0.01121	0.00796	0.00347	0.00917	0.00718	0.00831	0.01379
55	0.02358	0.01994	0.03315	0.53306	0.07364	0.02433	0.03009	0.03083	0.02328	0.06959	0.02195	0.03067	0.01603	0.01147	0.01126	0.00373	0.01457	0.01011	0.00571	0.01303
56	0.01802	0.01426	0.01664	0.01659	0.01971	0.01455	0.01218	0.02887	0.15441	0.03828	0.19261	0.24480	0.13373	0.02574	0.01316	0.00399	0.00671	0.02263	0.01125	0.01188
57	0.03244	0.08862	0.03817	0.16847	0.04624	0.20903	0.06990	0.03727	0.02618	0.06945	0.02021	0.02555	0.01597	0.01240	0.01419	0.00348	0.09367	0.00910	0.00602	0.01363
58	0.03416	0.25653	0.13218	0.02298	0.03323	0.03276	0.02283	0.10315	0.08273	0.13574	0.02684	0.02680	0.01981	0.01179	0.00964	0.00311	0.01208	0.00874	0.00815	0.01674
59	0.01908	0.01008	0.01512	0.01512	0.01539	0.01035	0.01035	0.01539	0.01512	0.02043	0.02097	0.03556	0.02070	0.04518	0.11324	0.58467	0.01251	0.01008	0.00504	0.00558
60	0.10577	0.01325	0.01733	0.01710	0.01959	0.01527	0.01313	0.02149	0.01807	0.02899	0.02870	0.04351	0.02720	0.12342	0.43832	0.01545	0.02546	0.01166	0.00623	0.01003
61	0.12245	0.09161	0.03592	0.03610	0.16732	0.18184	0.02340	0.03879	0.02623	0.08943	0.02073	0.02424	0.01658	0.01184	0.01235	0.00330	0.06788	0.00842	0.00660	0.01498
62	0.03214	0.02871	0.03810	0.16370	0.26593	0.09779	0.02896	0.08733	0.02942	0.08570	0.02327	0.02821	0.01787	0.01126	0.01106	0.00339	0.01418	0.00978	0.00690	0.01631
63	0.02898	0.02532	0.03254	0.09100	0.08243	0.08116	0.02393	0.03285	0.02218	0.09728	0.02165	0.02877	0.01808	0.02235	0.07473	0.00549	0.28120	0.01003	0.00640	0.01364
64	0.08797	0.01871	0.02162	0.01673	0.02504	0.01536	0.01319	0.03000	0.02367	0.09236	0.02791	0.10153	0.02523	0.01277	0.00934	0.00243	0.00826	0.01052	0.00800	0.44935

[dist]
# distance from previous block
# <min> <max>
0	29

[block]
# block no. 6 follows, 11 sequences, length 15
# corresponding to MSA columns:
# 409-423
name=unknown_G
#
# <colnr> <probs for GDERKNQSTAVLIFYWHMCP>
#	G	D	E	R	K	N	Q	S	T	A	V	L	I	F	Y	W	H	M	C	P
0	0.02522	0.09476	0.20678	0.08545	0.04039	0.02306	0.06491	0.03290	0.02511	0.09835	0.06856	0.12212	0.03295	0.01581	0.01146	0.00363	0.01278	0.01374	0.00753	0.01450
1	0.01455	0.01029	0.01350	0.01577	0.01654	0.00979	0.01080	0.01659	0.02133	0.02835	0.05823	0.47653	0.06893	0.11060	0.02021	0.00548	0.00753	0.07606	0.00996	0.00896
2	0.02558	0.01487	0.01894	0.01662	0.02116	0.01416	0.01290	0.03392	0.09130	0.16269	0.35464	0.06809	0.07886	0.01991	0.01259	0.00356	0.00676	0.01728	0.01264	0.01352
3	0.02595	0.03080	0.15888	0.27907	0.10051	0.02494	0.09148	0.03461	0.02463	0.08750	0.02314	0.02930	0.01672	0.01108	0.01138	0.00365	0.01518	0.01017	0.00604	0.01498
4	0.02629	0.16637	0.09252	0.14104	0.10056	0.03118	0.17364	0.03574	0.06191	0.03329	0.02196	0.02750	0.01723	0.01045	0.01090	0.00340	0.01505	0.01017	0.00571	0.01509
5	0.01788	0.01421	0.01653	0.01667	0.01997	0.01435	0.01262	0.02804	0.14065	0.03709	0.15859	0.20804	0.17233	0.02626	0.01336	0.00409	0.00708	0.06953	0.01105	0.01168
6	0.02063	0.08942	0.02979	0.03129	0.15500	0.02060	0.01966	0.02507	0.02102	0.02923	0.02944	0.09597	0.02872	0.05052	0.29010	0.01086	0.02101	0.01292	0.00623	0.01252
7	0.09528	0.02878	0.02730	0.02253	0.02935	0.13936	0.01808	0.12506	0.03290	0.22531	0.03017	0.02998	0.02119	0.01344	0.01237	0.00338	0.05594	0.00961	0.06396	0.01601
8	0.01797	0.01410	0.01939	0.07763	0.02601	0.01608	0.01504	0.02529	0.08479	0.02897	0.03575	0.11424	0.03489	0.12783	0.29658	0.01207	0.02033	0.01493	0.00729	0.01082
9	0.07153	0.01287	0.01425	0.01357	0.01664	0.01264	0.00999	0.02341	0.05452	0.03960	0.26532	0.07466	0.15328	0.09887	0.01793	0.00448	0.00660	0.01776	0.08161	0.01044
10	0.02724	0.02881	0.04910	0.16273	0.23871	0.07101	0.18774	0.03473	0.02582	0.03412	0.02116	0.02852	0.01672	0.01023	0.01181	0.00354	0.01617	0.01089	0.00551	0.01545
11	0.03460	0.02698	0.03336	0.08061	0.20875	0.09463	0.02420	0.09743	0.03072	0.13587	0.02765	0.03063	0.02060	0.01190	0.01066	0.00326	0.01257	0.00997	0.08931	0.01630
12	0.01972	0.02148	0.09134	0.06686	0.02933	0.01972	0.01944	0.02765	0.07377	0.03183	0.09220	0.04671	0.03592	0.11509	0.18085	0.00899	0.08724	0.01283	0.00714	0.01188
13	0.10141	0.02480	0.03277	0.03113	0.09147	0.03030	0.02305	0.09473	0.02514	0.10249	0.02108	0.02641	0.01713	0.01596	0.02385	0.00419	0.30242	0.00970	0.00722	0.01476
14	0.17507	0.02175	0.02290	0.01829	0.02613	0.02120	0.01459	0.13782	0.02911	0.04678	0.02628	0.09947	0.02394	0.01361	0.00952	0.00286	0.00913	0.01073	0.00832	0.28251

[dist]
# distance from previous block
# <min> <max>
0	1

[block]
# block no. 7 follows, 11 sequences, length 52
# corresponding to MSA columns:
# 425-476
name=unknown_H
#
# <colnr> <probs for GDERKNQSTAVLIFYWHMCP>
#	G	D	E	R	K	N	Q	S	T	A	V	L	I	F	Y	W	H	M	C	P
0	0.02716	0.09327	0.04375	0.08713	0.38562	0.02725	0.02995	0.03333	0.02484	0.03509	0.02032	0.02629	0.01712	0.00985	0.01035	0.00305	0.01269	0.00915	0.00559	0.09821
1	0.03126	0.02580	0.02729	0.02357	0.03051	0.02952	0.01861	0.15636	0.41203	0.05235	0.04166	0.03868	0.03100	0.01488	0.01141	0.00372	0.00968	0.01215	0.01141	0.01811
2	0.02953	0.02583	0.04452	0.09597	0.42033	0.02576	0.06622	0.03625	0.02613	0.08534	0.02347	0.02920	0.01856	0.01045	0.01132	0.00342	0.01352	0.01039	0.00636	0.01741
3	0.01459	0.01145	0.01319	0.01275	0.01599	0.01005	0.00957	0.01865	0.02870	0.03763	0.31708	0.09644	0.32210	0.02581	0.01329	0.00367	0.00551	0.02209	0.01140	0.01005
4	0.01651	0.01222	0.01600	0.01802	0.02064	0.01171	0.01504	0.02077	0.02531	0.03234	0.07206	0.18096	0.16985	0.03103	0.01490	0.00480	0.00885	0.30857	0.01039	0.01002
5	0.04279	0.01745	0.02365	0.01872	0.02608	0.01522	0.01522	0.04736	0.03214	0.43126	0.15227	0.04851	0.04532	0.01595	0.01175	0.00350	0.00863	0.01333	0.01359	0.01725
6	0.04331	0.02504	0.02936	0.02317	0.03144	0.02582	0.01924	0.28354	0.04246	0.24550	0.03676	0.04101	0.02688	0.01538	0.01170	0.00359	0.01113	0.05419	0.01218	0.01829
7	0.36710	0.02659	0.02506	0.02028	0.02826	0.03002	0.01674	0.26220	0.03584	0.06060	0.02128	0.02260	0.01562	0.01196	0.00909	0.00343	0.01052	0.00809	0.00909	0.01562
8	0.01410	0.01061	0.01305	0.01418	0.01613	0.00957	0.00997	0.01705	0.02496	0.03285	0.18029	0.35021	0.20471	0.03070	0.01383	0.00413	0.00603	0.02717	0.01088	0.00957
9	0.02468	0.01870	0.03024	0.43033	0.06325	0.02192	0.02668	0.03108	0.02382	0.10421	0.02846	0.09698	0.02379	0.01443	0.01162	0.00381	0.01322	0.01275	0.00695	0.01309
10	0.03507	0.10156	0.03435	0.02820	0.07021	0.16656	0.02104	0.14763	0.19535	0.04421	0.02906	0.02931	0.02238	0.01289	0.01056	0.00329	0.01328	0.00978	0.00875	0.01650
11	0.02851	0.02083	0.03345	0.21424	0.21078	0.02178	0.02638	0.03479	0.02686	0.13630	0.09999	0.03890	0.03192	0.01311	0.01153	0.00353	0.01195	0.01180	0.00806	0.01533
12	0.03453	0.22699	0.13671	0.02834	0.07370	0.02963	0.06973	0.04089	0.02649	0.18942	0.02648	0.02730	0.01908	0.01117	0.01001	0.00316	0.01288	0.00909	0.00777	0.01663
13	0.03227	0.29734	0.19389	0.02426	0.03536	0.09470	0.02570	0.03868	0.02555	0.10508	0.02141	0.02297	0.01637	0.01080	0.00918	0.00296	0.01398	0.00761	0.00625	0.01562
14	0.04542	0.01803	0.02449	0.01916	0.02698	0.01567	0.01567	0.04991	0.03216	0.46898	0.11554	0.04504	0.03938	0.01527	0.01161	0.00349	0.00895	0.01265	0.01370	0.01790
15	0.01558	0.01193	0.01656	0.08583	0.02532	0.01198	0.01451	0.01903	0.02307	0.03001	0.06189	0.37071	0.11390	0.03065	0.01413	0.00452	0.00833	0.12244	0.00976	0.00987
16	0.04141	0.07835	0.03183	0.13902	0.03983	0.02319	0.02049	0.09848	0.03164	0.32824	0.03441	0.03327	0.02281	0.01289	0.01090	0.00342	0.01129	0.01039	0.01084	0.01728
17	0.01459	0.01044	0.01398	0.01608	0.01726	0.00983	0.01142	0.01744	0.02360	0.03176	0.13028	0.46351	0.07791	0.03294	0.01435	0.00450	0.00682	0.08305	0.01072	0.00951
18	0.04452	0.01869	0.02476	0.01982	0.02736	0.01680	0.01600	0.08157	0.03217	0.43194	0.04572	0.11963	0.03407	0.01704	0.01176	0.00363	0.00934	0.01427	0.01322	0.01768
19	0.68395	0.02177	0.01654	0.01480	0.02177	0.02525	0.01219	0.03309	0.01915	0.05050	0.01567	0.01828	0.01219	0.01045	0.00697	0.00348	0.00871	0.00609	0.00697	0.01219
20	0.01819	0.01084	0.01262	0.01251	0.01495	0.01041	0.00925	0.02314	0.02681	0.04198	0.24190	0.11332	0.06518	0.01935	0.01073	0.00319	0.00540	0.01665	0.33316	0.01041
21	0.03009	0.61122	0.05898	0.01926	0.02889	0.04454	0.01926	0.03370	0.02287	0.02648	0.01565	0.01805	0.01444	0.00963	0.00722	0.00241	0.01204	0.00602	0.00481	0.01444
22	0.01614	0.01180	0.01676	0.01676	0.01832	0.01335	0.01242	0.01925	0.01770	0.02515	0.03136	0.05093	0.03105	0.20293	0.44531	0.01645	0.02576	0.01304	0.00621	0.00931
23	0.01524	0.01046	0.01307	0.01497	0.01652	0.00983	0.01073	0.01817	0.02286	0.03146	0.06446	0.40051	0.12294	0.03069	0.01342	0.00426	0.00668	0.07726	0.10695	0.00953
24	0.01458	0.01065	0.01371	0.01464	0.01642	0.00978	0.01033	0.01799	0.02616	0.03560	0.25759	0.33996	0.13169	0.02960	0.01382	0.00407	0.00595	0.02644	0.01124	0.00978
25	0.01568	0.01071	0.01370	0.01430	0.01616	0.01002	0.01021	0.01966	0.02678	0.03828	0.28375	0.28102	0.08412	0.02661	0.01304	0.00383	0.00578	0.02372	0.09261	0.01002
26	0.30467	0.03265	0.02630	0.02208	0.02951	0.15221	0.01771	0.20275	0.03426	0.05255	0.02016	0.02190	0.01523	0.01182	0.00925	0.00331	0.01271	0.00782	0.00824	0.01489
