[name]
unknown

[dist]
# distance from previous block
# <min> <max>
25	68

[block]
# block no. 0 follows, 13 sequences, length 16
# corresponding to MSA columns:
# 84-99
name=unknown_A
#
# <colnr> <probs for GDERKNQSTAVLIFYWHMCP>
#	G	D	E	R	K	N	Q	S	T	A	V	L	I	F	Y	W	H	M	C	P
0	0.03014	0.02668	0.04057	0.04674	0.29671	0.02768	0.09117	0.17992	0.07492	0.04469	0.02362	0.02735	0.01831	0.01073	0.01078	0.00324	0.01262	0.01006	0.00728	0.01679
1	0.03103	0.01698	0.02370	0.02425	0.10609	0.01598	0.01631	0.03792	0.07188	0.25879	0.21850	0.04978	0.05094	0.01560	0.01126	0.00330	0.00810	0.01352	0.01117	0.01489
2	0.04387	0.01709	0.02327	0.01839	0.02579	0.01482	0.01495	0.04773	0.02923	0.51381	0.04342	0.09637	0.03069	0.01515	0.01093	0.00338	0.00870	0.01264	0.01275	0.01702
3	0.43317	0.01771	0.01659	0.01452	0.02032	0.01909	0.01172	0.03153	0.02281	0.12714	0.15153	0.03521	0.03533	0.01321	0.00863	0.00328	0.00753	0.00976	0.00880	0.01210
4	0.01831	0.01155	0.01521	0.01387	0.01695	0.01055	0.01055	0.02321	0.02996	0.09679	0.50376	0.07455	0.09217	0.02074	0.01228	0.00332	0.00540	0.01825	0.01179	0.01080
5	0.30276	0.02061	0.02103	0.01730	0.02401	0.02202	0.01412	0.15090	0.02990	0.16035	0.10689	0.03262	0.02975	0.01301	0.00927	0.00326	0.00867	0.00972	0.00965	0.01413
6	0.15979	0.01338	0.01510	0.01395	0.01776	0.01318	0.01071	0.02469	0.02626	0.09494	0.31900	0.11180	0.10099	0.01967	0.01115	0.00341	0.00618	0.01668	0.01046	0.01091
7	0.04384	0.02078	0.02590	0.02018	0.02819	0.02006	0.01657	0.14641	0.08644	0.41634	0.03861	0.03424	0.02517	0.01314	0.01063	0.00328	0.00946	0.01055	0.01235	0.01786
8	0.03464	0.02686	0.02860	0.02320	0.03067	0.03020	0.01875	0.33900	0.24696	0.05768	0.03244	0.03100	0.02369	0.01335	0.01065	0.00334	0.01033	0.01049	0.01065	0.01748
9	0.01372	0.00992	0.01261	0.01362	0.01499	0.00920	0.00936	0.01639	0.02297	0.03105	0.20848	0.35730	0.11922	0.08983	0.01721	0.00455	0.00614	0.02461	0.01001	0.00881
10	0.13808	0.01575	0.01950	0.01684	0.02251	0.01473	0.01321	0.03743	0.02539	0.32785	0.04249	0.20735	0.03693	0.01855	0.01086	0.00358	0.00802	0.01566	0.01111	0.01419
11	0.01375	0.00983	0.01321	0.01530	0.01640	0.00929	0.01095	0.01640	0.02192	0.02937	0.11175	0.48512	0.07174	0.03128	0.01356	0.00428	0.00657	0.10035	0.01000	0.00892
12	0.03612	0.01828	0.02274	0.01876	0.02541	0.01788	0.01503	0.04802	0.18269	0.33189	0.12193	0.04368	0.03939	0.01478	0.01095	0.00337	0.00819	0.01234	0.01217	0.01638
13	0.02403	0.02082	0.02017	0.01941	0.02284	0.10427	0.01458	0.14494	0.02930	0.03690	0.04354	0.34055	0.04774	0.02436	0.01226	0.00382	0.00978	0.05981	0.00932	0.01155
14	0.03374	0.02133	0.02504	0.01903	0.02756	0.01978	0.01546	0.14822	0.07712	0.19656	0.02903	0.02831	0.02069	0.01101	0.00951	0.00260	0.00906	0.00876	0.00959	0.28761
15	0.04744	0.01799	0.02454	0.01881	0.02699	0.01554	0.01554	0.05153	0.03026	0.56979	0.04171	0.03599	0.02617	0.01309	0.01063	0.00327	0.00900	0.01063	0.01309	0.01799

[dist]
# distance from previous block
# <min> <max>
2	4

[block]
# block no. 1 follows, 13 sequences, length 97
# corresponding to MSA columns:
# 104-200
name=unknown_B
#
# <colnr> <probs for GDERKNQSTAVLIFYWHMCP>
#	G	D	E	R	K	N	Q	S	T	A	V	L	I	F	Y	W	H	M	C	P
0	0.04308	0.01798	0.02455	0.01925	0.02631	0.01669	0.01586	0.04707	0.02897	0.48550	0.07351	0.03769	0.02996	0.01414	0.01293	0.00340	0.06292	0.01107	0.01223	0.01688
1	0.02650	0.02225	0.02372	0.02102	0.02691	0.02540	0.01642	0.09456	0.45335	0.04605	0.08788	0.04177	0.03711	0.01486	0.01090	0.00353	0.00835	0.01239	0.01082	0.01624
2	0.01425	0.01078	0.01314	0.01255	0.01536	0.00967	0.00941	0.01857	0.02824	0.03839	0.42642	0.08559	0.23274	0.02311	0.01248	0.00340	0.00509	0.02005	0.01111	0.00967
3	0.02617	0.02512	0.04292	0.06490	0.56246	0.02512	0.03245	0.03245	0.02407	0.03454	0.01989	0.02617	0.01675	0.00942	0.01047	0.00314	0.01256	0.00942	0.00523	0.01675
4	0.01288	0.00920	0.01227	0.01472	0.01534	0.00859	0.00981	0.01472	0.02024	0.02699	0.05828	0.62152	0.06993	0.03312	0.01350	0.00429	0.00613	0.03006	0.00981	0.00859
5	0.70310	0.02045	0.01554	0.01390	0.02045	0.02372	0.01145	0.03108	0.01799	0.04744	0.01472	0.01718	0.01145	0.00981	0.00654	0.00327	0.00818	0.00573	0.00654	0.01145
6	0.30276	0.01941	0.02094	0.01715	0.02447	0.01979	0.01405	0.04395	0.07507	0.31392	0.03125	0.02894	0.02098	0.01192	0.00904	0.00330	0.00861	0.00883	0.01029	0.01530
7	0.02827	0.63478	0.05540	0.01809	0.02714	0.04184	0.01809	0.03166	0.02148	0.02488	0.01470	0.01696	0.01357	0.00905	0.00678	0.00226	0.01131	0.00565	0.00452	0.01357
8	0.09842	0.04029	0.02932	0.02501	0.03164	0.33779	0.01952	0.21524	0.03599	0.04241	0.01944	0.02117	0.01499	0.01144	0.00964	0.00293	0.01544	0.00769	0.00738	0.01424
9	0.70310	0.02045	0.01554	0.01390	0.02045	0.02372	0.01145	0.03108	0.01799	0.04744	0.01472	0.01718	0.01145	0.00981	0.00654	0.00327	0.00818	0.00573	0.00654	0.01145
10	0.10221	0.03046	0.19131	0.02229	0.03260	0.02065	0.02272	0.08770	0.02845	0.31002	0.03069	0.02904	0.02011	0.01181	0.01005	0.00329	0.01118	0.00920	0.00960	0.01664
11	0.01288	0.00920	0.01227	0.01472	0.01534	0.00859	0.00981	0.01472	0.02024	0.02699	0.05828	0.62152	0.06993	0.03312	0.01350	0.00429	0.00613	0.03006	0.00981	0.00859
12	0.22961	0.01938	0.05859	0.01815	0.02440	0.01740	0.06269	0.02928	0.02483	0.10958	0.19688	0.04787	0.08990	0.01536	0.01027	0.00335	0.00848	0.01281	0.00902	0.01217
13	0.01538	0.01025	0.01153	0.01153	0.01153	0.01025	0.00641	0.01538	0.01538	0.02050	0.03331	0.06919	0.03844	0.62842	0.05382	0.01025	0.01025	0.01538	0.00641	0.00641
14	0.02042	0.18698	0.19202	0.01944	0.02696	0.02296	0.02020	0.02592	0.02113	0.02878	0.09453	0.04087	0.03187	0.16048	0.06059	0.00564	0.01271	0.01079	0.00599	0.01174
15	0.02192	0.01879	0.02192	0.01566	0.02506	0.01409	0.01253	0.02662	0.02192	0.03445	0.01879	0.02192	0.01566	0.00783	0.00783	0.00157	0.00783	0.00626	0.00626	0.69305
16	0.03583	0.03385	0.11897	0.02702	0.06975	0.10605	0.02286	0.23590	0.03575	0.12706	0.02467	0.02539	0.01760	0.01149	0.01015	0.00304	0.01274	0.00878	0.00855	0.06454
17	0.03080	0.02691	0.02906	0.02886	0.10569	0.07047	0.02011	0.17085	0.30513	0.04711	0.03323	0.03244	0.02502	0.01296	0.01058	0.00335	0.01061	0.01058	0.00952	0.01671
18	0.01357	0.01041	0.01242	0.01264	0.01512	0.00927	0.00921	0.01698	0.02558	0.03375	0.27610	0.20788	0.26666	0.02612	0.01271	0.00363	0.00538	0.02275	0.01055	0.00927
19	0.02735	0.02323	0.02450	0.02173	0.02789	0.02679	0.01699	0.09178	0.50606	0.04592	0.04170	0.03838	0.03120	0.01422	0.01074	0.00355	0.00861	0.01177	0.01074	0.01683
20	0.01341	0.01075	0.01198	0.01167	0.01484	0.00932	0.00875	0.01695	0.02626	0.03369	0.27387	0.09331	0.38821	0.02486	0.01249	0.00348	0.00522	0.02113	0.01049	0.00932
21	0.03558	0.02508	0.03510	0.04106	0.26575	0.02562	0.02456	0.20415	0.03411	0.16274	0.02653	0.02806	0.01923	0.01133	0.01054	0.00318	0.01147	0.00972	0.00876	0.01744
22	0.03673	0.02473	0.03411	0.03853	0.23610	0.02516	0.02364	0.20718	0.03454	0.19031	0.02767	0.02856	0.01972	0.01153	0.01055	0.00319	0.01128	0.00978	0.00919	0.01751
23	0.70310	0.02045	0.01554	0.01390	0.02045	0.02372	0.01145	0.03108	0.01799	0.04744	0.01472	0.01718	0.01145	0.00981	0.00654	0.00327	0.00818	0.00573	0.00654	0.01145
24	0.02298	0.20033	0.44353	0.02711	0.04109	0.02889	0.03380	0.03303	0.02211	0.03132	0.01790	0.02098	0.01344	0.00979	0.00923	0.00308	0.01454	0.00727	0.00448	0.01511
25	0.03080	0.02495	0.02645	0.02243	0.02921	0.02840	0.01783	0.20896	0.38325	0.05150	0.03731	0.03489	0.02764	0.01381	0.01070	0.00345	0.00943	0.01116	0.01070	0.01714
26	0.01477	0.01080	0.01386	0.01309	0.01567	0.00989	0.00982	0.01957	0.02946	0.04128	0.52059	0.08082	0.13675	0.02203	0.01247	0.00335	0.00502	0.01938	0.01149	0.00989
27	0.02590	0.11204	0.19549	0.02409	0.03336	0.06607	0.02395	0.04521	0.28350	0.03725	0.03029	0.02999	0.02288	0.01213	0.00995	0.00329	0.01168	0.00954	0.00769	0.01569
28	0.01617	0.00997	0.01213	0.01213	0.01213	0.00997	0.00714	0.01495	0.01495	0.01993	0.02934	0.05934	0.03310	0.47113	0.05049	0.19158	0.00997	0.01373	0.00592	0.00592
29	0.01674	0.01343	0.01949	0.01718	0.02060	0.01291	0.06028	0.02402	0.07396	0.04032	0.41391	0.12037	0.08296	0.02080	0.01241	0.00346	0.00663	0.01885	0.01079	0.01086
30	0.03950	0.05039	0.02996	0.02724	0.03269	0.58597	0.02043	0.04222	0.02996	0.02588	0.01634	0.01907	0.01362	0.01090	0.00953	0.00272	0.01907	0.00681	0.00545	0.01226
31	0.03950	0.05039	0.02996	0.02724	0.03269	0.58597	0.02043	0.04222	0.02996	0.02588	0.01634	0.01907	0.01362	0.01090	0.00953	0.00272	0.01907	0.00681	0.00545	0.01226
32	0.03810	0.01953	0.02921	0.03234	0.18884	0.01796	0.02019	0.04293	0.02835	0.36039	0.08063	0.03680	0.02981	0.01273	0.01074	0.00324	0.00973	0.01101	0.01057	0.01691
33	0.50372	0.01970	0.01828	0.01540	0.02244	0.02123	0.01269	0.03730	0.02172	0.20628	0.02293	0.02290	0.01593	0.01081	0.00779	0.00327	0.00843	0.00722	0.00853	0.01344
34	0.01535	0.01035	0.01203	0.01203	0.01221	0.01052	0.00703	0.01570	0.01552	0.02087	0.03286	0.06665	0.03734	0.57804	0.10268	0.01087	0.01191	0.01500	0.00634	0.00668
35	0.02192	0.01879	0.02192	0.01566	0.02506	0.01409	0.01253	0.02662	0.02192	0.03445	0.01879	0.02192	0.01566	0.00783	0.00783	0.00157	0.00783	0.00626	0.00626	0.69305
36	0.02313	0.02313	0.03238	0.02776	0.02776	0.03238	0.02313	0.02545	0.01619	0.02545	0.01388	0.02313	0.01388	0.01851	0.03470	0.00463	0.60907	0.00925	0.00463	0.01157
37	0.03950	0.05039	0.02996	0.02724	0.03269	0.58597	0.02043	0.04222	0.02996	0.02588	0.01634	0.01907	0.01362	0.01090	0.00953	0.00272	0.01907	0.00681	0.00545	0.01226
38	0.01436	0.01078	0.01329	0.01266	0.01542	0.00972	0.00950	0.01878	0.02850	0.03900	0.44628	0.08458	0.21249	0.02288	0.01248	0.00339	0.00508	0.01991	0.01119	0.00972
39	0.01496	0.01081	0.01413	0.01330	0.01580	0.00998	0.00998	0.01995	0.02993	0.04240	0.55689	0.07898	0.09976	0.02162	0.01247	0.00333	0.00499	0.01912	0.01164	0.00998
40	0.01538	0.01025	0.01153	0.01153	0.01153	0.01025	0.00641	0.01538	0.01538	0.02050	0.03331	0.06919	0.03844	0.62842	0.05382	0.01025	0.01025	0.01538	0.00641	0.00641
41	0.02827	0.63478	0.05540	0.01809	0.02714	0.04184	0.01809	0.03166	0.02148	0.02488	0.01470	0.01696	0.01357	0.00905	0.00678	0.00226	0.01131	0.00565	0.00452	0.01357
42	0.02121	0.05469	0.57364	0.03014	0.04576	0.02455	0.03906	0.03348	0.02232	0.03348	0.01897	0.02232	0.01339	0.01005	0.01005	0.00335	0.01563	0.00781	0.00446	0.01563
43	0.02827	0.63478	0.05540	0.01809	0.02714	0.04184	0.01809	0.03166	0.02148	0.02488	0.01470	0.01696	0.01357	0.00905	0.00678	0.00226	0.01131	0.00565	0.00452	0.01357
44	0.10264	0.16967	0.07622	0.02089	0.02912	0.14505	0.01867	0.04154	0.02636	0.23465	0.02564	0.02508	0.01814	0.01113	0.00907	0.00293	0.01214	0.00797	0.00816	0.01493
45	0.01458	0.01079	0.01360	0.01290	0.01556	0.00981	0.00967	0.01920	0.02901	0.04023	0.48631	0.08255	0.17169	0.02243	0.01247	0.00336	0.00505	0.01962	0.01135	0.00981
46	0.02192	0.01879	0.02192	0.01566	0.02506	0.01409	0.01253	0.02662	0.02192	0.03445	0.01879	0.02192	0.01566	0.00783	0.00783	0.00157	0.00783	0.00626	0.00626	0.69305
47	0.04446	0.02277	0.02750	0.02108	0.02938	0.02263	0.01741	0.24717	0.03826	0.36285	0.03500	0.03163	0.02280	0.01292	0.01061	0.00323	0.01008	0.01017	0.01205	0.01799
48	0.70310	0.02045	0.01554	0.01390	0.02045	0.02372	0.01145	0.03108	0.01799	0.04744	0.01472	0.01718	0.01145	0.00981	0.00654	0.00327	0.00818	0.00573	0.00654	0.01145
49	0.01761	0.01143	0.01474	0.01355	0.01665	0.01037	0.01029	0.02231	0.02942	0.08776	0.47007	0.07727	0.13531	0.02133	0.01231	0.00334	0.00538	0.01866	0.01160	0.01059
50	0.03676	0.19257	0.03615	0.02501	0.03134	0.45358	0.01986	0.03965	0.02790	0.02563	0.01594	0.01855	0.01361	0.01045	0.00886	0.00261	0.01718	0.00653	0.00522	0.01258
51	0.04222	0.01684	0.02286	0.01793	0.02519	0.01465	0.01465	0.04645	0.03021	0.48500	0.12453	0.04290	0.03800	0.01446	0.01093	0.00328	0.00835	0.01200	0.01285	0.01670
52	0.02826	0.48070	0.13847	0.02068	0.03075	0.03811	0.02174	0.07989	0.02435	0.03033	0.01644	0.01866	0.01397	0.00956	0.00769	0.00253	0.01205	0.00638	0.00510	0.01433
53	0.04267	0.02129	0.02883	0.02726	0.11437	0.02028	0.01911	0.13652	0.03287	0.39036	0.03517	0.03244	0.02314	0.01242	0.01060	0.00323	0.01006	0.01023	0.01136	0.01779
54	0.01260	0.01030	0.01114	0.01182	0.01457	0.00883	0.00852	0.01505	0.02304	0.02813	0.09366	0.24492	0.42369	0.02853	0.01277	0.00377	0.00557	0.02445	0.00982	0.00883
55	0.04013	0.03163	0.03156	0.02461	0.03278	0.08629	0.02013	0.48030	0.04780	0.06269	0.02451	0.02477	0.01756	0.01252	0.01048	0.00313	0.01235	0.00926	0.01008	0.01743
56	0.02197	0.02181	0.03486	0.27034	0.04916	0.02814	0.07170	0.02688	0.01907	0.02688	0.01663	0.02575	0.01417	0.01430	0.02255	0.00407	0.30552	0.00961	0.00472	0.01189
57	0.02530	0.25312	0.34614	0.02574	0.03818	0.08198	0.03017	0.03366	0.02274	0.02984	0.01727	0.02019	0.01347	0.00978	0.00888	0.00292	0.01446	0.00698	0.00457	0.01461
58	0.02762	0.58157	0.10295	0.01920	0.02885	0.04025	0.02002	0.03183	0.02156	0.02567	0.01509	0.01745	0.01355	0.00914	0.00708	0.00236	0.01170	0.00585	0.00452	0.01376
59	0.01467	0.01092	0.01608	0.01655	0.01819	0.01232	0.01256	0.01808	0.01762	0.02502	0.03412	0.15380	0.03485	0.07036	0.47561	0.01453	0.02403	0.01495	0.00647	0.00928
60	0.01288	0.00920	0.01227	0.01472	0.01534	0.00859	0.00981	0.01472	0.02024	0.02699	0.05828	0.62152	0.06993	0.03312	0.01350	0.00429	0.00613	0.03006	0.00981	0.00859
61	0.03950	0.05039	0.02996	0.02724	0.03269	0.58597	0.02043	0.04222	0.02996	0.02588	0.01634	0.01907	0.01362	0.01090	0.00953	0.00272	0.01907	0.00681	0.00545	0.01226
62	0.18762	0.01852	0.02261	0.01776	0.02559	0.01729	0.01467	0.04716	0.02764	0.45811	0.03594	0.03197	0.02303	0.01239	0.00976	0.00327	0.00882	0.00958	0.01169	0.01659
63	0.02192	0.01879	0.02192	0.01566	0.02506	0.01409	0.01253	0.02662	0.02192	0.03445	0.01879	0.02192	0.01566	0.00783	0.00783	0.00157	0.00783	0.00626	0.00626	0.69305
64	0.70310	0.02045	0.01554	0.01390	0.02045	0.02372	0.01145	0.03108	0.01799	0.04744	0.01472	0.01718	0.01145	0.00981	0.00654	0.00327	0.00818	0.00573	0.00654	0.01145
65	0.02157	0.05216	0.52419	0.03153	0.04668	0.02477	0.08597	0.03352	0.02258	0.03352	0.01921	0.02292	0.01365	0.00994	0.01028	0.00337	0.01584	0.00826	0.00455	0.01549
66	0.03257	0.02557	0.03249	0.03552	0.19201	0.02752	0.02262	0.21501	0.17693	0.08420	0.02967	0.03021	0.02210	0.01218	0.01060	0.00328	0.01084	0.01024	0.00917	0.01726
67	0.01551	0.01171	0.01676	0.06802	0.02196	0.01263	0.01286	0.01978	0.02240	0.03158	0.23871	0.05738	0.05549	0.09197	0.26486	0.00981	0.01635	0.01457	0.00802	0.00963
68	0.03461	0.02707	0.03031	0.02712	0.07898	0.03008	0.02017	0.33627	0.20068	0.05678	0.03037	0.02982	0.02231	0.01291	0.01062	0.00330	0.01070	0.01027	0.01015	0.01748
69	0.02574	0.02370	0.02151	0.01918	0.02357	0.13871	0.01468	0.12148	0.07918	0.04228	0.25628	0.09645	0.05770	0.01794	0.01142	0.00327	0.00963	0.01495	0.00989	0.01244
70	0.02619	0.02468	0.03946	0.05700	0.46508	0.02534	0.02959	0.03677	0.11861	0.03631	0.02410	0.02859	0.01957	0.01032	0.01052	0.00322	0.01180	0.00988	0.00624	0.01675
71	0.01410	0.00971	0.01191	0.01316	0.01347	0.00940	0.00815	0.01504	0.01786	0.02382	0.04606	0.35130	0.05452	0.32437	0.03322	0.00721	0.00815	0.02287	0.00815	0.00752
72	0.03011	0.21890	0.07752	0.02211	0.03016	0.08265	0.01977	0.12679	0.21008	0.03961	0.02695	0.02689	0.02088	0.01177	0.00933	0.00301	0.01136	0.00880	0.00783	0.01548
73	0.02764	0.02169	0.07131	0.01971	0.02619	0.01985	0.01685	0.04432	0.26074	0.15622	0.16553	0.04677	0.04566	0.01545	0.01108	0.00343	0.00834	0.01304	0.01091	0.01526
74	0.03504	0.01988	0.02576	0.02220	0.07506	0.01724	0.01627	0.07853	0.02804	0.27324	0.02954	0.02879	0.02058	0.01069	0.00953	0.00259	0.00908	0.00874	0.00953	0.27969
75	0.70310	0.02045	0.01554	0.01390	0.02045	0.02372	0.01145	0.03108	0.01799	0.04744	0.01472	0.01718	0.01145	0.00981	0.00654	0.00327	0.00818	0.00573	0.00654	0.01145
76	0.02383	0.03824	0.29091	0.02570	0.03637	0.02545	0.02758	0.04516	0.29030	0.03901	0.03135	0.03113	0.02310	0.01226	0.01041	0.00347	0.01189	0.00994	0.00770	0.01620
77	0.01510	0.01133	0.01699	0.01699	0.01888	0.01322	0.01322	0.01888	0.01699	0.02454	0.02832	0.04154	0.02643	0.07930	0.58652	0.01699	0.02832	0.01133	0.00566	0.00944
78	0.46301	0.02438	0.02206	0.07427	0.07126	0.07900	0.01642	0.07576	0.02274	0.04414	0.01661	0.01982	0.01291	0.01021	0.00788	0.00322	0.01043	0.00680	0.00652	0.01256
79	0.01530	0.01132	0.01658	0.01680	0.01860	0.01289	0.01305	0.01889	0.01754	0.02489	0.03124	0.05078	0.03051	0.11659	0.49342	0.01537	0.02524	0.05567	0.00609	0.00924
80	0.01510	0.01133	0.01699	0.01699	0.01888	0.01322	0.01322	0.01888	0.01699	0.02454	0.02832	0.04154	0.02643	0.07930	0.58652	0.01699	0.02832	0.01133	0.00566	0.00944
81	0.01971	0.00985	0.00985	0.00985	0.01232	0.00985	0.00739	0.02464	0.02217	0.03942	0.03449	0.03942	0.02710	0.01232	0.00739	0.00246	0.00493	0.00985	0.68712	0.00985
82	0.02121	0.05469	0.57364	0.03014	0.04576	0.02455	0.03906	0.03348	0.02232	0.03348	0.01897	0.02232	0.01339	0.01005	0.01005	0.00335	0.01563	0.00781	0.00446	0.01563
83	0.02192	0.01879	0.02192	0.01566	0.02506	0.01409	0.01253	0.02662	0.02192	0.03445	0.01879	0.02192	0.01566	0.00783	0.00783	0.00157	0.00783	0.00626	0.00626	0.69305
84	0.02313	0.02313	0.03238	0.02776	0.02776	0.03238	0.02313	0.02545	0.01619	0.02545	0.01388	0.02313	0.01388	0.01851	0.03470	0.00463	0.60907	0.00925	0.00463	0.01157
85	0.02496	0.02852	0.06239	0.04456	0.05526	0.02674	0.52406	0.03387	0.02496	0.03387	0.02139	0.02852	0.01604	0.00891	0.01248	0.00357	0.01783	0.01248	0.00535	0.01426
86	0.70310	0.02045	0.01554	0.01390	0.02045	0.02372	0.01145	0.03108	0.01799	0.04744	0.01472	0.01718	0.01145	0.00981	0.00654	0.00327	0.00818	0.00573	0.00654	0.01145
87	0.04744	0.01799	0.02454	0.01881	0.02699	0.01554	0.01554	0.05153	0.03026	0.56979	0.04171	0.03599	0.02617	0.01309	0.01063	0.00327	0.00900	0.01063	0.01309	0.01799
88	0.70310	0.02045	0.01554	0.01390	0.02045	0.02372	0.01145	0.03108	0.01799	0.04744	0.01472	0.01718	0.01145	0.00981	0.00654	0.00327	0.00818	0.00573	0.00654	0.01145
89	0.01704	0.01217	0.01704	0.01947	0.02191	0.01217	0.01704	0.02191	0.02434	0.03164	0.05598	0.11926	0.06085	0.02921	0.01460	0.00487	0.00974	0.49130	0.00974	0.00974
90	0.02387	0.01759	0.03098	0.02399	0.03005	0.01618	0.17060	0.02992	0.02844	0.13401	0.29853	0.05563	0.06061	0.01615	0.01214	0.00339	0.00969	0.01554	0.00994	0.01274
91	0.70310	0.02045	0.01554	0.01390	0.02045	0.02372	0.01145	0.03108	0.01799	0.04744	0.01472	0.01718	0.01145	0.00981	0.00654	0.00327	0.00818	0.00573	0.00654	0.01145
92	0.02572	0.02410	0.03781	0.09625	0.40549	0.02526	0.02870	0.03734	0.13997	0.03613	0.02498	0.02929	0.02002	0.01061	0.01054	0.00327	0.01174	0.00999	0.00643	0.01636
93	0.01338	0.01075	0.01193	0.01164	0.01482	0.00930	0.00873	0.01688	0.02618	0.03351	0.26794	0.09361	0.39426	0.02493	0.01249	0.00348	0.00522	0.02117	0.01047	0.00930
94	0.01518	0.01273	0.01344	0.01292	0.01672	0.01198	0.00979	0.02275	0.11151	0.03333	0.16672	0.08782	0.39893	0.02390	0.01220	0.00353	0.00580	0.02009	0.01026	0.01039
95	0.01496	0.01081	0.01413	0.01330	0.01580	0.00998	0.00998	0.01995	0.02993	0.04240	0.55689	0.07898	0.09976	0.02162	0.01247	0.00333	0.00499	0.01912	0.01164	0.00998
96	0.03106	0.03564	0.04766	0.03889	0.08694	0.21395	0.27800	0.07383	0.02843	0.03373	0.01988	0.02493	0.01544	0.00990	0.01119	0.00322	0.01735	0.01011	0.00577	0.01407

[dist]
# distance from previous block
# <min> <max>
0	0

# created by:
# /st0/software/busco_prod/Augustus/scripts/msa2prfl.pl ./align_prep/10044.fa
