[name]
unknown

[dist]
# distance from previous block
# <min> <max>
7	234

[block]
# block no. 0 follows, 13 sequences, length 16
# corresponding to MSA columns:
# 248-263
name=unknown_A
#
# <colnr> <probs for GDERKNQSTAVLIFYWHMCP>
#	G	D	E	R	K	N	Q	S	T	A	V	L	I	F	Y	W	H	M	C	P
0	0.02387	0.01938	0.06700	0.05142	0.02755	0.01701	0.05388	0.10335	0.02796	0.09703	0.12605	0.16971	0.04556	0.05878	0.01429	0.00394	0.00938	0.01626	0.05517	0.01243
1	0.03370	0.02459	0.03065	0.16761	0.04196	0.06449	0.05240	0.15510	0.11138	0.16468	0.02935	0.03045	0.02069	0.01215	0.01066	0.00334	0.01205	0.01011	0.00903	0.01560
2	0.03377	0.13027	0.03499	0.06503	0.09103	0.02967	0.02058	0.27687	0.03632	0.09099	0.02630	0.07001	0.02141	0.01313	0.01014	0.00313	0.01122	0.01047	0.00870	0.01596
3	0.10582	0.07762	0.03018	0.12017	0.03661	0.06617	0.01986	0.21547	0.14116	0.04691	0.02530	0.02678	0.01894	0.01194	0.00978	0.00322	0.01145	0.00909	0.00833	0.01520
4	0.01903	0.01086	0.01455	0.01530	0.01739	0.00991	0.01082	0.02154	0.02283	0.12203	0.09944	0.47256	0.06501	0.02865	0.01291	0.00403	0.00653	0.02574	0.01054	0.01033
5	0.03630	0.06947	0.02968	0.02175	0.02856	0.02653	0.01802	0.26921	0.03619	0.17578	0.02988	0.06746	0.02321	0.01832	0.04681	0.00415	0.06188	0.01094	0.00988	0.01598
6	0.03032	0.03262	0.13649	0.03171	0.11084	0.07370	0.07928	0.14203	0.03008	0.08379	0.02234	0.02497	0.01660	0.01035	0.01011	0.00294	0.01299	0.00880	0.00710	0.13296
7	0.02081	0.01397	0.01893	0.11659	0.02792	0.01414	0.01449	0.05779	0.02721	0.10071	0.22067	0.18147	0.10113	0.02100	0.01202	0.00357	0.00777	0.01841	0.01000	0.01141
8	0.01900	0.01099	0.01442	0.01497	0.01730	0.00994	0.01067	0.02157	0.02315	0.12217	0.10355	0.42882	0.10609	0.02812	0.01283	0.00397	0.00646	0.02509	0.01054	0.01036
9	0.06529	0.01910	0.02738	0.15466	0.11575	0.04674	0.05128	0.02968	0.02331	0.11858	0.03410	0.20225	0.03280	0.01730	0.01125	0.00360	0.01083	0.01551	0.00784	0.01276
10	0.02280	0.03616	0.27928	0.14828	0.04372	0.05889	0.02847	0.03099	0.02354	0.07413	0.03581	0.03817	0.10862	0.01335	0.01059	0.00338	0.01322	0.01081	0.00620	0.01360
11	0.02573	0.04836	0.47887	0.02818	0.04252	0.02300	0.03500	0.03660	0.02369	0.12605	0.02290	0.02468	0.01560	0.01057	0.01015	0.00334	0.01448	0.00830	0.00595	0.01603
12	0.01428	0.01375	0.05604	0.05459	0.02168	0.01111	0.01346	0.01774	0.02186	0.02893	0.09096	0.39915	0.13510	0.02802	0.01289	0.00404	0.00739	0.05031	0.00918	0.00953
13	0.02570	0.07434	0.16819	0.03993	0.22909	0.02377	0.06982	0.03302	0.02358	0.06912	0.02069	0.02471	0.01609	0.00947	0.00983	0.00290	0.01260	0.00856	0.00571	0.13285
14	0.01944	0.01760	0.02488	0.02239	0.02313	0.02331	0.01806	0.02216	0.01645	0.02474	0.02091	0.03361	0.02054	0.08570	0.25192	0.00986	0.33928	0.01050	0.00516	0.01037
15	0.02448	0.05036	0.48011	0.02913	0.04352	0.02598	0.03579	0.11870	0.02705	0.03921	0.02008	0.02285	0.01419	0.01050	0.01014	0.00332	0.01494	0.00811	0.00552	0.01603

[dist]
# distance from previous block
# <min> <max>
0	1

[block]
# block no. 1 follows, 13 sequences, length 9
# corresponding to MSA columns:
# 265-273
name=unknown_B
#
# <colnr> <probs for GDERKNQSTAVLIFYWHMCP>
#	G	D	E	R	K	N	Q	S	T	A	V	L	I	F	Y	W	H	M	C	P
0	0.03207	0.03245	0.19025	0.03292	0.13133	0.02365	0.05788	0.10456	0.06744	0.17921	0.02788	0.02866	0.01952	0.01133	0.01055	0.00330	0.01241	0.00967	0.00819	0.01675
1	0.09269	0.02907	0.02603	0.02187	0.02880	0.16893	0.01731	0.10981	0.13538	0.21538	0.03111	0.02941	0.02190	0.01246	0.01004	0.00318	0.01176	0.00937	0.00978	0.01572
2	0.01508	0.01123	0.01647	0.01632	0.01832	0.01262	0.01262	0.01908	0.01936	0.02781	0.12510	0.04839	0.03986	0.06874	0.48141	0.01449	0.02405	0.01276	0.00676	0.00954
3	0.02262	0.03599	0.29472	0.13106	0.04334	0.02226	0.02914	0.03499	0.09630	0.06929	0.08882	0.03352	0.02743	0.01234	0.01057	0.00341	0.01262	0.01023	0.00681	0.01454
4	0.02766	0.02160	0.03495	0.09792	0.12393	0.01974	0.11963	0.03361	0.02431	0.13151	0.02368	0.02722	0.01766	0.00958	0.01001	0.00276	0.01152	0.00917	0.00698	0.24658
5	0.03394	0.02300	0.02634	0.01972	0.02852	0.02187	0.01612	0.23241	0.03462	0.14541	0.02564	0.02589	0.01852	0.01075	0.00945	0.00252	0.00957	0.00837	0.00925	0.29809
6	0.02352	0.08003	0.35488	0.02374	0.03550	0.02160	0.02820	0.03269	0.02284	0.07622	0.02330	0.02614	0.01707	0.01048	0.00924	0.00299	0.01232	0.00816	0.13026	0.06081
7	0.02202	0.03189	0.24174	0.02461	0.03432	0.01922	0.08184	0.03135	0.05589	0.07674	0.10184	0.08658	0.06635	0.01471	0.01101	0.00334	0.01151	0.01293	0.00748	0.06464
8	0.02176	0.01272	0.01639	0.01462	0.01868	0.01119	0.01116	0.02592	0.02755	0.14745	0.30199	0.14174	0.11031	0.02072	0.01185	0.00332	0.00624	0.01807	0.01110	0.06723

[dist]
# distance from previous block
# <min> <max>
0	2

[block]
# block no. 2 follows, 13 sequences, length 10
# corresponding to MSA columns:
# 276-285
name=unknown_C
#
# <colnr> <probs for GDERKNQSTAVLIFYWHMCP>
#	G	D	E	R	K	N	Q	S	T	A	V	L	I	F	Y	W	H	M	C	P
0	0.48703	0.10932	0.02243	0.01482	0.02222	0.02468	0.01260	0.03039	0.01918	0.04191	0.01542	0.01797	0.01249	0.00936	0.00680	0.00283	0.00857	0.00581	0.00620	0.12997
1	0.02061	0.01740	0.02052	0.01552	0.02365	0.01330	0.01213	0.02490	0.02168	0.03337	0.02452	0.10894	0.02354	0.01150	0.00865	0.00196	0.00758	0.00972	0.00678	0.59372
2	0.02192	0.01879	0.02192	0.01566	0.02506	0.01409	0.01253	0.02662	0.02192	0.03445	0.01879	0.02192	0.01566	0.00783	0.00783	0.00157	0.00783	0.00626	0.00626	0.69305
3	0.03671	0.08313	0.17211	0.02247	0.03234	0.05632	0.02235	0.04486	0.06812	0.30626	0.03193	0.02998	0.02143	0.01190	0.01009	0.00320	0.01151	0.00933	0.00942	0.01653
4	0.25313	0.12618	0.02557	0.01549	0.02386	0.02216	0.01313	0.02900	0.02052	0.03718	0.01671	0.01946	0.01388	0.00871	0.00721	0.00226	0.00855	0.00598	0.00606	0.34497
5	0.01607	0.01000	0.01205	0.01205	0.01205	0.01000	0.00705	0.01501	0.01501	0.02001	0.02986	0.06062	0.03380	0.49162	0.05093	0.16796	0.01000	0.01394	0.00599	0.00599
6	0.02517	0.02951	0.12789	0.03130	0.08843	0.02596	0.11015	0.04602	0.31161	0.03961	0.03281	0.03327	0.02465	0.01217	0.01090	0.00350	0.01168	0.01108	0.00818	0.01611
7	0.01359	0.00975	0.01290	0.01424	0.01549	0.00906	0.00987	0.01650	0.02353	0.03222	0.22734	0.43756	0.08005	0.02922	0.01315	0.00397	0.00575	0.02635	0.01043	0.00906
8	0.02909	0.03102	0.12283	0.02473	0.03265	0.07032	0.04696	0.12683	0.21072	0.07335	0.03435	0.03416	0.05188	0.01363	0.01210	0.00345	0.04691	0.01077	0.00866	0.01561
9	0.08127	0.15234	0.43561	0.02665	0.04035	0.02748	0.03304	0.03296	0.02180	0.03320	0.01787	0.02095	0.01326	0.00985	0.00918	0.00315	0.01423	0.00726	0.00465	0.01491

[dist]
# distance from previous block
# <min> <max>
0	1

[block]
# block no. 3 follows, 13 sequences, length 15
# corresponding to MSA columns:
# 287-301
name=unknown_D
#
# <colnr> <probs for GDERKNQSTAVLIFYWHMCP>
#	G	D	E	R	K	N	Q	S	T	A	V	L	I	F	Y	W	H	M	C	P
0	0.03339	0.02213	0.02959	0.14473	0.03959	0.02380	0.05243	0.13034	0.16623	0.19448	0.03306	0.03291	0.02314	0.01255	0.01076	0.00341	0.01094	0.01064	0.00977	0.01611
1	0.02687	0.21648	0.15342	0.02684	0.08536	0.02701	0.06202	0.03318	0.02314	0.08361	0.02013	0.02279	0.01571	0.00942	0.00887	0.00263	0.01189	0.00762	0.00585	0.15716
2	0.70310	0.02045	0.01554	0.01390	0.02045	0.02372	0.01145	0.03108	0.01799	0.04744	0.01472	0.01718	0.01145	0.00981	0.00654	0.00327	0.00818	0.00573	0.00654	0.01145
3	0.02962	0.56460	0.05235	0.01919	0.02780	0.10719	0.01837	0.03293	0.02250	0.02500	0.01490	0.01721	0.01357	0.00927	0.00711	0.00232	0.01224	0.00579	0.00463	0.01341
4	0.08286	0.01797	0.01892	0.01653	0.02176	0.01946	0.01304	0.09826	0.18775	0.10317	0.03523	0.03556	0.02624	0.01287	0.00911	0.00305	0.00751	0.01022	0.26650	0.01399
5	0.01880	0.07846	0.14576	0.02504	0.08987	0.01855	0.02035	0.02592	0.06383	0.03056	0.03976	0.31501	0.04283	0.02145	0.01154	0.00370	0.00967	0.01896	0.00768	0.01224
6	0.01445	0.01059	0.01364	0.01392	0.01613	0.00978	0.01042	0.01850	0.02667	0.03652	0.35127	0.20056	0.14126	0.02538	0.01290	0.00371	0.00574	0.06817	0.01086	0.00954
7	0.02999	0.02427	0.02780	0.02630	0.08082	0.02721	0.01909	0.21012	0.27811	0.04911	0.03347	0.03357	0.02539	0.01913	0.06232	0.00461	0.01167	0.01083	0.00970	0.01650
8	0.01288	0.00920	0.01227	0.01472	0.01534	0.00859	0.00981	0.01472	0.02024	0.02699	0.05828	0.62152	0.06993	0.03312	0.01350	0.00429	0.00613	0.03006	0.00981	0.00859
9	0.02968	0.02383	0.02844	0.02845	0.11606	0.02598	0.01953	0.22183	0.19409	0.05068	0.11254	0.03817	0.03489	0.01405	0.01091	0.00332	0.00975	0.01174	0.00991	0.01615
10	0.02256	0.02144	0.03639	0.37813	0.27745	0.02417	0.03065	0.02929	0.02237	0.03016	0.01925	0.02734	0.01520	0.01009	0.01053	0.00336	0.01345	0.00941	0.00492	0.01384
11	0.02490	0.14378	0.21965	0.02750	0.07859	0.02839	0.02595	0.04201	0.22743	0.03626	0.02775	0.02842	0.02114	0.01151	0.00978	0.00323	0.01174	0.00919	0.00702	0.01579
12	0.01900	0.01495	0.01986	0.01822	0.02016	0.01761	0.01407	0.06925	0.02132	0.03026	0.08983	0.04601	0.03428	0.15048	0.27148	0.01065	0.12315	0.01242	0.00681	0.01019
13	0.38552	0.02441	0.02773	0.08595	0.14290	0.07141	0.05841	0.03212	0.02113	0.03986	0.01686	0.02119	0.01336	0.00983	0.00848	0.00325	0.01135	0.00748	0.00590	0.01288
14	0.30189	0.20403	0.11183	0.02330	0.07982	0.06489	0.02000	0.03244	0.02098	0.03630	0.01594	0.01886	0.01300	0.00966	0.00770	0.00295	0.01128	0.00644	0.00546	0.01324

[dist]
# distance from previous block
# <min> <max>
0	1

[block]
# block no. 4 follows, 13 sequences, length 20
# corresponding to MSA columns:
# 303-322
name=unknown_E
#
# <colnr> <probs for GDERKNQSTAVLIFYWHMCP>
#	G	D	E	R	K	N	Q	S	T	A	V	L	I	F	Y	W	H	M	C	P
0	0.02121	0.05469	0.57364	0.03014	0.04576	0.02455	0.03906	0.03348	0.02232	0.03348	0.01897	0.02232	0.01339	0.01005	0.01005	0.00335	0.01563	0.00781	0.00446	0.01563
1	0.02487	0.07587	0.24969	0.07184	0.03756	0.02394	0.02625	0.03919	0.15729	0.08759	0.07479	0.03318	0.02721	0.01244	0.01032	0.00334	0.01176	0.01013	0.00757	0.01518
2	0.01306	0.01073	0.01150	0.01131	0.01463	0.00917	0.00848	0.01627	0.02544	0.03175	0.21069	0.09651	0.45260	0.02559	0.01249	0.00351	0.00527	0.02158	0.01024	0.00917
3	0.03183	0.02445	0.02938	0.02421	0.03050	0.05956	0.06652	0.19188	0.11682	0.11218	0.03430	0.09263	0.02906	0.01617	0.01281	0.00360	0.04749	0.05189	0.00960	0.01511
4	0.01427	0.01078	0.01317	0.01258	0.01537	0.00968	0.00943	0.01861	0.02829	0.03852	0.43077	0.08537	0.22830	0.02306	0.01248	0.00339	0.00509	0.02002	0.01113	0.00968
5	0.02486	0.30955	0.12730	0.02096	0.02915	0.03222	0.02081	0.03464	0.12208	0.03039	0.02899	0.03028	0.06554	0.01270	0.01121	0.00303	0.06715	0.00904	0.00620	0.01391
6	0.01765	0.01078	0.01337	0.01338	0.01471	0.01025	0.00877	0.01933	0.02042	0.07753	0.12373	0.21974	0.05565	0.31054	0.03210	0.00686	0.00817	0.01956	0.00880	0.00866
7	0.02575	0.02026	0.02262	0.01968	0.02372	0.06126	0.01587	0.11775	0.02958	0.08900	0.15460	0.05721	0.12652	0.01927	0.01611	0.00366	0.12198	0.05333	0.00935	0.01247
8	0.03557	0.01537	0.02073	0.01680	0.02290	0.01351	0.01351	0.03999	0.03014	0.37705	0.22999	0.05170	0.05307	0.01620	0.01130	0.00329	0.00753	0.01373	0.01256	0.01506
9	0.09215	0.07942	0.03390	0.08154	0.03690	0.23139	0.07978	0.08555	0.07430	0.07420	0.02200	0.02440	0.01675	0.01103	0.00981	0.00307	0.01452	0.00855	0.00690	0.01383
10	0.02739	0.20142	0.23353	0.02443	0.03436	0.13422	0.02558	0.07577	0.02572	0.03203	0.02161	0.07704	0.01921	0.01235	0.00945	0.00302	0.01389	0.00930	0.00570	0.01399
11	0.02578	0.18692	0.15886	0.03020	0.04045	0.02801	0.20667	0.03311	0.02315	0.07101	0.02138	0.02610	0.01663	0.01628	0.06570	0.00446	0.01605	0.00952	0.00557	0.01418
12	0.08882	0.02291	0.07364	0.01806	0.02673	0.01831	0.01576	0.07382	0.06922	0.03876	0.02409	0.06856	0.02078	0.01114	0.00884	0.00242	0.00886	0.00894	0.00716	0.39319
13	0.08989	0.08546	0.16063	0.02262	0.03058	0.07831	0.02217	0.12313	0.02690	0.03765	0.02443	0.03445	0.02109	0.02568	0.12116	0.00593	0.01602	0.05382	0.00664	0.01342
14	0.02161	0.19582	0.12819	0.02045	0.02733	0.02534	0.01986	0.02661	0.02120	0.02945	0.07235	0.08568	0.02853	0.02018	0.06416	0.00431	0.09815	0.01075	0.00602	0.09399
15	0.02477	0.16642	0.23922	0.02314	0.03395	0.02695	0.02496	0.08085	0.07341	0.03542	0.02149	0.02421	0.01681	0.01449	0.04519	0.00370	0.01324	0.00789	0.00601	0.11789
16	0.02172	0.11519	0.25319	0.02518	0.03441	0.05699	0.07232	0.02888	0.02192	0.02949	0.02618	0.08377	0.02477	0.07665	0.04773	0.00482	0.01449	0.04383	0.00567	0.01279
17	0.10955	0.13134	0.18993	0.01969	0.02732	0.02206	0.02045	0.02675	0.02073	0.03153	0.06751	0.04052	0.02838	0.11880	0.07084	0.00564	0.01301	0.03802	0.00608	0.01184
18	0.08561	0.20112	0.25112	0.02156	0.03108	0.02575	0.02381	0.02855	0.02086	0.03048	0.02446	0.11544	0.02375	0.05875	0.01256	0.00369	0.01189	0.01098	0.00564	0.01291
19	0.06965	0.17721	0.22257	0.07629	0.03542	0.02648	0.02428	0.06538	0.02327	0.03264	0.02705	0.03253	0.06325	0.06640	0.01322	0.00372	0.01228	0.00936	0.00573	0.01326

[dist]
# distance from previous block
# <min> <max>
1	25

[block]
# block no. 5 follows, 13 sequences, length 18
# corresponding to MSA columns:
# 348-365
name=unknown_F
#
# <colnr> <probs for GDERKNQSTAVLIFYWHMCP>
#	G	D	E	R	K	N	Q	S	T	A	V	L	I	F	Y	W	H	M	C	P
0	0.15726	0.19862	0.13619	0.01840	0.02657	0.02486	0.01856	0.03004	0.02276	0.07803	0.08764	0.06538	0.06921	0.01379	0.00913	0.00308	0.00991	0.01060	0.00710	0.01289
1	0.02474	0.15996	0.26968	0.02374	0.03378	0.06700	0.02603	0.03198	0.02249	0.07272	0.02357	0.06330	0.01993	0.02130	0.09006	0.00504	0.01564	0.00945	0.00576	0.01383
2	0.15406	0.12865	0.23973	0.02287	0.03319	0.02734	0.02464	0.12584	0.02646	0.04063	0.02191	0.06940	0.01849	0.01222	0.00926	0.00321	0.01203	0.00921	0.00647	0.01441
3	0.10067	0.34295	0.25058	0.02226	0.03357	0.03316	0.02543	0.03230	0.02142	0.03070	0.01635	0.01905	0.01327	0.00952	0.00801	0.00279	0.01262	0.00649	0.00473	0.01413
4	0.11914	0.07961	0.18099	0.02209	0.03140	0.10096	0.02196	0.03636	0.05933	0.10481	0.02454	0.05730	0.01958	0.01180	0.00933	0.00303	0.01201	0.00896	0.00695	0.08984
5	0.06740	0.16629	0.07464	0.02284	0.06743	0.02644	0.01883	0.15188	0.02999	0.09975	0.05983	0.07387	0.06917	0.01429	0.00988	0.00311	0.01021	0.01135	0.00828	0.01451
6	0.02378	0.01856	0.01974	0.01730	0.02269	0.05446	0.01380	0.08219	0.07100	0.07969	0.13593	0.06323	0.14310	0.01847	0.01133	0.00326	0.00846	0.08041	0.00965	0.12296
7	0.08543	0.02432	0.08919	0.02101	0.02838	0.02172	0.01868	0.10424	0.17295	0.17132	0.03741	0.07941	0.02996	0.01545	0.01078	0.00356	0.00975	0.05088	0.01005	0.01551
8	0.01826	0.01516	0.05089	0.01549	0.01950	0.01265	0.01259	0.02523	0.08325	0.07818	0.21780	0.19040	0.17349	0.02300	0.01220	0.00362	0.00670	0.01998	0.01041	0.01121
9	0.02837	0.10567	0.13993	0.02129	0.02969	0.02340	0.02064	0.07825	0.06231	0.13610	0.09793	0.03337	0.02957	0.01300	0.01184	0.00309	0.05693	0.00998	0.00823	0.09040
10	0.01532	0.01033	0.01189	0.01178	0.01213	0.01021	0.00690	0.01601	0.01741	0.02356	0.10637	0.07056	0.04700	0.54374	0.04805	0.00928	0.00952	0.01590	0.00714	0.00690
11	0.03661	0.08713	0.02985	0.02285	0.02957	0.24305	0.01820	0.15162	0.07465	0.11262	0.03102	0.03076	0.06031	0.01296	0.01001	0.00300	0.01336	0.00948	0.00836	0.01457
12	0.01496	0.01081	0.01413	0.01330	0.01580	0.00998	0.00998	0.01995	0.02993	0.04240	0.55689	0.07898	0.09976	0.02162	0.01247	0.00333	0.00499	0.01912	0.01164	0.00998
13	0.02718	0.02338	0.02686	0.02299	0.02873	0.06658	0.06120	0.15715	0.17143	0.04451	0.10341	0.07949	0.04049	0.01716	0.01167	0.00360	0.01048	0.07974	0.00975	0.01421
14	0.01625	0.01279	0.01777	0.02021	0.09191	0.01197	0.01290	0.02116	0.02846	0.03976	0.43189	0.07414	0.13921	0.02049	0.01219	0.00333	0.00609	0.01812	0.01054	0.01080
15	0.02954	0.02788	0.10213	0.02253	0.03015	0.02574	0.02006	0.25978	0.14611	0.05130	0.09010	0.08281	0.03374	0.01534	0.01099	0.00339	0.01031	0.01255	0.00982	0.01573
16	0.02562	0.02457	0.04193	0.11213	0.51948	0.02498	0.03218	0.03197	0.02382	0.03388	0.01979	0.02635	0.01651	0.00952	0.01048	0.00317	0.01270	0.00942	0.00519	0.01631
17	0.42408	0.02233	0.06331	0.01688	0.02388	0.02181	0.01478	0.03585	0.08204	0.11727	0.02545	0.06835	0.02052	0.01258	0.00842	0.00339	0.00877	0.00915	0.00803	0.01311

[dist]
# distance from previous block
# <min> <max>
0	3

[block]
# block no. 6 follows, 13 sequences, length 14
# corresponding to MSA columns:
# 369-382
name=unknown_G
#
# <colnr> <probs for GDERKNQSTAVLIFYWHMCP>
#	G	D	E	R	K	N	Q	S	T	A	V	L	I	F	Y	W	H	M	C	P
0	0.17175	0.25632	0.13144	0.02084	0.03036	0.03280	0.02084	0.15337	0.02782	0.04136	0.01807	0.02001	0.01418	0.01028	0.00823	0.00289	0.01148	0.00699	0.00642	0.01456
1	0.02842	0.02897	0.10933	0.04260	0.24190	0.02554	0.09211	0.08956	0.11629	0.07914	0.02613	0.02890	0.01971	0.01089	0.01075	0.00331	0.01257	0.01014	0.00724	0.01649
2	0.03111	0.03032	0.12382	0.02561	0.03328	0.06082	0.05799	0.17965	0.03194	0.11010	0.06132	0.03614	0.02582	0.01447	0.01417	0.00354	0.09125	0.04531	0.00837	0.01497
3	0.01360	0.00971	0.01309	0.01554	0.01646	0.00920	0.01106	0.01596	0.02095	0.02779	0.05788	0.53524	0.06837	0.03245	0.01369	0.00439	0.00675	0.10929	0.00980	0.00879
4	0.02188	0.06820	0.13400	0.11908	0.03378	0.01809	0.02035	0.02790	0.02470	0.10248	0.15578	0.11747	0.07934	0.01712	0.01112	0.00341	0.00986	0.01464	0.00831	0.01249
5	0.01538	0.01025	0.01153	0.01153	0.01153	0.01025	0.00641	0.01538	0.01538	0.02050	0.03331	0.06919	0.03844	0.62842	0.05382	0.01025	0.01025	0.01538	0.00641	0.00641
6	0.02378	0.12218	0.35407	0.02568	0.03755	0.02666	0.02968	0.07109	0.09159	0.03526	0.02303	0.02739	0.01799	0.05444	0.01284	0.00371	0.01344	0.00873	0.00588	0.01502
7	0.01857	0.01008	0.01088	0.01068	0.01315	0.00988	0.00801	0.02351	0.02404	0.04013	0.16004	0.04893	0.04456	0.01455	0.00861	0.00267	0.00494	0.01208	0.52477	0.00988
8	0.02207	0.02474	0.15948	0.12291	0.06837	0.01742	0.02266	0.02878	0.02494	0.10428	0.16454	0.11788	0.04483	0.01646	0.01131	0.00347	0.01035	0.01434	0.00821	0.01298
9	0.11660	0.02241	0.02345	0.01994	0.02613	0.02507	0.01588	0.18575	0.24100	0.05095	0.12241	0.03919	0.03694	0.01452	0.01045	0.00338	0.00873	0.01166	0.01031	0.01525
10	0.02641	0.45000	0.05224	0.12202	0.03865	0.03672	0.08593	0.03115	0.02188	0.02641	0.01627	0.02040	0.01398	0.00929	0.00818	0.00265	0.01263	0.00719	0.00466	0.01335
11	0.70310	0.02045	0.01554	0.01390	0.02045	0.02372	0.01145	0.03108	0.01799	0.04744	0.01472	0.01718	0.01145	0.00981	0.00654	0.00327	0.00818	0.00573	0.00654	0.01145
12	0.02651	0.22303	0.25811	0.02593	0.03714	0.06628	0.05805	0.06847	0.07855	0.03373	0.02058	0.02286	0.01589	0.01035	0.00929	0.00301	0.01366	0.00793	0.00566	0.01498
13	0.13896	0.01874	0.02436	0.02065	0.02580	0.02022	0.07978	0.09290	0.09221	0.03797	0.03491	0.08043	0.06552	0.06554	0.14790	0.00705	0.01439	0.01274	0.00772	0.01220

[dist]
# distance from previous block
# <min> <max>
0	1

[block]
# block no. 7 follows, 13 sequences, length 12
# corresponding to MSA columns:
# 384-395
name=unknown_H
#
# <colnr> <probs for GDERKNQSTAVLIFYWHMCP>
#	G	D	E	R	K	N	Q	S	T	A	V	L	I	F	Y	W	H	M	C	P
0	0.01475	0.01077	0.01364	0.01356	0.01582	0.00999	0.01013	0.01878	0.02667	0.03657	0.36846	0.12509	0.14516	0.07631	0.01634	0.00418	0.00605	0.06769	0.01063	0.00941
1	0.08989	0.08470	0.29778	0.07993	0.04144	0.07131	0.06694	0.03210	0.02322	0.03379	0.06468	0.02706	0.02097	0.01098	0.00986	0.00324	0.01397	0.00884	0.00546	0.01383
2	0.01356	0.01075	0.01219	0.01183	0.01494	0.00938	0.00887	0.01724	0.02662	0.03455	0.30184	0.09189	0.35971	0.02454	0.01248	0.00346	0.00520	0.02093	0.01061	0.00938
3	0.02303	0.08484	0.03866	0.20304	0.09526	0.07040	0.13991	0.02903	0.02386	0.03052	0.07541	0.08594	0.02828	0.01312	0.01100	0.00336	0.01333	0.01239	0.00610	0.01256
4	0.07863	0.08560	0.08856	0.02898	0.07729	0.07711	0.02370	0.07582	0.02239	0.03255	0.01634	0.02217	0.01423	0.01414	0.02100	0.00375	0.29072	0.00834	0.00542	0.01326
5	0.01476	0.01065	0.01395	0.01344	0.01575	0.00984	0.00996	0.01944	0.02898	0.04089	0.50789	0.13229	0.09683	0.02275	0.01257	0.00342	0.00510	0.02020	0.01146	0.00984
6	0.03123	0.02370	0.02995	0.12287	0.03811	0.02590	0.05551	0.23396	0.12660	0.09347	0.03609	0.03659	0.07053	0.01369	0.01093	0.00338	0.01111	0.01142	0.00937	0.01559
7	0.01553	0.01233	0.01706	0.01734	0.01817	0.01421	0.01280	0.01786	0.01813	0.02540	0.03946	0.29582	0.04450	0.09948	0.19030	0.00866	0.11685	0.01958	0.00738	0.00915
8	0.02358	0.04932	0.47012	0.02878	0.04283	0.02554	0.03517	0.08537	0.07133	0.03779	0.02176	0.02415	0.01553	0.01069	0.01016	0.00335	0.01458	0.00835	0.00564	0.01596
9	0.07290	0.07890	0.08125	0.06880	0.08232	0.02217	0.04611	0.07049	0.02424	0.03652	0.01894	0.02269	0.01516	0.00910	0.00878	0.00245	0.01064	0.00744	0.00606	0.31505
10	0.02743	0.06396	0.02618	0.02573	0.11998	0.01842	0.01693	0.03365	0.06896	0.17337	0.08217	0.08875	0.03536	0.06817	0.09756	0.00578	0.01206	0.01298	0.00884	0.01373
11	0.02962	0.26856	0.19051	0.02282	0.03325	0.03196	0.02392	0.11550	0.07513	0.08094	0.02246	0.02346	0.01700	0.01073	0.00899	0.00292	0.01210	0.00787	0.00676	0.01551

[dist]
# distance from previous block
# <min> <max>
0	27

[block]
# block no. 8 follows, 13 sequences, length 64
# corresponding to MSA columns:
# 423-486
name=unknown_I
#
# <colnr> <probs for GDERKNQSTAVLIFYWHMCP>
#	G	D	E	R	K	N	Q	S	T	A	V	L	I	F	Y	W	H	M	C	P
0	0.02536	0.13508	0.15973	0.02131	0.03000	0.02372	0.02114	0.06874	0.02416	0.07979	0.02569	0.10554	0.02320	0.01374	0.01154	0.00300	0.05797	0.01068	0.00682	0.15278
1	0.06567	0.06477	0.10744	0.01788	0.02341	0.01759	0.01628	0.06425	0.02404	0.07256	0.07758	0.14787	0.07365	0.12212	0.01833	0.00470	0.00963	0.05247	0.00823	0.01152
2	0.03090	0.07927	0.10721	0.02256	0.03012	0.07362	0.02044	0.21723	0.03362	0.08535	0.03156	0.13012	0.02868	0.01637	0.01085	0.00339	0.01158	0.04369	0.00876	0.01468
3	0.16897	0.08600	0.27153	0.02304	0.03410	0.02436	0.02555	0.03793	0.06686	0.13104	0.02378	0.02467	0.01685	0.01081	0.00921	0.00325	0.01194	0.00805	0.00695	0.01510
4	0.09092	0.02745	0.02566	0.02162	0.02820	0.11520	0.01715	0.18498	0.17632	0.10149	0.07570	0.03329	0.02861	0.01343	0.01029	0.00325	0.01079	0.01038	0.00981	0.01547
5	0.03292	0.02162	0.02467	0.06544	0.03030	0.06503	0.01720	0.12480	0.03093	0.19815	0.07020	0.04451	0.03117	0.01468	0.01078	0.00319	0.01034	0.07634	0.00974	0.11799
6	0.01510	0.01133	0.01699	0.01699	0.01888	0.01322	0.01322	0.01888	0.01699	0.02454	0.02832	0.04154	0.02643	0.07930	0.58652	0.01699	0.02832	0.01133	0.00566	0.00944
7	0.07919	0.02424	0.03145	0.02422	0.03250	0.02477	0.10013	0.17123	0.14838	0.09146	0.02813	0.02876	0.02070	0.01138	0.01014	0.00305	0.01075	0.00978	0.00889	0.14086
8	0.70310	0.02045	0.01554	0.01390	0.02045	0.02372	0.01145	0.03108	0.01799	0.04744	0.01472	0.01718	0.01145	0.00981	0.00654	0.00327	0.00818	0.00573	0.00654	0.01145
9	0.02192	0.01879	0.02192	0.01566	0.02506	0.01409	0.01253	0.02662	0.02192	0.03445	0.01879	0.02192	0.01566	0.00783	0.00783	0.00157	0.00783	0.00626	0.00626	0.69305
10	0.02484	0.02335	0.02357	0.07314	0.06913	0.14820	0.01717	0.02910	0.02712	0.07316	0.22182	0.05069	0.09214	0.01676	0.01316	0.00331	0.05956	0.01349	0.00848	0.01183
11	0.01529	0.01060	0.01332	0.01332	0.01394	0.01122	0.00864	0.01652	0.01591	0.02183	0.03168	0.06013	0.03451	0.44851	0.22835	0.01246	0.01617	0.01405	0.00616	0.00740
12	0.02594	0.23843	0.32216	0.02470	0.03691	0.02960	0.02878	0.03594	0.05993	0.07383	0.02110	0.02288	0.01581	0.01027	0.00908	0.00301	0.01318	0.00763	0.00561	0.01522
13	0.02271	0.17782	0.46364	0.02758	0.04181	0.02822	0.03461	0.03310	0.02214	0.03166	0.01807	0.02118	0.01343	0.00983	0.00935	0.00312	0.01471	0.00735	0.00448	0.01519
14	0.01288	0.00920	0.01227	0.01472	0.01534	0.00859	0.00981	0.01472	0.02024	0.02699	0.05828	0.62152	0.06993	0.03312	0.01350	0.00429	0.00613	0.03006	0.00981	0.00859
15	0.02688	0.51359	0.12038	0.01948	0.02941	0.03753	0.02041	0.03152	0.02163	0.02671	0.01556	0.01803	0.01370	0.00909	0.00729	0.00235	0.01161	0.00598	0.00464	0.06422
16	0.02269	0.16756	0.33325	0.02799	0.08030	0.02626	0.02972	0.03143	0.02282	0.03251	0.05802	0.02568	0.02030	0.01045	0.00939	0.00295	0.01302	0.00820	0.00522	0.07222
17	0.14628	0.07928	0.06891	0.02398	0.06719	0.06279	0.01930	0.15149	0.09706	0.09848	0.02470	0.02536	0.01832	0.01125	0.00929	0.00304	0.01089	0.00843	0.00818	0.06577
18	0.01370	0.00983	0.01300	0.01416	0.01552	0.00913	0.00988	0.01677	0.02404	0.03304	0.25397	0.40858	0.08164	0.02861	0.01309	0.00391	0.00568	0.02577	0.01053	0.00913
19	0.02496	0.02852	0.06239	0.04456	0.05526	0.02674	0.52406	0.03387	0.02496	0.03387	0.02139	0.02852	0.01604	0.00891	0.01248	0.00357	0.01783	0.01248	0.00535	0.01426
20	0.02742	0.16218	0.17343	0.10668	0.07789	0.07197	0.02579	0.03793	0.10478	0.07847	0.02363	0.02588	0.01785	0.01086	0.00958	0.00311	0.01284	0.00850	0.00637	0.01485
21	0.02964	0.03778	0.26437	0.03114	0.10528	0.06435	0.02887	0.03898	0.05829	0.15532	0.02527	0.02687	0.01802	0.01162	0.01205	0.00337	0.05698	0.00897	0.00702	0.01584
22	0.01529	0.01031	0.01203	0.01244	0.01268	0.01026	0.00754	0.01584	0.01651	0.02194	0.03727	0.12109	0.04294	0.52939	0.04722	0.00931	0.00985	0.05426	0.00697	0.00686
23	0.11575	0.07241	0.06412	0.01961	0.02358	0.02287	0.01681	0.06328	0.02123	0.03236	0.03188	0.13316	0.06481	0.06709	0.05697	0.00512	0.15746	0.01340	0.00679	0.01132
24	0.03102	0.15703	0.07481	0.08736	0.07894	0.07780	0.06265	0.14688	0.02929	0.07221	0.02060	0.02397	0.01592	0.01136	0.01190	0.00315	0.06496	0.00863	0.00669	0.01484
25	0.01512	0.01125	0.01659	0.01659	0.01834	0.01300	0.01272	0.01862	0.01687	0.02425	0.02869	0.04356	0.02731	0.11949	0.54753	0.01650	0.02700	0.01162	0.00572	0.00922
26	0.01288	0.00920	0.01227	0.01472	0.01534	0.00859	0.00981	0.01472	0.02024	0.02699	0.05828	0.62152	0.06993	0.03312	0.01350	0.00429	0.00613	0.03006	0.00981	0.00859
27	0.02556	0.09816	0.40231	0.02902	0.04255	0.02623	0.07508	0.07370	0.02522	0.07468	0.02098	0.02363	0.01493	0.01029	0.01005	0.00325	0.01464	0.00836	0.00566	0.01569
28	0.02609	0.09107	0.39742	0.02605	0.03896	0.02335	0.03128	0.03571	0.02418	0.13003	0.05763	0.02804	0.02131	0.01126	0.01005	0.00325	0.01340	0.00888	0.00649	0.01552
29	0.01997	0.01879	0.03171	0.60301	0.07282	0.02349	0.02936	0.02701	0.02114	0.02701	0.01879	0.02819	0.01409	0.01057	0.01057	0.00352	0.01409	0.00940	0.00470	0.01175
30	0.70310	0.02045	0.01554	0.01390	0.02045	0.02372	0.01145	0.03108	0.01799	0.04744	0.01472	0.01718	0.01145	0.00981	0.00654	0.00327	0.00818	0.00573	0.00654	0.01145
31	0.01351	0.01075	0.01212	0.01178	0.01491	0.00936	0.00883	0.01715	0.02650	0.03427	0.29267	0.09236	0.36905	0.02465	0.01249	0.00347	0.00520	0.02100	0.01057	0.00936
32	0.03366	0.19918	0.03539	0.02357	0.03009	0.32032	0.01901	0.04245	0.13919	0.02960	0.02170	0.02293	0.01766	0.01115	0.00907	0.00279	0.01469	0.00762	0.00636	0.01358
33	0.03882	0.02754	0.11155	0.02307	0.03164	0.02369	0.02125	0.18553	0.03331	0.28467	0.03061	0.02948	0.02056	0.01306	0.01298	0.00339	0.07197	0.00973	0.01017	0.01697
34	0.02518	0.21358	0.27762	0.02331	0.03431	0.02750	0.02631	0.03483	0.06428	0.07675	0.07632	0.02900	0.02478	0.01152	0.00945	0.00304	0.01217	0.00889	0.00641	0.01473
35	0.01288	0.00920	0.01227	0.01472	0.01534	0.00859	0.00981	0.01472	0.02024	0.02699	0.05828	0.62152	0.06993	0.03312	0.01350	0.00429	0.00613	0.03006	0.00981	0.00859
36	0.33334	0.01906	0.02061	0.01667	0.02414	0.01911	0.01376	0.04261	0.02491	0.34202	0.02994	0.02778	0.01975	0.01166	0.00885	0.00327	0.00864	0.00849	0.01023	0.01514
37	0.02706	0.08673	0.19229	0.11342	0.04251	0.11976	0.06869	0.10089	0.02802	0.03592	0.06594	0.02808	0.02191	0.01146	0.01026	0.00317	0.01433	0.00932	0.00621	0.01403
38	0.01515	0.01115	0.01610	0.01610	0.01768	0.01273	0.01211	0.01831	0.01673	0.02389	0.02913	0.04604	0.02839	0.16877	0.49973	0.01589	0.02538	0.01199	0.00579	0.00895
39	0.01267	0.01003	0.01141	0.01251	0.01475	0.00877	0.00883	0.01497	0.02237	0.02786	0.08517	0.33524	0.33885	0.02963	0.01294	0.00390	0.00571	0.02579	0.00982	0.00877
40	0.02348	0.01550	0.02213	0.18740	0.03596	0.01644	0.01779	0.03082	0.07085	0.13453	0.18367	0.09563	0.04999	0.01761	0.01167	0.00359	0.00914	0.05184	0.00953	0.01245
41	0.02575	0.07628	0.24147	0.02334	0.03221	0.02270	0.02464	0.03221	0.02170	0.12188	0.02375	0.03085	0.01930	0.09703	0.01957	0.00428	0.10377	0.00929	0.00637	0.06362
42	0.02243	0.01369	0.01894	0.02056	0.06414	0.01347	0.01392	0.02759	0.06304	0.13948	0.04587	0.31688	0.04688	0.03283	0.10194	0.00592	0.01089	0.02005	0.00953	0.01195
43	0.02205	0.01913	0.02200	0.06676	0.02572	0.06812	0.01617	0.02544	0.02262	0.06788	0.08557	0.05246	0.18030	0.01891	0.01840	0.00369	0.19485	0.01373	0.06512	0.01107
44	0.01655	0.06756	0.05879	0.01666	0.02000	0.01598	0.01401	0.02016	0.02044	0.02771	0.09630	0.12810	0.12294	0.09130	0.18438	0.00808	0.05800	0.01579	0.00729	0.00999
45	0.02774	0.57242	0.05306	0.01908	0.02720	0.04087	0.01861	0.03103	0.02094	0.02493	0.01462	0.01759	0.01360	0.01001	0.00963	0.00250	0.07225	0.00602	0.00453	0.01336
46	0.02617	0.02512	0.04292	0.06490	0.56246	0.02512	0.03245	0.03245	0.02407	0.03454	0.01989	0.02617	0.01675	0.00942	0.01047	0.00314	0.01256	0.00942	0.00523	0.01675
47	0.02121	0.05469	0.57364	0.03014	0.04576	0.02455	0.03906	0.03348	0.02232	0.03348	0.01897	0.02232	0.01339	0.01005	0.01005	0.00335	0.01563	0.00781	0.00446	0.01563
48	0.02496	0.02852	0.06239	0.04456	0.05526	0.02674	0.52406	0.03387	0.02496	0.03387	0.02139	0.02852	0.01604	0.00891	0.01248	0.00357	0.01783	0.01248	0.00535	0.01426
49	0.02060	0.02297	0.08788	0.50043	0.11026	0.02373	0.03061	0.02812	0.02150	0.02829	0.01890	0.02742	0.01424	0.01042	0.01051	0.00347	0.01412	0.00924	0.00472	0.01255
50	0.02036	0.05005	0.51640	0.02856	0.04266	0.02293	0.03608	0.03157	0.02211	0.03282	0.02298	0.08341	0.01916	0.01240	0.01040	0.00344	0.01466	0.01008	0.00501	0.01491
51	0.01510	0.01133	0.01699	0.01699	0.01888	0.01322	0.01322	0.01888	0.01699	0.02454	0.02832	0.04154	0.02643	0.07930	0.58652	0.01699	0.02832	0.01133	0.00566	0.00944
52	0.02248	0.01993	0.02737	0.07267	0.03294	0.02167	0.08729	0.03992	0.27290	0.03736	0.04564	0.05947	0.07389	0.01752	0.01197	0.00386	0.01024	0.11985	0.00920	0.01383
53	0.13917	0.08904	0.03544	0.07285	0.07362	0.09908	0.09994	0.07832	0.06452	0.11416	0.02352	0.02573	0.01745	0.01080	0.00973	0.00317	0.01265	0.00897	0.00735	0.01449
54	0.01837	0.00918	0.01377	0.01377	0.01377	0.00918	0.00918	0.01377	0.01377	0.01837	0.01837	0.03214	0.01837	0.03673	0.04132	0.69238	0.00918	0.00918	0.00459	0.00459
55	0.01284	0.00936	0.01211	0.01431	0.01523	0.00862	0.00963	0.01477	0.02064	0.02715	0.06325	0.56853	0.11971	0.03248	0.01339	0.00422	0.00605	0.02927	0.00982	0.00862
56	0.17764	0.08229	0.27853	0.02706	0.07705	0.02593	0.02739	0.08424	0.02474	0.07424	0.01992	0.02229	0.01454	0.01034	0.00915	0.00321	0.01257	0.00767	0.00618	0.01503
57	0.13221	0.07090	0.11352	0.13003	0.21275	0.10592	0.02699	0.03286	0.02307	0.03332	0.01793	0.02291	0.01435	0.00995	0.00944	0.00314	0.01342	0.00799	0.00522	0.01410
58	0.01514	0.01093	0.01439	0.01384	0.01633	0.01017	0.01059	0.02012	0.02944	0.04147	0.51340	0.08248	0.09639	0.02227	0.01266	0.00346	0.00540	0.06011	0.01147	0.00996
59	0.08103	0.02818	0.11071	0.14086	0.12101	0.02546	0.10566	0.10571	0.06965	0.07424	0.02350	0.02730	0.01732	0.01078	0.01049	0.00337	0.01306	0.00969	0.00688	0.01510
60	0.10109	0.12789	0.03461	0.07291	0.14019	0.15885	0.02154	0.07397	0.06054	0.08119	0.02143	0.02391	0.01669	0.01071	0.00930	0.00299	0.01290	0.00810	0.00670	0.01448
61	0.01538	0.01025	0.01153	0.01153	0.01153	0.01025	0.00641	0.01538	0.01538	0.02050	0.03331	0.06919	0.03844	0.62842	0.05382	0.01025	0.01025	0.01538	0.00641	0.00641
62	0.01529	0.01129	0.01440	0.01425	0.01654	0.01084	0.01043	0.02134	0.06517	0.03882	0.39916	0.20679	0.08764	0.02386	0.01259	0.00358	0.00551	0.02123	0.01114	0.01014
63	0.19438	0.02440	0.03645	0.03465	0.15020	0.02487	0.13944	0.11028	0.02764	0.12354	0.02314	0.02593	0.01692	0.01045	0.01004	0.00330	0.01207	0.00945	0.00758	0.01526

[dist]
# distance from previous block
# <min> <max>
0	206

# created by:
# /st0/software/busco_prod/Augustus/scripts/msa2prfl.pl ./align_prep/10056.fa
