[name]
unknown

[dist]
# distance from previous block
# <min> <max>
4	354

[block]
# block no. 0 follows, 12 sequences, length 11
# corresponding to MSA columns:
# 406-416
name=unknown_A
#
# <colnr> <probs for GDERKNQSTAVLIFYWHMCP>
#	G	D	E	R	K	N	Q	S	T	A	V	L	I	F	Y	W	H	M	C	P
0	0.10171	0.07887	0.03298	0.10763	0.08574	0.27880	0.02236	0.10333	0.03003	0.03566	0.01855	0.02221	0.01481	0.01106	0.00971	0.00305	0.01557	0.00784	0.00627	0.01382
1	0.01432	0.00959	0.01228	0.01444	0.01536	0.00905	0.00975	0.01669	0.02117	0.02973	0.05648	0.52569	0.06560	0.03099	0.01299	0.00415	0.00614	0.02792	0.10862	0.00905
2	0.01894	0.00947	0.01420	0.01420	0.01420	0.00947	0.00947	0.01420	0.01420	0.01894	0.01894	0.03314	0.01894	0.03788	0.04261	0.68277	0.00947	0.00947	0.00473	0.00473
3	0.01530	0.01196	0.01400	0.01376	0.01676	0.01121	0.01020	0.02145	0.07143	0.03684	0.28496	0.15943	0.24221	0.02509	0.01286	0.00368	0.00575	0.02175	0.01102	0.01034
4	0.01971	0.01706	0.09171	0.01761	0.01986	0.01343	0.01482	0.01792	0.01562	0.02165	0.01869	0.03105	0.01789	0.03267	0.03762	0.53842	0.05344	0.00928	0.00472	0.00685
5	0.01430	0.01049	0.01322	0.01441	0.01611	0.00972	0.01032	0.01719	0.02366	0.03137	0.16685	0.32278	0.15498	0.07600	0.01691	0.00464	0.00665	0.07103	0.01023	0.00916
6	0.02314	0.04754	0.39745	0.03596	0.05041	0.02606	0.19426	0.03466	0.02391	0.03466	0.02039	0.02512	0.01471	0.00998	0.01118	0.00353	0.01686	0.00964	0.00490	0.01565
7	0.02497	0.01628	0.01919	0.01764	0.02112	0.01663	0.01289	0.15307	0.02913	0.09097	0.04425	0.29035	0.04683	0.13929	0.02086	0.00520	0.00897	0.02033	0.00999	0.01201
8	0.02366	0.01931	0.02849	0.08579	0.10244	0.02312	0.02138	0.02766	0.02075	0.08120	0.03077	0.03783	0.06816	0.03084	0.14231	0.00698	0.21877	0.01144	0.00648	0.01263
9	0.09779	0.08889	0.03315	0.10837	0.03839	0.22841	0.05826	0.03714	0.06076	0.03221	0.01959	0.02330	0.01572	0.01054	0.00950	0.00291	0.01454	0.00795	0.00602	0.10657
10	0.19448	0.02271	0.02705	0.02111	0.02936	0.02294	0.05543	0.12214	0.08023	0.17990	0.02839	0.02817	0.02008	0.01160	0.00968	0.00315	0.01004	0.00918	0.00950	0.11485

[dist]
# distance from previous block
# <min> <max>
0	1

[block]
# block no. 1 follows, 12 sequences, length 36
# corresponding to MSA columns:
# 418-453
name=unknown_B
#
# <colnr> <probs for GDERKNQSTAVLIFYWHMCP>
#	G	D	E	R	K	N	Q	S	T	A	V	L	I	F	Y	W	H	M	C	P
0	0.01912	0.01681	0.01961	0.01577	0.02202	0.01486	0.01253	0.02288	0.02272	0.03211	0.05287	0.05360	0.21378	0.01675	0.01329	0.00278	0.07962	0.01304	0.00762	0.34821
1	0.03666	0.02734	0.08938	0.02300	0.03162	0.02489	0.02034	0.15618	0.20392	0.21177	0.03694	0.03421	0.02568	0.01348	0.01093	0.00347	0.01047	0.01083	0.01106	0.01783
2	0.11767	0.13844	0.18140	0.02159	0.03211	0.02573	0.02235	0.03671	0.08510	0.07581	0.02297	0.02446	0.01743	0.01046	0.00894	0.00290	0.01121	0.00779	0.00675	0.15018
3	0.12653	0.02709	0.13892	0.10666	0.09750	0.02162	0.02494	0.03459	0.05701	0.09974	0.03085	0.04574	0.02636	0.01482	0.01097	0.00375	0.01187	0.09918	0.00761	0.01424
4	0.10954	0.17505	0.31496	0.02480	0.03730	0.02810	0.02896	0.03607	0.02327	0.09779	0.02089	0.02284	0.01521	0.01048	0.00923	0.00318	0.01333	0.00764	0.00596	0.01540
5	0.02136	0.02060	0.03776	0.10739	0.16743	0.02043	0.15878	0.02750	0.02456	0.03370	0.09329	0.16569	0.03949	0.01675	0.01234	0.00370	0.01223	0.01661	0.00723	0.01317
6	0.02583	0.03894	0.29567	0.02764	0.04054	0.02169	0.08802	0.03502	0.02424	0.09832	0.02268	0.02542	0.01635	0.01001	0.01015	0.00300	0.01349	0.00859	0.00628	0.18811
7	0.01609	0.01190	0.01496	0.01658	0.01817	0.01200	0.01198	0.02191	0.08366	0.03014	0.05471	0.38545	0.06178	0.09921	0.01865	0.00517	0.00780	0.11017	0.00981	0.00985
8	0.01425	0.01020	0.01288	0.01395	0.01515	0.00954	0.00940	0.01666	0.02268	0.03062	0.17707	0.34864	0.10581	0.13632	0.02112	0.00525	0.00675	0.02495	0.00995	0.00882
9	0.02576	0.23396	0.20453	0.03263	0.04456	0.03209	0.21187	0.03406	0.02377	0.03174	0.01906	0.02362	0.01491	0.00957	0.01020	0.00317	0.01550	0.00915	0.00497	0.01487
10	0.07963	0.04826	0.42947	0.02825	0.04237	0.02507	0.03438	0.07200	0.02552	0.08452	0.02179	0.02408	0.01518	0.01082	0.01016	0.00343	0.01458	0.00827	0.00604	0.01617
11	0.01935	0.01201	0.01583	0.01438	0.01764	0.01096	0.01096	0.02439	0.03090	0.10372	0.48451	0.07626	0.09400	0.02126	0.01264	0.00342	0.00563	0.01869	0.01218	0.01126
12	0.01459	0.01048	0.01288	0.01338	0.01483	0.00980	0.00905	0.01714	0.02325	0.03139	0.21398	0.24284	0.12888	0.17965	0.02417	0.00560	0.00695	0.02255	0.00982	0.00878
13	0.03400	0.03161	0.03653	0.08934	0.26808	0.16645	0.02673	0.08049	0.02928	0.09974	0.02275	0.02644	0.01753	0.01097	0.01059	0.00318	0.01427	0.00918	0.00690	0.01593
14	0.04134	0.02404	0.02747	0.02136	0.02922	0.02498	0.01755	0.29956	0.04109	0.22760	0.03294	0.03160	0.02251	0.01318	0.01052	0.00322	0.01024	0.01024	0.09383	0.01752
15	0.01894	0.00947	0.01420	0.01420	0.01420	0.00947	0.00947	0.01420	0.01420	0.01894	0.01894	0.03314	0.01894	0.03788	0.04261	0.68277	0.00947	0.00947	0.00473	0.00473
16	0.01580	0.01078	0.01298	0.01298	0.01335	0.01116	0.00796	0.01655	0.01618	0.02194	0.03336	0.06587	0.03726	0.51386	0.15519	0.01191	0.01416	0.01505	0.00646	0.00721
17	0.02204	0.01246	0.01675	0.01629	0.01955	0.01146	0.01261	0.02614	0.02741	0.14203	0.23714	0.21557	0.07293	0.02485	0.01311	0.00394	0.00709	0.09559	0.01150	0.01156
18	0.01367	0.00995	0.01289	0.01453	0.01581	0.00917	0.00999	0.01629	0.02320	0.03111	0.15982	0.46076	0.12005	0.03124	0.01362	0.00416	0.00602	0.02806	0.01049	0.00917
19	0.69383	0.02109	0.01603	0.01434	0.02109	0.02446	0.01181	0.03205	0.01856	0.04892	0.01518	0.01771	0.01181	0.01012	0.00675	0.00337	0.00843	0.00590	0.00675	0.01181
20	0.02398	0.02284	0.03883	0.31297	0.32623	0.02512	0.03197	0.03083	0.02341	0.03197	0.01998	0.02797	0.01599	0.01027	0.01084	0.00342	0.01370	0.00970	0.00514	0.01485
21	0.01328	0.00949	0.01265	0.01518	0.01581	0.00886	0.01012	0.01518	0.02088	0.02783	0.06010	0.60969	0.07212	0.03416	0.01392	0.00443	0.00633	0.03100	0.01012	0.00886
22	0.69383	0.02109	0.01603	0.01434	0.02109	0.02446	0.01181	0.03205	0.01856	0.04892	0.01518	0.01771	0.01181	0.01012	0.00675	0.00337	0.00843	0.00590	0.00675	0.01181
23	0.49033	0.02029	0.01895	0.01594	0.02322	0.02180	0.01314	0.03871	0.02255	0.20904	0.02397	0.02383	0.01660	0.01119	0.00808	0.00337	0.00870	0.00750	0.00888	0.01394
24	0.01572	0.01110	0.01459	0.01459	0.01552	0.01203	0.00997	0.01758	0.01665	0.02314	0.03189	0.05771	0.03372	0.36090	0.30331	0.01390	0.01948	0.01386	0.00624	0.00810
25	0.04073	0.05197	0.03090	0.02809	0.03371	0.57303	0.02107	0.04354	0.03090	0.02669	0.01685	0.01966	0.01404	0.01124	0.00983	0.00281	0.01966	0.00702	0.00562	0.01264
26	0.03788	0.02417	0.02746	0.02189	0.02940	0.02561	0.01778	0.26789	0.12234	0.18137	0.09378	0.03770	0.03290	0.01454	0.01118	0.00339	0.00998	0.01167	0.01170	0.01737
27	0.07412	0.06535	0.12660	0.02422	0.03276	0.02479	0.06046	0.16126	0.03081	0.10670	0.02887	0.03884	0.02375	0.05878	0.04989	0.00486	0.01350	0.05118	0.00830	0.01495
28	0.04082	0.04936	0.03112	0.02772	0.03372	0.50743	0.02103	0.10059	0.03338	0.03180	0.01799	0.02046	0.01459	0.01146	0.00996	0.00287	0.01873	0.00736	0.00626	0.01336
29	0.01838	0.01337	0.02106	0.02060	0.02354	0.01267	0.07126	0.02226	0.02344	0.06406	0.05380	0.35171	0.05977	0.02864	0.01397	0.00446	0.00910	0.16762	0.00977	0.01054
30	0.02551	0.02874	0.06057	0.04385	0.05354	0.02828	0.45014	0.03387	0.02464	0.03387	0.02112	0.02874	0.01627	0.01039	0.01566	0.00381	0.08876	0.01246	0.00542	0.01437
31	0.02313	0.01246	0.01619	0.01473	0.01836	0.01136	0.01122	0.02766	0.02877	0.15447	0.31390	0.13194	0.07358	0.02069	0.01196	0.00344	0.00619	0.01806	0.08997	0.01192
32	0.06102	0.01592	0.02683	0.02349	0.02745	0.01560	0.13556	0.02273	0.02195	0.03099	0.04297	0.26522	0.04692	0.07351	0.06139	0.00578	0.01220	0.09174	0.00814	0.01059
33	0.02331	0.02828	0.16101	0.02598	0.03263	0.02302	0.06264	0.05948	0.02239	0.06401	0.02393	0.03164	0.01991	0.03713	0.21096	0.00859	0.13543	0.01029	0.00609	0.01326
34	0.04108	0.03421	0.02961	0.02492	0.03102	0.24534	0.01975	0.09909	0.03131	0.20815	0.02630	0.02686	0.01893	0.01335	0.01413	0.00334	0.09965	0.00903	0.00874	0.01520
35	0.09080	0.02034	0.02756	0.02206	0.02841	0.02068	0.08170	0.09590	0.08924	0.18047	0.03323	0.04033	0.02638	0.13179	0.05748	0.00577	0.01229	0.01178	0.00937	0.01441

[dist]
# distance from previous block
# <min> <max>
0	4

[block]
# block no. 2 follows, 12 sequences, length 14
# corresponding to MSA columns:
# 458-471
name=unknown_C
#
# <colnr> <probs for GDERKNQSTAVLIFYWHMCP>
#	G	D	E	R	K	N	Q	S	T	A	V	L	I	F	Y	W	H	M	C	P
0	0.18491	0.23629	0.12734	0.01882	0.02678	0.02827	0.01878	0.02933	0.02015	0.03221	0.01987	0.02818	0.01814	0.09824	0.06802	0.00534	0.01320	0.00815	0.00553	0.01245
1	0.08905	0.23351	0.13768	0.02127	0.03113	0.03058	0.02123	0.06569	0.11061	0.03697	0.02228	0.02380	0.01764	0.01058	0.00871	0.00283	0.01120	0.00771	0.00658	0.11094
2	0.01737	0.01422	0.02047	0.06232	0.02549	0.01301	0.04652	0.02197	0.02529	0.03569	0.22305	0.21301	0.06383	0.02104	0.01205	0.00338	0.00772	0.01903	0.00935	0.14520
3	0.03771	0.03547	0.13333	0.02623	0.03636	0.03219	0.02445	0.42130	0.04588	0.06220	0.02492	0.02558	0.01764	0.01257	0.01080	0.00331	0.01278	0.00948	0.00971	0.01808
4	0.02318	0.08391	0.07675	0.10244	0.03176	0.09679	0.01937	0.02655	0.02016	0.02546	0.02299	0.04001	0.02312	0.22488	0.03047	0.00602	0.11892	0.01094	0.00551	0.01077
5	0.02063	0.01227	0.01648	0.01742	0.01989	0.01174	0.01368	0.02393	0.02345	0.10464	0.05283	0.23748	0.05681	0.11530	0.02012	0.00544	0.00898	0.21843	0.01005	0.01043
6	0.02826	0.20121	0.15659	0.16228	0.08257	0.07620	0.02727	0.03492	0.02409	0.08081	0.02041	0.02429	0.01560	0.01053	0.00959	0.00310	0.01388	0.00814	0.00569	0.01459
7	0.01558	0.01168	0.01752	0.01752	0.01947	0.01363	0.01363	0.01947	0.01752	0.02531	0.02921	0.04283	0.02726	0.08178	0.57360	0.01752	0.02921	0.01168	0.00584	0.00974
8	0.09383	0.36817	0.12050	0.02129	0.03123	0.03698	0.02151	0.12724	0.02766	0.03761	0.01796	0.02001	0.01465	0.01029	0.00822	0.00278	0.01206	0.00694	0.00608	0.01498
9	0.02620	0.02967	0.07527	0.02375	0.02897	0.15360	0.02042	0.03742	0.14749	0.03491	0.07880	0.05675	0.03856	0.01839	0.01399	0.00386	0.06250	0.12785	0.00843	0.01317
10	0.02758	0.27107	0.24673	0.02735	0.03943	0.03182	0.09692	0.03544	0.02377	0.07570	0.02020	0.02298	0.01540	0.01006	0.00945	0.00304	0.01411	0.00812	0.00552	0.01529
11	0.11795	0.03653	0.26132	0.10885	0.04470	0.02479	0.08787	0.03113	0.02183	0.03448	0.02177	0.06746	0.01832	0.01277	0.01267	0.00368	0.06414	0.01039	0.00548	0.01386
12	0.03320	0.02519	0.12326	0.02063	0.02856	0.01893	0.01932	0.11871	0.03038	0.22286	0.03717	0.11746	0.02985	0.01577	0.01080	0.00341	0.00999	0.01306	0.10598	0.01546
13	0.23357	0.13735	0.07282	0.02169	0.02828	0.10262	0.01940	0.03478	0.02208	0.08554	0.01829	0.02150	0.01465	0.01230	0.01381	0.00340	0.13084	0.00744	0.00631	0.01334

[dist]
# distance from previous block
# <min> <max>
0	6

[block]
# block no. 3 follows, 12 sequences, length 14
# corresponding to MSA columns:
# 478-491
name=unknown_D
#
# <colnr> <probs for GDERKNQSTAVLIFYWHMCP>
#	G	D	E	R	K	N	Q	S	T	A	V	L	I	F	Y	W	H	M	C	P
0	0.03052	0.02559	0.07877	0.08421	0.03635	0.02412	0.05217	0.14974	0.13931	0.11998	0.10785	0.03927	0.03444	0.01414	0.01132	0.00348	0.01094	0.01201	0.00989	0.01588
1	0.02927	0.02142	0.02322	0.02043	0.02620	0.06577	0.01668	0.13241	0.03075	0.10600	0.03765	0.06250	0.03536	0.06903	0.01554	0.00419	0.01092	0.16467	0.00943	0.11855
2	0.10035	0.02150	0.02793	0.07002	0.03357	0.02088	0.05822	0.07066	0.09733	0.16545	0.02882	0.02950	0.02077	0.01120	0.00989	0.00297	0.01016	0.00935	0.00891	0.20251
3	0.04081	0.02195	0.02723	0.02151	0.02832	0.02298	0.01773	0.17562	0.03405	0.30008	0.03358	0.03247	0.02290	0.01411	0.01419	0.00347	0.09321	0.01037	0.06853	0.01689
4	0.02180	0.01448	0.01834	0.01724	0.02085	0.01498	0.01314	0.03136	0.12981	0.10297	0.18879	0.14576	0.05784	0.03406	0.13027	0.00660	0.01164	0.01723	0.01040	0.01244
5	0.01615	0.01111	0.01383	0.01492	0.01581	0.01104	0.01057	0.01799	0.01941	0.02560	0.04468	0.14398	0.05058	0.36413	0.03793	0.00811	0.00996	0.16813	0.00810	0.00797
6	0.02705	0.02318	0.03237	0.02745	0.02853	0.03118	0.02286	0.02967	0.01855	0.09380	0.01797	0.02554	0.01593	0.01837	0.03262	0.00459	0.52197	0.00972	0.00588	0.01277
7	0.03341	0.28402	0.18044	0.02218	0.03302	0.02994	0.02356	0.03956	0.02522	0.19401	0.02504	0.02509	0.01801	0.01090	0.00913	0.00295	0.01209	0.00803	0.00741	0.01598
8	0.01625	0.01175	0.01592	0.01791	0.02017	0.01142	0.01483	0.02057	0.02492	0.03269	0.11206	0.20487	0.10230	0.02986	0.01448	0.00466	0.00855	0.31674	0.01026	0.00979
9	0.42025	0.02285	0.02169	0.01781	0.02534	0.02510	0.01469	0.14932	0.02862	0.14773	0.02294	0.02331	0.01621	0.01145	0.00851	0.00335	0.00943	0.00777	0.00898	0.01465
10	0.07025	0.17879	0.27850	0.02454	0.03672	0.02859	0.02772	0.07572	0.02567	0.08527	0.02101	0.02295	0.01552	0.01048	0.00930	0.00304	0.01308	0.00772	0.00624	0.05889
11	0.01721	0.01303	0.01599	0.01570	0.01892	0.01216	0.01162	0.02269	0.07519	0.03268	0.11900	0.24653	0.10860	0.02600	0.01528	0.06739	0.00716	0.05525	0.00942	0.11018
12	0.02228	0.05352	0.50739	0.03266	0.04824	0.02556	0.09032	0.03457	0.02331	0.03457	0.01983	0.02370	0.01410	0.01023	0.01063	0.00348	0.01636	0.00857	0.00470	0.01596
13	0.02350	0.01405	0.01974	0.01795	0.02107	0.01516	0.01405	0.02719	0.02199	0.14236	0.09682	0.04711	0.03670	0.09532	0.29486	0.01105	0.06850	0.01269	0.00825	0.01166

[dist]
# distance from previous block
# <min> <max>
0	2

[block]
# block no. 4 follows, 12 sequences, length 45
# corresponding to MSA columns:
# 494-538
name=unknown_E
#
# <colnr> <probs for GDERKNQSTAVLIFYWHMCP>
#	G	D	E	R	K	N	Q	S	T	A	V	L	I	F	Y	W	H	M	C	P
0	0.02538	0.10677	0.04979	0.17642	0.20778	0.02840	0.18456	0.03251	0.02405	0.03222	0.02002	0.02697	0.01595	0.00977	0.01097	0.00335	0.01490	0.01020	0.00521	0.01479
1	0.48284	0.09143	0.02526	0.02233	0.09411	0.02626	0.01583	0.03372	0.02067	0.07840	0.01777	0.02025	0.01382	0.01020	0.00761	0.00323	0.00948	0.00675	0.00677	0.01326
2	0.12160	0.10172	0.07288	0.07520	0.15033	0.12778	0.05573	0.10313	0.02826	0.03870	0.01927	0.02322	0.01527	0.01058	0.00976	0.00315	0.01394	0.00836	0.00624	0.01488
3	0.01817	0.00947	0.01399	0.01434	0.01442	0.00939	0.00956	0.01434	0.01511	0.02015	0.02454	0.11156	0.02617	0.03737	0.03871	0.59050	0.00904	0.01240	0.00547	0.00530
4	0.03427	0.01465	0.01930	0.01673	0.02201	0.01306	0.01301	0.03797	0.02695	0.32442	0.04664	0.19932	0.03988	0.01920	0.01126	0.00354	0.00777	0.01649	0.11903	0.01447
5	0.02059	0.01938	0.03270	0.59060	0.07510	0.02422	0.03028	0.02786	0.02180	0.02786	0.01938	0.02907	0.01453	0.01090	0.01090	0.00363	0.01453	0.00969	0.00484	0.01211
6	0.01670	0.01073	0.01269	0.01231	0.01404	0.01035	0.00848	0.02016	0.02416	0.03571	0.26143	0.06878	0.06514	0.21251	0.02545	0.00554	0.00689	0.01627	0.16359	0.00907
7	0.11068	0.01221	0.01656	0.07341	0.02171	0.01329	0.01219	0.01837	0.01579	0.02434	0.01914	0.03125	0.01806	0.03418	0.06883	0.47785	0.01112	0.00915	0.00509	0.00678
8	0.01487	0.01089	0.01342	0.01355	0.01563	0.01007	0.00976	0.01828	0.02559	0.03457	0.28416	0.16206	0.16561	0.12080	0.01999	0.00486	0.00656	0.04965	0.01041	0.00928
9	0.03017	0.57293	0.05482	0.01949	0.02849	0.08992	0.01887	0.03361	0.02293	0.02574	0.01531	0.01768	0.01400	0.00950	0.00725	0.00237	0.01237	0.00594	0.00475	0.01387
10	0.01491	0.01065	0.01452	0.01704	0.01839	0.01026	0.01295	0.01800	0.02248	0.02966	0.05920	0.42485	0.06856	0.03263	0.01435	0.00465	0.00774	0.19978	0.01009	0.00931
11	0.69383	0.02109	0.01603	0.01434	0.02109	0.02446	0.01181	0.03205	0.01856	0.04892	0.01518	0.01771	0.01181	0.01012	0.00675	0.00337	0.00843	0.00590	0.00675	0.01181
12	0.03111	0.02540	0.02690	0.02300	0.02987	0.02898	0.01822	0.18438	0.39616	0.05204	0.03932	0.03665	0.02918	0.01432	0.01104	0.00358	0.00957	0.01163	0.01104	0.01762
13	0.04599	0.01770	0.02375	0.01845	0.02629	0.01543	0.01517	0.05030	0.03035	0.50358	0.04225	0.03747	0.02709	0.01341	0.01062	0.00329	0.00885	0.01088	0.08142	0.01770
14	0.02915	0.62337	0.05714	0.01866	0.02799	0.04314	0.01866	0.03265	0.02215	0.02565	0.01516	0.01749	0.01399	0.00933	0.00700	0.00233	0.01166	0.00583	0.00466	0.01399
15	0.02197	0.05136	0.48718	0.02905	0.04429	0.02386	0.03656	0.03357	0.02296	0.03467	0.01954	0.02296	0.01413	0.01005	0.01005	0.00320	0.01502	0.00784	0.00486	0.10688
16	0.01472	0.01052	0.01430	0.01683	0.01809	0.01010	0.01262	0.01767	0.02230	0.02945	0.05930	0.44614	0.06897	0.03280	0.01430	0.00463	0.00757	0.18034	0.01009	0.00925
17	0.09117	0.01952	0.02442	0.01904	0.02696	0.01826	0.01567	0.10293	0.03205	0.42704	0.03858	0.03474	0.02502	0.01315	0.01042	0.00330	0.00923	0.01042	0.06061	0.01748
18	0.01408	0.00997	0.01304	0.01499	0.01581	0.00944	0.01019	0.01618	0.02123	0.02844	0.09138	0.46662	0.06940	0.10972	0.01939	0.00521	0.00706	0.05932	0.00979	0.00875
19	0.02915	0.62337	0.05714	0.01866	0.02799	0.04314	0.01866	0.03265	0.02215	0.02565	0.01516	0.01749	0.01399	0.00933	0.00700	0.00233	0.01166	0.00583	0.00466	0.01399
20	0.01590	0.01100	0.01370	0.01302	0.01568	0.01019	0.00977	0.02085	0.02930	0.04218	0.44001	0.07774	0.12740	0.02141	0.01215	0.00333	0.00517	0.01868	0.10235	0.01019
21	0.01372	0.00980	0.01316	0.01568	0.01651	0.00923	0.01088	0.01594	0.02131	0.02832	0.05985	0.55989	0.07116	0.03375	0.01403	0.00449	0.00671	0.07647	0.01011	0.00898
22	0.01338	0.01088	0.01186	0.01200	0.01513	0.00936	0.00885	0.01647	0.02546	0.03180	0.18135	0.15931	0.41128	0.02743	0.01300	0.00372	0.00555	0.02335	0.01046	0.00936
23	0.04083	0.04905	0.03115	0.02768	0.03372	0.49969	0.02102	0.10732	0.03367	0.03240	0.01812	0.02055	0.01466	0.01149	0.00998	0.00287	0.01862	0.00740	0.00634	0.01344
24	0.04165	0.02365	0.02766	0.02192	0.02996	0.02443	0.01787	0.20853	0.14664	0.28098	0.03766	0.03422	0.02553	0.01364	0.01097	0.00341	0.01005	0.01088	0.01210	0.01827
25	0.01328	0.00949	0.01265	0.01518	0.01581	0.00886	0.01012	0.01518	0.02088	0.02783	0.06010	0.60969	0.07212	0.03416	0.01392	0.00443	0.00633	0.03100	0.01012	0.00886
26	0.01913	0.02050	0.09112	0.06207	0.02691	0.01618	0.01656	0.09062	0.02842	0.03711	0.12392	0.12551	0.25597	0.02193	0.01221	0.00364	0.00863	0.01848	0.00929	0.01180
27	0.17647	0.02637	0.02920	0.02412	0.03138	0.07442	0.08133	0.08173	0.23238	0.08514	0.03116	0.03096	0.02309	0.01249	0.01024	0.00349	0.01115	0.01023	0.00910	0.01552
28	0.01511	0.01031	0.01230	0.01294	0.01331	0.01007	0.00786	0.01602	0.01837	0.02469	0.07967	0.22114	0.05338	0.41087	0.04078	0.00833	0.00899	0.02034	0.00798	0.00751
29	0.04145	0.03054	0.03272	0.02509	0.03381	0.03381	0.02072	0.51243	0.05127	0.06872	0.02618	0.02618	0.01854	0.01309	0.01091	0.00327	0.01200	0.00982	0.01091	0.01854
30	0.02466	0.01990	0.03273	0.36767	0.16576	0.02242	0.02772	0.03099	0.02346	0.09081	0.02556	0.07521	0.02109	0.01278	0.01112	0.00358	0.01294	0.01152	0.00638	0.01370
31	0.02364	0.15585	0.41175	0.03056	0.04485	0.02881	0.09076	0.03424	0.02318	0.03297	0.01906	0.02276	0.01416	0.01004	0.01004	0.00328	0.01557	0.00821	0.00472	0.01557
32	0.02014	0.01864	0.02566	0.02259	0.02596	0.06566	0.08511	0.02448	0.02233	0.02980	0.09965	0.05485	0.03921	0.10092	0.20745	0.00917	0.06404	0.06658	0.00709	0.01066
33	0.01614	0.01041	0.01245	0.01277	0.01420	0.01002	0.00866	0.01914	0.02280	0.03335	0.18605	0.18671	0.06239	0.18563	0.02363	0.00541	0.00688	0.01907	0.15535	0.00894
34	0.61903	0.02079	0.01710	0.01493	0.02187	0.02348	0.01230	0.03450	0.02002	0.10777	0.01841	0.01996	0.01357	0.01051	0.00724	0.00337	0.00853	0.00649	0.00753	0.01259
35	0.01308	0.01028	0.01184	0.01308	0.01526	0.00903	0.00919	0.01542	0.02290	0.02866	0.08567	0.35335	0.31195	0.03084	0.01339	0.00405	0.00592	0.02694	0.01012	0.00903
36	0.02907	0.02376	0.03830	0.13127	0.36438	0.02443	0.02921	0.03750	0.06977	0.10622	0.02552	0.02987	0.01962	0.01085	0.01086	0.00335	0.01230	0.01011	0.00692	0.01671
37	0.03189	0.02621	0.03982	0.03399	0.09038	0.02775	0.15236	0.13846	0.14183	0.10395	0.02941	0.03140	0.02174	0.01265	0.01367	0.00362	0.06438	0.01129	0.00869	0.01651
38	0.01434	0.01021	0.01260	0.01366	0.01546	0.00937	0.00961	0.01743	0.02410	0.03297	0.17990	0.34593	0.15957	0.02832	0.01293	0.00389	0.00580	0.02510	0.06946	0.00937
39	0.01826	0.01424	0.01694	0.01590	0.01916	0.01482	0.01193	0.02913	0.15333	0.03937	0.29093	0.06791	0.10159	0.07932	0.07355	0.00559	0.00899	0.01691	0.01054	0.01159
40	0.01410	0.01087	0.01263	0.01260	0.01526	0.00967	0.00915	0.01748	0.02607	0.03413	0.26401	0.15227	0.28750	0.06622	0.01588	0.00414	0.00581	0.02220	0.01060	0.00940
41	0.69383	0.02109	0.01603	0.01434	0.02109	0.02446	0.01181	0.03205	0.01856	0.04892	0.01518	0.01771	0.01181	0.01012	0.00675	0.00337	0.00843	0.00590	0.00675	0.01181
42	0.69383	0.02109	0.01603	0.01434	0.02109	0.02446	0.01181	0.03205	0.01856	0.04892	0.01518	0.01771	0.01181	0.01012	0.00675	0.00337	0.00843	0.00590	0.00675	0.01181
43	0.02364	0.05977	0.10030	0.02046	0.02788	0.01815	0.05397	0.03169	0.06266	0.09913	0.23374	0.04939	0.05294	0.01535	0.01115	0.00315	0.00920	0.01337	0.00938	0.10467
44	0.12956	0.04777	0.02888	0.02622	0.03199	0.49842	0.01981	0.04198	0.02922	0.02971	0.01663	0.01940	0.01374	0.01108	0.00941	0.00289	0.01814	0.00687	0.00577	0.01253

[dist]
# distance from previous block
# <min> <max>
5	231

# created by:
# /st0/software/busco_prod/Augustus/scripts/msa2prfl.pl ./align_prep/10067.fa
