[name]
unknown

[dist]
# distance from previous block
# <min> <max>
0	112

[block]
# block no. 0 follows, 13 sequences, length 6
# corresponding to MSA columns:
# 128-133
name=unknown_A
#
# <colnr> <probs for GDERKNQSTAVLIFYWHMCP>
#	G	D	E	R	K	N	Q	S	T	A	V	L	I	F	Y	W	H	M	C	P
0	0.09452	0.07162	0.07747	0.02819	0.03608	0.02201	0.19868	0.02917	0.02331	0.03396	0.03013	0.05261	0.02857	0.01510	0.01146	0.00364	0.01285	0.15400	0.00674	0.06989
1	0.02661	0.03604	0.28061	0.14649	0.04707	0.02318	0.06589	0.03529	0.02347	0.13942	0.02335	0.02677	0.01633	0.01123	0.01203	0.00347	0.05236	0.00913	0.00632	0.01495
2	0.01435	0.00997	0.01234	0.01309	0.01384	0.00957	0.00842	0.01607	0.02019	0.02744	0.15031	0.27860	0.06287	0.28016	0.03018	0.00659	0.00762	0.02166	0.00876	0.00796
3	0.01490	0.01174	0.01668	0.13495	0.02721	0.01207	0.01375	0.01877	0.02346	0.03148	0.19518	0.30764	0.10262	0.02476	0.01253	0.00381	0.00739	0.02214	0.00928	0.00966
4	0.09728	0.18204	0.08455	0.02488	0.03353	0.14888	0.09632	0.03847	0.02540	0.14133	0.02199	0.02356	0.01633	0.01041	0.00929	0.00295	0.01358	0.00816	0.00680	0.01427
5	0.02636	0.02717	0.17670	0.02118	0.02923	0.01860	0.02087	0.03799	0.13236	0.16083	0.12655	0.10263	0.04122	0.01610	0.01112	0.00348	0.00974	0.01364	0.00957	0.01467

[dist]
# distance from previous block
# <min> <max>
0	6

[block]
# block no. 1 follows, 13 sequences, length 33
# corresponding to MSA columns:
# 140-172
name=unknown_B
#
# <colnr> <probs for GDERKNQSTAVLIFYWHMCP>
#	G	D	E	R	K	N	Q	S	T	A	V	L	I	F	Y	W	H	M	C	P
0	0.01379	0.01416	0.07348	0.01640	0.01865	0.01033	0.01300	0.01677	0.02047	0.02770	0.05399	0.55618	0.06377	0.03061	0.01312	0.00419	0.00717	0.02763	0.00923	0.00936
1	0.03443	0.03232	0.14309	0.02777	0.07331	0.10195	0.06244	0.09850	0.02938	0.19634	0.02762	0.02843	0.01933	0.01143	0.01022	0.00315	0.01276	0.00936	0.06253	0.01565
2	0.23356	0.18184	0.10415	0.01892	0.02717	0.07099	0.01810	0.03458	0.02321	0.11521	0.06312	0.02575	0.02173	0.01117	0.00841	0.00299	0.01072	0.00789	0.00704	0.01347
3	0.04192	0.02514	0.02730	0.02203	0.02864	0.11043	0.01790	0.09820	0.03033	0.35092	0.03193	0.03031	0.02153	0.01347	0.01388	0.00337	0.09644	0.00971	0.01039	0.01616
4	0.36189	0.02640	0.08584	0.02500	0.08143	0.02484	0.05900	0.10405	0.02511	0.08757	0.01988	0.02218	0.01464	0.01040	0.00868	0.00328	0.01075	0.00778	0.00718	0.01410
5	0.02691	0.52303	0.15524	0.02041	0.03072	0.03851	0.02213	0.03201	0.02165	0.02653	0.01552	0.01799	0.01353	0.00924	0.00741	0.00247	0.01214	0.00607	0.00451	0.01396
6	0.02380	0.02321	0.04100	0.25647	0.33082	0.02471	0.08494	0.03065	0.02311	0.03176	0.01966	0.02715	0.01572	0.00978	0.01072	0.00332	0.01369	0.00975	0.00505	0.01468
7	0.01288	0.00920	0.01227	0.01472	0.01534	0.00859	0.00981	0.01472	0.02024	0.02699	0.05828	0.62152	0.06993	0.03312	0.01350	0.00429	0.00613	0.03006	0.00981	0.00859
8	0.01477	0.01080	0.01386	0.01309	0.01567	0.00989	0.00982	0.01957	0.02946	0.04128	0.52064	0.08081	0.13670	0.02203	0.01247	0.00335	0.00502	0.01938	0.01149	0.00989
9	0.01348	0.01075	0.01208	0.01175	0.01489	0.00935	0.00881	0.01708	0.02643	0.03409	0.28680	0.09266	0.37503	0.02472	0.01249	0.00347	0.00521	0.02104	0.01055	0.00935
10	0.01516	0.01094	0.01441	0.01389	0.01637	0.01018	0.01064	0.02014	0.02940	0.04138	0.50952	0.08279	0.09608	0.02233	0.01267	0.00347	0.00544	0.06377	0.01146	0.00995
11	0.02648	0.48798	0.18655	0.02114	0.03185	0.03746	0.02340	0.03212	0.02170	0.02705	0.01578	0.01832	0.01352	0.00930	0.00761	0.00254	0.01240	0.00620	0.00451	0.01409
12	0.01520	0.01059	0.01318	0.01291	0.01399	0.01061	0.00856	0.01735	0.02023	0.02805	0.19852	0.06814	0.05607	0.35354	0.12078	0.00907	0.01130	0.01595	0.00795	0.00799
13	0.01516	0.01112	0.01594	0.01594	0.01746	0.01264	0.01190	0.01821	0.01668	0.02377	0.02928	0.04686	0.02875	0.18508	0.48390	0.01569	0.02484	0.01211	0.00581	0.00886
14	0.04744	0.01799	0.02454	0.01881	0.02699	0.01554	0.01554	0.05153	0.03026	0.56979	0.04171	0.03599	0.02617	0.01309	0.01063	0.00327	0.00900	0.01063	0.01309	0.01799
15	0.02256	0.02160	0.03569	0.20240	0.12517	0.02094	0.11826	0.02899	0.02259	0.03215	0.01945	0.02567	0.01543	0.00909	0.00992	0.00276	0.01230	0.00885	0.00547	0.26070
16	0.01837	0.00918	0.01377	0.01377	0.01377	0.00918	0.00918	0.01377	0.01377	0.01837	0.01837	0.03214	0.01837	0.03673	0.04132	0.69238	0.00918	0.00918	0.00459	0.00459
17	0.01971	0.00985	0.00985	0.00985	0.01232	0.00985	0.00739	0.02464	0.02217	0.03942	0.03449	0.03942	0.02710	0.01232	0.00739	0.00246	0.00493	0.00985	0.68712	0.00985
18	0.31101	0.02944	0.02263	0.01954	0.02617	0.20280	0.01546	0.04023	0.02519	0.18238	0.02258	0.02290	0.01615	0.01105	0.00862	0.00309	0.01191	0.00741	0.00797	0.01349
19	0.04744	0.01799	0.02454	0.01881	0.02699	0.01554	0.01554	0.05153	0.03026	0.56979	0.04171	0.03599	0.02617	0.01309	0.01063	0.00327	0.00900	0.01063	0.01309	0.01799
20	0.01971	0.00985	0.00985	0.00985	0.01232	0.00985	0.00739	0.02464	0.02217	0.03942	0.03449	0.03942	0.02710	0.01232	0.00739	0.00246	0.00493	0.00985	0.68712	0.00985
21	0.02155	0.02040	0.03456	0.46602	0.19747	0.02391	0.03015	0.02840	0.02189	0.02893	0.01907	0.02767	0.01477	0.01028	0.01054	0.00343	0.01370	0.00940	0.00483	0.01302
22	0.09624	0.01818	0.02387	0.01845	0.02650	0.01615	0.01524	0.05001	0.02935	0.53090	0.03970	0.03459	0.02508	0.01284	0.01033	0.00327	0.00894	0.01027	0.01260	0.01751
23	0.01288	0.00920	0.01227	0.01472	0.01534	0.00859	0.00981	0.01472	0.02024	0.02699	0.05828	0.62152	0.06993	0.03312	0.01350	0.00429	0.00613	0.03006	0.00981	0.00859
24	0.01589	0.01168	0.01525	0.01488	0.01560	0.01312	0.01031	0.01750	0.01605	0.02242	0.02989	0.05507	0.03195	0.37217	0.25415	0.01236	0.06441	0.01336	0.00598	0.00796
25	0.02192	0.01879	0.02192	0.01566	0.02506	0.01409	0.01253	0.02662	0.02192	0.03445	0.01879	0.02192	0.01566	0.00783	0.00783	0.00157	0.00783	0.00626	0.00626	0.69305
26	0.02617	0.02512	0.04292	0.06490	0.56246	0.02512	0.03245	0.03245	0.02407	0.03454	0.01989	0.02617	0.01675	0.00942	0.01047	0.00314	0.01256	0.00942	0.00523	0.01675
27	0.01347	0.00997	0.01267	0.01433	0.01590	0.00918	0.01028	0.01610	0.02238	0.02931	0.11627	0.41419	0.16519	0.03036	0.01332	0.00412	0.00627	0.07780	0.00999	0.00891
28	0.01936	0.01161	0.01341	0.01305	0.01525	0.01254	0.01027	0.02401	0.02249	0.03745	0.08552	0.04907	0.03598	0.01550	0.01155	0.00301	0.07126	0.05622	0.48239	0.01004
29	0.02396	0.02296	0.03977	0.12997	0.40863	0.02340	0.06393	0.03009	0.02337	0.03276	0.02361	0.08500	0.02156	0.01186	0.01092	0.00333	0.01250	0.01165	0.00562	0.01511
30	0.01333	0.01035	0.01226	0.01357	0.01584	0.00929	0.01008	0.01602	0.02266	0.02843	0.08071	0.30309	0.29637	0.02957	0.01320	0.00404	0.00632	0.09616	0.00980	0.00892
31	0.08338	0.01454	0.01865	0.01714	0.02198	0.01371	0.01404	0.03358	0.02597	0.24579	0.08154	0.12465	0.04466	0.02002	0.01162	0.00377	0.00826	0.14572	0.05795	0.01303
32	0.03096	0.03244	0.17980	0.11953	0.04334	0.05784	0.08032	0.07592	0.06310	0.17099	0.02695	0.02861	0.01870	0.01132	0.01060	0.00335	0.01335	0.00964	0.00773	0.01550

[dist]
# distance from previous block
# <min> <max>
1	3

[block]
# block no. 2 follows, 13 sequences, length 60
# corresponding to MSA columns:
# 176-235
name=unknown_C
#
# <colnr> <probs for GDERKNQSTAVLIFYWHMCP>
#	G	D	E	R	K	N	Q	S	T	A	V	L	I	F	Y	W	H	M	C	P
0	0.02907	0.09028	0.03053	0.08695	0.03350	0.21839	0.05373	0.03304	0.02451	0.07778	0.02488	0.07443	0.02201	0.02588	0.12274	0.00579	0.01748	0.01047	0.00638	0.01217
1	0.09127	0.02323	0.06947	0.02556	0.11145	0.01937	0.01868	0.02843	0.02136	0.03485	0.01811	0.02226	0.01506	0.00947	0.01084	0.00242	0.06615	0.00711	0.00583	0.39910
2	0.02759	0.53469	0.08870	0.02361	0.08230	0.03900	0.02094	0.03186	0.02180	0.02642	0.01551	0.01825	0.01388	0.00915	0.00737	0.00242	0.01172	0.00618	0.00459	0.01403
3	0.01484	0.01082	0.01404	0.01383	0.01627	0.01002	0.01053	0.01942	0.02824	0.03918	0.43728	0.12356	0.12781	0.02359	0.01276	0.00357	0.00558	0.06770	0.01118	0.00977
4	0.01398	0.01020	0.01315	0.01362	0.01550	0.00937	0.00975	0.01759	0.02581	0.03547	0.33256	0.28402	0.12695	0.02636	0.01286	0.00371	0.00545	0.02348	0.01080	0.00937
5	0.01446	0.00994	0.01204	0.01281	0.01327	0.00964	0.00794	0.01558	0.01846	0.02484	0.09161	0.26323	0.05525	0.36284	0.03580	0.00751	0.00831	0.02086	0.00809	0.00751
6	0.01364	0.00979	0.01295	0.01420	0.01550	0.00909	0.00987	0.01663	0.02377	0.03261	0.24000	0.42378	0.08080	0.02893	0.01312	0.00394	0.00572	0.02607	0.01048	0.00909
7	0.02796	0.02426	0.03929	0.05628	0.45892	0.02445	0.02931	0.03665	0.08161	0.08040	0.02426	0.02845	0.01924	0.01027	0.01051	0.00320	0.01180	0.00980	0.00650	0.01685
8	0.01452	0.01079	0.01352	0.01284	0.01553	0.00979	0.00963	0.01910	0.02889	0.03993	0.47667	0.08304	0.18152	0.02254	0.01247	0.00337	0.00505	0.01969	0.01131	0.00979
9	0.03566	0.09129	0.12384	0.02684	0.03451	0.40811	0.02339	0.07856	0.02963	0.03033	0.01739	0.01997	0.01392	0.01076	0.00951	0.00283	0.01734	0.00711	0.00562	0.01338
10	0.01538	0.01025	0.01153	0.01153	0.01153	0.01025	0.00641	0.01538	0.01538	0.02050	0.03331	0.06919	0.03844	0.62842	0.05382	0.01025	0.01025	0.01538	0.00641	0.00641
11	0.02723	0.54947	0.13162	0.01986	0.02988	0.03929	0.02118	0.03193	0.02161	0.02614	0.01533	0.01775	0.01354	0.00919	0.00726	0.00242	0.01194	0.00597	0.00451	0.01387
12	0.02946	0.25504	0.23899	0.02435	0.03573	0.02906	0.05787	0.03661	0.02384	0.14209	0.02232	0.02363	0.01629	0.01024	0.00915	0.00295	0.01283	0.00792	0.00634	0.01529
13	0.03950	0.05039	0.02996	0.02724	0.03269	0.58597	0.02043	0.04222	0.02996	0.02588	0.01634	0.01907	0.01362	0.01090	0.00953	0.00272	0.01907	0.00681	0.00545	0.01226
14	0.02413	0.02304	0.03923	0.24211	0.40121	0.02458	0.03143	0.03066	0.02311	0.03206	0.01953	0.02683	0.01587	0.00980	0.01050	0.00327	0.01307	0.00941	0.00506	0.01510
15	0.02833	0.30178	0.16127	0.02107	0.03057	0.03004	0.02173	0.03664	0.08022	0.11148	0.02576	0.06383	0.02125	0.01207	0.00899	0.00294	0.01126	0.00921	0.00684	0.01472
16	0.02117	0.01212	0.01648	0.01677	0.01975	0.01132	0.01326	0.02499	0.02523	0.13454	0.14482	0.24992	0.06409	0.02596	0.01312	0.00411	0.00763	0.17299	0.01074	0.01100
17	0.02117	0.01071	0.01186	0.01123	0.01418	0.01035	0.00854	0.02604	0.02426	0.08434	0.12984	0.04631	0.04020	0.01407	0.00858	0.00269	0.00528	0.01160	0.50820	0.01056
18	0.02342	0.02232	0.03795	0.30326	0.34557	0.02440	0.03108	0.03004	0.02278	0.03121	0.01940	0.02706	0.01557	0.00993	0.01051	0.00331	0.01324	0.00941	0.00500	0.01453
19	0.15381	0.02557	0.02493	0.02066	0.02785	0.07005	0.01656	0.17505	0.18199	0.10639	0.02922	0.02843	0.02136	0.01221	0.00964	0.00317	0.01010	0.00922	0.00947	0.06432
20	0.01455	0.01040	0.01413	0.01631	0.01773	0.00999	0.01242	0.01773	0.02252	0.02995	0.09918	0.39611	0.06917	0.03076	0.01381	0.00442	0.00733	0.19445	0.00994	0.00912
21	0.62344	0.02155	0.01749	0.01516	0.02193	0.02481	0.01249	0.09070	0.02181	0.04975	0.01600	0.01816	0.01224	0.01016	0.00703	0.00326	0.00859	0.00618	0.00703	0.01224
22	0.01462	0.01079	0.01366	0.01294	0.01559	0.00983	0.00971	0.01929	0.02912	0.04047	0.49432	0.08215	0.16353	0.02233	0.01247	0.00336	0.00504	0.01957	0.01139	0.00983
23	0.02558	0.02452	0.04186	0.11584	0.51611	0.02497	0.03216	0.03193	0.02380	0.03383	0.01978	0.02636	0.01650	0.00953	0.01048	0.00318	0.01271	0.00942	0.00518	0.01627
24	0.01478	0.01080	0.01388	0.01311	0.01568	0.00990	0.00983	0.01960	0.02950	0.04137	0.52343	0.08067	0.13387	0.02200	0.01247	0.00334	0.00502	0.01936	0.01150	0.00990
25	0.01288	0.00920	0.01227	0.01472	0.01534	0.00859	0.00981	0.01472	0.02024	0.02699	0.05828	0.62152	0.06993	0.03312	0.01350	0.00429	0.00613	0.03006	0.00981	0.00859
26	0.02192	0.01879	0.02192	0.01566	0.02506	0.01409	0.01253	0.02662	0.02192	0.03445	0.01879	0.02192	0.01566	0.00783	0.00783	0.00157	0.00783	0.00626	0.00626	0.69305
27	0.01523	0.01084	0.01450	0.01450	0.01553	0.01186	0.01011	0.01728	0.01625	0.02270	0.03060	0.05416	0.03191	0.32989	0.34342	0.01392	0.02007	0.01318	0.00600	0.00806
28	0.01554	0.01044	0.01209	0.01233	0.01258	0.01044	0.00748	0.01603	0.01628	0.02162	0.03560	0.07423	0.04070	0.56806	0.04987	0.00971	0.01020	0.06331	0.00674	0.00674
29	0.02219	0.02160	0.03354	0.03443	0.13926	0.02576	0.07030	0.02627	0.02035	0.02912	0.02985	0.04275	0.07466	0.01772	0.02313	0.00414	0.30276	0.06384	0.00590	0.01243
30	0.01510	0.01026	0.01222	0.01290	0.01326	0.01015	0.00809	0.01592	0.01715	0.02278	0.04005	0.17274	0.04631	0.46189	0.04267	0.00865	0.00946	0.06593	0.00735	0.00713
31	0.01513	0.01124	0.01656	0.01656	0.01830	0.01298	0.01267	0.01860	0.01686	0.02422	0.02872	0.04374	0.02739	0.12297	0.54415	0.01646	0.02688	0.01165	0.00572	0.00920
32	0.02127	0.02019	0.03372	0.46993	0.15552	0.02438	0.02948	0.02786	0.02132	0.02823	0.01865	0.02749	0.01454	0.01091	0.01218	0.00353	0.05401	0.00939	0.00479	0.01261
33	0.70310	0.02045	0.01554	0.01390	0.02045	0.02372	0.01145	0.03108	0.01799	0.04744	0.01472	0.01718	0.01145	0.00981	0.00654	0.00327	0.00818	0.00573	0.00654	0.01145
34	0.03943	0.02397	0.02886	0.02888	0.12665	0.07734	0.01961	0.07941	0.09851	0.31309	0.03422	0.03223	0.02344	0.01233	0.01050	0.00323	0.01076	0.01013	0.01039	0.01702
35	0.02231	0.08523	0.39980	0.08804	0.09977	0.02581	0.06883	0.03267	0.02251	0.03243	0.01893	0.02333	0.01399	0.00989	0.01008	0.00329	0.01503	0.00830	0.00463	0.01514
36	0.70310	0.02045	0.01554	0.01390	0.02045	0.02372	0.01145	0.03108	0.01799	0.04744	0.01472	0.01718	0.01145	0.00981	0.00654	0.00327	0.00818	0.00573	0.00654	0.01145
37	0.02216	0.01992	0.03293	0.33430	0.24057	0.02233	0.02766	0.02866	0.02232	0.03130	0.02119	0.02890	0.01671	0.01038	0.01013	0.00325	0.01237	0.00946	0.09215	0.01330
38	0.01474	0.01063	0.01393	0.01346	0.01575	0.00982	0.00996	0.01938	0.02887	0.04071	0.50214	0.13855	0.09649	0.02288	0.01258	0.00343	0.00511	0.02032	0.01144	0.00982
39	0.08349	0.12752	0.12993	0.02368	0.03349	0.02486	0.07605	0.08675	0.02782	0.24307	0.02761	0.02732	0.01894	0.01116	0.00981	0.00314	0.01170	0.00907	0.00862	0.01598
40	0.03680	0.02993	0.18631	0.02566	0.03632	0.01968	0.09381	0.04390	0.02725	0.34157	0.03237	0.03104	0.02111	0.01163	0.01072	0.00333	0.01213	0.01009	0.00954	0.01679
41	0.01538	0.01025	0.01153	0.01153	0.01153	0.01025	0.00641	0.01538	0.01538	0.02050	0.03331	0.06919	0.03844	0.62842	0.05382	0.01025	0.01025	0.01538	0.00641	0.00641
42	0.04019	0.02962	0.03173	0.02433	0.03279	0.03279	0.02010	0.52721	0.04971	0.06663	0.02538	0.02538	0.01798	0.01269	0.01058	0.00317	0.01163	0.00952	0.01058	0.01798
43	0.03823	0.01553	0.02035	0.01634	0.02272	0.01376	0.01324	0.04259	0.02850	0.40312	0.09206	0.04105	0.03378	0.01378	0.01012	0.00310	0.00772	0.01132	0.15724	0.01544
44	0.03551	0.02729	0.02909	0.02338	0.03100	0.03060	0.01896	0.36834	0.21622	0.05908	0.03134	0.03013	0.02280	0.01325	0.01064	0.00331	0.01053	0.01034	0.01064	0.01756
45	0.01621	0.01510	0.01386	0.01331	0.01676	0.07260	0.00998	0.01959	0.02651	0.03245	0.23312	0.08579	0.35979	0.02347	0.01216	0.00340	0.00675	0.01965	0.00989	0.00961
46	0.08703	0.02698	0.03088	0.02733	0.08932	0.02909	0.02025	0.37655	0.04214	0.12608	0.02611	0.02624	0.01843	0.01218	0.01028	0.00319	0.01115	0.00938	0.01002	0.01738
47	0.02549	0.02443	0.04169	0.12398	0.50870	0.02494	0.03211	0.03185	0.02375	0.03372	0.01977	0.02639	0.01646	0.00955	0.01048	0.00318	0.01273	0.00942	0.00517	0.01620
48	0.01335	0.01029	0.01181	0.01230	0.01452	0.00917	0.00866	0.01593	0.02319	0.02974	0.16664	0.22809	0.29351	0.09355	0.01729	0.00445	0.00603	0.02298	0.00977	0.00875
49	0.02725	0.02590	0.04961	0.04644	0.20324	0.02581	0.27197	0.03419	0.02423	0.08388	0.02203	0.02792	0.01698	0.01051	0.01413	0.00353	0.08031	0.01102	0.00597	0.01507
50	0.01696	0.01427	0.02112	0.24894	0.03954	0.01603	0.01864	0.02303	0.05499	0.02868	0.04438	0.26603	0.07430	0.02218	0.01221	0.00396	0.00975	0.06667	0.00784	0.01050
51	0.01348	0.00979	0.01175	0.01304	0.01409	0.00911	0.00853	0.01499	0.01972	0.02556	0.06153	0.36625	0.16126	0.19241	0.02417	0.00575	0.00709	0.02451	0.00890	0.00807
52	0.02211	0.02149	0.03797	0.40299	0.19710	0.02427	0.08448	0.02917	0.02232	0.02971	0.01936	0.02770	0.01499	0.01009	0.01075	0.00343	0.01411	0.00974	0.00491	0.01331
53	0.02768	0.29288	0.24656	0.02343	0.03423	0.03125	0.02608	0.03446	0.02255	0.09786	0.01972	0.02186	0.01514	0.01060	0.01047	0.00297	0.05452	0.00736	0.00560	0.01478
54	0.10408	0.01983	0.02745	0.02704	0.12020	0.01917	0.01865	0.04442	0.02703	0.38848	0.03339	0.03159	0.02227	0.01251	0.01190	0.00334	0.05157	0.00986	0.01050	0.01671
55	0.01374	0.01094	0.01336	0.01399	0.01589	0.01056	0.01012	0.01634	0.02267	0.02954	0.14029	0.31781	0.24705	0.02824	0.01448	0.00392	0.04793	0.02431	0.00970	0.00911
56	0.03169	0.13694	0.23485	0.07230	0.03818	0.05887	0.02617	0.03887	0.02506	0.20041	0.02526	0.02603	0.01753	0.01093	0.00970	0.00312	0.01289	0.00841	0.00728	0.01550
57	0.02334	0.07889	0.18787	0.08880	0.07478	0.05766	0.02421	0.03140	0.05299	0.06965	0.07799	0.07773	0.08161	0.01470	0.01061	0.00332	0.01167	0.01221	0.00707	0.01351
58	0.02188	0.02143	0.02724	0.02414	0.02496	0.06521	0.01952	0.02442	0.01729	0.02494	0.01871	0.03016	0.01841	0.07166	0.16437	0.00777	0.39210	0.00997	0.00504	0.01078
59	0.08198	0.02851	0.02971	0.07859	0.03480	0.07688	0.02028	0.31975	0.09036	0.05281	0.02418	0.02580	0.01793	0.01274	0.01202	0.00333	0.05636	0.00924	0.00888	0.01585

[dist]
# distance from previous block
# <min> <max>
0	828

# created by:
# /st0/software/busco_prod/Augustus/scripts/msa2prfl.pl ./align_prep/10065.fa
