[name]
unknown

[dist]
# distance from previous block
# <min> <max>
0	310

[block]
# block no. 0 follows, 14 sequences, length 18
# corresponding to MSA columns:
# 331-348
name=unknown_A
#
# <colnr> <probs for GDERKNQSTAVLIFYWHMCP>
#	G	D	E	R	K	N	Q	S	T	A	V	L	I	F	Y	W	H	M	C	P
0	0.01775	0.01448	0.02021	0.02065	0.02215	0.01694	0.01742	0.02145	0.02096	0.02852	0.04310	0.14694	0.04723	0.02585	0.01954	0.00460	0.18079	0.31354	0.00806	0.00982
1	0.02094	0.03112	0.20653	0.15217	0.09178	0.02260	0.18525	0.02925	0.02213	0.03073	0.02340	0.09280	0.02028	0.01196	0.01098	0.00343	0.01426	0.01180	0.00528	0.01333
2	0.02024	0.02919	0.19996	0.38850	0.05915	0.02333	0.03040	0.03039	0.06352	0.02947	0.02016	0.02649	0.01488	0.01040	0.01012	0.00337	0.01369	0.00885	0.00496	0.01294
3	0.02553	0.02204	0.02320	0.02088	0.02669	0.02553	0.01624	0.05453	0.55679	0.04293	0.04177	0.03829	0.03133	0.01392	0.01044	0.00348	0.00812	0.01160	0.01044	0.01624
4	0.01768	0.01463	0.02259	0.15335	0.12760	0.01547	0.01938	0.02208	0.02134	0.02839	0.03916	0.19307	0.04201	0.06936	0.01534	0.00443	0.01010	0.16605	0.00739	0.01057
5	0.71184	0.01985	0.01508	0.01350	0.01985	0.02302	0.01111	0.03017	0.01746	0.04604	0.01429	0.01667	0.01111	0.00953	0.00635	0.00318	0.00794	0.00556	0.00635	0.01111
6	0.01783	0.00891	0.01337	0.01337	0.01337	0.00891	0.00891	0.01337	0.01337	0.01783	0.01783	0.03119	0.01783	0.03565	0.04011	0.70143	0.00891	0.00891	0.00446	0.00446
7	0.01938	0.01824	0.03078	0.61468	0.07068	0.02280	0.02850	0.02622	0.02052	0.02622	0.01824	0.02736	0.01368	0.01026	0.01026	0.00342	0.01368	0.00912	0.00456	0.01140
8	0.02245	0.02245	0.03143	0.02694	0.02694	0.03143	0.02245	0.02470	0.01572	0.02470	0.01347	0.02245	0.01347	0.01796	0.03368	0.00449	0.62057	0.00898	0.00449	0.01123
9	0.01492	0.00995	0.01119	0.01119	0.01119	0.00995	0.00622	0.01492	0.01492	0.01990	0.03233	0.06716	0.03731	0.63935	0.05223	0.00995	0.00995	0.01492	0.00622	0.00622
10	0.02018	0.03450	0.28466	0.30005	0.05517	0.02396	0.03232	0.02897	0.02066	0.02897	0.01794	0.02436	0.01335	0.01064	0.01190	0.00343	0.06298	0.00841	0.00445	0.01311
11	0.02349	0.01190	0.01493	0.01321	0.01696	0.01095	0.01025	0.02810	0.02690	0.17095	0.28379	0.05525	0.05877	0.01632	0.01022	0.00297	0.00576	0.01392	0.21383	0.01153
12	0.01530	0.01253	0.01376	0.01331	0.01675	0.01211	0.01000	0.02342	0.12643	0.03375	0.20085	0.12333	0.31441	0.02295	0.01188	0.00347	0.00573	0.01957	0.01013	0.01033
13	0.22161	0.02353	0.04075	0.03011	0.03889	0.02305	0.29002	0.03539	0.02331	0.14163	0.02271	0.02597	0.01620	0.00967	0.01015	0.00333	0.01303	0.00993	0.00695	0.01377
14	0.02620	0.01945	0.03186	0.03921	0.28024	0.01887	0.07096	0.03185	0.02441	0.11738	0.06938	0.03382	0.02607	0.01116	0.00990	0.00298	0.01003	0.01044	0.15150	0.01428
15	0.02487	0.02036	0.02874	0.39035	0.05411	0.02406	0.02392	0.17068	0.02841	0.03818	0.02150	0.02764	0.01595	0.01100	0.00996	0.00323	0.01215	0.00920	0.07275	0.01292
16	0.12036	0.01988	0.02799	0.09004	0.23051	0.01940	0.02044	0.02786	0.02230	0.03543	0.07933	0.02888	0.02393	0.01019	0.00912	0.00269	0.00962	0.00881	0.00618	0.20704
17	0.17398	0.08938	0.03208	0.02707	0.11006	0.02188	0.09104	0.03505	0.02336	0.19386	0.02764	0.08412	0.02237	0.01236	0.00957	0.00318	0.01029	0.01068	0.00793	0.01408

[dist]
# distance from previous block
# <min> <max>
1	18

[block]
# block no. 1 follows, 14 sequences, length 12
# corresponding to MSA columns:
# 367-378
name=unknown_B
#
# <colnr> <probs for GDERKNQSTAVLIFYWHMCP>
#	G	D	E	R	K	N	Q	S	T	A	V	L	I	F	Y	W	H	M	C	P
0	0.03238	0.01916	0.02599	0.02739	0.13722	0.01900	0.01804	0.04341	0.16527	0.25940	0.10541	0.03929	0.03437	0.01337	0.01055	0.00324	0.00877	0.01149	0.01037	0.01589
1	0.01921	0.01422	0.01591	0.01481	0.01691	0.01539	0.01010	0.06885	0.13247	0.02898	0.03321	0.05488	0.03324	0.40044	0.09111	0.00861	0.01133	0.01336	0.00739	0.00958
2	0.01393	0.01003	0.01319	0.01331	0.01520	0.00929	0.00964	0.01788	0.02629	0.03677	0.41943	0.23965	0.08834	0.02425	0.01240	0.00350	0.00517	0.02167	0.01078	0.00929
3	0.01991	0.01967	0.06203	0.02331	0.02818	0.01877	0.12770	0.02981	0.13052	0.03288	0.03674	0.21330	0.03564	0.01813	0.01314	0.00362	0.06211	0.01629	0.09628	0.01198
4	0.01404	0.01003	0.01367	0.01604	0.01731	0.00966	0.01219	0.01694	0.02116	0.02791	0.05572	0.43627	0.06452	0.03071	0.01351	0.00438	0.00728	0.21043	0.00950	0.00876
5	0.02693	0.02506	0.09044	0.11701	0.04369	0.02228	0.20756	0.09355	0.02769	0.11835	0.09413	0.03407	0.02718	0.01162	0.01113	0.00332	0.01297	0.01146	0.00752	0.01404
6	0.04448	0.01997	0.02537	0.01945	0.02745	0.01881	0.01607	0.15924	0.03357	0.46728	0.03696	0.03264	0.02363	0.01262	0.01031	0.00315	0.00930	0.01008	0.01216	0.01746
7	0.03039	0.02446	0.02594	0.02187	0.02854	0.02780	0.01742	0.22991	0.37350	0.05077	0.03559	0.03337	0.02633	0.01334	0.01038	0.00334	0.00926	0.01075	0.01038	0.01668
8	0.01913	0.00956	0.00956	0.00956	0.01196	0.00956	0.00717	0.02391	0.02152	0.03826	0.03348	0.03826	0.02630	0.01196	0.00717	0.00239	0.00478	0.00956	0.69632	0.00956
9	0.11489	0.52257	0.08704	0.01788	0.02680	0.03714	0.01819	0.03078	0.02047	0.02756	0.01457	0.01686	0.01289	0.00895	0.00678	0.00240	0.01089	0.00565	0.00464	0.01305
10	0.02366	0.02369	0.06548	0.19958	0.04329	0.06417	0.08703	0.03139	0.06260	0.06783	0.02802	0.03168	0.05776	0.01108	0.00997	0.00294	0.01192	0.00975	0.00637	0.16181
11	0.03312	0.08206	0.11280	0.02270	0.03030	0.06932	0.02080	0.11045	0.10315	0.18939	0.02755	0.02754	0.01976	0.01256	0.01284	0.00326	0.08953	0.00907	0.00845	0.01535

[dist]
# distance from previous block
# <min> <max>
0	4

[block]
# block no. 2 follows, 14 sequences, length 26
# corresponding to MSA columns:
# 383-408
name=unknown_C
#
# <colnr> <probs for GDERKNQSTAVLIFYWHMCP>
#	G	D	E	R	K	N	Q	S	T	A	V	L	I	F	Y	W	H	M	C	P
0	0.02760	0.01753	0.02410	0.01974	0.02567	0.01722	0.07130	0.03886	0.16925	0.19879	0.16914	0.05073	0.09300	0.01575	0.01114	0.00333	0.00827	0.01385	0.01064	0.01409
1	0.02498	0.02451	0.03970	0.03274	0.07272	0.02563	0.23120	0.04418	0.30439	0.03821	0.03172	0.03312	0.02390	0.01146	0.01111	0.00344	0.01215	0.01165	0.00795	0.01526
2	0.01309	0.00967	0.01197	0.01294	0.01450	0.00884	0.00896	0.01562	0.02225	0.02954	0.18516	0.34976	0.17437	0.07525	0.01570	0.00425	0.00585	0.02405	0.00969	0.00856
3	0.02012	0.11847	0.08495	0.01706	0.02016	0.01779	0.01477	0.01935	0.01572	0.02111	0.01691	0.02694	0.01613	0.02679	0.03071	0.44638	0.06630	0.00822	0.00444	0.00768
4	0.01392	0.01038	0.01302	0.01315	0.01553	0.00948	0.00993	0.01784	0.02598	0.03513	0.34680	0.16275	0.19171	0.02435	0.01245	0.00356	0.00553	0.06873	0.01049	0.00925
5	0.03294	0.08221	0.02891	0.02246	0.02932	0.34568	0.01754	0.08218	0.02812	0.03096	0.01720	0.01968	0.01415	0.00979	0.00870	0.00234	0.01431	0.00663	0.00590	0.20097
6	0.02695	0.01624	0.01971	0.01726	0.02191	0.01626	0.01336	0.12762	0.07904	0.16680	0.16628	0.19357	0.05194	0.01959	0.01144	0.00345	0.00755	0.01692	0.01090	0.01322
7	0.02867	0.10239	0.03598	0.08354	0.11255	0.02493	0.09299	0.11388	0.07741	0.11263	0.08544	0.03278	0.02725	0.01186	0.01026	0.00311	0.01109	0.01053	0.00798	0.01469
8	0.02568	0.03735	0.17722	0.02249	0.02916	0.24649	0.02092	0.03082	0.02473	0.02897	0.11128	0.03694	0.03096	0.11423	0.01685	0.00409	0.01393	0.01021	0.00617	0.01151
9	0.01250	0.00893	0.01191	0.01429	0.01488	0.00834	0.00953	0.01429	0.01965	0.02620	0.05656	0.63265	0.06787	0.03215	0.01310	0.00417	0.00595	0.02917	0.00953	0.00834
10	0.02446	0.02343	0.03996	0.14878	0.49686	0.02414	0.03103	0.03067	0.02292	0.03239	0.01914	0.02570	0.01585	0.00932	0.01018	0.00311	0.01242	0.00914	0.00500	0.01550
11	0.02913	0.47944	0.09021	0.01998	0.02882	0.10020	0.01956	0.07690	0.02424	0.02846	0.01568	0.01781	0.01354	0.00936	0.00745	0.00240	0.01216	0.00610	0.00500	0.01356
12	0.01938	0.01824	0.03078	0.61468	0.07068	0.02280	0.02850	0.02622	0.02052	0.02622	0.01824	0.02736	0.01368	0.01026	0.01026	0.00342	0.01368	0.00912	0.00456	0.01140
13	0.02443	0.19919	0.09911	0.07596	0.03500	0.02693	0.08783	0.03225	0.07135	0.06481	0.02657	0.03920	0.02344	0.01357	0.01177	0.00334	0.05632	0.08938	0.00642	0.01313
14	0.02005	0.02108	0.11464	0.18463	0.09774	0.01713	0.02218	0.02552	0.02148	0.07698	0.03448	0.25013	0.03487	0.01834	0.01122	0.00361	0.01047	0.01637	0.00713	0.01195
15	0.01783	0.00891	0.01337	0.01337	0.01337	0.00891	0.00891	0.01337	0.01337	0.01783	0.01783	0.03119	0.01783	0.03565	0.04011	0.70143	0.00891	0.00891	0.00446	0.00446
16	0.04374	0.02116	0.02610	0.02001	0.02804	0.02057	0.01653	0.21089	0.03556	0.41283	0.03529	0.03156	0.02280	0.01258	0.01030	0.00314	0.00957	0.00997	0.01190	0.01746
17	0.04222	0.02016	0.02522	0.01924	0.02734	0.01887	0.01586	0.16248	0.03306	0.41333	0.03483	0.03133	0.02265	0.01216	0.01007	0.00301	0.00923	0.00969	0.01155	0.07769
18	0.71184	0.01985	0.01508	0.01350	0.01985	0.02302	0.01111	0.03017	0.01746	0.04604	0.01429	0.01667	0.01111	0.00953	0.00635	0.00318	0.00794	0.00556	0.00635	0.01111
19	0.01783	0.00891	0.01337	0.01337	0.01337	0.00891	0.00891	0.01337	0.01337	0.01783	0.01783	0.03119	0.01783	0.03565	0.04011	0.70143	0.00891	0.00891	0.00446	0.00446
20	0.01802	0.01607	0.02703	0.03345	0.20276	0.01554	0.07518	0.02198	0.02137	0.02934	0.04040	0.36682	0.04518	0.02201	0.01203	0.00372	0.00925	0.02072	0.00759	0.01154
21	0.02331	0.02622	0.05675	0.04099	0.05061	0.02458	0.49677	0.03142	0.02386	0.03235	0.02356	0.07495	0.01966	0.01049	0.01219	0.00352	0.01641	0.01344	0.00553	0.01341
22	0.02128	0.01953	0.03254	0.28419	0.26428	0.02143	0.02751	0.02743	0.02223	0.02998	0.02527	0.04274	0.02301	0.01312	0.01094	0.00351	0.01231	0.10006	0.00566	0.01299
23	0.02816	0.09448	0.25922	0.02491	0.03563	0.02832	0.02633	0.20520	0.11892	0.04416	0.02396	0.02492	0.01753	0.01121	0.00974	0.00313	0.01233	0.00861	0.00732	0.01592
24	0.02405	0.14789	0.38298	0.02844	0.04097	0.09034	0.08359	0.03318	0.02261	0.03034	0.01769	0.02107	0.01331	0.00957	0.00941	0.00303	0.01506	0.00759	0.00454	0.01434
25	0.01423	0.01054	0.01327	0.01466	0.01667	0.00992	0.01139	0.01730	0.02212	0.02847	0.09300	0.22659	0.18891	0.08460	0.01681	0.00468	0.00736	0.20149	0.00929	0.00871

[dist]
# distance from previous block
# <min> <max>
0	176

# created by:
# /st0/software/busco_prod/Augustus/scripts/msa2prfl.pl ./align_prep/10061.fa
