[name]
unknown

[dist]
# distance from previous block
# <min> <max>
0	59

[block]
# block no. 0 follows, 13 sequences, length 32
# corresponding to MSA columns:
# 59-90
name=unknown_A
#
# <colnr> <probs for GDERKNQSTAVLIFYWHMCP>
#	G	D	E	R	K	N	Q	S	T	A	V	L	I	F	Y	W	H	M	C	P
0	0.02291	0.07892	0.07374	0.02940	0.09429	0.02178	0.09962	0.06387	0.05189	0.03558	0.05991	0.06020	0.03606	0.01711	0.01182	0.00369	0.01166	0.17440	0.00768	0.04546
1	0.03716	0.02967	0.02975	0.02400	0.03148	0.08452	0.01963	0.40326	0.08102	0.05808	0.02837	0.03375	0.02222	0.01404	0.01083	0.00330	0.01196	0.05032	0.01002	0.01663
2	0.14526	0.02020	0.02977	0.02296	0.03012	0.01988	0.11286	0.03736	0.02532	0.23853	0.08289	0.03376	0.02760	0.01274	0.01244	0.00334	0.06337	0.01063	0.00912	0.06185
3	0.01270	0.00990	0.01155	0.01288	0.01485	0.00874	0.00900	0.01493	0.02202	0.02771	0.08073	0.38253	0.29443	0.03021	0.01304	0.00396	0.00578	0.02650	0.00982	0.00874
4	0.01565	0.01015	0.01174	0.01174	0.01174	0.01015	0.00666	0.01523	0.01523	0.02030	0.03193	0.06577	0.03659	0.57378	0.05266	0.07324	0.01015	0.01480	0.00624	0.00624
5	0.07878	0.13555	0.19513	0.08078	0.07579	0.10279	0.02637	0.05781	0.02445	0.07015	0.01929	0.02258	0.01475	0.01074	0.01056	0.00313	0.04350	0.00778	0.00574	0.01432
6	0.09244	0.02989	0.04382	0.03276	0.04171	0.09339	0.25366	0.16058	0.03158	0.08235	0.02272	0.02616	0.01659	0.01049	0.01098	0.00332	0.01489	0.01032	0.00736	0.01499
7	0.01594	0.01256	0.01860	0.01811	0.01981	0.01521	0.01425	0.01956	0.01691	0.02464	0.02682	0.03962	0.02512	0.07296	0.52903	0.01570	0.08883	0.01111	0.00556	0.00966
8	0.02435	0.09769	0.42582	0.03238	0.10397	0.02542	0.03475	0.03455	0.02305	0.07290	0.02042	0.02334	0.01476	0.01011	0.00986	0.00323	0.01440	0.00803	0.00520	0.01576
9	0.02592	0.02499	0.02977	0.22382	0.12237	0.10602	0.02336	0.07646	0.11200	0.03598	0.08685	0.03417	0.02788	0.01255	0.01066	0.00331	0.01237	0.01060	0.00720	0.01371
10	0.02171	0.09628	0.53649	0.02927	0.04443	0.02579	0.03756	0.03335	0.02226	0.03287	0.01867	0.02194	0.01341	0.00997	0.00981	0.00327	0.01532	0.00766	0.00447	0.01548
11	0.01523	0.01083	0.01448	0.01448	0.01550	0.01185	0.01009	0.01727	0.01625	0.02269	0.03062	0.05425	0.03195	0.33179	0.34158	0.01389	0.02001	0.01319	0.00601	0.00805
12	0.02205	0.01110	0.01321	0.01279	0.01571	0.01087	0.00965	0.02622	0.02241	0.11220	0.03869	0.13426	0.03388	0.02376	0.07744	0.00460	0.00848	0.01344	0.39847	0.01077
13	0.03340	0.03632	0.15666	0.02466	0.03350	0.14707	0.02302	0.10269	0.15733	0.13430	0.02917	0.02865	0.02093	0.01215	0.01028	0.00324	0.01293	0.00932	0.00850	0.01587
14	0.02089	0.01826	0.02906	0.04122	0.31025	0.01835	0.02148	0.02483	0.02079	0.02921	0.02857	0.10890	0.02938	0.17477	0.07294	0.00630	0.01262	0.01354	0.00611	0.01252
15	0.03740	0.02630	0.03281	0.02529	0.03356	0.02796	0.07842	0.30754	0.12397	0.14827	0.03069	0.02993	0.02154	0.01258	0.01084	0.00330	0.01137	0.01046	0.01043	0.01734
16	0.03223	0.02317	0.02540	0.02158	0.02835	0.02570	0.01714	0.13928	0.37166	0.13407	0.03968	0.03638	0.02873	0.01384	0.01071	0.00346	0.00905	0.01130	0.01111	0.01716
17	0.03369	0.21662	0.16559	0.02258	0.03285	0.02975	0.02296	0.15406	0.03033	0.15812	0.02426	0.02446	0.01738	0.01105	0.00931	0.00296	0.01189	0.00819	0.00785	0.01609
18	0.01525	0.01080	0.01241	0.01264	0.01560	0.00938	0.00923	0.01799	0.02392	0.06703	0.12679	0.24357	0.34282	0.02720	0.01265	0.00374	0.00580	0.02344	0.01020	0.00955
19	0.03567	0.03097	0.09465	0.08494	0.03719	0.07720	0.02284	0.26067	0.03616	0.13212	0.02489	0.02628	0.01765	0.01249	0.01221	0.00331	0.05672	0.00922	0.00875	0.01607
20	0.02289	0.02290	0.03292	0.43930	0.06244	0.07601	0.06396	0.03238	0.08408	0.02946	0.02163	0.02870	0.01635	0.01092	0.01064	0.00346	0.01415	0.00969	0.00553	0.01257
21	0.15151	0.02411	0.03223	0.09315	0.27029	0.06453	0.02403	0.03639	0.02444	0.14642	0.02313	0.02626	0.01728	0.01047	0.00974	0.00320	0.01167	0.00882	0.00706	0.01527
22	0.01563	0.01271	0.01408	0.01340	0.01698	0.01214	0.01015	0.02357	0.11099	0.03604	0.25643	0.08349	0.30941	0.02291	0.01220	0.00349	0.00572	0.01949	0.01062	0.01057
23	0.03238	0.14352	0.12985	0.02718	0.03663	0.12384	0.10031	0.13268	0.05560	0.08529	0.02259	0.02443	0.01683	0.01083	0.00994	0.00305	0.01406	0.00876	0.00703	0.01520
24	0.26718	0.02430	0.02422	0.01979	0.02715	0.02710	0.01616	0.23626	0.12033	0.09894	0.02607	0.02582	0.01883	0.01201	0.00922	0.00329	0.00967	0.00872	0.00943	0.01552
25	0.02186	0.01177	0.01553	0.01524	0.01826	0.01058	0.01115	0.02483	0.02457	0.16584	0.13676	0.35112	0.09868	0.02581	0.01254	0.00383	0.00662	0.02289	0.01093	0.01119
26	0.07639	0.02155	0.02609	0.08284	0.07067	0.02174	0.01781	0.17890	0.03155	0.09399	0.06726	0.03315	0.05037	0.01229	0.00988	0.00288	0.00977	0.00993	0.00855	0.17440
27	0.03001	0.08537	0.02736	0.02009	0.02659	0.02473	0.01621	0.19382	0.14633	0.09390	0.03557	0.14343	0.03130	0.01632	0.01060	0.00328	0.00931	0.01349	0.00977	0.06251
28	0.02227	0.01318	0.01676	0.01659	0.01948	0.01269	0.01205	0.08196	0.02552	0.12832	0.05143	0.44668	0.05599	0.02714	0.01264	0.00398	0.00730	0.02417	0.01049	0.01137
29	0.12703	0.07787	0.02911	0.06111	0.03147	0.02690	0.01796	0.21811	0.08770	0.17637	0.02831	0.02775	0.01990	0.01210	0.00973	0.00320	0.01034	0.00918	0.00971	0.01615
30	0.30048	0.06522	0.02186	0.01628	0.02323	0.02244	0.01343	0.07609	0.07829	0.10842	0.03324	0.03296	0.08129	0.01271	0.00867	0.00310	0.00846	0.00931	0.00835	0.07617
31	0.02887	0.31744	0.18343	0.02113	0.03180	0.03012	0.02262	0.03485	0.02318	0.11678	0.02065	0.02199	0.01579	0.00984	0.00838	0.00264	0.01171	0.00710	0.00608	0.08562

[dist]
# distance from previous block
# <min> <max>
0	18

[block]
# block no. 1 follows, 13 sequences, length 33
# corresponding to MSA columns:
# 109-141
name=unknown_B
#
# <colnr> <probs for GDERKNQSTAVLIFYWHMCP>
#	G	D	E	R	K	N	Q	S	T	A	V	L	I	F	Y	W	H	M	C	P
0	0.03246	0.02613	0.07490	0.02934	0.03836	0.02395	0.18842	0.08630	0.15192	0.18521	0.03227	0.03247	0.02266	0.01175	0.01124	0.00344	0.01248	0.01128	0.00914	0.01628
1	0.02216	0.02470	0.09282	0.36347	0.23272	0.02415	0.03142	0.02951	0.02224	0.03020	0.01918	0.02690	0.01490	0.01013	0.01048	0.00338	0.01375	0.00924	0.00485	0.01382
2	0.07269	0.02047	0.03147	0.35712	0.05532	0.02378	0.07442	0.06565	0.07925	0.03496	0.06188	0.03219	0.02268	0.01172	0.01063	0.00348	0.01258	0.01044	0.00647	0.01281
3	0.03003	0.02683	0.03654	0.08022	0.18881	0.08398	0.09571	0.14046	0.03061	0.07559	0.03131	0.03419	0.07279	0.01234	0.01091	0.00325	0.01294	0.01102	0.00740	0.01509
4	0.07365	0.08841	0.03896	0.14175	0.31310	0.02753	0.02748	0.06121	0.02387	0.03446	0.01868	0.02463	0.01545	0.01047	0.01162	0.00323	0.05642	0.00875	0.00544	0.01489
5	0.02246	0.01769	0.07550	0.01706	0.02210	0.01380	0.01456	0.02941	0.07859	0.14253	0.14156	0.21120	0.12691	0.02179	0.01195	0.00364	0.00764	0.01890	0.01032	0.01237
6	0.15100	0.02043	0.02729	0.15311	0.12862	0.02192	0.02064	0.09600	0.02743	0.13300	0.09106	0.03326	0.02750	0.01234	0.01008	0.00330	0.01041	0.01020	0.00821	0.01422
7	0.02364	0.09282	0.49656	0.02845	0.04306	0.02511	0.03585	0.03469	0.02285	0.07252	0.02035	0.02296	0.01435	0.01020	0.00986	0.00327	0.01483	0.00787	0.00511	0.01566
8	0.01789	0.01213	0.01442	0.01378	0.01719	0.01117	0.01033	0.02334	0.06466	0.08839	0.23116	0.16444	0.24336	0.02382	0.01233	0.00358	0.00595	0.02056	0.01080	0.01070
9	0.02302	0.20356	0.44064	0.02704	0.04098	0.02899	0.03368	0.03302	0.02211	0.03127	0.01788	0.02095	0.01344	0.00979	0.00921	0.00307	0.01452	0.00726	0.00448	0.01510
10	0.03878	0.08838	0.02867	0.02016	0.02748	0.08030	0.01664	0.15290	0.03369	0.27385	0.09843	0.03531	0.03109	0.01343	0.01033	0.00309	0.01037	0.01054	0.01064	0.01591
11	0.03286	0.40694	0.08309	0.01974	0.02901	0.03442	0.01927	0.08823	0.02628	0.13863	0.02152	0.02203	0.01654	0.01031	0.00818	0.00264	0.01118	0.00721	0.00687	0.01506
12	0.01385	0.01040	0.01253	0.01269	0.01490	0.00941	0.00907	0.01710	0.02499	0.03333	0.27875	0.19682	0.22104	0.07755	0.01624	0.00419	0.00578	0.02198	0.01029	0.00908
13	0.03198	0.01951	0.03047	0.14505	0.20338	0.01939	0.02295	0.03710	0.02555	0.24226	0.03210	0.09036	0.02529	0.01347	0.01086	0.00338	0.01081	0.01197	0.00867	0.01545
14	0.02316	0.05211	0.51782	0.02954	0.04443	0.02540	0.03711	0.08434	0.02514	0.03690	0.01963	0.02264	0.01387	0.01032	0.01010	0.00333	0.01521	0.00799	0.00509	0.01587
15	0.03859	0.01572	0.02076	0.01706	0.02347	0.01403	0.01404	0.04293	0.02799	0.40511	0.04176	0.04550	0.03003	0.01464	0.01039	0.00328	0.00825	0.06137	0.14959	0.01547
16	0.02325	0.22262	0.42361	0.02665	0.04037	0.02956	0.03299	0.03296	0.02208	0.03099	0.01774	0.02077	0.01344	0.00976	0.00910	0.00303	0.01438	0.00719	0.00448	0.01503
17	0.03200	0.02534	0.03710	0.02866	0.03577	0.08871	0.18090	0.03915	0.06186	0.18709	0.08248	0.03493	0.02816	0.01299	0.01372	0.00346	0.07302	0.01160	0.00852	0.01455
18	0.01295	0.00993	0.01188	0.01308	0.01499	0.00886	0.00917	0.01543	0.02268	0.02916	0.12785	0.37177	0.25512	0.02957	0.01302	0.00392	0.00573	0.02604	0.01000	0.00886
19	0.01341	0.01039	0.01222	0.01251	0.01503	0.00920	0.00910	0.01667	0.02516	0.03284	0.24677	0.21495	0.29074	0.02652	0.01272	0.00366	0.00541	0.02304	0.01043	0.00920
20	0.02345	0.02343	0.04305	0.27122	0.25250	0.02486	0.14554	0.03065	0.02313	0.03143	0.01981	0.02751	0.01554	0.00975	0.01098	0.00339	0.01439	0.01012	0.00505	0.01421
21	0.02321	0.02109	0.03380	0.44305	0.16001	0.02475	0.02898	0.07955	0.02463	0.03250	0.01968	0.02752	0.01499	0.01057	0.01055	0.00342	0.01356	0.00941	0.00540	0.01332
22	0.01662	0.01187	0.01656	0.01899	0.02124	0.01181	0.01631	0.02118	0.02393	0.03117	0.05621	0.16984	0.06176	0.02960	0.01449	0.00481	0.00937	0.44485	0.00974	0.00962
23	0.02766	0.58501	0.09987	0.01912	0.02874	0.04035	0.01989	0.03182	0.02156	0.02561	0.01507	0.01742	0.01355	0.00913	0.00706	0.00235	0.01168	0.00584	0.00452	0.01375
24	0.01647	0.01345	0.01541	0.01725	0.01929	0.04936	0.01353	0.01979	0.02309	0.02912	0.05934	0.30769	0.11129	0.02926	0.01361	0.00437	0.00852	0.23031	0.00948	0.00938
25	0.02121	0.05469	0.57364	0.03014	0.04576	0.02455	0.03906	0.03348	0.02232	0.03348	0.01897	0.02232	0.01339	0.01005	0.01005	0.00335	0.01563	0.00781	0.00446	0.01563
26	0.04744	0.01799	0.02454	0.01881	0.02699	0.01554	0.01554	0.05153	0.03026	0.56979	0.04171	0.03599	0.02617	0.01309	0.01063	0.00327	0.00900	0.01063	0.01309	0.01799
27	0.01997	0.01879	0.03171	0.60301	0.07282	0.02349	0.02936	0.02701	0.02114	0.02701	0.01879	0.02819	0.01409	0.01057	0.01057	0.00352	0.01409	0.00940	0.00470	0.01175
28	0.04019	0.02962	0.03173	0.02433	0.03279	0.03279	0.02010	0.52721	0.04971	0.06663	0.02538	0.02538	0.01798	0.01269	0.01058	0.00317	0.01163	0.00952	0.01058	0.01798
29	0.01519	0.01171	0.01737	0.01635	0.01865	0.01130	0.04836	0.01902	0.02395	0.03331	0.26586	0.21801	0.07043	0.08349	0.09196	0.00600	0.00979	0.02027	0.00943	0.00954
30	0.15037	0.02281	0.02786	0.06182	0.03247	0.02309	0.05440	0.17854	0.03107	0.14536	0.02448	0.02566	0.01749	0.01085	0.00947	0.00294	0.01040	0.00862	0.00866	0.15365
31	0.09890	0.15172	0.02916	0.01712	0.02574	0.06372	0.01444	0.03146	0.02273	0.07909	0.01928	0.02136	0.01552	0.00898	0.00784	0.00213	0.00954	0.00649	0.00645	0.36832
32	0.02842	0.20248	0.09821	0.02017	0.02891	0.08542	0.01883	0.08310	0.02693	0.07107	0.07380	0.02731	0.02400	0.01101	0.00891	0.00256	0.01112	0.00826	0.00691	0.16259

[dist]
# distance from previous block
# <min> <max>
5	7

[block]
# block no. 2 follows, 13 sequences, length 22
# corresponding to MSA columns:
# 149-170
name=unknown_C
#
# <colnr> <probs for GDERKNQSTAVLIFYWHMCP>
#	G	D	E	R	K	N	Q	S	T	A	V	L	I	F	Y	W	H	M	C	P
0	0.03255	0.03262	0.03890	0.03527	0.11306	0.18472	0.14976	0.08382	0.10765	0.07828	0.02498	0.02748	0.01889	0.01103	0.01078	0.00321	0.01475	0.00995	0.00725	0.01504
1	0.02410	0.02337	0.04011	0.05526	0.43708	0.02295	0.07442	0.03011	0.02416	0.03362	0.03251	0.03721	0.09419	0.01186	0.01094	0.00324	0.01202	0.01155	0.00590	0.01540
2	0.01433	0.00989	0.01278	0.01372	0.01524	0.00925	0.00965	0.01769	0.02422	0.03418	0.25141	0.35514	0.07766	0.02669	0.01253	0.00375	0.00557	0.02390	0.07317	0.00925
3	0.02350	0.02239	0.03809	0.29681	0.35144	0.02442	0.03112	0.03011	0.02281	0.03130	0.01942	0.02704	0.01560	0.00992	0.01051	0.00331	0.01322	0.00941	0.00500	0.01459
4	0.02540	0.39929	0.26579	0.02298	0.03470	0.03482	0.02661	0.03240	0.02182	0.02837	0.01643	0.01914	0.01350	0.00945	0.00811	0.00270	0.01306	0.00653	0.00450	0.01440
5	0.01576	0.01112	0.01597	0.01597	0.01794	0.01274	0.01238	0.01970	0.01773	0.02667	0.02920	0.04123	0.02653	0.06971	0.50361	0.01491	0.02497	0.01112	0.10322	0.00950
6	0.02617	0.02512	0.04292	0.06490	0.56246	0.02512	0.03245	0.03245	0.02407	0.03454	0.01989	0.02617	0.01675	0.00942	0.01047	0.00314	0.01256	0.00942	0.00523	0.01675
7	0.04535	0.02134	0.02661	0.02040	0.02866	0.02050	0.01685	0.18844	0.03586	0.42497	0.03701	0.03294	0.02381	0.01297	0.01062	0.00324	0.00976	0.01031	0.01236	0.01799
8	0.02593	0.38054	0.20277	0.02826	0.10914	0.03447	0.02618	0.03230	0.02210	0.02874	0.01667	0.01982	0.01397	0.00939	0.00825	0.00270	0.01273	0.00681	0.00461	0.01462
9	0.01795	0.01071	0.01403	0.01486	0.01695	0.00971	0.01050	0.02042	0.02272	0.10597	0.09683	0.45360	0.10726	0.02887	0.01293	0.00401	0.00639	0.02581	0.01042	0.01007
10	0.10143	0.02092	0.03205	0.02428	0.03269	0.01962	0.12805	0.04608	0.06811	0.36147	0.03481	0.03286	0.02304	0.01196	0.01067	0.00336	0.01083	0.01069	0.01058	0.01646
11	0.03015	0.02783	0.11091	0.12138	0.20064	0.02465	0.02693	0.11684	0.07377	0.12299	0.02591	0.02848	0.01890	0.01121	0.01049	0.00329	0.01215	0.00961	0.00762	0.01625
12	0.01350	0.01004	0.01396	0.06600	0.02035	0.00989	0.01152	0.01579	0.02032	0.02699	0.05483	0.56980	0.06506	0.03116	0.01324	0.00423	0.00683	0.02826	0.00937	0.00886
13	0.02425	0.02317	0.03945	0.23117	0.41117	0.02462	0.03150	0.03077	0.02317	0.03222	0.01955	0.02679	0.01593	0.00978	0.01050	0.00326	0.01303	0.00941	0.00507	0.01520
14	0.02621	0.03698	0.29311	0.19290	0.04976	0.02366	0.03130	0.07607	0.02544	0.11121	0.02272	0.02623	0.01581	0.01086	0.01033	0.00337	0.01390	0.00882	0.00628	0.01505
15	0.02654	0.26136	0.17562	0.03137	0.08044	0.03220	0.14567	0.06924	0.02480	0.03288	0.01850	0.02233	0.01469	0.00955	0.00948	0.00296	0.01400	0.00838	0.00521	0.01479
16	0.03841	0.01782	0.02302	0.01901	0.02556	0.01668	0.01540	0.11310	0.03103	0.36604	0.04311	0.13561	0.03476	0.01753	0.01140	0.00355	0.00898	0.05123	0.01193	0.01582
17	0.02303	0.02290	0.04099	0.29923	0.14286	0.02495	0.16254	0.03300	0.08074	0.03201	0.02237	0.02920	0.01708	0.01035	0.01109	0.00348	0.01422	0.01052	0.00564	0.01380
18	0.02349	0.02950	0.18450	0.13222	0.16699	0.02176	0.02791	0.03305	0.06776	0.07337	0.06786	0.07201	0.02751	0.01306	0.01077	0.00341	0.01204	0.01143	0.00679	0.01458
19	0.09861	0.01819	0.02383	0.01843	0.02648	0.01618	0.01522	0.04993	0.02930	0.52902	0.03961	0.03452	0.02502	0.01283	0.01031	0.00327	0.00893	0.01025	0.01258	0.01748
20	0.09031	0.02304	0.03197	0.12286	0.11398	0.02437	0.06072	0.14164	0.07797	0.16533	0.02771	0.02924	0.01968	0.01158	0.01040	0.00332	0.01145	0.00988	0.00871	0.01584
21	0.03531	0.02615	0.10542	0.10759	0.03753	0.02267	0.02194	0.13258	0.10457	0.24674	0.03231	0.03145	0.02195	0.01239	0.01055	0.00335	0.01108	0.01003	0.00983	0.01656

[dist]
# distance from previous block
# <min> <max>
5	29

[block]
# block no. 3 follows, 13 sequences, length 10
# corresponding to MSA columns:
# 200-209
name=unknown_D
#
# <colnr> <probs for GDERKNQSTAVLIFYWHMCP>
#	G	D	E	R	K	N	Q	S	T	A	V	L	I	F	Y	W	H	M	C	P
0	0.15649	0.02578	0.02696	0.19153	0.04110	0.10145	0.02047	0.12760	0.08817	0.08597	0.02366	0.02634	0.01738	0.01152	0.00971	0.00329	0.01212	0.00878	0.00764	0.01402
1	0.04135	0.01915	0.02398	0.01873	0.02633	0.01782	0.01536	0.13436	0.03301	0.40328	0.04760	0.04298	0.09706	0.01488	0.01088	0.00329	0.00899	0.01202	0.01218	0.01676
2	0.02717	0.05048	0.39955	0.02881	0.04158	0.12928	0.03304	0.10229	0.02746	0.03659	0.01936	0.02214	0.01406	0.01056	0.01002	0.00321	0.01572	0.00786	0.00548	0.01532
3	0.02098	0.01752	0.02658	0.13844	0.03551	0.01851	0.08562	0.11437	0.02650	0.03525	0.03927	0.31191	0.04182	0.02154	0.01223	0.00383	0.01034	0.01973	0.00832	0.01173
4	0.57758	0.13472	0.02296	0.01468	0.02169	0.02709	0.01269	0.03119	0.01864	0.04324	0.01472	0.01714	0.01184	0.00967	0.00659	0.00308	0.00876	0.00571	0.00617	0.01184
5	0.14633	0.13251	0.02306	0.01655	0.02051	0.08440	0.01289	0.02441	0.02180	0.03123	0.06924	0.29311	0.04406	0.02104	0.01044	0.00348	0.00890	0.01764	0.00784	0.01056
6	0.27911	0.02419	0.12049	0.01859	0.02621	0.01924	0.01798	0.03353	0.02344	0.15306	0.08238	0.04161	0.03038	0.01426	0.00970	0.00350	0.00960	0.07100	0.00848	0.01324
7	0.22669	0.05046	0.02897	0.02208	0.02915	0.05408	0.10813	0.08295	0.02605	0.10145	0.03554	0.04058	0.09253	0.01393	0.01004	0.00338	0.01089	0.04203	0.00800	0.01308
8	0.10832	0.36337	0.07082	0.01802	0.02643	0.03117	0.01735	0.03440	0.02348	0.13081	0.06593	0.02609	0.02297	0.01101	0.00814	0.00272	0.01022	0.00785	0.00695	0.01396
9	0.07935	0.01557	0.02103	0.12449	0.03058	0.01624	0.01575	0.02641	0.02019	0.09156	0.02551	0.03449	0.02162	0.07497	0.22270	0.00846	0.01678	0.00973	0.00658	0.13799

[dist]
# distance from previous block
# <min> <max>
0	3

[block]
# block no. 4 follows, 13 sequences, length 34
# corresponding to MSA columns:
# 213-246
name=unknown_E
#
# <colnr> <probs for GDERKNQSTAVLIFYWHMCP>
#	G	D	E	R	K	N	Q	S	T	A	V	L	I	F	Y	W	H	M	C	P
0	0.03001	0.09064	0.09547	0.02304	0.03122	0.02959	0.02055	0.19078	0.28134	0.04763	0.03203	0.03094	0.02387	0.01280	0.01022	0.00330	0.01051	0.01010	0.00932	0.01665
1	0.10429	0.09247	0.03627	0.02504	0.03364	0.03210	0.07956	0.36532	0.04054	0.05634	0.02270	0.02404	0.01662	0.01156	0.01000	0.00313	0.01199	0.00908	0.00890	0.01641
2	0.10937	0.02607	0.03038	0.02391	0.03174	0.09058	0.08263	0.13176	0.08374	0.23619	0.03038	0.02945	0.02094	0.01199	0.01031	0.00326	0.01168	0.00983	0.00979	0.01600
3	0.34802	0.02199	0.02216	0.01791	0.02540	0.02356	0.01478	0.15925	0.02939	0.20498	0.02524	0.02470	0.01737	0.01148	0.00873	0.00325	0.00927	0.00810	0.00945	0.01497
4	0.02829	0.02775	0.04976	0.03706	0.04605	0.08053	0.35837	0.03557	0.02604	0.09721	0.02697	0.03804	0.02175	0.01176	0.01218	0.00358	0.01604	0.06225	0.00675	0.01403
5	0.09049	0.01895	0.02774	0.41150	0.05638	0.02271	0.02422	0.07877	0.02373	0.03327	0.02382	0.09807	0.02095	0.01343	0.01051	0.00355	0.01228	0.01152	0.00612	0.01199
6	0.09706	0.36653	0.23288	0.02187	0.03296	0.03386	0.02474	0.03224	0.02141	0.03028	0.01620	0.01886	0.01328	0.00948	0.00790	0.00275	0.01249	0.00642	0.00472	0.01407
7	0.02292	0.02112	0.03495	0.47450	0.06616	0.02495	0.08049	0.08784	0.02498	0.03250	0.01986	0.02789	0.01477	0.01065	0.01077	0.00349	0.01419	0.00974	0.00547	0.01276
8	0.01977	0.01645	0.07320	0.01945	0.02343	0.01300	0.01754	0.02464	0.02387	0.08765	0.05122	0.20996	0.05435	0.02642	0.01348	0.00442	0.00947	0.29114	0.00957	0.01096
9	0.01659	0.01077	0.01466	0.01655	0.01828	0.01023	0.01257	0.01958	0.02226	0.06545	0.05640	0.41738	0.06398	0.03048	0.01366	0.00441	0.00751	0.17961	0.01001	0.00960
10	0.02844	0.03238	0.14881	0.03334	0.10185	0.02749	0.11509	0.16160	0.15755	0.04455	0.02701	0.02886	0.02004	0.01148	0.01084	0.00338	0.01288	0.01028	0.00778	0.01637
11	0.07988	0.02460	0.02531	0.02087	0.02808	0.08936	0.01672	0.10519	0.16524	0.27805	0.03549	0.03249	0.02442	0.01291	0.01028	0.00328	0.01030	0.01009	0.01088	0.01658
12	0.02726	0.02319	0.02445	0.02171	0.02786	0.02675	0.01697	0.08877	0.50921	0.04578	0.04181	0.03847	0.03129	0.01423	0.01075	0.00356	0.00859	0.01179	0.01075	0.01682
13	0.03283	0.13112	0.18029	0.02694	0.03772	0.02452	0.12680	0.03993	0.02566	0.23028	0.02717	0.02777	0.01869	0.01077	0.01023	0.00319	0.01292	0.00946	0.00784	0.01588
14	0.02142	0.02045	0.03543	0.39986	0.18803	0.02326	0.06266	0.02811	0.02207	0.02932	0.02149	0.06161	0.01807	0.01147	0.01084	0.00348	0.01352	0.01079	0.00517	0.01296
15	0.01341	0.00979	0.01274	0.01490	0.01611	0.00912	0.01060	0.01577	0.02127	0.02782	0.06383	0.48981	0.12734	0.03182	0.01353	0.00429	0.00654	0.09273	0.00980	0.00879
16	0.10203	0.11615	0.27476	0.02423	0.03538	0.08731	0.02654	0.03771	0.02425	0.14403	0.02240	0.02356	0.01588	0.01062	0.00933	0.00312	0.01330	0.00779	0.00659	0.01504
17	0.02371	0.02349	0.04311	0.30704	0.14553	0.02531	0.18336	0.05910	0.02447	0.03269	0.02016	0.02780	0.01536	0.00999	0.01115	0.00345	0.01486	0.01037	0.00533	0.01371
18	0.03087	0.02498	0.02648	0.02244	0.02924	0.02843	0.01784	0.21119	0.38091	0.05160	0.03723	0.03482	0.02757	0.01380	0.01070	0.00345	0.00944	0.01115	0.01070	0.01715
19	0.37322	0.06389	0.02368	0.01866	0.02545	0.09965	0.01517	0.11759	0.09742	0.04597	0.02059	0.02183	0.01581	0.01101	0.00819	0.00317	0.01038	0.00734	0.00752	0.01349
20	0.02426	0.25976	0.31672	0.02779	0.04037	0.03107	0.09840	0.03288	0.02238	0.03044	0.01777	0.02125	0.01382	0.00953	0.00921	0.00299	0.01438	0.00768	0.00461	0.01470
21	0.02266	0.02315	0.03147	0.52362	0.06729	0.10105	0.02813	0.02911	0.02236	0.02686	0.01845	0.02693	0.01403	0.01062	0.01043	0.00341	0.01478	0.00904	0.00480	0.01182
22	0.01262	0.01021	0.01122	0.01203	0.01463	0.00881	0.00862	0.01503	0.02283	0.02805	0.09104	0.27280	0.39750	0.02887	0.01282	0.00381	0.00561	0.02486	0.00982	0.00881
23	0.02368	0.02346	0.04112	0.23770	0.14077	0.02526	0.17300	0.03551	0.12257	0.03358	0.02437	0.03010	0.01859	0.01061	0.01115	0.00348	0.01384	0.01080	0.00614	0.01427
24	0.02449	0.13744	0.19086	0.02777	0.03760	0.02623	0.13735	0.03514	0.09008	0.06068	0.02440	0.02839	0.01895	0.01988	0.08964	0.00512	0.01583	0.00966	0.00611	0.01438
25	0.39585	0.02311	0.02208	0.01799	0.02539	0.02556	0.01484	0.19619	0.03006	0.12574	0.02193	0.02245	0.01562	0.01121	0.00843	0.00324	0.00942	0.00764	0.00876	0.01449
26	0.02404	0.02342	0.04127	0.23679	0.35277	0.02476	0.08128	0.03084	0.02322	0.03204	0.01969	0.02706	0.01582	0.00974	0.01070	0.00331	0.01359	0.00972	0.00507	0.01488
27	0.10616	0.02720	0.11283	0.19471	0.14815	0.02419	0.13595	0.03241	0.02287	0.06660	0.02051	0.02623	0.01534	0.00998	0.01041	0.00339	0.01381	0.00949	0.00564	0.01412
28	0.02636	0.02275	0.03307	0.09585	0.03806	0.02439	0.12824	0.16474	0.13692	0.04255	0.03365	0.14328	0.02997	0.01586	0.01159	0.00360	0.01155	0.01458	0.00862	0.01437
29	0.01288	0.00920	0.01227	0.01472	0.01534	0.00859	0.00981	0.01472	0.02024	0.02699	0.05828	0.62152	0.06993	0.03312	0.01350	0.00429	0.00613	0.03006	0.00981	0.00859
30	0.02562	0.09897	0.02271	0.01661	0.02092	0.01654	0.01314	0.02846	0.02359	0.18560	0.05088	0.27194	0.10498	0.02239	0.01276	0.00365	0.04030	0.01895	0.00976	0.01223
31	0.02104	0.04974	0.49891	0.10913	0.04949	0.02441	0.03773	0.03259	0.02216	0.03259	0.01895	0.02313	0.01349	0.01012	0.01012	0.00337	0.01541	0.00803	0.00450	0.01509
32	0.02630	0.02271	0.02391	0.02152	0.02749	0.02630	0.01674	0.05618	0.54336	0.04423	0.04303	0.03945	0.03228	0.01434	0.01076	0.00359	0.00837	0.01195	0.01076	0.01674
33	0.02172	0.05108	0.50314	0.03213	0.04707	0.02486	0.10594	0.03354	0.02269	0.03354	0.01931	0.02318	0.01376	0.00989	0.01038	0.00338	0.01593	0.00846	0.00459	0.01544

[dist]
# distance from previous block
# <min> <max>
0	30

[block]
# block no. 5 follows, 13 sequences, length 71
# corresponding to MSA columns:
# 277-347
name=unknown_F
#
# <colnr> <probs for GDERKNQSTAVLIFYWHMCP>
#	G	D	E	R	K	N	Q	S	T	A	V	L	I	F	Y	W	H	M	C	P
0	0.02390	0.27616	0.37578	0.02554	0.03865	0.03115	0.03106	0.03279	0.02200	0.03020	0.01734	0.02028	0.01346	0.00966	0.00880	0.00293	0.01398	0.00699	0.00449	0.01484
1	0.01435	0.06881	0.01638	0.01504	0.01646	0.01176	0.01060	0.01634	0.02036	0.02679	0.05412	0.56391	0.06456	0.03083	0.01286	0.00410	0.00663	0.02773	0.00931	0.00906
2	0.70310	0.02045	0.01554	0.01390	0.02045	0.02372	0.01145	0.03108	0.01799	0.04744	0.01472	0.01718	0.01145	0.00981	0.00654	0.00327	0.00818	0.00573	0.00654	0.01145
3	0.02563	0.01480	0.01844	0.01586	0.02056	0.01407	0.01243	0.06570	0.06761	0.17772	0.31543	0.06326	0.10722	0.01871	0.01175	0.00334	0.00675	0.01603	0.01173	0.01298
4	0.17703	0.02846	0.03164	0.02464	0.03268	0.08120	0.08559	0.26714	0.03609	0.10100	0.02328	0.02447	0.01670	0.01145	0.00990	0.00321	0.01221	0.00897	0.00878	0.01557
5	0.01269	0.01072	0.01099	0.01092	0.01440	0.00901	0.00819	0.01556	0.02457	0.02967	0.14320	0.09993	0.52139	0.02636	0.01249	0.00355	0.00533	0.02206	0.00996	0.00901
6	0.01288	0.00920	0.01227	0.01472	0.01534	0.00859	0.00981	0.01472	0.02024	0.02699	0.05828	0.62152	0.06993	0.03312	0.01350	0.00429	0.00613	0.03006	0.00981	0.00859
7	0.08623	0.02527	0.04295	0.03182	0.04091	0.02493	0.26083	0.10571	0.07823	0.15214	0.02769	0.02979	0.01959	0.01088	0.01120	0.00343	0.01348	0.01110	0.00828	0.01555
8	0.02994	0.45760	0.09948	0.02115	0.03007	0.15369	0.02058	0.03404	0.02333	0.02590	0.01545	0.01791	0.01356	0.00953	0.00767	0.00246	0.01334	0.00610	0.00471	0.01349
9	0.01288	0.00920	0.01227	0.01472	0.01534	0.00859	0.00981	0.01472	0.02024	0.02699	0.05828	0.62152	0.06993	0.03312	0.01350	0.00429	0.00613	0.03006	0.00981	0.00859
10	0.02741	0.02489	0.04511	0.03424	0.04033	0.02740	0.25306	0.03302	0.02222	0.10629	0.02128	0.02743	0.01661	0.01332	0.02105	0.00395	0.25159	0.01094	0.00616	0.01372
11	0.12858	0.01966	0.02825	0.39238	0.05573	0.02303	0.02408	0.06472	0.02388	0.10951	0.02186	0.02744	0.01566	0.01095	0.00997	0.00343	0.01231	0.00902	0.00656	0.01300
12	0.02496	0.02852	0.06239	0.04456	0.05526	0.02674	0.52406	0.03387	0.02496	0.03387	0.02139	0.02852	0.01604	0.00891	0.01248	0.00357	0.01783	0.01248	0.00535	0.01426
13	0.01997	0.01879	0.03171	0.60301	0.07282	0.02349	0.02936	0.02701	0.02114	0.02701	0.01879	0.02819	0.01409	0.01057	0.01057	0.00352	0.01409	0.00940	0.00470	0.01175
14	0.02153	0.05241	0.52912	0.03139	0.04659	0.02475	0.08129	0.03352	0.02255	0.03352	0.01918	0.02286	0.01362	0.00995	0.01026	0.00337	0.01582	0.00822	0.00454	0.01551
15	0.02551	0.02188	0.02322	0.02094	0.02668	0.02516	0.01626	0.05365	0.50745	0.04410	0.07898	0.04221	0.03700	0.01485	0.01088	0.00357	0.00813	0.01246	0.01082	0.01626
16	0.01250	0.01071	0.01071	0.01071	0.01428	0.00893	0.00803	0.01517	0.02410	0.02856	0.10711	0.10175	0.55817	0.02678	0.01250	0.00357	0.00536	0.02231	0.00982	0.00893
17	0.07793	0.02160	0.11338	0.01944	0.02537	0.01631	0.05512	0.06304	0.02590	0.03734	0.16417	0.17543	0.12285	0.02013	0.01162	0.00357	0.00889	0.01756	0.00876	0.01159
18	0.02453	0.02567	0.08226	0.20798	0.04433	0.02893	0.02611	0.10219	0.02336	0.03288	0.01762	0.02498	0.01452	0.01436	0.02121	0.00394	0.27743	0.00920	0.00553	0.01296
19	0.04191	0.02685	0.03002	0.02302	0.03141	0.02869	0.01901	0.41421	0.04509	0.18616	0.02926	0.02790	0.01993	0.01279	0.01059	0.00320	0.01101	0.00978	0.01117	0.01798
20	0.01997	0.01879	0.03171	0.60301	0.07282	0.02349	0.02936	0.02701	0.02114	0.02701	0.01879	0.02819	0.01409	0.01057	0.01057	0.00352	0.01409	0.00940	0.00470	0.01175
21	0.02655	0.35025	0.25743	0.02371	0.03501	0.08687	0.02659	0.03339	0.02262	0.02837	0.01654	0.01928	0.01350	0.00962	0.00833	0.00273	0.01375	0.00662	0.00459	0.01426
22	0.03331	0.02450	0.02586	0.02205	0.02830	0.06958	0.01752	0.09549	0.30056	0.16520	0.03690	0.03456	0.02675	0.01392	0.01230	0.00348	0.05205	0.01082	0.01042	0.01642
23	0.01302	0.00944	0.01231	0.01433	0.01530	0.00872	0.00970	0.01517	0.02129	0.02833	0.10158	0.54148	0.10676	0.03176	0.01334	0.00417	0.00599	0.02864	0.00996	0.00872
24	0.02496	0.02283	0.03455	0.08198	0.03450	0.02967	0.07083	0.02849	0.01862	0.07007	0.01728	0.02515	0.01509	0.01642	0.02841	0.00431	0.44942	0.00968	0.00538	0.01236
25	0.54790	0.07929	0.02046	0.01533	0.02203	0.02579	0.01279	0.03451	0.08888	0.04486	0.01852	0.02015	0.01445	0.01035	0.00713	0.00322	0.00850	0.00655	0.00692	0.01236
26	0.04047	0.01645	0.02230	0.01763	0.02459	0.01435	0.01435	0.04475	0.03019	0.45664	0.15224	0.04521	0.04196	0.01492	0.01103	0.00328	0.00814	0.01245	0.01278	0.01627
27	0.02827	0.63478	0.05540	0.01809	0.02714	0.04184	0.01809	0.03166	0.02148	0.02488	0.01470	0.01696	0.01357	0.00905	0.00678	0.00226	0.01131	0.00565	0.00452	0.01357
28	0.02744	0.50604	0.09275	0.01952	0.02868	0.03836	0.01959	0.03510	0.09164	0.02817	0.01885	0.02041	0.01607	0.00984	0.00758	0.00253	0.01126	0.00667	0.00536	0.01416
29	0.08732	0.03757	0.02765	0.02484	0.02978	0.32993	0.01917	0.04248	0.15244	0.03203	0.02240	0.02443	0.01803	0.01267	0.01297	0.00323	0.09482	0.00831	0.00672	0.01319
30	0.01253	0.01057	0.01086	0.01108	0.01438	0.00889	0.00820	0.01513	0.02374	0.02842	0.10258	0.14995	0.51290	0.02737	0.01259	0.00364	0.00543	0.02303	0.00982	0.00889
31	0.13705	0.02499	0.02710	0.02128	0.02923	0.02683	0.01751	0.30761	0.07355	0.18512	0.02901	0.02773	0.01999	0.01248	0.01002	0.00324	0.01027	0.00941	0.01062	0.01695
32	0.02298	0.02163	0.03537	0.33872	0.26005	0.02439	0.02940	0.03184	0.07071	0.03155	0.02147	0.02844	0.01682	0.01047	0.01055	0.00338	0.01296	0.00964	0.00547	0.01416
33	0.04303	0.02507	0.02892	0.02217	0.03052	0.02605	0.01831	0.34124	0.04211	0.26334	0.03177	0.02953	0.02118	0.01285	0.01060	0.00321	0.01060	0.00995	0.01156	0.01799
34	0.01997	0.01879	0.03171	0.60301	0.07282	0.02349	0.02936	0.02701	0.02114	0.02701	0.01879	0.02819	0.01409	0.01057	0.01057	0.00352	0.01409	0.00940	0.00470	0.01175
35	0.02717	0.02446	0.04308	0.10532	0.40875	0.02443	0.09685	0.03370	0.02443	0.07674	0.02175	0.02745	0.01718	0.00975	0.01076	0.00324	0.01312	0.00993	0.00583	0.01608
36	0.01295	0.01073	0.01133	0.01118	0.01456	0.00912	0.00839	0.01605	0.02516	0.03109	0.18913	0.09760	0.47458	0.02584	0.01249	0.00353	0.00529	0.02173	0.01015	0.00912
37	0.01288	0.00920	0.01227	0.01472	0.01534	0.00859	0.00981	0.01472	0.02024	0.02699	0.05828	0.62152	0.06993	0.03312	0.01350	0.00429	0.00613	0.03006	0.00981	0.00859
38	0.03729	0.02844	0.03815	0.02851	0.03745	0.03003	0.13477	0.37657	0.04251	0.09938	0.02578	0.02695	0.01819	0.01186	0.01102	0.00327	0.01284	0.01028	0.00958	0.01713
39	0.03798	0.03078	0.02849	0.02349	0.03069	0.14804	0.01872	0.24409	0.15460	0.12847	0.02990	0.02881	0.02152	0.01274	0.01040	0.00318	0.01210	0.00966	0.00989	0.01647
40	0.01704	0.01217	0.01704	0.01947	0.02191	0.01217	0.01704	0.02191	0.02434	0.03164	0.05598	0.11926	0.06085	0.02921	0.01460	0.00487	0.00974	0.49130	0.00974	0.00974
41	0.14064	0.02713	0.02861	0.02223	0.03038	0.02978	0.01836	0.40723	0.04309	0.11169	0.02534	0.02516	0.01778	0.01230	0.00998	0.00320	0.01086	0.00905	0.01021	0.01700
42	0.02081	0.01966	0.03324	0.52955	0.13967	0.02371	0.02978	0.02776	0.02154	0.02804	0.01894	0.02791	0.01446	0.01041	0.01056	0.00347	0.01389	0.00940	0.00477	0.01243
43	0.01961	0.01822	0.03046	0.56088	0.06875	0.02253	0.02798	0.02651	0.02177	0.02811	0.05723	0.03182	0.02021	0.01136	0.01071	0.00351	0.01344	0.01009	0.00519	0.01162
44	0.02746	0.01390	0.01781	0.01598	0.02103	0.01231	0.01306	0.03138	0.02714	0.24404	0.11350	0.07729	0.20087	0.02139	0.01220	0.00370	0.00767	0.11523	0.01126	0.01277
45	0.02086	0.01618	0.02460	0.02206	0.02648	0.01598	0.09896	0.02946	0.10892	0.07560	0.05090	0.22279	0.08075	0.02302	0.01286	0.00407	0.00952	0.13559	0.00947	0.01193
46	0.03186	0.02484	0.04761	0.03479	0.04431	0.02332	0.32642	0.04114	0.07170	0.19650	0.02941	0.03173	0.02051	0.01065	0.01177	0.00348	0.01434	0.01188	0.00815	0.01560
47	0.03950	0.05039	0.02996	0.02724	0.03269	0.58597	0.02043	0.04222	0.02996	0.02588	0.01634	0.01907	0.01362	0.01090	0.00953	0.00272	0.01907	0.00681	0.00545	0.01226
48	0.02617	0.02512	0.04292	0.06490	0.56246	0.02512	0.03245	0.03245	0.02407	0.03454	0.01989	0.02617	0.01675	0.00942	0.01047	0.00314	0.01256	0.00942	0.00523	0.01675
49	0.01784	0.01086	0.01375	0.01423	0.01648	0.00982	0.01004	0.02024	0.02266	0.10154	0.10114	0.36811	0.14965	0.07264	0.01585	0.00440	0.00660	0.02413	0.01015	0.00987
50	0.01568	0.01114	0.01294	0.01311	0.01630	0.00992	0.00993	0.01856	0.02336	0.06842	0.08414	0.18321	0.35832	0.03107	0.05688	0.00480	0.00784	0.05502	0.00973	0.00964
51	0.01836	0.01155	0.01529	0.01642	0.01836	0.01120	0.01271	0.02130	0.02176	0.07475	0.04972	0.21125	0.05438	0.17490	0.02358	0.00592	0.00900	0.23095	0.00923	0.00939
52	0.07864	0.01211	0.01570	0.01501	0.01736	0.01277	0.01111	0.02121	0.01794	0.07690	0.03259	0.04497	0.06300	0.12937	0.25011	0.15750	0.01650	0.01165	0.00662	0.00894
53	0.64601	0.02023	0.01632	0.01433	0.02102	0.02301	0.01181	0.03286	0.01906	0.09292	0.01707	0.01881	0.01273	0.01010	0.00690	0.00327	0.00825	0.00615	0.00711	0.01202
54	0.01327	0.01074	0.01179	0.01153	0.01476	0.00926	0.00865	0.01668	0.02594	0.03293	0.24900	0.09457	0.41356	0.02515	0.01249	0.00349	0.00524	0.02131	0.01039	0.00926
55	0.01767	0.01269	0.01393	0.01279	0.01690	0.01139	0.00984	0.05685	0.02749	0.07546	0.17379	0.08708	0.39778	0.02378	0.01221	0.00348	0.00604	0.01991	0.01044	0.01048
56	0.17496	0.01617	0.01867	0.01672	0.02195	0.01609	0.01296	0.03593	0.07204	0.23731	0.04130	0.21769	0.03744	0.01885	0.01067	0.00362	0.00786	0.01586	0.01043	0.01350
57	0.01535	0.01108	0.01391	0.01490	0.01632	0.01095	0.01059	0.01963	0.05651	0.02993	0.13562	0.28402	0.06364	0.17021	0.02285	0.00558	0.00761	0.09292	0.00937	0.00903
58	0.01288	0.00920	0.01227	0.01472	0.01534	0.00859	0.00981	0.01472	0.02024	0.02699	0.05828	0.62152	0.06993	0.03312	0.01350	0.00429	0.00613	0.03006	0.00981	0.00859
59	0.01467	0.01063	0.01317	0.01440	0.01546	0.01045	0.00960	0.01855	0.06033	0.02829	0.09772	0.40224	0.06272	0.16443	0.02225	0.00549	0.00713	0.02435	0.00929	0.00885
60	0.22194	0.01664	0.01778	0.01525	0.02094	0.01668	0.01205	0.03464	0.06117	0.20842	0.08403	0.04782	0.11792	0.06438	0.01338	0.00391	0.00790	0.01231	0.00986	0.01298
61	0.15382	0.01884	0.02299	0.01825	0.02596	0.01789	0.01498	0.04858	0.07581	0.43475	0.03738	0.03320	0.02431	0.01266	0.00997	0.00330	0.00880	0.00994	0.01179	0.01680
62	0.01250	0.01071	0.01071	0.01071	0.01428	0.00893	0.00803	0.01517	0.02410	0.02856	0.10711	0.10175	0.55817	0.02678	0.01250	0.00357	0.00536	0.02231	0.00982	0.00893
63	0.22738	0.01319	0.01293	0.01312	0.01650	0.01357	0.00977	0.02113	0.02135	0.03599	0.09648	0.23209	0.15283	0.02191	0.01056	0.00360	0.00641	0.01834	0.06310	0.00977
64	0.01523	0.01191	0.01378	0.01463	0.01681	0.01176	0.01027	0.02181	0.10817	0.02973	0.06556	0.35424	0.17939	0.07604	0.01602	0.00448	0.00665	0.02398	0.00970	0.00986
65	0.01383	0.01076	0.01256	0.01211	0.01510	0.00949	0.00908	0.01775	0.02724	0.03602	0.34949	0.08948	0.31114	0.02400	0.01248	0.00344	0.00516	0.02059	0.01080	0.00949
66	0.02150	0.01215	0.01500	0.01404	0.01787	0.01063	0.01059	0.02471	0.02569	0.16214	0.15524	0.20128	0.24000	0.02404	0.01227	0.00362	0.00636	0.02072	0.01092	0.01123
67	0.01581	0.01075	0.01567	0.01561	0.01699	0.01188	0.01159	0.01759	0.01714	0.02423	0.06585	0.04443	0.03108	0.10816	0.38588	0.16035	0.02109	0.01176	0.00594	0.00821
68	0.02437	0.01539	0.02111	0.02114	0.06943	0.01635	0.01424	0.02698	0.02103	0.14283	0.08038	0.04963	0.03488	0.24109	0.08008	0.00717	0.10187	0.01288	0.00790	0.01124
69	0.02615	0.02592	0.04032	0.14371	0.45166	0.06374	0.03115	0.03230	0.02404	0.03280	0.01948	0.02598	0.01613	0.00970	0.01042	0.00317	0.01324	0.00924	0.00517	0.01568
70	0.01908	0.01242	0.01541	0.01548	0.01753	0.01235	0.01085	0.05605	0.05762	0.06912	0.08190	0.33352	0.05414	0.11901	0.02103	0.05607	0.00764	0.02148	0.00939	0.00993

[dist]
# distance from previous block
# <min> <max>
0	657

# created by:
# /st0/software/busco_prod/Augustus/scripts/msa2prfl.pl ./align_prep/10076.fa
