[name]
unknown

[dist]
# distance from previous block
# <min> <max>
0	49

[block]
# block no. 0 follows, 8 sequences, length 55
# corresponding to MSA columns:
# 271-325
name=unknown_A
#
# <colnr> <probs for GDERKNQSTAVLIFYWHMCP>
#	G	D	E	R	K	N	Q	S	T	A	V	L	I	F	Y	W	H	M	C	P
0	0.02792	0.27720	0.24145	0.02755	0.04038	0.03573	0.03159	0.03659	0.02622	0.03474	0.02637	0.03981	0.02383	0.01454	0.01093	0.00364	0.01521	0.06375	0.00618	0.01637
1	0.04077	0.02608	0.03484	0.16277	0.04836	0.02924	0.02545	0.15333	0.03670	0.18930	0.03194	0.03436	0.02230	0.01541	0.01653	0.00413	0.08827	0.01155	0.01053	0.01814
2	0.01999	0.01383	0.01850	0.08971	0.02803	0.01438	0.01549	0.02486	0.02649	0.03795	0.11381	0.14243	0.05977	0.09986	0.02055	0.00540	0.00963	0.10017	0.14798	0.01116
3	0.02829	0.02486	0.03159	0.02779	0.03046	0.03125	0.02231	0.09558	0.08803	0.04091	0.03440	0.14274	0.03422	0.02375	0.02726	0.00494	0.27125	0.01663	0.00884	0.01489
4	0.03015	0.42914	0.11025	0.02194	0.03202	0.04155	0.02235	0.03484	0.02442	0.02981	0.02105	0.02951	0.02014	0.08924	0.01635	0.00416	0.01377	0.00860	0.00564	0.01508
5	0.04294	0.02273	0.02728	0.02152	0.03018	0.02168	0.01745	0.11126	0.08456	0.25296	0.04136	0.03917	0.02857	0.01451	0.01153	0.00346	0.01013	0.01165	0.09959	0.10747
6	0.03197	0.01560	0.02036	0.01746	0.02278	0.01407	0.01370	0.03746	0.03423	0.20705	0.26873	0.06902	0.07564	0.02048	0.01315	0.00377	0.00755	0.01756	0.09430	0.01510
7	0.03686	0.02176	0.03390	0.32226	0.06360	0.02383	0.02790	0.04373	0.02934	0.22160	0.03327	0.03701	0.02247	0.01368	0.01249	0.00403	0.01414	0.01167	0.00961	0.01687
8	0.02107	0.01881	0.03061	0.38005	0.06581	0.02250	0.02780	0.02756	0.02460	0.03183	0.03589	0.18705	0.03605	0.02031	0.01348	0.00442	0.01384	0.01827	0.00732	0.01274
9	0.02194	0.01302	0.01632	0.01622	0.01942	0.01183	0.01187	0.02597	0.02927	0.09819	0.17786	0.24847	0.13566	0.02861	0.01417	0.00424	0.00702	0.02511	0.08259	0.01221
10	0.01878	0.01430	0.01989	0.02436	0.08333	0.01381	0.01434	0.02201	0.02572	0.03540	0.15270	0.24312	0.07207	0.17097	0.02775	0.00646	0.00927	0.02426	0.01025	0.01120
11	0.43687	0.02876	0.02366	0.02022	0.02829	0.08231	0.01640	0.08235	0.02861	0.11748	0.02335	0.02462	0.01703	0.01260	0.00927	0.00377	0.01163	0.00816	0.00914	0.01547
12	0.03074	0.02034	0.02488	0.01909	0.02839	0.01605	0.01507	0.03564	0.02765	0.13588	0.03453	0.10449	0.03020	0.01479	0.01088	0.00273	0.00924	0.01247	0.00969	0.41724
13	0.02255	0.02123	0.03755	0.32346	0.06532	0.02431	0.09098	0.02985	0.02486	0.03272	0.03060	0.10925	0.02808	0.02574	0.07383	0.00621	0.01798	0.01537	0.00665	0.01344
14	0.03003	0.02109	0.02801	0.02408	0.02960	0.02163	0.05824	0.08772	0.12284	0.10590	0.04854	0.18589	0.04624	0.10533	0.02149	0.00554	0.01118	0.02000	0.01131	0.01534
15	0.03570	0.01813	0.02344	0.02004	0.02557	0.01726	0.01552	0.08939	0.03392	0.20812	0.13664	0.12241	0.05390	0.02508	0.01900	0.10107	0.00956	0.01743	0.01260	0.01522
16	0.02687	0.02065	0.02074	0.01947	0.02339	0.08894	0.01452	0.03137	0.03280	0.10487	0.25684	0.17746	0.08210	0.02515	0.01413	0.00406	0.00938	0.02178	0.01236	0.01313
17	0.02802	0.10830	0.04166	0.20887	0.15054	0.03031	0.02848	0.03884	0.08694	0.03750	0.02569	0.03147	0.02047	0.01204	0.01132	0.00351	0.01371	0.01030	0.00691	0.10512
18	0.02397	0.02081	0.03220	0.17453	0.11136	0.02492	0.02532	0.02778	0.02176	0.03026	0.02425	0.03962	0.02263	0.09293	0.07984	0.08894	0.12825	0.01209	0.00596	0.01257
19	0.03581	0.02928	0.03768	0.03075	0.03835	0.08777	0.10925	0.12804	0.03657	0.10897	0.04129	0.12749	0.03795	0.02026	0.01400	0.00427	0.01466	0.07081	0.01050	0.01631
20	0.02962	0.11022	0.04937	0.28118	0.06657	0.03335	0.11735	0.09184	0.03064	0.03970	0.02315	0.03082	0.01765	0.01212	0.01226	0.00388	0.01664	0.01119	0.00664	0.01583
21	0.03595	0.03553	0.15137	0.03618	0.08687	0.02764	0.07919	0.04808	0.08959	0.16854	0.03368	0.03513	0.02399	0.01445	0.01583	0.00414	0.07377	0.01188	0.00941	0.01879
22	0.02208	0.01714	0.01950	0.01807	0.02248	0.01722	0.01373	0.07810	0.09555	0.04725	0.22067	0.14531	0.18179	0.02628	0.01430	0.00416	0.00768	0.02259	0.01260	0.01351
23	0.15907	0.03070	0.10671	0.24489	0.15621	0.02836	0.03266	0.03545	0.02511	0.04011	0.02144	0.02887	0.01651	0.01187	0.01132	0.00396	0.01500	0.00987	0.00610	0.01578
24	0.03206	0.01795	0.02232	0.01950	0.02452	0.01735	0.01480	0.09586	0.03458	0.16686	0.15830	0.16117	0.06363	0.08883	0.01991	0.00509	0.00937	0.02017	0.01281	0.01491
25	0.01716	0.01180	0.01419	0.01500	0.01687	0.01103	0.01033	0.02042	0.02644	0.03683	0.15937	0.25292	0.13347	0.11192	0.02182	0.00548	0.00736	0.02555	0.09169	0.01034
26	0.30692	0.02243	0.02444	0.01973	0.02855	0.02239	0.01628	0.05055	0.02956	0.30833	0.03572	0.03305	0.02352	0.01379	0.01050	0.00386	0.01020	0.01009	0.01217	0.01795
27	0.02694	0.11819	0.15687	0.21788	0.06129	0.03214	0.08262	0.03939	0.07519	0.03657	0.02506	0.03106	0.01901	0.01230	0.01192	0.00389	0.01632	0.01072	0.00634	0.01631
28	0.02660	0.01382	0.01822	0.01807	0.02109	0.01263	0.01277	0.02915	0.02616	0.15482	0.05892	0.34383	0.06285	0.11279	0.02228	0.00581	0.00888	0.02661	0.01199	0.01271
29	0.02225	0.01235	0.01659	0.01721	0.01883	0.01161	0.01172	0.02284	0.02296	0.08830	0.05200	0.31154	0.05758	0.10999	0.02911	0.14082	0.00911	0.02479	0.01019	0.01019
30	0.01780	0.01335	0.02003	0.02003	0.02225	0.01558	0.01558	0.02225	0.02003	0.02893	0.03338	0.04895	0.03115	0.09346	0.51268	0.02003	0.03338	0.01335	0.00668	0.01113
31	0.02588	0.01929	0.02537	0.02154	0.02608	0.02042	0.01690	0.02961	0.02268	0.07839	0.02922	0.04243	0.02671	0.11939	0.15716	0.00917	0.12926	0.01187	0.00762	0.18100
32	0.33790	0.02258	0.02389	0.01943	0.02815	0.02289	0.01603	0.04929	0.02880	0.28554	0.03406	0.03189	0.02261	0.01359	0.01024	0.00386	0.01015	0.00979	0.01176	0.01755
33	0.01678	0.01114	0.01392	0.01596	0.01688	0.01063	0.01055	0.01913	0.02330	0.03272	0.06019	0.40939	0.06955	0.11566	0.02216	0.00583	0.00777	0.02939	0.09910	0.00994
34	0.03099	0.02677	0.02818	0.02536	0.03240	0.03099	0.01972	0.06622	0.46182	0.05213	0.05072	0.04649	0.03804	0.01691	0.01268	0.00423	0.00986	0.01409	0.01268	0.01972
35	0.02701	0.02305	0.02495	0.02289	0.02891	0.02614	0.01775	0.05377	0.34402	0.04654	0.05903	0.05707	0.09882	0.02887	0.07772	0.00627	0.01241	0.01570	0.01175	0.01732
36	0.47912	0.02053	0.01728	0.01665	0.02248	0.02315	0.01298	0.03144	0.02192	0.04942	0.03117	0.16396	0.03206	0.01897	0.00992	0.00418	0.00899	0.01447	0.00875	0.01259
37	0.02946	0.02008	0.02171	0.01915	0.02433	0.02151	0.01490	0.14401	0.09754	0.05478	0.08612	0.09770	0.04363	0.01855	0.01161	0.00364	0.00866	0.01535	0.25205	0.01521
38	0.55764	0.02950	0.02092	0.01879	0.02631	0.10210	0.01512	0.03864	0.02337	0.05202	0.01764	0.02058	0.01389	0.01176	0.00825	0.00376	0.01160	0.00694	0.00751	0.01364
39	0.03081	0.02434	0.03047	0.16215	0.04536	0.02781	0.02303	0.14955	0.13803	0.04836	0.03578	0.08857	0.03022	0.02038	0.01695	0.07565	0.01259	0.01427	0.00975	0.01594
40	0.03202	0.03040	0.06270	0.11562	0.06370	0.02927	0.32805	0.04148	0.02959	0.09746	0.02788	0.03470	0.02013	0.01141	0.01411	0.00415	0.01905	0.01392	0.00738	0.01696
41	0.03099	0.02677	0.02818	0.02536	0.03240	0.03099	0.01972	0.06622	0.46182	0.05213	0.05072	0.04649	0.03804	0.01691	0.01268	0.00423	0.00986	0.01409	0.01268	0.01972
42	0.01518	0.01084	0.01446	0.01735	0.01807	0.01012	0.01157	0.01735	0.02386	0.03181	0.06868	0.55393	0.08242	0.03904	0.01591	0.00506	0.00723	0.03543	0.01157	0.01012
43	0.65009	0.02410	0.01832	0.01639	0.02410	0.02795	0.01350	0.03663	0.02121	0.05591	0.01735	0.02024	0.01350	0.01157	0.00771	0.00386	0.00964	0.00675	0.00771	0.01350
44	0.02499	0.06446	0.49750	0.03552	0.05393	0.02894	0.04604	0.03946	0.02631	0.03946	0.02236	0.02631	0.01579	0.01184	0.01184	0.00395	0.01842	0.00921	0.00526	0.01842
45	0.02499	0.06446	0.49750	0.03552	0.05393	0.02894	0.04604	0.03946	0.02631	0.03946	0.02236	0.02631	0.01579	0.01184	0.01184	0.00395	0.01842	0.00921	0.00526	0.01842
46	0.01780	0.01335	0.02003	0.02003	0.02225	0.01558	0.01558	0.02225	0.02003	0.02893	0.03338	0.04895	0.03115	0.09346	0.51268	0.02003	0.03338	0.01335	0.00668	0.01113
47	0.02530	0.01565	0.01602	0.01527	0.01928	0.01677	0.01164	0.03893	0.14205	0.04797	0.04333	0.04647	0.03356	0.01515	0.00977	0.00326	0.00689	0.01227	0.46666	0.01377
48	0.03492	0.50782	0.06167	0.02263	0.03277	0.10531	0.02166	0.03882	0.02653	0.02946	0.01756	0.02029	0.01600	0.01092	0.00839	0.00273	0.01443	0.00683	0.00546	0.01580
49	0.01601	0.01197	0.01500	0.01665	0.01878	0.01096	0.01211	0.01937	0.02714	0.03546	0.13952	0.33396	0.18253	0.03477	0.01561	0.00478	0.00733	0.07558	0.01186	0.01061
50	0.02462	0.01657	0.02022	0.01916	0.02201	0.01748	0.01388	0.03133	0.08505	0.09235	0.05637	0.19436	0.09307	0.16956	0.03005	0.00661	0.06269	0.02149	0.01054	0.01261
51	0.02862	0.02749	0.05087	0.03760	0.04723	0.02644	0.25932	0.08720	0.03258	0.04487	0.04345	0.04815	0.09154	0.01487	0.01358	0.00396	0.01569	0.01560	0.09526	0.01569
52	0.11161	0.01994	0.02229	0.01913	0.02512	0.02060	0.01514	0.09547	0.07865	0.12247	0.19652	0.05696	0.05944	0.01854	0.01226	0.00379	0.00860	0.01527	0.08264	0.01556
53	0.03705	0.31121	0.04898	0.02340	0.03301	0.04038	0.02098	0.10411	0.13320	0.08844	0.03014	0.02986	0.02339	0.01321	0.01018	0.00330	0.01230	0.00964	0.00908	0.01813
54	0.19578	0.02357	0.02692	0.02105	0.03043	0.02275	0.01732	0.09445	0.03355	0.28516	0.03598	0.03361	0.02404	0.01368	0.01095	0.00360	0.01055	0.01035	0.01224	0.09400

[dist]
# distance from previous block
# <min> <max>
0	1

[block]
# block no. 1 follows, 8 sequences, length 38
# corresponding to MSA columns:
# 327,359-395
name=unknown_B
#
# <colnr> <probs for GDERKNQSTAVLIFYWHMCP>
#	G	D	E	R	K	N	Q	S	T	A	V	L	I	F	Y	W	H	M	C	P
0	0.02439	0.15543	0.10054	0.22483	0.05308	0.02918	0.02748	0.03166	0.02689	0.03479	0.09043	0.04571	0.07650	0.01557	0.01184	0.00375	0.01364	0.01281	0.00712	0.01436
1	0.65009	0.02410	0.01832	0.01639	0.02410	0.02795	0.01350	0.03663	0.02121	0.05591	0.01735	0.02024	0.01350	0.01157	0.00771	0.00386	0.00964	0.00675	0.00771	0.01350
2	0.11126	0.08432	0.03092	0.16789	0.04310	0.02410	0.02109	0.03627	0.02793	0.13324	0.09114	0.10394	0.04026	0.01771	0.01204	0.00396	0.01152	0.01478	0.00966	0.01486
3	0.03067	0.02027	0.02613	0.02733	0.09657	0.01897	0.01783	0.03913	0.08681	0.14313	0.06011	0.06255	0.14152	0.07660	0.01810	0.00460	0.01008	0.01590	0.01082	0.09289
4	0.02920	0.02414	0.02764	0.02005	0.03095	0.02005	0.01616	0.09559	0.03095	0.04653	0.02336	0.02648	0.01888	0.01012	0.00973	0.00214	0.00993	0.00798	0.00818	0.54194
5	0.10796	0.03078	0.03226	0.02539	0.03383	0.03404	0.02049	0.34408	0.04932	0.06903	0.02979	0.03561	0.02351	0.08585	0.01859	0.00484	0.01306	0.01164	0.01132	0.01859
6	0.03980	0.02310	0.02762	0.02238	0.03068	0.02268	0.01795	0.09265	0.14942	0.22114	0.09959	0.04671	0.04143	0.01630	0.01244	0.00370	0.00994	0.01346	0.01318	0.09582
7	0.03651	0.02329	0.02890	0.10233	0.03847	0.02488	0.02045	0.14219	0.09362	0.15416	0.04178	0.10560	0.03503	0.07362	0.01812	0.00491	0.01195	0.01558	0.01150	0.01709
8	0.03300	0.02580	0.04063	0.26069	0.06159	0.02953	0.07961	0.09224	0.03091	0.11083	0.02703	0.03349	0.01970	0.01423	0.01645	0.00423	0.08390	0.01175	0.00809	0.01632
9	0.02223	0.02038	0.03380	0.45177	0.07525	0.02494	0.03101	0.02958	0.02475	0.03183	0.02941	0.11449	0.02688	0.01661	0.01300	0.00429	0.01515	0.01487	0.00648	0.01326
10	0.09870	0.01498	0.01790	0.01744	0.02009	0.01567	0.01262	0.02707	0.07984	0.03782	0.13864	0.11705	0.05331	0.03121	0.02669	0.24558	0.00892	0.01671	0.00940	0.01037
11	0.03907	0.02038	0.02529	0.02196	0.02874	0.02006	0.01713	0.05209	0.15657	0.25622	0.05422	0.16427	0.04510	0.02142	0.01337	0.00425	0.00959	0.01838	0.01372	0.01816
12	0.01761	0.01413	0.02111	0.16676	0.03774	0.01522	0.01825	0.02156	0.02417	0.03182	0.05518	0.40280	0.06332	0.03132	0.01490	0.00480	0.00995	0.02836	0.00982	0.01120
13	0.02117	0.01611	0.01869	0.01753	0.02066	0.01673	0.01256	0.03279	0.13854	0.04303	0.24211	0.07791	0.07642	0.17904	0.02833	0.00637	0.00869	0.01911	0.01166	0.01256
14	0.02038	0.01237	0.01651	0.01766	0.01978	0.01135	0.01239	0.02344	0.02704	0.08917	0.13022	0.42153	0.08181	0.03413	0.01532	0.00474	0.00742	0.03071	0.01236	0.01169
15	0.01544	0.01138	0.01447	0.01639	0.01795	0.01040	0.01127	0.01826	0.02610	0.03454	0.13255	0.42436	0.14907	0.03605	0.01556	0.00477	0.00691	0.03227	0.01186	0.01040
16	0.02772	0.13047	0.26082	0.03724	0.05050	0.03401	0.13941	0.03797	0.02597	0.03672	0.02149	0.02730	0.01669	0.01265	0.01587	0.00401	0.08816	0.01043	0.00556	0.01699
17	0.05051	0.02577	0.03387	0.03083	0.09195	0.02493	0.02225	0.15478	0.04054	0.32942	0.04096	0.03775	0.02696	0.01475	0.01249	0.00381	0.01193	0.01201	0.01348	0.02101
18	0.01717	0.01201	0.01551	0.01755	0.01856	0.01166	0.01237	0.01953	0.02331	0.03086	0.05952	0.32138	0.06917	0.18978	0.03000	0.00725	0.00962	0.11468	0.01038	0.00969
19	0.29911	0.02300	0.02445	0.02012	0.02868	0.02366	0.01647	0.05134	0.07522	0.26501	0.03617	0.03368	0.02444	0.01399	0.01055	0.00390	0.01013	0.01030	0.01194	0.01786
20	0.02730	0.10308	0.10767	0.02837	0.08744	0.02446	0.02330	0.03425	0.02614	0.03893	0.02169	0.02572	0.01786	0.01005	0.00984	0.00250	0.01187	0.00801	0.00663	0.38488
21	0.02168	0.03010	0.15958	0.02373	0.03272	0.01930	0.02385	0.02943	0.02471	0.03676	0.07290	0.04167	0.03264	0.04389	0.20328	0.00963	0.02080	0.01174	0.00714	0.15446
22	0.01657	0.01211	0.01388	0.01433	0.01726	0.01085	0.01041	0.02046	0.02867	0.03866	0.18505	0.20690	0.24503	0.02978	0.01425	0.00418	0.00636	0.02575	0.08863	0.01085
23	0.10763	0.01733	0.02128	0.01920	0.02515	0.01614	0.01523	0.03862	0.02957	0.22704	0.06194	0.17596	0.10495	0.02448	0.01352	0.00438	0.00925	0.06030	0.01270	0.01532
24	0.02499	0.04363	0.26404	0.24254	0.11079	0.02850	0.04058	0.03622	0.02595	0.03648	0.02238	0.02959	0.01653	0.01202	0.01214	0.00401	0.01731	0.01016	0.00547	0.01668
25	0.11141	0.03133	0.10674	0.25539	0.05957	0.03070	0.03119	0.08695	0.02827	0.04210	0.02180	0.02920	0.01663	0.01377	0.01540	0.00419	0.08303	0.01020	0.00668	0.01544
26	0.03120	0.01647	0.02120	0.02005	0.02465	0.01565	0.01494	0.03859	0.08495	0.19256	0.05965	0.31247	0.05896	0.02806	0.01433	0.00454	0.00873	0.02480	0.01303	0.01517
27	0.10585	0.02552	0.03539	0.28356	0.11227	0.02979	0.02908	0.09070	0.08612	0.04453	0.02643	0.03264	0.01998	0.01309	0.01189	0.00402	0.01428	0.01095	0.00770	0.01621
28	0.13010	0.02483	0.02715	0.09090	0.03557	0.08025	0.02001	0.03820	0.02821	0.14105	0.08114	0.10544	0.03859	0.01909	0.01595	0.00419	0.07994	0.01474	0.00986	0.01478
29	0.03122	0.01799	0.02399	0.07120	0.02996	0.01832	0.01659	0.03441	0.02521	0.14667	0.03326	0.04293	0.02714	0.08983	0.02603	0.08974	0.06701	0.01193	0.10610	0.09048
30	0.03376	0.01797	0.02296	0.01962	0.02537	0.01694	0.01536	0.08485	0.03668	0.20060	0.22678	0.12852	0.07231	0.02260	0.01386	0.00403	0.00858	0.01950	0.01387	0.01585
31	0.02415	0.16405	0.09977	0.18821	0.04849	0.02864	0.02596	0.03115	0.02727	0.03529	0.10549	0.04947	0.09181	0.01642	0.01189	0.00372	0.01302	0.01346	0.00750	0.01425
32	0.10730	0.03203	0.09151	0.34509	0.06833	0.08514	0.03205	0.03552	0.02584	0.03573	0.02121	0.02942	0.01604	0.01231	0.01162	0.00398	0.01663	0.00992	0.00589	0.01443
33	0.11449	0.03732	0.08713	0.03135	0.09149	0.16414	0.02377	0.04051	0.03078	0.09322	0.08160	0.04371	0.07775	0.01592	0.01188	0.00370	0.01450	0.01237	0.00877	0.01561
34	0.03765	0.02220	0.02808	0.02328	0.02943	0.02357	0.01881	0.08807	0.09043	0.20771	0.15037	0.05203	0.05037	0.01910	0.01752	0.00416	0.09216	0.01486	0.01277	0.01745
35	0.03399	0.11265	0.22835	0.02902	0.04192	0.03176	0.03110	0.09523	0.12210	0.10448	0.03201	0.03223	0.02306	0.01358	0.01168	0.00380	0.01440	0.01057	0.00899	0.01907
36	0.18267	0.02802	0.09154	0.27690	0.05973	0.02676	0.02886	0.03759	0.02551	0.09575	0.02433	0.03025	0.01749	0.01252	0.01121	0.00402	0.01438	0.00994	0.00726	0.01526
37	0.20864	0.02008	0.02569	0.19182	0.04439	0.02259	0.02074	0.03405	0.02538	0.09922	0.07805	0.03829	0.03010	0.01793	0.01583	0.08224	0.01183	0.01133	0.00840	0.01340

[dist]
# distance from previous block
# <min> <max>
45	132

[block]
# block no. 2 follows, 8 sequences, length 40
# corresponding to MSA columns:
# 562-601
name=unknown_C
#
# <colnr> <probs for GDERKNQSTAVLIFYWHMCP>
#	G	D	E	R	K	N	Q	S	T	A	V	L	I	F	Y	W	H	M	C	P
0	0.01922	0.01524	0.01770	0.01799	0.02126	0.01535	0.01309	0.02995	0.12853	0.04028	0.15205	0.26672	0.15480	0.02993	0.01470	0.00449	0.00741	0.02631	0.01223	0.01273
1	0.03827	0.20204	0.04390	0.16142	0.04770	0.12298	0.02474	0.04347	0.02943	0.13535	0.02621	0.02911	0.01954	0.01263	0.01083	0.00344	0.01531	0.00944	0.00788	0.01630
2	0.03432	0.12974	0.09078	0.02286	0.03322	0.02646	0.02116	0.08659	0.03137	0.12868	0.03239	0.08530	0.02726	0.01489	0.01105	0.00321	0.01168	0.01193	0.00934	0.18777
3	0.02684	0.02317	0.03160	0.21669	0.05072	0.02771	0.02526	0.09468	0.08344	0.04097	0.03871	0.04487	0.07146	0.02622	0.07574	0.00615	0.07919	0.01336	0.00824	0.01497
4	0.34000	0.08024	0.02643	0.08197	0.03265	0.02641	0.01725	0.03610	0.02423	0.09851	0.02941	0.10425	0.02652	0.01615	0.01013	0.00394	0.01066	0.01225	0.00868	0.01422
5	0.48563	0.02548	0.02206	0.01847	0.02692	0.02820	0.01517	0.09672	0.02735	0.05747	0.01980	0.02236	0.01524	0.01180	0.00860	0.00360	0.01020	0.00749	0.00838	0.08906
6	0.02257	0.01345	0.01676	0.01584	0.01768	0.01332	0.01055	0.02451	0.02256	0.08443	0.09181	0.07333	0.05006	0.36224	0.11865	0.01131	0.01435	0.01726	0.00910	0.01023
7	0.14658	0.01654	0.01968	0.01867	0.02347	0.01600	0.01403	0.03444	0.02703	0.17969	0.05301	0.29510	0.05350	0.02656	0.01332	0.00446	0.00873	0.02294	0.01205	0.01420
8	0.03141	0.02929	0.02721	0.02300	0.03030	0.11535	0.01776	0.09811	0.08772	0.04583	0.08619	0.10000	0.04036	0.01726	0.01198	0.00332	0.01188	0.01410	0.00988	0.19906
9	0.02818	0.01985	0.03147	0.33805	0.06280	0.02260	0.02717	0.03467	0.02678	0.12027	0.03603	0.13236	0.03165	0.01800	0.01312	0.00427	0.01370	0.01591	0.00856	0.01456
10	0.03069	0.01707	0.02125	0.01984	0.02433	0.01671	0.01463	0.03957	0.10860	0.17276	0.05593	0.24898	0.05421	0.09084	0.02002	0.00539	0.00932	0.02250	0.01245	0.01493
11	0.02766	0.02845	0.04478	0.03642	0.03878	0.03692	0.10428	0.03185	0.02102	0.03185	0.01801	0.02845	0.01683	0.01970	0.03600	0.00522	0.44234	0.01162	0.00561	0.01423
12	0.01518	0.01084	0.01446	0.01735	0.01807	0.01012	0.01157	0.01735	0.02386	0.03181	0.06868	0.55393	0.08242	0.03904	0.01591	0.00506	0.00723	0.03543	0.01157	0.01012
13	0.04921	0.01992	0.02727	0.02232	0.03069	0.01757	0.01865	0.05420	0.03436	0.40775	0.05231	0.06077	0.03849	0.01898	0.01341	0.00421	0.01077	0.08508	0.01468	0.01939
14	0.02464	0.01325	0.01782	0.01847	0.02126	0.01202	0.01313	0.02742	0.02660	0.13886	0.06415	0.43519	0.07045	0.03356	0.01512	0.00478	0.00801	0.03011	0.01246	0.01269
15	0.01812	0.01208	0.01359	0.01359	0.01359	0.01208	0.00755	0.01812	0.01812	0.02416	0.03926	0.08155	0.04530	0.56207	0.06342	0.01208	0.01208	0.01812	0.00755	0.00755
16	0.01780	0.01335	0.02003	0.02003	0.02225	0.01558	0.01558	0.02225	0.02003	0.02893	0.03338	0.04895	0.03115	0.09346	0.51268	0.02003	0.03338	0.01335	0.00668	0.01113
17	0.03381	0.01560	0.02015	0.01783	0.02273	0.01415	0.01346	0.03780	0.02975	0.22527	0.10223	0.15554	0.05344	0.08631	0.01895	0.00494	0.00882	0.01882	0.10557	0.01480
18	0.02234	0.01826	0.02165	0.08294	0.02881	0.06523	0.01621	0.02406	0.02095	0.02690	0.02899	0.04790	0.02830	0.15146	0.21017	0.15570	0.02107	0.01285	0.00638	0.00983
19	0.65009	0.02410	0.01832	0.01639	0.02410	0.02795	0.01350	0.03663	0.02121	0.05591	0.01735	0.02024	0.01350	0.01157	0.00771	0.00386	0.00964	0.00675	0.00771	0.01350
20	0.03076	0.03225	0.12233	0.03625	0.11937	0.02742	0.02805	0.04560	0.13996	0.09766	0.08658	0.04236	0.03626	0.01630	0.01619	0.00415	0.07796	0.01302	0.00959	0.01795
21	0.01898	0.01508	0.02229	0.02161	0.02355	0.01839	0.01703	0.02322	0.01991	0.02906	0.03126	0.04625	0.02931	0.08454	0.45394	0.01821	0.09637	0.01305	0.00652	0.01144
22	0.01777	0.01324	0.01940	0.01921	0.02157	0.01486	0.01486	0.02249	0.02288	0.03286	0.11648	0.05721	0.04731	0.08074	0.41956	0.01701	0.02824	0.01507	0.00799	0.01124
23	0.03855	0.08693	0.09027	0.03409	0.04436	0.03218	0.13851	0.11852	0.03437	0.14819	0.02945	0.03214	0.02118	0.01394	0.01597	0.00401	0.07799	0.01180	0.00924	0.01832
24	0.01975	0.01173	0.01636	0.01702	0.01790	0.01152	0.01206	0.01891	0.02159	0.02901	0.09263	0.12697	0.05094	0.09507	0.03739	0.32064	0.01001	0.07427	0.00832	0.00791
25	0.04161	0.02773	0.03121	0.02493	0.03405	0.02900	0.02016	0.18928	0.17506	0.15971	0.03983	0.03742	0.02830	0.01498	0.01216	0.00369	0.01127	0.01195	0.01259	0.09507
26	0.03178	0.03138	0.03840	0.04920	0.24335	0.11766	0.02829	0.03740	0.02785	0.03830	0.02490	0.03174	0.02088	0.01368	0.01570	0.00372	0.09291	0.01060	0.12598	0.01628
27	0.02318	0.02003	0.03342	0.43564	0.07281	0.02453	0.03016	0.02892	0.02329	0.02993	0.02205	0.03409	0.01755	0.01822	0.01924	0.12258	0.01553	0.01103	0.00551	0.01227
28	0.03572	0.01643	0.02173	0.01903	0.02485	0.01445	0.01472	0.03977	0.03165	0.26388	0.11609	0.19515	0.10383	0.02479	0.01395	0.00423	0.00864	0.02144	0.01376	0.01589
29	0.04292	0.02637	0.03021	0.02487	0.03339	0.02799	0.01999	0.13650	0.23422	0.21264	0.04618	0.04188	0.03227	0.01601	0.01259	0.00400	0.01086	0.01299	0.01361	0.02053
30	0.55987	0.02937	0.02086	0.01874	0.02625	0.10032	0.01508	0.03859	0.02332	0.05211	0.01764	0.02058	0.01388	0.01176	0.00824	0.00376	0.01156	0.00694	0.00752	0.01364
31	0.02181	0.01738	0.02028	0.01959	0.02398	0.01804	0.01545	0.03638	0.16562	0.04583	0.21544	0.09149	0.13834	0.02539	0.01454	0.00440	0.00823	0.09115	0.01265	0.01400
32	0.02468	0.03177	0.12883	0.36756	0.07677	0.02849	0.09721	0.03447	0.02585	0.03447	0.02265	0.03199	0.01680	0.01205	0.01268	0.00412	0.01761	0.01127	0.00560	0.01514
33	0.01997	0.01668	0.02660	0.21400	0.04633	0.02016	0.02278	0.02588	0.02188	0.03003	0.02912	0.04300	0.02564	0.06278	0.32321	0.01401	0.02703	0.01249	0.00624	0.01216
34	0.02078	0.01356	0.01692	0.01560	0.01951	0.01212	0.01187	0.02591	0.03367	0.09057	0.35048	0.09442	0.19552	0.02592	0.01449	0.00398	0.00646	0.02243	0.01337	0.01241
35	0.02602	0.01824	0.02002	0.01766	0.02035	0.01925	0.01191	0.13276	0.02905	0.03884	0.03674	0.06761	0.03879	0.41437	0.04967	0.00983	0.01252	0.01626	0.00888	0.01123
36	0.03157	0.01960	0.02359	0.02057	0.02655	0.01993	0.01608	0.04720	0.18093	0.15924	0.22702	0.06477	0.06919	0.02009	0.01348	0.00401	0.00840	0.01720	0.01378	0.01679
37	0.44712	0.03231	0.02435	0.02116	0.02897	0.12008	0.01700	0.09980	0.02943	0.05454	0.01959	0.02211	0.01512	0.01231	0.00908	0.00372	0.01265	0.00766	0.00818	0.01482
38	0.03214	0.02473	0.03916	0.17019	0.10357	0.02576	0.07082	0.03869	0.02732	0.12361	0.02709	0.03262	0.02027	0.01322	0.01564	0.00378	0.07942	0.01104	0.00793	0.13302
39	0.02569	0.03456	0.13158	0.02472	0.03266	0.11050	0.02304	0.03226	0.02754	0.03633	0.08609	0.10103	0.03979	0.03223	0.10823	0.00671	0.01778	0.01429	0.00787	0.10711

[dist]
# distance from previous block
# <min> <max>
0	1

[block]
# block no. 3 follows, 8 sequences, length 33
# corresponding to MSA columns:
# 603-635
name=unknown_D
#
# <colnr> <probs for GDERKNQSTAVLIFYWHMCP>
#	G	D	E	R	K	N	Q	S	T	A	V	L	I	F	Y	W	H	M	C	P
0	0.25743	0.01967	0.02014	0.01740	0.02398	0.01944	0.01335	0.03354	0.02419	0.10637	0.03355	0.11406	0.03170	0.08902	0.01736	0.00472	0.00965	0.01358	0.00930	0.14156
1	0.11363	0.05407	0.36541	0.03542	0.05144	0.02919	0.10140	0.03913	0.02606	0.04185	0.02209	0.02657	0.01594	0.01160	0.01170	0.00397	0.01758	0.00970	0.00577	0.01748
2	0.33659	0.03149	0.11688	0.08910	0.03913	0.02618	0.02295	0.03566	0.02350	0.04684	0.01980	0.02412	0.01521	0.01134	0.00942	0.00357	0.01223	0.00792	0.00688	0.12118
3	0.11205	0.02242	0.03293	0.38120	0.06855	0.02603	0.02861	0.03244	0.02454	0.03656	0.02147	0.03027	0.01645	0.01184	0.01130	0.00376	0.01450	0.00990	0.00612	0.10902
4	0.03426	0.02393	0.02813	0.02065	0.03131	0.02026	0.01673	0.09913	0.03251	0.12362	0.02795	0.02929	0.02099	0.01116	0.01029	0.00248	0.01015	0.00885	0.00953	0.43879
5	0.04284	0.03196	0.04267	0.08211	0.04713	0.03418	0.09512	0.29268	0.04783	0.11119	0.03038	0.03220	0.02137	0.01400	0.01285	0.00387	0.01492	0.01194	0.01104	0.01971
6	0.01780	0.01335	0.02003	0.02003	0.02225	0.01558	0.01558	0.02225	0.02003	0.02893	0.03338	0.04895	0.03115	0.09346	0.51268	0.02003	0.03338	0.01335	0.00668	0.01113
7	0.16315	0.02522	0.03190	0.17303	0.04735	0.02915	0.02421	0.10845	0.03125	0.13568	0.02706	0.03102	0.01953	0.01453	0.01528	0.00414	0.08300	0.01048	0.00911	0.01645
8	0.02411	0.01504	0.01903	0.01888	0.02229	0.01463	0.01378	0.03207	0.08957	0.10862	0.14481	0.31255	0.07532	0.02962	0.01470	0.00453	0.00785	0.02636	0.01274	0.01349
9	0.01518	0.01084	0.01446	0.01735	0.01807	0.01012	0.01157	0.01735	0.02386	0.03181	0.06868	0.55393	0.08242	0.03904	0.01591	0.00506	0.00723	0.03543	0.01157	0.01012
10	0.54718	0.02594	0.02157	0.01848	0.02658	0.02978	0.01524	0.10598	0.02759	0.05977	0.01950	0.02189	0.01481	0.01215	0.00852	0.00384	0.01033	0.00751	0.00852	0.01481
11	0.02384	0.01647	0.02423	0.02834	0.10068	0.01605	0.01832	0.02908	0.02959	0.08831	0.18864	0.14592	0.06957	0.03449	0.08458	0.00650	0.01254	0.05804	0.01107	0.01375
12	0.01637	0.01134	0.01411	0.01584	0.01627	0.01091	0.00995	0.01766	0.02155	0.02873	0.05682	0.36354	0.06746	0.24985	0.03506	0.00789	0.00918	0.02845	0.00995	0.00909
13	0.01609	0.01154	0.01527	0.01673	0.01827	0.01072	0.01164	0.01962	0.02806	0.03850	0.21941	0.38413	0.09537	0.03404	0.01546	0.00464	0.00673	0.03068	0.01236	0.01072
14	0.03887	0.01723	0.02236	0.01890	0.02517	0.01514	0.01458	0.04242	0.03056	0.29568	0.06235	0.13142	0.10841	0.09390	0.02011	0.00517	0.00967	0.01860	0.01325	0.01620
15	0.03141	0.01504	0.01915	0.01718	0.02147	0.01379	0.01270	0.03512	0.02867	0.19453	0.10623	0.14484	0.05421	0.12874	0.02288	0.00555	0.00896	0.01874	0.10690	0.01389
16	0.02820	0.03126	0.06611	0.15100	0.06938	0.03073	0.35602	0.03826	0.02849	0.03826	0.02458	0.03353	0.01844	0.01091	0.01424	0.00419	0.02011	0.01396	0.00615	0.01620
17	0.01510	0.01115	0.01415	0.01654	0.01786	0.01019	0.01121	0.01744	0.02463	0.03213	0.07851	0.47983	0.15018	0.03776	0.01570	0.00492	0.00707	0.03387	0.01157	0.01019
18	0.21233	0.02042	0.02381	0.01985	0.02760	0.01970	0.01597	0.04752	0.02991	0.30301	0.04343	0.11436	0.03396	0.01797	0.01173	0.00404	0.00983	0.01444	0.01272	0.01741
19	0.03052	0.01576	0.02094	0.01826	0.02357	0.01451	0.01437	0.03543	0.03189	0.19751	0.20682	0.07158	0.12091	0.03441	0.09898	0.00669	0.01227	0.01801	0.01282	0.01476
20	0.12234	0.02106	0.02418	0.02028	0.02708	0.02142	0.01620	0.09569	0.08168	0.17451	0.19240	0.05581	0.05826	0.01850	0.01262	0.00390	0.00915	0.01521	0.01306	0.01665
21	0.12970	0.02208	0.02611	0.02121	0.02921	0.02182	0.01719	0.08978	0.07745	0.27131	0.11609	0.04709	0.04295	0.01670	0.01223	0.00389	0.00990	0.01345	0.01348	0.01836
22	0.10550	0.01477	0.01578	0.01470	0.01846	0.01433	0.01064	0.02665	0.02621	0.08345	0.12579	0.07730	0.15639	0.16840	0.02618	0.00609	0.00863	0.01811	0.07115	0.01147
23	0.09867	0.03613	0.11893	0.02541	0.03429	0.10669	0.02388	0.09146	0.03318	0.08877	0.04695	0.05745	0.09636	0.01894	0.01265	0.00407	0.01395	0.06701	0.00952	0.01568
24	0.03720	0.03763	0.18017	0.07773	0.04295	0.06987	0.02847	0.04397	0.02895	0.19239	0.03122	0.03374	0.02189	0.01742	0.01698	0.08811	0.01492	0.01064	0.00894	0.01681
25	0.13822	0.01728	0.02078	0.01823	0.02394	0.01651	0.01425	0.03748	0.03140	0.19830	0.19658	0.12836	0.06552	0.02161	0.01294	0.00405	0.00831	0.01827	0.01297	0.01502
26	0.03240	0.02099	0.03502	0.15463	0.04746	0.02092	0.09245	0.03887	0.03026	0.17545	0.10116	0.11374	0.04427	0.01839	0.01364	0.00416	0.01278	0.01699	0.01062	0.01579
27	0.04172	0.02749	0.03535	0.18985	0.05225	0.03022	0.02593	0.21820	0.04220	0.16296	0.03203	0.03399	0.02203	0.01426	0.01248	0.00390	0.01390	0.01149	0.01094	0.01882
28	0.03302	0.02673	0.03648	0.18546	0.05151	0.08764	0.08662	0.03921	0.02957	0.12864	0.07507	0.04445	0.03272	0.06776	0.01785	0.00472	0.01531	0.01336	0.00882	0.01506
29	0.03050	0.01913	0.02580	0.09335	0.03504	0.02010	0.01959	0.09517	0.03263	0.13170	0.08702	0.12382	0.04729	0.03442	0.09907	0.00701	0.01498	0.05740	0.01099	0.01500
30	0.12468	0.02534	0.03354	0.13253	0.11943	0.02716	0.02498	0.08650	0.08921	0.16325	0.03325	0.03480	0.02369	0.01371	0.01182	0.00393	0.01258	0.01126	0.01014	0.01822
31	0.15974	0.02279	0.03345	0.03059	0.08095	0.02203	0.08249	0.04300	0.02906	0.21082	0.03983	0.12280	0.03322	0.01749	0.01247	0.00410	0.01187	0.01548	0.01087	0.01696
32	0.09900	0.02365	0.03068	0.02929	0.07796	0.02530	0.02117	0.09494	0.03190	0.19792	0.03815	0.11279	0.03208	0.01922	0.01739	0.00428	0.10111	0.01485	0.01101	0.01731

[dist]
# distance from previous block
# <min> <max>
33	89

[block]
# block no. 4 follows, 8 sequences, length 43
# corresponding to MSA columns:
# 832-874
name=unknown_E
#
# <colnr> <probs for GDERKNQSTAVLIFYWHMCP>
#	G	D	E	R	K	N	Q	S	T	A	V	L	I	F	Y	W	H	M	C	P
0	0.12005	0.03217	0.12211	0.03000	0.08006	0.02466	0.02561	0.08854	0.03357	0.26584	0.03561	0.03418	0.02373	0.01378	0.01177	0.00385	0.01272	0.01090	0.01129	0.01956
1	0.10554	0.14301	0.15263	0.03382	0.10412	0.03364	0.02902	0.11948	0.03316	0.09666	0.02537	0.02752	0.01885	0.01247	0.01089	0.00360	0.01413	0.00947	0.00820	0.01843
2	0.03823	0.09098	0.09590	0.03707	0.14461	0.02755	0.02687	0.09076	0.03421	0.17706	0.08053	0.03914	0.03294	0.01443	0.01212	0.00369	0.01275	0.01205	0.01023	0.01888
3	0.11307	0.02601	0.03202	0.03285	0.11869	0.02721	0.02199	0.17570	0.04020	0.11068	0.12865	0.04437	0.04246	0.01617	0.01236	0.00380	0.01132	0.01331	0.01127	0.01787
4	0.16456	0.01954	0.02374	0.11880	0.03622	0.02155	0.01849	0.03586	0.06894	0.09530	0.09515	0.05086	0.07928	0.02841	0.08542	0.00637	0.01384	0.01381	0.00964	0.01423
5	0.09911	0.16053	0.08905	0.02415	0.03305	0.03332	0.02235	0.11782	0.09455	0.04623	0.02839	0.03222	0.02291	0.02883	0.10857	0.00677	0.01698	0.01024	0.00832	0.01660
6	0.16876	0.01968	0.02076	0.01852	0.02463	0.01999	0.01428	0.03554	0.11183	0.04728	0.13820	0.12161	0.05331	0.01939	0.01179	0.00373	0.00838	0.01615	0.01057	0.13559
7	0.09806	0.01653	0.02060	0.01822	0.02336	0.01530	0.01380	0.03304	0.02683	0.15758	0.09407	0.14321	0.04654	0.02560	0.01963	0.12768	0.00914	0.01669	0.01076	0.08337
8	0.10574	0.02603	0.07710	0.02256	0.03018	0.02276	0.02018	0.03487	0.02661	0.10698	0.07888	0.04364	0.07362	0.01693	0.01707	0.00376	0.11344	0.01227	0.00902	0.15838
9	0.09952	0.12854	0.03613	0.15617	0.04353	0.02917	0.02260	0.03713	0.02646	0.12387	0.03816	0.04106	0.07610	0.01600	0.01456	0.00392	0.07156	0.01189	0.00840	0.01523
10	0.03540	0.02254	0.03421	0.09894	0.19151	0.02179	0.02538	0.04120	0.03047	0.19288	0.05217	0.05248	0.11296	0.01674	0.01288	0.00391	0.01192	0.01456	0.01031	0.01775
11	0.02880	0.02786	0.04757	0.11513	0.28709	0.02712	0.09211	0.03640	0.02763	0.03953	0.02330	0.03055	0.01900	0.01081	0.01209	0.00347	0.01484	0.01090	0.00635	0.13947
12	0.02323	0.01161	0.01161	0.01161	0.01452	0.01161	0.00871	0.02904	0.02613	0.04646	0.04065	0.04646	0.03194	0.01452	0.00871	0.00290	0.00581	0.01161	0.63124	0.01161
13	0.04209	0.02164	0.02750	0.02046	0.03076	0.01753	0.01668	0.04724	0.03115	0.28500	0.03674	0.03479	0.02515	0.01258	0.01101	0.00293	0.00997	0.01016	0.01173	0.30487
14	0.01518	0.01084	0.01446	0.01735	0.01807	0.01012	0.01157	0.01735	0.02386	0.03181	0.06868	0.55393	0.08242	0.03904	0.01591	0.00506	0.00723	0.03543	0.01157	0.01012
15	0.02323	0.01161	0.01161	0.01161	0.01452	0.01161	0.00871	0.02904	0.02613	0.04646	0.04065	0.04646	0.03194	0.01452	0.00871	0.00290	0.00581	0.01161	0.63124	0.01161
16	0.01518	0.01084	0.01446	0.01735	0.01807	0.01012	0.01157	0.01735	0.02386	0.03181	0.06868	0.55393	0.08242	0.03904	0.01591	0.00506	0.00723	0.03543	0.01157	0.01012
17	0.11502	0.03847	0.03484	0.02796	0.03698	0.12994	0.02262	0.32029	0.04984	0.06660	0.02642	0.02737	0.01932	0.01416	0.01169	0.00365	0.01497	0.01009	0.01075	0.01901
18	0.03629	0.02631	0.03962	0.02889	0.03987	0.02336	0.12027	0.09108	0.03302	0.14913	0.03007	0.03205	0.02175	0.01167	0.01173	0.00312	0.01297	0.01083	0.00960	0.26838
19	0.02586	0.02424	0.03576	0.31681	0.06302	0.03077	0.02999	0.03813	0.10893	0.03537	0.02638	0.03443	0.02074	0.01551	0.01912	0.00447	0.13700	0.01162	0.00691	0.01494
20	0.02651	0.03245	0.13035	0.14823	0.13534	0.02731	0.03114	0.04261	0.14043	0.04254	0.08336	0.04180	0.03447	0.01475	0.01263	0.00401	0.01362	0.01282	0.00842	0.01722
21	0.04246	0.02344	0.03032	0.02467	0.03151	0.02497	0.02022	0.12900	0.03499	0.24717	0.03721	0.03884	0.02675	0.03151	0.11441	0.00723	0.09337	0.01218	0.01163	0.01812
22	0.03265	0.02194	0.02654	0.01930	0.03005	0.01700	0.01557	0.03803	0.02807	0.14313	0.02827	0.02960	0.02126	0.01063	0.00998	0.00230	0.00954	0.00855	0.00921	0.49840
23	0.03099	0.02677	0.02818	0.02536	0.03240	0.03099	0.01972	0.06622	0.46182	0.05213	0.05072	0.04649	0.03804	0.01691	0.01268	0.00423	0.00986	0.01409	0.01268	0.01972
24	0.05465	0.02322	0.03016	0.02313	0.03281	0.02130	0.01910	0.11685	0.03903	0.43208	0.04633	0.04058	0.02943	0.01535	0.01252	0.00384	0.01106	0.01234	0.01499	0.02120
25	0.03083	0.02300	0.02558	0.02342	0.02953	0.02543	0.01796	0.05602	0.32620	0.09992	0.05405	0.14517	0.04587	0.02106	0.01329	0.00435	0.00943	0.01807	0.01278	0.01802
26	0.03053	0.02349	0.03105	0.03026	0.11868	0.01936	0.01979	0.03635	0.02755	0.09655	0.02574	0.02887	0.02024	0.01036	0.01024	0.00246	0.01049	0.00875	0.00814	0.44110
27	0.02323	0.01161	0.01161	0.01161	0.01452	0.01161	0.00871	0.02904	0.02613	0.04646	0.04065	0.04646	0.03194	0.01452	0.00871	0.00290	0.00581	0.01161	0.63124	0.01161
28	0.65009	0.02410	0.01832	0.01639	0.02410	0.02795	0.01350	0.03663	0.02121	0.05591	0.01735	0.02024	0.01350	0.01157	0.00771	0.00386	0.00964	0.00675	0.00771	0.01350
29	0.02726	0.02726	0.03817	0.03272	0.03272	0.03817	0.02726	0.02999	0.01908	0.02999	0.01636	0.02726	0.01636	0.02181	0.04089	0.00545	0.53926	0.01091	0.00545	0.01363
30	0.01873	0.01252	0.01567	0.01488	0.01782	0.01173	0.01116	0.02459	0.03349	0.04928	0.39235	0.08397	0.10084	0.02333	0.01353	0.00372	0.00586	0.02040	0.13438	0.01173
31	0.01755	0.01184	0.01376	0.01433	0.01447	0.01170	0.00834	0.01797	0.01924	0.02566	0.04501	0.17385	0.05256	0.45987	0.05414	0.01071	0.01113	0.02150	0.00834	0.00805
32	0.02323	0.01161	0.01161	0.01161	0.01452	0.01161	0.00871	0.02904	0.02613	0.04646	0.04065	0.04646	0.03194	0.01452	0.00871	0.00290	0.00581	0.01161	0.63124	0.01161
33	0.02165	0.01082	0.01623	0.01623	0.01623	0.01082	0.01082	0.01623	0.01623	0.02165	0.02165	0.03788	0.02165	0.04329	0.04870	0.63745	0.01082	0.01082	0.00541	0.00541
34	0.02798	0.09335	0.13207	0.12965	0.05070	0.03289	0.07605	0.04369	0.14050	0.03910	0.02884	0.03324	0.02227	0.01425	0.01568	0.00414	0.07994	0.01141	0.00742	0.01683
35	0.02243	0.01187	0.01285	0.01285	0.01565	0.01220	0.00972	0.02804	0.02524	0.04388	0.03958	0.04682	0.03182	0.02611	0.08274	0.00542	0.00986	0.01187	0.53949	0.01154
36	0.11707	0.01602	0.01797	0.01605	0.02142	0.01501	0.01254	0.03087	0.03103	0.13206	0.21121	0.08128	0.20384	0.02346	0.01326	0.00399	0.00750	0.01949	0.01247	0.01345
37	0.04843	0.01955	0.02652	0.02090	0.02923	0.01703	0.01703	0.05346	0.03559	0.40640	0.13291	0.05231	0.04779	0.01739	0.01295	0.00387	0.00968	0.01449	0.01509	0.01936
38	0.15382	0.09862	0.17970	0.10074	0.04593	0.03060	0.02937	0.08423	0.02968	0.10074	0.02493	0.02782	0.01794	0.01253	0.01085	0.00378	0.01439	0.00935	0.00783	0.01716
39	0.02137	0.01126	0.01539	0.01525	0.01625	0.01111	0.01055	0.01981	0.02096	0.03065	0.09236	0.04766	0.03775	0.03505	0.03589	0.42039	0.00912	0.01270	0.12892	0.00756
40	0.03448	0.01867	0.02391	0.02039	0.02464	0.02060	0.01652	0.03918	0.02728	0.18165	0.03701	0.04022	0.02756	0.01669	0.01825	0.00386	0.14568	0.01172	0.27657	0.01513
41	0.04664	0.03621	0.04095	0.03194	0.04139	0.15293	0.10307	0.12829	0.03882	0.20369	0.03297	0.03309	0.02279	0.01370	0.01261	0.00373	0.01632	0.01153	0.01073	0.01859
42	0.03160	0.03160	0.05928	0.11299	0.14551	0.03172	0.24992	0.09777	0.03294	0.04475	0.02518	0.03248	0.01912	0.01152	0.01364	0.00403	0.01818	0.01304	0.00709	0.01766

[dist]
# distance from previous block
# <min> <max>
0	2

[block]
# block no. 5 follows, 8 sequences, length 12
# corresponding to MSA columns:
# 878-889
name=unknown_F
#
# <colnr> <probs for GDERKNQSTAVLIFYWHMCP>
#	G	D	E	R	K	N	Q	S	T	A	V	L	I	F	Y	W	H	M	C	P
0	0.02850	0.04306	0.22004	0.05858	0.27809	0.02956	0.08461	0.03888	0.02771	0.04016	0.02323	0.02945	0.01817	0.01131	0.01241	0.00385	0.01683	0.01079	0.00584	0.01893
1	0.02278	0.01863	0.02241	0.01742	0.02545	0.01480	0.01364	0.02844	0.02936	0.04410	0.19237	0.05096	0.05549	0.01530	0.01127	0.00262	0.00798	0.01304	0.00975	0.40418
2	0.02224	0.04513	0.31785	0.02810	0.04074	0.02252	0.03323	0.03351	0.02966	0.04339	0.19250	0.05126	0.05382	0.01693	0.01291	0.00394	0.01373	0.01419	0.00842	0.01593
3	0.02613	0.01728	0.01780	0.01675	0.02120	0.01886	0.01283	0.04293	0.18891	0.04858	0.04441	0.04647	0.03422	0.01541	0.01019	0.00340	0.00732	0.01254	0.40014	0.01464
4	0.03388	0.02691	0.03016	0.02227	0.03294	0.02484	0.01810	0.18508	0.03808	0.05478	0.02505	0.02736	0.01948	0.01137	0.01044	0.00255	0.01090	0.00882	0.00928	0.40771
5	0.01613	0.01152	0.01555	0.01844	0.01957	0.01094	0.01322	0.01899	0.02479	0.03287	0.06816	0.47388	0.08035	0.03815	0.01616	0.00519	0.00805	0.10611	0.01155	0.01038
6	0.02114	0.01203	0.01350	0.01313	0.01605	0.01167	0.00985	0.02697	0.02955	0.04777	0.20396	0.06388	0.06394	0.01861	0.01095	0.00328	0.00583	0.01569	0.40053	0.01167
7	0.03244	0.02691	0.03738	0.34402	0.06820	0.03178	0.03053	0.18537	0.03750	0.04928	0.02505	0.03199	0.01832	0.01339	0.01246	0.00400	0.01553	0.01113	0.00813	0.01659
8	0.04484	0.02707	0.03870	0.04376	0.20224	0.02658	0.02683	0.12844	0.03751	0.24144	0.03572	0.03560	0.02477	0.01372	0.01245	0.00377	0.01279	0.01174	0.01138	0.02066
9	0.02252	0.07945	0.02529	0.01660	0.02506	0.01797	0.01352	0.02700	0.02674	0.03676	0.06050	0.06034	0.19035	0.01773	0.01115	0.00282	0.00859	0.01437	0.00872	0.33454
10	0.02985	0.22439	0.03655	0.01893	0.02570	0.03096	0.01625	0.07405	0.09025	0.04181	0.03228	0.03816	0.02705	0.06166	0.01417	0.00389	0.01047	0.01065	0.19802	0.01492
11	0.03058	0.22918	0.04696	0.07900	0.12429	0.03567	0.02471	0.04301	0.12666	0.03827	0.02719	0.03006	0.02214	0.01219	0.01046	0.00327	0.01266	0.00972	0.00744	0.08656

[dist]
# distance from previous block
# <min> <max>
0	13

# created by:
# /st0/software/busco_prod/Augustus/scripts/msa2prfl.pl ./align_prep/10100.fa
