[name]
unknown

[dist]
# distance from previous block
# <min> <max>
0	199

[block]
# block no. 0 follows, 14 sequences, length 13
# corresponding to MSA columns:
# 215-227
name=unknown_A
#
# <colnr> <probs for GDERKNQSTAVLIFYWHMCP>
#	G	D	E	R	K	N	Q	S	T	A	V	L	I	F	Y	W	H	M	C	P
0	0.01461	0.00982	0.01129	0.01160	0.01167	0.00974	0.00665	0.01484	0.01554	0.02072	0.03549	0.14072	0.04128	0.56036	0.04714	0.00920	0.00943	0.01678	0.00665	0.00649
1	0.02525	0.02481	0.04411	0.06042	0.50747	0.02459	0.09739	0.03167	0.02348	0.03344	0.01949	0.02570	0.01617	0.00908	0.01041	0.00310	0.01286	0.00953	0.00509	0.01594
2	0.03916	0.04553	0.02851	0.02556	0.03113	0.53543	0.01932	0.04195	0.02911	0.08506	0.01851	0.02027	0.01453	0.01080	0.00937	0.00270	0.01745	0.00701	0.00608	0.01250
3	0.02304	0.02418	0.04105	0.03233	0.03575	0.02962	0.19269	0.02740	0.01852	0.02740	0.01588	0.02418	0.01416	0.01489	0.02656	0.00415	0.42139	0.01001	0.00472	0.01209
4	0.02596	0.02173	0.04142	0.03129	0.03895	0.02053	0.29842	0.03410	0.06775	0.13111	0.03300	0.14784	0.02882	0.01439	0.01185	0.00355	0.01280	0.01508	0.00781	0.01361
5	0.01250	0.00893	0.01191	0.01429	0.01488	0.00834	0.00953	0.01429	0.01965	0.02620	0.05656	0.63265	0.06787	0.03215	0.01310	0.00417	0.00595	0.02917	0.00953	0.00834
6	0.02128	0.01824	0.02128	0.01520	0.02432	0.01368	0.01216	0.02584	0.02128	0.03344	0.01824	0.02128	0.01520	0.00760	0.00760	0.00152	0.00760	0.00608	0.00608	0.70208
7	0.01250	0.00893	0.01191	0.01429	0.01488	0.00834	0.00953	0.01429	0.01965	0.02620	0.05656	0.63265	0.06787	0.03215	0.01310	0.00417	0.00595	0.02917	0.00953	0.00834
8	0.04604	0.01746	0.02382	0.01826	0.02620	0.01508	0.01508	0.05001	0.02937	0.58244	0.04049	0.03493	0.02540	0.01270	0.01032	0.00318	0.00873	0.01032	0.01270	0.01746
9	0.01938	0.01824	0.03078	0.61468	0.07068	0.02280	0.02850	0.02622	0.02052	0.02622	0.01824	0.02736	0.01368	0.01026	0.01026	0.00342	0.01368	0.00912	0.00456	0.01140
10	0.01213	0.01040	0.01040	0.01040	0.01386	0.00866	0.00780	0.01473	0.02339	0.02772	0.10396	0.09876	0.57117	0.02599	0.01213	0.00347	0.00520	0.02166	0.00953	0.00866
11	0.02540	0.02438	0.04165	0.06299	0.57533	0.02438	0.03149	0.03149	0.02337	0.03353	0.01930	0.02540	0.01626	0.00914	0.01016	0.00305	0.01219	0.00914	0.00508	0.01626
12	0.02540	0.02438	0.04165	0.06299	0.57533	0.02438	0.03149	0.03149	0.02337	0.03353	0.01930	0.02540	0.01626	0.00914	0.01016	0.00305	0.01219	0.00914	0.00508	0.01626

[dist]
# distance from previous block
# <min> <max>
0	4

[block]
# block no. 1 follows, 14 sequences, length 21
# corresponding to MSA columns:
# 232-252
name=unknown_B
#
# <colnr> <probs for GDERKNQSTAVLIFYWHMCP>
#	G	D	E	R	K	N	Q	S	T	A	V	L	I	F	Y	W	H	M	C	P
0	0.01213	0.01040	0.01040	0.01040	0.01386	0.00866	0.00780	0.01473	0.02339	0.02772	0.10396	0.09876	0.57117	0.02599	0.01213	0.00347	0.00520	0.02166	0.00953	0.00866
1	0.01654	0.01181	0.01654	0.01890	0.02126	0.01181	0.01654	0.02126	0.02362	0.03071	0.05433	0.11576	0.05906	0.02835	0.01417	0.00472	0.00945	0.50626	0.00945	0.00945
2	0.02540	0.02438	0.04165	0.06299	0.57533	0.02438	0.03149	0.03149	0.02337	0.03353	0.01930	0.02540	0.01626	0.00914	0.01016	0.00305	0.01219	0.00914	0.00508	0.01626
3	0.03611	0.02807	0.03383	0.02580	0.03408	0.03060	0.08279	0.43956	0.08635	0.05902	0.02555	0.02611	0.01834	0.01200	0.01051	0.00316	0.01177	0.00978	0.00966	0.01691
4	0.02744	0.64552	0.05378	0.01756	0.02634	0.04061	0.01756	0.03073	0.02085	0.02414	0.01427	0.01646	0.01317	0.00878	0.00658	0.00219	0.01097	0.00549	0.00439	0.01317
5	0.02058	0.05308	0.58618	0.02925	0.04442	0.02383	0.03792	0.03250	0.02167	0.03250	0.01842	0.02167	0.01300	0.00975	0.00975	0.00325	0.01517	0.00758	0.00433	0.01517
6	0.02744	0.64552	0.05378	0.01756	0.02634	0.04061	0.01756	0.03073	0.02085	0.02414	0.01427	0.01646	0.01317	0.00878	0.00658	0.00219	0.01097	0.00549	0.00439	0.01317
7	0.01452	0.01049	0.01372	0.01291	0.01533	0.00968	0.00968	0.01937	0.02905	0.04115	0.56992	0.07666	0.09683	0.02098	0.01210	0.00323	0.00484	0.01856	0.01130	0.00968
8	0.01938	0.01824	0.03078	0.61468	0.07068	0.02280	0.02850	0.02622	0.02052	0.02622	0.01824	0.02736	0.01368	0.01026	0.01026	0.00342	0.01368	0.00912	0.00456	0.01140
9	0.01654	0.01181	0.01654	0.01890	0.02126	0.01181	0.01654	0.02126	0.02362	0.03071	0.05433	0.11576	0.05906	0.02835	0.01417	0.00472	0.00945	0.50626	0.00945	0.00945
10	0.01213	0.01040	0.01040	0.01040	0.01386	0.00866	0.00780	0.01473	0.02339	0.02772	0.10396	0.09876	0.57117	0.02599	0.01213	0.00347	0.00520	0.02166	0.00953	0.00866
11	0.03987	0.02736	0.02994	0.02296	0.03113	0.02977	0.01896	0.48093	0.04594	0.12812	0.02658	0.02590	0.01843	0.01237	0.01027	0.00309	0.01098	0.00937	0.01056	0.01745
12	0.04361	0.02136	0.02623	0.02011	0.02814	0.02086	0.01661	0.21960	0.03589	0.40365	0.03501	0.03138	0.02266	0.01257	0.01030	0.00314	0.00962	0.00995	0.01186	0.01746
13	0.02058	0.05308	0.58618	0.02925	0.04442	0.02383	0.03792	0.03250	0.02167	0.03250	0.01842	0.02167	0.01300	0.00975	0.00975	0.00325	0.01517	0.00758	0.00433	0.01517
14	0.04604	0.01746	0.02382	0.01826	0.02620	0.01508	0.01508	0.05001	0.02937	0.58244	0.04049	0.03493	0.02540	0.01270	0.01032	0.00318	0.00873	0.01032	0.01270	0.01746
15	0.02128	0.01824	0.02128	0.01520	0.02432	0.01368	0.01216	0.02584	0.02128	0.03344	0.01824	0.02128	0.01520	0.00760	0.00760	0.00152	0.00760	0.00608	0.00608	0.70208
16	0.01423	0.01048	0.01331	0.01260	0.01515	0.00956	0.00945	0.01880	0.02836	0.03951	0.51282	0.07936	0.15496	0.02159	0.01211	0.00326	0.00489	0.01894	0.01108	0.00956
17	0.01250	0.00893	0.01191	0.01429	0.01488	0.00834	0.00953	0.01429	0.01965	0.02620	0.05656	0.63265	0.06787	0.03215	0.01310	0.00417	0.00595	0.02917	0.00953	0.00834
18	0.01492	0.00995	0.01119	0.01119	0.01119	0.00995	0.00622	0.01492	0.01492	0.01990	0.03233	0.06716	0.03731	0.63935	0.05223	0.00995	0.00995	0.01492	0.00622	0.00622
19	0.04604	0.01746	0.02382	0.01826	0.02620	0.01508	0.01508	0.05001	0.02937	0.58244	0.04049	0.03493	0.02540	0.01270	0.01032	0.00318	0.00873	0.01032	0.01270	0.01746
20	0.02451	0.02347	0.04005	0.14459	0.50069	0.02415	0.03105	0.03071	0.02295	0.03245	0.01915	0.02569	0.01587	0.00931	0.01017	0.00310	0.01241	0.00914	0.00500	0.01554

[dist]
# distance from previous block
# <min> <max>
0	6

[block]
# block no. 2 follows, 14 sequences, length 12
# corresponding to MSA columns:
# 259-270
name=unknown_C
#
# <colnr> <probs for GDERKNQSTAVLIFYWHMCP>
#	G	D	E	R	K	N	Q	S	T	A	V	L	I	F	Y	W	H	M	C	P
0	0.04604	0.01746	0.02382	0.01826	0.02620	0.01508	0.01508	0.05001	0.02937	0.58244	0.04049	0.03493	0.02540	0.01270	0.01032	0.00318	0.00873	0.01032	0.01270	0.01746
1	0.01913	0.00956	0.00956	0.00956	0.01196	0.00956	0.00717	0.02391	0.02152	0.03826	0.03348	0.03826	0.02630	0.01196	0.00717	0.00239	0.00478	0.00956	0.69632	0.00956
2	0.02058	0.05308	0.58618	0.02925	0.04442	0.02383	0.03792	0.03250	0.02167	0.03250	0.01842	0.02167	0.01300	0.00975	0.00975	0.00325	0.01517	0.00758	0.00433	0.01517
3	0.01553	0.01087	0.01427	0.01588	0.01727	0.01080	0.01239	0.01839	0.02036	0.02670	0.04756	0.16253	0.05316	0.22447	0.02623	0.00633	0.00919	0.29138	0.00842	0.00828
4	0.01492	0.00995	0.01119	0.01119	0.01119	0.00995	0.00622	0.01492	0.01492	0.01990	0.03233	0.06716	0.03731	0.63935	0.05223	0.00995	0.00995	0.01492	0.00622	0.00622
5	0.01286	0.01042	0.01141	0.01116	0.01431	0.00897	0.00837	0.01614	0.02512	0.03182	0.24613	0.09202	0.42645	0.02446	0.01212	0.00339	0.00509	0.02071	0.01007	0.00897
6	0.01452	0.01216	0.02028	0.01928	0.02156	0.01137	0.10051	0.01749	0.02043	0.02735	0.05040	0.52850	0.05887	0.02810	0.01293	0.00405	0.00791	0.02624	0.00878	0.00928
7	0.02058	0.05308	0.58618	0.02925	0.04442	0.02383	0.03792	0.03250	0.02167	0.03250	0.01842	0.02167	0.01300	0.00975	0.00975	0.00325	0.01517	0.00758	0.00433	0.01517
8	0.01250	0.00893	0.01191	0.01429	0.01488	0.00834	0.00953	0.01429	0.01965	0.02620	0.05656	0.63265	0.06787	0.03215	0.01310	0.00417	0.00595	0.02917	0.00953	0.00834
9	0.02553	0.02204	0.02320	0.02088	0.02669	0.02553	0.01624	0.05453	0.55679	0.04293	0.04177	0.03829	0.03133	0.01392	0.01044	0.00348	0.00812	0.01160	0.01044	0.01624
10	0.01554	0.01310	0.02022	0.01909	0.02195	0.01260	0.08871	0.02079	0.06316	0.02900	0.05435	0.40591	0.10362	0.02637	0.01274	0.00399	0.00801	0.06202	0.00895	0.00989
11	0.02011	0.01898	0.03209	0.54815	0.13154	0.02299	0.02886	0.02686	0.02086	0.02710	0.01837	0.02712	0.01399	0.01013	0.01025	0.00338	0.01350	0.00912	0.00462	0.01199

[dist]
# distance from previous block
# <min> <max>
0	25

[block]
# block no. 3 follows, 14 sequences, length 38
# corresponding to MSA columns:
# 296-333
name=unknown_D
#
# <colnr> <probs for GDERKNQSTAVLIFYWHMCP>
#	G	D	E	R	K	N	Q	S	T	A	V	L	I	F	Y	W	H	M	C	P
0	0.04206	0.02386	0.02777	0.02129	0.02939	0.02457	0.01759	0.32837	0.04007	0.28897	0.03150	0.02910	0.02090	0.01248	0.01029	0.00312	0.01018	0.00971	0.01132	0.01746
1	0.01783	0.00891	0.01337	0.01337	0.01337	0.00891	0.00891	0.01337	0.01337	0.01783	0.01783	0.03119	0.01783	0.03565	0.04011	0.70143	0.00891	0.00891	0.00446	0.00446
2	0.02779	0.02346	0.02516	0.02165	0.02691	0.14599	0.07712	0.06257	0.02685	0.13049	0.04542	0.13895	0.11628	0.01838	0.01140	0.00344	0.01121	0.06608	0.00867	0.01218
3	0.02736	0.01970	0.02730	0.02301	0.02530	0.02461	0.01900	0.03036	0.02081	0.16635	0.09017	0.03239	0.02693	0.01702	0.02512	0.00400	0.39005	0.01052	0.00740	0.01259
4	0.04459	0.01979	0.02525	0.01936	0.02736	0.01853	0.01599	0.15115	0.03326	0.47581	0.03722	0.03281	0.02377	0.01262	0.01031	0.00316	0.00926	0.01010	0.01220	0.01746
5	0.02147	0.04690	0.45835	0.03265	0.04666	0.02435	0.15955	0.03259	0.02229	0.03259	0.01899	0.02313	0.01362	0.00948	0.01032	0.00330	0.01569	0.00868	0.00454	0.01484
6	0.02040	0.04779	0.50182	0.11817	0.04840	0.02368	0.03649	0.03155	0.02149	0.03155	0.01839	0.02253	0.01310	0.00983	0.00983	0.00328	0.01494	0.00782	0.00437	0.01459
7	0.03359	0.03816	0.03132	0.02649	0.03230	0.36352	0.08359	0.11275	0.02964	0.03169	0.01963	0.02511	0.01651	0.05430	0.05278	0.00422	0.01734	0.00852	0.00610	0.01244
8	0.02540	0.02438	0.04165	0.06299	0.57533	0.02438	0.03149	0.03149	0.02337	0.03353	0.01930	0.02540	0.01626	0.00914	0.01016	0.00305	0.01219	0.00914	0.00508	0.01626
9	0.01938	0.01824	0.03078	0.61468	0.07068	0.02280	0.02850	0.02622	0.02052	0.02622	0.01824	0.02736	0.01368	0.01026	0.01026	0.00342	0.01368	0.00912	0.00456	0.01140
10	0.01938	0.01824	0.03078	0.61468	0.07068	0.02280	0.02850	0.02622	0.02052	0.02622	0.01824	0.02736	0.01368	0.01026	0.01026	0.00342	0.01368	0.00912	0.00456	0.01140
11	0.02553	0.02204	0.02320	0.02088	0.02669	0.02553	0.01624	0.05453	0.55679	0.04293	0.04177	0.03829	0.03133	0.01392	0.01044	0.00348	0.00812	0.01160	0.01044	0.01624
12	0.01243	0.00922	0.01161	0.01353	0.01469	0.00840	0.00919	0.01437	0.02037	0.02649	0.06576	0.52901	0.16558	0.03095	0.01291	0.00403	0.00581	0.02771	0.00953	0.00840
13	0.02422	0.02768	0.06055	0.04325	0.05363	0.02595	0.53806	0.03287	0.02422	0.03287	0.02076	0.02768	0.01557	0.00865	0.01211	0.00346	0.01730	0.01211	0.00519	0.01384
14	0.01847	0.01725	0.02822	0.53873	0.06354	0.02102	0.02590	0.02478	0.02088	0.02641	0.02901	0.03633	0.08375	0.01224	0.01049	0.00343	0.01261	0.01070	0.00518	0.01106
15	0.07985	0.03940	0.02888	0.02456	0.03104	0.34597	0.01917	0.23191	0.03571	0.04155	0.01913	0.02074	0.01471	0.01118	0.00946	0.00284	0.01510	0.00755	0.00726	0.01398
16	0.02744	0.64552	0.05378	0.01756	0.02634	0.04061	0.01756	0.03073	0.02085	0.02414	0.01427	0.01646	0.01317	0.00878	0.00658	0.00219	0.01097	0.00549	0.00439	0.01317
17	0.01327	0.01025	0.01210	0.01203	0.01466	0.00909	0.00887	0.01678	0.02550	0.03364	0.31012	0.15580	0.29198	0.02448	0.01224	0.00345	0.00513	0.02119	0.01033	0.00909
18	0.04409	0.02060	0.02575	0.01974	0.02776	0.01973	0.01631	0.18633	0.03461	0.43872	0.03609	0.03207	0.02320	0.01260	0.01030	0.00315	0.00944	0.01002	0.01203	0.01746
19	0.03686	0.01859	0.02318	0.01931	0.02604	0.01830	0.01580	0.07497	0.16496	0.34943	0.04159	0.04488	0.03050	0.01486	0.01081	0.00343	0.00880	0.06988	0.01160	0.01619
20	0.04126	0.01641	0.02228	0.01745	0.02455	0.01426	0.01426	0.04536	0.02932	0.50022	0.12090	0.04127	0.03625	0.01396	0.01059	0.00318	0.00814	0.01157	0.01249	0.01628
21	0.01249	0.01041	0.01090	0.01078	0.01408	0.00882	0.00808	0.01543	0.02425	0.02976	0.17474	0.09540	0.49912	0.02523	0.01212	0.00343	0.00514	0.02119	0.00980	0.00882
22	0.03258	0.02562	0.02872	0.02373	0.03055	0.10988	0.07888	0.04872	0.27773	0.17735	0.03499	0.03315	0.02517	0.01247	0.01043	0.00327	0.01095	0.01058	0.00961	0.01561
23	0.02464	0.02229	0.03432	0.27929	0.21993	0.02571	0.02736	0.10592	0.02506	0.03420	0.01898	0.02574	0.01505	0.01114	0.01303	0.00338	0.08540	0.00913	0.00558	0.01384
24	0.02392	0.02065	0.02167	0.01963	0.02515	0.02351	0.01523	0.04977	0.49302	0.04111	0.04920	0.04552	0.09587	0.01537	0.01064	0.00348	0.00777	0.01280	0.01033	0.01534
25	0.02426	0.44243	0.14401	0.01950	0.02838	0.03337	0.02051	0.02916	0.02034	0.02560	0.01702	0.02102	0.01504	0.01931	0.09709	0.00456	0.01424	0.00670	0.00455	0.01292
26	0.01294	0.01043	0.01152	0.01125	0.01436	0.00901	0.00844	0.01630	0.02531	0.03229	0.26234	0.09125	0.40994	0.02429	0.01212	0.00338	0.00508	0.02060	0.01013	0.00901
27	0.01456	0.00979	0.01130	0.01166	0.01175	0.00970	0.00672	0.01483	0.01564	0.02085	0.03601	0.15305	0.04195	0.54712	0.04629	0.00907	0.00934	0.01709	0.00672	0.00654
28	0.02744	0.64552	0.05378	0.01756	0.02634	0.04061	0.01756	0.03073	0.02085	0.02414	0.01427	0.01646	0.01317	0.00878	0.00658	0.00219	0.01097	0.00549	0.00439	0.01317
29	0.01492	0.00995	0.01119	0.01119	0.01119	0.00995	0.00622	0.01492	0.01492	0.01990	0.03233	0.06716	0.03731	0.63935	0.05223	0.00995	0.00995	0.01492	0.00622	0.00622
30	0.01250	0.00893	0.01191	0.01429	0.01488	0.00834	0.00953	0.01429	0.01965	0.02620	0.05656	0.63265	0.06787	0.03215	0.01310	0.00417	0.00595	0.02917	0.00953	0.00834
31	0.01563	0.01299	0.02050	0.01823	0.02165	0.01207	0.09057	0.02026	0.02537	0.03449	0.28052	0.17334	0.12749	0.02253	0.01254	0.00364	0.00755	0.08107	0.00963	0.00994
32	0.02744	0.64552	0.05378	0.01756	0.02634	0.04061	0.01756	0.03073	0.02085	0.02414	0.01427	0.01646	0.01317	0.00878	0.00658	0.00219	0.01097	0.00549	0.00439	0.01317
33	0.01243	0.01041	0.01081	0.01071	0.01405	0.00879	0.00803	0.01531	0.02410	0.02941	0.16253	0.09598	0.51155	0.02536	0.01213	0.00344	0.00515	0.02127	0.00975	0.00879
34	0.01793	0.01131	0.01442	0.01317	0.01641	0.01017	0.01004	0.02233	0.02823	0.10383	0.43584	0.07502	0.16034	0.02075	0.01189	0.00326	0.00536	0.01804	0.01120	0.01046
35	0.10384	0.01843	0.02054	0.01500	0.02378	0.01480	0.01203	0.02636	0.02082	0.03495	0.01777	0.02073	0.01471	0.00783	0.00745	0.00172	0.00764	0.00602	0.00611	0.61947
36	0.02153	0.09802	0.03419	0.38416	0.13622	0.02419	0.02563	0.02754	0.02108	0.02793	0.01790	0.02497	0.01419	0.00959	0.00946	0.00298	0.01239	0.00830	0.00480	0.09494
37	0.10480	0.17303	0.33160	0.02307	0.03504	0.02609	0.02707	0.03100	0.02094	0.03243	0.01700	0.01989	0.01309	0.00924	0.00839	0.00280	0.01244	0.00670	0.00481	0.10059

[dist]
# distance from previous block
# <min> <max>
0	127

# created by:
# /st0/software/busco_prod/Augustus/scripts/msa2prfl.pl ./align_prep/10111.fa
