[name]
unknown

[dist]
# distance from previous block
# <min> <max>
0	145

[block]
# block no. 0 follows, 11 sequences, length 13
# corresponding to MSA columns:
# 163-175
name=unknown_A
#
# <colnr> <probs for GDERKNQSTAVLIFYWHMCP>
#	G	D	E	R	K	N	Q	S	T	A	V	L	I	F	Y	W	H	M	C	P
0	0.03209	0.02161	0.02774	0.02324	0.03001	0.02266	0.06211	0.08070	0.22831	0.15337	0.04225	0.04712	0.03249	0.01557	0.01158	0.00371	0.01000	0.05461	0.08443	0.01642
1	0.01955	0.00978	0.01466	0.01466	0.01466	0.00978	0.00978	0.01466	0.01466	0.01955	0.01955	0.03421	0.01955	0.03910	0.04399	0.67253	0.00978	0.00978	0.00489	0.00489
2	0.02243	0.01496	0.01577	0.01476	0.01864	0.01547	0.01125	0.08569	0.09162	0.04270	0.05313	0.11370	0.12153	0.01862	0.01044	0.00330	0.00683	0.01547	0.31152	0.01219
3	0.02645	0.15486	0.39306	0.02942	0.04340	0.09925	0.03506	0.03652	0.02467	0.03297	0.01903	0.02230	0.01432	0.01062	0.01001	0.00327	0.01631	0.00777	0.00490	0.01578
4	0.07482	0.02552	0.09558	0.13234	0.08718	0.02161	0.02322	0.07670	0.02684	0.09979	0.02865	0.09766	0.02454	0.01401	0.01076	0.00335	0.01153	0.01182	0.00780	0.12630
5	0.10934	0.13550	0.19623	0.17956	0.04668	0.02738	0.02779	0.03119	0.02282	0.03354	0.02756	0.03174	0.06260	0.01230	0.01000	0.00343	0.01330	0.00955	0.00566	0.01383
6	0.28014	0.02180	0.02430	0.11685	0.03519	0.02407	0.01799	0.07313	0.09016	0.16960	0.02829	0.02902	0.01996	0.01230	0.00968	0.00357	0.01031	0.00923	0.00923	0.01519
7	0.01626	0.01132	0.01436	0.01436	0.01508	0.01204	0.00941	0.01770	0.01698	0.02336	0.03356	0.06312	0.03634	0.41829	0.23718	0.01348	0.01780	0.01483	0.00654	0.00798
8	0.03445	0.02769	0.03260	0.07292	0.07409	0.11091	0.07278	0.09737	0.07716	0.15018	0.04096	0.04114	0.08798	0.01453	0.01159	0.00349	0.01288	0.01228	0.00931	0.01568
9	0.02869	0.03958	0.24232	0.09775	0.09060	0.08874	0.03024	0.03691	0.02626	0.11059	0.03257	0.03478	0.06601	0.01300	0.01108	0.00349	0.01446	0.01049	0.00693	0.01551
10	0.02223	0.02088	0.02945	0.02963	0.09121	0.02621	0.02109	0.02528	0.02043	0.02980	0.07628	0.04405	0.07515	0.08479	0.03135	0.00515	0.33566	0.01291	0.00645	0.01200
11	0.02599	0.02301	0.03083	0.09670	0.16754	0.02548	0.02378	0.04516	0.26973	0.04066	0.03811	0.04739	0.03158	0.01539	0.01185	0.00385	0.01095	0.06667	0.00904	0.01631
12	0.02610	0.02324	0.04080	0.31717	0.20896	0.02532	0.08811	0.03336	0.02468	0.07070	0.02253	0.03003	0.01708	0.01087	0.01147	0.00361	0.01459	0.01051	0.00593	0.01494

[dist]
# distance from previous block
# <min> <max>
0	4

[block]
# block no. 1 follows, 11 sequences, length 6
# corresponding to MSA columns:
# 180-185
name=unknown_B
#
# <colnr> <probs for GDERKNQSTAVLIFYWHMCP>
#	G	D	E	R	K	N	Q	S	T	A	V	L	I	F	Y	W	H	M	C	P
0	0.01604	0.01193	0.01737	0.01716	0.01932	0.01325	0.01325	0.02037	0.02135	0.03063	0.14822	0.05366	0.04664	0.06986	0.43030	0.01464	0.02426	0.01403	0.00754	0.01018
1	0.46085	0.02147	0.01963	0.01739	0.02414	0.02393	0.01448	0.08853	0.02522	0.09297	0.02560	0.03615	0.02167	0.01398	0.00904	0.00371	0.00945	0.06989	0.00855	0.01336
2	0.04338	0.08165	0.03226	0.02303	0.03147	0.07646	0.01904	0.20411	0.07717	0.24537	0.03340	0.03120	0.02292	0.01328	0.01082	0.00332	0.01170	0.01016	0.01122	0.01804
3	0.21791	0.02670	0.03148	0.03031	0.11467	0.07345	0.06555	0.07968	0.02753	0.10840	0.02282	0.02535	0.01712	0.01083	0.00973	0.00317	0.01196	0.00869	0.00776	0.10691
4	0.01475	0.01063	0.01386	0.01571	0.01687	0.01027	0.01105	0.01709	0.02141	0.02833	0.05959	0.38807	0.10027	0.11230	0.06688	0.00657	0.00952	0.07814	0.00959	0.00909
5	0.02334	0.02001	0.02334	0.01667	0.02667	0.01500	0.01334	0.02834	0.02334	0.03668	0.02001	0.02334	0.01667	0.00834	0.00834	0.00167	0.00834	0.00667	0.00667	0.67325

[dist]
# distance from previous block
# <min> <max>
0	2

[block]
# block no. 2 follows, 11 sequences, length 14
# corresponding to MSA columns:
# 188-201
name=unknown_C
#
# <colnr> <probs for GDERKNQSTAVLIFYWHMCP>
#	G	D	E	R	K	N	Q	S	T	A	V	L	I	F	Y	W	H	M	C	P
0	0.01445	0.01023	0.01344	0.01574	0.01649	0.00971	0.01073	0.01647	0.02133	0.02836	0.05859	0.48960	0.06948	0.10376	0.01967	0.00540	0.00742	0.07016	0.01000	0.00898
1	0.04245	0.04141	0.03294	0.02728	0.03486	0.26922	0.02155	0.29483	0.04352	0.05155	0.02272	0.02402	0.01707	0.01266	0.01076	0.00316	0.01592	0.00884	0.00882	0.01642
2	0.01867	0.01520	0.02372	0.09493	0.02943	0.01751	0.04952	0.02186	0.01857	0.02587	0.02700	0.04457	0.02619	0.16417	0.25394	0.06647	0.07435	0.01234	0.00583	0.00988
3	0.01499	0.01091	0.01249	0.01278	0.01464	0.00998	0.00862	0.01651	0.02213	0.02825	0.11606	0.15875	0.24516	0.19338	0.02844	0.06039	0.00759	0.02135	0.00915	0.00842
4	0.01586	0.01220	0.01465	0.01476	0.01748	0.01159	0.01077	0.02217	0.07259	0.03753	0.26293	0.22438	0.18733	0.02685	0.01341	0.00390	0.00606	0.02357	0.01134	0.01064
5	0.02217	0.01877	0.02210	0.01655	0.02542	0.01429	0.01299	0.02681	0.02312	0.03571	0.02509	0.09278	0.02366	0.01159	0.00907	0.00202	0.00812	0.00973	0.00713	0.59288
6	0.02580	0.01860	0.02189	0.13047	0.03134	0.08728	0.01634	0.02532	0.02019	0.07118	0.02167	0.03188	0.01873	0.02745	0.02980	0.38548	0.01222	0.00963	0.00588	0.00885
7	0.03213	0.02654	0.02965	0.02977	0.09758	0.06941	0.02125	0.22749	0.07756	0.04987	0.03642	0.10017	0.03362	0.01838	0.01227	0.00382	0.01195	0.09653	0.00982	0.01577
8	0.02430	0.02266	0.04380	0.03822	0.10856	0.02274	0.22895	0.02809	0.02172	0.02998	0.02076	0.03072	0.01777	0.02009	0.02511	0.21998	0.06787	0.01137	0.00534	0.01196
9	0.02411	0.02321	0.04104	0.41641	0.07004	0.02655	0.13351	0.06674	0.02577	0.03366	0.02117	0.02985	0.01579	0.01103	0.01171	0.00373	0.01569	0.01074	0.00564	0.01362
10	0.02196	0.02568	0.10354	0.46325	0.11039	0.02530	0.03291	0.03015	0.02293	0.03033	0.02012	0.02900	0.01513	0.01108	0.01117	0.00369	0.01509	0.00978	0.00501	0.01349
11	0.09642	0.03264	0.18411	0.03002	0.10204	0.02270	0.02620	0.04478	0.07331	0.22877	0.03144	0.03100	0.02157	0.01223	0.01071	0.00352	0.01206	0.00989	0.00916	0.01744
12	0.01736	0.01434	0.02216	0.09347	0.02930	0.01417	0.05967	0.02274	0.02786	0.03794	0.28314	0.13932	0.11273	0.02274	0.01333	0.00387	0.00851	0.05614	0.01020	0.01101
13	0.10837	0.01722	0.02577	0.16132	0.07656	0.01860	0.05262	0.02546	0.02289	0.03366	0.03911	0.21341	0.04134	0.02152	0.01249	0.00418	0.01098	0.09489	0.00791	0.01169

[dist]
# distance from previous block
# <min> <max>
9	18

[block]
# block no. 3 follows, 11 sequences, length 16
# corresponding to MSA columns:
# 222-237
name=unknown_D
#
# <colnr> <probs for GDERKNQSTAVLIFYWHMCP>
#	G	D	E	R	K	N	Q	S	T	A	V	L	I	F	Y	W	H	M	C	P
0	0.01862	0.01517	0.02219	0.15377	0.03435	0.01794	0.01804	0.02610	0.07149	0.02863	0.02978	0.04295	0.02666	0.10199	0.32754	0.01251	0.02265	0.01198	0.00642	0.01120
1	0.03066	0.08576	0.08235	0.08386	0.03925	0.02515	0.08863	0.11704	0.03149	0.11706	0.09645	0.03599	0.03082	0.01297	0.01111	0.00328	0.01217	0.01129	0.00869	0.07599
2	0.24203	0.12594	0.09012	0.06981	0.03150	0.02613	0.01894	0.03431	0.06420	0.06952	0.03477	0.03589	0.08881	0.01357	0.00939	0.00341	0.01046	0.01008	0.00744	0.01367
3	0.04310	0.01739	0.02362	0.01896	0.02621	0.01516	0.01530	0.04731	0.03109	0.43725	0.09741	0.09997	0.04089	0.01706	0.01184	0.00360	0.00882	0.01438	0.01341	0.01723
4	0.17057	0.02094	0.02536	0.13533	0.03711	0.02279	0.01925	0.10259	0.06067	0.15872	0.05993	0.04176	0.02893	0.01476	0.01089	0.00370	0.01070	0.05142	0.00966	0.01492
5	0.02915	0.30680	0.13137	0.07709	0.04226	0.03436	0.11743	0.03581	0.02450	0.07359	0.02059	0.02417	0.01612	0.01028	0.00967	0.00307	0.01419	0.00862	0.00577	0.01515
6	0.03806	0.01640	0.02214	0.01792	0.02444	0.01441	0.01441	0.04276	0.03209	0.36327	0.21849	0.05477	0.05604	0.01720	0.01202	0.00350	0.00804	0.01457	0.01338	0.01608
7	0.01474	0.01082	0.01424	0.01540	0.01674	0.01090	0.01078	0.01714	0.02029	0.02719	0.05510	0.29978	0.11103	0.12924	0.18253	0.00939	0.01407	0.02287	0.00862	0.00913
8	0.03758	0.31554	0.04245	0.01999	0.02887	0.03191	0.01805	0.04489	0.08583	0.22459	0.03021	0.02864	0.02194	0.01194	0.00929	0.00299	0.01072	0.00884	0.00908	0.01664
9	0.04183	0.01857	0.02427	0.01944	0.02666	0.01697	0.01570	0.09183	0.03340	0.38205	0.11224	0.08943	0.04183	0.01692	0.01184	0.00357	0.00901	0.01417	0.01316	0.01713
10	0.01408	0.01027	0.01294	0.01464	0.01587	0.00948	0.00989	0.01631	0.02264	0.02989	0.10990	0.43692	0.13864	0.08130	0.01774	0.00490	0.00667	0.02845	0.01032	0.00913
11	0.16969	0.03283	0.19922	0.02302	0.03404	0.02154	0.02409	0.04397	0.02672	0.27179	0.03042	0.02935	0.02010	0.01213	0.01022	0.00351	0.01178	0.00925	0.00943	0.01689
12	0.03089	0.23203	0.08706	0.08164	0.03702	0.03017	0.05172	0.04036	0.09460	0.12821	0.05793	0.03180	0.02557	0.01230	0.01008	0.00321	0.01190	0.00992	0.00798	0.01560
13	0.02283	0.02162	0.03678	0.30640	0.14885	0.02481	0.07097	0.02957	0.02345	0.03145	0.02557	0.04280	0.02271	0.01444	0.01438	0.00399	0.06660	0.07346	0.00592	0.01342
14	0.01366	0.00999	0.01286	0.01516	0.01619	0.00919	0.01022	0.01573	0.02205	0.02893	0.06833	0.53796	0.12953	0.03444	0.01424	0.00448	0.00643	0.03100	0.01045	0.00919
15	0.10972	0.01932	0.02706	0.26520	0.04855	0.02078	0.02221	0.03352	0.02437	0.12870	0.02820	0.03941	0.02255	0.01334	0.01077	0.00353	0.01177	0.05675	0.00771	0.10655

[dist]
# distance from previous block
# <min> <max>
0	7

[block]
# block no. 4 follows, 11 sequences, length 9
# corresponding to MSA columns:
# 245-253
name=unknown_E
#
# <colnr> <probs for GDERKNQSTAVLIFYWHMCP>
#	G	D	E	R	K	N	Q	S	T	A	V	L	I	F	Y	W	H	M	C	P
0	0.11844	0.02548	0.02673	0.02180	0.02929	0.02791	0.01758	0.24371	0.15799	0.05713	0.08224	0.03529	0.03094	0.01416	0.01074	0.00339	0.01000	0.01106	0.01053	0.06558
1	0.41956	0.10430	0.02980	0.02384	0.07970	0.02747	0.04892	0.03559	0.02209	0.09123	0.01945	0.02198	0.01491	0.01055	0.00828	0.00334	0.01044	0.00748	0.00709	0.01396
2	0.40096	0.02725	0.09111	0.02570	0.09747	0.02523	0.01995	0.03765	0.06835	0.08037	0.02186	0.02395	0.01642	0.01112	0.00876	0.00351	0.01047	0.00792	0.00739	0.01456
3	0.11467	0.07659	0.02987	0.06260	0.03219	0.02238	0.05164	0.08115	0.02702	0.11017	0.02921	0.10519	0.02561	0.01410	0.01020	0.00313	0.01038	0.01180	0.00836	0.17375
4	0.01627	0.01130	0.01426	0.01426	0.01495	0.01199	0.00930	0.01764	0.01696	0.02329	0.03365	0.06360	0.03655	0.42687	0.22890	0.01336	0.01748	0.01490	0.00655	0.00792
5	0.02047	0.01179	0.01438	0.01415	0.01551	0.01127	0.00903	0.02154	0.01979	0.09553	0.04299	0.19261	0.04704	0.38796	0.04076	0.00838	0.00969	0.01937	0.00866	0.00908
6	0.01537	0.01049	0.01257	0.01355	0.01379	0.01025	0.00818	0.01611	0.01831	0.02442	0.04543	0.27003	0.05350	0.39091	0.04118	0.00853	0.00927	0.02223	0.00818	0.00769
7	0.68395	0.02177	0.01654	0.01480	0.02177	0.02525	0.01219	0.03309	0.01915	0.05050	0.01567	0.01828	0.01219	0.01045	0.00697	0.00348	0.00871	0.00609	0.00697	0.01219
8	0.04160	0.07526	0.03552	0.02785	0.06687	0.07065	0.02161	0.35184	0.04514	0.11227	0.02693	0.02712	0.01929	0.01289	0.01087	0.00328	0.01269	0.00974	0.01029	0.01826

[dist]
# distance from previous block
# <min> <max>
0	1

[block]
# block no. 5 follows, 11 sequences, length 22
# corresponding to MSA columns:
# 255-276
name=unknown_F
#
# <colnr> <probs for GDERKNQSTAVLIFYWHMCP>
#	G	D	E	R	K	N	Q	S	T	A	V	L	I	F	Y	W	H	M	C	P
0	0.02680	0.02769	0.07806	0.17919	0.09649	0.02820	0.09628	0.08558	0.14209	0.03961	0.02694	0.03148	0.02049	0.01265	0.01351	0.00377	0.05722	0.01100	0.00729	0.01564
1	0.02334	0.02001	0.02334	0.01667	0.02667	0.01500	0.01334	0.02834	0.02334	0.03668	0.02001	0.02334	0.01667	0.00834	0.00834	0.00167	0.00834	0.00667	0.00667	0.67325
2	0.03277	0.02576	0.02728	0.02301	0.03004	0.02912	0.01833	0.21453	0.30963	0.05527	0.03833	0.03660	0.02845	0.01447	0.01110	0.00357	0.00987	0.01162	0.06252	0.01772
3	0.04010	0.03376	0.03203	0.02587	0.03391	0.11689	0.02083	0.34922	0.12958	0.05991	0.02876	0.02855	0.02104	0.01351	0.01112	0.00338	0.01304	0.01013	0.01043	0.01794
4	0.01503	0.01023	0.01267	0.01427	0.01575	0.00953	0.00986	0.01792	0.02327	0.03256	0.10757	0.41074	0.11639	0.02990	0.01312	0.00409	0.00613	0.02664	0.11478	0.00953
5	0.03009	0.61122	0.05898	0.01926	0.02889	0.04454	0.01926	0.03370	0.02287	0.02648	0.01565	0.01805	0.01444	0.00963	0.00722	0.00241	0.01204	0.00602	0.00481	0.01444
6	0.05050	0.01915	0.02612	0.02003	0.02873	0.01654	0.01654	0.05485	0.03221	0.54203	0.04440	0.03831	0.02786	0.01393	0.01132	0.00348	0.00958	0.01132	0.01393	0.01915
7	0.02109	0.10818	0.02699	0.01987	0.02380	0.01742	0.06140	0.02430	0.02328	0.07763	0.04903	0.39495	0.05470	0.02657	0.01283	0.00405	0.00895	0.02402	0.00940	0.01154
8	0.01402	0.01021	0.01321	0.01503	0.01629	0.00941	0.01030	0.01658	0.02354	0.03144	0.13933	0.47126	0.12240	0.03272	0.01410	0.00434	0.00626	0.02941	0.01075	0.00941
9	0.01879	0.01168	0.01446	0.01418	0.01527	0.01178	0.00915	0.02000	0.01831	0.06396	0.03725	0.10554	0.04018	0.42229	0.13971	0.01112	0.01389	0.01640	0.00751	0.00854
10	0.36439	0.02336	0.02315	0.01880	0.02671	0.02520	0.01551	0.14780	0.03057	0.18639	0.02600	0.02568	0.01800	0.01210	0.00914	0.00346	0.00980	0.00844	0.00983	0.01568
11	0.02233	0.01901	0.02540	0.02235	0.02342	0.02470	0.01822	0.02594	0.02115	0.03367	0.10172	0.03839	0.03279	0.01858	0.02592	0.00413	0.34752	0.01168	0.17148	0.01159
12	0.01710	0.01066	0.01426	0.01607	0.01747	0.00982	0.01101	0.01928	0.02253	0.07600	0.06041	0.54564	0.07015	0.03330	0.01409	0.00447	0.00681	0.03009	0.01077	0.01006
13	0.03339	0.01846	0.02328	0.02027	0.02600	0.01863	0.01619	0.10731	0.07978	0.22055	0.04360	0.13108	0.03734	0.02982	0.09915	0.00612	0.01278	0.04970	0.01121	0.01534
14	0.01618	0.01167	0.01614	0.01614	0.01748	0.01301	0.01164	0.01885	0.01751	0.02469	0.03193	0.05408	0.03242	0.25859	0.39152	0.01568	0.02370	0.01350	0.00629	0.00897
15	0.01774	0.01476	0.02072	0.01992	0.02116	0.01773	0.01543	0.02104	0.02091	0.03005	0.11304	0.18343	0.04853	0.04513	0.19741	0.00889	0.16798	0.01777	0.00785	0.01052
16	0.02533	0.01836	0.02769	0.24678	0.04566	0.02142	0.02240	0.03057	0.02467	0.11944	0.10782	0.09132	0.03712	0.01723	0.01626	0.00395	0.10891	0.01387	0.00820	0.01301
17	0.08798	0.01896	0.02379	0.11555	0.03267	0.02134	0.01789	0.10780	0.02687	0.07641	0.03424	0.13053	0.03360	0.11192	0.02134	0.00512	0.06360	0.04936	0.00850	0.01253
18	0.04621	0.02603	0.03037	0.02329	0.03216	0.02674	0.01924	0.30035	0.04372	0.28029	0.03475	0.03204	0.02302	0.01370	0.01129	0.00342	0.01114	0.01066	0.01245	0.01915
19	0.02631	0.02534	0.02470	0.01863	0.02796	0.10135	0.01467	0.03097	0.02470	0.03523	0.01959	0.02286	0.01633	0.00885	0.00862	0.00186	0.01023	0.00676	0.00653	0.56851
20	0.03243	0.01495	0.01975	0.01653	0.02199	0.01335	0.01310	0.03729	0.03124	0.27516	0.25732	0.05886	0.06254	0.01786	0.01185	0.00343	0.00728	0.01523	0.07526	0.01456
21	0.08011	0.01917	0.02219	0.01922	0.02491	0.01988	0.01544	0.11537	0.11044	0.13370	0.19976	0.05886	0.05542	0.01841	0.01204	0.00370	0.00856	0.05636	0.01170	0.01476

[dist]
# distance from previous block
# <min> <max>
3	8

[block]
# block no. 6 follows, 11 sequences, length 15
# corresponding to MSA columns:
# 292-306
name=unknown_G
#
# <colnr> <probs for GDERKNQSTAVLIFYWHMCP>
#	G	D	E	R	K	N	Q	S	T	A	V	L	I	F	Y	W	H	M	C	P
0	0.02528	0.02299	0.04277	0.04400	0.19546	0.02204	0.18380	0.03168	0.02555	0.06765	0.03442	0.15416	0.03328	0.01682	0.01286	0.00389	0.01341	0.04772	0.00751	0.01468
1	0.26705	0.08031	0.03025	0.02496	0.07495	0.02925	0.01884	0.14395	0.02949	0.11206	0.02241	0.02436	0.01680	0.01238	0.01181	0.00348	0.06545	0.00842	0.00833	0.01545
2	0.02374	0.02384	0.04153	0.03262	0.03764	0.02689	0.19640	0.03110	0.05966	0.03139	0.02411	0.03527	0.02135	0.07918	0.09459	0.00666	0.20273	0.01226	0.00604	0.01301
3	0.02325	0.02040	0.02621	0.16063	0.03992	0.01880	0.01835	0.03146	0.07006	0.03565	0.02247	0.02683	0.01794	0.00974	0.00938	0.00241	0.01010	0.00810	0.00670	0.44161
4	0.09072	0.02251	0.08180	0.02537	0.09076	0.01851	0.01934	0.03733	0.06057	0.17918	0.19595	0.04885	0.04990	0.01583	0.01148	0.00351	0.00931	0.01341	0.01053	0.01515
5	0.01464	0.00988	0.01273	0.01501	0.01592	0.00931	0.01012	0.01702	0.02181	0.03042	0.05881	0.52643	0.06864	0.03244	0.01354	0.00432	0.00637	0.02926	0.09402	0.00931
6	0.07294	0.01547	0.01677	0.01499	0.01929	0.01555	0.01165	0.10118	0.03172	0.04610	0.23595	0.06823	0.16631	0.02012	0.01161	0.00342	0.00683	0.01675	0.11322	0.01190
7	0.03892	0.02378	0.06679	0.08591	0.08344	0.02128	0.02190	0.04966	0.12094	0.30843	0.03808	0.03606	0.02576	0.01329	0.01127	0.00357	0.01091	0.01110	0.01104	0.01788
8	0.01611	0.01194	0.01746	0.01746	0.01926	0.01373	0.01329	0.01970	0.01790	0.02567	0.03072	0.04738	0.02951	0.14022	0.50591	0.01732	0.02808	0.01252	0.00611	0.00970
9	0.01709	0.01277	0.01604	0.01526	0.01816	0.01243	0.01141	0.02507	0.08457	0.04400	0.43630	0.12164	0.09560	0.02316	0.01316	0.00366	0.00581	0.02047	0.01213	0.01130
10	0.02413	0.22182	0.33842	0.02618	0.03912	0.03003	0.03133	0.03345	0.02439	0.03390	0.07526	0.02872	0.02453	0.01174	0.00992	0.00321	0.01397	0.00895	0.00562	0.01530
11	0.02861	0.02825	0.07910	0.29120	0.05470	0.09234	0.02691	0.08332	0.02758	0.08216	0.02373	0.03001	0.01779	0.01874	0.06355	0.00493	0.01648	0.00983	0.00670	0.01407
12	0.01475	0.01109	0.01375	0.01449	0.01684	0.01009	0.01071	0.01837	0.02649	0.03511	0.23111	0.25117	0.20626	0.02898	0.01383	0.00408	0.00626	0.06569	0.01109	0.00984
13	0.10030	0.02424	0.07578	0.07952	0.09740	0.02256	0.02248	0.09682	0.06850	0.08115	0.03588	0.10631	0.03293	0.01773	0.01179	0.00391	0.01127	0.08789	0.00884	0.01468
14	0.08071	0.02642	0.09222	0.22478	0.11456	0.02468	0.07748	0.06681	0.02612	0.07641	0.02554	0.06896	0.02082	0.01287	0.01127	0.00367	0.01366	0.01153	0.00683	0.01467

[dist]
# distance from previous block
# <min> <max>
11	90

[block]
# block no. 7 follows, 11 sequences, length 10
# corresponding to MSA columns:
# 397-406
name=unknown_H
#
# <colnr> <probs for GDERKNQSTAVLIFYWHMCP>
#	G	D	E	R	K	N	Q	S	T	A	V	L	I	F	Y	W	H	M	C	P
0	0.02411	0.18941	0.06273	0.01876	0.02469	0.02304	0.01679	0.02963	0.05863	0.07325	0.04589	0.14606	0.09336	0.02199	0.01376	0.05152	0.00985	0.07558	0.00841	0.01252
1	0.12965	0.25947	0.03794	0.01936	0.02787	0.03066	0.01719	0.04387	0.09237	0.19589	0.02887	0.02777	0.02109	0.01188	0.00906	0.00309	0.01036	0.00862	0.00891	0.01607
2	0.17855	0.02825	0.07122	0.02254	0.03106	0.02752	0.01985	0.20973	0.03417	0.11266	0.02422	0.02557	0.01761	0.01258	0.01211	0.00336	0.05941	0.00882	0.00903	0.09173
3	0.10722	0.02231	0.02382	0.02006	0.02696	0.02330	0.01577	0.14735	0.15283	0.04786	0.03475	0.12523	0.03093	0.01613	0.01068	0.00333	0.00919	0.01323	0.00965	0.15941
4	0.11712	0.16607	0.03505	0.02127	0.02981	0.03104	0.01825	0.17787	0.08965	0.16333	0.02906	0.02812	0.02092	0.01251	0.00981	0.00323	0.01081	0.00923	0.00983	0.01702
5	0.01955	0.00978	0.01466	0.01466	0.01466	0.00978	0.00978	0.01466	0.01466	0.01955	0.01955	0.03421	0.01955	0.03910	0.04399	0.67253	0.00978	0.00978	0.00489	0.00489
6	0.03699	0.02577	0.03064	0.12867	0.04033	0.02814	0.02141	0.30250	0.04176	0.12348	0.03617	0.03671	0.06716	0.01454	0.01146	0.00350	0.01188	0.01154	0.01036	0.01698
7	0.03221	0.18690	0.20562	0.02810	0.03995	0.03063	0.09088	0.09404	0.02886	0.12314	0.02429	0.02605	0.01758	0.01114	0.01033	0.00326	0.01407	0.00913	0.00723	0.01660
8	0.10325	0.02205	0.08540	0.09509	0.03310	0.01788	0.01882	0.03183	0.02243	0.13691	0.02445	0.02956	0.01868	0.01820	0.01850	0.17258	0.01091	0.00900	0.00729	0.12409
9	0.15227	0.02078	0.02468	0.01907	0.02773	0.01930	0.01567	0.08389	0.03025	0.33392	0.03396	0.03145	0.02259	0.01236	0.01007	0.00317	0.00946	0.00955	0.01130	0.12853

[dist]
# distance from previous block
# <min> <max>
7	24

[block]
# block no. 8 follows, 11 sequences, length 17
# corresponding to MSA columns:
# 434-450
name=unknown_I
#
# <colnr> <probs for GDERKNQSTAVLIFYWHMCP>
#	G	D	E	R	K	N	Q	S	T	A	V	L	I	F	Y	W	H	M	C	P
0	0.02450	0.02564	0.07849	0.14771	0.27481	0.02422	0.02913	0.03466	0.08372	0.03759	0.09592	0.03759	0.03153	0.01278	0.01147	0.00352	0.01227	0.01167	0.00706	0.01571
1	0.03056	0.03975	0.28435	0.03459	0.13028	0.02298	0.03184	0.03966	0.02618	0.16227	0.02640	0.02810	0.01849	0.01119	0.01075	0.00335	0.01363	0.00925	0.00734	0.06903
2	0.02289	0.01618	0.02162	0.10695	0.03134	0.01467	0.01557	0.02711	0.02366	0.09571	0.03838	0.23544	0.03886	0.01932	0.01138	0.00329	0.00891	0.01702	0.00869	0.24303
3	0.03630	0.02831	0.03013	0.02459	0.03243	0.03188	0.01982	0.30522	0.25496	0.06048	0.03526	0.03358	0.02581	0.01428	0.01134	0.00357	0.01086	0.01127	0.01134	0.01856
4	0.03451	0.03044	0.17061	0.02274	0.03337	0.01978	0.02283	0.07425	0.02984	0.23738	0.07515	0.03496	0.02849	0.01286	0.01081	0.00320	0.01117	0.01041	0.00982	0.12737
5	0.03101	0.02853	0.13004	0.04269	0.24682	0.02177	0.02815	0.03769	0.02649	0.16738	0.03216	0.10102	0.02686	0.01433	0.01151	0.00357	0.01214	0.01279	0.00821	0.01686
6	0.02589	0.11250	0.43129	0.02997	0.04492	0.02915	0.03673	0.09311	0.02732	0.03910	0.02058	0.02358	0.01489	0.01093	0.01040	0.00342	0.01562	0.00830	0.00557	0.01672
7	0.02925	0.02422	0.03319	0.16970	0.20180	0.06467	0.02557	0.07191	0.02817	0.09906	0.03457	0.07522	0.06493	0.01451	0.01153	0.00355	0.01263	0.01265	0.00771	0.01515
8	0.02888	0.08386	0.19710	0.12773	0.13073	0.02798	0.06526	0.09050	0.02816	0.08043	0.02297	0.02710	0.01692	0.01110	0.01088	0.00345	0.01451	0.00952	0.00654	0.01636
9	0.01627	0.01086	0.01384	0.01508	0.01575	0.01067	0.01028	0.01729	0.01946	0.02578	0.04591	0.22920	0.05274	0.27560	0.03583	0.07697	0.00944	0.10278	0.00832	0.00795
10	0.02721	0.02490	0.03535	0.31121	0.11545	0.09031	0.06565	0.03286	0.02445	0.06945	0.02191	0.02959	0.01685	0.01368	0.01417	0.06283	0.01491	0.01002	0.00591	0.01327
11	0.02064	0.01906	0.03190	0.51102	0.07070	0.02371	0.02922	0.02773	0.02198	0.02845	0.02121	0.03169	0.01656	0.01994	0.07636	0.00545	0.01680	0.01025	0.00512	0.01221
12	0.15110	0.02244	0.03216	0.12542	0.17903	0.02653	0.02489	0.02982	0.02096	0.03453	0.01945	0.02752	0.01677	0.02146	0.08168	0.00557	0.15195	0.00946	0.00565	0.01363
13	0.22682	0.02982	0.02790	0.02247	0.03053	0.08497	0.01832	0.27361	0.03904	0.10689	0.02448	0.02493	0.01753	0.01248	0.00992	0.00337	0.01188	0.00879	0.00973	0.01652
14	0.02184	0.02088	0.03748	0.27673	0.11691	0.02292	0.11628	0.02892	0.02397	0.03240	0.07210	0.03714	0.02659	0.02232	0.08985	0.00573	0.01677	0.01195	0.00608	0.01315
15	0.01677	0.01290	0.01891	0.10696	0.02819	0.01422	0.01580	0.02038	0.02070	0.02767	0.04503	0.12340	0.09739	0.05070	0.24127	0.06243	0.01819	0.06189	0.00730	0.00990
16	0.02560	0.01544	0.01964	0.01759	0.01993	0.01632	0.01280	0.14016	0.02462	0.03293	0.02150	0.03234	0.01944	0.03244	0.03547	0.49833	0.01045	0.00987	0.00655	0.00860

[dist]
# distance from previous block
# <min> <max>
0	13

[block]
# block no. 9 follows, 11 sequences, length 15
# corresponding to MSA columns:
# 464-478
name=unknown_J
#
# <colnr> <probs for GDERKNQSTAVLIFYWHMCP>
#	G	D	E	R	K	N	Q	S	T	A	V	L	I	F	Y	W	H	M	C	P
0	0.01450	0.01040	0.01377	0.01513	0.01650	0.00967	0.01051	0.01765	0.02522	0.03456	0.22784	0.41467	0.08573	0.03091	0.01398	0.00420	0.00610	0.02786	0.01114	0.00967
1	0.08725	0.01293	0.01531	0.01525	0.01832	0.01226	0.01098	0.02416	0.02371	0.11342	0.08826	0.29771	0.12295	0.08403	0.01717	0.00474	0.00748	0.02267	0.01042	0.01096
2	0.29928	0.01547	0.01398	0.01315	0.01697	0.01684	0.00974	0.02616	0.02086	0.04099	0.08137	0.04433	0.03324	0.15775	0.02017	0.00511	0.00810	0.01115	0.15502	0.01032
3	0.04736	0.01986	0.02603	0.02043	0.02881	0.01814	0.01672	0.05554	0.09945	0.47295	0.04460	0.03882	0.02877	0.01412	0.01134	0.00353	0.00948	0.01151	0.01358	0.01897
4	0.29220	0.01724	0.01806	0.01607	0.02164	0.01772	0.01267	0.03340	0.02535	0.16634	0.13637	0.12119	0.04469	0.01753	0.01042	0.00365	0.00789	0.01412	0.01031	0.01312
5	0.17677	0.02183	0.02464	0.01998	0.02762	0.02227	0.01624	0.13738	0.06450	0.27215	0.03632	0.07475	0.02680	0.01484	0.01064	0.00357	0.00969	0.01166	0.01151	0.01685
6	0.04590	0.02019	0.02612	0.02029	0.02843	0.01862	0.01665	0.11582	0.03519	0.42352	0.09048	0.04126	0.03446	0.01478	0.01151	0.00347	0.00956	0.01205	0.01339	0.01830
7	0.01484	0.01165	0.01354	0.01361	0.01686	0.01035	0.01057	0.01882	0.02772	0.03569	0.24227	0.10297	0.32591	0.02706	0.01361	0.00391	0.00622	0.08332	0.01108	0.00999
8	0.08397	0.01482	0.01884	0.01677	0.02157	0.01370	0.01293	0.03349	0.02847	0.22780	0.19310	0.18387	0.06145	0.02149	0.01228	0.00376	0.00748	0.01856	0.01205	0.01359
9	0.13518	0.02211	0.02597	0.02058	0.02883	0.02204	0.01687	0.12512	0.08656	0.34163	0.03768	0.03406	0.02495	0.01352	0.01072	0.00350	0.00984	0.01055	0.01225	0.01803
10	0.01612	0.01189	0.01724	0.01724	0.01896	0.01361	0.01301	0.01956	0.01784	0.02550	0.03092	0.04850	0.03000	0.16014	0.48666	0.01704	0.02735	0.01269	0.00614	0.00958
11	0.01503	0.01108	0.01376	0.01383	0.01608	0.01013	0.00992	0.01879	0.02741	0.03727	0.31863	0.19466	0.17103	0.07095	0.01687	0.00436	0.00606	0.02309	0.01121	0.00982
12	0.01881	0.01185	0.01527	0.01540	0.01743	0.01124	0.01114	0.02191	0.02477	0.07525	0.19322	0.18602	0.06962	0.18341	0.02558	0.00598	0.00816	0.08464	0.01033	0.00997
13	0.02147	0.01220	0.01573	0.01600	0.01808	0.01152	0.01136	0.02364	0.02227	0.11452	0.04994	0.26398	0.05412	0.21849	0.02815	0.00656	0.00903	0.08286	0.00983	0.01025
14	0.24092	0.02851	0.02845	0.02247	0.03084	0.03192	0.01855	0.35344	0.04249	0.06462	0.02351	0.02432	0.01699	0.01256	0.00993	0.00341	0.01125	0.00889	0.00993	0.01699

[dist]
# distance from previous block
# <min> <max>
0	1

[block]
# block no. 10 follows, 11 sequences, length 14
# corresponding to MSA columns:
# 480-493
name=unknown_K
#
# <colnr> <probs for GDERKNQSTAVLIFYWHMCP>
#	G	D	E	R	K	N	Q	S	T	A	V	L	I	F	Y	W	H	M	C	P
0	0.12760	0.08886	0.09797	0.11309	0.04927	0.02937	0.21955	0.03350	0.02339	0.03547	0.01962	0.02605	0.01528	0.01088	0.01313	0.00367	0.06341	0.01017	0.00554	0.01416
1	0.01637	0.01209	0.01749	0.01771	0.01994	0.01320	0.01401	0.02083	0.02206	0.03111	0.13465	0.06505	0.04948	0.06382	0.36574	0.01317	0.02210	0.08299	0.00798	0.01021
2	0.01662	0.01337	0.01474	0.01408	0.01763	0.01282	0.01047	0.02447	0.10251	0.03670	0.22100	0.08793	0.28597	0.07205	0.01662	0.00431	0.00651	0.02042	0.01089	0.01091
3	0.02597	0.07494	0.04803	0.03814	0.09180	0.02715	0.23903	0.03850	0.12382	0.03716	0.03235	0.04640	0.02780	0.01407	0.01255	0.00385	0.01448	0.08131	0.00749	0.01516
4	0.01561	0.01057	0.01266	0.01329	0.01421	0.01003	0.00850	0.01589	0.01921	0.02485	0.05513	0.20037	0.14361	0.26442	0.03609	0.11062	0.00864	0.02058	0.00812	0.00762
5	0.13294	0.06993	0.02437	0.01760	0.02451	0.02109	0.01447	0.07772	0.06696	0.18320	0.08111	0.03692	0.03122	0.01349	0.00976	0.00316	0.00866	0.01052	0.11234	0.06003
6	0.02169	0.07317	0.02183	0.01782	0.02160	0.01732	0.01416	0.02988	0.10151	0.07073	0.16266	0.15588	0.06205	0.07110	0.01650	0.00456	0.00849	0.10653	0.01044	0.01210
7	0.07715	0.06587	0.07360	0.01740	0.02290	0.01812	0.01530	0.07011	0.02879	0.04094	0.20743	0.14333	0.13382	0.02141	0.01197	0.00363	0.00823	0.01807	0.00984	0.01211
8	0.22039	0.07616	0.14722	0.02047	0.02826	0.02317	0.02021	0.06157	0.02360	0.03952	0.02961	0.12217	0.02923	0.06264	0.01392	0.00429	0.01110	0.04623	0.00735	0.01290
9	0.12272	0.13273	0.10605	0.10736	0.03648	0.02775	0.02215	0.07543	0.02591	0.03814	0.07118	0.03695	0.07477	0.01445	0.01240	0.00349	0.06073	0.01073	0.00701	0.01358
10	0.09206	0.22105	0.13678	0.02573	0.03544	0.03144	0.09063	0.07803	0.02546	0.03626	0.02079	0.02568	0.01707	0.02139	0.09126	0.00535	0.01628	0.00880	0.00596	0.01454
11	0.13803	0.11981	0.11241	0.10945	0.03871	0.02502	0.06996	0.02946	0.02272	0.03443	0.02928	0.12814	0.02873	0.01630	0.01086	0.00372	0.01227	0.05104	0.00672	0.01292
12	0.13742	0.17841	0.07397	0.15379	0.03910	0.02733	0.02126	0.03144	0.02247	0.07137	0.02485	0.08197	0.02209	0.01836	0.04826	0.00440	0.01309	0.01057	0.00656	0.01329
13	0.08961	0.18767	0.20470	0.11157	0.04376	0.02971	0.06776	0.03275	0.02374	0.03440	0.05753	0.02786	0.02148	0.01131	0.00992	0.00330	0.01373	0.00910	0.00569	0.01440

[dist]
# distance from previous block
# <min> <max>
0	797

# created by:
# /st0/software/busco_prod/Augustus/scripts/msa2prfl.pl ./align_prep/10128.fa
