[name]
unknown

[dist]
# distance from previous block
# <min> <max>
0	21

[block]
# block no. 0 follows, 15 sequences, length 108
# corresponding to MSA columns:
# 21-128
name=unknown_A
#
# <colnr> <probs for GDERKNQSTAVLIFYWHMCP>
#	G	D	E	R	K	N	Q	S	T	A	V	L	I	F	Y	W	H	M	C	P
0	0.02077	0.01347	0.01784	0.01820	0.02193	0.01317	0.01557	0.02732	0.07133	0.10242	0.04759	0.08959	0.04794	0.02300	0.01254	0.00408	0.00885	0.37573	0.00944	0.05922
1	0.41640	0.01996	0.02173	0.02387	0.13194	0.02162	0.01571	0.03468	0.06828	0.12904	0.02120	0.02250	0.01569	0.01004	0.00785	0.00309	0.00866	0.00733	0.00725	0.01318
2	0.65920	0.01966	0.01691	0.01732	0.06901	0.02248	0.01253	0.02942	0.01747	0.04366	0.01431	0.01694	0.01123	0.00922	0.00649	0.00307	0.00807	0.00570	0.00606	0.01123
3	0.02206	0.04676	0.49558	0.02720	0.04052	0.02401	0.03335	0.08133	0.07142	0.03532	0.02043	0.02272	0.01458	0.01005	0.00958	0.00316	0.01379	0.00786	0.00526	0.01503
4	0.09262	0.02566	0.02510	0.09908	0.03209	0.11788	0.01743	0.20479	0.06963	0.04275	0.07008	0.02756	0.02267	0.01145	0.00931	0.00282	0.01089	0.00879	0.00770	0.10169
5	0.01787	0.01462	0.01512	0.01438	0.01723	0.06376	0.01075	0.02508	0.09488	0.03714	0.34603	0.11218	0.06763	0.01851	0.01079	0.00310	0.00636	0.01599	0.09830	0.01027
6	0.01883	0.01772	0.02990	0.62569	0.06866	0.02215	0.02769	0.02547	0.01993	0.02547	0.01772	0.02658	0.01329	0.00997	0.00997	0.00332	0.01329	0.00886	0.00443	0.01107
7	0.01215	0.00868	0.01157	0.01388	0.01446	0.00810	0.00925	0.01388	0.01909	0.02545	0.05495	0.64315	0.06593	0.03123	0.01272	0.00405	0.00578	0.02834	0.00925	0.00810
8	0.01498	0.01151	0.01638	0.01598	0.01726	0.01359	0.01211	0.01775	0.01567	0.02250	0.02634	0.04248	0.02597	0.17768	0.45199	0.01376	0.07890	0.01122	0.00538	0.00855
9	0.01411	0.01019	0.01333	0.01254	0.01489	0.00941	0.00941	0.01881	0.02822	0.03998	0.58221	0.07447	0.09406	0.02038	0.01176	0.00314	0.00470	0.01803	0.01097	0.00941
10	0.02204	0.02037	0.03126	0.24063	0.24438	0.02159	0.02457	0.03087	0.09283	0.03133	0.02108	0.02630	0.01668	0.00961	0.00953	0.00289	0.01108	0.00870	0.00560	0.12864
11	0.65819	0.01907	0.01543	0.01353	0.01984	0.02166	0.01115	0.03107	0.01803	0.09509	0.01621	0.01782	0.01207	0.00954	0.00652	0.00308	0.00778	0.00582	0.00673	0.01136
12	0.02140	0.02031	0.03428	0.02674	0.03218	0.02115	0.21015	0.09431	0.02504	0.03400	0.08338	0.11651	0.10051	0.01641	0.01503	0.00354	0.11132	0.01472	0.00717	0.01183
13	0.01255	0.01001	0.01050	0.01045	0.01299	0.00876	0.00737	0.01467	0.02129	0.02618	0.12014	0.08757	0.42662	0.16366	0.02044	0.00475	0.00605	0.01937	0.00867	0.00796
14	0.01250	0.00893	0.01198	0.01429	0.01503	0.00841	0.00988	0.01450	0.01944	0.02585	0.05475	0.59452	0.06515	0.03089	0.01282	0.00410	0.00609	0.07342	0.00925	0.00820
15	0.72007	0.01928	0.01465	0.01311	0.01928	0.02236	0.01080	0.02930	0.01697	0.04473	0.01388	0.01619	0.01080	0.00925	0.00617	0.00308	0.00771	0.00540	0.00617	0.01080
16	0.01428	0.01052	0.01522	0.01522	0.01672	0.01203	0.01146	0.01729	0.01578	0.02255	0.02744	0.04322	0.02668	0.16425	0.52307	0.01503	0.02405	0.01127	0.00545	0.00846
17	0.02377	0.02259	0.03753	0.14612	0.46632	0.02353	0.02908	0.03141	0.06160	0.03212	0.02016	0.02587	0.01645	0.00939	0.00990	0.00305	0.01178	0.00905	0.00523	0.01506
18	0.01883	0.01772	0.02990	0.62569	0.06866	0.02215	0.02769	0.02547	0.01993	0.02547	0.01772	0.02658	0.01329	0.00997	0.00997	0.00332	0.01329	0.00886	0.00443	0.01107
19	0.15309	0.02199	0.02461	0.01918	0.02675	0.02281	0.01584	0.25961	0.03440	0.27865	0.02862	0.02677	0.01912	0.01167	0.00937	0.00305	0.00941	0.00882	0.01032	0.01594
20	0.02247	0.02152	0.03615	0.25110	0.37024	0.02365	0.02897	0.02837	0.02122	0.02953	0.01799	0.02512	0.01474	0.00987	0.01155	0.00318	0.05690	0.00886	0.00472	0.01383
21	0.03374	0.01929	0.02435	0.10712	0.03223	0.02024	0.01720	0.07911	0.21286	0.28942	0.03563	0.03334	0.02449	0.01238	0.01005	0.00321	0.00914	0.01021	0.01029	0.01571
22	0.03519	0.04321	0.02731	0.02479	0.03001	0.51328	0.01869	0.04198	0.11741	0.02725	0.01956	0.02114	0.01574	0.01081	0.00918	0.00270	0.01632	0.00722	0.00596	0.01225
23	0.02353	0.02689	0.05882	0.04202	0.05210	0.02521	0.55126	0.03193	0.02353	0.03193	0.02017	0.02689	0.01513	0.00840	0.01176	0.00336	0.01681	0.01176	0.00504	0.01345
24	0.01898	0.01955	0.06873	0.02630	0.07881	0.01898	0.10377	0.02721	0.08914	0.02945	0.05820	0.03518	0.02560	0.03825	0.26263	0.00866	0.06196	0.01083	0.00605	0.01173
25	0.03335	0.04657	0.12996	0.02583	0.03271	0.46711	0.02219	0.03917	0.06162	0.02679	0.01747	0.01976	0.01393	0.01034	0.00915	0.00273	0.01675	0.00690	0.00529	0.01240
26	0.02316	0.02406	0.03033	0.02613	0.02658	0.08122	0.02159	0.02538	0.01640	0.02403	0.01329	0.02147	0.01306	0.01682	0.03064	0.00421	0.57771	0.00852	0.00443	0.01096
27	0.02480	0.02141	0.02254	0.02029	0.02592	0.02480	0.01578	0.05297	0.56946	0.04170	0.04057	0.03719	0.03043	0.01352	0.01014	0.00338	0.00789	0.01127	0.01014	0.01578
28	0.04146	0.02220	0.02638	0.02022	0.02806	0.02243	0.01671	0.29030	0.03730	0.34027	0.03197	0.02915	0.02098	0.01216	0.01000	0.00304	0.00967	0.00952	0.01121	0.01696
29	0.01215	0.00868	0.01157	0.01388	0.01446	0.00810	0.00925	0.01388	0.01909	0.02545	0.05495	0.64315	0.06593	0.03123	0.01272	0.00405	0.00578	0.02834	0.00925	0.00810
30	0.01223	0.00956	0.01109	0.01187	0.01403	0.00842	0.00846	0.01473	0.02204	0.02806	0.14613	0.30361	0.32046	0.02691	0.01214	0.00360	0.00529	0.02345	0.00948	0.00842
31	0.02417	0.02349	0.04105	0.10039	0.51100	0.02369	0.06845	0.03032	0.02256	0.03201	0.01878	0.02497	0.01556	0.00893	0.01001	0.00302	0.01231	0.00909	0.00491	0.01528
32	0.01232	0.00963	0.01117	0.01182	0.01406	0.00848	0.00847	0.01496	0.02245	0.02873	0.17038	0.27868	0.32049	0.02643	0.01210	0.00356	0.00524	0.02300	0.00956	0.00848
33	0.02471	0.36504	0.27286	0.02232	0.03312	0.07450	0.02528	0.03128	0.02116	0.02683	0.01561	0.01820	0.01273	0.00904	0.00784	0.00258	0.01286	0.00624	0.00431	0.01349
34	0.57362	0.02533	0.01757	0.01581	0.02175	0.14832	0.01261	0.03156	0.01939	0.04037	0.01421	0.01658	0.01123	0.00947	0.00677	0.00297	0.00991	0.00562	0.00595	0.01096
35	0.01411	0.01019	0.01333	0.01254	0.01489	0.00941	0.00941	0.01881	0.02822	0.03998	0.58221	0.07447	0.09406	0.02038	0.01176	0.00314	0.00470	0.01803	0.01097	0.00941
36	0.03815	0.03067	0.02655	0.02166	0.02865	0.22670	0.01718	0.18072	0.03272	0.20187	0.02491	0.02449	0.01758	0.01108	0.00942	0.00274	0.01238	0.00812	0.00862	0.07579
37	0.02984	0.19603	0.03317	0.02033	0.02756	0.03090	0.01722	0.22033	0.23918	0.04406	0.02755	0.02684	0.02097	0.01163	0.00907	0.00291	0.00971	0.00886	0.00849	0.01537
38	0.02812	0.02313	0.03754	0.05305	0.47795	0.02304	0.02777	0.06906	0.02511	0.10568	0.02171	0.02579	0.01699	0.00953	0.00990	0.00298	0.01136	0.00903	0.00622	0.01602
39	0.08930	0.07084	0.07062	0.03298	0.19906	0.02386	0.05293	0.10704	0.06006	0.03788	0.01992	0.02306	0.01577	0.00935	0.00891	0.00269	0.01061	0.00796	0.00621	0.15093
40	0.02532	0.08690	0.40589	0.02614	0.03861	0.02639	0.03061	0.17349	0.02801	0.03950	0.01925	0.02148	0.01382	0.01008	0.00939	0.00304	0.01343	0.00766	0.00578	0.01520
41	0.02518	0.01863	0.02076	0.01860	0.02376	0.02052	0.01443	0.04564	0.39831	0.11051	0.10502	0.08403	0.03968	0.01543	0.01050	0.00336	0.00744	0.01311	0.01046	0.01464
42	0.03206	0.21259	0.14978	0.02069	0.02998	0.02683	0.02062	0.11914	0.06225	0.19412	0.02519	0.02471	0.01791	0.01066	0.00885	0.00283	0.01074	0.00803	0.00781	0.01521
43	0.01512	0.00944	0.01134	0.01134	0.01134	0.00944	0.00662	0.01416	0.01416	0.01888	0.02829	0.05751	0.03206	0.51368	0.04814	0.16449	0.00944	0.01321	0.00566	0.00566
44	0.01424	0.01068	0.01602	0.01602	0.01780	0.01246	0.01246	0.01780	0.01602	0.02314	0.02670	0.03916	0.02492	0.07477	0.61015	0.01602	0.02670	0.01068	0.00534	0.00890
45	0.05857	0.01012	0.01291	0.01449	0.01603	0.00971	0.01032	0.01769	0.01992	0.06363	0.05119	0.51641	0.05907	0.02831	0.01224	0.00398	0.00639	0.07082	0.00925	0.00893
46	0.72007	0.01928	0.01465	0.01311	0.01928	0.02236	0.01080	0.02930	0.01697	0.04473	0.01388	0.01619	0.01080	0.00925	0.00617	0.00308	0.00771	0.00540	0.00617	0.01080
47	0.02467	0.02369	0.04046	0.06119	0.58747	0.02369	0.03059	0.03059	0.02270	0.03257	0.01875	0.02467	0.01579	0.00888	0.00987	0.00296	0.01184	0.00888	0.00493	0.01579
48	0.02125	0.02019	0.03427	0.39198	0.28345	0.02279	0.02889	0.02759	0.02108	0.02841	0.01815	0.02579	0.01432	0.00952	0.00993	0.00317	0.01269	0.00887	0.00464	0.01303
49	0.01199	0.00930	0.01093	0.01223	0.01402	0.00824	0.00852	0.01407	0.02067	0.02610	0.07506	0.40409	0.29201	0.02862	0.01231	0.00375	0.00546	0.02515	0.00926	0.00824
50	0.03581	0.01435	0.01842	0.01486	0.02073	0.01282	0.01203	0.03994	0.02593	0.40443	0.03701	0.03503	0.02498	0.01209	0.00898	0.00282	0.00717	0.00978	0.24846	0.01435
51	0.01424	0.01068	0.01602	0.01602	0.01780	0.01246	0.01246	0.01780	0.01602	0.02314	0.02670	0.03916	0.02492	0.07477	0.61015	0.01602	0.02670	0.01068	0.00534	0.00890
52	0.01326	0.01016	0.01215	0.01165	0.01437	0.00905	0.00874	0.01717	0.02622	0.03523	0.40716	0.08228	0.27207	0.02215	0.01177	0.00322	0.00483	0.01912	0.01035	0.00905
53	0.01424	0.01068	0.01602	0.01602	0.01780	0.01246	0.01246	0.01780	0.01602	0.02314	0.02670	0.03916	0.02492	0.07477	0.61015	0.01602	0.02670	0.01068	0.00534	0.00890
54	0.02426	0.02326	0.03972	0.10113	0.55076	0.02358	0.03039	0.03023	0.02250	0.03207	0.01868	0.02481	0.01561	0.00896	0.00988	0.00299	0.01195	0.00888	0.00490	0.01546
55	0.04473	0.01697	0.02313	0.01774	0.02545	0.01465	0.01465	0.04858	0.02853	0.59437	0.03933	0.03393	0.02468	0.01234	0.01003	0.00308	0.00848	0.01003	0.01234	0.01697
56	0.02385	0.02284	0.03708	0.05139	0.44696	0.02382	0.02748	0.02905	0.02134	0.03120	0.01776	0.02385	0.01527	0.01010	0.01326	0.00305	0.10950	0.00858	0.00493	0.07868
57	0.02551	0.02292	0.02287	0.02060	0.02621	0.05859	0.01598	0.05221	0.53819	0.04070	0.03912	0.03608	0.02941	0.01334	0.01008	0.00333	0.00847	0.01099	0.00985	0.01554
58	0.02178	0.03437	0.27388	0.04388	0.31563	0.02232	0.03167	0.02978	0.02174	0.03163	0.02103	0.06836	0.01812	0.01077	0.00991	0.00312	0.01262	0.00966	0.00494	0.01478
59	0.02467	0.02369	0.04046	0.06119	0.58747	0.02369	0.03059	0.03059	0.02270	0.03257	0.01875	0.02467	0.01579	0.00888	0.00987	0.00296	0.01184	0.00888	0.00493	0.01579
60	0.02401	0.02554	0.05107	0.05011	0.27818	0.02457	0.33138	0.03137	0.02318	0.03220	0.01957	0.02595	0.01541	0.00861	0.01096	0.00319	0.01471	0.01055	0.00500	0.01444
61	0.72007	0.01928	0.01465	0.01311	0.01928	0.02236	0.01080	0.02930	0.01697	0.04473	0.01388	0.01619	0.01080	0.00925	0.00617	0.00308	0.00771	0.00540	0.00617	0.01080
62	0.02917	0.02359	0.02501	0.02117	0.02759	0.02684	0.01684	0.22044	0.39486	0.04876	0.03502	0.03276	0.02593	0.01300	0.01009	0.00325	0.00892	0.01050	0.01009	0.01617
63	0.02467	0.01961	0.03042	0.03934	0.30197	0.02037	0.02237	0.03118	0.06087	0.10383	0.10481	0.03473	0.02971	0.01684	0.05545	0.00410	0.06794	0.01064	0.00709	0.01407
64	0.01422	0.01005	0.01324	0.01340	0.01424	0.01081	0.00916	0.01594	0.01551	0.02148	0.03096	0.09439	0.03325	0.34716	0.29982	0.01213	0.01706	0.01376	0.00595	0.00747
65	0.01883	0.01772	0.02990	0.62569	0.06866	0.02215	0.02769	0.02547	0.01993	0.02547	0.01772	0.02658	0.01329	0.00997	0.00997	0.00332	0.01329	0.00886	0.00443	0.01107
66	0.02094	0.01431	0.01628	0.01484	0.01869	0.01500	0.01142	0.03358	0.21113	0.07982	0.23700	0.05060	0.05223	0.01553	0.01002	0.00304	0.00605	0.01322	0.16422	0.01210
67	0.01777	0.01391	0.01513	0.01415	0.01824	0.01346	0.01137	0.12346	0.02759	0.03463	0.07694	0.08449	0.37585	0.02300	0.01178	0.00351	0.00697	0.10808	0.00939	0.01026
68	0.01732	0.00866	0.01299	0.01299	0.01299	0.00866	0.00866	0.01299	0.01299	0.01732	0.01732	0.03030	0.01732	0.03463	0.03896	0.70996	0.00866	0.00866	0.00433	0.00433
69	0.72007	0.01928	0.01465	0.01311	0.01928	0.02236	0.01080	0.02930	0.01697	0.04473	0.01388	0.01619	0.01080	0.00925	0.00617	0.00308	0.00771	0.00540	0.00617	0.01080
70	0.02242	0.02139	0.03640	0.27832	0.38792	0.02309	0.02948	0.02862	0.02164	0.02984	0.01835	0.02541	0.01483	0.00930	0.00991	0.00310	0.01240	0.00887	0.00474	0.01398
71	0.01411	0.01019	0.01333	0.01254	0.01489	0.00941	0.00941	0.01881	0.02822	0.03998	0.58221	0.07447	0.09406	0.02038	0.01176	0.00314	0.00470	0.01803	0.01097	0.00941
72	0.02170	0.01788	0.02024	0.01960	0.02405	0.02007	0.01588	0.04150	0.37538	0.03749	0.04491	0.06392	0.04000	0.01850	0.01143	0.00381	0.00835	0.19206	0.00980	0.01344
73	0.01883	0.01772	0.02990	0.62569	0.06866	0.02215	0.02769	0.02547	0.01993	0.02547	0.01772	0.02658	0.01329	0.00997	0.00997	0.00332	0.01329	0.00886	0.00443	0.01107
74	0.04029	0.01789	0.02323	0.01763	0.02555	0.01562	0.01450	0.08171	0.02859	0.46361	0.03467	0.03103	0.02249	0.01150	0.00959	0.00281	0.00848	0.00927	0.01111	0.13041
75	0.02181	0.02181	0.03053	0.02617	0.02617	0.03053	0.02181	0.02399	0.01527	0.02399	0.01309	0.02181	0.01309	0.01745	0.03272	0.00436	0.63141	0.00872	0.00436	0.01091
76	0.72007	0.01928	0.01465	0.01311	0.01928	0.02236	0.01080	0.02930	0.01697	0.04473	0.01388	0.01619	0.01080	0.00925	0.00617	0.00308	0.00771	0.00540	0.00617	0.01080
77	0.09628	0.02938	0.02594	0.02154	0.02827	0.15560	0.01712	0.24872	0.15265	0.04610	0.02437	0.02460	0.01829	0.01139	0.00928	0.00289	0.01132	0.00839	0.00833	0.05955
78	0.07444	0.01943	0.02096	0.01773	0.02308	0.02109	0.01409	0.20955	0.15660	0.04763	0.19638	0.04606	0.07998	0.01549	0.01039	0.00315	0.00780	0.01271	0.00999	0.01346
79	0.72007	0.01928	0.01465	0.01311	0.01928	0.02236	0.01080	0.02930	0.01697	0.04473	0.01388	0.01619	0.01080	0.00925	0.00617	0.00308	0.00771	0.00540	0.00617	0.01080
80	0.01944	0.01397	0.01673	0.01518	0.01888	0.01429	0.01165	0.03096	0.18682	0.08036	0.38447	0.06063	0.07043	0.01779	0.01116	0.00320	0.00591	0.01547	0.01083	0.01182
81	0.01395	0.01018	0.01311	0.01238	0.01480	0.00934	0.00928	0.01851	0.02785	0.03911	0.55017	0.07590	0.12664	0.02070	0.01176	0.00315	0.00473	0.01823	0.01086	0.00934
82	0.02012	0.01904	0.03224	0.50089	0.18336	0.02249	0.02833	0.02660	0.02054	0.02704	0.01795	0.02616	0.01384	0.00973	0.00995	0.00324	0.01297	0.00886	0.00454	0.01212
83	0.04424	0.01774	0.02361	0.01810	0.02584	0.01580	0.01496	0.08436	0.02983	0.55676	0.03824	0.03322	0.02413	0.01231	0.01002	0.00308	0.00866	0.00995	0.01217	0.01696
84	0.02457	0.02397	0.04207	0.05951	0.54061	0.02382	0.07617	0.03071	0.02277	0.03251	0.01888	0.02487	0.01573	0.00884	0.01004	0.00300	0.01228	0.00913	0.00494	0.01559
85	0.01450	0.00966	0.01087	0.01087	0.01087	0.00966	0.00604	0.01450	0.01450	0.01933	0.03141	0.06524	0.03624	0.64965	0.05074	0.00966	0.00966	0.01450	0.00604	0.00604
86	0.02728	0.02138	0.03343	0.12488	0.26089	0.02206	0.05888	0.09396	0.05445	0.11527	0.02599	0.07147	0.02117	0.01171	0.01026	0.00316	0.01116	0.01077	0.00710	0.01471
87	0.02901	0.02499	0.03593	0.04484	0.34509	0.02680	0.02578	0.21183	0.03044	0.04232	0.02006	0.02417	0.01596	0.01070	0.01190	0.00309	0.06577	0.00890	0.00663	0.01577
88	0.03529	0.04426	0.02854	0.02574	0.03023	0.53643	0.01958	0.03781	0.02661	0.02435	0.01512	0.01846	0.01287	0.01118	0.01199	0.00279	0.09552	0.00671	0.00504	0.01147
89	0.01215	0.00868	0.01157	0.01388	0.01446	0.00810	0.00925	0.01388	0.01909	0.02545	0.05495	0.64315	0.06593	0.03123	0.01272	0.00405	0.00578	0.02834	0.00925	0.00810
90	0.02067	0.01772	0.02067	0.01477	0.02362	0.01329	0.01181	0.02510	0.02067	0.03248	0.01772	0.02067	0.01477	0.00738	0.00738	0.00148	0.00738	0.00591	0.00591	0.71059
91	0.02428	0.01896	0.02199	0.01598	0.02466	0.01560	0.01288	0.09339	0.02445	0.06982	0.01979	0.02187	0.01563	0.00826	0.00787	0.00176	0.00790	0.00654	0.00680	0.58156
92	0.02897	0.02288	0.02311	0.02132	0.06401	0.09431	0.01564	0.18403	0.07908	0.11289	0.04853	0.04680	0.18452	0.01561	0.01039	0.00309	0.00959	0.01252	0.00912	0.01359
93	0.03941	0.02549	0.02841	0.02178	0.02970	0.02730	0.01799	0.44185	0.04280	0.18095	0.02736	0.02616	0.01867	0.01205	0.00998	0.00301	0.01042	0.00921	0.01050	0.01696
94	0.01248	0.00965	0.01150	0.01280	0.01481	0.00866	0.00939	0.01493	0.02116	0.02665	0.07475	0.33710	0.29056	0.02815	0.01245	0.00382	0.00589	0.08762	0.00925	0.00837
95	0.72007	0.01928	0.01465	0.01311	0.01928	0.02236	0.01080	0.02930	0.01697	0.04473	0.01388	0.01619	0.01080	0.00925	0.00617	0.00308	0.00771	0.00540	0.00617	0.01080
96	0.47175	0.02017	0.01883	0.01563	0.02240	0.02211	0.01289	0.11635	0.02410	0.16186	0.02076	0.02111	0.01466	0.01032	0.00757	0.00307	0.00839	0.00693	0.00805	0.01305
97	0.02982	0.02286	0.03345	0.04253	0.33238	0.02343	0.02412	0.11159	0.10978	0.12898	0.02611	0.02796	0.01961	0.01058	0.00995	0.00305	0.01058	0.00944	0.00764	0.01614
98	0.01346	0.01016	0.01243	0.01186	0.01450	0.00913	0.00890	0.01756	0.02669	0.03634	0.44818	0.08045	0.23036	0.02174	0.01176	0.00320	0.00480	0.01887	0.01050	0.00913
99	0.01883	0.01772	0.02990	0.62569	0.06866	0.02215	0.02769	0.02547	0.01993	0.02547	0.01772	0.02658	0.01329	0.00997	0.00997	0.00332	0.01329	0.00886	0.00443	0.01107
100	0.01563	0.00988	0.01195	0.01143	0.01378	0.00937	0.00858	0.02032	0.02573	0.03902	0.39482	0.06175	0.07071	0.01739	0.01013	0.00286	0.00468	0.01505	0.24756	0.00937
101	0.01595	0.01134	0.01568	0.01781	0.01994	0.01134	0.01533	0.02020	0.02233	0.02907	0.05122	0.10900	0.05583	0.07303	0.01647	0.00496	0.00922	0.48338	0.00895	0.00895
102	0.01295	0.00925	0.01249	0.01480	0.01573	0.00879	0.01065	0.01527	0.01988	0.02635	0.05450	0.53453	0.06418	0.03048	0.01294	0.00416	0.00648	0.12904	0.00924	0.00832
103	0.01424	0.01068	0.01602	0.01602	0.01780	0.01246	0.01246	0.01780	0.01602	0.02314	0.02670	0.03916	0.02492	0.07477	0.61015	0.01602	0.02670	0.01068	0.00534	0.00890
104	0.02067	0.01772	0.02067	0.01477	0.02362	0.01329	0.01181	0.02510	0.02067	0.03248	0.01772	0.02067	0.01477	0.00738	0.00738	0.00148	0.00738	0.00591	0.00591	0.71059
105	0.03790	0.02792	0.02992	0.02294	0.03091	0.03091	0.01895	0.55423	0.04687	0.06283	0.02393	0.02393	0.01695	0.01197	0.00997	0.00299	0.01097	0.00898	0.00997	0.01695
106	0.02515	0.02652	0.02945	0.42097	0.05577	0.18241	0.02479	0.06592	0.02406	0.02776	0.01752	0.02406	0.01342	0.01019	0.00970	0.00309	0.01440	0.00820	0.00500	0.01161
107	0.01452	0.01132	0.01280	0.01200	0.01524	0.01034	0.00912	0.05218	0.02668	0.03490	0.30172	0.08196	0.33636	0.02228	0.01165	0.00324	0.00530	0.01895	0.01004	0.00941

[dist]
# distance from previous block
# <min> <max>
0	437

# created by:
# /st0/software/busco_prod/Augustus/scripts/msa2prfl.pl ./align_prep/10156.fa
