[name]
unknown

[dist]
# distance from previous block
# <min> <max>
23	92

[block]
# block no. 0 follows, 12 sequences, length 43
# corresponding to MSA columns:
# 122-126,137-174
name=unknown_A
#
# <colnr> <probs for GDERKNQSTAVLIFYWHMCP>
#	G	D	E	R	K	N	Q	S	T	A	V	L	I	F	Y	W	H	M	C	P
0	0.02474	0.24301	0.34799	0.02619	0.03922	0.03142	0.03116	0.03584	0.06458	0.03248	0.02015	0.02263	0.01548	0.01038	0.00930	0.00310	0.01401	0.00767	0.00516	0.01550
1	0.03784	0.18645	0.03531	0.02285	0.06673	0.02609	0.01806	0.10561	0.03045	0.26119	0.03694	0.03507	0.06431	0.01318	0.01001	0.00309	0.01027	0.01030	0.00983	0.01643
2	0.02138	0.17637	0.07031	0.01862	0.02435	0.02216	0.05155	0.02523	0.02009	0.02757	0.02548	0.04041	0.02481	0.20071	0.09699	0.00694	0.01369	0.01067	0.05616	0.06650
3	0.02524	0.12931	0.26506	0.03082	0.10451	0.02783	0.02924	0.07506	0.08755	0.03712	0.02943	0.03128	0.05694	0.01218	0.01023	0.00329	0.01297	0.00973	0.00645	0.01576
4	0.02434	0.07675	0.13538	0.02654	0.03491	0.10687	0.12859	0.03049	0.02460	0.03148	0.06750	0.04012	0.06564	0.08644	0.01630	0.00405	0.01384	0.01165	0.00635	0.06815
5	0.01552	0.01218	0.01546	0.01671	0.05545	0.01114	0.01109	0.01958	0.02725	0.03670	0.32372	0.08401	0.23204	0.07220	0.01624	0.00409	0.00630	0.01970	0.01046	0.01016
6	0.02932	0.18995	0.08176	0.02585	0.03411	0.10184	0.09714	0.10878	0.06707	0.03760	0.06311	0.06429	0.02678	0.01313	0.01034	0.00315	0.01313	0.01096	0.00725	0.01445
7	0.01542	0.01105	0.01369	0.01303	0.01577	0.01011	0.00978	0.02020	0.02933	0.04131	0.43760	0.08186	0.16444	0.02236	0.01246	0.00340	0.00520	0.01948	0.06339	0.01011
8	0.03048	0.43196	0.11468	0.02242	0.03232	0.07778	0.04782	0.03541	0.02381	0.06854	0.01836	0.02050	0.01512	0.00991	0.00825	0.00266	0.01298	0.00697	0.00546	0.01454
9	0.01549	0.01063	0.01179	0.01179	0.01224	0.01040	0.00681	0.01583	0.01696	0.02216	0.04367	0.07546	0.10143	0.54468	0.05028	0.00973	0.00995	0.01673	0.00704	0.00692
10	0.12097	0.22424	0.32837	0.02488	0.03757	0.03063	0.02958	0.03360	0.02211	0.03390	0.01759	0.02057	0.01358	0.01001	0.00881	0.00310	0.01365	0.00707	0.00493	0.01485
11	0.01586	0.01057	0.01189	0.01189	0.01189	0.01057	0.00661	0.01586	0.01586	0.02114	0.03436	0.07135	0.03964	0.61681	0.05550	0.01057	0.01057	0.01586	0.00661	0.00661
12	0.02134	0.01544	0.02034	0.01769	0.02097	0.01586	0.05221	0.09703	0.02575	0.03640	0.09553	0.05829	0.04083	0.22868	0.07369	0.00703	0.01148	0.04212	0.10874	0.01058
13	0.02743	0.32923	0.12245	0.02027	0.02924	0.03297	0.02040	0.07102	0.08664	0.03487	0.02319	0.02518	0.01868	0.01093	0.00840	0.00277	0.01106	0.00789	0.10289	0.01451
14	0.02405	0.01870	0.02221	0.01621	0.02527	0.01433	0.01296	0.02887	0.02388	0.07524	0.06051	0.02812	0.02348	0.00955	0.00865	0.00188	0.00794	0.00779	0.00740	0.58297
15	0.02638	0.02729	0.05132	0.04943	0.22050	0.02693	0.27038	0.03800	0.10354	0.03682	0.02499	0.03033	0.01939	0.01024	0.01188	0.00353	0.01501	0.01171	0.00634	0.01598
16	0.02243	0.10035	0.52131	0.03011	0.04570	0.02670	0.03861	0.03438	0.02295	0.03384	0.01923	0.02259	0.01383	0.01028	0.01010	0.00337	0.01577	0.00788	0.00461	0.01595
17	0.17666	0.02716	0.13009	0.10135	0.10913	0.02232	0.02297	0.06840	0.02482	0.03886	0.03866	0.04095	0.12784	0.01420	0.01025	0.00346	0.01108	0.01136	0.00695	0.01349
18	0.02850	0.54998	0.05423	0.01988	0.02806	0.04195	0.01929	0.03186	0.02149	0.02572	0.01506	0.01827	0.01403	0.01052	0.01052	0.00263	0.08330	0.00628	0.00468	0.01374
19	0.01581	0.01074	0.01276	0.01276	0.01307	0.01104	0.00769	0.01642	0.01611	0.02179	0.03356	0.06694	0.03772	0.53398	0.13570	0.01165	0.01346	0.01521	0.00649	0.00709
20	0.02062	0.01972	0.02935	0.02577	0.02690	0.02504	0.06021	0.02343	0.01880	0.02748	0.02964	0.21210	0.03303	0.02309	0.02685	0.00457	0.35899	0.01670	0.00655	0.01118
21	0.61387	0.02487	0.01785	0.01602	0.02263	0.09162	0.01294	0.03346	0.02007	0.04620	0.01539	0.01795	0.01208	0.01026	0.00713	0.00330	0.00981	0.00604	0.00661	0.01191
22	0.01322	0.00973	0.01240	0.01454	0.01565	0.00891	0.00984	0.01525	0.02149	0.02808	0.06789	0.53155	0.14522	0.03315	0.01376	0.00431	0.00620	0.02976	0.01012	0.00891
23	0.02558	0.02448	0.04172	0.18175	0.44493	0.02554	0.03277	0.03223	0.02416	0.03392	0.02026	0.02744	0.01667	0.00998	0.01082	0.00333	0.01330	0.00971	0.00528	0.01614
24	0.04428	0.02165	0.02669	0.02094	0.02910	0.02118	0.01714	0.14566	0.10700	0.38521	0.03985	0.03544	0.02621	0.01360	0.01097	0.00340	0.00973	0.01093	0.01263	0.01837
25	0.01356	0.00976	0.01325	0.01547	0.01626	0.00944	0.01055	0.01571	0.02047	0.02753	0.05631	0.54030	0.06662	0.03999	0.08243	0.00603	0.00913	0.02863	0.00960	0.00896
26	0.01328	0.00949	0.01265	0.01518	0.01581	0.00886	0.01012	0.01518	0.02088	0.02783	0.06010	0.60969	0.07212	0.03416	0.01392	0.00443	0.00633	0.03100	0.01012	0.00886
27	0.12666	0.02807	0.03148	0.06922	0.03578	0.09881	0.08891	0.14802	0.12961	0.04415	0.02645	0.03105	0.02088	0.05736	0.01383	0.00394	0.01284	0.01026	0.00808	0.01459
28	0.17539	0.02994	0.02559	0.02199	0.02883	0.15070	0.01737	0.11898	0.17318	0.10809	0.02898	0.02837	0.02133	0.01258	0.00985	0.00332	0.01170	0.00921	0.00920	0.01542
29	0.01612	0.01125	0.01654	0.01654	0.01802	0.01273	0.01240	0.01835	0.01687	0.02397	0.02805	0.04373	0.02701	0.11991	0.44789	0.11992	0.02459	0.01169	0.00573	0.00870
30	0.02089	0.01120	0.01408	0.01435	0.01686	0.01043	0.01037	0.02426	0.02379	0.11438	0.08828	0.32489	0.05548	0.02419	0.01166	0.00367	0.00635	0.02134	0.19269	0.01083
31	0.02833	0.53056	0.05346	0.02020	0.02808	0.04163	0.01946	0.03166	0.02131	0.02574	0.01503	0.01848	0.01404	0.01084	0.01145	0.00271	0.10225	0.00640	0.00468	0.01367
32	0.59093	0.11432	0.02239	0.01501	0.02215	0.02735	0.01287	0.03214	0.01911	0.04532	0.01518	0.01768	0.01215	0.01000	0.00679	0.00321	0.00893	0.00589	0.00643	0.01215
33	0.02870	0.07740	0.12151	0.07074	0.04004	0.10865	0.11940	0.09199	0.02823	0.06739	0.02782	0.11588	0.02487	0.01444	0.01122	0.00345	0.01422	0.01275	0.00713	0.01417
34	0.02226	0.03127	0.16598	0.03563	0.04567	0.02302	0.29179	0.03088	0.02482	0.03450	0.06743	0.11556	0.03063	0.01407	0.01245	0.00371	0.01510	0.01491	0.00647	0.01384
35	0.02129	0.01218	0.01700	0.01609	0.01833	0.01272	0.01184	0.02312	0.01879	0.10568	0.03100	0.04687	0.02876	0.18340	0.29518	0.10970	0.01915	0.01218	0.00704	0.00969
36	0.08852	0.15686	0.11563	0.02273	0.03191	0.12754	0.02131	0.08060	0.02869	0.18881	0.02527	0.02526	0.01801	0.01144	0.00951	0.00306	0.01290	0.00824	0.00811	0.01562
37	0.03098	0.01673	0.01918	0.01603	0.02130	0.01677	0.01278	0.13915	0.03206	0.16580	0.09732	0.04162	0.03482	0.01414	0.00976	0.00300	0.00759	0.01144	0.29555	0.01397
38	0.03853	0.02881	0.03116	0.02370	0.03258	0.03083	0.01952	0.43736	0.04683	0.06358	0.02513	0.02563	0.01817	0.01231	0.01047	0.00302	0.01139	0.00930	0.01022	0.12148
39	0.16616	0.12840	0.28931	0.02394	0.03591	0.02638	0.02739	0.03662	0.02323	0.11695	0.02163	0.02327	0.01546	0.01064	0.00920	0.00326	0.01280	0.00773	0.00643	0.01528
40	0.01322	0.00973	0.01240	0.01454	0.01565	0.00891	0.00984	0.01525	0.02149	0.02808	0.06789	0.53155	0.14522	0.03315	0.01376	0.00431	0.00620	0.02976	0.01012	0.00891
41	0.08104	0.01328	0.01571	0.01395	0.01812	0.01267	0.01086	0.02996	0.02755	0.15347	0.24190	0.05456	0.05687	0.01656	0.01040	0.00315	0.00629	0.01387	0.20763	0.01216
42	0.02992	0.44268	0.13121	0.02183	0.03188	0.07938	0.02237	0.07405	0.02539	0.03072	0.01690	0.01924	0.01435	0.00995	0.00806	0.00262	0.01298	0.00660	0.00525	0.01460

[dist]
# distance from previous block
# <min> <max>
2	17

[block]
# block no. 1 follows, 12 sequences, length 9
# corresponding to MSA columns:
# 192-200
name=unknown_B
#
# <colnr> <probs for GDERKNQSTAVLIFYWHMCP>
#	G	D	E	R	K	N	Q	S	T	A	V	L	I	F	Y	W	H	M	C	P
0	0.11901	0.10281	0.13601	0.02219	0.03153	0.02660	0.02140	0.08694	0.14882	0.15301	0.03008	0.02922	0.02153	0.01219	0.00983	0.00333	0.01092	0.00932	0.00894	0.01631
1	0.01647	0.01280	0.01822	0.12963	0.02811	0.01309	0.01431	0.02204	0.02904	0.04054	0.43782	0.07092	0.08513	0.02000	0.01247	0.00347	0.00703	0.01770	0.01056	0.01065
2	0.56425	0.02058	0.01789	0.01536	0.02244	0.02277	0.01266	0.03629	0.02110	0.15087	0.02077	0.02161	0.01486	0.01080	0.00759	0.00337	0.00860	0.00692	0.00810	0.01316
3	0.03179	0.02743	0.02718	0.02338	0.03015	0.07106	0.01843	0.17160	0.36988	0.04998	0.03765	0.03539	0.02807	0.01409	0.01095	0.00352	0.01033	0.01128	0.01062	0.01723
4	0.01692	0.01217	0.01510	0.01417	0.01707	0.01180	0.01069	0.02439	0.07533	0.04363	0.45339	0.07418	0.09001	0.02077	0.01224	0.00338	0.00545	0.01821	0.07018	0.01091
5	0.01416	0.01062	0.01320	0.01403	0.01617	0.00965	0.01024	0.01751	0.02529	0.03353	0.22299	0.28312	0.20028	0.02852	0.01341	0.00397	0.00602	0.05712	0.01070	0.00947
6	0.02970	0.02451	0.03800	0.05212	0.38043	0.02494	0.02807	0.04079	0.12693	0.10139	0.02806	0.03098	0.02168	0.01120	0.01088	0.00335	0.01163	0.01039	0.00753	0.01743
7	0.02964	0.02020	0.02166	0.01862	0.02432	0.02211	0.01473	0.14530	0.21991	0.08803	0.03741	0.03725	0.02784	0.01363	0.00989	0.00320	0.00823	0.01096	0.23177	0.01529
8	0.24990	0.02897	0.09580	0.09492	0.04006	0.02750	0.10142	0.15832	0.02925	0.04751	0.02024	0.02388	0.01493	0.01087	0.00979	0.00344	0.01267	0.00880	0.00715	0.01460

[dist]
# distance from previous block
# <min> <max>
0	4

[block]
# block no. 2 follows, 12 sequences, length 17
# corresponding to MSA columns:
# 205-221
name=unknown_C
#
# <colnr> <probs for GDERKNQSTAVLIFYWHMCP>
#	G	D	E	R	K	N	Q	S	T	A	V	L	I	F	Y	W	H	M	C	P
0	0.02441	0.25434	0.38465	0.02674	0.04049	0.03154	0.03273	0.03387	0.02272	0.03143	0.01803	0.02109	0.01388	0.01000	0.00919	0.00306	0.01456	0.00728	0.00463	0.01537
1	0.02687	0.14379	0.37556	0.02789	0.04146	0.02988	0.03295	0.12727	0.02838	0.03974	0.02014	0.02273	0.01476	0.01072	0.00992	0.00324	0.01459	0.00804	0.00584	0.01624
2	0.02603	0.28797	0.18998	0.10131	0.03957	0.03247	0.02593	0.07267	0.02544	0.03337	0.05433	0.02580	0.02054	0.01105	0.00922	0.00298	0.01289	0.00829	0.00571	0.01446
3	0.03300	0.43323	0.04841	0.02180	0.02989	0.21947	0.01946	0.03627	0.02506	0.02600	0.01572	0.01821	0.01401	0.00996	0.00794	0.00249	0.01432	0.00623	0.00498	0.01354
4	0.02022	0.01664	0.01994	0.01534	0.02266	0.01312	0.01204	0.02517	0.02536	0.03826	0.19363	0.04219	0.04501	0.01281	0.00967	0.00222	0.00710	0.01087	0.00830	0.45946
5	0.01371	0.01054	0.01194	0.01258	0.01469	0.00943	0.00869	0.01597	0.02274	0.02882	0.12050	0.23897	0.28936	0.12791	0.02033	0.00503	0.00656	0.02377	0.00969	0.00876
6	0.44087	0.02009	0.01966	0.01632	0.02373	0.02115	0.01346	0.04032	0.02352	0.24795	0.02610	0.02532	0.01776	0.01144	0.00840	0.00337	0.00877	0.00789	0.00939	0.01446
7	0.01476	0.01112	0.01374	0.01381	0.01650	0.01010	0.01052	0.01893	0.02763	0.03706	0.32450	0.14179	0.21823	0.02574	0.01321	0.00377	0.00590	0.07177	0.01109	0.00983
8	0.02283	0.01784	0.02052	0.01981	0.02404	0.01929	0.01587	0.09126	0.19495	0.03987	0.05175	0.11551	0.08036	0.06415	0.01584	0.00462	0.00925	0.16891	0.01027	0.01307
9	0.03513	0.02524	0.02756	0.02282	0.03019	0.02793	0.01830	0.21595	0.29354	0.12419	0.03784	0.03512	0.02727	0.01402	0.01101	0.00350	0.00989	0.01126	0.01136	0.01789
10	0.02231	0.01251	0.01661	0.01514	0.01870	0.01132	0.01149	0.02681	0.02956	0.15141	0.36918	0.14487	0.08237	0.02204	0.01260	0.00356	0.00619	0.01940	0.01206	0.01186
11	0.01476	0.01060	0.01352	0.01475	0.01620	0.01002	0.01056	0.01753	0.02297	0.03068	0.15377	0.29791	0.11181	0.12848	0.02078	0.00529	0.00731	0.09419	0.00989	0.00897
12	0.03735	0.03821	0.02986	0.02469	0.03217	0.27908	0.01932	0.19874	0.03612	0.04266	0.02051	0.02245	0.01599	0.01123	0.00984	0.00273	0.01475	0.00785	0.00757	0.14889
13	0.01755	0.01290	0.01516	0.01616	0.01837	0.01338	0.01147	0.02676	0.14202	0.03383	0.05297	0.39581	0.05678	0.02659	0.01238	0.00399	0.00670	0.02368	0.10247	0.01103
14	0.07653	0.07762	0.04164	0.06123	0.04053	0.02819	0.16330	0.18378	0.03363	0.14645	0.02623	0.02815	0.01856	0.01139	0.01090	0.00336	0.01324	0.01034	0.00868	0.01624
15	0.02425	0.01965	0.03009	0.34100	0.09804	0.02289	0.02537	0.03445	0.10129	0.08028	0.02665	0.03296	0.02024	0.01944	0.07278	0.00511	0.01460	0.01044	0.00678	0.01370
16	0.13563	0.01850	0.02464	0.10903	0.03199	0.02256	0.01945	0.02806	0.02035	0.07659	0.02638	0.04187	0.02403	0.02862	0.11872	0.00657	0.17461	0.07378	0.00678	0.01185

[dist]
# distance from previous block
# <min> <max>
0	4

[block]
# block no. 3 follows, 12 sequences, length 18
# corresponding to MSA columns:
# 226-243
name=unknown_D
#
# <colnr> <probs for GDERKNQSTAVLIFYWHMCP>
#	G	D	E	R	K	N	Q	S	T	A	V	L	I	F	Y	W	H	M	C	P
0	0.02769	0.02652	0.14838	0.02335	0.03101	0.01888	0.06474	0.07675	0.02640	0.14935	0.03562	0.10204	0.03213	0.12289	0.01955	0.00494	0.01194	0.05540	0.00862	0.01380
1	0.09671	0.02742	0.08418	0.04680	0.31789	0.02482	0.02791	0.08114	0.02756	0.12576	0.02414	0.02731	0.01814	0.01075	0.01040	0.00330	0.01210	0.00941	0.00730	0.01696
2	0.02277	0.01282	0.01605	0.01404	0.01758	0.01150	0.01020	0.02367	0.01984	0.08163	0.02664	0.03662	0.02315	0.07993	0.02536	0.24848	0.00828	0.00974	0.15487	0.15684
3	0.01531	0.01136	0.01435	0.01474	0.01709	0.01028	0.01065	0.01847	0.02373	0.03243	0.17573	0.29002	0.10763	0.08075	0.01689	0.00446	0.00687	0.06422	0.00990	0.07513
4	0.08769	0.02512	0.04326	0.09177	0.29670	0.02489	0.13999	0.03264	0.02400	0.03610	0.02018	0.02641	0.01627	0.00956	0.01064	0.00322	0.01343	0.00977	0.00561	0.08275
5	0.09146	0.12774	0.30671	0.03139	0.04429	0.02838	0.15373	0.03411	0.02314	0.03480	0.01913	0.02332	0.01433	0.00989	0.01015	0.00334	0.01528	0.00874	0.00506	0.01502
6	0.01478	0.01168	0.01345	0.01389	0.01661	0.01092	0.01006	0.02025	0.07049	0.03302	0.16761	0.25873	0.26338	0.02760	0.01305	0.00388	0.00600	0.02403	0.01056	0.01002
7	0.02148	0.01942	0.03089	0.23669	0.20381	0.02165	0.02527	0.02709	0.02264	0.03131	0.03240	0.08576	0.06953	0.01481	0.01294	0.00358	0.05594	0.01277	0.05901	0.01301
8	0.03117	0.12844	0.13135	0.03098	0.10872	0.02573	0.07271	0.08070	0.02763	0.15110	0.02898	0.08411	0.02367	0.01325	0.01065	0.00332	0.01229	0.01146	0.00791	0.01584
9	0.01814	0.01431	0.01845	0.01746	0.01875	0.01684	0.01277	0.02294	0.06815	0.02582	0.03048	0.05111	0.03082	0.28011	0.22525	0.01136	0.10807	0.01309	0.00651	0.00958
10	0.01322	0.00974	0.01239	0.01451	0.01564	0.00891	0.00982	0.01526	0.02152	0.02810	0.06830	0.52750	0.14902	0.03309	0.01375	0.00431	0.00620	0.02970	0.01012	0.00891
11	0.02208	0.01601	0.02294	0.07855	0.11452	0.01617	0.01744	0.06831	0.02605	0.07954	0.08216	0.31400	0.05107	0.02325	0.01250	0.00388	0.00889	0.02089	0.00934	0.01241
12	0.13219	0.08196	0.03382	0.03300	0.16682	0.06974	0.02159	0.13011	0.03066	0.16050	0.02515	0.02633	0.01838	0.01136	0.00984	0.00318	0.01169	0.00890	0.00843	0.01635
13	0.03085	0.02605	0.03509	0.14326	0.19415	0.07607	0.02629	0.07824	0.02657	0.10806	0.02248	0.02747	0.01739	0.01270	0.01553	0.00359	0.12459	0.00962	0.00684	0.01517
14	0.02585	0.01213	0.01410	0.01269	0.01652	0.01146	0.00984	0.03075	0.02584	0.15350	0.11038	0.04576	0.03855	0.01426	0.00911	0.00285	0.00601	0.01172	0.43669	0.01201
15	0.11847	0.02185	0.02991	0.02853	0.12829	0.01939	0.06524	0.02998	0.02277	0.03738	0.01927	0.02342	0.01579	0.00879	0.00888	0.00238	0.01007	0.00763	0.00620	0.39578
16	0.07775	0.38897	0.04870	0.03031	0.15593	0.03559	0.02163	0.03429	0.02321	0.06823	0.01850	0.02127	0.01559	0.00978	0.00820	0.00271	0.01158	0.00717	0.00563	0.01498
17	0.02976	0.19257	0.16888	0.03297	0.15773	0.02765	0.02637	0.03646	0.02466	0.12507	0.02379	0.02613	0.01795	0.01063	0.00948	0.00302	0.01222	0.00851	0.05029	0.01586

[dist]
# distance from previous block
# <min> <max>
5	51

[block]
# block no. 4 follows, 12 sequences, length 36
# corresponding to MSA columns:
# 295-330
name=unknown_E
#
# <colnr> <probs for GDERKNQSTAVLIFYWHMCP>
#	G	D	E	R	K	N	Q	S	T	A	V	L	I	F	Y	W	H	M	C	P
0	0.07500	0.08796	0.12118	0.04426	0.26363	0.02720	0.06566	0.07034	0.02644	0.08454	0.02204	0.02587	0.01696	0.01035	0.01027	0.00324	0.01302	0.00919	0.00644	0.01641
1	0.03753	0.01597	0.02132	0.01745	0.02388	0.01393	0.01396	0.04157	0.02971	0.38553	0.12843	0.10103	0.08516	0.01788	0.01168	0.00350	0.00806	0.01512	0.01268	0.01563
2	0.01496	0.00963	0.01291	0.01451	0.01490	0.00923	0.00949	0.01504	0.01863	0.02484	0.04694	0.40122	0.05522	0.11430	0.02630	0.16436	0.00764	0.02389	0.00838	0.00758
3	0.09773	0.08454	0.10620	0.02396	0.03275	0.16527	0.02159	0.14199	0.03235	0.15544	0.02470	0.02502	0.01762	0.01175	0.00988	0.00314	0.01358	0.00843	0.00836	0.01573
4	0.08012	0.16275	0.12496	0.02484	0.03501	0.02598	0.09541	0.04129	0.02615	0.23809	0.02785	0.02791	0.01930	0.01116	0.00998	0.00320	0.01226	0.00928	0.00839	0.01609
5	0.03408	0.07554	0.07795	0.02509	0.08025	0.06158	0.01992	0.07230	0.02805	0.19324	0.02658	0.02706	0.01915	0.01076	0.00965	0.00273	0.01105	0.00850	0.00842	0.20809
6	0.43366	0.10687	0.02606	0.02083	0.07417	0.02594	0.01554	0.03558	0.02166	0.12385	0.02006	0.02162	0.01503	0.01050	0.00784	0.00321	0.00946	0.00706	0.00738	0.01371
7	0.02425	0.01953	0.02095	0.01910	0.02416	0.02196	0.01475	0.04722	0.37588	0.04460	0.12437	0.04732	0.04386	0.01572	0.01089	0.00349	0.00756	0.01322	0.10605	0.01511
8	0.45966	0.02017	0.01939	0.01618	0.02354	0.02140	0.01334	0.03971	0.02315	0.23317	0.02529	0.02476	0.01732	0.01135	0.00828	0.00337	0.00874	0.00774	0.00920	0.01426
9	0.01328	0.00949	0.01265	0.01518	0.01581	0.00886	0.01012	0.01518	0.02088	0.02783	0.06010	0.60969	0.07212	0.03416	0.01392	0.00443	0.00633	0.03100	0.01012	0.00886
10	0.01368	0.01028	0.01269	0.01376	0.01564	0.00928	0.00968	0.01657	0.02425	0.03198	0.18644	0.35474	0.20195	0.02968	0.01340	0.00400	0.00584	0.02628	0.01056	0.00928
11	0.01364	0.01092	0.01220	0.01220	0.01527	0.00948	0.00903	0.01700	0.02617	0.03333	0.22793	0.14711	0.37383	0.02674	0.01298	0.00368	0.00549	0.02285	0.01066	0.00948
12	0.03902	0.04117	0.03058	0.02631	0.03298	0.32582	0.02042	0.19300	0.10820	0.04259	0.02370	0.02470	0.01820	0.01232	0.01035	0.00308	0.01568	0.00866	0.00806	0.01515
13	0.02187	0.05640	0.56031	0.03108	0.04719	0.02532	0.04029	0.03453	0.02302	0.03453	0.01957	0.02302	0.01381	0.01036	0.01036	0.00345	0.01611	0.00806	0.00460	0.01611
14	0.02059	0.01938	0.03270	0.59060	0.07510	0.02422	0.03028	0.02786	0.02180	0.02786	0.01938	0.02907	0.01453	0.01090	0.01090	0.00363	0.01453	0.00969	0.00484	0.01211
15	0.01357	0.01000	0.01271	0.01430	0.01572	0.00914	0.00986	0.01613	0.02313	0.03068	0.14667	0.44452	0.15114	0.03120	0.01358	0.00415	0.00601	0.02791	0.01043	0.00914
16	0.01352	0.01107	0.01193	0.01171	0.01512	0.00948	0.00878	0.01688	0.02635	0.03302	0.21845	0.09907	0.43415	0.02629	0.01288	0.00362	0.00543	0.02219	0.01059	0.00948
17	0.04073	0.05197	0.03090	0.02809	0.03371	0.57303	0.02107	0.04354	0.03090	0.02669	0.01685	0.01966	0.01404	0.01124	0.00983	0.00281	0.01966	0.00702	0.00562	0.01264
18	0.01989	0.01212	0.01372	0.01278	0.01580	0.01201	0.00973	0.06043	0.02836	0.04406	0.24615	0.05654	0.05843	0.01672	0.01005	0.00297	0.00563	0.01412	0.34963	0.01085
19	0.02261	0.01938	0.02261	0.01615	0.02584	0.01453	0.01292	0.02745	0.02261	0.03553	0.01938	0.02261	0.01615	0.00807	0.00807	0.00161	0.00807	0.00646	0.00646	0.68346
20	0.02766	0.02344	0.04037	0.02902	0.03909	0.02018	0.22000	0.03422	0.02513	0.10939	0.02386	0.02751	0.01786	0.00931	0.01048	0.00272	0.01254	0.00977	0.00707	0.31039
21	0.02492	0.19207	0.28833	0.03370	0.07993	0.03037	0.13639	0.03406	0.02352	0.03244	0.01906	0.02329	0.01470	0.00980	0.01008	0.00320	0.01526	0.00866	0.00487	0.01535
22	0.02139	0.01357	0.01671	0.01638	0.01970	0.01319	0.01206	0.02891	0.10710	0.11598	0.12846	0.30325	0.10877	0.02544	0.01274	0.00393	0.00692	0.02244	0.01108	0.01198
23	0.21237	0.01920	0.02295	0.01812	0.02612	0.01816	0.01496	0.04779	0.02800	0.42774	0.03596	0.03220	0.02314	0.01264	0.00990	0.00337	0.00906	0.00968	0.01179	0.01685
24	0.09081	0.03143	0.15332	0.02587	0.03682	0.02317	0.10533	0.10583	0.02728	0.04163	0.02053	0.02395	0.01563	0.00976	0.00973	0.00281	0.01232	0.00839	0.00659	0.24879
25	0.02159	0.01821	0.02147	0.01580	0.02448	0.01393	0.01255	0.02648	0.02378	0.03670	0.09390	0.03098	0.02849	0.01010	0.00876	0.00187	0.00766	0.00835	0.00725	0.58766
26	0.01328	0.00949	0.01265	0.01518	0.01581	0.00886	0.01012	0.01518	0.02088	0.02783	0.06010	0.60969	0.07212	0.03416	0.01392	0.00443	0.00633	0.03100	0.01012	0.00886
27	0.01911	0.01829	0.03305	0.02651	0.03253	0.01700	0.19930	0.02515	0.02622	0.03450	0.13672	0.07638	0.17394	0.02032	0.01332	0.00392	0.01124	0.11219	0.00868	0.01163
28	0.07740	0.08039	0.16465	0.04005	0.16296	0.07706	0.12875	0.03416	0.02380	0.03392	0.01897	0.02424	0.01513	0.01066	0.01248	0.00341	0.06262	0.00915	0.00525	0.01496
29	0.17864	0.01822	0.01992	0.01799	0.02249	0.01989	0.01444	0.10039	0.02622	0.08232	0.04379	0.10489	0.10442	0.06199	0.01663	0.00436	0.06573	0.07654	0.00897	0.01216
30	0.01869	0.01104	0.01475	0.01555	0.01760	0.01010	0.01099	0.02143	0.02391	0.10554	0.13336	0.44542	0.07052	0.02936	0.01333	0.00412	0.00656	0.02638	0.01090	0.01046
31	0.01570	0.01077	0.01321	0.01391	0.01449	0.01083	0.00914	0.01695	0.01796	0.02398	0.04080	0.15280	0.04645	0.41293	0.08391	0.00948	0.01133	0.08021	0.00752	0.00763
32	0.12930	0.41403	0.15489	0.02056	0.03090	0.03660	0.02208	0.03295	0.02178	0.03105	0.01607	0.01867	0.01362	0.00966	0.00765	0.00272	0.01209	0.00630	0.00497	0.01410
33	0.02291	0.13708	0.48871	0.02931	0.04446	0.02786	0.03721	0.03426	0.02290	0.03327	0.01894	0.02223	0.01384	0.01021	0.00988	0.00329	0.01548	0.00774	0.00461	0.01581
34	0.01914	0.01583	0.05844	0.01428	0.01948	0.01166	0.01230	0.02328	0.02653	0.10703	0.15960	0.08501	0.35992	0.02338	0.01240	0.00358	0.00686	0.01957	0.01044	0.01127
35	0.08066	0.03240	0.18511	0.11383	0.09370	0.02420	0.09634	0.07613	0.02636	0.07767	0.02944	0.03281	0.05921	0.01208	0.01084	0.00348	0.01351	0.01057	0.00672	0.01493

[dist]
# distance from previous block
# <min> <max>
0	1

[block]
# block no. 5 follows, 12 sequences, length 7
# corresponding to MSA columns:
# 332-338
name=unknown_F
#
# <colnr> <probs for GDERKNQSTAVLIFYWHMCP>
#	G	D	E	R	K	N	Q	S	T	A	V	L	I	F	Y	W	H	M	C	P
0	0.02719	0.01533	0.01822	0.01678	0.01996	0.05314	0.01235	0.02803	0.02355	0.17112	0.10180	0.15096	0.04202	0.02649	0.02211	0.22695	0.00900	0.01520	0.00918	0.01062
1	0.03996	0.02477	0.12672	0.02045	0.02960	0.01706	0.01962	0.04592	0.02854	0.38811	0.03751	0.03485	0.02457	0.01279	0.01041	0.00328	0.01005	0.01030	0.09853	0.01699
2	0.02515	0.03495	0.23197	0.07798	0.04201	0.02413	0.08353	0.04056	0.15915	0.07691	0.06762	0.03446	0.02707	0.01259	0.01113	0.00355	0.01290	0.01099	0.00769	0.01565
3	0.02734	0.38807	0.14651	0.03155	0.14604	0.03609	0.02588	0.03317	0.02290	0.02947	0.01714	0.02059	0.01468	0.00960	0.00845	0.00274	0.01276	0.00709	0.00481	0.01510
4	0.15466	0.27816	0.25226	0.02283	0.03440	0.03234	0.02606	0.03329	0.02181	0.03373	0.01694	0.01977	0.01350	0.00990	0.00831	0.00299	0.01283	0.00674	0.00504	0.01443
5	0.02826	0.13976	0.37645	0.02683	0.04038	0.02638	0.03214	0.03783	0.02446	0.13395	0.02339	0.02486	0.01639	0.01080	0.00994	0.00326	0.01408	0.00826	0.00633	0.01625
6	0.02114	0.01829	0.02539	0.09940	0.10905	0.01760	0.01838	0.02786	0.05695	0.03274	0.02745	0.09492	0.02539	0.02389	0.10016	0.00513	0.01287	0.01139	0.00672	0.26527

[dist]
# distance from previous block
# <min> <max>
2	10

[block]
# block no. 6 follows, 12 sequences, length 15
# corresponding to MSA columns:
# 349-363
name=unknown_G
#
# <colnr> <probs for GDERKNQSTAVLIFYWHMCP>
#	G	D	E	R	K	N	Q	S	T	A	V	L	I	F	Y	W	H	M	C	P
0	0.02644	0.08846	0.11730	0.15670	0.28648	0.02787	0.03127	0.07376	0.02598	0.03580	0.02011	0.02581	0.01601	0.01030	0.01039	0.00326	0.01352	0.00909	0.00558	0.01587
1	0.02522	0.02672	0.04474	0.23849	0.14092	0.07140	0.18420	0.03224	0.02393	0.03121	0.01984	0.02766	0.01558	0.01081	0.01334	0.00360	0.06057	0.01049	0.00521	0.01384
2	0.01562	0.01134	0.01577	0.01565	0.01722	0.01244	0.01149	0.01876	0.01896	0.02685	0.10128	0.05499	0.04065	0.20183	0.37210	0.01391	0.02142	0.01379	0.00687	0.00906
3	0.01364	0.01050	0.01247	0.01320	0.01550	0.00933	0.00943	0.01664	0.02481	0.03224	0.19430	0.28491	0.26632	0.02876	0.01326	0.00390	0.00573	0.02517	0.01057	0.00933
4	0.01619	0.01229	0.01623	0.01681	0.01781	0.01317	0.01239	0.01872	0.02137	0.02923	0.11612	0.26597	0.06060	0.15361	0.02558	0.00573	0.08319	0.09689	0.00894	0.00917
5	0.01990	0.01193	0.01550	0.01439	0.01723	0.01098	0.01056	0.02389	0.02788	0.10975	0.35738	0.12504	0.08074	0.10406	0.01857	0.00450	0.00658	0.01907	0.01128	0.01078
6	0.03094	0.02425	0.02623	0.02195	0.02855	0.02703	0.01750	0.23419	0.25498	0.05457	0.11947	0.04160	0.03887	0.01535	0.01131	0.00348	0.00941	0.01254	0.01117	0.01662
7	0.02062	0.01866	0.02866	0.42098	0.05950	0.02257	0.02543	0.03089	0.10226	0.03068	0.02896	0.11096	0.02545	0.01473	0.01135	0.00375	0.01247	0.01305	0.00657	0.01248
8	0.02670	0.01410	0.01792	0.01624	0.02049	0.01331	0.01240	0.03330	0.07607	0.19532	0.18216	0.18143	0.05868	0.02068	0.01184	0.00358	0.00700	0.01800	0.07764	0.01313
9	0.01571	0.01114	0.01475	0.01475	0.01574	0.01212	0.01017	0.01769	0.01670	0.02326	0.03174	0.05687	0.03335	0.34511	0.31860	0.01410	0.02003	0.01374	0.00622	0.00820
10	0.02548	0.02619	0.11325	0.03005	0.10277	0.02186	0.05860	0.07387	0.13439	0.07536	0.03795	0.15068	0.03476	0.01759	0.01187	0.00377	0.01110	0.04677	0.00875	0.01494
11	0.02629	0.40031	0.25510	0.02354	0.03554	0.03613	0.02717	0.03339	0.02250	0.02915	0.01689	0.01967	0.01392	0.00973	0.00832	0.00277	0.01341	0.00671	0.00464	0.01483
12	0.02878	0.16568	0.08559	0.02213	0.03067	0.06968	0.02002	0.10212	0.10686	0.03803	0.02278	0.02470	0.01819	0.01135	0.01101	0.00283	0.05294	0.00812	0.00703	0.17147
13	0.21189	0.02419	0.09784	0.02109	0.02768	0.02130	0.05931	0.06763	0.06430	0.03913	0.02893	0.10907	0.02712	0.08076	0.06907	0.00565	0.01260	0.01255	0.00738	0.01253
14	0.03322	0.03197	0.18818	0.02726	0.03823	0.02165	0.10453	0.04340	0.07649	0.23134	0.03121	0.03107	0.02129	0.01162	0.01092	0.00336	0.01264	0.01025	0.00885	0.06252

[dist]
# distance from previous block
# <min> <max>
5	39

[block]
# block no. 7 follows, 12 sequences, length 34
# corresponding to MSA columns:
# 403-436
name=unknown_H
#
# <colnr> <probs for GDERKNQSTAVLIFYWHMCP>
#	G	D	E	R	K	N	Q	S	T	A	V	L	I	F	Y	W	H	M	C	P
0	0.07466	0.12691	0.09372	0.03466	0.13758	0.02796	0.10783	0.06935	0.06725	0.11841	0.02523	0.02746	0.01878	0.01086	0.01028	0.00325	0.01272	0.00962	0.00738	0.01609
1	0.08244	0.14367	0.17020	0.02632	0.06817	0.02541	0.05904	0.03579	0.02410	0.12053	0.02247	0.02454	0.01669	0.01014	0.00935	0.00291	0.01210	0.00813	0.00670	0.13133
2	0.08353	0.02725	0.10724	0.03416	0.17370	0.02331	0.02403	0.07525	0.10728	0.12745	0.07946	0.03481	0.02901	0.01276	0.01069	0.00340	0.01092	0.01078	0.00869	0.01628
3	0.03188	0.02133	0.02935	0.07374	0.07919	0.02111	0.05077	0.07706	0.12391	0.18163	0.07340	0.03635	0.02948	0.01280	0.01082	0.00321	0.01022	0.01109	0.00974	0.11293
4	0.12655	0.02805	0.13026	0.02536	0.03383	0.02268	0.10484	0.09312	0.06436	0.08360	0.07127	0.10693	0.03179	0.01508	0.01109	0.00359	0.01160	0.01325	0.00837	0.01440
5	0.01714	0.01394	0.02071	0.14214	0.07469	0.01450	0.01752	0.02183	0.02450	0.03281	0.15492	0.21115	0.09062	0.02351	0.01290	0.00399	0.00893	0.09442	0.00899	0.01079
6	0.01472	0.01092	0.01372	0.01344	0.01596	0.00992	0.00992	0.01905	0.02858	0.03928	0.40818	0.15108	0.17553	0.02469	0.01300	0.00360	0.00536	0.02169	0.01144	0.00992
7	0.01693	0.01307	0.01767	0.01696	0.01784	0.01538	0.01238	0.01905	0.01674	0.02380	0.02901	0.05129	0.03022	0.28429	0.28783	0.01286	0.10686	0.01301	0.00598	0.00882
8	0.02511	0.01603	0.01969	0.01576	0.02210	0.01323	0.01202	0.02890	0.02423	0.13656	0.09747	0.08768	0.03756	0.10427	0.01684	0.00377	0.00817	0.01245	0.00888	0.30928
9	0.02212	0.02236	0.03345	0.38125	0.05988	0.07654	0.08579	0.02839	0.02305	0.02862	0.02556	0.11516	0.02336	0.01421	0.01149	0.00368	0.01429	0.01301	0.00579	0.01200
10	0.02007	0.01669	0.01990	0.01589	0.02311	0.01299	0.01216	0.02412	0.02214	0.03344	0.03045	0.18227	0.03137	0.01517	0.00966	0.00238	0.00760	0.01313	0.00746	0.50000
11	0.02187	0.05640	0.56031	0.03108	0.04719	0.02532	0.04029	0.03453	0.02302	0.03453	0.01957	0.02302	0.01381	0.01036	0.01036	0.00345	0.01611	0.00806	0.00460	0.01611
12	0.11335	0.35982	0.13441	0.02038	0.03043	0.03368	0.02116	0.03597	0.02321	0.10957	0.02010	0.02142	0.01564	0.01023	0.00814	0.00281	0.01167	0.00699	0.00624	0.01477
13	0.02222	0.05396	0.51546	0.03242	0.04808	0.02553	0.08269	0.03457	0.02327	0.03457	0.01979	0.02360	0.01406	0.01025	0.01059	0.00347	0.01632	0.00849	0.00469	0.01599
14	0.01624	0.01073	0.01192	0.01192	0.01387	0.01048	0.00825	0.01888	0.02044	0.02929	0.05472	0.06838	0.17209	0.22172	0.09798	0.00740	0.01011	0.01570	0.19119	0.00869
15	0.01477	0.01054	0.01414	0.01511	0.01603	0.01097	0.01039	0.01685	0.01836	0.02515	0.04244	0.26785	0.04779	0.20772	0.21937	0.01063	0.01541	0.02021	0.00769	0.00856
16	0.02050	0.01935	0.03020	0.02572	0.02767	0.02349	0.09103	0.02367	0.01875	0.02709	0.02736	0.13392	0.02908	0.10059	0.08412	0.00653	0.27910	0.01475	0.00614	0.01093
17	0.11278	0.03189	0.17849	0.07531	0.12856	0.02339	0.09008	0.03789	0.02492	0.15615	0.02489	0.02755	0.01759	0.01083	0.01049	0.00343	0.01323	0.00949	0.00719	0.01586
18	0.02579	0.02635	0.12376	0.02916	0.09368	0.02333	0.02383	0.03140	0.02413	0.11214	0.13670	0.03876	0.03598	0.01623	0.01936	0.00384	0.20212	0.01175	0.00772	0.01397
19	0.03905	0.02297	0.02595	0.02039	0.02774	0.02397	0.01668	0.28425	0.03980	0.19638	0.03276	0.03222	0.02283	0.01312	0.01023	0.00315	0.00980	0.01020	0.15170	0.01678
20	0.02774	0.07248	0.08235	0.10522	0.13387	0.02768	0.10927	0.13124	0.07281	0.04191	0.06541	0.03202	0.02479	0.01192	0.01106	0.00337	0.01306	0.01088	0.00736	0.01554
21	0.10642	0.01665	0.01779	0.01689	0.01920	0.06149	0.01247	0.06376	0.02042	0.02896	0.02244	0.03760	0.02157	0.02928	0.03009	0.41943	0.01048	0.05098	0.00609	0.00798
22	0.03993	0.02865	0.03215	0.02502	0.03264	0.03219	0.02070	0.41143	0.04520	0.10661	0.02620	0.02686	0.01877	0.01387	0.01400	0.00347	0.08435	0.00988	0.01037	0.01772
23	0.01646	0.01181	0.01446	0.01407	0.01436	0.01286	0.00904	0.01723	0.01617	0.02217	0.03198	0.06331	0.03577	0.48949	0.13059	0.01113	0.06054	0.01473	0.00635	0.00750
24	0.02833	0.02018	0.02865	0.02370	0.02972	0.02069	0.09921	0.04227	0.20541	0.13988	0.03988	0.05149	0.03318	0.11936	0.01945	0.00495	0.01090	0.05849	0.00974	0.01452
25	0.01722	0.01008	0.01292	0.01292	0.01292	0.01008	0.00787	0.01512	0.01512	0.02017	0.02753	0.05444	0.03048	0.36050	0.04979	0.30817	0.01008	0.01303	0.00578	0.00578
26	0.02620	0.02405	0.08149	0.12619	0.12603	0.01941	0.02252	0.03244	0.02396	0.09876	0.02252	0.02632	0.01718	0.00974	0.00961	0.00264	0.01097	0.00829	0.00669	0.30499
27	0.14704	0.01827	0.02077	0.01738	0.02342	0.01831	0.01390	0.11559	0.03128	0.19961	0.15503	0.08389	0.07641	0.01711	0.01097	0.00346	0.00822	0.01398	0.01111	0.01426
28	0.09227	0.02741	0.13978	0.12681	0.12808	0.02185	0.02552	0.03506	0.06067	0.11315	0.02962	0.10044	0.02497	0.01406	0.01076	0.00357	0.01175	0.01201	0.00749	0.01475
29	0.23357	0.11785	0.08768	0.02732	0.03667	0.02916	0.16438	0.07045	0.06504	0.04116	0.02077	0.02410	0.01594	0.01034	0.00958	0.00333	0.01285	0.00896	0.00653	0.01432
30	0.02985	0.02814	0.08210	0.22693	0.08829	0.11645	0.02519	0.03571	0.02558	0.13699	0.02757	0.08082	0.02235	0.01344	0.01094	0.00346	0.01363	0.01126	0.00725	0.01404
31	0.08260	0.16139	0.16390	0.01999	0.02903	0.02335	0.02041	0.02843	0.02265	0.03379	0.06637	0.11381	0.03005	0.01417	0.00955	0.00297	0.01045	0.01142	0.00661	0.14906
32	0.07600	0.02774	0.16374	0.02501	0.07958	0.01985	0.02190	0.08750	0.02974	0.04402	0.24688	0.04869	0.05316	0.01578	0.01126	0.00339	0.00992	0.01332	0.00884	0.01366
33	0.18924	0.02941	0.02875	0.02597	0.07162	0.16630	0.05356	0.04030	0.02645	0.16843	0.02403	0.02523	0.01747	0.01097	0.00953	0.00306	0.01266	0.00835	0.00794	0.08072

[dist]
# distance from previous block
# <min> <max>
0	3

[block]
# block no. 8 follows, 12 sequences, length 12
# corresponding to MSA columns:
# 440-451
name=unknown_I
#
# <colnr> <probs for GDERKNQSTAVLIFYWHMCP>
#	G	D	E	R	K	N	Q	S	T	A	V	L	I	F	Y	W	H	M	C	P
0	0.12791	0.20444	0.08309	0.01812	0.02649	0.02518	0.01722	0.03552	0.02472	0.17928	0.04000	0.03879	0.10970	0.01390	0.00943	0.00312	0.00989	0.01049	0.00839	0.01433
1	0.02979	0.29550	0.21412	0.02424	0.03562	0.03510	0.02616	0.15003	0.02952	0.03901	0.01927	0.02140	0.01504	0.01058	0.00904	0.00292	0.01318	0.00752	0.00616	0.01579
2	0.01933	0.01434	0.01643	0.01622	0.01838	0.01506	0.01117	0.07118	0.11062	0.03257	0.04507	0.26577	0.04880	0.23231	0.02766	0.00633	0.00876	0.02040	0.00914	0.01048
3	0.02636	0.02454	0.04214	0.11493	0.16612	0.02508	0.17134	0.11425	0.02949	0.04021	0.06595	0.07483	0.02768	0.01308	0.01185	0.00353	0.01354	0.01303	0.00719	0.01486
4	0.02516	0.02397	0.02378	0.01783	0.02695	0.09312	0.01407	0.02972	0.02378	0.03429	0.01902	0.02220	0.01585	0.00852	0.00832	0.00178	0.00971	0.00654	0.00634	0.58907
5	0.01799	0.01887	0.09299	0.01892	0.02208	0.01567	0.01660	0.02205	0.02067	0.02976	0.04012	0.20089	0.04322	0.12692	0.02313	0.00528	0.09130	0.09350	0.08978	0.01027
6	0.02059	0.01938	0.03270	0.59060	0.07510	0.02422	0.03028	0.02786	0.02180	0.02786	0.01938	0.02907	0.01453	0.01090	0.01090	0.00363	0.01453	0.00969	0.00484	0.01211
7	0.02189	0.01323	0.01836	0.11570	0.02832	0.01347	0.01512	0.02636	0.02424	0.10905	0.07854	0.20692	0.04769	0.02154	0.01184	0.00379	0.00841	0.08521	0.13895	0.01136
8	0.02164	0.01189	0.01473	0.01343	0.01682	0.01106	0.01028	0.02664	0.02847	0.11491	0.31748	0.06273	0.06928	0.01812	0.01099	0.00315	0.00571	0.01556	0.21570	0.01141
9	0.01727	0.01221	0.01658	0.01865	0.02073	0.01221	0.01566	0.02142	0.02349	0.03063	0.05366	0.11400	0.05872	0.13234	0.02211	0.00599	0.01013	0.39534	0.00944	0.00944
10	0.01603	0.01166	0.01618	0.11440	0.02579	0.01202	0.01330	0.02000	0.02341	0.03302	0.15021	0.31546	0.06207	0.02451	0.01225	0.00381	0.00733	0.02190	0.10672	0.00991
11	0.01438	0.01079	0.01332	0.01336	0.01581	0.00973	0.00976	0.01829	0.02738	0.03704	0.34005	0.19347	0.20470	0.02598	0.01308	0.00369	0.00547	0.02279	0.01116	0.00973

[dist]
# distance from previous block
# <min> <max>
0	1

[block]
# block no. 9 follows, 12 sequences, length 18
# corresponding to MSA columns:
# 453-470
name=unknown_J
#
# <colnr> <probs for GDERKNQSTAVLIFYWHMCP>
#	G	D	E	R	K	N	Q	S	T	A	V	L	I	F	Y	W	H	M	C	P
0	0.03469	0.22206	0.11774	0.02393	0.03393	0.03552	0.02293	0.29050	0.03791	0.05007	0.02172	0.02296	0.01641	0.01150	0.00959	0.00300	0.01249	0.00830	0.00801	0.01675
1	0.03637	0.01719	0.02233	0.01792	0.02482	0.01539	0.01442	0.04310	0.07195	0.33874	0.16570	0.04716	0.04546	0.01531	0.01119	0.00326	0.00808	0.01285	0.01229	0.07648
2	0.07455	0.08172	0.07601	0.15570	0.15387	0.06907	0.08160	0.03609	0.02493	0.11128	0.02263	0.02689	0.01690	0.01063	0.01036	0.00330	0.01370	0.00932	0.00649	0.01495
3	0.07228	0.15185	0.03720	0.10171	0.03748	0.07430	0.06384	0.13719	0.03099	0.10522	0.06416	0.02974	0.02381	0.01209	0.01008	0.00315	0.01240	0.00970	0.00799	0.01480
4	0.02159	0.01232	0.01564	0.01472	0.01833	0.01093	0.01105	0.02519	0.02712	0.14764	0.21861	0.20879	0.17641	0.02452	0.01272	0.00372	0.00642	0.02136	0.01144	0.01148
5	0.14557	0.06942	0.02813	0.08478	0.03299	0.02370	0.01757	0.12945	0.02977	0.19034	0.02637	0.02694	0.01861	0.01134	0.00946	0.00302	0.01026	0.00862	0.00903	0.12463
6	0.02956	0.02542	0.10495	0.08388	0.13899	0.02102	0.06257	0.03829	0.07364	0.17200	0.03393	0.10909	0.02795	0.01464	0.01140	0.00358	0.01169	0.01317	0.00856	0.01565
7	0.02688	0.01349	0.01745	0.01540	0.01958	0.01209	0.01161	0.03039	0.02720	0.21926	0.19886	0.12734	0.10584	0.10284	0.01818	0.00453	0.00753	0.01769	0.01139	0.01245
8	0.02396	0.02115	0.03419	0.39658	0.06151	0.02456	0.08193	0.09355	0.02632	0.03538	0.02215	0.02983	0.01658	0.01117	0.01082	0.00349	0.01373	0.01012	0.06990	0.01309
9	0.02643	0.03393	0.19506	0.04567	0.26998	0.02384	0.06357	0.03458	0.02455	0.07212	0.02180	0.02618	0.01675	0.00995	0.01050	0.00315	0.01343	0.00915	0.00587	0.09349
10	0.02642	0.16373	0.08592	0.02491	0.03291	0.02557	0.11942	0.03555	0.08255	0.07798	0.03129	0.04243	0.02641	0.01370	0.01051	0.00335	0.01179	0.07408	0.09744	0.01403
11	0.01553	0.01176	0.01663	0.09272	0.02486	0.01188	0.01391	0.01959	0.02470	0.03346	0.20513	0.29948	0.07269	0.02677	0.01334	0.00409	0.00757	0.08598	0.00999	0.00990
12	0.02829	0.24105	0.10581	0.03353	0.14554	0.03096	0.07068	0.06524	0.02524	0.06421	0.02115	0.02536	0.01720	0.01656	0.06048	0.00428	0.01456	0.00870	0.00595	0.01521
13	0.02923	0.11043	0.15839	0.02539	0.07768	0.02170	0.02259	0.03536	0.02483	0.16737	0.03067	0.10722	0.02592	0.01395	0.01028	0.00315	0.01102	0.01160	0.00799	0.10523
14	0.01735	0.01424	0.02190	0.02042	0.02369	0.01387	0.07912	0.02393	0.06702	0.03474	0.16360	0.27844	0.06680	0.02577	0.01350	0.00414	0.00852	0.10207	0.01000	0.01088
15	0.01649	0.01101	0.01352	0.01347	0.01523	0.01065	0.00970	0.02001	0.02437	0.03486	0.25472	0.07806	0.06800	0.20767	0.02575	0.00574	0.00745	0.07475	0.09947	0.00909
16	0.23325	0.02264	0.03101	0.03522	0.18314	0.02506	0.05959	0.03237	0.06147	0.03851	0.02381	0.08055	0.02161	0.01379	0.01338	0.00367	0.08946	0.01099	0.00665	0.01384
17	0.08706	0.11036	0.02715	0.01954	0.02527	0.19283	0.01539	0.03745	0.02584	0.14656	0.02679	0.03244	0.02177	0.09292	0.01533	0.00393	0.01247	0.00919	0.08473	0.01298

[dist]
# distance from previous block
# <min> <max>
0	56

# created by:
# /st0/software/busco_prod/Augustus/scripts/msa2prfl.pl ./align_prep/10157.fa
