[name]
unknown

[dist]
# distance from previous block
# <min> <max>
0	220

[block]
# block no. 0 follows, 13 sequences, length 35
# corresponding to MSA columns:
# 223-257
name=unknown_A
#
# <colnr> <probs for GDERKNQSTAVLIFYWHMCP>
#	G	D	E	R	K	N	Q	S	T	A	V	L	I	F	Y	W	H	M	C	P
0	0.02105	0.01335	0.01888	0.11852	0.02740	0.01427	0.01450	0.02429	0.01988	0.10540	0.03304	0.05528	0.03164	0.23567	0.16556	0.00914	0.01508	0.05966	0.00725	0.01013
1	0.06979	0.01961	0.10430	0.01778	0.02345	0.01399	0.01588	0.02851	0.02343	0.17215	0.04960	0.28085	0.09380	0.02201	0.01163	0.00374	0.00845	0.01903	0.00961	0.01240
2	0.02424	0.02335	0.08152	0.24688	0.07927	0.02247	0.02373	0.13089	0.02748	0.03811	0.02493	0.07461	0.02082	0.01266	0.01025	0.00323	0.01168	0.01074	0.07388	0.05926
3	0.07410	0.02030	0.02202	0.01867	0.02454	0.02132	0.01507	0.24984	0.03525	0.08003	0.05108	0.11030	0.15679	0.01927	0.01139	0.00353	0.00903	0.05358	0.01013	0.01376
4	0.02755	0.07472	0.13624	0.11796	0.03844	0.02509	0.02314	0.04434	0.23840	0.11594	0.03193	0.03198	0.02322	0.01228	0.01026	0.00338	0.01106	0.01004	0.00839	0.01564
5	0.41936	0.02460	0.07068	0.02699	0.11537	0.02369	0.06801	0.03335	0.02097	0.08299	0.01865	0.02163	0.01406	0.00993	0.00837	0.00329	0.01052	0.00754	0.00654	0.01344
6	0.09769	0.01454	0.01849	0.01661	0.02144	0.01342	0.01273	0.03402	0.02483	0.28976	0.04602	0.28052	0.04313	0.02120	0.01143	0.00370	0.00771	0.01832	0.01106	0.01339
7	0.02028	0.02461	0.12145	0.22799	0.12140	0.02158	0.07613	0.02743	0.02106	0.02917	0.02168	0.03040	0.01771	0.02780	0.15852	0.00690	0.01815	0.00994	0.00505	0.01274
8	0.42079	0.02550	0.10997	0.06272	0.02980	0.02237	0.01809	0.03484	0.02115	0.13753	0.02059	0.02225	0.01462	0.01050	0.00816	0.00330	0.01000	0.00723	0.00724	0.01334
9	0.01778	0.03006	0.24984	0.02085	0.02956	0.01623	0.02233	0.02457	0.02187	0.03111	0.04156	0.20842	0.09875	0.01858	0.01101	0.00337	0.01030	0.01593	0.00700	0.12087
10	0.01282	0.00945	0.01201	0.01406	0.01516	0.00864	0.00952	0.01480	0.02088	0.02725	0.06629	0.53624	0.15004	0.03208	0.01333	0.00418	0.00601	0.02879	0.00982	0.00864
11	0.02694	0.01659	0.02364	0.06924	0.12212	0.01546	0.01698	0.03166	0.02685	0.19212	0.16043	0.05315	0.12663	0.01606	0.01114	0.00322	0.00846	0.01386	0.00975	0.05570
12	0.02903	0.07837	0.32743	0.02529	0.03701	0.06808	0.02863	0.03752	0.02532	0.16215	0.06026	0.02884	0.02233	0.01157	0.01011	0.00321	0.01332	0.00904	0.00711	0.01541
13	0.02121	0.05469	0.57364	0.03014	0.04576	0.02455	0.03906	0.03348	0.02232	0.03348	0.01897	0.02232	0.01339	0.01005	0.01005	0.00335	0.01563	0.00781	0.00446	0.01563
14	0.02121	0.05469	0.57364	0.03014	0.04576	0.02455	0.03906	0.03348	0.02232	0.03348	0.01897	0.02232	0.01339	0.01005	0.01005	0.00335	0.01563	0.00781	0.00446	0.01563
15	0.03740	0.03447	0.18633	0.02478	0.03479	0.11231	0.04895	0.04388	0.02764	0.29807	0.02994	0.02888	0.01990	0.01163	0.01038	0.00322	0.01302	0.00928	0.00894	0.01618
16	0.02270	0.02158	0.03665	0.36569	0.28877	0.02421	0.03072	0.02941	0.02244	0.03033	0.01928	0.02730	0.01526	0.01006	0.01053	0.00335	0.01342	0.00941	0.00493	0.01395
17	0.02083	0.01167	0.01504	0.01474	0.01782	0.01042	0.01082	0.02383	0.02471	0.15022	0.14542	0.31624	0.14529	0.02573	0.01253	0.00379	0.00645	0.02266	0.01084	0.01096
18	0.01608	0.01283	0.01906	0.11602	0.07865	0.01361	0.01521	0.01920	0.01951	0.02634	0.03961	0.29181	0.04409	0.12893	0.10358	0.00688	0.01200	0.01953	0.00737	0.00969
19	0.02836	0.02586	0.12009	0.25761	0.08039	0.02208	0.09174	0.03566	0.02438	0.17192	0.02524	0.02925	0.01755	0.01087	0.01075	0.00341	0.01340	0.00987	0.00698	0.01459
20	0.12654	0.01134	0.01328	0.01506	0.01682	0.01142	0.01080	0.01812	0.02028	0.03081	0.05090	0.47273	0.05944	0.02891	0.01246	0.00418	0.00683	0.07164	0.00927	0.00917
21	0.02017	0.02468	0.12063	0.50901	0.06838	0.02367	0.03096	0.02808	0.02134	0.02808	0.01882	0.02723	0.01398	0.01048	0.01048	0.00349	0.01435	0.00914	0.00466	0.01238
22	0.01968	0.02309	0.11789	0.07213	0.07622	0.01804	0.11632	0.02544	0.02263	0.03091	0.08214	0.05515	0.06210	0.07810	0.01855	0.06030	0.01212	0.09097	0.00674	0.01150
23	0.02406	0.04491	0.40104	0.03654	0.13028	0.02429	0.08440	0.03450	0.02338	0.06788	0.02081	0.02444	0.01502	0.01002	0.01039	0.00333	0.01492	0.00872	0.00523	0.01583
24	0.02069	0.02231	0.08415	0.16058	0.24329	0.02031	0.02588	0.02682	0.02263	0.03136	0.06150	0.08281	0.05951	0.02032	0.06786	0.00474	0.01333	0.01247	0.00612	0.01331
25	0.02018	0.04749	0.48184	0.02737	0.04084	0.02216	0.03429	0.03126	0.02357	0.03495	0.10723	0.03162	0.02756	0.01194	0.01044	0.00334	0.01388	0.00967	0.00564	0.01470
26	0.28721	0.02510	0.07591	0.01940	0.02714	0.02433	0.01713	0.09585	0.16462	0.12202	0.02778	0.02726	0.02006	0.01184	0.00905	0.00335	0.00946	0.00872	0.00885	0.01494
27	0.02760	0.03735	0.29138	0.03255	0.09261	0.02225	0.10965	0.03660	0.02503	0.14933	0.05308	0.02966	0.02151	0.01107	0.01073	0.00334	0.01368	0.00993	0.00692	0.01572
28	0.03954	0.01625	0.02201	0.01747	0.02427	0.01419	0.01419	0.04384	0.03018	0.44145	0.16708	0.04645	0.04408	0.01516	0.01108	0.00328	0.00802	0.01270	0.01273	0.01604
29	0.02690	0.02745	0.06915	0.23244	0.09220	0.11455	0.09757	0.03327	0.02467	0.08293	0.02480	0.03596	0.02027	0.01234	0.01104	0.00346	0.01449	0.05697	0.00627	0.01327
30	0.02467	0.13448	0.24327	0.14990	0.08636	0.02681	0.02936	0.03513	0.07397	0.06604	0.02213	0.02554	0.01651	0.01056	0.00976	0.00321	0.01321	0.00851	0.00575	0.01482
31	0.02768	0.09245	0.30848	0.02991	0.04204	0.08194	0.10996	0.08416	0.02663	0.06849	0.02079	0.02371	0.01510	0.01032	0.01021	0.00321	0.01516	0.00863	0.00584	0.01529
32	0.01300	0.00938	0.01210	0.01421	0.01502	0.00872	0.00947	0.01480	0.02025	0.02672	0.06063	0.54671	0.10671	0.06884	0.01587	0.00460	0.00632	0.02855	0.00961	0.00848
33	0.03344	0.03434	0.15164	0.02630	0.03509	0.15315	0.08808	0.03945	0.02676	0.19931	0.02960	0.08453	0.02326	0.01328	0.01076	0.00330	0.01373	0.01122	0.00803	0.01471
34	0.02997	0.05693	0.03126	0.23504	0.13650	0.02113	0.02315	0.03528	0.02458	0.20537	0.02934	0.07672	0.02290	0.01288	0.01057	0.00336	0.01136	0.01121	0.00792	0.01453

[dist]
# distance from previous block
# <min> <max>
0	21

[block]
# block no. 1 follows, 13 sequences, length 11
# corresponding to MSA columns:
# 279-289
name=unknown_B
#
# <colnr> <probs for GDERKNQSTAVLIFYWHMCP>
#	G	D	E	R	K	N	Q	S	T	A	V	L	I	F	Y	W	H	M	C	P
0	0.02779	0.03018	0.20613	0.08175	0.03952	0.01992	0.09839	0.03502	0.02407	0.17964	0.02973	0.07675	0.02369	0.06245	0.01441	0.00401	0.01282	0.01173	0.00756	0.01443
1	0.02070	0.02023	0.03624	0.52054	0.07023	0.02397	0.10241	0.02803	0.02170	0.02803	0.01918	0.02824	0.01438	0.01033	0.01085	0.00353	0.01465	0.00985	0.00479	0.01212
2	0.03149	0.02976	0.15909	0.02781	0.03792	0.02191	0.14955	0.09769	0.02889	0.19768	0.03568	0.03602	0.07103	0.01261	0.01114	0.00338	0.01272	0.01145	0.00853	0.01563
3	0.03001	0.02853	0.16868	0.11627	0.12256	0.02066	0.05388	0.03707	0.02502	0.20680	0.02911	0.06653	0.02190	0.01241	0.01073	0.00339	0.01229	0.01088	0.00781	0.01548
4	0.02198	0.01838	0.07155	0.01803	0.02282	0.01568	0.01531	0.10152	0.02597	0.09004	0.04838	0.20796	0.11453	0.03461	0.13549	0.00654	0.01287	0.01750	0.00887	0.01195
5	0.02106	0.04912	0.48715	0.03013	0.04434	0.02365	0.07907	0.03250	0.02312	0.03419	0.05958	0.02712	0.02011	0.01082	0.01044	0.00337	0.01502	0.00907	0.00508	0.01508
6	0.02916	0.11692	0.16779	0.10549	0.09762	0.02522	0.10629	0.03647	0.02447	0.15410	0.02402	0.02683	0.01720	0.01042	0.01022	0.00321	0.01333	0.00927	0.00669	0.01527
7	0.02542	0.10949	0.34690	0.03297	0.09252	0.10949	0.07265	0.03452	0.02375	0.03160	0.01842	0.02216	0.01398	0.00991	0.00987	0.00314	0.01557	0.00797	0.00476	0.01491
8	0.03613	0.02058	0.02448	0.01996	0.02656	0.02089	0.01599	0.21390	0.06592	0.24068	0.06829	0.12979	0.03494	0.01676	0.01119	0.00342	0.00921	0.01395	0.01144	0.01593
9	0.02036	0.01929	0.03360	0.35992	0.14282	0.02167	0.07820	0.02663	0.02188	0.02897	0.02567	0.12444	0.02382	0.01388	0.01123	0.00359	0.01293	0.01308	0.00569	0.01232
10	0.02821	0.11573	0.08067	0.11410	0.04200	0.02659	0.13949	0.08751	0.08593	0.10002	0.02711	0.05953	0.02131	0.01207	0.01060	0.00331	0.01273	0.01100	0.00739	0.01470

[dist]
# distance from previous block
# <min> <max>
0	12

[block]
# block no. 2 follows, 13 sequences, length 57
# corresponding to MSA columns:
# 302-358
name=unknown_C
#
# <colnr> <probs for GDERKNQSTAVLIFYWHMCP>
#	G	D	E	R	K	N	Q	S	T	A	V	L	I	F	Y	W	H	M	C	P
0	0.03079	0.02076	0.02340	0.06451	0.02911	0.05391	0.01672	0.13363	0.09783	0.16747	0.04524	0.10534	0.08777	0.01774	0.01140	0.00356	0.00983	0.05643	0.01021	0.01436
1	0.03027	0.12825	0.08751	0.09160	0.03986	0.02602	0.11647	0.10414	0.02772	0.12931	0.02352	0.02603	0.01715	0.01035	0.00992	0.00297	0.01246	0.00905	0.00725	0.10015
2	0.30818	0.09784	0.06486	0.01791	0.02568	0.02475	0.01612	0.10389	0.02630	0.14068	0.06172	0.02668	0.02200	0.01161	0.00858	0.00314	0.00950	0.00829	0.00828	0.01401
3	0.28947	0.06800	0.12511	0.03288	0.18634	0.02614	0.02358	0.07012	0.02321	0.04121	0.01781	0.02135	0.01399	0.00991	0.00864	0.00317	0.01124	0.00747	0.00597	0.01438
4	0.02746	0.02280	0.03529	0.04042	0.23778	0.02331	0.08570	0.04045	0.17796	0.09778	0.03235	0.07732	0.02641	0.01305	0.01106	0.00343	0.01108	0.01228	0.00813	0.01595
5	0.01288	0.00920	0.01227	0.01472	0.01534	0.00859	0.00981	0.01472	0.02024	0.02699	0.05828	0.62152	0.06993	0.03312	0.01350	0.00429	0.00613	0.03006	0.00981	0.00859
6	0.01971	0.00985	0.00985	0.00985	0.01232	0.00985	0.00739	0.02464	0.02217	0.03942	0.03449	0.03942	0.02710	0.01232	0.00739	0.00246	0.00493	0.00985	0.68712	0.00985
7	0.08166	0.01522	0.01926	0.01592	0.02177	0.01375	0.01276	0.03660	0.02861	0.31435	0.20274	0.05464	0.10406	0.01689	0.01109	0.00332	0.00734	0.01409	0.01182	0.01412
8	0.02630	0.02271	0.02391	0.02152	0.02749	0.02630	0.01674	0.05618	0.54336	0.04423	0.04303	0.03945	0.03228	0.01434	0.01076	0.00359	0.00837	0.01195	0.01076	0.01674
9	0.02192	0.01879	0.02192	0.01566	0.02506	0.01409	0.01253	0.02662	0.02192	0.03445	0.01879	0.02192	0.01566	0.00783	0.00783	0.00157	0.00783	0.00626	0.00626	0.69305
10	0.01817	0.01261	0.01459	0.01375	0.01497	0.01323	0.00891	0.07423	0.01952	0.02632	0.03172	0.06036	0.03444	0.48210	0.12271	0.01038	0.01291	0.01415	0.00678	0.00815
11	0.70310	0.02045	0.01554	0.01390	0.02045	0.02372	0.01145	0.03108	0.01799	0.04744	0.01472	0.01718	0.01145	0.00981	0.00654	0.00327	0.00818	0.00573	0.00654	0.01145
12	0.01377	0.01076	0.01248	0.01205	0.01507	0.00947	0.00904	0.01765	0.02712	0.03573	0.33998	0.08996	0.32083	0.02410	0.01248	0.00344	0.00517	0.02066	0.01076	0.00947
13	0.02827	0.63478	0.05540	0.01809	0.02714	0.04184	0.01809	0.03166	0.02148	0.02488	0.01470	0.01696	0.01357	0.00905	0.00678	0.00226	0.01131	0.00565	0.00452	0.01357
14	0.01425	0.01078	0.01315	0.01256	0.01536	0.00967	0.00942	0.01858	0.02825	0.03842	0.42747	0.08553	0.23166	0.02310	0.01248	0.00340	0.00509	0.02004	0.01112	0.00967
15	0.01496	0.01081	0.01413	0.01330	0.01580	0.00998	0.00998	0.01995	0.02993	0.04240	0.55689	0.07898	0.09976	0.02162	0.01247	0.00333	0.00499	0.01912	0.01164	0.00998
16	0.70310	0.02045	0.01554	0.01390	0.02045	0.02372	0.01145	0.03108	0.01799	0.04744	0.01472	0.01718	0.01145	0.00981	0.00654	0.00327	0.00818	0.00573	0.00654	0.01145
17	0.01250	0.01071	0.01071	0.01071	0.01428	0.00893	0.00803	0.01517	0.02410	0.02856	0.10711	0.10175	0.55817	0.02678	0.01250	0.00357	0.00536	0.02231	0.00982	0.00893
18	0.02630	0.02271	0.02391	0.02152	0.02749	0.02630	0.01674	0.05618	0.54336	0.04423	0.04303	0.03945	0.03228	0.01434	0.01076	0.00359	0.00837	0.01195	0.01076	0.01674
19	0.02121	0.05469	0.57364	0.03014	0.04576	0.02455	0.03906	0.03348	0.02232	0.03348	0.01897	0.02232	0.01339	0.01005	0.01005	0.00335	0.01563	0.00781	0.00446	0.01563
20	0.02571	0.01266	0.01641	0.01509	0.01826	0.01158	0.01079	0.02798	0.02287	0.21373	0.07675	0.21949	0.04728	0.20340	0.02449	0.00566	0.00828	0.01826	0.01004	0.01128
21	0.01412	0.01060	0.01316	0.01345	0.01586	0.00964	0.01008	0.01791	0.02611	0.03498	0.30256	0.18988	0.20925	0.02578	0.01286	0.00371	0.00572	0.06423	0.01066	0.00942
22	0.04744	0.01799	0.02454	0.01881	0.02699	0.01554	0.01554	0.05153	0.03026	0.56979	0.04171	0.03599	0.02617	0.01309	0.01063	0.00327	0.00900	0.01063	0.01309	0.01799
23	0.01282	0.00943	0.01204	0.01412	0.01518	0.00864	0.00955	0.01479	0.02082	0.02723	0.06559	0.54365	0.14308	0.03217	0.01335	0.00419	0.00602	0.02890	0.00982	0.00864
24	0.02030	0.01465	0.01652	0.01509	0.01946	0.01448	0.01162	0.03097	0.16425	0.09024	0.20517	0.07251	0.24168	0.02072	0.01184	0.00348	0.00642	0.01754	0.01088	0.01219
25	0.70310	0.02045	0.01554	0.01390	0.02045	0.02372	0.01145	0.03108	0.01799	0.04744	0.01472	0.01718	0.01145	0.00981	0.00654	0.00327	0.00818	0.00573	0.00654	0.01145
26	0.04744	0.01799	0.02454	0.01881	0.02699	0.01554	0.01554	0.05153	0.03026	0.56979	0.04171	0.03599	0.02617	0.01309	0.01063	0.00327	0.00900	0.01063	0.01309	0.01799
27	0.01476	0.01121	0.01378	0.01480	0.01670	0.01091	0.01044	0.02049	0.08214	0.03203	0.15589	0.39733	0.12328	0.02813	0.01288	0.00395	0.00609	0.02510	0.01027	0.00982
28	0.09810	0.01401	0.01743	0.01503	0.01968	0.01313	0.01182	0.03070	0.02876	0.20266	0.34311	0.05938	0.06807	0.01778	0.01128	0.00330	0.00654	0.01512	0.01153	0.01256
29	0.43249	0.02296	0.02140	0.01758	0.02488	0.02559	0.01450	0.18352	0.02891	0.10889	0.02083	0.02167	0.01500	0.01103	0.00820	0.00324	0.00931	0.00740	0.00846	0.01413
30	0.70310	0.02045	0.01554	0.01390	0.02045	0.02372	0.01145	0.03108	0.01799	0.04744	0.01472	0.01718	0.01145	0.00981	0.00654	0.00327	0.00818	0.00573	0.00654	0.01145
31	0.01336	0.01058	0.01201	0.01200	0.01490	0.00924	0.00887	0.01671	0.02562	0.03298	0.25103	0.14957	0.35418	0.02574	0.01259	0.00357	0.00532	0.02208	0.01042	0.00924
32	0.03107	0.02454	0.02764	0.08851	0.03422	0.02774	0.01921	0.26430	0.22203	0.05232	0.06969	0.03465	0.02862	0.01369	0.01078	0.00337	0.01026	0.01108	0.01005	0.01624
33	0.04667	0.01923	0.02530	0.01940	0.02761	0.01738	0.01603	0.10220	0.03233	0.51619	0.03997	0.03486	0.02530	0.01304	0.01063	0.00326	0.00928	0.01051	0.01282	0.01799
34	0.02573	0.02812	0.03120	0.43296	0.06097	0.18961	0.02672	0.03151	0.02375	0.02668	0.01807	0.02549	0.01395	0.01067	0.01026	0.00329	0.01556	0.00863	0.00492	0.01190
35	0.02688	0.02303	0.04430	0.25234	0.05712	0.02360	0.24966	0.03427	0.02441	0.12239	0.02386	0.02966	0.01702	0.01025	0.01144	0.00350	0.01491	0.01099	0.00642	0.01394
36	0.02171	0.02110	0.03733	0.43771	0.16327	0.02417	0.08636	0.02882	0.02213	0.02922	0.01930	0.02785	0.01482	0.01016	0.01077	0.00346	0.01423	0.00975	0.00487	0.01298
37	0.02617	0.02512	0.04292	0.06490	0.56246	0.02512	0.03245	0.03245	0.02407	0.03454	0.01989	0.02617	0.01675	0.00942	0.01047	0.00314	0.01256	0.00942	0.00523	0.01675
38	0.02586	0.03634	0.26845	0.02640	0.03686	0.06202	0.08862	0.03372	0.02461	0.12309	0.03602	0.08035	0.08239	0.01417	0.01096	0.00341	0.01313	0.01217	0.00714	0.01430
39	0.02021	0.04967	0.50944	0.02792	0.04217	0.02277	0.03553	0.03140	0.02253	0.03292	0.02903	0.03138	0.07552	0.01195	0.01032	0.00337	0.01445	0.00947	0.00508	0.01486
40	0.01338	0.01012	0.01235	0.01312	0.01516	0.00909	0.00934	0.01638	0.02421	0.03195	0.21818	0.30971	0.22283	0.02789	0.01290	0.00380	0.00557	0.02458	0.01035	0.00909
41	0.02475	0.10984	0.35137	0.02519	0.03714	0.02443	0.02935	0.03624	0.07552	0.09149	0.07142	0.02994	0.02438	0.01172	0.01002	0.00324	0.01275	0.00929	0.00666	0.01525
42	0.02132	0.02787	0.15421	0.28810	0.13358	0.02314	0.07500	0.02936	0.02250	0.03064	0.02292	0.03567	0.01916	0.01199	0.01101	0.00356	0.01410	0.05721	0.00529	0.01338
43	0.01288	0.00920	0.01227	0.01472	0.01534	0.00859	0.00981	0.01472	0.02024	0.02699	0.05828	0.62152	0.06993	0.03312	0.01350	0.00429	0.00613	0.03006	0.00981	0.00859
44	0.03950	0.05039	0.02996	0.02724	0.03269	0.58597	0.02043	0.04222	0.02996	0.02588	0.01634	0.01907	0.01362	0.01090	0.00953	0.00272	0.01907	0.00681	0.00545	0.01226
45	0.02191	0.11233	0.52215	0.02894	0.04391	0.02627	0.03698	0.03330	0.02224	0.03263	0.01855	0.02179	0.01341	0.00995	0.00972	0.00324	0.01520	0.00760	0.00447	0.01542
46	0.02507	0.02638	0.05206	0.09586	0.26425	0.02583	0.28474	0.03276	0.02430	0.03362	0.02058	0.02753	0.01618	0.00925	0.01151	0.00339	0.01538	0.01099	0.00525	0.01509
47	0.01288	0.00920	0.01227	0.01472	0.01534	0.00859	0.00981	0.01472	0.02024	0.02699	0.05828	0.62152	0.06993	0.03312	0.01350	0.00429	0.00613	0.03006	0.00981	0.00859
48	0.01997	0.01879	0.03171	0.60301	0.07282	0.02349	0.02936	0.02701	0.02114	0.02701	0.01879	0.02819	0.01409	0.01057	0.01057	0.00352	0.01409	0.00940	0.00470	0.01175
49	0.03113	0.02436	0.03296	0.03904	0.24211	0.02575	0.02347	0.12989	0.18964	0.10428	0.03050	0.03125	0.02284	0.01194	0.01060	0.00330	0.01070	0.01036	0.00878	0.01711
50	0.01268	0.01072	0.01097	0.01090	0.01439	0.00900	0.00818	0.01553	0.02453	0.02959	0.14054	0.10006	0.52410	0.02639	0.01249	0.00355	0.00533	0.02208	0.00995	0.00900
51	0.03950	0.05039	0.02996	0.02724	0.03269	0.58597	0.02043	0.04222	0.02996	0.02588	0.01634	0.01907	0.01362	0.01090	0.00953	0.00272	0.01907	0.00681	0.00545	0.01226
52	0.02233	0.01783	0.02981	0.02466	0.02994	0.01733	0.15628	0.03053	0.08937	0.08690	0.09567	0.16396	0.04579	0.05596	0.01505	0.00423	0.01060	0.08246	0.00898	0.01231
53	0.09374	0.03027	0.03767	0.02901	0.03729	0.09642	0.15762	0.23840	0.09026	0.04860	0.02412	0.02625	0.01786	0.01135	0.01063	0.00328	0.01358	0.00993	0.00818	0.01555
54	0.01288	0.00920	0.01227	0.01472	0.01534	0.00859	0.00981	0.01472	0.02024	0.02699	0.05828	0.62152	0.06993	0.03312	0.01350	0.00429	0.00613	0.03006	0.00981	0.00859
55	0.02014	0.01799	0.02805	0.42651	0.05804	0.02167	0.02560	0.02938	0.08130	0.02985	0.02858	0.04667	0.02500	0.01452	0.01135	0.00378	0.01262	0.10068	0.00634	0.01194
56	0.03104	0.02649	0.05164	0.03731	0.04727	0.02506	0.37050	0.08648	0.02850	0.14619	0.02592	0.02973	0.01830	0.01014	0.01191	0.00347	0.01541	0.01181	0.00744	0.01539

[dist]
# distance from previous block
# <min> <max>
18	72

[block]
# block no. 3 follows, 13 sequences, length 7
# corresponding to MSA columns:
# 450-456
name=unknown_D
#
# <colnr> <probs for GDERKNQSTAVLIFYWHMCP>
#	G	D	E	R	K	N	Q	S	T	A	V	L	I	F	Y	W	H	M	C	P
0	0.03293	0.15202	0.07457	0.01954	0.02888	0.02413	0.01780	0.11572	0.02857	0.17990	0.02511	0.02522	0.01821	0.01044	0.00897	0.00256	0.01010	0.00795	0.00827	0.20910
1	0.02891	0.08419	0.08767	0.02007	0.02844	0.02157	0.01825	0.13681	0.02913	0.11683	0.02953	0.08000	0.02549	0.01387	0.01001	0.00293	0.01005	0.05256	0.00839	0.19530
2	0.04186	0.01992	0.02518	0.01911	0.02754	0.01794	0.01571	0.12022	0.03179	0.39874	0.03519	0.03190	0.02307	0.01211	0.01013	0.00296	0.00920	0.00970	0.01151	0.13624
3	0.08113	0.02305	0.02440	0.01997	0.02657	0.07076	0.01599	0.19066	0.03454	0.22262	0.09122	0.08780	0.03366	0.01532	0.01071	0.00329	0.00995	0.01232	0.01074	0.01531
4	0.11935	0.02160	0.02513	0.02321	0.07860	0.02207	0.01677	0.14672	0.10212	0.12174	0.08612	0.03325	0.02886	0.01251	0.00985	0.00302	0.00912	0.01007	0.00935	0.12055
5	0.35673	0.02087	0.01845	0.01658	0.02234	0.06642	0.01331	0.06307	0.02376	0.11318	0.03271	0.08745	0.06232	0.01522	0.00923	0.00345	0.00914	0.04518	0.00835	0.01226
6	0.10268	0.01956	0.02346	0.01852	0.02631	0.01823	0.01529	0.11032	0.02956	0.28315	0.03312	0.03717	0.02445	0.01305	0.00999	0.00304	0.00912	0.05264	0.01033	0.16002

[dist]
# distance from previous block
# <min> <max>
3	11

[block]
# block no. 4 follows, 13 sequences, length 12
# corresponding to MSA columns:
# 468-479
name=unknown_E
#
# <colnr> <probs for GDERKNQSTAVLIFYWHMCP>
#	G	D	E	R	K	N	Q	S	T	A	V	L	I	F	Y	W	H	M	C	P
0	0.02807	0.36554	0.20577	0.02267	0.03358	0.03525	0.02465	0.11138	0.02624	0.03411	0.01768	0.01990	0.01422	0.00993	0.00836	0.00273	0.01264	0.00691	0.00547	0.01489
1	0.08612	0.08495	0.24938	0.02190	0.03116	0.02285	0.02361	0.06807	0.06034	0.03738	0.10781	0.03679	0.03132	0.07751	0.01453	0.00398	0.01149	0.01045	0.00691	0.01344
2	0.02274	0.11579	0.02397	0.01777	0.02217	0.07666	0.01433	0.02619	0.02399	0.07336	0.08231	0.21974	0.04710	0.02126	0.01136	0.00349	0.00929	0.10467	0.00857	0.07524
3	0.14556	0.12439	0.03240	0.02146	0.02955	0.03236	0.01816	0.33875	0.06977	0.05548	0.02300	0.02355	0.01707	0.01174	0.00932	0.00307	0.01082	0.00843	0.00896	0.01614
4	0.02810	0.07564	0.12680	0.02369	0.03334	0.02505	0.06342	0.19742	0.03151	0.04388	0.02369	0.06478	0.01967	0.01179	0.00985	0.00283	0.01147	0.00976	0.00745	0.18986
5	0.02609	0.28902	0.30478	0.02460	0.03678	0.03248	0.02850	0.08481	0.02487	0.03346	0.01790	0.02046	0.01395	0.00992	0.00877	0.00289	0.01344	0.00711	0.00513	0.01503
6	0.08097	0.01939	0.03107	0.02495	0.03124	0.01933	0.14896	0.07712	0.02668	0.11814	0.08690	0.04898	0.03437	0.02550	0.10356	0.00577	0.01428	0.08126	0.00846	0.01307
7	0.02237	0.11519	0.02884	0.12467	0.10816	0.02022	0.01823	0.02714	0.02453	0.07592	0.13229	0.04847	0.12806	0.01502	0.01042	0.00306	0.00931	0.01270	0.00772	0.06767
8	0.02501	0.03741	0.26356	0.03350	0.04412	0.02589	0.19374	0.03373	0.02278	0.07776	0.02080	0.02566	0.01544	0.01142	0.01524	0.00364	0.12029	0.00984	0.00552	0.01466
9	0.01905	0.01175	0.01270	0.01294	0.01550	0.01216	0.00949	0.02719	0.10496	0.03708	0.04181	0.18515	0.03865	0.01785	0.00946	0.00310	0.00578	0.01525	0.40949	0.01064
10	0.02324	0.02212	0.03601	0.21628	0.24030	0.02385	0.07350	0.03360	0.10795	0.03335	0.02950	0.03439	0.05582	0.01173	0.01088	0.00340	0.01234	0.01100	0.00630	0.01445
11	0.02153	0.13938	0.14069	0.02770	0.03623	0.02381	0.18455	0.02839	0.02394	0.03251	0.11061	0.11922	0.03628	0.01468	0.01113	0.00335	0.01247	0.01397	0.00668	0.01288

[dist]
# distance from previous block
# <min> <max>
0	7

[block]
# block no. 5 follows, 13 sequences, length 13
# corresponding to MSA columns:
# 487-499
name=unknown_F
#
# <colnr> <probs for GDERKNQSTAVLIFYWHMCP>
#	G	D	E	R	K	N	Q	S	T	A	V	L	I	F	Y	W	H	M	C	P
0	0.04486	0.02724	0.02646	0.02139	0.02888	0.16502	0.01713	0.08272	0.03156	0.39287	0.03397	0.03084	0.02233	0.01249	0.01034	0.00312	0.01180	0.00956	0.01092	0.01650
1	0.01288	0.00920	0.01227	0.01472	0.01534	0.00859	0.00981	0.01472	0.02024	0.02699	0.05828	0.62152	0.06993	0.03312	0.01350	0.00429	0.00613	0.03006	0.00981	0.00859
2	0.02188	0.02075	0.03517	0.43680	0.22406	0.02399	0.03032	0.02869	0.02205	0.02934	0.01913	0.02756	0.01491	0.01022	0.01054	0.00341	0.01362	0.00940	0.00486	0.01329
3	0.09309	0.11197	0.17479	0.03007	0.09436	0.02481	0.09951	0.03767	0.02447	0.17376	0.02441	0.02605	0.01734	0.01045	0.00985	0.00319	0.01263	0.00894	0.00713	0.01550
4	0.70310	0.02045	0.01554	0.01390	0.02045	0.02372	0.01145	0.03108	0.01799	0.04744	0.01472	0.01718	0.01145	0.00981	0.00654	0.00327	0.00818	0.00573	0.00654	0.01145
5	0.02328	0.02218	0.03770	0.31530	0.33461	0.02436	0.03101	0.02992	0.02271	0.03104	0.01938	0.02711	0.01551	0.00996	0.01052	0.00332	0.01327	0.00941	0.00498	0.01442
6	0.02215	0.02153	0.03804	0.40007	0.19959	0.02428	0.08465	0.02920	0.02233	0.02975	0.01937	0.02769	0.01501	0.01009	0.01075	0.00343	0.01410	0.00974	0.00491	0.01334
7	0.01519	0.10291	0.01873	0.01523	0.01710	0.01357	0.01105	0.01726	0.02043	0.02667	0.05175	0.53095	0.06149	0.02952	0.01249	0.00399	0.00691	0.02640	0.00902	0.00933
8	0.01288	0.00920	0.01227	0.01472	0.01534	0.00859	0.00981	0.01472	0.02024	0.02699	0.05828	0.62152	0.06993	0.03312	0.01350	0.00429	0.00613	0.03006	0.00981	0.00859
9	0.02387	0.02254	0.03698	0.26159	0.33042	0.02462	0.02985	0.03261	0.07095	0.03263	0.02162	0.02815	0.01719	0.01030	0.01053	0.00332	0.01275	0.00965	0.00554	0.01488
10	0.02905	0.12681	0.32544	0.02663	0.03834	0.14681	0.02960	0.03716	0.02475	0.09133	0.02041	0.02245	0.01491	0.01044	0.00957	0.00306	0.01504	0.00763	0.00566	0.01489
11	0.22228	0.09664	0.11502	0.07987	0.23005	0.02640	0.02547	0.03171	0.02153	0.03648	0.01758	0.02208	0.01414	0.00967	0.00885	0.00314	0.01172	0.00768	0.00538	0.01430
12	0.03379	0.18570	0.10045	0.02594	0.03454	0.21406	0.05962	0.15620	0.03148	0.03702	0.01882	0.02117	0.01483	0.01064	0.00940	0.00285	0.01489	0.00773	0.00635	0.01450

[dist]
# distance from previous block
# <min> <max>
0	3

[block]
# block no. 6 follows, 13 sequences, length 92
# corresponding to MSA columns:
# 503-594
name=unknown_G
#
# <colnr> <probs for GDERKNQSTAVLIFYWHMCP>
#	G	D	E	R	K	N	Q	S	T	A	V	L	I	F	Y	W	H	M	C	P
0	0.28773	0.01663	0.01768	0.01531	0.02052	0.01736	0.01193	0.03281	0.02110	0.19862	0.02818	0.03591	0.02296	0.13913	0.08624	0.00626	0.01124	0.00976	0.00841	0.01223
1	0.13464	0.02040	0.03031	0.08172	0.08812	0.01979	0.07873	0.04219	0.02636	0.32416	0.03098	0.03064	0.02073	0.01150	0.01024	0.00332	0.01078	0.00990	0.00962	0.01588
2	0.08745	0.02821	0.14332	0.02192	0.03163	0.02126	0.02115	0.13416	0.03127	0.32394	0.03187	0.02974	0.02085	0.01212	0.01020	0.00327	0.01085	0.00947	0.01030	0.01701
3	0.04628	0.01985	0.02569	0.01969	0.02792	0.01829	0.01627	0.12750	0.03337	0.48943	0.03911	0.03429	0.02486	0.01302	0.01062	0.00326	0.00942	0.01045	0.01269	0.01799
4	0.01649	0.01577	0.06904	0.01898	0.02263	0.01261	0.01736	0.02150	0.02372	0.03099	0.05878	0.15732	0.11661	0.02747	0.01381	0.00451	0.00942	0.34367	0.00925	0.01009
5	0.02395	0.02233	0.02215	0.02234	0.07348	0.12924	0.01542	0.08619	0.03174	0.04124	0.33404	0.05556	0.06484	0.01724	0.01147	0.00317	0.00932	0.01459	0.00966	0.01204
6	0.02646	0.02019	0.02915	0.36146	0.05397	0.02334	0.02409	0.13873	0.02826	0.08916	0.02628	0.08507	0.02148	0.01344	0.01086	0.00350	0.01229	0.01152	0.00731	0.01344
7	0.01538	0.01025	0.01153	0.01153	0.01153	0.01025	0.00641	0.01538	0.01538	0.02050	0.03331	0.06919	0.03844	0.62842	0.05382	0.01025	0.01025	0.01538	0.00641	0.00641
8	0.02220	0.04878	0.46759	0.03708	0.14901	0.02467	0.03774	0.03328	0.02267	0.03370	0.01916	0.02309	0.01406	0.00992	0.01013	0.00331	0.01501	0.00813	0.00462	0.01585
9	0.02565	0.02459	0.04198	0.10984	0.52157	0.02499	0.03219	0.03199	0.02383	0.03391	0.01980	0.02634	0.01653	0.00952	0.01048	0.00317	0.01269	0.00942	0.00519	0.01633
10	0.04673	0.01914	0.02524	0.01935	0.02756	0.01724	0.01599	0.09833	0.03218	0.52029	0.04011	0.03494	0.02537	0.01305	0.01063	0.00326	0.00926	0.01052	0.01284	0.01799
11	0.01359	0.01037	0.01357	0.01526	0.01613	0.01035	0.01060	0.01555	0.02034	0.02704	0.06000	0.52529	0.11538	0.03142	0.01494	0.00424	0.04990	0.02776	0.00944	0.00884
12	0.02067	0.01287	0.01793	0.01939	0.02251	0.01257	0.01686	0.02544	0.02505	0.09592	0.05428	0.10932	0.05671	0.02728	0.01413	0.00468	0.00965	0.43389	0.01014	0.01072
13	0.01288	0.00920	0.01227	0.01472	0.01534	0.00859	0.00981	0.01472	0.02024	0.02699	0.05828	0.62152	0.06993	0.03312	0.01350	0.00429	0.00613	0.03006	0.00981	0.00859
14	0.04298	0.02514	0.02896	0.02220	0.03056	0.02615	0.01834	0.34400	0.04222	0.26042	0.03167	0.02947	0.02114	0.01284	0.01060	0.00321	0.01062	0.00995	0.01154	0.01799
15	0.02280	0.02168	0.03682	0.35752	0.29620	0.02423	0.03077	0.02949	0.02248	0.03045	0.01929	0.02727	0.01530	0.01005	0.01052	0.00335	0.01339	0.00941	0.00494	0.01403
16	0.02874	0.01596	0.02040	0.01786	0.02290	0.01540	0.01462	0.10304	0.03168	0.20093	0.21871	0.06708	0.05763	0.01942	0.01211	0.00362	0.00816	0.11675	0.01151	0.01347
17	0.01972	0.01766	0.01757	0.01737	0.02032	0.08200	0.01271	0.02897	0.14387	0.03513	0.18968	0.26409	0.06295	0.02294	0.01211	0.00367	0.00787	0.02007	0.01002	0.01128
18	0.44885	0.02295	0.05379	0.01707	0.02454	0.02316	0.01488	0.06863	0.06628	0.13717	0.02267	0.02311	0.01626	0.01095	0.00807	0.00330	0.00902	0.00746	0.00815	0.01369
19	0.02827	0.63478	0.05540	0.01809	0.02714	0.04184	0.01809	0.03166	0.02148	0.02488	0.01470	0.01696	0.01357	0.00905	0.00678	0.00226	0.01131	0.00565	0.00452	0.01357
20	0.02029	0.01893	0.03274	0.22160	0.18187	0.02004	0.08350	0.02612	0.02303	0.03127	0.07873	0.15112	0.03437	0.01563	0.01154	0.00356	0.01168	0.01483	0.00660	0.01255
21	0.01507	0.01072	0.01337	0.01270	0.01532	0.00984	0.00953	0.01977	0.02858	0.04050	0.45953	0.07840	0.14845	0.02146	0.01205	0.00328	0.00503	0.01873	0.06784	0.00984
22	0.02839	0.02764	0.04998	0.04708	0.21444	0.02743	0.26472	0.13199	0.02962	0.04063	0.02170	0.02713	0.01666	0.00983	0.01145	0.00335	0.01489	0.01090	0.00636	0.01581
23	0.01865	0.03648	0.34166	0.02403	0.03401	0.01863	0.02782	0.02757	0.02383	0.03433	0.13174	0.10567	0.04155	0.01692	0.01141	0.00362	0.01190	0.07001	0.00703	0.01311
24	0.01997	0.01879	0.03171	0.60301	0.07282	0.02349	0.02936	0.02701	0.02114	0.02701	0.01879	0.02819	0.01409	0.01057	0.01057	0.00352	0.01409	0.00940	0.00470	0.01175
25	0.01997	0.01879	0.03171	0.60301	0.07282	0.02349	0.02936	0.02701	0.02114	0.02701	0.01879	0.02819	0.01409	0.01057	0.01057	0.00352	0.01409	0.00940	0.00470	0.01175
26	0.04744	0.01799	0.02454	0.01881	0.02699	0.01554	0.01554	0.05153	0.03026	0.56979	0.04171	0.03599	0.02617	0.01309	0.01063	0.00327	0.00900	0.01063	0.01309	0.01799
27	0.02307	0.02140	0.02766	0.02335	0.02887	0.05665	0.10211	0.03888	0.24122	0.03996	0.18630	0.05264	0.04951	0.01622	0.01171	0.00353	0.00979	0.04381	0.00968	0.01364
28	0.01997	0.01879	0.03171	0.60301	0.07282	0.02349	0.02936	0.02701	0.02114	0.02701	0.01879	0.02819	0.01409	0.01057	0.01057	0.00352	0.01409	0.00940	0.00470	0.01175
29	0.70310	0.02045	0.01554	0.01390	0.02045	0.02372	0.01145	0.03108	0.01799	0.04744	0.01472	0.01718	0.01145	0.00981	0.00654	0.00327	0.00818	0.00573	0.00654	0.01145
30	0.01288	0.00920	0.01227	0.01472	0.01534	0.00859	0.00981	0.01472	0.02024	0.02699	0.05828	0.62152	0.06993	0.03312	0.01350	0.00429	0.00613	0.03006	0.00981	0.00859
31	0.25677	0.01878	0.02166	0.01724	0.02490	0.01815	0.01423	0.04500	0.02635	0.40302	0.03310	0.02998	0.02147	0.01204	0.00933	0.00327	0.00874	0.00907	0.01100	0.01590
32	0.04744	0.01799	0.02454	0.01881	0.02699	0.01554	0.01554	0.05153	0.03026	0.56979	0.04171	0.03599	0.02617	0.01309	0.01063	0.00327	0.00900	0.01063	0.01309	0.01799
33	0.04054	0.02181	0.02578	0.02031	0.02791	0.02211	0.01660	0.20708	0.09739	0.30301	0.03597	0.03315	0.02427	0.01305	0.01040	0.00322	0.00950	0.01037	0.06029	0.01726
34	0.03333	0.02040	0.03017	0.03680	0.24706	0.01979	0.02149	0.07358	0.02772	0.22012	0.03023	0.03173	0.02183	0.01141	0.01000	0.00307	0.00997	0.00992	0.12532	0.01608
35	0.02071	0.01955	0.03305	0.53873	0.13131	0.02369	0.02973	0.02766	0.02149	0.02791	0.01892	0.02795	0.01441	0.01043	0.01056	0.00348	0.01391	0.00940	0.00476	0.01234
36	0.08514	0.01401	0.01999	0.01893	0.02261	0.01350	0.06282	0.02426	0.02287	0.09563	0.05088	0.28794	0.08083	0.02483	0.01259	0.00409	0.00861	0.13021	0.00944	0.01083
37	0.02341	0.02032	0.03515	0.08366	0.03882	0.02053	0.19013	0.03380	0.11334	0.07279	0.03760	0.10929	0.03458	0.01717	0.01244	0.00390	0.01227	0.11945	0.00819	0.01316
38	0.52295	0.02377	0.01981	0.01756	0.02287	0.07897	0.01431	0.03118	0.01883	0.04160	0.01473	0.01838	0.01207	0.01141	0.01166	0.00345	0.11234	0.00643	0.00611	0.01155
39	0.02549	0.21076	0.12139	0.03502	0.04582	0.03094	0.31665	0.03317	0.02362	0.03117	0.01912	0.02436	0.01500	0.00909	0.01051	0.00315	0.01564	0.00990	0.00500	0.01422
40	0.01825	0.01632	0.02123	0.13498	0.03085	0.05248	0.01683	0.02207	0.01976	0.02653	0.03124	0.17945	0.03219	0.03937	0.20306	0.00806	0.06635	0.01479	0.00645	0.05975
41	0.02338	0.02129	0.03487	0.33405	0.13815	0.02386	0.07702	0.08762	0.02627	0.03515	0.07296	0.03256	0.02360	0.01156	0.01094	0.00341	0.01304	0.01068	0.00623	0.01336
42	0.22908	0.09664	0.03971	0.02710	0.03570	0.02598	0.20533	0.03679	0.05648	0.11581	0.02298	0.02558	0.01691	0.01015	0.00966	0.00328	0.01230	0.00936	0.00708	0.01405
43	0.04744	0.01799	0.02454	0.01881	0.02699	0.01554	0.01554	0.05153	0.03026	0.56979	0.04171	0.03599	0.02617	0.01309	0.01063	0.00327	0.00900	0.01063	0.01309	0.01799
44	0.01300	0.01073	0.01141	0.01124	0.01459	0.00914	0.00843	0.01615	0.02528	0.03137	0.19852	0.09713	0.46501	0.02573	0.01249	0.00352	0.00528	0.02167	0.01019	0.00914
45	0.03235	0.02330	0.03911	0.04958	0.36190	0.02243	0.06851	0.03820	0.02598	0.19262	0.02646	0.02927	0.01947	0.01046	0.01068	0.00321	0.01195	0.01003	0.00756	0.01691
46	0.09017	0.08112	0.03040	0.02329	0.02586	0.02849	0.01956	0.02846	0.01841	0.08260	0.01859	0.02546	0.01636	0.02346	0.09273	0.00560	0.36256	0.00895	0.00578	0.01215
47	0.01338	0.00956	0.01284	0.01529	0.01612	0.00902	0.01068	0.01558	0.02073	0.02755	0.05800	0.56153	0.06885	0.03266	0.01363	0.00436	0.00656	0.08515	0.00981	0.00873
48	0.02137	0.03885	0.32914	0.03800	0.19367	0.02223	0.03254	0.03025	0.02252	0.03278	0.02538	0.11707	0.02322	0.01347	0.01071	0.00343	0.01324	0.01176	0.00553	0.01486
49	0.02120	0.09253	0.20398	0.36411	0.05971	0.02569	0.03126	0.02951	0.02155	0.02883	0.01843	0.02521	0.01382	0.01025	0.01002	0.00334	0.01429	0.00852	0.00461	0.01315
50	0.01496	0.01081	0.01413	0.01330	0.01580	0.00998	0.00998	0.01995	0.02993	0.04240	0.55689	0.07898	0.09976	0.02162	0.01247	0.00333	0.00499	0.01912	0.01164	0.00998
51	0.01288	0.00920	0.01227	0.01472	0.01534	0.00859	0.00981	0.01472	0.02024	0.02699	0.05828	0.62152	0.06993	0.03312	0.01350	0.00429	0.00613	0.03006	0.00981	0.00859
52	0.02663	0.15509	0.31746	0.02621	0.03796	0.08392	0.02930	0.08352	0.07839	0.03542	0.02098	0.02305	0.01580	0.01063	0.00952	0.00309	0.01405	0.00790	0.00579	0.01525
53	0.01250	0.01071	0.01071	0.01071	0.01428	0.00893	0.00803	0.01517	0.02410	0.02856	0.10711	0.10175	0.55817	0.02678	0.01250	0.00357	0.00536	0.02231	0.00982	0.00893
54	0.04019	0.02962	0.03173	0.02433	0.03279	0.03279	0.02010	0.52721	0.04971	0.06663	0.02538	0.02538	0.01798	0.01269	0.01058	0.00317	0.01163	0.00952	0.01058	0.01798
55	0.02350	0.08069	0.03911	0.29369	0.18902	0.02627	0.07647	0.03250	0.07528	0.03118	0.02140	0.02777	0.01677	0.01035	0.01039	0.00331	0.01322	0.00961	0.00550	0.01397
56	0.02600	0.12155	0.34068	0.03000	0.04291	0.02618	0.12759	0.03547	0.02367	0.09648	0.02160	0.02445	0.01546	0.01006	0.01016	0.00324	0.01469	0.00877	0.00567	0.01537
57	0.01390	0.01068	0.01296	0.01438	0.01675	0.00974	0.01111	0.01695	0.02303	0.02897	0.07821	0.26027	0.27320	0.02934	0.01339	0.00415	0.00683	0.15731	0.00979	0.00906
58	0.31266	0.08053	0.02729	0.10138	0.12721	0.02403	0.01909	0.03124	0.02129	0.07207	0.02211	0.03179	0.01892	0.01194	0.00889	0.00334	0.01027	0.05644	0.00661	0.01291
59	0.02575	0.42757	0.24052	0.02239	0.03379	0.03566	0.02558	0.03231	0.02178	0.02795	0.01623	0.01888	0.01351	0.00940	0.00795	0.00265	0.01285	0.00642	0.00450	0.01430
60	0.02338	0.02189	0.02209	0.02013	0.02265	0.12173	0.01535	0.07498	0.02221	0.02836	0.02465	0.03869	0.02379	0.16440	0.22760	0.00969	0.11092	0.01084	0.00612	0.01052
61	0.02196	0.01816	0.02017	0.01838	0.02302	0.02006	0.01415	0.04233	0.34703	0.04353	0.23952	0.05456	0.05808	0.01712	0.01141	0.00349	0.00708	0.01469	0.01110	0.01415
62	0.70310	0.02045	0.01554	0.01390	0.02045	0.02372	0.01145	0.03108	0.01799	0.04744	0.01472	0.01718	0.01145	0.00981	0.00654	0.00327	0.00818	0.00573	0.00654	0.01145
63	0.02827	0.63478	0.05540	0.01809	0.02714	0.04184	0.01809	0.03166	0.02148	0.02488	0.01470	0.01696	0.01357	0.00905	0.00678	0.00226	0.01131	0.00565	0.00452	0.01357
64	0.03773	0.01613	0.02214	0.01902	0.02537	0.01446	0.01602	0.04207	0.02837	0.39798	0.04627	0.06257	0.03724	0.01823	0.01190	0.00378	0.00923	0.16409	0.01202	0.01536
65	0.02827	0.63478	0.05540	0.01809	0.02714	0.04184	0.01809	0.03166	0.02148	0.02488	0.01470	0.01696	0.01357	0.00905	0.00678	0.00226	0.01131	0.00565	0.00452	0.01357
66	0.04744	0.01799	0.02454	0.01881	0.02699	0.01554	0.01554	0.05153	0.03026	0.56979	0.04171	0.03599	0.02617	0.01309	0.01063	0.00327	0.00900	0.01063	0.01309	0.01799
67	0.01445	0.01057	0.01493	0.01556	0.01703	0.01128	0.01142	0.01757	0.01940	0.02716	0.10060	0.21901	0.04876	0.09152	0.31688	0.01121	0.01790	0.01803	0.00765	0.00907
68	0.70310	0.02045	0.01554	0.01390	0.02045	0.02372	0.01145	0.03108	0.01799	0.04744	0.01472	0.01718	0.01145	0.00981	0.00654	0.00327	0.00818	0.00573	0.00654	0.01145
69	0.03351	0.02325	0.02572	0.02158	0.02853	0.02554	0.01722	0.15656	0.33467	0.15406	0.03897	0.03573	0.02798	0.01374	0.01069	0.00343	0.00920	0.01117	0.01118	0.01725
70	0.01328	0.01096	0.01180	0.01221	0.01559	0.00948	0.00958	0.01633	0.02414	0.02909	0.09834	0.10476	0.47283	0.02719	0.01286	0.00379	0.00611	0.10280	0.00980	0.00906
71	0.04744	0.01799	0.02454	0.01881	0.02699	0.01554	0.01554	0.05153	0.03026	0.56979	0.04171	0.03599	0.02617	0.01309	0.01063	0.00327	0.00900	0.01063	0.01309	0.01799
72	0.02827	0.63478	0.05540	0.01809	0.02714	0.04184	0.01809	0.03166	0.02148	0.02488	0.01470	0.01696	0.01357	0.00905	0.00678	0.00226	0.01131	0.00565	0.00452	0.01357
73	0.01570	0.01047	0.01213	0.01314	0.01555	0.00983	0.01013	0.01935	0.02281	0.03215	0.06469	0.19078	0.19521	0.02425	0.01163	0.00366	0.00633	0.12101	0.21187	0.00931
74	0.01510	0.01133	0.01699	0.01699	0.01888	0.01322	0.01322	0.01888	0.01699	0.02454	0.02832	0.04154	0.02643	0.07930	0.58652	0.01699	0.02832	0.01133	0.00566	0.00944
75	0.02844	0.02223	0.02397	0.02124	0.02744	0.02521	0.01661	0.05571	0.49132	0.09754	0.04290	0.03910	0.03166	0.01422	0.01075	0.00355	0.00843	0.01182	0.01099	0.01686
76	0.02431	0.30931	0.34617	0.02485	0.03759	0.03214	0.02986	0.03268	0.02195	0.02971	0.01710	0.01997	0.01347	0.00961	0.00861	0.00287	0.01373	0.00687	0.00449	0.01472
77	0.01514	0.01094	0.01477	0.01704	0.01887	0.01058	0.01365	0.01870	0.02277	0.02966	0.06057	0.30790	0.10044	0.03051	0.01403	0.00456	0.00806	0.28280	0.00977	0.00924
78	0.70310	0.02045	0.01554	0.01390	0.02045	0.02372	0.01145	0.03108	0.01799	0.04744	0.01472	0.01718	0.01145	0.00981	0.00654	0.00327	0.00818	0.00573	0.00654	0.01145
79	0.02703	0.40707	0.21310	0.02257	0.03334	0.08195	0.02475	0.03310	0.02245	0.02761	0.01615	0.01879	0.01352	0.00951	0.00802	0.00264	0.01329	0.00642	0.00458	0.01409
80	0.01434	0.00982	0.01184	0.01286	0.01311	0.00956	0.00782	0.01510	0.01740	0.02319	0.04367	0.29835	0.05150	0.38144	0.03709	0.00778	0.00854	0.02147	0.00782	0.00731
81	0.02230	0.14472	0.49321	0.02827	0.04287	0.02724	0.03581	0.03320	0.02219	0.03215	0.01831	0.02149	0.01342	0.00989	0.00954	0.00318	0.01496	0.00748	0.00447	0.01531
82	0.02926	0.03166	0.03527	0.08369	0.25378	0.19179	0.02610	0.03598	0.06791	0.03102	0.01988	0.02491	0.01654	0.01158	0.01350	0.00328	0.09499	0.00884	0.00564	0.01436
83	0.04744	0.01799	0.02454	0.01881	0.02699	0.01554	0.01554	0.05153	0.03026	0.56979	0.04171	0.03599	0.02617	0.01309	0.01063	0.00327	0.00900	0.01063	0.01309	0.01799
84	0.31947	0.01901	0.02080	0.01678	0.02428	0.01893	0.01384	0.04304	0.02517	0.35307	0.03051	0.02818	0.02006	0.01173	0.00894	0.00327	0.00866	0.00860	0.01037	0.01528
85	0.02029	0.02614	0.13811	0.19825	0.04741	0.02184	0.12837	0.02791	0.02386	0.03316	0.14507	0.03867	0.03442	0.01328	0.01304	0.00353	0.05567	0.01200	0.00641	0.01258
86	0.01666	0.01369	0.01735	0.01718	0.01913	0.04886	0.01310	0.02005	0.01767	0.02429	0.02799	0.04244	0.02663	0.12087	0.50587	0.01554	0.02623	0.01138	0.00571	0.00936
87	0.01510	0.01133	0.01699	0.01699	0.01888	0.01322	0.01322	0.01888	0.01699	0.02454	0.02832	0.04154	0.02643	0.07930	0.58652	0.01699	0.02832	0.01133	0.00566	0.00944
88	0.02827	0.63478	0.05540	0.01809	0.02714	0.04184	0.01809	0.03166	0.02148	0.02488	0.01470	0.01696	0.01357	0.00905	0.00678	0.00226	0.01131	0.00565	0.00452	0.01357
89	0.02155	0.01915	0.03123	0.04510	0.33688	0.01903	0.02461	0.02664	0.02337	0.03241	0.03532	0.16515	0.03686	0.01841	0.01196	0.00374	0.01067	0.11718	0.00712	0.01361
90	0.01510	0.01133	0.01699	0.01699	0.01888	0.01322	0.01322	0.01888	0.01699	0.02454	0.02832	0.04154	0.02643	0.07930	0.58652	0.01699	0.02832	0.01133	0.00566	0.00944
91	0.01283	0.01009	0.01160	0.01256	0.01483	0.00886	0.00891	0.01533	0.02292	0.02890	0.11909	0.31577	0.32275	0.02904	0.01291	0.00385	0.00565	0.02530	0.00995	0.00886

[dist]
# distance from previous block
# <min> <max>
0	12

# created by:
# /st0/software/busco_prod/Augustus/scripts/msa2prfl.pl ./align_prep/10167.fa
