[name]
unknown

[dist]
# distance from previous block
# <min> <max>
47	274

[block]
# block no. 0 follows, 10 sequences, length 18
# corresponding to MSA columns:
# 320-337
name=unknown_A
#
# <colnr> <probs for GDERKNQSTAVLIFYWHMCP>
#	G	D	E	R	K	N	Q	S	T	A	V	L	I	F	Y	W	H	M	C	P
0	0.02993	0.13754	0.04729	0.16321	0.09796	0.03266	0.11857	0.11167	0.07387	0.04073	0.02421	0.02911	0.01870	0.01158	0.01126	0.00352	0.01455	0.01052	0.00704	0.01609
1	0.11620	0.01579	0.02027	0.01824	0.02278	0.01653	0.01430	0.03241	0.02281	0.17157	0.03380	0.04314	0.02798	0.10300	0.27563	0.01167	0.02027	0.01182	0.00875	0.01304
2	0.02769	0.10013	0.08093	0.02383	0.03072	0.02069	0.06487	0.03317	0.02656	0.13528	0.04485	0.17546	0.04401	0.02205	0.01299	0.00415	0.01144	0.11749	0.00966	0.01403
3	0.03437	0.08592	0.14395	0.11471	0.04540	0.02860	0.05591	0.11409	0.03105	0.15261	0.02710	0.02955	0.01917	0.01286	0.01311	0.00366	0.05257	0.01012	0.00834	0.01691
4	0.02357	0.01604	0.02361	0.18466	0.03880	0.01641	0.01829	0.02603	0.02182	0.07474	0.02881	0.10723	0.02679	0.02323	0.02153	0.19729	0.01104	0.01291	0.00705	0.12017
5	0.03666	0.02546	0.03041	0.02422	0.03142	0.02760	0.01982	0.16918	0.09811	0.14913	0.03056	0.03132	0.02246	0.01467	0.01645	0.00360	0.12192	0.01043	0.01013	0.12643
6	0.20710	0.09388	0.06757	0.07589	0.03927	0.06286	0.09439	0.04051	0.02611	0.15094	0.02502	0.02727	0.01797	0.01154	0.01020	0.00351	0.01327	0.00934	0.00796	0.01539
7	0.09755	0.02221	0.03253	0.11533	0.04102	0.02231	0.07963	0.08623	0.03167	0.24129	0.08050	0.03866	0.03072	0.01388	0.01173	0.00368	0.01189	0.01204	0.01061	0.01654
8	0.09147	0.08609	0.10461	0.02670	0.03691	0.02630	0.09768	0.04379	0.11739	0.12659	0.02993	0.03083	0.02188	0.01189	0.01073	0.00337	0.01239	0.01021	0.00857	0.10265
9	0.02568	0.02494	0.03526	0.03386	0.09654	0.03115	0.02488	0.02926	0.02006	0.03102	0.01708	0.02568	0.01603	0.01702	0.02956	0.00430	0.39964	0.00965	0.00548	0.12293
10	0.02714	0.02787	0.03570	0.31604	0.15111	0.11238	0.02917	0.03364	0.02561	0.03204	0.02045	0.02810	0.01618	0.01110	0.01107	0.00340	0.01531	0.00947	0.00562	0.08863
11	0.03109	0.59826	0.06095	0.01990	0.02985	0.04602	0.01990	0.03483	0.02363	0.02736	0.01617	0.01866	0.01493	0.00995	0.00746	0.00249	0.01244	0.00622	0.00498	0.01493
12	0.04067	0.02390	0.02924	0.07653	0.03562	0.02485	0.01984	0.22530	0.03973	0.22022	0.03836	0.10799	0.03026	0.01694	0.01209	0.00373	0.01124	0.01396	0.01183	0.01769
13	0.13782	0.02831	0.03180	0.02577	0.03267	0.12291	0.08014	0.04170	0.02873	0.18499	0.08334	0.03566	0.03002	0.01441	0.01390	0.00368	0.06836	0.01124	0.00938	0.01517
14	0.01856	0.01409	0.01736	0.01615	0.01954	0.01400	0.01223	0.02866	0.11121	0.04698	0.43420	0.07955	0.09723	0.02243	0.01340	0.00371	0.00611	0.01971	0.01264	0.01223
15	0.01509	0.01167	0.01376	0.01359	0.01663	0.01034	0.01006	0.01917	0.02917	0.03856	0.30226	0.14692	0.27605	0.02742	0.01384	0.00388	0.00578	0.02371	0.01176	0.01034
16	0.03338	0.09264	0.26439	0.08867	0.04505	0.02539	0.03108	0.04235	0.02719	0.19624	0.02863	0.02969	0.01946	0.01211	0.01099	0.00357	0.01415	0.00959	0.00807	0.01734
17	0.02729	0.01787	0.01793	0.01617	0.02032	0.07321	0.01239	0.03230	0.03018	0.12435	0.22111	0.05704	0.05894	0.01748	0.01117	0.00326	0.00799	0.01455	0.22374	0.01270

[dist]
# distance from previous block
# <min> <max>
3	28

[block]
# block no. 1 follows, 10 sequences, length 21
# corresponding to MSA columns:
# 366-386
name=unknown_B
#
# <colnr> <probs for GDERKNQSTAVLIFYWHMCP>
#	G	D	E	R	K	N	Q	S	T	A	V	L	I	F	Y	W	H	M	C	P
0	0.07822	0.08918	0.31927	0.02758	0.04055	0.02789	0.03191	0.10087	0.02958	0.04391	0.07852	0.03141	0.02641	0.01286	0.01086	0.00355	0.01415	0.00996	0.00702	0.01631
1	0.02893	0.07703	0.16075	0.17908	0.05318	0.02729	0.09188	0.04052	0.08095	0.10600	0.02750	0.03120	0.01981	0.01198	0.01149	0.00370	0.01471	0.01059	0.00729	0.01613
2	0.02196	0.02067	0.03488	0.56331	0.08010	0.02584	0.03230	0.02972	0.02326	0.02972	0.02067	0.03101	0.01550	0.01163	0.01163	0.00388	0.01550	0.01034	0.00517	0.01292
3	0.03472	0.03825	0.23744	0.10762	0.04657	0.02495	0.03070	0.09915	0.03095	0.19154	0.02946	0.03059	0.01983	0.01254	0.01141	0.00366	0.01412	0.01005	0.00874	0.01769
4	0.17058	0.02496	0.08799	0.02096	0.02908	0.02094	0.01878	0.04431	0.09705	0.22048	0.03922	0.11208	0.03148	0.01658	0.01114	0.00382	0.01009	0.01345	0.01075	0.01624
5	0.02259	0.02059	0.03399	0.20901	0.24254	0.02201	0.02770	0.02840	0.02430	0.03311	0.03326	0.18402	0.03381	0.01802	0.01248	0.00394	0.01237	0.01668	0.00698	0.01421
6	0.02196	0.02067	0.03488	0.56331	0.08010	0.02584	0.03230	0.02972	0.02326	0.02972	0.02067	0.03101	0.01550	0.01163	0.01163	0.00388	0.01550	0.01034	0.00517	0.01292
7	0.03103	0.11025	0.08480	0.14357	0.04488	0.02475	0.08175	0.03731	0.02649	0.16242	0.03330	0.11033	0.02797	0.01539	0.01170	0.00370	0.01299	0.01362	0.00846	0.01530
8	0.03838	0.02953	0.10325	0.09261	0.04592	0.02490	0.12247	0.10994	0.03292	0.23176	0.03219	0.03312	0.02167	0.01258	0.01203	0.00370	0.01403	0.01139	0.00984	0.01776
9	0.01417	0.01012	0.01350	0.01619	0.01687	0.00945	0.01080	0.01619	0.02227	0.02969	0.06410	0.58367	0.07692	0.03644	0.01484	0.00472	0.00675	0.03306	0.01080	0.00945
10	0.03269	0.02353	0.03589	0.27292	0.15879	0.02571	0.02851	0.09488	0.03013	0.14201	0.02719	0.03194	0.01949	0.01224	0.01162	0.00368	0.01361	0.01065	0.00808	0.01645
11	0.02212	0.02528	0.09273	0.50149	0.07663	0.02598	0.03354	0.03055	0.02341	0.03055	0.02070	0.03026	0.01541	0.01156	0.01156	0.00385	0.01570	0.01013	0.00514	0.01342
12	0.01575	0.01134	0.01491	0.01512	0.01722	0.01050	0.01092	0.02016	0.02961	0.04137	0.37310	0.24138	0.09953	0.02771	0.01407	0.00399	0.00588	0.02477	0.01218	0.01050
13	0.01411	0.01037	0.01324	0.01554	0.01670	0.00950	0.01050	0.01627	0.02290	0.02995	0.07212	0.51325	0.14217	0.03540	0.01468	0.00460	0.00662	0.03179	0.01080	0.00950
14	0.03481	0.11815	0.03307	0.08668	0.03597	0.20491	0.02037	0.04138	0.07280	0.10491	0.03159	0.10760	0.02794	0.01587	0.01110	0.00345	0.01424	0.01247	0.00824	0.01446
15	0.26267	0.02085	0.02470	0.09684	0.03445	0.02146	0.01772	0.04502	0.02718	0.29118	0.03199	0.03120	0.02128	0.01275	0.01013	0.00364	0.01039	0.00963	0.01058	0.01632
16	0.03688	0.01991	0.02452	0.02010	0.02688	0.01955	0.01611	0.10972	0.09639	0.24797	0.18853	0.05304	0.05349	0.01743	0.01233	0.00365	0.00887	0.01460	0.01316	0.01687
17	0.01613	0.01163	0.01525	0.01486	0.01730	0.01075	0.01095	0.02112	0.03139	0.04420	0.44809	0.15831	0.10502	0.02560	0.01388	0.00381	0.00567	0.02276	0.01251	0.01075
18	0.28501	0.02108	0.02444	0.09748	0.03307	0.02408	0.01818	0.03639	0.02419	0.14872	0.07005	0.03256	0.02613	0.01436	0.01406	0.00387	0.09354	0.01003	0.00870	0.01408
19	0.13331	0.02072	0.02672	0.09109	0.03438	0.02233	0.01917	0.07262	0.02796	0.23950	0.03186	0.03407	0.02275	0.02450	0.09021	0.00594	0.06661	0.01059	0.00987	0.01580
20	0.02729	0.02912	0.03778	0.03158	0.03444	0.10840	0.08844	0.03116	0.02159	0.02927	0.01891	0.02824	0.01735	0.02622	0.09602	0.00636	0.33880	0.01058	0.00549	0.01296

[dist]
# distance from previous block
# <min> <max>
16	104

[block]
# block no. 2 follows, 10 sequences, length 44
# corresponding to MSA columns:
# 498-541
name=unknown_C
#
# <colnr> <probs for GDERKNQSTAVLIFYWHMCP>
#	G	D	E	R	K	N	Q	S	T	A	V	L	I	F	Y	W	H	M	C	P
0	0.02231	0.05303	0.45490	0.03042	0.04547	0.02464	0.03825	0.03463	0.02579	0.03828	0.09347	0.03376	0.02876	0.01293	0.01144	0.00368	0.01546	0.01043	0.00608	0.01627
1	0.02878	0.01796	0.02287	0.07973	0.03053	0.01753	0.01634	0.09643	0.03025	0.14676	0.05172	0.21244	0.09442	0.02200	0.01259	0.00382	0.00940	0.01898	0.01071	0.07675
2	0.15722	0.01573	0.01799	0.01671	0.02165	0.01511	0.01275	0.03195	0.02569	0.18281	0.05702	0.23873	0.11423	0.02370	0.01221	0.00405	0.00801	0.02008	0.01115	0.01322
3	0.10456	0.02044	0.02607	0.02046	0.02911	0.01882	0.01681	0.05513	0.06913	0.44722	0.04341	0.03808	0.02791	0.01419	0.01131	0.00363	0.00976	0.01134	0.01356	0.01905
4	0.02867	0.01652	0.02024	0.01765	0.02139	0.01683	0.01288	0.09476	0.02643	0.14209	0.03637	0.05527	0.03352	0.28489	0.13223	0.00981	0.01490	0.01398	0.00919	0.01236
5	0.08893	0.02146	0.03243	0.12457	0.04206	0.02076	0.07132	0.04783	0.02978	0.34455	0.03651	0.03556	0.02388	0.01310	0.01158	0.00369	0.01197	0.01128	0.01119	0.01753
6	0.02632	0.01451	0.01842	0.01750	0.02158	0.01352	0.01304	0.03222	0.06942	0.17270	0.10266	0.28607	0.11159	0.02650	0.01347	0.00416	0.00765	0.02327	0.01208	0.01333
7	0.01478	0.01056	0.01419	0.01689	0.01783	0.00997	0.01186	0.01725	0.02287	0.03037	0.06377	0.52336	0.07559	0.03586	0.01501	0.00481	0.00728	0.08736	0.01078	0.00962
8	0.02714	0.03377	0.17386	0.21002	0.05415	0.02677	0.06088	0.12192	0.03032	0.04247	0.02431	0.02999	0.01789	0.01202	0.01122	0.00362	0.01459	0.01016	0.07944	0.01545
9	0.02869	0.02265	0.04016	0.35943	0.06685	0.02492	0.11825	0.03625	0.02596	0.12382	0.02594	0.03268	0.01841	0.01178	0.01206	0.00383	0.01528	0.01127	0.00703	0.01475
10	0.01451	0.01038	0.01380	0.01596	0.01694	0.00967	0.01082	0.01704	0.02384	0.03219	0.13032	0.51032	0.08177	0.03457	0.01468	0.00457	0.00656	0.03129	0.01109	0.00967
11	0.03356	0.01836	0.02278	0.01933	0.02550	0.01801	0.01528	0.04577	0.15383	0.23338	0.21068	0.05724	0.05905	0.01806	0.01244	0.00371	0.00816	0.01536	0.01317	0.01633
12	0.02591	0.01837	0.02139	0.01975	0.02438	0.01936	0.01499	0.07804	0.18665	0.09131	0.14316	0.20210	0.05992	0.02288	0.01303	0.00403	0.00816	0.01994	0.01197	0.01466
13	0.09668	0.01858	0.01999	0.01861	0.02286	0.02071	0.01401	0.07145	0.17469	0.04163	0.03954	0.10537	0.03594	0.11167	0.08935	0.00689	0.01206	0.01465	0.07193	0.01338
14	0.02845	0.02481	0.03465	0.02943	0.03044	0.03354	0.02451	0.03121	0.01955	0.08395	0.01870	0.02703	0.01678	0.01969	0.03520	0.00492	0.50714	0.01035	0.00613	0.01352
15	0.01417	0.01012	0.01350	0.01619	0.01687	0.00945	0.01080	0.01619	0.02227	0.02969	0.06410	0.58367	0.07692	0.03644	0.01484	0.00472	0.00675	0.03306	0.01080	0.00945
16	0.02196	0.02067	0.03488	0.56331	0.08010	0.02584	0.03230	0.02972	0.02326	0.02972	0.02067	0.03101	0.01550	0.01163	0.01163	0.00388	0.01550	0.01034	0.00517	0.01292
17	0.03109	0.59826	0.06095	0.01990	0.02985	0.04602	0.01990	0.03483	0.02363	0.02736	0.01617	0.01866	0.01493	0.00995	0.00746	0.00249	0.01244	0.00622	0.00498	0.01493
18	0.04200	0.01882	0.02322	0.01856	0.02572	0.01775	0.01508	0.10425	0.03348	0.32185	0.04112	0.03916	0.02789	0.01408	0.01062	0.00332	0.00895	0.01128	0.20574	0.01712
19	0.02893	0.02498	0.02630	0.02367	0.03024	0.02893	0.01841	0.06180	0.49770	0.04865	0.04734	0.04339	0.03550	0.01578	0.01183	0.00394	0.00920	0.01315	0.01183	0.01841
20	0.02273	0.02146	0.03627	0.50792	0.12949	0.02604	0.03268	0.03039	0.02362	0.03065	0.02081	0.03076	0.01583	0.01149	0.01162	0.00383	0.01531	0.01034	0.00523	0.01354
21	0.02976	0.02402	0.02715	0.01990	0.02995	0.02128	0.01612	0.15588	0.03270	0.04784	0.02271	0.02519	0.01794	0.01012	0.00946	0.00222	0.00979	0.00790	0.00822	0.48185
22	0.03786	0.18597	0.04048	0.02433	0.03332	0.03750	0.02084	0.28269	0.12615	0.05628	0.02821	0.02818	0.02129	0.01319	0.01053	0.00330	0.01205	0.00979	0.00985	0.01820
23	0.01590	0.01170	0.01479	0.01581	0.01768	0.01052	0.01064	0.01805	0.02172	0.02973	0.05426	0.43416	0.06385	0.11464	0.02056	0.00529	0.00766	0.02719	0.00972	0.09611
24	0.08784	0.09649	0.19520	0.02307	0.03318	0.02297	0.02426	0.03743	0.02707	0.15749	0.09534	0.08417	0.03609	0.01563	0.01115	0.00361	0.01167	0.01267	0.00901	0.01565
25	0.03437	0.02506	0.02608	0.01987	0.02926	0.08645	0.01585	0.03907	0.02780	0.17039	0.02721	0.02793	0.02009	0.01064	0.00971	0.00241	0.01061	0.00829	0.00882	0.40008
26	0.02593	0.01382	0.01840	0.01650	0.02068	0.01244	0.01262	0.03068	0.03160	0.17573	0.32512	0.14015	0.08322	0.02290	0.01331	0.00378	0.00686	0.02008	0.01297	0.01318
27	0.02433	0.01601	0.01944	0.01856	0.02253	0.01624	0.01385	0.03592	0.15631	0.11201	0.15581	0.24588	0.06573	0.02474	0.01331	0.00411	0.00761	0.02181	0.01205	0.01376
28	0.02678	0.20246	0.25654	0.03432	0.04780	0.03309	0.17001	0.03640	0.02519	0.03430	0.02037	0.02500	0.01568	0.01036	0.01087	0.00342	0.01660	0.00951	0.00523	0.01609
29	0.02889	0.01690	0.02079	0.01950	0.02413	0.01692	0.01465	0.04004	0.15543	0.17452	0.05440	0.28302	0.05207	0.02459	0.01314	0.00419	0.00830	0.02161	0.01209	0.01481
30	0.01478	0.01056	0.01419	0.01689	0.01783	0.00997	0.01186	0.01725	0.02287	0.03037	0.06377	0.52336	0.07559	0.03586	0.01501	0.00481	0.00728	0.08736	0.01078	0.00962
31	0.30178	0.03073	0.09733	0.07712	0.03930	0.02893	0.07303	0.14025	0.02991	0.05130	0.02086	0.02437	0.01544	0.01155	0.00993	0.00365	0.01281	0.00882	0.00760	0.01529
32	0.01417	0.01012	0.01350	0.01619	0.01687	0.00945	0.01080	0.01619	0.02227	0.02969	0.06410	0.58367	0.07692	0.03644	0.01484	0.00472	0.00675	0.03306	0.01080	0.00945
33	0.01554	0.01130	0.01474	0.01582	0.01778	0.01051	0.01160	0.01935	0.02723	0.03696	0.24160	0.30311	0.12334	0.03050	0.01446	0.00432	0.00664	0.07344	0.01156	0.01021
34	0.02421	0.02325	0.07993	0.02045	0.02800	0.01866	0.01796	0.08627	0.02575	0.03752	0.02448	0.03184	0.02086	0.03469	0.16023	0.08112	0.01647	0.00944	0.00691	0.25196
35	0.02332	0.01900	0.02268	0.01745	0.02524	0.01635	0.01393	0.02824	0.02326	0.03712	0.02355	0.02863	0.01979	0.01599	0.04991	0.00337	0.05453	0.00814	0.10251	0.46698
36	0.01435	0.01063	0.01341	0.01520	0.01671	0.00969	0.01045	0.01693	0.02425	0.03191	0.12443	0.44005	0.16203	0.03372	0.01451	0.00446	0.00645	0.03013	0.01102	0.00969
37	0.01501	0.01074	0.01437	0.01656	0.01775	0.01010	0.01171	0.01789	0.02428	0.03265	0.12705	0.46286	0.08043	0.03417	0.01482	0.00464	0.00701	0.07707	0.01107	0.00980
38	0.02981	0.03044	0.12993	0.26612	0.05997	0.02632	0.08072	0.08657	0.02899	0.11036	0.02558	0.03077	0.01805	0.01199	0.01177	0.00376	0.01514	0.01061	0.00729	0.01582
39	0.03511	0.02124	0.03535	0.17750	0.04773	0.02119	0.10581	0.04101	0.02754	0.23917	0.03360	0.03976	0.02450	0.07771	0.01740	0.00460	0.01344	0.01228	0.00939	0.01566
40	0.03878	0.01848	0.02745	0.02215	0.02936	0.01677	0.06739	0.04417	0.03001	0.30897	0.04420	0.05289	0.03336	0.01634	0.01191	0.00373	0.01028	0.07506	0.13238	0.01632
41	0.12593	0.51325	0.05447	0.01922	0.02876	0.04308	0.01882	0.03473	0.02307	0.03103	0.01617	0.01869	0.01458	0.01008	0.00742	0.00265	0.01193	0.00623	0.00530	0.01458
42	0.02653	0.02243	0.02713	0.09955	0.03654	0.02064	0.01790	0.08323	0.07317	0.04171	0.02406	0.02742	0.01902	0.01035	0.00971	0.00245	0.01016	0.00841	0.00765	0.43193
43	0.10206	0.03278	0.18005	0.10567	0.04414	0.02286	0.06595	0.03784	0.02641	0.13710	0.06132	0.03299	0.02480	0.01240	0.01106	0.00355	0.01322	0.01043	0.00793	0.06742

[dist]
# distance from previous block
# <min> <max>
7	11

[block]
# block no. 3 follows, 10 sequences, length 9
# corresponding to MSA columns:
# 555-563
name=unknown_D
#
# <colnr> <probs for GDERKNQSTAVLIFYWHMCP>
#	G	D	E	R	K	N	Q	S	T	A	V	L	I	F	Y	W	H	M	C	P
0	0.03136	0.01950	0.02544	0.02259	0.02677	0.02127	0.01818	0.09515	0.02932	0.16687	0.04350	0.18549	0.04182	0.02351	0.01871	0.00441	0.12922	0.07176	0.01063	0.01447
1	0.32095	0.02834	0.02211	0.02013	0.02602	0.13476	0.01560	0.09231	0.02774	0.04533	0.02790	0.13566	0.02717	0.01670	0.01005	0.00368	0.01160	0.01256	0.00826	0.01310
2	0.01685	0.02095	0.11971	0.01910	0.02387	0.01357	0.01742	0.02243	0.02650	0.03713	0.21371	0.29422	0.07584	0.02679	0.01367	0.00414	0.00843	0.02383	0.01031	0.01156
3	0.11384	0.02108	0.02947	0.02220	0.03081	0.01858	0.09707	0.02992	0.02591	0.04156	0.12083	0.03750	0.03551	0.01223	0.01038	0.00278	0.01003	0.01093	0.00796	0.32139
4	0.02942	0.02208	0.02526	0.01995	0.02878	0.02045	0.01584	0.04429	0.19258	0.10454	0.03333	0.03291	0.02517	0.01189	0.01015	0.00275	0.00899	0.00972	0.00960	0.35229
5	0.02030	0.01669	0.02187	0.02042	0.02216	0.02024	0.01554	0.02708	0.08496	0.02912	0.03139	0.04864	0.03032	0.18875	0.24112	0.01188	0.13821	0.01318	0.00697	0.01117
6	0.01687	0.01143	0.01348	0.01348	0.01376	0.01171	0.00804	0.01743	0.01715	0.02314	0.03592	0.07207	0.04053	0.52435	0.12371	0.01226	0.01391	0.01632	0.00694	0.00749
7	0.04945	0.02417	0.02970	0.02277	0.03187	0.02359	0.01881	0.20149	0.04061	0.37162	0.03974	0.03560	0.02571	0.01425	0.01167	0.00356	0.01089	0.01128	0.01345	0.01979
8	0.01408	0.01048	0.01313	0.01525	0.01662	0.00953	0.01038	0.01630	0.02317	0.03006	0.07558	0.48292	0.17027	0.03495	0.01461	0.00455	0.00656	0.03124	0.01080	0.00953

[dist]
# distance from previous block
# <min> <max>
0	24

[block]
# block no. 4 follows, 10 sequences, length 10
# corresponding to MSA columns:
# 588-597
name=unknown_E
#
# <colnr> <probs for GDERKNQSTAVLIFYWHMCP>
#	G	D	E	R	K	N	Q	S	T	A	V	L	I	F	Y	W	H	M	C	P
0	0.03949	0.03437	0.10941	0.02666	0.03673	0.03164	0.02425	0.30468	0.11503	0.11043	0.03162	0.03095	0.02231	0.01383	0.01158	0.00360	0.01263	0.01071	0.01091	0.01917
1	0.02020	0.01010	0.01515	0.01515	0.01515	0.01010	0.01010	0.01515	0.01515	0.02020	0.02020	0.03535	0.02020	0.04040	0.04545	0.66162	0.01010	0.01010	0.00505	0.00505
2	0.01747	0.01289	0.01686	0.01723	0.01812	0.01406	0.01240	0.01958	0.01964	0.02681	0.04177	0.15279	0.04656	0.27777	0.13320	0.01018	0.06349	0.08223	0.00786	0.00909
3	0.01560	0.01166	0.01482	0.01681	0.01901	0.01088	0.01297	0.01900	0.02490	0.03187	0.07731	0.30724	0.18792	0.03315	0.01497	0.00473	0.00786	0.16856	0.01077	0.00997
4	0.02893	0.02498	0.02630	0.02367	0.03024	0.02893	0.01841	0.06180	0.49770	0.04865	0.04734	0.04339	0.03550	0.01578	0.01183	0.00394	0.00920	0.01315	0.01183	0.01841
5	0.02020	0.01010	0.01515	0.01515	0.01515	0.01010	0.01010	0.01515	0.01515	0.02020	0.02020	0.03535	0.02020	0.04040	0.04545	0.66162	0.01010	0.01010	0.00505	0.00505
6	0.02032	0.01533	0.02031	0.01875	0.01875	0.01844	0.01342	0.01988	0.01676	0.02364	0.02610	0.05069	0.02865	0.28258	0.04942	0.16749	0.18201	0.01320	0.00596	0.00830
7	0.03959	0.01867	0.02316	0.01859	0.02607	0.01683	0.01509	0.08832	0.03343	0.32812	0.06604	0.06052	0.17638	0.01896	0.01232	0.00369	0.00897	0.01550	0.01301	0.01674
8	0.02545	0.02545	0.03562	0.03053	0.03053	0.03562	0.02545	0.02799	0.01781	0.02799	0.01527	0.02545	0.01527	0.02036	0.03817	0.00509	0.56997	0.01018	0.00509	0.01272
9	0.12865	0.29275	0.16455	0.02348	0.03468	0.03684	0.02474	0.10396	0.02807	0.04052	0.01913	0.02156	0.01527	0.01097	0.00894	0.00310	0.01313	0.00747	0.00633	0.01587

[dist]
# distance from previous block
# <min> <max>
0	26

[block]
# block no. 5 follows, 10 sequences, length 27
# corresponding to MSA columns:
# 624-650
name=unknown_F
#
# <colnr> <probs for GDERKNQSTAVLIFYWHMCP>
#	G	D	E	R	K	N	Q	S	T	A	V	L	I	F	Y	W	H	M	C	P
0	0.02097	0.01253	0.01662	0.01595	0.01901	0.01143	0.01181	0.02534	0.02998	0.11119	0.31900	0.21984	0.08882	0.02598	0.01374	0.00395	0.00648	0.02307	0.01247	0.01182
1	0.03438	0.12865	0.03402	0.02451	0.07032	0.02414	0.01869	0.03900	0.02777	0.19911	0.08775	0.03643	0.03184	0.01389	0.01307	0.00319	0.06254	0.01070	0.00949	0.13050
2	0.14716	0.13289	0.03910	0.10317	0.04095	0.09425	0.06860	0.12104	0.03111	0.08511	0.02259	0.02564	0.01701	0.01171	0.01019	0.00338	0.01392	0.00904	0.00768	0.01547
3	0.01417	0.01012	0.01350	0.01619	0.01687	0.00945	0.01080	0.01619	0.02227	0.02969	0.06410	0.58367	0.07692	0.03644	0.01484	0.00472	0.00675	0.03306	0.01080	0.00945
4	0.09752	0.08255	0.09337	0.02746	0.07444	0.07565	0.02264	0.04268	0.02741	0.20396	0.02790	0.02869	0.01996	0.01267	0.01261	0.00340	0.05868	0.00926	0.00874	0.07038
5	0.02228	0.02126	0.03626	0.10559	0.04145	0.02137	0.14373	0.02850	0.02559	0.03606	0.11380	0.10658	0.04064	0.01669	0.01521	0.00370	0.07049	0.01531	0.00771	0.12778
6	0.04190	0.01761	0.02319	0.01853	0.02602	0.01521	0.01504	0.04622	0.03206	0.39237	0.10419	0.05698	0.12239	0.01797	0.01226	0.00366	0.00876	0.01488	0.01360	0.01717
7	0.04688	0.02265	0.02772	0.02150	0.02997	0.02201	0.01768	0.17718	0.03866	0.34734	0.03987	0.03655	0.02626	0.01419	0.01133	0.00348	0.01030	0.01126	0.07627	0.01891
8	0.02196	0.02067	0.03488	0.56331	0.08010	0.02584	0.03230	0.02972	0.02326	0.02972	0.02067	0.03101	0.01550	0.01163	0.01163	0.00388	0.01550	0.01034	0.00517	0.01292
9	0.01417	0.01012	0.01350	0.01619	0.01687	0.00945	0.01080	0.01619	0.02227	0.02969	0.06410	0.58367	0.07692	0.03644	0.01484	0.00472	0.00675	0.03306	0.01080	0.00945
10	0.01637	0.01155	0.01353	0.01342	0.01454	0.01137	0.00857	0.01790	0.02043	0.02723	0.10576	0.07941	0.11722	0.38837	0.09787	0.01006	0.01187	0.01805	0.00820	0.00827
11	0.03109	0.59826	0.06095	0.01990	0.02985	0.04602	0.01990	0.03483	0.02363	0.02736	0.01617	0.01866	0.01493	0.00995	0.00746	0.00249	0.01244	0.00622	0.00498	0.01493
12	0.02158	0.01203	0.01482	0.01490	0.01678	0.01139	0.01000	0.02363	0.02215	0.10049	0.04818	0.25248	0.05149	0.23469	0.02990	0.00673	0.00871	0.02133	0.08851	0.01023
13	0.01666	0.01117	0.01276	0.01301	0.01308	0.01110	0.00740	0.01685	0.01742	0.02322	0.03922	0.12377	0.04554	0.53917	0.05503	0.01066	0.01085	0.01843	0.00740	0.00727
14	0.01413	0.01029	0.01332	0.01573	0.01675	0.00949	0.01059	0.01625	0.02271	0.02987	0.06971	0.53439	0.12259	0.03571	0.01473	0.00464	0.00666	0.03217	0.01080	0.00949
15	0.04595	0.01959	0.02578	0.02061	0.02844	0.01777	0.01665	0.09049	0.03370	0.41251	0.04683	0.11704	0.03489	0.01754	0.01214	0.00375	0.00971	0.01467	0.01362	0.01830
16	0.04147	0.03052	0.03295	0.02579	0.03431	0.03363	0.02107	0.43753	0.05172	0.06931	0.03123	0.07873	0.02500	0.01602	0.01193	0.00360	0.01224	0.01254	0.01156	0.01883
17	0.02545	0.02545	0.03562	0.03053	0.03053	0.03562	0.02545	0.02799	0.01781	0.02799	0.01527	0.02545	0.01527	0.02036	0.03817	0.00509	0.56997	0.01018	0.00509	0.01272
18	0.02412	0.02067	0.02412	0.01723	0.02756	0.01550	0.01378	0.02929	0.02412	0.03790	0.02067	0.02412	0.01723	0.00861	0.00861	0.00172	0.00861	0.00689	0.00689	0.66236
19	0.01417	0.01012	0.01350	0.01619	0.01687	0.00945	0.01080	0.01619	0.02227	0.02969	0.06410	0.58367	0.07692	0.03644	0.01484	0.00472	0.00675	0.03306	0.01080	0.00945
20	0.01792	0.01268	0.01723	0.01952	0.02157	0.01260	0.01609	0.02210	0.02480	0.03241	0.05829	0.17836	0.06459	0.11338	0.02214	0.00613	0.01031	0.32966	0.01019	0.01003
21	0.02702	0.02239	0.02567	0.01860	0.02879	0.01847	0.01498	0.09435	0.02853	0.04301	0.02172	0.02467	0.01760	0.00939	0.00905	0.00198	0.00922	0.00741	0.00758	0.56959
22	0.01417	0.01012	0.01350	0.01619	0.01687	0.00945	0.01080	0.01619	0.02227	0.02969	0.06410	0.58367	0.07692	0.03644	0.01484	0.00472	0.00675	0.03306	0.01080	0.00945
23	0.01661	0.01246	0.01869	0.01869	0.02077	0.01454	0.01454	0.02077	0.01869	0.02700	0.03115	0.04569	0.02908	0.08723	0.54517	0.01869	0.03115	0.01246	0.00623	0.01038
24	0.01975	0.01203	0.01599	0.01610	0.01864	0.01101	0.01164	0.02350	0.02800	0.09723	0.24683	0.31252	0.08459	0.02853	0.01400	0.00415	0.00661	0.02550	0.01206	0.01134
25	0.50300	0.02175	0.01981	0.01678	0.02447	0.02362	0.01383	0.04036	0.02350	0.18237	0.02434	0.02457	0.01704	0.01178	0.00843	0.00360	0.00924	0.00778	0.00917	0.01457
26	0.04096	0.01731	0.02340	0.01879	0.02582	0.01517	0.01517	0.04577	0.03317	0.37597	0.19246	0.05444	0.05421	0.01734	0.01233	0.00362	0.00851	0.01463	0.01389	0.01702

[dist]
# distance from previous block
# <min> <max>
0	4

[block]
# block no. 6 follows, 10 sequences, length 11
# corresponding to MSA columns:
# 655-665
name=unknown_G
#
# <colnr> <probs for GDERKNQSTAVLIFYWHMCP>
#	G	D	E	R	K	N	Q	S	T	A	V	L	I	F	Y	W	H	M	C	P
0	0.16723	0.02689	0.03043	0.12348	0.04080	0.03001	0.02152	0.25883	0.03942	0.11238	0.02626	0.02801	0.01856	0.01294	0.01075	0.00360	0.01221	0.00975	0.00986	0.01706
1	0.02568	0.02672	0.03401	0.10948	0.04122	0.12481	0.12944	0.03156	0.02734	0.03362	0.04534	0.05678	0.11590	0.01710	0.01243	0.00376	0.01420	0.06205	0.07587	0.01266
2	0.02344	0.02798	0.11277	0.39110	0.15708	0.02635	0.03456	0.03191	0.02405	0.03234	0.02093	0.02961	0.01593	0.01130	0.01152	0.00377	0.01545	0.01008	0.00524	0.01459
3	0.03286	0.13708	0.12370	0.09336	0.04813	0.02874	0.16334	0.04058	0.02723	0.15303	0.02684	0.02992	0.01915	0.01134	0.01142	0.00354	0.01508	0.01067	0.00755	0.01645
4	0.03457	0.03382	0.17263	0.03132	0.04341	0.02291	0.14845	0.04299	0.02833	0.20744	0.03027	0.03158	0.02070	0.01160	0.01173	0.00350	0.01434	0.01087	0.00870	0.09084
5	0.01450	0.01090	0.01343	0.01472	0.01666	0.00984	0.01031	0.01743	0.02544	0.03340	0.16431	0.36253	0.19997	0.03215	0.01434	0.00431	0.00628	0.02848	0.01118	0.00984
6	0.01531	0.01085	0.01438	0.01679	0.01777	0.01037	0.01188	0.01774	0.02254	0.02989	0.06073	0.44600	0.07141	0.09421	0.01975	0.00553	0.00796	0.10706	0.01038	0.00943
7	0.04695	0.02485	0.08478	0.02237	0.03211	0.01921	0.02017	0.05483	0.07064	0.43105	0.04313	0.03818	0.02773	0.01413	0.01163	0.00364	0.01068	0.01146	0.01309	0.01938
8	0.02740	0.01300	0.01526	0.01371	0.01780	0.01224	0.01062	0.03263	0.02793	0.14997	0.12789	0.05062	0.04444	0.01564	0.00995	0.00308	0.00641	0.01292	0.39567	0.01283
9	0.26489	0.03317	0.20256	0.02241	0.03161	0.02255	0.02388	0.03110	0.02160	0.03980	0.02364	0.03618	0.02069	0.01782	0.01542	0.10410	0.01232	0.05693	0.00644	0.01289
10	0.02981	0.08377	0.19436	0.06385	0.04061	0.03050	0.02893	0.08684	0.09917	0.08166	0.02635	0.02918	0.01980	0.01404	0.01607	0.00387	0.11711	0.00997	0.00755	0.01657

[dist]
# distance from previous block
# <min> <max>
0	78

[block]
# block no. 7 follows, 10 sequences, length 17
# corresponding to MSA columns:
# 751-767
name=unknown_H
#
# <colnr> <probs for GDERKNQSTAVLIFYWHMCP>
#	G	D	E	R	K	N	Q	S	T	A	V	L	I	F	Y	W	H	M	C	P
0	0.32864	0.01755	0.01764	0.01783	0.02265	0.01916	0.01504	0.02866	0.02409	0.04424	0.08583	0.07350	0.04554	0.02118	0.01163	0.00435	0.00937	0.19223	0.00926	0.01163
1	0.18929	0.01949	0.02155	0.01829	0.02434	0.01961	0.01439	0.02754	0.02176	0.03847	0.02820	0.14413	0.02870	0.01677	0.01355	0.00331	0.08340	0.01285	0.00757	0.26679
2	0.03249	0.04733	0.37086	0.02919	0.04378	0.02386	0.03475	0.04314	0.02733	0.19250	0.02882	0.02933	0.01920	0.01211	0.01126	0.00366	0.01487	0.00958	0.00792	0.01802
3	0.02836	0.01630	0.02047	0.01857	0.02301	0.01574	0.01409	0.09937	0.03222	0.15801	0.15026	0.26147	0.06363	0.02499	0.01336	0.00404	0.00817	0.02189	0.01221	0.01384
4	0.02352	0.11067	0.03419	0.02511	0.02732	0.03055	0.02111	0.02676	0.01900	0.02758	0.02046	0.03082	0.01960	0.03998	0.19447	0.00901	0.31181	0.01029	0.00543	0.01232
5	0.11800	0.08362	0.03168	0.02177	0.03075	0.02663	0.01833	0.17507	0.03699	0.28942	0.03422	0.03169	0.02290	0.01340	0.01073	0.00345	0.01090	0.01016	0.01180	0.01847
6	0.04082	0.02162	0.02627	0.02168	0.02909	0.02159	0.01732	0.11840	0.13573	0.28599	0.04583	0.11137	0.03528	0.01758	0.01214	0.00381	0.00978	0.01468	0.01293	0.01811
7	0.01417	0.01012	0.01350	0.01619	0.01687	0.00945	0.01080	0.01619	0.02227	0.02969	0.06410	0.58367	0.07692	0.03644	0.01484	0.00472	0.00675	0.03306	0.01080	0.00945
8	0.03168	0.02724	0.03683	0.10268	0.21336	0.02979	0.02708	0.14711	0.16991	0.04846	0.03057	0.03309	0.02338	0.01293	0.01165	0.00365	0.01243	0.01120	0.00884	0.01811
9	0.09793	0.03703	0.03232	0.19817	0.04791	0.25908	0.02500	0.03741	0.02652	0.03120	0.01829	0.02455	0.01494	0.01287	0.01422	0.00362	0.09146	0.00863	0.00573	0.01311
10	0.01782	0.01420	0.01904	0.10284	0.02950	0.01488	0.01638	0.02471	0.07220	0.03296	0.06227	0.28156	0.11944	0.02860	0.01415	0.00454	0.00911	0.11458	0.01001	0.01122
11	0.03066	0.14674	0.04473	0.20716	0.16281	0.02950	0.06240	0.03700	0.02598	0.10927	0.02414	0.02921	0.01830	0.01126	0.01088	0.00344	0.01389	0.00993	0.00676	0.01593
12	0.11774	0.01284	0.01372	0.01419	0.01664	0.01267	0.00986	0.01985	0.02271	0.03374	0.10756	0.23433	0.15635	0.14982	0.02291	0.00569	0.00777	0.02235	0.00963	0.00965
13	0.02398	0.01537	0.01898	0.01801	0.02189	0.01529	0.01347	0.03408	0.12917	0.11658	0.19761	0.22803	0.07078	0.02462	0.01336	0.00405	0.00737	0.02171	0.01221	0.01346
14	0.11469	0.02437	0.03414	0.06975	0.03840	0.02504	0.11709	0.14610	0.03269	0.04693	0.04087	0.04845	0.09853	0.01585	0.01193	0.00370	0.01242	0.04555	0.00871	0.06480
15	0.07670	0.10749	0.15856	0.02161	0.03273	0.02315	0.02207	0.03399	0.02525	0.07733	0.05958	0.02916	0.02395	0.01122	0.00962	0.00277	0.01123	0.00867	0.00721	0.25770
16	0.25466	0.02256	0.02998	0.02801	0.07953	0.02352	0.08822	0.07778	0.02676	0.08218	0.03165	0.14535	0.02973	0.01669	0.01109	0.00386	0.01111	0.01444	0.00862	0.01427

[dist]
# distance from previous block
# <min> <max>
0	94

[block]
# block no. 8 follows, 10 sequences, length 23
# corresponding to MSA columns:
# 862-884
name=unknown_I
#
# <colnr> <probs for GDERKNQSTAVLIFYWHMCP>
#	G	D	E	R	K	N	Q	S	T	A	V	L	I	F	Y	W	H	M	C	P
0	0.13068	0.01700	0.02535	0.08241	0.03233	0.01760	0.08353	0.02495	0.02332	0.03535	0.04471	0.28340	0.04895	0.02476	0.01317	0.00440	0.01054	0.07724	0.00881	0.01147
1	0.13366	0.01800	0.02010	0.01657	0.02372	0.01614	0.01338	0.03095	0.02549	0.08526	0.08304	0.04465	0.03427	0.01413	0.00991	0.00290	0.00827	0.05264	0.08736	0.27957
2	0.07808	0.06786	0.09227	0.07223	0.03673	0.02745	0.02303	0.08304	0.06459	0.12287	0.02625	0.02877	0.01960	0.01347	0.01502	0.00357	0.10524	0.00953	0.00822	0.10215
3	0.02474	0.01580	0.02569	0.02268	0.02704	0.01447	0.09016	0.02861	0.02556	0.14011	0.05331	0.37171	0.05643	0.02714	0.01397	0.00434	0.00959	0.02513	0.01076	0.01276
4	0.13553	0.28532	0.24275	0.02446	0.03686	0.03503	0.02796	0.03553	0.02336	0.03533	0.01807	0.02107	0.01446	0.01053	0.00886	0.00315	0.01377	0.00719	0.00532	0.01545
5	0.10911	0.08573	0.20232	0.02604	0.03739	0.02456	0.07062	0.03888	0.02649	0.15434	0.03690	0.03733	0.07364	0.01364	0.01098	0.00360	0.01301	0.01113	0.00821	0.01608
6	0.01948	0.01410	0.01733	0.01777	0.02015	0.01409	0.01271	0.09455	0.02899	0.03905	0.11244	0.43036	0.07133	0.03114	0.01417	0.00439	0.00761	0.02782	0.01118	0.01136
7	0.13352	0.01475	0.01776	0.01773	0.02159	0.01444	0.01354	0.02915	0.02487	0.14329	0.05174	0.30946	0.05425	0.02673	0.01303	0.00437	0.00834	0.07805	0.01097	0.01241
8	0.13444	0.02340	0.03456	0.35972	0.06308	0.02752	0.06261	0.09092	0.02718	0.03987	0.02111	0.02860	0.01575	0.01166	0.01105	0.00378	0.01438	0.00994	0.00642	0.01400
9	0.03561	0.14185	0.09894	0.03213	0.04308	0.03179	0.16720	0.13837	0.03345	0.12529	0.02656	0.02885	0.01917	0.01165	0.01145	0.00347	0.01484	0.01070	0.00831	0.01729
10	0.04960	0.02037	0.02691	0.02102	0.02975	0.01841	0.01724	0.05725	0.08491	0.47362	0.04605	0.04001	0.02954	0.01455	0.01171	0.00364	0.00982	0.01186	0.01411	0.01964
11	0.02682	0.02526	0.11454	0.02532	0.03354	0.01815	0.10549	0.03342	0.02818	0.14403	0.11372	0.11987	0.12215	0.01940	0.01296	0.00387	0.01133	0.01754	0.00993	0.01448
12	0.03240	0.09433	0.22659	0.10061	0.04767	0.02627	0.08024	0.04125	0.02704	0.17111	0.02762	0.02976	0.01908	0.01181	0.01124	0.00359	0.01473	0.01002	0.00769	0.01695
13	0.01596	0.01192	0.01505	0.01710	0.01849	0.01181	0.01172	0.02173	0.07993	0.03199	0.06207	0.51814	0.07190	0.03393	0.01448	0.00463	0.00705	0.03065	0.01092	0.01053
14	0.01793	0.01170	0.01648	0.01684	0.01800	0.01250	0.01232	0.01889	0.01844	0.02527	0.03340	0.06068	0.03450	0.17341	0.23786	0.18858	0.01858	0.06966	0.00668	0.00829
15	0.02543	0.14530	0.04986	0.30433	0.06409	0.03109	0.15454	0.03291	0.02451	0.03134	0.02053	0.02851	0.01598	0.01076	0.01134	0.00360	0.01601	0.01042	0.00533	0.01412
16	0.04357	0.02069	0.02946	0.11286	0.03824	0.02102	0.02075	0.04835	0.02955	0.37722	0.03759	0.03627	0.02477	0.01472	0.01520	0.00384	0.08530	0.01127	0.01161	0.01770
17	0.02099	0.01845	0.02769	0.03374	0.15507	0.02019	0.02063	0.02520	0.02480	0.03529	0.14093	0.20753	0.05539	0.02325	0.01861	0.00422	0.12697	0.01949	0.00868	0.01289
18	0.03015	0.02425	0.02736	0.02009	0.03012	0.02168	0.01628	0.16466	0.03330	0.04853	0.02285	0.02526	0.01799	0.01022	0.00952	0.00225	0.00987	0.00797	0.00832	0.46933
19	0.02412	0.02067	0.02412	0.01723	0.02756	0.01550	0.01378	0.02929	0.02412	0.03790	0.02067	0.02412	0.01723	0.00861	0.00861	0.00172	0.00861	0.00689	0.00689	0.66236
20	0.02630	0.02772	0.11259	0.09092	0.03743	0.02578	0.02473	0.06527	0.06794	0.07555	0.06405	0.10735	0.03315	0.01878	0.01928	0.00422	0.16212	0.01413	0.00817	0.01451
21	0.18813	0.02201	0.03185	0.02499	0.03263	0.02217	0.12763	0.03985	0.07418	0.13813	0.09214	0.03927	0.03319	0.01365	0.01105	0.00364	0.01104	0.01214	0.06735	0.01496
22	0.01519	0.01175	0.01579	0.07611	0.02375	0.01148	0.01288	0.01836	0.02415	0.03168	0.11314	0.39355	0.14657	0.03124	0.01419	0.00439	0.00745	0.02791	0.01037	0.01005

[dist]
# distance from previous block
# <min> <max>
0	81

[block]
# block no. 9 follows, 10 sequences, length 10
# corresponding to MSA columns:
# 969-978
name=unknown_J
#
# <colnr> <probs for GDERKNQSTAVLIFYWHMCP>
#	G	D	E	R	K	N	Q	S	T	A	V	L	I	F	Y	W	H	M	C	P
0	0.02629	0.02437	0.05943	0.11310	0.04027	0.02355	0.05674	0.08784	0.12882	0.04260	0.03494	0.04857	0.02967	0.01552	0.01184	0.00367	0.01185	0.07912	0.04709	0.11471
1	0.29005	0.02448	0.02994	0.02333	0.03204	0.02535	0.07697	0.11487	0.03076	0.20224	0.02839	0.02851	0.01951	0.01231	0.01020	0.00362	0.01131	0.00966	0.01001	0.01644
2	0.01905	0.01522	0.02300	0.25711	0.04449	0.01718	0.01999	0.02473	0.02505	0.03479	0.12821	0.17164	0.04988	0.01999	0.01232	0.00388	0.01020	0.01774	0.09407	0.01146
3	0.02403	0.01368	0.01830	0.01700	0.01848	0.01424	0.01201	0.08919	0.02145	0.02866	0.02143	0.03417	0.02013	0.03619	0.04007	0.55677	0.01053	0.01016	0.00610	0.00740
4	0.02472	0.02461	0.04325	0.13885	0.11401	0.02554	0.15891	0.03138	0.02424	0.03415	0.02442	0.07322	0.02170	0.01363	0.01569	0.00372	0.09153	0.01260	0.00617	0.11765
5	0.01705	0.01282	0.01636	0.01551	0.01890	0.01127	0.01138	0.02148	0.02837	0.04026	0.30095	0.22146	0.08497	0.02498	0.01321	0.00365	0.00637	0.02222	0.01125	0.11755
6	0.02376	0.02067	0.02589	0.10695	0.03620	0.01720	0.01682	0.02936	0.02398	0.03655	0.02067	0.02525	0.01694	0.00911	0.00911	0.00208	0.00975	0.00746	0.00661	0.55565
7	0.04256	0.02539	0.08429	0.02228	0.03170	0.02000	0.01995	0.10502	0.03351	0.33220	0.04011	0.07869	0.02893	0.01526	0.01162	0.00354	0.01076	0.01251	0.01206	0.06961
8	0.02664	0.12871	0.21273	0.02764	0.03932	0.02948	0.06222	0.04309	0.16495	0.03898	0.02816	0.02968	0.02144	0.01190	0.01064	0.00336	0.01327	0.00977	0.00728	0.09076
9	0.02828	0.02183	0.02425	0.01962	0.02760	0.02105	0.01556	0.09043	0.16917	0.08050	0.04676	0.04541	0.10294	0.01510	0.01096	0.00307	0.00893	0.01233	0.01008	0.24614

[dist]
# distance from previous block
# <min> <max>
0	5

[block]
# block no. 10 follows, 10 sequences, length 10
# corresponding to MSA columns:
# 984-993
name=unknown_K
#
# <colnr> <probs for GDERKNQSTAVLIFYWHMCP>
#	G	D	E	R	K	N	Q	S	T	A	V	L	I	F	Y	W	H	M	C	P
0	0.02191	0.01911	0.02624	0.20409	0.04398	0.01815	0.01968	0.02750	0.02355	0.03388	0.02708	0.10908	0.02545	0.01375	0.01057	0.00290	0.01070	0.01193	0.00688	0.34357
1	0.08933	0.10219	0.02685	0.08441	0.03020	0.02054	0.01631	0.03304	0.02675	0.15696	0.09811	0.13499	0.09625	0.01939	0.01161	0.00370	0.00942	0.01617	0.01002	0.01376
2	0.02883	0.09368	0.15620	0.10371	0.04091	0.02582	0.02564	0.04216	0.12786	0.11483	0.09038	0.03890	0.03319	0.01411	0.01134	0.00362	0.01213	0.01158	0.00889	0.01621
3	0.02201	0.08313	0.02652	0.15021	0.03521	0.02092	0.01780	0.02872	0.09249	0.03153	0.08437	0.04805	0.09028	0.02325	0.02083	0.18228	0.01058	0.01301	0.00754	0.01125
4	0.02745	0.09181	0.08185	0.12570	0.04349	0.02565	0.08958	0.03351	0.02414	0.08624	0.02443	0.03282	0.02004	0.06885	0.01811	0.00417	0.06596	0.01043	0.00670	0.11907
5	0.23093	0.08594	0.03026	0.15405	0.04054	0.02727	0.02005	0.08689	0.02717	0.10336	0.02273	0.02596	0.01683	0.01151	0.00953	0.00336	0.01150	0.00849	0.00782	0.07582
6	0.09546	0.01477	0.01680	0.01512	0.01959	0.01378	0.01127	0.02830	0.02540	0.12355	0.10854	0.12134	0.11539	0.10928	0.01895	0.00475	0.00802	0.01696	0.06720	0.06553
7	0.08972	0.02376	0.06857	0.02897	0.09987	0.02249	0.02133	0.03730	0.07724	0.12473	0.07532	0.04849	0.03513	0.07313	0.01967	0.00471	0.07964	0.04595	0.00908	0.01493
8	0.08897	0.01894	0.03081	0.02499	0.03117	0.01794	0.14134	0.03074	0.02575	0.10867	0.04951	0.19652	0.09366	0.02061	0.01266	0.00397	0.01082	0.01914	0.06062	0.01318
9	0.16535	0.02275	0.03544	0.02791	0.03488	0.02373	0.14105	0.03669	0.02479	0.14867	0.03007	0.07676	0.02473	0.02137	0.06182	0.00529	0.08287	0.01277	0.00842	0.01463

[dist]
# distance from previous block
# <min> <max>
4	32

[block]
# block no. 11 follows, 10 sequences, length 7
# corresponding to MSA columns:
# 1028-1034
name=unknown_L
#
# <colnr> <probs for GDERKNQSTAVLIFYWHMCP>
#	G	D	E	R	K	N	Q	S	T	A	V	L	I	F	Y	W	H	M	C	P
0	0.04104	0.10702	0.03436	0.02263	0.03188	0.02895	0.01905	0.20924	0.07184	0.19078	0.03189	0.03058	0.02248	0.01298	0.01070	0.00319	0.01113	0.00996	0.01090	0.09940
1	0.30225	0.02645	0.02212	0.02002	0.02602	0.09801	0.01558	0.10146	0.07041	0.04723	0.03044	0.13400	0.02874	0.01694	0.01025	0.00375	0.01084	0.01298	0.00882	0.01370
2	0.01961	0.02136	0.09188	0.02448	0.07210	0.01697	0.01824	0.02798	0.09305	0.03303	0.04625	0.27541	0.04978	0.12979	0.02173	0.00555	0.01013	0.02141	0.00893	0.01232
3	0.07944	0.02103	0.02499	0.07492	0.03233	0.02083	0.01708	0.09818	0.07629	0.10342	0.07758	0.08507	0.03440	0.01520	0.01097	0.00324	0.00969	0.01260	0.00972	0.19303
4	0.09281	0.02427	0.08766	0.12727	0.03841	0.01967	0.02045	0.03285	0.02378	0.10456	0.02620	0.03497	0.02148	0.09761	0.01737	0.00428	0.01167	0.00991	0.00742	0.19737
5	0.02460	0.02653	0.04019	0.09901	0.04446	0.09917	0.19447	0.03056	0.02631	0.03256	0.04032	0.18103	0.07111	0.01888	0.01327	0.00399	0.01486	0.01829	0.00748	0.01292
6	0.08393	0.01402	0.01689	0.01623	0.02010	0.01290	0.01190	0.02525	0.02370	0.10621	0.05481	0.27881	0.10665	0.02739	0.01588	0.06853	0.00784	0.02134	0.01003	0.07760

[dist]
# distance from previous block
# <min> <max>
1	131

# created by:
# /st0/software/busco_prod/Augustus/scripts/msa2prfl.pl ./align_prep/10175.fa
