[name]
unknown

[dist]
# distance from previous block
# <min> <max>
0	136

[block]
# block no. 0 follows, 15 sequences, length 31
# corresponding to MSA columns:
# 137-167
name=unknown_A
#
# <colnr> <probs for GDERKNQSTAVLIFYWHMCP>
#	G	D	E	R	K	N	Q	S	T	A	V	L	I	F	Y	W	H	M	C	P
0	0.02735	0.25974	0.12123	0.01987	0.02828	0.06281	0.01922	0.09491	0.07911	0.07268	0.06407	0.02591	0.02218	0.01078	0.00853	0.00264	0.01067	0.00805	0.00673	0.05522
1	0.12045	0.10580	0.06763	0.01685	0.02230	0.01947	0.01497	0.06357	0.02245	0.08840	0.10957	0.03519	0.03042	0.03226	0.20041	0.00708	0.01456	0.00989	0.00711	0.01160
2	0.08136	0.19932	0.18782	0.02204	0.03153	0.02620	0.06224	0.08349	0.02478	0.10767	0.06413	0.02590	0.02108	0.01059	0.00886	0.00286	0.01128	0.00834	0.00660	0.01390
3	0.17813	0.02452	0.11903	0.02299	0.07016	0.02069	0.05076	0.05896	0.10433	0.11322	0.02577	0.03118	0.02049	0.10058	0.01493	0.00407	0.01032	0.00935	0.00729	0.01322
4	0.09507	0.02378	0.07571	0.07493	0.29216	0.02232	0.02443	0.03624	0.10740	0.11379	0.02442	0.02691	0.01842	0.01024	0.00955	0.00309	0.01066	0.00895	0.00682	0.01510
5	0.07179	0.01600	0.02489	0.11295	0.15828	0.01645	0.05457	0.02307	0.02182	0.03125	0.10032	0.17777	0.06577	0.01788	0.01105	0.00349	0.00932	0.06493	0.00725	0.01115
6	0.02780	0.02293	0.03253	0.16975	0.26981	0.06190	0.02458	0.07311	0.02503	0.11192	0.02152	0.02557	0.01630	0.00983	0.00967	0.00292	0.01169	0.00865	0.00635	0.06814
7	0.02370	0.01676	0.01846	0.01532	0.01958	0.05479	0.01126	0.02599	0.01976	0.12515	0.02645	0.04053	0.02475	0.26319	0.02691	0.00528	0.05369	0.01027	0.00693	0.21120
8	0.01646	0.01041	0.01205	0.01197	0.01427	0.01029	0.00884	0.02241	0.06365	0.03668	0.23147	0.14430	0.05646	0.01790	0.00979	0.00296	0.00508	0.01549	0.29990	0.00963
9	0.03261	0.01881	0.02105	0.01691	0.02282	0.01953	0.01372	0.25034	0.03347	0.17528	0.03050	0.03091	0.02177	0.01193	0.00892	0.00278	0.00816	0.00933	0.25693	0.01424
10	0.02933	0.01497	0.01925	0.01525	0.02158	0.01261	0.01222	0.03345	0.02630	0.28844	0.17788	0.04513	0.07449	0.01407	0.00997	0.00275	0.00705	0.01182	0.01033	0.17311
11	0.01178	0.01010	0.01010	0.01010	0.01347	0.00842	0.00757	0.01431	0.02272	0.02693	0.10099	0.09594	0.58342	0.02525	0.01178	0.00337	0.00505	0.02104	0.00926	0.00842
12	0.04473	0.01697	0.02313	0.01774	0.02545	0.01465	0.01465	0.04858	0.02853	0.59437	0.03933	0.03393	0.02468	0.01234	0.01003	0.00308	0.00848	0.01003	0.01234	0.01697
13	0.02630	0.07351	0.03607	0.07911	0.33926	0.06725	0.02523	0.07053	0.11837	0.03450	0.02218	0.02574	0.01780	0.01003	0.00960	0.00296	0.01154	0.00885	0.00611	0.01506
14	0.02067	0.01772	0.02067	0.01477	0.02362	0.01329	0.01181	0.02510	0.02067	0.03248	0.01772	0.02067	0.01477	0.00738	0.00738	0.00148	0.00738	0.00591	0.00591	0.71059
15	0.01215	0.00868	0.01157	0.01388	0.01446	0.00810	0.00925	0.01388	0.01909	0.02545	0.05495	0.64315	0.06593	0.03123	0.01272	0.00405	0.00578	0.02834	0.00925	0.00810
16	0.04473	0.01697	0.02313	0.01774	0.02545	0.01465	0.01465	0.04858	0.02853	0.59437	0.03933	0.03393	0.02468	0.01234	0.01003	0.00308	0.00848	0.01003	0.01234	0.01697
17	0.02778	0.53162	0.08241	0.01877	0.02741	0.07749	0.01856	0.06802	0.02276	0.02682	0.01493	0.01701	0.01308	0.00895	0.00702	0.00229	0.01144	0.00579	0.00473	0.01312
18	0.06618	0.08329	0.32964	0.02135	0.03104	0.01984	0.02465	0.02652	0.02188	0.03241	0.11980	0.08086	0.07457	0.01402	0.00980	0.00315	0.01086	0.01145	0.00623	0.01245
19	0.12576	0.02305	0.03671	0.05420	0.50488	0.02349	0.02772	0.03041	0.02187	0.03434	0.01804	0.02344	0.01506	0.00894	0.00933	0.00298	0.01124	0.00838	0.00511	0.01506
20	0.01466	0.01101	0.01335	0.01454	0.01591	0.01120	0.00991	0.02069	0.11301	0.02735	0.04905	0.45500	0.05552	0.11808	0.01781	0.00475	0.00671	0.02339	0.00894	0.00912
21	0.02594	0.01891	0.02132	0.01848	0.02290	0.02175	0.01473	0.10962	0.23724	0.07929	0.03212	0.03290	0.02439	0.01330	0.01257	0.00318	0.09815	0.00999	0.18960	0.01363
22	0.02467	0.02369	0.04046	0.06119	0.58747	0.02369	0.03059	0.03059	0.02270	0.03257	0.01875	0.02467	0.01579	0.00888	0.00987	0.00296	0.01184	0.00888	0.00493	0.01579
23	0.02467	0.02369	0.04046	0.06119	0.58747	0.02369	0.03059	0.03059	0.02270	0.03257	0.01875	0.02467	0.01579	0.00888	0.00987	0.00296	0.01184	0.00888	0.00493	0.01579
24	0.01548	0.01047	0.01281	0.01237	0.01520	0.00931	0.00921	0.01899	0.02517	0.07702	0.31057	0.16071	0.23980	0.02287	0.01177	0.00334	0.00527	0.01986	0.01029	0.00949
25	0.01259	0.00910	0.01252	0.01434	0.01517	0.00903	0.00994	0.01472	0.01843	0.02496	0.04894	0.51463	0.05721	0.04049	0.13984	0.00660	0.01023	0.02458	0.00842	0.00827
26	0.02467	0.02369	0.04046	0.06119	0.58747	0.02369	0.03059	0.03059	0.02270	0.03257	0.01875	0.02467	0.01579	0.00888	0.00987	0.00296	0.01184	0.00888	0.00493	0.01579
27	0.01395	0.01036	0.01315	0.01412	0.01571	0.01011	0.00994	0.01914	0.07574	0.03122	0.20508	0.42021	0.07053	0.02637	0.01219	0.00372	0.00568	0.02370	0.00984	0.00923
28	0.02919	0.01341	0.01783	0.01486	0.01980	0.01194	0.01180	0.03348	0.02794	0.30799	0.28695	0.05264	0.05643	0.01597	0.01064	0.00306	0.00653	0.01364	0.05286	0.01306
29	0.02467	0.02369	0.04046	0.06119	0.58747	0.02369	0.03059	0.03059	0.02270	0.03257	0.01875	0.02467	0.01579	0.00888	0.00987	0.00296	0.01184	0.00888	0.00493	0.01579
30	0.02410	0.02310	0.03943	0.11660	0.53654	0.02354	0.03031	0.03009	0.02243	0.03187	0.01865	0.02486	0.01555	0.00899	0.00988	0.00300	0.01199	0.00888	0.00489	0.01533

[dist]
# distance from previous block
# <min> <max>
0	44

[block]
# block no. 1 follows, 15 sequences, length 86
# corresponding to MSA columns:
# 212-297
name=unknown_B
#
# <colnr> <probs for GDERKNQSTAVLIFYWHMCP>
#	G	D	E	R	K	N	Q	S	T	A	V	L	I	F	Y	W	H	M	C	P
0	0.04473	0.01697	0.02313	0.01774	0.02545	0.01465	0.01465	0.04858	0.02853	0.59437	0.03933	0.03393	0.02468	0.01234	0.01003	0.00308	0.00848	0.01003	0.01234	0.01697
1	0.04074	0.02337	0.02710	0.02077	0.02864	0.02415	0.01716	0.34395	0.03924	0.28388	0.03034	0.02809	0.02017	0.01212	0.00999	0.00303	0.00994	0.00941	0.01096	0.01696
2	0.02467	0.02369	0.04046	0.06119	0.58747	0.02369	0.03059	0.03059	0.02270	0.03257	0.01875	0.02467	0.01579	0.00888	0.00987	0.00296	0.01184	0.00888	0.00493	0.01579
3	0.02254	0.01745	0.02736	0.40587	0.05183	0.02111	0.02316	0.02761	0.02007	0.10586	0.02138	0.03036	0.01688	0.06697	0.01654	0.00398	0.09439	0.00950	0.00569	0.01145
4	0.02467	0.02369	0.04046	0.06119	0.58747	0.02369	0.03059	0.03059	0.02270	0.03257	0.01875	0.02467	0.01579	0.00888	0.00987	0.00296	0.01184	0.00888	0.00493	0.01579
5	0.02639	0.02555	0.05400	0.03874	0.04850	0.02378	0.47873	0.03418	0.02421	0.10795	0.02276	0.02784	0.01642	0.00894	0.01153	0.00332	0.01568	0.01153	0.00603	0.01392
6	0.01346	0.01073	0.01214	0.01188	0.01482	0.00977	0.00886	0.01830	0.05832	0.03247	0.26848	0.12229	0.33609	0.02317	0.01174	0.00333	0.00515	0.01985	0.00993	0.00921
7	0.02156	0.02051	0.03484	0.36150	0.31147	0.02287	0.02905	0.02787	0.02123	0.02879	0.01820	0.02569	0.01446	0.00946	0.00992	0.00315	0.01261	0.00887	0.00467	0.01328
8	0.01883	0.01772	0.02990	0.62569	0.06866	0.02215	0.02769	0.02547	0.01993	0.02547	0.01772	0.02658	0.01329	0.00997	0.00997	0.00332	0.01329	0.00886	0.00443	0.01107
9	0.72007	0.01928	0.01465	0.01311	0.01928	0.02236	0.01080	0.02930	0.01697	0.04473	0.01388	0.01619	0.01080	0.00925	0.00617	0.00308	0.00771	0.00540	0.00617	0.01080
10	0.01411	0.01019	0.01333	0.01254	0.01489	0.00941	0.00941	0.01881	0.02822	0.03998	0.58221	0.07447	0.09406	0.02038	0.01176	0.00314	0.00470	0.01803	0.01097	0.00941
11	0.02467	0.02369	0.04046	0.06119	0.58747	0.02369	0.03059	0.03059	0.02270	0.03257	0.01875	0.02467	0.01579	0.00888	0.00987	0.00296	0.01184	0.00888	0.00493	0.01579
12	0.01999	0.05157	0.59800	0.02841	0.04315	0.02315	0.03683	0.03157	0.02105	0.03157	0.01789	0.02105	0.01263	0.00947	0.00947	0.00316	0.01473	0.00737	0.00421	0.01473
13	0.01411	0.01019	0.01333	0.01254	0.01489	0.00941	0.00941	0.01881	0.02822	0.03998	0.58221	0.07447	0.09406	0.02038	0.01176	0.00314	0.00470	0.01803	0.01097	0.00941
14	0.01363	0.01017	0.01267	0.01204	0.01460	0.00920	0.00903	0.01789	0.02710	0.03731	0.48392	0.07885	0.19401	0.02137	0.01176	0.00318	0.00477	0.01864	0.01062	0.00920
15	0.02467	0.02369	0.04046	0.06119	0.58747	0.02369	0.03059	0.03059	0.02270	0.03257	0.01875	0.02467	0.01579	0.00888	0.00987	0.00296	0.01184	0.00888	0.00493	0.01579
16	0.04234	0.01870	0.02678	0.02026	0.02820	0.01686	0.06169	0.08731	0.02955	0.50319	0.03644	0.03252	0.02323	0.01197	0.01017	0.00310	0.00940	0.01009	0.01152	0.01666
17	0.01202	0.00915	0.01108	0.01261	0.01413	0.00820	0.00869	0.01402	0.02031	0.02595	0.07038	0.45972	0.23939	0.02923	0.01241	0.00382	0.00554	0.02589	0.00926	0.00820
18	0.02017	0.01909	0.03233	0.49607	0.18779	0.02250	0.02835	0.02665	0.02057	0.02710	0.01796	0.02614	0.01386	0.00972	0.00994	0.00324	0.01296	0.00886	0.00455	0.01216
19	0.02468	0.02349	0.03890	0.05763	0.53860	0.02378	0.02931	0.03254	0.07028	0.03336	0.02065	0.02576	0.01706	0.00929	0.00989	0.00300	0.01150	0.00909	0.00539	0.01579
20	0.08549	0.12192	0.11009	0.02732	0.09921	0.24281	0.02154	0.03702	0.07169	0.06508	0.01952	0.02149	0.01528	0.01008	0.00875	0.00278	0.01348	0.00727	0.00583	0.01334
21	0.08326	0.02025	0.02232	0.02158	0.07225	0.05636	0.01534	0.06862	0.19746	0.14713	0.11071	0.03891	0.03407	0.05263	0.01244	0.00354	0.00880	0.01109	0.00934	0.01390
22	0.02427	0.02611	0.08898	0.05834	0.54010	0.02364	0.03114	0.03068	0.02256	0.03248	0.01868	0.02436	0.01552	0.00893	0.00983	0.00298	0.01209	0.00875	0.00487	0.01570
23	0.72007	0.01928	0.01465	0.01311	0.01928	0.02236	0.01080	0.02930	0.01697	0.04473	0.01388	0.01619	0.01080	0.00925	0.00617	0.00308	0.00771	0.00540	0.00617	0.01080
24	0.01272	0.00968	0.01146	0.01192	0.01395	0.00869	0.00845	0.01543	0.02256	0.02950	0.21382	0.24588	0.25993	0.07187	0.01493	0.00397	0.00551	0.02184	0.00949	0.00842
25	0.01988	0.00999	0.01089	0.01038	0.01310	0.00970	0.00788	0.02448	0.02251	0.07881	0.11112	0.04223	0.03522	0.01291	0.00788	0.00249	0.00494	0.01059	0.55512	0.00988
26	0.01270	0.00984	0.01157	0.01175	0.01419	0.00871	0.00858	0.01585	0.02397	0.03136	0.26603	0.19955	0.30072	0.02470	0.01197	0.00342	0.00507	0.02143	0.00988	0.00871
27	0.01219	0.00976	0.01095	0.01181	0.01426	0.00853	0.00867	0.01462	0.02164	0.02668	0.08374	0.26253	0.39064	0.02721	0.01220	0.00366	0.00556	0.05771	0.00925	0.00837
28	0.04473	0.01697	0.02313	0.01774	0.02545	0.01465	0.01465	0.04858	0.02853	0.59437	0.03933	0.03393	0.02468	0.01234	0.01003	0.00308	0.00848	0.01003	0.01234	0.01697
29	0.72007	0.01928	0.01465	0.01311	0.01928	0.02236	0.01080	0.02930	0.01697	0.04473	0.01388	0.01619	0.01080	0.00925	0.00617	0.00308	0.00771	0.00540	0.00617	0.01080
30	0.02665	0.65565	0.05224	0.01706	0.02559	0.03945	0.01706	0.02985	0.02026	0.02345	0.01386	0.01599	0.01279	0.00853	0.00640	0.00213	0.01066	0.00533	0.00426	0.01279
31	0.01178	0.01010	0.01010	0.01010	0.01347	0.00842	0.00757	0.01431	0.02272	0.02693	0.10099	0.09594	0.58342	0.02525	0.01178	0.00337	0.00505	0.02104	0.00926	0.00842
32	0.03790	0.02792	0.02992	0.02294	0.03091	0.03091	0.01895	0.55423	0.04687	0.06283	0.02393	0.02393	0.01695	0.01197	0.00997	0.00299	0.01097	0.00898	0.00997	0.01695
33	0.02067	0.01772	0.02067	0.01477	0.02362	0.01329	0.01181	0.02510	0.02067	0.03248	0.01772	0.02067	0.01477	0.00738	0.00738	0.00148	0.00738	0.00591	0.00591	0.71059
34	0.01196	0.01011	0.01035	0.01029	0.01358	0.00849	0.00772	0.01465	0.02315	0.02794	0.13813	0.09428	0.54565	0.02487	0.01178	0.00335	0.00502	0.02081	0.00939	0.00849
35	0.02665	0.65565	0.05224	0.01706	0.02559	0.03945	0.01706	0.02985	0.02026	0.02345	0.01386	0.01599	0.01279	0.00853	0.00640	0.00213	0.01066	0.00533	0.00426	0.01279
36	0.01411	0.01019	0.01333	0.01254	0.01489	0.00941	0.00941	0.01881	0.02822	0.03998	0.58221	0.07447	0.09406	0.02038	0.01176	0.00314	0.00470	0.01803	0.01097	0.00941
37	0.01189	0.00967	0.01054	0.01124	0.01377	0.00832	0.00808	0.01418	0.02162	0.02648	0.08707	0.26139	0.42695	0.02706	0.01207	0.00357	0.00527	0.02325	0.00926	0.00832
38	0.02571	0.02187	0.02306	0.02047	0.02627	0.02522	0.01600	0.08805	0.53289	0.04318	0.03941	0.03627	0.02949	0.01342	0.01013	0.00335	0.00811	0.01111	0.01013	0.01586
39	0.02158	0.02097	0.02852	0.02384	0.02565	0.02701	0.01977	0.02422	0.01637	0.02573	0.01403	0.02158	0.01343	0.01539	0.02754	0.00377	0.50395	0.00815	0.00468	0.15381
40	0.01239	0.00983	0.01114	0.01143	0.01400	0.00858	0.00834	0.01525	0.02324	0.02962	0.20208	0.20277	0.36536	0.02535	0.01197	0.00345	0.00512	0.02184	0.00965	0.00858
41	0.02067	0.01772	0.02067	0.01477	0.02362	0.01329	0.01181	0.02510	0.02067	0.03248	0.01772	0.02067	0.01477	0.00738	0.00738	0.00148	0.00738	0.00591	0.00591	0.71059
42	0.01293	0.01025	0.01170	0.01164	0.01457	0.00901	0.00893	0.01637	0.02458	0.03156	0.25810	0.09018	0.37361	0.02382	0.01195	0.00340	0.00529	0.06348	0.00983	0.00881
43	0.01270	0.00923	0.01197	0.01319	0.01451	0.00851	0.00917	0.01536	0.02205	0.02984	0.21362	0.43360	0.11415	0.02758	0.01237	0.00373	0.00541	0.02474	0.00976	0.00851
44	0.01858	0.00929	0.00929	0.00929	0.01161	0.00929	0.00697	0.02323	0.02091	0.03717	0.03252	0.03717	0.02555	0.01161	0.00697	0.00232	0.00465	0.00929	0.70499	0.00929
45	0.01999	0.05157	0.59800	0.02841	0.04315	0.02315	0.03683	0.03157	0.02105	0.03157	0.01789	0.02105	0.01263	0.00947	0.00947	0.00316	0.01473	0.00737	0.00421	0.01473
46	0.02424	0.43671	0.25004	0.02117	0.03195	0.03354	0.02422	0.03047	0.02054	0.02640	0.01532	0.01782	0.01273	0.00887	0.00751	0.00250	0.01214	0.00607	0.00424	0.01350
47	0.03597	0.02367	0.02690	0.02196	0.02705	0.09544	0.01795	0.10674	0.02690	0.28108	0.02640	0.02697	0.01869	0.01358	0.01675	0.00339	0.19834	0.00905	0.00872	0.01446
48	0.23788	0.18847	0.03413	0.03008	0.18934	0.06474	0.01964	0.03008	0.02009	0.03273	0.01534	0.01918	0.01309	0.00965	0.00954	0.00287	0.05848	0.00673	0.00510	0.01284
49	0.01311	0.01004	0.01202	0.01177	0.01434	0.00894	0.00873	0.01680	0.02551	0.03412	0.36670	0.12740	0.26837	0.02300	0.01184	0.00329	0.00491	0.01993	0.01022	0.00894
50	0.02156	0.02058	0.03258	0.02327	0.03252	0.01701	0.18023	0.02723	0.02156	0.03231	0.01848	0.02261	0.01488	0.00770	0.00875	0.00206	0.01032	0.00774	0.00564	0.49295
51	0.01424	0.01068	0.01602	0.01602	0.01780	0.01246	0.01246	0.01780	0.01602	0.02314	0.02670	0.03916	0.02492	0.07477	0.61015	0.01602	0.02670	0.01068	0.00534	0.00890
52	0.01266	0.01013	0.01132	0.01102	0.01401	0.00879	0.00827	0.01601	0.02481	0.03188	0.28340	0.08780	0.39792	0.02340	0.01177	0.00328	0.00492	0.01990	0.00991	0.00879
53	0.01424	0.01068	0.01602	0.01602	0.01780	0.01246	0.01246	0.01780	0.01602	0.02314	0.02670	0.03916	0.02492	0.07477	0.61015	0.01602	0.02670	0.01068	0.00534	0.00890
54	0.01411	0.01019	0.01333	0.01254	0.01489	0.00941	0.00941	0.01881	0.02822	0.03998	0.58221	0.07447	0.09406	0.02038	0.01176	0.00314	0.00470	0.01803	0.01097	0.00941
55	0.02108	0.01920	0.02425	0.01890	0.02455	0.01954	0.01544	0.02470	0.01871	0.02941	0.01604	0.02108	0.01416	0.01103	0.01656	0.00252	0.23355	0.00693	0.00535	0.45700
56	0.03790	0.02792	0.02992	0.02294	0.03091	0.03091	0.01895	0.55423	0.04687	0.06283	0.02393	0.02393	0.01695	0.01197	0.00997	0.00299	0.01097	0.00898	0.00997	0.01695
57	0.02467	0.02369	0.04046	0.06119	0.58747	0.02369	0.03059	0.03059	0.02270	0.03257	0.01875	0.02467	0.01579	0.00888	0.00987	0.00296	0.01184	0.00888	0.00493	0.01579
58	0.02046	0.09384	0.55981	0.02762	0.04192	0.02429	0.03545	0.03145	0.02099	0.03100	0.01761	0.02069	0.01264	0.00941	0.00926	0.00309	0.01445	0.00722	0.00421	0.01460
59	0.02385	0.22993	0.35046	0.02550	0.03752	0.02773	0.07425	0.03214	0.02149	0.06400	0.01820	0.02082	0.01364	0.00927	0.00878	0.00286	0.01330	0.00730	0.00480	0.01417
60	0.01215	0.00868	0.01157	0.01388	0.01446	0.00810	0.00925	0.01388	0.01909	0.02545	0.05495	0.64315	0.06593	0.03123	0.01272	0.00405	0.00578	0.02834	0.00925	0.00810
61	0.72007	0.01928	0.01465	0.01311	0.01928	0.02236	0.01080	0.02930	0.01697	0.04473	0.01388	0.01619	0.01080	0.00925	0.00617	0.00308	0.00771	0.00540	0.00617	0.01080
62	0.04304	0.01775	0.02597	0.01967	0.02757	0.01549	0.05729	0.04726	0.02814	0.54968	0.03781	0.03337	0.02392	0.01203	0.01016	0.00311	0.00914	0.01016	0.01176	0.01669
63	0.04473	0.01697	0.02313	0.01774	0.02545	0.01465	0.01465	0.04858	0.02853	0.59437	0.03933	0.03393	0.02468	0.01234	0.01003	0.00308	0.00848	0.01003	0.01234	0.01697
64	0.46925	0.01842	0.01780	0.01483	0.02157	0.01950	0.01223	0.03646	0.02126	0.24886	0.02333	0.02278	0.01595	0.01040	0.00760	0.00308	0.00800	0.00712	0.00846	0.01309
65	0.01456	0.01174	0.01888	0.01865	0.02088	0.01115	0.08281	0.01783	0.02056	0.02732	0.04983	0.43944	0.05722	0.02735	0.01284	0.00408	0.00803	0.13912	0.00868	0.00906
66	0.02966	0.02383	0.02528	0.02127	0.02778	0.02707	0.01696	0.23913	0.37537	0.04955	0.03439	0.03227	0.02543	0.01295	0.01008	0.00324	0.00903	0.01042	0.01008	0.01622
67	0.02467	0.02369	0.04046	0.06119	0.58747	0.02369	0.03059	0.03059	0.02270	0.03257	0.01875	0.02467	0.01579	0.00888	0.00987	0.00296	0.01184	0.00888	0.00493	0.01579
68	0.01883	0.01772	0.02990	0.62569	0.06866	0.02215	0.02769	0.02547	0.01993	0.02547	0.01772	0.02658	0.01329	0.00997	0.00997	0.00332	0.01329	0.00886	0.00443	0.01107
69	0.02067	0.01772	0.02067	0.01477	0.02362	0.01329	0.01181	0.02510	0.02067	0.03248	0.01772	0.02067	0.01477	0.00738	0.00738	0.00148	0.00738	0.00591	0.00591	0.71059
70	0.02480	0.02141	0.02254	0.02029	0.02592	0.02480	0.01578	0.05297	0.56946	0.04170	0.04057	0.03719	0.03043	0.01352	0.01014	0.00338	0.00789	0.01127	0.01014	0.01578
71	0.03790	0.02792	0.02992	0.02294	0.03091	0.03091	0.01895	0.55423	0.04687	0.06283	0.02393	0.02393	0.01695	0.01197	0.00997	0.00299	0.01097	0.00898	0.00997	0.01695
72	0.01756	0.00950	0.01022	0.01004	0.01237	0.00932	0.00753	0.02221	0.02259	0.03781	0.15874	0.04573	0.04128	0.01363	0.00807	0.00251	0.00466	0.01130	0.54563	0.00932
73	0.01518	0.01084	0.01505	0.01735	0.01926	0.01071	0.01453	0.01913	0.02208	0.02885	0.05327	0.23195	0.05930	0.02837	0.01353	0.00447	0.00841	0.40958	0.00920	0.00894
74	0.01215	0.00868	0.01157	0.01388	0.01446	0.00810	0.00925	0.01388	0.01909	0.02545	0.05495	0.64315	0.06593	0.03123	0.01272	0.00405	0.00578	0.02834	0.00925	0.00810
75	0.01339	0.01005	0.01240	0.01204	0.01451	0.00906	0.00894	0.01732	0.02616	0.03565	0.42319	0.12364	0.21221	0.02241	0.01184	0.00326	0.00487	0.01956	0.01042	0.00906
76	0.01241	0.00887	0.01188	0.01419	0.01488	0.00833	0.00972	0.01435	0.01935	0.02575	0.05480	0.60676	0.06535	0.03098	0.01280	0.00409	0.00602	0.06208	0.00925	0.00817
77	0.02234	0.01897	0.02287	0.01885	0.06594	0.01546	0.01377	0.06755	0.02290	0.03490	0.01829	0.02123	0.01502	0.00786	0.00777	0.00171	0.00800	0.00637	0.00616	0.60404
78	0.02371	0.06957	0.16114	0.04997	0.39512	0.02468	0.07126	0.03086	0.02226	0.03173	0.01837	0.02353	0.01488	0.00895	0.00971	0.00298	0.01277	0.00856	0.00475	0.01520
79	0.12569	0.01778	0.02035	0.01518	0.02341	0.01488	0.01229	0.03086	0.02187	0.15776	0.02192	0.02295	0.01638	0.00874	0.00779	0.00206	0.00767	0.00674	0.00736	0.45832
80	0.07390	0.01452	0.02031	0.01682	0.02186	0.01310	0.08179	0.02286	0.02322	0.07443	0.16365	0.12816	0.16920	0.01787	0.01067	0.00308	0.00744	0.01580	0.00856	0.11275
81	0.02467	0.02369	0.04046	0.06119	0.58747	0.02369	0.03059	0.03059	0.02270	0.03257	0.01875	0.02467	0.01579	0.00888	0.00987	0.00296	0.01184	0.00888	0.00493	0.01579
82	0.67345	0.01912	0.01524	0.01343	0.01970	0.02183	0.01106	0.03063	0.01776	0.08267	0.01564	0.01742	0.01175	0.00947	0.00644	0.00308	0.00776	0.00572	0.00660	0.01122
83	0.32969	0.02053	0.02088	0.01673	0.02393	0.02157	0.01377	0.15464	0.02720	0.19424	0.02326	0.02304	0.01621	0.01055	0.00816	0.00294	0.00864	0.00749	0.00866	0.06787
84	0.02698	0.16959	0.10007	0.01817	0.02568	0.02225	0.01706	0.06936	0.07345	0.14919	0.14773	0.03582	0.03500	0.01263	0.00933	0.00280	0.00899	0.01014	0.00838	0.05737
85	0.18504	0.06980	0.03098	0.03566	0.27231	0.02221	0.02084	0.03339	0.02222	0.14334	0.02120	0.02364	0.01609	0.00951	0.00864	0.00286	0.00989	0.00786	0.00665	0.05786

[dist]
# distance from previous block
# <min> <max>
2	4

[block]
# block no. 2 follows, 15 sequences, length 18
# corresponding to MSA columns:
# 302-319
name=unknown_C
#
# <colnr> <probs for GDERKNQSTAVLIFYWHMCP>
#	G	D	E	R	K	N	Q	S	T	A	V	L	I	F	Y	W	H	M	C	P
0	0.02228	0.25918	0.41043	0.02451	0.03711	0.02875	0.03004	0.03098	0.02078	0.02878	0.01650	0.01931	0.01268	0.00915	0.00841	0.00280	0.01333	0.00667	0.00423	0.01407
1	0.03039	0.09637	0.18528	0.02888	0.11424	0.02233	0.06429	0.03841	0.05813	0.22345	0.02649	0.02688	0.01852	0.01043	0.00961	0.00302	0.01148	0.00886	0.00753	0.01541
2	0.02629	0.14141	0.04158	0.05023	0.44738	0.02607	0.02707	0.03158	0.02261	0.06589	0.01912	0.02363	0.01578	0.00903	0.00923	0.00281	0.01141	0.00829	0.00527	0.01530
3	0.15088	0.04553	0.48894	0.02555	0.03868	0.02300	0.03196	0.03115	0.02028	0.03403	0.01714	0.02014	0.01229	0.00943	0.00885	0.00314	0.01342	0.00700	0.00458	0.01400
4	0.01448	0.00974	0.01127	0.01127	0.01140	0.00988	0.00653	0.01475	0.01461	0.01962	0.03105	0.06324	0.03538	0.60568	0.09353	0.01015	0.01097	0.01421	0.00599	0.00626
5	0.03060	0.27661	0.14434	0.02456	0.09469	0.02710	0.02163	0.03589	0.02318	0.19751	0.02284	0.02334	0.01668	0.00989	0.00847	0.00271	0.01091	0.00754	0.00676	0.01476
6	0.10056	0.15615	0.32485	0.02263	0.03396	0.02457	0.02616	0.03418	0.02186	0.13665	0.02071	0.02198	0.01472	0.00981	0.00864	0.00294	0.01204	0.00727	0.00595	0.01436
7	0.03161	0.01436	0.01966	0.01740	0.02267	0.01300	0.01458	0.03581	0.02658	0.34120	0.10187	0.06524	0.04332	0.01842	0.01150	0.00361	0.00832	0.18628	0.01111	0.01348
8	0.01429	0.01049	0.01506	0.01506	0.01651	0.01194	0.01126	0.01718	0.01574	0.02243	0.02758	0.04404	0.02704	0.18224	0.50556	0.01483	0.02352	0.01139	0.00547	0.00837
9	0.11314	0.14387	0.10439	0.02303	0.07334	0.02555	0.01963	0.12780	0.06415	0.17480	0.02455	0.02456	0.01760	0.01063	0.00881	0.00291	0.01027	0.00807	0.00790	0.01500
10	0.02369	0.04098	0.37323	0.03628	0.18465	0.02436	0.03273	0.10317	0.02503	0.03613	0.01895	0.02240	0.01405	0.00966	0.00964	0.00308	0.01346	0.00799	0.00519	0.01532
11	0.02408	0.01229	0.01594	0.01379	0.01793	0.01101	0.01077	0.02835	0.02738	0.21640	0.33310	0.06029	0.10220	0.01751	0.01085	0.00308	0.00593	0.01504	0.06231	0.01175
12	0.01947	0.02650	0.19803	0.16837	0.03855	0.01916	0.02350	0.08102	0.02435	0.03390	0.12951	0.07935	0.03363	0.01878	0.05875	0.00428	0.01238	0.01172	0.00662	0.01211
13	0.02942	0.09133	0.07426	0.03189	0.19904	0.02264	0.02147	0.10413	0.02634	0.14303	0.02261	0.02440	0.01690	0.00969	0.00905	0.00264	0.01033	0.00807	0.00709	0.14567
14	0.02660	0.02357	0.04205	0.05297	0.42742	0.02301	0.12623	0.03276	0.02348	0.09238	0.02121	0.02608	0.01661	0.00916	0.01024	0.00305	0.01241	0.00954	0.00574	0.01548
15	0.14507	0.01171	0.01225	0.01191	0.01516	0.01135	0.00900	0.01868	0.02325	0.03477	0.25210	0.12735	0.25046	0.02111	0.01082	0.00330	0.00550	0.01776	0.00929	0.00918
16	0.07051	0.02303	0.03518	0.04346	0.33308	0.02346	0.06294	0.12863	0.02768	0.07144	0.06380	0.02851	0.02214	0.01052	0.00995	0.00302	0.01105	0.00966	0.00684	0.01510
17	0.09192	0.01835	0.02214	0.01756	0.02420	0.01794	0.01432	0.15497	0.03166	0.32709	0.13531	0.03783	0.03480	0.01351	0.01003	0.00307	0.00827	0.01091	0.01105	0.01505

[dist]
# distance from previous block
# <min> <max>
0	55

# created by:
# /st0/software/busco_prod/Augustus/scripts/msa2prfl.pl ./align_prep/10181.fa
