[name]
unknown

[dist]
# distance from previous block
# <min> <max>
0	36

[block]
# block no. 0 follows, 11 sequences, length 21
# corresponding to MSA columns:
# 36-56
name=unknown_A
#
# <colnr> <probs for GDERKNQSTAVLIFYWHMCP>
#	G	D	E	R	K	N	Q	S	T	A	V	L	I	F	Y	W	H	M	C	P
0	0.10831	0.02568	0.03064	0.07261	0.03597	0.07311	0.07214	0.12962	0.07331	0.11862	0.06854	0.04232	0.03058	0.01486	0.01146	0.00365	0.01223	0.05163	0.00951	0.01522
1	0.43816	0.10728	0.02501	0.01744	0.02321	0.02790	0.01469	0.03068	0.01903	0.04098	0.01590	0.02057	0.01354	0.01420	0.01445	0.06475	0.08723	0.00693	0.00618	0.01187
2	0.01568	0.01201	0.01400	0.01385	0.01675	0.01070	0.01003	0.01860	0.02396	0.03147	0.13856	0.15911	0.22083	0.14173	0.02195	0.00521	0.00744	0.05900	0.00966	0.06944
3	0.01985	0.01594	0.02099	0.02147	0.07916	0.01406	0.01423	0.02443	0.02576	0.03726	0.20365	0.06031	0.05537	0.10258	0.01809	0.00413	0.00838	0.04726	0.00885	0.21821
4	0.31793	0.02040	0.02161	0.01730	0.02545	0.02005	0.01421	0.04165	0.02532	0.25751	0.02852	0.02754	0.01951	0.01162	0.00902	0.00322	0.00902	0.00840	0.00988	0.11185
5	0.01952	0.01167	0.01524	0.01560	0.01814	0.01057	0.01120	0.02262	0.02565	0.10742	0.16244	0.36286	0.11566	0.02895	0.01359	0.00412	0.00664	0.02577	0.01137	0.01095
6	0.01525	0.01098	0.01283	0.01301	0.01448	0.01030	0.00855	0.01730	0.02248	0.02978	0.16496	0.15966	0.16085	0.27360	0.03219	0.00688	0.00795	0.02106	0.00933	0.00856
7	0.12440	0.02675	0.08381	0.02237	0.02832	0.02638	0.01958	0.17363	0.03062	0.04601	0.06964	0.03761	0.02824	0.10897	0.02265	0.00491	0.11284	0.01122	0.00817	0.01389
8	0.03920	0.04041	0.02935	0.02532	0.03166	0.31492	0.01961	0.18357	0.03726	0.04323	0.02324	0.02557	0.01805	0.01242	0.01016	0.00301	0.01562	0.00863	0.10421	0.01458
9	0.30525	0.01980	0.02102	0.09761	0.03090	0.02036	0.01516	0.02964	0.02238	0.04239	0.07526	0.02897	0.02457	0.01132	0.00873	0.00296	0.00913	0.00845	0.00719	0.21891
10	0.04184	0.01862	0.02417	0.01846	0.02695	0.01568	0.01508	0.04641	0.02947	0.38505	0.03821	0.03522	0.02540	0.01259	0.01035	0.00300	0.00893	0.01019	0.06732	0.16706
11	0.01530	0.01019	0.01254	0.01411	0.01481	0.00980	0.00912	0.01708	0.02031	0.02829	0.05158	0.38464	0.05968	0.19440	0.02581	0.00615	0.00763	0.02509	0.08483	0.00864
12	0.01539	0.01142	0.01442	0.01439	0.01703	0.01045	0.01087	0.01985	0.02904	0.03958	0.35879	0.14991	0.17728	0.02610	0.01360	0.00385	0.00596	0.06022	0.01164	0.01023
13	0.04758	0.02384	0.02902	0.02225	0.03107	0.02350	0.01838	0.22231	0.04006	0.36349	0.03782	0.03403	0.02456	0.01377	0.01130	0.00344	0.01064	0.01087	0.01292	0.01915
14	0.05050	0.01915	0.02612	0.02003	0.02873	0.01654	0.01654	0.05485	0.03221	0.54203	0.04440	0.03831	0.02786	0.01393	0.01132	0.00348	0.00958	0.01132	0.01393	0.01915
15	0.01516	0.01074	0.01307	0.01369	0.01484	0.01016	0.00898	0.01724	0.02236	0.03007	0.16295	0.24298	0.11097	0.24152	0.02983	0.00660	0.00779	0.02284	0.00955	0.00866
16	0.01841	0.01129	0.01451	0.01529	0.01725	0.01036	0.01060	0.02080	0.02348	0.08856	0.10408	0.38595	0.10660	0.09508	0.01865	0.00500	0.00719	0.02611	0.01062	0.01020
17	0.22852	0.02296	0.02530	0.02000	0.02828	0.02357	0.01651	0.15820	0.03364	0.28563	0.03193	0.02982	0.02125	0.01284	0.01007	0.00346	0.01003	0.00954	0.01129	0.01717
18	0.01637	0.01091	0.01228	0.01228	0.01228	0.01091	0.00682	0.01637	0.01637	0.02182	0.03546	0.07365	0.04092	0.60445	0.05729	0.01091	0.01091	0.01637	0.00682	0.00682
19	0.02493	0.01844	0.02026	0.01775	0.02142	0.01986	0.01282	0.14370	0.11546	0.04116	0.09182	0.05768	0.04186	0.28666	0.03269	0.00694	0.01028	0.01463	0.00938	0.01226
20	0.01470	0.01115	0.01275	0.01296	0.01507	0.01036	0.00894	0.01696	0.02246	0.02875	0.11623	0.14564	0.25781	0.19721	0.07323	0.00712	0.00936	0.02126	0.00921	0.00885

[dist]
# distance from previous block
# <min> <max>
0	11

[block]
# block no. 1 follows, 11 sequences, length 85
# corresponding to MSA columns:
# 68-152
name=unknown_B
#
# <colnr> <probs for GDERKNQSTAVLIFYWHMCP>
#	G	D	E	R	K	N	Q	S	T	A	V	L	I	F	Y	W	H	M	C	P
0	0.03258	0.02349	0.02961	0.08000	0.10164	0.02537	0.02111	0.12539	0.20133	0.12926	0.07834	0.03940	0.03283	0.01433	0.01149	0.00359	0.01048	0.01209	0.01051	0.01715
1	0.02467	0.04228	0.30264	0.02866	0.03961	0.02788	0.03133	0.04259	0.18717	0.03832	0.02805	0.02999	0.02106	0.01344	0.01449	0.00383	0.09050	0.01000	0.00702	0.01645
2	0.33368	0.02275	0.03170	0.21512	0.04786	0.02576	0.10764	0.03214	0.02168	0.04032	0.01848	0.02456	0.01406	0.01055	0.00961	0.00363	0.01278	0.00877	0.00605	0.01285
3	0.02419	0.02243	0.03738	0.17192	0.33717	0.02338	0.02939	0.03080	0.02608	0.03653	0.11457	0.03872	0.03352	0.01270	0.01156	0.00347	0.01225	0.01193	0.00670	0.01531
4	0.01775	0.01005	0.01416	0.01453	0.01517	0.00972	0.00986	0.01551	0.01817	0.02415	0.07744	0.14055	0.07683	0.03624	0.03388	0.44850	0.00852	0.01558	0.00692	0.00647
5	0.02944	0.56336	0.10114	0.02037	0.03060	0.04294	0.02119	0.03387	0.02295	0.02727	0.01604	0.01855	0.01443	0.00972	0.00752	0.00251	0.01243	0.00622	0.00481	0.01463
6	0.01909	0.01150	0.01594	0.01598	0.01777	0.01148	0.01148	0.02083	0.02134	0.07296	0.10553	0.19615	0.05044	0.09292	0.15854	0.12816	0.01346	0.01835	0.00861	0.00948
7	0.08402	0.02811	0.07422	0.02552	0.03350	0.02823	0.06329	0.09031	0.34598	0.04739	0.03735	0.03608	0.02787	0.01379	0.01116	0.00373	0.01078	0.01162	0.00995	0.01711
8	0.02126	0.02001	0.03376	0.57739	0.07752	0.02501	0.03126	0.02876	0.02251	0.02876	0.02001	0.03001	0.01500	0.01125	0.01125	0.00375	0.01500	0.01000	0.00500	0.01250
9	0.01445	0.01050	0.01371	0.01552	0.01695	0.00977	0.01102	0.01734	0.02401	0.03205	0.14363	0.42741	0.11741	0.03227	0.01420	0.00439	0.00661	0.06846	0.01076	0.00953
10	0.01628	0.01110	0.01433	0.01380	0.01606	0.01024	0.01008	0.01891	0.02698	0.03693	0.34432	0.07721	0.15997	0.02752	0.02008	0.15166	0.00637	0.01860	0.01040	0.00916
11	0.56995	0.02350	0.01961	0.01677	0.02410	0.02697	0.01383	0.11552	0.02516	0.05413	0.01769	0.01984	0.01343	0.01099	0.00773	0.00346	0.00936	0.00681	0.00773	0.01343
12	0.04279	0.03153	0.03378	0.02590	0.03490	0.03490	0.02139	0.49671	0.05292	0.07093	0.02702	0.02702	0.01914	0.01351	0.01126	0.00338	0.01239	0.01013	0.01126	0.01914
13	0.68395	0.02177	0.01654	0.01480	0.02177	0.02525	0.01219	0.03309	0.01915	0.05050	0.01567	0.01828	0.01219	0.01045	0.00697	0.00348	0.00871	0.00609	0.00697	0.01219
14	0.68395	0.02177	0.01654	0.01480	0.02177	0.02525	0.01219	0.03309	0.01915	0.05050	0.01567	0.01828	0.01219	0.01045	0.00697	0.00348	0.00871	0.00609	0.00697	0.01219
15	0.01814	0.01296	0.01814	0.02073	0.02332	0.01296	0.01814	0.02332	0.02591	0.03368	0.05959	0.12696	0.06478	0.03109	0.01555	0.00518	0.01036	0.45848	0.01036	0.01036
16	0.02334	0.02001	0.02334	0.01667	0.02667	0.01500	0.01334	0.02834	0.02334	0.03668	0.02001	0.02334	0.01667	0.00834	0.00834	0.00167	0.00834	0.00667	0.00667	0.67325
17	0.04279	0.03153	0.03378	0.02590	0.03490	0.03490	0.02139	0.49671	0.05292	0.07093	0.02702	0.02702	0.01914	0.01351	0.01126	0.00338	0.01239	0.01013	0.01126	0.01914
18	0.04279	0.03153	0.03378	0.02590	0.03490	0.03490	0.02139	0.49671	0.05292	0.07093	0.02702	0.02702	0.01914	0.01351	0.01126	0.00338	0.01239	0.01013	0.01126	0.01914
19	0.02462	0.02462	0.03447	0.02955	0.02955	0.03447	0.02462	0.02709	0.01724	0.02709	0.01477	0.02462	0.01477	0.01970	0.03694	0.00492	0.58385	0.00985	0.00492	0.01231
20	0.02800	0.02418	0.02545	0.02291	0.02927	0.02800	0.01782	0.05981	0.51390	0.04708	0.04581	0.04199	0.03436	0.01527	0.01145	0.00382	0.00891	0.01273	0.01145	0.01782
21	0.10391	0.02259	0.02727	0.02109	0.02972	0.02207	0.01742	0.16766	0.03645	0.37673	0.03738	0.03363	0.02423	0.01352	0.01092	0.00346	0.01023	0.01055	0.01263	0.01854
22	0.01785	0.01195	0.01430	0.01520	0.01683	0.01184	0.01046	0.05923	0.02392	0.03376	0.05102	0.38060	0.05720	0.10625	0.01875	0.00498	0.00740	0.02426	0.12427	0.00993
23	0.01544	0.01149	0.01437	0.01365	0.01652	0.01041	0.01024	0.02030	0.03071	0.04241	0.45179	0.08855	0.18440	0.02402	0.01328	0.00359	0.00538	0.02098	0.01203	0.01041
24	0.01788	0.01358	0.01691	0.01678	0.02002	0.01346	0.01334	0.02650	0.09472	0.04107	0.30386	0.09172	0.12522	0.02456	0.01362	0.00403	0.00713	0.13263	0.01156	0.01142
25	0.51155	0.02106	0.01915	0.01622	0.02366	0.02288	0.01337	0.03901	0.02271	0.18427	0.02349	0.02373	0.01645	0.01140	0.00815	0.00348	0.00894	0.00752	0.00886	0.01408
26	0.01390	0.00994	0.01323	0.01554	0.01637	0.00927	0.01046	0.01615	0.02244	0.03015	0.10238	0.55270	0.07719	0.03420	0.01427	0.00448	0.00642	0.03099	0.01062	0.00927
27	0.02879	0.02150	0.02305	0.02062	0.02657	0.02413	0.01607	0.05386	0.39170	0.08907	0.04420	0.04167	0.03289	0.01480	0.01085	0.00359	0.00836	0.01224	0.11932	0.01673
28	0.02795	0.02330	0.02519	0.02287	0.02895	0.02657	0.01817	0.09270	0.40823	0.04734	0.04604	0.05215	0.03714	0.01725	0.01199	0.00396	0.00940	0.07258	0.01129	0.01693
29	0.04858	0.02223	0.02802	0.02149	0.03027	0.02111	0.01775	0.16472	0.03736	0.42489	0.04008	0.03550	0.02569	0.01383	0.01130	0.00346	0.01028	0.01102	0.01327	0.01915
30	0.01505	0.01147	0.01382	0.01323	0.01627	0.01024	0.00992	0.01953	0.02977	0.04018	0.38889	0.09223	0.24870	0.02486	0.01328	0.00363	0.00544	0.02150	0.01174	0.01024
31	0.53567	0.02000	0.01662	0.01471	0.02125	0.02245	0.01201	0.03419	0.02097	0.09507	0.02118	0.02334	0.01589	0.01113	0.00749	0.00337	0.00832	0.00717	0.09657	0.01261
32	0.01489	0.01070	0.01411	0.01487	0.01658	0.00993	0.01054	0.01862	0.02701	0.03743	0.30917	0.32518	0.09127	0.02877	0.01379	0.00402	0.00588	0.02583	0.01148	0.00993
33	0.02076	0.02206	0.07809	0.03783	0.19690	0.01860	0.06632	0.02647	0.02498	0.03495	0.10370	0.23188	0.04889	0.02050	0.01270	0.00386	0.01074	0.01915	0.00811	0.01350
34	0.02731	0.09993	0.28015	0.03110	0.04303	0.12240	0.11044	0.03638	0.02560	0.03396	0.02114	0.02532	0.01606	0.01076	0.01047	0.00330	0.01628	0.00895	0.06241	0.01501
35	0.57435	0.02343	0.01949	0.01670	0.02401	0.02690	0.01376	0.11234	0.02493	0.05399	0.01761	0.01978	0.01338	0.01097	0.00770	0.00346	0.00934	0.00679	0.00770	0.01338
36	0.02393	0.01988	0.02213	0.02131	0.02608	0.02230	0.01661	0.04627	0.34959	0.04175	0.05085	0.15084	0.04621	0.02129	0.01262	0.00417	0.00874	0.08923	0.01110	0.01511
37	0.12332	0.23517	0.04289	0.02416	0.03304	0.08089	0.05943	0.19459	0.03382	0.04596	0.02033	0.02241	0.01599	0.01123	0.00934	0.00305	0.01300	0.00817	0.00749	0.01571
38	0.04279	0.03153	0.03378	0.02590	0.03490	0.03490	0.02139	0.49671	0.05292	0.07093	0.02702	0.02702	0.01914	0.01351	0.01126	0.00338	0.01239	0.01013	0.01126	0.01914
39	0.03868	0.03114	0.07628	0.02487	0.03436	0.03023	0.02173	0.33838	0.08832	0.10352	0.02906	0.02877	0.02065	0.01302	0.01098	0.00330	0.01185	0.01002	0.01055	0.07426
40	0.02152	0.01455	0.01762	0.01688	0.02060	0.01423	0.01297	0.08557	0.02869	0.08135	0.10608	0.21773	0.17403	0.03162	0.06063	0.00526	0.00964	0.05862	0.01064	0.01177
41	0.01637	0.01091	0.01228	0.01228	0.01228	0.01091	0.00682	0.01637	0.01637	0.02182	0.03546	0.07365	0.04092	0.60445	0.05729	0.01091	0.01091	0.01637	0.00682	0.00682
42	0.05050	0.01915	0.02612	0.02003	0.02873	0.01654	0.01654	0.05485	0.03221	0.54203	0.04440	0.03831	0.02786	0.01393	0.01132	0.00348	0.00958	0.01132	0.01393	0.01915
43	0.01874	0.01226	0.01585	0.01677	0.01971	0.01137	0.01330	0.02254	0.02586	0.07932	0.11176	0.22888	0.16952	0.02929	0.01417	0.00443	0.00786	0.17676	0.01091	0.01070
44	0.08376	0.01610	0.01613	0.01425	0.01865	0.01714	0.01122	0.13013	0.02965	0.04907	0.03275	0.03661	0.02526	0.01297	0.00853	0.00286	0.00712	0.01003	0.46523	0.01254
45	0.01469	0.01052	0.01409	0.01609	0.01735	0.00991	0.01151	0.01767	0.02392	0.03224	0.14241	0.44493	0.07864	0.03258	0.01434	0.00447	0.00684	0.08747	0.01077	0.00956
46	0.01593	0.01150	0.01504	0.01416	0.01681	0.01062	0.01062	0.02124	0.03186	0.04513	0.52830	0.08407	0.10620	0.02301	0.01327	0.00354	0.00531	0.02035	0.01239	0.01062
47	0.01548	0.01070	0.01237	0.01296	0.01346	0.01038	0.00780	0.01619	0.01840	0.02419	0.04879	0.19541	0.09397	0.42198	0.04348	0.00881	0.00943	0.02059	0.00798	0.00760
48	0.04150	0.02940	0.03195	0.02496	0.03358	0.03229	0.02047	0.39732	0.11316	0.11090	0.03115	0.03007	0.02199	0.01379	0.01129	0.00345	0.01166	0.01059	0.01153	0.01896
49	0.01867	0.01106	0.01482	0.01626	0.01800	0.01014	0.01127	0.02095	0.02299	0.09792	0.05966	0.52178	0.06816	0.03239	0.01396	0.00442	0.00694	0.02921	0.01092	0.01049
50	0.01464	0.01145	0.01326	0.01281	0.01602	0.01007	0.00960	0.01874	0.02881	0.03791	0.32497	0.09597	0.31404	0.02571	0.01329	0.00367	0.00550	0.02202	0.01144	0.01007
51	0.01756	0.01321	0.01645	0.01534	0.01849	0.01296	0.01159	0.02644	0.09683	0.04540	0.46326	0.07840	0.09652	0.02197	0.01303	0.00358	0.00579	0.01933	0.01226	0.01159
52	0.02250	0.01379	0.01921	0.02063	0.02405	0.01344	0.01792	0.02757	0.02676	0.10220	0.05755	0.11501	0.05980	0.02878	0.01498	0.00495	0.01026	0.39821	0.01084	0.01155
53	0.01608	0.01206	0.01809	0.01809	0.02010	0.01407	0.01407	0.02010	0.01809	0.02613	0.03015	0.04422	0.02814	0.08441	0.55984	0.01809	0.03015	0.01206	0.00603	0.01005
54	0.03009	0.61122	0.05898	0.01926	0.02889	0.04454	0.01926	0.03370	0.02287	0.02648	0.01565	0.01805	0.01444	0.00963	0.00722	0.00241	0.01204	0.00602	0.00481	0.01444
55	0.05050	0.01915	0.02612	0.02003	0.02873	0.01654	0.01654	0.05485	0.03221	0.54203	0.04440	0.03831	0.02786	0.01393	0.01132	0.00348	0.00958	0.01132	0.01393	0.01915
56	0.03054	0.02544	0.02688	0.02342	0.03024	0.02919	0.01843	0.13507	0.43449	0.05119	0.04257	0.03941	0.03174	0.01497	0.01142	0.00374	0.00951	0.01228	0.01142	0.01804
57	0.68395	0.02177	0.01654	0.01480	0.02177	0.02525	0.01219	0.03309	0.01915	0.05050	0.01567	0.01828	0.01219	0.01045	0.00697	0.00348	0.00871	0.00609	0.00697	0.01219
58	0.01593	0.01150	0.01504	0.01416	0.01681	0.01062	0.01062	0.02124	0.03186	0.04513	0.52830	0.08407	0.10620	0.02301	0.01327	0.00354	0.00531	0.02035	0.01239	0.01062
59	0.02126	0.02001	0.03376	0.57739	0.07752	0.02501	0.03126	0.02876	0.02251	0.02876	0.02001	0.03001	0.01500	0.01125	0.01125	0.00375	0.01500	0.01000	0.00500	0.01250
60	0.01545	0.01257	0.02025	0.01995	0.02205	0.01175	0.07554	0.01842	0.02223	0.02972	0.05674	0.52071	0.06671	0.03179	0.01422	0.00447	0.00821	0.02947	0.00981	0.00996
61	0.02462	0.02462	0.03447	0.02955	0.02955	0.03447	0.02462	0.02709	0.01724	0.02709	0.01477	0.02462	0.01477	0.01970	0.03694	0.00492	0.58385	0.00985	0.00492	0.01231
62	0.05050	0.01915	0.02612	0.02003	0.02873	0.01654	0.01654	0.05485	0.03221	0.54203	0.04440	0.03831	0.02786	0.01393	0.01132	0.00348	0.00958	0.01132	0.01393	0.01915
63	0.68395	0.02177	0.01654	0.01480	0.02177	0.02525	0.01219	0.03309	0.01915	0.05050	0.01567	0.01828	0.01219	0.01045	0.00697	0.00348	0.00871	0.00609	0.00697	0.01219
64	0.02296	0.02174	0.03683	0.44631	0.19530	0.02545	0.03210	0.03025	0.02331	0.03082	0.02031	0.02945	0.01573	0.01094	0.01122	0.00365	0.01458	0.01001	0.00515	0.01388
65	0.02657	0.03036	0.06641	0.04744	0.05882	0.02846	0.49336	0.03605	0.02657	0.03605	0.02277	0.03036	0.01708	0.00949	0.01328	0.00380	0.01898	0.01328	0.00569	0.01518
66	0.05050	0.01915	0.02612	0.02003	0.02873	0.01654	0.01654	0.05485	0.03221	0.54203	0.04440	0.03831	0.02786	0.01393	0.01132	0.00348	0.00958	0.01132	0.01393	0.01915
67	0.03328	0.03912	0.20397	0.02742	0.03849	0.03069	0.02750	0.26148	0.12828	0.05470	0.02820	0.02869	0.02031	0.01289	0.01111	0.00352	0.01317	0.01000	0.00911	0.01806
68	0.01593	0.01150	0.01504	0.01416	0.01681	0.01062	0.01062	0.02124	0.03186	0.04513	0.52830	0.08407	0.10620	0.02301	0.01327	0.00354	0.00531	0.02035	0.01239	0.01062
69	0.01366	0.01001	0.01284	0.01510	0.01617	0.00919	0.01019	0.01574	0.02210	0.02896	0.06904	0.53122	0.13580	0.03435	0.01422	0.00447	0.00642	0.03089	0.01045	0.00919
70	0.04204	0.05364	0.03190	0.02900	0.03480	0.55926	0.02175	0.04494	0.03190	0.02755	0.01740	0.02030	0.01450	0.01160	0.01015	0.00290	0.02030	0.00725	0.00580	0.01305
71	0.02409	0.02175	0.07566	0.02653	0.03358	0.01780	0.13634	0.03048	0.02669	0.10236	0.05503	0.07862	0.12942	0.02116	0.01358	0.00421	0.01208	0.16827	0.00921	0.01313
72	0.01425	0.01119	0.01305	0.01427	0.01693	0.00998	0.01076	0.01723	0.02447	0.03047	0.08917	0.25766	0.31407	0.03097	0.01400	0.00427	0.00675	0.10053	0.01044	0.00954
73	0.01330	0.01140	0.01140	0.01140	0.01520	0.00950	0.00855	0.01615	0.02565	0.03041	0.11402	0.10832	0.52967	0.02850	0.01330	0.00380	0.00570	0.02375	0.01045	0.00950
74	0.02678	0.01731	0.02135	0.02019	0.02508	0.01785	0.01651	0.04001	0.17789	0.13356	0.12953	0.07746	0.05542	0.02174	0.01314	0.00418	0.00894	0.16707	0.01169	0.01432
75	0.02499	0.05323	0.43145	0.03058	0.04489	0.07252	0.03666	0.03971	0.09053	0.03649	0.02341	0.02592	0.01699	0.01139	0.01075	0.00354	0.01591	0.00882	0.00575	0.01648
76	0.01453	0.01038	0.01400	0.01661	0.01762	0.00985	0.01187	0.01708	0.02235	0.02965	0.06158	0.51028	0.07266	0.03449	0.01458	0.00468	0.00724	0.11076	0.01043	0.00937
77	0.02334	0.02001	0.02334	0.01667	0.02667	0.01500	0.01334	0.02834	0.02334	0.03668	0.02001	0.02334	0.01667	0.00834	0.00834	0.00167	0.00834	0.00667	0.00667	0.67325
78	0.02764	0.01986	0.02553	0.10933	0.03538	0.01691	0.01683	0.03294	0.02472	0.12176	0.02418	0.02699	0.01831	0.00977	0.00932	0.00232	0.00964	0.00801	0.00764	0.45292
79	0.02929	0.39102	0.16163	0.02325	0.03382	0.08361	0.02429	0.03731	0.06530	0.03034	0.01935	0.02153	0.01609	0.01051	0.00860	0.00283	0.01350	0.00720	0.00545	0.01509
80	0.02462	0.02462	0.03447	0.02955	0.02955	0.03447	0.02462	0.02709	0.01724	0.02709	0.01477	0.02462	0.01477	0.01970	0.03694	0.00492	0.58385	0.00985	0.00492	0.01231
81	0.02334	0.02001	0.02334	0.01667	0.02667	0.01500	0.01334	0.02834	0.02334	0.03668	0.02001	0.02334	0.01667	0.00834	0.00834	0.00167	0.00834	0.00667	0.00667	0.67325
82	0.01848	0.01187	0.01565	0.01490	0.01774	0.01088	0.01109	0.02316	0.03020	0.08439	0.41087	0.16447	0.09437	0.02426	0.01329	0.00370	0.00587	0.02150	0.01220	0.01110
83	0.03718	0.02674	0.04085	0.03076	0.04002	0.02694	0.17032	0.16308	0.11483	0.17818	0.03326	0.03348	0.02324	0.01262	0.01195	0.00361	0.01319	0.01187	0.01021	0.01766
84	0.03334	0.41585	0.09278	0.02181	0.03157	0.08337	0.02130	0.07672	0.02712	0.07581	0.01965	0.02126	0.01600	0.01059	0.00847	0.00272	0.01294	0.00713	0.00624	0.01532

[dist]
# distance from previous block
# <min> <max>
0	3

[block]
# block no. 2 follows, 11 sequences, length 34
# corresponding to MSA columns:
# 156-189
name=unknown_C
#
# <colnr> <probs for GDERKNQSTAVLIFYWHMCP>
#	G	D	E	R	K	N	Q	S	T	A	V	L	I	F	Y	W	H	M	C	P
0	0.09420	0.02351	0.02699	0.02139	0.02929	0.02423	0.01747	0.21027	0.07644	0.24458	0.08254	0.03729	0.03149	0.01448	0.01114	0.00348	0.01006	0.01145	0.01205	0.01765
1	0.27801	0.02471	0.07584	0.26271	0.04931	0.02545	0.02380	0.03360	0.06094	0.03930	0.02043	0.02584	0.01540	0.01121	0.00956	0.00363	0.01224	0.00855	0.00626	0.01321
2	0.02456	0.02310	0.03591	0.12405	0.10978	0.02173	0.10457	0.03323	0.06478	0.03611	0.02279	0.02786	0.01809	0.00983	0.01034	0.00280	0.01207	0.00936	0.00646	0.30258
3	0.01371	0.00979	0.01306	0.01567	0.01632	0.00914	0.01045	0.01567	0.02155	0.02873	0.06203	0.59710	0.07444	0.03526	0.01437	0.00457	0.00653	0.03200	0.01045	0.00914
4	0.02297	0.02176	0.03686	0.44524	0.19626	0.02546	0.03211	0.03026	0.02332	0.03084	0.02031	0.02945	0.01574	0.01093	0.01122	0.00364	0.01458	0.01001	0.00515	0.01389
5	0.03130	0.55463	0.05623	0.02025	0.02949	0.09677	0.01951	0.03484	0.02379	0.02659	0.01583	0.01828	0.01445	0.00983	0.00752	0.00246	0.01287	0.00614	0.00491	0.01430
6	0.03287	0.02820	0.03787	0.02964	0.03810	0.03054	0.12925	0.20821	0.23861	0.05293	0.03385	0.03402	0.02499	0.01331	0.01181	0.00366	0.01247	0.01194	0.01005	0.01767
7	0.01371	0.00979	0.01306	0.01567	0.01632	0.00914	0.01045	0.01567	0.02155	0.02873	0.06203	0.59710	0.07444	0.03526	0.01437	0.00457	0.00653	0.03200	0.01045	0.00914
8	0.68395	0.02177	0.01654	0.01480	0.02177	0.02525	0.01219	0.03309	0.01915	0.05050	0.01567	0.01828	0.01219	0.01045	0.00697	0.00348	0.00871	0.00609	0.00697	0.01219
9	0.02462	0.02462	0.03447	0.02955	0.02955	0.03447	0.02462	0.02709	0.01724	0.02709	0.01477	0.02462	0.01477	0.01970	0.03694	0.00492	0.58385	0.00985	0.00492	0.01231
10	0.02800	0.02418	0.02545	0.02291	0.02927	0.02800	0.01782	0.05981	0.51390	0.04708	0.04581	0.04199	0.03436	0.01527	0.01145	0.00382	0.00891	0.01273	0.01145	0.01782
11	0.02334	0.02001	0.02334	0.01667	0.02667	0.01500	0.01334	0.02834	0.02334	0.03668	0.02001	0.02334	0.01667	0.00834	0.00834	0.00167	0.00834	0.00667	0.00667	0.67325
12	0.01496	0.01153	0.01402	0.01443	0.01717	0.01008	0.01029	0.01802	0.02453	0.03274	0.15000	0.32716	0.19023	0.02873	0.01330	0.00390	0.00629	0.02535	0.01039	0.07688
13	0.02562	0.03696	0.17998	0.04380	0.05643	0.02791	0.38641	0.03596	0.02590	0.03596	0.02216	0.02880	0.01641	0.00977	0.01267	0.00374	0.01842	0.01211	0.00547	0.01552
14	0.01593	0.01150	0.01504	0.01416	0.01681	0.01062	0.01062	0.02124	0.03186	0.04513	0.52830	0.08407	0.10620	0.02301	0.01327	0.00354	0.00531	0.02035	0.01239	0.01062
15	0.15610	0.01704	0.02066	0.01745	0.02370	0.01611	0.01389	0.03970	0.02831	0.29570	0.12568	0.11816	0.04490	0.01775	0.01127	0.00364	0.00826	0.01473	0.01191	0.01503
16	0.01623	0.01170	0.01546	0.01505	0.01769	0.01094	0.01164	0.02152	0.03106	0.04359	0.46490	0.08987	0.10060	0.02410	0.01358	0.00376	0.00599	0.07961	0.01212	0.01059
17	0.68395	0.02177	0.01654	0.01480	0.02177	0.02525	0.01219	0.03309	0.01915	0.05050	0.01567	0.01828	0.01219	0.01045	0.00697	0.00348	0.00871	0.00609	0.00697	0.01219
18	0.13617	0.01951	0.02482	0.01932	0.02779	0.01772	0.01595	0.05191	0.03045	0.47555	0.04052	0.03560	0.02574	0.01346	0.01073	0.00348	0.00946	0.01061	0.01299	0.01821
19	0.01483	0.01143	0.01362	0.01367	0.01662	0.01022	0.01035	0.01883	0.02795	0.03676	0.28090	0.14191	0.27411	0.02696	0.01356	0.00387	0.00597	0.05716	0.01127	0.01001
20	0.01470	0.01055	0.01394	0.01500	0.01654	0.00980	0.01052	0.01814	0.02613	0.03602	0.26908	0.36929	0.08854	0.02982	0.01388	0.00411	0.00599	0.02683	0.01131	0.00980
21	0.68395	0.02177	0.01654	0.01480	0.02177	0.02525	0.01219	0.03309	0.01915	0.05050	0.01567	0.01828	0.01219	0.01045	0.00697	0.00348	0.00871	0.00609	0.00697	0.01219
22	0.01551	0.01153	0.01467	0.01550	0.01802	0.01070	0.01204	0.01964	0.02712	0.03604	0.23471	0.19456	0.18131	0.02849	0.01406	0.00420	0.00689	0.13385	0.01110	0.01004
23	0.01993	0.01447	0.01771	0.01666	0.01981	0.01440	0.01244	0.10228	0.03242	0.04469	0.30085	0.22846	0.08150	0.02504	0.01325	0.00382	0.00691	0.02208	0.01161	0.01166
24	0.01907	0.01480	0.01775	0.01643	0.02005	0.01514	0.01249	0.03127	0.15719	0.04564	0.40285	0.07313	0.08752	0.02100	0.01280	0.00361	0.00625	0.01837	0.01215	0.01249
25	0.57375	0.02131	0.01821	0.01571	0.02298	0.02373	0.01295	0.03687	0.02143	0.13601	0.02067	0.02177	0.01492	0.01105	0.00772	0.00348	0.00886	0.00700	0.00818	0.01340
26	0.01531	0.01159	0.01634	0.01678	0.01880	0.01262	0.01271	0.01882	0.01969	0.02714	0.04686	0.14589	0.10376	0.06858	0.39417	0.01388	0.02287	0.01699	0.00737	0.00982
27	0.01746	0.01147	0.01431	0.01459	0.01727	0.01027	0.01055	0.02071	0.02616	0.07921	0.19159	0.29255	0.19464	0.02853	0.01355	0.00402	0.00628	0.02510	0.01125	0.01050
28	0.02121	0.01848	0.02387	0.02124	0.02361	0.02228	0.01692	0.03025	0.11310	0.03902	0.25790	0.05524	0.06058	0.02044	0.02142	0.00409	0.21308	0.01523	0.00955	0.01252
29	0.19226	0.02198	0.06677	0.02163	0.02685	0.02157	0.05779	0.02925	0.02032	0.07617	0.02503	0.03670	0.02237	0.12887	0.12275	0.00769	0.09243	0.01073	0.00678	0.01208
30	0.11506	0.02146	0.02102	0.01861	0.02361	0.06351	0.01443	0.15214	0.03356	0.04731	0.16538	0.14079	0.09807	0.02034	0.01180	0.00363	0.00914	0.01682	0.01031	0.01299
31	0.01757	0.01340	0.01573	0.01600	0.01860	0.01342	0.01150	0.05943	0.06302	0.03324	0.06508	0.29704	0.16752	0.08281	0.06604	0.00598	0.00949	0.02362	0.00989	0.01062
32	0.02096	0.01377	0.01848	0.01741	0.01948	0.01508	0.01289	0.08229	0.02142	0.02946	0.02639	0.04086	0.02496	0.10372	0.25736	0.24978	0.01878	0.01135	0.00640	0.00915
33	0.01535	0.01163	0.01593	0.07015	0.02337	0.01149	0.01361	0.01877	0.02367	0.03112	0.10133	0.36867	0.11585	0.03052	0.01407	0.00443	0.00783	0.10227	0.01007	0.00984

[dist]
# distance from previous block
# <min> <max>
0	76

# created by:
# /st0/software/busco_prod/Augustus/scripts/msa2prfl.pl ./align_prep/10184.fa
