[name]
unknown

[dist]
# distance from previous block
# <min> <max>
5	163

[block]
# block no. 0 follows, 12 sequences, length 36
# corresponding to MSA columns:
# 214-249
name=unknown_A
#
# <colnr> <probs for GDERKNQSTAVLIFYWHMCP>
#	G	D	E	R	K	N	Q	S	T	A	V	L	I	F	Y	W	H	M	C	P
0	0.02816	0.01816	0.02189	0.01781	0.02472	0.01619	0.01404	0.06858	0.06335	0.14846	0.03480	0.09716	0.03070	0.06169	0.01391	0.00349	0.00882	0.04493	0.00928	0.27388
1	0.03438	0.07329	0.07923	0.06852	0.03454	0.02665	0.02088	0.21143	0.08612	0.14547	0.08033	0.03442	0.02884	0.01353	0.01077	0.00332	0.01103	0.01078	0.00996	0.01650
2	0.03878	0.02174	0.02622	0.02108	0.02816	0.02224	0.01709	0.23031	0.03673	0.25029	0.03623	0.08613	0.02778	0.02313	0.07628	0.00507	0.01240	0.01243	0.01126	0.01664
3	0.03355	0.02647	0.07452	0.16335	0.04374	0.07670	0.06074	0.03935	0.02613	0.21679	0.02736	0.02969	0.01910	0.01209	0.01257	0.00340	0.05622	0.00976	0.00813	0.06035
4	0.07218	0.06766	0.02421	0.06182	0.02727	0.01869	0.01489	0.03302	0.08077	0.12708	0.02960	0.08296	0.02513	0.01779	0.01542	0.11908	0.00926	0.01089	0.00806	0.15422
5	0.03781	0.12248	0.02983	0.01945	0.02661	0.02282	0.01633	0.12234	0.03085	0.27562	0.03557	0.04300	0.02776	0.08387	0.01577	0.00415	0.01037	0.04925	0.01045	0.01568
6	0.20385	0.02590	0.02768	0.02301	0.02908	0.10310	0.08297	0.12477	0.02767	0.04148	0.02510	0.07719	0.02275	0.06461	0.06986	0.00535	0.01420	0.01120	0.00741	0.01282
7	0.03544	0.07916	0.17500	0.02826	0.09339	0.02291	0.02494	0.04460	0.07338	0.26463	0.03193	0.03086	0.02182	0.01199	0.01047	0.00333	0.01169	0.00974	0.00921	0.01726
8	0.08709	0.02357	0.03004	0.07192	0.07191	0.02466	0.05217	0.21664	0.03409	0.08831	0.02936	0.10675	0.02523	0.01462	0.01084	0.00335	0.01105	0.01237	0.00898	0.07703
9	0.02702	0.02714	0.08526	0.07240	0.07209	0.02540	0.07822	0.12095	0.18229	0.04418	0.07227	0.03524	0.02876	0.01284	0.01106	0.00337	0.01150	0.01129	0.00860	0.07012
10	0.02307	0.01321	0.01671	0.06198	0.02195	0.01267	0.01159	0.02651	0.02287	0.12108	0.08312	0.10659	0.04017	0.17506	0.02227	0.00510	0.00840	0.01445	0.15011	0.06311
11	0.02732	0.02269	0.08562	0.02588	0.10312	0.01938	0.01933	0.06715	0.10927	0.11840	0.12005	0.04211	0.03764	0.01410	0.01057	0.00326	0.00917	0.01193	0.13815	0.01485
12	0.14306	0.02457	0.10248	0.02287	0.07069	0.01951	0.01900	0.06948	0.02734	0.15970	0.08773	0.04121	0.08760	0.01420	0.01032	0.00327	0.00972	0.01140	0.00907	0.06678
13	0.06520	0.07812	0.10230	0.01952	0.02580	0.02051	0.01807	0.10804	0.02987	0.04235	0.19084	0.11870	0.05378	0.01915	0.01157	0.00358	0.00937	0.06113	0.00930	0.01280
14	0.02293	0.01631	0.02163	0.02169	0.07382	0.01693	0.05845	0.03396	0.13022	0.04067	0.03468	0.03825	0.02695	0.01252	0.00916	0.00296	0.00784	0.01082	0.40741	0.01279
15	0.02767	0.31106	0.18579	0.02207	0.03300	0.03184	0.02360	0.03590	0.06057	0.06875	0.02101	0.02271	0.01655	0.01017	0.00863	0.00273	0.01207	0.00736	0.00596	0.09256
16	0.02201	0.01837	0.02081	0.01814	0.02404	0.01815	0.01389	0.03686	0.22765	0.03923	0.09698	0.13695	0.04265	0.01688	0.01084	0.00315	0.00766	0.01455	0.00960	0.22159
17	0.27744	0.02993	0.15348	0.02088	0.02950	0.02460	0.02046	0.03996	0.17875	0.04400	0.05889	0.03020	0.02476	0.01240	0.00938	0.00350	0.01019	0.00931	0.00790	0.01447
18	0.03520	0.10449	0.25508	0.02425	0.03603	0.02309	0.02658	0.04290	0.02670	0.27445	0.02989	0.02889	0.01992	0.01169	0.01025	0.00329	0.01244	0.00914	0.00872	0.01700
19	0.03224	0.30023	0.19445	0.02245	0.03351	0.03086	0.02423	0.03858	0.02479	0.16773	0.02376	0.02425	0.01736	0.01072	0.00901	0.00293	0.01232	0.00782	0.00697	0.01581
20	0.42942	0.14778	0.02649	0.01622	0.02384	0.02678	0.01407	0.03623	0.02175	0.14161	0.02053	0.02140	0.01519	0.01060	0.00761	0.00315	0.00928	0.00686	0.00761	0.01357
21	0.03615	0.28363	0.03908	0.01960	0.02800	0.02997	0.01741	0.04510	0.12164	0.22774	0.03111	0.02922	0.02251	0.01192	0.00926	0.00298	0.01020	0.00898	0.00918	0.01632
22	0.03356	0.08685	0.29991	0.02528	0.03769	0.02295	0.02857	0.04202	0.02631	0.24799	0.02883	0.02836	0.01924	0.01156	0.01034	0.00333	0.01295	0.00907	0.00826	0.01694
23	0.02033	0.01016	0.01016	0.01016	0.01270	0.01016	0.00762	0.02541	0.02287	0.04065	0.03557	0.04065	0.02795	0.01270	0.00762	0.00254	0.00508	0.01016	0.67734	0.01016
24	0.02079	0.01938	0.03170	0.53370	0.07022	0.02327	0.02856	0.02782	0.02188	0.02862	0.01938	0.02843	0.01469	0.01062	0.01062	0.00343	0.01390	0.00937	0.00500	0.07861
25	0.03310	0.02094	0.02954	0.15825	0.04092	0.05922	0.06839	0.03836	0.02696	0.24158	0.03632	0.08414	0.02941	0.01569	0.01174	0.00369	0.01207	0.06571	0.00943	0.01453
26	0.03537	0.02799	0.03249	0.17156	0.15322	0.14771	0.02444	0.04050	0.02746	0.19321	0.02638	0.02896	0.01888	0.01153	0.01065	0.00328	0.01374	0.00948	0.00782	0.01535
27	0.01865	0.01546	0.05993	0.01523	0.01962	0.01161	0.01279	0.02297	0.02655	0.09485	0.21729	0.17301	0.22222	0.02409	0.01263	0.00368	0.00687	0.02079	0.01062	0.01113
28	0.01321	0.00977	0.01236	0.01442	0.01561	0.00892	0.00978	0.01527	0.02161	0.02813	0.06935	0.51694	0.15890	0.03296	0.01373	0.00429	0.00618	0.02953	0.01012	0.00892
29	0.09498	0.02829	0.08543	0.02554	0.03483	0.06285	0.09288	0.10925	0.03125	0.27761	0.03096	0.03014	0.02072	0.01203	0.01075	0.00337	0.01239	0.01009	0.00991	0.01673
30	0.14595	0.03123	0.10047	0.08070	0.16864	0.06700	0.13295	0.07812	0.02637	0.03951	0.01997	0.02496	0.01542	0.01026	0.01043	0.00338	0.01424	0.00935	0.00605	0.01500
31	0.03030	0.56677	0.05454	0.01959	0.02855	0.09563	0.01890	0.03373	0.02302	0.02576	0.01533	0.01771	0.01400	0.00952	0.00728	0.00238	0.01245	0.00595	0.00476	0.01386
32	0.07320	0.02208	0.07096	0.02782	0.09023	0.01834	0.08970	0.03383	0.02567	0.16340	0.08006	0.12505	0.03530	0.01548	0.01124	0.00341	0.01054	0.01404	0.00888	0.08077
33	0.25529	0.02247	0.02543	0.02631	0.11577	0.02396	0.01778	0.14844	0.03023	0.09991	0.07078	0.03436	0.05928	0.01327	0.00979	0.00335	0.00970	0.01029	0.00884	0.01475
34	0.09007	0.06608	0.03268	0.03283	0.16547	0.06785	0.02131	0.14111	0.03218	0.14210	0.07668	0.03214	0.02694	0.01254	0.01039	0.00321	0.01133	0.01017	0.00887	0.01606
35	0.01905	0.01748	0.07443	0.01981	0.02428	0.01376	0.06005	0.02402	0.02477	0.07616	0.18220	0.23818	0.06088	0.03000	0.07765	0.00541	0.01097	0.02003	0.00945	0.01141

[dist]
# distance from previous block
# <min> <max>
13	22

[block]
# block no. 1 follows, 12 sequences, length 6
# corresponding to MSA columns:
# 274-279
name=unknown_B
#
# <colnr> <probs for GDERKNQSTAVLIFYWHMCP>
#	G	D	E	R	K	N	Q	S	T	A	V	L	I	F	Y	W	H	M	C	P
0	0.02593	0.02449	0.02801	0.02825	0.13044	0.07416	0.01842	0.03462	0.09656	0.03611	0.02294	0.02578	0.01862	0.00968	0.00922	0.00235	0.01027	0.00800	0.00683	0.38932
1	0.02993	0.01657	0.02067	0.01766	0.02313	0.01617	0.01391	0.04063	0.14520	0.22507	0.25226	0.05646	0.06014	0.01747	0.01179	0.00347	0.00740	0.01494	0.01232	0.01480
2	0.22690	0.02225	0.02406	0.01976	0.02715	0.02344	0.01642	0.18313	0.03302	0.20629	0.03160	0.03771	0.02403	0.01424	0.01020	0.00352	0.00995	0.06022	0.01041	0.01569
3	0.02747	0.09788	0.02835	0.10142	0.03282	0.02426	0.01791	0.04309	0.23254	0.11232	0.12446	0.04267	0.03943	0.01466	0.01083	0.00342	0.00935	0.01221	0.00986	0.01505
4	0.02785	0.03104	0.02569	0.02853	0.09983	0.26048	0.01908	0.03126	0.02668	0.02917	0.03868	0.16847	0.07085	0.01961	0.01175	0.00357	0.01357	0.07455	0.00746	0.01189
5	0.11291	0.19472	0.03228	0.01836	0.02656	0.02765	0.01566	0.03823	0.16622	0.03729	0.02474	0.02565	0.01985	0.01062	0.00845	0.00264	0.00931	0.00788	0.00730	0.21368

[dist]
# distance from previous block
# <min> <max>
0	2

[block]
# block no. 2 follows, 12 sequences, length 21
# corresponding to MSA columns:
# 282-302
name=unknown_C
#
# <colnr> <probs for GDERKNQSTAVLIFYWHMCP>
#	G	D	E	R	K	N	Q	S	T	A	V	L	I	F	Y	W	H	M	C	P
0	0.03421	0.08119	0.03329	0.02428	0.03217	0.02994	0.05282	0.21203	0.23482	0.09805	0.03366	0.03237	0.02462	0.01318	0.01076	0.00339	0.01082	0.01077	0.01027	0.01735
1	0.03052	0.04095	0.25328	0.02594	0.03694	0.11322	0.02709	0.04218	0.10228	0.12547	0.02692	0.02755	0.01928	0.01152	0.01029	0.00321	0.01369	0.00890	0.00745	0.07331
2	0.01558	0.01168	0.01752	0.01752	0.01947	0.01363	0.01363	0.01947	0.01752	0.02531	0.02921	0.04283	0.02726	0.08178	0.57360	0.01752	0.02921	0.01168	0.00584	0.00974
3	0.02578	0.02068	0.03694	0.02819	0.03536	0.01960	0.21006	0.03476	0.07482	0.11968	0.21272	0.05016	0.05042	0.01503	0.01241	0.00354	0.01136	0.01496	0.00957	0.01396
4	0.02651	0.02126	0.03234	0.31968	0.14047	0.02397	0.02647	0.10310	0.02746	0.07839	0.02604	0.07913	0.02160	0.01325	0.01115	0.00356	0.01274	0.01166	0.00702	0.01421
5	0.03545	0.27174	0.08334	0.02256	0.03209	0.03570	0.02109	0.24915	0.03589	0.08225	0.02236	0.02317	0.01691	0.01138	0.00929	0.00291	0.01200	0.00814	0.00807	0.01651
6	0.02899	0.02435	0.02571	0.02257	0.02906	0.02799	0.01771	0.11720	0.46679	0.04862	0.04201	0.03879	0.03136	0.01457	0.01107	0.00364	0.00907	0.01200	0.01107	0.01743
7	0.01564	0.01205	0.01737	0.02222	0.08594	0.01153	0.01382	0.01870	0.02267	0.03073	0.09915	0.44306	0.06698	0.02953	0.01351	0.00423	0.00740	0.06560	0.00967	0.01019
8	0.03162	0.10734	0.12709	0.03614	0.14989	0.02600	0.10402	0.04056	0.06649	0.16254	0.02735	0.02908	0.01983	0.01102	0.01063	0.00330	0.01293	0.00997	0.00764	0.01655
9	0.01367	0.00965	0.01254	0.01468	0.01522	0.00912	0.00959	0.01528	0.02012	0.02682	0.05620	0.52823	0.06720	0.12233	0.02021	0.00536	0.00697	0.02871	0.00959	0.00852
10	0.02447	0.01633	0.02213	0.13393	0.03312	0.01728	0.01751	0.03417	0.11604	0.12712	0.15949	0.10385	0.05175	0.01910	0.01219	0.00380	0.00912	0.07518	0.01024	0.01318
11	0.12567	0.28262	0.20297	0.02810	0.10073	0.03267	0.02617	0.03324	0.02223	0.03313	0.01721	0.02045	0.01404	0.00981	0.00848	0.00295	0.01271	0.00703	0.00505	0.01474
12	0.02619	0.19048	0.20583	0.08000	0.13307	0.02814	0.02827	0.03346	0.02382	0.07395	0.02682	0.02968	0.05266	0.01148	0.00983	0.00314	0.01293	0.00920	0.00590	0.01514
13	0.01497	0.01089	0.01320	0.01397	0.01642	0.01000	0.01059	0.01866	0.02526	0.03395	0.18687	0.20905	0.21312	0.02692	0.01300	0.00390	0.00629	0.09509	0.06824	0.00960
14	0.02151	0.08156	0.26485	0.02275	0.03196	0.01973	0.02485	0.02866	0.02310	0.07648	0.03984	0.21464	0.06717	0.01918	0.01142	0.00368	0.01139	0.01634	0.00747	0.01342
15	0.03464	0.03208	0.16564	0.02858	0.03925	0.02401	0.12106	0.10666	0.07669	0.21185	0.03095	0.03098	0.02112	0.01193	0.01120	0.00347	0.01308	0.01060	0.00915	0.01707
16	0.01504	0.01099	0.01542	0.01587	0.01745	0.01171	0.01166	0.01834	0.02036	0.02857	0.12142	0.18356	0.05121	0.10674	0.30665	0.01156	0.01832	0.01786	0.00792	0.00935
17	0.02819	0.01321	0.01700	0.01556	0.01930	0.01205	0.01143	0.03106	0.02419	0.22921	0.04594	0.22442	0.04357	0.12467	0.01919	0.00485	0.00802	0.01804	0.09779	0.01232
18	0.09081	0.02449	0.06262	0.02112	0.02936	0.02270	0.01829	0.18170	0.06716	0.25845	0.08050	0.03574	0.02982	0.01379	0.01076	0.00338	0.01006	0.01093	0.01131	0.01701
19	0.10594	0.01450	0.01757	0.01999	0.06123	0.01476	0.01360	0.05479	0.02356	0.03433	0.05060	0.27472	0.09523	0.07995	0.01642	0.00470	0.00841	0.09006	0.00902	0.01060
20	0.03101	0.44487	0.11757	0.02115	0.03097	0.08372	0.02144	0.03571	0.02385	0.07571	0.01844	0.02020	0.01517	0.01001	0.00804	0.00261	0.01271	0.00669	0.00555	0.01457

[dist]
# distance from previous block
# <min> <max>
4	6

[block]
# block no. 3 follows, 12 sequences, length 76
# corresponding to MSA columns:
# 310-385
name=unknown_D
#
# <colnr> <probs for GDERKNQSTAVLIFYWHMCP>
#	G	D	E	R	K	N	Q	S	T	A	V	L	I	F	Y	W	H	M	C	P
0	0.03220	0.02908	0.13650	0.02503	0.03422	0.02326	0.06516	0.08436	0.17714	0.18145	0.06796	0.03663	0.02950	0.01340	0.01117	0.00351	0.01123	0.01142	0.00998	0.01680
1	0.02059	0.01938	0.03270	0.59060	0.07510	0.02422	0.03028	0.02786	0.02180	0.02786	0.01938	0.02907	0.01453	0.01090	0.01090	0.00363	0.01453	0.00969	0.00484	0.01211
2	0.01755	0.02926	0.23458	0.02059	0.02856	0.01611	0.02218	0.02515	0.02606	0.03690	0.23713	0.11281	0.11116	0.01922	0.01196	0.00357	0.00974	0.01648	0.00862	0.01238
3	0.02373	0.02253	0.03698	0.03792	0.19311	0.02021	0.12149	0.02969	0.02378	0.03471	0.02414	0.08095	0.02188	0.01128	0.01046	0.00281	0.01155	0.01111	0.00628	0.27540
4	0.02313	0.01344	0.01879	0.10755	0.02810	0.01310	0.01460	0.02654	0.02395	0.15734	0.05443	0.32687	0.09879	0.02474	0.01261	0.00397	0.00828	0.02190	0.01011	0.01178
5	0.01361	0.01107	0.01204	0.01180	0.01517	0.00951	0.00885	0.01704	0.02655	0.03349	0.23292	0.09828	0.41939	0.02611	0.01288	0.00361	0.00542	0.02208	0.01066	0.00951
6	0.08443	0.02479	0.03825	0.05228	0.38757	0.02494	0.02811	0.07460	0.02740	0.11740	0.02391	0.02770	0.01840	0.01058	0.01051	0.00327	0.01197	0.00961	0.00716	0.01713
7	0.02561	0.02971	0.14568	0.03297	0.08699	0.02333	0.14751	0.03879	0.13625	0.07968	0.06665	0.07787	0.03066	0.01383	0.01169	0.00361	0.01271	0.01313	0.00798	0.01537
8	0.01373	0.01016	0.01228	0.01355	0.01499	0.00931	0.00915	0.01580	0.02186	0.02842	0.10487	0.36353	0.18743	0.11899	0.01981	0.00509	0.00667	0.02589	0.00974	0.00871
9	0.02535	0.02517	0.04606	0.09162	0.35531	0.02496	0.14784	0.03243	0.02533	0.03559	0.06235	0.03204	0.02372	0.01066	0.01147	0.00339	0.01376	0.01128	0.00592	0.01575
10	0.03129	0.02348	0.03270	0.03973	0.23860	0.02448	0.02357	0.04712	0.22871	0.14064	0.03447	0.03445	0.02559	0.01249	0.01095	0.00345	0.01050	0.01101	0.00926	0.01752
11	0.02547	0.23210	0.27147	0.03584	0.16374	0.03122	0.03163	0.03366	0.02318	0.03193	0.01837	0.02220	0.01472	0.00987	0.00938	0.00304	0.01390	0.00774	0.00482	0.01571
12	0.28552	0.02082	0.02128	0.01805	0.02442	0.02239	0.01465	0.14368	0.02876	0.14211	0.02910	0.03943	0.02419	0.07845	0.01453	0.00429	0.00980	0.05542	0.00926	0.01386
13	0.03692	0.03511	0.03167	0.02551	0.03334	0.24471	0.06203	0.11568	0.03202	0.11047	0.02301	0.02463	0.01724	0.01102	0.01007	0.00279	0.01447	0.00843	0.00774	0.15313
14	0.10021	0.20223	0.07226	0.01982	0.02733	0.07197	0.01788	0.03836	0.11791	0.08814	0.10792	0.03451	0.03275	0.01313	0.00953	0.00310	0.01046	0.01002	0.00819	0.01427
15	0.01894	0.00947	0.01420	0.01420	0.01420	0.00947	0.00947	0.01420	0.01420	0.01894	0.01894	0.03314	0.01894	0.03788	0.04261	0.68277	0.00947	0.00947	0.00473	0.00473
16	0.02519	0.01735	0.02055	0.01758	0.02238	0.01774	0.01380	0.13956	0.08281	0.09062	0.33721	0.06136	0.07087	0.01877	0.01209	0.00341	0.00738	0.01605	0.01178	0.01350
17	0.25199	0.02684	0.02658	0.02134	0.02920	0.03018	0.01752	0.31604	0.08314	0.06023	0.02423	0.02472	0.01767	0.01228	0.00957	0.00334	0.01054	0.00877	0.00957	0.01624
18	0.02638	0.02529	0.04316	0.11657	0.50388	0.02575	0.03316	0.03293	0.02454	0.03489	0.02040	0.02718	0.01701	0.00983	0.01080	0.00328	0.01310	0.00971	0.00534	0.01678
19	0.01558	0.01168	0.01752	0.01752	0.01947	0.01363	0.01363	0.01947	0.01752	0.02531	0.02921	0.04283	0.02726	0.08178	0.57360	0.01752	0.02921	0.01168	0.00584	0.00974
20	0.04621	0.01776	0.02387	0.01852	0.02640	0.01547	0.01523	0.05051	0.03042	0.50745	0.04231	0.03745	0.02708	0.01342	0.01065	0.00329	0.00888	0.01089	0.07643	0.01776
21	0.02141	0.01938	0.02862	0.35842	0.05519	0.02031	0.02326	0.02770	0.02213	0.03096	0.01938	0.02646	0.01519	0.00976	0.00976	0.00282	0.01192	0.00838	0.00550	0.28345
22	0.69383	0.02109	0.01603	0.01434	0.02109	0.02446	0.01181	0.03205	0.01856	0.04892	0.01518	0.01771	0.01181	0.01012	0.00675	0.00337	0.00843	0.00590	0.00675	0.01181
23	0.69383	0.02109	0.01603	0.01434	0.02109	0.02446	0.01181	0.03205	0.01856	0.04892	0.01518	0.01771	0.01181	0.01012	0.00675	0.00337	0.00843	0.00590	0.00675	0.01181
24	0.04145	0.03054	0.03272	0.02509	0.03381	0.03381	0.02072	0.51243	0.05127	0.06872	0.02618	0.02618	0.01854	0.01309	0.01091	0.00327	0.01200	0.00982	0.01091	0.01854
25	0.04352	0.02178	0.02675	0.02074	0.02875	0.02128	0.01704	0.19915	0.03768	0.35266	0.08203	0.03751	0.03100	0.01415	0.01111	0.00335	0.00979	0.01137	0.01252	0.01782
26	0.02318	0.02202	0.03737	0.37895	0.26655	0.02490	0.03157	0.03012	0.02302	0.03100	0.01984	0.02823	0.01564	0.01042	0.01086	0.00347	0.01390	0.00970	0.00507	0.01420
27	0.02756	0.02358	0.03023	0.02851	0.07726	0.02581	0.06587	0.11222	0.29374	0.04501	0.03958	0.04869	0.03262	0.01587	0.01180	0.00379	0.01062	0.08122	0.00987	0.01612
28	0.03368	0.14344	0.03680	0.02295	0.03083	0.02254	0.10593	0.03885	0.02827	0.24558	0.13670	0.04082	0.03807	0.01366	0.01089	0.00323	0.01059	0.01207	0.00991	0.01520
29	0.04145	0.03054	0.03272	0.02509	0.03381	0.03381	0.02072	0.51243	0.05127	0.06872	0.02618	0.02618	0.01854	0.01309	0.01091	0.00327	0.01200	0.00982	0.01091	0.01854
30	0.30957	0.01958	0.02155	0.01735	0.02511	0.01943	0.01432	0.04462	0.02609	0.35126	0.03177	0.02927	0.02085	0.01213	0.00926	0.00337	0.00894	0.00892	0.01077	0.01583
31	0.02059	0.01938	0.03270	0.59060	0.07510	0.02422	0.03028	0.02786	0.02180	0.02786	0.01938	0.02907	0.01453	0.01090	0.01090	0.00363	0.01453	0.00969	0.00484	0.01211
32	0.03265	0.02153	0.03280	0.25213	0.15438	0.02294	0.02562	0.08278	0.02813	0.19683	0.02757	0.03085	0.01933	0.01167	0.01090	0.00344	0.01234	0.01010	0.00821	0.01578
33	0.01583	0.01102	0.01403	0.01519	0.01634	0.01080	0.01098	0.01826	0.02122	0.02831	0.10091	0.19238	0.05966	0.26375	0.03071	0.00695	0.00901	0.15731	0.00890	0.00847
34	0.01558	0.01168	0.01752	0.01752	0.01947	0.01363	0.01363	0.01947	0.01752	0.02531	0.02921	0.04283	0.02726	0.08178	0.57360	0.01752	0.02921	0.01168	0.00584	0.00974
35	0.02467	0.02761	0.01980	0.01849	0.02272	0.23731	0.01386	0.02794	0.02854	0.03128	0.16196	0.06562	0.23886	0.01990	0.01165	0.00328	0.01116	0.01587	0.00869	0.01082
36	0.04200	0.01703	0.02309	0.01823	0.02545	0.01484	0.01484	0.04641	0.03114	0.45048	0.14628	0.04627	0.04266	0.01531	0.01136	0.00339	0.00842	0.01277	0.01319	0.01685
37	0.01823	0.01162	0.01507	0.01429	0.01724	0.01056	0.01067	0.02261	0.02892	0.09111	0.38660	0.15811	0.12582	0.02362	0.01283	0.00359	0.00576	0.02080	0.01172	0.01081
38	0.03383	0.39242	0.04653	0.02247	0.03030	0.25731	0.01963	0.03705	0.02569	0.02607	0.01584	0.01837	0.01401	0.01010	0.00814	0.00252	0.01489	0.00631	0.00505	0.01345
39	0.03955	0.02294	0.04108	0.03013	0.03962	0.02069	0.21535	0.04578	0.02900	0.34560	0.03455	0.03400	0.02277	0.01176	0.01173	0.00350	0.01296	0.01173	0.01027	0.01700
40	0.01394	0.01038	0.01298	0.01383	0.01575	0.00942	0.00980	0.01713	0.02512	0.03362	0.23617	0.32424	0.18019	0.02874	0.01334	0.00393	0.00575	0.02548	0.01077	0.00942
41	0.02906	0.01903	0.02175	0.01845	0.02402	0.01927	0.01452	0.20345	0.03531	0.12387	0.10120	0.15647	0.14581	0.02088	0.01206	0.00360	0.00857	0.01753	0.01109	0.01406
42	0.62469	0.02082	0.01702	0.01488	0.02181	0.02356	0.01226	0.03431	0.01991	0.10332	0.01817	0.01979	0.01344	0.01048	0.00720	0.00337	0.00852	0.00645	0.00747	0.01253
43	0.02310	0.02260	0.03136	0.02704	0.02704	0.03124	0.02222	0.02526	0.01662	0.02576	0.01621	0.02835	0.01671	0.07567	0.03765	0.00532	0.54135	0.01014	0.00494	0.01142
44	0.01506	0.01034	0.01258	0.01334	0.01369	0.01030	0.00823	0.01595	0.01750	0.02349	0.04167	0.23074	0.04839	0.39834	0.08508	0.00929	0.01081	0.02007	0.00760	0.00754
45	0.04594	0.02657	0.02786	0.02206	0.03011	0.10883	0.01788	0.15477	0.03566	0.36237	0.03506	0.03187	0.02303	0.01304	0.01077	0.00326	0.01154	0.01008	0.01166	0.01761
46	0.03547	0.02523	0.02952	0.02333	0.02994	0.07501	0.06885	0.20153	0.03405	0.15779	0.03044	0.03868	0.02461	0.15108	0.02126	0.00497	0.01248	0.01152	0.00941	0.01484
47	0.04073	0.05197	0.03090	0.02809	0.03371	0.57303	0.02107	0.04354	0.03090	0.02669	0.01685	0.01966	0.01404	0.01124	0.00983	0.00281	0.01966	0.00702	0.00562	0.01264
48	0.69383	0.02109	0.01603	0.01434	0.02109	0.02446	0.01181	0.03205	0.01856	0.04892	0.01518	0.01771	0.01181	0.01012	0.00675	0.00337	0.00843	0.00590	0.00675	0.01181
49	0.01391	0.01035	0.01359	0.01486	0.01644	0.01004	0.01057	0.01667	0.02181	0.02915	0.10973	0.36015	0.14124	0.04173	0.12878	0.00690	0.01079	0.02463	0.00943	0.00923
50	0.11296	0.01881	0.02438	0.01890	0.02716	0.01686	0.01561	0.05104	0.02995	0.50596	0.04025	0.03519	0.02548	0.01316	0.01055	0.00337	0.00919	0.01046	0.01283	0.01789
51	0.02510	0.01930	0.02286	0.01646	0.02603	0.01468	0.01321	0.02989	0.02342	0.08484	0.02162	0.02398	0.01718	0.00859	0.00835	0.00178	0.00819	0.00689	0.00713	0.62052
52	0.01484	0.01062	0.01360	0.01509	0.01645	0.01011	0.01088	0.01745	0.02222	0.02943	0.11075	0.31310	0.10588	0.13850	0.02159	0.00551	0.00768	0.11778	0.00966	0.00887
53	0.02261	0.01938	0.02261	0.01615	0.02584	0.01453	0.01292	0.02745	0.02261	0.03553	0.01938	0.02261	0.01615	0.00807	0.00807	0.00161	0.00807	0.00646	0.00646	0.68346
54	0.09086	0.02579	0.03799	0.05033	0.36024	0.02652	0.02767	0.12788	0.02991	0.08486	0.02294	0.02681	0.01781	0.01071	0.01047	0.00327	0.01207	0.00950	0.00723	0.01713
55	0.03489	0.02535	0.02907	0.07270	0.03469	0.02659	0.01915	0.27730	0.09208	0.10201	0.02772	0.02829	0.02008	0.01208	0.01035	0.00302	0.01080	0.00949	0.00972	0.15462
56	0.02440	0.02327	0.03959	0.27858	0.35734	0.02523	0.03218	0.03120	0.02360	0.03248	0.02005	0.02783	0.01617	0.01019	0.01084	0.00340	0.01359	0.00970	0.00517	0.01519
57	0.02049	0.01164	0.01568	0.01634	0.01879	0.01070	0.01202	0.02346	0.02417	0.12689	0.10249	0.40230	0.06574	0.02881	0.01340	0.00420	0.00715	0.07389	0.01091	0.01090
58	0.03148	0.18656	0.16729	0.07180	0.10496	0.08243	0.02645	0.03796	0.02533	0.13348	0.02288	0.02501	0.01697	0.01075	0.00966	0.00307	0.01346	0.00830	0.00659	0.01556
59	0.02166	0.01601	0.02228	0.02576	0.12828	0.01551	0.01605	0.02920	0.07625	0.08647	0.30244	0.06462	0.11372	0.01871	0.01210	0.00343	0.00749	0.01649	0.01051	0.01302
60	0.01610	0.01197	0.01513	0.01482	0.01733	0.01159	0.01091	0.02300	0.07597	0.04062	0.39610	0.18667	0.08994	0.02403	0.01291	0.00366	0.00572	0.02135	0.01153	0.01065
61	0.02396	0.03316	0.16356	0.03182	0.12833	0.11609	0.02475	0.03196	0.06455	0.03224	0.03343	0.20082	0.03357	0.01789	0.01148	0.00361	0.01260	0.01542	0.00711	0.01364
62	0.10486	0.02126	0.02699	0.02836	0.12522	0.02190	0.01889	0.04650	0.18473	0.20930	0.06921	0.03716	0.03050	0.01340	0.01065	0.00345	0.00941	0.01119	0.01039	0.01664
63	0.03918	0.16490	0.03595	0.02505	0.03198	0.36292	0.02006	0.08390	0.03093	0.08035	0.01981	0.02145	0.01566	0.01122	0.00945	0.00281	0.01635	0.00740	0.00664	0.01400
64	0.01398	0.01107	0.01265	0.01282	0.01587	0.00974	0.00972	0.01750	0.02619	0.03345	0.21970	0.14012	0.34845	0.02689	0.01314	0.00378	0.00584	0.05892	0.01063	0.00954
65	0.03053	0.20768	0.18431	0.02477	0.03537	0.02734	0.07585	0.03746	0.02569	0.16040	0.06613	0.03020	0.02451	0.01165	0.00999	0.00313	0.01249	0.00956	0.00749	0.01547
66	0.02699	0.07663	0.12732	0.03783	0.15616	0.02502	0.13503	0.03680	0.07361	0.08802	0.08080	0.03427	0.02794	0.01188	0.01116	0.00338	0.01298	0.01129	0.00729	0.01562
67	0.03885	0.01933	0.02404	0.01970	0.02685	0.01889	0.01584	0.05139	0.18520	0.34744	0.09309	0.04262	0.03647	0.01477	0.01119	0.00348	0.00867	0.01226	0.01260	0.01733
68	0.02164	0.02019	0.03387	0.37866	0.20466	0.02306	0.02903	0.02811	0.02257	0.03008	0.02407	0.09072	0.02149	0.01305	0.01119	0.00361	0.01320	0.01198	0.00557	0.01324
69	0.03253	0.13245	0.25870	0.02801	0.07747	0.02511	0.02812	0.04039	0.02577	0.20844	0.02681	0.02718	0.01854	0.01120	0.01006	0.00323	0.01285	0.00881	0.00766	0.01668
70	0.01763	0.01068	0.01385	0.01496	0.01630	0.00998	0.01003	0.01939	0.02095	0.08312	0.05297	0.43756	0.06060	0.15180	0.02215	0.00558	0.00752	0.02573	0.00976	0.00943
71	0.01312	0.01012	0.01200	0.01351	0.01538	0.00900	0.00938	0.01537	0.02248	0.02849	0.08045	0.40568	0.26299	0.03151	0.01350	0.00413	0.00600	0.02777	0.01012	0.00900
72	0.03990	0.13196	0.14092	0.02167	0.03184	0.02267	0.02148	0.04573	0.02794	0.35633	0.03333	0.03079	0.02201	0.01212	0.01015	0.00321	0.01110	0.00947	0.01012	0.01726
73	0.08797	0.03407	0.21298	0.03119	0.04216	0.02309	0.19705	0.03366	0.02493	0.07876	0.06703	0.03569	0.05734	0.01221	0.01131	0.00353	0.01412	0.01165	0.00677	0.01452
74	0.58770	0.02317	0.01796	0.01582	0.02263	0.06467	0.01287	0.03478	0.02060	0.09239	0.01778	0.01958	0.01333	0.01050	0.00735	0.00333	0.00935	0.00644	0.00726	0.01247
75	0.02372	0.02257	0.03835	0.33472	0.30655	0.02505	0.03184	0.03060	0.02328	0.03165	0.01993	0.02805	0.01587	0.01032	0.01085	0.00344	0.01376	0.00970	0.00511	0.01463

[dist]
# distance from previous block
# <min> <max>
0	0

# created by:
# /st0/software/busco_prod/Augustus/scripts/msa2prfl.pl ./align_prep/10182.fa
