[name]
unknown

[dist]
# distance from previous block
# <min> <max>
0	245

[block]
# block no. 0 follows, 12 sequences, length 29
# corresponding to MSA columns:
# 248-276
name=unknown_A
#
# <colnr> <probs for GDERKNQSTAVLIFYWHMCP>
#	G	D	E	R	K	N	Q	S	T	A	V	L	I	F	Y	W	H	M	C	P
0	0.02312	0.15392	0.47377	0.02894	0.04389	0.02839	0.03657	0.03421	0.02287	0.03300	0.01881	0.02207	0.01384	0.01018	0.00978	0.00326	0.01535	0.00767	0.00461	0.01575
1	0.01315	0.01002	0.01210	0.01377	0.01544	0.00898	0.00949	0.01534	0.02223	0.02839	0.07729	0.43739	0.23332	0.03193	0.01357	0.00417	0.00605	0.02827	0.01012	0.00898
2	0.02682	0.19082	0.28842	0.02432	0.03578	0.02662	0.02765	0.03463	0.02378	0.10981	0.02658	0.09068	0.02249	0.01328	0.00999	0.00326	0.01283	0.01054	0.00658	0.01511
3	0.04342	0.02372	0.07514	0.02632	0.08949	0.01945	0.02054	0.08736	0.03142	0.41056	0.03699	0.03381	0.02402	0.01275	0.01089	0.00336	0.01052	0.01047	0.01157	0.01819
4	0.01647	0.01176	0.01631	0.01882	0.02085	0.01160	0.01566	0.02069	0.02402	0.03140	0.05834	0.24785	0.06515	0.03116	0.01477	0.00487	0.00909	0.36139	0.01006	0.00974
5	0.02633	0.02593	0.04629	0.10292	0.44255	0.02602	0.10185	0.03326	0.02473	0.03494	0.02065	0.02749	0.01696	0.00973	0.01110	0.00333	0.01385	0.01017	0.00537	0.01652
6	0.02890	0.02532	0.09563	0.25914	0.14287	0.02298	0.06509	0.03607	0.02498	0.15443	0.02535	0.02992	0.01801	0.01111	0.01099	0.00349	0.01350	0.01005	0.00699	0.01519
7	0.02343	0.02228	0.03784	0.35794	0.28556	0.02497	0.03169	0.03035	0.02315	0.03131	0.01988	0.02814	0.01575	0.01037	0.01085	0.00346	0.01383	0.00970	0.00509	0.01440
8	0.01328	0.00949	0.01265	0.01518	0.01581	0.00886	0.01012	0.01518	0.02088	0.02783	0.06010	0.60969	0.07212	0.03416	0.01392	0.00443	0.00633	0.03100	0.01012	0.00886
9	0.03540	0.02515	0.07993	0.07772	0.20828	0.02166	0.06827	0.04172	0.02728	0.25786	0.03013	0.03135	0.02089	0.01142	0.01102	0.00338	0.01223	0.01039	0.00877	0.01714
10	0.02572	0.14136	0.39280	0.02927	0.04322	0.02753	0.07266	0.03590	0.02382	0.07905	0.02113	0.02389	0.01522	0.01038	0.01008	0.00329	0.01499	0.00835	0.00547	0.01588
11	0.01757	0.01255	0.01757	0.02008	0.02259	0.01255	0.01757	0.02259	0.02510	0.03263	0.05773	0.12299	0.06275	0.03012	0.01506	0.00502	0.01004	0.47540	0.01004	0.01004
12	0.02187	0.05640	0.56031	0.03108	0.04719	0.02532	0.04029	0.03453	0.02302	0.03453	0.01957	0.02302	0.01381	0.01036	0.01036	0.00345	0.01611	0.00806	0.00460	0.01611
13	0.02710	0.08340	0.29143	0.14097	0.08334	0.02492	0.03210	0.03614	0.02423	0.12086	0.02323	0.02646	0.01644	0.01087	0.01034	0.00338	0.01409	0.00882	0.00622	0.01566
14	0.02187	0.05640	0.56031	0.03108	0.04719	0.02532	0.04029	0.03453	0.02302	0.03453	0.01957	0.02302	0.01381	0.01036	0.01036	0.00345	0.01611	0.00806	0.00460	0.01611
15	0.04892	0.01856	0.02530	0.01940	0.02783	0.01603	0.01603	0.05314	0.03121	0.55634	0.04302	0.03711	0.02699	0.01350	0.01096	0.00337	0.00928	0.01096	0.01350	0.01856
16	0.04146	0.02904	0.10721	0.02477	0.03435	0.06551	0.06385	0.10050	0.03181	0.33667	0.03375	0.03174	0.02216	0.01243	0.01095	0.00335	0.01222	0.01026	0.01058	0.01738
17	0.02531	0.02283	0.03633	0.23096	0.28622	0.02475	0.02890	0.08466	0.02650	0.03614	0.02427	0.07894	0.02134	0.01265	0.01112	0.00348	0.01278	0.01159	0.00626	0.01497
18	0.01361	0.00990	0.01283	0.01457	0.01580	0.00913	0.00999	0.01613	0.02290	0.03064	0.14548	0.47626	0.11932	0.03159	0.01365	0.00419	0.00606	0.02840	0.01044	0.00913
19	0.02574	0.02463	0.04200	0.16909	0.45637	0.02558	0.03284	0.03237	0.02424	0.03411	0.02029	0.02739	0.01674	0.00995	0.01082	0.00332	0.01326	0.00971	0.00529	0.01626
20	0.08246	0.13055	0.25661	0.02434	0.03606	0.02641	0.02680	0.08094	0.02714	0.17111	0.02514	0.02565	0.01749	0.01122	0.00976	0.00324	0.01272	0.00845	0.00761	0.01630
21	0.01923	0.02633	0.15435	0.02755	0.03510	0.01830	0.15262	0.02612	0.02363	0.03214	0.04426	0.20376	0.08140	0.02077	0.01289	0.00402	0.01233	0.08529	0.00759	0.01232
22	0.03067	0.02942	0.10366	0.03334	0.04232	0.02665	0.21628	0.08224	0.06574	0.12982	0.02644	0.02981	0.01922	0.01230	0.01524	0.00372	0.09863	0.01118	0.00763	0.01569
23	0.19368	0.07393	0.15079	0.02403	0.03337	0.07192	0.07689	0.03638	0.02491	0.12251	0.06988	0.02939	0.02395	0.01177	0.00980	0.00331	0.01237	0.00937	0.00745	0.01430
24	0.21485	0.02303	0.03103	0.03954	0.26158	0.02397	0.02267	0.07743	0.02660	0.08888	0.06805	0.03007	0.02434	0.01159	0.00988	0.00331	0.01059	0.00966	0.00758	0.01536
25	0.13020	0.01630	0.01831	0.01562	0.02146	0.01554	0.01237	0.03318	0.07098	0.16539	0.16047	0.05656	0.14548	0.01738	0.01086	0.00332	0.00731	0.01425	0.01058	0.07445
26	0.13620	0.18099	0.08179	0.07593	0.03684	0.02982	0.09507	0.07625	0.07050	0.03873	0.05987	0.02846	0.02280	0.01145	0.00963	0.00321	0.01206	0.00942	0.00682	0.01416
27	0.10444	0.31012	0.04206	0.02621	0.10679	0.03355	0.01958	0.07748	0.06940	0.03570	0.02291	0.06594	0.02069	0.01215	0.00879	0.00295	0.01086	0.00925	0.00656	0.01457
28	0.15091	0.17200	0.07172	0.02473	0.08780	0.02726	0.01972	0.07565	0.02628	0.15287	0.02350	0.02450	0.01740	0.01069	0.00891	0.00294	0.01073	0.00796	0.00773	0.07669

[dist]
# distance from previous block
# <min> <max>
4	28

[block]
# block no. 1 follows, 12 sequences, length 79
# corresponding to MSA columns:
# 305-383
name=unknown_B
#
# <colnr> <probs for GDERKNQSTAVLIFYWHMCP>
#	G	D	E	R	K	N	Q	S	T	A	V	L	I	F	Y	W	H	M	C	P
0	0.09201	0.03082	0.08610	0.02288	0.03142	0.11382	0.02008	0.12111	0.07510	0.24966	0.03134	0.02970	0.02139	0.01255	0.01038	0.00330	0.01207	0.00953	0.01006	0.01666
1	0.08440	0.07205	0.02928	0.02101	0.02865	0.02166	0.05268	0.08617	0.07606	0.23502	0.03534	0.09509	0.02782	0.01447	0.01054	0.00329	0.00987	0.01214	0.01017	0.07429
2	0.15347	0.08751	0.17511	0.02180	0.03226	0.02388	0.02232	0.07422	0.02656	0.18980	0.02561	0.02581	0.01783	0.01114	0.00941	0.00314	0.01134	0.00829	0.00819	0.07230
3	0.08936	0.02604	0.11700	0.02755	0.08945	0.01954	0.05798	0.03932	0.02604	0.23942	0.03181	0.07491	0.02417	0.01305	0.01059	0.00331	0.01109	0.01120	0.00902	0.07912
4	0.03126	0.22197	0.19199	0.02303	0.03363	0.02911	0.02416	0.04196	0.10539	0.15393	0.02754	0.02734	0.02002	0.01146	0.00955	0.00312	0.01193	0.00870	0.00771	0.01619
5	0.03331	0.25934	0.07899	0.02487	0.08613	0.02782	0.02027	0.03791	0.02535	0.20053	0.02940	0.08122	0.02406	0.01315	0.00962	0.00305	0.01086	0.01048	0.00813	0.01552
6	0.04021	0.06434	0.02550	0.01813	0.02538	0.01692	0.01500	0.04457	0.03043	0.40511	0.14781	0.04506	0.04221	0.01505	0.01106	0.00330	0.00858	0.01244	0.01248	0.01643
7	0.03095	0.09160	0.20313	0.03134	0.11990	0.06960	0.02690	0.03787	0.02574	0.16152	0.02834	0.07662	0.02267	0.01304	0.01052	0.00332	0.01294	0.01072	0.00750	0.01579
8	0.02512	0.02400	0.04088	0.21989	0.41043	0.02542	0.03253	0.03183	0.02394	0.03335	0.02018	0.02759	0.01647	0.01006	0.01083	0.00335	0.01342	0.00971	0.00524	0.01576
9	0.03370	0.03183	0.17053	0.03211	0.04339	0.02258	0.20505	0.04183	0.02718	0.23525	0.02951	0.03081	0.01989	0.01113	0.01152	0.00351	0.01433	0.01096	0.00836	0.01653
10	0.02249	0.10499	0.51719	0.03001	0.04555	0.02685	0.03843	0.03437	0.02295	0.03377	0.01919	0.02255	0.01383	0.01027	0.01007	0.00336	0.01573	0.00787	0.00461	0.01593
11	0.03506	0.01557	0.02037	0.01664	0.02293	0.01353	0.01337	0.03922	0.02999	0.34857	0.16537	0.05908	0.13678	0.01797	0.01173	0.00344	0.00769	0.01506	0.01256	0.01505
12	0.02915	0.62337	0.05714	0.01866	0.02799	0.04314	0.01866	0.03265	0.02215	0.02565	0.01516	0.01749	0.01399	0.00933	0.00700	0.00233	0.01166	0.00583	0.00466	0.01399
13	0.04321	0.02945	0.03076	0.02396	0.03234	0.07568	0.01961	0.36015	0.04462	0.18414	0.02949	0.02829	0.02022	0.01303	0.01083	0.00326	0.01199	0.00986	0.01109	0.01804
14	0.02059	0.01938	0.03270	0.59060	0.07510	0.02422	0.03028	0.02786	0.02180	0.02786	0.01938	0.02907	0.01453	0.01090	0.01090	0.00363	0.01453	0.00969	0.00484	0.01211
15	0.04145	0.03054	0.03272	0.02509	0.03381	0.03381	0.02072	0.51243	0.05127	0.06872	0.02618	0.02618	0.01854	0.01309	0.01091	0.00327	0.01200	0.00982	0.01091	0.01854
16	0.01488	0.01112	0.01380	0.01313	0.01595	0.01005	0.00985	0.01950	0.02955	0.04061	0.44861	0.08657	0.19925	0.02345	0.01287	0.00348	0.00523	0.02044	0.01159	0.01005
17	0.01646	0.01246	0.01710	0.01665	0.01774	0.01446	0.01219	0.01888	0.01687	0.02397	0.02955	0.05081	0.03027	0.25936	0.34463	0.01392	0.07687	0.01291	0.00600	0.00887
18	0.01543	0.01115	0.01457	0.01372	0.01629	0.01029	0.01029	0.02058	0.03086	0.04372	0.54304	0.08145	0.10288	0.02229	0.01286	0.00343	0.00514	0.01972	0.01200	0.01029
19	0.69383	0.02109	0.01603	0.01434	0.02109	0.02446	0.01181	0.03205	0.01856	0.04892	0.01518	0.01771	0.01181	0.01012	0.00675	0.00337	0.00843	0.00590	0.00675	0.01181
20	0.09765	0.03601	0.04202	0.03258	0.04097	0.20138	0.19711	0.14508	0.03244	0.04127	0.02069	0.02448	0.01575	0.01081	0.01088	0.00328	0.01640	0.00967	0.00688	0.01464
21	0.01543	0.01115	0.01457	0.01372	0.01629	0.01029	0.01029	0.02058	0.03086	0.04372	0.54304	0.08145	0.10288	0.02229	0.01286	0.00343	0.00514	0.01972	0.01200	0.01029
22	0.02915	0.62337	0.05714	0.01866	0.02799	0.04314	0.01866	0.03265	0.02215	0.02565	0.01516	0.01749	0.01399	0.00933	0.00700	0.00233	0.01166	0.00583	0.00466	0.01399
23	0.01558	0.01168	0.01752	0.01752	0.01947	0.01363	0.01363	0.01947	0.01752	0.02531	0.02921	0.04283	0.02726	0.08178	0.57360	0.01752	0.02921	0.01168	0.00584	0.00974
24	0.31627	0.02144	0.02257	0.01816	0.02594	0.02225	0.01499	0.11448	0.02900	0.27065	0.02886	0.02737	0.01938	0.01203	0.00920	0.00336	0.00934	0.00868	0.01029	0.01574
25	0.03070	0.01769	0.01961	0.01672	0.02213	0.01844	0.01326	0.11772	0.12517	0.14706	0.03714	0.03757	0.02721	0.01332	0.00948	0.00304	0.00772	0.01067	0.31079	0.01454
26	0.02654	0.02709	0.08420	0.02318	0.03045	0.02692	0.01982	0.05534	0.47284	0.04438	0.04162	0.03872	0.03112	0.01430	0.01101	0.00367	0.00946	0.01185	0.01037	0.01713
27	0.02261	0.01938	0.02261	0.01615	0.02584	0.01453	0.01292	0.02745	0.02261	0.03553	0.01938	0.02261	0.01615	0.00807	0.00807	0.00161	0.00807	0.00646	0.00646	0.68346
28	0.09657	0.05247	0.49981	0.02922	0.04429	0.02523	0.03712	0.03425	0.02252	0.03613	0.01908	0.02243	0.01359	0.01033	0.00996	0.00344	0.01526	0.00782	0.00484	0.01564
29	0.02260	0.14551	0.41657	0.02780	0.04127	0.02686	0.03418	0.03289	0.02311	0.03285	0.02308	0.03322	0.01928	0.01238	0.01032	0.00344	0.01470	0.05964	0.00522	0.01509
30	0.01328	0.00949	0.01265	0.01518	0.01581	0.00886	0.01012	0.01518	0.02088	0.02783	0.06010	0.60969	0.07212	0.03416	0.01392	0.00443	0.00633	0.03100	0.01012	0.00886
31	0.03436	0.02537	0.04981	0.03607	0.04614	0.02328	0.32566	0.04170	0.02777	0.22897	0.02986	0.03228	0.02043	0.01079	0.01216	0.00356	0.01499	0.01216	0.00848	0.01614
32	0.02568	0.02929	0.09804	0.03758	0.12789	0.07107	0.16487	0.07181	0.02732	0.03610	0.03070	0.09687	0.02895	0.01562	0.01225	0.00375	0.01429	0.08675	0.00702	0.01415
33	0.02522	0.02227	0.03106	0.02677	0.02755	0.02996	0.02209	0.02773	0.01829	0.07270	0.02041	0.07092	0.01995	0.01978	0.03190	0.00462	0.49922	0.01135	0.00595	0.01227
34	0.01586	0.01057	0.01189	0.01189	0.01189	0.01057	0.00661	0.01586	0.01586	0.02114	0.03436	0.07135	0.03964	0.61681	0.05550	0.01057	0.01057	0.01586	0.00661	0.00661
35	0.03424	0.02750	0.09464	0.03687	0.09975	0.02283	0.22594	0.04158	0.02744	0.23132	0.02954	0.03143	0.02030	0.01098	0.01168	0.00349	0.01413	0.01134	0.00842	0.01658
36	0.15557	0.02610	0.03402	0.02966	0.09089	0.02733	0.08596	0.22891	0.03554	0.14155	0.02595	0.02709	0.01839	0.01173	0.01043	0.00336	0.01186	0.00972	0.00927	0.01668
37	0.02282	0.01090	0.01149	0.01097	0.01403	0.01068	0.00836	0.02783	0.02359	0.08573	0.03622	0.04034	0.02786	0.01277	0.00791	0.00261	0.00545	0.01023	0.61931	0.01090
38	0.69383	0.02109	0.01603	0.01434	0.02109	0.02446	0.01181	0.03205	0.01856	0.04892	0.01518	0.01771	0.01181	0.01012	0.00675	0.00337	0.00843	0.00590	0.00675	0.01181
39	0.02712	0.02342	0.02465	0.02219	0.02835	0.02712	0.01726	0.05794	0.52909	0.04561	0.04438	0.04068	0.03328	0.01479	0.01109	0.00370	0.00863	0.01233	0.01109	0.01726
40	0.01543	0.01115	0.01457	0.01372	0.01629	0.01029	0.01029	0.02058	0.03086	0.04372	0.54304	0.08145	0.10288	0.02229	0.01286	0.00343	0.00514	0.01972	0.01200	0.01029
41	0.04073	0.05197	0.03090	0.02809	0.03371	0.57303	0.02107	0.04354	0.03090	0.02669	0.01685	0.01966	0.01404	0.01124	0.00983	0.00281	0.01966	0.00702	0.00562	0.01264
42	0.02059	0.01938	0.03270	0.59060	0.07510	0.02422	0.03028	0.02786	0.02180	0.02786	0.01938	0.02907	0.01453	0.01090	0.01090	0.00363	0.01453	0.00969	0.00484	0.01211
43	0.01543	0.01115	0.01457	0.01372	0.01629	0.01029	0.01029	0.02058	0.03086	0.04372	0.54304	0.08145	0.10288	0.02229	0.01286	0.00343	0.00514	0.01972	0.01200	0.01029
44	0.02712	0.02342	0.02465	0.02219	0.02835	0.02712	0.01726	0.05794	0.52909	0.04561	0.04438	0.04068	0.03328	0.01479	0.01109	0.00370	0.00863	0.01233	0.01109	0.01726
45	0.01289	0.01105	0.01105	0.01105	0.01473	0.00920	0.00828	0.01565	0.02485	0.02946	0.11046	0.10493	0.54437	0.02761	0.01289	0.00368	0.00552	0.02301	0.01013	0.00920
46	0.01328	0.00949	0.01265	0.01518	0.01581	0.00886	0.01012	0.01518	0.02088	0.02783	0.06010	0.60969	0.07212	0.03416	0.01392	0.00443	0.00633	0.03100	0.01012	0.00886
47	0.02779	0.02409	0.02678	0.02350	0.02886	0.02873	0.01864	0.09101	0.40386	0.04435	0.03786	0.03667	0.02890	0.01536	0.01517	0.00384	0.10642	0.01165	0.01003	0.01648
48	0.02915	0.62337	0.05714	0.01866	0.02799	0.04314	0.01866	0.03265	0.02215	0.02565	0.01516	0.01749	0.01399	0.00933	0.00700	0.00233	0.01166	0.00583	0.00466	0.01399
49	0.02657	0.02529	0.04222	0.06214	0.49946	0.02483	0.03152	0.03290	0.02462	0.03561	0.02040	0.02657	0.01717	0.00956	0.01054	0.00309	0.01249	0.00941	0.00550	0.08012
50	0.01872	0.01160	0.01451	0.01420	0.01547	0.01176	0.00955	0.02019	0.01815	0.06792	0.03585	0.06690	0.03794	0.42089	0.14695	0.01087	0.01396	0.04882	0.00730	0.00846
51	0.44565	0.18220	0.08726	0.01733	0.02579	0.02943	0.01676	0.03248	0.01999	0.04125	0.01566	0.01824	0.01260	0.00994	0.00721	0.00311	0.01013	0.00612	0.00597	0.01286
52	0.04073	0.05197	0.03090	0.02809	0.03371	0.57303	0.02107	0.04354	0.03090	0.02669	0.01685	0.01966	0.01404	0.01124	0.00983	0.00281	0.01966	0.00702	0.00562	0.01264
53	0.02261	0.01938	0.02261	0.01615	0.02584	0.01453	0.01292	0.02745	0.02261	0.03553	0.01938	0.02261	0.01615	0.00807	0.00807	0.00161	0.00807	0.00646	0.00646	0.68346
54	0.02699	0.02591	0.04426	0.06693	0.54879	0.02591	0.03346	0.03346	0.02483	0.03562	0.02051	0.02699	0.01727	0.00972	0.01079	0.00324	0.01295	0.00972	0.00540	0.01727
55	0.59479	0.02070	0.01745	0.01512	0.02212	0.02316	0.01246	0.03529	0.02050	0.12684	0.01946	0.02069	0.01414	0.01064	0.00740	0.00337	0.00856	0.00668	0.00778	0.01284
56	0.01577	0.01090	0.01358	0.01358	0.01416	0.01149	0.00871	0.01694	0.01636	0.02239	0.03281	0.06281	0.03593	0.45651	0.21072	0.01265	0.01615	0.01461	0.00638	0.00754
57	0.04892	0.01856	0.02530	0.01940	0.02783	0.01603	0.01603	0.05314	0.03121	0.55634	0.04302	0.03711	0.02699	0.01350	0.01096	0.00337	0.00928	0.01096	0.01350	0.01856
58	0.01558	0.01168	0.01752	0.01752	0.01947	0.01363	0.01363	0.01947	0.01752	0.02531	0.02921	0.04283	0.02726	0.08178	0.57360	0.01752	0.02921	0.01168	0.00584	0.00974
59	0.01437	0.01110	0.01310	0.01260	0.01564	0.00984	0.00945	0.01852	0.02836	0.03777	0.36264	0.09124	0.28699	0.02451	0.01287	0.00353	0.00530	0.02109	0.01122	0.00984
60	0.02187	0.05640	0.56031	0.03108	0.04719	0.02532	0.04029	0.03453	0.02302	0.03453	0.01957	0.02302	0.01381	0.01036	0.01036	0.00345	0.01611	0.00806	0.00460	0.01611
61	0.01586	0.01057	0.01189	0.01189	0.01189	0.01057	0.00661	0.01586	0.01586	0.02114	0.03436	0.07135	0.03964	0.61681	0.05550	0.01057	0.01057	0.01586	0.00661	0.00661
62	0.01328	0.00949	0.01265	0.01518	0.01581	0.00886	0.01012	0.01518	0.02088	0.02783	0.06010	0.60969	0.07212	0.03416	0.01392	0.00443	0.00633	0.03100	0.01012	0.00886
63	0.02187	0.05640	0.56031	0.03108	0.04719	0.02532	0.04029	0.03453	0.02302	0.03453	0.01957	0.02302	0.01381	0.01036	0.01036	0.00345	0.01611	0.00806	0.00460	0.01611
64	0.03057	0.01778	0.02381	0.02274	0.08212	0.01617	0.01590	0.03769	0.07164	0.22014	0.18129	0.04671	0.04660	0.01483	0.01103	0.00311	0.00824	0.01273	0.01079	0.12613
65	0.02915	0.62337	0.05714	0.01866	0.02799	0.04314	0.01866	0.03265	0.02215	0.02565	0.01516	0.01749	0.01399	0.00933	0.00700	0.00233	0.01166	0.00583	0.00466	0.01399
66	0.04892	0.01856	0.02530	0.01940	0.02783	0.01603	0.01603	0.05314	0.03121	0.55634	0.04302	0.03711	0.02699	0.01350	0.01096	0.00337	0.00928	0.01096	0.01350	0.01856
67	0.01543	0.01115	0.01457	0.01372	0.01629	0.01029	0.01029	0.02058	0.03086	0.04372	0.54304	0.08145	0.10288	0.02229	0.01286	0.00343	0.00514	0.01972	0.01200	0.01029
68	0.03411	0.14975	0.04324	0.02804	0.03567	0.07055	0.13247	0.07827	0.02735	0.15809	0.02431	0.02687	0.01812	0.01237	0.01461	0.00341	0.11028	0.00972	0.00758	0.01518
69	0.04233	0.04543	0.02981	0.02639	0.03256	0.46414	0.02008	0.04542	0.03096	0.13023	0.02197	0.02307	0.01658	0.01168	0.01005	0.00292	0.01763	0.00779	0.00716	0.01380
70	0.04892	0.01856	0.02530	0.01940	0.02783	0.01603	0.01603	0.05314	0.03121	0.55634	0.04302	0.03711	0.02699	0.01350	0.01096	0.00337	0.00928	0.01096	0.01350	0.01856
71	0.01496	0.01066	0.01233	0.01251	0.01510	0.00964	0.00916	0.01870	0.02576	0.03553	0.22879	0.17804	0.23526	0.02471	0.01223	0.00355	0.00548	0.02135	0.11659	0.00964
72	0.01589	0.01237	0.01679	0.02077	0.06776	0.01220	0.01302	0.02096	0.06920	0.03025	0.05484	0.50052	0.06323	0.03000	0.01335	0.00425	0.00717	0.02721	0.00976	0.01045
73	0.01369	0.00978	0.01312	0.01564	0.01645	0.00920	0.01082	0.01588	0.02127	0.02829	0.05987	0.56378	0.07123	0.03378	0.01402	0.00448	0.00668	0.07292	0.01011	0.00897
74	0.02896	0.56623	0.05404	0.01899	0.02802	0.04162	0.01852	0.03506	0.07043	0.02755	0.01794	0.01970	0.01583	0.00985	0.00739	0.00246	0.01137	0.00645	0.00528	0.01430
75	0.37610	0.08553	0.02538	0.01905	0.02613	0.14189	0.01557	0.07769	0.02550	0.09158	0.01910	0.02066	0.01450	0.01085	0.00818	0.00315	0.01149	0.00695	0.00730	0.01341
76	0.03612	0.02789	0.02972	0.02401	0.03178	0.03132	0.01943	0.34330	0.22908	0.06012	0.03295	0.03157	0.02403	0.01372	0.01098	0.00343	0.01074	0.01075	0.01098	0.01806
77	0.09657	0.05247	0.49981	0.02922	0.04429	0.02523	0.03712	0.03425	0.02252	0.03613	0.01908	0.02243	0.01359	0.01033	0.00996	0.00344	0.01526	0.00782	0.00484	0.01564
78	0.01317	0.00992	0.01221	0.01404	0.01551	0.00895	0.00961	0.01531	0.02198	0.02828	0.07404	0.46988	0.20292	0.03235	0.01363	0.00422	0.00610	0.02879	0.01012	0.00895

[dist]
# distance from previous block
# <min> <max>
0	3

[block]
# block no. 2 follows, 12 sequences, length 18
# corresponding to MSA columns:
# 387-404
name=unknown_C
#
# <colnr> <probs for GDERKNQSTAVLIFYWHMCP>
#	G	D	E	R	K	N	Q	S	T	A	V	L	I	F	Y	W	H	M	C	P
0	0.02105	0.01977	0.03189	0.49188	0.06678	0.02418	0.02821	0.02768	0.02143	0.02838	0.01894	0.02806	0.01466	0.01137	0.01282	0.00356	0.06456	0.00940	0.00498	0.07041
1	0.63579	0.02181	0.02022	0.01709	0.02420	0.02473	0.05501	0.03230	0.01918	0.04770	0.01578	0.01873	0.01222	0.01004	0.00728	0.00340	0.00930	0.00651	0.00664	0.01206
2	0.02059	0.01938	0.03270	0.59060	0.07510	0.02422	0.03028	0.02786	0.02180	0.02786	0.01938	0.02907	0.01453	0.01090	0.01090	0.00363	0.01453	0.00969	0.00484	0.01211
3	0.03038	0.02574	0.06564	0.03779	0.17289	0.02394	0.10670	0.04346	0.15703	0.13565	0.03108	0.03238	0.02288	0.01159	0.01107	0.00337	0.01195	0.01088	0.00844	0.05713
4	0.01317	0.00992	0.01221	0.01404	0.01552	0.00895	0.00962	0.01531	0.02197	0.02828	0.07395	0.47083	0.20204	0.03236	0.01363	0.00422	0.00610	0.02880	0.01012	0.00895
5	0.02643	0.02534	0.04325	0.11242	0.50764	0.02576	0.03319	0.03298	0.02456	0.03495	0.02041	0.02717	0.01703	0.00982	0.01080	0.00327	0.01309	0.00971	0.00535	0.01682
6	0.01711	0.02291	0.15644	0.01823	0.02432	0.01420	0.01809	0.02420	0.02883	0.04133	0.40696	0.06626	0.07973	0.01919	0.01221	0.00344	0.00800	0.01669	0.01008	0.01180
7	0.07000	0.02083	0.02630	0.16835	0.03893	0.02286	0.01966	0.18509	0.03279	0.11158	0.06650	0.12515	0.03251	0.01640	0.01128	0.00358	0.01072	0.01377	0.00936	0.01435
8	0.03013	0.02118	0.03187	0.05652	0.03489	0.01884	0.10276	0.03558	0.02508	0.17341	0.02588	0.02812	0.01892	0.01050	0.01140	0.00274	0.04335	0.00915	0.00798	0.31172
9	0.02585	0.02421	0.03863	0.05373	0.41285	0.02295	0.02812	0.03190	0.02425	0.03560	0.02022	0.02585	0.01698	0.00929	0.01009	0.00282	0.01169	0.00887	0.00567	0.19044
10	0.02092	0.02900	0.16985	0.44516	0.06784	0.02451	0.03288	0.02959	0.02212	0.02959	0.01943	0.02750	0.01435	0.01076	0.01076	0.00359	0.01495	0.00927	0.00478	0.01315
11	0.02352	0.01980	0.02153	0.02037	0.02509	0.02237	0.01540	0.04682	0.39698	0.04099	0.04846	0.18859	0.04338	0.01983	0.01183	0.00389	0.00803	0.01718	0.01084	0.01507
12	0.04286	0.04328	0.02944	0.02583	0.03218	0.42824	0.01976	0.04603	0.03098	0.16437	0.02365	0.02420	0.01741	0.01182	0.01013	0.00296	0.01696	0.00805	0.00767	0.01418
13	0.10424	0.01404	0.01892	0.01764	0.02131	0.01388	0.04630	0.02356	0.02743	0.04091	0.31335	0.08048	0.07483	0.02187	0.01264	0.00385	0.00774	0.13592	0.01037	0.01072
14	0.02409	0.01824	0.02173	0.01680	0.02384	0.01571	0.01303	0.08660	0.02412	0.03550	0.02014	0.02581	0.01718	0.01647	0.01742	0.17889	0.00894	0.00768	0.00659	0.42122
15	0.43039	0.01700	0.01541	0.01416	0.01895	0.01884	0.01111	0.02677	0.02119	0.04370	0.15288	0.03627	0.03640	0.01687	0.01297	0.09107	0.00771	0.00996	0.00785	0.01050
16	0.02493	0.01415	0.02017	0.09218	0.02886	0.01394	0.01675	0.02916	0.02510	0.16683	0.04961	0.22298	0.04982	0.02443	0.01314	0.00425	0.00940	0.17182	0.01029	0.01219
17	0.02256	0.01961	0.03164	0.04615	0.34106	0.01944	0.02406	0.02767	0.02355	0.03425	0.03274	0.18022	0.03291	0.01645	0.01120	0.00346	0.01021	0.01530	0.09334	0.01417

[dist]
# distance from previous block
# <min> <max>
0	472

# created by:
# /st0/software/busco_prod/Augustus/scripts/msa2prfl.pl ./align_prep/10198.fa
