[name]
unknown

[dist]
# distance from previous block
# <min> <max>
0	29

[block]
# block no. 0 follows, 11 sequences, length 38
# corresponding to MSA columns:
# 29-66
name=unknown_A
#
# <colnr> <probs for GDERKNQSTAVLIFYWHMCP>
#	G	D	E	R	K	N	Q	S	T	A	V	L	I	F	Y	W	H	M	C	P
0	0.01577	0.01074	0.01271	0.01317	0.01357	0.01051	0.00795	0.01670	0.01897	0.02555	0.08920	0.18427	0.05432	0.42844	0.04400	0.00886	0.00945	0.02003	0.00812	0.00768
1	0.02185	0.01485	0.01947	0.01778	0.01915	0.01694	0.01293	0.02362	0.01867	0.08259	0.03125	0.05402	0.03167	0.31854	0.14495	0.01024	0.13078	0.01364	0.00709	0.00995
2	0.42129	0.01972	0.01869	0.01586	0.02285	0.02100	0.01299	0.03876	0.02353	0.19513	0.02656	0.02689	0.01872	0.01178	0.00836	0.00339	0.00857	0.00814	0.08371	0.01406
3	0.02098	0.01049	0.01049	0.01049	0.01311	0.01049	0.00787	0.02623	0.02360	0.04196	0.03672	0.04196	0.02885	0.01311	0.00787	0.00262	0.00525	0.01049	0.66693	0.01049
4	0.01608	0.01206	0.01809	0.01809	0.02010	0.01407	0.01407	0.02010	0.01809	0.02613	0.03015	0.04422	0.02814	0.08441	0.55984	0.01809	0.03015	0.01206	0.00603	0.01005
5	0.01371	0.00979	0.01306	0.01567	0.01632	0.00914	0.01045	0.01567	0.02155	0.02873	0.06203	0.59710	0.07444	0.03526	0.01437	0.00457	0.00653	0.03200	0.01045	0.00914
6	0.01462	0.01049	0.01387	0.01505	0.01653	0.00975	0.01052	0.01795	0.02577	0.03545	0.25291	0.38708	0.08744	0.03025	0.01392	0.00415	0.00603	0.02723	0.01124	0.00975
7	0.08446	0.02252	0.10198	0.07330	0.03114	0.01717	0.01893	0.03368	0.02796	0.17428	0.17715	0.05424	0.10301	0.01706	0.01161	0.00357	0.00950	0.01420	0.01020	0.01404
8	0.04279	0.03153	0.03378	0.02590	0.03490	0.03490	0.02139	0.49671	0.05292	0.07093	0.02702	0.02702	0.01914	0.01351	0.01126	0.00338	0.01239	0.01013	0.01126	0.01914
9	0.01880	0.01552	0.02479	0.03038	0.14246	0.01499	0.05422	0.02280	0.02312	0.03252	0.04673	0.36261	0.05198	0.02506	0.01288	0.00403	0.00902	0.02319	0.07308	0.01182
10	0.03558	0.20751	0.04090	0.02536	0.03213	0.16844	0.02143	0.16261	0.03237	0.03908	0.01905	0.02226	0.01581	0.01300	0.01440	0.00325	0.11684	0.00814	0.00685	0.01500
11	0.02827	0.02331	0.08225	0.01905	0.02875	0.01611	0.01698	0.03379	0.02514	0.14400	0.02871	0.07389	0.02355	0.01202	0.00974	0.00251	0.00939	0.00994	0.00832	0.40428
12	0.03115	0.02846	0.09119	0.12266	0.13432	0.02599	0.11838	0.08337	0.08548	0.12199	0.02840	0.03154	0.02056	0.01175	0.01161	0.00360	0.01382	0.01102	0.00800	0.01670
13	0.14645	0.02110	0.02908	0.07928	0.13628	0.02354	0.02198	0.03345	0.02341	0.12331	0.02917	0.08199	0.02596	0.01643	0.01600	0.00397	0.12103	0.04546	0.00786	0.01424
14	0.02643	0.02529	0.04311	0.17887	0.43560	0.02637	0.03383	0.03329	0.02495	0.03504	0.02092	0.02832	0.01722	0.01029	0.01117	0.00343	0.01372	0.01002	0.00545	0.01668
15	0.61701	0.02073	0.01603	0.01446	0.02111	0.02368	0.01183	0.03140	0.01980	0.04849	0.02549	0.02727	0.06384	0.01225	0.00760	0.00351	0.00841	0.00786	0.00731	0.01192
16	0.02366	0.02256	0.03766	0.36865	0.22091	0.02634	0.03177	0.03049	0.02308	0.03121	0.01995	0.02887	0.01590	0.01155	0.01332	0.00372	0.06099	0.01000	0.00518	0.01421
17	0.03599	0.03039	0.02981	0.02485	0.03233	0.08410	0.01980	0.25308	0.26030	0.05576	0.03460	0.03315	0.02559	0.01412	0.01124	0.00353	0.01159	0.01102	0.01080	0.01793
18	0.01608	0.01206	0.01809	0.01809	0.02010	0.01407	0.01407	0.02010	0.01809	0.02613	0.03015	0.04422	0.02814	0.08441	0.55984	0.01809	0.03015	0.01206	0.00603	0.01005
19	0.01477	0.01146	0.01344	0.01294	0.01610	0.01013	0.00971	0.01900	0.02912	0.03864	0.34557	0.09477	0.29298	0.02543	0.01329	0.00365	0.00548	0.02185	0.01154	0.01013
20	0.68395	0.02177	0.01654	0.01480	0.02177	0.02525	0.01219	0.03309	0.01915	0.05050	0.01567	0.01828	0.01219	0.01045	0.00697	0.00348	0.00871	0.00609	0.00697	0.01219
21	0.01633	0.01105	0.01295	0.01295	0.01318	0.01128	0.00766	0.01680	0.01657	0.02232	0.03485	0.07023	0.03943	0.54403	0.11567	0.01175	0.01315	0.01587	0.00673	0.00720
22	0.02800	0.02418	0.02545	0.02291	0.02927	0.02800	0.01782	0.05981	0.51390	0.04708	0.04581	0.04199	0.03436	0.01527	0.01145	0.00382	0.00891	0.01273	0.01145	0.01782
23	0.01675	0.01267	0.01559	0.01465	0.01779	0.01211	0.01105	0.02424	0.07607	0.04361	0.43520	0.08297	0.14870	0.02293	0.01311	0.00360	0.00569	0.02004	0.01208	0.01116
24	0.04204	0.05364	0.03190	0.02900	0.03480	0.55926	0.02175	0.04494	0.03190	0.02755	0.01740	0.02030	0.01450	0.01160	0.01015	0.00290	0.02030	0.00725	0.00580	0.01305
25	0.02334	0.02001	0.02334	0.01667	0.02667	0.01500	0.01334	0.02834	0.02334	0.03668	0.02001	0.02334	0.01667	0.00834	0.00834	0.00167	0.00834	0.00667	0.00667	0.67325
26	0.02502	0.02521	0.07558	0.20257	0.10295	0.02241	0.02466	0.07559	0.02626	0.03744	0.02084	0.02636	0.01631	0.01016	0.01007	0.00285	0.01214	0.00859	0.00630	0.26871
27	0.02126	0.02001	0.03376	0.57739	0.07752	0.02501	0.03126	0.02876	0.02251	0.02876	0.02001	0.03001	0.01500	0.01125	0.01125	0.00375	0.01500	0.01000	0.00500	0.01250
28	0.02126	0.02001	0.03376	0.57739	0.07752	0.02501	0.03126	0.02876	0.02251	0.02876	0.02001	0.03001	0.01500	0.01125	0.01125	0.00375	0.01500	0.01000	0.00500	0.01250
29	0.01352	0.01057	0.01226	0.01362	0.01579	0.00931	0.00954	0.01590	0.02352	0.02953	0.08698	0.36253	0.29291	0.03202	0.01386	0.00420	0.00613	0.02804	0.01045	0.00931
30	0.02652	0.01867	0.02982	0.39713	0.06038	0.02144	0.02582	0.03274	0.02443	0.13622	0.02987	0.09592	0.02442	0.01453	0.01162	0.00379	0.01291	0.01277	0.00749	0.01352
31	0.02657	0.03036	0.06641	0.04744	0.05882	0.02846	0.49336	0.03605	0.02657	0.03605	0.02277	0.03036	0.01708	0.00949	0.01328	0.00380	0.01898	0.01328	0.00569	0.01518
32	0.02462	0.02462	0.03447	0.02955	0.02955	0.03447	0.02462	0.02709	0.01724	0.02709	0.01477	0.02462	0.01477	0.01970	0.03694	0.00492	0.58385	0.00985	0.00492	0.01231
33	0.04204	0.05364	0.03190	0.02900	0.03480	0.55926	0.02175	0.04494	0.03190	0.02755	0.01740	0.02030	0.01450	0.01160	0.01015	0.00290	0.02030	0.00725	0.00580	0.01305
34	0.68395	0.02177	0.01654	0.01480	0.02177	0.02525	0.01219	0.03309	0.01915	0.05050	0.01567	0.01828	0.01219	0.01045	0.00697	0.00348	0.00871	0.00609	0.00697	0.01219
35	0.02969	0.08621	0.16329	0.02456	0.03411	0.02139	0.07550	0.03654	0.02709	0.17921	0.08213	0.08578	0.07373	0.01586	0.01156	0.00355	0.01175	0.01371	0.00907	0.01527
36	0.01376	0.01091	0.01274	0.01366	0.01615	0.00989	0.00984	0.01643	0.02335	0.02933	0.08620	0.27339	0.31242	0.03721	0.07553	0.00569	0.00876	0.02534	0.00995	0.00944
37	0.03625	0.02093	0.02785	0.02793	0.10903	0.02066	0.01904	0.08035	0.12013	0.24951	0.12241	0.04426	0.04016	0.01506	0.01164	0.00352	0.00955	0.01282	0.01166	0.01723

[dist]
# distance from previous block
# <min> <max>
0	1

[block]
# block no. 1 follows, 11 sequences, length 48
# corresponding to MSA columns:
# 68-115
name=unknown_B
#
# <colnr> <probs for GDERKNQSTAVLIFYWHMCP>
#	G	D	E	R	K	N	Q	S	T	A	V	L	I	F	Y	W	H	M	C	P
0	0.04541	0.03499	0.03021	0.02483	0.03254	0.22047	0.01970	0.16467	0.03741	0.23222	0.03003	0.02880	0.02072	0.01297	0.01087	0.00324	0.01423	0.00952	0.01026	0.01691
1	0.68395	0.02177	0.01654	0.01480	0.02177	0.02525	0.01219	0.03309	0.01915	0.05050	0.01567	0.01828	0.01219	0.01045	0.00697	0.00348	0.00871	0.00609	0.00697	0.01219
2	0.05050	0.01915	0.02612	0.02003	0.02873	0.01654	0.01654	0.05485	0.03221	0.54203	0.04440	0.03831	0.02786	0.01393	0.01132	0.00348	0.00958	0.01132	0.01393	0.01915
3	0.03183	0.02108	0.03199	0.14160	0.18368	0.02178	0.02389	0.08129	0.02732	0.15273	0.02663	0.03177	0.02006	0.01681	0.01720	0.12526	0.01205	0.01029	0.00785	0.01488
4	0.02418	0.02091	0.03269	0.09771	0.23986	0.02254	0.02504	0.07519	0.02518	0.03533	0.02508	0.03425	0.02161	0.03896	0.22106	0.00903	0.01986	0.01081	0.00626	0.01444
5	0.02800	0.02418	0.02545	0.02291	0.02927	0.02800	0.01782	0.05981	0.51390	0.04708	0.04581	0.04199	0.03436	0.01527	0.01145	0.00382	0.00891	0.01273	0.01145	0.01782
6	0.02741	0.02249	0.03657	0.19906	0.25912	0.02438	0.02921	0.03359	0.02487	0.09141	0.02666	0.03884	0.02241	0.01359	0.01364	0.00377	0.05803	0.05284	0.00677	0.01533
7	0.03004	0.02392	0.03627	0.27840	0.19036	0.02647	0.02884	0.12011	0.03001	0.09076	0.02410	0.02970	0.01785	0.01161	0.01123	0.00354	0.01352	0.01017	0.00723	0.01588
8	0.14083	0.01481	0.01817	0.05719	0.02398	0.01594	0.01398	0.02464	0.02192	0.08451	0.04510	0.34975	0.04947	0.02565	0.01426	0.00423	0.05313	0.02188	0.00934	0.01120
9	0.02126	0.02001	0.03376	0.57739	0.07752	0.02501	0.03126	0.02876	0.02251	0.02876	0.02001	0.03001	0.01500	0.01125	0.01125	0.00375	0.01500	0.01000	0.00500	0.01250
10	0.02334	0.02001	0.02334	0.01667	0.02667	0.01500	0.01334	0.02834	0.02334	0.03668	0.02001	0.02334	0.01667	0.00834	0.00834	0.00167	0.00834	0.00667	0.00667	0.67325
11	0.02024	0.01012	0.01264	0.01264	0.01391	0.01012	0.00885	0.02027	0.01900	0.03042	0.02787	0.03797	0.02406	0.02650	0.02648	0.34773	0.00758	0.01012	0.32588	0.00760
12	0.02491	0.23025	0.39459	0.02809	0.04255	0.03186	0.03464	0.03504	0.02348	0.03279	0.01878	0.02199	0.01432	0.01036	0.00961	0.00320	0.01520	0.00760	0.00477	0.01595
13	0.01814	0.01296	0.01814	0.02073	0.02332	0.01296	0.01814	0.02332	0.02591	0.03368	0.05959	0.12696	0.06478	0.03109	0.01555	0.00518	0.01036	0.45848	0.01036	0.01036
14	0.02114	0.01439	0.01744	0.01618	0.02005	0.01408	0.01227	0.03050	0.11686	0.09344	0.29628	0.12705	0.13050	0.02256	0.01286	0.00372	0.00657	0.01963	0.01196	0.01252
15	0.01394	0.00997	0.01326	0.01552	0.01638	0.00929	0.01047	0.01624	0.02260	0.03041	0.10974	0.54461	0.07769	0.03401	0.01425	0.00447	0.00641	0.03081	0.01065	0.00929
16	0.01627	0.01123	0.01423	0.01378	0.01606	0.01052	0.01004	0.02087	0.02900	0.04164	0.40500	0.11949	0.09107	0.07072	0.01646	0.00414	0.00586	0.02001	0.07345	0.01018
17	0.01553	0.01120	0.01469	0.01443	0.01673	0.01035	0.01059	0.02024	0.03000	0.04218	0.44440	0.17638	0.10049	0.02521	0.01347	0.00373	0.00553	0.02245	0.01204	0.01035
18	0.02226	0.01851	0.02428	0.02194	0.02443	0.02276	0.01740	0.07156	0.07791	0.03271	0.02802	0.03949	0.02549	0.09353	0.26790	0.01103	0.17000	0.01171	0.00692	0.01215
19	0.68395	0.02177	0.01654	0.01480	0.02177	0.02525	0.01219	0.03309	0.01915	0.05050	0.01567	0.01828	0.01219	0.01045	0.00697	0.00348	0.00871	0.00609	0.00697	0.01219
20	0.01637	0.01091	0.01228	0.01228	0.01228	0.01091	0.00682	0.01637	0.01637	0.02182	0.03546	0.07365	0.04092	0.60445	0.05729	0.01091	0.01091	0.01637	0.00682	0.00682
21	0.02412	0.02444	0.08324	0.01921	0.02893	0.01758	0.01705	0.07246	0.02602	0.03901	0.02500	0.08244	0.02254	0.01185	0.00950	0.00234	0.00949	0.00978	0.00727	0.46773
22	0.03227	0.14929	0.03465	0.02292	0.03065	0.03326	0.01905	0.16757	0.29135	0.04894	0.03461	0.03309	0.02623	0.01363	0.01051	0.00341	0.01047	0.01065	0.01001	0.01745
23	0.02901	0.09045	0.10809	0.05024	0.26501	0.02809	0.14849	0.03663	0.02591	0.07684	0.02280	0.02788	0.01771	0.01025	0.01125	0.00340	0.01472	0.01035	0.00612	0.01678
24	0.02056	0.01356	0.01664	0.01516	0.01906	0.01273	0.01160	0.02781	0.07620	0.09966	0.35280	0.07922	0.16664	0.02223	0.01288	0.00361	0.00621	0.01921	0.01213	0.01208
25	0.03082	0.02825	0.05192	0.03831	0.04759	0.02854	0.30354	0.09187	0.06919	0.09231	0.02657	0.03117	0.01961	0.01192	0.01509	0.00383	0.07359	0.01233	0.00758	0.01597
26	0.05050	0.01915	0.02612	0.02003	0.02873	0.01654	0.01654	0.05485	0.03221	0.54203	0.04440	0.03831	0.02786	0.01393	0.01132	0.00348	0.00958	0.01132	0.01393	0.01915
27	0.01371	0.00979	0.01306	0.01567	0.01632	0.00914	0.01045	0.01567	0.02155	0.02873	0.06203	0.59710	0.07444	0.03526	0.01437	0.00457	0.00653	0.03200	0.01045	0.00914
28	0.08789	0.02836	0.05797	0.10515	0.05748	0.02776	0.39503	0.03494	0.02540	0.03658	0.02178	0.02918	0.01638	0.00978	0.01245	0.00376	0.01755	0.01223	0.00573	0.01459
29	0.01637	0.01091	0.01228	0.01228	0.01228	0.01091	0.00682	0.01637	0.01637	0.02182	0.03546	0.07365	0.04092	0.60445	0.05729	0.01091	0.01091	0.01637	0.00682	0.00682
30	0.02257	0.05822	0.54613	0.03208	0.04871	0.02614	0.04158	0.03564	0.02376	0.03564	0.02020	0.02376	0.01426	0.01069	0.01069	0.00356	0.01663	0.00832	0.00475	0.01663
31	0.01955	0.00978	0.01466	0.01466	0.01466	0.00978	0.00978	0.01466	0.01466	0.01955	0.01955	0.03421	0.01955	0.03910	0.04399	0.67253	0.00978	0.00978	0.00489	0.00489
32	0.05050	0.01915	0.02612	0.02003	0.02873	0.01654	0.01654	0.05485	0.03221	0.54203	0.04440	0.03831	0.02786	0.01393	0.01132	0.00348	0.00958	0.01132	0.01393	0.01915
33	0.01955	0.00978	0.01466	0.01466	0.01466	0.00978	0.00978	0.01466	0.01466	0.01955	0.01955	0.03421	0.01955	0.03910	0.04399	0.67253	0.00978	0.00978	0.00489	0.00489
34	0.02657	0.03036	0.06641	0.04744	0.05882	0.02846	0.49336	0.03605	0.02657	0.03605	0.02277	0.03036	0.01708	0.00949	0.01328	0.00380	0.01898	0.01328	0.00569	0.01518
35	0.02835	0.03030	0.03606	0.08922	0.13262	0.13521	0.02661	0.03220	0.02224	0.02921	0.01702	0.02491	0.01533	0.01544	0.02425	0.00411	0.30877	0.00939	0.00523	0.01354
36	0.02334	0.02001	0.02334	0.01667	0.02667	0.01500	0.01334	0.02834	0.02334	0.03668	0.02001	0.02334	0.01667	0.00834	0.00834	0.00167	0.00834	0.00667	0.00667	0.67325
37	0.03231	0.09377	0.19376	0.08595	0.09115	0.02539	0.02805	0.04244	0.07234	0.18119	0.02920	0.03014	0.02053	0.01194	0.01069	0.00344	0.01290	0.00971	0.00814	0.01694
38	0.02605	0.02261	0.03104	0.13337	0.16431	0.02489	0.02364	0.08279	0.17982	0.04185	0.07398	0.08182	0.03428	0.01526	0.01170	0.00368	0.01098	0.01344	0.00878	0.01572
39	0.03821	0.02711	0.02889	0.02266	0.03033	0.02978	0.01855	0.39796	0.04677	0.06485	0.02906	0.03016	0.02118	0.01343	0.01055	0.00322	0.01089	0.01021	0.14887	0.01733
40	0.02324	0.01799	0.02681	0.23691	0.09572	0.01972	0.02212	0.03114	0.07358	0.08408	0.04237	0.16968	0.07275	0.01874	0.01215	0.00388	0.01097	0.01660	0.00832	0.01326
41	0.07933	0.06955	0.06714	0.02340	0.07787	0.01938	0.01821	0.03754	0.02796	0.22982	0.09822	0.05033	0.12193	0.01624	0.01116	0.00345	0.00952	0.01331	0.01032	0.01532
42	0.02203	0.01495	0.01837	0.01660	0.02066	0.01488	0.01274	0.03281	0.13307	0.09687	0.37705	0.07052	0.08303	0.02045	0.01269	0.00359	0.00651	0.01782	0.01235	0.01301
43	0.02188	0.02064	0.03488	0.52951	0.12055	0.02517	0.03157	0.02930	0.02280	0.02951	0.02011	0.02980	0.01527	0.01114	0.01124	0.00371	0.01485	0.01000	0.00505	0.01300
44	0.08293	0.18958	0.07474	0.02031	0.02953	0.02782	0.01860	0.04192	0.12191	0.13004	0.02808	0.02796	0.02108	0.01146	0.00927	0.00293	0.01040	0.00863	0.00831	0.13452
45	0.02219	0.01903	0.07722	0.01743	0.02304	0.01448	0.01514	0.02950	0.07631	0.11600	0.11805	0.17067	0.20940	0.02348	0.01269	0.00384	0.00802	0.02007	0.01066	0.01277
46	0.04693	0.01836	0.02498	0.01942	0.02750	0.01593	0.01593	0.05138	0.03218	0.49071	0.09438	0.04304	0.03595	0.01487	0.01152	0.00349	0.00914	0.01225	0.01377	0.01827
47	0.03313	0.02666	0.09055	0.14551	0.04872	0.02350	0.14386	0.04315	0.07717	0.20342	0.03146	0.03345	0.02170	0.01205	0.01176	0.00366	0.01376	0.01138	0.00877	0.01635

[dist]
# distance from previous block
# <min> <max>
3	5

[block]
# block no. 2 follows, 11 sequences, length 7
# corresponding to MSA columns:
# 124-130
name=unknown_C
#
# <colnr> <probs for GDERKNQSTAVLIFYWHMCP>
#	G	D	E	R	K	N	Q	S	T	A	V	L	I	F	Y	W	H	M	C	P
0	0.13315	0.02534	0.03320	0.14760	0.15818	0.02770	0.02464	0.17831	0.03309	0.09686	0.02416	0.02760	0.01777	0.01180	0.01058	0.00347	0.01232	0.00958	0.00824	0.01641
1	0.03014	0.20877	0.04921	0.03798	0.15744	0.03492	0.09119	0.10368	0.02778	0.03720	0.01960	0.02455	0.01641	0.01183	0.01418	0.00336	0.10063	0.00923	0.00612	0.01576
2	0.02405	0.02361	0.04233	0.34348	0.21220	0.02606	0.10274	0.03161	0.02407	0.03228	0.02078	0.02941	0.01617	0.01061	0.01153	0.00363	0.01512	0.01051	0.00528	0.01452
3	0.02589	0.02208	0.03000	0.10513	0.11160	0.02532	0.02319	0.10107	0.10736	0.03973	0.03476	0.09320	0.03244	0.01865	0.01616	0.00413	0.09845	0.08796	0.00840	0.01449
4	0.03123	0.02507	0.03350	0.02668	0.03380	0.02728	0.09146	0.24799	0.08217	0.05046	0.02903	0.03388	0.02284	0.03342	0.16917	0.00771	0.01817	0.01141	0.00892	0.01580
5	0.38673	0.02314	0.02199	0.01851	0.02597	0.02566	0.01511	0.10867	0.10151	0.13322	0.02661	0.02644	0.01914	0.01220	0.00899	0.00352	0.00942	0.00855	0.00941	0.01520
6	0.02224	0.01597	0.01889	0.01634	0.02184	0.01456	0.01259	0.03078	0.10170	0.08818	0.19058	0.10469	0.12902	0.01942	0.01177	0.00327	0.00712	0.01665	0.01064	0.16375

[dist]
# distance from previous block
# <min> <max>
0	4

[block]
# block no. 3 follows, 11 sequences, length 29
# corresponding to MSA columns:
# 135-163
name=unknown_D
#
# <colnr> <probs for GDERKNQSTAVLIFYWHMCP>
#	G	D	E	R	K	N	Q	S	T	A	V	L	I	F	Y	W	H	M	C	P
0	0.01829	0.01935	0.07815	0.17556	0.07665	0.01705	0.02213	0.02366	0.02285	0.03064	0.04274	0.28480	0.04643	0.02371	0.01302	0.00422	0.01087	0.07024	0.00798	0.01165
1	0.01473	0.01006	0.01301	0.01495	0.01604	0.00945	0.01019	0.01742	0.02294	0.03199	0.11230	0.48014	0.07323	0.03153	0.01355	0.00425	0.00626	0.02840	0.08009	0.00945
2	0.08777	0.01215	0.01506	0.01685	0.01893	0.01211	0.01282	0.02026	0.02353	0.03409	0.10195	0.35170	0.06808	0.03020	0.01379	0.00452	0.00773	0.14825	0.01024	0.00996
3	0.02106	0.01308	0.01715	0.01775	0.02016	0.01348	0.01415	0.02506	0.02406	0.08047	0.05012	0.22166	0.05200	0.02577	0.01493	0.00427	0.05582	0.16370	0.15425	0.01103
4	0.22109	0.03127	0.14845	0.02241	0.03256	0.02437	0.02209	0.11850	0.03001	0.20372	0.02762	0.02730	0.01874	0.01211	0.00993	0.00348	0.01148	0.00893	0.00933	0.01659
5	0.01814	0.01296	0.01814	0.02073	0.02332	0.01296	0.01814	0.02332	0.02591	0.03368	0.05959	0.12696	0.06478	0.03109	0.01555	0.00518	0.01036	0.45848	0.01036	0.01036
6	0.01371	0.00979	0.01306	0.01567	0.01632	0.00914	0.01045	0.01567	0.02155	0.02873	0.06203	0.59710	0.07444	0.03526	0.01437	0.00457	0.00653	0.03200	0.01045	0.00914
7	0.09932	0.03299	0.03463	0.11425	0.04045	0.19158	0.06670	0.03425	0.02359	0.03079	0.01722	0.02400	0.01466	0.01400	0.01944	0.00387	0.21096	0.00900	0.00549	0.01282
8	0.07133	0.02139	0.10565	0.01938	0.02468	0.01610	0.01715	0.02898	0.07949	0.07531	0.09385	0.29937	0.05446	0.02409	0.01250	0.00405	0.00879	0.02108	0.00980	0.01255
9	0.03787	0.03410	0.15305	0.02523	0.03608	0.02696	0.02439	0.24689	0.03871	0.16269	0.02856	0.02838	0.01966	0.01246	0.01087	0.00329	0.01241	0.00964	0.00987	0.07889
10	0.02334	0.02001	0.02334	0.01667	0.02667	0.01500	0.01334	0.02834	0.02334	0.03668	0.02001	0.02334	0.01667	0.00834	0.00834	0.00167	0.00834	0.00667	0.00667	0.67325
11	0.01955	0.00978	0.01466	0.01466	0.01466	0.00978	0.00978	0.01466	0.01466	0.01955	0.01955	0.03421	0.01955	0.03910	0.04399	0.67253	0.00978	0.00978	0.00489	0.00489
12	0.02400	0.02259	0.03133	0.37828	0.11523	0.07524	0.02708	0.03061	0.02395	0.03159	0.02247	0.03066	0.01742	0.01144	0.01061	0.00345	0.01383	0.00981	0.10758	0.01285
13	0.02351	0.02331	0.02881	0.02571	0.02694	0.07909	0.02086	0.02653	0.01895	0.02682	0.02011	0.03067	0.01916	0.04028	0.20698	0.00907	0.34587	0.01032	0.00538	0.01164
14	0.01596	0.01122	0.01468	0.01599	0.01705	0.01135	0.01145	0.01827	0.02019	0.02704	0.04743	0.22851	0.05363	0.23759	0.11379	0.00898	0.01253	0.11707	0.00850	0.00875
15	0.02334	0.02001	0.02334	0.01667	0.02667	0.01500	0.01334	0.02834	0.02334	0.03668	0.02001	0.02334	0.01667	0.00834	0.00834	0.00167	0.00834	0.00667	0.00667	0.67325
16	0.01371	0.00979	0.01306	0.01567	0.01632	0.00914	0.01045	0.01567	0.02155	0.02873	0.06203	0.59710	0.07444	0.03526	0.01437	0.00457	0.00653	0.03200	0.01045	0.00914
17	0.02664	0.02262	0.02660	0.12762	0.03756	0.02612	0.01989	0.08608	0.32992	0.04537	0.09160	0.04303	0.03719	0.01520	0.01160	0.00374	0.00997	0.01282	0.01031	0.01614
18	0.01459	0.01047	0.01385	0.01507	0.01652	0.00973	0.01052	0.01788	0.02563	0.03522	0.24657	0.39406	0.08701	0.03041	0.01393	0.00416	0.00605	0.02739	0.01122	0.00973
19	0.02525	0.02648	0.04479	0.03533	0.03901	0.03253	0.17604	0.02998	0.02025	0.02998	0.01736	0.02648	0.01552	0.01640	0.02930	0.00456	0.40138	0.01096	0.00517	0.01324
20	0.01650	0.01112	0.01337	0.01328	0.01486	0.01103	0.00909	0.01846	0.02062	0.02863	0.09940	0.06929	0.12843	0.24426	0.12286	0.05946	0.01191	0.01619	0.08272	0.00851
21	0.01538	0.01090	0.01456	0.01688	0.01807	0.01052	0.01245	0.01813	0.02235	0.02953	0.05840	0.39393	0.06780	0.09561	0.01938	0.00545	0.00820	0.16318	0.01003	0.00927
22	0.04219	0.03459	0.03361	0.02932	0.07274	0.14071	0.02203	0.32765	0.04459	0.10238	0.02618	0.02673	0.01888	0.01289	0.01103	0.00329	0.01384	0.00964	0.00994	0.01779
23	0.02846	0.09869	0.19256	0.02395	0.03574	0.02641	0.02470	0.14265	0.03046	0.04340	0.02126	0.02378	0.01627	0.01044	0.00965	0.00275	0.01229	0.00794	0.00696	0.24167
24	0.02778	0.03530	0.20787	0.02766	0.03741	0.02579	0.06316	0.08809	0.11878	0.08395	0.08508	0.03613	0.03033	0.01423	0.01384	0.00372	0.06486	0.01147	0.00840	0.01614
25	0.16676	0.02042	0.02635	0.07346	0.02985	0.02645	0.01985	0.02680	0.01835	0.03213	0.01932	0.02865	0.01759	0.03318	0.15954	0.00781	0.26650	0.00960	0.00566	0.01173
26	0.03582	0.02590	0.08861	0.07030	0.08901	0.02314	0.02323	0.11008	0.02978	0.21559	0.02926	0.03146	0.02083	0.01606	0.01701	0.07437	0.06410	0.01026	0.00911	0.01608
27	0.10148	0.02057	0.02956	0.15225	0.13425	0.02082	0.02265	0.03781	0.02611	0.19165	0.03089	0.03921	0.02388	0.01333	0.01095	0.00352	0.01138	0.05068	0.00869	0.07031
28	0.01748	0.07675	0.01995	0.01750	0.01995	0.01530	0.01326	0.02287	0.06778	0.03094	0.05514	0.41124	0.06277	0.03000	0.01350	0.00436	0.00793	0.09266	0.00992	0.01070

[dist]
# distance from previous block
# <min> <max>
6	11

[block]
# block no. 4 follows, 11 sequences, length 10
# corresponding to MSA columns:
# 175-184
name=unknown_E
#
# <colnr> <probs for GDERKNQSTAVLIFYWHMCP>
#	G	D	E	R	K	N	Q	S	T	A	V	L	I	F	Y	W	H	M	C	P
0	0.12790	0.01877	0.02047	0.01697	0.02379	0.01757	0.01333	0.08896	0.02738	0.08575	0.04285	0.13344	0.09982	0.01725	0.01049	0.00313	0.00835	0.01415	0.00913	0.22049
1	0.02334	0.02001	0.02334	0.01667	0.02667	0.01500	0.01334	0.02834	0.02334	0.03668	0.02001	0.02334	0.01667	0.00834	0.00834	0.00167	0.00834	0.00667	0.00667	0.67325
2	0.09449	0.02720	0.14173	0.02126	0.02904	0.02003	0.02011	0.06849	0.06925	0.15153	0.03643	0.12396	0.03208	0.09367	0.01725	0.00467	0.01096	0.01402	0.00924	0.01459
3	0.02293	0.02232	0.03115	0.02739	0.02749	0.03054	0.02242	0.02531	0.01791	0.02734	0.02212	0.11359	0.02405	0.02212	0.03343	0.00487	0.49413	0.01329	0.00578	0.01182
4	0.01599	0.01153	0.01475	0.01539	0.01747	0.01093	0.01163	0.01976	0.02605	0.03515	0.23655	0.16248	0.12302	0.11747	0.02081	0.00524	0.00760	0.12790	0.01059	0.00966
5	0.02733	0.10750	0.14539	0.11927	0.09527	0.02613	0.09919	0.03499	0.02482	0.08294	0.02239	0.02678	0.01689	0.01034	0.01047	0.00315	0.01383	0.00925	0.00622	0.11787
6	0.01701	0.01230	0.01694	0.09564	0.02558	0.01253	0.01393	0.02177	0.02622	0.03706	0.22564	0.20538	0.07076	0.02394	0.01278	0.00388	0.00751	0.06421	0.09645	0.01047
7	0.02154	0.02219	0.10921	0.10005	0.03330	0.01745	0.02059	0.03050	0.07297	0.06709	0.11590	0.13459	0.04816	0.01978	0.01217	0.00387	0.01006	0.07369	0.07404	0.01287
8	0.09089	0.01780	0.02185	0.09768	0.03005	0.01889	0.01586	0.07823	0.07251	0.10894	0.20071	0.05340	0.05218	0.07381	0.01602	0.00428	0.00917	0.01420	0.01026	0.01328
9	0.19066	0.02123	0.02575	0.02408	0.07706	0.02120	0.01750	0.04856	0.09777	0.30809	0.03571	0.03320	0.02420	0.01294	0.01032	0.00352	0.00966	0.01019	0.01115	0.01723

[dist]
# distance from previous block
# <min> <max>
0	721

# created by:
# /st0/software/busco_prod/Augustus/scripts/msa2prfl.pl ./align_prep/10201.fa
