[name]
unknown

[dist]
# distance from previous block
# <min> <max>
12	279

[block]
# block no. 0 follows, 13 sequences, length 32
# corresponding to MSA columns:
# 346-377
name=unknown_A
#
# <colnr> <probs for GDERKNQSTAVLIFYWHMCP>
#	G	D	E	R	K	N	Q	S	T	A	V	L	I	F	Y	W	H	M	C	P
0	0.03504	0.06977	0.08539	0.06086	0.06412	0.07265	0.02062	0.11471	0.03040	0.22050	0.06350	0.03119	0.02468	0.01216	0.01016	0.00307	0.01135	0.00967	0.00908	0.05107
1	0.10117	0.06053	0.02381	0.01949	0.02404	0.05333	0.04616	0.06689	0.11368	0.03640	0.07266	0.20217	0.04039	0.02449	0.06246	0.00476	0.01093	0.01599	0.00851	0.01212
2	0.07959	0.02207	0.02973	0.02276	0.03081	0.02168	0.08354	0.15352	0.06303	0.24506	0.06674	0.03347	0.02659	0.01251	0.01054	0.00319	0.01034	0.01065	0.01035	0.06383
3	0.02878	0.02334	0.03443	0.14546	0.13365	0.05954	0.09647	0.07077	0.02742	0.12392	0.07874	0.03312	0.02601	0.01166	0.01078	0.00318	0.01231	0.01067	0.00759	0.06216
4	0.02888	0.02471	0.03757	0.21456	0.13860	0.06323	0.11501	0.07046	0.05716	0.10842	0.02435	0.02882	0.01789	0.01082	0.01084	0.00335	0.01363	0.01011	0.00689	0.01469
5	0.02914	0.11299	0.16530	0.07298	0.03703	0.02329	0.07080	0.03772	0.06153	0.17624	0.08157	0.03332	0.02732	0.01214	0.01033	0.00323	0.01175	0.01029	0.00805	0.01501
6	0.02911	0.02428	0.07916	0.20478	0.12022	0.02236	0.02451	0.10275	0.02745	0.13493	0.02410	0.02755	0.01739	0.01074	0.01014	0.00309	0.01186	0.00907	0.00733	0.10919
7	0.02893	0.12469	0.22851	0.02548	0.03585	0.05773	0.06984	0.03785	0.06068	0.14402	0.02747	0.06635	0.02146	0.01234	0.01016	0.00323	0.01286	0.01023	0.00721	0.01510
8	0.01288	0.00920	0.01227	0.01472	0.01534	0.00859	0.00981	0.01472	0.02024	0.02699	0.05828	0.62152	0.06993	0.03312	0.01350	0.00429	0.00613	0.03006	0.00981	0.00859
9	0.02941	0.23447	0.19329	0.02973	0.10756	0.13390	0.02626	0.03564	0.02427	0.06707	0.01883	0.02148	0.01485	0.01001	0.00900	0.00285	0.01398	0.00735	0.00538	0.01466
10	0.02265	0.02180	0.03819	0.24966	0.28729	0.02323	0.07981	0.02908	0.02278	0.03112	0.02309	0.08042	0.02049	0.01190	0.01098	0.00342	0.01307	0.01157	0.00546	0.01398
11	0.02247	0.02135	0.03624	0.38550	0.27073	0.02415	0.03061	0.02921	0.02233	0.03006	0.01924	0.02737	0.01517	0.01011	0.01053	0.00337	0.01347	0.00941	0.00491	0.01377
12	0.02121	0.05469	0.57364	0.03014	0.04576	0.02455	0.03906	0.03348	0.02232	0.03348	0.01897	0.02232	0.01339	0.01005	0.01005	0.00335	0.01563	0.00781	0.00446	0.01563
13	0.10102	0.01884	0.02542	0.02252	0.07437	0.01709	0.01671	0.04809	0.02867	0.47767	0.03748	0.03352	0.02408	0.01248	0.01027	0.00326	0.00925	0.01011	0.01183	0.01733
14	0.02541	0.17510	0.40632	0.02639	0.03985	0.02733	0.03216	0.03495	0.02296	0.08672	0.02039	0.02258	0.01474	0.01014	0.00941	0.00311	0.01402	0.00764	0.00536	0.01543
15	0.01305	0.00948	0.01231	0.01425	0.01529	0.00875	0.00968	0.01526	0.02149	0.02859	0.10998	0.52578	0.11409	0.03149	0.01331	0.00414	0.00596	0.02836	0.00999	0.00875
16	0.02978	0.02357	0.02670	0.23381	0.04324	0.12205	0.02082	0.06559	0.02733	0.14904	0.07806	0.07735	0.02924	0.01406	0.01080	0.00334	0.01226	0.01168	0.00808	0.01319
17	0.02986	0.01806	0.02794	0.29238	0.08141	0.01925	0.02245	0.03556	0.02560	0.22729	0.08458	0.03632	0.02780	0.01259	0.01079	0.00339	0.01116	0.01089	0.00853	0.01416
18	0.02223	0.02110	0.03580	0.40656	0.25158	0.02409	0.03049	0.02900	0.02221	0.02976	0.01919	0.02745	0.01506	0.01015	0.01053	0.00338	0.01353	0.00941	0.00489	0.01357
19	0.02108	0.05100	0.51799	0.08897	0.04854	0.02445	0.03807	0.03282	0.02220	0.03282	0.01896	0.02293	0.01347	0.01010	0.01010	0.00337	0.01547	0.00798	0.00449	0.01523
20	0.03333	0.08912	0.08933	0.13466	0.14862	0.02269	0.02424	0.03917	0.02558	0.24753	0.02783	0.02911	0.01938	0.01113	0.01012	0.00319	0.01158	0.00934	0.00814	0.01589
21	0.02546	0.10067	0.35928	0.03078	0.04396	0.02570	0.13549	0.03531	0.02364	0.08990	0.02149	0.02456	0.01532	0.01004	0.01030	0.00328	0.01497	0.00888	0.00557	0.01540
22	0.01333	0.00959	0.01296	0.01482	0.01576	0.00922	0.01019	0.01570	0.02089	0.02831	0.10629	0.50399	0.06836	0.03686	0.07446	0.00555	0.00838	0.02694	0.00956	0.00882
23	0.02482	0.09018	0.08453	0.26095	0.11769	0.06573	0.02547	0.03085	0.02342	0.07441	0.02935	0.03369	0.07118	0.01211	0.01023	0.00324	0.01278	0.01009	0.00602	0.01325
24	0.02603	0.03053	0.20049	0.18885	0.09291	0.02213	0.02809	0.06769	0.02601	0.11652	0.07423	0.03200	0.02439	0.01189	0.01059	0.00335	0.01262	0.01002	0.00702	0.01463
25	0.01571	0.01301	0.01939	0.22232	0.03610	0.01420	0.01717	0.01975	0.02134	0.02758	0.04934	0.31179	0.10145	0.02414	0.01246	0.00400	0.00918	0.06323	0.00800	0.00984
26	0.02323	0.05202	0.51588	0.02952	0.04438	0.02543	0.03704	0.08610	0.02524	0.03702	0.01966	0.02265	0.01388	0.01033	0.01010	0.00333	0.01520	0.00799	0.00512	0.01588
27	0.03013	0.02402	0.08566	0.08625	0.08027	0.02037	0.17191	0.03658	0.02546	0.20628	0.03169	0.09909	0.02522	0.01338	0.01145	0.00350	0.01266	0.01298	0.00823	0.01488
28	0.09257	0.03044	0.12690	0.03278	0.14364	0.07617	0.05772	0.04098	0.08078	0.17349	0.02711	0.02811	0.01942	0.01114	0.01016	0.00326	0.01232	0.00935	0.00785	0.01580
29	0.01339	0.00978	0.01267	0.01452	0.01581	0.00906	0.01023	0.01588	0.02196	0.02904	0.11132	0.46686	0.12874	0.03096	0.01338	0.00417	0.00624	0.06715	0.00998	0.00886
30	0.02745	0.02464	0.09079	0.28557	0.08806	0.02341	0.06383	0.06950	0.05852	0.12641	0.02504	0.02932	0.01786	0.01114	0.01067	0.00342	0.01302	0.00984	0.00700	0.01452
31	0.10139	0.06971	0.06976	0.02736	0.08788	0.11004	0.05247	0.07801	0.02836	0.23258	0.02695	0.02702	0.01882	0.01126	0.00987	0.00312	0.01224	0.00895	0.00858	0.01565

[dist]
# distance from previous block
# <min> <max>
5	14

[block]
# block no. 1 follows, 13 sequences, length 47
# corresponding to MSA columns:
# 396-442
name=unknown_B
#
# <colnr> <probs for GDERKNQSTAVLIFYWHMCP>
#	G	D	E	R	K	N	Q	S	T	A	V	L	I	F	Y	W	H	M	C	P
0	0.02355	0.02081	0.02980	0.07155	0.25315	0.02040	0.02178	0.09028	0.02689	0.03667	0.04244	0.04473	0.15355	0.01408	0.01064	0.00306	0.01006	0.01226	0.00719	0.10711
1	0.01808	0.01093	0.01315	0.07355	0.01919	0.01151	0.01007	0.02195	0.02021	0.03243	0.03381	0.08437	0.03091	0.14235	0.05691	0.00526	0.00864	0.01241	0.38502	0.00924
2	0.01785	0.01140	0.01593	0.08905	0.02268	0.01268	0.01262	0.02089	0.01864	0.02864	0.02731	0.03741	0.02359	0.04058	0.22156	0.13436	0.01526	0.01020	0.23036	0.00898
3	0.03103	0.01851	0.02286	0.01679	0.02575	0.01461	0.01360	0.03551	0.02490	0.22552	0.02697	0.02694	0.01941	0.00971	0.00883	0.00217	0.00825	0.00782	0.00870	0.45212
4	0.01374	0.01052	0.01184	0.01182	0.01414	0.00944	0.00829	0.01635	0.02336	0.03009	0.19733	0.12877	0.29784	0.15488	0.02142	0.00500	0.00637	0.02064	0.00953	0.00862
5	0.02514	0.01393	0.01780	0.01653	0.02046	0.01331	0.01245	0.03214	0.09674	0.18943	0.15789	0.25693	0.05851	0.02231	0.01208	0.00370	0.00702	0.01964	0.01128	0.01272
6	0.01785	0.01521	0.02162	0.02006	0.02111	0.01939	0.01585	0.02073	0.01655	0.02442	0.02396	0.03823	0.02345	0.11663	0.34370	0.01210	0.22286	0.01105	0.00539	0.00984
7	0.02313	0.02313	0.03238	0.02776	0.02776	0.03238	0.02313	0.02545	0.01619	0.02545	0.01388	0.02313	0.01388	0.01851	0.03470	0.00463	0.60907	0.00925	0.00463	0.01157
8	0.03033	0.52758	0.05074	0.01977	0.02815	0.14165	0.01852	0.03360	0.02304	0.02506	0.01500	0.01735	0.01358	0.00938	0.00729	0.00235	0.01273	0.00587	0.00469	0.01333
9	0.01250	0.01071	0.01071	0.01071	0.01428	0.00893	0.00803	0.01517	0.02410	0.02856	0.10711	0.10175	0.55817	0.02678	0.01250	0.00357	0.00536	0.02231	0.00982	0.00893
10	0.07589	0.07650	0.08661	0.13461	0.03813	0.02285	0.02103	0.09927	0.02791	0.22396	0.02704	0.02782	0.01863	0.01127	0.00975	0.00310	0.01108	0.00889	0.00856	0.06710
11	0.26241	0.02233	0.08655	0.01809	0.02582	0.01866	0.01640	0.03855	0.02410	0.27107	0.03158	0.08970	0.02426	0.01372	0.00948	0.00339	0.00922	0.01068	0.00949	0.01450
12	0.02223	0.13868	0.49860	0.02839	0.04306	0.02706	0.03603	0.03322	0.02220	0.03224	0.01836	0.02155	0.01342	0.00990	0.00957	0.00319	0.01500	0.00750	0.00447	0.01533
13	0.01281	0.01072	0.01115	0.01104	0.01448	0.00906	0.00828	0.01579	0.02485	0.03033	0.16468	0.09884	0.49950	0.02612	0.01249	0.00354	0.00531	0.02191	0.01005	0.00906
14	0.02633	0.01937	0.02287	0.01661	0.02579	0.01545	0.01339	0.06118	0.02473	0.10499	0.02214	0.02394	0.01715	0.00881	0.00836	0.00189	0.00822	0.00703	0.00741	0.56435
15	0.03140	0.03524	0.23614	0.02797	0.03945	0.02333	0.10916	0.11390	0.02896	0.17367	0.02608	0.02724	0.01788	0.01091	0.01055	0.00324	0.01327	0.00947	0.00782	0.05431
16	0.06830	0.03701	0.21691	0.03418	0.10044	0.06819	0.12859	0.07118	0.02504	0.03606	0.01923	0.02371	0.01475	0.01043	0.01191	0.00327	0.05544	0.00886	0.00554	0.06096
17	0.10759	0.02921	0.06755	0.02226	0.02773	0.13470	0.01888	0.12722	0.02781	0.07226	0.02400	0.06526	0.02028	0.01425	0.01416	0.00338	0.12135	0.00987	0.07897	0.01326
18	0.02244	0.02306	0.04431	0.34091	0.11412	0.02487	0.21523	0.03012	0.02286	0.03032	0.01987	0.02812	0.01508	0.00984	0.01128	0.00350	0.01534	0.01055	0.00499	0.01318
19	0.25301	0.01843	0.02393	0.33285	0.04819	0.02194	0.02087	0.02730	0.02073	0.03496	0.05283	0.03168	0.05063	0.01190	0.00941	0.00343	0.01104	0.00946	0.00603	0.01138
20	0.02422	0.01470	0.01856	0.01669	0.02172	0.01348	0.01364	0.03066	0.06155	0.13864	0.13893	0.06500	0.04829	0.01819	0.01126	0.00336	0.00779	0.14294	0.07643	0.13393
21	0.01496	0.01081	0.01413	0.01330	0.01580	0.00998	0.00998	0.01995	0.02993	0.04240	0.55689	0.07898	0.09976	0.02162	0.01247	0.00333	0.00499	0.01912	0.01164	0.00998
22	0.02160	0.02070	0.03378	0.41332	0.06055	0.02511	0.07547	0.03125	0.08783	0.02972	0.02163	0.02913	0.01659	0.01173	0.01332	0.00365	0.07645	0.01001	0.00553	0.01261
23	0.02842	0.02853	0.16476	0.09131	0.03705	0.02241	0.02483	0.10515	0.02746	0.14186	0.03061	0.04400	0.02541	0.01550	0.01373	0.00374	0.07505	0.09764	0.00806	0.01448
24	0.15350	0.01575	0.01806	0.01499	0.02104	0.01500	0.01212	0.03813	0.02551	0.29786	0.04003	0.03856	0.06429	0.01335	0.00921	0.00308	0.00751	0.01045	0.18753	0.01402
25	0.01595	0.01257	0.01862	0.01813	0.01982	0.01524	0.01426	0.01957	0.01691	0.02464	0.02680	0.03960	0.02511	0.07289	0.52834	0.01569	0.08955	0.01111	0.00555	0.00966
26	0.01634	0.01067	0.01489	0.01587	0.01704	0.01097	0.01198	0.01757	0.01849	0.02476	0.03793	0.12382	0.04098	0.13308	0.13654	0.18172	0.01287	0.15955	0.00715	0.00776
27	0.03883	0.01827	0.02294	0.01841	0.02534	0.01742	0.01492	0.08773	0.09695	0.36750	0.09032	0.03999	0.03352	0.01399	0.01058	0.00325	0.00844	0.01148	0.06372	0.01643
28	0.01640	0.01031	0.01477	0.01477	0.01559	0.01114	0.01043	0.01629	0.01547	0.02145	0.02544	0.04301	0.02556	0.16351	0.28141	0.27304	0.01773	0.01125	0.00539	0.00704
29	0.01586	0.00976	0.01337	0.01470	0.01562	0.00962	0.01051	0.01657	0.01883	0.02607	0.04193	0.28964	0.04657	0.03436	0.05472	0.21149	0.00868	0.07976	0.07423	0.00771
30	0.48870	0.01715	0.01416	0.01335	0.01849	0.01915	0.01056	0.02688	0.01924	0.04229	0.03102	0.10470	0.07374	0.01467	0.00809	0.00336	0.00736	0.01082	0.06556	0.01070
31	0.01774	0.01051	0.01371	0.01469	0.01616	0.00977	0.00995	0.01955	0.02067	0.09533	0.05178	0.44977	0.05881	0.13489	0.02020	0.00521	0.00722	0.02500	0.00964	0.00941
32	0.01799	0.01314	0.01547	0.01401	0.01748	0.01269	0.01075	0.08423	0.03088	0.04265	0.37146	0.07422	0.17376	0.02093	0.01194	0.00330	0.00591	0.01797	0.05044	0.01079
33	0.01455	0.01096	0.01276	0.01343	0.01516	0.01051	0.00914	0.01854	0.06058	0.02835	0.10148	0.28317	0.17766	0.16825	0.02238	0.00538	0.00699	0.02257	0.00923	0.00889
34	0.11441	0.01333	0.01441	0.01271	0.01719	0.01311	0.01004	0.03248	0.02375	0.17882	0.03385	0.03568	0.02486	0.01220	0.00813	0.00278	0.00641	0.00953	0.42415	0.01218
35	0.01393	0.01003	0.01371	0.01559	0.01678	0.00981	0.01131	0.01670	0.02117	0.02854	0.09273	0.43254	0.06536	0.03758	0.08692	0.00593	0.00941	0.09360	0.00941	0.00897
36	0.01642	0.01119	0.01270	0.01321	0.01470	0.01128	0.00883	0.02123	0.07433	0.02907	0.04642	0.23316	0.07449	0.22826	0.02563	0.00585	0.00749	0.01890	0.13789	0.00897
37	0.01679	0.01018	0.01414	0.01483	0.01587	0.01044	0.01085	0.01726	0.01775	0.02485	0.03369	0.12597	0.03522	0.08077	0.13088	0.26079	0.01203	0.08714	0.07312	0.00742
38	0.03950	0.05039	0.02996	0.02724	0.03269	0.58597	0.02043	0.04222	0.02996	0.02588	0.01634	0.01907	0.01362	0.01090	0.00953	0.00272	0.01907	0.00681	0.00545	0.01226
39	0.01552	0.00988	0.01206	0.01246	0.01256	0.00978	0.00747	0.01498	0.01588	0.02117	0.03465	0.15250	0.03990	0.42311	0.04495	0.13403	0.00938	0.01664	0.00663	0.00643
40	0.01458	0.01022	0.01186	0.01251	0.01398	0.00962	0.00849	0.01665	0.02056	0.02758	0.09285	0.20641	0.16796	0.22559	0.02606	0.00591	0.00734	0.04681	0.06681	0.00821
41	0.24622	0.01431	0.01413	0.01291	0.01696	0.01499	0.00991	0.02703	0.02252	0.08616	0.14641	0.04385	0.03946	0.07861	0.01343	0.00382	0.00692	0.01123	0.18038	0.01074
42	0.06692	0.01706	0.01922	0.01671	0.02195	0.01753	0.01314	0.07442	0.15841	0.13881	0.17043	0.05383	0.11196	0.01692	0.01089	0.00334	0.00731	0.01406	0.05339	0.01369
43	0.03317	0.02081	0.02355	0.01972	0.02605	0.02210	0.01570	0.16824	0.19331	0.17533	0.03842	0.08011	0.02948	0.01484	0.01051	0.00333	0.00879	0.01218	0.08843	0.01594
44	0.08540	0.01608	0.01899	0.01654	0.02123	0.01606	0.01272	0.08400	0.06748	0.17470	0.17009	0.12265	0.05003	0.07777	0.01534	0.00411	0.00789	0.01530	0.01064	0.01296
45	0.02984	0.01927	0.02210	0.07659	0.02901	0.08751	0.01707	0.03396	0.02577	0.21091	0.04084	0.12242	0.03725	0.02347	0.05101	0.00468	0.01195	0.13390	0.00956	0.01289
46	0.01706	0.01035	0.01340	0.01447	0.01575	0.00968	0.00969	0.01874	0.02026	0.08283	0.05120	0.44179	0.05859	0.15819	0.02181	0.00546	0.00732	0.02487	0.00943	0.00911

[dist]
# distance from previous block
# <min> <max>
0	4

[block]
# block no. 2 follows, 13 sequences, length 40
# corresponding to MSA columns:
# 447-486
name=unknown_C
#
# <colnr> <probs for GDERKNQSTAVLIFYWHMCP>
#	G	D	E	R	K	N	Q	S	T	A	V	L	I	F	Y	W	H	M	C	P
0	0.02678	0.02680	0.02428	0.02094	0.02547	0.18256	0.05199	0.09731	0.06055	0.03331	0.07031	0.04853	0.09671	0.16388	0.02129	0.00488	0.01248	0.01278	0.00767	0.01148
1	0.26934	0.13757	0.02575	0.01678	0.02314	0.08443	0.01402	0.03337	0.02415	0.11976	0.12434	0.03222	0.03149	0.01258	0.00869	0.00303	0.00946	0.00918	0.00803	0.01265
2	0.29456	0.12776	0.02663	0.01869	0.02507	0.12857	0.01527	0.07162	0.08047	0.03929	0.02225	0.06710	0.01946	0.01239	0.00842	0.00311	0.01079	0.00875	0.00702	0.01279
3	0.26834	0.07414	0.03606	0.02607	0.03418	0.08883	0.15549	0.12668	0.02746	0.04327	0.01874	0.02203	0.01434	0.01017	0.00928	0.00320	0.01290	0.00841	0.00670	0.01370
4	0.15327	0.07340	0.11820	0.17873	0.13871	0.02483	0.05605	0.02996	0.02120	0.03339	0.01880	0.02495	0.01497	0.01512	0.05310	0.00430	0.01401	0.00849	0.00521	0.01332
5	0.01409	0.01045	0.01253	0.01255	0.01461	0.00955	0.00885	0.01716	0.02450	0.03281	0.27773	0.16459	0.20207	0.12812	0.01968	0.00471	0.00615	0.02094	0.01001	0.00889
6	0.12061	0.02066	0.02362	0.01825	0.02618	0.01978	0.01489	0.14966	0.03101	0.21219	0.06590	0.03066	0.02504	0.01185	0.00951	0.00282	0.00891	0.00925	0.00982	0.18938
7	0.04114	0.10293	0.03230	0.02165	0.03009	0.02807	0.01829	0.30194	0.03948	0.23265	0.02958	0.02792	0.02021	0.01236	0.01011	0.00309	0.01069	0.00940	0.01066	0.01742
8	0.01744	0.00951	0.01308	0.01308	0.01308	0.00951	0.00833	0.01427	0.01427	0.01902	0.02297	0.04356	0.02455	0.21909	0.04517	0.48214	0.00951	0.01109	0.00515	0.00515
9	0.01408	0.00983	0.01179	0.01284	0.01338	0.00943	0.00800	0.01508	0.01814	0.02392	0.04975	0.30942	0.09206	0.32583	0.03328	0.00717	0.00810	0.02223	0.00814	0.00754
10	0.01551	0.00995	0.01352	0.01477	0.01559	0.00967	0.01046	0.01616	0.01931	0.02579	0.08020	0.27014	0.05287	0.10859	0.02612	0.18719	0.00800	0.10050	0.00812	0.00755
11	0.16879	0.02117	0.02453	0.01918	0.02712	0.02111	0.01584	0.15886	0.03251	0.35417	0.03283	0.02998	0.02150	0.01238	0.00985	0.00325	0.00946	0.00945	0.01127	0.01676
12	0.06798	0.01301	0.01497	0.01358	0.01778	0.01190	0.01029	0.02735	0.02388	0.17878	0.06128	0.12834	0.20304	0.07702	0.01492	0.00404	0.00703	0.01671	0.09667	0.01142
13	0.01329	0.01008	0.01187	0.01272	0.01460	0.00908	0.00881	0.01565	0.02241	0.02890	0.13946	0.29944	0.24902	0.09408	0.01738	0.00455	0.00615	0.02418	0.00969	0.00866
14	0.01557	0.01081	0.01530	0.01530	0.01651	0.01201	0.01110	0.01742	0.01621	0.02282	0.02826	0.04691	0.02827	0.20390	0.39273	0.09937	0.02167	0.01202	0.00571	0.00812
15	0.07580	0.01421	0.01744	0.01662	0.02038	0.01403	0.01285	0.03036	0.07215	0.15970	0.08301	0.17467	0.04796	0.10260	0.01754	0.00474	0.00831	0.10572	0.01010	0.01182
16	0.01993	0.01267	0.01558	0.01470	0.01806	0.01180	0.01101	0.05938	0.02765	0.10460	0.22627	0.22173	0.16738	0.02402	0.01238	0.00362	0.00638	0.02094	0.01089	0.01101
17	0.20793	0.01652	0.01769	0.01578	0.02106	0.01709	0.01237	0.03631	0.09336	0.18568	0.03640	0.13064	0.03062	0.01564	0.00954	0.00336	0.00757	0.01266	0.11655	0.01323
18	0.70310	0.02045	0.01554	0.01390	0.02045	0.02372	0.01145	0.03108	0.01799	0.04744	0.01472	0.01718	0.01145	0.00981	0.00654	0.00327	0.00818	0.00573	0.00654	0.01145
19	0.01413	0.01078	0.01298	0.01243	0.01528	0.00962	0.00932	0.01834	0.02796	0.03773	0.40508	0.08667	0.25448	0.02336	0.01248	0.00341	0.00511	0.02020	0.01102	0.00962
20	0.02192	0.01879	0.02192	0.01566	0.02506	0.01409	0.01253	0.02662	0.02192	0.03445	0.01879	0.02192	0.01566	0.00783	0.00783	0.00157	0.00783	0.00626	0.00626	0.69305
21	0.31765	0.01436	0.01351	0.01385	0.01746	0.01531	0.01031	0.02200	0.01974	0.03622	0.04528	0.28826	0.10645	0.02202	0.01030	0.00375	0.00694	0.01832	0.00837	0.00990
22	0.04441	0.02285	0.02754	0.02112	0.02941	0.02275	0.01744	0.25039	0.03839	0.35944	0.03489	0.03155	0.02275	0.01292	0.01061	0.00323	0.01010	0.01017	0.01204	0.01799
23	0.01646	0.01022	0.01443	0.01443	0.01512	0.01092	0.01001	0.01603	0.01533	0.02114	0.02556	0.04435	0.02608	0.19232	0.24445	0.28306	0.01646	0.01144	0.00541	0.00680
24	0.01668	0.01239	0.01908	0.01699	0.01929	0.01193	0.07453	0.01751	0.01839	0.02406	0.04354	0.09892	0.13433	0.16157	0.08340	0.20632	0.01131	0.01532	0.00661	0.00783
25	0.08989	0.01234	0.01394	0.01496	0.01708	0.01265	0.01048	0.02188	0.08670	0.03103	0.05320	0.40124	0.09164	0.07362	0.01542	0.00450	0.00690	0.02341	0.00932	0.00980
26	0.01837	0.00918	0.01377	0.01377	0.01377	0.00918	0.00918	0.01377	0.01377	0.01837	0.01837	0.03214	0.01837	0.03673	0.04132	0.69238	0.00918	0.00918	0.00459	0.00459
27	0.01510	0.01133	0.01699	0.01699	0.01888	0.01322	0.01322	0.01888	0.01699	0.02454	0.02832	0.04154	0.02643	0.07930	0.58652	0.01699	0.02832	0.01133	0.00566	0.00944
28	0.02565	0.01946	0.03040	0.23981	0.17983	0.02094	0.02462	0.06179	0.02511	0.10671	0.02972	0.09994	0.02625	0.01460	0.01117	0.00355	0.01165	0.04772	0.00730	0.01380
29	0.02306	0.01977	0.02947	0.42093	0.05815	0.02348	0.02518	0.11841	0.02754	0.03629	0.08872	0.03416	0.02575	0.01237	0.01081	0.00343	0.01248	0.01066	0.00667	0.01267
30	0.01332	0.00974	0.01253	0.01396	0.01533	0.00895	0.00966	0.01599	0.02292	0.03074	0.17954	0.43878	0.13001	0.02976	0.01315	0.00399	0.00578	0.02667	0.01024	0.00895
31	0.01510	0.01133	0.01699	0.01699	0.01888	0.01322	0.01322	0.01888	0.01699	0.02454	0.02832	0.04154	0.02643	0.07930	0.58652	0.01699	0.02832	0.01133	0.00566	0.00944
32	0.07527	0.10365	0.03084	0.06772	0.03325	0.33694	0.01974	0.06974	0.02855	0.06497	0.02133	0.02815	0.01802	0.01219	0.00964	0.00299	0.01540	0.04228	0.00649	0.01287
33	0.12671	0.01938	0.02411	0.01873	0.02673	0.01815	0.01547	0.09347	0.03058	0.45910	0.03690	0.03270	0.02361	0.01265	0.01013	0.00326	0.00914	0.00993	0.01205	0.01719
34	0.12593	0.01953	0.02297	0.01832	0.02563	0.01928	0.01498	0.11292	0.07020	0.34306	0.03542	0.03270	0.02371	0.01264	0.00981	0.00321	0.00883	0.00988	0.07468	0.01630
35	0.02385	0.01946	0.02999	0.04150	0.31827	0.01859	0.02233	0.02867	0.02476	0.09078	0.05184	0.05287	0.20139	0.01571	0.01117	0.00330	0.00973	0.01393	0.00764	0.01423
36	0.07539	0.02808	0.03587	0.11023	0.17841	0.10897	0.07835	0.11917	0.02935	0.10139	0.02255	0.02607	0.01684	0.01074	0.01035	0.00320	0.01345	0.00928	0.00712	0.01518
37	0.02907	0.50204	0.04901	0.01938	0.02770	0.09068	0.01814	0.03578	0.08891	0.02744	0.01847	0.02003	0.01596	0.00990	0.00755	0.00247	0.01166	0.00657	0.00541	0.01385
38	0.03421	0.02642	0.03173	0.19536	0.04462	0.03004	0.02284	0.37937	0.04127	0.05492	0.02344	0.02621	0.01683	0.01207	0.01058	0.00328	0.01236	0.00948	0.00884	0.01614
39	0.08810	0.01964	0.02478	0.02007	0.02670	0.02014	0.01642	0.04752	0.11624	0.37169	0.03643	0.03358	0.02459	0.01376	0.01343	0.00350	0.08545	0.01033	0.01113	0.01648

[dist]
# distance from previous block
# <min> <max>
0	5

[block]
# block no. 3 follows, 13 sequences, length 25
# corresponding to MSA columns:
# 492-516
name=unknown_D
#
# <colnr> <probs for GDERKNQSTAVLIFYWHMCP>
#	G	D	E	R	K	N	Q	S	T	A	V	L	I	F	Y	W	H	M	C	P
0	0.01886	0.01101	0.01365	0.01355	0.01499	0.01044	0.00886	0.02029	0.01979	0.09653	0.07882	0.22668	0.05035	0.33038	0.03341	0.00710	0.00851	0.01930	0.00865	0.00883
1	0.36729	0.02389	0.03020	0.02675	0.08064	0.02586	0.11680	0.10037	0.06146	0.04588	0.01998	0.02296	0.01522	0.01031	0.00893	0.00333	0.01099	0.00837	0.00702	0.01376
2	0.01520	0.01095	0.01508	0.01508	0.01630	0.01218	0.01083	0.01765	0.01642	0.02313	0.03007	0.05124	0.03065	0.27206	0.39952	0.01463	0.02198	0.01275	0.00592	0.00838
3	0.18041	0.01478	0.01639	0.01449	0.01949	0.01428	0.01139	0.02952	0.02542	0.17928	0.17040	0.09783	0.14900	0.01853	0.01071	0.00342	0.00694	0.01525	0.01036	0.01213
4	0.05713	0.01327	0.01888	0.09719	0.08677	0.01366	0.01458	0.01911	0.01906	0.02622	0.04088	0.12279	0.12830	0.02611	0.02232	0.25509	0.00902	0.01438	0.00650	0.00874
5	0.01538	0.01025	0.01153	0.01153	0.01153	0.01025	0.00641	0.01538	0.01538	0.02050	0.03331	0.06919	0.03844	0.62842	0.05382	0.01025	0.01025	0.01538	0.00641	0.00641
6	0.01538	0.01025	0.01153	0.01153	0.01153	0.01025	0.00641	0.01538	0.01538	0.02050	0.03331	0.06919	0.03844	0.62842	0.05382	0.01025	0.01025	0.01538	0.00641	0.00641
7	0.02236	0.01218	0.01580	0.01476	0.01833	0.01086	0.01109	0.02590	0.02644	0.17143	0.22017	0.22588	0.13582	0.02342	0.01229	0.00362	0.00639	0.02051	0.01124	0.01149
8	0.10176	0.01344	0.01647	0.01617	0.01800	0.01501	0.01260	0.02128	0.01945	0.03046	0.06877	0.05890	0.03654	0.10752	0.02562	0.13101	0.08780	0.12337	0.08703	0.00881
9	0.01531	0.01050	0.01278	0.01278	0.01321	0.01093	0.00797	0.01618	0.01575	0.02143	0.03217	0.06286	0.03569	0.50274	0.17574	0.01179	0.01439	0.01445	0.00624	0.00710
10	0.02351	0.01244	0.01616	0.01582	0.01873	0.01174	0.01209	0.02645	0.02267	0.15944	0.04561	0.16404	0.04584	0.17706	0.02291	0.00558	0.00875	0.14272	0.05773	0.01072
11	0.08796	0.01348	0.01619	0.01423	0.01837	0.01261	0.01084	0.02794	0.02628	0.17369	0.25150	0.06350	0.11833	0.09910	0.01691	0.00425	0.00706	0.01556	0.01062	0.01158
12	0.02705	0.02966	0.03180	0.02763	0.02894	0.16503	0.02248	0.02946	0.01949	0.02555	0.01447	0.02216	0.01382	0.01668	0.02867	0.00417	0.46770	0.00867	0.00482	0.01173
13	0.01559	0.01153	0.01292	0.01348	0.01572	0.01127	0.00946	0.02130	0.08658	0.03019	0.06364	0.26470	0.18968	0.10524	0.01749	0.00458	0.00660	0.02135	0.08910	0.00956
14	0.02900	0.01469	0.01849	0.01618	0.02117	0.01335	0.01254	0.06777	0.02790	0.25207	0.09134	0.19769	0.15054	0.02142	0.01184	0.00358	0.00747	0.01835	0.01132	0.01326
15	0.01595	0.01038	0.01252	0.01284	0.01317	0.01038	0.00814	0.01605	0.01637	0.02172	0.03455	0.07145	0.03904	0.47969	0.04717	0.08972	0.01006	0.07753	0.00663	0.00663
16	0.02111	0.01362	0.01532	0.01426	0.01770	0.01402	0.01119	0.08659	0.06331	0.04315	0.17813	0.05600	0.04929	0.01662	0.01007	0.00309	0.00645	0.05788	0.31084	0.01134
17	0.10743	0.01275	0.01382	0.01326	0.01672	0.01250	0.01003	0.02206	0.06010	0.03796	0.27952	0.11377	0.21819	0.02191	0.01164	0.00348	0.00583	0.01858	0.01022	0.01021
18	0.01762	0.00954	0.01375	0.01375	0.01393	0.00972	0.00916	0.01449	0.01431	0.01926	0.02148	0.03841	0.02204	0.12667	0.09455	0.52963	0.01114	0.01028	0.00496	0.00531
19	0.03779	0.02007	0.02418	0.01965	0.02649	0.02008	0.01627	0.20024	0.03490	0.27155	0.03740	0.04392	0.02818	0.01500	0.01076	0.00336	0.00948	0.07369	0.09105	0.01594
20	0.03526	0.01588	0.02043	0.01694	0.02264	0.01460	0.01332	0.07437	0.02851	0.33659	0.07569	0.11814	0.03722	0.06037	0.01392	0.00383	0.00825	0.01395	0.07546	0.01462
21	0.01823	0.01172	0.01408	0.01295	0.01664	0.01027	0.00990	0.02213	0.02754	0.10631	0.30107	0.08280	0.28139	0.02264	0.01224	0.00342	0.00567	0.01933	0.01107	0.01060
22	0.20185	0.02289	0.02505	0.01968	0.02757	0.02389	0.01625	0.22299	0.03453	0.25808	0.02919	0.02755	0.01961	0.01216	0.00963	0.00324	0.00978	0.00904	0.01059	0.01642
23	0.01945	0.01619	0.01869	0.01435	0.02141	0.01269	0.01102	0.02332	0.02187	0.03241	0.06399	0.04171	0.09514	0.08831	0.01444	0.00301	0.00764	0.01028	0.00707	0.47701
24	0.02228	0.01994	0.02668	0.01906	0.02861	0.01558	0.07266	0.02747	0.02228	0.03438	0.01910	0.02270	0.01571	0.00796	0.00838	0.00180	0.00901	0.00699	0.00616	0.61326

[dist]
# distance from previous block
# <min> <max>
1	5

[block]
# block no. 4 follows, 13 sequences, length 16
# corresponding to MSA columns:
# 522-537
name=unknown_E
#
# <colnr> <probs for GDERKNQSTAVLIFYWHMCP>
#	G	D	E	R	K	N	Q	S	T	A	V	L	I	F	Y	W	H	M	C	P
0	0.11119	0.09301	0.08862	0.02174	0.02894	0.22281	0.01898	0.03781	0.02695	0.13421	0.09103	0.02996	0.02686	0.01230	0.00957	0.00299	0.01294	0.00900	0.00762	0.01346
1	0.11615	0.07299	0.10492	0.03545	0.11735	0.02830	0.17876	0.14556	0.02902	0.04251	0.02047	0.02446	0.01551	0.01011	0.01030	0.00326	0.01368	0.00946	0.00652	0.01522
2	0.02191	0.01586	0.02238	0.02581	0.11823	0.01675	0.01647	0.06121	0.08828	0.03026	0.02756	0.04222	0.02541	0.03056	0.08127	0.28311	0.01185	0.06385	0.00662	0.01041
3	0.03720	0.02736	0.02983	0.02370	0.03138	0.03012	0.01970	0.46183	0.04643	0.06211	0.02934	0.03753	0.02353	0.01483	0.01110	0.00339	0.01139	0.07185	0.01047	0.01691
4	0.01768	0.01406	0.01832	0.01757	0.01808	0.01687	0.01302	0.01964	0.01803	0.02656	0.03488	0.22144	0.03875	0.16620	0.02911	0.00557	0.20282	0.01722	0.09496	0.00920
5	0.03702	0.01776	0.02175	0.01791	0.02450	0.01730	0.01439	0.04792	0.16126	0.33931	0.04076	0.03749	0.02791	0.01327	0.01009	0.00321	0.00811	0.01083	0.13299	0.01621
6	0.70310	0.02045	0.01554	0.01390	0.02045	0.02372	0.01145	0.03108	0.01799	0.04744	0.01472	0.01718	0.01145	0.00981	0.00654	0.00327	0.00818	0.00573	0.00654	0.01145
7	0.01534	0.01063	0.01329	0.01328	0.01478	0.01030	0.00936	0.01742	0.02150	0.02905	0.19739	0.07558	0.11450	0.23563	0.06553	0.06799	0.00913	0.06275	0.00846	0.00810
8	0.01488	0.01082	0.01341	0.01434	0.01674	0.00999	0.01124	0.01727	0.02270	0.02867	0.09788	0.14252	0.26195	0.02921	0.01724	0.09981	0.00729	0.16626	0.00916	0.00860
9	0.02977	0.02801	0.06461	0.02195	0.02868	0.08797	0.01840	0.18026	0.22205	0.04721	0.08270	0.03580	0.03098	0.01374	0.01045	0.00325	0.01044	0.01094	0.05743	0.01536
10	0.12558	0.01784	0.02036	0.01716	0.02324	0.01790	0.01350	0.04220	0.14421	0.26314	0.04373	0.04432	0.07868	0.08321	0.01512	0.00415	0.00853	0.01193	0.01059	0.01463
11	0.02018	0.01468	0.02043	0.02513	0.13185	0.01382	0.01589	0.02397	0.02381	0.08406	0.06170	0.10554	0.20814	0.07612	0.01609	0.00438	0.00870	0.12524	0.00886	0.01142
12	0.02918	0.03497	0.08842	0.03035	0.07247	0.21073	0.11108	0.08139	0.02783	0.03355	0.02428	0.10040	0.02214	0.01313	0.01064	0.00311	0.01465	0.01133	0.00645	0.07387
13	0.09061	0.01587	0.02077	0.08439	0.02839	0.01536	0.01565	0.03495	0.02631	0.26267	0.08477	0.05895	0.10342	0.01759	0.01130	0.00361	0.00887	0.09251	0.01045	0.01356
14	0.01502	0.01485	0.06886	0.01529	0.01812	0.01131	0.01256	0.01803	0.02048	0.02683	0.05662	0.21694	0.15234	0.20082	0.02477	0.00586	0.00869	0.09542	0.00828	0.00892
15	0.18223	0.12101	0.09329	0.02610	0.08383	0.08422	0.02128	0.19181	0.03094	0.04532	0.01929	0.02144	0.01482	0.01072	0.00895	0.00303	0.01208	0.00764	0.00707	0.01494

[dist]
# distance from previous block
# <min> <max>
0	5

[block]
# block no. 5 follows, 13 sequences, length 43
# corresponding to MSA columns:
# 543-585
name=unknown_F
#
# <colnr> <probs for GDERKNQSTAVLIFYWHMCP>
#	G	D	E	R	K	N	Q	S	T	A	V	L	I	F	Y	W	H	M	C	P
0	0.08266	0.11756	0.11750	0.09210	0.15371	0.02459	0.02363	0.06295	0.02325	0.03365	0.05122	0.02763	0.02037	0.01448	0.01405	0.10139	0.01163	0.00884	0.00573	0.01304
1	0.07639	0.25524	0.03829	0.02292	0.02996	0.31156	0.01902	0.07789	0.02784	0.03022	0.01641	0.01872	0.01383	0.01032	0.00846	0.00263	0.01501	0.00655	0.00561	0.01315
2	0.02753	0.03102	0.10728	0.03267	0.14512	0.09399	0.02378	0.07865	0.22821	0.03888	0.02923	0.03076	0.02259	0.01591	0.04388	0.00410	0.01301	0.00998	0.00772	0.01570
3	0.17994	0.01421	0.01452	0.01341	0.01612	0.01504	0.00937	0.05773	0.02164	0.03496	0.14038	0.05575	0.04367	0.30679	0.03059	0.00660	0.00874	0.01346	0.00787	0.00922
4	0.01948	0.01274	0.01552	0.01424	0.01777	0.01175	0.01057	0.02485	0.06186	0.09859	0.24694	0.12841	0.14302	0.08595	0.01637	0.00411	0.00662	0.01809	0.01038	0.05275
5	0.70310	0.02045	0.01554	0.01390	0.02045	0.02372	0.01145	0.03108	0.01799	0.04744	0.01472	0.01718	0.01145	0.00981	0.00654	0.00327	0.00818	0.00573	0.00654	0.01145
6	0.06965	0.01323	0.01548	0.01429	0.01776	0.01313	0.01073	0.02553	0.06705	0.09207	0.20694	0.06527	0.14598	0.11284	0.07877	0.00583	0.00924	0.01584	0.00964	0.01075
7	0.01532	0.01092	0.01444	0.01513	0.01707	0.01045	0.01165	0.01929	0.02534	0.03468	0.28215	0.16715	0.07747	0.09069	0.01769	0.00466	0.00711	0.15920	0.01026	0.00932
8	0.01954	0.01519	0.02073	0.01919	0.02181	0.01805	0.01525	0.09207	0.02157	0.03064	0.02636	0.03727	0.02389	0.06332	0.44558	0.01370	0.08783	0.01085	0.00625	0.01088
9	0.02388	0.01237	0.01552	0.01426	0.01719	0.01134	0.01003	0.02596	0.02227	0.18184	0.08293	0.16269	0.08787	0.25186	0.02781	0.00613	0.00837	0.01750	0.00959	0.01059
10	0.01411	0.01051	0.01287	0.01276	0.01506	0.00955	0.00923	0.01774	0.02610	0.03531	0.34077	0.16102	0.19953	0.06912	0.01566	0.00403	0.00563	0.02116	0.01056	0.00927
11	0.40810	0.02321	0.01919	0.01669	0.02296	0.10085	0.01337	0.03544	0.02335	0.14503	0.07796	0.02768	0.02402	0.01186	0.00839	0.00320	0.00955	0.00826	0.00820	0.01268
12	0.03612	0.01552	0.02086	0.01731	0.02319	0.01382	0.01392	0.03998	0.02798	0.37821	0.11580	0.05456	0.04168	0.08214	0.01596	0.00420	0.00864	0.06358	0.01181	0.01473
13	0.23842	0.01867	0.01973	0.01674	0.02278	0.01948	0.01340	0.12108	0.02765	0.18714	0.03218	0.11224	0.02657	0.01479	0.00943	0.00331	0.00837	0.01162	0.08260	0.01378
14	0.01663	0.01054	0.01333	0.01420	0.01618	0.00985	0.01035	0.01973	0.02298	0.06399	0.12810	0.31526	0.10427	0.05607	0.01446	0.00417	0.00652	0.07269	0.09113	0.00955
15	0.01773	0.00941	0.01329	0.01329	0.01329	0.00941	0.00859	0.01412	0.01412	0.01882	0.02156	0.04007	0.02266	0.16336	0.04400	0.54639	0.00941	0.01051	0.00498	0.00498
16	0.03315	0.01956	0.02285	0.01932	0.02535	0.02028	0.01553	0.14200	0.14847	0.20360	0.03894	0.04621	0.03056	0.06022	0.01397	0.00394	0.00921	0.06221	0.06937	0.01527
17	0.01876	0.01090	0.01434	0.01465	0.01693	0.01001	0.01052	0.02190	0.02424	0.10905	0.18046	0.36508	0.06859	0.02608	0.01245	0.00379	0.00618	0.02328	0.05243	0.01036
18	0.02066	0.16618	0.30389	0.02299	0.03322	0.02393	0.02631	0.02852	0.02293	0.03200	0.10030	0.11363	0.03371	0.01473	0.01018	0.00325	0.01185	0.01210	0.00625	0.01339
19	0.13119	0.01908	0.02183	0.01800	0.02417	0.01936	0.01419	0.12787	0.06513	0.25155	0.03505	0.07926	0.02791	0.09866	0.01619	0.00431	0.00928	0.01190	0.01038	0.01469
20	0.02056	0.01144	0.01434	0.01387	0.01657	0.01051	0.00998	0.02355	0.02374	0.12840	0.14823	0.22703	0.10079	0.10945	0.01780	0.00452	0.00682	0.01956	0.08244	0.01040
21	0.02003	0.01228	0.01628	0.01575	0.01724	0.01276	0.01121	0.08762	0.02055	0.02761	0.02873	0.15809	0.03001	0.03605	0.07608	0.39097	0.01046	0.01388	0.00665	0.00776
22	0.03982	0.02781	0.03032	0.02351	0.03173	0.03041	0.01933	0.43756	0.08847	0.11840	0.02858	0.02768	0.02004	0.01287	0.01060	0.00322	0.01108	0.00984	0.01086	0.01788
23	0.01503	0.01003	0.01216	0.01272	0.01433	0.00947	0.00883	0.01814	0.02298	0.03288	0.19736	0.24823	0.10058	0.10741	0.01757	0.00445	0.00610	0.02071	0.13209	0.00894
24	0.01691	0.00983	0.01395	0.01386	0.01477	0.00982	0.00972	0.01532	0.01707	0.02292	0.08711	0.04593	0.08579	0.04012	0.11290	0.44862	0.01105	0.01196	0.00606	0.00632
25	0.01890	0.01258	0.01492	0.01359	0.01672	0.01240	0.01039	0.07567	0.03004	0.04423	0.36439	0.06297	0.07214	0.01825	0.01095	0.00309	0.00569	0.01569	0.18659	0.01080
26	0.11218	0.01213	0.01355	0.01429	0.01729	0.01201	0.01112	0.01900	0.02177	0.03111	0.06626	0.19478	0.23160	0.03135	0.06928	0.00526	0.00903	0.10965	0.00892	0.00942
27	0.11971	0.02086	0.03137	0.20395	0.24680	0.02285	0.02536	0.03076	0.05430	0.03508	0.05366	0.03507	0.02371	0.01203	0.01033	0.00341	0.01151	0.03926	0.00625	0.01373
28	0.06923	0.17640	0.02718	0.09975	0.02761	0.02098	0.01554	0.02312	0.02156	0.02942	0.07262	0.25208	0.04413	0.02071	0.01082	0.00356	0.00901	0.05794	0.00757	0.01076
29	0.02297	0.01315	0.01707	0.01504	0.01903	0.01222	0.01164	0.02927	0.06122	0.16134	0.40956	0.06689	0.07908	0.01925	0.01195	0.00333	0.00610	0.01677	0.01191	0.01219
30	0.01578	0.01102	0.01567	0.01601	0.01744	0.01210	0.01210	0.01813	0.01740	0.02416	0.03210	0.05660	0.03264	0.16667	0.35026	0.08662	0.02035	0.08027	0.00626	0.00841
31	0.02466	0.01820	0.02176	0.07711	0.02850	0.01991	0.01596	0.09591	0.21132	0.08478	0.04351	0.23233	0.04089	0.01999	0.01163	0.00374	0.00863	0.01739	0.01002	0.01376
32	0.03158	0.02048	0.02512	0.10262	0.03168	0.02232	0.01726	0.20448	0.03150	0.14463	0.02901	0.03740	0.02343	0.13905	0.02069	0.00474	0.04556	0.01092	0.04359	0.01393
33	0.01538	0.01025	0.01153	0.01153	0.01153	0.01025	0.00641	0.01538	0.01538	0.02050	0.03331	0.06919	0.03844	0.62842	0.05382	0.01025	0.01025	0.01538	0.00641	0.00641
34	0.01997	0.01879	0.03171	0.60301	0.07282	0.02349	0.02936	0.02701	0.02114	0.02701	0.01879	0.02819	0.01409	0.01057	0.01057	0.00352	0.01409	0.00940	0.00470	0.01175
35	0.53614	0.02051	0.01770	0.01552	0.02216	0.02321	0.01264	0.03686	0.09423	0.10311	0.02166	0.02237	0.01600	0.01081	0.00758	0.00332	0.00829	0.00714	0.00785	0.01291
36	0.26998	0.02510	0.03352	0.03470	0.17092	0.06364	0.10763	0.03418	0.02261	0.08415	0.01964	0.02357	0.01519	0.01035	0.01058	0.00332	0.04203	0.00855	0.00638	0.01396
37	0.64468	0.02085	0.01790	0.01831	0.06723	0.02384	0.01326	0.03120	0.01852	0.04633	0.01517	0.01795	0.01191	0.00978	0.00688	0.00326	0.00856	0.00604	0.00643	0.01191
38	0.34737	0.02312	0.02264	0.02030	0.02412	0.07403	0.01674	0.02922	0.01905	0.03656	0.01868	0.02950	0.01737	0.01478	0.01714	0.00384	0.21279	0.05525	0.00612	0.01139
39	0.02663	0.02552	0.06046	0.01962	0.02620	0.10704	0.01633	0.06135	0.14732	0.08357	0.11447	0.04467	0.09669	0.01491	0.01053	0.00306	0.00985	0.01208	0.00905	0.11067
40	0.03284	0.02365	0.07203	0.10055	0.09905	0.06694	0.02150	0.03828	0.02700	0.24738	0.07146	0.04323	0.03044	0.01422	0.01102	0.00342	0.01129	0.06161	0.00922	0.01488
41	0.02686	0.11843	0.19037	0.09509	0.03998	0.02593	0.06649	0.08782	0.06500	0.08991	0.06968	0.03062	0.02433	0.01177	0.01022	0.00322	0.01247	0.00983	0.00717	0.01483
42	0.02853	0.02427	0.07078	0.02467	0.03230	0.05228	0.12118	0.06161	0.08323	0.14685	0.10633	0.07813	0.03530	0.01415	0.01114	0.00327	0.01108	0.01286	0.00901	0.07304

[dist]
# distance from previous block
# <min> <max>
1	7

[block]
# block no. 6 follows, 13 sequences, length 7
# corresponding to MSA columns:
# 593-599
name=unknown_G
#
# <colnr> <probs for GDERKNQSTAVLIFYWHMCP>
#	G	D	E	R	K	N	Q	S	T	A	V	L	I	F	Y	W	H	M	C	P
0	0.17494	0.02101	0.03132	0.03326	0.17727	0.02085	0.08708	0.03511	0.02341	0.17031	0.02608	0.03217	0.02048	0.08426	0.01512	0.00411	0.01116	0.01006	0.00765	0.01436
1	0.02819	0.08056	0.21886	0.08110	0.04170	0.02615	0.08515	0.09697	0.09697	0.10245	0.02567	0.02751	0.01842	0.01115	0.01036	0.00331	0.01316	0.00944	0.00721	0.01567
2	0.31313	0.02049	0.05468	0.01684	0.02413	0.01883	0.01468	0.03810	0.02464	0.25566	0.09131	0.03252	0.02815	0.01257	0.00912	0.00328	0.00860	0.00945	0.00965	0.01417
3	0.03975	0.01633	0.02182	0.01730	0.02428	0.01416	0.01408	0.04382	0.02963	0.44736	0.11740	0.04802	0.08651	0.01553	0.01106	0.00331	0.00811	0.01288	0.01258	0.01605
4	0.02063	0.01632	0.02130	0.15218	0.03279	0.01808	0.01696	0.09771	0.08787	0.03473	0.04051	0.24570	0.04188	0.06755	0.01522	0.00437	0.00964	0.05637	0.00860	0.01159
5	0.12082	0.02183	0.02867	0.05960	0.03255	0.02222	0.07763	0.16646	0.03186	0.20557	0.03781	0.03722	0.08363	0.01353	0.01054	0.00333	0.01055	0.01125	0.00972	0.01521
6	0.03725	0.01920	0.02962	0.09174	0.03540	0.01818	0.08541	0.04394	0.05858	0.35912	0.07803	0.03773	0.02968	0.01299	0.01103	0.00336	0.01043	0.01150	0.01079	0.01602

[dist]
# distance from previous block
# <min> <max>
0	16

# created by:
# /st0/software/busco_prod/Augustus/scripts/msa2prfl.pl ./align_prep/10205.fa
