[name]
unknown

[dist]
# distance from previous block
# <min> <max>
0	487

[block]
# block no. 0 follows, 13 sequences, length 17
# corresponding to MSA columns:
# 488-504
name=unknown_A
#
# <colnr> <probs for GDERKNQSTAVLIFYWHMCP>
#	G	D	E	R	K	N	Q	S	T	A	V	L	I	F	Y	W	H	M	C	P
0	0.62555	0.01951	0.01571	0.01453	0.02061	0.02241	0.01208	0.03004	0.01871	0.04565	0.01939	0.02872	0.01703	0.01201	0.00745	0.00345	0.00835	0.06062	0.00690	0.01126
1	0.01496	0.01081	0.01413	0.01330	0.01580	0.00998	0.00998	0.01995	0.02993	0.04240	0.55689	0.07898	0.09976	0.02162	0.01247	0.00333	0.00499	0.01912	0.01164	0.00998
2	0.01971	0.00985	0.00985	0.00985	0.01232	0.00985	0.00739	0.02464	0.02217	0.03942	0.03449	0.03942	0.02710	0.01232	0.00739	0.00246	0.00493	0.00985	0.68712	0.00985
3	0.10355	0.04750	0.02857	0.02595	0.03151	0.53170	0.01956	0.04114	0.02881	0.02796	0.01619	0.01888	0.01341	0.01079	0.00924	0.00278	0.01802	0.00671	0.00555	0.01218
4	0.01288	0.00920	0.01227	0.01472	0.01534	0.00859	0.00981	0.01472	0.02024	0.02699	0.05828	0.62152	0.06993	0.03312	0.01350	0.00429	0.00613	0.03006	0.00981	0.00859
5	0.01971	0.00985	0.00985	0.00985	0.01232	0.00985	0.00739	0.02464	0.02217	0.03942	0.03449	0.03942	0.02710	0.01232	0.00739	0.00246	0.00493	0.00985	0.68712	0.00985
6	0.03657	0.04551	0.03040	0.02733	0.03180	0.48685	0.02091	0.03922	0.02750	0.02580	0.01590	0.01979	0.01367	0.01226	0.01404	0.00306	0.12471	0.00725	0.00530	0.01213
7	0.52249	0.02546	0.01959	0.07307	0.02762	0.12086	0.01473	0.03261	0.02037	0.04174	0.01540	0.01857	0.01208	0.01007	0.00745	0.00320	0.01063	0.00627	0.00618	0.01162
8	0.55641	0.01990	0.01755	0.01500	0.02191	0.02189	0.01237	0.03565	0.02074	0.16430	0.02076	0.02138	0.01474	0.01055	0.00746	0.00327	0.00836	0.00682	0.00801	0.01291
9	0.01496	0.01081	0.01413	0.01330	0.01580	0.00998	0.00998	0.01995	0.02993	0.04240	0.55689	0.07898	0.09976	0.02162	0.01247	0.00333	0.00499	0.01912	0.01164	0.00998
10	0.03835	0.10991	0.03255	0.02631	0.03212	0.53055	0.02019	0.04114	0.02910	0.02577	0.01618	0.01885	0.01361	0.01071	0.00925	0.00268	0.01828	0.00669	0.00535	0.01239
11	0.01551	0.01105	0.01240	0.01254	0.01344	0.01102	0.00774	0.01815	0.05420	0.02390	0.04546	0.13983	0.10070	0.44268	0.04107	0.00828	0.00905	0.01775	0.00753	0.00769
12	0.02815	0.01412	0.01932	0.01805	0.02267	0.01303	0.01513	0.03275	0.02765	0.23747	0.14588	0.08007	0.05512	0.02166	0.01269	0.00397	0.00855	0.21945	0.01137	0.01291
13	0.01314	0.00953	0.01247	0.01473	0.01571	0.00887	0.01017	0.01526	0.02084	0.02744	0.06210	0.54404	0.10917	0.03233	0.01349	0.00427	0.00632	0.06159	0.00981	0.00870
14	0.03011	0.38994	0.04811	0.06951	0.08707	0.03369	0.05490	0.03456	0.02330	0.10957	0.02011	0.02245	0.01602	0.00981	0.00843	0.00269	0.01175	0.00755	0.00597	0.01447
15	0.02651	0.02847	0.02225	0.02122	0.02418	0.24868	0.01571	0.03044	0.06355	0.02669	0.03082	0.15126	0.03202	0.08877	0.01982	0.05176	0.05858	0.04180	0.00695	0.01049
16	0.02827	0.63478	0.05540	0.01809	0.02714	0.04184	0.01809	0.03166	0.02148	0.02488	0.01470	0.01696	0.01357	0.00905	0.00678	0.00226	0.01131	0.00565	0.00452	0.01357

[dist]
# distance from previous block
# <min> <max>
0	4

[block]
# block no. 1 follows, 13 sequences, length 38
# corresponding to MSA columns:
# 509-546
name=unknown_B
#
# <colnr> <probs for GDERKNQSTAVLIFYWHMCP>
#	G	D	E	R	K	N	Q	S	T	A	V	L	I	F	Y	W	H	M	C	P
0	0.02627	0.02057	0.02766	0.02302	0.06593	0.01825	0.06071	0.07268	0.06347	0.08229	0.02337	0.02630	0.01828	0.01136	0.01141	0.04966	0.00961	0.00831	0.00727	0.37360
1	0.14615	0.12603	0.03199	0.15262	0.08112	0.02619	0.01997	0.09940	0.02560	0.07754	0.02008	0.02352	0.01541	0.01019	0.00884	0.00290	0.01089	0.00780	0.00668	0.10709
2	0.55195	0.01988	0.01761	0.01504	0.02196	0.02183	0.01239	0.03579	0.02082	0.16786	0.02094	0.02151	0.01484	0.01057	0.00749	0.00327	0.00837	0.00686	0.00805	0.01296
3	0.03179	0.02954	0.14244	0.02488	0.06647	0.06735	0.02176	0.12222	0.03145	0.17750	0.13648	0.03800	0.03548	0.01369	0.01077	0.00323	0.01112	0.01118	0.00934	0.01528
4	0.01447	0.01016	0.01296	0.01360	0.01448	0.01007	0.00904	0.01644	0.01969	0.02695	0.13210	0.24386	0.05761	0.25810	0.10537	0.00804	0.01045	0.02018	0.00831	0.00814
5	0.01997	0.01879	0.03171	0.60301	0.07282	0.02349	0.02936	0.02701	0.02114	0.02701	0.01879	0.02819	0.01409	0.01057	0.01057	0.00352	0.01409	0.00940	0.00470	0.01175
6	0.01506	0.01029	0.01247	0.01336	0.01383	0.01015	0.00866	0.01615	0.01772	0.02351	0.04205	0.19895	0.04858	0.41196	0.03935	0.00817	0.00926	0.08551	0.00763	0.00736
7	0.04744	0.01799	0.02454	0.01881	0.02699	0.01554	0.01554	0.05153	0.03026	0.56979	0.04171	0.03599	0.02617	0.01309	0.01063	0.00327	0.00900	0.01063	0.01309	0.01799
8	0.04744	0.01799	0.02454	0.01881	0.02699	0.01554	0.01554	0.05153	0.03026	0.56979	0.04171	0.03599	0.02617	0.01309	0.01063	0.00327	0.00900	0.01063	0.01309	0.01799
9	0.01288	0.00920	0.01227	0.01472	0.01534	0.00859	0.00981	0.01472	0.02024	0.02699	0.05828	0.62152	0.06993	0.03312	0.01350	0.00429	0.00613	0.03006	0.00981	0.00859
10	0.02496	0.02852	0.06239	0.04456	0.05526	0.02674	0.52406	0.03387	0.02496	0.03387	0.02139	0.02852	0.01604	0.00891	0.01248	0.00357	0.01783	0.01248	0.00535	0.01426
11	0.04019	0.02962	0.03173	0.02433	0.03279	0.03279	0.02010	0.52721	0.04971	0.06663	0.02538	0.02538	0.01798	0.01269	0.01058	0.00317	0.01163	0.00952	0.01058	0.01798
12	0.02669	0.08348	0.16926	0.02219	0.03249	0.06521	0.02187	0.10926	0.06222	0.03840	0.02098	0.02313	0.01624	0.00992	0.00906	0.00255	0.01159	0.00754	0.00657	0.26134
13	0.03567	0.01676	0.02131	0.01779	0.02395	0.01584	0.01414	0.04412	0.11723	0.34362	0.08697	0.09893	0.03792	0.01598	0.01087	0.00338	0.00798	0.01347	0.05846	0.01560
14	0.70310	0.02045	0.01554	0.01390	0.02045	0.02372	0.01145	0.03108	0.01799	0.04744	0.01472	0.01718	0.01145	0.00981	0.00654	0.00327	0.00818	0.00573	0.00654	0.01145
15	0.02110	0.01995	0.03376	0.50461	0.16235	0.02379	0.02993	0.02801	0.02168	0.02839	0.01899	0.02782	0.01458	0.01036	0.01055	0.00345	0.01381	0.00940	0.00480	0.01266
16	0.03090	0.01962	0.03061	0.29244	0.05043	0.02114	0.05978	0.03929	0.07685	0.22540	0.02969	0.03216	0.02042	0.01173	0.01075	0.00344	0.01196	0.01033	0.00838	0.01469
17	0.01288	0.00920	0.01227	0.01472	0.01534	0.00859	0.00981	0.01472	0.02024	0.02699	0.05828	0.62152	0.06993	0.03312	0.01350	0.00429	0.00613	0.03006	0.00981	0.00859
18	0.01288	0.00920	0.01227	0.01472	0.01534	0.00859	0.00981	0.01472	0.02024	0.02699	0.05828	0.62152	0.06993	0.03312	0.01350	0.00429	0.00613	0.03006	0.00981	0.00859
19	0.02455	0.02528	0.09323	0.16116	0.04796	0.02268	0.20155	0.07276	0.02637	0.07311	0.07077	0.07797	0.02749	0.01296	0.01159	0.00352	0.01362	0.01285	0.00698	0.01361
20	0.02288	0.02558	0.07828	0.40832	0.11263	0.07431	0.02882	0.03151	0.05881	0.02942	0.02039	0.02746	0.01553	0.01070	0.01044	0.00340	0.01412	0.00921	0.00522	0.01297
21	0.03354	0.01683	0.01952	0.01599	0.02168	0.01666	0.01287	0.14037	0.03078	0.22674	0.03503	0.03527	0.02485	0.01266	0.00918	0.00289	0.00774	0.01005	0.31299	0.01436
22	0.70310	0.02045	0.01554	0.01390	0.02045	0.02372	0.01145	0.03108	0.01799	0.04744	0.01472	0.01718	0.01145	0.00981	0.00654	0.00327	0.00818	0.00573	0.00654	0.01145
23	0.02059	0.01942	0.03283	0.54929	0.12170	0.02365	0.02967	0.02756	0.02143	0.02777	0.01890	0.02799	0.01436	0.01046	0.01056	0.00349	0.01394	0.00940	0.00475	0.01224
24	0.02769	0.21512	0.04588	0.18180	0.04671	0.03178	0.13327	0.12983	0.02779	0.03577	0.01941	0.02420	0.01514	0.01015	0.00981	0.00307	0.01356	0.00893	0.00596	0.01411
25	0.02742	0.01798	0.02294	0.07487	0.02958	0.01507	0.01475	0.03222	0.02450	0.16491	0.06575	0.03037	0.02453	0.01045	0.00914	0.00231	0.00852	0.00863	0.00819	0.40787
26	0.02846	0.54094	0.10017	0.01960	0.02920	0.03966	0.02011	0.06613	0.02351	0.02854	0.01582	0.01802	0.01386	0.00939	0.00734	0.00242	0.01172	0.00611	0.00494	0.01406
27	0.02827	0.63478	0.05540	0.01809	0.02714	0.04184	0.01809	0.03166	0.02148	0.02488	0.01470	0.01696	0.01357	0.00905	0.00678	0.00226	0.01131	0.00565	0.00452	0.01357
28	0.01256	0.01047	0.01096	0.01136	0.01445	0.00887	0.00832	0.01510	0.02348	0.02831	0.09921	0.18584	0.47919	0.02780	0.01266	0.00369	0.00548	0.02357	0.00982	0.00887
29	0.04019	0.02962	0.03173	0.02433	0.03279	0.03279	0.02010	0.52721	0.04971	0.06663	0.02538	0.02538	0.01798	0.01269	0.01058	0.00317	0.01163	0.00952	0.01058	0.01798
30	0.04019	0.02962	0.03173	0.02433	0.03279	0.03279	0.02010	0.52721	0.04971	0.06663	0.02538	0.02538	0.01798	0.01269	0.01058	0.00317	0.01163	0.00952	0.01058	0.01798
31	0.01250	0.01071	0.01071	0.01071	0.01428	0.00893	0.00803	0.01517	0.02410	0.02856	0.10711	0.10175	0.55817	0.02678	0.01250	0.00357	0.00536	0.02231	0.00982	0.00893
32	0.01496	0.01081	0.01413	0.01330	0.01580	0.00998	0.00998	0.01995	0.02993	0.04240	0.55689	0.07898	0.09976	0.02162	0.01247	0.00333	0.00499	0.01912	0.01164	0.00998
33	0.01344	0.00959	0.01274	0.01453	0.01533	0.00923	0.00981	0.01550	0.02021	0.02728	0.08833	0.48476	0.06549	0.08956	0.06583	0.00584	0.00831	0.02638	0.00928	0.00856
34	0.01496	0.01081	0.01413	0.01330	0.01580	0.00998	0.00998	0.01995	0.02993	0.04240	0.55689	0.07898	0.09976	0.02162	0.01247	0.00333	0.00499	0.01912	0.01164	0.00998
35	0.02164	0.05198	0.52696	0.02940	0.04421	0.02470	0.03717	0.03541	0.06656	0.03440	0.02102	0.02378	0.01500	0.01041	0.01011	0.00337	0.01501	0.00816	0.00500	0.01572
36	0.02696	0.02346	0.07168	0.23279	0.17856	0.02205	0.06802	0.03362	0.02392	0.12534	0.02330	0.02815	0.01711	0.01032	0.01045	0.00321	0.01271	0.00950	0.00647	0.07239
37	0.19753	0.15028	0.06803	0.02069	0.02857	0.11816	0.01825	0.11439	0.07154	0.08807	0.02175	0.02264	0.01645	0.01098	0.00866	0.00300	0.01168	0.00759	0.00740	0.01434

[dist]
# distance from previous block
# <min> <max>
1	14

[block]
# block no. 2 follows, 13 sequences, length 15
# corresponding to MSA columns:
# 561-575
name=unknown_C
#
# <colnr> <probs for GDERKNQSTAVLIFYWHMCP>
#	G	D	E	R	K	N	Q	S	T	A	V	L	I	F	Y	W	H	M	C	P
0	0.03142	0.02111	0.02564	0.02107	0.02546	0.02429	0.01710	0.18167	0.02972	0.13497	0.02701	0.03226	0.02129	0.06320	0.02041	0.00406	0.18061	0.01015	0.11462	0.01396
1	0.01631	0.01285	0.01831	0.01764	0.01894	0.01549	0.01352	0.01925	0.01661	0.02401	0.02707	0.04346	0.02661	0.16139	0.41885	0.01409	0.10904	0.01170	0.00564	0.00924
2	0.01619	0.01114	0.01285	0.01244	0.01556	0.00978	0.00914	0.01922	0.02488	0.07519	0.19515	0.14007	0.31899	0.07281	0.01571	0.00409	0.00603	0.02084	0.01024	0.00968
3	0.02481	0.02373	0.04046	0.18286	0.45513	0.02476	0.03177	0.03126	0.02343	0.03289	0.01965	0.02661	0.01617	0.00967	0.01049	0.00322	0.01290	0.00942	0.00512	0.01565
4	0.04095	0.02841	0.03098	0.02375	0.03219	0.03099	0.01962	0.47772	0.04769	0.11898	0.02708	0.02649	0.01883	0.01273	0.01058	0.00318	0.01136	0.00964	0.01084	0.01798
5	0.02649	0.26071	0.32904	0.02460	0.03707	0.02987	0.02903	0.03470	0.02285	0.08617	0.01979	0.02180	0.01479	0.01000	0.00893	0.00295	0.01337	0.00733	0.00538	0.01513
6	0.04744	0.01799	0.02454	0.01881	0.02699	0.01554	0.01554	0.05153	0.03026	0.56979	0.04171	0.03599	0.02617	0.01309	0.01063	0.00327	0.00900	0.01063	0.01309	0.01799
7	0.01376	0.01076	0.01247	0.01204	0.01506	0.00947	0.00903	0.01763	0.02710	0.03567	0.33826	0.09005	0.32259	0.02412	0.01248	0.00344	0.00517	0.02067	0.01075	0.00947
8	0.01358	0.01015	0.01420	0.07306	0.02104	0.01007	0.01175	0.01594	0.02033	0.02699	0.05436	0.56268	0.06439	0.03089	0.01321	0.00422	0.00692	0.02801	0.00931	0.00890
9	0.01997	0.01879	0.03171	0.60301	0.07282	0.02349	0.02936	0.02701	0.02114	0.02701	0.01879	0.02819	0.01409	0.01057	0.01057	0.00352	0.01409	0.00940	0.00470	0.01175
10	0.01250	0.01071	0.01071	0.01071	0.01428	0.00893	0.00803	0.01517	0.02410	0.02856	0.10711	0.10175	0.55817	0.02678	0.01250	0.00357	0.00536	0.02231	0.00982	0.00893
11	0.36175	0.01917	0.02022	0.01646	0.02385	0.01946	0.01358	0.04173	0.02438	0.31938	0.02877	0.02697	0.01912	0.01152	0.00867	0.00327	0.00860	0.00828	0.00995	0.01486
12	0.03026	0.02109	0.03283	0.07709	0.10604	0.02124	0.10517	0.06903	0.10695	0.17098	0.07111	0.03572	0.02782	0.01415	0.01320	0.05103	0.01116	0.01138	0.00881	0.01493
13	0.11251	0.06900	0.02989	0.22177	0.11988	0.02248	0.02204	0.03115	0.02193	0.11164	0.02301	0.02879	0.01782	0.02116	0.09857	0.00537	0.01431	0.00911	0.00641	0.01318
14	0.01344	0.00953	0.01257	0.01479	0.01549	0.00902	0.01005	0.01534	0.02011	0.02674	0.05577	0.53128	0.06629	0.08831	0.01734	0.00489	0.00680	0.06429	0.00949	0.00847

[dist]
# distance from previous block
# <min> <max>
2	7

[block]
# block no. 3 follows, 13 sequences, length 36
# corresponding to MSA columns:
# 583-618
name=unknown_D
#
# <colnr> <probs for GDERKNQSTAVLIFYWHMCP>
#	G	D	E	R	K	N	Q	S	T	A	V	L	I	F	Y	W	H	M	C	P
0	0.01912	0.01565	0.01857	0.01500	0.02135	0.01240	0.01124	0.02266	0.02083	0.03123	0.02952	0.16625	0.03070	0.08000	0.01406	0.00313	0.00769	0.01276	0.00710	0.46071
1	0.08996	0.01270	0.01454	0.01476	0.01664	0.01323	0.01021	0.06268	0.02095	0.03063	0.04098	0.29602	0.04633	0.20403	0.07236	0.00687	0.00990	0.01982	0.00820	0.00917
2	0.09470	0.01897	0.02124	0.01547	0.02456	0.01512	0.01241	0.02710	0.02150	0.03584	0.01836	0.02142	0.01521	0.00804	0.00769	0.00175	0.00787	0.00621	0.00629	0.62024
3	0.02279	0.01319	0.01904	0.01730	0.02069	0.01204	0.05118	0.02551	0.02258	0.16131	0.05062	0.30334	0.08392	0.12236	0.01917	0.00490	0.00838	0.02092	0.00972	0.01104
4	0.02520	0.01259	0.01677	0.01560	0.01912	0.01135	0.01156	0.02834	0.02533	0.21383	0.15492	0.27220	0.05917	0.06449	0.01506	0.00415	0.00715	0.02019	0.01107	0.01192
5	0.13648	0.01907	0.02565	0.08463	0.07867	0.01841	0.01794	0.04428	0.02698	0.38932	0.03345	0.03159	0.02193	0.01202	0.01003	0.00329	0.00974	0.00969	0.01055	0.01628
6	0.03301	0.01671	0.02408	0.01943	0.02564	0.01532	0.05659	0.03947	0.06655	0.30895	0.17827	0.08695	0.04832	0.01646	0.01148	0.00340	0.00843	0.01447	0.01166	0.01481
7	0.02756	0.01330	0.01727	0.01532	0.01941	0.01191	0.01145	0.03056	0.02529	0.24796	0.12827	0.16910	0.09022	0.12064	0.01873	0.00465	0.00773	0.01749	0.01086	0.01227
8	0.32432	0.01877	0.01664	0.01626	0.02064	0.06761	0.01265	0.02769	0.02123	0.07314	0.03385	0.20643	0.03503	0.01903	0.00998	0.00369	0.00877	0.06515	0.00819	0.01094
9	0.11046	0.06859	0.05825	0.01623	0.02177	0.01816	0.01352	0.06532	0.02247	0.08102	0.06059	0.03868	0.02736	0.16071	0.02302	0.07822	0.00961	0.01025	0.00721	0.10856
10	0.02506	0.01531	0.01912	0.01541	0.02146	0.01274	0.01190	0.02906	0.02504	0.15992	0.15371	0.08475	0.04357	0.06935	0.01406	0.00334	0.00754	0.01277	0.00938	0.26650
11	0.01450	0.01025	0.01304	0.01328	0.01470	0.00967	0.00912	0.01750	0.02401	0.03327	0.30368	0.22255	0.07778	0.16288	0.02216	0.00516	0.00649	0.02121	0.00996	0.00879
12	0.02192	0.01879	0.02192	0.01566	0.02506	0.01409	0.01253	0.02662	0.02192	0.03445	0.01879	0.02192	0.01566	0.00783	0.00783	0.00157	0.00783	0.00626	0.00626	0.69305
13	0.12460	0.01687	0.02135	0.19974	0.03645	0.01897	0.01722	0.02869	0.10475	0.03293	0.03200	0.16236	0.03106	0.06599	0.01395	0.00408	0.00975	0.01408	0.00734	0.05780
14	0.02068	0.01459	0.01730	0.01407	0.01902	0.01229	0.01014	0.02355	0.02092	0.07222	0.08367	0.04731	0.03424	0.24843	0.02624	0.00523	0.00855	0.01149	0.00743	0.30264
15	0.01514	0.01161	0.01347	0.01399	0.01606	0.01134	0.00974	0.02077	0.08799	0.03012	0.11669	0.27865	0.17531	0.12649	0.01948	0.00492	0.00680	0.02238	0.00957	0.00949
16	0.14820	0.02042	0.03104	0.38134	0.16518	0.02387	0.02668	0.02890	0.02117	0.03238	0.01826	0.02572	0.01416	0.01019	0.00980	0.00340	0.01268	0.00872	0.00515	0.01273
17	0.02827	0.63478	0.05540	0.01809	0.02714	0.04184	0.01809	0.03166	0.02148	0.02488	0.01470	0.01696	0.01357	0.00905	0.00678	0.00226	0.01131	0.00565	0.00452	0.01357
18	0.11645	0.01689	0.01976	0.01726	0.02227	0.01716	0.01327	0.06953	0.10066	0.20749	0.03700	0.13077	0.03177	0.06021	0.01679	0.07757	0.00862	0.01346	0.00985	0.01323
19	0.01725	0.01090	0.01382	0.01349	0.01533	0.01023	0.00933	0.02008	0.02377	0.07458	0.26465	0.17731	0.07000	0.20325	0.02479	0.00556	0.00709	0.01945	0.00985	0.00928
20	0.01510	0.01133	0.01699	0.01699	0.01888	0.01322	0.01322	0.01888	0.01699	0.02454	0.02832	0.04154	0.02643	0.07930	0.58652	0.01699	0.02832	0.01133	0.00566	0.00944
21	0.08285	0.53039	0.04936	0.01806	0.02663	0.03898	0.01743	0.03380	0.06771	0.02843	0.01723	0.01898	0.01506	0.00958	0.00712	0.00246	0.01079	0.00622	0.00524	0.01368
22	0.02728	0.01726	0.02786	0.13300	0.03603	0.01727	0.09198	0.05515	0.02442	0.17315	0.03412	0.15955	0.03046	0.01933	0.01542	0.09135	0.01082	0.01465	0.00842	0.01249
23	0.01458	0.01079	0.01359	0.01289	0.01556	0.00981	0.00967	0.01920	0.02901	0.04022	0.48612	0.08256	0.17188	0.02243	0.01247	0.00336	0.00505	0.01962	0.01135	0.00981
24	0.04744	0.01799	0.02454	0.01881	0.02699	0.01554	0.01554	0.05153	0.03026	0.56979	0.04171	0.03599	0.02617	0.01309	0.01063	0.00327	0.00900	0.01063	0.01309	0.01799
25	0.03356	0.36192	0.04394	0.02186	0.02971	0.20619	0.01912	0.11252	0.02849	0.03172	0.01687	0.01892	0.01428	0.01018	0.00822	0.00255	0.01372	0.00661	0.00575	0.01386
26	0.03955	0.04864	0.03011	0.02699	0.03270	0.53938	0.02040	0.08307	0.03163	0.02931	0.01710	0.01960	0.01399	0.01105	0.00962	0.00276	0.01844	0.00704	0.00588	0.01274
27	0.01997	0.01879	0.03171	0.60301	0.07282	0.02349	0.02936	0.02701	0.02114	0.02701	0.01879	0.02819	0.01409	0.01057	0.01057	0.00352	0.01409	0.00940	0.00470	0.01175
28	0.10273	0.01249	0.01681	0.01660	0.01908	0.01455	0.01299	0.02043	0.01712	0.02746	0.02659	0.03843	0.02452	0.07045	0.51265	0.01524	0.02576	0.01061	0.00578	0.00970
29	0.03453	0.07698	0.06683	0.02263	0.02942	0.18780	0.01888	0.17275	0.03241	0.10663	0.02690	0.07590	0.02294	0.06206	0.01362	0.00365	0.01316	0.01060	0.00814	0.01415
30	0.10102	0.01141	0.01194	0.01250	0.01498	0.01091	0.00878	0.01709	0.02077	0.02924	0.06871	0.24889	0.25576	0.11892	0.01839	0.00478	0.00671	0.02156	0.00888	0.00875
31	0.10176	0.01104	0.01240	0.01339	0.01452	0.01116	0.00871	0.01706	0.01808	0.02709	0.04308	0.33113	0.05031	0.26017	0.02819	0.00647	0.00799	0.02129	0.00808	0.00811
32	0.61634	0.02024	0.01635	0.01413	0.02103	0.02249	0.01159	0.03051	0.01849	0.04578	0.01524	0.01778	0.01199	0.00956	0.00671	0.00305	0.00813	0.00579	0.00651	0.09827
33	0.02353	0.02340	0.03209	0.31618	0.17866	0.09391	0.02721	0.02953	0.02343	0.02935	0.02407	0.03958	0.02137	0.01300	0.01099	0.00352	0.01373	0.07807	0.00564	0.01273
34	0.02414	0.02143	0.03119	0.18206	0.20720	0.02357	0.02428	0.06848	0.14762	0.03807	0.09381	0.03647	0.03037	0.01264	0.01082	0.00337	0.01094	0.01125	0.00757	0.01470
35	0.06692	0.47381	0.04680	0.01828	0.02694	0.08142	0.01719	0.03184	0.02203	0.02747	0.01536	0.01778	0.01372	0.00908	0.00713	0.00227	0.01132	0.00583	0.00494	0.09989

[dist]
# distance from previous block
# <min> <max>
4	823

# created by:
# /st0/software/busco_prod/Augustus/scripts/msa2prfl.pl ./align_prep/10273.fa
