[name]
unknown

[dist]
# distance from previous block
# <min> <max>
0	80

[block]
# block no. 0 follows, 15 sequences, length 41
# corresponding to MSA columns:
# 80-120
name=unknown_A
#
# <colnr> <probs for GDERKNQSTAVLIFYWHMCP>
#	G	D	E	R	K	N	Q	S	T	A	V	L	I	F	Y	W	H	M	C	P
0	0.02151	0.01533	0.02196	0.05601	0.02702	0.01566	0.05431	0.09364	0.02614	0.07567	0.04376	0.11638	0.04458	0.02221	0.01256	0.00407	0.00993	0.31918	0.00895	0.01113
1	0.06622	0.02296	0.02738	0.06466	0.03177	0.02533	0.05037	0.24879	0.18152	0.08022	0.03048	0.03516	0.02361	0.01315	0.01024	0.00328	0.01019	0.05038	0.00921	0.01507
2	0.11465	0.02254	0.02911	0.14127	0.14273	0.02446	0.02121	0.21687	0.03088	0.12634	0.02284	0.02512	0.01645	0.01073	0.00950	0.00307	0.01081	0.00866	0.00786	0.01489
3	0.02721	0.01277	0.01719	0.01591	0.01980	0.01155	0.01224	0.03010	0.02336	0.27625	0.04581	0.25763	0.04416	0.07426	0.01486	0.00416	0.00774	0.08269	0.01033	0.01197
4	0.01236	0.00902	0.01170	0.01376	0.01476	0.00836	0.00952	0.01438	0.01975	0.02590	0.05994	0.54686	0.12315	0.03032	0.01269	0.00401	0.00593	0.06015	0.00925	0.00820
5	0.02972	0.01841	0.02754	0.07187	0.21174	0.01804	0.02002	0.03638	0.07090	0.23616	0.07280	0.08474	0.03009	0.01332	0.01033	0.00317	0.00935	0.01181	0.00883	0.01478
6	0.02502	0.02447	0.04379	0.09202	0.36459	0.02456	0.16825	0.07232	0.02466	0.03432	0.01947	0.02534	0.01553	0.00908	0.01039	0.00309	0.01320	0.00966	0.00533	0.01493
7	0.01408	0.01002	0.01339	0.01482	0.01631	0.00964	0.01128	0.01727	0.02199	0.02958	0.16802	0.29273	0.06675	0.07983	0.01607	0.00450	0.00701	0.18878	0.00934	0.00857
8	0.01846	0.01139	0.01352	0.01299	0.01458	0.01127	0.00853	0.02184	0.06453	0.08910	0.07385	0.14111	0.04254	0.39355	0.03467	0.00715	0.00850	0.01590	0.00789	0.00863
9	0.07070	0.22727	0.17722	0.11924	0.03539	0.02566	0.02229	0.02928	0.02074	0.07537	0.02234	0.09209	0.01976	0.01196	0.00877	0.00295	0.01118	0.00945	0.00565	0.01268
10	0.07929	0.01785	0.02017	0.01463	0.02326	0.01405	0.01173	0.02545	0.02036	0.03351	0.01740	0.02030	0.01443	0.00754	0.00728	0.00161	0.00741	0.00586	0.00593	0.65194
11	0.01617	0.01049	0.01379	0.01437	0.01635	0.00961	0.01036	0.01824	0.02011	0.06486	0.07866	0.36764	0.05403	0.07296	0.01679	0.05295	0.00692	0.07965	0.00870	0.06737
12	0.01372	0.00959	0.01249	0.01298	0.01419	0.00936	0.00899	0.01568	0.01981	0.02700	0.17477	0.23273	0.09287	0.14578	0.10317	0.06267	0.00926	0.01887	0.00816	0.00788
13	0.03455	0.12089	0.07925	0.02535	0.09493	0.09936	0.01982	0.08379	0.06760	0.23577	0.02699	0.02641	0.01908	0.01091	0.00929	0.00288	0.01113	0.00850	0.00828	0.01523
14	0.03357	0.01881	0.02342	0.05575	0.02732	0.01921	0.01584	0.20725	0.03180	0.23758	0.06914	0.03717	0.02729	0.01634	0.01400	0.09233	0.00940	0.04000	0.00977	0.01402
15	0.01628	0.01056	0.01389	0.01498	0.01692	0.01003	0.01149	0.01920	0.02144	0.06951	0.08937	0.27181	0.09482	0.10039	0.01723	0.00471	0.00747	0.19170	0.00920	0.00899
16	0.04323	0.01937	0.02462	0.01888	0.02665	0.01822	0.01559	0.15941	0.03255	0.47786	0.03595	0.03174	0.02298	0.01226	0.01001	0.00306	0.00903	0.00979	0.01182	0.01696
17	0.02323	0.02139	0.02633	0.12549	0.13663	0.06863	0.01916	0.06570	0.08703	0.03484	0.10005	0.03183	0.02763	0.01117	0.00951	0.00270	0.01000	0.00951	0.00689	0.18228
18	0.02588	0.02153	0.02641	0.24624	0.04226	0.06118	0.02039	0.13142	0.10610	0.07004	0.02416	0.02809	0.01825	0.01626	0.06003	0.00412	0.01273	0.00906	0.00704	0.06882
19	0.01424	0.01068	0.01602	0.01602	0.01780	0.01246	0.01246	0.01780	0.01602	0.02314	0.02670	0.03916	0.02492	0.07477	0.61015	0.01602	0.02670	0.01068	0.00534	0.00890
20	0.02127	0.02212	0.04320	0.33305	0.09730	0.02359	0.25543	0.02863	0.02169	0.02877	0.01885	0.02658	0.01426	0.00921	0.01074	0.00331	0.01472	0.01012	0.00473	0.01243
21	0.16604	0.01818	0.02299	0.10846	0.03112	0.01821	0.01616	0.07268	0.02622	0.37398	0.03040	0.02891	0.01991	0.01139	0.00930	0.00311	0.00921	0.00892	0.00986	0.01493
22	0.03220	0.01687	0.02316	0.01882	0.02472	0.01629	0.05066	0.04081	0.14431	0.30391	0.09734	0.03833	0.03229	0.01587	0.01378	0.08659	0.00852	0.01116	0.01026	0.01411
23	0.01394	0.01006	0.01318	0.01265	0.01486	0.00930	0.00939	0.01840	0.02745	0.03875	0.53769	0.12248	0.09169	0.02130	0.01184	0.00321	0.00479	0.01890	0.01083	0.00930
24	0.66383	0.01859	0.01476	0.01334	0.01916	0.02157	0.01093	0.02839	0.01689	0.04301	0.01490	0.01802	0.01192	0.01447	0.05429	0.00412	0.00922	0.00582	0.00610	0.01065
25	0.02989	0.11445	0.07831	0.02600	0.10451	0.09896	0.01980	0.07027	0.02480	0.16065	0.02552	0.06749	0.02089	0.01757	0.06098	0.00408	0.04525	0.00967	0.00717	0.01373
26	0.02225	0.03812	0.33798	0.03629	0.18574	0.02293	0.05862	0.06720	0.02397	0.03468	0.06052	0.02648	0.01995	0.01024	0.00990	0.00310	0.01306	0.00890	0.00535	0.01471
27	0.01215	0.00868	0.01157	0.01388	0.01446	0.00810	0.00925	0.01388	0.01909	0.02545	0.05495	0.64315	0.06593	0.03123	0.01272	0.00405	0.00578	0.02834	0.00925	0.00810
28	0.03068	0.01994	0.02694	0.25779	0.04327	0.02181	0.02057	0.17981	0.02997	0.18771	0.03012	0.03187	0.05087	0.01206	0.01009	0.00317	0.01087	0.00992	0.00838	0.01414
29	0.02434	0.02378	0.04109	0.05671	0.49742	0.02439	0.07134	0.03014	0.02214	0.03179	0.01839	0.02461	0.01551	0.00957	0.01195	0.00311	0.06455	0.00910	0.00489	0.01519
30	0.01479	0.01144	0.01675	0.01632	0.01804	0.01340	0.01276	0.01839	0.01755	0.02540	0.09806	0.04248	0.03305	0.06343	0.48936	0.01348	0.06869	0.01149	0.00600	0.00912
31	0.72007	0.01928	0.01465	0.01311	0.01928	0.02236	0.01080	0.02930	0.01697	0.04473	0.01388	0.01619	0.01080	0.00925	0.00617	0.00308	0.00771	0.00540	0.00617	0.01080
32	0.01215	0.00868	0.01157	0.01388	0.01446	0.00810	0.00925	0.01388	0.01909	0.02545	0.05495	0.64315	0.06593	0.03123	0.01272	0.00405	0.00578	0.02834	0.00925	0.00810
33	0.01883	0.01772	0.02990	0.62569	0.06866	0.02215	0.02769	0.02547	0.01993	0.02547	0.01772	0.02658	0.01329	0.00997	0.00997	0.00332	0.01329	0.00886	0.00443	0.01107
34	0.01431	0.01041	0.01465	0.01465	0.01595	0.01172	0.01075	0.01692	0.01562	0.02213	0.02796	0.04611	0.02794	0.22800	0.46104	0.01433	0.02216	0.01170	0.00553	0.00814
35	0.02454	0.46440	0.22502	0.02065	0.03115	0.03429	0.02332	0.03040	0.02051	0.02602	0.01514	0.01759	0.01274	0.00883	0.00737	0.00246	0.01195	0.00598	0.00425	0.01341
36	0.02665	0.65565	0.05224	0.01706	0.02559	0.03945	0.01706	0.02985	0.02026	0.02345	0.01386	0.01599	0.01279	0.00853	0.00640	0.00213	0.01066	0.00533	0.00426	0.01279
37	0.01215	0.00868	0.01157	0.01388	0.01446	0.00810	0.00925	0.01388	0.01909	0.02545	0.05495	0.64315	0.06593	0.03123	0.01272	0.00405	0.00578	0.02834	0.00925	0.00810
38	0.01602	0.01404	0.02401	0.02132	0.02425	0.01468	0.11924	0.01991	0.01898	0.02619	0.03584	0.24437	0.03829	0.03969	0.20862	0.00787	0.05757	0.05262	0.00680	0.00969
39	0.02611	0.61199	0.04934	0.01653	0.02464	0.03741	0.01638	0.02940	0.02030	0.02438	0.01512	0.01742	0.01365	0.00874	0.00644	0.00215	0.01025	0.00560	0.05160	0.01256
40	0.02097	0.07022	0.17917	0.01940	0.02920	0.01893	0.01962	0.02709	0.02036	0.03103	0.01718	0.02054	0.01394	0.00873	0.00966	0.00218	0.05354	0.00646	0.00523	0.42654

[dist]
# distance from previous block
# <min> <max>
0	1

[block]
# block no. 1 follows, 15 sequences, length 80
# corresponding to MSA columns:
# 122-129,134-205
name=unknown_B
#
# <colnr> <probs for GDERKNQSTAVLIFYWHMCP>
#	G	D	E	R	K	N	Q	S	T	A	V	L	I	F	Y	W	H	M	C	P
0	0.01962	0.01843	0.03230	0.03510	0.19409	0.01867	0.13515	0.02421	0.02051	0.02847	0.02977	0.16186	0.03066	0.07601	0.05010	0.00480	0.05667	0.04570	0.00619	0.01168
1	0.02901	0.52039	0.04690	0.01898	0.02675	0.16626	0.01755	0.03207	0.02203	0.02366	0.01420	0.01643	0.01280	0.00892	0.00697	0.00223	0.01229	0.00557	0.00446	0.01252
2	0.01534	0.02281	0.18946	0.02034	0.02584	0.01387	0.05859	0.02051	0.02001	0.02776	0.04129	0.41146	0.04623	0.02303	0.01168	0.00373	0.00928	0.02085	0.00743	0.01048
3	0.02741	0.61196	0.05052	0.01768	0.02596	0.08041	0.01722	0.03057	0.02083	0.02352	0.01397	0.01613	0.01280	0.00865	0.00658	0.00216	0.01119	0.00541	0.00433	0.01270
4	0.01506	0.01119	0.01415	0.01323	0.01588	0.01078	0.00997	0.02186	0.07651	0.04013	0.53388	0.07114	0.08838	0.01977	0.01161	0.00316	0.00499	0.01743	0.01090	0.00997
5	0.12891	0.15151	0.03137	0.01961	0.02730	0.06442	0.06043	0.04012	0.02484	0.31505	0.02735	0.02613	0.01872	0.01066	0.00884	0.00288	0.01021	0.00833	0.00872	0.01460
6	0.01999	0.05157	0.59800	0.02841	0.04315	0.02315	0.03683	0.03157	0.02105	0.03157	0.01789	0.02105	0.01263	0.00947	0.00947	0.00316	0.01473	0.00737	0.00421	0.01473
7	0.04473	0.01697	0.02313	0.01774	0.02545	0.01465	0.01465	0.04858	0.02853	0.59437	0.03933	0.03393	0.02468	0.01234	0.01003	0.00308	0.00848	0.01003	0.01234	0.01697
8	0.01215	0.00868	0.01157	0.01388	0.01446	0.00810	0.00925	0.01388	0.01909	0.02545	0.05495	0.64315	0.06593	0.03123	0.01272	0.00405	0.00578	0.02834	0.00925	0.00810
9	0.02216	0.07450	0.03662	0.31617	0.30208	0.02432	0.02811	0.02818	0.02122	0.02854	0.01786	0.02481	0.01439	0.00935	0.00962	0.00306	0.01241	0.00857	0.00465	0.01338
10	0.01883	0.01772	0.02990	0.62569	0.06866	0.02215	0.02769	0.02547	0.01993	0.02547	0.01772	0.02658	0.01329	0.00997	0.00997	0.00332	0.01329	0.00886	0.00443	0.01107
11	0.01215	0.00868	0.01157	0.01388	0.01446	0.00810	0.00925	0.01388	0.01909	0.02545	0.05495	0.64315	0.06593	0.03123	0.01272	0.00405	0.00578	0.02834	0.00925	0.00810
12	0.02276	0.01912	0.02175	0.01623	0.02458	0.01640	0.01298	0.07604	0.09633	0.03642	0.02133	0.02317	0.01705	0.00861	0.00798	0.00187	0.00777	0.00690	0.00684	0.55587
13	0.02380	0.02180	0.03760	0.02967	0.08278	0.01898	0.22679	0.02988	0.02251	0.07098	0.02026	0.02438	0.01568	0.00825	0.00951	0.00246	0.01156	0.00876	0.00593	0.32843
14	0.02294	0.31886	0.35651	0.02339	0.03538	0.03036	0.02808	0.03081	0.02070	0.02798	0.01611	0.01881	0.01270	0.00905	0.00811	0.00270	0.01293	0.00647	0.00423	0.01387
15	0.01866	0.02870	0.26927	0.01981	0.02791	0.01575	0.02172	0.02631	0.02511	0.07219	0.30065	0.04852	0.05401	0.01510	0.01065	0.00314	0.00933	0.01285	0.00811	0.01222
16	0.01525	0.01261	0.01834	0.21848	0.03275	0.01347	0.01529	0.02011	0.02407	0.03235	0.29173	0.09952	0.13131	0.01827	0.01122	0.00329	0.00771	0.01605	0.00843	0.00974
17	0.02176	0.35593	0.08483	0.01760	0.02391	0.02823	0.01687	0.02578	0.02149	0.02789	0.13925	0.08157	0.03462	0.01383	0.01068	0.00279	0.06471	0.01044	0.00612	0.01167
18	0.03257	0.01766	0.06799	0.01831	0.02458	0.01389	0.01617	0.03698	0.02558	0.35725	0.04233	0.12185	0.03568	0.01765	0.01111	0.00353	0.00884	0.12339	0.01061	0.01403
19	0.01883	0.01772	0.02990	0.62569	0.06866	0.02215	0.02769	0.02547	0.01993	0.02547	0.01772	0.02658	0.01329	0.00997	0.00997	0.00332	0.01329	0.00886	0.00443	0.01107
20	0.03374	0.03499	0.02521	0.02289	0.02812	0.36565	0.01771	0.04084	0.11460	0.10397	0.02706	0.03434	0.02250	0.01311	0.00988	0.00301	0.01405	0.06829	0.00738	0.01268
21	0.02206	0.02166	0.04410	0.03229	0.04007	0.02048	0.38948	0.02935	0.02275	0.03349	0.02384	0.02994	0.01822	0.00936	0.01034	0.00305	0.01319	0.01103	0.21309	0.01221
22	0.01883	0.01772	0.02990	0.62569	0.06866	0.02215	0.02769	0.02547	0.01993	0.02547	0.01772	0.02658	0.01329	0.00997	0.00997	0.00332	0.01329	0.00886	0.00443	0.01107
23	0.01212	0.00878	0.01146	0.01361	0.01439	0.00812	0.00913	0.01391	0.01935	0.02555	0.05825	0.60383	0.10311	0.03080	0.01266	0.00400	0.00573	0.02782	0.00925	0.00812
24	0.02294	0.02191	0.03732	0.22898	0.43326	0.02323	0.02973	0.02907	0.02188	0.03046	0.01844	0.02524	0.01505	0.00920	0.00990	0.00307	0.01227	0.00888	0.00478	0.01439
25	0.01883	0.01772	0.02990	0.62569	0.06866	0.02215	0.02769	0.02547	0.01993	0.02547	0.01772	0.02658	0.01329	0.00997	0.00997	0.00332	0.01329	0.00886	0.00443	0.01107
26	0.10499	0.01717	0.02238	0.01732	0.02490	0.01534	0.01431	0.04686	0.02750	0.54533	0.03706	0.03235	0.02344	0.01206	0.00968	0.00308	0.00841	0.00961	0.01179	0.01642
27	0.01687	0.01156	0.01517	0.01593	0.01824	0.01146	0.01272	0.02002	0.02175	0.07453	0.05905	0.24837	0.15716	0.02620	0.01404	0.00405	0.04919	0.20503	0.00915	0.00948
28	0.02665	0.65565	0.05224	0.01706	0.02559	0.03945	0.01706	0.02985	0.02026	0.02345	0.01386	0.01599	0.01279	0.00853	0.00640	0.00213	0.01066	0.00533	0.00426	0.01279
29	0.01250	0.00893	0.01197	0.01428	0.01501	0.00840	0.00986	0.01449	0.01943	0.02584	0.05475	0.59579	0.06517	0.03090	0.01282	0.00410	0.00609	0.07224	0.00925	0.00819
30	0.03688	0.08262	0.03156	0.02280	0.03046	0.10658	0.01883	0.44403	0.04225	0.05458	0.02199	0.02250	0.01608	0.01146	0.00955	0.00287	0.01185	0.00834	0.00887	0.01591
31	0.01703	0.01179	0.01554	0.01708	0.01947	0.01188	0.01438	0.04961	0.02356	0.03187	0.04933	0.16813	0.05288	0.02547	0.01271	0.00419	0.00836	0.37457	0.08267	0.00948
32	0.02467	0.02369	0.04046	0.06119	0.58747	0.02369	0.03059	0.03059	0.02270	0.03257	0.01875	0.02467	0.01579	0.00888	0.00987	0.00296	0.01184	0.00888	0.00493	0.01579
33	0.02181	0.02181	0.03053	0.02617	0.02617	0.03053	0.02181	0.02399	0.01527	0.02399	0.01309	0.02181	0.01309	0.01745	0.03272	0.00436	0.63141	0.00872	0.00436	0.01091
34	0.02711	0.07870	0.14742	0.01967	0.02768	0.02161	0.01912	0.17989	0.03065	0.11725	0.11163	0.04112	0.10716	0.01423	0.01008	0.00304	0.00971	0.01142	0.00862	0.01389
35	0.09771	0.02715	0.18763	0.02087	0.02756	0.05191	0.02075	0.02805	0.01953	0.08836	0.02232	0.02822	0.01813	0.03370	0.22493	0.00779	0.06900	0.00867	0.00575	0.01197
36	0.01215	0.00868	0.01157	0.01388	0.01446	0.00810	0.00925	0.01388	0.01909	0.02545	0.05495	0.64315	0.06593	0.03123	0.01272	0.00405	0.00578	0.02834	0.00925	0.00810
37	0.02401	0.11301	0.02736	0.01742	0.02516	0.02148	0.01455	0.09158	0.06113	0.03476	0.01909	0.02161	0.01568	0.00936	0.00985	0.00213	0.06018	0.00680	0.00632	0.41852
38	0.08451	0.02238	0.03544	0.04907	0.42554	0.02315	0.02633	0.03197	0.02223	0.09742	0.02021	0.02478	0.01616	0.01007	0.01162	0.00311	0.06639	0.00871	0.00584	0.01507
39	0.02152	0.18991	0.47301	0.02581	0.03912	0.02688	0.03230	0.03118	0.02087	0.02971	0.01697	0.01989	0.01267	0.00926	0.00877	0.00292	0.01380	0.00690	0.00422	0.01429
40	0.01516	0.01837	0.12421	0.01740	0.02155	0.01282	0.01573	0.02143	0.06689	0.02866	0.05054	0.35911	0.09792	0.02461	0.01193	0.00383	0.00802	0.08329	0.00836	0.01017
41	0.01951	0.02017	0.04115	0.03165	0.03825	0.01896	0.34481	0.02561	0.02216	0.02983	0.03327	0.21731	0.03381	0.01681	0.01222	0.00367	0.01288	0.05978	0.00664	0.01149
42	0.03491	0.02806	0.19295	0.02514	0.06708	0.01838	0.05815	0.04143	0.02567	0.35898	0.03057	0.02916	0.02000	0.01103	0.00997	0.00312	0.01106	0.00930	0.00904	0.01601
43	0.02059	0.01891	0.03124	0.04028	0.30511	0.01876	0.06876	0.02727	0.06055	0.03285	0.11067	0.15322	0.03804	0.01520	0.01089	0.00326	0.00978	0.01443	0.00703	0.01314
44	0.02353	0.02689	0.05882	0.04202	0.05210	0.02521	0.55126	0.03193	0.02353	0.03193	0.02017	0.02689	0.01513	0.00840	0.01176	0.00336	0.01681	0.01176	0.00504	0.01345
45	0.02480	0.02141	0.02254	0.02029	0.02592	0.02480	0.01578	0.05297	0.56946	0.04170	0.04057	0.03719	0.03043	0.01352	0.01014	0.00338	0.00789	0.01127	0.01014	0.01578
46	0.02067	0.01772	0.02067	0.01477	0.02362	0.01329	0.01181	0.02510	0.02067	0.03248	0.01772	0.02067	0.01477	0.00738	0.00738	0.00148	0.00738	0.00591	0.00591	0.71059
47	0.07427	0.01958	0.13765	0.01555	0.01947	0.01401	0.01395	0.01986	0.01632	0.02461	0.02638	0.04797	0.02745	0.37704	0.11829	0.00863	0.01303	0.01167	0.00556	0.00871
48	0.02367	0.16788	0.15359	0.02321	0.06233	0.12004	0.02057	0.06287	0.02337	0.02912	0.02708	0.18800	0.02759	0.01541	0.00966	0.00305	0.01153	0.01264	0.00617	0.01221
49	0.02348	0.01760	0.02087	0.01781	0.02078	0.01972	0.01349	0.18348	0.02508	0.03441	0.02511	0.07469	0.02488	0.20151	0.02907	0.08852	0.11393	0.01154	0.00697	0.04707
50	0.01424	0.01068	0.01602	0.01602	0.01780	0.01246	0.01246	0.01780	0.01602	0.02314	0.02670	0.03916	0.02492	0.07477	0.61015	0.01602	0.02670	0.01068	0.00534	0.00890
51	0.01284	0.00929	0.01223	0.01399	0.01517	0.00868	0.00996	0.01534	0.02096	0.02796	0.12717	0.47296	0.10063	0.02900	0.01266	0.00395	0.00599	0.08334	0.00947	0.00841
52	0.02499	0.07995	0.04013	0.03472	0.14155	0.02553	0.18700	0.08005	0.15885	0.03615	0.02713	0.03426	0.02216	0.01152	0.01053	0.00324	0.01205	0.04889	0.00693	0.01438
53	0.02372	0.19390	0.22144	0.02012	0.03077	0.02344	0.02171	0.03017	0.02125	0.07022	0.01833	0.02054	0.01426	0.00873	0.00801	0.00232	0.01076	0.00654	0.00538	0.24839
54	0.02409	0.01443	0.01748	0.01529	0.01989	0.01406	0.01194	0.03352	0.14844	0.18172	0.25682	0.05855	0.12732	0.01742	0.01095	0.00321	0.00644	0.01486	0.01091	0.01265
55	0.01238	0.00899	0.01169	0.01341	0.01444	0.00830	0.00915	0.01457	0.02058	0.02750	0.12889	0.52563	0.10897	0.02933	0.01252	0.00387	0.00558	0.02641	0.00948	0.00830
56	0.02896	0.12036	0.29483	0.05717	0.03640	0.05397	0.02626	0.03640	0.02345	0.19404	0.02347	0.02428	0.01622	0.01025	0.00922	0.00298	0.01245	0.00790	0.00665	0.01475
57	0.01929	0.03503	0.31697	0.06966	0.04122	0.02062	0.14891	0.02803	0.02180	0.03104	0.06375	0.10718	0.02600	0.01286	0.01062	0.00333	0.01323	0.01196	0.00556	0.01294
58	0.01411	0.01019	0.01333	0.01254	0.01489	0.00941	0.00941	0.01881	0.02822	0.03998	0.58221	0.07447	0.09406	0.02038	0.01176	0.00314	0.00470	0.01803	0.01097	0.00941
59	0.02082	0.02885	0.19116	0.29838	0.20946	0.02287	0.03106	0.02863	0.02103	0.02919	0.01806	0.02449	0.01382	0.00952	0.00980	0.00317	0.01328	0.00845	0.00451	0.01344
60	0.03716	0.01650	0.02351	0.06020	0.07352	0.01504	0.01612	0.04110	0.02627	0.43718	0.03824	0.11159	0.02854	0.01434	0.01036	0.00321	0.00872	0.01223	0.01081	0.01534
61	0.01999	0.05157	0.59800	0.02841	0.04315	0.02315	0.03683	0.03157	0.02105	0.03157	0.01789	0.02105	0.01263	0.00947	0.00947	0.00316	0.01473	0.00737	0.00421	0.01473
62	0.02526	0.02378	0.03010	0.40039	0.10114	0.11941	0.02514	0.06528	0.02389	0.06382	0.01919	0.02528	0.01438	0.01021	0.00980	0.00313	0.01349	0.00854	0.00545	0.01232
63	0.02825	0.17975	0.08553	0.20297	0.08303	0.02584	0.02267	0.07704	0.02437	0.14610	0.02182	0.02461	0.01595	0.01014	0.00904	0.00291	0.01147	0.00810	0.00650	0.01389
64	0.01999	0.05157	0.59800	0.02841	0.04315	0.02315	0.03683	0.03157	0.02105	0.03157	0.01789	0.02105	0.01263	0.00947	0.00947	0.00316	0.01473	0.00737	0.00421	0.01473
65	0.01977	0.01868	0.03160	0.53501	0.15200	0.02240	0.02815	0.02629	0.02038	0.02661	0.01788	0.02627	0.01369	0.00979	0.00995	0.00326	0.01306	0.00886	0.00451	0.01183
66	0.03297	0.01871	0.06361	0.02162	0.07458	0.01547	0.01660	0.03904	0.06348	0.34508	0.08406	0.11474	0.03464	0.01503	0.01048	0.00323	0.00852	0.01287	0.01043	0.01483
67	0.03398	0.02004	0.03571	0.02663	0.03464	0.01811	0.21773	0.03938	0.02585	0.33378	0.03336	0.08188	0.02448	0.01242	0.01091	0.00327	0.01142	0.01221	0.00931	0.01489
68	0.01215	0.00868	0.01157	0.01388	0.01446	0.00810	0.00925	0.01388	0.01909	0.02545	0.05495	0.64315	0.06593	0.03123	0.01272	0.00405	0.00578	0.02834	0.00925	0.00810
69	0.72007	0.01928	0.01465	0.01311	0.01928	0.02236	0.01080	0.02930	0.01697	0.04473	0.01388	0.01619	0.01080	0.00925	0.00617	0.00308	0.00771	0.00540	0.00617	0.01080
70	0.08102	0.02138	0.02581	0.02088	0.02788	0.02260	0.05030	0.13582	0.23870	0.21503	0.03414	0.03177	0.02397	0.01226	0.00991	0.00320	0.00917	0.01012	0.01019	0.01585
71	0.35643	0.07398	0.02428	0.01700	0.02459	0.02204	0.05709	0.06452	0.02091	0.03961	0.01619	0.01888	0.01288	0.00877	0.00726	0.00256	0.00885	0.00631	0.00610	0.21175
72	0.02632	0.01983	0.03337	0.08327	0.10744	0.01913	0.15236	0.03386	0.06573	0.15320	0.07518	0.03853	0.02795	0.01214	0.01064	0.00316	0.01103	0.04731	0.00779	0.07175
73	0.02444	0.01880	0.02180	0.01612	0.02457	0.01577	0.01295	0.07400	0.06520	0.08244	0.02178	0.02330	0.01696	0.00865	0.00803	0.00188	0.00782	0.00692	0.00711	0.54145
74	0.01424	0.01068	0.01602	0.01602	0.01780	0.01246	0.01246	0.01780	0.01602	0.02314	0.02670	0.03916	0.02492	0.07477	0.61015	0.01602	0.02670	0.01068	0.00534	0.00890
75	0.02880	0.18440	0.10603	0.02239	0.02972	0.22472	0.01998	0.04029	0.18629	0.03025	0.02284	0.02362	0.01803	0.01072	0.00878	0.00278	0.01282	0.00773	0.00630	0.01352
76	0.01883	0.01772	0.02990	0.62569	0.06866	0.02215	0.02769	0.02547	0.01993	0.02547	0.01772	0.02658	0.01329	0.00997	0.00997	0.00332	0.01329	0.00886	0.00443	0.01107
77	0.02075	0.02087	0.03596	0.02762	0.03334	0.02182	0.23344	0.06460	0.02325	0.03105	0.04293	0.04608	0.18374	0.01566	0.01622	0.00355	0.14731	0.01364	0.00652	0.01166
78	0.01292	0.00999	0.01220	0.01257	0.01458	0.00973	0.00910	0.01530	0.01908	0.02458	0.06248	0.16323	0.26319	0.12180	0.19484	0.00805	0.01220	0.01829	0.00768	0.00820
79	0.01918	0.01624	0.02009	0.01570	0.02236	0.01404	0.01252	0.02327	0.01925	0.02975	0.01963	0.02521	0.01713	0.02424	0.15456	0.00515	0.04662	0.00722	0.00568	0.50214

[dist]
# distance from previous block
# <min> <max>
0	1

# created by:
# /st0/software/busco_prod/Augustus/scripts/msa2prfl.pl ./align_prep/10293.fa
