[name]
unknown

[dist]
# distance from previous block
# <min> <max>
14	751

[block]
# block no. 0 follows, 13 sequences, length 24
# corresponding to MSA columns:
# 834-857
name=unknown_A
#
# <colnr> <probs for GDERKNQSTAVLIFYWHMCP>
#	G	D	E	R	K	N	Q	S	T	A	V	L	I	F	Y	W	H	M	C	P
0	0.07400	0.07959	0.07426	0.02141	0.02879	0.02572	0.01892	0.22046	0.08418	0.09571	0.03263	0.09434	0.02818	0.01576	0.01063	0.00344	0.01044	0.05705	0.00935	0.01513
1	0.09174	0.01587	0.01866	0.01565	0.02088	0.01488	0.01190	0.06306	0.02482	0.22333	0.04164	0.08813	0.08009	0.16143	0.02067	0.00488	0.00874	0.01336	0.00961	0.07067
2	0.13902	0.01915	0.02217	0.01933	0.02499	0.02047	0.01590	0.08676	0.11543	0.18299	0.07205	0.04917	0.03436	0.01648	0.01234	0.00368	0.04699	0.09422	0.01018	0.01433
3	0.09192	0.01579	0.01927	0.07237	0.02596	0.01612	0.01418	0.06413	0.06547	0.15458	0.04794	0.23698	0.09108	0.02072	0.01138	0.00369	0.00821	0.01777	0.00986	0.01258
4	0.15784	0.02350	0.03732	0.02822	0.03618	0.02384	0.21190	0.11949	0.02831	0.08999	0.06878	0.03169	0.02428	0.01620	0.05161	0.00435	0.01375	0.01099	0.00774	0.01400
5	0.02823	0.02299	0.04120	0.03124	0.03852	0.02284	0.24896	0.07850	0.02637	0.12404	0.02911	0.04202	0.02437	0.07361	0.01816	0.00436	0.06466	0.05945	0.00760	0.01378
6	0.02073	0.06980	0.02781	0.02076	0.02572	0.01905	0.09928	0.02906	0.11169	0.03158	0.07886	0.05410	0.03700	0.19387	0.02355	0.00533	0.01056	0.05968	0.00760	0.07398
7	0.02404	0.02162	0.03109	0.31376	0.05132	0.07007	0.07245	0.02976	0.02276	0.07067	0.02730	0.03339	0.05339	0.01265	0.01298	0.00348	0.07232	0.01048	0.05429	0.01218
8	0.08319	0.01638	0.02337	0.15256	0.07372	0.01849	0.01832	0.02574	0.01973	0.08123	0.02551	0.04170	0.02345	0.08970	0.02397	0.13348	0.07537	0.05714	0.00640	0.01056
9	0.01651	0.01538	0.02188	0.13289	0.03082	0.01667	0.05008	0.02037	0.02212	0.02804	0.06640	0.10001	0.30024	0.02143	0.01564	0.00377	0.10234	0.01750	0.00769	0.01024
10	0.41556	0.02781	0.12954	0.02022	0.02709	0.02583	0.01953	0.03029	0.01844	0.03974	0.01537	0.01953	0.01238	0.01181	0.01357	0.00359	0.14476	0.00693	0.00570	0.01230
11	0.33133	0.07920	0.03030	0.02173	0.02910	0.02660	0.09943	0.12634	0.02551	0.04454	0.01924	0.02306	0.01516	0.01705	0.06593	0.00457	0.01274	0.00814	0.00685	0.01318
12	0.12424	0.15861	0.03115	0.07458	0.03063	0.02781	0.01740	0.12714	0.11642	0.09484	0.07280	0.03083	0.02623	0.01239	0.00937	0.00311	0.00990	0.00949	0.00848	0.01457
13	0.42052	0.02297	0.02427	0.05542	0.11854	0.02574	0.01769	0.12907	0.02546	0.04795	0.01793	0.02091	0.01379	0.01035	0.00822	0.00324	0.00992	0.00730	0.00702	0.01366
14	0.01496	0.01081	0.01413	0.01330	0.01580	0.00998	0.00998	0.01995	0.02993	0.04240	0.55689	0.07898	0.09976	0.02162	0.01247	0.00333	0.00499	0.01912	0.01164	0.00998
15	0.02192	0.01879	0.02192	0.01566	0.02506	0.01409	0.01253	0.02662	0.02192	0.03445	0.01879	0.02192	0.01566	0.00783	0.00783	0.00157	0.00783	0.00626	0.00626	0.69305
16	0.02188	0.10993	0.52429	0.02899	0.04399	0.02620	0.03707	0.03331	0.02224	0.03266	0.01857	0.02181	0.01341	0.00995	0.00973	0.00324	0.01521	0.00761	0.00447	0.01543
17	0.02071	0.02538	0.11301	0.01845	0.02243	0.11741	0.01566	0.02392	0.01947	0.02435	0.02698	0.04768	0.02773	0.32378	0.12148	0.00875	0.01560	0.01188	0.00578	0.00954
18	0.01721	0.00994	0.01491	0.01491	0.01558	0.01061	0.01061	0.01558	0.01491	0.02055	0.02189	0.03547	0.02122	0.05180	0.23438	0.45322	0.01596	0.00994	0.00497	0.00631
19	0.70310	0.02045	0.01554	0.01390	0.02045	0.02372	0.01145	0.03108	0.01799	0.04744	0.01472	0.01718	0.01145	0.00981	0.00654	0.00327	0.00818	0.00573	0.00654	0.01145
20	0.02323	0.02377	0.04529	0.27499	0.18514	0.02504	0.20528	0.03076	0.02320	0.03126	0.01998	0.02782	0.01543	0.00971	0.01122	0.00345	0.01504	0.01049	0.00506	0.01385
21	0.02406	0.16237	0.08358	0.01840	0.02647	0.07670	0.01665	0.02819	0.02262	0.03059	0.06549	0.02658	0.02250	0.01251	0.01148	0.06575	0.01036	0.00775	0.00594	0.28202
22	0.03523	0.02802	0.03569	0.03869	0.22035	0.03007	0.02447	0.35201	0.04063	0.05527	0.02344	0.02566	0.01754	0.01153	0.01054	0.00316	0.01196	0.00948	0.00868	0.01754
23	0.02597	0.13209	0.03137	0.02009	0.02789	0.02432	0.04113	0.03732	0.16414	0.06577	0.02580	0.02702	0.02032	0.01086	0.01054	0.00264	0.04736	0.00846	0.00742	0.26950

[dist]
# distance from previous block
# <min> <max>
1	3

[block]
# block no. 1 follows, 13 sequences, length 30
# corresponding to MSA columns:
# 861-890
name=unknown_B
#
# <colnr> <probs for GDERKNQSTAVLIFYWHMCP>
#	G	D	E	R	K	N	Q	S	T	A	V	L	I	F	Y	W	H	M	C	P
0	0.70310	0.02045	0.01554	0.01390	0.02045	0.02372	0.01145	0.03108	0.01799	0.04744	0.01472	0.01718	0.01145	0.00981	0.00654	0.00327	0.00818	0.00573	0.00654	0.01145
1	0.02630	0.02271	0.02391	0.02152	0.02749	0.02630	0.01674	0.05618	0.54336	0.04423	0.04303	0.03945	0.03228	0.01434	0.01076	0.00359	0.00837	0.01195	0.01076	0.01674
2	0.08575	0.22226	0.11770	0.02420	0.06622	0.06635	0.02147	0.08075	0.06122	0.12498	0.02317	0.02398	0.01735	0.01076	0.00892	0.00293	0.01174	0.00791	0.00717	0.01517
3	0.01538	0.01025	0.01153	0.01153	0.01153	0.01025	0.00641	0.01538	0.01538	0.02050	0.03331	0.06919	0.03844	0.62842	0.05382	0.01025	0.01025	0.01538	0.00641	0.00641
4	0.01288	0.00920	0.01227	0.01472	0.01534	0.00859	0.00981	0.01472	0.02024	0.02699	0.05828	0.62152	0.06993	0.03312	0.01350	0.00429	0.00613	0.03006	0.00981	0.00859
5	0.70310	0.02045	0.01554	0.01390	0.02045	0.02372	0.01145	0.03108	0.01799	0.04744	0.01472	0.01718	0.01145	0.00981	0.00654	0.00327	0.00818	0.00573	0.00654	0.01145
6	0.02630	0.02271	0.02391	0.02152	0.02749	0.02630	0.01674	0.05618	0.54336	0.04423	0.04303	0.03945	0.03228	0.01434	0.01076	0.00359	0.00837	0.01195	0.01076	0.01674
7	0.02192	0.01879	0.02192	0.01566	0.02506	0.01409	0.01253	0.02662	0.02192	0.03445	0.01879	0.02192	0.01566	0.00783	0.00783	0.00157	0.00783	0.00626	0.00626	0.69305
8	0.02948	0.02353	0.03698	0.09649	0.36402	0.02351	0.02737	0.07585	0.02669	0.11091	0.02321	0.02733	0.01786	0.01019	0.01032	0.00308	0.01178	0.00937	0.00680	0.06523
9	0.03819	0.11843	0.03292	0.02617	0.03204	0.52262	0.02016	0.04099	0.02898	0.02576	0.01615	0.01882	0.01361	0.01068	0.00921	0.00267	0.01816	0.00668	0.00534	0.01241
10	0.02313	0.02313	0.03238	0.02776	0.02776	0.03238	0.02313	0.02545	0.01619	0.02545	0.01388	0.02313	0.01388	0.01851	0.03470	0.00463	0.60907	0.00925	0.00463	0.01157
11	0.01548	0.01250	0.01884	0.20191	0.03414	0.01362	0.01663	0.01923	0.02087	0.02739	0.04555	0.39087	0.05144	0.02563	0.01266	0.00410	0.00896	0.06231	0.00818	0.00969
12	0.02725	0.36081	0.24952	0.02273	0.03420	0.03299	0.02583	0.03408	0.02257	0.07557	0.01867	0.02065	0.01460	0.00978	0.00836	0.00276	0.01275	0.00691	0.00525	0.01473
13	0.01371	0.01032	0.01453	0.08322	0.02203	0.01032	0.01209	0.01615	0.02035	0.02699	0.05368	0.55244	0.06343	0.03050	0.01315	0.00420	0.00706	0.02765	0.00922	0.00896
14	0.01377	0.01028	0.01280	0.01319	0.01532	0.00931	0.00950	0.01725	0.02559	0.03450	0.30088	0.25619	0.18986	0.02639	0.01280	0.00369	0.00543	0.02329	0.01066	0.00931
15	0.03288	0.03410	0.16162	0.03645	0.16901	0.10629	0.06881	0.03964	0.02636	0.18354	0.02541	0.02717	0.01809	0.01078	0.01044	0.00320	0.01369	0.00925	0.00730	0.01596
16	0.02529	0.02414	0.03913	0.10378	0.41291	0.02592	0.02978	0.03314	0.06628	0.03364	0.02103	0.02710	0.01748	0.01099	0.01332	0.00338	0.08179	0.00961	0.00558	0.01571
17	0.01997	0.01879	0.03171	0.60301	0.07282	0.02349	0.02936	0.02701	0.02114	0.02701	0.01879	0.02819	0.01409	0.01057	0.01057	0.00352	0.01409	0.00940	0.00470	0.01175
18	0.02192	0.01879	0.02192	0.01566	0.02506	0.01409	0.01253	0.02662	0.02192	0.03445	0.01879	0.02192	0.01566	0.00783	0.00783	0.00157	0.00783	0.00626	0.00626	0.69305
19	0.01375	0.00986	0.01313	0.01473	0.01598	0.00923	0.01043	0.01665	0.02309	0.03137	0.18770	0.44044	0.07696	0.02982	0.01332	0.00409	0.00612	0.06400	0.01028	0.00904
20	0.04019	0.02962	0.03173	0.02433	0.03279	0.03279	0.02010	0.52721	0.04971	0.06663	0.02538	0.02538	0.01798	0.01269	0.01058	0.00317	0.01163	0.00952	0.01058	0.01798
21	0.02192	0.01879	0.02192	0.01566	0.02506	0.01409	0.01253	0.02662	0.02192	0.03445	0.01879	0.02192	0.01566	0.00783	0.00783	0.00157	0.00783	0.00626	0.00626	0.69305
22	0.02654	0.42846	0.04764	0.02135	0.02735	0.03865	0.01979	0.02956	0.01970	0.02507	0.01442	0.01904	0.01367	0.01224	0.01620	0.00306	0.21294	0.00687	0.00456	0.01289
23	0.01496	0.01081	0.01413	0.01330	0.01580	0.00998	0.00998	0.01995	0.02993	0.04240	0.55689	0.07898	0.09976	0.02162	0.01247	0.00333	0.00499	0.01912	0.01164	0.00998
24	0.01491	0.01040	0.01246	0.01312	0.01400	0.01009	0.00870	0.01639	0.01903	0.02514	0.08183	0.16916	0.09431	0.36322	0.03596	0.00756	0.00875	0.07931	0.00803	0.00764
25	0.02391	0.27716	0.37489	0.02552	0.03862	0.03118	0.03102	0.03278	0.02200	0.03018	0.01733	0.02027	0.01346	0.00966	0.00879	0.00293	0.01397	0.00698	0.00449	0.01484
26	0.01679	0.01636	0.07786	0.01420	0.01926	0.01138	0.01260	0.02083	0.02462	0.07727	0.12495	0.12510	0.37238	0.02370	0.01212	0.00355	0.00690	0.01994	0.00963	0.01056
27	0.10757	0.47421	0.04654	0.01856	0.02681	0.08072	0.01740	0.03417	0.05911	0.02897	0.01686	0.01876	0.01467	0.00966	0.00725	0.00251	0.01133	0.00620	0.00528	0.01345
28	0.47656	0.02412	0.02098	0.01806	0.02398	0.06383	0.01478	0.10299	0.02316	0.04599	0.01627	0.01925	0.01285	0.01140	0.01089	0.00339	0.08541	0.00679	0.00681	0.01247
29	0.02584	0.02530	0.07621	0.08182	0.26063	0.02402	0.02567	0.10935	0.08901	0.04116	0.10328	0.03530	0.03066	0.01245	0.01079	0.00327	0.01116	0.01105	0.00756	0.01548

[dist]
# distance from previous block
# <min> <max>
0	1

[block]
# block no. 2 follows, 13 sequences, length 38
# corresponding to MSA columns:
# 892-929
name=unknown_C
#
# <colnr> <probs for GDERKNQSTAVLIFYWHMCP>
#	G	D	E	R	K	N	Q	S	T	A	V	L	I	F	Y	W	H	M	C	P
0	0.03159	0.02596	0.04002	0.12073	0.15725	0.02719	0.12948	0.20795	0.03335	0.08566	0.02366	0.02743	0.01737	0.01092	0.01096	0.00331	0.01329	0.01019	0.00767	0.01603
1	0.02515	0.01617	0.01947	0.01642	0.02204	0.01473	0.01247	0.03277	0.10651	0.14317	0.07556	0.12806	0.03774	0.09004	0.01565	0.00383	0.00798	0.01373	0.00933	0.20916
2	0.02313	0.02313	0.03238	0.02776	0.02776	0.03238	0.02313	0.02545	0.01619	0.02545	0.01388	0.02313	0.01388	0.01851	0.03470	0.00463	0.60907	0.00925	0.00463	0.01157
3	0.01510	0.01133	0.01699	0.01699	0.01888	0.01322	0.01322	0.01888	0.01699	0.02454	0.02832	0.04154	0.02643	0.07930	0.58652	0.01699	0.02832	0.01133	0.00566	0.00944
4	0.02778	0.02819	0.04135	0.06033	0.49824	0.09312	0.03099	0.03363	0.02479	0.03349	0.01946	0.02531	0.01637	0.00960	0.01035	0.00309	0.01335	0.00910	0.00526	0.01620
5	0.01599	0.01095	0.01355	0.01444	0.01534	0.01095	0.01031	0.01777	0.01866	0.02459	0.04163	0.08756	0.04666	0.40863	0.03943	0.00828	0.01006	0.18994	0.00763	0.00763
6	0.02192	0.01879	0.02192	0.01566	0.02506	0.01409	0.01253	0.02662	0.02192	0.03445	0.01879	0.02192	0.01566	0.00783	0.00783	0.00157	0.00783	0.00626	0.00626	0.69305
7	0.02013	0.01204	0.01525	0.01444	0.01790	0.01055	0.01065	0.02281	0.02388	0.12197	0.13510	0.24865	0.15364	0.02484	0.01403	0.04937	0.00664	0.02019	0.01000	0.06791
8	0.41586	0.02118	0.01687	0.01534	0.02053	0.08775	0.01210	0.02909	0.02303	0.04331	0.17784	0.03598	0.03825	0.01349	0.00869	0.00322	0.00854	0.00988	0.00794	0.01111
9	0.04744	0.01799	0.02454	0.01881	0.02699	0.01554	0.01554	0.05153	0.03026	0.56979	0.04171	0.03599	0.02617	0.01309	0.01063	0.00327	0.00900	0.01063	0.01309	0.01799
10	0.01288	0.00997	0.01175	0.01291	0.01492	0.00884	0.00907	0.01532	0.02263	0.02884	0.11728	0.35865	0.28008	0.02954	0.01299	0.00391	0.00571	0.02592	0.00996	0.00884
11	0.03851	0.02878	0.03078	0.02399	0.03215	0.03200	0.01969	0.47010	0.10956	0.06392	0.02752	0.02709	0.01971	0.01289	0.01060	0.00322	0.01124	0.00981	0.01060	0.01783
12	0.04019	0.02962	0.03173	0.02433	0.03279	0.03279	0.02010	0.52721	0.04971	0.06663	0.02538	0.02538	0.01798	0.01269	0.01058	0.00317	0.01163	0.00952	0.01058	0.01798
13	0.01250	0.01071	0.01071	0.01071	0.01428	0.00893	0.00803	0.01517	0.02410	0.02856	0.10711	0.10175	0.55817	0.02678	0.01250	0.00357	0.00536	0.02231	0.00982	0.00893
14	0.02440	0.02062	0.02241	0.02071	0.02602	0.02347	0.01631	0.04955	0.44534	0.04258	0.07973	0.05183	0.04035	0.01664	0.01134	0.00372	0.00830	0.07056	0.01069	0.01542
15	0.03950	0.05039	0.02996	0.02724	0.03269	0.58597	0.02043	0.04222	0.02996	0.02588	0.01634	0.01907	0.01362	0.01090	0.00953	0.00272	0.01907	0.00681	0.00545	0.01226
16	0.01997	0.01879	0.03171	0.60301	0.07282	0.02349	0.02936	0.02701	0.02114	0.02701	0.01879	0.02819	0.01409	0.01057	0.01057	0.00352	0.01409	0.00940	0.00470	0.01175
17	0.03095	0.01435	0.01925	0.01601	0.02131	0.01272	0.01272	0.03550	0.03009	0.30201	0.30328	0.05782	0.06354	0.01742	0.01157	0.00330	0.00696	0.01494	0.01235	0.01392
18	0.02630	0.02271	0.02391	0.02152	0.02749	0.02630	0.01674	0.05618	0.54336	0.04423	0.04303	0.03945	0.03228	0.01434	0.01076	0.00359	0.00837	0.01195	0.01076	0.01674
19	0.70310	0.02045	0.01554	0.01390	0.02045	0.02372	0.01145	0.03108	0.01799	0.04744	0.01472	0.01718	0.01145	0.00981	0.00654	0.00327	0.00818	0.00573	0.00654	0.01145
20	0.01669	0.01042	0.01236	0.01191	0.01415	0.00996	0.00872	0.02119	0.02579	0.03926	0.32111	0.06395	0.06806	0.07578	0.01458	0.00367	0.00546	0.01546	0.25188	0.00959
21	0.03130	0.01461	0.01984	0.01729	0.02256	0.01316	0.01418	0.03582	0.02892	0.29841	0.19952	0.06638	0.05556	0.01903	0.01202	0.00362	0.00795	0.11402	0.01195	0.01385
22	0.01344	0.00960	0.01291	0.01536	0.01622	0.00907	0.01079	0.01569	0.02080	0.02762	0.05797	0.55377	0.06871	0.03260	0.01364	0.00437	0.00662	0.09227	0.00980	0.00874
23	0.03851	0.02878	0.03078	0.02399	0.03215	0.03200	0.01969	0.47010	0.10956	0.06392	0.02752	0.02709	0.01971	0.01289	0.01060	0.00322	0.01124	0.00981	0.01060	0.01783
24	0.22138	0.01342	0.01422	0.01374	0.01711	0.01386	0.01039	0.02236	0.02461	0.04115	0.30469	0.15754	0.06788	0.02013	0.01087	0.00348	0.00615	0.01705	0.00978	0.01017
25	0.55541	0.01989	0.01757	0.01501	0.02192	0.02188	0.01237	0.03569	0.02076	0.16510	0.02080	0.02141	0.01477	0.01055	0.00746	0.00327	0.00836	0.00683	0.00802	0.01292
26	0.01975	0.01479	0.01674	0.01534	0.01812	0.01560	0.01091	0.06889	0.13890	0.03620	0.19212	0.06189	0.05379	0.25894	0.02826	0.00611	0.00837	0.01525	0.00929	0.01073
27	0.24481	0.01902	0.02040	0.01704	0.02358	0.01969	0.01374	0.07358	0.08845	0.23077	0.03581	0.03458	0.06201	0.01476	0.01148	0.04769	0.00858	0.00998	0.00979	0.01424
28	0.29556	0.01728	0.01763	0.01536	0.02057	0.01814	0.01191	0.06543	0.02354	0.15744	0.06734	0.08557	0.03076	0.11155	0.01623	0.00446	0.00852	0.01162	0.00889	0.01220
29	0.19418	0.01841	0.02170	0.01797	0.02504	0.01802	0.01484	0.04439	0.07013	0.35387	0.03694	0.03982	0.02657	0.01396	0.01008	0.00345	0.00882	0.05514	0.01106	0.01559
30	0.55873	0.01991	0.01752	0.01498	0.02189	0.02192	0.01235	0.03558	0.02070	0.16246	0.02067	0.02132	0.01469	0.01054	0.00744	0.00327	0.00836	0.00681	0.00798	0.01289
31	0.01733	0.01221	0.01639	0.01571	0.01801	0.01279	0.01185	0.06051	0.02413	0.03374	0.21361	0.10702	0.05439	0.04416	0.21852	0.09177	0.01439	0.01540	0.00841	0.00967
32	0.01613	0.01080	0.01266	0.01304	0.01571	0.00951	0.00932	0.01846	0.02268	0.07874	0.07788	0.28977	0.29108	0.06531	0.01527	0.00423	0.00630	0.02370	0.00991	0.00950
33	0.04403	0.01908	0.02441	0.01890	0.02665	0.01769	0.01555	0.12155	0.03254	0.44925	0.03863	0.03466	0.02501	0.01296	0.01035	0.00319	0.00906	0.01040	0.06875	0.01731
34	0.01644	0.01006	0.01306	0.01447	0.01580	0.00938	0.00986	0.01855	0.02085	0.07254	0.05329	0.48905	0.06082	0.07475	0.01585	0.00452	0.00659	0.02587	0.05894	0.00930
35	0.02338	0.01928	0.02273	0.09524	0.03040	0.02164	0.01667	0.08611	0.27412	0.04355	0.19261	0.04852	0.04883	0.01588	0.01123	0.00346	0.00841	0.01354	0.01021	0.01417
36	0.70310	0.02045	0.01554	0.01390	0.02045	0.02372	0.01145	0.03108	0.01799	0.04744	0.01472	0.01718	0.01145	0.00981	0.00654	0.00327	0.00818	0.00573	0.00654	0.01145
37	0.28121	0.23347	0.03310	0.01811	0.02581	0.07348	0.01586	0.09772	0.02522	0.08460	0.01849	0.01989	0.01442	0.01028	0.00772	0.00287	0.01060	0.00669	0.00684	0.01363

[dist]
# distance from previous block
# <min> <max>
0	3

[block]
# block no. 3 follows, 13 sequences, length 9
# corresponding to MSA columns:
# 933-941
name=unknown_D
#
# <colnr> <probs for GDERKNQSTAVLIFYWHMCP>
#	G	D	E	R	K	N	Q	S	T	A	V	L	I	F	Y	W	H	M	C	P
0	0.01327	0.00950	0.01262	0.01445	0.01542	0.00885	0.00985	0.01571	0.02207	0.02989	0.15211	0.51942	0.07554	0.03096	0.01330	0.00411	0.00592	0.02800	0.01016	0.00885
1	0.10995	0.14264	0.03192	0.01907	0.02805	0.02362	0.05475	0.07812	0.02433	0.03730	0.01833	0.02122	0.01498	0.00888	0.00810	0.00223	0.00973	0.00689	0.00631	0.35357
2	0.25755	0.02282	0.07993	0.01801	0.02660	0.01902	0.01633	0.03975	0.02433	0.27338	0.02752	0.02657	0.01864	0.01103	0.00887	0.00307	0.00929	0.00817	0.00916	0.09998
3	0.02376	0.01402	0.01746	0.01586	0.01963	0.01366	0.01188	0.03152	0.10922	0.15562	0.22802	0.14276	0.06137	0.08680	0.01647	0.00426	0.00717	0.01730	0.01098	0.01225
4	0.01399	0.01077	0.01279	0.01228	0.01520	0.00956	0.00921	0.01807	0.02763	0.03695	0.37987	0.08794	0.28018	0.02365	0.01248	0.00342	0.00513	0.02038	0.01092	0.00956
5	0.03225	0.03864	0.27343	0.02590	0.03662	0.06331	0.02764	0.10016	0.02799	0.18425	0.02545	0.02631	0.01754	0.01194	0.01219	0.00336	0.06046	0.00885	0.00769	0.01601
6	0.16476	0.01680	0.02053	0.01712	0.02356	0.01578	0.01369	0.04074	0.02606	0.36900	0.03973	0.14262	0.03163	0.01624	0.01040	0.00346	0.00830	0.01336	0.01123	0.01499
7	0.01518	0.01055	0.01266	0.01302	0.01461	0.01006	0.00918	0.01783	0.02198	0.03002	0.16905	0.13433	0.12645	0.23058	0.02657	0.00594	0.00753	0.07771	0.05831	0.00844
8	0.03276	0.02404	0.03676	0.04348	0.28439	0.02410	0.05977	0.10115	0.07999	0.16308	0.02800	0.02981	0.02056	0.01113	0.01069	0.00325	0.01158	0.01018	0.00827	0.01701

[dist]
# distance from previous block
# <min> <max>
1	3

[block]
# block no. 4 follows, 13 sequences, length 36
# corresponding to MSA columns:
# 945-980
name=unknown_E
#
# <colnr> <probs for GDERKNQSTAVLIFYWHMCP>
#	G	D	E	R	K	N	Q	S	T	A	V	L	I	F	Y	W	H	M	C	P
0	0.02211	0.01787	0.02063	0.01590	0.02310	0.01501	0.01222	0.07606	0.02375	0.03518	0.02499	0.08168	0.02388	0.09789	0.01508	0.00320	0.00842	0.00998	0.00705	0.46601
1	0.01702	0.01056	0.01347	0.01418	0.01592	0.00972	0.00975	0.01918	0.02178	0.08404	0.10365	0.38087	0.10532	0.12024	0.01917	0.00494	0.00689	0.02411	0.00981	0.00939
2	0.07783	0.01085	0.01266	0.01420	0.01617	0.01040	0.01022	0.01699	0.02123	0.02966	0.06456	0.40781	0.16927	0.02922	0.01273	0.00409	0.00648	0.06711	0.00950	0.00903
3	0.12600	0.01231	0.01447	0.01425	0.01716	0.01209	0.01054	0.02220	0.02487	0.07485	0.27093	0.24445	0.07079	0.02293	0.01174	0.00363	0.00615	0.01999	0.01033	0.01031
4	0.01802	0.01127	0.01391	0.01337	0.01494	0.01128	0.00898	0.01954	0.01805	0.07372	0.04064	0.06317	0.08861	0.38322	0.16672	0.01044	0.01374	0.01473	0.00722	0.00844
5	0.02192	0.01879	0.02192	0.01566	0.02506	0.01409	0.01253	0.02662	0.02192	0.03445	0.01879	0.02192	0.01566	0.00783	0.00783	0.00157	0.00783	0.00626	0.00626	0.69305
6	0.02917	0.01447	0.01828	0.01619	0.02074	0.01341	0.01220	0.03428	0.07072	0.25977	0.05129	0.18520	0.09409	0.10868	0.01778	0.00458	0.00807	0.01721	0.01080	0.01305
7	0.02617	0.02512	0.04292	0.06490	0.56246	0.02512	0.03245	0.03245	0.02407	0.03454	0.01989	0.02617	0.01675	0.00942	0.01047	0.00314	0.01256	0.00942	0.00523	0.01675
8	0.03128	0.01405	0.01814	0.01548	0.01964	0.01276	0.01130	0.03350	0.02329	0.29728	0.03976	0.10160	0.03507	0.26609	0.02852	0.00621	0.00925	0.01430	0.01007	0.01243
9	0.03009	0.01381	0.01873	0.01704	0.02158	0.01235	0.01323	0.03346	0.02600	0.29099	0.07814	0.26339	0.04963	0.02243	0.01215	0.00380	0.00777	0.06060	0.01149	0.01332
10	0.01403	0.01031	0.01283	0.01310	0.01504	0.00945	0.00929	0.01735	0.02506	0.03401	0.30158	0.22813	0.16205	0.07951	0.01643	0.00424	0.00583	0.02226	0.01038	0.00911
11	0.14374	0.02435	0.02686	0.02090	0.02897	0.02566	0.01726	0.29305	0.03839	0.23133	0.02920	0.02766	0.01971	0.01238	0.00998	0.00322	0.01023	0.00931	0.01080	0.01699
12	0.01553	0.01050	0.01343	0.01343	0.01402	0.01110	0.00877	0.01635	0.01576	0.02160	0.03056	0.05755	0.03307	0.40869	0.22041	0.06653	0.01585	0.01361	0.00603	0.00722
13	0.02422	0.01856	0.02136	0.01628	0.02445	0.01572	0.01294	0.03282	0.10363	0.07448	0.02557	0.02719	0.02000	0.00961	0.00845	0.00208	0.00774	0.00778	0.06734	0.47978
14	0.01363	0.00989	0.01167	0.01275	0.01383	0.00922	0.00827	0.01504	0.01949	0.02518	0.06100	0.31915	0.17006	0.23062	0.02674	0.00612	0.00733	0.02340	0.00868	0.00794
15	0.01430	0.01061	0.01302	0.01270	0.01507	0.00966	0.00924	0.01811	0.02665	0.03631	0.37544	0.12612	0.19086	0.07577	0.01611	0.00405	0.00561	0.02036	0.01065	0.00933
16	0.01513	0.01123	0.01648	0.01648	0.01819	0.01294	0.01258	0.01855	0.01684	0.02417	0.02879	0.04413	0.02756	0.13074	0.53661	0.01636	0.02663	0.01171	0.00573	0.00916
17	0.02313	0.02313	0.03238	0.02776	0.02776	0.03238	0.02313	0.02545	0.01619	0.02545	0.01388	0.02313	0.01388	0.01851	0.03470	0.00463	0.60907	0.00925	0.00463	0.01157
18	0.07882	0.01463	0.01811	0.01738	0.02042	0.01679	0.01336	0.02842	0.14624	0.03054	0.02935	0.03756	0.02542	0.05120	0.31703	0.10752	0.01894	0.01069	0.00684	0.01073
19	0.07468	0.01206	0.01521	0.01520	0.01806	0.01137	0.01107	0.02400	0.02367	0.13549	0.13832	0.36681	0.06207	0.02543	0.01222	0.00385	0.00665	0.02250	0.01050	0.01086
20	0.54303	0.01985	0.01774	0.01510	0.02204	0.02172	0.01245	0.03607	0.02099	0.17497	0.02131	0.02177	0.01504	0.01061	0.00754	0.00327	0.00838	0.00692	0.00814	0.01305
21	0.58910	0.02002	0.01710	0.01476	0.02159	0.02230	0.01216	0.03464	0.02013	0.13826	0.01942	0.02045	0.01401	0.01038	0.00725	0.00327	0.00832	0.00658	0.00768	0.01259
22	0.01458	0.01041	0.01314	0.01415	0.01554	0.00991	0.01011	0.01717	0.02194	0.02928	0.15112	0.25008	0.10824	0.17629	0.02333	0.00561	0.00749	0.10377	0.00931	0.00854
23	0.01997	0.01879	0.03171	0.60301	0.07282	0.02349	0.02936	0.02701	0.02114	0.02701	0.01879	0.02819	0.01409	0.01057	0.01057	0.00352	0.01409	0.00940	0.00470	0.01175
24	0.02313	0.02313	0.03238	0.02776	0.02776	0.03238	0.02313	0.02545	0.01619	0.02545	0.01388	0.02313	0.01388	0.01851	0.03470	0.00463	0.60907	0.00925	0.00463	0.01157
25	0.01392	0.01013	0.01212	0.01273	0.01416	0.00940	0.00854	0.01606	0.02165	0.02865	0.16282	0.25137	0.16704	0.19491	0.02429	0.00560	0.00689	0.02217	0.00924	0.00833
26	0.01582	0.01201	0.01563	0.01510	0.01761	0.01257	0.01142	0.02204	0.06879	0.03325	0.23980	0.06267	0.10257	0.07939	0.23338	0.00899	0.01452	0.01558	0.00882	0.01006
27	0.01837	0.00918	0.01377	0.01377	0.01377	0.00918	0.00918	0.01377	0.01377	0.01837	0.01837	0.03214	0.01837	0.03673	0.04132	0.69238	0.00918	0.00918	0.00459	0.00459
28	0.02827	0.63478	0.05540	0.01809	0.02714	0.04184	0.01809	0.03166	0.02148	0.02488	0.01470	0.01696	0.01357	0.00905	0.00678	0.00226	0.01131	0.00565	0.00452	0.01357
29	0.02453	0.02309	0.07403	0.03608	0.19582	0.02296	0.02424	0.02966	0.02314	0.08288	0.09890	0.04154	0.03211	0.01584	0.01794	0.00377	0.17961	0.05310	0.00703	0.01374
30	0.03042	0.02148	0.02601	0.02196	0.02709	0.02464	0.01777	0.15091	0.15618	0.13068	0.03101	0.03320	0.02371	0.02639	0.12046	0.00608	0.11733	0.01059	0.00911	0.01499
31	0.02743	0.02253	0.03379	0.04489	0.32697	0.02308	0.02484	0.03918	0.15310	0.09329	0.07508	0.03510	0.02885	0.01209	0.01073	0.00328	0.01049	0.01102	0.00797	0.01628
32	0.01744	0.01867	0.06727	0.02084	0.07098	0.05019	0.01555	0.02146	0.02105	0.02727	0.05116	0.05833	0.19189	0.09400	0.21715	0.00876	0.01631	0.01436	0.00688	0.01043
33	0.63225	0.02028	0.01620	0.01409	0.02093	0.02272	0.01156	0.03062	0.01840	0.04609	0.01515	0.01767	0.01189	0.00961	0.00668	0.00309	0.00814	0.00578	0.00651	0.08234
34	0.02833	0.03398	0.02200	0.02040	0.02507	0.34732	0.01530	0.03103	0.02754	0.02699	0.05388	0.05326	0.23883	0.01746	0.01076	0.00307	0.01340	0.01322	0.00726	0.01088
35	0.02652	0.23134	0.05249	0.03158	0.04041	0.07946	0.25794	0.03262	0.02417	0.02993	0.02231	0.03326	0.01966	0.01124	0.01054	0.00319	0.01491	0.05950	0.00554	0.01338

[dist]
# distance from previous block
# <min> <max>
0	8

[block]
# block no. 5 follows, 13 sequences, length 25
# corresponding to MSA columns:
# 989-1013
name=unknown_F
#
# <colnr> <probs for GDERKNQSTAVLIFYWHMCP>
#	G	D	E	R	K	N	Q	S	T	A	V	L	I	F	Y	W	H	M	C	P
0	0.02521	0.02788	0.02058	0.01992	0.02315	0.26506	0.01456	0.02823	0.02698	0.03036	0.16463	0.21831	0.05243	0.02038	0.01148	0.00335	0.01158	0.01700	0.00833	0.01056
1	0.02763	0.02527	0.09328	0.02427	0.06381	0.01921	0.06465	0.08174	0.02627	0.10963	0.02286	0.02507	0.01714	0.00948	0.00933	0.00244	0.01048	0.00812	0.00726	0.35205
2	0.03779	0.02770	0.03503	0.03321	0.13655	0.09087	0.07738	0.18100	0.03400	0.19777	0.02754	0.02821	0.01939	0.01154	0.01066	0.00319	0.01262	0.00983	0.00908	0.01666
3	0.02613	0.01328	0.01771	0.01520	0.01964	0.01189	0.01189	0.03081	0.03004	0.22373	0.37976	0.06420	0.07446	0.01868	0.01184	0.00331	0.00637	0.01620	0.01214	0.01273
4	0.02432	0.09807	0.26375	0.04231	0.25139	0.02665	0.03253	0.03468	0.06426	0.03390	0.02082	0.02470	0.01626	0.01003	0.00995	0.00317	0.01338	0.00858	0.00528	0.01596
5	0.03132	0.01736	0.02435	0.08164	0.09188	0.01682	0.01778	0.07026	0.02750	0.25072	0.04443	0.14189	0.07438	0.01777	0.01147	0.00356	0.00939	0.04291	0.01014	0.01444
6	0.03615	0.02684	0.02900	0.02305	0.03046	0.02962	0.01871	0.43621	0.08194	0.06060	0.03032	0.09283	0.02480	0.01509	0.01092	0.00333	0.01079	0.01198	0.01051	0.01684
7	0.04019	0.02962	0.03173	0.02433	0.03279	0.03279	0.02010	0.52721	0.04971	0.06663	0.02538	0.02538	0.01798	0.01269	0.01058	0.00317	0.01163	0.00952	0.01058	0.01798
8	0.02298	0.01941	0.03084	0.08736	0.30376	0.01930	0.02399	0.02837	0.02467	0.06565	0.07744	0.05334	0.11163	0.01562	0.01143	0.00346	0.01048	0.06901	0.00736	0.01391
9	0.19871	0.01493	0.01683	0.01529	0.01973	0.01480	0.01157	0.03037	0.02270	0.19625	0.06879	0.19424	0.03994	0.09069	0.01556	0.00437	0.00793	0.01564	0.00968	0.01198
10	0.01308	0.00956	0.01231	0.01411	0.01527	0.00879	0.00964	0.01539	0.02182	0.02898	0.12252	0.49961	0.12786	0.03106	0.01326	0.00410	0.00591	0.02790	0.01003	0.00879
11	0.01440	0.01001	0.01197	0.01264	0.01329	0.00963	0.00790	0.01562	0.01884	0.02516	0.09765	0.24124	0.08560	0.34927	0.03485	0.00733	0.00817	0.02066	0.00818	0.00758
12	0.39361	0.01798	0.01794	0.01542	0.02158	0.01913	0.01254	0.03443	0.02258	0.18707	0.08356	0.03111	0.02648	0.01753	0.05430	0.00437	0.00964	0.00900	0.00882	0.01291
13	0.20492	0.01917	0.02200	0.01764	0.02481	0.01897	0.01445	0.09906	0.02949	0.32265	0.09053	0.03488	0.02977	0.01318	0.00982	0.00327	0.00866	0.01024	0.01101	0.01548
14	0.04076	0.02870	0.03117	0.02389	0.03233	0.03144	0.01974	0.48992	0.04819	0.10607	0.02666	0.02622	0.01862	0.01272	0.01058	0.00318	0.01143	0.00961	0.01077	0.01798
15	0.21258	0.01677	0.01879	0.01558	0.02207	0.01607	0.01264	0.03702	0.02577	0.29256	0.07858	0.04656	0.13163	0.01543	0.01003	0.00333	0.00782	0.01215	0.01062	0.01398
16	0.09415	0.01540	0.01911	0.01580	0.02179	0.01395	0.01269	0.03659	0.02808	0.31444	0.16791	0.05468	0.12699	0.01694	0.01098	0.00333	0.00742	0.01401	0.01163	0.01410
17	0.17436	0.01484	0.01679	0.01509	0.02006	0.01427	0.01173	0.03056	0.02425	0.20776	0.08303	0.17890	0.12773	0.01979	0.01082	0.00356	0.00730	0.01650	0.01027	0.01239
18	0.03934	0.02301	0.02667	0.02132	0.02899	0.02401	0.01733	0.20538	0.17676	0.26474	0.03684	0.03353	0.02521	0.01330	0.01065	0.00333	0.00967	0.01064	0.01165	0.01765
19	0.02938	0.01362	0.01836	0.01633	0.02085	0.01211	0.01251	0.03292	0.02691	0.28248	0.15430	0.23651	0.05580	0.02142	0.01195	0.00362	0.00723	0.01875	0.01171	0.01325
20	0.02969	0.01410	0.01830	0.01607	0.02125	0.01239	0.01279	0.03331	0.02700	0.28594	0.10041	0.13782	0.16176	0.02094	0.01193	0.00362	0.00755	0.06029	0.01150	0.01333
21	0.02345	0.01220	0.01600	0.01579	0.01912	0.01107	0.01198	0.02653	0.02401	0.18113	0.05644	0.31706	0.09862	0.02526	0.01238	0.00390	0.00722	0.07714	0.04921	0.01147
22	0.04533	0.01846	0.02447	0.01908	0.02704	0.01661	0.01566	0.05199	0.08145	0.51735	0.04184	0.03633	0.02678	0.01321	0.01065	0.00330	0.00893	0.01076	0.01285	0.01787
23	0.08667	0.01570	0.01825	0.01635	0.02039	0.01587	0.01234	0.11556	0.02836	0.12060	0.14743	0.19505	0.05133	0.08821	0.01618	0.00430	0.00797	0.01727	0.01015	0.01202
24	0.01971	0.01275	0.01695	0.01673	0.01946	0.01315	0.01281	0.02575	0.08336	0.08446	0.11329	0.16650	0.04890	0.03853	0.15610	0.06988	0.01265	0.06936	0.00900	0.01065

[dist]
# distance from previous block
# <min> <max>
0	2

# created by:
# /st0/software/busco_prod/Augustus/scripts/msa2prfl.pl ./align_prep/10319.fa
