[name]
unknown

[dist]
# distance from previous block
# <min> <max>
0	380

[block]
# block no. 0 follows, 12 sequences, length 13
# corresponding to MSA columns:
# 393-405
name=unknown_A
#
# <colnr> <probs for GDERKNQSTAVLIFYWHMCP>
#	G	D	E	R	K	N	Q	S	T	A	V	L	I	F	Y	W	H	M	C	P
0	0.01577	0.01367	0.01966	0.01743	0.02166	0.01230	0.07514	0.02020	0.02631	0.03373	0.18604	0.09251	0.31204	0.02441	0.01318	0.00381	0.00774	0.08421	0.00992	0.01027
1	0.02544	0.01867	0.02575	0.02070	0.02647	0.01837	0.07782	0.13891	0.03419	0.09182	0.25499	0.06098	0.12263	0.01836	0.01224	0.00345	0.00887	0.01618	0.01079	0.01337
2	0.03122	0.15406	0.12793	0.07939	0.04296	0.14135	0.13445	0.03775	0.02597	0.09323	0.02149	0.02490	0.01616	0.01050	0.01027	0.00315	0.01552	0.00898	0.00612	0.01460
3	0.01493	0.01104	0.01409	0.01549	0.01700	0.01074	0.01078	0.02000	0.06709	0.03262	0.15733	0.45238	0.07502	0.03005	0.01346	0.00416	0.00628	0.02707	0.01059	0.00988
4	0.02334	0.02391	0.04912	0.03601	0.04454	0.02247	0.36204	0.03133	0.02620	0.03712	0.10939	0.03942	0.03221	0.01180	0.01218	0.00349	0.01448	0.01364	0.09392	0.01339
5	0.04026	0.02288	0.02682	0.02160	0.02938	0.02367	0.01751	0.16107	0.19405	0.28109	0.03955	0.03571	0.02703	0.01381	0.01099	0.00345	0.00970	0.01113	0.01213	0.01814
6	0.02779	0.14104	0.14834	0.10714	0.12675	0.03024	0.07056	0.11328	0.06262	0.03863	0.02190	0.02574	0.01686	0.01079	0.01025	0.00324	0.01359	0.00914	0.00634	0.01575
7	0.03552	0.01880	0.02239	0.01807	0.02440	0.01861	0.01460	0.16444	0.03477	0.23563	0.11912	0.04221	0.03740	0.01467	0.01057	0.00318	0.00846	0.01193	0.14976	0.01546
8	0.02006	0.01385	0.01531	0.01406	0.01549	0.01439	0.00893	0.09742	0.02167	0.02896	0.03301	0.06393	0.03618	0.51765	0.04817	0.00937	0.01081	0.01486	0.00731	0.00857
9	0.02068	0.01859	0.02487	0.02199	0.02199	0.02435	0.01702	0.02212	0.01636	0.02422	0.02226	0.04269	0.02436	0.25607	0.04360	0.00707	0.36440	0.01205	0.00550	0.00982
10	0.02414	0.10825	0.15796	0.05789	0.03343	0.05873	0.02250	0.06474	0.12656	0.03538	0.03752	0.12857	0.06651	0.01655	0.01087	0.00349	0.01151	0.01364	0.00770	0.01406
11	0.02792	0.11910	0.03029	0.09280	0.03305	0.02291	0.01731	0.07567	0.06293	0.09811	0.02668	0.06556	0.02212	0.01199	0.00947	0.00269	0.00992	0.00969	0.00777	0.25402
12	0.13948	0.02467	0.02162	0.01928	0.02454	0.13085	0.01487	0.10683	0.02971	0.10237	0.08241	0.14783	0.07548	0.01824	0.01091	0.00347	0.01046	0.01469	0.00935	0.01294

[dist]
# distance from previous block
# <min> <max>
7	19

[block]
# block no. 1 follows, 12 sequences, length 12
# corresponding to MSA columns:
# 427-438
name=unknown_B
#
# <colnr> <probs for GDERKNQSTAVLIFYWHMCP>
#	G	D	E	R	K	N	Q	S	T	A	V	L	I	F	Y	W	H	M	C	P
0	0.02133	0.08678	0.02440	0.09403	0.02825	0.01941	0.01559	0.10060	0.02918	0.03915	0.19569	0.20230	0.05861	0.02100	0.01188	0.00358	0.00860	0.01823	0.00949	0.01190
1	0.02857	0.21524	0.09818	0.02161	0.02978	0.03061	0.02030	0.16321	0.07105	0.04147	0.06537	0.03093	0.02570	0.02169	0.08538	0.00496	0.01386	0.00961	0.00763	0.01488
2	0.14588	0.10913	0.13418	0.02153	0.03069	0.02606	0.02082	0.04439	0.16470	0.15181	0.03020	0.02933	0.02176	0.01209	0.00962	0.00334	0.01063	0.00920	0.00871	0.01593
3	0.01431	0.01023	0.01378	0.01604	0.01720	0.00970	0.01162	0.01709	0.02251	0.03005	0.09813	0.47080	0.07271	0.03241	0.01406	0.00447	0.00697	0.11846	0.01026	0.00921
4	0.13366	0.02087	0.03324	0.06474	0.16811	0.02087	0.10542	0.03189	0.02382	0.10551	0.03144	0.15329	0.02928	0.01554	0.01121	0.00363	0.01133	0.01442	0.00771	0.01403
5	0.02624	0.03038	0.11038	0.13393	0.15427	0.02705	0.23470	0.08021	0.02710	0.03719	0.02143	0.02781	0.01624	0.01009	0.01165	0.00352	0.01579	0.01087	0.00580	0.01534
6	0.02699	0.02591	0.04426	0.06693	0.54879	0.02591	0.03346	0.03346	0.02483	0.03562	0.02051	0.02699	0.01727	0.00972	0.01079	0.00324	0.01295	0.00972	0.00540	0.01727
7	0.02066	0.01446	0.01717	0.01650	0.02008	0.01484	0.01252	0.02958	0.13198	0.08298	0.05867	0.12161	0.15832	0.10216	0.10775	0.00686	0.01138	0.05126	0.00956	0.01167
8	0.02506	0.10966	0.12647	0.16860	0.29510	0.02776	0.03188	0.03231	0.02352	0.03242	0.01939	0.02553	0.01568	0.01002	0.01024	0.00324	0.01363	0.00892	0.00505	0.01552
9	0.01610	0.01131	0.01568	0.01568	0.01730	0.01268	0.01164	0.01933	0.01772	0.02598	0.03085	0.04829	0.02979	0.18140	0.41516	0.01467	0.02314	0.01236	0.07175	0.00915
10	0.11657	0.02429	0.02138	0.01941	0.02398	0.12871	0.01480	0.12914	0.03112	0.04248	0.14229	0.17601	0.04779	0.01937	0.01128	0.00351	0.01020	0.01596	0.00934	0.01236
11	0.02640	0.25900	0.03897	0.02417	0.08704	0.02959	0.01819	0.06723	0.02363	0.03166	0.02002	0.02802	0.01864	0.09176	0.01662	0.00366	0.05446	0.00835	0.00587	0.14671

[dist]
# distance from previous block
# <min> <max>
0	2

[block]
# block no. 2 follows, 12 sequences, length 12
# corresponding to MSA columns:
# 441-452
name=unknown_C
#
# <colnr> <probs for GDERKNQSTAVLIFYWHMCP>
#	G	D	E	R	K	N	Q	S	T	A	V	L	I	F	Y	W	H	M	C	P
0	0.08189	0.12707	0.03723	0.02695	0.08562	0.02604	0.08175	0.10322	0.02715	0.03984	0.01980	0.02321	0.01595	0.00953	0.00912	0.00257	0.01116	0.00798	0.00661	0.25731
1	0.06674	0.27679	0.17488	0.10835	0.04027	0.03349	0.02573	0.09488	0.02590	0.03520	0.01834	0.02177	0.01449	0.01036	0.00893	0.00299	0.01307	0.00750	0.00561	0.01471
2	0.08993	0.01683	0.02200	0.21113	0.03882	0.01914	0.01864	0.02980	0.10244	0.03552	0.07907	0.09559	0.07704	0.01743	0.01121	0.00372	0.00980	0.05638	0.05357	0.01193
3	0.01583	0.01069	0.01248	0.01248	0.01269	0.01089	0.00734	0.01624	0.01603	0.02158	0.03381	0.06836	0.03834	0.56061	0.10991	0.01130	0.01253	0.01542	0.00653	0.00694
4	0.03657	0.01993	0.03328	0.02509	0.03307	0.01800	0.14790	0.04231	0.02883	0.31422	0.08283	0.03950	0.03129	0.01306	0.01131	0.00337	0.01092	0.01221	0.08044	0.01588
5	0.02222	0.01648	0.01949	0.01748	0.02257	0.01552	0.01376	0.10650	0.02753	0.03919	0.03987	0.20113	0.04098	0.02028	0.01130	0.00335	0.00830	0.09514	0.07881	0.20011
6	0.01328	0.00949	0.01265	0.01518	0.01581	0.00886	0.01012	0.01518	0.02088	0.02783	0.06010	0.60969	0.07212	0.03416	0.01392	0.00443	0.00633	0.03100	0.01012	0.00886
7	0.01979	0.01211	0.01597	0.01446	0.01779	0.01104	0.01104	0.02482	0.03091	0.11047	0.47793	0.07567	0.09300	0.02115	0.01261	0.00342	0.00568	0.01858	0.01220	0.01136
8	0.03301	0.01593	0.02027	0.01686	0.02291	0.01444	0.01345	0.03943	0.07190	0.30219	0.17235	0.05951	0.13436	0.01810	0.01175	0.00347	0.00761	0.01521	0.01236	0.01489
9	0.02270	0.03856	0.31062	0.02588	0.03651	0.02241	0.02901	0.08235	0.06914	0.03887	0.06515	0.08758	0.03277	0.01624	0.01153	0.00373	0.01277	0.07201	0.00744	0.01472
10	0.02982	0.09036	0.13390	0.02900	0.10030	0.02197	0.06217	0.03613	0.02521	0.16617	0.02912	0.08127	0.02360	0.01274	0.01041	0.00312	0.01159	0.01106	0.00784	0.11424
11	0.03598	0.02219	0.03092	0.02849	0.09773	0.02219	0.05729	0.14067	0.07277	0.22755	0.07467	0.03717	0.02982	0.01803	0.04944	0.00435	0.01200	0.01158	0.01044	0.01671

[dist]
# distance from previous block
# <min> <max>
0	62

[block]
# block no. 3 follows, 12 sequences, length 26
# corresponding to MSA columns:
# 529-554
name=unknown_D
#
# <colnr> <probs for GDERKNQSTAVLIFYWHMCP>
#	G	D	E	R	K	N	Q	S	T	A	V	L	I	F	Y	W	H	M	C	P
0	0.15788	0.03388	0.13636	0.11012	0.03992	0.09070	0.02414	0.15831	0.03083	0.08652	0.02200	0.02450	0.01586	0.01146	0.00989	0.00334	0.01323	0.00847	0.00751	0.01511
1	0.14604	0.26677	0.03888	0.10311	0.03465	0.03298	0.01910	0.12302	0.02707	0.03907	0.01823	0.02131	0.01473	0.01031	0.00836	0.00283	0.01129	0.00722	0.00639	0.06864
2	0.13035	0.02110	0.02781	0.02154	0.02955	0.02025	0.07935	0.06538	0.08625	0.16359	0.07620	0.03392	0.02823	0.01218	0.01014	0.00307	0.00978	0.01038	0.00934	0.16158
3	0.16091	0.06207	0.02838	0.10810	0.03499	0.02676	0.01882	0.21483	0.03341	0.10932	0.02741	0.07946	0.02226	0.01393	0.01014	0.00340	0.01084	0.01087	0.00900	0.01507
4	0.02863	0.02431	0.03025	0.03236	0.16046	0.08462	0.04943	0.07687	0.02859	0.07796	0.08368	0.03428	0.02867	0.01203	0.01023	0.00291	0.01104	0.01039	0.09569	0.11763
5	0.01513	0.01165	0.01412	0.01344	0.01669	0.01020	0.00998	0.01918	0.02716	0.03705	0.31531	0.15388	0.20704	0.02399	0.01257	0.00346	0.00567	0.02090	0.01074	0.07181
6	0.01933	0.01203	0.01542	0.01470	0.01800	0.01088	0.01128	0.02358	0.02830	0.10594	0.31073	0.14308	0.15983	0.02401	0.01291	0.00371	0.00628	0.05746	0.01151	0.01101
7	0.69383	0.02109	0.01603	0.01434	0.02109	0.02446	0.01181	0.03205	0.01856	0.04892	0.01518	0.01771	0.01181	0.01012	0.00675	0.00337	0.00843	0.00590	0.00675	0.01181
8	0.06940	0.01451	0.01674	0.01500	0.01885	0.01442	0.01159	0.08760	0.03203	0.04588	0.38418	0.07186	0.13490	0.02074	0.01214	0.00343	0.00636	0.01772	0.01125	0.01140
9	0.01888	0.01200	0.01516	0.01387	0.01735	0.01075	0.01058	0.02346	0.02976	0.10116	0.40165	0.08073	0.17838	0.02228	0.01264	0.00347	0.00570	0.01932	0.01182	0.01105
10	0.02187	0.05640	0.56031	0.03108	0.04719	0.02532	0.04029	0.03453	0.02302	0.03453	0.01957	0.02302	0.01381	0.01036	0.01036	0.00345	0.01611	0.00806	0.00460	0.01611
11	0.01429	0.01068	0.01327	0.01351	0.01581	0.00966	0.00980	0.01803	0.02685	0.03628	0.31704	0.22818	0.19327	0.02666	0.01315	0.00375	0.00555	0.02348	0.01108	0.00966
12	0.11238	0.02684	0.02809	0.02213	0.02949	0.02970	0.01786	0.39253	0.04289	0.06022	0.02600	0.03115	0.02055	0.09202	0.01629	0.00424	0.01141	0.01016	0.00987	0.01621
13	0.01580	0.01292	0.01877	0.16766	0.03207	0.01396	0.01580	0.01997	0.02235	0.02953	0.10856	0.22110	0.12565	0.03353	0.10623	0.00617	0.01206	0.01956	0.00823	0.01009
14	0.02159	0.02109	0.03835	0.03033	0.03712	0.02047	0.23681	0.03144	0.09166	0.03555	0.08125	0.10158	0.08615	0.01817	0.01310	0.00396	0.01255	0.09759	0.00830	0.01294
15	0.12251	0.02974	0.11681	0.17641	0.04289	0.09445	0.02365	0.03750	0.05476	0.12169	0.02492	0.02796	0.01799	0.01152	0.00991	0.00335	0.01282	0.00893	0.04810	0.01408
16	0.02509	0.20198	0.28001	0.02918	0.04147	0.03074	0.11005	0.03675	0.08087	0.03345	0.02161	0.02460	0.01653	0.01039	0.00995	0.00321	0.01443	0.00874	0.00551	0.01543
17	0.09820	0.06511	0.07178	0.17863	0.11080	0.02165	0.02222	0.02733	0.02211	0.03299	0.08017	0.03235	0.02558	0.01516	0.01427	0.09244	0.01129	0.00976	0.00605	0.06211
18	0.10985	0.17021	0.23848	0.02274	0.03247	0.02568	0.02509	0.02994	0.02226	0.03335	0.02775	0.10304	0.02686	0.01548	0.01015	0.00351	0.01214	0.07132	0.00626	0.01342
19	0.01960	0.02002	0.05244	0.01758	0.02191	0.07698	0.01467	0.02685	0.07434	0.03716	0.25643	0.07684	0.16014	0.02162	0.01248	0.00364	0.00854	0.07730	0.01009	0.01133
20	0.09710	0.01380	0.01590	0.01622	0.01885	0.01413	0.01173	0.08307	0.02573	0.03749	0.10537	0.40344	0.06151	0.02722	0.01256	0.00404	0.00718	0.02399	0.01004	0.01064
21	0.06570	0.02753	0.10284	0.27057	0.09058	0.05889	0.06341	0.03530	0.02451	0.12258	0.02339	0.02830	0.01676	0.01104	0.01068	0.00347	0.01399	0.00955	0.00656	0.01434
22	0.02454	0.02013	0.08223	0.02012	0.02549	0.01634	0.04553	0.08397	0.02660	0.10698	0.04187	0.21440	0.04127	0.06409	0.01505	0.00426	0.00969	0.05461	0.09027	0.01258
23	0.01420	0.01097	0.01510	0.09025	0.02347	0.01092	0.01255	0.01690	0.02146	0.02803	0.06066	0.47421	0.11998	0.03034	0.01340	0.00424	0.00731	0.02726	0.00943	0.00932
24	0.02582	0.07905	0.07295	0.08815	0.03766	0.02206	0.08395	0.06582	0.02585	0.06941	0.02588	0.03678	0.02199	0.01213	0.01031	0.00295	0.01169	0.06330	0.00705	0.23721
25	0.06493	0.03135	0.13709	0.10762	0.10212	0.06298	0.08044	0.03438	0.06474	0.03521	0.02145	0.02582	0.01663	0.01012	0.01006	0.00304	0.01318	0.00881	0.00598	0.16404

[dist]
# distance from previous block
# <min> <max>
0	80

[block]
# block no. 4 follows, 12 sequences, length 67
# corresponding to MSA columns:
# 635-701
name=unknown_E
#
# <colnr> <probs for GDERKNQSTAVLIFYWHMCP>
#	G	D	E	R	K	N	Q	S	T	A	V	L	I	F	Y	W	H	M	C	P
0	0.10072	0.09376	0.07680	0.02061	0.02807	0.08456	0.01808	0.04184	0.12998	0.16055	0.03769	0.07352	0.05916	0.01471	0.01025	0.00336	0.01068	0.01157	0.00915	0.01492
1	0.07579	0.13371	0.15839	0.05982	0.03619	0.02912	0.02391	0.12624	0.11793	0.09571	0.02652	0.02726	0.01942	0.01181	0.00987	0.00327	0.01196	0.00901	0.00798	0.01610
2	0.12467	0.04212	0.31864	0.02625	0.03871	0.02598	0.02968	0.13446	0.02904	0.09761	0.02273	0.02437	0.01586	0.01121	0.01002	0.00340	0.01346	0.00841	0.00713	0.01625
3	0.01610	0.01140	0.01613	0.01613	0.01792	0.01293	0.01222	0.01968	0.01789	0.02643	0.03044	0.04580	0.02872	0.13456	0.45700	0.01519	0.02462	0.01199	0.07541	0.00943
4	0.03373	0.01467	0.01891	0.01570	0.02125	0.01318	0.01253	0.03839	0.02900	0.30397	0.15910	0.04847	0.04514	0.01537	0.01056	0.00317	0.00723	0.01283	0.18231	0.01447
5	0.01558	0.01168	0.01752	0.01752	0.01947	0.01363	0.01363	0.01947	0.01752	0.02531	0.02921	0.04283	0.02726	0.08178	0.57360	0.01752	0.02921	0.01168	0.00584	0.00974
6	0.01421	0.01093	0.01299	0.01282	0.01563	0.00972	0.00949	0.01809	0.02748	0.03649	0.32365	0.14530	0.27261	0.02560	0.01298	0.00363	0.00541	0.02218	0.01107	0.00972
7	0.04184	0.09411	0.03370	0.02302	0.03175	0.03065	0.01938	0.35002	0.04326	0.17927	0.02893	0.02779	0.02003	0.01276	0.01048	0.00319	0.01132	0.00964	0.01082	0.01804
8	0.03189	0.02236	0.02553	0.02416	0.08356	0.02403	0.01722	0.27566	0.03763	0.05446	0.02907	0.03171	0.02194	0.01257	0.00966	0.00299	0.00950	0.00994	0.26088	0.01525
9	0.01757	0.01255	0.01757	0.02008	0.02259	0.01255	0.01757	0.02259	0.02510	0.03263	0.05773	0.12299	0.06275	0.03012	0.01506	0.00502	0.01004	0.47540	0.01004	0.01004
10	0.02472	0.01207	0.01427	0.01289	0.01660	0.01135	0.00996	0.02965	0.02655	0.14316	0.16636	0.05035	0.04685	0.01530	0.00962	0.00293	0.00593	0.01276	0.37684	0.01185
11	0.01543	0.01115	0.01457	0.01372	0.01629	0.01029	0.01029	0.02058	0.03086	0.04372	0.54304	0.08145	0.10288	0.02229	0.01286	0.00343	0.00514	0.01972	0.01200	0.01029
12	0.03722	0.14383	0.03501	0.13857	0.08307	0.02413	0.02097	0.04210	0.02689	0.29493	0.03054	0.03056	0.02095	0.01178	0.01012	0.00320	0.01115	0.00954	0.00922	0.01621
13	0.02564	0.12683	0.09030	0.10990	0.03603	0.02430	0.02019	0.09532	0.02640	0.03763	0.02143	0.02532	0.01691	0.01020	0.00893	0.00259	0.01081	0.00792	0.08144	0.22191
14	0.03370	0.08331	0.09404	0.02561	0.03490	0.07787	0.07547	0.13689	0.09751	0.12390	0.02749	0.02808	0.01999	0.01161	0.01036	0.00311	0.01258	0.00951	0.00853	0.08552
15	0.02586	0.01908	0.08240	0.02067	0.02606	0.01528	0.04972	0.02968	0.02225	0.16521	0.03392	0.11274	0.02978	0.03837	0.17472	0.10457	0.01592	0.01344	0.00810	0.01226
16	0.02059	0.01938	0.03270	0.59060	0.07510	0.02422	0.03028	0.02786	0.02180	0.02786	0.01938	0.02907	0.01453	0.01090	0.01090	0.00363	0.01453	0.00969	0.00484	0.01211
17	0.02131	0.02011	0.03400	0.53195	0.12815	0.02441	0.03064	0.02849	0.02214	0.02873	0.01951	0.02884	0.01484	0.01077	0.01089	0.00359	0.01436	0.00969	0.00491	0.01269
18	0.08884	0.01979	0.02815	0.26399	0.08278	0.02226	0.02368	0.08448	0.02664	0.09058	0.02993	0.04712	0.02583	0.01510	0.01134	0.00379	0.01213	0.10247	0.00767	0.01341
19	0.69383	0.02109	0.01603	0.01434	0.02109	0.02446	0.01181	0.03205	0.01856	0.04892	0.01518	0.01771	0.01181	0.01012	0.00675	0.00337	0.00843	0.00590	0.00675	0.01181
20	0.07713	0.01414	0.01771	0.01558	0.02027	0.01300	0.01211	0.03116	0.02844	0.21009	0.24869	0.12314	0.10401	0.02024	0.01190	0.00354	0.00692	0.01733	0.01173	0.01288
21	0.04892	0.01856	0.02530	0.01940	0.02783	0.01603	0.01603	0.05314	0.03121	0.55634	0.04302	0.03711	0.02699	0.01350	0.01096	0.00337	0.00928	0.01096	0.01350	0.01856
22	0.03088	0.12669	0.04241	0.08659	0.04117	0.02871	0.14969	0.08635	0.14065	0.11265	0.02899	0.03067	0.02133	0.01163	0.01081	0.00337	0.01276	0.01066	0.00820	0.01580
23	0.11395	0.02300	0.08340	0.02000	0.02851	0.01860	0.01799	0.04691	0.07250	0.36158	0.07124	0.03667	0.02950	0.01348	0.01056	0.00341	0.00961	0.01078	0.01143	0.01685
24	0.01373	0.00981	0.01316	0.01569	0.01652	0.00924	0.01089	0.01595	0.02131	0.02833	0.05985	0.55933	0.07115	0.03374	0.01404	0.00449	0.00671	0.07698	0.01011	0.00898
25	0.01455	0.01052	0.01403	0.01638	0.01779	0.01000	0.01224	0.01745	0.02243	0.02939	0.06286	0.42782	0.10193	0.03249	0.01419	0.00456	0.00739	0.16465	0.01010	0.00924
26	0.09732	0.02664	0.07599	0.14943	0.09830	0.06762	0.02350	0.07052	0.02782	0.21584	0.02750	0.02905	0.01903	0.01171	0.01039	0.00337	0.01237	0.00942	0.00850	0.01569
27	0.04589	0.02279	0.08522	0.02071	0.03000	0.01707	0.01874	0.05105	0.03029	0.49790	0.04039	0.03553	0.02551	0.01314	0.01090	0.00338	0.01004	0.01064	0.01250	0.01828
28	0.04808	0.01990	0.02613	0.02004	0.02850	0.01802	0.01655	0.10458	0.03345	0.50173	0.04113	0.03589	0.02604	0.01345	0.01096	0.00336	0.00958	0.01084	0.01321	0.01855
29	0.02227	0.05361	0.50899	0.03262	0.04820	0.02556	0.08880	0.03457	0.02330	0.03457	0.01983	0.02368	0.01409	0.01024	0.01062	0.00348	0.01635	0.00855	0.00470	0.01597
30	0.03262	0.02686	0.10471	0.07908	0.07909	0.08046	0.02207	0.03744	0.02524	0.21020	0.02842	0.03168	0.02078	0.02238	0.07702	0.07522	0.01451	0.00979	0.00802	0.01440
31	0.02516	0.02112	0.04004	0.03042	0.03798	0.01955	0.25168	0.03191	0.02741	0.11049	0.13972	0.05591	0.08318	0.01591	0.01280	0.00371	0.01259	0.05819	0.00876	0.01348
32	0.04269	0.01883	0.02438	0.01945	0.02705	0.01748	0.01580	0.05150	0.11593	0.43079	0.08092	0.04106	0.03378	0.01438	0.01113	0.00343	0.00886	0.01186	0.01297	0.01771
33	0.08949	0.02682	0.12937	0.18202	0.14641	0.02212	0.02696	0.03390	0.02386	0.12298	0.02665	0.07576	0.02157	0.01285	0.01065	0.00352	0.01237	0.01101	0.00700	0.01470
34	0.02070	0.01671	0.02755	0.11526	0.13883	0.01680	0.06211	0.02514	0.02295	0.06573	0.04134	0.31303	0.04426	0.02205	0.01253	0.00393	0.01018	0.02047	0.00818	0.01224
35	0.01894	0.00947	0.01420	0.01420	0.01420	0.00947	0.00947	0.01420	0.01420	0.01894	0.01894	0.03314	0.01894	0.03788	0.04261	0.68277	0.00947	0.00947	0.00473	0.00473
36	0.41740	0.07027	0.02768	0.05959	0.03098	0.06421	0.06188	0.08666	0.02422	0.04512	0.01746	0.02066	0.01351	0.01044	0.00830	0.00329	0.01119	0.00733	0.00673	0.01308
37	0.02131	0.03238	0.20912	0.06777	0.04355	0.02235	0.18562	0.02957	0.02210	0.03116	0.02367	0.03430	0.01994	0.09009	0.11215	0.00673	0.01837	0.01124	0.00535	0.01324
38	0.02722	0.12980	0.03662	0.22716	0.04763	0.13946	0.05387	0.03425	0.05697	0.02989	0.01993	0.02505	0.01591	0.01046	0.00977	0.00297	0.01408	0.00842	0.00564	0.10489
39	0.02443	0.02459	0.03158	0.06445	0.03336	0.12038	0.11877	0.02837	0.02343	0.03043	0.06779	0.09731	0.03015	0.01822	0.01849	0.06736	0.11124	0.01307	0.06524	0.01134
40	0.02508	0.01299	0.01718	0.01649	0.02027	0.01168	0.01263	0.02845	0.02593	0.19547	0.10499	0.27416	0.10869	0.02545	0.01292	0.00399	0.00747	0.07262	0.01135	0.01220
41	0.03258	0.01417	0.01818	0.01568	0.02076	0.01278	0.01227	0.03674	0.02716	0.28695	0.08134	0.13380	0.04026	0.01727	0.01064	0.00331	0.00731	0.01463	0.20018	0.01400
42	0.01328	0.00949	0.01265	0.01518	0.01581	0.00886	0.01012	0.01518	0.02088	0.02783	0.06010	0.60969	0.07212	0.03416	0.01392	0.00443	0.00633	0.03100	0.01012	0.00886
43	0.02293	0.02249	0.03162	0.02738	0.02760	0.03118	0.02271	0.02548	0.01679	0.02614	0.01598	0.02598	0.01576	0.02611	0.09602	0.00620	0.53327	0.00978	0.00489	0.01168
44	0.01598	0.01104	0.01408	0.01332	0.01589	0.01027	0.00999	0.02112	0.02997	0.04338	0.48620	0.07688	0.09449	0.02122	0.01227	0.00333	0.00514	0.01865	0.08652	0.01027
45	0.01565	0.01139	0.01607	0.01607	0.01751	0.01284	0.01181	0.01853	0.01709	0.02423	0.03054	0.05022	0.03046	0.22026	0.43949	0.01572	0.02438	0.01276	0.00604	0.00893
46	0.09063	0.02847	0.10080	0.07502	0.14661	0.02514	0.17728	0.03829	0.07702	0.09539	0.02531	0.02912	0.01871	0.01069	0.01107	0.00350	0.01383	0.01057	0.00693	0.01564
47	0.02775	0.48194	0.08877	0.07096	0.07886	0.03884	0.02241	0.03246	0.02242	0.02732	0.01628	0.01966	0.01431	0.00956	0.00788	0.00260	0.01232	0.00664	0.00474	0.01427
48	0.04073	0.05197	0.03090	0.02809	0.03371	0.57303	0.02107	0.04354	0.03090	0.02669	0.01685	0.01966	0.01404	0.01124	0.00983	0.00281	0.01966	0.00702	0.00562	0.01264
49	0.02591	0.07551	0.11413	0.01895	0.02593	0.01883	0.01757	0.03401	0.08939	0.14669	0.05048	0.11349	0.12757	0.07431	0.01540	0.00419	0.00966	0.01515	0.00924	0.01361
50	0.08401	0.01933	0.02268	0.01674	0.02590	0.01569	0.01354	0.03368	0.02423	0.15528	0.02442	0.02551	0.01826	0.00948	0.00862	0.00216	0.00838	0.00744	0.00809	0.47656
51	0.18164	0.01908	0.02339	0.01836	0.02645	0.01776	0.01516	0.04880	0.02860	0.45192	0.03729	0.03312	0.02387	0.01280	0.01010	0.00337	0.00910	0.00992	0.01211	0.01717
52	0.01447	0.01111	0.01325	0.01271	0.01570	0.00988	0.00953	0.01872	0.02860	0.03836	0.38038	0.09028	0.26888	0.02429	0.01287	0.00352	0.00529	0.02096	0.01130	0.00988
53	0.03000	0.03048	0.07810	0.14906	0.12727	0.08735	0.16035	0.08923	0.02853	0.07951	0.02273	0.02772	0.01688	0.01071	0.01128	0.00342	0.01532	0.01028	0.00658	0.01520
54	0.01328	0.00949	0.01265	0.01518	0.01581	0.00886	0.01012	0.01518	0.02088	0.02783	0.06010	0.60969	0.07212	0.03416	0.01392	0.00443	0.00633	0.03100	0.01012	0.00886
55	0.01558	0.01168	0.01752	0.01752	0.01947	0.01363	0.01363	0.01947	0.01752	0.02531	0.02921	0.04283	0.02726	0.08178	0.57360	0.01752	0.02921	0.01168	0.00584	0.00974
56	0.07176	0.06587	0.03398	0.19445	0.10141	0.02954	0.02423	0.16738	0.07421	0.04278	0.02257	0.02703	0.01738	0.01233	0.01271	0.00349	0.06716	0.00944	0.00726	0.01504
57	0.07052	0.06378	0.04049	0.18911	0.21221	0.02804	0.08136	0.11467	0.02812	0.03941	0.02068	0.02646	0.01612	0.01055	0.01057	0.00335	0.01344	0.00958	0.00625	0.01528
58	0.02661	0.01837	0.02341	0.11600	0.03176	0.06743	0.05248	0.03039	0.02374	0.12066	0.03192	0.09802	0.02712	0.01778	0.01457	0.09085	0.01048	0.01237	0.17436	0.01166
59	0.69383	0.02109	0.01603	0.01434	0.02109	0.02446	0.01181	0.03205	0.01856	0.04892	0.01518	0.01771	0.01181	0.01012	0.00675	0.00337	0.00843	0.00590	0.00675	0.01181
60	0.01649	0.01156	0.01656	0.01723	0.01891	0.01257	0.01346	0.01935	0.01901	0.02613	0.03630	0.06632	0.03721	0.12344	0.31223	0.08226	0.01998	0.13513	0.00693	0.00895
61	0.02759	0.03169	0.20876	0.16542	0.10306	0.02174	0.02909	0.03573	0.02544	0.15005	0.07074	0.03318	0.02512	0.01216	0.01089	0.00345	0.01290	0.01031	0.00738	0.01532
62	0.01909	0.07585	0.08109	0.01690	0.02294	0.01721	0.01517	0.02739	0.08317	0.03811	0.25656	0.06196	0.13750	0.01827	0.01134	0.00321	0.00774	0.01543	0.00951	0.08155
63	0.01441	0.01051	0.01315	0.01365	0.01542	0.00969	0.00955	0.01755	0.02498	0.03388	0.26387	0.26256	0.14505	0.09363	0.01800	0.00460	0.00620	0.02355	0.01051	0.00924
64	0.14082	0.12453	0.03178	0.02806	0.11706	0.06098	0.01931	0.03050	0.02208	0.06865	0.02642	0.13267	0.02604	0.01617	0.01402	0.00356	0.10507	0.01227	0.00686	0.01313
65	0.02531	0.13046	0.11366	0.08682	0.04208	0.02817	0.14674	0.06694	0.11455	0.03612	0.03275	0.03533	0.06811	0.01252	0.01088	0.00339	0.01319	0.01134	0.00694	0.01469
66	0.08283	0.37106	0.08565	0.02178	0.03089	0.03601	0.05255	0.03795	0.12339	0.03285	0.02179	0.02336	0.01782	0.01055	0.00844	0.00287	0.01158	0.00778	0.00617	0.01467

[dist]
# distance from previous block
# <min> <max>
0	7

[block]
# block no. 5 follows, 12 sequences, length 15
# corresponding to MSA columns:
# 709-714,717-725
name=unknown_F
#
# <colnr> <probs for GDERKNQSTAVLIFYWHMCP>
#	G	D	E	R	K	N	Q	S	T	A	V	L	I	F	Y	W	H	M	C	P
0	0.09347	0.22516	0.04026	0.03128	0.16515	0.02855	0.02116	0.03914	0.02534	0.19428	0.02518	0.02608	0.01868	0.01079	0.00921	0.00299	0.01098	0.00845	0.00777	0.01608
1	0.02397	0.01443	0.01798	0.01633	0.02003	0.01378	0.01217	0.05586	0.05700	0.10702	0.04221	0.12210	0.08174	0.07763	0.02360	0.17953	0.00876	0.04127	0.00867	0.07592
2	0.01475	0.01069	0.01391	0.01537	0.01706	0.01007	0.01140	0.01796	0.02391	0.03187	0.16080	0.31969	0.11925	0.06261	0.01616	0.00462	0.00705	0.12321	0.01029	0.00931
3	0.46533	0.07690	0.01921	0.01496	0.02049	0.02252	0.01207	0.02805	0.01946	0.04158	0.02599	0.16019	0.02654	0.01583	0.00850	0.00353	0.00824	0.01194	0.00736	0.01131
4	0.16449	0.12914	0.02905	0.15711	0.03574	0.02382	0.01784	0.03306	0.02314	0.13927	0.05914	0.03388	0.02478	0.07070	0.01382	0.00395	0.01068	0.00974	0.00761	0.01304
5	0.02414	0.02332	0.04059	0.29191	0.31143	0.02529	0.06361	0.03114	0.02358	0.03222	0.02012	0.02805	0.01604	0.01019	0.01098	0.00344	0.01400	0.00991	0.00517	0.01487
6	0.01865	0.01650	0.02418	0.15996	0.03604	0.01589	0.05544	0.02410	0.02511	0.03432	0.16469	0.05568	0.14381	0.01627	0.01130	0.00314	0.00928	0.01434	0.00807	0.16325
7	0.02756	0.02047	0.03342	0.37428	0.15648	0.02289	0.02800	0.03406	0.02429	0.13646	0.02439	0.03030	0.01758	0.01120	0.01089	0.00351	0.01317	0.00995	0.00670	0.01441
8	0.01435	0.01025	0.01360	0.01481	0.01590	0.01002	0.01018	0.01687	0.02156	0.02950	0.14074	0.36082	0.06706	0.11623	0.09877	0.00692	0.00992	0.02417	0.00939	0.00894
9	0.01372	0.00982	0.01304	0.01489	0.01591	0.00915	0.01016	0.01628	0.02290	0.03105	0.15798	0.50263	0.07835	0.03175	0.01370	0.00423	0.00609	0.02871	0.01050	0.00915
10	0.01813	0.01207	0.01607	0.01807	0.02059	0.01207	0.01555	0.02316	0.02465	0.03426	0.05324	0.10630	0.05570	0.02659	0.01355	0.00452	0.00904	0.38111	0.14528	0.01006
11	0.02831	0.01721	0.02429	0.09362	0.03040	0.01936	0.01814	0.03269	0.02395	0.18384	0.07236	0.04340	0.03117	0.02431	0.08403	0.00545	0.14041	0.04179	0.07208	0.01320
12	0.03143	0.02442	0.04042	0.05729	0.44321	0.02390	0.02993	0.03745	0.02612	0.14116	0.02507	0.02904	0.01924	0.01048	0.01083	0.00327	0.01221	0.00997	0.00704	0.01753
13	0.02178	0.07708	0.05837	0.20017	0.04078	0.02195	0.02075	0.07014	0.06494	0.03354	0.03381	0.20207	0.03367	0.01803	0.01125	0.00359	0.01079	0.01564	0.00753	0.05412
14	0.01925	0.01230	0.01637	0.01640	0.01869	0.01250	0.01199	0.02413	0.07098	0.07668	0.10741	0.24666	0.05234	0.03906	0.13038	0.09433	0.01170	0.01927	0.00919	0.01036

[dist]
# distance from previous block
# <min> <max>
0	65

# created by:
# /st0/software/busco_prod/Augustus/scripts/msa2prfl.pl ./align_prep/10334.fa
