[name]
unknown

[dist]
# distance from previous block
# <min> <max>
0	86

[block]
# block no. 0 follows, 14 sequences, length 91
# corresponding to MSA columns:
# 86-176
name=unknown_A
#
# <colnr> <probs for GDERKNQSTAVLIFYWHMCP>
#	G	D	E	R	K	N	Q	S	T	A	V	L	I	F	Y	W	H	M	C	P
0	0.01612	0.01168	0.01595	0.01809	0.02056	0.01151	0.01571	0.02064	0.02360	0.03043	0.05905	0.11414	0.10770	0.02812	0.01398	0.00461	0.00905	0.46024	0.00946	0.00937
1	0.64561	0.01896	0.01495	0.01344	0.01942	0.02175	0.01098	0.02914	0.01856	0.04558	0.06706	0.02237	0.01925	0.01061	0.00690	0.00318	0.00764	0.00679	0.00682	0.01098
2	0.02417	0.02292	0.03883	0.05836	0.52211	0.02286	0.02941	0.02986	0.02301	0.03283	0.02284	0.08307	0.02116	0.01133	0.01044	0.00315	0.01160	0.01105	0.00550	0.01550
3	0.02313	0.01806	0.02792	0.03883	0.30851	0.01755	0.02089	0.02794	0.02325	0.08010	0.03867	0.09612	0.10080	0.01442	0.01026	0.00312	0.00917	0.01296	0.11479	0.01350
4	0.64605	0.01887	0.01456	0.01312	0.01910	0.02174	0.01074	0.02957	0.01785	0.04530	0.01611	0.01872	0.01256	0.00976	0.00643	0.00310	0.00764	0.00594	0.07188	0.01097
5	0.02414	0.02305	0.03869	0.05799	0.52201	0.02289	0.02924	0.02990	0.02337	0.03298	0.02734	0.03237	0.06896	0.01074	0.01035	0.00309	0.01153	0.01033	0.00550	0.01553
6	0.71184	0.01985	0.01508	0.01350	0.01985	0.02302	0.01111	0.03017	0.01746	0.04604	0.01429	0.01667	0.01111	0.00953	0.00635	0.00318	0.00794	0.00556	0.00635	0.01111
7	0.02553	0.02204	0.02320	0.02088	0.02669	0.02553	0.01624	0.05453	0.55679	0.04293	0.04177	0.03829	0.03133	0.01392	0.01044	0.00348	0.00812	0.01160	0.01044	0.01624
8	0.71184	0.01985	0.01508	0.01350	0.01985	0.02302	0.01111	0.03017	0.01746	0.04604	0.01429	0.01667	0.01111	0.00953	0.00635	0.00318	0.00794	0.00556	0.00635	0.01111
9	0.03901	0.02874	0.03080	0.02361	0.03182	0.03182	0.01951	0.54111	0.04825	0.06468	0.02464	0.02464	0.01745	0.01232	0.01027	0.00308	0.01129	0.00924	0.01027	0.01745
10	0.01492	0.00995	0.01119	0.01119	0.01119	0.00995	0.00622	0.01492	0.01492	0.01990	0.03233	0.06716	0.03731	0.63935	0.05223	0.00995	0.00995	0.01492	0.00622	0.00622
11	0.71184	0.01985	0.01508	0.01350	0.01985	0.02302	0.01111	0.03017	0.01746	0.04604	0.01429	0.01667	0.01111	0.00953	0.00635	0.00318	0.00794	0.00556	0.00635	0.01111
12	0.02487	0.02232	0.03538	0.05012	0.41643	0.02259	0.02638	0.08967	0.02573	0.03603	0.02618	0.12693	0.02504	0.01337	0.01066	0.00324	0.01104	0.01251	0.00645	0.01507
13	0.01938	0.01824	0.03078	0.61468	0.07068	0.02280	0.02850	0.02622	0.02052	0.02622	0.01824	0.02736	0.01368	0.01026	0.01026	0.00342	0.01368	0.00912	0.00456	0.01140
14	0.02260	0.02290	0.03166	0.29544	0.08590	0.07456	0.02561	0.02723	0.01955	0.02605	0.01624	0.02455	0.01374	0.01323	0.01937	0.00375	0.25241	0.00886	0.00463	0.01172
15	0.03528	0.09446	0.03017	0.02476	0.03043	0.45555	0.01904	0.04239	0.11670	0.02802	0.02006	0.02165	0.01624	0.01098	0.00923	0.00275	0.01614	0.00735	0.00607	0.01273
16	0.02540	0.02438	0.04165	0.06299	0.57533	0.02438	0.03149	0.03149	0.02337	0.03353	0.01930	0.02540	0.01626	0.00914	0.01016	0.00305	0.01219	0.00914	0.00508	0.01626
17	0.03238	0.02545	0.02707	0.02227	0.02930	0.02873	0.01790	0.30201	0.29814	0.05399	0.03306	0.03135	0.02427	0.01311	0.01035	0.00328	0.00973	0.01040	0.01035	0.01686
18	0.02245	0.02245	0.03143	0.02694	0.02694	0.03143	0.02245	0.02470	0.01572	0.02470	0.01347	0.02245	0.01347	0.01796	0.03368	0.00449	0.62057	0.00898	0.00449	0.01123
19	0.02670	0.02263	0.02387	0.02112	0.02713	0.02607	0.01653	0.09700	0.51240	0.04483	0.04027	0.03710	0.03012	0.01378	0.01043	0.00345	0.00840	0.01140	0.01043	0.01635
20	0.01278	0.00928	0.01213	0.01430	0.01528	0.00863	0.00991	0.01486	0.02028	0.02667	0.06053	0.54667	0.11113	0.03132	0.01310	0.00415	0.00615	0.06486	0.00952	0.00845
21	0.01913	0.00956	0.00956	0.00956	0.01196	0.00956	0.00717	0.02391	0.02152	0.03826	0.03348	0.03826	0.02630	0.01196	0.00717	0.00239	0.00478	0.00956	0.69632	0.00956
22	0.01938	0.01824	0.03078	0.61468	0.07068	0.02280	0.02850	0.02622	0.02052	0.02622	0.01824	0.02736	0.01368	0.01026	0.01026	0.00342	0.01368	0.00912	0.00456	0.01140
23	0.01938	0.01824	0.03078	0.61468	0.07068	0.02280	0.02850	0.02622	0.02052	0.02622	0.01824	0.02736	0.01368	0.01026	0.01026	0.00342	0.01368	0.00912	0.00456	0.01140
24	0.01913	0.00956	0.00956	0.00956	0.01196	0.00956	0.00717	0.02391	0.02152	0.03826	0.03348	0.03826	0.02630	0.01196	0.00717	0.00239	0.00478	0.00956	0.69632	0.00956
25	0.71184	0.01985	0.01508	0.01350	0.01985	0.02302	0.01111	0.03017	0.01746	0.04604	0.01429	0.01667	0.01111	0.00953	0.00635	0.00318	0.00794	0.00556	0.00635	0.01111
26	0.02061	0.01949	0.03299	0.50231	0.17347	0.02312	0.02911	0.02729	0.02110	0.02771	0.01846	0.02696	0.01420	0.01003	0.01024	0.00334	0.01338	0.00912	0.00467	0.01239
27	0.02141	0.01971	0.02987	0.42076	0.10393	0.02361	0.02575	0.03363	0.15241	0.03096	0.02411	0.02987	0.01824	0.01106	0.01030	0.00340	0.01219	0.00973	0.00605	0.01301
28	0.03952	0.02793	0.03029	0.02322	0.03142	0.03061	0.01919	0.50557	0.04688	0.10215	0.02579	0.02538	0.01803	0.01235	0.01027	0.00309	0.01111	0.00932	0.01044	0.01745
29	0.01473	0.01073	0.01515	0.01515	0.01652	0.01210	0.01115	0.01746	0.01609	0.02283	0.02872	0.04712	0.02861	0.21959	0.46010	0.01483	0.02304	0.01199	0.00568	0.00842
30	0.02245	0.02245	0.03143	0.02694	0.02694	0.03143	0.02245	0.02470	0.01572	0.02470	0.01347	0.02245	0.01347	0.01796	0.03368	0.00449	0.62057	0.00898	0.00449	0.01123
31	0.01856	0.01985	0.01498	0.01433	0.01825	0.15337	0.01075	0.02117	0.02479	0.02708	0.08233	0.07906	0.43420	0.02221	0.01142	0.00326	0.00846	0.01796	0.00849	0.00946
32	0.02422	0.02768	0.06055	0.04325	0.05363	0.02595	0.53806	0.03287	0.02422	0.03287	0.02076	0.02768	0.01557	0.00865	0.01211	0.00346	0.01730	0.01211	0.00519	0.01384
33	0.02540	0.02438	0.04165	0.06299	0.57533	0.02438	0.03149	0.03149	0.02337	0.03353	0.01930	0.02540	0.01626	0.00914	0.01016	0.00305	0.01219	0.00914	0.00508	0.01626
34	0.03375	0.02467	0.02857	0.02280	0.02846	0.02851	0.01882	0.33179	0.03649	0.09200	0.02388	0.02607	0.01785	0.01370	0.01575	0.00337	0.16009	0.00929	0.06892	0.01524
35	0.02213	0.01887	0.02130	0.06996	0.02759	0.02133	0.01556	0.04313	0.38059	0.04011	0.13671	0.04831	0.07915	0.01569	0.01084	0.00343	0.00782	0.01331	0.01002	0.01414
36	0.01913	0.00956	0.00956	0.00956	0.01196	0.00956	0.00717	0.02391	0.02152	0.03826	0.03348	0.03826	0.02630	0.01196	0.00717	0.00239	0.00478	0.00956	0.69632	0.00956
37	0.24675	0.02372	0.02456	0.01942	0.02701	0.02572	0.01603	0.28442	0.03497	0.16442	0.02469	0.02429	0.01713	0.01154	0.00908	0.00313	0.00974	0.00833	0.00956	0.01551
38	0.10087	0.02295	0.02632	0.02035	0.02828	0.02361	0.01681	0.27810	0.03717	0.29332	0.03078	0.02852	0.02043	0.01225	0.00995	0.00313	0.00986	0.00940	0.01101	0.01690
39	0.01913	0.00956	0.00956	0.00956	0.01196	0.00956	0.00717	0.02391	0.02152	0.03826	0.03348	0.03826	0.02630	0.01196	0.00717	0.00239	0.00478	0.00956	0.69632	0.00956
40	0.65441	0.01964	0.01584	0.01391	0.02039	0.02234	0.01146	0.03188	0.01849	0.09231	0.01655	0.01825	0.01235	0.00980	0.00669	0.00318	0.00801	0.00597	0.00690	0.01166
41	0.01466	0.01100	0.01649	0.01649	0.01833	0.01283	0.01283	0.01833	0.01649	0.02382	0.02749	0.04032	0.02566	0.07697	0.59868	0.01649	0.02749	0.01100	0.00550	0.00916
42	0.02128	0.01824	0.02128	0.01520	0.02432	0.01368	0.01216	0.02584	0.02128	0.03344	0.01824	0.02128	0.01520	0.00760	0.00760	0.00152	0.00760	0.00608	0.00608	0.70208
43	0.04361	0.02137	0.02623	0.02011	0.02815	0.02088	0.01661	0.22011	0.03591	0.40311	0.03500	0.03136	0.02265	0.01257	0.01030	0.00314	0.00962	0.00995	0.01186	0.01746
44	0.04388	0.01753	0.02359	0.01799	0.02603	0.01496	0.01483	0.04790	0.02867	0.53452	0.03854	0.03374	0.02451	0.01226	0.01008	0.00303	0.00863	0.00995	0.01212	0.07722
45	0.02134	0.02024	0.03432	0.43521	0.23485	0.02331	0.02947	0.02794	0.02145	0.02860	0.01859	0.02672	0.01452	0.00990	0.01023	0.00330	0.01320	0.00913	0.00473	0.01298
46	0.02140	0.01970	0.02965	0.04115	0.32776	0.01967	0.02219	0.02953	0.09341	0.03374	0.07664	0.04875	0.16377	0.01475	0.01081	0.00322	0.00945	0.01320	0.00728	0.01394
47	0.01938	0.01824	0.03078	0.61468	0.07068	0.02280	0.02850	0.02622	0.02052	0.02622	0.01824	0.02736	0.01368	0.01026	0.01026	0.00342	0.01368	0.00912	0.00456	0.01140
48	0.07659	0.02677	0.02969	0.03450	0.19917	0.10512	0.02136	0.07289	0.24749	0.03903	0.02815	0.02915	0.02182	0.01155	0.00989	0.00318	0.01102	0.00957	0.00774	0.01535
49	0.01466	0.01100	0.01649	0.01649	0.01833	0.01283	0.01283	0.01833	0.01649	0.02382	0.02749	0.04032	0.02566	0.07697	0.59868	0.01649	0.02749	0.01100	0.00550	0.00916
50	0.03245	0.04007	0.04219	0.03344	0.04085	0.35975	0.23575	0.03760	0.02706	0.02835	0.01790	0.02233	0.01420	0.00977	0.01044	0.00298	0.01800	0.00890	0.00525	0.01271
51	0.01783	0.00891	0.01337	0.01337	0.01337	0.00891	0.00891	0.01337	0.01337	0.01783	0.01783	0.03119	0.01783	0.03565	0.04011	0.70143	0.00891	0.00891	0.00446	0.00446
52	0.31934	0.02504	0.02425	0.01940	0.02683	0.02816	0.01601	0.32823	0.03542	0.05691	0.02033	0.02132	0.01481	0.01116	0.00863	0.00312	0.00990	0.00771	0.00863	0.01481
53	0.02024	0.02002	0.03799	0.02878	0.03546	0.01907	0.27590	0.02884	0.06682	0.03712	0.25352	0.04910	0.05098	0.01424	0.01198	0.00336	0.01136	0.01479	0.00816	0.01227
54	0.02540	0.02438	0.04165	0.06299	0.57533	0.02438	0.03149	0.03149	0.02337	0.03353	0.01930	0.02540	0.01626	0.00914	0.01016	0.00305	0.01219	0.00914	0.00508	0.01626
55	0.04604	0.01746	0.02382	0.01826	0.02620	0.01508	0.01508	0.05001	0.02937	0.58244	0.04049	0.03493	0.02540	0.01270	0.01032	0.00318	0.00873	0.01032	0.01270	0.01746
56	0.01307	0.01138	0.01261	0.01411	0.05355	0.00977	0.00947	0.01591	0.02339	0.02813	0.09798	0.09358	0.53195	0.02480	0.01199	0.00344	0.00569	0.02077	0.00922	0.00920
57	0.54391	0.01946	0.01889	0.15929	0.03217	0.02297	0.01533	0.02921	0.01821	0.04124	0.01525	0.01926	0.01174	0.00970	0.00730	0.00323	0.00933	0.00642	0.00592	0.01118
58	0.01938	0.01824	0.03078	0.61468	0.07068	0.02280	0.02850	0.02622	0.02052	0.02622	0.01824	0.02736	0.01368	0.01026	0.01026	0.00342	0.01368	0.00912	0.00456	0.01140
59	0.02661	0.02589	0.03832	0.13398	0.42104	0.07281	0.02925	0.06758	0.02521	0.03400	0.01924	0.02504	0.01573	0.00964	0.01010	0.00307	0.01286	0.00893	0.00539	0.01530
60	0.02553	0.02204	0.02320	0.02088	0.02669	0.02553	0.01624	0.05453	0.55679	0.04293	0.04177	0.03829	0.03133	0.01392	0.01044	0.00348	0.00812	0.01160	0.01044	0.01624
61	0.02553	0.02204	0.02320	0.02088	0.02669	0.02553	0.01624	0.05453	0.55679	0.04293	0.04177	0.03829	0.03133	0.01392	0.01044	0.00348	0.00812	0.01160	0.01044	0.01624
62	0.71184	0.01985	0.01508	0.01350	0.01985	0.02302	0.01111	0.03017	0.01746	0.04604	0.01429	0.01667	0.01111	0.00953	0.00635	0.00318	0.00794	0.00556	0.00635	0.01111
63	0.02637	0.02246	0.02368	0.02105	0.02701	0.02592	0.01645	0.08487	0.52508	0.04428	0.04070	0.03744	0.03046	0.01382	0.01043	0.00346	0.00832	0.01145	0.01043	0.01632
64	0.71184	0.01985	0.01508	0.01350	0.01985	0.02302	0.01111	0.03017	0.01746	0.04604	0.01429	0.01667	0.01111	0.00953	0.00635	0.00318	0.00794	0.00556	0.00635	0.01111
65	0.01938	0.01824	0.03078	0.61468	0.07068	0.02280	0.02850	0.02622	0.02052	0.02622	0.01824	0.02736	0.01368	0.01026	0.01026	0.00342	0.01368	0.00912	0.00456	0.01140
66	0.01654	0.01181	0.01654	0.01890	0.02126	0.01181	0.01654	0.02126	0.02362	0.03071	0.05433	0.11576	0.05906	0.02835	0.01417	0.00472	0.00945	0.50626	0.00945	0.00945
67	0.01995	0.01882	0.03181	0.56229	0.11861	0.02295	0.02878	0.02672	0.02079	0.02691	0.01834	0.02717	0.01392	0.01015	0.01025	0.00338	0.01354	0.00912	0.00461	0.01186
68	0.01729	0.01486	0.02153	0.02002	0.02123	0.01911	0.01608	0.02048	0.01623	0.02412	0.02276	0.03429	0.02154	0.05705	0.40801	0.01244	0.22764	0.01032	0.00516	0.00986
69	0.01347	0.00974	0.01294	0.01515	0.01638	0.00921	0.01112	0.01603	0.02089	0.02741	0.05936	0.46803	0.10128	0.03078	0.01329	0.00425	0.00676	0.14576	0.00951	0.00863
70	0.02540	0.02438	0.04165	0.06299	0.57533	0.02438	0.03149	0.03149	0.02337	0.03353	0.01930	0.02540	0.01626	0.00914	0.01016	0.00305	0.01219	0.00914	0.00508	0.01626
71	0.02586	0.07564	0.02604	0.02007	0.02559	0.02556	0.01617	0.12519	0.30185	0.04344	0.12460	0.03965	0.03746	0.01466	0.01182	0.00332	0.04698	0.01170	0.00965	0.01474
72	0.01319	0.00946	0.01252	0.01382	0.01504	0.00879	0.00958	0.01600	0.02282	0.03124	0.22981	0.44502	0.07765	0.02838	0.01276	0.00385	0.00558	0.02559	0.01012	0.00879
73	0.02590	0.01994	0.03092	0.02310	0.03137	0.01738	0.14485	0.03286	0.06085	0.12960	0.02773	0.07920	0.02276	0.01132	0.00988	0.00266	0.01013	0.01072	0.00762	0.30120
74	0.01980	0.01905	0.03335	0.56540	0.06921	0.02307	0.07245	0.02679	0.02084	0.02679	0.01846	0.02739	0.01384	0.01012	0.01042	0.00342	0.01399	0.00938	0.00461	0.01161
75	0.01990	0.01877	0.03172	0.56710	0.11420	0.02294	0.02876	0.02667	0.02077	0.02685	0.01833	0.02719	0.01390	0.01016	0.01025	0.00339	0.01355	0.00912	0.00460	0.01182
76	0.01492	0.00995	0.01119	0.01119	0.01119	0.00995	0.00622	0.01492	0.01492	0.01990	0.03233	0.06716	0.03731	0.63935	0.05223	0.00995	0.00995	0.01492	0.00622	0.00622
77	0.02588	0.02418	0.03996	0.10641	0.49367	0.02479	0.03038	0.06794	0.02493	0.03517	0.01960	0.02551	0.01613	0.00947	0.01018	0.00308	0.01225	0.00915	0.00541	0.01593
78	0.03833	0.04891	0.02908	0.02644	0.03173	0.59815	0.01983	0.04098	0.02908	0.02512	0.01586	0.01851	0.01322	0.01058	0.00925	0.00264	0.01851	0.00661	0.00529	0.01190
79	0.71184	0.01985	0.01508	0.01350	0.01985	0.02302	0.01111	0.03017	0.01746	0.04604	0.01429	0.01667	0.01111	0.00953	0.00635	0.00318	0.00794	0.00556	0.00635	0.01111
80	0.01492	0.00995	0.01119	0.01119	0.01119	0.00995	0.00622	0.01492	0.01492	0.01990	0.03233	0.06716	0.03731	0.63935	0.05223	0.00995	0.00995	0.01492	0.00622	0.00622
81	0.01980	0.01906	0.03338	0.56481	0.06919	0.02307	0.07298	0.02680	0.02084	0.02680	0.01846	0.02739	0.01384	0.01012	0.01042	0.00342	0.01400	0.00938	0.00461	0.01161
82	0.02100	0.05048	0.53896	0.02855	0.04293	0.02397	0.03610	0.03435	0.06655	0.03337	0.02037	0.02306	0.01454	0.01010	0.00981	0.00327	0.01458	0.00792	0.00485	0.01526
83	0.71184	0.01985	0.01508	0.01350	0.01985	0.02302	0.01111	0.03017	0.01746	0.04604	0.01429	0.01667	0.01111	0.00953	0.00635	0.00318	0.00794	0.00556	0.00635	0.01111
84	0.02945	0.02585	0.07333	0.02490	0.06767	0.02581	0.01972	0.15114	0.32937	0.08698	0.03460	0.03292	0.02542	0.01281	0.01032	0.00332	0.00970	0.01051	0.00969	0.01650
85	0.02921	0.03377	0.25359	0.07350	0.04277	0.02150	0.13987	0.03755	0.02454	0.20316	0.02578	0.02755	0.01747	0.01047	0.01048	0.00329	0.01352	0.00955	0.00714	0.01530
86	0.08693	0.02099	0.06732	0.02225	0.07304	0.01697	0.01767	0.04365	0.02675	0.40954	0.03327	0.03066	0.02181	0.01152	0.00975	0.00303	0.00936	0.00931	0.01041	0.07579
87	0.07231	0.02202	0.03154	0.04048	0.29413	0.02325	0.02307	0.03464	0.13817	0.03624	0.05803	0.03024	0.02394	0.01150	0.01165	0.00314	0.05651	0.00975	0.00676	0.07262
88	0.07483	0.02201	0.03150	0.03803	0.27010	0.02171	0.02219	0.06311	0.02390	0.08172	0.02034	0.02424	0.01625	0.00994	0.01103	0.00278	0.05669	0.00818	0.00635	0.19510
89	0.06969	0.02042	0.03289	0.09257	0.31058	0.02046	0.06825	0.02698	0.02279	0.03230	0.03960	0.04302	0.15075	0.01333	0.01055	0.00323	0.01076	0.01220	0.00622	0.01342
90	0.03409	0.01773	0.02296	0.02023	0.05865	0.01658	0.01494	0.07517	0.07452	0.30798	0.10038	0.04028	0.03355	0.06087	0.01349	0.00357	0.00860	0.01127	0.01062	0.07452

[dist]
# distance from previous block
# <min> <max>
0	18

# created by:
# /st0/software/busco_prod/Augustus/scripts/msa2prfl.pl ./align_prep/10373.fa
