[name]
unknown

[dist]
# distance from previous block
# <min> <max>
0	180

[block]
# block no. 0 follows, 13 sequences, length 41
# corresponding to MSA columns:
# 211-245,248-253
name=unknown_A
#
# <colnr> <probs for GDERKNQSTAVLIFYWHMCP>
#	G	D	E	R	K	N	Q	S	T	A	V	L	I	F	Y	W	H	M	C	P
0	0.02916	0.08030	0.17297	0.07091	0.12485	0.02531	0.02614	0.07203	0.12442	0.12765	0.02760	0.02870	0.02006	0.01140	0.01016	0.00326	0.01190	0.00939	0.00767	0.01614
1	0.01532	0.01169	0.01598	0.07511	0.02166	0.01257	0.01211	0.01852	0.01961	0.02663	0.10713	0.05963	0.10635	0.19397	0.24635	0.01042	0.01638	0.01456	0.00706	0.00893
2	0.02144	0.09816	0.26637	0.21004	0.05074	0.02517	0.07132	0.02999	0.02158	0.02965	0.01969	0.02747	0.01564	0.05407	0.01319	0.00380	0.01449	0.00901	0.00476	0.01342
3	0.03974	0.02053	0.07939	0.01878	0.02679	0.01554	0.01684	0.04482	0.02873	0.42657	0.08044	0.03834	0.03088	0.01340	0.01045	0.00322	0.00902	0.01096	0.06916	0.01641
4	0.09885	0.03990	0.28457	0.02575	0.03718	0.02744	0.02786	0.20461	0.07407	0.04720	0.02271	0.02425	0.01632	0.01128	0.00992	0.00330	0.01289	0.00852	0.00730	0.01609
5	0.57959	0.01999	0.01723	0.01483	0.02168	0.02218	0.01222	0.03493	0.02030	0.14584	0.01981	0.02072	0.01422	0.01043	0.00731	0.00327	0.00833	0.00665	0.00778	0.01268
6	0.02380	0.10226	0.03536	0.02651	0.02768	0.03361	0.02248	0.02625	0.01688	0.02537	0.01399	0.02233	0.01384	0.01728	0.03109	0.00432	0.53174	0.00879	0.00461	0.01183
7	0.02827	0.63478	0.05540	0.01809	0.02714	0.04184	0.01809	0.03166	0.02148	0.02488	0.01470	0.01696	0.01357	0.00905	0.00678	0.00226	0.01131	0.00565	0.00452	0.01357
8	0.01772	0.01421	0.05965	0.01706	0.01993	0.01111	0.01379	0.02107	0.02203	0.08445	0.05305	0.44157	0.05954	0.02863	0.01308	0.00419	0.00771	0.09121	0.00971	0.01029
9	0.02745	0.10415	0.04114	0.03101	0.07939	0.02948	0.12773	0.12208	0.02639	0.03677	0.01887	0.02400	0.01554	0.01200	0.01632	0.00330	0.16606	0.00915	0.00614	0.10304
10	0.03933	0.02722	0.02979	0.02325	0.03135	0.02972	0.01907	0.40478	0.11101	0.12883	0.02978	0.02857	0.02089	0.01296	0.01061	0.00324	0.01087	0.00998	0.01093	0.01782
11	0.01342	0.00959	0.01289	0.01534	0.01619	0.00905	0.01075	0.01565	0.02077	0.02759	0.05798	0.55654	0.06876	0.03262	0.01364	0.00437	0.00660	0.08973	0.00980	0.00874
12	0.01283	0.00940	0.01207	0.01420	0.01520	0.00863	0.00958	0.01478	0.02074	0.02719	0.06459	0.55428	0.13309	0.03230	0.01337	0.00420	0.00603	0.02906	0.00982	0.00863
13	0.01532	0.01048	0.01268	0.01268	0.01308	0.01087	0.00784	0.01611	0.01572	0.02135	0.03226	0.06338	0.03591	0.51294	0.16584	0.01167	0.01405	0.01452	0.00625	0.00704
14	0.04366	0.03077	0.02745	0.02250	0.02979	0.21304	0.01788	0.11820	0.03302	0.31000	0.03064	0.02865	0.02068	0.01228	0.01025	0.00307	0.01283	0.00916	0.01011	0.01603
15	0.01538	0.01025	0.01153	0.01153	0.01153	0.01025	0.00641	0.01538	0.01538	0.02050	0.03331	0.06919	0.03844	0.62842	0.05382	0.01025	0.01025	0.01538	0.00641	0.00641
16	0.01288	0.00920	0.01227	0.01472	0.01534	0.00859	0.00981	0.01472	0.02024	0.02699	0.05828	0.62152	0.06993	0.03312	0.01350	0.00429	0.00613	0.03006	0.00981	0.00859
17	0.02827	0.63478	0.05540	0.01809	0.02714	0.04184	0.01809	0.03166	0.02148	0.02488	0.01470	0.01696	0.01357	0.00905	0.00678	0.00226	0.01131	0.00565	0.00452	0.01357
18	0.02460	0.04994	0.50260	0.02867	0.04333	0.02339	0.03602	0.03582	0.02335	0.10286	0.02192	0.02409	0.01505	0.01044	0.01012	0.00334	0.01477	0.00818	0.00558	0.01593
19	0.01288	0.00920	0.01227	0.01472	0.01534	0.00859	0.00981	0.01472	0.02024	0.02699	0.05828	0.62152	0.06993	0.03312	0.01350	0.00429	0.00613	0.03006	0.00981	0.00859
20	0.01288	0.00920	0.01227	0.01472	0.01534	0.00859	0.00981	0.01472	0.02024	0.02699	0.05828	0.62152	0.06993	0.03312	0.01350	0.00429	0.00613	0.03006	0.00981	0.00859
21	0.01538	0.01025	0.01153	0.01153	0.01153	0.01025	0.00641	0.01538	0.01538	0.02050	0.03331	0.06919	0.03844	0.62842	0.05382	0.01025	0.01025	0.01538	0.00641	0.00641
22	0.02290	0.02012	0.05975	0.02476	0.09312	0.01926	0.01809	0.06498	0.09502	0.07359	0.26036	0.05112	0.05546	0.01686	0.01389	0.00346	0.07045	0.01398	0.00951	0.01332
23	0.01538	0.01025	0.01153	0.01153	0.01153	0.01025	0.00641	0.01538	0.01538	0.02050	0.03331	0.06919	0.03844	0.62842	0.05382	0.01025	0.01025	0.01538	0.00641	0.00641
24	0.03390	0.02749	0.03034	0.02520	0.02938	0.11108	0.02060	0.13702	0.02796	0.14173	0.02213	0.02554	0.01712	0.01510	0.02122	0.00378	0.27928	0.00922	0.00765	0.01427
25	0.02630	0.02271	0.02391	0.02152	0.02749	0.02630	0.01674	0.05618	0.54336	0.04423	0.04303	0.03945	0.03228	0.01434	0.01076	0.00359	0.00837	0.01195	0.01076	0.01674
26	0.02425	0.14036	0.43859	0.02770	0.04158	0.02804	0.03391	0.08440	0.02503	0.03561	0.01899	0.02182	0.01390	0.01017	0.00960	0.00316	0.01455	0.00766	0.00511	0.01556
27	0.02053	0.01470	0.01773	0.01754	0.02026	0.01521	0.01348	0.12675	0.02676	0.03551	0.04520	0.22314	0.04932	0.15472	0.02182	0.00550	0.00929	0.16283	0.00923	0.01048
28	0.01403	0.00974	0.01211	0.01334	0.01384	0.00935	0.00846	0.01536	0.01898	0.02549	0.08379	0.36149	0.05943	0.27090	0.02958	0.00661	0.00770	0.02339	0.00858	0.00781
29	0.01426	0.01049	0.01334	0.01323	0.01551	0.00958	0.00969	0.01836	0.02736	0.03773	0.40541	0.18348	0.15344	0.02444	0.01267	0.00354	0.00525	0.02158	0.01106	0.00958
30	0.02677	0.01250	0.01435	0.01249	0.01686	0.01157	0.00978	0.03147	0.02417	0.17117	0.03520	0.03735	0.02607	0.01220	0.00823	0.00260	0.00614	0.00980	0.47184	0.05944
31	0.06967	0.02136	0.02746	0.09863	0.06659	0.02380	0.05968	0.07539	0.25751	0.04184	0.06620	0.03640	0.02924	0.01300	0.01041	0.00339	0.00985	0.01123	0.06371	0.01464
32	0.02989	0.03128	0.15383	0.07308	0.13979	0.02539	0.09255	0.12891	0.07183	0.10968	0.02556	0.02799	0.01848	0.01105	0.01071	0.00333	0.01304	0.00986	0.00751	0.01624
33	0.01401	0.01049	0.01312	0.01388	0.01608	0.00959	0.01037	0.01749	0.02492	0.03308	0.23504	0.24957	0.19823	0.02725	0.01305	0.00387	0.00603	0.08421	0.01041	0.00928
34	0.02460	0.02927	0.12300	0.14592	0.04851	0.02689	0.18483	0.07484	0.09184	0.03547	0.02273	0.02801	0.01725	0.01159	0.01405	0.00362	0.08674	0.01046	0.00613	0.01427
35	0.01377	0.01076	0.01247	0.01204	0.01506	0.00947	0.00903	0.01763	0.02710	0.03568	0.33852	0.09004	0.32232	0.02412	0.01248	0.00344	0.00517	0.02067	0.01076	0.00947
36	0.02597	0.02536	0.09450	0.02179	0.02823	0.06757	0.05039	0.03975	0.19874	0.09186	0.03734	0.12301	0.03163	0.01561	0.01064	0.00341	0.01011	0.01336	0.09668	0.01405
37	0.02757	0.03372	0.18635	0.06489	0.07226	0.02860	0.02718	0.16848	0.08258	0.04163	0.02220	0.02572	0.01697	0.01298	0.01551	0.00359	0.13829	0.00921	0.00689	0.01536
38	0.01449	0.01005	0.01162	0.01219	0.01271	0.00972	0.00737	0.01520	0.01742	0.02286	0.04681	0.20198	0.09971	0.42656	0.04008	0.00816	0.00878	0.01954	0.00756	0.00718
39	0.02902	0.50706	0.05011	0.06881	0.03172	0.11062	0.01935	0.03263	0.02255	0.02519	0.01526	0.01818	0.01362	0.00941	0.00746	0.00243	0.01255	0.00612	0.00466	0.01324
40	0.01949	0.02105	0.07601	0.50617	0.06581	0.02236	0.02858	0.02655	0.02117	0.02756	0.02205	0.07642	0.01862	0.01238	0.01077	0.00357	0.01357	0.01096	0.00510	0.01181

[dist]
# distance from previous block
# <min> <max>
0	9

[block]
# block no. 1 follows, 13 sequences, length 39
# corresponding to MSA columns:
# 263-301
name=unknown_B
#
# <colnr> <probs for GDERKNQSTAVLIFYWHMCP>
#	G	D	E	R	K	N	Q	S	T	A	V	L	I	F	Y	W	H	M	C	P
0	0.07858	0.16632	0.25425	0.02576	0.03658	0.07946	0.06040	0.03718	0.10172	0.03374	0.02132	0.02352	0.01634	0.01047	0.00932	0.00311	0.01350	0.00805	0.00574	0.01464
1	0.17280	0.02509	0.06608	0.11904	0.03569	0.06010	0.01964	0.07649	0.10073	0.18043	0.02782	0.02833	0.01955	0.01176	0.00967	0.00332	0.01096	0.00905	0.00863	0.01483
2	0.01725	0.01058	0.01442	0.01434	0.01441	0.01123	0.00956	0.01525	0.01517	0.02052	0.02689	0.11036	0.02969	0.20260	0.04112	0.36548	0.05594	0.01337	0.00572	0.00611
3	0.02292	0.02019	0.02933	0.22247	0.08348	0.02264	0.05564	0.07152	0.15565	0.03828	0.12889	0.04040	0.03570	0.01359	0.01110	0.00345	0.01087	0.01212	0.00807	0.01367
4	0.01273	0.01058	0.01112	0.01128	0.01450	0.00898	0.00835	0.01551	0.02421	0.02951	0.13808	0.14750	0.47740	0.02695	0.01259	0.00362	0.00540	0.02277	0.00996	0.00898
5	0.02073	0.03434	0.27527	0.22176	0.08572	0.02226	0.03143	0.02979	0.02217	0.03173	0.02265	0.03234	0.01809	0.01163	0.01035	0.00343	0.01368	0.04084	0.05821	0.01356
6	0.10098	0.01674	0.02136	0.01702	0.02394	0.01519	0.01388	0.04389	0.02847	0.41937	0.09850	0.03954	0.03345	0.01372	0.01022	0.00321	0.00814	0.01111	0.06543	0.01583
7	0.01901	0.03073	0.25075	0.02583	0.09139	0.01772	0.02437	0.02698	0.02495	0.03628	0.18925	0.04823	0.09011	0.01513	0.01084	0.00327	0.01034	0.01285	0.05893	0.01302
8	0.49096	0.01801	0.01592	0.01415	0.01988	0.01987	0.01143	0.03010	0.02174	0.08742	0.14329	0.03307	0.03321	0.01282	0.00825	0.00328	0.00750	0.00924	0.00825	0.01162
9	0.12266	0.02089	0.02898	0.11450	0.07465	0.02387	0.05347	0.08696	0.02488	0.08561	0.06265	0.07629	0.02620	0.01494	0.01540	0.00367	0.13238	0.01151	0.00738	0.01313
10	0.70310	0.02045	0.01554	0.01390	0.02045	0.02372	0.01145	0.03108	0.01799	0.04744	0.01472	0.01718	0.01145	0.00981	0.00654	0.00327	0.00818	0.00573	0.00654	0.01145
11	0.02322	0.15584	0.40089	0.02671	0.03977	0.02795	0.03206	0.03639	0.09640	0.03345	0.02162	0.02379	0.01612	0.01048	0.00955	0.00318	0.01380	0.00801	0.00537	0.01541
12	0.02624	0.02261	0.02697	0.10560	0.11111	0.06436	0.01983	0.04016	0.21209	0.07470	0.03280	0.08496	0.02716	0.01371	0.01050	0.00325	0.01035	0.01173	0.00829	0.09359
13	0.01538	0.01025	0.01153	0.01153	0.01153	0.01025	0.00641	0.01538	0.01538	0.02050	0.03331	0.06919	0.03844	0.62842	0.05382	0.01025	0.01025	0.01538	0.00641	0.00641
14	0.02338	0.30493	0.07798	0.01784	0.02460	0.06780	0.01675	0.02803	0.02544	0.03242	0.22542	0.04158	0.04699	0.01413	0.00944	0.00279	0.00976	0.01113	0.00735	0.01224
15	0.02575	0.21089	0.03827	0.35269	0.05325	0.02829	0.02424	0.03131	0.02231	0.08936	0.02018	0.02559	0.01533	0.01039	0.00940	0.00310	0.01263	0.00837	0.00562	0.01304
16	0.34674	0.06825	0.02938	0.02124	0.02912	0.02683	0.08335	0.15005	0.02777	0.09626	0.02059	0.02234	0.01511	0.01061	0.00868	0.00321	0.01059	0.00797	0.00778	0.01412
17	0.01867	0.01990	0.07024	0.26673	0.04752	0.01899	0.09362	0.02528	0.02397	0.03215	0.15227	0.07898	0.07699	0.01532	0.01155	0.00352	0.01154	0.01409	0.00705	0.01160
18	0.02358	0.02307	0.03118	0.02687	0.02772	0.03152	0.02222	0.02982	0.09130	0.02812	0.01803	0.02546	0.01650	0.01791	0.03129	0.00448	0.52348	0.00964	0.00550	0.01230
19	0.02458	0.03753	0.32926	0.10759	0.04244	0.02093	0.02983	0.03376	0.02451	0.12347	0.09516	0.03307	0.02726	0.01219	0.01054	0.00336	0.01287	0.01003	0.00691	0.01471
20	0.02672	0.01978	0.03375	0.09282	0.03745	0.01943	0.17399	0.06955	0.02787	0.12878	0.12940	0.04066	0.03524	0.01300	0.01111	0.00329	0.01123	0.01251	0.09996	0.01347
21	0.70310	0.02045	0.01554	0.01390	0.02045	0.02372	0.01145	0.03108	0.01799	0.04744	0.01472	0.01718	0.01145	0.00981	0.00654	0.00327	0.00818	0.00573	0.00654	0.01145
22	0.02630	0.02271	0.02391	0.02152	0.02749	0.02630	0.01674	0.05618	0.54336	0.04423	0.04303	0.03945	0.03228	0.01434	0.01076	0.00359	0.00837	0.01195	0.01076	0.01674
23	0.02121	0.05469	0.57364	0.03014	0.04576	0.02455	0.03906	0.03348	0.02232	0.03348	0.01897	0.02232	0.01339	0.01005	0.01005	0.00335	0.01563	0.00781	0.00446	0.01563
24	0.01340	0.01075	0.01196	0.01166	0.01483	0.00931	0.00874	0.01692	0.02623	0.03361	0.27129	0.09344	0.39084	0.02489	0.01249	0.00348	0.00522	0.02115	0.01048	0.00931
25	0.02617	0.02512	0.04292	0.06490	0.56246	0.02512	0.03245	0.03245	0.02407	0.03454	0.01989	0.02617	0.01675	0.00942	0.01047	0.00314	0.01256	0.00942	0.00523	0.01675
26	0.04744	0.01799	0.02454	0.01881	0.02699	0.01554	0.01554	0.05153	0.03026	0.56979	0.04171	0.03599	0.02617	0.01309	0.01063	0.00327	0.00900	0.01063	0.01309	0.01799
27	0.01250	0.01071	0.01071	0.01071	0.01428	0.00893	0.00803	0.01517	0.02410	0.02856	0.10711	0.10175	0.55817	0.02678	0.01250	0.00357	0.00536	0.02231	0.00982	0.00893
28	0.02630	0.02271	0.02391	0.02152	0.02749	0.02630	0.01674	0.05618	0.54336	0.04423	0.04303	0.03945	0.03228	0.01434	0.01076	0.00359	0.00837	0.01195	0.01076	0.01674
29	0.01605	0.01263	0.01844	0.01791	0.01946	0.01526	0.01395	0.01943	0.01680	0.02440	0.02695	0.04110	0.02572	0.10609	0.48962	0.01514	0.09463	0.01134	0.00559	0.00950
30	0.04019	0.02962	0.03173	0.02433	0.03279	0.03279	0.02010	0.52721	0.04971	0.06663	0.02538	0.02538	0.01798	0.01269	0.01058	0.00317	0.01163	0.00952	0.01058	0.01798
31	0.04043	0.02283	0.07336	0.02002	0.02779	0.06006	0.01739	0.04489	0.02836	0.41566	0.03959	0.10141	0.02911	0.01497	0.01083	0.00335	0.01005	0.01233	0.01133	0.01624
32	0.01651	0.01200	0.01630	0.01845	0.02102	0.01179	0.01599	0.02112	0.02431	0.03128	0.06192	0.11723	0.11859	0.02893	0.01436	0.00472	0.00923	0.43685	0.00975	0.00964
33	0.02728	0.03368	0.15985	0.04058	0.12124	0.02722	0.25660	0.12830	0.02904	0.04017	0.02144	0.02630	0.01597	0.00995	0.01132	0.00338	0.01543	0.01051	0.00615	0.01561
34	0.01301	0.01073	0.01142	0.01125	0.01460	0.00914	0.00844	0.01617	0.02531	0.03143	0.20047	0.09703	0.46302	0.02571	0.01249	0.00352	0.00528	0.02165	0.01020	0.00914
35	0.02517	0.02326	0.02875	0.07123	0.07034	0.09628	0.07656	0.05927	0.06548	0.06672	0.08694	0.08944	0.10653	0.01672	0.01353	0.00351	0.06548	0.01403	0.00799	0.01276
36	0.02098	0.04831	0.47610	0.02993	0.04391	0.02343	0.08079	0.03229	0.02325	0.03433	0.06801	0.02803	0.02147	0.01099	0.01049	0.00337	0.01486	0.00927	0.00520	0.01499
37	0.02909	0.02455	0.03485	0.18995	0.08581	0.07488	0.10960	0.04036	0.13543	0.12435	0.02814	0.03098	0.02050	0.01145	0.01085	0.00340	0.01300	0.01045	0.00763	0.01473
38	0.20879	0.07907	0.21867	0.02265	0.03340	0.02343	0.05632	0.03337	0.02193	0.08583	0.01972	0.02213	0.01456	0.00979	0.00874	0.00299	0.01169	0.00743	0.00614	0.11336

[dist]
# distance from previous block
# <min> <max>
0	11

[block]
# block no. 2 follows, 13 sequences, length 11
# corresponding to MSA columns:
# 313-323
name=unknown_C
#
# <colnr> <probs for GDERKNQSTAVLIFYWHMCP>
#	G	D	E	R	K	N	Q	S	T	A	V	L	I	F	Y	W	H	M	C	P
0	0.41521	0.03007	0.11026	0.02013	0.02709	0.09425	0.01868	0.03205	0.01992	0.03943	0.01549	0.01908	0.01237	0.01121	0.01144	0.00341	0.09519	0.00669	0.00580	0.01224
1	0.02548	0.29629	0.13120	0.16436	0.04104	0.03164	0.02386	0.07127	0.02391	0.03121	0.01856	0.02275	0.01489	0.01010	0.00861	0.00284	0.01234	0.00752	0.04852	0.01359
2	0.03669	0.01872	0.02260	0.01873	0.02546	0.01870	0.01501	0.05004	0.21173	0.32105	0.04134	0.03762	0.02845	0.01344	0.01030	0.00329	0.00830	0.01101	0.09092	0.01660
3	0.02228	0.11096	0.42833	0.02846	0.04078	0.02769	0.03418	0.03195	0.02121	0.03123	0.01767	0.02189	0.01349	0.01135	0.01381	0.00345	0.11421	0.00782	0.00450	0.01473
4	0.01453	0.01047	0.01375	0.01360	0.01570	0.00969	0.00994	0.01887	0.02792	0.03920	0.45348	0.19149	0.09358	0.02400	0.01268	0.00353	0.00523	0.02139	0.01126	0.00969
5	0.01609	0.01188	0.01593	0.11128	0.02315	0.01302	0.01152	0.01798	0.01664	0.02235	0.02995	0.05713	0.03211	0.42173	0.14707	0.01040	0.01430	0.01361	0.00598	0.00787
6	0.01496	0.01081	0.01413	0.01330	0.01580	0.00998	0.00998	0.01995	0.02993	0.04240	0.55689	0.07898	0.09976	0.02162	0.01247	0.00333	0.00499	0.01912	0.01164	0.00998
7	0.01256	0.01046	0.01097	0.01138	0.01446	0.00887	0.00833	0.01510	0.02346	0.02830	0.09896	0.18850	0.47668	0.02784	0.01266	0.00369	0.00549	0.02361	0.00982	0.00887
8	0.01468	0.01080	0.01373	0.01300	0.01562	0.00985	0.00975	0.01939	0.02925	0.04078	0.50440	0.08164	0.15326	0.02222	0.01247	0.00335	0.00503	0.01949	0.01143	0.00985
9	0.02827	0.63478	0.05540	0.01809	0.02714	0.04184	0.01809	0.03166	0.02148	0.02488	0.01470	0.01696	0.01357	0.00905	0.00678	0.00226	0.01131	0.00565	0.00452	0.01357
10	0.01250	0.01071	0.01071	0.01071	0.01428	0.00893	0.00803	0.01517	0.02410	0.02856	0.10711	0.10175	0.55817	0.02678	0.01250	0.00357	0.00536	0.02231	0.00982	0.00893

[dist]
# distance from previous block
# <min> <max>
0	0

# created by:
# /st0/software/busco_prod/Augustus/scripts/msa2prfl.pl ./align_prep/10409.fa
