[name]
unknown

[dist]
# distance from previous block
# <min> <max>
16	55

[block]
# block no. 0 follows, 11 sequences, length 107
# corresponding to MSA columns:
# 86-192
name=unknown_A
#
# <colnr> <probs for GDERKNQSTAVLIFYWHMCP>
#	G	D	E	R	K	N	Q	S	T	A	V	L	I	F	Y	W	H	M	C	P
0	0.08460	0.07554	0.03061	0.02203	0.02900	0.02896	0.01820	0.25038	0.03644	0.05160	0.06077	0.02982	0.02415	0.01564	0.01538	0.05454	0.06579	0.00980	0.00885	0.08790
1	0.16139	0.07106	0.03120	0.12429	0.03826	0.02996	0.02089	0.16968	0.06962	0.08565	0.02424	0.02696	0.01809	0.01295	0.01258	0.00358	0.06654	0.00926	0.00837	0.01542
2	0.03119	0.22017	0.03553	0.01962	0.02635	0.02835	0.01681	0.11853	0.02821	0.11430	0.02742	0.03434	0.02313	0.09020	0.13120	0.00699	0.01544	0.00999	0.00790	0.01431
3	0.14338	0.18473	0.11760	0.02388	0.03224	0.03432	0.02300	0.13749	0.02814	0.04222	0.01878	0.02222	0.01515	0.01266	0.01407	0.00345	0.11693	0.00802	0.00665	0.01507
4	0.13836	0.07965	0.14738	0.02200	0.02980	0.02527	0.02196	0.08392	0.02590	0.04064	0.03208	0.04131	0.06094	0.01550	0.01308	0.00365	0.07424	0.05327	0.07738	0.01368
5	0.18348	0.18814	0.07848	0.06367	0.03277	0.02781	0.01963	0.04032	0.02516	0.20301	0.02588	0.02623	0.01839	0.01145	0.00913	0.00321	0.01110	0.00830	0.00832	0.01552
6	0.03059	0.24250	0.13288	0.02161	0.03126	0.02972	0.02160	0.04063	0.10540	0.12946	0.03642	0.03563	0.07025	0.01340	0.00992	0.00319	0.01130	0.01027	0.00816	0.01581
7	0.01367	0.00998	0.01287	0.01518	0.01619	0.00918	0.01023	0.01573	0.02203	0.02893	0.06807	0.54035	0.12730	0.03448	0.01424	0.00448	0.00643	0.03104	0.01045	0.00918
8	0.09384	0.03508	0.24992	0.16955	0.04707	0.02272	0.02960	0.03075	0.02450	0.03733	0.11875	0.03656	0.03216	0.01322	0.01093	0.00360	0.01312	0.01086	0.00655	0.01389
9	0.03123	0.02921	0.12248	0.17320	0.09949	0.02532	0.02742	0.09201	0.10463	0.13698	0.02964	0.03181	0.02111	0.01241	0.01119	0.00359	0.01284	0.01040	0.00843	0.01663
10	0.02766	0.03933	0.23717	0.03892	0.05193	0.02635	0.27775	0.03790	0.02614	0.08976	0.02413	0.02880	0.01720	0.01040	0.01213	0.00368	0.01712	0.01126	0.00623	0.01613
11	0.01371	0.00979	0.01306	0.01567	0.01632	0.00914	0.01045	0.01567	0.02155	0.02873	0.06203	0.59710	0.07444	0.03526	0.01437	0.00457	0.00653	0.03200	0.01045	0.00914
12	0.03548	0.02164	0.03428	0.17140	0.04519	0.02331	0.07719	0.04093	0.02637	0.25778	0.03027	0.03280	0.02093	0.01373	0.01604	0.00384	0.11311	0.01094	0.00904	0.01574
13	0.03755	0.13735	0.07562	0.14012	0.04121	0.02589	0.02254	0.07733	0.02925	0.25758	0.03044	0.03063	0.02080	0.01224	0.01046	0.00333	0.01198	0.00969	0.00935	0.01663
14	0.01525	0.01045	0.01401	0.01497	0.01632	0.00979	0.01044	0.01770	0.02473	0.03399	0.23696	0.33385	0.08032	0.03098	0.01738	0.08173	0.00644	0.02493	0.01055	0.00922
15	0.49734	0.03103	0.02101	0.01893	0.02555	0.18050	0.01497	0.03653	0.02286	0.04383	0.01617	0.01887	0.01286	0.01078	0.00789	0.00331	0.01208	0.00643	0.00663	0.01244
16	0.01409	0.01007	0.01350	0.01611	0.01693	0.00947	0.01111	0.01633	0.02192	0.02916	0.06182	0.55662	0.07361	0.03490	0.01447	0.00462	0.00686	0.06872	0.01044	0.00925
17	0.02534	0.02629	0.11226	0.37679	0.06295	0.02454	0.02995	0.03573	0.07150	0.08820	0.02523	0.03111	0.01818	0.01185	0.01119	0.00370	0.01407	0.01015	0.00657	0.01440
18	0.01506	0.01243	0.01584	0.10128	0.02545	0.01204	0.01284	0.01886	0.02533	0.03223	0.15683	0.19343	0.28495	0.02630	0.01320	0.00391	0.00726	0.02275	0.00992	0.01008
19	0.02802	0.02387	0.04141	0.24040	0.26383	0.02513	0.08013	0.03502	0.02539	0.09253	0.02363	0.03010	0.01792	0.01086	0.01143	0.00355	0.01410	0.01052	0.00635	0.01582
20	0.02912	0.14241	0.26293	0.03150	0.04434	0.03005	0.12940	0.08771	0.02807	0.07727	0.02258	0.02566	0.01648	0.01081	0.01075	0.00339	0.01532	0.00940	0.00639	0.01642
21	0.01499	0.01147	0.01374	0.01317	0.01624	0.01022	0.00988	0.01941	0.02963	0.03985	0.37956	0.09278	0.25824	0.02498	0.01328	0.00363	0.00545	0.02158	0.01169	0.01022
22	0.02942	0.03747	0.22183	0.03386	0.09814	0.02627	0.07901	0.12230	0.06845	0.08377	0.06437	0.03267	0.02548	0.01255	0.01143	0.00354	0.01372	0.01087	0.00796	0.01691
23	0.14120	0.08946	0.02883	0.01927	0.02799	0.02253	0.01626	0.08419	0.02994	0.31084	0.03249	0.03028	0.02193	0.01225	0.00984	0.00315	0.00983	0.00929	0.01078	0.08965
24	0.03009	0.61122	0.05898	0.01926	0.02889	0.04454	0.01926	0.03370	0.02287	0.02648	0.01565	0.01805	0.01444	0.00963	0.00722	0.00241	0.01204	0.00602	0.00481	0.01444
25	0.68395	0.02177	0.01654	0.01480	0.02177	0.02525	0.01219	0.03309	0.01915	0.05050	0.01567	0.01828	0.01219	0.01045	0.00697	0.00348	0.00871	0.00609	0.00697	0.01219
26	0.04204	0.05364	0.03190	0.02900	0.03480	0.55926	0.02175	0.04494	0.03190	0.02755	0.01740	0.02030	0.01450	0.01160	0.01015	0.00290	0.02030	0.00725	0.00580	0.01305
27	0.02098	0.01049	0.01049	0.01049	0.01311	0.01049	0.00787	0.02623	0.02360	0.04196	0.03672	0.04196	0.02885	0.01311	0.00787	0.00262	0.00525	0.01049	0.66693	0.01049
28	0.01608	0.01079	0.01236	0.01265	0.01272	0.01072	0.00722	0.01629	0.01694	0.02259	0.03839	0.13136	0.04461	0.54170	0.05256	0.01021	0.01043	0.01809	0.00722	0.00708
29	0.01637	0.01091	0.01228	0.01228	0.01228	0.01091	0.00682	0.01637	0.01637	0.02182	0.03546	0.07365	0.04092	0.60445	0.05729	0.01091	0.01091	0.01637	0.00682	0.00682
30	0.02126	0.02001	0.03376	0.57739	0.07752	0.02501	0.03126	0.02876	0.02251	0.02876	0.02001	0.03001	0.01500	0.01125	0.01125	0.00375	0.01500	0.01000	0.00500	0.01250
31	0.04894	0.02166	0.02767	0.02121	0.02998	0.02026	0.01752	0.14434	0.03641	0.44662	0.04088	0.03602	0.02610	0.01385	0.01131	0.00346	0.01015	0.01108	0.01339	0.01915
32	0.01899	0.01180	0.01557	0.01657	0.01903	0.01090	0.01244	0.02225	0.02500	0.09100	0.10938	0.34659	0.11447	0.03016	0.01403	0.00439	0.00741	0.10829	0.01102	0.01071
33	0.08823	0.02025	0.02344	0.01911	0.02592	0.02037	0.01540	0.16308	0.03424	0.24054	0.03788	0.08808	0.02897	0.01546	0.01066	0.00341	0.00921	0.01244	0.12720	0.01613
34	0.02858	0.54738	0.05430	0.01872	0.02760	0.04093	0.01834	0.03238	0.02383	0.02847	0.07021	0.02508	0.02421	0.01105	0.00787	0.00253	0.01132	0.00754	0.00562	0.01404
35	0.02657	0.03036	0.06641	0.04744	0.05882	0.02846	0.49336	0.03605	0.02657	0.03605	0.02277	0.03036	0.01708	0.00949	0.01328	0.00380	0.01898	0.01328	0.00569	0.01518
36	0.01687	0.01407	0.02172	0.25071	0.04193	0.01578	0.01916	0.02115	0.02195	0.02874	0.04445	0.35982	0.04957	0.02522	0.01306	0.00423	0.01008	0.02279	0.00817	0.01055
37	0.02211	0.08338	0.14054	0.02742	0.06872	0.02277	0.05819	0.02646	0.02011	0.02827	0.02216	0.03338	0.02019	0.07571	0.11318	0.13299	0.07695	0.01029	0.00531	0.01187
38	0.68395	0.02177	0.01654	0.01480	0.02177	0.02525	0.01219	0.03309	0.01915	0.05050	0.01567	0.01828	0.01219	0.01045	0.00697	0.00348	0.00871	0.00609	0.00697	0.01219
39	0.08728	0.21652	0.18428	0.02433	0.03452	0.03241	0.02543	0.08092	0.02621	0.09538	0.02129	0.02361	0.01625	0.01195	0.01221	0.00331	0.07366	0.00810	0.00668	0.01565
40	0.08847	0.05162	0.43575	0.02970	0.04452	0.02707	0.03642	0.08893	0.02671	0.04117	0.02056	0.02361	0.01463	0.01100	0.01040	0.00353	0.01538	0.00831	0.00572	0.01650
41	0.22033	0.13255	0.03215	0.02629	0.10368	0.02940	0.01868	0.11056	0.08153	0.04497	0.03124	0.03249	0.06731	0.01302	0.00946	0.00331	0.01037	0.00979	0.00789	0.01496
42	0.02493	0.15321	0.13264	0.21964	0.04931	0.02993	0.02765	0.06596	0.02534	0.03385	0.05808	0.02971	0.02203	0.01270	0.01294	0.00350	0.06898	0.00963	0.00595	0.01402
43	0.02462	0.02462	0.03447	0.02955	0.02955	0.03447	0.02462	0.02709	0.01724	0.02709	0.01477	0.02462	0.01477	0.01970	0.03694	0.00492	0.58385	0.00985	0.00492	0.01231
44	0.07966	0.02348	0.11929	0.02081	0.02798	0.01659	0.01948	0.03524	0.02599	0.21019	0.04420	0.19631	0.04105	0.02085	0.01219	0.00399	0.01011	0.06790	0.01030	0.01440
45	0.02863	0.09666	0.26828	0.08227	0.04531	0.02829	0.06682	0.07608	0.02675	0.09528	0.02290	0.02635	0.01660	0.01188	0.01280	0.00357	0.05970	0.00926	0.00649	0.01608
46	0.01434	0.01028	0.01363	0.01524	0.01646	0.00956	0.01050	0.01726	0.02449	0.03340	0.19485	0.45097	0.08349	0.03177	0.01406	0.00428	0.00618	0.02868	0.01100	0.00956
47	0.02126	0.02001	0.03376	0.57739	0.07752	0.02501	0.03126	0.02876	0.02251	0.02876	0.02001	0.03001	0.01500	0.01125	0.01125	0.00375	0.01500	0.01000	0.00500	0.01250
48	0.10536	0.02766	0.08767	0.11803	0.08448	0.02505	0.12391	0.08795	0.02892	0.16106	0.02680	0.02968	0.01879	0.01152	0.01116	0.00358	0.01361	0.01043	0.00818	0.01615
49	0.02695	0.02514	0.08468	0.21189	0.10761	0.02340	0.07668	0.07258	0.02730	0.09173	0.03018	0.08217	0.02586	0.01482	0.01199	0.00381	0.01354	0.04748	0.00749	0.01468
50	0.02153	0.01443	0.01770	0.01604	0.02006	0.01405	0.01230	0.03091	0.11089	0.09911	0.36367	0.07395	0.11816	0.02115	0.01276	0.00360	0.00640	0.01836	0.01226	0.01266
51	0.01643	0.01154	0.01461	0.01422	0.01695	0.01074	0.01091	0.02152	0.03000	0.04257	0.40288	0.08601	0.12806	0.02326	0.01297	0.00363	0.00582	0.06176	0.07561	0.01049
52	0.13032	0.03569	0.21304	0.03093	0.08147	0.02472	0.07712	0.04161	0.08201	0.13444	0.02738	0.02883	0.01944	0.01161	0.01064	0.00357	0.01317	0.00973	0.00776	0.01651
53	0.02110	0.01574	0.02237	0.06294	0.02577	0.01892	0.01649	0.02431	0.01903	0.06644	0.02818	0.04408	0.02667	0.15938	0.26388	0.01159	0.14362	0.01219	0.00649	0.01083
54	0.01548	0.01160	0.01467	0.01596	0.01847	0.01079	0.01257	0.01936	0.02593	0.03371	0.15623	0.21633	0.20012	0.02989	0.01429	0.00439	0.00739	0.17215	0.01076	0.00991
55	0.07416	0.03007	0.16972	0.25587	0.09245	0.02345	0.02994	0.03228	0.02350	0.07222	0.02531	0.07672	0.02091	0.01322	0.01104	0.00370	0.01369	0.01125	0.00628	0.01424
56	0.03655	0.13650	0.12507	0.07141	0.08587	0.02711	0.02482	0.09494	0.03005	0.21618	0.02877	0.02912	0.02006	0.01195	0.01043	0.00330	0.01237	0.00946	0.00885	0.01720
57	0.03093	0.03552	0.03645	0.11676	0.04187	0.23264	0.06960	0.03502	0.02455	0.02838	0.01736	0.02437	0.01493	0.01431	0.02043	0.00386	0.22557	0.00921	0.00534	0.01290
58	0.02221	0.03845	0.27273	0.16496	0.05384	0.02449	0.11795	0.03238	0.02491	0.03515	0.07962	0.03348	0.02563	0.01204	0.01160	0.00365	0.01535	0.01103	0.00587	0.01467
59	0.02461	0.20807	0.41412	0.02861	0.04334	0.03112	0.03554	0.03512	0.02352	0.03316	0.01897	0.02222	0.01431	0.01040	0.00975	0.00325	0.01539	0.00769	0.00477	0.01604
60	0.02889	0.34393	0.08327	0.02105	0.02921	0.03466	0.02014	0.03647	0.07827	0.07144	0.07604	0.03029	0.02746	0.01296	0.01147	0.00307	0.06037	0.00920	0.00706	0.01476
61	0.01629	0.01123	0.01391	0.01391	0.01448	0.01180	0.00886	0.01742	0.01685	0.02304	0.03397	0.06537	0.03732	0.45807	0.19874	0.01293	0.01633	0.01515	0.00660	0.00773
62	0.03144	0.03519	0.23104	0.14499	0.09516	0.02300	0.03103	0.04005	0.02629	0.19087	0.02773	0.02995	0.01896	0.01175	0.01105	0.00356	0.01380	0.00976	0.00772	0.01667
63	0.02267	0.01913	0.02228	0.01625	0.02529	0.01461	0.01271	0.02719	0.02267	0.03525	0.02149	0.02817	0.01900	0.06561	0.01304	0.00256	0.00858	0.00760	0.00668	0.60922
64	0.01633	0.01105	0.01295	0.01295	0.01318	0.01128	0.00766	0.01680	0.01657	0.02232	0.03485	0.07024	0.03944	0.54407	0.11564	0.01175	0.01315	0.01587	0.00673	0.00719
65	0.01524	0.01159	0.01422	0.01476	0.01758	0.01056	0.01148	0.01930	0.02730	0.03578	0.23352	0.15815	0.24102	0.02798	0.01389	0.00409	0.00665	0.11579	0.01107	0.01001
66	0.02565	0.05391	0.48880	0.03075	0.04651	0.02508	0.03882	0.03776	0.02469	0.09147	0.02287	0.02537	0.01576	0.01105	0.01076	0.00356	0.01586	0.00865	0.00576	0.01691
67	0.02926	0.55026	0.11268	0.02067	0.03107	0.04251	0.02172	0.03392	0.02297	0.02749	0.01615	0.01868	0.01442	0.00975	0.00760	0.00253	0.01254	0.00627	0.00481	0.01469
68	0.10521	0.48392	0.10590	0.02011	0.03017	0.04034	0.02081	0.03384	0.02253	0.03024	0.01613	0.01869	0.01416	0.00984	0.00756	0.00266	0.01214	0.00627	0.00506	0.01442
69	0.02243	0.05415	0.49159	0.09012	0.05178	0.02602	0.04049	0.03491	0.02363	0.03491	0.02018	0.02443	0.01434	0.01075	0.01075	0.00358	0.01646	0.00850	0.00478	0.01619
70	0.03130	0.07398	0.08291	0.02999	0.11465	0.02607	0.02248	0.11093	0.12415	0.09682	0.02854	0.02948	0.02144	0.01167	0.01031	0.00306	0.01113	0.00953	0.00856	0.15302
71	0.01758	0.01024	0.01351	0.01381	0.01389	0.01016	0.00866	0.01547	0.01615	0.02154	0.03093	0.11555	0.03458	0.26775	0.04594	0.32687	0.00986	0.01503	0.00632	0.00616
72	0.12824	0.29645	0.13754	0.02111	0.03085	0.03356	0.02169	0.07762	0.02635	0.03818	0.07218	0.02707	0.02429	0.01176	0.00888	0.00301	0.01172	0.00839	0.00656	0.01456
73	0.03003	0.09253	0.13046	0.09214	0.08683	0.02683	0.02524	0.14082	0.03187	0.08305	0.07261	0.03200	0.02605	0.01248	0.01066	0.00323	0.01229	0.01012	0.00800	0.07276
74	0.01608	0.01206	0.01809	0.01809	0.02010	0.01407	0.01407	0.02010	0.01809	0.02613	0.03015	0.04422	0.02814	0.08441	0.55984	0.01809	0.03015	0.01206	0.00603	0.01005
75	0.01612	0.01091	0.01296	0.01315	0.01560	0.01008	0.00959	0.02027	0.02675	0.03834	0.24674	0.18550	0.15955	0.02435	0.01230	0.00360	0.00562	0.02119	0.15730	0.01008
76	0.03530	0.03547	0.20877	0.03520	0.14350	0.02401	0.02945	0.09269	0.03021	0.20988	0.02929	0.02988	0.02012	0.01195	0.01106	0.00347	0.01310	0.00989	0.00873	0.01801
77	0.02126	0.02001	0.03376	0.57739	0.07752	0.02501	0.03126	0.02876	0.02251	0.02876	0.02001	0.03001	0.01500	0.01125	0.01125	0.00375	0.01500	0.01000	0.00500	0.01250
78	0.01814	0.01296	0.01814	0.02073	0.02332	0.01296	0.01814	0.02332	0.02591	0.03368	0.05959	0.12696	0.06478	0.03109	0.01555	0.00518	0.01036	0.45848	0.01036	0.01036
79	0.15892	0.02484	0.03132	0.12583	0.12502	0.02695	0.02284	0.17593	0.03317	0.13093	0.02549	0.02788	0.01831	0.01201	0.01044	0.00347	0.01185	0.00952	0.00882	0.01645
80	0.02447	0.03417	0.18532	0.19193	0.22542	0.02629	0.08448	0.03347	0.02437	0.03424	0.02076	0.02755	0.01599	0.01048	0.01127	0.00356	0.01532	0.00989	0.00520	0.01579
81	0.02937	0.55808	0.10579	0.02049	0.03079	0.04277	0.02140	0.03389	0.02296	0.02736	0.01608	0.01860	0.01443	0.00973	0.00756	0.00252	0.01248	0.00624	0.00481	0.01465
82	0.61652	0.02149	0.01756	0.01536	0.02251	0.02432	0.01265	0.03540	0.02054	0.10282	0.01873	0.02042	0.01386	0.01082	0.00743	0.00348	0.00880	0.00665	0.00771	0.01293
83	0.02884	0.03196	0.16205	0.02437	0.03350	0.02516	0.02350	0.09116	0.24086	0.09374	0.09031	0.04003	0.03489	0.01462	0.01142	0.00365	0.01094	0.01202	0.01001	0.01697
84	0.01955	0.00978	0.01466	0.01466	0.01466	0.00978	0.00978	0.01466	0.01466	0.01955	0.01955	0.03421	0.01955	0.03910	0.04399	0.67253	0.00978	0.00978	0.00489	0.00489
85	0.12033	0.01944	0.02506	0.01945	0.02796	0.01750	0.01606	0.05245	0.03077	0.48785	0.04124	0.03610	0.02613	0.01355	0.01084	0.00348	0.00948	0.01074	0.01316	0.01839
86	0.68395	0.02177	0.01654	0.01480	0.02177	0.02525	0.01219	0.03309	0.01915	0.05050	0.01567	0.01828	0.01219	0.01045	0.00697	0.00348	0.00871	0.00609	0.00697	0.01219
87	0.02689	0.02885	0.02939	0.02632	0.02838	0.16648	0.02103	0.02989	0.02131	0.02695	0.01959	0.02876	0.01829	0.03497	0.17048	0.00793	0.28736	0.00976	0.00545	0.01190
88	0.01806	0.01458	0.02245	0.02156	0.02526	0.01359	0.07001	0.02256	0.02413	0.03248	0.05199	0.27526	0.05762	0.02767	0.01409	0.00443	0.00976	0.20399	0.00946	0.08104
89	0.02257	0.05822	0.54613	0.03208	0.04871	0.02614	0.04158	0.03564	0.02376	0.03564	0.02020	0.02376	0.01426	0.01069	0.01069	0.00356	0.01663	0.00832	0.00475	0.01663
90	0.01630	0.01302	0.02023	0.01862	0.02150	0.01211	0.06660	0.02078	0.02721	0.03766	0.28704	0.27871	0.08342	0.02624	0.01370	0.00397	0.00737	0.02409	0.01085	0.01057
91	0.02598	0.02658	0.04395	0.03346	0.04066	0.06594	0.23990	0.06817	0.02949	0.03963	0.15773	0.04315	0.04075	0.01469	0.01540	0.00374	0.07501	0.01410	0.00786	0.01380
92	0.05050	0.01915	0.02612	0.02003	0.02873	0.01654	0.01654	0.05485	0.03221	0.54203	0.04440	0.03831	0.02786	0.01393	0.01132	0.00348	0.00958	0.01132	0.01393	0.01915
93	0.04120	0.01771	0.02302	0.01887	0.02583	0.01620	0.01511	0.04800	0.07642	0.38631	0.04584	0.10390	0.03399	0.01646	0.01135	0.00356	0.00874	0.01377	0.07671	0.01702
94	0.04389	0.02734	0.03090	0.02395	0.03266	0.02900	0.01970	0.33375	0.08259	0.20673	0.03356	0.03148	0.02287	0.01377	0.01129	0.00344	0.01130	0.01068	0.01205	0.01904
95	0.07548	0.01836	0.02695	0.22781	0.09602	0.02100	0.02217	0.02903	0.02283	0.07241	0.03042	0.12951	0.02798	0.01640	0.01329	0.00379	0.06033	0.01369	0.07983	0.01273
96	0.02250	0.01226	0.01581	0.01517	0.01834	0.01125	0.01126	0.02659	0.02748	0.13286	0.21817	0.22774	0.06986	0.02358	0.01242	0.00371	0.00648	0.02075	0.11203	0.01175
97	0.01576	0.00999	0.01234	0.01422	0.01542	0.00952	0.00972	0.01864	0.02213	0.03245	0.05492	0.44112	0.06163	0.02904	0.01254	0.00402	0.00617	0.02595	0.19490	0.00952
98	0.12719	0.02769	0.11789	0.19081	0.09436	0.02457	0.02708	0.08461	0.02660	0.03981	0.02682	0.04254	0.02340	0.01445	0.01119	0.00383	0.01308	0.08306	0.00693	0.01410
99	0.02702	0.01713	0.02466	0.19305	0.04026	0.01813	0.01979	0.03486	0.06641	0.15771	0.17024	0.05709	0.04929	0.01734	0.01225	0.00377	0.01014	0.05691	0.01018	0.01379
100	0.14142	0.04138	0.02900	0.07900	0.03620	0.36082	0.02057	0.04267	0.02903	0.09099	0.02052	0.02302	0.01574	0.01166	0.00989	0.00314	0.01673	0.00781	0.00685	0.01357
101	0.01404	0.01113	0.01230	0.01256	0.01538	0.00974	0.00902	0.01690	0.02521	0.03173	0.16465	0.17615	0.35129	0.07826	0.01725	0.00449	0.00621	0.02384	0.01044	0.00939
102	0.02273	0.01689	0.02412	0.14262	0.03495	0.01838	0.06811	0.03300	0.09856	0.03915	0.03285	0.03803	0.02531	0.01263	0.00977	0.00319	0.00949	0.01103	0.34663	0.01257
103	0.01487	0.01146	0.01357	0.01304	0.01616	0.01017	0.00978	0.01918	0.02935	0.03917	0.36042	0.09390	0.27780	0.02524	0.01329	0.00365	0.00547	0.02173	0.01160	0.01017
104	0.02060	0.01870	0.02675	0.02415	0.02509	0.02486	0.01965	0.02379	0.01764	0.02663	0.02202	0.03386	0.02107	0.05020	0.28340	0.01113	0.32286	0.01089	0.00545	0.01125
105	0.02605	0.02935	0.06324	0.09891	0.06064	0.02813	0.44848	0.03534	0.02617	0.03534	0.02250	0.03033	0.01688	0.00966	0.01309	0.00379	0.01859	0.01296	0.00563	0.01492
106	0.04212	0.01963	0.02507	0.02007	0.02742	0.01843	0.01621	0.12498	0.03463	0.36021	0.08497	0.10187	0.03821	0.01699	0.01181	0.00359	0.00937	0.01417	0.01295	0.01731

[dist]
# distance from previous block
# <min> <max>
0	14

[block]
# block no. 1 follows, 11 sequences, length 12
# corresponding to MSA columns:
# 207-218
name=unknown_B
#
# <colnr> <probs for GDERKNQSTAVLIFYWHMCP>
#	G	D	E	R	K	N	Q	S	T	A	V	L	I	F	Y	W	H	M	C	P
0	0.53840	0.02949	0.09052	0.01838	0.02658	0.07097	0.01704	0.03445	0.02087	0.04650	0.01644	0.01921	0.01267	0.01058	0.00775	0.00344	0.01078	0.00650	0.00656	0.01287
1	0.02975	0.03059	0.06000	0.04320	0.05412	0.02973	0.40056	0.12663	0.03175	0.04291	0.02361	0.02970	0.01748	0.01028	0.01288	0.00371	0.01768	0.01266	0.00679	0.01596
2	0.02640	0.01991	0.02365	0.01705	0.02691	0.01518	0.01370	0.03133	0.02434	0.09365	0.02276	0.02503	0.01793	0.00897	0.00867	0.00187	0.00848	0.00719	0.00749	0.59951
3	0.02371	0.01741	0.02724	0.33642	0.05310	0.01964	0.02321	0.03014	0.02657	0.10396	0.17180	0.04694	0.04340	0.01505	0.01185	0.00365	0.01143	0.01321	0.00838	0.01287
4	0.01955	0.00978	0.01466	0.01466	0.01466	0.00978	0.00978	0.01466	0.01466	0.01955	0.01955	0.03421	0.01955	0.03910	0.04399	0.67253	0.00978	0.00978	0.00489	0.00489
5	0.02195	0.02605	0.10868	0.15205	0.04671	0.02227	0.14104	0.03258	0.07611	0.03804	0.16695	0.04570	0.04314	0.01446	0.01227	0.00368	0.01287	0.01378	0.00788	0.01377
6	0.02089	0.01375	0.01663	0.01555	0.01924	0.01290	0.01171	0.06654	0.03009	0.09184	0.22965	0.19422	0.18292	0.02522	0.01313	0.00381	0.00678	0.02187	0.01155	0.01170
7	0.15573	0.02138	0.02396	0.02408	0.07624	0.02334	0.01690	0.11208	0.15187	0.04879	0.13718	0.08538	0.04407	0.01668	0.01112	0.00363	0.00895	0.01383	0.01006	0.01474
8	0.03714	0.03282	0.02860	0.02389	0.03097	0.20122	0.01878	0.07966	0.09712	0.13643	0.02766	0.02820	0.02064	0.01265	0.01213	0.00308	0.05228	0.00909	0.00870	0.13892
9	0.02461	0.08557	0.12899	0.02246	0.02873	0.02107	0.05596	0.02859	0.02103	0.08517	0.02641	0.03956	0.02386	0.15250	0.07442	0.09820	0.05326	0.01120	0.00646	0.01194
10	0.11851	0.06462	0.02425	0.01704	0.02467	0.01857	0.01379	0.03276	0.02334	0.13480	0.02622	0.03161	0.02133	0.06875	0.06871	0.00479	0.01135	0.00883	0.00794	0.27810
11	0.08370	0.09899	0.17979	0.08283	0.04108	0.02653	0.06216	0.03905	0.09754	0.08027	0.02537	0.02774	0.01882	0.01124	0.01017	0.00330	0.01285	0.00918	0.00703	0.08236

[dist]
# distance from previous block
# <min> <max>
0	27

[block]
# block no. 2 follows, 11 sequences, length 9
# corresponding to MSA columns:
# 246-254
name=unknown_C
#
# <colnr> <probs for GDERKNQSTAVLIFYWHMCP>
#	G	D	E	R	K	N	Q	S	T	A	V	L	I	F	Y	W	H	M	C	P
0	0.16678	0.08463	0.12081	0.07062	0.03580	0.02612	0.02222	0.08704	0.06551	0.17388	0.02781	0.02819	0.01951	0.01207	0.00994	0.00343	0.01159	0.00910	0.00879	0.01616
1	0.09973	0.13010	0.07598	0.02088	0.02915	0.02615	0.01920	0.13257	0.03135	0.16137	0.03163	0.03882	0.02492	0.01420	0.01023	0.00338	0.01083	0.05678	0.06702	0.01570
2	0.02289	0.02315	0.07315	0.18428	0.09087	0.01959	0.02253	0.02951	0.02338	0.03478	0.02163	0.02740	0.01718	0.00997	0.00961	0.00268	0.01119	0.00844	0.06504	0.30271
3	0.03084	0.01787	0.02224	0.01947	0.02509	0.01763	0.01541	0.04097	0.15756	0.17921	0.03928	0.04907	0.03184	0.02112	0.01818	0.13808	0.00941	0.07233	0.01018	0.08422
4	0.01485	0.01079	0.01412	0.01524	0.01644	0.01088	0.01053	0.01707	0.01995	0.02679	0.05293	0.29432	0.09836	0.16244	0.17194	0.00947	0.01379	0.02262	0.00851	0.00896
5	0.02393	0.02367	0.03433	0.14220	0.03941	0.03253	0.02599	0.02743	0.01832	0.02743	0.01585	0.02573	0.01482	0.01796	0.03166	0.00468	0.46687	0.00988	0.00494	0.01235
6	0.01483	0.01055	0.01370	0.01474	0.01605	0.00988	0.01011	0.01780	0.02477	0.03401	0.23091	0.34978	0.08241	0.09409	0.01874	0.00490	0.00657	0.02597	0.01076	0.00943
7	0.04218	0.02672	0.03010	0.02371	0.03214	0.02852	0.01938	0.29271	0.13284	0.19743	0.03534	0.03294	0.02439	0.01395	0.01131	0.00349	0.01096	0.01094	0.01204	0.01890
8	0.01608	0.01206	0.01809	0.01809	0.02010	0.01407	0.01407	0.02010	0.01809	0.02613	0.03015	0.04422	0.02814	0.08441	0.55984	0.01809	0.03015	0.01206	0.00603	0.01005

[dist]
# distance from previous block
# <min> <max>
0	3

[block]
# block no. 3 follows, 11 sequences, length 14
# corresponding to MSA columns:
# 258-271
name=unknown_D
#
# <colnr> <probs for GDERKNQSTAVLIFYWHMCP>
#	G	D	E	R	K	N	Q	S	T	A	V	L	I	F	Y	W	H	M	C	P
0	0.02571	0.03452	0.17772	0.10030	0.04414	0.03048	0.07399	0.07919	0.02427	0.03504	0.01894	0.02585	0.01533	0.01456	0.02162	0.00414	0.24428	0.00980	0.00562	0.01450
1	0.35323	0.31991	0.03801	0.01706	0.02537	0.03500	0.01576	0.03340	0.02103	0.03835	0.01566	0.01817	0.01333	0.01003	0.00710	0.00294	0.01039	0.00606	0.00588	0.01333
2	0.42844	0.02233	0.01834	0.06677	0.02635	0.07261	0.01396	0.03242	0.02156	0.04461	0.02049	0.02434	0.01604	0.01117	0.00784	0.00328	0.00968	0.00745	0.14035	0.01195
3	0.02701	0.20169	0.24239	0.02995	0.04166	0.08646	0.10573	0.03527	0.02498	0.03221	0.02188	0.03027	0.01840	0.01175	0.01045	0.00333	0.01569	0.04046	0.00543	0.01497
4	0.02462	0.02462	0.03447	0.02955	0.02955	0.03447	0.02462	0.02709	0.01724	0.02709	0.01477	0.02462	0.01477	0.01970	0.03694	0.00492	0.58385	0.00985	0.00492	0.01231
5	0.01608	0.01206	0.01809	0.01809	0.02010	0.01407	0.01407	0.02010	0.01809	0.02613	0.03015	0.04422	0.02814	0.08441	0.55984	0.01809	0.03015	0.01206	0.00603	0.01005
6	0.04080	0.11147	0.03470	0.02799	0.03418	0.50588	0.02149	0.04378	0.03096	0.02744	0.01722	0.02006	0.01449	0.01139	0.00985	0.00285	0.01944	0.00712	0.00570	0.01319
7	0.04279	0.03153	0.03378	0.02590	0.03490	0.03490	0.02139	0.49671	0.05292	0.07093	0.02702	0.02702	0.01914	0.01351	0.01126	0.00338	0.01239	0.01013	0.01126	0.01914
8	0.02027	0.01246	0.01643	0.01490	0.01831	0.01136	0.01136	0.02546	0.03190	0.10749	0.46758	0.07833	0.09637	0.02187	0.01303	0.00353	0.00585	0.01922	0.01258	0.01169
9	0.02266	0.02558	0.09052	0.40577	0.06745	0.02580	0.07967	0.03351	0.07453	0.03217	0.02302	0.03064	0.01717	0.01143	0.01143	0.00374	0.01496	0.01046	0.00572	0.01378
10	0.02120	0.07870	0.02193	0.05098	0.02420	0.05567	0.01454	0.02791	0.07121	0.03479	0.09864	0.16695	0.08626	0.02159	0.01174	0.00369	0.00890	0.07249	0.11705	0.01156
11	0.03062	0.01798	0.02434	0.16455	0.03763	0.01857	0.01842	0.08294	0.03018	0.18853	0.10344	0.04848	0.08657	0.01578	0.01139	0.00349	0.00990	0.01321	0.07960	0.01440
12	0.22586	0.26555	0.09260	0.02088	0.03004	0.08298	0.01997	0.08372	0.02587	0.03938	0.01750	0.01988	0.01426	0.01058	0.00821	0.00300	0.01233	0.00683	0.00622	0.01437
13	0.09941	0.19891	0.04100	0.08269	0.03751	0.03349	0.06948	0.11717	0.13583	0.04228	0.02541	0.02741	0.01971	0.01177	0.00987	0.00328	0.01210	0.00938	0.00770	0.01561

[dist]
# distance from previous block
# <min> <max>
7	17

[block]
# block no. 4 follows, 11 sequences, length 8
# corresponding to MSA columns:
# 289-296
name=unknown_E
#
# <colnr> <probs for GDERKNQSTAVLIFYWHMCP>
#	G	D	E	R	K	N	Q	S	T	A	V	L	I	F	Y	W	H	M	C	P
0	0.02334	0.02001	0.02334	0.01667	0.02667	0.01500	0.01334	0.02834	0.02334	0.03668	0.02001	0.02334	0.01667	0.00834	0.00834	0.00167	0.00834	0.00667	0.00667	0.67325
1	0.01637	0.01838	0.08031	0.01850	0.02368	0.01341	0.05696	0.02155	0.02658	0.03531	0.20040	0.16100	0.23579	0.02425	0.01315	0.00382	0.00820	0.02135	0.00989	0.01110
2	0.03918	0.02210	0.02787	0.09025	0.03499	0.02262	0.01904	0.18901	0.03763	0.25173	0.10850	0.04052	0.03523	0.01483	0.01159	0.00349	0.01052	0.01213	0.01173	0.01704
3	0.02214	0.01277	0.01632	0.01596	0.01958	0.01147	0.01225	0.02573	0.02688	0.13872	0.14308	0.22761	0.17584	0.02682	0.01346	0.00408	0.00725	0.07691	0.01146	0.01168
4	0.03726	0.08591	0.03312	0.21674	0.04648	0.02424	0.02245	0.08252	0.02960	0.26258	0.03110	0.03215	0.02108	0.01248	0.01084	0.00345	0.01201	0.01016	0.00954	0.01629
5	0.12447	0.09336	0.07560	0.09061	0.12361	0.02557	0.02300	0.08729	0.02662	0.03942	0.02956	0.11957	0.02857	0.01622	0.01089	0.00366	0.01157	0.04890	0.00740	0.01413
6	0.14254	0.11138	0.02826	0.12817	0.03485	0.08731	0.01825	0.03301	0.08418	0.03456	0.03533	0.12103	0.06600	0.01649	0.01042	0.00354	0.01125	0.01322	0.00749	0.01270
7	0.20545	0.02052	0.02336	0.15485	0.03654	0.02366	0.01804	0.08424	0.10657	0.04164	0.02932	0.08202	0.02605	0.08355	0.01577	0.00456	0.01076	0.01203	0.00799	0.01309

[dist]
# distance from previous block
# <min> <max>
4	104

[block]
# block no. 5 follows, 11 sequences, length 10
# corresponding to MSA columns:
# 408-417
name=unknown_F
#
# <colnr> <probs for GDERKNQSTAVLIFYWHMCP>
#	G	D	E	R	K	N	Q	S	T	A	V	L	I	F	Y	W	H	M	C	P
0	0.03007	0.02406	0.10582	0.23061	0.04832	0.02012	0.02500	0.03659	0.02578	0.19980	0.03408	0.11223	0.02758	0.01546	0.01163	0.00375	0.01225	0.01330	0.00869	0.01485
1	0.12216	0.01414	0.01628	0.01495	0.01925	0.01347	0.01148	0.02719	0.02768	0.12583	0.24027	0.13186	0.14904	0.02199	0.01212	0.00369	0.00676	0.01865	0.01126	0.01194
2	0.12370	0.01939	0.03045	0.34540	0.05638	0.02262	0.06493	0.02769	0.02158	0.03197	0.02327	0.07895	0.02042	0.01551	0.01387	0.06152	0.01317	0.01162	0.00584	0.01173
3	0.02541	0.02836	0.12329	0.23365	0.12863	0.02359	0.06998	0.03329	0.02439	0.07071	0.02225	0.02823	0.01669	0.01056	0.01087	0.00332	0.01395	0.00959	0.00602	0.11723
4	0.03066	0.01536	0.01959	0.01769	0.02291	0.01442	0.01449	0.03714	0.06082	0.22524	0.09704	0.06984	0.08333	0.01994	0.01213	0.00381	0.00835	0.11934	0.11380	0.01410
5	0.01540	0.01739	0.09403	0.01792	0.02130	0.01194	0.01519	0.01956	0.02348	0.03232	0.12803	0.43077	0.07026	0.02964	0.01364	0.00426	0.00787	0.02661	0.00989	0.01050
6	0.03355	0.03163	0.15586	0.18553	0.04907	0.02544	0.02795	0.14197	0.03201	0.16511	0.02758	0.02985	0.01889	0.01228	0.01113	0.00356	0.01349	0.00995	0.00853	0.01662
7	0.13164	0.02111	0.06017	0.02203	0.02874	0.01880	0.05806	0.03755	0.06914	0.17940	0.04184	0.14221	0.03765	0.01913	0.01194	0.00399	0.01028	0.08177	0.01016	0.01441
8	0.03558	0.02086	0.02358	0.01907	0.02516	0.02160	0.01502	0.21707	0.03593	0.16455	0.03443	0.04061	0.02684	0.11393	0.01840	0.00453	0.01002	0.01154	0.14602	0.01527
9	0.24349	0.07621	0.02946	0.12518	0.03583	0.02784	0.02007	0.03427	0.02170	0.11486	0.02073	0.02508	0.01597	0.01327	0.01562	0.00378	0.14755	0.00853	0.00699	0.01357

[dist]
# distance from previous block
# <min> <max>
0	1

[block]
# block no. 6 follows, 11 sequences, length 18
# corresponding to MSA columns:
# 419-436
name=unknown_G
#
# <colnr> <probs for GDERKNQSTAVLIFYWHMCP>
#	G	D	E	R	K	N	Q	S	T	A	V	L	I	F	Y	W	H	M	C	P
0	0.48788	0.09332	0.07770	0.01831	0.02648	0.07327	0.01685	0.03444	0.02114	0.04433	0.01629	0.01900	0.01285	0.01048	0.00765	0.00332	0.01089	0.00642	0.00640	0.01297
1	0.03189	0.39818	0.04762	0.02073	0.02920	0.08188	0.01895	0.11673	0.02997	0.03652	0.07124	0.02673	0.02485	0.01189	0.00882	0.00274	0.01208	0.00835	0.00685	0.01478
2	0.01875	0.01265	0.01568	0.01448	0.01828	0.01108	0.01090	0.02300	0.02856	0.08306	0.29611	0.14464	0.17871	0.02371	0.01284	0.00357	0.00617	0.02062	0.01139	0.06581
3	0.02689	0.31710	0.19447	0.02729	0.03788	0.03630	0.07855	0.03368	0.02282	0.03020	0.01761	0.02185	0.01472	0.01118	0.01260	0.00320	0.08592	0.00795	0.00491	0.01488
4	0.23736	0.02174	0.02846	0.02224	0.02994	0.02184	0.08732	0.07464	0.02725	0.22403	0.03003	0.03377	0.02210	0.07366	0.01506	0.00430	0.01109	0.01045	0.00959	0.01512
5	0.04789	0.01839	0.02474	0.01918	0.02735	0.01601	0.01578	0.05233	0.03145	0.49791	0.04373	0.03863	0.02795	0.01386	0.01101	0.00341	0.00920	0.01125	0.07154	0.01839
6	0.02573	0.01481	0.01773	0.01567	0.02051	0.01397	0.01220	0.03358	0.09024	0.16169	0.20691	0.06879	0.16506	0.02005	0.01202	0.00352	0.00687	0.01695	0.08039	0.01332
7	0.02789	0.14451	0.31627	0.02658	0.03945	0.02844	0.03073	0.09323	0.02807	0.07742	0.02923	0.03069	0.05487	0.01246	0.01041	0.00335	0.01393	0.00954	0.00672	0.01623
8	0.03348	0.01870	0.02553	0.06372	0.08380	0.01804	0.01794	0.08501	0.03161	0.23670	0.12951	0.08817	0.08337	0.01755	0.01201	0.00359	0.00939	0.01501	0.01131	0.01555
9	0.08854	0.01349	0.01754	0.02181	0.08190	0.01324	0.01351	0.02038	0.02289	0.03342	0.08960	0.38409	0.10187	0.02794	0.01299	0.00416	0.00747	0.02488	0.00960	0.01070
10	0.02624	0.02632	0.11488	0.10607	0.03712	0.02093	0.02162	0.08411	0.07910	0.09444	0.04724	0.04746	0.13424	0.01561	0.01128	0.00340	0.01085	0.01281	0.00873	0.09754
11	0.02817	0.09262	0.34087	0.02658	0.03948	0.02408	0.03121	0.03781	0.02629	0.13882	0.08002	0.03279	0.02704	0.01260	0.01080	0.00345	0.01357	0.01004	0.00745	0.01630
12	0.02619	0.10323	0.25952	0.02854	0.04148	0.02523	0.09965	0.03515	0.02460	0.07109	0.02177	0.02508	0.01625	0.01007	0.01020	0.00302	0.01404	0.00865	0.00601	0.17026
13	0.01610	0.01206	0.01525	0.01647	0.01870	0.01170	0.01238	0.02179	0.06318	0.03462	0.15970	0.30430	0.12533	0.02968	0.01404	0.00434	0.00714	0.11194	0.01090	0.01039
14	0.07848	0.03303	0.16955	0.02308	0.03317	0.06137	0.02292	0.07452	0.02938	0.17316	0.08259	0.03380	0.02853	0.01288	0.01059	0.00323	0.01188	0.01013	0.00899	0.09871
15	0.02488	0.02901	0.12431	0.10124	0.09426	0.02426	0.09176	0.07239	0.07976	0.03779	0.02553	0.03127	0.02013	0.02230	0.09515	0.00563	0.01638	0.01044	0.00668	0.08681
16	0.11210	0.03237	0.20582	0.10829	0.04099	0.02163	0.02632	0.03778	0.02611	0.17143	0.08129	0.03444	0.02771	0.01294	0.01076	0.00356	0.01229	0.01040	0.00833	0.01546
17	0.12726	0.02440	0.09876	0.19731	0.04441	0.02094	0.02307	0.03330	0.02379	0.12043	0.02812	0.09056	0.02337	0.01383	0.01055	0.00350	0.01169	0.01145	0.00755	0.08569

[dist]
# distance from previous block
# <min> <max>
0	1

[block]
# block no. 7 follows, 11 sequences, length 7
# corresponding to MSA columns:
# 438-444
name=unknown_H
#
# <colnr> <probs for GDERKNQSTAVLIFYWHMCP>
#	G	D	E	R	K	N	Q	S	T	A	V	L	I	F	Y	W	H	M	C	P
0	0.02672	0.02439	0.11620	0.02034	0.02767	0.01798	0.01867	0.07003	0.07116	0.11940	0.03967	0.17896	0.03622	0.01824	0.01127	0.00350	0.00960	0.01555	0.08516	0.08928
1	0.09001	0.03398	0.18590	0.20940	0.13855	0.02679	0.03191	0.08539	0.02655	0.03911	0.02064	0.02630	0.01547	0.01105	0.01065	0.00356	0.01429	0.00914	0.00593	0.01538
2	0.08512	0.03385	0.15323	0.02843	0.08070	0.02698	0.02485	0.17798	0.08033	0.04913	0.02447	0.02639	0.01831	0.01150	0.01024	0.00316	0.01211	0.00898	0.00801	0.13622
3	0.13486	0.03125	0.14411	0.03379	0.11078	0.02466	0.11031	0.07773	0.02818	0.08851	0.08131	0.03323	0.02721	0.01231	0.01103	0.00353	0.01296	0.01094	0.00771	0.01559
4	0.10116	0.07217	0.06278	0.01746	0.02354	0.01759	0.01516	0.03125	0.02645	0.15704	0.13553	0.15153	0.10419	0.02011	0.01154	0.00364	0.00848	0.01686	0.01028	0.01325
5	0.13976	0.07556	0.13104	0.09249	0.08522	0.02607	0.07766	0.07424	0.02669	0.04051	0.06638	0.03502	0.05756	0.01288	0.01060	0.00348	0.01264	0.01083	0.00694	0.01443
6	0.16404	0.12154	0.10756	0.07602	0.09129	0.02569	0.02228	0.03591	0.02369	0.13119	0.02462	0.03011	0.01937	0.06579	0.01389	0.00401	0.01189	0.00915	0.00726	0.01471

[dist]
# distance from previous block
# <min> <max>
28	201

# created by:
# /st0/software/busco_prod/Augustus/scripts/msa2prfl.pl ./align_prep/10418.fa
