[name]
unknown

[dist]
# distance from previous block
# <min> <max>
16	122

[block]
# block no. 0 follows, 10 sequences, length 22
# corresponding to MSA columns:
# 122-143
name=unknown_A
#
# <colnr> <probs for GDERKNQSTAVLIFYWHMCP>
#	G	D	E	R	K	N	Q	S	T	A	V	L	I	F	Y	W	H	M	C	P
0	0.02115	0.11425	0.17937	0.02287	0.03115	0.02143	0.02353	0.02776	0.02410	0.03313	0.03948	0.20234	0.04171	0.02154	0.01224	0.00391	0.01160	0.08844	0.00778	0.07223
1	0.02124	0.10276	0.27084	0.07459	0.04028	0.02362	0.02934	0.02953	0.02362	0.03287	0.03377	0.19847	0.03418	0.01888	0.01187	0.00389	0.01324	0.01610	0.00677	0.01413
2	0.07330	0.02045	0.03042	0.07008	0.03394	0.02234	0.07084	0.06584	0.02516	0.13659	0.02721	0.03391	0.02139	0.02926	0.10015	0.11306	0.09367	0.01100	0.00791	0.01347
3	0.02292	0.02056	0.10068	0.02050	0.02575	0.01456	0.01880	0.02836	0.02559	0.10344	0.05145	0.24564	0.05307	0.02597	0.01350	0.00438	0.00983	0.13335	0.06901	0.01263
4	0.08649	0.01819	0.02201	0.10564	0.03041	0.01950	0.01531	0.09500	0.02613	0.10493	0.03219	0.05127	0.02998	0.27720	0.03298	0.00714	0.01179	0.01319	0.00847	0.01219
5	0.08622	0.03205	0.15163	0.03015	0.10467	0.02484	0.02500	0.12564	0.05751	0.04712	0.07206	0.04221	0.08255	0.01500	0.01126	0.00358	0.01170	0.01218	0.04877	0.01586
6	0.02673	0.10122	0.03127	0.02580	0.09936	0.02076	0.01772	0.03138	0.02493	0.07958	0.02957	0.11640	0.02784	0.01411	0.01018	0.00275	0.00974	0.01200	0.00777	0.31089
7	0.56752	0.02220	0.01999	0.10437	0.03186	0.02605	0.01580	0.03346	0.02036	0.04853	0.01692	0.02086	0.01307	0.01093	0.00792	0.00364	0.01005	0.00695	0.00687	0.01265
8	0.02442	0.13591	0.46483	0.03128	0.04745	0.02969	0.03972	0.03655	0.02443	0.03550	0.02021	0.02372	0.01476	0.01089	0.01054	0.00351	0.01652	0.00826	0.00492	0.01687
9	0.01711	0.01171	0.01450	0.01380	0.01663	0.01087	0.01035	0.02240	0.03106	0.04498	0.40623	0.08166	0.12664	0.02253	0.01281	0.00352	0.00551	0.01964	0.11718	0.01087
10	0.01811	0.01148	0.01369	0.01319	0.01552	0.01098	0.00953	0.02276	0.02795	0.04206	0.29785	0.07208	0.07547	0.10505	0.01878	0.00450	0.00633	0.01733	0.20698	0.01035
11	0.02632	0.01338	0.01798	0.01737	0.02093	0.01204	0.01278	0.02960	0.02720	0.18678	0.12156	0.34441	0.06656	0.02780	0.01371	0.00422	0.00755	0.02472	0.01220	0.01288
12	0.01722	0.01159	0.01536	0.01536	0.01618	0.01241	0.01038	0.01820	0.01739	0.02400	0.03237	0.05891	0.03425	0.32221	0.24845	0.09793	0.01894	0.01429	0.00647	0.00810
13	0.03600	0.11434	0.03739	0.08676	0.03923	0.10375	0.05103	0.11108	0.06125	0.11971	0.02671	0.02844	0.01981	0.01196	0.01058	0.00314	0.01342	0.00947	0.00849	0.10745
14	0.01884	0.01071	0.01484	0.01484	0.01508	0.01095	0.00973	0.01631	0.01607	0.02166	0.02622	0.04834	0.02761	0.20522	0.10679	0.39958	0.01286	0.01234	0.00576	0.00624
15	0.01847	0.01241	0.01454	0.01369	0.01699	0.01108	0.01000	0.02196	0.02779	0.07722	0.23802	0.09114	0.25348	0.11749	0.02095	0.00500	0.00696	0.02098	0.01120	0.01062
16	0.02649	0.04860	0.34928	0.03363	0.04786	0.02840	0.10220	0.07786	0.09413	0.04164	0.02559	0.02850	0.01852	0.01178	0.01161	0.00374	0.01605	0.01016	0.00660	0.01736
17	0.02341	0.01937	0.03125	0.19651	0.15426	0.02225	0.02478	0.02601	0.02059	0.02824	0.02010	0.03123	0.01773	0.02209	0.02634	0.22410	0.08470	0.01024	0.00526	0.01154
18	0.02071	0.01204	0.01646	0.01730	0.01953	0.01145	0.01238	0.02346	0.02353	0.11009	0.05624	0.41525	0.06199	0.04041	0.09318	0.00662	0.01089	0.02653	0.01070	0.01127
19	0.02229	0.02645	0.10825	0.38177	0.12068	0.02483	0.03246	0.03032	0.02374	0.03172	0.02451	0.07651	0.02092	0.01349	0.01180	0.00387	0.01482	0.01200	0.00567	0.01389
20	0.02422	0.12193	0.47704	0.03163	0.04799	0.02919	0.04032	0.03660	0.02445	0.03575	0.02033	0.02388	0.01476	0.01092	0.01064	0.00355	0.01664	0.00832	0.00492	0.01693
21	0.02440	0.02362	0.04257	0.10917	0.04792	0.02419	0.20712	0.03638	0.10310	0.03734	0.03801	0.06217	0.03451	0.01749	0.01380	0.00433	0.01476	0.13666	0.00815	0.01430

[dist]
# distance from previous block
# <min> <max>
0	4

[block]
# block no. 1 follows, 10 sequences, length 13
# corresponding to MSA columns:
# 148-160
name=unknown_B
#
# <colnr> <probs for GDERKNQSTAVLIFYWHMCP>
#	G	D	E	R	K	N	Q	S	T	A	V	L	I	F	Y	W	H	M	C	P
0	0.01870	0.01051	0.01505	0.01536	0.01567	0.01065	0.01030	0.01610	0.01658	0.02234	0.02852	0.10543	0.03048	0.11197	0.09845	0.43536	0.01217	0.01387	0.00609	0.00639
1	0.03912	0.09779	0.08608	0.08356	0.04197	0.08363	0.07730	0.08808	0.03168	0.21174	0.02989	0.03063	0.02070	0.01241	0.01124	0.00347	0.01414	0.01028	0.00922	0.01707
2	0.03157	0.18870	0.03725	0.08681	0.03404	0.02907	0.01995	0.06966	0.02900	0.13218	0.12046	0.03911	0.03667	0.01528	0.01400	0.00349	0.07742	0.01149	0.00889	0.01497
3	0.02268	0.09484	0.19927	0.02258	0.03256	0.02126	0.02358	0.02886	0.02287	0.03305	0.02661	0.10774	0.02530	0.01750	0.01463	0.08156	0.01187	0.01165	0.00636	0.19522
4	0.03840	0.15373	0.03995	0.02443	0.03384	0.02796	0.07274	0.08376	0.08557	0.21435	0.03273	0.03185	0.02324	0.01242	0.01070	0.00324	0.01167	0.01031	0.01000	0.07910
5	0.08915	0.01844	0.02671	0.07733	0.03262	0.01764	0.07000	0.03110	0.02870	0.10131	0.22405	0.05263	0.05573	0.01617	0.01185	0.00341	0.00956	0.01435	0.00994	0.10929
6	0.09966	0.02588	0.08056	0.07882	0.12478	0.02183	0.07673	0.03113	0.02418	0.03771	0.02600	0.09379	0.02382	0.01319	0.01083	0.00325	0.01209	0.01190	0.00674	0.19712
7	0.03316	0.02789	0.08587	0.02986	0.03958	0.02385	0.14910	0.08812	0.07855	0.15648	0.08814	0.03943	0.03266	0.01356	0.01223	0.00360	0.01296	0.01274	0.00983	0.06237
8	0.03010	0.02372	0.04112	0.15416	0.10730	0.02423	0.15169	0.03991	0.07174	0.12051	0.03034	0.03483	0.02219	0.01203	0.01185	0.00367	0.01380	0.01185	0.07912	0.01583
9	0.03253	0.02627	0.08893	0.08414	0.09551	0.02143	0.02304	0.08605	0.03035	0.16501	0.03942	0.04008	0.07810	0.01393	0.01129	0.00332	0.01146	0.01156	0.00923	0.12835
10	0.09640	0.03361	0.18453	0.09193	0.04386	0.02298	0.06551	0.04056	0.02659	0.17604	0.02765	0.02956	0.01910	0.01168	0.01089	0.00349	0.01342	0.00972	0.00814	0.08433
11	0.03214	0.12160	0.21203	0.03996	0.18237	0.02793	0.03198	0.04035	0.02682	0.13833	0.02571	0.02809	0.01880	0.01138	0.01079	0.00342	0.01396	0.00942	0.00716	0.01777
12	0.08833	0.03057	0.09131	0.08235	0.04032	0.08368	0.06162	0.04739	0.07580	0.23181	0.03293	0.03279	0.02257	0.01289	0.01131	0.00363	0.01334	0.01059	0.00977	0.01698

[dist]
# distance from previous block
# <min> <max>
14	72

[block]
# block no. 2 follows, 10 sequences, length 28
# corresponding to MSA columns:
# 244-271
name=unknown_C
#
# <colnr> <probs for GDERKNQSTAVLIFYWHMCP>
#	G	D	E	R	K	N	Q	S	T	A	V	L	I	F	Y	W	H	M	C	P
0	0.02480	0.08361	0.24553	0.02492	0.03519	0.02317	0.02698	0.03606	0.07884	0.08003	0.09350	0.12389	0.03995	0.01738	0.01183	0.00377	0.01216	0.01460	0.00843	0.01536
1	0.10941	0.03304	0.16358	0.02596	0.03502	0.06617	0.06809	0.03627	0.02607	0.12764	0.03504	0.15733	0.03189	0.01752	0.01179	0.00386	0.01295	0.01500	0.00852	0.01483
2	0.03048	0.10737	0.29270	0.02806	0.04106	0.02900	0.03147	0.08154	0.10319	0.10163	0.02826	0.02904	0.02023	0.01235	0.01090	0.00356	0.01410	0.00960	0.00778	0.01768
3	0.02778	0.02972	0.15011	0.11848	0.04082	0.02279	0.02512	0.11822	0.03124	0.08070	0.11327	0.04017	0.03486	0.01793	0.01607	0.08533	0.01246	0.01195	0.00846	0.01451
4	0.02624	0.01729	0.02216	0.07633	0.02977	0.01802	0.01684	0.08185	0.08703	0.11180	0.05052	0.27824	0.05097	0.02512	0.01341	0.00428	0.00944	0.05599	0.01097	0.01373
5	0.02908	0.09574	0.11793	0.02113	0.02910	0.02015	0.02059	0.03534	0.02890	0.16557	0.13811	0.06363	0.08153	0.01904	0.01231	0.00379	0.01050	0.08244	0.01034	0.01478
6	0.02843	0.11423	0.09431	0.02321	0.03068	0.02142	0.06617	0.03384	0.02680	0.14832	0.08164	0.19722	0.04484	0.02008	0.01225	0.00380	0.01091	0.01773	0.00964	0.01447
7	0.03023	0.12655	0.20353	0.02543	0.03593	0.02815	0.02640	0.13899	0.03183	0.08345	0.03171	0.12709	0.02841	0.01645	0.01136	0.00363	0.01290	0.01336	0.00837	0.01625
8	0.07286	0.01606	0.02206	0.01904	0.02344	0.01591	0.05805	0.02862	0.07966	0.04637	0.37486	0.07126	0.08490	0.02049	0.01299	0.00371	0.00756	0.01828	0.01155	0.01235
9	0.03151	0.01859	0.02866	0.28091	0.05149	0.02010	0.02321	0.03666	0.02654	0.19722	0.06754	0.03871	0.02782	0.01650	0.01533	0.07220	0.01227	0.01160	0.00886	0.01426
10	0.02744	0.08239	0.04188	0.10160	0.11838	0.02426	0.12953	0.03351	0.02581	0.08885	0.03177	0.13009	0.02918	0.01538	0.01201	0.00362	0.01310	0.01470	0.00761	0.06889
11	0.02491	0.02187	0.03120	0.35850	0.06047	0.02590	0.02651	0.08905	0.09856	0.03814	0.03567	0.04090	0.07090	0.01439	0.01188	0.00384	0.01322	0.01225	0.00756	0.01427
12	0.01519	0.01155	0.01336	0.01336	0.01591	0.01039	0.00948	0.01841	0.02664	0.03486	0.22967	0.15073	0.25641	0.11746	0.02107	0.00509	0.00671	0.02313	0.01087	0.00972
13	0.02487	0.02062	0.02787	0.03249	0.15340	0.02132	0.02001	0.07871	0.12359	0.04740	0.24534	0.05733	0.06243	0.01773	0.01257	0.00364	0.00912	0.01565	0.01065	0.01525
14	0.04239	0.02992	0.03403	0.02657	0.03445	0.03365	0.02198	0.35970	0.04650	0.12280	0.02826	0.02900	0.02022	0.01497	0.01562	0.00374	0.09589	0.01058	0.01100	0.01872
15	0.43352	0.02301	0.02314	0.01998	0.02542	0.02773	0.01654	0.03485	0.02066	0.09502	0.01903	0.02282	0.01500	0.01376	0.01604	0.00400	0.16082	0.00791	0.00738	0.01338
16	0.02521	0.03787	0.25354	0.02736	0.03956	0.02142	0.07252	0.03455	0.02682	0.07948	0.10202	0.03638	0.03195	0.01273	0.01128	0.00328	0.01314	0.01100	0.00748	0.15241
17	0.02526	0.01917	0.02245	0.01671	0.02589	0.01476	0.01333	0.03000	0.02541	0.08536	0.03858	0.03958	0.09716	0.01249	0.00973	0.00226	0.00831	0.01017	0.00825	0.49514
18	0.01711	0.01289	0.01622	0.01569	0.01700	0.01360	0.01102	0.01961	0.02276	0.03134	0.17214	0.11688	0.10064	0.24468	0.07712	0.00803	0.06591	0.01900	0.00898	0.00939
19	0.02420	0.01922	0.02063	0.01896	0.02400	0.02114	0.01460	0.04515	0.29738	0.04595	0.13636	0.05723	0.08965	0.01806	0.01175	0.00370	0.00764	0.01520	0.11405	0.01511
20	0.02149	0.04719	0.39209	0.02878	0.04196	0.02324	0.03488	0.03262	0.02456	0.03637	0.07751	0.03488	0.02764	0.02455	0.09606	0.00606	0.01809	0.01060	0.00600	0.01541
21	0.02615	0.03099	0.12074	0.19272	0.33084	0.02707	0.03597	0.03433	0.02534	0.03567	0.02141	0.02869	0.01708	0.01080	0.01147	0.00360	0.01479	0.01008	0.00547	0.01680
22	0.02720	0.02601	0.04434	0.18604	0.41648	0.02722	0.03490	0.03430	0.02573	0.03607	0.02160	0.02930	0.01774	0.01066	0.01154	0.00355	0.01421	0.01036	0.00562	0.01714
23	0.04064	0.02913	0.03109	0.02423	0.03250	0.03207	0.01989	0.40811	0.04988	0.06855	0.02951	0.03037	0.02137	0.01390	0.01108	0.00337	0.01163	0.01053	0.11380	0.01836
24	0.02643	0.02283	0.02646	0.10824	0.03671	0.02643	0.01978	0.05225	0.37046	0.04542	0.09515	0.04629	0.04064	0.01602	0.01201	0.00390	0.00979	0.01359	0.01089	0.01671
25	0.01691	0.01128	0.01268	0.01268	0.01268	0.01128	0.00705	0.01691	0.01691	0.02255	0.03665	0.07611	0.04228	0.59126	0.05920	0.01128	0.01128	0.01691	0.00705	0.00705
26	0.02745	0.03137	0.06863	0.04902	0.06078	0.02941	0.47647	0.03725	0.02745	0.03725	0.02353	0.03137	0.01765	0.00980	0.01373	0.00392	0.01961	0.01373	0.00588	0.01569
27	0.12929	0.02013	0.02576	0.02002	0.02880	0.01821	0.01654	0.05389	0.03161	0.46786	0.04220	0.03702	0.02678	0.01395	0.01114	0.00360	0.00978	0.01103	0.01350	0.01890

[dist]
# distance from previous block
# <min> <max>
3	15

[block]
# block no. 3 follows, 10 sequences, length 26
# corresponding to MSA columns:
# 288-313
name=unknown_D
#
# <colnr> <probs for GDERKNQSTAVLIFYWHMCP>
#	G	D	E	R	K	N	Q	S	T	A	V	L	I	F	Y	W	H	M	C	P
0	0.03046	0.16224	0.03616	0.07449	0.03539	0.11397	0.01919	0.07150	0.02798	0.03604	0.01978	0.02332	0.01636	0.01024	0.00921	0.00248	0.01261	0.00748	0.00652	0.28460
1	0.02269	0.01327	0.01754	0.01569	0.01952	0.01204	0.01204	0.02800	0.03299	0.13036	0.43120	0.07863	0.09562	0.02214	0.01336	0.00365	0.00626	0.01941	0.01308	0.01251
2	0.03116	0.02758	0.03686	0.16932	0.04922	0.07118	0.09923	0.07702	0.18469	0.08299	0.03242	0.03484	0.02387	0.01313	0.01196	0.00378	0.01390	0.01172	0.00881	0.01632
3	0.04036	0.08693	0.03602	0.02557	0.03448	0.03585	0.02127	0.36614	0.12582	0.06465	0.03002	0.02960	0.02193	0.01387	0.01126	0.00347	0.01216	0.01050	0.01101	0.01907
4	0.01938	0.01235	0.01559	0.01594	0.01854	0.01143	0.01182	0.02259	0.02568	0.08132	0.13933	0.21766	0.14366	0.11718	0.02131	0.00543	0.00806	0.09124	0.01088	0.01060
5	0.02524	0.08783	0.23272	0.14500	0.16710	0.02931	0.03561	0.03423	0.02411	0.03415	0.02019	0.02642	0.01585	0.01170	0.01329	0.00368	0.06300	0.00930	0.00519	0.01608
6	0.02590	0.13559	0.26332	0.03411	0.04589	0.03216	0.13406	0.03506	0.02388	0.03384	0.01973	0.02529	0.01552	0.01221	0.01580	0.00379	0.11335	0.00964	0.00517	0.01570
7	0.01601	0.01187	0.01492	0.01415	0.01710	0.01078	0.01062	0.02107	0.03185	0.04409	0.44647	0.09107	0.17744	0.02473	0.01372	0.00370	0.00555	0.02162	0.01247	0.01078
8	0.02662	0.12703	0.21895	0.08460	0.16100	0.03031	0.03289	0.03949	0.09799	0.03686	0.02446	0.02814	0.01894	0.01149	0.01078	0.00350	0.01425	0.00951	0.00622	0.01696
9	0.04275	0.01783	0.02326	0.01851	0.02626	0.01531	0.01507	0.04687	0.03163	0.40527	0.06353	0.05733	0.14780	0.01809	0.01220	0.00368	0.00891	0.01485	0.01351	0.01735
10	0.02240	0.01314	0.01760	0.01697	0.02039	0.01211	0.01318	0.02709	0.03017	0.12225	0.28611	0.17247	0.08381	0.02571	0.01394	0.00410	0.00726	0.08677	0.01239	0.01214
11	0.01655	0.01203	0.01605	0.01812	0.02028	0.01153	0.01444	0.02061	0.02589	0.03398	0.11194	0.27109	0.11830	0.03244	0.01521	0.00484	0.00845	0.22705	0.01095	0.01024
12	0.03042	0.16877	0.12896	0.15827	0.12753	0.03122	0.02937	0.07442	0.02779	0.08439	0.02292	0.02711	0.01739	0.01138	0.01051	0.00338	0.01399	0.00919	0.00664	0.01633
13	0.03290	0.01509	0.02036	0.01809	0.02314	0.01340	0.01386	0.03672	0.02946	0.27227	0.13432	0.23390	0.05950	0.02358	0.01313	0.00399	0.00804	0.02064	0.01288	0.01470
14	0.01410	0.01040	0.01321	0.01546	0.01667	0.00951	0.01047	0.01628	0.02298	0.02998	0.07310	0.50467	0.15011	0.03527	0.01466	0.00459	0.00660	0.03164	0.01080	0.00951
15	0.01623	0.01343	0.02207	0.02130	0.02370	0.01255	0.08320	0.01947	0.02307	0.03087	0.05779	0.49780	0.06771	0.03230	0.01467	0.00460	0.00875	0.03006	0.01003	0.01042
16	0.02725	0.02543	0.04315	0.12001	0.09464	0.02634	0.17605	0.10379	0.07040	0.04151	0.03245	0.12404	0.02918	0.01576	0.01288	0.00394	0.01429	0.01555	0.00799	0.01535
17	0.03272	0.22023	0.03748	0.02278	0.02937	0.25496	0.01869	0.03634	0.02939	0.03118	0.10253	0.03825	0.07259	0.01466	0.01029	0.00301	0.01452	0.01064	0.00713	0.01325
18	0.14140	0.03552	0.03375	0.03648	0.15172	0.17498	0.02368	0.14102	0.07333	0.04649	0.02337	0.02601	0.01825	0.01216	0.01058	0.00340	0.01443	0.00915	0.00790	0.01639
19	0.02772	0.02655	0.04529	0.14787	0.45052	0.02735	0.03517	0.03476	0.02598	0.03671	0.02169	0.02913	0.01797	0.01056	0.01153	0.00352	0.01408	0.01036	0.00567	0.01757
20	0.01443	0.01181	0.01274	0.01250	0.01613	0.01011	0.00938	0.01802	0.02813	0.03527	0.21775	0.10559	0.41165	0.02802	0.01374	0.00386	0.00579	0.02366	0.01131	0.01011
21	0.03060	0.02317	0.04153	0.30299	0.06312	0.02465	0.14110	0.03809	0.02672	0.15082	0.02744	0.03316	0.01923	0.01183	0.01218	0.00382	0.01520	0.01152	0.00756	0.01527
22	0.09603	0.02661	0.06655	0.15275	0.04231	0.06680	0.02248	0.04342	0.10657	0.15867	0.07301	0.03745	0.02983	0.01395	0.01128	0.00368	0.01217	0.01129	0.00945	0.01570
23	0.04744	0.01840	0.02448	0.01916	0.02718	0.01612	0.01570	0.05208	0.03190	0.45161	0.04465	0.04017	0.02895	0.01426	0.01114	0.00346	0.00920	0.01156	0.11412	0.01840
24	0.03357	0.02566	0.02770	0.02386	0.03109	0.02888	0.01886	0.12631	0.38350	0.09915	0.04418	0.04062	0.03240	0.01536	0.01179	0.00384	0.00983	0.01259	0.01205	0.01876
25	0.02545	0.02545	0.03562	0.03053	0.03053	0.03562	0.02545	0.02799	0.01781	0.02799	0.01527	0.02545	0.01527	0.02036	0.03817	0.00509	0.56997	0.01018	0.00509	0.01272

[dist]
# distance from previous block
# <min> <max>
0	1

[block]
# block no. 4 follows, 10 sequences, length 11
# corresponding to MSA columns:
# 315-325
name=unknown_E
#
# <colnr> <probs for GDERKNQSTAVLIFYWHMCP>
#	G	D	E	R	K	N	Q	S	T	A	V	L	I	F	Y	W	H	M	C	P
0	0.03447	0.03585	0.02849	0.10266	0.03769	0.27227	0.02086	0.04104	0.07508	0.07841	0.03226	0.12833	0.02960	0.01696	0.01169	0.00359	0.01540	0.01349	0.00812	0.01375
1	0.01537	0.01230	0.01404	0.01491	0.01843	0.01098	0.01206	0.01910	0.02660	0.03252	0.09954	0.11819	0.36871	0.03032	0.01450	0.00439	0.00746	0.15969	0.01077	0.01011
2	0.02403	0.01388	0.01879	0.01946	0.02267	0.01332	0.01589	0.02810	0.02604	0.12161	0.05543	0.15649	0.05758	0.10979	0.02134	0.00582	0.01021	0.25701	0.01086	0.01169
3	0.05218	0.01979	0.02699	0.02069	0.02969	0.01709	0.01709	0.05668	0.03329	0.52677	0.04588	0.03959	0.02879	0.01439	0.01170	0.00360	0.00990	0.01170	0.01439	0.01979
4	0.01726	0.01203	0.01805	0.01805	0.01975	0.01373	0.01373	0.01975	0.01805	0.02577	0.02917	0.04382	0.02747	0.07874	0.45464	0.13517	0.02734	0.01203	0.00602	0.00942
5	0.02196	0.02067	0.03488	0.56331	0.08010	0.02584	0.03230	0.02972	0.02326	0.02972	0.02067	0.03101	0.01550	0.01163	0.01163	0.00388	0.01550	0.01034	0.00517	0.01292
6	0.01375	0.01178	0.01178	0.01178	0.01571	0.00982	0.00884	0.01669	0.02651	0.03142	0.11782	0.11193	0.51399	0.02946	0.01375	0.00393	0.00589	0.02455	0.01080	0.00982
7	0.03279	0.02971	0.11215	0.02540	0.03345	0.02611	0.02345	0.12706	0.03029	0.13045	0.02658	0.03004	0.02011	0.02090	0.06591	0.00503	0.13272	0.00999	0.00846	0.10939
8	0.02708	0.02620	0.03221	0.08588	0.03798	0.09756	0.09381	0.07698	0.11263	0.04036	0.09933	0.13906	0.04333	0.01843	0.01271	0.00386	0.01269	0.01653	0.00920	0.01416
9	0.08643	0.10223	0.03020	0.17617	0.04090	0.02302	0.01944	0.02889	0.02391	0.03534	0.06297	0.08140	0.02885	0.01367	0.01017	0.00307	0.01079	0.01128	0.00698	0.20430
10	0.20068	0.23718	0.09309	0.07217	0.03495	0.03198	0.02125	0.03803	0.02430	0.11824	0.02207	0.02403	0.01666	0.01119	0.00889	0.00323	0.01193	0.00781	0.00713	0.01518

[dist]
# distance from previous block
# <min> <max>
0	13

[block]
# block no. 5 follows, 10 sequences, length 66
# corresponding to MSA columns:
# 345-410
name=unknown_F
#
# <colnr> <probs for GDERKNQSTAVLIFYWHMCP>
#	G	D	E	R	K	N	Q	S	T	A	V	L	I	F	Y	W	H	M	C	P
0	0.03109	0.59826	0.06095	0.01990	0.02985	0.04602	0.01990	0.03483	0.02363	0.02736	0.01617	0.01866	0.01493	0.00995	0.00746	0.00249	0.01244	0.00622	0.00498	0.01493
1	0.02348	0.01740	0.02152	0.01936	0.02207	0.02000	0.01474	0.10822	0.02547	0.03626	0.03067	0.04760	0.02915	0.19026	0.20426	0.01070	0.08601	0.01282	0.06839	0.01162
2	0.03304	0.51275	0.05654	0.02149	0.03081	0.12455	0.02031	0.03666	0.02510	0.02754	0.01645	0.01902	0.01493	0.01027	0.00794	0.00257	0.01378	0.00642	0.00514	0.01470
3	0.03014	0.53239	0.11848	0.02152	0.03236	0.04369	0.02272	0.03507	0.02374	0.02852	0.01674	0.01938	0.01490	0.01008	0.00790	0.00263	0.01302	0.00651	0.00497	0.01520
4	0.03109	0.59826	0.06095	0.01990	0.02985	0.04602	0.01990	0.03483	0.02363	0.02736	0.01617	0.01866	0.01493	0.00995	0.00746	0.00249	0.01244	0.00622	0.00498	0.01493
5	0.67341	0.02249	0.01709	0.01529	0.02249	0.02609	0.01260	0.03419	0.01979	0.05218	0.01619	0.01889	0.01260	0.01080	0.00720	0.00360	0.00900	0.00630	0.00720	0.01260
6	0.02333	0.06016	0.53100	0.03315	0.05034	0.02701	0.04297	0.03683	0.02455	0.03683	0.02087	0.02455	0.01473	0.01105	0.01105	0.00368	0.01719	0.00859	0.00491	0.01719
7	0.03725	0.08029	0.03219	0.02376	0.03183	0.03079	0.01943	0.18133	0.25057	0.12841	0.03848	0.03593	0.02790	0.01448	0.01134	0.00362	0.01067	0.01148	0.01153	0.01870
8	0.22608	0.02055	0.02422	0.01918	0.02767	0.01961	0.01583	0.05038	0.02951	0.39392	0.03757	0.03379	0.02426	0.01339	0.01044	0.00360	0.00964	0.01018	0.01238	0.01778
9	0.05218	0.01979	0.02699	0.02069	0.02969	0.01709	0.01709	0.05668	0.03329	0.52677	0.04588	0.03959	0.02879	0.01439	0.01170	0.00360	0.00990	0.01170	0.01439	0.01979
10	0.67341	0.02249	0.01709	0.01529	0.02249	0.02609	0.01260	0.03419	0.01979	0.05218	0.01619	0.01889	0.01260	0.01080	0.00720	0.00360	0.00900	0.00630	0.00720	0.01260
11	0.37517	0.02495	0.02733	0.09334	0.11023	0.02816	0.02041	0.11674	0.02776	0.05112	0.01982	0.02361	0.01520	0.01142	0.00924	0.00359	0.01126	0.00821	0.00755	0.01489
12	0.10509	0.02637	0.03240	0.41221	0.06610	0.10758	0.02834	0.03290	0.02436	0.03227	0.01970	0.02794	0.01507	0.01158	0.01091	0.00370	0.01557	0.00939	0.00555	0.01297
13	0.01417	0.01012	0.01350	0.01619	0.01687	0.00945	0.01080	0.01619	0.02227	0.02969	0.06410	0.58367	0.07692	0.03644	0.01484	0.00472	0.00675	0.03306	0.01080	0.00945
14	0.02384	0.01439	0.01824	0.01820	0.02124	0.01391	0.01317	0.07934	0.02797	0.11333	0.05680	0.42994	0.06235	0.03021	0.01396	0.00440	0.00798	0.02693	0.01147	0.01234
15	0.02827	0.02990	0.03634	0.08977	0.08749	0.11395	0.02676	0.03188	0.02167	0.02929	0.01694	0.02566	0.01558	0.01709	0.02828	0.00446	0.36812	0.00979	0.00531	0.01346
16	0.01453	0.01040	0.01382	0.01595	0.01695	0.00969	0.01082	0.01710	0.02395	0.03236	0.13475	0.50542	0.08209	0.03444	0.01467	0.00456	0.00655	0.03117	0.01111	0.00969
17	0.01417	0.01012	0.01350	0.01619	0.01687	0.00945	0.01080	0.01619	0.02227	0.02969	0.06410	0.58367	0.07692	0.03644	0.01484	0.00472	0.00675	0.03306	0.01080	0.00945
18	0.02493	0.02570	0.04928	0.18678	0.05852	0.02646	0.25620	0.03613	0.07594	0.03730	0.07575	0.03826	0.02843	0.01238	0.01294	0.00388	0.01591	0.01347	0.00702	0.01471
19	0.02190	0.01285	0.01691	0.01702	0.02022	0.01175	0.01298	0.02570	0.02755	0.12004	0.15967	0.26469	0.11950	0.02858	0.01415	0.00432	0.00757	0.09098	0.01182	0.01179
20	0.03513	0.02102	0.02678	0.10663	0.03655	0.02219	0.01933	0.05069	0.20261	0.22236	0.09118	0.04457	0.03762	0.01545	0.01195	0.00378	0.01006	0.01299	0.01183	0.01728
21	0.19904	0.27953	0.04567	0.07416	0.03693	0.07749	0.07525	0.03542	0.02382	0.03539	0.01765	0.02163	0.01471	0.01048	0.00880	0.00313	0.01340	0.00765	0.00577	0.01410
22	0.04071	0.02133	0.02624	0.02082	0.02829	0.02082	0.01691	0.16617	0.03918	0.27560	0.16161	0.04856	0.04721	0.01670	0.01220	0.00358	0.00957	0.01377	0.01321	0.01751
23	0.02615	0.03462	0.21050	0.30818	0.06334	0.02519	0.03424	0.03555	0.02495	0.09309	0.02383	0.02976	0.01686	0.01176	0.01143	0.00377	0.01542	0.00988	0.00621	0.01528
24	0.03607	0.22198	0.03842	0.02373	0.03047	0.30108	0.01939	0.03968	0.02863	0.03046	0.02054	0.02376	0.01730	0.01158	0.00915	0.00279	0.01579	0.00761	0.10803	0.01353
25	0.01646	0.01189	0.01555	0.01463	0.01738	0.01097	0.01097	0.02195	0.03292	0.04664	0.51257	0.08688	0.10974	0.02378	0.01372	0.00366	0.00549	0.02103	0.01280	0.01097
26	0.01772	0.01149	0.01338	0.01296	0.01538	0.01086	0.00933	0.02206	0.02732	0.04033	0.26255	0.07553	0.11879	0.11088	0.01931	0.00462	0.00642	0.01788	0.19301	0.01020
27	0.01646	0.01189	0.01555	0.01463	0.01738	0.01097	0.01097	0.02195	0.03292	0.04664	0.51257	0.08688	0.10974	0.02378	0.01372	0.00366	0.00549	0.02103	0.01280	0.01097
28	0.01728	0.01172	0.01481	0.01403	0.01677	0.01095	0.01053	0.02276	0.03158	0.04612	0.43781	0.08002	0.09715	0.02217	0.01284	0.00351	0.00548	0.01943	0.11409	0.01095
29	0.01646	0.01189	0.01555	0.01463	0.01738	0.01097	0.01097	0.02195	0.03292	0.04664	0.51257	0.08688	0.10974	0.02378	0.01372	0.00366	0.00549	0.02103	0.01280	0.01097
30	0.04120	0.02903	0.03169	0.02521	0.03377	0.03188	0.02053	0.31905	0.16763	0.12238	0.03519	0.03339	0.02498	0.01449	0.01169	0.00362	0.01151	0.01132	0.01202	0.01942
31	0.02196	0.02067	0.03488	0.56331	0.08010	0.02584	0.03230	0.02972	0.02326	0.02972	0.02067	0.03101	0.01550	0.01163	0.01163	0.00388	0.01550	0.01034	0.00517	0.01292
32	0.02020	0.01010	0.01515	0.01515	0.01515	0.01010	0.01010	0.01515	0.01515	0.02020	0.02020	0.03535	0.02020	0.04040	0.04545	0.66162	0.01010	0.01010	0.00505	0.00505
33	0.01683	0.01160	0.01434	0.01434	0.01492	0.01218	0.00912	0.01798	0.01740	0.02378	0.03513	0.06770	0.03863	0.45198	0.19349	0.01332	0.01677	0.01568	0.00682	0.00797
34	0.67341	0.02249	0.01709	0.01529	0.02249	0.02609	0.01260	0.03419	0.01979	0.05218	0.01619	0.01889	0.01260	0.01080	0.00720	0.00360	0.00900	0.00630	0.00720	0.01260
35	0.67341	0.02249	0.01709	0.01529	0.02249	0.02609	0.01260	0.03419	0.01979	0.05218	0.01619	0.01889	0.01260	0.01080	0.00720	0.00360	0.00900	0.00630	0.00720	0.01260
36	0.02007	0.01512	0.01753	0.01574	0.01985	0.01460	0.01212	0.09261	0.03454	0.04655	0.32492	0.08466	0.20956	0.02383	0.01340	0.00371	0.00675	0.02036	0.01205	0.01204
37	0.01988	0.01766	0.02518	0.02693	0.06973	0.02121	0.01877	0.02257	0.02096	0.02983	0.04138	0.31707	0.04774	0.02780	0.02347	0.00474	0.22329	0.02214	0.00813	0.01155
38	0.01460	0.01043	0.01399	0.01669	0.01755	0.00982	0.01155	0.01694	0.02269	0.03018	0.06386	0.54074	0.07598	0.03603	0.01496	0.00478	0.00712	0.07172	0.01079	0.00957
39	0.67341	0.02249	0.01709	0.01529	0.02249	0.02609	0.01260	0.03419	0.01979	0.05218	0.01619	0.01889	0.01260	0.01080	0.00720	0.00360	0.00900	0.00630	0.00720	0.01260
40	0.02412	0.02067	0.02412	0.01723	0.02756	0.01550	0.01378	0.02929	0.02412	0.03790	0.02067	0.02412	0.01723	0.00861	0.00861	0.00172	0.00861	0.00689	0.00689	0.66236
41	0.04540	0.02625	0.03642	0.02735	0.03690	0.02591	0.09127	0.20709	0.04013	0.28523	0.03585	0.03406	0.02377	0.01351	0.01199	0.00361	0.01248	0.01157	0.01205	0.01914
42	0.02196	0.02067	0.03488	0.56331	0.08010	0.02584	0.03230	0.02972	0.02326	0.02972	0.02067	0.03101	0.01550	0.01163	0.01163	0.00388	0.01550	0.01034	0.00517	0.01292
43	0.01691	0.01128	0.01268	0.01268	0.01268	0.01128	0.00705	0.01691	0.01691	0.02255	0.03665	0.07611	0.04228	0.59126	0.05920	0.01128	0.01128	0.01691	0.00705	0.00705
44	0.09208	0.02624	0.03567	0.03424	0.11068	0.02890	0.07760	0.08419	0.19698	0.08324	0.03239	0.03383	0.02450	0.01393	0.01427	0.00388	0.06950	0.01149	0.00920	0.01717
45	0.02024	0.01458	0.01918	0.01801	0.02014	0.01564	0.01360	0.02368	0.02596	0.07358	0.21498	0.18032	0.10455	0.07445	0.02227	0.00483	0.11157	0.02081	0.01041	0.01123
46	0.01375	0.01178	0.01178	0.01178	0.01571	0.00982	0.00884	0.01669	0.02651	0.03142	0.11782	0.11193	0.51399	0.02946	0.01375	0.00393	0.00589	0.02455	0.01080	0.00982
47	0.04352	0.05328	0.03314	0.02966	0.03597	0.49677	0.02244	0.08719	0.03500	0.03268	0.01891	0.02163	0.01543	0.01217	0.01059	0.00304	0.02021	0.00777	0.00652	0.01407
48	0.04365	0.04947	0.03347	0.02913	0.03598	0.41192	0.02238	0.15952	0.03863	0.04016	0.02057	0.02279	0.01623	0.01250	0.01079	0.00313	0.01884	0.00827	0.00746	0.01513
49	0.03054	0.01873	0.02065	0.01832	0.02390	0.01996	0.01432	0.04787	0.23438	0.13555	0.04355	0.04267	0.03213	0.01469	0.01042	0.00342	0.00792	0.01202	0.25312	0.01584
50	0.05218	0.01979	0.02699	0.02069	0.02969	0.01709	0.01709	0.05668	0.03329	0.52677	0.04588	0.03959	0.02879	0.01439	0.01170	0.00360	0.00990	0.01170	0.01439	0.01979
51	0.02617	0.02327	0.03616	0.42796	0.11849	0.02764	0.03104	0.10125	0.02854	0.03744	0.02194	0.03029	0.01648	0.01186	0.01162	0.00377	0.01490	0.01036	0.00625	0.01457
52	0.02790	0.10887	0.24385	0.03010	0.04218	0.02737	0.10305	0.03990	0.07552	0.08905	0.07274	0.03438	0.02786	0.01276	0.01145	0.00359	0.01431	0.01112	0.00753	0.01647
53	0.02586	0.01523	0.02271	0.02066	0.02514	0.01386	0.05739	0.02977	0.02663	0.16088	0.06080	0.28469	0.10316	0.02690	0.01395	0.00435	0.00918	0.07463	0.01126	0.01293
54	0.01417	0.01012	0.01350	0.01619	0.01687	0.00945	0.01080	0.01619	0.02227	0.02969	0.06410	0.58367	0.07692	0.03644	0.01484	0.00472	0.00675	0.03306	0.01080	0.00945
55	0.02413	0.15565	0.39517	0.02895	0.04343	0.02904	0.03567	0.03506	0.02517	0.03599	0.06622	0.02932	0.02370	0.01204	0.01063	0.00346	0.01521	0.00932	0.00566	0.01618
56	0.03560	0.08762	0.03746	0.14873	0.11953	0.07375	0.02518	0.12828	0.06933	0.12006	0.02769	0.03023	0.02038	0.01251	0.01111	0.00347	0.01347	0.01013	0.00858	0.01692
57	0.02046	0.01536	0.02064	0.01910	0.02260	0.01560	0.05204	0.02980	0.10635	0.03880	0.11993	0.15898	0.05570	0.08146	0.01743	0.00469	0.00866	0.05852	0.14198	0.01192
58	0.67341	0.02249	0.01709	0.01529	0.02249	0.02609	0.01260	0.03419	0.01979	0.05218	0.01619	0.01889	0.01260	0.01080	0.00720	0.00360	0.00900	0.00630	0.00720	0.01260
59	0.02187	0.01279	0.01696	0.01634	0.01870	0.01271	0.01166	0.02459	0.02254	0.10687	0.09057	0.15107	0.04962	0.21290	0.16765	0.01011	0.01493	0.01813	0.00923	0.01076
60	0.01779	0.01228	0.01397	0.01370	0.01743	0.01059	0.01020	0.02105	0.02724	0.08000	0.15051	0.17929	0.34685	0.02847	0.01373	0.00399	0.00636	0.02429	0.01139	0.01085
61	0.24595	0.02710	0.08910	0.07346	0.08533	0.02505	0.02289	0.03935	0.02459	0.16473	0.02518	0.02759	0.01810	0.01275	0.01284	0.00377	0.06926	0.00912	0.00820	0.01563
62	0.38698	0.02445	0.02199	0.02270	0.07474	0.07677	0.01552	0.03472	0.02250	0.08225	0.02261	0.03084	0.01945	0.10260	0.01655	0.00473	0.01117	0.00896	0.00749	0.01301
63	0.08461	0.02996	0.03842	0.04015	0.17183	0.12199	0.09473	0.04039	0.02930	0.13040	0.07673	0.03505	0.02869	0.01278	0.01160	0.00350	0.01410	0.01140	0.00830	0.01608
64	0.28073	0.17543	0.03512	0.02647	0.10356	0.03132	0.01901	0.07960	0.02660	0.04510	0.06103	0.02717	0.02323	0.01195	0.00897	0.00328	0.01076	0.00862	0.00733	0.01473
65	0.32858	0.08126	0.12872	0.02914	0.10807	0.02918	0.02376	0.07730	0.02543	0.04679	0.01912	0.02241	0.01482	0.01101	0.00908	0.00349	0.01203	0.00778	0.00675	0.01530

[dist]
# distance from previous block
# <min> <max>
0	23

# created by:
# /st0/software/busco_prod/Augustus/scripts/msa2prfl.pl ./align_prep/10459.fa
