[name]
unknown

[dist]
# distance from previous block
# <min> <max>
0	41

[block]
# block no. 0 follows, 13 sequences, length 26
# corresponding to MSA columns:
# 42-67
name=unknown_A
#
# <colnr> <probs for GDERKNQSTAVLIFYWHMCP>
#	G	D	E	R	K	N	Q	S	T	A	V	L	I	F	Y	W	H	M	C	P
0	0.01613	0.01227	0.01719	0.08431	0.02514	0.01220	0.01499	0.02031	0.02327	0.03126	0.11575	0.25348	0.06043	0.02588	0.01307	0.00412	0.00837	0.19823	0.00920	0.05441
1	0.02827	0.63478	0.05540	0.01809	0.02714	0.04184	0.01809	0.03166	0.02148	0.02488	0.01470	0.01696	0.01357	0.00905	0.00678	0.00226	0.01131	0.00565	0.00452	0.01357
2	0.01997	0.01879	0.03171	0.60301	0.07282	0.02349	0.02936	0.02701	0.02114	0.02701	0.01879	0.02819	0.01409	0.01057	0.01057	0.00352	0.01409	0.00940	0.00470	0.01175
3	0.01538	0.01025	0.01153	0.01153	0.01153	0.01025	0.00641	0.01538	0.01538	0.02050	0.03331	0.06919	0.03844	0.62842	0.05382	0.01025	0.01025	0.01538	0.00641	0.00641
4	0.01286	0.01073	0.01121	0.01109	0.01450	0.00908	0.00832	0.01587	0.02495	0.03058	0.17257	0.09844	0.49145	0.02603	0.01249	0.00353	0.00530	0.02185	0.01008	0.00908
5	0.02551	0.01927	0.02251	0.01688	0.02563	0.01604	0.01349	0.03380	0.09878	0.09769	0.02497	0.02610	0.01929	0.00939	0.00858	0.00206	0.00804	0.00760	0.00771	0.51667
6	0.03491	0.03397	0.02830	0.02427	0.03083	0.21307	0.01898	0.19585	0.22265	0.04503	0.02882	0.02841	0.02174	0.01270	0.01030	0.00317	0.01290	0.00951	0.00895	0.01564
7	0.01997	0.01879	0.03171	0.60301	0.07282	0.02349	0.02936	0.02701	0.02114	0.02701	0.01879	0.02819	0.01409	0.01057	0.01057	0.00352	0.01409	0.00940	0.00470	0.01175
8	0.03782	0.02733	0.02920	0.02265	0.03042	0.03014	0.01863	0.46912	0.04653	0.06349	0.02644	0.02701	0.01903	0.01265	0.01021	0.00309	0.01086	0.00956	0.08878	0.01704
9	0.04592	0.02271	0.02576	0.02024	0.02813	0.08291	0.01648	0.09002	0.03185	0.46507	0.03742	0.03315	0.02404	0.01280	0.01050	0.00320	0.01038	0.01010	0.01199	0.01733
10	0.01842	0.01350	0.01673	0.01742	0.02021	0.01354	0.01377	0.09384	0.02657	0.03478	0.05817	0.28999	0.11525	0.02792	0.01335	0.00425	0.00817	0.19378	0.00990	0.01045
11	0.02994	0.54760	0.05161	0.01946	0.02796	0.12301	0.01844	0.03324	0.02275	0.02502	0.01494	0.01727	0.01358	0.00932	0.00719	0.00233	0.01246	0.00583	0.00466	0.01337
12	0.01492	0.01121	0.01323	0.01423	0.01576	0.01105	0.00961	0.01972	0.08021	0.02780	0.05818	0.35818	0.12978	0.15980	0.02182	0.00541	0.00718	0.02364	0.00918	0.00910
13	0.02724	0.55035	0.13083	0.01984	0.02985	0.03932	0.02114	0.03193	0.02161	0.02613	0.01532	0.01774	0.01354	0.00919	0.00726	0.00242	0.01194	0.00597	0.00451	0.01387
14	0.02597	0.01737	0.02137	0.01801	0.02241	0.01828	0.01439	0.13544	0.03232	0.12158	0.27380	0.05608	0.09133	0.01841	0.01436	0.00345	0.07687	0.01486	0.01069	0.01300
15	0.04744	0.01799	0.02454	0.01881	0.02699	0.01554	0.01554	0.05153	0.03026	0.56979	0.04171	0.03599	0.02617	0.01309	0.01063	0.00327	0.00900	0.01063	0.01309	0.01799
16	0.02926	0.02872	0.02860	0.09158	0.03316	0.18444	0.02073	0.06111	0.02430	0.07365	0.02328	0.09293	0.02158	0.01632	0.01888	0.00372	0.21774	0.01111	0.00652	0.01235
17	0.01486	0.01072	0.01477	0.01513	0.01630	0.01171	0.01081	0.01729	0.01701	0.02377	0.03408	0.13371	0.03613	0.22651	0.35379	0.01325	0.02003	0.01519	0.00648	0.00847
18	0.03738	0.03689	0.03275	0.02705	0.03407	0.28293	0.07760	0.13990	0.09115	0.09974	0.02465	0.02566	0.01831	0.01166	0.01035	0.00307	0.01508	0.00902	0.00793	0.01479
19	0.01349	0.00965	0.01288	0.01485	0.01587	0.00905	0.01035	0.01601	0.02198	0.02962	0.13249	0.50497	0.07374	0.03113	0.01342	0.00419	0.00622	0.06114	0.01008	0.00888
20	0.10929	0.02928	0.08887	0.02227	0.02993	0.06091	0.01954	0.25083	0.11047	0.05088	0.06220	0.06464	0.02695	0.01398	0.01031	0.00331	0.01092	0.01092	0.00914	0.01534
21	0.10484	0.02454	0.03941	0.16210	0.22556	0.02604	0.11927	0.10343	0.02665	0.03900	0.02014	0.02588	0.01563	0.01009	0.01043	0.00332	0.01322	0.00957	0.00607	0.01480
22	0.12196	0.12308	0.36253	0.03019	0.09927	0.02679	0.03151	0.03277	0.02178	0.03450	0.01789	0.02131	0.01352	0.00981	0.00915	0.00317	0.01362	0.00741	0.00486	0.01488
23	0.12841	0.03724	0.02713	0.02338	0.02989	0.32810	0.01818	0.09872	0.03073	0.14798	0.02252	0.02311	0.01648	0.01142	0.00949	0.00296	0.01466	0.00779	0.00779	0.01402
24	0.06991	0.02818	0.11433	0.15231	0.13932	0.02501	0.08417	0.12033	0.02817	0.10257	0.02294	0.02678	0.01665	0.01072	0.01046	0.00333	0.01308	0.00947	0.00697	0.01531
25	0.15748	0.12164	0.06700	0.02594	0.05977	0.14496	0.07654	0.03921	0.08443	0.09382	0.02260	0.02427	0.01718	0.01070	0.00924	0.00307	0.01284	0.00830	0.00689	0.01412

[dist]
# distance from previous block
# <min> <max>
0	25

[block]
# block no. 1 follows, 13 sequences, length 23
# corresponding to MSA columns:
# 93-115
name=unknown_B
#
# <colnr> <probs for GDERKNQSTAVLIFYWHMCP>
#	G	D	E	R	K	N	Q	S	T	A	V	L	I	F	Y	W	H	M	C	P
0	0.02968	0.10446	0.09427	0.02775	0.09981	0.02200	0.06613	0.06424	0.02673	0.17695	0.07011	0.11057	0.03168	0.01463	0.01072	0.00329	0.01080	0.01282	0.00856	0.01479
1	0.30491	0.11224	0.17607	0.02262	0.03252	0.02608	0.07770	0.03366	0.02133	0.07865	0.01865	0.02122	0.01388	0.00992	0.00849	0.00319	0.01173	0.00740	0.00608	0.01366
2	0.14373	0.12114	0.02709	0.01793	0.02450	0.02273	0.04210	0.07071	0.08523	0.10942	0.08291	0.04548	0.13559	0.01518	0.00992	0.00321	0.00881	0.01216	0.00886	0.01331
3	0.06748	0.02214	0.03199	0.06940	0.10666	0.02225	0.08811	0.14436	0.02969	0.12113	0.02927	0.10642	0.02486	0.01376	0.01074	0.00327	0.01111	0.01230	0.00838	0.07670
4	0.03669	0.03031	0.07201	0.02380	0.03291	0.03006	0.02069	0.43319	0.04449	0.06048	0.02415	0.02476	0.01737	0.01194	0.01023	0.00301	0.01151	0.00902	0.00963	0.09375
5	0.02606	0.06992	0.02632	0.01787	0.02678	0.07037	0.01452	0.08474	0.02575	0.03656	0.01900	0.02167	0.01558	0.00875	0.00821	0.00191	0.00955	0.00663	0.00654	0.50326
6	0.03707	0.02393	0.02896	0.02630	0.08932	0.02475	0.01914	0.22211	0.12835	0.19942	0.03216	0.03079	0.02259	0.01244	0.01045	0.00317	0.01018	0.01006	0.01046	0.05837
7	0.02516	0.03114	0.15093	0.05782	0.45730	0.02501	0.03380	0.03266	0.02372	0.03433	0.01970	0.02539	0.01607	0.00955	0.01038	0.00318	0.01318	0.00909	0.00508	0.01652
8	0.02290	0.03926	0.34625	0.02906	0.08540	0.02084	0.03024	0.03196	0.02304	0.07367	0.02584	0.06942	0.02184	0.01278	0.01041	0.00329	0.01293	0.04230	0.00610	0.09247
9	0.03007	0.15596	0.30051	0.02485	0.03687	0.02696	0.02808	0.09237	0.02687	0.14539	0.02353	0.02443	0.01656	0.01077	0.00960	0.00310	0.01299	0.00817	0.00693	0.01598
10	0.01510	0.01133	0.01699	0.01699	0.01888	0.01322	0.01322	0.01888	0.01699	0.02454	0.02832	0.04154	0.02643	0.07930	0.58652	0.01699	0.02832	0.01133	0.00566	0.00944
11	0.02803	0.02591	0.05000	0.05004	0.26212	0.02479	0.26231	0.03530	0.02520	0.09540	0.02309	0.02840	0.01749	0.00960	0.01143	0.00336	0.01464	0.01100	0.00618	0.01572
12	0.02617	0.02512	0.04292	0.06490	0.56246	0.02512	0.03245	0.03245	0.02407	0.03454	0.01989	0.02617	0.01675	0.00942	0.01047	0.00314	0.01256	0.00942	0.00523	0.01675
13	0.03218	0.02098	0.03226	0.07773	0.03606	0.02082	0.12314	0.13603	0.03040	0.20205	0.03517	0.14272	0.02958	0.01571	0.01155	0.00353	0.01131	0.01437	0.00957	0.01485
14	0.01288	0.00920	0.01227	0.01472	0.01534	0.00859	0.00981	0.01472	0.02024	0.02699	0.05828	0.62152	0.06993	0.03312	0.01350	0.00429	0.00613	0.03006	0.00981	0.00859
15	0.04744	0.01799	0.02454	0.01881	0.02699	0.01554	0.01554	0.05153	0.03026	0.56979	0.04171	0.03599	0.02617	0.01309	0.01063	0.00327	0.00900	0.01063	0.01309	0.01799
16	0.04084	0.10473	0.09242	0.02084	0.03002	0.02260	0.01925	0.11816	0.03112	0.36169	0.03313	0.03034	0.02183	0.01215	0.01005	0.00313	0.01045	0.00949	0.01060	0.01714
17	0.11567	0.03717	0.02915	0.02434	0.03134	0.26089	0.01925	0.26962	0.03791	0.04756	0.02042	0.02183	0.01543	0.01162	0.00968	0.00300	0.01432	0.00796	0.00799	0.01486
18	0.01385	0.00970	0.01238	0.01386	0.01437	0.00946	0.00897	0.01524	0.01844	0.02472	0.04804	0.40121	0.05660	0.22785	0.06874	0.00715	0.00909	0.02396	0.00841	0.00795
19	0.26032	0.02568	0.02472	0.02074	0.02661	0.06963	0.01681	0.21782	0.03084	0.04864	0.02209	0.06719	0.01886	0.01390	0.01251	0.00345	0.08887	0.00956	0.00799	0.01378
20	0.01951	0.01596	0.02302	0.01925	0.02369	0.01581	0.08006	0.06455	0.08945	0.04332	0.38632	0.06366	0.07466	0.01841	0.01213	0.00338	0.00759	0.01669	0.01062	0.01193
21	0.02890	0.21189	0.14229	0.02781	0.03633	0.18115	0.09897	0.03446	0.02383	0.02814	0.01684	0.02094	0.01396	0.01077	0.01211	0.00305	0.08240	0.00779	0.00490	0.01347
22	0.07654	0.30112	0.08038	0.06100	0.03203	0.10722	0.01991	0.03737	0.07094	0.09139	0.02120	0.02267	0.01660	0.01047	0.00845	0.00280	0.01213	0.00738	0.00634	0.01407

[dist]
# distance from previous block
# <min> <max>
0	8

[block]
# block no. 2 follows, 13 sequences, length 19
# corresponding to MSA columns:
# 124-142
name=unknown_C
#
# <colnr> <probs for GDERKNQSTAVLIFYWHMCP>
#	G	D	E	R	K	N	Q	S	T	A	V	L	I	F	Y	W	H	M	C	P
0	0.03652	0.03004	0.03501	0.08194	0.03910	0.07329	0.07708	0.38777	0.04273	0.05611	0.02362	0.02552	0.01706	0.01193	0.01071	0.00322	0.01312	0.00963	0.00904	0.01654
1	0.04365	0.02407	0.02830	0.02170	0.03002	0.02456	0.01792	0.30021	0.04043	0.30674	0.03318	0.03044	0.02189	0.01288	0.01060	0.00322	0.01038	0.01005	0.01177	0.01799
2	0.02189	0.02076	0.03519	0.43598	0.22480	0.02400	0.03032	0.02870	0.02205	0.02935	0.01913	0.02756	0.01492	0.01021	0.01054	0.00340	0.01362	0.00940	0.00486	0.01330
3	0.01277	0.01072	0.01109	0.01100	0.01445	0.00904	0.00825	0.01571	0.02475	0.03010	0.15716	0.09922	0.50717	0.02620	0.01249	0.00354	0.00531	0.02196	0.01002	0.00904
4	0.01288	0.00920	0.01227	0.01472	0.01534	0.00859	0.00981	0.01472	0.02024	0.02699	0.05828	0.62152	0.06993	0.03312	0.01350	0.00429	0.00613	0.03006	0.00981	0.00859
5	0.04744	0.01799	0.02454	0.01881	0.02699	0.01554	0.01554	0.05153	0.03026	0.56979	0.04171	0.03599	0.02617	0.01309	0.01063	0.00327	0.00900	0.01063	0.01309	0.01799
6	0.01538	0.01025	0.01153	0.01153	0.01153	0.01025	0.00641	0.01538	0.01538	0.02050	0.03331	0.06919	0.03844	0.62842	0.05382	0.01025	0.01025	0.01538	0.00641	0.00641
7	0.02617	0.02512	0.04292	0.06490	0.56246	0.02512	0.03245	0.03245	0.02407	0.03454	0.01989	0.02617	0.01675	0.00942	0.01047	0.00314	0.01256	0.00942	0.00523	0.01675
8	0.03087	0.03034	0.04644	0.03476	0.04307	0.08254	0.26390	0.18686	0.03214	0.04234	0.02131	0.02605	0.01617	0.01134	0.01408	0.00348	0.08181	0.01066	0.00690	0.01492
9	0.02617	0.02512	0.04292	0.06490	0.56246	0.02512	0.03245	0.03245	0.02407	0.03454	0.01989	0.02617	0.01675	0.00942	0.01047	0.00314	0.01256	0.00942	0.00523	0.01675
10	0.04744	0.01799	0.02454	0.01881	0.02699	0.01554	0.01554	0.05153	0.03026	0.56979	0.04171	0.03599	0.02617	0.01309	0.01063	0.00327	0.00900	0.01063	0.01309	0.01799
11	0.02192	0.01879	0.02192	0.01566	0.02506	0.01409	0.01253	0.02662	0.02192	0.03445	0.01879	0.02192	0.01566	0.00783	0.00783	0.00157	0.00783	0.00626	0.00626	0.69305
12	0.04487	0.02158	0.07819	0.01992	0.02882	0.01642	0.01784	0.04976	0.02949	0.51738	0.03949	0.03465	0.02492	0.01279	0.01058	0.00328	0.00964	0.01036	0.01224	0.01776
13	0.02796	0.01860	0.02254	0.01641	0.02551	0.01444	0.01324	0.03252	0.02390	0.16114	0.02422	0.02525	0.01815	0.00907	0.00849	0.00197	0.00811	0.00730	0.00788	0.53330
14	0.02520	0.02281	0.08562	0.01774	0.02769	0.01549	0.01597	0.03069	0.02307	0.10477	0.02183	0.02382	0.01678	0.00878	0.00845	0.00200	0.00888	0.00702	0.00696	0.52645
15	0.02862	0.11238	0.34522	0.02641	0.03903	0.02741	0.03032	0.14004	0.02883	0.09195	0.02207	0.02369	0.01564	0.01079	0.00984	0.00318	0.01363	0.00820	0.00661	0.01612
16	0.62698	0.02150	0.01740	0.01510	0.02186	0.02476	0.01244	0.08805	0.02164	0.04964	0.01595	0.01812	0.01220	0.01015	0.00701	0.00326	0.00858	0.00616	0.00701	0.01220
17	0.01802	0.01503	0.02089	0.02016	0.02123	0.01840	0.01617	0.02095	0.01851	0.02617	0.03309	0.09947	0.03531	0.11674	0.16148	0.00833	0.20656	0.12704	0.00670	0.00973
18	0.02316	0.18335	0.40775	0.02879	0.04246	0.02867	0.08054	0.03311	0.02238	0.03157	0.01824	0.02170	0.01369	0.00971	0.00954	0.00312	0.01486	0.00777	0.00456	0.01503

[dist]
# distance from previous block
# <min> <max>
0	1

[block]
# block no. 3 follows, 13 sequences, length 11
# corresponding to MSA columns:
# 144-154
name=unknown_D
#
# <colnr> <probs for GDERKNQSTAVLIFYWHMCP>
#	G	D	E	R	K	N	Q	S	T	A	V	L	I	F	Y	W	H	M	C	P
0	0.11331	0.04511	0.02853	0.02548	0.03134	0.47144	0.01940	0.08661	0.03049	0.03211	0.01701	0.01945	0.01379	0.01094	0.00930	0.00283	0.01716	0.00694	0.00605	0.01271
1	0.09762	0.02542	0.02907	0.12051	0.03667	0.06224	0.02062	0.21433	0.03248	0.12782	0.02348	0.02600	0.01709	0.01291	0.01386	0.00345	0.10399	0.00910	0.00836	0.01497
2	0.02495	0.01467	0.01859	0.01780	0.02149	0.01436	0.01372	0.10347	0.02755	0.14635	0.04935	0.32961	0.05135	0.02518	0.01262	0.00400	0.00814	0.09402	0.01060	0.01218
3	0.03041	0.02064	0.03323	0.24632	0.22100	0.02160	0.02616	0.03630	0.02490	0.19532	0.02616	0.02990	0.01866	0.01096	0.01056	0.00332	0.01203	0.00978	0.00744	0.01531
4	0.24920	0.02905	0.11022	0.02118	0.03011	0.02630	0.01969	0.22836	0.03273	0.12288	0.02318	0.02372	0.01629	0.01142	0.00922	0.00325	0.01080	0.00819	0.00868	0.01554
5	0.01396	0.01000	0.01340	0.01517	0.01646	0.00943	0.01098	0.01693	0.02289	0.03091	0.16121	0.43070	0.07469	0.03013	0.01346	0.00418	0.00646	0.09981	0.01018	0.00905
6	0.01510	0.01133	0.01699	0.01699	0.01888	0.01322	0.01322	0.01888	0.01699	0.02454	0.02832	0.04154	0.02643	0.07930	0.58652	0.01699	0.02832	0.01133	0.00566	0.00944
7	0.03529	0.03183	0.02867	0.02401	0.03096	0.15232	0.01902	0.25943	0.21414	0.05000	0.02943	0.02880	0.02191	0.01286	0.01041	0.00322	0.01215	0.00976	0.00951	0.01630
8	0.03630	0.09798	0.04070	0.02847	0.03693	0.14243	0.15847	0.11677	0.03079	0.16947	0.02527	0.02664	0.01809	0.01097	0.01048	0.00311	0.01420	0.00962	0.00802	0.01528
9	0.03950	0.05039	0.02996	0.02724	0.03269	0.58597	0.02043	0.04222	0.02996	0.02588	0.01634	0.01907	0.01362	0.01090	0.00953	0.00272	0.01907	0.00681	0.00545	0.01226
10	0.02727	0.01937	0.02180	0.01945	0.02329	0.06198	0.01511	0.09763	0.02693	0.14153	0.04558	0.22245	0.09500	0.02152	0.01540	0.00378	0.10254	0.01737	0.00943	0.01258

[dist]
# distance from previous block
# <min> <max>
4	7

[block]
# block no. 4 follows, 13 sequences, length 62
# corresponding to MSA columns:
# 162-223
name=unknown_E
#
# <colnr> <probs for GDERKNQSTAVLIFYWHMCP>
#	G	D	E	R	K	N	Q	S	T	A	V	L	I	F	Y	W	H	M	C	P
0	0.02568	0.02463	0.04204	0.10691	0.52424	0.02499	0.03221	0.03202	0.02385	0.03395	0.01980	0.02633	0.01654	0.00951	0.01048	0.00317	0.01268	0.00942	0.00519	0.01636
1	0.02617	0.02512	0.04292	0.06490	0.56246	0.02512	0.03245	0.03245	0.02407	0.03454	0.01989	0.02617	0.01675	0.00942	0.01047	0.00314	0.01256	0.00942	0.00523	0.01675
2	0.02927	0.02449	0.04109	0.03129	0.03973	0.02468	0.24162	0.04550	0.22686	0.12824	0.03321	0.03402	0.02404	0.01172	0.01150	0.00352	0.01267	0.01196	0.00875	0.01585
3	0.01574	0.01022	0.01139	0.01139	0.01160	0.01022	0.00649	0.01615	0.01594	0.02208	0.03341	0.06671	0.03750	0.57715	0.04995	0.00960	0.00981	0.01492	0.06305	0.00669
4	0.01997	0.01879	0.03171	0.60301	0.07282	0.02349	0.02936	0.02701	0.02114	0.02701	0.01879	0.02819	0.01409	0.01057	0.01057	0.00352	0.01409	0.00940	0.00470	0.01175
5	0.02900	0.02558	0.03562	0.02888	0.03245	0.07856	0.10128	0.03269	0.02120	0.11859	0.01999	0.02579	0.01627	0.01538	0.02484	0.00406	0.36067	0.00978	0.00624	0.01314
6	0.01417	0.01078	0.01303	0.01247	0.01531	0.00964	0.00935	0.01842	0.02805	0.03795	0.41217	0.08631	0.24726	0.02328	0.01248	0.00340	0.00511	0.02015	0.01105	0.00964
7	0.02192	0.01879	0.02192	0.01566	0.02506	0.01409	0.01253	0.02662	0.02192	0.03445	0.01879	0.02192	0.01566	0.00783	0.00783	0.00157	0.00783	0.00626	0.00626	0.69305
8	0.02893	0.02675	0.04195	0.03189	0.04043	0.02798	0.23170	0.15520	0.21085	0.04501	0.02983	0.03160	0.02213	0.01167	0.01144	0.00348	0.01311	0.01161	0.00843	0.01598
9	0.03564	0.02246	0.03135	0.02459	0.03246	0.02274	0.10210	0.09340	0.20948	0.25103	0.03726	0.03497	0.02584	0.01278	0.01098	0.00342	0.01051	0.01130	0.01074	0.01693
10	0.02325	0.02306	0.03967	0.02833	0.03830	0.01964	0.23682	0.02980	0.02325	0.03420	0.01993	0.02482	0.01583	0.00830	0.00987	0.00244	0.01221	0.00899	0.00586	0.39542
11	0.02185	0.10765	0.52632	0.02904	0.04406	0.02613	0.03715	0.03332	0.02225	0.03270	0.01858	0.02183	0.01341	0.00995	0.00975	0.00325	0.01523	0.00762	0.00447	0.01544
12	0.01997	0.01879	0.03171	0.60301	0.07282	0.02349	0.02936	0.02701	0.02114	0.02701	0.01879	0.02819	0.01409	0.01057	0.01057	0.00352	0.01409	0.00940	0.00470	0.01175
13	0.01250	0.01071	0.01071	0.01071	0.01428	0.00893	0.00803	0.01517	0.02410	0.02856	0.10711	0.10175	0.55817	0.02678	0.01250	0.00357	0.00536	0.02231	0.00982	0.00893
14	0.01288	0.00920	0.01227	0.01472	0.01534	0.00859	0.00981	0.01472	0.02024	0.02699	0.05828	0.62152	0.06993	0.03312	0.01350	0.00429	0.00613	0.03006	0.00981	0.00859
15	0.02827	0.63478	0.05540	0.01809	0.02714	0.04184	0.01809	0.03166	0.02148	0.02488	0.01470	0.01696	0.01357	0.00905	0.00678	0.00226	0.01131	0.00565	0.00452	0.01357
16	0.04744	0.01799	0.02454	0.01881	0.02699	0.01554	0.01554	0.05153	0.03026	0.56979	0.04171	0.03599	0.02617	0.01309	0.01063	0.00327	0.00900	0.01063	0.01309	0.01799
17	0.02192	0.01879	0.02192	0.01566	0.02506	0.01409	0.01253	0.02662	0.02192	0.03445	0.01879	0.02192	0.01566	0.00783	0.00783	0.00157	0.00783	0.00626	0.00626	0.69305
18	0.02423	0.30280	0.35198	0.02498	0.03780	0.03195	0.03009	0.03270	0.02196	0.02980	0.01715	0.02003	0.01347	0.00962	0.00865	0.00288	0.01378	0.00689	0.00449	0.01475
19	0.01288	0.00920	0.01227	0.01472	0.01534	0.00859	0.00981	0.01472	0.02024	0.02699	0.05828	0.62152	0.06993	0.03312	0.01350	0.00429	0.00613	0.03006	0.00981	0.00859
20	0.01477	0.01101	0.01396	0.01450	0.01705	0.01020	0.01142	0.01891	0.02621	0.03493	0.27338	0.14400	0.19212	0.02589	0.01314	0.00388	0.00646	0.14810	0.01054	0.00954
21	0.02827	0.63478	0.05540	0.01809	0.02714	0.04184	0.01809	0.03166	0.02148	0.02488	0.01470	0.01696	0.01357	0.00905	0.00678	0.00226	0.01131	0.00565	0.00452	0.01357
22	0.02827	0.63478	0.05540	0.01809	0.02714	0.04184	0.01809	0.03166	0.02148	0.02488	0.01470	0.01696	0.01357	0.00905	0.00678	0.00226	0.01131	0.00565	0.00452	0.01357
23	0.01510	0.01133	0.01699	0.01699	0.01888	0.01322	0.01322	0.01888	0.01699	0.02454	0.02832	0.04154	0.02643	0.07930	0.58652	0.01699	0.02832	0.01133	0.00566	0.00944
24	0.01510	0.01133	0.01699	0.01699	0.01888	0.01322	0.01322	0.01888	0.01699	0.02454	0.02832	0.04154	0.02643	0.07930	0.58652	0.01699	0.02832	0.01133	0.00566	0.00944
25	0.01288	0.00920	0.01227	0.01472	0.01534	0.00859	0.00981	0.01472	0.02024	0.02699	0.05828	0.62152	0.06993	0.03312	0.01350	0.00429	0.00613	0.03006	0.00981	0.00859
26	0.03950	0.05039	0.02996	0.02724	0.03269	0.58597	0.02043	0.04222	0.02996	0.02588	0.01634	0.01907	0.01362	0.01090	0.00953	0.00272	0.01907	0.00681	0.00545	0.01226
27	0.01288	0.00920	0.01227	0.01472	0.01534	0.00859	0.00981	0.01472	0.02024	0.02699	0.05828	0.62152	0.06993	0.03312	0.01350	0.00429	0.00613	0.03006	0.00981	0.00859
28	0.01277	0.00966	0.01180	0.01351	0.01502	0.00869	0.00928	0.01486	0.02141	0.02747	0.07306	0.46415	0.21776	0.03120	0.01319	0.00407	0.00590	0.02771	0.00982	0.00869
29	0.02827	0.63478	0.05540	0.01809	0.02714	0.04184	0.01809	0.03166	0.02148	0.02488	0.01470	0.01696	0.01357	0.00905	0.00678	0.00226	0.01131	0.00565	0.00452	0.01357
30	0.01837	0.00918	0.01377	0.01377	0.01377	0.00918	0.00918	0.01377	0.01377	0.01837	0.01837	0.03214	0.01837	0.03673	0.04132	0.69238	0.00918	0.00918	0.00459	0.00459
31	0.33240	0.02746	0.02443	0.02000	0.02734	0.07907	0.01631	0.26439	0.03393	0.05447	0.01986	0.02119	0.01471	0.01126	0.00870	0.00318	0.01079	0.00760	0.00833	0.01458
32	0.13110	0.02731	0.02887	0.02241	0.03058	0.02999	0.01851	0.41643	0.04363	0.10975	0.02542	0.02523	0.01784	0.01234	0.01003	0.00320	0.01092	0.00910	0.01026	0.01709
33	0.07679	0.03043	0.03961	0.03080	0.03884	0.12147	0.20228	0.11889	0.15356	0.04115	0.02591	0.02827	0.01952	0.01121	0.01086	0.00335	0.01412	0.01046	0.00758	0.01492
34	0.03950	0.05039	0.02996	0.02724	0.03269	0.58597	0.02043	0.04222	0.02996	0.02588	0.01634	0.01907	0.01362	0.01090	0.00953	0.00272	0.01907	0.00681	0.00545	0.01226
35	0.02322	0.01792	0.02802	0.02280	0.02819	0.01729	0.13014	0.10020	0.02864	0.08681	0.13167	0.20370	0.09514	0.02015	0.01230	0.00364	0.00965	0.01862	0.00951	0.01242
36	0.01370	0.01076	0.01238	0.01198	0.01502	0.00944	0.00898	0.01751	0.02695	0.03533	0.32704	0.09062	0.33402	0.02425	0.01248	0.00345	0.00518	0.02075	0.01071	0.00944
37	0.04744	0.01799	0.02454	0.01881	0.02699	0.01554	0.01554	0.05153	0.03026	0.56979	0.04171	0.03599	0.02617	0.01309	0.01063	0.00327	0.00900	0.01063	0.01309	0.01799
38	0.01496	0.01081	0.01413	0.01330	0.01580	0.00998	0.00998	0.01995	0.02993	0.04240	0.55689	0.07898	0.09976	0.02162	0.01247	0.00333	0.00499	0.01912	0.01164	0.00998
39	0.04744	0.01799	0.02454	0.01881	0.02699	0.01554	0.01554	0.05153	0.03026	0.56979	0.04171	0.03599	0.02617	0.01309	0.01063	0.00327	0.00900	0.01063	0.01309	0.01799
40	0.01288	0.00920	0.01227	0.01472	0.01534	0.00859	0.00981	0.01472	0.02024	0.02699	0.05828	0.62152	0.06993	0.03312	0.01350	0.00429	0.00613	0.03006	0.00981	0.00859
41	0.52963	0.02535	0.01943	0.06927	0.02723	0.11849	0.01458	0.03259	0.02030	0.04196	0.01536	0.01849	0.01205	0.01007	0.00741	0.00320	0.01055	0.00624	0.00619	0.01161
42	0.02428	0.01910	0.03225	0.16155	0.15908	0.01966	0.10573	0.03060	0.02347	0.07601	0.02602	0.03180	0.01991	0.01076	0.00991	0.00310	0.01120	0.01016	0.21220	0.01322
43	0.03071	0.02618	0.07494	0.02222	0.02969	0.02575	0.01906	0.17808	0.27995	0.09715	0.07256	0.03661	0.03097	0.01391	0.01076	0.00341	0.00972	0.01131	0.01042	0.01660
44	0.01474	0.01080	0.01382	0.01307	0.01566	0.00988	0.00980	0.01952	0.02940	0.04114	0.51601	0.08105	0.14143	0.02208	0.01247	0.00335	0.00502	0.01941	0.01147	0.00988
45	0.01510	0.01133	0.01699	0.01699	0.01888	0.01322	0.01322	0.01888	0.01699	0.02454	0.02832	0.04154	0.02643	0.07930	0.58652	0.01699	0.02832	0.01133	0.00566	0.00944
46	0.01354	0.00967	0.01303	0.01548	0.01638	0.00916	0.01096	0.01586	0.02089	0.02773	0.05791	0.54164	0.06849	0.03250	0.01367	0.00439	0.00671	0.10342	0.00980	0.00877
47	0.01837	0.00918	0.01377	0.01377	0.01377	0.00918	0.00918	0.01377	0.01377	0.01837	0.01837	0.03214	0.01837	0.03673	0.04132	0.69238	0.00918	0.00918	0.00459	0.00459
48	0.03950	0.05039	0.02996	0.02724	0.03269	0.58597	0.02043	0.04222	0.02996	0.02588	0.01634	0.01907	0.01362	0.01090	0.00953	0.00272	0.01907	0.00681	0.00545	0.01226
49	0.04744	0.01799	0.02454	0.01881	0.02699	0.01554	0.01554	0.05153	0.03026	0.56979	0.04171	0.03599	0.02617	0.01309	0.01063	0.00327	0.00900	0.01063	0.01309	0.01799
50	0.28669	0.16320	0.02943	0.01792	0.02558	0.02831	0.01544	0.11978	0.06179	0.12754	0.02269	0.02299	0.01677	0.01095	0.00821	0.00304	0.00962	0.00754	0.00808	0.01443
51	0.03337	0.02623	0.02789	0.02295	0.03019	0.02960	0.01845	0.29607	0.29195	0.05564	0.03405	0.03229	0.02500	0.01350	0.01067	0.00338	0.01003	0.01071	0.01067	0.01737
52	0.70310	0.02045	0.01554	0.01390	0.02045	0.02372	0.01145	0.03108	0.01799	0.04744	0.01472	0.01718	0.01145	0.00981	0.00654	0.00327	0.00818	0.00573	0.00654	0.01145
53	0.12827	0.17167	0.03289	0.02014	0.02804	0.06547	0.01718	0.16695	0.06639	0.16635	0.02576	0.02525	0.01862	0.01151	0.00908	0.00299	0.01074	0.00832	0.00883	0.01558
54	0.01358	0.01075	0.01221	0.01185	0.01495	0.00939	0.00889	0.01727	0.02666	0.03463	0.30433	0.09177	0.35717	0.02451	0.01248	0.00346	0.00519	0.02091	0.01062	0.00939
55	0.02553	0.08982	0.32699	0.03226	0.04461	0.11562	0.15087	0.03483	0.02411	0.03174	0.01882	0.02290	0.01408	0.00984	0.01031	0.00322	0.01639	0.00862	0.00484	0.01461
56	0.02268	0.04441	0.37275	0.03580	0.04949	0.02541	0.22964	0.03363	0.02336	0.03363	0.01992	0.02476	0.01443	0.00960	0.01100	0.00343	0.01649	0.00965	0.00481	0.01509
57	0.01288	0.00920	0.01227	0.01472	0.01534	0.00859	0.00981	0.01472	0.02024	0.02699	0.05828	0.62152	0.06993	0.03312	0.01350	0.00429	0.00613	0.03006	0.00981	0.00859
58	0.01812	0.01012	0.01143	0.01224	0.01439	0.01002	0.00937	0.02252	0.02220	0.03606	0.04200	0.15055	0.03981	0.01857	0.00959	0.00316	0.00591	0.09160	0.46271	0.00962
59	0.02720	0.02816	0.08715	0.08260	0.04256	0.02711	0.17407	0.12414	0.20874	0.04234	0.02913	0.03120	0.02160	0.01169	0.01117	0.00348	0.01296	0.01110	0.00797	0.01564
60	0.02533	0.01754	0.01968	0.01735	0.02222	0.01874	0.01354	0.08350	0.22559	0.09295	0.17836	0.04850	0.04774	0.01570	0.01063	0.00326	0.00723	0.01319	0.12498	0.01398
61	0.02877	0.11441	0.03671	0.02685	0.07379	0.11216	0.10265	0.03375	0.02457	0.07989	0.02040	0.02347	0.01613	0.00927	0.00919	0.00246	0.01228	0.00795	0.00626	0.25901

[dist]
# distance from previous block
# <min> <max>
0	4

[block]
# block no. 5 follows, 13 sequences, length 74
# corresponding to MSA columns:
# 228-301
name=unknown_F
#
# <colnr> <probs for GDERKNQSTAVLIFYWHMCP>
#	G	D	E	R	K	N	Q	S	T	A	V	L	I	F	Y	W	H	M	C	P
0	0.19516	0.04595	0.43126	0.02599	0.03930	0.02434	0.03202	0.03287	0.02122	0.03704	0.01789	0.02101	0.01290	0.00999	0.00915	0.00333	0.01373	0.00728	0.00499	0.01456
1	0.31540	0.23286	0.16251	0.01919	0.02874	0.02994	0.02027	0.03185	0.02019	0.03659	0.01573	0.01834	0.01262	0.00961	0.00746	0.00295	0.01100	0.00620	0.00537	0.01315
2	0.02827	0.63478	0.05540	0.01809	0.02714	0.04184	0.01809	0.03166	0.02148	0.02488	0.01470	0.01696	0.01357	0.00905	0.00678	0.00226	0.01131	0.00565	0.00452	0.01357
3	0.01510	0.01133	0.01699	0.01699	0.01888	0.01322	0.01322	0.01888	0.01699	0.02454	0.02832	0.04154	0.02643	0.07930	0.58652	0.01699	0.02832	0.01133	0.00566	0.00944
4	0.01355	0.01075	0.01218	0.01182	0.01493	0.00938	0.00887	0.01722	0.02660	0.03449	0.29982	0.09200	0.36176	0.02457	0.01249	0.00347	0.00520	0.02095	0.01060	0.00938
5	0.03046	0.02394	0.02535	0.02146	0.02797	0.02708	0.01707	0.21394	0.32968	0.05144	0.03627	0.03465	0.02695	0.01360	0.01040	0.00335	0.00918	0.01094	0.06970	0.01656
6	0.04070	0.02881	0.03123	0.02394	0.03239	0.03159	0.01978	0.49411	0.04836	0.10165	0.02652	0.02612	0.01855	0.01272	0.01058	0.00318	0.01145	0.00960	0.01075	0.01798
7	0.01399	0.01021	0.01316	0.01361	0.01550	0.00938	0.00976	0.01763	0.02588	0.03558	0.33608	0.28077	0.12657	0.02628	0.01285	0.00370	0.00544	0.02341	0.01082	0.00938
8	0.03434	0.03193	0.03643	0.10604	0.11041	0.20024	0.10533	0.08034	0.02897	0.12879	0.02324	0.02626	0.01710	0.01087	0.01056	0.00315	0.01495	0.00933	0.00710	0.01462
9	0.01837	0.00918	0.01377	0.01377	0.01377	0.00918	0.00918	0.01377	0.01377	0.01837	0.01837	0.03214	0.01837	0.03673	0.04132	0.69238	0.00918	0.00918	0.00459	0.00459
10	0.36296	0.02019	0.02083	0.01693	0.02434	0.02099	0.01397	0.08316	0.02604	0.27403	0.02727	0.02599	0.01836	0.01147	0.00866	0.00326	0.00883	0.00817	0.00971	0.01484
11	0.09392	0.02207	0.02532	0.02002	0.02787	0.02237	0.01633	0.17139	0.12063	0.26220	0.03355	0.03109	0.02299	0.01248	0.01006	0.00316	0.00941	0.00979	0.01093	0.07440
12	0.02827	0.63478	0.05540	0.01809	0.02714	0.04184	0.01809	0.03166	0.02148	0.02488	0.01470	0.01696	0.01357	0.00905	0.00678	0.00226	0.01131	0.00565	0.00452	0.01357
13	0.64844	0.02120	0.01688	0.01476	0.02146	0.02447	0.01216	0.07199	0.02061	0.04902	0.01560	0.01785	0.01199	0.01005	0.00688	0.00326	0.00846	0.00604	0.00688	0.01199
14	0.03180	0.02967	0.03667	0.04745	0.33491	0.13485	0.02662	0.07830	0.06030	0.08279	0.02300	0.02640	0.01803	0.01061	0.01033	0.00310	0.01319	0.00918	0.00675	0.01608
15	0.02111	0.01988	0.02736	0.02392	0.02405	0.02686	0.01926	0.02307	0.01609	0.02443	0.01857	0.03322	0.01944	0.14013	0.07448	0.00652	0.45557	0.01057	0.00504	0.01043
16	0.01314	0.00995	0.01212	0.01323	0.01509	0.00894	0.00929	0.01580	0.02316	0.03023	0.16250	0.36413	0.22592	0.02911	0.01300	0.00390	0.00569	0.02571	0.01014	0.00894
17	0.04744	0.01799	0.02454	0.01881	0.02699	0.01554	0.01554	0.05153	0.03026	0.56979	0.04171	0.03599	0.02617	0.01309	0.01063	0.00327	0.00900	0.01063	0.01309	0.01799
18	0.01458	0.01066	0.01369	0.01321	0.01563	0.00977	0.00980	0.01910	0.02860	0.03991	0.47630	0.12819	0.13496	0.02304	0.01256	0.00343	0.00512	0.02034	0.01133	0.00977
19	0.70310	0.02045	0.01554	0.01390	0.02045	0.02372	0.01145	0.03108	0.01799	0.04744	0.01472	0.01718	0.01145	0.00981	0.00654	0.00327	0.00818	0.00573	0.00654	0.01145
20	0.02439	0.02065	0.02223	0.02026	0.02536	0.02378	0.01553	0.04944	0.45237	0.04048	0.04093	0.04224	0.03232	0.07386	0.06327	0.00531	0.01022	0.01220	0.00994	0.01521
21	0.04064	0.03497	0.03053	0.02472	0.03223	0.20191	0.01978	0.33434	0.04185	0.09977	0.02408	0.02440	0.01738	0.01217	0.01026	0.00304	0.01369	0.00878	0.00922	0.01622
22	0.03398	0.34215	0.04351	0.02165	0.02989	0.13291	0.01913	0.19050	0.03189	0.03828	0.01837	0.01999	0.01498	0.01052	0.00846	0.00263	0.01275	0.00708	0.00660	0.01474
23	0.04617	0.02003	0.02580	0.01978	0.02801	0.01856	0.01634	0.13486	0.03367	0.48164	0.03885	0.03413	0.02474	0.01302	0.01062	0.00325	0.00946	0.01044	0.01265	0.01799
24	0.02223	0.03181	0.20316	0.04366	0.26252	0.02224	0.07525	0.02984	0.02295	0.03285	0.02637	0.12795	0.02483	0.01366	0.01104	0.00344	0.01288	0.01276	0.00580	0.01477
25	0.01692	0.01286	0.01582	0.01472	0.01781	0.01279	0.01114	0.02621	0.11854	0.04272	0.46820	0.07216	0.08812	0.02036	0.01217	0.00337	0.00557	0.01788	0.01149	0.01114
26	0.02496	0.02852	0.06239	0.04456	0.05526	0.02674	0.52406	0.03387	0.02496	0.03387	0.02139	0.02852	0.01604	0.00891	0.01248	0.00357	0.01783	0.01248	0.00535	0.01426
27	0.01250	0.01071	0.01071	0.01071	0.01428	0.00893	0.00803	0.01517	0.02410	0.02856	0.10711	0.10175	0.55817	0.02678	0.01250	0.00357	0.00536	0.02231	0.00982	0.00893
28	0.01837	0.00918	0.01377	0.01377	0.01377	0.00918	0.00918	0.01377	0.01377	0.01837	0.01837	0.03214	0.01837	0.03673	0.04132	0.69238	0.00918	0.00918	0.00459	0.00459
29	0.02827	0.63478	0.05540	0.01809	0.02714	0.04184	0.01809	0.03166	0.02148	0.02488	0.01470	0.01696	0.01357	0.00905	0.00678	0.00226	0.01131	0.00565	0.00452	0.01357
30	0.04476	0.01740	0.02368	0.01836	0.02607	0.01508	0.01508	0.04892	0.03023	0.52627	0.08422	0.03953	0.03225	0.01379	0.01078	0.00328	0.00867	0.01133	0.01297	0.01733
31	0.09099	0.03190	0.12167	0.02343	0.03241	0.06552	0.02153	0.23223	0.09872	0.13520	0.02759	0.02719	0.01944	0.01214	0.01011	0.00325	0.01173	0.00920	0.00926	0.01649
32	0.02067	0.02017	0.03605	0.52406	0.07034	0.02395	0.09930	0.02798	0.02168	0.02798	0.01916	0.02824	0.01437	0.01034	0.01084	0.00353	0.01462	0.00983	0.00479	0.01210
33	0.02616	0.01490	0.02183	0.12953	0.03109	0.01494	0.04793	0.03130	0.02476	0.17082	0.08187	0.08729	0.03377	0.01452	0.01013	0.00317	0.00868	0.01264	0.22218	0.01248
34	0.02564	0.02459	0.04197	0.11047	0.52100	0.02498	0.03219	0.03199	0.02383	0.03390	0.01980	0.02634	0.01652	0.00952	0.01048	0.00317	0.01269	0.00942	0.00519	0.01632
35	0.02471	0.02607	0.05100	0.04417	0.16470	0.02419	0.32465	0.03230	0.02423	0.03412	0.02060	0.02685	0.01614	0.00884	0.01122	0.00312	0.01491	0.01071	0.00548	0.13198
36	0.01452	0.01079	0.01352	0.01284	0.01552	0.00979	0.00963	0.01910	0.02889	0.03993	0.47646	0.08305	0.18173	0.02254	0.01247	0.00337	0.00505	0.01969	0.01131	0.00979
37	0.01997	0.01879	0.03171	0.60301	0.07282	0.02349	0.02936	0.02701	0.02114	0.02701	0.01879	0.02819	0.01409	0.01057	0.01057	0.00352	0.01409	0.00940	0.00470	0.01175
38	0.02832	0.04075	0.26029	0.02595	0.03616	0.12117	0.02682	0.04364	0.18514	0.08421	0.02801	0.02829	0.02042	0.01179	0.01023	0.00331	0.01338	0.00917	0.00736	0.01560
39	0.01288	0.00920	0.01227	0.01472	0.01534	0.00859	0.00981	0.01472	0.02024	0.02699	0.05828	0.62152	0.06993	0.03312	0.01350	0.00429	0.00613	0.03006	0.00981	0.00859
40	0.08006	0.01908	0.02317	0.15448	0.12522	0.06745	0.01842	0.02822	0.02328	0.03553	0.07071	0.03436	0.02620	0.01189	0.00920	0.00299	0.00984	0.00987	0.23816	0.01184
41	0.70310	0.02045	0.01554	0.01390	0.02045	0.02372	0.01145	0.03108	0.01799	0.04744	0.01472	0.01718	0.01145	0.00981	0.00654	0.00327	0.00818	0.00573	0.00654	0.01145
42	0.02313	0.02313	0.03238	0.02776	0.02776	0.03238	0.02313	0.02545	0.01619	0.02545	0.01388	0.02313	0.01388	0.01851	0.03470	0.00463	0.60907	0.00925	0.00463	0.01157
43	0.03607	0.02745	0.07255	0.02237	0.03025	0.07011	0.01915	0.13553	0.20787	0.21080	0.03524	0.03272	0.02468	0.01301	0.01053	0.00332	0.01064	0.01033	0.01049	0.01689
44	0.04404	0.03186	0.02686	0.02242	0.02943	0.25968	0.01763	0.04754	0.03013	0.33700	0.03085	0.02875	0.02080	0.01215	0.01016	0.00304	0.01331	0.00900	0.00982	0.01554
45	0.01997	0.01879	0.03171	0.60301	0.07282	0.02349	0.02936	0.02701	0.02114	0.02701	0.01879	0.02819	0.01409	0.01057	0.01057	0.00352	0.01409	0.00940	0.00470	0.01175
46	0.01496	0.01081	0.01413	0.01330	0.01580	0.00998	0.00998	0.01995	0.02993	0.04240	0.55689	0.07898	0.09976	0.02162	0.01247	0.00333	0.00499	0.01912	0.01164	0.00998
47	0.24474	0.02679	0.02674	0.02111	0.02898	0.02999	0.01743	0.37412	0.03992	0.06071	0.02209	0.02285	0.01597	0.01180	0.00933	0.00320	0.01057	0.00835	0.00933	0.01597
48	0.03973	0.02044	0.02423	0.01901	0.02621	0.02037	0.01556	0.20927	0.03539	0.29748	0.03476	0.03301	0.02354	0.01281	0.01000	0.00309	0.00913	0.01010	0.13943	0.01645
49	0.01370	0.00994	0.01301	0.01455	0.01596	0.00925	0.01038	0.01658	0.02305	0.03097	0.17305	0.41798	0.11010	0.02975	0.01330	0.00408	0.00615	0.06897	0.01022	0.00903
50	0.04329	0.02464	0.02865	0.02197	0.03031	0.02541	0.01815	0.32374	0.04139	0.28185	0.03237	0.02992	0.02148	0.01286	0.01060	0.00322	0.01051	0.01000	0.01165	0.01799
51	0.01837	0.00918	0.01377	0.01377	0.01377	0.00918	0.00918	0.01377	0.01377	0.01837	0.01837	0.03214	0.01837	0.03673	0.04132	0.69238	0.00918	0.00918	0.00459	0.00459
52	0.03956	0.04850	0.03012	0.02697	0.03270	0.53571	0.02040	0.08628	0.03176	0.02958	0.01716	0.01964	0.01402	0.01106	0.00963	0.00276	0.01839	0.00706	0.00591	0.01278
53	0.52946	0.02449	0.02229	0.01864	0.02562	0.07236	0.05805	0.07555	0.02239	0.04609	0.01638	0.01905	0.01261	0.01008	0.00767	0.00324	0.01025	0.00674	0.00670	0.01234
54	0.03476	0.02495	0.02873	0.02336	0.02967	0.02842	0.01906	0.24674	0.16836	0.13024	0.03044	0.03024	0.02221	0.01418	0.01480	0.00355	0.11350	0.01027	0.00998	0.01655
55	0.01914	0.01833	0.02949	0.02345	0.02947	0.01763	0.16908	0.02887	0.11637	0.03505	0.13780	0.06476	0.22891	0.01830	0.01218	0.00353	0.00968	0.01698	0.00888	0.01210
56	0.01288	0.00920	0.01227	0.01472	0.01534	0.00859	0.00981	0.01472	0.02024	0.02699	0.05828	0.62152	0.06993	0.03312	0.01350	0.00429	0.00613	0.03006	0.00981	0.00859
57	0.04243	0.02603	0.02951	0.02263	0.03100	0.02747	0.01869	0.38043	0.04371	0.22189	0.03042	0.02866	0.02051	0.01281	0.01059	0.00320	0.01082	0.00986	0.01135	0.01798
58	0.03225	0.02567	0.02726	0.02272	0.02976	0.02908	0.01817	0.25778	0.33208	0.05382	0.03548	0.03343	0.02616	0.01364	0.01068	0.00341	0.00977	0.01091	0.01068	0.01727
59	0.70310	0.02045	0.01554	0.01390	0.02045	0.02372	0.01145	0.03108	0.01799	0.04744	0.01472	0.01718	0.01145	0.00981	0.00654	0.00327	0.00818	0.00573	0.00654	0.01145
60	0.37392	0.02500	0.02358	0.01908	0.02658	0.02822	0.01574	0.27745	0.03374	0.05697	0.02002	0.02125	0.01469	0.01124	0.00855	0.00322	0.00989	0.00761	0.00855	0.01469
61	0.01997	0.01879	0.03171	0.60301	0.07282	0.02349	0.02936	0.02701	0.02114	0.02701	0.01879	0.02819	0.01409	0.01057	0.01057	0.00352	0.01409	0.00940	0.00470	0.01175
62	0.02827	0.63478	0.05540	0.01809	0.02714	0.04184	0.01809	0.03166	0.02148	0.02488	0.01470	0.01696	0.01357	0.00905	0.00678	0.00226	0.01131	0.00565	0.00452	0.01357
63	0.09669	0.03288	0.02926	0.02383	0.03124	0.15529	0.01913	0.33546	0.08433	0.05394	0.02392	0.02445	0.01765	0.01218	0.01001	0.00312	0.01272	0.00879	0.00909	0.01602
64	0.02178	0.01910	0.01961	0.01874	0.02267	0.05864	0.01403	0.03812	0.28194	0.03807	0.13235	0.19805	0.05232	0.02028	0.01168	0.00367	0.00797	0.01757	0.01028	0.01312
65	0.01291	0.01073	0.01128	0.01114	0.01453	0.00910	0.00836	0.01597	0.02507	0.03088	0.18231	0.09795	0.48153	0.02591	0.01249	0.00353	0.00529	0.02178	0.01012	0.00910
66	0.02421	0.01264	0.01636	0.01605	0.01977	0.01173	0.01295	0.02817	0.02477	0.17088	0.05369	0.16930	0.09292	0.02263	0.01197	0.00383	0.00771	0.16323	0.12557	0.01162
67	0.03132	0.03698	0.02587	0.02382	0.02834	0.36280	0.01831	0.03648	0.07098	0.02825	0.03450	0.04109	0.09610	0.01559	0.01260	0.00325	0.06539	0.04962	0.00680	0.01190
68	0.02109	0.01716	0.02442	0.02177	0.02177	0.02245	0.01716	0.02045	0.01516	0.02242	0.01580	0.02699	0.01580	0.02631	0.03753	0.29898	0.35232	0.00922	0.00461	0.00858
69	0.02827	0.63478	0.05540	0.01809	0.02714	0.04184	0.01809	0.03166	0.02148	0.02488	0.01470	0.01696	0.01357	0.00905	0.00678	0.00226	0.01131	0.00565	0.00452	0.01357
70	0.01496	0.01081	0.01413	0.01330	0.01580	0.00998	0.00998	0.01995	0.02993	0.04240	0.55689	0.07898	0.09976	0.02162	0.01247	0.00333	0.00499	0.01912	0.01164	0.00998
71	0.01997	0.01879	0.03171	0.60301	0.07282	0.02349	0.02936	0.02701	0.02114	0.02701	0.01879	0.02819	0.01409	0.01057	0.01057	0.00352	0.01409	0.00940	0.00470	0.01175
72	0.01900	0.01690	0.02540	0.03459	0.24930	0.01613	0.01899	0.02383	0.02562	0.03477	0.18827	0.06340	0.20568	0.01799	0.01162	0.00332	0.00834	0.01595	0.00834	0.01255
73	0.01997	0.01879	0.03171	0.60301	0.07282	0.02349	0.02936	0.02701	0.02114	0.02701	0.01879	0.02819	0.01409	0.01057	0.01057	0.00352	0.01409	0.00940	0.00470	0.01175

[dist]
# distance from previous block
# <min> <max>
0	2

[block]
# block no. 6 follows, 13 sequences, length 41
# corresponding to MSA columns:
# 304-344
name=unknown_G
#
# <colnr> <probs for GDERKNQSTAVLIFYWHMCP>
#	G	D	E	R	K	N	Q	S	T	A	V	L	I	F	Y	W	H	M	C	P
0	0.02121	0.05469	0.57364	0.03014	0.04576	0.02455	0.03906	0.03348	0.02232	0.03348	0.01897	0.02232	0.01339	0.01005	0.01005	0.00335	0.01563	0.00781	0.00446	0.01563
1	0.03407	0.02082	0.02885	0.02373	0.02741	0.02480	0.01971	0.03719	0.02253	0.27047	0.02641	0.02892	0.01941	0.01607	0.02387	0.00402	0.33895	0.00987	0.00843	0.01446
2	0.01775	0.01081	0.01241	0.06354	0.01849	0.01084	0.00981	0.02229	0.02280	0.03588	0.08274	0.09220	0.12014	0.01662	0.00928	0.00293	0.00590	0.01390	0.42187	0.00979
3	0.02120	0.01735	0.01951	0.01782	0.02223	0.01895	0.01369	0.03987	0.31225	0.04341	0.27434	0.05724	0.06265	0.01762	0.01153	0.00347	0.00685	0.01518	0.01115	0.01369
4	0.04521	0.02341	0.02652	0.02073	0.02871	0.07237	0.01693	0.14847	0.03423	0.41552	0.03599	0.03223	0.02332	0.01280	0.01052	0.00320	0.01048	0.01005	0.01186	0.01746
5	0.02476	0.02176	0.02580	0.16248	0.03848	0.02562	0.01980	0.04911	0.41677	0.04006	0.03716	0.03672	0.02787	0.01343	0.01071	0.00357	0.00976	0.01133	0.00929	0.01553
6	0.01345	0.00983	0.01240	0.01422	0.01543	0.00914	0.00989	0.01554	0.02081	0.02708	0.06370	0.43715	0.14586	0.08732	0.01720	0.00479	0.00674	0.07141	0.00949	0.00855
7	0.02297	0.02440	0.08129	0.27697	0.05086	0.02494	0.05970	0.03981	0.23132	0.03501	0.02873	0.03219	0.02147	0.01192	0.01073	0.00354	0.01220	0.01049	0.00716	0.01429
8	0.22840	0.01598	0.01670	0.01466	0.01944	0.01667	0.01160	0.07199	0.02740	0.09502	0.24891	0.04783	0.05215	0.01559	0.00987	0.00321	0.00691	0.01256	0.07323	0.01187
9	0.02313	0.02313	0.03238	0.02776	0.02776	0.03238	0.02313	0.02545	0.01619	0.02545	0.01388	0.02313	0.01388	0.01851	0.03470	0.00463	0.60907	0.00925	0.00463	0.01157
10	0.02634	0.14149	0.32048	0.02906	0.04163	0.02918	0.09796	0.12344	0.02755	0.03818	0.01977	0.02285	0.01462	0.01021	0.00994	0.00317	0.01449	0.00840	0.00571	0.01553
11	0.02496	0.02852	0.06239	0.04456	0.05526	0.02674	0.52406	0.03387	0.02496	0.03387	0.02139	0.02852	0.01604	0.00891	0.01248	0.00357	0.01783	0.01248	0.00535	0.01426
12	0.02121	0.05469	0.57364	0.03014	0.04576	0.02455	0.03906	0.03348	0.02232	0.03348	0.01897	0.02232	0.01339	0.01005	0.01005	0.00335	0.01563	0.00781	0.00446	0.01563
13	0.01496	0.01081	0.01413	0.01330	0.01580	0.00998	0.00998	0.01995	0.02993	0.04240	0.55689	0.07898	0.09976	0.02162	0.01247	0.00333	0.00499	0.01912	0.01164	0.00998
14	0.01971	0.00985	0.00985	0.00985	0.01232	0.00985	0.00739	0.02464	0.02217	0.03942	0.03449	0.03942	0.02710	0.01232	0.00739	0.00246	0.00493	0.00985	0.68712	0.00985
15	0.70310	0.02045	0.01554	0.01390	0.02045	0.02372	0.01145	0.03108	0.01799	0.04744	0.01472	0.01718	0.01145	0.00981	0.00654	0.00327	0.00818	0.00573	0.00654	0.01145
16	0.01285	0.00932	0.01215	0.01441	0.01525	0.00861	0.00967	0.01476	0.02055	0.02711	0.06211	0.58066	0.10831	0.03263	0.01342	0.00424	0.00607	0.02945	0.00982	0.00861
17	0.02899	0.02598	0.07631	0.05267	0.41041	0.02374	0.02934	0.03696	0.05989	0.11465	0.02463	0.02825	0.01896	0.01034	0.01048	0.00320	0.01196	0.00966	0.00672	0.01685
18	0.01837	0.00918	0.01377	0.01377	0.01377	0.00918	0.00918	0.01377	0.01377	0.01837	0.01837	0.03214	0.01837	0.03673	0.04132	0.69238	0.00918	0.00918	0.00459	0.00459
