[name]
unknown

[dist]
# distance from previous block
# <min> <max>
0	105

[block]
# block no. 0 follows, 12 sequences, length 25
# corresponding to MSA columns:
# 118-142
name=unknown_A
#
# <colnr> <probs for GDERKNQSTAVLIFYWHMCP>
#	G	D	E	R	K	N	Q	S	T	A	V	L	I	F	Y	W	H	M	C	P
0	0.01723	0.01138	0.01434	0.01398	0.01683	0.01023	0.01033	0.02111	0.02748	0.08001	0.30817	0.19891	0.17839	0.02524	0.01294	0.00370	0.00582	0.02214	0.01134	0.01044
1	0.02059	0.01938	0.03270	0.59060	0.07510	0.02422	0.03028	0.02786	0.02180	0.02786	0.01938	0.02907	0.01453	0.01090	0.01090	0.00363	0.01453	0.00969	0.00484	0.01211
2	0.02436	0.11461	0.03789	0.28598	0.09571	0.02692	0.06531	0.08126	0.02556	0.03323	0.02431	0.09129	0.02169	0.01324	0.01079	0.00345	0.01308	0.01174	0.00617	0.01340
3	0.01328	0.00949	0.01265	0.01518	0.01581	0.00886	0.01012	0.01518	0.02088	0.02783	0.06010	0.60969	0.07212	0.03416	0.01392	0.00443	0.00633	0.03100	0.01012	0.00886
4	0.02291	0.03585	0.22768	0.17867	0.05582	0.02641	0.18175	0.03226	0.02302	0.03226	0.01985	0.02662	0.01489	0.01086	0.01339	0.00368	0.06473	0.01009	0.00496	0.01431
5	0.03922	0.02453	0.08962	0.10919	0.03994	0.02035	0.06334	0.07334	0.02962	0.34499	0.03405	0.03302	0.02225	0.01236	0.01105	0.00344	0.01177	0.01054	0.01037	0.01699
6	0.25003	0.11239	0.08825	0.02145	0.02986	0.09208	0.01944	0.14417	0.07246	0.04581	0.02086	0.02239	0.01596	0.01124	0.00885	0.00318	0.01183	0.00770	0.00741	0.01467
7	0.02915	0.62337	0.05714	0.01866	0.02799	0.04314	0.01866	0.03265	0.02215	0.02565	0.01516	0.01749	0.01399	0.00933	0.00700	0.00233	0.01166	0.00583	0.00466	0.01399
8	0.02162	0.06203	0.05566	0.01842	0.02222	0.06443	0.01514	0.02522	0.02004	0.06419	0.02853	0.04289	0.02670	0.16522	0.30611	0.01187	0.02120	0.01139	0.00637	0.01074
9	0.02864	0.20795	0.15812	0.12692	0.04170	0.06862	0.02621	0.06908	0.02521	0.06983	0.01979	0.02359	0.01536	0.01140	0.01172	0.00321	0.06418	0.00810	0.00586	0.01452
10	0.02699	0.02591	0.04426	0.06693	0.54879	0.02591	0.03346	0.03346	0.02483	0.03562	0.02051	0.02699	0.01727	0.00972	0.01079	0.00324	0.01295	0.00972	0.00540	0.01727
11	0.62137	0.02214	0.01788	0.01553	0.02250	0.02550	0.01280	0.08540	0.02219	0.05112	0.01640	0.01865	0.01256	0.01045	0.00721	0.00336	0.00883	0.00634	0.00721	0.01256
12	0.01666	0.01232	0.01574	0.01522	0.01574	0.01388	0.01036	0.01795	0.01639	0.02281	0.03079	0.05857	0.03357	0.40900	0.19127	0.01179	0.07965	0.01405	0.00620	0.00802
13	0.01477	0.01095	0.01523	0.05651	0.02092	0.01089	0.01240	0.01815	0.02324	0.03155	0.16273	0.37318	0.07091	0.03304	0.05461	0.00515	0.00860	0.05778	0.00985	0.00956
14	0.07083	0.10675	0.21387	0.02677	0.03760	0.07579	0.05953	0.12191	0.07235	0.07796	0.02369	0.02529	0.01736	0.01130	0.01009	0.00326	0.01376	0.00880	0.00718	0.01591
15	0.01388	0.00995	0.01319	0.01477	0.01595	0.00925	0.01017	0.01668	0.02365	0.03225	0.19442	0.46277	0.08067	0.03086	0.01362	0.00415	0.00600	0.02786	0.01064	0.00925
16	0.01328	0.00949	0.01265	0.01518	0.01581	0.00886	0.01012	0.01518	0.02088	0.02783	0.06010	0.60969	0.07212	0.03416	0.01392	0.00443	0.00633	0.03100	0.01012	0.00886
17	0.09869	0.02427	0.02956	0.02660	0.08909	0.02479	0.01948	0.22751	0.03719	0.26401	0.03152	0.03005	0.02130	0.01262	0.01056	0.00332	0.01068	0.00994	0.01099	0.01783
18	0.02467	0.02715	0.05551	0.04069	0.04925	0.02730	0.39109	0.03242	0.02458	0.03410	0.05855	0.03225	0.02243	0.01181	0.01673	0.00384	0.11505	0.01280	0.00586	0.01392
19	0.01328	0.00949	0.01265	0.01518	0.01581	0.00886	0.01012	0.01518	0.02088	0.02783	0.06010	0.60969	0.07212	0.03416	0.01392	0.00443	0.00633	0.03100	0.01012	0.00886
20	0.02869	0.02420	0.02554	0.02251	0.02895	0.02785	0.01764	0.10765	0.47683	0.04814	0.04239	0.03909	0.03167	0.01461	0.01107	0.00365	0.00900	0.01205	0.01107	0.01740
21	0.02589	0.02954	0.12868	0.02878	0.06981	0.02541	0.07592	0.08445	0.24784	0.04350	0.09111	0.03865	0.03344	0.01372	0.01132	0.00355	0.01127	0.01205	0.00898	0.01608
22	0.02056	0.01336	0.01692	0.01531	0.01895	0.01281	0.01172	0.02845	0.08624	0.10249	0.43054	0.07186	0.08648	0.02045	0.01245	0.00345	0.00600	0.01790	0.01207	0.01201
23	0.61715	0.02089	0.01678	0.01455	0.02163	0.02333	0.01194	0.03153	0.01902	0.04739	0.01566	0.01827	0.01230	0.00989	0.00690	0.00317	0.00839	0.00597	0.00671	0.08853
24	0.02882	0.26163	0.18389	0.03265	0.13178	0.12698	0.02760	0.03519	0.02440	0.03006	0.01763	0.02112	0.01457	0.01001	0.00909	0.00288	0.01447	0.00736	0.00495	0.01494

[dist]
# distance from previous block
# <min> <max>
0	3

[block]
# block no. 1 follows, 12 sequences, length 10
# corresponding to MSA columns:
# 146-150,181-185
name=unknown_B
#
# <colnr> <probs for GDERKNQSTAVLIFYWHMCP>
#	G	D	E	R	K	N	Q	S	T	A	V	L	I	F	Y	W	H	M	C	P
0	0.15568	0.08792	0.17500	0.02734	0.09539	0.02429	0.02394	0.03711	0.06102	0.12338	0.02719	0.06963	0.02188	0.01277	0.00982	0.00338	0.01141	0.01016	0.00749	0.01518
1	0.02902	0.13842	0.07506	0.09389	0.03740	0.02619	0.06612	0.04085	0.14243	0.12709	0.03299	0.04069	0.02634	0.01384	0.01080	0.00349	0.01167	0.06017	0.00841	0.01513
2	0.01647	0.01035	0.01235	0.01235	0.01235	0.01035	0.00718	0.01553	0.01553	0.02070	0.03128	0.06374	0.03552	0.50150	0.05293	0.14445	0.01035	0.01458	0.00623	0.00623
3	0.06011	0.03187	0.20694	0.08495	0.10332	0.02154	0.07709	0.03223	0.02503	0.08380	0.09342	0.03919	0.06687	0.01327	0.01109	0.00347	0.01260	0.01164	0.00709	0.01448
4	0.02863	0.03520	0.22578	0.14100	0.11093	0.02467	0.06666	0.08024	0.02712	0.11904	0.02415	0.02766	0.01710	0.01104	0.01085	0.00345	0.01413	0.00955	0.00680	0.01600
5	0.02153	0.02121	0.03848	0.49119	0.07179	0.02484	0.11770	0.02915	0.02252	0.02915	0.01987	0.02913	0.01490	0.01059	0.01126	0.00364	0.01524	0.01027	0.00497	0.01259
6	0.01526	0.01027	0.01247	0.01302	0.01376	0.00985	0.00827	0.01582	0.01897	0.02509	0.08537	0.20089	0.10411	0.29618	0.03605	0.09087	0.00846	0.01978	0.00801	0.00748
7	0.02656	0.06104	0.03661	0.20117	0.12196	0.06611	0.07486	0.03195	0.02355	0.07990	0.02477	0.08113	0.02156	0.01388	0.01412	0.00363	0.08560	0.01165	0.00635	0.01360
8	0.02433	0.13461	0.22899	0.13045	0.04589	0.02627	0.08818	0.03274	0.02430	0.06471	0.07469	0.03089	0.02433	0.01157	0.01050	0.00332	0.01380	0.00996	0.00608	0.01440
9	0.01563	0.01208	0.01622	0.07726	0.02386	0.01190	0.01389	0.01988	0.02533	0.03328	0.18269	0.18586	0.17050	0.02634	0.01342	0.00410	0.00772	0.14011	0.00999	0.00994

[dist]
# distance from previous block
# <min> <max>
0	2

[block]
# block no. 2 follows, 12 sequences, length 12
# corresponding to MSA columns:
# 189-200
name=unknown_C
#
# <colnr> <probs for GDERKNQSTAVLIFYWHMCP>
#	G	D	E	R	K	N	Q	S	T	A	V	L	I	F	Y	W	H	M	C	P
0	0.03234	0.02198	0.03258	0.21621	0.04758	0.02365	0.07453	0.08646	0.11666	0.18655	0.03144	0.03317	0.02197	0.01235	0.01117	0.00354	0.01217	0.01087	0.00905	0.01574
1	0.03566	0.07567	0.10001	0.02630	0.03530	0.10235	0.07406	0.19550	0.03552	0.12700	0.06303	0.03036	0.02426	0.01254	0.01077	0.00323	0.01329	0.01016	0.00887	0.01610
2	0.39072	0.18174	0.02922	0.07139	0.02858	0.02854	0.01553	0.03139	0.02020	0.03946	0.01596	0.01919	0.01305	0.00980	0.00734	0.00296	0.00985	0.00630	0.00598	0.07281
3	0.11724	0.13654	0.07489	0.01738	0.02561	0.02237	0.01590	0.03084	0.05641	0.03739	0.07724	0.02993	0.02631	0.01114	0.00857	0.00257	0.00902	0.00851	0.05969	0.23245
4	0.01813	0.02983	0.23785	0.02303	0.03072	0.01838	0.02445	0.02558	0.01975	0.02905	0.02529	0.03479	0.02180	0.05279	0.34497	0.01181	0.02389	0.01021	0.00534	0.01232
5	0.02113	0.01868	0.02987	0.11284	0.12271	0.02108	0.06732	0.02562	0.02025	0.02918	0.02460	0.03860	0.02279	0.13245	0.10490	0.00694	0.11197	0.01143	0.06592	0.01171
6	0.01716	0.01273	0.01474	0.01393	0.01723	0.01241	0.01053	0.02542	0.09852	0.04074	0.32373	0.07544	0.17269	0.02113	0.01197	0.00341	0.00570	0.01817	0.09332	0.01103
7	0.01865	0.01205	0.01691	0.01662	0.01929	0.01229	0.01295	0.02287	0.02390	0.08149	0.18878	0.11718	0.05779	0.04760	0.24063	0.00941	0.01594	0.06573	0.00925	0.01067
8	0.01543	0.01115	0.01457	0.01372	0.01629	0.01029	0.01029	0.02058	0.03086	0.04372	0.54304	0.08145	0.10288	0.02229	0.01286	0.00343	0.00514	0.01972	0.01200	0.01029
9	0.01391	0.01089	0.01260	0.01258	0.01546	0.00958	0.00928	0.01748	0.02667	0.03473	0.27027	0.15799	0.31687	0.02638	0.01300	0.00368	0.00548	0.02273	0.01085	0.00958
10	0.02187	0.05640	0.56031	0.03108	0.04719	0.02532	0.04029	0.03453	0.02302	0.03453	0.01957	0.02302	0.01381	0.01036	0.01036	0.00345	0.01611	0.00806	0.00460	0.01611
11	0.03188	0.42209	0.08746	0.02170	0.03099	0.10559	0.02086	0.10622	0.02767	0.03291	0.01735	0.01947	0.01467	0.01020	0.00818	0.00261	0.01302	0.00674	0.00572	0.01467

[dist]
# distance from previous block
# <min> <max>
0	2

[block]
# block no. 3 follows, 12 sequences, length 22
# corresponding to MSA columns:
# 203-224
name=unknown_D
#
# <colnr> <probs for GDERKNQSTAVLIFYWHMCP>
#	G	D	E	R	K	N	Q	S	T	A	V	L	I	F	Y	W	H	M	C	P
0	0.17786	0.03049	0.07095	0.03355	0.16873	0.11274	0.02248	0.08687	0.07208	0.04182	0.02253	0.02561	0.01764	0.01113	0.00951	0.00321	0.01219	0.00859	0.05719	0.01483
1	0.25977	0.02742	0.07286	0.06990	0.03323	0.02786	0.01963	0.18468	0.11719	0.05137	0.02435	0.02573	0.01800	0.01193	0.00946	0.00343	0.01078	0.00873	0.00842	0.01524
2	0.02412	0.02069	0.03550	0.34017	0.16210	0.02289	0.06910	0.03069	0.02348	0.07453	0.02522	0.07772	0.02112	0.01267	0.01130	0.00360	0.01341	0.01185	0.00618	0.01367
3	0.01650	0.01153	0.01320	0.01278	0.01629	0.00998	0.00957	0.01983	0.02632	0.07640	0.19705	0.14714	0.35202	0.02593	0.01283	0.00368	0.00583	0.02211	0.01083	0.01019
4	0.01481	0.01096	0.01381	0.01343	0.01599	0.00997	0.00995	0.01924	0.02889	0.03982	0.42470	0.13831	0.17105	0.02434	0.01297	0.00357	0.00532	0.02138	0.01151	0.00997
5	0.16523	0.01901	0.02363	0.01849	0.02662	0.01755	0.01527	0.04933	0.02893	0.46483	0.03800	0.03361	0.02425	0.01289	0.01020	0.00337	0.00913	0.01005	0.01228	0.01734
6	0.03212	0.02459	0.02649	0.02260	0.02952	0.02767	0.01792	0.15806	0.38151	0.09369	0.04024	0.03717	0.02949	0.01431	0.01104	0.00358	0.00943	0.01166	0.01126	0.01765
7	0.24092	0.01931	0.02254	0.01789	0.02583	0.01854	0.01477	0.04686	0.02744	0.40528	0.03473	0.03134	0.02247	0.01249	0.00971	0.00337	0.00903	0.00946	0.01149	0.01655
8	0.03175	0.02407	0.02604	0.02237	0.02919	0.02704	0.01769	0.13145	0.39885	0.10315	0.04127	0.03794	0.03022	0.01438	0.01105	0.00359	0.00925	0.01178	0.01132	0.01760
9	0.01398	0.00999	0.01345	0.01598	0.01692	0.00946	0.01133	0.01639	0.02156	0.02862	0.05971	0.53043	0.07059	0.03350	0.01410	0.00452	0.00693	0.10337	0.01011	0.00905
10	0.01469	0.01075	0.01389	0.01454	0.01661	0.00994	0.01076	0.01854	0.02646	0.03603	0.29439	0.25692	0.13551	0.02743	0.01342	0.00393	0.00605	0.06945	0.01101	0.00969
11	0.01454	0.01076	0.01357	0.01360	0.01593	0.00979	0.00992	0.01857	0.02766	0.03785	0.36459	0.20259	0.16874	0.02580	0.01310	0.00369	0.00547	0.02276	0.01128	0.00979
12	0.02187	0.05640	0.56031	0.03108	0.04719	0.02532	0.04029	0.03453	0.02302	0.03453	0.01957	0.02302	0.01381	0.01036	0.01036	0.00345	0.01611	0.00806	0.00460	0.01611
13	0.01751	0.01521	0.02425	0.34808	0.05011	0.01775	0.02178	0.02252	0.02141	0.02785	0.03654	0.27378	0.03880	0.02070	0.01217	0.00397	0.01108	0.01867	0.00707	0.01074
14	0.02699	0.02591	0.04426	0.06693	0.54879	0.02591	0.03346	0.03346	0.02483	0.03562	0.02051	0.02699	0.01727	0.00972	0.01079	0.00324	0.01295	0.00972	0.00540	0.01727
15	0.01586	0.01057	0.01189	0.01189	0.01189	0.01057	0.00661	0.01586	0.01586	0.02114	0.03436	0.07135	0.03964	0.61681	0.05550	0.01057	0.01057	0.01586	0.00661	0.00661
16	0.08906	0.01482	0.01585	0.01462	0.01944	0.01427	0.01128	0.02908	0.09440	0.11771	0.07648	0.12170	0.29539	0.02242	0.01181	0.00367	0.00692	0.01861	0.01046	0.01204
17	0.02171	0.02092	0.03294	0.39773	0.05915	0.02737	0.02808	0.02730	0.02005	0.02730	0.01764	0.02728	0.01446	0.01371	0.01944	0.00402	0.21439	0.00964	0.00482	0.01205
18	0.26263	0.03186	0.02515	0.02136	0.02839	0.19638	0.01696	0.11894	0.03016	0.13861	0.02265	0.02329	0.01642	0.01158	0.00918	0.00318	0.01270	0.00783	0.00832	0.01442
19	0.02389	0.01262	0.01370	0.01277	0.01617	0.01264	0.00975	0.07033	0.02591	0.08484	0.03781	0.09623	0.03146	0.01496	0.00883	0.00287	0.00618	0.01229	0.49529	0.01148
20	0.58368	0.02166	0.01823	0.01568	0.02274	0.02452	0.01292	0.07427	0.02239	0.09408	0.01849	0.02009	0.01368	0.01066	0.00746	0.00337	0.00881	0.00667	0.00768	0.01295
21	0.02360	0.02142	0.03347	0.04718	0.33833	0.02174	0.02517	0.03249	0.09408	0.03617	0.07066	0.14057	0.03608	0.01588	0.01157	0.00354	0.01054	0.01476	0.00755	0.01519

[dist]
# distance from previous block
# <min> <max>
0	18

[block]
# block no. 4 follows, 12 sequences, length 29
# corresponding to MSA columns:
# 243-271
name=unknown_E
#
# <colnr> <probs for GDERKNQSTAVLIFYWHMCP>
#	G	D	E	R	K	N	Q	S	T	A	V	L	I	F	Y	W	H	M	C	P
0	0.02093	0.01317	0.01491	0.01357	0.01691	0.01323	0.01042	0.08532	0.02988	0.04553	0.25020	0.05616	0.05862	0.01683	0.01027	0.00301	0.00599	0.01418	0.30959	0.01128
1	0.64187	0.02088	0.01677	0.01475	0.02163	0.02378	0.01215	0.03375	0.01958	0.08980	0.01742	0.01928	0.01303	0.01039	0.00709	0.00337	0.00850	0.00631	0.00729	0.01235
2	0.02385	0.02385	0.03340	0.02863	0.02863	0.03340	0.02385	0.02624	0.01670	0.02624	0.01431	0.02385	0.01431	0.01908	0.03578	0.00477	0.59685	0.00954	0.00477	0.01193
3	0.01361	0.01107	0.01205	0.01181	0.01517	0.00951	0.00885	0.01705	0.02656	0.03352	0.23360	0.09825	0.41869	0.02610	0.01288	0.00361	0.00541	0.02207	0.01066	0.00951
4	0.02187	0.05640	0.56031	0.03108	0.04719	0.02532	0.04029	0.03453	0.02302	0.03453	0.01957	0.02302	0.01381	0.01036	0.01036	0.00345	0.01611	0.00806	0.00460	0.01611
5	0.02915	0.62337	0.05714	0.01866	0.02799	0.04314	0.01866	0.03265	0.02215	0.02565	0.01516	0.01749	0.01399	0.00933	0.00700	0.00233	0.01166	0.00583	0.00466	0.01399
6	0.01512	0.01113	0.01414	0.01339	0.01610	0.01015	0.01004	0.01997	0.03012	0.04196	0.48944	0.08436	0.15759	0.02295	0.01286	0.00346	0.00519	0.02013	0.01177	0.01015
7	0.01958	0.01206	0.01590	0.01442	0.01772	0.01100	0.01100	0.02461	0.03091	0.10724	0.48108	0.07595	0.09348	0.02120	0.01263	0.00342	0.00566	0.01863	0.01219	0.01131
8	0.01543	0.01115	0.01457	0.01372	0.01629	0.01029	0.01029	0.02058	0.03086	0.04372	0.54304	0.08145	0.10288	0.02229	0.01286	0.00343	0.00514	0.01972	0.01200	0.01029
9	0.02670	0.49296	0.04947	0.01913	0.02654	0.03801	0.01807	0.02990	0.02150	0.02598	0.02065	0.09145	0.02122	0.01329	0.01046	0.00281	0.06404	0.00929	0.00535	0.01317
10	0.02774	0.08317	0.17095	0.07753	0.04044	0.07232	0.06162	0.10428	0.09036	0.03896	0.02314	0.02590	0.01754	0.01091	0.01012	0.00308	0.01339	0.00885	0.00675	0.11293
11	0.08065	0.08345	0.09798	0.05986	0.03462	0.06157	0.02140	0.14079	0.07030	0.19893	0.02903	0.02861	0.02021	0.01219	0.01017	0.00327	0.01184	0.00932	0.00932	0.01648
12	0.03046	0.02100	0.09230	0.02023	0.02649	0.01725	0.01831	0.03562	0.02399	0.23588	0.03280	0.03643	0.02450	0.03534	0.19299	0.00796	0.05905	0.01064	0.06455	0.01422
13	0.02123	0.02062	0.03662	0.52311	0.07285	0.02464	0.08962	0.02873	0.02229	0.02873	0.01971	0.02911	0.01478	0.01069	0.01114	0.00364	0.01501	0.01008	0.00493	0.01243
14	0.60926	0.09772	0.02126	0.01489	0.02196	0.02684	0.01268	0.03213	0.01901	0.04596	0.01518	0.01768	0.01209	0.01002	0.00678	0.00324	0.00884	0.00589	0.00648	0.01209
15	0.02523	0.02289	0.03646	0.14793	0.22416	0.02506	0.06263	0.09022	0.02604	0.03600	0.02434	0.07329	0.02164	0.01906	0.06038	0.00477	0.06731	0.01174	0.00635	0.01450
16	0.29333	0.10336	0.03452	0.15086	0.04120	0.06737	0.10269	0.03252	0.02189	0.03712	0.01742	0.02238	0.01368	0.01011	0.00899	0.00331	0.01275	0.00802	0.00575	0.01272
17	0.01328	0.00949	0.01265	0.01518	0.01581	0.00886	0.01012	0.01518	0.02088	0.02783	0.06010	0.60969	0.07212	0.03416	0.01392	0.00443	0.00633	0.03100	0.01012	0.00886
18	0.69383	0.02109	0.01603	0.01434	0.02109	0.02446	0.01181	0.03205	0.01856	0.04892	0.01518	0.01771	0.01181	0.01012	0.00675	0.00337	0.00843	0.00590	0.00675	0.01181
19	0.02038	0.01862	0.03146	0.16228	0.20885	0.01933	0.05980	0.02554	0.02276	0.03096	0.03508	0.24407	0.03698	0.01902	0.01213	0.00380	0.01125	0.01785	0.00704	0.01281
20	0.01837	0.01557	0.02411	0.25208	0.07899	0.01709	0.02010	0.02448	0.02674	0.03669	0.29212	0.05619	0.06073	0.01675	0.01191	0.00350	0.00953	0.01491	0.00861	0.01154
21	0.01387	0.01050	0.01291	0.01437	0.01636	0.00955	0.01049	0.01669	0.02346	0.03019	0.11306	0.34536	0.22467	0.03064	0.01365	0.00419	0.00645	0.08411	0.01026	0.00923
22	0.01341	0.01107	0.01177	0.01159	0.01505	0.00943	0.00869	0.01666	0.02608	0.03237	0.19888	0.10013	0.45412	0.02653	0.01288	0.00363	0.00545	0.02234	0.01051	0.00943
23	0.07292	0.16865	0.26984	0.06474	0.04145	0.03026	0.06987	0.03251	0.02187	0.03221	0.01783	0.02246	0.01404	0.01114	0.01276	0.00340	0.08663	0.00811	0.00489	0.01444
24	0.04274	0.07629	0.06897	0.06780	0.03324	0.01986	0.01927	0.04778	0.02899	0.42504	0.03676	0.03361	0.02379	0.01267	0.01055	0.00331	0.01045	0.01017	0.01131	0.01742
25	0.01383	0.00988	0.01328	0.01581	0.01668	0.00933	0.01107	0.01612	0.02141	0.02844	0.05980	0.54777	0.07092	0.03365	0.01406	0.00450	0.00680	0.08754	0.01011	0.00901
26	0.02108	0.01629	0.01893	0.01770	0.02192	0.01688	0.01414	0.09015	0.12935	0.04286	0.21541	0.07834	0.13814	0.02203	0.01271	0.00382	0.00774	0.10901	0.01100	0.01249
27	0.02452	0.11744	0.07781	0.21550	0.08214	0.02540	0.10750	0.03106	0.02393	0.07054	0.03267	0.03701	0.08329	0.01257	0.01084	0.00338	0.01321	0.01131	0.00629	0.01360
28	0.02940	0.01583	0.02081	0.06867	0.02683	0.01508	0.01467	0.06777	0.03006	0.22626	0.18190	0.10365	0.11490	0.01907	0.01195	0.00353	0.00814	0.01628	0.01142	0.01379

[dist]
# distance from previous block
# <min> <max>
0	1

[block]
# block no. 5 follows, 12 sequences, length 37
# corresponding to MSA columns:
# 273-309
name=unknown_F
#
# <colnr> <probs for GDERKNQSTAVLIFYWHMCP>
#	G	D	E	R	K	N	Q	S	T	A	V	L	I	F	Y	W	H	M	C	P
0	0.04249	0.01909	0.02567	0.08825	0.03288	0.01820	0.01751	0.09056	0.03126	0.40546	0.03799	0.03541	0.02478	0.01308	0.01068	0.00333	0.00983	0.01064	0.06580	0.01710
1	0.02498	0.03989	0.24724	0.17256	0.14006	0.09153	0.06503	0.03385	0.02417	0.03219	0.01952	0.02518	0.01479	0.01041	0.01067	0.00340	0.01576	0.00893	0.00498	0.01484
2	0.07803	0.03508	0.24120	0.06512	0.03783	0.02417	0.02710	0.07509	0.02505	0.12387	0.02425	0.02954	0.01840	0.05923	0.01685	0.00414	0.08371	0.00943	0.00699	0.01488
3	0.02565	0.06231	0.02770	0.02398	0.06775	0.01843	0.06372	0.03317	0.07357	0.12454	0.14268	0.09320	0.04842	0.01800	0.01175	0.00359	0.00932	0.07853	0.06023	0.01346
4	0.61320	0.02167	0.01944	0.02070	0.08489	0.02464	0.01443	0.03222	0.01931	0.04731	0.01583	0.01883	0.01247	0.01007	0.00724	0.00336	0.00898	0.00636	0.00658	0.01247
5	0.02033	0.01016	0.01016	0.01016	0.01270	0.01016	0.00762	0.02541	0.02287	0.04065	0.03557	0.04065	0.02795	0.01270	0.00762	0.00254	0.00508	0.01016	0.67734	0.01016
6	0.01558	0.01168	0.01752	0.01752	0.01947	0.01363	0.01363	0.01947	0.01752	0.02531	0.02921	0.04283	0.02726	0.08178	0.57360	0.01752	0.02921	0.01168	0.00584	0.00974
7	0.02699	0.02591	0.04426	0.06693	0.54879	0.02591	0.03346	0.03346	0.02483	0.03562	0.02051	0.02699	0.01727	0.00972	0.01079	0.00324	0.01295	0.00972	0.00540	0.01727
8	0.01685	0.01263	0.01579	0.01474	0.01775	0.01232	0.01113	0.02509	0.09110	0.04395	0.48275	0.07652	0.09447	0.02138	0.01265	0.00346	0.00557	0.01883	0.01189	0.01113
9	0.01334	0.01119	0.01168	0.01192	0.01549	0.00953	0.00919	0.01632	0.02488	0.02976	0.10533	0.10669	0.49753	0.02786	0.01310	0.00381	0.00596	0.06701	0.01012	0.00929
10	0.01328	0.00949	0.01265	0.01518	0.01581	0.00886	0.01012	0.01518	0.02088	0.02783	0.06010	0.60969	0.07212	0.03416	0.01392	0.00443	0.00633	0.03100	0.01012	0.00886
11	0.02915	0.62337	0.05714	0.01866	0.02799	0.04314	0.01866	0.03265	0.02215	0.02565	0.01516	0.01749	0.01399	0.00933	0.00700	0.00233	0.01166	0.00583	0.00466	0.01399
12	0.02033	0.01016	0.01016	0.01016	0.01270	0.01016	0.00762	0.02541	0.02287	0.04065	0.03557	0.04065	0.02795	0.01270	0.00762	0.00254	0.00508	0.01016	0.67734	0.01016
13	0.04428	0.02753	0.02972	0.02312	0.03150	0.06761	0.01894	0.29995	0.04199	0.25360	0.03197	0.02990	0.02146	0.01311	0.01085	0.00328	0.01153	0.01005	0.01151	0.01810
14	0.02573	0.09759	0.45501	0.02866	0.04330	0.02564	0.03561	0.03663	0.02394	0.09690	0.02205	0.02428	0.01542	0.01066	0.01016	0.00335	0.01493	0.00823	0.00568	0.01624
15	0.08371	0.13886	0.13331	0.02611	0.06885	0.02838	0.02335	0.11715	0.02880	0.16388	0.02479	0.02586	0.01792	0.01202	0.01180	0.00329	0.05906	0.00872	0.00802	0.01614
16	0.04073	0.05197	0.03090	0.02809	0.03371	0.57303	0.02107	0.04354	0.03090	0.02669	0.01685	0.01966	0.01404	0.01124	0.00983	0.00281	0.01966	0.00702	0.00562	0.01264
17	0.02195	0.01394	0.02060	0.01741	0.02169	0.01272	0.05357	0.02728	0.03049	0.12930	0.41465	0.06957	0.08278	0.01970	0.01254	0.00344	0.00696	0.01766	0.01170	0.01206
18	0.13691	0.02060	0.02769	0.02150	0.02943	0.01946	0.07444	0.08314	0.02827	0.24591	0.03301	0.08585	0.02549	0.01367	0.01043	0.00326	0.01005	0.01163	0.00994	0.10933
19	0.01586	0.01057	0.01189	0.01189	0.01189	0.01057	0.00661	0.01586	0.01586	0.02114	0.03436	0.07135	0.03964	0.61681	0.05550	0.01057	0.01057	0.01586	0.00661	0.00661
20	0.01558	0.01168	0.01752	0.01752	0.01947	0.01363	0.01363	0.01947	0.01752	0.02531	0.02921	0.04283	0.02726	0.08178	0.57360	0.01752	0.02921	0.01168	0.00584	0.00974
21	0.02433	0.05296	0.51172	0.03002	0.04543	0.02448	0.03808	0.03622	0.02376	0.08193	0.02170	0.02430	0.01501	0.01064	0.01041	0.00345	0.01549	0.00832	0.00541	0.01634
22	0.02547	0.02435	0.04151	0.19145	0.43616	0.02551	0.03271	0.03213	0.02411	0.03378	0.02024	0.02748	0.01662	0.01000	0.01082	0.00333	0.01333	0.00971	0.00527	0.01604
23	0.02506	0.01155	0.01267	0.01169	0.01521	0.01113	0.00901	0.03000	0.02425	0.12607	0.03680	0.04006	0.02779	0.01283	0.00818	0.00268	0.00578	0.01030	0.56738	0.01155
24	0.69383	0.02109	0.01603	0.01434	0.02109	0.02446	0.01181	0.03205	0.01856	0.04892	0.01518	0.01771	0.01181	0.01012	0.00675	0.00337	0.00843	0.00590	0.00675	0.01181
25	0.01458	0.01024	0.01322	0.01481	0.01552	0.01004	0.00999	0.01634	0.01950	0.02608	0.04994	0.36641	0.05831	0.20855	0.06963	0.00730	0.00966	0.06275	0.00875	0.00836
26	0.02858	0.01924	0.02622	0.07528	0.11664	0.02004	0.01901	0.04030	0.16973	0.14769	0.11145	0.04211	0.03687	0.01672	0.01433	0.06955	0.00955	0.01222	0.00963	0.01482
27	0.02182	0.02072	0.03484	0.43171	0.11393	0.02345	0.06235	0.02885	0.02247	0.03004	0.01968	0.02811	0.01514	0.01032	0.01069	0.00335	0.01387	0.00953	0.00514	0.09397
28	0.02699	0.02591	0.04426	0.06693	0.54879	0.02591	0.03346	0.03346	0.02483	0.03562	0.02051	0.02699	0.01727	0.00972	0.01079	0.00324	0.01295	0.00972	0.00540	0.01727
29	0.02187	0.05640	0.56031	0.03108	0.04719	0.02532	0.04029	0.03453	0.02302	0.03453	0.01957	0.02302	0.01381	0.01036	0.01036	0.00345	0.01611	0.00806	0.00460	0.01611
30	0.01811	0.01184	0.01481	0.01366	0.01705	0.01060	0.01039	0.02261	0.02952	0.09031	0.39536	0.08251	0.19659	0.02265	0.01268	0.00348	0.00563	0.01962	0.01172	0.01084
31	0.02574	0.02941	0.06434	0.04596	0.05699	0.02757	0.50919	0.03493	0.02574	0.03493	0.02206	0.02941	0.01654	0.00919	0.01287	0.00368	0.01838	0.01287	0.00551	0.01471
32	0.01757	0.01255	0.01757	0.02008	0.02259	0.01255	0.01757	0.02259	0.02510	0.03263	0.05773	0.12299	0.06275	0.03012	0.01506	0.00502	0.01004	0.47540	0.01004	0.01004
33	0.02872	0.07075	0.02238	0.01621	0.02152	0.01540	0.01312	0.03338	0.03018	0.22591	0.31459	0.05960	0.06739	0.01793	0.01163	0.00331	0.00723	0.01529	0.01186	0.01360
34	0.07070	0.02261	0.03626	0.12994	0.24988	0.02384	0.07277	0.07329	0.02540	0.03665	0.02480	0.07774	0.02210	0.01896	0.06336	0.00478	0.01428	0.01175	0.00636	0.01455
35	0.07922	0.01295	0.01732	0.01676	0.01975	0.01437	0.01313	0.02257	0.01924	0.06427	0.03644	0.04594	0.07393	0.06555	0.43136	0.01398	0.02375	0.01216	0.00685	0.01048
36	0.01832	0.01572	0.01783	0.10707	0.02578	0.06505	0.01335	0.02063	0.01951	0.02471	0.03540	0.17529	0.03893	0.27048	0.09760	0.00823	0.01336	0.01689	0.00692	0.00892

[dist]
# distance from previous block
# <min> <max>
0	605

# created by:
# /st0/software/busco_prod/Augustus/scripts/msa2prfl.pl ./align_prep/10491.fa
