[name]
unknown

[dist]
# distance from previous block
# <min> <max>
0	237

[block]
# block no. 0 follows, 11 sequences, length 11
# corresponding to MSA columns:
# 259-269
name=unknown_A
#
# <colnr> <probs for GDERKNQSTAVLIFYWHMCP>
#	G	D	E	R	K	N	Q	S	T	A	V	L	I	F	Y	W	H	M	C	P
0	0.08664	0.02343	0.11041	0.06718	0.07001	0.01843	0.06647	0.02641	0.02416	0.03579	0.09601	0.20131	0.04704	0.02074	0.01242	0.00400	0.01095	0.05801	0.00816	0.01244
1	0.42147	0.02203	0.02193	0.06847	0.02970	0.02432	0.01581	0.08440	0.02571	0.15681	0.02343	0.02457	0.01654	0.01158	0.00873	0.00350	0.00984	0.00799	0.00873	0.01443
2	0.55954	0.02287	0.02305	0.01934	0.02610	0.02641	0.06034	0.03283	0.01970	0.04695	0.01628	0.02004	0.01290	0.01120	0.01032	0.00364	0.06220	0.00714	0.00665	0.01249
3	0.68395	0.02177	0.01654	0.01480	0.02177	0.02525	0.01219	0.03309	0.01915	0.05050	0.01567	0.01828	0.01219	0.01045	0.00697	0.00348	0.00871	0.00609	0.00697	0.01219
4	0.02800	0.02418	0.02545	0.02291	0.02927	0.02800	0.01782	0.05981	0.51390	0.04708	0.04581	0.04199	0.03436	0.01527	0.01145	0.00382	0.00891	0.01273	0.01145	0.01782
5	0.01955	0.00978	0.01466	0.01466	0.01466	0.00978	0.00978	0.01466	0.01466	0.01955	0.01955	0.03421	0.01955	0.03910	0.04399	0.67253	0.00978	0.00978	0.00489	0.00489
6	0.01602	0.01070	0.01370	0.01564	0.01693	0.01035	0.01134	0.01895	0.02224	0.03101	0.05495	0.35802	0.06207	0.09196	0.01826	0.00509	0.00764	0.11934	0.10643	0.00936
7	0.36667	0.01944	0.01942	0.01625	0.02335	0.02021	0.01331	0.04045	0.02459	0.23424	0.02898	0.02864	0.02007	0.01208	0.00871	0.00338	0.00862	0.00858	0.08840	0.01460
8	0.01803	0.01209	0.01508	0.01473	0.01799	0.01090	0.01132	0.02226	0.02856	0.07855	0.28062	0.14119	0.20815	0.02583	0.01347	0.00388	0.00642	0.06852	0.01158	0.01084
9	0.11443	0.03115	0.02749	0.02303	0.03005	0.13102	0.01832	0.23159	0.11810	0.05308	0.02796	0.02876	0.02098	0.01303	0.01020	0.00329	0.01213	0.00956	0.07983	0.01599
10	0.02682	0.02142	0.02985	0.17532	0.12419	0.02316	0.02295	0.04070	0.17099	0.08793	0.08179	0.03901	0.03185	0.01348	0.01129	0.00350	0.01092	0.01175	0.00876	0.06434

[dist]
# distance from previous block
# <min> <max>
0	1

[block]
# block no. 1 follows, 11 sequences, length 16
# corresponding to MSA columns:
# 271-286
name=unknown_B
#
# <colnr> <probs for GDERKNQSTAVLIFYWHMCP>
#	G	D	E	R	K	N	Q	S	T	A	V	L	I	F	Y	W	H	M	C	P
0	0.13900	0.08531	0.09922	0.07226	0.03610	0.08657	0.02223	0.09679	0.17214	0.04333	0.02710	0.02829	0.02054	0.01239	0.01004	0.00344	0.01237	0.00929	0.00801	0.01559
1	0.55787	0.02224	0.02196	0.01824	0.02578	0.02459	0.05500	0.03569	0.02121	0.10217	0.01939	0.02150	0.01431	0.01074	0.00799	0.00351	0.00970	0.00729	0.00760	0.01320
2	0.02214	0.02091	0.03536	0.50925	0.13875	0.02524	0.03170	0.02953	0.02292	0.02983	0.02016	0.02972	0.01538	0.01109	0.01124	0.00370	0.01478	0.01001	0.00508	0.01322
3	0.02499	0.01270	0.01716	0.01583	0.01886	0.01169	0.01157	0.02685	0.02521	0.15872	0.17810	0.14799	0.05717	0.07363	0.02322	0.14954	0.00801	0.01746	0.01036	0.01094
4	0.14874	0.01956	0.02463	0.01922	0.02765	0.01789	0.01587	0.05148	0.03019	0.46580	0.03995	0.03520	0.02543	0.01339	0.01064	0.00348	0.00944	0.01051	0.01285	0.01807
5	0.01689	0.01041	0.01306	0.01359	0.01426	0.01017	0.00879	0.01729	0.01937	0.02716	0.08309	0.18632	0.04877	0.23004	0.03505	0.15480	0.00853	0.01835	0.07639	0.00767
6	0.01401	0.01023	0.01320	0.01499	0.01628	0.00941	0.01028	0.01659	0.02357	0.03145	0.13976	0.46671	0.12670	0.03266	0.01409	0.00433	0.00625	0.02933	0.01075	0.00941
7	0.02800	0.02418	0.02545	0.02291	0.02927	0.02800	0.01782	0.05981	0.51390	0.04708	0.04581	0.04199	0.03436	0.01527	0.01145	0.00382	0.00891	0.01273	0.01145	0.01782
8	0.04016	0.04969	0.03103	0.02818	0.03405	0.48804	0.02122	0.04694	0.09651	0.03017	0.02121	0.02321	0.01716	0.01209	0.01032	0.00302	0.01877	0.00798	0.00656	0.01369
9	0.02089	0.01202	0.01516	0.01472	0.01676	0.01127	0.01000	0.02311	0.02318	0.10882	0.13968	0.20503	0.06024	0.25301	0.03053	0.00669	0.00849	0.02039	0.00994	0.01007
10	0.02916	0.02052	0.03316	0.38559	0.11472	0.02311	0.02799	0.03580	0.02523	0.15583	0.02613	0.03182	0.01847	0.01178	0.01126	0.00364	0.01349	0.01033	0.00726	0.01471
11	0.02940	0.04812	0.29678	0.03365	0.04644	0.11059	0.12289	0.10626	0.02994	0.03976	0.02128	0.02499	0.01557	0.01102	0.01119	0.00348	0.01702	0.00938	0.00607	0.01617
12	0.12915	0.01899	0.02462	0.02564	0.09245	0.01929	0.01778	0.03175	0.02388	0.12643	0.03484	0.13830	0.03315	0.01825	0.01393	0.00373	0.07117	0.05967	0.00873	0.10825
13	0.08461	0.17381	0.03440	0.08458	0.03375	0.02961	0.01897	0.08360	0.15364	0.10732	0.03173	0.06508	0.02543	0.01386	0.01012	0.00338	0.01066	0.01092	0.00889	0.01564
14	0.03106	0.08667	0.02660	0.01844	0.02567	0.01992	0.01480	0.03915	0.10116	0.18005	0.03613	0.09367	0.03035	0.06247	0.01416	0.00366	0.00923	0.01229	0.00969	0.18484
15	0.08053	0.08370	0.02861	0.08044	0.07682	0.02250	0.01804	0.03618	0.10058	0.09793	0.04034	0.04091	0.09697	0.01388	0.01025	0.00314	0.00976	0.01127	0.00841	0.13974

[dist]
# distance from previous block
# <min> <max>
1	25

[block]
# block no. 2 follows, 11 sequences, length 18
# corresponding to MSA columns:
# 313-330
name=unknown_C
#
# <colnr> <probs for GDERKNQSTAVLIFYWHMCP>
#	G	D	E	R	K	N	Q	S	T	A	V	L	I	F	Y	W	H	M	C	P
0	0.14662	0.02189	0.02816	0.06658	0.03277	0.02396	0.05626	0.10081	0.07043	0.12944	0.07505	0.07812	0.03184	0.01584	0.01369	0.00378	0.06795	0.01267	0.00943	0.01473
1	0.19667	0.02566	0.07196	0.02749	0.07569	0.02487	0.05756	0.07147	0.06742	0.11248	0.02880	0.08085	0.02395	0.01473	0.01316	0.00377	0.06851	0.01160	0.00836	0.01500
2	0.08789	0.01853	0.02505	0.07734	0.08006	0.01997	0.01854	0.03589	0.06188	0.16165	0.03401	0.08728	0.02816	0.02532	0.08968	0.00571	0.05804	0.01257	0.05816	0.01426
3	0.02503	0.01708	0.02080	0.01720	0.02384	0.01465	0.01329	0.03179	0.06947	0.11505	0.10530	0.14709	0.04370	0.01709	0.01093	0.00296	0.00780	0.01475	0.00975	0.29240
4	0.04072	0.03050	0.03261	0.02548	0.03412	0.03394	0.02089	0.43561	0.11738	0.06760	0.02965	0.02912	0.02127	0.01376	0.01129	0.00344	0.01190	0.01050	0.01129	0.01896
5	0.02126	0.02001	0.03376	0.57739	0.07752	0.02501	0.03126	0.02876	0.02251	0.02876	0.02001	0.03001	0.01500	0.01125	0.01125	0.00375	0.01500	0.01000	0.00500	0.01250
6	0.68395	0.02177	0.01654	0.01480	0.02177	0.02525	0.01219	0.03309	0.01915	0.05050	0.01567	0.01828	0.01219	0.01045	0.00697	0.00348	0.00871	0.00609	0.00697	0.01219
7	0.03022	0.03679	0.23646	0.02552	0.03555	0.07370	0.02692	0.03787	0.02683	0.16369	0.03563	0.09638	0.03059	0.01681	0.01183	0.00380	0.01335	0.07419	0.00854	0.01533
8	0.01371	0.00979	0.01306	0.01567	0.01632	0.00914	0.01045	0.01567	0.02155	0.02873	0.06203	0.59710	0.07444	0.03526	0.01437	0.00457	0.00653	0.03200	0.01045	0.00914
9	0.02182	0.01806	0.02110	0.01697	0.02402	0.01590	0.01326	0.03161	0.11192	0.04116	0.18465	0.04574	0.04797	0.01417	0.01044	0.00263	0.00748	0.01204	0.00931	0.34974
10	0.02695	0.01789	0.02115	0.01867	0.02388	0.01854	0.01453	0.04253	0.22192	0.13591	0.25047	0.05920	0.06369	0.01831	0.01220	0.00364	0.00750	0.01571	0.01230	0.01500
11	0.15022	0.21161	0.03699	0.11652	0.03692	0.11307	0.01998	0.03827	0.02523	0.12342	0.02182	0.02413	0.01655	0.01113	0.00906	0.00310	0.01281	0.00786	0.00701	0.01433
12	0.01630	0.01118	0.01364	0.01364	0.01412	0.01166	0.00853	0.01725	0.01677	0.02284	0.03421	0.06672	0.03791	0.48201	0.17560	0.01260	0.01544	0.01535	0.00663	0.00758
13	0.01406	0.01007	0.01337	0.01543	0.01640	0.00938	0.01048	0.01655	0.02318	0.03133	0.13594	0.51579	0.07948	0.03332	0.01419	0.00441	0.00634	0.03015	0.01076	0.00938
14	0.03177	0.02754	0.07324	0.12222	0.10925	0.06717	0.02413	0.08669	0.10419	0.13038	0.03300	0.08453	0.02658	0.01464	0.01144	0.00361	0.01236	0.01237	0.00887	0.01601
15	0.35464	0.02505	0.02396	0.01972	0.02746	0.02802	0.01617	0.19306	0.07789	0.09787	0.02469	0.02510	0.01790	0.01222	0.00919	0.00348	0.01003	0.00851	0.00941	0.01563
16	0.14329	0.08045	0.07918	0.07981	0.03797	0.07751	0.05937	0.10895	0.06707	0.04263	0.02203	0.02506	0.01694	0.01108	0.00979	0.00315	0.01280	0.00861	0.00717	0.10712
17	0.08689	0.08686	0.10890	0.07862	0.04073	0.02567	0.10234	0.08216	0.02859	0.15676	0.02945	0.03697	0.02261	0.01319	0.01114	0.00360	0.01317	0.04829	0.00837	0.01570

[dist]
# distance from previous block
# <min> <max>
12	76

[block]
# block no. 3 follows, 11 sequences, length 14
# corresponding to MSA columns:
# 409-422
name=unknown_D
#
# <colnr> <probs for GDERKNQSTAVLIFYWHMCP>
#	G	D	E	R	K	N	Q	S	T	A	V	L	I	F	Y	W	H	M	C	P
0	0.03653	0.10908	0.03215	0.07467	0.03244	0.02417	0.01927	0.04051	0.02617	0.27411	0.03395	0.08329	0.02650	0.01603	0.01562	0.00371	0.11441	0.01202	0.00974	0.01564
1	0.01618	0.01165	0.01600	0.01600	0.01728	0.01293	0.01146	0.01876	0.01747	0.02458	0.03206	0.05481	0.03274	0.27149	0.37906	0.01551	0.02323	0.01361	0.00631	0.00889
2	0.02812	0.08617	0.08728	0.02639	0.03374	0.10214	0.07042	0.03355	0.02488	0.06479	0.02624	0.04004	0.02364	0.01495	0.01518	0.00351	0.10640	0.07682	0.00681	0.12893
3	0.68395	0.02177	0.01654	0.01480	0.02177	0.02525	0.01219	0.03309	0.01915	0.05050	0.01567	0.01828	0.01219	0.01045	0.00697	0.00348	0.00871	0.00609	0.00697	0.01219
4	0.01625	0.01114	0.01336	0.01316	0.01392	0.01109	0.00825	0.01777	0.02004	0.02748	0.14752	0.07373	0.05482	0.43115	0.08649	0.00979	0.01114	0.01694	0.00803	0.00794
5	0.04216	0.05029	0.03218	0.02853	0.03481	0.47981	0.02169	0.11340	0.03508	0.03412	0.01886	0.02132	0.01520	0.01189	0.01032	0.00297	0.01910	0.00769	0.00663	0.01397
6	0.01405	0.01005	0.01336	0.01544	0.01640	0.00937	0.01047	0.01652	0.02311	0.03122	0.13269	0.51936	0.07925	0.03341	0.01420	0.00441	0.00635	0.03023	0.01074	0.00937
7	0.02046	0.01258	0.01585	0.01505	0.01870	0.01128	0.01160	0.02465	0.02879	0.11407	0.26347	0.13945	0.19485	0.02495	0.01329	0.00384	0.00660	0.05731	0.01177	0.01146
8	0.02149	0.01261	0.01670	0.01530	0.01876	0.01146	0.01159	0.02630	0.03086	0.12663	0.39947	0.12904	0.08983	0.02275	0.01306	0.00364	0.00615	0.02004	0.01245	0.01190
9	0.40742	0.01922	0.01855	0.01593	0.02251	0.02043	0.01294	0.03607	0.02466	0.16704	0.11850	0.03539	0.03354	0.01363	0.00919	0.00349	0.00828	0.01001	0.00965	0.01356
10	0.02953	0.55057	0.05645	0.02032	0.02896	0.04350	0.01981	0.03302	0.02229	0.02654	0.01556	0.01873	0.01448	0.01067	0.01029	0.00267	0.07116	0.00641	0.00483	0.01422
11	0.02053	0.01349	0.01686	0.01745	0.01997	0.01334	0.01245	0.05625	0.06993	0.08250	0.05647	0.45371	0.06253	0.02990	0.01359	0.00432	0.00744	0.02676	0.01093	0.01158
12	0.02189	0.01855	0.02809	0.28627	0.08740	0.02102	0.02385	0.07099	0.02741	0.03657	0.11339	0.10543	0.04121	0.01750	0.01227	0.00385	0.01174	0.05197	0.00790	0.01270
13	0.02831	0.02196	0.03519	0.22338	0.09552	0.02368	0.09395	0.03953	0.10927	0.11426	0.03011	0.03419	0.02203	0.01213	0.01131	0.00360	0.01275	0.01121	0.06244	0.01517

[dist]
# distance from previous block
# <min> <max>
0	6

[block]
# block no. 4 follows, 11 sequences, length 12
# corresponding to MSA columns:
# 429-440
name=unknown_E
#
# <colnr> <probs for GDERKNQSTAVLIFYWHMCP>
#	G	D	E	R	K	N	Q	S	T	A	V	L	I	F	Y	W	H	M	C	P
0	0.28384	0.02249	0.03004	0.18163	0.12748	0.02464	0.05129	0.03186	0.02205	0.03991	0.01867	0.02440	0.01467	0.01033	0.00939	0.00338	0.01184	0.00835	0.00608	0.07765
1	0.02937	0.02887	0.11452	0.22358	0.05059	0.02653	0.02694	0.11362	0.13478	0.09361	0.02925	0.03197	0.02105	0.01267	0.01121	0.00365	0.01297	0.01047	0.00827	0.01607
2	0.02496	0.01324	0.01683	0.01616	0.01941	0.01260	0.01255	0.02865	0.02491	0.14282	0.08486	0.07643	0.04810	0.17220	0.02398	0.00574	0.00907	0.13733	0.11876	0.01139
3	0.04748	0.01979	0.02710	0.02114	0.02883	0.01864	0.01749	0.05161	0.03047	0.48189	0.04094	0.03671	0.02633	0.01460	0.01431	0.00365	0.07665	0.01115	0.01288	0.01836
4	0.01911	0.01460	0.02011	0.01905	0.02133	0.01711	0.01478	0.06244	0.02094	0.02974	0.02926	0.04417	0.02762	0.12503	0.42255	0.01510	0.06771	0.01215	0.00649	0.01070
5	0.01727	0.01211	0.01448	0.01504	0.01706	0.01176	0.01055	0.05661	0.02541	0.03485	0.11392	0.33429	0.11296	0.08579	0.01751	0.00471	0.00709	0.02436	0.07416	0.01007
6	0.10912	0.02744	0.02360	0.02040	0.02637	0.12275	0.01604	0.15911	0.10901	0.04869	0.02957	0.03128	0.02257	0.01296	0.00963	0.00316	0.01088	0.00963	0.19322	0.01458
7	0.04213	0.05103	0.03212	0.02863	0.03481	0.49728	0.02171	0.09835	0.03438	0.03268	0.01854	0.02109	0.01505	0.01182	0.01028	0.00296	0.01936	0.00759	0.00644	0.01377
8	0.12912	0.02227	0.03144	0.31696	0.11336	0.02530	0.02587	0.07847	0.02557	0.03827	0.02018	0.02695	0.01548	0.01093	0.01028	0.00342	0.01290	0.00908	0.00619	0.07796
9	0.30027	0.08272	0.02970	0.06370	0.03225	0.07218	0.07203	0.03203	0.02245	0.03916	0.02195	0.07752	0.01992	0.01261	0.00921	0.00330	0.01151	0.00991	0.00666	0.08092
10	0.15045	0.12996	0.03434	0.02475	0.07114	0.03040	0.01913	0.20357	0.03422	0.09092	0.02311	0.02444	0.01739	0.01142	0.00944	0.00303	0.01105	0.00837	0.00857	0.09430
11	0.06956	0.13777	0.07560	0.07870	0.03617	0.02746	0.06647	0.08081	0.02780	0.09666	0.07506	0.03799	0.06721	0.01437	0.01281	0.00348	0.05831	0.01139	0.00792	0.01447

[dist]
# distance from previous block
# <min> <max>
4	49

[block]
# block no. 5 follows, 11 sequences, length 14
# corresponding to MSA columns:
# 490-503
name=unknown_F
#
# <colnr> <probs for GDERKNQSTAVLIFYWHMCP>
#	G	D	E	R	K	N	Q	S	T	A	V	L	I	F	Y	W	H	M	C	P
0	0.02359	0.01823	0.06342	0.07513	0.02879	0.01558	0.01699	0.03094	0.07359	0.12609	0.12640	0.25267	0.05636	0.02298	0.01273	0.00396	0.00881	0.02028	0.01047	0.01300
1	0.03209	0.06850	0.03922	0.02734	0.03687	0.02461	0.14360	0.08199	0.09380	0.13353	0.02899	0.03039	0.02126	0.01116	0.01080	0.00307	0.01212	0.01036	0.00866	0.18164
2	0.33402	0.02065	0.02076	0.01648	0.02482	0.02005	0.01345	0.03587	0.02319	0.14479	0.02291	0.02402	0.01685	0.01044	0.00830	0.00287	0.00876	0.00734	0.00827	0.23615
3	0.37750	0.02003	0.02203	0.12359	0.08083	0.02275	0.01724	0.02983	0.02120	0.04194	0.06169	0.03221	0.02387	0.06883	0.01354	0.00424	0.01025	0.00938	0.00691	0.01215
4	0.01462	0.01072	0.01321	0.01402	0.01572	0.00986	0.00967	0.01742	0.02450	0.03272	0.19892	0.29474	0.16131	0.10641	0.01958	0.00499	0.00662	0.02515	0.01051	0.00931
5	0.02092	0.01917	0.02737	0.02458	0.02545	0.02562	0.02005	0.02406	0.01761	0.02667	0.02144	0.03312	0.02057	0.04777	0.26377	0.01064	0.34366	0.01081	0.00540	0.01133
6	0.53655	0.02116	0.01877	0.01602	0.02339	0.02322	0.01320	0.03815	0.02219	0.16487	0.02236	0.02294	0.01584	0.01126	0.00798	0.00348	0.00891	0.00731	0.00859	0.01381
7	0.01457	0.01075	0.01372	0.01511	0.01693	0.00990	0.01092	0.01774	0.02496	0.03316	0.17453	0.35475	0.15688	0.03099	0.01406	0.00427	0.00649	0.06972	0.01087	0.00965
8	0.04134	0.02796	0.03085	0.02430	0.03275	0.03036	0.01986	0.33613	0.13658	0.14940	0.03364	0.03185	0.02356	0.01392	0.01131	0.00348	0.01123	0.01083	0.01177	0.01889
9	0.04204	0.05364	0.03190	0.02900	0.03480	0.55926	0.02175	0.04494	0.03190	0.02755	0.01740	0.02030	0.01450	0.01160	0.01015	0.00290	0.02030	0.00725	0.00580	0.01305
10	0.47237	0.08083	0.02304	0.01645	0.02409	0.02520	0.01390	0.03814	0.02253	0.16089	0.02226	0.02286	0.01601	0.01116	0.00799	0.00337	0.00924	0.00729	0.00835	0.01402
11	0.08144	0.01393	0.01720	0.06230	0.02296	0.01493	0.01287	0.02427	0.06381	0.03509	0.16482	0.15213	0.05651	0.12941	0.09282	0.00695	0.01122	0.01773	0.00904	0.01055
12	0.01495	0.01112	0.01533	0.07111	0.02219	0.01105	0.01228	0.01777	0.02264	0.03042	0.11803	0.43448	0.07033	0.07242	0.01702	0.00481	0.00753	0.02713	0.00990	0.00951
13	0.18434	0.26764	0.08325	0.02053	0.02861	0.08261	0.01963	0.03308	0.02344	0.03433	0.02356	0.03699	0.02228	0.01369	0.00914	0.00328	0.01217	0.08178	0.00634	0.01329

[dist]
# distance from previous block
# <min> <max>
0	2

[block]
# block no. 6 follows, 11 sequences, length 19
# corresponding to MSA columns:
# 506-524
name=unknown_G
#
# <colnr> <probs for GDERKNQSTAVLIFYWHMCP>
#	G	D	E	R	K	N	Q	S	T	A	V	L	I	F	Y	W	H	M	C	P
0	0.02442	0.15475	0.20714	0.08969	0.04081	0.02880	0.02769	0.03173	0.02239	0.03190	0.01840	0.02336	0.01494	0.01140	0.01344	0.00317	0.09740	0.00794	0.00520	0.14543
1	0.01890	0.01001	0.01417	0.01417	0.01417	0.01001	0.00917	0.01501	0.01501	0.02002	0.02282	0.04231	0.02394	0.15517	0.04672	0.53670	0.01001	0.01113	0.00528	0.00528
2	0.02782	0.01884	0.02411	0.07974	0.03163	0.01593	0.01568	0.03300	0.02606	0.14053	0.08436	0.03425	0.02924	0.01152	0.00985	0.00249	0.00898	0.00959	0.00864	0.38774
3	0.02786	0.02674	0.04568	0.06908	0.53424	0.02674	0.03454	0.03454	0.02563	0.03677	0.02117	0.02786	0.01783	0.01003	0.01114	0.00334	0.01337	0.01003	0.00557	0.01783
4	0.01588	0.01144	0.01509	0.01486	0.01730	0.01065	0.01122	0.02082	0.03027	0.04244	0.43980	0.14244	0.09939	0.02499	0.01358	0.00379	0.00586	0.05774	0.01202	0.01044
5	0.02349	0.11204	0.09562	0.14548	0.04454	0.02607	0.10784	0.03432	0.09340	0.03643	0.12852	0.04045	0.03674	0.01362	0.01141	0.00351	0.01262	0.01234	0.00749	0.01408
6	0.02785	0.02870	0.10544	0.19838	0.04665	0.06805	0.02582	0.06571	0.06138	0.09100	0.02892	0.09094	0.02439	0.01538	0.01397	0.00381	0.06952	0.01225	0.00749	0.01434
7	0.68395	0.02177	0.01654	0.01480	0.02177	0.02525	0.01219	0.03309	0.01915	0.05050	0.01567	0.01828	0.01219	0.01045	0.00697	0.00348	0.00871	0.00609	0.00697	0.01219
8	0.02176	0.01791	0.02580	0.06804	0.17963	0.01824	0.01990	0.02917	0.07696	0.03571	0.08154	0.05806	0.12213	0.01935	0.01444	0.05879	0.00963	0.05025	0.07968	0.01300
9	0.02579	0.03160	0.15753	0.24513	0.06104	0.02554	0.17191	0.03485	0.02489	0.07867	0.02308	0.02946	0.01662	0.01084	0.01175	0.00370	0.01608	0.01074	0.00596	0.01483
10	0.02607	0.08887	0.04443	0.15668	0.15000	0.02583	0.14822	0.03276	0.02552	0.06730	0.06149	0.06952	0.02735	0.01294	0.01166	0.00355	0.01377	0.01268	0.00676	0.01461
11	0.01419	0.01014	0.01361	0.01622	0.01708	0.00956	0.01128	0.01650	0.02202	0.02927	0.06177	0.54605	0.07339	0.03481	0.01449	0.00464	0.00695	0.07831	0.01044	0.00927
12	0.02546	0.03184	0.14477	0.15541	0.05403	0.02624	0.19999	0.08669	0.02872	0.03933	0.07191	0.03388	0.02508	0.01191	0.01209	0.00367	0.01552	0.01191	0.00666	0.01489
13	0.02918	0.03748	0.21446	0.08321	0.10436	0.02679	0.15045	0.09078	0.02882	0.08927	0.02413	0.02823	0.01735	0.01101	0.01158	0.00358	0.01554	0.01042	0.00677	0.01660
14	0.01568	0.01262	0.01934	0.01898	0.02147	0.01175	0.06337	0.01918	0.02397	0.03192	0.11437	0.39575	0.11192	0.03014	0.01413	0.00435	0.00798	0.06284	0.01014	0.01010
15	0.01779	0.01926	0.08388	0.08186	0.03237	0.01556	0.06553	0.02309	0.02336	0.03135	0.04826	0.31016	0.05329	0.02637	0.01376	0.00442	0.01069	0.11903	0.00871	0.01124
16	0.10157	0.18203	0.19158	0.12739	0.04290	0.02896	0.02662	0.03254	0.02270	0.03390	0.01845	0.02279	0.01454	0.01017	0.00915	0.00303	0.01308	0.00756	0.00534	0.10569
17	0.10517	0.09696	0.08223	0.12441	0.04529	0.02963	0.11243	0.14424	0.03108	0.08896	0.02340	0.02690	0.01709	0.01137	0.01065	0.00345	0.01373	0.00973	0.00759	0.01570
18	0.25460	0.02081	0.07562	0.01720	0.02322	0.01805	0.01526	0.02866	0.02361	0.08196	0.12201	0.10845	0.07617	0.02381	0.05989	0.00497	0.01053	0.01410	0.00881	0.01224

[dist]
# distance from previous block
# <min> <max>
17	175

[block]
# block no. 7 follows, 11 sequences, length 18
# corresponding to MSA columns:
# 730-747
name=unknown_H
#
# <colnr> <probs for GDERKNQSTAVLIFYWHMCP>
#	G	D	E	R	K	N	Q	S	T	A	V	L	I	F	Y	W	H	M	C	P
0	0.08455	0.11839	0.07278	0.16241	0.04023	0.02375	0.05596	0.02691	0.02127	0.03025	0.02579	0.10939	0.02474	0.02262	0.05312	0.08413	0.01356	0.01236	0.00603	0.01176
1	0.29108	0.02655	0.07553	0.02129	0.03072	0.02356	0.06204	0.08123	0.02513	0.04570	0.01929	0.02241	0.01494	0.01007	0.00879	0.00296	0.01071	0.00759	0.00700	0.21342
2	0.02263	0.02753	0.10849	0.07691	0.03490	0.09487	0.06555	0.02741	0.02364	0.03020	0.03410	0.18890	0.03526	0.02175	0.01564	0.07456	0.01282	0.04688	0.00709	0.05088
3	0.01685	0.01157	0.01565	0.01565	0.01728	0.01282	0.01150	0.02011	0.01848	0.02740	0.03232	0.05072	0.03121	0.19481	0.36399	0.01420	0.02211	0.01283	0.10113	0.00936
4	0.68395	0.02177	0.01654	0.01480	0.02177	0.02525	0.01219	0.03309	0.01915	0.05050	0.01567	0.01828	0.01219	0.01045	0.00697	0.00348	0.00871	0.00609	0.00697	0.01219
5	0.02800	0.02418	0.02545	0.02291	0.02927	0.02800	0.01782	0.05981	0.51390	0.04708	0.04581	0.04199	0.03436	0.01527	0.01145	0.00382	0.00891	0.01273	0.01145	0.01782
6	0.02126	0.02001	0.03376	0.57739	0.07752	0.02501	0.03126	0.02876	0.02251	0.02876	0.02001	0.03001	0.01500	0.01125	0.01125	0.00375	0.01500	0.01000	0.00500	0.01250
7	0.03794	0.02596	0.02816	0.02246	0.03005	0.02829	0.01827	0.31732	0.11250	0.10772	0.03291	0.03262	0.02370	0.01374	0.01075	0.00333	0.01049	0.01067	0.11554	0.01758
8	0.03147	0.03071	0.05655	0.04093	0.05159	0.03041	0.35072	0.17527	0.03453	0.04660	0.02406	0.02935	0.01770	0.01070	0.01267	0.00367	0.01698	0.01233	0.00738	0.01638
9	0.02811	0.02332	0.03021	0.02553	0.03224	0.02542	0.08532	0.05183	0.36122	0.08064	0.04394	0.09281	0.03520	0.01624	0.01198	0.00386	0.01018	0.01453	0.01071	0.01671
10	0.08710	0.01405	0.01751	0.01572	0.01996	0.01321	0.01211	0.02947	0.02964	0.15759	0.31954	0.12163	0.07598	0.02103	0.01234	0.00363	0.00674	0.01816	0.01202	0.01257
11	0.01439	0.01080	0.01305	0.01378	0.01582	0.00978	0.00967	0.01734	0.02505	0.03302	0.19852	0.28023	0.21010	0.07496	0.01716	0.00458	0.00632	0.02532	0.01068	0.00945
12	0.02591	0.01513	0.01910	0.01719	0.02161	0.01460	0.01317	0.03471	0.10692	0.16367	0.26738	0.13997	0.07123	0.02134	0.01267	0.00372	0.00709	0.01862	0.01234	0.01362
13	0.02202	0.01305	0.01708	0.01593	0.01975	0.01190	0.01262	0.02688	0.03032	0.12819	0.32596	0.08548	0.13080	0.02329	0.01330	0.00382	0.00690	0.08863	0.01213	0.01195
14	0.09345	0.01579	0.02064	0.10555	0.02829	0.01744	0.01511	0.08808	0.02188	0.03166	0.02029	0.03083	0.01799	0.02798	0.03018	0.39957	0.01087	0.00947	0.00604	0.00891
15	0.13385	0.02201	0.03200	0.20983	0.04697	0.02507	0.06725	0.03775	0.06244	0.13986	0.02598	0.03015	0.01890	0.01290	0.01405	0.00381	0.08485	0.01016	0.00772	0.01447
16	0.03009	0.61122	0.05898	0.01926	0.02889	0.04454	0.01926	0.03370	0.02287	0.02648	0.01565	0.01805	0.01444	0.00963	0.00722	0.00241	0.01204	0.00602	0.00481	0.01444
17	0.58225	0.02331	0.01928	0.01656	0.02385	0.02678	0.01365	0.10662	0.02451	0.05374	0.01747	0.01967	0.01329	0.01093	0.00765	0.00347	0.00929	0.00674	0.00765	0.01329

[dist]
# distance from previous block
# <min> <max>
0	3

[block]
# block no. 8 follows, 11 sequences, length 10
# corresponding to MSA columns:
# 751-760
name=unknown_I
#
# <colnr> <probs for GDERKNQSTAVLIFYWHMCP>
#	G	D	E	R	K	N	Q	S	T	A	V	L	I	F	Y	W	H	M	C	P
0	0.02551	0.02701	0.09682	0.36952	0.06262	0.02702	0.02972	0.10798	0.07272	0.03811	0.02353	0.02985	0.01736	0.01192	0.01120	0.00367	0.01422	0.01006	0.00657	0.01458
1	0.16749	0.01718	0.01853	0.01578	0.02161	0.01718	0.01263	0.07432	0.02872	0.17621	0.10155	0.04803	0.09584	0.01590	0.01020	0.00335	0.00779	0.01258	0.14132	0.01376
2	0.02936	0.04992	0.33851	0.03181	0.04512	0.09449	0.07447	0.12841	0.03081	0.04168	0.02143	0.02455	0.01550	0.01126	0.01096	0.00346	0.01645	0.00898	0.00626	0.01656
3	0.01953	0.01115	0.01472	0.01488	0.01669	0.01050	0.01045	0.02122	0.02318	0.07825	0.14674	0.24235	0.05979	0.06716	0.02201	0.13717	0.00737	0.02031	0.06704	0.00949
4	0.02000	0.01620	0.02492	0.33796	0.05106	0.01888	0.02196	0.02656	0.02483	0.03507	0.13779	0.04456	0.03829	0.01427	0.01104	0.00348	0.01088	0.01243	0.13813	0.01168
5	0.02257	0.05822	0.54613	0.03208	0.04871	0.02614	0.04158	0.03564	0.02376	0.03564	0.02020	0.02376	0.01426	0.01069	0.01069	0.00356	0.01663	0.00832	0.00475	0.01663
6	0.02192	0.02092	0.03390	0.46858	0.06799	0.02689	0.02994	0.02843	0.02146	0.02843	0.01897	0.02894	0.01496	0.01293	0.01635	0.00398	0.12798	0.00997	0.00499	0.01247
7	0.02787	0.02195	0.02688	0.02283	0.02646	0.02630	0.01835	0.18199	0.02976	0.04217	0.02573	0.03565	0.02264	0.08918	0.13493	0.00752	0.17865	0.01110	0.05659	0.01345
8	0.01725	0.01391	0.02073	0.21016	0.03718	0.01560	0.01733	0.02118	0.02120	0.02822	0.07050	0.20590	0.04464	0.14409	0.07663	0.00684	0.01264	0.01846	0.00752	0.01004
9	0.11307	0.15013	0.12177	0.06844	0.03245	0.02616	0.02077	0.07696	0.02738	0.04112	0.12174	0.03635	0.03418	0.01344	0.00982	0.00322	0.01074	0.01046	0.06810	0.01371

[dist]
# distance from previous block
# <min> <max>
1	5

[block]
# block no. 9 follows, 11 sequences, length 8
# corresponding to MSA columns:
# 766-773
name=unknown_J
#
# <colnr> <probs for GDERKNQSTAVLIFYWHMCP>
#	G	D	E	R	K	N	Q	S	T	A	V	L	I	F	Y	W	H	M	C	P
0	0.06641	0.22064	0.11403	0.10182	0.03912	0.10330	0.02386	0.03999	0.12247	0.03380	0.02322	0.02570	0.01837	0.01146	0.00953	0.00318	0.01341	0.00843	0.00642	0.01485
1	0.27407	0.06665	0.02480	0.13540	0.03470	0.02277	0.01708	0.03112	0.02200	0.07660	0.02493	0.09281	0.02226	0.01353	0.00930	0.00334	0.01006	0.01052	0.00728	0.10076
2	0.02559	0.10688	0.10580	0.13293	0.03910	0.02634	0.02252	0.08371	0.12510	0.03938	0.03486	0.03721	0.06084	0.01357	0.01037	0.00337	0.01132	0.01090	0.09559	0.01463
3	0.02443	0.01247	0.01744	0.01569	0.01825	0.01143	0.01121	0.02217	0.01830	0.09570	0.02312	0.03334	0.02034	0.03144	0.03461	0.48848	0.00956	0.00958	0.00640	0.09604
4	0.07855	0.02277	0.03262	0.25259	0.08040	0.02600	0.06052	0.08405	0.12515	0.04074	0.06195	0.03490	0.02590	0.01285	0.01124	0.00367	0.01253	0.01124	0.00771	0.01462
5	0.02618	0.11553	0.36118	0.10638	0.04833	0.02721	0.03484	0.03642	0.02435	0.08587	0.02212	0.02546	0.01579	0.01098	0.01042	0.00344	0.01512	0.00859	0.00574	0.01605
6	0.10869	0.02093	0.06402	0.01943	0.02612	0.01795	0.05177	0.03055	0.09011	0.04166	0.19505	0.05513	0.10844	0.01687	0.01129	0.00336	0.00868	0.01442	0.00937	0.10615
7	0.03071	0.06895	0.07825	0.02707	0.03587	0.02248	0.14530	0.03982	0.07825	0.17410	0.08195	0.04600	0.09041	0.01478	0.01190	0.00357	0.01197	0.01358	0.00950	0.01554

[dist]
# distance from previous block
# <min> <max>
8	100

# created by:
# /st0/software/busco_prod/Augustus/scripts/msa2prfl.pl ./align_prep/10500.fa
