[name]
unknown

[dist]
# distance from previous block
# <min> <max>
5	52

[block]
# block no. 0 follows, 14 sequences, length 20
# corresponding to MSA columns:
# 53-72
name=unknown_A
#
# <colnr> <probs for GDERKNQSTAVLIFYWHMCP>
#	G	D	E	R	K	N	Q	S	T	A	V	L	I	F	Y	W	H	M	C	P
0	0.02803	0.55013	0.04942	0.01847	0.02675	0.07831	0.01760	0.03349	0.06755	0.02583	0.01675	0.01848	0.01474	0.00935	0.00710	0.00234	0.01126	0.00609	0.00497	0.01334
1	0.58128	0.09935	0.02083	0.01488	0.02146	0.06427	0.01250	0.03097	0.01867	0.04191	0.01439	0.01677	0.01151	0.00950	0.00658	0.00302	0.00903	0.00562	0.00604	0.01142
2	0.03158	0.02703	0.07463	0.02250	0.03017	0.02718	0.01930	0.24099	0.28128	0.08352	0.03304	0.03136	0.02401	0.01287	0.01031	0.00329	0.00999	0.01026	0.00999	0.01669
3	0.04257	0.01670	0.02270	0.01767	0.02500	0.01449	0.01449	0.04663	0.02934	0.52276	0.09886	0.03953	0.03328	0.01361	0.01052	0.00318	0.00830	0.01123	0.01255	0.01661
4	0.02313	0.01948	0.03180	0.15305	0.30999	0.01999	0.02467	0.02893	0.02457	0.07193	0.14973	0.03846	0.03530	0.01238	0.01065	0.00317	0.01051	0.01143	0.00697	0.01387
5	0.02809	0.60967	0.05229	0.01809	0.02666	0.07411	0.01770	0.03134	0.02135	0.02420	0.01436	0.01658	0.01317	0.00889	0.00675	0.00222	0.01143	0.00555	0.00444	0.01309
6	0.02128	0.01824	0.02128	0.01520	0.02432	0.01368	0.01216	0.02584	0.02128	0.03344	0.01824	0.02128	0.01520	0.00760	0.00760	0.00152	0.00760	0.00608	0.00608	0.70208
7	0.03125	0.08526	0.02274	0.01608	0.02182	0.01559	0.01309	0.03487	0.02651	0.30665	0.13215	0.12718	0.08855	0.01743	0.01073	0.00323	0.00766	0.01469	0.01083	0.01369
8	0.04318	0.02147	0.08714	0.01950	0.02825	0.01607	0.01765	0.04804	0.02850	0.52052	0.03800	0.03344	0.02401	0.01237	0.01026	0.00318	0.00946	0.01001	0.01176	0.01721
9	0.01492	0.00995	0.01119	0.01119	0.01119	0.00995	0.00622	0.01492	0.01492	0.01990	0.03233	0.06716	0.03731	0.63935	0.05223	0.00995	0.00995	0.01492	0.00622	0.00622
10	0.02026	0.01911	0.03416	0.44440	0.06137	0.02201	0.12196	0.02723	0.02132	0.02872	0.02030	0.02855	0.01535	0.01013	0.01029	0.00332	0.01343	0.00973	0.07669	0.01167
11	0.03261	0.12118	0.12361	0.08882	0.03584	0.02303	0.05079	0.04098	0.08041	0.25589	0.02932	0.02899	0.02022	0.01123	0.00976	0.00311	0.01112	0.00923	0.00847	0.01541
12	0.03917	0.01556	0.02133	0.01727	0.02351	0.01364	0.01378	0.04195	0.02650	0.45754	0.03971	0.10041	0.02923	0.01743	0.01398	0.08191	0.00845	0.01224	0.01142	0.01499
13	0.01246	0.00909	0.01174	0.01386	0.01477	0.00837	0.00934	0.01434	0.02006	0.02636	0.06179	0.57379	0.12336	0.03147	0.01299	0.00409	0.00587	0.02834	0.00953	0.00837
14	0.01792	0.01526	0.02368	0.17459	0.13976	0.01615	0.02051	0.02276	0.02211	0.02913	0.04315	0.16113	0.08495	0.02053	0.01206	0.00387	0.01009	0.16395	0.00740	0.01101
15	0.18367	0.02410	0.05947	0.05985	0.03030	0.05610	0.01763	0.12590	0.02892	0.27314	0.02778	0.02692	0.01867	0.01147	0.00936	0.00315	0.01033	0.00864	0.00939	0.01521
16	0.09991	0.51321	0.04697	0.01814	0.02627	0.10155	0.01714	0.03182	0.02143	0.02653	0.01445	0.01671	0.01296	0.00906	0.00686	0.00235	0.01151	0.00562	0.00470	0.01281
17	0.02609	0.12732	0.03247	0.05737	0.09017	0.02097	0.04978	0.03091	0.02263	0.10274	0.02072	0.02343	0.01623	0.00885	0.00850	0.00225	0.00980	0.00742	0.00640	0.33595
18	0.02914	0.03763	0.33740	0.02439	0.03599	0.02075	0.02775	0.07209	0.02636	0.20186	0.06411	0.02973	0.02293	0.01161	0.01012	0.00321	0.01223	0.00929	0.00776	0.01564
19	0.02411	0.02656	0.09691	0.13187	0.45384	0.02412	0.03177	0.03091	0.02282	0.03246	0.01907	0.02527	0.01558	0.00935	0.01013	0.00312	0.01270	0.00898	0.00493	0.01550

[dist]
# distance from previous block
# <min> <max>
7	10

[block]
# block no. 1 follows, 14 sequences, length 25
# corresponding to MSA columns:
# 86-110
name=unknown_B
#
# <colnr> <probs for GDERKNQSTAVLIFYWHMCP>
#	G	D	E	R	K	N	Q	S	T	A	V	L	I	F	Y	W	H	M	C	P
0	0.02425	0.02706	0.14537	0.03056	0.16880	0.01865	0.02273	0.03069	0.02257	0.07904	0.02040	0.02355	0.01586	0.00887	0.00893	0.00241	0.01045	0.00753	0.00601	0.32628
1	0.02598	0.18462	0.37897	0.02490	0.03751	0.02640	0.02979	0.03471	0.02263	0.11292	0.02076	0.02245	0.01490	0.00997	0.00910	0.00300	0.01323	0.00751	0.00560	0.01505
2	0.01522	0.01187	0.01492	0.01491	0.01661	0.01235	0.01082	0.02002	0.06377	0.03156	0.21254	0.26387	0.10834	0.07978	0.01786	0.00431	0.06159	0.02079	0.00940	0.00947
3	0.03644	0.01638	0.02388	0.01927	0.02581	0.01454	0.05064	0.04071	0.02771	0.40284	0.08896	0.09183	0.03744	0.01608	0.01117	0.00342	0.00883	0.05745	0.01151	0.01508
4	0.07986	0.02420	0.06307	0.07526	0.12770	0.07110	0.06942	0.03763	0.02582	0.22879	0.07085	0.03187	0.02496	0.01160	0.01020	0.00316	0.01141	0.01004	0.00833	0.01474
5	0.02053	0.01254	0.01611	0.01482	0.01803	0.01205	0.01135	0.02394	0.02508	0.14159	0.22446	0.17100	0.17323	0.02223	0.01369	0.00354	0.05584	0.01877	0.01032	0.01088
6	0.01326	0.00952	0.01259	0.01377	0.01505	0.00884	0.00959	0.01620	0.02319	0.03183	0.24994	0.42321	0.07878	0.02794	0.01272	0.00381	0.00553	0.02518	0.01019	0.00884
7	0.01659	0.01081	0.01499	0.06854	0.02119	0.01059	0.01209	0.01916	0.02066	0.07646	0.05021	0.45409	0.05687	0.06070	0.01478	0.00436	0.00738	0.06193	0.00919	0.00941
8	0.71184	0.01985	0.01508	0.01350	0.01985	0.02302	0.01111	0.03017	0.01746	0.04604	0.01429	0.01667	0.01111	0.00953	0.00635	0.00318	0.00794	0.00556	0.00635	0.01111
9	0.08965	0.27087	0.20539	0.02088	0.03122	0.06237	0.02241	0.03104	0.02133	0.03030	0.01626	0.01895	0.01325	0.00906	0.00784	0.00253	0.01187	0.00629	0.00488	0.12362
10	0.02744	0.64552	0.05378	0.01756	0.02634	0.04061	0.01756	0.03073	0.02085	0.02414	0.01427	0.01646	0.01317	0.00878	0.00658	0.00219	0.01097	0.00549	0.00439	0.01317
11	0.02266	0.17176	0.02736	0.01817	0.02298	0.07697	0.01482	0.03283	0.16636	0.03247	0.10839	0.14920	0.04286	0.01771	0.01038	0.00327	0.00906	0.05213	0.00836	0.01224
12	0.32966	0.07368	0.02420	0.01800	0.02413	0.05167	0.01504	0.06314	0.02266	0.17149	0.02118	0.02240	0.01553	0.01159	0.01142	0.00324	0.09267	0.00743	0.00764	0.01323
13	0.09910	0.01971	0.02753	0.02936	0.16528	0.01879	0.01897	0.04380	0.05862	0.36233	0.03283	0.03108	0.02216	0.01159	0.00993	0.00316	0.00950	0.00967	0.01006	0.01652
14	0.01526	0.01116	0.01350	0.01447	0.01592	0.01117	0.01027	0.01965	0.06988	0.02669	0.05056	0.25194	0.09238	0.22757	0.02576	0.00604	0.00807	0.11257	0.00852	0.00863
15	0.02422	0.02768	0.06055	0.04325	0.05363	0.02595	0.53806	0.03287	0.02422	0.03287	0.02076	0.02768	0.01557	0.00865	0.01211	0.00346	0.01730	0.01211	0.00519	0.01384
16	0.02704	0.15157	0.30845	0.07789	0.03971	0.02619	0.02840	0.07661	0.02477	0.11457	0.02143	0.02344	0.01530	0.01027	0.00934	0.00305	0.01298	0.00788	0.00610	0.01499
17	0.01868	0.01123	0.01368	0.01411	0.01656	0.01074	0.01015	0.02346	0.06375	0.09639	0.05366	0.36218	0.09763	0.02429	0.01143	0.00362	0.00618	0.02142	0.13056	0.01030
18	0.01239	0.00936	0.01146	0.01315	0.01458	0.00843	0.00902	0.01442	0.02075	0.02664	0.07046	0.47606	0.21549	0.03034	0.01281	0.00396	0.00573	0.02697	0.00953	0.00843
19	0.02348	0.02167	0.03698	0.10294	0.39667	0.02196	0.06295	0.02959	0.02301	0.03305	0.02340	0.03406	0.02029	0.01099	0.01034	0.00318	0.01177	0.04851	0.07067	0.01448
20	0.08195	0.07657	0.08542	0.13158	0.15560	0.02622	0.06011	0.14211	0.02800	0.08486	0.02127	0.02478	0.01585	0.01033	0.00973	0.00312	0.01215	0.00875	0.00673	0.01488
21	0.02180	0.01200	0.01565	0.01477	0.01830	0.01079	0.01138	0.02543	0.02576	0.16995	0.21191	0.19611	0.13383	0.02277	0.01208	0.00360	0.00654	0.06534	0.01084	0.01116
22	0.01519	0.01072	0.01410	0.01456	0.01590	0.01105	0.01077	0.01789	0.01937	0.02642	0.11200	0.07373	0.04810	0.27093	0.16843	0.00932	0.01332	0.13249	0.00754	0.00819
23	0.08484	0.07242	0.04207	0.02976	0.03762	0.02512	0.24080	0.03704	0.06796	0.15091	0.02488	0.02775	0.01820	0.01109	0.01311	0.00339	0.08131	0.01028	0.00719	0.01425
24	0.03007	0.01919	0.06842	0.02147	0.06888	0.01580	0.01661	0.03715	0.08518	0.26861	0.04746	0.14457	0.09702	0.01726	0.01097	0.00341	0.00858	0.01476	0.01020	0.01440

[dist]
# distance from previous block
# <min> <max>
0	15

[block]
# block no. 2 follows, 14 sequences, length 8
# corresponding to MSA columns:
# 126-133
name=unknown_C
#
# <colnr> <probs for GDERKNQSTAVLIFYWHMCP>
#	G	D	E	R	K	N	Q	S	T	A	V	L	I	F	Y	W	H	M	C	P
0	0.02526	0.03441	0.26441	0.02823	0.03912	0.02164	0.14754	0.03580	0.07291	0.12282	0.03275	0.03402	0.06970	0.01188	0.01069	0.00333	0.01304	0.01079	0.00695	0.01472
1	0.07957	0.01924	0.03008	0.11875	0.29118	0.02006	0.02433	0.02742	0.02294	0.03347	0.06528	0.04984	0.03119	0.01469	0.01094	0.00352	0.01087	0.12694	0.00658	0.01311
2	0.02970	0.02293	0.03696	0.09813	0.28704	0.02373	0.06822	0.07714	0.02583	0.14253	0.02347	0.02734	0.01763	0.01088	0.01226	0.00326	0.06086	0.00961	0.00693	0.01553
3	0.02177	0.02194	0.04005	0.33411	0.13435	0.02464	0.15933	0.02854	0.02143	0.02883	0.01859	0.02670	0.01451	0.01041	0.01291	0.00348	0.07104	0.00988	0.00479	0.01270
4	0.02660	0.01984	0.07789	0.07113	0.03232	0.01621	0.09805	0.03188	0.02455	0.20454	0.04487	0.12656	0.09818	0.01734	0.01151	0.00356	0.01033	0.06257	0.00896	0.01311
5	0.02227	0.13561	0.43049	0.03236	0.11766	0.02636	0.03402	0.03210	0.02179	0.03142	0.01794	0.02144	0.01349	0.00952	0.00935	0.00307	0.01413	0.00750	0.00445	0.01503
6	0.02424	0.11662	0.09247	0.23172	0.14192	0.08023	0.11065	0.03082	0.02257	0.02874	0.01806	0.02416	0.01425	0.00958	0.00988	0.00310	0.01422	0.00871	0.00477	0.01328
7	0.02238	0.23926	0.08582	0.02072	0.02695	0.02474	0.06149	0.02678	0.02134	0.05155	0.03034	0.11333	0.03093	0.05983	0.01421	0.00382	0.03987	0.10839	0.00654	0.01173

[dist]
# distance from previous block
# <min> <max>
0	1

[block]
# block no. 3 follows, 14 sequences, length 49
# corresponding to MSA columns:
# 135-183
name=unknown_D
#
# <colnr> <probs for GDERKNQSTAVLIFYWHMCP>
#	G	D	E	R	K	N	Q	S	T	A	V	L	I	F	Y	W	H	M	C	P
0	0.02651	0.08148	0.13317	0.17180	0.15027	0.08896	0.06342	0.10141	0.02630	0.03419	0.01895	0.02379	0.01462	0.01004	0.00988	0.00309	0.01388	0.00852	0.00551	0.01420
1	0.11422	0.02387	0.02877	0.14289	0.03756	0.06975	0.06622	0.11108	0.13828	0.03799	0.02332	0.02707	0.01802	0.01323	0.01352	0.04406	0.06073	0.00926	0.00700	0.01314
2	0.02062	0.01544	0.02229	0.02016	0.02360	0.01585	0.07083	0.10878	0.02466	0.03291	0.03673	0.13414	0.03801	0.07953	0.06554	0.10512	0.01155	0.15623	0.00784	0.01015
3	0.03425	0.16999	0.03217	0.02236	0.07573	0.02276	0.01742	0.07193	0.02685	0.26420	0.03111	0.03677	0.02404	0.01276	0.00963	0.00297	0.00976	0.06279	0.00902	0.06349
4	0.01836	0.03455	0.33427	0.02418	0.03350	0.01815	0.02772	0.02678	0.02210	0.03122	0.03451	0.11960	0.03429	0.01837	0.01159	0.00384	0.01226	0.17561	0.00660	0.01252
5	0.02663	0.02818	0.03280	0.35621	0.05532	0.17783	0.06770	0.07741	0.02563	0.02996	0.01839	0.02477	0.01406	0.01040	0.01014	0.00318	0.01506	0.00871	0.00532	0.01228
6	0.03242	0.02547	0.02709	0.02228	0.02931	0.02875	0.01791	0.30342	0.29667	0.05405	0.03301	0.03131	0.02423	0.01310	0.01035	0.00328	0.00974	0.01039	0.01035	0.01686
7	0.01954	0.01586	0.01713	0.01451	0.01998	0.01483	0.01137	0.10523	0.07036	0.03701	0.10292	0.06487	0.29298	0.01878	0.01079	0.00300	0.00687	0.01551	0.00916	0.14930
8	0.02744	0.64552	0.05378	0.01756	0.02634	0.04061	0.01756	0.03073	0.02085	0.02414	0.01427	0.01646	0.01317	0.00878	0.00658	0.00219	0.01097	0.00549	0.00439	0.01317
9	0.03118	0.01393	0.01832	0.01589	0.02104	0.01216	0.01236	0.03432	0.02567	0.33719	0.05509	0.21413	0.12390	0.02031	0.01139	0.00350	0.00739	0.01745	0.01130	0.01349
10	0.02002	0.02010	0.04020	0.03158	0.03807	0.01902	0.30650	0.02635	0.02316	0.03102	0.03602	0.16982	0.03652	0.01810	0.01281	0.00391	0.01314	0.13488	0.00709	0.01168
11	0.01938	0.01824	0.03078	0.61468	0.07068	0.02280	0.02850	0.02622	0.02052	0.02622	0.01824	0.02736	0.01368	0.01026	0.01026	0.00342	0.01368	0.00912	0.00456	0.01140
12	0.03939	0.01822	0.02323	0.01840	0.02547	0.01717	0.01498	0.10009	0.07921	0.40784	0.10654	0.03944	0.03420	0.01383	0.01055	0.00320	0.00846	0.01137	0.01205	0.01636
13	0.10602	0.02744	0.07944	0.16579	0.04104	0.02796	0.02243	0.31487	0.03578	0.05044	0.02140	0.02416	0.01545	0.01128	0.00979	0.00319	0.01185	0.00866	0.00792	0.01509
14	0.03417	0.01398	0.01753	0.01442	0.01991	0.01265	0.01159	0.03849	0.02591	0.34228	0.03739	0.03640	0.02580	0.01237	0.00893	0.00283	0.00699	0.00999	0.31440	0.01398
15	0.02492	0.02150	0.02293	0.02007	0.02635	0.02383	0.01566	0.05043	0.48029	0.04157	0.03841	0.03586	0.02902	0.01302	0.01004	0.00320	0.00805	0.01081	0.00982	0.11423
16	0.01424	0.01048	0.01332	0.01261	0.01516	0.00956	0.00946	0.01881	0.02838	0.03956	0.51456	0.07928	0.15318	0.02157	0.01211	0.00326	0.00488	0.01893	0.01109	0.00956
17	0.02128	0.01824	0.02128	0.01520	0.02432	0.01368	0.01216	0.02584	0.02128	0.03344	0.01824	0.02128	0.01520	0.00760	0.00760	0.00152	0.00760	0.00608	0.00608	0.70208
18	0.01938	0.01824	0.03078	0.61468	0.07068	0.02280	0.02850	0.02622	0.02052	0.02622	0.01824	0.02736	0.01368	0.01026	0.01026	0.00342	0.01368	0.00912	0.00456	0.01140
19	0.02744	0.64552	0.05378	0.01756	0.02634	0.04061	0.01756	0.03073	0.02085	0.02414	0.01427	0.01646	0.01317	0.00878	0.00658	0.00219	0.01097	0.00549	0.00439	0.01317
20	0.02365	0.02037	0.02236	0.01838	0.02564	0.02030	0.01444	0.04187	0.32045	0.03874	0.03138	0.03078	0.02421	0.01113	0.00919	0.00262	0.00789	0.00917	0.00852	0.31893
21	0.01838	0.01454	0.01704	0.01571	0.01931	0.01524	0.01198	0.03170	0.21411	0.04178	0.38472	0.06320	0.07386	0.01851	0.01152	0.00332	0.00599	0.01612	0.01100	0.01198
22	0.02325	0.02048	0.03887	0.02926	0.03597	0.01976	0.26798	0.02966	0.02577	0.09500	0.20482	0.04436	0.04349	0.01387	0.01348	0.00343	0.05608	0.01383	0.00799	0.01266
23	0.01279	0.00915	0.01217	0.01409	0.01495	0.00853	0.00955	0.01501	0.02099	0.02833	0.12990	0.55322	0.07201	0.03055	0.01296	0.00403	0.00579	0.02766	0.00978	0.00853
24	0.01466	0.01100	0.01649	0.01649	0.01833	0.01283	0.01283	0.01833	0.01649	0.02382	0.02749	0.04032	0.02566	0.07697	0.59868	0.01649	0.02749	0.01100	0.00550	0.00916
25	0.02781	0.02712	0.09242	0.04420	0.21083	0.02353	0.25446	0.03518	0.02457	0.12171	0.02329	0.02764	0.01716	0.00955	0.01102	0.00327	0.01415	0.01052	0.00630	0.01529
26	0.19031	0.02579	0.04957	0.03606	0.04547	0.02524	0.41078	0.03222	0.02259	0.03605	0.01920	0.02502	0.01449	0.00886	0.01072	0.00339	0.01504	0.01053	0.00547	0.01318
27	0.01428	0.01020	0.01395	0.01632	0.01770	0.00987	0.01262	0.01737	0.02140	0.02819	0.05558	0.40453	0.06398	0.03047	0.01357	0.00441	0.00750	0.23973	0.00949	0.00883
28	0.02440	0.01667	0.02472	0.27051	0.04258	0.01876	0.02013	0.05845	0.02340	0.14027	0.03232	0.17918	0.02975	0.01685	0.01256	0.00361	0.05151	0.01435	0.00777	0.01220
29	0.02464	0.03654	0.27734	0.04422	0.27804	0.02361	0.06269	0.03326	0.02308	0.07002	0.02043	0.02456	0.01542	0.00962	0.01011	0.00317	0.01354	0.00872	0.00528	0.01572
30	0.03724	0.02009	0.02429	0.01910	0.02603	0.01997	0.01558	0.21898	0.03604	0.28970	0.14061	0.03960	0.03684	0.01422	0.01066	0.00315	0.00887	0.01158	0.01155	0.01591
31	0.71184	0.01985	0.01508	0.01350	0.01985	0.02302	0.01111	0.03017	0.01746	0.04604	0.01429	0.01667	0.01111	0.00953	0.00635	0.00318	0.00794	0.00556	0.00635	0.01111
32	0.01250	0.00893	0.01191	0.01429	0.01488	0.00834	0.00953	0.01429	0.01965	0.02620	0.05656	0.63265	0.06787	0.03215	0.01310	0.00417	0.00595	0.02917	0.00953	0.00834
33	0.02330	0.03408	0.19301	0.03972	0.05131	0.02542	0.41203	0.03278	0.02358	0.03278	0.02017	0.02617	0.01492	0.00893	0.01152	0.00341	0.01676	0.01097	0.00497	0.01417
34	0.01466	0.01100	0.01649	0.01649	0.01833	0.01283	0.01283	0.01833	0.01649	0.02382	0.02749	0.04032	0.02566	0.07697	0.59868	0.01649	0.02749	0.01100	0.00550	0.00916
35	0.71184	0.01985	0.01508	0.01350	0.01985	0.02302	0.01111	0.03017	0.01746	0.04604	0.01429	0.01667	0.01111	0.00953	0.00635	0.00318	0.00794	0.00556	0.00635	0.01111
36	0.02128	0.01824	0.02128	0.01520	0.02432	0.01368	0.01216	0.02584	0.02128	0.03344	0.01824	0.02128	0.01520	0.00760	0.00760	0.00152	0.00760	0.00608	0.00608	0.70208
37	0.04143	0.02027	0.02626	0.08463	0.03241	0.01997	0.01762	0.16604	0.03297	0.39668	0.03423	0.03162	0.02220	0.01234	0.01030	0.00318	0.00989	0.00993	0.01122	0.01680
38	0.01492	0.00995	0.01119	0.01119	0.01119	0.00995	0.00622	0.01492	0.01492	0.01990	0.03233	0.06716	0.03731	0.63935	0.05223	0.00995	0.00995	0.01492	0.00622	0.00622
39	0.01938	0.01824	0.03078	0.61468	0.07068	0.02280	0.02850	0.02622	0.02052	0.02622	0.01824	0.02736	0.01368	0.01026	0.01026	0.00342	0.01368	0.00912	0.00456	0.01140
40	0.01250	0.00893	0.01191	0.01429	0.01488	0.00834	0.00953	0.01429	0.01965	0.02620	0.05656	0.63265	0.06787	0.03215	0.01310	0.00417	0.00595	0.02917	0.00953	0.00834
41	0.01250	0.00893	0.01191	0.01429	0.01488	0.00834	0.00953	0.01429	0.01965	0.02620	0.05656	0.63265	0.06787	0.03215	0.01310	0.00417	0.00595	0.02917	0.00953	0.00834
42	0.02657	0.02214	0.02996	0.35353	0.05297	0.02610	0.02417	0.20036	0.08825	0.04082	0.02293	0.02765	0.01686	0.01134	0.01028	0.00331	0.01228	0.00943	0.00710	0.01394
43	0.03211	0.03954	0.04297	0.03386	0.04139	0.34562	0.24854	0.03740	0.02694	0.02854	0.01802	0.02256	0.01426	0.00973	0.01051	0.00300	0.01797	0.00904	0.00524	0.01275
44	0.01452	0.01049	0.01372	0.01291	0.01533	0.00968	0.00968	0.01937	0.02905	0.04115	0.56992	0.07666	0.09683	0.02098	0.01210	0.00323	0.00484	0.01856	0.01130	0.00968
45	0.02041	0.01648	0.02346	0.02095	0.02095	0.02149	0.01648	0.01970	0.01468	0.02166	0.01539	0.02631	0.01539	0.02577	0.03652	0.31207	0.35062	0.00895	0.00448	0.00824
46	0.01426	0.01113	0.01303	0.01263	0.01553	0.01029	0.00943	0.01970	0.06191	0.03537	0.32993	0.12007	0.26284	0.02309	0.01207	0.00340	0.00527	0.01994	0.01048	0.00966
47	0.02082	0.01771	0.02076	0.01504	0.02371	0.01341	0.01199	0.02540	0.02181	0.03397	0.05591	0.02506	0.02077	0.00851	0.00791	0.00164	0.00741	0.00693	0.00644	0.65480
48	0.02458	0.17541	0.26283	0.02430	0.03457	0.02453	0.07163	0.03176	0.02241	0.10001	0.02595	0.11001	0.02270	0.01301	0.00979	0.00315	0.01226	0.01095	0.00624	0.01391

[dist]
# distance from previous block
# <min> <max>
0	222

# created by:
# /st0/software/busco_prod/Augustus/scripts/msa2prfl.pl ./align_prep/10517.fa
