[name]
unknown

[dist]
# distance from previous block
# <min> <max>
5	71

[block]
# block no. 0 follows, 12 sequences, length 7
# corresponding to MSA columns:
# 81-87
name=unknown_A
#
# <colnr> <probs for GDERKNQSTAVLIFYWHMCP>
#	G	D	E	R	K	N	Q	S	T	A	V	L	I	F	Y	W	H	M	C	P
0	0.03062	0.01714	0.02143	0.01768	0.02430	0.01528	0.01388	0.03796	0.08830	0.22809	0.09104	0.13061	0.04008	0.01654	0.01094	0.00315	0.00801	0.01413	0.01077	0.18007
1	0.02372	0.01669	0.02043	0.07273	0.02622	0.01581	0.01343	0.07596	0.02530	0.08428	0.08007	0.04928	0.06340	0.18635	0.02325	0.00501	0.00954	0.01246	0.00820	0.18788
2	0.03785	0.01970	0.02751	0.02159	0.02889	0.01872	0.06674	0.10111	0.05829	0.30789	0.06583	0.07074	0.03194	0.01465	0.01111	0.00339	0.00974	0.01264	0.07539	0.01628
3	0.02317	0.01410	0.01733	0.01627	0.01943	0.01391	0.01185	0.08272	0.02528	0.11642	0.04960	0.23590	0.09064	0.14894	0.07691	0.00658	0.01054	0.01950	0.00963	0.01127
4	0.01702	0.01238	0.01621	0.01545	0.01629	0.01369	0.01089	0.01850	0.01912	0.02682	0.13319	0.05912	0.04533	0.27745	0.12644	0.07800	0.08407	0.01455	0.00717	0.00832
5	0.03034	0.21934	0.07890	0.02042	0.02994	0.07782	0.01875	0.08263	0.02687	0.07676	0.02041	0.02227	0.01620	0.00990	0.00860	0.00241	0.01143	0.00714	0.00668	0.23323
6	0.26827	0.02781	0.02338	0.07398	0.03064	0.14885	0.01679	0.09084	0.02744	0.09251	0.02997	0.03127	0.07051	0.01296	0.00940	0.00329	0.01179	0.00927	0.00782	0.01321

[dist]
# distance from previous block
# <min> <max>
0	1

[block]
# block no. 1 follows, 12 sequences, length 17
# corresponding to MSA columns:
# 89-105
name=unknown_B
#
# <colnr> <probs for GDERKNQSTAVLIFYWHMCP>
#	G	D	E	R	K	N	Q	S	T	A	V	L	I	F	Y	W	H	M	C	P
0	0.02615	0.03342	0.19230	0.02575	0.03539	0.02500	0.06375	0.13794	0.14450	0.04452	0.07593	0.04059	0.07732	0.01442	0.01128	0.00351	0.01187	0.01212	0.00858	0.01566
1	0.01328	0.00949	0.01265	0.01518	0.01581	0.00886	0.01012	0.01518	0.02088	0.02783	0.06010	0.60969	0.07212	0.03416	0.01392	0.00443	0.00633	0.03100	0.01012	0.00886
2	0.01542	0.01050	0.01252	0.01293	0.01320	0.01057	0.00780	0.01607	0.01681	0.02259	0.03803	0.15540	0.04376	0.47518	0.09519	0.01021	0.01156	0.01792	0.00710	0.00725
3	0.08013	0.02248	0.02821	0.02747	0.11178	0.02227	0.01893	0.10706	0.11705	0.20825	0.03204	0.03121	0.02278	0.01204	0.01024	0.00314	0.00989	0.00984	0.00994	0.11526
4	0.01967	0.01210	0.01646	0.01606	0.01739	0.01303	0.01144	0.02215	0.09761	0.02433	0.02481	0.03604	0.02269	0.04177	0.12958	0.45823	0.01276	0.01031	0.00595	0.00762
5	0.02385	0.02385	0.03340	0.02863	0.02863	0.03340	0.02385	0.02624	0.01670	0.02624	0.01431	0.02385	0.01431	0.01908	0.03578	0.00477	0.59685	0.00954	0.00477	0.01193
6	0.02105	0.01804	0.02075	0.01533	0.02405	0.01368	0.01217	0.02556	0.02297	0.03455	0.03403	0.03585	0.10112	0.01122	0.00885	0.00195	0.00766	0.00912	0.00705	0.57500
7	0.02406	0.01490	0.01802	0.01700	0.02054	0.01502	0.01241	0.03333	0.14467	0.13402	0.09534	0.22616	0.05189	0.11814	0.01926	0.00494	0.00801	0.01916	0.01062	0.01251
8	0.01974	0.01331	0.01525	0.01497	0.01703	0.01360	0.01037	0.09705	0.02459	0.03450	0.04292	0.26160	0.04655	0.20168	0.02485	0.00577	0.00831	0.01965	0.11832	0.00995
9	0.01646	0.01191	0.01621	0.01851	0.02080	0.01165	0.01555	0.02077	0.02437	0.03156	0.06249	0.20318	0.10414	0.03059	0.01469	0.00481	0.00904	0.36342	0.01006	0.00977
10	0.03527	0.02580	0.02811	0.02282	0.03020	0.02846	0.01842	0.29305	0.20158	0.09469	0.07535	0.03613	0.03076	0.01442	0.01113	0.00343	0.01016	0.01151	0.01124	0.01746
11	0.12606	0.01282	0.01415	0.01406	0.01748	0.01230	0.01043	0.02213	0.02401	0.07975	0.13928	0.24672	0.19155	0.02491	0.01207	0.00381	0.00652	0.02133	0.01016	0.01048
12	0.36780	0.01981	0.02072	0.01690	0.02450	0.02020	0.01394	0.04271	0.02495	0.30544	0.02925	0.02752	0.01948	0.01183	0.00888	0.00337	0.00886	0.00846	0.01016	0.01522
13	0.01528	0.01086	0.01281	0.01281	0.01382	0.01091	0.00823	0.01650	0.01775	0.02339	0.04677	0.07187	0.12608	0.41204	0.14593	0.01067	0.01321	0.01633	0.00708	0.00766
14	0.24061	0.01523	0.01579	0.01491	0.01955	0.01532	0.01142	0.02779	0.02279	0.13310	0.05187	0.21593	0.13344	0.02129	0.01085	0.00375	0.00741	0.01763	0.00965	0.01168
15	0.16605	0.01331	0.01475	0.01444	0.01780	0.01339	0.01079	0.02454	0.02430	0.08195	0.18598	0.22593	0.05986	0.02172	0.01120	0.00364	0.00657	0.01861	0.07435	0.01084
16	0.01660	0.01011	0.01154	0.01229	0.01333	0.00992	0.00799	0.01887	0.01971	0.02970	0.04240	0.22070	0.04534	0.24054	0.02704	0.00604	0.00746	0.01843	0.23352	0.00847

[dist]
# distance from previous block
# <min> <max>
0	1

[block]
# block no. 2 follows, 12 sequences, length 13
# corresponding to MSA columns:
# 107-119
name=unknown_C
#
# <colnr> <probs for GDERKNQSTAVLIFYWHMCP>
#	G	D	E	R	K	N	Q	S	T	A	V	L	I	F	Y	W	H	M	C	P
0	0.20380	0.02235	0.02301	0.01943	0.02663	0.02422	0.01556	0.08688	0.23605	0.12084	0.03268	0.03125	0.02392	0.01261	0.00965	0.00333	0.00891	0.00969	0.00986	0.07933
1	0.02325	0.03198	0.23411	0.06283	0.03548	0.01995	0.02501	0.03431	0.09651	0.09410	0.04204	0.13776	0.08188	0.01727	0.01145	0.00368	0.01137	0.01461	0.00809	0.01432
2	0.52566	0.02216	0.01950	0.01647	0.02370	0.02483	0.01358	0.10361	0.02472	0.11022	0.01997	0.02117	0.01453	0.01094	0.00783	0.00336	0.00904	0.00705	0.00812	0.01355
3	0.02802	0.01741	0.02052	0.01746	0.02275	0.01715	0.01373	0.15288	0.03398	0.14616	0.17707	0.12366	0.14264	0.02052	0.01211	0.00354	0.00793	0.01734	0.01145	0.01368
4	0.07366	0.01270	0.01580	0.01527	0.01856	0.01204	0.01170	0.02429	0.02528	0.10989	0.19305	0.15957	0.11772	0.02508	0.01553	0.07238	0.00722	0.06927	0.01032	0.01065
5	0.02886	0.01664	0.01960	0.01708	0.02262	0.01597	0.01335	0.07634	0.09980	0.20219	0.06519	0.14016	0.19456	0.02101	0.01200	0.00366	0.00783	0.01769	0.01140	0.01407
6	0.26557	0.02144	0.02343	0.01865	0.02657	0.02189	0.01540	0.12392	0.03033	0.30217	0.03075	0.02870	0.02043	0.01229	0.00953	0.00336	0.00945	0.00906	0.01078	0.01627
7	0.01772	0.01158	0.01432	0.01378	0.01693	0.01031	0.01027	0.02152	0.02745	0.08866	0.28539	0.17539	0.21571	0.02498	0.01286	0.00367	0.00587	0.02173	0.01129	0.01057
8	0.02295	0.02020	0.03121	0.16311	0.18002	0.02291	0.02519	0.06102	0.02405	0.03311	0.02750	0.04561	0.02555	0.02513	0.09542	0.00586	0.08247	0.08897	0.00644	0.01326
9	0.02126	0.01290	0.01555	0.01479	0.01704	0.01270	0.01007	0.02590	0.07249	0.10439	0.09968	0.15797	0.05010	0.29954	0.03247	0.00695	0.00883	0.01787	0.00928	0.01022
10	0.02059	0.01938	0.03270	0.59060	0.07510	0.02422	0.03028	0.02786	0.02180	0.02786	0.01938	0.02907	0.01453	0.01090	0.01090	0.00363	0.01453	0.00969	0.00484	0.01211
11	0.03189	0.02276	0.02842	0.07629	0.03329	0.02491	0.01944	0.12600	0.10117	0.14154	0.02779	0.02955	0.02064	0.01351	0.01545	0.00339	0.12849	0.00972	0.00882	0.13693
12	0.01788	0.01637	0.01658	0.01875	0.06100	0.07353	0.01188	0.02017	0.02270	0.02753	0.06472	0.20057	0.22440	0.14960	0.02156	0.00517	0.00896	0.02050	0.00849	0.00963

[dist]
# distance from previous block
# <min> <max>
0	1

[block]
# block no. 3 follows, 12 sequences, length 35
# corresponding to MSA columns:
# 121-155
name=unknown_D
#
# <colnr> <probs for GDERKNQSTAVLIFYWHMCP>
#	G	D	E	R	K	N	Q	S	T	A	V	L	I	F	Y	W	H	M	C	P
0	0.02658	0.20629	0.22534	0.02251	0.03428	0.02676	0.02465	0.03378	0.02339	0.07886	0.02034	0.02258	0.01566	0.00974	0.00884	0.00264	0.01209	0.00725	0.00591	0.19252
1	0.54339	0.09271	0.02270	0.01604	0.02331	0.02769	0.01360	0.08554	0.02262	0.04840	0.01640	0.01863	0.01281	0.01036	0.00724	0.00324	0.00921	0.00633	0.00697	0.01281
2	0.02480	0.01946	0.02653	0.06590	0.03101	0.01973	0.05581	0.08312	0.06719	0.07601	0.03453	0.18201	0.03319	0.01774	0.01336	0.00344	0.05946	0.01517	0.00849	0.16307
3	0.02967	0.11462	0.15161	0.08884	0.03728	0.02467	0.02335	0.07297	0.06850	0.14131	0.06349	0.03158	0.02507	0.01213	0.01015	0.00315	0.01154	0.00969	0.00811	0.07229
4	0.02059	0.01938	0.03270	0.59060	0.07510	0.02422	0.03028	0.02786	0.02180	0.02786	0.01938	0.02907	0.01453	0.01090	0.01090	0.00363	0.01453	0.00969	0.00484	0.01211
5	0.01656	0.01240	0.01554	0.01487	0.01765	0.01210	0.01109	0.02435	0.08813	0.04218	0.43090	0.13542	0.09130	0.02273	0.01277	0.00357	0.00568	0.02011	0.01169	0.01095
6	0.02806	0.02325	0.03607	0.28859	0.12332	0.02644	0.06287	0.11547	0.02800	0.07974	0.02245	0.02855	0.01676	0.01186	0.01304	0.00359	0.06054	0.01004	0.00673	0.01464
7	0.04892	0.01856	0.02530	0.01940	0.02783	0.01603	0.01603	0.05314	0.03121	0.55634	0.04302	0.03711	0.02699	0.01350	0.01096	0.00337	0.00928	0.01096	0.01350	0.01856
8	0.01336	0.01043	0.01172	0.01263	0.01480	0.00923	0.00876	0.01550	0.02242	0.02795	0.08385	0.28303	0.31812	0.09550	0.01800	0.00472	0.00637	0.02509	0.00973	0.00879
9	0.02063	0.01513	0.02375	0.02033	0.02354	0.01518	0.09310	0.02462	0.09774	0.02698	0.03415	0.04212	0.08235	0.02833	0.02930	0.38500	0.01035	0.01206	0.00649	0.00886
10	0.02733	0.02478	0.02498	0.11483	0.03410	0.10821	0.01838	0.10273	0.16699	0.04211	0.12897	0.04137	0.03819	0.01465	0.01091	0.00335	0.01084	0.01198	0.06134	0.01396
11	0.02385	0.02385	0.03340	0.02863	0.02863	0.03340	0.02385	0.02624	0.01670	0.02624	0.01431	0.02385	0.01431	0.01908	0.03578	0.00477	0.59685	0.00954	0.00477	0.01193
12	0.03979	0.01645	0.02244	0.01881	0.02535	0.01450	0.01526	0.04373	0.02889	0.41439	0.04736	0.13735	0.03811	0.01862	0.01189	0.00372	0.00890	0.06579	0.01258	0.01607
13	0.15611	0.01369	0.01521	0.01445	0.01799	0.01350	0.01063	0.02485	0.02217	0.11315	0.08421	0.17528	0.11994	0.09289	0.01910	0.06212	0.00776	0.01725	0.00923	0.01048
14	0.01544	0.01148	0.01405	0.01468	0.01695	0.01093	0.01073	0.02010	0.06214	0.03248	0.16729	0.25484	0.18437	0.02868	0.01562	0.05855	0.00658	0.05532	0.01015	0.00963
15	0.02991	0.03569	0.05502	0.04098	0.05050	0.17951	0.37322	0.03733	0.02717	0.03263	0.02061	0.02670	0.01585	0.00976	0.01202	0.00343	0.01874	0.01124	0.00554	0.01413
16	0.03083	0.01890	0.02237	0.01869	0.02449	0.01907	0.01483	0.16279	0.07305	0.16835	0.18675	0.09322	0.08261	0.01839	0.01184	0.00348	0.00833	0.01548	0.01173	0.01480
17	0.02664	0.01490	0.02114	0.13576	0.03244	0.01471	0.01664	0.03077	0.02521	0.19938	0.05153	0.20673	0.09731	0.02158	0.01232	0.00389	0.00921	0.05691	0.01011	0.01281
18	0.29769	0.02061	0.02238	0.01795	0.02576	0.02088	0.01481	0.08601	0.02811	0.31652	0.03075	0.02863	0.02036	0.01215	0.00933	0.00336	0.00919	0.00890	0.01065	0.01594
19	0.14475	0.01442	0.01525	0.01511	0.01841	0.01509	0.01109	0.02610	0.10158	0.03702	0.13708	0.21444	0.11273	0.07058	0.01516	0.00435	0.00713	0.01922	0.00968	0.01084
20	0.02816	0.01484	0.01841	0.01601	0.02018	0.01398	0.01189	0.07062	0.02717	0.20286	0.11756	0.12015	0.08244	0.17852	0.02354	0.00543	0.00866	0.01651	0.01061	0.01245
21	0.02150	0.01081	0.01173	0.01147	0.01402	0.01057	0.00835	0.02568	0.02254	0.07763	0.03786	0.08705	0.03259	0.08518	0.01397	0.00369	0.00615	0.01247	0.49644	0.01030
22	0.02091	0.01183	0.01499	0.01403	0.01688	0.01075	0.01017	0.02261	0.02381	0.11640	0.16251	0.11172	0.16706	0.09564	0.02326	0.13294	0.00746	0.01755	0.00965	0.00980
23	0.02388	0.01475	0.01792	0.01684	0.02050	0.01467	0.01261	0.08427	0.06940	0.11472	0.12880	0.27451	0.05715	0.02325	0.01217	0.00375	0.00731	0.02037	0.07069	0.01244
24	0.12157	0.01205	0.01292	0.01355	0.01632	0.01204	0.01012	0.02125	0.02273	0.03606	0.09754	0.23301	0.12114	0.02323	0.01121	0.00368	0.00643	0.05314	0.16214	0.00988
25	0.69383	0.02109	0.01603	0.01434	0.02109	0.02446	0.01181	0.03205	0.01856	0.04892	0.01518	0.01771	0.01181	0.01012	0.00675	0.00337	0.00843	0.00590	0.00675	0.01181
26	0.07986	0.01239	0.01412	0.01340	0.01529	0.01226	0.00881	0.02195	0.01994	0.08628	0.09512	0.10385	0.04557	0.38265	0.03811	0.00784	0.00929	0.01600	0.00828	0.00900
27	0.11151	0.01267	0.01595	0.01524	0.01793	0.01356	0.01155	0.02303	0.01944	0.06800	0.06534	0.03924	0.02885	0.04350	0.21375	0.17952	0.01534	0.01072	0.08538	0.00948
28	0.04135	0.01804	0.02371	0.01870	0.02595	0.01635	0.01524	0.08535	0.03284	0.40874	0.14522	0.04537	0.04200	0.01528	0.01135	0.00338	0.00865	0.01268	0.01297	0.01684
29	0.01307	0.01105	0.01130	0.01124	0.01484	0.00928	0.00843	0.01601	0.02529	0.03050	0.14210	0.10322	0.51207	0.02722	0.01288	0.00366	0.00550	0.02277	0.01026	0.00928
30	0.01558	0.01168	0.01752	0.01752	0.01947	0.01363	0.01363	0.01947	0.01752	0.02531	0.02921	0.04283	0.02726	0.08178	0.57360	0.01752	0.02921	0.01168	0.00584	0.00974
31	0.03233	0.02564	0.09675	0.14710	0.04465	0.02331	0.09794	0.03865	0.02516	0.22150	0.02761	0.03052	0.01925	0.01280	0.01504	0.00370	0.10430	0.01042	0.00805	0.01529
32	0.04079	0.05021	0.03105	0.02784	0.03372	0.52884	0.02104	0.08197	0.03257	0.03013	0.01762	0.02020	0.01441	0.01139	0.00992	0.00285	0.01903	0.00725	0.00605	0.01312
33	0.02699	0.02591	0.04426	0.06693	0.54879	0.02591	0.03346	0.03346	0.02483	0.03562	0.02051	0.02699	0.01727	0.00972	0.01079	0.00324	0.01295	0.00972	0.00540	0.01727
34	0.03008	0.02570	0.07119	0.08337	0.03215	0.10195	0.01867	0.07457	0.02973	0.15974	0.10545	0.05063	0.13786	0.01651	0.01135	0.00339	0.01102	0.01339	0.00945	0.01381

[dist]
# distance from previous block
# <min> <max>
0	5

[block]
# block no. 4 follows, 12 sequences, length 20
# corresponding to MSA columns:
# 161-180
name=unknown_E
#
# <colnr> <probs for GDERKNQSTAVLIFYWHMCP>
#	G	D	E	R	K	N	Q	S	T	A	V	L	I	F	Y	W	H	M	C	P
0	0.02242	0.02286	0.02375	0.12328	0.08383	0.12974	0.01817	0.02636	0.02441	0.02945	0.04557	0.17530	0.12801	0.01912	0.01146	0.00342	0.01119	0.01628	0.00744	0.07796
1	0.08750	0.02255	0.03137	0.03629	0.19472	0.02502	0.02260	0.07624	0.02410	0.03676	0.02423	0.10311	0.02341	0.01555	0.01683	0.00364	0.15714	0.01186	0.00666	0.08043
2	0.43776	0.08060	0.02259	0.01717	0.02276	0.07879	0.01396	0.03107	0.01965	0.03969	0.01716	0.02377	0.01522	0.07110	0.01461	0.00406	0.06486	0.00733	0.00624	0.01159
3	0.02872	0.02588	0.04070	0.12790	0.39536	0.02709	0.03078	0.11788	0.02913	0.04049	0.02137	0.02711	0.01714	0.01047	0.01083	0.00330	0.01299	0.00973	0.00630	0.01682
4	0.02994	0.06611	0.02948	0.02079	0.02861	0.01811	0.07079	0.03462	0.02489	0.19184	0.03133	0.08411	0.02565	0.01969	0.06600	0.00428	0.01183	0.01132	0.00864	0.22197
5	0.02385	0.02385	0.03340	0.02863	0.02863	0.03340	0.02385	0.02624	0.01670	0.02624	0.01431	0.02385	0.01431	0.01908	0.03578	0.00477	0.59685	0.00954	0.00477	0.01193
6	0.01552	0.01043	0.01199	0.01232	0.01240	0.01035	0.00707	0.01577	0.01651	0.02202	0.03772	0.14168	0.04388	0.54069	0.05007	0.00977	0.01002	0.01783	0.00707	0.00690
7	0.02484	0.02143	0.02661	0.02972	0.12657	0.02354	0.01974	0.04545	0.32452	0.04198	0.08963	0.05169	0.04041	0.01635	0.01168	0.00374	0.00929	0.06711	0.00996	0.01574
8	0.03757	0.02861	0.03054	0.02430	0.03234	0.03200	0.01979	0.38943	0.18058	0.06246	0.03110	0.03010	0.02253	0.01355	0.01096	0.00339	0.01109	0.01050	0.01096	0.01820
9	0.02224	0.01719	0.01807	0.01783	0.02070	0.06931	0.01293	0.02931	0.11848	0.07097	0.09403	0.27325	0.05174	0.02599	0.01640	0.09257	0.00860	0.01966	0.00959	0.01114
10	0.02385	0.02385	0.03340	0.02863	0.02863	0.03340	0.02385	0.02624	0.01670	0.02624	0.01431	0.02385	0.01431	0.01908	0.03578	0.00477	0.59685	0.00954	0.00477	0.01193
11	0.35658	0.02340	0.02309	0.01869	0.02640	0.02546	0.01542	0.18194	0.03119	0.16499	0.02455	0.02448	0.01714	0.01175	0.00892	0.00334	0.00970	0.00819	0.00947	0.01531
12	0.02478	0.02229	0.03737	0.05473	0.42585	0.02220	0.02802	0.02966	0.02404	0.03425	0.07241	0.03322	0.02603	0.01465	0.01516	0.09203	0.01172	0.01068	0.00597	0.01494
13	0.01539	0.01076	0.01335	0.01315	0.01453	0.01026	0.00884	0.01823	0.02408	0.03343	0.29931	0.12779	0.07537	0.25456	0.02954	0.00630	0.00737	0.01929	0.00973	0.00872
14	0.69383	0.02109	0.01603	0.01434	0.02109	0.02446	0.01181	0.03205	0.01856	0.04892	0.01518	0.01771	0.01181	0.01012	0.00675	0.00337	0.00843	0.00590	0.00675	0.01181
15	0.02310	0.01231	0.01605	0.01565	0.01898	0.01098	0.01150	0.02604	0.02513	0.17288	0.10704	0.33923	0.12444	0.02659	0.01288	0.00395	0.00691	0.02347	0.01121	0.01167
16	0.02803	0.01348	0.01791	0.01609	0.02038	0.01210	0.01229	0.03193	0.02777	0.23646	0.18741	0.20639	0.06067	0.02157	0.01210	0.00363	0.00705	0.01885	0.05282	0.01307
17	0.03509	0.02470	0.02546	0.02191	0.02871	0.07658	0.01725	0.05508	0.32898	0.19959	0.04130	0.03756	0.02950	0.01405	0.01093	0.00351	0.00990	0.01140	0.01130	0.01721
18	0.01646	0.01240	0.01436	0.01499	0.01668	0.01261	0.01010	0.02289	0.10835	0.02901	0.05417	0.29548	0.10021	0.21082	0.02622	0.00613	0.00797	0.02229	0.00920	0.00966
19	0.17240	0.01385	0.01503	0.01464	0.01831	0.01381	0.01111	0.02431	0.02346	0.08786	0.12805	0.17810	0.13031	0.06931	0.01502	0.00434	0.00740	0.05231	0.00970	0.01068

[dist]
# distance from previous block
# <min> <max>
0	1

[block]
# block no. 5 follows, 12 sequences, length 20
# corresponding to MSA columns:
# 182-201
name=unknown_F
#
# <colnr> <probs for GDERKNQSTAVLIFYWHMCP>
#	G	D	E	R	K	N	Q	S	T	A	V	L	I	F	Y	W	H	M	C	P
0	0.02158	0.01421	0.01751	0.01680	0.01981	0.01411	0.01247	0.09922	0.02847	0.07940	0.15299	0.27834	0.06289	0.08030	0.01690	0.00455	0.00785	0.05069	0.01058	0.01134
1	0.08741	0.01822	0.02032	0.01851	0.02341	0.01952	0.01422	0.07015	0.20725	0.10069	0.12321	0.16411	0.04893	0.01940	0.01154	0.00372	0.00786	0.01654	0.01089	0.01409
2	0.01852	0.01193	0.01436	0.01401	0.01654	0.01143	0.01004	0.02358	0.05727	0.07162	0.20460	0.17289	0.10945	0.11773	0.01903	0.00470	0.00678	0.01940	0.08579	0.01034
3	0.18995	0.01598	0.01830	0.01626	0.02171	0.01544	0.01268	0.03422	0.02476	0.24137	0.04729	0.19578	0.08361	0.01966	0.01094	0.00369	0.00792	0.01636	0.01065	0.01342
4	0.04068	0.02144	0.02620	0.02128	0.02879	0.02140	0.01760	0.17193	0.08488	0.30753	0.04059	0.04579	0.03004	0.01569	0.01150	0.00359	0.01004	0.07158	0.01212	0.01731
5	0.01898	0.01540	0.01891	0.01571	0.02176	0.01268	0.01203	0.02321	0.02309	0.03435	0.11174	0.14694	0.04185	0.02263	0.06577	0.00402	0.00936	0.01381	0.00799	0.37978
6	0.02715	0.01469	0.01889	0.01723	0.02189	0.01330	0.01294	0.03243	0.06479	0.20381	0.04864	0.31007	0.04788	0.02289	0.01206	0.00371	0.00768	0.02016	0.01089	0.08889
7	0.07810	0.01105	0.01336	0.01436	0.01569	0.01097	0.00991	0.01716	0.01904	0.02728	0.04702	0.27655	0.08704	0.12491	0.02592	0.14797	0.00803	0.04955	0.00811	0.00801
8	0.69383	0.02109	0.01603	0.01434	0.02109	0.02446	0.01181	0.03205	0.01856	0.04892	0.01518	0.01771	0.01181	0.01012	0.00675	0.00337	0.00843	0.00590	0.00675	0.01181
9	0.02537	0.08284	0.02245	0.01684	0.02127	0.01661	0.01321	0.06610	0.02836	0.14589	0.18211	0.23070	0.06034	0.02208	0.01199	0.00360	0.00767	0.01916	0.01079	0.01263
10	0.01630	0.01110	0.01359	0.01356	0.01603	0.01003	0.00972	0.01949	0.02544	0.06458	0.23568	0.21312	0.19587	0.08468	0.01722	0.00444	0.00631	0.02241	0.01063	0.00979
11	0.14666	0.02724	0.02895	0.02252	0.03089	0.02966	0.01860	0.36701	0.04304	0.13858	0.02694	0.02646	0.01873	0.01268	0.01025	0.00330	0.01102	0.00936	0.01063	0.01747
12	0.01586	0.01057	0.01189	0.01189	0.01189	0.01057	0.00661	0.01586	0.01586	0.02114	0.03436	0.07135	0.03964	0.61681	0.05550	0.01057	0.01057	0.01586	0.00661	0.00661
13	0.10346	0.02565	0.03528	0.19576	0.27328	0.07858	0.02770	0.03416	0.02435	0.07080	0.02083	0.02649	0.01628	0.01050	0.01028	0.00333	0.01328	0.00910	0.00599	0.01489
14	0.02811	0.02077	0.03390	0.34456	0.17831	0.02289	0.02802	0.03455	0.02452	0.14155	0.02465	0.03027	0.01782	0.01117	0.01089	0.00348	0.01304	0.00997	0.00681	0.01471
15	0.01605	0.01211	0.01521	0.01694	0.01870	0.01225	0.01224	0.02297	0.10252	0.03130	0.05728	0.45520	0.06469	0.03054	0.01362	0.00439	0.00718	0.08618	0.01027	0.01035
16	0.69383	0.02109	0.01603	0.01434	0.02109	0.02446	0.01181	0.03205	0.01856	0.04892	0.01518	0.01771	0.01181	0.01012	0.00675	0.00337	0.00843	0.00590	0.00675	0.01181
17	0.01401	0.01050	0.01311	0.01445	0.01638	0.00959	0.01052	0.01700	0.02396	0.03132	0.14971	0.34196	0.19618	0.03014	0.01362	0.00415	0.00635	0.07735	0.01041	0.00931
18	0.01882	0.01154	0.01405	0.01426	0.01731	0.01013	0.01035	0.02142	0.02406	0.11279	0.07684	0.32321	0.24747	0.02833	0.01305	0.00397	0.00649	0.02471	0.01066	0.01054
19	0.02825	0.07193	0.04284	0.12388	0.09285	0.02671	0.17502	0.04111	0.14725	0.09460	0.02871	0.03179	0.02132	0.01137	0.01125	0.00349	0.01334	0.01116	0.00758	0.01553

[dist]
# distance from previous block
# <min> <max>
4	11

[block]
# block no. 6 follows, 12 sequences, length 35
# corresponding to MSA columns:
# 215-249
name=unknown_G
#
# <colnr> <probs for GDERKNQSTAVLIFYWHMCP>
#	G	D	E	R	K	N	Q	S	T	A	V	L	I	F	Y	W	H	M	C	P
0	0.02311	0.06982	0.10264	0.26893	0.12153	0.02649	0.06887	0.03016	0.02224	0.03050	0.01895	0.02626	0.01503	0.01106	0.01303	0.00344	0.07337	0.00924	0.00504	0.06028
1	0.02432	0.01408	0.02072	0.08191	0.02593	0.01539	0.01516	0.02501	0.01935	0.12129	0.02694	0.06807	0.02386	0.03482	0.11093	0.27076	0.07336	0.01139	0.00685	0.00985
2	0.02438	0.02054	0.03369	0.14308	0.04045	0.02367	0.10617	0.02939	0.02282	0.08954	0.07839	0.09365	0.03113	0.01693	0.01931	0.00402	0.18939	0.01356	0.00718	0.01271
3	0.03406	0.02122	0.02810	0.02522	0.08621	0.02013	0.01827	0.07433	0.02739	0.22218	0.02781	0.02869	0.02009	0.01192	0.01302	0.00294	0.08149	0.00906	0.00898	0.23890
4	0.02344	0.08765	0.03346	0.23270	0.04601	0.02472	0.07076	0.07921	0.07279	0.03371	0.02918	0.11430	0.02697	0.06094	0.01453	0.00411	0.01231	0.01334	0.00699	0.01285
5	0.01543	0.01223	0.01403	0.01360	0.01685	0.01146	0.01017	0.02199	0.07835	0.03698	0.28207	0.12509	0.27248	0.02455	0.01277	0.00363	0.00574	0.02112	0.01101	0.01045
6	0.02699	0.02591	0.04426	0.06693	0.54879	0.02591	0.03346	0.03346	0.02483	0.03562	0.02051	0.02699	0.01727	0.00972	0.01079	0.00324	0.01295	0.00972	0.00540	0.01727
7	0.02741	0.01564	0.02467	0.08197	0.08051	0.01542	0.04503	0.02842	0.02102	0.15374	0.02638	0.03578	0.02173	0.06901	0.02762	0.28615	0.01091	0.01057	0.00714	0.01088
8	0.08715	0.01566	0.01846	0.01754	0.02158	0.01637	0.01327	0.03374	0.14211	0.11920	0.08626	0.22747	0.04808	0.02790	0.06891	0.00524	0.00976	0.01815	0.01029	0.01286
9	0.02385	0.02385	0.03340	0.02863	0.02863	0.03340	0.02385	0.02624	0.01670	0.02624	0.01431	0.02385	0.01431	0.01908	0.03578	0.00477	0.59685	0.00954	0.00477	0.01193
10	0.02059	0.01938	0.03270	0.59060	0.07510	0.02422	0.03028	0.02786	0.02180	0.02786	0.01938	0.02907	0.01453	0.01090	0.01090	0.00363	0.01453	0.00969	0.00484	0.01211
11	0.02542	0.02298	0.02960	0.11890	0.09904	0.10524	0.07245	0.03026	0.02571	0.08127	0.09041	0.17630	0.04022	0.01785	0.01190	0.00361	0.01200	0.01608	0.00802	0.01272
12	0.09236	0.01748	0.02034	0.01753	0.02284	0.01745	0.01375	0.12865	0.03163	0.16566	0.14751	0.15614	0.08397	0.01982	0.01164	0.00359	0.00808	0.01671	0.01114	0.01372
13	0.39957	0.02422	0.02287	0.01866	0.02627	0.02700	0.01539	0.20570	0.03144	0.10411	0.02175	0.02258	0.01565	0.01150	0.00863	0.00334	0.00979	0.00778	0.00887	0.01485
14	0.02308	0.01443	0.01879	0.01786	0.02083	0.01488	0.01344	0.02896	0.07576	0.13513	0.12981	0.29300	0.05847	0.02466	0.01514	0.00402	0.06784	0.02113	0.01064	0.01215
15	0.02219	0.01243	0.01661	0.01572	0.01908	0.01158	0.01185	0.02590	0.02592	0.15068	0.19573	0.20903	0.10079	0.03234	0.09232	0.00570	0.00983	0.01988	0.01082	0.01160
16	0.03528	0.01868	0.02299	0.01919	0.02573	0.01849	0.01530	0.04829	0.19230	0.29031	0.14170	0.04698	0.04394	0.01564	0.01138	0.00349	0.00826	0.01313	0.01243	0.01651
17	0.01786	0.01129	0.01581	0.01565	0.01672	0.01181	0.01156	0.01710	0.01863	0.02502	0.08691	0.05543	0.09125	0.03622	0.07140	0.37227	0.05090	0.06024	0.00671	0.00721
18	0.02204	0.01307	0.01557	0.01493	0.01793	0.01266	0.01087	0.06937	0.02581	0.09932	0.08455	0.24472	0.08600	0.08975	0.01662	0.00440	0.00733	0.01960	0.13437	0.01108
19	0.09263	0.01154	0.01408	0.01544	0.01740	0.01120	0.01080	0.02022	0.02147	0.07395	0.05364	0.49584	0.06161	0.02975	0.01287	0.00422	0.00681	0.02652	0.01002	0.00999
20	0.36546	0.02216	0.02219	0.01802	0.02568	0.02368	0.01487	0.13298	0.02891	0.21032	0.02598	0.02540	0.01784	0.01175	0.00887	0.00335	0.00940	0.00824	0.00966	0.01523
21	0.01790	0.01144	0.01472	0.01491	0.01754	0.01049	0.01130	0.02077	0.02502	0.07568	0.18481	0.19132	0.17092	0.02787	0.01628	0.07297	0.00698	0.08893	0.01031	0.00985
22	0.02090	0.01216	0.01588	0.01483	0.01818	0.01097	0.01114	0.02506	0.02852	0.13270	0.32478	0.17821	0.11696	0.02342	0.01272	0.00363	0.00615	0.02058	0.01176	0.01143
23	0.03629	0.02138	0.02493	0.02102	0.02813	0.02245	0.01674	0.05592	0.31965	0.26046	0.04381	0.03918	0.03064	0.01425	0.01104	0.00356	0.00890	0.01175	0.01210	0.01780
24	0.02701	0.01486	0.01806	0.01628	0.02158	0.01354	0.01317	0.03296	0.06878	0.20935	0.07354	0.07967	0.24810	0.02219	0.01245	0.00380	0.00779	0.09240	0.01133	0.01317
25	0.02945	0.02994	0.09604	0.03066	0.03974	0.02779	0.16790	0.18104	0.14556	0.04686	0.03066	0.07062	0.02446	0.01347	0.01169	0.00359	0.01321	0.01258	0.00860	0.01617
26	0.01590	0.01186	0.01518	0.01710	0.01881	0.01189	0.01260	0.02202	0.08405	0.03105	0.05766	0.43515	0.06534	0.03092	0.01382	0.00447	0.00741	0.12442	0.01022	0.01014
27	0.11996	0.07639	0.02878	0.14173	0.03720	0.02140	0.01883	0.04317	0.02677	0.33003	0.03187	0.03114	0.02122	0.01213	0.01006	0.00333	0.01053	0.00958	0.00997	0.01591
28	0.01684	0.01273	0.01507	0.01595	0.01764	0.01317	0.01087	0.02454	0.12921	0.03016	0.05094	0.36646	0.05647	0.16060	0.02263	0.00565	0.00777	0.02358	0.00954	0.01016
29	0.16641	0.01922	0.02118	0.01725	0.02401	0.01860	0.01369	0.02853	0.04932	0.03709	0.02435	0.09463	0.02285	0.01321	0.01149	0.00278	0.06782	0.00999	0.00706	0.35053
30	0.02450	0.09731	0.03631	0.02740	0.02855	0.03459	0.02322	0.02703	0.01737	0.02617	0.01442	0.02308	0.01427	0.01789	0.03226	0.00447	0.52515	0.00909	0.00476	0.01218
31	0.02656	0.08763	0.02673	0.01724	0.02606	0.01967	0.01427	0.08810	0.02692	0.07559	0.03084	0.03201	0.07146	0.01124	0.00901	0.00224	0.00878	0.00883	0.00769	0.40915
32	0.04241	0.02161	0.02652	0.02044	0.02892	0.02053	0.01675	0.14928	0.07268	0.34832	0.03660	0.03325	0.02433	0.01284	0.01061	0.00316	0.00967	0.01027	0.01189	0.09992
33	0.01771	0.01386	0.01640	0.01557	0.01892	0.01399	0.01170	0.02833	0.14627	0.04119	0.33556	0.12439	0.12915	0.02220	0.01255	0.00361	0.00611	0.01939	0.01142	0.01168
34	0.16719	0.06752	0.02349	0.05406	0.06480	0.02018	0.01516	0.02977	0.07243	0.06018	0.03079	0.14125	0.02990	0.06064	0.01502	0.04198	0.00924	0.01311	0.00763	0.07566

[dist]
# distance from previous block
# <min> <max>
0	4

[block]
# block no. 7 follows, 12 sequences, length 16
# corresponding to MSA columns:
# 254-269
name=unknown_H
#
# <colnr> <probs for GDERKNQSTAVLIFYWHMCP>
#	G	D	E	R	K	N	Q	S	T	A	V	L	I	F	Y	W	H	M	C	P
0	0.07573	0.08953	0.03200	0.08187	0.11774	0.02340	0.06021	0.03177	0.09574	0.03471	0.08689	0.03979	0.03171	0.07703	0.07165	0.00545	0.01292	0.01157	0.00714	0.01315
1	0.47580	0.02476	0.01936	0.01692	0.02382	0.08839	0.01355	0.03532	0.06869	0.04443	0.01862	0.02068	0.01460	0.01046	0.00768	0.00313	0.00974	0.00671	0.00699	0.09036
2	0.02960	0.02241	0.07765	0.05339	0.03039	0.02005	0.01913	0.11389	0.08736	0.16010	0.03856	0.12566	0.03332	0.02532	0.07809	0.00535	0.01260	0.04261	0.00978	0.01477
3	0.02109	0.01127	0.01536	0.01587	0.01794	0.01035	0.01119	0.02249	0.02194	0.13026	0.05080	0.41409	0.05558	0.03064	0.01748	0.10216	0.00736	0.02396	0.01001	0.01016
4	0.15596	0.02008	0.02154	0.08438	0.02952	0.02256	0.01595	0.10136	0.17308	0.04375	0.04175	0.08545	0.08801	0.01611	0.01041	0.00355	0.00897	0.01302	0.05083	0.01371
5	0.02526	0.01937	0.02954	0.24714	0.07487	0.02054	0.04948	0.07043	0.02684	0.09606	0.08814	0.08288	0.03190	0.01421	0.01123	0.00340	0.01145	0.01266	0.00786	0.07675
6	0.02842	0.01462	0.01817	0.01624	0.02041	0.01372	0.01209	0.06949	0.02641	0.20909	0.04972	0.20392	0.08179	0.12488	0.01946	0.00488	0.00839	0.01809	0.04758	0.01263
7	0.01825	0.00980	0.01428	0.01411	0.01461	0.00963	0.00963	0.01545	0.01747	0.02380	0.12178	0.04262	0.03541	0.03482	0.03678	0.54946	0.00862	0.01148	0.00616	0.00582
8	0.02759	0.02306	0.04496	0.03333	0.04193	0.02153	0.29573	0.03444	0.02574	0.13547	0.03727	0.04127	0.08111	0.02075	0.07876	0.00525	0.01638	0.01353	0.00765	0.01424
9	0.02899	0.13369	0.02573	0.01620	0.02221	0.01838	0.01347	0.03273	0.02721	0.21309	0.13643	0.10036	0.15063	0.01878	0.01114	0.00333	0.00803	0.01556	0.01053	0.01353
10	0.29662	0.01729	0.01729	0.01569	0.02052	0.01844	0.01205	0.06895	0.02414	0.10201	0.08036	0.14896	0.03751	0.07799	0.01451	0.00431	0.00832	0.01409	0.00903	0.01191
11	0.02177	0.01256	0.01648	0.01550	0.01910	0.01141	0.01207	0.02611	0.02852	0.13981	0.29068	0.14117	0.12136	0.02337	0.01287	0.00375	0.00671	0.07347	0.01167	0.01161
12	0.06468	0.01641	0.01931	0.01740	0.02201	0.01633	0.01317	0.08757	0.07478	0.16897	0.04983	0.22358	0.08346	0.07192	0.01558	0.00436	0.00836	0.01838	0.01068	0.01323
13	0.02022	0.01168	0.01515	0.01427	0.01694	0.01071	0.01037	0.02255	0.02505	0.10675	0.23673	0.12856	0.12173	0.08200	0.02143	0.11053	0.00710	0.01816	0.01013	0.00995
14	0.09564	0.01513	0.01830	0.01694	0.02164	0.01464	0.01319	0.03399	0.06495	0.20665	0.04998	0.21509	0.07161	0.02149	0.01169	0.00382	0.00789	0.05626	0.04790	0.01321
15	0.32930	0.02041	0.02047	0.01711	0.02411	0.02177	0.01395	0.07960	0.07356	0.20002	0.02881	0.02826	0.02025	0.01202	0.00882	0.00333	0.00871	0.00869	0.06605	0.01474

[dist]
# distance from previous block
# <min> <max>
7	44

# created by:
# /st0/software/busco_prod/Augustus/scripts/msa2prfl.pl ./align_prep/10539.fa
