[name]
unknown

[dist]
# distance from previous block
# <min> <max>
0	30

[block]
# block no. 0 follows, 13 sequences, length 122
# corresponding to MSA columns:
# 30-151
name=unknown_A
#
# <colnr> <probs for GDERKNQSTAVLIFYWHMCP>
#	G	D	E	R	K	N	Q	S	T	A	V	L	I	F	Y	W	H	M	C	P
0	0.02335	0.13663	0.35606	0.06703	0.04029	0.02500	0.03024	0.03229	0.02287	0.07142	0.02864	0.03072	0.06786	0.01179	0.00985	0.00321	0.01333	0.00922	0.00566	0.01454
1	0.58210	0.02048	0.01666	0.01459	0.02099	0.02347	0.01197	0.07921	0.02145	0.04866	0.01739	0.01980	0.01337	0.01030	0.00701	0.00320	0.00825	0.00644	0.06269	0.01196
2	0.02039	0.01354	0.01669	0.01676	0.01935	0.01347	0.01210	0.10973	0.02630	0.07487	0.05111	0.47027	0.05729	0.02794	0.01276	0.00402	0.00734	0.02490	0.01020	0.01098
3	0.01997	0.01879	0.03171	0.60301	0.07282	0.02349	0.02936	0.02701	0.02114	0.02701	0.01879	0.02819	0.01409	0.01057	0.01057	0.00352	0.01409	0.00940	0.00470	0.01175
4	0.01478	0.01035	0.01331	0.01381	0.01450	0.01079	0.00913	0.01628	0.01686	0.02304	0.03699	0.17523	0.04139	0.34227	0.20362	0.01102	0.01476	0.01721	0.00689	0.00776
5	0.01997	0.01879	0.03171	0.60301	0.07282	0.02349	0.02936	0.02701	0.02114	0.02701	0.01879	0.02819	0.01409	0.01057	0.01057	0.00352	0.01409	0.00940	0.00470	0.01175
6	0.01318	0.00957	0.01244	0.01420	0.01533	0.00883	0.00971	0.01557	0.02205	0.02952	0.14000	0.49786	0.11095	0.03085	0.01326	0.00409	0.00590	0.02777	0.01010	0.00883
7	0.01717	0.01141	0.01419	0.01314	0.01639	0.01020	0.00998	0.02150	0.02851	0.08466	0.40077	0.08090	0.20701	0.02216	0.01232	0.00338	0.00543	0.01918	0.01131	0.01041
8	0.02827	0.63478	0.05540	0.01809	0.02714	0.04184	0.01809	0.03166	0.02148	0.02488	0.01470	0.01696	0.01357	0.00905	0.00678	0.00226	0.01131	0.00565	0.00452	0.01357
9	0.04744	0.01799	0.02454	0.01881	0.02699	0.01554	0.01554	0.05153	0.03026	0.56979	0.04171	0.03599	0.02617	0.01309	0.01063	0.00327	0.00900	0.01063	0.01309	0.01799
10	0.02539	0.02359	0.03877	0.22084	0.37804	0.02522	0.03061	0.06798	0.02513	0.03473	0.01998	0.02671	0.01606	0.01001	0.01051	0.00326	0.01294	0.00942	0.00548	0.01536
11	0.65288	0.02297	0.05664	0.01510	0.02231	0.02378	0.01348	0.03126	0.01831	0.04641	0.01504	0.01755	0.01159	0.00983	0.00680	0.00328	0.00873	0.00588	0.00639	0.01176
12	0.02317	0.04100	0.30619	0.03768	0.05073	0.02570	0.29278	0.03368	0.02370	0.03368	0.02024	0.02556	0.01478	0.00945	0.01132	0.00346	0.01678	0.01025	0.00493	0.01491
13	0.01474	0.01080	0.01382	0.01306	0.01566	0.00988	0.00980	0.01951	0.02939	0.04113	0.51559	0.08107	0.14185	0.02209	0.01247	0.00335	0.00502	0.01941	0.01147	0.00988
14	0.01427	0.01027	0.01351	0.01377	0.01564	0.00951	0.00992	0.01821	0.02671	0.03728	0.39120	0.25927	0.08985	0.02544	0.01281	0.00365	0.00537	0.02276	0.01103	0.00951
15	0.70310	0.02045	0.01554	0.01390	0.02045	0.02372	0.01145	0.03108	0.01799	0.04744	0.01472	0.01718	0.01145	0.00981	0.00654	0.00327	0.00818	0.00573	0.00654	0.01145
16	0.02026	0.01919	0.03177	0.55019	0.06868	0.02431	0.02879	0.02687	0.02069	0.02687	0.01834	0.02772	0.01407	0.01130	0.01279	0.00362	0.06872	0.00938	0.00469	0.01173
17	0.01310	0.00929	0.01220	0.01445	0.01501	0.00873	0.00952	0.01478	0.01982	0.02643	0.05611	0.57367	0.06720	0.08470	0.01699	0.00481	0.00649	0.02879	0.00952	0.00840
18	0.04744	0.01799	0.02454	0.01881	0.02699	0.01554	0.01554	0.05153	0.03026	0.56979	0.04171	0.03599	0.02617	0.01309	0.01063	0.00327	0.00900	0.01063	0.01309	0.01799
19	0.03826	0.03039	0.07376	0.02581	0.03495	0.03023	0.05909	0.41208	0.04412	0.10529	0.02602	0.02631	0.01820	0.01224	0.01069	0.00322	0.01217	0.00971	0.00995	0.01753
20	0.02276	0.02603	0.08740	0.20362	0.05595	0.02416	0.29823	0.03104	0.02340	0.03232	0.02158	0.02890	0.01623	0.00978	0.01130	0.00344	0.01545	0.01100	0.06415	0.01325
21	0.01279	0.01040	0.01134	0.01178	0.01464	0.00895	0.00858	0.01549	0.02379	0.02943	0.13575	0.20963	0.41527	0.02767	0.01271	0.00370	0.00549	0.02367	0.00998	0.00895
22	0.04403	0.02347	0.02792	0.02141	0.02972	0.02366	0.01769	0.27547	0.03942	0.33291	0.03403	0.03100	0.02232	0.01290	0.01061	0.00323	0.01024	0.01011	0.01190	0.01799
23	0.01736	0.01428	0.01892	0.07018	0.06401	0.01477	0.01520	0.02504	0.09292	0.03297	0.13117	0.11321	0.16700	0.02766	0.06865	0.00507	0.01000	0.09150	0.00900	0.01110
24	0.01951	0.01247	0.01505	0.01431	0.01786	0.01153	0.01074	0.02504	0.06825	0.11298	0.19855	0.19104	0.21432	0.02374	0.01228	0.00362	0.00621	0.02055	0.01085	0.01110
25	0.01285	0.00931	0.01215	0.01442	0.01526	0.00861	0.00968	0.01476	0.02053	0.02711	0.06194	0.58251	0.10657	0.03265	0.01342	0.00424	0.00608	0.02948	0.00982	0.00861
26	0.02441	0.02675	0.05580	0.04079	0.05045	0.02551	0.44463	0.03455	0.06363	0.03446	0.02584	0.03677	0.02093	0.01098	0.01252	0.00367	0.01646	0.05167	0.00611	0.01407
27	0.70310	0.02045	0.01554	0.01390	0.02045	0.02372	0.01145	0.03108	0.01799	0.04744	0.01472	0.01718	0.01145	0.00981	0.00654	0.00327	0.00818	0.00573	0.00654	0.01145
28	0.02617	0.02512	0.04292	0.06490	0.56246	0.02512	0.03245	0.03245	0.02407	0.03454	0.01989	0.02617	0.01675	0.00942	0.01047	0.00314	0.01256	0.00942	0.00523	0.01675
29	0.02827	0.63478	0.05540	0.01809	0.02714	0.04184	0.01809	0.03166	0.02148	0.02488	0.01470	0.01696	0.01357	0.00905	0.00678	0.00226	0.01131	0.00565	0.00452	0.01357
30	0.02617	0.02512	0.04292	0.06490	0.56246	0.02512	0.03245	0.03245	0.02407	0.03454	0.01989	0.02617	0.01675	0.00942	0.01047	0.00314	0.01256	0.00942	0.00523	0.01675
31	0.02192	0.01879	0.02192	0.01566	0.02506	0.01409	0.01253	0.02662	0.02192	0.03445	0.01879	0.02192	0.01566	0.00783	0.00783	0.00157	0.00783	0.00626	0.00626	0.69305
32	0.02503	0.02161	0.02270	0.02052	0.02628	0.02470	0.01594	0.05242	0.49569	0.04279	0.04892	0.04517	0.08056	0.01549	0.01092	0.00358	0.00809	0.01291	0.01067	0.01602
33	0.01515	0.01115	0.01607	0.01607	0.01764	0.01271	0.01206	0.01829	0.01672	0.02386	0.02917	0.04622	0.02847	0.17230	0.49630	0.01585	0.02526	0.01201	0.00579	0.00893
34	0.02827	0.09041	0.08010	0.06102	0.03492	0.15933	0.08727	0.03724	0.10289	0.07120	0.07046	0.07514	0.02890	0.01357	0.01057	0.00323	0.01309	0.01149	0.00739	0.01354
35	0.02173	0.01879	0.02288	0.07327	0.02974	0.01502	0.01418	0.02666	0.02185	0.03372	0.01879	0.02254	0.01551	0.00810	0.00810	0.00176	0.00844	0.00657	0.00611	0.62623
36	0.12748	0.02592	0.02922	0.07715	0.11985	0.10077	0.02131	0.08045	0.06237	0.03531	0.01937	0.02473	0.01609	0.01450	0.01750	0.05427	0.14585	0.00867	0.00616	0.01302
37	0.02977	0.02349	0.03696	0.09365	0.28792	0.02388	0.06134	0.11138	0.02918	0.11143	0.06381	0.03165	0.02413	0.01140	0.01081	0.00324	0.01188	0.01054	0.00757	0.01599
38	0.12841	0.15789	0.15181	0.02054	0.02974	0.07707	0.02049	0.06464	0.02456	0.08217	0.02084	0.02289	0.01590	0.01028	0.00845	0.00279	0.01148	0.00733	0.06211	0.08059
39	0.07544	0.16066	0.15731	0.02471	0.03359	0.02672	0.09678	0.10228	0.02586	0.03639	0.02651	0.13594	0.02510	0.01442	0.01018	0.00329	0.01208	0.01237	0.00668	0.01368
40	0.70310	0.02045	0.01554	0.01390	0.02045	0.02372	0.01145	0.03108	0.01799	0.04744	0.01472	0.01718	0.01145	0.00981	0.00654	0.00327	0.00818	0.00573	0.00654	0.01145
41	0.02827	0.63478	0.05540	0.01809	0.02714	0.04184	0.01809	0.03166	0.02148	0.02488	0.01470	0.01696	0.01357	0.00905	0.00678	0.00226	0.01131	0.00565	0.00452	0.01357
42	0.02291	0.01252	0.01640	0.01462	0.01850	0.01122	0.01124	0.02727	0.02889	0.17461	0.35700	0.10838	0.11266	0.02064	0.01208	0.00340	0.00612	0.01797	0.01174	0.01184
43	0.01457	0.01068	0.01366	0.01315	0.01561	0.00977	0.00977	0.01910	0.02864	0.03991	0.47605	0.12117	0.14253	0.02297	0.01255	0.00342	0.00511	0.02024	0.01133	0.00977
44	0.01458	0.01079	0.01360	0.01290	0.01556	0.00981	0.00967	0.01921	0.02902	0.04024	0.48656	0.08254	0.17144	0.02242	0.01247	0.00336	0.00505	0.01962	0.01135	0.00981
45	0.01496	0.01081	0.01413	0.01330	0.01580	0.00998	0.00998	0.01995	0.02993	0.04240	0.55689	0.07898	0.09976	0.02162	0.01247	0.00333	0.00499	0.01912	0.01164	0.00998
46	0.01631	0.01270	0.01505	0.01413	0.01738	0.01239	0.01069	0.02485	0.11112	0.04007	0.38912	0.07697	0.17599	0.02143	0.01220	0.00341	0.00560	0.01858	0.01115	0.01086
47	0.03950	0.05039	0.02996	0.02724	0.03269	0.58597	0.02043	0.04222	0.02996	0.02588	0.01634	0.01907	0.01362	0.01090	0.00953	0.00272	0.01907	0.00681	0.00545	0.01226
48	0.04512	0.01748	0.02380	0.01842	0.02619	0.01514	0.01514	0.04928	0.03024	0.53219	0.07844	0.03905	0.03142	0.01369	0.01076	0.00328	0.00871	0.01124	0.01298	0.01742
49	0.12902	0.06632	0.03026	0.02685	0.11339	0.02433	0.01901	0.16221	0.03182	0.25021	0.02861	0.02790	0.01975	0.01167	0.00977	0.00315	0.01028	0.00915	0.00972	0.01660
50	0.02385	0.08589	0.18816	0.03649	0.12747	0.02896	0.10706	0.03068	0.02103	0.03044	0.01753	0.02374	0.01454	0.01234	0.01799	0.00366	0.20216	0.00908	0.00479	0.01414
51	0.01451	0.01079	0.01350	0.01282	0.01552	0.00978	0.00962	0.01907	0.02885	0.03984	0.47381	0.08319	0.18444	0.02257	0.01248	0.00337	0.00506	0.01971	0.01130	0.00978
52	0.02367	0.07557	0.18678	0.02435	0.03093	0.02559	0.02429	0.03124	0.05464	0.07248	0.10637	0.03337	0.02956	0.01518	0.01861	0.00370	0.21310	0.01042	0.00671	0.01344
53	0.01367	0.00953	0.01204	0.01372	0.01414	0.00911	0.00874	0.01493	0.01871	0.02494	0.05040	0.44726	0.05999	0.22094	0.02622	0.00617	0.00743	0.02543	0.00874	0.00790
54	0.02766	0.02339	0.02468	0.02179	0.02801	0.02694	0.01707	0.10238	0.49495	0.04643	0.04130	0.03807	0.03087	0.01418	0.01074	0.00355	0.00869	0.01172	0.01074	0.01686
55	0.53883	0.02110	0.01961	0.01725	0.02221	0.02581	0.01427	0.02972	0.01756	0.04212	0.01452	0.01861	0.01204	0.01191	0.01335	0.00360	0.15335	0.00658	0.00608	0.01148
56	0.02422	0.17592	0.11736	0.29039	0.09129	0.07428	0.02756	0.03074	0.02234	0.02792	0.01771	0.02372	0.01403	0.01007	0.00949	0.00310	0.01394	0.00805	0.00472	0.01317
57	0.02618	0.02490	0.04117	0.06091	0.51335	0.02523	0.03101	0.03463	0.07175	0.03543	0.02201	0.02739	0.01817	0.00987	0.01049	0.00318	0.01218	0.00965	0.00574	0.01675
58	0.01718	0.00989	0.01430	0.01527	0.01594	0.00979	0.01114	0.01584	0.01729	0.02287	0.03359	0.14649	0.03659	0.03438	0.03059	0.42076	0.00883	0.12618	0.00664	0.00644
59	0.02901	0.24872	0.22502	0.02718	0.07324	0.12320	0.02650	0.03559	0.02403	0.06974	0.01885	0.02124	0.01470	0.01003	0.00891	0.00285	0.01399	0.00723	0.00535	0.01462
60	0.02585	0.07886	0.04802	0.04137	0.16253	0.02757	0.24483	0.03874	0.14970	0.03575	0.02569	0.02962	0.01991	0.01035	0.01111	0.00336	0.01377	0.01106	0.00656	0.01537
61	0.02617	0.02512	0.04292	0.06490	0.56246	0.02512	0.03245	0.03245	0.02407	0.03454	0.01989	0.02617	0.01675	0.00942	0.01047	0.00314	0.01256	0.00942	0.00523	0.01675
62	0.01668	0.01383	0.02126	0.06981	0.15484	0.01376	0.01683	0.02000	0.02126	0.02886	0.04592	0.43122	0.05273	0.02563	0.01253	0.00395	0.00830	0.02345	0.00831	0.01084
63	0.01513	0.01122	0.01646	0.01646	0.01816	0.01293	0.01255	0.01854	0.01683	0.02415	0.02881	0.04425	0.02761	0.13315	0.53427	0.01633	0.02655	0.01173	0.00574	0.00914
64	0.02002	0.01874	0.02968	0.37421	0.05370	0.02414	0.02542	0.02541	0.01931	0.02626	0.01901	0.02894	0.01588	0.02278	0.10247	0.00581	0.16239	0.00965	0.00482	0.01136
65	0.01900	0.01298	0.02086	0.24649	0.03709	0.01483	0.01715	0.01900	0.01668	0.02178	0.01853	0.03058	0.01668	0.02640	0.02918	0.42032	0.01112	0.00927	0.00463	0.00742
66	0.02313	0.02313	0.03238	0.02776	0.02776	0.03238	0.02313	0.02545	0.01619	0.02545	0.01388	0.02313	0.01388	0.01851	0.03470	0.00463	0.60907	0.00925	0.00463	0.01157
67	0.02630	0.02271	0.02391	0.02152	0.02749	0.02630	0.01674	0.05618	0.54336	0.04423	0.04303	0.03945	0.03228	0.01434	0.01076	0.00359	0.00837	0.01195	0.01076	0.01674
68	0.70310	0.02045	0.01554	0.01390	0.02045	0.02372	0.01145	0.03108	0.01799	0.04744	0.01472	0.01718	0.01145	0.00981	0.00654	0.00327	0.00818	0.00573	0.00654	0.01145
69	0.01494	0.01097	0.01575	0.01597	0.01746	0.01235	0.01189	0.01798	0.01705	0.02417	0.03181	0.09890	0.03221	0.15688	0.45454	0.01482	0.02359	0.01365	0.00616	0.00891
70	0.01918	0.01564	0.01885	0.01473	0.02140	0.01247	0.01152	0.02399	0.02509	0.03759	0.23131	0.04446	0.04888	0.01327	0.00966	0.00226	0.00671	0.01134	0.00839	0.42328
71	0.70310	0.02045	0.01554	0.01390	0.02045	0.02372	0.01145	0.03108	0.01799	0.04744	0.01472	0.01718	0.01145	0.00981	0.00654	0.00327	0.00818	0.00573	0.00654	0.01145
72	0.64561	0.02304	0.01679	0.01506	0.02151	0.07243	0.01223	0.03205	0.01903	0.04557	0.01486	0.01734	0.01164	0.00991	0.00680	0.00322	0.00912	0.00582	0.00645	0.01152
73	0.01288	0.00920	0.01227	0.01472	0.01534	0.00859	0.00981	0.01472	0.02024	0.02699	0.05828	0.62152	0.06993	0.03312	0.01350	0.00429	0.00613	0.03006	0.00981	0.00859
74	0.02081	0.01852	0.02987	0.12512	0.27322	0.01890	0.02311	0.02670	0.02595	0.03652	0.23181	0.04733	0.04914	0.01441	0.01127	0.00327	0.00980	0.01325	0.00768	0.01332
75	0.02629	0.03943	0.30925	0.02599	0.03731	0.02507	0.02846	0.07914	0.19810	0.07993	0.02916	0.02927	0.02097	0.01190	0.01037	0.00341	0.01242	0.00953	0.00766	0.01635
76	0.01997	0.01879	0.03171	0.60301	0.07282	0.02349	0.02936	0.02701	0.02114	0.02701	0.01879	0.02819	0.01409	0.01057	0.01057	0.00352	0.01409	0.00940	0.00470	0.01175
77	0.02678	0.02292	0.02600	0.02486	0.07668	0.02491	0.01783	0.08822	0.37803	0.04373	0.03587	0.03448	0.02722	0.01279	0.01028	0.00321	0.00894	0.01068	0.00957	0.11699
78	0.04744	0.01799	0.02454	0.01881	0.02699	0.01554	0.01554	0.05153	0.03026	0.56979	0.04171	0.03599	0.02617	0.01309	0.01063	0.00327	0.00900	0.01063	0.01309	0.01799
79	0.07334	0.02218	0.03779	0.20625	0.25251	0.02332	0.10508	0.02944	0.02293	0.03270	0.02744	0.03338	0.06519	0.01129	0.01071	0.00337	0.01284	0.01080	0.00562	0.01382
80	0.02666	0.23458	0.28173	0.02859	0.07655	0.02943	0.05952	0.03461	0.02312	0.08341	0.02004	0.02260	0.01511	0.00990	0.00923	0.00299	0.01349	0.00780	0.00544	0.01519
81	0.02106	0.02298	0.07932	0.03204	0.03932	0.01992	0.25671	0.02837	0.02448	0.03282	0.03702	0.06952	0.03632	0.01827	0.01327	0.00414	0.01397	0.23088	0.00729	0.01229
82	0.01954	0.01300	0.01751	0.01687	0.01778	0.01447	0.01249	0.01997	0.01776	0.05702	0.03197	0.09862	0.03411	0.20368	0.03582	0.17236	0.11732	0.08462	0.00681	0.00827
83	0.03422	0.17906	0.20253	0.02268	0.03320	0.06036	0.02375	0.04059	0.02568	0.23897	0.02661	0.02614	0.01841	0.01104	0.00946	0.00302	0.01224	0.00833	0.00788	0.01584
84	0.02159	0.02074	0.03601	0.45411	0.17537	0.02404	0.06100	0.02859	0.02200	0.02904	0.01919	0.02778	0.01478	0.01022	0.01067	0.00345	0.01400	0.00959	0.00485	0.01296
85	0.02641	0.42366	0.16981	0.02702	0.10261	0.03574	0.02470	0.03217	0.02202	0.02809	0.01635	0.01939	0.01395	0.00932	0.00801	0.00262	0.01244	0.00664	0.00460	0.01445
86	0.02185	0.02231	0.07604	0.01708	0.02709	0.01512	0.01513	0.02730	0.02196	0.03436	0.01881	0.02196	0.01544	0.00805	0.00805	0.00174	0.00859	0.00642	0.00609	0.62661
87	0.02523	0.10604	0.07033	0.10880	0.03560	0.02782	0.02048	0.04685	0.35671	0.03827	0.03383	0.03349	0.02565	0.01275	0.01015	0.00338	0.01016	0.01042	0.00855	0.01548
88	0.02690	0.01706	0.02411	0.02803	0.15447	0.01678	0.01679	0.06521	0.02372	0.14226	0.03173	0.04939	0.02919	0.21345	0.02703	0.05559	0.01055	0.04745	0.00793	0.01236
89	0.01612	0.01079	0.01348	0.01358	0.01612	0.00968	0.00988	0.01944	0.02533	0.07355	0.24495	0.26262	0.19279	0.02605	0.01268	0.00370	0.00576	0.02290	0.01071	0.00986
90	0.01278	0.00959	0.01186	0.01368	0.01506	0.00868	0.00935	0.01484	0.02125	0.02740	0.07097	0.48635	0.19690	0.03147	0.01324	0.00411	0.00593	0.02804	0.00982	0.00868
91	0.02079	0.01938	0.03368	0.46749	0.11201	0.02280	0.06508	0.02703	0.02114	0.02757	0.01905	0.02833	0.01481	0.01231	0.01302	0.05540	0.01386	0.00961	0.00479	0.01185
92	0.06904	0.08865	0.12092	0.08611	0.28518	0.11037	0.02882	0.03351	0.02386	0.03244	0.01834	0.02326	0.01495	0.00981	0.00969	0.00307	0.01373	0.00821	0.00512	0.01492
93	0.04744	0.01799	0.02454	0.01881	0.02699	0.01554	0.01554	0.05153	0.03026	0.56979	0.04171	0.03599	0.02617	0.01309	0.01063	0.00327	0.00900	0.01063	0.01309	0.01799
94	0.01496	0.01081	0.01413	0.01330	0.01580	0.00998	0.00998	0.01995	0.02993	0.04240	0.55689	0.07898	0.09976	0.02162	0.01247	0.00333	0.00499	0.01912	0.01164	0.00998
95	0.02224	0.03387	0.24067	0.02799	0.08148	0.06262	0.02639	0.06541	0.02474	0.03366	0.03106	0.11907	0.02998	0.02142	0.05372	0.00464	0.01405	0.08696	0.00669	0.01333
96	0.43330	0.01979	0.02193	0.24657	0.04113	0.02363	0.01853	0.02947	0.01924	0.03937	0.01633	0.02153	0.01249	0.01011	0.00813	0.00337	0.01052	0.00718	0.00581	0.01157
97	0.01704	0.01217	0.01704	0.01947	0.02191	0.01217	0.01704	0.02191	0.02434	0.03164	0.05598	0.11926	0.06085	0.02921	0.01460	0.00487	0.00974	0.49130	0.00974	0.00974
98	0.01288	0.00920	0.01227	0.01472	0.01534	0.00859	0.00981	0.01472	0.02024	0.02699	0.05828	0.62152	0.06993	0.03312	0.01350	0.00429	0.00613	0.03006	0.00981	0.00859
99	0.02192	0.01879	0.02192	0.01566	0.02506	0.01409	0.01253	0.02662	0.02192	0.03445	0.01879	0.02192	0.01566	0.00783	0.00783	0.00157	0.00783	0.00626	0.00626	0.69305
100	0.02546	0.08398	0.04249	0.13973	0.43769	0.02652	0.03059	0.03157	0.02339	0.03248	0.01922	0.02556	0.01604	0.00955	0.01012	0.00311	0.01266	0.00905	0.00508	0.01570
101	0.03806	0.04745	0.02850	0.02598	0.03121	0.54418	0.01948	0.04094	0.02940	0.02686	0.01766	0.02054	0.01460	0.01100	0.00938	0.00270	0.01804	0.00703	0.05490	0.01208
102	0.02608	0.02729	0.03537	0.04335	0.27708	0.13828	0.07300	0.03132	0.02594	0.03322	0.10170	0.08149	0.03264	0.01342	0.01101	0.00322	0.01279	0.01230	0.00661	0.01390
103	0.01956	0.01514	0.01948	0.10397	0.02804	0.01631	0.01541	0.09764	0.07312	0.03486	0.04595	0.35370	0.04977	0.02472	0.01246	0.00399	0.00861	0.05672	0.00925	0.01129
104	0.02341	0.02128	0.03453	0.46633	0.06530	0.02516	0.07341	0.10147	0.02571	0.03349	0.02000	0.02781	0.01485	0.01073	0.01075	0.00348	0.01407	0.00970	0.00563	0.01290
105	0.02272	0.02652	0.11674	0.20053	0.30242	0.02321	0.03054	0.02999	0.02356	0.03307	0.06876	0.03099	0.02315	0.01094	0.01062	0.00329	0.01274	0.01006	0.00556	0.01460
106	0.02765	0.08622	0.23638	0.02345	0.03340	0.02381	0.02482	0.10128	0.06985	0.11786	0.06621	0.03174	0.02518	0.01835	0.06309	0.00449	0.01350	0.00979	0.00774	0.01521
107	0.01993	0.01689	0.02418	0.20454	0.03936	0.01981	0.02148	0.02892	0.09914	0.03143	0.03822	0.06934	0.03729	0.02009	0.01474	0.00423	0.06969	0.22135	0.00780	0.01158
108	0.02709	0.01495	0.01989	0.01922	0.02358	0.01446	0.01616	0.07094	0.02768	0.18556	0.04968	0.13739	0.04847	0.02370	0.01305	0.00422	0.00933	0.27127	0.01076	0.01262
109	0.02080	0.07118	0.12359	0.46370	0.06488	0.02505	0.03013	0.02844	0.02136	0.02793	0.01851	0.02637	0.01394	0.01037	0.01020	0.00340	0.01414	0.00885	0.00465	0.01253
110	0.02566	0.02460	0.04200	0.10898	0.52235	0.02499	0.03220	0.03200	0.02383	0.03393	0.01980	0.02633	0.01653	0.00951	0.01048	0.00317	0.01269	0.00942	0.00519	0.01634
111	0.01288	0.00920	0.01227	0.01472	0.01534	0.00859	0.00981	0.01472	0.02024	0.02699	0.05828	0.62152	0.06993	0.03312	0.01350	0.00429	0.00613	0.03006	0.00981	0.00859
112	0.02147	0.02032	0.03442	0.47300	0.19112	0.02388	0.03011	0.02833	0.02185	0.02883	0.01906	0.02770	0.01474	0.01029	0.01055	0.00343	0.01372	0.00940	0.00483	0.01295
113	0.01370	0.01076	0.01238	0.01197	0.01502	0.00944	0.00898	0.01750	0.02694	0.03530	0.32604	0.09067	0.33504	0.02426	0.01248	0.00345	0.00518	0.02076	0.01070	0.00944
114	0.01533	0.01042	0.01237	0.01237	0.01266	0.01070	0.00745	0.01591	0.01562	0.02112	0.03255	0.06495	0.03660	0.54429	0.13543	0.01128	0.01302	0.01476	0.00629	0.00687
115	0.02781	0.01890	0.02264	0.01677	0.02565	0.01528	0.01349	0.03417	0.06092	0.15213	0.02553	0.02625	0.01914	0.00944	0.00865	0.00208	0.00812	0.00762	0.00808	0.49733
116	0.47327	0.03166	0.15179	0.01913	0.02776	0.07907	0.01900	0.03275	0.02021	0.04195	0.01591	0.01860	0.01213	0.00998	0.00768	0.00324	0.01105	0.00634	0.00593	0.01254
117	0.02985	0.03487	0.27320	0.02380	0.03478	0.02030	0.02585	0.07706	0.02671	0.19516	0.02986	0.08162	0.02293	0.01312	0.01041	0.00326	0.01187	0.01072	0.00815	0.06648
118	0.02258	0.14133	0.33373	0.13957	0.04638	0.02737	0.03174	0.03388	0.06709	0.03172	0.02031	0.02406	0.01520	0.01035	0.00967	0.00322	0.01398	0.00812	0.00507	0.01462
119	0.02313	0.02313	0.03238	0.02776	0.02776	0.03238	0.02313	0.02545	0.01619	0.02545	0.01388	0.02313	0.01388	0.01851	0.03470	0.00463	0.60907	0.00925	0.00463	0.01157
120	0.08104	0.06578	0.06993	0.01819	0.02728	0.01883	0.01617	0.03710	0.05639	0.19419	0.02652	0.02651	0.01916	0.01021	0.00885	0.00252	0.00912	0.00796	0.00832	0.29594
121	0.01519	0.01017	0.01159	0.01177	0.01182	0.01013	0.00666	0.01533	0.01574	0.02099	0.03518	0.11045	0.04079	0.58396	0.05080	0.00981	0.00994	0.01647	0.00666	0.00657

[dist]
# distance from previous block
# <min> <max>
0	136

# created by:
# /st0/software/busco_prod/Augustus/scripts/msa2prfl.pl ./align_prep/10545.fa
