[name]
unknown

[dist]
# distance from previous block
# <min> <max>
0	7

[block]
# block no. 0 follows, 15 sequences, length 35
# corresponding to MSA columns:
# 7-41
name=unknown_A
#
# <colnr> <probs for GDERKNQSTAVLIFYWHMCP>
#	G	D	E	R	K	N	Q	S	T	A	V	L	I	F	Y	W	H	M	C	P
0	0.01680	0.01231	0.01661	0.01852	0.02110	0.01260	0.01604	0.02338	0.06905	0.03083	0.05175	0.10610	0.05510	0.02636	0.01346	0.00449	0.00907	0.47742	0.00926	0.00974
1	0.03985	0.01744	0.02276	0.01756	0.02525	0.01533	0.01437	0.04583	0.07312	0.47305	0.03656	0.03244	0.02384	0.01178	0.00968	0.00290	0.00829	0.00958	0.01130	0.10908
2	0.02399	0.02069	0.02218	0.01921	0.02547	0.02255	0.01500	0.04753	0.46220	0.03990	0.03611	0.03396	0.02737	0.01232	0.00960	0.00301	0.00779	0.01022	0.00932	0.15158
3	0.02467	0.02369	0.04046	0.06119	0.58747	0.02369	0.03059	0.03059	0.02270	0.03257	0.01875	0.02467	0.01579	0.00888	0.00987	0.00296	0.01184	0.00888	0.00493	0.01579
4	0.01394	0.01018	0.01309	0.01237	0.01479	0.00933	0.00927	0.01849	0.02782	0.03904	0.54752	0.07601	0.12934	0.02073	0.01176	0.00315	0.00473	0.01825	0.01085	0.00933
5	0.02392	0.02581	0.05262	0.04849	0.23293	0.02470	0.37539	0.03148	0.02325	0.03215	0.01969	0.02614	0.01535	0.00857	0.01112	0.00323	0.01513	0.01079	0.00501	0.01424
6	0.02072	0.01965	0.03332	0.44306	0.23651	0.02265	0.02863	0.02713	0.02083	0.02777	0.01805	0.02596	0.01410	0.00962	0.00994	0.00321	0.01282	0.00887	0.00459	0.01260
7	0.01178	0.01010	0.01010	0.01010	0.01347	0.00842	0.00757	0.01431	0.02272	0.02693	0.10099	0.09594	0.58342	0.02525	0.01178	0.00337	0.00505	0.02104	0.00926	0.00842
8	0.01606	0.01147	0.01606	0.01836	0.02065	0.01147	0.01606	0.02065	0.02295	0.02983	0.05278	0.11245	0.05737	0.02754	0.01377	0.00459	0.00918	0.52037	0.00918	0.00918
9	0.02480	0.02141	0.02254	0.02029	0.02592	0.02480	0.01578	0.05297	0.56946	0.04170	0.04057	0.03719	0.03043	0.01352	0.01014	0.00338	0.00789	0.01127	0.01014	0.01578
10	0.02353	0.02689	0.05882	0.04202	0.05210	0.02521	0.55126	0.03193	0.02353	0.03193	0.02017	0.02689	0.01513	0.00840	0.01176	0.00336	0.01681	0.01176	0.00504	0.01345
11	0.02067	0.01772	0.02067	0.01477	0.02362	0.01329	0.01181	0.02510	0.02067	0.03248	0.01772	0.02067	0.01477	0.00738	0.00738	0.00148	0.00738	0.00591	0.00591	0.71059
12	0.01178	0.01010	0.01010	0.01010	0.01347	0.00842	0.00757	0.01431	0.02272	0.02693	0.10099	0.09594	0.58342	0.02525	0.01178	0.00337	0.00505	0.02104	0.00926	0.00842
13	0.03724	0.04751	0.02825	0.02568	0.03082	0.60963	0.01926	0.03981	0.02825	0.02440	0.01541	0.01798	0.01284	0.01027	0.00899	0.00257	0.01798	0.00642	0.00514	0.01156
14	0.01215	0.00868	0.01157	0.01388	0.01446	0.00810	0.00925	0.01388	0.01909	0.02545	0.05495	0.64315	0.06593	0.03123	0.01272	0.00405	0.00578	0.02834	0.00925	0.00810
15	0.01290	0.01046	0.01166	0.01226	0.01535	0.00922	0.00980	0.01597	0.02278	0.02769	0.08836	0.10027	0.44556	0.02585	0.01230	0.00369	0.00613	0.15190	0.00924	0.00862
16	0.01450	0.00966	0.01087	0.01087	0.01087	0.00966	0.00604	0.01450	0.01450	0.01933	0.03141	0.06524	0.03624	0.64965	0.05074	0.00966	0.00966	0.01450	0.00604	0.00604
17	0.01883	0.01772	0.02990	0.62569	0.06866	0.02215	0.02769	0.02547	0.01993	0.02547	0.01772	0.02658	0.01329	0.00997	0.00997	0.00332	0.01329	0.00886	0.00443	0.01107
18	0.01450	0.00966	0.01087	0.01087	0.01087	0.00966	0.00604	0.01450	0.01450	0.01933	0.03141	0.06524	0.03624	0.64965	0.05074	0.00966	0.00966	0.01450	0.00604	0.00604
19	0.01215	0.00868	0.01157	0.01388	0.01446	0.00810	0.00925	0.01388	0.01909	0.02545	0.05495	0.64315	0.06593	0.03123	0.01272	0.00405	0.00578	0.02834	0.00925	0.00810
20	0.02353	0.02689	0.05882	0.04202	0.05210	0.02521	0.55126	0.03193	0.02353	0.03193	0.02017	0.02689	0.01513	0.00840	0.01176	0.00336	0.01681	0.01176	0.00504	0.01345
21	0.03346	0.02572	0.02742	0.02204	0.02922	0.02884	0.01787	0.38445	0.22387	0.05567	0.02957	0.02843	0.02152	0.01249	0.01003	0.00312	0.00993	0.00975	0.01003	0.01656
22	0.02270	0.02167	0.03690	0.25186	0.41223	0.02317	0.02961	0.02886	0.02177	0.03017	0.01840	0.02532	0.01495	0.00925	0.00990	0.00308	0.01233	0.00887	0.00476	0.01420
23	0.03150	0.02374	0.04505	0.03269	0.04185	0.02221	0.33686	0.07667	0.02691	0.21697	0.02668	0.02896	0.01837	0.00995	0.01106	0.00324	0.01366	0.01099	0.00778	0.01485
24	0.02269	0.02167	0.03689	0.25238	0.41175	0.02317	0.02961	0.02886	0.02176	0.03016	0.01840	0.02532	0.01494	0.00925	0.00990	0.00308	0.01233	0.00887	0.00476	0.01419
25	0.01301	0.01015	0.01180	0.01139	0.01422	0.00894	0.00854	0.01668	0.02562	0.03381	0.35462	0.08462	0.32550	0.02268	0.01177	0.00324	0.00487	0.01945	0.01016	0.00894
26	0.02353	0.02689	0.05882	0.04202	0.05210	0.02521	0.55126	0.03193	0.02353	0.03193	0.02017	0.02689	0.01513	0.00840	0.01176	0.00336	0.01681	0.01176	0.00504	0.01345
27	0.01178	0.01010	0.01010	0.01010	0.01347	0.00842	0.00757	0.01431	0.02272	0.02693	0.10099	0.09594	0.58342	0.02525	0.01178	0.00337	0.00505	0.02104	0.00926	0.00842
28	0.01732	0.00866	0.01299	0.01299	0.01299	0.00866	0.00866	0.01299	0.01299	0.01732	0.01732	0.03030	0.01732	0.03463	0.03896	0.70996	0.00866	0.00866	0.00433	0.00433
29	0.01271	0.00908	0.01221	0.01452	0.01535	0.00858	0.01023	0.01485	0.01964	0.02608	0.05463	0.56690	0.06470	0.03070	0.01287	0.00413	0.00627	0.09903	0.00924	0.00825
30	0.01426	0.01061	0.01565	0.01565	0.01730	0.01226	0.01200	0.01756	0.01591	0.02287	0.02704	0.04104	0.02574	0.11621	0.56982	0.01556	0.02547	0.01096	0.00539	0.00869
31	0.02313	0.33572	0.34128	0.02307	0.03489	0.03082	0.02753	0.03076	0.02067	0.02775	0.01599	0.01867	0.01271	0.00903	0.00802	0.00267	0.01282	0.00641	0.00424	0.01382
32	0.02653	0.03052	0.04072	0.03209	0.03729	0.18103	0.22312	0.03119	0.02184	0.02713	0.01640	0.02274	0.01380	0.01211	0.01847	0.00351	0.23537	0.00928	0.00483	0.01205
33	0.03271	0.02352	0.02341	0.05662	0.02825	0.13327	0.01598	0.04235	0.15544	0.23150	0.07792	0.03364	0.02819	0.01241	0.00981	0.00296	0.01010	0.00993	0.00936	0.06264
34	0.02752	0.56258	0.09068	0.01795	0.02688	0.03637	0.01835	0.03139	0.02094	0.06705	0.01608	0.01772	0.01368	0.00889	0.00690	0.00228	0.01080	0.00584	0.00487	0.01325

[dist]
# distance from previous block
# <min> <max>
0	2

[block]
# block no. 1 follows, 15 sequences, length 8
# corresponding to MSA columns:
# 44-51
name=unknown_B
#
# <colnr> <probs for GDERKNQSTAVLIFYWHMCP>
#	G	D	E	R	K	N	Q	S	T	A	V	L	I	F	Y	W	H	M	C	P
0	0.01816	0.12089	0.02159	0.01622	0.01965	0.01786	0.01268	0.02715	0.15708	0.03062	0.08624	0.30435	0.04981	0.02189	0.01102	0.00353	0.00728	0.05424	0.00877	0.01098
1	0.01732	0.01382	0.02093	0.32089	0.04138	0.01581	0.01816	0.02299	0.02269	0.03215	0.19569	0.04341	0.04064	0.01351	0.00997	0.00308	0.00902	0.01179	0.13657	0.01023
2	0.01285	0.00976	0.01184	0.01213	0.01433	0.00874	0.00879	0.01608	0.02404	0.03199	0.28981	0.23381	0.23997	0.02482	0.01202	0.00345	0.00510	0.02174	0.00997	0.00874
3	0.01999	0.05157	0.59800	0.02841	0.04315	0.02315	0.03683	0.03157	0.02105	0.03157	0.01789	0.02105	0.01263	0.00947	0.00947	0.00316	0.01473	0.00737	0.00421	0.01473
4	0.72007	0.01928	0.01465	0.01311	0.01928	0.02236	0.01080	0.02930	0.01697	0.04473	0.01388	0.01619	0.01080	0.00925	0.00617	0.00308	0.00771	0.00540	0.00617	0.01080
5	0.01962	0.01926	0.03476	0.52760	0.06588	0.02266	0.11568	0.02656	0.02054	0.02656	0.01813	0.02663	0.01360	0.00970	0.01027	0.00333	0.01388	0.00935	0.00453	0.01147
6	0.01178	0.01010	0.01010	0.01010	0.01347	0.00842	0.00757	0.01431	0.02272	0.02693	0.10099	0.09594	0.58342	0.02525	0.01178	0.00337	0.00505	0.02104	0.00926	0.00842
7	0.01261	0.01013	0.01124	0.01096	0.01397	0.00877	0.00822	0.01590	0.02467	0.03155	0.27123	0.08834	0.41030	0.02353	0.01177	0.00328	0.00493	0.01997	0.00986	0.00877

[dist]
# distance from previous block
# <min> <max>
0	49

[block]
# block no. 2 follows, 15 sequences, length 21
# corresponding to MSA columns:
# 101-121
name=unknown_C
#
# <colnr> <probs for GDERKNQSTAVLIFYWHMCP>
#	G	D	E	R	K	N	Q	S	T	A	V	L	I	F	Y	W	H	M	C	P
0	0.72007	0.01928	0.01465	0.01311	0.01928	0.02236	0.01080	0.02930	0.01697	0.04473	0.01388	0.01619	0.01080	0.00925	0.00617	0.00308	0.00771	0.00540	0.00617	0.01080
1	0.01450	0.00966	0.01087	0.01087	0.01087	0.00966	0.00604	0.01450	0.01450	0.01933	0.03141	0.06524	0.03624	0.64965	0.05074	0.00966	0.00966	0.01450	0.00604	0.00604
2	0.02665	0.65565	0.05224	0.01706	0.02559	0.03945	0.01706	0.02985	0.02026	0.02345	0.01386	0.01599	0.01279	0.00853	0.00640	0.00213	0.01066	0.00533	0.00426	0.01279
3	0.01999	0.05157	0.59800	0.02841	0.04315	0.02315	0.03683	0.03157	0.02105	0.03157	0.01789	0.02105	0.01263	0.00947	0.00947	0.00316	0.01473	0.00737	0.00421	0.01473
4	0.01424	0.01068	0.01602	0.01602	0.01780	0.01246	0.01246	0.01780	0.01602	0.02314	0.02670	0.03916	0.02492	0.07477	0.61015	0.01602	0.02670	0.01068	0.00534	0.00890
5	0.01606	0.01147	0.01606	0.01836	0.02065	0.01147	0.01606	0.02065	0.02295	0.02983	0.05278	0.11245	0.05737	0.02754	0.01377	0.00459	0.00918	0.52037	0.00918	0.00918
6	0.03724	0.04751	0.02825	0.02568	0.03082	0.60963	0.01926	0.03981	0.02825	0.02440	0.01541	0.01798	0.01284	0.01027	0.00899	0.00257	0.01798	0.00642	0.00514	0.01156
7	0.01215	0.00868	0.01157	0.01388	0.01446	0.00810	0.00925	0.01388	0.01909	0.02545	0.05495	0.64315	0.06593	0.03123	0.01272	0.00405	0.00578	0.02834	0.00925	0.00810
8	0.01411	0.01019	0.01333	0.01254	0.01489	0.00941	0.00941	0.01881	0.02822	0.03998	0.58221	0.07447	0.09406	0.02038	0.01176	0.00314	0.00470	0.01803	0.01097	0.00941
9	0.01215	0.00868	0.01157	0.01388	0.01446	0.00810	0.00925	0.01388	0.01909	0.02545	0.05495	0.64315	0.06593	0.03123	0.01272	0.00405	0.00578	0.02834	0.00925	0.00810
10	0.02665	0.65565	0.05224	0.01706	0.02559	0.03945	0.01706	0.02985	0.02026	0.02345	0.01386	0.01599	0.01279	0.00853	0.00640	0.00213	0.01066	0.00533	0.00426	0.01279
11	0.02348	0.36760	0.31248	0.02247	0.03396	0.03168	0.02649	0.03067	0.02063	0.02732	0.01578	0.01840	0.01271	0.00898	0.00786	0.00262	0.01260	0.00630	0.00424	0.01372
12	0.09435	0.01618	0.02073	0.01631	0.02322	0.01458	0.01338	0.04388	0.02667	0.48116	0.03648	0.03295	0.02370	0.01201	0.00934	0.00299	0.00794	0.00957	0.09905	0.01552
13	0.01999	0.05157	0.59800	0.02841	0.04315	0.02315	0.03683	0.03157	0.02105	0.03157	0.01789	0.02105	0.01263	0.00947	0.00947	0.00316	0.01473	0.00737	0.00421	0.01473
14	0.01999	0.05157	0.59800	0.02841	0.04315	0.02315	0.03683	0.03157	0.02105	0.03157	0.01789	0.02105	0.01263	0.00947	0.00947	0.00316	0.01473	0.00737	0.00421	0.01473
15	0.01411	0.01019	0.01333	0.01254	0.01489	0.00941	0.00941	0.01881	0.02822	0.03998	0.58221	0.07447	0.09406	0.02038	0.01176	0.00314	0.00470	0.01803	0.01097	0.00941
16	0.03434	0.02913	0.03001	0.02776	0.10028	0.10706	0.02002	0.35027	0.11305	0.05095	0.02442	0.02505	0.01810	0.01156	0.00985	0.00298	0.01160	0.00893	0.00871	0.01592
17	0.01744	0.01906	0.10002	0.10027	0.10447	0.01545	0.02046	0.02330	0.02327	0.03164	0.14408	0.06883	0.08365	0.01880	0.01165	0.00365	0.00967	0.18553	0.00768	0.01106
18	0.02334	0.02199	0.03705	0.05507	0.51539	0.02189	0.02793	0.02911	0.02339	0.03350	0.08968	0.03094	0.02564	0.01033	0.01011	0.00298	0.01094	0.01003	0.00569	0.01499
19	0.10869	0.01954	0.03085	0.39511	0.20348	0.02259	0.02635	0.02735	0.02031	0.02982	0.01752	0.02475	0.01366	0.00958	0.00946	0.00319	0.01219	0.00843	0.00479	0.01232
20	0.20854	0.06445	0.03362	0.03669	0.24743	0.06611	0.06300	0.10282	0.02482	0.03870	0.01777	0.02153	0.01421	0.00944	0.00879	0.00295	0.01139	0.00782	0.00593	0.01398

[dist]
# distance from previous block
# <min> <max>
0	2

[block]
# block no. 3 follows, 15 sequences, length 22
# corresponding to MSA columns:
# 124-145
name=unknown_D
#
# <colnr> <probs for GDERKNQSTAVLIFYWHMCP>
#	G	D	E	R	K	N	Q	S	T	A	V	L	I	F	Y	W	H	M	C	P
0	0.02519	0.02365	0.03013	0.10966	0.03671	0.05889	0.10365	0.07234	0.34434	0.03799	0.03170	0.03220	0.02380	0.01193	0.01030	0.00330	0.01084	0.01060	0.00822	0.01456
1	0.01935	0.01825	0.03084	0.57528	0.11499	0.02229	0.02795	0.02593	0.02018	0.02610	0.01781	0.02641	0.01351	0.00987	0.00996	0.00329	0.01316	0.00886	0.00447	0.01150
2	0.02320	0.02142	0.03376	0.04777	0.41667	0.02185	0.02523	0.03252	0.11110	0.03508	0.10176	0.03371	0.02918	0.01125	0.01018	0.00305	0.01020	0.01056	0.00662	0.01489
3	0.08066	0.01984	0.02233	0.01792	0.02499	0.01985	0.01440	0.12227	0.16902	0.16523	0.06060	0.03108	0.02550	0.01167	0.00925	0.00278	0.00821	0.00934	0.00938	0.17570
4	0.01303	0.00936	0.01236	0.01328	0.01466	0.00869	0.00932	0.01611	0.02322	0.03202	0.29342	0.38593	0.07866	0.02632	0.01229	0.00364	0.00529	0.02368	0.01003	0.00869
5	0.72007	0.01928	0.01465	0.01311	0.01928	0.02236	0.01080	0.02930	0.01697	0.04473	0.01388	0.01619	0.01080	0.00925	0.00617	0.00308	0.00771	0.00540	0.00617	0.01080
6	0.01883	0.01772	0.02990	0.62569	0.06866	0.02215	0.02769	0.02547	0.01993	0.02547	0.01772	0.02658	0.01329	0.00997	0.00997	0.00332	0.01329	0.00886	0.00443	0.01107
7	0.01215	0.01011	0.01062	0.01049	0.01369	0.00857	0.00787	0.01503	0.02360	0.02902	0.17811	0.09250	0.50500	0.02447	0.01178	0.00333	0.00499	0.02056	0.00953	0.00857
8	0.01215	0.00868	0.01157	0.01388	0.01446	0.00810	0.00925	0.01388	0.01909	0.02545	0.05495	0.64315	0.06593	0.03123	0.01272	0.00405	0.00578	0.02834	0.00925	0.00810
9	0.01215	0.00868	0.01157	0.01388	0.01446	0.00810	0.00925	0.01388	0.01909	0.02545	0.05495	0.64315	0.06593	0.03123	0.01272	0.00405	0.00578	0.02834	0.00925	0.00810
10	0.02467	0.02369	0.04046	0.06119	0.58747	0.02369	0.03059	0.03059	0.02270	0.03257	0.01875	0.02467	0.01579	0.00888	0.00987	0.00296	0.01184	0.00888	0.00493	0.01579
11	0.72007	0.01928	0.01465	0.01311	0.01928	0.02236	0.01080	0.02930	0.01697	0.04473	0.01388	0.01619	0.01080	0.00925	0.00617	0.00308	0.00771	0.00540	0.00617	0.01080
12	0.02665	0.65565	0.05224	0.01706	0.02559	0.03945	0.01706	0.02985	0.02026	0.02345	0.01386	0.01599	0.01279	0.00853	0.00640	0.00213	0.01066	0.00533	0.00426	0.01279
13	0.03594	0.04142	0.02787	0.02463	0.03028	0.45072	0.01882	0.12374	0.09247	0.03251	0.01962	0.02111	0.01549	0.01091	0.00928	0.00273	0.01571	0.00738	0.00648	0.01290
14	0.01215	0.01011	0.01062	0.01049	0.01369	0.00857	0.00787	0.01503	0.02360	0.02902	0.17811	0.09250	0.50500	0.02447	0.01178	0.00333	0.00499	0.02056	0.00953	0.00857
15	0.02480	0.02141	0.02254	0.02029	0.02592	0.02480	0.01578	0.05297	0.56946	0.04170	0.04057	0.03719	0.03043	0.01352	0.01014	0.00338	0.00789	0.01127	0.01014	0.01578
16	0.01350	0.00965	0.01309	0.01518	0.01642	0.00924	0.01138	0.01633	0.02092	0.02782	0.09070	0.43872	0.06521	0.02933	0.01298	0.00415	0.00677	0.18073	0.00935	0.00852
17	0.01515	0.01118	0.01479	0.01659	0.01911	0.01082	0.01425	0.01929	0.02290	0.02921	0.06311	0.10891	0.17002	0.02705	0.01334	0.00433	0.00830	0.41344	0.00920	0.00902
18	0.02036	0.02107	0.04206	0.16997	0.04766	0.02100	0.31039	0.02753	0.02374	0.03223	0.14430	0.03737	0.03222	0.01142	0.01135	0.00330	0.01331	0.01249	0.00622	0.01200
19	0.03355	0.02629	0.02687	0.02729	0.11687	0.15265	0.01860	0.04512	0.19805	0.20238	0.03106	0.02990	0.02241	0.01170	0.00981	0.00304	0.01096	0.00943	0.00885	0.01519
20	0.02283	0.01529	0.01812	0.01652	0.02071	0.01586	0.01264	0.03577	0.23079	0.12893	0.20650	0.14320	0.05432	0.01819	0.01102	0.00336	0.00669	0.01580	0.01061	0.01284
21	0.24648	0.12382	0.02975	0.06655	0.11950	0.02725	0.01830	0.13787	0.07404	0.04140	0.01936	0.02171	0.01511	0.01006	0.00820	0.00294	0.00992	0.00745	0.00667	0.01364

[dist]
# distance from previous block
# <min> <max>
0	4

# created by:
# /st0/software/busco_prod/Augustus/scripts/msa2prfl.pl ./align_prep/10566.fa
