[name]
unknown

[dist]
# distance from previous block
# <min> <max>
0	116

[block]
# block no. 0 follows, 11 sequences, length 36
# corresponding to MSA columns:
# 125-160
name=unknown_A
#
# <colnr> <probs for GDERKNQSTAVLIFYWHMCP>
#	G	D	E	R	K	N	Q	S	T	A	V	L	I	F	Y	W	H	M	C	P
0	0.01814	0.01296	0.01814	0.02073	0.02332	0.01296	0.01814	0.02332	0.02591	0.03368	0.05959	0.12696	0.06478	0.03109	0.01555	0.00518	0.01036	0.45848	0.01036	0.01036
1	0.01371	0.00979	0.01306	0.01567	0.01632	0.00914	0.01045	0.01567	0.02155	0.02873	0.06203	0.59710	0.07444	0.03526	0.01437	0.00457	0.00653	0.03200	0.01045	0.00914
2	0.02657	0.03036	0.06641	0.04744	0.05882	0.02846	0.49336	0.03605	0.02657	0.03605	0.02277	0.03036	0.01708	0.00949	0.01328	0.00380	0.01898	0.01328	0.00569	0.01518
3	0.02462	0.02462	0.03447	0.02955	0.02955	0.03447	0.02462	0.02709	0.01724	0.02709	0.01477	0.02462	0.01477	0.01970	0.03694	0.00492	0.58385	0.00985	0.00492	0.01231
4	0.02126	0.02001	0.03376	0.57739	0.07752	0.02501	0.03126	0.02876	0.02251	0.02876	0.02001	0.03001	0.01500	0.01125	0.01125	0.00375	0.01500	0.01000	0.00500	0.01250
5	0.68395	0.02177	0.01654	0.01480	0.02177	0.02525	0.01219	0.03309	0.01915	0.05050	0.01567	0.01828	0.01219	0.01045	0.00697	0.00348	0.00871	0.00609	0.00697	0.01219
6	0.02657	0.03036	0.06641	0.04744	0.05882	0.02846	0.49336	0.03605	0.02657	0.03605	0.02277	0.03036	0.01708	0.00949	0.01328	0.00380	0.01898	0.01328	0.00569	0.01518
7	0.03009	0.61122	0.05898	0.01926	0.02889	0.04454	0.01926	0.03370	0.02287	0.02648	0.01565	0.01805	0.01444	0.00963	0.00722	0.00241	0.01204	0.00602	0.00481	0.01444
8	0.04279	0.03153	0.03378	0.02590	0.03490	0.03490	0.02139	0.49671	0.05292	0.07093	0.02702	0.02702	0.01914	0.01351	0.01126	0.00338	0.01239	0.01013	0.01126	0.01914
9	0.05050	0.01915	0.02612	0.02003	0.02873	0.01654	0.01654	0.05485	0.03221	0.54203	0.04440	0.03831	0.02786	0.01393	0.01132	0.00348	0.00958	0.01132	0.01393	0.01915
10	0.68395	0.02177	0.01654	0.01480	0.02177	0.02525	0.01219	0.03309	0.01915	0.05050	0.01567	0.01828	0.01219	0.01045	0.00697	0.00348	0.00871	0.00609	0.00697	0.01219
11	0.01762	0.01279	0.01742	0.01973	0.02245	0.01258	0.01711	0.02255	0.02588	0.03333	0.06543	0.12496	0.11459	0.03081	0.01531	0.00503	0.00986	0.41189	0.01037	0.01027
12	0.01593	0.01150	0.01504	0.01416	0.01681	0.01062	0.01062	0.02124	0.03186	0.04513	0.52830	0.08407	0.10620	0.02301	0.01327	0.00354	0.00531	0.02035	0.01239	0.01062
13	0.02800	0.02418	0.02545	0.02291	0.02927	0.02800	0.01782	0.05981	0.51390	0.04708	0.04581	0.04199	0.03436	0.01527	0.01145	0.00382	0.00891	0.01273	0.01145	0.01782
14	0.02379	0.01887	0.02103	0.01922	0.02321	0.02123	0.01425	0.07505	0.24995	0.03811	0.03872	0.05050	0.03407	0.19994	0.11453	0.00820	0.01324	0.01348	0.00919	0.01341
15	0.03135	0.55235	0.05612	0.02029	0.02951	0.09888	0.01952	0.03489	0.02382	0.02659	0.01583	0.01829	0.01445	0.00984	0.00753	0.00246	0.01291	0.00615	0.00492	0.01430
16	0.37645	0.01731	0.01772	0.07504	0.02521	0.01972	0.01337	0.02606	0.01791	0.03715	0.01752	0.02521	0.01511	0.02073	0.02060	0.24165	0.00976	0.00782	0.00602	0.00962
17	0.03161	0.02261	0.02725	0.02624	0.07696	0.02402	0.01900	0.18382	0.13317	0.10283	0.09007	0.10062	0.04103	0.01807	0.01215	0.00375	0.01002	0.04958	0.01100	0.01619
18	0.02259	0.02137	0.03617	0.47441	0.17005	0.02536	0.03192	0.02993	0.02314	0.03038	0.02024	0.02957	0.01558	0.01100	0.01123	0.00367	0.01467	0.01001	0.00512	0.01358
19	0.01637	0.01091	0.01228	0.01228	0.01228	0.01091	0.00682	0.01637	0.01637	0.02182	0.03546	0.07365	0.04092	0.60445	0.05729	0.01091	0.01091	0.01637	0.00682	0.00682
20	0.02520	0.02393	0.04000	0.14507	0.24608	0.02673	0.07696	0.03129	0.02319	0.03367	0.02122	0.02914	0.01762	0.01254	0.01657	0.00373	0.13485	0.01037	0.06713	0.01473
21	0.02257	0.05822	0.54613	0.03208	0.04871	0.02614	0.04158	0.03564	0.02376	0.03564	0.02020	0.02376	0.01426	0.01069	0.01069	0.00356	0.01663	0.00832	0.00475	0.01663
22	0.02300	0.02166	0.03373	0.14697	0.15962	0.02656	0.02622	0.02781	0.02050	0.02958	0.02049	0.03046	0.01827	0.02877	0.13146	0.00697	0.21900	0.01037	0.00532	0.01323
23	0.02786	0.02674	0.04568	0.06908	0.53424	0.02674	0.03454	0.03454	0.02563	0.03677	0.02117	0.02786	0.01783	0.01003	0.01114	0.00334	0.01337	0.01003	0.00557	0.01783
24	0.10043	0.34709	0.17293	0.02207	0.03307	0.03491	0.02380	0.03636	0.02368	0.08578	0.01983	0.02165	0.01557	0.01044	0.00850	0.00293	0.01257	0.00716	0.00599	0.01525
25	0.04204	0.05364	0.03190	0.02900	0.03480	0.55926	0.02175	0.04494	0.03190	0.02755	0.01740	0.02030	0.01450	0.01160	0.01015	0.00290	0.02030	0.00725	0.00580	0.01305
26	0.68395	0.02177	0.01654	0.01480	0.02177	0.02525	0.01219	0.03309	0.01915	0.05050	0.01567	0.01828	0.01219	0.01045	0.00697	0.00348	0.00871	0.00609	0.00697	0.01219
27	0.01371	0.00979	0.01306	0.01567	0.01632	0.00914	0.01045	0.01567	0.02155	0.02873	0.06203	0.59710	0.07444	0.03526	0.01437	0.00457	0.00653	0.03200	0.01045	0.00914
28	0.01593	0.01150	0.01504	0.01416	0.01681	0.01062	0.01062	0.02124	0.03186	0.04513	0.52830	0.08407	0.10620	0.02301	0.01327	0.00354	0.00531	0.02035	0.01239	0.01062
29	0.03373	0.02773	0.04046	0.05547	0.38593	0.07444	0.02973	0.03960	0.02754	0.13750	0.02549	0.02925	0.01953	0.01096	0.01109	0.00333	0.01326	0.01003	0.00727	0.01765
30	0.03257	0.49695	0.05372	0.02091	0.03009	0.09701	0.01972	0.07992	0.02673	0.03092	0.01694	0.01916	0.01491	0.01021	0.00792	0.00255	0.01293	0.00655	0.00554	0.01476
31	0.01540	0.01148	0.01431	0.01361	0.01649	0.01040	0.01020	0.02022	0.03061	0.04217	0.44500	0.08895	0.19135	0.02411	0.01328	0.00359	0.00539	0.02104	0.01200	0.01040
32	0.01637	0.01091	0.01228	0.01228	0.01228	0.01091	0.00682	0.01637	0.01637	0.02182	0.03546	0.07365	0.04092	0.60445	0.05729	0.01091	0.01091	0.01637	0.00682	0.00682
33	0.13229	0.35698	0.08825	0.02100	0.03068	0.03808	0.02048	0.12758	0.02846	0.03994	0.01834	0.02039	0.01503	0.01063	0.00829	0.00287	0.01198	0.00706	0.00644	0.01523
34	0.03179	0.08325	0.04387	0.05504	0.38447	0.02839	0.02997	0.08588	0.02890	0.08664	0.02343	0.02779	0.01858	0.01073	0.01079	0.00327	0.01278	0.00977	0.00689	0.01776
35	0.02753	0.03009	0.09667	0.18763	0.10831	0.02818	0.20015	0.10915	0.02941	0.03982	0.02230	0.02882	0.01666	0.01079	0.01193	0.00365	0.01602	0.01106	0.00631	0.01552

[dist]
# distance from previous block
# <min> <max>
0	1

[block]
# block no. 1 follows, 11 sequences, length 54
# corresponding to MSA columns:
# 162-215
name=unknown_B
#
# <colnr> <probs for GDERKNQSTAVLIFYWHMCP>
#	G	D	E	R	K	N	Q	S	T	A	V	L	I	F	Y	W	H	M	C	P
0	0.03076	0.01936	0.02615	0.02158	0.02777	0.01923	0.05765	0.08308	0.12335	0.17904	0.17546	0.09760	0.05279	0.01806	0.01231	0.00367	0.00912	0.01590	0.01176	0.01535
1	0.01641	0.01207	0.01594	0.01806	0.02050	0.01160	0.01492	0.02055	0.02503	0.03214	0.07001	0.21310	0.15161	0.03141	0.01491	0.00481	0.00878	0.29776	0.01040	0.00997
2	0.09655	0.28407	0.04727	0.03812	0.21543	0.08358	0.02442	0.03499	0.02435	0.03281	0.01785	0.02191	0.01547	0.01004	0.00892	0.00291	0.01296	0.00762	0.00540	0.01534
3	0.03172	0.02404	0.03422	0.03364	0.12914	0.02535	0.06674	0.19279	0.03371	0.09120	0.02791	0.03323	0.02194	0.03191	0.16168	0.00745	0.01782	0.01105	0.00843	0.01602
4	0.01486	0.01061	0.01437	0.01698	0.01814	0.01013	0.01244	0.01765	0.02268	0.03001	0.06140	0.47539	0.07194	0.03418	0.01467	0.00473	0.00752	0.14240	0.01043	0.00946
5	0.02667	0.13675	0.13708	0.09737	0.25900	0.02979	0.03108	0.03660	0.07391	0.03499	0.02238	0.02698	0.01796	0.01073	0.01040	0.00330	0.01344	0.00926	0.00583	0.01649
6	0.68395	0.02177	0.01654	0.01480	0.02177	0.02525	0.01219	0.03309	0.01915	0.05050	0.01567	0.01828	0.01219	0.01045	0.00697	0.00348	0.00871	0.00609	0.00697	0.01219
7	0.03632	0.03329	0.03367	0.02775	0.03302	0.13349	0.02258	0.24812	0.03654	0.04750	0.02095	0.02492	0.01675	0.01531	0.01999	0.00383	0.21286	0.00949	0.00803	0.01562
8	0.02354	0.01402	0.01609	0.01453	0.01911	0.01306	0.01125	0.03044	0.07708	0.13286	0.15568	0.07302	0.22548	0.02087	0.01183	0.00350	0.00661	0.01748	0.12101	0.01252
9	0.68395	0.02177	0.01654	0.01480	0.02177	0.02525	0.01219	0.03309	0.01915	0.05050	0.01567	0.01828	0.01219	0.01045	0.00697	0.00348	0.00871	0.00609	0.00697	0.01219
10	0.01384	0.01108	0.01247	0.01345	0.01624	0.00970	0.00994	0.01664	0.02450	0.03021	0.09431	0.25056	0.35807	0.03067	0.01380	0.00414	0.00635	0.06413	0.01044	0.00947
11	0.57833	0.02133	0.01814	0.01567	0.02293	0.02380	0.01292	0.03671	0.02133	0.13246	0.02046	0.02162	0.01480	0.01103	0.00769	0.00348	0.00885	0.00697	0.00813	0.01335
12	0.02462	0.02462	0.03447	0.02955	0.02955	0.03447	0.02462	0.02709	0.01724	0.02709	0.01477	0.02462	0.01477	0.01970	0.03694	0.00492	0.58385	0.00985	0.00492	0.01231
13	0.01593	0.01150	0.01504	0.01416	0.01681	0.01062	0.01062	0.02124	0.03186	0.04513	0.52830	0.08407	0.10620	0.02301	0.01327	0.00354	0.00531	0.02035	0.01239	0.01062
14	0.02126	0.02001	0.03376	0.57739	0.07752	0.02501	0.03126	0.02876	0.02251	0.02876	0.02001	0.03001	0.01500	0.01125	0.01125	0.00375	0.01500	0.01000	0.00500	0.01250
15	0.01608	0.01206	0.01809	0.01809	0.02010	0.01407	0.01407	0.02010	0.01809	0.02613	0.03015	0.04422	0.02814	0.08441	0.55984	0.01809	0.03015	0.01206	0.00603	0.01005
16	0.02334	0.02001	0.02334	0.01667	0.02667	0.01500	0.01334	0.02834	0.02334	0.03668	0.02001	0.02334	0.01667	0.00834	0.00834	0.00167	0.00834	0.00667	0.00667	0.67325
17	0.02800	0.02418	0.02545	0.02291	0.02927	0.02800	0.01782	0.05981	0.51390	0.04708	0.04581	0.04199	0.03436	0.01527	0.01145	0.00382	0.00891	0.01273	0.01145	0.01782
18	0.04829	0.02019	0.02984	0.02256	0.03151	0.01764	0.06061	0.05311	0.03169	0.49527	0.04240	0.03757	0.02686	0.01352	0.01150	0.00351	0.01045	0.01150	0.01317	0.01879
19	0.68395	0.02177	0.01654	0.01480	0.02177	0.02525	0.01219	0.03309	0.01915	0.05050	0.01567	0.01828	0.01219	0.01045	0.00697	0.00348	0.00871	0.00609	0.00697	0.01219
20	0.33436	0.02709	0.02594	0.02085	0.02893	0.03051	0.01721	0.28587	0.03756	0.06164	0.02186	0.02305	0.01598	0.01212	0.00931	0.00343	0.01071	0.00830	0.00931	0.01598
21	0.02956	0.02164	0.02436	0.02125	0.02645	0.02319	0.01642	0.27795	0.03865	0.05174	0.04294	0.28627	0.04429	0.02340	0.01267	0.00392	0.00972	0.02008	0.01089	0.01459
22	0.04279	0.03153	0.03378	0.02590	0.03490	0.03490	0.02139	0.49671	0.05292	0.07093	0.02702	0.02702	0.01914	0.01351	0.01126	0.00338	0.01239	0.01013	0.01126	0.01914
23	0.04700	0.01838	0.02500	0.01943	0.02753	0.01594	0.01594	0.05145	0.03218	0.49174	0.09338	0.04294	0.03579	0.01485	0.01152	0.00349	0.00915	0.01223	0.01377	0.01829
24	0.02866	0.02765	0.04487	0.03436	0.04325	0.02883	0.23497	0.08797	0.25054	0.04418	0.03363	0.03535	0.02512	0.01248	0.01227	0.00377	0.01381	0.01275	0.00881	0.01673
25	0.02257	0.05822	0.54613	0.03208	0.04871	0.02614	0.04158	0.03564	0.02376	0.03564	0.02020	0.02376	0.01426	0.01069	0.01069	0.00356	0.01663	0.00832	0.00475	0.01663
26	0.05050	0.01915	0.02612	0.02003	0.02873	0.01654	0.01654	0.05485	0.03221	0.54203	0.04440	0.03831	0.02786	0.01393	0.01132	0.00348	0.00958	0.01132	0.01393	0.01915
27	0.02657	0.03036	0.06641	0.04744	0.05882	0.02846	0.49336	0.03605	0.02657	0.03605	0.02277	0.03036	0.01708	0.00949	0.01328	0.00380	0.01898	0.01328	0.00569	0.01518
28	0.02334	0.02001	0.02334	0.01667	0.02667	0.01500	0.01334	0.02834	0.02334	0.03668	0.02001	0.02334	0.01667	0.00834	0.00834	0.00167	0.00834	0.00667	0.00667	0.67325
29	0.01637	0.01091	0.01228	0.01228	0.01228	0.01091	0.00682	0.01637	0.01637	0.02182	0.03546	0.07365	0.04092	0.60445	0.05729	0.01091	0.01091	0.01637	0.00682	0.00682
30	0.01637	0.01091	0.01228	0.01228	0.01228	0.01091	0.00682	0.01637	0.01637	0.02182	0.03546	0.07365	0.04092	0.60445	0.05729	0.01091	0.01091	0.01637	0.00682	0.00682
31	0.01593	0.01150	0.01504	0.01416	0.01681	0.01062	0.01062	0.02124	0.03186	0.04513	0.52830	0.08407	0.10620	0.02301	0.01327	0.00354	0.00531	0.02035	0.01239	0.01062
32	0.04204	0.05364	0.03190	0.02900	0.03480	0.55926	0.02175	0.04494	0.03190	0.02755	0.01740	0.02030	0.01450	0.01160	0.01015	0.00290	0.02030	0.00725	0.00580	0.01305
33	0.03984	0.03131	0.03970	0.02981	0.03924	0.03374	0.10704	0.41311	0.04814	0.06460	0.02625	0.02763	0.01877	0.01278	0.01163	0.00345	0.01358	0.01070	0.01025	0.01842
34	0.02334	0.02001	0.02334	0.01667	0.02667	0.01500	0.01334	0.02834	0.02334	0.03668	0.02001	0.02334	0.01667	0.00834	0.00834	0.00167	0.00834	0.00667	0.00667	0.67325
35	0.01371	0.00979	0.01306	0.01567	0.01632	0.00914	0.01045	0.01567	0.02155	0.02873	0.06203	0.59710	0.07444	0.03526	0.01437	0.00457	0.00653	0.03200	0.01045	0.00914
36	0.68395	0.02177	0.01654	0.01480	0.02177	0.02525	0.01219	0.03309	0.01915	0.05050	0.01567	0.01828	0.01219	0.01045	0.00697	0.00348	0.00871	0.00609	0.00697	0.01219
37	0.01377	0.01155	0.01205	0.01230	0.01598	0.00983	0.00947	0.01684	0.02568	0.03072	0.10880	0.11011	0.48510	0.02875	0.01352	0.00393	0.00615	0.06543	0.01044	0.00958
38	0.01608	0.01206	0.01809	0.01809	0.02010	0.01407	0.01407	0.02010	0.01809	0.02613	0.03015	0.04422	0.02814	0.08441	0.55984	0.01809	0.03015	0.01206	0.00603	0.01005
39	0.01412	0.01009	0.01353	0.01614	0.01697	0.00949	0.01116	0.01638	0.02195	0.02919	0.06181	0.55378	0.07355	0.03488	0.01447	0.00463	0.00688	0.07129	0.01044	0.00925
40	0.01330	0.01140	0.01140	0.01140	0.01520	0.00950	0.00855	0.01615	0.02565	0.03041	0.11402	0.10832	0.52967	0.02850	0.01330	0.00380	0.00570	0.02375	0.01045	0.00950
41	0.02462	0.02462	0.03447	0.02955	0.02955	0.03447	0.02462	0.02709	0.01724	0.02709	0.01477	0.02462	0.01477	0.01970	0.03694	0.00492	0.58385	0.00985	0.00492	0.01231
42	0.04204	0.05364	0.03190	0.02900	0.03480	0.55926	0.02175	0.04494	0.03190	0.02755	0.01740	0.02030	0.01450	0.01160	0.01015	0.00290	0.02030	0.00725	0.00580	0.01305
43	0.68395	0.02177	0.01654	0.01480	0.02177	0.02525	0.01219	0.03309	0.01915	0.05050	0.01567	0.01828	0.01219	0.01045	0.00697	0.00348	0.00871	0.00609	0.00697	0.01219
44	0.04204	0.05364	0.03190	0.02900	0.03480	0.55926	0.02175	0.04494	0.03190	0.02755	0.01740	0.02030	0.01450	0.01160	0.01015	0.00290	0.02030	0.00725	0.00580	0.01305
45	0.01371	0.00979	0.01306	0.01567	0.01632	0.00914	0.01045	0.01567	0.02155	0.02873	0.06203	0.59710	0.07444	0.03526	0.01437	0.00457	0.00653	0.03200	0.01045	0.00914
46	0.02800	0.02418	0.02545	0.02291	0.02927	0.02800	0.01782	0.05981	0.51390	0.04708	0.04581	0.04199	0.03436	0.01527	0.01145	0.00382	0.00891	0.01273	0.01145	0.01782
47	0.04204	0.05364	0.03190	0.02900	0.03480	0.55926	0.02175	0.04494	0.03190	0.02755	0.01740	0.02030	0.01450	0.01160	0.01015	0.00290	0.02030	0.00725	0.00580	0.01305
48	0.02902	0.02256	0.02457	0.02184	0.02809	0.02534	0.01704	0.05584	0.42489	0.09345	0.08943	0.04546	0.04026	0.01585	0.01161	0.00376	0.00864	0.01328	0.01177	0.01729
49	0.02981	0.46060	0.14492	0.02246	0.03302	0.08762	0.02353	0.03507	0.02385	0.02824	0.01663	0.01929	0.01442	0.01000	0.00812	0.00266	0.01362	0.00655	0.00489	0.01472
50	0.02584	0.09839	0.35613	0.02973	0.04308	0.02594	0.07473	0.03598	0.02425	0.08520	0.02339	0.02722	0.01721	0.01775	0.06231	0.00484	0.01698	0.00920	0.00589	0.01594
51	0.01371	0.00979	0.01306	0.01567	0.01632	0.00914	0.01045	0.01567	0.02155	0.02873	0.06203	0.59710	0.07444	0.03526	0.01437	0.00457	0.00653	0.03200	0.01045	0.00914
52	0.02069	0.02253	0.07810	0.47727	0.06937	0.02367	0.03030	0.02819	0.02253	0.02938	0.02383	0.08087	0.02033	0.01338	0.01148	0.00381	0.01438	0.01184	0.00547	0.01257
53	0.02572	0.17542	0.08468	0.07640	0.03531	0.02605	0.06273	0.03388	0.07380	0.07664	0.03515	0.14065	0.03342	0.01745	0.01132	0.00365	0.01168	0.05418	0.00791	0.01394

[dist]
# distance from previous block
# <min> <max>
0	6

[block]
# block no. 2 follows, 11 sequences, length 27
# corresponding to MSA columns:
# 222-248
name=unknown_C
#
# <colnr> <probs for GDERKNQSTAVLIFYWHMCP>
#	G	D	E	R	K	N	Q	S	T	A	V	L	I	F	Y	W	H	M	C	P
0	0.12425	0.03459	0.13071	0.02599	0.03518	0.03184	0.02441	0.29141	0.03866	0.05638	0.02278	0.02493	0.01676	0.01324	0.01345	0.00360	0.07697	0.00920	0.00870	0.01694
1	0.01491	0.01030	0.01271	0.01414	0.01450	0.00994	0.00881	0.01599	0.01921	0.02561	0.05004	0.36075	0.05931	0.29226	0.03375	0.00743	0.00851	0.02494	0.00881	0.00809
2	0.18605	0.02662	0.01932	0.01801	0.02147	0.18223	0.01269	0.02917	0.02180	0.03053	0.02514	0.04390	0.02587	0.27900	0.03066	0.00666	0.01325	0.01109	0.00654	0.01003
3	0.19859	0.04204	0.02752	0.02455	0.03096	0.36878	0.01884	0.04318	0.02884	0.09097	0.02002	0.02183	0.01544	0.01158	0.00951	0.00311	0.01628	0.00743	0.00700	0.01353
4	0.02126	0.02001	0.03376	0.57739	0.07752	0.02501	0.03126	0.02876	0.02251	0.02876	0.02001	0.03001	0.01500	0.01125	0.01125	0.00375	0.01500	0.01000	0.00500	0.01250
5	0.02275	0.02061	0.02850	0.02581	0.02666	0.02725	0.02165	0.02610	0.01987	0.02993	0.02748	0.05089	0.02808	0.02191	0.02931	0.00479	0.39628	0.11865	0.06180	0.01169
6	0.01565	0.01118	0.01529	0.01789	0.01939	0.01082	0.01382	0.01903	0.02346	0.03090	0.06096	0.39081	0.07020	0.03343	0.01488	0.00484	0.00821	0.21913	0.01041	0.00968
7	0.02286	0.02164	0.03665	0.45418	0.18823	0.02543	0.03205	0.03016	0.02326	0.03070	0.02029	0.02949	0.01569	0.01096	0.01123	0.00365	0.01461	0.01001	0.00514	0.01379
8	0.02800	0.02418	0.02545	0.02291	0.02927	0.02800	0.01782	0.05981	0.51390	0.04708	0.04581	0.04199	0.03436	0.01527	0.01145	0.00382	0.00891	0.01273	0.01145	0.01782
9	0.16106	0.20298	0.03657	0.02172	0.02980	0.09392	0.01853	0.15930	0.09796	0.04567	0.02293	0.02396	0.01796	0.01179	0.00913	0.00312	0.01199	0.00816	0.00793	0.01554
10	0.04279	0.03153	0.03378	0.02590	0.03490	0.03490	0.02139	0.49671	0.05292	0.07093	0.02702	0.02702	0.01914	0.01351	0.01126	0.00338	0.01239	0.01013	0.01126	0.01914
11	0.03009	0.61122	0.05898	0.01926	0.02889	0.04454	0.01926	0.03370	0.02287	0.02648	0.01565	0.01805	0.01444	0.00963	0.00722	0.00241	0.01204	0.00602	0.00481	0.01444
12	0.04279	0.03153	0.03378	0.02590	0.03490	0.03490	0.02139	0.49671	0.05292	0.07093	0.02702	0.02702	0.01914	0.01351	0.01126	0.00338	0.01239	0.01013	0.01126	0.01914
13	0.02257	0.05822	0.54613	0.03208	0.04871	0.02614	0.04158	0.03564	0.02376	0.03564	0.02020	0.02376	0.01426	0.01069	0.01069	0.00356	0.01663	0.00832	0.00475	0.01663
14	0.01565	0.01149	0.01466	0.01387	0.01665	0.01050	0.01040	0.02071	0.03121	0.04359	0.48474	0.08662	0.15072	0.02359	0.01328	0.00357	0.00535	0.02071	0.01219	0.01050
15	0.01371	0.00979	0.01306	0.01567	0.01632	0.00914	0.01045	0.01567	0.02155	0.02873	0.06203	0.59710	0.07444	0.03526	0.01437	0.00457	0.00653	0.03200	0.01045	0.00914
16	0.01371	0.00979	0.01306	0.01567	0.01632	0.00914	0.01045	0.01567	0.02155	0.02873	0.06203	0.59710	0.07444	0.03526	0.01437	0.00457	0.00653	0.03200	0.01045	0.00914
17	0.04204	0.05364	0.03190	0.02900	0.03480	0.55926	0.02175	0.04494	0.03190	0.02755	0.01740	0.02030	0.01450	0.01160	0.01015	0.00290	0.02030	0.00725	0.00580	0.01305
18	0.01552	0.01149	0.01448	0.01373	0.01656	0.01045	0.01030	0.02045	0.03090	0.04285	0.46390	0.08784	0.17202	0.02386	0.01328	0.00358	0.00537	0.02088	0.01209	0.01045
19	0.01489	0.01029	0.01271	0.01417	0.01453	0.00992	0.00884	0.01598	0.01926	0.02568	0.05028	0.36551	0.05961	0.28708	0.03336	0.00738	0.00847	0.02508	0.00884	0.00811
20	0.05050	0.01915	0.02612	0.02003	0.02873	0.01654	0.01654	0.05485	0.03221	0.54203	0.04440	0.03831	0.02786	0.01393	0.01132	0.00348	0.00958	0.01132	0.01393	0.01915
21	0.02597	0.30791	0.32617	0.02629	0.03976	0.03445	0.03150	0.03477	0.02336	0.03151	0.01814	0.02119	0.01434	0.01021	0.00913	0.00304	0.01456	0.00728	0.00478	0.01565
22	0.02670	0.36153	0.27894	0.02505	0.03784	0.03623	0.02934	0.03458	0.02327	0.03062	0.01770	0.02063	0.01436	0.01011	0.00879	0.00293	0.01411	0.00706	0.00479	0.01543
23	0.01421	0.01094	0.01299	0.01353	0.01602	0.00972	0.00975	0.01751	0.02624	0.03426	0.22093	0.25074	0.26479	0.02894	0.01362	0.00396	0.00584	0.02527	0.01103	0.00972
24	0.03381	0.02659	0.03672	0.02917	0.03433	0.03148	0.07527	0.17261	0.03102	0.11145	0.02338	0.02785	0.01813	0.01591	0.02309	0.00414	0.27077	0.01052	0.00814	0.01561
25	0.09354	0.02291	0.03869	0.34705	0.15749	0.02584	0.09288	0.03133	0.02331	0.03361	0.02015	0.02840	0.01553	0.01069	0.01105	0.00365	0.01456	0.01004	0.00541	0.01387
26	0.03794	0.03694	0.24148	0.02579	0.03781	0.02300	0.02752	0.10718	0.03155	0.26910	0.03206	0.03078	0.02107	0.01254	0.01105	0.00350	0.01287	0.00992	0.00978	0.01811

[dist]
# distance from previous block
# <min> <max>
0	7

[block]
# block no. 3 follows, 11 sequences, length 61
# corresponding to MSA columns:
# 256-316
name=unknown_D
#
# <colnr> <probs for GDERKNQSTAVLIFYWHMCP>
#	G	D	E	R	K	N	Q	S	T	A	V	L	I	F	Y	W	H	M	C	P
0	0.09435	0.11575	0.02403	0.01685	0.02249	0.02200	0.01397	0.03246	0.14545	0.03643	0.06454	0.06873	0.21842	0.02034	0.01135	0.00367	0.00834	0.05870	0.00937	0.01277
1	0.19919	0.02850	0.06353	0.02167	0.02976	0.08276	0.01854	0.08286	0.12877	0.18741	0.03144	0.03015	0.02214	0.01281	0.01009	0.00349	0.01115	0.00955	0.00991	0.01630
2	0.02754	0.07388	0.02113	0.01556	0.02034	0.01872	0.01249	0.11573	0.02946	0.08507	0.03625	0.09745	0.03055	0.01534	0.00943	0.00303	0.00773	0.01241	0.35485	0.01305
3	0.03127	0.39533	0.04925	0.02304	0.03011	0.13845	0.02075	0.03453	0.02347	0.02679	0.01581	0.01973	0.01452	0.01192	0.01344	0.00298	0.12283	0.00698	0.00502	0.01378
4	0.02334	0.02001	0.02334	0.01667	0.02667	0.01500	0.01334	0.02834	0.02334	0.03668	0.02001	0.02334	0.01667	0.00834	0.00834	0.00167	0.00834	0.00667	0.00667	0.67325
5	0.10315	0.08865	0.08457	0.02756	0.03491	0.28889	0.07336	0.03765	0.02727	0.03178	0.02284	0.08463	0.02108	0.01359	0.01043	0.00327	0.01637	0.01051	0.00624	0.01323
6	0.02902	0.02418	0.03945	0.25462	0.21842	0.02608	0.06496	0.08395	0.02806	0.08677	0.02374	0.02981	0.01780	0.01122	0.01138	0.00355	0.01395	0.01040	0.00679	0.01584
7	0.03034	0.37178	0.04871	0.02916	0.11338	0.11560	0.02207	0.03451	0.02498	0.02906	0.02113	0.03068	0.01994	0.01209	0.00913	0.00291	0.01333	0.05116	0.00563	0.01440
8	0.02483	0.02157	0.03273	0.04333	0.27523	0.02113	0.02438	0.06694	0.02792	0.03935	0.08571	0.09989	0.03816	0.01629	0.01187	0.00350	0.01085	0.06103	0.00790	0.08740
9	0.02234	0.17448	0.08862	0.02558	0.08227	0.02540	0.02074	0.02738	0.02453	0.03294	0.12059	0.10007	0.07811	0.01857	0.01407	0.00362	0.07314	0.04698	0.00757	0.01300
10	0.02912	0.18405	0.04606	0.04148	0.21646	0.10965	0.07668	0.03459	0.02663	0.03351	0.07496	0.03058	0.02605	0.01152	0.01043	0.00310	0.01379	0.01004	0.00617	0.01513
11	0.01837	0.01620	0.02770	0.02321	0.02726	0.01528	0.14037	0.02256	0.02345	0.03129	0.09974	0.17654	0.09792	0.16701	0.02457	0.00579	0.01105	0.05274	0.00847	0.01048
12	0.01872	0.01178	0.01540	0.01586	0.01845	0.01080	0.01181	0.02230	0.02643	0.08901	0.19416	0.29559	0.12178	0.02846	0.01376	0.00416	0.00686	0.07254	0.01135	0.01079
13	0.01951	0.01167	0.01355	0.01299	0.01379	0.01143	0.00772	0.01991	0.01783	0.06976	0.03629	0.07040	0.03972	0.55003	0.05305	0.01023	0.01079	0.01590	0.00748	0.00796
14	0.02600	0.31678	0.25799	0.08627	0.04248	0.03476	0.02983	0.03396	0.02320	0.03053	0.01801	0.02174	0.01443	0.01025	0.00911	0.00304	0.01427	0.00741	0.00481	0.01514
15	0.05050	0.01915	0.02612	0.02003	0.02873	0.01654	0.01654	0.05485	0.03221	0.54203	0.04440	0.03831	0.02786	0.01393	0.01132	0.00348	0.00958	0.01132	0.01393	0.01915
16	0.30915	0.01667	0.01643	0.01471	0.01987	0.01757	0.01166	0.03046	0.02559	0.10041	0.20648	0.04658	0.04955	0.01563	0.00981	0.00342	0.00723	0.01225	0.07432	0.01220
17	0.03354	0.03030	0.14239	0.02410	0.03347	0.02414	0.02276	0.05290	0.25922	0.19330	0.03965	0.03680	0.02790	0.01384	0.01124	0.00366	0.01084	0.01131	0.01070	0.01795
18	0.03261	0.02469	0.07428	0.03425	0.13614	0.02148	0.07476	0.08290	0.03063	0.18016	0.07529	0.05004	0.03459	0.01566	0.01224	0.00374	0.01199	0.07865	0.00967	0.01623
19	0.03269	0.02313	0.02559	0.02230	0.02916	0.02561	0.01755	0.05877	0.41349	0.15026	0.04552	0.04122	0.03300	0.01499	0.01142	0.00375	0.00905	0.01243	0.01197	0.01809
20	0.01761	0.01278	0.01740	0.01970	0.02243	0.01258	0.01709	0.02253	0.02588	0.03332	0.06556	0.12491	0.11578	0.03081	0.01530	0.00503	0.00985	0.41078	0.01037	0.01027
21	0.13443	0.02449	0.03934	0.12874	0.27559	0.02530	0.07882	0.03585	0.02495	0.09355	0.02286	0.02807	0.01753	0.01065	0.01074	0.00349	0.01306	0.00989	0.00665	0.01598
22	0.02365	0.02025	0.03085	0.04218	0.26449	0.02035	0.02311	0.07782	0.02696	0.03722	0.03875	0.26357	0.04143	0.02087	0.01249	0.00386	0.01043	0.01914	0.00822	0.01438
23	0.01473	0.01076	0.01385	0.01456	0.01645	0.00988	0.01035	0.01836	0.02683	0.03668	0.28839	0.30827	0.13148	0.02882	0.01375	0.00401	0.00587	0.02571	0.01137	0.00988
24	0.02558	0.02487	0.04369	0.23354	0.34087	0.02633	0.07574	0.03279	0.02469	0.03408	0.02094	0.02879	0.01683	0.01038	0.01138	0.00352	0.01442	0.01032	0.00540	0.01584
25	0.68395	0.02177	0.01654	0.01480	0.02177	0.02525	0.01219	0.03309	0.01915	0.05050	0.01567	0.01828	0.01219	0.01045	0.00697	0.00348	0.00871	0.00609	0.00697	0.01219
26	0.04965	0.02051	0.02696	0.02067	0.02941	0.01856	0.01707	0.10333	0.03449	0.49034	0.04250	0.03707	0.02690	0.01388	0.01131	0.00347	0.00989	0.01119	0.01364	0.01915
27	0.01608	0.01206	0.01809	0.01809	0.02010	0.01407	0.01407	0.02010	0.01809	0.02613	0.03015	0.04422	0.02814	0.08441	0.55984	0.01809	0.03015	0.01206	0.00603	0.01005
28	0.04279	0.03153	0.03378	0.02590	0.03490	0.03490	0.02139	0.49671	0.05292	0.07093	0.02702	0.02702	0.01914	0.01351	0.01126	0.00338	0.01239	0.01013	0.01126	0.01914
29	0.01865	0.01086	0.01162	0.01143	0.01425	0.01036	0.00857	0.02353	0.02572	0.04080	0.15574	0.06174	0.12593	0.01773	0.00991	0.00301	0.00533	0.01476	0.41970	0.01036
30	0.01340	0.01100	0.01181	0.01246	0.01548	0.00941	0.00902	0.01603	0.02464	0.02999	0.10114	0.22940	0.41690	0.03018	0.01357	0.00399	0.00591	0.02580	0.01045	0.00941
31	0.04053	0.02633	0.02915	0.02295	0.03099	0.02828	0.01876	0.31982	0.09553	0.15509	0.03329	0.03224	0.02338	0.01374	0.01096	0.00337	0.01078	0.01067	0.07597	0.01815
32	0.01462	0.01044	0.01410	0.01671	0.01776	0.00992	0.01203	0.01724	0.02244	0.02975	0.06153	0.50065	0.07246	0.03441	0.01461	0.00470	0.00732	0.11949	0.01043	0.00939
33	0.01450	0.01145	0.01306	0.01266	0.01594	0.01001	0.00949	0.01847	0.02848	0.03711	0.30268	0.09728	0.33683	0.02600	0.01329	0.00368	0.00552	0.02221	0.01133	0.01001
34	0.03739	0.04052	0.03463	0.09773	0.15090	0.32767	0.02516	0.04179	0.02948	0.08011	0.02118	0.02483	0.01661	0.01144	0.01061	0.00315	0.01711	0.00857	0.00646	0.01466
35	0.47735	0.08820	0.03143	0.02199	0.03015	0.02802	0.11167	0.03376	0.02108	0.04490	0.01713	0.02074	0.01344	0.01016	0.00829	0.00343	0.01118	0.00756	0.00647	0.01305
36	0.01764	0.01453	0.02328	0.01950	0.02355	0.01348	0.08802	0.02362	0.03101	0.04368	0.44724	0.07546	0.09191	0.02084	0.01328	0.00358	0.00750	0.01922	0.01132	0.01135
37	0.68395	0.02177	0.01654	0.01480	0.02177	0.02525	0.01219	0.03309	0.01915	0.05050	0.01567	0.01828	0.01219	0.01045	0.00697	0.00348	0.00871	0.00609	0.00697	0.01219
38	0.01486	0.01061	0.01437	0.01698	0.01813	0.01013	0.01243	0.01765	0.02268	0.03001	0.06140	0.47569	0.07195	0.03419	0.01467	0.00473	0.00752	0.14213	0.01043	0.00946
39	0.01564	0.01105	0.01314	0.01310	0.01443	0.01050	0.00857	0.01785	0.02286	0.03092	0.20534	0.12908	0.11907	0.30105	0.03429	0.00717	0.00813	0.01991	0.00935	0.00855
40	0.11251	0.01941	0.02518	0.01951	0.02805	0.01739	0.01612	0.05272	0.03094	0.49391	0.04159	0.03635	0.02633	0.01359	0.01089	0.00348	0.00949	0.01081	0.01325	0.01847
41	0.01637	0.01091	0.01228	0.01228	0.01228	0.01091	0.00682	0.01637	0.01637	0.02182	0.03546	0.07365	0.04092	0.60445	0.05729	0.01091	0.01091	0.01637	0.00682	0.00682
42	0.02126	0.02001	0.03376	0.57739	0.07752	0.02501	0.03126	0.02876	0.02251	0.02876	0.02001	0.03001	0.01500	0.01125	0.01125	0.00375	0.01500	0.01000	0.00500	0.01250
43	0.03009	0.61122	0.05898	0.01926	0.02889	0.04454	0.01926	0.03370	0.02287	0.02648	0.01565	0.01805	0.01444	0.00963	0.00722	0.00241	0.01204	0.00602	0.00481	0.01444
44	0.02369	0.02112	0.02796	0.01997	0.03012	0.01645	0.06479	0.02917	0.02369	0.03661	0.02030	0.02409	0.01671	0.00846	0.00887	0.00190	0.00948	0.00738	0.00656	0.60271
45	0.02857	0.03121	0.02550	0.02314	0.02544	0.23396	0.01711	0.03032	0.02273	0.02538	0.02323	0.04048	0.02403	0.22599	0.03361	0.00627	0.15530	0.01115	0.00595	0.01064
46	0.68395	0.02177	0.01654	0.01480	0.02177	0.02525	0.01219	0.03309	0.01915	0.05050	0.01567	0.01828	0.01219	0.01045	0.00697	0.00348	0.00871	0.00609	0.00697	0.01219
47	0.01330	0.01140	0.01140	0.01140	0.01520	0.00950	0.00855	0.01615	0.02565	0.03041	0.11402	0.10832	0.52967	0.02850	0.01330	0.00380	0.00570	0.02375	0.01045	0.00950
48	0.02126	0.02001	0.03376	0.57739	0.07752	0.02501	0.03126	0.02876	0.02251	0.02876	0.02001	0.03001	0.01500	0.01125	0.01125	0.00375	0.01500	0.01000	0.00500	0.01250
49	0.02334	0.02001	0.02334	0.01667	0.02667	0.01500	0.01334	0.02834	0.02334	0.03668	0.02001	0.02334	0.01667	0.00834	0.00834	0.00167	0.00834	0.00667	0.00667	0.67325
50	0.01371	0.00979	0.01306	0.01567	0.01632	0.00914	0.01045	0.01567	0.02155	0.02873	0.06203	0.59710	0.07444	0.03526	0.01437	0.00457	0.00653	0.03200	0.01045	0.00914
51	0.01593	0.01150	0.01504	0.01416	0.01681	0.01062	0.01062	0.02124	0.03186	0.04513	0.52830	0.08407	0.10620	0.02301	0.01327	0.00354	0.00531	0.02035	0.01239	0.01062
52	0.01357	0.01037	0.01247	0.01416	0.01593	0.00927	0.00977	0.01584	0.02301	0.02933	0.08048	0.42363	0.23601	0.03286	0.01399	0.00430	0.00624	0.02907	0.01045	0.00927
53	0.68395	0.02177	0.01654	0.01480	0.02177	0.02525	0.01219	0.03309	0.01915	0.05050	0.01567	0.01828	0.01219	0.01045	0.00697	0.00348	0.00871	0.00609	0.00697	0.01219
54	0.02940	0.02773	0.04706	0.13204	0.12528	0.02893	0.20270	0.13299	0.07895	0.04330	0.02521	0.03037	0.01897	0.01127	0.01202	0.00364	0.01511	0.01154	0.00728	0.01621
55	0.02126	0.02001	0.03376	0.57739	0.07752	0.02501	0.03126	0.02876	0.02251	0.02876	0.02001	0.03001	0.01500	0.01125	0.01125	0.00375	0.01500	0.01000	0.00500	0.01250
56	0.02636	0.02805	0.09572	0.03722	0.14002	0.02390	0.13414	0.10097	0.03076	0.04328	0.12457	0.03877	0.03518	0.01295	0.01177	0.00335	0.01278	0.01237	0.00785	0.07998
57	0.21057	0.03232	0.02789	0.08414	0.03545	0.17089	0.01963	0.15302	0.03273	0.09965	0.02251	0.02444	0.01653	0.01198	0.00983	0.00333	0.01354	0.00840	0.00824	0.01493
58	0.03378	0.02327	0.02851	0.11800	0.09135	0.07817	0.02035	0.03897	0.02826	0.20312	0.08243	0.03609	0.02959	0.01280	0.01085	0.00314	0.01141	0.01067	0.00920	0.13004
59	0.09869	0.20262	0.08750	0.11493	0.03748	0.07304	0.02280	0.03113	0.02223	0.03081	0.02137	0.07848	0.02020	0.01427	0.01359	0.00349	0.09840	0.01013	0.00572	0.01314
60	0.54664	0.07931	0.02260	0.07744	0.02863	0.02711	0.01499	0.03267	0.01989	0.04574	0.01615	0.01956	0.01272	0.01046	0.00746	0.00341	0.00973	0.00652	0.00654	0.01244

[dist]
# distance from previous block
# <min> <max>
0	3

[block]
# block no. 4 follows, 11 sequences, length 46
# corresponding to MSA columns:
# 326-371
name=unknown_E
#
# <colnr> <probs for GDERKNQSTAVLIFYWHMCP>
#	G	D	E	R	K	N	Q	S	T	A	V	L	I	F	Y	W	H	M	C	P
0	0.02827	0.43085	0.15915	0.02238	0.03315	0.03885	0.02386	0.03690	0.07542	0.03063	0.01983	0.02182	0.01653	0.01046	0.00841	0.00280	0.01268	0.00722	0.00551	0.01527
1	0.02257	0.05822	0.54613	0.03208	0.04871	0.02614	0.04158	0.03564	0.02376	0.03564	0.02020	0.02376	0.01426	0.01069	0.01069	0.00356	0.01663	0.00832	0.00475	0.01663
2	0.01890	0.01012	0.01484	0.01484	0.01506	0.01035	0.01000	0.01541	0.01519	0.02047	0.02206	0.03863	0.02229	0.09148	0.10223	0.54462	0.01213	0.01058	0.00518	0.00562
3	0.02098	0.01049	0.01049	0.01049	0.01311	0.01049	0.00787	0.02623	0.02360	0.04196	0.03672	0.04196	0.02885	0.01311	0.00787	0.00262	0.00525	0.01049	0.66693	0.01049
4	0.01524	0.01148	0.01408	0.01343	0.01639	0.01032	0.01007	0.01990	0.03022	0.04125	0.41894	0.09047	0.21798	0.02446	0.01328	0.00361	0.00541	0.02125	0.01188	0.01032
5	0.05050	0.01915	0.02612	0.02003	0.02873	0.01654	0.01654	0.05485	0.03221	0.54203	0.04440	0.03831	0.02786	0.01393	0.01132	0.00348	0.00958	0.01132	0.01393	0.01915
6	0.04279	0.03153	0.03378	0.02590	0.03490	0.03490	0.02139	0.49671	0.05292	0.07093	0.02702	0.02702	0.01914	0.01351	0.01126	0.00338	0.01239	0.01013	0.01126	0.01914
7	0.02257	0.05822	0.54613	0.03208	0.04871	0.02614	0.04158	0.03564	0.02376	0.03564	0.02020	0.02376	0.01426	0.01069	0.01069	0.00356	0.01663	0.00832	0.00475	0.01663
8	0.02926	0.54997	0.11293	0.02068	0.03108	0.04250	0.02173	0.03392	0.02297	0.02750	0.01615	0.01869	0.01442	0.00975	0.00761	0.00254	0.01255	0.00627	0.00481	0.01469
9	0.03198	0.01617	0.01828	0.01545	0.02065	0.01609	0.01229	0.11225	0.03066	0.17120	0.03700	0.03855	0.02697	0.01338	0.00929	0.00296	0.00752	0.01064	0.39455	0.01410
10	0.05050	0.01915	0.02612	0.02003	0.02873	0.01654	0.01654	0.05485	0.03221	0.54203	0.04440	0.03831	0.02786	0.01393	0.01132	0.00348	0.00958	0.01132	0.01393	0.01915
11	0.01637	0.01091	0.01228	0.01228	0.01228	0.01091	0.00682	0.01637	0.01637	0.02182	0.03546	0.07365	0.04092	0.60445	0.05729	0.01091	0.01091	0.01637	0.00682	0.00682
12	0.68395	0.02177	0.01654	0.01480	0.02177	0.02525	0.01219	0.03309	0.01915	0.05050	0.01567	0.01828	0.01219	0.01045	0.00697	0.00348	0.00871	0.00609	0.00697	0.01219
13	0.02334	0.02001	0.02334	0.01667	0.02667	0.01500	0.01334	0.02834	0.02334	0.03668	0.02001	0.02334	0.01667	0.00834	0.00834	0.00167	0.00834	0.00667	0.00667	0.67325
14	0.01347	0.01073	0.01209	0.01318	0.01567	0.00935	0.00934	0.01595	0.02394	0.02971	0.09237	0.31186	0.34010	0.03132	0.01375	0.00412	0.00605	0.02719	0.01045	0.00935
15	0.68395	0.02177	0.01654	0.01480	0.02177	0.02525	0.01219	0.03309	0.01915	0.05050	0.01567	0.01828	0.01219	0.01045	0.00697	0.00348	0.00871	0.00609	0.00697	0.01219
16	0.01634	0.01103	0.01289	0.01289	0.01310	0.01125	0.00759	0.01676	0.01655	0.02228	0.03490	0.07055	0.03957	0.54956	0.11033	0.01167	0.01294	0.01591	0.00674	0.00716
17	0.02964	0.03867	0.21992	0.03100	0.08155	0.02891	0.02885	0.15633	0.17860	0.04787	0.02967	0.03041	0.02182	0.01271	0.01110	0.00358	0.01298	0.01024	0.00844	0.01771
18	0.02150	0.01964	0.03077	0.38136	0.11352	0.02301	0.02660	0.02993	0.06362	0.03070	0.03101	0.04070	0.05957	0.06423	0.01541	0.00434	0.01323	0.01186	0.00619	0.01281
19	0.01568	0.01132	0.01483	0.01433	0.01676	0.01046	0.01060	0.02062	0.03072	0.04332	0.47666	0.14089	0.10268	0.02437	0.01340	0.00365	0.00545	0.02164	0.01217	0.01046
20	0.02126	0.02001	0.03376	0.57739	0.07752	0.02501	0.03126	0.02876	0.02251	0.02876	0.02001	0.03001	0.01500	0.01125	0.01125	0.00375	0.01500	0.01000	0.00500	0.01250
21	0.03009	0.61122	0.05898	0.01926	0.02889	0.04454	0.01926	0.03370	0.02287	0.02648	0.01565	0.01805	0.01444	0.00963	0.00722	0.00241	0.01204	0.00602	0.00481	0.01444
22	0.01593	0.01150	0.01504	0.01416	0.01681	0.01062	0.01062	0.02124	0.03186	0.04513	0.52830	0.08407	0.10620	0.02301	0.01327	0.00354	0.00531	0.02035	0.01239	0.01062
23	0.03470	0.03225	0.02941	0.02556	0.03121	0.24188	0.06832	0.03836	0.02866	0.13794	0.03549	0.17745	0.03343	0.01811	0.01185	0.00356	0.01425	0.01529	0.00874	0.01354
24	0.02562	0.01993	0.02357	0.01695	0.02685	0.01513	0.01361	0.03057	0.02408	0.07909	0.02205	0.02460	0.01761	0.00881	0.00859	0.00182	0.00844	0.00706	0.00728	0.61835
25	0.68395	0.02177	0.01654	0.01480	0.02177	0.02525	0.01219	0.03309	0.01915	0.05050	0.01567	0.01828	0.01219	0.01045	0.00697	0.00348	0.00871	0.00609	0.00697	0.01219
26	0.02257	0.05822	0.54613	0.03208	0.04871	0.02614	0.04158	0.03564	0.02376	0.03564	0.02020	0.02376	0.01426	0.01069	0.01069	0.00356	0.01663	0.00832	0.00475	0.01663
27	0.03161	0.01554	0.02146	0.02044	0.02557	0.01445	0.01747	0.03645	0.02854	0.24538	0.05327	0.09004	0.04940	0.02395	0.01379	0.00447	0.01004	0.27227	0.01185	0.01402
28	0.01400	0.01143	0.01236	0.01213	0.01563	0.00980	0.00910	0.01750	0.02729	0.03429	0.22337	0.10192	0.41789	0.02705	0.01330	0.00373	0.00560	0.02286	0.01096	0.00980
29	0.01376	0.01071	0.01251	0.01355	0.01586	0.00946	0.00960	0.01649	0.02453	0.03125	0.13556	0.31850	0.28636	0.03086	0.01376	0.00411	0.00602	0.02698	0.01066	0.00946
30	0.01330	0.01140	0.01140	0.01140	0.01520	0.00950	0.00855	0.01615	0.02565	0.03041	0.11402	0.10832	0.52967	0.02850	0.01330	0.00380	0.00570	0.02375	0.01045	0.00950
31	0.03002	0.14999	0.03348	0.02245	0.02979	0.03225	0.01850	0.10083	0.36017	0.04524	0.03738	0.03530	0.02849	0.01388	0.01053	0.00347	0.00994	0.01102	0.01002	0.01724
32	0.02855	0.14683	0.22765	0.02756	0.03961	0.07333	0.07896	0.03652	0.02525	0.07578	0.02139	0.02429	0.01617	0.01032	0.00995	0.00299	0.01438	0.00833	0.00605	0.12609
33	0.09740	0.22753	0.22638	0.02710	0.03907	0.03318	0.07763	0.08395	0.02640	0.03805	0.01925	0.02239	0.01492	0.01049	0.00951	0.00319	0.01411	0.00807	0.00580	0.01557
34	0.68395	0.02177	0.01654	0.01480	0.02177	0.02525	0.01219	0.03309	0.01915	0.05050	0.01567	0.01828	0.01219	0.01045	0.00697	0.00348	0.00871	0.00609	0.00697	0.01219
35	0.02753	0.03165	0.09531	0.15810	0.34242	0.08255	0.03331	0.03465	0.02549	0.03414	0.02045	0.02703	0.01656	0.01050	0.01101	0.00340	0.01476	0.00955	0.00540	0.01618
36	0.01518	0.01085	0.01475	0.01735	0.01865	0.01041	0.01301	0.01822	0.02300	0.03038	0.06122	0.44071	0.07123	0.03387	0.01476	0.00477	0.00781	0.17387	0.01042	0.00955
37	0.01723	0.02157	0.11722	0.01933	0.02426	0.01576	0.01805	0.02247	0.02483	0.03381	0.15123	0.17191	0.17391	0.02458	0.01571	0.00408	0.07032	0.05321	0.00914	0.01137
38	0.04120	0.03074	0.03288	0.02558	0.03430	0.03416	0.02101	0.44977	0.10244	0.06837	0.02904	0.02863	0.02078	0.01370	0.01128	0.00343	0.01201	0.01041	0.01128	0.01900
39	0.02182	0.02111	0.03724	0.52089	0.07553	0.02537	0.08053	0.02954	0.02294	0.02954	0.02030	0.03005	0.01522	0.01106	0.01147	0.00376	0.01543	0.01035	0.00507	0.01279
40	0.02657	0.03036	0.06641	0.04744	0.05882	0.02846	0.49336	0.03605	0.02657	0.03605	0.02277	0.03036	0.01708	0.00949	0.01328	0.00380	0.01898	0.01328	0.00569	0.01518
41	0.01988	0.01071	0.01148	0.01129	0.01392	0.01052	0.00847	0.02514	0.02540	0.04265	0.14397	0.05115	0.04572	0.01527	0.00905	0.00282	0.00526	0.01264	0.52413	0.01052
42	0.03332	0.01758	0.02229	0.01889	0.02485	0.01690	0.01521	0.07572	0.08401	0.24548	0.20556	0.06047	0.05703	0.01850	0.01233	0.00367	0.00837	0.05174	0.01265	0.01544
43	0.03040	0.02936	0.03986	0.03554	0.11883	0.11183	0.14357	0.03644	0.02676	0.07881	0.02259	0.02669	0.01757	0.00994	0.01064	0.00286	0.01404	0.00944	0.00672	0.22811
44	0.54199	0.01929	0.01552	0.01443	0.02026	0.02196	0.01154	0.03051	0.01989	0.04728	0.02283	0.08192	0.02055	0.01335	0.00784	0.00351	0.00811	0.00930	0.07823	0.01169
45	0.02888	0.07969	0.09798	0.03394	0.08165	0.02711	0.16462	0.07772	0.10374	0.08051	0.08068	0.03617	0.02968	0.01267	0.01170	0.00353	0.01338	0.01209	0.00821	0.01606

[dist]
# distance from previous block
# <min> <max>
0	1

[block]
# block no. 5 follows, 11 sequences, length 40
# corresponding to MSA columns:
# 373-412
name=unknown_F
#
# <colnr> <probs for GDERKNQSTAVLIFYWHMCP>
#	G	D	E	R	K	N	Q	S	T	A	V	L	I	F	Y	W	H	M	C	P
0	0.02395	0.01553	0.01820	0.01610	0.02160	0.01386	0.01233	0.03063	0.08210	0.13161	0.06684	0.16584	0.20187	0.02203	0.01206	0.00353	0.00742	0.01875	0.01059	0.12516
1	0.03246	0.02487	0.02980	0.02393	0.03108	0.02710	0.06534	0.23137	0.16645	0.05475	0.03370	0.03460	0.02509	0.01348	0.01078	0.00337	0.01057	0.01122	0.15353	0.01650
2	0.02334	0.02001	0.02334	0.01667	0.02667	0.01500	0.01334	0.02834	0.02334	0.03668	0.02001	0.02334	0.01667	0.00834	0.00834	0.00167	0.00834	0.00667	0.00667	0.67325
3	0.02098	0.01049	0.01049	0.01049	0.01311	0.01049	0.00787	0.02623	0.02360	0.04196	0.03672	0.04196	0.02885	0.01311	0.00787	0.00262	0.00525	0.01049	0.66693	0.01049
4	0.01330	0.01140	0.01140	0.01140	0.01520	0.00950	0.00855	0.01615	0.02565	0.03041	0.11402	0.10832	0.52967	0.02850	0.01330	0.00380	0.00570	0.02375	0.01045	0.00950
5	0.01637	0.01091	0.01228	0.01228	0.01228	0.01091	0.00682	0.01637	0.01637	0.02182	0.03546	0.07365	0.04092	0.60445	0.05729	0.01091	0.01091	0.01637	0.00682	0.00682
6	0.02257	0.05822	0.54613	0.03208	0.04871	0.02614	0.04158	0.03564	0.02376	0.03564	0.02020	0.02376	0.01426	0.01069	0.01069	0.00356	0.01663	0.00832	0.00475	0.01663
7	0.01608	0.01206	0.01809	0.01809	0.02010	0.01407	0.01407	0.02010	0.01809	0.02613	0.03015	0.04422	0.02814	0.08441	0.55984	0.01809	0.03015	0.01206	0.00603	0.01005
8	0.01330	0.01140	0.01140	0.01140	0.01520	0.00950	0.00855	0.01615	0.02565	0.03041	0.11402	0.10832	0.52967	0.02850	0.01330	0.00380	0.00570	0.02375	0.01045	0.00950
9	0.01608	0.01206	0.01809	0.01809	0.02010	0.01407	0.01407	0.02010	0.01809	0.02613	0.03015	0.04422	0.02814	0.08441	0.55984	0.01809	0.03015	0.01206	0.00603	0.01005
10	0.01371	0.00979	0.01306	0.01567	0.01632	0.00914	0.01045	0.01567	0.02155	0.02873	0.06203	0.59710	0.07444	0.03526	0.01437	0.00457	0.00653	0.03200	0.01045	0.00914
11	0.05050	0.01915	0.02612	0.02003	0.02873	0.01654	0.01654	0.05485	0.03221	0.54203	0.04440	0.03831	0.02786	0.01393	0.01132	0.00348	0.00958	0.01132	0.01393	0.01915
