[name]
unknown

[dist]
# distance from previous block
# <min> <max>
0	2

[block]
# block no. 0 follows, 11 sequences, length 41
# corresponding to MSA columns:
# 2-42
name=unknown_A
#
# <colnr> <probs for GDERKNQSTAVLIFYWHMCP>
#	G	D	E	R	K	N	Q	S	T	A	V	L	I	F	Y	W	H	M	C	P
0	0.02674	0.01612	0.02131	0.02117	0.02558	0.01602	0.01820	0.08096	0.03002	0.13053	0.05325	0.09983	0.05304	0.02603	0.01430	0.00467	0.01044	0.32774	0.01111	0.01293
1	0.11028	0.02514	0.02741	0.02232	0.03019	0.02722	0.01808	0.20125	0.18923	0.17546	0.03591	0.03351	0.02528	0.01383	0.01086	0.00355	0.01021	0.01079	0.01150	0.01797
2	0.24168	0.02850	0.02843	0.02245	0.03083	0.03191	0.01854	0.35289	0.04244	0.06459	0.02350	0.02431	0.01698	0.01256	0.00993	0.00341	0.01124	0.00888	0.00993	0.01698
3	0.02722	0.02256	0.02774	0.02345	0.02960	0.02453	0.05939	0.12951	0.25181	0.04869	0.13071	0.09304	0.04660	0.01754	0.01217	0.00374	0.00961	0.01533	0.01098	0.01576
4	0.01507	0.01161	0.01385	0.01370	0.01683	0.01040	0.01055	0.01934	0.02864	0.03778	0.30586	0.09872	0.27866	0.02616	0.01353	0.00382	0.00601	0.06799	0.01137	0.01013
5	0.02373	0.02380	0.03214	0.30157	0.05299	0.07832	0.02654	0.02891	0.02137	0.02786	0.01926	0.02896	0.01627	0.02153	0.07670	0.00553	0.18721	0.00991	0.00516	0.01224
6	0.01622	0.01148	0.01517	0.01517	0.01617	0.01249	0.01043	0.01823	0.01723	0.02397	0.03281	0.05898	0.03455	0.34525	0.30777	0.01449	0.02050	0.01422	0.00643	0.00843
7	0.02606	0.02491	0.04244	0.20720	0.41014	0.02627	0.03365	0.03297	0.02478	0.03459	0.02085	0.02844	0.01706	0.01036	0.01117	0.00345	0.01381	0.01002	0.00542	0.01638
8	0.01637	0.01091	0.01228	0.01228	0.01228	0.01091	0.00682	0.01637	0.01637	0.02182	0.03546	0.07365	0.04092	0.60445	0.05729	0.01091	0.01091	0.01637	0.00682	0.00682
9	0.02577	0.02461	0.04191	0.23011	0.38955	0.02619	0.03350	0.03271	0.02464	0.03423	0.02080	0.02854	0.01693	0.01042	0.01118	0.00347	0.01389	0.01002	0.00539	0.01614
10	0.04503	0.03362	0.03084	0.02488	0.03292	0.17157	0.01995	0.23398	0.04065	0.20838	0.02991	0.02877	0.02064	0.01312	0.01098	0.00328	0.01365	0.00973	0.01062	0.01749
11	0.03614	0.02912	0.14365	0.02843	0.03873	0.02071	0.12256	0.04350	0.02857	0.27470	0.03633	0.04291	0.02661	0.01412	0.01205	0.00375	0.01313	0.05827	0.00988	0.01686
12	0.02013	0.01750	0.02725	0.03794	0.23842	0.01698	0.02064	0.02478	0.02547	0.03520	0.13072	0.22009	0.09584	0.02170	0.01270	0.00380	0.00918	0.01981	0.00870	0.01316
13	0.04038	0.08737	0.03627	0.02554	0.03423	0.06604	0.06506	0.20056	0.09189	0.18951	0.03178	0.03082	0.02230	0.01291	0.01101	0.00337	0.01236	0.01044	0.01046	0.01771
14	0.01829	0.02168	0.11404	0.02221	0.02728	0.01694	0.06376	0.02361	0.01956	0.02789	0.02876	0.04520	0.02720	0.16858	0.31007	0.01272	0.02284	0.01239	0.00593	0.01105
15	0.03198	0.43039	0.10505	0.02201	0.03225	0.04056	0.02206	0.13174	0.02931	0.03684	0.01853	0.02055	0.01542	0.01056	0.00844	0.00273	0.01260	0.00713	0.00617	0.01567
16	0.03789	0.03142	0.02904	0.02419	0.03134	0.13996	0.01918	0.21473	0.14341	0.10729	0.07616	0.03523	0.03026	0.01439	0.01125	0.00340	0.01236	0.01114	0.01055	0.01680
17	0.01471	0.01076	0.01382	0.01453	0.01644	0.00987	0.01034	0.01833	0.02681	0.03660	0.28619	0.30675	0.13546	0.02883	0.01375	0.00401	0.00587	0.02570	0.01136	0.00987
18	0.03070	0.02549	0.08098	0.02364	0.03237	0.02152	0.06050	0.08521	0.12607	0.14084	0.03535	0.09157	0.02854	0.01451	0.01114	0.00331	0.01067	0.01255	0.00962	0.15543
19	0.01637	0.01091	0.01228	0.01228	0.01228	0.01091	0.00682	0.01637	0.01637	0.02182	0.03546	0.07365	0.04092	0.60445	0.05729	0.01091	0.01091	0.01637	0.00682	0.00682
20	0.03009	0.61122	0.05898	0.01926	0.02889	0.04454	0.01926	0.03370	0.02287	0.02648	0.01565	0.01805	0.01444	0.00963	0.00722	0.00241	0.01204	0.00602	0.00481	0.01444
21	0.68395	0.02177	0.01654	0.01480	0.02177	0.02525	0.01219	0.03309	0.01915	0.05050	0.01567	0.01828	0.01219	0.01045	0.00697	0.00348	0.00871	0.00609	0.00697	0.01219
22	0.03449	0.02062	0.02748	0.02304	0.02773	0.02299	0.01908	0.08189	0.02879	0.22742	0.08792	0.04688	0.03520	0.01845	0.02007	0.00411	0.19138	0.05702	0.01029	0.01516
23	0.01616	0.01144	0.01489	0.01465	0.01602	0.01185	0.01018	0.01889	0.02113	0.02954	0.16767	0.06704	0.05456	0.27957	0.20660	0.01121	0.01556	0.01607	0.00808	0.00889
24	0.01358	0.01124	0.01190	0.01210	0.01546	0.00956	0.00893	0.01655	0.02577	0.03153	0.14505	0.15775	0.44433	0.02873	0.01341	0.00386	0.00575	0.02432	0.01062	0.00956
25	0.03482	0.02762	0.03929	0.03019	0.03902	0.02902	0.14802	0.19102	0.18146	0.10730	0.03345	0.03368	0.02412	0.01299	0.01187	0.00363	0.01282	0.01190	0.01011	0.01767
26	0.01547	0.01149	0.01441	0.01368	0.01653	0.01042	0.01026	0.02035	0.03077	0.04256	0.45577	0.08832	0.18033	0.02397	0.01328	0.00359	0.00538	0.02095	0.01205	0.01042
27	0.61451	0.02148	0.01759	0.01537	0.02253	0.02429	0.01267	0.03547	0.02059	0.10438	0.01882	0.02048	0.01391	0.01083	0.00744	0.00348	0.00880	0.00667	0.00773	0.01295
28	0.02684	0.21415	0.35195	0.02811	0.04158	0.08978	0.03309	0.03611	0.02440	0.03216	0.01860	0.02177	0.01434	0.01049	0.00965	0.00316	0.01573	0.00755	0.00488	0.01562
29	0.01406	0.01025	0.01325	0.01499	0.01630	0.00944	0.01029	0.01669	0.02375	0.03177	0.14869	0.46004	0.12400	0.03246	0.01407	0.00432	0.00624	0.02916	0.01079	0.00944
30	0.02711	0.02598	0.04434	0.12625	0.48287	0.02655	0.03417	0.03389	0.02528	0.03587	0.02104	0.02810	0.01751	0.01017	0.01116	0.00339	0.01355	0.01003	0.00551	0.01723
31	0.02423	0.02520	0.04062	0.41507	0.06973	0.07283	0.12982	0.03175	0.02421	0.03022	0.02037	0.02923	0.01541	0.01090	0.01159	0.00369	0.01632	0.01047	0.00522	0.01313
32	0.01586	0.01303	0.02079	0.08206	0.02751	0.01288	0.06170	0.01921	0.02216	0.02948	0.05333	0.47592	0.06195	0.02995	0.01391	0.00440	0.00874	0.02763	0.00935	0.01013
33	0.01330	0.01140	0.01140	0.01140	0.01520	0.00950	0.00855	0.01615	0.02565	0.03041	0.11402	0.10832	0.52967	0.02850	0.01330	0.00380	0.00570	0.02375	0.01045	0.00950
34	0.04613	0.01977	0.02586	0.02009	0.02822	0.01801	0.01649	0.10114	0.03451	0.43872	0.09146	0.04167	0.03481	0.01480	0.01151	0.00348	0.00946	0.01210	0.01347	0.01829
35	0.02133	0.10138	0.35231	0.02605	0.03799	0.02365	0.03089	0.03103	0.02494	0.03582	0.11578	0.08580	0.03640	0.01504	0.01114	0.00353	0.01320	0.01240	0.00666	0.01464
36	0.02735	0.02622	0.04477	0.10815	0.49913	0.02661	0.03429	0.03410	0.02539	0.03615	0.02108	0.02802	0.01761	0.01012	0.01115	0.00337	0.01350	0.01003	0.00553	0.01742
37	0.02470	0.02352	0.03998	0.31231	0.31570	0.02591	0.03297	0.03177	0.02413	0.03294	0.02061	0.02889	0.01648	0.01061	0.01120	0.00354	0.01415	0.01002	0.00530	0.01528
38	0.68395	0.02177	0.01654	0.01480	0.02177	0.02525	0.01219	0.03309	0.01915	0.05050	0.01567	0.01828	0.01219	0.01045	0.00697	0.00348	0.00871	0.00609	0.00697	0.01219
39	0.01371	0.00979	0.01306	0.01567	0.01632	0.00914	0.01045	0.01567	0.02155	0.02873	0.06203	0.59710	0.07444	0.03526	0.01437	0.00457	0.00653	0.03200	0.01045	0.00914
40	0.46946	0.08621	0.02277	0.01663	0.02345	0.02675	0.01382	0.08346	0.02361	0.04787	0.02184	0.08030	0.01979	0.01332	0.00826	0.00347	0.00926	0.00927	0.00758	0.01290

[dist]
# distance from previous block
# <min> <max>
0	1

[block]
# block no. 1 follows, 11 sequences, length 12
# corresponding to MSA columns:
# 44-55
name=unknown_B
#
# <colnr> <probs for GDERKNQSTAVLIFYWHMCP>
#	G	D	E	R	K	N	Q	S	T	A	V	L	I	F	Y	W	H	M	C	P
0	0.11032	0.34621	0.22128	0.02311	0.03481	0.03576	0.02605	0.03429	0.02271	0.03268	0.01722	0.02005	0.01409	0.01010	0.00838	0.00294	0.01320	0.00682	0.00507	0.01491
1	0.28682	0.02261	0.02755	0.02156	0.02992	0.02300	0.06586	0.09038	0.02882	0.25373	0.02944	0.02872	0.01989	0.01210	0.00987	0.00350	0.01053	0.00943	0.01015	0.01610
2	0.04524	0.02033	0.02596	0.02070	0.02886	0.01922	0.01684	0.05601	0.14475	0.42640	0.04473	0.03917	0.02938	0.01424	0.01135	0.00356	0.00942	0.01165	0.01335	0.01884
3	0.03607	0.02404	0.02790	0.02307	0.02961	0.11126	0.06879	0.04102	0.02994	0.23550	0.09154	0.04909	0.03699	0.01577	0.01164	0.00351	0.01166	0.05906	0.07866	0.01488
4	0.02257	0.05822	0.54613	0.03208	0.04871	0.02614	0.04158	0.03564	0.02376	0.03564	0.02020	0.02376	0.01426	0.01069	0.01069	0.00356	0.01663	0.00832	0.00475	0.01663
5	0.01371	0.00979	0.01306	0.01567	0.01632	0.00914	0.01045	0.01567	0.02155	0.02873	0.06203	0.59710	0.07444	0.03526	0.01437	0.00457	0.00653	0.03200	0.01045	0.00914
6	0.02172	0.01983	0.03189	0.02593	0.03174	0.01989	0.14808	0.03456	0.15210	0.04106	0.20570	0.12143	0.05891	0.01874	0.01295	0.00381	0.01022	0.01785	0.01003	0.01356
7	0.01371	0.00979	0.01306	0.01567	0.01632	0.00914	0.01045	0.01567	0.02155	0.02873	0.06203	0.59710	0.07444	0.03526	0.01437	0.00457	0.00653	0.03200	0.01045	0.00914
8	0.02836	0.02330	0.02895	0.02409	0.03019	0.02567	0.06590	0.15027	0.22737	0.04563	0.03574	0.04206	0.02922	0.10709	0.07886	0.00631	0.01341	0.01262	0.00954	0.01541
9	0.03188	0.41349	0.11448	0.02311	0.03275	0.16008	0.02266	0.03652	0.02505	0.02789	0.01662	0.01929	0.01443	0.01021	0.00833	0.00267	0.01451	0.00659	0.00503	0.01440
10	0.03679	0.01985	0.02472	0.01889	0.02729	0.01736	0.01533	0.09117	0.03165	0.26869	0.09435	0.03796	0.03300	0.01323	0.01061	0.00290	0.00897	0.01083	0.01115	0.22526
11	0.03147	0.02502	0.03227	0.08637	0.03856	0.02664	0.06973	0.14303	0.20886	0.08707	0.03312	0.03358	0.02438	0.01285	0.01118	0.00341	0.01137	0.01105	0.00968	0.10036

[dist]
# distance from previous block
# <min> <max>
0	7

[block]
# block no. 2 follows, 11 sequences, length 30
# corresponding to MSA columns:
# 63-92
name=unknown_C
#
# <colnr> <probs for GDERKNQSTAVLIFYWHMCP>
#	G	D	E	R	K	N	Q	S	T	A	V	L	I	F	Y	W	H	M	C	P
0	0.03396	0.09873	0.03238	0.02288	0.03048	0.03134	0.01888	0.26192	0.17595	0.05577	0.08905	0.03673	0.03293	0.01463	0.01105	0.00340	0.01055	0.01154	0.01065	0.01720
1	0.35979	0.02705	0.02760	0.03037	0.13665	0.07821	0.01997	0.07666	0.02471	0.04504	0.01800	0.02195	0.01452	0.01160	0.01134	0.00352	0.06433	0.00778	0.00676	0.01415
2	0.02481	0.03399	0.21683	0.14805	0.04863	0.02246	0.08308	0.03373	0.02529	0.08200	0.06986	0.03278	0.02484	0.01183	0.01112	0.00339	0.01382	0.01045	0.00671	0.09632
3	0.02650	0.34699	0.29174	0.02538	0.03836	0.03575	0.02993	0.03463	0.02330	0.03086	0.01782	0.02078	0.01435	0.01014	0.00888	0.00296	0.01423	0.00712	0.00478	0.01549
4	0.01721	0.01424	0.02270	0.02114	0.02355	0.01597	0.05723	0.02117	0.01950	0.02764	0.03489	0.15646	0.03571	0.06228	0.35540	0.01294	0.06850	0.01614	0.00683	0.01050
5	0.03437	0.21640	0.08761	0.02394	0.03260	0.14719	0.02155	0.08067	0.13033	0.08176	0.02623	0.02660	0.02016	0.01203	0.00976	0.00309	0.01341	0.00870	0.00774	0.01585
6	0.03270	0.48968	0.05308	0.02138	0.03018	0.15674	0.01980	0.03615	0.02484	0.02671	0.01603	0.01854	0.01446	0.01006	0.00786	0.00251	0.01384	0.00629	0.00503	0.01414
7	0.02812	0.46639	0.18656	0.02262	0.03408	0.03972	0.02511	0.03421	0.02310	0.02888	0.01684	0.01955	0.01440	0.00991	0.00813	0.00271	0.01324	0.00662	0.00480	0.01502
8	0.12453	0.02304	0.03101	0.02363	0.03249	0.02236	0.07222	0.13073	0.03373	0.33653	0.03517	0.03285	0.02308	0.01291	0.01100	0.00350	0.01107	0.01068	0.01163	0.01783
9	0.02871	0.03154	0.14623	0.03768	0.16523	0.02674	0.02846	0.08742	0.02778	0.08612	0.07074	0.03250	0.02590	0.01427	0.01685	0.00377	0.13602	0.01073	0.00734	0.01597
10	0.01848	0.01711	0.03162	0.02626	0.03092	0.01599	0.17537	0.02358	0.02501	0.03402	0.12781	0.31645	0.06025	0.02438	0.01381	0.00413	0.01057	0.02363	0.00915	0.01145
11	0.01471	0.01131	0.01346	0.01324	0.01615	0.01005	0.00981	0.01876	0.02852	0.03794	0.32555	0.14084	0.26646	0.02626	0.01339	0.00374	0.00557	0.02274	0.01146	0.01005
12	0.02074	0.01514	0.01921	0.01659	0.02180	0.01270	0.01276	0.02255	0.02096	0.03047	0.02867	0.08211	0.02871	0.02295	0.02067	0.20648	0.00895	0.07627	0.00694	0.32535
13	0.02613	0.02498	0.04256	0.20221	0.41462	0.02629	0.03368	0.03303	0.02481	0.03467	0.02087	0.02842	0.01709	0.01035	0.01117	0.00345	0.01380	0.01002	0.00542	0.01643
14	0.12145	0.04563	0.03035	0.02667	0.03321	0.39658	0.02050	0.12683	0.03420	0.03839	0.01896	0.02129	0.01507	0.01181	0.00996	0.00306	0.01741	0.00764	0.00695	0.01407
15	0.04029	0.02690	0.02987	0.02384	0.03205	0.02915	0.01939	0.28311	0.17656	0.16273	0.03587	0.03354	0.02519	0.01409	0.01133	0.00352	0.01083	0.01110	0.01187	0.01878
16	0.03365	0.02258	0.02722	0.09045	0.03439	0.02422	0.01903	0.24753	0.03788	0.12442	0.03790	0.17836	0.03440	0.01899	0.01208	0.00375	0.01076	0.01602	0.01067	0.01570
17	0.01563	0.01149	0.01462	0.01384	0.01663	0.01049	0.01038	0.02065	0.03114	0.04343	0.48023	0.08689	0.15534	0.02365	0.01328	0.00357	0.00536	0.02075	0.01217	0.01049
18	0.01350	0.01063	0.01219	0.01344	0.01574	0.00933	0.00946	0.01592	0.02369	0.02961	0.08918	0.34186	0.31216	0.03173	0.01381	0.00417	0.00610	0.02769	0.01045	0.00933
19	0.02243	0.01294	0.01713	0.01526	0.01906	0.01173	0.01173	0.02756	0.03193	0.13864	0.43724	0.07546	0.09146	0.02130	0.01291	0.00353	0.00611	0.01865	0.01268	0.01223
20	0.02536	0.02419	0.04117	0.26140	0.36144	0.02609	0.03330	0.03235	0.02445	0.03374	0.02073	0.02867	0.01676	0.01049	0.01118	0.00350	0.01399	0.01002	0.00536	0.01581
21	0.02126	0.02001	0.03376	0.57739	0.07752	0.02501	0.03126	0.02876	0.02251	0.02876	0.02001	0.03001	0.01500	0.01125	0.01125	0.00375	0.01500	0.01000	0.00500	0.01250
22	0.02814	0.01638	0.02197	0.08632	0.02909	0.01615	0.01570	0.07379	0.03269	0.17684	0.29251	0.06017	0.06640	0.01830	0.01233	0.00354	0.00827	0.01577	0.01178	0.01388
23	0.03166	0.02124	0.02523	0.01854	0.02814	0.01780	0.01503	0.09196	0.02893	0.15106	0.02619	0.02706	0.01942	0.01019	0.00935	0.00227	0.00911	0.00811	0.00882	0.44990
24	0.08126	0.01757	0.02409	0.07608	0.08710	0.01698	0.01739	0.03585	0.02882	0.21773	0.17194	0.05335	0.09125	0.01670	0.01166	0.00354	0.00898	0.01418	0.01084	0.01468
25	0.03981	0.07799	0.03413	0.02421	0.03258	0.02310	0.07639	0.08888	0.07630	0.29409	0.03893	0.04293	0.02847	0.01465	0.01157	0.00360	0.01124	0.05261	0.01124	0.01727
26	0.03083	0.02177	0.03421	0.08717	0.16717	0.02168	0.06797	0.07818	0.03018	0.14991	0.09390	0.04894	0.03616	0.01531	0.01218	0.00370	0.01179	0.06394	0.00927	0.01574
27	0.10062	0.01892	0.02317	0.10020	0.06842	0.02064	0.01686	0.12525	0.02715	0.03920	0.03305	0.14573	0.03374	0.17142	0.02339	0.00564	0.01092	0.01538	0.00813	0.01219
28	0.02748	0.02343	0.03830	0.16072	0.23266	0.02300	0.07011	0.03402	0.02517	0.08310	0.02303	0.02857	0.01785	0.01025	0.01077	0.00312	0.01278	0.00972	0.00650	0.15943
29	0.03110	0.02019	0.02736	0.06556	0.10453	0.01884	0.01881	0.03950	0.08408	0.18018	0.09278	0.03834	0.03297	0.01298	0.01076	0.00305	0.00959	0.01110	0.00969	0.18858

[dist]
# distance from previous block
# <min> <max>
0	1

[block]
# block no. 3 follows, 11 sequences, length 9
# corresponding to MSA columns:
# 94-102
name=unknown_D
#
# <colnr> <probs for GDERKNQSTAVLIFYWHMCP>
#	G	D	E	R	K	N	Q	S	T	A	V	L	I	F	Y	W	H	M	C	P
0	0.02089	0.02277	0.08820	0.02182	0.02855	0.01853	0.07641	0.07160	0.08440	0.03899	0.11758	0.10974	0.21256	0.02093	0.01266	0.00377	0.00973	0.01828	0.00956	0.01305
1	0.38961	0.02011	0.01870	0.01659	0.02275	0.02197	0.01322	0.08963	0.02548	0.09422	0.03410	0.12008	0.06077	0.01639	0.00954	0.00367	0.00869	0.01247	0.00896	0.01304
2	0.12087	0.10098	0.03222	0.02187	0.03043	0.02946	0.01841	0.22849	0.07224	0.18951	0.03025	0.02895	0.02115	0.01288	0.01024	0.00333	0.01087	0.00962	0.01065	0.01759
3	0.03757	0.02896	0.08689	0.02411	0.03302	0.02695	0.02125	0.18753	0.19691	0.17907	0.03690	0.03448	0.02585	0.01388	0.01127	0.00357	0.01100	0.01109	0.01127	0.01842
4	0.11219	0.02734	0.09989	0.02882	0.03799	0.02292	0.16839	0.07316	0.02936	0.12525	0.12236	0.03936	0.03513	0.01340	0.01168	0.00359	0.01270	0.01255	0.00882	0.01508
5	0.23545	0.09781	0.09348	0.01916	0.02873	0.02359	0.01808	0.03751	0.02408	0.15578	0.02376	0.02462	0.01727	0.01074	0.00876	0.00298	0.01026	0.00769	0.00796	0.15230
6	0.03966	0.02033	0.02936	0.08616	0.03580	0.01957	0.05559	0.09521	0.03162	0.32414	0.04021	0.10732	0.03054	0.01597	0.01185	0.00367	0.01087	0.01385	0.01151	0.01679
7	0.11441	0.02448	0.03282	0.02959	0.09709	0.02437	0.07339	0.11672	0.08548	0.14433	0.02880	0.02976	0.02092	0.01168	0.01052	0.00323	0.01123	0.00996	0.00918	0.12205
8	0.03086	0.02418	0.09034	0.02085	0.02890	0.01962	0.01860	0.04419	0.16329	0.18557	0.13287	0.04463	0.04184	0.01501	0.01131	0.00339	0.00933	0.01254	0.01093	0.09175

[dist]
# distance from previous block
# <min> <max>
15	40

[block]
# block no. 4 follows, 11 sequences, length 8
# corresponding to MSA columns:
# 143-150
name=unknown_E
#
# <colnr> <probs for GDERKNQSTAVLIFYWHMCP>
#	G	D	E	R	K	N	Q	S	T	A	V	L	I	F	Y	W	H	M	C	P
0	0.10034	0.06694	0.03019	0.02732	0.09792	0.09814	0.01909	0.04276	0.12334	0.11722	0.02800	0.02870	0.02118	0.01158	0.00984	0.00302	0.01129	0.00904	0.00839	0.14568
1	0.07254	0.02013	0.03017	0.09112	0.17048	0.02188	0.02276	0.03259	0.02335	0.12364	0.02846	0.06783	0.02420	0.02834	0.12312	0.00661	0.07918	0.01175	0.00743	0.01442
2	0.02429	0.01797	0.01829	0.01669	0.02171	0.06844	0.01319	0.02817	0.02797	0.11878	0.12560	0.08046	0.23842	0.02243	0.01255	0.00364	0.00866	0.07785	0.01047	0.06441
3	0.06810	0.05893	0.09078	0.09969	0.03856	0.02270	0.05878	0.04177	0.09401	0.19388	0.03529	0.09073	0.02773	0.01478	0.01125	0.00365	0.01158	0.01268	0.00937	0.01576
4	0.02741	0.33654	0.11688	0.02743	0.10138	0.03367	0.02327	0.03302	0.02347	0.03120	0.01791	0.02125	0.01533	0.00957	0.00846	0.00255	0.01212	0.00702	0.00528	0.14626
5	0.24635	0.14159	0.20658	0.02179	0.03298	0.02765	0.02371	0.03341	0.02199	0.03911	0.01782	0.02082	0.01393	0.01009	0.00848	0.00306	0.01198	0.00692	0.00577	0.10597
6	0.02487	0.02561	0.16245	0.01929	0.02561	0.01624	0.01835	0.02935	0.02156	0.12911	0.03303	0.05285	0.03096	0.32303	0.03528	0.00741	0.01223	0.01314	0.00766	0.01198
7	0.55795	0.02125	0.01845	0.01584	0.02315	0.02352	0.01306	0.03741	0.02175	0.14827	0.02139	0.02227	0.01531	0.01114	0.00783	0.00348	0.00888	0.00713	0.00835	0.01357

[dist]
# distance from previous block
# <min> <max>
3	19

[block]
# block no. 5 follows, 11 sequences, length 8
# corresponding to MSA columns:
# 170-177
name=unknown_F
#
# <colnr> <probs for GDERKNQSTAVLIFYWHMCP>
#	G	D	E	R	K	N	Q	S	T	A	V	L	I	F	Y	W	H	M	C	P
0	0.09767	0.10882	0.07995	0.03463	0.10667	0.03159	0.12456	0.16055	0.06809	0.04647	0.02354	0.02664	0.01796	0.01127	0.01068	0.00339	0.01356	0.00990	0.00754	0.01650
1	0.02788	0.17189	0.37281	0.02773	0.04182	0.02883	0.03348	0.03776	0.02469	0.10052	0.02242	0.02446	0.01609	0.01089	0.01003	0.00330	0.01471	0.00822	0.00598	0.01650
2	0.02914	0.25589	0.29642	0.02573	0.03871	0.03158	0.02998	0.03755	0.02459	0.10131	0.02183	0.02365	0.01618	0.01074	0.00950	0.00313	0.01398	0.00788	0.00603	0.01617
3	0.03283	0.07051	0.04190	0.07441	0.14118	0.07834	0.12395	0.03885	0.02711	0.13923	0.02531	0.02863	0.01882	0.01071	0.01089	0.00316	0.01383	0.00997	0.00741	0.10295
4	0.12790	0.10440	0.03897	0.02587	0.03508	0.02654	0.11942	0.10328	0.03068	0.23372	0.02962	0.02962	0.02042	0.01186	0.01058	0.00339	0.01218	0.01015	0.00961	0.01671
5	0.01486	0.01114	0.01398	0.01541	0.01759	0.01026	0.01161	0.01820	0.02499	0.03248	0.13903	0.29488	0.19895	0.03088	0.01419	0.00435	0.00696	0.11984	0.01070	0.00970
6	0.03240	0.01929	0.03109	0.03031	0.09941	0.01799	0.08426	0.03780	0.02797	0.22476	0.04380	0.10582	0.03878	0.01916	0.01295	0.00405	0.01134	0.13316	0.01041	0.01524
7	0.04470	0.10694	0.03333	0.02247	0.03109	0.08022	0.01879	0.17443	0.03669	0.28812	0.03290	0.03057	0.02224	0.01299	0.01062	0.00325	0.01178	0.00985	0.01112	0.01789

[dist]
# distance from previous block
# <min> <max>
0	2

[block]
# block no. 6 follows, 11 sequences, length 12
# corresponding to MSA columns:
# 181-192
name=unknown_G
#
# <colnr> <probs for GDERKNQSTAVLIFYWHMCP>
#	G	D	E	R	K	N	Q	S	T	A	V	L	I	F	Y	W	H	M	C	P
0	0.03919	0.02761	0.07917	0.09026	0.04207	0.02511	0.09093	0.16926	0.03527	0.23712	0.03163	0.03186	0.02127	0.01259	0.01153	0.00354	0.01293	0.01087	0.01020	0.01760
1	0.23576	0.03167	0.09100	0.02689	0.03452	0.09680	0.09524	0.03689	0.02370	0.09595	0.02068	0.02445	0.01574	0.01244	0.01439	0.00371	0.11039	0.00887	0.00681	0.01410
2	0.03713	0.02713	0.09904	0.02563	0.03496	0.02271	0.07465	0.05171	0.17928	0.26463	0.03918	0.03662	0.02685	0.01341	0.01150	0.00363	0.01137	0.01158	0.01102	0.01795
3	0.17068	0.02091	0.02405	0.01970	0.02748	0.02109	0.01599	0.05175	0.14807	0.32277	0.03905	0.03524	0.02635	0.01357	0.01049	0.00356	0.00924	0.01063	0.01194	0.01744
4	0.03483	0.02563	0.04070	0.04027	0.18241	0.02459	0.11691	0.11180	0.03142	0.16236	0.02781	0.03019	0.02014	0.01121	0.01131	0.00328	0.01285	0.01061	0.00861	0.09306
5	0.26880	0.02569	0.02998	0.02380	0.03196	0.02796	0.07933	0.16562	0.10508	0.09633	0.02674	0.02757	0.01943	0.01219	0.01002	0.00355	0.01117	0.00960	0.00925	0.01593
6	0.01910	0.01137	0.01575	0.01477	0.01657	0.01058	0.01039	0.01783	0.01985	0.02775	0.14348	0.04511	0.04032	0.03165	0.03242	0.43263	0.00852	0.01199	0.00692	0.08300
7	0.20685	0.11083	0.14168	0.02816	0.03803	0.07296	0.13312	0.03465	0.02389	0.03777	0.02166	0.03045	0.01816	0.01180	0.01014	0.00351	0.01425	0.04200	0.00609	0.01402
8	0.02934	0.02097	0.02799	0.15023	0.08046	0.02270	0.02110	0.13931	0.07345	0.10831	0.03740	0.16936	0.03404	0.01822	0.01203	0.00380	0.01096	0.01580	0.00954	0.01499
9	0.02257	0.05822	0.54613	0.03208	0.04871	0.02614	0.04158	0.03564	0.02376	0.03564	0.02020	0.02376	0.01426	0.01069	0.01069	0.00356	0.01663	0.00832	0.00475	0.01663
10	0.08214	0.02039	0.02941	0.10699	0.19059	0.02117	0.02202	0.06503	0.02793	0.08285	0.14017	0.04468	0.04000	0.06138	0.01501	0.00407	0.01075	0.01268	0.00840	0.01432
11	0.02508	0.01907	0.03300	0.10683	0.03873	0.01944	0.13323	0.03013	0.02438	0.11792	0.03958	0.23562	0.03912	0.02062	0.01494	0.00411	0.05754	0.01895	0.00865	0.01306

[dist]
# distance from previous block
# <min> <max>
0	64

[block]
# block no. 7 follows, 11 sequences, length 10
# corresponding to MSA columns:
# 258-267
name=unknown_H
#
# <colnr> <probs for GDERKNQSTAVLIFYWHMCP>
#	G	D	E	R	K	N	Q	S	T	A	V	L	I	F	Y	W	H	M	C	P
0	0.01871	0.01488	0.02279	0.13422	0.03225	0.01815	0.01824	0.02191	0.01838	0.02579	0.02458	0.03739	0.02250	0.05459	0.30493	0.11294	0.09119	0.01102	0.00551	0.01005
1	0.11912	0.02403	0.12727	0.10360	0.03348	0.01845	0.02042	0.02610	0.02405	0.03654	0.13331	0.05295	0.12587	0.02522	0.07787	0.00538	0.01272	0.01374	0.00775	0.01211
2	0.02102	0.01194	0.01402	0.09659	0.02290	0.01270	0.01142	0.02661	0.02344	0.03996	0.03418	0.04015	0.02675	0.01283	0.00838	0.00279	0.00673	0.01042	0.56639	0.01080
3	0.01939	0.01568	0.02211	0.02727	0.13328	0.01474	0.01591	0.02260	0.02169	0.03029	0.03924	0.20665	0.04331	0.17667	0.02424	0.00559	0.00980	0.05215	0.00781	0.11158
4	0.02254	0.02182	0.03844	0.46605	0.12692	0.02556	0.07892	0.03015	0.02327	0.03040	0.02042	0.02980	0.01553	0.01093	0.01145	0.00371	0.01523	0.01034	0.00514	0.01338
5	0.02098	0.01049	0.01049	0.01049	0.01311	0.01049	0.00787	0.02623	0.02360	0.04196	0.03672	0.04196	0.02885	0.01311	0.00787	0.00262	0.00525	0.01049	0.66693	0.01049
6	0.24644	0.04269	0.18335	0.02502	0.03477	0.17716	0.02462	0.07711	0.02706	0.04126	0.01851	0.02127	0.01407	0.01111	0.00937	0.00333	0.01471	0.00744	0.00633	0.01438
7	0.02625	0.02522	0.09875	0.03251	0.09214	0.02010	0.15014	0.03365	0.02878	0.11614	0.19759	0.04876	0.04879	0.01497	0.01243	0.00358	0.01198	0.01442	0.00910	0.01471
8	0.14387	0.01730	0.01941	0.01701	0.02279	0.01679	0.01315	0.03335	0.08445	0.11683	0.11204	0.15444	0.04523	0.01819	0.01091	0.00341	0.00783	0.01531	0.01006	0.13761
9	0.68395	0.02177	0.01654	0.01480	0.02177	0.02525	0.01219	0.03309	0.01915	0.05050	0.01567	0.01828	0.01219	0.01045	0.00697	0.00348	0.00871	0.00609	0.00697	0.01219

[dist]
# distance from previous block
# <min> <max>
0	1

[block]
# block no. 8 follows, 11 sequences, length 16
# corresponding to MSA columns:
# 269-284
name=unknown_I
#
# <colnr> <probs for GDERKNQSTAVLIFYWHMCP>
#	G	D	E	R	K	N	Q	S	T	A	V	L	I	F	Y	W	H	M	C	P
0	0.02462	0.02462	0.03447	0.02955	0.02955	0.03447	0.02462	0.02709	0.01724	0.02709	0.01477	0.02462	0.01477	0.01970	0.03694	0.00492	0.58385	0.00985	0.00492	0.01231
1	0.01817	0.01036	0.01417	0.01417	0.01435	0.01054	0.00917	0.01572	0.01554	0.02090	0.02585	0.04836	0.02750	0.23313	0.09474	0.39151	0.01198	0.01220	0.00564	0.00600
2	0.01472	0.01149	0.01295	0.01293	0.01588	0.01023	0.00960	0.01801	0.02606	0.03326	0.20299	0.09945	0.32709	0.09888	0.01894	0.00473	0.00662	0.05619	0.01048	0.00951
3	0.08784	0.02841	0.04504	0.03421	0.04181	0.06911	0.24010	0.09419	0.02735	0.03832	0.02102	0.02791	0.01677	0.01505	0.01854	0.08683	0.07650	0.01094	0.00637	0.01369
4	0.02603	0.25423	0.21232	0.02671	0.03745	0.06787	0.07633	0.03313	0.02402	0.03087	0.02379	0.09333	0.02212	0.01328	0.01010	0.00324	0.01417	0.01086	0.00566	0.01449
5	0.02098	0.01049	0.01049	0.01049	0.01311	0.01049	0.00787	0.02623	0.02360	0.04196	0.03672	0.04196	0.02885	0.01311	0.00787	0.00262	0.00525	0.01049	0.66693	0.01049
6	0.02334	0.02001	0.02334	0.01667	0.02667	0.01500	0.01334	0.02834	0.02334	0.03668	0.02001	0.02334	0.01667	0.00834	0.00834	0.00167	0.00834	0.00667	0.00667	0.67325
7	0.02568	0.02286	0.02906	0.02509	0.03127	0.02526	0.07995	0.05009	0.37594	0.04289	0.04516	0.12293	0.03802	0.01747	0.01213	0.00393	0.00989	0.01566	0.01054	0.01618
8	0.11893	0.02977	0.04018	0.03092	0.03928	0.12825	0.20560	0.03773	0.02735	0.11079	0.03532	0.03764	0.08120	0.01305	0.01154	0.00353	0.01482	0.01215	0.00770	0.01425
9	0.42136	0.09526	0.02711	0.02335	0.09183	0.02655	0.01669	0.03659	0.02242	0.11873	0.02067	0.02250	0.01555	0.01081	0.00820	0.00333	0.00987	0.00738	0.00755	0.01425
10	0.03009	0.61122	0.05898	0.01926	0.02889	0.04454	0.01926	0.03370	0.02287	0.02648	0.01565	0.01805	0.01444	0.00963	0.00722	0.00241	0.01204	0.00602	0.00481	0.01444
11	0.02799	0.02162	0.02863	0.02133	0.03077	0.01858	0.06572	0.03737	0.09776	0.10535	0.02738	0.02885	0.02083	0.01023	0.00972	0.00246	0.00972	0.00889	0.00824	0.41856
12	0.03573	0.04002	0.13855	0.02582	0.03441	0.21348	0.02353	0.04558	0.10184	0.14168	0.06384	0.03254	0.02666	0.01324	0.01092	0.00335	0.01451	0.01007	0.00859	0.01564
13	0.01584	0.01145	0.01561	0.01564	0.01732	0.01198	0.01136	0.01925	0.02202	0.03096	0.17480	0.11999	0.05744	0.15852	0.25426	0.01121	0.01706	0.01733	0.00844	0.00951
14	0.02798	0.45551	0.19614	0.02287	0.03447	0.03936	0.02554	0.03425	0.02312	0.02906	0.01693	0.01966	0.01439	0.00993	0.00820	0.00273	0.01333	0.00667	0.00480	0.01506
15	0.02032	0.01798	0.02695	0.19092	0.13511	0.01834	0.02134	0.02614	0.02592	0.03545	0.15610	0.05337	0.11410	0.01604	0.01166	0.00337	0.01015	0.01412	0.00790	0.09470

[dist]
# distance from previous block
# <min> <max>
0	2

[block]
# block no. 9 follows, 11 sequences, length 26
# corresponding to MSA columns:
# 287-312
name=unknown_J
#
# <colnr> <probs for GDERKNQSTAVLIFYWHMCP>
#	G	D	E	R	K	N	Q	S	T	A	V	L	I	F	Y	W	H	M	C	P
0	0.02157	0.02001	0.03220	0.49370	0.06993	0.02351	0.02858	0.02869	0.02263	0.02994	0.02001	0.02901	0.01525	0.01082	0.01082	0.00344	0.01401	0.00950	0.00525	0.11112
1	0.01762	0.01332	0.01644	0.01676	0.01977	0.01316	0.01334	0.02497	0.08030	0.03726	0.21105	0.09711	0.14635	0.07190	0.01734	0.00476	0.00793	0.16894	0.01085	0.01084
2	0.02554	0.02511	0.04494	0.22947	0.31627	0.02644	0.10197	0.03291	0.02476	0.03408	0.02103	0.02892	0.01681	0.01034	0.01150	0.00354	0.01473	0.01051	0.00541	0.01572
3	0.02264	0.02023	0.02822	0.10496	0.03551	0.02123	0.05754	0.03331	0.11860	0.03832	0.14064	0.04249	0.04007	0.01479	0.01403	0.00335	0.07253	0.01235	0.00837	0.17084
4	0.03556	0.01962	0.02459	0.01818	0.02760	0.01570	0.01478	0.04027	0.02733	0.26400	0.03098	0.03007	0.02170	0.01085	0.00968	0.00248	0.00889	0.00876	0.00994	0.37902
5	0.02367	0.01812	0.02146	0.01908	0.02365	0.01969	0.01500	0.13474	0.10392	0.04428	0.15491	0.05497	0.09017	0.03864	0.17683	0.00794	0.01496	0.01469	0.00991	0.01337
6	0.68395	0.02177	0.01654	0.01480	0.02177	0.02525	0.01219	0.03309	0.01915	0.05050	0.01567	0.01828	0.01219	0.01045	0.00697	0.00348	0.00871	0.00609	0.00697	0.01219
7	0.01330	0.01140	0.01140	0.01140	0.01520	0.00950	0.00855	0.01615	0.02565	0.03041	0.11402	0.10832	0.52967	0.02850	0.01330	0.00380	0.00570	0.02375	0.01045	0.00950
8	0.02334	0.02001	0.02334	0.01667	0.02667	0.01500	0.01334	0.02834	0.02334	0.03668	0.02001	0.02334	0.01667	0.00834	0.00834	0.00167	0.00834	0.00667	0.00667	0.67325
9	0.02855	0.02165	0.04080	0.03171	0.03931	0.02009	0.23021	0.03492	0.02689	0.14994	0.03998	0.14472	0.03657	0.01818	0.01336	0.00406	0.01339	0.08225	0.00909	0.01433
10	0.03529	0.03210	0.02928	0.02500	0.03208	0.13177	0.01968	0.19316	0.27800	0.05078	0.03452	0.03318	0.02582	0.01402	0.01114	0.00350	0.01217	0.01087	0.01031	0.01732
11	0.02670	0.02400	0.03779	0.32349	0.22534	0.02707	0.03089	0.10056	0.02810	0.03776	0.02145	0.02884	0.01657	0.01118	0.01122	0.00356	0.01406	0.01003	0.00613	0.01529
12	0.01362	0.01016	0.01268	0.01470	0.01607	0.00922	0.01002	0.01578	0.02249	0.02911	0.07390	0.48552	0.17837	0.03372	0.01412	0.00440	0.00634	0.03012	0.01045	0.00922
13	0.02977	0.03709	0.23946	0.11418	0.05068	0.02427	0.13737	0.03917	0.02618	0.15223	0.02637	0.02958	0.01817	0.01125	0.01151	0.00363	0.01529	0.01040	0.00713	0.01627
14	0.09406	0.02242	0.07372	0.27094	0.04972	0.02251	0.02450	0.03049	0.02307	0.08778	0.03284	0.07857	0.06352	0.01540	0.01335	0.00384	0.06080	0.01240	0.00703	0.01304
15	0.03852	0.03793	0.03048	0.07564	0.03693	0.27241	0.02123	0.11456	0.12641	0.09407	0.02745	0.02829	0.02049	0.01281	0.01079	0.00329	0.01530	0.00942	0.00851	0.01548
16	0.03496	0.09569	0.19767	0.02440	0.03531	0.02483	0.02518	0.04735	0.12133	0.22806	0.03379	0.03216	0.02329	0.01268	0.01071	0.00346	0.01199	0.01006	0.00952	0.01758
17	0.09891	0.30640	0.20758	0.02329	0.03453	0.03475	0.02552	0.03703	0.07495	0.03425	0.02032	0.02246	0.01625	0.01066	0.00876	0.00305	0.01282	0.00748	0.00574	0.01526
18	0.68395	0.02177	0.01654	0.01480	0.02177	0.02525	0.01219	0.03309	0.01915	0.05050	0.01567	0.01828	0.01219	0.01045	0.00697	0.00348	0.00871	0.00609	0.00697	0.01219
19	0.18322	0.02323	0.02375	0.01949	0.02624	0.02524	0.01579	0.24565	0.03808	0.05683	0.12978	0.04479	0.08997	0.01626	0.01087	0.00348	0.00945	0.01264	0.01039	0.01484
20	0.01365	0.01003	0.01281	0.01503	0.01616	0.00920	0.01016	0.01574	0.02216	0.02898	0.06979	0.52415	0.14239	0.03425	0.01421	0.00446	0.00641	0.03077	0.01045	0.00920
21	0.01563	0.01138	0.01544	0.01528	0.01749	0.01119	0.01138	0.02015	0.02718	0.03835	0.34498	0.15155	0.08364	0.03886	0.13821	0.00702	0.01116	0.02020	0.01065	0.01027
22	0.09210	0.01289	0.01597	0.01643	0.01931	0.01229	0.01182	0.02513	0.02337	0.13076	0.05368	0.42702	0.05878	0.02848	0.01299	0.00424	0.00735	0.02523	0.01075	0.01141
23	0.02334	0.02001	0.02334	0.01667	0.02667	0.01500	0.01334	0.02834	0.02334	0.03668	0.02001	0.02334	0.01667	0.00834	0.00834	0.00167	0.00834	0.00667	0.00667	0.67325
24	0.18196	0.16028	0.03162	0.02074	0.02794	0.07885	0.01719	0.04631	0.24370	0.04142	0.02938	0.02908	0.02288	0.01253	0.00933	0.00334	0.01060	0.00916	0.00839	0.01531
25	0.68395	0.02177	0.01654	0.01480	0.02177	0.02525	0.01219	0.03309	0.01915	0.05050	0.01567	0.01828	0.01219	0.01045	0.00697	0.00348	0.00871	0.00609	0.00697	0.01219

[dist]
# distance from previous block
# <min> <max>
0	1041

# created by:
# /st0/software/busco_prod/Augustus/scripts/msa2prfl.pl ./align_prep/10618.fa
