[name]
unknown

[dist]
# distance from previous block
# <min> <max>
1	237

[block]
# block no. 0 follows, 11 sequences, length 8
# corresponding to MSA columns:
# 262-269
name=unknown_A
#
# <colnr> <probs for GDERKNQSTAVLIFYWHMCP>
#	G	D	E	R	K	N	Q	S	T	A	V	L	I	F	Y	W	H	M	C	P
0	0.02985	0.08133	0.03311	0.12605	0.14043	0.02201	0.02191	0.03505	0.02546	0.14830	0.02939	0.08361	0.02450	0.01319	0.01057	0.00315	0.01103	0.01138	0.00797	0.14169
1	0.02384	0.02034	0.06417	0.29119	0.05193	0.02016	0.05556	0.02856	0.02217	0.08085	0.02560	0.07142	0.02156	0.01884	0.01836	0.14240	0.01314	0.01175	0.00632	0.01183
2	0.01772	0.01126	0.01381	0.01450	0.01645	0.01030	0.00989	0.01969	0.02236	0.07714	0.06562	0.33370	0.15739	0.14946	0.02272	0.00562	0.00756	0.02506	0.01003	0.00970
3	0.01442	0.01025	0.01340	0.01504	0.01605	0.00961	0.01015	0.01689	0.02321	0.03149	0.15622	0.44219	0.07791	0.08553	0.01812	0.00495	0.00668	0.02813	0.01051	0.00923
4	0.02680	0.26900	0.20380	0.03176	0.04399	0.03416	0.17307	0.03500	0.02428	0.03214	0.01919	0.02355	0.01521	0.00990	0.01012	0.00318	0.01554	0.00895	0.00507	0.01531
5	0.02981	0.01938	0.02449	0.02100	0.02532	0.02110	0.01668	0.12673	0.03155	0.14582	0.13860	0.14999	0.04870	0.02090	0.01714	0.00395	0.11734	0.01663	0.01069	0.01417
6	0.03588	0.01824	0.02252	0.01879	0.02503	0.01768	0.01493	0.09705	0.07953	0.26559	0.10851	0.10159	0.04289	0.01735	0.01155	0.00353	0.00851	0.01458	0.08029	0.01595
7	0.01448	0.01019	0.01309	0.01482	0.01553	0.00965	0.00971	0.01636	0.02148	0.02890	0.10189	0.43868	0.07058	0.15206	0.02316	0.00579	0.00732	0.02762	0.00988	0.00880

[dist]
# distance from previous block
# <min> <max>
6	22

[block]
# block no. 1 follows, 11 sequences, length 29
# corresponding to MSA columns:
# 292-320
name=unknown_B
#
# <colnr> <probs for GDERKNQSTAVLIFYWHMCP>
#	G	D	E	R	K	N	Q	S	T	A	V	L	I	F	Y	W	H	M	C	P
0	0.10141	0.01782	0.02338	0.01953	0.02539	0.01722	0.05839	0.03233	0.08741	0.08738	0.19401	0.10634	0.05436	0.01761	0.01153	0.00342	0.00841	0.01546	0.01011	0.10850
1	0.02107	0.01955	0.02324	0.02077	0.02483	0.07892	0.07211	0.02812	0.07482	0.03623	0.16134	0.19811	0.10347	0.02220	0.01262	0.00375	0.00948	0.01980	0.05788	0.01168
2	0.02941	0.23249	0.15358	0.02339	0.03235	0.03085	0.02356	0.07583	0.02619	0.09387	0.02677	0.09505	0.02389	0.01490	0.01266	0.00340	0.06845	0.01113	0.00717	0.01505
3	0.14772	0.01778	0.02194	0.08773	0.02962	0.01994	0.01655	0.03068	0.06846	0.07241	0.06577	0.08273	0.03181	0.03119	0.13440	0.00687	0.05595	0.01241	0.00795	0.05809
4	0.29668	0.02385	0.07448	0.01875	0.02603	0.02177	0.01663	0.08819	0.02711	0.12283	0.07621	0.10100	0.03225	0.01564	0.01004	0.00362	0.00951	0.01216	0.00925	0.01400
5	0.14073	0.01273	0.01367	0.01447	0.01730	0.01289	0.01081	0.02205	0.02304	0.03709	0.08765	0.25663	0.10056	0.02454	0.01169	0.00391	0.00687	0.06023	0.13291	0.01022
6	0.01880	0.01448	0.01797	0.01521	0.02034	0.01233	0.01163	0.02261	0.02524	0.03646	0.20994	0.05550	0.09635	0.02488	0.05992	0.07358	0.00898	0.01385	0.00881	0.25313
7	0.02859	0.01374	0.01693	0.01482	0.01805	0.01283	0.01028	0.03053	0.02246	0.20394	0.03867	0.05877	0.03539	0.35063	0.03725	0.00765	0.00998	0.01413	0.06396	0.01140
8	0.03101	0.02484	0.03453	0.19866	0.04881	0.06162	0.09073	0.04474	0.16433	0.13413	0.03223	0.03438	0.02322	0.01267	0.01154	0.00367	0.01317	0.01131	0.00870	0.01571
9	0.01969	0.01387	0.01644	0.01655	0.01932	0.01396	0.01179	0.02815	0.12575	0.06853	0.09317	0.29357	0.10417	0.09871	0.01869	0.00498	0.00761	0.02297	0.01059	0.01150
10	0.01427	0.01075	0.01291	0.01438	0.01619	0.00981	0.01017	0.01663	0.02279	0.02904	0.07637	0.33526	0.22174	0.09174	0.01858	0.00503	0.00707	0.06807	0.01006	0.00914
11	0.02257	0.05822	0.54613	0.03208	0.04871	0.02614	0.04158	0.03564	0.02376	0.03564	0.02020	0.02376	0.01426	0.01069	0.01069	0.00356	0.01663	0.00832	0.00475	0.01663
12	0.09315	0.20078	0.04749	0.02801	0.03682	0.02901	0.19892	0.03087	0.02449	0.03348	0.03897	0.04170	0.12297	0.01361	0.01080	0.00335	0.01304	0.01253	0.00656	0.01346
13	0.01625	0.01243	0.01510	0.01529	0.01789	0.01203	0.01112	0.02323	0.08457	0.03784	0.25801	0.25136	0.14845	0.02692	0.01342	0.00395	0.00619	0.02377	0.01136	0.01082
14	0.01756	0.01299	0.01597	0.01675	0.01875	0.01323	0.01226	0.02452	0.09387	0.03316	0.11961	0.23398	0.06378	0.15651	0.02358	0.00585	0.00844	0.10882	0.01005	0.01033
15	0.02767	0.17323	0.37601	0.02780	0.04194	0.02894	0.03364	0.03761	0.02462	0.09650	0.02222	0.02433	0.01599	0.01086	0.01002	0.00330	0.01476	0.00819	0.00591	0.01647
16	0.12446	0.01940	0.02583	0.02137	0.02752	0.01951	0.07332	0.08069	0.06238	0.14823	0.08879	0.13786	0.04033	0.01760	0.01143	0.00367	0.00955	0.01534	0.05846	0.01426
17	0.15308	0.01838	0.01923	0.01656	0.02207	0.01933	0.01314	0.13361	0.03023	0.12085	0.03427	0.08843	0.02796	0.01500	0.00958	0.00326	0.00821	0.01183	0.24114	0.01382
18	0.03463	0.02556	0.02777	0.02337	0.03072	0.02850	0.01863	0.17657	0.33313	0.11201	0.04060	0.03754	0.02950	0.01464	0.01138	0.00366	0.00992	0.01186	0.01169	0.01833
19	0.01619	0.01427	0.01414	0.01398	0.01722	0.04917	0.01033	0.01966	0.02745	0.03435	0.22336	0.15265	0.31382	0.02647	0.01319	0.00375	0.00673	0.02254	0.01069	0.01004
20	0.03825	0.09946	0.15012	0.02684	0.03781	0.02381	0.09658	0.04522	0.02838	0.29143	0.03234	0.03149	0.02162	0.01202	0.01100	0.00342	0.01288	0.01034	0.00956	0.01743
21	0.02707	0.38866	0.25504	0.02442	0.03687	0.03713	0.02824	0.03448	0.02323	0.03017	0.01748	0.02035	0.01437	0.01006	0.00862	0.00287	0.01389	0.00694	0.00479	0.01533
22	0.03211	0.01376	0.01638	0.01409	0.01900	0.01277	0.01114	0.03702	0.02685	0.23054	0.03962	0.04058	0.02848	0.01342	0.00917	0.00295	0.00688	0.01080	0.42068	0.01376
23	0.03191	0.04188	0.29221	0.03103	0.04414	0.02546	0.10399	0.09719	0.02970	0.15257	0.02682	0.02843	0.01833	0.01157	0.01131	0.00356	0.01490	0.00998	0.00775	0.01728
24	0.18518	0.41108	0.04450	0.01769	0.02599	0.03658	0.01672	0.03233	0.02287	0.03407	0.06615	0.02461	0.02294	0.01114	0.00776	0.00278	0.01058	0.00745	0.00608	0.01353
25	0.01610	0.01215	0.01520	0.01422	0.01753	0.01076	0.01061	0.02073	0.02918	0.04077	0.37838	0.13439	0.14664	0.02352	0.01291	0.00349	0.00578	0.02064	0.01138	0.07560
26	0.01602	0.01095	0.01302	0.01304	0.01374	0.01068	0.00807	0.01749	0.02059	0.02810	0.15732	0.12375	0.05979	0.41181	0.04272	0.00855	0.00916	0.01875	0.00850	0.00795
27	0.09993	0.02363	0.02544	0.07856	0.03284	0.08656	0.01793	0.04599	0.09747	0.26120	0.03760	0.08462	0.02854	0.01516	0.01105	0.00358	0.01102	0.01226	0.01066	0.01594
28	0.01919	0.01247	0.01849	0.02166	0.08007	0.01279	0.01338	0.01937	0.01827	0.02593	0.02879	0.09735	0.02903	0.08290	0.13454	0.28987	0.01353	0.01310	0.06075	0.00854

[dist]
# distance from previous block
# <min> <max>
0	3

[block]
# block no. 2 follows, 11 sequences, length 13
# corresponding to MSA columns:
# 324-336
name=unknown_C
#
# <colnr> <probs for GDERKNQSTAVLIFYWHMCP>
#	G	D	E	R	K	N	Q	S	T	A	V	L	I	F	Y	W	H	M	C	P
0	0.01923	0.01358	0.01681	0.01752	0.02035	0.01353	0.01384	0.07262	0.02781	0.03772	0.09529	0.24117	0.10225	0.02781	0.01362	0.00431	0.00818	0.16953	0.07390	0.01093
1	0.02434	0.18828	0.43156	0.02906	0.04405	0.03047	0.03633	0.03519	0.02355	0.03349	0.01913	0.02242	0.01430	0.01044	0.00988	0.00329	0.01555	0.00778	0.00477	0.01612
2	0.16263	0.03630	0.15586	0.03060	0.10146	0.08536	0.02561	0.10678	0.07292	0.08301	0.02428	0.02607	0.01791	0.01173	0.01015	0.00343	0.01317	0.00888	0.00767	0.01618
3	0.10131	0.10512	0.03350	0.23122	0.08880	0.12571	0.02332	0.03206	0.02352	0.03061	0.02025	0.02989	0.01761	0.07612	0.01507	0.00413	0.01429	0.00922	0.00560	0.01266
4	0.09964	0.01891	0.02498	0.16346	0.08554	0.02034	0.01971	0.03423	0.09248	0.10349	0.04738	0.08991	0.12057	0.01706	0.01142	0.00373	0.01016	0.01440	0.00881	0.01378
5	0.15696	0.02606	0.07412	0.02262	0.03175	0.02322	0.05507	0.07788	0.11630	0.14558	0.02958	0.02966	0.02130	0.01183	0.01007	0.00324	0.01065	0.00953	0.00917	0.13542
6	0.02720	0.06621	0.03338	0.22340	0.13884	0.02427	0.02454	0.03561	0.09140	0.08947	0.02617	0.03184	0.02024	0.01548	0.01533	0.09300	0.01231	0.01020	0.00698	0.01412
7	0.01571	0.01593	0.07185	0.01674	0.01965	0.01187	0.01370	0.01895	0.02171	0.02878	0.05836	0.30224	0.12036	0.15434	0.02324	0.00580	0.00891	0.07316	0.00903	0.00965
8	0.03096	0.02810	0.03219	0.12958	0.14653	0.12858	0.02405	0.07032	0.02841	0.09164	0.03515	0.03834	0.08610	0.01460	0.01360	0.00355	0.06473	0.01145	0.00750	0.01461
9	0.03420	0.03630	0.13538	0.03188	0.04216	0.09792	0.14918	0.10688	0.08647	0.12334	0.02829	0.02993	0.02021	0.01193	0.01157	0.00353	0.01513	0.01073	0.00830	0.01666
10	0.10060	0.11492	0.02687	0.01721	0.02482	0.02140	0.01435	0.03547	0.07267	0.13043	0.07790	0.04256	0.09515	0.01432	0.00990	0.00296	0.00868	0.01129	0.00915	0.16937
11	0.02987	0.02026	0.06852	0.02014	0.02631	0.01736	0.01722	0.03931	0.10796	0.20555	0.08370	0.11739	0.04074	0.03073	0.11481	0.00644	0.01319	0.01496	0.01061	0.01492
12	0.02618	0.02464	0.08065	0.02531	0.08289	0.06028	0.01881	0.09071	0.02869	0.08254	0.08054	0.13883	0.08684	0.10048	0.01835	0.00466	0.01098	0.01634	0.00898	0.01332

[dist]
# distance from previous block
# <min> <max>
0	74

[block]
# block no. 3 follows, 11 sequences, length 22
# corresponding to MSA columns:
# 416-437
name=unknown_D
#
# <colnr> <probs for GDERKNQSTAVLIFYWHMCP>
#	G	D	E	R	K	N	Q	S	T	A	V	L	I	F	Y	W	H	M	C	P
0	0.13869	0.02630	0.12914	0.08413	0.03326	0.02156	0.02099	0.06984	0.07164	0.03648	0.02234	0.02898	0.01812	0.02051	0.02090	0.21779	0.01173	0.00919	0.00644	0.01196
1	0.03154	0.03151	0.12530	0.15145	0.09921	0.05622	0.06633	0.08365	0.02827	0.12840	0.02491	0.02892	0.01804	0.01234	0.01347	0.00365	0.06350	0.01006	0.00736	0.01588
2	0.07738	0.02859	0.12295	0.23242	0.14950	0.02566	0.02994	0.03125	0.02261	0.03383	0.01939	0.02642	0.01533	0.01144	0.01311	0.00355	0.07100	0.00909	0.00537	0.07115
3	0.24500	0.01985	0.02049	0.01698	0.02371	0.02076	0.01382	0.11040	0.02921	0.19006	0.03062	0.03100	0.02171	0.01255	0.00908	0.00326	0.00870	0.00926	0.16872	0.01483
4	0.03010	0.02682	0.04885	0.05787	0.35310	0.02603	0.15176	0.03725	0.02662	0.09411	0.02423	0.02970	0.01878	0.01033	0.01172	0.00348	0.01440	0.01102	0.00655	0.01729
5	0.01601	0.01304	0.01467	0.01631	0.01765	0.04642	0.01124	0.01861	0.02404	0.03150	0.14007	0.46912	0.07593	0.03154	0.01389	0.00428	0.00724	0.02831	0.01047	0.00966
6	0.02816	0.01948	0.02207	0.01827	0.02518	0.01880	0.01447	0.08404	0.14556	0.12646	0.08556	0.05418	0.14706	0.01704	0.01134	0.00327	0.00828	0.01406	0.01073	0.14600
7	0.01804	0.01390	0.01708	0.01808	0.02091	0.01419	0.01404	0.02730	0.12204	0.03563	0.10940	0.25434	0.10603	0.02825	0.01393	0.00443	0.00794	0.15225	0.01082	0.01141
8	0.01518	0.01214	0.01913	0.01929	0.02116	0.01134	0.06543	0.01799	0.02212	0.02957	0.05756	0.53257	0.06791	0.03233	0.01424	0.00448	0.00795	0.02987	0.00991	0.00983
9	0.02240	0.02118	0.03583	0.48905	0.15690	0.02531	0.03183	0.02976	0.02305	0.03015	0.02021	0.02963	0.01549	0.01104	0.01123	0.00368	0.01472	0.01001	0.00510	0.01343
10	0.03109	0.02214	0.02492	0.02179	0.02815	0.02383	0.01773	0.16163	0.19921	0.10546	0.05019	0.06018	0.08508	0.01894	0.01234	0.00392	0.00984	0.09611	0.01138	0.01609
11	0.02051	0.01214	0.01321	0.01309	0.01538	0.01229	0.00930	0.06080	0.02433	0.03820	0.04074	0.15654	0.03921	0.12032	0.01802	0.00451	0.00707	0.01576	0.36829	0.01029
12	0.03426	0.14216	0.03253	0.02381	0.02988	0.36058	0.01869	0.03727	0.02909	0.02793	0.03629	0.03739	0.11683	0.01461	0.01027	0.00299	0.01596	0.01031	0.00655	0.01259
13	0.08400	0.06106	0.15217	0.02481	0.03341	0.02079	0.06982	0.03436	0.02547	0.13585	0.03748	0.11301	0.03431	0.01812	0.01198	0.00395	0.01208	0.10432	0.00867	0.01434
14	0.01371	0.00979	0.01306	0.01567	0.01632	0.00914	0.01045	0.01567	0.02155	0.02873	0.06203	0.59710	0.07444	0.03526	0.01437	0.00457	0.00653	0.03200	0.01045	0.00914
15	0.01853	0.01253	0.01748	0.01702	0.01982	0.01139	0.04170	0.02126	0.02342	0.08282	0.06627	0.35756	0.15764	0.07639	0.01726	0.00476	0.00784	0.02563	0.01021	0.01047
16	0.02738	0.02855	0.03736	0.25570	0.21199	0.11950	0.02991	0.03325	0.02455	0.03094	0.01933	0.02701	0.01580	0.01188	0.01395	0.00360	0.08016	0.00951	0.00532	0.01429
17	0.02126	0.02001	0.03376	0.57739	0.07752	0.02501	0.03126	0.02876	0.02251	0.02876	0.02001	0.03001	0.01500	0.01125	0.01125	0.00375	0.01500	0.01000	0.00500	0.01250
18	0.02021	0.01371	0.01615	0.01642	0.01892	0.01389	0.01184	0.10137	0.02741	0.03869	0.05092	0.38774	0.05577	0.02708	0.01254	0.00398	0.00729	0.02392	0.14101	0.01115
19	0.10011	0.02851	0.03020	0.02363	0.03177	0.03145	0.01940	0.40336	0.04754	0.06631	0.07852	0.03219	0.02762	0.01422	0.01107	0.00340	0.01130	0.01083	0.01098	0.01760
20	0.15731	0.02571	0.04230	0.10559	0.30393	0.02657	0.10951	0.03393	0.02419	0.03857	0.02024	0.02661	0.01629	0.01014	0.01070	0.00349	0.01358	0.00981	0.00581	0.01571
21	0.03365	0.02153	0.02682	0.13100	0.03761	0.02276	0.01939	0.14863	0.09262	0.17894	0.04769	0.04659	0.11124	0.01599	0.01165	0.00361	0.01057	0.01311	0.01062	0.01599

[dist]
# distance from previous block
# <min> <max>
0	2

[block]
# block no. 4 follows, 11 sequences, length 24
# corresponding to MSA columns:
# 440-456,461-467
name=unknown_E
#
# <colnr> <probs for GDERKNQSTAVLIFYWHMCP>
#	G	D	E	R	K	N	Q	S	T	A	V	L	I	F	Y	W	H	M	C	P
0	0.03044	0.07551	0.03153	0.08263	0.03471	0.09926	0.06340	0.06938	0.02780	0.12582	0.03457	0.15402	0.03188	0.02329	0.05957	0.00487	0.01417	0.01480	0.00856	0.01378
1	0.03088	0.21575	0.14074	0.02652	0.03457	0.14442	0.02545	0.07057	0.02599	0.03203	0.01758	0.02175	0.01485	0.01274	0.01530	0.00336	0.13960	0.00787	0.00553	0.01448
2	0.04116	0.02173	0.02642	0.02092	0.02857	0.02152	0.01703	0.17301	0.07226	0.29509	0.11783	0.04282	0.03855	0.01538	0.01163	0.00349	0.00962	0.01255	0.01276	0.01768
3	0.02107	0.02999	0.18191	0.18207	0.04801	0.02193	0.06272	0.03114	0.05890	0.03434	0.06673	0.09777	0.03402	0.01658	0.01217	0.00393	0.01333	0.06271	0.00708	0.01360
4	0.01474	0.01030	0.01299	0.01447	0.01510	0.00983	0.00932	0.01638	0.02083	0.02800	0.09458	0.38783	0.06670	0.21284	0.02774	0.00647	0.00780	0.02607	0.00948	0.00854
5	0.02523	0.01790	0.02721	0.22716	0.13908	0.01946	0.02231	0.03148	0.02442	0.08388	0.02840	0.03456	0.02162	0.01192	0.01005	0.00325	0.01076	0.01030	0.23752	0.01347
6	0.68395	0.02177	0.01654	0.01480	0.02177	0.02525	0.01219	0.03309	0.01915	0.05050	0.01567	0.01828	0.01219	0.01045	0.00697	0.00348	0.00871	0.00609	0.00697	0.01219
7	0.02320	0.02246	0.03948	0.41579	0.17553	0.02572	0.07605	0.03072	0.02358	0.03120	0.02052	0.02957	0.01582	0.01082	0.01142	0.00367	0.01503	0.01032	0.00519	0.01392
8	0.02281	0.01244	0.01509	0.01421	0.01790	0.01124	0.01071	0.02680	0.02697	0.13496	0.15657	0.16472	0.15524	0.02245	0.01192	0.00357	0.00643	0.01927	0.15495	0.01175
9	0.01468	0.01049	0.01417	0.01678	0.01785	0.00998	0.01213	0.01734	0.02250	0.02981	0.06150	0.49437	0.07233	0.03435	0.01462	0.00470	0.00737	0.12518	0.01043	0.00941
10	0.08580	0.01188	0.01384	0.01494	0.01732	0.01146	0.01091	0.01911	0.02405	0.03439	0.14187	0.32686	0.15540	0.02908	0.01330	0.00419	0.00671	0.05865	0.01039	0.00987
11	0.01586	0.01098	0.01382	0.01526	0.01605	0.01076	0.01051	0.01765	0.02020	0.02674	0.04967	0.26134	0.05741	0.28775	0.03373	0.00753	0.00932	0.11823	0.00881	0.00838
12	0.02133	0.01714	0.02286	0.02023	0.02464	0.01692	0.06386	0.12307	0.02996	0.03915	0.06315	0.29029	0.16970	0.02608	0.01331	0.00404	0.00893	0.02317	0.01012	0.01206
13	0.03951	0.03097	0.02887	0.02394	0.03123	0.14261	0.01901	0.19120	0.12709	0.15254	0.06914	0.03487	0.02918	0.01421	0.01121	0.00339	0.01237	0.01098	0.01074	0.01694
14	0.17014	0.02143	0.02875	0.16174	0.14148	0.02386	0.02220	0.09461	0.02521	0.03936	0.02021	0.02739	0.01644	0.01656	0.01665	0.13350	0.01190	0.00913	0.00641	0.01300
15	0.01569	0.01073	0.01370	0.01494	0.01631	0.01025	0.01055	0.01873	0.02370	0.03300	0.15759	0.31060	0.07151	0.11259	0.01990	0.00516	0.00719	0.07078	0.06771	0.00938
16	0.01838	0.01480	0.02270	0.02906	0.13199	0.01522	0.01831	0.02262	0.02224	0.03066	0.04295	0.21354	0.04614	0.04386	0.17948	0.00852	0.01594	0.10401	0.00802	0.01155
17	0.15502	0.15281	0.07569	0.01846	0.02828	0.02453	0.01710	0.03295	0.02309	0.07279	0.01995	0.02230	0.01589	0.00963	0.00824	0.00248	0.01003	0.00689	0.00667	0.29720
18	0.01453	0.01022	0.01310	0.01477	0.01549	0.00969	0.00967	0.01642	0.02152	0.02897	0.10594	0.42803	0.07050	0.15832	0.02363	0.00585	0.00736	0.02734	0.00986	0.00879
19	0.03817	0.02649	0.02793	0.02327	0.03038	0.07187	0.01881	0.22989	0.09290	0.16062	0.03787	0.08395	0.03094	0.01698	0.01184	0.00367	0.01143	0.05487	0.01124	0.01686
20	0.02583	0.29755	0.33530	0.02653	0.04013	0.03410	0.03192	0.03480	0.02338	0.03168	0.01823	0.02129	0.01434	0.01023	0.00919	0.00306	0.01464	0.00732	0.00478	0.01569
21	0.02703	0.02361	0.03569	0.37477	0.14199	0.02745	0.02963	0.13194	0.02966	0.03927	0.02173	0.02901	0.01636	0.01155	0.01124	0.00360	0.01417	0.01004	0.00646	0.01481
22	0.04447	0.02882	0.03210	0.02461	0.03356	0.03089	0.02033	0.40016	0.04840	0.17387	0.03082	0.02949	0.02105	0.01360	0.01127	0.00340	0.01177	0.01039	0.01184	0.01914
23	0.44993	0.02202	0.02182	0.01877	0.02446	0.02603	0.01552	0.03487	0.02059	0.11518	0.01956	0.02251	0.01498	0.01296	0.01413	0.00380	0.13450	0.00766	0.00751	0.01321

[dist]
# distance from previous block
# <min> <max>
7	11

[block]
# block no. 5 follows, 11 sequences, length 8
# corresponding to MSA columns:
# 483-490
name=unknown_F
#
# <colnr> <probs for GDERKNQSTAVLIFYWHMCP>
#	G	D	E	R	K	N	Q	S	T	A	V	L	I	F	Y	W	H	M	C	P
0	0.02713	0.02167	0.02361	0.01987	0.02637	0.02276	0.01570	0.15358	0.19249	0.04914	0.12476	0.05227	0.11120	0.01714	0.01159	0.00340	0.00868	0.01416	0.01084	0.09364
1	0.03064	0.01978	0.02311	0.02014	0.02647	0.02013	0.01563	0.04689	0.24442	0.16979	0.04550	0.14059	0.03803	0.01780	0.01160	0.00363	0.00858	0.01521	0.01136	0.09070
2	0.02137	0.02782	0.14842	0.01989	0.02973	0.01783	0.01961	0.03064	0.07507	0.03609	0.04401	0.04461	0.13396	0.01420	0.01036	0.00284	0.00982	0.01157	0.00756	0.29463
3	0.01730	0.09737	0.01991	0.01445	0.01724	0.01514	0.01072	0.02019	0.02422	0.03208	0.19861	0.17983	0.12202	0.15575	0.02258	0.00529	0.00784	0.02017	0.00941	0.00988
4	0.02549	0.27239	0.35746	0.02711	0.04104	0.03326	0.03294	0.03489	0.02342	0.03210	0.01844	0.02155	0.01433	0.01028	0.00935	0.00312	0.01485	0.00743	0.00478	0.01579
5	0.02466	0.14861	0.26926	0.03004	0.04216	0.02786	0.13474	0.03402	0.02421	0.03493	0.02231	0.02681	0.01703	0.01057	0.01022	0.00326	0.01466	0.00932	0.10033	0.01501
6	0.01987	0.17062	0.08600	0.01781	0.02343	0.02079	0.01631	0.02494	0.02653	0.03592	0.24384	0.16502	0.06573	0.02068	0.01165	0.00346	0.00857	0.01768	0.00918	0.01198
7	0.02688	0.09757	0.24698	0.03723	0.10412	0.02725	0.14898	0.03622	0.02514	0.06899	0.02212	0.02629	0.01649	0.01026	0.01094	0.00335	0.01535	0.00963	0.00584	0.06039

[dist]
# distance from previous block
# <min> <max>
0	72

[block]
# block no. 6 follows, 11 sequences, length 27
# corresponding to MSA columns:
# 563-589
name=unknown_G
#
# <colnr> <probs for GDERKNQSTAVLIFYWHMCP>
#	G	D	E	R	K	N	Q	S	T	A	V	L	I	F	Y	W	H	M	C	P
0	0.02719	0.13680	0.25062	0.03020	0.09789	0.02622	0.02899	0.03547	0.02453	0.08074	0.02172	0.02454	0.01645	0.01026	0.00974	0.00295	0.01315	0.00808	0.00609	0.14838
1	0.32276	0.18101	0.09031	0.01889	0.02798	0.02889	0.01821	0.03741	0.02299	0.12988	0.02130	0.02242	0.01581	0.01088	0.00824	0.00321	0.01065	0.00726	0.00738	0.01453
2	0.03600	0.14755	0.09385	0.02070	0.02873	0.06937	0.01883	0.04034	0.02637	0.23573	0.03159	0.03721	0.02465	0.11930	0.01861	0.00456	0.01211	0.01042	0.00895	0.01512
3	0.14387	0.06983	0.02095	0.01615	0.02121	0.01788	0.01280	0.03061	0.05173	0.12379	0.14389	0.15487	0.10906	0.02052	0.01136	0.00366	0.00773	0.01711	0.01033	0.01267
4	0.02971	0.51226	0.05673	0.02769	0.11445	0.04152	0.02185	0.03384	0.02334	0.02822	0.01658	0.01971	0.01502	0.00970	0.00789	0.00257	0.01226	0.00670	0.00494	0.01502
5	0.03272	0.08459	0.12459	0.02468	0.03380	0.02859	0.02333	0.18902	0.13102	0.09197	0.03391	0.04165	0.02712	0.01516	0.01135	0.00364	0.01195	0.06432	0.00965	0.01693
6	0.02624	0.03250	0.12262	0.02202	0.02834	0.14416	0.01960	0.08538	0.02878	0.03568	0.09257	0.08771	0.07879	0.12339	0.01985	0.00481	0.01297	0.01415	0.00793	0.01249
7	0.37324	0.13184	0.07452	0.01860	0.02700	0.02843	0.01720	0.03847	0.08123	0.08512	0.02211	0.02327	0.01677	0.01119	0.00826	0.00334	0.01013	0.00752	0.00749	0.01426
8	0.02743	0.02346	0.07704	0.03212	0.12097	0.01941	0.10177	0.03305	0.02520	0.12552	0.07234	0.04405	0.03166	0.13799	0.02126	0.00495	0.01230	0.01264	0.00798	0.06887
9	0.16075	0.01803	0.02163	0.01793	0.02428	0.01722	0.05308	0.02819	0.05970	0.04018	0.12648	0.08035	0.12808	0.01695	0.01075	0.00325	0.00828	0.01430	0.00885	0.16174
10	0.01911	0.01239	0.01500	0.01382	0.01764	0.01091	0.01055	0.02337	0.02953	0.09967	0.31163	0.08779	0.25831	0.02401	0.01305	0.00363	0.00598	0.02056	0.01184	0.01123
11	0.03239	0.50632	0.05442	0.02046	0.02998	0.04279	0.01964	0.11748	0.02831	0.03452	0.01771	0.01968	0.01529	0.01033	0.00795	0.00258	0.01210	0.00676	0.00598	0.01529
12	0.10823	0.07238	0.02617	0.11319	0.03339	0.02003	0.01681	0.03376	0.02572	0.15560	0.07779	0.04173	0.08466	0.01407	0.01026	0.00314	0.00961	0.01131	0.00888	0.13328
13	0.03663	0.02500	0.07427	0.12546	0.10193	0.02199	0.10917	0.04334	0.02819	0.26952	0.03197	0.03323	0.02161	0.01199	0.01160	0.00357	0.01314	0.01109	0.00932	0.01698
14	0.01535	0.01049	0.01258	0.01357	0.01382	0.01024	0.00820	0.01610	0.01834	0.02446	0.04560	0.27340	0.05371	0.38725	0.04091	0.00849	0.00924	0.02233	0.00820	0.00771
15	0.01789	0.01473	0.02157	0.02052	0.02211	0.01841	0.01631	0.02158	0.01791	0.02633	0.02688	0.04005	0.02530	0.07066	0.44872	0.01529	0.14781	0.01159	0.00579	0.01053
16	0.07600	0.02691	0.07404	0.14052	0.14042	0.08310	0.02381	0.03423	0.02438	0.10520	0.02597	0.03617	0.02180	0.11866	0.01909	0.00479	0.01344	0.01061	0.00695	0.01392
17	0.03147	0.02210	0.02429	0.02132	0.02779	0.02442	0.01673	0.05603	0.38471	0.13621	0.04478	0.04132	0.03271	0.01484	0.01112	0.00365	0.00871	0.01228	0.06808	0.01743
18	0.01637	0.01091	0.01228	0.01228	0.01228	0.01091	0.00682	0.01637	0.01637	0.02182	0.03546	0.07365	0.04092	0.60445	0.05729	0.01091	0.01091	0.01637	0.00682	0.00682
19	0.01955	0.00978	0.01466	0.01466	0.01466	0.00978	0.00978	0.01466	0.01466	0.01955	0.01955	0.03421	0.01955	0.03910	0.04399	0.67253	0.00978	0.00978	0.00489	0.00489
20	0.19967	0.03645	0.12195	0.02459	0.03410	0.09116	0.02278	0.24521	0.03677	0.05444	0.02184	0.02347	0.01598	0.01201	0.00995	0.00338	0.01314	0.00846	0.00838	0.01625
21	0.02088	0.01185	0.01601	0.01704	0.01937	0.01092	0.01243	0.02364	0.02398	0.12218	0.05856	0.44196	0.06490	0.03092	0.01395	0.00444	0.00752	0.07727	0.01107	0.01109
22	0.02504	0.02721	0.05768	0.04261	0.05240	0.02566	0.40737	0.03375	0.02645	0.03562	0.02943	0.04784	0.02571	0.01340	0.01369	0.00405	0.01742	0.09384	0.00654	0.01431
23	0.03381	0.06633	0.12907	0.03079	0.08027	0.02829	0.06772	0.14541	0.13187	0.12513	0.03080	0.03112	0.02216	0.01253	0.01114	0.00350	0.01267	0.01056	0.00916	0.01767
24	0.01762	0.01174	0.01494	0.01493	0.01712	0.01153	0.01067	0.02024	0.02167	0.06464	0.08412	0.16558	0.14454	0.17133	0.16832	0.00928	0.01376	0.01940	0.00883	0.00974
25	0.01633	0.01105	0.01298	0.01298	0.01322	0.01129	0.00770	0.01682	0.01658	0.02234	0.03482	0.07009	0.03937	0.54149	0.11813	0.01178	0.01324	0.01585	0.00672	0.00721
26	0.14996	0.02870	0.04638	0.03832	0.10043	0.02939	0.22874	0.15717	0.03209	0.04797	0.02243	0.02700	0.01683	0.01079	0.01136	0.00358	0.01473	0.01078	0.00738	0.01599

[dist]
# distance from previous block
# <min> <max>
5	15

[block]
# block no. 7 follows, 11 sequences, length 17
# corresponding to MSA columns:
# 605-621
name=unknown_H
#
# <colnr> <probs for GDERKNQSTAVLIFYWHMCP>
#	G	D	E	R	K	N	Q	S	T	A	V	L	I	F	Y	W	H	M	C	P
0	0.14425	0.02345	0.07993	0.02897	0.13091	0.01986	0.02032	0.03672	0.02571	0.18527	0.07963	0.04019	0.03117	0.08673	0.01640	0.00439	0.01069	0.01138	0.00900	0.01502
1	0.02008	0.01257	0.02146	0.01909	0.02072	0.01254	0.07051	0.01788	0.01649	0.02227	0.02102	0.03474	0.02010	0.03996	0.09199	0.52339	0.01297	0.01044	0.00510	0.00669
2	0.17603	0.08648	0.03210	0.02685	0.07203	0.18413	0.01998	0.14500	0.03273	0.09268	0.02200	0.02357	0.01663	0.01171	0.00966	0.00318	0.01369	0.00818	0.00797	0.01537
3	0.03129	0.03117	0.14336	0.09741	0.15288	0.02533	0.02821	0.07557	0.12081	0.13428	0.03026	0.03180	0.02185	0.01228	0.01116	0.00356	0.01263	0.01042	0.00841	0.01731
4	0.01853	0.01390	0.01648	0.01567	0.01806	0.01459	0.01108	0.02713	0.12172	0.03518	0.20225	0.06761	0.06012	0.23502	0.08747	0.00779	0.01070	0.01651	0.00953	0.01065
5	0.02579	0.01867	0.02505	0.02545	0.08110	0.02042	0.01826	0.07971	0.02779	0.09111	0.10125	0.05565	0.08549	0.02501	0.06580	0.00517	0.11368	0.05804	0.06319	0.01337
6	0.03409	0.08683	0.03292	0.14543	0.10132	0.02340	0.02189	0.04205	0.07476	0.22216	0.07296	0.03706	0.02941	0.01326	0.01099	0.00344	0.01108	0.01116	0.00958	0.01620
7	0.03359	0.27171	0.03864	0.01976	0.02764	0.09622	0.01730	0.07415	0.02878	0.13114	0.03998	0.03915	0.10959	0.01441	0.00980	0.00301	0.01148	0.01071	0.00825	0.01469
8	0.01454	0.01072	0.01336	0.01483	0.01648	0.00991	0.01052	0.01718	0.02345	0.03067	0.11880	0.34816	0.16791	0.08337	0.01801	0.00494	0.00701	0.07053	0.01032	0.00928
9	0.03022	0.02826	0.03721	0.20136	0.14862	0.09336	0.06854	0.13215	0.03123	0.04080	0.02285	0.02861	0.01756	0.01150	0.01104	0.00341	0.01444	0.01002	0.05366	0.01515
10	0.02121	0.02008	0.07712	0.13373	0.03482	0.01723	0.01906	0.02953	0.08008	0.07928	0.09047	0.15683	0.15348	0.02106	0.01240	0.00386	0.00964	0.01815	0.00927	0.01271
11	0.01535	0.01148	0.01424	0.01355	0.01646	0.01037	0.01016	0.02012	0.03049	0.04189	0.43699	0.08942	0.19954	0.02422	0.01328	0.00360	0.00540	0.02110	0.01196	0.01037
12	0.01419	0.01014	0.01361	0.01622	0.01708	0.00955	0.01128	0.01650	0.02202	0.02927	0.06177	0.54644	0.07340	0.03481	0.01449	0.00464	0.00694	0.07795	0.01044	0.00927
13	0.02869	0.30411	0.21794	0.02506	0.03632	0.09468	0.02697	0.03815	0.07162	0.03170	0.02030	0.02256	0.01631	0.01076	0.00914	0.00299	0.01422	0.00758	0.00555	0.01536
14	0.03075	0.03564	0.13782	0.13115	0.22211	0.11690	0.03117	0.03791	0.02658	0.09059	0.02276	0.02727	0.01723	0.01107	0.01092	0.00339	0.01504	0.00935	0.00630	0.01606
15	0.01571	0.01086	0.01225	0.01252	0.01306	0.01055	0.00741	0.01627	0.01807	0.02361	0.04803	0.13259	0.10536	0.47324	0.04732	0.00936	0.00980	0.01892	0.00765	0.00740
16	0.02925	0.03658	0.21478	0.09785	0.15765	0.02635	0.03175	0.09083	0.07553	0.09111	0.02607	0.02898	0.01902	0.01169	0.01106	0.00353	0.01377	0.00983	0.00727	0.01710

[dist]
# distance from previous block
# <min> <max>
8	64

[block]
# block no. 8 follows, 11 sequences, length 48
# corresponding to MSA columns:
# 691-738
name=unknown_I
#
# <colnr> <probs for GDERKNQSTAVLIFYWHMCP>
#	G	D	E	R	K	N	Q	S	T	A	V	L	I	F	Y	W	H	M	C	P
0	0.13007	0.06850	0.02382	0.01811	0.02418	0.02062	0.01442	0.07977	0.06696	0.11973	0.07634	0.16929	0.04028	0.01838	0.01089	0.00349	0.00868	0.01528	0.00991	0.08129
1	0.13692	0.03886	0.29140	0.02498	0.03674	0.02224	0.02817	0.03774	0.02472	0.15254	0.02883	0.07929	0.02259	0.01367	0.01056	0.00363	0.01279	0.01083	0.00773	0.01578
2	0.08363	0.11648	0.17353	0.03166	0.08801	0.02729	0.09530	0.07138	0.02662	0.07839	0.02640	0.08387	0.02251	0.01327	0.01078	0.00349	0.01339	0.01151	0.00701	0.01549
3	0.28126	0.02321	0.06479	0.13195	0.03626	0.02294	0.01940	0.07292	0.02476	0.08902	0.02745	0.10943	0.02421	0.01490	0.01002	0.00370	0.01071	0.01174	0.00793	0.01342
4	0.09138	0.08468	0.03711	0.02913	0.08383	0.02688	0.08681	0.15317	0.03332	0.16641	0.03485	0.03515	0.06059	0.01323	0.01094	0.00340	0.01187	0.01118	0.00945	0.01661
5	0.17966	0.06513	0.02311	0.01823	0.02401	0.02001	0.01479	0.07049	0.02685	0.17192	0.04013	0.17998	0.03791	0.01983	0.01119	0.00383	0.00912	0.05984	0.01018	0.01380
6	0.02476	0.01682	0.01918	0.01746	0.02234	0.01687	0.01339	0.06901	0.14403	0.11339	0.10707	0.15898	0.18530	0.02281	0.01260	0.00384	0.00765	0.01943	0.01142	0.01365
7	0.42251	0.02437	0.02199	0.01874	0.02605	0.02789	0.01526	0.14101	0.11633	0.05442	0.02366	0.02452	0.01775	0.01200	0.00873	0.00352	0.00956	0.00819	0.00873	0.01475
8	0.02422	0.01874	0.02312	0.02048	0.02424	0.02136	0.01618	0.03716	0.17961	0.08172	0.23467	0.05521	0.05894	0.01919	0.01735	0.00390	0.12416	0.01512	0.01071	0.01389
9	0.02387	0.02230	0.03743	0.20729	0.32627	0.02364	0.03003	0.03009	0.02413	0.03328	0.02689	0.11275	0.02540	0.01412	0.01165	0.00364	0.01283	0.01327	0.00613	0.01501
10	0.01690	0.01300	0.01923	0.09972	0.02701	0.01505	0.01514	0.02062	0.01839	0.02564	0.02972	0.04809	0.02879	0.17910	0.37665	0.01451	0.02400	0.01263	0.00604	0.00976
11	0.01365	0.01003	0.01281	0.01504	0.01616	0.00920	0.01017	0.01574	0.02216	0.02898	0.06973	0.52474	0.14184	0.03426	0.01421	0.00446	0.00641	0.03078	0.01045	0.00920
12	0.03484	0.02758	0.02931	0.02429	0.03188	0.03119	0.01947	0.26212	0.30044	0.05813	0.03711	0.03506	0.02731	0.01446	0.01136	0.00361	0.01052	0.01152	0.01136	0.01843
13	0.09455	0.02516	0.02838	0.02243	0.03078	0.02643	0.01836	0.23428	0.11094	0.23717	0.03522	0.03265	0.02401	0.01368	0.01097	0.00349	0.01056	0.01063	0.01192	0.01839
14	0.03900	0.02430	0.03044	0.13513	0.04088	0.02538	0.02115	0.22184	0.03761	0.20476	0.03032	0.03077	0.02077	0.01270	0.01101	0.00333	0.01167	0.01015	0.01039	0.07841
15	0.02335	0.02180	0.03525	0.35206	0.19073	0.02386	0.02925	0.03023	0.02347	0.03216	0.02031	0.02836	0.01602	0.01046	0.01075	0.00331	0.01350	0.00947	0.00542	0.12024
16	0.01916	0.01118	0.01499	0.01632	0.01816	0.01024	0.01135	0.02147	0.02313	0.10473	0.05942	0.51437	0.06755	0.03210	0.01391	0.00441	0.00698	0.02894	0.01096	0.01062
17	0.01561	0.01090	0.01400	0.01577	0.01667	0.01061	0.01109	0.01769	0.02091	0.02768	0.05293	0.31839	0.06140	0.21709	0.02843	0.00675	0.00884	0.12730	0.00926	0.00868
18	0.23361	0.02269	0.02737	0.07229	0.03332	0.02340	0.05502	0.06777	0.02407	0.04222	0.01900	0.02333	0.01518	0.01069	0.01109	0.00300	0.05630	0.00786	0.00676	0.24503
19	0.01456	0.01028	0.01346	0.01569	0.01644	0.00979	0.01070	0.01656	0.02123	0.02821	0.05785	0.47158	0.06849	0.11911	0.02084	0.00557	0.00757	0.07325	0.00990	0.00892
20	0.02657	0.03036	0.06641	0.04744	0.05882	0.02846	0.49336	0.03605	0.02657	0.03605	0.02277	0.03036	0.01708	0.00949	0.01328	0.00380	0.01898	0.01328	0.00569	0.01518
21	0.01539	0.01101	0.01494	0.01725	0.01873	0.01055	0.01306	0.01872	0.02389	0.03179	0.10064	0.39511	0.07387	0.03282	0.01467	0.00469	0.00772	0.17489	0.01058	0.00968
22	0.02228	0.02201	0.04007	0.47490	0.07390	0.02567	0.12063	0.03017	0.02329	0.03017	0.02054	0.03008	0.01540	0.01091	0.01165	0.00376	0.01577	0.01064	0.00513	0.01302
23	0.03009	0.61122	0.05898	0.01926	0.02889	0.04454	0.01926	0.03370	0.02287	0.02648	0.01565	0.01805	0.01444	0.00963	0.00722	0.00241	0.01204	0.00602	0.00481	0.01444
24	0.13046	0.01739	0.02072	0.01693	0.02351	0.01625	0.01342	0.03752	0.02509	0.24054	0.03322	0.03741	0.02517	0.07914	0.07057	0.00536	0.01112	0.01031	0.06542	0.12047
25	0.03019	0.02088	0.02341	0.02029	0.02599	0.02258	0.01562	0.09332	0.26707	0.12523	0.09074	0.04880	0.03997	0.10288	0.01838	0.00474	0.00930	0.01354	0.01124	0.01581
26	0.01612	0.01081	0.01235	0.01259	0.01265	0.01075	0.00716	0.01630	0.01685	0.02246	0.03793	0.12216	0.04403	0.55171	0.05331	0.01032	0.01051	0.01782	0.00716	0.00704
27	0.02014	0.01849	0.03069	0.49423	0.06846	0.02266	0.02818	0.02682	0.02236	0.02875	0.02623	0.11397	0.02380	0.01481	0.01171	0.00387	0.01375	0.01326	0.00581	0.01201
28	0.02126	0.02001	0.03376	0.57739	0.07752	0.02501	0.03126	0.02876	0.02251	0.02876	0.02001	0.03001	0.01500	0.01125	0.01125	0.00375	0.01500	0.01000	0.00500	0.01250
29	0.02907	0.03064	0.04052	0.03280	0.03670	0.11099	0.11904	0.06955	0.02419	0.03252	0.01778	0.02534	0.01555	0.01593	0.02609	0.00427	0.33956	0.01018	0.00572	0.01356
30	0.01575	0.01101	0.01210	0.01210	0.01287	0.01063	0.00717	0.01632	0.01825	0.02356	0.05140	0.08069	0.14009	0.48759	0.04836	0.00947	0.00985	0.01787	0.00756	0.00736
31	0.01371	0.00979	0.01306	0.01567	0.01632	0.00914	0.01045	0.01567	0.02155	0.02873	0.06203	0.59710	0.07444	0.03526	0.01437	0.00457	0.00653	0.03200	0.01045	0.00914
32	0.01963	0.01193	0.01515	0.01507	0.01806	0.01068	0.01101	0.02295	0.02652	0.10914	0.18577	0.28779	0.16780	0.02769	0.01343	0.00400	0.00651	0.02437	0.01145	0.01106
33	0.02657	0.03036	0.06641	0.04744	0.05882	0.02846	0.49336	0.03605	0.02657	0.03605	0.02277	0.03036	0.01708	0.00949	0.01328	0.00380	0.01898	0.01328	0.00569	0.01518
34	0.03133	0.01494	0.01776	0.01534	0.02042	0.01436	0.01209	0.03899	0.07736	0.21352	0.08381	0.04445	0.03593	0.01449	0.00989	0.00312	0.00710	0.01188	0.31903	0.01421
35	0.03163	0.01574	0.02046	0.01821	0.02312	0.01462	0.01394	0.07495	0.02975	0.24515	0.09866	0.26519	0.05359	0.02333	0.01273	0.00391	0.00818	0.02039	0.01215	0.01429
36	0.01800	0.01220	0.01411	0.01391	0.01708	0.01098	0.01046	0.02094	0.02486	0.07359	0.11728	0.09619	0.28537	0.14407	0.02239	0.00540	0.00775	0.08529	0.01015	0.00999
37	0.01624	0.01220	0.01737	0.01671	0.01797	0.01178	0.05132	0.01784	0.01928	0.02576	0.04464	0.27282	0.05181	0.33101	0.03674	0.00782	0.00993	0.02216	0.00813	0.00846
38	0.01456	0.01033	0.01372	0.01612	0.01700	0.00983	0.01125	0.01682	0.02176	0.02889	0.05957	0.48831	0.07039	0.08008	0.01796	0.00516	0.00743	0.09155	0.01015	0.00913
39	0.13130	0.02993	0.09688	0.03473	0.04219	0.02969	0.21543	0.03258	0.02201	0.03538	0.01873	0.02585	0.01524	0.01313	0.01979	0.00409	0.20309	0.01049	0.00555	0.01390
40	0.02644	0.01439	0.01906	0.01701	0.01974	0.01485	0.01243	0.02823	0.02093	0.16376	0.03417	0.05203	0.03148	0.26322	0.13543	0.05380	0.06040	0.01324	0.00832	0.01107
41	0.01944	0.01270	0.01500	0.01523	0.01810	0.01255	0.01188	0.05801	0.02735	0.03975	0.12420	0.16338	0.09688	0.02329	0.01204	0.00376	0.00709	0.10756	0.22097	0.01083
42	0.02259	0.09092	0.19295	0.07516	0.03941	0.02464	0.06898	0.03480	0.11261	0.03468	0.03400	0.15612	0.03175	0.01686	0.01159	0.00376	0.01257	0.01480	0.00736	0.01445
43	0.08309	0.02710	0.02862	0.06090	0.03238	0.12662	0.05783	0.07257	0.07635	0.07592	0.02955	0.07793	0.02652	0.10231	0.02022	0.00475	0.06372	0.01242	0.00792	0.01330
44	0.02264	0.02767	0.13028	0.02163	0.03078	0.01970	0.02052	0.02867	0.02239	0.03444	0.02246	0.06721	0.02029	0.01254	0.01351	0.00276	0.09509	0.00940	0.00631	0.39172
45	0.02258	0.01935	0.02690	0.06600	0.12930	0.02080	0.01940	0.06451	0.02512	0.03496	0.08110	0.09172	0.07865	0.10464	0.02243	0.00476	0.09951	0.01460	0.00764	0.06603
46	0.12455	0.01845	0.02445	0.02367	0.06740	0.01882	0.04699	0.07118	0.02537	0.11811	0.03504	0.09909	0.03299	0.14149	0.06460	0.00639	0.01234	0.04743	0.00874	0.01292
47	0.03199	0.11136	0.04232	0.04385	0.25409	0.02713	0.06107	0.07728	0.02846	0.12060	0.02812	0.07430	0.02362	0.01292	0.01102	0.00336	0.01234	0.01168	0.00774	0.01676

[dist]
# distance from previous block
# <min> <max>
6	118

[block]
# block no. 9 follows, 11 sequences, length 13
# corresponding to MSA columns:
# 857-869
name=unknown_J
#
# <colnr> <probs for GDERKNQSTAVLIFYWHMCP>
#	G	D	E	R	K	N	Q	S	T	A	V	L	I	F	Y	W	H	M	C	P
0	0.02869	0.02492	0.08783	0.12746	0.11278	0.02162	0.06900	0.06770	0.02896	0.13588	0.09564	0.04416	0.07653	0.01453	0.01182	0.00358	0.01206	0.01291	0.00869	0.01523
1	0.10028	0.08393	0.14456	0.02708	0.07662	0.02549	0.02379	0.12316	0.02978	0.09675	0.03105	0.10147	0.02751	0.01577	0.01097	0.00362	0.01184	0.04246	0.00839	0.01548
2	0.02523	0.10018	0.13631	0.18320	0.15256	0.02720	0.02933	0.07536	0.02627	0.03556	0.02495	0.08750	0.02217	0.01348	0.01097	0.00352	0.01345	0.01157	0.00624	0.01494
3	0.01672	0.01297	0.01845	0.12336	0.02851	0.01325	0.01460	0.02210	0.02894	0.04020	0.37984	0.12869	0.08514	0.02205	0.01300	0.00369	0.00732	0.01960	0.01075	0.01083
4	0.01971	0.01573	0.02066	0.02031	0.02321	0.01792	0.01644	0.02943	0.11777	0.03460	0.09982	0.06913	0.04742	0.04329	0.19289	0.00888	0.06850	0.13345	0.00892	0.01191
5	0.03259	0.03291	0.21186	0.02644	0.06969	0.02081	0.02549	0.07128	0.02846	0.19458	0.03135	0.03226	0.02184	0.01230	0.01041	0.00333	0.01174	0.00991	0.13626	0.01648
6	0.15859	0.02970	0.14424	0.02716	0.09183	0.02252	0.02305	0.08127	0.02812	0.16067	0.03762	0.03759	0.08290	0.01384	0.01056	0.00351	0.01126	0.01092	0.00878	0.01585
7	0.01892	0.01575	0.02141	0.02690	0.11876	0.01589	0.01624	0.02712	0.10924	0.03366	0.05589	0.34596	0.09684	0.02626	0.01314	0.00413	0.00820	0.02363	0.00968	0.01238
8	0.02881	0.09688	0.09863	0.07968	0.10059	0.02465	0.07393	0.07603	0.02760	0.11245	0.03241	0.13834	0.02925	0.01590	0.01152	0.00360	0.01236	0.01414	0.00807	0.01516
9	0.03664	0.02401	0.03440	0.20536	0.04905	0.02567	0.06505	0.17259	0.03455	0.19391	0.02952	0.03164	0.02020	0.01254	0.01145	0.00357	0.01299	0.01072	0.00952	0.01664
10	0.02671	0.02168	0.02404	0.02201	0.02760	0.02425	0.01762	0.10176	0.31761	0.04718	0.09245	0.06067	0.04530	0.01886	0.01240	0.00400	0.00926	0.09944	0.01131	0.01584
11	0.10610	0.02373	0.07246	0.12640	0.03792	0.01925	0.01925	0.02969	0.02269	0.03679	0.01948	0.02403	0.01556	0.00938	0.00894	0.00247	0.01043	0.00739	0.00621	0.40181
12	0.02538	0.10132	0.14364	0.02715	0.08671	0.02476	0.02331	0.03733	0.11859	0.03724	0.02464	0.02689	0.01943	0.01053	0.00962	0.00276	0.01123	0.00848	0.00684	0.25415

[dist]
# distance from previous block
# <min> <max>
3	6

[block]
# block no. 10 follows, 11 sequences, length 38
# corresponding to MSA columns:
# 876-913
name=unknown_K
#
# <colnr> <probs for GDERKNQSTAVLIFYWHMCP>
#	G	D	E	R	K	N	Q	S	T	A	V	L	I	F	Y	W	H	M	C	P
0	0.02066	0.06310	0.02010	0.08237	0.02353	0.01568	0.01216	0.02252	0.01973	0.06845	0.03636	0.13299	0.03907	0.35353	0.03765	0.00782	0.01078	0.01645	0.00754	0.00952
1	0.03714	0.01788	0.02562	0.16302	0.03883	0.01764	0.01900	0.04247	0.02880	0.31823	0.07640	0.04023	0.03096	0.01389	0.01111	0.00347	0.01020	0.01162	0.07762	0.01586
2	0.14070	0.02510	0.10877	0.01935	0.02772	0.01945	0.01830	0.07697	0.02846	0.20449	0.04280	0.04171	0.09169	0.01469	0.01035	0.00343	0.00980	0.01147	0.08954	0.01520
3	0.03194	0.01772	0.02539	0.02045	0.02616	0.01661	0.07064	0.03777	0.06695	0.23391	0.04499	0.05455	0.07341	0.19841	0.02603	0.00589	0.01075	0.01429	0.01022	0.01391
4	0.01561	0.01281	0.01564	0.01511	0.01763	0.01285	0.01145	0.01911	0.02615	0.03471	0.23363	0.15759	0.26260	0.02653	0.01630	0.00396	0.07564	0.02207	0.01043	0.01017
5	0.02616	0.02629	0.11796	0.21448	0.08788	0.02320	0.02737	0.03314	0.02511	0.11114	0.09345	0.03686	0.02964	0.01411	0.01455	0.00376	0.08180	0.01133	0.00738	0.01437
6	0.03648	0.07581	0.03410	0.02520	0.03192	0.07124	0.05923	0.09781	0.07923	0.19306	0.03255	0.06792	0.02535	0.01534	0.01512	0.00368	0.09846	0.01182	0.00960	0.01607
7	0.02500	0.01466	0.01827	0.01684	0.02108	0.01396	0.01277	0.03271	0.09547	0.15787	0.19480	0.19105	0.11308	0.02324	0.01282	0.00383	0.00715	0.02025	0.01197	0.01318
8	0.01484	0.01061	0.01431	0.01667	0.01789	0.01008	0.01214	0.01774	0.02323	0.03098	0.09456	0.45797	0.07458	0.03348	0.01455	0.00463	0.00728	0.12438	0.01057	0.00951
9	0.02272	0.03027	0.16241	0.11115	0.14600	0.02337	0.06619	0.03311	0.07287	0.03423	0.02810	0.07935	0.02439	0.02327	0.08732	0.00568	0.01615	0.01228	0.00637	0.01478
10	0.02663	0.17108	0.03738	0.20772	0.04394	0.03018	0.02279	0.09233	0.02498	0.03241	0.01916	0.02654	0.01609	0.01639	0.01829	0.10470	0.08192	0.00895	0.00579	0.01274
11	0.02332	0.05352	0.47420	0.03081	0.04603	0.02640	0.03830	0.03898	0.09147	0.03722	0.02374	0.02628	0.01703	0.01133	0.01080	0.00360	0.01557	0.00893	0.00568	0.01680
12	0.03085	0.11721	0.13545	0.02251	0.03136	0.02524	0.02167	0.07992	0.11761	0.14411	0.07771	0.08304	0.03428	0.01542	0.01102	0.00349	0.01087	0.01259	0.00958	0.01609
13	0.13017	0.02535	0.03531	0.02794	0.03410	0.02886	0.10574	0.14395	0.02907	0.08410	0.02303	0.02810	0.01807	0.02016	0.06562	0.00517	0.16245	0.01029	0.00771	0.01481
14	0.01907	0.01009	0.01514	0.01514	0.01541	0.01037	0.01037	0.01541	0.01514	0.02046	0.02101	0.03560	0.02074	0.04536	0.11525	0.58212	0.01259	0.01009	0.00505	0.00560
15	0.02818	0.09889	0.02796	0.11266	0.03285	0.02090	0.01744	0.03608	0.07793	0.15735	0.20810	0.05071	0.05228	0.01624	0.01145	0.00343	0.00926	0.01371	0.01036	0.01421
16	0.09425	0.02152	0.02963	0.03297	0.16431	0.02116	0.02081	0.04557	0.09513	0.26018	0.03695	0.07083	0.02772	0.01415	0.01111	0.00356	0.01024	0.01206	0.01049	0.01735
17	0.01955	0.00978	0.01466	0.01466	0.01466	0.00978	0.00978	0.01466	0.01466	0.01955	0.01955	0.03421	0.01955	0.03910	0.04399	0.67253	0.00978	0.00978	0.00489	0.00489
18	0.02565	0.02406	0.04043	0.10492	0.42374	0.02437	0.03096	0.03221	0.02622	0.03724	0.09113	0.03581	0.02980	0.01193	0.01145	0.00340	0.01240	0.01145	0.00646	0.01638
