[name]
unknown

[dist]
# distance from previous block
# <min> <max>
0	101

[block]
# block no. 0 follows, 12 sequences, length 14
# corresponding to MSA columns:
# 102-115
name=unknown_A
#
# <colnr> <probs for GDERKNQSTAVLIFYWHMCP>
#	G	D	E	R	K	N	Q	S	T	A	V	L	I	F	Y	W	H	M	C	P
0	0.01892	0.01315	0.01661	0.01628	0.02003	0.01162	0.01257	0.02232	0.02304	0.06712	0.05302	0.23595	0.09901	0.06928	0.01582	0.00432	0.00808	0.13649	0.00933	0.14705
1	0.02321	0.01992	0.02288	0.01695	0.02617	0.01621	0.01350	0.03150	0.08983	0.03687	0.02270	0.02501	0.01842	0.00897	0.00848	0.00189	0.00815	0.00724	0.00708	0.59505
2	0.02902	0.02437	0.02573	0.02257	0.02908	0.02801	0.01772	0.11826	0.46568	0.04868	0.04196	0.03876	0.03133	0.01457	0.01107	0.00364	0.00908	0.01199	0.01107	0.01743
3	0.02697	0.02069	0.03269	0.02436	0.03295	0.01772	0.14162	0.03248	0.02453	0.12141	0.02787	0.03756	0.02313	0.05634	0.01384	0.00335	0.01127	0.04281	0.00766	0.30075
4	0.02290	0.10885	0.46933	0.03115	0.04617	0.02724	0.07827	0.03438	0.02317	0.03371	0.01935	0.02303	0.01406	0.01016	0.01025	0.00336	0.01588	0.00825	0.00469	0.01579
5	0.02457	0.13903	0.18782	0.03494	0.04636	0.02844	0.26496	0.03336	0.02479	0.03385	0.05878	0.02952	0.02178	0.01049	0.01119	0.00336	0.01564	0.01090	0.00561	0.01462
6	0.01613	0.01288	0.01934	0.01893	0.02190	0.01212	0.06113	0.02035	0.02478	0.03272	0.13709	0.24711	0.13484	0.02769	0.01387	0.00428	0.00838	0.16646	0.00993	0.01007
7	0.03249	0.01528	0.02080	0.01847	0.02397	0.01413	0.01529	0.03672	0.02696	0.29314	0.05107	0.06595	0.08591	0.02952	0.09883	0.00599	0.01217	0.12800	0.01113	0.01417
8	0.07698	0.02355	0.03940	0.03019	0.03853	0.02294	0.20639	0.10398	0.03001	0.16236	0.03326	0.04617	0.02695	0.01443	0.01211	0.00376	0.01324	0.09159	0.00901	0.01514
9	0.09010	0.08345	0.23167	0.03559	0.04784	0.02768	0.25973	0.03433	0.02381	0.03545	0.01999	0.02513	0.01493	0.00970	0.01095	0.00347	0.01610	0.00997	0.00525	0.01486
10	0.02750	0.49473	0.17130	0.02147	0.03234	0.03910	0.02356	0.03308	0.02235	0.02767	0.01616	0.01875	0.01395	0.00956	0.00776	0.00259	0.01267	0.00634	0.00465	0.01447
11	0.02523	0.01289	0.01643	0.01487	0.01790	0.01191	0.01051	0.02763	0.02369	0.18447	0.12910	0.13442	0.05124	0.25707	0.02935	0.00638	0.00868	0.01709	0.01005	0.01109
12	0.01757	0.01255	0.01757	0.02008	0.02259	0.01255	0.01757	0.02259	0.02510	0.03263	0.05773	0.12299	0.06275	0.03012	0.01506	0.00502	0.01004	0.47540	0.01004	0.01004
13	0.03895	0.13997	0.03494	0.02664	0.03283	0.49142	0.02070	0.04186	0.02955	0.02653	0.01659	0.01933	0.01404	0.01094	0.00939	0.00274	0.01843	0.00684	0.00547	0.01285

[dist]
# distance from previous block
# <min> <max>
0	1

[block]
# block no. 1 follows, 12 sequences, length 29
# corresponding to MSA columns:
# 117-145
name=unknown_B
#
# <colnr> <probs for GDERKNQSTAVLIFYWHMCP>
#	G	D	E	R	K	N	Q	S	T	A	V	L	I	F	Y	W	H	M	C	P
0	0.04073	0.05197	0.03090	0.02809	0.03371	0.57303	0.02107	0.04354	0.03090	0.02669	0.01685	0.01966	0.01404	0.01124	0.00983	0.00281	0.01966	0.00702	0.00562	0.01264
1	0.02033	0.01016	0.01016	0.01016	0.01270	0.01016	0.00762	0.02541	0.02287	0.04065	0.03557	0.04065	0.02795	0.01270	0.00762	0.00254	0.00508	0.01016	0.67734	0.01016
2	0.15928	0.01588	0.01890	0.01657	0.02183	0.01535	0.01308	0.03484	0.02584	0.24227	0.11246	0.10465	0.04348	0.07228	0.01509	0.00427	0.00841	0.05141	0.01075	0.01335
3	0.01501	0.01098	0.01409	0.01363	0.01611	0.01006	0.01010	0.01963	0.02938	0.04096	0.45921	0.13505	0.13727	0.02390	0.01297	0.00355	0.00529	0.02110	0.01166	0.01006
4	0.02481	0.02369	0.04033	0.24506	0.38766	0.02533	0.03238	0.03156	0.02380	0.03298	0.02013	0.02769	0.01634	0.01012	0.01083	0.00337	0.01349	0.00971	0.00521	0.01552
5	0.03070	0.02470	0.02653	0.02290	0.02955	0.02797	0.01834	0.19340	0.34265	0.05159	0.03993	0.04296	0.03119	0.01552	0.01136	0.00368	0.00977	0.04924	0.01095	0.01706
6	0.08998	0.01400	0.01705	0.01492	0.01953	0.01301	0.01167	0.02945	0.02904	0.17372	0.31251	0.06665	0.12663	0.01948	0.01178	0.00344	0.00657	0.01652	0.01165	0.01242
7	0.01452	0.01077	0.01379	0.01553	0.01747	0.01004	0.01178	0.01769	0.02358	0.03061	0.10426	0.33167	0.17255	0.03082	0.01393	0.00436	0.00709	0.14994	0.01023	0.00936
8	0.04285	0.02829	0.03133	0.02402	0.03269	0.03048	0.01984	0.42627	0.04750	0.16019	0.02934	0.02823	0.02013	0.01317	0.01092	0.00329	0.01149	0.01003	0.01139	0.01855
9	0.32435	0.01821	0.01726	0.01529	0.02084	0.01987	0.01201	0.03621	0.09456	0.11924	0.02876	0.03294	0.02255	0.07099	0.01291	0.00399	0.00824	0.00926	0.11972	0.01281
10	0.02890	0.01412	0.01889	0.01600	0.02093	0.01259	0.01259	0.03367	0.03100	0.24983	0.34199	0.06362	0.07237	0.01875	0.01210	0.00341	0.00681	0.01620	0.01260	0.01361
11	0.09621	0.01277	0.01612	0.01814	0.02067	0.01301	0.01498	0.02180	0.02324	0.03332	0.05332	0.23569	0.05915	0.02880	0.01379	0.00467	0.00890	0.30580	0.00967	0.00994
12	0.69383	0.02109	0.01603	0.01434	0.02109	0.02446	0.01181	0.03205	0.01856	0.04892	0.01518	0.01771	0.01181	0.01012	0.00675	0.00337	0.00843	0.00590	0.00675	0.01181
13	0.42787	0.02180	0.02092	0.01725	0.02473	0.02360	0.01423	0.10805	0.02669	0.18582	0.02414	0.02408	0.01680	0.01145	0.00847	0.00336	0.00918	0.00781	0.00914	0.01458
14	0.17188	0.01431	0.01626	0.01508	0.01905	0.01420	0.01138	0.02759	0.02501	0.13342	0.19598	0.17127	0.05782	0.06193	0.01435	0.00412	0.00726	0.01719	0.01033	0.01157
15	0.02057	0.01164	0.01575	0.01671	0.01908	0.01075	0.01235	0.02338	0.02344	0.12710	0.05656	0.42957	0.06229	0.02970	0.01354	0.00432	0.00744	0.09426	0.01074	0.01084
16	0.69383	0.02109	0.01603	0.01434	0.02109	0.02446	0.01181	0.03205	0.01856	0.04892	0.01518	0.01771	0.01181	0.01012	0.00675	0.00337	0.00843	0.00590	0.00675	0.01181
17	0.14866	0.01492	0.01731	0.01527	0.01998	0.01438	0.01174	0.03093	0.02596	0.19030	0.17769	0.10550	0.08584	0.07576	0.01536	0.00419	0.00761	0.01552	0.01066	0.01243
18	0.08831	0.01608	0.02087	0.01810	0.02401	0.01489	0.01498	0.03869	0.02876	0.30517	0.13523	0.06271	0.04755	0.01852	0.01188	0.00375	0.00862	0.11537	0.01191	0.01461
19	0.01655	0.01137	0.01418	0.01519	0.01620	0.01137	0.01102	0.01857	0.01958	0.02577	0.04377	0.09216	0.04895	0.38046	0.03921	0.00833	0.01036	0.20099	0.00799	0.00799
20	0.69383	0.02109	0.01603	0.01434	0.02109	0.02446	0.01181	0.03205	0.01856	0.04892	0.01518	0.01771	0.01181	0.01012	0.00675	0.00337	0.00843	0.00590	0.00675	0.01181
21	0.01430	0.01070	0.01328	0.01349	0.01581	0.00967	0.00979	0.01807	0.02692	0.03639	0.32032	0.22303	0.19511	0.02656	0.01314	0.00374	0.00553	0.02338	0.01109	0.00967
22	0.01578	0.01068	0.01238	0.01223	0.01269	0.01052	0.00728	0.01672	0.01859	0.02526	0.12714	0.07319	0.05118	0.50836	0.04772	0.00927	0.00958	0.01656	0.00759	0.00728
23	0.02029	0.01475	0.01757	0.01751	0.02003	0.01550	0.01342	0.07086	0.08331	0.03298	0.04372	0.08323	0.04574	0.26304	0.03049	0.00693	0.01027	0.19117	0.00886	0.01032
24	0.49686	0.02141	0.01952	0.01640	0.02368	0.02351	0.01352	0.08021	0.02423	0.15905	0.02212	0.02262	0.01566	0.01111	0.00803	0.00336	0.00894	0.00734	0.00857	0.01386
25	0.04180	0.02329	0.02742	0.02175	0.02977	0.02391	0.01773	0.19400	0.14796	0.29442	0.03819	0.03458	0.02582	0.01366	0.01098	0.00342	0.00996	0.01092	0.01217	0.01826
26	0.01622	0.01121	0.01419	0.01546	0.01651	0.01114	0.01128	0.01839	0.02004	0.02639	0.04647	0.15489	0.05244	0.32027	0.03489	0.00769	0.00986	0.19610	0.00835	0.00821
27	0.02537	0.32875	0.31861	0.02511	0.03797	0.03388	0.02990	0.03363	0.02260	0.03027	0.01745	0.02036	0.01390	0.00986	0.00874	0.00291	0.01397	0.00699	0.00463	0.01510
28	0.07834	0.02739	0.02513	0.02073	0.02834	0.12422	0.01629	0.07496	0.16256	0.07605	0.02745	0.02782	0.02097	0.01135	0.00952	0.00276	0.01077	0.00865	0.00837	0.23832

[dist]
# distance from previous block
# <min> <max>
5	13

[block]
# block no. 2 follows, 12 sequences, length 20
# corresponding to MSA columns:
# 159-178
name=unknown_C
#
# <colnr> <probs for GDERKNQSTAVLIFYWHMCP>
#	G	D	E	R	K	N	Q	S	T	A	V	L	I	F	Y	W	H	M	C	P
0	0.02619	0.03229	0.18232	0.03099	0.07419	0.02148	0.13865	0.03425	0.02451	0.08974	0.02261	0.02613	0.01681	0.00964	0.01031	0.00290	0.01316	0.00909	0.00639	0.22832
1	0.02749	0.03036	0.08362	0.05545	0.37804	0.06681	0.08165	0.03643	0.06608	0.03561	0.02226	0.02750	0.01799	0.01023	0.01093	0.00331	0.01392	0.00993	0.00583	0.01657
2	0.02162	0.02135	0.04055	0.09549	0.12267	0.02087	0.21243	0.02843	0.02583	0.03555	0.14660	0.10566	0.04266	0.01527	0.01245	0.00363	0.01271	0.01564	0.00744	0.01316
3	0.10655	0.02721	0.02638	0.02263	0.02939	0.07580	0.01815	0.20047	0.23502	0.05096	0.03371	0.03751	0.02651	0.01452	0.01073	0.00354	0.01078	0.04402	0.00999	0.01614
4	0.01894	0.01537	0.01744	0.01699	0.02090	0.01596	0.01323	0.03195	0.19661	0.03812	0.16266	0.11790	0.17766	0.02306	0.01267	0.00389	0.00723	0.08637	0.01081	0.01225
5	0.02478	0.01829	0.02920	0.34984	0.09210	0.02059	0.02518	0.03108	0.02464	0.11383	0.07106	0.04500	0.02943	0.01431	0.01153	0.00370	0.01230	0.06258	0.00743	0.01313
6	0.02535	0.03369	0.20494	0.03349	0.04448	0.02294	0.23430	0.03444	0.02629	0.09088	0.10591	0.03649	0.03046	0.01207	0.01190	0.00354	0.01464	0.01227	0.00710	0.01484
7	0.02612	0.01860	0.02391	0.01997	0.02576	0.01878	0.05504	0.08005	0.15692	0.11880	0.18198	0.05915	0.13206	0.01805	0.01196	0.00354	0.00842	0.01564	0.01104	0.01420
8	0.01417	0.01030	0.01291	0.01438	0.01571	0.00961	0.01000	0.01649	0.02201	0.02896	0.10770	0.36416	0.13994	0.11745	0.01988	0.00518	0.00705	0.06549	0.00977	0.00881
9	0.02385	0.02271	0.03859	0.32379	0.31644	0.02508	0.03190	0.03071	0.02334	0.03181	0.01996	0.02801	0.01593	0.01030	0.01085	0.00343	0.01373	0.00970	0.00513	0.01474
10	0.02622	0.09475	0.26175	0.03722	0.08878	0.08860	0.17992	0.03540	0.02481	0.03309	0.01972	0.02446	0.01498	0.00995	0.01081	0.00333	0.01655	0.00936	0.00507	0.01520
11	0.13303	0.01597	0.01900	0.01910	0.02328	0.01708	0.01601	0.03157	0.09819	0.08002	0.04433	0.07737	0.04306	0.02892	0.07494	0.00581	0.01164	0.23914	0.00947	0.01207
12	0.15722	0.01485	0.01719	0.01558	0.01983	0.01451	0.01162	0.03062	0.02353	0.19315	0.08379	0.17574	0.04342	0.12823	0.01910	0.00493	0.00830	0.01627	0.01002	0.01210
13	0.02399	0.02333	0.04029	0.28948	0.20785	0.02556	0.10562	0.03379	0.07652	0.03314	0.02276	0.02972	0.01763	0.01069	0.01120	0.00353	0.01406	0.01048	0.00577	0.01459
14	0.03672	0.03601	0.03257	0.02712	0.03393	0.25372	0.07370	0.14725	0.07180	0.08687	0.02749	0.07319	0.02267	0.01376	0.01094	0.00326	0.01494	0.01100	0.00829	0.01477
15	0.02980	0.02055	0.02380	0.02150	0.02736	0.02220	0.01752	0.09845	0.26110	0.12910	0.04564	0.06013	0.03836	0.01842	0.01210	0.00394	0.00948	0.13365	0.01119	0.01572
16	0.18790	0.01926	0.02447	0.08533	0.11139	0.02039	0.01864	0.07294	0.02547	0.11268	0.03319	0.14670	0.03113	0.01701	0.01078	0.00370	0.00993	0.04700	0.00855	0.01354
17	0.03888	0.02718	0.03242	0.02520	0.03359	0.02919	0.05628	0.31771	0.13302	0.14247	0.03196	0.03087	0.02247	0.01317	0.01110	0.00340	0.01142	0.01069	0.01096	0.01802
18	0.02545	0.02434	0.04148	0.19302	0.43473	0.02550	0.03270	0.03211	0.02410	0.03375	0.02024	0.02749	0.01661	0.01000	0.01082	0.00333	0.01333	0.00971	0.00526	0.01603
19	0.04145	0.03054	0.03272	0.02509	0.03381	0.03381	0.02072	0.51243	0.05127	0.06872	0.02618	0.02618	0.01854	0.01309	0.01091	0.00327	0.01200	0.00982	0.01091	0.01854

[dist]
# distance from previous block
# <min> <max>
0	21

[block]
# block no. 3 follows, 12 sequences, length 44
# corresponding to MSA columns:
# 200-243
name=unknown_D
#
# <colnr> <probs for GDERKNQSTAVLIFYWHMCP>
#	G	D	E	R	K	N	Q	S	T	A	V	L	I	F	Y	W	H	M	C	P
0	0.02128	0.05223	0.51002	0.02948	0.04434	0.02394	0.03752	0.03324	0.02374	0.03538	0.06781	0.02840	0.02202	0.01146	0.01059	0.00345	0.01510	0.00913	0.00529	0.01558
1	0.02970	0.02799	0.04800	0.05146	0.28613	0.02812	0.17795	0.13666	0.03078	0.04251	0.02220	0.02756	0.01732	0.01028	0.01146	0.00338	0.01443	0.01071	0.00662	0.01675
2	0.01895	0.01449	0.01885	0.06787	0.02482	0.01584	0.01454	0.02778	0.13180	0.03263	0.11675	0.05727	0.08783	0.03600	0.13753	0.11567	0.01300	0.04918	0.00836	0.01084
3	0.02059	0.01938	0.03270	0.59060	0.07510	0.02422	0.03028	0.02786	0.02180	0.02786	0.01938	0.02907	0.01453	0.01090	0.01090	0.00363	0.01453	0.00969	0.00484	0.01211
4	0.04892	0.01856	0.02530	0.01940	0.02783	0.01603	0.01603	0.05314	0.03121	0.55634	0.04302	0.03711	0.02699	0.01350	0.01096	0.00337	0.00928	0.01096	0.01350	0.01856
5	0.02615	0.02465	0.04165	0.21619	0.32575	0.02619	0.07234	0.07022	0.02613	0.03592	0.02076	0.02774	0.01650	0.01029	0.01101	0.00340	0.01381	0.00999	0.00568	0.01563
6	0.02385	0.02385	0.03340	0.02863	0.02863	0.03340	0.02385	0.02624	0.01670	0.02624	0.01431	0.02385	0.01431	0.01908	0.03578	0.00477	0.59685	0.00954	0.00477	0.01193
7	0.02915	0.62337	0.05714	0.01866	0.02799	0.04314	0.01866	0.03265	0.02215	0.02565	0.01516	0.01749	0.01399	0.00933	0.00700	0.00233	0.01166	0.00583	0.00466	0.01399
8	0.02547	0.01909	0.02485	0.06953	0.11453	0.01933	0.01837	0.13010	0.03124	0.08326	0.09092	0.06342	0.19088	0.01889	0.01197	0.00358	0.00949	0.05188	0.00950	0.01369
9	0.02480	0.01479	0.02228	0.14079	0.03311	0.01600	0.01770	0.02881	0.02191	0.14830	0.03165	0.04411	0.02657	0.04281	0.23144	0.06930	0.01818	0.04796	0.00763	0.01186
10	0.04073	0.05197	0.03090	0.02809	0.03371	0.57303	0.02107	0.04354	0.03090	0.02669	0.01685	0.01966	0.01404	0.01124	0.00983	0.00281	0.01966	0.00702	0.00562	0.01264
11	0.03978	0.02658	0.02976	0.02262	0.03145	0.02750	0.01862	0.35155	0.04304	0.15159	0.02813	0.02758	0.01969	0.01236	0.01046	0.00302	0.01088	0.00949	0.01066	0.12523
12	0.03067	0.01517	0.01962	0.01612	0.02208	0.01308	0.01282	0.03507	0.02951	0.26966	0.21803	0.05949	0.11817	0.01779	0.01159	0.00328	0.00730	0.01506	0.01193	0.07355
13	0.01497	0.01126	0.01618	0.01660	0.01847	0.01247	0.01260	0.01844	0.01868	0.02607	0.04103	0.14267	0.07717	0.06938	0.43407	0.01420	0.02344	0.01584	0.00691	0.00954
14	0.04892	0.01856	0.02530	0.01940	0.02783	0.01603	0.01603	0.05314	0.03121	0.55634	0.04302	0.03711	0.02699	0.01350	0.01096	0.00337	0.00928	0.01096	0.01350	0.01856
15	0.69383	0.02109	0.01603	0.01434	0.02109	0.02446	0.01181	0.03205	0.01856	0.04892	0.01518	0.01771	0.01181	0.01012	0.00675	0.00337	0.00843	0.00590	0.00675	0.01181
16	0.02033	0.01016	0.01016	0.01016	0.01270	0.01016	0.00762	0.02541	0.02287	0.04065	0.03557	0.04065	0.02795	0.01270	0.00762	0.00254	0.00508	0.01016	0.67734	0.01016
17	0.02973	0.01481	0.01861	0.01594	0.02017	0.01395	0.01174	0.03459	0.06378	0.23825	0.12016	0.05708	0.04430	0.23662	0.02764	0.00605	0.00904	0.01427	0.01054	0.01274
18	0.03274	0.02217	0.02482	0.02147	0.02822	0.02426	0.01694	0.05670	0.40078	0.17724	0.04403	0.03976	0.03166	0.01446	0.01106	0.00361	0.00880	0.01198	0.01171	0.01759
19	0.69383	0.02109	0.01603	0.01434	0.02109	0.02446	0.01181	0.03205	0.01856	0.04892	0.01518	0.01771	0.01181	0.01012	0.00675	0.00337	0.00843	0.00590	0.00675	0.01181
20	0.40246	0.01994	0.02022	0.01663	0.02413	0.02065	0.01371	0.04158	0.02427	0.27817	0.02776	0.02648	0.01867	0.01165	0.00865	0.00337	0.00882	0.00819	0.00980	0.01486
21	0.01591	0.01229	0.01477	0.01458	0.01776	0.01163	0.01139	0.02230	0.06671	0.03776	0.29539	0.09208	0.22492	0.02458	0.01308	0.00378	0.00631	0.09326	0.01105	0.01046
22	0.01593	0.01138	0.01568	0.01820	0.01999	0.01113	0.01471	0.01975	0.02348	0.03079	0.05864	0.30965	0.06634	0.03167	0.01462	0.00479	0.00862	0.30497	0.01007	0.00959
23	0.10427	0.01877	0.02451	0.01897	0.02725	0.01675	0.01566	0.05133	0.03012	0.51279	0.04063	0.03545	0.02569	0.01321	0.01060	0.00337	0.00921	0.01053	0.01292	0.01798
24	0.02798	0.02125	0.03043	0.18872	0.04166	0.02619	0.02325	0.07540	0.02385	0.11863	0.02292	0.02941	0.01798	0.02061	0.06831	0.00517	0.22780	0.01003	0.00690	0.01350
25	0.03601	0.02762	0.03061	0.06766	0.03548	0.03036	0.02025	0.36369	0.11813	0.05914	0.02778	0.02826	0.02023	0.01273	0.01068	0.00322	0.01134	0.00989	0.01007	0.07684
26	0.33648	0.02227	0.02274	0.01835	0.02609	0.02363	0.01514	0.14237	0.02984	0.22404	0.02692	0.02606	0.01837	0.01190	0.00906	0.00335	0.00948	0.00845	0.00991	0.01553
27	0.69383	0.02109	0.01603	0.01434	0.02109	0.02446	0.01181	0.03205	0.01856	0.04892	0.01518	0.01771	0.01181	0.01012	0.00675	0.00337	0.00843	0.00590	0.00675	0.01181
28	0.02294	0.01987	0.02423	0.01996	0.06507	0.01539	0.01446	0.02791	0.02278	0.03554	0.01946	0.02294	0.01623	0.00820	0.00828	0.00174	0.00844	0.00670	0.00638	0.63349
29	0.02634	0.02862	0.08461	0.05284	0.32233	0.02642	0.13946	0.03751	0.09979	0.03687	0.02434	0.02927	0.01922	0.01040	0.01128	0.00342	0.01378	0.01069	0.00621	0.01660
30	0.23587	0.01929	0.02261	0.01793	0.02588	0.01847	0.01480	0.04703	0.02754	0.40925	0.03495	0.03149	0.02259	0.01252	0.00974	0.00337	0.00903	0.00950	0.01154	0.01660
31	0.01998	0.01259	0.01669	0.01803	0.02110	0.01224	0.01543	0.02476	0.02527	0.07397	0.05795	0.10430	0.09400	0.02639	0.01361	0.00447	0.00898	0.34340	0.09618	0.01065
32	0.03449	0.01432	0.01766	0.01474	0.02020	0.01307	0.01179	0.03914	0.02700	0.29613	0.03926	0.03890	0.02747	0.01310	0.00928	0.00295	0.00716	0.01056	0.34846	0.01432
33	0.01843	0.01175	0.01456	0.01470	0.01733	0.01087	0.01113	0.02086	0.02324	0.07734	0.09893	0.12844	0.19622	0.12840	0.02287	0.05841	0.00807	0.11943	0.00952	0.00951
34	0.69383	0.02109	0.01603	0.01434	0.02109	0.02446	0.01181	0.03205	0.01856	0.04892	0.01518	0.01771	0.01181	0.01012	0.00675	0.00337	0.00843	0.00590	0.00675	0.01181
35	0.02033	0.01016	0.01016	0.01016	0.01270	0.01016	0.00762	0.02541	0.02287	0.04065	0.03557	0.04065	0.02795	0.01270	0.00762	0.00254	0.00508	0.01016	0.67734	0.01016
36	0.22834	0.01859	0.02169	0.01744	0.02486	0.01788	0.01430	0.04417	0.02760	0.36551	0.08122	0.03571	0.02969	0.01335	0.00995	0.00338	0.00866	0.01034	0.01145	0.01588
37	0.03108	0.02529	0.02839	0.09630	0.03620	0.02899	0.02010	0.20631	0.30375	0.05107	0.03507	0.03433	0.02593	0.01372	0.01101	0.00355	0.01052	0.01115	0.01023	0.01703
38	0.01792	0.01327	0.01814	0.02198	0.08491	0.01327	0.01409	0.02060	0.02041	0.02723	0.04116	0.08461	0.04525	0.32318	0.03489	0.00759	0.01068	0.18387	0.00771	0.00924
39	0.13935	0.01804	0.02294	0.01841	0.02577	0.01696	0.01510	0.04571	0.02759	0.41349	0.03715	0.03500	0.02480	0.02179	0.08274	0.00519	0.01172	0.01031	0.01152	0.01643
40	0.13190	0.01888	0.02411	0.01875	0.02697	0.01711	0.01548	0.05042	0.02958	0.49105	0.03943	0.03462	0.02504	0.01306	0.01042	0.00337	0.00917	0.01031	0.01263	0.01769
41	0.01636	0.01183	0.01381	0.01443	0.01545	0.01207	0.00927	0.02102	0.08374	0.02675	0.04510	0.26516	0.05075	0.32532	0.03451	0.00743	0.00876	0.02096	0.00848	0.00880
42	0.03959	0.02994	0.03421	0.03047	0.10008	0.03280	0.02236	0.45080	0.04786	0.06446	0.02545	0.02628	0.01838	0.01265	0.01089	0.00327	0.01212	0.00980	0.01020	0.01838
43	0.02380	0.09223	0.02316	0.01663	0.02123	0.01738	0.01345	0.03037	0.06659	0.12504	0.26377	0.05593	0.06025	0.02870	0.10739	0.00571	0.01106	0.01450	0.01019	0.01261

[dist]
# distance from previous block
# <min> <max>
0	10

# created by:
# /st0/software/busco_prod/Augustus/scripts/msa2prfl.pl ./align_prep/10650.fa
