[name]
unknown

[dist]
# distance from previous block
# <min> <max>
0	368

[block]
# block no. 0 follows, 14 sequences, length 34
# corresponding to MSA columns:
# 376-409
name=unknown_A
#
# <colnr> <probs for GDERKNQSTAVLIFYWHMCP>
#	G	D	E	R	K	N	Q	S	T	A	V	L	I	F	Y	W	H	M	C	P
0	0.03292	0.01413	0.01916	0.01671	0.02177	0.01244	0.01291	0.03604	0.02557	0.36488	0.04677	0.26871	0.04201	0.02031	0.01141	0.00356	0.00765	0.01769	0.01146	0.01389
1	0.01938	0.01824	0.03078	0.61468	0.07068	0.02280	0.02850	0.02622	0.02052	0.02622	0.01824	0.02736	0.01368	0.01026	0.01026	0.00342	0.01368	0.00912	0.00456	0.01140
2	0.01399	0.01047	0.01297	0.01235	0.01500	0.00945	0.00926	0.01832	0.02778	0.03813	0.46517	0.08163	0.20346	0.02211	0.01211	0.00328	0.00492	0.01926	0.01090	0.00945
3	0.14520	0.03013	0.02453	0.02073	0.02738	0.24435	0.01633	0.04343	0.02743	0.28214	0.02684	0.02570	0.01844	0.01138	0.00929	0.00297	0.01243	0.00814	0.00883	0.01431
4	0.44841	0.03121	0.02056	0.01856	0.02449	0.24797	0.01452	0.03439	0.02201	0.03786	0.01490	0.01739	0.01194	0.00994	0.00749	0.00297	0.01207	0.00597	0.00593	0.01142
5	0.01452	0.01049	0.01372	0.01291	0.01533	0.00968	0.00968	0.01937	0.02905	0.04115	0.56992	0.07666	0.09683	0.02098	0.01210	0.00323	0.00484	0.01856	0.01130	0.00968
6	0.02058	0.05308	0.58618	0.02925	0.04442	0.02383	0.03792	0.03250	0.02167	0.03250	0.01842	0.02167	0.01300	0.00975	0.00975	0.00325	0.01517	0.00758	0.00433	0.01517
7	0.01251	0.01041	0.01093	0.01080	0.01410	0.00883	0.00810	0.01547	0.02429	0.02986	0.17821	0.09524	0.49558	0.02519	0.01212	0.00343	0.00514	0.02116	0.00981	0.00883
8	0.02128	0.01824	0.02128	0.01520	0.02432	0.01368	0.01216	0.02584	0.02128	0.03344	0.01824	0.02128	0.01520	0.00760	0.00760	0.00152	0.00760	0.00608	0.00608	0.70208
9	0.03833	0.04891	0.02908	0.02644	0.03173	0.59815	0.01983	0.04098	0.02908	0.02512	0.01586	0.01851	0.01322	0.01058	0.00925	0.00264	0.01851	0.00661	0.00529	0.01190
10	0.07958	0.03561	0.03587	0.02849	0.03596	0.24600	0.13695	0.20120	0.03345	0.04113	0.01973	0.02247	0.01499	0.01064	0.01004	0.00301	0.01519	0.00865	0.00696	0.01410
11	0.02540	0.02438	0.04165	0.06299	0.57533	0.02438	0.03149	0.03149	0.02337	0.03353	0.01930	0.02540	0.01626	0.00914	0.01016	0.00305	0.01219	0.00914	0.00508	0.01626
12	0.01909	0.01756	0.02934	0.47712	0.10097	0.02133	0.02623	0.02537	0.02010	0.02640	0.01979	0.02927	0.01579	0.02080	0.10402	0.00547	0.01577	0.00942	0.00475	0.01142
13	0.02166	0.01289	0.01471	0.01318	0.01769	0.01163	0.01025	0.02703	0.06783	0.15737	0.11917	0.07303	0.32291	0.02053	0.01122	0.00330	0.00618	0.01711	0.06088	0.01143
14	0.02058	0.05308	0.58618	0.02925	0.04442	0.02383	0.03792	0.03250	0.02167	0.03250	0.01842	0.02167	0.01300	0.00975	0.00975	0.00325	0.01517	0.00758	0.00433	0.01517
15	0.01816	0.01490	0.01719	0.01617	0.01994	0.01610	0.01245	0.03128	0.22202	0.03506	0.15177	0.05871	0.15563	0.03212	0.14482	0.00639	0.01129	0.01489	0.00929	0.01180
16	0.04169	0.02444	0.02813	0.02157	0.02968	0.02544	0.01782	0.35373	0.04105	0.26224	0.03069	0.02856	0.02049	0.01246	0.01029	0.00312	0.01032	0.00965	0.01120	0.01746
17	0.01250	0.00893	0.01191	0.01429	0.01488	0.00834	0.00953	0.01429	0.01965	0.02620	0.05656	0.63265	0.06787	0.03215	0.01310	0.00417	0.00595	0.02917	0.00953	0.00834
18	0.02472	0.02553	0.04630	0.03472	0.04335	0.02579	0.33895	0.04114	0.22743	0.03671	0.02878	0.03173	0.02158	0.01066	0.01147	0.00347	0.01380	0.01192	0.00719	0.01476
19	0.01466	0.01100	0.01649	0.01649	0.01833	0.01283	0.01283	0.01833	0.01649	0.02382	0.02749	0.04032	0.02566	0.07697	0.59868	0.01649	0.02749	0.01100	0.00550	0.00916
20	0.01302	0.01043	0.01163	0.01133	0.01441	0.00904	0.00850	0.01645	0.02549	0.03272	0.27723	0.09054	0.39478	0.02413	0.01212	0.00338	0.00507	0.02051	0.01019	0.00904
21	0.01477	0.01056	0.01430	0.01430	0.01538	0.01164	0.01010	0.01692	0.01584	0.02220	0.02949	0.05140	0.03047	0.30921	0.37302	0.01379	0.02024	0.01262	0.00580	0.00795
22	0.71184	0.01985	0.01508	0.01350	0.01985	0.02302	0.01111	0.03017	0.01746	0.04604	0.01429	0.01667	0.01111	0.00953	0.00635	0.00318	0.00794	0.00556	0.00635	0.01111
23	0.01233	0.01040	0.01068	0.01061	0.01399	0.00875	0.00796	0.01512	0.02387	0.02886	0.14338	0.09689	0.53104	0.02557	0.01213	0.00345	0.00517	0.02140	0.00968	0.00875
24	0.71184	0.01985	0.01508	0.01350	0.01985	0.02302	0.01111	0.03017	0.01746	0.04604	0.01429	0.01667	0.01111	0.00953	0.00635	0.00318	0.00794	0.00556	0.00635	0.01111
25	0.02711	0.08636	0.14870	0.02725	0.03499	0.10990	0.08956	0.09899	0.02514	0.03336	0.01769	0.02209	0.01425	0.01168	0.01505	0.00322	0.15205	0.00826	0.00555	0.06880
26	0.02553	0.02204	0.02320	0.02088	0.02669	0.02553	0.01624	0.05453	0.55679	0.04293	0.04177	0.03829	0.03133	0.01392	0.01044	0.00348	0.00812	0.01160	0.01044	0.01624
27	0.02759	0.02307	0.02437	0.02130	0.02747	0.02649	0.01674	0.12922	0.47873	0.04627	0.03914	0.03619	0.02920	0.01368	0.01042	0.00342	0.00861	0.01124	0.01042	0.01643
28	0.04604	0.01746	0.02382	0.01826	0.02620	0.01508	0.01508	0.05001	0.02937	0.58244	0.04049	0.03493	0.02540	0.01270	0.01032	0.00318	0.00873	0.01032	0.01270	0.01746
29	0.02502	0.02546	0.04780	0.05657	0.40554	0.02489	0.19636	0.03194	0.02364	0.03331	0.01978	0.02614	0.01603	0.00898	0.01079	0.00318	0.01385	0.01011	0.00512	0.01547
30	0.08230	0.01992	0.02594	0.02582	0.11439	0.01981	0.01776	0.04686	0.16370	0.31860	0.03564	0.03303	0.02449	0.01223	0.01006	0.00323	0.00908	0.01014	0.01046	0.01653
31	0.01266	0.01042	0.01113	0.01095	0.01418	0.00889	0.00821	0.01575	0.02463	0.03067	0.20638	0.09390	0.46690	0.02489	0.01212	0.00341	0.00512	0.02098	0.00992	0.00889
32	0.01404	0.01003	0.01367	0.01605	0.01732	0.00966	0.01220	0.01695	0.02116	0.02792	0.05571	0.43542	0.06451	0.03070	0.01351	0.00438	0.00729	0.21121	0.00950	0.00876
33	0.03121	0.01872	0.02684	0.21397	0.07756	0.01972	0.02047	0.07218	0.06961	0.24070	0.07615	0.03497	0.02703	0.01245	0.01045	0.00327	0.01036	0.01059	0.00909	0.01466

[dist]
# distance from previous block
# <min> <max>
0	1

[block]
# block no. 1 follows, 14 sequences, length 27
# corresponding to MSA columns:
# 411-437
name=unknown_B
#
# <colnr> <probs for GDERKNQSTAVLIFYWHMCP>
#	G	D	E	R	K	N	Q	S	T	A	V	L	I	F	Y	W	H	M	C	P
0	0.02841	0.02235	0.02399	0.02095	0.02715	0.02534	0.01647	0.10155	0.46686	0.08640	0.04000	0.03670	0.02952	0.01367	0.01042	0.00342	0.00848	0.01127	0.01060	0.01645
1	0.59951	0.02036	0.01764	0.01750	0.05734	0.02336	0.01296	0.03263	0.07036	0.04491	0.01730	0.01935	0.01342	0.00993	0.00700	0.00320	0.00824	0.00638	0.00666	0.01195
2	0.01359	0.00989	0.01280	0.01326	0.01506	0.00910	0.00949	0.01712	0.02508	0.03454	0.34256	0.28953	0.11863	0.02557	0.01248	0.00360	0.00529	0.02281	0.01050	0.00910
3	0.02065	0.04969	0.53118	0.02788	0.04246	0.02284	0.03541	0.03185	0.02163	0.03259	0.01840	0.02163	0.01321	0.00954	0.00954	0.00308	0.01443	0.00744	0.00450	0.08204
4	0.03833	0.04891	0.02908	0.02644	0.03173	0.59815	0.01983	0.04098	0.02908	0.02512	0.01586	0.01851	0.01322	0.01058	0.00925	0.00264	0.01851	0.00661	0.00529	0.01190
5	0.02540	0.02438	0.04165	0.06299	0.57533	0.02438	0.03149	0.03149	0.02337	0.03353	0.01930	0.02540	0.01626	0.00914	0.01016	0.00305	0.01219	0.00914	0.00508	0.01626
6	0.02163	0.02054	0.03485	0.40804	0.25970	0.02339	0.02962	0.02820	0.02159	0.02896	0.01864	0.02663	0.01464	0.00984	0.01022	0.00328	0.01312	0.00913	0.00475	0.01322
7	0.02298	0.01733	0.01983	0.01843	0.02297	0.01885	0.01442	0.04065	0.31470	0.08102	0.14535	0.09908	0.04932	0.01819	0.01137	0.00360	0.00753	0.07006	0.01060	0.01371
8	0.01811	0.01593	0.02588	0.34674	0.09030	0.01897	0.02236	0.02342	0.01912	0.02560	0.02216	0.03410	0.01926	0.07798	0.18904	0.00779	0.01740	0.01012	0.00501	0.01072
9	0.02112	0.09978	0.54422	0.02833	0.04299	0.02515	0.03631	0.03236	0.02160	0.03184	0.01809	0.02126	0.01301	0.00967	0.00950	0.00317	0.01484	0.00742	0.00434	0.01501
10	0.01313	0.00920	0.01172	0.01348	0.01392	0.00876	0.00866	0.01445	0.01842	0.02455	0.05025	0.48523	0.05991	0.19044	0.02330	0.00567	0.00700	0.02546	0.00866	0.00778
11	0.03403	0.04015	0.13220	0.02545	0.03362	0.24185	0.02272	0.21229	0.08566	0.04179	0.02187	0.02312	0.01639	0.01135	0.00981	0.00299	0.01440	0.00818	0.00732	0.01483
12	0.02058	0.05308	0.58618	0.02925	0.04442	0.02383	0.03792	0.03250	0.02167	0.03250	0.01842	0.02167	0.01300	0.00975	0.00975	0.00325	0.01517	0.00758	0.00433	0.01517
13	0.02211	0.15907	0.44945	0.02818	0.04182	0.02705	0.07203	0.03220	0.02171	0.03101	0.01784	0.02117	0.01323	0.00949	0.00935	0.00307	0.01456	0.00754	0.00441	0.01470
14	0.02153	0.13507	0.51249	0.02763	0.04191	0.02615	0.03510	0.03225	0.02155	0.03134	0.01784	0.02095	0.01302	0.00962	0.00931	0.00310	0.01459	0.00729	0.00434	0.01489
15	0.01250	0.00948	0.01153	0.01298	0.01459	0.00852	0.00899	0.01472	0.02138	0.02755	0.10139	0.43139	0.22882	0.02955	0.01273	0.00389	0.00565	0.02618	0.00963	0.00852
16	0.03032	0.03211	0.02541	0.02296	0.02857	0.24001	0.01759	0.04945	0.35913	0.03626	0.03207	0.03088	0.02454	0.01267	0.01000	0.00317	0.01201	0.00973	0.00851	0.01462
17	0.02006	0.01900	0.03144	0.19044	0.24210	0.01962	0.06230	0.02569	0.02307	0.03078	0.07448	0.04581	0.14437	0.01393	0.01090	0.00328	0.01092	0.01277	0.00635	0.01268
18	0.01247	0.00904	0.01179	0.01399	0.01481	0.00836	0.00939	0.01432	0.01993	0.02631	0.06019	0.59173	0.10645	0.03168	0.01302	0.00411	0.00590	0.02860	0.00953	0.00836
19	0.01938	0.01824	0.03078	0.61468	0.07068	0.02280	0.02850	0.02622	0.02052	0.02622	0.01824	0.02736	0.01368	0.01026	0.01026	0.00342	0.01368	0.00912	0.00456	0.01140
20	0.02520	0.14322	0.33128	0.02877	0.04111	0.02681	0.12342	0.06058	0.02397	0.07252	0.02008	0.02301	0.01463	0.00974	0.00972	0.00310	0.01419	0.00835	0.00542	0.01488
21	0.02346	0.04906	0.52264	0.02801	0.04236	0.02284	0.03534	0.03448	0.02254	0.09464	0.02091	0.02316	0.01440	0.01008	0.00981	0.00324	0.01444	0.00789	0.00528	0.01543
22	0.01452	0.01049	0.01372	0.01291	0.01533	0.00968	0.00968	0.01937	0.02905	0.04115	0.56992	0.07666	0.09683	0.02098	0.01210	0.00323	0.00484	0.01856	0.01130	0.00968
23	0.02662	0.31222	0.27235	0.02294	0.03429	0.03135	0.02605	0.07153	0.02381	0.06547	0.01842	0.02041	0.01419	0.00970	0.00842	0.00276	0.01261	0.00695	0.00533	0.01460
24	0.02439	0.02697	0.10099	0.09962	0.43603	0.02428	0.03088	0.03285	0.06140	0.03351	0.02074	0.02606	0.01677	0.00964	0.01014	0.00313	0.01235	0.00914	0.00534	0.01575
25	0.01442	0.01076	0.01597	0.01624	0.01794	0.01232	0.01245	0.01787	0.01685	0.02409	0.03077	0.10724	0.03043	0.07190	0.53252	0.01510	0.02505	0.01305	0.00595	0.00907
26	0.02426	0.02127	0.02866	0.02551	0.05883	0.02230	0.09093	0.07501	0.26686	0.03936	0.03588	0.04636	0.03021	0.01454	0.01096	0.00342	0.01003	0.09457	0.00874	0.09233

[dist]
# distance from previous block
# <min> <max>
0	1

[block]
# block no. 2 follows, 14 sequences, length 57
# corresponding to MSA columns:
# 439-495
name=unknown_C
#
# <colnr> <probs for GDERKNQSTAVLIFYWHMCP>
#	G	D	E	R	K	N	Q	S	T	A	V	L	I	F	Y	W	H	M	C	P
0	0.02062	0.01884	0.01811	0.01675	0.02129	0.06513	0.01283	0.03539	0.26468	0.03600	0.12578	0.06219	0.22387	0.01867	0.01113	0.00338	0.00757	0.01551	0.00981	0.01247
1	0.02058	0.05308	0.58618	0.02925	0.04442	0.02383	0.03792	0.03250	0.02167	0.03250	0.01842	0.02167	0.01300	0.00975	0.00975	0.00325	0.01517	0.00758	0.00433	0.01517
2	0.47043	0.02042	0.01912	0.01590	0.02285	0.02228	0.01311	0.09966	0.02416	0.17410	0.02174	0.02196	0.01527	0.01062	0.00778	0.00316	0.00855	0.00714	0.00834	0.01341
3	0.02620	0.51085	0.12944	0.02133	0.03115	0.03703	0.06348	0.03116	0.02125	0.02604	0.01539	0.01812	0.01334	0.00891	0.00749	0.00245	0.01209	0.00633	0.00445	0.01351
4	0.01250	0.00893	0.01191	0.01429	0.01488	0.00834	0.00953	0.01429	0.01965	0.02620	0.05656	0.63265	0.06787	0.03215	0.01310	0.00417	0.00595	0.02917	0.00953	0.00834
5	0.01938	0.01824	0.03078	0.61468	0.07068	0.02280	0.02850	0.02622	0.02052	0.02622	0.01824	0.02736	0.01368	0.01026	0.01026	0.00342	0.01368	0.00912	0.00456	0.01140
6	0.02100	0.01911	0.03078	0.56580	0.06747	0.02355	0.02776	0.06881	0.02281	0.02940	0.01877	0.02713	0.01399	0.01043	0.01026	0.00339	0.01348	0.00913	0.00503	0.01190
7	0.01486	0.01107	0.01455	0.01357	0.01510	0.01056	0.03904	0.01671	0.01943	0.02594	0.13823	0.11717	0.11505	0.36563	0.03450	0.00709	0.00856	0.01741	0.00774	0.00777
8	0.02387	0.02641	0.01935	0.01796	0.02181	0.25366	0.01347	0.02730	0.02780	0.03149	0.23572	0.05747	0.16828	0.01778	0.01093	0.00304	0.01059	0.01429	0.00841	0.01037
9	0.03906	0.02157	0.02565	0.02047	0.02787	0.02199	0.01682	0.21406	0.10978	0.30008	0.03615	0.03666	0.02553	0.01366	0.01054	0.00328	0.00955	0.03908	0.01137	0.01682
10	0.01854	0.01774	0.02835	0.02460	0.02876	0.05383	0.16716	0.02302	0.02247	0.02904	0.04283	0.30424	0.04696	0.02299	0.01278	0.00398	0.01087	0.12348	0.00795	0.01043
11	0.03833	0.04891	0.02908	0.02644	0.03173	0.59815	0.01983	0.04098	0.02908	0.02512	0.01586	0.01851	0.01322	0.01058	0.00925	0.00264	0.01851	0.00661	0.00529	0.01190
12	0.01213	0.01040	0.01040	0.01040	0.01386	0.00866	0.00780	0.01473	0.02339	0.02772	0.10396	0.09876	0.57117	0.02599	0.01213	0.00347	0.00520	0.02166	0.00953	0.00866
13	0.02540	0.02438	0.04165	0.06299	0.57533	0.02438	0.03149	0.03149	0.02337	0.03353	0.01930	0.02540	0.01626	0.00914	0.01016	0.00305	0.01219	0.00914	0.00508	0.01626
14	0.01938	0.01824	0.03078	0.61468	0.07068	0.02280	0.02850	0.02622	0.02052	0.02622	0.01824	0.02736	0.01368	0.01026	0.01026	0.00342	0.01368	0.00912	0.00456	0.01140
15	0.01250	0.00893	0.01191	0.01429	0.01488	0.00834	0.00953	0.01429	0.01965	0.02620	0.05656	0.63265	0.06787	0.03215	0.01310	0.00417	0.00595	0.02917	0.00953	0.00834
16	0.02540	0.02438	0.04165	0.06299	0.57533	0.02438	0.03149	0.03149	0.02337	0.03353	0.01930	0.02540	0.01626	0.00914	0.01016	0.00305	0.01219	0.00914	0.00508	0.01626
17	0.02367	0.31978	0.34650	0.02399	0.03628	0.03138	0.02875	0.03170	0.02130	0.02874	0.01655	0.01932	0.01308	0.00931	0.00832	0.00277	0.01328	0.00664	0.00436	0.01427
18	0.01213	0.01040	0.01040	0.01040	0.01386	0.00866	0.00780	0.01473	0.02339	0.02772	0.10396	0.09876	0.57117	0.02599	0.01213	0.00347	0.00520	0.02166	0.00953	0.00866
19	0.37701	0.02366	0.03722	0.02799	0.03630	0.02445	0.26771	0.03148	0.02075	0.03963	0.01744	0.02203	0.01328	0.00910	0.00916	0.00331	0.01250	0.00875	0.00579	0.01244
20	0.02046	0.01085	0.01099	0.01051	0.01329	0.01106	0.00800	0.05862	0.02331	0.04003	0.03288	0.03735	0.02571	0.01198	0.00738	0.00244	0.00522	0.00954	0.65028	0.01009
21	0.01576	0.01261	0.01860	0.01797	0.01954	0.01545	0.01419	0.01922	0.01638	0.02395	0.02551	0.03780	0.02394	0.06864	0.51898	0.01480	0.11115	0.01071	0.00536	0.00945
22	0.01938	0.01824	0.03078	0.61468	0.07068	0.02280	0.02850	0.02622	0.02052	0.02622	0.01824	0.02736	0.01368	0.01026	0.01026	0.00342	0.01368	0.00912	0.00456	0.01140
23	0.71184	0.01985	0.01508	0.01350	0.01985	0.02302	0.01111	0.03017	0.01746	0.04604	0.01429	0.01667	0.01111	0.00953	0.00635	0.00318	0.00794	0.00556	0.00635	0.01111
24	0.02151	0.02041	0.03463	0.41952	0.24920	0.02336	0.02956	0.02809	0.02153	0.02880	0.01862	0.02667	0.01459	0.00986	0.01022	0.00329	0.01315	0.00913	0.00474	0.01312
25	0.01869	0.01713	0.02844	0.53031	0.06326	0.02100	0.02632	0.02503	0.02068	0.02653	0.02349	0.07629	0.02070	0.01308	0.01074	0.00356	0.01284	0.04560	0.00526	0.01105
26	0.02245	0.02245	0.03143	0.02694	0.02694	0.03143	0.02245	0.02470	0.01572	0.02470	0.01347	0.02245	0.01347	0.01796	0.03368	0.00449	0.62057	0.00898	0.00449	0.01123
27	0.01244	0.01047	0.01114	0.01114	0.01441	0.00917	0.00841	0.01517	0.02255	0.02724	0.09459	0.09160	0.50431	0.03224	0.08401	0.00506	0.00793	0.02035	0.00904	0.00872
28	0.02957	0.02053	0.02629	0.14015	0.03622	0.08788	0.05554	0.03450	0.02552	0.20237	0.03572	0.05466	0.03078	0.01627	0.01144	0.00363	0.01173	0.15556	0.00869	0.01296
29	0.42713	0.03050	0.02333	0.02020	0.02649	0.22242	0.05356	0.03411	0.02199	0.03781	0.01532	0.01813	0.01218	0.00982	0.00779	0.00301	0.01230	0.00641	0.00590	0.01159
30	0.01250	0.00893	0.01191	0.01429	0.01488	0.00834	0.00953	0.01429	0.01965	0.02620	0.05656	0.63265	0.06787	0.03215	0.01310	0.00417	0.00595	0.02917	0.00953	0.00834
31	0.02128	0.01824	0.02128	0.01520	0.02432	0.01368	0.01216	0.02584	0.02128	0.03344	0.01824	0.02128	0.01520	0.00760	0.00760	0.00152	0.00760	0.00608	0.00608	0.70208
32	0.01485	0.01042	0.01343	0.01268	0.01509	0.00967	0.00951	0.01969	0.02852	0.04095	0.53220	0.07396	0.09187	0.02035	0.01176	0.00317	0.00484	0.01793	0.05946	0.00967
33	0.01938	0.01824	0.03078	0.61468	0.07068	0.02280	0.02850	0.02622	0.02052	0.02622	0.01824	0.02736	0.01368	0.01026	0.01026	0.00342	0.01368	0.00912	0.00456	0.01140
34	0.71184	0.01985	0.01508	0.01350	0.01985	0.02302	0.01111	0.03017	0.01746	0.04604	0.01429	0.01667	0.01111	0.00953	0.00635	0.00318	0.00794	0.00556	0.00635	0.01111
35	0.02422	0.02768	0.06055	0.04325	0.05363	0.02595	0.53806	0.03287	0.02422	0.03287	0.02076	0.02768	0.01557	0.00865	0.01211	0.00346	0.01730	0.01211	0.00519	0.01384
36	0.02102	0.02101	0.03289	0.53237	0.06678	0.06172	0.06605	0.02771	0.02137	0.02664	0.01827	0.02679	0.01379	0.01016	0.01033	0.00337	0.01428	0.00917	0.00466	0.01162
37	0.02759	0.02307	0.02437	0.02130	0.02747	0.02649	0.01674	0.12899	0.47898	0.04626	0.03915	0.03620	0.02920	0.01368	0.01042	0.00342	0.00861	0.01124	0.01042	0.01643
38	0.02486	0.02384	0.04069	0.11205	0.53045	0.02424	0.03123	0.03103	0.02311	0.03288	0.01921	0.02557	0.01603	0.00924	0.01017	0.00308	0.01232	0.00914	0.00503	0.01582
39	0.02891	0.02915	0.02476	0.02235	0.02802	0.17706	0.01719	0.05094	0.41715	0.03821	0.03491	0.03305	0.02653	0.01304	0.01013	0.00326	0.01087	0.01028	0.00908	0.01509
40	0.03833	0.04891	0.02908	0.02644	0.03173	0.59815	0.01983	0.04098	0.02908	0.02512	0.01586	0.01851	0.01322	0.01058	0.00925	0.00264	0.01851	0.00661	0.00529	0.01190
41	0.04604	0.01746	0.02382	0.01826	0.02620	0.01508	0.01508	0.05001	0.02937	0.58244	0.04049	0.03493	0.02540	0.01270	0.01032	0.00318	0.00873	0.01032	0.01270	0.01746
42	0.01938	0.01824	0.03078	0.61468	0.07068	0.02280	0.02850	0.02622	0.02052	0.02622	0.01824	0.02736	0.01368	0.01026	0.01026	0.00342	0.01368	0.00912	0.00456	0.01140
43	0.02553	0.02204	0.02320	0.02088	0.02669	0.02553	0.01624	0.05453	0.55679	0.04293	0.04177	0.03829	0.03133	0.01392	0.01044	0.00348	0.00812	0.01160	0.01044	0.01624
44	0.01938	0.01824	0.03078	0.61468	0.07068	0.02280	0.02850	0.02622	0.02052	0.02622	0.01824	0.02736	0.01368	0.01026	0.01026	0.00342	0.01368	0.00912	0.00456	0.01140
45	0.02540	0.02438	0.04165	0.06299	0.57533	0.02438	0.03149	0.03149	0.02337	0.03353	0.01930	0.02540	0.01626	0.00914	0.01016	0.00305	0.01219	0.00914	0.00508	0.01626
46	0.71184	0.01985	0.01508	0.01350	0.01985	0.02302	0.01111	0.03017	0.01746	0.04604	0.01429	0.01667	0.01111	0.00953	0.00635	0.00318	0.00794	0.00556	0.00635	0.01111
47	0.02466	0.02363	0.04032	0.13060	0.51348	0.02419	0.03113	0.03085	0.02302	0.03263	0.01917	0.02564	0.01594	0.00928	0.01017	0.00309	0.01237	0.00914	0.00502	0.01566
48	0.03198	0.02049	0.02276	0.07110	0.02824	0.08706	0.01557	0.07752	0.02948	0.23893	0.17549	0.04173	0.04079	0.01408	0.01048	0.00303	0.00946	0.01161	0.01004	0.06018
49	0.02976	0.02292	0.03788	0.05353	0.45919	0.02242	0.02802	0.03541	0.02464	0.14962	0.02378	0.02741	0.01819	0.00990	0.01019	0.00307	0.01146	0.00939	0.00669	0.01651
50	0.08876	0.02100	0.02241	0.01948	0.02584	0.02314	0.01534	0.04966	0.40412	0.10862	0.03741	0.03468	0.02760	0.01291	0.00985	0.00327	0.00814	0.01049	0.01003	0.06726
51	0.01881	0.01203	0.01538	0.01358	0.01735	0.01062	0.01042	0.02335	0.02797	0.10580	0.42110	0.06827	0.11631	0.01915	0.01149	0.00309	0.00559	0.01667	0.01087	0.07214
52	0.04216	0.01822	0.02348	0.01822	0.02579	0.01656	0.01498	0.10706	0.03115	0.46965	0.04419	0.03934	0.07297	0.01384	0.01047	0.00319	0.00873	0.01120	0.01212	0.01668
53	0.40754	0.02577	0.01926	0.01755	0.02305	0.15676	0.01382	0.03342	0.06803	0.03814	0.01872	0.02192	0.01519	0.01843	0.07999	0.00471	0.01283	0.00701	0.00636	0.01151
54	0.17058	0.02342	0.03603	0.05252	0.45785	0.02409	0.02718	0.03121	0.02212	0.03617	0.01824	0.02355	0.01517	0.00922	0.00935	0.00307	0.01129	0.00838	0.00535	0.01517
55	0.02382	0.02249	0.03801	0.05702	0.50665	0.02242	0.02880	0.02939	0.02291	0.03263	0.02387	0.09982	0.02258	0.01196	0.01052	0.00319	0.01143	0.01160	0.00562	0.01528
56	0.10953	0.02383	0.03840	0.05692	0.50725	0.02422	0.02900	0.03133	0.02264	0.03506	0.01869	0.02433	0.01563	0.00919	0.00969	0.00306	0.01167	0.00870	0.00524	0.01563

[dist]
# distance from previous block
# <min> <max>
0	11

# created by:
# /st0/software/busco_prod/Augustus/scripts/msa2prfl.pl ./align_prep/10684.fa
