[name]
unknown

[dist]
# distance from previous block
# <min> <max>
0	107

[block]
# block no. 0 follows, 14 sequences, length 82
# corresponding to MSA columns:
# 135-216
name=unknown_A
#
# <colnr> <probs for GDERKNQSTAVLIFYWHMCP>
#	G	D	E	R	K	N	Q	S	T	A	V	L	I	F	Y	W	H	M	C	P
0	0.01250	0.00893	0.01191	0.01429	0.01488	0.00834	0.00953	0.01429	0.01965	0.02620	0.05656	0.63265	0.06787	0.03215	0.01310	0.00417	0.00595	0.02917	0.00953	0.00834
1	0.22244	0.02106	0.03160	0.25390	0.17624	0.02354	0.07131	0.02926	0.02066	0.03436	0.01758	0.02381	0.01373	0.00963	0.00927	0.00326	0.01199	0.00837	0.00526	0.01272
2	0.02128	0.01824	0.02128	0.01520	0.02432	0.01368	0.01216	0.02584	0.02128	0.03344	0.01824	0.02128	0.01520	0.00760	0.00760	0.00152	0.00760	0.00608	0.00608	0.70208
3	0.02014	0.01134	0.01440	0.01403	0.01699	0.01014	0.01022	0.02286	0.02346	0.14918	0.12880	0.29147	0.15846	0.06140	0.01450	0.00404	0.00650	0.02135	0.01026	0.01044
4	0.01411	0.00961	0.01143	0.01223	0.01243	0.00941	0.00732	0.01471	0.01650	0.02200	0.04043	0.25607	0.04752	0.43650	0.03916	0.00802	0.00861	0.01968	0.00732	0.00693
5	0.03627	0.03029	0.02699	0.02267	0.02937	0.17855	0.01790	0.18507	0.18251	0.13845	0.02987	0.02863	0.02160	0.01237	0.01005	0.00309	0.01188	0.00939	0.00941	0.01563
6	0.01337	0.01007	0.01237	0.01259	0.01482	0.00907	0.00914	0.01684	0.02515	0.03377	0.31510	0.22361	0.21631	0.02515	0.01236	0.00353	0.00522	0.02208	0.01038	0.00907
7	0.13004	0.01765	0.01921	0.01666	0.02091	0.01904	0.01263	0.17868	0.02701	0.07728	0.02978	0.09913	0.02837	0.18858	0.08476	0.00650	0.01145	0.01249	0.00817	0.01166
8	0.02724	0.02447	0.05804	0.02108	0.02782	0.02538	0.01757	0.16705	0.35211	0.04614	0.04197	0.03958	0.07680	0.01440	0.01051	0.00337	0.00904	0.01172	0.00994	0.01577
9	0.01295	0.00957	0.01218	0.01378	0.01521	0.00879	0.00974	0.01544	0.02165	0.02848	0.12304	0.43943	0.15869	0.02953	0.01289	0.00398	0.00594	0.06037	0.00972	0.00862
10	0.08595	0.01064	0.01287	0.01416	0.01572	0.01038	0.00971	0.01809	0.01957	0.06076	0.04906	0.48200	0.05674	0.08486	0.01587	0.00454	0.00669	0.02433	0.00909	0.00897
11	0.01536	0.01096	0.01497	0.01576	0.01723	0.01165	0.01215	0.01832	0.01842	0.02498	0.03786	0.07332	0.04020	0.22410	0.24467	0.01066	0.01637	0.17759	0.00703	0.00840
12	0.01213	0.01040	0.01040	0.01040	0.01386	0.00866	0.00780	0.01473	0.02339	0.02772	0.10396	0.09876	0.57117	0.02599	0.01213	0.00347	0.00520	0.02166	0.00953	0.00866
13	0.08468	0.01141	0.01265	0.01206	0.01526	0.01067	0.00914	0.01878	0.02582	0.03678	0.34424	0.07857	0.26023	0.02163	0.01153	0.00331	0.00529	0.01836	0.01015	0.00946
14	0.01938	0.01824	0.03078	0.61468	0.07068	0.02280	0.02850	0.02622	0.02052	0.02622	0.01824	0.02736	0.01368	0.01026	0.01026	0.00342	0.01368	0.00912	0.00456	0.01140
15	0.01262	0.01042	0.01107	0.01091	0.01416	0.00887	0.00818	0.01567	0.02455	0.03046	0.19903	0.09425	0.47439	0.02497	0.01212	0.00342	0.00513	0.02103	0.00989	0.00887
16	0.01682	0.01339	0.01622	0.01351	0.01856	0.01108	0.01042	0.02132	0.02556	0.03689	0.31535	0.05812	0.11450	0.01647	0.01042	0.00261	0.00591	0.01419	0.00916	0.26952
17	0.01532	0.01094	0.01514	0.01751	0.01933	0.01076	0.01442	0.01915	0.02242	0.02935	0.05501	0.27207	0.06173	0.02950	0.01385	0.00456	0.00839	0.36198	0.00947	0.00911
18	0.03075	0.02313	0.02503	0.02125	0.02783	0.02592	0.01688	0.16707	0.38498	0.10293	0.03766	0.03478	0.02750	0.01343	0.01039	0.00336	0.00892	0.01092	0.01063	0.01665
19	0.01783	0.00891	0.01337	0.01337	0.01337	0.00891	0.00891	0.01337	0.01337	0.01783	0.01783	0.03119	0.01783	0.03565	0.04011	0.70143	0.00891	0.00891	0.00446	0.00446
20	0.01466	0.01100	0.01649	0.01649	0.01833	0.01283	0.01283	0.01833	0.01649	0.02382	0.02749	0.04032	0.02566	0.07697	0.59868	0.01649	0.02749	0.01100	0.00550	0.00916
21	0.02128	0.01824	0.02128	0.01520	0.02432	0.01368	0.01216	0.02584	0.02128	0.03344	0.01824	0.02128	0.01520	0.00760	0.00760	0.00152	0.00760	0.00608	0.00608	0.70208
22	0.02742	0.14322	0.28674	0.02694	0.03857	0.02917	0.07541	0.17999	0.02949	0.04048	0.01974	0.02221	0.01456	0.01023	0.00959	0.00304	0.01353	0.00813	0.00615	0.01537
23	0.01282	0.01042	0.01136	0.01113	0.01429	0.00896	0.00834	0.01607	0.02503	0.03162	0.23932	0.09234	0.43337	0.02453	0.01212	0.00340	0.00509	0.02076	0.01004	0.00896
24	0.02626	0.34080	0.03866	0.01761	0.02615	0.09054	0.01574	0.02996	0.02190	0.02781	0.01596	0.01853	0.01395	0.00852	0.00726	0.00198	0.01050	0.00584	0.00513	0.27690
25	0.36276	0.01521	0.01476	0.01441	0.01856	0.01688	0.01149	0.02395	0.01924	0.03719	0.06490	0.10598	0.06388	0.02693	0.10812	0.00570	0.01081	0.06180	0.00736	0.01008
26	0.02634	0.08178	0.03873	0.04224	0.28013	0.02683	0.07667	0.06964	0.17812	0.03722	0.02577	0.02846	0.02031	0.01063	0.01012	0.00314	0.01137	0.00982	0.00689	0.01579
27	0.02788	0.02421	0.03985	0.08826	0.41063	0.02454	0.06382	0.08764	0.02636	0.07519	0.02141	0.02627	0.01682	0.00977	0.01032	0.00311	0.01229	0.00944	0.00615	0.01600
28	0.01387	0.00983	0.01310	0.01522	0.01624	0.00947	0.01110	0.01627	0.02023	0.02676	0.05333	0.42951	0.06215	0.09671	0.01762	0.00495	0.00735	0.15873	0.00915	0.00841
29	0.02128	0.01824	0.02128	0.01520	0.02432	0.01368	0.01216	0.02584	0.02128	0.03344	0.01824	0.02128	0.01520	0.00760	0.00760	0.00152	0.00760	0.00608	0.00608	0.70208
30	0.01783	0.00891	0.01337	0.01337	0.01337	0.00891	0.00891	0.01337	0.01337	0.01783	0.01783	0.03119	0.01783	0.03565	0.04011	0.70143	0.00891	0.00891	0.00446	0.00446
31	0.02912	0.01794	0.02141	0.01768	0.02307	0.01812	0.01407	0.19972	0.03497	0.16036	0.24716	0.08399	0.05376	0.01704	0.01118	0.00322	0.00787	0.01437	0.01114	0.01381
32	0.01313	0.01008	0.01167	0.01194	0.01419	0.00900	0.00849	0.01590	0.02328	0.03021	0.21160	0.19805	0.28779	0.08837	0.01640	0.00420	0.00574	0.02167	0.00966	0.00862
33	0.03655	0.01530	0.02049	0.01646	0.02246	0.01348	0.01308	0.04026	0.02775	0.41645	0.14251	0.04652	0.04057	0.08202	0.01520	0.00392	0.00811	0.01242	0.01173	0.01474
34	0.01582	0.01214	0.01696	0.01664	0.01895	0.01391	0.01291	0.02233	0.07603	0.02749	0.07921	0.04346	0.03285	0.06497	0.48086	0.01386	0.02330	0.01176	0.00657	0.00998
35	0.02458	0.01573	0.02046	0.02069	0.07183	0.01585	0.01428	0.03422	0.15716	0.14249	0.19760	0.08401	0.04947	0.01872	0.01408	0.07443	0.00757	0.01404	0.00998	0.01281
36	0.02128	0.01824	0.02128	0.01520	0.02432	0.01368	0.01216	0.02584	0.02128	0.03344	0.01824	0.02128	0.01520	0.00760	0.00760	0.00152	0.00760	0.00608	0.00608	0.70208
37	0.02553	0.02204	0.02320	0.02088	0.02669	0.02553	0.01624	0.05453	0.55679	0.04293	0.04177	0.03829	0.03133	0.01392	0.01044	0.00348	0.00812	0.01160	0.01044	0.01624
38	0.02058	0.05308	0.58618	0.02925	0.04442	0.02383	0.03792	0.03250	0.02167	0.03250	0.01842	0.02167	0.01300	0.00975	0.00975	0.00325	0.01517	0.00758	0.00433	0.01517
39	0.02128	0.01824	0.02128	0.01520	0.02432	0.01368	0.01216	0.02584	0.02128	0.03344	0.01824	0.02128	0.01520	0.00760	0.00760	0.00152	0.00760	0.00608	0.00608	0.70208
40	0.01344	0.00972	0.01211	0.01291	0.01426	0.00903	0.00880	0.01587	0.02191	0.02948	0.20161	0.31685	0.13049	0.13236	0.01941	0.00481	0.00624	0.02287	0.00945	0.00839
41	0.01250	0.00893	0.01191	0.01429	0.01488	0.00834	0.00953	0.01429	0.01965	0.02620	0.05656	0.63265	0.06787	0.03215	0.01310	0.00417	0.00595	0.02917	0.00953	0.00834
42	0.09717	0.02857	0.06945	0.03389	0.18850	0.08660	0.02275	0.17192	0.03101	0.13674	0.02349	0.02503	0.01712	0.01084	0.00974	0.00306	0.01185	0.00866	0.00787	0.01576
43	0.02251	0.01635	0.02198	0.01685	0.02378	0.01346	0.04892	0.02737	0.02498	0.10598	0.19598	0.04101	0.04238	0.01256	0.00969	0.00241	0.00756	0.01100	0.00852	0.34669
44	0.02728	0.02165	0.02326	0.02066	0.02664	0.02463	0.01614	0.05415	0.51180	0.08896	0.04166	0.03800	0.03082	0.01382	0.01043	0.00345	0.00817	0.01149	0.01063	0.01635
45	0.01938	0.01824	0.03078	0.61468	0.07068	0.02280	0.02850	0.02622	0.02052	0.02622	0.01824	0.02736	0.01368	0.01026	0.01026	0.00342	0.01368	0.00912	0.00456	0.01140
46	0.02998	0.02319	0.03632	0.10169	0.36981	0.02358	0.02699	0.09652	0.02716	0.12891	0.02342	0.02709	0.01770	0.01023	0.01021	0.00311	0.01164	0.00935	0.00695	0.01616
47	0.01546	0.01051	0.01327	0.01350	0.01592	0.00953	0.01000	0.01885	0.02471	0.06605	0.25307	0.24829	0.18096	0.02535	0.01243	0.00365	0.00578	0.05279	0.01036	0.00952
48	0.01365	0.01046	0.01251	0.01200	0.01480	0.00931	0.00900	0.01768	0.02699	0.03628	0.40071	0.08468	0.26908	0.02280	0.01211	0.00331	0.00497	0.01968	0.01065	0.00931
49	0.09763	0.02053	0.02688	0.02297	0.08311	0.01798	0.06310	0.05779	0.02294	0.03659	0.01853	0.02199	0.01503	0.00834	0.00830	0.00213	0.00922	0.00708	0.00617	0.45370
50	0.02085	0.01689	0.01980	0.01587	0.02261	0.01421	0.01225	0.07843	0.02376	0.03488	0.02918	0.18511	0.02953	0.01467	0.00936	0.00240	0.00756	0.01260	0.00745	0.44262
51	0.01445	0.01023	0.01295	0.01261	0.01429	0.00963	0.00883	0.01786	0.02483	0.03474	0.39626	0.12180	0.07998	0.17131	0.02188	0.00493	0.00617	0.01859	0.00992	0.00873
52	0.36921	0.03043	0.02257	0.01949	0.02591	0.19756	0.01548	0.14002	0.02738	0.04365	0.01692	0.01888	0.01307	0.01042	0.00804	0.00300	0.01181	0.00664	0.00685	0.01267
53	0.71184	0.01985	0.01508	0.01350	0.01985	0.02302	0.01111	0.03017	0.01746	0.04604	0.01429	0.01667	0.01111	0.00953	0.00635	0.00318	0.00794	0.00556	0.00635	0.01111
54	0.01404	0.01011	0.01328	0.01324	0.01522	0.00936	0.00965	0.01814	0.02678	0.03754	0.44591	0.21096	0.08983	0.02368	0.01234	0.00345	0.00511	0.02112	0.01087	0.00936
55	0.02744	0.64552	0.05378	0.01756	0.02634	0.04061	0.01756	0.03073	0.02085	0.02414	0.01427	0.01646	0.01317	0.00878	0.00658	0.00219	0.01097	0.00549	0.00439	0.01317
56	0.01430	0.01048	0.01341	0.01268	0.01520	0.00959	0.00951	0.01894	0.02853	0.03991	0.52681	0.07870	0.14071	0.02144	0.01211	0.00325	0.00487	0.01885	0.01113	0.00959
57	0.03901	0.02874	0.03080	0.02361	0.03182	0.03182	0.01951	0.54111	0.04825	0.06468	0.02464	0.02464	0.01745	0.01232	0.01027	0.00308	0.01129	0.00924	0.01027	0.01745
58	0.02128	0.01824	0.02128	0.01520	0.02432	0.01368	0.01216	0.02584	0.02128	0.03344	0.01824	0.02128	0.01520	0.00760	0.00760	0.00152	0.00760	0.00608	0.00608	0.70208
59	0.01213	0.01040	0.01040	0.01040	0.01386	0.00866	0.00780	0.01473	0.02339	0.02772	0.10396	0.09876	0.57117	0.02599	0.01213	0.00347	0.00520	0.02166	0.00953	0.00866
60	0.01682	0.01116	0.01347	0.01249	0.01587	0.00984	0.00951	0.02071	0.02691	0.09114	0.33753	0.08087	0.27123	0.02206	0.01193	0.00331	0.00537	0.01891	0.01076	0.01008
61	0.01772	0.00916	0.01364	0.01384	0.01404	0.00916	0.00956	0.01404	0.01424	0.01892	0.02094	0.03841	0.02134	0.03503	0.03789	0.64199	0.00896	0.05134	0.00488	0.00488
62	0.01436	0.01043	0.01318	0.01252	0.01478	0.00962	0.00917	0.01852	0.02713	0.03784	0.47541	0.07757	0.13123	0.08439	0.01619	0.00393	0.00539	0.01845	0.01063	0.00924
63	0.32158	0.01845	0.02020	0.01629	0.02357	0.01837	0.01344	0.04180	0.02444	0.36046	0.02964	0.02737	0.01949	0.01139	0.00868	0.00318	0.00840	0.00835	0.01007	0.01484
64	0.01441	0.01041	0.01365	0.01538	0.01704	0.00998	0.01187	0.01749	0.02181	0.02856	0.09095	0.28880	0.11485	0.08110	0.01670	0.00475	0.00754	0.21667	0.00933	0.00872
65	0.01228	0.00981	0.01100	0.01194	0.01427	0.00853	0.00848	0.01455	0.02190	0.02712	0.08512	0.31093	0.37115	0.02844	0.01251	0.00374	0.00550	0.02464	0.00953	0.00853
66	0.03786	0.02817	0.03015	0.02338	0.03139	0.03129	0.01923	0.49960	0.09164	0.06282	0.02610	0.02580	0.01864	0.01246	0.01028	0.00311	0.01102	0.00944	0.01028	0.01735
67	0.01492	0.00995	0.01119	0.01119	0.01119	0.00995	0.00622	0.01492	0.01492	0.01990	0.03233	0.06716	0.03731	0.63935	0.05223	0.00995	0.00995	0.01492	0.00622	0.00622
68	0.01592	0.01153	0.01437	0.01545	0.01730	0.01134	0.01147	0.06095	0.02284	0.02998	0.05509	0.35152	0.10480	0.09462	0.01724	0.00476	0.00757	0.13486	0.00921	0.00917
69	0.03860	0.04281	0.02797	0.02494	0.03063	0.48042	0.01894	0.04310	0.06255	0.10411	0.02094	0.02205	0.01607	0.01108	0.00948	0.00277	0.01648	0.00744	0.00665	0.01295
70	0.02058	0.05308	0.58618	0.02925	0.04442	0.02383	0.03792	0.03250	0.02167	0.03250	0.01842	0.02167	0.01300	0.00975	0.00975	0.00325	0.01517	0.00758	0.00433	0.01517
71	0.01213	0.01040	0.01040	0.01040	0.01386	0.00866	0.00780	0.01473	0.02339	0.02772	0.10396	0.09876	0.57117	0.02599	0.01213	0.00347	0.00520	0.02166	0.00953	0.00866
72	0.01294	0.00924	0.01241	0.01479	0.01557	0.00871	0.01028	0.01504	0.02008	0.02668	0.05632	0.57680	0.06692	0.03174	0.01321	0.00423	0.00633	0.08072	0.00952	0.00846
73	0.01774	0.01163	0.01470	0.01561	0.01769	0.01142	0.01103	0.02355	0.09568	0.08519	0.05286	0.48873	0.05844	0.02762	0.01244	0.00397	0.00654	0.02480	0.00998	0.01037
74	0.71184	0.01985	0.01508	0.01350	0.01985	0.02302	0.01111	0.03017	0.01746	0.04604	0.01429	0.01667	0.01111	0.00953	0.00635	0.00318	0.00794	0.00556	0.00635	0.01111
75	0.02248	0.02002	0.02720	0.02908	0.18439	0.01679	0.01778	0.02748	0.02189	0.03346	0.01855	0.02248	0.01551	0.00805	0.00834	0.00196	0.00893	0.00697	0.00579	0.50285
76	0.02422	0.02768	0.06055	0.04325	0.05363	0.02595	0.53806	0.03287	0.02422	0.03287	0.02076	0.02768	0.01557	0.00865	0.01211	0.00346	0.01730	0.01211	0.00519	0.01384
77	0.71184	0.01985	0.01508	0.01350	0.01985	0.02302	0.01111	0.03017	0.01746	0.04604	0.01429	0.01667	0.01111	0.00953	0.00635	0.00318	0.00794	0.00556	0.00635	0.01111
78	0.01522	0.01165	0.01335	0.01376	0.01631	0.01100	0.00992	0.07139	0.02421	0.03096	0.07179	0.35656	0.26076	0.02758	0.01241	0.00377	0.00623	0.02406	0.00961	0.00945
79	0.01613	0.00985	0.01319	0.01472	0.01611	0.00906	0.01013	0.01815	0.02070	0.08630	0.05482	0.56807	0.06328	0.03005	0.01280	0.00406	0.00625	0.02714	0.00987	0.00932
80	0.02526	0.02359	0.02127	0.01889	0.02370	0.13128	0.01458	0.10536	0.17223	0.04035	0.19449	0.05022	0.10323	0.01640	0.01085	0.00319	0.00931	0.01341	0.00957	0.01284
81	0.01276	0.00904	0.01183	0.01395	0.01449	0.00851	0.00917	0.01436	0.01914	0.02552	0.05394	0.57155	0.06457	0.09776	0.01733	0.00479	0.00639	0.02763	0.00917	0.00811

[dist]
# distance from previous block
# <min> <max>
0	25

# created by:
# /st0/software/busco_prod/Augustus/scripts/msa2prfl.pl ./align_prep/10699.fa
