[name]
unknown

[dist]
# distance from previous block
# <min> <max>
0	18

[block]
# block no. 0 follows, 15 sequences, length 60
# corresponding to MSA columns:
# 18-77
name=unknown_A
#
# <colnr> <probs for GDERKNQSTAVLIFYWHMCP>
#	G	D	E	R	K	N	Q	S	T	A	V	L	I	F	Y	W	H	M	C	P
0	0.02386	0.06859	0.03717	0.09325	0.06591	0.11971	0.18866	0.03074	0.05193	0.02945	0.02751	0.04560	0.02537	0.01377	0.01105	0.00342	0.01367	0.13211	0.00619	0.01205
1	0.02121	0.01537	0.02248	0.08776	0.02649	0.01880	0.01683	0.02392	0.01751	0.09576	0.02226	0.03099	0.01926	0.03825	0.23428	0.08264	0.20057	0.00960	0.00573	0.01029
2	0.02465	0.41426	0.19361	0.02049	0.03030	0.03325	0.02215	0.03325	0.09038	0.02794	0.01833	0.02003	0.01499	0.00942	0.00769	0.00256	0.01139	0.00663	0.00500	0.01369
3	0.01399	0.09103	0.01674	0.01429	0.01588	0.01209	0.01025	0.01591	0.01924	0.02519	0.04972	0.56331	0.05917	0.02834	0.01192	0.00380	0.00640	0.02541	0.00862	0.00869
4	0.02692	0.02172	0.02333	0.02001	0.02585	0.02446	0.01581	0.18194	0.36158	0.04710	0.10510	0.03841	0.03495	0.01398	0.01030	0.00325	0.00830	0.01152	0.01020	0.01528
5	0.14781	0.02178	0.02521	0.05198	0.02896	0.02311	0.05211	0.19228	0.11305	0.04404	0.02361	0.02725	0.01859	0.05410	0.01179	0.00330	0.00974	0.00874	0.00773	0.13482
6	0.02163	0.02790	0.19582	0.03081	0.16569	0.01972	0.02406	0.03231	0.11398	0.06304	0.12016	0.07997	0.03452	0.01357	0.01033	0.00320	0.01023	0.01185	0.00729	0.01390
7	0.01259	0.00940	0.01152	0.01288	0.01437	0.00859	0.00904	0.01475	0.02045	0.02642	0.09177	0.38880	0.20383	0.07431	0.01529	0.00427	0.00605	0.05841	0.00910	0.00817
8	0.17702	0.01792	0.02027	0.01640	0.02272	0.01803	0.01336	0.12849	0.02883	0.27079	0.10642	0.03436	0.03015	0.01270	0.00925	0.00302	0.00797	0.00995	0.05824	0.01411
9	0.02797	0.02685	0.09850	0.04529	0.32128	0.02374	0.10044	0.09957	0.02638	0.09964	0.02184	0.02555	0.01652	0.00966	0.01012	0.00306	0.01235	0.00926	0.00635	0.01563
10	0.02126	0.01870	0.02400	0.09246	0.09849	0.05983	0.01787	0.08540	0.02154	0.02900	0.02279	0.03410	0.02088	0.11204	0.22715	0.00851	0.07925	0.01002	0.00571	0.01101
11	0.01243	0.00888	0.01190	0.01421	0.01491	0.00835	0.00975	0.01438	0.01937	0.02577	0.05479	0.60411	0.06530	0.03096	0.01280	0.00409	0.00603	0.06453	0.00925	0.00818
12	0.02665	0.65565	0.05224	0.01706	0.02559	0.03945	0.01706	0.02985	0.02026	0.02345	0.01386	0.01599	0.01279	0.00853	0.00640	0.00213	0.01066	0.00533	0.00426	0.01279
13	0.02441	0.01658	0.02626	0.36586	0.07709	0.01847	0.02214	0.02967	0.02202	0.16246	0.02814	0.11406	0.02348	0.01344	0.01036	0.00335	0.01102	0.01185	0.00703	0.01231
14	0.02181	0.02181	0.03053	0.02617	0.02617	0.03053	0.02181	0.02399	0.01527	0.02399	0.01309	0.02181	0.01309	0.01745	0.03272	0.00436	0.63141	0.00872	0.00436	0.01091
15	0.01215	0.00868	0.01157	0.01388	0.01446	0.00810	0.00925	0.01388	0.01909	0.02545	0.05495	0.64315	0.06593	0.03123	0.01272	0.00405	0.00578	0.02834	0.00925	0.00810
16	0.02101	0.01534	0.01750	0.01551	0.01984	0.01574	0.01206	0.08513	0.16566	0.07876	0.26392	0.06076	0.15200	0.01807	0.01105	0.00322	0.00649	0.01535	0.01045	0.01215
17	0.01358	0.00940	0.01168	0.01256	0.01296	0.00936	0.00794	0.01461	0.01640	0.02205	0.03984	0.28172	0.04631	0.35444	0.09530	0.00820	0.00999	0.01935	0.00719	0.00712
18	0.02067	0.01772	0.02067	0.01477	0.02362	0.01329	0.01181	0.02510	0.02067	0.03248	0.01772	0.02067	0.01477	0.00738	0.00738	0.00148	0.00738	0.00591	0.00591	0.71059
19	0.01248	0.00927	0.01173	0.01355	0.01490	0.00852	0.00961	0.01469	0.02027	0.02623	0.06451	0.47079	0.17511	0.02957	0.01263	0.00396	0.00599	0.07866	0.00925	0.00828
20	0.01265	0.00922	0.01204	0.01411	0.01522	0.00860	0.01002	0.01487	0.02001	0.02621	0.05950	0.51159	0.11930	0.03009	0.01277	0.00405	0.00618	0.09605	0.00924	0.00828
21	0.01999	0.05157	0.59800	0.02841	0.04315	0.02315	0.03683	0.03157	0.02105	0.03157	0.01789	0.02105	0.01263	0.00947	0.00947	0.00316	0.01473	0.00737	0.00421	0.01473
22	0.01446	0.00981	0.01159	0.01159	0.01184	0.01005	0.00693	0.01496	0.01471	0.01986	0.03076	0.06161	0.03467	0.56964	0.12860	0.01055	0.01204	0.01397	0.00594	0.00644
23	0.02064	0.01178	0.01559	0.01531	0.01786	0.01136	0.01130	0.02300	0.02146	0.16214	0.05297	0.39344	0.10670	0.02505	0.01345	0.00377	0.05237	0.02173	0.00964	0.01047
24	0.09695	0.02560	0.09596	0.02785	0.03627	0.02250	0.21384	0.12945	0.02711	0.10982	0.02637	0.09511	0.02172	0.01235	0.01051	0.00329	0.01228	0.01179	0.00739	0.01382
25	0.03256	0.06493	0.15344	0.02499	0.03431	0.06519	0.08448	0.18497	0.05774	0.16056	0.02520	0.02563	0.01763	0.01087	0.00984	0.00303	0.01224	0.00893	0.00804	0.01542
26	0.02230	0.02495	0.10006	0.23573	0.36221	0.02314	0.03038	0.02909	0.02164	0.03021	0.01833	0.02487	0.01464	0.00929	0.00986	0.00310	0.01263	0.00870	0.00469	0.01418
27	0.41326	0.02709	0.10082	0.05244	0.05625	0.08420	0.04428	0.03167	0.02005	0.06562	0.01660	0.01941	0.01254	0.00952	0.00777	0.00306	0.01074	0.00667	0.00589	0.01211
28	0.01534	0.01207	0.01419	0.01480	0.01713	0.01228	0.01062	0.02382	0.15266	0.03101	0.11071	0.37066	0.12586	0.02512	0.01189	0.00371	0.00609	0.02227	0.00964	0.01012
29	0.01609	0.01325	0.01896	0.01792	0.01908	0.01651	0.01403	0.01894	0.01568	0.02294	0.02393	0.03774	0.02327	0.12161	0.41248	0.01255	0.17014	0.01061	0.00518	0.00908
30	0.03203	0.27315	0.03581	0.01884	0.02672	0.10920	0.01640	0.10586	0.02658	0.13342	0.02064	0.02130	0.01581	0.00976	0.00805	0.00238	0.01083	0.00692	0.00687	0.11942
31	0.02937	0.03151	0.23454	0.02800	0.10350	0.02142	0.02540	0.09024	0.02609	0.19565	0.05309	0.02826	0.02110	0.01158	0.01143	0.00318	0.05375	0.00912	0.00759	0.01521
32	0.03336	0.11853	0.08574	0.06622	0.09427	0.09604	0.02048	0.03980	0.06264	0.24487	0.02683	0.02675	0.01891	0.01078	0.00930	0.00291	0.01126	0.00851	0.00795	0.01485
33	0.02609	0.41873	0.19975	0.02084	0.03102	0.03400	0.02271	0.08952	0.02348	0.03013	0.01610	0.01828	0.01322	0.00918	0.00765	0.00251	0.01182	0.00630	0.00489	0.01380
34	0.01251	0.00989	0.01126	0.01142	0.01404	0.00864	0.00837	0.01552	0.02368	0.03040	0.23037	0.18072	0.35812	0.02486	0.01193	0.00341	0.00507	0.02139	0.00975	0.00864
35	0.02025	0.10490	0.15230	0.08974	0.03304	0.02079	0.05727	0.07980	0.02328	0.03124	0.03160	0.21114	0.03230	0.01732	0.01062	0.00341	0.01076	0.05164	0.00675	0.01186
36	0.02738	0.02696	0.15292	0.17627	0.11077	0.02169	0.06430	0.06140	0.06157	0.16043	0.02484	0.02745	0.01753	0.01049	0.01001	0.00318	0.01210	0.00919	0.00695	0.01456
37	0.04473	0.01697	0.02313	0.01774	0.02545	0.01465	0.01465	0.04858	0.02853	0.59437	0.03933	0.03393	0.02468	0.01234	0.01003	0.00308	0.00848	0.01003	0.01234	0.01697
38	0.02393	0.02293	0.03912	0.13305	0.52143	0.02349	0.03022	0.02994	0.02235	0.03166	0.01862	0.02492	0.01547	0.00902	0.00988	0.00301	0.01203	0.00888	0.00487	0.01519
39	0.01273	0.00948	0.01194	0.01334	0.01495	0.00869	0.00962	0.01532	0.02147	0.02809	0.13212	0.39252	0.18425	0.02812	0.01250	0.00384	0.00584	0.07727	0.00947	0.00845
40	0.03376	0.07366	0.22860	0.02263	0.03298	0.01987	0.04904	0.04050	0.02509	0.32980	0.02911	0.02783	0.01916	0.01088	0.00967	0.00306	0.01124	0.00885	0.00857	0.01572
41	0.01353	0.01029	0.01262	0.01412	0.01563	0.01002	0.00978	0.01835	0.08168	0.02747	0.05918	0.50509	0.12780	0.02847	0.01231	0.00389	0.00593	0.02548	0.00935	0.00900
42	0.01207	0.00899	0.01125	0.01306	0.01424	0.00817	0.00889	0.01397	0.01988	0.02577	0.06499	0.52375	0.17885	0.02993	0.01252	0.00390	0.00562	0.02675	0.00925	0.00817
43	0.02550	0.08875	0.14870	0.03339	0.14642	0.05543	0.11483	0.12103	0.02740	0.03708	0.08270	0.02868	0.02366	0.01079	0.00998	0.00300	0.01251	0.00967	0.00632	0.01416
44	0.02520	0.02503	0.03884	0.09709	0.51113	0.06668	0.02956	0.03092	0.02292	0.03148	0.01844	0.02431	0.01540	0.00906	0.00981	0.00296	0.01239	0.00870	0.00492	0.01516
45	0.02480	0.02141	0.02254	0.02029	0.02592	0.02480	0.01578	0.05297	0.56946	0.04170	0.04057	0.03719	0.03043	0.01352	0.01014	0.00338	0.00789	0.01127	0.01014	0.01578
46	0.03086	0.03666	0.03025	0.09305	0.09674	0.36832	0.02193	0.03416	0.02421	0.02535	0.01558	0.02039	0.01327	0.01149	0.01383	0.00304	0.13673	0.00741	0.00489	0.01186
47	0.01606	0.01147	0.01606	0.01836	0.02065	0.01147	0.01606	0.02065	0.02295	0.02983	0.05278	0.11245	0.05737	0.02754	0.01377	0.00459	0.00918	0.52037	0.00918	0.00918
48	0.01499	0.00982	0.01218	0.01190	0.01406	0.00925	0.00881	0.01937	0.02554	0.03783	0.39680	0.12308	0.07476	0.01937	0.01071	0.00303	0.00480	0.01697	0.17749	0.00925
49	0.02665	0.65565	0.05224	0.01706	0.02559	0.03945	0.01706	0.02985	0.02026	0.02345	0.01386	0.01599	0.01279	0.00853	0.00640	0.00213	0.01066	0.00533	0.00426	0.01279
50	0.01446	0.00987	0.01332	0.01356	0.01436	0.01054	0.00934	0.01563	0.01544	0.02133	0.03035	0.11142	0.03254	0.27674	0.27727	0.09076	0.01620	0.01372	0.00590	0.00725
51	0.04058	0.01591	0.02166	0.01725	0.02405	0.01382	0.01396	0.04417	0.02733	0.52195	0.04132	0.11148	0.02993	0.01474	0.01037	0.00321	0.00814	0.01236	0.01195	0.01584
52	0.09883	0.01818	0.08311	0.01749	0.02322	0.01443	0.01598	0.03071	0.02491	0.20178	0.15626	0.06033	0.04569	0.01749	0.01093	0.00350	0.00847	0.14671	0.00963	0.01234
53	0.02544	0.54578	0.15150	0.01912	0.02878	0.03648	0.02065	0.03016	0.02040	0.02493	0.01459	0.01691	0.01276	0.00870	0.00696	0.00232	0.01140	0.00570	0.00425	0.01315
54	0.01584	0.01074	0.01214	0.01167	0.01510	0.00921	0.00878	0.01870	0.02369	0.09249	0.15043	0.14390	0.40350	0.02380	0.01168	0.00338	0.00547	0.02018	0.00982	0.00947
55	0.01894	0.01494	0.02099	0.08680	0.02594	0.01794	0.01593	0.08741	0.02009	0.02817	0.02297	0.03300	0.02058	0.04945	0.35382	0.05880	0.09862	0.00987	0.00563	0.01011
56	0.11522	0.02291	0.03799	0.04316	0.29614	0.02291	0.13886	0.03430	0.06053	0.09803	0.02227	0.02599	0.01702	0.00954	0.00985	0.00311	0.01175	0.00936	0.00631	0.01478
57	0.15926	0.05834	0.09521	0.02324	0.03135	0.02265	0.12688	0.12050	0.02710	0.12029	0.09330	0.03019	0.02562	0.01138	0.00961	0.00309	0.01081	0.00980	0.00775	0.01364
58	0.01920	0.01231	0.01517	0.01498	0.01772	0.01186	0.01093	0.08696	0.02470	0.09558	0.09006	0.39906	0.11152	0.02528	0.01190	0.00367	0.00660	0.02233	0.00981	0.01035
59	0.02908	0.03153	0.02486	0.02217	0.02638	0.29327	0.01714	0.09188	0.06734	0.03180	0.09152	0.03023	0.02644	0.02060	0.08542	0.00457	0.07793	0.00930	0.00674	0.01181

[dist]
# distance from previous block
# <min> <max>
0	8

[block]
# block no. 1 follows, 15 sequences, length 30
# corresponding to MSA columns:
# 86-115
name=unknown_B
#
# <colnr> <probs for GDERKNQSTAVLIFYWHMCP>
#	G	D	E	R	K	N	Q	S	T	A	V	L	I	F	Y	W	H	M	C	P
0	0.02000	0.08499	0.02011	0.01718	0.02049	0.01434	0.01455	0.02373	0.02251	0.09841	0.04713	0.20505	0.05005	0.02427	0.01224	0.00401	0.00854	0.29306	0.00903	0.01033
1	0.02555	0.02177	0.03187	0.06780	0.27151	0.05693	0.05710	0.03332	0.08457	0.09714	0.08718	0.06650	0.02943	0.01239	0.01036	0.00312	0.01069	0.01139	0.00725	0.01415
2	0.03056	0.07868	0.12540	0.02955	0.07061	0.02317	0.17721	0.07023	0.05395	0.20044	0.02619	0.02741	0.01833	0.01026	0.01015	0.00310	0.01239	0.00968	0.00758	0.01512
3	0.02042	0.01913	0.03041	0.44976	0.12553	0.02316	0.02633	0.02915	0.08263	0.02811	0.02017	0.02726	0.01554	0.01070	0.01137	0.00335	0.05054	0.00913	0.00514	0.01219
4	0.01883	0.01772	0.02990	0.62569	0.06866	0.02215	0.02769	0.02547	0.01993	0.02547	0.01772	0.02658	0.01329	0.00997	0.00997	0.00332	0.01329	0.00886	0.00443	0.01107
5	0.06011	0.10808	0.16831	0.02515	0.06638	0.02562	0.05289	0.11522	0.13912	0.06764	0.05521	0.02814	0.02235	0.01121	0.00946	0.00304	0.01096	0.00914	0.00730	0.01467
6	0.02416	0.07581	0.39555	0.03015	0.07458	0.02328	0.09607	0.03358	0.02234	0.10125	0.02067	0.02332	0.01464	0.00961	0.00968	0.00310	0.01381	0.00822	0.00537	0.01481
7	0.01544	0.01159	0.01447	0.01351	0.01627	0.01132	0.01020	0.02306	0.09556	0.04019	0.51482	0.06983	0.08615	0.01953	0.01156	0.00317	0.00510	0.01719	0.01087	0.01020
8	0.01330	0.00999	0.01232	0.01208	0.01449	0.00901	0.00893	0.01712	0.02580	0.03505	0.40138	0.14468	0.21363	0.02284	0.01187	0.00330	0.00491	0.01996	0.01035	0.00901
9	0.09884	0.02700	0.09800	0.02547	0.09295	0.05645	0.02031	0.17961	0.03085	0.23240	0.02641	0.02601	0.01811	0.01108	0.00951	0.00302	0.01080	0.00865	0.00886	0.01567
10	0.02874	0.02443	0.03038	0.20350	0.16534	0.09747	0.02321	0.10004	0.08866	0.10419	0.02372	0.02686	0.01762	0.01071	0.00985	0.00308	0.01206	0.00899	0.00696	0.01419
11	0.01445	0.01181	0.01609	0.01681	0.01725	0.01345	0.01225	0.01629	0.01818	0.02510	0.04497	0.49501	0.05333	0.02795	0.01749	0.00412	0.15494	0.02366	0.00809	0.00877
12	0.02494	0.02399	0.09649	0.21216	0.23234	0.02219	0.02659	0.03428	0.09178	0.10143	0.02368	0.02756	0.01766	0.01029	0.00991	0.00316	0.01168	0.00915	0.00629	0.01443
13	0.02927	0.02720	0.10440	0.02592	0.03404	0.02508	0.11836	0.15862	0.18494	0.11131	0.02861	0.02905	0.02069	0.01176	0.01143	0.00327	0.04222	0.01006	0.00839	0.01539
14	0.01239	0.00886	0.01179	0.01371	0.01451	0.00826	0.00927	0.01449	0.02022	0.02725	0.12035	0.57261	0.06942	0.02989	0.01260	0.00394	0.00565	0.02706	0.00947	0.00826
15	0.11163	0.03037	0.15972	0.09842	0.04397	0.02515	0.21333	0.13000	0.02621	0.03858	0.01934	0.02371	0.01419	0.00959	0.01003	0.00321	0.01372	0.00917	0.00587	0.01379
16	0.10736	0.09806	0.02904	0.02519	0.12236	0.02165	0.01765	0.06547	0.02543	0.26600	0.06318	0.02957	0.02361	0.01176	0.01064	0.00302	0.04748	0.00914	0.00868	0.01471
17	0.03272	0.13819	0.03678	0.02762	0.10141	0.02346	0.10962	0.04052	0.09250	0.25217	0.02887	0.02863	0.02042	0.01067	0.00965	0.00298	0.01067	0.00947	0.00838	0.01529
18	0.02776	0.01298	0.01702	0.01436	0.01900	0.01164	0.01135	0.03209	0.02745	0.27670	0.28187	0.05251	0.05589	0.01585	0.01042	0.00301	0.00631	0.01352	0.09764	0.01262
19	0.02989	0.17746	0.14406	0.03012	0.15019	0.02788	0.02384	0.15748	0.02829	0.10734	0.02123	0.02293	0.01587	0.01008	0.00902	0.00283	0.01149	0.00793	0.00676	0.01531
20	0.02322	0.02075	0.02973	0.10855	0.23555	0.01995	0.02132	0.06178	0.05485	0.03407	0.01981	0.02403	0.01600	0.00889	0.00893	0.00245	0.01000	0.00786	0.00587	0.28639
21	0.01998	0.01157	0.01380	0.01270	0.01663	0.00999	0.00970	0.02300	0.02435	0.16368	0.14162	0.14631	0.32395	0.02229	0.01148	0.00335	0.00592	0.01894	0.01021	0.01054
22	0.01909	0.01315	0.01544	0.01438	0.01806	0.01290	0.01092	0.02783	0.14145	0.09868	0.22627	0.13746	0.18393	0.02049	0.01134	0.00335	0.00603	0.01766	0.01034	0.01123
23	0.02934	0.12909	0.13106	0.03388	0.20305	0.06366	0.02436	0.06840	0.05824	0.13051	0.02284	0.02457	0.01710	0.01009	0.00924	0.00289	0.01167	0.00825	0.00664	0.01513
24	0.01546	0.00958	0.01050	0.01050	0.01105	0.00958	0.00626	0.01655	0.01600	0.02352	0.03167	0.05865	0.03373	0.49990	0.04047	0.00794	0.00849	0.01328	0.17009	0.00680
25	0.01991	0.01065	0.01433	0.01480	0.01708	0.00966	0.01054	0.02215	0.02134	0.16108	0.05122	0.49790	0.05610	0.02673	0.01208	0.00382	0.00643	0.02397	0.00999	0.01021
26	0.03338	0.02873	0.06976	0.03037	0.10332	0.02884	0.08717	0.39266	0.03940	0.05334	0.02245	0.02421	0.01632	0.01099	0.01015	0.00304	0.01203	0.00921	0.00838	0.01624
27	0.03166	0.26734	0.10752	0.02229	0.03017	0.26181	0.02038	0.06769	0.02561	0.05676	0.01692	0.01883	0.01366	0.00975	0.00822	0.00254	0.01398	0.00649	0.00538	0.01302
28	0.18872	0.02639	0.14943	0.09567	0.03424	0.02151	0.04724	0.02913	0.01971	0.06592	0.01764	0.02164	0.01356	0.01019	0.01138	0.00300	0.08773	0.00735	0.00556	0.14403
29	0.11754	0.13725	0.05689	0.02022	0.02659	0.12057	0.01745	0.03816	0.09221	0.16513	0.02368	0.02427	0.01765	0.01159	0.01153	0.00303	0.08740	0.00791	0.00732	0.01358

[dist]
# distance from previous block
# <min> <max>
0	1

[block]
# block no. 2 follows, 15 sequences, length 77
# corresponding to MSA columns:
# 117-193
name=unknown_C
#
# <colnr> <probs for GDERKNQSTAVLIFYWHMCP>
#	G	D	E	R	K	N	Q	S	T	A	V	L	I	F	Y	W	H	M	C	P
0	0.01484	0.01187	0.01592	0.01806	0.08690	0.01095	0.01161	0.01913	0.02609	0.03565	0.38592	0.07375	0.21135	0.02019	0.01153	0.00317	0.00570	0.01765	0.00976	0.00996
1	0.02293	0.02633	0.11705	0.15581	0.34151	0.02346	0.02909	0.03262	0.09106	0.03226	0.02119	0.02608	0.01672	0.00976	0.00986	0.00311	0.01203	0.00896	0.00539	0.01476
2	0.02477	0.02336	0.02914	0.02880	0.10901	0.14324	0.11388	0.02872	0.02336	0.08587	0.03327	0.24439	0.03377	0.01739	0.01106	0.00335	0.01157	0.01591	0.00729	0.01184
3	0.01644	0.01166	0.01416	0.01467	0.01620	0.01175	0.01031	0.08305	0.02175	0.02897	0.04442	0.35370	0.05081	0.19606	0.02279	0.00549	0.00784	0.07268	0.00847	0.00877
4	0.02123	0.02018	0.03425	0.39321	0.28233	0.02278	0.02888	0.02758	0.02107	0.02839	0.01814	0.02579	0.01432	0.00952	0.00993	0.00317	0.01269	0.00887	0.00464	0.01302
5	0.02626	0.02540	0.04600	0.14879	0.04992	0.02606	0.31685	0.16248	0.02873	0.03849	0.02065	0.02608	0.01524	0.00960	0.01097	0.00326	0.01466	0.01051	0.00617	0.01388
6	0.02665	0.65565	0.05224	0.01706	0.02559	0.03945	0.01706	0.02985	0.02026	0.02345	0.01386	0.01599	0.01279	0.00853	0.00640	0.00213	0.01066	0.00533	0.00426	0.01279
7	0.02427	0.02328	0.03974	0.09997	0.55182	0.02358	0.03039	0.03024	0.02251	0.03208	0.01868	0.02480	0.01562	0.00896	0.00988	0.00299	0.01194	0.00888	0.00490	0.01547
8	0.10480	0.02066	0.02443	0.09581	0.03155	0.02219	0.01708	0.15271	0.15404	0.22589	0.03098	0.02979	0.02148	0.01191	0.00964	0.00316	0.00941	0.00946	0.00970	0.01531
9	0.02359	0.01961	0.08542	0.02191	0.02761	0.01602	0.13668	0.02797	0.02044	0.14750	0.02857	0.04201	0.02511	0.22990	0.09715	0.00692	0.01365	0.01171	0.00689	0.01133
10	0.03724	0.04751	0.02825	0.02568	0.03082	0.60963	0.01926	0.03981	0.02825	0.02440	0.01541	0.01798	0.01284	0.01027	0.00899	0.00257	0.01798	0.00642	0.00514	0.01156
11	0.02211	0.01553	0.02568	0.02542	0.09573	0.01447	0.10603	0.02614	0.02257	0.13658	0.04433	0.27638	0.07651	0.02028	0.01168	0.00360	0.00910	0.04752	0.00857	0.01176
12	0.03264	0.02459	0.03728	0.03395	0.14119	0.06097	0.16407	0.10423	0.05964	0.19791	0.02676	0.02813	0.01897	0.01050	0.01040	0.00311	0.01229	0.00998	0.00805	0.01536
13	0.01392	0.00958	0.01088	0.01117	0.01159	0.00934	0.00660	0.01440	0.01592	0.02088	0.04153	0.14144	0.09620	0.50734	0.04193	0.00831	0.00870	0.01692	0.00678	0.00654
14	0.01837	0.01026	0.01378	0.01462	0.01656	0.00935	0.01029	0.02052	0.02089	0.13422	0.05196	0.52667	0.05805	0.02762	0.01221	0.00386	0.00630	0.02484	0.00984	0.00979
15	0.02383	0.02923	0.15251	0.04149	0.18646	0.02289	0.25668	0.03158	0.02291	0.06551	0.02232	0.05765	0.01804	0.01016	0.01078	0.00324	0.01404	0.01093	0.00551	0.01424
16	0.02462	0.09496	0.36175	0.06550	0.10036	0.02418	0.03051	0.06355	0.02339	0.09025	0.02018	0.02282	0.01452	0.00979	0.00936	0.00304	0.01310	0.00781	0.00548	0.01482
17	0.02640	0.07867	0.31811	0.02817	0.03938	0.11602	0.09510	0.11794	0.02663	0.03514	0.01855	0.02149	0.01369	0.00981	0.00959	0.00301	0.01465	0.00792	0.00540	0.01433
18	0.01774	0.01505	0.01959	0.01766	0.01766	0.01892	0.01303	0.01871	0.01484	0.02140	0.02328	0.04598	0.02597	0.36927	0.04275	0.00731	0.28540	0.01194	0.00530	0.00820
19	0.33022	0.06809	0.03368	0.02433	0.03205	0.05946	0.18072	0.09712	0.02366	0.04040	0.01719	0.02059	0.01318	0.00934	0.00857	0.00306	0.01175	0.00788	0.00611	0.01258
20	0.01242	0.01012	0.01099	0.01077	0.01386	0.00869	0.00808	0.01555	0.02423	0.03052	0.23337	0.09003	0.44880	0.02391	0.01178	0.00330	0.00495	0.02021	0.00973	0.00869
21	0.58714	0.01969	0.01616	0.01448	0.02055	0.02283	0.01175	0.03383	0.12259	0.04415	0.01898	0.02021	0.01455	0.01007	0.00693	0.00314	0.00775	0.00652	0.00693	0.01175
22	0.02732	0.02606	0.13370	0.01938	0.02903	0.01875	0.01839	0.13091	0.02689	0.11955	0.02207	0.02329	0.01621	0.00938	0.00866	0.00232	0.00964	0.00737	0.00729	0.34378
23	0.02570	0.11392	0.39409	0.02582	0.03822	0.02354	0.05933	0.03464	0.02253	0.13824	0.02165	0.02325	0.01509	0.00985	0.00935	0.00304	0.01318	0.00789	0.00582	0.01486
24	0.02372	0.22835	0.11917	0.02918	0.03731	0.03054	0.20970	0.02962	0.02051	0.02759	0.01645	0.02167	0.01366	0.01041	0.01401	0.00315	0.13897	0.00855	0.00455	0.01289
25	0.01325	0.01016	0.01214	0.01164	0.01437	0.00904	0.00873	0.01715	0.02619	0.03516	0.40469	0.08239	0.27458	0.02218	0.01177	0.00322	0.00483	0.01914	0.01034	0.00904
26	0.02378	0.39499	0.28773	0.02196	0.03316	0.03241	0.02559	0.03059	0.02060	0.02696	0.01560	0.01817	0.01272	0.00894	0.00772	0.00257	0.01242	0.00621	0.00424	0.01363
27	0.13010	0.01726	0.02206	0.01715	0.02467	0.01563	0.01416	0.04615	0.02707	0.52489	0.03611	0.03169	0.02292	0.01195	0.00954	0.00308	0.00839	0.00944	0.01156	0.01619
28	0.01215	0.00868	0.01157	0.01388	0.01446	0.00810	0.00925	0.01388	0.01909	0.02545	0.05495	0.64315	0.06593	0.03123	0.01272	0.00405	0.00578	0.02834	0.00925	0.00810
29	0.01431	0.01042	0.01472	0.01472	0.01605	0.01176	0.01084	0.01697	0.01564	0.02218	0.02789	0.04574	0.02778	0.21982	0.46900	0.01442	0.02240	0.01164	0.00552	0.00818
30	0.02392	0.02541	0.04171	0.03494	0.08637	0.05991	0.23227	0.03160	0.07687	0.02975	0.01936	0.02545	0.01590	0.01229	0.01871	0.00364	0.23363	0.01008	0.00532	0.01288
31	0.01422	0.01014	0.01361	0.01375	0.01471	0.01104	0.00959	0.01619	0.01557	0.02169	0.03034	0.08571	0.03207	0.31225	0.34128	0.01266	0.01835	0.01332	0.00586	0.00766
32	0.04473	0.01697	0.02313	0.01774	0.02545	0.01465	0.01465	0.04858	0.02853	0.59437	0.03933	0.03393	0.02468	0.01234	0.01003	0.00308	0.00848	0.01003	0.01234	0.01697
33	0.02383	0.02282	0.03893	0.14301	0.51227	0.02346	0.03017	0.02985	0.02230	0.03154	0.01860	0.02495	0.01543	0.00904	0.00988	0.00301	0.01205	0.00888	0.00486	0.01511
34	0.01511	0.00956	0.01201	0.01201	0.01223	0.00979	0.00745	0.01457	0.01434	0.01935	0.02759	0.05394	0.03048	0.43615	0.11876	0.17082	0.01159	0.01268	0.00556	0.00601
35	0.02599	0.03633	0.15490	0.03568	0.04552	0.15864	0.33109	0.03367	0.02414	0.03014	0.01864	0.02373	0.01413	0.00904	0.01069	0.00314	0.01668	0.00970	0.00490	0.01326
36	0.01445	0.00986	0.01186	0.01186	0.01220	0.01020	0.00727	0.01513	0.01479	0.02006	0.03051	0.06025	0.03408	0.53974	0.15769	0.01088	0.01292	0.01377	0.00591	0.00659
37	0.02418	0.20354	0.37759	0.02515	0.03692	0.11227	0.02929	0.03233	0.02189	0.02848	0.01651	0.01933	0.01270	0.00935	0.00862	0.00281	0.01417	0.00672	0.00436	0.01378
38	0.01858	0.00929	0.00929	0.00929	0.01161	0.00929	0.00697	0.02323	0.02091	0.03717	0.03252	0.03717	0.02555	0.01161	0.00697	0.00232	0.00465	0.00929	0.70499	0.00929
39	0.72007	0.01928	0.01465	0.01311	0.01928	0.02236	0.01080	0.02930	0.01697	0.04473	0.01388	0.01619	0.01080	0.00925	0.00617	0.00308	0.00771	0.00540	0.00617	0.01080
40	0.03294	0.09872	0.09044	0.02969	0.10199	0.42488	0.02230	0.03692	0.02610	0.02608	0.01595	0.01896	0.01319	0.00986	0.00892	0.00264	0.01622	0.00673	0.00494	0.01253
41	0.01424	0.01068	0.01602	0.01602	0.01780	0.01246	0.01246	0.01780	0.01602	0.02314	0.02670	0.03916	0.02492	0.07477	0.61015	0.01602	0.02670	0.01068	0.00534	0.00890
42	0.03355	0.03070	0.15214	0.02423	0.03360	0.02580	0.05393	0.29518	0.06825	0.14249	0.02600	0.02597	0.01803	0.01137	0.00999	0.00309	0.01153	0.00911	0.00885	0.01620
43	0.07037	0.01922	0.02038	0.01725	0.02280	0.06847	0.01360	0.12232	0.02888	0.23577	0.07438	0.12827	0.10212	0.01675	0.01042	0.00320	0.00866	0.01377	0.01003	0.01334
44	0.04386	0.01835	0.02399	0.01839	0.02614	0.01671	0.01520	0.11250	0.03085	0.52718	0.03738	0.03267	0.02370	0.01229	0.01002	0.00307	0.00880	0.00989	0.01204	0.01696
45	0.08362	0.01995	0.02439	0.01881	0.02650	0.01934	0.01554	0.17883	0.03260	0.42313	0.03380	0.03026	0.02183	0.01206	0.00978	0.00306	0.00908	0.00947	0.01135	0.01659
46	0.01999	0.05157	0.59800	0.02841	0.04315	0.02315	0.03683	0.03157	0.02105	0.03157	0.01789	0.02105	0.01263	0.00947	0.00947	0.00316	0.01473	0.00737	0.00421	0.01473
47	0.01490	0.01183	0.01609	0.01617	0.01681	0.01367	0.01180	0.01682	0.01682	0.02353	0.03618	0.28068	0.04103	0.15133	0.16028	0.00787	0.13089	0.01802	0.00684	0.00844
48	0.01215	0.00868	0.01157	0.01388	0.01446	0.00810	0.00925	0.01388	0.01909	0.02545	0.05495	0.64315	0.06593	0.03123	0.01272	0.00405	0.00578	0.02834	0.00925	0.00810
49	0.24263	0.01897	0.02669	0.02159	0.02722	0.02056	0.12795	0.05756	0.02001	0.03485	0.01975	0.02624	0.01658	0.02875	0.18564	0.00690	0.05220	0.00874	0.00579	0.05138
50	0.03025	0.02184	0.03153	0.02486	0.02980	0.02480	0.08589	0.10830	0.02465	0.17935	0.02264	0.02584	0.01701	0.01360	0.01942	0.00354	0.26606	0.00932	0.00742	0.05386
51	0.01425	0.01046	0.01486	0.01471	0.01637	0.01152	0.01107	0.01758	0.01816	0.02588	0.13350	0.04921	0.03957	0.13704	0.42503	0.01275	0.02034	0.01257	0.00651	0.00864
52	0.01973	0.01947	0.03543	0.51410	0.06549	0.02273	0.12778	0.02671	0.02062	0.02671	0.01819	0.02664	0.01364	0.00967	0.01031	0.00333	0.01396	0.00941	0.00455	0.01153
53	0.06347	0.01720	0.01898	0.01766	0.02203	0.01852	0.01355	0.09780	0.22565	0.03801	0.04062	0.23011	0.03939	0.01912	0.01073	0.00347	0.00764	0.04629	0.00925	0.06053
54	0.01215	0.00868	0.01157	0.01388	0.01446	0.00810	0.00925	0.01388	0.01909	0.02545	0.05495	0.64315	0.06593	0.03123	0.01272	0.00405	0.00578	0.02834	0.00925	0.00810
55	0.03031	0.01997	0.02162	0.01745	0.02317	0.02142	0.01412	0.31459	0.03603	0.08284	0.06598	0.03231	0.02551	0.01245	0.00911	0.00279	0.00832	0.00976	0.23833	0.01392
56	0.02800	0.02438	0.09540	0.02083	0.02801	0.02265	0.01822	0.04943	0.39672	0.14608	0.03747	0.03453	0.02708	0.01279	0.01004	0.00330	0.00887	0.01054	0.00981	0.01587
57	0.03126	0.23473	0.03584	0.02247	0.02828	0.28744	0.01860	0.06525	0.06245	0.02745	0.01686	0.01946	0.01430	0.01088	0.01107	0.00272	0.08625	0.00682	0.00539	0.01247
58	0.07758	0.02620	0.03003	0.02310	0.03097	0.07652	0.08409	0.25967	0.06480	0.07996	0.02288	0.02408	0.01682	0.01053	0.00944	0.00278	0.01118	0.00854	0.00814	0.13269
59	0.11143	0.07960	0.43299	0.02471	0.03727	0.02314	0.03010	0.03293	0.02125	0.09056	0.01935	0.02146	0.01364	0.00968	0.00893	0.00308	0.01296	0.00727	0.00530	0.01435
60	0.01995	0.01887	0.03193	0.51725	0.16832	0.02244	0.02824	0.02645	0.02046	0.02683	0.01792	0.02621	0.01377	0.00976	0.00995	0.00325	0.01301	0.00886	0.00453	0.01198
61	0.15375	0.02281	0.01740	0.01642	0.02036	0.17602	0.01241	0.03069	0.08258	0.03429	0.05916	0.10677	0.02887	0.01400	0.00871	0.00291	0.00933	0.01091	0.18185	0.01075
62	0.06597	0.02065	0.12864	0.09486	0.02976	0.01541	0.01896	0.02602	0.02283	0.09910	0.10154	0.09233	0.09679	0.01800	0.01102	0.00355	0.00945	0.12571	0.00802	0.01141
63	0.03951	0.02533	0.02832	0.02171	0.02962	0.02707	0.01793	0.43478	0.04254	0.18839	0.02757	0.02630	0.01878	0.01205	0.00998	0.00301	0.01038	0.00922	0.01053	0.01696
64	0.04187	0.01770	0.02321	0.01795	0.02532	0.01608	0.01476	0.10206	0.03053	0.49791	0.07494	0.03562	0.02860	0.01285	0.01014	0.00308	0.00850	0.01046	0.01198	0.01644
65	0.01215	0.00868	0.01157	0.01388	0.01446	0.00810	0.00925	0.01388	0.01909	0.02545	0.05495	0.64315	0.06593	0.03123	0.01272	0.00405	0.00578	0.02834	0.00925	0.00810
66	0.01732	0.00866	0.01299	0.01299	0.01299	0.00866	0.00866	0.01299	0.01299	0.01732	0.01732	0.03030	0.01732	0.03463	0.03896	0.70996	0.00866	0.00866	0.00433	0.00433
67	0.72007	0.01928	0.01465	0.01311	0.01928	0.02236	0.01080	0.02930	0.01697	0.04473	0.01388	0.01619	0.01080	0.00925	0.00617	0.00308	0.00771	0.00540	0.00617	0.01080
68	0.02467	0.02369	0.04046	0.06119	0.58747	0.02369	0.03059	0.03059	0.02270	0.03257	0.01875	0.02467	0.01579	0.00888	0.00987	0.00296	0.01184	0.00888	0.00493	0.01579
69	0.01322	0.00924	0.01164	0.01270	0.01340	0.00882	0.00826	0.01491	0.01917	0.02596	0.13651	0.36388	0.06127	0.22549	0.02462	0.00568	0.00683	0.02221	0.00853	0.00767
70	0.04403	0.01809	0.02383	0.01827	0.02601	0.01632	0.01509	0.10052	0.03042	0.53977	0.03775	0.03290	0.02388	0.01230	0.01002	0.00308	0.00874	0.00992	0.01210	0.01696
71	0.04261	0.02036	0.02524	0.01935	0.02714	0.01969	0.01598	0.20520	0.03421	0.42973	0.03456	0.03083	0.02228	0.01222	0.01001	0.00306	0.00925	0.00970	0.01161	0.01696
72	0.06700	0.49573	0.15989	0.01911	0.02874	0.03514	0.02066	0.03016	0.02022	0.02637	0.01467	0.01702	0.01264	0.00876	0.00700	0.00240	0.01130	0.00574	0.00437	0.01306
73	0.01292	0.01001	0.01038	0.01028	0.01340	0.00864	0.00771	0.01597	0.02314	0.02976	0.14910	0.08598	0.45518	0.02295	0.01117	0.00321	0.00496	0.01920	0.09741	0.00864
74	0.01215	0.00868	0.01157	0.01388	0.01446	0.00810	0.00925	0.01388	0.01909	0.02545	0.05495	0.64315	0.06593	0.03123	0.01272	0.00405	0.00578	0.02834	0.00925	0.00810
75	0.01418	0.01079	0.01614	0.01720	0.01896	0.01033	0.04709	0.01729	0.02064	0.02731	0.05195	0.42885	0.05979	0.02852	0.01300	0.00418	0.00762	0.18840	0.00895	0.00880
76	0.02222	0.02420	0.04904	0.08933	0.04725	0.02463	0.39098	0.02931	0.02234	0.03076	0.05754	0.02940	0.02009	0.01068	0.01464	0.00349	0.10474	0.01150	0.00530	0.01259

[dist]
# distance from previous block
# <min> <max>
0	3

[block]
# block no. 3 follows, 15 sequences, length 46
# corresponding to MSA columns:
# 197-242
name=unknown_D
#
# <colnr> <probs for GDERKNQSTAVLIFYWHMCP>
#	G	D	E	R	K	N	Q	S	T	A	V	L	I	F	Y	W	H	M	C	P
0	0.03045	0.20595	0.10310	0.02615	0.03400	0.30528	0.10034	0.03507	0.02462	0.02608	0.01599	0.01913	0.01315	0.00944	0.00877	0.00264	0.01550	0.00704	0.00479	0.01252
1	0.01540	0.00933	0.01215	0.01215	0.01281	0.00921	0.00801	0.01400	0.01515	0.01983	0.03498	0.05133	0.10997	0.21792	0.08216	0.34190	0.00979	0.01243	0.00566	0.00581
2	0.16038	0.13141	0.22766	0.02468	0.03478	0.06886	0.10415	0.03297	0.02168	0.07988	0.01847	0.02108	0.01371	0.00942	0.00872	0.00297	0.01278	0.00750	0.00548	0.01343
3	0.08916	0.02455	0.11131	0.02041	0.02793	0.02105	0.01878	0.12605	0.06762	0.24665	0.06708	0.03086	0.02467	0.01267	0.01168	0.00321	0.06245	0.00960	0.00926	0.01499
4	0.04473	0.01697	0.02313	0.01774	0.02545	0.01465	0.01465	0.04858	0.02853	0.59437	0.03933	0.03393	0.02468	0.01234	0.01003	0.00308	0.00848	0.01003	0.01234	0.01697
5	0.01612	0.01277	0.01815	0.15167	0.02939	0.01375	0.01599	0.02231	0.06414	0.03027	0.12497	0.20821	0.05311	0.02235	0.01209	0.00387	0.00851	0.17398	0.00849	0.00988
6	0.02279	0.30533	0.36873	0.02364	0.03577	0.03000	0.02853	0.03085	0.02071	0.02816	0.01620	0.01892	0.01270	0.00908	0.00818	0.00273	0.01302	0.00651	0.00423	0.01392
7	0.02652	0.61144	0.05017	0.01728	0.02561	0.03842	0.01697	0.03146	0.05854	0.02473	0.01572	0.01747	0.01402	0.00888	0.00666	0.00222	0.01047	0.00574	0.00467	0.01300
8	0.01329	0.00995	0.01254	0.01377	0.01576	0.00919	0.01048	0.01637	0.02235	0.02910	0.14688	0.28720	0.20205	0.02714	0.01258	0.00386	0.00624	0.14310	0.00950	0.00864
9	0.02576	0.02449	0.02010	0.01888	0.02252	0.19923	0.01381	0.03386	0.15119	0.07170	0.03452	0.17199	0.03343	0.11359	0.01656	0.00422	0.01086	0.01402	0.00793	0.01134
10	0.02187	0.02083	0.03540	0.33181	0.33875	0.02295	0.02920	0.02814	0.02137	0.02917	0.01826	0.02559	0.01459	0.00940	0.00992	0.00313	0.01254	0.00887	0.00469	0.01353
11	0.01212	0.00877	0.01147	0.01362	0.01439	0.00812	0.00914	0.01391	0.01934	0.02555	0.05815	0.60500	0.10201	0.03081	0.01266	0.00400	0.00573	0.02783	0.00925	0.00812
12	0.02276	0.02173	0.03700	0.24607	0.41755	0.02318	0.02964	0.02892	0.02179	0.03024	0.01841	0.02530	0.01497	0.00924	0.00990	0.00308	0.01232	0.00887	0.00477	0.01425
13	0.02249	0.27758	0.39381	0.02416	0.03658	0.02925	0.02943	0.03093	0.02075	0.02853	0.01638	0.01916	0.01269	0.00912	0.00832	0.00277	0.01321	0.00660	0.00423	0.01401
14	0.03365	0.01441	0.01934	0.01631	0.02192	0.01265	0.01305	0.03714	0.02619	0.39673	0.07499	0.14715	0.07756	0.01773	0.01091	0.00336	0.00763	0.04393	0.01134	0.01402
15	0.01224	0.00971	0.01100	0.01153	0.01396	0.00848	0.00832	0.01487	0.02254	0.02850	0.16117	0.24606	0.36404	0.02619	0.01204	0.00352	0.00520	0.02263	0.00952	0.00848
16	0.02454	0.46382	0.22555	0.02066	0.03116	0.03427	0.02334	0.03040	0.02051	0.02603	0.01514	0.01760	0.01274	0.00883	0.00737	0.00246	0.01195	0.00598	0.00425	0.01341
17	0.03134	0.03291	0.02397	0.02161	0.02638	0.33451	0.01637	0.07807	0.07442	0.07218	0.08803	0.09850	0.03065	0.01435	0.00998	0.00294	0.01300	0.01109	0.00760	0.01211
18	0.08764	0.17086	0.03917	0.11682	0.03873	0.16611	0.13732	0.03341	0.02320	0.07153	0.01818	0.02189	0.01414	0.00949	0.00901	0.00284	0.01375	0.00792	0.00545	0.01253
19	0.02897	0.02049	0.02593	0.02137	0.02761	0.02197	0.05566	0.04573	0.30803	0.17303	0.03466	0.03306	0.02521	0.01272	0.01194	0.00324	0.06168	0.01038	0.00948	0.06885
20	0.01833	0.01284	0.01481	0.01365	0.01525	0.01361	0.00915	0.10442	0.02009	0.02712	0.02946	0.05443	0.03133	0.45669	0.12895	0.00952	0.01247	0.01300	0.00659	0.00828
21	0.03600	0.01909	0.02458	0.02196	0.07318	0.01827	0.01617	0.12474	0.07366	0.33013	0.03478	0.07760	0.02557	0.01316	0.01002	0.00304	0.00883	0.01096	0.01043	0.06783
22	0.02761	0.02099	0.02353	0.01825	0.02580	0.02055	0.01470	0.19843	0.11874	0.07344	0.06387	0.02882	0.02404	0.01100	0.00909	0.00247	0.00847	0.00881	0.00857	0.29283
23	0.02339	0.01869	0.01986	0.01576	0.02228	0.06214	0.01241	0.07107	0.02603	0.08312	0.15328	0.03944	0.07476	0.01265	0.00926	0.00234	0.00787	0.01039	0.00812	0.32713
24	0.05634	0.01046	0.01352	0.01437	0.01627	0.01009	0.01023	0.01926	0.02028	0.09100	0.07831	0.45600	0.05630	0.03092	0.06242	0.00484	0.00790	0.02291	0.00919	0.00939
25	0.02507	0.02152	0.08066	0.06477	0.12757	0.01834	0.13644	0.03130	0.02498	0.14804	0.14701	0.04198	0.03608	0.01301	0.01089	0.00323	0.01089	0.03687	0.00790	0.01345
26	0.02359	0.02597	0.05360	0.04397	0.13880	0.02537	0.42408	0.03110	0.02275	0.03142	0.01939	0.02613	0.01508	0.00918	0.01307	0.00337	0.06348	0.01105	0.00497	0.01364
27	0.01343	0.00961	0.01296	0.01480	0.01608	0.00914	0.01098	0.01633	0.02144	0.02875	0.13448	0.42373	0.06806	0.02866	0.01284	0.00405	0.00647	0.15013	0.00950	0.00857
28	0.02426	0.02424	0.04700	0.09103	0.13675	0.02491	0.30955	0.03090	0.02212	0.06226	0.01974	0.02613	0.01531	0.01021	0.01438	0.00343	0.10856	0.01048	0.00528	0.01345
29	0.02954	0.02725	0.04752	0.03478	0.04384	0.07395	0.36414	0.09438	0.02734	0.12022	0.02310	0.02687	0.01659	0.00956	0.01106	0.00321	0.01498	0.01073	0.00672	0.01422
30	0.01948	0.01839	0.03109	0.56236	0.12686	0.02232	0.02801	0.02605	0.02024	0.02627	0.01783	0.02636	0.01357	0.00985	0.00996	0.00328	0.01313	0.00886	0.00449	0.01160
31	0.03346	0.01717	0.02076	0.01715	0.02322	0.01704	0.01375	0.07267	0.16627	0.30690	0.07721	0.03758	0.03086	0.01310	0.00976	0.00305	0.00767	0.01076	0.10656	0.01506
32	0.01732	0.00866	0.01299	0.01299	0.01299	0.00866	0.00866	0.01299	0.01299	0.01732	0.01732	0.03030	0.01732	0.03463	0.03896	0.70996	0.00866	0.00866	0.00433	0.00433
33	0.01215	0.00868	0.01157	0.01388	0.01446	0.00810	0.00925	0.01388	0.01909	0.02545	0.05495	0.64315	0.06593	0.03123	0.01272	0.00405	0.00578	0.02834	0.00925	0.00810
34	0.01406	0.00984	0.01283	0.01453	0.01615	0.00940	0.01111	0.01724	0.02145	0.02907	0.09653	0.33804	0.10056	0.02710	0.01242	0.00395	0.00663	0.18189	0.06852	0.00867
35	0.02181	0.02181	0.03053	0.02617	0.02617	0.03053	0.02181	0.02399	0.01527	0.02399	0.01309	0.02181	0.01309	0.01745	0.03272	0.00436	0.63141	0.00872	0.00436	0.01091
36	0.01681	0.00899	0.01349	0.01349	0.01378	0.00929	0.00929	0.01378	0.01349	0.01828	0.01887	0.03177	0.01858	0.04128	0.13359	0.59499	0.01165	0.00899	0.00450	0.00509
37	0.04053	0.02370	0.02731	0.02093	0.02881	0.02465	0.01729	0.35946	0.03981	0.26756	0.02986	0.02778	0.01993	0.01211	0.00999	0.00303	0.01001	0.00938	0.01088	0.01696
38	0.01215	0.00868	0.01157	0.01388	0.01446	0.00810	0.00925	0.01388	0.01909	0.02545	0.05495	0.64315	0.06593	0.03123	0.01272	0.00405	0.00578	0.02834	0.00925	0.00810
39	0.01500	0.01084	0.01360	0.01327	0.01369	0.01193	0.00877	0.01601	0.01492	0.02059	0.02889	0.05572	0.03178	0.46476	0.18202	0.01076	0.06146	0.01315	0.00575	0.00709
40	0.01411	0.01019	0.01333	0.01254	0.01489	0.00941	0.00941	0.01881	0.02822	0.03998	0.58221	0.07447	0.09406	0.02038	0.01176	0.00314	0.00470	0.01803	0.01097	0.00941
41	0.01450	0.00966	0.01087	0.01087	0.01087	0.00966	0.00604	0.01450	0.01450	0.01933	0.03141	0.06524	0.03624	0.64965	0.05074	0.00966	0.00966	0.01450	0.00604	0.00604
42	0.01514	0.00943	0.01136	0.01136	0.01136	0.00943	0.00664	0.01415	0.01415	0.01887	0.02817	0.05722	0.03190	0.50846	0.04804	0.17043	0.00943	0.01316	0.00565	0.00565
43	0.03599	0.04781	0.06957	0.02588	0.03171	0.56710	0.02054	0.03921	0.02773	0.02492	0.01559	0.01820	0.01283	0.01021	0.00902	0.00261	0.01774	0.00649	0.00507	0.01179
44	0.02181	0.02181	0.03053	0.02617	0.02617	0.03053	0.02181	0.02399	0.01527	0.02399	0.01309	0.02181	0.01309	0.01745	0.03272	0.00436	0.63141	0.00872	0.00436	0.01091
45	0.02041	0.04386	0.45651	0.02731	0.04067	0.02169	0.07643	0.03053	0.02120	0.03175	0.01806	0.02148	0.01319	0.00903	0.00932	0.00290	0.01369	0.00750	0.00456	0.12991

[dist]
# distance from previous block
# <min> <max>
0	6

[block]
# block no. 4 follows, 15 sequences, length 39
# corresponding to MSA columns:
# 249-287
name=unknown_E
#
# <colnr> <probs for GDERKNQSTAVLIFYWHMCP>
#	G	D	E	R	K	N	Q	S	T	A	V	L	I	F	Y	W	H	M	C	P
0	0.11423	0.04326	0.02681	0.02412	0.02952	0.51185	0.01829	0.06671	0.02800	0.02879	0.01570	0.01810	0.01284	0.01025	0.00872	0.00265	0.01644	0.00644	0.00552	0.01177
1	0.72007	0.01928	0.01465	0.01311	0.01928	0.02236	0.01080	0.02930	0.01697	0.04473	0.01388	0.01619	0.01080	0.00925	0.00617	0.00308	0.00771	0.00540	0.00617	0.01080
2	0.01712	0.01528	0.02425	0.35281	0.09392	0.01741	0.02148	0.02220	0.02055	0.02655	0.03648	0.15290	0.09050	0.01672	0.01094	0.00352	0.01057	0.05006	0.00624	0.01050
3	0.03441	0.04313	0.02637	0.02435	0.02897	0.54183	0.01813	0.03689	0.02722	0.02452	0.01987	0.08844	0.01882	0.01264	0.00941	0.00274	0.01660	0.00889	0.00560	0.01117
4	0.11346	0.17032	0.02933	0.01755	0.02486	0.02333	0.01506	0.11215	0.02728	0.28374	0.02920	0.06544	0.02183	0.01225	0.00889	0.00291	0.00910	0.00941	0.00918	0.01470
5	0.01197	0.00935	0.01087	0.01209	0.01399	0.00825	0.00846	0.01408	0.02081	0.02615	0.07676	0.38389	0.31111	0.02840	0.01228	0.00373	0.00544	0.02488	0.00926	0.00825
6	0.01289	0.00990	0.01056	0.01064	0.01353	0.00862	0.00789	0.01588	0.02296	0.02972	0.15414	0.13092	0.41276	0.02354	0.01131	0.00327	0.00502	0.01990	0.08790	0.00862
7	0.02665	0.65565	0.05224	0.01706	0.02559	0.03945	0.01706	0.02985	0.02026	0.02345	0.01386	0.01599	0.01279	0.00853	0.00640	0.00213	0.01066	0.00533	0.00426	0.01279
8	0.01288	0.00921	0.01233	0.01419	0.01522	0.00867	0.01004	0.01537	0.02087	0.02808	0.13242	0.49951	0.06912	0.02922	0.01270	0.00397	0.00601	0.08227	0.00950	0.00841
9	0.01446	0.00981	0.01165	0.01199	0.01232	0.00988	0.00745	0.01516	0.01558	0.02082	0.03443	0.10484	0.03925	0.52490	0.07762	0.00925	0.01036	0.05717	0.00647	0.00660
10	0.01414	0.00981	0.01243	0.01376	0.01453	0.00962	0.00964	0.01588	0.01814	0.02399	0.04446	0.26320	0.05121	0.29132	0.02904	0.00656	0.00829	0.14860	0.00788	0.00751
11	0.02695	0.02714	0.05194	0.03747	0.04706	0.02657	0.42453	0.15628	0.02909	0.03929	0.02106	0.02619	0.01556	0.00925	0.01134	0.00327	0.01542	0.01110	0.00622	0.01428
12	0.02379	0.17670	0.28789	0.02168	0.03301	0.02374	0.02450	0.03111	0.02143	0.07854	0.01879	0.02093	0.01421	0.00901	0.00833	0.00252	0.01153	0.00679	0.00533	0.18016
13	0.02338	0.01759	0.02731	0.42799	0.05435	0.01950	0.02300	0.02921	0.02147	0.12011	0.02127	0.02684	0.01540	0.00994	0.00956	0.00299	0.01155	0.00858	0.00597	0.12398
14	0.01426	0.01059	0.01558	0.01558	0.01720	0.01222	0.01191	0.01752	0.01589	0.02281	0.02711	0.04141	0.02590	0.12439	0.56186	0.01547	0.02523	0.01101	0.00540	0.00865
15	0.01560	0.01177	0.01496	0.01648	0.01866	0.01194	0.01296	0.02239	0.10029	0.02972	0.05451	0.30258	0.08580	0.02680	0.01274	0.00414	0.00747	0.23217	0.00935	0.00968
16	0.02974	0.02613	0.03812	0.02907	0.03706	0.05687	0.21419	0.16986	0.16839	0.08320	0.02744	0.02881	0.02005	0.01098	0.01063	0.00321	0.01253	0.01053	0.00811	0.01508
17	0.04432	0.01763	0.02354	0.01805	0.02578	0.01563	0.01491	0.07903	0.02964	0.56237	0.03840	0.03333	0.02421	0.01232	0.01002	0.00308	0.00863	0.00996	0.01220	0.01696
18	0.01220	0.00982	0.01088	0.01124	0.01388	0.00850	0.00819	0.01488	0.02279	0.02855	0.16246	0.20520	0.40498	0.02576	0.01197	0.00347	0.00515	0.02210	0.00951	0.00850
19	0.02364	0.02642	0.05569	0.04014	0.04984	0.02517	0.50504	0.03375	0.07066	0.03278	0.02193	0.02778	0.01645	0.00885	0.01162	0.00336	0.01604	0.01172	0.00548	0.01365
20	0.01868	0.01386	0.02104	0.01838	0.02249	0.01318	0.09061	0.02392	0.05169	0.09084	0.10047	0.16321	0.17238	0.02711	0.07926	0.00496	0.01018	0.05838	0.00872	0.01063
21	0.02619	0.04009	0.23591	0.02441	0.03297	0.21266	0.02416	0.03803	0.14760	0.03221	0.06808	0.02803	0.02333	0.01153	0.00965	0.00301	0.01343	0.00881	0.00640	0.01351
22	0.09099	0.01973	0.02414	0.01864	0.02631	0.01906	0.01540	0.16734	0.03207	0.42912	0.03387	0.03030	0.02186	0.01203	0.00974	0.00306	0.00902	0.00945	0.01134	0.01653
23	0.02177	0.02125	0.03538	0.02527	0.03460	0.01788	0.21974	0.02773	0.02177	0.03227	0.01866	0.02307	0.01490	0.00778	0.00907	0.00220	0.01102	0.00816	0.00557	0.44188
