[name]
unknown

[dist]
# distance from previous block
# <min> <max>
3	204

[block]
# block no. 0 follows, 13 sequences, length 8
# corresponding to MSA columns:
# 235-242
name=unknown_A
#
# <colnr> <probs for GDERKNQSTAVLIFYWHMCP>
#	G	D	E	R	K	N	Q	S	T	A	V	L	I	F	Y	W	H	M	C	P
0	0.02414	0.07508	0.10545	0.08136	0.03805	0.02489	0.12711	0.11930	0.02770	0.03668	0.03972	0.04223	0.13728	0.01466	0.01285	0.00344	0.05716	0.01246	0.00702	0.01343
1	0.02884	0.16712	0.20372	0.15338	0.04315	0.02599	0.02653	0.03598	0.02379	0.15965	0.02347	0.02575	0.01668	0.01067	0.00958	0.00313	0.01272	0.00837	0.00661	0.01487
2	0.01335	0.00956	0.01269	0.01440	0.01544	0.00890	0.00985	0.01590	0.02242	0.03045	0.17026	0.49966	0.07663	0.03054	0.01327	0.00408	0.00588	0.02760	0.01022	0.00890
3	0.02794	0.15917	0.04018	0.07475	0.08486	0.02686	0.10719	0.05769	0.02412	0.11084	0.02454	0.05813	0.02045	0.01783	0.05921	0.00439	0.07069	0.01050	0.00671	0.01394
4	0.02549	0.09892	0.35337	0.03573	0.15827	0.02544	0.03336	0.03481	0.02340	0.08418	0.02095	0.02399	0.01538	0.01010	0.00989	0.00319	0.01390	0.00824	0.00547	0.01591
5	0.01720	0.01272	0.01717	0.06073	0.02315	0.01288	0.01447	0.05144	0.02661	0.03592	0.21027	0.19487	0.06883	0.02517	0.01315	0.00406	0.00795	0.18315	0.01003	0.01024
6	0.01580	0.01302	0.01890	0.02535	0.13805	0.01236	0.01461	0.01878	0.02172	0.02894	0.05750	0.40424	0.13648	0.02678	0.01265	0.00392	0.00745	0.02418	0.00879	0.01047
7	0.03051	0.08726	0.13172	0.02807	0.03733	0.02718	0.13533	0.15177	0.03004	0.11318	0.02811	0.03017	0.04632	0.01233	0.01262	0.00336	0.06143	0.01035	0.00761	0.01532

[dist]
# distance from previous block
# <min> <max>
1	6

[block]
# block no. 1 follows, 13 sequences, length 37
# corresponding to MSA columns:
# 249-285
name=unknown_B
#
# <colnr> <probs for GDERKNQSTAVLIFYWHMCP>
#	G	D	E	R	K	N	Q	S	T	A	V	L	I	F	Y	W	H	M	C	P
0	0.14530	0.10633	0.02438	0.09019	0.02769	0.06102	0.01501	0.02872	0.02180	0.10435	0.03185	0.18084	0.03162	0.06998	0.01375	0.00399	0.00993	0.01401	0.00767	0.01158
1	0.02693	0.20619	0.25120	0.02842	0.04018	0.03106	0.11618	0.11378	0.02704	0.03660	0.01927	0.02244	0.01466	0.01000	0.00966	0.00306	0.01417	0.00832	0.00564	0.01520
2	0.12804	0.27390	0.18039	0.01951	0.02833	0.02881	0.02062	0.02917	0.02009	0.02988	0.01915	0.02769	0.01761	0.11928	0.01596	0.00413	0.01180	0.00797	0.00515	0.01252
3	0.02001	0.01493	0.01764	0.01561	0.01947	0.01503	0.01207	0.11196	0.06715	0.04577	0.39434	0.06857	0.11553	0.01994	0.01202	0.00333	0.00642	0.01718	0.01125	0.01177
4	0.02509	0.02789	0.03939	0.03161	0.03810	0.15270	0.24200	0.03072	0.02521	0.03045	0.03170	0.14447	0.03145	0.01658	0.01227	0.00368	0.01488	0.08287	0.00679	0.01214
5	0.01376	0.00966	0.01240	0.01397	0.01450	0.00940	0.00908	0.01521	0.01860	0.02494	0.04890	0.42010	0.05769	0.20809	0.06681	0.00693	0.00893	0.02446	0.00853	0.00802
6	0.01392	0.01041	0.01292	0.01305	0.01535	0.00941	0.00950	0.01765	0.02635	0.03567	0.33877	0.21100	0.19624	0.02547	0.01272	0.00361	0.00534	0.02240	0.01080	0.00941
7	0.02827	0.63478	0.05540	0.01809	0.02714	0.04184	0.01809	0.03166	0.02148	0.02488	0.01470	0.01696	0.01357	0.00905	0.00678	0.00226	0.01131	0.00565	0.00452	0.01357
8	0.01538	0.01072	0.01376	0.01300	0.01549	0.00997	0.00975	0.02036	0.02926	0.04214	0.51156	0.07555	0.09346	0.02081	0.01203	0.00325	0.00498	0.01832	0.07024	0.00997
9	0.01997	0.01879	0.03171	0.60301	0.07282	0.02349	0.02936	0.02701	0.02114	0.02701	0.01879	0.02819	0.01409	0.01057	0.01057	0.00352	0.01409	0.00940	0.00470	0.01175
10	0.02457	0.05024	0.47753	0.02911	0.04346	0.02602	0.03570	0.12105	0.02718	0.03936	0.02011	0.02287	0.01421	0.01051	0.01014	0.00332	0.01492	0.00812	0.00555	0.01604
11	0.02076	0.07157	0.28928	0.06737	0.07983	0.02207	0.06331	0.02905	0.02211	0.03158	0.02591	0.12936	0.02409	0.01382	0.01053	0.00333	0.01291	0.01207	0.00569	0.06536
12	0.07527	0.15697	0.03569	0.06506	0.03142	0.06403	0.10599	0.02705	0.02075	0.02814	0.05145	0.03009	0.02154	0.05224	0.01984	0.12451	0.06401	0.00956	0.00547	0.01091
13	0.02121	0.05469	0.57364	0.03014	0.04576	0.02455	0.03906	0.03348	0.02232	0.03348	0.01897	0.02232	0.01339	0.01005	0.01005	0.00335	0.01563	0.00781	0.00446	0.01563
14	0.01950	0.01661	0.09031	0.01681	0.01996	0.01287	0.01426	0.02056	0.01711	0.06041	0.02476	0.03886	0.02320	0.12845	0.17485	0.28171	0.01504	0.01054	0.00570	0.00849
15	0.02812	0.31267	0.12230	0.10491	0.03948	0.03240	0.07632	0.06240	0.02435	0.07709	0.01956	0.02267	0.01523	0.00995	0.00894	0.00287	0.01282	0.00787	0.00573	0.01432
16	0.03340	0.01984	0.02538	0.02052	0.02732	0.01966	0.05018	0.12736	0.11644	0.23682	0.04855	0.08653	0.10722	0.01643	0.01126	0.00345	0.00922	0.01393	0.01100	0.01549
17	0.15849	0.01961	0.02287	0.01855	0.02572	0.01951	0.01505	0.10634	0.06994	0.32996	0.03621	0.07651	0.02635	0.01409	0.01013	0.00336	0.00892	0.01121	0.01117	0.01601
18	0.02532	0.02049	0.03268	0.33262	0.13859	0.02424	0.02686	0.03100	0.02200	0.10264	0.02125	0.02803	0.01615	0.01214	0.01484	0.00362	0.11866	0.00954	0.00593	0.01339
19	0.01349	0.01015	0.01249	0.01318	0.01521	0.00915	0.00940	0.01662	0.02456	0.03266	0.24110	0.29970	0.20868	0.02753	0.01288	0.00377	0.00554	0.02429	0.01044	0.00915
20	0.02355	0.12361	0.06704	0.06320	0.03094	0.02229	0.01734	0.03321	0.11430	0.03397	0.02243	0.02472	0.01798	0.00955	0.00854	0.00231	0.00952	0.00752	0.00653	0.36146
21	0.35935	0.01929	0.02174	0.14493	0.03331	0.02236	0.01695	0.03196	0.02030	0.11707	0.02049	0.02449	0.01542	0.01590	0.05019	0.00437	0.05471	0.00790	0.00691	0.01235
22	0.02106	0.01162	0.01384	0.01282	0.01427	0.01119	0.00803	0.02179	0.01802	0.11792	0.03480	0.06330	0.03626	0.51929	0.04616	0.00901	0.01003	0.01453	0.00759	0.00846
23	0.02327	0.02695	0.11355	0.03815	0.18862	0.02289	0.11679	0.03550	0.13121	0.03764	0.12000	0.03813	0.03404	0.01259	0.01119	0.00337	0.01177	0.01199	0.00741	0.01493
24	0.01760	0.01651	0.01541	0.01694	0.01841	0.11099	0.01170	0.01960	0.02197	0.02679	0.05084	0.51467	0.05994	0.02918	0.01279	0.00402	0.00843	0.02593	0.00904	0.00924
25	0.01785	0.01327	0.01922	0.06314	0.09877	0.01378	0.01570	0.02200	0.02114	0.03033	0.03878	0.15942	0.03984	0.07603	0.10440	0.00630	0.01188	0.10975	0.12800	0.01040
26	0.02192	0.01879	0.02192	0.01566	0.02506	0.01409	0.01253	0.02662	0.02192	0.03445	0.01879	0.02192	0.01566	0.00783	0.00783	0.00157	0.00783	0.00626	0.00626	0.69305
27	0.01288	0.00920	0.01227	0.01472	0.01534	0.00859	0.00981	0.01472	0.02024	0.02699	0.05828	0.62152	0.06993	0.03312	0.01350	0.00429	0.00613	0.03006	0.00981	0.00859
28	0.03808	0.13694	0.03593	0.02322	0.03179	0.03439	0.01974	0.43932	0.04471	0.05923	0.02349	0.02389	0.01720	0.01205	0.00990	0.00301	0.01158	0.00883	0.00950	0.01720
29	0.02529	0.09868	0.03417	0.18790	0.08363	0.02454	0.05932	0.03581	0.12451	0.06864	0.02482	0.02824	0.01902	0.01058	0.00978	0.00299	0.01134	0.00918	0.00679	0.13478
30	0.02381	0.02013	0.11499	0.01733	0.02253	0.01409	0.01559	0.02803	0.02290	0.15282	0.11542	0.05828	0.04225	0.24194	0.02702	0.00598	0.01007	0.04673	0.00864	0.01148
31	0.12269	0.02906	0.15213	0.02447	0.03255	0.04913	0.08708	0.08773	0.02598	0.07835	0.03088	0.13748	0.02871	0.01603	0.01091	0.00360	0.01191	0.05025	0.00765	0.01342
32	0.03146	0.03268	0.14121	0.03609	0.12589	0.02771	0.13482	0.22037	0.03394	0.07654	0.02335	0.02622	0.01696	0.01087	0.01088	0.00329	0.01373	0.00989	0.00757	0.01653
33	0.02342	0.01098	0.01594	0.01511	0.01675	0.01054	0.01092	0.02111	0.01752	0.11720	0.02545	0.03964	0.02307	0.03195	0.03379	0.51639	0.00919	0.04715	0.00650	0.00737
34	0.07589	0.02188	0.02872	0.02508	0.06605	0.02231	0.06111	0.17437	0.07270	0.19566	0.03472	0.11472	0.02821	0.01513	0.01093	0.00343	0.01023	0.01298	0.01012	0.01573
35	0.10179	0.07071	0.10180	0.01843	0.02574	0.06157	0.01712	0.02914	0.02450	0.07413	0.12428	0.04595	0.07165	0.01470	0.00999	0.00302	0.00970	0.05221	0.00784	0.13573
36	0.02739	0.12178	0.03312	0.16523	0.03976	0.02546	0.05627	0.04005	0.17883	0.11650	0.03454	0.03547	0.05504	0.01271	0.01027	0.00330	0.01087	0.01075	0.00814	0.01451

[dist]
# distance from previous block
# <min> <max>
0	8

[block]
# block no. 2 follows, 13 sequences, length 26
# corresponding to MSA columns:
# 294-319
name=unknown_C
#
# <colnr> <probs for GDERKNQSTAVLIFYWHMCP>
#	G	D	E	R	K	N	Q	S	T	A	V	L	I	F	Y	W	H	M	C	P
0	0.01574	0.09980	0.01880	0.01464	0.01680	0.01381	0.01074	0.01829	0.02197	0.02926	0.15151	0.37508	0.06512	0.07970	0.01587	0.00433	0.00701	0.02302	0.00912	0.00940
1	0.02605	0.40026	0.04164	0.01733	0.02489	0.06814	0.01560	0.02914	0.02123	0.02596	0.01820	0.02548	0.01752	0.09824	0.01392	0.00332	0.01106	0.00724	0.00516	0.12962
2	0.02234	0.02013	0.02922	0.13249	0.20313	0.01952	0.02145	0.02921	0.05635	0.03270	0.02626	0.03252	0.04686	0.04695	0.01230	0.00316	0.01046	0.00957	0.00616	0.23922
3	0.02983	0.09099	0.30602	0.02835	0.06936	0.02652	0.02956	0.14101	0.02931	0.11545	0.02324	0.02468	0.01638	0.01092	0.00999	0.00320	0.01330	0.00849	0.00703	0.01636
4	0.02458	0.02350	0.04004	0.20300	0.43680	0.02470	0.03166	0.03105	0.02332	0.03261	0.01961	0.02669	0.01607	0.00972	0.01049	0.00324	0.01295	0.00941	0.00510	0.01546
5	0.02285	0.03050	0.18150	0.03281	0.17393	0.01995	0.02524	0.03009	0.02261	0.03421	0.01913	0.02317	0.01532	0.00887	0.00915	0.00248	0.01127	0.00754	0.00549	0.32390
6	0.02235	0.01867	0.02049	0.01916	0.02371	0.02089	0.01457	0.04381	0.37915	0.04099	0.11973	0.14552	0.04850	0.01863	0.01148	0.00367	0.00750	0.01611	0.01072	0.01436
7	0.01945	0.01197	0.01605	0.01480	0.01806	0.01151	0.01143	0.02378	0.02610	0.11253	0.30427	0.06527	0.11328	0.03573	0.16008	0.00686	0.01161	0.01619	0.01014	0.01090
8	0.01550	0.01090	0.01418	0.01376	0.01625	0.01021	0.01059	0.02047	0.02882	0.04102	0.46829	0.08089	0.09083	0.02186	0.01238	0.00344	0.00551	0.07055	0.05464	0.00994
9	0.01390	0.01034	0.01318	0.01506	0.01684	0.00962	0.01132	0.01674	0.02223	0.02859	0.06900	0.36712	0.18086	0.03061	0.01356	0.00428	0.00691	0.15107	0.00979	0.00897
10	0.01971	0.00985	0.00985	0.00985	0.01232	0.00985	0.00739	0.02464	0.02217	0.03942	0.03449	0.03942	0.02710	0.01232	0.00739	0.00246	0.00493	0.00985	0.68712	0.00985
11	0.12415	0.02286	0.03224	0.03547	0.17775	0.02760	0.02341	0.03053	0.01992	0.07910	0.01815	0.02426	0.01542	0.01421	0.02167	0.00389	0.30106	0.00891	0.00582	0.01358
12	0.15023	0.02134	0.02596	0.02187	0.02593	0.02546	0.01793	0.10299	0.02449	0.14330	0.02514	0.07803	0.02145	0.01635	0.01957	0.00388	0.24385	0.01078	0.00796	0.01348
13	0.70310	0.02045	0.01554	0.01390	0.02045	0.02372	0.01145	0.03108	0.01799	0.04744	0.01472	0.01718	0.01145	0.00981	0.00654	0.00327	0.00818	0.00573	0.00654	0.01145
14	0.07608	0.01185	0.01436	0.01400	0.01695	0.01141	0.01094	0.02077	0.02752	0.04000	0.39438	0.08144	0.12933	0.02215	0.01225	0.00357	0.00599	0.08630	0.01074	0.00997
15	0.01997	0.01879	0.03171	0.60301	0.07282	0.02349	0.02936	0.02701	0.02114	0.02701	0.01879	0.02819	0.01409	0.01057	0.01057	0.00352	0.01409	0.00940	0.00470	0.01175
16	0.04019	0.02962	0.03173	0.02433	0.03279	0.03279	0.02010	0.52721	0.04971	0.06663	0.02538	0.02538	0.01798	0.01269	0.01058	0.00317	0.01163	0.00952	0.01058	0.01798
17	0.03218	0.02041	0.06861	0.02067	0.02723	0.01752	0.01853	0.10681	0.02965	0.24130	0.04140	0.06129	0.03545	0.02206	0.04611	0.00461	0.01133	0.16986	0.01045	0.01454
18	0.02379	0.02503	0.04838	0.17819	0.14643	0.02631	0.26478	0.03107	0.02293	0.03144	0.01968	0.02743	0.01547	0.01045	0.01412	0.00360	0.08115	0.01085	0.00509	0.01381
19	0.03430	0.01539	0.02107	0.01851	0.02425	0.01390	0.01552	0.03873	0.02826	0.34164	0.09479	0.06767	0.04459	0.01924	0.01212	0.00381	0.00887	0.17101	0.01184	0.01450
20	0.10797	0.01882	0.02081	0.01725	0.02346	0.01951	0.01389	0.12651	0.10414	0.20670	0.03413	0.03346	0.02424	0.01263	0.00933	0.00308	0.00820	0.00988	0.19106	0.01492
21	0.02822	0.07758	0.03941	0.03148	0.09303	0.05573	0.17646	0.03563	0.05753	0.12700	0.13062	0.03855	0.03496	0.01264	0.01116	0.00326	0.01213	0.01216	0.00816	0.01430
22	0.02538	0.01851	0.08042	0.10163	0.02928	0.01522	0.01687	0.02897	0.02159	0.16684	0.03300	0.05180	0.02979	0.21690	0.02703	0.04983	0.01095	0.05670	0.00788	0.01141
23	0.01316	0.00932	0.01219	0.01437	0.01492	0.00877	0.00944	0.01479	0.01971	0.02628	0.05553	0.56067	0.06646	0.09871	0.01794	0.00495	0.00659	0.02844	0.00944	0.00835
24	0.02750	0.01613	0.01987	0.01723	0.02204	0.01589	0.01341	0.10344	0.07653	0.17721	0.22588	0.14249	0.05869	0.01934	0.01174	0.00347	0.00744	0.01668	0.01149	0.01354
25	0.07741	0.08033	0.04132	0.03346	0.11288	0.02886	0.14550	0.21544	0.03360	0.09360	0.02341	0.02594	0.01723	0.01081	0.01044	0.00320	0.01281	0.00975	0.00794	0.01607

[dist]
# distance from previous block
# <min> <max>
0	1

[block]
# block no. 3 follows, 13 sequences, length 16
# corresponding to MSA columns:
# 321-336
name=unknown_D
#
# <colnr> <probs for GDERKNQSTAVLIFYWHMCP>
#	G	D	E	R	K	N	Q	S	T	A	V	L	I	F	Y	W	H	M	C	P
0	0.02571	0.02273	0.06561	0.12248	0.03593	0.07790	0.08919	0.03086	0.02360	0.11344	0.03102	0.11076	0.02739	0.07144	0.01470	0.00398	0.01187	0.01295	0.09619	0.01224
1	0.70310	0.02045	0.01554	0.01390	0.02045	0.02372	0.01145	0.03108	0.01799	0.04744	0.01472	0.01718	0.01145	0.00981	0.00654	0.00327	0.00818	0.00573	0.00654	0.01145
2	0.01531	0.01049	0.01276	0.01276	0.01318	0.01092	0.00793	0.01616	0.01574	0.02141	0.03219	0.06298	0.03574	0.50518	0.17337	0.01176	0.01431	0.01447	0.00624	0.00709
3	0.02613	0.20679	0.11580	0.02964	0.13206	0.02957	0.02307	0.06735	0.14753	0.03639	0.06367	0.02990	0.02520	0.01166	0.00955	0.00303	0.01103	0.00940	0.00702	0.01523
4	0.03232	0.33058	0.09575	0.02315	0.03132	0.27013	0.02115	0.03630	0.02515	0.02615	0.01582	0.01838	0.01357	0.00993	0.00827	0.00256	0.01501	0.00636	0.00491	0.01322
5	0.01469	0.01060	0.01389	0.01349	0.01574	0.00979	0.00996	0.01927	0.02866	0.04038	0.49170	0.14990	0.09586	0.02312	0.01260	0.00345	0.00514	0.02055	0.01140	0.00979
6	0.02193	0.01714	0.02710	0.15142	0.16007	0.01877	0.02117	0.02630	0.02187	0.06950	0.09258	0.03755	0.02958	0.02807	0.12591	0.07021	0.05116	0.01111	0.00652	0.01205
7	0.03950	0.05039	0.02996	0.02724	0.03269	0.58597	0.02043	0.04222	0.02996	0.02588	0.01634	0.01907	0.01362	0.01090	0.00953	0.00272	0.01907	0.00681	0.00545	0.01226
8	0.01476	0.01080	0.01385	0.01309	0.01567	0.00989	0.00982	0.01956	0.02945	0.04126	0.51980	0.08086	0.13756	0.02204	0.01247	0.00335	0.00502	0.01938	0.01149	0.00989
9	0.02652	0.02534	0.09437	0.02130	0.02776	0.05264	0.01881	0.11629	0.16051	0.08111	0.10602	0.10117	0.04125	0.01741	0.01142	0.00357	0.00997	0.06054	0.00971	0.01429
10	0.70310	0.02045	0.01554	0.01390	0.02045	0.02372	0.01145	0.03108	0.01799	0.04744	0.01472	0.01718	0.01145	0.00981	0.00654	0.00327	0.00818	0.00573	0.00654	0.01145
11	0.70310	0.02045	0.01554	0.01390	0.02045	0.02372	0.01145	0.03108	0.01799	0.04744	0.01472	0.01718	0.01145	0.00981	0.00654	0.00327	0.00818	0.00573	0.00654	0.01145
12	0.01368	0.01109	0.01236	0.01299	0.01627	0.00977	0.01038	0.01693	0.02416	0.02936	0.09379	0.10632	0.42862	0.02741	0.01305	0.00391	0.00650	0.14448	0.00980	0.00914
13	0.02583	0.27791	0.04053	0.02233	0.02861	0.03031	0.06515	0.03234	0.07058	0.06042	0.02578	0.03716	0.02340	0.01851	0.05257	0.00424	0.09320	0.07154	0.00646	0.01313
14	0.04166	0.02433	0.07629	0.02082	0.02922	0.05794	0.01824	0.04979	0.09657	0.41254	0.03797	0.03397	0.02489	0.01281	0.01052	0.00328	0.01024	0.01027	0.01144	0.01720
15	0.01573	0.01092	0.01638	0.01638	0.01790	0.01244	0.01244	0.01790	0.01638	0.02336	0.02641	0.03974	0.02489	0.07114	0.48198	0.14649	0.02465	0.01092	0.00546	0.00851

[dist]
# distance from previous block
# <min> <max>
0	33

# created by:
# /st0/software/busco_prod/Augustus/scripts/msa2prfl.pl ./align_prep/10730.fa
