[name]
unknown

[dist]
# distance from previous block
# <min> <max>
0	265

[block]
# block no. 0 follows, 10 sequences, length 18
# corresponding to MSA columns:
# 331-348
name=unknown_A
#
# <colnr> <probs for GDERKNQSTAVLIFYWHMCP>
#	G	D	E	R	K	N	Q	S	T	A	V	L	I	F	Y	W	H	M	C	P
0	0.03120	0.07723	0.11334	0.03058	0.08366	0.14359	0.02520	0.04125	0.09541	0.07453	0.03426	0.04994	0.03020	0.01647	0.01192	0.00380	0.01428	0.09963	0.00821	0.01533
1	0.07744	0.06357	0.02789	0.02114	0.02786	0.02399	0.05208	0.06851	0.18249	0.04499	0.08991	0.04629	0.07488	0.01550	0.01098	0.00344	0.00938	0.01298	0.08102	0.06566
2	0.07749	0.01700	0.02014	0.01811	0.02214	0.01744	0.01371	0.11909	0.03104	0.08197	0.15450	0.15484	0.05371	0.02556	0.01872	0.12587	0.00875	0.01729	0.01040	0.01223
3	0.14765	0.02252	0.07658	0.01868	0.02658	0.01763	0.01661	0.03390	0.02688	0.13853	0.13122	0.08320	0.04242	0.01578	0.01079	0.00330	0.00908	0.01293	0.00976	0.15596
4	0.03077	0.17444	0.08283	0.09410	0.08156	0.03392	0.06131	0.11872	0.12890	0.04262	0.02674	0.02926	0.02065	0.01219	0.01073	0.00342	0.01326	0.01004	0.00774	0.01680
5	0.02077	0.10410	0.13201	0.10599	0.03550	0.02138	0.02214	0.02593	0.02281	0.02995	0.04120	0.10795	0.08837	0.08379	0.01984	0.05757	0.01209	0.04972	0.00699	0.01190
6	0.08242	0.06933	0.10138	0.07722	0.03566	0.02443	0.02152	0.11728	0.03205	0.08412	0.12630	0.03912	0.03689	0.01420	0.01096	0.00333	0.01112	0.01141	0.00904	0.09224
7	0.02889	0.03125	0.13689	0.12234	0.14653	0.02540	0.06704	0.03651	0.02546	0.10288	0.02413	0.02914	0.01814	0.01204	0.01407	0.00360	0.07126	0.01007	0.00676	0.08760
8	0.01790	0.01336	0.01824	0.12875	0.02967	0.01378	0.01475	0.02321	0.02772	0.03915	0.24481	0.12561	0.11533	0.02160	0.01253	0.00370	0.00775	0.01887	0.11220	0.01107
9	0.01672	0.01180	0.01531	0.01512	0.01639	0.01231	0.01040	0.01927	0.02086	0.02909	0.13441	0.06810	0.05195	0.30245	0.21362	0.01218	0.01677	0.01627	0.00798	0.00899
10	0.01866	0.01613	0.02652	0.02224	0.02703	0.01496	0.10903	0.02468	0.03016	0.04117	0.30211	0.08398	0.14122	0.02263	0.01400	0.00395	0.00912	0.06981	0.01083	0.01177
11	0.01592	0.01297	0.01771	0.12933	0.02984	0.01314	0.01477	0.01975	0.02474	0.03191	0.11594	0.28651	0.18830	0.02801	0.01375	0.00422	0.00821	0.02472	0.00983	0.01043
12	0.01736	0.01316	0.01685	0.01664	0.02009	0.01156	0.01241	0.02130	0.02583	0.03622	0.16606	0.28946	0.07139	0.02696	0.01341	0.00391	0.00730	0.07299	0.01047	0.14663
13	0.01791	0.01118	0.01230	0.01230	0.01287	0.01118	0.00727	0.01905	0.01848	0.02691	0.03692	0.06926	0.03967	0.47034	0.04851	0.00948	0.01005	0.01564	0.14284	0.00784
14	0.38750	0.02084	0.02196	0.02382	0.08115	0.02384	0.01638	0.02992	0.02089	0.04312	0.02679	0.13900	0.02705	0.01716	0.01272	0.00398	0.07088	0.01281	0.00755	0.01264
15	0.03065	0.01789	0.02567	0.13327	0.03611	0.01886	0.01910	0.03596	0.02936	0.20301	0.19741	0.05246	0.05230	0.01769	0.01529	0.00384	0.07124	0.01445	0.01089	0.01455
16	0.40785	0.02492	0.06201	0.08223	0.03264	0.02392	0.01763	0.03284	0.02149	0.04529	0.01804	0.02188	0.01408	0.01046	0.00833	0.00325	0.01035	0.00709	0.00671	0.14900
17	0.02366	0.02483	0.07323	0.15444	0.04426	0.02506	0.07003	0.03751	0.14712	0.03930	0.13019	0.04477	0.04050	0.01596	0.01521	0.00397	0.07341	0.01348	0.00852	0.01454

[dist]
# distance from previous block
# <min> <max>
0	3

[block]
# block no. 1 follows, 10 sequences, length 13
# corresponding to MSA columns:
# 352-361,367-369
name=unknown_B
#
# <colnr> <probs for GDERKNQSTAVLIFYWHMCP>
#	G	D	E	R	K	N	Q	S	T	A	V	L	I	F	Y	W	H	M	C	P
0	0.16335	0.11033	0.37010	0.02789	0.04216	0.02887	0.03397	0.03605	0.02344	0.03909	0.01936	0.02270	0.01430	0.01088	0.00984	0.00354	0.01492	0.00785	0.00541	0.01596
1	0.03201	0.03057	0.08331	0.02851	0.03725	0.02952	0.08503	0.19173	0.19724	0.05252	0.03640	0.08114	0.02930	0.01565	0.01221	0.00383	0.01242	0.01360	0.01017	0.01760
2	0.02734	0.05455	0.46098	0.03142	0.04747	0.02563	0.03938	0.03959	0.02577	0.10489	0.02435	0.02664	0.01669	0.01151	0.01114	0.00367	0.01618	0.00903	0.00623	0.01755
3	0.67341	0.02249	0.01709	0.01529	0.02249	0.02609	0.01260	0.03419	0.01979	0.05218	0.01619	0.01889	0.01260	0.01080	0.00720	0.00360	0.00900	0.00630	0.00720	0.01260
4	0.01384	0.01143	0.01215	0.01273	0.01596	0.00974	0.00926	0.01658	0.02560	0.03105	0.10632	0.21293	0.42041	0.03095	0.01398	0.00410	0.00607	0.02637	0.01080	0.00974
5	0.01661	0.01246	0.01869	0.01869	0.02077	0.01454	0.01454	0.02077	0.01869	0.02700	0.03115	0.04569	0.02908	0.08723	0.54517	0.01869	0.03115	0.01246	0.00623	0.01038
6	0.04421	0.03258	0.03490	0.02676	0.03607	0.03607	0.02211	0.47993	0.05468	0.07330	0.02792	0.02792	0.01978	0.01396	0.01163	0.00349	0.01280	0.01047	0.01163	0.01978
7	0.01417	0.01012	0.01350	0.01619	0.01687	0.00945	0.01080	0.01619	0.02227	0.02969	0.06410	0.58367	0.07692	0.03644	0.01484	0.00472	0.00675	0.03306	0.01080	0.00945
8	0.02474	0.02497	0.04577	0.31699	0.06730	0.02747	0.18743	0.03623	0.08167	0.03465	0.02488	0.03262	0.01866	0.01148	0.01239	0.00390	0.01620	0.01187	0.00622	0.01456
9	0.03771	0.03309	0.20354	0.02436	0.03550	0.01986	0.02549	0.04551	0.03016	0.29619	0.09306	0.03996	0.03354	0.01434	0.01171	0.00364	0.01194	0.01172	0.01086	0.01782
10	0.02393	0.02013	0.02830	0.14338	0.10546	0.02142	0.02206	0.06929	0.07336	0.03884	0.06797	0.08579	0.03586	0.02440	0.06980	0.00531	0.01349	0.05108	0.00824	0.09188
11	0.24903	0.02292	0.02432	0.02011	0.02803	0.02425	0.01635	0.08803	0.13022	0.22940	0.03492	0.03262	0.02415	0.01348	0.01025	0.00366	0.00971	0.01014	0.01126	0.01715
12	0.02887	0.02368	0.03622	0.19897	0.22062	0.02496	0.02814	0.03920	0.09150	0.08992	0.02754	0.03218	0.02094	0.01175	0.01133	0.00349	0.01274	0.01055	0.00747	0.07992

[dist]
# distance from previous block
# <min> <max>
0	1

[block]
# block no. 2 follows, 10 sequences, length 28
# corresponding to MSA columns:
# 371-398
name=unknown_C
#
# <colnr> <probs for GDERKNQSTAVLIFYWHMCP>
#	G	D	E	R	K	N	Q	S	T	A	V	L	I	F	Y	W	H	M	C	P
0	0.08111	0.43278	0.16146	0.02246	0.03379	0.04021	0.02442	0.03522	0.02353	0.03146	0.01721	0.01998	0.01470	0.01026	0.00824	0.00284	0.01321	0.00675	0.00514	0.01524
1	0.46673	0.13636	0.09271	0.01850	0.02753	0.02998	0.01796	0.03466	0.02114	0.04548	0.01680	0.01959	0.01332	0.01067	0.00775	0.00340	0.01072	0.00658	0.00648	0.01364
2	0.01613	0.01224	0.01508	0.01653	0.01842	0.01197	0.01155	0.02229	0.08093	0.03377	0.11041	0.42695	0.11555	0.03208	0.01427	0.00445	0.00684	0.02871	0.01112	0.01071
3	0.02412	0.02067	0.02412	0.01723	0.02756	0.01550	0.01378	0.02929	0.02412	0.03790	0.02067	0.02412	0.01723	0.00861	0.00861	0.00172	0.00861	0.00689	0.00689	0.66236
4	0.01999	0.01714	0.02650	0.02636	0.08211	0.01758	0.05769	0.02568	0.02985	0.04253	0.35055	0.06760	0.07926	0.02052	0.01640	0.00383	0.07571	0.01781	0.01042	0.01249
5	0.02850	0.39429	0.16973	0.02446	0.03483	0.04011	0.02614	0.03440	0.02308	0.02970	0.01717	0.02096	0.01492	0.01159	0.01237	0.00312	0.08717	0.00731	0.00497	0.01517
6	0.02485	0.02112	0.02266	0.02115	0.02677	0.02348	0.01664	0.04881	0.35291	0.04376	0.06236	0.06673	0.12975	0.02030	0.01270	0.00411	0.00876	0.06578	0.01151	0.01587
7	0.01410	0.01180	0.01228	0.01216	0.01593	0.00997	0.00912	0.01739	0.02736	0.03343	0.16993	0.10862	0.46063	0.02871	0.01374	0.00389	0.00584	0.02408	0.01106	0.00997
8	0.01483	0.01087	0.01392	0.01518	0.01689	0.00996	0.01062	0.01803	0.02607	0.03514	0.20927	0.37323	0.13969	0.03168	0.01436	0.00430	0.00625	0.02832	0.01142	0.00996
9	0.05218	0.01979	0.02699	0.02069	0.02969	0.01709	0.01709	0.05668	0.03329	0.52677	0.04588	0.03959	0.02879	0.01439	0.01170	0.00360	0.00990	0.01170	0.01439	0.01979
10	0.01691	0.01128	0.01268	0.01268	0.01268	0.01128	0.00705	0.01691	0.01691	0.02255	0.03665	0.07611	0.04228	0.59126	0.05920	0.01128	0.01128	0.01691	0.00705	0.00705
11	0.02565	0.04371	0.32760	0.02819	0.04118	0.02349	0.03262	0.03834	0.06928	0.07722	0.03065	0.04143	0.02487	0.01428	0.01160	0.00373	0.01418	0.06567	0.00727	0.07904
12	0.03498	0.14524	0.03338	0.02176	0.02925	0.06673	0.01807	0.10533	0.18171	0.11554	0.03481	0.03401	0.02599	0.01358	0.01033	0.00331	0.01085	0.01045	0.08786	0.01680
13	0.02777	0.03610	0.16284	0.14057	0.10945	0.07518	0.03065	0.09193	0.02845	0.03811	0.02499	0.07711	0.02173	0.01474	0.01422	0.00383	0.06868	0.01168	0.00661	0.01537
14	0.02668	0.23689	0.30594	0.02743	0.04078	0.03367	0.03195	0.03945	0.08670	0.03520	0.02278	0.02505	0.01754	0.01130	0.00994	0.00331	0.01453	0.00839	0.00585	0.01659
15	0.03016	0.53347	0.11754	0.02150	0.03232	0.04373	0.02268	0.03507	0.02374	0.02850	0.01674	0.01937	0.01490	0.01008	0.00789	0.00263	0.01301	0.00650	0.00497	0.01520
16	0.05218	0.01979	0.02699	0.02069	0.02969	0.01709	0.01709	0.05668	0.03329	0.52677	0.04588	0.03959	0.02879	0.01439	0.01170	0.00360	0.00990	0.01170	0.01439	0.01979
17	0.03140	0.10504	0.21662	0.03052	0.04247	0.02752	0.11230	0.07970	0.02916	0.12548	0.02902	0.06845	0.02275	0.01338	0.01157	0.00363	0.01463	0.01176	0.00783	0.01678
18	0.02196	0.02067	0.03488	0.56331	0.08010	0.02584	0.03230	0.02972	0.02326	0.02972	0.02067	0.03101	0.01550	0.01163	0.01163	0.00388	0.01550	0.01034	0.00517	0.01292
19	0.01661	0.01246	0.01869	0.01869	0.02077	0.01454	0.01454	0.02077	0.01869	0.02700	0.03115	0.04569	0.02908	0.08723	0.54517	0.01869	0.03115	0.01246	0.00623	0.01038
20	0.10436	0.01983	0.02354	0.01882	0.02629	0.01920	0.01536	0.10650	0.03297	0.31065	0.03876	0.03681	0.02620	0.01380	0.01046	0.00339	0.00922	0.01081	0.15594	0.01710
21	0.18925	0.02300	0.02487	0.02628	0.09028	0.02587	0.01798	0.04730	0.25944	0.04750	0.03508	0.03535	0.02685	0.01355	0.01019	0.00365	0.00930	0.01079	0.08741	0.01605
22	0.01574	0.01263	0.02001	0.02007	0.02206	0.01181	0.06581	0.01868	0.02288	0.03058	0.05931	0.51842	0.06992	0.03329	0.01471	0.00463	0.00827	0.03078	0.01022	0.01018
23	0.01919	0.01140	0.01528	0.01679	0.01856	0.01046	0.01163	0.02154	0.02372	0.09530	0.06170	0.51185	0.07057	0.03353	0.01443	0.00457	0.00716	0.03024	0.01127	0.01081
24	0.02441	0.05330	0.42585	0.03959	0.11264	0.02731	0.08118	0.03672	0.02507	0.03702	0.02124	0.02573	0.01548	0.01085	0.01135	0.00367	0.01697	0.00929	0.00511	0.01721
25	0.04692	0.02053	0.02668	0.02077	0.02907	0.01886	0.01703	0.10802	0.03605	0.41064	0.09867	0.04365	0.03717	0.01545	0.01193	0.00359	0.00976	0.01264	0.01385	0.01875
26	0.03478	0.03286	0.12404	0.02585	0.03544	0.02880	0.02381	0.16151	0.23551	0.11572	0.03726	0.03544	0.02673	0.01424	0.01162	0.00374	0.01171	0.01142	0.01081	0.01871
27	0.01814	0.01296	0.01805	0.02073	0.02315	0.01287	0.01770	0.02306	0.02618	0.03414	0.06191	0.19046	0.06824	0.03269	0.01590	0.00527	0.01019	0.38707	0.01072	0.01054

[dist]
# distance from previous block
# <min> <max>
0	2

[block]
# block no. 3 follows, 10 sequences, length 56
# corresponding to MSA columns:
# 401-456
name=unknown_D
#
# <colnr> <probs for GDERKNQSTAVLIFYWHMCP>
#	G	D	E	R	K	N	Q	S	T	A	V	L	I	F	Y	W	H	M	C	P
0	0.25344	0.16709	0.08108	0.07015	0.03351	0.02881	0.01945	0.03314	0.02244	0.03945	0.01801	0.02163	0.01463	0.01023	0.00835	0.00296	0.01117	0.00701	0.00617	0.15126
1	0.02531	0.02444	0.03402	0.13313	0.04013	0.03267	0.02568	0.03361	0.09392	0.03156	0.02133	0.02933	0.01848	0.01794	0.02889	0.00467	0.37438	0.01067	0.00616	0.01365
2	0.02151	0.02799	0.15141	0.07902	0.09165	0.02023	0.02533	0.03191	0.07168	0.04059	0.19805	0.05965	0.05532	0.01798	0.01266	0.00386	0.01119	0.05674	0.00899	0.01424
3	0.02412	0.02067	0.02412	0.01723	0.02756	0.01550	0.01378	0.02929	0.02412	0.03790	0.02067	0.02412	0.01723	0.00861	0.00861	0.00172	0.00861	0.00689	0.00689	0.66236
4	0.02538	0.02387	0.02650	0.02300	0.02885	0.07178	0.05835	0.04325	0.24552	0.04258	0.14387	0.05931	0.12116	0.01856	0.01255	0.00379	0.01005	0.01598	0.01075	0.01490
5	0.01646	0.01189	0.01555	0.01463	0.01738	0.01097	0.01097	0.02195	0.03292	0.04664	0.51257	0.08688	0.10974	0.02378	0.01372	0.00366	0.00549	0.02103	0.01280	0.01097
6	0.02126	0.02844	0.19558	0.02111	0.02842	0.01701	0.02230	0.02778	0.02271	0.03512	0.03083	0.04416	0.02653	0.02573	0.06792	0.10565	0.01328	0.05116	0.20290	0.01213
7	0.09634	0.02704	0.08487	0.02138	0.03167	0.02151	0.01932	0.10897	0.03118	0.18514	0.02865	0.02872	0.02022	0.01160	0.01012	0.00294	0.01067	0.00897	0.00959	0.24110
8	0.02173	0.01304	0.01566	0.01481	0.01891	0.01134	0.01115	0.02520	0.02802	0.12986	0.15527	0.18427	0.27266	0.02697	0.01355	0.00397	0.00677	0.02313	0.01181	0.01187
9	0.02737	0.03232	0.15799	0.13248	0.04793	0.02425	0.07945	0.03992	0.09940	0.08526	0.02768	0.03093	0.02030	0.01163	0.01120	0.00341	0.01358	0.01023	0.00745	0.13720
10	0.02298	0.01809	0.02449	0.02488	0.10008	0.01552	0.01596	0.02590	0.02327	0.03450	0.07790	0.03495	0.02891	0.01861	0.01888	0.16742	0.00944	0.00988	0.00694	0.32141
11	0.18937	0.02722	0.07812	0.13621	0.14291	0.02645	0.02548	0.10191	0.02802	0.04458	0.02505	0.07842	0.02177	0.01380	0.01074	0.00372	0.01243	0.01133	0.00732	0.01516
12	0.02506	0.21183	0.33424	0.02792	0.04131	0.03098	0.03342	0.03477	0.02454	0.03383	0.02423	0.03522	0.02085	0.01318	0.01059	0.00353	0.01505	0.05808	0.00560	0.01577
13	0.01417	0.01012	0.01350	0.01619	0.01687	0.00945	0.01080	0.01619	0.02227	0.02969	0.06410	0.58367	0.07692	0.03644	0.01484	0.00472	0.00675	0.03306	0.01080	0.00945
14	0.02742	0.01753	0.02781	0.08011	0.07835	0.01684	0.06225	0.03225	0.02727	0.15771	0.09936	0.22811	0.05123	0.02190	0.01318	0.00403	0.01019	0.02001	0.01041	0.01402
15	0.02506	0.08515	0.15242	0.02332	0.03127	0.02407	0.02279	0.12148	0.03005	0.04142	0.07692	0.12210	0.03726	0.03154	0.11560	0.00661	0.01579	0.01450	0.00824	0.01439
16	0.02113	0.01609	0.01746	0.01654	0.01885	0.01747	0.01103	0.03267	0.18566	0.03171	0.04040	0.06463	0.03990	0.38928	0.04257	0.00870	0.01055	0.01559	0.00873	0.01103
17	0.02168	0.01084	0.01084	0.01084	0.01355	0.01084	0.00813	0.02710	0.02439	0.04336	0.03794	0.04336	0.02981	0.01355	0.00813	0.00271	0.00542	0.01084	0.65583	0.01084
18	0.03014	0.02924	0.03776	0.21864	0.10046	0.10624	0.07878	0.11937	0.03152	0.03963	0.02614	0.07997	0.02249	0.01410	0.01199	0.00371	0.01531	0.01243	0.00721	0.01488
19	0.02936	0.25963	0.13811	0.02313	0.03298	0.03378	0.02325	0.11138	0.06827	0.04176	0.09920	0.03402	0.03218	0.01348	0.01020	0.00319	0.01208	0.01028	0.00787	0.01585
20	0.26030	0.02416	0.02745	0.08476	0.03431	0.02809	0.01973	0.11517	0.02828	0.12900	0.02363	0.02662	0.01744	0.01385	0.01505	0.00389	0.11542	0.00914	0.00857	0.01514
21	0.55516	0.02247	0.01888	0.01658	0.02389	0.02551	0.01356	0.03887	0.06540	0.09652	0.02188	0.02311	0.01624	0.01160	0.00805	0.00363	0.00910	0.00744	0.00831	0.01381
22	0.01800	0.01449	0.02134	0.02054	0.02230	0.01784	0.01624	0.02190	0.01855	0.02715	0.02867	0.04252	0.02692	0.07677	0.46588	0.01656	0.11542	0.01210	0.00605	0.01075
23	0.02797	0.02616	0.04106	0.35382	0.06714	0.07536	0.12336	0.03540	0.02600	0.07730	0.02335	0.03092	0.01714	0.01154	0.01197	0.00378	0.01637	0.01090	0.00625	0.01419
24	0.02168	0.01084	0.01084	0.01084	0.01355	0.01084	0.00813	0.02710	0.02439	0.04336	0.03794	0.04336	0.02981	0.01355	0.00813	0.00271	0.00542	0.01084	0.65583	0.01084
25	0.02243	0.02065	0.03426	0.38178	0.15564	0.02386	0.02963	0.02966	0.02540	0.03397	0.09783	0.03931	0.03081	0.01328	0.01193	0.00376	0.01361	0.01201	0.00648	0.01369
26	0.01585	0.01083	0.01391	0.01502	0.01666	0.01014	0.01055	0.01948	0.02625	0.03723	0.21846	0.34653	0.08297	0.02933	0.01367	0.00412	0.00615	0.02626	0.08645	0.01014
27	0.03221	0.04799	0.35534	0.02973	0.04409	0.02650	0.03467	0.10999	0.03097	0.13787	0.02684	0.02801	0.01826	0.01216	0.01127	0.00364	0.01508	0.00949	0.00781	0.01810
28	0.02993	0.02672	0.03012	0.12818	0.08797	0.10156	0.02115	0.03536	0.02647	0.08249	0.02283	0.02690	0.01780	0.01045	0.01007	0.00268	0.01249	0.00845	0.00704	0.31136
29	0.03231	0.02253	0.03160	0.18190	0.11947	0.02362	0.02381	0.11292	0.03116	0.12725	0.02850	0.03238	0.02084	0.01224	0.01092	0.00335	0.01196	0.01032	0.08375	0.07916
30	0.61086	0.07856	0.02136	0.01574	0.02321	0.02803	0.01331	0.03425	0.02017	0.04976	0.01619	0.01887	0.01282	0.01071	0.00722	0.00349	0.00933	0.00629	0.00698	0.01282
31	0.03450	0.02541	0.02860	0.02314	0.03004	0.02782	0.01876	0.31901	0.04482	0.06087	0.12273	0.04217	0.03874	0.02733	0.09548	0.00590	0.01425	0.01284	0.01102	0.01660
32	0.01644	0.01815	0.09482	0.01856	0.02200	0.01243	0.01578	0.01999	0.02318	0.03187	0.10526	0.38609	0.06559	0.03138	0.01705	0.06723	0.00855	0.02564	0.00956	0.01041
33	0.01443	0.01023	0.01342	0.01586	0.01647	0.00962	0.01044	0.01626	0.02176	0.02901	0.06148	0.53515	0.07361	0.08947	0.01908	0.00535	0.00718	0.03152	0.01044	0.00922
34	0.02323	0.01495	0.01837	0.01821	0.02268	0.01423	0.01505	0.03026	0.07272	0.11190	0.07706	0.10186	0.21136	0.02688	0.01418	0.00446	0.00879	0.18984	0.01142	0.01256
35	0.02412	0.02067	0.02412	0.01723	0.02756	0.01550	0.01378	0.02929	0.02412	0.03790	0.02067	0.02412	0.01723	0.00861	0.00861	0.00172	0.00861	0.00689	0.00689	0.66236
36	0.02412	0.02067	0.02412	0.01723	0.02756	0.01550	0.01378	0.02929	0.02412	0.03790	0.02067	0.02412	0.01723	0.00861	0.00861	0.00172	0.00861	0.00689	0.00689	0.66236
37	0.02756	0.28939	0.25066	0.03336	0.11466	0.03539	0.03179	0.03578	0.02445	0.03289	0.01898	0.02265	0.01539	0.01046	0.00956	0.00313	0.01459	0.00784	0.00507	0.01640
38	0.02787	0.02671	0.10724	0.03226	0.12530	0.02234	0.02412	0.07693	0.07263	0.09699	0.07756	0.04053	0.03232	0.03219	0.14436	0.00736	0.01686	0.01207	0.00855	0.01579
39	0.04083	0.04328	0.03219	0.02786	0.03487	0.30562	0.02158	0.16759	0.12931	0.04461	0.02640	0.02723	0.02028	0.01326	0.01106	0.00332	0.01646	0.00940	0.00867	0.01616
40	0.01610	0.01161	0.01523	0.01488	0.01730	0.01074	0.01095	0.02105	0.03126	0.04399	0.44244	0.16457	0.10461	0.02576	0.01389	0.00382	0.00568	0.02291	0.01249	0.01074
41	0.32556	0.03030	0.12219	0.10572	0.03866	0.02616	0.02258	0.07490	0.02491	0.04630	0.01931	0.02322	0.01457	0.01106	0.00918	0.00347	0.01193	0.00782	0.00682	0.07536
42	0.01757	0.01295	0.01681	0.01746	0.02006	0.01272	0.01357	0.02448	0.06604	0.04014	0.26318	0.19890	0.08571	0.02798	0.01442	0.00435	0.00742	0.13328	0.01176	0.01118
43	0.02893	0.02498	0.02630	0.02367	0.03024	0.02893	0.01841	0.06180	0.49770	0.04865	0.04734	0.04339	0.03550	0.01578	0.01183	0.00394	0.00920	0.01315	0.01183	0.01841
44	0.03109	0.59826	0.06095	0.01990	0.02985	0.04602	0.01990	0.03483	0.02363	0.02736	0.01617	0.01866	0.01493	0.00995	0.00746	0.00249	0.01244	0.00622	0.00498	0.01493
45	0.02020	0.01010	0.01515	0.01515	0.01515	0.01010	0.01010	0.01515	0.01515	0.02020	0.02020	0.03535	0.02020	0.04040	0.04545	0.66162	0.01010	0.01010	0.00505	0.00505
46	0.02333	0.06016	0.53100	0.03315	0.05034	0.02701	0.04297	0.03683	0.02455	0.03683	0.02087	0.02455	0.01473	0.01105	0.01105	0.00368	0.01719	0.00859	0.00491	0.01719
47	0.02367	0.02241	0.03797	0.44016	0.18991	0.02629	0.03315	0.03121	0.02406	0.03179	0.02097	0.03045	0.01623	0.01131	0.01160	0.00377	0.01508	0.01034	0.00532	0.01430
48	0.03946	0.03022	0.03223	0.02580	0.03426	0.03385	0.02096	0.34998	0.19237	0.06564	0.03396	0.03273	0.02467	0.01453	0.01170	0.00363	0.01168	0.01130	0.01170	0.01935
49	0.02614	0.02806	0.02424	0.02744	0.08188	0.19937	0.01779	0.02908	0.02651	0.03022	0.04301	0.32170	0.04839	0.02483	0.01293	0.00397	0.01256	0.02145	0.00852	0.01191
50	0.02868	0.02072	0.03324	0.27669	0.14738	0.02254	0.02788	0.03525	0.02639	0.12885	0.03221	0.04791	0.02670	0.01512	0.01231	0.00397	0.01333	0.07787	0.00795	0.01499
51	0.01417	0.01012	0.01350	0.01619	0.01687	0.00945	0.01080	0.01619	0.02227	0.02969	0.06410	0.58367	0.07692	0.03644	0.01484	0.00472	0.00675	0.03306	0.01080	0.00945
52	0.02196	0.02067	0.03488	0.56331	0.08010	0.02584	0.03230	0.02972	0.02326	0.02972	0.02067	0.03101	0.01550	0.01163	0.01163	0.00388	0.01550	0.01034	0.00517	0.01292
53	0.03163	0.08592	0.09866	0.08128	0.08534	0.03212	0.20113	0.15694	0.03384	0.04558	0.02344	0.02838	0.01758	0.01126	0.01199	0.00361	0.01610	0.01113	0.00721	0.01686
54	0.67341	0.02249	0.01709	0.01529	0.02249	0.02609	0.01260	0.03419	0.01979	0.05218	0.01619	0.01889	0.01260	0.01080	0.00720	0.00360	0.00900	0.00630	0.00720	0.01260
55	0.03019	0.03131	0.11981	0.08886	0.09226	0.02729	0.15945	0.04060	0.07057	0.11309	0.02747	0.03178	0.02021	0.01273	0.01526	0.00392	0.07976	0.01152	0.00745	0.01646

[dist]
# distance from previous block
# <min> <max>
0	1

[block]
# block no. 4 follows, 10 sequences, length 14
# corresponding to MSA columns:
# 458-471
name=unknown_E
#
# <colnr> <probs for GDERKNQSTAVLIFYWHMCP>
#	G	D	E	R	K	N	Q	S	T	A	V	L	I	F	Y	W	H	M	C	P
0	0.01844	0.01088	0.01467	0.01467	0.01495	0.01116	0.00951	0.01660	0.01632	0.02203	0.02809	0.05263	0.03000	0.26133	0.11822	0.32152	0.01340	0.01307	0.00599	0.00655
1	0.03890	0.02817	0.03700	0.14397	0.04704	0.03067	0.06633	0.28396	0.04245	0.12167	0.02837	0.03049	0.01987	0.01313	0.01184	0.00363	0.01363	0.01091	0.01007	0.01791
2	0.01646	0.01189	0.01555	0.01463	0.01738	0.01097	0.01097	0.02195	0.03292	0.04664	0.51257	0.08688	0.10974	0.02378	0.01372	0.00366	0.00549	0.02103	0.01280	0.01097
3	0.01801	0.01493	0.02244	0.02115	0.02425	0.01463	0.07170	0.02531	0.08337	0.03519	0.11433	0.38174	0.06836	0.02882	0.01418	0.00439	0.00855	0.02656	0.01055	0.01156
4	0.36681	0.11950	0.11833	0.01952	0.02939	0.02796	0.01942	0.03411	0.02184	0.04357	0.01764	0.02059	0.01397	0.01041	0.00813	0.00319	0.01097	0.00678	0.00639	0.10145
5	0.11218	0.10776	0.13635	0.02138	0.03006	0.06450	0.02079	0.03793	0.02545	0.14481	0.02864	0.03453	0.02261	0.08660	0.01611	0.00432	0.01233	0.00988	0.06906	0.01470
6	0.02506	0.17993	0.42638	0.03020	0.04578	0.03124	0.03784	0.03639	0.02435	0.03472	0.01983	0.02324	0.01478	0.01081	0.01025	0.00342	0.01613	0.00807	0.00493	0.01668
7	0.10558	0.10007	0.09320	0.01938	0.03016	0.02221	0.01818	0.03158	0.02357	0.03818	0.01956	0.02282	0.01604	0.00937	0.00860	0.00231	0.01026	0.00695	0.00643	0.41555
8	0.10941	0.03015	0.11144	0.09959	0.04320	0.02628	0.08210	0.07142	0.13196	0.08159	0.02891	0.03116	0.02122	0.01223	0.01104	0.00360	0.01286	0.01044	0.00826	0.07314
9	0.10289	0.01744	0.02168	0.13829	0.03402	0.01867	0.01682	0.06874	0.02802	0.04276	0.13815	0.11382	0.04641	0.01765	0.01127	0.00355	0.00925	0.01495	0.09205	0.06357
10	0.11385	0.02277	0.02800	0.14922	0.04012	0.02581	0.02084	0.09137	0.08806	0.04342	0.06997	0.03406	0.02732	0.01411	0.01409	0.00360	0.08035	0.01062	0.00810	0.11432
11	0.02825	0.09929	0.10627	0.02759	0.03700	0.02549	0.12929	0.09043	0.03094	0.08648	0.08588	0.04946	0.12112	0.01594	0.01213	0.00360	0.01274	0.01420	0.00873	0.01517
12	0.02933	0.09542	0.03135	0.11901	0.03737	0.02470	0.01977	0.11649	0.03011	0.07852	0.03005	0.04482	0.02655	0.06868	0.01553	0.00405	0.01177	0.06330	0.00832	0.14486
13	0.14191	0.09862	0.08046	0.09638	0.03907	0.02497	0.06148	0.03677	0.02558	0.12875	0.02957	0.04079	0.02426	0.01401	0.01084	0.00363	0.01238	0.06462	0.00809	0.05781

[dist]
# distance from previous block
# <min> <max>
16	65

[block]
# block no. 5 follows, 10 sequences, length 23
# corresponding to MSA columns:
# 553-575
name=unknown_F
#
# <colnr> <probs for GDERKNQSTAVLIFYWHMCP>
#	G	D	E	R	K	N	Q	S	T	A	V	L	I	F	Y	W	H	M	C	P
0	0.03180	0.02531	0.09163	0.08468	0.03845	0.02086	0.07016	0.08699	0.03066	0.17829	0.04787	0.10822	0.09784	0.01784	0.01248	0.00384	0.01186	0.01555	0.01004	0.01564
1	0.08916	0.16385	0.03414	0.07239	0.03279	0.02546	0.01824	0.03955	0.02607	0.20203	0.02901	0.03075	0.02141	0.02037	0.07072	0.00486	0.01328	0.00929	0.00877	0.08787
2	0.02870	0.01919	0.02824	0.14616	0.03984	0.01987	0.05080	0.06577	0.02699	0.12857	0.03044	0.03627	0.02324	0.02791	0.12259	0.00652	0.01583	0.01097	0.08800	0.08411
3	0.02958	0.03078	0.14678	0.02682	0.03610	0.02336	0.08734	0.12567	0.03257	0.09601	0.08864	0.03932	0.03223	0.02009	0.05666	0.00482	0.01430	0.01214	0.08106	0.01573
4	0.09137	0.02167	0.07804	0.01987	0.02577	0.01778	0.01693	0.07924	0.02775	0.14596	0.04428	0.24263	0.04390	0.07056	0.01637	0.00467	0.00988	0.01917	0.01034	0.01382
5	0.03513	0.02023	0.02445	0.02024	0.02739	0.01920	0.01642	0.13696	0.03443	0.20466	0.05056	0.10645	0.09066	0.01940	0.01232	0.00368	0.00971	0.06062	0.01168	0.09582
6	0.03376	0.09728	0.09744	0.03244	0.09243	0.08429	0.07091	0.10358	0.07085	0.08917	0.02607	0.02818	0.01965	0.01166	0.01083	0.00322	0.01387	0.00968	0.00794	0.09675
7	0.08839	0.21118	0.09013	0.08176	0.03515	0.02822	0.02060	0.03107	0.02330	0.03398	0.02328	0.08037	0.02172	0.01274	0.00935	0.00292	0.01141	0.00989	0.00629	0.17825
8	0.09421	0.02786	0.13601	0.08264	0.03594	0.02184	0.02285	0.07618	0.02599	0.10704	0.02858	0.03755	0.02327	0.09525	0.12733	0.00766	0.01690	0.01095	0.00770	0.01427
9	0.07268	0.28172	0.13728	0.08322	0.03742	0.03255	0.02380	0.03415	0.02452	0.06791	0.03108	0.03313	0.07144	0.01291	0.00962	0.00319	0.01255	0.00959	0.00647	0.01475
10	0.02020	0.01775	0.07938	0.01935	0.02323	0.01291	0.01631	0.02427	0.02430	0.08900	0.05639	0.40473	0.06262	0.03030	0.01414	0.00453	0.00881	0.06957	0.01048	0.01174
11	0.02809	0.04684	0.37387	0.02835	0.04246	0.02317	0.03410	0.03865	0.02652	0.13459	0.03634	0.03699	0.07137	0.01370	0.01147	0.00369	0.01451	0.01094	0.00745	0.01692
12	0.04323	0.03180	0.11928	0.02436	0.03422	0.08040	0.02257	0.05250	0.08576	0.32514	0.03832	0.03517	0.02544	0.01367	0.01146	0.00359	0.01241	0.01082	0.01141	0.01844
13	0.03385	0.01857	0.02349	0.02089	0.02678	0.01826	0.01707	0.08946	0.08097	0.21526	0.09504	0.11205	0.04996	0.02169	0.01326	0.00416	0.00966	0.12150	0.01244	0.01565
14	0.02219	0.02085	0.03444	0.42921	0.14232	0.02447	0.03041	0.02931	0.02410	0.03119	0.03088	0.03900	0.06737	0.01327	0.01183	0.00382	0.01425	0.01181	0.00584	0.01346
15	0.03923	0.03062	0.14914	0.08554	0.04371	0.02184	0.08130	0.04681	0.02947	0.29995	0.03465	0.03418	0.02274	0.01276	0.01179	0.00369	0.01338	0.01108	0.01017	0.01795
16	0.02753	0.02200	0.03475	0.18709	0.04782	0.02505	0.08040	0.06483	0.02698	0.09004	0.03239	0.05280	0.02881	0.01793	0.01757	0.00436	0.11232	0.10534	0.00796	0.01401
17	0.01417	0.01012	0.01350	0.01619	0.01687	0.00945	0.01080	0.01619	0.02227	0.02969	0.06410	0.58367	0.07692	0.03644	0.01484	0.00472	0.00675	0.03306	0.01080	0.00945
18	0.02341	0.05030	0.40908	0.03060	0.04476	0.02556	0.03712	0.03817	0.07995	0.03796	0.02897	0.03989	0.02358	0.01420	0.01176	0.00392	0.01546	0.06234	0.00643	0.01653
19	0.03370	0.02538	0.03365	0.23874	0.11060	0.06147	0.02628	0.08480	0.08068	0.14362	0.02963	0.03291	0.02125	0.01277	0.01157	0.00367	0.01353	0.01075	0.00863	0.01637
20	0.01950	0.01198	0.01626	0.01795	0.02003	0.01124	0.01340	0.02260	0.02458	0.08634	0.06147	0.41454	0.06916	0.03295	0.01479	0.00475	0.00805	0.12833	0.01118	0.01090
21	0.01541	0.01079	0.01380	0.01525	0.01584	0.01067	0.00991	0.01697	0.01998	0.02688	0.05070	0.34409	0.05930	0.23709	0.09087	0.00862	0.01112	0.02504	0.00896	0.00871
22	0.03163	0.02891	0.02778	0.08292	0.03580	0.14369	0.01834	0.03650	0.02716	0.08921	0.02284	0.02587	0.01778	0.01041	0.00975	0.00248	0.01250	0.00796	0.00732	0.36114

[dist]
# distance from previous block
# <min> <max>
0	19

# created by:
# /st0/software/busco_prod/Augustus/scripts/msa2prfl.pl ./align_prep/10744.fa
