[name]
unknown

[dist]
# distance from previous block
# <min> <max>
0	9

[block]
# block no. 0 follows, 15 sequences, length 88
# corresponding to MSA columns:
# 9-96
name=unknown_A
#
# <colnr> <probs for GDERKNQSTAVLIFYWHMCP>
#	G	D	E	R	K	N	Q	S	T	A	V	L	I	F	Y	W	H	M	C	P
0	0.01883	0.01716	0.08589	0.07891	0.02832	0.01411	0.01953	0.02439	0.02283	0.06976	0.04432	0.08779	0.04551	0.02263	0.01263	0.00419	0.01018	0.37411	0.00836	0.01057
1	0.03712	0.08003	0.02769	0.01935	0.02649	0.01831	0.05275	0.08028	0.02767	0.39132	0.03612	0.10206	0.02706	0.01386	0.01011	0.00312	0.00916	0.01175	0.01049	0.01527
2	0.03050	0.02257	0.02451	0.02067	0.02715	0.02519	0.01646	0.18161	0.37163	0.11170	0.03614	0.03340	0.02629	0.01298	0.01009	0.00325	0.00875	0.01053	0.01036	0.01622
3	0.10394	0.01373	0.01939	0.01749	0.02140	0.01305	0.06379	0.02597	0.02159	0.16796	0.04291	0.36011	0.04440	0.02179	0.01120	0.00363	0.00775	0.01954	0.00924	0.01111
4	0.03707	0.02197	0.03088	0.08223	0.03510	0.02214	0.09046	0.20939	0.03301	0.28825	0.02957	0.02898	0.01974	0.01145	0.01024	0.00312	0.01090	0.00980	0.00980	0.01591
5	0.02614	0.60934	0.09408	0.01793	0.02693	0.03820	0.01857	0.02998	0.02032	0.02408	0.01417	0.01638	0.01278	0.00860	0.00663	0.00221	0.01097	0.00549	0.00426	0.01294
6	0.01883	0.01772	0.02990	0.62569	0.06866	0.02215	0.02769	0.02547	0.01993	0.02547	0.01772	0.02658	0.01329	0.00997	0.00997	0.00332	0.01329	0.00886	0.00443	0.01107
7	0.01330	0.00916	0.01123	0.01240	0.01269	0.00887	0.00767	0.01418	0.01682	0.02243	0.04334	0.35827	0.05130	0.33608	0.03146	0.00682	0.00770	0.02152	0.00767	0.00708
8	0.03724	0.04751	0.02825	0.02568	0.03082	0.60963	0.01926	0.03981	0.02825	0.02440	0.01541	0.01798	0.01284	0.01027	0.00899	0.00257	0.01798	0.00642	0.00514	0.01156
9	0.01201	0.01011	0.01041	0.01034	0.01360	0.00851	0.00775	0.01475	0.02326	0.02821	0.14807	0.09384	0.53554	0.02477	0.01178	0.00334	0.00502	0.02074	0.00943	0.00851
10	0.03518	0.04187	0.02739	0.02460	0.03000	0.47421	0.01865	0.07470	0.12074	0.02976	0.02020	0.02160	0.01607	0.01093	0.00925	0.00273	0.01583	0.00740	0.00629	0.01261
11	0.03874	0.02657	0.02908	0.02230	0.03024	0.02891	0.01842	0.49189	0.04461	0.12835	0.02583	0.02517	0.01791	0.01201	0.00998	0.00300	0.01066	0.00910	0.01026	0.01695
12	0.02353	0.02689	0.05882	0.04202	0.05210	0.02521	0.55126	0.03193	0.02353	0.03193	0.02017	0.02689	0.01513	0.00840	0.01176	0.00336	0.01681	0.01176	0.00504	0.01345
13	0.01204	0.00907	0.01116	0.01282	0.01418	0.00819	0.00878	0.01400	0.02011	0.02586	0.06785	0.48972	0.21102	0.02955	0.01246	0.00386	0.00558	0.02629	0.00925	0.00819
14	0.01999	0.05157	0.59800	0.02841	0.04315	0.02315	0.03683	0.03157	0.02105	0.03157	0.01789	0.02105	0.01263	0.00947	0.00947	0.00316	0.01473	0.00737	0.00421	0.01473
15	0.02449	0.02124	0.02967	0.02519	0.02609	0.02868	0.02097	0.02686	0.01682	0.09061	0.01615	0.02323	0.01444	0.01685	0.03007	0.00421	0.55865	0.00888	0.00529	0.01161
16	0.01215	0.00868	0.01157	0.01388	0.01446	0.00810	0.00925	0.01388	0.01909	0.02545	0.05495	0.64315	0.06593	0.03123	0.01272	0.00405	0.00578	0.02834	0.00925	0.00810
17	0.02353	0.02689	0.05882	0.04202	0.05210	0.02521	0.55126	0.03193	0.02353	0.03193	0.02017	0.02689	0.01513	0.00840	0.01176	0.00336	0.01681	0.01176	0.00504	0.01345
18	0.03957	0.02203	0.02588	0.02019	0.02777	0.02258	0.01656	0.25862	0.09931	0.30956	0.03310	0.03017	0.02215	0.01232	0.01002	0.00308	0.00944	0.00974	0.01110	0.01682
19	0.02256	0.02152	0.03664	0.26567	0.39954	0.02313	0.02954	0.02874	0.02170	0.03000	0.01838	0.02536	0.01488	0.00928	0.00990	0.00309	0.01237	0.00887	0.00475	0.01408
20	0.01614	0.01347	0.01965	0.01856	0.01990	0.01699	0.01480	0.01935	0.01583	0.02335	0.02329	0.03482	0.02196	0.06042	0.46560	0.01310	0.17808	0.01019	0.00510	0.00940
21	0.01396	0.01018	0.01312	0.01238	0.01480	0.00934	0.00929	0.01852	0.02786	0.03913	0.55085	0.07587	0.12595	0.02070	0.01176	0.00315	0.00473	0.01822	0.01086	0.00934
22	0.72007	0.01928	0.01465	0.01311	0.01928	0.02236	0.01080	0.02930	0.01697	0.04473	0.01388	0.01619	0.01080	0.00925	0.00617	0.00308	0.00771	0.00540	0.00617	0.01080
23	0.02480	0.02141	0.02254	0.02029	0.02592	0.02480	0.01578	0.05297	0.56946	0.04170	0.04057	0.03719	0.03043	0.01352	0.01014	0.00338	0.00789	0.01127	0.01014	0.01578
24	0.72007	0.01928	0.01465	0.01311	0.01928	0.02236	0.01080	0.02930	0.01697	0.04473	0.01388	0.01619	0.01080	0.00925	0.00617	0.00308	0.00771	0.00540	0.00617	0.01080
25	0.02181	0.02181	0.03053	0.02617	0.02617	0.03053	0.02181	0.02399	0.01527	0.02399	0.01309	0.02181	0.01309	0.01745	0.03272	0.00436	0.63141	0.00872	0.00436	0.01091
26	0.03770	0.01719	0.02242	0.01687	0.02492	0.01425	0.01382	0.04173	0.02624	0.43030	0.03302	0.03006	0.02178	0.01089	0.00925	0.00262	0.00816	0.00882	0.01046	0.21950
27	0.02665	0.65565	0.05224	0.01706	0.02559	0.03945	0.01706	0.02985	0.02026	0.02345	0.01386	0.01599	0.01279	0.00853	0.00640	0.00213	0.01066	0.00533	0.00426	0.01279
28	0.02037	0.01376	0.01618	0.01542	0.01889	0.01393	0.01145	0.03015	0.17574	0.10802	0.11489	0.22842	0.11602	0.05310	0.01334	0.00383	0.00672	0.01829	0.00996	0.01153
29	0.03010	0.02871	0.02522	0.02203	0.02798	0.16295	0.01717	0.14110	0.34755	0.04149	0.03165	0.03028	0.02386	0.01248	0.00984	0.00312	0.01081	0.00972	0.00894	0.01500
30	0.02115	0.02009	0.03410	0.40149	0.27472	0.02276	0.02884	0.02751	0.02103	0.02829	0.01813	0.02582	0.01428	0.00954	0.00993	0.00318	0.01271	0.00887	0.00463	0.01295
31	0.01545	0.01142	0.01412	0.01353	0.01374	0.01280	0.00891	0.01616	0.01478	0.02040	0.02840	0.05636	0.03181	0.49755	0.11366	0.00969	0.09521	0.01328	0.00573	0.00703
32	0.01999	0.05157	0.59800	0.02841	0.04315	0.02315	0.03683	0.03157	0.02105	0.03157	0.01789	0.02105	0.01263	0.00947	0.00947	0.00316	0.01473	0.00737	0.00421	0.01473
33	0.01732	0.00866	0.01299	0.01299	0.01299	0.00866	0.00866	0.01299	0.01299	0.01732	0.01732	0.03030	0.01732	0.03463	0.03896	0.70996	0.00866	0.00866	0.00433	0.00433
34	0.03619	0.02445	0.02222	0.01887	0.02478	0.18729	0.01476	0.03935	0.02705	0.31792	0.04074	0.08321	0.08964	0.01469	0.01013	0.00304	0.01065	0.01166	0.00964	0.01371
35	0.01311	0.00942	0.01243	0.01322	0.01467	0.00874	0.00933	0.01630	0.02356	0.03257	0.31335	0.36444	0.07972	0.02591	0.01225	0.00360	0.00525	0.02329	0.01010	0.00874
36	0.03602	0.04496	0.02769	0.02515	0.03034	0.55241	0.01892	0.04110	0.08120	0.02609	0.01787	0.01986	0.01456	0.01059	0.00910	0.00265	0.01699	0.00690	0.00563	0.01197
37	0.01315	0.01206	0.01579	0.01383	0.01798	0.01038	0.07108	0.01637	0.02282	0.02751	0.09155	0.08787	0.51705	0.02328	0.01178	0.00337	0.00642	0.01996	0.00876	0.00900
38	0.02265	0.02236	0.03344	0.03641	0.19020	0.02853	0.02438	0.02592	0.01744	0.02650	0.01474	0.02265	0.01388	0.01494	0.02604	0.00395	0.45035	0.00877	0.00453	0.01233
39	0.01883	0.01772	0.02990	0.62569	0.06866	0.02215	0.02769	0.02547	0.01993	0.02547	0.01772	0.02658	0.01329	0.00997	0.00997	0.00332	0.01329	0.00886	0.00443	0.01107
40	0.02665	0.65565	0.05224	0.01706	0.02559	0.03945	0.01706	0.02985	0.02026	0.02345	0.01386	0.01599	0.01279	0.00853	0.00640	0.00213	0.01066	0.00533	0.00426	0.01279
41	0.03407	0.02602	0.02776	0.02216	0.02946	0.02913	0.01802	0.40774	0.19959	0.05665	0.02880	0.02781	0.02089	0.01242	0.01002	0.00311	0.01007	0.00965	0.01002	0.01661
42	0.01400	0.01045	0.01550	0.01577	0.01741	0.01195	0.01209	0.01734	0.01638	0.02341	0.03000	0.10971	0.02971	0.06968	0.54037	0.01462	0.02426	0.01274	0.00580	0.00881
43	0.04473	0.01697	0.02313	0.01774	0.02545	0.01465	0.01465	0.04858	0.02853	0.59437	0.03933	0.03393	0.02468	0.01234	0.01003	0.00308	0.00848	0.01003	0.01234	0.01697
44	0.03622	0.02780	0.03329	0.02517	0.03339	0.03025	0.08112	0.49322	0.04414	0.05922	0.02349	0.02428	0.01674	0.01155	0.01018	0.00303	0.01165	0.00930	0.00940	0.01654
45	0.01363	0.01009	0.01472	0.01540	0.01682	0.01119	0.01152	0.01666	0.01692	0.02382	0.03496	0.21567	0.03691	0.06204	0.43556	0.01252	0.02059	0.01584	0.00648	0.00867
46	0.01344	0.01016	0.01236	0.01190	0.01439	0.00929	0.00883	0.01716	0.02513	0.03397	0.37631	0.07849	0.23396	0.06089	0.04610	0.00427	0.00627	0.01834	0.00987	0.00889
47	0.67172	0.01989	0.01573	0.01381	0.02010	0.02297	0.01137	0.06651	0.01909	0.04601	0.01459	0.01674	0.01123	0.00945	0.00644	0.00308	0.00794	0.00565	0.00644	0.01123
48	0.02214	0.02203	0.03169	0.03026	0.09173	0.02973	0.02284	0.02476	0.01614	0.02499	0.01375	0.02214	0.01340	0.01645	0.03005	0.00420	0.55904	0.00874	0.00443	0.01148
49	0.02070	0.02033	0.02992	0.02550	0.02640	0.02731	0.05239	0.02348	0.01589	0.02434	0.01570	0.02490	0.01511	0.02610	0.12414	0.00617	0.49710	0.00922	0.00456	0.01074
50	0.03342	0.09115	0.02861	0.02076	0.02801	0.18825	0.01677	0.16670	0.05973	0.10715	0.02216	0.02281	0.01665	0.01040	0.00886	0.00253	0.01174	0.00756	0.00757	0.14917
51	0.01575	0.01235	0.01898	0.01926	0.02206	0.01196	0.06655	0.02003	0.02224	0.02900	0.05315	0.20617	0.08919	0.02624	0.01324	0.00428	0.00900	0.34242	0.00879	0.00934
52	0.02542	0.01296	0.01708	0.01567	0.01962	0.01199	0.01205	0.03035	0.05911	0.23672	0.15565	0.23713	0.05393	0.02082	0.01144	0.00350	0.00687	0.04675	0.01078	0.01213
53	0.03178	0.02072	0.03106	0.02424	0.03132	0.02043	0.13750	0.14920	0.06851	0.21617	0.03420	0.09556	0.02759	0.01437	0.01095	0.00335	0.01066	0.04825	0.00948	0.01466
54	0.01424	0.01068	0.01602	0.01602	0.01780	0.01246	0.01246	0.01780	0.01602	0.02314	0.02670	0.03916	0.02492	0.07477	0.61015	0.01602	0.02670	0.01068	0.00534	0.00890
55	0.01663	0.01321	0.01662	0.01534	0.01534	0.01576	0.01065	0.01727	0.01472	0.02069	0.02606	0.05255	0.02948	0.46490	0.04547	0.00812	0.19136	0.01281	0.00555	0.00746
56	0.18178	0.01828	0.02193	0.01719	0.02461	0.01747	0.01420	0.08342	0.02758	0.44165	0.03296	0.02955	0.02126	0.01168	0.00924	0.00308	0.00852	0.00900	0.01090	0.01571
57	0.01487	0.01043	0.01273	0.01213	0.01497	0.00930	0.00910	0.01868	0.02599	0.06408	0.37280	0.11172	0.24208	0.02211	0.01173	0.00326	0.00507	0.01914	0.01041	0.00942
58	0.03614	0.01507	0.02038	0.01628	0.02249	0.01318	0.01318	0.04024	0.02844	0.43893	0.19154	0.04530	0.04413	0.01459	0.01051	0.00310	0.00742	0.01227	0.01196	0.01485
59	0.02258	0.04913	0.48010	0.02909	0.04218	0.10212	0.07391	0.03271	0.02221	0.03063	0.01773	0.02108	0.01285	0.00950	0.00958	0.00309	0.01533	0.00758	0.00440	0.01421
60	0.12900	0.04372	0.02642	0.02399	0.02927	0.53071	0.01812	0.03840	0.02673	0.02713	0.01520	0.01774	0.01257	0.01014	0.00861	0.00264	0.01660	0.00628	0.00528	0.01145
61	0.01988	0.04825	0.54242	0.08685	0.04564	0.02305	0.03594	0.03097	0.02094	0.03097	0.01787	0.02159	0.01269	0.00952	0.00952	0.00317	0.01459	0.00751	0.00423	0.01438
62	0.03856	0.02685	0.02925	0.02243	0.03038	0.02932	0.01853	0.50476	0.04508	0.11483	0.02544	0.02491	0.01771	0.01200	0.00998	0.00300	0.01073	0.00908	0.01020	0.01695
63	0.01232	0.01012	0.01085	0.01067	0.01380	0.00865	0.00800	0.01535	0.02400	0.02996	0.21274	0.09095	0.46978	0.02412	0.01178	0.00331	0.00497	0.02034	0.00966	0.00865
64	0.64039	0.02029	0.01644	0.01426	0.02064	0.02336	0.01175	0.09061	0.02046	0.04684	0.01506	0.01710	0.01152	0.00957	0.00661	0.00307	0.00809	0.00582	0.00661	0.01152
65	0.01883	0.01772	0.02990	0.62569	0.06866	0.02215	0.02769	0.02547	0.01993	0.02547	0.01772	0.02658	0.01329	0.00997	0.00997	0.00332	0.01329	0.00886	0.00443	0.01107
66	0.01478	0.01099	0.01390	0.01329	0.01591	0.01047	0.01017	0.02083	0.06187	0.03855	0.48012	0.07614	0.11810	0.02076	0.01180	0.00327	0.00524	0.05339	0.01069	0.00973
67	0.10545	0.02271	0.03664	0.09885	0.48133	0.02341	0.02806	0.03005	0.02182	0.03344	0.01810	0.02383	0.01502	0.00901	0.00944	0.00300	0.01147	0.00847	0.00504	0.01485
68	0.01498	0.01177	0.01744	0.01701	0.01862	0.01423	0.01338	0.01841	0.01595	0.02323	0.02537	0.03747	0.02376	0.06916	0.55365	0.01488	0.08586	0.01049	0.00524	0.00910
69	0.02684	0.04590	0.32398	0.02881	0.03963	0.20303	0.09038	0.06819	0.02522	0.03146	0.01779	0.02098	0.01327	0.00975	0.00962	0.00299	0.01572	0.00770	0.00497	0.01376
70	0.01496	0.01020	0.01239	0.01307	0.01374	0.01020	0.00898	0.01630	0.01697	0.02241	0.03767	0.07907	0.04243	0.46737	0.03991	0.00818	0.00952	0.16272	0.00696	0.00696
71	0.01734	0.01384	0.01848	0.02181	0.08539	0.01426	0.01491	0.02582	0.13103	0.03175	0.08476	0.26542	0.05267	0.02331	0.01209	0.00387	0.00776	0.15555	0.00903	0.01092
72	0.02353	0.02689	0.05882	0.04202	0.05210	0.02521	0.55126	0.03193	0.02353	0.03193	0.02017	0.02689	0.01513	0.00840	0.01176	0.00336	0.01681	0.01176	0.00504	0.01345
73	0.02715	0.02943	0.03474	0.16581	0.31911	0.19460	0.02669	0.03224	0.02376	0.02873	0.01756	0.02310	0.01442	0.00951	0.00963	0.00292	0.01393	0.00816	0.00489	0.01359
74	0.01606	0.01147	0.01606	0.01836	0.02065	0.01147	0.01606	0.02065	0.02295	0.02983	0.05278	0.11245	0.05737	0.02754	0.01377	0.00459	0.00918	0.52037	0.00918	0.00918
75	0.01215	0.00868	0.01157	0.01388	0.01446	0.00810	0.00925	0.01388	0.01909	0.02545	0.05495	0.64315	0.06593	0.03123	0.01272	0.00405	0.00578	0.02834	0.00925	0.00810
76	0.01231	0.00875	0.01152	0.01367	0.01420	0.00821	0.00903	0.01392	0.01876	0.02501	0.05327	0.60205	0.06382	0.07521	0.01543	0.00445	0.00606	0.02736	0.00903	0.00795
77	0.02067	0.01772	0.02067	0.01477	0.02362	0.01329	0.01181	0.02510	0.02067	0.03248	0.01772	0.02067	0.01477	0.00738	0.00738	0.00148	0.00738	0.00591	0.00591	0.71059
78	0.01858	0.00929	0.00929	0.00929	0.01161	0.00929	0.00697	0.02323	0.02091	0.03717	0.03252	0.03717	0.02555	0.01161	0.00697	0.00232	0.00465	0.00929	0.70499	0.00929
79	0.72007	0.01928	0.01465	0.01311	0.01928	0.02236	0.01080	0.02930	0.01697	0.04473	0.01388	0.01619	0.01080	0.00925	0.00617	0.00308	0.00771	0.00540	0.00617	0.01080
80	0.01225	0.00888	0.01157	0.01350	0.01441	0.00821	0.00914	0.01423	0.01996	0.02651	0.09284	0.56414	0.10744	0.03007	0.01259	0.00394	0.00566	0.02711	0.00937	0.00821
81	0.02067	0.01772	0.02067	0.01477	0.02362	0.01329	0.01181	0.02510	0.02067	0.03248	0.01772	0.02067	0.01477	0.00738	0.00738	0.00148	0.00738	0.00591	0.00591	0.71059
82	0.02067	0.01772	0.02067	0.01477	0.02362	0.01329	0.01181	0.02510	0.02067	0.03248	0.01772	0.02067	0.01477	0.00738	0.00738	0.00148	0.00738	0.00591	0.00591	0.71059
83	0.02339	0.08210	0.33424	0.03187	0.14915	0.02261	0.02954	0.03180	0.02186	0.07445	0.01940	0.02237	0.01446	0.00926	0.00913	0.00284	0.01252	0.00756	0.00518	0.09626
84	0.02708	0.01800	0.02749	0.14006	0.19253	0.01756	0.02053	0.03182	0.02311	0.18782	0.02908	0.11026	0.02445	0.01288	0.01002	0.00303	0.00983	0.01147	0.00761	0.09538
85	0.02212	0.12092	0.35290	0.03355	0.10629	0.02573	0.13836	0.03131	0.02164	0.03072	0.01794	0.02201	0.01353	0.00906	0.00959	0.00304	0.01429	0.00818	0.00447	0.01434
86	0.07515	0.18447	0.43097	0.02470	0.03738	0.02674	0.03040	0.03101	0.02056	0.03076	0.01668	0.01954	0.01252	0.00924	0.00853	0.00292	0.01328	0.00676	0.00437	0.01400
87	0.02119	0.08950	0.44935	0.03038	0.04372	0.02473	0.14022	0.03152	0.02150	0.03107	0.01807	0.02188	0.01315	0.00919	0.00972	0.00313	0.01487	0.00812	0.00438	0.01433

[dist]
# distance from previous block
# <min> <max>
0	8

# created by:
# /st0/software/busco_prod/Augustus/scripts/msa2prfl.pl ./align_prep/10768.fa
