[name]
unknown

[dist]
# distance from previous block
# <min> <max>
9	386

[block]
# block no. 0 follows, 12 sequences, length 21
# corresponding to MSA columns:
# 461-481
name=unknown_A
#
# <colnr> <probs for GDERKNQSTAVLIFYWHMCP>
#	G	D	E	R	K	N	Q	S	T	A	V	L	I	F	Y	W	H	M	C	P
0	0.03182	0.01803	0.02512	0.01943	0.02711	0.01515	0.05177	0.03646	0.02688	0.24527	0.08078	0.09637	0.03431	0.01439	0.01066	0.00294	0.00890	0.01256	0.01011	0.23193
1	0.02418	0.02483	0.08993	0.02989	0.07712	0.02157	0.13814	0.06768	0.02717	0.07272	0.08782	0.05080	0.15097	0.01643	0.01430	0.00365	0.06670	0.01442	0.00798	0.01369
2	0.03281	0.02149	0.03257	0.07613	0.09004	0.02123	0.09329	0.08447	0.07511	0.20801	0.07231	0.04213	0.07191	0.01407	0.01152	0.00348	0.01110	0.01262	0.00986	0.01585
3	0.15595	0.01977	0.02787	0.20301	0.12353	0.02122	0.02191	0.03507	0.02483	0.16423	0.07377	0.03347	0.02581	0.01227	0.01029	0.00344	0.01095	0.01023	0.00809	0.01429
4	0.09538	0.02242	0.06573	0.02680	0.10713	0.01978	0.01977	0.03023	0.02249	0.07666	0.02484	0.03486	0.02153	0.01837	0.05949	0.00427	0.06684	0.05053	0.00687	0.22602
5	0.08885	0.07222	0.08195	0.07396	0.07161	0.07279	0.06215	0.06483	0.02599	0.09105	0.02485	0.06986	0.02077	0.01220	0.01002	0.00308	0.01219	0.01019	0.00713	0.12431
6	0.09113	0.02676	0.02491	0.02096	0.02782	0.12904	0.01654	0.08433	0.13654	0.17020	0.07765	0.03468	0.02975	0.01335	0.01034	0.00318	0.01086	0.01037	0.00993	0.07165
7	0.09927	0.31251	0.16764	0.02158	0.03189	0.03293	0.02276	0.03727	0.07044	0.08012	0.02149	0.02280	0.01671	0.01055	0.00852	0.00293	0.01189	0.00745	0.00627	0.01499
8	0.02735	0.48323	0.18150	0.02173	0.03273	0.03874	0.02400	0.03311	0.02237	0.02785	0.01625	0.01886	0.01395	0.00958	0.00783	0.00261	0.01276	0.00638	0.00465	0.01452
9	0.13292	0.24508	0.16657	0.02328	0.03382	0.03017	0.06168	0.03664	0.02362	0.12159	0.02147	0.02311	0.01601	0.01039	0.00890	0.00304	0.01237	0.00781	0.00653	0.01499
10	0.24354	0.02097	0.02763	0.12118	0.15727	0.02321	0.02118	0.03243	0.02294	0.09381	0.06962	0.03026	0.02391	0.01232	0.01157	0.00349	0.05419	0.00953	0.00718	0.01375
11	0.02682	0.02452	0.04277	0.13180	0.17054	0.02710	0.14491	0.03281	0.02302	0.07869	0.02112	0.02801	0.01676	0.01255	0.01783	0.00382	0.16593	0.01055	0.00590	0.01454
12	0.02655	0.01355	0.01718	0.01526	0.01954	0.01225	0.01153	0.02960	0.02517	0.21517	0.09562	0.11436	0.16343	0.11889	0.06644	0.00586	0.00969	0.01715	0.01055	0.01220
13	0.01410	0.01054	0.01317	0.01422	0.01624	0.00962	0.01035	0.01730	0.02474	0.03269	0.19549	0.31225	0.19288	0.02921	0.01349	0.00404	0.00614	0.06352	0.01060	0.00941
14	0.02630	0.02168	0.02456	0.01823	0.02745	0.01898	0.01466	0.11521	0.07029	0.04221	0.02268	0.02476	0.01801	0.00952	0.00883	0.00208	0.00881	0.00754	0.00763	0.51057
15	0.02292	0.02216	0.03881	0.38936	0.21384	0.02501	0.07182	0.03012	0.02303	0.03076	0.01994	0.02848	0.01552	0.01040	0.01104	0.00352	0.01439	0.00997	0.00507	0.01386
16	0.02715	0.11800	0.09031	0.20805	0.04578	0.02782	0.02466	0.07284	0.07043	0.07825	0.02307	0.02723	0.01753	0.01193	0.01242	0.00334	0.06738	0.00905	0.00667	0.05808
17	0.19213	0.02750	0.11081	0.16022	0.04329	0.02512	0.06266	0.11272	0.02688	0.04218	0.02379	0.03477	0.01969	0.01289	0.01038	0.00363	0.01266	0.05801	0.00692	0.01374
18	0.01640	0.01068	0.01340	0.01456	0.01663	0.00959	0.01021	0.01872	0.02277	0.07585	0.07074	0.43598	0.18230	0.03071	0.01340	0.00415	0.00640	0.02726	0.01043	0.00981
19	0.02682	0.12919	0.14484	0.12819	0.05085	0.02811	0.21768	0.03494	0.02448	0.07930	0.02191	0.02693	0.01623	0.01010	0.01094	0.00338	0.01539	0.01013	0.00582	0.01476
20	0.02610	0.07569	0.11862	0.12022	0.13890	0.02228	0.02593	0.03267	0.02422	0.11009	0.02998	0.04456	0.02580	0.01996	0.05842	0.00477	0.01394	0.08634	0.00714	0.01436

[dist]
# distance from previous block
# <min> <max>
6	11

[block]
# block no. 1 follows, 12 sequences, length 63
# corresponding to MSA columns:
# 498-534,536-561
name=unknown_B
#
# <colnr> <probs for GDERKNQSTAVLIFYWHMCP>
#	G	D	E	R	K	N	Q	S	T	A	V	L	I	F	Y	W	H	M	C	P
0	0.03051	0.02367	0.03478	0.02534	0.03499	0.02135	0.13314	0.12065	0.02976	0.11553	0.02461	0.02694	0.01822	0.01002	0.01014	0.00266	0.01141	0.00924	0.00804	0.30899
1	0.25879	0.11178	0.02955	0.07773	0.07019	0.10297	0.01847	0.03822	0.07317	0.09277	0.02203	0.02406	0.01683	0.01102	0.00879	0.00319	0.01150	0.00787	0.00715	0.01393
2	0.02448	0.02589	0.16088	0.02021	0.02698	0.01772	0.01939	0.07910	0.02558	0.10721	0.08155	0.09046	0.03664	0.16847	0.06194	0.00624	0.01246	0.01376	0.00824	0.01279
3	0.02798	0.08634	0.07907	0.09548	0.23314	0.02781	0.02680	0.12137	0.07352	0.04128	0.06081	0.03094	0.02425	0.01182	0.01059	0.00326	0.01211	0.01017	0.00719	0.01607
4	0.02619	0.01312	0.01676	0.01531	0.01889	0.01186	0.01111	0.02873	0.02428	0.20793	0.08713	0.19625	0.09773	0.16706	0.02283	0.00541	0.00820	0.01890	0.01055	0.01176
5	0.09960	0.25930	0.13026	0.02128	0.03070	0.03160	0.02114	0.04089	0.14231	0.08662	0.02556	0.02588	0.01956	0.01129	0.00892	0.00306	0.01115	0.00827	0.00726	0.01535
6	0.02605	0.06892	0.11089	0.02061	0.03057	0.02163	0.01940	0.11802	0.02812	0.04059	0.02325	0.03053	0.01958	0.01111	0.00941	0.00252	0.01046	0.04258	0.00713	0.35865
7	0.03628	0.22420	0.13438	0.02226	0.03244	0.02959	0.02211	0.12196	0.03022	0.20496	0.02679	0.02629	0.01891	0.01150	0.00955	0.00303	0.01177	0.00857	0.00856	0.01662
8	0.02598	0.01548	0.01922	0.01710	0.02171	0.01523	0.01320	0.03619	0.13882	0.16816	0.26505	0.11265	0.06612	0.01964	0.01211	0.00357	0.00703	0.01705	0.01199	0.01370
9	0.02234	0.08629	0.37818	0.03288	0.08759	0.02528	0.08125	0.03252	0.02356	0.03356	0.02836	0.03151	0.06558	0.01178	0.01065	0.00340	0.01473	0.00996	0.00530	0.01526
10	0.08140	0.13607	0.10961	0.02225	0.03131	0.06568	0.02077	0.09062	0.10916	0.18331	0.02942	0.02848	0.02096	0.01207	0.00981	0.00320	0.01154	0.00910	0.00896	0.01629
11	0.03543	0.01989	0.07440	0.01898	0.02598	0.01525	0.01672	0.04027	0.02836	0.33302	0.11799	0.05251	0.04137	0.07551	0.01592	0.00423	0.00950	0.04802	0.01144	0.01521
12	0.01328	0.00949	0.01265	0.01518	0.01581	0.00886	0.01012	0.01518	0.02088	0.02783	0.06010	0.60969	0.07212	0.03416	0.01392	0.00443	0.00633	0.03100	0.01012	0.00886
13	0.01904	0.01805	0.06169	0.10246	0.07962	0.01634	0.01849	0.06912	0.02454	0.03312	0.04422	0.37103	0.04915	0.02470	0.01263	0.00402	0.00940	0.02217	0.00859	0.01162
14	0.02747	0.13973	0.25634	0.08514	0.04575	0.02739	0.11850	0.03621	0.02439	0.10508	0.02252	0.02581	0.01625	0.01046	0.01038	0.00331	0.01466	0.00913	0.00604	0.01544
15	0.01389	0.01012	0.01256	0.01387	0.01515	0.00936	0.00936	0.01610	0.02216	0.02934	0.13147	0.38072	0.14505	0.11491	0.01956	0.00505	0.00664	0.02602	0.00988	0.00879
16	0.03733	0.01684	0.02271	0.01876	0.02514	0.01590	0.01514	0.04359	0.06626	0.36092	0.07948	0.04213	0.03351	0.02920	0.13403	0.00649	0.01326	0.01192	0.01152	0.01588
17	0.07008	0.24124	0.27267	0.02345	0.03462	0.02944	0.02686	0.03164	0.02260	0.03251	0.05639	0.02640	0.02114	0.01590	0.04894	0.00406	0.01419	0.00825	0.00540	0.01422
18	0.02686	0.44482	0.21560	0.02257	0.03403	0.03753	0.02547	0.03324	0.02243	0.02845	0.01655	0.01923	0.01394	0.00965	0.00806	0.00269	0.01306	0.00653	0.00465	0.01466
19	0.01659	0.01034	0.01267	0.01261	0.01280	0.01028	0.00760	0.01580	0.01657	0.02229	0.06880	0.06260	0.03925	0.42798	0.04908	0.17733	0.00989	0.01456	0.00655	0.00642
20	0.01400	0.01109	0.01259	0.01222	0.01541	0.00968	0.00916	0.01780	0.02748	0.03570	0.29979	0.09465	0.35114	0.02528	0.01287	0.00357	0.00536	0.02157	0.01095	0.00968
21	0.17906	0.17833	0.07917	0.02021	0.02898	0.02922	0.01868	0.10615	0.08084	0.14306	0.02560	0.02551	0.01871	0.01151	0.00899	0.00314	0.01061	0.00828	0.00838	0.01557
22	0.14411	0.09635	0.07845	0.02848	0.08626	0.22750	0.02195	0.08623	0.06791	0.03756	0.02012	0.02249	0.01595	0.01109	0.00939	0.00307	0.01436	0.00779	0.00655	0.01438
23	0.09619	0.01538	0.01950	0.01655	0.02205	0.01417	0.01308	0.03624	0.02885	0.28019	0.21287	0.10676	0.05590	0.01821	0.01150	0.00350	0.00749	0.01544	0.01200	0.01412
24	0.01830	0.01272	0.01498	0.01435	0.01788	0.01186	0.01076	0.02457	0.07655	0.08135	0.22438	0.16370	0.23826	0.02447	0.01269	0.00369	0.00617	0.02112	0.01110	0.01110
25	0.03401	0.07526	0.12190	0.02263	0.03143	0.02445	0.02148	0.18612	0.03478	0.17041	0.08558	0.04188	0.03217	0.01488	0.01109	0.00342	0.01114	0.05127	0.00997	0.01615
26	0.01836	0.01521	0.02233	0.07526	0.02570	0.01696	0.05664	0.02075	0.01845	0.02510	0.03221	0.09883	0.03520	0.32748	0.03844	0.00755	0.10230	0.04758	0.00655	0.00909
27	0.38242	0.02186	0.02172	0.01772	0.02533	0.02336	0.01462	0.11857	0.02798	0.21187	0.02577	0.02522	0.01771	0.01168	0.00877	0.00336	0.00929	0.00815	0.00956	0.01505
28	0.02091	0.01202	0.01440	0.01386	0.01630	0.01243	0.01049	0.02514	0.02373	0.07700	0.10923	0.14431	0.04485	0.01842	0.01218	0.00325	0.05743	0.01515	0.35815	0.01075
29	0.03172	0.02973	0.11155	0.07804	0.13569	0.02622	0.07397	0.18350	0.03334	0.09990	0.02751	0.03520	0.02150	0.01290	0.01133	0.00351	0.01315	0.04663	0.00819	0.01642
30	0.02166	0.01611	0.01788	0.01808	0.02091	0.05509	0.01354	0.07404	0.02689	0.07218	0.08582	0.35700	0.05968	0.02731	0.01316	0.00412	0.00858	0.08658	0.01023	0.01113
31	0.04892	0.01856	0.02530	0.01940	0.02783	0.01603	0.01603	0.05314	0.03121	0.55634	0.04302	0.03711	0.02699	0.01350	0.01096	0.00337	0.00928	0.01096	0.01350	0.01856
32	0.02532	0.02011	0.03246	0.21981	0.24086	0.02133	0.02594	0.03156	0.02489	0.08594	0.07527	0.03534	0.02681	0.01200	0.01074	0.00333	0.01157	0.01086	0.07150	0.01437
33	0.02166	0.02064	0.03391	0.23333	0.10125	0.02456	0.07217	0.02709	0.02145	0.02942	0.02581	0.08763	0.02475	0.01662	0.01808	0.00409	0.16158	0.05767	0.00592	0.01237
34	0.02059	0.01938	0.03270	0.59060	0.07510	0.02422	0.03028	0.02786	0.02180	0.02786	0.01938	0.02907	0.01453	0.01090	0.01090	0.00363	0.01453	0.00969	0.00484	0.01211
35	0.20142	0.02662	0.03652	0.09960	0.27170	0.07342	0.07231	0.03356	0.02351	0.03747	0.01884	0.02437	0.01522	0.01002	0.00986	0.00332	0.01304	0.00879	0.00573	0.01468
36	0.04415	0.02621	0.03004	0.02303	0.03165	0.02738	0.01903	0.34639	0.04401	0.24500	0.03227	0.03013	0.02160	0.01324	0.01093	0.00331	0.01101	0.01023	0.01184	0.01855
37	0.02689	0.15422	0.29776	0.02657	0.03841	0.06828	0.02948	0.07354	0.11337	0.03672	0.02334	0.02505	0.01759	0.01120	0.00986	0.00323	0.01394	0.00844	0.00627	0.01585
38	0.02618	0.02873	0.14412	0.02475	0.03319	0.02269	0.07291	0.08526	0.16645	0.08291	0.14980	0.04337	0.04142	0.01470	0.01150	0.00351	0.01086	0.01281	0.00946	0.01535
39	0.01354	0.01026	0.01250	0.01366	0.01557	0.00921	0.00959	0.01627	0.02384	0.03112	0.16019	0.36281	0.22180	0.03008	0.01342	0.00402	0.00587	0.02658	0.01045	0.00921
40	0.02549	0.09062	0.29281	0.08766	0.11570	0.02474	0.03161	0.03447	0.02454	0.08910	0.06117	0.02959	0.02249	0.01146	0.01043	0.00333	0.01357	0.00945	0.00624	0.01552
41	0.03038	0.01770	0.02232	0.01742	0.02536	0.01447	0.01420	0.03505	0.02649	0.21205	0.07701	0.04260	0.03202	0.01333	0.01016	0.00271	0.00842	0.05555	0.00968	0.33309
42	0.09970	0.02322	0.03212	0.15637	0.16518	0.02468	0.02391	0.13451	0.03045	0.16474	0.02620	0.02875	0.01868	0.01159	0.01048	0.00338	0.01179	0.00965	0.00844	0.01617
43	0.02915	0.62337	0.05714	0.01866	0.02799	0.04314	0.01866	0.03265	0.02215	0.02565	0.01516	0.01749	0.01399	0.00933	0.00700	0.00233	0.01166	0.00583	0.00466	0.01399
44	0.01444	0.01068	0.01356	0.01423	0.01634	0.00980	0.01044	0.01809	0.02607	0.03516	0.27176	0.26507	0.16446	0.02775	0.01338	0.00393	0.00597	0.05834	0.01091	0.00961
45	0.03309	0.01634	0.02458	0.02079	0.02659	0.01468	0.06202	0.03718	0.02703	0.29860	0.04748	0.21346	0.04281	0.02081	0.01242	0.00388	0.00936	0.06300	0.01139	0.01449
46	0.01590	0.01204	0.01541	0.01551	0.01848	0.01056	0.01131	0.01921	0.02330	0.03255	0.13573	0.35948	0.06531	0.02645	0.01263	0.00373	0.00677	0.05902	0.00970	0.14691
47	0.01959	0.01758	0.02522	0.02291	0.02391	0.02321	0.01859	0.02275	0.01712	0.02576	0.02198	0.03363	0.02098	0.05138	0.31282	0.01134	0.30445	0.01064	0.00532	0.01080
48	0.01378	0.00981	0.01304	0.01506	0.01575	0.00950	0.01009	0.01567	0.02002	0.02688	0.05440	0.49810	0.06436	0.10034	0.07231	0.00634	0.00898	0.02753	0.00934	0.00870
49	0.02275	0.05078	0.46140	0.03606	0.09777	0.02560	0.08485	0.03446	0.02346	0.03468	0.01990	0.02403	0.01442	0.01018	0.01064	0.00345	0.01602	0.00869	0.00477	0.01609
50	0.02059	0.01938	0.03270	0.59060	0.07510	0.02422	0.03028	0.02786	0.02180	0.02786	0.01938	0.02907	0.01453	0.01090	0.01090	0.00363	0.01453	0.00969	0.00484	0.01211
51	0.02926	0.02768	0.07826	0.02620	0.03426	0.02702	0.09554	0.15923	0.24213	0.04810	0.03349	0.03387	0.02490	0.01292	0.01093	0.00346	0.01127	0.01122	0.07389	0.01639
52	0.01942	0.01089	0.01609	0.01562	0.01562	0.01183	0.01089	0.01539	0.01445	0.01966	0.01848	0.03223	0.01848	0.03603	0.04194	0.61602	0.06729	0.00948	0.00474	0.00544
53	0.08018	0.29390	0.04102	0.02214	0.02920	0.19078	0.01911	0.03728	0.02485	0.08372	0.01851	0.02083	0.01526	0.01133	0.01105	0.00289	0.07110	0.00709	0.00603	0.01373
54	0.01754	0.01162	0.01403	0.01452	0.01765	0.01034	0.01107	0.02055	0.02442	0.08517	0.08065	0.24585	0.27900	0.02839	0.01332	0.00407	0.00685	0.09425	0.01047	0.01022
55	0.02499	0.01956	0.03035	0.08043	0.03378	0.02199	0.08670	0.07605	0.02490	0.08910	0.07081	0.03746	0.02800	0.03463	0.18289	0.00788	0.11850	0.01172	0.00736	0.01289
56	0.01504	0.01113	0.01403	0.01330	0.01605	0.01012	0.00998	0.01981	0.02993	0.04151	0.47590	0.08509	0.17141	0.02312	0.01286	0.00347	0.00520	0.02023	0.01171	0.01012
57	0.02426	0.02048	0.02468	0.07775	0.03184	0.01747	0.01553	0.07549	0.02536	0.03800	0.02005	0.02365	0.01622	0.00887	0.00865	0.00199	0.00915	0.00713	0.00673	0.54671
58	0.62267	0.02091	0.01779	0.07525	0.02680	0.02444	0.01376	0.03161	0.01890	0.04669	0.01563	0.01891	0.01210	0.01020	0.00719	0.00340	0.00908	0.00630	0.00655	0.01184
59	0.01771	0.01323	0.01585	0.01562	0.01737	0.01437	0.01078	0.02483	0.11595	0.02758	0.03754	0.11152	0.03851	0.30816	0.17320	0.01038	0.01447	0.01562	0.00763	0.00968
60	0.26485	0.02675	0.02450	0.02009	0.02737	0.06706	0.01634	0.25916	0.03564	0.05465	0.03059	0.03109	0.07146	0.01346	0.00959	0.00332	0.01063	0.00965	0.00900	0.01479
61	0.37096	0.02000	0.02056	0.05630	0.02696	0.02156	0.01463	0.06952	0.02549	0.17694	0.07553	0.03032	0.02533	0.01244	0.00900	0.00339	0.00899	0.00909	0.00914	0.01386
62	0.07116	0.18852	0.31068	0.02850	0.07386	0.02987	0.03027	0.03608	0.07145	0.03448	0.02063	0.02327	0.01584	0.01047	0.00938	0.00318	0.01354	0.00789	0.00545	0.01548

[dist]
# distance from previous block
# <min> <max>
0	2

[block]
# block no. 2 follows, 12 sequences, length 8
# corresponding to MSA columns:
# 564-571
name=unknown_C
#
# <colnr> <probs for GDERKNQSTAVLIFYWHMCP>
#	G	D	E	R	K	N	Q	S	T	A	V	L	I	F	Y	W	H	M	C	P
0	0.01895	0.01398	0.01682	0.01589	0.01921	0.01375	0.01215	0.09682	0.03099	0.04198	0.27774	0.17908	0.13968	0.02435	0.01291	0.00374	0.00685	0.05288	0.01108	0.01116
1	0.02761	0.02159	0.03443	0.24235	0.23110	0.02234	0.02703	0.03381	0.02447	0.11515	0.02352	0.02880	0.01768	0.01054	0.01053	0.00320	0.01234	0.00950	0.00661	0.09739
2	0.02342	0.02631	0.10186	0.02792	0.09659	0.01892	0.07816	0.03002	0.02331	0.03534	0.01986	0.02401	0.01602	0.00871	0.00928	0.00230	0.01097	0.00784	0.00597	0.43318
3	0.01895	0.01537	0.02208	0.02534	0.10352	0.01703	0.01648	0.02641	0.08664	0.02919	0.03042	0.04318	0.02785	0.12041	0.35258	0.01266	0.02184	0.01192	0.00656	0.01158
4	0.02314	0.02743	0.11758	0.24132	0.08004	0.02423	0.08036	0.03545	0.11544	0.03427	0.02434	0.02939	0.01841	0.01094	0.01073	0.00336	0.01327	0.00988	0.00625	0.09417
5	0.02698	0.10545	0.10332	0.29057	0.05577	0.02598	0.08471	0.03415	0.02395	0.11280	0.02290	0.02810	0.01658	0.01083	0.01056	0.00340	0.01397	0.00956	0.00624	0.01418
6	0.02555	0.02163	0.03215	0.03221	0.15539	0.01917	0.07286	0.03247	0.05173	0.07231	0.02543	0.06170	0.02153	0.01091	0.00998	0.00264	0.01040	0.01007	0.00707	0.32478
7	0.03181	0.02916	0.03585	0.09515	0.04078	0.15254	0.13527	0.05901	0.02867	0.11701	0.07107	0.03210	0.02526	0.01181	0.01099	0.00315	0.01415	0.01057	0.00767	0.08798

[dist]
# distance from previous block
# <min> <max>
0	2

[block]
# block no. 3 follows, 12 sequences, length 26
# corresponding to MSA columns:
# 574-599
name=unknown_D
#
# <colnr> <probs for GDERKNQSTAVLIFYWHMCP>
#	G	D	E	R	K	N	Q	S	T	A	V	L	I	F	Y	W	H	M	C	P
0	0.03338	0.02454	0.02679	0.02142	0.02869	0.02622	0.01750	0.32406	0.07199	0.05726	0.06213	0.03746	0.02815	0.01424	0.01066	0.00317	0.01012	0.03793	0.08015	0.08413
1	0.16759	0.10277	0.18060	0.02624	0.08216	0.02439	0.02416	0.03710	0.02416	0.15426	0.02606	0.03149	0.01999	0.01215	0.00970	0.00337	0.01174	0.03931	0.00750	0.01523
2	0.02280	0.06006	0.06155	0.02337	0.02914	0.01933	0.09697	0.03218	0.10766	0.07844	0.07723	0.20946	0.04644	0.02076	0.01240	0.00389	0.01020	0.06584	0.00923	0.01303
3	0.02266	0.02233	0.03345	0.02794	0.02948	0.02901	0.07095	0.02619	0.01994	0.02999	0.10192	0.03388	0.02908	0.01861	0.02969	0.00444	0.44090	0.01155	0.00603	0.01194
4	0.02748	0.02873	0.08486	0.18589	0.04748	0.08096	0.08610	0.06617	0.07748	0.06631	0.02385	0.02796	0.01783	0.01089	0.01055	0.00317	0.01358	0.00948	0.00679	0.12445
5	0.03280	0.03000	0.07614	0.13872	0.04794	0.06009	0.14753	0.19315	0.03404	0.09478	0.02446	0.02801	0.01750	0.01142	0.01131	0.00344	0.01458	0.01039	0.00788	0.01582
6	0.02524	0.01924	0.03149	0.49680	0.06734	0.02288	0.02794	0.03201	0.02335	0.11464	0.02326	0.03039	0.01658	0.01133	0.01091	0.00359	0.01367	0.00990	0.00627	0.01317
7	0.02517	0.02456	0.09276	0.03150	0.03957	0.02028	0.22255	0.03239	0.02567	0.10122	0.03734	0.09378	0.03463	0.01756	0.01307	0.00405	0.01377	0.14843	0.00807	0.01361
8	0.08946	0.01639	0.02181	0.07325	0.02859	0.01574	0.01587	0.03779	0.02783	0.28739	0.12318	0.08982	0.04376	0.01754	0.01154	0.00365	0.00892	0.06176	0.01125	0.01445
9	0.04082	0.08431	0.03697	0.02851	0.08558	0.02176	0.09906	0.04601	0.02871	0.36232	0.03438	0.03277	0.02293	0.01197	0.01085	0.00330	0.01140	0.01061	0.01044	0.01732
10	0.01855	0.01174	0.01561	0.01517	0.01799	0.01085	0.01158	0.02306	0.02865	0.08970	0.36448	0.16823	0.08627	0.02420	0.01308	0.00375	0.00625	0.06836	0.01163	0.01083
11	0.02092	0.01938	0.03105	0.49627	0.06701	0.02263	0.02743	0.02779	0.02193	0.02912	0.01938	0.02801	0.01480	0.01044	0.01044	0.00330	0.01347	0.00916	0.00511	0.12236
12	0.02537	0.02316	0.03968	0.19282	0.16620	0.02383	0.12339	0.03193	0.02364	0.06430	0.02127	0.02773	0.01658	0.01054	0.01252	0.00328	0.05355	0.00987	0.00589	0.12444
13	0.03950	0.02266	0.02660	0.02143	0.02886	0.02331	0.01730	0.21257	0.11316	0.25484	0.03893	0.08935	0.02934	0.01555	0.01125	0.00349	0.00985	0.01271	0.01189	0.01741
14	0.02625	0.01362	0.01775	0.01650	0.02050	0.01248	0.01296	0.02978	0.02595	0.19805	0.11435	0.10976	0.10342	0.12020	0.01983	0.00504	0.00859	0.12209	0.01083	0.01206
15	0.03966	0.01744	0.02301	0.01831	0.02523	0.01575	0.01485	0.07616	0.03250	0.38894	0.17249	0.04794	0.04624	0.01577	0.01146	0.00338	0.00838	0.01317	0.01293	0.01640
16	0.10014	0.02670	0.10734	0.07979	0.03564	0.02278	0.02146	0.09449	0.11163	0.23905	0.03280	0.03171	0.02239	0.01260	0.01047	0.00345	0.01095	0.01000	0.00994	0.01666
17	0.03632	0.01876	0.02378	0.01974	0.02599	0.01858	0.01580	0.14603	0.03194	0.27798	0.03953	0.12282	0.03199	0.02776	0.10379	0.00583	0.01272	0.01387	0.01114	0.01563
18	0.11280	0.11448	0.07970	0.02060	0.02663	0.02503	0.01847	0.03438	0.08492	0.10221	0.08095	0.09287	0.03289	0.01625	0.01435	0.00361	0.10587	0.01216	0.00818	0.01365
19	0.03446	0.02580	0.11211	0.06963	0.03356	0.02149	0.02112	0.12023	0.03016	0.22284	0.03116	0.03195	0.02165	0.01295	0.01199	0.00335	0.05050	0.00996	0.11930	0.01578
20	0.12032	0.02590	0.07731	0.02528	0.03465	0.02275	0.10336	0.12102	0.03131	0.28045	0.03126	0.03043	0.02084	0.01201	0.01072	0.00342	0.01177	0.01024	0.01012	0.01686
21	0.03163	0.03174	0.14361	0.03295	0.09096	0.02570	0.11749	0.17506	0.03286	0.11166	0.02853	0.07695	0.02270	0.01329	0.01142	0.00349	0.01331	0.01197	0.00832	0.01638
22	0.15869	0.15101	0.03336	0.02236	0.02943	0.18387	0.05815	0.03720	0.05895	0.06892	0.02976	0.03093	0.06987	0.01252	0.00940	0.00308	0.01292	0.00931	0.00699	0.01329
23	0.06956	0.02208	0.09150	0.02526	0.06383	0.01783	0.06073	0.03413	0.02460	0.18669	0.03616	0.10097	0.03128	0.02734	0.10390	0.00600	0.01413	0.06108	0.00881	0.01411
24	0.11240	0.06057	0.03278	0.02986	0.11421	0.02181	0.09037	0.03098	0.02316	0.09733	0.03005	0.14623	0.02841	0.01564	0.01242	0.00347	0.05044	0.01364	0.00755	0.07867
25	0.11828	0.02723	0.13280	0.06424	0.11811	0.02070	0.02332	0.03470	0.02366	0.13489	0.02436	0.02762	0.01818	0.01651	0.05730	0.00429	0.01294	0.00874	0.00714	0.12498

[dist]
# distance from previous block
# <min> <max>
0	105

# created by:
# /st0/software/busco_prod/Augustus/scripts/msa2prfl.pl ./align_prep/10788.fa
