[name]
unknown

[dist]
# distance from previous block
# <min> <max>
0	11

[block]
# block no. 0 follows, 15 sequences, length 23
# corresponding to MSA columns:
# 11-33
name=unknown_A
#
# <colnr> <probs for GDERKNQSTAVLIFYWHMCP>
#	G	D	E	R	K	N	Q	S	T	A	V	L	I	F	Y	W	H	M	C	P
0	0.03654	0.01676	0.02181	0.01788	0.02431	0.01564	0.01473	0.07832	0.06716	0.39838	0.08972	0.04676	0.03489	0.01499	0.01065	0.00329	0.00835	0.07308	0.01151	0.01524
1	0.44454	0.02013	0.01778	0.01595	0.02191	0.02333	0.01277	0.03868	0.23591	0.04353	0.02446	0.02452	0.01858	0.01095	0.00774	0.00320	0.00778	0.00773	0.00774	0.01277
2	0.03019	0.02216	0.02443	0.02023	0.02599	0.02409	0.01605	0.39257	0.03856	0.05164	0.03321	0.20919	0.03161	0.01773	0.01080	0.00331	0.00942	0.01477	0.00976	0.01430
3	0.23043	0.01684	0.02421	0.02025	0.02545	0.01690	0.12845	0.02670	0.02058	0.10266	0.03316	0.24635	0.03329	0.01736	0.01022	0.00349	0.00909	0.01561	0.00779	0.01116
4	0.02467	0.02369	0.04046	0.06119	0.58747	0.02369	0.03059	0.03059	0.02270	0.03257	0.01875	0.02467	0.01579	0.00888	0.00987	0.00296	0.01184	0.00888	0.00493	0.01579
5	0.72007	0.01928	0.01465	0.01311	0.01928	0.02236	0.01080	0.02930	0.01697	0.04473	0.01388	0.01619	0.01080	0.00925	0.00617	0.00308	0.00771	0.00540	0.00617	0.01080
6	0.01320	0.01015	0.01206	0.01158	0.01433	0.00902	0.00869	0.01705	0.02606	0.03486	0.39353	0.08289	0.28593	0.02229	0.01177	0.00323	0.00484	0.01921	0.01030	0.00902
7	0.72007	0.01928	0.01465	0.01311	0.01928	0.02236	0.01080	0.02930	0.01697	0.04473	0.01388	0.01619	0.01080	0.00925	0.00617	0.00308	0.00771	0.00540	0.00617	0.01080
8	0.01257	0.01013	0.01119	0.01092	0.01395	0.00875	0.00819	0.01582	0.02457	0.03132	0.26306	0.08871	0.41861	0.02361	0.01177	0.00329	0.00493	0.02003	0.00984	0.00875
9	0.02067	0.01772	0.02067	0.01477	0.02362	0.01329	0.01181	0.02510	0.02067	0.03248	0.01772	0.02067	0.01477	0.00738	0.00738	0.00148	0.00738	0.00591	0.00591	0.71059
10	0.01374	0.01018	0.01282	0.01216	0.01467	0.00925	0.00912	0.01811	0.02736	0.03793	0.50669	0.07784	0.17086	0.02114	0.01176	0.00317	0.00476	0.01850	0.01070	0.00925
11	0.02467	0.02369	0.04046	0.06119	0.58747	0.02369	0.03059	0.03059	0.02270	0.03257	0.01875	0.02467	0.01579	0.00888	0.00987	0.00296	0.01184	0.00888	0.00493	0.01579
12	0.01215	0.00868	0.01157	0.01388	0.01446	0.00810	0.00925	0.01388	0.01909	0.02545	0.05495	0.64315	0.06593	0.03123	0.01272	0.00405	0.00578	0.02834	0.00925	0.00810
13	0.01242	0.00925	0.01166	0.01346	0.01481	0.00848	0.00951	0.01460	0.02024	0.02618	0.06488	0.47413	0.17900	0.02958	0.01261	0.00395	0.00593	0.07182	0.00925	0.00827
14	0.02181	0.02181	0.03053	0.02617	0.02617	0.03053	0.02181	0.02399	0.01527	0.02399	0.01309	0.02181	0.01309	0.01745	0.03272	0.00436	0.63141	0.00872	0.00436	0.01091
15	0.01999	0.05157	0.59800	0.02841	0.04315	0.02315	0.03683	0.03157	0.02105	0.03157	0.01789	0.02105	0.01263	0.00947	0.00947	0.00316	0.01473	0.00737	0.00421	0.01473
16	0.04364	0.01870	0.02421	0.01856	0.02631	0.01723	0.01533	0.12873	0.03144	0.51012	0.03689	0.03235	0.02345	0.01228	0.01002	0.00307	0.00888	0.00986	0.01196	0.01696
17	0.02098	0.04520	0.47095	0.02836	0.04140	0.02356	0.07603	0.03468	0.10015	0.03306	0.02134	0.02385	0.01539	0.00997	0.00976	0.00321	0.01392	0.00829	0.00513	0.01478
18	0.72007	0.01928	0.01465	0.01311	0.01928	0.02236	0.01080	0.02930	0.01697	0.04473	0.01388	0.01619	0.01080	0.00925	0.00617	0.00308	0.00771	0.00540	0.00617	0.01080
19	0.02181	0.02181	0.03053	0.02617	0.02617	0.03053	0.02181	0.02399	0.01527	0.02399	0.01309	0.02181	0.01309	0.01745	0.03272	0.00436	0.63141	0.00872	0.00436	0.01091
20	0.01508	0.01175	0.01388	0.01307	0.01612	0.01134	0.00988	0.02258	0.10309	0.03722	0.39548	0.07416	0.19751	0.02053	0.01154	0.00322	0.00523	0.01777	0.01046	0.01008
21	0.01438	0.01005	0.01223	0.01169	0.01420	0.00923	0.00877	0.01873	0.02630	0.03751	0.42692	0.07250	0.16170	0.01989	0.01107	0.00306	0.00475	0.01725	0.11055	0.00923
22	0.02583	0.02193	0.02312	0.02050	0.02632	0.02528	0.01603	0.09236	0.52839	0.04336	0.03927	0.03615	0.02937	0.01340	0.01013	0.00335	0.00813	0.01109	0.01013	0.01587

[dist]
# distance from previous block
# <min> <max>
0	24

[block]
# block no. 1 follows, 15 sequences, length 76
# corresponding to MSA columns:
# 58-133
name=unknown_B
#
# <colnr> <probs for GDERKNQSTAVLIFYWHMCP>
#	G	D	E	R	K	N	Q	S	T	A	V	L	I	F	Y	W	H	M	C	P
0	0.01357	0.01017	0.01258	0.01198	0.01456	0.00918	0.00898	0.01777	0.02695	0.03696	0.47086	0.07943	0.20730	0.02151	0.01176	0.00319	0.00478	0.01873	0.01058	0.00918
1	0.01999	0.05157	0.59800	0.02841	0.04315	0.02315	0.03683	0.03157	0.02105	0.03157	0.01789	0.02105	0.01263	0.00947	0.00947	0.00316	0.01473	0.00737	0.00421	0.01473
2	0.01215	0.00868	0.01157	0.01388	0.01446	0.00810	0.00925	0.01388	0.01909	0.02545	0.05495	0.64315	0.06593	0.03123	0.01272	0.00405	0.00578	0.02834	0.00925	0.00810
3	0.02467	0.02369	0.04046	0.06119	0.58747	0.02369	0.03059	0.03059	0.02270	0.03257	0.01875	0.02467	0.01579	0.00888	0.00987	0.00296	0.01184	0.00888	0.00493	0.01579
4	0.03185	0.02658	0.02640	0.02195	0.02862	0.07626	0.01752	0.28213	0.28439	0.04997	0.03084	0.02950	0.02278	0.01254	0.00997	0.00313	0.01014	0.00981	0.00965	0.01597
5	0.72007	0.01928	0.01465	0.01311	0.01928	0.02236	0.01080	0.02930	0.01697	0.04473	0.01388	0.01619	0.01080	0.00925	0.00617	0.00308	0.00771	0.00540	0.00617	0.01080
6	0.02052	0.09921	0.55495	0.02752	0.04176	0.02444	0.03527	0.03143	0.02098	0.03093	0.01757	0.02065	0.01264	0.00940	0.00923	0.00308	0.01441	0.00721	0.00421	0.01458
7	0.01740	0.01402	0.01622	0.01652	0.01997	0.01461	0.01325	0.02867	0.19517	0.03246	0.06102	0.13376	0.17946	0.02289	0.01204	0.00386	0.00744	0.19077	0.00951	0.01098
8	0.01426	0.01062	0.01570	0.01570	0.01736	0.01228	0.01206	0.01759	0.01593	0.02290	0.02700	0.04081	0.02564	0.11110	0.57479	0.01562	0.02563	0.01092	0.00538	0.00872
9	0.01883	0.01772	0.02990	0.62569	0.06866	0.02215	0.02769	0.02547	0.01993	0.02547	0.01772	0.02658	0.01329	0.00997	0.00997	0.00332	0.01329	0.00886	0.00443	0.01107
10	0.72007	0.01928	0.01465	0.01311	0.01928	0.02236	0.01080	0.02930	0.01697	0.04473	0.01388	0.01619	0.01080	0.00925	0.00617	0.00308	0.00771	0.00540	0.00617	0.01080
11	0.02178	0.03996	0.36559	0.02851	0.04019	0.02390	0.11339	0.03708	0.16111	0.03421	0.02403	0.02609	0.01756	0.01033	0.01001	0.00325	0.01332	0.00906	0.00585	0.01479
12	0.01242	0.00887	0.01188	0.01419	0.01489	0.00833	0.00973	0.01435	0.01935	0.02575	0.05479	0.60622	0.06534	0.03097	0.01280	0.00409	0.00602	0.06258	0.00925	0.00817
13	0.01804	0.01314	0.01738	0.01618	0.01745	0.01504	0.01214	0.02047	0.01929	0.06409	0.13062	0.14440	0.04365	0.16226	0.06693	0.00587	0.16318	0.01511	0.04548	0.00928
14	0.02144	0.23034	0.39219	0.02397	0.03583	0.02699	0.02893	0.02980	0.02067	0.02869	0.01930	0.06361	0.01646	0.01073	0.00878	0.00291	0.01287	0.00824	0.00458	0.01368
15	0.04143	0.01838	0.02362	0.01827	0.02565	0.01708	0.01503	0.13327	0.03166	0.46474	0.07433	0.03503	0.02816	0.01283	0.01014	0.00307	0.00865	0.01040	0.01184	0.01644
16	0.01999	0.05157	0.59800	0.02841	0.04315	0.02315	0.03683	0.03157	0.02105	0.03157	0.01789	0.02105	0.01263	0.00947	0.00947	0.00316	0.01473	0.00737	0.00421	0.01473
17	0.02665	0.65565	0.05224	0.01706	0.02559	0.03945	0.01706	0.02985	0.02026	0.02345	0.01386	0.01599	0.01279	0.00853	0.00640	0.00213	0.01066	0.00533	0.00426	0.01279
18	0.03728	0.04623	0.02836	0.02550	0.03082	0.57176	0.01924	0.07347	0.02947	0.02691	0.01597	0.01837	0.01311	0.01038	0.00905	0.00260	0.01752	0.00659	0.00545	0.01191
19	0.01706	0.00923	0.01362	0.01409	0.01456	0.00923	0.01017	0.01456	0.01502	0.01988	0.02457	0.04711	0.02551	0.03318	0.03381	0.56567	0.00876	0.11333	0.00532	0.00532
20	0.03724	0.04751	0.02825	0.02568	0.03082	0.60963	0.01926	0.03981	0.02825	0.02440	0.01541	0.01798	0.01284	0.01027	0.00899	0.00257	0.01798	0.00642	0.00514	0.01156
21	0.01643	0.00972	0.01123	0.01086	0.01319	0.00935	0.00814	0.02110	0.02443	0.03852	0.29713	0.05512	0.05853	0.01583	0.00927	0.00271	0.00467	0.01350	0.37090	0.00935
22	0.02353	0.02689	0.05882	0.04202	0.05210	0.02521	0.55126	0.03193	0.02353	0.03193	0.02017	0.02689	0.01513	0.00840	0.01176	0.00336	0.01681	0.01176	0.00504	0.01345
23	0.01260	0.00913	0.01198	0.01392	0.01497	0.00851	0.00975	0.01485	0.02032	0.02695	0.09457	0.51804	0.10380	0.02973	0.01268	0.00398	0.00596	0.07059	0.00937	0.00831
24	0.02643	0.02846	0.12454	0.03888	0.26000	0.02522	0.02586	0.13457	0.15804	0.04029	0.02482	0.02695	0.01901	0.01067	0.00989	0.00310	0.01120	0.00923	0.00701	0.01584
25	0.14242	0.30499	0.03844	0.02098	0.02808	0.22925	0.05175	0.03328	0.02265	0.02778	0.01480	0.01741	0.01264	0.00923	0.00759	0.00251	0.01307	0.00613	0.00492	0.01209
26	0.01359	0.01017	0.01260	0.01199	0.01457	0.00918	0.00899	0.01780	0.02698	0.03704	0.47381	0.07930	0.20429	0.02148	0.01176	0.00319	0.00478	0.01871	0.01059	0.00918
27	0.02677	0.02318	0.02840	0.02351	0.03010	0.02585	0.08501	0.13222	0.41397	0.04390	0.03524	0.03370	0.02626	0.01261	0.01032	0.00332	0.00954	0.01096	0.00946	0.01567
28	0.03701	0.01905	0.02803	0.02195	0.02785	0.01966	0.06115	0.04081	0.02467	0.39936	0.03092	0.03020	0.02087	0.01334	0.01607	0.00344	0.17105	0.00983	0.00966	0.01510
29	0.02480	0.02141	0.02254	0.02029	0.02592	0.02480	0.01578	0.05297	0.56946	0.04170	0.04057	0.03719	0.03043	0.01352	0.01014	0.00338	0.00789	0.01127	0.01014	0.01578
30	0.52684	0.01862	0.01708	0.01443	0.02104	0.02016	0.01190	0.03482	0.02028	0.20199	0.02116	0.02127	0.01477	0.01014	0.00727	0.00308	0.00793	0.00672	0.00793	0.01256
31	0.01961	0.01852	0.03132	0.54961	0.13858	0.02236	0.02808	0.02616	0.02031	0.02643	0.01786	0.02632	0.01363	0.00982	0.00995	0.00327	0.01309	0.00886	0.00450	0.01171
32	0.02665	0.65565	0.05224	0.01706	0.02559	0.03945	0.01706	0.02985	0.02026	0.02345	0.01386	0.01599	0.01279	0.00853	0.00640	0.00213	0.01066	0.00533	0.00426	0.01279
33	0.72007	0.01928	0.01465	0.01311	0.01928	0.02236	0.01080	0.02930	0.01697	0.04473	0.01388	0.01619	0.01080	0.00925	0.00617	0.00308	0.00771	0.00540	0.00617	0.01080
34	0.02154	0.02056	0.03446	0.34175	0.28756	0.02340	0.02851	0.02756	0.02079	0.02840	0.01783	0.02543	0.01434	0.01003	0.01154	0.00324	0.05647	0.00886	0.00464	0.01308
35	0.01534	0.01492	0.06659	0.01521	0.01843	0.01258	0.01298	0.02042	0.02639	0.03775	0.47962	0.06487	0.07937	0.01914	0.01350	0.00325	0.06363	0.01622	0.00976	0.01002
36	0.03524	0.02983	0.02821	0.02287	0.02993	0.12351	0.01838	0.37315	0.14572	0.05248	0.02580	0.02555	0.01891	0.01200	0.00985	0.00300	0.01151	0.00901	0.00922	0.01585
37	0.02391	0.02459	0.04476	0.08689	0.04351	0.02713	0.29040	0.07726	0.02279	0.03174	0.01809	0.02500	0.01450	0.01170	0.01798	0.00364	0.20783	0.01030	0.00523	0.01277
38	0.01346	0.00961	0.01307	0.01538	0.01654	0.00923	0.01154	0.01615	0.02038	0.02692	0.05422	0.46530	0.06306	0.02999	0.01307	0.00423	0.00692	0.19323	0.00923	0.00846
39	0.02691	0.08449	0.40219	0.02495	0.03734	0.02278	0.02957	0.06230	0.02400	0.15851	0.02272	0.02373	0.01556	0.01018	0.00941	0.00306	0.01286	0.00790	0.00633	0.01521
40	0.02446	0.02622	0.03014	0.02609	0.02697	0.12984	0.02137	0.02670	0.01749	0.02406	0.01348	0.02115	0.01304	0.01622	0.02865	0.00405	0.52621	0.00833	0.00449	0.01102
41	0.01556	0.01053	0.01173	0.01127	0.01458	0.00916	0.00850	0.01871	0.02376	0.07718	0.16749	0.11155	0.37524	0.02242	0.01124	0.00324	0.00528	0.01893	0.07424	0.00936
42	0.01437	0.01016	0.01336	0.01336	0.01422	0.01102	0.00914	0.01609	0.01523	0.02117	0.02914	0.05264	0.03077	0.37184	0.32107	0.01274	0.01790	0.01265	0.00570	0.00742
43	0.01244	0.00999	0.01110	0.01111	0.01394	0.00865	0.00822	0.01548	0.02386	0.03030	0.22612	0.14085	0.40391	0.02449	0.01186	0.00337	0.00502	0.02091	0.00972	0.00865
44	0.01883	0.01772	0.02990	0.62569	0.06866	0.02215	0.02769	0.02547	0.01993	0.02547	0.01772	0.02658	0.01329	0.00997	0.00997	0.00332	0.01329	0.00886	0.00443	0.01107
45	0.72007	0.01928	0.01465	0.01311	0.01928	0.02236	0.01080	0.02930	0.01697	0.04473	0.01388	0.01619	0.01080	0.00925	0.00617	0.00308	0.00771	0.00540	0.00617	0.01080
46	0.08537	0.02732	0.02886	0.02225	0.03011	0.03032	0.01838	0.51770	0.04479	0.06157	0.02323	0.02340	0.01652	0.01178	0.00971	0.00300	0.01074	0.00873	0.00971	0.01652
47	0.02113	0.02035	0.03535	0.39515	0.24559	0.02287	0.06177	0.02764	0.02111	0.02831	0.01823	0.02594	0.01426	0.00950	0.01005	0.00320	0.01302	0.00905	0.00464	0.01284
48	0.01304	0.01015	0.01185	0.01142	0.01424	0.00895	0.00857	0.01675	0.02570	0.03400	0.36177	0.08430	0.31822	0.02261	0.01177	0.00324	0.00486	0.01941	0.01019	0.00895
49	0.01883	0.01772	0.02990	0.62569	0.06866	0.02215	0.02769	0.02547	0.01993	0.02547	0.01772	0.02658	0.01329	0.00997	0.00997	0.00332	0.01329	0.00886	0.00443	0.01107
50	0.01444	0.00991	0.01221	0.01295	0.01355	0.00994	0.00868	0.01572	0.01676	0.02231	0.03830	0.15327	0.04356	0.41660	0.07157	0.00833	0.01003	0.10777	0.00702	0.00706
51	0.01368	0.01000	0.01228	0.01276	0.01454	0.00934	0.00928	0.01648	0.02206	0.02929	0.21018	0.17456	0.17194	0.15288	0.02018	0.00487	0.00661	0.09173	0.00908	0.00827
52	0.01214	0.01011	0.01060	0.01048	0.01369	0.00857	0.00786	0.01500	0.02357	0.02894	0.17512	0.09263	0.50804	0.02450	0.01178	0.00333	0.00500	0.02058	0.00952	0.00857
53	0.01275	0.01014	0.01144	0.01112	0.01406	0.00883	0.00834	0.01618	0.02501	0.03236	0.30135	0.08700	0.37967	0.02322	0.01177	0.00327	0.00491	0.01979	0.00997	0.00883
54	0.02067	0.01772	0.02067	0.01477	0.02362	0.01329	0.01181	0.02510	0.02067	0.03248	0.01772	0.02067	0.01477	0.00738	0.00738	0.00148	0.00738	0.00591	0.00591	0.71059
55	0.02665	0.65565	0.05224	0.01706	0.02559	0.03945	0.01706	0.02985	0.02026	0.02345	0.01386	0.01599	0.01279	0.00853	0.00640	0.00213	0.01066	0.00533	0.00426	0.01279
56	0.01606	0.01147	0.01606	0.01836	0.02065	0.01147	0.01606	0.02065	0.02295	0.02983	0.05278	0.11245	0.05737	0.02754	0.01377	0.00459	0.00918	0.52037	0.00918	0.00918
57	0.01215	0.00868	0.01157	0.01388	0.01446	0.00810	0.00925	0.01388	0.01909	0.02545	0.05495	0.64315	0.06593	0.03123	0.01272	0.00405	0.00578	0.02834	0.00925	0.00810
58	0.02467	0.02369	0.04046	0.06119	0.58747	0.02369	0.03059	0.03059	0.02270	0.03257	0.01875	0.02467	0.01579	0.00888	0.00987	0.00296	0.01184	0.00888	0.00493	0.01579
59	0.03588	0.04524	0.02845	0.02573	0.03041	0.55845	0.01949	0.03841	0.02710	0.02436	0.01520	0.01832	0.01286	0.01091	0.01109	0.00273	0.07219	0.00662	0.00507	0.01150
60	0.04473	0.01697	0.02313	0.01774	0.02545	0.01465	0.01465	0.04858	0.02853	0.59437	0.03933	0.03393	0.02468	0.01234	0.01003	0.00308	0.00848	0.01003	0.01234	0.01697
61	0.02067	0.01772	0.02067	0.01477	0.02362	0.01329	0.01181	0.02510	0.02067	0.03248	0.01772	0.02067	0.01477	0.00738	0.00738	0.00148	0.00738	0.00591	0.00591	0.71059
62	0.01606	0.01147	0.01606	0.01836	0.02065	0.01147	0.01606	0.02065	0.02295	0.02983	0.05278	0.11245	0.05737	0.02754	0.01377	0.00459	0.00918	0.52037	0.00918	0.00918
63	0.01450	0.00966	0.01087	0.01087	0.01087	0.00966	0.00604	0.01450	0.01450	0.01933	0.03141	0.06524	0.03624	0.64965	0.05074	0.00966	0.00966	0.01450	0.00604	0.00604
64	0.02467	0.02369	0.04046	0.06119	0.58747	0.02369	0.03059	0.03059	0.02270	0.03257	0.01875	0.02467	0.01579	0.00888	0.00987	0.00296	0.01184	0.00888	0.00493	0.01579
65	0.01937	0.01827	0.03088	0.57341	0.11671	0.02229	0.02795	0.02595	0.02019	0.02613	0.01781	0.02640	0.01352	0.00987	0.00996	0.00329	0.01316	0.00886	0.00448	0.01151
66	0.01202	0.01006	0.01017	0.01017	0.01324	0.00853	0.00744	0.01432	0.02200	0.02626	0.09484	0.09323	0.53506	0.08043	0.01522	0.00392	0.00546	0.02046	0.00897	0.00821
67	0.02665	0.65565	0.05224	0.01706	0.02559	0.03945	0.01706	0.02985	0.02026	0.02345	0.01386	0.01599	0.01279	0.00853	0.00640	0.00213	0.01066	0.00533	0.00426	0.01279
68	0.02067	0.01772	0.02067	0.01477	0.02362	0.01329	0.01181	0.02510	0.02067	0.03248	0.01772	0.02067	0.01477	0.00738	0.00738	0.00148	0.00738	0.00591	0.00591	0.71059
69	0.02318	0.02217	0.03777	0.20496	0.45534	0.02329	0.02985	0.02929	0.02199	0.03076	0.01849	0.02516	0.01515	0.00916	0.00989	0.00305	0.01221	0.00888	0.00481	0.01459
70	0.06550	0.02270	0.01910	0.01738	0.02100	0.17321	0.01273	0.03154	0.07248	0.11797	0.02955	0.04498	0.02740	0.24447	0.02458	0.00546	0.01140	0.04052	0.00739	0.01064
71	0.13754	0.07882	0.03732	0.04950	0.44573	0.02486	0.02619	0.03032	0.02155	0.03373	0.01753	0.02253	0.01472	0.00891	0.00896	0.00291	0.01107	0.00800	0.00508	0.01472
72	0.18889	0.02549	0.02100	0.01898	0.02432	0.18072	0.01515	0.07920	0.02519	0.07178	0.02696	0.07203	0.02515	0.01454	0.00948	0.00313	0.01104	0.10625	0.00736	0.07337
73	0.08108	0.02160	0.03497	0.09721	0.44625	0.02213	0.02676	0.02899	0.02252	0.03371	0.07045	0.02873	0.02243	0.01006	0.00974	0.00302	0.01095	0.00944	0.00556	0.01441
74	0.20751	0.02920	0.02236	0.01962	0.02532	0.24422	0.01524	0.07238	0.02593	0.14947	0.02420	0.07913	0.01997	0.01250	0.00891	0.00297	0.01184	0.00911	0.00759	0.01253
75	0.08519	0.01431	0.01900	0.06742	0.02456	0.01482	0.01491	0.02797	0.02369	0.16807	0.13972	0.10112	0.04604	0.01900	0.01277	0.00366	0.05224	0.14478	0.00928	0.01145

[dist]
# distance from previous block
# <min> <max>
5	1006

# created by:
# /st0/software/busco_prod/Augustus/scripts/msa2prfl.pl ./align_prep/10808.fa
