[name]
unknown

[dist]
# distance from previous block
# <min> <max>
0	38

[block]
# block no. 0 follows, 12 sequences, length 38
# corresponding to MSA columns:
# 38-75
name=unknown_A
#
# <colnr> <probs for GDERKNQSTAVLIFYWHMCP>
#	G	D	E	R	K	N	Q	S	T	A	V	L	I	F	Y	W	H	M	C	P
0	0.01757	0.01255	0.01757	0.02008	0.02259	0.01255	0.01757	0.02259	0.02510	0.03263	0.05773	0.12299	0.06275	0.03012	0.01506	0.00502	0.01004	0.47540	0.01004	0.01004
1	0.02392	0.02278	0.03872	0.31797	0.32171	0.02510	0.03194	0.03078	0.02338	0.03190	0.01997	0.02799	0.01596	0.01028	0.01085	0.00343	0.01371	0.00970	0.00513	0.01480
2	0.01328	0.00949	0.01265	0.01518	0.01581	0.00886	0.01012	0.01518	0.02088	0.02783	0.06010	0.60969	0.07212	0.03416	0.01392	0.00443	0.00633	0.03100	0.01012	0.00886
3	0.01325	0.00962	0.01251	0.01483	0.01572	0.00889	0.00996	0.01522	0.02122	0.02797	0.06444	0.56614	0.11286	0.03360	0.01383	0.00436	0.00626	0.03031	0.01012	0.00889
4	0.03263	0.02219	0.02482	0.02148	0.02822	0.02432	0.01695	0.05673	0.40334	0.17461	0.04403	0.03978	0.03169	0.01447	0.01106	0.00362	0.00879	0.01198	0.01170	0.01759
5	0.02385	0.02385	0.03340	0.02863	0.02863	0.03340	0.02385	0.02624	0.01670	0.02624	0.01431	0.02385	0.01431	0.01908	0.03578	0.00477	0.59685	0.00954	0.00477	0.01193
6	0.04073	0.05197	0.03090	0.02809	0.03371	0.57303	0.02107	0.04354	0.03090	0.02669	0.01685	0.01966	0.01404	0.01124	0.00983	0.00281	0.01966	0.00702	0.00562	0.01264
7	0.01660	0.01186	0.01645	0.01897	0.02105	0.01171	0.01588	0.02091	0.02414	0.03154	0.05827	0.23338	0.06487	0.03104	0.01480	0.00489	0.00920	0.37461	0.01006	0.00977
8	0.01328	0.00949	0.01265	0.01518	0.01581	0.00886	0.01012	0.01518	0.02088	0.02783	0.06010	0.60969	0.07212	0.03416	0.01392	0.00443	0.00633	0.03100	0.01012	0.00886
9	0.04438	0.02372	0.03110	0.02357	0.03232	0.02333	0.05734	0.21627	0.03796	0.33970	0.03530	0.03257	0.02312	0.01300	0.01110	0.00336	0.01098	0.01071	0.01193	0.01824
10	0.02512	0.01478	0.01528	0.01355	0.01749	0.01553	0.01059	0.13587	0.02931	0.04702	0.03344	0.03737	0.02581	0.01279	0.00837	0.00271	0.00665	0.01008	0.52619	0.01206
11	0.03184	0.03695	0.03127	0.02729	0.03082	0.29047	0.02158	0.03464	0.02402	0.02726	0.01597	0.02174	0.01434	0.01437	0.02095	0.00356	0.26936	0.00807	0.00532	0.07021
12	0.01942	0.01227	0.01444	0.01323	0.01731	0.01063	0.01016	0.02318	0.02779	0.11764	0.23849	0.08664	0.32068	0.02367	0.01257	0.00355	0.00600	0.02004	0.01126	0.01104
13	0.02699	0.02591	0.04426	0.06693	0.54879	0.02591	0.03346	0.03346	0.02483	0.03562	0.02051	0.02699	0.01727	0.00972	0.01079	0.00324	0.01295	0.00972	0.00540	0.01727
14	0.64778	0.02326	0.01707	0.01531	0.02198	0.06314	0.01246	0.03286	0.01943	0.04735	0.01530	0.01785	0.01197	0.01020	0.00697	0.00333	0.00923	0.00598	0.00667	0.01187
15	0.02044	0.01340	0.01693	0.01534	0.01897	0.01291	0.01174	0.02853	0.09012	0.09929	0.42979	0.07182	0.08642	0.02045	0.01245	0.00346	0.00600	0.01790	0.01206	0.01201
16	0.02312	0.02126	0.03435	0.11756	0.25178	0.02200	0.06054	0.03247	0.08594	0.03775	0.15529	0.04283	0.04037	0.01362	0.01152	0.00343	0.01108	0.01278	0.00768	0.01462
17	0.04033	0.04218	0.02979	0.02604	0.03245	0.37921	0.02001	0.10597	0.08731	0.09703	0.02412	0.02484	0.01823	0.01212	0.01024	0.00303	0.01626	0.00842	0.00782	0.01459
18	0.64034	0.02362	0.01724	0.01546	0.02212	0.06939	0.01257	0.03299	0.01957	0.04710	0.01532	0.01787	0.01199	0.01021	0.00700	0.00333	0.00935	0.00600	0.00666	0.01188
19	0.01575	0.01098	0.01399	0.01399	0.01471	0.01171	0.00922	0.01720	0.01648	0.02269	0.03244	0.06074	0.03503	0.41769	0.24831	0.01316	0.01751	0.01430	0.00632	0.00777
20	0.02261	0.01938	0.02261	0.01615	0.02584	0.01453	0.01292	0.02745	0.02261	0.03553	0.01938	0.02261	0.01615	0.00807	0.00807	0.00161	0.00807	0.00646	0.00646	0.68346
21	0.01462	0.01005	0.01226	0.01347	0.01377	0.00975	0.00829	0.01553	0.01826	0.02435	0.04670	0.32943	0.05521	0.33749	0.03556	0.00763	0.00854	0.02311	0.00829	0.00769
22	0.02296	0.02077	0.03298	0.09383	0.31048	0.02141	0.02575	0.03077	0.07116	0.03410	0.03354	0.15163	0.03312	0.01680	0.01180	0.00370	0.01113	0.05231	0.00720	0.01457
23	0.01293	0.01086	0.01124	0.01154	0.01486	0.00916	0.00850	0.01559	0.02438	0.02926	0.10447	0.16492	0.48824	0.02839	0.01301	0.00377	0.00562	0.02396	0.01012	0.00916
24	0.02166	0.04020	0.32588	0.03071	0.07885	0.02461	0.03166	0.03056	0.02313	0.03440	0.10165	0.03278	0.02832	0.01396	0.01592	0.00370	0.13135	0.01034	0.00588	0.01444
25	0.02238	0.01371	0.01769	0.01508	0.01978	0.01195	0.01170	0.02732	0.02964	0.13178	0.37475	0.06460	0.07621	0.01855	0.01179	0.00314	0.00632	0.01614	0.01140	0.11606
26	0.12109	0.06606	0.02417	0.02412	0.10403	0.02033	0.01567	0.03072	0.11216	0.03776	0.13923	0.11271	0.04589	0.08172	0.01557	0.00424	0.00874	0.01459	0.00862	0.01258
27	0.02311	0.03003	0.16394	0.04608	0.30515	0.02222	0.02988	0.03080	0.02575	0.03719	0.13879	0.03837	0.03584	0.01273	0.01116	0.00333	0.01196	0.01158	0.00670	0.01540
28	0.01953	0.01681	0.02474	0.02461	0.08574	0.01658	0.06782	0.02912	0.10809	0.04077	0.30494	0.06509	0.11380	0.01869	0.01234	0.00350	0.00809	0.01693	0.01020	0.01260
29	0.02698	0.04170	0.32552	0.11749	0.04696	0.02561	0.03252	0.10128	0.05895	0.08381	0.02401	0.02673	0.01692	0.01136	0.01062	0.00347	0.01425	0.00907	0.00667	0.01609
30	0.02301	0.04212	0.33929	0.02846	0.04050	0.02475	0.06662	0.03957	0.15648	0.03820	0.06832	0.03282	0.02628	0.01239	0.01094	0.00353	0.01344	0.01047	0.00697	0.01584
31	0.02275	0.02143	0.02601	0.13833	0.03441	0.07436	0.01988	0.02926	0.06282	0.03342	0.14410	0.04077	0.03777	0.01657	0.01862	0.00377	0.18968	0.01200	0.06214	0.01192
32	0.02592	0.18738	0.37864	0.02743	0.04106	0.03055	0.03285	0.09088	0.02617	0.03649	0.01931	0.02209	0.01442	0.01044	0.00963	0.00317	0.01457	0.00774	0.00537	0.01590
33	0.03887	0.02057	0.02494	0.02032	0.02762	0.02061	0.01638	0.09510	0.18476	0.31352	0.08225	0.04075	0.03425	0.01456	0.01115	0.00347	0.00900	0.01198	0.01240	0.01749
34	0.02917	0.39330	0.19994	0.02235	0.03355	0.03504	0.02466	0.03541	0.02338	0.08552	0.01945	0.02122	0.01534	0.01008	0.00840	0.00277	0.01270	0.00703	0.00560	0.01510
35	0.01581	0.01074	0.01277	0.01277	0.01307	0.01105	0.00770	0.01642	0.01612	0.02179	0.03355	0.06690	0.03771	0.53330	0.13636	0.01166	0.01348	0.01520	0.00649	0.00710
36	0.03333	0.41735	0.04768	0.02206	0.03005	0.23419	0.01953	0.03658	0.02531	0.02603	0.01577	0.01827	0.01401	0.01002	0.00802	0.00250	0.01455	0.00626	0.00501	0.01351
37	0.09746	0.02016	0.02559	0.02322	0.08285	0.01814	0.01662	0.04131	0.05898	0.25636	0.03067	0.02989	0.02153	0.01116	0.00965	0.00283	0.00918	0.00903	0.00963	0.22572

[dist]
# distance from previous block
# <min> <max>
0	9

[block]
# block no. 1 follows, 12 sequences, length 24
# corresponding to MSA columns:
# 85-108
name=unknown_B
#
# <colnr> <probs for GDERKNQSTAVLIFYWHMCP>
#	G	D	E	R	K	N	Q	S	T	A	V	L	I	F	Y	W	H	M	C	P
0	0.03229	0.19919	0.16060	0.02414	0.03344	0.11672	0.02382	0.04045	0.07273	0.12394	0.02410	0.02518	0.01810	0.01172	0.01108	0.00313	0.04883	0.00829	0.00698	0.01526
1	0.01586	0.01057	0.01189	0.01189	0.01189	0.01057	0.00661	0.01586	0.01586	0.02114	0.03436	0.07135	0.03964	0.61681	0.05550	0.01057	0.01057	0.01586	0.00661	0.00661
2	0.01322	0.00974	0.01240	0.01452	0.01564	0.00891	0.00983	0.01526	0.02151	0.02809	0.06814	0.52904	0.14757	0.03311	0.01375	0.00431	0.00620	0.02972	0.01012	0.00891
3	0.02016	0.01758	0.02693	0.17423	0.16227	0.01880	0.02158	0.02774	0.06698	0.03505	0.15497	0.14512	0.04824	0.01780	0.01190	0.00363	0.00994	0.01611	0.00816	0.01279
4	0.02652	0.02329	0.03254	0.02764	0.02854	0.03155	0.02302	0.02910	0.01824	0.08266	0.01737	0.02527	0.01566	0.01849	0.03314	0.00462	0.53431	0.00969	0.00570	0.01263
5	0.01726	0.01383	0.01603	0.01658	0.02024	0.01370	0.01353	0.02588	0.11439	0.03357	0.07797	0.10065	0.26402	0.02633	0.01342	0.00421	0.00785	0.19931	0.01026	0.01096
6	0.01430	0.01003	0.01285	0.01436	0.01491	0.00983	0.00933	0.01578	0.01900	0.02550	0.04922	0.38947	0.05787	0.22141	0.07752	0.00754	0.00972	0.02450	0.00863	0.00823
7	0.12964	0.01965	0.02263	0.07700	0.03032	0.01715	0.01459	0.02823	0.02188	0.03685	0.01871	0.02251	0.01528	0.00870	0.00816	0.00211	0.00882	0.00671	0.00633	0.50469
8	0.02380	0.02265	0.03850	0.32792	0.31271	0.02507	0.03188	0.03067	0.02332	0.03175	0.01995	0.02802	0.01591	0.01031	0.01085	0.00344	0.01374	0.00970	0.00512	0.01470
9	0.01378	0.01079	0.01263	0.01386	0.01637	0.00964	0.01040	0.01664	0.02362	0.02946	0.08562	0.26994	0.31356	0.03013	0.01357	0.00414	0.00652	0.09998	0.01011	0.00923
10	0.02946	0.14034	0.22106	0.02791	0.03796	0.21873	0.06187	0.03644	0.02638	0.03104	0.05455	0.02549	0.02032	0.01125	0.00999	0.00306	0.01604	0.00850	0.00555	0.01405
11	0.01862	0.00968	0.01452	0.01452	0.01470	0.00986	0.00986	0.01470	0.01452	0.01954	0.01991	0.03406	0.01972	0.04201	0.09257	0.62017	0.01133	0.00968	0.00484	0.00521
12	0.19772	0.02164	0.02501	0.02504	0.10982	0.02144	0.01694	0.10537	0.02730	0.08553	0.03115	0.03256	0.07270	0.01215	0.00936	0.00294	0.00939	0.00949	0.00801	0.17642
13	0.04892	0.01856	0.02530	0.01940	0.02783	0.01603	0.01603	0.05314	0.03121	0.55634	0.04302	0.03711	0.02699	0.01350	0.01096	0.00337	0.00928	0.01096	0.01350	0.01856
14	0.01520	0.01029	0.01209	0.01274	0.01290	0.01013	0.00751	0.01568	0.01714	0.02286	0.04096	0.20948	0.04797	0.46731	0.04483	0.00899	0.00948	0.01974	0.00751	0.00718
15	0.01641	0.01263	0.01833	0.17058	0.03174	0.01348	0.01541	0.02082	0.02367	0.03276	0.16112	0.27568	0.05978	0.02310	0.01228	0.00381	0.00816	0.02066	0.06939	0.01020
16	0.03119	0.03803	0.18257	0.03798	0.12429	0.11451	0.14542	0.03901	0.02661	0.11962	0.02374	0.02697	0.01724	0.01064	0.01105	0.00335	0.01561	0.00979	0.00658	0.01579
17	0.25141	0.01935	0.02239	0.01781	0.02572	0.01867	0.01470	0.04652	0.02724	0.39702	0.03428	0.03102	0.02222	0.01244	0.00964	0.00337	0.00901	0.00938	0.01138	0.01644
18	0.04435	0.01721	0.02288	0.01792	0.02542	0.01509	0.01468	0.04871	0.02988	0.47395	0.04183	0.03768	0.02714	0.01337	0.01043	0.00324	0.00861	0.01084	0.11956	0.01721
19	0.03117	0.09350	0.14379	0.08244	0.16566	0.02515	0.08359	0.03835	0.02568	0.16724	0.02562	0.02824	0.01843	0.01081	0.01060	0.00330	0.01325	0.00966	0.00721	0.01631
20	0.03367	0.03666	0.20431	0.02749	0.03850	0.02773	0.06017	0.22413	0.08090	0.11588	0.02756	0.02809	0.01929	0.01214	0.01089	0.00341	0.01312	0.00983	0.00884	0.01737
21	0.01503	0.01106	0.01438	0.01595	0.01804	0.01041	0.01240	0.01867	0.02458	0.03229	0.14473	0.27507	0.15149	0.02980	0.01397	0.00435	0.00728	0.18055	0.01039	0.00955
22	0.58948	0.02602	0.01840	0.01654	0.02310	0.11211	0.01329	0.03389	0.02053	0.04537	0.01545	0.01802	0.01217	0.01030	0.00724	0.00328	0.01023	0.00608	0.00657	0.01194
23	0.02756	0.01317	0.01665	0.01469	0.01879	0.01206	0.01118	0.03162	0.02680	0.20917	0.16661	0.10014	0.05112	0.07399	0.01507	0.00395	0.00711	0.01509	0.17271	0.01253

[dist]
# distance from previous block
# <min> <max>
0	1

[block]
# block no. 2 follows, 12 sequences, length 11
# corresponding to MSA columns:
# 110-120
name=unknown_C
#
# <colnr> <probs for GDERKNQSTAVLIFYWHMCP>
#	G	D	E	R	K	N	Q	S	T	A	V	L	I	F	Y	W	H	M	C	P
0	0.09768	0.19908	0.23028	0.02245	0.03399	0.02756	0.02476	0.03425	0.02297	0.07990	0.01993	0.02212	0.01519	0.00996	0.00874	0.00283	0.01217	0.00722	0.00593	0.12298
1	0.31089	0.13286	0.08653	0.02484	0.07953	0.14068	0.02002	0.03492	0.02279	0.03760	0.01651	0.01955	0.01339	0.01020	0.00821	0.00308	0.01255	0.00673	0.00580	0.01334
2	0.01328	0.00949	0.01265	0.01518	0.01581	0.00886	0.01012	0.01518	0.02088	0.02783	0.06010	0.60969	0.07212	0.03416	0.01392	0.00443	0.00633	0.03100	0.01012	0.00886
3	0.02261	0.01938	0.02261	0.01615	0.02584	0.01453	0.01292	0.02745	0.02261	0.03553	0.01938	0.02261	0.01615	0.00807	0.00807	0.00161	0.00807	0.00646	0.00646	0.68346
4	0.09938	0.04422	0.35690	0.02702	0.04008	0.02559	0.03137	0.11444	0.02807	0.09961	0.02279	0.02454	0.01584	0.01113	0.01013	0.00341	0.01387	0.00844	0.00685	0.01633
5	0.02615	0.03818	0.29077	0.02758	0.03885	0.02300	0.07044	0.03970	0.11871	0.10880	0.03152	0.08435	0.02504	0.01378	0.01114	0.00360	0.01303	0.01185	0.00766	0.01586
6	0.02696	0.01499	0.01884	0.01569	0.02160	0.01294	0.01243	0.03103	0.02676	0.20446	0.13215	0.05911	0.16672	0.02420	0.06660	0.00455	0.00945	0.01465	0.01048	0.12636
7	0.02932	0.02417	0.02531	0.01968	0.02822	0.06129	0.01569	0.11012	0.11748	0.07491	0.02615	0.02705	0.02007	0.01061	0.00936	0.00244	0.00971	0.00834	0.00835	0.37174
8	0.02545	0.20092	0.32483	0.02564	0.03865	0.02954	0.02994	0.07130	0.02499	0.03500	0.01890	0.02176	0.01450	0.01005	0.00926	0.00294	0.01371	0.00743	0.00533	0.08988
9	0.08888	0.12928	0.10233	0.12293	0.03844	0.02742	0.02234	0.14044	0.02932	0.09811	0.02632	0.08047	0.02184	0.01347	0.01009	0.00333	0.01178	0.01067	0.00777	0.01479
10	0.03157	0.18489	0.07804	0.02042	0.02795	0.02316	0.01932	0.03657	0.02616	0.20573	0.03790	0.05688	0.03327	0.01719	0.01109	0.00360	0.01075	0.15178	0.00926	0.01449

[dist]
# distance from previous block
# <min> <max>
0	6

[block]
# block no. 3 follows, 12 sequences, length 49
# corresponding to MSA columns:
# 127-175
name=unknown_D
#
# <colnr> <probs for GDERKNQSTAVLIFYWHMCP>
#	G	D	E	R	K	N	Q	S	T	A	V	L	I	F	Y	W	H	M	C	P
0	0.02268	0.02331	0.13106	0.02516	0.08200	0.01660	0.02023	0.03003	0.06593	0.10581	0.04383	0.29879	0.04469	0.02213	0.01220	0.00389	0.00965	0.01963	0.00904	0.01331
1	0.02411	0.07344	0.20544	0.02938	0.03946	0.02458	0.15527	0.06646	0.06141	0.03719	0.02790	0.08596	0.02357	0.01309	0.01096	0.00344	0.01345	0.01213	0.07826	0.01449
2	0.02732	0.37915	0.11831	0.02130	0.03022	0.07362	0.02119	0.03480	0.07273	0.02891	0.02028	0.02340	0.01729	0.01781	0.06796	0.00426	0.01441	0.00749	0.00549	0.01407
3	0.02706	0.31408	0.27869	0.02513	0.03711	0.08780	0.02853	0.03457	0.02341	0.02971	0.01729	0.02017	0.01392	0.00998	0.00878	0.00288	0.01444	0.00694	0.00473	0.01480
4	0.07379	0.14599	0.16206	0.02473	0.03450	0.02830	0.05555	0.11921	0.06547	0.08426	0.02756	0.03562	0.02242	0.01322	0.01034	0.00339	0.01242	0.05806	0.00771	0.01540
5	0.01604	0.01078	0.01250	0.01277	0.01304	0.01078	0.00778	0.01658	0.01685	0.02237	0.03686	0.07688	0.04211	0.55405	0.05117	0.00998	0.01051	0.06501	0.00697	0.00697
6	0.01494	0.01213	0.01952	0.01927	0.02128	0.01134	0.07639	0.01780	0.02152	0.02878	0.05505	0.53264	0.06474	0.03084	0.01378	0.00433	0.00793	0.02859	0.00951	0.00963
7	0.02365	0.02373	0.04396	0.30833	0.19938	0.02554	0.15402	0.03120	0.02363	0.03178	0.02037	0.02859	0.01580	0.01014	0.01138	0.00354	0.01509	0.01051	0.00517	0.01418
8	0.03526	0.02139	0.03077	0.07108	0.17918	0.02119	0.02189	0.08424	0.06510	0.24232	0.08323	0.03735	0.03060	0.01317	0.01110	0.00337	0.01047	0.01138	0.01006	0.01685
9	0.01557	0.01066	0.01284	0.01296	0.01350	0.01072	0.00804	0.01668	0.01804	0.02454	0.08973	0.11465	0.04773	0.44774	0.10291	0.01004	0.01163	0.01709	0.00739	0.00752
10	0.02385	0.02385	0.03340	0.02863	0.02863	0.03340	0.02385	0.02624	0.01670	0.02624	0.01431	0.02385	0.01431	0.01908	0.03578	0.00477	0.59685	0.00954	0.00477	0.01193
11	0.02385	0.02385	0.03340	0.02863	0.02863	0.03340	0.02385	0.02624	0.01670	0.02624	0.01431	0.02385	0.01431	0.01908	0.03578	0.00477	0.59685	0.00954	0.00477	0.01193
12	0.04892	0.01856	0.02530	0.01940	0.02783	0.01603	0.01603	0.05314	0.03121	0.55634	0.04302	0.03711	0.02699	0.01350	0.01096	0.00337	0.00928	0.01096	0.01350	0.01856
13	0.01328	0.00949	0.01265	0.01518	0.01581	0.00886	0.01012	0.01518	0.02088	0.02783	0.06010	0.60969	0.07212	0.03416	0.01392	0.00443	0.00633	0.03100	0.01012	0.00886
14	0.01374	0.00982	0.01318	0.01571	0.01654	0.00925	0.01092	0.01597	0.02133	0.02835	0.05984	0.55763	0.07111	0.03373	0.01404	0.00449	0.00672	0.07853	0.01011	0.00898
15	0.02187	0.05640	0.56031	0.03108	0.04719	0.02532	0.04029	0.03453	0.02302	0.03453	0.01957	0.02302	0.01381	0.01036	0.01036	0.00345	0.01611	0.00806	0.00460	0.01611
16	0.01481	0.01085	0.01389	0.01371	0.01605	0.00993	0.01006	0.01915	0.02853	0.03954	0.41606	0.17570	0.14135	0.02488	0.01305	0.00363	0.00539	0.02201	0.01149	0.00993
17	0.02291	0.02463	0.08044	0.06587	0.03157	0.02683	0.02202	0.03354	0.14111	0.03303	0.07125	0.03650	0.02845	0.05661	0.02481	0.00457	0.26429	0.01140	0.00704	0.01313
18	0.01426	0.01024	0.01352	0.01452	0.01603	0.00950	0.01020	0.01762	0.02539	0.03502	0.27861	0.37068	0.08604	0.02879	0.01344	0.00398	0.00579	0.02589	0.01097	0.00950
19	0.02240	0.04371	0.36203	0.03564	0.09927	0.02418	0.11713	0.03301	0.02451	0.03569	0.07542	0.03072	0.02407	0.01135	0.01110	0.00347	0.01501	0.01030	0.00563	0.01538
20	0.02261	0.11386	0.50932	0.02982	0.04525	0.02713	0.03809	0.03434	0.02293	0.03363	0.01912	0.02246	0.01383	0.01025	0.01002	0.00334	0.01566	0.00783	0.00461	0.01590
21	0.69383	0.02109	0.01603	0.01434	0.02109	0.02446	0.01181	0.03205	0.01856	0.04892	0.01518	0.01771	0.01181	0.01012	0.00675	0.00337	0.00843	0.00590	0.00675	0.01181
22	0.03484	0.02077	0.02594	0.02151	0.02746	0.02247	0.01747	0.13554	0.10082	0.22187	0.03397	0.03521	0.02491	0.02827	0.12962	0.00646	0.07594	0.01093	0.01014	0.01585
23	0.01328	0.00949	0.01265	0.01518	0.01581	0.00886	0.01012	0.01518	0.02088	0.02783	0.06010	0.60969	0.07212	0.03416	0.01392	0.00443	0.00633	0.03100	0.01012	0.00886
24	0.01516	0.01589	0.07094	0.01455	0.01897	0.01147	0.01271	0.02021	0.02779	0.03743	0.32624	0.08404	0.25827	0.02302	0.01261	0.00353	0.00644	0.01972	0.01052	0.01050
25	0.02033	0.01016	0.01016	0.01016	0.01270	0.01016	0.00762	0.02541	0.02287	0.04065	0.03557	0.04065	0.02795	0.01270	0.00762	0.00254	0.00508	0.01016	0.67734	0.01016
26	0.02261	0.01938	0.02261	0.01615	0.02584	0.01453	0.01292	0.02745	0.02261	0.03553	0.01938	0.02261	0.01615	0.00807	0.00807	0.00161	0.00807	0.00646	0.00646	0.68346
27	0.02265	0.11705	0.50649	0.02975	0.04514	0.02723	0.03797	0.03433	0.02293	0.03358	0.01910	0.02243	0.01383	0.01025	0.01000	0.00333	0.01564	0.00782	0.00461	0.01589
28	0.03065	0.02517	0.02664	0.02290	0.02970	0.02877	0.01811	0.16985	0.41144	0.05130	0.03990	0.03711	0.02965	0.01437	0.01105	0.00359	0.00946	0.01171	0.01105	0.01757
29	0.62573	0.02466	0.07118	0.01604	0.02373	0.02455	0.01469	0.03230	0.01901	0.04746	0.01563	0.01825	0.01201	0.01015	0.00711	0.00338	0.00921	0.00612	0.00653	0.01224
30	0.02059	0.01938	0.03270	0.59060	0.07510	0.02422	0.03028	0.02786	0.02180	0.02786	0.01938	0.02907	0.01453	0.01090	0.01090	0.00363	0.01453	0.00969	0.00484	0.01211
31	0.02450	0.02742	0.09501	0.21345	0.31621	0.02551	0.07601	0.03208	0.02385	0.03319	0.02023	0.02741	0.01606	0.01008	0.01097	0.00341	0.01422	0.00982	0.00517	0.01543
32	0.01586	0.01057	0.01189	0.01189	0.01189	0.01057	0.00661	0.01586	0.01586	0.02114	0.03436	0.07135	0.03964	0.61681	0.05550	0.01057	0.01057	0.01586	0.00661	0.00661
33	0.02162	0.01855	0.02280	0.07428	0.02999	0.01504	0.01444	0.02646	0.02238	0.03411	0.02280	0.07264	0.02069	0.01056	0.00885	0.00206	0.00858	0.00885	0.00660	0.55869
34	0.01453	0.01111	0.01333	0.01277	0.01574	0.00991	0.00958	0.01884	0.02874	0.03868	0.39025	0.08974	0.25881	0.02417	0.01287	0.00352	0.00528	0.02088	0.01134	0.00991
35	0.03303	0.03658	0.08661	0.08255	0.03788	0.18807	0.02352	0.15450	0.11917	0.04096	0.02417	0.02654	0.01851	0.01288	0.01280	0.00340	0.06692	0.00921	0.00758	0.01511
36	0.02831	0.02902	0.04488	0.06070	0.44451	0.08390	0.08036	0.03468	0.02556	0.03461	0.02028	0.02646	0.01686	0.00982	0.01090	0.00324	0.01421	0.00975	0.00543	0.01652
37	0.62336	0.02133	0.01694	0.01517	0.02185	0.02474	0.01238	0.03479	0.07251	0.04857	0.01827	0.02014	0.01408	0.01062	0.00721	0.00341	0.00846	0.00658	0.00721	0.01238
38	0.01312	0.01105	0.01136	0.01129	0.01487	0.00930	0.00846	0.01609	0.02539	0.03074	0.14935	0.10282	0.50467	0.02714	0.01288	0.00366	0.00549	0.02272	0.01029	0.00930
39	0.02261	0.01938	0.02261	0.01615	0.02584	0.01453	0.01292	0.02745	0.02261	0.03553	0.01938	0.02261	0.01615	0.00807	0.00807	0.00161	0.00807	0.00646	0.00646	0.68346
40	0.04073	0.05197	0.03090	0.02809	0.03371	0.57303	0.02107	0.04354	0.03090	0.02669	0.01685	0.01966	0.01404	0.01124	0.00983	0.00281	0.01966	0.00702	0.00562	0.01264
41	0.01608	0.01148	0.01586	0.01837	0.02023	0.01126	0.01498	0.02001	0.02363	0.03096	0.05855	0.29251	0.06601	0.03153	0.01466	0.00481	0.00875	0.32062	0.01007	0.00963
42	0.01371	0.00979	0.01314	0.01567	0.01649	0.00922	0.01086	0.01592	0.02129	0.02831	0.05986	0.56138	0.07119	0.03376	0.01403	0.00449	0.00669	0.07511	0.01011	0.00897
43	0.01328	0.00949	0.01265	0.01518	0.01581	0.00886	0.01012	0.01518	0.02088	0.02783	0.06010	0.60969	0.07212	0.03416	0.01392	0.00443	0.00633	0.03100	0.01012	0.00886
44	0.03680	0.04523	0.03404	0.02952	0.03525	0.43255	0.07049	0.04226	0.06552	0.02886	0.01918	0.02254	0.01572	0.01195	0.01241	0.00313	0.06727	0.00821	0.00594	0.01313
45	0.02187	0.05640	0.56031	0.03108	0.04719	0.02532	0.04029	0.03453	0.02302	0.03453	0.01957	0.02302	0.01381	0.01036	0.01036	0.00345	0.01611	0.00806	0.00460	0.01611
46	0.02915	0.62337	0.05714	0.01866	0.02799	0.04314	0.01866	0.03265	0.02215	0.02565	0.01516	0.01749	0.01399	0.00933	0.00700	0.00233	0.01166	0.00583	0.00466	0.01399
47	0.02187	0.05640	0.56031	0.03108	0.04719	0.02532	0.04029	0.03453	0.02302	0.03453	0.01957	0.02302	0.01381	0.01036	0.01036	0.00345	0.01611	0.00806	0.00460	0.01611
48	0.01995	0.01437	0.01402	0.01338	0.01621	0.06083	0.01004	0.02485	0.02721	0.04079	0.26349	0.05722	0.06060	0.01691	0.01019	0.00297	0.00642	0.01420	0.31590	0.01044

[dist]
# distance from previous block
# <min> <max>
0	1

# created by:
# /st0/software/busco_prod/Augustus/scripts/msa2prfl.pl ./align_prep/10873.fa
