[name]
unknown

[dist]
# distance from previous block
# <min> <max>
0	22

[block]
# block no. 0 follows, 13 sequences, length 17
# corresponding to MSA columns:
# 23-39
name=unknown_A
#
# <colnr> <probs for GDERKNQSTAVLIFYWHMCP>
#	G	D	E	R	K	N	Q	S	T	A	V	L	I	F	Y	W	H	M	C	P
0	0.02637	0.42782	0.15882	0.02450	0.03510	0.03612	0.09934	0.03236	0.02218	0.02795	0.01656	0.01978	0.01391	0.00922	0.00830	0.00267	0.01315	0.00712	0.00464	0.01408
1	0.01861	0.01161	0.01530	0.01392	0.01705	0.01060	0.01060	0.02350	0.02997	0.10159	0.49907	0.07415	0.09150	0.02066	0.01226	0.00332	0.00544	0.01817	0.01180	0.01088
2	0.02827	0.63478	0.05540	0.01809	0.02714	0.04184	0.01809	0.03166	0.02148	0.02488	0.01470	0.01696	0.01357	0.00905	0.00678	0.00226	0.01131	0.00565	0.00452	0.01357
3	0.01724	0.01164	0.01294	0.01210	0.01610	0.00991	0.00926	0.02043	0.02571	0.09859	0.16375	0.09020	0.42520	0.02431	0.01226	0.00350	0.00576	0.02039	0.01049	0.01022
4	0.02121	0.05469	0.57364	0.03014	0.04576	0.02455	0.03906	0.03348	0.02232	0.03348	0.01897	0.02232	0.01339	0.01005	0.01005	0.00335	0.01563	0.00781	0.00446	0.01563
5	0.03950	0.05039	0.02996	0.02724	0.03269	0.58597	0.02043	0.04222	0.02996	0.02588	0.01634	0.01907	0.01362	0.01090	0.00953	0.00272	0.01907	0.00681	0.00545	0.01226
6	0.02940	0.02644	0.05491	0.03948	0.04968	0.02453	0.42363	0.03736	0.02600	0.13972	0.02540	0.03000	0.01804	0.00974	0.01211	0.00351	0.01608	0.01211	0.00688	0.01500
7	0.01510	0.01133	0.01699	0.01699	0.01888	0.01322	0.01322	0.01888	0.01699	0.02454	0.02832	0.04154	0.02643	0.07930	0.58652	0.01699	0.02832	0.01133	0.00566	0.00944
8	0.01510	0.01133	0.01699	0.01699	0.01888	0.01322	0.01322	0.01888	0.01699	0.02454	0.02832	0.04154	0.02643	0.07930	0.58652	0.01699	0.02832	0.01133	0.00566	0.00944
9	0.03539	0.04309	0.02715	0.02480	0.02960	0.46799	0.01837	0.03998	0.06998	0.02670	0.02065	0.02703	0.01826	0.08880	0.01520	0.00374	0.01709	0.00831	0.00600	0.01189
10	0.04495	0.02198	0.02700	0.02070	0.02898	0.02146	0.01710	0.21467	0.03693	0.39722	0.03611	0.03235	0.02336	0.01295	0.01061	0.00324	0.00990	0.01025	0.01223	0.01799
11	0.02617	0.02512	0.04292	0.06490	0.56246	0.02512	0.03245	0.03245	0.02407	0.03454	0.01989	0.02617	0.01675	0.00942	0.01047	0.00314	0.01256	0.00942	0.00523	0.01675
12	0.62069	0.02014	0.01667	0.01452	0.02127	0.02269	0.01196	0.03365	0.01954	0.11310	0.01811	0.01954	0.01330	0.01023	0.00706	0.00327	0.00828	0.00634	0.00737	0.01227
13	0.01762	0.01219	0.01554	0.01687	0.01908	0.01221	0.01327	0.06237	0.02459	0.03360	0.05190	0.30695	0.05711	0.02750	0.01300	0.00422	0.00789	0.20824	0.08586	0.00998
14	0.01416	0.01088	0.01516	0.01935	0.06896	0.01024	0.01190	0.01650	0.02091	0.02785	0.05817	0.52412	0.10131	0.03032	0.01312	0.00413	0.00671	0.02745	0.00937	0.00941
15	0.02190	0.11162	0.52277	0.02895	0.04393	0.02625	0.03701	0.03330	0.02224	0.03264	0.01855	0.02180	0.01341	0.00995	0.00973	0.00324	0.01520	0.00760	0.00447	0.01542
16	0.15065	0.03029	0.02719	0.02227	0.02959	0.13970	0.01790	0.25266	0.07420	0.11685	0.02514	0.02511	0.01809	0.01202	0.00971	0.00314	0.01198	0.00866	0.00920	0.01565

[dist]
# distance from previous block
# <min> <max>
1	3

[block]
# block no. 1 follows, 13 sequences, length 16
# corresponding to MSA columns:
# 43-58
name=unknown_B
#
# <colnr> <probs for GDERKNQSTAVLIFYWHMCP>
#	G	D	E	R	K	N	Q	S	T	A	V	L	I	F	Y	W	H	M	C	P
0	0.02369	0.01886	0.01913	0.01671	0.02125	0.07046	0.01236	0.06280	0.07038	0.07325	0.03844	0.08683	0.08011	0.17091	0.06093	0.00570	0.01099	0.01319	0.00801	0.13600
1	0.02481	0.13320	0.20966	0.18953	0.09934	0.02662	0.06344	0.03273	0.02283	0.07218	0.02024	0.02491	0.01512	0.01012	0.00990	0.00321	0.01383	0.00858	0.00534	0.01442
2	0.02557	0.13553	0.29595	0.03081	0.12197	0.02515	0.02927	0.03393	0.02323	0.08509	0.02214	0.02506	0.01653	0.01030	0.00939	0.00305	0.01276	0.00820	0.07093	0.01515
3	0.04679	0.01904	0.02518	0.01931	0.02751	0.01709	0.01595	0.09434	0.03201	0.52450	0.04024	0.03503	0.02544	0.01305	0.01063	0.00326	0.00923	0.01053	0.01286	0.01799
4	0.01339	0.01014	0.01210	0.01343	0.01523	0.00922	0.00955	0.01565	0.02156	0.02738	0.07326	0.33158	0.24217	0.08807	0.01715	0.00467	0.00660	0.07078	0.00948	0.00861
5	0.03084	0.20215	0.13527	0.03342	0.17111	0.02951	0.02545	0.10548	0.02754	0.11041	0.02207	0.02414	0.01674	0.01040	0.00939	0.00295	0.01212	0.00826	0.00675	0.01600
6	0.56041	0.01991	0.01750	0.01497	0.02187	0.02194	0.01234	0.03553	0.02066	0.16112	0.02060	0.02127	0.01465	0.01053	0.00743	0.00327	0.00836	0.00679	0.00797	0.01287
7	0.01538	0.01025	0.01153	0.01153	0.01153	0.01025	0.00641	0.01538	0.01538	0.02050	0.03331	0.06919	0.03844	0.62842	0.05382	0.01025	0.01025	0.01538	0.00641	0.00641
8	0.02991	0.03580	0.16552	0.07367	0.10178	0.11434	0.09530	0.08581	0.07181	0.08757	0.02383	0.02658	0.01751	0.01090	0.01055	0.00326	0.01437	0.00938	0.00680	0.01531
9	0.03104	0.03240	0.17452	0.03277	0.04383	0.02403	0.23239	0.08546	0.02800	0.16897	0.02619	0.02855	0.01808	0.01058	0.01125	0.00340	0.01452	0.01060	0.00754	0.01587
10	0.01496	0.01081	0.01413	0.01330	0.01580	0.00998	0.00998	0.01995	0.02993	0.04240	0.55689	0.07898	0.09976	0.02162	0.01247	0.00333	0.00499	0.01912	0.01164	0.00998
11	0.01367	0.01030	0.01265	0.01302	0.01525	0.00927	0.00940	0.01709	0.02544	0.03402	0.28534	0.24787	0.21516	0.02647	0.01278	0.00368	0.00543	0.02327	0.01060	0.00927
12	0.03117	0.11062	0.13393	0.02555	0.06850	0.02747	0.02252	0.19939	0.07730	0.09745	0.07693	0.03117	0.02638	0.01253	0.01017	0.00314	0.01122	0.00993	0.00862	0.01599
13	0.01704	0.01217	0.01704	0.01947	0.02191	0.01217	0.01704	0.02191	0.02434	0.03164	0.05598	0.11926	0.06085	0.02921	0.01460	0.00487	0.00974	0.49130	0.00974	0.00974
14	0.02121	0.05469	0.57364	0.03014	0.04576	0.02455	0.03906	0.03348	0.02232	0.03348	0.01897	0.02232	0.01339	0.01005	0.01005	0.00335	0.01563	0.00781	0.00446	0.01563
15	0.13445	0.07772	0.07240	0.02871	0.08401	0.02626	0.11329	0.10114	0.02547	0.03959	0.01995	0.02423	0.01578	0.01080	0.01178	0.00313	0.06994	0.00869	0.05347	0.07917

[dist]
# distance from previous block
# <min> <max>
0	3

[block]
# block no. 2 follows, 13 sequences, length 22
# corresponding to MSA columns:
# 62-83
name=unknown_C
#
# <colnr> <probs for GDERKNQSTAVLIFYWHMCP>
#	G	D	E	R	K	N	Q	S	T	A	V	L	I	F	Y	W	H	M	C	P
0	0.06188	0.28022	0.28659	0.02590	0.03793	0.03158	0.07748	0.03267	0.02201	0.03088	0.01729	0.02053	0.01362	0.00952	0.00880	0.00293	0.01372	0.00731	0.00469	0.01444
1	0.02476	0.02336	0.03826	0.12160	0.41902	0.02319	0.02894	0.03088	0.02338	0.03363	0.01958	0.02574	0.01626	0.00931	0.01006	0.00294	0.01200	0.00892	0.00533	0.12284
2	0.53491	0.02889	0.15320	0.01791	0.02669	0.02393	0.01826	0.03167	0.01906	0.04400	0.01577	0.01845	0.01193	0.00987	0.00741	0.00329	0.01002	0.00624	0.00603	0.01248
3	0.02164	0.04659	0.44131	0.10696	0.11110	0.02449	0.03704	0.03254	0.02238	0.03279	0.01906	0.02353	0.01388	0.01004	0.01016	0.00335	0.01506	0.00821	0.00459	0.01527
4	0.01837	0.00918	0.01377	0.01377	0.01377	0.00918	0.00918	0.01377	0.01377	0.01837	0.01837	0.03214	0.01837	0.03673	0.04132	0.69238	0.00918	0.00918	0.00459	0.00459
5	0.53787	0.01881	0.01590	0.01398	0.02020	0.02098	0.01143	0.03271	0.01999	0.10900	0.02046	0.02225	0.01520	0.01052	0.00714	0.00317	0.00786	0.00684	0.09365	0.01203
6	0.01538	0.01025	0.01153	0.01153	0.01153	0.01025	0.00641	0.01538	0.01538	0.02050	0.03331	0.06919	0.03844	0.62842	0.05382	0.01025	0.01025	0.01538	0.00641	0.00641
7	0.02450	0.02342	0.03991	0.20926	0.43110	0.02468	0.03162	0.03099	0.02329	0.03252	0.01959	0.02671	0.01604	0.00973	0.01050	0.00324	0.01297	0.00941	0.00509	0.01541
8	0.04696	0.01876	0.02501	0.01918	0.02737	0.01668	0.01584	0.08297	0.03155	0.53653	0.04063	0.03529	0.02563	0.01306	0.01063	0.00327	0.00917	0.01056	0.01292	0.01799
9	0.01382	0.00987	0.01335	0.01580	0.01682	0.00940	0.01145	0.01635	0.02117	0.02804	0.05776	0.50785	0.06787	0.03224	0.01375	0.00442	0.00695	0.13445	0.00980	0.00885
10	0.02617	0.02512	0.04292	0.06490	0.56246	0.02512	0.03245	0.03245	0.02407	0.03454	0.01989	0.02617	0.01675	0.00942	0.01047	0.00314	0.01256	0.00942	0.00523	0.01675
11	0.02496	0.02852	0.06239	0.04456	0.05526	0.02674	0.52406	0.03387	0.02496	0.03387	0.02139	0.02852	0.01604	0.00891	0.01248	0.00357	0.01783	0.01248	0.00535	0.01426
12	0.01426	0.01048	0.01245	0.01317	0.01560	0.00953	0.00989	0.01766	0.02419	0.03221	0.17060	0.21606	0.24640	0.02631	0.01254	0.00376	0.00597	0.08066	0.06901	0.00923
13	0.01473	0.01080	0.01381	0.01305	0.01565	0.00988	0.00979	0.01950	0.02937	0.04108	0.51402	0.08115	0.14345	0.02211	0.01247	0.00335	0.00502	0.01943	0.01147	0.00988
14	0.02538	0.02400	0.04067	0.06095	0.51549	0.02400	0.03111	0.03153	0.02410	0.03429	0.02302	0.03426	0.02058	0.01114	0.01083	0.00329	0.01232	0.05129	0.00562	0.01614
15	0.01523	0.01013	0.01306	0.01430	0.01598	0.00923	0.00996	0.01769	0.02251	0.06273	0.12318	0.45424	0.13272	0.02970	0.01307	0.00402	0.00608	0.02656	0.01024	0.00938
16	0.02047	0.01965	0.03029	0.08330	0.03194	0.02503	0.06830	0.02405	0.01815	0.02646	0.02284	0.10130	0.02301	0.02805	0.11320	0.00629	0.32852	0.01248	0.00551	0.01114
17	0.02132	0.01330	0.01718	0.01614	0.01876	0.01387	0.01185	0.06990	0.02188	0.09704	0.03577	0.13801	0.03559	0.20073	0.22901	0.01017	0.01606	0.01508	0.00792	0.01041
18	0.02405	0.02296	0.03909	0.24891	0.39503	0.02456	0.03139	0.03059	0.02307	0.03197	0.01951	0.02686	0.01584	0.00981	0.01050	0.00327	0.01309	0.00941	0.00505	0.01504
19	0.08896	0.01679	0.02491	0.09108	0.03118	0.01783	0.08019	0.02780	0.05761	0.07873	0.03918	0.22722	0.03982	0.02067	0.01326	0.00396	0.04475	0.07606	0.00835	0.01166
20	0.54766	0.02157	0.01774	0.01781	0.05743	0.05734	0.01304	0.03122	0.01957	0.04442	0.01714	0.02012	0.01350	0.01010	0.00708	0.00315	0.00883	0.00646	0.07409	0.01170
21	0.03332	0.19271	0.04213	0.02843	0.06943	0.13022	0.10359	0.03776	0.02520	0.14677	0.02231	0.02466	0.01700	0.01117	0.01199	0.00307	0.07035	0.00869	0.00676	0.01444

[dist]
# distance from previous block
# <min> <max>
0	15

[block]
# block no. 3 follows, 13 sequences, length 16
# corresponding to MSA columns:
# 99-114
name=unknown_D
#
# <colnr> <probs for GDERKNQSTAVLIFYWHMCP>
#	G	D	E	R	K	N	Q	S	T	A	V	L	I	F	Y	W	H	M	C	P
0	0.02259	0.01563	0.01959	0.01755	0.02131	0.01686	0.01364	0.11131	0.06639	0.07579	0.13705	0.04794	0.04117	0.08967	0.24423	0.00931	0.01640	0.01291	0.00870	0.01195
1	0.11445	0.08376	0.23881	0.02395	0.03472	0.06467	0.02534	0.11271	0.02799	0.14232	0.02330	0.02415	0.01635	0.01099	0.00953	0.00317	0.01274	0.00813	0.00739	0.01554
2	0.02809	0.12468	0.08549	0.03477	0.17724	0.02618	0.06266	0.12000	0.02805	0.07598	0.02723	0.11172	0.02452	0.01367	0.01046	0.00323	0.01168	0.01202	0.00725	0.01506
3	0.02146	0.01302	0.01813	0.01938	0.02265	0.01266	0.01682	0.02622	0.02520	0.10995	0.05391	0.10715	0.05580	0.02686	0.01403	0.00464	0.00963	0.42135	0.01022	0.01094
4	0.01424	0.01044	0.01362	0.01542	0.01717	0.00982	0.01171	0.01738	0.02287	0.02996	0.10868	0.34899	0.14091	0.03002	0.01359	0.00427	0.00699	0.16484	0.00995	0.00910
5	0.02808	0.09860	0.28555	0.02759	0.07751	0.02442	0.02801	0.08554	0.02669	0.12780	0.03009	0.03097	0.05905	0.01200	0.01010	0.00321	0.01260	0.00952	0.00706	0.01563
6	0.03831	0.02480	0.02933	0.09703	0.03607	0.02680	0.01989	0.30793	0.07992	0.18475	0.02998	0.02948	0.02064	0.01265	0.01060	0.00327	0.01104	0.00997	0.01046	0.01709
7	0.01478	0.01102	0.01630	0.01666	0.01836	0.01254	0.01272	0.01828	0.01747	0.02490	0.03268	0.12593	0.03276	0.07258	0.50314	0.01514	0.02509	0.01405	0.00627	0.00932
8	0.12069	0.02429	0.08881	0.34549	0.12390	0.02410	0.06707	0.02951	0.02148	0.03216	0.01856	0.02575	0.01413	0.01013	0.01007	0.00342	0.01349	0.00895	0.00506	0.01294
9	0.02145	0.03037	0.18878	0.14132	0.12179	0.02256	0.11120	0.03101	0.05903	0.03229	0.02698	0.11486	0.02414	0.01358	0.01117	0.00354	0.01335	0.01270	0.00600	0.01388
10	0.01453	0.01038	0.01416	0.01661	0.01795	0.01001	0.01268	0.01758	0.02187	0.02884	0.05736	0.42196	0.06632	0.03157	0.01394	0.00452	0.00757	0.21332	0.00978	0.00904
11	0.01288	0.00920	0.01227	0.01472	0.01534	0.00859	0.00981	0.01472	0.02024	0.02699	0.05828	0.62152	0.06993	0.03312	0.01350	0.00429	0.00613	0.03006	0.00981	0.00859
12	0.03162	0.07559	0.03324	0.02702	0.07299	0.02790	0.06346	0.15562	0.24983	0.09989	0.03284	0.03205	0.02423	0.01254	0.01050	0.00331	0.01057	0.01059	0.00953	0.01666
13	0.02112	0.01257	0.01840	0.01733	0.02039	0.01365	0.01365	0.02496	0.01946	0.12601	0.03081	0.04050	0.02638	0.06698	0.47935	0.01444	0.02472	0.01120	0.00705	0.01103
14	0.02583	0.01385	0.01778	0.01566	0.02012	0.01279	0.01212	0.03195	0.06799	0.20857	0.27013	0.11947	0.10015	0.01987	0.01186	0.00344	0.00667	0.01720	0.01172	0.01284
15	0.03154	0.16387	0.11706	0.02929	0.11458	0.10026	0.02338	0.12432	0.02898	0.08168	0.02090	0.02301	0.01608	0.01038	0.00929	0.00281	0.01270	0.00788	0.00671	0.07530

[dist]
# distance from previous block
# <min> <max>
0	2

[block]
# block no. 4 follows, 13 sequences, length 20
# corresponding to MSA columns:
# 117-129,143-149
name=unknown_E
#
# <colnr> <probs for GDERKNQSTAVLIFYWHMCP>
#	G	D	E	R	K	N	Q	S	T	A	V	L	I	F	Y	W	H	M	C	P
0	0.04189	0.02069	0.02554	0.01997	0.02767	0.02016	0.01636	0.16771	0.06998	0.37164	0.07433	0.03664	0.02978	0.01368	0.01076	0.00327	0.00932	0.01105	0.01220	0.01734
1	0.01418	0.01078	0.01305	0.01248	0.01532	0.00964	0.00936	0.01844	0.02808	0.03802	0.41460	0.08618	0.24478	0.02325	0.01248	0.00340	0.00510	0.02013	0.01106	0.00964
2	0.11712	0.02322	0.02372	0.02084	0.02718	0.02671	0.01643	0.10775	0.41661	0.04726	0.03725	0.03487	0.02787	0.01356	0.01018	0.00350	0.00872	0.01085	0.01018	0.01618
3	0.02208	0.02095	0.03554	0.41929	0.23999	0.02405	0.03042	0.02887	0.02214	0.02958	0.01917	0.02750	0.01500	0.01018	0.01054	0.00339	0.01357	0.00940	0.00488	0.01345
4	0.04051	0.04388	0.02956	0.02587	0.03204	0.44661	0.01982	0.10722	0.03260	0.09461	0.02049	0.02187	0.01566	0.01139	0.00980	0.00285	0.01691	0.00761	0.00701	0.01368
5	0.03582	0.01679	0.02424	0.02305	0.08005	0.01586	0.01661	0.04005	0.02576	0.35564	0.03555	0.03659	0.02527	0.03198	0.17828	0.00725	0.01499	0.01071	0.01011	0.01537
6	0.04251	0.02590	0.02943	0.02257	0.03094	0.02728	0.01864	0.37532	0.04350	0.22730	0.03060	0.02877	0.02060	0.01282	0.01059	0.00320	0.01079	0.00987	0.01138	0.01798
7	0.02121	0.05469	0.57364	0.03014	0.04576	0.02455	0.03906	0.03348	0.02232	0.03348	0.01897	0.02232	0.01339	0.01005	0.01005	0.00335	0.01563	0.00781	0.00446	0.01563
8	0.02617	0.02512	0.04292	0.06490	0.56246	0.02512	0.03245	0.03245	0.02407	0.03454	0.01989	0.02617	0.01675	0.00942	0.01047	0.00314	0.01256	0.00942	0.00523	0.01675
9	0.02175	0.01947	0.03156	0.04454	0.34672	0.01914	0.02358	0.02752	0.02639	0.03764	0.23182	0.04701	0.04951	0.01423	0.01126	0.00321	0.00957	0.01325	0.00776	0.01408
10	0.01271	0.00987	0.01158	0.01295	0.01487	0.00874	0.00903	0.01492	0.02195	0.02769	0.07987	0.39170	0.28581	0.03032	0.01305	0.00397	0.00579	0.02663	0.00982	0.00874
11	0.03959	0.04765	0.03020	0.02685	0.03270	0.51306	0.02039	0.10614	0.03257	0.03125	0.01753	0.01990	0.01419	0.01113	0.00967	0.00278	0.01809	0.00717	0.00612	0.01301
12	0.03874	0.02906	0.03179	0.02462	0.03236	0.03275	0.02035	0.48450	0.04686	0.06313	0.02441	0.02519	0.01763	0.01319	0.01263	0.00330	0.06249	0.00950	0.01007	0.01743
13	0.01316	0.00994	0.01216	0.01329	0.01511	0.00895	0.00933	0.01583	0.02318	0.03034	0.16599	0.36846	0.21767	0.02912	0.01301	0.00390	0.00569	0.02575	0.01016	0.00895
14	0.01470	0.01070	0.01346	0.01505	0.01643	0.01025	0.01037	0.04943	0.02254	0.02980	0.05994	0.53981	0.10529	0.03124	0.01322	0.00416	0.00644	0.02805	0.00987	0.00925
15	0.02754	0.57474	0.10905	0.01934	0.02906	0.04005	0.02026	0.03185	0.02157	0.02577	0.01514	0.01752	0.01355	0.00915	0.00712	0.00237	0.01175	0.00588	0.00452	0.01378
16	0.02728	0.01635	0.01865	0.01626	0.02037	0.01693	0.01199	0.07704	0.14364	0.14821	0.03679	0.04814	0.03137	0.23296	0.02570	0.00573	0.00905	0.01244	0.08848	0.01262
17	0.01509	0.01105	0.01445	0.01527	0.01763	0.01041	0.01212	0.01933	0.02601	0.03495	0.26329	0.16712	0.14050	0.02638	0.01334	0.00401	0.00681	0.18218	0.01052	0.00958
18	0.24270	0.02539	0.02442	0.01977	0.02725	0.08195	0.01610	0.17941	0.03204	0.21281	0.02630	0.02554	0.01810	0.01176	0.00927	0.00319	0.01054	0.00844	0.00961	0.01542
19	0.14837	0.02456	0.03146	0.02431	0.03215	0.02595	0.10332	0.23115	0.06908	0.11295	0.06828	0.03096	0.02495	0.01242	0.01038	0.00331	0.01105	0.01044	0.00938	0.01551

[dist]
# distance from previous block
# <min> <max>
0	1

[block]
# block no. 5 follows, 13 sequences, length 20
# corresponding to MSA columns:
# 151-170
name=unknown_F
#
# <colnr> <probs for GDERKNQSTAVLIFYWHMCP>
#	G	D	E	R	K	N	Q	S	T	A	V	L	I	F	Y	W	H	M	C	P
0	0.03590	0.02371	0.02490	0.02108	0.02731	0.08887	0.01694	0.19231	0.03430	0.20769	0.03741	0.12217	0.03212	0.01733	0.01133	0.00350	0.01073	0.06683	0.01053	0.01504
1	0.02718	0.03071	0.15403	0.02246	0.03234	0.02381	0.02153	0.15694	0.14432	0.04425	0.02581	0.02674	0.01938	0.01098	0.00967	0.00282	0.01070	0.00868	0.00789	0.21974
2	0.03078	0.50426	0.04972	0.02013	0.02838	0.16337	0.01861	0.03402	0.02338	0.02510	0.01507	0.01743	0.01358	0.00946	0.00740	0.00236	0.01304	0.00591	0.00473	0.01328
3	0.03080	0.01812	0.02360	0.08585	0.03098	0.01863	0.01804	0.12170	0.05821	0.19916	0.04156	0.09523	0.03664	0.01880	0.01197	0.00383	0.01004	0.15226	0.01038	0.01420
4	0.06947	0.06705	0.12637	0.02933	0.07225	0.02397	0.11840	0.10409	0.02814	0.13152	0.02886	0.03911	0.02334	0.01321	0.01092	0.00347	0.01261	0.07499	0.00789	0.01501
5	0.01876	0.01108	0.01400	0.01394	0.01592	0.01028	0.00958	0.02096	0.02209	0.10398	0.13392	0.26511	0.08691	0.19602	0.02425	0.00563	0.00747	0.02095	0.00961	0.00954
6	0.01440	0.01125	0.01642	0.14045	0.02762	0.01177	0.01399	0.01735	0.02043	0.02700	0.04984	0.49471	0.05800	0.02830	0.01287	0.00413	0.00784	0.02564	0.00872	0.00926
7	0.02340	0.02927	0.11318	0.16956	0.05817	0.02576	0.35711	0.03227	0.02379	0.03227	0.02053	0.02775	0.01530	0.00942	0.01177	0.00353	0.01673	0.01125	0.00510	0.01384
8	0.02771	0.22209	0.24785	0.02742	0.03912	0.02895	0.11514	0.03553	0.02365	0.10620	0.02129	0.02370	0.01571	0.00997	0.00956	0.00304	0.01377	0.00837	0.00585	0.01509
9	0.01503	0.01010	0.01164	0.01198	0.01207	0.01002	0.00688	0.01528	0.01606	0.02141	0.03682	0.14672	0.04286	0.54486	0.04816	0.00941	0.00967	0.01744	0.00688	0.00671
10	0.01510	0.01133	0.01699	0.01699	0.01888	0.01322	0.01322	0.01888	0.01699	0.02454	0.02832	0.04154	0.02643	0.07930	0.58652	0.01699	0.02832	0.01133	0.00566	0.00944
11	0.07103	0.04076	0.36066	0.02480	0.03682	0.02225	0.02909	0.07603	0.02538	0.08302	0.03358	0.03457	0.09124	0.01287	0.01025	0.00335	0.01274	0.01010	0.00665	0.01481
12	0.02879	0.01975	0.02695	0.15762	0.09705	0.02134	0.02048	0.04206	0.19475	0.16540	0.03593	0.08608	0.02823	0.01429	0.01089	0.00351	0.01010	0.01237	0.00924	0.01518
13	0.02630	0.02271	0.02391	0.02152	0.02749	0.02630	0.01674	0.05618	0.54336	0.04423	0.04303	0.03945	0.03228	0.01434	0.01076	0.00359	0.00837	0.01195	0.01076	0.01674
14	0.01285	0.00933	0.01213	0.01437	0.01524	0.00862	0.00966	0.01476	0.02058	0.02713	0.06254	0.57607	0.11262	0.03257	0.01341	0.00423	0.00607	0.02938	0.00982	0.00862
15	0.02365	0.12045	0.08548	0.15044	0.18761	0.02512	0.08414	0.03024	0.02273	0.03213	0.02130	0.02720	0.01701	0.01005	0.00961	0.00304	0.01233	0.00911	0.11460	0.01375
16	0.03964	0.02178	0.02792	0.02588	0.09309	0.02174	0.01862	0.13379	0.12853	0.31837	0.03644	0.03357	0.02472	0.01281	0.01063	0.00330	0.00978	0.01054	0.01126	0.01761
17	0.01372	0.00980	0.01323	0.01568	0.01666	0.00931	0.01127	0.01617	0.02107	0.02793	0.05781	0.52031	0.06810	0.03234	0.01372	0.00441	0.00686	0.12300	0.00980	0.00882
18	0.02623	0.03818	0.30140	0.07567	0.04048	0.02401	0.02895	0.10545	0.08615	0.08690	0.06174	0.03032	0.02333	0.01202	0.01047	0.00336	0.01279	0.00969	0.00731	0.01557
19	0.02371	0.16492	0.23642	0.13359	0.12591	0.02830	0.02990	0.03375	0.06722	0.03159	0.02025	0.02430	0.01571	0.01020	0.00957	0.00314	0.01332	0.00824	0.00518	0.01477

[dist]
# distance from previous block
# <min> <max>
0	1

[block]
# block no. 6 follows, 13 sequences, length 44
# corresponding to MSA columns:
# 172-215
name=unknown_G
#
# <colnr> <probs for GDERKNQSTAVLIFYWHMCP>
#	G	D	E	R	K	N	Q	S	T	A	V	L	I	F	Y	W	H	M	C	P
0	0.03694	0.08325	0.08571	0.02165	0.02952	0.02350	0.01954	0.08002	0.09526	0.29727	0.03270	0.03101	0.02249	0.01311	0.01284	0.00336	0.07561	0.00980	0.00996	0.01645
1	0.02702	0.02278	0.03710	0.13222	0.37772	0.02269	0.02807	0.03301	0.02406	0.08892	0.02187	0.02701	0.01722	0.00979	0.01021	0.00304	0.01190	0.00920	0.00608	0.09009
2	0.03950	0.05039	0.02996	0.02724	0.03269	0.58597	0.02043	0.04222	0.02996	0.02588	0.01634	0.01907	0.01362	0.01090	0.00953	0.00272	0.01907	0.00681	0.00545	0.01226
3	0.02491	0.14742	0.43473	0.02705	0.04086	0.02655	0.03332	0.03492	0.02295	0.08373	0.02046	0.02275	0.01465	0.01017	0.00956	0.00316	0.01427	0.00773	0.00530	0.01551
4	0.01997	0.01879	0.03171	0.60301	0.07282	0.02349	0.02936	0.02701	0.02114	0.02701	0.01879	0.02819	0.01409	0.01057	0.01057	0.00352	0.01409	0.00940	0.00470	0.01175
5	0.01288	0.00920	0.01227	0.01472	0.01534	0.00859	0.00981	0.01472	0.02024	0.02699	0.05828	0.62152	0.06993	0.03312	0.01350	0.00429	0.00613	0.03006	0.00981	0.00859
6	0.01849	0.00925	0.01340	0.01340	0.01363	0.00925	0.00901	0.01482	0.01458	0.02039	0.01992	0.03284	0.01921	0.03438	0.03805	0.62590	0.00877	0.00925	0.07035	0.00510
7	0.01538	0.01025	0.01153	0.01153	0.01153	0.01025	0.00641	0.01538	0.01538	0.02050	0.03331	0.06919	0.03844	0.62842	0.05382	0.01025	0.01025	0.01538	0.00641	0.00641
8	0.02617	0.02512	0.04292	0.06490	0.56246	0.02512	0.03245	0.03245	0.02407	0.03454	0.01989	0.02617	0.01675	0.00942	0.01047	0.00314	0.01256	0.00942	0.00523	0.01675
9	0.02487	0.02147	0.02254	0.02040	0.02612	0.02450	0.01583	0.05193	0.48955	0.04261	0.04967	0.04590	0.08678	0.01563	0.01094	0.00358	0.00806	0.01303	0.01066	0.01593
10	0.13051	0.03925	0.03801	0.03073	0.03797	0.33046	0.17634	0.03801	0.02668	0.03148	0.01769	0.02175	0.01406	0.01012	0.01002	0.00307	0.01711	0.00842	0.00557	0.01277
11	0.01389	0.00992	0.01342	0.01587	0.01693	0.00946	0.01157	0.01646	0.02124	0.02812	0.05772	0.49975	0.06773	0.03218	0.01376	0.00443	0.00701	0.14188	0.00980	0.00887
12	0.02528	0.02421	0.04130	0.14238	0.49196	0.02489	0.03200	0.03167	0.02365	0.03346	0.01973	0.02646	0.01637	0.00959	0.01048	0.00320	0.01278	0.00942	0.00516	0.01603
13	0.01786	0.01047	0.01403	0.01531	0.01701	0.00959	0.01064	0.02002	0.02169	0.10515	0.05589	0.53721	0.06363	0.03024	0.01308	0.00415	0.00655	0.02726	0.01029	0.00994
14	0.03464	0.01424	0.01776	0.01468	0.02022	0.01292	0.01178	0.03911	0.02653	0.32492	0.03838	0.03757	0.02660	0.01273	0.00914	0.00290	0.00712	0.01027	0.32428	0.01424
15	0.06963	0.03388	0.03161	0.03666	0.19422	0.23922	0.02270	0.04211	0.15751	0.03442	0.02411	0.02631	0.01919	0.01125	0.00996	0.00310	0.01373	0.00886	0.00679	0.01473
16	0.01288	0.00920	0.01227	0.01472	0.01534	0.00859	0.00981	0.01472	0.02024	0.02699	0.05828	0.62152	0.06993	0.03312	0.01350	0.00429	0.00613	0.03006	0.00981	0.00859
17	0.01848	0.01604	0.09464	0.01650	0.01907	0.01165	0.01408	0.01755	0.01672	0.02292	0.05368	0.03963	0.02554	0.03145	0.03321	0.50357	0.00990	0.04316	0.00536	0.00686
18	0.01942	0.01126	0.01402	0.01354	0.01529	0.01063	0.00905	0.02128	0.02114	0.10487	0.13474	0.17665	0.05412	0.31040	0.03201	0.00679	0.00829	0.01831	0.00900	0.00916
19	0.02971	0.11059	0.15619	0.06890	0.20474	0.02733	0.02792	0.11793	0.02820	0.09657	0.02227	0.02518	0.01669	0.01053	0.00994	0.00311	0.01261	0.00873	0.00670	0.01616
20	0.02441	0.02266	0.08380	0.02711	0.11262	0.04578	0.01970	0.09800	0.02682	0.06808	0.07028	0.16066	0.03803	0.02068	0.01475	0.07500	0.01040	0.06050	0.00815	0.01259
21	0.19815	0.02390	0.03900	0.08429	0.22648	0.02448	0.15148	0.03321	0.02291	0.06949	0.02020	0.02524	0.01560	0.00970	0.01000	0.00332	0.01269	0.00934	0.00603	0.01447
22	0.02425	0.12173	0.31591	0.11233	0.04692	0.08507	0.08602	0.03326	0.02312	0.03069	0.01838	0.02281	0.01383	0.00996	0.00991	0.00319	0.01544	0.00817	0.00470	0.01430
23	0.06633	0.01272	0.01539	0.01464	0.01724	0.01279	0.01065	0.01979	0.01792	0.02677	0.03101	0.05664	0.03242	0.28092	0.18281	0.00972	0.01456	0.06430	0.00656	0.10682
24	0.26427	0.01964	0.02455	0.01962	0.02680	0.01983	0.06929	0.03992	0.06388	0.24257	0.08001	0.03315	0.02758	0.01243	0.00962	0.00333	0.00925	0.01007	0.00969	0.01448
25	0.02452	0.02041	0.03279	0.38080	0.09585	0.02342	0.06079	0.03463	0.09776	0.08677	0.02492	0.03049	0.01829	0.01118	0.01073	0.00348	0.01289	0.01011	0.00652	0.01365
26	0.02831	0.01416	0.01941	0.01816	0.02280	0.01308	0.01526	0.03290	0.02756	0.23933	0.13630	0.08051	0.05425	0.02174	0.01272	0.00399	0.00864	0.22658	0.01134	0.01294
27	0.16369	0.02073	0.02753	0.02482	0.06779	0.02141	0.08175	0.13965	0.02842	0.10664	0.03262	0.17649	0.03048	0.01660	0.01076	0.00354	0.01011	0.01447	0.00880	0.01372
28	0.02543	0.02298	0.03564	0.08000	0.36622	0.02376	0.02671	0.07017	0.08336	0.03861	0.09268	0.03455	0.02920	0.01185	0.01077	0.00324	0.01113	0.01097	0.00704	0.01568
29	0.01420	0.01160	0.01270	0.01298	0.01601	0.01072	0.00950	0.01966	0.07741	0.03081	0.12137	0.21856	0.35306	0.02664	0.01255	0.00373	0.00583	0.02287	0.01005	0.00973
30	0.01279	0.00958	0.01188	0.01373	0.01507	0.00867	0.00937	0.01483	0.02120	0.02738	0.07040	0.49250	0.19112	0.03155	0.01325	0.00411	0.00594	0.02814	0.00982	0.00867
31	0.02545	0.02566	0.03757	0.24950	0.33283	0.08586	0.03005	0.03161	0.02369	0.03095	0.01912	0.02610	0.01548	0.00999	0.01040	0.00323	0.01381	0.00913	0.00507	0.01450
32	0.02566	0.04101	0.34358	0.03361	0.12956	0.02392	0.03215	0.03855	0.09851	0.09384	0.02508	0.02694	0.01808	0.01089	0.01028	0.00334	0.01333	0.00899	0.00644	0.01624
33	0.01288	0.00920	0.01227	0.01472	0.01534	0.00859	0.00981	0.01472	0.02024	0.02699	0.05828	0.62152	0.06993	0.03312	0.01350	0.00429	0.00613	0.03006	0.00981	0.00859
34	0.02568	0.02110	0.02997	0.08530	0.03157	0.02760	0.02188	0.02871	0.01898	0.10408	0.02108	0.06175	0.01907	0.01779	0.02745	0.00430	0.42449	0.01073	0.00617	0.01233
35	0.02297	0.02227	0.03866	0.23760	0.30992	0.02352	0.07696	0.02949	0.02319	0.03153	0.02620	0.03273	0.05635	0.01105	0.01085	0.00334	0.01304	0.01067	0.00541	0.01426
36	0.03468	0.02290	0.02597	0.02085	0.02755	0.02422	0.01682	0.32537	0.04067	0.13579	0.10801	0.09989	0.03669	0.01627	0.01118	0.00333	0.00967	0.01332	0.01103	0.01580
37	0.01971	0.00985	0.00985	0.00985	0.01232	0.00985	0.00739	0.02464	0.02217	0.03942	0.03449	0.03942	0.02710	0.01232	0.00739	0.00246	0.00493	0.00985	0.68712	0.00985
38	0.02235	0.02635	0.09917	0.11656	0.04790	0.02337	0.26686	0.03271	0.08031	0.03318	0.02878	0.09166	0.02517	0.01342	0.01199	0.00369	0.01441	0.04219	0.00645	0.01349
39	0.03094	0.08948	0.03565	0.09258	0.14436	0.09848	0.05968	0.04149	0.13781	0.12250	0.02752	0.02918	0.02061	0.01133	0.01022	0.00319	0.01233	0.00967	0.00764	0.01533
40	0.02493	0.08918	0.36501	0.02672	0.03924	0.12039	0.03059	0.03387	0.02352	0.03172	0.01820	0.02133	0.01377	0.00980	0.00941	0.00291	0.01479	0.00727	0.00490	0.11245
41	0.02849	0.48854	0.12757	0.02047	0.03040	0.03841	0.02132	0.08328	0.02453	0.03044	0.01642	0.01861	0.01400	0.00957	0.00765	0.00251	0.01196	0.00637	0.00514	0.01432
42	0.70310	0.02045	0.01554	0.01390	0.02045	0.02372	0.01145	0.03108	0.01799	0.04744	0.01472	0.01718	0.01145	0.00981	0.00654	0.00327	0.00818	0.00573	0.00654	0.01145
43	0.10628	0.02851	0.03270	0.06786	0.03656	0.08634	0.09178	0.22554	0.13272	0.04845	0.02560	0.02717	0.01898	0.01181	0.01034	0.00330	0.01247	0.00971	0.00846	0.01545

[dist]
# distance from previous block
# <min> <max>
0	2

[block]
# block no. 7 follows, 13 sequences, length 169
# corresponding to MSA columns:
# 218-386
name=unknown_H
#
# <colnr> <probs for GDERKNQSTAVLIFYWHMCP>
#	G	D	E	R	K	N	Q	S	T	A	V	L	I	F	Y	W	H	M	C	P
0	0.02384	0.26554	0.15492	0.01947	0.02754	0.02640	0.01996	0.02918	0.02240	0.06600	0.09210	0.03475	0.02927	0.07448	0.06773	0.00484	0.01279	0.00968	0.00632	0.01281
1	0.03008	0.57636	0.05248	0.01816	0.02712	0.03935	0.01785	0.03354	0.02231	0.07649	0.01726	0.01876	0.01476	0.00943	0.00715	0.00236	0.01109	0.00613	0.00533	0.01399
2	0.02372	0.02022	0.03316	0.02527	0.03255	0.01850	0.16261	0.02887	0.02281	0.08288	0.02835	0.13232	0.02630	0.01407	0.01276	0.00306	0.06195	0.01300	0.00714	0.25046
3	0.02502	0.02344	0.03936	0.26486	0.27879	0.02537	0.07505	0.07736	0.02546	0.03464	0.02013	0.02708	0.01579	0.01012	0.01070	0.00333	0.01354	0.00970	0.00555	0.01473
4	0.02504	0.02397	0.04088	0.16262	0.47354	0.02483	0.03189	0.03146	0.02354	0.03318	0.01969	0.02654	0.01627	0.00963	0.01049	0.00321	0.01284	0.00942	0.00514	0.01584
5	0.70310	0.02045	0.01554	0.01390	0.02045	0.02372	0.01145	0.03108	0.01799	0.04744	0.01472	0.01718	0.01145	0.00981	0.00654	0.00327	0.00818	0.00573	0.00654	0.01145
6	0.02882	0.02397	0.02533	0.02203	0.02846	0.02748	0.01735	0.14172	0.45371	0.04830	0.03983	0.03689	0.02968	0.01404	0.01073	0.00351	0.00896	0.01151	0.01073	0.01696
7	0.02462	0.02754	0.05694	0.04151	0.05026	0.02776	0.43309	0.03234	0.02336	0.03234	0.02003	0.02754	0.01565	0.01065	0.01651	0.00376	0.12520	0.01189	0.00522	0.01377
8	0.01399	0.01049	0.01312	0.01494	0.01628	0.01013	0.01024	0.01831	0.06531	0.02861	0.06144	0.52425	0.11135	0.03094	0.01317	0.00417	0.00625	0.02780	0.00990	0.00932
9	0.01288	0.00920	0.01227	0.01472	0.01534	0.00859	0.00981	0.01472	0.02024	0.02699	0.05828	0.62152	0.06993	0.03312	0.01350	0.00429	0.00613	0.03006	0.00981	0.00859
10	0.02405	0.28847	0.36479	0.02528	0.03826	0.03152	0.03061	0.03275	0.02198	0.03001	0.01725	0.02016	0.01346	0.00964	0.00873	0.00291	0.01389	0.00694	0.00449	0.01480
11	0.01394	0.01077	0.01271	0.01223	0.01517	0.00954	0.00917	0.01797	0.02751	0.03666	0.37036	0.08842	0.28987	0.02376	0.01248	0.00343	0.00514	0.02045	0.01088	0.00954
12	0.01490	0.01120	0.01608	0.01608	0.01798	0.01265	0.01231	0.01832	0.01749	0.02461	0.03540	0.04858	0.07270	0.11243	0.50096	0.01538	0.02512	0.01254	0.00607	0.00919
13	0.04648	0.01953	0.02549	0.01954	0.02776	0.01782	0.01614	0.11435	0.03283	0.50334	0.03956	0.03459	0.02509	0.01303	0.01063	0.00326	0.00935	0.01049	0.01275	0.01799
14	0.01345	0.01002	0.01267	0.01456	0.01613	0.00923	0.01055	0.01596	0.02177	0.02809	0.06907	0.42328	0.18005	0.03105	0.01344	0.00422	0.00653	0.10128	0.00980	0.00885
15	0.02142	0.04500	0.42582	0.02725	0.03984	0.02351	0.03251	0.03600	0.11677	0.03488	0.02670	0.07665	0.02165	0.01280	0.01047	0.00347	0.01350	0.01047	0.00606	0.01523
16	0.01250	0.01071	0.01071	0.01071	0.01428	0.00893	0.00803	0.01517	0.02410	0.02856	0.10711	0.10175	0.55817	0.02678	0.01250	0.00357	0.00536	0.02231	0.00982	0.00893
17	0.02772	0.02872	0.05682	0.04089	0.05118	0.02784	0.43254	0.12346	0.02945	0.03982	0.02212	0.02795	0.01639	0.00960	0.01213	0.00349	0.01670	0.01194	0.00630	0.01494
18	0.01648	0.01181	0.01626	0.01782	0.02027	0.01158	0.01515	0.02138	0.02583	0.03451	0.18976	0.10851	0.07124	0.02718	0.01403	0.00446	0.00847	0.36519	0.01024	0.00980
19	0.02163	0.01450	0.02059	0.01914	0.02142	0.01678	0.01506	0.02479	0.01956	0.11349	0.03289	0.14210	0.03165	0.04741	0.27315	0.00986	0.14328	0.01418	0.00740	0.01112
20	0.02515	0.02200	0.02533	0.12712	0.03573	0.02579	0.01903	0.05089	0.44852	0.04110	0.03863	0.03740	0.02897	0.01366	0.01072	0.00357	0.00941	0.01149	0.00966	0.01583
21	0.02759	0.04195	0.36134	0.03029	0.04340	0.02299	0.12203	0.03748	0.02453	0.15022	0.02436	0.02642	0.01665	0.01050	0.01061	0.00337	0.01458	0.00927	0.00650	0.01589
22	0.02276	0.02501	0.05329	0.03914	0.04801	0.02344	0.43067	0.03039	0.02410	0.03262	0.02809	0.13621	0.02583	0.01331	0.01266	0.00370	0.01570	0.01567	0.00616	0.01323
23	0.02314	0.02203	0.03744	0.32775	0.32329	0.02433	0.03094	0.02979	0.02264	0.03087	0.01935	0.02716	0.01545	0.00998	0.01052	0.00333	0.01331	0.00941	0.00497	0.01430
24	0.09267	0.04209	0.02905	0.13066	0.03893	0.43576	0.02128	0.03851	0.02734	0.02793	0.01665	0.02056	0.01352	0.01074	0.00947	0.00292	0.01723	0.00719	0.00541	0.01210
25	0.03219	0.03506	0.02661	0.02407	0.02981	0.27598	0.01838	0.04995	0.31433	0.03604	0.03113	0.03036	0.02395	0.01281	0.01021	0.00320	0.01314	0.00966	0.00839	0.01474
26	0.02562	0.02476	0.04100	0.05815	0.46536	0.02644	0.03076	0.03118	0.02264	0.03289	0.01880	0.02562	0.01623	0.01107	0.01487	0.00341	0.12089	0.00939	0.00512	0.01581
27	0.02987	0.02120	0.03443	0.22421	0.26328	0.02204	0.02695	0.03581	0.02479	0.17509	0.02537	0.02944	0.01842	0.01077	0.01054	0.00330	0.01210	0.00974	0.00716	0.01549
28	0.01326	0.00949	0.01261	0.01446	0.01542	0.00884	0.00984	0.01567	0.02200	0.02979	0.14883	0.52299	0.07535	0.03103	0.01331	0.00412	0.00593	0.02807	0.01015	0.00884
29	0.02540	0.02397	0.03910	0.05596	0.46487	0.02312	0.02883	0.03139	0.02368	0.03453	0.01969	0.02540	0.01655	0.00913	0.00999	0.00285	0.01170	0.00885	0.00542	0.13957
30	0.02894	0.07734	0.27320	0.02989	0.09378	0.02256	0.05526	0.03697	0.02459	0.17588	0.02732	0.06196	0.02068	0.01203	0.01036	0.00330	0.01279	0.01017	0.00722	0.01575
31	0.01411	0.01044	0.01333	0.01534	0.01645	0.01021	0.01045	0.01851	0.06807	0.02857	0.05688	0.56830	0.06649	0.03141	0.01325	0.00423	0.00634	0.02840	0.00990	0.00933
32	0.02098	0.01254	0.01836	0.01732	0.02035	0.01364	0.01364	0.02481	0.01940	0.12356	0.03075	0.04053	0.02639	0.06727	0.48193	0.01450	0.02481	0.01120	0.00701	0.01099
33	0.03008	0.02576	0.07544	0.08436	0.04195	0.05517	0.19868	0.03808	0.05863	0.17587	0.03085	0.08440	0.02419	0.01294	0.01144	0.00349	0.01337	0.01261	0.00805	0.01463
34	0.08247	0.02534	0.08811	0.23634	0.21627	0.02404	0.08221	0.03176	0.02282	0.06199	0.02033	0.02651	0.01551	0.01005	0.01035	0.00335	0.01337	0.00934	0.00553	0.01428
35	0.04675	0.01909	0.02522	0.01933	0.02754	0.01717	0.01597	0.09658	0.03210	0.52213	0.04017	0.03498	0.02540	0.01305	0.01063	0.00326	0.00925	0.01053	0.01285	0.01799
36	0.01288	0.00920	0.01227	0.01472	0.01534	0.00859	0.00981	0.01472	0.02024	0.02699	0.05828	0.62152	0.06993	0.03312	0.01350	0.00429	0.00613	0.03006	0.00981	0.00859
37	0.07275	0.02319	0.06442	0.07190	0.03379	0.02214	0.05085	0.04764	0.22384	0.22082	0.03580	0.03411	0.02508	0.01268	0.01051	0.00344	0.01016	0.01066	0.01001	0.01619
38	0.01359	0.01075	0.01223	0.01186	0.01496	0.00939	0.00890	0.01730	0.02669	0.03472	0.30721	0.09162	0.35423	0.02448	0.01248	0.00346	0.00519	0.02089	0.01063	0.00939
39	0.02414	0.02264	0.03617	0.23586	0.31501	0.02477	0.02892	0.03445	0.10618	0.03360	0.02323	0.02896	0.01835	0.01059	0.01055	0.00334	0.01240	0.00982	0.00594	0.01509
40	0.04019	0.02962	0.03173	0.02433	0.03279	0.03279	0.02010	0.52721	0.04971	0.06663	0.02538	0.02538	0.01798	0.01269	0.01058	0.00317	0.01163	0.00952	0.01058	0.01798
41	0.04744	0.01799	0.02454	0.01881	0.02699	0.01554	0.01554	0.05153	0.03026	0.56979	0.04171	0.03599	0.02617	0.01309	0.01063	0.00327	0.00900	0.01063	0.01309	0.01799
42	0.01316	0.01074	0.01162	0.01140	0.01469	0.00921	0.00855	0.01645	0.02566	0.03226	0.22723	0.09567	0.43574	0.02540	0.01249	0.00350	0.00526	0.02146	0.01030	0.00921
43	0.02192	0.01879	0.02192	0.01566	0.02506	0.01409	0.01253	0.02662	0.02192	0.03445	0.01879	0.02192	0.01566	0.00783	0.00783	0.00157	0.00783	0.00626	0.00626	0.69305
44	0.02313	0.02313	0.03238	0.02776	0.02776	0.03238	0.02313	0.02545	0.01619	0.02545	0.01388	0.02313	0.01388	0.01851	0.03470	0.00463	0.60907	0.00925	0.00463	0.01157
45	0.02192	0.01879	0.02192	0.01566	0.02506	0.01409	0.01253	0.02662	0.02192	0.03445	0.01879	0.02192	0.01566	0.00783	0.00783	0.00157	0.00783	0.00626	0.00626	0.69305
46	0.02026	0.01919	0.03177	0.55041	0.06870	0.02430	0.02879	0.02687	0.02069	0.02687	0.01834	0.02773	0.01407	0.01130	0.01278	0.00362	0.06849	0.00938	0.00469	0.01173
47	0.01250	0.01071	0.01071	0.01071	0.01428	0.00893	0.00803	0.01517	0.02410	0.02856	0.10711	0.10175	0.55817	0.02678	0.01250	0.00357	0.00536	0.02231	0.00982	0.00893
48	0.01445	0.01034	0.01397	0.01582	0.01730	0.00987	0.01191	0.01773	0.02317	0.03112	0.14817	0.37926	0.07275	0.02991	0.01363	0.00428	0.00696	0.16007	0.01012	0.00917
49	0.70310	0.02045	0.01554	0.01390	0.02045	0.02372	0.01145	0.03108	0.01799	0.04744	0.01472	0.01718	0.01145	0.00981	0.00654	0.00327	0.00818	0.00573	0.00654	0.01145
50	0.01302	0.01073	0.01144	0.01126	0.01461	0.00915	0.00845	0.01620	0.02535	0.03152	0.20326	0.09689	0.46018	0.02567	0.01249	0.00352	0.00528	0.02163	0.01021	0.00915
51	0.01309	0.01073	0.01154	0.01134	0.01465	0.00918	0.00850	0.01633	0.02550	0.03190	0.21552	0.09626	0.44768	0.02553	0.01249	0.00351	0.00527	0.02154	0.01026	0.00918
52	0.02050	0.01933	0.03267	0.55701	0.11467	0.02363	0.02963	0.02748	0.02139	0.02766	0.01889	0.02802	0.01432	0.01047	0.01056	0.00349	0.01396	0.00940	0.00474	0.01217
53	0.02121	0.05469	0.57364	0.03014	0.04576	0.02455	0.03906	0.03348	0.02232	0.03348	0.01897	0.02232	0.01339	0.01005	0.01005	0.00335	0.01563	0.00781	0.00446	0.01563
54	0.02343	0.01344	0.01383	0.01248	0.01604	0.01402	0.00970	0.11591	0.02717	0.04436	0.03284	0.03687	0.02544	0.01239	0.00797	0.00259	0.00615	0.00979	0.56425	0.01133
55	0.58272	0.02211	0.01848	0.01580	0.02269	0.02537	0.01302	0.12118	0.02375	0.05092	0.01666	0.01867	0.01264	0.01034	0.00728	0.00325	0.00881	0.00641	0.00728	0.01264
56	0.70310	0.02045	0.01554	0.01390	0.02045	0.02372	0.01145	0.03108	0.01799	0.04744	0.01472	0.01718	0.01145	0.00981	0.00654	0.00327	0.00818	0.00573	0.00654	0.01145
57	0.02562	0.02476	0.04100	0.05815	0.46536	0.02644	0.03076	0.03118	0.02264	0.03289	0.01880	0.02562	0.01623	0.01107	0.01487	0.00341	0.12089	0.00939	0.00512	0.01581
58	0.02238	0.01311	0.01815	0.01882	0.02231	0.01259	0.01616	0.02712	0.02589	0.13029	0.09620	0.10070	0.05788	0.02563	0.01370	0.00445	0.00920	0.36365	0.01051	0.01126
59	0.02700	0.02139	0.02990	0.02540	0.02701	0.02801	0.02107	0.02973	0.01880	0.12424	0.01992	0.02673	0.01697	0.02169	0.06815	0.00523	0.46028	0.00965	0.00623	0.01259
60	0.01585	0.01149	0.01557	0.01778	0.01999	0.01121	0.01487	0.01996	0.02357	0.03051	0.06124	0.20882	0.10960	0.02969	0.01420	0.00464	0.00867	0.36311	0.00976	0.00945
61	0.03473	0.01882	0.02588	0.02118	0.02578	0.02064	0.01743	0.03833	0.02535	0.31169	0.10012	0.03721	0.03164	0.01609	0.01921	0.00375	0.21621	0.01128	0.00997	0.01471
62	0.02682	0.22815	0.31620	0.02538	0.03769	0.03135	0.02918	0.12259	0.02704	0.03686	0.01883	0.02123	0.01428	0.01022	0.00914	0.00298	0.01358	0.00746	0.00559	0.01542
63	0.14471	0.02421	0.09350	0.37075	0.05835	0.02400	0.08067	0.02923	0.02112	0.03220	0.01835	0.02556	0.01375	0.01019	0.00999	0.00346	0.01360	0.00888	0.00508	0.01240
64	0.03319	0.06583	0.03128	0.02364	0.03019	0.10890	0.09683	0.06627	0.02771	0.21028	0.03528	0.15981	0.03090	0.01621	0.01112	0.00338	0.01169	0.01422	0.00918	0.01410
65	0.01749	0.00967	0.01415	0.01415	0.01449	0.01002	0.00965	0.01485	0.01451	0.01969	0.02159	0.03736	0.02173	0.10050	0.14152	0.50512	0.01276	0.01016	0.00496	0.00564
66	0.15553	0.03669	0.24402	0.02416	0.03493	0.02625	0.02553	0.17470	0.06544	0.08089	0.02311	0.02428	0.01644	0.01124	0.00963	0.00330	0.01219	0.00837	0.00756	0.01574
67	0.03252	0.16964	0.20506	0.02647	0.07033	0.10013	0.02526	0.03899	0.02539	0.17390	0.02382	0.02463	0.01710	0.01071	0.00945	0.00299	0.01315	0.00807	0.00696	0.01544
68	0.04744	0.01799	0.02454	0.01881	0.02699	0.01554	0.01554	0.05153	0.03026	0.56979	0.04171	0.03599	0.02617	0.01309	0.01063	0.00327	0.00900	0.01063	0.01309	0.01799
69	0.04744	0.01799	0.02454	0.01881	0.02699	0.01554	0.01554	0.05153	0.03026	0.56979	0.04171	0.03599	0.02617	0.01309	0.01063	0.00327	0.00900	0.01063	0.01309	0.01799
70	0.02630	0.02271	0.02391	0.02152	0.02749	0.02630	0.01674	0.05618	0.54336	0.04423	0.04303	0.03945	0.03228	0.01434	0.01076	0.00359	0.00837	0.01195	0.01076	0.01674
71	0.02827	0.63478	0.05540	0.01809	0.02714	0.04184	0.01809	0.03166	0.02148	0.02488	0.01470	0.01696	0.01357	0.00905	0.00678	0.00226	0.01131	0.00565	0.00452	0.01357
72	0.01538	0.01025	0.01153	0.01153	0.01153	0.01025	0.00641	0.01538	0.01538	0.02050	0.03331	0.06919	0.03844	0.62842	0.05382	0.01025	0.01025	0.01538	0.00641	0.00641
73	0.01538	0.01025	0.01153	0.01153	0.01153	0.01025	0.00641	0.01538	0.01538	0.02050	0.03331	0.06919	0.03844	0.62842	0.05382	0.01025	0.01025	0.01538	0.00641	0.00641
74	0.02121	0.05469	0.57364	0.03014	0.04576	0.02455	0.03906	0.03348	0.02232	0.03348	0.01897	0.02232	0.01339	0.01005	0.01005	0.00335	0.01563	0.00781	0.00446	0.01563
75	0.04678	0.01906	0.02519	0.01932	0.02752	0.01712	0.01596	0.09502	0.03204	0.52379	0.04022	0.03502	0.02542	0.01305	0.01063	0.00326	0.00924	0.01053	0.01286	0.01799
76	0.01538	0.01025	0.01153	0.01153	0.01153	0.01025	0.00641	0.01538	0.01538	0.02050	0.03331	0.06919	0.03844	0.62842	0.05382	0.01025	0.01025	0.01538	0.00641	0.00641
77	0.02617	0.02512	0.04292	0.06490	0.56246	0.02512	0.03245	0.03245	0.02407	0.03454	0.01989	0.02617	0.01675	0.00942	0.01047	0.00314	0.01256	0.00942	0.00523	0.01675
