[name]
unknown

[dist]
# distance from previous block
# <min> <max>
0	34

[block]
# block no. 0 follows, 11 sequences, length 56
# corresponding to MSA columns:
# 34-89
name=unknown_A
#
# <colnr> <probs for GDERKNQSTAVLIFYWHMCP>
#	G	D	E	R	K	N	Q	S	T	A	V	L	I	F	Y	W	H	M	C	P
0	0.03562	0.02342	0.02778	0.02291	0.02988	0.02479	0.01892	0.19107	0.09517	0.15975	0.03651	0.04613	0.02934	0.01656	0.01384	0.00371	0.05847	0.07906	0.01079	0.07629
1	0.03571	0.12745	0.07450	0.08286	0.03819	0.11785	0.02279	0.17058	0.09400	0.08931	0.02625	0.02741	0.01948	0.01238	0.01041	0.00326	0.01354	0.00927	0.00844	0.01634
2	0.27680	0.02022	0.02151	0.01755	0.02494	0.02067	0.01439	0.08362	0.02834	0.26249	0.03149	0.03043	0.02149	0.01253	0.00933	0.00337	0.00901	0.00921	0.08700	0.01561
3	0.01479	0.01051	0.01364	0.01474	0.01599	0.00986	0.01006	0.01765	0.02441	0.03345	0.21705	0.35864	0.08110	0.10103	0.01927	0.00500	0.00665	0.02612	0.01066	0.00936
4	0.02433	0.02460	0.10505	0.08469	0.09170	0.02045	0.02234	0.06715	0.07330	0.07633	0.13923	0.04979	0.08484	0.02217	0.05991	0.00485	0.01239	0.01367	0.00886	0.01436
5	0.02497	0.02230	0.02918	0.27212	0.05095	0.02665	0.02386	0.04585	0.29304	0.03885	0.03421	0.03661	0.02566	0.01346	0.01136	0.00379	0.01165	0.01150	0.00855	0.01543
6	0.02808	0.02044	0.02858	0.07258	0.16356	0.02104	0.02092	0.09098	0.07301	0.10125	0.12261	0.08581	0.04159	0.01600	0.01160	0.00351	0.00994	0.01403	0.05926	0.01522
7	0.02742	0.09177	0.03510	0.26661	0.05132	0.03028	0.02503	0.11183	0.12456	0.03888	0.02533	0.03006	0.01944	0.01294	0.01297	0.00365	0.06061	0.01009	0.00728	0.01485
8	0.10252	0.01827	0.02101	0.01787	0.02408	0.01849	0.01423	0.04490	0.14542	0.22745	0.09990	0.04332	0.03757	0.01487	0.01056	0.00343	0.00808	0.01208	0.12033	0.01562
9	0.02256	0.01898	0.02682	0.12687	0.11025	0.02067	0.02039	0.08313	0.03000	0.04125	0.21752	0.05550	0.09290	0.01790	0.01441	0.00367	0.05995	0.01501	0.00905	0.01317
10	0.01595	0.01102	0.01240	0.01233	0.01302	0.01071	0.00735	0.01675	0.01880	0.02483	0.08634	0.07878	0.10642	0.48505	0.04820	0.00942	0.00980	0.01761	0.00773	0.00747
11	0.03488	0.03139	0.02979	0.02855	0.07686	0.14526	0.02053	0.10747	0.26417	0.08818	0.03486	0.03375	0.02603	0.01365	0.01110	0.00349	0.01232	0.01083	0.00986	0.01704
12	0.01489	0.01094	0.01395	0.01431	0.01646	0.01000	0.01031	0.01880	0.02774	0.03799	0.32576	0.25391	0.14789	0.02767	0.01363	0.00391	0.00575	0.02456	0.01152	0.01000
13	0.14459	0.18101	0.13924	0.02168	0.03144	0.02841	0.02181	0.03633	0.02358	0.11904	0.02180	0.02375	0.01653	0.01130	0.01094	0.00311	0.05472	0.00775	0.00692	0.09605
14	0.01388	0.01010	0.01309	0.01515	0.01627	0.00931	0.01029	0.01623	0.02287	0.03040	0.10982	0.50544	0.11860	0.03352	0.01417	0.00441	0.00634	0.03017	0.01063	0.00931
15	0.02462	0.02462	0.03447	0.02955	0.02955	0.03447	0.02462	0.02709	0.01724	0.02709	0.01477	0.02462	0.01477	0.01970	0.03694	0.00492	0.58385	0.00985	0.00492	0.01231
16	0.02334	0.02001	0.02334	0.01667	0.02667	0.01500	0.01334	0.02834	0.02334	0.03668	0.02001	0.02334	0.01667	0.00834	0.00834	0.00167	0.00834	0.00667	0.00667	0.67325
17	0.03743	0.02698	0.02910	0.02287	0.03047	0.02952	0.01869	0.39210	0.04730	0.06486	0.08083	0.03475	0.02942	0.01446	0.01108	0.00331	0.01081	0.01125	0.08753	0.01724
18	0.03407	0.02216	0.03384	0.04277	0.26390	0.02154	0.02443	0.04167	0.07027	0.20835	0.03551	0.09247	0.02863	0.01446	0.01157	0.00356	0.01097	0.01301	0.00944	0.01736
19	0.01881	0.01387	0.01723	0.01804	0.02052	0.01407	0.01351	0.07138	0.06370	0.03685	0.09761	0.36836	0.06670	0.02966	0.01393	0.00440	0.00789	0.10152	0.01076	0.01119
20	0.17516	0.13453	0.03570	0.02331	0.03025	0.02992	0.05423	0.07778	0.02593	0.15294	0.02351	0.02576	0.01767	0.01319	0.01505	0.00359	0.12951	0.00893	0.00799	0.01505
21	0.03489	0.38916	0.04865	0.02260	0.03122	0.16608	0.02018	0.10731	0.02963	0.03354	0.01781	0.01996	0.01518	0.01069	0.00854	0.00267	0.01406	0.00694	0.00604	0.01483
22	0.02685	0.01653	0.02211	0.08541	0.02963	0.01492	0.01528	0.03212	0.02868	0.16213	0.22139	0.05116	0.05362	0.01570	0.01132	0.00309	0.00829	0.01347	0.01043	0.17788
23	0.02222	0.02506	0.12765	0.02754	0.08967	0.01941	0.02201	0.02960	0.06140	0.07123	0.04502	0.23022	0.07694	0.02194	0.01507	0.00406	0.07041	0.01856	0.00847	0.01350
24	0.14617	0.03207	0.17127	0.12856	0.10583	0.02432	0.06331	0.03729	0.02466	0.12737	0.02398	0.02748	0.01709	0.01115	0.01049	0.00356	0.01345	0.00934	0.00700	0.01560
25	0.68395	0.02177	0.01654	0.01480	0.02177	0.02525	0.01219	0.03309	0.01915	0.05050	0.01567	0.01828	0.01219	0.01045	0.00697	0.00348	0.00871	0.00609	0.00697	0.01219
26	0.02702	0.01514	0.01945	0.01664	0.02138	0.01417	0.01304	0.06961	0.03371	0.17441	0.36257	0.06759	0.07888	0.01989	0.01261	0.00351	0.00699	0.01719	0.01269	0.01352
27	0.02490	0.02154	0.03344	0.36315	0.14722	0.02494	0.02824	0.08387	0.02671	0.03647	0.02278	0.03053	0.01744	0.01149	0.01088	0.00352	0.01338	0.01007	0.07539	0.01401
28	0.03032	0.04459	0.32546	0.02737	0.03979	0.07856	0.03098	0.03963	0.02728	0.15014	0.07232	0.03226	0.02585	0.01266	0.01102	0.00347	0.01438	0.01000	0.00764	0.01627
29	0.02062	0.02026	0.03411	0.02744	0.03191	0.02180	0.15210	0.02559	0.02430	0.03341	0.12494	0.10373	0.13313	0.02040	0.01975	0.00413	0.16522	0.01720	0.00792	0.01204
30	0.01368	0.00994	0.01291	0.01528	0.01622	0.00918	0.01027	0.01572	0.02193	0.02889	0.06684	0.55194	0.11650	0.03464	0.01427	0.00450	0.00645	0.03124	0.01045	0.00918
31	0.03731	0.30475	0.04431	0.02324	0.03161	0.18443	0.02013	0.12210	0.03154	0.07486	0.02042	0.02187	0.01635	0.01121	0.00909	0.00280	0.01422	0.00752	0.00696	0.01527
32	0.21453	0.02466	0.02436	0.02015	0.02752	0.07815	0.01621	0.11273	0.03107	0.24598	0.03257	0.07155	0.02446	0.01430	0.01026	0.00349	0.01067	0.01088	0.01055	0.01590
33	0.06859	0.01519	0.02100	0.02517	0.08398	0.01609	0.01749	0.02300	0.02303	0.03296	0.04851	0.26766	0.05415	0.02745	0.01581	0.00458	0.05953	0.17559	0.00907	0.01115
34	0.01720	0.01374	0.01887	0.07235	0.06131	0.01421	0.01503	0.02368	0.08242	0.03157	0.05318	0.43503	0.05990	0.02875	0.01349	0.00431	0.00810	0.02600	0.00971	0.01115
35	0.01552	0.01100	0.01469	0.01699	0.01823	0.01064	0.01264	0.01835	0.02243	0.02961	0.05812	0.37670	0.06727	0.09995	0.01975	0.00551	0.00834	0.17496	0.01000	0.00929
36	0.02126	0.02001	0.03376	0.57739	0.07752	0.02501	0.03126	0.02876	0.02251	0.02876	0.02001	0.03001	0.01500	0.01125	0.01125	0.00375	0.01500	0.01000	0.00500	0.01250
37	0.02033	0.01756	0.02472	0.02245	0.02314	0.02280	0.01777	0.02247	0.01723	0.02556	0.02283	0.03780	0.02278	0.11137	0.21965	0.06201	0.28232	0.01136	0.00552	0.01032
38	0.02860	0.02766	0.03275	0.02699	0.03150	0.10821	0.07450	0.11421	0.03071	0.04068	0.14824	0.04010	0.03892	0.01699	0.01946	0.00385	0.18233	0.01256	0.00818	0.01356
39	0.02867	0.29633	0.23614	0.02506	0.03636	0.03415	0.02785	0.03578	0.02356	0.07760	0.01993	0.02266	0.01564	0.01134	0.01159	0.00317	0.06531	0.00772	0.00564	0.01551
40	0.11252	0.29125	0.09236	0.02487	0.03494	0.03313	0.10249	0.03770	0.02468	0.11711	0.02204	0.02407	0.01683	0.01051	0.00923	0.00306	0.01283	0.00837	0.00673	0.01527
41	0.01455	0.01015	0.01281	0.01460	0.01505	0.00970	0.00930	0.01589	0.01991	0.02655	0.05365	0.43187	0.06386	0.21493	0.02791	0.00657	0.00791	0.02706	0.00930	0.00841
42	0.45006	0.03425	0.14591	0.02061	0.02977	0.08749	0.02038	0.03508	0.02174	0.04425	0.01696	0.01984	0.01296	0.01064	0.00823	0.00343	0.01196	0.00676	0.00630	0.01336
43	0.68395	0.02177	0.01654	0.01480	0.02177	0.02525	0.01219	0.03309	0.01915	0.05050	0.01567	0.01828	0.01219	0.01045	0.00697	0.00348	0.00871	0.00609	0.00697	0.01219
44	0.01598	0.01144	0.01472	0.01394	0.01629	0.01065	0.01018	0.02067	0.03006	0.04243	0.47106	0.08286	0.09862	0.09054	0.01839	0.00440	0.00596	0.01989	0.01174	0.01018
45	0.01443	0.01053	0.01365	0.01532	0.01683	0.00975	0.01086	0.01737	0.02429	0.03243	0.15668	0.41190	0.12764	0.03189	0.01413	0.00434	0.00650	0.06110	0.01081	0.00956
46	0.01543	0.01128	0.01473	0.01598	0.01808	0.01058	0.01219	0.01931	0.02622	0.03510	0.20787	0.26882	0.13447	0.02975	0.01421	0.00432	0.00702	0.13370	0.01101	0.00993
47	0.04498	0.02448	0.03124	0.02814	0.09302	0.02431	0.02047	0.20912	0.03875	0.31282	0.03538	0.03302	0.02353	0.01330	0.01128	0.00343	0.01104	0.01074	0.01196	0.01899
48	0.01658	0.01170	0.01632	0.01632	0.01802	0.01316	0.01217	0.01998	0.01828	0.02680	0.03173	0.04939	0.03054	0.17288	0.41699	0.01535	0.02433	0.01270	0.06724	0.00950
49	0.03510	0.17235	0.03972	0.07121	0.09346	0.03307	0.02228	0.19774	0.09466	0.09235	0.02685	0.02798	0.02016	0.01222	0.01027	0.00322	0.01193	0.00951	0.00877	0.01714
50	0.03513	0.37618	0.04756	0.02336	0.03138	0.26151	0.02031	0.03844	0.02667	0.02693	0.01639	0.01900	0.01447	0.01046	0.00846	0.00261	0.01552	0.00654	0.00523	0.01386
51	0.02584	0.02363	0.13751	0.02009	0.02699	0.01531	0.01911	0.03185	0.02766	0.16749	0.17693	0.18122	0.05758	0.02081	0.01245	0.00378	0.00926	0.01808	0.01060	0.01383
52	0.02951	0.02960	0.03687	0.30580	0.11011	0.15256	0.06879	0.03578	0.02614	0.06735	0.02153	0.02810	0.01630	0.01125	0.01116	0.00349	0.01605	0.00973	0.00596	0.01391
53	0.01493	0.01110	0.01402	0.01491	0.01712	0.01019	0.01106	0.01861	0.02645	0.03529	0.23178	0.26426	0.17692	0.02918	0.01392	0.00414	0.00641	0.07873	0.01110	0.00987
54	0.02360	0.02201	0.02507	0.09002	0.08322	0.08593	0.01904	0.03241	0.10676	0.03483	0.08107	0.17254	0.04206	0.01953	0.01397	0.00381	0.05841	0.01638	0.05645	0.01288
55	0.24301	0.02618	0.08754	0.02527	0.08629	0.02380	0.01968	0.03836	0.14135	0.04454	0.07836	0.03312	0.02869	0.01273	0.00977	0.00341	0.00988	0.00997	0.00816	0.06988

[dist]
# distance from previous block
# <min> <max>
0	35

[block]
# block no. 1 follows, 11 sequences, length 66
# corresponding to MSA columns:
# 125-150,154-193
name=unknown_B
#
# <colnr> <probs for GDERKNQSTAVLIFYWHMCP>
#	G	D	E	R	K	N	Q	S	T	A	V	L	I	F	Y	W	H	M	C	P
0	0.08550	0.02878	0.03596	0.16964	0.13807	0.09422	0.05669	0.13755	0.03170	0.08110	0.02315	0.02746	0.01728	0.01159	0.01089	0.00345	0.01413	0.00970	0.00747	0.01568
1	0.19125	0.07909	0.03654	0.02642	0.03345	0.02621	0.14378	0.03510	0.06448	0.07145	0.02697	0.03820	0.02322	0.06063	0.01636	0.00433	0.05644	0.04513	0.00736	0.01359
2	0.14179	0.02494	0.08959	0.02057	0.02996	0.01981	0.01875	0.04647	0.06434	0.30822	0.03426	0.03196	0.02294	0.01246	0.01024	0.00332	0.01014	0.00971	0.01070	0.08984
3	0.07864	0.01902	0.02445	0.20288	0.04077	0.02180	0.01954	0.07049	0.11973	0.03890	0.08767	0.11076	0.03823	0.06103	0.01500	0.00433	0.01065	0.01456	0.00856	0.01300
4	0.01380	0.01109	0.01231	0.01270	0.01568	0.00960	0.00926	0.01685	0.02580	0.03238	0.16859	0.20313	0.37131	0.02901	0.01351	0.00392	0.00581	0.02488	0.01076	0.00960
5	0.01950	0.01805	0.02426	0.02235	0.02322	0.02281	0.01772	0.02189	0.01997	0.02815	0.04603	0.20155	0.12451	0.02569	0.02629	0.00462	0.31637	0.01862	0.00748	0.01091
6	0.02393	0.02214	0.02848	0.02262	0.02800	0.02399	0.01855	0.02776	0.02052	0.03225	0.01759	0.02393	0.01580	0.01358	0.02154	0.00317	0.27401	0.00814	0.00586	0.36815
7	0.02555	0.01995	0.02528	0.02236	0.02668	0.08391	0.06091	0.02983	0.02315	0.10850	0.03278	0.08585	0.02925	0.05287	0.30615	0.01137	0.02261	0.01315	0.00758	0.01227
8	0.02999	0.01823	0.02085	0.01752	0.02164	0.01871	0.01269	0.15910	0.02956	0.12953	0.03469	0.05410	0.03241	0.33089	0.03598	0.00744	0.01109	0.01369	0.00936	0.01253
9	0.25190	0.02042	0.02163	0.01674	0.02545	0.01878	0.01362	0.03547	0.02378	0.14671	0.02363	0.02475	0.01749	0.01021	0.00850	0.00266	0.00872	0.00744	0.00828	0.31382
10	0.01803	0.01467	0.02035	0.01936	0.02032	0.01792	0.01470	0.02061	0.01775	0.02558	0.03003	0.08774	0.03129	0.18321	0.27819	0.01226	0.15792	0.01400	0.00627	0.00979
11	0.01721	0.01227	0.01518	0.01403	0.01715	0.01107	0.01026	0.02163	0.02750	0.03994	0.32763	0.11115	0.07802	0.08536	0.01709	0.00411	0.00639	0.01818	0.07346	0.09238
12	0.02837	0.17592	0.10404	0.17624	0.04532	0.03202	0.02632	0.07227	0.02511	0.07213	0.02045	0.02560	0.01607	0.01274	0.01494	0.00355	0.11937	0.00887	0.00613	0.01456
13	0.01518	0.01093	0.01438	0.01467	0.01665	0.01012	0.01056	0.01936	0.02838	0.03961	0.37111	0.25702	0.09549	0.02714	0.01364	0.00389	0.00572	0.02428	0.01174	0.01012
14	0.02751	0.14499	0.15202	0.07391	0.09961	0.02879	0.02640	0.03752	0.08462	0.07381	0.02523	0.02854	0.01953	0.01231	0.01255	0.00341	0.06701	0.00931	0.05742	0.01548
15	0.02457	0.01342	0.01781	0.01563	0.01979	0.01210	0.01210	0.02964	0.03195	0.16928	0.40740	0.07264	0.08663	0.02074	0.01279	0.00353	0.00638	0.01810	0.01277	0.01275
16	0.02562	0.02487	0.11069	0.22247	0.04725	0.02140	0.02487	0.03616	0.08779	0.11227	0.12949	0.04265	0.03764	0.01444	0.01161	0.00365	0.01173	0.01236	0.00860	0.01445
17	0.03856	0.01716	0.02226	0.01814	0.02480	0.01570	0.01459	0.04553	0.07217	0.34867	0.14468	0.04851	0.04484	0.01586	0.01141	0.00344	0.00822	0.01324	0.07580	0.01643
18	0.02737	0.25785	0.07881	0.11876	0.13943	0.03367	0.02545	0.03793	0.11199	0.03323	0.02319	0.02661	0.01879	0.01105	0.00964	0.00314	0.01251	0.00881	0.00619	0.01557
19	0.08238	0.01432	0.01760	0.01562	0.02023	0.01344	0.01211	0.03260	0.02834	0.19509	0.20263	0.12173	0.05835	0.01916	0.01144	0.00350	0.00704	0.01630	0.11497	0.01316
20	0.02253	0.06570	0.06636	0.11968	0.03428	0.02058	0.01906	0.03312	0.12412	0.06868	0.08815	0.15101	0.10221	0.01965	0.01194	0.00377	0.00977	0.01685	0.00917	0.01335
21	0.01484	0.01090	0.01391	0.01434	0.01645	0.00997	0.01030	0.01868	0.02752	0.03763	0.31552	0.26458	0.14781	0.02793	0.01366	0.00393	0.00578	0.02481	0.01148	0.00997
22	0.01604	0.01077	0.01237	0.01270	0.01278	0.01069	0.00727	0.01628	0.01701	0.02268	0.03876	0.13867	0.04508	0.53375	0.05196	0.01012	0.01037	0.01831	0.00727	0.00711
23	0.02824	0.02057	0.02925	0.07121	0.18470	0.02199	0.02173	0.03791	0.10172	0.10187	0.03136	0.03490	0.02409	0.01302	0.01251	0.00341	0.05748	0.01072	0.17803	0.01529
24	0.02334	0.02001	0.02334	0.01667	0.02667	0.01500	0.01334	0.02834	0.02334	0.03668	0.02001	0.02334	0.01667	0.00834	0.00834	0.00167	0.00834	0.00667	0.00667	0.67325
25	0.02589	0.02015	0.02996	0.11388	0.18579	0.02072	0.02251	0.08137	0.03097	0.08044	0.20904	0.04944	0.05067	0.01564	0.01197	0.00349	0.01026	0.01391	0.00924	0.01467
26	0.02408	0.02631	0.12866	0.06685	0.07372	0.01814	0.02174	0.03103	0.02607	0.07952	0.12912	0.03832	0.03592	0.01272	0.01054	0.00288	0.01037	0.01079	0.00788	0.24533
27	0.46707	0.02593	0.06623	0.02975	0.15196	0.02569	0.02013	0.03365	0.02114	0.04588	0.01741	0.02111	0.01376	0.01036	0.00831	0.00345	0.01051	0.00726	0.00644	0.01395
28	0.02878	0.01967	0.02695	0.07576	0.03310	0.02041	0.05511	0.14255	0.03224	0.10628	0.04175	0.12690	0.03914	0.02028	0.01267	0.00402	0.01100	0.12982	0.05953	0.01403
29	0.02220	0.02044	0.03298	0.19892	0.09294	0.02273	0.08164	0.03152	0.07936	0.03614	0.13284	0.04942	0.04058	0.01598	0.01426	0.00388	0.05640	0.04660	0.00781	0.01336
30	0.01371	0.00979	0.01306	0.01567	0.01632	0.00914	0.01045	0.01567	0.02155	0.02873	0.06203	0.59710	0.07444	0.03526	0.01437	0.00457	0.00653	0.03200	0.01045	0.00914
31	0.01584	0.01205	0.01598	0.06172	0.02171	0.01156	0.01209	0.02071	0.02930	0.04033	0.38859	0.13156	0.14863	0.02387	0.01321	0.00369	0.00630	0.02102	0.01133	0.01050
32	0.53535	0.02115	0.01879	0.01603	0.02340	0.02321	0.01321	0.03819	0.02222	0.16580	0.02241	0.02298	0.01587	0.01126	0.00799	0.00348	0.00891	0.00732	0.00860	0.01382
33	0.02371	0.02069	0.02859	0.13463	0.13701	0.02280	0.02243	0.03892	0.19612	0.04011	0.12418	0.05153	0.04288	0.01617	0.01202	0.00377	0.01042	0.04998	0.00914	0.01490
34	0.01593	0.01150	0.01504	0.01416	0.01681	0.01062	0.01062	0.02124	0.03186	0.04513	0.52830	0.08407	0.10620	0.02301	0.01327	0.00354	0.00531	0.02035	0.01239	0.01062
35	0.03775	0.04444	0.02900	0.02592	0.03182	0.41015	0.01969	0.09666	0.03355	0.03337	0.03335	0.03458	0.09377	0.01442	0.01077	0.00310	0.01708	0.01013	0.00719	0.01326
36	0.02750	0.02651	0.04445	0.06472	0.47853	0.02760	0.03345	0.03372	0.02470	0.03570	0.02047	0.02750	0.01749	0.01110	0.01399	0.00352	0.07633	0.01001	0.00550	0.01722
37	0.01442	0.01127	0.01307	0.01300	0.01598	0.00992	0.00960	0.01817	0.02773	0.03622	0.27712	0.15238	0.30684	0.02701	0.01341	0.00378	0.00563	0.02328	0.01124	0.00992
38	0.45815	0.02084	0.01996	0.01666	0.02425	0.02215	0.01374	0.04084	0.02381	0.22571	0.02591	0.02542	0.01778	0.01169	0.00852	0.00348	0.00902	0.00796	0.00945	0.01467
39	0.03230	0.02558	0.08855	0.02560	0.03362	0.02211	0.07968	0.04025	0.06445	0.19840	0.07248	0.03586	0.02871	0.01410	0.01533	0.00356	0.10116	0.01130	0.00924	0.09772
40	0.03009	0.61122	0.05898	0.01926	0.02889	0.04454	0.01926	0.03370	0.02287	0.02648	0.01565	0.01805	0.01444	0.00963	0.00722	0.00241	0.01204	0.00602	0.00481	0.01444
41	0.01731	0.01302	0.01703	0.01641	0.01709	0.01494	0.01150	0.01897	0.01706	0.02394	0.03107	0.05756	0.03332	0.35544	0.22437	0.01258	0.08939	0.01409	0.00632	0.00860
42	0.01446	0.01145	0.01300	0.01261	0.01591	0.00999	0.00946	0.01839	0.02838	0.03688	0.29600	0.09767	0.34365	0.02609	0.01329	0.00369	0.00553	0.02226	0.01130	0.00999
43	0.61318	0.02284	0.01844	0.01603	0.02322	0.02631	0.01321	0.08425	0.02288	0.05275	0.01692	0.01925	0.01296	0.01079	0.00744	0.00347	0.00911	0.00654	0.00744	0.01296
44	0.02416	0.01274	0.01720	0.01719	0.02035	0.01161	0.01283	0.02734	0.02567	0.16783	0.09572	0.36023	0.06369	0.02814	0.01357	0.00425	0.00761	0.06625	0.01153	0.01206
45	0.01399	0.01001	0.01331	0.01548	0.01639	0.00933	0.01047	0.01637	0.02284	0.03079	0.12061	0.53265	0.07843	0.03372	0.01423	0.00444	0.00638	0.03053	0.01069	0.00933
46	0.02001	0.01199	0.01606	0.01500	0.01782	0.01105	0.01115	0.02367	0.02891	0.09544	0.37306	0.11534	0.08416	0.02502	0.01696	0.08672	0.00644	0.01901	0.01147	0.01073
47	0.10291	0.01276	0.01560	0.01659	0.01922	0.01245	0.01216	0.02346	0.02299	0.09570	0.05379	0.41005	0.05991	0.02910	0.01317	0.00436	0.00755	0.06693	0.01043	0.01089
48	0.50061	0.11835	0.02514	0.01728	0.02452	0.09537	0.01450	0.03467	0.02134	0.04384	0.01588	0.01850	0.01283	0.01046	0.00741	0.00324	0.01069	0.00623	0.00648	0.01265
49	0.01698	0.01330	0.01821	0.06299	0.06093	0.01290	0.01354	0.02182	0.02857	0.03940	0.35567	0.07760	0.13989	0.06994	0.01660	0.00419	0.00722	0.01883	0.01057	0.01087
50	0.01603	0.01107	0.01273	0.01256	0.01339	0.01074	0.00769	0.01728	0.02010	0.02699	0.13609	0.07852	0.09389	0.44569	0.04524	0.00891	0.00941	0.01774	0.00818	0.00777
51	0.04204	0.05364	0.03190	0.02900	0.03480	0.55926	0.02175	0.04494	0.03190	0.02755	0.01740	0.02030	0.01450	0.01160	0.01015	0.00290	0.02030	0.00725	0.00580	0.01305
52	0.03546	0.01583	0.02130	0.01747	0.02355	0.01397	0.01397	0.04023	0.03206	0.32583	0.25494	0.05822	0.06195	0.01788	0.01217	0.00351	0.00772	0.01525	0.01326	0.01544
53	0.04113	0.02690	0.03003	0.02382	0.03213	0.02898	0.01942	0.29055	0.15620	0.17587	0.03551	0.03318	0.02476	0.01402	0.01132	0.00351	0.01091	0.01102	0.01193	0.01883
54	0.01378	0.01142	0.01206	0.01190	0.01549	0.00970	0.00892	0.01707	0.02677	0.03306	0.18874	0.10395	0.45329	0.02751	0.01330	0.00375	0.00563	0.02314	0.01080	0.00970
55	0.14283	0.02107	0.02429	0.01853	0.02745	0.01916	0.01514	0.08399	0.02888	0.23517	0.02929	0.02859	0.02045	0.01131	0.00953	0.00282	0.00926	0.00868	0.00993	0.25364
56	0.04053	0.01968	0.02663	0.02535	0.08988	0.01819	0.01791	0.04801	0.08374	0.36037	0.05042	0.04621	0.09038	0.01542	0.01156	0.00354	0.00949	0.01288	0.01218	0.01763
57	0.07901	0.21445	0.18362	0.08467	0.03936	0.03095	0.02592	0.03892	0.08468	0.08300	0.02391	0.02592	0.01803	0.01128	0.00955	0.00324	0.01279	0.00845	0.00668	0.01555
58	0.03387	0.18196	0.04400	0.07063	0.03887	0.14144	0.09216	0.07231	0.02784	0.08863	0.02133	0.02501	0.01677	0.01216	0.01349	0.00332	0.08578	0.00904	0.00667	0.01472
59	0.01458	0.01154	0.01275	0.01297	0.01602	0.01023	0.00975	0.01763	0.02520	0.03136	0.14311	0.10360	0.36378	0.10058	0.01910	0.00484	0.00689	0.07645	0.01020	0.00940
60	0.02380	0.02117	0.03353	0.39940	0.12485	0.02484	0.02928	0.07360	0.02618	0.03434	0.02519	0.04015	0.02125	0.01350	0.01171	0.00382	0.01404	0.05952	0.00626	0.01357
61	0.03127	0.13813	0.17972	0.06637	0.03829	0.02607	0.02505	0.07211	0.02737	0.14115	0.02485	0.02640	0.01796	0.01101	0.00987	0.00300	0.01243	0.00850	0.00751	0.13293
62	0.08204	0.12324	0.37610	0.02863	0.04222	0.09533	0.03383	0.03635	0.02428	0.03475	0.01890	0.02215	0.01414	0.01065	0.00988	0.00333	0.01585	0.00771	0.00508	0.01553
63	0.01605	0.01063	0.01358	0.01483	0.01539	0.01040	0.00989	0.01678	0.01918	0.02546	0.04588	0.25983	0.05307	0.26171	0.03527	0.09014	0.00916	0.07660	0.00830	0.00784
64	0.02086	0.01907	0.03109	0.11321	0.11222	0.02027	0.07962	0.02666	0.02590	0.03544	0.15684	0.06187	0.09316	0.01876	0.01555	0.00396	0.07421	0.07056	0.00815	0.01262
65	0.02372	0.01806	0.02176	0.01864	0.02220	0.01987	0.01436	0.09750	0.02463	0.03632	0.02762	0.04146	0.02572	0.16206	0.09394	0.00689	0.11561	0.01133	0.10789	0.11042

[dist]
# distance from previous block
# <min> <max>
0	10

[block]
# block no. 2 follows, 11 sequences, length 6
# corresponding to MSA columns:
# 204-209
name=unknown_C
#
# <colnr> <probs for GDERKNQSTAVLIFYWHMCP>
#	G	D	E	R	K	N	Q	S	T	A	V	L	I	F	Y	W	H	M	C	P
0	0.02844	0.07096	0.15468	0.02640	0.03651	0.02420	0.08634	0.10951	0.03059	0.08633	0.08200	0.03997	0.03064	0.01370	0.01127	0.00334	0.01254	0.04248	0.00824	0.10185
1	0.11584	0.24259	0.23132	0.02359	0.03536	0.03114	0.02631	0.03736	0.02405	0.10634	0.02144	0.02310	0.01599	0.01075	0.00907	0.00313	0.01297	0.00764	0.00637	0.01564
2	0.38432	0.02901	0.06621	0.10563	0.03495	0.09767	0.01989	0.03369	0.02159	0.04082	0.01686	0.02136	0.01333	0.01156	0.01098	0.00358	0.06233	0.00736	0.00615	0.01273
3	0.02556	0.01882	0.02394	0.10907	0.09803	0.02062	0.01825	0.08520	0.11238	0.04331	0.03259	0.03661	0.02515	0.01283	0.00982	0.00318	0.00925	0.01070	0.29066	0.01401
4	0.02008	0.01822	0.10730	0.01770	0.02060	0.01263	0.01532	0.01832	0.01625	0.02236	0.01966	0.03239	0.01863	0.03415	0.03818	0.55593	0.01097	0.00952	0.00486	0.00694
5	0.01950	0.02437	0.13227	0.10420	0.03501	0.01825	0.02214	0.02935	0.07975	0.03690	0.15357	0.06921	0.11457	0.01992	0.01262	0.00393	0.01051	0.09222	0.00894	0.01278

[dist]
# distance from previous block
# <min> <max>
4	15

[block]
# block no. 3 follows, 11 sequences, length 22
# corresponding to MSA columns:
# 229-250
name=unknown_D
#
# <colnr> <probs for GDERKNQSTAVLIFYWHMCP>
#	G	D	E	R	K	N	Q	S	T	A	V	L	I	F	Y	W	H	M	C	P
0	0.08452	0.02189	0.02836	0.06484	0.08478	0.02075	0.01907	0.09749	0.03051	0.25126	0.03081	0.03060	0.02130	0.01183	0.01034	0.00308	0.01038	0.00957	0.01003	0.15860
1	0.09096	0.15536	0.11185	0.07787	0.03900	0.02944	0.07982	0.06675	0.09371	0.03820	0.02788	0.03871	0.02379	0.01366	0.01068	0.00357	0.01287	0.06399	0.00717	0.01472
2	0.02524	0.02553	0.03942	0.03638	0.09438	0.03286	0.07840	0.02900	0.01931	0.02927	0.01645	0.02566	0.01541	0.01737	0.03114	0.00461	0.45093	0.01026	0.00509	0.01331
3	0.02215	0.02292	0.09322	0.21590	0.04759	0.02004	0.08010	0.02961	0.02702	0.07010	0.19728	0.04849	0.04747	0.01520	0.01213	0.00364	0.01198	0.01385	0.00819	0.01312
4	0.01338	0.01109	0.01172	0.01222	0.01542	0.00943	0.00892	0.01606	0.02486	0.03008	0.10401	0.20239	0.44205	0.02981	0.01351	0.00395	0.00586	0.02534	0.01045	0.00943
5	0.02684	0.02742	0.13269	0.10828	0.12740	0.02232	0.02657	0.03346	0.02529	0.12019	0.08423	0.08203	0.03265	0.01570	0.01471	0.00378	0.08086	0.01285	0.00784	0.01489
6	0.02012	0.01788	0.08012	0.01689	0.02183	0.01307	0.01493	0.02627	0.03092	0.09272	0.41963	0.07232	0.08744	0.02064	0.01277	0.00354	0.00709	0.01802	0.01162	0.01218
7	0.60451	0.02211	0.01870	0.01658	0.02270	0.02636	0.01369	0.03236	0.01892	0.04768	0.01556	0.01905	0.01250	0.01156	0.01058	0.00366	0.07800	0.00655	0.00672	0.01220
8	0.03831	0.06920	0.03211	0.02380	0.03200	0.03125	0.01956	0.27665	0.18867	0.11794	0.03405	0.03232	0.02450	0.01382	0.01104	0.00346	0.01096	0.01077	0.01118	0.01840
9	0.02322	0.02849	0.12642	0.10380	0.13756	0.02502	0.08522	0.03226	0.05767	0.03300	0.02393	0.03168	0.01970	0.02679	0.12567	0.00669	0.08189	0.01071	0.00582	0.01444
10	0.01508	0.01132	0.01397	0.01363	0.01638	0.01021	0.01010	0.01948	0.02938	0.04000	0.38352	0.13841	0.20619	0.02550	0.01338	0.00370	0.00552	0.02228	0.01174	0.01021
11	0.01964	0.01716	0.02565	0.12935	0.09362	0.01959	0.02006	0.02437	0.02464	0.03456	0.18681	0.15009	0.05494	0.02085	0.01739	0.00401	0.11968	0.01728	0.00838	0.01190
12	0.01637	0.01091	0.01228	0.01228	0.01228	0.01091	0.00682	0.01637	0.01637	0.02182	0.03546	0.07365	0.04092	0.60445	0.05729	0.01091	0.01091	0.01637	0.00682	0.00682
13	0.02493	0.14488	0.03502	0.16003	0.09164	0.02794	0.02201	0.03822	0.16638	0.03693	0.10496	0.03906	0.03482	0.01376	0.01076	0.00341	0.01095	0.01155	0.00802	0.01471
14	0.01593	0.01150	0.01504	0.01416	0.01681	0.01062	0.01062	0.02124	0.03186	0.04513	0.52830	0.08407	0.10620	0.02301	0.01327	0.00354	0.00531	0.02035	0.01239	0.01062
15	0.03115	0.08062	0.15996	0.03656	0.16821	0.02637	0.02790	0.04412	0.13191	0.13513	0.03028	0.03113	0.02219	0.01204	0.01081	0.00345	0.01236	0.01011	0.00819	0.01751
16	0.10035	0.09480	0.03781	0.09649	0.09107	0.02704	0.07434	0.11101	0.03050	0.18691	0.02761	0.02917	0.01954	0.01177	0.01058	0.00339	0.01233	0.00991	0.00885	0.01651
17	0.01572	0.01139	0.01518	0.01476	0.01713	0.01085	0.01099	0.02053	0.02924	0.04129	0.42380	0.13312	0.09413	0.03117	0.07469	0.00528	0.00822	0.02064	0.01147	0.01040
18	0.02833	0.02734	0.03663	0.08731	0.09973	0.08992	0.11523	0.10185	0.09047	0.04115	0.08502	0.08257	0.03380	0.01491	0.01202	0.00361	0.01333	0.01365	0.00827	0.01486
19	0.09896	0.21252	0.17598	0.14594	0.04413	0.03223	0.02755	0.03244	0.02208	0.03217	0.01774	0.02285	0.01430	0.01131	0.01181	0.00337	0.06752	0.00788	0.00509	0.01415
20	0.03198	0.03658	0.09785	0.02956	0.03608	0.15331	0.07293	0.13442	0.03010	0.03831	0.02103	0.02816	0.01772	0.05635	0.02093	0.00426	0.15938	0.00995	0.00670	0.01440
21	0.31105	0.25129	0.03560	0.01812	0.02648	0.03302	0.01625	0.08348	0.02520	0.08390	0.01922	0.02076	0.01508	0.01074	0.00787	0.00305	0.01045	0.00692	0.00715	0.01436

[dist]
# distance from previous block
# <min> <max>
5	15

[block]
# block no. 4 follows, 11 sequences, length 11
# corresponding to MSA columns:
# 267-277
name=unknown_E
#
# <colnr> <probs for GDERKNQSTAVLIFYWHMCP>
#	G	D	E	R	K	N	Q	S	T	A	V	L	I	F	Y	W	H	M	C	P
0	0.68395	0.02177	0.01654	0.01480	0.02177	0.02525	0.01219	0.03309	0.01915	0.05050	0.01567	0.01828	0.01219	0.01045	0.00697	0.00348	0.00871	0.00609	0.00697	0.01219
1	0.03340	0.03413	0.22208	0.02378	0.03579	0.01980	0.02524	0.04121	0.02688	0.22888	0.02938	0.02920	0.02002	0.01136	0.01036	0.00308	0.01195	0.00906	0.00871	0.17569
2	0.02560	0.07409	0.12219	0.08868	0.03447	0.01963	0.02083	0.03206	0.02680	0.12052	0.14161	0.04667	0.08077	0.01507	0.01103	0.00323	0.01034	0.01252	0.00873	0.10515
3	0.26246	0.14592	0.09456	0.02085	0.02972	0.03105	0.01954	0.10247	0.11593	0.04605	0.02333	0.02447	0.01792	0.01162	0.00889	0.00332	0.01090	0.00813	0.00768	0.01518
4	0.01750	0.01422	0.01959	0.11289	0.02781	0.01611	0.01499	0.02087	0.02091	0.02827	0.09640	0.06108	0.10610	0.18986	0.14125	0.00876	0.07107	0.01519	0.00729	0.00982
5	0.09188	0.01600	0.02331	0.01978	0.02469	0.01527	0.07816	0.02955	0.02689	0.12531	0.17643	0.16606	0.05653	0.01991	0.01199	0.00369	0.00852	0.01785	0.07564	0.01254
6	0.03511	0.02886	0.08178	0.08101	0.09791	0.02763	0.08996	0.16347	0.03330	0.14922	0.02700	0.02967	0.01932	0.01281	0.01399	0.00365	0.06901	0.01061	0.00869	0.01700
7	0.02691	0.02689	0.08681	0.12941	0.04081	0.02321	0.02196	0.11882	0.07903	0.04241	0.02397	0.02727	0.01834	0.01083	0.01003	0.00282	0.01137	0.00876	0.00747	0.28286
8	0.09602	0.02266	0.02680	0.02490	0.08453	0.02252	0.01776	0.17018	0.03414	0.11809	0.07781	0.04012	0.07712	0.01429	0.01071	0.00316	0.00980	0.01152	0.00980	0.12807
9	0.20687	0.02817	0.06985	0.09801	0.03560	0.07941	0.02025	0.09461	0.07687	0.08686	0.07352	0.03210	0.02652	0.01307	0.01016	0.00349	0.01167	0.00993	0.00847	0.01455
10	0.14932	0.02098	0.02709	0.06970	0.03232	0.02236	0.06282	0.13525	0.03086	0.08826	0.09881	0.10071	0.03697	0.02114	0.04973	0.00467	0.01194	0.01381	0.00931	0.01395

[dist]
# distance from previous block
# <min> <max>
0	161

# created by:
# /st0/software/busco_prod/Augustus/scripts/msa2prfl.pl ./align_prep/10929.fa
