[name]
unknown

[dist]
# distance from previous block
# <min> <max>
0	95

[block]
# block no. 0 follows, 11 sequences, length 21
# corresponding to MSA columns:
# 112-132
name=unknown_A
#
# <colnr> <probs for GDERKNQSTAVLIFYWHMCP>
#	G	D	E	R	K	N	Q	S	T	A	V	L	I	F	Y	W	H	M	C	P
0	0.02665	0.01929	0.02704	0.10304	0.03512	0.02029	0.05656	0.09734	0.08828	0.10004	0.07406	0.16671	0.04405	0.02043	0.01275	0.00401	0.01061	0.06972	0.01004	0.01399
1	0.01603	0.01058	0.01352	0.01425	0.01467	0.01064	0.00910	0.01639	0.01778	0.02395	0.04003	0.21041	0.04578	0.30589	0.10361	0.10119	0.01184	0.01929	0.00747	0.00759
2	0.07422	0.02888	0.13196	0.10103	0.04116	0.02252	0.06150	0.04152	0.09361	0.15906	0.02943	0.03076	0.02085	0.01174	0.01066	0.00336	0.01215	0.00991	0.00841	0.10727
3	0.02185	0.02065	0.03566	0.36360	0.15204	0.02339	0.06531	0.02858	0.02327	0.03081	0.02628	0.10846	0.02395	0.01422	0.01182	0.00379	0.01384	0.01332	0.00592	0.01323
4	0.42304	0.18473	0.03037	0.08386	0.03046	0.03056	0.01645	0.03273	0.02059	0.04123	0.01619	0.01963	0.01315	0.01032	0.00755	0.00322	0.01039	0.00654	0.00613	0.01285
5	0.02961	0.03759	0.22845	0.02959	0.04046	0.02668	0.08425	0.07296	0.13739	0.11032	0.02970	0.03097	0.02138	0.01287	0.01321	0.00373	0.05528	0.01055	0.00809	0.01692
6	0.02029	0.09813	0.02477	0.01741	0.02256	0.01821	0.01378	0.02397	0.02338	0.03312	0.10243	0.21402	0.04697	0.02004	0.01310	0.00322	0.05437	0.01680	0.00826	0.22518
7	0.01538	0.01096	0.01412	0.01431	0.01605	0.01026	0.01004	0.01904	0.02689	0.03741	0.33234	0.22286	0.08844	0.10718	0.01969	0.00485	0.00642	0.02298	0.01108	0.00969
8	0.02796	0.46290	0.11373	0.09837	0.03802	0.03962	0.02360	0.03325	0.02293	0.02789	0.01680	0.02040	0.01450	0.00998	0.00820	0.00273	0.01300	0.00685	0.00483	0.01444
9	0.01676	0.01203	0.01629	0.01727	0.01974	0.01156	0.01403	0.02174	0.02832	0.03859	0.27719	0.14507	0.08477	0.02768	0.01440	0.00437	0.00771	0.22080	0.01131	0.01038
10	0.02021	0.01734	0.02629	0.16539	0.03692	0.02206	0.02094	0.02363	0.01858	0.02629	0.02198	0.03389	0.02000	0.04208	0.21083	0.08899	0.17793	0.01064	0.00532	0.01070
11	0.02551	0.01355	0.01798	0.01671	0.02077	0.01246	0.01331	0.03030	0.02945	0.17008	0.24417	0.11425	0.06991	0.02227	0.01284	0.00383	0.00743	0.09879	0.06374	0.01266
12	0.01781	0.01296	0.01713	0.01645	0.01697	0.01484	0.01150	0.01860	0.01673	0.02339	0.02932	0.05453	0.03143	0.32121	0.18284	0.09171	0.09472	0.01356	0.00612	0.00818
13	0.02102	0.01350	0.01662	0.01611	0.01955	0.01287	0.01193	0.02791	0.08567	0.10619	0.18610	0.24641	0.14040	0.02572	0.01315	0.00395	0.00680	0.02256	0.01155	0.01200
14	0.03523	0.02677	0.02892	0.02377	0.03099	0.02969	0.01903	0.32548	0.15931	0.05939	0.03636	0.10919	0.03042	0.01693	0.01173	0.00365	0.01074	0.01377	0.01119	0.01744
15	0.02744	0.04647	0.37709	0.02870	0.04232	0.02516	0.03369	0.04281	0.11658	0.10758	0.02832	0.02918	0.01989	0.01200	0.01092	0.00360	0.01422	0.00956	0.00727	0.01720
16	0.02456	0.10087	0.14612	0.09815	0.08360	0.02715	0.12912	0.03622	0.09337	0.03664	0.08509	0.03540	0.02915	0.01244	0.01136	0.00351	0.01371	0.01153	0.00691	0.01510
17	0.03123	0.10469	0.06645	0.06280	0.10277	0.02245	0.02087	0.03681	0.02570	0.15607	0.02544	0.02730	0.01895	0.01044	0.00963	0.00270	0.01082	0.00849	0.00777	0.24865
18	0.10747	0.06792	0.02671	0.05097	0.02938	0.09847	0.01739	0.10148	0.08584	0.03933	0.02816	0.03877	0.02473	0.06975	0.08964	0.00596	0.01468	0.03957	0.00777	0.05601
19	0.02142	0.02658	0.16399	0.02073	0.02709	0.01833	0.02008	0.08005	0.02363	0.03272	0.03320	0.04603	0.06401	0.14897	0.12609	0.10094	0.01565	0.01226	0.00665	0.01156
20	0.03303	0.09262	0.03348	0.21927	0.04673	0.02522	0.02236	0.09921	0.02926	0.16734	0.02671	0.02943	0.01902	0.01167	0.01041	0.00320	0.01203	0.00945	0.00834	0.10122

[dist]
# distance from previous block
# <min> <max>
0	54

[block]
# block no. 1 follows, 11 sequences, length 17
# corresponding to MSA columns:
# 196-212
name=unknown_B
#
# <colnr> <probs for GDERKNQSTAVLIFYWHMCP>
#	G	D	E	R	K	N	Q	S	T	A	V	L	I	F	Y	W	H	M	C	P
0	0.03250	0.02317	0.02966	0.12624	0.03883	0.08048	0.05031	0.03751	0.02587	0.18727	0.02875	0.03279	0.02135	0.02418	0.10246	0.00577	0.04922	0.01028	0.00822	0.08512
1	0.02477	0.01651	0.02288	0.16263	0.03553	0.01775	0.01750	0.06607	0.02611	0.11194	0.09400	0.05233	0.07018	0.12662	0.09983	0.00698	0.01369	0.01377	0.00859	0.01232
2	0.03294	0.26405	0.12305	0.02491	0.03441	0.03364	0.05303	0.07939	0.02703	0.12564	0.02292	0.02492	0.01747	0.01205	0.01259	0.00324	0.07716	0.00859	0.00711	0.01586
3	0.03446	0.08047	0.10830	0.02277	0.03142	0.02407	0.02138	0.13123	0.06698	0.18648	0.07626	0.04691	0.03424	0.01591	0.01153	0.00361	0.01114	0.06594	0.01043	0.01646
4	0.09298	0.02880	0.12082	0.11146	0.08121	0.02345	0.02461	0.09980	0.02931	0.17069	0.02693	0.02867	0.01887	0.01165	0.01046	0.00332	0.01213	0.00935	0.00848	0.08699
5	0.03268	0.14987	0.11510	0.02251	0.03084	0.08693	0.02094	0.04084	0.08152	0.16095	0.03434	0.11569	0.02924	0.01567	0.01072	0.00341	0.01192	0.01260	0.00883	0.01539
6	0.02283	0.01626	0.02111	0.07675	0.02867	0.01416	0.01460	0.02694	0.02364	0.09162	0.03783	0.23048	0.03840	0.01890	0.01115	0.00314	0.00855	0.01660	0.00868	0.28970
7	0.01935	0.01285	0.01751	0.08079	0.02529	0.01248	0.01393	0.02337	0.02610	0.08813	0.17006	0.24850	0.13023	0.02611	0.01338	0.00407	0.00776	0.05838	0.01063	0.01109
8	0.01977	0.00988	0.01402	0.01402	0.01443	0.00988	0.00948	0.01643	0.01603	0.02298	0.02218	0.03540	0.02097	0.03512	0.03846	0.56997	0.00908	0.00988	0.10624	0.00575
9	0.28398	0.02391	0.02351	0.01945	0.02645	0.02651	0.01560	0.19223	0.07640	0.09438	0.02673	0.03097	0.02092	0.07582	0.01457	0.00427	0.01028	0.00959	0.00938	0.01505
10	0.03488	0.12430	0.21659	0.02453	0.03594	0.02554	0.02604	0.04532	0.08201	0.22671	0.03152	0.03043	0.02169	0.01227	0.01048	0.00338	0.01240	0.00959	0.00898	0.01738
11	0.03204	0.02414	0.03121	0.09126	0.13490	0.02630	0.02270	0.09051	0.24882	0.12102	0.03624	0.03598	0.02663	0.01344	0.01133	0.00363	0.01086	0.01145	0.00996	0.01757
12	0.23654	0.11599	0.02956	0.02026	0.02730	0.10918	0.01685	0.03604	0.02358	0.09383	0.01973	0.02232	0.01564	0.01164	0.01167	0.00312	0.07776	0.00737	0.00696	0.11467
13	0.01805	0.01405	0.01671	0.01566	0.01924	0.01345	0.01152	0.02618	0.10116	0.03856	0.24330	0.15937	0.10905	0.07044	0.01624	0.00417	0.00690	0.01958	0.01065	0.08569
14	0.06572	0.01864	0.05442	0.05704	0.02802	0.01537	0.01613	0.03212	0.02598	0.17275	0.09651	0.18709	0.04491	0.01919	0.01160	0.00352	0.00886	0.01655	0.01008	0.11550
15	0.02127	0.02335	0.13489	0.01963	0.02644	0.01469	0.01837	0.02652	0.02385	0.08943	0.04854	0.27837	0.08423	0.02270	0.01219	0.00372	0.00934	0.01983	0.00899	0.11364
16	0.31407	0.02799	0.02399	0.02072	0.02779	0.08979	0.01655	0.13162	0.15592	0.05092	0.02592	0.02639	0.01958	0.01243	0.00934	0.00348	0.01082	0.00874	0.00883	0.01511

[dist]
# distance from previous block
# <min> <max>
0	10

[block]
# block no. 2 follows, 11 sequences, length 17
# corresponding to MSA columns:
# 223-239
name=unknown_C
#
# <colnr> <probs for GDERKNQSTAVLIFYWHMCP>
#	G	D	E	R	K	N	Q	S	T	A	V	L	I	F	Y	W	H	M	C	P
0	0.02685	0.05460	0.02513	0.09195	0.03102	0.02065	0.01703	0.13174	0.03028	0.09971	0.04748	0.16509	0.10306	0.02742	0.07076	0.00527	0.01208	0.01685	0.00952	0.01350
1	0.02843	0.11125	0.02869	0.02010	0.02678	0.06272	0.01641	0.14526	0.15562	0.04342	0.05506	0.05297	0.17234	0.01767	0.01124	0.00344	0.01002	0.01399	0.00974	0.01486
2	0.02069	0.01366	0.01753	0.01621	0.02048	0.01254	0.01235	0.02423	0.02311	0.09687	0.05458	0.17293	0.13980	0.04056	0.16689	0.00761	0.01373	0.01781	0.00904	0.11939
3	0.08665	0.09667	0.11244	0.02140	0.02868	0.02466	0.02014	0.03258	0.08263	0.03751	0.11083	0.03646	0.03373	0.01816	0.04380	0.00416	0.08629	0.01064	0.00747	0.10508
4	0.12498	0.01307	0.01575	0.01562	0.01816	0.01405	0.01160	0.02142	0.02166	0.03428	0.14604	0.12917	0.05122	0.11405	0.20925	0.00966	0.01541	0.01625	0.00834	0.01002
5	0.02826	0.02723	0.11732	0.14017	0.07597	0.02264	0.10208	0.03529	0.02572	0.14274	0.03780	0.04062	0.08557	0.01421	0.01352	0.00373	0.05206	0.01235	0.00775	0.01496
6	0.02596	0.02316	0.09397	0.01972	0.02767	0.01710	0.01760	0.03507	0.08986	0.12037	0.09476	0.12118	0.03986	0.01627	0.01105	0.00317	0.00913	0.01387	0.00947	0.21076
7	0.02680	0.02530	0.09146	0.02091	0.02781	0.02149	0.01822	0.18904	0.03332	0.04601	0.08043	0.13134	0.03865	0.09886	0.01791	0.00445	0.01061	0.01490	0.00922	0.09326
8	0.02727	0.20869	0.21855	0.11619	0.04443	0.10445	0.02898	0.03480	0.02440	0.03081	0.01845	0.02263	0.01461	0.01046	0.00956	0.00305	0.01504	0.00768	0.00507	0.05486
9	0.03913	0.01833	0.02369	0.01896	0.02587	0.01696	0.01534	0.09780	0.03460	0.33531	0.18849	0.05078	0.05048	0.01662	0.01190	0.00349	0.00863	0.01391	0.01314	0.01657
10	0.01595	0.01244	0.01678	0.09194	0.02490	0.01224	0.01312	0.02072	0.02820	0.03831	0.32906	0.14774	0.15866	0.02388	0.01314	0.00375	0.00688	0.02100	0.01079	0.01050
11	0.03016	0.02813	0.11100	0.19305	0.13507	0.02416	0.11489	0.03795	0.02615	0.14902	0.02628	0.03074	0.01867	0.01126	0.01155	0.00360	0.01446	0.01068	0.00722	0.01597
12	0.02761	0.03619	0.11700	0.32619	0.06019	0.18303	0.03014	0.03467	0.02549	0.02953	0.01927	0.02612	0.01473	0.01126	0.01084	0.00347	0.01683	0.00891	0.00520	0.01334
13	0.04204	0.05364	0.03190	0.02900	0.03480	0.55926	0.02175	0.04494	0.03190	0.02755	0.01740	0.02030	0.01450	0.01160	0.01015	0.00290	0.02030	0.00725	0.00580	0.01305
14	0.43308	0.02001	0.01922	0.01628	0.02334	0.02128	0.01332	0.03836	0.02422	0.19475	0.07348	0.03051	0.02585	0.01268	0.00885	0.00349	0.00864	0.00901	0.00954	0.01409
15	0.03360	0.02696	0.02860	0.02404	0.03140	0.03061	0.01917	0.22532	0.33927	0.05612	0.03869	0.03632	0.02859	0.01460	0.01138	0.00365	0.01023	0.01174	0.01138	0.01832
16	0.02100	0.01346	0.01757	0.01635	0.02036	0.01199	0.01270	0.02559	0.02828	0.09948	0.26238	0.16046	0.07413	0.02312	0.01289	0.00368	0.00712	0.08008	0.01123	0.09816

[dist]
# distance from previous block
# <min> <max>
0	1

[block]
# block no. 3 follows, 11 sequences, length 13
# corresponding to MSA columns:
# 241-253
name=unknown_D
#
# <colnr> <probs for GDERKNQSTAVLIFYWHMCP>
#	G	D	E	R	K	N	Q	S	T	A	V	L	I	F	Y	W	H	M	C	P
0	0.01923	0.01352	0.02074	0.09526	0.07410	0.01471	0.01571	0.02010	0.01789	0.02446	0.02476	0.04120	0.02402	0.12407	0.17233	0.25597	0.01627	0.01135	0.00554	0.00876
1	0.01914	0.01164	0.01489	0.01533	0.01795	0.01046	0.01100	0.02207	0.02523	0.10371	0.13453	0.36042	0.15191	0.02934	0.01360	0.00414	0.00664	0.02600	0.01121	0.01083
2	0.02328	0.02334	0.03402	0.02860	0.03004	0.03066	0.06084	0.02637	0.01912	0.02826	0.02862	0.03622	0.08341	0.02003	0.03186	0.00468	0.46078	0.01198	0.00572	0.01217
3	0.03301	0.01620	0.02133	0.01874	0.02431	0.01509	0.01507	0.03990	0.07296	0.27050	0.15062	0.11329	0.05476	0.02048	0.01265	0.00388	0.00845	0.08121	0.01254	0.01501
4	0.02021	0.01218	0.01516	0.01424	0.01684	0.01126	0.01005	0.02326	0.02574	0.10131	0.23468	0.12272	0.11412	0.19809	0.02634	0.00586	0.00771	0.01932	0.01056	0.01037
5	0.01566	0.01110	0.01386	0.01465	0.01606	0.01061	0.01028	0.01828	0.02318	0.03112	0.16384	0.21186	0.10242	0.21217	0.02784	0.00638	0.00812	0.08390	0.00973	0.00894
6	0.03917	0.02270	0.02666	0.02164	0.02919	0.02343	0.01746	0.15439	0.17291	0.24817	0.08578	0.04101	0.03498	0.01506	0.01152	0.00356	0.00964	0.01228	0.01248	0.01798
7	0.02310	0.02155	0.03485	0.37168	0.17437	0.02382	0.02917	0.03002	0.02336	0.03185	0.02027	0.02846	0.01592	0.01051	0.01076	0.00333	0.01357	0.00948	0.00540	0.11854
8	0.03677	0.01931	0.02355	0.01919	0.02635	0.01819	0.01536	0.10294	0.07534	0.27824	0.05202	0.09974	0.10172	0.01771	0.01169	0.00352	0.00896	0.01470	0.01202	0.06267
9	0.68395	0.02177	0.01654	0.01480	0.02177	0.02525	0.01219	0.03309	0.01915	0.05050	0.01567	0.01828	0.01219	0.01045	0.00697	0.00348	0.00871	0.00609	0.00697	0.01219
10	0.03291	0.14457	0.08063	0.09458	0.03538	0.02445	0.02066	0.06980	0.02868	0.19729	0.07646	0.08454	0.03262	0.01506	0.01085	0.00340	0.01101	0.01233	0.00937	0.01541
11	0.03089	0.02861	0.10005	0.02216	0.03226	0.02317	0.02011	0.14719	0.09643	0.09111	0.02731	0.02809	0.02027	0.01132	0.01004	0.00279	0.01065	0.00894	0.00877	0.27984
12	0.01734	0.09688	0.02035	0.01424	0.01907	0.01522	0.01123	0.02059	0.02457	0.03139	0.10422	0.17445	0.27063	0.02391	0.01194	0.00343	0.00710	0.02018	0.00925	0.10400

[dist]
# distance from previous block
# <min> <max>
0	2

[block]
# block no. 4 follows, 11 sequences, length 13
# corresponding to MSA columns:
# 256-268
name=unknown_E
#
# <colnr> <probs for GDERKNQSTAVLIFYWHMCP>
#	G	D	E	R	K	N	Q	S	T	A	V	L	I	F	Y	W	H	M	C	P
0	0.14799	0.07663	0.14495	0.02814	0.07915	0.07041	0.02447	0.11379	0.08852	0.08489	0.02509	0.02639	0.01856	0.01185	0.01002	0.00339	0.01272	0.00890	0.00790	0.01626
1	0.03113	0.34166	0.17404	0.02395	0.03518	0.03777	0.02528	0.13993	0.02995	0.03891	0.01937	0.02152	0.01547	0.01078	0.00901	0.00292	0.01326	0.00753	0.00627	0.01606
2	0.02746	0.10331	0.16874	0.02230	0.03308	0.02339	0.02254	0.08149	0.02709	0.07914	0.02557	0.06983	0.02149	0.01226	0.00986	0.00283	0.01141	0.00978	0.00730	0.24115
3	0.25758	0.06450	0.02147	0.06118	0.02507	0.02184	0.01345	0.03165	0.06815	0.07261	0.02730	0.04053	0.02500	0.19958	0.02405	0.00581	0.01026	0.01069	0.00753	0.01174
4	0.01618	0.01164	0.01597	0.01597	0.01725	0.01292	0.01143	0.01874	0.01746	0.02456	0.03209	0.05495	0.03280	0.27406	0.37657	0.01547	0.02313	0.01363	0.00632	0.00887
5	0.02890	0.47228	0.11727	0.02688	0.09266	0.04011	0.02386	0.03404	0.02331	0.02886	0.01688	0.01995	0.01483	0.00981	0.00812	0.00266	0.01276	0.00679	0.00490	0.01512
6	0.03173	0.15100	0.12526	0.07272	0.03698	0.09022	0.02276	0.03772	0.02594	0.12689	0.02339	0.02537	0.01747	0.01072	0.00956	0.00283	0.01284	0.00807	0.00705	0.16149
7	0.08312	0.09399	0.09581	0.12341	0.04117	0.09427	0.02386	0.11015	0.14637	0.04171	0.02617	0.02829	0.01984	0.01230	0.01033	0.00342	0.01317	0.00940	0.00770	0.01553
8	0.08155	0.16958	0.08804	0.02202	0.03061	0.07910	0.02032	0.04334	0.08608	0.17923	0.03161	0.03612	0.02446	0.01359	0.01019	0.00335	0.01188	0.04423	0.00890	0.01581
9	0.02123	0.01423	0.01786	0.01612	0.02033	0.01312	0.01220	0.02827	0.07280	0.09407	0.29765	0.14886	0.07543	0.02148	0.01247	0.00349	0.00665	0.01887	0.01146	0.09342
10	0.02314	0.01240	0.01558	0.01502	0.01715	0.01163	0.01007	0.02469	0.02144	0.13929	0.04545	0.22355	0.04812	0.30195	0.03416	0.00735	0.00930	0.01996	0.00949	0.01026
11	0.25756	0.01927	0.02214	0.13147	0.03381	0.02232	0.01743	0.08389	0.02393	0.04102	0.02568	0.08409	0.02323	0.02982	0.13172	0.00687	0.01498	0.01124	0.00722	0.01232
12	0.08440	0.02512	0.02690	0.07684	0.09228	0.12757	0.01973	0.03585	0.02625	0.13630	0.06743	0.03603	0.02789	0.02883	0.13253	0.00662	0.01684	0.01069	0.00803	0.01389

[dist]
# distance from previous block
# <min> <max>
0	8

[block]
# block no. 5 follows, 11 sequences, length 11
# corresponding to MSA columns:
# 277-287
name=unknown_F
#
# <colnr> <probs for GDERKNQSTAVLIFYWHMCP>
#	G	D	E	R	K	N	Q	S	T	A	V	L	I	F	Y	W	H	M	C	P
0	0.03561	0.02770	0.03260	0.02534	0.03363	0.02972	0.05527	0.32506	0.10675	0.06023	0.07824	0.03461	0.02940	0.01401	0.01143	0.00336	0.01145	0.01148	0.01065	0.06343
1	0.02276	0.01626	0.02054	0.01915	0.02219	0.01779	0.01501	0.06225	0.07337	0.06963	0.11949	0.06778	0.04878	0.13865	0.09269	0.00720	0.06881	0.09642	0.00936	0.01186
2	0.03220	0.16180	0.04596	0.03015	0.03876	0.17062	0.15047	0.08147	0.02945	0.03501	0.02245	0.03057	0.01916	0.01182	0.01070	0.00314	0.01577	0.03890	0.00646	0.06513
3	0.01816	0.01112	0.01484	0.01591	0.01778	0.01021	0.01115	0.02094	0.02443	0.08837	0.13700	0.45049	0.07451	0.03087	0.01385	0.00428	0.00667	0.02778	0.01115	0.01050
4	0.02689	0.02842	0.02241	0.02113	0.02546	0.20202	0.01577	0.03638	0.13507	0.03537	0.12977	0.14005	0.09571	0.01997	0.01199	0.00358	0.01147	0.01645	0.00941	0.01267
5	0.09052	0.01838	0.02477	0.10514	0.11386	0.01882	0.01877	0.03288	0.06390	0.11597	0.13487	0.05466	0.12819	0.01694	0.01157	0.00359	0.00937	0.01440	0.00948	0.01390
6	0.01827	0.01450	0.02179	0.07977	0.02707	0.01775	0.01699	0.02145	0.01806	0.02582	0.02563	0.03871	0.02382	0.06205	0.36709	0.08721	0.10706	0.01126	0.00563	0.01007
7	0.02337	0.01604	0.02482	0.25336	0.04480	0.01791	0.02085	0.02842	0.02310	0.11296	0.03582	0.16889	0.03359	0.03027	0.10847	0.00642	0.01475	0.01582	0.00795	0.01237
8	0.02253	0.02413	0.08343	0.21442	0.04683	0.01970	0.02265	0.02927	0.02309	0.03380	0.02003	0.02572	0.01583	0.00961	0.00961	0.00260	0.01156	0.00801	0.00588	0.37130
9	0.02187	0.02373	0.08322	0.32595	0.15924	0.02310	0.02954	0.02939	0.02482	0.03379	0.10412	0.03787	0.03056	0.01288	0.01151	0.00361	0.01323	0.01155	0.00631	0.01370
10	0.13270	0.02168	0.02954	0.17385	0.14358	0.02173	0.02220	0.03051	0.02290	0.03690	0.01953	0.02518	0.01573	0.00980	0.00945	0.00286	0.01118	0.00814	0.00606	0.25650

[dist]
# distance from previous block
# <min> <max>
6	8

[block]
# block no. 6 follows, 11 sequences, length 7
# corresponding to MSA columns:
# 296-302
name=unknown_G
#
# <colnr> <probs for GDERKNQSTAVLIFYWHMCP>
#	G	D	E	R	K	N	Q	S	T	A	V	L	I	F	Y	W	H	M	C	P
0	0.01371	0.00979	0.01306	0.01567	0.01632	0.00914	0.01045	0.01567	0.02155	0.02873	0.06203	0.59710	0.07444	0.03526	0.01437	0.00457	0.00653	0.03200	0.01045	0.00914
1	0.01365	0.01005	0.01279	0.01499	0.01614	0.00920	0.01014	0.01575	0.02221	0.02900	0.07037	0.51872	0.14745	0.03418	0.01420	0.00445	0.00640	0.03067	0.01045	0.00920
2	0.19798	0.02961	0.09112	0.02263	0.03179	0.02759	0.02046	0.20807	0.07946	0.14185	0.02814	0.02781	0.01974	0.01264	0.01016	0.00349	0.01120	0.00936	0.00988	0.01700
3	0.35229	0.10514	0.10658	0.02023	0.02922	0.02936	0.01933	0.09385	0.07396	0.04730	0.02079	0.02255	0.01588	0.01124	0.00855	0.00338	0.01084	0.00759	0.00733	0.01459
4	0.11178	0.13858	0.11805	0.03090	0.10866	0.13514	0.02448	0.04128	0.11864	0.03664	0.02333	0.02550	0.01846	0.01143	0.00973	0.00323	0.01360	0.00853	0.00665	0.01539
5	0.02964	0.12629	0.13899	0.02563	0.03584	0.06611	0.06993	0.07470	0.02788	0.08217	0.02583	0.03417	0.02132	0.01240	0.01044	0.00310	0.01320	0.04957	0.00721	0.14559
6	0.03508	0.02798	0.12901	0.02262	0.03143	0.02132	0.02133	0.14717	0.03441	0.21580	0.10316	0.08923	0.03798	0.01634	0.01172	0.00358	0.01079	0.01353	0.01095	0.01658

[dist]
# distance from previous block
# <min> <max>
5	32

[block]
# block no. 7 follows, 11 sequences, length 27
# corresponding to MSA columns:
# 335-361
name=unknown_H
#
# <colnr> <probs for GDERKNQSTAVLIFYWHMCP>
#	G	D	E	R	K	N	Q	S	T	A	V	L	I	F	Y	W	H	M	C	P
0	0.09785	0.07199	0.12148	0.02806	0.09505	0.10446	0.02253	0.03501	0.02633	0.09214	0.08087	0.07702	0.03113	0.01418	0.01053	0.00329	0.01226	0.01143	0.00769	0.05670
1	0.03197	0.21977	0.08616	0.03386	0.15899	0.03144	0.02445	0.10632	0.02921	0.09399	0.02557	0.06458	0.02163	0.01266	0.01008	0.00316	0.01217	0.01024	0.00739	0.01637
2	0.13936	0.09072	0.10696	0.02630	0.08610	0.06649	0.02153	0.03813	0.02609	0.14802	0.05641	0.02941	0.02343	0.01177	0.00977	0.00312	0.01162	0.00906	0.00800	0.08772
3	0.15100	0.02451	0.06514	0.01935	0.02846	0.02070	0.01708	0.10132	0.02737	0.04419	0.02402	0.03277	0.02055	0.01187	0.00940	0.00276	0.00989	0.04990	0.00763	0.33210
4	0.09546	0.02391	0.07459	0.16682	0.04146	0.02341	0.02204	0.04121	0.17980	0.09440	0.03510	0.09513	0.02875	0.01533	0.01116	0.00379	0.01102	0.01286	0.00883	0.01492
5	0.09152	0.03404	0.22047	0.02626	0.03604	0.02289	0.07670	0.03529	0.09970	0.03967	0.10869	0.03859	0.03391	0.02023	0.06300	0.00499	0.01428	0.01164	0.00750	0.01458
6	0.01494	0.01150	0.01369	0.01391	0.01684	0.01076	0.01062	0.01741	0.02297	0.02867	0.08229	0.08896	0.33385	0.04131	0.12890	0.07700	0.01154	0.05669	0.00895	0.00920
7	0.01791	0.01590	0.02392	0.02090	0.02543	0.01510	0.09762	0.02521	0.07684	0.03463	0.12111	0.19280	0.21012	0.02475	0.01348	0.00403	0.00885	0.05000	0.00991	0.01149
8	0.03900	0.03059	0.02934	0.02306	0.03165	0.12745	0.01851	0.20947	0.03751	0.13810	0.02647	0.02680	0.01917	0.01188	0.01030	0.00286	0.01236	0.00889	0.00950	0.18709
9	0.01933	0.01626	0.02196	0.02014	0.02067	0.02041	0.01526	0.02128	0.01713	0.02488	0.02647	0.04796	0.02798	0.25421	0.18016	0.01057	0.22689	0.01285	0.00592	0.00968
10	0.01437	0.01050	0.01310	0.01451	0.01572	0.01001	0.00977	0.01631	0.02096	0.02747	0.06308	0.36017	0.14332	0.14662	0.07384	0.00692	0.00945	0.02571	0.00934	0.00885
11	0.02557	0.02441	0.04156	0.24508	0.37611	0.02614	0.03341	0.03254	0.02455	0.03400	0.02077	0.02860	0.01685	0.01045	0.01118	0.00348	0.01394	0.01002	0.00537	0.01598
12	0.02334	0.02001	0.02334	0.01667	0.02667	0.01500	0.01334	0.02834	0.02334	0.03668	0.02001	0.02334	0.01667	0.00834	0.00834	0.00167	0.00834	0.00667	0.00667	0.67325
13	0.03649	0.04458	0.03076	0.02787	0.03236	0.41821	0.02134	0.03945	0.02811	0.02732	0.01841	0.02361	0.01605	0.02091	0.07518	0.00489	0.10798	0.00818	0.00569	0.01260
14	0.02098	0.01258	0.01561	0.01460	0.01838	0.01111	0.01102	0.02485	0.02844	0.12711	0.24312	0.16213	0.21697	0.02495	0.01310	0.00377	0.00638	0.02157	0.01177	0.01158
15	0.02860	0.02435	0.02765	0.10844	0.03731	0.02830	0.02028	0.10345	0.38731	0.04691	0.03976	0.03849	0.02970	0.01446	0.01140	0.00376	0.01023	0.01202	0.01044	0.01715
16	0.01450	0.01095	0.01340	0.01384	0.01620	0.00985	0.00998	0.01808	0.02693	0.03590	0.26702	0.24834	0.21736	0.02834	0.01362	0.00393	0.00580	0.02490	0.01124	0.00985
17	0.03283	0.02526	0.03633	0.02866	0.03629	0.05796	0.14867	0.09022	0.11744	0.15158	0.03780	0.12027	0.03141	0.01602	0.01227	0.00375	0.01258	0.01490	0.00986	0.01588
18	0.01670	0.01319	0.01882	0.02402	0.09685	0.01258	0.01508	0.02026	0.02421	0.03241	0.10490	0.34160	0.11509	0.02891	0.01383	0.00429	0.00794	0.08862	0.00987	0.01083
19	0.01543	0.01149	0.01435	0.01363	0.01651	0.01041	0.01022	0.02027	0.03067	0.04232	0.44913	0.08871	0.18712	0.02406	0.01328	0.00359	0.00538	0.02100	0.01202	0.01041
20	0.03114	0.45782	0.05417	0.02764	0.10720	0.04074	0.02184	0.08462	0.02659	0.03294	0.01774	0.02054	0.01548	0.01012	0.00827	0.00266	0.01228	0.00709	0.00564	0.01548
21	0.03018	0.25051	0.15320	0.02548	0.03459	0.03650	0.02557	0.13405	0.02852	0.03829	0.01894	0.02253	0.01550	0.01269	0.01469	0.00336	0.12548	0.00816	0.00623	0.01552
22	0.02118	0.01337	0.01628	0.01458	0.01735	0.01258	0.00986	0.02297	0.01942	0.08232	0.03337	0.05811	0.03405	0.37853	0.11124	0.00962	0.01292	0.01375	0.00748	0.11101
23	0.10255	0.02368	0.03005	0.02426	0.03092	0.06658	0.10653	0.04037	0.11883	0.13732	0.03850	0.04402	0.06078	0.10449	0.01835	0.00472	0.01201	0.01268	0.00909	0.01429
24	0.03898	0.01951	0.02653	0.10232	0.03547	0.01740	0.01789	0.04398	0.02843	0.33235	0.03434	0.03313	0.02300	0.01206	0.01052	0.00304	0.01006	0.00990	0.01069	0.19042
25	0.01638	0.01186	0.01659	0.01688	0.01843	0.01313	0.01264	0.01949	0.01850	0.02584	0.03475	0.06090	0.03546	0.21302	0.37020	0.01482	0.02300	0.06214	0.00671	0.00925
26	0.02922	0.06311	0.02787	0.11954	0.03564	0.13215	0.01803	0.03330	0.02485	0.08585	0.02423	0.03293	0.02073	0.10183	0.01702	0.00397	0.01280	0.00935	0.00689	0.20069

[dist]
# distance from previous block
# <min> <max>
0	2

[block]
# block no. 8 follows, 11 sequences, length 15
# corresponding to MSA columns:
# 364-378
name=unknown_I
#
# <colnr> <probs for GDERKNQSTAVLIFYWHMCP>
#	G	D	E	R	K	N	Q	S	T	A	V	L	I	F	Y	W	H	M	C	P
0	0.15007	0.02062	0.02673	0.10644	0.08016	0.01994	0.01891	0.03941	0.02590	0.22111	0.02819	0.02928	0.01979	0.01133	0.00987	0.00311	0.01031	0.00906	0.00900	0.16078
1	0.03079	0.02793	0.07862	0.11592	0.07684	0.06698	0.02547	0.07684	0.02698	0.11878	0.02716	0.03777	0.02241	0.01580	0.01786	0.00399	0.15385	0.05361	0.00763	0.01477
2	0.17575	0.02697	0.03016	0.07419	0.03610	0.07038	0.05978	0.13633	0.11430	0.12367	0.02863	0.02942	0.02063	0.01251	0.01046	0.00352	0.01203	0.00991	0.00928	0.01598
3	0.01854	0.01219	0.01446	0.01371	0.01741	0.01065	0.01034	0.02227	0.02801	0.09491	0.23349	0.14006	0.29078	0.02570	0.01316	0.00376	0.00611	0.02201	0.01148	0.01096
4	0.02684	0.01990	0.02370	0.01710	0.02694	0.01520	0.01375	0.03176	0.02448	0.10183	0.02315	0.02527	0.01811	0.00906	0.00872	0.00190	0.00850	0.00727	0.00760	0.58892
5	0.02636	0.11732	0.04071	0.02699	0.03605	0.07264	0.14527	0.03219	0.02522	0.03373	0.02447	0.03628	0.02187	0.01181	0.01051	0.00288	0.01312	0.06135	0.00647	0.25476
6	0.02456	0.09403	0.04993	0.03457	0.04201	0.02846	0.25892	0.03101	0.02462	0.03347	0.07361	0.03881	0.06500	0.01434	0.01744	0.00384	0.13213	0.01320	0.00642	0.01364
7	0.01448	0.01128	0.01393	0.01487	0.01734	0.01073	0.01117	0.01758	0.02298	0.02937	0.07708	0.22388	0.25749	0.04256	0.13150	0.00721	0.01164	0.06582	0.00949	0.00961
8	0.16039	0.02382	0.07435	0.08221	0.11560	0.02102	0.02189	0.04012	0.02612	0.23054	0.03184	0.07256	0.02422	0.01367	0.01062	0.00358	0.01097	0.01126	0.00926	0.01597
9	0.16781	0.12136	0.21091	0.06635	0.03650	0.02571	0.02500	0.03131	0.02222	0.03626	0.02339	0.08935	0.02114	0.01321	0.00964	0.00335	0.01221	0.01026	0.00609	0.06793
10	0.02268	0.01846	0.02769	0.13507	0.08062	0.02200	0.02151	0.02709	0.02212	0.06856	0.07153	0.10906	0.03380	0.02930	0.10573	0.00637	0.16465	0.01412	0.00721	0.01245
11	0.01600	0.01161	0.01551	0.01743	0.01951	0.01112	0.01384	0.01995	0.02524	0.03327	0.12552	0.27235	0.11343	0.03118	0.01468	0.00465	0.00807	0.22605	0.01066	0.00993
12	0.02220	0.06624	0.03863	0.27143	0.11767	0.02429	0.10442	0.02863	0.02374	0.03096	0.03226	0.10120	0.06124	0.01478	0.01179	0.00370	0.01354	0.01386	0.00622	0.01317
13	0.02106	0.01840	0.01810	0.01703	0.01993	0.07773	0.01202	0.02725	0.08600	0.03165	0.11599	0.10626	0.04781	0.22516	0.07229	0.00717	0.01182	0.01582	0.00846	0.06005
14	0.03313	0.20325	0.08762	0.02340	0.03172	0.11914	0.02122	0.10965	0.07407	0.07849	0.02494	0.02727	0.01968	0.02029	0.07415	0.00481	0.01554	0.00883	0.00746	0.01533

[dist]
# distance from previous block
# <min> <max>
1	9

[block]
# block no. 9 follows, 11 sequences, length 27
# corresponding to MSA columns:
# 388-414
name=unknown_J
#
# <colnr> <probs for GDERKNQSTAVLIFYWHMCP>
#	G	D	E	R	K	N	Q	S	T	A	V	L	I	F	Y	W	H	M	C	P
0	0.02849	0.07323	0.06366	0.12486	0.03939	0.02686	0.02198	0.09510	0.20325	0.06970	0.03383	0.03934	0.02663	0.01411	0.01105	0.00355	0.01128	0.04173	0.00899	0.06298
1	0.31954	0.02180	0.02364	0.13793	0.03634	0.02504	0.01889	0.11597	0.02715	0.04697	0.02560	0.03951	0.02235	0.01443	0.01002	0.00379	0.01099	0.07891	0.00787	0.01325
2	0.15477	0.07137	0.02996	0.02315	0.03020	0.09477	0.01880	0.17849	0.16509	0.04980	0.02736	0.02789	0.02085	0.01328	0.01158	0.00348	0.04464	0.00944	0.00904	0.01604
3	0.01608	0.01206	0.01809	0.01809	0.02010	0.01407	0.01407	0.02010	0.01809	0.02613	0.03015	0.04422	0.02814	0.08441	0.55984	0.01809	0.03015	0.01206	0.00603	0.01005
4	0.02480	0.01832	0.02831	0.14354	0.07266	0.01985	0.05063	0.06951	0.02573	0.09198	0.05762	0.07105	0.03007	0.03828	0.19682	0.00854	0.01838	0.01291	0.00772	0.01326
5	0.02334	0.02001	0.02334	0.01667	0.02667	0.01500	0.01334	0.02834	0.02334	0.03668	0.02001	0.02334	0.01667	0.00834	0.00834	0.00167	0.00834	0.00667	0.00667	0.67325
6	0.01943	0.01571	0.01851	0.01799	0.02099	0.01682	0.01346	0.05895	0.11563	0.03658	0.10064	0.26938	0.14764	0.02640	0.01530	0.00415	0.05769	0.02245	0.01037	0.01190
7	0.02274	0.01286	0.01680	0.01543	0.01915	0.01156	0.01169	0.02711	0.02978	0.14743	0.31666	0.15806	0.11914	0.02347	0.01303	0.00371	0.00645	0.02056	0.01225	0.01212
8	0.01760	0.01279	0.01766	0.01781	0.01910	0.01433	0.01358	0.01993	0.01895	0.02615	0.03560	0.06689	0.03736	0.19596	0.22776	0.06976	0.06466	0.10811	0.00697	0.00903
9	0.01687	0.01149	0.01395	0.01468	0.01542	0.01149	0.01004	0.01835	0.01909	0.02520	0.04234	0.08884	0.04772	0.44107	0.04539	0.00928	0.01076	0.14235	0.00783	0.00783
10	0.03751	0.16942	0.03797	0.02698	0.03294	0.38954	0.02154	0.04051	0.02830	0.02727	0.01672	0.02031	0.01452	0.01210	0.01258	0.00303	0.08275	0.00728	0.00549	0.01326
11	0.02648	0.27128	0.25275	0.02794	0.04030	0.03386	0.08213	0.03704	0.06666	0.03306	0.02093	0.02385	0.01641	0.01054	0.00968	0.00315	0.01440	0.00836	0.00547	0.01570
12	0.01571	0.01102	0.01209	0.01209	0.01290	0.01061	0.00719	0.01632	0.01835	0.02366	0.05224	0.08106	0.14530	0.48144	0.04789	0.00939	0.00980	0.01795	0.00760	0.00739
13	0.02451	0.01442	0.01875	0.01706	0.01899	0.01514	0.01226	0.11761	0.02283	0.03052	0.02115	0.03268	0.01946	0.03364	0.03700	0.52962	0.01033	0.00985	0.00625	0.00793
14	0.01432	0.01080	0.01339	0.01521	0.01714	0.00988	0.01114	0.01708	0.02351	0.03005	0.07737	0.37165	0.21070	0.03253	0.01424	0.00444	0.00691	0.09974	0.01044	0.00945
15	0.01985	0.01473	0.01718	0.01707	0.02009	0.01471	0.01244	0.11849	0.02900	0.03805	0.06413	0.38537	0.14644	0.02937	0.01351	0.00417	0.00763	0.02581	0.01062	0.01134
16	0.02561	0.02562	0.03788	0.34214	0.23811	0.07630	0.03154	0.03238	0.02452	0.03153	0.02018	0.02831	0.01597	0.01084	0.01111	0.00352	0.01492	0.00975	0.00528	0.01447
17	0.02920	0.27953	0.13591	0.14197	0.04392	0.03531	0.02620	0.11823	0.02848	0.03679	0.01948	0.02328	0.01539	0.01088	0.00945	0.00308	0.01356	0.00804	0.00603	0.01529
18	0.02454	0.08227	0.14909	0.03912	0.16632	0.02704	0.08153	0.03358	0.05721	0.03363	0.02330	0.02983	0.01928	0.02367	0.10448	0.00599	0.06799	0.01019	0.00577	0.01519
19	0.01583	0.01041	0.01440	0.01645	0.01734	0.01002	0.01181	0.01695	0.02093	0.02774	0.05248	0.38476	0.06082	0.03526	0.02092	0.14735	0.00797	0.11082	0.00924	0.00847
20	0.01940	0.01684	0.02653	0.18816	0.04031	0.01717	0.06296	0.02573	0.02755	0.03835	0.26851	0.05569	0.05993	0.01650	0.01210	0.00341	0.00989	0.01499	0.00887	0.08712
21	0.02332	0.02533	0.08104	0.02632	0.03646	0.01924	0.14905	0.03033	0.02525	0.03737	0.07871	0.03225	0.02677	0.01054	0.01048	0.00264	0.01169	0.01021	0.00688	0.35612
22	0.01479	0.01074	0.01402	0.01528	0.01698	0.00998	0.01100	0.01820	0.02565	0.03475	0.22174	0.35179	0.11678	0.03033	0.01402	0.00422	0.00638	0.06248	0.01109	0.00976
23	0.03901	0.04790	0.03484	0.03756	0.14146	0.44553	0.02448	0.04272	0.03056	0.02952	0.01820	0.02191	0.01521	0.01126	0.01036	0.00299	0.01882	0.00784	0.00575	0.01407
24	0.02638	0.04209	0.32944	0.02789	0.03997	0.02348	0.03208	0.08723	0.02828	0.08361	0.03151	0.04745	0.02679	0.01565	0.01185	0.00388	0.01419	0.10493	0.00750	0.01580
25	0.02784	0.02293	0.02413	0.02105	0.02740	0.02544	0.01656	0.13854	0.31672	0.04833	0.05659	0.05314	0.13707	0.01774	0.01181	0.00373	0.00892	0.01456	0.01120	0.01631
26	0.02175	0.14200	0.02642	0.01763	0.02202	0.02118	0.01405	0.06813	0.07408	0.03814	0.17211	0.23275	0.06138	0.02267	0.01199	0.00366	0.00813	0.01956	0.00993	0.01238

[dist]
# distance from previous block
# <min> <max>
1	17

[block]
# block no. 10 follows, 11 sequences, length 27
# corresponding to MSA columns:
# 432-458
name=unknown_K
#
# <colnr> <probs for GDERKNQSTAVLIFYWHMCP>
#	G	D	E	R	K	N	Q	S	T	A	V	L	I	F	Y	W	H	M	C	P
0	0.03079	0.13066	0.19285	0.09885	0.04265	0.09122	0.02778	0.08406	0.07924	0.08081	0.02456	0.02676	0.01817	0.01173	0.01034	0.00333	0.01429	0.00895	0.00704	0.01591
1	0.02041	0.01339	0.01736	0.01624	0.02020	0.01182	0.01243	0.02474	0.02739	0.09057	0.23321	0.19961	0.07165	0.02359	0.01280	0.00366	0.00707	0.06689	0.01095	0.11600
2	0.02727	0.06798	0.03542	0.03389	0.13355	0.07226	0.07336	0.04278	0.20740	0.04029	0.10999	0.04090	0.03730	0.01407	0.01147	0.00349	0.01157	0.01249	0.00880	0.01573
3	0.01422	0.01081	0.01309	0.01385	0.01610	0.00968	0.00988	0.01743	0.02585	0.03399	0.21294	0.29078	0.23154	0.02954	0.01371	0.00402	0.00591	0.02597	0.01101	0.00968
4	0.03420	0.03096	0.03213	0.02722	0.03135	0.13852	0.02204	0.11096	0.07056	0.09307	0.02323	0.02715	0.01856	0.01605	0.02238	0.00401	0.26537	0.00978	0.00767	0.01478
5	0.01491	0.01047	0.01344	0.01504	0.01588	0.01000	0.01013	0.01697	0.02167	0.02911	0.10413	0.38116	0.06884	0.17349	0.02488	0.00606	0.00775	0.05749	0.00975	0.00881
6	0.02584	0.10920	0.30831	0.02719	0.03870	0.08320	0.03031	0.07321	0.02671	0.03572	0.02661	0.11378	0.02425	0.01480	0.01088	0.00351	0.01455	0.01185	0.00634	0.01504
7	0.01405	0.01068	0.01324	0.01444	0.01640	0.00988	0.01023	0.01683	0.02355	0.03071	0.12368	0.34058	0.21268	0.03664	0.06640	0.00553	0.00842	0.02634	0.01023	0.00949
8	0.07391	0.02847	0.08933	0.02739	0.03574	0.02641	0.09603	0.16342	0.03361	0.13896	0.07920	0.03444	0.02809	0.01414	0.01433	0.00368	0.07590	0.01145	0.00932	0.01617
9	0.02860	0.02064	0.02879	0.02306	0.03012	0.02045	0.06903	0.03908	0.12364	0.13362	0.03183	0.03477	0.02449	0.02586	0.11490	0.00596	0.04920	0.01073	0.00871	0.17652
10	0.01717	0.01312	0.01620	0.01711	0.01974	0.01310	0.01304	0.02501	0.09843	0.03579	0.15176	0.26463	0.12093	0.02836	0.01387	0.00432	0.00740	0.11809	0.01094	0.01102
11	0.03966	0.02602	0.02955	0.02236	0.03154	0.02604	0.01836	0.28593	0.04116	0.16414	0.02904	0.02855	0.02041	0.01233	0.01055	0.00298	0.01078	0.00954	0.01070	0.18035
12	0.02251	0.01753	0.02827	0.02395	0.02976	0.01578	0.11148	0.02759	0.02493	0.07823	0.04386	0.20636	0.04524	0.02196	0.01302	0.00391	0.01062	0.12734	0.00905	0.13860
13	0.12414	0.01307	0.01557	0.01516	0.01722	0.01369	0.01093	0.02188	0.04671	0.03135	0.10987	0.05026	0.03874	0.09046	0.03089	0.30672	0.00897	0.03874	0.00737	0.00825
14	0.02320	0.01940	0.03186	0.10119	0.27465	0.01980	0.02426	0.02689	0.02356	0.03297	0.10091	0.03856	0.03194	0.01943	0.01964	0.16945	0.01138	0.01160	0.00642	0.01291
15	0.01895	0.01191	0.01705	0.01689	0.01748	0.01309	0.01231	0.01771	0.01680	0.02299	0.02677	0.04904	0.02760	0.10654	0.12351	0.36672	0.06382	0.05784	0.00586	0.00715
16	0.02726	0.02505	0.04777	0.12292	0.05160	0.02491	0.27489	0.03771	0.08022	0.08843	0.03062	0.08241	0.02486	0.01315	0.01265	0.00383	0.01515	0.01415	0.00750	0.01493
17	0.01529	0.01107	0.01432	0.01608	0.01771	0.01049	0.01194	0.01831	0.02357	0.03101	0.10573	0.32257	0.12204	0.08708	0.01859	0.00517	0.00777	0.14160	0.01025	0.00941
18	0.01709	0.01778	0.07636	0.02114	0.02490	0.01411	0.06139	0.02146	0.02199	0.02989	0.04710	0.29559	0.05241	0.09457	0.07915	0.00664	0.01246	0.08689	0.00850	0.01056
19	0.07568	0.02539	0.08326	0.11106	0.03855	0.02341	0.04953	0.12374	0.07691	0.09852	0.03815	0.11530	0.05889	0.01661	0.01160	0.00374	0.01150	0.01414	0.00908	0.01495
20	0.03231	0.03428	0.05433	0.04015	0.05016	0.11378	0.32291	0.13098	0.03276	0.04179	0.02278	0.02809	0.01709	0.01064	0.01238	0.00357	0.01785	0.01169	0.00684	0.01565
21	0.01740	0.01245	0.01720	0.01924	0.02167	0.01225	0.01627	0.02232	0.02647	0.03506	0.13399	0.16163	0.07218	0.03018	0.01508	0.00487	0.00923	0.35153	0.01069	0.01030
22	0.02398	0.16155	0.45510	0.02968	0.04501	0.02958	0.03741	0.03528	0.02360	0.03393	0.01935	0.02270	0.01429	0.01049	0.01004	0.00335	0.01577	0.00789	0.00476	0.01622
23	0.02717	0.02832	0.05384	0.04992	0.19390	0.02788	0.28322	0.03937	0.10342	0.03801	0.02595	0.03147	0.02003	0.01056	0.01236	0.00367	0.01573	0.01224	0.00657	0.01638
24	0.03738	0.03079	0.03061	0.02508	0.03286	0.07784	0.02013	0.29972	0.21764	0.05856	0.03298	0.03185	0.02424	0.01398	0.01123	0.00350	0.01181	0.01082	0.01086	0.01813
25	0.01632	0.01039	0.01297	0.01365	0.01382	0.01022	0.00837	0.01584	0.01738	0.02318	0.03922	0.20327	0.04540	0.34002	0.04330	0.14356	0.00953	0.01914	0.00738	0.00704
26	0.10911	0.12848	0.13295	0.02731	0.03761	0.07056	0.07616	0.20216	0.03451	0.04811	0.02150	0.02389	0.01614	0.01144	0.01017	0.00328	0.01398	0.00883	0.00755	0.01626

[dist]
# distance from previous block
# <min> <max>
0	1

[block]
# block no. 11 follows, 11 sequences, length 6
# corresponding to MSA columns:
# 460-464,475
name=unknown_L
#
# <colnr> <probs for GDERKNQSTAVLIFYWHMCP>
#	G	D	E	R	K	N	Q	S	T	A	V	L	I	F	Y	W	H	M	C	P
0	0.01954	0.01500	0.01866	0.01928	0.02257	0.01566	0.01557	0.03084	0.14498	0.03878	0.15589	0.15197	0.06731	0.02603	0.01393	0.00443	0.00849	0.20792	0.01107	0.01208
1	0.02626	0.02945	0.06134	0.04460	0.05418	0.02942	0.41896	0.03463	0.02508	0.03463	0.02150	0.02945	0.01671	0.01111	0.01704	0.00397	0.10863	0.01274	0.00557	0.01473
2	0.02431	0.02114	0.03146	0.29486	0.12317	0.02409	0.02581	0.08522	0.06827	0.03923	0.11367	0.03996	0.03372	0.01376	0.01161	0.00362	0.01224	0.01209	0.00765	0.01414
3	0.03139	0.06369	0.03873	0.15247	0.10448	0.02733	0.09107	0.08895	0.12536	0.11686	0.02980	0.03234	0.02182	0.01218	0.01131	0.00355	0.01288	0.01096	0.00844	0.01640
4	0.01746	0.01168	0.01570	0.01729	0.01869	0.01161	0.01341	0.01961	0.02154	0.02828	0.04826	0.14898	0.05351	0.17167	0.02962	0.10202	0.01002	0.24332	0.00873	0.00860
5	0.68395	0.02177	0.01654	0.01480	0.02177	0.02525	0.01219	0.03309	0.01915	0.05050	0.01567	0.01828	0.01219	0.01045	0.00697	0.00348	0.00871	0.00609	0.00697	0.01219

[dist]
# distance from previous block
# <min> <max>
0	1

[block]
# block no. 12 follows, 11 sequences, length 21
# corresponding to MSA columns:
# 477-484,489-501
name=unknown_M
#
# <colnr> <probs for GDERKNQSTAVLIFYWHMCP>
#	G	D	E	R	K	N	Q	S	T	A	V	L	I	F	Y	W	H	M	C	P
0	0.03090	0.01979	0.02802	0.02299	0.02872	0.01959	0.08046	0.12195	0.03013	0.15285	0.03844	0.06028	0.03477	0.17251	0.02449	0.00577	0.01190	0.09289	0.00977	0.01377
1	0.20731	0.02500	0.03184	0.06955	0.03685	0.02737	0.09675	0.11253	0.15755	0.08198	0.02885	0.03019	0.02122	0.01233	0.01050	0.00363	0.01159	0.01033	0.00891	0.01573
2	0.02707	0.38863	0.25506	0.02442	0.03687	0.03713	0.02825	0.03448	0.02323	0.03017	0.01748	0.02035	0.01437	0.01006	0.00862	0.00287	0.01389	0.00694	0.00479	0.01533
3	0.34390	0.17816	0.03303	0.06831	0.06475	0.03136	0.01845	0.03239	0.02068	0.03903	0.01632	0.02051	0.01367	0.01120	0.01068	0.00336	0.06801	0.00705	0.00593	0.01322
4	0.02647	0.34459	0.29386	0.02544	0.03845	0.03567	0.03002	0.03464	0.02330	0.03090	0.01784	0.02081	0.01435	0.01014	0.00890	0.00297	0.01425	0.00713	0.00478	0.01550
5	0.08731	0.02376	0.02615	0.02171	0.02832	0.02548	0.01727	0.28805	0.03984	0.10529	0.03711	0.17824	0.03408	0.01906	0.01174	0.00371	0.01026	0.01571	0.01097	0.01594
6	0.03009	0.61122	0.05898	0.01926	0.02889	0.04454	0.01926	0.03370	0.02287	0.02648	0.01565	0.01805	0.01444	0.00963	0.00722	0.00241	0.01204	0.00602	0.00481	0.01444
7	0.02650	0.20321	0.36653	0.02840	0.04211	0.08434	0.03373	0.03606	0.02434	0.03242	0.01872	0.02191	0.01433	0.01050	0.00973	0.00319	0.01579	0.00761	0.00487	0.01570
8	0.01534	0.01121	0.01429	0.01510	0.01716	0.01045	0.01120	0.01900	0.02618	0.03522	0.23644	0.23442	0.14423	0.06846	0.01697	0.00462	0.00687	0.09218	0.01089	0.00976
9	0.02611	0.02496	0.04253	0.20353	0.41344	0.02628	0.03367	0.03301	0.02480	0.03465	0.02086	0.02843	0.01708	0.01035	0.01117	0.00345	0.01380	0.01002	0.00542	0.01642
10	0.02216	0.03068	0.17028	0.39062	0.10812	0.02545	0.03426	0.03106	0.02310	0.03125	0.02015	0.02818	0.01504	0.01100	0.01110	0.00367	0.01530	0.00956	0.00498	0.01404
11	0.01539	0.01184	0.01430	0.01471	0.01784	0.01076	0.01172	0.01961	0.02762	0.03579	0.22662	0.10582	0.27689	0.02750	0.01389	0.00409	0.00681	0.13770	0.01102	0.01007
12	0.01570	0.01084	0.01317	0.01348	0.01431	0.01047	0.00857	0.01751	0.02154	0.02942	0.17130	0.18448	0.06511	0.33315	0.03678	0.00765	0.00853	0.02065	0.00904	0.00830
13	0.01426	0.01041	0.01342	0.01485	0.01634	0.00957	0.01031	0.01719	0.02468	0.03324	0.19051	0.41297	0.12795	0.03135	0.01397	0.00422	0.00613	0.02810	0.01096	0.00957
14	0.19751	0.04858	0.40606	0.02751	0.04159	0.02590	0.03381	0.03497	0.02254	0.03957	0.01900	0.02231	0.01371	0.01063	0.00971	0.00354	0.01454	0.00773	0.00534	0.01546
15	0.44654	0.02501	0.03144	0.02453	0.03287	0.02706	0.14037	0.07981	0.02446	0.04870	0.01867	0.02234	0.01417	0.01050	0.00906	0.00355	0.01179	0.00840	0.00705	0.01367
16	0.03888	0.20112	0.03906	0.02642	0.03323	0.42312	0.02109	0.04197	0.02951	0.02726	0.01693	0.01970	0.01448	0.01108	0.00937	0.00277	0.01811	0.00692	0.00554	0.01342
17	0.02234	0.01730	0.02104	0.01614	0.02350	0.01362	0.01239	0.02472	0.02104	0.03215	0.01988	0.02622	0.01743	0.01647	0.01777	0.17911	0.00872	0.00749	0.00620	0.49647
18	0.01822	0.01497	0.02080	0.16433	0.03432	0.01668	0.01705	0.02474	0.07062	0.02944	0.05095	0.05680	0.16180	0.03834	0.15904	0.07381	0.01530	0.01456	0.00740	0.01081
19	0.01591	0.01007	0.01329	0.01457	0.01488	0.00975	0.00937	0.01558	0.01845	0.02459	0.04423	0.31877	0.05163	0.17704	0.03282	0.18281	0.00847	0.02225	0.00808	0.00744
20	0.01371	0.00979	0.01306	0.01567	0.01632	0.00914	0.01045	0.01567	0.02155	0.02873	0.06203	0.59710	0.07444	0.03526	0.01437	0.00457	0.00653	0.03200	0.01045	0.00914

[dist]
# distance from previous block
# <min> <max>
0	19

[block]
# block no. 13 follows, 11 sequences, length 57
# corresponding to MSA columns:
# 521-577
name=unknown_N
#
# <colnr> <probs for GDERKNQSTAVLIFYWHMCP>
#	G	D	E	R	K	N	Q	S	T	A	V	L	I	F	Y	W	H	M	C	P
0	0.16902	0.01824	0.02215	0.01789	0.02512	0.01715	0.01457	0.04425	0.02957	0.35186	0.12947	0.04294	0.03946	0.01495	0.01083	0.00349	0.00861	0.01198	0.01227	0.01618
