[name]
unknown

[dist]
# distance from previous block
# <min> <max>
0	67

[block]
# block no. 0 follows, 15 sequences, length 72
# corresponding to MSA columns:
# 71-142
name=unknown_A
#
# <colnr> <probs for GDERKNQSTAVLIFYWHMCP>
#	G	D	E	R	K	N	Q	S	T	A	V	L	I	F	Y	W	H	M	C	P
0	0.01679	0.01217	0.01757	0.06606	0.02371	0.01303	0.01629	0.02017	0.02089	0.02742	0.04282	0.08908	0.04580	0.02655	0.01804	0.10200	0.04529	0.37972	0.00786	0.00876
1	0.03635	0.01735	0.02202	0.01754	0.02406	0.01641	0.01423	0.11263	0.06218	0.37521	0.14873	0.04106	0.03819	0.01401	0.01038	0.00310	0.00802	0.01159	0.01160	0.01534
2	0.09949	0.02260	0.03734	0.12030	0.30107	0.02458	0.09873	0.02900	0.02072	0.03162	0.01744	0.02387	0.01443	0.01027	0.01315	0.00329	0.10471	0.00887	0.00493	0.01359
3	0.01330	0.00980	0.01207	0.01216	0.01409	0.00897	0.00865	0.01646	0.02378	0.03222	0.32085	0.19398	0.17670	0.09246	0.01623	0.00408	0.00553	0.02033	0.00975	0.00858
4	0.02346	0.02245	0.03828	0.17796	0.48015	0.02337	0.02999	0.02953	0.02213	0.03110	0.01854	0.02507	0.01527	0.00911	0.00989	0.00304	0.01214	0.00888	0.00483	0.01482
5	0.02984	0.01476	0.01871	0.01637	0.02148	0.01414	0.01333	0.03740	0.10119	0.27808	0.10022	0.05266	0.03876	0.01586	0.01041	0.00327	0.00753	0.09777	0.11471	0.01350
6	0.02350	0.02187	0.02943	0.02501	0.02624	0.02932	0.02076	0.09686	0.01969	0.02930	0.01554	0.02332	0.01445	0.02072	0.07013	0.00499	0.50316	0.00890	0.00521	0.01160
7	0.02092	0.13508	0.52255	0.02684	0.04072	0.02540	0.03410	0.03133	0.02094	0.03045	0.01733	0.02035	0.01265	0.00934	0.00905	0.00302	0.01417	0.00709	0.00422	0.01446
8	0.01215	0.00868	0.01157	0.01388	0.01446	0.00810	0.00925	0.01388	0.01909	0.02545	0.05495	0.64315	0.06593	0.03123	0.01272	0.00405	0.00578	0.02834	0.00925	0.00810
9	0.01883	0.01772	0.02990	0.62569	0.06866	0.02215	0.02769	0.02547	0.01993	0.02547	0.01772	0.02658	0.01329	0.00997	0.00997	0.00332	0.01329	0.00886	0.00443	0.01107
10	0.11659	0.06498	0.11109	0.02085	0.02898	0.10565	0.01891	0.13737	0.11311	0.06963	0.02268	0.02347	0.01699	0.01052	0.00879	0.00280	0.01101	0.00776	0.00729	0.10155
11	0.02285	0.02449	0.07915	0.12457	0.37064	0.02282	0.10165	0.02952	0.02237	0.03133	0.02110	0.03101	0.01803	0.01028	0.01038	0.00319	0.01273	0.04442	0.00513	0.01434
12	0.12088	0.02687	0.02806	0.02174	0.02950	0.02987	0.01796	0.49037	0.04323	0.06063	0.02271	0.02299	0.01620	0.01164	0.00951	0.00300	0.01057	0.00854	0.00951	0.01620
13	0.02386	0.02286	0.03900	0.13923	0.51574	0.02347	0.03019	0.02989	0.02232	0.03159	0.01861	0.02494	0.01544	0.00903	0.00988	0.00301	0.01204	0.00888	0.00486	0.01514
14	0.10767	0.02416	0.06797	0.02417	0.03182	0.02333	0.11397	0.13002	0.10294	0.18595	0.02730	0.02772	0.01927	0.01156	0.01148	0.00325	0.05439	0.00955	0.00853	0.01492
15	0.02298	0.32209	0.35359	0.02333	0.03528	0.03045	0.02798	0.03080	0.02069	0.02794	0.01608	0.01878	0.01270	0.00905	0.00809	0.00270	0.01291	0.00645	0.00423	0.01386
16	0.01215	0.00868	0.01157	0.01388	0.01446	0.00810	0.00925	0.01388	0.01909	0.02545	0.05495	0.64315	0.06593	0.03123	0.01272	0.00405	0.00578	0.02834	0.00925	0.00810
17	0.01858	0.01793	0.05650	0.03004	0.18391	0.01601	0.04745	0.05868	0.02287	0.03100	0.04389	0.28708	0.10445	0.02025	0.01136	0.00349	0.00891	0.01841	0.00755	0.01164
18	0.18976	0.02642	0.03275	0.02542	0.03300	0.09822	0.16060	0.13467	0.06525	0.10556	0.02247	0.02428	0.01635	0.01032	0.00948	0.00310	0.01219	0.00887	0.00744	0.01383
19	0.02694	0.02432	0.04758	0.11837	0.04905	0.02378	0.36215	0.07461	0.02557	0.11123	0.02277	0.02759	0.01634	0.00945	0.01113	0.00329	0.01471	0.01090	0.00636	0.01388
20	0.01215	0.00868	0.01157	0.01388	0.01446	0.00810	0.00925	0.01388	0.01909	0.02545	0.05495	0.64315	0.06593	0.03123	0.01272	0.00405	0.00578	0.02834	0.00925	0.00810
21	0.07178	0.07913	0.15583	0.04756	0.39045	0.02473	0.02946	0.03065	0.02177	0.03248	0.01785	0.02265	0.01455	0.00900	0.00926	0.00294	0.01207	0.00805	0.00482	0.01499
22	0.07957	0.24937	0.21323	0.02577	0.03626	0.02964	0.13399	0.06690	0.02275	0.03206	0.01708	0.02035	0.01336	0.00908	0.00867	0.00283	0.01295	0.00754	0.00495	0.01364
23	0.01385	0.01125	0.01806	0.01760	0.01946	0.01055	0.08401	0.01641	0.01945	0.02601	0.04883	0.52593	0.05726	0.06234	0.01470	0.00426	0.00752	0.02528	0.00849	0.00872
24	0.02467	0.02369	0.04046	0.06119	0.58747	0.02369	0.03059	0.03059	0.02270	0.03257	0.01875	0.02467	0.01579	0.00888	0.00987	0.00296	0.01184	0.00888	0.00493	0.01579
25	0.12532	0.02559	0.03708	0.02827	0.03621	0.05791	0.22166	0.13091	0.12550	0.07458	0.02453	0.02665	0.01805	0.01043	0.01011	0.00320	0.01245	0.00988	0.00745	0.01423
26	0.02048	0.04815	0.52346	0.03029	0.04438	0.02344	0.10795	0.03162	0.02139	0.03162	0.01820	0.02185	0.01297	0.00932	0.00979	0.00319	0.01502	0.00797	0.00432	0.01455
27	0.01215	0.00868	0.01157	0.01388	0.01446	0.00810	0.00925	0.01388	0.01909	0.02545	0.05495	0.64315	0.06593	0.03123	0.01272	0.00405	0.00578	0.02834	0.00925	0.00810
28	0.16440	0.02064	0.02564	0.01979	0.02744	0.02059	0.05194	0.16243	0.03038	0.33116	0.02978	0.02788	0.01969	0.01142	0.00943	0.00308	0.00950	0.00906	0.01016	0.01560
29	0.12448	0.01945	0.02550	0.01957	0.02729	0.01857	0.05176	0.11500	0.02932	0.41526	0.03278	0.02991	0.02126	0.01164	0.00967	0.00309	0.00931	0.00944	0.01076	0.01597
30	0.01215	0.00868	0.01157	0.01388	0.01446	0.00810	0.00925	0.01388	0.01909	0.02545	0.05495	0.64315	0.06593	0.03123	0.01272	0.00405	0.00578	0.02834	0.00925	0.00810
31	0.01963	0.01854	0.03136	0.54765	0.14039	0.02236	0.02809	0.02618	0.02032	0.02645	0.01786	0.02631	0.01363	0.00982	0.00995	0.00327	0.01309	0.00886	0.00450	0.01173
32	0.01379	0.01018	0.01288	0.01220	0.01470	0.00927	0.00915	0.01819	0.02746	0.03817	0.51568	0.07743	0.16172	0.02105	0.01176	0.00317	0.00475	0.01844	0.01074	0.00927
33	0.04427	0.01771	0.02359	0.01809	0.02582	0.01575	0.01494	0.08276	0.02977	0.55844	0.03829	0.03326	0.02415	0.01231	0.01002	0.00308	0.00865	0.00995	0.01218	0.01696
34	0.02467	0.02369	0.04046	0.06119	0.58747	0.02369	0.03059	0.03059	0.02270	0.03257	0.01875	0.02467	0.01579	0.00888	0.00987	0.00296	0.01184	0.00888	0.00493	0.01579
35	0.01411	0.01019	0.01333	0.01254	0.01489	0.00941	0.00941	0.01881	0.02822	0.03998	0.58221	0.07447	0.09406	0.02038	0.01176	0.00314	0.00470	0.01803	0.01097	0.00941
36	0.02480	0.02141	0.02254	0.02029	0.02592	0.02480	0.01578	0.05297	0.56946	0.04170	0.04057	0.03719	0.03043	0.01352	0.01014	0.00338	0.00789	0.01127	0.01014	0.01578
37	0.72007	0.01928	0.01465	0.01311	0.01928	0.02236	0.01080	0.02930	0.01697	0.04473	0.01388	0.01619	0.01080	0.00925	0.00617	0.00308	0.00771	0.00540	0.00617	0.01080
38	0.72007	0.01928	0.01465	0.01311	0.01928	0.02236	0.01080	0.02930	0.01697	0.04473	0.01388	0.01619	0.01080	0.00925	0.00617	0.00308	0.00771	0.00540	0.00617	0.01080
39	0.04473	0.01697	0.02313	0.01774	0.02545	0.01465	0.01465	0.04858	0.02853	0.59437	0.03933	0.03393	0.02468	0.01234	0.01003	0.00308	0.00848	0.01003	0.01234	0.01697
40	0.02230	0.01767	0.02084	0.01497	0.02375	0.01338	0.01200	0.02669	0.02120	0.07047	0.01918	0.02157	0.01544	0.00772	0.00756	0.00159	0.00746	0.00618	0.00634	0.66370
41	0.13913	0.04330	0.02622	0.02381	0.02910	0.52200	0.01800	0.03824	0.02657	0.02743	0.01518	0.01771	0.01254	0.01012	0.00857	0.00265	0.01645	0.00627	0.00529	0.01144
42	0.02467	0.02369	0.04046	0.06119	0.58747	0.02369	0.03059	0.03059	0.02270	0.03257	0.01875	0.02467	0.01579	0.00888	0.00987	0.00296	0.01184	0.00888	0.00493	0.01579
43	0.01210	0.00887	0.01136	0.01336	0.01432	0.00814	0.00902	0.01394	0.01959	0.02565	0.06131	0.56749	0.13748	0.03040	0.01259	0.00395	0.00568	0.02733	0.00925	0.00814
44	0.03884	0.02641	0.02898	0.02222	0.03016	0.02867	0.01835	0.48432	0.04434	0.13631	0.02606	0.02532	0.01802	0.01202	0.00998	0.00300	0.01063	0.00912	0.01030	0.01696
45	0.02386	0.02286	0.03900	0.13923	0.51574	0.02347	0.03019	0.02989	0.02232	0.03159	0.01861	0.02494	0.01544	0.00903	0.00988	0.00301	0.01204	0.00888	0.00486	0.01514
46	0.01178	0.01010	0.01010	0.01010	0.01347	0.00842	0.00757	0.01431	0.02272	0.02693	0.10099	0.09594	0.58342	0.02525	0.01178	0.00337	0.00505	0.02104	0.00926	0.00842
47	0.02467	0.02369	0.04046	0.06119	0.58747	0.02369	0.03059	0.03059	0.02270	0.03257	0.01875	0.02467	0.01579	0.00888	0.00987	0.00296	0.01184	0.00888	0.00493	0.01579
48	0.02047	0.01638	0.02357	0.01911	0.02379	0.01625	0.09225	0.13240	0.03141	0.04354	0.38194	0.05683	0.06621	0.01684	0.01139	0.00314	0.00782	0.01521	0.00988	0.01158
49	0.01411	0.01019	0.01333	0.01254	0.01489	0.00941	0.00941	0.01881	0.02822	0.03998	0.58221	0.07447	0.09406	0.02038	0.01176	0.00314	0.00470	0.01803	0.01097	0.00941
50	0.01883	0.01772	0.02990	0.62569	0.06866	0.02215	0.02769	0.02547	0.01993	0.02547	0.01772	0.02658	0.01329	0.00997	0.00997	0.00332	0.01329	0.00886	0.00443	0.01107
51	0.01970	0.01773	0.02899	0.04241	0.35999	0.01750	0.02212	0.02396	0.02126	0.02974	0.03312	0.27020	0.03570	0.01775	0.01100	0.00339	0.00944	0.01661	0.00665	0.01274
52	0.08454	0.02558	0.02685	0.02099	0.02857	0.06633	0.01720	0.33832	0.03833	0.21174	0.02710	0.02588	0.01848	0.01178	0.00967	0.00299	0.01053	0.00886	0.01006	0.01617
53	0.01207	0.01011	0.01050	0.01040	0.01364	0.00854	0.00780	0.01487	0.02341	0.02856	0.16125	0.09325	0.52214	0.02464	0.01178	0.00334	0.00501	0.02066	0.00947	0.00854
54	0.04473	0.01697	0.02313	0.01774	0.02545	0.01465	0.01465	0.04858	0.02853	0.59437	0.03933	0.03393	0.02468	0.01234	0.01003	0.00308	0.00848	0.01003	0.01234	0.01697
55	0.02004	0.02009	0.03738	0.47468	0.06438	0.02294	0.16315	0.02714	0.02086	0.02714	0.01835	0.02666	0.01376	0.00956	0.01043	0.00333	0.01420	0.00961	0.00459	0.01169
56	0.01538	0.01185	0.01425	0.01336	0.01634	0.01157	0.01010	0.02329	0.10822	0.03843	0.43486	0.07187	0.15222	0.02003	0.01152	0.00320	0.00523	0.01744	0.01061	0.01022
57	0.01391	0.01140	0.01274	0.01471	0.01561	0.05035	0.00996	0.01570	0.01973	0.02537	0.05217	0.59923	0.06220	0.02976	0.01246	0.00394	0.00664	0.02680	0.00896	0.00834
58	0.02480	0.02141	0.02254	0.02029	0.02592	0.02480	0.01578	0.05297	0.56946	0.04170	0.04057	0.03719	0.03043	0.01352	0.01014	0.00338	0.00789	0.01127	0.01014	0.01578
59	0.01411	0.01019	0.01333	0.01254	0.01489	0.00941	0.00941	0.01881	0.02822	0.03998	0.58221	0.07447	0.09406	0.02038	0.01176	0.00314	0.00470	0.01803	0.01097	0.00941
60	0.01331	0.01049	0.01298	0.01327	0.01594	0.01015	0.01043	0.01660	0.02110	0.02708	0.10301	0.07992	0.30488	0.04016	0.19202	0.00734	0.01215	0.09224	0.00818	0.00874
61	0.02453	0.02416	0.03345	0.34909	0.14691	0.09597	0.06156	0.08750	0.02468	0.03115	0.01847	0.02492	0.01419	0.00994	0.00995	0.00313	0.01360	0.00877	0.00526	0.01275
62	0.02455	0.02553	0.05245	0.03819	0.04662	0.02537	0.43985	0.03175	0.02260	0.06471	0.02027	0.02656	0.01540	0.00999	0.01479	0.00349	0.10801	0.01121	0.00538	0.01328
63	0.03395	0.03773	0.03184	0.03483	0.18162	0.35248	0.02228	0.12481	0.02991	0.03315	0.01776	0.02080	0.01434	0.01018	0.00939	0.00275	0.01512	0.00752	0.00590	0.01362
64	0.02292	0.02543	0.05359	0.03889	0.04811	0.02415	0.48342	0.03222	0.05906	0.03218	0.02361	0.06478	0.01920	0.01012	0.01172	0.00340	0.01556	0.01273	0.00563	0.01328
65	0.01570	0.01349	0.02133	0.33984	0.04334	0.01558	0.01907	0.02006	0.01954	0.02546	0.03511	0.31465	0.03789	0.01990	0.01126	0.00366	0.00978	0.01796	0.00668	0.00968
66	0.02745	0.07024	0.09611	0.03329	0.17547	0.09927	0.05244	0.04006	0.18799	0.07792	0.02618	0.02746	0.01993	0.01074	0.00969	0.00304	0.01170	0.00914	0.00699	0.01489
67	0.04194	0.02346	0.02564	0.02010	0.02761	0.08448	0.01639	0.19298	0.03377	0.37915	0.03228	0.02931	0.02116	0.01201	0.00990	0.00300	0.01024	0.00933	0.01087	0.01637
68	0.01248	0.00893	0.01187	0.01365	0.01453	0.00832	0.00928	0.01472	0.02064	0.02792	0.14463	0.54642	0.07072	0.02939	0.01256	0.00389	0.00560	0.02659	0.00955	0.00832
69	0.02023	0.01915	0.03243	0.49039	0.19301	0.02252	0.02838	0.02670	0.02060	0.02717	0.01797	0.02612	0.01389	0.00971	0.00994	0.00324	0.01294	0.00886	0.00455	0.01220
70	0.02764	0.04569	0.35042	0.02665	0.03780	0.15703	0.02912	0.14300	0.02809	0.03651	0.01860	0.02096	0.01358	0.01018	0.00947	0.00299	0.01468	0.00749	0.00563	0.01448
71	0.03717	0.01892	0.02577	0.02436	0.09825	0.01863	0.01739	0.04535	0.11960	0.38843	0.03511	0.03247	0.02373	0.01244	0.01156	0.00321	0.05093	0.01000	0.01047	0.01620

[dist]
# distance from previous block
# <min> <max>
0	7

[block]
# block no. 1 follows, 15 sequences, length 51
# corresponding to MSA columns:
# 150-200
name=unknown_B
#
# <colnr> <probs for GDERKNQSTAVLIFYWHMCP>
#	G	D	E	R	K	N	Q	S	T	A	V	L	I	F	Y	W	H	M	C	P
0	0.01766	0.01463	0.02270	0.02938	0.19973	0.01543	0.01681	0.02116	0.01782	0.02529	0.02523	0.04055	0.02461	0.18706	0.28683	0.01034	0.01796	0.01099	0.00537	0.01046
1	0.03475	0.02476	0.06473	0.03542	0.23466	0.06733	0.02254	0.07732	0.02726	0.26891	0.02741	0.02774	0.01917	0.01070	0.00985	0.00300	0.01104	0.00908	0.00837	0.01596
2	0.62473	0.01988	0.01819	0.01970	0.09718	0.02254	0.01351	0.02948	0.01775	0.04306	0.01455	0.01736	0.01148	0.00920	0.00668	0.00307	0.00828	0.00588	0.00600	0.01148
3	0.02780	0.02175	0.03600	0.11656	0.42296	0.02181	0.02726	0.03341	0.02349	0.13781	0.02252	0.02664	0.01719	0.00966	0.00991	0.00302	0.01137	0.00910	0.00628	0.01548
4	0.02561	0.02308	0.03608	0.05048	0.43826	0.02367	0.02706	0.09543	0.06031	0.03664	0.02349	0.03240	0.02019	0.01105	0.01021	0.00312	0.01127	0.05000	0.00622	0.01540
5	0.01470	0.01119	0.01589	0.01572	0.01698	0.01301	0.01181	0.01742	0.01590	0.02269	0.02840	0.08243	0.02876	0.16882	0.42973	0.01325	0.06680	0.01238	0.00565	0.00849
6	0.01603	0.01336	0.02024	0.01870	0.02173	0.01314	0.08619	0.02290	0.09281	0.03158	0.14998	0.33006	0.05907	0.02339	0.01215	0.00373	0.00763	0.05802	0.00911	0.01017
7	0.02067	0.01772	0.02067	0.01477	0.02362	0.01329	0.01181	0.02510	0.02067	0.03248	0.01772	0.02067	0.01477	0.00738	0.00738	0.00148	0.00738	0.00591	0.00591	0.71059
8	0.01230	0.00880	0.01171	0.01377	0.01449	0.00820	0.00927	0.01428	0.01982	0.02661	0.09717	0.59761	0.06819	0.03036	0.01265	0.00398	0.00570	0.02751	0.00939	0.00820
9	0.02665	0.65565	0.05224	0.01706	0.02559	0.03945	0.01706	0.02985	0.02026	0.02345	0.01386	0.01599	0.01279	0.00853	0.00640	0.00213	0.01066	0.00533	0.00426	0.01279
10	0.01246	0.00890	0.01193	0.01424	0.01496	0.00837	0.00980	0.01442	0.01940	0.02580	0.05477	0.60065	0.06525	0.03094	0.01281	0.00409	0.00606	0.06774	0.00925	0.00818
11	0.01883	0.01772	0.02990	0.62569	0.06866	0.02215	0.02769	0.02547	0.01993	0.02547	0.01772	0.02658	0.01329	0.00997	0.00997	0.00332	0.01329	0.00886	0.00443	0.01107
12	0.02533	0.01713	0.02291	0.02020	0.05735	0.01612	0.04376	0.03477	0.13441	0.15794	0.17935	0.04193	0.04150	0.01333	0.01008	0.00285	0.00779	0.01164	0.00941	0.15219
13	0.02390	0.02289	0.03906	0.13629	0.51845	0.02348	0.03021	0.02991	0.02233	0.03162	0.01861	0.02493	0.01546	0.00903	0.00988	0.00301	0.01204	0.00888	0.00487	0.01516
14	0.02467	0.02369	0.04046	0.06119	0.58747	0.02369	0.03059	0.03059	0.02270	0.03257	0.01875	0.02467	0.01579	0.00888	0.00987	0.00296	0.01184	0.00888	0.00493	0.01579
15	0.02480	0.02141	0.02254	0.02029	0.02592	0.02480	0.01578	0.05297	0.56946	0.04170	0.04057	0.03719	0.03043	0.01352	0.01014	0.00338	0.00789	0.01127	0.01014	0.01578
16	0.01883	0.01772	0.02990	0.62569	0.06866	0.02215	0.02769	0.02547	0.01993	0.02547	0.01772	0.02658	0.01329	0.00997	0.00997	0.00332	0.01329	0.00886	0.00443	0.01107
17	0.04473	0.01697	0.02313	0.01774	0.02545	0.01465	0.01465	0.04858	0.02853	0.59437	0.03933	0.03393	0.02468	0.01234	0.01003	0.00308	0.00848	0.01003	0.01234	0.01697
18	0.01178	0.01010	0.01010	0.01010	0.01347	0.00842	0.00757	0.01431	0.02272	0.02693	0.10099	0.09594	0.58342	0.02525	0.01178	0.00337	0.00505	0.02104	0.00926	0.00842
19	0.01883	0.01772	0.02990	0.62569	0.06866	0.02215	0.02769	0.02547	0.01993	0.02547	0.01772	0.02658	0.01329	0.00997	0.00997	0.00332	0.01329	0.00886	0.00443	0.01107
20	0.01883	0.01772	0.02990	0.62569	0.06866	0.02215	0.02769	0.02547	0.01993	0.02547	0.01772	0.02658	0.01329	0.00997	0.00997	0.00332	0.01329	0.00886	0.00443	0.01107
21	0.03015	0.01739	0.02694	0.35986	0.04977	0.01887	0.02199	0.03558	0.02369	0.27423	0.02717	0.02979	0.01827	0.01100	0.00999	0.00322	0.01119	0.00937	0.00789	0.01365
22	0.01215	0.00868	0.01157	0.01388	0.01446	0.00810	0.00925	0.01388	0.01909	0.02545	0.05495	0.64315	0.06593	0.03123	0.01272	0.00405	0.00578	0.02834	0.00925	0.00810
23	0.02466	0.02079	0.02213	0.01993	0.02529	0.02380	0.01545	0.08635	0.48338	0.04184	0.04060	0.08879	0.03252	0.01495	0.01035	0.00341	0.00793	0.01258	0.01005	0.01520
24	0.02554	0.02344	0.03668	0.05124	0.45350	0.02364	0.02704	0.07738	0.06781	0.03591	0.02085	0.02530	0.01697	0.00941	0.00972	0.00289	0.01113	0.00886	0.00585	0.06686
25	0.03273	0.02710	0.16457	0.02490	0.07476	0.02034	0.02218	0.09761	0.02660	0.27371	0.02799	0.02836	0.01932	0.01567	0.04968	0.00400	0.05753	0.00912	0.00848	0.01537
26	0.02285	0.08804	0.20258	0.03621	0.04740	0.02589	0.36721	0.03166	0.02258	0.03110	0.01901	0.02438	0.01426	0.00870	0.01069	0.00320	0.01572	0.01003	0.00475	0.01373
27	0.03369	0.01973	0.03234	0.03284	0.18334	0.01827	0.09693	0.03885	0.02617	0.31376	0.07372	0.03355	0.02631	0.01145	0.01037	0.00309	0.01032	0.01060	0.00913	0.01553
28	0.11678	0.03635	0.02679	0.02285	0.02912	0.33102	0.01786	0.18776	0.03235	0.07976	0.01945	0.02066	0.01466	0.01080	0.00902	0.00279	0.01407	0.00731	0.00718	0.01343
29	0.03354	0.01802	0.02713	0.03104	0.20491	0.01669	0.01899	0.03800	0.02603	0.32912	0.08079	0.07318	0.03046	0.01312	0.01030	0.00311	0.00907	0.01152	0.00964	0.01537
30	0.02385	0.02256	0.03749	0.05563	0.51616	0.02272	0.02830	0.03082	0.05498	0.03264	0.02244	0.06633	0.01998	0.01064	0.01007	0.00306	0.01121	0.01031	0.00553	0.01528
31	0.02173	0.01833	0.01988	0.01874	0.02315	0.02075	0.01420	0.04351	0.43621	0.03777	0.04405	0.18390	0.03903	0.01781	0.01077	0.00354	0.00738	0.01540	0.00993	0.01392
32	0.02543	0.06376	0.20881	0.02044	0.02891	0.01964	0.02104	0.07837	0.07030	0.14331	0.17312	0.03885	0.03822	0.01338	0.01010	0.00308	0.00980	0.01102	0.00851	0.01391
33	0.07947	0.02265	0.03719	0.12250	0.48228	0.02340	0.02868	0.02990	0.02192	0.03272	0.01824	0.02422	0.01510	0.00904	0.00959	0.00301	0.01168	0.00860	0.00497	0.01485
34	0.02543	0.02865	0.15968	0.03162	0.04126	0.02168	0.27956	0.03448	0.05805	0.12364	0.02685	0.07611	0.02114	0.01139	0.01097	0.00333	0.01358	0.01184	0.00671	0.01401
35	0.03853	0.01930	0.05613	0.02163	0.07063	0.01616	0.01691	0.04459	0.06200	0.44773	0.07095	0.03524	0.02805	0.01249	0.01010	0.00310	0.00882	0.01037	0.01107	0.01619
36	0.02467	0.02369	0.04046	0.06119	0.58747	0.02369	0.03059	0.03059	0.02270	0.03257	0.01875	0.02467	0.01579	0.00888	0.00987	0.00296	0.01184	0.00888	0.00493	0.01579
37	0.02523	0.02208	0.03719	0.15864	0.44989	0.02269	0.02880	0.03111	0.02267	0.07611	0.02021	0.02575	0.01605	0.00935	0.00990	0.00304	0.01183	0.00897	0.00543	0.01504
38	0.03004	0.22891	0.11274	0.01827	0.02639	0.02325	0.01783	0.03464	0.02322	0.23327	0.03182	0.03167	0.06385	0.01714	0.06096	0.00393	0.01139	0.00906	0.00770	0.01390
39	0.02983	0.01864	0.02834	0.12990	0.13212	0.01852	0.05455	0.07501	0.02600	0.23250	0.03562	0.07955	0.06754	0.01346	0.01044	0.00321	0.01017	0.01188	0.00855	0.01419
40	0.03744	0.01546	0.02143	0.01733	0.02362	0.01413	0.01413	0.04122	0.02554	0.45782	0.03631	0.03518	0.02474	0.02726	0.15348	0.00618	0.01284	0.01018	0.01067	0.01504
41	0.01448	0.00974	0.01125	0.01125	0.01138	0.00987	0.00651	0.01474	0.01461	0.01961	0.03107	0.06332	0.03541	0.60748	0.09178	0.01013	0.01091	0.01422	0.00599	0.00625
42	0.02067	0.01772	0.02067	0.01477	0.02362	0.01329	0.01181	0.02510	0.02067	0.03248	0.01772	0.02067	0.01477	0.00738	0.00738	0.00148	0.00738	0.00591	0.00591	0.71059
43	0.02477	0.02573	0.08583	0.08268	0.21598	0.02418	0.12118	0.10112	0.11241	0.03688	0.02470	0.05589	0.02005	0.01111	0.01038	0.00320	0.01208	0.01058	0.00654	0.01471
44	0.01883	0.01772	0.02990	0.62569	0.06866	0.02215	0.02769	0.02547	0.01993	0.02547	0.01772	0.02658	0.01329	0.00997	0.00997	0.00332	0.01329	0.00886	0.00443	0.01107
45	0.02468	0.02350	0.03903	0.05793	0.54268	0.02377	0.02941	0.03238	0.06631	0.03330	0.02049	0.02567	0.01696	0.00925	0.00989	0.00299	0.01153	0.00907	0.00535	0.01579
46	0.01429	0.01049	0.01506	0.01506	0.01651	0.01194	0.01126	0.01719	0.01574	0.02243	0.02758	0.04402	0.02703	0.18191	0.50589	0.01484	0.02353	0.01139	0.00547	0.00837
47	0.04259	0.01819	0.02362	0.01835	0.02592	0.01675	0.01508	0.08885	0.07330	0.50816	0.03821	0.03340	0.02453	0.01240	0.01003	0.00310	0.00863	0.01004	0.01198	0.01687
48	0.01270	0.00932	0.01198	0.01355	0.01491	0.00861	0.00963	0.01519	0.02115	0.02797	0.13146	0.44348	0.14267	0.02862	0.01255	0.00388	0.00583	0.06861	0.00948	0.00841
49	0.02467	0.02369	0.04046	0.06119	0.58747	0.02369	0.03059	0.03059	0.02270	0.03257	0.01875	0.02467	0.01579	0.00888	0.00987	0.00296	0.01184	0.00888	0.00493	0.01579
50	0.04256	0.01827	0.02368	0.01839	0.02596	0.01686	0.01511	0.09279	0.07282	0.50463	0.03809	0.03332	0.02446	0.01240	0.01003	0.00310	0.00865	0.01003	0.01196	0.01687

[dist]
# distance from previous block
# <min> <max>
0	0

# created by:
# /st0/software/busco_prod/Augustus/scripts/msa2prfl.pl ./align_prep/10934.fa
