[name]
unknown

[dist]
# distance from previous block
# <min> <max>
0	160

[block]
# block no. 0 follows, 12 sequences, length 18
# corresponding to MSA columns:
# 174-191
name=unknown_A
#
# <colnr> <probs for GDERKNQSTAVLIFYWHMCP>
#	G	D	E	R	K	N	Q	S	T	A	V	L	I	F	Y	W	H	M	C	P
0	0.02750	0.02964	0.13608	0.07052	0.07167	0.06236	0.05454	0.07116	0.02654	0.08951	0.02912	0.04221	0.02465	0.01494	0.01370	0.00368	0.07222	0.07928	0.06652	0.01414
1	0.03122	0.03196	0.15947	0.07215	0.09259	0.02446	0.05569	0.14538	0.03094	0.12103	0.02484	0.02707	0.01780	0.01104	0.01049	0.00315	0.01270	0.00926	0.00781	0.11093
2	0.12945	0.06628	0.03391	0.02767	0.08347	0.02253	0.11444	0.06433	0.02598	0.12809	0.02824	0.07434	0.02304	0.01260	0.01013	0.00322	0.01099	0.01120	0.06715	0.06294
3	0.07869	0.06475	0.08310	0.02579	0.08227	0.02119	0.04971	0.07527	0.02624	0.14019	0.03157	0.11747	0.02803	0.05829	0.01385	0.00385	0.01082	0.01282	0.00835	0.06773
4	0.07029	0.07205	0.11165	0.06999	0.18365	0.02479	0.02487	0.03570	0.11703	0.03649	0.03102	0.03354	0.06079	0.01211	0.01016	0.00321	0.01129	0.01017	0.00681	0.07440
5	0.13535	0.14030	0.02592	0.01661	0.02233	0.02193	0.01381	0.06416	0.02470	0.12819	0.03222	0.12228	0.02873	0.02071	0.05423	0.00432	0.01030	0.01218	0.10870	0.01302
6	0.02884	0.03037	0.04549	0.05774	0.39256	0.10812	0.10810	0.03521	0.02588	0.03417	0.02021	0.02628	0.01667	0.00986	0.01098	0.00324	0.01483	0.00982	0.00545	0.01617
7	0.32700	0.02145	0.02240	0.01806	0.02581	0.02234	0.01490	0.11280	0.02873	0.26363	0.02844	0.02708	0.01915	0.01197	0.00913	0.00336	0.00932	0.00860	0.01019	0.01563
8	0.02784	0.22934	0.20892	0.02966	0.11188	0.02917	0.02691	0.03492	0.02380	0.08488	0.02063	0.02320	0.01597	0.01001	0.00915	0.00286	0.01266	0.00771	0.00584	0.08466
9	0.08440	0.01329	0.01756	0.02242	0.09606	0.01303	0.01360	0.01968	0.02164	0.03131	0.05480	0.41026	0.10648	0.02738	0.01262	0.00407	0.00745	0.02444	0.00907	0.01045
10	0.27267	0.02719	0.02680	0.02128	0.02930	0.03050	0.01756	0.34217	0.03967	0.06170	0.02228	0.02318	0.01616	0.01204	0.00943	0.00331	0.01074	0.00843	0.00943	0.01616
11	0.01558	0.01168	0.01752	0.01752	0.01947	0.01363	0.01363	0.01947	0.01752	0.02531	0.02921	0.04283	0.02726	0.08178	0.57360	0.01752	0.02921	0.01168	0.00584	0.00974
12	0.03159	0.02679	0.03310	0.02707	0.03091	0.03358	0.02248	0.23996	0.03189	0.04491	0.01953	0.02488	0.01617	0.01645	0.02485	0.00411	0.33976	0.00966	0.00747	0.01484
13	0.01558	0.01168	0.01752	0.01752	0.01947	0.01363	0.01363	0.01947	0.01752	0.02531	0.02921	0.04283	0.02726	0.08178	0.57360	0.01752	0.02921	0.01168	0.00584	0.00974
14	0.01867	0.00956	0.01401	0.01401	0.01401	0.00956	0.00922	0.01435	0.01435	0.01913	0.02027	0.03644	0.02072	0.08778	0.04372	0.62483	0.00956	0.01002	0.00490	0.00490
15	0.02740	0.01941	0.02577	0.02252	0.02517	0.02342	0.01796	0.03380	0.10546	0.12681	0.02932	0.08102	0.02553	0.02144	0.02617	0.10585	0.25023	0.01211	0.00791	0.01271
16	0.25352	0.11493	0.08536	0.02154	0.03060	0.02500	0.06835	0.03935	0.02428	0.20276	0.02512	0.02555	0.01762	0.01100	0.00911	0.00326	0.01099	0.00843	0.00822	0.01500
17	0.03063	0.03287	0.04206	0.12946	0.19426	0.17045	0.12595	0.07788	0.02848	0.03486	0.02019	0.02581	0.01597	0.01049	0.01099	0.00328	0.01599	0.00966	0.00588	0.01485

[dist]
# distance from previous block
# <min> <max>
3	12

[block]
# block no. 1 follows, 12 sequences, length 8
# corresponding to MSA columns:
# 204-211
name=unknown_B
#
# <colnr> <probs for GDERKNQSTAVLIFYWHMCP>
#	G	D	E	R	K	N	Q	S	T	A	V	L	I	F	Y	W	H	M	C	P
0	0.03817	0.08383	0.02804	0.02071	0.02759	0.13455	0.01671	0.04541	0.09126	0.26419	0.10172	0.03794	0.03394	0.01395	0.01061	0.00320	0.01103	0.01098	0.01051	0.01563
1	0.02627	0.03066	0.09025	0.02045	0.03009	0.13146	0.01796	0.03165	0.02438	0.03358	0.01888	0.02205	0.01543	0.00901	0.00872	0.00209	0.01146	0.00677	0.00606	0.46278
2	0.09579	0.02524	0.02609	0.07183	0.09560	0.13268	0.01864	0.03536	0.02607	0.14108	0.05345	0.10662	0.02907	0.01463	0.01048	0.00322	0.01152	0.01202	0.00825	0.08237
3	0.03310	0.02492	0.02414	0.01947	0.02707	0.13002	0.01524	0.03706	0.02666	0.18434	0.02968	0.08324	0.02430	0.01284	0.00985	0.00265	0.01065	0.01027	0.00869	0.28580
4	0.03487	0.03905	0.18355	0.02762	0.03773	0.13803	0.06466	0.10107	0.07238	0.15273	0.02724	0.02780	0.01918	0.01184	0.01071	0.00332	0.01440	0.00944	0.00816	0.01621
5	0.03032	0.02600	0.02473	0.01911	0.02777	0.13036	0.01507	0.03464	0.02562	0.11198	0.02241	0.02418	0.01734	0.00954	0.00887	0.00213	0.01065	0.00725	0.00734	0.44467
6	0.02373	0.02216	0.03713	0.19348	0.35280	0.02328	0.02940	0.03022	0.02490	0.03477	0.09358	0.03516	0.02859	0.01178	0.01111	0.00337	0.01226	0.01111	0.00618	0.01497
7	0.02400	0.02347	0.04238	0.13390	0.30086	0.02371	0.12819	0.03077	0.02478	0.03445	0.06360	0.06889	0.02680	0.01230	0.01160	0.00348	0.01329	0.01248	0.00615	0.01489

[dist]
# distance from previous block
# <min> <max>
0	11

[block]
# block no. 2 follows, 12 sequences, length 10
# corresponding to MSA columns:
# 223-232
name=unknown_C
#
# <colnr> <probs for GDERKNQSTAVLIFYWHMCP>
#	G	D	E	R	K	N	Q	S	T	A	V	L	I	F	Y	W	H	M	C	P
0	0.01321	0.00978	0.01235	0.01440	0.01561	0.00892	0.00977	0.01527	0.02163	0.02814	0.06963	0.51411	0.16154	0.03292	0.01372	0.00429	0.00617	0.02948	0.01012	0.00892
1	0.03153	0.02561	0.02714	0.02308	0.03003	0.02918	0.01832	0.19775	0.38210	0.05272	0.03878	0.03622	0.02875	0.01427	0.01104	0.00357	0.00967	0.01156	0.01104	0.01765
2	0.02630	0.11508	0.33768	0.09464	0.04566	0.02894	0.03281	0.12402	0.02812	0.03915	0.02027	0.02367	0.01482	0.01082	0.01012	0.00331	0.01461	0.00832	0.00583	0.01585
3	0.02511	0.05186	0.49619	0.02968	0.04487	0.02421	0.03738	0.03676	0.02400	0.09708	0.02238	0.02471	0.01539	0.01074	0.01043	0.00344	0.01529	0.00841	0.00567	0.01641
4	0.02187	0.05640	0.56031	0.03108	0.04719	0.02532	0.04029	0.03453	0.02302	0.03453	0.01957	0.02302	0.01381	0.01036	0.01036	0.00345	0.01611	0.00806	0.00460	0.01611
5	0.03675	0.02061	0.02896	0.03101	0.15889	0.01961	0.01991	0.09673	0.03144	0.28086	0.08457	0.04234	0.06976	0.01434	0.01123	0.00336	0.00988	0.01220	0.01074	0.01678
6	0.03479	0.07450	0.08334	0.10090	0.07309	0.02031	0.02123	0.04011	0.02662	0.28483	0.03538	0.09988	0.02746	0.01463	0.01089	0.00344	0.01081	0.01233	0.00966	0.01580
7	0.03518	0.02945	0.16516	0.09756	0.12187	0.02094	0.02667	0.04226	0.02699	0.27774	0.03065	0.03096	0.02061	0.01179	0.01078	0.00340	0.01223	0.00987	0.00891	0.01697
8	0.01636	0.01410	0.02436	0.02232	0.02538	0.01325	0.11995	0.02011	0.02228	0.02978	0.05158	0.44294	0.05919	0.02837	0.01378	0.00431	0.00927	0.06334	0.00911	0.01023
9	0.02729	0.03921	0.27261	0.08086	0.04682	0.02587	0.12223	0.08626	0.07141	0.08378	0.02491	0.02786	0.01773	0.01112	0.01106	0.00351	0.01474	0.00992	0.00678	0.01605

[dist]
# distance from previous block
# <min> <max>
5	13

[block]
# block no. 3 follows, 12 sequences, length 10
# corresponding to MSA columns:
# 246-255
name=unknown_D
#
# <colnr> <probs for GDERKNQSTAVLIFYWHMCP>
#	G	D	E	R	K	N	Q	S	T	A	V	L	I	F	Y	W	H	M	C	P
0	0.10461	0.02130	0.02126	0.01886	0.02402	0.05440	0.01466	0.13258	0.14044	0.04626	0.15290	0.11041	0.07745	0.01830	0.01129	0.00354	0.00875	0.01512	0.01025	0.01361
1	0.45465	0.02368	0.02783	0.02693	0.10234	0.02588	0.08083	0.07410	0.02322	0.04689	0.01779	0.02130	0.01379	0.01020	0.00849	0.00339	0.01069	0.00770	0.00675	0.01355
2	0.19989	0.01703	0.01872	0.01624	0.02211	0.01698	0.01289	0.03635	0.06926	0.21058	0.10529	0.09293	0.10405	0.01731	0.01062	0.00353	0.00779	0.01403	0.01068	0.01374
3	0.04145	0.03054	0.03272	0.02509	0.03381	0.03381	0.02072	0.51243	0.05127	0.06872	0.02618	0.02618	0.01854	0.01309	0.01091	0.00327	0.01200	0.00982	0.01091	0.01854
4	0.03701	0.02034	0.02726	0.02693	0.10161	0.01981	0.01896	0.13426	0.03249	0.27059	0.03991	0.10663	0.03273	0.01694	0.01169	0.00363	0.01009	0.06166	0.01108	0.01639
5	0.01894	0.00947	0.01420	0.01420	0.01420	0.00947	0.00947	0.01420	0.01420	0.01894	0.01894	0.03314	0.01894	0.03788	0.04261	0.68277	0.00947	0.00947	0.00473	0.00473
6	0.04073	0.05197	0.03090	0.02809	0.03371	0.57303	0.02107	0.04354	0.03090	0.02669	0.01685	0.01966	0.01404	0.01124	0.00983	0.00281	0.01966	0.00702	0.00562	0.01264
7	0.03750	0.01940	0.02846	0.19419	0.04230	0.02046	0.02124	0.04244	0.02672	0.33623	0.03261	0.03318	0.02178	0.01333	0.01372	0.00361	0.07666	0.01042	0.00989	0.01585
8	0.11444	0.09023	0.02809	0.01878	0.02714	0.02011	0.01589	0.04850	0.02881	0.44030	0.03680	0.03275	0.02386	0.01265	0.01005	0.00325	0.00947	0.00983	0.01174	0.01731
9	0.59830	0.02228	0.02293	0.01886	0.02622	0.02491	0.08292	0.03246	0.01958	0.04692	0.01617	0.01939	0.01249	0.00999	0.00762	0.00342	0.00986	0.00690	0.00657	0.01222

[dist]
# distance from previous block
# <min> <max>
0	1

[block]
# block no. 4 follows, 12 sequences, length 7
# corresponding to MSA columns:
# 257-263
name=unknown_E
#
# <colnr> <probs for GDERKNQSTAVLIFYWHMCP>
#	G	D	E	R	K	N	Q	S	T	A	V	L	I	F	Y	W	H	M	C	P
0	0.02712	0.02342	0.02465	0.02219	0.02835	0.02712	0.01726	0.05794	0.52909	0.04561	0.04438	0.04068	0.03328	0.01479	0.01109	0.00370	0.00863	0.01233	0.01109	0.01726
1	0.01674	0.01025	0.01256	0.01256	0.01256	0.01025	0.00743	0.01538	0.01538	0.02051	0.02992	0.06035	0.03368	0.45015	0.05179	0.20408	0.01025	0.01402	0.00607	0.00607
2	0.02187	0.05640	0.56031	0.03108	0.04719	0.02532	0.04029	0.03453	0.02302	0.03453	0.01957	0.02302	0.01381	0.01036	0.01036	0.00345	0.01611	0.00806	0.00460	0.01611
3	0.02187	0.05640	0.56031	0.03108	0.04719	0.02532	0.04029	0.03453	0.02302	0.03453	0.01957	0.02302	0.01381	0.01036	0.01036	0.00345	0.01611	0.00806	0.00460	0.01611
4	0.02161	0.02042	0.03454	0.50737	0.15038	0.02449	0.03079	0.02875	0.02228	0.02909	0.01956	0.02874	0.01497	0.01071	0.01088	0.00357	0.01428	0.00969	0.00493	0.01293
5	0.31103	0.08025	0.02696	0.02000	0.02746	0.11119	0.01646	0.15733	0.03021	0.09622	0.02083	0.02195	0.01547	0.01129	0.00869	0.00317	0.01141	0.00753	0.00808	0.01446
6	0.02703	0.01695	0.02277	0.01956	0.02319	0.01872	0.01583	0.03062	0.02467	0.18104	0.13103	0.05231	0.11877	0.02529	0.07163	0.00516	0.17899	0.01406	0.00947	0.01290

[dist]
# distance from previous block
# <min> <max>
0	1

[block]
# block no. 5 follows, 12 sequences, length 14
# corresponding to MSA columns:
# 265-278
name=unknown_F
#
# <colnr> <probs for GDERKNQSTAVLIFYWHMCP>
#	G	D	E	R	K	N	Q	S	T	A	V	L	I	F	Y	W	H	M	C	P
0	0.02308	0.01893	0.02054	0.01914	0.02385	0.02073	0.01455	0.08551	0.28602	0.04119	0.05615	0.18568	0.11661	0.02118	0.01202	0.00383	0.00794	0.01815	0.01070	0.01417
1	0.03321	0.12628	0.08964	0.02600	0.08069	0.02819	0.02133	0.21332	0.03471	0.10588	0.03216	0.03277	0.05928	0.01299	0.01014	0.00313	0.01120	0.01014	0.05279	0.01614
2	0.01894	0.00947	0.01420	0.01420	0.01420	0.00947	0.00947	0.01420	0.01420	0.01894	0.01894	0.03314	0.01894	0.03788	0.04261	0.68277	0.00947	0.00947	0.00473	0.00473
3	0.03976	0.01660	0.02197	0.01751	0.02458	0.01436	0.01422	0.04387	0.03023	0.41977	0.11035	0.05221	0.11204	0.01659	0.01147	0.00343	0.00825	0.01375	0.01283	0.01623
4	0.02439	0.02877	0.11043	0.19609	0.25655	0.02574	0.13424	0.03243	0.02399	0.03329	0.02042	0.02755	0.01596	0.01000	0.01121	0.00346	0.01492	0.01017	0.00518	0.01522
5	0.17023	0.08909	0.16722	0.02207	0.03199	0.02541	0.02224	0.07275	0.08956	0.16648	0.02746	0.02722	0.01936	0.01171	0.00956	0.00333	0.01123	0.00875	0.00844	0.01591
6	0.02519	0.02642	0.11239	0.31358	0.05802	0.02427	0.08357	0.03611	0.08729	0.08777	0.02536	0.03053	0.01834	0.01139	0.01108	0.00359	0.01391	0.01028	0.00659	0.01433
7	0.01380	0.01003	0.01301	0.01449	0.01585	0.00925	0.01002	0.01658	0.02371	0.03198	0.18606	0.43726	0.11628	0.03066	0.01357	0.00412	0.00597	0.02753	0.01060	0.00925
8	0.14182	0.03439	0.15761	0.03243	0.13782	0.09309	0.02550	0.04048	0.08323	0.11444	0.02501	0.02663	0.01840	0.01127	0.00995	0.00333	0.01277	0.00883	0.00731	0.01569
9	0.02942	0.09712	0.28844	0.02896	0.04138	0.02544	0.10066	0.03990	0.05528	0.14944	0.02615	0.02759	0.01830	0.01104	0.01058	0.00337	0.01406	0.00945	0.00709	0.01631
10	0.01700	0.01064	0.01379	0.01511	0.01695	0.00966	0.01051	0.01925	0.02247	0.08392	0.06463	0.48561	0.12680	0.03115	0.01348	0.00422	0.00654	0.02787	0.01048	0.00993
11	0.01913	0.01149	0.01490	0.01490	0.01760	0.01037	0.01083	0.02242	0.02579	0.11068	0.20520	0.31184	0.12898	0.02687	0.01305	0.00389	0.00632	0.02381	0.01117	0.01075
12	0.10345	0.01861	0.02617	0.24274	0.07055	0.02052	0.02113	0.03457	0.06351	0.14092	0.08460	0.06874	0.03115	0.01413	0.01083	0.00356	0.01075	0.01201	0.00840	0.01367
13	0.22869	0.03155	0.19272	0.09300	0.03758	0.02235	0.02378	0.03386	0.02232	0.09338	0.02066	0.02360	0.01503	0.01035	0.00906	0.00317	0.01167	0.00768	0.00650	0.11304

[dist]
# distance from previous block
# <min> <max>
1	23

[block]
# block no. 6 follows, 12 sequences, length 34
# corresponding to MSA columns:
# 302-335
name=unknown_G
#
# <colnr> <probs for GDERKNQSTAVLIFYWHMCP>
#	G	D	E	R	K	N	Q	S	T	A	V	L	I	F	Y	W	H	M	C	P
0	0.19502	0.01978	0.02496	0.01972	0.02681	0.01935	0.05674	0.07580	0.02558	0.19673	0.02626	0.02838	0.01906	0.01548	0.01478	0.11138	0.00997	0.00901	0.00868	0.09651
1	0.39214	0.06353	0.02471	0.15289	0.03578	0.02559	0.01759	0.06246	0.02266	0.08628	0.01920	0.02256	0.01431	0.01072	0.00837	0.00336	0.01040	0.00747	0.00697	0.01302
2	0.31862	0.01935	0.02246	0.16580	0.03643	0.02142	0.01752	0.03513	0.02325	0.16281	0.05973	0.02971	0.02247	0.01197	0.00925	0.00345	0.00999	0.00905	0.00821	0.01337
3	0.12617	0.09879	0.07830	0.15622	0.09250	0.02682	0.02326	0.11184	0.02802	0.08098	0.05794	0.02906	0.02209	0.01179	0.00990	0.00329	0.01178	0.00934	0.00731	0.01461
4	0.02427	0.01282	0.01644	0.01453	0.01816	0.01175	0.01090	0.02836	0.02787	0.16760	0.29346	0.06526	0.06741	0.11396	0.01873	0.00448	0.00703	0.01609	0.06915	0.01175
5	0.02665	0.01848	0.02426	0.15722	0.03637	0.02003	0.01843	0.10054	0.10286	0.11715	0.12004	0.13264	0.04338	0.01774	0.01174	0.00365	0.00969	0.01532	0.00991	0.01390
6	0.01422	0.01085	0.01306	0.01303	0.01568	0.00969	0.00957	0.01803	0.02721	0.03630	0.31772	0.17364	0.24944	0.02601	0.01304	0.00368	0.00546	0.02264	0.01106	0.00969
7	0.02250	0.01654	0.02061	0.02161	0.06257	0.01720	0.01487	0.03527	0.19390	0.08343	0.14801	0.21774	0.05719	0.02160	0.01226	0.00380	0.00763	0.01909	0.01075	0.01345
8	0.12664	0.19169	0.12217	0.02540	0.07614	0.02976	0.02234	0.11305	0.02829	0.13377	0.02312	0.02416	0.01701	0.01099	0.00917	0.00308	0.01167	0.00810	0.00760	0.01586
9	0.01513	0.01091	0.01431	0.01392	0.01622	0.01009	0.01026	0.01982	0.02947	0.04150	0.47552	0.15530	0.09858	0.02395	0.01301	0.00357	0.00531	0.02130	0.01174	0.01009
10	0.03077	0.03064	0.03713	0.04780	0.31228	0.12780	0.02705	0.08033	0.12313	0.03864	0.02481	0.02814	0.01980	0.01124	0.01068	0.00325	0.01330	0.00972	0.00698	0.01652
11	0.07694	0.02651	0.03225	0.03296	0.14953	0.02852	0.02204	0.25157	0.11967	0.10564	0.02890	0.02933	0.02112	0.01245	0.01066	0.00335	0.01117	0.01008	0.00968	0.01762
12	0.01756	0.01031	0.01166	0.01191	0.01373	0.01004	0.00835	0.02131	0.02288	0.03597	0.13362	0.14391	0.05083	0.11719	0.01747	0.00433	0.00619	0.01619	0.33714	0.00939
13	0.02820	0.08716	0.20410	0.02808	0.07521	0.02811	0.02629	0.16403	0.11139	0.04431	0.03264	0.03341	0.06321	0.01311	0.01058	0.00335	0.01230	0.01040	0.00785	0.01627
14	0.69383	0.02109	0.01603	0.01434	0.02109	0.02446	0.01181	0.03205	0.01856	0.04892	0.01518	0.01771	0.01181	0.01012	0.00675	0.00337	0.00843	0.00590	0.00675	0.01181
15	0.02791	0.27300	0.22668	0.02552	0.03568	0.12031	0.02714	0.03439	0.02330	0.02898	0.01689	0.02042	0.01397	0.01098	0.01155	0.00305	0.07393	0.00718	0.00481	0.01431
16	0.04437	0.01722	0.02289	0.01793	0.02542	0.01509	0.01469	0.04872	0.02988	0.47421	0.04183	0.03768	0.02714	0.01337	0.01043	0.00324	0.00861	0.01084	0.11923	0.01722
17	0.03617	0.03617	0.03014	0.02580	0.03200	0.23194	0.02028	0.18606	0.15687	0.04384	0.02612	0.02709	0.02009	0.01334	0.01271	0.00333	0.06474	0.00937	0.00846	0.01547
18	0.01579	0.01411	0.02094	0.01764	0.02220	0.01257	0.09177	0.02034	0.02683	0.03471	0.22767	0.08528	0.32249	0.02294	0.01288	0.00360	0.00754	0.02033	0.00993	0.01045
19	0.01674	0.01045	0.01395	0.01355	0.01475	0.01005	0.00932	0.01747	0.02224	0.03085	0.26499	0.06261	0.06171	0.13752	0.03119	0.24344	0.00767	0.01540	0.00845	0.00766
20	0.01476	0.01084	0.01374	0.01549	0.01725	0.01022	0.01165	0.01759	0.02245	0.02893	0.06695	0.30570	0.16150	0.09079	0.01828	0.00508	0.00772	0.16227	0.00974	0.00906
21	0.01896	0.01421	0.01661	0.01488	0.01870	0.01377	0.01147	0.09772	0.03266	0.04425	0.35604	0.07833	0.19628	0.02211	0.01256	0.00347	0.00633	0.01894	0.01137	0.01134
22	0.02059	0.01938	0.03270	0.59060	0.07510	0.02422	0.03028	0.02786	0.02180	0.02786	0.01938	0.02907	0.01453	0.01090	0.01090	0.00363	0.01453	0.00969	0.00484	0.01211
23	0.69383	0.02109	0.01603	0.01434	0.02109	0.02446	0.01181	0.03205	0.01856	0.04892	0.01518	0.01771	0.01181	0.01012	0.00675	0.00337	0.00843	0.00590	0.00675	0.01181
24	0.02846	0.02638	0.04309	0.06268	0.49648	0.02671	0.03217	0.08211	0.02751	0.03898	0.02109	0.02690	0.01740	0.01006	0.01081	0.00324	0.01286	0.00973	0.00596	0.01740
25	0.02572	0.02461	0.03413	0.04502	0.30629	0.06869	0.02538	0.03129	0.02491	0.03435	0.02587	0.04069	0.02399	0.01274	0.01080	0.00313	0.01201	0.08294	0.00639	0.16104
26	0.02161	0.02042	0.03454	0.50719	0.15054	0.02449	0.03079	0.02875	0.02228	0.02910	0.01956	0.02874	0.01497	0.01071	0.01088	0.00357	0.01428	0.00969	0.00493	0.01293
27	0.02967	0.01960	0.02690	0.06239	0.02875	0.02382	0.01922	0.03338	0.02207	0.17056	0.02626	0.03086	0.02023	0.01584	0.02220	0.00391	0.28964	0.01005	0.13126	0.01338
28	0.69383	0.02109	0.01603	0.01434	0.02109	0.02446	0.01181	0.03205	0.01856	0.04892	0.01518	0.01771	0.01181	0.01012	0.00675	0.00337	0.00843	0.00590	0.00675	0.01181
29	0.01545	0.01040	0.01201	0.01242	0.01252	0.01030	0.00717	0.01575	0.01666	0.02221	0.03846	0.15710	0.04481	0.52401	0.04887	0.00959	0.00989	0.01827	0.00717	0.00697
30	0.02824	0.42198	0.18944	0.02252	0.03361	0.03760	0.02461	0.07362	0.02484	0.03166	0.01727	0.01970	0.01433	0.00992	0.00822	0.00271	0.01288	0.00676	0.00517	0.01494
31	0.01502	0.01022	0.01214	0.01296	0.01317	0.01001	0.00775	0.01564	0.01749	0.02331	0.04271	0.24616	0.05019	0.42761	0.04199	0.00858	0.00919	0.02077	0.00775	0.00734
32	0.02705	0.20289	0.33922	0.02678	0.03987	0.03147	0.03130	0.11310	0.02746	0.03783	0.01949	0.02207	0.01464	0.01054	0.00956	0.00313	0.01425	0.00776	0.00566	0.01595
33	0.01983	0.01410	0.01616	0.01566	0.01914	0.01401	0.01149	0.02887	0.13963	0.07877	0.10365	0.20838	0.18386	0.07580	0.01627	0.00443	0.00717	0.02068	0.01048	0.01163

[dist]
# distance from previous block
# <min> <max>
0	1

[block]
# block no. 7 follows, 12 sequences, length 9
# corresponding to MSA columns:
# 337-345
name=unknown_H
#
# <colnr> <probs for GDERKNQSTAVLIFYWHMCP>
#	G	D	E	R	K	N	Q	S	T	A	V	L	I	F	Y	W	H	M	C	P
0	0.02694	0.11125	0.22993	0.02880	0.03998	0.02930	0.09824	0.09608	0.15310	0.04026	0.02636	0.02806	0.01965	0.01149	0.01056	0.00339	0.01354	0.00976	0.00710	0.01622
1	0.01921	0.01152	0.01491	0.01518	0.01715	0.01085	0.01084	0.02179	0.02296	0.09455	0.12948	0.25622	0.06200	0.18070	0.02433	0.00580	0.00804	0.07471	0.00992	0.00984
2	0.03509	0.13117	0.15663	0.02848	0.08468	0.06289	0.02513	0.15351	0.03205	0.14973	0.02525	0.02599	0.01808	0.01149	0.01008	0.00315	0.01289	0.00882	0.00812	0.01676
3	0.01739	0.00964	0.01363	0.01404	0.01452	0.00934	0.00945	0.01451	0.01639	0.02147	0.03510	0.13425	0.08196	0.03621	0.03487	0.50226	0.00855	0.01437	0.00617	0.00587
4	0.03026	0.03005	0.13777	0.08070	0.23036	0.02378	0.10796	0.03787	0.02585	0.14973	0.02548	0.02902	0.01848	0.01066	0.01110	0.00340	0.01371	0.01020	0.00702	0.01659
5	0.14135	0.01601	0.01916	0.01648	0.02229	0.01535	0.01347	0.03770	0.02707	0.26722	0.10083	0.05004	0.03824	0.01585	0.01046	0.00344	0.00805	0.06540	0.11749	0.01411
6	0.10938	0.02567	0.08840	0.02837	0.11275	0.02359	0.02103	0.07174	0.18878	0.07573	0.08192	0.06441	0.03306	0.01436	0.01071	0.00352	0.00999	0.01200	0.00905	0.01553
7	0.02201	0.08863	0.02171	0.01543	0.01967	0.01592	0.01179	0.02506	0.02252	0.09113	0.11542	0.10453	0.04370	0.17348	0.08001	0.00636	0.01082	0.01434	0.00829	0.10918
8	0.03875	0.08028	0.06209	0.07562	0.03358	0.02109	0.01911	0.04651	0.07993	0.33730	0.03530	0.03306	0.02371	0.01246	0.01038	0.00323	0.01031	0.01004	0.01058	0.05668

[dist]
# distance from previous block
# <min> <max>
5	52

[block]
# block no. 8 follows, 12 sequences, length 19
# corresponding to MSA columns:
# 398-416
name=unknown_I
#
# <colnr> <probs for GDERKNQSTAVLIFYWHMCP>
#	G	D	E	R	K	N	Q	S	T	A	V	L	I	F	Y	W	H	M	C	P
0	0.59969	0.01948	0.01556	0.01446	0.02036	0.02230	0.01158	0.02972	0.01888	0.04600	0.02139	0.09960	0.02015	0.01345	0.00774	0.00352	0.00814	0.00938	0.00721	0.01140
1	0.02436	0.02104	0.02383	0.02137	0.02600	0.02462	0.01676	0.04627	0.36138	0.04263	0.13929	0.04651	0.04455	0.01686	0.01476	0.00379	0.08697	0.01342	0.01043	0.01516
2	0.02053	0.01386	0.02082	0.01828	0.02196	0.01300	0.07914	0.02468	0.02403	0.08267	0.10482	0.17070	0.08683	0.09228	0.01712	0.00446	0.00857	0.04608	0.13935	0.01083
3	0.11825	0.02415	0.03521	0.07906	0.28450	0.02719	0.02649	0.03447	0.08264	0.03638	0.02137	0.02687	0.01770	0.01225	0.01507	0.00363	0.12402	0.00947	0.00611	0.01517
4	0.01626	0.01264	0.01498	0.01446	0.01756	0.01222	0.01079	0.02408	0.09739	0.03913	0.32685	0.13755	0.18743	0.02370	0.01273	0.00363	0.00584	0.02063	0.01126	0.01086
5	0.01874	0.01521	0.01844	0.01557	0.02148	0.01219	0.01171	0.02263	0.02292	0.03385	0.08899	0.22429	0.04406	0.01828	0.01053	0.00275	0.00718	0.01605	0.00827	0.38689
6	0.10216	0.04341	0.22747	0.02719	0.03693	0.15195	0.02744	0.13036	0.02934	0.04029	0.01930	0.02240	0.01464	0.01190	0.01236	0.00339	0.07012	0.00808	0.00633	0.01495
7	0.03353	0.01498	0.01910	0.01588	0.02093	0.01338	0.01194	0.03616	0.02531	0.31402	0.04820	0.05670	0.09322	0.21718	0.02610	0.00582	0.00926	0.01405	0.01079	0.01343
8	0.03534	0.07880	0.02822	0.01995	0.02704	0.02665	0.01657	0.29390	0.03905	0.10324	0.02927	0.03029	0.02144	0.01268	0.00967	0.00300	0.00985	0.00965	0.18950	0.01587
9	0.03006	0.01960	0.02563	0.16334	0.03812	0.02005	0.01876	0.12580	0.03101	0.16129	0.08557	0.04363	0.09005	0.01468	0.01103	0.00327	0.01018	0.01219	0.00951	0.08622
10	0.02760	0.50296	0.16399	0.02129	0.03206	0.03936	0.02325	0.03305	0.02234	0.02754	0.01609	0.01866	0.01395	0.00955	0.00771	0.00257	0.01261	0.00630	0.00465	0.01444
11	0.06869	0.26635	0.16047	0.02144	0.03093	0.03155	0.02208	0.03838	0.14022	0.03500	0.02455	0.02596	0.01937	0.01115	0.00877	0.00299	0.01128	0.00820	0.05779	0.01481
12	0.01816	0.01259	0.01570	0.01494	0.01864	0.01080	0.01093	0.02148	0.02425	0.07280	0.14228	0.29781	0.11980	0.02462	0.01224	0.00353	0.00659	0.02174	0.01000	0.14109
13	0.02958	0.40009	0.18716	0.02205	0.03308	0.03515	0.02409	0.03560	0.02347	0.09161	0.01967	0.02131	0.01550	0.01010	0.00837	0.00276	0.01256	0.00704	0.00571	0.01510
14	0.02695	0.45168	0.20950	0.02242	0.03380	0.03775	0.02521	0.03322	0.02242	0.02834	0.01649	0.01917	0.01394	0.00964	0.00801	0.00267	0.01301	0.00650	0.00465	0.01463
15	0.01873	0.15960	0.10037	0.01846	0.02387	0.01970	0.01718	0.02304	0.02248	0.02910	0.04901	0.26811	0.09966	0.02378	0.01185	0.00381	0.00937	0.08254	0.00807	0.01127
16	0.02420	0.05091	0.46092	0.02969	0.04418	0.02629	0.03631	0.08183	0.07252	0.03878	0.02249	0.02495	0.01606	0.01103	0.01048	0.00346	0.01503	0.00862	0.00580	0.01645
17	0.02000	0.01409	0.01652	0.01520	0.01859	0.01365	0.01116	0.08811	0.02737	0.03917	0.16196	0.19330	0.05611	0.09237	0.01672	0.00420	0.00734	0.01796	0.10351	0.08268
18	0.02889	0.03566	0.25149	0.10412	0.04238	0.02368	0.02879	0.08699	0.02766	0.14197	0.06128	0.03117	0.02333	0.01275	0.01242	0.00353	0.05066	0.00997	0.00762	0.01563

[dist]
# distance from previous block
# <min> <max>
0	1

[block]
# block no. 9 follows, 12 sequences, length 17
# corresponding to MSA columns:
# 418-434
name=unknown_J
#
# <colnr> <probs for GDERKNQSTAVLIFYWHMCP>
#	G	D	E	R	K	N	Q	S	T	A	V	L	I	F	Y	W	H	M	C	P
0	0.01836	0.01416	0.01850	0.07714	0.02500	0.01341	0.01312	0.02309	0.02397	0.03524	0.19218	0.05043	0.04833	0.06993	0.09413	0.00545	0.01077	0.01286	0.06643	0.18752
1	0.02650	0.10306	0.24332	0.03224	0.08182	0.02877	0.09225	0.08521	0.12516	0.03919	0.02498	0.02733	0.01874	0.01117	0.01055	0.00337	0.01381	0.00958	0.00667	0.01625
2	0.02266	0.01269	0.01632	0.01453	0.01814	0.01150	0.01092	0.02675	0.02852	0.15241	0.33391	0.07216	0.11133	0.09843	0.01802	0.00437	0.00679	0.01754	0.01148	0.01154
3	0.10283	0.16864	0.03978	0.03862	0.24287	0.02867	0.02354	0.03822	0.07328	0.10789	0.02408	0.02642	0.01879	0.01068	0.00949	0.00310	0.01122	0.00879	0.00704	0.01606
4	0.02584	0.07277	0.09975	0.03036	0.13573	0.02265	0.02241	0.05850	0.02755	0.09461	0.18161	0.04305	0.04350	0.01523	0.01381	0.00344	0.07411	0.01236	0.00838	0.01435
5	0.02902	0.02814	0.11740	0.10185	0.19140	0.02393	0.02687	0.12165	0.03055	0.09962	0.09204	0.03469	0.02890	0.01264	0.01105	0.00336	0.01204	0.01091	0.00798	0.01595
6	0.09513	0.24579	0.10246	0.02882	0.07661	0.07248	0.10314	0.03634	0.02438	0.09033	0.02045	0.02321	0.01590	0.01013	0.00928	0.00300	0.01340	0.00823	0.00611	0.01480
7	0.02348	0.01869	0.02607	0.24788	0.04485	0.01940	0.02029	0.03218	0.08039	0.07660	0.09248	0.03607	0.02961	0.01225	0.01041	0.00304	0.01045	0.01051	0.00762	0.19774
8	0.08043	0.18832	0.09630	0.03561	0.19874	0.07593	0.02441	0.03244	0.02473	0.03420	0.08650	0.02976	0.02649	0.01149	0.00960	0.00302	0.01215	0.00927	0.00611	0.01452
9	0.10058	0.10518	0.09222	0.17028	0.13140	0.02838	0.02565	0.07714	0.09706	0.03807	0.02273	0.02668	0.01758	0.01109	0.00988	0.00332	0.01232	0.00898	0.00652	0.01494
10	0.02629	0.09303	0.36943	0.02620	0.03899	0.02364	0.03116	0.03596	0.02516	0.12170	0.07998	0.03125	0.02570	0.01209	0.01045	0.00334	0.01341	0.00962	0.00689	0.01571
11	0.19142	0.02819	0.13548	0.07082	0.03435	0.02451	0.02293	0.03613	0.02246	0.16458	0.02313	0.02591	0.01676	0.01305	0.01530	0.00372	0.14076	0.00872	0.00738	0.01441
12	0.03229	0.31428	0.04323	0.14434	0.03889	0.03299	0.02094	0.08874	0.02698	0.12860	0.02243	0.02460	0.01701	0.01086	0.00901	0.00291	0.01189	0.00806	0.00702	0.01493
13	0.02431	0.09833	0.31790	0.02564	0.03746	0.02517	0.02907	0.09936	0.02665	0.03776	0.02536	0.09955	0.02233	0.01356	0.01038	0.00329	0.01312	0.01095	0.00639	0.07343
14	0.19538	0.02332	0.02743	0.11407	0.03629	0.08048	0.05915	0.03913	0.02552	0.21528	0.02882	0.06190	0.02163	0.01285	0.01014	0.00344	0.01165	0.01043	0.00873	0.01434
15	0.02621	0.03442	0.24955	0.02645	0.03751	0.02013	0.08913	0.03434	0.02478	0.13234	0.03352	0.08812	0.05346	0.01386	0.01104	0.00337	0.01266	0.01215	0.00747	0.08951
16	0.03162	0.15339	0.03175	0.08209	0.03205	0.07272	0.01807	0.04112	0.13048	0.16158	0.03460	0.10599	0.02888	0.01508	0.01041	0.00333	0.01075	0.01226	0.00900	0.01481

[dist]
# distance from previous block
# <min> <max>
2	11

[block]
# block no. 10 follows, 12 sequences, length 21
# corresponding to MSA columns:
# 446-466
name=unknown_K
#
# <colnr> <probs for GDERKNQSTAVLIFYWHMCP>
#	G	D	E	R	K	N	Q	S	T	A	V	L	I	F	Y	W	H	M	C	P
0	0.07875	0.02334	0.03513	0.13296	0.28402	0.02383	0.02636	0.06900	0.02634	0.09974	0.02291	0.02735	0.01757	0.01047	0.01028	0.00317	0.01189	0.00927	0.00688	0.08074
1	0.13853	0.09172	0.03191	0.07327	0.11719	0.02663	0.02032	0.12854	0.06631	0.12361	0.05764	0.03036	0.02401	0.01221	0.00992	0.00326	0.01067	0.00968	0.00861	0.01562
2	0.01463	0.00970	0.01219	0.01408	0.01495	0.00923	0.00939	0.01685	0.02070	0.02919	0.05377	0.46868	0.06207	0.08718	0.01696	0.00473	0.00654	0.02628	0.11406	0.00884
3	0.02434	0.02635	0.11490	0.20646	0.15150	0.02405	0.02823	0.03238	0.05156	0.07061	0.02571	0.07782	0.02186	0.01392	0.01395	0.00371	0.08054	0.01148	0.00636	0.01427
4	0.21376	0.07578	0.12706	0.01947	0.02916	0.02276	0.01894	0.03527	0.05998	0.08943	0.02205	0.02365	0.01663	0.01021	0.00856	0.00284	0.01016	0.00743	0.00707	0.19980
5	0.02127	0.08764	0.05756	0.01775	0.02277	0.01732	0.04846	0.02433	0.02017	0.05695	0.03053	0.09493	0.03155	0.27997	0.03006	0.00626	0.01076	0.01345	0.00685	0.12144
6	0.01402	0.01013	0.01313	0.01455	0.01569	0.00971	0.00993	0.01633	0.02142	0.02876	0.11327	0.39366	0.10334	0.10445	0.07269	0.00624	0.00884	0.02548	0.00952	0.00887
7	0.02125	0.02413	0.11704	0.10557	0.03397	0.02064	0.02112	0.06400	0.08333	0.03718	0.11541	0.10948	0.07093	0.01782	0.01383	0.00369	0.06677	0.01459	0.04634	0.01290
8	0.15204	0.08348	0.07585	0.14654	0.18652	0.02608	0.06140	0.03169	0.02253	0.03552	0.01870	0.02422	0.01497	0.00986	0.00957	0.00316	0.01250	0.00844	0.00552	0.07139
9	0.02724	0.01614	0.01969	0.01735	0.02236	0.01592	0.01348	0.03820	0.15517	0.18267	0.21867	0.09885	0.08972	0.01919	0.01197	0.00357	0.00726	0.01648	0.01193	0.01414
10	0.01503	0.01011	0.01281	0.01461	0.01557	0.00973	0.01010	0.01733	0.02073	0.02871	0.05261	0.39600	0.06042	0.13090	0.02044	0.00533	0.00734	0.07754	0.08594	0.00876
11	0.07837	0.02827	0.13577	0.06824	0.03751	0.02271	0.07909	0.08138	0.08785	0.12936	0.06816	0.04091	0.02944	0.01402	0.01122	0.00361	0.01197	0.04819	0.00873	0.01519
12	0.09109	0.02445	0.03899	0.03006	0.03772	0.02565	0.19076	0.04292	0.15169	0.13710	0.03015	0.03201	0.02206	0.01264	0.01413	0.00372	0.07956	0.01135	0.00846	0.01550
13	0.01358	0.01018	0.01200	0.01328	0.01481	0.00925	0.00894	0.01545	0.02135	0.02726	0.07232	0.35545	0.22133	0.12836	0.02046	0.00520	0.00676	0.02588	0.00954	0.00860
14	0.01988	0.21616	0.09054	0.01814	0.02372	0.02249	0.01665	0.02406	0.02245	0.02954	0.09443	0.24526	0.04664	0.02547	0.05273	0.00449	0.01076	0.01739	0.00760	0.01160
15	0.02573	0.12679	0.25007	0.08752	0.13273	0.02891	0.08714	0.07196	0.02567	0.03559	0.01987	0.02441	0.01519	0.01023	0.01032	0.00328	0.01470	0.00885	0.00538	0.01567
16	0.02220	0.04546	0.39508	0.14772	0.11027	0.02517	0.03749	0.03307	0.02298	0.03331	0.01964	0.02469	0.01435	0.01039	0.01052	0.00346	0.01543	0.00858	0.00474	0.01544
17	0.01407	0.00983	0.01218	0.01398	0.01507	0.00916	0.00938	0.01617	0.02105	0.02850	0.06150	0.45369	0.12014	0.08460	0.01705	0.00474	0.00651	0.02692	0.06665	0.00880
18	0.02569	0.02296	0.07463	0.09006	0.27658	0.02047	0.02579	0.03159	0.02433	0.09357	0.03083	0.12871	0.02806	0.01471	0.01108	0.00346	0.01119	0.01340	0.05797	0.01491
19	0.03535	0.03272	0.18013	0.02939	0.04054	0.02329	0.13763	0.09712	0.03005	0.23744	0.02985	0.03024	0.02002	0.01160	0.01124	0.00345	0.01356	0.01049	0.00893	0.01700
20	0.02356	0.02285	0.04010	0.33607	0.25884	0.02519	0.07512	0.03070	0.02334	0.03154	0.02007	0.02829	0.01579	0.01028	0.01104	0.00348	0.01427	0.00999	0.00512	0.01437

[dist]
# distance from previous block
# <min> <max>
0	5

# created by:
# /st0/software/busco_prod/Augustus/scripts/msa2prfl.pl ./align_prep/10948.fa
