[name]
unknown

[dist]
# distance from previous block
# <min> <max>
0	20

[block]
# block no. 0 follows, 15 sequences, length 45
# corresponding to MSA columns:
# 20-64
name=unknown_A
#
# <colnr> <probs for GDERKNQSTAVLIFYWHMCP>
#	G	D	E	R	K	N	Q	S	T	A	V	L	I	F	Y	W	H	M	C	P
0	0.24817	0.01824	0.01936	0.01671	0.02289	0.01877	0.01387	0.09381	0.05586	0.12136	0.02900	0.04165	0.02499	0.01380	0.00918	0.00316	0.00848	0.11433	0.00833	0.11803
1	0.15808	0.02366	0.03272	0.11591	0.16507	0.06681	0.10397	0.06432	0.02362	0.07971	0.01955	0.02360	0.01488	0.00950	0.00927	0.00298	0.01189	0.00839	0.00610	0.05996
2	0.16367	0.02027	0.02808	0.07002	0.22085	0.02076	0.02034	0.03184	0.02155	0.13141	0.02072	0.02393	0.01584	0.01005	0.01054	0.00292	0.05684	0.00795	0.00653	0.11587
3	0.02467	0.02369	0.04046	0.06119	0.58747	0.02369	0.03059	0.03059	0.02270	0.03257	0.01875	0.02467	0.01579	0.00888	0.00987	0.00296	0.01184	0.00888	0.00493	0.01579
4	0.02133	0.14664	0.46955	0.02762	0.04101	0.02592	0.07265	0.03132	0.02111	0.03030	0.01742	0.02068	0.01284	0.00924	0.00915	0.00301	0.01424	0.00737	0.00428	0.01432
5	0.03333	0.02851	0.02716	0.02243	0.02920	0.11184	0.01791	0.30924	0.22268	0.05010	0.02839	0.02761	0.02097	0.01226	0.00989	0.00306	0.01092	0.00939	0.00934	0.01578
6	0.03427	0.01465	0.01978	0.01596	0.02184	0.01286	0.01286	0.03842	0.02843	0.40503	0.22474	0.04777	0.04837	0.01508	0.01062	0.00310	0.00719	0.01276	0.01187	0.01438
7	0.01275	0.00914	0.01211	0.01347	0.01459	0.00850	0.00930	0.01539	0.02189	0.02991	0.21676	0.46862	0.07457	0.02790	0.01243	0.00377	0.00545	0.02518	0.00978	0.00850
8	0.02665	0.65565	0.05224	0.01706	0.02559	0.03945	0.01706	0.02985	0.02026	0.02345	0.01386	0.01599	0.01279	0.00853	0.00640	0.00213	0.01066	0.00533	0.00426	0.01279
9	0.01215	0.00868	0.01157	0.01388	0.01446	0.00810	0.00925	0.01388	0.01909	0.02545	0.05495	0.64315	0.06593	0.03123	0.01272	0.00405	0.00578	0.02834	0.00925	0.00810
10	0.17614	0.01830	0.02203	0.01725	0.02469	0.01748	0.01425	0.08576	0.02776	0.44393	0.03311	0.02966	0.02134	0.01171	0.00927	0.00308	0.00853	0.00904	0.01094	0.01576
11	0.02341	0.02240	0.03819	0.18274	0.47576	0.02336	0.02997	0.02949	0.02210	0.03104	0.01853	0.02508	0.01525	0.00912	0.00989	0.00304	0.01215	0.00888	0.00483	0.01478
12	0.01461	0.00963	0.01119	0.01138	0.01175	0.00972	0.00686	0.01539	0.01549	0.02153	0.03305	0.10783	0.03694	0.50528	0.08658	0.00911	0.01024	0.01492	0.06182	0.00668
13	0.01268	0.01013	0.01135	0.01104	0.01402	0.00880	0.00828	0.01605	0.02485	0.03198	0.28714	0.08763	0.39412	0.02336	0.01177	0.00328	0.00492	0.01987	0.00992	0.00880
14	0.02665	0.65565	0.05224	0.01706	0.02559	0.03945	0.01706	0.02985	0.02026	0.02345	0.01386	0.01599	0.01279	0.00853	0.00640	0.00213	0.01066	0.00533	0.00426	0.01279
15	0.02382	0.02281	0.03892	0.14368	0.51166	0.02346	0.03017	0.02985	0.02230	0.03153	0.01860	0.02495	0.01543	0.00904	0.00988	0.00301	0.01205	0.00888	0.00486	0.01510
16	0.56899	0.02065	0.01741	0.01506	0.02143	0.02375	0.01233	0.10415	0.06586	0.04700	0.01744	0.01897	0.01324	0.00998	0.00702	0.00310	0.00818	0.00637	0.00702	0.01206
17	0.01379	0.01018	0.01288	0.01220	0.01469	0.00927	0.00915	0.01819	0.02746	0.03816	0.51535	0.07745	0.16205	0.02106	0.01176	0.00317	0.00475	0.01845	0.01074	0.00927
18	0.01883	0.01772	0.02990	0.62569	0.06866	0.02215	0.02769	0.02547	0.01993	0.02547	0.01772	0.02658	0.01329	0.00997	0.00997	0.00332	0.01329	0.00886	0.00443	0.01107
19	0.01393	0.01018	0.01308	0.01236	0.01479	0.00933	0.00927	0.01847	0.02780	0.03899	0.54582	0.07609	0.13107	0.02075	0.01176	0.00315	0.00473	0.01826	0.01084	0.00933
20	0.02467	0.02369	0.04046	0.06119	0.58747	0.02369	0.03059	0.03059	0.02270	0.03257	0.01875	0.02467	0.01579	0.00888	0.00987	0.00296	0.01184	0.00888	0.00493	0.01579
21	0.01215	0.00868	0.01157	0.01388	0.01446	0.00810	0.00925	0.01388	0.01909	0.02545	0.05495	0.64315	0.06593	0.03123	0.01272	0.00405	0.00578	0.02834	0.00925	0.00810
22	0.04237	0.02074	0.02547	0.01953	0.02733	0.02026	0.01613	0.22290	0.03486	0.41112	0.03402	0.03048	0.02201	0.01221	0.01001	0.00305	0.00934	0.00966	0.01152	0.01696
23	0.72007	0.01928	0.01465	0.01311	0.01928	0.02236	0.01080	0.02930	0.01697	0.04473	0.01388	0.01619	0.01080	0.00925	0.00617	0.00308	0.00771	0.00540	0.00617	0.01080
24	0.72007	0.01928	0.01465	0.01311	0.01928	0.02236	0.01080	0.02930	0.01697	0.04473	0.01388	0.01619	0.01080	0.00925	0.00617	0.00308	0.00771	0.00540	0.00617	0.01080
25	0.01883	0.01772	0.02990	0.62569	0.06866	0.02215	0.02769	0.02547	0.01993	0.02547	0.01772	0.02658	0.01329	0.00997	0.00997	0.00332	0.01329	0.00886	0.00443	0.01107
26	0.01999	0.05157	0.59800	0.02841	0.04315	0.02315	0.03683	0.03157	0.02105	0.03157	0.01789	0.02105	0.01263	0.00947	0.00947	0.00316	0.01473	0.00737	0.00421	0.01473
27	0.01411	0.01019	0.01333	0.01254	0.01489	0.00941	0.00941	0.01881	0.02822	0.03998	0.58221	0.07447	0.09406	0.02038	0.01176	0.00314	0.00470	0.01803	0.01097	0.00941
28	0.02386	0.02867	0.15689	0.02640	0.03494	0.02328	0.14381	0.11126	0.17209	0.04004	0.10372	0.03453	0.02988	0.01218	0.01057	0.00324	0.01146	0.01114	0.00775	0.01429
29	0.72007	0.01928	0.01465	0.01311	0.01928	0.02236	0.01080	0.02930	0.01697	0.04473	0.01388	0.01619	0.01080	0.00925	0.00617	0.00308	0.00771	0.00540	0.00617	0.01080
30	0.01674	0.01384	0.01514	0.01416	0.01798	0.01408	0.01081	0.02833	0.20379	0.03563	0.22337	0.07031	0.25731	0.01996	0.01124	0.00330	0.00588	0.01694	0.01006	0.01113
31	0.01215	0.00868	0.01157	0.01388	0.01446	0.00810	0.00925	0.01388	0.01909	0.02545	0.05495	0.64315	0.06593	0.03123	0.01272	0.00405	0.00578	0.02834	0.00925	0.00810
32	0.02467	0.02369	0.04046	0.06119	0.58747	0.02369	0.03059	0.03059	0.02270	0.03257	0.01875	0.02467	0.01579	0.00888	0.00987	0.00296	0.01184	0.00888	0.00493	0.01579
33	0.72007	0.01928	0.01465	0.01311	0.01928	0.02236	0.01080	0.02930	0.01697	0.04473	0.01388	0.01619	0.01080	0.00925	0.00617	0.00308	0.00771	0.00540	0.00617	0.01080
34	0.01431	0.01040	0.01460	0.01460	0.01589	0.01169	0.01069	0.01689	0.01560	0.02209	0.02800	0.04637	0.02805	0.23365	0.45554	0.01426	0.02199	0.01174	0.00553	0.00811
35	0.02665	0.65565	0.05224	0.01706	0.02559	0.03945	0.01706	0.02985	0.02026	0.02345	0.01386	0.01599	0.01279	0.00853	0.00640	0.00213	0.01066	0.00533	0.00426	0.01279
36	0.02353	0.02689	0.05882	0.04202	0.05210	0.02521	0.55126	0.03193	0.02353	0.03193	0.02017	0.02689	0.01513	0.00840	0.01176	0.00336	0.01681	0.01176	0.00504	0.01345
37	0.01215	0.00868	0.01157	0.01388	0.01446	0.00810	0.00925	0.01388	0.01909	0.02545	0.05495	0.64315	0.06593	0.03123	0.01272	0.00405	0.00578	0.02834	0.00925	0.00810
38	0.01244	0.00889	0.01191	0.01422	0.01492	0.00835	0.00977	0.01439	0.01938	0.02578	0.05478	0.60325	0.06529	0.03095	0.01280	0.00409	0.00604	0.06533	0.00925	0.00818
39	0.03724	0.04751	0.02825	0.02568	0.03082	0.60963	0.01926	0.03981	0.02825	0.02440	0.01541	0.01798	0.01284	0.01027	0.00899	0.00257	0.01798	0.00642	0.00514	0.01156
40	0.01225	0.00889	0.01158	0.01350	0.01441	0.00821	0.00914	0.01425	0.01999	0.02657	0.09491	0.56241	0.10701	0.03003	0.01259	0.00393	0.00565	0.02707	0.00937	0.00821
41	0.01411	0.01019	0.01333	0.01254	0.01489	0.00941	0.00941	0.01881	0.02822	0.03998	0.58221	0.07447	0.09406	0.02038	0.01176	0.00314	0.00470	0.01803	0.01097	0.00941
42	0.01212	0.00877	0.01147	0.01364	0.01440	0.00812	0.00915	0.01391	0.01932	0.02554	0.05791	0.60793	0.09924	0.03085	0.01266	0.00400	0.00574	0.02787	0.00925	0.00812
43	0.02665	0.65565	0.05224	0.01706	0.02559	0.03945	0.01706	0.02985	0.02026	0.02345	0.01386	0.01599	0.01279	0.00853	0.00640	0.00213	0.01066	0.00533	0.00426	0.01279
44	0.02098	0.14139	0.51685	0.02672	0.04054	0.02557	0.03389	0.03131	0.02093	0.03036	0.01729	0.02030	0.01265	0.00933	0.00901	0.00300	0.01413	0.00706	0.00422	0.01444

[dist]
# distance from previous block
# <min> <max>
0	1

[block]
# block no. 1 follows, 15 sequences, length 44
# corresponding to MSA columns:
# 66-109
name=unknown_B
#
# <colnr> <probs for GDERKNQSTAVLIFYWHMCP>
#	G	D	E	R	K	N	Q	S	T	A	V	L	I	F	Y	W	H	M	C	P
0	0.08596	0.01767	0.02105	0.01712	0.02365	0.01746	0.01387	0.07629	0.13039	0.34500	0.03589	0.03306	0.02440	0.01222	0.00937	0.00304	0.00798	0.00977	0.10052	0.01531
1	0.01573	0.01465	0.05093	0.01823	0.07237	0.01239	0.01316	0.02202	0.06001	0.03649	0.37255	0.06804	0.16677	0.01907	0.01134	0.00318	0.00626	0.01663	0.00962	0.01056
2	0.01999	0.05157	0.59800	0.02841	0.04315	0.02315	0.03683	0.03157	0.02105	0.03157	0.01789	0.02105	0.01263	0.00947	0.00947	0.00316	0.01473	0.00737	0.00421	0.01473
3	0.01729	0.01372	0.01874	0.01746	0.01904	0.01654	0.01351	0.05532	0.01775	0.02538	0.02484	0.03944	0.02416	0.15881	0.36749	0.01191	0.13281	0.01086	0.00560	0.00933
4	0.01235	0.00883	0.01175	0.01374	0.01450	0.00823	0.00927	0.01439	0.02004	0.02696	0.10990	0.58388	0.06887	0.03010	0.01262	0.00395	0.00567	0.02727	0.00943	0.00823
5	0.01883	0.01772	0.02990	0.62569	0.06866	0.02215	0.02769	0.02547	0.01993	0.02547	0.01772	0.02658	0.01329	0.00997	0.00997	0.00332	0.01329	0.00886	0.00443	0.01107
6	0.02665	0.65565	0.05224	0.01706	0.02559	0.03945	0.01706	0.02985	0.02026	0.02345	0.01386	0.01599	0.01279	0.00853	0.00640	0.00213	0.01066	0.00533	0.00426	0.01279
7	0.02378	0.01744	0.02215	0.01928	0.07540	0.01407	0.01372	0.02830	0.02269	0.11202	0.07542	0.02810	0.02392	0.00947	0.00841	0.00200	0.00769	0.00793	0.00721	0.48100
8	0.02064	0.10997	0.54524	0.02732	0.04145	0.02473	0.03492	0.03140	0.02097	0.03079	0.01750	0.02056	0.01264	0.00938	0.00917	0.00306	0.01434	0.00717	0.00421	0.01455
9	0.02665	0.65565	0.05224	0.01706	0.02559	0.03945	0.01706	0.02985	0.02026	0.02345	0.01386	0.01599	0.01279	0.00853	0.00640	0.00213	0.01066	0.00533	0.00426	0.01279
10	0.02462	0.01700	0.02069	0.01564	0.02368	0.01337	0.01272	0.02896	0.02231	0.13456	0.02491	0.03161	0.02053	0.01016	0.00846	0.00206	0.00775	0.05444	0.00738	0.51914
11	0.01299	0.00928	0.01253	0.01484	0.01579	0.00882	0.01072	0.01534	0.01992	0.02639	0.05448	0.52912	0.06409	0.03044	0.01295	0.00416	0.00651	0.13406	0.00924	0.00833
12	0.02154	0.02034	0.03274	0.34867	0.16633	0.02320	0.06380	0.03237	0.12804	0.03057	0.02257	0.02828	0.01729	0.01032	0.01011	0.00326	0.01219	0.00954	0.00569	0.01314
13	0.01429	0.01120	0.01306	0.01241	0.01542	0.01049	0.00936	0.02042	0.07657	0.03560	0.36459	0.07847	0.25830	0.02144	0.01162	0.00324	0.00512	0.01845	0.01030	0.00965
14	0.02672	0.02237	0.02362	0.02068	0.02666	0.02569	0.01624	0.12655	0.49275	0.04480	0.03813	0.03525	0.02845	0.01330	0.01012	0.00332	0.00834	0.01093	0.01012	0.01595
15	0.02952	0.53260	0.04698	0.01793	0.02606	0.08982	0.01701	0.03273	0.02186	0.08304	0.01666	0.01805	0.01404	0.00909	0.00702	0.00227	0.01111	0.00592	0.00519	0.01311
16	0.02230	0.03717	0.33331	0.03137	0.07849	0.02161	0.15005	0.03149	0.02302	0.07327	0.07884	0.02914	0.02278	0.01053	0.01030	0.00318	0.01351	0.00978	0.00574	0.01412
17	0.02480	0.02141	0.02254	0.02029	0.02592	0.02480	0.01578	0.05297	0.56946	0.04170	0.04057	0.03719	0.03043	0.01352	0.01014	0.00338	0.00789	0.01127	0.01014	0.01578
18	0.01883	0.01772	0.02990	0.62569	0.06866	0.02215	0.02769	0.02547	0.01993	0.02547	0.01772	0.02658	0.01329	0.00997	0.00997	0.00332	0.01329	0.00886	0.00443	0.01107
19	0.02851	0.02381	0.02679	0.08671	0.06982	0.07993	0.01878	0.15357	0.11723	0.08203	0.02588	0.05770	0.02079	0.01263	0.01185	0.00306	0.06819	0.00978	0.00776	0.09519
20	0.01260	0.00900	0.01209	0.01440	0.01518	0.00849	0.01005	0.01467	0.01954	0.02596	0.05469	0.58144	0.06494	0.03080	0.01285	0.00411	0.00618	0.08555	0.00925	0.00822
21	0.72007	0.01928	0.01465	0.01311	0.01928	0.02236	0.01080	0.02930	0.01697	0.04473	0.01388	0.01619	0.01080	0.00925	0.00617	0.00308	0.00771	0.00540	0.00617	0.01080
22	0.01215	0.00868	0.01157	0.01388	0.01446	0.00810	0.00925	0.01388	0.01909	0.02545	0.05495	0.64315	0.06593	0.03123	0.01272	0.00405	0.00578	0.02834	0.00925	0.00810
23	0.01320	0.00994	0.01234	0.01313	0.01526	0.00908	0.00988	0.01644	0.02328	0.03063	0.21576	0.24629	0.21875	0.02592	0.01235	0.00368	0.00580	0.09981	0.00973	0.00872
24	0.01411	0.01019	0.01333	0.01254	0.01489	0.00941	0.00941	0.01881	0.02822	0.03998	0.58221	0.07447	0.09406	0.02038	0.01176	0.00314	0.00470	0.01803	0.01097	0.00941
25	0.02207	0.01131	0.01210	0.01129	0.01452	0.01138	0.00867	0.02890	0.07478	0.09904	0.03405	0.03681	0.02593	0.01188	0.00761	0.00251	0.00538	0.00956	0.56144	0.01076
26	0.01883	0.01772	0.02990	0.62569	0.06866	0.02215	0.02769	0.02547	0.01993	0.02547	0.01772	0.02658	0.01329	0.00997	0.00997	0.00332	0.01329	0.00886	0.00443	0.01107
27	0.72007	0.01928	0.01465	0.01311	0.01928	0.02236	0.01080	0.02930	0.01697	0.04473	0.01388	0.01619	0.01080	0.00925	0.00617	0.00308	0.00771	0.00540	0.00617	0.01080
28	0.02480	0.02141	0.02254	0.02029	0.02592	0.02480	0.01578	0.05297	0.56946	0.04170	0.04057	0.03719	0.03043	0.01352	0.01014	0.00338	0.00789	0.01127	0.01014	0.01578
29	0.04072	0.02339	0.02711	0.02078	0.02865	0.02419	0.01717	0.34498	0.03928	0.28279	0.03030	0.02807	0.02015	0.01212	0.00999	0.00303	0.00994	0.00941	0.01095	0.01696
30	0.01411	0.01019	0.01333	0.01254	0.01489	0.00941	0.00941	0.01881	0.02822	0.03998	0.58221	0.07447	0.09406	0.02038	0.01176	0.00314	0.00470	0.01803	0.01097	0.00941
31	0.01708	0.01263	0.01681	0.01858	0.02126	0.01302	0.01603	0.02440	0.08625	0.03121	0.05137	0.10373	0.05425	0.02592	0.01335	0.00445	0.00903	0.46140	0.00929	0.00994
32	0.01331	0.00955	0.01270	0.01375	0.01521	0.00894	0.00995	0.01652	0.02317	0.03178	0.26963	0.36210	0.07660	0.02647	0.01243	0.00373	0.00566	0.06983	0.00995	0.00873
33	0.01411	0.01019	0.01333	0.01254	0.01489	0.00941	0.00941	0.01881	0.02822	0.03998	0.58221	0.07447	0.09406	0.02038	0.01176	0.00314	0.00470	0.01803	0.01097	0.00941
34	0.03775	0.02166	0.02539	0.01973	0.02696	0.02218	0.01619	0.29815	0.03767	0.26391	0.09475	0.03364	0.02888	0.01309	0.01020	0.00304	0.00929	0.01043	0.01100	0.01608
35	0.11511	0.01778	0.02035	0.01509	0.02340	0.01471	0.01220	0.02992	0.02163	0.13639	0.02116	0.02251	0.01606	0.00853	0.00771	0.00198	0.00763	0.00659	0.00711	0.49417
36	0.02220	0.01749	0.01951	0.01819	0.02223	0.01918	0.01374	0.13490	0.24313	0.03920	0.04318	0.28156	0.04227	0.02044	0.01116	0.00358	0.00763	0.01778	0.00975	0.01288
37	0.03263	0.27775	0.03450	0.01774	0.02508	0.02625	0.01561	0.06876	0.07902	0.23455	0.02929	0.07037	0.02293	0.01225	0.00875	0.00279	0.00926	0.00950	0.00847	0.01451
38	0.66694	0.01995	0.01584	0.01388	0.02019	0.02303	0.01143	0.07019	0.01929	0.04614	0.01466	0.01680	0.01128	0.00947	0.00647	0.00308	0.00797	0.00568	0.00647	0.01128
39	0.01832	0.01368	0.01668	0.01750	0.02054	0.01454	0.01438	0.02904	0.17074	0.03340	0.04757	0.13548	0.04757	0.02243	0.01198	0.00397	0.00803	0.28131	0.08197	0.01088
40	0.02114	0.11183	0.48722	0.03040	0.09394	0.02490	0.03417	0.03130	0.02112	0.03082	0.01755	0.02087	0.01295	0.00932	0.00919	0.00303	0.01403	0.00730	0.00429	0.01463
41	0.02025	0.04978	0.55904	0.02940	0.04379	0.02330	0.07401	0.03160	0.02123	0.03160	0.01805	0.02147	0.01281	0.00939	0.00964	0.00317	0.01488	0.00768	0.00427	0.01464
42	0.01182	0.00997	0.01024	0.01045	0.01356	0.00839	0.00773	0.01427	0.02238	0.02679	0.09671	0.14676	0.53536	0.02580	0.01187	0.00343	0.00512	0.02172	0.00926	0.00839
43	0.04162	0.02145	0.07942	0.01931	0.02773	0.01717	0.01724	0.09964	0.02972	0.48456	0.03565	0.03164	0.02271	0.01202	0.00997	0.00308	0.00935	0.00966	0.01131	0.01675

[dist]
# distance from previous block
# <min> <max>
0	1

[block]
# block no. 2 follows, 15 sequences, length 9
# corresponding to MSA columns:
# 111-119
name=unknown_C
#
# <colnr> <probs for GDERKNQSTAVLIFYWHMCP>
#	G	D	E	R	K	N	Q	S	T	A	V	L	I	F	Y	W	H	M	C	P
0	0.03724	0.04751	0.02825	0.02568	0.03082	0.60963	0.01926	0.03981	0.02825	0.02440	0.01541	0.01798	0.01284	0.01027	0.00899	0.00257	0.01798	0.00642	0.00514	0.01156
1	0.02067	0.01772	0.02067	0.01477	0.02362	0.01329	0.01181	0.02510	0.02067	0.03248	0.01772	0.02067	0.01477	0.00738	0.00738	0.00148	0.00738	0.00591	0.00591	0.71059
2	0.01450	0.00966	0.01087	0.01087	0.01087	0.00966	0.00604	0.01450	0.01450	0.01933	0.03141	0.06524	0.03624	0.64965	0.05074	0.00966	0.00966	0.01450	0.00604	0.00604
3	0.01983	0.01333	0.01836	0.01730	0.02069	0.01297	0.04773	0.02659	0.10116	0.11120	0.08272	0.31481	0.08474	0.02311	0.01187	0.00372	0.00738	0.06184	0.00964	0.01102
4	0.07270	0.02634	0.09451	0.03471	0.04410	0.02279	0.38793	0.03180	0.02360	0.07284	0.06749	0.03009	0.02183	0.00982	0.01106	0.00329	0.01441	0.01135	0.00605	0.01328
5	0.12944	0.02756	0.17681	0.02333	0.07473	0.01946	0.02110	0.03749	0.06832	0.20947	0.02591	0.02594	0.01808	0.01038	0.00902	0.00294	0.01014	0.00819	0.00776	0.09393
6	0.17375	0.16400	0.18048	0.02625	0.12053	0.02518	0.02251	0.03112	0.02073	0.06918	0.01768	0.02032	0.01374	0.00914	0.00804	0.00275	0.01088	0.00681	0.00542	0.07151
7	0.21256	0.15414	0.25869	0.02075	0.03035	0.02459	0.02324	0.02923	0.02002	0.03339	0.02046	0.03040	0.01786	0.01153	0.00852	0.00312	0.01132	0.07186	0.00539	0.01257
8	0.20127	0.10586	0.24680	0.02412	0.07632	0.02348	0.02378	0.03355	0.02131	0.12767	0.02005	0.02168	0.01445	0.00974	0.00841	0.00299	0.01122	0.00720	0.00612	0.01397

[dist]
# distance from previous block
# <min> <max>
0	9

# created by:
# /st0/software/busco_prod/Augustus/scripts/msa2prfl.pl ./align_prep/10946.fa
