[name]
unknown

[dist]
# distance from previous block
# <min> <max>
28	49

[block]
# block no. 0 follows, 14 sequences, length 12
# corresponding to MSA columns:
# 54-65
name=unknown_A
#
# <colnr> <probs for GDERKNQSTAVLIFYWHMCP>
#	G	D	E	R	K	N	Q	S	T	A	V	L	I	F	Y	W	H	M	C	P
0	0.02995	0.02544	0.10515	0.02215	0.02971	0.08249	0.09209	0.03557	0.02589	0.20900	0.06498	0.03916	0.07940	0.01313	0.01025	0.00310	0.01092	0.01124	0.09670	0.01369
1	0.03054	0.02312	0.05550	0.09679	0.03316	0.05584	0.04576	0.16912	0.03177	0.14795	0.10519	0.03546	0.03023	0.01290	0.01024	0.00310	0.01049	0.01071	0.07801	0.01412
2	0.03680	0.02690	0.08107	0.10757	0.03668	0.05798	0.02106	0.22090	0.03413	0.23063	0.02802	0.02790	0.01895	0.01180	0.01017	0.00315	0.01156	0.00928	0.00941	0.01604
3	0.13997	0.09594	0.02711	0.01968	0.02628	0.13839	0.01610	0.11182	0.02785	0.18546	0.02475	0.02584	0.01824	0.01859	0.07591	0.00446	0.01333	0.00822	0.00812	0.01394
4	0.11495	0.02216	0.03115	0.03512	0.21451	0.05438	0.07191	0.03211	0.02325	0.11274	0.02573	0.09352	0.02237	0.01216	0.00988	0.00305	0.01081	0.01091	0.00698	0.09230
5	0.03169	0.02565	0.08509	0.12531	0.09894	0.02435	0.02280	0.17323	0.11317	0.15203	0.02818	0.02906	0.01999	0.01169	0.01024	0.00323	0.01117	0.00963	0.00865	0.01590
6	0.09836	0.01494	0.01628	0.01429	0.01754	0.01535	0.01011	0.09414	0.02098	0.03144	0.02689	0.04674	0.02748	0.34033	0.09002	0.00777	0.01137	0.01152	0.00673	0.09774
7	0.12181	0.21891	0.03021	0.01588	0.02356	0.02356	0.01383	0.02707	0.01998	0.03104	0.01758	0.02151	0.01530	0.01713	0.08274	0.00389	0.01128	0.00644	0.00550	0.29279
8	0.02737	0.18851	0.03367	0.10307	0.03292	0.02785	0.01835	0.19080	0.02899	0.03853	0.02055	0.02466	0.01667	0.01978	0.09364	0.00462	0.01340	0.00807	0.00667	0.10188
9	0.02988	0.31785	0.11569	0.02420	0.03339	0.11901	0.09516	0.03503	0.02367	0.09005	0.01896	0.02115	0.01489	0.00961	0.00862	0.00269	0.01332	0.00743	0.00558	0.01381
10	0.01783	0.00891	0.01337	0.01337	0.01337	0.00891	0.00891	0.01337	0.01337	0.01783	0.01783	0.03119	0.01783	0.03565	0.04011	0.70143	0.00891	0.00891	0.00446	0.00446
11	0.09367	0.01221	0.01579	0.01929	0.07869	0.01202	0.01211	0.01875	0.02132	0.03141	0.12037	0.38796	0.08806	0.02511	0.01181	0.00376	0.00669	0.02235	0.00891	0.00975

[dist]
# distance from previous block
# <min> <max>
0	1

[block]
# block no. 1 follows, 14 sequences, length 27
# corresponding to MSA columns:
# 67-93
name=unknown_B
#
# <colnr> <probs for GDERKNQSTAVLIFYWHMCP>
#	G	D	E	R	K	N	Q	S	T	A	V	L	I	F	Y	W	H	M	C	P
0	0.02522	0.02474	0.03827	0.05581	0.48201	0.06284	0.02882	0.03083	0.02307	0.03197	0.01989	0.02642	0.01699	0.01604	0.06905	0.00437	0.01416	0.00915	0.00514	0.01524
1	0.03585	0.02623	0.08599	0.03048	0.14406	0.02368	0.02222	0.19713	0.06300	0.22191	0.02902	0.02861	0.02012	0.01162	0.01022	0.00314	0.01086	0.00954	0.00939	0.01691
2	0.02703	0.34646	0.22725	0.02271	0.03327	0.08258	0.02470	0.07352	0.02405	0.03029	0.01663	0.01904	0.01346	0.00954	0.00817	0.00266	0.01305	0.00659	0.00492	0.01407
3	0.02176	0.01776	0.02059	0.01596	0.02314	0.01550	0.01264	0.07570	0.07242	0.03903	0.14947	0.03599	0.03585	0.01172	0.00915	0.00224	0.00735	0.00977	0.00807	0.41590
4	0.01919	0.01365	0.01640	0.01558	0.01936	0.01296	0.01150	0.02683	0.11958	0.07974	0.08990	0.30133	0.08871	0.02224	0.01142	0.00345	0.00669	0.01959	0.00960	0.11229
5	0.01698	0.01232	0.01543	0.01398	0.01698	0.01190	0.01067	0.07163	0.03097	0.04351	0.51530	0.07145	0.08888	0.02011	0.01192	0.00321	0.00549	0.01763	0.01119	0.01046
6	0.01850	0.01668	0.02162	0.01897	0.02138	0.01915	0.01495	0.02102	0.01854	0.02680	0.03594	0.14409	0.10265	0.06243	0.02311	0.00408	0.26165	0.01415	0.00652	0.14779
7	0.11348	0.01107	0.01303	0.01367	0.01576	0.01094	0.00981	0.01844	0.02280	0.03455	0.23975	0.33940	0.07041	0.02479	0.01176	0.00368	0.00583	0.02188	0.00972	0.00923
8	0.02614	0.01240	0.01675	0.01590	0.01949	0.01108	0.01179	0.02882	0.02360	0.25244	0.05002	0.38954	0.05060	0.02424	0.01197	0.00376	0.00708	0.02151	0.01082	0.01205
9	0.38458	0.02247	0.02077	0.01769	0.02434	0.02570	0.01435	0.15563	0.15824	0.04963	0.02351	0.02389	0.01760	0.01127	0.00828	0.00323	0.00877	0.00791	0.00828	0.01387
10	0.01392	0.00953	0.01149	0.01248	0.01273	0.00928	0.00759	0.01466	0.01688	0.02251	0.04239	0.30196	0.05000	0.38723	0.03598	0.00755	0.00829	0.02084	0.00759	0.00710
11	0.02278	0.01171	0.01490	0.01410	0.01648	0.01087	0.00969	0.02443	0.02038	0.17741	0.04206	0.23256	0.04344	0.27889	0.02858	0.00629	0.00838	0.01804	0.00903	0.00998
12	0.71184	0.01985	0.01508	0.01350	0.01985	0.02302	0.01111	0.03017	0.01746	0.04604	0.01429	0.01667	0.01111	0.00953	0.00635	0.00318	0.00794	0.00556	0.00635	0.01111
13	0.01783	0.00891	0.01337	0.01337	0.01337	0.00891	0.00891	0.01337	0.01337	0.01783	0.01783	0.03119	0.01783	0.03565	0.04011	0.70143	0.00891	0.00891	0.00446	0.00446
14	0.02303	0.01860	0.02020	0.01811	0.02255	0.02073	0.01369	0.08428	0.33023	0.04055	0.12712	0.04852	0.04212	0.12316	0.01793	0.00452	0.00817	0.01314	0.00984	0.01352
15	0.01845	0.01152	0.01342	0.01250	0.01633	0.00993	0.00952	0.02161	0.02513	0.12593	0.17123	0.12500	0.35457	0.02329	0.01189	0.00343	0.00580	0.01973	0.01039	0.01034
16	0.02128	0.01824	0.02128	0.01520	0.02432	0.01368	0.01216	0.02584	0.02128	0.03344	0.01824	0.02128	0.01520	0.00760	0.00760	0.00152	0.00760	0.00608	0.00608	0.70208
17	0.03989	0.02733	0.02992	0.02294	0.03112	0.02972	0.01895	0.47947	0.04588	0.12967	0.02663	0.02593	0.01845	0.01237	0.01027	0.00309	0.01097	0.00937	0.01057	0.01745
18	0.16176	0.03090	0.02423	0.02095	0.02729	0.24843	0.01638	0.04338	0.09198	0.19791	0.02613	0.02552	0.01871	0.01143	0.00919	0.00300	0.01238	0.00814	0.00833	0.01396
19	0.02040	0.01590	0.01682	0.01459	0.01938	0.01569	0.01148	0.17269	0.03137	0.04005	0.12441	0.07448	0.36048	0.02142	0.01157	0.00333	0.00699	0.01765	0.00992	0.01139
20	0.31513	0.01939	0.02119	0.01983	0.07798	0.01892	0.01419	0.03262	0.02137	0.13873	0.02075	0.02225	0.01545	0.00949	0.00783	0.00267	0.00841	0.00694	0.00730	0.21957
21	0.01725	0.01072	0.01281	0.01203	0.01500	0.00983	0.00911	0.02161	0.02629	0.07387	0.32496	0.06897	0.16207	0.01924	0.01084	0.00307	0.00515	0.01648	0.17071	0.00998
22	0.02816	0.02299	0.02828	0.02681	0.12729	0.02190	0.01822	0.20494	0.03098	0.04425	0.02064	0.02319	0.01617	0.00951	0.00899	0.00234	0.00971	0.00773	0.00734	0.34055
23	0.08156	0.01846	0.02388	0.01841	0.02629	0.01680	0.01521	0.08681	0.03018	0.51346	0.03784	0.03315	0.02402	0.01250	0.01010	0.00317	0.00889	0.00998	0.01217	0.01712
24	0.01470	0.01007	0.01221	0.01238	0.01276	0.01036	0.00766	0.01550	0.01555	0.02107	0.03322	0.10345	0.03741	0.49268	0.14893	0.01072	0.01285	0.01525	0.00633	0.00691
25	0.55080	0.02457	0.09926	0.01595	0.02383	0.02233	0.01513	0.03013	0.01841	0.04297	0.01524	0.01780	0.01174	0.00939	0.00696	0.00304	0.00897	0.00590	0.00603	0.07154
26	0.36180	0.19517	0.02893	0.01778	0.02452	0.16958	0.01500	0.03298	0.02124	0.03500	0.01467	0.01707	0.01219	0.00958	0.00713	0.00278	0.01136	0.00580	0.00556	0.01186

[dist]
# distance from previous block
# <min> <max>
0	1

[block]
# block no. 2 follows, 14 sequences, length 58
# corresponding to MSA columns:
# 95-152
name=unknown_C
#
# <colnr> <probs for GDERKNQSTAVLIFYWHMCP>
#	G	D	E	R	K	N	Q	S	T	A	V	L	I	F	Y	W	H	M	C	P
0	0.03075	0.06759	0.12950	0.03050	0.08695	0.14445	0.10776	0.04014	0.09808	0.12572	0.02507	0.02658	0.01840	0.01070	0.01009	0.00310	0.01365	0.00917	0.00701	0.01479
1	0.03901	0.02874	0.03080	0.02361	0.03182	0.03182	0.01951	0.54111	0.04825	0.06468	0.02464	0.02464	0.01745	0.01232	0.01027	0.00308	0.01129	0.00924	0.01027	0.01745
2	0.01250	0.00893	0.01191	0.01429	0.01488	0.00834	0.00953	0.01429	0.01965	0.02620	0.05656	0.63265	0.06787	0.03215	0.01310	0.00417	0.00595	0.02917	0.00953	0.00834
3	0.01459	0.00981	0.01129	0.01162	0.01170	0.00973	0.00667	0.01484	0.01557	0.02076	0.03564	0.14431	0.04148	0.55650	0.04689	0.00916	0.00940	0.01687	0.00667	0.00651
4	0.39899	0.02039	0.02315	0.02148	0.07257	0.02186	0.05696	0.06837	0.02215	0.11623	0.02105	0.02554	0.01648	0.06164	0.01174	0.00374	0.00959	0.00809	0.00728	0.01271
5	0.02307	0.01295	0.01683	0.01607	0.01943	0.01222	0.01219	0.06429	0.02604	0.16256	0.13759	0.30901	0.05827	0.02386	0.01215	0.00374	0.00711	0.06050	0.01062	0.01149
6	0.01473	0.00987	0.01125	0.01145	0.01150	0.00982	0.00649	0.01487	0.01531	0.02041	0.03432	0.11347	0.03981	0.58962	0.04903	0.00948	0.00962	0.01609	0.00649	0.00639
7	0.03107	0.02221	0.02499	0.02092	0.02680	0.02504	0.01682	0.17734	0.25318	0.12012	0.03360	0.03266	0.02468	0.01357	0.01239	0.00334	0.06891	0.01038	0.06630	0.01569
8	0.03089	0.21677	0.09803	0.02715	0.03681	0.02724	0.18669	0.03691	0.02437	0.18194	0.02399	0.02567	0.01731	0.00991	0.00970	0.00297	0.01279	0.00916	0.00694	0.01476
9	0.03567	0.02696	0.03079	0.12427	0.03844	0.03029	0.02104	0.45343	0.04353	0.05813	0.02355	0.02510	0.01681	0.01197	0.01026	0.00314	0.01170	0.00922	0.00929	0.01642
10	0.01276	0.01054	0.01127	0.01144	0.01471	0.00906	0.00881	0.01575	0.02388	0.02912	0.13725	0.09862	0.48203	0.02581	0.01233	0.00357	0.00559	0.06899	0.00967	0.00882
11	0.44384	0.02141	0.01943	0.01657	0.02291	0.02419	0.01344	0.17997	0.02680	0.04961	0.02151	0.07952	0.01857	0.01258	0.00817	0.00324	0.00874	0.00897	0.00782	0.01272
12	0.02549	0.04579	0.41437	0.02909	0.04207	0.06258	0.08084	0.06965	0.02488	0.07946	0.02071	0.02332	0.01458	0.01012	0.01002	0.00321	0.01480	0.00828	0.00558	0.01517
13	0.03384	0.04727	0.12490	0.02875	0.03623	0.44014	0.07969	0.03868	0.02732	0.02719	0.01682	0.02004	0.01344	0.01023	0.00965	0.00283	0.01782	0.00737	0.00512	0.01265
14	0.01250	0.00893	0.01191	0.01429	0.01488	0.00834	0.00953	0.01429	0.01965	0.02620	0.05656	0.63265	0.06787	0.03215	0.01310	0.00417	0.00595	0.02917	0.00953	0.00834
15	0.04480	0.01945	0.02505	0.01920	0.02719	0.01804	0.01586	0.13667	0.03270	0.49108	0.03769	0.03311	0.02400	0.01263	0.01031	0.00316	0.00918	0.01013	0.01227	0.01746
16	0.02746	0.03065	0.03137	0.07418	0.07087	0.20982	0.02273	0.03046	0.02086	0.02557	0.01501	0.02179	0.01361	0.01441	0.02248	0.00372	0.34018	0.00825	0.00479	0.01181
17	0.01492	0.00995	0.01119	0.01119	0.01119	0.00995	0.00622	0.01492	0.01492	0.01990	0.03233	0.06716	0.03731	0.63935	0.05223	0.00995	0.00995	0.01492	0.00622	0.00622
18	0.02128	0.01824	0.02128	0.01520	0.02432	0.01368	0.01216	0.02584	0.02128	0.03344	0.01824	0.02128	0.01520	0.00760	0.00760	0.00152	0.00760	0.00608	0.00608	0.70208
19	0.02397	0.02317	0.03699	0.02892	0.03620	0.02419	0.22075	0.04269	0.29754	0.03881	0.08345	0.03775	0.03133	0.01252	0.01126	0.00345	0.01142	0.01246	0.00846	0.01468
20	0.71184	0.01985	0.01508	0.01350	0.01985	0.02302	0.01111	0.03017	0.01746	0.04604	0.01429	0.01667	0.01111	0.00953	0.00635	0.00318	0.00794	0.00556	0.00635	0.01111
21	0.02128	0.01824	0.02128	0.01520	0.02432	0.01368	0.01216	0.02584	0.02128	0.03344	0.01824	0.02128	0.01520	0.00760	0.00760	0.00152	0.00760	0.00608	0.00608	0.70208
22	0.08949	0.01868	0.02363	0.01817	0.02611	0.01700	0.01498	0.09007	0.02960	0.45793	0.03558	0.03172	0.02294	0.01206	0.00983	0.00304	0.00882	0.00957	0.01154	0.06924
23	0.01816	0.01059	0.01372	0.01441	0.01666	0.00953	0.01022	0.02044	0.02184	0.12114	0.06063	0.45416	0.13295	0.02795	0.01249	0.00390	0.00632	0.02488	0.01007	0.00994
24	0.07614	0.36459	0.04267	0.02039	0.02835	0.03400	0.05658	0.06552	0.15518	0.03331	0.02216	0.02320	0.01795	0.01030	0.00815	0.00273	0.01055	0.00772	0.00642	0.01408
25	0.02744	0.64552	0.05378	0.01756	0.02634	0.04061	0.01756	0.03073	0.02085	0.02414	0.01427	0.01646	0.01317	0.00878	0.00658	0.00219	0.01097	0.00549	0.00439	0.01317
26	0.02626	0.02616	0.03867	0.05532	0.47539	0.07769	0.02869	0.03189	0.02372	0.03272	0.01888	0.02438	0.01588	0.00914	0.00985	0.00288	0.01238	0.00863	0.00519	0.07627
27	0.01445	0.01003	0.01106	0.01106	0.01165	0.00973	0.00649	0.01489	0.01637	0.02123	0.04453	0.07254	0.12822	0.53490	0.04540	0.00884	0.00914	0.01607	0.00678	0.00663
28	0.01783	0.00891	0.01337	0.01337	0.01337	0.00891	0.00891	0.01337	0.01337	0.01783	0.01783	0.03119	0.01783	0.03565	0.04011	0.70143	0.00891	0.00891	0.00446	0.00446
29	0.01247	0.00907	0.01176	0.01391	0.01478	0.00837	0.00936	0.01433	0.02002	0.02635	0.06122	0.58022	0.11730	0.03155	0.01300	0.00410	0.00588	0.02844	0.00953	0.00837
30	0.01428	0.01063	0.01569	0.01611	0.01772	0.01204	0.01225	0.01762	0.01704	0.02424	0.03256	0.14366	0.03302	0.06915	0.49651	0.01434	0.02373	0.01417	0.00620	0.00902
31	0.01430	0.01021	0.01397	0.01634	0.01772	0.00988	0.01264	0.01739	0.02142	0.02820	0.05557	0.40272	0.06395	0.03046	0.01358	0.00442	0.00751	0.24140	0.00949	0.00883
32	0.01260	0.01016	0.01122	0.01149	0.01429	0.00878	0.00841	0.01545	0.02372	0.02976	0.17548	0.18590	0.40444	0.02618	0.01229	0.00354	0.00527	0.02241	0.00983	0.00878
33	0.02553	0.02204	0.02320	0.02088	0.02669	0.02553	0.01624	0.05453	0.55679	0.04293	0.04177	0.03829	0.03133	0.01392	0.01044	0.00348	0.00812	0.01160	0.01044	0.01624
34	0.01741	0.00919	0.01378	0.01378	0.01402	0.00943	0.00943	0.01402	0.01378	0.01861	0.01909	0.03239	0.01885	0.04106	0.11323	0.61176	0.01134	0.00919	0.00459	0.00507
35	0.02245	0.02245	0.03143	0.02694	0.02694	0.03143	0.02245	0.02470	0.01572	0.02470	0.01347	0.02245	0.01347	0.01796	0.03368	0.00449	0.62057	0.00898	0.00449	0.01123
36	0.01401	0.01029	0.01327	0.01395	0.01602	0.00955	0.01055	0.01771	0.02487	0.03359	0.28291	0.23323	0.14746	0.02587	0.01272	0.00376	0.00597	0.10484	0.01027	0.00915
37	0.71184	0.01985	0.01508	0.01350	0.01985	0.02302	0.01111	0.03017	0.01746	0.04604	0.01429	0.01667	0.01111	0.00953	0.00635	0.00318	0.00794	0.00556	0.00635	0.01111
38	0.01250	0.00893	0.01191	0.01429	0.01488	0.00834	0.00953	0.01429	0.01965	0.02620	0.05656	0.63265	0.06787	0.03215	0.01310	0.00417	0.00595	0.02917	0.00953	0.00834
39	0.01492	0.00995	0.01119	0.01119	0.01119	0.00995	0.00622	0.01492	0.01492	0.01990	0.03233	0.06716	0.03731	0.63935	0.05223	0.00995	0.00995	0.01492	0.00622	0.00622
40	0.02315	0.01435	0.01766	0.01661	0.02014	0.01426	0.01240	0.09617	0.07036	0.12938	0.11140	0.33085	0.05433	0.02327	0.01190	0.00368	0.00720	0.02050	0.01046	0.01195
41	0.02680	0.01839	0.02030	0.01799	0.02329	0.02008	0.01405	0.04612	0.34725	0.12465	0.07779	0.04050	0.03423	0.01390	0.00999	0.00323	0.00741	0.01155	0.12765	0.01483
42	0.01430	0.01050	0.01379	0.01577	0.01765	0.00999	0.01247	0.01757	0.02209	0.02852	0.06333	0.30718	0.14655	0.02939	0.01343	0.00431	0.00744	0.24734	0.00949	0.00890
43	0.01916	0.01529	0.01761	0.01769	0.02082	0.01665	0.01337	0.03326	0.25652	0.03374	0.04737	0.22931	0.04738	0.08088	0.01581	0.00451	0.00788	0.10133	0.00960	0.01181
44	0.01292	0.00910	0.01179	0.01376	0.01426	0.00861	0.00896	0.01440	0.01884	0.02512	0.05244	0.53635	0.06267	0.13555	0.01976	0.00515	0.00663	0.02675	0.00896	0.00797
45	0.71184	0.01985	0.01508	0.01350	0.01985	0.02302	0.01111	0.03017	0.01746	0.04604	0.01429	0.01667	0.01111	0.00953	0.00635	0.00318	0.00794	0.00556	0.00635	0.01111
46	0.02561	0.02977	0.05746	0.04160	0.05148	0.08214	0.48717	0.03367	0.02470	0.03211	0.02028	0.02678	0.01534	0.00884	0.01183	0.00338	0.01742	0.01157	0.00520	0.01365
47	0.01213	0.01040	0.01040	0.01040	0.01386	0.00866	0.00780	0.01473	0.02339	0.02772	0.10396	0.09876	0.57117	0.02599	0.01213	0.00347	0.00520	0.02166	0.00953	0.00866
48	0.71184	0.01985	0.01508	0.01350	0.01985	0.02302	0.01111	0.03017	0.01746	0.04604	0.01429	0.01667	0.01111	0.00953	0.00635	0.00318	0.00794	0.00556	0.00635	0.01111
49	0.01818	0.01250	0.01922	0.01663	0.01984	0.01182	0.06211	0.02197	0.02543	0.07431	0.35851	0.05969	0.06715	0.02577	0.06384	0.09959	0.00875	0.01540	0.00939	0.00989
50	0.02591	0.02579	0.05413	0.09483	0.05255	0.02459	0.43853	0.03393	0.02438	0.08621	0.02246	0.02836	0.01636	0.00920	0.01176	0.00343	0.01612	0.01165	0.00587	0.01397
51	0.53308	0.01921	0.01743	0.01477	0.02155	0.02089	0.01218	0.03549	0.02066	0.19006	0.02132	0.02157	0.01495	0.01038	0.00742	0.00318	0.00815	0.00684	0.00806	0.01282
52	0.01938	0.01824	0.03078	0.61468	0.07068	0.02280	0.02850	0.02622	0.02052	0.02622	0.01824	0.02736	0.01368	0.01026	0.01026	0.00342	0.01368	0.00912	0.00456	0.01140
53	0.02735	0.02373	0.03997	0.05876	0.52341	0.02350	0.02994	0.03325	0.02393	0.08543	0.02131	0.02630	0.01712	0.00948	0.01017	0.00306	0.01186	0.00925	0.00580	0.01637
54	0.02422	0.02768	0.06055	0.04325	0.05363	0.02595	0.53806	0.03287	0.02422	0.03287	0.02076	0.02768	0.01557	0.00865	0.01211	0.00346	0.01730	0.01211	0.00519	0.01384
55	0.71184	0.01985	0.01508	0.01350	0.01985	0.02302	0.01111	0.03017	0.01746	0.04604	0.01429	0.01667	0.01111	0.00953	0.00635	0.00318	0.00794	0.00556	0.00635	0.01111
56	0.01466	0.01100	0.01649	0.01649	0.01833	0.01283	0.01283	0.01833	0.01649	0.02382	0.02749	0.04032	0.02566	0.07697	0.59868	0.01649	0.02749	0.01100	0.00550	0.00916
57	0.01598	0.00957	0.01198	0.01198	0.01198	0.00957	0.00720	0.01436	0.01436	0.01914	0.02706	0.05408	0.03022	0.41982	0.04782	0.26140	0.00957	0.01274	0.00558	0.00558

[dist]
# distance from previous block
# <min> <max>
0	2

# created by:
# /st0/software/busco_prod/Augustus/scripts/msa2prfl.pl ./align_prep/10951.fa
