[name]
unknown

[dist]
# distance from previous block
# <min> <max>
0	44

[block]
# block no. 0 follows, 13 sequences, length 16
# corresponding to MSA columns:
# 45-60
name=unknown_A
#
# <colnr> <probs for GDERKNQSTAVLIFYWHMCP>
#	G	D	E	R	K	N	Q	S	T	A	V	L	I	F	Y	W	H	M	C	P
0	0.03016	0.02416	0.03738	0.04547	0.30519	0.02455	0.06572	0.07185	0.12638	0.11800	0.02805	0.03032	0.02115	0.01108	0.01072	0.00328	0.01159	0.01034	0.00782	0.01681
1	0.02056	0.01916	0.03099	0.54896	0.06861	0.02375	0.02819	0.02973	0.06968	0.02861	0.02105	0.02924	0.01578	0.01092	0.01059	0.00353	0.01356	0.00963	0.00526	0.01221
2	0.02698	0.03044	0.03051	0.02628	0.03066	0.24086	0.09308	0.03094	0.02315	0.02655	0.02102	0.02879	0.01850	0.03541	0.21488	0.00806	0.08748	0.00951	0.00542	0.01149
3	0.01393	0.01077	0.01269	0.01221	0.01516	0.00953	0.00916	0.01794	0.02748	0.03658	0.36777	0.08856	0.29251	0.02379	0.01248	0.00343	0.00514	0.02046	0.01087	0.00953
4	0.02403	0.05096	0.49307	0.02927	0.04383	0.02578	0.03624	0.10689	0.02639	0.03841	0.01993	0.02278	0.01408	0.01044	0.01012	0.00332	0.01503	0.00807	0.00537	0.01598
5	0.01278	0.01037	0.01134	0.01184	0.01464	0.00893	0.00860	0.01544	0.02366	0.02928	0.13097	0.22031	0.40930	0.02784	0.01273	0.00372	0.00551	0.02386	0.00996	0.00893
6	0.70310	0.02045	0.01554	0.01390	0.02045	0.02372	0.01145	0.03108	0.01799	0.04744	0.01472	0.01718	0.01145	0.00981	0.00654	0.00327	0.00818	0.00573	0.00654	0.01145
7	0.01997	0.01879	0.03171	0.60301	0.07282	0.02349	0.02936	0.02701	0.02114	0.02701	0.01879	0.02819	0.01409	0.01057	0.01057	0.00352	0.01409	0.00940	0.00470	0.01175
8	0.01496	0.01081	0.01413	0.01330	0.01580	0.00998	0.00998	0.01995	0.02993	0.04240	0.55689	0.07898	0.09976	0.02162	0.01247	0.00333	0.00499	0.01912	0.01164	0.00998
9	0.04384	0.01720	0.02338	0.01820	0.02575	0.01492	0.01492	0.04803	0.03023	0.51137	0.09878	0.04075	0.03432	0.01403	0.01084	0.00328	0.00855	0.01157	0.01293	0.01711
10	0.01285	0.00932	0.01214	0.01440	0.01525	0.00861	0.00967	0.01476	0.02055	0.02712	0.06216	0.58014	0.10880	0.03262	0.01342	0.00424	0.00607	0.02944	0.00982	0.00861
11	0.01808	0.01149	0.01374	0.01273	0.01623	0.01021	0.00970	0.02215	0.02730	0.09573	0.30019	0.07901	0.24634	0.02173	0.01187	0.00334	0.00556	0.01855	0.06556	0.01049
12	0.03733	0.04714	0.03478	0.02981	0.03604	0.50282	0.09531	0.04098	0.02922	0.02706	0.01709	0.02047	0.01398	0.01060	0.00997	0.00285	0.01888	0.00765	0.00543	0.01256
13	0.01424	0.01050	0.01515	0.01611	0.01750	0.01141	0.01189	0.01726	0.01826	0.02550	0.04001	0.26787	0.04341	0.06128	0.36290	0.01204	0.01966	0.01864	0.00728	0.00911
14	0.34060	0.02104	0.02463	0.02768	0.15845	0.02151	0.01746	0.03360	0.02181	0.11464	0.02037	0.02275	0.01545	0.00987	0.00829	0.00298	0.00934	0.00742	0.00708	0.11503
15	0.03165	0.03011	0.20165	0.02158	0.03252	0.01805	0.02230	0.03856	0.02531	0.24305	0.02780	0.02754	0.01903	0.01060	0.00964	0.00281	0.01081	0.00847	0.00834	0.21019

[dist]
# distance from previous block
# <min> <max>
0	2

[block]
# block no. 1 follows, 13 sequences, length 44
# corresponding to MSA columns:
# 63-106
name=unknown_B
#
# <colnr> <probs for GDERKNQSTAVLIFYWHMCP>
#	G	D	E	R	K	N	Q	S	T	A	V	L	I	F	Y	W	H	M	C	P
0	0.01948	0.09281	0.28782	0.11698	0.04025	0.02182	0.02773	0.02730	0.02150	0.02989	0.02894	0.18149	0.02850	0.01615	0.01073	0.00352	0.01245	0.01375	0.00593	0.01294
1	0.01822	0.01173	0.01653	0.01593	0.01813	0.01267	0.01199	0.02146	0.01895	0.07715	0.07048	0.04871	0.03407	0.16525	0.39445	0.01346	0.02153	0.01256	0.00695	0.00976
2	0.70310	0.02045	0.01554	0.01390	0.02045	0.02372	0.01145	0.03108	0.01799	0.04744	0.01472	0.01718	0.01145	0.00981	0.00654	0.00327	0.00818	0.00573	0.00654	0.01145
3	0.02617	0.02512	0.04292	0.06490	0.56246	0.02512	0.03245	0.03245	0.02407	0.03454	0.01989	0.02617	0.01675	0.00942	0.01047	0.00314	0.01256	0.00942	0.00523	0.01675
4	0.01288	0.00920	0.01227	0.01472	0.01534	0.00859	0.00981	0.01472	0.02024	0.02699	0.05828	0.62152	0.06993	0.03312	0.01350	0.00429	0.00613	0.03006	0.00981	0.00859
5	0.01480	0.01072	0.01425	0.01378	0.01605	0.01017	0.01028	0.01941	0.02786	0.03937	0.46370	0.12130	0.09017	0.02815	0.06792	0.00473	0.00734	0.01930	0.01091	0.00981
6	0.01600	0.01189	0.01502	0.01405	0.01686	0.01146	0.01059	0.02325	0.07668	0.04257	0.51009	0.07538	0.09362	0.02095	0.01231	0.00335	0.00530	0.01847	0.01156	0.01059
7	0.01273	0.01072	0.01104	0.01096	0.01443	0.00903	0.00822	0.01563	0.02466	0.02989	0.15019	0.09957	0.51426	0.02628	0.01249	0.00355	0.00532	0.02201	0.00999	0.00903
8	0.02701	0.02039	0.02286	0.01914	0.02462	0.02194	0.01520	0.22839	0.12816	0.05238	0.25474	0.05067	0.05531	0.01678	0.01141	0.00331	0.00823	0.01404	0.01106	0.01435
9	0.02827	0.63478	0.05540	0.01809	0.02714	0.04184	0.01809	0.03166	0.02148	0.02488	0.01470	0.01696	0.01357	0.00905	0.00678	0.00226	0.01131	0.00565	0.00452	0.01357
10	0.01420	0.01053	0.01263	0.01247	0.01464	0.00962	0.00886	0.01745	0.02504	0.03366	0.30489	0.13515	0.20443	0.12668	0.01957	0.00465	0.00608	0.02036	0.01011	0.00897
11	0.01433	0.01064	0.01335	0.01298	0.01548	0.00966	0.00962	0.01861	0.02797	0.03848	0.42965	0.13531	0.17755	0.02363	0.01257	0.00346	0.00516	0.02074	0.01114	0.00966
12	0.02940	0.57710	0.05315	0.01869	0.02768	0.04097	0.01828	0.07889	0.02417	0.02886	0.01572	0.01776	0.01399	0.00939	0.00715	0.00235	0.01134	0.00602	0.00510	0.01399
13	0.02266	0.02344	0.04702	0.03544	0.04391	0.02184	0.34663	0.03014	0.02451	0.03336	0.02992	0.05092	0.02738	0.01396	0.01257	0.00371	0.01482	0.13341	0.00655	0.07781
14	0.03950	0.05039	0.02996	0.02724	0.03269	0.58597	0.02043	0.04222	0.02996	0.02588	0.01634	0.01907	0.01362	0.01090	0.00953	0.00272	0.01907	0.00681	0.00545	0.01226
15	0.02259	0.01872	0.03103	0.54733	0.06845	0.02273	0.02805	0.02935	0.02201	0.07875	0.02098	0.02893	0.01525	0.01081	0.01058	0.00350	0.01361	0.00951	0.00550	0.01234
16	0.03048	0.01424	0.01910	0.01593	0.02115	0.01264	0.01264	0.03504	0.03009	0.29442	0.31070	0.05843	0.06460	0.01754	0.01159	0.00330	0.00690	0.01506	0.01233	0.01381
17	0.01288	0.00920	0.01227	0.01472	0.01534	0.00859	0.00981	0.01472	0.02024	0.02699	0.05828	0.62152	0.06993	0.03312	0.01350	0.00429	0.00613	0.03006	0.00981	0.00859
18	0.01496	0.01081	0.01413	0.01330	0.01580	0.00998	0.00998	0.01995	0.02993	0.04240	0.55689	0.07898	0.09976	0.02162	0.01247	0.00333	0.00499	0.01912	0.01164	0.00998
19	0.03135	0.53563	0.05044	0.01821	0.02711	0.03761	0.01768	0.03485	0.02289	0.11247	0.01904	0.02002	0.01559	0.00970	0.00740	0.00242	0.01094	0.00645	0.00590	0.01428
20	0.03379	0.01818	0.02330	0.09435	0.02988	0.01838	0.01573	0.12771	0.02868	0.25537	0.03337	0.04199	0.02638	0.17961	0.02233	0.00518	0.01050	0.01155	0.00971	0.01403
21	0.02192	0.01879	0.02192	0.01566	0.02506	0.01409	0.01253	0.02662	0.02192	0.03445	0.01879	0.02192	0.01566	0.00783	0.00783	0.00157	0.00783	0.00626	0.00626	0.69305
22	0.36819	0.17789	0.11327	0.01817	0.02669	0.02856	0.01788	0.03388	0.06737	0.03939	0.01796	0.01995	0.01417	0.01007	0.00753	0.00306	0.01013	0.00660	0.00610	0.01311
23	0.01826	0.02143	0.09991	0.02396	0.03041	0.01647	0.15330	0.02445	0.02485	0.03364	0.16922	0.06527	0.14301	0.06427	0.01549	0.00411	0.01079	0.06169	0.00807	0.01139
24	0.02376	0.07571	0.12999	0.03476	0.16883	0.02474	0.07000	0.03711	0.16292	0.03629	0.06780	0.03688	0.05955	0.01269	0.01063	0.00331	0.01139	0.01127	0.00726	0.01512
25	0.01997	0.01879	0.03171	0.60301	0.07282	0.02349	0.02936	0.02701	0.02114	0.02701	0.01879	0.02819	0.01409	0.01057	0.01057	0.00352	0.01409	0.00940	0.00470	0.01175
26	0.02185	0.11675	0.03252	0.34625	0.10140	0.02405	0.02374	0.02784	0.02167	0.02971	0.02117	0.02829	0.01670	0.01054	0.00936	0.00309	0.01179	0.00888	0.13223	0.01217
27	0.01456	0.01079	0.01357	0.01288	0.01555	0.00980	0.00966	0.01917	0.02897	0.04013	0.48307	0.08272	0.17500	0.02246	0.01247	0.00337	0.00505	0.01965	0.01134	0.00980
28	0.01494	0.01842	0.10891	0.01536	0.02066	0.01212	0.01454	0.01999	0.02520	0.03295	0.19524	0.08402	0.31622	0.02286	0.01223	0.00358	0.00738	0.05567	0.00932	0.01039
29	0.03886	0.03746	0.03043	0.02529	0.03235	0.25505	0.01998	0.29627	0.07912	0.04853	0.02308	0.02390	0.01731	0.01209	0.01017	0.00302	0.01438	0.00861	0.00853	0.01558
30	0.01407	0.00970	0.01192	0.01320	0.01352	0.00938	0.00819	0.01503	0.01792	0.02389	0.04635	0.35758	0.05488	0.31760	0.03276	0.00714	0.00810	0.02304	0.00819	0.00755
31	0.02400	0.02290	0.03899	0.25337	0.39097	0.02455	0.03137	0.03055	0.02305	0.03191	0.01950	0.02688	0.01582	0.00982	0.01050	0.00327	0.01310	0.00941	0.00505	0.01500
32	0.01997	0.01879	0.03171	0.60301	0.07282	0.02349	0.02936	0.02701	0.02114	0.02701	0.01879	0.02819	0.01409	0.01057	0.01057	0.00352	0.01409	0.00940	0.00470	0.01175
33	0.01322	0.00946	0.01257	0.01449	0.01541	0.00881	0.00984	0.01556	0.02180	0.02947	0.13843	0.53430	0.07473	0.03127	0.01333	0.00414	0.00595	0.02830	0.01011	0.00881
34	0.04089	0.01853	0.02382	0.01883	0.02612	0.01729	0.01534	0.09362	0.07092	0.41245	0.10768	0.04085	0.03548	0.01426	0.01088	0.00329	0.00868	0.01174	0.01248	0.01685
35	0.01272	0.00982	0.01163	0.01307	0.01490	0.00873	0.00908	0.01491	0.02183	0.02764	0.07837	0.40764	0.27084	0.03051	0.01308	0.00400	0.00581	0.02687	0.00982	0.00873
36	0.02630	0.02271	0.02391	0.02152	0.02749	0.02630	0.01674	0.05618	0.54336	0.04423	0.04303	0.03945	0.03228	0.01434	0.01076	0.00359	0.00837	0.01195	0.01076	0.01674
37	0.02968	0.47342	0.04819	0.01891	0.02789	0.03765	0.01790	0.11499	0.02630	0.03286	0.01690	0.01886	0.01452	0.00955	0.00753	0.00235	0.01103	0.00637	0.00571	0.07940
38	0.01581	0.01243	0.01775	0.01661	0.01893	0.01205	0.05926	0.01845	0.01990	0.02598	0.05107	0.11989	0.13831	0.26111	0.08343	0.00767	0.01138	0.09366	0.00767	0.00863
39	0.02429	0.02247	0.03624	0.05204	0.41901	0.02267	0.02715	0.03260	0.07456	0.03679	0.11292	0.03637	0.03227	0.01195	0.01083	0.00321	0.01088	0.01130	0.00684	0.01560
40	0.01428	0.01052	0.01337	0.01321	0.01552	0.00960	0.00969	0.01843	0.02750	0.03795	0.41251	0.17499	0.15466	0.02426	0.01265	0.00352	0.00523	0.02141	0.01109	0.00960
41	0.02615	0.46086	0.21078	0.02170	0.03272	0.03665	0.02438	0.03221	0.02174	0.02746	0.01598	0.01857	0.01352	0.00935	0.00776	0.00259	0.01260	0.00630	0.00451	0.01419
42	0.01464	0.01155	0.01246	0.01258	0.01570	0.01069	0.00928	0.02015	0.07353	0.03179	0.12526	0.17703	0.34600	0.02512	0.01211	0.00359	0.00571	0.02141	0.06160	0.00978
43	0.09078	0.03118	0.11506	0.02844	0.12380	0.11537	0.02153	0.03182	0.02335	0.03411	0.01821	0.02180	0.01474	0.00917	0.00882	0.00249	0.01185	0.00711	0.00568	0.28470

[dist]
# distance from previous block
# <min> <max>
0	2

[block]
# block no. 2 follows, 13 sequences, length 15
# corresponding to MSA columns:
# 109-123
name=unknown_C
#
# <colnr> <probs for GDERKNQSTAVLIFYWHMCP>
#	G	D	E	R	K	N	Q	S	T	A	V	L	I	F	Y	W	H	M	C	P
0	0.02103	0.01988	0.03364	0.51063	0.15688	0.02377	0.02989	0.02795	0.02165	0.02831	0.01898	0.02784	0.01455	0.01037	0.01055	0.00346	0.01383	0.00940	0.00479	0.01260
1	0.02438	0.01732	0.02253	0.02268	0.06683	0.01900	0.01605	0.11050	0.02606	0.08647	0.03782	0.25233	0.03846	0.02113	0.01550	0.00378	0.11148	0.01735	0.07793	0.01241
2	0.03554	0.01677	0.02122	0.01636	0.02386	0.01414	0.01327	0.03995	0.02655	0.32933	0.03416	0.03275	0.02346	0.01151	0.00929	0.00266	0.00796	0.00930	0.13074	0.20117
3	0.03194	0.19383	0.03702	0.02690	0.11614	0.02821	0.01949	0.15543	0.03066	0.11344	0.05717	0.02768	0.02267	0.01124	0.00933	0.00276	0.01050	0.00884	0.00795	0.08878
4	0.02745	0.02964	0.13515	0.05404	0.41632	0.02405	0.03190	0.03457	0.02439	0.08885	0.02195	0.02649	0.01711	0.00990	0.01041	0.00319	0.01274	0.00926	0.00590	0.01668
5	0.03317	0.02819	0.12731	0.04123	0.26415	0.02244	0.02726	0.07235	0.02752	0.21017	0.02718	0.02864	0.01931	0.01094	0.01046	0.00322	0.01187	0.00954	0.00801	0.01704
6	0.02826	0.12220	0.02581	0.01707	0.02288	0.01981	0.01409	0.03700	0.11671	0.18691	0.23160	0.04952	0.05281	0.01582	0.01069	0.00317	0.00777	0.01320	0.01067	0.01399
7	0.01317	0.00942	0.01252	0.01453	0.01540	0.00878	0.00984	0.01544	0.02157	0.02910	0.12645	0.54734	0.07401	0.03155	0.01336	0.00416	0.00598	0.02856	0.01006	0.00878
8	0.03863	0.02882	0.03066	0.03166	0.14543	0.15218	0.02100	0.10614	0.06610	0.22825	0.02913	0.02883	0.02060	0.01182	0.01034	0.00313	0.01239	0.00943	0.00914	0.01631
9	0.03779	0.02504	0.10486	0.03350	0.18221	0.01950	0.02358	0.04362	0.02741	0.34387	0.03238	0.03132	0.02174	0.01163	0.01051	0.00324	0.01092	0.00990	0.00967	0.01731
10	0.04294	0.01950	0.02843	0.02857	0.14034	0.01757	0.01912	0.04749	0.02895	0.45648	0.03709	0.03391	0.02418	0.01231	0.01060	0.00324	0.00975	0.01038	0.01142	0.01773
11	0.01605	0.01090	0.01525	0.01621	0.01675	0.01154	0.01167	0.01621	0.01820	0.02457	0.04100	0.32686	0.04715	0.03239	0.02450	0.22048	0.06882	0.06605	0.00764	0.00775
12	0.03003	0.02721	0.12303	0.04134	0.27088	0.02183	0.02682	0.03845	0.06460	0.16959	0.05826	0.03207	0.02456	0.01152	0.01058	0.00325	0.01142	0.01021	0.00786	0.01648
13	0.10117	0.07208	0.21734	0.02293	0.03340	0.02368	0.02397	0.08196	0.07699	0.20205	0.02808	0.02754	0.01932	0.01152	0.00977	0.00326	0.01153	0.00887	0.00843	0.01610
14	0.10555	0.10404	0.02883	0.01895	0.02713	0.02210	0.01608	0.10748	0.03039	0.38207	0.03340	0.03027	0.02202	0.01218	0.00971	0.00312	0.00957	0.00935	0.01098	0.01677

[dist]
# distance from previous block
# <min> <max>
0	2

[block]
# block no. 3 follows, 13 sequences, length 46
# corresponding to MSA columns:
# 126-171
name=unknown_D
#
# <colnr> <probs for GDERKNQSTAVLIFYWHMCP>
#	G	D	E	R	K	N	Q	S	T	A	V	L	I	F	Y	W	H	M	C	P
0	0.02253	0.03059	0.20535	0.02045	0.02779	0.07972	0.02057	0.02842	0.02387	0.07784	0.12288	0.04920	0.07963	0.14292	0.01980	0.00473	0.01164	0.01266	0.00740	0.01201
1	0.25227	0.02068	0.02289	0.01818	0.02589	0.02095	0.01500	0.12329	0.02960	0.32295	0.03055	0.02833	0.02020	0.01199	0.00934	0.00326	0.00917	0.00891	0.01062	0.01594
2	0.02665	0.02826	0.08978	0.05759	0.44484	0.02573	0.06605	0.06772	0.02580	0.03668	0.02030	0.02594	0.01649	0.00967	0.01058	0.00319	0.01313	0.00950	0.00555	0.01657
3	0.01618	0.00996	0.01213	0.01213	0.01213	0.00996	0.00715	0.01495	0.01495	0.01993	0.02930	0.05924	0.03305	0.46950	0.05046	0.19346	0.00996	0.01371	0.00592	0.00592
4	0.03751	0.09369	0.08909	0.02684	0.06643	0.02340	0.08961	0.09653	0.02954	0.29383	0.03051	0.02971	0.02063	0.01149	0.01038	0.00319	0.01163	0.00985	0.00946	0.01667
5	0.04279	0.02576	0.02826	0.02706	0.10356	0.13603	0.01894	0.04690	0.02933	0.38084	0.03334	0.03107	0.02222	0.01211	0.01038	0.00314	0.01160	0.00966	0.01039	0.01662
6	0.03864	0.02884	0.03086	0.02401	0.03220	0.03206	0.01972	0.47458	0.10487	0.06413	0.02736	0.02696	0.01958	0.01288	0.01060	0.00322	0.01127	0.00979	0.01060	0.01784
7	0.04086	0.02331	0.02870	0.02511	0.07588	0.02372	0.01879	0.22359	0.08724	0.28814	0.03399	0.03161	0.02297	0.01275	0.01061	0.00326	0.01021	0.01025	0.01126	0.01776
8	0.01837	0.00918	0.01377	0.01377	0.01377	0.00918	0.00918	0.01377	0.01377	0.01837	0.01837	0.03214	0.01837	0.03673	0.04132	0.69238	0.00918	0.00918	0.00459	0.00459
9	0.70310	0.02045	0.01554	0.01390	0.02045	0.02372	0.01145	0.03108	0.01799	0.04744	0.01472	0.01718	0.01145	0.00981	0.00654	0.00327	0.00818	0.00573	0.00654	0.01145
10	0.02508	0.02554	0.04807	0.11773	0.34194	0.02547	0.19338	0.03231	0.02404	0.03349	0.02026	0.02716	0.01622	0.00938	0.01114	0.00332	0.01446	0.01042	0.00521	0.01538
11	0.02617	0.02512	0.04292	0.06490	0.56246	0.02512	0.03245	0.03245	0.02407	0.03454	0.01989	0.02617	0.01675	0.00942	0.01047	0.00314	0.01256	0.00942	0.00523	0.01675
12	0.01270	0.00991	0.01154	0.01285	0.01484	0.00875	0.00898	0.01493	0.02204	0.02772	0.08105	0.37908	0.29766	0.03016	0.01303	0.00396	0.00577	0.02645	0.00982	0.00875
13	0.04506	0.01879	0.02659	0.02396	0.08682	0.01661	0.01743	0.04940	0.02957	0.50998	0.03927	0.03489	0.02512	0.01268	0.01061	0.00326	0.00940	0.01050	0.01221	0.01785
14	0.02677	0.02251	0.03765	0.21413	0.36216	0.02358	0.02967	0.03302	0.02392	0.09219	0.02201	0.02785	0.01704	0.01016	0.01052	0.00326	0.01260	0.00955	0.00596	0.01545
15	0.02301	0.02472	0.05041	0.26261	0.06212	0.02547	0.33090	0.03119	0.02347	0.03119	0.02038	0.02839	0.01528	0.00956	0.01173	0.00355	0.01637	0.01127	0.00509	0.01328
16	0.03966	0.02855	0.08895	0.02354	0.03216	0.09778	0.05116	0.08905	0.07319	0.31498	0.03313	0.03105	0.02220	0.01226	0.01054	0.00324	0.01184	0.00992	0.01019	0.01661
17	0.04190	0.08604	0.02678	0.01833	0.02586	0.01779	0.01526	0.04569	0.02830	0.45556	0.04032	0.09141	0.02906	0.01460	0.01048	0.00326	0.00897	0.01199	0.01181	0.01657
18	0.02396	0.02287	0.03893	0.25639	0.38822	0.02454	0.03135	0.03051	0.02303	0.03186	0.01950	0.02689	0.01580	0.00983	0.01050	0.00328	0.01311	0.00941	0.00504	0.01497
19	0.04071	0.02002	0.02850	0.02916	0.14423	0.01869	0.01936	0.04781	0.07934	0.40099	0.03707	0.03418	0.02471	0.01241	0.01061	0.00327	0.00972	0.01050	0.01114	0.01760
20	0.03833	0.03301	0.06108	0.02347	0.03089	0.19925	0.01942	0.11918	0.12778	0.19397	0.03018	0.02891	0.02137	0.01239	0.01027	0.00315	0.01283	0.00934	0.00936	0.01582
21	0.01842	0.01611	0.02557	0.02289	0.02685	0.01609	0.12010	0.02720	0.11548	0.03219	0.04747	0.32018	0.05056	0.02411	0.01295	0.00410	0.00951	0.08978	0.00903	0.01140
22	0.02894	0.02578	0.02528	0.02230	0.02852	0.07336	0.01742	0.10766	0.44570	0.04521	0.03885	0.03619	0.02913	0.01387	0.01064	0.00347	0.00962	0.01126	0.01030	0.01650
23	0.02827	0.63478	0.05540	0.01809	0.02714	0.04184	0.01809	0.03166	0.02148	0.02488	0.01470	0.01696	0.01357	0.00905	0.00678	0.00226	0.01131	0.00565	0.00452	0.01357
24	0.01538	0.01025	0.01153	0.01153	0.01153	0.01025	0.00641	0.01538	0.01538	0.02050	0.03331	0.06919	0.03844	0.62842	0.05382	0.01025	0.01025	0.01538	0.00641	0.00641
25	0.02583	0.43415	0.23464	0.02226	0.03358	0.03586	0.02535	0.03229	0.02177	0.02785	0.01618	0.01882	0.01351	0.00939	0.00791	0.00264	0.01280	0.00640	0.00450	0.01428
26	0.01997	0.01879	0.03171	0.60301	0.07282	0.02349	0.02936	0.02701	0.02114	0.02701	0.01879	0.02819	0.01409	0.01057	0.01057	0.00352	0.01409	0.00940	0.00470	0.01175
27	0.01608	0.01230	0.01702	0.01651	0.01761	0.01443	0.01222	0.01853	0.01641	0.02340	0.02826	0.04799	0.02873	0.24118	0.36193	0.01355	0.08699	0.01234	0.00578	0.00874
28	0.02606	0.02519	0.04273	0.05810	0.45346	0.02541	0.07903	0.03521	0.08158	0.03555	0.02260	0.02787	0.01840	0.00992	0.01070	0.00323	0.01261	0.01000	0.00586	0.01650
29	0.03588	0.01544	0.02083	0.01685	0.02301	0.01356	0.01356	0.04029	0.03014	0.38211	0.22504	0.05129	0.05236	0.01612	0.01129	0.00329	0.00757	0.01365	0.01257	0.01514
30	0.03541	0.01719	0.02207	0.01898	0.02513	0.01647	0.01534	0.04449	0.13047	0.33438	0.04568	0.11238	0.03679	0.01767	0.01150	0.00366	0.00865	0.07629	0.01182	0.01562
31	0.01446	0.01058	0.01358	0.01327	0.01560	0.00969	0.00978	0.01882	0.02809	0.03908	0.44933	0.15529	0.13568	0.02364	0.01261	0.00348	0.00518	0.02090	0.01123	0.00969
32	0.04412	0.01912	0.02713	0.02083	0.02901	0.01721	0.05117	0.05068	0.07237	0.48883	0.04040	0.03575	0.02597	0.01290	0.01077	0.00332	0.00956	0.01087	0.01235	0.01763
33	0.02335	0.02225	0.03783	0.30927	0.34010	0.02438	0.03105	0.02998	0.02274	0.03112	0.01939	0.02709	0.01554	0.00994	0.01051	0.00331	0.01326	0.00941	0.00499	0.01448
34	0.02850	0.01902	0.02402	0.02358	0.07735	0.01953	0.01715	0.13278	0.10283	0.13519	0.16344	0.05651	0.04757	0.01735	0.01167	0.00354	0.00893	0.08591	0.01063	0.01449
35	0.02618	0.02486	0.04081	0.06010	0.50331	0.02525	0.03071	0.03507	0.08150	0.03561	0.02245	0.02764	0.01846	0.00997	0.01050	0.00319	0.01210	0.00970	0.00584	0.01675
36	0.02415	0.02421	0.03563	0.34979	0.24780	0.07937	0.02961	0.03049	0.02308	0.02965	0.01895	0.02655	0.01502	0.01018	0.01043	0.00330	0.01402	0.00915	0.00497	0.01362
37	0.11435	0.02603	0.02804	0.02199	0.02998	0.02829	0.01807	0.35149	0.08371	0.14862	0.02844	0.02744	0.01983	0.01257	0.01015	0.00324	0.01053	0.00949	0.01057	0.01715
38	0.03505	0.01907	0.02919	0.23738	0.10295	0.01950	0.02246	0.04046	0.02625	0.31226	0.03092	0.03205	0.02072	0.01176	0.01059	0.00335	0.01125	0.01005	0.00915	0.01557
39	0.02732	0.01554	0.02334	0.02344	0.08264	0.01416	0.05011	0.03101	0.02486	0.21949	0.04989	0.26280	0.08749	0.02121	0.01199	0.00369	0.00860	0.01903	0.01015	0.01323
40	0.01403	0.01077	0.01283	0.01232	0.01522	0.00958	0.00924	0.01814	0.02771	0.03714	0.38583	0.08764	0.27410	0.02358	0.01248	0.00342	0.00513	0.02034	0.01095	0.00958
41	0.02278	0.02167	0.03680	0.35863	0.29519	0.02423	0.03076	0.02948	0.02247	0.03043	0.01929	0.02727	0.01530	0.01005	0.01052	0.00335	0.01340	0.00941	0.00494	0.01402
42	0.02813	0.02362	0.03798	0.09255	0.40927	0.02407	0.02861	0.03683	0.08198	0.09489	0.02481	0.02888	0.01933	0.01046	0.01053	0.00323	0.01181	0.00983	0.00668	0.01654
43	0.03601	0.01546	0.02088	0.01687	0.02305	0.01358	0.01358	0.04041	0.03014	0.38416	0.22304	0.05112	0.05207	0.01609	0.01128	0.00329	0.00759	0.01362	0.01258	0.01517
44	0.01464	0.01019	0.01276	0.01360	0.01450	0.00983	0.00913	0.01662	0.02056	0.02783	0.14520	0.25389	0.06250	0.26579	0.02933	0.00651	0.00785	0.06238	0.00882	0.00810
45	0.04086	0.03935	0.02930	0.02742	0.06758	0.38364	0.01986	0.04422	0.02964	0.18252	0.02387	0.02441	0.01744	0.01142	0.00991	0.00291	0.01573	0.00809	0.00762	0.01421

[dist]
# distance from previous block
# <min> <max>
0	11

# created by:
# /st0/software/busco_prod/Augustus/scripts/msa2prfl.pl ./align_prep/10960.fa
