[name]
unknown

[dist]
# distance from previous block
# <min> <max>
0	109

[block]
# block no. 0 follows, 13 sequences, length 6
# corresponding to MSA columns:
# 149-154
name=unknown_A
#
# <colnr> <probs for GDERKNQSTAVLIFYWHMCP>
#	G	D	E	R	K	N	Q	S	T	A	V	L	I	F	Y	W	H	M	C	P
0	0.02868	0.11049	0.03476	0.25170	0.10882	0.08101	0.02410	0.06580	0.06676	0.09371	0.02308	0.02710	0.01736	0.01097	0.00995	0.00318	0.01281	0.00897	0.00662	0.01414
1	0.05893	0.02258	0.07712	0.14714	0.12109	0.02037	0.02236	0.07709	0.02587	0.08854	0.05955	0.08069	0.02774	0.01368	0.01051	0.00325	0.01085	0.03125	0.00746	0.09393
2	0.02639	0.02278	0.07534	0.08115	0.08002	0.02150	0.02001	0.08750	0.17656	0.08990	0.09215	0.03762	0.03167	0.01627	0.01433	0.08261	0.01006	0.01125	0.00868	0.01420
3	0.03005	0.13576	0.03139	0.15524	0.03707	0.02484	0.01925	0.09484	0.08661	0.15602	0.03142	0.09872	0.02586	0.01420	0.01024	0.00328	0.01053	0.01171	0.00856	0.01445
4	0.06302	0.02407	0.07393	0.17805	0.03831	0.08551	0.02022	0.06070	0.02691	0.08628	0.14331	0.04404	0.08315	0.01472	0.01076	0.00332	0.01111	0.01211	0.00798	0.01250
5	0.02367	0.07097	0.02186	0.08322	0.02552	0.01686	0.01377	0.02917	0.07186	0.13068	0.07892	0.15779	0.04140	0.16280	0.02121	0.00509	0.00916	0.01570	0.00879	0.01156

[dist]
# distance from previous block
# <min> <max>
1	8

[block]
# block no. 1 follows, 13 sequences, length 34
# corresponding to MSA columns:
# 163-196
name=unknown_B
#
# <colnr> <probs for GDERKNQSTAVLIFYWHMCP>
#	G	D	E	R	K	N	Q	S	T	A	V	L	I	F	Y	W	H	M	C	P
0	0.02860	0.02366	0.03204	0.30410	0.09032	0.02736	0.02522	0.22147	0.06578	0.04389	0.02296	0.02768	0.01695	0.01154	0.01058	0.00336	0.01267	0.00961	0.00738	0.01483
1	0.03753	0.02977	0.02970	0.02371	0.03112	0.08624	0.01915	0.42963	0.04492	0.05876	0.02760	0.08140	0.02248	0.01445	0.01075	0.00323	0.01186	0.01120	0.00999	0.01651
2	0.02697	0.07693	0.02385	0.01777	0.02343	0.10722	0.01396	0.03054	0.02447	0.12066	0.09122	0.08052	0.03368	0.06159	0.07086	0.00465	0.01190	0.01148	0.00798	0.16032
3	0.02223	0.01492	0.02124	0.02475	0.11685	0.01481	0.01524	0.07250	0.02370	0.07215	0.07319	0.21621	0.04056	0.02534	0.01959	0.18253	0.00878	0.01655	0.00809	0.01079
4	0.02170	0.01747	0.02069	0.01723	0.02379	0.01570	0.01395	0.06535	0.07832	0.03863	0.11615	0.05136	0.03960	0.01508	0.01035	0.00279	0.00806	0.09953	0.00856	0.33568
5	0.01413	0.01001	0.01242	0.01333	0.01418	0.00973	0.00872	0.01574	0.01914	0.02560	0.08642	0.28744	0.09265	0.25781	0.07787	0.00749	0.00944	0.02159	0.00832	0.00797
6	0.02519	0.01293	0.01683	0.01504	0.01927	0.01146	0.01155	0.02901	0.02754	0.21536	0.23377	0.16203	0.13397	0.02147	0.01203	0.00351	0.00659	0.01861	0.01155	0.01229
7	0.02357	0.01789	0.02134	0.01588	0.02440	0.01376	0.01258	0.02796	0.02257	0.08468	0.02438	0.07504	0.02135	0.01051	0.00859	0.00196	0.00779	0.00873	0.00722	0.56979
8	0.01632	0.01089	0.01400	0.01483	0.01706	0.00966	0.01037	0.01866	0.02144	0.06871	0.05684	0.48244	0.09715	0.02875	0.01267	0.00390	0.00645	0.02577	0.00972	0.07437
9	0.03530	0.01648	0.01994	0.01618	0.02231	0.01555	0.01308	0.10276	0.02988	0.30045	0.04282	0.04106	0.06933	0.01394	0.00981	0.00304	0.00782	0.01122	0.21422	0.01481
10	0.02281	0.01206	0.01614	0.01539	0.01861	0.01088	0.01140	0.02621	0.02589	0.17766	0.20591	0.29857	0.06726	0.02423	0.01241	0.00372	0.00655	0.02150	0.01125	0.01154
11	0.03371	0.01564	0.02031	0.01704	0.02255	0.01442	0.01328	0.03968	0.07458	0.32914	0.12633	0.10228	0.04409	0.07851	0.01557	0.00411	0.00814	0.01446	0.01165	0.01451
12	0.01510	0.01133	0.01699	0.01699	0.01888	0.01322	0.01322	0.01888	0.01699	0.02454	0.02832	0.04154	0.02643	0.07930	0.58652	0.01699	0.02832	0.01133	0.00566	0.00944
13	0.42309	0.01605	0.01413	0.01369	0.01813	0.01778	0.01058	0.02572	0.01980	0.04139	0.06708	0.16986	0.03353	0.01655	0.00874	0.00345	0.00715	0.01297	0.06981	0.01050
14	0.02068	0.01179	0.01518	0.01432	0.01736	0.01067	0.01053	0.02408	0.02583	0.13953	0.24719	0.19963	0.11618	0.07851	0.01612	0.00420	0.00656	0.01999	0.01084	0.01081
15	0.01617	0.01018	0.01368	0.01543	0.01683	0.00945	0.01084	0.01843	0.02141	0.07421	0.05668	0.53388	0.06548	0.03111	0.01333	0.00425	0.00665	0.06243	0.01009	0.00948
16	0.01288	0.00920	0.01227	0.01472	0.01534	0.00859	0.00981	0.01472	0.02024	0.02699	0.05828	0.62152	0.06993	0.03312	0.01350	0.00429	0.00613	0.03006	0.00981	0.00859
17	0.03047	0.01544	0.01901	0.01579	0.02146	0.01412	0.01261	0.07851	0.03003	0.26104	0.15543	0.05951	0.16901	0.01799	0.01126	0.00330	0.00735	0.01497	0.04892	0.01379
18	0.06672	0.02065	0.02808	0.17950	0.03996	0.06076	0.06519	0.06524	0.02484	0.14708	0.02631	0.03490	0.02064	0.01653	0.01572	0.11547	0.01213	0.04038	0.00742	0.01247
19	0.04019	0.02962	0.03173	0.02433	0.03279	0.03279	0.02010	0.52721	0.04971	0.06663	0.02538	0.02538	0.01798	0.01269	0.01058	0.00317	0.01163	0.00952	0.01058	0.01798
20	0.01837	0.00918	0.01377	0.01377	0.01377	0.00918	0.00918	0.01377	0.01377	0.01837	0.01837	0.03214	0.01837	0.03673	0.04132	0.69238	0.00918	0.00918	0.00459	0.00459
21	0.03230	0.03045	0.08748	0.02942	0.03866	0.02943	0.14672	0.27908	0.12515	0.05163	0.02681	0.02828	0.01952	0.01179	0.01103	0.00336	0.01298	0.01051	0.00875	0.01663
22	0.02477	0.08080	0.02552	0.01618	0.02543	0.01702	0.01335	0.02928	0.02260	0.07972	0.02036	0.02264	0.01636	0.00841	0.00797	0.00178	0.00828	0.00658	0.00668	0.56627
23	0.02820	0.47705	0.14113	0.02107	0.03087	0.09373	0.02190	0.03303	0.02248	0.02644	0.01559	0.01809	0.01354	0.00940	0.00762	0.00249	0.01282	0.00614	0.00461	0.01379
24	0.02630	0.02271	0.02391	0.02152	0.02749	0.02630	0.01674	0.05618	0.54336	0.04423	0.04303	0.03945	0.03228	0.01434	0.01076	0.00359	0.00837	0.01195	0.01076	0.01674
25	0.01329	0.00937	0.01215	0.01420	0.01472	0.00886	0.00926	0.01483	0.01945	0.02594	0.05422	0.53171	0.06481	0.12992	0.02005	0.00526	0.00680	0.02767	0.00926	0.00823
26	0.03859	0.02828	0.03570	0.02687	0.03565	0.03012	0.09688	0.40366	0.04396	0.11232	0.02642	0.02693	0.01851	0.01215	0.01087	0.00324	0.01232	0.01008	0.01003	0.01741
27	0.01281	0.00948	0.01198	0.01397	0.01514	0.00865	0.00948	0.01481	0.02096	0.02728	0.06739	0.52451	0.16106	0.03194	0.01331	0.00416	0.00599	0.02861	0.00982	0.00865
28	0.01576	0.01170	0.01525	0.01682	0.01954	0.01120	0.01425	0.02010	0.02474	0.03178	0.10986	0.11166	0.18556	0.02799	0.01391	0.00442	0.00827	0.33771	0.00991	0.00956
29	0.01598	0.01142	0.01583	0.01827	0.02024	0.01126	0.01520	0.02008	0.02330	0.03046	0.05656	0.24676	0.06315	0.03020	0.01432	0.00472	0.00882	0.37421	0.00976	0.00944
30	0.02192	0.01879	0.02192	0.01566	0.02506	0.01409	0.01253	0.02662	0.02192	0.03445	0.01879	0.02192	0.01566	0.00783	0.00783	0.00157	0.00783	0.00626	0.00626	0.69305
31	0.70310	0.02045	0.01554	0.01390	0.02045	0.02372	0.01145	0.03108	0.01799	0.04744	0.01472	0.01718	0.01145	0.00981	0.00654	0.00327	0.00818	0.00573	0.00654	0.01145
32	0.04019	0.02962	0.03173	0.02433	0.03279	0.03279	0.02010	0.52721	0.04971	0.06663	0.02538	0.02538	0.01798	0.01269	0.01058	0.00317	0.01163	0.00952	0.01058	0.01798
33	0.01332	0.00920	0.01239	0.01465	0.01521	0.00864	0.00976	0.01465	0.01973	0.02630	0.05508	0.57439	0.06581	0.03341	0.01572	0.05932	0.00638	0.02839	0.00940	0.00827

[dist]
# distance from previous block
# <min> <max>
3	8

[block]
# block no. 2 follows, 13 sequences, length 45
# corresponding to MSA columns:
# 205-249
name=unknown_C
#
# <colnr> <probs for GDERKNQSTAVLIFYWHMCP>
#	G	D	E	R	K	N	Q	S	T	A	V	L	I	F	Y	W	H	M	C	P
0	0.03208	0.04427	0.12917	0.03134	0.08045	0.35198	0.05975	0.03733	0.02669	0.02842	0.01845	0.02276	0.01506	0.01607	0.05711	0.00410	0.01857	0.00798	0.00526	0.01315
1	0.02009	0.01669	0.01987	0.01504	0.02262	0.01301	0.01186	0.02487	0.02403	0.03654	0.16035	0.03693	0.03779	0.01146	0.00905	0.00203	0.00708	0.00965	0.00768	0.51335
2	0.02496	0.02852	0.06239	0.04456	0.05526	0.02674	0.52406	0.03387	0.02496	0.03387	0.02139	0.02852	0.01604	0.00891	0.01248	0.00357	0.01783	0.01248	0.00535	0.01426
3	0.01535	0.01034	0.01199	0.01199	0.01215	0.01050	0.00698	0.01567	0.01551	0.02084	0.03289	0.06685	0.03742	0.58188	0.09897	0.01082	0.01178	0.01503	0.00634	0.00666
4	0.01457	0.01059	0.01227	0.01270	0.01425	0.00998	0.00876	0.01648	0.02049	0.02644	0.10159	0.12683	0.19243	0.29114	0.03097	0.00670	0.00809	0.07927	0.00846	0.00798
5	0.02192	0.01879	0.02192	0.01566	0.02506	0.01409	0.01253	0.02662	0.02192	0.03445	0.01879	0.02192	0.01566	0.00783	0.00783	0.00157	0.00783	0.00626	0.00626	0.69305
6	0.02852	0.02490	0.03579	0.11820	0.29151	0.02682	0.02667	0.14608	0.11625	0.04235	0.02484	0.02848	0.01928	0.01112	0.01055	0.00327	0.01185	0.00986	0.00728	0.01637
7	0.01288	0.00920	0.01227	0.01472	0.01534	0.00859	0.00981	0.01472	0.02024	0.02699	0.05828	0.62152	0.06993	0.03312	0.01350	0.00429	0.00613	0.03006	0.00981	0.00859
8	0.02931	0.09212	0.27932	0.07394	0.04111	0.06699	0.02903	0.15446	0.02986	0.07470	0.02145	0.02376	0.01543	0.01090	0.00994	0.00318	0.01398	0.00829	0.00660	0.01562
9	0.59225	0.02198	0.01825	0.01565	0.02251	0.02524	0.01290	0.11405	0.02330	0.05065	0.01651	0.01855	0.01254	0.01030	0.00722	0.00326	0.00876	0.00636	0.00722	0.01254
10	0.01273	0.01072	0.01104	0.01096	0.01443	0.00903	0.00822	0.01563	0.02466	0.02989	0.15020	0.09957	0.51426	0.02628	0.01249	0.00355	0.00532	0.02201	0.00999	0.00903
11	0.02644	0.01550	0.01927	0.01827	0.02266	0.01558	0.01541	0.10799	0.02897	0.13067	0.04452	0.07466	0.04158	0.02056	0.01189	0.00386	0.00898	0.23942	0.14129	0.01248
12	0.07820	0.02441	0.07588	0.02090	0.02810	0.02338	0.01800	0.08384	0.29469	0.12866	0.07918	0.03782	0.03244	0.01388	0.01049	0.00344	0.00912	0.01130	0.01028	0.01599
13	0.01288	0.00920	0.01227	0.01472	0.01534	0.00859	0.00981	0.01472	0.02024	0.02699	0.05828	0.62152	0.06993	0.03312	0.01350	0.00429	0.00613	0.03006	0.00981	0.00859
14	0.01433	0.00981	0.01184	0.01287	0.01312	0.00955	0.00783	0.01510	0.01741	0.02322	0.04376	0.30032	0.05162	0.37931	0.03694	0.00776	0.00853	0.02152	0.00783	0.00732
15	0.15267	0.02722	0.03102	0.02385	0.03215	0.02965	0.05955	0.37190	0.04103	0.09260	0.02427	0.02491	0.01723	0.01192	0.01005	0.00323	0.01138	0.00918	0.00962	0.01656
16	0.02468	0.02210	0.08246	0.45040	0.06256	0.02226	0.02798	0.03173	0.02278	0.11840	0.02264	0.02893	0.01605	0.01094	0.01053	0.00346	0.01339	0.00945	0.00608	0.01316
17	0.02146	0.01754	0.02517	0.21068	0.08947	0.01910	0.01992	0.07333	0.06084	0.03228	0.02930	0.14982	0.02812	0.01865	0.01486	0.09112	0.01053	0.01354	0.00691	0.06736
18	0.07208	0.01476	0.01816	0.01539	0.02067	0.01314	0.01184	0.03105	0.02510	0.21846	0.12283	0.12193	0.08037	0.07596	0.01490	0.00386	0.00765	0.01479	0.01019	0.10686
19	0.02803	0.01937	0.02203	0.01932	0.02501	0.02090	0.01512	0.04788	0.34007	0.14458	0.14782	0.04687	0.04490	0.01559	0.01108	0.00347	0.00780	0.01317	0.01138	0.01559
20	0.04376	0.01977	0.02514	0.01972	0.02762	0.01871	0.01615	0.09778	0.10445	0.44748	0.04033	0.03546	0.02625	0.01323	0.01065	0.00331	0.00916	0.01071	0.01252	0.01782
21	0.04457	0.02019	0.02560	0.01989	0.02793	0.01911	0.01635	0.12588	0.07554	0.44827	0.03928	0.03462	0.02540	0.01313	0.01063	0.00328	0.00936	0.01057	0.01250	0.01789
22	0.04019	0.02962	0.03173	0.02433	0.03279	0.03279	0.02010	0.52721	0.04971	0.06663	0.02538	0.02538	0.01798	0.01269	0.01058	0.00317	0.01163	0.00952	0.01058	0.01798
23	0.03100	0.01353	0.01845	0.01618	0.02024	0.01223	0.01211	0.03231	0.02316	0.28603	0.03901	0.15514	0.03434	0.08130	0.02218	0.15765	0.00859	0.01464	0.00990	0.01202
24	0.01656	0.00942	0.01346	0.01394	0.01444	0.00915	0.00945	0.01487	0.01761	0.02383	0.10390	0.18082	0.04227	0.03373	0.03055	0.42938	0.00786	0.01562	0.00684	0.00631
25	0.02059	0.01224	0.01581	0.01574	0.01854	0.01161	0.01145	0.02584	0.06836	0.12825	0.15351	0.35952	0.06489	0.02566	0.01255	0.00386	0.00661	0.02288	0.01084	0.01123
26	0.02313	0.02313	0.03238	0.02776	0.02776	0.03238	0.02313	0.02545	0.01619	0.02545	0.01388	0.02313	0.01388	0.01851	0.03470	0.00463	0.60907	0.00925	0.00463	0.01157
27	0.01335	0.01000	0.01205	0.01302	0.01474	0.00907	0.00900	0.01576	0.02246	0.02932	0.15072	0.32963	0.21378	0.08648	0.01690	0.00450	0.00612	0.02463	0.00978	0.00870
28	0.02025	0.01148	0.01533	0.01622	0.01871	0.01076	0.01242	0.02349	0.02312	0.11953	0.05299	0.34805	0.05682	0.02709	0.01280	0.00412	0.00743	0.14310	0.06574	0.01055
29	0.02530	0.01308	0.01545	0.01385	0.01753	0.01263	0.01049	0.06413	0.02602	0.14964	0.10509	0.10145	0.04084	0.07473	0.01399	0.00372	0.00690	0.01366	0.27980	0.01171
30	0.01364	0.01076	0.01230	0.01192	0.01499	0.00941	0.00894	0.01740	0.02681	0.03500	0.31643	0.09115	0.34483	0.02437	0.01248	0.00346	0.00518	0.02083	0.01067	0.00941
31	0.03950	0.05039	0.02996	0.02724	0.03269	0.58597	0.02043	0.04222	0.02996	0.02588	0.01634	0.01907	0.01362	0.01090	0.00953	0.00272	0.01907	0.00681	0.00545	0.01226
32	0.01345	0.00950	0.01231	0.01411	0.01478	0.00896	0.00930	0.01527	0.02031	0.02729	0.09672	0.48965	0.06757	0.12464	0.01967	0.00514	0.00668	0.02685	0.00944	0.00837
33	0.01536	0.01033	0.01193	0.01193	0.01206	0.01046	0.00690	0.01563	0.01549	0.02079	0.03295	0.06719	0.03757	0.58874	0.09231	0.01074	0.01156	0.01508	0.00635	0.00663
34	0.03048	0.01514	0.01972	0.01659	0.02179	0.01394	0.01309	0.07101	0.03076	0.26693	0.25742	0.10108	0.05993	0.01826	0.01163	0.00337	0.00728	0.01569	0.01202	0.01387
35	0.28777	0.01889	0.02124	0.01701	0.02459	0.01854	0.01404	0.04403	0.02577	0.37832	0.03182	0.02909	0.02078	0.01189	0.00913	0.00327	0.00870	0.00883	0.01069	0.01560
36	0.02049	0.01933	0.03266	0.55740	0.11432	0.02363	0.02962	0.02747	0.02139	0.02765	0.01889	0.02802	0.01432	0.01047	0.01056	0.00349	0.01396	0.00940	0.00474	0.01217
37	0.02305	0.02399	0.09471	0.02282	0.02684	0.02412	0.02011	0.07030	0.10982	0.03427	0.09380	0.03471	0.02939	0.01924	0.02352	0.10094	0.21817	0.01086	0.00706	0.01228
38	0.02569	0.01296	0.01635	0.01461	0.01901	0.01162	0.01149	0.02976	0.02693	0.20845	0.17312	0.10142	0.14277	0.01968	0.01136	0.00339	0.00671	0.04565	0.10676	0.01226
39	0.02436	0.01453	0.01907	0.01778	0.02164	0.01519	0.01371	0.03253	0.11588	0.15828	0.04029	0.15840	0.03632	0.04238	0.22842	0.00871	0.01559	0.01510	0.00920	0.01262
40	0.01567	0.01347	0.01414	0.01589	0.01734	0.06417	0.01115	0.01786	0.02177	0.02732	0.05825	0.48699	0.10533	0.03020	0.01310	0.00412	0.00754	0.05725	0.00939	0.00904
41	0.02365	0.11852	0.18983	0.12546	0.13362	0.02804	0.11350	0.03134	0.02217	0.03074	0.01841	0.02424	0.01458	0.01050	0.01251	0.00335	0.07149	0.00895	0.00480	0.01430
42	0.42451	0.02132	0.01989	0.01694	0.02383	0.02375	0.01380	0.08601	0.11080	0.12990	0.02467	0.02461	0.01785	0.01136	0.00827	0.00331	0.00867	0.00789	0.00865	0.01398
43	0.01790	0.01319	0.01961	0.06597	0.02411	0.01365	0.04455	0.02096	0.02150	0.06655	0.09358	0.34671	0.05450	0.07658	0.01805	0.00455	0.05728	0.02190	0.00881	0.01006
44	0.02163	0.02764	0.15986	0.19603	0.09602	0.02179	0.06262	0.06859	0.02568	0.03549	0.10876	0.07139	0.03190	0.01357	0.01106	0.00344	0.01242	0.01210	0.00666	0.01336

[dist]
# distance from previous block
# <min> <max>
0	6

[block]
# block no. 3 follows, 13 sequences, length 30
# corresponding to MSA columns:
# 256-285
name=unknown_D
#
# <colnr> <probs for GDERKNQSTAVLIFYWHMCP>
#	G	D	E	R	K	N	Q	S	T	A	V	L	I	F	Y	W	H	M	C	P
0	0.02580	0.02897	0.11199	0.02735	0.07474	0.11256	0.05326	0.06106	0.02431	0.06758	0.02802	0.11856	0.02652	0.06533	0.06742	0.00520	0.06910	0.01271	0.00678	0.01275
1	0.38827	0.06639	0.06176	0.10225	0.03154	0.02357	0.01723	0.03439	0.02123	0.13620	0.02049	0.02253	0.01479	0.01048	0.00813	0.00324	0.00994	0.00729	0.00716	0.01312
2	0.01519	0.01200	0.01426	0.01314	0.01695	0.01022	0.00983	0.01901	0.02541	0.03470	0.25654	0.14881	0.21899	0.02224	0.01178	0.00321	0.00577	0.01924	0.00987	0.13285
3	0.02408	0.01873	0.02215	0.01593	0.02522	0.01422	0.01278	0.02873	0.02263	0.07969	0.02073	0.02311	0.01655	0.00827	0.00807	0.00171	0.00793	0.00663	0.00684	0.63600
4	0.02356	0.01938	0.02106	0.01881	0.02396	0.02138	0.01462	0.08565	0.32918	0.04435	0.17011	0.05336	0.09535	0.01707	0.01131	0.00349	0.00757	0.01440	0.01087	0.01452
5	0.03731	0.01766	0.02386	0.07861	0.02958	0.01721	0.01617	0.10254	0.02824	0.32794	0.03213	0.03297	0.02216	0.01795	0.01733	0.15395	0.00991	0.01004	0.01004	0.01442
6	0.02313	0.02313	0.03238	0.02776	0.02776	0.03238	0.02313	0.02545	0.01619	0.02545	0.01388	0.02313	0.01388	0.01851	0.03470	0.00463	0.60907	0.00925	0.00463	0.01157
7	0.03293	0.02601	0.02764	0.02286	0.03002	0.02940	0.01834	0.28107	0.30768	0.05493	0.03461	0.03273	0.02545	0.01356	0.01067	0.00339	0.00993	0.01079	0.01067	0.01733
8	0.01368	0.00998	0.01255	0.01347	0.01499	0.00920	0.00932	0.01642	0.02325	0.03127	0.21277	0.33905	0.14185	0.08174	0.01664	0.00443	0.00605	0.02442	0.01006	0.00886
9	0.01882	0.01100	0.01468	0.01498	0.01728	0.01004	0.01075	0.02185	0.02437	0.11574	0.18789	0.38635	0.07102	0.02695	0.01278	0.00388	0.00628	0.02413	0.01081	0.01042
10	0.01288	0.00920	0.01227	0.01472	0.01534	0.00859	0.00981	0.01472	0.02024	0.02699	0.05828	0.62152	0.06993	0.03312	0.01350	0.00429	0.00613	0.03006	0.00981	0.00859
11	0.07037	0.01638	0.01802	0.01549	0.02069	0.01688	0.01229	0.08274	0.11338	0.16863	0.03560	0.03599	0.02597	0.01272	0.00896	0.00296	0.00727	0.01011	0.31180	0.01377
12	0.02770	0.01725	0.02046	0.01859	0.02336	0.01782	0.01468	0.11812	0.12237	0.14242	0.04445	0.18621	0.04109	0.02014	0.01159	0.00370	0.00840	0.07997	0.06797	0.01372
13	0.01795	0.01247	0.01538	0.01494	0.01789	0.01210	0.01106	0.02520	0.09603	0.07338	0.28331	0.21618	0.11579	0.02353	0.01239	0.00363	0.00605	0.02074	0.01099	0.01098
14	0.02405	0.01461	0.01777	0.01669	0.02031	0.01466	0.01229	0.03313	0.14766	0.14881	0.09361	0.23620	0.05023	0.09888	0.01725	0.00457	0.00770	0.01867	0.01048	0.01241
15	0.54728	0.01986	0.01768	0.01507	0.02200	0.02178	0.01242	0.03594	0.02091	0.17158	0.02114	0.02165	0.01495	0.01059	0.00752	0.00327	0.00837	0.00689	0.00810	0.01301
16	0.02192	0.01879	0.02192	0.01566	0.02506	0.01409	0.01253	0.02662	0.02192	0.03445	0.01879	0.02192	0.01566	0.00783	0.00783	0.00157	0.00783	0.00626	0.00626	0.69305
17	0.01303	0.00946	0.01230	0.01427	0.01529	0.00873	0.00968	0.01520	0.02138	0.02842	0.10446	0.53255	0.11295	0.03163	0.01333	0.00415	0.00597	0.02849	0.00997	0.00873
18	0.58467	0.02000	0.01717	0.01479	0.02163	0.02224	0.01219	0.03477	0.02021	0.14179	0.01960	0.02057	0.01411	0.01041	0.00728	0.00327	0.00833	0.00661	0.00773	0.01263
19	0.01310	0.00937	0.01246	0.01458	0.01538	0.00873	0.00983	0.01526	0.02124	0.02858	0.10964	0.56563	0.07300	0.03194	0.01339	0.00419	0.00602	0.02893	0.01000	0.00873
20	0.01346	0.00926	0.01207	0.01431	0.01508	0.00869	0.00961	0.01555	0.02041	0.02803	0.05628	0.57262	0.06633	0.03138	0.01298	0.00414	0.00603	0.02836	0.06671	0.00869
21	0.04019	0.02962	0.03173	0.02433	0.03279	0.03279	0.02010	0.52721	0.04971	0.06663	0.02538	0.02538	0.01798	0.01269	0.01058	0.00317	0.01163	0.00952	0.01058	0.01798
22	0.02564	0.02260	0.03158	0.02684	0.02768	0.03065	0.02235	0.02813	0.01764	0.08152	0.01675	0.02446	0.01515	0.01795	0.03222	0.00449	0.54725	0.00939	0.00550	0.01223
23	0.02135	0.01222	0.01610	0.01529	0.01796	0.01184	0.01117	0.02525	0.05966	0.12079	0.17024	0.17534	0.05416	0.06872	0.05439	0.11987	0.00860	0.01718	0.00954	0.01032
24	0.01611	0.01047	0.01389	0.01441	0.01632	0.00964	0.01027	0.01943	0.02499	0.07047	0.26634	0.35397	0.07946	0.02693	0.01287	0.00382	0.00585	0.02414	0.01080	0.00981
25	0.02630	0.02271	0.02391	0.02152	0.02749	0.02630	0.01674	0.05618	0.54336	0.04423	0.04303	0.03945	0.03228	0.01434	0.01076	0.00359	0.00837	0.01195	0.01076	0.01674
26	0.02654	0.08202	0.04046	0.09535	0.32667	0.08307	0.06819	0.03235	0.02410	0.03251	0.02038	0.02614	0.01677	0.00985	0.00994	0.00302	0.01300	0.00910	0.06579	0.01475
27	0.03494	0.01835	0.06676	0.01848	0.02481	0.01456	0.01585	0.03813	0.02491	0.34412	0.03580	0.07395	0.02681	0.02480	0.07504	0.11563	0.01138	0.01154	0.01002	0.01413
28	0.02398	0.01321	0.01700	0.01568	0.01929	0.01230	0.01177	0.05921	0.02684	0.16571	0.17144	0.23495	0.09472	0.02389	0.01404	0.04707	0.00707	0.01946	0.01077	0.01162
29	0.02026	0.01363	0.01744	0.06473	0.02210	0.01426	0.01226	0.05723	0.05403	0.06898	0.12502	0.10181	0.04474	0.20939	0.07900	0.05094	0.01079	0.01505	0.00830	0.01006

[dist]
# distance from previous block
# <min> <max>
0	88

# created by:
# /st0/software/busco_prod/Augustus/scripts/msa2prfl.pl ./align_prep/10965.fa
