[name]
unknown

[dist]
# distance from previous block
# <min> <max>
0	4

[block]
# block no. 0 follows, 12 sequences, length 22
# corresponding to MSA columns:
# 4-25
name=unknown_A
#
# <colnr> <probs for GDERKNQSTAVLIFYWHMCP>
#	G	D	E	R	K	N	Q	S	T	A	V	L	I	F	Y	W	H	M	C	P
0	0.04092	0.07330	0.02834	0.01995	0.02813	0.02070	0.01681	0.11638	0.03214	0.34208	0.03700	0.03957	0.02654	0.01395	0.01068	0.00324	0.00985	0.04898	0.01137	0.08005
1	0.09394	0.01772	0.02084	0.01769	0.02372	0.01697	0.01388	0.10595	0.02913	0.20722	0.04608	0.18369	0.08084	0.01914	0.01122	0.00350	0.00842	0.01607	0.01069	0.07326
2	0.03684	0.03569	0.24288	0.02499	0.03658	0.02250	0.02656	0.11565	0.03095	0.27088	0.03096	0.02974	0.02037	0.01216	0.01071	0.00339	0.01246	0.00961	0.00950	0.01757
3	0.02059	0.01938	0.03270	0.59060	0.07510	0.02422	0.03028	0.02786	0.02180	0.02786	0.01938	0.02907	0.01453	0.01090	0.01090	0.00363	0.01453	0.00969	0.00484	0.01211
4	0.02565	0.02454	0.04184	0.17654	0.44964	0.02555	0.03280	0.03229	0.02419	0.03400	0.02027	0.02742	0.01670	0.00996	0.01082	0.00332	0.01328	0.00971	0.00528	0.01619
5	0.03652	0.03613	0.24908	0.02513	0.03680	0.02261	0.02684	0.11543	0.03086	0.26484	0.03069	0.02958	0.02022	0.01213	0.01070	0.00339	0.01254	0.00958	0.00940	0.01754
6	0.02059	0.01938	0.03270	0.59060	0.07510	0.02422	0.03028	0.02786	0.02180	0.02786	0.01938	0.02907	0.01453	0.01090	0.01090	0.00363	0.01453	0.00969	0.00484	0.01211
7	0.01328	0.00949	0.01265	0.01518	0.01581	0.00886	0.01012	0.01518	0.02088	0.02783	0.06010	0.60969	0.07212	0.03416	0.01392	0.00443	0.00633	0.03100	0.01012	0.00886
8	0.02841	0.02473	0.04166	0.10489	0.46471	0.02490	0.03167	0.03475	0.02515	0.08092	0.02240	0.02805	0.01791	0.01014	0.01082	0.00328	0.01276	0.00982	0.00607	0.01697
9	0.04480	0.02433	0.10689	0.02118	0.03079	0.01744	0.01972	0.05030	0.02996	0.47677	0.03944	0.03496	0.02498	0.01302	0.01087	0.00339	0.01032	0.01052	0.01214	0.01818
10	0.01365	0.00975	0.01307	0.01560	0.01639	0.00917	0.01075	0.01581	0.02123	0.02824	0.05990	0.56862	0.07133	0.03382	0.01401	0.00448	0.00664	0.06850	0.01011	0.00896
11	0.02163	0.02044	0.03458	0.50558	0.15200	0.02450	0.03080	0.02877	0.02229	0.02912	0.01956	0.02873	0.01498	0.01071	0.01088	0.00357	0.01428	0.00969	0.00493	0.01295
12	0.03411	0.09180	0.24903	0.02631	0.03817	0.02333	0.06762	0.04211	0.02657	0.25043	0.02910	0.02889	0.01953	0.01147	0.01051	0.00333	0.01305	0.00946	0.00838	0.01681
13	0.03892	0.02356	0.11363	0.02073	0.02927	0.01650	0.01922	0.04421	0.02825	0.38773	0.04166	0.12205	0.03165	0.01612	0.01131	0.00355	0.00998	0.01353	0.01148	0.01667
14	0.04594	0.02100	0.02803	0.02426	0.07257	0.01957	0.01821	0.12152	0.03373	0.43818	0.03856	0.03459	0.02488	0.01312	0.01094	0.00335	0.01000	0.01068	0.01242	0.01845
15	0.03487	0.03164	0.20162	0.02653	0.03731	0.02015	0.09111	0.04234	0.02719	0.28486	0.03366	0.06668	0.02410	0.01317	0.01121	0.00351	0.01254	0.01152	0.00934	0.01665
16	0.03743	0.02010	0.02861	0.03038	0.14989	0.01900	0.01965	0.08605	0.03080	0.30269	0.08188	0.07960	0.03396	0.01486	0.01130	0.00341	0.00982	0.01281	0.01095	0.01680
17	0.04191	0.02849	0.15263	0.02263	0.03290	0.01967	0.02215	0.08585	0.03089	0.39333	0.03610	0.03289	0.02319	0.01272	0.01082	0.00338	0.01112	0.01018	0.01118	0.01798
18	0.18999	0.13971	0.24702	0.02264	0.03338	0.02643	0.02517	0.03375	0.02194	0.07787	0.02047	0.02365	0.01561	0.01673	0.05909	0.00448	0.01406	0.00770	0.00597	0.01431
19	0.16097	0.16771	0.03085	0.02120	0.07086	0.02478	0.01607	0.03328	0.05250	0.08666	0.10109	0.03211	0.03006	0.01200	0.00896	0.00285	0.00916	0.00926	0.00775	0.12189
20	0.16706	0.15436	0.02853	0.09847	0.03034	0.02446	0.01646	0.03189	0.06957	0.08011	0.03162	0.16337	0.03034	0.01648	0.00987	0.00346	0.00962	0.01342	0.00781	0.01275
21	0.28160	0.02614	0.11783	0.02143	0.02996	0.02116	0.07503	0.03380	0.02377	0.12262	0.07581	0.03576	0.06608	0.01308	0.00980	0.00345	0.01054	0.01050	0.00803	0.01362

[dist]
# distance from previous block
# <min> <max>
0	17

[block]
# block no. 1 follows, 12 sequences, length 22
# corresponding to MSA columns:
# 43-64
name=unknown_B
#
# <colnr> <probs for GDERKNQSTAVLIFYWHMCP>
#	G	D	E	R	K	N	Q	S	T	A	V	L	I	F	Y	W	H	M	C	P
0	0.12001	0.15281	0.18352	0.02143	0.03239	0.02642	0.02242	0.07237	0.02450	0.03796	0.01857	0.02131	0.01464	0.00970	0.00857	0.00267	0.01148	0.00700	0.00599	0.20624
1	0.03246	0.11587	0.10733	0.02600	0.07497	0.02568	0.02191	0.04384	0.13843	0.18446	0.03092	0.03055	0.02242	0.01245	0.01167	0.00328	0.04669	0.00966	0.00879	0.05262
2	0.03591	0.02956	0.13747	0.03027	0.08133	0.02282	0.09236	0.08467	0.07408	0.24922	0.03223	0.03179	0.02194	0.01203	0.01111	0.00344	0.01239	0.01058	0.00950	0.01731
3	0.03241	0.07962	0.06362	0.02559	0.03430	0.10519	0.11705	0.03799	0.02735	0.16299	0.07141	0.03192	0.02597	0.01161	0.01048	0.00297	0.01270	0.01016	0.00812	0.12853
4	0.08777	0.17210	0.06913	0.02534	0.03434	0.07452	0.11756	0.07522	0.02716	0.08093	0.05238	0.02717	0.02136	0.01091	0.00972	0.00296	0.01273	0.00915	0.00700	0.08255
5	0.08121	0.04556	0.38003	0.03331	0.08859	0.02564	0.07510	0.03624	0.06590	0.03684	0.02159	0.02495	0.01583	0.01056	0.01036	0.00347	0.01473	0.00879	0.00549	0.01582
6	0.08355	0.11447	0.15626	0.02086	0.03163	0.02371	0.02101	0.07290	0.02524	0.06914	0.02047	0.02274	0.01577	0.00972	0.00877	0.00255	0.01093	0.00726	0.00659	0.27641
7	0.12365	0.11947	0.19243	0.02659	0.07718	0.02650	0.02484	0.04060	0.10084	0.12747	0.02623	0.02694	0.01910	0.01134	0.00962	0.00328	0.01179	0.00873	0.00751	0.01589
8	0.08573	0.03335	0.12616	0.03873	0.17894	0.10714	0.09448	0.03355	0.02421	0.03427	0.02018	0.02568	0.01636	0.01598	0.05796	0.00435	0.01583	0.00902	0.00556	0.07250
9	0.02152	0.01813	0.02139	0.01578	0.02439	0.01389	0.01252	0.02641	0.02387	0.03678	0.09906	0.03156	0.02935	0.01024	0.00880	0.00189	0.00763	0.00848	0.00730	0.58103
10	0.02018	0.01367	0.01706	0.01551	0.01915	0.01336	0.01186	0.02914	0.10671	0.08940	0.42288	0.07132	0.08557	0.02037	0.01242	0.00347	0.00604	0.01782	0.01200	0.01208
11	0.01322	0.00973	0.01241	0.01455	0.01565	0.00891	0.00984	0.01525	0.02148	0.02808	0.06776	0.53288	0.14398	0.03316	0.01376	0.00431	0.00620	0.02978	0.01012	0.00891
12	0.02608	0.02499	0.04263	0.14081	0.48196	0.02567	0.03301	0.03267	0.02440	0.03453	0.02035	0.02728	0.01689	0.00988	0.01081	0.00329	0.01318	0.00971	0.00532	0.01654
13	0.01546	0.01041	0.01201	0.01239	0.01249	0.01031	0.00714	0.01575	0.01662	0.02216	0.03827	0.15327	0.04458	0.52815	0.04917	0.00964	0.00992	0.01816	0.00714	0.00695
14	0.02059	0.01938	0.03270	0.59060	0.07510	0.02422	0.03028	0.02786	0.02180	0.02786	0.01938	0.02907	0.01453	0.01090	0.01090	0.00363	0.01453	0.00969	0.00484	0.01211
15	0.04073	0.05197	0.03090	0.02809	0.03371	0.57303	0.02107	0.04354	0.03090	0.02669	0.01685	0.01966	0.01404	0.01124	0.00983	0.00281	0.01966	0.00702	0.00562	0.01264
16	0.01558	0.01168	0.01752	0.01752	0.01947	0.01363	0.01363	0.01947	0.01752	0.02531	0.02921	0.04283	0.02726	0.08178	0.57360	0.01752	0.02921	0.01168	0.00584	0.00974
17	0.03533	0.01851	0.02174	0.01862	0.02438	0.06108	0.01485	0.03949	0.02970	0.31180	0.15025	0.10192	0.04904	0.01838	0.01188	0.00357	0.00909	0.05375	0.01192	0.01473
18	0.01877	0.01497	0.01831	0.01485	0.02073	0.01226	0.01151	0.02377	0.02703	0.03992	0.29964	0.05410	0.06257	0.01568	0.01064	0.00259	0.00651	0.01356	0.00943	0.32319
19	0.02454	0.02402	0.04342	0.09945	0.32728	0.02392	0.13254	0.03148	0.02562	0.03595	0.09447	0.03537	0.02896	0.01148	0.01154	0.00339	0.01316	0.01180	0.00631	0.01529
20	0.03194	0.53804	0.05265	0.01876	0.02796	0.03932	0.01829	0.03554	0.02343	0.10052	0.01909	0.02026	0.01583	0.00992	0.00756	0.00248	0.01132	0.00655	0.00591	0.01464
21	0.02776	0.11721	0.16758	0.02275	0.03187	0.07203	0.02251	0.06806	0.13543	0.08054	0.04029	0.03962	0.10020	0.01430	0.01047	0.00331	0.01173	0.01121	0.00808	0.01507

[dist]
# distance from previous block
# <min> <max>
0	1

[block]
# block no. 2 follows, 12 sequences, length 24
# corresponding to MSA columns:
# 66-89
name=unknown_C
#
# <colnr> <probs for GDERKNQSTAVLIFYWHMCP>
#	G	D	E	R	K	N	Q	S	T	A	V	L	I	F	Y	W	H	M	C	P
0	0.02741	0.02427	0.09658	0.25584	0.04890	0.02264	0.02521	0.07709	0.02717	0.13044	0.08826	0.03558	0.02790	0.01343	0.01269	0.00358	0.05006	0.01095	0.00782	0.01415
1	0.01306	0.01037	0.01174	0.01283	0.01520	0.00905	0.00908	0.01545	0.02313	0.02875	0.08868	0.32315	0.34020	0.03044	0.01333	0.00400	0.00587	0.02646	0.01012	0.00905
2	0.10814	0.17780	0.13517	0.03673	0.13329	0.03033	0.16373	0.03368	0.02336	0.03443	0.01883	0.02355	0.01502	0.00963	0.00989	0.00319	0.01415	0.00892	0.00529	0.01488
3	0.02603	0.03244	0.16423	0.02789	0.03363	0.03019	0.02675	0.11630	0.02462	0.03598	0.01874	0.02528	0.01578	0.01982	0.05927	0.00498	0.30876	0.00936	0.00591	0.01404
4	0.11178	0.03434	0.22719	0.02579	0.03619	0.02324	0.07407	0.03950	0.11649	0.10330	0.07503	0.03333	0.02722	0.01250	0.01059	0.00350	0.01215	0.01048	0.00793	0.01539
5	0.02580	0.02246	0.03393	0.10218	0.14861	0.02357	0.08450	0.11932	0.08183	0.04365	0.15488	0.04243	0.04014	0.01407	0.01164	0.00344	0.01128	0.01291	0.00858	0.01480
6	0.01571	0.01149	0.01497	0.01504	0.01771	0.01075	0.01191	0.02058	0.02881	0.03950	0.37780	0.09422	0.13742	0.02479	0.01341	0.00385	0.00641	0.13418	0.01132	0.01012
7	0.15655	0.02966	0.16362	0.02732	0.09551	0.02116	0.02364	0.04210	0.02602	0.26589	0.02916	0.02872	0.01965	0.01161	0.01002	0.00338	0.01133	0.00914	0.00899	0.01654
8	0.03676	0.01740	0.02273	0.01762	0.02527	0.01464	0.01427	0.04129	0.02916	0.34301	0.12850	0.04183	0.03829	0.01384	0.01064	0.00298	0.00825	0.01152	0.01160	0.17040
9	0.03775	0.02018	0.03095	0.02385	0.03172	0.01875	0.10513	0.04626	0.09126	0.33336	0.10325	0.04181	0.03556	0.01400	0.01157	0.00348	0.01033	0.01260	0.01156	0.01664
10	0.02367	0.02532	0.05033	0.04412	0.15510	0.02387	0.31575	0.03111	0.02538	0.03408	0.03780	0.04262	0.11269	0.01265	0.01243	0.00358	0.01488	0.01403	0.00633	0.01426
11	0.02429	0.01452	0.01859	0.01585	0.02113	0.01235	0.01219	0.02857	0.02710	0.15350	0.21501	0.15318	0.05905	0.01900	0.01146	0.00315	0.00700	0.01656	0.01064	0.17687
12	0.02252	0.02411	0.09130	0.01806	0.02857	0.01591	0.01642	0.02836	0.02266	0.03540	0.01940	0.02266	0.01585	0.00837	0.00837	0.00185	0.00910	0.00666	0.00622	0.59821
13	0.02688	0.04615	0.30417	0.04164	0.20012	0.12511	0.03468	0.03584	0.02501	0.03344	0.01937	0.02364	0.01493	0.01032	0.01040	0.00327	0.01578	0.00838	0.00503	0.01584
14	0.02394	0.01270	0.01602	0.01448	0.01699	0.01220	0.00998	0.02585	0.02120	0.15560	0.08298	0.06096	0.04112	0.35908	0.09290	0.00884	0.01163	0.01459	0.00873	0.01021
15	0.02501	0.03734	0.28258	0.02973	0.04127	0.02190	0.13586	0.03446	0.02610	0.10295	0.11831	0.03687	0.03230	0.01267	0.01145	0.00349	0.01375	0.01162	0.00729	0.01505
16	0.02870	0.03783	0.29415	0.02447	0.03709	0.02034	0.02747	0.03733	0.02493	0.16303	0.02528	0.02638	0.01764	0.01056	0.00994	0.00297	0.01242	0.00837	0.00725	0.18386
17	0.01945	0.01602	0.01901	0.01491	0.02180	0.01270	0.01166	0.02420	0.02542	0.03755	0.19272	0.04875	0.09228	0.01436	0.01003	0.00238	0.00692	0.01217	0.00854	0.40913
18	0.02172	0.03289	0.25370	0.02551	0.06516	0.01922	0.02553	0.03180	0.05924	0.07016	0.22112	0.04741	0.04985	0.01532	0.01142	0.00344	0.01086	0.01304	0.00841	0.01420
19	0.02344	0.01347	0.01721	0.01485	0.01894	0.01200	0.01112	0.02742	0.02738	0.14907	0.29007	0.06413	0.06629	0.12708	0.01972	0.00453	0.00732	0.01579	0.01078	0.07938
20	0.02893	0.20156	0.19343	0.03701	0.19209	0.02932	0.02903	0.03605	0.02437	0.09903	0.02161	0.02447	0.01660	0.01027	0.00962	0.00306	0.01303	0.00831	0.00600	0.01618
21	0.02308	0.02064	0.02831	0.12656	0.06809	0.01988	0.05005	0.03357	0.11703	0.03649	0.05802	0.03163	0.02471	0.01092	0.00993	0.00272	0.01012	0.00960	0.00726	0.31142
22	0.02562	0.06503	0.08560	0.07891	0.25434	0.02652	0.02755	0.07835	0.02544	0.03556	0.02464	0.09716	0.02304	0.01436	0.01410	0.00357	0.08695	0.01191	0.00630	0.01503
23	0.02974	0.02172	0.05845	0.02667	0.12166	0.01713	0.01870	0.03496	0.02567	0.18050	0.03540	0.03580	0.07259	0.01200	0.01000	0.00272	0.00952	0.01008	0.00849	0.26819

[dist]
# distance from previous block
# <min> <max>
2	8

[block]
# block no. 3 follows, 12 sequences, length 49
# corresponding to MSA columns:
# 107-155
name=unknown_D
#
# <colnr> <probs for GDERKNQSTAVLIFYWHMCP>
#	G	D	E	R	K	N	Q	S	T	A	V	L	I	F	Y	W	H	M	C	P
0	0.02476	0.17345	0.19681	0.02902	0.04084	0.02780	0.15506	0.03271	0.02346	0.03278	0.01917	0.02336	0.01508	0.00932	0.00977	0.00286	0.01399	0.00849	0.00525	0.15603
1	0.08497	0.12330	0.44766	0.02799	0.04240	0.02745	0.03497	0.03407	0.02250	0.03476	0.01862	0.02184	0.01365	0.01021	0.00961	0.00331	0.01485	0.00758	0.00481	0.01545
2	0.02384	0.20462	0.29486	0.02464	0.03616	0.02885	0.02816	0.03538	0.08627	0.03444	0.07859	0.03005	0.02600	0.01193	0.00979	0.00317	0.01275	0.00924	0.00623	0.01503
3	0.09032	0.08794	0.01906	0.01448	0.01794	0.01539	0.01120	0.02122	0.02491	0.03585	0.23156	0.21666	0.12794	0.02332	0.01176	0.00360	0.00669	0.02003	0.00976	0.01038
4	0.01347	0.00986	0.01266	0.01451	0.01573	0.00906	0.00991	0.01583	0.02246	0.02977	0.11911	0.48919	0.13424	0.03205	0.01367	0.00423	0.00610	0.02877	0.01033	0.00906
5	0.01964	0.08000	0.02176	0.01655	0.01994	0.01720	0.01327	0.02324	0.02433	0.06933	0.18443	0.11322	0.15769	0.02948	0.08480	0.00537	0.08256	0.01706	0.00908	0.01105
6	0.04032	0.11524	0.03391	0.02538	0.03237	0.34112	0.02015	0.13466	0.03382	0.09260	0.02132	0.02257	0.01633	0.01161	0.00981	0.00290	0.01604	0.00785	0.00739	0.01461
7	0.01753	0.01579	0.01541	0.01528	0.01801	0.07937	0.01117	0.02114	0.02729	0.03494	0.27532	0.20210	0.17630	0.02480	0.01274	0.00364	0.00730	0.02147	0.01038	0.01002
8	0.11731	0.01606	0.02021	0.01726	0.02312	0.01486	0.01359	0.03865	0.02720	0.32261	0.08985	0.17260	0.04268	0.01872	0.01131	0.00363	0.00810	0.01583	0.01173	0.01469
9	0.02317	0.01988	0.02286	0.01690	0.02615	0.01609	0.01346	0.03123	0.08529	0.03678	0.02247	0.02485	0.01827	0.00891	0.00845	0.00187	0.00814	0.00719	0.00703	0.60101
10	0.02685	0.02629	0.04645	0.06464	0.49508	0.02609	0.08542	0.03362	0.02493	0.03555	0.02068	0.02725	0.01719	0.00966	0.01102	0.00329	0.01355	0.01006	0.00541	0.01699
11	0.02619	0.02509	0.04282	0.13209	0.48985	0.02570	0.03307	0.03277	0.02445	0.03466	0.02037	0.02725	0.01693	0.00986	0.01081	0.00329	0.01315	0.00971	0.00533	0.01663
12	0.03879	0.02362	0.09533	0.02368	0.03254	0.01783	0.07943	0.04442	0.02838	0.36916	0.03937	0.09694	0.02899	0.01483	0.01145	0.00354	0.01093	0.01303	0.01103	0.01672
13	0.04073	0.05197	0.03090	0.02809	0.03371	0.57303	0.02107	0.04354	0.03090	0.02669	0.01685	0.01966	0.01404	0.01124	0.00983	0.00281	0.01966	0.00702	0.00562	0.01264
14	0.02146	0.01066	0.01502	0.01438	0.01576	0.01015	0.01004	0.01864	0.01739	0.07894	0.03296	0.04251	0.08520	0.03394	0.03546	0.52406	0.00896	0.01132	0.00636	0.00680
15	0.02829	0.55626	0.11670	0.02013	0.03026	0.04103	0.02122	0.03287	0.02226	0.02670	0.01568	0.01815	0.01397	0.00945	0.00739	0.00246	0.01219	0.00609	0.00466	0.01424
16	0.01328	0.00949	0.01265	0.01518	0.01581	0.00886	0.01012	0.01518	0.02088	0.02783	0.06010	0.60969	0.07212	0.03416	0.01392	0.00443	0.00633	0.03100	0.01012	0.00886
17	0.02435	0.02321	0.03949	0.28307	0.35328	0.02521	0.03215	0.03115	0.02358	0.03242	0.02004	0.02785	0.01614	0.01020	0.01084	0.00340	0.01361	0.00970	0.00517	0.01514
18	0.02310	0.02343	0.03248	0.52060	0.06995	0.09252	0.02913	0.02981	0.02293	0.02771	0.01907	0.02790	0.01447	0.01094	0.01077	0.00353	0.01517	0.00936	0.00494	0.01218
19	0.03031	0.43679	0.08625	0.02087	0.02941	0.03745	0.02053	0.03441	0.02261	0.08918	0.01866	0.02100	0.01556	0.01111	0.01129	0.00284	0.08451	0.00706	0.00572	0.01443
20	0.01490	0.01112	0.01383	0.01315	0.01596	0.01006	0.00987	0.01954	0.02960	0.04071	0.45178	0.08640	0.19602	0.02341	0.01287	0.00348	0.00522	0.02041	0.01161	0.01006
21	0.03496	0.03208	0.18457	0.03004	0.04133	0.02182	0.16020	0.04290	0.02741	0.26629	0.03067	0.03106	0.02042	0.01143	0.01133	0.00348	0.01371	0.01069	0.00881	0.01681
22	0.08527	0.02163	0.03237	0.16958	0.12099	0.02102	0.07447	0.02972	0.02271	0.03481	0.01946	0.02517	0.01556	0.00934	0.00959	0.00275	0.01158	0.00841	0.00582	0.27974
23	0.02818	0.02675	0.04557	0.06057	0.44289	0.02684	0.08859	0.07799	0.02738	0.03860	0.02122	0.02720	0.01730	0.00997	0.01105	0.00329	0.01351	0.01010	0.00592	0.01709
24	0.01600	0.01193	0.01529	0.01719	0.01895	0.01198	0.01275	0.02220	0.08476	0.03115	0.05760	0.42555	0.06512	0.03082	0.01383	0.00448	0.00748	0.13252	0.01022	0.01017
25	0.03259	0.19957	0.19596	0.02592	0.03718	0.02775	0.08524	0.03970	0.02560	0.19049	0.02577	0.02655	0.01820	0.01088	0.00992	0.00314	0.01308	0.00892	0.00743	0.01609
26	0.02639	0.02530	0.04319	0.11542	0.50493	0.02575	0.03317	0.03294	0.02455	0.03490	0.02040	0.02718	0.01702	0.00982	0.01080	0.00327	0.01310	0.00971	0.00535	0.01679
27	0.01328	0.00949	0.01265	0.01518	0.01581	0.00886	0.01012	0.01518	0.02088	0.02783	0.06010	0.60969	0.07212	0.03416	0.01392	0.00443	0.00633	0.03100	0.01012	0.00886
28	0.02273	0.12351	0.50075	0.02961	0.04492	0.02743	0.03773	0.03431	0.02292	0.03348	0.01905	0.02237	0.01383	0.01024	0.00996	0.00332	0.01559	0.00779	0.00461	0.01586
29	0.02059	0.01938	0.03270	0.59060	0.07510	0.02422	0.03028	0.02786	0.02180	0.02786	0.01938	0.02907	0.01453	0.01090	0.01090	0.00363	0.01453	0.00969	0.00484	0.01211
30	0.02139	0.02019	0.03414	0.52544	0.13404	0.02443	0.03068	0.02856	0.02218	0.02882	0.01952	0.02881	0.01488	0.01075	0.01089	0.00358	0.01434	0.00969	0.00491	0.01275
31	0.02712	0.02342	0.02465	0.02219	0.02835	0.02712	0.01726	0.05794	0.52909	0.04561	0.04438	0.04068	0.03328	0.01479	0.01109	0.00370	0.00863	0.01233	0.01109	0.01726
32	0.02271	0.02476	0.05152	0.03790	0.04679	0.02321	0.38473	0.03029	0.02483	0.03322	0.03610	0.08082	0.08641	0.01719	0.04341	0.00448	0.01652	0.01535	0.00643	0.01334
33	0.02337	0.02369	0.09447	0.47148	0.06742	0.02360	0.03015	0.03099	0.02282	0.07758	0.02159	0.02910	0.01560	0.01108	0.01084	0.00359	0.01424	0.00961	0.00562	0.01318
34	0.04892	0.01856	0.02530	0.01940	0.02783	0.01603	0.01603	0.05314	0.03121	0.55634	0.04302	0.03711	0.02699	0.01350	0.01096	0.00337	0.00928	0.01096	0.01350	0.01856
35	0.01576	0.01169	0.01521	0.01713	0.01961	0.01115	0.01414	0.01973	0.02435	0.03109	0.07065	0.19842	0.17873	0.03019	0.01436	0.00461	0.00836	0.29511	0.01007	0.00965
36	0.01791	0.01140	0.01399	0.01408	0.01702	0.01009	0.01026	0.02092	0.02512	0.09639	0.15397	0.28301	0.22996	0.02746	0.01303	0.00388	0.00623	0.02399	0.01085	0.01041
37	0.02299	0.07092	0.31815	0.03220	0.08797	0.02506	0.07596	0.03562	0.08416	0.03653	0.07977	0.03217	0.02643	0.01197	0.01082	0.00342	0.01372	0.01032	0.00634	0.01548
38	0.01389	0.01016	0.01319	0.01539	0.01671	0.00947	0.01102	0.01638	0.02205	0.02878	0.06636	0.46874	0.13282	0.03268	0.01396	0.00442	0.00679	0.09801	0.01011	0.00908
39	0.02145	0.01329	0.01853	0.02000	0.02324	0.01298	0.01738	0.02637	0.02586	0.09745	0.05591	0.11236	0.05833	0.02806	0.01455	0.00482	0.00995	0.41792	0.01047	0.01109
40	0.02418	0.02567	0.05148	0.22885	0.12120	0.02627	0.29424	0.03241	0.02433	0.03267	0.02099	0.02901	0.01596	0.00982	0.01197	0.00361	0.01647	0.01144	0.00528	0.01415
41	0.03070	0.04051	0.31687	0.02997	0.04293	0.02287	0.10975	0.04024	0.02595	0.19278	0.02708	0.02834	0.01825	0.01112	0.01095	0.00347	0.01441	0.00973	0.00745	0.01662
42	0.02223	0.05390	0.51440	0.03245	0.04810	0.02553	0.08369	0.03457	0.02327	0.03457	0.01980	0.02361	0.01407	0.01025	0.01059	0.00347	0.01632	0.00850	0.00469	0.01598
43	0.02268	0.05071	0.45569	0.03422	0.04926	0.02580	0.13919	0.03461	0.02359	0.03461	0.02009	0.02437	0.01439	0.01011	0.01089	0.00350	0.01659	0.00907	0.00480	0.01582
44	0.02659	0.03339	0.22288	0.23811	0.05500	0.02346	0.07565	0.03542	0.02428	0.12535	0.02392	0.02838	0.01669	0.01101	0.01090	0.00353	0.01452	0.00963	0.00637	0.01493
45	0.02590	0.02744	0.11498	0.31658	0.14523	0.02537	0.03046	0.08858	0.02651	0.06377	0.02169	0.02788	0.01605	0.01101	0.01080	0.00348	0.01392	0.00953	0.00609	0.01473
46	0.02476	0.02056	0.03537	0.44455	0.09318	0.02365	0.07309	0.03180	0.02344	0.09148	0.02249	0.02994	0.01634	0.01099	0.01109	0.00359	0.01418	0.01014	0.00596	0.01339
47	0.02348	0.02353	0.08950	0.02252	0.02806	0.07580	0.06321	0.02840	0.02497	0.09275	0.04796	0.22525	0.07998	0.02274	0.01272	0.00399	0.01109	0.10304	0.00890	0.01210
48	0.03032	0.03505	0.22831	0.13518	0.10139	0.02427	0.03015	0.09625	0.02822	0.14772	0.02540	0.02793	0.01769	0.01139	0.01070	0.00342	0.01353	0.00937	0.00739	0.01632

[dist]
# distance from previous block
# <min> <max>
0	7

# created by:
# /st0/software/busco_prod/Augustus/scripts/msa2prfl.pl ./align_prep/11023.fa
