[name]
unknown

[dist]
# distance from previous block
# <min> <max>
0	107

[block]
# block no. 0 follows, 11 sequences, length 14
# corresponding to MSA columns:
# 107-120
name=unknown_A
#
# <colnr> <probs for GDERKNQSTAVLIFYWHMCP>
#	G	D	E	R	K	N	Q	S	T	A	V	L	I	F	Y	W	H	M	C	P
0	0.30313	0.13881	0.07905	0.01900	0.02705	0.02607	0.01798	0.03513	0.02318	0.11189	0.02662	0.03750	0.02275	0.01382	0.00926	0.00353	0.01051	0.07310	0.00781	0.01380
1	0.09250	0.02733	0.14819	0.07669	0.03677	0.01969	0.05737	0.03408	0.02530	0.14403	0.04021	0.10776	0.06465	0.01734	0.01177	0.00386	0.01183	0.05772	0.00863	0.01428
2	0.12846	0.03192	0.03254	0.02549	0.03406	0.15063	0.08510	0.12549	0.03098	0.04314	0.02052	0.02360	0.01604	0.01059	0.00984	0.00286	0.01352	0.00834	0.00726	0.19963
3	0.01619	0.01163	0.01590	0.01590	0.01715	0.01288	0.01134	0.01869	0.01744	0.02451	0.03215	0.05530	0.03295	0.28015	0.37068	0.01539	0.02291	0.01368	0.00633	0.00883
4	0.01340	0.01102	0.01179	0.01241	0.01547	0.00942	0.00900	0.01604	0.02469	0.03001	0.10176	0.22357	0.42233	0.03010	0.01355	0.00398	0.00590	0.02570	0.01045	0.00942
5	0.57547	0.02715	0.01914	0.01720	0.02397	0.11550	0.01380	0.03509	0.02131	0.04662	0.01596	0.01862	0.01258	0.01064	0.00750	0.00338	0.01067	0.00629	0.00677	0.01233
6	0.13717	0.02887	0.03050	0.02369	0.03237	0.03167	0.01957	0.38510	0.04593	0.11477	0.02709	0.02687	0.01899	0.01311	0.01064	0.00340	0.01157	0.00966	0.01090	0.01813
7	0.02196	0.01898	0.02499	0.03058	0.14585	0.01987	0.01858	0.03535	0.19100	0.03713	0.05244	0.21526	0.09808	0.02158	0.01247	0.00393	0.00890	0.01918	0.00961	0.01424
8	0.01429	0.01150	0.01228	0.01257	0.01568	0.01009	0.00937	0.01699	0.02433	0.02952	0.09645	0.10535	0.40622	0.11289	0.01998	0.00499	0.00698	0.07138	0.00991	0.00921
9	0.03757	0.02773	0.03072	0.02437	0.03201	0.03084	0.01996	0.40366	0.04612	0.06219	0.02763	0.03038	0.02090	0.02735	0.11836	0.00625	0.01585	0.01051	0.01024	0.01737
10	0.01371	0.00979	0.01306	0.01567	0.01632	0.00914	0.01045	0.01567	0.02155	0.02873	0.06203	0.59710	0.07444	0.03526	0.01437	0.00457	0.00653	0.03200	0.01045	0.00914
11	0.01430	0.01144	0.01279	0.01245	0.01582	0.00993	0.00934	0.01809	0.02802	0.03601	0.27168	0.09909	0.36851	0.02641	0.01329	0.00370	0.00555	0.02246	0.01119	0.00993
12	0.04279	0.03153	0.03378	0.02590	0.03490	0.03490	0.02139	0.49671	0.05292	0.07093	0.02702	0.02702	0.01914	0.01351	0.01126	0.00338	0.01239	0.01013	0.01126	0.01914
13	0.02904	0.02679	0.04050	0.05063	0.30625	0.03031	0.02957	0.09973	0.02703	0.03878	0.02006	0.02674	0.01708	0.01351	0.01909	0.00383	0.18852	0.00999	0.00620	0.01633

[dist]
# distance from previous block
# <min> <max>
0	1

[block]
# block no. 1 follows, 11 sequences, length 8
# corresponding to MSA columns:
# 122-129
name=unknown_B
#
# <colnr> <probs for GDERKNQSTAVLIFYWHMCP>
#	G	D	E	R	K	N	Q	S	T	A	V	L	I	F	Y	W	H	M	C	P
0	0.19886	0.02531	0.02725	0.02140	0.02982	0.02683	0.01767	0.24707	0.03834	0.21373	0.02975	0.02847	0.02021	0.01291	0.01025	0.00344	0.01062	0.00954	0.01107	0.01748
1	0.02644	0.35580	0.16294	0.14587	0.04413	0.03607	0.02694	0.03304	0.02299	0.02905	0.01764	0.02199	0.01453	0.01023	0.00890	0.00297	0.01373	0.00742	0.00484	0.01451
2	0.01388	0.01142	0.01221	0.01201	0.01556	0.00975	0.00901	0.01728	0.02703	0.03367	0.20586	0.10294	0.43579	0.02729	0.01330	0.00374	0.00561	0.02300	0.01088	0.00975
3	0.02126	0.02001	0.03376	0.57739	0.07752	0.02501	0.03126	0.02876	0.02251	0.02876	0.02001	0.03001	0.01500	0.01125	0.01125	0.00375	0.01500	0.01000	0.00500	0.01250
4	0.01608	0.01206	0.01809	0.01809	0.02010	0.01407	0.01407	0.02010	0.01809	0.02613	0.03015	0.04422	0.02814	0.08441	0.55984	0.01809	0.03015	0.01206	0.00603	0.01005
5	0.02378	0.05067	0.43070	0.03005	0.04440	0.02655	0.03632	0.04100	0.13242	0.03818	0.02588	0.02780	0.01871	0.01171	0.01086	0.00362	0.01492	0.00929	0.00624	0.01690
6	0.58528	0.02136	0.01803	0.01561	0.02285	0.02389	0.01287	0.03648	0.02119	0.12706	0.02015	0.02140	0.01463	0.01099	0.00764	0.00348	0.00884	0.00691	0.00805	0.01327
7	0.02084	0.01680	0.01786	0.01606	0.02097	0.01686	0.01246	0.09938	0.11655	0.04168	0.14566	0.08066	0.30467	0.02309	0.01266	0.00370	0.00725	0.01923	0.01102	0.01262

[dist]
# distance from previous block
# <min> <max>
0	7

[block]
# block no. 2 follows, 11 sequences, length 28
# corresponding to MSA columns:
# 137-164
name=unknown_C
#
# <colnr> <probs for GDERKNQSTAVLIFYWHMCP>
#	G	D	E	R	K	N	Q	S	T	A	V	L	I	F	Y	W	H	M	C	P
0	0.01371	0.00979	0.01306	0.01567	0.01632	0.00914	0.01045	0.01567	0.02155	0.02873	0.06203	0.59710	0.07444	0.03526	0.01437	0.00457	0.00653	0.03200	0.01045	0.00914
1	0.02289	0.01452	0.02044	0.01873	0.02160	0.01607	0.01466	0.02668	0.02223	0.11627	0.10216	0.04881	0.03863	0.09393	0.29370	0.01154	0.08407	0.01318	0.00821	0.01170
2	0.03382	0.10737	0.12081	0.02654	0.03507	0.22111	0.02378	0.09067	0.15654	0.03816	0.02599	0.02692	0.02006	0.01236	0.01036	0.00324	0.01501	0.00900	0.00752	0.01565
3	0.01375	0.01142	0.01202	0.01187	0.01548	0.00969	0.00890	0.01702	0.02671	0.03291	0.18439	0.10420	0.45773	0.02757	0.01330	0.00376	0.00563	0.02318	0.01078	0.00969
4	0.03693	0.29221	0.04348	0.02483	0.03227	0.33903	0.02068	0.04013	0.02803	0.02709	0.01665	0.01934	0.01447	0.01076	0.00890	0.00269	0.01676	0.00672	0.00538	0.01365
5	0.02375	0.02235	0.02919	0.02578	0.03157	0.07854	0.09856	0.03142	0.06361	0.03484	0.04190	0.07729	0.04184	0.02078	0.01321	0.00408	0.01255	0.23365	0.00861	0.10645
6	0.02439	0.11211	0.10293	0.02073	0.02817	0.07551	0.01899	0.03481	0.11034	0.03872	0.19197	0.04563	0.04846	0.01523	0.01086	0.00316	0.01035	0.01244	0.00875	0.08645
7	0.02796	0.29641	0.27925	0.02621	0.03862	0.09276	0.02976	0.03583	0.02427	0.03080	0.01793	0.02092	0.01436	0.01033	0.00913	0.00299	0.01505	0.00721	0.00489	0.01529
8	0.15170	0.02987	0.03085	0.02401	0.03267	0.03326	0.01983	0.41795	0.04718	0.06746	0.02509	0.02554	0.01796	0.01299	0.01053	0.00340	0.01176	0.00945	0.01053	0.01796
9	0.03759	0.02894	0.03085	0.02485	0.03292	0.03248	0.02014	0.34315	0.21494	0.06255	0.03363	0.03228	0.02449	0.01413	0.01133	0.00353	0.01116	0.01104	0.01133	0.01867
10	0.01344	0.01087	0.01195	0.01282	0.01557	0.00938	0.00918	0.01599	0.02429	0.02985	0.09679	0.27030	0.37881	0.03074	0.01365	0.00406	0.00598	0.02649	0.01045	0.00938
11	0.03788	0.02002	0.02401	0.01972	0.02702	0.01960	0.01586	0.08170	0.15544	0.29462	0.05532	0.05032	0.11413	0.01672	0.01169	0.00361	0.00895	0.01370	0.01251	0.01717
12	0.01396	0.00999	0.01328	0.01550	0.01638	0.00931	0.01047	0.01630	0.02271	0.03058	0.11453	0.53934	0.07802	0.03388	0.01424	0.00445	0.00639	0.03069	0.01067	0.00931
13	0.03431	0.03413	0.04672	0.03549	0.04402	0.12133	0.21253	0.18730	0.03516	0.04513	0.02246	0.02699	0.01709	0.01217	0.01443	0.00362	0.07296	0.01089	0.00745	0.01583
14	0.03869	0.04859	0.03938	0.03300	0.04001	0.44413	0.12404	0.04302	0.03074	0.02939	0.01856	0.02248	0.01506	0.01114	0.01083	0.00309	0.02001	0.00856	0.00578	0.01351
15	0.01593	0.01150	0.01504	0.01416	0.01681	0.01062	0.01062	0.02124	0.03186	0.04513	0.52830	0.08407	0.10620	0.02301	0.01327	0.00354	0.00531	0.02035	0.01239	0.01062
16	0.02137	0.01970	0.03277	0.37443	0.16375	0.02268	0.02842	0.02776	0.02300	0.03045	0.02739	0.12588	0.02570	0.01507	0.01176	0.00380	0.01322	0.01374	0.00605	0.01306
17	0.04039	0.02921	0.03121	0.02420	0.03251	0.03222	0.01990	0.44492	0.04969	0.06774	0.02809	0.02867	0.02021	0.01347	0.01089	0.00329	0.01160	0.01017	0.08343	0.01819
18	0.01770	0.01354	0.01755	0.01671	0.01723	0.01573	0.01172	0.01915	0.01696	0.02383	0.03057	0.05771	0.03317	0.37064	0.18378	0.01175	0.11321	0.01415	0.00629	0.00859
19	0.68395	0.02177	0.01654	0.01480	0.02177	0.02525	0.01219	0.03309	0.01915	0.05050	0.01567	0.01828	0.01219	0.01045	0.00697	0.00348	0.00871	0.00609	0.00697	0.01219
20	0.02800	0.02418	0.02545	0.02291	0.02927	0.02800	0.01782	0.05981	0.51390	0.04708	0.04581	0.04199	0.03436	0.01527	0.01145	0.00382	0.00891	0.01273	0.01145	0.01782
21	0.02257	0.05822	0.54613	0.03208	0.04871	0.02614	0.04158	0.03564	0.02376	0.03564	0.02020	0.02376	0.01426	0.01069	0.01069	0.00356	0.01663	0.00832	0.00475	0.01663
22	0.51019	0.08553	0.02335	0.01765	0.02468	0.11787	0.01451	0.03516	0.02169	0.04422	0.01596	0.01860	0.01280	0.01056	0.00753	0.00328	0.01101	0.00628	0.00655	0.01256
23	0.02126	0.02001	0.03376	0.57739	0.07752	0.02501	0.03126	0.02876	0.02251	0.02876	0.02001	0.03001	0.01500	0.01125	0.01125	0.00375	0.01500	0.01000	0.00500	0.01250
24	0.02250	0.02128	0.03601	0.48133	0.16383	0.02533	0.03188	0.02985	0.02310	0.03027	0.02023	0.02960	0.01554	0.01102	0.01123	0.00367	0.01470	0.01001	0.00511	0.01351
25	0.03023	0.02480	0.03700	0.04155	0.21909	0.02541	0.07059	0.11637	0.10127	0.08217	0.10040	0.03882	0.03376	0.01346	0.01174	0.00350	0.01169	0.01233	0.00898	0.01685
26	0.07494	0.19323	0.03210	0.02022	0.02572	0.18060	0.01638	0.03155	0.02668	0.03236	0.11929	0.12935	0.04154	0.01710	0.01039	0.00321	0.01202	0.01346	0.00762	0.01227
27	0.61329	0.02528	0.01823	0.01636	0.02320	0.08403	0.01324	0.03439	0.02056	0.04797	0.01586	0.01851	0.01244	0.01057	0.00732	0.00342	0.00998	0.00622	0.00684	0.01228

[dist]
# distance from previous block
# <min> <max>
0	2

[block]
# block no. 3 follows, 11 sequences, length 34
# corresponding to MSA columns:
# 167-200
name=unknown_D
#
# <colnr> <probs for GDERKNQSTAVLIFYWHMCP>
#	G	D	E	R	K	N	Q	S	T	A	V	L	I	F	Y	W	H	M	C	P
0	0.03090	0.02831	0.05194	0.03811	0.04758	0.06313	0.33167	0.03815	0.02699	0.12201	0.02731	0.03500	0.02096	0.06519	0.01677	0.00433	0.01670	0.01279	0.00723	0.01495
1	0.01438	0.01129	0.01300	0.01289	0.01595	0.00991	0.00955	0.01813	0.02774	0.03609	0.27350	0.14370	0.31984	0.02695	0.01339	0.00377	0.00562	0.02317	0.01122	0.00991
2	0.02239	0.01900	0.02233	0.01657	0.02566	0.01443	0.01305	0.02709	0.02316	0.03589	0.02414	0.07979	0.02236	0.01098	0.00893	0.00195	0.00816	0.00916	0.00704	0.60791
3	0.02560	0.02090	0.02754	0.01977	0.02980	0.01636	0.05809	0.03097	0.02428	0.07313	0.02202	0.02507	0.01752	0.00885	0.00901	0.00200	0.00941	0.00762	0.00710	0.56496
4	0.04279	0.03153	0.03378	0.02590	0.03490	0.03490	0.02139	0.49671	0.05292	0.07093	0.02702	0.02702	0.01914	0.01351	0.01126	0.00338	0.01239	0.01013	0.01126	0.01914
5	0.09122	0.09702	0.03939	0.02795	0.03569	0.12262	0.14639	0.03898	0.07295	0.08659	0.09894	0.03575	0.03162	0.01294	0.01106	0.00338	0.01360	0.01148	0.00805	0.01439
6	0.02304	0.05497	0.49025	0.03387	0.04989	0.02641	0.09421	0.03569	0.02409	0.03569	0.02050	0.02453	0.01459	0.01055	0.01099	0.00359	0.01691	0.00890	0.00486	0.01646
7	0.01519	0.01148	0.01402	0.01338	0.01636	0.01030	0.01004	0.01980	0.03011	0.04097	0.41120	0.09093	0.22590	0.02456	0.01328	0.00361	0.00542	0.02132	0.01184	0.01030
8	0.01760	0.01411	0.02026	0.01940	0.02083	0.01725	0.01506	0.02088	0.01774	0.02579	0.02810	0.04424	0.02731	0.13375	0.41048	0.01497	0.12408	0.01218	0.00593	0.01007
9	0.02460	0.25621	0.27308	0.02534	0.03692	0.03070	0.02920	0.03278	0.02380	0.03189	0.02535	0.03956	0.02310	0.01384	0.01024	0.00341	0.01383	0.08565	0.00575	0.01473
10	0.13248	0.01351	0.01667	0.01637	0.01909	0.01543	0.01256	0.02245	0.01852	0.03114	0.02865	0.04244	0.02668	0.11733	0.37250	0.01367	0.02264	0.01133	0.05639	0.01014
11	0.01361	0.01141	0.01183	0.01172	0.01539	0.00963	0.00879	0.01675	0.02638	0.03212	0.16228	0.10549	0.48034	0.02786	0.01330	0.00377	0.00566	0.02336	0.01068	0.00963
12	0.01741	0.01480	0.01813	0.11199	0.02844	0.01516	0.01430	0.02586	0.09827	0.03573	0.17645	0.07976	0.27664	0.02238	0.01267	0.00374	0.00770	0.01901	0.01007	0.01149
13	0.01637	0.01091	0.01228	0.01228	0.01228	0.01091	0.00682	0.01637	0.01637	0.02182	0.03546	0.07365	0.04092	0.60445	0.05729	0.01091	0.01091	0.01637	0.00682	0.00682
14	0.02479	0.02317	0.03891	0.10695	0.40192	0.02352	0.03005	0.03073	0.02463	0.03463	0.02816	0.12693	0.02740	0.01452	0.01171	0.00359	0.01233	0.01384	0.00637	0.01583
15	0.56977	0.02326	0.02520	0.02047	0.02820	0.02581	0.09577	0.03360	0.02044	0.04799	0.01690	0.02038	0.01304	0.01028	0.00806	0.00354	0.01049	0.00734	0.00674	0.01271
16	0.03576	0.22672	0.09063	0.02403	0.03315	0.12592	0.02194	0.13723	0.07972	0.08635	0.02438	0.02509	0.01860	0.01184	0.00971	0.00305	0.01346	0.00846	0.00782	0.01616
17	0.02791	0.45075	0.20034	0.02298	0.03464	0.03920	0.02574	0.03427	0.02313	0.02914	0.01697	0.01971	0.01439	0.00994	0.00823	0.00274	0.01337	0.00669	0.00480	0.01508
18	0.01330	0.01140	0.01140	0.01140	0.01520	0.00950	0.00855	0.01615	0.02565	0.03041	0.11402	0.10832	0.52967	0.02850	0.01330	0.00380	0.00570	0.02375	0.01045	0.00950
19	0.02672	0.03282	0.13612	0.05900	0.36950	0.02693	0.11337	0.03499	0.02546	0.03645	0.02127	0.02757	0.01708	0.01005	0.01143	0.00346	0.01489	0.01028	0.00545	0.01717
20	0.02922	0.54680	0.11573	0.02075	0.03120	0.04239	0.02186	0.03393	0.02297	0.02755	0.01618	0.01872	0.01442	0.00975	0.00763	0.00254	0.01257	0.00629	0.00481	0.01470
21	0.01360	0.01023	0.01261	0.01451	0.01602	0.00924	0.00993	0.01580	0.02266	0.02919	0.07615	0.46437	0.19806	0.03343	0.01408	0.00436	0.00630	0.02976	0.01045	0.00924
22	0.02585	0.02588	0.10329	0.02401	0.03158	0.02199	0.06577	0.04298	0.21860	0.08936	0.17094	0.04928	0.04866	0.01601	0.01200	0.00367	0.01011	0.01408	0.01039	0.01555
23	0.01734	0.01489	0.02336	0.01987	0.02432	0.01366	0.09466	0.02276	0.02887	0.03889	0.29553	0.08466	0.19061	0.02276	0.01349	0.00380	0.00825	0.06060	0.01056	0.01111
24	0.01988	0.07383	0.07317	0.06019	0.02703	0.01817	0.01667	0.06875	0.02770	0.03672	0.14358	0.20696	0.13807	0.02305	0.01241	0.00376	0.00888	0.01983	0.00940	0.01195
25	0.14698	0.03301	0.12472	0.03713	0.04825	0.02817	0.29305	0.08078	0.02740	0.04205	0.02152	0.02687	0.01598	0.01024	0.01156	0.00366	0.01612	0.01094	0.00633	0.01524
26	0.08078	0.03332	0.11631	0.02243	0.03245	0.10871	0.02062	0.08097	0.02821	0.08628	0.02223	0.02428	0.01684	0.01046	0.00950	0.00267	0.01227	0.00778	0.00734	0.27655
27	0.18351	0.02194	0.06813	0.01810	0.02600	0.01778	0.01624	0.02864	0.02359	0.04023	0.07298	0.04577	0.03201	0.01438	0.00993	0.00307	0.00926	0.08643	0.00774	0.27426
28	0.20041	0.02687	0.11312	0.01974	0.02978	0.01998	0.01879	0.03777	0.02466	0.17240	0.02531	0.02603	0.01803	0.01075	0.00917	0.00294	0.01020	0.00802	0.00831	0.21769
29	0.08131	0.02256	0.03058	0.11944	0.03978	0.02294	0.06565	0.07418	0.11627	0.14636	0.03024	0.03159	0.02181	0.01192	0.01062	0.00327	0.01122	0.01017	0.00902	0.14106
30	0.03499	0.07693	0.03093	0.02156	0.02926	0.01951	0.06232	0.03984	0.02723	0.26429	0.06241	0.03749	0.02881	0.02519	0.10615	0.00574	0.01392	0.01110	0.00992	0.09242
31	0.03155	0.07521	0.03119	0.02181	0.03027	0.02128	0.06227	0.04113	0.11103	0.17013	0.03382	0.07218	0.02670	0.01319	0.01048	0.00301	0.01001	0.01136	0.00942	0.21396
32	0.10944	0.02417	0.02745	0.11799	0.03758	0.06197	0.01970	0.09156	0.11478	0.22962	0.03361	0.03290	0.02322	0.01311	0.01076	0.00353	0.01136	0.01035	0.01034	0.01656
33	0.03420	0.07422	0.03158	0.11771	0.03786	0.02127	0.05231	0.04092	0.05589	0.24064	0.04052	0.04007	0.07228	0.01372	0.01098	0.00333	0.01087	0.01159	0.00976	0.08026

[dist]
# distance from previous block
# <min> <max>
30	150

[block]
# block no. 4 follows, 11 sequences, length 23
# corresponding to MSA columns:
# 381-403
name=unknown_E
#
# <colnr> <probs for GDERKNQSTAVLIFYWHMCP>
#	G	D	E	R	K	N	Q	S	T	A	V	L	I	F	Y	W	H	M	C	P
0	0.03189	0.02113	0.02841	0.02113	0.03055	0.01795	0.06005	0.03967	0.07264	0.18292	0.02973	0.03007	0.02160	0.01071	0.00996	0.00259	0.00975	0.00920	0.00912	0.36092
1	0.02809	0.01985	0.03355	0.03045	0.09208	0.01814	0.12780	0.03351	0.02685	0.15447	0.08443	0.16821	0.04145	0.01777	0.01240	0.00364	0.01101	0.01690	0.00944	0.06999
2	0.03005	0.02283	0.03768	0.02842	0.03608	0.02227	0.15558	0.03579	0.02606	0.15180	0.07362	0.03480	0.02751	0.01333	0.01593	0.00345	0.11205	0.01152	0.00829	0.15295
3	0.02858	0.01984	0.02388	0.01732	0.02707	0.01530	0.01395	0.03345	0.02505	0.13411	0.02471	0.02623	0.01883	0.00941	0.00891	0.00202	0.00857	0.00756	0.00807	0.54714
4	0.02394	0.02124	0.02996	0.03385	0.19062	0.01870	0.02031	0.02937	0.02345	0.03544	0.02160	0.02730	0.01842	0.01799	0.07526	0.00418	0.01258	0.00840	0.00624	0.38114
5	0.02562	0.02081	0.03054	0.02236	0.03161	0.01710	0.10174	0.03142	0.02579	0.08542	0.08366	0.03332	0.02852	0.01083	0.01012	0.00246	0.01005	0.00997	0.00786	0.41080
6	0.14197	0.02527	0.03952	0.10518	0.40368	0.02633	0.03034	0.03377	0.02422	0.03845	0.02011	0.02638	0.01659	0.01021	0.01042	0.00340	0.01270	0.00934	0.00576	0.01636
7	0.02243	0.01877	0.02243	0.01738	0.02609	0.01465	0.01418	0.02746	0.02379	0.03615	0.02693	0.04146	0.02508	0.01231	0.00960	0.00228	0.00869	0.08566	0.00731	0.55736
8	0.03331	0.03015	0.03561	0.02863	0.03657	0.08027	0.10235	0.17938	0.25112	0.05014	0.03372	0.03362	0.02510	0.01341	0.01159	0.00360	0.01274	0.01156	0.00986	0.01728
9	0.04244	0.04183	0.03290	0.02734	0.03485	0.27928	0.02156	0.28616	0.04312	0.05071	0.02254	0.02389	0.01698	0.01262	0.01074	0.00315	0.01607	0.00879	0.00871	0.01630
10	0.01621	0.01155	0.01551	0.01551	0.01662	0.01267	0.01085	0.01844	0.01732	0.02422	0.03251	0.05729	0.03382	0.31544	0.33658	0.01490	0.02160	0.01397	0.00638	0.00861
11	0.04575	0.01930	0.02563	0.01944	0.02837	0.01627	0.01598	0.05022	0.03066	0.45368	0.04014	0.03569	0.02590	0.01295	0.01080	0.00317	0.00936	0.01051	0.01266	0.13351
12	0.03610	0.02306	0.03994	0.12631	0.04610	0.02310	0.15870	0.04232	0.02753	0.25876	0.03118	0.03332	0.02130	0.01269	0.01418	0.00375	0.06477	0.01153	0.00916	0.01622
13	0.05050	0.01915	0.02612	0.02003	0.02873	0.01654	0.01654	0.05485	0.03221	0.54203	0.04440	0.03831	0.02786	0.01393	0.01132	0.00348	0.00958	0.01132	0.01393	0.01915
14	0.04319	0.02397	0.02482	0.02024	0.02767	0.11032	0.01620	0.04705	0.03113	0.37191	0.05059	0.04613	0.10416	0.01581	0.01142	0.00343	0.01084	0.01256	0.01196	0.01657
15	0.36816	0.02027	0.02381	0.01988	0.02666	0.02122	0.07035	0.03480	0.02301	0.14180	0.02996	0.12083	0.02631	0.01518	0.00982	0.00370	0.00974	0.01233	0.00877	0.01341
16	0.27618	0.02550	0.02225	0.01858	0.02594	0.11016	0.01481	0.03804	0.02575	0.14913	0.06035	0.02860	0.02359	0.01194	0.00913	0.00307	0.01053	0.00855	0.00861	0.12928
17	0.29807	0.02111	0.02241	0.06747	0.02971	0.02192	0.01560	0.07856	0.02641	0.13022	0.05650	0.02874	0.02271	0.01185	0.00914	0.00318	0.00948	0.00874	0.00867	0.12951
18	0.18786	0.01762	0.02265	0.18023	0.03824	0.01934	0.01865	0.03126	0.02347	0.12426	0.03508	0.15229	0.03284	0.01808	0.01120	0.00392	0.01039	0.05128	0.00861	0.01272
19	0.37622	0.02183	0.02086	0.01674	0.02495	0.02222	0.01368	0.07249	0.02436	0.08915	0.02035	0.02223	0.01545	0.01036	0.00811	0.00292	0.00898	0.00705	0.00782	0.21425
20	0.25790	0.02291	0.02721	0.02192	0.02879	0.02486	0.06081	0.03429	0.07982	0.04107	0.02091	0.02467	0.01691	0.01201	0.01369	0.00334	0.11016	0.00837	0.00695	0.18342
21	0.02804	0.02643	0.11156	0.02192	0.03041	0.02033	0.02058	0.13057	0.03219	0.09230	0.09947	0.05194	0.03836	0.01633	0.01157	0.00339	0.01066	0.08897	0.00944	0.15555
22	0.13707	0.03002	0.12342	0.03302	0.09836	0.02341	0.13891	0.03475	0.02436	0.07198	0.02174	0.02582	0.01649	0.00994	0.01025	0.00313	0.01310	0.00919	0.00650	0.16852

[dist]
# distance from previous block
# <min> <max>
13	67

[block]
# block no. 5 follows, 11 sequences, length 19
# corresponding to MSA columns:
# 498-516
name=unknown_F
#
# <colnr> <probs for GDERKNQSTAVLIFYWHMCP>
#	G	D	E	R	K	N	Q	S	T	A	V	L	I	F	Y	W	H	M	C	P
0	0.07895	0.11578	0.03101	0.02068	0.02725	0.07484	0.05626	0.03212	0.02431	0.10125	0.06767	0.03207	0.02591	0.01737	0.01666	0.13710	0.01126	0.00963	0.00737	0.11251
1	0.19158	0.02288	0.03310	0.02850	0.07799	0.02250	0.10634	0.04473	0.05987	0.25329	0.03161	0.03142	0.02170	0.01202	0.01065	0.00355	0.01142	0.01044	0.00984	0.01656
2	0.08260	0.02253	0.02344	0.01887	0.02626	0.07117	0.01476	0.06777	0.02760	0.17261	0.03105	0.07745	0.02587	0.05953	0.01373	0.00349	0.01023	0.01098	0.00918	0.23086
3	0.02620	0.01968	0.02604	0.19557	0.04180	0.02208	0.02050	0.09762	0.12575	0.08409	0.03922	0.17989	0.03602	0.01883	0.01211	0.00390	0.01074	0.01639	0.00936	0.01419
4	0.25700	0.02056	0.02117	0.01628	0.02511	0.01871	0.01318	0.03206	0.02256	0.08066	0.02038	0.02273	0.01597	0.00951	0.00809	0.00244	0.00856	0.00683	0.00733	0.39088
5	0.08496	0.01873	0.02502	0.02143	0.02764	0.01812	0.06249	0.03531	0.10286	0.11336	0.04148	0.15791	0.03894	0.01908	0.01184	0.00372	0.00962	0.07552	0.00971	0.12225
6	0.02996	0.02187	0.02689	0.10879	0.03644	0.02142	0.01838	0.08551	0.12581	0.11678	0.02954	0.03076	0.02188	0.01155	0.01017	0.00287	0.01010	0.00946	0.00891	0.27293
7	0.02728	0.01492	0.01966	0.01769	0.02280	0.01310	0.01397	0.03148	0.02741	0.18760	0.12670	0.18380	0.05546	0.02213	0.01255	0.00374	0.00813	0.08810	0.01123	0.11227
8	0.03638	0.02204	0.06939	0.01947	0.02865	0.01632	0.01716	0.04179	0.02875	0.29518	0.08327	0.03708	0.03112	0.01286	0.01056	0.00295	0.00939	0.01055	0.01078	0.21631
9	0.01549	0.01116	0.01465	0.01446	0.01672	0.01032	0.01059	0.02012	0.02979	0.04185	0.43485	0.18690	0.09983	0.02547	0.01349	0.00375	0.00555	0.02269	0.01200	0.01032
10	0.02334	0.02001	0.02334	0.01667	0.02667	0.01500	0.01334	0.02834	0.02334	0.03668	0.02001	0.02334	0.01667	0.00834	0.00834	0.00167	0.00834	0.00667	0.00667	0.67325
11	0.02782	0.02432	0.03739	0.07946	0.15712	0.02415	0.10162	0.04078	0.14682	0.07339	0.02884	0.03177	0.02205	0.01126	0.01104	0.00324	0.01206	0.01066	0.00780	0.14842
12	0.02366	0.05140	0.44178	0.03024	0.04482	0.02651	0.03682	0.04049	0.12200	0.03794	0.02533	0.02742	0.01829	0.01161	0.01085	0.00362	0.01509	0.00920	0.00610	0.01687
13	0.03863	0.29642	0.08654	0.02072	0.03054	0.03033	0.01998	0.04340	0.02716	0.25952	0.02900	0.02768	0.02047	0.01166	0.00937	0.00299	0.01133	0.00861	0.00892	0.01676
14	0.01575	0.01101	0.01210	0.01210	0.01286	0.01063	0.00717	0.01632	0.01823	0.02354	0.05121	0.08060	0.13887	0.48902	0.04847	0.00949	0.00987	0.01785	0.00755	0.00736
15	0.03699	0.28960	0.04336	0.02488	0.03230	0.34143	0.02069	0.04019	0.02808	0.02710	0.01666	0.01935	0.01448	0.01077	0.00891	0.00269	0.01680	0.00673	0.00538	0.01364
16	0.01735	0.01273	0.01658	0.12554	0.02535	0.01374	0.01172	0.01885	0.01760	0.02321	0.03237	0.06491	0.03573	0.48556	0.04806	0.00948	0.01173	0.01509	0.00646	0.00796
17	0.02494	0.09475	0.28099	0.02987	0.04017	0.07011	0.06566	0.03334	0.02388	0.03328	0.05994	0.02854	0.02207	0.01338	0.01600	0.00370	0.12944	0.00968	0.00556	0.01469
18	0.08459	0.03573	0.19340	0.03667	0.11669	0.02589	0.12246	0.08466	0.02856	0.12559	0.02524	0.02802	0.01796	0.01116	0.01114	0.00354	0.01436	0.01007	0.00743	0.01683

[dist]
# distance from previous block
# <min> <max>
0	7

[block]
# block no. 6 follows, 11 sequences, length 9
# corresponding to MSA columns:
# 524-532
name=unknown_G
#
# <colnr> <probs for GDERKNQSTAVLIFYWHMCP>
#	G	D	E	R	K	N	Q	S	T	A	V	L	I	F	Y	W	H	M	C	P
0	0.02980	0.08054	0.31124	0.02726	0.04012	0.09115	0.03059	0.03874	0.02596	0.11123	0.02323	0.02515	0.01665	0.01095	0.01023	0.00317	0.01476	0.00831	0.00651	0.09440
1	0.03279	0.10590	0.17108	0.11389	0.09685	0.02714	0.02823	0.09345	0.02909	0.15579	0.02616	0.02822	0.01853	0.01166	0.01061	0.00338	0.01331	0.00939	0.00780	0.01675
2	0.01857	0.02705	0.16775	0.08534	0.03687	0.01801	0.07830	0.02545	0.02423	0.03280	0.07902	0.18961	0.12925	0.02083	0.01262	0.00391	0.01149	0.01863	0.00784	0.01244
3	0.03546	0.02480	0.06357	0.03061	0.09671	0.02155	0.09208	0.09092	0.02995	0.21672	0.03125	0.03494	0.02301	0.06202	0.01510	0.00392	0.01216	0.01103	0.00935	0.09485
4	0.02737	0.02744	0.03563	0.03447	0.12363	0.09681	0.10251	0.03726	0.10043	0.03653	0.02909	0.04044	0.02521	0.01313	0.01130	0.00326	0.01307	0.06463	0.00736	0.17042
5	0.03154	0.03909	0.24968	0.09868	0.08740	0.02651	0.03149	0.13863	0.03144	0.11966	0.02543	0.02780	0.01779	0.01181	0.01102	0.00352	0.01415	0.00952	0.00767	0.01716
6	0.03326	0.02257	0.02252	0.01942	0.02517	0.09858	0.01512	0.09319	0.03228	0.19532	0.10968	0.11990	0.12584	0.01971	0.01208	0.00358	0.01001	0.01629	0.01115	0.01433
7	0.03082	0.19354	0.16847	0.02522	0.03595	0.02738	0.08095	0.03760	0.02609	0.15402	0.03546	0.03585	0.07505	0.01300	0.01049	0.00328	0.01274	0.01072	0.00772	0.01566
8	0.02728	0.03216	0.18339	0.02736	0.03674	0.02288	0.08215	0.08782	0.08940	0.09461	0.03680	0.12476	0.03257	0.01725	0.01221	0.00389	0.01265	0.05183	0.00876	0.01548

[dist]
# distance from previous block
# <min> <max>
0	12

[block]
# block no. 7 follows, 11 sequences, length 22
# corresponding to MSA columns:
# 545-566
name=unknown_H
#
# <colnr> <probs for GDERKNQSTAVLIFYWHMCP>
#	G	D	E	R	K	N	Q	S	T	A	V	L	I	F	Y	W	H	M	C	P
0	0.11804	0.02213	0.02656	0.02392	0.07716	0.02126	0.01733	0.12512	0.03157	0.16404	0.07333	0.03293	0.02753	0.01243	0.01015	0.00299	0.00967	0.00994	0.00971	0.18422
1	0.07845	0.08416	0.03403	0.17228	0.14108	0.11437	0.02394	0.03444	0.02642	0.07232	0.08617	0.03346	0.02790	0.01256	0.01059	0.00333	0.01314	0.01029	0.00700	0.01408
2	0.19787	0.02789	0.12662	0.02003	0.03029	0.02019	0.01941	0.03702	0.02437	0.15465	0.02447	0.02553	0.01758	0.01061	0.00913	0.00292	0.01037	0.00791	0.00801	0.22512
3	0.03416	0.02356	0.02877	0.02770	0.09353	0.02482	0.01954	0.17243	0.15404	0.14086	0.11798	0.04235	0.03882	0.01516	0.01164	0.00353	0.00998	0.01267	0.01124	0.01722
4	0.01608	0.01206	0.01809	0.01809	0.02010	0.01407	0.01407	0.02010	0.01809	0.02613	0.03015	0.04422	0.02814	0.08441	0.55984	0.01809	0.03015	0.01206	0.00603	0.01005
5	0.02448	0.02302	0.09201	0.02899	0.12686	0.01855	0.02085	0.07221	0.03154	0.08557	0.27584	0.05609	0.06229	0.01721	0.01217	0.00348	0.00938	0.01506	0.01007	0.01432
6	0.02880	0.02488	0.04183	0.15235	0.40890	0.02550	0.03232	0.03541	0.02569	0.08183	0.02311	0.02919	0.01826	0.01060	0.01118	0.00343	0.01330	0.01014	0.00624	0.01703
7	0.03009	0.61122	0.05898	0.01926	0.02889	0.04454	0.01926	0.03370	0.02287	0.02648	0.01565	0.01805	0.01444	0.00963	0.00722	0.00241	0.01204	0.00602	0.00481	0.01444
8	0.03009	0.61122	0.05898	0.01926	0.02889	0.04454	0.01926	0.03370	0.02287	0.02648	0.01565	0.01805	0.01444	0.00963	0.00722	0.00241	0.01204	0.00602	0.00481	0.01444
9	0.01637	0.01091	0.01228	0.01228	0.01228	0.01091	0.00682	0.01637	0.01637	0.02182	0.03546	0.07365	0.04092	0.60445	0.05729	0.01091	0.01091	0.01637	0.00682	0.00682
10	0.01637	0.01091	0.01228	0.01228	0.01228	0.01091	0.00682	0.01637	0.01637	0.02182	0.03546	0.07365	0.04092	0.60445	0.05729	0.01091	0.01091	0.01637	0.00682	0.00682
11	0.03009	0.61122	0.05898	0.01926	0.02889	0.04454	0.01926	0.03370	0.02287	0.02648	0.01565	0.01805	0.01444	0.00963	0.00722	0.00241	0.01204	0.00602	0.00481	0.01444
12	0.03501	0.02352	0.03026	0.02485	0.03234	0.02465	0.06493	0.12533	0.21340	0.17480	0.04153	0.04656	0.03173	0.01577	0.01201	0.00380	0.01081	0.06001	0.01137	0.01732
13	0.01558	0.01162	0.01491	0.01684	0.01916	0.01094	0.01340	0.01921	0.02454	0.03137	0.07420	0.26235	0.18625	0.03168	0.01462	0.00465	0.00803	0.22045	0.01041	0.00978
14	0.04279	0.03153	0.03378	0.02590	0.03490	0.03490	0.02139	0.49671	0.05292	0.07093	0.02702	0.02702	0.01914	0.01351	0.01126	0.00338	0.01239	0.01013	0.01126	0.01914
15	0.02744	0.01672	0.01739	0.01505	0.01956	0.01772	0.01187	0.16553	0.03228	0.05054	0.03385	0.03754	0.02597	0.01323	0.00887	0.00285	0.00736	0.01038	0.47280	0.01305
16	0.02509	0.24325	0.38313	0.02779	0.04208	0.03229	0.03411	0.03499	0.02346	0.03258	0.01868	0.02185	0.01432	0.01034	0.00953	0.00318	0.01510	0.00755	0.00477	0.01590
17	0.04254	0.02093	0.02588	0.02104	0.02892	0.02059	0.01699	0.05660	0.20250	0.36706	0.04490	0.03961	0.03016	0.01440	0.01137	0.00360	0.00934	0.01182	0.01305	0.01868
18	0.01794	0.01405	0.01673	0.01781	0.02016	0.01472	0.01263	0.02874	0.16732	0.03417	0.05723	0.43275	0.06257	0.02934	0.01350	0.00435	0.00723	0.02629	0.01075	0.01171
19	0.02390	0.11422	0.43203	0.03267	0.04788	0.02842	0.09720	0.03549	0.02403	0.03471	0.02004	0.02400	0.01464	0.01042	0.01065	0.00347	0.01644	0.00871	0.00488	0.01621
20	0.02371	0.02251	0.03819	0.38854	0.24720	0.02565	0.03248	0.03091	0.02367	0.03173	0.02044	0.02921	0.01605	0.01080	0.01121	0.00360	0.01440	0.01001	0.00521	0.01448
21	0.09596	0.02254	0.09305	0.02412	0.03082	0.01790	0.08984	0.03114	0.02491	0.12001	0.04235	0.19697	0.04180	0.02122	0.01264	0.00414	0.01114	0.09701	0.00919	0.01324

[dist]
# distance from previous block
# <min> <max>
0	27

[block]
# block no. 8 follows, 11 sequences, length 30
# corresponding to MSA columns:
# 594-623
name=unknown_I
#
# <colnr> <probs for GDERKNQSTAVLIFYWHMCP>
#	G	D	E	R	K	N	Q	S	T	A	V	L	I	F	Y	W	H	M	C	P
0	0.27853	0.19343	0.03614	0.02060	0.02919	0.02913	0.06347	0.03870	0.02406	0.15802	0.02315	0.02415	0.01703	0.01094	0.00870	0.00320	0.01091	0.00802	0.00786	0.01479
1	0.26248	0.09084	0.02723	0.02049	0.02601	0.13191	0.01660	0.03483	0.02264	0.08606	0.01922	0.02329	0.01563	0.01538	0.01609	0.07960	0.08480	0.00774	0.00670	0.01249
2	0.02063	0.01885	0.03102	0.50545	0.06921	0.02321	0.02815	0.02718	0.02172	0.02787	0.02197	0.03556	0.01830	0.08677	0.01711	0.00466	0.01448	0.01081	0.00523	0.01178
3	0.16361	0.02548	0.03920	0.03346	0.09199	0.02575	0.16326	0.08149	0.07723	0.14511	0.02822	0.03017	0.02027	0.01156	0.01104	0.00359	0.01285	0.01078	0.00865	0.01628
4	0.02223	0.02077	0.03398	0.45864	0.12399	0.02412	0.02969	0.02937	0.02295	0.03053	0.02014	0.02904	0.01551	0.01080	0.01092	0.00348	0.01409	0.00964	0.00525	0.08486
5	0.02303	0.01309	0.01678	0.01660	0.01905	0.01262	0.01250	0.02561	0.02251	0.11803	0.04548	0.08604	0.04695	0.29942	0.03455	0.00759	0.01048	0.17010	0.00932	0.01024
6	0.04452	0.02158	0.02861	0.02255	0.02956	0.02210	0.01867	0.09732	0.03149	0.38863	0.03663	0.03437	0.02432	0.01503	0.01640	0.00376	0.12390	0.01090	0.01185	0.01779
7	0.02743	0.14919	0.35865	0.02979	0.04382	0.02851	0.07441	0.03752	0.02481	0.09170	0.02237	0.02499	0.01609	0.01077	0.01038	0.00337	0.01522	0.00869	0.00589	0.01641
8	0.02933	0.02534	0.05085	0.03792	0.04730	0.02365	0.32601	0.03716	0.02745	0.12518	0.03303	0.04863	0.02731	0.01405	0.01333	0.00398	0.01581	0.09066	0.00797	0.01504
9	0.02126	0.02001	0.03376	0.57739	0.07752	0.02501	0.03126	0.02876	0.02251	0.02876	0.02001	0.03001	0.01500	0.01125	0.01125	0.00375	0.01500	0.01000	0.00500	0.01250
10	0.02351	0.02230	0.03783	0.40391	0.23340	0.02560	0.03238	0.03073	0.02357	0.03149	0.02040	0.02927	0.01597	0.01083	0.01122	0.00361	0.01445	0.01001	0.00520	0.01432
11	0.01626	0.01248	0.01644	0.01691	0.01892	0.01266	0.01307	0.02014	0.02600	0.03535	0.22219	0.22537	0.12756	0.02815	0.01609	0.00429	0.05742	0.10986	0.01061	0.01021
12	0.03009	0.61122	0.05898	0.01926	0.02889	0.04454	0.01926	0.03370	0.02287	0.02648	0.01565	0.01805	0.01444	0.00963	0.00722	0.00241	0.01204	0.00602	0.00481	0.01444
13	0.02696	0.01623	0.02069	0.01956	0.02432	0.01585	0.01642	0.08889	0.03125	0.14033	0.11124	0.08989	0.10292	0.02427	0.01368	0.00429	0.00942	0.21920	0.01143	0.01317
14	0.02235	0.09727	0.39898	0.02871	0.04195	0.02512	0.03499	0.03303	0.02411	0.03446	0.02763	0.04376	0.02430	0.01465	0.01136	0.00379	0.01499	0.09750	0.00587	0.01520
15	0.02800	0.02418	0.02545	0.02291	0.02927	0.02800	0.01782	0.05981	0.51390	0.04708	0.04581	0.04199	0.03436	0.01527	0.01145	0.00382	0.00891	0.01273	0.01145	0.01782
16	0.01637	0.01091	0.01228	0.01228	0.01228	0.01091	0.00682	0.01637	0.01637	0.02182	0.03546	0.07365	0.04092	0.60445	0.05729	0.01091	0.01091	0.01637	0.00682	0.00682
17	0.68395	0.02177	0.01654	0.01480	0.02177	0.02525	0.01219	0.03309	0.01915	0.05050	0.01567	0.01828	0.01219	0.01045	0.00697	0.00348	0.00871	0.00609	0.00697	0.01219
18	0.35645	0.01893	0.01956	0.08683	0.02820	0.02085	0.01431	0.03301	0.02131	0.12785	0.02517	0.03427	0.02099	0.12910	0.01826	0.00499	0.01010	0.00954	0.00790	0.01238
19	0.02971	0.08569	0.14324	0.02226	0.03049	0.02095	0.02169	0.03837	0.07501	0.17782	0.04105	0.14234	0.03654	0.01863	0.01180	0.00381	0.01090	0.06481	0.00968	0.01521
20	0.55818	0.02125	0.01844	0.01584	0.02315	0.02352	0.01305	0.03741	0.02175	0.14809	0.02138	0.02226	0.01530	0.01114	0.00783	0.00348	0.00888	0.00713	0.00835	0.01357
21	0.25866	0.01691	0.01782	0.01549	0.02121	0.01705	0.01236	0.03282	0.02686	0.16276	0.19244	0.05258	0.09709	0.01700	0.01060	0.00353	0.00755	0.01355	0.01065	0.01307
22	0.03288	0.02215	0.02841	0.02320	0.02985	0.02282	0.05792	0.18130	0.09759	0.14310	0.09294	0.13842	0.04178	0.01835	0.01224	0.00372	0.01018	0.01594	0.01128	0.01594
23	0.02930	0.02335	0.03217	0.34934	0.05801	0.07094	0.02667	0.03513	0.02458	0.13035	0.02396	0.03013	0.01748	0.01289	0.01444	0.00377	0.08680	0.01001	0.00683	0.01385
24	0.02994	0.03054	0.03257	0.13114	0.04018	0.14302	0.02407	0.08262	0.08815	0.03446	0.02150	0.02717	0.01769	0.01521	0.02061	0.00398	0.22694	0.00972	0.00659	0.01389
25	0.03527	0.03921	0.03542	0.09236	0.04101	0.28031	0.06889	0.09925	0.07378	0.03571	0.02167	0.02558	0.01717	0.01273	0.01353	0.00343	0.07429	0.00926	0.00680	0.01431
26	0.02908	0.08134	0.03340	0.02446	0.03071	0.08175	0.09919	0.03412	0.02618	0.13291	0.09220	0.04036	0.03317	0.03374	0.16801	0.00754	0.01802	0.01203	0.00820	0.01361
27	0.10464	0.07953	0.02825	0.02197	0.02706	0.16457	0.01745	0.03667	0.02479	0.13130	0.02535	0.03208	0.02113	0.08047	0.08049	0.00582	0.08811	0.00962	0.00747	0.01323
28	0.17970	0.02426	0.03289	0.19219	0.04650	0.07608	0.10983	0.03120	0.02262	0.03468	0.02104	0.02887	0.01701	0.02371	0.10760	0.00615	0.01746	0.00979	0.00585	0.01255
29	0.25597	0.02097	0.02592	0.25606	0.04676	0.02492	0.02153	0.08011	0.02413	0.04068	0.02040	0.02718	0.01596	0.01954	0.07220	0.00525	0.01423	0.00888	0.00649	0.01283

[dist]
# distance from previous block
# <min> <max>
0	1

[block]
# block no. 9 follows, 11 sequences, length 6
# corresponding to MSA columns:
# 625-630
name=unknown_J
#
# <colnr> <probs for GDERKNQSTAVLIFYWHMCP>
#	G	D	E	R	K	N	Q	S	T	A	V	L	I	F	Y	W	H	M	C	P
0	0.25807	0.02140	0.02471	0.17029	0.03968	0.02440	0.01931	0.04128	0.13140	0.12217	0.02808	0.02990	0.02035	0.01229	0.00982	0.00363	0.01060	0.00945	0.00853	0.01463
1	0.21399	0.02266	0.02604	0.17188	0.04065	0.06154	0.01978	0.04106	0.02598	0.22973	0.02791	0.02926	0.01909	0.01208	0.01003	0.00351	0.01162	0.00924	0.00899	0.01499
2	0.44124	0.02839	0.02146	0.01877	0.02575	0.14179	0.01499	0.03917	0.02405	0.12377	0.02063	0.02192	0.01520	0.01126	0.00836	0.00335	0.01140	0.00718	0.00782	0.01349
3	0.03332	0.02153	0.03668	0.27094	0.05563	0.02240	0.10810	0.03998	0.02692	0.22521	0.02977	0.03323	0.02026	0.01196	0.01164	0.00366	0.01365	0.01109	0.00852	0.01551
4	0.38081	0.02762	0.02271	0.01933	0.02663	0.11933	0.01556	0.07525	0.02688	0.15650	0.02319	0.02373	0.01659	0.01166	0.00882	0.00337	0.01125	0.00776	0.00862	0.01441
5	0.18121	0.02725	0.02693	0.17604	0.04190	0.12024	0.02084	0.04193	0.13283	0.08548	0.02652	0.02901	0.01974	0.01227	0.01012	0.00353	0.01265	0.00934	0.00785	0.01432

[dist]
# distance from previous block
# <min> <max>
11	86

# created by:
# /st0/software/busco_prod/Augustus/scripts/msa2prfl.pl ./align_prep/11022.fa
