[name]
unknown

[dist]
# distance from previous block
# <min> <max>
0	8

[block]
# block no. 0 follows, 15 sequences, length 109
# corresponding to MSA columns:
# 8-116
name=unknown_A
#
# <colnr> <probs for GDERKNQSTAVLIFYWHMCP>
#	G	D	E	R	K	N	Q	S	T	A	V	L	I	F	Y	W	H	M	C	P
0	0.01939	0.01281	0.01612	0.05076	0.02172	0.01243	0.01314	0.02513	0.07112	0.11081	0.06360	0.13152	0.21959	0.02267	0.01195	0.00375	0.00756	0.16581	0.00948	0.01065
1	0.07283	0.02920	0.02717	0.08047	0.11507	0.22201	0.01975	0.07981	0.02541	0.03103	0.02892	0.03190	0.09602	0.01312	0.01226	0.00309	0.08420	0.00956	0.00608	0.01209
2	0.02347	0.02366	0.08545	0.25349	0.32157	0.02253	0.02913	0.03002	0.02195	0.06533	0.01961	0.02560	0.01519	0.00953	0.00988	0.00311	0.01240	0.00881	0.00516	0.01412
3	0.02227	0.23172	0.16156	0.08068	0.08836	0.02702	0.08276	0.02961	0.05036	0.02841	0.02224	0.09074	0.02019	0.01167	0.00922	0.00296	0.01189	0.01002	0.00529	0.01306
4	0.02317	0.02191	0.03704	0.11046	0.48707	0.02227	0.02843	0.02906	0.02293	0.03256	0.06897	0.02930	0.02254	0.01001	0.01005	0.00301	0.01134	0.00970	0.00543	0.01477
5	0.01241	0.01012	0.01096	0.01075	0.01385	0.00868	0.00807	0.01552	0.02420	0.03043	0.23005	0.09018	0.45218	0.02394	0.01178	0.00330	0.00496	0.02023	0.00972	0.00868
6	0.01420	0.00935	0.01122	0.01176	0.01189	0.00921	0.00702	0.01422	0.01543	0.02057	0.03562	0.19637	0.04145	0.45107	0.04086	0.07089	0.00867	0.01719	0.00663	0.00637
7	0.02682	0.02798	0.13220	0.04349	0.25749	0.02258	0.17723	0.03403	0.02361	0.12260	0.02233	0.02621	0.01652	0.00940	0.01037	0.00313	0.01318	0.00964	0.00604	0.01514
8	0.01490	0.00952	0.01263	0.01423	0.01538	0.00890	0.00985	0.01684	0.01968	0.06585	0.05197	0.52286	0.06026	0.07486	0.01538	0.00443	0.00648	0.05810	0.00923	0.00865
9	0.04408	0.01801	0.02378	0.01823	0.02597	0.01620	0.01506	0.09661	0.03027	0.54389	0.03787	0.03298	0.02394	0.01230	0.01002	0.00308	0.00872	0.00993	0.01211	0.01696
10	0.02763	0.02463	0.03811	0.05264	0.46312	0.02530	0.02799	0.14758	0.02810	0.03933	0.01991	0.02451	0.01605	0.00957	0.00989	0.00297	0.01165	0.00890	0.00606	0.01605
11	0.60351	0.02212	0.05036	0.01509	0.02196	0.02336	0.01322	0.08772	0.02052	0.04597	0.01523	0.01734	0.01159	0.00957	0.00678	0.00308	0.00848	0.00591	0.00648	0.01171
12	0.01461	0.00980	0.01125	0.01142	0.01159	0.00980	0.00677	0.01495	0.01512	0.02010	0.03297	0.06869	0.03779	0.60417	0.04804	0.00929	0.00963	0.05148	0.00627	0.00627
13	0.01883	0.01772	0.02990	0.62569	0.06866	0.02215	0.02769	0.02547	0.01993	0.02547	0.01772	0.02658	0.01329	0.00997	0.00997	0.00332	0.01329	0.00886	0.00443	0.01107
14	0.72007	0.01928	0.01465	0.01311	0.01928	0.02236	0.01080	0.02930	0.01697	0.04473	0.01388	0.01619	0.01080	0.00925	0.00617	0.00308	0.00771	0.00540	0.00617	0.01080
15	0.01883	0.01772	0.02990	0.62569	0.06866	0.02215	0.02769	0.02547	0.01993	0.02547	0.01772	0.02658	0.01329	0.00997	0.00997	0.00332	0.01329	0.00886	0.00443	0.01107
16	0.04388	0.01833	0.02398	0.01838	0.02613	0.01667	0.01519	0.11138	0.03081	0.52836	0.03742	0.03269	0.02372	0.01229	0.01002	0.00307	0.00879	0.00989	0.01204	0.01696
17	0.02516	0.02175	0.03656	0.18343	0.42137	0.02254	0.02852	0.03106	0.02260	0.08115	0.02036	0.02593	0.01603	0.00943	0.00990	0.00305	0.01187	0.00898	0.00548	0.01484
18	0.03656	0.04459	0.02804	0.02517	0.03054	0.53417	0.01904	0.07726	0.06122	0.02815	0.01749	0.01953	0.01416	0.01058	0.00913	0.00265	0.01689	0.00689	0.00577	0.01219
19	0.01956	0.01121	0.01138	0.01103	0.01387	0.01174	0.00836	0.02792	0.10751	0.03788	0.03379	0.03717	0.02632	0.01192	0.00747	0.00249	0.00516	0.00960	0.59529	0.01032
20	0.01459	0.01057	0.01135	0.01090	0.01422	0.00905	0.00809	0.01715	0.02282	0.06868	0.12469	0.08718	0.45966	0.07875	0.01507	0.00388	0.00568	0.01945	0.00932	0.00890
21	0.02295	0.02293	0.03185	0.35616	0.19745	0.08802	0.02645	0.03087	0.07065	0.02867	0.01978	0.02607	0.01543	0.01003	0.00985	0.00315	0.01295	0.00881	0.00515	0.01279
22	0.01231	0.00991	0.01097	0.01114	0.01390	0.00857	0.00819	0.01517	0.02333	0.02939	0.19298	0.17000	0.40896	0.02511	0.01191	0.00342	0.00508	0.02147	0.00961	0.00857
23	0.04473	0.01697	0.02313	0.01774	0.02545	0.01465	0.01465	0.04858	0.02853	0.59437	0.03933	0.03393	0.02468	0.01234	0.01003	0.00308	0.00848	0.01003	0.01234	0.01697
24	0.02044	0.02033	0.02976	0.57304	0.06534	0.07370	0.02695	0.02673	0.02066	0.02538	0.01752	0.02582	0.01325	0.00999	0.00988	0.00326	0.01370	0.00865	0.00449	0.01112
25	0.02322	0.03182	0.16160	0.06058	0.03531	0.14167	0.11524	0.06250	0.02443	0.03038	0.03217	0.13179	0.07645	0.01473	0.01060	0.00324	0.01305	0.01290	0.00625	0.01208
26	0.06038	0.01912	0.03316	0.50629	0.06341	0.02260	0.10177	0.02662	0.02028	0.02752	0.01785	0.02602	0.01341	0.00970	0.01000	0.00331	0.01347	0.00907	0.00462	0.01140
27	0.01684	0.01080	0.01420	0.01301	0.01584	0.00987	0.00987	0.02147	0.02825	0.08948	0.53373	0.07085	0.08787	0.01966	0.01160	0.00313	0.00504	0.01731	0.01110	0.01008
28	0.01999	0.05157	0.59800	0.02841	0.04315	0.02315	0.03683	0.03157	0.02105	0.03157	0.01789	0.02105	0.01263	0.00947	0.00947	0.00316	0.01473	0.00737	0.00421	0.01473
29	0.02467	0.02369	0.04046	0.06119	0.58747	0.02369	0.03059	0.03059	0.02270	0.03257	0.01875	0.02467	0.01579	0.00888	0.00987	0.00296	0.01184	0.00888	0.00493	0.01579
30	0.10386	0.01904	0.02354	0.01821	0.02583	0.01812	0.01504	0.13324	0.03063	0.45449	0.03443	0.03064	0.02212	0.01200	0.00967	0.00307	0.00884	0.00943	0.01138	0.01641
31	0.01289	0.00867	0.01177	0.01375	0.01425	0.00818	0.00917	0.01375	0.01821	0.02427	0.04951	0.55464	0.05891	0.03172	0.01651	0.10599	0.00620	0.02550	0.00854	0.00755
32	0.02251	0.02526	0.05460	0.03950	0.04874	0.02368	0.50286	0.03032	0.02313	0.03135	0.02327	0.08192	0.01966	0.01044	0.01185	0.00342	0.01582	0.01324	0.00542	0.01297
33	0.01782	0.01594	0.02288	0.02082	0.02176	0.02101	0.01688	0.02073	0.01566	0.02354	0.02026	0.03096	0.01933	0.04766	0.33709	0.01051	0.31265	0.00976	0.00488	0.00985
34	0.03981	0.01927	0.03142	0.02337	0.03164	0.01710	0.13924	0.04472	0.02737	0.46379	0.03488	0.03230	0.02246	0.01142	0.01043	0.00315	0.01042	0.01043	0.01064	0.01615
35	0.01548	0.01140	0.01558	0.01536	0.01709	0.01292	0.01145	0.02028	0.06814	0.02390	0.02825	0.04289	0.02691	0.16470	0.42263	0.05622	0.02090	0.01127	0.00585	0.00879
36	0.01765	0.01603	0.02603	0.48857	0.05657	0.01925	0.02351	0.02375	0.02150	0.02803	0.11854	0.03841	0.05706	0.01255	0.01037	0.00329	0.01139	0.01107	0.00580	0.01065
37	0.28823	0.35497	0.03597	0.01643	0.02326	0.03214	0.01514	0.02909	0.01854	0.03154	0.01379	0.01662	0.01207	0.00965	0.00881	0.00270	0.06850	0.00568	0.00499	0.01186
38	0.01883	0.01772	0.02990	0.62569	0.06866	0.02215	0.02769	0.02547	0.01993	0.02547	0.01772	0.02658	0.01329	0.00997	0.00997	0.00332	0.01329	0.00886	0.00443	0.01107
39	0.02245	0.02141	0.03644	0.27618	0.38988	0.02310	0.02949	0.02864	0.02165	0.02987	0.01836	0.02540	0.01484	0.00930	0.00991	0.00310	0.01239	0.00887	0.00474	0.01399
40	0.02882	0.02359	0.10959	0.01964	0.02621	0.05910	0.01744	0.03852	0.14131	0.22109	0.03807	0.16761	0.03242	0.01622	0.01049	0.00334	0.00940	0.01372	0.00941	0.01400
41	0.02412	0.02312	0.03946	0.11480	0.53819	0.02354	0.03032	0.03011	0.02244	0.03189	0.01865	0.02485	0.01555	0.00899	0.00988	0.00300	0.01198	0.00888	0.00489	0.01534
42	0.02658	0.02305	0.03882	0.05706	0.53409	0.02283	0.02908	0.03230	0.02325	0.08593	0.02071	0.02555	0.01663	0.00921	0.00988	0.00297	0.01152	0.00899	0.00564	0.01590
43	0.08543	0.01787	0.02845	0.56751	0.06397	0.02217	0.02608	0.02583	0.01965	0.02730	0.01735	0.02559	0.01305	0.00990	0.00961	0.00330	0.01276	0.00853	0.00459	0.01105
44	0.02417	0.27254	0.22365	0.02343	0.03183	0.07383	0.02473	0.02983	0.01998	0.02629	0.01511	0.01909	0.01281	0.01096	0.01347	0.00300	0.15121	0.00683	0.00433	0.01291
45	0.02135	0.01203	0.01680	0.01600	0.01800	0.01236	0.01242	0.02212	0.01954	0.11593	0.08325	0.05558	0.03590	0.06520	0.02606	0.25838	0.06405	0.12888	0.00748	0.00866
46	0.01883	0.01772	0.02990	0.62569	0.06866	0.02215	0.02769	0.02547	0.01993	0.02547	0.01772	0.02658	0.01329	0.00997	0.00997	0.00332	0.01329	0.00886	0.00443	0.01107
47	0.07925	0.02377	0.02847	0.08184	0.08148	0.02554	0.01940	0.32017	0.03651	0.16572	0.02545	0.02584	0.01772	0.01141	0.00973	0.00305	0.01055	0.00895	0.00926	0.01591
48	0.01624	0.06948	0.01711	0.01498	0.01709	0.06827	0.01092	0.01885	0.02210	0.02842	0.16538	0.40168	0.06251	0.02482	0.01160	0.00354	0.00713	0.02194	0.00881	0.00913
49	0.01732	0.00866	0.01299	0.01299	0.01299	0.00866	0.00866	0.01299	0.01299	0.01732	0.01732	0.03030	0.01732	0.03463	0.03896	0.70996	0.00866	0.00866	0.00433	0.00433
50	0.01199	0.01011	0.01039	0.01032	0.01359	0.00850	0.00774	0.01471	0.02321	0.02810	0.14396	0.09402	0.53973	0.02481	0.01178	0.00335	0.00502	0.02077	0.00941	0.00850
51	0.02396	0.02411	0.04379	0.03270	0.04085	0.02409	0.33392	0.07014	0.16318	0.03712	0.07488	0.03347	0.02603	0.01098	0.01124	0.00332	0.01311	0.01201	0.00717	0.01391
52	0.01986	0.01974	0.03629	0.49678	0.06500	0.02282	0.14332	0.02690	0.02073	0.02690	0.01826	0.02665	0.01369	0.00962	0.01036	0.00333	0.01407	0.00950	0.00456	0.01160
53	0.01178	0.01010	0.01010	0.01010	0.01347	0.00842	0.00757	0.01431	0.02272	0.02693	0.10099	0.09594	0.58342	0.02525	0.01178	0.00337	0.00505	0.02104	0.00926	0.00842
54	0.03590	0.04470	0.02763	0.02510	0.03029	0.54655	0.01889	0.04123	0.08662	0.02626	0.01812	0.02005	0.01474	0.01062	0.00911	0.00266	0.01689	0.00694	0.00568	0.01201
55	0.04473	0.01697	0.02313	0.01774	0.02545	0.01465	0.01465	0.04858	0.02853	0.59437	0.03933	0.03393	0.02468	0.01234	0.01003	0.00308	0.00848	0.01003	0.01234	0.01697
56	0.43842	0.01831	0.01819	0.01504	0.02185	0.01915	0.01240	0.03734	0.02179	0.27396	0.02449	0.02359	0.01659	0.01054	0.00778	0.00308	0.00803	0.00733	0.00874	0.01337
57	0.03324	0.02335	0.02562	0.02096	0.02787	0.02567	0.01688	0.25508	0.27258	0.13755	0.03365	0.03131	0.02407	0.01271	0.01006	0.00318	0.00923	0.01015	0.01042	0.01644
58	0.01918	0.01808	0.03055	0.59113	0.10042	0.02224	0.02786	0.02578	0.02010	0.02591	0.01778	0.02646	0.01344	0.00990	0.00996	0.00330	0.01320	0.00886	0.00446	0.01136
59	0.02060	0.04735	0.50589	0.03074	0.04468	0.02350	0.12471	0.03163	0.02147	0.03163	0.01828	0.02205	0.01305	0.00929	0.00986	0.00319	0.01509	0.00812	0.00435	0.01451
60	0.02052	0.01991	0.02806	0.02444	0.02474	0.02745	0.02021	0.02293	0.01540	0.02385	0.01541	0.02477	0.01511	0.02724	0.13136	0.00635	0.52810	0.00906	0.00453	0.01056
61	0.67466	0.01978	0.01753	0.01499	0.02142	0.02255	0.04603	0.02948	0.01739	0.04389	0.01429	0.01689	0.01108	0.00920	0.00653	0.00310	0.00830	0.00581	0.00610	0.01097
62	0.01409	0.01023	0.01347	0.01399	0.01609	0.00961	0.01084	0.01813	0.02509	0.03432	0.33834	0.18037	0.11146	0.02420	0.01240	0.00365	0.00596	0.13853	0.01015	0.00907
63	0.07017	0.02315	0.03305	0.08425	0.31906	0.02429	0.02429	0.12748	0.08472	0.03930	0.02158	0.02523	0.01701	0.00995	0.00954	0.00295	0.01083	0.00875	0.00651	0.05788
64	0.01424	0.01068	0.01602	0.01602	0.01780	0.01246	0.01246	0.01780	0.01602	0.02314	0.02670	0.03916	0.02492	0.07477	0.61015	0.01602	0.02670	0.01068	0.00534	0.00890
65	0.07838	0.02779	0.02647	0.02167	0.02857	0.11116	0.01740	0.29055	0.15745	0.09807	0.02714	0.02643	0.01966	0.01193	0.00963	0.00303	0.01087	0.00899	0.00928	0.01553
66	0.06358	0.03794	0.33257	0.10221	0.04211	0.02417	0.05758	0.09348	0.08542	0.03634	0.02101	0.02393	0.01524	0.01021	0.00960	0.00319	0.01305	0.00830	0.00573	0.01434
67	0.01346	0.00923	0.01118	0.01220	0.01245	0.00898	0.00745	0.01423	0.01651	0.02202	0.04176	0.31928	0.04929	0.37780	0.03403	0.00720	0.00796	0.02058	0.00745	0.00694
68	0.01401	0.01189	0.01609	0.01495	0.01856	0.01067	0.05809	0.01776	0.02356	0.02968	0.14722	0.09031	0.36151	0.02357	0.01218	0.00358	0.00689	0.12124	0.00909	0.00915
69	0.02750	0.02386	0.02964	0.07731	0.03240	0.06809	0.05431	0.10118	0.14612	0.08444	0.02397	0.02707	0.01862	0.01367	0.01773	0.00357	0.22033	0.00949	0.00718	0.01352
70	0.63350	0.01981	0.01657	0.04694	0.02278	0.02296	0.01229	0.06653	0.01926	0.04498	0.01481	0.01731	0.01137	0.00949	0.00665	0.00309	0.00825	0.00584	0.00635	0.01125
71	0.01211	0.00880	0.01144	0.01355	0.01437	0.00813	0.00911	0.01392	0.01941	0.02558	0.05899	0.59512	0.11135	0.03071	0.01264	0.00399	0.00572	0.02770	0.00925	0.00813
72	0.13654	0.02121	0.03253	0.09409	0.30439	0.02221	0.05578	0.03191	0.06050	0.06927	0.02133	0.02604	0.01692	0.01385	0.04856	0.00393	0.01209	0.00886	0.00596	0.01405
73	0.02832	0.09973	0.12395	0.06990	0.03765	0.02273	0.15775	0.06814	0.02566	0.17111	0.07317	0.03041	0.02373	0.01094	0.01011	0.00307	0.01203	0.01007	0.00741	0.01413
74	0.02074	0.13457	0.39523	0.02717	0.03912	0.02450	0.09736	0.02978	0.02107	0.02986	0.02089	0.07659	0.01773	0.01114	0.00960	0.00311	0.01359	0.00950	0.00477	0.01369
75	0.03724	0.04751	0.02825	0.02568	0.03082	0.60963	0.01926	0.03981	0.02825	0.02440	0.01541	0.01798	0.01284	0.01027	0.00899	0.00257	0.01798	0.00642	0.00514	0.01156
76	0.01320	0.01015	0.01206	0.01158	0.01433	0.00902	0.00869	0.01705	0.02606	0.03486	0.39350	0.08289	0.28596	0.02229	0.01177	0.00323	0.00484	0.01921	0.01030	0.00902
77	0.06732	0.02126	0.03977	0.02967	0.03661	0.02122	0.30919	0.02997	0.02201	0.06609	0.02309	0.02853	0.01764	0.01029	0.01219	0.00318	0.07130	0.01040	0.16799	0.01228
78	0.01326	0.00959	0.01267	0.01405	0.01551	0.00900	0.01029	0.01627	0.02227	0.03000	0.19405	0.38103	0.09966	0.02750	0.01259	0.00386	0.00601	0.10407	0.00969	0.00863
79	0.03478	0.18871	0.03382	0.02368	0.02960	0.47725	0.01875	0.03750	0.02639	0.02418	0.01505	0.01752	0.01283	0.00987	0.00839	0.00247	0.01628	0.00617	0.00493	0.01184
80	0.01883	0.01772	0.02990	0.62569	0.06866	0.02215	0.02769	0.02547	0.01993	0.02547	0.01772	0.02658	0.01329	0.00997	0.00997	0.00332	0.01329	0.00886	0.00443	0.01107
81	0.02467	0.02369	0.04046	0.06119	0.58747	0.02369	0.03059	0.03059	0.02270	0.03257	0.01875	0.02467	0.01579	0.00888	0.00987	0.00296	0.01184	0.00888	0.00493	0.01579
82	0.01421	0.01059	0.01348	0.01389	0.01646	0.00986	0.01117	0.01837	0.02521	0.03361	0.29645	0.09194	0.19562	0.02386	0.01242	0.00367	0.00625	0.18385	0.00999	0.00910
83	0.01215	0.00868	0.01157	0.01388	0.01446	0.00810	0.00925	0.01388	0.01909	0.02545	0.05495	0.64315	0.06593	0.03123	0.01272	0.00405	0.00578	0.02834	0.00925	0.00810
84	0.03991	0.02469	0.02792	0.02140	0.02930	0.02612	0.01768	0.40502	0.04146	0.21967	0.02848	0.02688	0.01923	0.01208	0.00999	0.00302	0.01024	0.00929	0.01067	0.01696
85	0.02128	0.14533	0.47669	0.02751	0.04096	0.02586	0.06724	0.03132	0.02108	0.03031	0.01740	0.02063	0.01282	0.00925	0.00914	0.00301	0.01423	0.00733	0.00427	0.01434
86	0.01215	0.00868	0.01157	0.01388	0.01446	0.00810	0.00925	0.01388	0.01909	0.02545	0.05495	0.64315	0.06593	0.03123	0.01272	0.00405	0.00578	0.02834	0.00925	0.00810
87	0.04473	0.01697	0.02313	0.01774	0.02545	0.01465	0.01465	0.04858	0.02853	0.59437	0.03933	0.03393	0.02468	0.01234	0.01003	0.00308	0.00848	0.01003	0.01234	0.01697
88	0.01841	0.01290	0.01905	0.05590	0.02406	0.01252	0.04798	0.02313	0.02450	0.08218	0.17482	0.08426	0.10750	0.02199	0.01241	0.00384	0.00842	0.24654	0.00933	0.01024
89	0.03373	0.03943	0.02898	0.02535	0.03106	0.41284	0.05105	0.07227	0.14674	0.03087	0.02167	0.02305	0.01705	0.01096	0.00947	0.00282	0.01530	0.00795	0.00650	0.01291
90	0.01999	0.05157	0.59800	0.02841	0.04315	0.02315	0.03683	0.03157	0.02105	0.03157	0.01789	0.02105	0.01263	0.00947	0.00947	0.00316	0.01473	0.00737	0.00421	0.01473
91	0.02067	0.01772	0.02067	0.01477	0.02362	0.01329	0.01181	0.02510	0.02067	0.03248	0.01772	0.02067	0.01477	0.00738	0.00738	0.00148	0.00738	0.00591	0.00591	0.71059
92	0.01568	0.01221	0.01793	0.02154	0.10611	0.01291	0.01319	0.01842	0.01709	0.02394	0.03054	0.12602	0.03208	0.21202	0.28384	0.01062	0.01694	0.01382	0.00600	0.00912
93	0.03790	0.02792	0.02992	0.02294	0.03091	0.03091	0.01895	0.55423	0.04687	0.06283	0.02393	0.02393	0.01695	0.01197	0.00997	0.00299	0.01097	0.00898	0.00997	0.01695
94	0.01450	0.00966	0.01087	0.01087	0.01087	0.00966	0.00604	0.01450	0.01450	0.01933	0.03141	0.06524	0.03624	0.64965	0.05074	0.00966	0.00966	0.01450	0.00604	0.00604
95	0.02363	0.02301	0.04040	0.15029	0.45620	0.02357	0.07662	0.02989	0.02233	0.03137	0.01871	0.02518	0.01533	0.00901	0.01005	0.00305	0.01252	0.00914	0.00486	0.01482
96	0.04473	0.01697	0.02313	0.01774	0.02545	0.01465	0.01465	0.04858	0.02853	0.59437	0.03933	0.03393	0.02468	0.01234	0.01003	0.00308	0.00848	0.01003	0.01234	0.01697
97	0.01215	0.00868	0.01157	0.01388	0.01446	0.00810	0.00925	0.01388	0.01909	0.02545	0.05495	0.64315	0.06593	0.03123	0.01272	0.00405	0.00578	0.02834	0.00925	0.00810
98	0.01450	0.01011	0.01297	0.01226	0.01461	0.00940	0.00919	0.01920	0.02758	0.03973	0.53397	0.07119	0.08805	0.01961	0.01134	0.00306	0.00470	0.01726	0.07188	0.00940
99	0.02409	0.42351	0.26197	0.02142	0.03233	0.03318	0.02466	0.03051	0.02056	0.02657	0.01541	0.01793	0.01273	0.00889	0.00758	0.00253	0.01223	0.00611	0.00424	0.01354
100	0.02264	0.02390	0.04638	0.17410	0.05181	0.02443	0.34516	0.03375	0.10888	0.03197	0.02282	0.02844	0.01712	0.00957	0.01109	0.00336	0.01458	0.01101	0.00571	0.01326
101	0.01411	0.01019	0.01333	0.01254	0.01489	0.00941	0.00941	0.01881	0.02822	0.03998	0.58221	0.07447	0.09406	0.02038	0.01176	0.00314	0.00470	0.01803	0.01097	0.00941
102	0.02263	0.01989	0.03340	0.37780	0.25857	0.02225	0.02794	0.02883	0.02150	0.06393	0.01946	0.02633	0.01494	0.00971	0.00993	0.00317	0.01245	0.00894	0.00512	0.01320
103	0.01833	0.01529	0.02080	0.11584	0.07497	0.01763	0.01529	0.02420	0.09082	0.02530	0.02681	0.04467	0.02642	0.28920	0.07296	0.00704	0.08692	0.01171	0.00599	0.00979
104	0.01606	0.01147	0.01606	0.01836	0.02065	0.01147	0.01606	0.02065	0.02295	0.02983	0.05278	0.11245	0.05737	0.02754	0.01377	0.00459	0.00918	0.52037	0.00918	0.00918
105	0.01938	0.01829	0.03090	0.57208	0.11793	0.02229	0.02796	0.02596	0.02020	0.02614	0.01782	0.02640	0.01353	0.00986	0.00996	0.00329	0.01315	0.00886	0.00448	0.01152
106	0.66080	0.01908	0.01540	0.01352	0.01982	0.02169	0.01113	0.03100	0.01798	0.09296	0.01611	0.01775	0.01201	0.00952	0.00651	0.00308	0.00778	0.00580	0.00671	0.01134
107	0.06282	0.01754	0.02015	0.01995	0.05837	0.05206	0.01466	0.08469	0.05560	0.13438	0.09249	0.12338	0.07882	0.02174	0.04860	0.00420	0.00977	0.07941	0.00913	0.01222
108	0.06471	0.06740	0.06666	0.01758	0.02641	0.01951	0.01551	0.11850	0.02584	0.10473	0.02088	0.02226	0.01581	0.00909	0.00815	0.00218	0.00891	0.00696	0.00714	0.37177

[dist]
# distance from previous block
# <min> <max>
0	24

# created by:
# /st0/software/busco_prod/Augustus/scripts/msa2prfl.pl ./align_prep/11048.fa
