[name]
unknown

[dist]
# distance from previous block
# <min> <max>
0	28

[block]
# block no. 0 follows, 12 sequences, length 24
# corresponding to MSA columns:
# 28-51
name=unknown_A
#
# <colnr> <probs for GDERKNQSTAVLIFYWHMCP>
#	G	D	E	R	K	N	Q	S	T	A	V	L	I	F	Y	W	H	M	C	P
0	0.02059	0.01938	0.03270	0.59060	0.07510	0.02422	0.03028	0.02786	0.02180	0.02786	0.01938	0.02907	0.01453	0.01090	0.01090	0.00363	0.01453	0.00969	0.00484	0.01211
1	0.01289	0.01105	0.01105	0.01105	0.01473	0.00920	0.00828	0.01565	0.02485	0.02946	0.11046	0.10493	0.54437	0.02761	0.01289	0.00368	0.00552	0.02301	0.01013	0.00920
2	0.02699	0.02591	0.04426	0.06693	0.54879	0.02591	0.03346	0.03346	0.02483	0.03562	0.02051	0.02699	0.01727	0.00972	0.01079	0.00324	0.01295	0.00972	0.00540	0.01727
3	0.02393	0.02278	0.03873	0.31757	0.32207	0.02510	0.03194	0.03078	0.02338	0.03191	0.01997	0.02798	0.01596	0.01028	0.01085	0.00343	0.01371	0.00970	0.00513	0.01480
4	0.01603	0.01162	0.01561	0.01728	0.01957	0.01120	0.01413	0.02035	0.02543	0.03364	0.15462	0.19901	0.11103	0.02914	0.01427	0.00451	0.00809	0.27423	0.01043	0.00981
5	0.01757	0.01255	0.01757	0.02008	0.02259	0.01255	0.01757	0.02259	0.02510	0.03263	0.05773	0.12299	0.06275	0.03012	0.01506	0.00502	0.01004	0.47540	0.01004	0.01004
6	0.02574	0.02941	0.06434	0.04596	0.05699	0.02757	0.50919	0.03493	0.02574	0.03493	0.02206	0.02941	0.01654	0.00919	0.01287	0.00368	0.01838	0.01287	0.00551	0.01471
7	0.03514	0.02437	0.03353	0.03860	0.22238	0.02505	0.02358	0.12833	0.13087	0.17547	0.03194	0.03212	0.02313	0.01228	0.01092	0.00337	0.01100	0.01057	0.00956	0.01782
8	0.02915	0.62337	0.05714	0.01866	0.02799	0.04314	0.01866	0.03265	0.02215	0.02565	0.01516	0.01749	0.01399	0.00933	0.00700	0.00233	0.01166	0.00583	0.00466	0.01399
9	0.02514	0.31142	0.33398	0.02549	0.03855	0.03334	0.03056	0.03368	0.02263	0.03054	0.01758	0.02053	0.01389	0.00990	0.00885	0.00295	0.01411	0.00706	0.00463	0.01516
10	0.02696	0.45316	0.20820	0.02239	0.03375	0.03779	0.02515	0.03321	0.02241	0.02832	0.01648	0.01915	0.01394	0.00964	0.00801	0.00267	0.01300	0.00650	0.00465	0.01463
11	0.01543	0.01115	0.01457	0.01372	0.01629	0.01029	0.01029	0.02058	0.03086	0.04372	0.54304	0.08145	0.10288	0.02229	0.01286	0.00343	0.00514	0.01972	0.01200	0.01029
12	0.69383	0.02109	0.01603	0.01434	0.02109	0.02446	0.01181	0.03205	0.01856	0.04892	0.01518	0.01771	0.01181	0.01012	0.00675	0.00337	0.00843	0.00590	0.00675	0.01181
13	0.02699	0.02591	0.04426	0.06693	0.54879	0.02591	0.03346	0.03346	0.02483	0.03562	0.02051	0.02699	0.01727	0.00972	0.01079	0.00324	0.01295	0.00972	0.00540	0.01727
14	0.01334	0.01106	0.01167	0.01152	0.01500	0.00940	0.00864	0.01652	0.02592	0.03199	0.18726	0.10076	0.46598	0.02667	0.01288	0.00364	0.00546	0.02243	0.01046	0.00940
15	0.04251	0.02191	0.02669	0.02075	0.02862	0.02160	0.01702	0.21022	0.03819	0.32761	0.09374	0.03830	0.03263	0.01435	0.01116	0.00334	0.00976	0.01155	0.01242	0.01762
16	0.15498	0.02679	0.04918	0.04595	0.19307	0.02649	0.27491	0.03395	0.02409	0.03783	0.02028	0.02645	0.01584	0.00952	0.01108	0.00349	0.01488	0.01061	0.00572	0.01489
17	0.04387	0.01919	0.02497	0.01940	0.02770	0.01714	0.01586	0.05117	0.08674	0.44749	0.04086	0.03610	0.02664	0.01311	0.01070	0.00324	0.00909	0.01068	0.01253	0.08354
18	0.03387	0.02375	0.02621	0.02217	0.02922	0.02617	0.01764	0.13771	0.34821	0.14824	0.04088	0.03742	0.02945	0.01424	0.01104	0.00356	0.00935	0.01162	0.01152	0.01774
19	0.02261	0.01938	0.02261	0.01615	0.02584	0.01453	0.01292	0.02745	0.02261	0.03553	0.01938	0.02261	0.01615	0.00807	0.00807	0.00161	0.00807	0.00646	0.00646	0.68346
20	0.01384	0.01085	0.01218	0.01226	0.01498	0.00956	0.00884	0.01684	0.02507	0.03205	0.20532	0.15316	0.33465	0.08126	0.01692	0.00434	0.00598	0.02244	0.01027	0.00920
21	0.01394	0.01000	0.01324	0.01473	0.01596	0.00929	0.01017	0.01683	0.02393	0.03270	0.20795	0.44797	0.08153	0.03053	0.01359	0.00412	0.00596	0.02754	0.01070	0.00929
22	0.01475	0.01135	0.01383	0.01524	0.01794	0.01043	0.01217	0.01823	0.02425	0.03039	0.08137	0.20067	0.27649	0.02973	0.01390	0.00433	0.00740	0.19799	0.01009	0.00946
23	0.32797	0.02364	0.07025	0.01830	0.02625	0.02175	0.01636	0.08098	0.02665	0.19886	0.06727	0.02982	0.02441	0.01239	0.00919	0.00338	0.00945	0.00906	0.00934	0.01468

[dist]
# distance from previous block
# <min> <max>
0	5

[block]
# block no. 1 follows, 12 sequences, length 35
# corresponding to MSA columns:
# 57-91
name=unknown_B
#
# <colnr> <probs for GDERKNQSTAVLIFYWHMCP>
#	G	D	E	R	K	N	Q	S	T	A	V	L	I	F	Y	W	H	M	C	P
0	0.02359	0.02244	0.03811	0.34542	0.29687	0.02501	0.03177	0.03048	0.02322	0.03149	0.01991	0.02809	0.01582	0.01035	0.01085	0.00345	0.01379	0.00970	0.00510	0.01453
1	0.04892	0.01856	0.02530	0.01940	0.02783	0.01603	0.01603	0.05314	0.03121	0.55634	0.04302	0.03711	0.02699	0.01350	0.01096	0.00337	0.00928	0.01096	0.01350	0.01856
2	0.01451	0.01037	0.01400	0.01619	0.01746	0.00987	0.01189	0.01746	0.02286	0.03054	0.10730	0.44275	0.07295	0.03203	0.01408	0.00447	0.00708	0.13461	0.01029	0.00928
3	0.02423	0.23995	0.39741	0.02706	0.04097	0.03109	0.03328	0.03392	0.02274	0.03166	0.01814	0.02123	0.01387	0.01003	0.00927	0.00309	0.01467	0.00734	0.00462	0.01543
4	0.01509	0.07139	0.01723	0.01538	0.01732	0.01255	0.01122	0.01743	0.02169	0.02808	0.06088	0.46673	0.11668	0.03072	0.01318	0.00417	0.00700	0.05420	0.00957	0.00948
5	0.01586	0.01057	0.01189	0.01189	0.01189	0.01057	0.00661	0.01586	0.01586	0.02114	0.03436	0.07135	0.03964	0.61681	0.05550	0.01057	0.01057	0.01586	0.00661	0.00661
6	0.01388	0.00995	0.01318	0.01478	0.01595	0.00925	0.01017	0.01667	0.02364	0.03223	0.19367	0.46358	0.08062	0.03088	0.01362	0.00415	0.00600	0.02788	0.01064	0.00925
7	0.02642	0.03750	0.22622	0.04173	0.17621	0.02693	0.12317	0.08456	0.07694	0.03941	0.02340	0.02733	0.01763	0.01068	0.01108	0.00345	0.01457	0.01000	0.00626	0.01650
8	0.02737	0.03067	0.10699	0.04969	0.26494	0.02774	0.15574	0.08506	0.02704	0.03812	0.02091	0.02682	0.01658	0.01078	0.01334	0.00351	0.06232	0.01034	0.00588	0.01617
9	0.01372	0.00992	0.01308	0.01545	0.01648	0.00928	0.01081	0.01601	0.02158	0.02845	0.06303	0.52525	0.10097	0.03331	0.01398	0.00444	0.00668	0.07844	0.01011	0.00901
10	0.01839	0.01157	0.01336	0.01356	0.01592	0.01161	0.01015	0.02453	0.06062	0.03747	0.14066	0.11827	0.05264	0.07871	0.01513	0.00407	0.00659	0.06862	0.28792	0.01021
11	0.02778	0.15697	0.13317	0.06182	0.11930	0.09285	0.02551	0.04118	0.16528	0.03470	0.02541	0.02739	0.01991	0.01141	0.00991	0.00319	0.01291	0.00903	0.00669	0.01556
12	0.23566	0.02274	0.03215	0.07121	0.03658	0.02379	0.13231	0.04108	0.10543	0.15226	0.02782	0.02926	0.01986	0.01144	0.01013	0.00352	0.01149	0.00997	0.00845	0.01484
13	0.04191	0.02116	0.02586	0.02077	0.02858	0.02100	0.01685	0.10057	0.17628	0.36070	0.04172	0.03704	0.02795	0.01383	0.01100	0.00346	0.00936	0.01124	0.01255	0.01818
14	0.02965	0.01979	0.02048	0.01759	0.02336	0.06507	0.01383	0.07455	0.08820	0.18304	0.11160	0.06226	0.20719	0.01903	0.01171	0.00346	0.00867	0.01559	0.01103	0.01392
15	0.07770	0.23020	0.03842	0.08228	0.03427	0.06410	0.01957	0.14629	0.03086	0.14294	0.02378	0.02477	0.01754	0.01135	0.00925	0.00299	0.01185	0.00825	0.00806	0.01552
16	0.01548	0.01232	0.01404	0.01339	0.01680	0.01148	0.01011	0.02213	0.07758	0.03770	0.30551	0.08763	0.28802	0.02386	0.01270	0.00357	0.00565	0.02042	0.01110	0.01051
17	0.04892	0.01856	0.02530	0.01940	0.02783	0.01603	0.01603	0.05314	0.03121	0.55634	0.04302	0.03711	0.02699	0.01350	0.01096	0.00337	0.00928	0.01096	0.01350	0.01856
18	0.02651	0.02949	0.09761	0.03201	0.04053	0.07700	0.22414	0.03650	0.08450	0.07331	0.07513	0.09167	0.03182	0.01411	0.01206	0.00360	0.01411	0.01397	0.00768	0.01426
19	0.03562	0.02562	0.03354	0.02624	0.03384	0.05632	0.10690	0.21956	0.03623	0.15817	0.03396	0.12268	0.02836	0.01575	0.01170	0.00353	0.01211	0.01387	0.01005	0.01594
20	0.02278	0.02215	0.03418	0.27139	0.09983	0.02876	0.02754	0.02764	0.01967	0.02786	0.01708	0.02638	0.01470	0.01468	0.02273	0.00414	0.29148	0.00962	0.00486	0.01253
21	0.32966	0.08648	0.03309	0.02383	0.03131	0.08346	0.10333	0.08896	0.02509	0.04287	0.01779	0.02130	0.01401	0.01086	0.01034	0.00334	0.04640	0.00791	0.00658	0.01341
22	0.04826	0.01961	0.02596	0.01990	0.02836	0.01760	0.01644	0.09368	0.03298	0.51330	0.04153	0.03615	0.02624	0.01346	0.01096	0.00336	0.00952	0.01086	0.01327	0.01855
23	0.02503	0.02391	0.04072	0.22707	0.40393	0.02539	0.03249	0.03175	0.02390	0.03325	0.02016	0.02762	0.01643	0.01008	0.01083	0.00336	0.01344	0.00971	0.00523	0.01569
24	0.02222	0.01888	0.02019	0.01893	0.02402	0.02067	0.01485	0.04262	0.33755	0.03982	0.06379	0.06704	0.17549	0.01993	0.01201	0.00384	0.00794	0.06520	0.01072	0.01429
25	0.01789	0.01109	0.01442	0.01490	0.01721	0.01007	0.01066	0.02092	0.02489	0.09294	0.18031	0.36534	0.12112	0.02824	0.01322	0.00399	0.00630	0.02515	0.01097	0.01036
26	0.03591	0.03694	0.02901	0.02529	0.03177	0.25790	0.01960	0.14937	0.21731	0.04262	0.02891	0.02874	0.02204	0.01293	0.01052	0.00323	0.01399	0.00956	0.00875	0.01559
27	0.09568	0.02028	0.02426	0.01836	0.02712	0.01802	0.01501	0.08813	0.02902	0.27623	0.03041	0.02911	0.02092	0.01122	0.00955	0.00273	0.00905	0.00879	0.01012	0.25598
28	0.11501	0.02634	0.02826	0.02216	0.03002	0.02864	0.01820	0.36279	0.04348	0.11218	0.07775	0.03175	0.02695	0.01370	0.01063	0.00331	0.01064	0.01046	0.01079	0.01695
29	0.02385	0.02385	0.03340	0.02863	0.02863	0.03340	0.02385	0.02624	0.01670	0.02624	0.01431	0.02385	0.01431	0.01908	0.03578	0.00477	0.59685	0.00954	0.00477	0.01193
30	0.01320	0.00981	0.01232	0.01432	0.01559	0.00893	0.00974	0.01528	0.02170	0.02817	0.07058	0.50462	0.17042	0.03280	0.01370	0.00427	0.00616	0.02933	0.01012	0.00893
31	0.02625	0.02515	0.04292	0.12745	0.49404	0.02571	0.03310	0.03282	0.02448	0.03472	0.02038	0.02723	0.01695	0.00985	0.01081	0.00328	0.01314	0.00971	0.00533	0.01667
32	0.21456	0.01965	0.02355	0.01884	0.02614	0.01964	0.01557	0.04546	0.02673	0.38110	0.03343	0.03098	0.02201	0.01307	0.01190	0.00349	0.05705	0.00953	0.01103	0.01626
33	0.03767	0.01837	0.02534	0.02067	0.02623	0.01894	0.01695	0.04155	0.02681	0.35161	0.07652	0.03854	0.03058	0.02213	0.07193	0.00507	0.13322	0.01145	0.01080	0.01563
34	0.01461	0.01111	0.01344	0.01286	0.01579	0.00994	0.00964	0.01899	0.02893	0.03912	0.40353	0.08902	0.24526	0.02401	0.01287	0.00351	0.00527	0.02078	0.01140	0.00994

[dist]
# distance from previous block
# <min> <max>
0	1

[block]
# block no. 2 follows, 12 sequences, length 18
# corresponding to MSA columns:
# 93-110
name=unknown_C
#
# <colnr> <probs for GDERKNQSTAVLIFYWHMCP>
#	G	D	E	R	K	N	Q	S	T	A	V	L	I	F	Y	W	H	M	C	P
0	0.10271	0.02483	0.03274	0.02929	0.06543	0.06816	0.12056	0.09536	0.09785	0.04101	0.03403	0.05366	0.03094	0.01644	0.01190	0.00386	0.01261	0.13635	0.00833	0.01394
1	0.15431	0.09742	0.02776	0.01895	0.02619	0.02492	0.01586	0.16995	0.03336	0.16623	0.12192	0.03624	0.03423	0.01387	0.01004	0.00322	0.00943	0.01070	0.01016	0.01524
2	0.02956	0.33737	0.09692	0.02139	0.03072	0.14420	0.02030	0.03411	0.02411	0.02859	0.01673	0.01944	0.01438	0.00959	0.00812	0.00241	0.01309	0.00642	0.00518	0.13735
3	0.02519	0.10926	0.18669	0.03263	0.09706	0.02726	0.10746	0.03839	0.12946	0.03602	0.02471	0.02749	0.01901	0.01065	0.01032	0.00318	0.01316	0.00949	0.00641	0.08615
4	0.02448	0.02379	0.09385	0.02653	0.06999	0.02047	0.06144	0.03828	0.18687	0.08773	0.04188	0.20044	0.03874	0.01882	0.01193	0.00381	0.01015	0.01689	0.00931	0.01460
5	0.01518	0.01055	0.01338	0.01492	0.01570	0.01029	0.01031	0.01699	0.01980	0.02623	0.04960	0.29929	0.05755	0.25965	0.03031	0.00694	0.00875	0.11760	0.00874	0.00823
6	0.02915	0.62337	0.05714	0.01866	0.02799	0.04314	0.01866	0.03265	0.02215	0.02565	0.01516	0.01749	0.01399	0.00933	0.00700	0.00233	0.01166	0.00583	0.00466	0.01399
7	0.01586	0.01057	0.01189	0.01189	0.01189	0.01057	0.00661	0.01586	0.01586	0.02114	0.03436	0.07135	0.03964	0.61681	0.05550	0.01057	0.01057	0.01586	0.00661	0.00661
8	0.01402	0.00956	0.01239	0.01465	0.01549	0.00899	0.00986	0.01626	0.02108	0.02918	0.05752	0.54986	0.06747	0.03190	0.01326	0.00423	0.00620	0.02881	0.08028	0.00899
9	0.03333	0.02825	0.10179	0.09892	0.22196	0.02486	0.02767	0.12579	0.03061	0.15944	0.02645	0.02886	0.01900	0.01140	0.01081	0.00334	0.01251	0.00981	0.00810	0.01711
10	0.02640	0.37825	0.22540	0.02538	0.03713	0.03573	0.07235	0.03349	0.02278	0.02949	0.01728	0.02046	0.01417	0.00966	0.00867	0.00283	0.01378	0.00724	0.00472	0.01477
11	0.02509	0.01391	0.01740	0.01615	0.02034	0.01290	0.01220	0.03096	0.07399	0.18449	0.12356	0.23461	0.14257	0.02370	0.01248	0.00380	0.00711	0.02061	0.01143	0.01270
12	0.01546	0.01114	0.01470	0.01444	0.01685	0.01039	0.01096	0.02033	0.02951	0.04138	0.45774	0.12837	0.09657	0.02400	0.01315	0.00366	0.00570	0.06382	0.01166	0.01015
13	0.03906	0.02940	0.16794	0.02846	0.09872	0.01971	0.02459	0.04577	0.02826	0.35378	0.03403	0.03214	0.02231	0.01220	0.01078	0.00338	0.01153	0.01004	0.01014	0.01775
14	0.11992	0.07892	0.08693	0.02603	0.08196	0.02634	0.02113	0.17403	0.03252	0.16923	0.02616	0.02648	0.01853	0.01156	0.00982	0.00314	0.01116	0.00885	0.00898	0.05831
15	0.03514	0.01551	0.02089	0.01706	0.02308	0.01366	0.01366	0.03974	0.03107	0.34535	0.24883	0.05536	0.05823	0.01712	0.01174	0.00340	0.00758	0.01457	0.01288	0.01515
16	0.03013	0.01980	0.02547	0.02203	0.07793	0.01606	0.01578	0.03497	0.02515	0.17590	0.02586	0.02695	0.01918	0.00970	0.00912	0.00225	0.00888	0.00799	0.00825	0.43860
17	0.02841	0.56534	0.10864	0.01993	0.02995	0.04132	0.02087	0.03284	0.02224	0.02656	0.01561	0.01806	0.01397	0.00943	0.00734	0.00245	0.01212	0.00606	0.00466	0.01421

[dist]
# distance from previous block
# <min> <max>
0	495

# created by:
# /st0/software/busco_prod/Augustus/scripts/msa2prfl.pl ./align_prep/11053.fa
