[name]
unknown

[dist]
# distance from previous block
# <min> <max>
0	63

[block]
# block no. 0 follows, 10 sequences, length 11
# corresponding to MSA columns:
# 63-73
name=unknown_A
#
# <colnr> <probs for GDERKNQSTAVLIFYWHMCP>
#	G	D	E	R	K	N	Q	S	T	A	V	L	I	F	Y	W	H	M	C	P
0	0.01738	0.01326	0.01645	0.01774	0.02046	0.01306	0.01379	0.02438	0.07885	0.03524	0.11121	0.25508	0.14884	0.03041	0.01459	0.00460	0.00799	0.15457	0.01107	0.01105
1	0.03151	0.02395	0.03940	0.20838	0.28769	0.02495	0.03089	0.03818	0.02690	0.13512	0.02641	0.03165	0.01966	0.01156	0.01159	0.00361	0.01352	0.01063	0.00734	0.01705
2	0.03843	0.03671	0.20088	0.02648	0.03810	0.02550	0.02709	0.13664	0.07973	0.22042	0.03381	0.03244	0.02280	0.01330	0.01148	0.00364	0.01291	0.01053	0.01034	0.01877
3	0.02189	0.01222	0.01638	0.01690	0.01944	0.01112	0.01205	0.02480	0.02566	0.12917	0.11243	0.41944	0.07128	0.03065	0.01410	0.00438	0.00722	0.02748	0.01173	0.01165
4	0.19961	0.02359	0.02770	0.07702	0.08562	0.02530	0.01972	0.14518	0.03243	0.14771	0.02820	0.02991	0.02021	0.01259	0.01015	0.00349	0.01088	0.00967	0.07477	0.01625
5	0.10932	0.02566	0.02424	0.02089	0.02751	0.10635	0.01644	0.04796	0.13948	0.19421	0.07851	0.03958	0.03346	0.01466	0.01088	0.00351	0.01066	0.01148	0.06917	0.01605
6	0.02923	0.02162	0.07491	0.02531	0.08337	0.01685	0.01957	0.03538	0.02874	0.16190	0.12612	0.05582	0.04490	0.01683	0.01180	0.00351	0.00973	0.06610	0.08040	0.08790
7	0.03498	0.02382	0.07401	0.02128	0.02890	0.02043	0.01889	0.07794	0.02970	0.21957	0.04167	0.04137	0.07273	0.01558	0.01442	0.00351	0.08003	0.01178	0.08305	0.08633
8	0.02412	0.02067	0.02412	0.01723	0.02756	0.01550	0.01378	0.02929	0.02412	0.03790	0.02067	0.02412	0.01723	0.00861	0.00861	0.00172	0.00861	0.00689	0.00689	0.66236
9	0.01412	0.01033	0.01328	0.01564	0.01672	0.00949	0.01055	0.01626	0.02280	0.02991	0.07084	0.52452	0.13172	0.03556	0.01471	0.00462	0.00664	0.03200	0.01080	0.00949
10	0.03454	0.02269	0.02653	0.02050	0.02962	0.02098	0.01651	0.09491	0.12479	0.16836	0.03325	0.03235	0.02412	0.01214	0.01039	0.00285	0.00954	0.00978	0.01034	0.29583

[dist]
# distance from previous block
# <min> <max>
0	1

[block]
# block no. 1 follows, 10 sequences, length 15
# corresponding to MSA columns:
# 75-89
name=unknown_B
#
# <colnr> <probs for GDERKNQSTAVLIFYWHMCP>
#	G	D	E	R	K	N	Q	S	T	A	V	L	I	F	Y	W	H	M	C	P
0	0.10600	0.12358	0.11928	0.02399	0.03341	0.02900	0.02305	0.10092	0.02998	0.19679	0.02791	0.02832	0.01974	0.01330	0.01327	0.00358	0.07236	0.00937	0.00910	0.01702
1	0.01712	0.01441	0.02182	0.02134	0.02287	0.01536	0.05368	0.01991	0.02201	0.03008	0.05279	0.44664	0.06194	0.03156	0.01846	0.00471	0.09761	0.02773	0.00946	0.01051
2	0.03454	0.02456	0.03856	0.08428	0.16994	0.02574	0.07351	0.04368	0.08371	0.18064	0.03122	0.03375	0.02279	0.01350	0.01521	0.00385	0.08287	0.01142	0.00890	0.01736
3	0.02545	0.02545	0.03562	0.03053	0.03053	0.03562	0.02545	0.02799	0.01781	0.02799	0.01527	0.02545	0.01527	0.02036	0.03817	0.00509	0.56997	0.01018	0.00509	0.01272
4	0.01565	0.01126	0.01482	0.01519	0.01720	0.01043	0.01091	0.01991	0.02915	0.04063	0.35362	0.26296	0.09811	0.02826	0.01412	0.00404	0.00593	0.02530	0.01209	0.01043
5	0.02879	0.02763	0.04721	0.07139	0.51871	0.02763	0.03569	0.03569	0.02648	0.03800	0.02188	0.02879	0.01842	0.01036	0.01151	0.00345	0.01382	0.01036	0.00576	0.01842
6	0.02196	0.02067	0.03488	0.56331	0.08010	0.02584	0.03230	0.02972	0.02326	0.02972	0.02067	0.03101	0.01550	0.01163	0.01163	0.00388	0.01550	0.01034	0.00517	0.01292
7	0.02401	0.01362	0.01760	0.01561	0.01988	0.01218	0.01206	0.02896	0.03220	0.15075	0.35984	0.07959	0.14274	0.02242	0.01327	0.00368	0.00651	0.01941	0.01290	0.01278
8	0.02262	0.02195	0.03893	0.50166	0.07779	0.02627	0.08554	0.03062	0.02376	0.03062	0.02101	0.03105	0.01576	0.01141	0.01188	0.00388	0.01600	0.01074	0.00525	0.01325
9	0.03024	0.02487	0.04147	0.18548	0.34545	0.02578	0.03237	0.03704	0.02660	0.10142	0.02480	0.03078	0.01909	0.01121	0.01157	0.00358	0.01371	0.01053	0.00677	0.01725
10	0.03769	0.02437	0.03380	0.15155	0.09545	0.02673	0.02470	0.13816	0.03306	0.19856	0.02976	0.03212	0.02097	0.01399	0.01498	0.00381	0.08272	0.01078	0.00959	0.01720
11	0.03359	0.13058	0.03084	0.01830	0.02744	0.02129	0.01552	0.03802	0.02729	0.19595	0.03844	0.03750	0.07347	0.01299	0.00995	0.00272	0.00948	0.01022	0.00941	0.25700
12	0.16199	0.26857	0.04561	0.09579	0.03899	0.03526	0.07735	0.03723	0.07449	0.03636	0.02107	0.02463	0.01709	0.01096	0.00923	0.00324	0.01269	0.00848	0.00632	0.01465
13	0.13605	0.30834	0.04373	0.02114	0.03006	0.03842	0.01901	0.13381	0.09316	0.04402	0.02287	0.02399	0.01835	0.01173	0.00890	0.00308	0.01153	0.00807	0.00768	0.01606
14	0.19226	0.18882	0.09204	0.02792	0.09636	0.03189	0.02259	0.08513	0.02769	0.10367	0.02244	0.02433	0.01706	0.01132	0.00930	0.00327	0.01201	0.00819	0.00751	0.01619

[dist]
# distance from previous block
# <min> <max>
0	7

[block]
# block no. 2 follows, 10 sequences, length 13
# corresponding to MSA columns:
# 97-109
name=unknown_C
#
# <colnr> <probs for GDERKNQSTAVLIFYWHMCP>
#	G	D	E	R	K	N	Q	S	T	A	V	L	I	F	Y	W	H	M	C	P
0	0.24129	0.09161	0.03224	0.02253	0.03040	0.02670	0.07023	0.10069	0.02883	0.12947	0.02978	0.09488	0.02523	0.01482	0.01036	0.00363	0.01109	0.01200	0.00910	0.01513
1	0.02945	0.01894	0.02386	0.08505	0.03201	0.01998	0.01751	0.07869	0.13847	0.14550	0.04784	0.22451	0.04443	0.02189	0.01279	0.00409	0.00959	0.01907	0.01122	0.01511
2	0.01788	0.01379	0.01672	0.01775	0.02005	0.01417	0.01259	0.02750	0.13433	0.03611	0.11321	0.39903	0.07115	0.03013	0.01401	0.00442	0.00717	0.02700	0.01128	0.01172
3	0.02554	0.17367	0.21099	0.14175	0.05018	0.03260	0.07332	0.03382	0.02350	0.03203	0.01926	0.02523	0.01528	0.01194	0.01391	0.00363	0.08412	0.00906	0.00509	0.01507
4	0.02093	0.01289	0.01585	0.01482	0.01870	0.01137	0.01121	0.02499	0.02957	0.11542	0.25335	0.14698	0.22824	0.02570	0.01354	0.00387	0.00647	0.02217	0.01215	0.01180
5	0.01483	0.01131	0.01363	0.01413	0.01665	0.01011	0.01019	0.01839	0.02747	0.03625	0.24043	0.24734	0.23798	0.02959	0.01407	0.00408	0.00601	0.02591	0.01150	0.01011
6	0.01491	0.01069	0.01416	0.01569	0.01703	0.00994	0.01085	0.01806	0.02572	0.03518	0.20945	0.42266	0.08756	0.03233	0.01448	0.00438	0.00634	0.02916	0.01145	0.00994
7	0.02334	0.01475	0.01932	0.02495	0.13128	0.01475	0.01455	0.02910	0.02488	0.04211	0.03420	0.03996	0.02716	0.01281	0.00892	0.00288	0.00738	0.01073	0.50432	0.01261
8	0.02576	0.06545	0.06955	0.08537	0.03148	0.01829	0.01784	0.03055	0.02565	0.12446	0.08241	0.11177	0.09495	0.08607	0.01738	0.00446	0.01030	0.01566	0.00914	0.07345
9	0.02625	0.01533	0.02066	0.08273	0.02856	0.01437	0.01501	0.03096	0.02765	0.15049	0.14414	0.16907	0.05419	0.02026	0.01215	0.00360	0.00836	0.01769	0.06865	0.08989
10	0.03172	0.09510	0.03081	0.02064	0.02924	0.02694	0.01710	0.17818	0.09119	0.04990	0.02771	0.02927	0.02146	0.01194	0.00977	0.00277	0.01012	0.00918	0.08548	0.22147
11	0.02952	0.24540	0.09866	0.02454	0.03322	0.03236	0.05748	0.11383	0.02911	0.03772	0.02544	0.03771	0.02296	0.01724	0.01486	0.08458	0.01310	0.06087	0.00697	0.01441
12	0.24795	0.07392	0.09010	0.02153	0.03108	0.02705	0.01997	0.12344	0.03100	0.18815	0.02744	0.02717	0.01901	0.01238	0.00980	0.00350	0.01124	0.00889	0.00962	0.01674

[dist]
# distance from previous block
# <min> <max>
0	55

[block]
# block no. 3 follows, 10 sequences, length 15
# corresponding to MSA columns:
# 171-185
name=unknown_D
#
# <colnr> <probs for GDERKNQSTAVLIFYWHMCP>
#	G	D	E	R	K	N	Q	S	T	A	V	L	I	F	Y	W	H	M	C	P
0	0.15713	0.08596	0.13768	0.13321	0.04493	0.02632	0.06057	0.03617	0.02442	0.09288	0.02245	0.02634	0.01655	0.01104	0.01008	0.00340	0.01324	0.00883	0.00677	0.08205
1	0.16925	0.07392	0.02981	0.02188	0.02915	0.02651	0.05208	0.13171	0.08399	0.09645	0.03252	0.08376	0.02687	0.01499	0.01047	0.00356	0.01047	0.01211	0.07505	0.01544
2	0.01765	0.07407	0.01868	0.01575	0.01778	0.01377	0.01143	0.01985	0.02290	0.03155	0.09134	0.36368	0.06222	0.03026	0.01620	0.06871	0.00743	0.02433	0.08252	0.00990
3	0.02707	0.02503	0.08159	0.01940	0.03036	0.01697	0.01743	0.03310	0.02516	0.09074	0.02343	0.02584	0.01820	0.00951	0.00922	0.00215	0.00972	0.00760	0.00748	0.51999
4	0.03937	0.14418	0.13258	0.02262	0.03356	0.02470	0.02240	0.04555	0.02868	0.27949	0.03238	0.03082	0.02204	0.01225	0.01040	0.00320	0.01171	0.00949	0.00986	0.08472
5	0.10158	0.02706	0.06458	0.02151	0.02982	0.07871	0.01844	0.04585	0.08266	0.23097	0.08607	0.03828	0.03291	0.01411	0.01099	0.00340	0.01094	0.01114	0.01079	0.08019
6	0.01990	0.01403	0.01984	0.13660	0.03201	0.01425	0.01594	0.02456	0.02715	0.07899	0.19404	0.21051	0.11821	0.02440	0.01339	0.00403	0.00849	0.02156	0.01048	0.01163
7	0.03297	0.02529	0.04211	0.18384	0.05378	0.02640	0.15630	0.08610	0.08324	0.14362	0.03057	0.03402	0.02162	0.01238	0.01228	0.00380	0.01454	0.01195	0.00873	0.01649
8	0.04199	0.20083	0.09019	0.02235	0.03252	0.02882	0.02113	0.09082	0.03162	0.27867	0.03246	0.03050	0.02222	0.01266	0.01034	0.00326	0.01172	0.00959	0.01028	0.01805
9	0.01459	0.01085	0.01360	0.01495	0.01675	0.00986	0.01044	0.01757	0.02548	0.03379	0.17417	0.37807	0.17290	0.03222	0.01437	0.00433	0.00630	0.02867	0.01124	0.00986
10	0.01577	0.01134	0.01512	0.01567	0.01733	0.01112	0.01114	0.01931	0.02525	0.03510	0.23035	0.24438	0.07782	0.09655	0.11185	0.00742	0.01099	0.02313	0.01040	0.00996
11	0.03132	0.08909	0.14738	0.08377	0.04331	0.02857	0.07166	0.12357	0.07335	0.09260	0.03082	0.03949	0.02441	0.01423	0.01176	0.00375	0.01388	0.05197	0.00846	0.01661
12	0.02399	0.03558	0.19252	0.25406	0.06555	0.02724	0.16624	0.03405	0.02488	0.03405	0.02157	0.02919	0.01591	0.01092	0.01207	0.00383	0.01721	0.01082	0.00530	0.01501
13	0.02381	0.02316	0.03466	0.02924	0.03061	0.03025	0.06612	0.02699	0.01876	0.02824	0.01996	0.03328	0.01971	0.08297	0.09498	0.00712	0.40104	0.01144	0.00549	0.01219
14	0.22044	0.02592	0.02649	0.07574	0.03413	0.08180	0.01848	0.08870	0.03061	0.24292	0.03013	0.02969	0.02048	0.01280	0.01029	0.00355	0.01175	0.00946	0.01023	0.01638

[dist]
# distance from previous block
# <min> <max>
4	7

[block]
# block no. 4 follows, 10 sequences, length 20
# corresponding to MSA columns:
# 193-212
name=unknown_E
#
# <colnr> <probs for GDERKNQSTAVLIFYWHMCP>
#	G	D	E	R	K	N	Q	S	T	A	V	L	I	F	Y	W	H	M	C	P
0	0.01873	0.01951	0.07715	0.09977	0.03155	0.01700	0.01851	0.02655	0.07768	0.03154	0.04344	0.24728	0.04584	0.10125	0.08403	0.00690	0.01306	0.02010	0.00841	0.01171
1	0.02604	0.05650	0.02327	0.01860	0.02349	0.01853	0.01491	0.08255	0.07022	0.10494	0.25026	0.11107	0.07044	0.02173	0.01296	0.00382	0.00822	0.05677	0.01189	0.01378
2	0.10376	0.09478	0.03627	0.02572	0.03175	0.03037	0.07299	0.09014	0.05929	0.07996	0.02523	0.02928	0.01988	0.01441	0.01744	0.00380	0.15779	0.01011	0.08211	0.01492
3	0.13424	0.01443	0.01682	0.01528	0.01935	0.01415	0.01179	0.02712	0.03066	0.08961	0.38512	0.07088	0.08570	0.02069	0.01240	0.00364	0.00649	0.01764	0.01196	0.01203
4	0.03478	0.02034	0.02521	0.01854	0.02837	0.01611	0.01504	0.03969	0.02760	0.22366	0.03025	0.03000	0.02162	0.01081	0.00978	0.00244	0.00910	0.00872	0.00974	0.41819
5	0.08700	0.02365	0.08307	0.02741	0.08886	0.01889	0.02140	0.04161	0.02837	0.25921	0.04173	0.10820	0.03468	0.01786	0.01212	0.00393	0.01086	0.06379	0.01085	0.01650
6	0.02270	0.07986	0.15444	0.07309	0.09172	0.02577	0.02708	0.02929	0.02337	0.03322	0.07067	0.09584	0.03231	0.02296	0.06043	0.00518	0.11829	0.01325	0.00657	0.01395
7	0.12348	0.02028	0.02528	0.01943	0.02844	0.01792	0.01596	0.04914	0.03003	0.38324	0.03784	0.03435	0.02479	0.01294	0.01061	0.00327	0.00956	0.01020	0.01220	0.13105
8	0.02412	0.02067	0.02412	0.01723	0.02756	0.01550	0.01378	0.02929	0.02412	0.03790	0.02067	0.02412	0.01723	0.00861	0.00861	0.00172	0.00861	0.00689	0.00689	0.66236
9	0.03341	0.03410	0.15971	0.11205	0.05097	0.02628	0.14646	0.09442	0.03081	0.15347	0.02817	0.03118	0.01947	0.01194	0.01206	0.00373	0.01535	0.01114	0.00821	0.01708
10	0.02946	0.16509	0.03477	0.02275	0.03015	0.03311	0.01877	0.05521	0.38183	0.04345	0.03972	0.03735	0.03047	0.01435	0.01077	0.00359	0.00999	0.01146	0.01016	0.01756
11	0.02275	0.02147	0.03630	0.50683	0.13046	0.02605	0.03269	0.03040	0.02363	0.03067	0.02081	0.03075	0.01584	0.01148	0.01161	0.00383	0.01531	0.01034	0.00524	0.01355
12	0.03042	0.04368	0.29601	0.03511	0.04907	0.02566	0.16095	0.04103	0.02717	0.13755	0.02676	0.02958	0.01845	0.01138	0.01194	0.00373	0.01638	0.01069	0.00713	0.01730
13	0.02754	0.09812	0.11886	0.04069	0.05227	0.03094	0.31595	0.03994	0.08434	0.03748	0.02529	0.03058	0.01917	0.01070	0.01246	0.00373	0.01723	0.01218	0.00639	0.01612
14	0.01949	0.01010	0.01496	0.01527	0.01535	0.01002	0.01018	0.01527	0.01599	0.02132	0.02538	0.10005	0.02689	0.03994	0.04184	0.58411	0.00971	0.01281	0.00573	0.00557
15	0.02738	0.10959	0.30054	0.03271	0.09883	0.02637	0.03277	0.03699	0.02663	0.09231	0.07971	0.03323	0.02770	0.01268	0.01106	0.00350	0.01405	0.01031	0.00700	0.01665
16	0.10717	0.03292	0.18456	0.02963	0.09416	0.02193	0.02638	0.04216	0.02817	0.21598	0.07490	0.03560	0.02878	0.01332	0.01115	0.00361	0.01214	0.01082	0.00942	0.01718
17	0.02802	0.01247	0.01805	0.01651	0.01870	0.01181	0.01181	0.02530	0.01958	0.14401	0.02648	0.03639	0.02230	0.03405	0.03720	0.50079	0.01005	0.01049	0.00733	0.00865
18	0.10217	0.02401	0.02105	0.01921	0.02437	0.09784	0.01513	0.08998	0.11152	0.04586	0.03506	0.04315	0.02873	0.01507	0.01013	0.00339	0.01012	0.04777	0.24165	0.01379
19	0.03574	0.02762	0.09745	0.09639	0.12682	0.02246	0.07915	0.04282	0.02839	0.22423	0.03091	0.03256	0.02142	0.01192	0.01155	0.00349	0.01315	0.01075	0.00901	0.07418

[dist]
# distance from previous block
# <min> <max>
0	1

[block]
# block no. 5 follows, 10 sequences, length 12
# corresponding to MSA columns:
# 214-225
name=unknown_F
#
# <colnr> <probs for GDERKNQSTAVLIFYWHMCP>
#	G	D	E	R	K	N	Q	S	T	A	V	L	I	F	Y	W	H	M	C	P
0	0.01850	0.01605	0.02206	0.07256	0.02687	0.01886	0.01687	0.02192	0.02341	0.03228	0.12819	0.22722	0.11328	0.02641	0.02090	0.00447	0.16898	0.02120	0.00895	0.01103
1	0.02020	0.01010	0.01515	0.01515	0.01515	0.01010	0.01010	0.01515	0.01515	0.02020	0.02020	0.03535	0.02020	0.04040	0.04545	0.66162	0.01010	0.01010	0.00505	0.00505
2	0.02412	0.02067	0.02412	0.01723	0.02756	0.01550	0.01378	0.02929	0.02412	0.03790	0.02067	0.02412	0.01723	0.00861	0.00861	0.00172	0.00861	0.00689	0.00689	0.66236
3	0.01488	0.01150	0.01357	0.01374	0.01658	0.01019	0.01004	0.01863	0.02816	0.03696	0.25991	0.19379	0.27300	0.02862	0.01395	0.00398	0.00590	0.02484	0.01157	0.01019
4	0.04041	0.03139	0.03125	0.02552	0.03362	0.08694	0.02049	0.26168	0.18287	0.11023	0.03462	0.03307	0.02495	0.01434	0.01158	0.00358	0.01229	0.01108	0.01138	0.01869
5	0.01843	0.01011	0.01467	0.01546	0.01566	0.00991	0.01030	0.01546	0.01724	0.02298	0.03308	0.19617	0.03684	0.03924	0.03648	0.46896	0.00912	0.01684	0.00674	0.00634
6	0.02418	0.02246	0.03709	0.25540	0.14570	0.02485	0.07710	0.03472	0.08406	0.03533	0.03143	0.04906	0.02746	0.01516	0.01261	0.00406	0.01403	0.08359	0.00712	0.01458
7	0.02905	0.01993	0.02666	0.02896	0.12599	0.01904	0.01859	0.03884	0.10818	0.14308	0.12502	0.05447	0.10960	0.01687	0.01197	0.00348	0.00915	0.01452	0.01060	0.08600
8	0.02751	0.02268	0.02594	0.01883	0.02900	0.01897	0.01519	0.10528	0.02927	0.04387	0.02189	0.02476	0.01766	0.00952	0.00912	0.00202	0.00932	0.00749	0.00769	0.55400
9	0.03235	0.23456	0.11303	0.02383	0.03302	0.08763	0.02287	0.04261	0.10623	0.09544	0.03042	0.03747	0.02515	0.01402	0.01042	0.00338	0.01303	0.05067	0.00796	0.01589
10	0.03000	0.03903	0.18140	0.02962	0.04014	0.06798	0.06938	0.12597	0.03065	0.04271	0.02154	0.02564	0.01662	0.01241	0.01462	0.00342	0.09087	0.00926	0.00687	0.14188
11	0.16801	0.02397	0.03327	0.18369	0.04637	0.02821	0.06216	0.07578	0.02577	0.09271	0.02225	0.02794	0.01685	0.01360	0.01632	0.00400	0.12751	0.00989	0.00725	0.01443

[dist]
# distance from previous block
# <min> <max>
2	7

[block]
# block no. 6 follows, 10 sequences, length 23
# corresponding to MSA columns:
# 233-255
name=unknown_G
#
# <colnr> <probs for GDERKNQSTAVLIFYWHMCP>
#	G	D	E	R	K	N	Q	S	T	A	V	L	I	F	Y	W	H	M	C	P
0	0.02626	0.03743	0.24394	0.02551	0.03676	0.02297	0.02739	0.04120	0.13168	0.08541	0.10109	0.03919	0.03482	0.01401	0.01142	0.00352	0.01213	0.01153	0.00868	0.08507
1	0.03404	0.02312	0.02659	0.02112	0.02980	0.02242	0.01691	0.09219	0.18685	0.15436	0.03592	0.03438	0.02615	0.01284	0.01068	0.00306	0.00952	0.01041	0.01070	0.23895
2	0.01914	0.01518	0.01868	0.01613	0.02158	0.01252	0.01212	0.02362	0.02648	0.03864	0.18996	0.18558	0.06207	0.02052	0.01183	0.00310	0.00714	0.01805	0.00978	0.28787
3	0.03145	0.23573	0.03860	0.02064	0.02885	0.03309	0.01794	0.12948	0.12750	0.04415	0.02824	0.02937	0.02231	0.01232	0.00940	0.00295	0.01058	0.00918	0.09347	0.07476
4	0.03661	0.08661	0.12014	0.02398	0.03501	0.02226	0.05394	0.04313	0.02820	0.24006	0.03095	0.03060	0.02140	0.01166	0.01057	0.00308	0.01181	0.00961	0.00940	0.17099
5	0.03486	0.02402	0.07922	0.15797	0.04354	0.02158	0.02343	0.04479	0.08939	0.23681	0.03566	0.03706	0.02495	0.02125	0.06809	0.00532	0.01420	0.01131	0.00992	0.01663
6	0.02639	0.17795	0.30911	0.02795	0.04109	0.03187	0.03213	0.04191	0.12949	0.03725	0.02566	0.02736	0.01939	0.01184	0.01039	0.00346	0.01431	0.00905	0.00646	0.01693
7	0.03514	0.02847	0.11304	0.03102	0.04130	0.02178	0.17080	0.04283	0.03004	0.23122	0.09623	0.04090	0.03371	0.01363	0.01253	0.00372	0.01357	0.01313	0.01000	0.01690
8	0.03754	0.02683	0.08018	0.10229	0.03995	0.02468	0.02284	0.09696	0.16234	0.22363	0.03817	0.03663	0.02634	0.01399	0.01165	0.00373	0.01157	0.01146	0.01108	0.01814
9	0.02719	0.02175	0.08878	0.02157	0.02774	0.01825	0.01928	0.03558	0.07178	0.14906	0.03495	0.04123	0.02778	0.05265	0.29401	0.01163	0.02204	0.01184	0.00857	0.01433
10	0.01777	0.01227	0.01554	0.01680	0.01806	0.01227	0.01255	0.02029	0.02155	0.02832	0.04838	0.10204	0.05389	0.32809	0.03890	0.00849	0.01101	0.21625	0.00877	0.00877
11	0.02313	0.03349	0.19730	0.27010	0.12152	0.02489	0.03404	0.03139	0.02330	0.03219	0.02085	0.02903	0.01610	0.01414	0.01479	0.06929	0.01530	0.00974	0.00515	0.01426
12	0.07507	0.02491	0.04112	0.22105	0.14941	0.02905	0.09497	0.03196	0.02297	0.03381	0.01971	0.02837	0.01613	0.01310	0.01783	0.00406	0.14609	0.01049	0.00553	0.01436
13	0.02277	0.01723	0.02410	0.02176	0.02205	0.02191	0.01694	0.02232	0.01735	0.02623	0.01981	0.03165	0.01895	0.02835	0.03816	0.29022	0.26685	0.01021	0.07395	0.00919
14	0.02116	0.01642	0.02026	0.02134	0.02490	0.01752	0.01748	0.03437	0.16891	0.03825	0.05763	0.17091	0.05887	0.02780	0.01460	0.00483	0.00967	0.25114	0.01106	0.01286
15	0.03286	0.02312	0.03549	0.27879	0.15175	0.02521	0.02830	0.08497	0.02961	0.15391	0.02766	0.03227	0.01970	0.01228	0.01162	0.00368	0.01355	0.01068	0.00816	0.01638
16	0.03174	0.02976	0.13637	0.12039	0.04482	0.02328	0.07152	0.09553	0.03032	0.15560	0.03439	0.11338	0.02839	0.01597	0.01222	0.00385	0.01329	0.01403	0.00906	0.01610
17	0.04294	0.01746	0.02319	0.01851	0.02576	0.01537	0.01502	0.04770	0.03206	0.39283	0.11326	0.04702	0.04079	0.01566	0.01152	0.00349	0.00866	0.01295	0.09848	0.01732
18	0.01643	0.01103	0.01289	0.01344	0.01576	0.01012	0.00962	0.01929	0.02492	0.03460	0.13711	0.20748	0.20139	0.02819	0.01576	0.06345	0.00634	0.02213	0.14038	0.00967
19	0.02801	0.16392	0.13341	0.07113	0.04375	0.02866	0.14568	0.03573	0.02711	0.08444	0.09505	0.03614	0.03095	0.01270	0.01143	0.00347	0.01416	0.01168	0.00731	0.01528
20	0.08766	0.07562	0.02463	0.09793	0.03055	0.02042	0.01680	0.06945	0.02726	0.03869	0.10314	0.23357	0.05294	0.02327	0.01247	0.00404	0.00957	0.05050	0.00935	0.01216
21	0.05218	0.01979	0.02699	0.02069	0.02969	0.01709	0.01709	0.05668	0.03329	0.52677	0.04588	0.03959	0.02879	0.01439	0.01170	0.00360	0.00990	0.01170	0.01439	0.01979
22	0.03412	0.10577	0.03629	0.20122	0.09553	0.02508	0.02399	0.03988	0.02702	0.19410	0.02841	0.03110	0.02025	0.01186	0.01073	0.00332	0.01236	0.00984	0.00840	0.08073

[dist]
# distance from previous block
# <min> <max>
9	67

[block]
# block no. 7 follows, 10 sequences, length 14
# corresponding to MSA columns:
# 354-367
name=unknown_H
#
# <colnr> <probs for GDERKNQSTAVLIFYWHMCP>
#	G	D	E	R	K	N	Q	S	T	A	V	L	I	F	Y	W	H	M	C	P
0	0.03078	0.37188	0.05601	0.02593	0.03622	0.03847	0.10895	0.07471	0.02723	0.03461	0.01917	0.02259	0.01615	0.01013	0.00919	0.00277	0.01345	0.00815	0.00597	0.08763
1	0.02853	0.02328	0.02648	0.01932	0.02943	0.02001	0.01561	0.12814	0.03082	0.04566	0.02226	0.02495	0.01779	0.00979	0.00928	0.00211	0.00953	0.00768	0.00793	0.52140
2	0.10332	0.01951	0.02494	0.01975	0.02665	0.01827	0.04621	0.06763	0.02851	0.16969	0.09651	0.04560	0.03665	0.11081	0.01904	0.00458	0.01010	0.01243	0.01001	0.12979
3	0.10253	0.02631	0.03033	0.13982	0.04219	0.02929	0.02173	0.21411	0.11517	0.05352	0.02755	0.02979	0.02044	0.01283	0.01085	0.00346	0.01190	0.01004	0.00926	0.08887
4	0.39461	0.10518	0.02476	0.01736	0.02403	0.02710	0.01437	0.07920	0.02456	0.04684	0.02599	0.12040	0.02516	0.01558	0.00908	0.00363	0.00951	0.01150	0.00799	0.01315
5	0.02774	0.02756	0.12928	0.06797	0.03506	0.02147	0.02247	0.04236	0.15673	0.12441	0.16415	0.04946	0.04829	0.01636	0.01214	0.00375	0.01051	0.01384	0.01052	0.01593
6	0.02150	0.02237	0.09349	0.01858	0.02505	0.01647	0.01651	0.06509	0.02919	0.04178	0.22097	0.05838	0.05834	0.11342	0.01978	0.00454	0.00943	0.01480	0.00941	0.14090
7	0.01555	0.01155	0.01449	0.01439	0.01698	0.01049	0.01055	0.01996	0.02985	0.04083	0.36026	0.17993	0.17809	0.02707	0.01392	0.00390	0.00579	0.02382	0.01208	0.01049
8	0.04756	0.11872	0.03376	0.02138	0.03058	0.02451	0.01824	0.11002	0.03455	0.38176	0.03847	0.03450	0.02525	0.01359	0.01098	0.00340	0.01071	0.01061	0.01244	0.01897
9	0.02840	0.03066	0.13025	0.22141	0.13827	0.02581	0.11196	0.03696	0.02613	0.10068	0.02482	0.03071	0.01803	0.01136	0.01189	0.00374	0.01550	0.01082	0.00659	0.01602
10	0.25790	0.01938	0.02169	0.01783	0.02517	0.01913	0.01453	0.04318	0.02863	0.28435	0.11419	0.04048	0.03687	0.01475	0.01050	0.00361	0.00885	0.01143	0.01167	0.01586
11	0.02433	0.01531	0.02008	0.06338	0.02642	0.01530	0.01481	0.03256	0.09181	0.12640	0.20008	0.20672	0.06823	0.02354	0.01324	0.00400	0.00797	0.02077	0.01176	0.01329
12	0.03435	0.42383	0.05057	0.02054	0.02988	0.03886	0.01923	0.04213	0.08912	0.11415	0.02536	0.02551	0.02003	0.01148	0.00876	0.00287	0.01158	0.00807	0.00748	0.01621
13	0.21111	0.02892	0.15087	0.09309	0.03588	0.02190	0.02237	0.03446	0.02371	0.08291	0.02567	0.02955	0.01900	0.01193	0.00938	0.00345	0.01120	0.00897	0.16161	0.01400

[dist]
# distance from previous block
# <min> <max>
0	19

[block]
# block no. 8 follows, 10 sequences, length 30
# corresponding to MSA columns:
# 388-417
name=unknown_I
#
# <colnr> <probs for GDERKNQSTAVLIFYWHMCP>
#	G	D	E	R	K	N	Q	S	T	A	V	L	I	F	Y	W	H	M	C	P
0	0.09166	0.10250	0.03205	0.12171	0.03797	0.08749	0.02166	0.03592	0.02594	0.11353	0.03117	0.04810	0.02764	0.01685	0.01411	0.00393	0.06955	0.09628	0.00805	0.01389
1	0.10698	0.08160	0.02883	0.12620	0.03650	0.02411	0.01898	0.07796	0.06579	0.12637	0.09793	0.09087	0.03807	0.01640	0.01128	0.00367	0.01048	0.01351	0.00970	0.01476
2	0.02545	0.02545	0.03562	0.03053	0.03053	0.03562	0.02545	0.02799	0.01781	0.02799	0.01527	0.02545	0.01527	0.02036	0.03817	0.00509	0.56997	0.01018	0.00509	0.01272
3	0.02412	0.02067	0.02412	0.01723	0.02756	0.01550	0.01378	0.02929	0.02412	0.03790	0.02067	0.02412	0.01723	0.00861	0.00861	0.00172	0.00861	0.00689	0.00689	0.66236
4	0.01417	0.01012	0.01350	0.01619	0.01687	0.00945	0.01080	0.01619	0.02227	0.02969	0.06410	0.58367	0.07692	0.03644	0.01484	0.00472	0.00675	0.03306	0.01080	0.00945
5	0.09306	0.02382	0.04107	0.33696	0.06512	0.02755	0.13520	0.03184	0.02342	0.03376	0.02041	0.02933	0.01568	0.01185	0.01393	0.00396	0.06327	0.01070	0.00555	0.01353
6	0.02545	0.02545	0.03562	0.03053	0.03053	0.03562	0.02545	0.02799	0.01781	0.02799	0.01527	0.02545	0.01527	0.02036	0.03817	0.00509	0.56997	0.01018	0.00509	0.01272
7	0.04855	0.01873	0.02507	0.01952	0.02777	0.01635	0.01603	0.05315	0.03223	0.46914	0.04494	0.04004	0.02891	0.01429	0.01127	0.00349	0.00936	0.01159	0.09085	0.01873
8	0.03472	0.01593	0.02140	0.01773	0.02367	0.01410	0.01410	0.03970	0.03311	0.29206	0.27402	0.06270	0.06836	0.01898	0.01268	0.00363	0.00774	0.01626	0.01362	0.01548
9	0.01638	0.01205	0.01581	0.01801	0.02027	0.01148	0.01441	0.02023	0.02528	0.03256	0.07249	0.27295	0.15039	0.03303	0.01526	0.00490	0.00857	0.23503	0.01075	0.01014
10	0.03172	0.07521	0.07821	0.01936	0.02617	0.01792	0.01721	0.03676	0.02817	0.21696	0.09936	0.16265	0.04639	0.01955	0.01185	0.00368	0.00930	0.01662	0.06800	0.01492
11	0.04877	0.01904	0.02590	0.02011	0.02851	0.01651	0.01651	0.05336	0.03325	0.48085	0.09052	0.04411	0.03653	0.01529	0.01189	0.00360	0.00947	0.01259	0.01424	0.01895
12	0.01510	0.01184	0.01366	0.01321	0.01654	0.01040	0.00990	0.01932	0.02971	0.03902	0.31496	0.09942	0.31211	0.02662	0.01373	0.00379	0.00569	0.02279	0.01180	0.01040
13	0.03236	0.25413	0.20938	0.02715	0.03946	0.03251	0.06985	0.04002	0.02620	0.12988	0.02427	0.02592	0.01785	0.01117	0.01006	0.00323	0.01417	0.00878	0.00690	0.01670
14	0.03248	0.08479	0.02500	0.01775	0.02375	0.01734	0.01434	0.03650	0.02951	0.24080	0.14155	0.14412	0.10224	0.02091	0.01232	0.00370	0.00841	0.01773	0.01199	0.01476
15	0.04732	0.01872	0.02543	0.01987	0.02801	0.01626	0.01626	0.05195	0.03324	0.46139	0.10943	0.04603	0.03981	0.01567	0.01197	0.00361	0.00930	0.01297	0.01418	0.01859
16	0.05058	0.02236	0.02858	0.02191	0.03097	0.02090	0.01810	0.14162	0.03758	0.43576	0.04228	0.03725	0.02698	0.01431	0.01168	0.00358	0.01048	0.01145	0.01384	0.01979
17	0.03210	0.14457	0.13144	0.10186	0.17341	0.03030	0.02966	0.08010	0.02880	0.10462	0.02427	0.02768	0.01826	0.01145	0.01068	0.00338	0.01372	0.00942	0.00712	0.01717
18	0.11268	0.01883	0.02782	0.33324	0.05530	0.02200	0.02402	0.03022	0.02283	0.07906	0.02624	0.07930	0.02226	0.01689	0.01475	0.07069	0.01276	0.01189	0.00681	0.01242
19	0.03023	0.46349	0.06277	0.02682	0.03720	0.04207	0.12844	0.03540	0.02454	0.02971	0.01792	0.02168	0.01557	0.00992	0.00895	0.00283	0.01414	0.00800	0.00519	0.01511
20	0.02097	0.01413	0.02064	0.14934	0.03384	0.01459	0.01680	0.02526	0.02559	0.09176	0.12585	0.30211	0.06172	0.02568	0.01350	0.00421	0.00904	0.02300	0.01019	0.01178
21	0.03729	0.02737	0.13122	0.12380	0.04169	0.02012	0.02435	0.04436	0.02865	0.28059	0.03513	0.03527	0.02350	0.01309	0.01117	0.00357	0.01198	0.01071	0.07913	0.01701
22	0.02136	0.01799	0.02521	0.15018	0.07998	0.01987	0.02111	0.03257	0.12866	0.03556	0.04617	0.20419	0.04658	0.02305	0.01337	0.00436	0.01067	0.09662	0.00926	0.01325
23	0.01939	0.06669	0.02029	0.01675	0.01838	0.01469	0.01239	0.01877	0.01794	0.02411	0.02892	0.11138	0.02996	0.05032	0.18021	0.32612	0.01587	0.01353	0.00616	0.00811
24	0.02457	0.02213	0.03018	0.02156	0.03209	0.01740	0.07679	0.03037	0.02457	0.03781	0.02106	0.02511	0.01728	0.00878	0.00931	0.00202	0.01011	0.00782	0.00675	0.57430
25	0.15551	0.02884	0.11362	0.02459	0.03536	0.02170	0.08214	0.03861	0.02584	0.14830	0.02580	0.02759	0.01853	0.01088	0.01012	0.00312	0.01189	0.00905	0.00814	0.20036
26	0.10628	0.03831	0.20394	0.03389	0.11822	0.02791	0.02935	0.12185	0.07522	0.04697	0.02433	0.02698	0.01824	0.01170	0.01064	0.00346	0.01332	0.00926	0.00743	0.07271
27	0.03117	0.03895	0.24322	0.02911	0.04105	0.02488	0.07468	0.08380	0.07543	0.13662	0.07538	0.03612	0.02913	0.01349	0.01183	0.00370	0.01375	0.01150	0.00888	0.01732
28	0.12211	0.09580	0.03223	0.02336	0.02974	0.07887	0.01932	0.12819	0.07640	0.09462	0.06708	0.03224	0.02715	0.01499	0.01503	0.00367	0.10425	0.01035	0.00902	0.01558
29	0.17006	0.07816	0.08472	0.01931	0.02720	0.02250	0.01767	0.03612	0.07692	0.09303	0.15340	0.04255	0.04302	0.01483	0.01047	0.00338	0.00946	0.01176	0.00938	0.07606

[dist]
# distance from previous block
# <min> <max>
5	112

[block]
# block no. 9 follows, 10 sequences, length 64
# corresponding to MSA columns:
# 751-806,809-816
name=unknown_J
#
# <colnr> <probs for GDERKNQSTAVLIFYWHMCP>
#	G	D	E	R	K	N	Q	S	T	A	V	L	I	F	Y	W	H	M	C	P
0	0.09619	0.02572	0.08207	0.18279	0.08874	0.02366	0.02467	0.07941	0.02773	0.09057	0.02547	0.03006	0.01887	0.01179	0.01043	0.00338	0.01224	0.00960	0.07691	0.07973
1	0.02870	0.07989	0.03442	0.23293	0.09524	0.02554	0.02412	0.07786	0.02728	0.08729	0.02540	0.03410	0.02054	0.07202	0.01584	0.00417	0.01298	0.01040	0.00722	0.08407
2	0.02877	0.02699	0.08740	0.19488	0.19209	0.02506	0.02967	0.08115	0.02859	0.08779	0.02870	0.08529	0.02421	0.01419	0.01186	0.00375	0.01345	0.01258	0.00749	0.01608
3	0.15453	0.02292	0.07393	0.18213	0.04312	0.02139	0.02251	0.03593	0.02523	0.13807	0.03090	0.04119	0.02427	0.01425	0.01081	0.00377	0.01172	0.05320	0.07587	0.01423
4	0.02603	0.03497	0.21927	0.02349	0.03559	0.01967	0.02513	0.03438	0.02611	0.08994	0.07126	0.03202	0.02648	0.01164	0.01038	0.00287	0.01176	0.00943	0.00749	0.28211
5	0.09290	0.02743	0.08631	0.14214	0.08886	0.02514	0.06883	0.04115	0.11648	0.09053	0.02841	0.03154	0.02103	0.01198	0.01106	0.00356	0.01278	0.01042	0.00789	0.08156
6	0.03150	0.02126	0.02400	0.07752	0.03162	0.07173	0.01715	0.03826	0.07311	0.17640	0.04346	0.20050	0.04004	0.02009	0.01222	0.00375	0.01049	0.01725	0.01046	0.07918
7	0.10530	0.02536	0.03202	0.03174	0.12914	0.02535	0.02148	0.16749	0.03570	0.20284	0.03043	0.03046	0.02135	0.01252	0.01088	0.00335	0.01129	0.01005	0.01039	0.08283
8	0.15389	0.08107	0.07998	0.02019	0.02812	0.02259	0.01820	0.04119	0.07619	0.18801	0.08380	0.09070	0.03648	0.01618	0.01089	0.00365	0.00993	0.01300	0.01031	0.01562
9	0.10429	0.08364	0.03061	0.07738	0.03417	0.02489	0.01885	0.12640	0.03283	0.23601	0.03546	0.08713	0.02742	0.01541	0.01109	0.00360	0.01090	0.01235	0.01080	0.01678
10	0.03141	0.02753	0.12170	0.02137	0.03157	0.01893	0.02031	0.04056	0.07498	0.17863	0.04107	0.04001	0.07516	0.01370	0.01085	0.00310	0.01041	0.01113	0.00958	0.21801
11	0.09776	0.01738	0.02252	0.02087	0.02569	0.01788	0.01757	0.03533	0.02769	0.18771	0.08819	0.07669	0.04822	0.02252	0.01583	0.00445	0.06643	0.18225	0.01109	0.01392
12	0.02892	0.02337	0.07377	0.02123	0.02811	0.02067	0.01819	0.04522	0.21386	0.14178	0.09958	0.10922	0.08730	0.01928	0.01241	0.00390	0.00922	0.01635	0.01155	0.01608
13	0.03278	0.09888	0.22720	0.02739	0.03848	0.02906	0.02893	0.08632	0.07633	0.13751	0.02815	0.02927	0.02022	0.01337	0.01384	0.00370	0.07324	0.00978	0.00820	0.01737
14	0.16429	0.02418	0.07347	0.02441	0.07817	0.02076	0.01870	0.03795	0.06978	0.13794	0.03837	0.04174	0.07078	0.06612	0.01486	0.00415	0.01037	0.01148	0.00901	0.08347
15	0.22590	0.01780	0.01934	0.01751	0.02362	0.01755	0.01427	0.03304	0.02526	0.14217	0.04591	0.10748	0.08207	0.01959	0.01132	0.00387	0.00895	0.09335	0.01002	0.08096
16	0.27605	0.02425	0.02388	0.01910	0.02765	0.02512	0.01551	0.12708	0.07664	0.05170	0.02315	0.02486	0.01784	0.01127	0.00902	0.00303	0.00968	0.00803	0.00848	0.21765
17	0.02193	0.01962	0.03231	0.50409	0.07297	0.02423	0.02971	0.02944	0.02338	0.03118	0.02252	0.03233	0.01704	0.01183	0.01125	0.00375	0.01442	0.01039	0.07491	0.01270
18	0.08798	0.02085	0.02343	0.01704	0.02706	0.01655	0.01366	0.02977	0.02369	0.03930	0.02023	0.02360	0.01677	0.00883	0.00847	0.00191	0.00865	0.00683	0.00692	0.59845
19	0.01661	0.01246	0.01869	0.01869	0.02077	0.01454	0.01454	0.02077	0.01869	0.02700	0.03115	0.04569	0.02908	0.08723	0.54517	0.01869	0.03115	0.01246	0.00623	0.01038
20	0.01603	0.01145	0.01563	0.01832	0.01981	0.01105	0.01402	0.01941	0.02410	0.03177	0.06308	0.39980	0.07286	0.03469	0.01534	0.00498	0.00836	0.19860	0.01076	0.00996
21	0.02168	0.01084	0.01084	0.01084	0.01355	0.01084	0.00813	0.02710	0.02439	0.04336	0.03794	0.04336	0.02981	0.01355	0.00813	0.00271	0.00542	0.01084	0.65583	0.01084
22	0.02893	0.02498	0.02630	0.02367	0.03024	0.02893	0.01841	0.06180	0.49770	0.04865	0.04734	0.04339	0.03550	0.01578	0.01183	0.00394	0.00920	0.01315	0.01183	0.01841
23	0.67341	0.02249	0.01709	0.01529	0.02249	0.02609	0.01260	0.03419	0.01979	0.05218	0.01619	0.01889	0.01260	0.01080	0.00720	0.00360	0.00900	0.00630	0.00720	0.01260
24	0.01664	0.01234	0.01809	0.01809	0.01996	0.01421	0.01379	0.02038	0.01851	0.02656	0.03170	0.04872	0.03039	0.13746	0.49674	0.01795	0.02917	0.01290	0.00631	0.01005
25	0.03109	0.59826	0.06095	0.01990	0.02985	0.04602	0.01990	0.03483	0.02363	0.02736	0.01617	0.01866	0.01493	0.00995	0.00746	0.00249	0.01244	0.00622	0.00498	0.01493
26	0.02089	0.01229	0.01441	0.01346	0.01703	0.01128	0.01024	0.02574	0.02902	0.08798	0.24181	0.07421	0.16063	0.02092	0.01182	0.00342	0.00597	0.01775	0.20961	0.01153
27	0.01679	0.01176	0.01512	0.01512	0.01597	0.01260	0.01009	0.01848	0.01763	0.02436	0.03442	0.06377	0.03692	0.38672	0.25641	0.01429	0.01934	0.01511	0.00672	0.00840
28	0.01561	0.01073	0.01386	0.01519	0.01670	0.01005	0.01059	0.01903	0.02574	0.03623	0.19897	0.37827	0.08235	0.03031	0.01384	0.00420	0.00623	0.02719	0.07486	0.01005
29	0.03027	0.01481	0.01983	0.01718	0.02217	0.01322	0.01336	0.03500	0.03194	0.23372	0.28165	0.12072	0.07443	0.02142	0.01304	0.00375	0.00735	0.01863	0.01322	0.01428
30	0.02141	0.01949	0.03125	0.39405	0.06254	0.02401	0.02793	0.02813	0.02408	0.03186	0.07697	0.04656	0.03079	0.01592	0.01507	0.00413	0.07180	0.05501	0.00654	0.01247
31	0.02333	0.06016	0.53100	0.03315	0.05034	0.02701	0.04297	0.03683	0.02455	0.03683	0.02087	0.02455	0.01473	0.01105	0.01105	0.00368	0.01719	0.00859	0.00491	0.01719
32	0.02412	0.02067	0.02412	0.01723	0.02756	0.01550	0.01378	0.02929	0.02412	0.03790	0.02067	0.02412	0.01723	0.00861	0.00861	0.00172	0.00861	0.00689	0.00689	0.66236
33	0.02168	0.01084	0.01084	0.01084	0.01355	0.01084	0.00813	0.02710	0.02439	0.04336	0.03794	0.04336	0.02981	0.01355	0.00813	0.00271	0.00542	0.01084	0.65583	0.01084
34	0.01639	0.01322	0.01476	0.01413	0.01788	0.01228	0.01067	0.02347	0.07871	0.03907	0.26169	0.09509	0.30854	0.02584	0.01353	0.00383	0.00609	0.02200	0.01168	0.01117
35	0.01874	0.01339	0.01874	0.02142	0.02410	0.01339	0.01874	0.02410	0.02677	0.03481	0.06158	0.13119	0.06693	0.03213	0.01606	0.00535	0.01071	0.44043	0.01071	0.01071
36	0.02168	0.01084	0.01084	0.01084	0.01355	0.01084	0.00813	0.02710	0.02439	0.04336	0.03794	0.04336	0.02981	0.01355	0.00813	0.00271	0.00542	0.01084	0.65583	0.01084
37	0.05137	0.02109	0.02779	0.02131	0.03034	0.01902	0.01760	0.09953	0.03545	0.48085	0.04407	0.03841	0.02788	0.01435	0.01169	0.00359	0.01019	0.01157	0.01412	0.01979
38	0.01874	0.01339	0.01874	0.02142	0.02410	0.01339	0.01874	0.02410	0.02677	0.03481	0.06158	0.13119	0.06693	0.03213	0.01606	0.00535	0.01071	0.44043	0.01071	0.01071
39	0.17543	0.02033	0.02503	0.01962	0.02826	0.01888	0.01620	0.05222	0.03061	0.43261	0.03999	0.03548	0.02558	0.01368	0.01080	0.00360	0.00972	0.01062	0.01297	0.01837
40	0.01417	0.01012	0.01350	0.01619	0.01687	0.00945	0.01080	0.01619	0.02227	0.02969	0.06410	0.58367	0.07692	0.03644	0.01484	0.00472	0.00675	0.03306	0.01080	0.00945
41	0.01887	0.01442	0.01762	0.01638	0.01986	0.01444	0.01241	0.02964	0.12266	0.04703	0.42275	0.07848	0.09541	0.02223	0.01335	0.00371	0.00620	0.01951	0.01262	0.01241
42	0.02545	0.02545	0.03562	0.03053	0.03053	0.03562	0.02545	0.02799	0.01781	0.02799	0.01527	0.02545	0.01527	0.02036	0.03817	0.00509	0.56997	0.01018	0.00509	0.01272
43	0.04421	0.03258	0.03490	0.02676	0.03607	0.03607	0.02211	0.47993	0.05468	0.07330	0.02792	0.02792	0.01978	0.01396	0.01163	0.00349	0.01280	0.01047	0.01163	0.01978
44	0.02196	0.02067	0.03488	0.56331	0.08010	0.02584	0.03230	0.02972	0.02326	0.02972	0.02067	0.03101	0.01550	0.01163	0.01163	0.00388	0.01550	0.01034	0.00517	0.01292
45	0.01938	0.01203	0.01596	0.01590	0.01849	0.01102	0.01156	0.02338	0.02872	0.09136	0.28419	0.27939	0.08801	0.02781	0.01395	0.00408	0.00646	0.02482	0.01218	0.01131
46	0.02681	0.02932	0.09347	0.25802	0.15101	0.02808	0.12282	0.08005	0.02812	0.03805	0.02225	0.02970	0.01685	0.01121	0.01197	0.00375	0.01590	0.01087	0.00607	0.01565
47	0.02196	0.02067	0.03488	0.56331	0.08010	0.02584	0.03230	0.02972	0.02326	0.02972	0.02067	0.03101	0.01550	0.01163	0.01163	0.00388	0.01550	0.01034	0.00517	0.01292
48	0.01646	0.01189	0.01555	0.01463	0.01738	0.01097	0.01097	0.02195	0.03292	0.04664	0.51257	0.08688	0.10974	0.02378	0.01372	0.00366	0.00549	0.02103	0.01280	0.01097
49	0.01485	0.01183	0.01331	0.01294	0.01639	0.01029	0.00971	0.01883	0.02912	0.03761	0.27842	0.10174	0.34953	0.02715	0.01373	0.00382	0.00573	0.02312	0.01161	0.01029
50	0.01679	0.01175	0.01509	0.01509	0.01592	0.01258	0.01005	0.01846	0.01763	0.02433	0.03445	0.06393	0.03700	0.38945	0.25378	0.01424	0.01923	0.01513	0.00672	0.00838
51	0.09517	0.01540	0.01766	0.01506	0.02062	0.01470	0.01201	0.03918	0.02739	0.23072	0.03895	0.03959	0.02779	0.01362	0.00942	0.00314	0.00749	0.01074	0.34690	0.01446
52	0.02754	0.08035	0.03109	0.07633	0.03254	0.02168	0.06330	0.03275	0.02735	0.12707	0.13283	0.05100	0.08720	0.01704	0.01443	0.00365	0.06842	0.01403	0.07766	0.01376
53	0.09547	0.02215	0.02499	0.01912	0.02792	0.02062	0.01553	0.12795	0.03197	0.15106	0.02878	0.02957	0.02100	0.01163	0.00971	0.00276	0.00947	0.00898	0.07261	0.26873
54	0.03363	0.48904	0.05592	0.02122	0.03105	0.04410	0.02033	0.12076	0.02963	0.03623	0.01844	0.02045	0.01586	0.01072	0.00827	0.00268	0.01251	0.00704	0.00626	0.01586
55	0.16463	0.07655	0.02861	0.07667	0.03354	0.07330	0.01757	0.03813	0.02585	0.13856	0.02427	0.02616	0.01805	0.01101	0.00935	0.00291	0.01123	0.00812	0.00805	0.20743
56	0.08972	0.02117	0.03440	0.19176	0.04837	0.02187	0.11296	0.03527	0.02704	0.13788	0.08004	0.04464	0.07543	0.01459	0.01204	0.00379	0.01272	0.01327	0.00865	0.01439
57	0.09905	0.03223	0.03110	0.02749	0.03017	0.17617	0.02208	0.03311	0.02240	0.03061	0.01781	0.02562	0.01636	0.02403	0.08055	0.00577	0.29786	0.00924	0.00569	0.01268
58	0.67341	0.02249	0.01709	0.01529	0.02249	0.02609	0.01260	0.03419	0.01979	0.05218	0.01619	0.01889	0.01260	0.01080	0.00720	0.00360	0.00900	0.00630	0.00720	0.01260
59	0.05218	0.01979	0.02699	0.02069	0.02969	0.01709	0.01709	0.05668	0.03329	0.52677	0.04588	0.03959	0.02879	0.01439	0.01170	0.00360	0.00990	0.01170	0.01439	0.01979
60	0.01417	0.01012	0.01350	0.01619	0.01687	0.00945	0.01080	0.01619	0.02227	0.02969	0.06410	0.58367	0.07692	0.03644	0.01484	0.00472	0.00675	0.03306	0.01080	0.00945
61	0.48952	0.02751	0.02212	0.01893	0.02645	0.07505	0.01541	0.12516	0.02802	0.05429	0.01872	0.02090	0.01426	0.01154	0.00839	0.00352	0.01085	0.00725	0.00798	0.01412
62	0.67341	0.02249	0.01709	0.01529	0.02249	0.02609	0.01260	0.03419	0.01979	0.05218	0.01619	0.01889	0.01260	0.01080	0.00720	0.00360	0.00900	0.00630	0.00720	0.01260
63	0.15290	0.02514	0.07679	0.07976	0.08456	0.02217	0.02095	0.03787	0.07524	0.09303	0.02719	0.02995	0.02046	0.01164	0.00982	0.00322	0.01068	0.00923	0.07246	0.13695

[dist]
# distance from previous block
# <min> <max>
0	3

[block]
# block no. 10 follows, 10 sequences, length 22
# corresponding to MSA columns:
# 820-841
name=unknown_K
#
# <colnr> <probs for GDERKNQSTAVLIFYWHMCP>
#	G	D	E	R	K	N	Q	S	T	A	V	L	I	F	Y	W	H	M	C	P
0	0.09921	0.01963	0.03044	0.21971	0.04676	0.02289	0.07131	0.02733	0.02158	0.03214	0.02708	0.09241	0.02568	0.07183	0.08425	0.00650	0.06951	0.01339	0.00636	0.01200
1	0.02769	0.02413	0.03637	0.38585	0.12304	0.02831	0.03046	0.12978	0.03058	0.04033	0.02242	0.03006	0.01680	0.01199	0.01162	0.00374	0.01470	0.01037	0.00667	0.01509
2	0.01417	0.01012	0.01350	0.01619	0.01687	0.00945	0.01080	0.01619	0.02227	0.02969	0.06410	0.58367	0.07692	0.03644	0.01484	0.00472	0.00675	0.03306	0.01080	0.00945
3	0.02614	0.02751	0.04713	0.03698	0.04108	0.03346	0.18266	0.03122	0.02117	0.03122	0.01815	0.02751	0.01610	0.01668	0.02965	0.00468	0.37814	0.01141	0.00537	0.01376
4	0.22325	0.02306	0.02766	0.02618	0.08901	0.02321	0.01873	0.09856	0.03121	0.27814	0.03239	0.03102	0.02186	0.01283	0.01040	0.00357	0.01048	0.00986	0.01097	0.01759
5	0.02282	0.02845	0.14786	0.02806	0.03679	0.02011	0.15670	0.03141	0.02692	0.04065	0.11744	0.04352	0.03750	0.01375	0.01150	0.00347	0.01237	0.01307	0.19385	0.01377
6	0.02323	0.02244	0.03941	0.46113	0.12624	0.02637	0.07447	0.03108	0.02400	0.03133	0.02107	0.03080	0.01602	0.01132	0.01181	0.00383	0.01571	0.01066	0.00530	0.01378
7	0.04084	0.03090	0.03301	0.02608	0.03478	0.03449	0.02129	0.38766	0.15244	0.06786	0.03221	0.03134	0.02325	0.01436	0.01168	0.00359	0.01201	0.01106	0.01168	0.01948
8	0.01417	0.01012	0.01350	0.01619	0.01687	0.00945	0.01080	0.01619	0.02227	0.02969	0.06410	0.58367	0.07692	0.03644	0.01484	0.00472	0.00675	0.03306	0.01080	0.00945
9	0.04345	0.05543	0.03296	0.02996	0.03596	0.54457	0.02247	0.04644	0.03296	0.02846	0.01798	0.02097	0.01498	0.01199	0.01049	0.00300	0.02097	0.00749	0.00599	0.01348
10	0.02545	0.02545	0.03562	0.03053	0.03053	0.03562	0.02545	0.02799	0.01781	0.02799	0.01527	0.02545	0.01527	0.02036	0.03817	0.00509	0.56997	0.01018	0.00509	0.01272
