[name]
unknown

[dist]
# distance from previous block
# <min> <max>
0	7

[block]
# block no. 0 follows, 14 sequences, length 14
# corresponding to MSA columns:
# 7-20
name=unknown_A
#
# <colnr> <probs for GDERKNQSTAVLIFYWHMCP>
#	G	D	E	R	K	N	Q	S	T	A	V	L	I	F	Y	W	H	M	C	P
0	0.02148	0.01496	0.01849	0.01858	0.02214	0.01558	0.01586	0.12764	0.02836	0.03867	0.04542	0.08654	0.04608	0.02283	0.01242	0.00407	0.00918	0.33673	0.10389	0.01110
1	0.11561	0.02406	0.02761	0.10251	0.03467	0.02628	0.01890	0.31493	0.03718	0.15882	0.02567	0.02611	0.01776	0.01179	0.00982	0.00316	0.01073	0.00901	0.00951	0.01589
2	0.02073	0.01163	0.01576	0.01477	0.01590	0.01206	0.01037	0.08580	0.01816	0.02426	0.01876	0.03029	0.01777	0.03245	0.03601	0.60558	0.00924	0.00896	0.00525	0.00624
3	0.02519	0.26417	0.09519	0.03250	0.04261	0.03137	0.30494	0.03203	0.02276	0.02953	0.01813	0.02299	0.01448	0.00878	0.00984	0.00296	0.01475	0.00927	0.00483	0.01368
4	0.03565	0.07042	0.21193	0.02246	0.03287	0.02153	0.02328	0.10007	0.02848	0.30551	0.02970	0.02819	0.01961	0.01143	0.00989	0.00313	0.01129	0.00899	0.00913	0.01643
5	0.01522	0.01124	0.01651	0.01721	0.01921	0.01252	0.01394	0.01921	0.01863	0.02589	0.03554	0.06294	0.03567	0.06239	0.42341	0.01296	0.02208	0.15950	0.00668	0.00925
6	0.01310	0.01043	0.01174	0.01141	0.01445	0.00907	0.00856	0.01660	0.02567	0.03314	0.29195	0.08984	0.37980	0.02397	0.01212	0.00337	0.00505	0.02041	0.01024	0.00907
7	0.02720	0.36710	0.15991	0.02120	0.03090	0.03412	0.02195	0.09799	0.08949	0.03327	0.01978	0.02124	0.01587	0.01005	0.00818	0.00269	0.01156	0.00714	0.00585	0.01450
8	0.07653	0.16264	0.03923	0.02565	0.03354	0.16418	0.10554	0.19945	0.03203	0.04040	0.01910	0.02149	0.01485	0.01038	0.00932	0.00286	0.01370	0.00808	0.00677	0.01425
9	0.02441	0.02709	0.03075	0.02628	0.03007	0.18702	0.12134	0.02792	0.02246	0.02691	0.02855	0.20533	0.03013	0.01821	0.01613	0.00365	0.14134	0.01498	0.00637	0.01108
10	0.01730	0.01384	0.02042	0.07106	0.02548	0.01402	0.06305	0.07813	0.02348	0.03129	0.04605	0.45087	0.05224	0.02567	0.01243	0.00391	0.00834	0.02346	0.00876	0.01019
11	0.01570	0.01194	0.01491	0.01572	0.01845	0.01171	0.01266	0.02205	0.07541	0.03295	0.16820	0.15214	0.16507	0.02541	0.01288	0.00399	0.00718	0.21383	0.00995	0.00988
12	0.10479	0.01785	0.01649	0.01504	0.01932	0.09286	0.01177	0.02915	0.02509	0.12456	0.13816	0.05138	0.10071	0.01591	0.00979	0.00307	0.00802	0.04271	0.16207	0.01126
13	0.02931	0.02677	0.15330	0.02039	0.02996	0.01858	0.01974	0.03979	0.12003	0.19955	0.02918	0.02852	0.02065	0.01076	0.00942	0.00277	0.00979	0.00869	0.00844	0.21436

[dist]
# distance from previous block
# <min> <max>
1	8

[block]
# block no. 1 follows, 14 sequences, length 12
# corresponding to MSA columns:
# 29-40
name=unknown_B
#
# <colnr> <probs for GDERKNQSTAVLIFYWHMCP>
#	G	D	E	R	K	N	Q	S	T	A	V	L	I	F	Y	W	H	M	C	P
0	0.02816	0.02181	0.02641	0.02262	0.02749	0.06392	0.05119	0.04032	0.19791	0.14008	0.06967	0.04263	0.03165	0.01568	0.01511	0.00364	0.12024	0.05841	0.00904	0.01401
1	0.01304	0.00929	0.01218	0.01381	0.01470	0.00870	0.00931	0.01525	0.02100	0.02844	0.14762	0.49096	0.07088	0.07432	0.01577	0.00442	0.00604	0.02622	0.00961	0.00842
2	0.03336	0.05530	0.02904	0.02358	0.05857	0.02743	0.01823	0.31780	0.13158	0.08943	0.08199	0.03252	0.02801	0.01314	0.01029	0.00313	0.00996	0.01046	0.00999	0.01619
3	0.03617	0.02447	0.03425	0.02606	0.03350	0.02589	0.11238	0.23940	0.03416	0.20275	0.02702	0.02786	0.01887	0.01251	0.01371	0.00336	0.09231	0.01004	0.00928	0.01598
4	0.15867	0.01562	0.01813	0.01489	0.02095	0.01493	0.01209	0.03891	0.02496	0.32873	0.03373	0.03259	0.02308	0.01191	0.00870	0.00295	0.00745	0.00924	0.20844	0.01404
5	0.04087	0.01595	0.02108	0.01659	0.02346	0.01402	0.01356	0.04500	0.02786	0.47785	0.03914	0.03557	0.02558	0.01256	0.00972	0.00302	0.00797	0.01017	0.14409	0.01595
6	0.01216	0.01026	0.01053	0.01075	0.01395	0.00863	0.00795	0.01469	0.02305	0.02759	0.09970	0.14679	0.52589	0.02654	0.01222	0.00353	0.00527	0.02233	0.00953	0.00863
7	0.02099	0.01107	0.01363	0.01323	0.01621	0.01016	0.00981	0.02447	0.02351	0.13839	0.11326	0.23827	0.09698	0.02092	0.01072	0.00331	0.00596	0.01817	0.20033	0.01062
8	0.51473	0.20004	0.02623	0.01467	0.02172	0.02809	0.01297	0.03033	0.01844	0.03974	0.01428	0.01661	0.01171	0.00931	0.00642	0.00289	0.00881	0.00554	0.00579	0.01171
9	0.01912	0.01728	0.02396	0.02160	0.02344	0.02093	0.04389	0.02576	0.09833	0.02992	0.08662	0.22008	0.04139	0.02158	0.02057	0.00406	0.24603	0.01676	0.00764	0.01105
10	0.03070	0.46562	0.04867	0.02016	0.02893	0.03430	0.06695	0.03464	0.02281	0.13229	0.01993	0.02109	0.01575	0.00952	0.00783	0.00250	0.01115	0.00705	0.00606	0.01406
11	0.71184	0.01985	0.01508	0.01350	0.01985	0.02302	0.01111	0.03017	0.01746	0.04604	0.01429	0.01667	0.01111	0.00953	0.00635	0.00318	0.00794	0.00556	0.00635	0.01111

[dist]
# distance from previous block
# <min> <max>
0	1

[block]
# block no. 2 follows, 14 sequences, length 11
# corresponding to MSA columns:
# 42-52
name=unknown_C
#
# <colnr> <probs for GDERKNQSTAVLIFYWHMCP>
#	G	D	E	R	K	N	Q	S	T	A	V	L	I	F	Y	W	H	M	C	P
0	0.26261	0.02910	0.02448	0.02033	0.02725	0.15291	0.01634	0.20977	0.03183	0.10342	0.02090	0.02170	0.01524	0.01105	0.00875	0.00302	0.01152	0.00755	0.00812	0.01412
1	0.01411	0.01047	0.01322	0.01314	0.01560	0.00959	0.00999	0.01826	0.02668	0.03637	0.38957	0.13036	0.17992	0.02356	0.01239	0.00350	0.00545	0.06783	0.01064	0.00936
2	0.01783	0.00891	0.01337	0.01337	0.01337	0.00891	0.00891	0.01337	0.01337	0.01783	0.01783	0.03119	0.01783	0.03565	0.04011	0.70143	0.00891	0.00891	0.00446	0.00446
3	0.19387	0.01799	0.02188	0.01720	0.02479	0.01685	0.01420	0.04561	0.02673	0.46335	0.03467	0.03088	0.02223	0.01200	0.00944	0.00318	0.00856	0.00926	0.01129	0.01605
4	0.03105	0.02553	0.04699	0.03664	0.08503	0.02456	0.31160	0.11634	0.02898	0.14882	0.02524	0.02849	0.01790	0.01008	0.01131	0.00331	0.01423	0.01107	0.00750	0.01533
5	0.03901	0.02874	0.03080	0.02361	0.03182	0.03182	0.01951	0.54111	0.04825	0.06468	0.02464	0.02464	0.01745	0.01232	0.01027	0.00308	0.01129	0.00924	0.01027	0.01745
6	0.03298	0.02836	0.16876	0.02501	0.07734	0.01982	0.02233	0.07923	0.05801	0.25599	0.02914	0.02844	0.01993	0.01105	0.00982	0.00299	0.01068	0.00898	0.00878	0.10235
7	0.27577	0.10165	0.10911	0.02337	0.05949	0.02632	0.05542	0.08182	0.02313	0.08474	0.01873	0.02131	0.01419	0.01051	0.01011	0.00316	0.05367	0.00749	0.00645	0.01357
8	0.01492	0.00995	0.01119	0.01119	0.01119	0.00995	0.00622	0.01492	0.01492	0.01990	0.03233	0.06716	0.03731	0.63935	0.05223	0.00995	0.00995	0.01492	0.00622	0.00622
9	0.02390	0.08371	0.02854	0.01893	0.02772	0.07796	0.05718	0.02847	0.02229	0.03162	0.01781	0.02105	0.01483	0.00811	0.00805	0.00186	0.00987	0.00658	0.00576	0.50577
10	0.18223	0.06602	0.06890	0.01670	0.02354	0.01810	0.01492	0.03481	0.02536	0.23614	0.16705	0.03912	0.03865	0.01358	0.00957	0.00312	0.00826	0.01079	0.00961	0.01354

[dist]
# distance from previous block
# <min> <max>
0	1

[block]
# block no. 3 follows, 14 sequences, length 12
# corresponding to MSA columns:
# 54-65
name=unknown_D
#
# <colnr> <probs for GDERKNQSTAVLIFYWHMCP>
#	G	D	E	R	K	N	Q	S	T	A	V	L	I	F	Y	W	H	M	C	P
0	0.07372	0.02723	0.02995	0.02443	0.03144	0.11452	0.08884	0.11647	0.22458	0.11476	0.03054	0.03002	0.02232	0.01201	0.01020	0.00323	0.01154	0.01002	0.00894	0.01526
1	0.02773	0.15787	0.09026	0.02459	0.10272	0.02281	0.01935	0.03461	0.06109	0.14102	0.06942	0.02933	0.02460	0.01085	0.00907	0.00266	0.00979	0.00879	0.00744	0.14601
2	0.02813	0.15019	0.29323	0.02421	0.03540	0.10412	0.02669	0.03556	0.02368	0.11281	0.02064	0.02228	0.01507	0.01000	0.00906	0.00285	0.01342	0.00739	0.00585	0.05943
3	0.02058	0.05308	0.58618	0.02925	0.04442	0.02383	0.03792	0.03250	0.02167	0.03250	0.01842	0.02167	0.01300	0.00975	0.00975	0.00325	0.01517	0.00758	0.00433	0.01517
4	0.02925	0.01592	0.01939	0.01623	0.02152	0.01529	0.01275	0.08578	0.07945	0.23741	0.16757	0.05472	0.11466	0.06575	0.01427	0.00378	0.00767	0.01408	0.01099	0.01352
5	0.02935	0.05803	0.07600	0.09024	0.08073	0.02261	0.08089	0.11920	0.05505	0.15139	0.10135	0.03462	0.02941	0.01236	0.01050	0.00318	0.01104	0.01084	0.00849	0.01473
6	0.03326	0.02171	0.03403	0.03807	0.23845	0.02111	0.07125	0.04194	0.09940	0.24619	0.03070	0.03107	0.02179	0.01113	0.01045	0.00320	0.01078	0.01022	0.00877	0.01649
7	0.01272	0.00945	0.01166	0.01311	0.01446	0.00861	0.00894	0.01483	0.02096	0.02734	0.10632	0.43290	0.18315	0.06655	0.01516	0.00428	0.00594	0.02576	0.00947	0.00839
8	0.01732	0.01137	0.01490	0.01521	0.01804	0.01060	0.01223	0.02144	0.02552	0.07925	0.23446	0.14265	0.14056	0.02459	0.01277	0.00386	0.00691	0.18797	0.01036	0.00998
9	0.03713	0.02358	0.06893	0.02703	0.09101	0.02099	0.06267	0.11359	0.08380	0.31187	0.03292	0.03127	0.02222	0.01184	0.01042	0.00321	0.01057	0.01013	0.01009	0.01674
10	0.22118	0.02048	0.01941	0.01747	0.02282	0.09633	0.01386	0.03442	0.02383	0.20854	0.03389	0.13487	0.03021	0.01634	0.00992	0.00342	0.00947	0.06187	0.00906	0.01261
11	0.01529	0.01055	0.01328	0.01441	0.01536	0.01049	0.01044	0.01725	0.01868	0.02461	0.04308	0.14279	0.04861	0.34747	0.03392	0.00739	0.00936	0.20160	0.00777	0.00765

[dist]
# distance from previous block
# <min> <max>
6	9

[block]
# block no. 4 follows, 14 sequences, length 12
# corresponding to MSA columns:
# 75-86
name=unknown_E
#
# <colnr> <probs for GDERKNQSTAVLIFYWHMCP>
#	G	D	E	R	K	N	Q	S	T	A	V	L	I	F	Y	W	H	M	C	P
0	0.42200	0.02186	0.02047	0.01702	0.02397	0.02438	0.01397	0.15686	0.06560	0.11341	0.02186	0.02231	0.01579	0.01089	0.00806	0.00317	0.00885	0.00744	0.00834	0.01376
1	0.01693	0.01088	0.01310	0.01282	0.01567	0.00966	0.00934	0.01979	0.02382	0.09496	0.18065	0.20760	0.24835	0.07061	0.01513	0.00403	0.00607	0.02089	0.01004	0.00966
2	0.01961	0.01650	0.01890	0.07821	0.02512	0.05640	0.01457	0.02866	0.13251	0.03063	0.06940	0.04973	0.03422	0.10510	0.16920	0.00760	0.01434	0.05878	0.05971	0.01081
3	0.01285	0.00999	0.01128	0.01177	0.01399	0.00886	0.00828	0.01523	0.02218	0.02812	0.14267	0.22446	0.32377	0.09907	0.01709	0.00437	0.00590	0.02234	0.00936	0.00842
4	0.45458	0.01983	0.01780	0.01528	0.02158	0.02218	0.01246	0.09329	0.06020	0.09848	0.02177	0.02294	0.01609	0.01070	0.00755	0.00311	0.00812	0.00725	0.07411	0.01267
5	0.71184	0.01985	0.01508	0.01350	0.01985	0.02302	0.01111	0.03017	0.01746	0.04604	0.01429	0.01667	0.01111	0.00953	0.00635	0.00318	0.00794	0.00556	0.00635	0.01111
6	0.02807	0.02652	0.13950	0.02396	0.03184	0.02111	0.08428	0.10038	0.05951	0.15570	0.13571	0.03767	0.03445	0.01369	0.01256	0.00334	0.05702	0.01148	0.00876	0.01445
7	0.02462	0.02359	0.04024	0.13461	0.50982	0.02418	0.03111	0.03081	0.02300	0.03258	0.01917	0.02565	0.01592	0.00929	0.01017	0.00310	0.01238	0.00914	0.00501	0.01562
8	0.01541	0.01210	0.01793	0.01750	0.01915	0.01462	0.01375	0.01894	0.01642	0.02391	0.02614	0.03860	0.02448	0.07129	0.54430	0.01534	0.08457	0.01080	0.00540	0.00936
9	0.01480	0.01067	0.01410	0.01551	0.01740	0.01025	0.01224	0.01837	0.02309	0.03063	0.15415	0.21942	0.10540	0.07330	0.01623	0.00461	0.00751	0.23380	0.00958	0.00894
10	0.01936	0.01576	0.02299	0.07125	0.17738	0.01624	0.01673	0.05057	0.02167	0.02990	0.09433	0.08030	0.03681	0.23819	0.05994	0.00638	0.01112	0.01354	0.00676	0.01078
11	0.01406	0.01104	0.01285	0.01325	0.01575	0.01039	0.00959	0.01940	0.07431	0.03162	0.18480	0.26588	0.24766	0.02579	0.01228	0.00365	0.00565	0.02252	0.01000	0.00950

[dist]
# distance from previous block
# <min> <max>
5	8

[block]
# block no. 5 follows, 14 sequences, length 8
# corresponding to MSA columns:
# 95-102
name=unknown_F
#
# <colnr> <probs for GDERKNQSTAVLIFYWHMCP>
#	G	D	E	R	K	N	Q	S	T	A	V	L	I	F	Y	W	H	M	C	P
0	0.01917	0.01583	0.01801	0.01960	0.08211	0.06371	0.01274	0.02304	0.02602	0.06344	0.28838	0.06672	0.16335	0.07516	0.01516	0.00381	0.00765	0.01623	0.00931	0.01055
1	0.01406	0.00990	0.01181	0.01218	0.01418	0.00911	0.00867	0.01724	0.02337	0.03235	0.22680	0.22296	0.18081	0.06853	0.01466	0.00391	0.00558	0.02068	0.09435	0.00884
2	0.02136	0.01748	0.02864	0.50734	0.06175	0.02094	0.02562	0.02776	0.02208	0.07787	0.06919	0.03242	0.02212	0.01143	0.01043	0.00338	0.01245	0.01007	0.00589	0.01180
3	0.56780	0.01874	0.01507	0.01362	0.01943	0.02154	0.01105	0.03142	0.06298	0.04481	0.01899	0.02118	0.01470	0.01020	0.00680	0.00310	0.00756	0.00656	0.09311	0.01135
4	0.02371	0.02266	0.03860	0.21793	0.43360	0.02394	0.03065	0.03001	0.02257	0.03147	0.01900	0.02595	0.01553	0.00946	0.01019	0.00315	0.01261	0.00914	0.00493	0.01489
5	0.02246	0.02019	0.03367	0.12708	0.34006	0.02074	0.05319	0.02790	0.02176	0.03134	0.02249	0.03244	0.01962	0.08714	0.01511	0.00390	0.01154	0.01006	0.08588	0.01342
6	0.29294	0.25365	0.03803	0.02457	0.09455	0.03006	0.07755	0.03085	0.02024	0.03483	0.01565	0.01895	0.01303	0.00910	0.00758	0.00283	0.01068	0.00674	0.00533	0.01283
7	0.11127	0.10138	0.03557	0.03331	0.18292	0.02830	0.04713	0.19955	0.05845	0.07286	0.02217	0.02431	0.01688	0.01059	0.00943	0.00302	0.01112	0.00864	0.00751	0.01561

[dist]
# distance from previous block
# <min> <max>
0	1

[block]
# block no. 6 follows, 14 sequences, length 20
# corresponding to MSA columns:
# 104-123
name=unknown_G
#
# <colnr> <probs for GDERKNQSTAVLIFYWHMCP>
#	G	D	E	R	K	N	Q	S	T	A	V	L	I	F	Y	W	H	M	C	P
0	0.20600	0.06440	0.02345	0.01865	0.02388	0.10988	0.01506	0.06881	0.06671	0.08147	0.05761	0.03192	0.05881	0.01794	0.05450	0.00417	0.06756	0.00938	0.00745	0.01237
1	0.63809	0.02082	0.01681	0.01460	0.02116	0.02399	0.01203	0.08617	0.02084	0.04809	0.01542	0.01754	0.01181	0.00983	0.00678	0.00316	0.00831	0.00596	0.00678	0.01181
2	0.01495	0.00994	0.01179	0.01189	0.01343	0.00946	0.00813	0.01782	0.02202	0.03155	0.21706	0.15379	0.09829	0.19155	0.02244	0.00509	0.00643	0.01785	0.12810	0.00843
3	0.01898	0.01341	0.01518	0.01400	0.01758	0.01318	0.01042	0.02731	0.13449	0.08333	0.18480	0.07040	0.21639	0.11411	0.01769	0.00437	0.00676	0.01679	0.00992	0.01090
4	0.02482	0.01289	0.01631	0.01407	0.01870	0.01128	0.01104	0.02874	0.02760	0.22563	0.25706	0.06826	0.20311	0.01949	0.01149	0.00328	0.00629	0.01655	0.01130	0.01211
5	0.02449	0.02177	0.02882	0.14842	0.21046	0.07292	0.02190	0.08336	0.02478	0.03326	0.04793	0.03232	0.02208	0.06312	0.01552	0.05433	0.01160	0.00985	0.06052	0.01254
6	0.02490	0.02388	0.04076	0.10832	0.53387	0.02425	0.03125	0.03106	0.02313	0.03293	0.01922	0.02556	0.01604	0.00924	0.01017	0.00308	0.01231	0.00914	0.00504	0.01586
7	0.07815	0.02081	0.02233	0.01935	0.02545	0.02310	0.01530	0.08890	0.35825	0.12637	0.03763	0.03514	0.02751	0.01315	0.00988	0.00330	0.00821	0.01064	0.06089	0.01567
8	0.09259	0.09451	0.03052	0.03022	0.16159	0.14941	0.01951	0.03577	0.05652	0.11491	0.06030	0.06157	0.02522	0.01233	0.00955	0.00300	0.01147	0.00992	0.00729	0.01379
9	0.02595	0.02447	0.03685	0.02894	0.03651	0.02609	0.20017	0.07887	0.33589	0.04082	0.03325	0.03366	0.02487	0.01196	0.01102	0.00345	0.01156	0.01163	0.00858	0.01548
10	0.03395	0.01604	0.01947	0.01621	0.02207	0.01554	0.01297	0.04318	0.13283	0.31294	0.03867	0.03659	0.02686	0.01273	0.00941	0.00300	0.00744	0.01035	0.21486	0.01488
11	0.01344	0.00998	0.01203	0.01288	0.01458	0.00918	0.00910	0.01586	0.02165	0.02821	0.14325	0.26540	0.20490	0.12900	0.01925	0.00484	0.00653	0.06233	0.00924	0.00837
12	0.01497	0.01140	0.01388	0.01310	0.01598	0.01077	0.00987	0.02135	0.07037	0.03887	0.44327	0.07758	0.17736	0.02132	0.01197	0.00329	0.00517	0.01856	0.01091	0.01002
13	0.01333	0.01049	0.01188	0.01179	0.01466	0.00927	0.00888	0.01661	0.02465	0.03160	0.23985	0.09123	0.35875	0.06099	0.01464	0.00386	0.00566	0.05312	0.00987	0.00889
14	0.71184	0.01985	0.01508	0.01350	0.01985	0.02302	0.01111	0.03017	0.01746	0.04604	0.01429	0.01667	0.01111	0.00953	0.00635	0.00318	0.00794	0.00556	0.00635	0.01111
15	0.01493	0.01204	0.01256	0.01221	0.01507	0.01157	0.00864	0.02082	0.10195	0.02788	0.07483	0.08090	0.34248	0.19285	0.02290	0.00525	0.00695	0.01828	0.00876	0.00914
16	0.01791	0.01428	0.02019	0.01876	0.01991	0.01802	0.01490	0.02051	0.01651	0.02514	0.02282	0.03359	0.02115	0.04736	0.30379	0.07345	0.21145	0.01001	0.08081	0.00943
17	0.40812	0.07176	0.05929	0.01685	0.02402	0.02426	0.01486	0.03722	0.13091	0.09154	0.02265	0.02313	0.01689	0.01068	0.00781	0.00317	0.00878	0.00738	0.00749	0.01319
18	0.02460	0.28768	0.33413	0.02441	0.03632	0.07269	0.02851	0.03242	0.02189	0.02864	0.01658	0.01937	0.01308	0.00943	0.00846	0.00279	0.01375	0.00668	0.00443	0.01413
19	0.17042	0.09706	0.02603	0.01867	0.02596	0.20398	0.01497	0.03207	0.02292	0.03239	0.01623	0.01892	0.01350	0.00907	0.00775	0.00229	0.01150	0.00607	0.00570	0.26448

[dist]
# distance from previous block
# <min> <max>
0	1

[block]
# block no. 7 follows, 14 sequences, length 22
# corresponding to MSA columns:
# 125-146
name=unknown_H
#
# <colnr> <probs for GDERKNQSTAVLIFYWHMCP>
#	G	D	E	R	K	N	Q	S	T	A	V	L	I	F	Y	W	H	M	C	P
0	0.01692	0.01089	0.01366	0.01319	0.01606	0.00975	0.00980	0.02052	0.02584	0.09276	0.30022	0.19281	0.19158	0.02356	0.01213	0.00347	0.00557	0.02059	0.01067	0.01000
1	0.02610	0.03109	0.15286	0.02952	0.03936	0.02547	0.18133	0.12531	0.15198	0.04069	0.02565	0.02788	0.01901	0.01066	0.01056	0.00320	0.01291	0.01008	0.00719	0.06914
2	0.24843	0.01910	0.02025	0.01750	0.02346	0.02052	0.01428	0.03542	0.13210	0.10195	0.02790	0.03508	0.02295	0.01315	0.01084	0.00323	0.05610	0.06118	0.00807	0.12849
3	0.12888	0.02354	0.03269	0.14800	0.04094	0.06287	0.14193	0.10768	0.02673	0.08043	0.02996	0.03304	0.07473	0.01197	0.01026	0.00327	0.01237	0.01058	0.00706	0.01307
4	0.02909	0.12965	0.07241	0.02703	0.03472	0.16882	0.12744	0.08290	0.12343	0.03409	0.02444	0.02992	0.01994	0.01161	0.01004	0.00309	0.01383	0.03703	0.00668	0.01385
5	0.07305	0.01050	0.01057	0.01033	0.01304	0.01064	0.00783	0.02378	0.02224	0.03927	0.10563	0.04183	0.03479	0.01300	0.00779	0.00257	0.00504	0.01048	0.54791	0.00970
6	0.03855	0.04257	0.02962	0.02555	0.03176	0.41998	0.01973	0.19833	0.03511	0.03756	0.01862	0.02044	0.01455	0.01112	0.00957	0.00278	0.01624	0.00744	0.00685	0.01364
7	0.02517	0.02133	0.08458	0.14874	0.09898	0.01884	0.02094	0.03418	0.09874	0.14685	0.07394	0.04389	0.11148	0.01423	0.01064	0.00331	0.00998	0.01211	0.00831	0.01377
8	0.01702	0.01366	0.01821	0.07928	0.02299	0.01545	0.01375	0.02124	0.02358	0.03398	0.25954	0.05765	0.12272	0.01860	0.01571	0.00342	0.13380	0.01471	0.10466	0.01004
9	0.01452	0.01049	0.01372	0.01291	0.01533	0.00968	0.00968	0.01937	0.02905	0.04115	0.56992	0.07666	0.09683	0.02098	0.01210	0.00323	0.00484	0.01856	0.01130	0.00968
10	0.11792	0.11169	0.44952	0.02580	0.03905	0.02551	0.03200	0.03198	0.02099	0.03350	0.01740	0.02041	0.01275	0.00961	0.00894	0.00313	0.01371	0.00708	0.00462	0.01439
11	0.13707	0.02812	0.02978	0.08695	0.03532	0.18212	0.08907	0.03963	0.02587	0.21148	0.02460	0.02580	0.01726	0.01082	0.00967	0.00309	0.01306	0.00869	0.00778	0.01381
12	0.01327	0.00933	0.01206	0.01395	0.01454	0.00890	0.00930	0.01488	0.01893	0.02518	0.05138	0.48108	0.06094	0.15810	0.02130	0.00541	0.00701	0.05763	0.00883	0.00797
13	0.48048	0.01902	0.01812	0.01515	0.02205	0.02026	0.01249	0.03706	0.02160	0.23244	0.02339	0.02302	0.01608	0.01063	0.00773	0.00318	0.00821	0.00721	0.00856	0.01332
14	0.02590	0.51279	0.17306	0.02018	0.03039	0.03685	0.02212	0.03113	0.02103	0.02602	0.01520	0.01763	0.01313	0.00900	0.00729	0.00243	0.01191	0.00596	0.00438	0.01362
15	0.01466	0.01100	0.01649	0.01649	0.01833	0.01283	0.01283	0.01833	0.01649	0.02382	0.02749	0.04032	0.02566	0.07697	0.59868	0.01649	0.02749	0.01100	0.00550	0.00916
16	0.01250	0.00893	0.01191	0.01429	0.01488	0.00834	0.00953	0.01429	0.01965	0.02620	0.05656	0.63265	0.06787	0.03215	0.01310	0.00417	0.00595	0.02917	0.00953	0.00834
17	0.02479	0.02392	0.09464	0.08792	0.06693	0.05633	0.05651	0.06685	0.06754	0.09905	0.07110	0.13826	0.03497	0.01643	0.01115	0.00348	0.01094	0.04794	0.00813	0.01312
18	0.15419	0.19092	0.03346	0.02125	0.02799	0.19292	0.01778	0.14858	0.02849	0.03750	0.01702	0.01927	0.01380	0.01074	0.00966	0.00283	0.04711	0.00686	0.00633	0.01330
19	0.02580	0.02569	0.04114	0.03133	0.03900	0.06423	0.26843	0.10328	0.11155	0.03852	0.07530	0.07182	0.02873	0.01273	0.01146	0.00338	0.01329	0.01293	0.00753	0.01385
20	0.65205	0.02243	0.01633	0.01464	0.02090	0.07407	0.01189	0.03113	0.01850	0.04419	0.01443	0.01683	0.01130	0.00962	0.00661	0.00313	0.00888	0.00565	0.00626	0.01118
21	0.01479	0.01103	0.01529	0.01630	0.01845	0.01154	0.01315	0.01852	0.02019	0.02695	0.04986	0.12110	0.11734	0.04939	0.26715	0.00960	0.01640	0.18607	0.00775	0.00913

[dist]
# distance from previous block
# <min> <max>
0	0

# created by:
# /st0/software/busco_prod/Augustus/scripts/msa2prfl.pl ./align_prep/11078.fa
