[name]
unknown

[dist]
# distance from previous block
# <min> <max>
0	1

[block]
# block no. 0 follows, 14 sequences, length 77
# corresponding to MSA columns:
# 1-77
name=unknown_A
#
# <colnr> <probs for GDERKNQSTAVLIFYWHMCP>
#	G	D	E	R	K	N	Q	S	T	A	V	L	I	F	Y	W	H	M	C	P
0	0.02002	0.01444	0.01875	0.01963	0.02290	0.01492	0.01700	0.10193	0.02745	0.03598	0.04973	0.10162	0.05260	0.02586	0.01357	0.00447	0.00974	0.42914	0.00958	0.01069
1	0.03833	0.04891	0.02908	0.02644	0.03173	0.59815	0.01983	0.04098	0.02908	0.02512	0.01586	0.01851	0.01322	0.01058	0.00925	0.00264	0.01851	0.00661	0.00529	0.01190
2	0.02927	0.02532	0.05205	0.03747	0.04729	0.02344	0.41706	0.03684	0.02541	0.16002	0.02532	0.02936	0.01785	0.00959	0.01170	0.00339	0.01532	0.01170	0.00693	0.01468
3	0.02128	0.01824	0.02128	0.01520	0.02432	0.01368	0.01216	0.02584	0.02128	0.03344	0.01824	0.02128	0.01520	0.00760	0.00760	0.00152	0.00760	0.00608	0.00608	0.70208
4	0.03083	0.46447	0.04703	0.01934	0.02795	0.03803	0.01813	0.18055	0.02889	0.03604	0.01731	0.01886	0.01443	0.00982	0.00767	0.00245	0.01107	0.00659	0.00611	0.01443
5	0.01938	0.01824	0.03078	0.61468	0.07068	0.02280	0.02850	0.02622	0.02052	0.02622	0.01824	0.02736	0.01368	0.01026	0.01026	0.00342	0.01368	0.00912	0.00456	0.01140
6	0.02449	0.01385	0.02094	0.01824	0.02224	0.01407	0.04559	0.02825	0.02062	0.18804	0.03129	0.04017	0.02592	0.10029	0.34438	0.01123	0.01990	0.01119	0.00765	0.01165
7	0.02176	0.12163	0.32505	0.02322	0.03381	0.02347	0.02667	0.07594	0.02577	0.03639	0.15060	0.03441	0.03352	0.01255	0.00993	0.00308	0.01176	0.01008	0.00656	0.01379
8	0.02279	0.02280	0.04198	0.27130	0.25541	0.02415	0.15175	0.02979	0.02247	0.03055	0.01924	0.02670	0.01510	0.00946	0.01067	0.00329	0.01399	0.00985	0.00491	0.01380
9	0.01492	0.00995	0.01119	0.01119	0.01119	0.00995	0.00622	0.01492	0.01492	0.01990	0.03233	0.06716	0.03731	0.63935	0.05223	0.00995	0.00995	0.01492	0.00622	0.00622
10	0.01403	0.01027	0.01317	0.01287	0.01514	0.00941	0.00949	0.01825	0.02725	0.03789	0.45742	0.15408	0.13657	0.02296	0.01224	0.00338	0.00503	0.02028	0.01089	0.00941
11	0.01340	0.00976	0.01268	0.01388	0.01543	0.00905	0.00997	0.01641	0.02313	0.03118	0.21471	0.37563	0.12219	0.02793	0.01280	0.00387	0.00583	0.06325	0.01005	0.00886
12	0.02128	0.01824	0.02128	0.01520	0.02432	0.01368	0.01216	0.02584	0.02128	0.03344	0.01824	0.02128	0.01520	0.00760	0.00760	0.00152	0.00760	0.00608	0.00608	0.70208
13	0.02516	0.28164	0.29095	0.02273	0.03438	0.02902	0.02620	0.03252	0.02186	0.06851	0.01834	0.02053	0.01413	0.00941	0.00837	0.00269	0.01245	0.00683	0.00509	0.06918
14	0.66027	0.02004	0.01631	0.01450	0.02038	0.02365	0.01196	0.02976	0.01733	0.04445	0.01423	0.01710	0.01129	0.01016	0.00839	0.00327	0.05376	0.00581	0.00621	0.01112
15	0.02096	0.02849	0.23110	0.02016	0.02831	0.01711	0.02138	0.06781	0.02747	0.07942	0.25039	0.05007	0.08311	0.01576	0.01094	0.00324	0.00955	0.01326	0.00859	0.01288
16	0.02164	0.02071	0.03530	0.36324	0.21306	0.02273	0.06438	0.02820	0.02168	0.02943	0.01873	0.02631	0.01469	0.00960	0.01014	0.00316	0.01300	0.00909	0.00488	0.07003
17	0.02540	0.02438	0.04165	0.06299	0.57533	0.02438	0.03149	0.03149	0.02337	0.03353	0.01930	0.02540	0.01626	0.00914	0.01016	0.00305	0.01219	0.00914	0.00508	0.01626
18	0.01548	0.01045	0.01325	0.01322	0.01563	0.00945	0.00965	0.01899	0.02535	0.06813	0.30721	0.24130	0.16413	0.02460	0.01229	0.00354	0.00547	0.02169	0.01056	0.00960
19	0.03388	0.08536	0.07249	0.02460	0.06131	0.05955	0.02015	0.23417	0.14437	0.11773	0.02806	0.02754	0.02034	0.01191	0.00987	0.00308	0.01101	0.00925	0.00907	0.01626
20	0.01456	0.01052	0.01455	0.01475	0.01594	0.01161	0.01061	0.01699	0.01629	0.02286	0.03132	0.09714	0.03257	0.23895	0.38933	0.01355	0.02054	0.01365	0.00604	0.00823
21	0.02280	0.03372	0.24058	0.04001	0.24859	0.02326	0.02988	0.03458	0.10681	0.03519	0.06368	0.02986	0.02343	0.01101	0.01020	0.00320	0.01212	0.00965	0.00611	0.01535
22	0.02909	0.01907	0.02914	0.24582	0.13826	0.01936	0.02249	0.03457	0.02391	0.20344	0.02542	0.02854	0.01803	0.01046	0.00988	0.00301	0.01100	0.00907	0.00743	0.11203
23	0.02744	0.64552	0.05378	0.01756	0.02634	0.04061	0.01756	0.03073	0.02085	0.02414	0.01427	0.01646	0.01317	0.00878	0.00658	0.00219	0.01097	0.00549	0.00439	0.01317
24	0.02507	0.02490	0.07503	0.02165	0.02832	0.02537	0.01824	0.05250	0.50753	0.04197	0.03962	0.03676	0.02964	0.01354	0.01038	0.00346	0.00877	0.01123	0.00988	0.01614
25	0.02540	0.02438	0.04165	0.06299	0.57533	0.02438	0.03149	0.03149	0.02337	0.03353	0.01930	0.02540	0.01626	0.00914	0.01016	0.00305	0.01219	0.00914	0.00508	0.01626
26	0.01334	0.00986	0.01247	0.01305	0.01492	0.00899	0.00932	0.01662	0.02444	0.03310	0.29281	0.29928	0.16161	0.02619	0.01250	0.00364	0.00534	0.02324	0.01032	0.00899
27	0.03371	0.02694	0.14567	0.02856	0.12257	0.02027	0.02287	0.04396	0.11597	0.28243	0.03247	0.03109	0.02224	0.01168	0.01019	0.00322	0.01057	0.00976	0.00927	0.01657
28	0.03436	0.20238	0.03568	0.02416	0.02998	0.41253	0.01942	0.03715	0.02598	0.02483	0.01528	0.01826	0.01322	0.01063	0.01030	0.00266	0.05950	0.00649	0.00500	0.01218
29	0.04604	0.01746	0.02382	0.01826	0.02620	0.01508	0.01508	0.05001	0.02937	0.58244	0.04049	0.03493	0.02540	0.01270	0.01032	0.00318	0.00873	0.01032	0.01270	0.01746
30	0.65686	0.01965	0.01580	0.01389	0.02037	0.02237	0.01144	0.03180	0.01845	0.09034	0.01645	0.01818	0.01229	0.00979	0.00668	0.00318	0.00800	0.00595	0.00688	0.01164
31	0.02513	0.02451	0.06798	0.02155	0.02810	0.02539	0.01797	0.05278	0.51423	0.04210	0.03991	0.03697	0.02987	0.01359	0.01039	0.00346	0.00868	0.01128	0.00996	0.01616
32	0.01490	0.01003	0.01159	0.01159	0.01173	0.01016	0.00671	0.01518	0.01504	0.02019	0.03197	0.06515	0.03644	0.59728	0.09311	0.01044	0.01126	0.01463	0.00616	0.00644
33	0.02476	0.01988	0.02181	0.01904	0.02429	0.02203	0.01491	0.13320	0.30886	0.04638	0.19367	0.04705	0.04802	0.01570	0.01090	0.00333	0.00774	0.01321	0.01066	0.01454
34	0.01341	0.00998	0.01166	0.01202	0.01378	0.00912	0.00822	0.01570	0.02177	0.02847	0.17895	0.20620	0.22554	0.17328	0.02195	0.00512	0.00643	0.02105	0.00912	0.00823
35	0.02147	0.02460	0.08518	0.17499	0.05147	0.02261	0.28902	0.02926	0.02304	0.03088	0.02574	0.04227	0.02239	0.01250	0.01184	0.00365	0.01493	0.09585	0.00571	0.01260
36	0.02630	0.02406	0.03147	0.37622	0.09678	0.07805	0.02578	0.15139	0.02817	0.03590	0.01964	0.02574	0.01474	0.01070	0.01016	0.00324	0.01344	0.00892	0.00603	0.01327
37	0.02058	0.05308	0.58618	0.02925	0.04442	0.02383	0.03792	0.03250	0.02167	0.03250	0.01842	0.02167	0.01300	0.00975	0.00975	0.00325	0.01517	0.00758	0.00433	0.01517
38	0.02744	0.64552	0.05378	0.01756	0.02634	0.04061	0.01756	0.03073	0.02085	0.02414	0.01427	0.01646	0.01317	0.00878	0.00658	0.00219	0.01097	0.00549	0.00439	0.01317
39	0.02245	0.02245	0.03143	0.02694	0.02694	0.03143	0.02245	0.02470	0.01572	0.02470	0.01347	0.02245	0.01347	0.01796	0.03368	0.00449	0.62057	0.00898	0.00449	0.01123
40	0.02553	0.02204	0.02320	0.02088	0.02669	0.02553	0.01624	0.05453	0.55679	0.04293	0.04177	0.03829	0.03133	0.01392	0.01044	0.00348	0.00812	0.01160	0.01044	0.01624
41	0.01312	0.00998	0.01216	0.01326	0.01531	0.00903	0.00973	0.01595	0.02275	0.02939	0.14700	0.30993	0.24509	0.02798	0.01274	0.00385	0.00592	0.07826	0.00978	0.00877
42	0.66238	0.01967	0.01573	0.01385	0.02032	0.02243	0.01141	0.03164	0.01835	0.08589	0.01624	0.01803	0.01218	0.00976	0.00665	0.00318	0.00800	0.00591	0.00682	0.01159
43	0.03833	0.04891	0.02908	0.02644	0.03173	0.59815	0.01983	0.04098	0.02908	0.02512	0.01586	0.01851	0.01322	0.01058	0.00925	0.00264	0.01851	0.00661	0.00529	0.01190
44	0.01897	0.01102	0.01497	0.01605	0.01827	0.01028	0.01212	0.02182	0.02220	0.11845	0.05339	0.41055	0.05880	0.02805	0.01290	0.00414	0.00725	0.14066	0.01003	0.01010
45	0.01323	0.00976	0.01238	0.01315	0.01490	0.00891	0.00932	0.01633	0.02388	0.03225	0.26355	0.33359	0.15723	0.02685	0.01256	0.00369	0.00540	0.02388	0.01022	0.00891
46	0.01938	0.01824	0.03078	0.61468	0.07068	0.02280	0.02850	0.02622	0.02052	0.02622	0.01824	0.02736	0.01368	0.01026	0.01026	0.00342	0.01368	0.00912	0.00456	0.01140
47	0.01738	0.01232	0.01639	0.01823	0.02083	0.01256	0.01571	0.02377	0.05999	0.03220	0.05167	0.10373	0.05432	0.02594	0.01331	0.00444	0.00895	0.42933	0.06902	0.00993
48	0.02289	0.03200	0.16965	0.08860	0.05129	0.02560	0.35041	0.03165	0.02277	0.03165	0.01954	0.02599	0.01471	0.00967	0.01292	0.00348	0.05788	0.01066	0.00490	0.01374
49	0.01541	0.00967	0.01294	0.01463	0.01586	0.00892	0.01001	0.01738	0.02049	0.07438	0.05517	0.58087	0.06419	0.03047	0.01286	0.00408	0.00619	0.02754	0.00980	0.00913
50	0.02077	0.02016	0.02813	0.02480	0.02490	0.02752	0.02026	0.02294	0.01638	0.02495	0.02076	0.12570	0.02268	0.02036	0.03020	0.00444	0.51657	0.01240	0.00534	0.01074
51	0.02711	0.03201	0.16905	0.20575	0.12045	0.07025	0.02814	0.12519	0.02745	0.06730	0.02067	0.02491	0.01518	0.01052	0.01004	0.00319	0.01351	0.00863	0.00614	0.01449
52	0.02893	0.56395	0.05040	0.01877	0.02708	0.11684	0.01787	0.03213	0.02198	0.02428	0.01449	0.01674	0.01318	0.00903	0.00695	0.00226	0.01200	0.00564	0.00451	0.01300
53	0.02305	0.02113	0.03175	0.09290	0.28814	0.01956	0.02277	0.02854	0.02219	0.03282	0.01874	0.02378	0.01556	0.00857	0.00905	0.00241	0.01032	0.00780	0.00547	0.31544
54	0.03494	0.12009	0.12042	0.02344	0.03127	0.20885	0.02135	0.06783	0.02702	0.17200	0.02273	0.02358	0.01657	0.01135	0.01097	0.00297	0.05528	0.00788	0.00715	0.01430
55	0.01602	0.01196	0.01515	0.01457	0.01736	0.01174	0.01129	0.02357	0.08790	0.04003	0.44493	0.07729	0.08465	0.02112	0.01218	0.00345	0.00580	0.07964	0.01097	0.01039
56	0.01490	0.01131	0.01383	0.01327	0.01600	0.01073	0.00991	0.02114	0.07102	0.03802	0.41307	0.11863	0.16544	0.02204	0.01204	0.00336	0.00525	0.01928	0.01081	0.00996
57	0.01490	0.00999	0.01137	0.01132	0.01149	0.00993	0.00647	0.01524	0.01593	0.02141	0.07069	0.06783	0.04156	0.59523	0.04937	0.00947	0.00958	0.01518	0.00658	0.00647
58	0.04271	0.02035	0.02530	0.01967	0.02748	0.01968	0.01616	0.15875	0.07922	0.42147	0.03710	0.03295	0.02416	0.01272	0.01032	0.00318	0.00924	0.01019	0.01197	0.01736
59	0.71184	0.01985	0.01508	0.01350	0.01985	0.02302	0.01111	0.03017	0.01746	0.04604	0.01429	0.01667	0.01111	0.00953	0.00635	0.00318	0.00794	0.00556	0.00635	0.01111
60	0.01466	0.01100	0.01649	0.01649	0.01833	0.01283	0.01283	0.01833	0.01649	0.02382	0.02749	0.04032	0.02566	0.07697	0.59868	0.01649	0.02749	0.01100	0.00550	0.00916
61	0.02239	0.02202	0.03952	0.31847	0.25699	0.02389	0.10953	0.02924	0.02217	0.03000	0.01903	0.02668	0.01494	0.00959	0.01051	0.00329	0.01369	0.00960	0.00485	0.01360
62	0.01716	0.01660	0.01523	0.01438	0.01736	0.09134	0.01079	0.01989	0.02379	0.02868	0.15518	0.07549	0.32869	0.07307	0.01676	0.00393	0.05630	0.01753	0.00856	0.00927
63	0.02128	0.01824	0.02128	0.01520	0.02432	0.01368	0.01216	0.02584	0.02128	0.03344	0.01824	0.02128	0.01520	0.00760	0.00760	0.00152	0.00760	0.00608	0.00608	0.70208
64	0.02245	0.02245	0.03143	0.02694	0.02694	0.03143	0.02245	0.02470	0.01572	0.02470	0.01347	0.02245	0.01347	0.01796	0.03368	0.00449	0.62057	0.00898	0.00449	0.01123
65	0.02128	0.01824	0.02128	0.01520	0.02432	0.01368	0.01216	0.02584	0.02128	0.03344	0.01824	0.02128	0.01520	0.00760	0.00760	0.00152	0.00760	0.00608	0.00608	0.70208
66	0.01737	0.01330	0.01581	0.01644	0.01875	0.01387	0.01175	0.06371	0.13802	0.03279	0.05089	0.45712	0.05607	0.02668	0.01230	0.00394	0.00684	0.02383	0.00978	0.01075
67	0.02316	0.27591	0.38593	0.02485	0.03762	0.03014	0.03026	0.03183	0.02136	0.02936	0.01686	0.01971	0.01306	0.00938	0.00856	0.00285	0.01359	0.00679	0.00435	0.01442
68	0.02250	0.02032	0.02352	0.01977	0.02435	0.06410	0.01585	0.07195	0.02173	0.03090	0.02039	0.02734	0.01802	0.03131	0.19088	0.00688	0.14731	0.00851	0.00589	0.22849
69	0.01974	0.01870	0.03218	0.28611	0.09773	0.02098	0.09958	0.02593	0.02298	0.03134	0.15054	0.03864	0.03411	0.01312	0.01290	0.00343	0.06208	0.01182	0.00631	0.01178
70	0.01506	0.01129	0.01447	0.01589	0.01859	0.01070	0.01339	0.01915	0.02396	0.03058	0.10761	0.10772	0.21644	0.02709	0.01340	0.00423	0.00782	0.32376	0.00961	0.00923
71	0.01445	0.01145	0.01707	0.01606	0.01857	0.01058	0.05813	0.01827	0.02450	0.03353	0.28347	0.29179	0.11323	0.02460	0.01250	0.00364	0.00645	0.02236	0.00991	0.00946
72	0.01311	0.01023	0.01189	0.01191	0.01457	0.00901	0.00877	0.01647	0.02508	0.03273	0.27849	0.16317	0.31809	0.02489	0.01225	0.00347	0.00516	0.02148	0.01022	0.00901
73	0.02415	0.02279	0.03857	0.09829	0.48832	0.02311	0.02990	0.03018	0.02319	0.03275	0.02245	0.03386	0.02001	0.01099	0.01054	0.00323	0.01205	0.05491	0.00544	0.01528
74	0.01410	0.01047	0.01312	0.01246	0.01507	0.00950	0.00935	0.01854	0.02804	0.03875	0.48666	0.08061	0.18159	0.02187	0.01211	0.00327	0.00491	0.01911	0.01098	0.00950
75	0.02245	0.02420	0.04774	0.08138	0.04582	0.02537	0.34139	0.02898	0.02170	0.03001	0.02209	0.07893	0.01950	0.01282	0.01672	0.00374	0.14650	0.01268	0.00537	0.01261
76	0.02711	0.02169	0.02325	0.02068	0.02665	0.02472	0.01615	0.05418	0.51603	0.08462	0.04167	0.03803	0.03087	0.01383	0.01043	0.00346	0.00817	0.01150	0.01062	0.01634

[dist]
# distance from previous block
# <min> <max>
1	36

[block]
# block no. 1 follows, 14 sequences, length 36
# corresponding to MSA columns:
# 114-149
name=unknown_B
#
# <colnr> <probs for GDERKNQSTAVLIFYWHMCP>
#	G	D	E	R	K	N	Q	S	T	A	V	L	I	F	Y	W	H	M	C	P
0	0.58392	0.01995	0.01816	0.01797	0.06492	0.02226	0.01318	0.03245	0.01924	0.10392	0.01757	0.01937	0.01309	0.00984	0.00709	0.00317	0.00837	0.00637	0.00695	0.01222
1	0.02568	0.03460	0.16863	0.12964	0.12493	0.13307	0.02674	0.03816	0.15085	0.03270	0.02361	0.02657	0.01804	0.01089	0.00997	0.00319	0.01341	0.00886	0.00613	0.01434
2	0.02606	0.02695	0.08818	0.04822	0.37187	0.02516	0.02808	0.07693	0.13236	0.03781	0.02416	0.02758	0.01907	0.01041	0.01019	0.00316	0.01158	0.00950	0.00650	0.01625
3	0.09499	0.02652	0.02628	0.02155	0.02863	0.07880	0.01734	0.25420	0.18208	0.11884	0.02967	0.02846	0.02135	0.01241	0.00989	0.00317	0.01046	0.00947	0.00983	0.01606
4	0.02112	0.01759	0.02041	0.01478	0.02340	0.01337	0.01179	0.02570	0.02130	0.03380	0.01938	0.02255	0.01603	0.00793	0.00757	0.00159	0.00739	0.00634	0.05760	0.65039
5	0.01771	0.02360	0.15597	0.06181	0.03050	0.01651	0.06467	0.02604	0.06207	0.03448	0.19932	0.05978	0.13202	0.01737	0.01147	0.00344	0.00966	0.05369	0.00814	0.01175
6	0.02605	0.11123	0.18660	0.08205	0.04188	0.02397	0.16676	0.03344	0.02330	0.12223	0.02487	0.06836	0.01972	0.01143	0.01037	0.00324	0.01335	0.01068	0.00636	0.01410
7	0.04113	0.01638	0.02224	0.01742	0.02450	0.01424	0.01424	0.04523	0.02932	0.49805	0.12303	0.04143	0.03654	0.01399	0.01060	0.00318	0.00813	0.01160	0.01248	0.01625
8	0.01665	0.01220	0.01598	0.01747	0.01976	0.01240	0.01434	0.02293	0.07285	0.03118	0.08910	0.15812	0.05828	0.08034	0.01689	0.00489	0.00865	0.32889	0.00940	0.00970
9	0.02317	0.06740	0.07736	0.14699	0.04431	0.02451	0.18067	0.06185	0.11378	0.03465	0.05544	0.03723	0.02521	0.01228	0.01096	0.00341	0.01286	0.04772	0.00676	0.01345
10	0.02394	0.24209	0.18289	0.02773	0.08270	0.03193	0.02562	0.02939	0.01971	0.02735	0.01556	0.02049	0.01351	0.01190	0.01611	0.00326	0.20053	0.00745	0.00447	0.01337
11	0.04492	0.01926	0.02493	0.01911	0.02709	0.01775	0.01579	0.12838	0.03238	0.49982	0.03796	0.03329	0.02413	0.01264	0.01031	0.00316	0.00914	0.01015	0.01231	0.01746
12	0.01561	0.01315	0.01414	0.01488	0.01658	0.06258	0.01052	0.01860	0.02400	0.03165	0.24331	0.37041	0.07364	0.02604	0.01238	0.00368	0.00668	0.02318	0.00980	0.00916
13	0.02516	0.17884	0.08841	0.03510	0.12518	0.02904	0.19895	0.03598	0.11844	0.03262	0.02253	0.02603	0.01772	0.00979	0.00997	0.00307	0.01313	0.00959	0.00585	0.01459
14	0.02824	0.30486	0.03974	0.07745	0.08138	0.09315	0.01949	0.03214	0.02232	0.07535	0.01904	0.02239	0.01566	0.01054	0.01027	0.00274	0.06426	0.00734	0.06058	0.01308
15	0.01247	0.00906	0.01178	0.01395	0.01480	0.00836	0.00938	0.01433	0.01997	0.02633	0.06067	0.58642	0.11146	0.03162	0.01301	0.00411	0.00589	0.02852	0.00953	0.00836
16	0.02804	0.02135	0.06849	0.17592	0.04002	0.02019	0.06544	0.07930	0.07518	0.16708	0.07930	0.03492	0.02721	0.01230	0.01038	0.00324	0.01077	0.01071	0.05615	0.01401
17	0.14242	0.07430	0.13109	0.02202	0.03082	0.06947	0.02071	0.19956	0.07362	0.10507	0.02356	0.02401	0.01698	0.01119	0.00923	0.00308	0.01145	0.00819	0.00804	0.01521
18	0.02179	0.04539	0.43843	0.03297	0.09354	0.02422	0.08101	0.03435	0.06840	0.03353	0.02074	0.02400	0.01513	0.00995	0.01006	0.00327	0.01447	0.00849	0.00501	0.01524
19	0.01458	0.01059	0.01380	0.01360	0.01554	0.01048	0.01007	0.01811	0.02297	0.03179	0.28278	0.07161	0.10601	0.14478	0.14633	0.00743	0.01101	0.05083	0.00886	0.00885
20	0.10034	0.06347	0.15009	0.07994	0.03611	0.02590	0.06072	0.06325	0.10282	0.08315	0.02288	0.02576	0.01722	0.01199	0.01346	0.00343	0.10994	0.00888	0.00664	0.01402
21	0.02788	0.23185	0.08375	0.02041	0.02785	0.02999	0.01886	0.20230	0.02989	0.03913	0.02783	0.06085	0.05992	0.01681	0.04228	0.00369	0.04577	0.00994	0.00712	0.01389
22	0.01344	0.01040	0.01245	0.01351	0.01597	0.00941	0.01042	0.01651	0.02297	0.02902	0.11385	0.22576	0.29822	0.02764	0.01284	0.00391	0.00636	0.13884	0.00963	0.00885
23	0.02257	0.01818	0.02667	0.24922	0.09108	0.02082	0.02150	0.09409	0.02436	0.06262	0.02971	0.17995	0.02876	0.01678	0.01300	0.00361	0.06355	0.01427	0.00707	0.01220
24	0.03280	0.03261	0.12814	0.02758	0.03680	0.08757	0.12006	0.19080	0.08080	0.12064	0.02572	0.02676	0.01828	0.01120	0.01044	0.00318	0.01321	0.00959	0.00813	0.01567
25	0.02517	0.03224	0.17893	0.04282	0.17299	0.02431	0.26201	0.03366	0.02377	0.07160	0.02124	0.02622	0.01581	0.00931	0.01096	0.00329	0.01498	0.01020	0.00549	0.01498
26	0.01533	0.01002	0.01186	0.01207	0.01227	0.01002	0.00737	0.01534	0.01554	0.02066	0.03294	0.06813	0.03744	0.53087	0.04780	0.07250	0.00981	0.05737	0.00634	0.00634
27	0.02624	0.18377	0.16309	0.02150	0.03014	0.02316	0.05646	0.03243	0.02458	0.14028	0.12031	0.03980	0.03359	0.01332	0.00996	0.00309	0.01077	0.04620	0.00764	0.01365
28	0.02963	0.19601	0.03680	0.12998	0.03679	0.06787	0.05787	0.12281	0.02831	0.10298	0.07281	0.02882	0.02357	0.01143	0.00949	0.00292	0.01168	0.00921	0.00726	0.01377
29	0.09306	0.03822	0.34040	0.02533	0.03731	0.02132	0.05584	0.03740	0.02365	0.19389	0.02458	0.02538	0.01657	0.01053	0.00972	0.00323	0.01273	0.00843	0.00701	0.01538
30	0.02612	0.01464	0.01801	0.01580	0.02045	0.01386	0.01225	0.07780	0.05789	0.20056	0.16266	0.16008	0.13693	0.02011	0.01149	0.00342	0.00705	0.01723	0.01097	0.01270
31	0.13160	0.07833	0.08410	0.06583	0.03586	0.08855	0.10264	0.13572	0.02824	0.08715	0.02267	0.02834	0.01768	0.01137	0.00974	0.00317	0.01272	0.03526	0.00709	0.01393
32	0.09410	0.05872	0.05998	0.15603	0.03897	0.05405	0.05782	0.12030	0.02817	0.13919	0.07119	0.03023	0.02357	0.01172	0.00991	0.00316	0.01150	0.00965	0.00786	0.01388
33	0.01955	0.01331	0.01846	0.07454	0.07090	0.01301	0.01408	0.02345	0.02366	0.10128	0.15676	0.09653	0.15875	0.07354	0.05775	0.00493	0.00933	0.05049	0.00887	0.01080
34	0.02249	0.06904	0.08314	0.23598	0.09343	0.02474	0.08122	0.06703	0.05200	0.03165	0.02335	0.08278	0.02032	0.01277	0.01204	0.00341	0.05474	0.01107	0.00585	0.01296
35	0.02562	0.12227	0.03316	0.20845	0.04171	0.06681	0.04938	0.06503	0.02411	0.07386	0.02522	0.03930	0.02220	0.01390	0.01236	0.00343	0.06510	0.08922	0.00645	0.01243

[dist]
# distance from previous block
# <min> <max>
0	52

# created by:
# /st0/software/busco_prod/Augustus/scripts/msa2prfl.pl ./align_prep/11071.fa
