[name]
unknown

[dist]
# distance from previous block
# <min> <max>
0	356

[block]
# block no. 0 follows, 12 sequences, length 16
# corresponding to MSA columns:
# 844-859
name=unknown_A
#
# <colnr> <probs for GDERKNQSTAVLIFYWHMCP>
#	G	D	E	R	K	N	Q	S	T	A	V	L	I	F	Y	W	H	M	C	P
0	0.05969	0.01299	0.01607	0.01588	0.01892	0.01277	0.01204	0.02552	0.06694	0.07843	0.25494	0.21793	0.07372	0.02424	0.01270	0.00387	0.00673	0.06443	0.01103	0.01117
1	0.03381	0.02587	0.03123	0.02490	0.03103	0.10066	0.06083	0.03785	0.02501	0.19010	0.02502	0.02754	0.01867	0.01336	0.01739	0.00338	0.17627	0.00933	0.00793	0.13983
2	0.02837	0.02474	0.06662	0.11007	0.26697	0.02266	0.02663	0.03671	0.06546	0.10930	0.02526	0.02888	0.01923	0.01060	0.01042	0.00311	0.01174	0.00951	0.00705	0.11667
3	0.02608	0.02498	0.04262	0.14124	0.48157	0.02567	0.03301	0.03267	0.02440	0.03452	0.02035	0.02728	0.01688	0.00988	0.01081	0.00329	0.01318	0.00971	0.00532	0.01654
4	0.02699	0.02591	0.04426	0.06693	0.54879	0.02591	0.03346	0.03346	0.02483	0.03562	0.02051	0.02699	0.01727	0.00972	0.01079	0.00324	0.01295	0.00972	0.00540	0.01727
5	0.02111	0.01215	0.01583	0.01492	0.01825	0.01094	0.01116	0.02505	0.02789	0.13720	0.28595	0.20554	0.12307	0.02404	0.01276	0.00369	0.00627	0.02113	0.01165	0.01142
6	0.02859	0.13170	0.17811	0.06311	0.04021	0.02699	0.10098	0.06713	0.06983	0.10952	0.03042	0.03201	0.04926	0.01205	0.01056	0.00333	0.01314	0.01031	0.00731	0.01548
7	0.02749	0.07078	0.23070	0.07190	0.04254	0.02567	0.09638	0.11351	0.02946	0.08217	0.07841	0.03195	0.02560	0.01215	0.01097	0.00339	0.01365	0.01050	0.00731	0.01546
8	0.01484	0.01101	0.01393	0.01414	0.01659	0.01009	0.01067	0.01900	0.02751	0.03730	0.33231	0.17638	0.17549	0.02605	0.01327	0.00381	0.00593	0.07073	0.01114	0.00983
9	0.02172	0.01954	0.02930	0.35616	0.08600	0.02294	0.02491	0.07229	0.02508	0.03247	0.03733	0.04295	0.11716	0.01478	0.01287	0.00366	0.04965	0.01226	0.00647	0.01248
10	0.09457	0.22374	0.22095	0.02349	0.03447	0.07651	0.02532	0.03741	0.02429	0.11472	0.02123	0.02272	0.01577	0.01058	0.00901	0.00303	0.01321	0.00752	0.00632	0.01512
11	0.01861	0.00959	0.01396	0.01396	0.01396	0.00959	0.00916	0.01438	0.01438	0.01917	0.02058	0.03722	0.02115	0.09957	0.04399	0.61114	0.00959	0.01015	0.00493	0.00493
12	0.01319	0.00985	0.01228	0.01423	0.01556	0.00894	0.00970	0.01529	0.02180	0.02821	0.07175	0.49290	0.18138	0.03265	0.01368	0.00426	0.00614	0.02915	0.01012	0.00894
13	0.02427	0.04089	0.35203	0.02608	0.03751	0.02181	0.03001	0.07442	0.02520	0.07575	0.02767	0.10842	0.02392	0.01634	0.01344	0.05586	0.01332	0.01180	0.00665	0.01461
14	0.12369	0.02817	0.03401	0.11392	0.13357	0.11627	0.08044	0.10440	0.02821	0.03905	0.02382	0.08088	0.02094	0.01299	0.01064	0.00341	0.01352	0.01116	0.00684	0.01407
15	0.13533	0.02518	0.04418	0.03258	0.04171	0.02466	0.27849	0.07905	0.02744	0.11459	0.02536	0.02924	0.01834	0.01057	0.01105	0.00346	0.01393	0.01102	0.05903	0.01479

[dist]
# distance from previous block
# <min> <max>
19	93

[block]
# block no. 1 follows, 12 sequences, length 17
# corresponding to MSA columns:
# 970-986
name=unknown_B
#
# <colnr> <probs for GDERKNQSTAVLIFYWHMCP>
#	G	D	E	R	K	N	Q	S	T	A	V	L	I	F	Y	W	H	M	C	P
0	0.02224	0.01423	0.01769	0.01692	0.02014	0.01396	0.01251	0.10007	0.02907	0.09689	0.15850	0.33683	0.06525	0.02589	0.01287	0.00391	0.00730	0.02291	0.01104	0.01180
1	0.04817	0.01977	0.02605	0.01997	0.02844	0.01782	0.01650	0.09953	0.03323	0.50709	0.04132	0.03601	0.02614	0.01345	0.01096	0.00336	0.00955	0.01085	0.01323	0.01855
2	0.02998	0.05486	0.05646	0.16207	0.12937	0.02247	0.02326	0.08296	0.02898	0.15660	0.10912	0.03770	0.03231	0.01322	0.01097	0.00336	0.01122	0.01131	0.00865	0.01513
3	0.03131	0.03735	0.27114	0.02848	0.03959	0.02352	0.07773	0.03960	0.02518	0.20339	0.02680	0.02836	0.01844	0.01234	0.01394	0.00361	0.08569	0.00967	0.00761	0.01625
4	0.02237	0.01721	0.02609	0.11438	0.06631	0.01785	0.06651	0.03017	0.08598	0.07897	0.09646	0.12106	0.04270	0.11738	0.01937	0.00490	0.01060	0.04087	0.00856	0.01227
5	0.45933	0.10008	0.06992	0.01712	0.02466	0.06762	0.01560	0.03279	0.02061	0.04256	0.01701	0.01979	0.01347	0.01030	0.00739	0.00316	0.01015	0.00645	0.04960	0.01241
6	0.12338	0.01226	0.01357	0.01380	0.01565	0.01284	0.00945	0.01889	0.01836	0.02834	0.04229	0.16828	0.08419	0.26274	0.12181	0.00874	0.01204	0.01722	0.00751	0.00864
7	0.10498	0.19752	0.19630	0.02671	0.07936	0.02923	0.02543	0.06754	0.02558	0.11940	0.02213	0.02372	0.01636	0.01067	0.00920	0.00309	0.01240	0.00793	0.00676	0.01570
8	0.01486	0.01094	0.01399	0.01427	0.01661	0.01008	0.01070	0.01900	0.02743	0.03740	0.33596	0.19427	0.15579	0.02621	0.01330	0.00383	0.00593	0.06847	0.01116	0.00982
9	0.02101	0.02114	0.08302	0.16136	0.03706	0.01969	0.02069	0.08180	0.02676	0.03723	0.13465	0.14805	0.04440	0.01850	0.01352	0.00371	0.05472	0.01558	0.04491	0.01222
10	0.02166	0.05048	0.47600	0.12049	0.05165	0.02515	0.03869	0.03346	0.02283	0.03346	0.01954	0.02399	0.01393	0.01045	0.01045	0.00348	0.01586	0.00832	0.00464	0.01547
11	0.12641	0.01157	0.01487	0.01460	0.01589	0.01233	0.01031	0.01764	0.01527	0.02444	0.01949	0.03176	0.01873	0.03835	0.09620	0.49987	0.01151	0.00915	0.00518	0.00642
12	0.02921	0.02483	0.03060	0.06537	0.09424	0.07351	0.04756	0.04249	0.18898	0.09462	0.03066	0.03274	0.02342	0.01370	0.01470	0.00361	0.10484	0.01065	0.05914	0.01514
13	0.11403	0.01932	0.02269	0.01700	0.02591	0.01625	0.01381	0.03651	0.02495	0.20938	0.02668	0.02680	0.01920	0.01012	0.00887	0.00241	0.00852	0.00788	0.00882	0.38084
14	0.02655	0.09444	0.02889	0.01882	0.02677	0.02124	0.01572	0.03077	0.02257	0.09101	0.02069	0.02380	0.01680	0.01059	0.01269	0.00240	0.10274	0.00738	0.00675	0.41936
15	0.21738	0.01855	0.01990	0.01680	0.02324	0.01882	0.01341	0.03779	0.10933	0.15377	0.14222	0.04022	0.03910	0.01404	0.00987	0.00323	0.00788	0.01115	0.01003	0.09328
16	0.02721	0.02567	0.09067	0.01962	0.02987	0.01904	0.01774	0.10747	0.02779	0.07389	0.02200	0.02415	0.01693	0.00950	0.00899	0.00222	0.00977	0.00748	0.00739	0.45259

[dist]
# distance from previous block
# <min> <max>
0	1

[block]
# block no. 2 follows, 12 sequences, length 9
# corresponding to MSA columns:
# 988-996
name=unknown_C
#
# <colnr> <probs for GDERKNQSTAVLIFYWHMCP>
#	G	D	E	R	K	N	Q	S	T	A	V	L	I	F	Y	W	H	M	C	P
0	0.10611	0.01978	0.02332	0.10815	0.03282	0.02222	0.01833	0.10533	0.15114	0.04373	0.09817	0.05616	0.04028	0.01750	0.01155	0.00383	0.00989	0.10859	0.00946	0.01362
1	0.01999	0.01285	0.01864	0.01791	0.02112	0.01170	0.04905	0.02316	0.02374	0.11075	0.06185	0.36727	0.13006	0.02781	0.01331	0.00414	0.00785	0.05758	0.01029	0.01094
2	0.01864	0.01101	0.01695	0.08499	0.02241	0.01188	0.01262	0.01665	0.01562	0.02097	0.02051	0.03408	0.01963	0.04108	0.11723	0.50161	0.01300	0.00982	0.00491	0.00637
3	0.13326	0.07058	0.11628	0.09179	0.08031	0.14803	0.08387	0.08640	0.02737	0.03758	0.01910	0.02322	0.01475	0.01061	0.00994	0.00324	0.01487	0.00845	0.00604	0.01430
4	0.12642	0.09444	0.43747	0.02753	0.04168	0.02656	0.03422	0.03400	0.02226	0.03608	0.01855	0.02177	0.01352	0.01024	0.00954	0.00335	0.01458	0.00755	0.00494	0.01529
5	0.12966	0.02387	0.02772	0.05723	0.03017	0.10290	0.07614	0.03018	0.02147	0.06991	0.02360	0.03580	0.02148	0.14657	0.06451	0.00612	0.10406	0.01063	0.00643	0.01157
6	0.02460	0.02626	0.11793	0.21029	0.08974	0.02223	0.12101	0.03237	0.02535	0.09060	0.09999	0.03666	0.02944	0.01236	0.01149	0.00353	0.01345	0.01168	0.00698	0.01406
7	0.10827	0.02186	0.02769	0.02319	0.02796	0.02556	0.04722	0.17235	0.02820	0.04207	0.02339	0.03041	0.01969	0.03628	0.20088	0.00829	0.12599	0.01009	0.00727	0.01336
8	0.02809	0.01864	0.02842	0.02322	0.02888	0.01854	0.10325	0.03551	0.09901	0.16083	0.04442	0.05075	0.09767	0.02022	0.01825	0.10887	0.04463	0.04845	0.00912	0.01321

[dist]
# distance from previous block
# <min> <max>
0	99

[block]
# block no. 3 follows, 12 sequences, length 15
# corresponding to MSA columns:
# 1112-1126
name=unknown_D
#
# <colnr> <probs for GDERKNQSTAVLIFYWHMCP>
#	G	D	E	R	K	N	Q	S	T	A	V	L	I	F	Y	W	H	M	C	P
0	0.01417	0.01027	0.01301	0.01398	0.01545	0.00951	0.00963	0.01697	0.02386	0.03224	0.21218	0.34093	0.12534	0.08915	0.01772	0.00467	0.00631	0.02517	0.01035	0.00911
1	0.01339	0.00996	0.01249	0.01419	0.01563	0.00906	0.00976	0.01576	0.02259	0.02959	0.11362	0.45804	0.17265	0.03175	0.01361	0.00418	0.00605	0.02834	0.01029	0.00906
2	0.01384	0.01006	0.01315	0.01521	0.01645	0.00937	0.01074	0.01637	0.02237	0.02959	0.09844	0.47732	0.11546	0.03232	0.01387	0.00435	0.00655	0.07518	0.01025	0.00911
3	0.01410	0.01080	0.01292	0.01301	0.01563	0.00962	0.00952	0.01776	0.02680	0.03553	0.29445	0.18844	0.25907	0.02645	0.01307	0.00371	0.00550	0.02303	0.01096	0.00962
4	0.02459	0.28722	0.18174	0.19920	0.04763	0.03260	0.02794	0.03166	0.02227	0.02867	0.01763	0.02253	0.01411	0.01009	0.00909	0.00303	0.01372	0.00761	0.00470	0.01397
5	0.02915	0.62337	0.05714	0.01866	0.02799	0.04314	0.01866	0.03265	0.02215	0.02565	0.01516	0.01749	0.01399	0.00933	0.00700	0.00233	0.01166	0.00583	0.00466	0.01399
6	0.01368	0.01015	0.01276	0.01407	0.01571	0.00923	0.00981	0.01645	0.02381	0.03160	0.17482	0.39790	0.16944	0.03032	0.01349	0.00407	0.00591	0.02701	0.01053	0.00923
7	0.02261	0.01938	0.02261	0.01615	0.02584	0.01453	0.01292	0.02745	0.02261	0.03553	0.01938	0.02261	0.01615	0.00807	0.00807	0.00161	0.00807	0.00646	0.00646	0.68346
8	0.02494	0.02120	0.02639	0.02311	0.02563	0.02609	0.01830	0.12028	0.08447	0.03644	0.03025	0.13435	0.03013	0.08094	0.02625	0.00489	0.25143	0.01435	0.00782	0.01274
9	0.02875	0.01951	0.02384	0.07578	0.03005	0.02018	0.01654	0.12752	0.11460	0.12855	0.19028	0.04738	0.04777	0.01567	0.01133	0.00332	0.00885	0.01320	0.01075	0.06615
10	0.09966	0.13902	0.03231	0.02191	0.02751	0.08263	0.01864	0.03696	0.02416	0.17630	0.02666	0.03410	0.02181	0.01495	0.01599	0.00360	0.15173	0.05008	0.00793	0.01406
11	0.13934	0.18218	0.09334	0.02463	0.03388	0.08637	0.07806	0.12049	0.02892	0.08636	0.02103	0.02300	0.01589	0.01077	0.00933	0.00308	0.01306	0.00818	0.00708	0.01502
12	0.10854	0.02227	0.02432	0.02389	0.07739	0.06842	0.01689	0.08339	0.05448	0.12510	0.03392	0.13284	0.03081	0.01628	0.01068	0.00334	0.01008	0.03896	0.00902	0.10939
13	0.15449	0.11043	0.29834	0.02687	0.03919	0.02666	0.07785	0.03553	0.02307	0.08274	0.02055	0.02325	0.01490	0.01035	0.00958	0.00332	0.01374	0.00813	0.00591	0.01511
14	0.08470	0.02746	0.10436	0.23275	0.05683	0.02496	0.20168	0.03351	0.02380	0.07361	0.02181	0.02809	0.01589	0.01035	0.01118	0.00358	0.01516	0.01041	0.00589	0.01399

[dist]
# distance from previous block
# <min> <max>
2	5

[block]
# block no. 4 follows, 12 sequences, length 10
# corresponding to MSA columns:
# 1132-1141
name=unknown_E
#
# <colnr> <probs for GDERKNQSTAVLIFYWHMCP>
#	G	D	E	R	K	N	Q	S	T	A	V	L	I	F	Y	W	H	M	C	P
0	0.01444	0.01046	0.01308	0.01366	0.01527	0.00970	0.00944	0.01738	0.02434	0.03300	0.24431	0.27055	0.13264	0.11775	0.01974	0.00490	0.00644	0.02352	0.01030	0.00909
1	0.02933	0.01478	0.02078	0.09109	0.02853	0.01403	0.01520	0.03338	0.02680	0.24940	0.12137	0.21670	0.05065	0.02078	0.01214	0.00374	0.00843	0.01822	0.01113	0.01352
2	0.03264	0.07756	0.11965	0.02473	0.03366	0.02351	0.07644	0.08740	0.09364	0.19387	0.03488	0.09571	0.02758	0.01458	0.01109	0.00348	0.01149	0.01258	0.00944	0.01608
3	0.03573	0.01884	0.02331	0.01927	0.02549	0.01836	0.01531	0.15711	0.03419	0.26387	0.10676	0.15219	0.04351	0.01858	0.01177	0.00356	0.00885	0.01573	0.01199	0.01558
4	0.01318	0.00989	0.01224	0.01411	0.01553	0.00895	0.00965	0.01530	0.02191	0.02825	0.07315	0.47888	0.19450	0.03246	0.01365	0.00423	0.00612	0.02893	0.01012	0.00895
5	0.10243	0.02781	0.11516	0.26402	0.05452	0.02543	0.09437	0.08615	0.02606	0.07062	0.02157	0.02709	0.01564	0.01090	0.01062	0.00353	0.01400	0.00955	0.00635	0.01418
6	0.12827	0.19833	0.03887	0.13370	0.03916	0.02911	0.08245	0.03468	0.07653	0.06376	0.02448	0.06280	0.02062	0.01215	0.00959	0.00326	0.01180	0.01011	0.00667	0.01367
7	0.01776	0.01085	0.01463	0.01621	0.01793	0.01008	0.01163	0.02027	0.02251	0.08749	0.05792	0.49014	0.06600	0.03139	0.01372	0.00438	0.00708	0.07944	0.01049	0.01008
8	0.02854	0.01601	0.02028	0.01795	0.02306	0.01561	0.01437	0.03827	0.12521	0.20492	0.22696	0.06501	0.06040	0.01909	0.01221	0.00367	0.00775	0.07444	0.01205	0.01420
9	0.03625	0.02117	0.02877	0.20623	0.04416	0.02259	0.02151	0.11545	0.08434	0.25573	0.03291	0.03321	0.02233	0.01273	0.01095	0.00348	0.01133	0.01052	0.01003	0.01632

[dist]
# distance from previous block
# <min> <max>
0	3

[block]
# block no. 5 follows, 12 sequences, length 19
# corresponding to MSA columns:
# 1145-1163
name=unknown_F
#
# <colnr> <probs for GDERKNQSTAVLIFYWHMCP>
#	G	D	E	R	K	N	Q	S	T	A	V	L	I	F	Y	W	H	M	C	P
0	0.07300	0.02504	0.08951	0.12368	0.10012	0.02255	0.08611	0.03865	0.09516	0.12479	0.02876	0.03164	0.02097	0.01160	0.01050	0.00341	0.01192	0.01031	0.07724	0.01507
1	0.09465	0.02850	0.02706	0.02223	0.02972	0.13427	0.01779	0.14033	0.09872	0.24648	0.03237	0.03034	0.02231	0.01286	0.01040	0.00328	0.01176	0.00971	0.01054	0.01665
2	0.13211	0.01878	0.02797	0.42072	0.05930	0.02275	0.02556	0.02787	0.02169	0.03198	0.02366	0.03938	0.02034	0.01327	0.01075	0.00377	0.01294	0.06954	0.00584	0.01179
3	0.12661	0.01710	0.01746	0.01508	0.02012	0.01734	0.01141	0.07706	0.07878	0.03935	0.03816	0.04612	0.08537	0.13254	0.01832	0.00443	0.00832	0.01170	0.11158	0.12316
4	0.02261	0.01938	0.02261	0.01615	0.02584	0.01453	0.01292	0.02745	0.02261	0.03553	0.01938	0.02261	0.01615	0.00807	0.00807	0.00161	0.00807	0.00646	0.00646	0.68346
5	0.01673	0.01238	0.01475	0.01392	0.01705	0.01194	0.01051	0.02428	0.08326	0.04147	0.37879	0.07713	0.15676	0.02147	0.01222	0.00342	0.00557	0.01860	0.06889	0.01087
6	0.02381	0.01315	0.01639	0.01442	0.01896	0.01152	0.01122	0.02794	0.02903	0.17994	0.26727	0.07679	0.22333	0.02158	0.01235	0.00349	0.00640	0.01837	0.01181	0.01221
7	0.01448	0.01058	0.01270	0.01306	0.01476	0.00978	0.00892	0.01706	0.02347	0.03129	0.20920	0.21256	0.17280	0.17254	0.02361	0.00548	0.00685	0.02221	0.00982	0.00881
8	0.01885	0.01448	0.01670	0.01540	0.01914	0.01436	0.01172	0.07987	0.08184	0.04203	0.28684	0.12292	0.18811	0.02276	0.01255	0.00359	0.00649	0.01959	0.01117	0.01158
9	0.02931	0.01660	0.02060	0.01818	0.02303	0.01636	0.01430	0.08968	0.07394	0.18979	0.13480	0.10840	0.05030	0.08450	0.01693	0.00449	0.00877	0.07511	0.01123	0.01370
10	0.03034	0.02502	0.02647	0.02284	0.02958	0.02862	0.01804	0.15998	0.42181	0.05080	0.04029	0.03742	0.02997	0.01441	0.01105	0.00360	0.00939	0.01176	0.01105	0.01755
11	0.02901	0.11947	0.30101	0.02899	0.04168	0.02898	0.07979	0.13311	0.02950	0.07511	0.02216	0.02454	0.01596	0.01087	0.01033	0.00329	0.01447	0.00881	0.00658	0.01635
12	0.02934	0.10081	0.17541	0.02303	0.03246	0.02556	0.02309	0.11882	0.10848	0.11018	0.10849	0.03657	0.03322	0.01365	0.01064	0.00332	0.01115	0.01095	0.00899	0.01587
13	0.11467	0.14772	0.15672	0.02224	0.03159	0.02900	0.02221	0.14054	0.08116	0.04445	0.08293	0.03055	0.02697	0.01257	0.00972	0.00321	0.01130	0.00953	0.00781	0.01512
14	0.25041	0.07489	0.06720	0.09299	0.03208	0.02510	0.01830	0.03657	0.15095	0.03989	0.02844	0.08966	0.02456	0.01398	0.00949	0.00352	0.00994	0.01093	0.00763	0.01346
15	0.25816	0.02688	0.09216	0.14561	0.07650	0.02528	0.08011	0.07392	0.02412	0.04132	0.01893	0.02372	0.01436	0.01033	0.00947	0.00336	0.01238	0.00840	0.00621	0.04877
16	0.26876	0.02616	0.02656	0.02581	0.09490	0.08067	0.01826	0.13245	0.02987	0.16180	0.02440	0.02510	0.01745	0.01152	0.00934	0.00328	0.01106	0.00841	0.00878	0.01543
17	0.20926	0.09232	0.03190	0.15677	0.04012	0.02722	0.05243	0.10219	0.05271	0.10312	0.02299	0.02585	0.01688	0.01121	0.00948	0.00334	0.01154	0.00874	0.00758	0.01435
18	0.18530	0.02041	0.02437	0.07794	0.03024	0.02260	0.04864	0.07302	0.08903	0.03910	0.03360	0.03989	0.07724	0.08394	0.01726	0.00432	0.05713	0.01128	0.00757	0.05714

[dist]
# distance from previous block
# <min> <max>
10	38

[block]
# block no. 6 follows, 12 sequences, length 12
# corresponding to MSA columns:
# 1202-1213
name=unknown_G
#
# <colnr> <probs for GDERKNQSTAVLIFYWHMCP>
#	G	D	E	R	K	N	Q	S	T	A	V	L	I	F	Y	W	H	M	C	P
0	0.02712	0.02501	0.03954	0.15345	0.34193	0.02739	0.03029	0.08699	0.02638	0.03694	0.02024	0.02691	0.01657	0.01141	0.01374	0.00349	0.08119	0.00970	0.00586	0.01585
1	0.02481	0.31974	0.12295	0.01917	0.02776	0.03060	0.01945	0.03303	0.08132	0.03158	0.03284	0.03405	0.08027	0.01267	0.00877	0.00285	0.01053	0.00947	0.08444	0.01370
2	0.01450	0.01079	0.01358	0.01414	0.01640	0.00987	0.01048	0.01824	0.02634	0.03537	0.27609	0.23603	0.18267	0.02738	0.01335	0.00390	0.00599	0.06433	0.01092	0.00964
3	0.02087	0.02063	0.06283	0.09896	0.03388	0.02003	0.07159	0.08014	0.02610	0.03529	0.08875	0.18508	0.09882	0.02064	0.01516	0.00390	0.07939	0.01766	0.00818	0.01208
4	0.03758	0.03043	0.09159	0.08983	0.03712	0.11941	0.02266	0.07489	0.02879	0.24508	0.02841	0.02915	0.01966	0.01305	0.01358	0.00347	0.08119	0.00954	0.00887	0.01571
5	0.08808	0.02121	0.08494	0.02372	0.08639	0.01683	0.01833	0.03427	0.02824	0.19200	0.22708	0.04956	0.05208	0.01576	0.01122	0.00339	0.00885	0.01339	0.01033	0.01434
6	0.01436	0.01025	0.01388	0.01641	0.01751	0.00978	0.01198	0.01703	0.02193	0.02903	0.05951	0.48807	0.06978	0.03315	0.01420	0.00458	0.00725	0.14205	0.01010	0.00915
7	0.02420	0.14164	0.21447	0.02435	0.03357	0.11099	0.04788	0.03102	0.02509	0.03187	0.08881	0.08667	0.06549	0.01494	0.01058	0.00326	0.01314	0.01215	0.00654	0.01333
8	0.03370	0.02105	0.02930	0.09232	0.07063	0.02160	0.05115	0.09716	0.11809	0.21624	0.03760	0.10106	0.02956	0.01524	0.01143	0.00358	0.01060	0.01329	0.01028	0.01610
9	0.03675	0.01761	0.02464	0.07087	0.03027	0.01733	0.01758	0.04127	0.02827	0.34297	0.09415	0.05008	0.03714	0.01669	0.01393	0.00373	0.06354	0.06635	0.01135	0.01547
10	0.58766	0.02157	0.01869	0.06818	0.02692	0.02507	0.01411	0.06415	0.02107	0.04832	0.01631	0.01933	0.01252	0.01039	0.00741	0.00339	0.00924	0.00652	0.00685	0.01229
11	0.04529	0.01775	0.02414	0.01878	0.02658	0.01540	0.01540	0.04961	0.03117	0.50081	0.09718	0.04191	0.03521	0.01445	0.01117	0.00338	0.00883	0.01191	0.01333	0.01766

[dist]
# distance from previous block
# <min> <max>
0	10

[block]
# block no. 7 follows, 12 sequences, length 31
# corresponding to MSA columns:
# 1224-1254
name=unknown_H
#
# <colnr> <probs for GDERKNQSTAVLIFYWHMCP>
#	G	D	E	R	K	N	Q	S	T	A	V	L	I	F	Y	W	H	M	C	P
0	0.02610	0.01822	0.02579	0.07691	0.03101	0.01911	0.05806	0.03688	0.13654	0.13766	0.18966	0.07784	0.05075	0.01717	0.01327	0.00364	0.04223	0.01487	0.01033	0.01395
1	0.02470	0.02560	0.09091	0.02241	0.02882	0.06590	0.06303	0.03724	0.16464	0.06441	0.03929	0.04417	0.07043	0.07964	0.07045	0.00550	0.01307	0.01234	0.06396	0.01351
2	0.01363	0.01092	0.01218	0.01219	0.01527	0.00947	0.00902	0.01697	0.02613	0.03326	0.22580	0.14793	0.37527	0.02678	0.01298	0.00368	0.00550	0.02288	0.01065	0.00947
3	0.03785	0.08038	0.03460	0.02916	0.09599	0.07627	0.02138	0.28622	0.08862	0.10043	0.02710	0.02743	0.01985	0.01240	0.01049	0.00320	0.01215	0.00958	0.00951	0.01738
4	0.01546	0.01019	0.01197	0.01277	0.01321	0.00999	0.00781	0.01653	0.01810	0.02507	0.04262	0.23905	0.04884	0.37618	0.03788	0.00788	0.00872	0.02012	0.06994	0.00765
5	0.04073	0.05197	0.03090	0.02809	0.03371	0.57303	0.02107	0.04354	0.03090	0.02669	0.01685	0.01966	0.01404	0.01124	0.00983	0.00281	0.01966	0.00702	0.00562	0.01264
6	0.03278	0.02021	0.02445	0.01805	0.02725	0.01690	0.01467	0.08317	0.02814	0.20352	0.02752	0.02755	0.01981	0.01028	0.00927	0.00233	0.00884	0.00821	0.00912	0.40791
7	0.02278	0.01533	0.01764	0.01530	0.01992	0.01475	0.01174	0.07493	0.07061	0.08498	0.19308	0.06063	0.12283	0.06414	0.01454	0.00373	0.00721	0.01508	0.09310	0.07767
8	0.02712	0.02342	0.02465	0.02219	0.02835	0.02712	0.01726	0.05794	0.52909	0.04561	0.04438	0.04068	0.03328	0.01479	0.01109	0.00370	0.00863	0.01233	0.01109	0.01726
9	0.03106	0.07846	0.03254	0.02742	0.09335	0.06700	0.06577	0.03835	0.07065	0.16474	0.12843	0.03959	0.03686	0.01343	0.01082	0.00315	0.01076	0.01165	0.00920	0.06678
10	0.03671	0.02788	0.02779	0.02715	0.09278	0.16028	0.01884	0.04333	0.07758	0.21563	0.03273	0.07461	0.02554	0.01366	0.01062	0.00316	0.01199	0.01105	0.00931	0.07938
11	0.08957	0.03173	0.02884	0.13316	0.03919	0.20949	0.02075	0.10023	0.03079	0.17478	0.02533	0.02678	0.01797	0.01192	0.01023	0.00322	0.01409	0.00885	0.00831	0.01478
12	0.01747	0.01129	0.01334	0.01380	0.01675	0.01010	0.01029	0.02051	0.02401	0.07918	0.07651	0.25401	0.25596	0.02713	0.01270	0.00389	0.00646	0.06088	0.07559	0.01012
13	0.03111	0.02358	0.08935	0.02046	0.02779	0.01986	0.01822	0.10637	0.11676	0.18831	0.18355	0.04735	0.04733	0.01583	0.01146	0.00344	0.00919	0.01322	0.01119	0.01563
14	0.02794	0.10173	0.04345	0.10839	0.38895	0.08003	0.03014	0.03378	0.02478	0.03278	0.01939	0.02532	0.01629	0.00993	0.01024	0.00312	0.01359	0.00897	0.00527	0.01592
15	0.03849	0.01686	0.02229	0.01847	0.02495	0.01530	0.01469	0.04463	0.07100	0.38477	0.08756	0.13461	0.04120	0.01771	0.01162	0.00358	0.00840	0.01508	0.01262	0.01618
16	0.01788	0.01075	0.01438	0.01558	0.01734	0.00986	0.01087	0.02033	0.02299	0.09460	0.09820	0.49480	0.06909	0.03061	0.01346	0.00421	0.00659	0.02758	0.01070	0.01018
17	0.02648	0.02098	0.02953	0.07245	0.09683	0.02221	0.06480	0.08324	0.16863	0.08263	0.03932	0.14817	0.03542	0.01762	0.01194	0.00378	0.01054	0.04126	0.00933	0.01485
18	0.02601	0.02234	0.03026	0.38914	0.05834	0.06891	0.02557	0.07797	0.02704	0.07412	0.07158	0.03362	0.02427	0.01243	0.01100	0.00349	0.01341	0.01053	0.00685	0.01311
19	0.02132	0.01254	0.01594	0.01428	0.01819	0.01117	0.01099	0.02582	0.02977	0.13858	0.36414	0.07755	0.17383	0.02165	0.01250	0.00347	0.00600	0.01869	0.01192	0.01165
20	0.03691	0.01628	0.02189	0.06487	0.02793	0.01481	0.01508	0.04110	0.02813	0.36233	0.05008	0.08939	0.09358	0.01656	0.01114	0.00344	0.00867	0.01383	0.06858	0.01540
21	0.07019	0.07977	0.12023	0.02788	0.07499	0.14573	0.02356	0.03791	0.02581	0.13615	0.02626	0.03430	0.02140	0.01377	0.01288	0.00346	0.07090	0.05294	0.00733	0.01453
22	0.03013	0.02781	0.12752	0.02888	0.11256	0.07065	0.02237	0.03575	0.02642	0.18351	0.06427	0.15326	0.03540	0.01689	0.01144	0.00354	0.01131	0.01451	0.00896	0.01483
23	0.02187	0.05640	0.56031	0.03108	0.04719	0.02532	0.04029	0.03453	0.02302	0.03453	0.01957	0.02302	0.01381	0.01036	0.01036	0.00345	0.01611	0.00806	0.00460	0.01611
24	0.24696	0.02226	0.02382	0.17439	0.03717	0.07494	0.01851	0.03146	0.02130	0.08275	0.02137	0.02996	0.01783	0.08664	0.01707	0.00440	0.06158	0.00906	0.00656	0.01196
25	0.01955	0.01474	0.01781	0.01775	0.01996	0.01575	0.01301	0.08235	0.07358	0.03386	0.04721	0.31288	0.05208	0.12657	0.02162	0.00532	0.04174	0.06401	0.00941	0.01078
26	0.03143	0.07888	0.09320	0.02764	0.08176	0.02644	0.04610	0.17249	0.08236	0.09653	0.06963	0.03209	0.02648	0.01245	0.01052	0.00314	0.01131	0.01029	0.00882	0.07844
27	0.01858	0.01697	0.08196	0.01683	0.02093	0.01227	0.01443	0.02257	0.02363	0.08182	0.10511	0.25243	0.13813	0.08380	0.01709	0.00464	0.00831	0.06012	0.00960	0.01078
28	0.03075	0.02351	0.02656	0.02115	0.02908	0.02344	0.01751	0.25953	0.03682	0.05095	0.02956	0.04244	0.02571	0.01446	0.01070	0.00303	0.01031	0.09268	0.00924	0.24257
29	0.02666	0.12034	0.07542	0.07334	0.03330	0.02443	0.01961	0.03508	0.08549	0.08438	0.02364	0.02619	0.01846	0.01114	0.01165	0.00280	0.06623	0.00825	0.00697	0.24663
30	0.03462	0.02755	0.12913	0.02759	0.09525	0.02113	0.02271	0.11949	0.03218	0.23109	0.11025	0.03819	0.03359	0.01372	0.01111	0.00336	0.01085	0.01142	0.01013	0.01665

[dist]
# distance from previous block
# <min> <max>
0	27

[block]
# block no. 8 follows, 12 sequences, length 36
# corresponding to MSA columns:
# 1282-1317
name=unknown_I
#
# <colnr> <probs for GDERKNQSTAVLIFYWHMCP>
#	G	D	E	R	K	N	Q	S	T	A	V	L	I	F	Y	W	H	M	C	P
0	0.03174	0.08489	0.16042	0.08344	0.04044	0.08881	0.06537	0.04248	0.10192	0.15106	0.02806	0.02912	0.02004	0.01170	0.01052	0.00334	0.01352	0.00961	0.00780	0.01573
1	0.02383	0.01276	0.01649	0.01528	0.01915	0.01133	0.01153	0.02745	0.02726	0.18097	0.20101	0.21680	0.14465	0.02392	0.01262	0.00373	0.00669	0.02087	0.01160	0.01204
2	0.02755	0.11757	0.08810	0.01911	0.02576	0.01911	0.01771	0.03277	0.02697	0.17495	0.15180	0.10237	0.04934	0.01855	0.01151	0.00355	0.00939	0.08033	0.00992	0.01364
3	0.16722	0.08578	0.12646	0.02247	0.03178	0.08966	0.02128	0.12161	0.02982	0.16771	0.02480	0.02504	0.01746	0.01155	0.00953	0.00321	0.01225	0.00832	0.00838	0.01568
4	0.01330	0.01043	0.01205	0.01298	0.01532	0.00917	0.00923	0.01596	0.02386	0.03024	0.13385	0.30581	0.30964	0.02971	0.01330	0.00396	0.00581	0.02589	0.01031	0.00917
5	0.03664	0.01584	0.02137	0.01732	0.02360	0.01392	0.01392	0.04119	0.03108	0.36832	0.22642	0.05337	0.05483	0.01672	0.01166	0.00339	0.00776	0.01418	0.01295	0.01552
6	0.08121	0.02744	0.13508	0.07254	0.03782	0.02127	0.10058	0.07591	0.02696	0.13614	0.03687	0.10210	0.06770	0.01523	0.01131	0.00360	0.01206	0.01341	0.00829	0.01447
7	0.09216	0.02728	0.08743	0.02170	0.03001	0.06781	0.01923	0.12427	0.03176	0.27895	0.03444	0.08129	0.02568	0.01443	0.01071	0.00341	0.01110	0.01146	0.01050	0.01637
8	0.04123	0.01977	0.02401	0.01890	0.02620	0.01917	0.01545	0.15976	0.03440	0.33143	0.03737	0.03516	0.02512	0.01323	0.01027	0.00318	0.00908	0.01052	0.14890	0.01683
9	0.10057	0.14690	0.03532	0.02668	0.07163	0.14139	0.02049	0.03687	0.02405	0.12065	0.02055	0.02366	0.01637	0.01291	0.01551	0.00338	0.15415	0.00819	0.00668	0.01405
10	0.69383	0.02109	0.01603	0.01434	0.02109	0.02446	0.01181	0.03205	0.01856	0.04892	0.01518	0.01771	0.01181	0.01012	0.00675	0.00337	0.00843	0.00590	0.00675	0.01181
11	0.02915	0.62337	0.05714	0.01866	0.02799	0.04314	0.01866	0.03265	0.02215	0.02565	0.01516	0.01749	0.01399	0.00933	0.00700	0.00233	0.01166	0.00583	0.00466	0.01399
12	0.01447	0.01057	0.01361	0.01398	0.01599	0.00970	0.01005	0.01830	0.02693	0.03704	0.34003	0.26347	0.13170	0.02681	0.01322	0.00379	0.00558	0.02385	0.01119	0.00970
13	0.02371	0.01965	0.03201	0.48803	0.06661	0.02413	0.02833	0.03028	0.02234	0.08108	0.02136	0.02946	0.01577	0.01182	0.01290	0.00370	0.06053	0.00981	0.00571	0.01275
14	0.04002	0.03381	0.02986	0.02427	0.03163	0.17595	0.01941	0.31439	0.04206	0.08845	0.02559	0.02637	0.01869	0.01259	0.01035	0.00309	0.01331	0.00917	0.06473	0.01626
15	0.04478	0.01750	0.02383	0.01891	0.02644	0.01519	0.01534	0.04872	0.03001	0.49487	0.04500	0.10371	0.03224	0.01590	0.01131	0.00350	0.00893	0.01329	0.01310	0.01743
16	0.01365	0.01037	0.01268	0.01434	0.01623	0.00940	0.01036	0.01620	0.02272	0.02894	0.07695	0.38138	0.23167	0.03146	0.01370	0.00424	0.00648	0.07997	0.01011	0.00911
17	0.13684	0.02513	0.07789	0.02675	0.03493	0.02274	0.15750	0.03945	0.11059	0.13169	0.02979	0.03519	0.02300	0.08185	0.01598	0.00436	0.01235	0.01125	0.00817	0.01455
18	0.03869	0.02400	0.02743	0.02208	0.02958	0.02533	0.01784	0.25479	0.12930	0.20339	0.03721	0.08063	0.02814	0.01527	0.01121	0.00348	0.01012	0.01237	0.01163	0.01751
19	0.01328	0.00949	0.01265	0.01518	0.01581	0.00886	0.01012	0.01518	0.02088	0.02783	0.06010	0.60969	0.07212	0.03416	0.01392	0.00443	0.00633	0.03100	0.01012	0.00886
20	0.02511	0.03378	0.14462	0.04355	0.05540	0.02721	0.43329	0.03486	0.02530	0.03486	0.02166	0.02838	0.01610	0.00938	0.01246	0.00364	0.01802	0.01209	0.00537	0.01493
21	0.01498	0.01045	0.01337	0.01506	0.01585	0.01015	0.01043	0.01687	0.02005	0.02657	0.05111	0.33558	0.05953	0.22609	0.02790	0.00658	0.00846	0.11368	0.00894	0.00835
22	0.01824	0.05549	0.01906	0.01728	0.01899	0.04804	0.01287	0.01979	0.02139	0.02776	0.08299	0.31473	0.05369	0.02933	0.01933	0.11398	0.04810	0.06135	0.00838	0.00920
23	0.03204	0.01563	0.01954	0.01659	0.02180	0.01542	0.01328	0.08359	0.02772	0.23062	0.03606	0.03833	0.02650	0.02719	0.12517	0.00599	0.01227	0.01074	0.22750	0.01402
24	0.03026	0.01998	0.02608	0.02202	0.02795	0.02058	0.05964	0.12781	0.11257	0.13826	0.03985	0.05578	0.03399	0.06815	0.01551	0.00432	0.01042	0.10683	0.06547	0.01454
25	0.36395	0.02018	0.02308	0.08530	0.03065	0.02246	0.05868	0.07106	0.02293	0.04282	0.02612	0.13764	0.02504	0.01514	0.00956	0.00363	0.00993	0.01226	0.00745	0.01212
26	0.02352	0.07666	0.08731	0.03061	0.11429	0.02165	0.09379	0.02934	0.02524	0.07559	0.12146	0.08470	0.09637	0.01644	0.01322	0.00352	0.05046	0.01443	0.00784	0.01355
27	0.03210	0.02474	0.03005	0.06953	0.14132	0.06947	0.02107	0.12199	0.06988	0.12692	0.08729	0.03495	0.02969	0.01283	0.01076	0.00315	0.01113	0.01074	0.00899	0.08340
28	0.16291	0.02434	0.07412	0.12952	0.07703	0.02215	0.02124	0.07758	0.02609	0.14240	0.02391	0.02639	0.01721	0.01085	0.00957	0.00312	0.01102	0.00853	0.00775	0.12425
29	0.03034	0.14289	0.03384	0.07843	0.03316	0.02321	0.06061	0.03736	0.06892	0.17796	0.07411	0.08218	0.03188	0.01414	0.01051	0.00320	0.01037	0.01212	0.00895	0.06583
30	0.08618	0.07186	0.08009	0.05567	0.03124	0.07093	0.01935	0.07475	0.06176	0.11387	0.03678	0.04462	0.07029	0.01500	0.01055	0.00335	0.01116	0.06413	0.00845	0.06998
31	0.09446	0.01731	0.02408	0.19159	0.03907	0.01826	0.01903	0.03252	0.02432	0.16161	0.07176	0.04162	0.02948	0.02170	0.07615	0.00507	0.01272	0.04183	0.00835	0.06906
32	0.16348	0.02189	0.03013	0.02328	0.03110	0.02183	0.09730	0.03932	0.06751	0.18463	0.02733	0.02851	0.01971	0.01174	0.01215	0.00326	0.06265	0.00946	0.00858	0.13614
33	0.03273	0.02192	0.03151	0.03128	0.12959	0.02209	0.05309	0.07866	0.07861	0.19152	0.03300	0.08245	0.02632	0.01445	0.01330	0.00346	0.06270	0.01217	0.00928	0.07190
34	0.02473	0.08244	0.12787	0.10447	0.20619	0.02535	0.06046	0.03348	0.05457	0.03420	0.02112	0.02595	0.01681	0.00992	0.01008	0.00302	0.01281	0.00889	0.00568	0.13198
35	0.14855	0.02412	0.07046	0.02878	0.13416	0.02163	0.02017	0.03822	0.11114	0.10781	0.06157	0.03162	0.02561	0.01179	0.00980	0.00313	0.00986	0.00965	0.00823	0.12372

[dist]
# distance from previous block
# <min> <max>
20	53

[block]
# block no. 9 follows, 12 sequences, length 30
# corresponding to MSA columns:
# 1373-1387,1394-1408
name=unknown_J
#
# <colnr> <probs for GDERKNQSTAVLIFYWHMCP>
#	G	D	E	R	K	N	Q	S	T	A	V	L	I	F	Y	W	H	M	C	P
0	0.09496	0.01840	0.02636	0.03149	0.17461	0.01770	0.01902	0.03482	0.02526	0.20913	0.03858	0.19206	0.03530	0.01784	0.01133	0.00363	0.00944	0.01570	0.00956	0.01483
1	0.03204	0.02579	0.08820	0.02322	0.03025	0.07185	0.05915	0.08255	0.02859	0.19376	0.03770	0.13392	0.03336	0.05681	0.01465	0.00411	0.01175	0.04838	0.00953	0.01438
2	0.02931	0.01794	0.02293	0.08479	0.02969	0.01881	0.01626	0.10073	0.08787	0.16948	0.08706	0.09079	0.03766	0.08087	0.07070	0.00560	0.01160	0.01389	0.01001	0.01401
3	0.09475	0.02390	0.03970	0.03380	0.09677	0.02366	0.19882	0.10014	0.02849	0.10258	0.02805	0.06772	0.02243	0.01237	0.01110	0.00344	0.01275	0.01211	0.07254	0.01488
4	0.02196	0.02077	0.03517	0.47881	0.17622	0.02458	0.03096	0.02905	0.02245	0.02952	0.01962	0.02862	0.01512	0.01065	0.01088	0.00355	0.01420	0.00970	0.00496	0.01321
5	0.02778	0.49816	0.11301	0.02109	0.03027	0.04011	0.02168	0.03223	0.02171	0.02674	0.01558	0.01876	0.01400	0.01042	0.01025	0.00270	0.07035	0.00646	0.00467	0.01403
6	0.09052	0.08144	0.03467	0.02515	0.03118	0.02499	0.12444	0.11489	0.02814	0.04038	0.08921	0.14020	0.03651	0.01716	0.01374	0.00366	0.06769	0.01480	0.00808	0.01317
7	0.30583	0.02220	0.02254	0.01836	0.02561	0.02385	0.01505	0.16960	0.03163	0.16280	0.07670	0.03057	0.02600	0.01288	0.00942	0.00335	0.00928	0.00946	0.00988	0.01499
8	0.01324	0.00967	0.01247	0.01470	0.01569	0.00890	0.00991	0.01524	0.02134	0.02802	0.06592	0.55128	0.12677	0.03340	0.01380	0.00434	0.00623	0.03007	0.01012	0.00890
9	0.12359	0.09626	0.03325	0.02263	0.03127	0.02886	0.05791	0.21542	0.08259	0.04968	0.02354	0.02501	0.01791	0.01115	0.00953	0.00294	0.01094	0.00868	0.00834	0.14051
10	0.01920	0.01292	0.01624	0.01640	0.01940	0.01203	0.01173	0.02455	0.07260	0.08159	0.05208	0.42857	0.05730	0.02716	0.01266	0.00392	0.00705	0.02431	0.01011	0.09016
11	0.01586	0.01057	0.01189	0.01189	0.01189	0.01057	0.00661	0.01586	0.01586	0.02114	0.03436	0.07135	0.03964	0.61681	0.05550	0.01057	0.01057	0.01586	0.00661	0.00661
12	0.02385	0.02385	0.03340	0.02863	0.02863	0.03340	0.02385	0.02624	0.01670	0.02624	0.01431	0.02385	0.01431	0.01908	0.03578	0.00477	0.59685	0.00954	0.00477	0.01193
13	0.04615	0.01794	0.02442	0.01893	0.02688	0.01555	0.01555	0.05044	0.03118	0.51389	0.08442	0.04078	0.03328	0.01422	0.01112	0.00338	0.00894	0.01169	0.01337	0.01787
14	0.01324	0.00967	0.01246	0.01469	0.01569	0.00890	0.00990	0.01524	0.02134	0.02803	0.06603	0.55018	0.12779	0.03339	0.01380	0.00434	0.00623	0.03006	0.01012	0.00890
15	0.61780	0.02079	0.01712	0.01494	0.02188	0.02347	0.01231	0.03454	0.02005	0.10874	0.01846	0.02000	0.01360	0.01052	0.00724	0.00337	0.00853	0.00650	0.00754	0.01260
16	0.02699	0.02591	0.04426	0.06693	0.54879	0.02591	0.03346	0.03346	0.02483	0.03562	0.02051	0.02699	0.01727	0.00972	0.01079	0.00324	0.01295	0.00972	0.00540	0.01727
17	0.01476	0.01057	0.01240	0.01270	0.01398	0.00995	0.00827	0.01661	0.02134	0.02828	0.15185	0.17832	0.14987	0.28683	0.03181	0.00680	0.00782	0.02069	0.00894	0.00821
18	0.01328	0.00949	0.01265	0.01518	0.01581	0.00886	0.01012	0.01518	0.02088	0.02783	0.06010	0.60969	0.07212	0.03416	0.01392	0.00443	0.00633	0.03100	0.01012	0.00886
19	0.01742	0.01439	0.02106	0.02000	0.02151	0.01803	0.01591	0.02098	0.01734	0.02552	0.02589	0.03861	0.02437	0.06781	0.45379	0.01468	0.15566	0.01121	0.00560	0.01022
20	0.10552	0.04508	0.02880	0.02574	0.03179	0.45495	0.01958	0.04353	0.02973	0.09015	0.01972	0.02149	0.01532	0.01139	0.00966	0.00293	0.01736	0.00737	0.00664	0.01324
21	0.02699	0.02591	0.04426	0.06693	0.54879	0.02591	0.03346	0.03346	0.02483	0.03562	0.02051	0.02699	0.01727	0.00972	0.01079	0.00324	0.01295	0.00972	0.00540	0.01727
22	0.02059	0.01938	0.03270	0.59060	0.07510	0.02422	0.03028	0.02786	0.02180	0.02786	0.01938	0.02907	0.01453	0.01090	0.01090	0.00363	0.01453	0.00969	0.00484	0.01211
23	0.20975	0.11009	0.06677	0.02353	0.08534	0.02390	0.01833	0.06215	0.02427	0.07232	0.02774	0.07255	0.02489	0.01420	0.00944	0.00336	0.00998	0.05580	0.07219	0.01341
24	0.06940	0.02534	0.08721	0.02070	0.02923	0.02133	0.01833	0.12411	0.09859	0.12744	0.03161	0.08461	0.02558	0.01370	0.01023	0.00308	0.00986	0.01114	0.00920	0.17929
25	0.14201	0.02602	0.08774	0.02129	0.02934	0.02337	0.01904	0.13245	0.06674	0.15967	0.02942	0.06416	0.02273	0.01372	0.01168	0.00337	0.04736	0.01040	0.00920	0.08030
26	0.18686	0.12683	0.06326	0.01646	0.02239	0.02082	0.01453	0.02608	0.02334	0.03771	0.15840	0.14151	0.04672	0.01731	0.01000	0.00329	0.00834	0.01414	0.00815	0.05387
27	0.11560	0.09020	0.02481	0.01821	0.02400	0.05734	0.01466	0.09132	0.07663	0.12194	0.07157	0.11761	0.03464	0.01611	0.01014	0.00331	0.00922	0.01296	0.07595	0.01378
28	0.11297	0.08979	0.13584	0.02637	0.08097	0.07647	0.02283	0.03608	0.02506	0.12867	0.02788	0.03814	0.02320	0.01339	0.01018	0.00333	0.01218	0.07238	0.00752	0.05674
29	0.15904	0.08567	0.06583	0.02035	0.02762	0.11150	0.01751	0.04015	0.05825	0.19019	0.03114	0.09416	0.02542	0.01433	0.00991	0.00333	0.01117	0.01106	0.00888	0.01449

[dist]
# distance from previous block
# <min> <max>
4	90

[block]
# block no. 10 follows, 12 sequences, length 6
# corresponding to MSA columns:
# 1515-1520
name=unknown_K
#
# <colnr> <probs for GDERKNQSTAVLIFYWHMCP>
#	G	D	E	R	K	N	Q	S	T	A	V	L	I	F	Y	W	H	M	C	P
0	0.03108	0.10149	0.11250	0.02188	0.03046	0.02352	0.02066	0.03635	0.02405	0.18178	0.02477	0.02640	0.01830	0.01206	0.01397	0.00304	0.11315	0.00846	0.00767	0.18841
1	0.03187	0.02718	0.15883	0.02052	0.03039	0.01708	0.02046	0.03813	0.02664	0.25114	0.04331	0.04144	0.10150	0.01393	0.01060	0.00313	0.01023	0.01129	0.00948	0.13285
2	0.02500	0.02156	0.03252	0.30548	0.05354	0.02483	0.07053	0.10339	0.10393	0.03636	0.02445	0.03090	0.01868	0.01455	0.01451	0.07622	0.01308	0.01040	0.00676	0.01332
3	0.01986	0.01366	0.02056	0.01928	0.02192	0.01358	0.06113	0.02308	0.02232	0.08617	0.04845	0.38888	0.05287	0.02619	0.01465	0.00409	0.05523	0.02332	0.07393	0.01085
4	0.02678	0.02694	0.03832	0.19095	0.04922	0.10839	0.16695	0.07936	0.02734	0.03507	0.02476	0.06760	0.02062	0.01240	0.01121	0.00343	0.01476	0.01172	0.07097	0.01320
5	0.02059	0.01938	0.03270	0.59060	0.07510	0.02422	0.03028	0.02786	0.02180	0.02786	0.01938	0.02907	0.01453	0.01090	0.01090	0.00363	0.01453	0.00969	0.00484	0.01211

[dist]
# distance from previous block
# <min> <max>
0	11

[block]
# block no. 11 follows, 12 sequences, length 25
# corresponding to MSA columns:
# 1539-1563
name=unknown_L
#
# <colnr> <probs for GDERKNQSTAVLIFYWHMCP>
#	G	D	E	R	K	N	Q	S	T	A	V	L	I	F	Y	W	H	M	C	P
0	0.03175	0.02322	0.07393	0.07803	0.03415	0.02081	0.05380	0.14113	0.03059	0.17925	0.03519	0.12372	0.03018	0.07451	0.01582	0.00427	0.01132	0.01403	0.00954	0.01478
1	0.08482	0.02297	0.03806	0.33893	0.10942	0.02586	0.11489	0.07279	0.02511	0.03540	0.02020	0.02765	0.01527	0.01060	0.01087	0.00355	0.01430	0.00994	0.00573	0.01362
2	0.08003	0.02188	0.02358	0.01906	0.02549	0.02342	0.01544	0.26914	0.03822	0.10206	0.08332	0.03583	0.02992	0.01379	0.01004	0.00313	0.00913	0.01077	0.17054	0.01520
3	0.38231	0.08682	0.02670	0.07237	0.07967	0.07154	0.01745	0.03490	0.02210	0.09107	0.01893	0.02165	0.01448	0.01049	0.00820	0.00323	0.01077	0.00719	0.00680	0.01332
4	0.01696	0.01065	0.01375	0.01505	0.01692	0.00966	0.01048	0.01922	0.02251	0.08342	0.06531	0.47957	0.13302	0.03109	0.01346	0.00421	0.00652	0.02779	0.01048	0.00992
5	0.12289	0.14170	0.24458	0.02459	0.03576	0.08136	0.02649	0.07883	0.02637	0.09192	0.02098	0.02277	0.01538	0.01080	0.00934	0.00316	0.01355	0.00774	0.00650	0.01528
6	0.04067	0.01808	0.02382	0.01825	0.02642	0.01522	0.01490	0.04509	0.02944	0.40611	0.08190	0.03805	0.03142	0.01317	0.01055	0.00302	0.00867	0.01082	0.01194	0.15247
7	0.14568	0.02383	0.09743	0.02336	0.08133	0.01847	0.01875	0.03326	0.02527	0.13371	0.12023	0.03580	0.03323	0.01255	0.00985	0.00301	0.00944	0.01020	0.00845	0.15614
8	0.08861	0.02406	0.02665	0.06205	0.03205	0.02674	0.01832	0.20794	0.20123	0.10223	0.06896	0.03545	0.02936	0.01394	0.01077	0.00347	0.01002	0.01112	0.01052	0.01652
9	0.02749	0.01531	0.01902	0.01707	0.02185	0.01467	0.01312	0.03593	0.11572	0.20327	0.15103	0.17426	0.10303	0.02119	0.01217	0.00369	0.00737	0.01833	0.01174	0.01375
10	0.02219	0.01418	0.01702	0.01622	0.02008	0.01378	0.01214	0.03053	0.12021	0.12400	0.13106	0.23423	0.15250	0.02408	0.01254	0.00383	0.00694	0.02096	0.01114	0.01236
11	0.18917	0.13883	0.03121	0.01954	0.02784	0.02764	0.01676	0.15996	0.03164	0.21645	0.02711	0.02619	0.01892	0.01183	0.00923	0.00315	0.01023	0.00854	0.00961	0.01615
12	0.01586	0.01057	0.01189	0.01189	0.01189	0.01057	0.00661	0.01586	0.01586	0.02114	0.03436	0.07135	0.03964	0.61681	0.05550	0.01057	0.01057	0.01586	0.00661	0.00661
13	0.01328	0.00949	0.01265	0.01518	0.01581	0.00886	0.01012	0.01518	0.02088	0.02783	0.06010	0.60969	0.07212	0.03416	0.01392	0.00443	0.00633	0.03100	0.01012	0.00886
14	0.02058	0.01880	0.02774	0.02368	0.02495	0.02333	0.06457	0.02298	0.01738	0.02531	0.02317	0.04201	0.02420	0.22260	0.09246	0.00783	0.29045	0.01217	0.00556	0.01022
15	0.02187	0.05640	0.56031	0.03108	0.04719	0.02532	0.04029	0.03453	0.02302	0.03453	0.01957	0.02302	0.01381	0.01036	0.01036	0.00345	0.01611	0.00806	0.00460	0.01611
16	0.04073	0.05197	0.03090	0.02809	0.03371	0.57303	0.02107	0.04354	0.03090	0.02669	0.01685	0.01966	0.01404	0.01124	0.00983	0.00281	0.01966	0.00702	0.00562	0.01264
17	0.01951	0.01314	0.01675	0.01589	0.01860	0.01380	0.01175	0.02535	0.07388	0.07501	0.09078	0.05824	0.08491	0.18454	0.23761	0.01057	0.01641	0.01448	0.00823	0.01056
18	0.01949	0.01349	0.01701	0.01575	0.02003	0.01136	0.01153	0.02275	0.02306	0.07800	0.08127	0.33760	0.05295	0.02334	0.01176	0.00339	0.00704	0.02076	0.00942	0.22000
19	0.12311	0.28678	0.09160	0.02135	0.02980	0.08299	0.02024	0.07288	0.02451	0.03424	0.01689	0.01990	0.01423	0.01079	0.01046	0.00287	0.06325	0.00687	0.00570	0.06153
20	0.01586	0.01057	0.01189	0.01189	0.01189	0.01057	0.00661	0.01586	0.01586	0.02114	0.03436	0.07135	0.03964	0.61681	0.05550	0.01057	0.01057	0.01586	0.00661	0.00661
21	0.01393	0.01080	0.01269	0.01283	0.01553	0.00955	0.00939	0.01745	0.02642	0.03462	0.26671	0.18918	0.28817	0.02679	0.01307	0.00372	0.00553	0.02323	0.01084	0.00955
22	0.07786	0.26767	0.08664	0.02023	0.02988	0.03131	0.01925	0.12022	0.02797	0.07491	0.02029	0.02191	0.01596	0.01022	0.00847	0.00262	0.01106	0.00724	0.00689	0.13940
23	0.07844	0.24143	0.13059	0.02313	0.03265	0.14250	0.02230	0.10144	0.02790	0.03574	0.01810	0.02048	0.01460	0.01038	0.00876	0.00278	0.01362	0.00706	0.00599	0.06213
24	0.08929	0.08270	0.20408	0.16230	0.04549	0.02533	0.02759	0.06946	0.02575	0.13287	0.02358	0.02639	0.01660	0.01116	0.01003	0.00337	0.01310	0.00874	0.00696	0.01520

[dist]
# distance from previous block
# <min> <max>
0	24

[block]
# block no. 12 follows, 12 sequences, length 24
