[name]
unknown

[dist]
# distance from previous block
# <min> <max>
0	1189

[block]
# block no. 0 follows, 10 sequences, length 25
# corresponding to MSA columns:
# 1212-1236
name=unknown_A
#
# <colnr> <probs for GDERKNQSTAVLIFYWHMCP>
#	G	D	E	R	K	N	Q	S	T	A	V	L	I	F	Y	W	H	M	C	P
0	0.02697	0.02113	0.02490	0.06876	0.03150	0.02325	0.01835	0.14381	0.16042	0.04871	0.12064	0.12442	0.05090	0.02072	0.01292	0.00403	0.00986	0.06254	0.01111	0.01505
1	0.42918	0.02480	0.02843	0.02258	0.03094	0.02682	0.08762	0.08989	0.02660	0.10390	0.02197	0.02419	0.01601	0.01141	0.00924	0.00364	0.01122	0.00855	0.00830	0.01472
2	0.13118	0.02370	0.02736	0.02275	0.02884	0.02687	0.01859	0.19380	0.03360	0.11157	0.02774	0.03207	0.02157	0.03205	0.14338	0.00739	0.08227	0.01045	0.00923	0.01559
3	0.03008	0.08285	0.03581	0.02531	0.03216	0.02190	0.12098	0.03734	0.06677	0.15379	0.07927	0.10895	0.03976	0.09023	0.01834	0.00470	0.01178	0.01570	0.00968	0.01457
4	0.03301	0.02829	0.08399	0.17040	0.05294	0.02641	0.13585	0.09375	0.06794	0.14423	0.02971	0.03297	0.02087	0.01233	0.01212	0.00377	0.01464	0.01154	0.00857	0.01667
5	0.18451	0.02641	0.07375	0.09310	0.08177	0.02375	0.09582	0.03811	0.02550	0.13243	0.02495	0.02822	0.01808	0.01112	0.01049	0.00344	0.01267	0.00961	0.00776	0.09852
6	0.01543	0.01027	0.01364	0.01559	0.01607	0.00978	0.01021	0.01613	0.02051	0.02735	0.05397	0.43605	0.06394	0.10805	0.02514	0.10459	0.00783	0.02753	0.00945	0.00848
7	0.02735	0.02669	0.04738	0.09431	0.04855	0.02849	0.22580	0.09895	0.02885	0.03937	0.02771	0.10053	0.02493	0.01578	0.01735	0.00415	0.10715	0.01476	0.00717	0.01472
8	0.02742	0.07624	0.08745	0.18668	0.09368	0.07025	0.14948	0.03866	0.08628	0.03515	0.02440	0.03020	0.01872	0.01141	0.01174	0.00367	0.01600	0.01091	0.00629	0.01537
9	0.09047	0.02233	0.08353	0.02137	0.02807	0.01811	0.07463	0.02909	0.06758	0.04134	0.20228	0.06743	0.16833	0.01978	0.01254	0.00378	0.00947	0.01721	0.00980	0.01284
10	0.01494	0.01112	0.01357	0.01437	0.01636	0.01012	0.01004	0.01798	0.02580	0.03419	0.19933	0.28540	0.19070	0.07957	0.01813	0.00480	0.00658	0.02622	0.01103	0.00975
11	0.01749	0.01455	0.02321	0.02727	0.09621	0.01387	0.05368	0.02090	0.02334	0.03158	0.05433	0.45361	0.06312	0.03027	0.01425	0.00446	0.00889	0.02802	0.00962	0.01132
12	0.04091	0.02288	0.02871	0.08074	0.03540	0.02332	0.01946	0.18689	0.03914	0.25211	0.10763	0.04197	0.03660	0.01537	0.01197	0.00360	0.01079	0.01256	0.01225	0.01771
13	0.02020	0.01010	0.01515	0.01515	0.01515	0.01010	0.01010	0.01515	0.01515	0.02020	0.02020	0.03535	0.02020	0.04040	0.04545	0.66162	0.01010	0.01010	0.00505	0.00505
14	0.03109	0.59826	0.06095	0.01990	0.02985	0.04602	0.01990	0.03483	0.02363	0.02736	0.01617	0.01866	0.01493	0.00995	0.00746	0.00249	0.01244	0.00622	0.00498	0.01493
15	0.01625	0.01211	0.01791	0.01832	0.02018	0.01377	0.01397	0.02008	0.01923	0.02740	0.03612	0.12679	0.03629	0.07957	0.46522	0.01659	0.02747	0.01557	0.00692	0.01024
16	0.01779	0.01091	0.01531	0.01572	0.01633	0.01132	0.01072	0.01703	0.01743	0.02375	0.03262	0.12825	0.03511	0.15532	0.16656	0.28141	0.01500	0.01543	0.00658	0.00740
17	0.02488	0.07965	0.16875	0.10126	0.10947	0.02798	0.13584	0.03346	0.02563	0.03584	0.07422	0.03383	0.02636	0.01277	0.01396	0.00375	0.05940	0.01152	0.00615	0.01528
18	0.01580	0.01245	0.01698	0.09835	0.02701	0.01246	0.01456	0.01927	0.02385	0.03067	0.06868	0.34647	0.15942	0.03070	0.01427	0.00450	0.00835	0.07606	0.00994	0.01020
19	0.10449	0.11656	0.15257	0.08174	0.03758	0.02659	0.02444	0.07089	0.02552	0.07965	0.02363	0.02886	0.01852	0.02356	0.08134	0.05810	0.01553	0.00920	0.00680	0.01444
20	0.25534	0.12127	0.03480	0.16860	0.04338	0.02856	0.05633	0.03620	0.02373	0.10137	0.02179	0.02578	0.01626	0.01126	0.00954	0.00351	0.01231	0.00866	0.00708	0.01425
21	0.09485	0.07951	0.15537	0.16323	0.08487	0.02716	0.02821	0.03663	0.09494	0.03723	0.02742	0.07267	0.02308	0.01375	0.01093	0.00373	0.01317	0.01135	0.00681	0.01510
22	0.03512	0.09024	0.03018	0.02145	0.02845	0.02537	0.01781	0.19402	0.03830	0.14557	0.11530	0.09396	0.04428	0.01852	0.01212	0.00367	0.01031	0.04772	0.01143	0.01617
23	0.18209	0.18399	0.03462	0.12162	0.03684	0.02959	0.02000	0.03633	0.06365	0.07579	0.02779	0.03917	0.02396	0.01415	0.00999	0.00359	0.01150	0.06360	0.00759	0.01413
24	0.13049	0.18689	0.11615	0.02252	0.03303	0.03175	0.02196	0.13094	0.03070	0.08715	0.02254	0.02407	0.01706	0.01133	0.00938	0.00306	0.01208	0.00807	0.00776	0.09305

[dist]
# distance from previous block
# <min> <max>
0	141

[block]
# block no. 1 follows, 10 sequences, length 45
# corresponding to MSA columns:
# 1378-1422
name=unknown_B
#
# <colnr> <probs for GDERKNQSTAVLIFYWHMCP>
#	G	D	E	R	K	N	Q	S	T	A	V	L	I	F	Y	W	H	M	C	P
0	0.23580	0.13859	0.10773	0.09407	0.03782	0.07259	0.02271	0.03859	0.08298	0.03985	0.02156	0.02457	0.01682	0.01151	0.00927	0.00344	0.01275	0.00813	0.00665	0.01457
1	0.24495	0.02278	0.03083	0.04000	0.23610	0.02370	0.02268	0.03461	0.02344	0.09047	0.02222	0.02747	0.01778	0.01492	0.01461	0.09114	0.01131	0.00911	0.00703	0.01484
2	0.34113	0.01923	0.01802	0.01657	0.02245	0.02085	0.01302	0.03493	0.08266	0.09423	0.04393	0.12179	0.09361	0.01815	0.01027	0.00386	0.00836	0.01419	0.00954	0.01322
3	0.02375	0.02207	0.08788	0.01832	0.02584	0.01535	0.01624	0.02927	0.02638	0.08790	0.15738	0.05042	0.04663	0.10159	0.01826	0.00414	0.00945	0.01291	0.00900	0.23723
4	0.08892	0.01823	0.02117	0.08988	0.02965	0.01978	0.01577	0.08490	0.08264	0.04188	0.12182	0.06145	0.14477	0.06604	0.05849	0.00552	0.01111	0.01564	0.00957	0.01278
5	0.13307	0.11597	0.07611	0.08341	0.09283	0.02957	0.02362	0.12709	0.03149	0.14174	0.02591	0.02760	0.01874	0.01207	0.01027	0.00342	0.01234	0.00925	0.00861	0.01688
6	0.02720	0.03482	0.16774	0.18355	0.05481	0.02852	0.09546	0.09530	0.11552	0.04164	0.02696	0.03127	0.01983	0.01227	0.01182	0.00380	0.01504	0.01091	0.00725	0.01631
7	0.01923	0.01141	0.01529	0.01679	0.01858	0.01046	0.01163	0.02158	0.02373	0.09587	0.06168	0.51123	0.07051	0.03350	0.01443	0.00457	0.00717	0.03022	0.01128	0.01082
8	0.02378	0.02608	0.08937	0.23810	0.11248	0.02237	0.02709	0.03113	0.02413	0.03461	0.02085	0.02743	0.01642	0.01028	0.01043	0.00300	0.01293	0.00886	0.00585	0.25481
9	0.03217	0.02856	0.07793	0.02229	0.03171	0.06379	0.01936	0.04540	0.15501	0.13134	0.03242	0.03202	0.02391	0.01216	0.01047	0.00298	0.01090	0.00971	0.00936	0.24852
10	0.01507	0.01164	0.01375	0.01363	0.01663	0.01032	0.01007	0.01911	0.02904	0.03838	0.29728	0.15427	0.27375	0.02759	0.01386	0.00389	0.00580	0.02387	0.01174	0.01032
11	0.02412	0.02067	0.02412	0.01723	0.02756	0.01550	0.01378	0.02929	0.02412	0.03790	0.02067	0.02412	0.01723	0.00861	0.00861	0.00172	0.00861	0.00689	0.00689	0.66236
12	0.02728	0.11019	0.04572	0.04015	0.15359	0.02595	0.14870	0.03351	0.02632	0.07002	0.03381	0.11230	0.03226	0.01662	0.01255	0.00386	0.01363	0.07088	0.00759	0.01508
13	0.03321	0.02516	0.03296	0.09712	0.07897	0.02750	0.05188	0.10122	0.24762	0.11969	0.03789	0.03750	0.02760	0.01400	0.01186	0.00379	0.01157	0.01208	0.01047	0.01791
14	0.01691	0.01128	0.01268	0.01268	0.01268	0.01128	0.00705	0.01691	0.01691	0.02255	0.03665	0.07611	0.04228	0.59126	0.05920	0.01128	0.01128	0.01691	0.00705	0.00705
15	0.03670	0.02863	0.08760	0.09575	0.04027	0.02532	0.02308	0.16552	0.06910	0.16907	0.03093	0.03139	0.02162	0.01275	0.01114	0.00336	0.01205	0.01020	0.00999	0.11553
16	0.04401	0.03475	0.03260	0.02625	0.03461	0.13774	0.02112	0.29227	0.08311	0.13051	0.03016	0.02951	0.02143	0.01377	0.01142	0.00344	0.01376	0.01026	0.01090	0.01837
17	0.02932	0.01482	0.01914	0.01638	0.02167	0.01305	0.01287	0.03397	0.03188	0.22335	0.26575	0.07379	0.15356	0.02131	0.01297	0.00369	0.00721	0.01819	0.01303	0.01406
18	0.02785	0.03835	0.17241	0.12100	0.25498	0.08036	0.06768	0.03641	0.02628	0.03556	0.02117	0.02736	0.01666	0.01084	0.01146	0.00356	0.01608	0.00984	0.00549	0.01666
19	0.03066	0.11288	0.36449	0.02885	0.04338	0.02698	0.03454	0.04104	0.02640	0.14518	0.02592	0.02724	0.01789	0.01167	0.01078	0.00353	0.01501	0.00901	0.00704	0.01751
20	0.01716	0.01210	0.01816	0.01816	0.01992	0.01387	0.01387	0.01992	0.01816	0.02597	0.02950	0.04413	0.02774	0.08016	0.46970	0.11580	0.02797	0.01210	0.00605	0.00958
21	0.02752	0.01601	0.02075	0.02058	0.05757	0.01478	0.01450	0.03384	0.06354	0.17720	0.16985	0.12306	0.16872	0.02223	0.01297	0.00382	0.00784	0.01912	0.01199	0.01412
22	0.03187	0.09286	0.14116	0.06380	0.04168	0.03087	0.08235	0.20483	0.03548	0.04787	0.02524	0.03245	0.02028	0.07851	0.01681	0.00440	0.01452	0.01079	0.00790	0.01632
23	0.02321	0.01850	0.02188	0.08106	0.02973	0.02053	0.01632	0.04095	0.23436	0.04517	0.19251	0.05593	0.05633	0.01759	0.01195	0.00369	0.00826	0.01507	0.09252	0.01444
24	0.01706	0.01145	0.01317	0.01339	0.01361	0.01145	0.00799	0.01749	0.01771	0.02354	0.03866	0.08056	0.04427	0.54612	0.05571	0.01080	0.01123	0.05111	0.00734	0.00734
25	0.02818	0.04241	0.29906	0.02950	0.04187	0.02453	0.06387	0.09185	0.02922	0.09659	0.03135	0.11164	0.02659	0.01554	0.01196	0.00382	0.01440	0.01325	0.00781	0.01654
26	0.02703	0.02274	0.02736	0.02285	0.06871	0.01908	0.01662	0.08659	0.02816	0.04237	0.02168	0.02498	0.01765	0.00943	0.00923	0.00209	0.00957	0.00763	0.00740	0.52885
27	0.01488	0.01062	0.01418	0.01613	0.01693	0.01045	0.01089	0.01698	0.02105	0.02838	0.05567	0.43847	0.06533	0.11401	0.10053	0.00766	0.01100	0.02792	0.00963	0.00929
28	0.01501	0.01077	0.01425	0.01562	0.01706	0.01001	0.01086	0.01831	0.02619	0.03593	0.22927	0.40071	0.08901	0.03177	0.01443	0.00433	0.00628	0.02863	0.01154	0.01001
29	0.01454	0.01028	0.01339	0.01573	0.01631	0.00969	0.01030	0.01629	0.02155	0.02874	0.06045	0.51609	0.07231	0.11031	0.02075	0.00560	0.00735	0.03091	0.01030	0.00913
30	0.02717	0.05479	0.46390	0.03149	0.04759	0.02569	0.03953	0.03947	0.02572	0.10206	0.02420	0.02656	0.01660	0.01150	0.01114	0.00367	0.01622	0.00901	0.00617	0.01754
31	0.02333	0.06016	0.53100	0.03315	0.05034	0.02701	0.04297	0.03683	0.02455	0.03683	0.02087	0.02455	0.01473	0.01105	0.01105	0.00368	0.01719	0.00859	0.00491	0.01719
32	0.02608	0.01269	0.01506	0.01398	0.01771	0.01194	0.01064	0.03094	0.02720	0.13816	0.11420	0.11117	0.04709	0.01789	0.01045	0.00326	0.00647	0.01510	0.35749	0.01248
33	0.11063	0.02090	0.02777	0.10740	0.09614	0.02137	0.02026	0.07740	0.02975	0.22471	0.03296	0.03418	0.02304	0.01289	0.01060	0.00348	0.01069	0.01047	0.10898	0.01639
34	0.05218	0.01979	0.02699	0.02069	0.02969	0.01709	0.01709	0.05668	0.03329	0.52677	0.04588	0.03959	0.02879	0.01439	0.01170	0.00360	0.00990	0.01170	0.01439	0.01979
35	0.11886	0.02078	0.03529	0.02783	0.03470	0.01991	0.19380	0.02733	0.02503	0.03651	0.05482	0.15880	0.15714	0.02027	0.01296	0.00403	0.01193	0.01920	0.00832	0.01247
36	0.01994	0.01247	0.01565	0.01560	0.01886	0.01117	0.01167	0.02355	0.02760	0.10054	0.17837	0.24170	0.19436	0.02846	0.01395	0.00416	0.00691	0.05194	0.01173	0.01136
37	0.02088	0.01526	0.01973	0.09051	0.02843	0.01611	0.01574	0.08979	0.02788	0.03809	0.04997	0.33423	0.05448	0.02705	0.01334	0.00427	0.00901	0.05724	0.07630	0.01171
38	0.02428	0.02439	0.04540	0.36465	0.13023	0.02702	0.15077	0.03247	0.02478	0.03276	0.02158	0.03082	0.01644	0.01098	0.01217	0.00383	0.01638	0.01124	0.00543	0.01435
39	0.57585	0.02383	0.02488	0.02039	0.02828	0.02659	0.08266	0.03465	0.02095	0.04993	0.01730	0.02078	0.01336	0.01065	0.00818	0.00365	0.01060	0.00742	0.00700	0.01306
40	0.02534	0.10364	0.15654	0.02933	0.03880	0.02604	0.12368	0.08227	0.02902	0.03948	0.07084	0.12288	0.03681	0.01736	0.01240	0.00384	0.01363	0.04553	0.00785	0.01473
41	0.20591	0.22203	0.23812	0.02396	0.03606	0.03284	0.02717	0.03546	0.02294	0.03805	0.01807	0.02110	0.01420	0.01063	0.00883	0.00328	0.01340	0.00720	0.00556	0.01519
42	0.09139	0.04331	0.27201	0.10852	0.04578	0.08981	0.03140	0.03472	0.02604	0.03758	0.08546	0.03280	0.02731	0.01292	0.01103	0.00361	0.01501	0.01014	0.00637	0.01478
43	0.42144	0.08467	0.08947	0.01828	0.02610	0.02574	0.01712	0.03189	0.02119	0.04420	0.02405	0.10492	0.02283	0.01462	0.00889	0.00367	0.01010	0.01064	0.00721	0.01297
44	0.03018	0.02955	0.11110	0.09900	0.04367	0.02441	0.09052	0.12301	0.03257	0.09469	0.08158	0.03571	0.02898	0.01296	0.01164	0.00340	0.01306	0.01144	0.00860	0.11391

[dist]
# distance from previous block
# <min> <max>
17	58

[block]
# block no. 2 follows, 10 sequences, length 31
# corresponding to MSA columns:
# 1482-1512
name=unknown_C
#
# <colnr> <probs for GDERKNQSTAVLIFYWHMCP>
#	G	D	E	R	K	N	Q	S	T	A	V	L	I	F	Y	W	H	M	C	P
0	0.01925	0.01601	0.02074	0.02008	0.02188	0.01837	0.01519	0.02631	0.08671	0.03589	0.15880	0.26500	0.06527	0.02698	0.01950	0.00445	0.13539	0.02230	0.01011	0.01175
1	0.02778	0.01636	0.02001	0.01787	0.02230	0.01583	0.01349	0.09998	0.03179	0.14599	0.14807	0.19463	0.09327	0.07658	0.01747	0.00462	0.00848	0.02029	0.01176	0.01342
2	0.02494	0.01677	0.01994	0.01764	0.02210	0.01697	0.01364	0.10114	0.07801	0.08504	0.28852	0.10034	0.07380	0.02081	0.01268	0.00365	0.00740	0.01792	0.06509	0.01360
3	0.13152	0.02193	0.02929	0.19883	0.09918	0.02455	0.02319	0.04082	0.12386	0.10508	0.06256	0.03636	0.02773	0.01341	0.01110	0.00375	0.01154	0.01119	0.00869	0.01541
4	0.01997	0.01347	0.01572	0.01594	0.01792	0.01361	0.01101	0.07944	0.02567	0.03600	0.04888	0.30822	0.05395	0.15652	0.02348	0.00574	0.00837	0.02285	0.11274	0.01049
5	0.12729	0.02254	0.07807	0.01906	0.02512	0.01969	0.01650	0.03631	0.13046	0.07904	0.17670	0.05435	0.05203	0.09286	0.01782	0.00472	0.00931	0.01428	0.01014	0.01372
6	0.02207	0.01875	0.08478	0.01949	0.02405	0.01349	0.01681	0.02664	0.02573	0.11182	0.09693	0.33503	0.06316	0.02799	0.01385	0.00437	0.00888	0.06302	0.01077	0.01238
7	0.10124	0.02918	0.08317	0.02844	0.03881	0.02542	0.13442	0.08882	0.09068	0.04476	0.02527	0.02838	0.01929	0.01095	0.01074	0.00317	0.01278	0.00994	0.00769	0.20684
8	0.03457	0.03106	0.14683	0.02700	0.03776	0.02190	0.08326	0.08164	0.03032	0.19947	0.03353	0.07633	0.02560	0.01398	0.01164	0.00348	0.01268	0.01222	0.00951	0.10722
9	0.44283	0.02761	0.08315	0.02240	0.03154	0.02560	0.07791	0.03749	0.02290	0.10320	0.02112	0.02357	0.01537	0.01111	0.00902	0.00365	0.01143	0.00816	0.00759	0.01435
10	0.02854	0.08617	0.03174	0.02205	0.02857	0.02213	0.07578	0.10278	0.03384	0.10139	0.21661	0.05289	0.05572	0.01676	0.01192	0.00344	0.00981	0.01467	0.07074	0.01444
11	0.03397	0.02268	0.02439	0.02090	0.02701	0.05664	0.01684	0.14728	0.07954	0.14112	0.11472	0.05419	0.04359	0.01764	0.01196	0.00365	0.01010	0.06108	0.09709	0.01562
12	0.02857	0.13196	0.14759	0.08553	0.04044	0.02872	0.02586	0.12733	0.03085	0.04208	0.02619	0.03720	0.02234	0.01359	0.01080	0.00334	0.01312	0.05830	0.00737	0.11883
13	0.02667	0.03186	0.14621	0.02772	0.03751	0.02424	0.08376	0.10268	0.09780	0.04339	0.03386	0.09028	0.02988	0.01593	0.01203	0.00366	0.01276	0.05234	0.00845	0.11895
14	0.01642	0.01131	0.01393	0.01436	0.01485	0.01159	0.00903	0.01751	0.01810	0.02451	0.04000	0.15127	0.04535	0.40943	0.14229	0.01161	0.01424	0.01866	0.00749	0.00805
15	0.03222	0.02802	0.03334	0.13305	0.11790	0.09536	0.02483	0.10948	0.07395	0.07986	0.02703	0.03198	0.02107	0.02180	0.07489	0.00541	0.05559	0.01059	0.00790	0.01574
16	0.02839	0.26579	0.21851	0.02509	0.03729	0.08078	0.02731	0.03573	0.02490	0.03249	0.01872	0.02182	0.01523	0.01031	0.00919	0.00284	0.01430	0.00728	0.00535	0.11866
17	0.03971	0.11318	0.03513	0.02780	0.03434	0.40499	0.02153	0.04755	0.10587	0.03155	0.02244	0.02428	0.01824	0.01235	0.01035	0.00309	0.01812	0.00824	0.00681	0.01443
18	0.03109	0.59826	0.06095	0.01990	0.02985	0.04602	0.01990	0.03483	0.02363	0.02736	0.01617	0.01866	0.01493	0.00995	0.00746	0.00249	0.01244	0.00622	0.00498	0.01493
19	0.01764	0.01133	0.01517	0.01666	0.01840	0.01052	0.01185	0.02060	0.02500	0.06924	0.12987	0.43695	0.07759	0.03261	0.01453	0.00453	0.00707	0.05856	0.01136	0.01053
20	0.01581	0.01174	0.01480	0.01479	0.01747	0.01073	0.01110	0.02036	0.02988	0.04072	0.34755	0.16042	0.17786	0.02710	0.01404	0.00397	0.00610	0.05301	0.01202	0.01054
21	0.01485	0.01041	0.01329	0.01533	0.01583	0.00990	0.00987	0.01637	0.02094	0.02792	0.05730	0.45800	0.06835	0.17382	0.02583	0.00635	0.00787	0.02906	0.00987	0.00885
22	0.01897	0.01211	0.01513	0.01516	0.01816	0.01081	0.01105	0.02243	0.02743	0.09083	0.19482	0.26939	0.19225	0.02880	0.01391	0.00411	0.00655	0.02527	0.01174	0.01112
23	0.04059	0.02791	0.03041	0.02411	0.03233	0.03045	0.01966	0.32360	0.11999	0.11787	0.03397	0.03313	0.02423	0.01426	0.01135	0.00350	0.01122	0.01107	0.07161	0.01873
24	0.03018	0.02776	0.04529	0.13090	0.34339	0.02887	0.06910	0.10571	0.03060	0.04240	0.02281	0.02917	0.01817	0.01107	0.01173	0.00356	0.01436	0.01065	0.00662	0.01765
25	0.03178	0.20507	0.12464	0.02333	0.03272	0.03102	0.02258	0.10914	0.08326	0.09663	0.03215	0.10112	0.02779	0.01546	0.01071	0.00344	0.01191	0.01228	0.00866	0.01632
26	0.03438	0.34688	0.05048	0.03107	0.10948	0.19054	0.02318	0.03840	0.02684	0.02938	0.01761	0.02095	0.01550	0.01062	0.00900	0.00279	0.01518	0.00725	0.00540	0.01506
27	0.13338	0.02244	0.02476	0.01858	0.02813	0.02009	0.01508	0.09284	0.02853	0.10123	0.02383	0.02557	0.01816	0.01034	0.00914	0.00247	0.00938	0.00782	0.00843	0.39981
28	0.10264	0.03059	0.11601	0.02849	0.03663	0.06160	0.12464	0.03503	0.02612	0.09272	0.08961	0.04000	0.03193	0.06755	0.01829	0.00448	0.05935	0.01231	0.00780	0.01421
29	0.09565	0.26620	0.04221	0.02118	0.03065	0.03523	0.01889	0.16183	0.03299	0.09006	0.02275	0.02385	0.01762	0.01142	0.00914	0.00289	0.01155	0.00801	0.00815	0.08972
30	0.02720	0.10198	0.24866	0.02483	0.03606	0.02468	0.02737	0.07518	0.02838	0.09420	0.04285	0.08556	0.10141	0.01659	0.01151	0.00364	0.01275	0.01340	0.00806	0.01567

[dist]
# distance from previous block
# <min> <max>
0	43

[block]
# block no. 3 follows, 10 sequences, length 18
# corresponding to MSA columns:
# 1556-1573
name=unknown_D
#
# <colnr> <probs for GDERKNQSTAVLIFYWHMCP>
#	G	D	E	R	K	N	Q	S	T	A	V	L	I	F	Y	W	H	M	C	P
0	0.03523	0.07845	0.08194	0.02629	0.03373	0.21867	0.02255	0.14660	0.03480	0.04072	0.03444	0.03603	0.08634	0.01535	0.01323	0.00345	0.05857	0.01086	0.00782	0.01493
1	0.07740	0.03042	0.16563	0.07619	0.03738	0.02096	0.02402	0.03702	0.06145	0.11505	0.11765	0.03996	0.03630	0.01399	0.01114	0.00344	0.01139	0.01148	0.00880	0.10031
2	0.12220	0.12292	0.07261	0.02924	0.09876	0.14439	0.02197	0.03734	0.02640	0.08306	0.02891	0.03190	0.05146	0.01936	0.05802	0.00465	0.01545	0.00963	0.00706	0.01467
3	0.31490	0.03617	0.19216	0.02634	0.03733	0.02710	0.08386	0.03811	0.06836	0.04488	0.02168	0.02473	0.01616	0.01123	0.00975	0.00370	0.01308	0.00868	0.00673	0.01506
4	0.02508	0.02781	0.08457	0.02865	0.03607	0.06779	0.14491	0.07346	0.03177	0.04256	0.19937	0.09615	0.05491	0.01773	0.01306	0.00375	0.01275	0.01658	0.00921	0.01384
5	0.02570	0.09855	0.02770	0.02102	0.02492	0.02248	0.01703	0.03192	0.07055	0.10057	0.04264	0.20395	0.04300	0.02861	0.05811	0.00538	0.09967	0.05563	0.00932	0.01325
6	0.02222	0.02048	0.02852	0.02532	0.02580	0.02737	0.02037	0.02478	0.01789	0.02700	0.02191	0.03718	0.02222	0.11540	0.15785	0.00908	0.36795	0.01164	0.00563	0.01139
7	0.03793	0.01616	0.02135	0.01787	0.02402	0.01436	0.01415	0.04237	0.03054	0.32665	0.11226	0.11803	0.04654	0.01847	0.01189	0.00363	0.00824	0.01568	0.10390	0.01595
8	0.01450	0.01050	0.01316	0.01512	0.01613	0.00975	0.01001	0.01636	0.02207	0.02891	0.06728	0.45046	0.12934	0.11354	0.02094	0.00554	0.00727	0.02968	0.01027	0.00916
9	0.53306	0.02188	0.01933	0.01651	0.02412	0.02406	0.01361	0.03927	0.02284	0.15940	0.02290	0.02357	0.01625	0.01161	0.00821	0.00360	0.00920	0.00752	0.00882	0.01422
10	0.01998	0.01323	0.01695	0.01839	0.05035	0.01265	0.01166	0.02242	0.02320	0.06855	0.11497	0.12245	0.10055	0.28410	0.03450	0.00737	0.00957	0.04971	0.00929	0.01010
11	0.01838	0.01150	0.01381	0.01324	0.01597	0.01092	0.00993	0.02384	0.02978	0.04543	0.33792	0.07086	0.08033	0.02001	0.01166	0.00331	0.00546	0.01728	0.24943	0.01092
12	0.02824	0.15022	0.27293	0.03730	0.11177	0.03030	0.09667	0.03780	0.02569	0.07105	0.02232	0.02609	0.01672	0.01082	0.01086	0.00345	0.01563	0.00934	0.00587	0.01691
13	0.53112	0.02355	0.02038	0.01732	0.02496	0.02653	0.01428	0.09478	0.02567	0.10065	0.02059	0.02207	0.01510	0.01156	0.00821	0.00358	0.00958	0.00736	0.00847	0.01423
14	0.02358	0.02248	0.03366	0.28564	0.05403	0.02810	0.02712	0.02900	0.02132	0.03020	0.01863	0.02794	0.01565	0.01451	0.02124	0.00403	0.22423	0.00980	0.00538	0.10345
15	0.02638	0.14584	0.23553	0.10117	0.04412	0.02937	0.02989	0.09145	0.02933	0.04021	0.09002	0.03355	0.02890	0.01309	0.01090	0.00346	0.01384	0.01038	0.00695	0.01563
16	0.32305	0.02406	0.02550	0.09538	0.03498	0.02669	0.01836	0.14036	0.03080	0.14145	0.02500	0.02648	0.01764	0.01230	0.00967	0.00361	0.01095	0.00882	0.00926	0.01562
17	0.08556	0.19285	0.15245	0.07914	0.08963	0.03115	0.07059	0.03794	0.02539	0.09923	0.02277	0.02604	0.01716	0.01102	0.01016	0.00335	0.01395	0.00897	0.00657	0.01610

[dist]
# distance from previous block
# <min> <max>
0	10

[block]
# block no. 4 follows, 10 sequences, length 16
# corresponding to MSA columns:
# 1584-1599
name=unknown_E
#
# <colnr> <probs for GDERKNQSTAVLIFYWHMCP>
#	G	D	E	R	K	N	Q	S	T	A	V	L	I	F	Y	W	H	M	C	P
0	0.12912	0.03051	0.04210	0.03272	0.04151	0.09305	0.19424	0.04584	0.14839	0.08084	0.02965	0.03193	0.02204	0.01214	0.01168	0.00374	0.01472	0.01151	0.00831	0.01597
1	0.10347	0.02646	0.09988	0.02158	0.02890	0.02263	0.02006	0.15571	0.03442	0.05119	0.12493	0.05486	0.04364	0.01773	0.01173	0.00376	0.01053	0.07651	0.07746	0.01454
2	0.01549	0.01111	0.01482	0.01635	0.01795	0.01044	0.01186	0.01905	0.02628	0.03581	0.20853	0.36601	0.08625	0.03181	0.01464	0.00446	0.00684	0.08078	0.01143	0.01010
3	0.02377	0.02139	0.03425	0.38344	0.13632	0.02496	0.02952	0.06296	0.02600	0.03426	0.02651	0.09542	0.02349	0.01453	0.01199	0.00388	0.01401	0.01302	0.00641	0.01387
4	0.02134	0.01306	0.01658	0.01502	0.01892	0.01168	0.01150	0.02621	0.03180	0.11614	0.36986	0.08435	0.17173	0.02341	0.01342	0.00370	0.00623	0.02027	0.01268	0.01209
5	0.02424	0.02186	0.03404	0.35014	0.14807	0.02550	0.02901	0.03545	0.09538	0.03512	0.02621	0.03340	0.02013	0.01217	0.01137	0.00372	0.01349	0.01080	0.05531	0.01460
6	0.01803	0.01302	0.01547	0.01572	0.01729	0.01325	0.01077	0.02359	0.07770	0.03162	0.11637	0.15714	0.05951	0.29502	0.03550	0.00765	0.00941	0.06379	0.00943	0.00972
7	0.02187	0.02021	0.02301	0.02426	0.06189	0.08374	0.01655	0.02474	0.02104	0.02754	0.03181	0.10855	0.03320	0.16729	0.20189	0.01050	0.08951	0.01477	0.00673	0.01088
8	0.01937	0.01402	0.01731	0.01739	0.01994	0.01392	0.01257	0.08855	0.03007	0.04089	0.17884	0.36559	0.07700	0.02961	0.01405	0.00425	0.00733	0.02639	0.01146	0.01143
9	0.03318	0.02410	0.02751	0.02070	0.03030	0.02227	0.01677	0.15558	0.07160	0.10571	0.02773	0.02851	0.02074	0.01130	0.01004	0.00260	0.00993	0.00892	0.00944	0.36307
10	0.02558	0.18913	0.26446	0.02517	0.03853	0.02869	0.02866	0.03416	0.02419	0.03467	0.01959	0.02289	0.01549	0.01007	0.00942	0.00281	0.01351	0.00749	0.00549	0.19998
11	0.03571	0.25753	0.03933	0.02072	0.02857	0.06261	0.01848	0.03999	0.02830	0.18548	0.06247	0.04664	0.03292	0.01569	0.01067	0.00338	0.01152	0.07521	0.00933	0.01547
12	0.12091	0.02548	0.02748	0.02177	0.02992	0.02687	0.01784	0.26523	0.04154	0.15798	0.04388	0.04202	0.09619	0.01602	0.01141	0.00359	0.01066	0.01234	0.01152	0.01735
13	0.11475	0.02863	0.05231	0.03816	0.04867	0.02783	0.30108	0.08603	0.03020	0.11662	0.02643	0.03067	0.01891	0.01106	0.01237	0.00379	0.01609	0.01214	0.00793	0.01634
14	0.18647	0.02016	0.02576	0.02651	0.10076	0.01963	0.01795	0.04218	0.02747	0.26760	0.03810	0.11508	0.03071	0.01627	0.01110	0.00375	0.00981	0.01346	0.01087	0.01636
15	0.32849	0.08499	0.03559	0.03091	0.10509	0.03026	0.07758	0.03394	0.02189	0.04189	0.01785	0.02295	0.01477	0.01196	0.01337	0.00373	0.09591	0.00844	0.00626	0.01414

[dist]
# distance from previous block
# <min> <max>
7	24

[block]
# block no. 5 follows, 10 sequences, length 10
# corresponding to MSA columns:
# 1624-1633
name=unknown_F
#
# <colnr> <probs for GDERKNQSTAVLIFYWHMCP>
#	G	D	E	R	K	N	Q	S	T	A	V	L	I	F	Y	W	H	M	C	P
0	0.15148	0.02465	0.03491	0.16076	0.21238	0.02652	0.02678	0.08543	0.02847	0.10491	0.02427	0.02873	0.01815	0.01164	0.01078	0.00360	0.01269	0.00978	0.00764	0.01642
1	0.16111	0.02818	0.02875	0.07898	0.03603	0.09172	0.01981	0.15615	0.03514	0.20798	0.02962	0.02951	0.02035	0.01302	0.01068	0.00352	0.01246	0.00971	0.01032	0.01693
2	0.02387	0.01793	0.02162	0.02141	0.02588	0.01873	0.01807	0.11155	0.07998	0.04293	0.06105	0.10062	0.11194	0.02675	0.01452	0.00468	0.01033	0.26408	0.01101	0.01306
3	0.14951	0.02303	0.03093	0.26498	0.08777	0.02638	0.02502	0.08354	0.06654	0.09509	0.02566	0.03024	0.01874	0.01227	0.01082	0.00373	0.01275	0.00999	0.00783	0.01519
4	0.04185	0.02906	0.02985	0.02410	0.03179	0.10983	0.01941	0.12833	0.07328	0.22255	0.03256	0.03171	0.02292	0.01394	0.01355	0.00344	0.06255	0.01023	0.01063	0.08843
5	0.29141	0.02097	0.02339	0.02456	0.08693	0.02215	0.01675	0.07442	0.02654	0.12551	0.03310	0.14515	0.03041	0.01710	0.01052	0.00381	0.00962	0.01380	0.00937	0.01450
6	0.01502	0.01073	0.01447	0.01716	0.01821	0.01018	0.01227	0.01766	0.02310	0.03064	0.06363	0.49975	0.07507	0.03564	0.01507	0.00484	0.00748	0.10862	0.01078	0.00968
7	0.02638	0.01838	0.02843	0.02376	0.02966	0.01707	0.09900	0.05782	0.02772	0.11210	0.04468	0.21565	0.04402	0.02156	0.01288	0.00391	0.01045	0.06187	0.06352	0.08112
8	0.03120	0.02606	0.03391	0.02955	0.07756	0.02667	0.06966	0.17360	0.13279	0.05173	0.08009	0.03702	0.03158	0.01359	0.01155	0.00332	0.01136	0.01181	0.00976	0.13719
9	0.03569	0.19712	0.03940	0.02521	0.06703	0.09519	0.01972	0.08412	0.02992	0.11822	0.02401	0.02540	0.01853	0.01107	0.00955	0.00273	0.01234	0.00819	0.00785	0.16871

[dist]
# distance from previous block
# <min> <max>
0	2

[block]
# block no. 6 follows, 10 sequences, length 42
# corresponding to MSA columns:
# 1636-1677
name=unknown_G
#
# <colnr> <probs for GDERKNQSTAVLIFYWHMCP>
#	G	D	E	R	K	N	Q	S	T	A	V	L	I	F	Y	W	H	M	C	P
0	0.13764	0.09784	0.03481	0.02868	0.07679	0.18226	0.02127	0.15347	0.03490	0.09383	0.02317	0.02474	0.01752	0.01218	0.01016	0.00326	0.01438	0.00861	0.00831	0.01619
1	0.03621	0.12929	0.09469	0.03081	0.08009	0.03593	0.02563	0.26545	0.03946	0.05329	0.02321	0.02580	0.01778	0.01336	0.01384	0.00352	0.07586	0.00951	0.00851	0.01777
2	0.07779	0.11915	0.03473	0.07152	0.03481	0.02788	0.06358	0.09025	0.11775	0.08804	0.03109	0.03306	0.02342	0.01274	0.01024	0.00337	0.01113	0.01045	0.12344	0.01558
3	0.02020	0.01010	0.01515	0.01515	0.01515	0.01010	0.01010	0.01515	0.01515	0.02020	0.02020	0.03535	0.02020	0.04040	0.04545	0.66162	0.01010	0.01010	0.00505	0.00505
4	0.01949	0.01259	0.01822	0.01765	0.01823	0.01432	0.01279	0.01833	0.01660	0.02320	0.02421	0.04085	0.02414	0.10139	0.18597	0.34853	0.07896	0.01139	0.00557	0.00759
5	0.02099	0.01208	0.01615	0.01665	0.01912	0.01102	0.01189	0.02408	0.02614	0.11635	0.14622	0.39799	0.07508	0.03033	0.01410	0.00433	0.00704	0.02719	0.01178	0.01147
6	0.01823	0.01430	0.01944	0.02328	0.07395	0.01424	0.01513	0.02513	0.07830	0.03604	0.13265	0.33763	0.07048	0.02875	0.01407	0.00438	0.00795	0.06358	0.01069	0.01181
7	0.02642	0.02513	0.03403	0.23098	0.17780	0.08138	0.02746	0.03256	0.02488	0.03394	0.02311	0.03088	0.01861	0.01245	0.01331	0.00358	0.06465	0.01010	0.11463	0.01410
8	0.01477	0.01080	0.01388	0.01527	0.01688	0.00992	0.01063	0.01786	0.02572	0.03463	0.19559	0.39297	0.13387	0.03213	0.01441	0.00434	0.00630	0.02876	0.01136	0.00992
9	0.20237	0.02095	0.02261	0.01841	0.02572	0.02151	0.01503	0.12080	0.03189	0.22671	0.03351	0.03301	0.02327	0.01323	0.00982	0.00340	0.00928	0.00993	0.14242	0.01614
10	0.04448	0.04926	0.03250	0.02863	0.03528	0.43630	0.02185	0.09072	0.03516	0.08738	0.02202	0.02370	0.01697	0.01245	0.01073	0.00311	0.01895	0.00825	0.00747	0.01480
11	0.01822	0.01421	0.01715	0.01829	0.02152	0.01422	0.01458	0.02677	0.10249	0.03518	0.07405	0.20260	0.17739	0.02965	0.01454	0.00464	0.00845	0.18363	0.01093	0.01148
12	0.04555	0.03043	0.03358	0.02574	0.03500	0.03288	0.02126	0.40889	0.05109	0.14942	0.03094	0.02988	0.02129	0.01403	0.01164	0.00351	0.01231	0.01068	0.01210	0.01978
13	0.02893	0.02498	0.02630	0.02367	0.03024	0.02893	0.01841	0.06180	0.49770	0.04865	0.04734	0.04339	0.03550	0.01578	0.01183	0.00394	0.00920	0.01315	0.01183	0.01841
14	0.02009	0.01403	0.01606	0.01436	0.01952	0.01166	0.01096	0.02372	0.02706	0.08933	0.12422	0.12972	0.29985	0.02439	0.01275	0.00357	0.00684	0.02060	0.01073	0.12054
15	0.02554	0.02051	0.03034	0.08528	0.03667	0.02128	0.09235	0.03919	0.15763	0.08510	0.12626	0.06197	0.08885	0.01843	0.01302	0.00399	0.01089	0.05770	0.01031	0.01468
16	0.02196	0.02067	0.03488	0.56331	0.08010	0.02584	0.03230	0.02972	0.02326	0.02972	0.02067	0.03101	0.01550	0.01163	0.01163	0.00388	0.01550	0.01034	0.00517	0.01292
17	0.02427	0.05426	0.44628	0.03156	0.04696	0.02733	0.03885	0.04102	0.10397	0.03882	0.02531	0.02772	0.01822	0.01184	0.01118	0.00373	0.01585	0.00936	0.00607	0.01739
18	0.02020	0.01010	0.01515	0.01515	0.01515	0.01010	0.01010	0.01515	0.01515	0.02020	0.02020	0.03535	0.02020	0.04040	0.04545	0.66162	0.01010	0.01010	0.00505	0.00505
19	0.02826	0.02386	0.10774	0.08042	0.03406	0.01822	0.02092	0.03686	0.07066	0.16586	0.12016	0.15514	0.04882	0.01970	0.01257	0.00391	0.01030	0.01706	0.01056	0.01491
20	0.05218	0.01979	0.02699	0.02069	0.02969	0.01709	0.01709	0.05668	0.03329	0.52677	0.04588	0.03959	0.02879	0.01439	0.01170	0.00360	0.00990	0.01170	0.01439	0.01979
21	0.01480	0.01081	0.01393	0.01530	0.01690	0.00993	0.01065	0.01794	0.02582	0.03485	0.20130	0.39064	0.13009	0.03202	0.01440	0.00433	0.00629	0.02868	0.01139	0.00993
22	0.02542	0.02629	0.04468	0.12510	0.04727	0.03225	0.15201	0.03086	0.02141	0.03086	0.01847	0.02803	0.01597	0.01596	0.02692	0.00456	0.32386	0.01119	0.00532	0.01358
23	0.02901	0.02766	0.13574	0.02318	0.03005	0.02172	0.02206	0.07389	0.02734	0.12795	0.03534	0.12483	0.03087	0.01816	0.01585	0.00389	0.10334	0.01409	0.12026	0.01477
24	0.02152	0.01254	0.01603	0.01606	0.01870	0.01154	0.01156	0.02431	0.02506	0.11325	0.11158	0.26534	0.10910	0.13155	0.02226	0.00558	0.00816	0.05390	0.01093	0.01102
25	0.03460	0.02637	0.03847	0.03237	0.08026	0.02710	0.09777	0.13553	0.03219	0.12811	0.02631	0.02948	0.01964	0.01310	0.01583	0.00352	0.10516	0.01052	0.00866	0.13501
26	0.03204	0.08220	0.11638	0.02556	0.03318	0.02922	0.02365	0.17198	0.03315	0.08946	0.03114	0.11931	0.02802	0.01798	0.01626	0.00392	0.10810	0.01358	0.00889	0.01598
27	0.02027	0.01450	0.01728	0.01738	0.02036	0.01446	0.01301	0.09392	0.02956	0.04004	0.10056	0.30932	0.11476	0.02865	0.01369	0.00424	0.00782	0.06618	0.06246	0.01154
28	0.13493	0.02206	0.02392	0.01777	0.02749	0.01915	0.01434	0.07110	0.02617	0.04352	0.02058	0.02359	0.01668	0.00947	0.00865	0.00220	0.00906	0.00712	0.00737	0.49484
29	0.02074	0.01468	0.01728	0.01662	0.01859	0.01531	0.01138	0.09487	0.02485	0.03343	0.04179	0.19789	0.04615	0.29369	0.09268	0.00906	0.01251	0.01958	0.00871	0.01018
30	0.03949	0.02053	0.03024	0.12914	0.08333	0.02074	0.02242	0.04476	0.02908	0.30935	0.03805	0.04384	0.02763	0.01546	0.01396	0.00390	0.05198	0.04816	0.01086	0.01707
31	0.03007	0.33354	0.09641	0.02249	0.03225	0.03697	0.02192	0.08211	0.02667	0.03515	0.01860	0.02179	0.01585	0.01123	0.01128	0.00283	0.06329	0.00739	0.00603	0.12415
32	0.01954	0.01578	0.01829	0.01658	0.02133	0.01497	0.01256	0.02966	0.12247	0.04115	0.22083	0.12754	0.14266	0.02199	0.01261	0.00355	0.00697	0.01901	0.01106	0.12144
33	0.01463	0.01110	0.01349	0.01441	0.01664	0.00996	0.01023	0.01784	0.02635	0.03461	0.19672	0.30775	0.22218	0.03098	0.01421	0.00420	0.00615	0.02729	0.01132	0.00996
34	0.01531	0.01145	0.01437	0.01641	0.01783	0.01103	0.01123	0.01987	0.06049	0.03135	0.06740	0.49999	0.11129	0.03419	0.01451	0.00459	0.00687	0.03074	0.01088	0.01019
35	0.09326	0.09243	0.03807	0.03675	0.16684	0.03266	0.02409	0.19117	0.11958	0.05201	0.02733	0.02907	0.02102	0.01255	0.01076	0.00346	0.01205	0.01006	0.00889	0.01796
36	0.22126	0.02070	0.02554	0.11026	0.03613	0.02108	0.01839	0.04585	0.02782	0.31029	0.03333	0.03235	0.02202	0.01292	0.01042	0.00365	0.01059	0.00995	0.01083	0.01662
37	0.03013	0.02404	0.03558	0.04594	0.28229	0.02334	0.02565	0.08409	0.03018	0.09425	0.04117	0.04340	0.10278	0.01425	0.01166	0.00340	0.01147	0.01259	0.00831	0.07547
38	0.02545	0.02288	0.02330	0.01921	0.02648	0.07510	0.01470	0.06667	0.02727	0.03777	0.03221	0.16858	0.03261	0.01664	0.01069	0.00279	0.00988	0.01402	0.00821	0.36555
39	0.03503	0.02542	0.02919	0.11536	0.08113	0.08078	0.02096	0.11453	0.03233	0.14062	0.02968	0.03232	0.02167	0.01256	0.01064	0.00323	0.01206	0.01009	0.11765	0.07477
40	0.03958	0.02453	0.03353	0.02643	0.03352	0.02595	0.06504	0.16268	0.03499	0.22434	0.03524	0.08268	0.02731	0.01682	0.01661	0.00395	0.10539	0.01325	0.01090	0.01725
41	0.03062	0.09886	0.17419	0.03367	0.12451	0.02752	0.02803	0.11202	0.03052	0.08401	0.02732	0.07102	0.02268	0.01339	0.01097	0.00337	0.01305	0.01103	0.00769	0.07551

[dist]
# distance from previous block
# <min> <max>
1	40

[block]
# block no. 7 follows, 10 sequences, length 13
# corresponding to MSA columns:
# 1718-1730
name=unknown_H
#
# <colnr> <probs for GDERKNQSTAVLIFYWHMCP>
#	G	D	E	R	K	N	Q	S	T	A	V	L	I	F	Y	W	H	M	C	P
0	0.11366	0.02315	0.06986	0.02396	0.03223	0.01949	0.07549	0.04226	0.02767	0.26866	0.03793	0.09147	0.02929	0.02249	0.06374	0.00523	0.01335	0.01333	0.01053	0.01622
1	0.03697	0.02361	0.03498	0.07156	0.09477	0.02438	0.06629	0.10612	0.03261	0.21319	0.08105	0.03847	0.03102	0.01480	0.01491	0.00378	0.07192	0.01225	0.01027	0.01704
2	0.16081	0.08875	0.03868	0.07665	0.11487	0.09714	0.07654	0.08355	0.02835	0.04152	0.02027	0.02467	0.01614	0.01087	0.01010	0.00325	0.01386	0.00881	0.00671	0.07844
3	0.04016	0.02571	0.03732	0.03502	0.12103	0.02673	0.06498	0.13372	0.03364	0.22800	0.03135	0.03243	0.02207	0.01405	0.01575	0.00380	0.09482	0.01117	0.01013	0.01812
4	0.01735	0.01640	0.07908	0.01797	0.02050	0.01187	0.01460	0.01844	0.02016	0.02739	0.04388	0.32869	0.05000	0.03458	0.02468	0.22589	0.00919	0.02225	0.00812	0.00894
5	0.02791	0.12335	0.27935	0.02458	0.03640	0.02491	0.02840	0.03699	0.02553	0.10146	0.02727	0.02985	0.01997	0.01188	0.00996	0.00328	0.01291	0.00915	0.15106	0.01578
6	0.01816	0.01237	0.01451	0.01394	0.01763	0.01080	0.01046	0.02192	0.02862	0.08148	0.22529	0.14838	0.29956	0.02709	0.01367	0.00390	0.00623	0.02321	0.01174	0.01105
7	0.02677	0.02224	0.02554	0.01848	0.02868	0.01821	0.01488	0.08868	0.02815	0.04256	0.02163	0.02462	0.01756	0.00932	0.00901	0.00196	0.00916	0.00736	0.00752	0.57766
8	0.10788	0.10395	0.09254	0.03371	0.13214	0.02619	0.07732	0.03368	0.02443	0.03813	0.02012	0.02459	0.01636	0.00982	0.00974	0.00288	0.01245	0.00842	0.00612	0.21952
9	0.12899	0.07796	0.03050	0.13444	0.03935	0.02419	0.01960	0.07151	0.02790	0.16577	0.02661	0.02854	0.01912	0.01159	0.00995	0.00315	0.01115	0.00897	0.00867	0.15204
10	0.02113	0.01291	0.01763	0.01876	0.02156	0.01224	0.01493	0.02527	0.02681	0.09632	0.11441	0.26681	0.07063	0.03035	0.01482	0.00472	0.00865	0.19915	0.01145	0.01146
11	0.03094	0.02359	0.03612	0.14471	0.11563	0.02474	0.07856	0.12540	0.03221	0.10376	0.03406	0.09239	0.02969	0.01645	0.01263	0.00394	0.01319	0.05732	0.00892	0.01579
12	0.11479	0.13484	0.08612	0.03139	0.08789	0.09766	0.07721	0.04271	0.07540	0.10661	0.02575	0.02765	0.01940	0.01168	0.01039	0.00339	0.01388	0.00945	0.00761	0.01616

[dist]
# distance from previous block
# <min> <max>
0	5

[block]
# block no. 8 follows, 10 sequences, length 8
# corresponding to MSA columns:
# 1736-1743
name=unknown_I
#
# <colnr> <probs for GDERKNQSTAVLIFYWHMCP>
#	G	D	E	R	K	N	Q	S	T	A	V	L	I	F	Y	W	H	M	C	P
0	0.03552	0.01855	0.02687	0.02199	0.02864	0.01719	0.05943	0.04304	0.07603	0.27387	0.12229	0.13619	0.04936	0.01922	0.01275	0.00386	0.00953	0.01705	0.01248	0.01614
1	0.01713	0.01241	0.01678	0.01923	0.02150	0.01206	0.01583	0.02142	0.02560	0.03320	0.06720	0.24532	0.10900	0.03300	0.01555	0.00507	0.00927	0.29939	0.01074	0.01031
2	0.02753	0.04296	0.27798	0.03476	0.11614	0.07104	0.03233	0.03689	0.02780	0.08238	0.10382	0.03650	0.03223	0.01342	0.01157	0.00357	0.01442	0.01110	0.00730	0.01626
3	0.03563	0.02838	0.07951	0.16542	0.09314	0.02777	0.02703	0.16147	0.03417	0.14965	0.02784	0.03080	0.01973	0.01330	0.01344	0.00374	0.05229	0.01050	0.00897	0.01720
4	0.03638	0.02961	0.10263	0.03192	0.11075	0.02542	0.02453	0.15507	0.08006	0.16924	0.03584	0.08604	0.02817	0.01544	0.01188	0.00370	0.01193	0.01295	0.01037	0.01806
5	0.12189	0.01376	0.01699	0.01671	0.01971	0.01569	0.01305	0.02407	0.01992	0.03401	0.03003	0.04100	0.02659	0.06151	0.36075	0.01335	0.02289	0.01118	0.12608	0.01082
6	0.03646	0.04258	0.02963	0.11155	0.03929	0.37448	0.02168	0.04061	0.03001	0.03111	0.02169	0.02625	0.01750	0.01219	0.01028	0.00309	0.01755	0.00849	0.11262	0.01296
7	0.03675	0.03412	0.14108	0.02575	0.03639	0.02770	0.02450	0.19797	0.11429	0.13937	0.03214	0.03148	0.02264	0.01323	0.01129	0.00347	0.01230	0.01040	0.01026	0.07488

[dist]
# distance from previous block
# <min> <max>
2	51

[block]
# block no. 9 follows, 10 sequences, length 56
# corresponding to MSA columns:
# 1795-1850
name=unknown_J
#
# <colnr> <probs for GDERKNQSTAVLIFYWHMCP>
#	G	D	E	R	K	N	Q	S	T	A	V	L	I	F	Y	W	H	M	C	P
0	0.01713	0.01334	0.01879	0.10980	0.02978	0.01368	0.01674	0.02167	0.02553	0.03335	0.11080	0.23483	0.12088	0.02864	0.01443	0.00457	0.00925	0.15610	0.01003	0.01065
1	0.14665	0.07312	0.07881	0.02767	0.08411	0.02739	0.02196	0.11754	0.08282	0.18139	0.03077	0.03035	0.02176	0.01277	0.01053	0.00352	0.01146	0.00987	0.00988	0.01765
2	0.15452	0.02089	0.02523	0.02015	0.02854	0.02008	0.01649	0.05350	0.08839	0.38732	0.04104	0.03655	0.02688	0.01396	0.01095	0.00364	0.00966	0.01096	0.01286	0.01840
3	0.12862	0.01497	0.01657	0.01675	0.02026	0.01549	0.01275	0.02711	0.08395	0.04049	0.16273	0.21300	0.10857	0.02549	0.01294	0.00418	0.00749	0.06627	0.01077	0.01161
4	0.02831	0.02463	0.03296	0.03360	0.12299	0.02645	0.06011	0.09300	0.24255	0.04798	0.11722	0.04532	0.04165	0.01541	0.01223	0.00375	0.01072	0.01372	0.01033	0.01707
5	0.20038	0.02101	0.02452	0.01970	0.02800	0.02055	0.01614	0.05177	0.07994	0.36024	0.03884	0.03498	0.02558	0.01367	0.01062	0.00364	0.00960	0.01054	0.01237	0.01790
6	0.45749	0.02038	0.01879	0.01657	0.02336	0.02209	0.01335	0.03683	0.02302	0.15213	0.02854	0.09316	0.02405	0.01474	0.00912	0.00374	0.00891	0.01077	0.00920	0.01376
7	0.01768	0.01374	0.01688	0.01729	0.02033	0.01288	0.01224	0.02405	0.08132	0.03342	0.05468	0.42215	0.06170	0.02917	0.01342	0.00412	0.00737	0.02617	0.01026	0.12113
8	0.13981	0.25747	0.10096	0.03040	0.09482	0.03567	0.06632	0.08312	0.02713	0.03978	0.01935	0.02278	0.01572	0.01068	0.00935	0.00317	0.01326	0.00817	0.00624	0.01580
9	0.40165	0.02852	0.09083	0.07077	0.08869	0.02671	0.07030	0.03465	0.02221	0.04535	0.01854	0.02297	0.01427	0.01074	0.00920	0.00365	0.01219	0.00814	0.00646	0.01416
10	0.03707	0.09135	0.03689	0.02677	0.03503	0.09362	0.06932	0.11729	0.19179	0.12736	0.03455	0.03365	0.02527	0.01352	0.01135	0.00354	0.01281	0.01111	0.01013	0.01757
11	0.02747	0.02942	0.11183	0.02158	0.03289	0.02102	0.02017	0.10870	0.02949	0.04386	0.02196	0.02485	0.01725	0.00995	0.00955	0.00236	0.01079	0.00780	0.00738	0.44168
12	0.01553	0.01129	0.01422	0.01458	0.01654	0.01043	0.01027	0.01913	0.02734	0.03736	0.28523	0.23597	0.13679	0.08916	0.01894	0.00482	0.00653	0.02455	0.01137	0.00997
13	0.01842	0.01405	0.01722	0.01660	0.01971	0.01410	0.01234	0.02848	0.11861	0.04415	0.34904	0.16283	0.09021	0.02442	0.01355	0.00389	0.00640	0.02159	0.01228	0.01211
14	0.01494	0.01067	0.01438	0.01708	0.01809	0.01011	0.01214	0.01753	0.02303	0.03056	0.06368	0.50704	0.07523	0.03571	0.01505	0.00483	0.00742	0.10205	0.01078	0.00966
15	0.01446	0.01181	0.01277	0.01253	0.01615	0.01012	0.00940	0.01808	0.02820	0.03543	0.22181	0.10533	0.40750	0.02796	0.01374	0.00386	0.00578	0.02362	0.01133	0.01012
16	0.02745	0.03137	0.06863	0.04902	0.06078	0.02941	0.47647	0.03725	0.02745	0.03725	0.02353	0.03137	0.01765	0.00980	0.01373	0.00392	0.01961	0.01373	0.00588	0.01569
17	0.67341	0.02249	0.01709	0.01529	0.02249	0.02609	0.01260	0.03419	0.01979	0.05218	0.01619	0.01889	0.01260	0.01080	0.00720	0.00360	0.00900	0.00630	0.00720	0.01260
18	0.02412	0.02067	0.02412	0.01723	0.02756	0.01550	0.01378	0.02929	0.02412	0.03790	0.02067	0.02412	0.01723	0.00861	0.00861	0.00172	0.00861	0.00689	0.00689	0.66236
19	0.02412	0.02067	0.02412	0.01723	0.02756	0.01550	0.01378	0.02929	0.02412	0.03790	0.02067	0.02412	0.01723	0.00861	0.00861	0.00172	0.00861	0.00689	0.00689	0.66236
20	0.67341	0.02249	0.01709	0.01529	0.02249	0.02609	0.01260	0.03419	0.01979	0.05218	0.01619	0.01889	0.01260	0.01080	0.00720	0.00360	0.00900	0.00630	0.00720	0.01260
