[name]
unknown

[dist]
# distance from previous block
# <min> <max>
0	28

[block]
# block no. 0 follows, 12 sequences, length 25
# corresponding to MSA columns:
# 28-52
name=unknown_A
#
# <colnr> <probs for GDERKNQSTAVLIFYWHMCP>
#	G	D	E	R	K	N	Q	S	T	A	V	L	I	F	Y	W	H	M	C	P
0	0.09408	0.01491	0.01675	0.01592	0.01966	0.01555	0.01232	0.02908	0.13554	0.04000	0.23759	0.06792	0.11943	0.02191	0.01444	0.05966	0.00711	0.05655	0.01022	0.01137
1	0.04121	0.01905	0.02427	0.01956	0.02700	0.01807	0.01583	0.05154	0.14416	0.39819	0.08455	0.04158	0.03468	0.01451	0.01115	0.00345	0.00879	0.01200	0.01283	0.01758
2	0.02960	0.01738	0.02109	0.01872	0.02386	0.01752	0.01444	0.07652	0.15018	0.19295	0.10802	0.19280	0.04902	0.02028	0.01200	0.00373	0.00805	0.01754	0.01164	0.01468
3	0.01913	0.01134	0.01377	0.01373	0.01533	0.01066	0.00898	0.02047	0.02008	0.09305	0.04960	0.22394	0.09210	0.31973	0.03406	0.00727	0.00874	0.02019	0.00882	0.00903
4	0.01957	0.01161	0.01402	0.01315	0.01468	0.01114	0.00849	0.02117	0.02089	0.08762	0.14629	0.06962	0.05198	0.41777	0.04108	0.00819	0.00924	0.01614	0.00858	0.00878
5	0.02139	0.01919	0.02467	0.02249	0.02393	0.02424	0.01756	0.02942	0.12603	0.03010	0.03270	0.15712	0.03350	0.09011	0.02818	0.00514	0.27959	0.01541	0.00746	0.01179
6	0.13859	0.01279	0.01461	0.01430	0.01722	0.01283	0.01076	0.02180	0.02605	0.04054	0.32335	0.14016	0.07598	0.05875	0.01465	0.00409	0.00653	0.04652	0.01035	0.01014
7	0.02615	0.01295	0.01591	0.01408	0.01711	0.01212	0.00985	0.02844	0.02255	0.18431	0.08218	0.05855	0.04015	0.31546	0.03299	0.00688	0.00907	0.01409	0.08627	0.01089
8	0.01523	0.01031	0.01208	0.01270	0.01285	0.01015	0.00747	0.01569	0.01708	0.02278	0.04065	0.20292	0.04758	0.47441	0.04533	0.00907	0.00953	0.01956	0.00747	0.00716
9	0.02699	0.02591	0.04426	0.06693	0.54879	0.02591	0.03346	0.03346	0.02483	0.03562	0.02051	0.02699	0.01727	0.00972	0.01079	0.00324	0.01295	0.00972	0.00540	0.01727
10	0.02680	0.01354	0.01773	0.01587	0.02006	0.01241	0.01249	0.03117	0.02819	0.20256	0.23153	0.06825	0.06137	0.07244	0.01586	0.00417	0.00756	0.07471	0.07075	0.01254
11	0.03686	0.01914	0.02336	0.01892	0.02563	0.01881	0.01526	0.12417	0.08964	0.28196	0.13056	0.04398	0.04011	0.01511	0.01105	0.00334	0.00859	0.01245	0.06481	0.01624
12	0.04118	0.02085	0.02594	0.01960	0.02839	0.01877	0.01609	0.12721	0.03262	0.34376	0.03429	0.03166	0.02286	0.01210	0.01025	0.00293	0.00946	0.00966	0.01132	0.18105
13	0.01383	0.01064	0.01265	0.01308	0.01554	0.00946	0.00945	0.01713	0.02571	0.03367	0.23784	0.23831	0.26803	0.02770	0.01317	0.00381	0.00562	0.02417	0.01074	0.00946
14	0.01905	0.01151	0.01457	0.01425	0.01659	0.01060	0.01004	0.02188	0.02444	0.09965	0.19988	0.22309	0.10745	0.15098	0.02195	0.00524	0.00719	0.02119	0.01037	0.01009
15	0.01734	0.01249	0.01588	0.01586	0.01832	0.01269	0.01199	0.02327	0.08852	0.03296	0.17376	0.11764	0.11725	0.03342	0.08114	0.12879	0.00979	0.06981	0.00925	0.00983
16	0.01561	0.01156	0.01689	0.01689	0.01862	0.01329	0.01284	0.01907	0.01734	0.02484	0.02978	0.04603	0.02864	0.14165	0.51561	0.01675	0.02712	0.01215	0.00593	0.00939
17	0.01492	0.01040	0.01277	0.01312	0.01486	0.00955	0.00910	0.01632	0.02231	0.02918	0.16294	0.18842	0.20416	0.09570	0.02327	0.12796	0.00690	0.02074	0.00913	0.00825
18	0.02279	0.01566	0.01731	0.01579	0.01974	0.01597	0.01152	0.03349	0.17712	0.10007	0.05864	0.06642	0.16939	0.19907	0.02491	0.00572	0.00848	0.01603	0.00980	0.01210
19	0.02033	0.01016	0.01016	0.01016	0.01270	0.01016	0.00762	0.02541	0.02287	0.04065	0.03557	0.04065	0.02795	0.01270	0.00762	0.00254	0.00508	0.01016	0.67734	0.01016
20	0.22298	0.03592	0.19578	0.02327	0.03278	0.07417	0.02343	0.04147	0.17100	0.04133	0.02532	0.02634	0.01896	0.01167	0.00946	0.00344	0.01197	0.00859	0.00723	0.01487
21	0.01599	0.00976	0.01312	0.01395	0.01483	0.00922	0.00947	0.01479	0.01832	0.02376	0.04902	0.23463	0.13180	0.03480	0.02783	0.33766	0.00772	0.01897	0.00747	0.00689
22	0.01579	0.01060	0.01336	0.01322	0.01437	0.01017	0.00881	0.01762	0.02251	0.03111	0.25167	0.11916	0.06715	0.24697	0.03220	0.08221	0.00776	0.01813	0.00901	0.00817
23	0.17816	0.03335	0.07051	0.02367	0.03215	0.10093	0.02042	0.31224	0.03947	0.05639	0.02212	0.02329	0.01616	0.01200	0.00984	0.00325	0.01256	0.00849	0.00884	0.01616
24	0.10988	0.11962	0.03168	0.02229	0.02968	0.09599	0.01830	0.18150	0.19548	0.04743	0.02803	0.02781	0.02132	0.01251	0.00977	0.00322	0.01136	0.00924	0.00891	0.01596

[dist]
# distance from previous block
# <min> <max>
0	1

[block]
# block no. 1 follows, 12 sequences, length 39
# corresponding to MSA columns:
# 54-92
name=unknown_B
#
# <colnr> <probs for GDERKNQSTAVLIFYWHMCP>
#	G	D	E	R	K	N	Q	S	T	A	V	L	I	F	Y	W	H	M	C	P
0	0.13283	0.26488	0.04005	0.02145	0.02873	0.03605	0.01904	0.17086	0.02920	0.04178	0.01823	0.02105	0.01503	0.01208	0.01265	0.00315	0.10387	0.00759	0.00681	0.01466
1	0.01581	0.01075	0.01278	0.01278	0.01309	0.01105	0.00772	0.01643	0.01612	0.02180	0.03354	0.06684	0.03768	0.53214	0.13748	0.01167	0.01352	0.01520	0.00649	0.00710
2	0.02187	0.01351	0.01725	0.01544	0.01929	0.01284	0.01188	0.02937	0.07946	0.12503	0.41533	0.07046	0.08409	0.02017	0.01239	0.00345	0.00614	0.01761	0.01215	0.01228
3	0.01853	0.01352	0.01643	0.07010	0.02336	0.01307	0.01245	0.02482	0.07199	0.07812	0.17200	0.12110	0.27710	0.02308	0.01244	0.00366	0.00699	0.01969	0.01036	0.01120
4	0.03591	0.04480	0.03445	0.02942	0.03572	0.43722	0.09719	0.03973	0.02955	0.02823	0.02590	0.02869	0.06100	0.01235	0.01058	0.00302	0.01822	0.00935	0.00600	0.01267
5	0.01583	0.01067	0.01241	0.01241	0.01258	0.01085	0.00725	0.01619	0.01601	0.02152	0.03389	0.06875	0.03851	0.56798	0.10278	0.01121	0.01227	0.01548	0.00654	0.00689
6	0.01618	0.01094	0.01334	0.01274	0.01541	0.01016	0.00955	0.02107	0.02866	0.04171	0.39812	0.07547	0.13072	0.02087	0.01180	0.00327	0.00517	0.01810	0.14656	0.01016
7	0.13018	0.01572	0.01775	0.01598	0.02074	0.01583	0.01240	0.03290	0.10091	0.13549	0.21314	0.10581	0.10199	0.01919	0.01138	0.00356	0.00707	0.01614	0.01097	0.01284
8	0.01844	0.01255	0.01360	0.01329	0.01647	0.01256	0.00995	0.02686	0.10456	0.03857	0.14065	0.11058	0.15001	0.01957	0.01068	0.00327	0.00585	0.01656	0.26497	0.01100
9	0.02244	0.01506	0.01705	0.01538	0.02020	0.01452	0.01191	0.03212	0.13947	0.12230	0.16073	0.07530	0.26748	0.02149	0.01217	0.00359	0.00677	0.01807	0.01123	0.01273
10	0.01498	0.01061	0.01355	0.01372	0.01528	0.00999	0.00950	0.01826	0.02531	0.03516	0.31859	0.21222	0.08234	0.14568	0.02176	0.00513	0.00654	0.02177	0.01044	0.00918
11	0.01977	0.01114	0.01496	0.01595	0.01800	0.01016	0.01120	0.02210	0.02276	0.12409	0.05699	0.50540	0.06390	0.03040	0.01338	0.00424	0.00686	0.02735	0.01074	0.01062
12	0.01440	0.00960	0.01226	0.01439	0.01532	0.00906	0.00973	0.01680	0.02119	0.02986	0.05621	0.51964	0.06513	0.03076	0.01292	0.00413	0.00613	0.02770	0.11570	0.00906
13	0.03736	0.01693	0.02237	0.01856	0.02506	0.01552	0.01511	0.04418	0.07429	0.35989	0.14574	0.05424	0.04618	0.01691	0.01173	0.00356	0.00845	0.05524	0.01267	0.01599
14	0.01845	0.01107	0.01346	0.01388	0.01604	0.01044	0.01001	0.02151	0.02290	0.07301	0.09531	0.22741	0.10227	0.11839	0.01890	0.00483	0.00713	0.06009	0.14511	0.00979
15	0.02915	0.62337	0.05714	0.01866	0.02799	0.04314	0.01866	0.03265	0.02215	0.02565	0.01516	0.01749	0.01399	0.00933	0.00700	0.00233	0.01166	0.00583	0.00466	0.01399
16	0.01586	0.01057	0.01189	0.01189	0.01189	0.01057	0.00661	0.01586	0.01586	0.02114	0.03436	0.07135	0.03964	0.61681	0.05550	0.01057	0.01057	0.01586	0.00661	0.00661
17	0.01894	0.00947	0.01420	0.01420	0.01420	0.00947	0.00947	0.01420	0.01420	0.01894	0.01894	0.03314	0.01894	0.03788	0.04261	0.68277	0.00947	0.00947	0.00473	0.00473
18	0.02357	0.01792	0.02047	0.01893	0.02280	0.02006	0.01418	0.04077	0.32271	0.03665	0.07208	0.04114	0.03358	0.02297	0.02165	0.22828	0.00865	0.01192	0.00906	0.01261
19	0.02418	0.01981	0.02139	0.01945	0.02458	0.02228	0.01503	0.04762	0.38531	0.04481	0.14462	0.04893	0.04693	0.01613	0.01116	0.00355	0.00762	0.01364	0.06771	0.01525
20	0.02813	0.02627	0.04335	0.06362	0.50814	0.02653	0.03246	0.07127	0.02691	0.03823	0.02096	0.02692	0.01737	0.00998	0.01080	0.00324	0.01288	0.00972	0.00583	0.01737
21	0.04073	0.05197	0.03090	0.02809	0.03371	0.57303	0.02107	0.04354	0.03090	0.02669	0.01685	0.01966	0.01404	0.01124	0.00983	0.00281	0.01966	0.00702	0.00562	0.01264
22	0.01493	0.01113	0.01387	0.01319	0.01598	0.01007	0.00989	0.01959	0.02967	0.04088	0.45690	0.08612	0.19079	0.02335	0.01287	0.00348	0.00522	0.02037	0.01163	0.01007
23	0.04089	0.02730	0.03021	0.02362	0.03193	0.02954	0.01936	0.36333	0.11312	0.15755	0.03186	0.03023	0.02216	0.01340	0.01094	0.00335	0.01102	0.01038	0.01142	0.01837
24	0.69383	0.02109	0.01603	0.01434	0.02109	0.02446	0.01181	0.03205	0.01856	0.04892	0.01518	0.01771	0.01181	0.01012	0.00675	0.00337	0.00843	0.00590	0.00675	0.01181
25	0.02059	0.01938	0.03270	0.59060	0.07510	0.02422	0.03028	0.02786	0.02180	0.02786	0.01938	0.02907	0.01453	0.01090	0.01090	0.00363	0.01453	0.00969	0.00484	0.01211
26	0.01503	0.01126	0.01561	0.01970	0.06712	0.01079	0.01184	0.01707	0.02047	0.02753	0.05217	0.46773	0.06163	0.12398	0.02019	0.00528	0.00764	0.02653	0.00910	0.00932
27	0.01454	0.01039	0.01410	0.01662	0.01780	0.00994	0.01231	0.01736	0.02212	0.02924	0.05940	0.46680	0.06937	0.03297	0.01425	0.00460	0.00742	0.16147	0.01010	0.00920
28	0.01543	0.01115	0.01457	0.01372	0.01629	0.01029	0.01029	0.02058	0.03086	0.04372	0.54304	0.08145	0.10288	0.02229	0.01286	0.00343	0.00514	0.01972	0.01200	0.01029
29	0.69383	0.02109	0.01603	0.01434	0.02109	0.02446	0.01181	0.03205	0.01856	0.04892	0.01518	0.01771	0.01181	0.01012	0.00675	0.00337	0.00843	0.00590	0.00675	0.01181
30	0.01396	0.00997	0.01343	0.01596	0.01689	0.00944	0.01130	0.01635	0.02154	0.02859	0.05972	0.53267	0.07063	0.03352	0.01410	0.00452	0.00691	0.10132	0.01011	0.00904
31	0.02059	0.01938	0.03270	0.59060	0.07510	0.02422	0.03028	0.02786	0.02180	0.02786	0.01938	0.02907	0.01453	0.01090	0.01090	0.00363	0.01453	0.00969	0.00484	0.01211
32	0.01723	0.01059	0.01589	0.01589	0.01687	0.01158	0.01158	0.01687	0.01589	0.02217	0.02415	0.03806	0.02316	0.06014	0.31188	0.34542	0.01948	0.01059	0.00530	0.00727
33	0.01894	0.00947	0.01420	0.01420	0.01420	0.00947	0.00947	0.01420	0.01420	0.01894	0.01894	0.03314	0.01894	0.03788	0.04261	0.68277	0.00947	0.00947	0.00473	0.00473
34	0.03836	0.04840	0.03619	0.03092	0.03739	0.48672	0.09831	0.04218	0.03008	0.02799	0.01768	0.02121	0.01444	0.01091	0.01031	0.00295	0.01946	0.00795	0.00560	0.01297
35	0.02119	0.04946	0.47443	0.02934	0.04330	0.02330	0.03669	0.03264	0.02335	0.03423	0.02561	0.03884	0.02156	0.01349	0.01110	0.00370	0.01515	0.08201	0.00546	0.01515
36	0.02103	0.01258	0.01523	0.01373	0.01793	0.01098	0.01059	0.02499	0.02841	0.13981	0.26209	0.08247	0.27289	0.02277	0.01249	0.00352	0.00613	0.01936	0.01151	0.01148
37	0.03312	0.28500	0.08818	0.02325	0.03202	0.14374	0.02133	0.13446	0.07613	0.03718	0.02078	0.02228	0.01667	0.01106	0.00902	0.00284	0.01344	0.00766	0.00670	0.01513
38	0.02460	0.26906	0.37158	0.02642	0.03999	0.03201	0.03217	0.03382	0.02270	0.03120	0.01791	0.02095	0.01388	0.00997	0.00910	0.00303	0.01444	0.00722	0.00463	0.01532

[dist]
# distance from previous block
# <min> <max>
0	2

[block]
# block no. 2 follows, 12 sequences, length 11
# corresponding to MSA columns:
# 95-105
name=unknown_C
#
# <colnr> <probs for GDERKNQSTAVLIFYWHMCP>
#	G	D	E	R	K	N	Q	S	T	A	V	L	I	F	Y	W	H	M	C	P
0	0.38944	0.03000	0.07007	0.01975	0.02705	0.11774	0.01706	0.03937	0.12255	0.04319	0.02167	0.02309	0.01664	0.01126	0.00846	0.00335	0.01107	0.00757	0.00722	0.01343
1	0.36126	0.02974	0.15395	0.02727	0.11624	0.02376	0.02232	0.03196	0.02171	0.04273	0.06024	0.02578	0.02066	0.01110	0.00881	0.00337	0.01081	0.00820	0.00642	0.01366
2	0.03814	0.03491	0.12185	0.02610	0.03607	0.03238	0.02403	0.43170	0.04649	0.06294	0.02506	0.02564	0.01774	0.01263	0.01081	0.00330	0.01269	0.00952	0.00984	0.01813
3	0.03114	0.15889	0.12728	0.12500	0.12264	0.07733	0.02631	0.03737	0.02527	0.13471	0.02316	0.02597	0.01716	0.01083	0.00987	0.00313	0.01336	0.00860	0.00664	0.01534
4	0.01894	0.00947	0.01420	0.01420	0.01420	0.00947	0.00947	0.01420	0.01420	0.01894	0.01894	0.03314	0.01894	0.03788	0.04261	0.68277	0.00947	0.00947	0.00473	0.00473
5	0.02244	0.02171	0.03812	0.42777	0.17490	0.02490	0.07549	0.02972	0.02282	0.03018	0.01987	0.02866	0.01531	0.01049	0.01106	0.00355	0.01455	0.00999	0.00503	0.01346
6	0.01586	0.01057	0.01189	0.01189	0.01189	0.01057	0.00661	0.01586	0.01586	0.02114	0.03436	0.07135	0.03964	0.61681	0.05550	0.01057	0.01057	0.01586	0.00661	0.00661
7	0.02187	0.05640	0.56031	0.03108	0.04719	0.02532	0.04029	0.03453	0.02302	0.03453	0.01957	0.02302	0.01381	0.01036	0.01036	0.00345	0.01611	0.00806	0.00460	0.01611
8	0.03495	0.02632	0.02986	0.02436	0.03084	0.03028	0.01985	0.25911	0.18244	0.09648	0.03090	0.03093	0.02283	0.01463	0.01517	0.00366	0.10959	0.01060	0.01015	0.01705
9	0.01690	0.01439	0.02259	0.30026	0.04518	0.01647	0.02011	0.02146	0.02133	0.02785	0.03992	0.32204	0.04359	0.02264	0.01242	0.00403	0.01039	0.02044	0.00751	0.01047
10	0.08040	0.32705	0.15976	0.02059	0.03130	0.03194	0.02181	0.03199	0.02215	0.03150	0.01699	0.01977	0.01420	0.00937	0.00794	0.00253	0.01168	0.00646	0.00518	0.14739

[dist]
# distance from previous block
# <min> <max>
0	1

[block]
# block no. 3 follows, 12 sequences, length 37
# corresponding to MSA columns:
# 107-143
name=unknown_D
#
# <colnr> <probs for GDERKNQSTAVLIFYWHMCP>
#	G	D	E	R	K	N	Q	S	T	A	V	L	I	F	Y	W	H	M	C	P
0	0.02253	0.11418	0.45549	0.08318	0.04778	0.02714	0.03699	0.03369	0.02281	0.03293	0.01907	0.02300	0.01390	0.01030	0.01005	0.00335	0.01548	0.00797	0.00463	0.01550
1	0.69383	0.02109	0.01603	0.01434	0.02109	0.02446	0.01181	0.03205	0.01856	0.04892	0.01518	0.01771	0.01181	0.01012	0.00675	0.00337	0.00843	0.00590	0.00675	0.01181
2	0.01947	0.01722	0.03074	0.02620	0.03126	0.01646	0.16205	0.02576	0.02672	0.03608	0.16797	0.08480	0.05899	0.02194	0.01386	0.00422	0.01130	0.22429	0.00918	0.01149
3	0.02843	0.01975	0.03183	0.39761	0.10496	0.02227	0.02691	0.03484	0.02448	0.16415	0.02554	0.03095	0.01797	0.01146	0.01091	0.00353	0.01305	0.01002	0.00711	0.01422
4	0.03112	0.02065	0.03078	0.11567	0.03864	0.02131	0.09168	0.04354	0.16295	0.19750	0.03830	0.09756	0.03001	0.01502	0.01159	0.00366	0.01099	0.01358	0.00989	0.01554
5	0.01494	0.01113	0.01390	0.01320	0.01599	0.01008	0.00990	0.01963	0.02971	0.04098	0.45983	0.08597	0.18780	0.02331	0.01287	0.00348	0.00522	0.02035	0.01164	0.01008
6	0.02961	0.09426	0.02988	0.07324	0.03191	0.18818	0.01906	0.11458	0.02906	0.03429	0.02909	0.16868	0.02935	0.01767	0.01294	0.00347	0.06074	0.01379	0.00742	0.01277
7	0.09551	0.02057	0.02744	0.02759	0.13328	0.01834	0.01818	0.03866	0.02589	0.23046	0.02801	0.02845	0.02001	0.01062	0.00958	0.00276	0.00956	0.00875	0.00889	0.23746
8	0.02872	0.02512	0.03370	0.22892	0.16048	0.06944	0.02634	0.07850	0.08105	0.07799	0.02428	0.02912	0.01848	0.01212	0.01272	0.00352	0.05775	0.00987	0.00694	0.01493
9	0.02404	0.22511	0.41059	0.02738	0.04148	0.03063	0.03385	0.03397	0.02276	0.03189	0.01826	0.02137	0.01387	0.01005	0.00936	0.00312	0.01479	0.00739	0.00462	0.01548
10	0.03243	0.02613	0.03821	0.10065	0.30785	0.02739	0.02797	0.17945	0.03303	0.08465	0.02384	0.02771	0.01814	0.01114	0.01085	0.00330	0.01253	0.00984	0.00763	0.01726
11	0.08802	0.01922	0.02798	0.31513	0.09191	0.02213	0.02326	0.03218	0.06682	0.08020	0.02540	0.03502	0.02054	0.08919	0.01625	0.00445	0.01230	0.01047	0.00665	0.01285
12	0.01796	0.01123	0.01332	0.01326	0.01577	0.01024	0.00938	0.02069	0.02352	0.08082	0.12720	0.20676	0.18767	0.12792	0.01985	0.00489	0.00686	0.02095	0.07192	0.00979
13	0.01586	0.01057	0.01189	0.01189	0.01189	0.01057	0.00661	0.01586	0.01586	0.02114	0.03436	0.07135	0.03964	0.61681	0.05550	0.01057	0.01057	0.01586	0.00661	0.00661
14	0.01894	0.00947	0.01420	0.01420	0.01420	0.00947	0.00947	0.01420	0.01420	0.01894	0.01894	0.03314	0.01894	0.03788	0.04261	0.68277	0.00947	0.00947	0.00473	0.00473
15	0.02139	0.01397	0.01775	0.01730	0.02030	0.01458	0.01306	0.02883	0.12632	0.08029	0.04534	0.14896	0.07675	0.03620	0.11407	0.14264	0.01183	0.05062	0.00883	0.01097
16	0.03481	0.01924	0.02306	0.01951	0.02596	0.01927	0.01544	0.08746	0.17077	0.26176	0.04925	0.11592	0.07330	0.01756	0.01152	0.00361	0.00867	0.01474	0.01190	0.01623
17	0.01404	0.01009	0.01251	0.01432	0.01587	0.00930	0.01012	0.01659	0.02217	0.02948	0.06858	0.42603	0.16630	0.03091	0.01333	0.00418	0.00635	0.06144	0.05927	0.00911
18	0.01565	0.01159	0.01704	0.01767	0.01957	0.01299	0.01387	0.01951	0.01899	0.02666	0.03654	0.11130	0.03703	0.06931	0.43439	0.01435	0.02406	0.08287	0.00689	0.00969
19	0.37359	0.01826	0.01795	0.01560	0.02195	0.01902	0.01255	0.03504	0.02308	0.19396	0.03666	0.09049	0.07164	0.01513	0.00927	0.00351	0.00820	0.01148	0.00938	0.01325
20	0.08766	0.01880	0.02211	0.01852	0.02521	0.01873	0.01482	0.04647	0.17218	0.27542	0.09177	0.04681	0.08227	0.01569	0.01101	0.00350	0.00831	0.01285	0.01183	0.01605
21	0.03008	0.01985	0.02364	0.01800	0.02677	0.01704	0.01445	0.03916	0.11050	0.16998	0.02963	0.02936	0.02181	0.01059	0.00932	0.00242	0.00848	0.00860	0.00904	0.40127
22	0.14783	0.01671	0.01958	0.01649	0.02288	0.01529	0.01299	0.03478	0.02505	0.23708	0.04320	0.15182	0.07283	0.01732	0.01051	0.00333	0.00805	0.01435	0.01026	0.11965
23	0.09026	0.01697	0.02155	0.01873	0.02250	0.01860	0.01502	0.03027	0.02483	0.16512	0.15243	0.09281	0.09857	0.01962	0.01759	0.00385	0.15397	0.01490	0.00973	0.01268
24	0.01894	0.00947	0.01420	0.01420	0.01420	0.00947	0.00947	0.01420	0.01420	0.01894	0.01894	0.03314	0.01894	0.03788	0.04261	0.68277	0.00947	0.00947	0.00473	0.00473
25	0.02247	0.01321	0.01554	0.01459	0.01831	0.01245	0.01086	0.02829	0.07296	0.13145	0.09955	0.16481	0.17156	0.07065	0.01534	0.00416	0.00700	0.01869	0.09646	0.01166
26	0.02213	0.01197	0.01580	0.01556	0.01824	0.01093	0.01113	0.02488	0.02433	0.15162	0.13138	0.33404	0.06316	0.09049	0.01756	0.00469	0.00728	0.02292	0.01082	0.01108
27	0.02244	0.01186	0.01572	0.01588	0.01838	0.01083	0.01121	0.02471	0.02291	0.15872	0.05306	0.40888	0.05737	0.09203	0.01768	0.00483	0.00752	0.02437	0.01058	0.01103
28	0.22070	0.01391	0.01416	0.01406	0.01767	0.01446	0.01052	0.02611	0.02160	0.08416	0.03911	0.24107	0.03917	0.01983	0.00995	0.00355	0.00691	0.01657	0.17557	0.01092
29	0.01553	0.01224	0.01365	0.01333	0.01626	0.01159	0.00965	0.02148	0.07936	0.03353	0.19928	0.12047	0.27268	0.11019	0.01889	0.00466	0.00654	0.02051	0.01020	0.00995
30	0.13513	0.01425	0.01515	0.01451	0.01818	0.01457	0.01111	0.02528	0.07936	0.03866	0.21477	0.07324	0.16339	0.08037	0.01603	0.00434	0.00712	0.05397	0.00989	0.01069
31	0.04306	0.02210	0.06822	0.02005	0.02855	0.01812	0.01767	0.09853	0.03188	0.40966	0.03854	0.03513	0.02510	0.01312	0.01058	0.00329	0.00971	0.01052	0.07865	0.01752
32	0.01349	0.01020	0.01246	0.01372	0.01556	0.00917	0.00959	0.01613	0.02356	0.03070	0.14738	0.37898	0.21874	0.03042	0.01345	0.00405	0.00591	0.02691	0.01040	0.00917
33	0.02792	0.01455	0.01831	0.01644	0.02039	0.01387	0.01207	0.03358	0.07909	0.21203	0.09086	0.16744	0.04710	0.16893	0.02285	0.00542	0.00854	0.01725	0.01069	0.01269
34	0.19461	0.02266	0.03146	0.18363	0.20213	0.02479	0.02455	0.07161	0.02518	0.08927	0.02149	0.02613	0.01622	0.01076	0.00984	0.00339	0.01182	0.00889	0.00680	0.01478
35	0.01750	0.01067	0.01372	0.01476	0.01601	0.01001	0.00981	0.01914	0.02062	0.07879	0.05179	0.41449	0.05929	0.18161	0.02429	0.00590	0.00771	0.02512	0.00956	0.00925
36	0.03484	0.04250	0.12549	0.03151	0.08339	0.24431	0.02574	0.15626	0.03277	0.03931	0.01976	0.02292	0.01545	0.01210	0.01258	0.00325	0.06768	0.00837	0.00666	0.01508

[dist]
# distance from previous block
# <min> <max>
0	1

[block]
# block no. 4 follows, 12 sequences, length 48
# corresponding to MSA columns:
# 145-162,166-195
name=unknown_E
#
# <colnr> <probs for GDERKNQSTAVLIFYWHMCP>
#	G	D	E	R	K	N	Q	S	T	A	V	L	I	F	Y	W	H	M	C	P
0	0.10542	0.27667	0.04038	0.02217	0.03006	0.18677	0.01903	0.13575	0.03028	0.03740	0.01793	0.01993	0.01473	0.01073	0.00858	0.00277	0.01362	0.00700	0.00645	0.01433
1	0.01558	0.01168	0.01752	0.01752	0.01947	0.01363	0.01363	0.01947	0.01752	0.02531	0.02921	0.04283	0.02726	0.08178	0.57360	0.01752	0.02921	0.01168	0.00584	0.00974
2	0.02720	0.01338	0.01729	0.01598	0.02031	0.01175	0.01206	0.03019	0.02577	0.23586	0.06389	0.27935	0.15294	0.02467	0.01254	0.00386	0.00732	0.02146	0.01145	0.01274
3	0.01369	0.01016	0.01288	0.01488	0.01636	0.00935	0.01059	0.01613	0.02219	0.02872	0.07034	0.44862	0.16960	0.03233	0.01383	0.00434	0.00658	0.08021	0.01011	0.00906
4	0.01500	0.01094	0.01421	0.01454	0.01678	0.01015	0.01092	0.01924	0.02756	0.03785	0.34749	0.20148	0.12883	0.02618	0.01334	0.00385	0.00599	0.07459	0.01122	0.00986
5	0.02526	0.01381	0.01678	0.01417	0.01920	0.01219	0.01108	0.03014	0.02690	0.14828	0.18263	0.04869	0.04759	0.01486	0.00993	0.00281	0.00650	0.01248	0.22723	0.12946
6	0.09842	0.01339	0.01529	0.01427	0.01849	0.01240	0.01088	0.02560	0.02561	0.13718	0.14686	0.17276	0.22147	0.02321	0.01200	0.00369	0.00668	0.01966	0.01070	0.01145
7	0.01477	0.01119	0.01383	0.01462	0.01723	0.01025	0.01137	0.01858	0.02589	0.03379	0.20552	0.18394	0.23345	0.02785	0.01357	0.00406	0.00665	0.13321	0.01061	0.00964
8	0.18265	0.02046	0.02422	0.01899	0.02711	0.01982	0.01568	0.10133	0.03086	0.39461	0.03528	0.03181	0.02285	0.01274	0.01008	0.00336	0.00941	0.00978	0.01179	0.01715
9	0.01509	0.01115	0.01424	0.01533	0.01701	0.01082	0.01077	0.02039	0.06658	0.03407	0.20299	0.40411	0.07804	0.02899	0.01336	0.00407	0.00617	0.02606	0.01077	0.00999
10	0.09319	0.01563	0.01781	0.01667	0.02064	0.01607	0.01260	0.08343	0.07281	0.09582	0.11869	0.24209	0.05232	0.02172	0.01157	0.00370	0.00743	0.01871	0.06673	0.01238
11	0.01476	0.01038	0.01357	0.01557	0.01648	0.01002	0.01102	0.01694	0.02075	0.02749	0.05421	0.39103	0.06329	0.15487	0.02284	0.00584	0.00802	0.12491	0.00937	0.00865
12	0.10653	0.02447	0.02486	0.02043	0.02712	0.06334	0.01638	0.24004	0.03642	0.14122	0.03188	0.08903	0.02562	0.01486	0.01034	0.00330	0.01032	0.01164	0.08676	0.01544
13	0.33340	0.01897	0.01898	0.01684	0.02270	0.02036	0.01363	0.08663	0.02610	0.12330	0.07658	0.09774	0.03364	0.01625	0.00985	0.00362	0.00859	0.05047	0.00934	0.01300
14	0.03750	0.02150	0.02514	0.02050	0.02740	0.02220	0.01627	0.14606	0.17228	0.25108	0.03889	0.03974	0.02843	0.08285	0.01609	0.00427	0.00981	0.01166	0.01150	0.01682
15	0.04073	0.05197	0.03090	0.02809	0.03371	0.57303	0.02107	0.04354	0.03090	0.02669	0.01685	0.01966	0.01404	0.01124	0.00983	0.00281	0.01966	0.00702	0.00562	0.01264
16	0.01897	0.01210	0.01550	0.01628	0.01853	0.01169	0.01155	0.02439	0.07566	0.09143	0.09409	0.44388	0.06531	0.02886	0.01320	0.00415	0.00681	0.02589	0.01076	0.01095
17	0.01878	0.01181	0.01599	0.01552	0.01822	0.01146	0.01201	0.02198	0.02474	0.07705	0.22526	0.07175	0.11156	0.03626	0.12053	0.10053	0.01121	0.07585	0.00953	0.00997
18	0.69383	0.02109	0.01603	0.01434	0.02109	0.02446	0.01181	0.03205	0.01856	0.04892	0.01518	0.01771	0.01181	0.01012	0.00675	0.00337	0.00843	0.00590	0.00675	0.01181
19	0.01558	0.01168	0.01752	0.01752	0.01947	0.01363	0.01363	0.01947	0.01752	0.02531	0.02921	0.04283	0.02726	0.08178	0.57360	0.01752	0.02921	0.01168	0.00584	0.00974
20	0.01878	0.01453	0.01659	0.01641	0.01908	0.01534	0.01189	0.02942	0.17264	0.03322	0.09460	0.15063	0.08400	0.19708	0.02521	0.00593	0.00848	0.06564	0.00954	0.01098
21	0.02699	0.02591	0.04426	0.06693	0.54879	0.02591	0.03346	0.03346	0.02483	0.03562	0.02051	0.02699	0.01727	0.00972	0.01079	0.00324	0.01295	0.00972	0.00540	0.01727
22	0.02033	0.01016	0.01016	0.01016	0.01270	0.01016	0.00762	0.02541	0.02287	0.04065	0.03557	0.04065	0.02795	0.01270	0.00762	0.00254	0.00508	0.01016	0.67734	0.01016
23	0.04014	0.09340	0.03531	0.02441	0.03320	0.03480	0.02051	0.46156	0.04818	0.06415	0.02501	0.02526	0.01806	0.01269	0.01049	0.00317	0.01196	0.00939	0.01025	0.01806
24	0.02565	0.02454	0.04185	0.17622	0.44993	0.02556	0.03280	0.03229	0.02420	0.03400	0.02027	0.02742	0.01670	0.00996	0.01082	0.00332	0.01328	0.00971	0.00528	0.01619
25	0.03161	0.32910	0.15588	0.02353	0.03422	0.03240	0.06078	0.03761	0.02456	0.14205	0.02259	0.02378	0.01694	0.01043	0.00901	0.00289	0.01260	0.00794	0.00661	0.01547
26	0.04441	0.02067	0.03289	0.02456	0.03350	0.01827	0.11186	0.04960	0.03014	0.45502	0.03894	0.03562	0.02496	0.01266	0.01133	0.00343	0.01105	0.01133	0.01194	0.01781
27	0.02654	0.02814	0.05677	0.10284	0.10152	0.02756	0.37840	0.07122	0.02723	0.03688	0.02196	0.02891	0.01656	0.00972	0.01232	0.00360	0.01699	0.01201	0.00585	0.01497
28	0.04201	0.02986	0.13074	0.02308	0.03287	0.05638	0.02177	0.11786	0.03261	0.34762	0.03425	0.03161	0.02233	0.01268	0.01077	0.00334	0.01168	0.00997	0.01087	0.01770
29	0.03069	0.15452	0.05482	0.03532	0.04513	0.08734	0.29859	0.03745	0.02616	0.09182	0.02247	0.02677	0.01694	0.00993	0.01110	0.00327	0.01607	0.01056	0.00626	0.01478
30	0.01334	0.01035	0.01215	0.01321	0.01539	0.00916	0.00933	0.01596	0.02368	0.03023	0.13343	0.33197	0.28280	0.03003	0.01335	0.00399	0.00585	0.02629	0.01032	0.00916
31	0.03396	0.03052	0.04120	0.04332	0.22192	0.07546	0.09474	0.23323	0.03644	0.04850	0.02277	0.02638	0.01742	0.01117	0.01105	0.00328	0.01389	0.00998	0.00772	0.01704
32	0.43708	0.02612	0.02426	0.02039	0.02749	0.08394	0.05906	0.07388	0.08151	0.04646	0.02018	0.02227	0.01546	0.01092	0.00845	0.00337	0.01082	0.00769	0.00734	0.01331
33	0.01628	0.01231	0.01736	0.05520	0.05470	0.01298	0.01291	0.01909	0.01955	0.02692	0.07877	0.16299	0.04463	0.22121	0.18646	0.00984	0.01504	0.01712	0.00733	0.00931
34	0.03526	0.01636	0.02052	0.01691	0.02306	0.01482	0.01329	0.04086	0.06974	0.33365	0.05608	0.05603	0.13714	0.09523	0.01718	0.00440	0.00861	0.01423	0.01169	0.01494
35	0.03024	0.03342	0.03552	0.13661	0.04426	0.21177	0.11044	0.04315	0.17218	0.03388	0.02623	0.02930	0.02015	0.01183	0.01095	0.00338	0.01527	0.01013	0.00703	0.01425
36	0.08724	0.02553	0.03292	0.19661	0.04646	0.02893	0.06051	0.24007	0.08828	0.04961	0.02481	0.02813	0.01817	0.01205	0.01073	0.00347	0.01261	0.00995	0.00832	0.01560
37	0.09931	0.01936	0.02470	0.02111	0.02718	0.01992	0.05621	0.04282	0.18813	0.18131	0.04246	0.15841	0.03625	0.01763	0.01136	0.00373	0.00911	0.01534	0.01062	0.01503
38	0.02419	0.01565	0.01868	0.01646	0.02015	0.01569	0.01225	0.12498	0.03080	0.09556	0.21880	0.12362	0.06031	0.14833	0.02152	0.00504	0.00830	0.01721	0.01056	0.01192
39	0.03330	0.02356	0.02390	0.02074	0.02608	0.09627	0.01598	0.15200	0.07075	0.15150	0.03655	0.15695	0.03262	0.02028	0.01480	0.07557	0.01071	0.01446	0.00992	0.01405
40	0.03816	0.02982	0.03080	0.07565	0.03629	0.08772	0.02076	0.31826	0.10999	0.09841	0.02848	0.02865	0.02043	0.01296	0.01082	0.00332	0.01235	0.00995	0.01004	0.01716
41	0.22488	0.01933	0.02008	0.01722	0.02294	0.02038	0.01349	0.13650	0.02847	0.13467	0.03747	0.11565	0.06551	0.07897	0.01489	0.00427	0.00909	0.01335	0.00953	0.01334
42	0.01485	0.01080	0.01420	0.01552	0.01740	0.01014	0.01171	0.01848	0.02509	0.03371	0.20516	0.30220	0.11870	0.02922	0.01378	0.00421	0.00676	0.12786	0.01065	0.00957
43	0.02181	0.01934	0.03150	0.11172	0.07096	0.02024	0.12056	0.03153	0.11523	0.03402	0.08980	0.05100	0.03628	0.06793	0.01862	0.06572	0.01182	0.06187	0.00767	0.01237
44	0.17428	0.02087	0.02540	0.07890	0.03172	0.02197	0.01759	0.07895	0.02670	0.23856	0.02754	0.02825	0.01922	0.01255	0.01261	0.00337	0.07702	0.00904	0.00923	0.08622
45	0.16159	0.01991	0.02335	0.01916	0.02595	0.02059	0.01564	0.13217	0.02983	0.25123	0.03151	0.03254	0.02253	0.02743	0.13083	0.00639	0.01393	0.00994	0.01008	0.01539
46	0.01483	0.01106	0.01353	0.01400	0.01610	0.01051	0.01029	0.01780	0.02301	0.03016	0.15040	0.14814	0.20074	0.14540	0.07966	0.00665	0.00956	0.07981	0.00933	0.00902
47	0.14079	0.01894	0.02228	0.02389	0.09434	0.02022	0.01586	0.10572	0.06189	0.04122	0.08919	0.05301	0.03751	0.15656	0.02129	0.00523	0.00995	0.06121	0.00846	0.01246

[dist]
# distance from previous block
# <min> <max>
0	10

# created by:
# /st0/software/busco_prod/Augustus/scripts/msa2prfl.pl ./align_prep/11171.fa
