[name]
unknown

[dist]
# distance from previous block
# <min> <max>
0	1

[block]
# block no. 0 follows, 11 sequences, length 34
# corresponding to MSA columns:
# 1-34
name=unknown_A
#
# <colnr> <probs for GDERKNQSTAVLIFYWHMCP>
#	G	D	E	R	K	N	Q	S	T	A	V	L	I	F	Y	W	H	M	C	P
0	0.02258	0.01630	0.02095	0.02166	0.02541	0.01691	0.01872	0.10860	0.03078	0.04039	0.05373	0.10896	0.05655	0.02792	0.01477	0.00486	0.01073	0.37771	0.01053	0.01195
1	0.01660	0.01285	0.01966	0.07407	0.02585	0.01516	0.01579	0.02097	0.01853	0.02639	0.02913	0.04279	0.02682	0.07709	0.50494	0.01665	0.02863	0.01185	0.00593	0.01029
2	0.04204	0.05364	0.03190	0.02900	0.03480	0.55926	0.02175	0.04494	0.03190	0.02755	0.01740	0.02030	0.01450	0.01160	0.01015	0.00290	0.02030	0.00725	0.00580	0.01305
3	0.68395	0.02177	0.01654	0.01480	0.02177	0.02525	0.01219	0.03309	0.01915	0.05050	0.01567	0.01828	0.01219	0.01045	0.00697	0.00348	0.00871	0.00609	0.00697	0.01219
4	0.01386	0.01142	0.01218	0.01199	0.01555	0.00974	0.00899	0.01724	0.02698	0.03355	0.20259	0.10314	0.43914	0.02733	0.01330	0.00374	0.00562	0.02303	0.01087	0.00974
5	0.68395	0.02177	0.01654	0.01480	0.02177	0.02525	0.01219	0.03309	0.01915	0.05050	0.01567	0.01828	0.01219	0.01045	0.00697	0.00348	0.00871	0.00609	0.00697	0.01219
6	0.01360	0.01024	0.01260	0.01450	0.01602	0.00924	0.00993	0.01580	0.02268	0.02919	0.07636	0.46240	0.19989	0.03340	0.01407	0.00436	0.00630	0.02973	0.01045	0.00924
7	0.09156	0.01572	0.02435	0.02174	0.02581	0.01509	0.09824	0.02513	0.02326	0.08376	0.04823	0.37702	0.05277	0.02582	0.01307	0.00421	0.00931	0.02378	0.00957	0.01156
8	0.03347	0.02690	0.02853	0.02401	0.03135	0.03055	0.01914	0.22147	0.34333	0.05591	0.03886	0.03645	0.02873	0.01462	0.01138	0.00365	0.01019	0.01177	0.01138	0.01831
9	0.03098	0.01912	0.02319	0.01837	0.02614	0.01708	0.01465	0.04067	0.11572	0.18891	0.11456	0.04100	0.03772	0.01362	0.01058	0.00289	0.00831	0.01136	0.01060	0.25451
10	0.02126	0.02001	0.03376	0.57739	0.07752	0.02501	0.03126	0.02876	0.02251	0.02876	0.02001	0.03001	0.01500	0.01125	0.01125	0.00375	0.01500	0.01000	0.00500	0.01250
11	0.68395	0.02177	0.01654	0.01480	0.02177	0.02525	0.01219	0.03309	0.01915	0.05050	0.01567	0.01828	0.01219	0.01045	0.00697	0.00348	0.00871	0.00609	0.00697	0.01219
12	0.04110	0.03069	0.03283	0.02556	0.03426	0.03412	0.02099	0.44703	0.10533	0.06822	0.02916	0.02872	0.02087	0.01371	0.01128	0.00343	0.01199	0.01043	0.01128	0.01899
13	0.68395	0.02177	0.01654	0.01480	0.02177	0.02525	0.01219	0.03309	0.01915	0.05050	0.01567	0.01828	0.01219	0.01045	0.00697	0.00348	0.00871	0.00609	0.00697	0.01219
14	0.02800	0.02418	0.02545	0.02291	0.02927	0.02800	0.01782	0.05981	0.51390	0.04708	0.04581	0.04199	0.03436	0.01527	0.01145	0.00382	0.00891	0.01273	0.01145	0.01782
15	0.04265	0.03551	0.03344	0.02645	0.03488	0.12937	0.02146	0.41532	0.04913	0.06312	0.02529	0.02581	0.01830	0.01317	0.01106	0.00329	0.01381	0.00961	0.01028	0.01804
16	0.68395	0.02177	0.01654	0.01480	0.02177	0.02525	0.01219	0.03309	0.01915	0.05050	0.01567	0.01828	0.01219	0.01045	0.00697	0.00348	0.00871	0.00609	0.00697	0.01219
17	0.01781	0.01460	0.02140	0.02041	0.02201	0.01819	0.01620	0.02151	0.01792	0.02632	0.02704	0.04026	0.02544	0.07133	0.45415	0.01543	0.14207	0.01161	0.00581	0.01051
18	0.01593	0.01150	0.01504	0.01416	0.01681	0.01062	0.01062	0.02124	0.03186	0.04513	0.52830	0.08407	0.10620	0.02301	0.01327	0.00354	0.00531	0.02035	0.01239	0.01062
19	0.02681	0.02928	0.05928	0.04316	0.05367	0.02838	0.41050	0.04019	0.11148	0.03798	0.02679	0.03239	0.02009	0.01050	0.01296	0.00380	0.01722	0.01319	0.00670	0.01564
20	0.13874	0.02590	0.02541	0.08152	0.03366	0.07371	0.01865	0.05069	0.33589	0.04398	0.03549	0.03482	0.02682	0.01371	0.01056	0.00367	0.01052	0.01084	0.00951	0.01588
21	0.04204	0.05364	0.03190	0.02900	0.03480	0.55926	0.02175	0.04494	0.03190	0.02755	0.01740	0.02030	0.01450	0.01160	0.01015	0.00290	0.02030	0.00725	0.00580	0.01305
22	0.03028	0.02593	0.04359	0.06383	0.48004	0.02565	0.03261	0.03672	0.02633	0.09094	0.02366	0.02898	0.01890	0.01045	0.01116	0.00336	0.01296	0.01017	0.00647	0.01797
23	0.01637	0.01091	0.01228	0.01228	0.01228	0.01091	0.00682	0.01637	0.01637	0.02182	0.03546	0.07365	0.04092	0.60445	0.05729	0.01091	0.01091	0.01637	0.00682	0.00682
24	0.03441	0.04093	0.03051	0.02736	0.03091	0.35341	0.02095	0.03688	0.02612	0.02680	0.01860	0.02723	0.01741	0.07743	0.02271	0.00433	0.17722	0.00896	0.00566	0.01217
25	0.01702	0.01402	0.02152	0.23375	0.04064	0.01562	0.01918	0.02141	0.02230	0.02917	0.04554	0.33660	0.05057	0.02560	0.01326	0.00431	0.01015	0.06047	0.00833	0.01055
26	0.02697	0.14464	0.03899	0.36234	0.05976	0.03084	0.02699	0.11408	0.02806	0.03588	0.02037	0.02699	0.01563	0.01132	0.01042	0.00341	0.01392	0.00920	0.00609	0.01410
27	0.30475	0.02040	0.02281	0.08096	0.03124	0.02094	0.01615	0.04061	0.02497	0.23725	0.02768	0.02782	0.01898	0.01170	0.00926	0.00335	0.00973	0.00861	0.00941	0.07339
28	0.15132	0.02762	0.02726	0.02138	0.02995	0.07231	0.01736	0.21511	0.03582	0.10903	0.02451	0.02532	0.01792	0.01163	0.00973	0.00296	0.01116	0.00849	0.00925	0.17187
29	0.02731	0.01986	0.02787	0.23451	0.04674	0.01915	0.02084	0.03317	0.02458	0.12253	0.02430	0.02856	0.01799	0.01045	0.00999	0.00279	0.01114	0.00878	0.00730	0.30216
30	0.02275	0.01715	0.02617	0.02254	0.02636	0.01740	0.08755	0.06314	0.02617	0.07981	0.09814	0.25977	0.05244	0.07468	0.01927	0.00473	0.05952	0.02088	0.00951	0.01202
31	0.02566	0.02741	0.08627	0.03008	0.03910	0.02415	0.17872	0.07507	0.13000	0.04274	0.11230	0.04012	0.03550	0.01327	0.01193	0.00346	0.01263	0.01289	0.00849	0.09024
32	0.02262	0.02096	0.03404	0.39165	0.15439	0.02468	0.02938	0.03166	0.06269	0.03153	0.02315	0.03174	0.01818	0.01731	0.05591	0.00485	0.01544	0.01040	0.00572	0.01373
33	0.02535	0.14136	0.03217	0.11697	0.08000	0.02498	0.01920	0.03454	0.10950	0.07071	0.07985	0.04614	0.07233	0.08159	0.01603	0.00423	0.01070	0.01251	0.00810	0.01376

[dist]
# distance from previous block
# <min> <max>
9	20

[block]
# block no. 1 follows, 11 sequences, length 35
# corresponding to MSA columns:
# 56-90
name=unknown_B
#
# <colnr> <probs for GDERKNQSTAVLIFYWHMCP>
#	G	D	E	R	K	N	Q	S	T	A	V	L	I	F	Y	W	H	M	C	P
0	0.02867	0.08156	0.03885	0.03288	0.10266	0.02788	0.09464	0.07722	0.08276	0.07877	0.05991	0.03437	0.02655	0.02026	0.06462	0.00498	0.10901	0.01141	0.00777	0.01521
1	0.02532	0.02527	0.03757	0.35850	0.22621	0.07346	0.03150	0.03214	0.02439	0.03132	0.02016	0.02842	0.01590	0.01087	0.01112	0.00354	0.01493	0.00976	0.00526	0.01433
2	0.02935	0.02901	0.09595	0.11062	0.22608	0.02557	0.16643	0.03724	0.02628	0.10556	0.02463	0.02989	0.01833	0.01062	0.01176	0.00356	0.01498	0.01099	0.00662	0.01651
3	0.02334	0.02001	0.02334	0.01667	0.02667	0.01500	0.01334	0.02834	0.02334	0.03668	0.02001	0.02334	0.01667	0.00834	0.00834	0.00167	0.00834	0.00667	0.00667	0.67325
4	0.03644	0.09147	0.02983	0.02371	0.02952	0.33273	0.01844	0.09158	0.03168	0.03559	0.02258	0.02562	0.01818	0.01197	0.00951	0.00285	0.01535	0.00818	0.15146	0.01331
5	0.03671	0.02826	0.12264	0.08711	0.13030	0.02189	0.06808	0.04373	0.02815	0.27022	0.03182	0.03244	0.02154	0.01202	0.01135	0.00353	0.01283	0.01062	0.00927	0.01749
6	0.19308	0.15990	0.17879	0.02201	0.03274	0.02750	0.02319	0.03946	0.02458	0.16547	0.02423	0.02486	0.01724	0.01122	0.00918	0.00327	0.01191	0.00803	0.00763	0.01571
7	0.01336	0.01118	0.01163	0.01199	0.01536	0.00945	0.00881	0.01609	0.02509	0.03017	0.10681	0.17606	0.46658	0.02944	0.01345	0.00391	0.00582	0.02490	0.01045	0.00945
8	0.01881	0.01109	0.01487	0.01628	0.01804	0.01017	0.01129	0.02110	0.02303	0.09987	0.05959	0.51966	0.06799	0.03231	0.01394	0.00442	0.00695	0.02913	0.01093	0.01053
9	0.02690	0.19716	0.29837	0.10315	0.04562	0.03004	0.03194	0.03589	0.02411	0.07762	0.02112	0.02441	0.01563	0.01078	0.00990	0.00327	0.01455	0.00821	0.00563	0.01570
10	0.02462	0.02462	0.03447	0.02955	0.02955	0.03447	0.02462	0.02709	0.01724	0.02709	0.01477	0.02462	0.01477	0.01970	0.03694	0.00492	0.58385	0.00985	0.00492	0.01231
11	0.03659	0.04960	0.10759	0.03494	0.08706	0.38643	0.06799	0.04185	0.02969	0.03032	0.01863	0.02241	0.01502	0.01113	0.01060	0.00311	0.01900	0.00821	0.00562	0.01420
12	0.02978	0.02094	0.03386	0.34966	0.14301	0.02316	0.02809	0.03635	0.02550	0.16006	0.02638	0.03174	0.01874	0.01172	0.01125	0.00361	0.01335	0.01034	0.00736	0.01509
13	0.02365	0.02163	0.03589	0.15163	0.31841	0.02249	0.02889	0.02974	0.02461	0.03392	0.03096	0.10720	0.03029	0.01607	0.01214	0.00381	0.01248	0.07469	0.00669	0.01480
14	0.02126	0.02001	0.03376	0.57739	0.07752	0.02501	0.03126	0.02876	0.02251	0.02876	0.02001	0.03001	0.01500	0.01125	0.01125	0.00375	0.01500	0.01000	0.00500	0.01250
15	0.03238	0.04076	0.29542	0.03072	0.04388	0.02339	0.10931	0.04200	0.02700	0.20135	0.02855	0.02963	0.01918	0.01155	0.01133	0.00358	0.01472	0.01013	0.00791	0.01721
16	0.01397	0.01127	0.01244	0.01248	0.01570	0.00973	0.00923	0.01733	0.02674	0.03378	0.20843	0.15051	0.38322	0.02785	0.01340	0.00381	0.00569	0.02375	0.01092	0.00973
17	0.02257	0.05822	0.54613	0.03208	0.04871	0.02614	0.04158	0.03564	0.02376	0.03564	0.02020	0.02376	0.01426	0.01069	0.01069	0.00356	0.01663	0.00832	0.00475	0.01663
18	0.01504	0.01137	0.01525	0.06018	0.02133	0.01097	0.01200	0.01869	0.02556	0.03452	0.22356	0.32735	0.12524	0.02846	0.01364	0.00408	0.00672	0.02542	0.01067	0.00996
19	0.02799	0.03414	0.18804	0.12310	0.27114	0.02516	0.03408	0.03639	0.02540	0.09321	0.02339	0.02816	0.01754	0.01084	0.01105	0.00348	0.01412	0.00967	0.00621	0.01689
20	0.01640	0.01078	0.01306	0.01341	0.01562	0.01010	0.00971	0.02059	0.02649	0.03873	0.24486	0.21327	0.11251	0.02424	0.01220	0.00361	0.00565	0.02126	0.17741	0.01010
21	0.03241	0.02894	0.18281	0.02230	0.03163	0.01776	0.02263	0.03937	0.02851	0.25132	0.12110	0.09653	0.04160	0.01658	0.01176	0.00362	0.01072	0.01397	0.01050	0.01594
22	0.02435	0.03987	0.26270	0.03674	0.08595	0.02593	0.15991	0.03791	0.09242	0.03812	0.06207	0.03287	0.02488	0.01184	0.01174	0.00364	0.01512	0.01132	0.00656	0.01605
23	0.01590	0.01542	0.06602	0.01877	0.02155	0.01193	0.01576	0.01990	0.02307	0.03089	0.05727	0.40060	0.06573	0.03164	0.01437	0.00466	0.00866	0.15779	0.00987	0.01023
24	0.02665	0.04036	0.29181	0.19803	0.05443	0.02579	0.03419	0.08054	0.02700	0.08225	0.02297	0.02730	0.01618	0.01143	0.01098	0.00360	0.01508	0.00928	0.00629	0.01584
25	0.03188	0.30138	0.21498	0.02371	0.03549	0.03248	0.02615	0.03881	0.02514	0.13829	0.02324	0.02424	0.01721	0.01089	0.00925	0.00302	0.01306	0.00791	0.00672	0.01617
26	0.03072	0.17361	0.04953	0.14675	0.04923	0.03161	0.16842	0.09945	0.02894	0.08216	0.02292	0.02743	0.01723	0.01085	0.01087	0.00335	0.01464	0.01015	0.00683	0.01533
27	0.01422	0.01016	0.01364	0.01625	0.01713	0.00958	0.01133	0.01655	0.02205	0.02930	0.06176	0.54324	0.07333	0.03478	0.01450	0.00464	0.00697	0.08085	0.01044	0.00928
28	0.02509	0.04460	0.37214	0.10467	0.04745	0.02364	0.03446	0.03532	0.02396	0.09158	0.02419	0.03035	0.01809	0.05942	0.01463	0.00418	0.01513	0.00955	0.00601	0.01555
29	0.03304	0.16262	0.26244	0.02583	0.03825	0.02877	0.02868	0.09257	0.02890	0.15679	0.02571	0.02635	0.01805	0.01155	0.01017	0.00328	0.01352	0.00875	0.00767	0.01705
30	0.02940	0.08318	0.25883	0.07790	0.09011	0.02794	0.07359	0.10067	0.02888	0.08919	0.02349	0.02668	0.01692	0.01120	0.01089	0.00346	0.01480	0.00943	0.00674	0.01671
31	0.59336	0.02676	0.08908	0.01717	0.02546	0.02537	0.01622	0.03344	0.01979	0.04846	0.01629	0.01903	0.01247	0.01048	0.00748	0.00349	0.00979	0.00640	0.00666	0.01280
32	0.02610	0.01616	0.02140	0.06367	0.02688	0.01682	0.01562	0.03202	0.06166	0.16140	0.09647	0.13015	0.12845	0.02700	0.06381	0.00519	0.06674	0.01709	0.01020	0.01318
33	0.03497	0.07865	0.03246	0.02294	0.03106	0.02936	0.01907	0.23244	0.08416	0.09127	0.02659	0.02759	0.01998	0.01288	0.01278	0.00313	0.06607	0.00936	0.00934	0.15590
34	0.03018	0.03746	0.26905	0.07497	0.08976	0.02218	0.03061	0.03913	0.02684	0.17635	0.06830	0.03360	0.02591	0.01257	0.01117	0.00353	0.01331	0.01043	0.00802	0.01662

[dist]
# distance from previous block
# <min> <max>
0	1

[block]
# block no. 2 follows, 11 sequences, length 20
# corresponding to MSA columns:
# 92-111
name=unknown_C
#
# <colnr> <probs for GDERKNQSTAVLIFYWHMCP>
#	G	D	E	R	K	N	Q	S	T	A	V	L	I	F	Y	W	H	M	C	P
0	0.11206	0.17880	0.30957	0.02560	0.03852	0.02932	0.02996	0.03688	0.02385	0.08868	0.02110	0.02326	0.01547	0.01075	0.00947	0.00327	0.01380	0.00781	0.00602	0.01582
1	0.02735	0.10265	0.38679	0.02850	0.04254	0.02682	0.03414	0.04008	0.06848	0.10071	0.02515	0.02671	0.01781	0.01142	0.01051	0.00347	0.01460	0.00888	0.00653	0.01685
2	0.01381	0.01142	0.01210	0.01193	0.01551	0.00972	0.00895	0.01713	0.02685	0.03324	0.19388	0.10364	0.44803	0.02745	0.01330	0.00375	0.00563	0.02310	0.01083	0.00972
3	0.02864	0.09923	0.40278	0.02862	0.04311	0.02590	0.03478	0.03919	0.02532	0.13277	0.02448	0.02607	0.01690	0.01123	0.01051	0.00345	0.01487	0.00870	0.00653	0.01693
4	0.09866	0.04287	0.32526	0.02931	0.04263	0.02421	0.08212	0.03960	0.02542	0.14734	0.02526	0.02707	0.01730	0.01124	0.01072	0.00356	0.01452	0.00928	0.00708	0.01656
5	0.02429	0.02189	0.08346	0.12482	0.13303	0.01879	0.02433	0.03026	0.02498	0.09783	0.03972	0.16288	0.03898	0.02008	0.01266	0.00407	0.01155	0.10427	0.00839	0.01373
6	0.01566	0.01191	0.01459	0.01561	0.01769	0.01153	0.01104	0.02165	0.07763	0.03425	0.16102	0.37063	0.13485	0.02975	0.01369	0.00418	0.00644	0.02650	0.01095	0.01043
7	0.03610	0.03433	0.15574	0.03279	0.11992	0.06709	0.02662	0.08847	0.08333	0.19517	0.03100	0.03093	0.02170	0.01241	0.01105	0.00346	0.01297	0.01009	0.00914	0.01769
8	0.03099	0.07541	0.07732	0.03474	0.15271	0.02198	0.07206	0.03660	0.02636	0.17649	0.03564	0.14572	0.03151	0.01623	0.01169	0.00362	0.01165	0.01471	0.00880	0.01576
9	0.02551	0.02129	0.07726	0.08308	0.03187	0.01918	0.01905	0.03637	0.12957	0.11886	0.03774	0.10183	0.03275	0.08551	0.12165	0.00723	0.01454	0.01403	0.00885	0.01384
10	0.02126	0.02001	0.03376	0.57739	0.07752	0.02501	0.03126	0.02876	0.02251	0.02876	0.02001	0.03001	0.01500	0.01125	0.01125	0.00375	0.01500	0.01000	0.00500	0.01250
11	0.03556	0.01929	0.02724	0.09590	0.08759	0.01882	0.01938	0.07686	0.03183	0.26702	0.15086	0.04594	0.04280	0.01526	0.01175	0.00351	0.00991	0.01303	0.01130	0.01615
12	0.03175	0.10471	0.10561	0.04249	0.17796	0.02739	0.15992	0.03909	0.02666	0.13707	0.02550	0.02896	0.01880	0.01069	0.01123	0.00340	0.01439	0.01051	0.00710	0.01678
13	0.16069	0.01728	0.06478	0.01698	0.02059	0.01483	0.01381	0.02180	0.02052	0.03333	0.04304	0.32600	0.04842	0.07785	0.06378	0.00594	0.01039	0.02110	0.00847	0.01041
14	0.01966	0.02796	0.17154	0.14625	0.04387	0.01977	0.07527	0.02706	0.02339	0.03198	0.03689	0.20231	0.03771	0.02005	0.01269	0.00410	0.01291	0.06669	0.00718	0.01272
15	0.03819	0.15212	0.08926	0.11512	0.03910	0.02507	0.02225	0.04383	0.02766	0.29012	0.03149	0.03098	0.02134	0.01220	0.01035	0.00330	0.01177	0.00963	0.00948	0.01674
16	0.03061	0.03754	0.23516	0.04183	0.18513	0.02449	0.08497	0.03955	0.02645	0.14610	0.02603	0.02885	0.01856	0.01107	0.01125	0.00351	0.01443	0.01002	0.00709	0.01736
17	0.09741	0.01623	0.01839	0.01680	0.02098	0.01625	0.01249	0.09494	0.02734	0.12365	0.05050	0.21745	0.09757	0.11540	0.01929	0.00501	0.00875	0.01905	0.01020	0.01231
18	0.02862	0.09968	0.20467	0.09942	0.08143	0.02573	0.02831	0.07878	0.02738	0.10875	0.02839	0.08891	0.02360	0.01399	0.01095	0.00352	0.01314	0.01158	0.00740	0.01574
19	0.02861	0.02891	0.13082	0.19463	0.10150	0.02415	0.05557	0.08679	0.02901	0.11095	0.07284	0.03460	0.02624	0.01267	0.01146	0.00358	0.01338	0.01107	0.00774	0.01552

[dist]
# distance from previous block
# <min> <max>
3	11

[block]
# block no. 3 follows, 11 sequences, length 29
# corresponding to MSA columns:
# 123-151
name=unknown_D
#
# <colnr> <probs for GDERKNQSTAVLIFYWHMCP>
#	G	D	E	R	K	N	Q	S	T	A	V	L	I	F	Y	W	H	M	C	P
0	0.02874	0.13649	0.16374	0.02715	0.07919	0.02568	0.02434	0.03893	0.09130	0.11402	0.03066	0.08209	0.02538	0.01368	0.01045	0.00328	0.01167	0.01122	0.00789	0.07412
1	0.09199	0.07396	0.03916	0.08135	0.20661	0.07607	0.06517	0.03981	0.02682	0.15462	0.02541	0.02835	0.01883	0.01115	0.01060	0.00334	0.01322	0.00968	0.00759	0.01629
2	0.02415	0.02059	0.02280	0.11696	0.03325	0.08862	0.01742	0.02831	0.02474	0.07196	0.03869	0.21697	0.03985	0.02043	0.01193	0.00360	0.01085	0.05850	0.00839	0.14199
3	0.03756	0.15983	0.03486	0.02440	0.07170	0.02585	0.01866	0.08047	0.07457	0.24483	0.03603	0.08497	0.02814	0.01469	0.01063	0.00334	0.01036	0.01195	0.01029	0.01686
4	0.02997	0.18189	0.09706	0.10379	0.04469	0.07353	0.12941	0.03945	0.07872	0.07977	0.02437	0.02766	0.01850	0.01109	0.01055	0.00331	0.01456	0.00974	0.00667	0.01525
5	0.02628	0.17931	0.38589	0.02859	0.04290	0.03113	0.03457	0.08129	0.02648	0.03712	0.01986	0.02281	0.01479	0.01074	0.00997	0.00329	0.01518	0.00798	0.00542	0.01639
6	0.03105	0.02350	0.02554	0.02251	0.02920	0.02644	0.01764	0.05914	0.44859	0.11419	0.04562	0.04149	0.03348	0.01509	0.01143	0.00377	0.00900	0.01253	0.01179	0.01800
7	0.02506	0.02491	0.03599	0.03491	0.09797	0.03343	0.02597	0.02810	0.01837	0.02840	0.01564	0.02506	0.01519	0.01839	0.03344	0.00471	0.50650	0.00987	0.00501	0.01306
8	0.10227	0.03364	0.20519	0.02596	0.03741	0.02170	0.06569	0.04453	0.02755	0.27737	0.03145	0.03068	0.02075	0.01210	0.01084	0.00354	0.01270	0.00995	0.00941	0.01726
9	0.01499	0.01145	0.01385	0.01393	0.01681	0.01030	0.01057	0.01910	0.02812	0.03726	0.29239	0.14418	0.25114	0.02688	0.01360	0.00388	0.00604	0.06412	0.01132	0.01006
10	0.04421	0.01922	0.02523	0.02049	0.02826	0.01774	0.01687	0.05237	0.09689	0.42412	0.04611	0.04767	0.03243	0.01583	0.01176	0.00370	0.00957	0.05620	0.01324	0.01809
11	0.03018	0.03211	0.16646	0.15719	0.05331	0.02423	0.16281	0.03885	0.02633	0.15677	0.02675	0.03059	0.01853	0.01126	0.01171	0.00365	0.01523	0.01085	0.00730	0.01589
12	0.02126	0.02001	0.03376	0.57739	0.07752	0.02501	0.03126	0.02876	0.02251	0.02876	0.02001	0.03001	0.01500	0.01125	0.01125	0.00375	0.01500	0.01000	0.00500	0.01250
13	0.02786	0.02674	0.04568	0.06908	0.53424	0.02674	0.03454	0.03454	0.02563	0.03677	0.02117	0.02786	0.01783	0.01003	0.01114	0.00334	0.01337	0.01003	0.00557	0.01783
14	0.02572	0.02805	0.15353	0.02734	0.03619	0.01941	0.12544	0.03360	0.02820	0.12093	0.16779	0.05528	0.04771	0.01654	0.01260	0.00377	0.01222	0.06213	0.00916	0.01440
15	0.02297	0.04962	0.42225	0.11004	0.10541	0.02605	0.03942	0.03459	0.02380	0.03483	0.02028	0.02505	0.01475	0.01070	0.01082	0.00357	0.01606	0.00873	0.00488	0.01620
16	0.02540	0.03936	0.22818	0.04569	0.13309	0.02738	0.26279	0.03567	0.02545	0.03603	0.02162	0.02768	0.01623	0.00999	0.01204	0.00364	0.01725	0.01104	0.00535	0.01611
17	0.01766	0.01261	0.01758	0.02018	0.02256	0.01254	0.01730	0.02249	0.02544	0.03314	0.05986	0.17808	0.06583	0.03155	0.01542	0.00512	0.00995	0.41210	0.01037	0.01023
18	0.08348	0.04975	0.41467	0.02914	0.04365	0.02620	0.03534	0.08045	0.02673	0.07662	0.02219	0.02464	0.01552	0.01117	0.01047	0.00353	0.01504	0.00851	0.00622	0.01667
19	0.02816	0.02534	0.03987	0.22701	0.30433	0.02751	0.03133	0.10825	0.02908	0.03976	0.02175	0.02842	0.01713	0.01100	0.01120	0.00348	0.01374	0.01004	0.00632	0.01631
20	0.01371	0.00979	0.01306	0.01567	0.01632	0.00914	0.01045	0.01567	0.02155	0.02873	0.06203	0.59710	0.07444	0.03526	0.01437	0.00457	0.00653	0.03200	0.01045	0.00914
21	0.02985	0.02155	0.03505	0.31458	0.18421	0.02346	0.02864	0.03640	0.02560	0.15172	0.02605	0.03141	0.01876	0.01157	0.01124	0.00358	0.01330	0.01032	0.00725	0.01545
22	0.12993	0.12904	0.03682	0.20773	0.12286	0.02895	0.02439	0.07688	0.02627	0.08540	0.02170	0.02623	0.01651	0.01111	0.00986	0.00334	0.01250	0.00883	0.00678	0.01488
23	0.05050	0.01915	0.02612	0.02003	0.02873	0.01654	0.01654	0.05485	0.03221	0.54203	0.04440	0.03831	0.02786	0.01393	0.01132	0.00348	0.00958	0.01132	0.01393	0.01915
24	0.01625	0.01060	0.01267	0.01312	0.01324	0.01048	0.00777	0.01606	0.01708	0.02277	0.03833	0.15986	0.04439	0.44457	0.04842	0.08176	0.01003	0.01835	0.00724	0.00701
25	0.68395	0.02177	0.01654	0.01480	0.02177	0.02525	0.01219	0.03309	0.01915	0.05050	0.01567	0.01828	0.01219	0.01045	0.00697	0.00348	0.00871	0.00609	0.00697	0.01219
26	0.01507	0.01134	0.01313	0.01275	0.01526	0.01028	0.00906	0.01835	0.02629	0.03479	0.27226	0.09066	0.24625	0.14932	0.02269	0.00521	0.00665	0.02074	0.01049	0.00940
27	0.09081	0.22706	0.04126	0.02915	0.11785	0.03281	0.02118	0.11664	0.07268	0.11102	0.02517	0.02621	0.01924	0.01151	0.00950	0.00310	0.01143	0.00874	0.00806	0.01658
28	0.02554	0.07595	0.21417	0.09628	0.25459	0.02773	0.07794	0.03448	0.02463	0.03494	0.02052	0.02626	0.01609	0.01028	0.01094	0.00343	0.01503	0.00949	0.00521	0.01649

[dist]
# distance from previous block
# <min> <max>
0	4

[block]
# block no. 4 follows, 11 sequences, length 30
# corresponding to MSA columns:
# 156-185
name=unknown_E
#
# <colnr> <probs for GDERKNQSTAVLIFYWHMCP>
#	G	D	E	R	K	N	Q	S	T	A	V	L	I	F	Y	W	H	M	C	P
0	0.02714	0.07664	0.13465	0.01992	0.02815	0.01949	0.01950	0.03541	0.06863	0.15524	0.12765	0.05661	0.14943	0.01767	0.01159	0.00351	0.00970	0.01454	0.00995	0.01460
1	0.02438	0.02304	0.03817	0.22930	0.29563	0.02547	0.03057	0.03086	0.02440	0.03399	0.06321	0.03305	0.02412	0.01237	0.01359	0.00363	0.06246	0.01088	0.00590	0.01498
2	0.02214	0.05127	0.46984	0.02958	0.04383	0.02379	0.03702	0.03263	0.02246	0.03333	0.02011	0.02526	0.01502	0.01477	0.01547	0.09959	0.01565	0.00853	0.00477	0.01495
3	0.68395	0.02177	0.01654	0.01480	0.02177	0.02525	0.01219	0.03309	0.01915	0.05050	0.01567	0.01828	0.01219	0.01045	0.00697	0.00348	0.00871	0.00609	0.00697	0.01219
4	0.02797	0.42783	0.17779	0.02476	0.03623	0.03871	0.06486	0.03437	0.02340	0.02951	0.01736	0.02048	0.01462	0.00988	0.00858	0.00281	0.01374	0.00719	0.00487	0.01504
5	0.05050	0.01915	0.02612	0.02003	0.02873	0.01654	0.01654	0.05485	0.03221	0.54203	0.04440	0.03831	0.02786	0.01393	0.01132	0.00348	0.00958	0.01132	0.01393	0.01915
6	0.01637	0.01091	0.01228	0.01228	0.01228	0.01091	0.00682	0.01637	0.01637	0.02182	0.03546	0.07365	0.04092	0.60445	0.05729	0.01091	0.01091	0.01637	0.00682	0.00682
7	0.03396	0.43055	0.05020	0.02241	0.03080	0.21132	0.02006	0.03734	0.02579	0.02683	0.01621	0.01878	0.01446	0.01027	0.00817	0.00257	0.01471	0.00642	0.00513	0.01399
8	0.02250	0.02185	0.03809	0.40228	0.06688	0.02419	0.11120	0.03000	0.02335	0.03120	0.02050	0.02911	0.01561	0.01052	0.01120	0.00346	0.01476	0.01011	0.00536	0.10783
9	0.02477	0.21996	0.40364	0.02833	0.04291	0.03152	0.03505	0.03508	0.02350	0.03296	0.01887	0.02209	0.01431	0.01038	0.00968	0.00323	0.01529	0.00764	0.00477	0.01599
10	0.01899	0.01114	0.01493	0.01630	0.01811	0.01020	0.01132	0.02130	0.02308	0.10241	0.05950	0.51689	0.06776	0.03220	0.01393	0.00441	0.00697	0.02903	0.01095	0.01058
11	0.02657	0.03036	0.06641	0.04744	0.05882	0.02846	0.49336	0.03605	0.02657	0.03605	0.02277	0.03036	0.01708	0.00949	0.01328	0.00380	0.01898	0.01328	0.00569	0.01518
12	0.03016	0.09029	0.30416	0.07253	0.04521	0.02543	0.06488	0.03962	0.02584	0.15720	0.02585	0.02778	0.01783	0.01135	0.01078	0.00348	0.01457	0.00934	0.00707	0.01663
13	0.02522	0.09499	0.09244	0.20612	0.10527	0.02883	0.17873	0.03504	0.05916	0.03354	0.02236	0.02885	0.01720	0.01062	0.01140	0.00356	0.01549	0.01065	0.00570	0.01485
14	0.01944	0.01724	0.02725	0.20502	0.15979	0.01840	0.02260	0.02437	0.02324	0.03083	0.04414	0.23342	0.08722	0.02097	0.01251	0.00394	0.01076	0.01898	0.00756	0.01232
15	0.02463	0.02345	0.03985	0.31765	0.31090	0.02589	0.03294	0.03171	0.02410	0.03285	0.02060	0.02891	0.01645	0.01063	0.01120	0.00354	0.01417	0.01002	0.00529	0.01522
16	0.02227	0.09018	0.19055	0.09286	0.04499	0.02452	0.14660	0.03050	0.02457	0.03376	0.06829	0.11952	0.03192	0.01516	0.01186	0.00368	0.01410	0.01421	0.00653	0.01392
17	0.02478	0.14100	0.27595	0.09612	0.05131	0.02978	0.15759	0.03464	0.02422	0.03340	0.02009	0.02526	0.01513	0.01025	0.01086	0.00345	0.01629	0.00945	0.00504	0.01540
18	0.02479	0.02432	0.04346	0.28780	0.26668	0.02623	0.09897	0.03223	0.02440	0.03317	0.02089	0.02915	0.01649	0.01049	0.01150	0.00359	0.01489	0.01048	0.00534	0.01512
19	0.01872	0.01675	0.02506	0.22587	0.11263	0.01780	0.02088	0.02423	0.02555	0.03319	0.13603	0.06424	0.19807	0.01866	0.01224	0.00367	0.01012	0.01622	0.00810	0.01198
20	0.04166	0.02832	0.13249	0.02629	0.03692	0.02011	0.08983	0.04844	0.02977	0.37145	0.03662	0.03435	0.02368	0.01267	0.01148	0.00354	0.01229	0.01102	0.01097	0.01810
21	0.03239	0.16451	0.28947	0.02580	0.03862	0.02724	0.02947	0.04088	0.02606	0.18260	0.02635	0.02682	0.01830	0.01142	0.01014	0.00329	0.01358	0.00871	0.00746	0.01691
22	0.02126	0.02001	0.03376	0.57739	0.07752	0.02501	0.03126	0.02876	0.02251	0.02876	0.02001	0.03001	0.01500	0.01125	0.01125	0.00375	0.01500	0.01000	0.00500	0.01250
23	0.02343	0.12122	0.49063	0.03062	0.04646	0.02823	0.03904	0.03542	0.02366	0.03460	0.01968	0.02311	0.01428	0.01057	0.01030	0.00343	0.01611	0.00806	0.00476	0.01638
24	0.03346	0.04282	0.29599	0.03122	0.08315	0.06806	0.03143	0.04238	0.02727	0.19442	0.02766	0.02840	0.01887	0.01173	0.01088	0.00346	0.01444	0.00932	0.00780	0.01723
25	0.02853	0.03944	0.28116	0.12743	0.09160	0.02428	0.06547	0.03815	0.02555	0.13354	0.02516	0.02848	0.01754	0.01128	0.01113	0.00358	0.01486	0.00968	0.00672	0.01642
26	0.02147	0.03628	0.27453	0.03103	0.08035	0.02079	0.06736	0.02907	0.02281	0.03248	0.02907	0.10169	0.02742	0.01943	0.01662	0.09986	0.01379	0.05637	0.00612	0.01346
27	0.02317	0.02215	0.03854	0.32033	0.21744	0.02447	0.06941	0.03009	0.02377	0.03195	0.02428	0.07884	0.02127	0.01281	0.01166	0.00370	0.01407	0.01221	0.00572	0.01415
28	0.02604	0.03628	0.22120	0.16841	0.12548	0.02561	0.12027	0.03550	0.02494	0.07552	0.02274	0.02824	0.01658	0.01077	0.01142	0.00361	0.01564	0.01013	0.00585	0.01576
29	0.02258	0.02136	0.03616	0.47512	0.16941	0.02536	0.03192	0.02992	0.02313	0.03037	0.02024	0.02957	0.01557	0.01101	0.01123	0.00367	0.01468	0.01001	0.00512	0.01357

[dist]
# distance from previous block
# <min> <max>
0	4

[block]
# block no. 5 follows, 11 sequences, length 8
# corresponding to MSA columns:
# 190-197
name=unknown_F
#
# <colnr> <probs for GDERKNQSTAVLIFYWHMCP>
#	G	D	E	R	K	N	Q	S	T	A	V	L	I	F	Y	W	H	M	C	P
0	0.02579	0.03407	0.14349	0.17991	0.17058	0.10777	0.03026	0.03328	0.02617	0.03403	0.08210	0.03323	0.02662	0.01232	0.01118	0.00345	0.01459	0.01048	0.00612	0.01456
1	0.02890	0.08372	0.12186	0.11514	0.30091	0.02696	0.03188	0.03615	0.02542	0.08983	0.02291	0.02772	0.01771	0.01067	0.01074	0.00336	0.01355	0.00953	0.00622	0.01683
2	0.02958	0.04035	0.28614	0.10927	0.10104	0.02506	0.03329	0.07551	0.02767	0.12770	0.02514	0.02793	0.01757	0.01150	0.01098	0.00354	0.01445	0.00942	0.00704	0.01684
3	0.03120	0.02703	0.13434	0.15089	0.04430	0.02033	0.05905	0.03821	0.02695	0.21332	0.04199	0.04260	0.09111	0.01436	0.01160	0.00363	0.01241	0.01228	0.00893	0.01549
4	0.02618	0.12153	0.11500	0.15541	0.29823	0.02911	0.03248	0.03343	0.02433	0.03343	0.01994	0.02617	0.01625	0.01030	0.01049	0.00331	0.01393	0.00916	0.00523	0.01609
5	0.02345	0.02892	0.13010	0.32819	0.20746	0.02573	0.03410	0.03172	0.02366	0.03238	0.02039	0.02824	0.01570	0.01079	0.01112	0.00360	0.01482	0.00970	0.00512	0.01483
6	0.03270	0.02432	0.09310	0.29609	0.05520	0.02188	0.02684	0.03966	0.02640	0.22759	0.02944	0.03245	0.01987	0.01222	0.01121	0.00362	0.01311	0.01031	0.00842	0.01557
7	0.02674	0.03787	0.24682	0.12921	0.21743	0.02529	0.03526	0.03595	0.02498	0.08146	0.02272	0.02748	0.01685	0.01085	0.01099	0.00351	0.01461	0.00944	0.00591	0.01663

[dist]
# distance from previous block
# <min> <max>
14	647

# created by:
# /st0/software/busco_prod/Augustus/scripts/msa2prfl.pl ./align_prep/11191.fa
