[name]
unknown

[dist]
# distance from previous block
# <min> <max>
12	623

[block]
# block no. 0 follows, 13 sequences, length 26
# corresponding to MSA columns:
# 750-775
name=unknown_A
#
# <colnr> <probs for GDERKNQSTAVLIFYWHMCP>
#	G	D	E	R	K	N	Q	S	T	A	V	L	I	F	Y	W	H	M	C	P
0	0.07019	0.09480	0.10671	0.02498	0.06957	0.02301	0.05046	0.03485	0.05390	0.12705	0.02406	0.02664	0.01834	0.01509	0.04719	0.00383	0.05165	0.00860	0.00702	0.14208
1	0.02862	0.08828	0.15646	0.06418	0.08290	0.06918	0.05419	0.09004	0.02784	0.09971	0.07290	0.02994	0.02427	0.01155	0.01014	0.00306	0.01253	0.00955	0.00719	0.05748
2	0.16900	0.08454	0.06647	0.01954	0.02706	0.09061	0.01691	0.10981	0.02734	0.14598	0.02425	0.02792	0.01878	0.06837	0.01309	0.00364	0.01118	0.00849	0.00796	0.05906
3	0.16144	0.05794	0.02506	0.02223	0.08479	0.02072	0.01589	0.06542	0.06769	0.17247	0.07780	0.03276	0.02759	0.01216	0.00932	0.00302	0.00876	0.00965	0.05165	0.07364
4	0.19561	0.02500	0.06731	0.02677	0.10987	0.02351	0.01992	0.15023	0.03024	0.21108	0.02663	0.02663	0.01846	0.01144	0.00958	0.00323	0.01043	0.00883	0.00914	0.01608
5	0.11100	0.02454	0.06874	0.02817	0.11428	0.02259	0.04970	0.09261	0.11359	0.08886	0.05924	0.03058	0.02442	0.01152	0.00987	0.00306	0.01024	0.00970	0.00813	0.11914
6	0.13456	0.08163	0.13897	0.02605	0.09086	0.02442	0.02216	0.11070	0.02697	0.12902	0.02341	0.02543	0.01728	0.01498	0.04551	0.00393	0.01236	0.00835	0.00744	0.05596
7	0.17429	0.02571	0.06317	0.03045	0.15224	0.02467	0.02110	0.17045	0.03049	0.12521	0.02341	0.02497	0.01708	0.01087	0.00948	0.00309	0.01071	0.00852	0.00816	0.06593
8	0.08306	0.02364	0.02893	0.02648	0.10002	0.02386	0.01901	0.22816	0.03537	0.22399	0.02875	0.02814	0.01988	0.01177	0.01007	0.00307	0.01033	0.00934	0.01005	0.07609
9	0.17592	0.02967	0.10708	0.02055	0.02879	0.10016	0.01871	0.10224	0.02805	0.12118	0.07197	0.02845	0.02384	0.01176	0.00936	0.00300	0.01110	0.00876	0.00804	0.09136
10	0.26163	0.06762	0.06043	0.02122	0.07551	0.02207	0.01642	0.03175	0.06656	0.03956	0.05066	0.02517	0.02033	0.01028	0.00822	0.00276	0.00905	0.00768	0.00672	0.19636
11	0.10560	0.02451	0.03268	0.20727	0.21347	0.06933	0.02544	0.08008	0.02599	0.08589	0.02124	0.02601	0.01610	0.01057	0.01000	0.00325	0.01262	0.00891	0.00648	0.01454
12	0.07907	0.08018	0.12556	0.02572	0.07971	0.02266	0.05220	0.03547	0.11778	0.07186	0.06628	0.06526	0.02794	0.01273	0.00995	0.00312	0.01047	0.01078	0.00753	0.09572
13	0.34959	0.02198	0.02603	0.08089	0.18152	0.02448	0.01981	0.03483	0.09759	0.04149	0.02074	0.02400	0.01627	0.01044	0.00864	0.00330	0.00998	0.00802	0.00663	0.01378
14	0.09220	0.02495	0.03106	0.02817	0.08183	0.02746	0.07611	0.15530	0.27513	0.04749	0.03177	0.03171	0.02380	0.01247	0.01049	0.00342	0.01056	0.01065	0.00919	0.01624
15	0.20344	0.01969	0.02505	0.01918	0.02742	0.01825	0.05812	0.03976	0.02502	0.28255	0.02849	0.02775	0.01946	0.01082	0.00920	0.00294	0.00932	0.00867	0.00938	0.15549
16	0.20820	0.02518	0.02476	0.02319	0.07689	0.12106	0.01674	0.04086	0.02584	0.24582	0.02640	0.02611	0.01844	0.01109	0.00916	0.00302	0.01085	0.00823	0.00876	0.06937
17	0.02380	0.02325	0.04173	0.13071	0.33650	0.02348	0.12172	0.03053	0.02449	0.03425	0.08101	0.03289	0.02567	0.01087	0.01109	0.00329	0.01290	0.01109	0.00591	0.01481
18	0.03487	0.01756	0.02233	0.01694	0.02480	0.01450	0.01355	0.03880	0.02574	0.31768	0.03235	0.03387	0.02340	0.06937	0.01367	0.00329	0.00868	0.00945	0.00990	0.26924
19	0.01538	0.01025	0.01153	0.01153	0.01153	0.01025	0.00641	0.01538	0.01538	0.02050	0.03331	0.06919	0.03844	0.62842	0.05382	0.01025	0.01025	0.01538	0.00641	0.00641
20	0.02506	0.02822	0.06067	0.04635	0.09990	0.02660	0.48080	0.03374	0.02488	0.03393	0.02126	0.02831	0.01610	0.00896	0.01230	0.00353	0.01736	0.01221	0.00534	0.01448
21	0.01997	0.01879	0.03171	0.60301	0.07282	0.02349	0.02936	0.02701	0.02114	0.02701	0.01879	0.02819	0.01409	0.01057	0.01057	0.00352	0.01409	0.00940	0.00470	0.01175
22	0.01496	0.01081	0.01413	0.01330	0.01580	0.00998	0.00998	0.01995	0.02993	0.04240	0.55689	0.07898	0.09976	0.02162	0.01247	0.00333	0.00499	0.01912	0.01164	0.00998
23	0.03188	0.03596	0.03736	0.04875	0.33527	0.26564	0.02729	0.03664	0.02660	0.03083	0.01837	0.02312	0.01541	0.01005	0.01007	0.00296	0.01535	0.00830	0.00533	0.01482
24	0.04419	0.07661	0.02858	0.02016	0.02819	0.07286	0.01674	0.10294	0.03167	0.41410	0.03512	0.03154	0.02297	0.01248	0.01019	0.00312	0.01044	0.00971	0.01134	0.01707
25	0.02520	0.13351	0.43713	0.02713	0.04096	0.02600	0.03339	0.03527	0.02310	0.09317	0.02095	0.02311	0.01487	0.01025	0.00965	0.00318	0.01426	0.00782	0.00545	0.01560

[dist]
# distance from previous block
# <min> <max>
0	3

[block]
# block no. 1 follows, 13 sequences, length 48
# corresponding to MSA columns:
# 779-826
name=unknown_B
#
# <colnr> <probs for GDERKNQSTAVLIFYWHMCP>
#	G	D	E	R	K	N	Q	S	T	A	V	L	I	F	Y	W	H	M	C	P
0	0.02151	0.05254	0.53166	0.03132	0.04654	0.02473	0.07889	0.03352	0.02254	0.03352	0.01917	0.02283	0.01361	0.00995	0.01024	0.00337	0.01581	0.00820	0.00454	0.01551
1	0.01837	0.00918	0.01377	0.01377	0.01377	0.00918	0.00918	0.01377	0.01377	0.01837	0.01837	0.03214	0.01837	0.03673	0.04132	0.69238	0.00918	0.00918	0.00459	0.00459
2	0.01320	0.00973	0.01245	0.01449	0.01577	0.00898	0.01018	0.01546	0.02127	0.02769	0.06628	0.48747	0.15129	0.03169	0.01343	0.00423	0.00634	0.07149	0.00981	0.00875
3	0.45959	0.15104	0.02599	0.01688	0.02376	0.11664	0.01424	0.03297	0.02061	0.03940	0.01497	0.01743	0.01223	0.00983	0.00707	0.00298	0.01055	0.00588	0.00596	0.01201
4	0.02525	0.03017	0.12919	0.05722	0.42654	0.02520	0.08579	0.03276	0.02389	0.03430	0.01990	0.02581	0.01614	0.00947	0.01061	0.00322	0.01361	0.00949	0.00512	0.01631
5	0.02568	0.02462	0.04203	0.10764	0.52357	0.02499	0.03220	0.03202	0.02384	0.03394	0.01980	0.02633	0.01654	0.00951	0.01048	0.00317	0.01268	0.00942	0.00519	0.01635
6	0.70310	0.02045	0.01554	0.01390	0.02045	0.02372	0.01145	0.03108	0.01799	0.04744	0.01472	0.01718	0.01145	0.00981	0.00654	0.00327	0.00818	0.00573	0.00654	0.01145
7	0.04367	0.02403	0.02828	0.02168	0.03000	0.02450	0.01791	0.29874	0.04037	0.30830	0.03323	0.03048	0.02192	0.01288	0.01060	0.00322	0.01037	0.01005	0.01178	0.01799
8	0.01670	0.00983	0.01322	0.01342	0.01457	0.00936	0.00951	0.01480	0.01738	0.02215	0.04501	0.05771	0.16537	0.03347	0.03149	0.45351	0.00821	0.05172	0.00640	0.00616
9	0.03016	0.53779	0.05140	0.01935	0.02805	0.08578	0.01845	0.07266	0.02447	0.02834	0.01570	0.01782	0.01393	0.00949	0.00732	0.00237	0.01197	0.00606	0.00509	0.01382
10	0.03299	0.03932	0.02622	0.02499	0.02956	0.41982	0.01945	0.03634	0.02833	0.02755	0.02782	0.04808	0.02730	0.01620	0.01100	0.00334	0.01637	0.14710	0.00669	0.01153
11	0.03480	0.02700	0.03095	0.09677	0.03683	0.03090	0.02115	0.37384	0.09593	0.05595	0.02550	0.02705	0.01868	0.01307	0.01255	0.00338	0.05998	0.00974	0.00938	0.01655
12	0.01510	0.01133	0.01699	0.01699	0.01888	0.01322	0.01322	0.01888	0.01699	0.02454	0.02832	0.04154	0.02643	0.07930	0.58652	0.01699	0.02832	0.01133	0.00566	0.00944
13	0.02028	0.04814	0.49018	0.02762	0.04129	0.02238	0.03473	0.03147	0.02346	0.03481	0.09921	0.03077	0.02628	0.01177	0.01041	0.00334	0.01404	0.00950	0.00553	0.01478
14	0.37755	0.06918	0.02249	0.01627	0.02369	0.02181	0.01368	0.03958	0.02335	0.26143	0.02587	0.02493	0.01770	0.01110	0.00825	0.00319	0.00877	0.00775	0.00908	0.01433
15	0.02972	0.02467	0.02451	0.02174	0.02790	0.07492	0.01694	0.05445	0.44313	0.09850	0.04052	0.03727	0.02997	0.01390	0.01064	0.00348	0.00939	0.01136	0.01053	0.01647
16	0.01538	0.01025	0.01153	0.01153	0.01153	0.01025	0.00641	0.01538	0.01538	0.02050	0.03331	0.06919	0.03844	0.62842	0.05382	0.01025	0.01025	0.01538	0.00641	0.00641
17	0.70310	0.02045	0.01554	0.01390	0.02045	0.02372	0.01145	0.03108	0.01799	0.04744	0.01472	0.01718	0.01145	0.00981	0.00654	0.00327	0.00818	0.00573	0.00654	0.01145
18	0.02470	0.09542	0.26574	0.07032	0.04795	0.07674	0.20385	0.03382	0.02377	0.03175	0.01918	0.02408	0.01440	0.00967	0.01059	0.00328	0.01621	0.00925	0.00488	0.01442
19	0.13738	0.06469	0.03194	0.02726	0.08700	0.10025	0.05879	0.12374	0.07218	0.15642	0.02598	0.02655	0.01879	0.01136	0.00976	0.00315	0.01184	0.00901	0.00848	0.01543
20	0.70310	0.02045	0.01554	0.01390	0.02045	0.02372	0.01145	0.03108	0.01799	0.04744	0.01472	0.01718	0.01145	0.00981	0.00654	0.00327	0.00818	0.00573	0.00654	0.01145
21	0.01739	0.00970	0.01414	0.01397	0.01464	0.00971	0.00971	0.01547	0.01728	0.02371	0.12645	0.04231	0.03530	0.03758	0.08494	0.49409	0.01008	0.01136	0.00609	0.00610
22	0.70310	0.02045	0.01554	0.01390	0.02045	0.02372	0.01145	0.03108	0.01799	0.04744	0.01472	0.01718	0.01145	0.00981	0.00654	0.00327	0.00818	0.00573	0.00654	0.01145
23	0.02208	0.01136	0.01495	0.01392	0.01551	0.01105	0.00939	0.02157	0.01763	0.11865	0.02965	0.04942	0.02895	0.29036	0.07662	0.23074	0.01085	0.01225	0.00697	0.00809
24	0.08586	0.02419	0.03956	0.10455	0.47406	0.02486	0.03033	0.03188	0.02329	0.03507	0.01934	0.02553	0.01606	0.00955	0.01013	0.00318	0.01230	0.00909	0.00531	0.01587
25	0.04744	0.01799	0.02454	0.01881	0.02699	0.01554	0.01554	0.05153	0.03026	0.56979	0.04171	0.03599	0.02617	0.01309	0.01063	0.00327	0.00900	0.01063	0.01309	0.01799
26	0.02496	0.02852	0.06239	0.04456	0.05526	0.02674	0.52406	0.03387	0.02496	0.03387	0.02139	0.02852	0.01604	0.00891	0.01248	0.00357	0.01783	0.01248	0.00535	0.01426
27	0.02783	0.03504	0.22029	0.03524	0.04706	0.02400	0.27540	0.03695	0.02507	0.13106	0.02430	0.02788	0.01703	0.01004	0.01136	0.00344	0.01551	0.01064	0.00647	0.01538
28	0.01438	0.01078	0.01332	0.01268	0.01544	0.00973	0.00951	0.01881	0.02854	0.03910	0.44980	0.08440	0.20891	0.02284	0.01248	0.00338	0.00508	0.01988	0.01121	0.00973
29	0.01288	0.00920	0.01227	0.01472	0.01534	0.00859	0.00981	0.01472	0.02024	0.02699	0.05828	0.62152	0.06993	0.03312	0.01350	0.00429	0.00613	0.03006	0.00981	0.00859
30	0.70310	0.02045	0.01554	0.01390	0.02045	0.02372	0.01145	0.03108	0.01799	0.04744	0.01472	0.01718	0.01145	0.00981	0.00654	0.00327	0.00818	0.00573	0.00654	0.01145
31	0.03179	0.02441	0.04529	0.04370	0.20981	0.02301	0.22063	0.03848	0.02619	0.18772	0.02673	0.02991	0.01917	0.01027	0.01130	0.00334	0.01361	0.01097	0.00753	0.01613
32	0.01496	0.01081	0.01413	0.01330	0.01580	0.00998	0.00998	0.01995	0.02993	0.04240	0.55689	0.07898	0.09976	0.02162	0.01247	0.00333	0.00499	0.01912	0.01164	0.00998
33	0.02120	0.02005	0.03394	0.49591	0.17027	0.02382	0.02998	0.02810	0.02173	0.02851	0.01901	0.02779	0.01462	0.01034	0.01055	0.00345	0.01379	0.00940	0.00480	0.01274
34	0.70310	0.02045	0.01554	0.01390	0.02045	0.02372	0.01145	0.03108	0.01799	0.04744	0.01472	0.01718	0.01145	0.00981	0.00654	0.00327	0.00818	0.00573	0.00654	0.01145
35	0.03055	0.08021	0.04045	0.05149	0.40743	0.02478	0.02779	0.03613	0.02505	0.13903	0.02370	0.02725	0.01831	0.01011	0.01016	0.00308	0.01174	0.00931	0.00671	0.01670
36	0.02586	0.45641	0.04854	0.18746	0.04037	0.03652	0.02136	0.03031	0.02138	0.02549	0.01588	0.02021	0.01372	0.00949	0.00788	0.00263	0.01211	0.00674	0.00457	0.01304
37	0.01538	0.01025	0.01153	0.01153	0.01153	0.01025	0.00641	0.01538	0.01538	0.02050	0.03331	0.06919	0.03844	0.62842	0.05382	0.01025	0.01025	0.01538	0.00641	0.00641
38	0.02109	0.02009	0.03366	0.49060	0.06641	0.02408	0.07281	0.03074	0.07703	0.02947	0.02161	0.02942	0.01620	0.01082	0.01076	0.00353	0.01382	0.00995	0.00540	0.01250
39	0.02313	0.02313	0.03238	0.02776	0.02776	0.03238	0.02313	0.02545	0.01619	0.02545	0.01388	0.02313	0.01388	0.01851	0.03470	0.00463	0.60907	0.00925	0.00463	0.01157
40	0.02121	0.05469	0.57364	0.03014	0.04576	0.02455	0.03906	0.03348	0.02232	0.03348	0.01897	0.02232	0.01339	0.01005	0.01005	0.00335	0.01563	0.00781	0.00446	0.01563
41	0.02617	0.02512	0.04292	0.06490	0.56246	0.02512	0.03245	0.03245	0.02407	0.03454	0.01989	0.02617	0.01675	0.00942	0.01047	0.00314	0.01256	0.00942	0.00523	0.01675
42	0.03012	0.03073	0.02566	0.02317	0.02900	0.18836	0.01780	0.05214	0.39470	0.03892	0.03531	0.03355	0.02687	0.01335	0.01040	0.00334	0.01147	0.01046	0.00922	0.01544
43	0.02617	0.02512	0.04292	0.06490	0.56246	0.02512	0.03245	0.03245	0.02407	0.03454	0.01989	0.02617	0.01675	0.00942	0.01047	0.00314	0.01256	0.00942	0.00523	0.01675
44	0.02437	0.02329	0.03967	0.22071	0.42068	0.02465	0.03156	0.03088	0.02323	0.03236	0.01957	0.02675	0.01598	0.00975	0.01050	0.00325	0.01300	0.00941	0.00508	0.01530
45	0.02617	0.02512	0.04292	0.06490	0.56246	0.02512	0.03245	0.03245	0.02407	0.03454	0.01989	0.02617	0.01675	0.00942	0.01047	0.00314	0.01256	0.00942	0.00523	0.01675
46	0.01997	0.01879	0.03171	0.60301	0.07282	0.02349	0.02936	0.02701	0.02114	0.02701	0.01879	0.02819	0.01409	0.01057	0.01057	0.00352	0.01409	0.00940	0.00470	0.01175
47	0.51115	0.02310	0.02023	0.01692	0.02402	0.02635	0.01395	0.17474	0.02718	0.05300	0.01781	0.01955	0.01334	0.01065	0.00771	0.00324	0.00918	0.00682	0.00771	0.01334

[dist]
# distance from previous block
# <min> <max>
0	1

[block]
# block no. 2 follows, 13 sequences, length 9
# corresponding to MSA columns:
# 828-836
name=unknown_C
#
# <colnr> <probs for GDERKNQSTAVLIFYWHMCP>
#	G	D	E	R	K	N	Q	S	T	A	V	L	I	F	Y	W	H	M	C	P
0	0.01510	0.01133	0.01699	0.01699	0.01888	0.01322	0.01322	0.01888	0.01699	0.02454	0.02832	0.04154	0.02643	0.07930	0.58652	0.01699	0.02832	0.01133	0.00566	0.00944
1	0.02239	0.02087	0.03487	0.29169	0.29472	0.02289	0.02845	0.02836	0.02192	0.02986	0.02079	0.03145	0.01782	0.07330	0.01495	0.00403	0.01299	0.01002	0.00512	0.01353
2	0.70310	0.02045	0.01554	0.01390	0.02045	0.02372	0.01145	0.03108	0.01799	0.04744	0.01472	0.01718	0.01145	0.00981	0.00654	0.00327	0.00818	0.00573	0.00654	0.01145
3	0.70310	0.02045	0.01554	0.01390	0.02045	0.02372	0.01145	0.03108	0.01799	0.04744	0.01472	0.01718	0.01145	0.00981	0.00654	0.00327	0.00818	0.00573	0.00654	0.01145
4	0.02629	0.06757	0.09292	0.02109	0.02714	0.05864	0.05591	0.03069	0.02409	0.15931	0.04027	0.27122	0.03990	0.02015	0.01151	0.00361	0.01024	0.01774	0.00889	0.01281
5	0.01250	0.01071	0.01071	0.01071	0.01428	0.00893	0.00803	0.01517	0.02410	0.02856	0.10711	0.10175	0.55817	0.02678	0.01250	0.00357	0.00536	0.02231	0.00982	0.00893
6	0.02965	0.56260	0.05226	0.01922	0.02782	0.10904	0.01838	0.03296	0.02253	0.02500	0.01490	0.01722	0.01357	0.00927	0.00712	0.00232	0.01227	0.00580	0.00464	0.01341
7	0.02869	0.17373	0.03278	0.01899	0.02779	0.07068	0.01610	0.13350	0.02826	0.03814	0.01897	0.02121	0.01547	0.00939	0.00828	0.00216	0.01037	0.00684	0.00667	0.33198
8	0.03474	0.03471	0.03002	0.02577	0.03051	0.25206	0.02043	0.12236	0.07046	0.07662	0.02132	0.02419	0.01690	0.01371	0.01673	0.00343	0.17642	0.00864	0.00712	0.01385

[dist]
# distance from previous block
# <min> <max>
0	1

[block]
# block no. 3 follows, 13 sequences, length 9
# corresponding to MSA columns:
# 838-846
name=unknown_D
#
# <colnr> <probs for GDERKNQSTAVLIFYWHMCP>
#	G	D	E	R	K	N	Q	S	T	A	V	L	I	F	Y	W	H	M	C	P
0	0.02011	0.01662	0.02056	0.10532	0.02891	0.01833	0.01551	0.03504	0.22733	0.04079	0.27693	0.05603	0.06074	0.01714	0.01152	0.00346	0.00767	0.01488	0.01025	0.01286
1	0.02825	0.02829	0.02087	0.01909	0.02275	0.23903	0.01388	0.06662	0.06745	0.03122	0.02710	0.03859	0.02469	0.18029	0.02141	0.00483	0.01268	0.01031	0.13165	0.01098
2	0.04019	0.02962	0.03173	0.02433	0.03279	0.03279	0.02010	0.52721	0.04971	0.06663	0.02538	0.02538	0.01798	0.01269	0.01058	0.00317	0.01163	0.00952	0.01058	0.01798
3	0.01610	0.01285	0.01538	0.01499	0.01788	0.01358	0.01125	0.02333	0.10515	0.02860	0.05741	0.06447	0.20488	0.11748	0.23819	0.00955	0.01528	0.01556	0.00796	0.01010
4	0.02617	0.02512	0.04292	0.06490	0.56246	0.02512	0.03245	0.03245	0.02407	0.03454	0.01989	0.02617	0.01675	0.00942	0.01047	0.00314	0.01256	0.00942	0.00523	0.01675
5	0.01534	0.01039	0.01222	0.01222	0.01245	0.01062	0.00726	0.01582	0.01558	0.02101	0.03269	0.06572	0.03693	0.55950	0.12068	0.01110	0.01252	0.01487	0.00631	0.00679
6	0.02662	0.26481	0.20106	0.02451	0.03519	0.10341	0.06162	0.03311	0.02316	0.02942	0.01719	0.02030	0.01397	0.00942	0.00866	0.00265	0.01365	0.00703	0.00491	0.09934
7	0.03683	0.02958	0.02960	0.02370	0.03096	0.09319	0.01923	0.40542	0.04318	0.05648	0.02474	0.02678	0.01859	0.02121	0.08590	0.00493	0.01467	0.00945	0.00935	0.01621
8	0.03119	0.48663	0.04961	0.01962	0.02852	0.03962	0.01858	0.15297	0.02839	0.03510	0.01732	0.01902	0.01465	0.00994	0.00771	0.00248	0.01139	0.00660	0.00600	0.01465

[dist]
# distance from previous block
# <min> <max>
0	477

# created by:
# /st0/software/busco_prod/Augustus/scripts/msa2prfl.pl ./align_prep/11227.fa
