[name]
unknown

[dist]
# distance from previous block
# <min> <max>
0	0

[block]
# block no. 0 follows, 15 sequences, length 65
# corresponding to MSA columns:
# 0-64
name=unknown_A
#
# <colnr> <probs for GDERKNQSTAVLIFYWHMCP>
#	G	D	E	R	K	N	Q	S	T	A	V	L	I	F	Y	W	H	M	C	P
0	0.01606	0.01147	0.01606	0.01836	0.02065	0.01147	0.01606	0.02065	0.02295	0.02983	0.05278	0.11245	0.05737	0.02754	0.01377	0.00459	0.00918	0.52037	0.00918	0.00918
1	0.01657	0.01549	0.02323	0.07430	0.16899	0.01473	0.05672	0.02074	0.02256	0.02865	0.06700	0.06678	0.34838	0.01853	0.01114	0.00326	0.00835	0.01623	0.00744	0.01091
2	0.03724	0.04751	0.02825	0.02568	0.03082	0.60963	0.01926	0.03981	0.02825	0.02440	0.01541	0.01798	0.01284	0.01027	0.00899	0.00257	0.01798	0.00642	0.00514	0.01156
3	0.03310	0.42770	0.04185	0.01730	0.02554	0.03060	0.01620	0.03654	0.02321	0.22722	0.02295	0.02239	0.01703	0.00989	0.00769	0.00247	0.00988	0.00701	0.00715	0.01428
4	0.02180	0.18872	0.43111	0.02684	0.03979	0.02706	0.07166	0.03120	0.02105	0.02973	0.01714	0.02033	0.01286	0.00917	0.00894	0.00294	0.01395	0.00723	0.00429	0.01419
5	0.72007	0.01928	0.01465	0.01311	0.01928	0.02236	0.01080	0.02930	0.01697	0.04473	0.01388	0.01619	0.01080	0.00925	0.00617	0.00308	0.00771	0.00540	0.00617	0.01080
6	0.02087	0.10387	0.37116	0.02905	0.04119	0.02416	0.15327	0.03016	0.02168	0.03048	0.02438	0.02764	0.05692	0.01033	0.00987	0.00312	0.01407	0.00924	0.00480	0.01375
7	0.02367	0.02504	0.01970	0.01813	0.02199	0.22567	0.01367	0.03068	0.10186	0.03378	0.27369	0.05064	0.08909	0.01616	0.01055	0.00298	0.00990	0.01316	0.00866	0.01098
8	0.01411	0.01019	0.01333	0.01254	0.01489	0.00941	0.00941	0.01881	0.02822	0.03998	0.58221	0.07447	0.09406	0.02038	0.01176	0.00314	0.00470	0.01803	0.01097	0.00941
9	0.02665	0.65565	0.05224	0.01706	0.02559	0.03945	0.01706	0.02985	0.02026	0.02345	0.01386	0.01599	0.01279	0.00853	0.00640	0.00213	0.01066	0.00533	0.00426	0.01279
10	0.01215	0.00868	0.01157	0.01388	0.01446	0.00810	0.00925	0.01388	0.01909	0.02545	0.05495	0.64315	0.06593	0.03123	0.01272	0.00405	0.00578	0.02834	0.00925	0.00810
11	0.01424	0.01068	0.01602	0.01602	0.01780	0.01246	0.01246	0.01780	0.01602	0.02314	0.02670	0.03916	0.02492	0.07477	0.61015	0.01602	0.02670	0.01068	0.00534	0.00890
12	0.01178	0.01010	0.01010	0.01010	0.01347	0.00842	0.00757	0.01431	0.02272	0.02693	0.10099	0.09594	0.58342	0.02525	0.01178	0.00337	0.00505	0.02104	0.00926	0.00842
13	0.02067	0.01772	0.02067	0.01477	0.02362	0.01329	0.01181	0.02510	0.02067	0.03248	0.01772	0.02067	0.01477	0.00738	0.00738	0.00148	0.00738	0.00591	0.00591	0.71059
14	0.01883	0.01772	0.02990	0.62569	0.06866	0.02215	0.02769	0.02547	0.01993	0.02547	0.01772	0.02658	0.01329	0.00997	0.00997	0.00332	0.01329	0.00886	0.00443	0.01107
15	0.02467	0.02369	0.04046	0.06119	0.58747	0.02369	0.03059	0.03059	0.02270	0.03257	0.01875	0.02467	0.01579	0.00888	0.00987	0.00296	0.01184	0.00888	0.00493	0.01579
16	0.01858	0.00929	0.00929	0.00929	0.01161	0.00929	0.00697	0.02323	0.02091	0.03717	0.03252	0.03717	0.02555	0.01161	0.00697	0.00232	0.00465	0.00929	0.70499	0.00929
17	0.04049	0.02377	0.02734	0.02096	0.02884	0.02475	0.01732	0.36243	0.03992	0.26445	0.02977	0.02773	0.01988	0.01211	0.00999	0.00303	0.01003	0.00937	0.01087	0.01696
18	0.01732	0.00866	0.01299	0.01299	0.01299	0.00866	0.00866	0.01299	0.01299	0.01732	0.01732	0.03030	0.01732	0.03463	0.03896	0.70996	0.00866	0.00866	0.00433	0.00433
19	0.02583	0.02193	0.02312	0.02050	0.02632	0.02528	0.01603	0.09252	0.52823	0.04337	0.03926	0.03615	0.02937	0.01340	0.01013	0.00335	0.00813	0.01109	0.01013	0.01587
20	0.03606	0.04554	0.02843	0.02572	0.03046	0.56531	0.01946	0.03860	0.02726	0.02437	0.01523	0.01827	0.01286	0.01082	0.01080	0.00271	0.06493	0.00660	0.00508	0.01151
21	0.02250	0.02181	0.03814	0.26115	0.36006	0.02326	0.07064	0.02887	0.02178	0.02999	0.01849	0.02553	0.01485	0.00923	0.01005	0.00312	0.01275	0.00910	0.00476	0.01392
22	0.01215	0.00868	0.01157	0.01388	0.01446	0.00810	0.00925	0.01388	0.01909	0.02545	0.05495	0.64315	0.06593	0.03123	0.01272	0.00405	0.00578	0.02834	0.00925	0.00810
23	0.01178	0.01010	0.01010	0.01010	0.01347	0.00842	0.00757	0.01431	0.02272	0.02693	0.10099	0.09594	0.58342	0.02525	0.01178	0.00337	0.00505	0.02104	0.00926	0.00842
24	0.02419	0.02524	0.09547	0.02132	0.02811	0.02459	0.01845	0.05026	0.49996	0.04042	0.03770	0.03515	0.02817	0.01301	0.01006	0.00335	0.00876	0.01078	0.00939	0.01565
25	0.04208	0.01619	0.02173	0.01688	0.02405	0.01411	0.01387	0.04601	0.02776	0.53786	0.03864	0.03426	0.02477	0.01227	0.00972	0.00301	0.00809	0.00995	0.08259	0.01619
26	0.02468	0.02354	0.03928	0.05848	0.55026	0.02376	0.02961	0.03208	0.05893	0.03317	0.02020	0.02550	0.01676	0.00919	0.00989	0.00299	0.01158	0.00904	0.00528	0.01579
27	0.02665	0.65565	0.05224	0.01706	0.02559	0.03945	0.01706	0.02985	0.02026	0.02345	0.01386	0.01599	0.01279	0.00853	0.00640	0.00213	0.01066	0.00533	0.00426	0.01279
28	0.02218	0.02205	0.03181	0.03068	0.09844	0.02965	0.02294	0.02484	0.01622	0.02510	0.01382	0.02218	0.01343	0.01635	0.02977	0.00418	0.55164	0.00874	0.00444	0.01153
29	0.18222	0.01744	0.02141	0.01679	0.02419	0.01622	0.01387	0.04466	0.02618	0.48247	0.03415	0.03032	0.02185	0.01171	0.00924	0.00308	0.00833	0.00908	0.01108	0.01571
30	0.03859	0.02681	0.02923	0.02241	0.03036	0.02927	0.01851	0.50294	0.04501	0.11674	0.02550	0.02495	0.01774	0.01200	0.00998	0.00300	0.01072	0.00908	0.01021	0.01695
31	0.01387	0.01018	0.01300	0.01229	0.01475	0.00931	0.00922	0.01836	0.02766	0.03865	0.53340	0.07664	0.14370	0.02087	0.01176	0.00316	0.00474	0.01833	0.01080	0.00931
32	0.02353	0.02689	0.05882	0.04202	0.05210	0.02521	0.55126	0.03193	0.02353	0.03193	0.02017	0.02689	0.01513	0.00840	0.01176	0.00336	0.01681	0.01176	0.00504	0.01345
33	0.01211	0.00975	0.01080	0.01131	0.01386	0.00844	0.00819	0.01466	0.02236	0.02788	0.13813	0.23245	0.40263	0.02627	0.01202	0.00352	0.00520	0.02258	0.00943	0.00844
34	0.03724	0.04751	0.02825	0.02568	0.03082	0.60963	0.01926	0.03981	0.02825	0.02440	0.01541	0.01798	0.01284	0.01027	0.00899	0.00257	0.01798	0.00642	0.00514	0.01156
35	0.01261	0.01013	0.01125	0.01097	0.01397	0.00877	0.00823	0.01591	0.02468	0.03157	0.27215	0.08830	0.40936	0.02352	0.01177	0.00328	0.00493	0.01997	0.00987	0.00877
36	0.72007	0.01928	0.01465	0.01311	0.01928	0.02236	0.01080	0.02930	0.01697	0.04473	0.01388	0.01619	0.01080	0.00925	0.00617	0.00308	0.00771	0.00540	0.00617	0.01080
37	0.02181	0.02181	0.03053	0.02617	0.02617	0.03053	0.02181	0.02399	0.01527	0.02399	0.01309	0.02181	0.01309	0.01745	0.03272	0.00436	0.63141	0.00872	0.00436	0.01091
38	0.01215	0.00868	0.01157	0.01388	0.01446	0.00810	0.00925	0.01388	0.01909	0.02545	0.05495	0.64315	0.06593	0.03123	0.01272	0.00405	0.00578	0.02834	0.00925	0.00810
39	0.09843	0.50796	0.04515	0.01784	0.02566	0.11567	0.01672	0.03116	0.02102	0.02574	0.01407	0.01628	0.01260	0.00884	0.00673	0.00229	0.01136	0.00549	0.00458	0.01242
40	0.07724	0.03023	0.22246	0.02383	0.03424	0.01927	0.08965	0.03699	0.02377	0.23710	0.02568	0.02610	0.01741	0.01015	0.00953	0.00298	0.01150	0.00861	0.00757	0.08569
41	0.03195	0.10426	0.14741	0.02445	0.03251	0.27354	0.02235	0.14453	0.06518	0.03486	0.01917	0.02089	0.01479	0.01050	0.00910	0.00279	0.01446	0.00735	0.00619	0.01373
42	0.72007	0.01928	0.01465	0.01311	0.01928	0.02236	0.01080	0.02930	0.01697	0.04473	0.01388	0.01619	0.01080	0.00925	0.00617	0.00308	0.00771	0.00540	0.00617	0.01080
43	0.01519	0.01133	0.01426	0.01333	0.01601	0.01097	0.01005	0.02228	0.08311	0.04015	0.52727	0.07069	0.08761	0.01968	0.01159	0.00316	0.00503	0.01734	0.01089	0.01005
44	0.01427	0.01055	0.01538	0.01538	0.01693	0.01211	0.01166	0.01739	0.01583	0.02266	0.02729	0.04244	0.02634	0.14692	0.53994	0.01522	0.02456	0.01116	0.00543	0.00854
45	0.03622	0.07829	0.02937	0.02380	0.02986	0.39091	0.01856	0.13659	0.07013	0.06446	0.02004	0.02123	0.01553	0.01083	0.00915	0.00271	0.01496	0.00738	0.00674	0.01325
46	0.59791	0.02325	0.01718	0.01521	0.02135	0.09563	0.01229	0.05948	0.02001	0.04320	0.01462	0.01684	0.01139	0.00953	0.00673	0.00302	0.00916	0.00572	0.00625	0.01123
47	0.02866	0.06704	0.04233	0.07023	0.07497	0.11870	0.22598	0.14032	0.06578	0.03683	0.02096	0.02478	0.01597	0.00991	0.01030	0.00306	0.01430	0.00958	0.00632	0.01398
48	0.01439	0.01008	0.01298	0.01298	0.01371	0.01081	0.00867	0.01585	0.01512	0.02089	0.02948	0.05457	0.03161	0.41452	0.27955	0.01226	0.01663	0.01294	0.00575	0.00721
49	0.03046	0.02423	0.02573	0.02143	0.02808	0.02744	0.01715	0.26976	0.34344	0.05084	0.03338	0.03146	0.02460	0.01285	0.01007	0.00321	0.00922	0.01028	0.01007	0.01629
50	0.02480	0.02141	0.02254	0.02029	0.02592	0.02480	0.01578	0.05297	0.56946	0.04170	0.04057	0.03719	0.03043	0.01352	0.01014	0.00338	0.00789	0.01127	0.01014	0.01578
51	0.01393	0.00975	0.01176	0.01189	0.01278	0.00953	0.00766	0.01551	0.01849	0.02503	0.15025	0.13906	0.08663	0.36530	0.07372	0.00767	0.00904	0.01710	0.00760	0.00733
52	0.04473	0.01697	0.02313	0.01774	0.02545	0.01465	0.01465	0.04858	0.02853	0.59437	0.03933	0.03393	0.02468	0.01234	0.01003	0.00308	0.00848	0.01003	0.01234	0.01697
53	0.01231	0.00923	0.01121	0.01254	0.01396	0.00837	0.00857	0.01432	0.02030	0.02625	0.09558	0.41867	0.21057	0.07112	0.01500	0.00419	0.00578	0.02478	0.00913	0.00812
54	0.03630	0.02070	0.02519	0.02006	0.02628	0.02206	0.01648	0.19371	0.07305	0.27931	0.03082	0.02978	0.02130	0.01297	0.01292	0.00320	0.09409	0.00958	0.05668	0.01553
55	0.66625	0.01996	0.01586	0.01389	0.02020	0.02304	0.01144	0.07072	0.01932	0.04616	0.01467	0.01680	0.01128	0.00947	0.00647	0.00308	0.00797	0.00568	0.00647	0.01128
56	0.02422	0.02333	0.02634	0.02490	0.06908	0.15841	0.08235	0.02934	0.05184	0.06518	0.02671	0.08023	0.02432	0.07023	0.19004	0.00731	0.01727	0.01127	0.00632	0.01132
57	0.01398	0.01009	0.01321	0.01263	0.01486	0.00932	0.00940	0.01848	0.02761	0.03901	0.54696	0.11248	0.09218	0.02111	0.01182	0.00320	0.00478	0.01872	0.01086	0.00932
58	0.01883	0.01772	0.02990	0.62569	0.06866	0.02215	0.02769	0.02547	0.01993	0.02547	0.01772	0.02658	0.01329	0.00997	0.00997	0.00332	0.01329	0.00886	0.00443	0.01107
59	0.08916	0.02642	0.02750	0.02447	0.07224	0.15743	0.05336	0.10605	0.02867	0.23382	0.02646	0.02655	0.01856	0.01099	0.00940	0.00291	0.01156	0.00868	0.05133	0.01442
60	0.01999	0.01720	0.02759	0.07835	0.26979	0.01750	0.02316	0.02529	0.02264	0.03072	0.03563	0.06852	0.03633	0.01825	0.01182	0.00380	0.01062	0.26362	0.00701	0.01218
61	0.66935	0.01863	0.01456	0.01307	0.01896	0.02143	0.01070	0.02855	0.01777	0.04439	0.05472	0.02038	0.01678	0.01005	0.00657	0.00309	0.00750	0.00631	0.00651	0.01070
62	0.02283	0.12403	0.42087	0.06940	0.04131	0.05953	0.03158	0.06285	0.02284	0.03157	0.01759	0.02080	0.01297	0.00958	0.00912	0.00300	0.01407	0.00726	0.00463	0.01417
63	0.37703	0.02063	0.02050	0.01665	0.02366	0.02221	0.01373	0.15544	0.02704	0.20029	0.02320	0.02286	0.01604	0.01073	0.00811	0.00306	0.00867	0.00750	0.00874	0.01391
64	0.02652	0.61008	0.05011	0.01729	0.02561	0.03839	0.01697	0.03151	0.05972	0.02477	0.01578	0.01751	0.01406	0.00889	0.00667	0.00222	0.01046	0.00576	0.00469	0.01301

[dist]
# distance from previous block
# <min> <max>
0	4

[block]
# block no. 1 follows, 15 sequences, length 10
# corresponding to MSA columns:
# 69-78
name=unknown_B
#
# <colnr> <probs for GDERKNQSTAVLIFYWHMCP>
#	G	D	E	R	K	N	Q	S	T	A	V	L	I	F	Y	W	H	M	C	P
0	0.01742	0.01511	0.01661	0.01607	0.01840	0.04788	0.01207	0.07106	0.02294	0.02937	0.05746	0.29307	0.20577	0.02436	0.01479	0.00370	0.09568	0.02018	0.00840	0.00968
1	0.01309	0.00935	0.01265	0.01496	0.01595	0.00891	0.01090	0.01551	0.02002	0.02651	0.05442	0.51524	0.06387	0.03034	0.01298	0.00418	0.00660	0.14693	0.00924	0.00836
2	0.01732	0.00866	0.01299	0.01299	0.01299	0.00866	0.00866	0.01299	0.01299	0.01732	0.01732	0.03030	0.01732	0.03463	0.03896	0.70996	0.00866	0.00866	0.00433	0.00433
3	0.02323	0.02319	0.04102	0.15122	0.19642	0.02414	0.20213	0.03466	0.13411	0.03290	0.02349	0.02833	0.01809	0.00987	0.01058	0.00325	0.01297	0.01034	0.00594	0.01412
4	0.02751	0.02342	0.03721	0.08633	0.44281	0.02392	0.02774	0.10146	0.02617	0.07592	0.02084	0.02534	0.01643	0.00960	0.00990	0.00300	0.01157	0.00897	0.00610	0.01575
5	0.02387	0.02159	0.03494	0.05115	0.46789	0.02185	0.02631	0.03131	0.06405	0.03388	0.02225	0.02729	0.01821	0.00960	0.00950	0.00291	0.01058	0.00912	0.09877	0.01492
6	0.11959	0.02331	0.03963	0.07365	0.23303	0.02340	0.18256	0.06256	0.02401	0.09165	0.02083	0.02520	0.01574	0.00937	0.00997	0.00313	0.01248	0.00941	0.00614	0.01434
7	0.17494	0.02060	0.07787	0.01738	0.02460	0.01743	0.01553	0.07613	0.02675	0.29216	0.12193	0.03506	0.03169	0.01274	0.00947	0.00309	0.00850	0.01007	0.00985	0.01421
8	0.06384	0.03713	0.30418	0.10793	0.08264	0.06439	0.02859	0.03458	0.07683	0.07504	0.02144	0.02417	0.01557	0.01016	0.00945	0.00313	0.01299	0.00810	0.00569	0.01415
9	0.02457	0.01841	0.01878	0.01641	0.02127	0.05855	0.01278	0.14929	0.07063	0.10083	0.08773	0.12215	0.21960	0.01913	0.01094	0.00325	0.00802	0.01584	0.00964	0.01218

[dist]
# distance from previous block
# <min> <max>
0	13

# created by:
# /st0/software/busco_prod/Augustus/scripts/msa2prfl.pl ./align_prep/11221.fa
