[name]
unknown

[dist]
# distance from previous block
# <min> <max>
0	149

[block]
# block no. 0 follows, 14 sequences, length 30
# corresponding to MSA columns:
# 158-187
name=unknown_A
#
# <colnr> <probs for GDERKNQSTAVLIFYWHMCP>
#	G	D	E	R	K	N	Q	S	T	A	V	L	I	F	Y	W	H	M	C	P
0	0.01836	0.01134	0.01495	0.01356	0.01665	0.01034	0.01034	0.02309	0.02909	0.10696	0.50555	0.07158	0.08815	0.01997	0.01189	0.00322	0.00531	0.01756	0.01147	0.01063
1	0.01250	0.00893	0.01191	0.01429	0.01488	0.00834	0.00953	0.01429	0.01965	0.02620	0.05656	0.63265	0.06787	0.03215	0.01310	0.00417	0.00595	0.02917	0.00953	0.00834
2	0.01505	0.00983	0.01222	0.01250	0.01440	0.00928	0.00904	0.01902	0.02462	0.03627	0.29839	0.22350	0.07194	0.02197	0.01121	0.00329	0.00514	0.01940	0.17364	0.00928
3	0.01452	0.01049	0.01372	0.01291	0.01533	0.00968	0.00968	0.01937	0.02905	0.04115	0.56992	0.07666	0.09683	0.02098	0.01210	0.00323	0.00484	0.01856	0.01130	0.00968
4	0.03126	0.13646	0.03354	0.19003	0.04178	0.34689	0.02190	0.03519	0.02535	0.02527	0.01627	0.02066	0.01334	0.01020	0.00911	0.00279	0.01594	0.00713	0.00494	0.01196
5	0.02510	0.13432	0.31735	0.02392	0.03480	0.02310	0.02749	0.03319	0.02310	0.11951	0.02724	0.03849	0.02262	0.01314	0.01007	0.00331	0.01252	0.08990	0.00653	0.01428
6	0.02909	0.20689	0.18326	0.02263	0.03242	0.03056	0.02313	0.22507	0.03212	0.04306	0.05980	0.02535	0.02085	0.01128	0.00923	0.00289	0.01176	0.00843	0.00712	0.01508
7	0.01275	0.00912	0.01213	0.01412	0.01494	0.00850	0.00955	0.01491	0.02079	0.02801	0.11897	0.56506	0.07139	0.03079	0.01298	0.00405	0.00582	0.02788	0.00974	0.00850
8	0.10165	0.02638	0.07086	0.03938	0.27507	0.06882	0.02394	0.03609	0.07191	0.10169	0.02295	0.02565	0.01762	0.01009	0.00950	0.00298	0.01131	0.00857	0.00667	0.06887
9	0.01654	0.01181	0.01654	0.01890	0.02126	0.01181	0.01654	0.02126	0.02362	0.03071	0.05433	0.11576	0.05906	0.02835	0.01417	0.00472	0.00945	0.50626	0.00945	0.00945
10	0.52312	0.02161	0.01865	0.01602	0.02263	0.02480	0.01310	0.12040	0.08037	0.04891	0.01900	0.02035	0.01436	0.01047	0.00746	0.00319	0.00853	0.00683	0.00746	0.01275
11	0.03311	0.02048	0.02818	0.03123	0.18300	0.02025	0.01968	0.08205	0.11559	0.24404	0.03909	0.03769	0.07249	0.01305	0.01045	0.00321	0.00951	0.01113	0.00966	0.01612
12	0.71184	0.01985	0.01508	0.01350	0.01985	0.02302	0.01111	0.03017	0.01746	0.04604	0.01429	0.01667	0.01111	0.00953	0.00635	0.00318	0.00794	0.00556	0.00635	0.01111
13	0.02540	0.02438	0.04165	0.06299	0.57533	0.02438	0.03149	0.03149	0.02337	0.03353	0.01930	0.02540	0.01626	0.00914	0.01016	0.00305	0.01219	0.00914	0.00508	0.01626
14	0.01433	0.01131	0.01305	0.01281	0.01573	0.01055	0.00952	0.02011	0.07343	0.03421	0.27639	0.14947	0.27401	0.02367	0.01208	0.00346	0.00541	0.02044	0.01031	0.00971
15	0.34662	0.01854	0.01987	0.01611	0.02333	0.01867	0.01329	0.04105	0.02400	0.34028	0.02866	0.02669	0.01895	0.01127	0.00853	0.00318	0.00837	0.00817	0.00983	0.01460
16	0.04604	0.01746	0.02382	0.01826	0.02620	0.01508	0.01508	0.05001	0.02937	0.58244	0.04049	0.03493	0.02540	0.01270	0.01032	0.00318	0.00873	0.01032	0.01270	0.01746
17	0.02422	0.02768	0.06055	0.04325	0.05363	0.02595	0.53806	0.03287	0.02422	0.03287	0.02076	0.02768	0.01557	0.00865	0.01211	0.00346	0.01730	0.01211	0.00519	0.01384
18	0.02450	0.01114	0.01241	0.01130	0.01480	0.01067	0.00875	0.02912	0.02309	0.14683	0.03488	0.03759	0.02612	0.01210	0.00780	0.00255	0.00557	0.00972	0.55993	0.01114
19	0.17755	0.02006	0.02338	0.01831	0.02599	0.01981	0.01512	0.13831	0.03054	0.37816	0.03228	0.02935	0.02106	0.01200	0.00952	0.00316	0.00905	0.00917	0.01098	0.01620
20	0.02245	0.02245	0.03143	0.02694	0.02694	0.03143	0.02245	0.02470	0.01572	0.02470	0.01347	0.02245	0.01347	0.01796	0.03368	0.00449	0.62057	0.00898	0.00449	0.01123
21	0.04604	0.01746	0.02382	0.01826	0.02620	0.01508	0.01508	0.05001	0.02937	0.58244	0.04049	0.03493	0.02540	0.01270	0.01032	0.00318	0.00873	0.01032	0.01270	0.01746
22	0.04385	0.01795	0.02375	0.01854	0.02625	0.01620	0.01521	0.05049	0.08572	0.52480	0.04062	0.03529	0.02604	0.01283	0.01033	0.00321	0.00867	0.01046	0.01246	0.01733
23	0.01402	0.01010	0.01326	0.01326	0.01522	0.00935	0.00964	0.01809	0.02669	0.03741	0.44138	0.21587	0.08958	0.02378	0.01235	0.00346	0.00512	0.02122	0.01085	0.00935
24	0.64070	0.01959	0.01602	0.01400	0.02052	0.02217	0.01154	0.03229	0.01874	0.10335	0.01709	0.01862	0.01264	0.00987	0.00677	0.00318	0.00802	0.00607	0.00703	0.01179
25	0.02757	0.01312	0.01763	0.01551	0.01989	0.01169	0.01196	0.03135	0.02705	0.26970	0.22655	0.18496	0.05965	0.01997	0.01157	0.00342	0.00676	0.01744	0.01150	0.01271
26	0.01888	0.01197	0.01563	0.01487	0.01760	0.01185	0.01107	0.02427	0.06261	0.09982	0.24259	0.15323	0.06114	0.08134	0.11932	0.00629	0.01017	0.01716	0.00967	0.01051
27	0.02271	0.02787	0.15575	0.03263	0.08659	0.02129	0.19427	0.06765	0.02361	0.03259	0.02403	0.03724	0.02089	0.01606	0.01615	0.11857	0.01358	0.07020	0.00579	0.01254
28	0.03144	0.02448	0.05936	0.13177	0.03760	0.07326	0.05756	0.14428	0.02971	0.17279	0.03021	0.10824	0.02468	0.01411	0.01067	0.00331	0.01169	0.01202	0.00857	0.01423
29	0.01835	0.01395	0.01805	0.01752	0.01975	0.01545	0.01355	0.02451	0.08649	0.06113	0.11627	0.22487	0.08768	0.02751	0.05857	0.00486	0.10938	0.06256	0.00892	0.01064

[dist]
# distance from previous block
# <min> <max>
0	8

[block]
# block no. 1 follows, 14 sequences, length 67
# corresponding to MSA columns:
# 196-262
name=unknown_B
#
# <colnr> <probs for GDERKNQSTAVLIFYWHMCP>
#	G	D	E	R	K	N	Q	S	T	A	V	L	I	F	Y	W	H	M	C	P
0	0.02593	0.07208	0.02635	0.05160	0.02787	0.05000	0.04332	0.09557	0.02580	0.09465	0.03001	0.10877	0.02806	0.05865	0.01304	0.00343	0.01007	0.05469	0.00777	0.17234
1	0.03067	0.03084	0.07832	0.17758	0.04241	0.12478	0.02314	0.22282	0.09270	0.04268	0.02286	0.02557	0.01692	0.01144	0.01007	0.00315	0.01313	0.00888	0.00744	0.01460
2	0.02495	0.02423	0.06889	0.02451	0.02959	0.07200	0.10550	0.07161	0.02481	0.07022	0.08604	0.07727	0.02975	0.01508	0.01581	0.00346	0.14848	0.01196	0.08347	0.01236
3	0.02374	0.02537	0.07053	0.14546	0.03920	0.08266	0.07808	0.06086	0.08340	0.03460	0.08234	0.03118	0.02549	0.01120	0.00996	0.00288	0.01165	0.00973	0.00675	0.16494
4	0.07680	0.01737	0.02305	0.02287	0.08542	0.01707	0.01655	0.03420	0.05533	0.20117	0.09158	0.04880	0.03527	0.01551	0.01212	0.00335	0.04890	0.09535	0.00928	0.09002
5	0.03109	0.01908	0.02069	0.01807	0.02276	0.08032	0.01386	0.10012	0.02772	0.22072	0.06874	0.17856	0.03670	0.02016	0.01427	0.08069	0.00929	0.01466	0.00977	0.01272
6	0.01296	0.00949	0.01199	0.01380	0.01498	0.00880	0.00958	0.01499	0.02025	0.02636	0.06240	0.45885	0.14806	0.07607	0.01595	0.00453	0.00642	0.06692	0.00927	0.00833
7	0.14372	0.06474	0.03511	0.16661	0.17386	0.06543	0.08030	0.03150	0.02196	0.06246	0.01864	0.02388	0.01465	0.01016	0.01074	0.00320	0.04572	0.00849	0.00555	0.01329
8	0.02770	0.02047	0.03401	0.19802	0.04484	0.02199	0.13453	0.03620	0.08331	0.16684	0.02710	0.03088	0.01962	0.01517	0.04481	0.00417	0.05862	0.01045	0.00742	0.01385
9	0.01783	0.00891	0.01337	0.01337	0.01337	0.00891	0.00891	0.01337	0.01337	0.01783	0.01783	0.03119	0.01783	0.03565	0.04011	0.70143	0.00891	0.00891	0.00446	0.00446
10	0.02143	0.04576	0.48165	0.02635	0.03969	0.02151	0.03291	0.03174	0.02240	0.07080	0.02960	0.03128	0.07671	0.01179	0.01006	0.00327	0.01359	0.00936	0.00551	0.01460
11	0.02734	0.09169	0.09073	0.13917	0.03620	0.02253	0.02101	0.12507	0.02767	0.11465	0.02941	0.04161	0.02447	0.01390	0.01019	0.00330	0.01096	0.09096	0.06561	0.01353
12	0.06950	0.13609	0.21922	0.06025	0.03214	0.02377	0.02324	0.02775	0.01984	0.03022	0.02018	0.02575	0.01653	0.02157	0.10787	0.00526	0.05986	0.00807	0.08051	0.01239
13	0.71184	0.01985	0.01508	0.01350	0.01985	0.02302	0.01111	0.03017	0.01746	0.04604	0.01429	0.01667	0.01111	0.00953	0.00635	0.00318	0.00794	0.00556	0.00635	0.01111
14	0.02382	0.03050	0.11878	0.04170	0.05261	0.02572	0.48266	0.03283	0.02394	0.03283	0.02050	0.02702	0.01529	0.00877	0.01185	0.00344	0.01706	0.01161	0.00510	0.01399
15	0.02862	0.02123	0.03229	0.04041	0.30800	0.01948	0.02272	0.03385	0.02406	0.14933	0.02348	0.02628	0.01790	0.00947	0.00949	0.00265	0.01020	0.00855	0.00696	0.20503
16	0.02541	0.02412	0.03961	0.05832	0.51456	0.02451	0.02981	0.03405	0.08246	0.03457	0.02179	0.02683	0.01792	0.00967	0.01019	0.00310	0.01174	0.00942	0.00567	0.01625
17	0.01334	0.01044	0.01207	0.01166	0.01460	0.00918	0.00875	0.01707	0.02625	0.03450	0.33903	0.08761	0.33187	0.02346	0.01212	0.00335	0.00502	0.02009	0.01042	0.00918
18	0.02958	0.01378	0.01669	0.01425	0.01908	0.01306	0.01128	0.03609	0.07033	0.24984	0.09631	0.04122	0.03419	0.01341	0.00921	0.00288	0.00660	0.01102	0.29797	0.01320
19	0.01250	0.00893	0.01191	0.01429	0.01488	0.00834	0.00953	0.01429	0.01965	0.02620	0.05656	0.63265	0.06787	0.03215	0.01310	0.00417	0.00595	0.02917	0.00953	0.00834
20	0.14288	0.02222	0.03255	0.21845	0.26480	0.02450	0.02573	0.08703	0.02429	0.03695	0.01872	0.02441	0.01472	0.00991	0.00955	0.00319	0.01181	0.00853	0.00572	0.01403
21	0.10893	0.01320	0.01536	0.01355	0.01794	0.01241	0.01061	0.02722	0.02616	0.16446	0.25838	0.06132	0.15408	0.01802	0.01068	0.00320	0.00619	0.01506	0.05177	0.01147
22	0.06867	0.10065	0.03440	0.06443	0.12557	0.02573	0.05861	0.17414	0.03026	0.13238	0.02610	0.06836	0.02089	0.01225	0.00992	0.00311	0.01101	0.01035	0.00806	0.01509
23	0.07511	0.22368	0.03666	0.02169	0.02939	0.14532	0.01847	0.25412	0.03415	0.04321	0.01908	0.02042	0.01492	0.01071	0.00869	0.00273	0.01241	0.00734	0.00723	0.01466
24	0.02532	0.07029	0.11646	0.01998	0.02680	0.02109	0.01826	0.09161	0.15761	0.10345	0.09580	0.13830	0.03834	0.01645	0.01065	0.00336	0.00918	0.01387	0.00917	0.01402
25	0.02745	0.10714	0.09379	0.12342	0.03704	0.02362	0.04898	0.06395	0.11554	0.13113	0.02827	0.06093	0.02200	0.01209	0.00982	0.00309	0.01088	0.01015	0.00768	0.06303
26	0.02348	0.03610	0.31883	0.02928	0.08427	0.02040	0.06504	0.03226	0.02380	0.10191	0.07176	0.03928	0.02724	0.01302	0.01072	0.00340	0.01274	0.06544	0.00667	0.01435
27	0.01416	0.01012	0.01381	0.01619	0.01751	0.00977	0.01241	0.01716	0.02128	0.02805	0.05565	0.41998	0.06425	0.03059	0.01354	0.00440	0.00739	0.22547	0.00949	0.00879
28	0.02875	0.15144	0.13708	0.12488	0.07567	0.07225	0.02331	0.03446	0.02365	0.15229	0.02488	0.06481	0.01980	0.01181	0.00954	0.00305	0.01210	0.00949	0.00674	0.01400
29	0.02832	0.10658	0.29686	0.02757	0.03940	0.02390	0.11472	0.03673	0.02393	0.16880	0.02385	0.02541	0.01655	0.01019	0.00994	0.00315	0.01345	0.00880	0.00657	0.01529
30	0.01250	0.00893	0.01191	0.01429	0.01488	0.00834	0.00953	0.01429	0.01965	0.02620	0.05656	0.63265	0.06787	0.03215	0.01310	0.00417	0.00595	0.02917	0.00953	0.00834
31	0.07142	0.02537	0.14971	0.13160	0.03908	0.01911	0.07989	0.03291	0.02386	0.16930	0.07540	0.08246	0.02833	0.01330	0.01051	0.00336	0.01138	0.01169	0.00773	0.01358
32	0.13776	0.02138	0.07303	0.02149	0.06305	0.01760	0.01760	0.04442	0.02660	0.42131	0.03341	0.03053	0.02167	0.01175	0.00969	0.00317	0.00941	0.00932	0.01056	0.01627
33	0.02820	0.03019	0.15253	0.04149	0.25337	0.02426	0.07286	0.09304	0.06634	0.10058	0.02396	0.02679	0.01782	0.01035	0.01030	0.00318	0.01246	0.00941	0.00679	0.01609
34	0.04301	0.01658	0.02221	0.01728	0.02459	0.01446	0.01419	0.04707	0.02849	0.52118	0.03970	0.03530	0.02550	0.01262	0.00997	0.00309	0.00829	0.01023	0.08966	0.01658
35	0.03096	0.02107	0.03331	0.16409	0.15080	0.02150	0.07956	0.09264	0.02771	0.19782	0.05589	0.03159	0.02280	0.01139	0.01056	0.00323	0.01157	0.01033	0.00815	0.01504
36	0.06981	0.02292	0.05893	0.11492	0.03512	0.02274	0.01991	0.18705	0.07609	0.17124	0.03118	0.03827	0.02395	0.01372	0.01049	0.00339	0.01064	0.06532	0.00929	0.01501
37	0.06352	0.01856	0.02848	0.06065	0.12319	0.01836	0.08286	0.07475	0.02534	0.14943	0.03513	0.20753	0.03310	0.01702	0.01112	0.00349	0.01003	0.01552	0.00851	0.01342
38	0.30637	0.06639	0.02382	0.22153	0.03796	0.05566	0.01790	0.02771	0.01968	0.03419	0.02042	0.08867	0.01856	0.01229	0.00863	0.00327	0.01053	0.00945	0.00588	0.01110
39	0.01289	0.00950	0.01217	0.01416	0.01543	0.00878	0.01002	0.01514	0.02071	0.02695	0.06420	0.48618	0.15060	0.03070	0.01306	0.00411	0.00622	0.08115	0.00952	0.00851
40	0.02590	0.02064	0.02196	0.01691	0.02482	0.06582	0.01339	0.03229	0.06848	0.10528	0.05923	0.02788	0.02308	0.00993	0.00863	0.00211	0.00856	0.00796	0.00758	0.44955
41	0.02375	0.02022	0.02303	0.02057	0.02507	0.02377	0.01621	0.07176	0.35602	0.03970	0.08209	0.03921	0.03350	0.02203	0.07957	0.00502	0.08319	0.01170	0.00924	0.01434
42	0.01481	0.01040	0.01350	0.01350	0.01430	0.01120	0.00910	0.01641	0.01561	0.02161	0.03022	0.05547	0.03223	0.39441	0.29023	0.01280	0.01759	0.01321	0.00590	0.00750
43	0.01456	0.01467	0.06301	0.01423	0.01803	0.01136	0.01189	0.02027	0.05945	0.03304	0.22855	0.17800	0.24802	0.02333	0.01198	0.00350	0.00629	0.02016	0.00968	0.00999
44	0.01452	0.01049	0.01372	0.01291	0.01533	0.00968	0.00968	0.01937	0.02905	0.04115	0.56992	0.07666	0.09683	0.02098	0.01210	0.00323	0.00484	0.01856	0.01130	0.00968
45	0.02090	0.03259	0.23896	0.06419	0.04034	0.02313	0.15307	0.02869	0.02106	0.03081	0.02263	0.07840	0.01955	0.01299	0.01442	0.00353	0.11411	0.01106	0.05662	0.01295
46	0.02744	0.64552	0.05378	0.01756	0.02634	0.04061	0.01756	0.03073	0.02085	0.02414	0.01427	0.01646	0.01317	0.00878	0.00658	0.00219	0.01097	0.00549	0.00439	0.01317
47	0.04604	0.01746	0.02382	0.01826	0.02620	0.01508	0.01508	0.05001	0.02937	0.58244	0.04049	0.03493	0.02540	0.01270	0.01032	0.00318	0.00873	0.01032	0.01270	0.01746
48	0.71184	0.01985	0.01508	0.01350	0.01985	0.02302	0.01111	0.03017	0.01746	0.04604	0.01429	0.01667	0.01111	0.00953	0.00635	0.00318	0.00794	0.00556	0.00635	0.01111
49	0.01938	0.01824	0.03078	0.61468	0.07068	0.02280	0.02850	0.02622	0.02052	0.02622	0.01824	0.02736	0.01368	0.01026	0.01026	0.00342	0.01368	0.00912	0.00456	0.01140
50	0.02553	0.02204	0.02320	0.02088	0.02669	0.02553	0.01624	0.05453	0.55679	0.04293	0.04177	0.03829	0.03133	0.01392	0.01044	0.00348	0.00812	0.01160	0.01044	0.01624
51	0.02278	0.03771	0.26814	0.03772	0.04999	0.02511	0.34054	0.03272	0.02321	0.03272	0.01984	0.02531	0.01456	0.00908	0.01118	0.00338	0.01646	0.01032	0.00485	0.01436
52	0.01368	0.01046	0.01255	0.01203	0.01482	0.00933	0.00902	0.01774	0.02706	0.03644	0.40654	0.08441	0.26315	0.02274	0.01211	0.00331	0.00497	0.01965	0.01068	0.00933
53	0.03863	0.07807	0.11317	0.01967	0.02889	0.01857	0.01861	0.04381	0.02683	0.40759	0.03312	0.03024	0.02165	0.01152	0.00970	0.00298	0.00984	0.00916	0.01019	0.06776
54	0.03305	0.01835	0.02361	0.01796	0.02550	0.01634	0.01469	0.03707	0.02446	0.29039	0.02815	0.02782	0.01980	0.01116	0.01181	0.00263	0.07713	0.00840	0.00901	0.30267
55	0.71184	0.01985	0.01508	0.01350	0.01985	0.02302	0.01111	0.03017	0.01746	0.04604	0.01429	0.01667	0.01111	0.00953	0.00635	0.00318	0.00794	0.00556	0.00635	0.01111
56	0.03518	0.02684	0.02864	0.02284	0.03036	0.03003	0.01858	0.40285	0.19276	0.05850	0.02951	0.02852	0.02139	0.01277	0.01032	0.00319	0.01039	0.00991	0.01032	0.01711
57	0.02145	0.02447	0.09990	0.21544	0.15559	0.02209	0.14952	0.02886	0.02288	0.03195	0.06630	0.03120	0.02231	0.01060	0.01060	0.00326	0.01314	0.01049	0.04685	0.01312
58	0.02553	0.02204	0.02320	0.02088	0.02669	0.02553	0.01624	0.05453	0.55679	0.04293	0.04177	0.03829	0.03133	0.01392	0.01044	0.00348	0.00812	0.01160	0.01044	0.01624
59	0.01452	0.01049	0.01372	0.01291	0.01533	0.00968	0.00968	0.01937	0.02905	0.04115	0.56992	0.07666	0.09683	0.02098	0.01210	0.00323	0.00484	0.01856	0.01130	0.00968
60	0.01593	0.01020	0.01350	0.01479	0.01653	0.00943	0.01069	0.01854	0.02196	0.07480	0.10280	0.44353	0.09605	0.02874	0.01284	0.00402	0.00644	0.07992	0.00994	0.00936
61	0.11979	0.01773	0.02285	0.01773	0.02549	0.01596	0.01464	0.04781	0.02805	0.52302	0.03758	0.03291	0.02382	0.01235	0.00988	0.00318	0.00864	0.00979	0.01200	0.01676
62	0.01213	0.01040	0.01040	0.01040	0.01386	0.00866	0.00780	0.01473	0.02339	0.02772	0.10396	0.09876	0.57117	0.02599	0.01213	0.00347	0.00520	0.02166	0.00953	0.00866
63	0.63809	0.01958	0.01605	0.01402	0.02055	0.02214	0.01155	0.03236	0.01878	0.10546	0.01719	0.01869	0.01270	0.00988	0.00679	0.00318	0.00803	0.00608	0.00705	0.01182
64	0.09777	0.01842	0.02059	0.01501	0.02382	0.01471	0.01204	0.02632	0.02086	0.03484	0.01780	0.02077	0.01475	0.00781	0.00746	0.00170	0.00764	0.00602	0.00611	0.62554
65	0.08888	0.01597	0.02007	0.01605	0.02275	0.01434	0.01309	0.04169	0.02694	0.41975	0.04478	0.04101	0.08489	0.01385	0.00987	0.00312	0.00784	0.01114	0.08883	0.01513
66	0.02741	0.02319	0.08636	0.01824	0.02774	0.01707	0.01637	0.08781	0.02570	0.13099	0.02279	0.02404	0.01695	0.00924	0.00860	0.00217	0.00906	0.00733	0.00748	0.43145

[dist]
# distance from previous block
# <min> <max>
0	1

[block]
# block no. 2 follows, 14 sequences, length 12
# corresponding to MSA columns:
# 264-275
name=unknown_C
#
# <colnr> <probs for GDERKNQSTAVLIFYWHMCP>
#	G	D	E	R	K	N	Q	S	T	A	V	L	I	F	Y	W	H	M	C	P
0	0.03219	0.03091	0.13029	0.02393	0.03262	0.02781	0.02228	0.35228	0.08748	0.05345	0.02800	0.03433	0.02201	0.01358	0.01057	0.00331	0.01153	0.05818	0.00912	0.01613
1	0.03159	0.10134	0.06666	0.02096	0.02849	0.01915	0.08560	0.03681	0.02700	0.27234	0.15837	0.04057	0.03860	0.01342	0.01046	0.00310	0.00967	0.01170	0.00974	0.01443
2	0.01307	0.01001	0.01167	0.01206	0.01424	0.00895	0.00855	0.01578	0.02307	0.02993	0.20031	0.22432	0.27926	0.08241	0.01603	0.00418	0.00573	0.02216	0.00966	0.00861
3	0.03006	0.50184	0.04783	0.01970	0.02764	0.17488	0.01811	0.03320	0.02283	0.02438	0.01465	0.01695	0.01318	0.00921	0.00723	0.00230	0.01279	0.00576	0.00461	0.01286
4	0.02783	0.02372	0.08742	0.10792	0.10035	0.02114	0.10905	0.03813	0.11586	0.16316	0.03108	0.07717	0.02423	0.01271	0.01078	0.00338	0.01154	0.01174	0.00802	0.01477
5	0.01376	0.01046	0.01265	0.01210	0.01486	0.00936	0.00908	0.01788	0.02724	0.03685	0.42060	0.08374	0.24883	0.02259	0.01211	0.00330	0.00496	0.01955	0.01073	0.00936
6	0.02553	0.02204	0.02320	0.02088	0.02669	0.02553	0.01624	0.05453	0.55679	0.04293	0.04177	0.03829	0.03133	0.01392	0.01044	0.00348	0.00812	0.01160	0.01044	0.01624
7	0.71184	0.01985	0.01508	0.01350	0.01985	0.02302	0.01111	0.03017	0.01746	0.04604	0.01429	0.01667	0.01111	0.00953	0.00635	0.00318	0.00794	0.00556	0.00635	0.01111
8	0.13937	0.07003	0.03066	0.02615	0.06886	0.02892	0.02033	0.02857	0.01807	0.07213	0.01622	0.02223	0.01420	0.01475	0.02338	0.00388	0.37629	0.00826	0.00547	0.01224
9	0.01250	0.00893	0.01191	0.01429	0.01488	0.00834	0.00953	0.01429	0.01965	0.02620	0.05656	0.63265	0.06787	0.03215	0.01310	0.00417	0.00595	0.02917	0.00953	0.00834
10	0.02206	0.02098	0.03563	0.36871	0.29568	0.02351	0.02983	0.02857	0.02179	0.02948	0.01871	0.02649	0.01483	0.00976	0.01022	0.00325	0.01302	0.00913	0.00479	0.01356
11	0.01386	0.01030	0.01308	0.01498	0.01611	0.01013	0.01023	0.01848	0.07559	0.02794	0.05502	0.57075	0.06407	0.03025	0.01282	0.00410	0.00618	0.02734	0.00962	0.00916

[dist]
# distance from previous block
# <min> <max>
0	3

# created by:
# /st0/software/busco_prod/Augustus/scripts/msa2prfl.pl ./align_prep/11259.fa
