[name]
unknown

[dist]
# distance from previous block
# <min> <max>
0	53

[block]
# block no. 0 follows, 10 sequences, length 7
# corresponding to MSA columns:
# 60-66
name=unknown_A
#
# <colnr> <probs for GDERKNQSTAVLIFYWHMCP>
#	G	D	E	R	K	N	Q	S	T	A	V	L	I	F	Y	W	H	M	C	P
0	0.03300	0.02096	0.02870	0.02271	0.03027	0.01976	0.06858	0.11721	0.03413	0.17798	0.09961	0.05839	0.11524	0.01797	0.01250	0.00363	0.01037	0.04469	0.01123	0.07306
1	0.01724	0.01377	0.01654	0.01571	0.02004	0.01143	0.01138	0.02043	0.02363	0.03261	0.06021	0.31991	0.13822	0.02635	0.01267	0.00363	0.00718	0.02321	0.00956	0.21627
2	0.02412	0.02067	0.02412	0.01723	0.02756	0.01550	0.01378	0.02929	0.02412	0.03790	0.02067	0.02412	0.01723	0.00861	0.00861	0.00172	0.00861	0.00689	0.00689	0.66236
3	0.02760	0.02201	0.03194	0.03797	0.21257	0.01956	0.02208	0.03300	0.02573	0.08679	0.02868	0.09170	0.02571	0.01306	0.01074	0.00291	0.01050	0.01170	0.00767	0.27806
4	0.03202	0.02255	0.02791	0.02514	0.07840	0.02103	0.01800	0.11004	0.07382	0.12579	0.08494	0.03666	0.03190	0.01299	0.01078	0.00291	0.00973	0.01079	0.00990	0.25467
5	0.02468	0.03001	0.12919	0.10698	0.30481	0.02436	0.03261	0.03209	0.02510	0.03556	0.02846	0.11884	0.02699	0.01488	0.01198	0.00375	0.01346	0.01374	0.00636	0.01615
6	0.03185	0.12590	0.04684	0.05538	0.35031	0.12550	0.03069	0.03752	0.02721	0.03451	0.02023	0.02570	0.01722	0.01059	0.01066	0.00321	0.01491	0.00916	0.00567	0.01695

[dist]
# distance from previous block
# <min> <max>
0	45

[block]
# block no. 1 follows, 10 sequences, length 35
# corresponding to MSA columns:
# 112-146
name=unknown_B
#
# <colnr> <probs for GDERKNQSTAVLIFYWHMCP>
#	G	D	E	R	K	N	Q	S	T	A	V	L	I	F	Y	W	H	M	C	P
0	0.02500	0.02079	0.03399	0.36366	0.06254	0.02385	0.06414	0.03442	0.06434	0.07773	0.08367	0.03943	0.02967	0.01350	0.01207	0.00384	0.01365	0.01224	0.00749	0.01397
1	0.02618	0.02992	0.10303	0.19804	0.30718	0.02722	0.07160	0.03434	0.02546	0.03556	0.02157	0.02910	0.01713	0.01074	0.01167	0.00363	0.01515	0.01042	0.00551	0.01657
2	0.02370	0.01962	0.02322	0.02429	0.07212	0.02081	0.01666	0.07405	0.20161	0.04337	0.11304	0.15035	0.12541	0.02183	0.01284	0.00396	0.00855	0.01887	0.01100	0.01471
3	0.01923	0.01796	0.01686	0.01858	0.02017	0.10202	0.01282	0.02143	0.02412	0.02948	0.05612	0.48633	0.06621	0.03221	0.01409	0.00442	0.00921	0.02864	0.00997	0.01014
4	0.02953	0.03745	0.22156	0.02868	0.04090	0.02407	0.08103	0.04308	0.10807	0.11738	0.02973	0.03095	0.02134	0.01184	0.01119	0.00341	0.01346	0.01019	0.00808	0.12806
5	0.01852	0.01515	0.01914	0.01783	0.01876	0.01767	0.01298	0.02018	0.01902	0.02601	0.04454	0.06567	0.11537	0.28746	0.10359	0.00929	0.15638	0.01597	0.00710	0.00938
6	0.02346	0.05333	0.44332	0.03039	0.04640	0.02502	0.03792	0.03553	0.02448	0.03702	0.02084	0.02448	0.01516	0.01063	0.01063	0.00334	0.01571	0.00830	0.00525	0.12880
7	0.03301	0.02507	0.03977	0.03016	0.03899	0.02456	0.17328	0.11321	0.08911	0.14264	0.04793	0.04784	0.10825	0.01553	0.01275	0.00379	0.01291	0.01458	0.01011	0.01650
8	0.02322	0.08442	0.12636	0.02985	0.03799	0.02525	0.14910	0.03077	0.02724	0.03822	0.18319	0.04661	0.04707	0.01592	0.01557	0.00379	0.07956	0.01410	0.00782	0.01396
9	0.01670	0.01214	0.01707	0.01707	0.01858	0.01366	0.01251	0.01973	0.01821	0.02580	0.03264	0.05392	0.03265	0.22352	0.41377	0.01669	0.02578	0.01366	0.00645	0.00948
10	0.01417	0.01012	0.01350	0.01619	0.01687	0.00945	0.01080	0.01619	0.02227	0.02969	0.06410	0.58367	0.07692	0.03644	0.01484	0.00472	0.00675	0.03306	0.01080	0.00945
11	0.03149	0.31149	0.11192	0.02765	0.03770	0.03643	0.10184	0.03741	0.02498	0.08952	0.02144	0.02471	0.01705	0.01160	0.01247	0.00326	0.06825	0.00884	0.00625	0.01569
12	0.04836	0.02966	0.03032	0.02405	0.03262	0.11384	0.01948	0.17757	0.03943	0.30915	0.03585	0.03299	0.02379	0.01385	0.01147	0.00346	0.01265	0.01061	0.01214	0.01870
13	0.01417	0.01012	0.01350	0.01619	0.01687	0.00945	0.01080	0.01619	0.02227	0.02969	0.06410	0.58367	0.07692	0.03644	0.01484	0.00472	0.00675	0.03306	0.01080	0.00945
14	0.02412	0.02067	0.02412	0.01723	0.02756	0.01550	0.01378	0.02929	0.02412	0.03790	0.02067	0.02412	0.01723	0.00861	0.00861	0.00172	0.00861	0.00689	0.00689	0.66236
15	0.03866	0.02800	0.03024	0.02410	0.03180	0.03068	0.01953	0.38497	0.04817	0.06548	0.03310	0.09522	0.02744	0.01659	0.01171	0.00357	0.01143	0.01318	0.06835	0.01776
16	0.15870	0.02179	0.02622	0.02048	0.02921	0.02092	0.01691	0.10334	0.03351	0.39050	0.03860	0.03461	0.02491	0.01372	0.01091	0.00359	0.01009	0.01062	0.01282	0.01855
17	0.03557	0.02795	0.08438	0.02855	0.03755	0.02451	0.11290	0.16164	0.03531	0.16773	0.03707	0.12733	0.03098	0.01683	0.01257	0.00384	0.01284	0.01516	0.01036	0.01691
18	0.01995	0.01476	0.01964	0.02169	0.02483	0.01523	0.01870	0.02857	0.08265	0.03645	0.05989	0.12077	0.06321	0.03019	0.01556	0.00519	0.01053	0.38973	0.01084	0.01162
19	0.01661	0.01246	0.01869	0.01869	0.02077	0.01454	0.01454	0.02077	0.01869	0.02700	0.03115	0.04569	0.02908	0.08723	0.54517	0.01869	0.03115	0.01246	0.00623	0.01038
20	0.02333	0.06016	0.53100	0.03315	0.05034	0.02701	0.04297	0.03683	0.02455	0.03683	0.02087	0.02455	0.01473	0.01105	0.01105	0.00368	0.01719	0.00859	0.00491	0.01719
21	0.02431	0.02307	0.03912	0.39402	0.23105	0.02646	0.03347	0.03177	0.02437	0.03257	0.02109	0.03024	0.01651	0.01119	0.01159	0.00373	0.01492	0.01035	0.00537	0.01481
22	0.04421	0.03258	0.03490	0.02676	0.03607	0.03607	0.02211	0.47993	0.05468	0.07330	0.02792	0.02792	0.01978	0.01396	0.01163	0.00349	0.01280	0.01047	0.01163	0.01978
23	0.01666	0.01227	0.01773	0.01773	0.01948	0.01402	0.01334	0.02015	0.01841	0.02629	0.03203	0.05055	0.03119	0.16775	0.46754	0.01751	0.02798	0.01317	0.00636	0.00985
24	0.01874	0.01339	0.01874	0.02142	0.02410	0.01339	0.01874	0.02410	0.02677	0.03481	0.06158	0.13119	0.06693	0.03213	0.01606	0.00535	0.01071	0.44043	0.01071	0.01071
25	0.02545	0.02545	0.03562	0.03053	0.03053	0.03562	0.02545	0.02799	0.01781	0.02799	0.01527	0.02545	0.01527	0.02036	0.03817	0.00509	0.56997	0.01018	0.00509	0.01272
26	0.02196	0.02067	0.03488	0.56331	0.08010	0.02584	0.03230	0.02972	0.02326	0.02972	0.02067	0.03101	0.01550	0.01163	0.01163	0.00388	0.01550	0.01034	0.00517	0.01292
27	0.03017	0.53399	0.11709	0.02148	0.03230	0.04375	0.02266	0.03507	0.02374	0.02849	0.01673	0.01936	0.01490	0.01008	0.00789	0.00263	0.01301	0.00650	0.00497	0.01520
28	0.02336	0.01782	0.01935	0.01793	0.02202	0.01952	0.01334	0.04089	0.24929	0.04290	0.12820	0.05687	0.04913	0.11534	0.01964	0.00493	0.00823	0.01482	0.12259	0.01381
29	0.01646	0.01189	0.01555	0.01463	0.01738	0.01097	0.01097	0.02195	0.03292	0.04664	0.51257	0.08688	0.10974	0.02378	0.01372	0.00366	0.00549	0.02103	0.01280	0.01097
30	0.03390	0.03119	0.02886	0.02521	0.03217	0.11298	0.01970	0.13167	0.34642	0.04967	0.03926	0.03712	0.02949	0.01486	0.01158	0.00371	0.01172	0.01178	0.01086	0.01785
31	0.03029	0.02787	0.03419	0.02843	0.03186	0.11025	0.07470	0.03357	0.02308	0.08742	0.02398	0.03578	0.02173	0.11476	0.03126	0.00550	0.25399	0.01150	0.00677	0.01307
32	0.02272	0.01331	0.01732	0.01551	0.01948	0.01199	0.01191	0.02783	0.03248	0.13246	0.39679	0.08029	0.12701	0.02253	0.01335	0.00367	0.00632	0.01962	0.01293	0.01248
33	0.03452	0.01582	0.02067	0.01752	0.02351	0.01381	0.01380	0.03863	0.03073	0.29468	0.14509	0.12566	0.13314	0.02133	0.01279	0.00380	0.00803	0.01816	0.01305	0.01523
34	0.02235	0.01508	0.01993	0.01780	0.02037	0.01602	0.01358	0.02634	0.02779	0.09691	0.29477	0.06888	0.07295	0.11272	0.02497	0.00512	0.10459	0.01738	0.01074	0.01170

[dist]
# distance from previous block
# <min> <max>
0	3

[block]
# block no. 2 follows, 10 sequences, length 77
# corresponding to MSA columns:
# 150-226
name=unknown_C
#
# <colnr> <probs for GDERKNQSTAVLIFYWHMCP>
#	G	D	E	R	K	N	Q	S	T	A	V	L	I	F	Y	W	H	M	C	P
0	0.03150	0.02372	0.02782	0.07970	0.03553	0.02444	0.01894	0.10371	0.20343	0.10145	0.03432	0.03422	0.02543	0.01294	0.01087	0.00322	0.01027	0.01058	0.01001	0.19791
1	0.22375	0.09526	0.03328	0.02854	0.09432	0.08594	0.02055	0.15624	0.07535	0.05026	0.02307	0.02501	0.01787	0.01206	0.00974	0.00339	0.01231	0.00868	0.00823	0.01615
2	0.02887	0.02457	0.02792	0.02431	0.02959	0.02905	0.01934	0.10603	0.29798	0.04786	0.09199	0.04302	0.03818	0.01730	0.01687	0.00406	0.11253	0.01315	0.01068	0.01669
3	0.03109	0.59826	0.06095	0.01990	0.02985	0.04602	0.01990	0.03483	0.02363	0.02736	0.01617	0.01866	0.01493	0.00995	0.00746	0.00249	0.01244	0.00622	0.00498	0.01493
4	0.01691	0.01128	0.01268	0.01268	0.01268	0.01128	0.00705	0.01691	0.01691	0.02255	0.03665	0.07611	0.04228	0.59126	0.05920	0.01128	0.01128	0.01691	0.00705	0.00705
5	0.01606	0.01123	0.01262	0.01293	0.01368	0.01082	0.00778	0.01679	0.01917	0.02489	0.05372	0.14021	0.12727	0.43142	0.04633	0.00927	0.00983	0.02007	0.00812	0.00780
6	0.01465	0.01164	0.01315	0.01315	0.01636	0.01014	0.00972	0.01830	0.02808	0.03604	0.23670	0.15451	0.33958	0.02841	0.01385	0.00393	0.00586	0.02435	0.01143	0.01014
7	0.03094	0.02598	0.02743	0.02408	0.03101	0.02987	0.01890	0.11680	0.43942	0.05189	0.04478	0.04136	0.03343	0.01554	0.01181	0.00389	0.00968	0.01280	0.01181	0.01859
8	0.18438	0.02128	0.02470	0.02002	0.02821	0.02110	0.01633	0.05263	0.11011	0.34060	0.03962	0.03570	0.02639	0.01384	0.01073	0.00366	0.00958	0.01076	0.01238	0.01798
9	0.04421	0.03258	0.03490	0.02676	0.03607	0.03607	0.02211	0.47993	0.05468	0.07330	0.02792	0.02792	0.01978	0.01396	0.01163	0.00349	0.01280	0.01047	0.01163	0.01978
10	0.02810	0.01949	0.02662	0.14251	0.03768	0.02194	0.02021	0.03575	0.07571	0.14307	0.08703	0.05234	0.11740	0.01851	0.01716	0.00404	0.11431	0.01434	0.00955	0.01426
11	0.03109	0.59826	0.06095	0.01990	0.02985	0.04602	0.01990	0.03483	0.02363	0.02736	0.01617	0.01866	0.01493	0.00995	0.00746	0.00249	0.01244	0.00622	0.00498	0.01493
12	0.67341	0.02249	0.01709	0.01529	0.02249	0.02609	0.01260	0.03419	0.01979	0.05218	0.01619	0.01889	0.01260	0.01080	0.00720	0.00360	0.00900	0.00630	0.00720	0.01260
13	0.02210	0.02017	0.02765	0.02441	0.02489	0.02653	0.01946	0.02461	0.01934	0.02887	0.07394	0.04340	0.03171	0.13487	0.08370	0.00729	0.35662	0.01282	0.00639	0.01125
14	0.01462	0.01088	0.01363	0.01491	0.01675	0.00988	0.01043	0.01766	0.02567	0.03406	0.18133	0.36846	0.17518	0.03200	0.01435	0.00431	0.00627	0.02845	0.01127	0.00988
15	0.02879	0.02763	0.04721	0.07139	0.51871	0.02763	0.03569	0.03569	0.02648	0.03800	0.02188	0.02879	0.01842	0.01036	0.01151	0.00345	0.01382	0.01036	0.00576	0.01842
16	0.01659	0.01133	0.01259	0.01259	0.01299	0.01113	0.00723	0.01689	0.01788	0.02344	0.04481	0.07971	0.08974	0.53474	0.05462	0.01054	0.01073	0.01768	0.00742	0.00733
17	0.02020	0.01010	0.01515	0.01515	0.01515	0.01010	0.01010	0.01515	0.01515	0.02020	0.02020	0.03535	0.02020	0.04040	0.04545	0.66162	0.01010	0.01010	0.00505	0.00505
18	0.03114	0.02684	0.04517	0.06629	0.46951	0.02657	0.03382	0.03781	0.02717	0.08717	0.02429	0.02987	0.01947	0.01077	0.01153	0.00347	0.01342	0.01050	0.00663	0.01856
19	0.02879	0.02763	0.04721	0.07139	0.51871	0.02763	0.03569	0.03569	0.02648	0.03800	0.02188	0.02879	0.01842	0.01036	0.01151	0.00345	0.01382	0.01036	0.00576	0.01842
20	0.02265	0.02250	0.04194	0.36237	0.06799	0.02507	0.15296	0.03036	0.02431	0.03180	0.02611	0.09026	0.02267	0.01378	0.01255	0.00398	0.01570	0.01371	0.00597	0.01331
21	0.03655	0.02177	0.02501	0.02119	0.02675	0.06741	0.01671	0.04289	0.06938	0.24940	0.08738	0.04561	0.03655	0.07255	0.07197	0.00589	0.06378	0.01280	0.01092	0.01548
22	0.02668	0.03408	0.13086	0.23445	0.12013	0.08148	0.07337	0.03795	0.07950	0.03486	0.02389	0.02991	0.01817	0.01170	0.01160	0.00370	0.01583	0.01035	0.00611	0.01538
23	0.67341	0.02249	0.01709	0.01529	0.02249	0.02609	0.01260	0.03419	0.01979	0.05218	0.01619	0.01889	0.01260	0.01080	0.00720	0.00360	0.00900	0.00630	0.00720	0.01260
24	0.01513	0.01184	0.01370	0.01323	0.01656	0.01041	0.00992	0.01936	0.02977	0.03916	0.31851	0.09919	0.30848	0.02657	0.01373	0.00379	0.00569	0.02276	0.01182	0.01041
25	0.02333	0.06016	0.53100	0.03315	0.05034	0.02701	0.04297	0.03683	0.02455	0.03683	0.02087	0.02455	0.01473	0.01105	0.01105	0.00368	0.01719	0.00859	0.00491	0.01719
26	0.01691	0.01128	0.01268	0.01268	0.01268	0.01128	0.00705	0.01691	0.01691	0.02255	0.03665	0.07611	0.04228	0.59126	0.05920	0.01128	0.01128	0.01691	0.00705	0.00705
27	0.02906	0.01468	0.01958	0.01677	0.02172	0.01313	0.01313	0.03420	0.03305	0.21600	0.34795	0.07020	0.08119	0.02047	0.01300	0.00364	0.00704	0.01774	0.01336	0.01408
28	0.02879	0.02763	0.04721	0.07139	0.51871	0.02763	0.03569	0.03569	0.02648	0.03800	0.02188	0.02879	0.01842	0.01036	0.01151	0.00345	0.01382	0.01036	0.00576	0.01842
29	0.02530	0.02583	0.04305	0.03473	0.03829	0.03156	0.15049	0.03016	0.02144	0.03129	0.02244	0.03821	0.02136	0.01865	0.02903	0.00479	0.35777	0.05637	0.00590	0.01334
30	0.01680	0.01173	0.01499	0.01499	0.01579	0.01253	0.00992	0.01839	0.01760	0.02426	0.03454	0.06443	0.03721	0.39778	0.24575	0.01412	0.01891	0.01520	0.00673	0.00833
31	0.02196	0.02067	0.03488	0.56331	0.08010	0.02584	0.03230	0.02972	0.02326	0.02972	0.02067	0.03101	0.01550	0.01163	0.01163	0.00388	0.01550	0.01034	0.00517	0.01292
32	0.05138	0.02108	0.02779	0.02130	0.03033	0.01900	0.01760	0.09926	0.03544	0.48114	0.04408	0.03841	0.02788	0.01435	0.01169	0.00359	0.01019	0.01157	0.01412	0.01979
33	0.02545	0.02545	0.03562	0.03053	0.03053	0.03562	0.02545	0.02799	0.01781	0.02799	0.01527	0.02545	0.01527	0.02036	0.03817	0.00509	0.56997	0.01018	0.00509	0.01272
34	0.02509	0.01497	0.01924	0.01786	0.02186	0.01430	0.01383	0.06959	0.03205	0.12916	0.24130	0.18640	0.07556	0.02482	0.01365	0.00404	0.00775	0.06323	0.01233	0.01299
35	0.55754	0.02435	0.02037	0.01741	0.02499	0.02793	0.01435	0.11628	0.02622	0.05607	0.01835	0.02056	0.01392	0.01138	0.00801	0.00358	0.00970	0.00707	0.00801	0.01392
36	0.02779	0.02664	0.11683	0.02041	0.03078	0.01730	0.01936	0.03442	0.02693	0.12283	0.08975	0.03511	0.03092	0.01205	0.01026	0.00266	0.01000	0.00989	0.00859	0.34748
37	0.01481	0.01182	0.01325	0.01290	0.01636	0.01027	0.00967	0.01875	0.02902	0.03737	0.27217	0.10213	0.35593	0.02723	0.01373	0.00382	0.00573	0.02317	0.01158	0.01027
38	0.02262	0.17693	0.03231	0.02397	0.07930	0.02408	0.01701	0.02975	0.07641	0.03583	0.14487	0.19458	0.05601	0.02108	0.01185	0.00364	0.00911	0.01821	0.00917	0.01329
39	0.60692	0.02220	0.01815	0.01587	0.02326	0.02513	0.01308	0.03660	0.02124	0.10298	0.01937	0.02111	0.01433	0.01118	0.00768	0.00360	0.00909	0.00688	0.00797	0.01337
40	0.01473	0.01073	0.01401	0.01642	0.01770	0.01000	0.01164	0.01729	0.02331	0.03054	0.06941	0.47459	0.12153	0.03514	0.01489	0.00472	0.00718	0.08575	0.01079	0.00965
41	0.03970	0.09923	0.03185	0.02141	0.02942	0.02711	0.01795	0.21320	0.03953	0.18811	0.08323	0.03758	0.03204	0.01455	0.01100	0.00333	0.01049	0.01140	0.07148	0.01739
42	0.02090	0.01258	0.01613	0.01477	0.01817	0.01160	0.01124	0.02627	0.03184	0.09665	0.40111	0.07618	0.09072	0.02145	0.01277	0.00353	0.00594	0.01871	0.09755	0.01188
43	0.04421	0.03258	0.03490	0.02676	0.03607	0.03607	0.02211	0.47993	0.05468	0.07330	0.02792	0.02792	0.01978	0.01396	0.01163	0.00349	0.01280	0.01047	0.01163	0.01978
44	0.03781	0.02048	0.03166	0.02899	0.09454	0.01839	0.06622	0.04162	0.02762	0.26822	0.03309	0.03481	0.02346	0.01719	0.01733	0.11643	0.01132	0.01091	0.00990	0.09001
45	0.02986	0.52099	0.05435	0.01871	0.02771	0.04139	0.01835	0.03381	0.02373	0.02947	0.01903	0.02191	0.01688	0.01042	0.00755	0.00252	0.01151	0.00683	0.09059	0.01439
46	0.67341	0.02249	0.01709	0.01529	0.02249	0.02609	0.01260	0.03419	0.01979	0.05218	0.01619	0.01889	0.01260	0.01080	0.00720	0.00360	0.00900	0.00630	0.00720	0.01260
47	0.08981	0.02437	0.02578	0.02248	0.02887	0.02728	0.01762	0.18211	0.22638	0.05318	0.04152	0.13693	0.03619	0.01860	0.01191	0.00392	0.00986	0.01539	0.01115	0.01664
48	0.01960	0.01314	0.01901	0.08952	0.02776	0.01362	0.01563	0.02331	0.02317	0.07583	0.05033	0.31893	0.05455	0.04019	0.11302	0.00717	0.01310	0.06144	0.00953	0.01115
49	0.02340	0.01185	0.01349	0.01300	0.01616	0.01137	0.00977	0.02834	0.02622	0.09397	0.10421	0.11036	0.04559	0.01760	0.01001	0.00316	0.00606	0.01481	0.42895	0.01166
50	0.03415	0.01608	0.02190	0.01940	0.02512	0.01456	0.01605	0.03913	0.03139	0.27260	0.16490	0.07657	0.05924	0.02161	0.01340	0.00410	0.00904	0.13268	0.01298	0.01511
51	0.03228	0.02665	0.02819	0.02435	0.03152	0.03049	0.01922	0.15347	0.40058	0.05406	0.04308	0.04000	0.03206	0.01538	0.01179	0.00385	0.00999	0.01256	0.01179	0.01871
52	0.01951	0.01215	0.01546	0.01582	0.01862	0.01104	0.01179	0.02203	0.02543	0.08465	0.11687	0.23891	0.18590	0.03085	0.01745	0.07337	0.00753	0.07136	0.01077	0.01049
53	0.36005	0.02751	0.02596	0.02100	0.02925	0.03106	0.01733	0.25619	0.03717	0.06270	0.02204	0.02339	0.01617	0.01237	0.00941	0.00354	0.01089	0.00838	0.00941	0.01617
54	0.02923	0.09802	0.15100	0.17734	0.05207	0.02928	0.07425	0.07950	0.07852	0.08038	0.02617	0.02996	0.01915	0.01202	0.01126	0.00363	0.01454	0.01025	0.00725	0.01619
55	0.03109	0.59826	0.06095	0.01990	0.02985	0.04602	0.01990	0.03483	0.02363	0.02736	0.01617	0.01866	0.01493	0.00995	0.00746	0.00249	0.01244	0.00622	0.00498	0.01493
56	0.11495	0.02613	0.03531	0.23311	0.19804	0.07284	0.02823	0.03656	0.02575	0.08831	0.02291	0.02873	0.01739	0.01146	0.01091	0.00360	0.01403	0.00970	0.00668	0.01536
57	0.03717	0.02908	0.03094	0.02533	0.03338	0.03278	0.02040	0.28717	0.25892	0.06194	0.03687	0.03505	0.02703	0.01480	0.01173	0.00370	0.01114	0.01171	0.01173	0.01915
58	0.02533	0.01354	0.01664	0.01480	0.01925	0.01217	0.01147	0.03007	0.03016	0.15661	0.23625	0.07266	0.15625	0.02080	0.01222	0.00352	0.00660	0.01765	0.13120	0.01281
59	0.02879	0.02763	0.04721	0.07139	0.51871	0.02763	0.03569	0.03569	0.02648	0.03800	0.02188	0.02879	0.01842	0.01036	0.01151	0.00345	0.01382	0.01036	0.00576	0.01842
60	0.01551	0.01185	0.01423	0.01364	0.01679	0.01057	0.01023	0.02011	0.03069	0.04133	0.37492	0.09561	0.25070	0.02576	0.01373	0.00375	0.00563	0.02226	0.01210	0.01057
61	0.01683	0.01162	0.01443	0.01443	0.01504	0.01223	0.00923	0.01804	0.01743	0.02385	0.03505	0.06725	0.03844	0.44443	0.20077	0.01344	0.01707	0.01562	0.00681	0.00802
62	0.03109	0.59826	0.06095	0.01990	0.02985	0.04602	0.01990	0.03483	0.02363	0.02736	0.01617	0.01866	0.01493	0.00995	0.00746	0.00249	0.01244	0.00622	0.00498	0.01493
63	0.01586	0.01186	0.01471	0.01400	0.01701	0.01072	0.01050	0.02079	0.03150	0.04327	0.42525	0.09242	0.19916	0.02503	0.01372	0.00372	0.00558	0.02181	0.01236	0.01072
64	0.09057	0.01926	0.01841	0.01745	0.02139	0.08288	0.01293	0.02572	0.02757	0.03915	0.21407	0.20130	0.06723	0.02261	0.01232	0.00364	0.00861	0.01939	0.01008	0.08542
65	0.04363	0.04998	0.03342	0.02920	0.03598	0.42325	0.02238	0.14986	0.03814	0.03916	0.02035	0.02263	0.01613	0.01246	0.01076	0.00311	0.01902	0.00820	0.00734	0.01499
66	0.01655	0.01133	0.01258	0.01258	0.01303	0.01111	0.00725	0.01689	0.01801	0.02356	0.04591	0.08020	0.09614	0.52712	0.05401	0.01044	0.01066	0.01778	0.00748	0.00736
67	0.03109	0.59826	0.06095	0.01990	0.02985	0.04602	0.01990	0.03483	0.02363	0.02736	0.01617	0.01866	0.01493	0.00995	0.00746	0.00249	0.01244	0.00622	0.00498	0.01493
68	0.01796	0.01283	0.01784	0.02052	0.02285	0.01271	0.01738	0.02274	0.02600	0.03393	0.06201	0.20892	0.06865	0.03287	0.01585	0.00525	0.01003	0.37045	0.01072	0.01049
69	0.01743	0.01428	0.01579	0.01576	0.01963	0.01386	0.01213	0.02638	0.11451	0.03627	0.13003	0.14210	0.29639	0.02732	0.01375	0.00414	0.00710	0.07035	0.01117	0.01159
70	0.11035	0.01468	0.01801	0.01712	0.02126	0.01412	0.01321	0.02984	0.02775	0.14777	0.17769	0.20947	0.06597	0.02428	0.01294	0.00409	0.00776	0.05932	0.01167	0.01269
71	0.01874	0.01339	0.01874	0.02142	0.02410	0.01339	0.01874	0.02410	0.02677	0.03481	0.06158	0.13119	0.06693	0.03213	0.01606	0.00535	0.01071	0.44043	0.01071	0.01071
72	0.01404	0.01065	0.01295	0.01479	0.01650	0.00956	0.01017	0.01635	0.02362	0.03024	0.08117	0.43375	0.21582	0.03422	0.01450	0.00447	0.00648	0.03036	0.01080	0.00956
73	0.02463	0.02406	0.04283	0.35557	0.20247	0.02682	0.09169	0.03241	0.02473	0.03307	0.02139	0.03042	0.01662	0.01103	0.01187	0.00376	0.01556	0.01079	0.00543	0.01485
74	0.01543	0.01139	0.01459	0.01683	0.01801	0.01112	0.01145	0.02010	0.06298	0.03131	0.06267	0.53740	0.07338	0.03467	0.01459	0.00466	0.00696	0.03136	0.01089	0.01021
75	0.02854	0.02604	0.03830	0.03704	0.14477	0.02533	0.09924	0.07846	0.13170	0.04325	0.02791	0.03096	0.02180	0.01125	0.01110	0.00313	0.01215	0.01052	0.00796	0.21057
76	0.01839	0.01378	0.01901	0.02219	0.08165	0.01440	0.01304	0.02053	0.01870	0.02590	0.03307	0.06085	0.03522	0.36517	0.19724	0.01245	0.01751	0.01473	0.00663	0.00953

[dist]
# distance from previous block
# <min> <max>
0	7

[block]
# block no. 3 follows, 10 sequences, length 9
# corresponding to MSA columns:
# 234-242
name=unknown_D
#
# <colnr> <probs for GDERKNQSTAVLIFYWHMCP>
#	G	D	E	R	K	N	Q	S	T	A	V	L	I	F	Y	W	H	M	C	P
0	0.02558	0.02555	0.10538	0.02663	0.07446	0.02083	0.02184	0.03989	0.15793	0.08648	0.16877	0.06027	0.05368	0.01839	0.01265	0.00391	0.01013	0.06165	0.01053	0.01546
1	0.02861	0.02053	0.02458	0.01778	0.02790	0.01576	0.01431	0.03367	0.02559	0.11621	0.02471	0.02660	0.01908	0.00954	0.00911	0.00202	0.00882	0.00766	0.00809	0.55943
2	0.27347	0.02552	0.02451	0.02113	0.02846	0.02925	0.01694	0.13230	0.23289	0.05474	0.03191	0.03122	0.02388	0.01356	0.01006	0.00373	0.00982	0.01006	0.01006	0.01649
3	0.03326	0.01558	0.01827	0.01575	0.02111	0.01506	0.01244	0.04141	0.08012	0.21478	0.04179	0.04203	0.03008	0.01410	0.00980	0.00316	0.00742	0.01140	0.35759	0.01485
4	0.02872	0.01497	0.01708	0.01508	0.02023	0.01411	0.01181	0.03601	0.07508	0.17350	0.06188	0.06019	0.15623	0.01815	0.01095	0.00340	0.00715	0.01488	0.24681	0.01379
5	0.03316	0.11697	0.31626	0.02763	0.04138	0.02642	0.03208	0.04265	0.02711	0.18562	0.02793	0.02840	0.01906	0.01193	0.01079	0.00350	0.01435	0.00924	0.00782	0.01770
6	0.01900	0.01053	0.01425	0.01425	0.01425	0.01053	0.00899	0.01579	0.01579	0.02106	0.02619	0.05020	0.02824	0.24102	0.05046	0.42476	0.01053	0.01258	0.00578	0.00578
7	0.01866	0.01236	0.01495	0.01442	0.01790	0.01091	0.01076	0.02254	0.02885	0.08637	0.24577	0.17111	0.24808	0.02699	0.01371	0.00392	0.00628	0.02334	0.01189	0.01118
8	0.02025	0.01470	0.01903	0.01798	0.02039	0.01636	0.01333	0.07867	0.02280	0.03166	0.03233	0.05225	0.03172	0.22427	0.33537	0.01458	0.02302	0.01350	0.00716	0.01062

[dist]
# distance from previous block
# <min> <max>
0	4

[block]
# block no. 4 follows, 10 sequences, length 6
# corresponding to MSA columns:
# 247-252
name=unknown_E
#
# <colnr> <probs for GDERKNQSTAVLIFYWHMCP>
#	G	D	E	R	K	N	Q	S	T	A	V	L	I	F	Y	W	H	M	C	P
0	0.02612	0.02587	0.04687	0.24140	0.27730	0.02733	0.11734	0.03387	0.02552	0.03492	0.02176	0.03006	0.01724	0.01071	0.01197	0.00369	0.01550	0.01099	0.00557	0.01596
1	0.02435	0.02311	0.03920	0.39091	0.23382	0.02647	0.03349	0.03181	0.02439	0.03262	0.02109	0.03023	0.01653	0.01118	0.01159	0.00373	0.01491	0.01035	0.00537	0.01485
2	0.55192	0.02305	0.02057	0.01815	0.02400	0.02788	0.01500	0.03303	0.01942	0.04765	0.01602	0.02012	0.01310	0.01259	0.01300	0.00388	0.11418	0.00703	0.00680	0.01262
3	0.02405	0.19204	0.21169	0.02501	0.03450	0.03060	0.02695	0.03084	0.02340	0.03156	0.03675	0.03953	0.10873	0.01595	0.01566	0.00367	0.11741	0.01124	0.00607	0.01435
4	0.04581	0.02171	0.02753	0.02087	0.03016	0.01940	0.01716	0.10953	0.03450	0.37273	0.03868	0.03508	0.02538	0.01325	0.01111	0.00323	0.01005	0.01062	0.01261	0.14057
5	0.02877	0.02642	0.03215	0.03304	0.12156	0.09365	0.05847	0.11519	0.03485	0.04580	0.18527	0.05485	0.05170	0.01732	0.01266	0.00366	0.01213	0.04818	0.00959	0.01473

[dist]
# distance from previous block
# <min> <max>
0	1

[block]
# block no. 5 follows, 10 sequences, length 10
# corresponding to MSA columns:
# 254-263
name=unknown_F
#
# <colnr> <probs for GDERKNQSTAVLIFYWHMCP>
#	G	D	E	R	K	N	Q	S	T	A	V	L	I	F	Y	W	H	M	C	P
0	0.03577	0.02791	0.04572	0.03432	0.04340	0.02859	0.20160	0.12683	0.08774	0.14677	0.03107	0.03331	0.02225	0.01318	0.01485	0.00388	0.06378	0.01231	0.00937	0.01737
1	0.02858	0.02165	0.03522	0.25221	0.20619	0.02316	0.02847	0.03489	0.02593	0.11868	0.03005	0.09050	0.02528	0.01434	0.01194	0.00378	0.01306	0.01300	0.00756	0.01552
2	0.01477	0.01106	0.01330	0.01424	0.01618	0.01004	0.00986	0.01750	0.02494	0.03263	0.16141	0.29860	0.20679	0.09097	0.01902	0.00499	0.00674	0.02660	0.01078	0.00959
3	0.04545	0.01830	0.02483	0.01955	0.02737	0.01594	0.01594	0.05013	0.03322	0.43622	0.13389	0.04850	0.04406	0.01616	0.01208	0.00361	0.00906	0.01346	0.01409	0.01813
4	0.01536	0.01153	0.01424	0.01423	0.01687	0.01040	0.01042	0.01957	0.02934	0.03971	0.33108	0.18672	0.20281	0.02756	0.01394	0.00393	0.00582	0.02416	0.01193	0.01040
5	0.29117	0.02451	0.02461	0.02039	0.02829	0.02684	0.01661	0.13715	0.12001	0.15472	0.03070	0.02971	0.02179	0.01315	0.00993	0.00364	0.01002	0.00959	0.01050	0.01669
6	0.03261	0.46929	0.11182	0.02153	0.03222	0.04049	0.02227	0.03756	0.02485	0.08569	0.02012	0.02174	0.01649	0.01059	0.00837	0.00275	0.01270	0.00712	0.00605	0.01575
7	0.02266	0.11777	0.03028	0.02109	0.02641	0.02115	0.05661	0.07213	0.02664	0.03555	0.04324	0.31179	0.04781	0.02382	0.01241	0.00379	0.00977	0.02123	0.00898	0.08688
8	0.03850	0.10736	0.09384	0.03066	0.07651	0.25200	0.02446	0.04611	0.07301	0.11121	0.02557	0.02680	0.01932	0.01224	0.01061	0.00324	0.01611	0.00891	0.00760	0.01596
9	0.41942	0.02453	0.02194	0.01905	0.02638	0.02821	0.01542	0.10298	0.14845	0.05419	0.02589	0.02649	0.01952	0.01253	0.00901	0.00367	0.00958	0.00865	0.00901	0.01510

[dist]
# distance from previous block
# <min> <max>
0	1

[block]
# block no. 6 follows, 10 sequences, length 9
# corresponding to MSA columns:
# 265-273
name=unknown_G
#
# <colnr> <probs for GDERKNQSTAVLIFYWHMCP>
#	G	D	E	R	K	N	Q	S	T	A	V	L	I	F	Y	W	H	M	C	P
0	0.03388	0.02411	0.03403	0.15795	0.15210	0.02570	0.02543	0.12776	0.06896	0.13895	0.06665	0.03673	0.02826	0.01358	0.01179	0.00364	0.01226	0.01166	0.00946	0.01712
1	0.01408	0.01180	0.01225	0.01214	0.01592	0.00996	0.00910	0.01734	0.02731	0.03331	0.16687	0.10882	0.46377	0.02875	0.01374	0.00389	0.00584	0.02411	0.01105	0.00996
2	0.02696	0.02290	0.03163	0.10838	0.03700	0.02941	0.02358	0.03549	0.09709	0.07504	0.02544	0.03236	0.02106	0.02422	0.07644	0.00590	0.29490	0.01103	0.00711	0.01406
3	0.01617	0.01188	0.01515	0.01433	0.01720	0.01085	0.01075	0.02139	0.03224	0.04503	0.47084	0.08953	0.15248	0.02438	0.01372	0.00369	0.00553	0.02140	0.01259	0.01085
4	0.01808	0.01436	0.02047	0.01965	0.02107	0.01741	0.01511	0.02132	0.01827	0.02646	0.02947	0.04721	0.02893	0.15558	0.38754	0.01534	0.11451	0.01279	0.00618	0.01024
5	0.03109	0.59826	0.06095	0.01990	0.02985	0.04602	0.01990	0.03483	0.02363	0.02736	0.01617	0.01866	0.01493	0.00995	0.00746	0.00249	0.01244	0.00622	0.00498	0.01493
6	0.12307	0.01906	0.02308	0.01886	0.02623	0.01809	0.01526	0.04695	0.07573	0.32252	0.10555	0.04856	0.07372	0.01636	0.01153	0.00366	0.00887	0.01326	0.01275	0.01689
7	0.02739	0.02352	0.02824	0.27161	0.05079	0.10389	0.02341	0.03253	0.02587	0.09387	0.03429	0.16772	0.03239	0.01820	0.01225	0.00391	0.01348	0.01570	0.00789	0.01304
8	0.04539	0.03348	0.03338	0.02620	0.03503	0.09887	0.02135	0.35587	0.04844	0.14027	0.02952	0.02890	0.02060	0.01378	0.01150	0.00344	0.01339	0.01028	0.01135	0.01897

[dist]
# distance from previous block
# <min> <max>
0	2

[block]
# block no. 7 follows, 10 sequences, length 6
# corresponding to MSA columns:
# 276-281
name=unknown_H
#
# <colnr> <probs for GDERKNQSTAVLIFYWHMCP>
#	G	D	E	R	K	N	Q	S	T	A	V	L	I	F	Y	W	H	M	C	P
0	0.42548	0.02288	0.02063	0.01807	0.02474	0.02578	0.01450	0.13393	0.02821	0.05352	0.02639	0.10935	0.02431	0.01554	0.00942	0.00375	0.00952	0.01145	0.00878	0.01376
1	0.12639	0.07981	0.07619	0.02573	0.03495	0.11427	0.02248	0.28071	0.04167	0.05687	0.02330	0.02463	0.01726	0.01267	0.01049	0.00337	0.01391	0.00896	0.00908	0.01724
2	0.03114	0.22192	0.09723	0.03117	0.04131	0.09231	0.16603	0.03778	0.02739	0.06919	0.05738	0.02997	0.02368	0.01157	0.01089	0.00328	0.01544	0.01044	0.00663	0.01527
3	0.03075	0.10509	0.21897	0.02685	0.03827	0.03001	0.02802	0.09561	0.17837	0.08460	0.03159	0.03147	0.02307	0.01302	0.01100	0.00360	0.01301	0.01023	0.00866	0.01782
4	0.02865	0.02470	0.09236	0.02071	0.03051	0.01704	0.01915	0.03485	0.02638	0.13278	0.03203	0.04395	0.02693	0.01375	0.01071	0.00292	0.01035	0.07590	0.00869	0.34763
5	0.01681	0.01716	0.07263	0.01720	0.02140	0.01264	0.01498	0.02242	0.02924	0.04041	0.31008	0.15404	0.13777	0.02549	0.01379	0.00399	0.00749	0.05993	0.01123	0.01130

[dist]
# distance from previous block
# <min> <max>
7	10

[block]
# block no. 8 follows, 10 sequences, length 36
# corresponding to MSA columns:
# 292-327
name=unknown_I
#
# <colnr> <probs for GDERKNQSTAVLIFYWHMCP>
#	G	D	E	R	K	N	Q	S	T	A	V	L	I	F	Y	W	H	M	C	P
0	0.04773	0.02999	0.03103	0.02445	0.03315	0.09911	0.01988	0.22649	0.04190	0.27306	0.03468	0.03224	0.02320	0.01388	0.01150	0.00347	0.01263	0.01061	0.01209	0.01890
1	0.12342	0.02068	0.02509	0.07600	0.03304	0.01855	0.01653	0.03786	0.02604	0.17890	0.02725	0.02854	0.01970	0.01090	0.00962	0.00275	0.00977	0.00855	0.00890	0.31791
2	0.01593	0.01187	0.01482	0.01408	0.01705	0.01075	0.01056	0.02093	0.03168	0.04369	0.43610	0.09173	0.18805	0.02488	0.01372	0.00371	0.00557	0.02171	0.01241	0.01075
3	0.02463	0.02107	0.02549	0.12877	0.03714	0.02412	0.01943	0.04611	0.29481	0.04442	0.15077	0.05109	0.04888	0.01682	0.01223	0.00386	0.00959	0.01443	0.01074	0.01558
4	0.03785	0.01708	0.02110	0.01729	0.02359	0.01597	0.01390	0.07845	0.03200	0.28050	0.08500	0.04429	0.03590	0.01494	0.01067	0.00329	0.00821	0.01217	0.23186	0.01593
5	0.01725	0.01233	0.01696	0.01927	0.02140	0.01205	0.01574	0.02170	0.02619	0.03465	0.11000	0.25065	0.07421	0.03243	0.01548	0.00500	0.00907	0.28427	0.01095	0.01039
6	0.02847	0.02284	0.03782	0.32504	0.21726	0.02520	0.03127	0.03548	0.02573	0.10249	0.02462	0.03149	0.01834	0.01160	0.01160	0.00370	0.01416	0.01054	0.00666	0.01570
7	0.01665	0.01231	0.01791	0.01791	0.01972	0.01411	0.01356	0.02027	0.01846	0.02642	0.03187	0.04965	0.03080	0.15287	0.48188	0.01773	0.02856	0.01304	0.00634	0.00995
8	0.04355	0.05245	0.03321	0.02955	0.03597	0.47835	0.02242	0.10290	0.03579	0.03430	0.01927	0.02188	0.01561	0.01224	0.01064	0.00306	0.01991	0.00788	0.00673	0.01430
9	0.13523	0.02165	0.02606	0.02013	0.02908	0.02017	0.01656	0.09494	0.03247	0.34800	0.03651	0.03342	0.02404	0.01309	0.01065	0.00334	0.00991	0.01018	0.01211	0.10246
10	0.03610	0.02940	0.16142	0.02293	0.03309	0.01854	0.02284	0.04298	0.02925	0.27485	0.07612	0.08168	0.03441	0.01553	0.01168	0.00356	0.01116	0.01292	0.01078	0.07075
11	0.02227	0.02049	0.03460	0.14194	0.13423	0.02245	0.08278	0.02785	0.02298	0.03160	0.03041	0.08843	0.02958	0.07305	0.09400	0.00679	0.06792	0.04903	0.00658	0.01303
12	0.17118	0.22609	0.16530	0.08220	0.04130	0.03329	0.06519	0.03485	0.02330	0.03635	0.01846	0.02259	0.01466	0.01058	0.00928	0.00330	0.01380	0.00792	0.00555	0.01482
13	0.02735	0.01685	0.01823	0.01653	0.02147	0.01765	0.01282	0.04166	0.18498	0.10699	0.04955	0.04925	0.07655	0.01589	0.01036	0.00335	0.00732	0.01300	0.29574	0.01446
14	0.01701	0.01178	0.01505	0.01423	0.01697	0.01096	0.01067	0.02249	0.03202	0.04629	0.46234	0.08227	0.10128	0.02269	0.01313	0.00356	0.00548	0.01995	0.08085	0.01096
15	0.01438	0.01167	0.01275	0.01277	0.01617	0.01004	0.00947	0.01781	0.02759	0.03464	0.20078	0.14444	0.38934	0.02876	0.01383	0.00393	0.00587	0.02446	0.01124	0.01004
16	0.04421	0.03258	0.03490	0.02676	0.03607	0.03607	0.02211	0.47993	0.05468	0.07330	0.02792	0.02792	0.01978	0.01396	0.01163	0.00349	0.01280	0.01047	0.01163	0.01978
17	0.04155	0.01957	0.02408	0.01937	0.02684	0.01853	0.01570	0.09402	0.07212	0.32511	0.04966	0.04591	0.07355	0.01574	0.01139	0.00352	0.00914	0.01276	0.10396	0.01749
18	0.02959	0.49402	0.15201	0.02247	0.03382	0.04234	0.02437	0.03521	0.02381	0.02920	0.01708	0.01980	0.01489	0.01016	0.00816	0.00272	0.01336	0.00668	0.00496	0.01536
19	0.03409	0.14673	0.14171	0.03031	0.04156	0.03017	0.13055	0.07941	0.06754	0.14212	0.02854	0.02994	0.02050	0.01187	0.01121	0.00349	0.01427	0.01050	0.00826	0.01725
20	0.03328	0.02657	0.04154	0.11056	0.34059	0.02726	0.03100	0.10040	0.03100	0.10575	0.02573	0.03031	0.01965	0.01153	0.01157	0.00352	0.01334	0.01055	0.00765	0.01821
21	0.67341	0.02249	0.01709	0.01529	0.02249	0.02609	0.01260	0.03419	0.01979	0.05218	0.01619	0.01889	0.01260	0.01080	0.00720	0.00360	0.00900	0.00630	0.00720	0.01260
22	0.11382	0.01471	0.01778	0.01773	0.02129	0.01475	0.01428	0.02740	0.02612	0.08994	0.13911	0.08796	0.05976	0.11552	0.02082	0.00554	0.00944	0.18221	0.01043	0.01140
23	0.01456	0.01149	0.01313	0.01341	0.01639	0.01006	0.00980	0.01802	0.02743	0.03521	0.21446	0.19652	0.31970	0.02927	0.01395	0.00401	0.00595	0.02524	0.01134	0.01006
24	0.02405	0.11012	0.48735	0.03192	0.04844	0.02878	0.04083	0.03665	0.02447	0.03595	0.02044	0.02401	0.01475	0.01095	0.01072	0.00357	0.01675	0.00837	0.00492	0.01698
25	0.02163	0.01349	0.01986	0.01897	0.02203	0.01490	0.01490	0.02583	0.02075	0.09743	0.03323	0.04483	0.02904	0.07696	0.46999	0.01656	0.02816	0.01235	0.00738	0.01171
26	0.02020	0.01010	0.01515	0.01515	0.01515	0.01010	0.01010	0.01515	0.01515	0.02020	0.02020	0.03535	0.02020	0.04040	0.04545	0.66162	0.01010	0.01010	0.00505	0.00505
27	0.03677	0.10160	0.03437	0.07305	0.03567	0.03230	0.02049	0.30639	0.04279	0.05839	0.02735	0.02952	0.02039	0.01316	0.01052	0.00327	0.01180	0.00997	0.11516	0.01705
28	0.19203	0.02440	0.02590	0.01998	0.02906	0.02420	0.01634	0.16345	0.03311	0.12042	0.02521	0.02611	0.01846	0.01149	0.00957	0.00295	0.01009	0.00845	0.00938	0.22938
29	0.11693	0.10539	0.03321	0.12681	0.03979	0.03036	0.02106	0.12020	0.15072	0.09732	0.03020	0.03123	0.02231	0.01304	0.01053	0.00357	0.01155	0.01012	0.00921	0.01648
30	0.09084	0.02516	0.02681	0.02149	0.03005	0.02591	0.01722	0.15024	0.18693	0.05139	0.03079	0.03090	0.02343	0.01248	0.01028	0.00306	0.00986	0.00977	0.00970	0.23371
31	0.01955	0.02987	0.19410	0.02602	0.03387	0.01943	0.06642	0.02708	0.02193	0.03159	0.03130	0.10735	0.02945	0.04794	0.24805	0.01048	0.02223	0.01397	0.00635	0.01303
32	0.13722	0.14926	0.24378	0.02489	0.03723	0.02833	0.02778	0.04044	0.02555	0.14676	0.02478	0.02584	0.01756	0.01154	0.00987	0.00342	0.01331	0.00845	0.00741	0.01658
33	0.03141	0.09152	0.14547	0.02436	0.03223	0.02684	0.02345	0.09289	0.02749	0.12785	0.02797	0.03689	0.02323	0.12116	0.02422	0.00515	0.10375	0.01097	0.00799	0.01516
34	0.02167	0.01765	0.02093	0.01635	0.02344	0.01444	0.01232	0.02555	0.02190	0.03324	0.02543	0.03828	0.02421	0.15001	0.07721	0.00571	0.01162	0.00977	0.00686	0.44341
35	0.03687	0.08270	0.22982	0.02585	0.03795	0.02445	0.02772	0.04752	0.07217	0.24774	0.03370	0.03229	0.02272	0.01284	0.01111	0.00358	0.01293	0.01016	0.00964	0.01824

[dist]
# distance from previous block
# <min> <max>
1	18

[block]
# block no. 9 follows, 10 sequences, length 94
# corresponding to MSA columns:
# 346-418,437-457
name=unknown_J
#
# <colnr> <probs for GDERKNQSTAVLIFYWHMCP>
#	G	D	E	R	K	N	Q	S	T	A	V	L	I	F	Y	W	H	M	C	P
0	0.21797	0.09950	0.15099	0.11569	0.08320	0.02787	0.02638	0.03652	0.02387	0.08781	0.02148	0.02512	0.01597	0.01121	0.00970	0.00352	0.01293	0.00839	0.00665	0.01524
1	0.01534	0.01140	0.01430	0.01452	0.01693	0.01035	0.01053	0.01944	0.02889	0.03929	0.31950	0.22407	0.17619	0.02821	0.01402	0.00399	0.00590	0.02490	0.01190	0.01035
2	0.08560	0.20127	0.12790	0.09272	0.11345	0.03264	0.02708	0.08063	0.02772	0.07757	0.02192	0.02525	0.01689	0.01122	0.00991	0.00328	0.01336	0.00860	0.00671	0.01629
3	0.01745	0.01108	0.01309	0.01309	0.01309	0.01108	0.00755	0.01662	0.01662	0.02216	0.03394	0.06940	0.03865	0.50058	0.05693	0.11833	0.01108	0.01579	0.00672	0.00672
4	0.03558	0.09400	0.03911	0.16520	0.09453	0.03380	0.02577	0.27149	0.04041	0.05356	0.02415	0.02772	0.01801	0.01256	0.01114	0.00347	0.01354	0.00994	0.00866	0.01736
5	0.03266	0.02094	0.02447	0.02040	0.02572	0.02225	0.01573	0.20071	0.03418	0.11944	0.03369	0.04646	0.02917	0.18889	0.12436	0.00851	0.01535	0.01283	0.00977	0.01447
6	0.02879	0.02763	0.04721	0.07139	0.51871	0.02763	0.03569	0.03569	0.02648	0.03800	0.02188	0.02879	0.01842	0.01036	0.01151	0.00345	0.01382	0.01036	0.00576	0.01842
7	0.01459	0.01030	0.01337	0.01566	0.01623	0.00972	0.01023	0.01630	0.02145	0.02860	0.05993	0.50650	0.07166	0.12079	0.02159	0.00572	0.00744	0.03061	0.01023	0.00908
8	0.02991	0.51645	0.13241	0.02191	0.03297	0.04313	0.02341	0.03513	0.02377	0.02880	0.01688	0.01955	0.01490	0.01012	0.00801	0.00267	0.01316	0.00658	0.00497	0.01527
9	0.02893	0.02498	0.02630	0.02367	0.03024	0.02893	0.01841	0.06180	0.49770	0.04865	0.04734	0.04339	0.03550	0.01578	0.01183	0.00394	0.00920	0.01315	0.01183	0.01841
10	0.03109	0.59826	0.06095	0.01990	0.02985	0.04602	0.01990	0.03483	0.02363	0.02736	0.01617	0.01866	0.01493	0.00995	0.00746	0.00249	0.01244	0.00622	0.00498	0.01493
11	0.01417	0.01012	0.01350	0.01619	0.01687	0.00945	0.01080	0.01619	0.02227	0.02969	0.06410	0.58367	0.07692	0.03644	0.01484	0.00472	0.00675	0.03306	0.01080	0.00945
12	0.01672	0.01203	0.01651	0.01651	0.01783	0.01335	0.01181	0.01937	0.01804	0.02538	0.03315	0.05675	0.03388	0.27051	0.36846	0.01599	0.02392	0.01408	0.00653	0.00917
13	0.04599	0.17348	0.03658	0.02096	0.03023	0.02622	0.01823	0.08425	0.03242	0.35923	0.03663	0.03314	0.02442	0.01319	0.01057	0.00330	0.01080	0.01015	0.01169	0.01851
14	0.01573	0.01211	0.01632	0.01774	0.01854	0.01270	0.01255	0.01816	0.02280	0.03117	0.10287	0.46823	0.07288	0.03328	0.01749	0.00466	0.07331	0.02916	0.01032	0.00999
15	0.04779	0.02593	0.10362	0.02259	0.03283	0.01860	0.02103	0.05366	0.03196	0.45228	0.04208	0.03730	0.02665	0.01389	0.01160	0.00361	0.01101	0.01122	0.01295	0.01940
16	0.02800	0.02684	0.04579	0.12783	0.46838	0.02743	0.03530	0.03501	0.02611	0.03705	0.02174	0.02904	0.01809	0.01051	0.01153	0.00350	0.01401	0.01036	0.00569	0.01779
17	0.11101	0.01938	0.02501	0.01963	0.02790	0.01746	0.01612	0.05143	0.03191	0.43783	0.08338	0.04162	0.03419	0.01485	0.01142	0.00360	0.00942	0.01197	0.01354	0.01831
18	0.10275	0.02704	0.04375	0.06495	0.46177	0.02746	0.03304	0.03552	0.02571	0.03962	0.02122	0.02765	0.01775	0.01041	0.01102	0.00347	0.01326	0.00990	0.00592	0.01775
19	0.03310	0.02405	0.02642	0.02313	0.03014	0.02680	0.01817	0.06088	0.41434	0.13447	0.04708	0.04271	0.03430	0.01553	0.01181	0.00388	0.00933	0.01289	0.01229	0.01866
20	0.03476	0.02421	0.03012	0.03048	0.11009	0.02559	0.02081	0.11607	0.21141	0.14851	0.08611	0.04218	0.03630	0.01512	0.01191	0.00370	0.01028	0.01277	0.01143	0.01816
21	0.04795	0.01886	0.02564	0.01998	0.02823	0.01637	0.01637	0.05257	0.03324	0.46992	0.10114	0.04519	0.03837	0.01551	0.01194	0.00361	0.00937	0.01280	0.01421	0.01875
22	0.01987	0.01727	0.02687	0.12224	0.03645	0.01873	0.07174	0.02896	0.09468	0.03297	0.04263	0.23429	0.04340	0.03505	0.11250	0.00696	0.01480	0.01973	0.00849	0.01236
23	0.03932	0.02903	0.03279	0.02626	0.03363	0.03308	0.02152	0.29991	0.12628	0.10132	0.03102	0.03132	0.02268	0.01530	0.01571	0.00382	0.09661	0.01101	0.01091	0.01846
24	0.01483	0.01100	0.01392	0.01553	0.01733	0.01009	0.01111	0.01785	0.02512	0.03305	0.14276	0.37547	0.16804	0.03275	0.01456	0.00446	0.00673	0.06446	0.01109	0.00986
25	0.02981	0.05133	0.39775	0.03075	0.04580	0.02725	0.03683	0.10648	0.03014	0.09859	0.02481	0.02679	0.01711	0.01188	0.01121	0.00364	0.01568	0.00924	0.00702	0.01788
26	0.01653	0.01180	0.01511	0.01434	0.01666	0.01102	0.01038	0.02118	0.03049	0.04298	0.44022	0.08524	0.09948	0.11005	0.02063	0.00482	0.00637	0.02041	0.01193	0.01038
27	0.04246	0.02854	0.03115	0.02418	0.03267	0.03090	0.01988	0.37775	0.04864	0.12178	0.03117	0.03109	0.02200	0.01396	0.01123	0.00341	0.01159	0.01066	0.08823	0.01872
28	0.03142	0.02382	0.03715	0.21212	0.12369	0.02564	0.06204	0.07409	0.02820	0.12840	0.02593	0.03101	0.01907	0.01251	0.01382	0.00366	0.06128	0.01058	0.00771	0.06787
29	0.03109	0.59826	0.06095	0.01990	0.02985	0.04602	0.01990	0.03483	0.02363	0.02736	0.01617	0.01866	0.01493	0.00995	0.00746	0.00249	0.01244	0.00622	0.00498	0.01493
30	0.67341	0.02249	0.01709	0.01529	0.02249	0.02609	0.01260	0.03419	0.01979	0.05218	0.01619	0.01889	0.01260	0.01080	0.00720	0.00360	0.00900	0.00630	0.00720	0.01260
31	0.03116	0.03935	0.21671	0.04319	0.16573	0.02750	0.10706	0.09136	0.03009	0.09773	0.02527	0.02886	0.01835	0.01140	0.01175	0.00363	0.01538	0.01046	0.00717	0.01786
32	0.02624	0.02782	0.05563	0.19039	0.15128	0.02813	0.27583	0.03495	0.02615	0.03538	0.02246	0.03079	0.01722	0.01039	0.01275	0.00382	0.01743	0.01219	0.00567	0.01546
33	0.01730	0.01135	0.01397	0.01464	0.01512	0.01128	0.00955	0.01773	0.01874	0.02485	0.04128	0.13023	0.04694	0.38794	0.04666	0.08434	0.01060	0.08212	0.00775	0.00761
34	0.03909	0.02317	0.02731	0.02167	0.02911	0.02362	0.01760	0.22972	0.04241	0.20146	0.16435	0.04735	0.04680	0.01675	0.01222	0.00357	0.00995	0.01369	0.01277	0.01740
