[name]
unknown

[dist]
# distance from previous block
# <min> <max>
0	30

[block]
# block no. 0 follows, 12 sequences, length 30
# corresponding to MSA columns:
# 30-59
name=unknown_A
#
# <colnr> <probs for GDERKNQSTAVLIFYWHMCP>
#	G	D	E	R	K	N	Q	S	T	A	V	L	I	F	Y	W	H	M	C	P
0	0.02022	0.01454	0.01925	0.02063	0.02383	0.01491	0.01792	0.07685	0.02800	0.03663	0.05424	0.11227	0.05785	0.02823	0.01460	0.00483	0.01026	0.42383	0.01014	0.01098
1	0.20311	0.02180	0.02469	0.01943	0.02752	0.02198	0.01604	0.14911	0.03256	0.32643	0.03259	0.03002	0.02146	0.01259	0.00993	0.00335	0.00967	0.00949	0.01130	0.01692
2	0.03241	0.24295	0.13661	0.02368	0.03376	0.03501	0.02328	0.22015	0.07458	0.04550	0.02258	0.02373	0.01728	0.01141	0.00945	0.00301	0.01236	0.00830	0.00758	0.01640
3	0.01349	0.00965	0.01284	0.01504	0.01586	0.00899	0.01014	0.01570	0.02184	0.02936	0.10662	0.55880	0.07508	0.03302	0.01382	0.00433	0.00621	0.02991	0.01030	0.00899
4	0.03042	0.09515	0.09483	0.03336	0.04317	0.08271	0.21913	0.13174	0.08563	0.04094	0.02386	0.02725	0.01801	0.01089	0.01116	0.00336	0.01528	0.01048	0.00702	0.01559
5	0.03306	0.30764	0.04394	0.02279	0.03114	0.10042	0.04885	0.09223	0.10652	0.07957	0.02394	0.02473	0.01878	0.01117	0.00911	0.00288	0.01240	0.00830	0.00727	0.01527
6	0.01496	0.01117	0.01410	0.01603	0.01733	0.01106	0.01098	0.02035	0.08233	0.02998	0.05820	0.54089	0.06742	0.03182	0.01358	0.00434	0.00660	0.02874	0.01024	0.00987
7	0.01999	0.01817	0.02599	0.02344	0.02435	0.02417	0.01908	0.02308	0.01708	0.02581	0.02126	0.03271	0.02036	0.04835	0.28682	0.01072	0.33189	0.01054	0.00527	0.01090
8	0.09244	0.02297	0.02598	0.02114	0.02877	0.02420	0.01712	0.15404	0.19529	0.24313	0.03750	0.03429	0.02593	0.01355	0.01065	0.00346	0.00960	0.01074	0.01160	0.01759
9	0.02074	0.02035	0.03813	0.02924	0.03526	0.02007	0.22956	0.02739	0.02726	0.03820	0.26449	0.05317	0.05663	0.01626	0.01507	0.00367	0.06793	0.01575	0.00847	0.01238
10	0.04747	0.02089	0.02675	0.02051	0.02900	0.01948	0.01694	0.14242	0.03511	0.46156	0.03974	0.03499	0.02535	0.01342	0.01095	0.00335	0.00981	0.01074	0.01299	0.01855
11	0.02236	0.02066	0.03337	0.30128	0.21872	0.02316	0.02777	0.03073	0.06607	0.03191	0.02681	0.09959	0.02400	0.01366	0.01125	0.00361	0.01252	0.01250	0.00620	0.01384
12	0.02227	0.02110	0.03574	0.45287	0.19968	0.02467	0.03112	0.02933	0.02260	0.02990	0.01968	0.02852	0.01525	0.01059	0.01087	0.00353	0.01412	0.00970	0.00499	0.01347
13	0.01324	0.00966	0.01247	0.01472	0.01569	0.00889	0.00992	0.01523	0.02132	0.02801	0.06567	0.55378	0.12442	0.03343	0.01380	0.00435	0.00624	0.03011	0.01012	0.00889
14	0.01949	0.01477	0.01519	0.01399	0.01836	0.01463	0.01079	0.07851	0.09820	0.03825	0.07729	0.07469	0.31397	0.02131	0.01139	0.00342	0.00659	0.01755	0.14004	0.01156
15	0.01476	0.01031	0.01321	0.01497	0.01571	0.00998	0.01025	0.01659	0.02003	0.02657	0.05186	0.36676	0.06069	0.21130	0.02679	0.00640	0.00822	0.09821	0.00904	0.00836
16	0.09240	0.14772	0.17577	0.02251	0.03196	0.02735	0.02281	0.09402	0.08762	0.08357	0.02853	0.08927	0.02408	0.01387	0.00995	0.00334	0.01145	0.01090	0.00773	0.01513
17	0.01397	0.01037	0.01310	0.01446	0.01623	0.00950	0.01038	0.01692	0.02396	0.03164	0.16396	0.36573	0.17278	0.03020	0.01360	0.00413	0.00623	0.06305	0.01048	0.00930
18	0.02189	0.02469	0.09016	0.42071	0.06596	0.02497	0.08318	0.03206	0.06840	0.03094	0.02196	0.02953	0.01638	0.01101	0.01108	0.00363	0.01459	0.01011	0.00546	0.01328
19	0.07989	0.04198	0.34410	0.07253	0.04272	0.02425	0.03145	0.03888	0.08474	0.09971	0.02504	0.02692	0.01766	0.01130	0.01027	0.00348	0.01363	0.00888	0.00666	0.01588
20	0.69383	0.02109	0.01603	0.01434	0.02109	0.02446	0.01181	0.03205	0.01856	0.04892	0.01518	0.01771	0.01181	0.01012	0.00675	0.00337	0.00843	0.00590	0.00675	0.01181
21	0.01360	0.00994	0.01288	0.01510	0.01626	0.00921	0.01054	0.01587	0.02172	0.02844	0.06598	0.50703	0.12842	0.03302	0.01389	0.00439	0.00655	0.06805	0.01011	0.00900
22	0.02468	0.04635	0.39692	0.02769	0.04100	0.02519	0.03294	0.12533	0.02871	0.04061	0.03092	0.03271	0.07350	0.01280	0.01075	0.00344	0.01414	0.01006	0.00644	0.01582
23	0.02363	0.02692	0.07884	0.39965	0.11037	0.07761	0.06913	0.03099	0.02337	0.02956	0.01947	0.02751	0.01484	0.01064	0.01090	0.00351	0.01532	0.00956	0.00500	0.01316
24	0.01373	0.00981	0.01316	0.01569	0.01652	0.00924	0.01089	0.01595	0.02131	0.02833	0.05985	0.55925	0.07114	0.03374	0.01404	0.00449	0.00671	0.07705	0.01011	0.00898
25	0.02187	0.05640	0.56031	0.03108	0.04719	0.02532	0.04029	0.03453	0.02302	0.03453	0.01957	0.02302	0.01381	0.01036	0.01036	0.00345	0.01611	0.00806	0.00460	0.01611
26	0.13546	0.01918	0.02439	0.19298	0.03982	0.02144	0.01925	0.03847	0.13333	0.13808	0.03367	0.10153	0.02756	0.01494	0.01065	0.00365	0.01025	0.01248	0.00884	0.01404
27	0.03178	0.07733	0.08125	0.02014	0.02739	0.02115	0.01784	0.13758	0.03108	0.18680	0.04393	0.16329	0.07680	0.01846	0.01134	0.00352	0.00982	0.01539	0.01018	0.01495
28	0.02083	0.05073	0.49409	0.02916	0.04340	0.02333	0.03664	0.03219	0.02276	0.03372	0.02447	0.09396	0.02086	0.01324	0.01079	0.00357	0.01493	0.01083	0.00527	0.01524
29	0.23699	0.02190	0.02869	0.08142	0.03385	0.02422	0.07685	0.07997	0.02579	0.12578	0.06706	0.03045	0.02386	0.01305	0.01304	0.00360	0.08162	0.00996	0.00810	0.01381

[dist]
# distance from previous block
# <min> <max>
5	12

[block]
# block no. 1 follows, 12 sequences, length 6
# corresponding to MSA columns:
# 72-77
name=unknown_B
#
# <colnr> <probs for GDERKNQSTAVLIFYWHMCP>
#	G	D	E	R	K	N	Q	S	T	A	V	L	I	F	Y	W	H	M	C	P
0	0.13186	0.02166	0.02214	0.01972	0.02478	0.05390	0.01531	0.08339	0.13722	0.04018	0.03411	0.16652	0.03261	0.01783	0.01281	0.00356	0.06173	0.01420	0.00868	0.09779
1	0.09853	0.19391	0.03266	0.01919	0.02641	0.02740	0.01632	0.09317	0.10134	0.15440	0.03273	0.10289	0.02754	0.01478	0.00980	0.00325	0.00971	0.01164	0.00920	0.01513
2	0.23996	0.02392	0.02951	0.02281	0.03115	0.02482	0.07979	0.16673	0.03200	0.20474	0.02736	0.02731	0.01877	0.01180	0.00991	0.00339	0.01092	0.00937	0.00972	0.01600
3	0.02064	0.02171	0.09394	0.02313	0.02851	0.01760	0.08555	0.09997	0.02669	0.03623	0.04411	0.35929	0.04823	0.02422	0.01283	0.00401	0.01019	0.02211	0.00889	0.01216
4	0.09554	0.01922	0.02324	0.01942	0.02599	0.01904	0.01605	0.13520	0.03313	0.25621	0.10941	0.05309	0.04025	0.01700	0.01150	0.00362	0.00930	0.08578	0.01160	0.01543
5	0.02661	0.02183	0.03524	0.30037	0.12614	0.02422	0.07434	0.03734	0.10493	0.09914	0.02678	0.03168	0.01969	0.01152	0.01112	0.00356	0.01309	0.01059	0.00708	0.01473

[dist]
# distance from previous block
# <min> <max>
0	14

[block]
# block no. 2 follows, 12 sequences, length 78
# corresponding to MSA columns:
# 92-169
name=unknown_C
#
# <colnr> <probs for GDERKNQSTAVLIFYWHMCP>
#	G	D	E	R	K	N	Q	S	T	A	V	L	I	F	Y	W	H	M	C	P
0	0.02739	0.32356	0.21494	0.07296	0.03891	0.03473	0.02688	0.08484	0.02556	0.03338	0.01814	0.02122	0.01447	0.01021	0.00885	0.00291	0.01339	0.00732	0.00534	0.01501
1	0.01686	0.01347	0.01968	0.01979	0.02237	0.01334	0.05729	0.02324	0.07734	0.03147	0.05446	0.38751	0.06084	0.02892	0.01377	0.00441	0.00848	0.12642	0.00980	0.01056
2	0.02112	0.02482	0.09932	0.30593	0.05617	0.02446	0.09309	0.02802	0.02165	0.02939	0.02345	0.09056	0.02093	0.01430	0.01499	0.00387	0.09768	0.01221	0.00547	0.01257
3	0.03490	0.02822	0.03632	0.09745	0.04110	0.11554	0.12007	0.08020	0.06904	0.17217	0.02781	0.02993	0.01993	0.01248	0.01328	0.00351	0.06390	0.01044	0.00836	0.01533
4	0.02470	0.02561	0.04963	0.20135	0.21000	0.02616	0.23488	0.03255	0.02439	0.03320	0.02086	0.02859	0.01621	0.00982	0.01171	0.00353	0.01569	0.01105	0.00530	0.01477
5	0.01706	0.01235	0.01521	0.01596	0.01793	0.01215	0.01145	0.07022	0.02519	0.03354	0.09866	0.38194	0.09700	0.08062	0.01713	0.00475	0.00745	0.06137	0.01006	0.00995
6	0.07896	0.09707	0.04210	0.17102	0.04789	0.02770	0.17065	0.07448	0.06991	0.03755	0.05788	0.03119	0.02287	0.01143	0.01085	0.00343	0.01350	0.01081	0.00673	0.01398
7	0.02431	0.12518	0.26143	0.03270	0.04542	0.02749	0.19292	0.03363	0.02377	0.03349	0.01975	0.02434	0.01502	0.00957	0.01047	0.00317	0.01537	0.00919	0.00512	0.08766
8	0.01367	0.00976	0.01309	0.01562	0.01642	0.00919	0.01079	0.01585	0.02125	0.02826	0.05988	0.56607	0.07128	0.03380	0.01402	0.00448	0.00666	0.07083	0.01011	0.00896
9	0.02898	0.02558	0.04819	0.10235	0.13334	0.02517	0.26072	0.03871	0.07109	0.11327	0.02665	0.03114	0.01951	0.01061	0.01187	0.00356	0.01483	0.01167	0.00712	0.01565
10	0.02202	0.02083	0.03528	0.47385	0.18070	0.02460	0.03099	0.02911	0.02248	0.02959	0.01963	0.02861	0.01514	0.01064	0.01088	0.00355	0.01418	0.00970	0.00497	0.01326
11	0.01596	0.01307	0.01438	0.01449	0.01778	0.01269	0.01066	0.02415	0.12266	0.03328	0.11756	0.22042	0.28958	0.02639	0.01280	0.00386	0.00631	0.02273	0.01046	0.01077
12	0.03890	0.02736	0.02987	0.02369	0.03176	0.03003	0.01931	0.34660	0.16422	0.12267	0.03263	0.03102	0.02313	0.01355	0.01096	0.00339	0.01085	0.01056	0.01127	0.01823
13	0.16278	0.02437	0.03624	0.08922	0.04006	0.02646	0.15959	0.11257	0.06885	0.04364	0.06752	0.03152	0.02439	0.01246	0.01247	0.00360	0.05166	0.01093	0.00755	0.01411
14	0.02366	0.11934	0.38346	0.03302	0.04713	0.02802	0.14677	0.03439	0.02355	0.03354	0.01961	0.02383	0.01447	0.00996	0.01053	0.00337	0.01610	0.00890	0.00482	0.01553
15	0.01496	0.01095	0.01441	0.01657	0.01840	0.01040	0.01287	0.01825	0.02315	0.03001	0.06635	0.34053	0.13590	0.03159	0.01423	0.00456	0.00771	0.20968	0.01009	0.00939
16	0.02394	0.21785	0.41703	0.02754	0.04172	0.03040	0.03413	0.03399	0.02277	0.03200	0.01831	0.02145	0.01386	0.01007	0.00940	0.00313	0.01485	0.00742	0.00462	0.01551
17	0.03750	0.02754	0.03002	0.11706	0.03838	0.07496	0.02080	0.29633	0.03998	0.12227	0.02716	0.02856	0.01927	0.01260	0.01060	0.00326	0.01224	0.00973	0.05534	0.01640
18	0.07412	0.02210	0.03822	0.02891	0.03639	0.02143	0.23274	0.08039	0.02896	0.04079	0.15076	0.05101	0.11455	0.01535	0.01219	0.00356	0.01207	0.01504	0.00832	0.01310
19	0.01866	0.00957	0.01400	0.01400	0.01400	0.00957	0.00921	0.01435	0.01435	0.01914	0.02032	0.03657	0.02079	0.08977	0.04377	0.62252	0.00957	0.01004	0.00490	0.00490
20	0.02059	0.01938	0.03270	0.59060	0.07510	0.02422	0.03028	0.02786	0.02180	0.02786	0.01938	0.02907	0.01453	0.01090	0.01090	0.00363	0.01453	0.00969	0.00484	0.01211
21	0.02189	0.01320	0.01765	0.01810	0.02177	0.01244	0.01533	0.02647	0.02659	0.11976	0.10634	0.10248	0.12935	0.02631	0.01387	0.00441	0.00883	0.29304	0.01080	0.01135
22	0.02061	0.02045	0.04052	0.03205	0.03846	0.01952	0.26880	0.02695	0.02379	0.03206	0.03743	0.18109	0.03805	0.02476	0.06209	0.00527	0.01514	0.09346	0.00736	0.01214
23	0.10731	0.01635	0.01899	0.01672	0.02169	0.01629	0.01344	0.09358	0.03101	0.13001	0.23473	0.06548	0.10304	0.01943	0.01178	0.00359	0.00772	0.06493	0.01108	0.01283
24	0.01481	0.01093	0.01398	0.01470	0.01695	0.01011	0.01111	0.01869	0.02633	0.03541	0.26590	0.22811	0.16252	0.02753	0.01350	0.00399	0.00632	0.09852	0.01088	0.00970
25	0.02298	0.02207	0.03693	0.37175	0.10723	0.02533	0.09694	0.03435	0.10651	0.03250	0.02400	0.03085	0.01817	0.01119	0.01120	0.00362	0.01397	0.01058	0.00602	0.01380
26	0.02765	0.11644	0.35667	0.02924	0.04271	0.02620	0.08446	0.03742	0.02456	0.11977	0.02318	0.02537	0.01631	0.01063	0.01032	0.00333	0.01469	0.00879	0.00618	0.01611
27	0.10698	0.03670	0.02746	0.02303	0.03033	0.28079	0.01791	0.11569	0.03080	0.03832	0.01886	0.02129	0.01509	0.01061	0.00922	0.00264	0.01420	0.00722	0.00683	0.18605
28	0.08145	0.02224	0.02254	0.01857	0.02573	0.06667	0.01474	0.07065	0.11668	0.15150	0.04389	0.04216	0.10851	0.01443	0.01027	0.00305	0.00931	0.01144	0.00965	0.15652
29	0.04298	0.02482	0.02878	0.02242	0.03075	0.02574	0.01841	0.27340	0.09477	0.26769	0.03511	0.03227	0.02363	0.01344	0.01095	0.00336	0.01051	0.01056	0.01200	0.01841
30	0.02551	0.02440	0.04159	0.18762	0.43962	0.02552	0.03273	0.03217	0.02413	0.03383	0.02025	0.02747	0.01664	0.00999	0.01082	0.00333	0.01332	0.00971	0.00527	0.01608
31	0.02348	0.02033	0.03074	0.43457	0.06190	0.02430	0.02653	0.10719	0.02766	0.03633	0.07726	0.03427	0.02477	0.01250	0.01111	0.00355	0.01310	0.01080	0.00662	0.01298
32	0.02826	0.55415	0.11857	0.02017	0.03033	0.04097	0.02130	0.03288	0.02226	0.02674	0.01570	0.01817	0.01397	0.00945	0.00741	0.00247	0.01220	0.00610	0.00466	0.01425
33	0.01748	0.01403	0.01600	0.01540	0.01891	0.01411	0.01154	0.02813	0.15504	0.03847	0.24187	0.14829	0.19203	0.02332	0.01256	0.00370	0.00629	0.02019	0.01104	0.01160
34	0.01894	0.00947	0.01420	0.01420	0.01420	0.00947	0.00947	0.01420	0.01420	0.01894	0.01894	0.03314	0.01894	0.03788	0.04261	0.68277	0.00947	0.00947	0.00473	0.00473
35	0.02699	0.02591	0.04426	0.06693	0.54879	0.02591	0.03346	0.03346	0.02483	0.03562	0.02051	0.02699	0.01727	0.00972	0.01079	0.00324	0.01295	0.00972	0.00540	0.01727
36	0.02059	0.01938	0.03270	0.59060	0.07510	0.02422	0.03028	0.02786	0.02180	0.02786	0.01938	0.02907	0.01453	0.01090	0.01090	0.00363	0.01453	0.00969	0.00484	0.01211
37	0.02699	0.02591	0.04426	0.06693	0.54879	0.02591	0.03346	0.03346	0.02483	0.03562	0.02051	0.02699	0.01727	0.00972	0.01079	0.00324	0.01295	0.00972	0.00540	0.01727
38	0.01543	0.01115	0.01457	0.01372	0.01629	0.01029	0.01029	0.02058	0.03086	0.04372	0.54304	0.08145	0.10288	0.02229	0.01286	0.00343	0.00514	0.01972	0.01200	0.01029
39	0.02362	0.05408	0.51303	0.03054	0.04599	0.02608	0.03853	0.07736	0.02555	0.03759	0.02016	0.02330	0.01424	0.01060	0.01041	0.00344	0.01575	0.00821	0.00517	0.01633
40	0.02996	0.02729	0.05103	0.03759	0.04623	0.02780	0.31579	0.08747	0.02768	0.10081	0.02378	0.02908	0.01767	0.01177	0.01621	0.00378	0.11222	0.01175	0.00695	0.01513
41	0.01498	0.01113	0.01395	0.01325	0.01601	0.01010	0.00993	0.01971	0.02980	0.04121	0.46676	0.08559	0.18073	0.02323	0.01286	0.00347	0.00521	0.02030	0.01167	0.01010
42	0.03148	0.01952	0.02268	0.01849	0.02468	0.01956	0.01486	0.19800	0.03704	0.16375	0.18091	0.05628	0.12972	0.01802	0.01177	0.00340	0.00851	0.01488	0.01164	0.01481
43	0.02276	0.12562	0.49888	0.02956	0.04485	0.02750	0.03764	0.03430	0.02291	0.03345	0.01903	0.02235	0.01383	0.01023	0.00995	0.00332	0.01557	0.00779	0.00461	0.01586
44	0.02242	0.09958	0.52199	0.03013	0.04573	0.02668	0.03864	0.03439	0.02295	0.03385	0.01923	0.02260	0.01383	0.01028	0.01010	0.00337	0.01577	0.00789	0.00461	0.01595
45	0.02896	0.01573	0.01881	0.01677	0.02163	0.01567	0.01298	0.03930	0.14336	0.19413	0.08751	0.12831	0.04201	0.01747	0.01082	0.00342	0.00735	0.01485	0.16679	0.01413
46	0.03325	0.43199	0.04774	0.01969	0.02801	0.03605	0.01850	0.03682	0.02377	0.14801	0.02151	0.02256	0.01702	0.01113	0.01041	0.00278	0.06185	0.00734	0.00671	0.01487
47	0.02973	0.02371	0.03502	0.02765	0.03387	0.02579	0.13193	0.09762	0.14601	0.10908	0.03072	0.03635	0.02429	0.07907	0.02036	0.00452	0.10887	0.01188	0.00857	0.01496
48	0.01361	0.01005	0.01213	0.01363	0.01490	0.00923	0.00909	0.01541	0.02101	0.02712	0.06810	0.39746	0.18179	0.12917	0.02056	0.00526	0.00683	0.02654	0.00954	0.00857
49	0.17597	0.02589	0.11610	0.36527	0.05803	0.02446	0.02768	0.02993	0.02126	0.03382	0.01844	0.02545	0.01379	0.01063	0.00985	0.00354	0.01339	0.00855	0.00524	0.01270
50	0.02071	0.01442	0.01840	0.05598	0.02415	0.01436	0.01452	0.07561	0.02894	0.07343	0.17501	0.14683	0.14136	0.02405	0.01303	0.00396	0.00815	0.12514	0.01051	0.01146
51	0.13228	0.02493	0.02779	0.02158	0.02993	0.02612	0.01782	0.28156	0.03960	0.24226	0.03078	0.02899	0.02069	0.01283	0.01037	0.00332	0.01053	0.00970	0.01128	0.01764
52	0.01422	0.01016	0.01372	0.01625	0.01729	0.00966	0.01174	0.01680	0.02180	0.02888	0.05958	0.50369	0.07008	0.03328	0.01417	0.00456	0.00713	0.12778	0.01010	0.00911
53	0.02635	0.36985	0.12487	0.09339	0.03902	0.03617	0.06552	0.03202	0.02211	0.02803	0.01683	0.02122	0.01428	0.01044	0.01075	0.00296	0.05995	0.00752	0.00476	0.01396
54	0.02115	0.01995	0.03371	0.54520	0.11617	0.02437	0.03056	0.02834	0.02206	0.02853	0.01948	0.02889	0.01477	0.01080	0.01089	0.00360	0.01440	0.00969	0.00489	0.01256
55	0.01773	0.01289	0.01701	0.01537	0.01643	0.01354	0.04248	0.01917	0.01746	0.02488	0.03203	0.06088	0.03457	0.45292	0.04514	0.00865	0.05812	0.01444	0.08827	0.00803
56	0.37179	0.02102	0.02185	0.02304	0.09750	0.02301	0.01573	0.06719	0.05814	0.09049	0.02354	0.02563	0.01778	0.01118	0.00837	0.00327	0.00900	0.00810	0.08958	0.01379
57	0.10436	0.03020	0.09471	0.07323	0.03642	0.03031	0.02309	0.25551	0.07851	0.05116	0.02357	0.02607	0.01760	0.01320	0.01377	0.00358	0.09105	0.00935	0.00836	0.01596
58	0.08161	0.01943	0.03037	0.47160	0.06471	0.02324	0.02696	0.03130	0.02267	0.09418	0.02191	0.02908	0.01582	0.01115	0.01055	0.00358	0.01337	0.00952	0.00606	0.01287
59	0.02478	0.04960	0.42890	0.03236	0.04688	0.02666	0.10124	0.09293	0.02684	0.03876	0.02071	0.02427	0.01476	0.01053	0.01076	0.00346	0.01592	0.00892	0.00550	0.01622
60	0.03362	0.03313	0.13002	0.03264	0.04335	0.02834	0.19142	0.21943	0.03564	0.10430	0.02549	0.02795	0.01799	0.01134	0.01150	0.00345	0.01458	0.01070	0.00829	0.01682
61	0.02457	0.01981	0.03274	0.47827	0.10786	0.02336	0.02880	0.03140	0.02320	0.09301	0.02236	0.02988	0.01628	0.01112	0.01090	0.00357	0.01376	0.00985	0.00595	0.01332
62	0.02059	0.01938	0.03270	0.59060	0.07510	0.02422	0.03028	0.02786	0.02180	0.02786	0.01938	0.02907	0.01453	0.01090	0.01090	0.00363	0.01453	0.00969	0.00484	0.01211
63	0.02653	0.02203	0.03404	0.08924	0.03859	0.06200	0.14466	0.03214	0.02535	0.10982	0.03636	0.10024	0.03408	0.01832	0.01436	0.00405	0.05296	0.13412	0.00815	0.01297
64	0.03789	0.02414	0.02908	0.08436	0.03498	0.10927	0.06183	0.04278	0.02960	0.29550	0.10180	0.03865	0.03282	0.01364	0.01120	0.00334	0.01182	0.01153	0.01034	0.01542
65	0.02187	0.05640	0.56031	0.03108	0.04719	0.02532	0.04029	0.03453	0.02302	0.03453	0.01957	0.02302	0.01381	0.01036	0.01036	0.00345	0.01611	0.00806	0.00460	0.01611
66	0.03072	0.03608	0.23441	0.03508	0.08810	0.02346	0.16145	0.03960	0.02615	0.17654	0.02670	0.02894	0.01844	0.01084	0.01125	0.00347	0.01460	0.01031	0.00734	0.01649
67	0.02875	0.02635	0.08544	0.15851	0.13273	0.02428	0.13904	0.03914	0.08692	0.12681	0.02743	0.03112	0.01988	0.01119	0.01133	0.00352	0.01366	0.01084	0.00736	0.01568
68	0.02457	0.12912	0.27738	0.03549	0.04846	0.02891	0.23404	0.03442	0.02403	0.03338	0.01996	0.02489	0.01499	0.00972	0.01091	0.00338	0.01641	0.00975	0.00500	0.01521
69	0.02059	0.01938	0.03270	0.59060	0.07510	0.02422	0.03028	0.02786	0.02180	0.02786	0.01938	0.02907	0.01453	0.01090	0.01090	0.00363	0.01453	0.00969	0.00484	0.01211
70	0.02457	0.04375	0.38720	0.10408	0.04653	0.02303	0.03396	0.03497	0.02438	0.09795	0.05744	0.02947	0.02148	0.01161	0.01067	0.00347	0.01433	0.00941	0.00622	0.01548
71	0.02367	0.19626	0.43619	0.02801	0.04245	0.02972	0.03495	0.03407	0.02281	0.03234	0.01848	0.02166	0.01386	0.01010	0.00953	0.00318	0.01502	0.00751	0.00462	0.01559
72	0.01441	0.01062	0.01363	0.01575	0.01683	0.01034	0.01070	0.01866	0.06221	0.02928	0.05882	0.56341	0.06896	0.03258	0.01369	0.00437	0.00651	0.02948	0.01020	0.00954
73	0.01566	0.01124	0.01483	0.01684	0.01856	0.01090	0.01319	0.01893	0.02265	0.02949	0.05989	0.26488	0.10198	0.10279	0.01947	0.00541	0.00860	0.24584	0.00965	0.00919
74	0.03007	0.03133	0.11142	0.17525	0.05163	0.07050	0.15485	0.10978	0.02934	0.09415	0.02353	0.02800	0.01690	0.01102	0.01127	0.00347	0.01522	0.01025	0.00693	0.01508
75	0.10424	0.08538	0.03266	0.41202	0.05959	0.02654	0.02571	0.03134	0.06271	0.03163	0.02044	0.02737	0.01567	0.01095	0.00999	0.00347	0.01300	0.00902	0.00557	0.01270
76	0.07383	0.01628	0.02103	0.09394	0.02906	0.01623	0.01530	0.03527	0.06889	0.20340	0.19830	0.05474	0.09456	0.01700	0.01144	0.00348	0.00827	0.01434	0.01091	0.01373
77	0.02992	0.08183	0.12465	0.02696	0.07635	0.02755	0.02288	0.14258	0.18374	0.07967	0.03590	0.03537	0.05748	0.01351	0.01066	0.00338	0.01113	0.01088	0.00896	0.01660

[dist]
# distance from previous block
# <min> <max>
8	21

[block]
# block no. 3 follows, 12 sequences, length 83
# corresponding to MSA columns:
# 191-273
name=unknown_D
#
# <colnr> <probs for GDERKNQSTAVLIFYWHMCP>
#	G	D	E	R	K	N	Q	S	T	A	V	L	I	F	Y	W	H	M	C	P
0	0.03928	0.02752	0.15899	0.02239	0.03222	0.01805	0.02226	0.04569	0.02860	0.37780	0.03846	0.04136	0.02692	0.01421	0.01118	0.00354	0.01106	0.05233	0.01095	0.01717
1	0.02253	0.10779	0.51470	0.02995	0.04545	0.02694	0.03832	0.03436	0.02294	0.03373	0.01917	0.02252	0.01383	0.01027	0.01005	0.00335	0.01571	0.00786	0.00461	0.01592
2	0.04332	0.02053	0.02589	0.02065	0.02848	0.01972	0.01704	0.12754	0.07921	0.38923	0.04146	0.04215	0.02888	0.01481	0.01128	0.00351	0.00973	0.04620	0.01259	0.01779
3	0.28966	0.02322	0.03153	0.06667	0.07406	0.02432	0.10797	0.07919	0.02594	0.14399	0.02352	0.02589	0.01683	0.01089	0.00966	0.00343	0.01152	0.00907	0.00796	0.01469
4	0.03611	0.01804	0.02316	0.01940	0.02576	0.01718	0.01601	0.11431	0.03322	0.29349	0.13292	0.05872	0.04570	0.01799	0.01203	0.00366	0.00910	0.09545	0.01220	0.01554
5	0.08934	0.02094	0.03125	0.17263	0.07696	0.02210	0.07214	0.08613	0.02786	0.15121	0.03131	0.04428	0.02546	0.01442	0.01140	0.00371	0.01215	0.08375	0.00848	0.01446
6	0.26246	0.01945	0.02504	0.16106	0.12191	0.02181	0.02116	0.02904	0.02193	0.03784	0.02719	0.04701	0.02549	0.01500	0.01038	0.00380	0.01101	0.11921	0.00686	0.01237
7	0.03546	0.02827	0.03295	0.02629	0.03205	0.03367	0.02179	0.34698	0.03950	0.05426	0.02214	0.02539	0.01710	0.01513	0.01937	0.00378	0.21103	0.00972	0.00882	0.01629
8	0.01793	0.01150	0.01528	0.01511	0.01771	0.01063	0.01138	0.02221	0.02799	0.08214	0.34193	0.20808	0.08554	0.02509	0.01315	0.00381	0.00621	0.06220	0.01150	0.01062
9	0.02606	0.02104	0.03718	0.12532	0.04242	0.02213	0.16870	0.03189	0.02466	0.11980	0.08185	0.09762	0.03251	0.01569	0.01568	0.00383	0.09824	0.01418	0.00779	0.01341
10	0.02390	0.02269	0.03258	0.49974	0.06844	0.06373	0.02877	0.07289	0.02511	0.03148	0.01982	0.02815	0.01486	0.01112	0.01083	0.00354	0.01467	0.00951	0.00545	0.01273
11	0.04145	0.03054	0.03272	0.02509	0.03381	0.03381	0.02072	0.51243	0.05127	0.06872	0.02618	0.02618	0.01854	0.01309	0.01091	0.00327	0.01200	0.00982	0.01091	0.01854
12	0.24085	0.02408	0.03306	0.10064	0.28768	0.02594	0.02513	0.07281	0.02474	0.04186	0.01917	0.02417	0.01535	0.01025	0.00952	0.00333	0.01159	0.00850	0.00624	0.01510
13	0.12533	0.02314	0.03544	0.32088	0.05720	0.02640	0.10492	0.11014	0.02686	0.03895	0.02032	0.02695	0.01513	0.01087	0.01061	0.00354	0.01384	0.00967	0.00625	0.01356
14	0.02014	0.01273	0.01769	0.01812	0.02120	0.01255	0.01509	0.02494	0.02600	0.09051	0.16698	0.09205	0.06317	0.03412	0.09673	0.00632	0.01163	0.24881	0.01026	0.01097
15	0.01394	0.01015	0.01314	0.01437	0.01588	0.00935	0.01002	0.01696	0.02442	0.03308	0.21961	0.39812	0.12097	0.02980	0.01349	0.00405	0.00588	0.02671	0.01073	0.00935
16	0.02676	0.28510	0.30229	0.02575	0.03804	0.08907	0.02956	0.03470	0.02348	0.03013	0.01751	0.02044	0.01391	0.01003	0.00895	0.00293	0.01468	0.00705	0.00473	0.01490
17	0.02375	0.20314	0.43008	0.02786	0.04222	0.02993	0.03469	0.03404	0.02280	0.03223	0.01843	0.02159	0.01386	0.01009	0.00949	0.00316	0.01496	0.00748	0.00462	0.01557
18	0.02277	0.01257	0.01671	0.01697	0.02025	0.01152	0.01319	0.02609	0.02481	0.15451	0.06087	0.29740	0.10986	0.02754	0.01339	0.00425	0.00787	0.13702	0.01090	0.01149
19	0.01540	0.01533	0.07253	0.01662	0.01907	0.01219	0.01331	0.01845	0.01905	0.02628	0.04195	0.27698	0.04705	0.18924	0.15666	0.00897	0.01387	0.02015	0.00763	0.00928
20	0.02994	0.13528	0.29803	0.02789	0.04053	0.02619	0.08144	0.03873	0.02514	0.15829	0.02475	0.02620	0.01730	0.01082	0.01024	0.00328	0.01401	0.00892	0.00684	0.01621
21	0.02851	0.02496	0.03413	0.02732	0.03369	0.02792	0.10934	0.15258	0.19275	0.04601	0.08509	0.03704	0.03135	0.01480	0.01525	0.00372	0.09860	0.01221	0.00917	0.01555
22	0.69383	0.02109	0.01603	0.01434	0.02109	0.02446	0.01181	0.03205	0.01856	0.04892	0.01518	0.01771	0.01181	0.01012	0.00675	0.00337	0.00843	0.00590	0.00675	0.01181
23	0.03556	0.02226	0.02386	0.01996	0.02632	0.07804	0.01582	0.08314	0.12229	0.24577	0.15760	0.04549	0.04402	0.01554	0.01131	0.00338	0.00952	0.01277	0.01165	0.01573
24	0.26328	0.03240	0.02661	0.02214	0.02946	0.15835	0.01777	0.23790	0.03531	0.05202	0.02023	0.02175	0.01519	0.01164	0.00924	0.00320	0.01260	0.00782	0.00824	0.01485
25	0.01392	0.01109	0.01248	0.01213	0.01536	0.00964	0.00910	0.01765	0.02729	0.03525	0.28605	0.09540	0.36516	0.02545	0.01288	0.00358	0.00537	0.02168	0.01089	0.00964
26	0.01341	0.00972	0.01267	0.01476	0.01577	0.00898	0.00999	0.01560	0.02188	0.02908	0.09792	0.53413	0.11018	0.03283	0.01376	0.00430	0.00618	0.02960	0.01025	0.00898
27	0.45607	0.01864	0.01717	0.01527	0.02133	0.02022	0.01225	0.03304	0.02196	0.13484	0.06531	0.08966	0.02792	0.01423	0.00872	0.00349	0.00810	0.01055	0.00869	0.01255
28	0.11023	0.03437	0.02869	0.02375	0.03112	0.21772	0.01887	0.19517	0.03624	0.16176	0.02557	0.02548	0.01817	0.01223	0.01011	0.00314	0.01370	0.00869	0.00921	0.01578
29	0.01581	0.01144	0.01545	0.01776	0.01976	0.01109	0.01441	0.01963	0.02372	0.03083	0.06284	0.27807	0.10549	0.03121	0.01451	0.00472	0.00847	0.29512	0.01007	0.00959
30	0.19540	0.02260	0.02570	0.02045	0.02781	0.02396	0.01690	0.15995	0.03195	0.26959	0.02978	0.02869	0.02022	0.01310	0.01217	0.00347	0.06200	0.00937	0.01050	0.01639
31	0.36370	0.08298	0.19602	0.02105	0.03121	0.02713	0.02234	0.07644	0.02325	0.04417	0.01759	0.02017	0.01324	0.01040	0.00831	0.00330	0.01149	0.00695	0.00626	0.01398
32	0.03127	0.03299	0.05273	0.03891	0.04866	0.10959	0.33400	0.13686	0.03188	0.04083	0.02216	0.02729	0.01660	0.01032	0.01201	0.00346	0.01723	0.01136	0.00667	0.01521
33	0.02558	0.02279	0.03546	0.37199	0.18101	0.02622	0.02945	0.10969	0.02742	0.03649	0.02078	0.02809	0.01585	0.01098	0.01088	0.00348	0.01374	0.00972	0.00598	0.01441
34	0.02756	0.14362	0.38846	0.02709	0.04081	0.02672	0.03269	0.03731	0.02424	0.11974	0.02274	0.02445	0.01603	0.01071	0.00991	0.00326	0.01424	0.00817	0.00609	0.01617
35	0.02227	0.02042	0.03064	0.44466	0.06310	0.02497	0.02694	0.03558	0.15205	0.03242	0.02580	0.03205	0.01935	0.01190	0.01095	0.00365	0.01302	0.01037	0.00645	0.01343
36	0.01324	0.00965	0.01249	0.01476	0.01570	0.00889	0.00993	0.01523	0.02129	0.02800	0.06530	0.55758	0.12087	0.03348	0.01381	0.00435	0.00624	0.03017	0.01012	0.00889
37	0.02592	0.02482	0.04234	0.15391	0.47011	0.02563	0.03293	0.03253	0.02432	0.03433	0.02032	0.02733	0.01682	0.00991	0.01081	0.00330	0.01322	0.00971	0.00531	0.01641
38	0.13880	0.02764	0.02755	0.08299	0.03442	0.11525	0.01897	0.16333	0.03340	0.21091	0.02766	0.02765	0.01907	0.01223	0.01013	0.00328	0.01214	0.00912	0.00959	0.01587
39	0.04017	0.01804	0.02343	0.01886	0.02599	0.01670	0.01525	0.04843	0.10405	0.39641	0.12627	0.04500	0.04052	0.01515	0.01130	0.00343	0.00850	0.01262	0.01290	0.01699
40	0.02501	0.02653	0.05033	0.09346	0.13309	0.02848	0.26432	0.03185	0.02294	0.03221	0.01960	0.02757	0.01592	0.01194	0.01817	0.00388	0.16406	0.01122	0.00525	0.01420
41	0.02268	0.02169	0.03571	0.37524	0.18715	0.02602	0.03012	0.02902	0.02180	0.02957	0.01891	0.02777	0.01519	0.01182	0.01459	0.00370	0.10100	0.00967	0.00497	0.01338
42	0.02592	0.02482	0.04232	0.15451	0.46956	0.02563	0.03293	0.03253	0.02432	0.03432	0.02032	0.02733	0.01681	0.00991	0.01081	0.00330	0.01322	0.00971	0.00530	0.01641
43	0.02091	0.01256	0.01700	0.01683	0.02008	0.01177	0.01357	0.02558	0.02807	0.11439	0.26188	0.13676	0.07535	0.02470	0.01342	0.00405	0.00751	0.17287	0.01139	0.01130
44	0.01417	0.01000	0.01305	0.01516	0.01589	0.00954	0.01034	0.01609	0.02050	0.02724	0.05557	0.46792	0.06571	0.13051	0.02095	0.00551	0.00743	0.07629	0.00953	0.00861
45	0.03229	0.47219	0.05091	0.02030	0.02947	0.04076	0.01918	0.15500	0.02958	0.03663	0.01797	0.01971	0.01515	0.01029	0.00799	0.00257	0.01175	0.00685	0.00626	0.01515
46	0.01466	0.01075	0.01375	0.01377	0.01601	0.00984	0.01003	0.01880	0.02791	0.03852	0.38496	0.20599	0.14326	0.02560	0.01311	0.00369	0.00546	0.02268	0.01137	0.00984
47	0.01316	0.00996	0.01217	0.01394	0.01549	0.00896	0.00957	0.01532	0.02207	0.02832	0.07528	0.45753	0.21447	0.03219	0.01361	0.00420	0.00608	0.02859	0.01012	0.00896
48	0.03778	0.19768	0.03759	0.02568	0.03225	0.43790	0.02045	0.04076	0.02867	0.02642	0.01642	0.01911	0.01403	0.01075	0.00911	0.00269	0.01762	0.00672	0.00537	0.01299
49	0.03341	0.02581	0.03154	0.07370	0.12033	0.02838	0.02213	0.21856	0.19581	0.08707	0.03172	0.03193	0.02333	0.01293	0.01095	0.00344	0.01108	0.01067	0.00977	0.01743
50	0.01502	0.01121	0.01411	0.01430	0.01694	0.01029	0.01103	0.01932	0.02767	0.03726	0.32208	0.14060	0.19290	0.02585	0.01333	0.00384	0.00615	0.09716	0.01109	0.00988
51	0.69383	0.02109	0.01603	0.01434	0.02109	0.02446	0.01181	0.03205	0.01856	0.04892	0.01518	0.01771	0.01181	0.01012	0.00675	0.00337	0.00843	0.00590	0.00675	0.01181
52	0.01415	0.01016	0.01343	0.01459	0.01601	0.00943	0.01019	0.01736	0.02491	0.03426	0.25529	0.39619	0.08455	0.02936	0.01349	0.00402	0.00585	0.02644	0.01088	0.00943
53	0.27549	0.02715	0.02673	0.02123	0.02925	0.03046	0.01753	0.34010	0.03953	0.06162	0.02223	0.02314	0.01613	0.01202	0.00942	0.00331	0.01072	0.00841	0.00942	0.01613
54	0.03002	0.17787	0.22881	0.02647	0.03794	0.02921	0.06969	0.07797	0.06925	0.11403	0.02487	0.02613	0.01809	0.01108	0.00998	0.00320	0.01327	0.00889	0.00709	0.01615
55	0.04145	0.03054	0.03272	0.02509	0.03381	0.03381	0.02072	0.51243	0.05127	0.06872	0.02618	0.02618	0.01854	0.01309	0.01091	0.00327	0.01200	0.00982	0.01091	0.01854
56	0.01432	0.01027	0.01365	0.01504	0.01646	0.00960	0.01071	0.01754	0.02456	0.03356	0.22343	0.39613	0.08186	0.02985	0.01364	0.00413	0.00619	0.05888	0.01075	0.00943
57	0.01328	0.00949	0.01265	0.01518	0.01581	0.00886	0.01012	0.01518	0.02088	0.02783	0.06010	0.60969	0.07212	0.03416	0.01392	0.00443	0.00633	0.03100	0.01012	0.00886
58	0.02185	0.02066	0.03497	0.48771	0.16817	0.02456	0.03091	0.02896	0.02240	0.02938	0.01960	0.02866	0.01507	0.01067	0.01088	0.00356	0.01422	0.00969	0.00495	0.01313
59	0.01529	0.01097	0.01473	0.01589	0.01780	0.01041	0.01216	0.01933	0.02603	0.03553	0.25466	0.26710	0.08207	0.02829	0.01379	0.00418	0.00683	0.14430	0.01086	0.00975
60	0.02440	0.01345	0.01560	0.01372	0.01892	0.01138	0.01076	0.02763	0.02688	0.19783	0.08891	0.08326	0.37903	0.02310	0.01227	0.00358	0.00672	0.01916	0.01120	0.01219
61	0.02547	0.33695	0.31133	0.02493	0.03769	0.03414	0.02958	0.03360	0.02259	0.03014	0.01739	0.02028	0.01390	0.00985	0.00870	0.00290	0.01391	0.00696	0.00463	0.01506
62	0.02128	0.02008	0.03395	0.53427	0.12605	0.02441	0.03062	0.02846	0.02213	0.02869	0.01950	0.02885	0.01483	0.01077	0.01089	0.00359	0.01436	0.00969	0.00490	0.01267
63	0.02059	0.01938	0.03270	0.59060	0.07510	0.02422	0.03028	0.02786	0.02180	0.02786	0.01938	0.02907	0.01453	0.01090	0.01090	0.00363	0.01453	0.00969	0.00484	0.01211
64	0.02537	0.02833	0.05834	0.04260	0.05149	0.02870	0.41509	0.03324	0.02398	0.03324	0.02056	0.02833	0.01611	0.01111	0.01731	0.00389	0.13054	0.01222	0.00537	0.01417
65	0.02125	0.02005	0.03390	0.53654	0.12400	0.02440	0.03061	0.02844	0.02211	0.02866	0.01950	0.02885	0.01482	0.01078	0.01089	0.00359	0.01437	0.00969	0.00490	0.01264
66	0.08672	0.01387	0.01973	0.02009	0.02315	0.01386	0.05520	0.02227	0.02316	0.03300	0.05114	0.25651	0.05661	0.02759	0.01366	0.00455	0.00940	0.24989	0.00935	0.01024
67	0.02915	0.62337	0.05714	0.01866	0.02799	0.04314	0.01866	0.03265	0.02215	0.02565	0.01516	0.01749	0.01399	0.00933	0.00700	0.00233	0.01166	0.00583	0.00466	0.01399
68	0.03280	0.01900	0.02684	0.02970	0.14876	0.01810	0.01916	0.04027	0.07992	0.24680	0.08188	0.05212	0.08914	0.01615	0.01159	0.00354	0.00944	0.04831	0.01059	0.01587
69	0.01541	0.01080	0.01368	0.01465	0.01673	0.01052	0.01106	0.01818	0.02164	0.02922	0.06140	0.20403	0.17449	0.03818	0.11305	0.05837	0.01078	0.08799	0.08072	0.00910
70	0.01521	0.01202	0.01395	0.01498	0.01734	0.01166	0.01063	0.02165	0.09726	0.03095	0.07286	0.37423	0.20791	0.02933	0.01319	0.00410	0.00643	0.02584	0.01027	0.01020
71	0.02814	0.01500	0.01933	0.01657	0.02153	0.01406	0.01300	0.03573	0.08458	0.21916	0.31848	0.06191	0.06945	0.01848	0.01202	0.00344	0.00693	0.01593	0.01242	0.01386
72	0.01556	0.01163	0.01722	0.01713	0.01914	0.01328	0.01328	0.01958	0.01890	0.02721	0.08225	0.04682	0.03507	0.07563	0.51571	0.01607	0.02672	0.01251	0.00648	0.00979
73	0.69383	0.02109	0.01603	0.01434	0.02109	0.02446	0.01181	0.03205	0.01856	0.04892	0.01518	0.01771	0.01181	0.01012	0.00675	0.00337	0.00843	0.00590	0.00675	0.01181
74	0.69383	0.02109	0.01603	0.01434	0.02109	0.02446	0.01181	0.03205	0.01856	0.04892	0.01518	0.01771	0.01181	0.01012	0.00675	0.00337	0.00843	0.00590	0.00675	0.01181
75	0.01757	0.01255	0.01757	0.02008	0.02259	0.01255	0.01757	0.02259	0.02510	0.03263	0.05773	0.12299	0.06275	0.03012	0.01506	0.00502	0.01004	0.47540	0.01004	0.01004
76	0.01789	0.01128	0.01415	0.01390	0.01599	0.01047	0.00968	0.02071	0.02432	0.07970	0.22430	0.19757	0.10665	0.17623	0.02381	0.00549	0.00720	0.02077	0.01019	0.00969
77	0.02087	0.01215	0.01526	0.01408	0.01702	0.01112	0.01017	0.02412	0.02592	0.12397	0.25154	0.11406	0.11977	0.16486	0.02284	0.00524	0.00729	0.01849	0.01062	0.01061
78	0.02129	0.01790	0.01931	0.01776	0.02258	0.01933	0.01366	0.04005	0.30463	0.04139	0.16515	0.06449	0.16901	0.01941	0.01189	0.00364	0.00716	0.01642	0.01106	0.01388
79	0.01666	0.01224	0.01488	0.01559	0.01774	0.01232	0.01114	0.02436	0.10748	0.03553	0.16789	0.34561	0.06921	0.02642	0.01268	0.00392	0.00633	0.02356	0.06576	0.01069
80	0.01383	0.01003	0.01273	0.01420	0.01543	0.00928	0.00964	0.01619	0.02252	0.03006	0.14377	0.41943	0.12516	0.08328	0.01733	0.00473	0.00642	0.02691	0.01012	0.00893
81	0.01562	0.01146	0.01376	0.01416	0.01579	0.01121	0.00963	0.02022	0.06412	0.03137	0.17103	0.24661	0.10591	0.19026	0.02484	0.00577	0.00734	0.02193	0.00968	0.00930
82	0.01759	0.01326	0.01557	0.01530	0.01828	0.01340	0.01132	0.02718	0.13238	0.03892	0.24513	0.19351	0.11404	0.02312	0.01229	0.00366	0.00618	0.02025	0.06730	0.01132

[dist]
# distance from previous block
# <min> <max>
0	2

[block]
# block no. 4 follows, 12 sequences, length 7
# corresponding to MSA columns:
# 301-307
name=unknown_E
#
# <colnr> <probs for GDERKNQSTAVLIFYWHMCP>
#	G	D	E	R	K	N	Q	S	T	A	V	L	I	F	Y	W	H	M	C	P
0	0.08519	0.01109	0.01232	0.01327	0.01474	0.01116	0.00890	0.01907	0.01972	0.03075	0.04408	0.29949	0.04897	0.17838	0.02273	0.00555	0.00740	0.02047	0.13790	0.00883
1	0.01426	0.01046	0.01307	0.01368	0.01548	0.00961	0.00959	0.01738	0.02489	0.03359	0.25042	0.28107	0.15624	0.07884	0.01694	0.00446	0.00611	0.02411	0.01054	0.00926
2	0.01644	0.01054	0.01475	0.01476	0.01593	0.01076	0.01047	0.01732	0.01987	0.02761	0.15531	0.10252	0.04840	0.10231	0.16550	0.22395	0.01312	0.01509	0.00746	0.00789
3	0.01816	0.00967	0.01380	0.01380	0.01427	0.00944	0.00932	0.01439	0.01558	0.02030	0.03076	0.04242	0.08681	0.03655	0.03877	0.59505	0.00896	0.01122	0.00543	0.00531
4	0.02155	0.01152	0.01600	0.01567	0.01731	0.01139	0.01143	0.02124	0.01872	0.08929	0.03214	0.05639	0.03178	0.14976	0.08758	0.29535	0.01164	0.08593	0.00715	0.00815
5	0.01831	0.01171	0.01683	0.01961	0.06936	0.01165	0.01194	0.01742	0.01729	0.02324	0.03035	0.10530	0.03297	0.18468	0.03761	0.31555	0.00986	0.05274	0.00626	0.00735
6	0.02010	0.01654	0.02284	0.02808	0.14805	0.01756	0.01591	0.02512	0.06976	0.02814	0.03273	0.10169	0.03448	0.31019	0.03484	0.00709	0.05418	0.01486	0.00693	0.01090

[dist]
# distance from previous block
# <min> <max>
0	9

# created by:
# /st0/software/busco_prod/Augustus/scripts/msa2prfl.pl ./align_prep/11296.fa
