[name]
unknown

[dist]
# distance from previous block
# <min> <max>
0	102

[block]
# block no. 0 follows, 13 sequences, length 17
# corresponding to MSA columns:
# 102-118
name=unknown_A
#
# <colnr> <probs for GDERKNQSTAVLIFYWHMCP>
#	G	D	E	R	K	N	Q	S	T	A	V	L	I	F	Y	W	H	M	C	P
0	0.01630	0.02584	0.21495	0.01983	0.02591	0.01463	0.01999	0.02190	0.02105	0.02957	0.07302	0.30744	0.04782	0.09216	0.01680	0.00457	0.00996	0.01965	0.00761	0.01097
1	0.02663	0.03153	0.21260	0.19436	0.04688	0.02289	0.02778	0.03908	0.11882	0.13278	0.02753	0.02970	0.01942	0.01155	0.01044	0.00343	0.01262	0.00956	0.00728	0.01513
2	0.03035	0.13351	0.03576	0.03351	0.20799	0.02324	0.02098	0.03521	0.02448	0.15500	0.02365	0.02567	0.01805	0.00979	0.00917	0.00262	0.01034	0.00822	0.00715	0.18532
3	0.57922	0.02086	0.01707	0.01530	0.02174	0.02419	0.01242	0.03568	0.11416	0.04685	0.01990	0.02125	0.01526	0.01064	0.00731	0.00333	0.00821	0.00687	0.00731	0.01242
4	0.01643	0.01406	0.02286	0.01969	0.02308	0.01426	0.10184	0.02019	0.01940	0.02615	0.04248	0.05562	0.12425	0.16387	0.27579	0.01084	0.01874	0.01433	0.00651	0.00961
5	0.16067	0.02751	0.02828	0.02224	0.03020	0.03073	0.01831	0.40717	0.07453	0.06173	0.02453	0.02475	0.01767	0.01227	0.00985	0.00322	0.01080	0.00898	0.00985	0.01671
6	0.02275	0.02498	0.05321	0.03910	0.04795	0.02342	0.42993	0.03036	0.02409	0.03261	0.02814	0.13707	0.02591	0.01334	0.01266	0.00370	0.01569	0.01570	0.00617	0.01322
7	0.01595	0.01141	0.01570	0.01759	0.01971	0.01116	0.01456	0.02030	0.02455	0.03262	0.14070	0.20185	0.06901	0.02863	0.01405	0.00451	0.00830	0.32976	0.01007	0.00957
8	0.02863	0.47854	0.05476	0.02330	0.03259	0.03843	0.10828	0.07166	0.02436	0.02981	0.01674	0.01969	0.01436	0.00931	0.00810	0.00257	0.01249	0.00718	0.00515	0.01404
9	0.01779	0.00956	0.01435	0.01435	0.01468	0.00990	0.00990	0.01468	0.01435	0.01946	0.02014	0.03381	0.01980	0.04431	0.13833	0.57220	0.01259	0.00956	0.00478	0.00545
10	0.01427	0.01023	0.01371	0.01518	0.01669	0.00966	0.01120	0.01761	0.02388	0.03243	0.20616	0.36722	0.07712	0.02898	0.01340	0.00411	0.00646	0.11214	0.01034	0.00921
11	0.02093	0.01998	0.03253	0.46432	0.09495	0.02522	0.02841	0.02706	0.02042	0.02719	0.01796	0.02714	0.01422	0.01195	0.01498	0.00370	0.12291	0.00937	0.00472	0.01202
12	0.01856	0.01394	0.01797	0.08417	0.02506	0.01461	0.01390	0.10733	0.02559	0.03405	0.04788	0.44713	0.05426	0.02689	0.01264	0.00401	0.00803	0.02402	0.00936	0.01062
13	0.02943	0.02184	0.02404	0.02087	0.02675	0.02408	0.01634	0.17837	0.27310	0.08935	0.04077	0.13886	0.03454	0.01713	0.01119	0.00357	0.00892	0.01440	0.01073	0.01573
14	0.02692	0.02849	0.04016	0.18459	0.29305	0.12471	0.08581	0.03305	0.02452	0.03112	0.01917	0.02566	0.01548	0.00990	0.01056	0.00321	0.01469	0.00930	0.00516	0.01447
15	0.06849	0.13327	0.03308	0.11776	0.03640	0.03073	0.01995	0.21108	0.16107	0.04599	0.02619	0.02739	0.01974	0.01194	0.00972	0.00318	0.01098	0.00920	0.00834	0.01549
16	0.14116	0.03518	0.21591	0.02745	0.06312	0.02794	0.02642	0.14956	0.02705	0.04226	0.01885	0.02256	0.01444	0.01225	0.01440	0.00353	0.12857	0.00824	0.00635	0.01476

[dist]
# distance from previous block
# <min> <max>
6	15

[block]
# block no. 1 follows, 13 sequences, length 77
# corresponding to MSA columns:
# 134-210
name=unknown_B
#
# <colnr> <probs for GDERKNQSTAVLIFYWHMCP>
#	G	D	E	R	K	N	Q	S	T	A	V	L	I	F	Y	W	H	M	C	P
0	0.02214	0.01627	0.02097	0.10925	0.02987	0.01610	0.01535	0.06762	0.06576	0.07842	0.03821	0.25411	0.03847	0.01925	0.01111	0.00335	0.00862	0.01690	0.00865	0.15957
1	0.02262	0.02069	0.03347	0.47041	0.14632	0.02452	0.02908	0.06950	0.02398	0.03149	0.01951	0.02764	0.01483	0.01057	0.01056	0.00343	0.01365	0.00941	0.00527	0.01305
2	0.02123	0.02008	0.03400	0.49333	0.17262	0.02382	0.02999	0.02812	0.02174	0.02855	0.01902	0.02778	0.01464	0.01034	0.01055	0.00345	0.01378	0.00940	0.00481	0.01276
3	0.07567	0.35173	0.04046	0.02141	0.06531	0.07064	0.01740	0.03244	0.06508	0.03175	0.10703	0.02985	0.02939	0.01176	0.00849	0.00271	0.01043	0.00875	0.00646	0.01322
4	0.01250	0.01071	0.01071	0.01071	0.01428	0.00893	0.00803	0.01517	0.02410	0.02856	0.10711	0.10175	0.55817	0.02678	0.01250	0.00357	0.00536	0.02231	0.00982	0.00893
5	0.02914	0.02406	0.02635	0.06534	0.03212	0.02763	0.01847	0.16613	0.38711	0.04828	0.03703	0.03526	0.02752	0.01367	0.01070	0.00348	0.00957	0.01118	0.01027	0.01666
6	0.01477	0.01055	0.01443	0.01687	0.01831	0.01021	0.01309	0.01798	0.02210	0.02910	0.05724	0.39387	0.06581	0.03135	0.01400	0.00455	0.00777	0.23911	0.00978	0.00911
7	0.02206	0.08740	0.49668	0.02869	0.04312	0.02575	0.03594	0.03525	0.06529	0.03385	0.02070	0.02341	0.01496	0.01034	0.00991	0.00330	0.01476	0.00802	0.00499	0.01559
8	0.02121	0.05469	0.57364	0.03014	0.04576	0.02455	0.03906	0.03348	0.02232	0.03348	0.01897	0.02232	0.01339	0.01005	0.01005	0.00335	0.01563	0.00781	0.00446	0.01563
9	0.01417	0.01034	0.01332	0.01349	0.01554	0.00950	0.00977	0.01807	0.02670	0.03688	0.37824	0.23511	0.12885	0.02531	0.01276	0.00362	0.00534	0.02249	0.01097	0.00950
10	0.03351	0.02137	0.03402	0.12981	0.27810	0.02113	0.02538	0.03906	0.02604	0.24222	0.02823	0.03031	0.02002	0.01103	0.01055	0.00325	0.01141	0.00989	0.00822	0.01646
11	0.02820	0.02705	0.03919	0.12255	0.10690	0.09288	0.16636	0.04043	0.15009	0.07683	0.02702	0.03026	0.02024	0.01110	0.01103	0.00339	0.01380	0.01068	0.00716	0.01482
12	0.02313	0.02313	0.03238	0.02776	0.02776	0.03238	0.02313	0.02545	0.01619	0.02545	0.01388	0.02313	0.01388	0.01851	0.03470	0.00463	0.60907	0.00925	0.00463	0.01157
13	0.08887	0.03094	0.02870	0.19123	0.04211	0.22356	0.02167	0.06517	0.02675	0.11344	0.02116	0.02475	0.01576	0.01162	0.01138	0.00323	0.05135	0.00836	0.00673	0.01321
14	0.02727	0.02319	0.02445	0.02171	0.02786	0.02675	0.01697	0.08897	0.50900	0.04579	0.04181	0.03847	0.03128	0.01423	0.01075	0.00356	0.00860	0.01178	0.01075	0.01682
15	0.02756	0.02691	0.15812	0.11667	0.11640	0.01939	0.02482	0.03437	0.02494	0.17118	0.07196	0.06645	0.02787	0.01297	0.01060	0.00327	0.01132	0.01115	0.00785	0.05621
16	0.03030	0.16132	0.18337	0.02412	0.03367	0.11989	0.02393	0.07952	0.12807	0.07948	0.02476	0.02541	0.01858	0.01128	0.00953	0.00305	0.01302	0.00839	0.00706	0.01525
17	0.02963	0.56391	0.05232	0.01920	0.02781	0.10782	0.01837	0.03294	0.02251	0.02500	0.01490	0.01722	0.01357	0.00927	0.00712	0.00232	0.01225	0.00579	0.00464	0.01341
18	0.14219	0.01588	0.01861	0.01529	0.02146	0.01508	0.01239	0.04005	0.02585	0.32475	0.03525	0.03408	0.02414	0.01234	0.00899	0.00302	0.00762	0.00962	0.21892	0.01447
19	0.01837	0.00918	0.01377	0.01377	0.01377	0.00918	0.00918	0.01377	0.01377	0.01837	0.01837	0.03214	0.01837	0.03673	0.04132	0.69238	0.00918	0.00918	0.00459	0.00459
20	0.01957	0.01641	0.01783	0.01719	0.02165	0.01739	0.01360	0.03498	0.25950	0.03622	0.06884	0.07667	0.23007	0.02158	0.01209	0.00381	0.00751	0.10225	0.01023	0.01261
21	0.18752	0.01404	0.01574	0.01412	0.01829	0.01402	0.01101	0.02651	0.02704	0.10759	0.36156	0.05862	0.06920	0.01769	0.01080	0.00331	0.00626	0.01481	0.01057	0.01131
22	0.01309	0.00929	0.01221	0.01446	0.01502	0.00872	0.00954	0.01478	0.01984	0.02646	0.05623	0.57625	0.06735	0.08192	0.01680	0.00478	0.00647	0.02885	0.00954	0.00841
23	0.02072	0.01956	0.03307	0.53775	0.13220	0.02369	0.02974	0.02767	0.02150	0.02793	0.01893	0.02794	0.01442	0.01043	0.01056	0.00348	0.01391	0.00940	0.00476	0.01235
24	0.65250	0.02299	0.05696	0.01511	0.02233	0.02378	0.01350	0.03126	0.01831	0.04640	0.01504	0.01756	0.01159	0.00983	0.00680	0.00328	0.00873	0.00588	0.00639	0.01176
25	0.02522	0.02416	0.04121	0.14704	0.48772	0.02487	0.03198	0.03162	0.02363	0.03339	0.01972	0.02648	0.01634	0.00960	0.01048	0.00320	0.01279	0.00942	0.00515	0.01598
26	0.01496	0.01081	0.01413	0.01330	0.01580	0.00998	0.00998	0.01995	0.02993	0.04240	0.55689	0.07898	0.09976	0.02162	0.01247	0.00333	0.00499	0.01912	0.01164	0.00998
27	0.01510	0.01133	0.01699	0.01699	0.01888	0.01322	0.01322	0.01888	0.01699	0.02454	0.02832	0.04154	0.02643	0.07930	0.58652	0.01699	0.02832	0.01133	0.00566	0.00944
28	0.03691	0.11922	0.03323	0.02617	0.03164	0.47850	0.02035	0.03968	0.02790	0.02572	0.01596	0.01912	0.01363	0.01124	0.01109	0.00281	0.06234	0.00685	0.00527	0.01236
29	0.01298	0.01000	0.01187	0.01294	0.01497	0.00889	0.00912	0.01554	0.02297	0.02949	0.13837	0.34679	0.26981	0.02918	0.01297	0.00389	0.00568	0.02562	0.01004	0.00889
30	0.07210	0.02448	0.02555	0.02182	0.02852	0.02793	0.01734	0.18460	0.37457	0.05061	0.03641	0.03419	0.02704	0.01361	0.01045	0.00345	0.00926	0.01090	0.01045	0.01675
31	0.11076	0.01942	0.02326	0.01792	0.02534	0.01821	0.01462	0.03291	0.02261	0.16177	0.02304	0.02486	0.01739	0.01084	0.01217	0.00261	0.09378	0.00766	0.00768	0.35315
32	0.01510	0.01133	0.01699	0.01699	0.01888	0.01322	0.01322	0.01888	0.01699	0.02454	0.02832	0.04154	0.02643	0.07930	0.58652	0.01699	0.02832	0.01133	0.00566	0.00944
33	0.01373	0.01011	0.01297	0.01449	0.01614	0.00936	0.01054	0.01663	0.02300	0.03039	0.14714	0.38090	0.15220	0.02969	0.01332	0.00410	0.00631	0.08986	0.01010	0.00903
34	0.07377	0.12582	0.12555	0.17056	0.04486	0.07149	0.08539	0.03097	0.02197	0.03038	0.01760	0.02310	0.01400	0.01046	0.01152	0.00316	0.06262	0.00821	0.00502	0.06354
35	0.01528	0.01062	0.01342	0.01342	0.01407	0.01127	0.00876	0.01659	0.01593	0.02190	0.03159	0.05964	0.03429	0.43882	0.23775	0.01258	0.01649	0.01398	0.00615	0.00745
36	0.02313	0.02313	0.03238	0.02776	0.02776	0.03238	0.02313	0.02545	0.01619	0.02545	0.01388	0.02313	0.01388	0.01851	0.03470	0.00463	0.60907	0.00925	0.00463	0.01157
37	0.02192	0.01879	0.02192	0.01566	0.02506	0.01409	0.01253	0.02662	0.02192	0.03445	0.01879	0.02192	0.01566	0.00783	0.00783	0.00157	0.00783	0.00626	0.00626	0.69305
38	0.70310	0.02045	0.01554	0.01390	0.02045	0.02372	0.01145	0.03108	0.01799	0.04744	0.01472	0.01718	0.01145	0.00981	0.00654	0.00327	0.00818	0.00573	0.00654	0.01145
39	0.70310	0.02045	0.01554	0.01390	0.02045	0.02372	0.01145	0.03108	0.01799	0.04744	0.01472	0.01718	0.01145	0.00981	0.00654	0.00327	0.00818	0.00573	0.00654	0.01145
40	0.03574	0.01809	0.02446	0.11039	0.03267	0.01777	0.01716	0.09904	0.03112	0.31785	0.13912	0.04207	0.03799	0.01435	0.01098	0.00331	0.00932	0.01200	0.01117	0.01541
41	0.03157	0.07005	0.03445	0.03817	0.25952	0.02150	0.02249	0.03668	0.02521	0.18685	0.02550	0.02740	0.01897	0.01012	0.00970	0.00279	0.01050	0.00884	0.00763	0.15206
42	0.01337	0.01039	0.01167	0.01190	0.01461	0.00905	0.00866	0.01569	0.02357	0.02953	0.15798	0.16699	0.37984	0.02772	0.01492	0.05813	0.00572	0.02192	0.00967	0.00869
43	0.01285	0.00932	0.01215	0.01440	0.01525	0.00861	0.00967	0.01476	0.02055	0.02711	0.06214	0.58040	0.10856	0.03262	0.01342	0.00424	0.00607	0.02945	0.00982	0.00861
44	0.01743	0.01992	0.10818	0.02236	0.06396	0.01491	0.01860	0.02454	0.06564	0.03149	0.05303	0.23161	0.11036	0.02420	0.01266	0.00406	0.00923	0.14779	0.00866	0.01137
45	0.02834	0.02765	0.08668	0.09328	0.29295	0.02543	0.11088	0.09375	0.02741	0.07736	0.02226	0.02703	0.01699	0.01015	0.01080	0.00327	0.01343	0.00989	0.00638	0.01609
46	0.09100	0.01889	0.02246	0.01790	0.02485	0.01837	0.01460	0.13875	0.03215	0.31184	0.07782	0.04033	0.06582	0.01427	0.01032	0.00322	0.00862	0.01139	0.06175	0.01565
47	0.03414	0.01471	0.01942	0.01638	0.02137	0.01315	0.01240	0.03687	0.02504	0.34970	0.04226	0.13634	0.03607	0.16702	0.02166	0.00514	0.00885	0.01485	0.01093	0.01367
48	0.70310	0.02045	0.01554	0.01390	0.02045	0.02372	0.01145	0.03108	0.01799	0.04744	0.01472	0.01718	0.01145	0.00981	0.00654	0.00327	0.00818	0.00573	0.00654	0.01145
49	0.02464	0.02545	0.07673	0.09161	0.35808	0.02412	0.02895	0.03513	0.10777	0.03524	0.02634	0.03554	0.02230	0.01191	0.01082	0.00339	0.01200	0.04783	0.00639	0.01574
50	0.02827	0.63478	0.05540	0.01809	0.02714	0.04184	0.01809	0.03166	0.02148	0.02488	0.01470	0.01696	0.01357	0.00905	0.00678	0.00226	0.01131	0.00565	0.00452	0.01357
51	0.29896	0.01638	0.01629	0.01401	0.01972	0.01698	0.01132	0.03484	0.02281	0.19341	0.02869	0.02961	0.02062	0.01154	0.00798	0.00301	0.00738	0.00844	0.22522	0.01280
52	0.02630	0.02271	0.02391	0.02152	0.02749	0.02630	0.01674	0.05618	0.54336	0.04423	0.04303	0.03945	0.03228	0.01434	0.01076	0.00359	0.00837	0.01195	0.01076	0.01674
53	0.04337	0.02387	0.09201	0.02086	0.02998	0.01875	0.01895	0.10782	0.03169	0.44289	0.03695	0.03303	0.02362	0.01267	0.01055	0.00327	0.01013	0.01015	0.01173	0.01770
54	0.01288	0.00920	0.01227	0.01472	0.01534	0.00859	0.00981	0.01472	0.02024	0.02699	0.05828	0.62152	0.06993	0.03312	0.01350	0.00429	0.00613	0.03006	0.00981	0.00859
55	0.01538	0.01025	0.01153	0.01153	0.01153	0.01025	0.00641	0.01538	0.01538	0.02050	0.03331	0.06919	0.03844	0.62842	0.05382	0.01025	0.01025	0.01538	0.00641	0.00641
56	0.03064	0.27667	0.04029	0.02700	0.09338	0.19657	0.02051	0.06217	0.02628	0.02958	0.02150	0.03176	0.02004	0.01233	0.00922	0.00288	0.01358	0.06638	0.00587	0.01335
57	0.02566	0.02460	0.04199	0.10932	0.52204	0.02499	0.03219	0.03200	0.02383	0.03392	0.01980	0.02634	0.01653	0.00952	0.01048	0.00317	0.01269	0.00942	0.00519	0.01633
58	0.01573	0.01202	0.01726	0.01692	0.01837	0.01415	0.01287	0.01881	0.01668	0.02398	0.02805	0.04454	0.02740	0.16103	0.46276	0.01503	0.06777	0.01181	0.00571	0.00912
59	0.02313	0.02313	0.03238	0.02776	0.02776	0.03238	0.02313	0.02545	0.01619	0.02545	0.01388	0.02313	0.01388	0.01851	0.03470	0.00463	0.60907	0.00925	0.00463	0.01157
60	0.03052	0.02148	0.03038	0.12198	0.16563	0.02086	0.02165	0.09434	0.02755	0.15580	0.02494	0.02749	0.01829	0.01041	0.00986	0.00283	0.01070	0.00889	0.00780	0.18861
61	0.01783	0.00954	0.01431	0.01431	0.01462	0.00985	0.00985	0.01462	0.01431	0.01939	0.02001	0.03369	0.01970	0.04376	0.13139	0.58081	0.01234	0.00954	0.00477	0.00539
62	0.01467	0.01080	0.01372	0.01299	0.01561	0.00985	0.00974	0.01937	0.02922	0.04072	0.50234	0.08174	0.15535	0.02224	0.01247	0.00336	0.00503	0.01951	0.01142	0.00985
63	0.03813	0.12126	0.03305	0.02613	0.03201	0.51998	0.02015	0.04094	0.02893	0.02576	0.01614	0.01881	0.01361	0.01067	0.00920	0.00267	0.01813	0.00667	0.00534	0.01242
64	0.30661	0.06521	0.02374	0.01750	0.02469	0.02323	0.01462	0.11251	0.02674	0.20475	0.02545	0.02579	0.01809	0.01602	0.04879	0.00414	0.01059	0.00817	0.00893	0.01444
65	0.08123	0.35806	0.25401	0.02244	0.03384	0.03361	0.02571	0.03232	0.02152	0.03009	0.01637	0.01907	0.01333	0.00950	0.00803	0.00277	0.01273	0.00650	0.00467	0.01420
66	0.02119	0.01220	0.01632	0.01548	0.01784	0.01244	0.01139	0.02370	0.01936	0.12198	0.03479	0.05701	0.03359	0.26851	0.23837	0.01104	0.01661	0.05069	0.00760	0.00987
67	0.01410	0.01037	0.01349	0.01554	0.01719	0.00975	0.01176	0.01702	0.02214	0.02868	0.06553	0.38152	0.14674	0.03088	0.01367	0.00435	0.00712	0.17135	0.00979	0.00900
68	0.01390	0.00993	0.01344	0.01589	0.01695	0.00947	0.01158	0.01648	0.02125	0.02813	0.05771	0.49845	0.06770	0.03216	0.01377	0.00443	0.00702	0.14308	0.00980	0.00887
69	0.02732	0.03564	0.25881	0.16915	0.04872	0.02412	0.06469	0.09445	0.02671	0.11479	0.02322	0.02657	0.01618	0.01086	0.01049	0.00337	0.01395	0.00915	0.00659	0.01521
70	0.02877	0.02591	0.08258	0.09486	0.39610	0.02339	0.03000	0.03524	0.02472	0.12118	0.02329	0.02761	0.01781	0.01016	0.01047	0.00321	0.01235	0.00948	0.00641	0.01648
71	0.02082	0.01304	0.01480	0.08369	0.02213	0.01419	0.01158	0.03007	0.10704	0.03870	0.03398	0.03806	0.02637	0.01244	0.00833	0.00278	0.00660	0.01014	0.49406	0.01121
72	0.02171	0.01670	0.02831	0.07691	0.11417	0.01621	0.09891	0.02610	0.02290	0.09512	0.04097	0.31141	0.04288	0.02117	0.01226	0.00381	0.01005	0.01989	0.00834	0.01219
73	0.01457	0.01079	0.01358	0.01288	0.01555	0.00981	0.00966	0.01918	0.02899	0.04016	0.48417	0.08266	0.17387	0.02245	0.01247	0.00337	0.00505	0.01964	0.01134	0.00981
74	0.70310	0.02045	0.01554	0.01390	0.02045	0.02372	0.01145	0.03108	0.01799	0.04744	0.01472	0.01718	0.01145	0.00981	0.00654	0.00327	0.00818	0.00573	0.00654	0.01145
75	0.01659	0.01256	0.01833	0.01720	0.01980	0.01219	0.05145	0.02175	0.06281	0.03426	0.24995	0.21040	0.06807	0.02538	0.01624	0.08727	0.00736	0.04899	0.00963	0.00979
76	0.01405	0.01005	0.01357	0.01578	0.01698	0.00957	0.01160	0.01686	0.02195	0.02925	0.09402	0.45895	0.06988	0.03133	0.01369	0.00436	0.00693	0.14228	0.00993	0.00897

[dist]
# distance from previous block
# <min> <max>
0	73

# created by:
# /st0/software/busco_prod/Augustus/scripts/msa2prfl.pl ./align_prep/11308.fa
