[name]
unknown

[dist]
# distance from previous block
# <min> <max>
0	61

[block]
# block no. 0 follows, 12 sequences, length 27
# corresponding to MSA columns:
# 84-110
name=unknown_A
#
# <colnr> <probs for GDERKNQSTAVLIFYWHMCP>
#	G	D	E	R	K	N	Q	S	T	A	V	L	I	F	Y	W	H	M	C	P
0	0.02420	0.01869	0.02299	0.09237	0.03044	0.02027	0.01720	0.14571	0.09967	0.04661	0.22498	0.06111	0.05699	0.01858	0.01218	0.00365	0.00907	0.07141	0.01046	0.01341
1	0.02103	0.02472	0.10759	0.43882	0.06498	0.02318	0.02958	0.02877	0.02208	0.02977	0.01941	0.02740	0.01463	0.01047	0.01047	0.00336	0.01396	0.00905	0.00501	0.09571
2	0.24858	0.02330	0.02758	0.08781	0.10735	0.02518	0.01982	0.14741	0.02985	0.14739	0.02434	0.02600	0.01739	0.01149	0.00956	0.00336	0.01074	0.00875	0.00862	0.01550
3	0.10101	0.01415	0.01621	0.01502	0.01862	0.01447	0.01148	0.02739	0.10124	0.04464	0.40580	0.06768	0.08158	0.01970	0.01185	0.00346	0.00605	0.01694	0.01122	0.01148
4	0.01758	0.01295	0.01560	0.01589	0.01834	0.01269	0.01144	0.08772	0.02710	0.03606	0.12610	0.39025	0.12907	0.02870	0.01321	0.00403	0.00688	0.02541	0.01049	0.01049
5	0.01891	0.01761	0.02916	0.40027	0.05787	0.02038	0.05586	0.02499	0.02238	0.02855	0.03773	0.11184	0.09824	0.01608	0.01169	0.00374	0.01247	0.01445	0.00630	0.01146
6	0.02477	0.01298	0.01651	0.01528	0.01942	0.01141	0.01155	0.02805	0.02648	0.19798	0.13113	0.23087	0.18115	0.02439	0.01258	0.00377	0.00690	0.02114	0.01144	0.01221
7	0.14751	0.03105	0.11587	0.09746	0.03953	0.06261	0.05607	0.13776	0.06436	0.10808	0.02475	0.02670	0.01771	0.01163	0.01018	0.00340	0.01275	0.00917	0.00800	0.01541
8	0.51668	0.02224	0.01925	0.01611	0.02351	0.02458	0.01323	0.10080	0.02378	0.05012	0.01729	0.01954	0.01332	0.01030	0.00751	0.00314	0.00890	0.00654	0.00731	0.09584
9	0.02607	0.06467	0.08788	0.08078	0.06996	0.02342	0.05275	0.09787	0.10121	0.07381	0.09763	0.10785	0.03724	0.01590	0.01136	0.00352	0.01090	0.01386	0.00873	0.01458
10	0.02678	0.25074	0.07047	0.09135	0.03507	0.03009	0.05149	0.07899	0.05825	0.03535	0.02259	0.02606	0.01807	0.01069	0.00887	0.00281	0.01136	0.00837	0.10295	0.05965
11	0.08274	0.01708	0.02148	0.01764	0.02404	0.01591	0.01414	0.07163	0.03004	0.33591	0.10787	0.09663	0.03996	0.01636	0.01099	0.00342	0.00828	0.01360	0.05679	0.01549
12	0.02336	0.01517	0.02180	0.02621	0.13108	0.01442	0.01576	0.02667	0.02328	0.12836	0.04927	0.20768	0.10304	0.10224	0.05604	0.00556	0.01030	0.01845	0.00901	0.01229
13	0.02736	0.15787	0.06747	0.02391	0.06283	0.02648	0.01999	0.08562	0.02612	0.06986	0.02769	0.04002	0.02450	0.01479	0.01338	0.00334	0.08973	0.07587	0.09008	0.05309
14	0.01509	0.01057	0.01335	0.01373	0.01477	0.01038	0.00914	0.01733	0.02132	0.02932	0.17874	0.20151	0.06353	0.26210	0.08396	0.00781	0.00987	0.02017	0.00885	0.00846
15	0.01609	0.01836	0.08763	0.02106	0.02550	0.01364	0.08563	0.02048	0.02235	0.02989	0.05606	0.38866	0.11747	0.02677	0.01319	0.00410	0.00917	0.02452	0.00877	0.01064
16	0.02383	0.03003	0.11810	0.03920	0.04927	0.02484	0.37868	0.03213	0.02397	0.03289	0.02353	0.03467	0.01954	0.09702	0.01871	0.00464	0.01697	0.01270	0.00556	0.01371
17	0.47005	0.02320	0.02216	0.08307	0.07928	0.05960	0.01679	0.03392	0.02118	0.07849	0.01816	0.02129	0.01381	0.01047	0.00808	0.00335	0.01032	0.00710	0.00680	0.01288
18	0.01753	0.01272	0.01467	0.01452	0.01785	0.01201	0.01073	0.02411	0.08976	0.06743	0.14743	0.22435	0.25375	0.02603	0.01280	0.00383	0.00633	0.02252	0.01074	0.01091
19	0.01475	0.01098	0.01384	0.01426	0.01668	0.01007	0.01077	0.01874	0.02691	0.03618	0.29513	0.19485	0.18500	0.02674	0.01335	0.00388	0.00608	0.08107	0.01099	0.00975
20	0.02944	0.02458	0.02596	0.02266	0.02924	0.02820	0.01782	0.13158	0.45168	0.04936	0.04143	0.03833	0.03090	0.01452	0.01106	0.00363	0.00918	0.01192	0.01106	0.01747
21	0.03818	0.04453	0.02842	0.02550	0.03102	0.44865	0.01931	0.08659	0.03184	0.03254	0.02016	0.02299	0.01626	0.01160	0.00965	0.00282	0.01705	0.00770	0.09230	0.01289
22	0.02915	0.62337	0.05714	0.01866	0.02799	0.04314	0.01866	0.03265	0.02215	0.02565	0.01516	0.01749	0.01399	0.00933	0.00700	0.00233	0.01166	0.00583	0.00466	0.01399
23	0.02018	0.01376	0.01708	0.01510	0.01946	0.01242	0.01154	0.02654	0.06201	0.09027	0.32487	0.10182	0.10645	0.02002	0.01194	0.00326	0.00630	0.01742	0.01104	0.10853
24	0.02960	0.06648	0.03084	0.23298	0.04635	0.10450	0.02257	0.04237	0.17074	0.10045	0.02897	0.03130	0.02144	0.01230	0.01054	0.00341	0.01270	0.00997	0.00786	0.01463
25	0.02319	0.01834	0.02682	0.09776	0.08291	0.01752	0.05101	0.05547	0.02511	0.06831	0.03501	0.16278	0.03459	0.01759	0.01148	0.00340	0.01024	0.07132	0.00803	0.17911
26	0.01419	0.00958	0.01233	0.01454	0.01542	0.00902	0.00980	0.01649	0.02113	0.02948	0.05695	0.53670	0.06645	0.03141	0.01311	0.00419	0.00617	0.02832	0.09571	0.00902

[dist]
# distance from previous block
# <min> <max>
0	12

[block]
# block no. 1 follows, 12 sequences, length 22
# corresponding to MSA columns:
# 123-144
name=unknown_B
#
# <colnr> <probs for GDERKNQSTAVLIFYWHMCP>
#	G	D	E	R	K	N	Q	S	T	A	V	L	I	F	Y	W	H	M	C	P
0	0.01576	0.01176	0.01753	0.01776	0.01976	0.01353	0.01400	0.01976	0.01824	0.02600	0.03189	0.05039	0.03060	0.07691	0.52095	0.01634	0.02740	0.05539	0.00624	0.00976
1	0.11455	0.01828	0.02264	0.01807	0.02553	0.01710	0.01476	0.04824	0.06407	0.41034	0.03929	0.03563	0.02588	0.01314	0.01016	0.00331	0.00869	0.01043	0.08305	0.01684
2	0.03721	0.01752	0.02164	0.01759	0.02405	0.01671	0.01419	0.08767	0.06827	0.31168	0.08707	0.04130	0.03403	0.01421	0.01042	0.00321	0.00818	0.01161	0.15760	0.01585
3	0.01943	0.01277	0.01569	0.01569	0.01863	0.01227	0.01161	0.02539	0.07807	0.08986	0.13672	0.25178	0.13670	0.06781	0.01600	0.00445	0.00718	0.05830	0.01063	0.01101
4	0.01560	0.01284	0.02106	0.02038	0.02278	0.01208	0.08755	0.01892	0.02202	0.02938	0.05403	0.47457	0.06269	0.02994	0.01386	0.00437	0.00853	0.07013	0.00941	0.00987
5	0.03501	0.03598	0.02854	0.02503	0.03143	0.24477	0.01937	0.13143	0.24827	0.04213	0.03029	0.02982	0.02309	0.01309	0.01056	0.00327	0.01359	0.00979	0.00889	0.01565
6	0.03515	0.01899	0.02389	0.01770	0.02679	0.01525	0.01440	0.03969	0.02671	0.28372	0.03064	0.02952	0.02132	0.01066	0.00945	0.00245	0.00865	0.00861	0.00981	0.36660
7	0.02766	0.03017	0.05106	0.05004	0.22654	0.08683	0.24789	0.03464	0.02524	0.03357	0.02031	0.02704	0.01635	0.01040	0.01367	0.00352	0.06364	0.01084	0.00542	0.01516
8	0.69383	0.02109	0.01603	0.01434	0.02109	0.02446	0.01181	0.03205	0.01856	0.04892	0.01518	0.01771	0.01181	0.01012	0.00675	0.00337	0.00843	0.00590	0.00675	0.01181
9	0.02304	0.02188	0.03714	0.38972	0.25681	0.02487	0.03150	0.03001	0.02296	0.03084	0.01981	0.02827	0.01558	0.01045	0.01086	0.00348	0.01393	0.00970	0.00506	0.01409
10	0.01585	0.01303	0.01650	0.01605	0.01770	0.01425	0.01196	0.01833	0.02085	0.02787	0.09395	0.16429	0.19262	0.11974	0.10056	0.00689	0.11272	0.01923	0.00823	0.00939
11	0.01519	0.01445	0.05892	0.05752	0.02233	0.01176	0.01369	0.01876	0.02247	0.03067	0.14226	0.36311	0.06556	0.09014	0.01762	0.00475	0.00794	0.02385	0.00927	0.00971
12	0.02586	0.02187	0.02979	0.02551	0.02718	0.02854	0.02102	0.03101	0.06070	0.08596	0.07731	0.03287	0.02681	0.01850	0.02868	0.00439	0.42310	0.01102	0.00699	0.01288
13	0.02915	0.62337	0.05714	0.01866	0.02799	0.04314	0.01866	0.03265	0.02215	0.02565	0.01516	0.01749	0.01399	0.00933	0.00700	0.00233	0.01166	0.00583	0.00466	0.01399
14	0.02517	0.01334	0.01805	0.01705	0.02099	0.01224	0.01361	0.02953	0.02811	0.18511	0.21394	0.15794	0.06718	0.02340	0.01299	0.00394	0.00765	0.12569	0.01169	0.01238
15	0.01617	0.01178	0.01391	0.01366	0.01400	0.01248	0.00864	0.01677	0.01705	0.02281	0.04056	0.11151	0.08017	0.46788	0.04699	0.00899	0.06513	0.01701	0.00699	0.00749
16	0.01401	0.01035	0.01317	0.01453	0.01626	0.00951	0.01042	0.01700	0.02405	0.03191	0.17252	0.37020	0.16033	0.03015	0.01360	0.00413	0.00622	0.06181	0.01052	0.00932
17	0.02618	0.02049	0.02788	0.08377	0.03175	0.02534	0.02042	0.07611	0.06320	0.08945	0.02506	0.03195	0.02073	0.03169	0.15475	0.00732	0.23319	0.01047	0.00707	0.01319
18	0.02604	0.01965	0.03240	0.29110	0.09286	0.02085	0.06969	0.03213	0.02406	0.12453	0.02828	0.09152	0.02341	0.01337	0.01120	0.00349	0.01248	0.01224	0.00718	0.06350
19	0.07816	0.02781	0.15505	0.02251	0.02986	0.02159	0.02172	0.03748	0.14634	0.09281	0.06620	0.10381	0.03542	0.01729	0.01312	0.00383	0.05393	0.04993	0.00879	0.01437
20	0.14364	0.08689	0.05902	0.06715	0.07011	0.02140	0.01819	0.03094	0.02250	0.08400	0.02471	0.03513	0.02148	0.05545	0.01257	0.00349	0.01036	0.04614	0.00696	0.17986
21	0.21332	0.17976	0.10950	0.02096	0.02986	0.03063	0.02032	0.14996	0.02869	0.04451	0.02198	0.02907	0.01845	0.01231	0.00903	0.00323	0.01137	0.04534	0.00720	0.01450

[dist]
# distance from previous block
# <min> <max>
0	8

[block]
# block no. 2 follows, 12 sequences, length 47
# corresponding to MSA columns:
# 153-199
name=unknown_C
#
# <colnr> <probs for GDERKNQSTAVLIFYWHMCP>
#	G	D	E	R	K	N	Q	S	T	A	V	L	I	F	Y	W	H	M	C	P
0	0.24301	0.14127	0.03177	0.02019	0.02785	0.07552	0.06538	0.03348	0.02253	0.07882	0.02024	0.02507	0.01671	0.05234	0.01164	0.00341	0.01128	0.00790	0.00662	0.10495
1	0.07811	0.02988	0.18077	0.07427	0.03618	0.02113	0.02362	0.04228	0.09469	0.20727	0.03162	0.03167	0.02187	0.01222	0.01023	0.00340	0.01127	0.00976	0.06385	0.01591
2	0.01456	0.01063	0.01375	0.01462	0.01632	0.01015	0.01053	0.01768	0.02356	0.03183	0.19076	0.27625	0.12513	0.08370	0.07175	0.00591	0.00877	0.05494	0.00991	0.00926
3	0.01349	0.00965	0.01284	0.01504	0.01586	0.00900	0.01014	0.01571	0.02185	0.02939	0.10725	0.55812	0.07512	0.03300	0.01381	0.00433	0.00621	0.02990	0.01031	0.00900
4	0.02208	0.01243	0.01638	0.01621	0.01952	0.01132	0.01247	0.02565	0.02598	0.14651	0.14401	0.25760	0.11846	0.02624	0.01317	0.00404	0.00730	0.09804	0.01116	0.01145
5	0.02849	0.57158	0.10310	0.01979	0.02974	0.04152	0.02063	0.03282	0.02223	0.02646	0.01556	0.01800	0.01398	0.00942	0.00730	0.00243	0.01207	0.00603	0.00466	0.01419
6	0.02077	0.01346	0.01658	0.01522	0.01858	0.01307	0.01154	0.07713	0.03085	0.07851	0.32816	0.14613	0.07611	0.02144	0.01213	0.00346	0.00635	0.01871	0.08027	0.01154
7	0.02677	0.41675	0.04487	0.01816	0.02602	0.03445	0.01701	0.03055	0.02185	0.02883	0.01798	0.02134	0.01589	0.01032	0.00959	0.00245	0.05849	0.00671	0.07968	0.11229
8	0.03714	0.06530	0.03611	0.11831	0.07644	0.02539	0.07561	0.15259	0.03275	0.22561	0.02943	0.03032	0.02026	0.01195	0.01086	0.00334	0.01219	0.01026	0.00943	0.01669
9	0.09845	0.16835	0.16794	0.12414	0.04090	0.02817	0.02517	0.06901	0.02548	0.12255	0.02246	0.02486	0.01631	0.01091	0.00945	0.00319	0.01259	0.00822	0.00681	0.01505
10	0.28623	0.02417	0.03092	0.03035	0.12399	0.02615	0.06967	0.10743	0.02668	0.10286	0.02156	0.02447	0.01617	0.01140	0.01124	0.00346	0.05201	0.00873	0.00762	0.01488
11	0.02173	0.01791	0.02573	0.12662	0.13687	0.01917	0.02043	0.06721	0.05874	0.03388	0.03693	0.14280	0.03757	0.10750	0.01865	0.00491	0.01097	0.09215	0.00785	0.01237
12	0.02708	0.13592	0.13181	0.08837	0.12124	0.06819	0.02526	0.07275	0.02592	0.03498	0.01924	0.02324	0.01541	0.00993	0.00940	0.00277	0.01282	0.00782	0.00578	0.16205
13	0.03464	0.21593	0.13326	0.02219	0.03208	0.02924	0.02188	0.09122	0.08428	0.18883	0.02847	0.02770	0.02037	0.01173	0.00962	0.00309	0.01147	0.00887	0.00859	0.01654
14	0.02320	0.01325	0.01703	0.01698	0.02001	0.01272	0.01252	0.02857	0.07277	0.14749	0.05236	0.33642	0.05465	0.07639	0.01659	0.00469	0.00791	0.06402	0.01067	0.01176
15	0.01646	0.01183	0.01529	0.01698	0.01865	0.01165	0.01249	0.05753	0.02422	0.03216	0.05683	0.46407	0.06583	0.03162	0.01390	0.00445	0.00754	0.11844	0.01017	0.00989
16	0.02722	0.18183	0.04205	0.20308	0.13160	0.02947	0.06141	0.03589	0.07979	0.07169	0.02325	0.02758	0.01804	0.01079	0.01002	0.00321	0.01274	0.00930	0.00630	0.01474
17	0.02319	0.01388	0.02124	0.01908	0.02283	0.01264	0.06667	0.02585	0.02345	0.14666	0.05261	0.31416	0.09375	0.02651	0.01584	0.07027	0.00856	0.02165	0.00984	0.01132
18	0.01324	0.00966	0.01247	0.01472	0.01569	0.00889	0.00992	0.01523	0.02132	0.02801	0.06569	0.55361	0.12459	0.03343	0.01380	0.00435	0.00624	0.03011	0.01012	0.00889
19	0.02347	0.02266	0.03316	0.17630	0.15501	0.06328	0.07383	0.03202	0.07180	0.03508	0.12024	0.04575	0.03680	0.01440	0.01169	0.00356	0.01238	0.04768	0.00737	0.01353
20	0.02107	0.01929	0.03208	0.42532	0.13698	0.02267	0.02879	0.02787	0.02276	0.02974	0.02546	0.04324	0.02237	0.01369	0.01153	0.00379	0.01361	0.08147	0.00573	0.01256
21	0.01580	0.01211	0.01808	0.08091	0.02511	0.01359	0.01505	0.01971	0.01952	0.02689	0.03807	0.18064	0.03972	0.05781	0.32670	0.01172	0.02040	0.06122	0.00713	0.00983
22	0.02921	0.02529	0.03755	0.21013	0.26172	0.02766	0.02889	0.16829	0.03147	0.04275	0.02179	0.02737	0.01682	0.01103	0.01086	0.00337	0.01315	0.00974	0.00680	0.01611
23	0.01328	0.00949	0.01265	0.01518	0.01581	0.00886	0.01012	0.01518	0.02088	0.02783	0.06010	0.60969	0.07212	0.03416	0.01392	0.00443	0.00633	0.03100	0.01012	0.00886
24	0.02093	0.01984	0.03277	0.53269	0.07031	0.02517	0.02962	0.02769	0.02128	0.02769	0.01886	0.02853	0.01451	0.01174	0.01347	0.00375	0.07454	0.00967	0.00484	0.01209
25	0.03117	0.02514	0.04073	0.13124	0.13806	0.02675	0.13143	0.12215	0.02943	0.11562	0.02436	0.02888	0.01801	0.01193	0.01389	0.00358	0.07387	0.01059	0.00746	0.01572
26	0.02852	0.08939	0.03947	0.14051	0.20694	0.02456	0.06913	0.03449	0.02467	0.10927	0.02298	0.02737	0.01760	0.01015	0.01021	0.00303	0.01234	0.00927	0.00657	0.11352
27	0.01505	0.01102	0.01295	0.01246	0.01541	0.00991	0.00935	0.01937	0.02804	0.03858	0.34659	0.08544	0.24549	0.02316	0.01236	0.00343	0.00527	0.01990	0.07633	0.00991
28	0.02833	0.25939	0.03686	0.01997	0.02694	0.07226	0.01716	0.09037	0.14530	0.03856	0.12305	0.03609	0.03578	0.01361	0.00970	0.00300	0.01037	0.01050	0.00831	0.01445
29	0.01447	0.01092	0.01315	0.01337	0.01582	0.00990	0.00984	0.01796	0.02590	0.03425	0.25868	0.16925	0.23444	0.07129	0.01640	0.00431	0.00619	0.05386	0.01057	0.00943
30	0.02652	0.20604	0.24103	0.10707	0.04225	0.02966	0.02830	0.03697	0.07542	0.07505	0.02277	0.02530	0.01706	0.01086	0.00961	0.00318	0.01328	0.00834	0.00606	0.01525
31	0.03042	0.56228	0.05462	0.01932	0.02859	0.04218	0.01887	0.08209	0.02515	0.03009	0.01629	0.01839	0.01446	0.00972	0.00740	0.00243	0.01170	0.00624	0.00531	0.01446
32	0.03089	0.01447	0.01943	0.01649	0.02164	0.01285	0.01295	0.03534	0.03020	0.28178	0.26987	0.10416	0.06492	0.01916	0.01206	0.00349	0.00717	0.01656	0.01255	0.01403
33	0.13379	0.02800	0.02804	0.07760	0.03403	0.07478	0.01917	0.31016	0.03925	0.05570	0.02396	0.02598	0.01764	0.01225	0.00990	0.00322	0.01173	0.00902	0.07013	0.01566
34	0.08160	0.22097	0.23417	0.03013	0.09048	0.03159	0.06082	0.06982	0.02489	0.03571	0.01862	0.02196	0.01460	0.01008	0.00928	0.00308	0.01363	0.00782	0.00542	0.01532
35	0.03065	0.08464	0.21442	0.02783	0.03795	0.08441	0.05977	0.10522	0.07438	0.08909	0.02415	0.02618	0.01780	0.01212	0.01256	0.00342	0.06331	0.00915	0.00713	0.01583
36	0.01630	0.01246	0.01704	0.06409	0.02145	0.01389	0.01260	0.01882	0.01898	0.02620	0.07677	0.15591	0.04363	0.23313	0.16678	0.00955	0.05933	0.01690	0.00721	0.00896
37	0.03069	0.12164	0.02964	0.05964	0.02916	0.02568	0.01697	0.20579	0.03420	0.08622	0.07315	0.08580	0.03150	0.01498	0.01023	0.00316	0.00983	0.01205	0.10514	0.01454
38	0.01543	0.01115	0.01457	0.01372	0.01629	0.01029	0.01029	0.02058	0.03086	0.04372	0.54304	0.08145	0.10288	0.02229	0.01286	0.00343	0.00514	0.01972	0.01200	0.01029
39	0.02033	0.01186	0.01694	0.07820	0.02258	0.01192	0.01242	0.02155	0.02243	0.07026	0.19473	0.04944	0.04736	0.02615	0.02445	0.28467	0.00829	0.01303	0.05459	0.00881
40	0.03465	0.01540	0.02073	0.01698	0.02292	0.01358	0.01358	0.03927	0.03106	0.33796	0.25604	0.05600	0.05932	0.01724	0.01177	0.00340	0.00752	0.01469	0.01286	0.01503
41	0.08254	0.02036	0.02654	0.06411	0.07795	0.02045	0.01895	0.12570	0.03136	0.25392	0.03710	0.08056	0.02967	0.01591	0.01130	0.00362	0.01030	0.06316	0.01060	0.01591
42	0.07502	0.01845	0.02100	0.01801	0.02334	0.01910	0.01376	0.07037	0.16089	0.12101	0.03336	0.04034	0.02743	0.12375	0.05852	0.05685	0.01068	0.01118	0.00903	0.08790
43	0.24229	0.07594	0.07216	0.07921	0.08008	0.02575	0.02018	0.09904	0.02603	0.08273	0.02055	0.02328	0.01550	0.01055	0.00888	0.00310	0.01086	0.00778	0.00714	0.08895
44	0.08315	0.07457	0.06956	0.02355	0.03194	0.03003	0.02075	0.28570	0.03832	0.14686	0.02621	0.02651	0.01859	0.01297	0.01234	0.00336	0.05959	0.00931	0.00967	0.01702
45	0.15057	0.16996	0.16768	0.06159	0.03361	0.06834	0.02242	0.03307	0.02228	0.06904	0.02080	0.02729	0.01734	0.07779	0.01397	0.00393	0.01273	0.00825	0.00595	0.01339
46	0.03187	0.19166	0.03247	0.01869	0.02575	0.02578	0.01597	0.13658	0.03133	0.15350	0.08207	0.09217	0.08528	0.01630	0.01045	0.00319	0.00954	0.01306	0.00963	0.01470

[dist]
# distance from previous block
# <min> <max>
1	29

[block]
# block no. 3 follows, 12 sequences, length 7
# corresponding to MSA columns:
# 229-235
name=unknown_D
#
# <colnr> <probs for GDERKNQSTAVLIFYWHMCP>
#	G	D	E	R	K	N	Q	S	T	A	V	L	I	F	Y	W	H	M	C	P
0	0.03053	0.02646	0.09737	0.02124	0.02850	0.07220	0.01875	0.03687	0.05641	0.17578	0.03161	0.08389	0.02634	0.06056	0.01596	0.00379	0.05860	0.01151	0.00855	0.13507
1	0.14199	0.13218	0.07017	0.11546	0.03645	0.02571	0.05690	0.07210	0.02517	0.03784	0.07290	0.07624	0.02778	0.01333	0.00984	0.00323	0.01115	0.01097	0.00695	0.05364
2	0.15360	0.02063	0.06075	0.01770	0.02442	0.01777	0.01490	0.06754	0.02509	0.18563	0.03229	0.09127	0.02777	0.11428	0.01748	0.00446	0.00962	0.01195	0.00908	0.09378
3	0.01826	0.01239	0.01723	0.08432	0.02371	0.01315	0.01309	0.02163	0.07673	0.02761	0.08011	0.18976	0.04164	0.02964	0.02500	0.28440	0.00876	0.01642	0.00754	0.00862
4	0.08634	0.02361	0.03007	0.07368	0.03531	0.02328	0.06154	0.17531	0.03209	0.11425	0.02440	0.02637	0.01782	0.01079	0.00987	0.00285	0.01093	0.00887	0.00849	0.22412
5	0.10065	0.01858	0.02327	0.13724	0.03449	0.01835	0.01679	0.06547	0.02602	0.08921	0.09723	0.06965	0.03211	0.01340	0.01004	0.00296	0.00937	0.01113	0.00817	0.21583
6	0.02868	0.48357	0.04957	0.01948	0.02807	0.03941	0.01833	0.03854	0.14028	0.03030	0.02197	0.02289	0.01849	0.01060	0.00795	0.00265	0.01095	0.00734	0.00616	0.01475

[dist]
# distance from previous block
# <min> <max>
0	12

[block]
# block no. 4 follows, 12 sequences, length 6
# corresponding to MSA columns:
# 248-253
name=unknown_E
#
# <colnr> <probs for GDERKNQSTAVLIFYWHMCP>
#	G	D	E	R	K	N	Q	S	T	A	V	L	I	F	Y	W	H	M	C	P
0	0.02819	0.01952	0.02475	0.02323	0.08750	0.01753	0.01586	0.03626	0.09663	0.13850	0.02959	0.03444	0.02371	0.08314	0.01508	0.00353	0.00928	0.00971	0.00841	0.29515
1	0.02924	0.09109	0.02963	0.07311	0.09947	0.02220	0.01873	0.03862	0.13119	0.14870	0.09205	0.03833	0.03257	0.01634	0.01428	0.07989	0.00989	0.01124	0.00895	0.01447
2	0.24633	0.07471	0.02684	0.01955	0.02727	0.02703	0.01626	0.15952	0.10303	0.15580	0.02784	0.02709	0.01988	0.01216	0.00930	0.00331	0.00980	0.00884	0.00962	0.01584
3	0.03557	0.12682	0.09199	0.02229	0.03119	0.02753	0.02032	0.12681	0.16337	0.19190	0.03324	0.03134	0.02357	0.01272	0.01026	0.00328	0.01074	0.00995	0.00995	0.01718
4	0.03184	0.02553	0.09990	0.02976	0.12603	0.02128	0.02217	0.08152	0.10219	0.18858	0.11751	0.04027	0.03620	0.01398	0.01118	0.00341	0.01034	0.01189	0.00997	0.01643
5	0.09065	0.06645	0.09342	0.02677	0.09249	0.02432	0.02127	0.09569	0.10094	0.18079	0.02960	0.02932	0.02113	0.01179	0.01002	0.00319	0.01073	0.00938	0.00907	0.07298

[dist]
# distance from previous block
# <min> <max>
1	39

[block]
# block no. 5 follows, 12 sequences, length 24
# corresponding to MSA columns:
# 293-316
name=unknown_F
#
# <colnr> <probs for GDERKNQSTAVLIFYWHMCP>
#	G	D	E	R	K	N	Q	S	T	A	V	L	I	F	Y	W	H	M	C	P
0	0.08192	0.08334	0.06788	0.02325	0.03089	0.02190	0.09697	0.07733	0.02851	0.16539	0.10904	0.09815	0.03744	0.01539	0.01110	0.00343	0.01070	0.01352	0.00936	0.01449
1	0.19368	0.14456	0.07811	0.01993	0.02844	0.02785	0.01832	0.14368	0.03014	0.13267	0.06324	0.02822	0.02349	0.01216	0.00924	0.00316	0.01046	0.00888	0.00862	0.01517
2	0.02871	0.07622	0.16731	0.02624	0.03586	0.02259	0.11061	0.03780	0.07608	0.15050	0.03560	0.03683	0.06748	0.01480	0.01336	0.05342	0.01244	0.01129	0.00793	0.01490
3	0.03242	0.07235	0.12070	0.10974	0.09239	0.02271	0.02368	0.07315	0.02701	0.20364	0.02891	0.03361	0.02155	0.07296	0.01504	0.00405	0.01212	0.01017	0.00829	0.01550
4	0.02917	0.07343	0.19554	0.07313	0.03577	0.02037	0.02398	0.03615	0.02602	0.19636	0.08642	0.09322	0.03340	0.01499	0.01098	0.00346	0.01135	0.01251	0.00875	0.01501
5	0.01770	0.01456	0.02060	0.01940	0.02054	0.01811	0.01506	0.02059	0.01705	0.02487	0.02629	0.04269	0.02601	0.15291	0.35412	0.01319	0.16900	0.01182	0.00570	0.00978
6	0.03728	0.01889	0.02834	0.25415	0.04726	0.01940	0.02188	0.04275	0.02734	0.33915	0.03330	0.03381	0.02187	0.01243	0.01094	0.00348	0.01144	0.01044	0.00994	0.01591
7	0.02545	0.02485	0.03661	0.25893	0.05303	0.08220	0.13613	0.07910	0.02668	0.03447	0.02480	0.07389	0.02084	0.01271	0.01123	0.00350	0.01437	0.01185	0.05635	0.01302
8	0.02077	0.01566	0.02087	0.01956	0.02068	0.01875	0.01473	0.02488	0.10181	0.02669	0.02815	0.11881	0.02811	0.02842	0.03119	0.28509	0.16661	0.01321	0.00662	0.00938
9	0.02059	0.01938	0.03270	0.59060	0.07510	0.02422	0.03028	0.02786	0.02180	0.02786	0.01938	0.02907	0.01453	0.01090	0.01090	0.00363	0.01453	0.00969	0.00484	0.01211
10	0.01652	0.01396	0.01856	0.01784	0.02002	0.01601	0.01426	0.01984	0.02043	0.02750	0.05532	0.06651	0.19661	0.04705	0.23405	0.00936	0.13227	0.05645	0.00740	0.01002
11	0.03332	0.02056	0.02897	0.02563	0.06768	0.02039	0.05574	0.08220	0.06201	0.22341	0.03613	0.11915	0.02982	0.01607	0.01353	0.00353	0.06291	0.01351	0.00994	0.07551
12	0.01944	0.01863	0.02341	0.06580	0.02750	0.07558	0.05239	0.02248	0.02169	0.02798	0.04198	0.36238	0.04783	0.02557	0.01675	0.00419	0.10600	0.02192	0.00801	0.01045
13	0.69383	0.02109	0.01603	0.01434	0.02109	0.02446	0.01181	0.03205	0.01856	0.04892	0.01518	0.01771	0.01181	0.01012	0.00675	0.00337	0.00843	0.00590	0.00675	0.01181
14	0.01520	0.01114	0.01425	0.01347	0.01615	0.01019	0.01010	0.02012	0.03031	0.04242	0.50339	0.08360	0.14334	0.02278	0.01286	0.00345	0.00518	0.02002	0.01183	0.01019
15	0.11146	0.01890	0.02408	0.01854	0.02694	0.01672	0.01527	0.04826	0.02901	0.44944	0.03768	0.03360	0.02430	0.01258	0.01023	0.00319	0.00906	0.00997	0.01206	0.08871
16	0.02187	0.05640	0.56031	0.03108	0.04719	0.02532	0.04029	0.03453	0.02302	0.03453	0.01957	0.02302	0.01381	0.01036	0.01036	0.00345	0.01611	0.00806	0.00460	0.01611
17	0.69383	0.02109	0.01603	0.01434	0.02109	0.02446	0.01181	0.03205	0.01856	0.04892	0.01518	0.01771	0.01181	0.01012	0.00675	0.00337	0.00843	0.00590	0.00675	0.01181
18	0.02906	0.21073	0.07632	0.02086	0.02896	0.02844	0.01926	0.11702	0.06723	0.07759	0.02748	0.03529	0.02321	0.01991	0.06680	0.00448	0.01295	0.05060	0.00769	0.07612
19	0.03441	0.02930	0.12151	0.02880	0.07486	0.02424	0.06681	0.18740	0.03405	0.17096	0.03194	0.09082	0.02522	0.01436	0.01132	0.00348	0.01208	0.01232	0.00947	0.01666
20	0.02187	0.05640	0.56031	0.03108	0.04719	0.02532	0.04029	0.03453	0.02302	0.03453	0.01957	0.02302	0.01381	0.01036	0.01036	0.00345	0.01611	0.00806	0.00460	0.01611
21	0.01382	0.01062	0.01280	0.01430	0.01648	0.00960	0.01059	0.01658	0.02318	0.02928	0.08022	0.32474	0.26290	0.03084	0.01368	0.00422	0.00660	0.10024	0.01011	0.00919
22	0.21242	0.01891	0.02037	0.01593	0.02398	0.01712	0.01290	0.03349	0.02365	0.15710	0.03181	0.03199	0.06506	0.01163	0.00880	0.00269	0.00822	0.00882	0.00847	0.28663
23	0.14196	0.02927	0.08278	0.02265	0.03002	0.06840	0.01985	0.15185	0.10531	0.04501	0.02419	0.02679	0.01883	0.01750	0.05310	0.00436	0.06515	0.00894	0.00783	0.07621

[dist]
# distance from previous block
# <min> <max>
0	51

[block]
# block no. 6 follows, 12 sequences, length 53
# corresponding to MSA columns:
# 368-420
name=unknown_G
#
# <colnr> <probs for GDERKNQSTAVLIFYWHMCP>
#	G	D	E	R	K	N	Q	S	T	A	V	L	I	F	Y	W	H	M	C	P
0	0.02948	0.01766	0.02368	0.13090	0.03387	0.01823	0.01746	0.08150	0.07122	0.19102	0.16086	0.09619	0.04682	0.01703	0.01168	0.00355	0.00925	0.01463	0.01068	0.01430
1	0.01781	0.01129	0.01414	0.01447	0.01660	0.01044	0.01030	0.02039	0.02323	0.07995	0.13252	0.25493	0.13381	0.14829	0.02192	0.00537	0.00747	0.05740	0.01000	0.00968
2	0.02261	0.01938	0.02261	0.01615	0.02584	0.01453	0.01292	0.02745	0.02261	0.03553	0.01938	0.02261	0.01615	0.00807	0.00807	0.00161	0.00807	0.00646	0.00646	0.68346
3	0.01764	0.01060	0.01420	0.01570	0.01728	0.00973	0.01084	0.01982	0.02214	0.09246	0.05801	0.53967	0.06660	0.03163	0.01356	0.00430	0.00669	0.02855	0.01053	0.01004
4	0.02257	0.11057	0.51223	0.02989	0.04536	0.02703	0.03822	0.03435	0.02294	0.03368	0.01915	0.02249	0.01383	0.01026	0.01004	0.00335	0.01569	0.00784	0.00461	0.01591
5	0.02030	0.01322	0.01560	0.01467	0.01712	0.01421	0.01078	0.08067	0.02289	0.03434	0.03218	0.04757	0.02965	0.19168	0.19176	0.00926	0.01466	0.01207	0.21725	0.01013
6	0.03827	0.04798	0.03112	0.09688	0.03877	0.50592	0.02219	0.04162	0.02979	0.02683	0.01716	0.02081	0.01410	0.01120	0.00996	0.00291	0.01904	0.00735	0.00552	0.01258
7	0.01405	0.01005	0.01290	0.01487	0.01580	0.00949	0.01018	0.01602	0.02080	0.02740	0.05950	0.44692	0.09922	0.12110	0.02022	0.00536	0.00726	0.07062	0.00958	0.00865
8	0.02956	0.41208	0.12536	0.02101	0.03088	0.03613	0.02148	0.03783	0.08507	0.07628	0.02185	0.02288	0.01747	0.01052	0.00835	0.00276	0.01174	0.00741	0.00622	0.01511
9	0.28257	0.02107	0.02699	0.02440	0.06862	0.02268	0.06335	0.03542	0.02358	0.15882	0.07338	0.03088	0.02524	0.01304	0.01276	0.00357	0.08158	0.00980	0.00832	0.01393
10	0.01328	0.00949	0.01265	0.01518	0.01581	0.00886	0.01012	0.01518	0.02088	0.02783	0.06010	0.60969	0.07212	0.03416	0.01392	0.00443	0.00633	0.03100	0.01012	0.00886
11	0.03429	0.08443	0.03366	0.06993	0.03465	0.25042	0.02195	0.08221	0.02759	0.06747	0.01893	0.02318	0.01548	0.01352	0.01690	0.00345	0.17377	0.00836	0.00630	0.01349
12	0.45909	0.02017	0.01940	0.01618	0.02354	0.02139	0.01334	0.03973	0.02316	0.23362	0.02531	0.02477	0.01733	0.01135	0.00828	0.00337	0.00874	0.00775	0.00920	0.01426
13	0.01440	0.01110	0.01314	0.01263	0.01566	0.00985	0.00948	0.01858	0.02843	0.03794	0.36770	0.09097	0.28183	0.02445	0.01287	0.00353	0.00530	0.02105	0.01124	0.00985
14	0.04202	0.02962	0.03215	0.02465	0.03335	0.03244	0.02036	0.47703	0.04972	0.10631	0.02748	0.02702	0.01919	0.01312	0.01091	0.00328	0.01179	0.00991	0.01111	0.01854
15	0.01578	0.01087	0.01341	0.01341	0.01393	0.01139	0.00850	0.01683	0.01630	0.02226	0.03297	0.06368	0.03631	0.47286	0.19489	0.01244	0.01558	0.01473	0.00640	0.00745
16	0.02852	0.21530	0.07828	0.02203	0.03019	0.03257	0.01982	0.08548	0.29002	0.04035	0.03171	0.03079	0.02445	0.01258	0.00973	0.00321	0.01046	0.00974	0.00854	0.01625
17	0.02699	0.02591	0.04426	0.06693	0.54879	0.02591	0.03346	0.03346	0.02483	0.03562	0.02051	0.02699	0.01727	0.00972	0.01079	0.00324	0.01295	0.00972	0.00540	0.01727
18	0.69383	0.02109	0.01603	0.01434	0.02109	0.02446	0.01181	0.03205	0.01856	0.04892	0.01518	0.01771	0.01181	0.01012	0.00675	0.00337	0.00843	0.00590	0.00675	0.01181
19	0.02033	0.01016	0.01016	0.01016	0.01270	0.01016	0.00762	0.02541	0.02287	0.04065	0.03557	0.04065	0.02795	0.01270	0.00762	0.00254	0.00508	0.01016	0.67734	0.01016
20	0.01558	0.01168	0.01752	0.01752	0.01947	0.01363	0.01363	0.01947	0.01752	0.02531	0.02921	0.04283	0.02726	0.08178	0.57360	0.01752	0.02921	0.01168	0.00584	0.00974
21	0.01483	0.01112	0.01374	0.01308	0.01592	0.01003	0.00981	0.01941	0.02944	0.04034	0.44036	0.08702	0.20768	0.02355	0.01287	0.00349	0.00523	0.02050	0.01156	0.01003
22	0.69383	0.02109	0.01603	0.01434	0.02109	0.02446	0.01181	0.03205	0.01856	0.04892	0.01518	0.01771	0.01181	0.01012	0.00675	0.00337	0.00843	0.00590	0.00675	0.01181
23	0.02574	0.02941	0.06434	0.04596	0.05699	0.02757	0.50919	0.03493	0.02574	0.03493	0.02206	0.02941	0.01654	0.00919	0.01287	0.00368	0.01838	0.01287	0.00551	0.01471
24	0.02187	0.05640	0.56031	0.03108	0.04719	0.02532	0.04029	0.03453	0.02302	0.03453	0.01957	0.02302	0.01381	0.01036	0.01036	0.00345	0.01611	0.00806	0.00460	0.01611
25	0.02017	0.01908	0.02041	0.12743	0.03080	0.09764	0.01570	0.02344	0.02238	0.02807	0.03873	0.29459	0.04288	0.06955	0.01533	0.00418	0.01046	0.01909	0.00770	0.09237
26	0.02267	0.02048	0.02015	0.01878	0.02339	0.07137	0.01453	0.03837	0.24663	0.03975	0.16910	0.06460	0.13525	0.01940	0.01196	0.00364	0.00845	0.04757	0.01055	0.01335
27	0.04749	0.02086	0.02673	0.02049	0.02898	0.01944	0.01693	0.14130	0.03506	0.46274	0.03978	0.03501	0.02537	0.01342	0.01095	0.00335	0.00980	0.01074	0.01300	0.01855
28	0.01968	0.01769	0.02871	0.47952	0.06296	0.02160	0.02574	0.02555	0.02066	0.02657	0.02225	0.03719	0.01935	0.12720	0.01946	0.00497	0.01377	0.01087	0.00518	0.01106
29	0.02897	0.02251	0.02967	0.02420	0.03115	0.02380	0.09033	0.09157	0.26902	0.10733	0.08380	0.04518	0.07216	0.01518	0.01160	0.00359	0.00999	0.01339	0.01053	0.01600
30	0.02312	0.02716	0.09773	0.11360	0.03790	0.03103	0.02683	0.02750	0.01824	0.02750	0.01572	0.02454	0.01429	0.01678	0.02892	0.00444	0.43810	0.00938	0.00476	0.01247
31	0.01915	0.01257	0.01583	0.01494	0.01595	0.01355	0.01009	0.02037	0.01744	0.06502	0.03239	0.05950	0.03426	0.42351	0.13965	0.01068	0.06546	0.01419	0.00686	0.00857
32	0.02224	0.02100	0.03546	0.26901	0.16440	0.02300	0.08530	0.03106	0.06835	0.03319	0.06450	0.07992	0.02823	0.01348	0.01152	0.00361	0.01278	0.01277	0.00656	0.01363
33	0.69383	0.02109	0.01603	0.01434	0.02109	0.02446	0.01181	0.03205	0.01856	0.04892	0.01518	0.01771	0.01181	0.01012	0.00675	0.00337	0.00843	0.00590	0.00675	0.01181
34	0.01873	0.01728	0.08185	0.01605	0.02087	0.01249	0.01423	0.02448	0.02935	0.08337	0.39622	0.07292	0.12831	0.02062	0.01240	0.00345	0.00686	0.01789	0.01104	0.01158
35	0.01480	0.01112	0.01370	0.01306	0.01590	0.01002	0.00979	0.01935	0.02937	0.04019	0.43579	0.08727	0.21233	0.02361	0.01287	0.00349	0.00524	0.02054	0.01154	0.01002
36	0.02059	0.01938	0.03270	0.59060	0.07510	0.02422	0.03028	0.02786	0.02180	0.02786	0.01938	0.02907	0.01453	0.01090	0.01090	0.00363	0.01453	0.00969	0.00484	0.01211
37	0.02576	0.02465	0.04204	0.16744	0.45787	0.02558	0.03285	0.03239	0.02425	0.03413	0.02029	0.02739	0.01675	0.00994	0.01081	0.00331	0.01326	0.00971	0.00529	0.01628
38	0.10292	0.01959	0.03066	0.52013	0.06849	0.02425	0.02802	0.02837	0.02141	0.03043	0.01887	0.02768	0.01420	0.01081	0.01039	0.00360	0.01379	0.00923	0.00508	0.01208
39	0.01431	0.01026	0.01243	0.01342	0.01535	0.00936	0.00948	0.01738	0.02405	0.03270	0.16840	0.32741	0.18587	0.02812	0.01285	0.00387	0.00577	0.02479	0.07483	0.00936
40	0.02330	0.01310	0.01728	0.01676	0.02041	0.01212	0.01345	0.02735	0.02668	0.15146	0.16013	0.12396	0.10852	0.06844	0.01639	0.00456	0.00818	0.16535	0.01099	0.01159
41	0.02261	0.01938	0.02261	0.01615	0.02584	0.01453	0.01292	0.02745	0.02261	0.03553	0.01938	0.02261	0.01615	0.00807	0.00807	0.00161	0.00807	0.00646	0.00646	0.68346
42	0.01833	0.01161	0.01442	0.01345	0.01581	0.01080	0.00949	0.02160	0.02573	0.08083	0.30672	0.07611	0.10926	0.20877	0.02610	0.00569	0.00724	0.01798	0.01030	0.00978
43	0.02076	0.01591	0.02360	0.25905	0.04286	0.01769	0.01966	0.02827	0.06164	0.07400	0.20592	0.09971	0.05215	0.01733	0.01186	0.00362	0.00978	0.01529	0.00885	0.01205
44	0.01859	0.01227	0.01440	0.01428	0.01631	0.01180	0.00969	0.05351	0.02261	0.06478	0.05579	0.24767	0.13412	0.24123	0.02839	0.00637	0.00833	0.02127	0.00914	0.00945
45	0.18354	0.10018	0.11716	0.10965	0.03661	0.02538	0.02158	0.08040	0.02583	0.12110	0.02855	0.03020	0.05234	0.01220	0.00952	0.00331	0.01134	0.00920	0.00754	0.01438
46	0.02661	0.07437	0.18047	0.07717	0.04171	0.02392	0.11045	0.06923	0.02677	0.08664	0.06274	0.03031	0.02319	0.01122	0.01057	0.00314	0.01309	0.00997	0.00695	0.11147
47	0.18559	0.02364	0.02339	0.06842	0.03035	0.08624	0.01567	0.03450	0.02393	0.11733	0.02174	0.02391	0.01641	0.01003	0.00868	0.00262	0.01033	0.00738	0.00737	0.28248
48	0.17203	0.02463	0.06715	0.12551	0.09983	0.02389	0.02174	0.12070	0.02851	0.08257	0.06469	0.02983	0.02327	0.01188	0.00992	0.00327	0.01105	0.00947	0.00777	0.06229
49	0.18303	0.07189	0.13372	0.02242	0.03081	0.02275	0.06282	0.06608	0.02488	0.11291	0.03003	0.13678	0.02700	0.01533	0.01030	0.00353	0.01105	0.01275	0.00796	0.01395
50	0.18672	0.01655	0.01985	0.10248	0.02876	0.01775	0.01499	0.03118	0.06122	0.11818	0.12908	0.09489	0.04023	0.01823	0.01339	0.06354	0.00875	0.01314	0.00899	0.01210
51	0.08140	0.12560	0.07492	0.02567	0.09152	0.07702	0.01979	0.07199	0.02692	0.11010	0.03314	0.07310	0.06757	0.01389	0.00996	0.00310	0.01120	0.01102	0.00777	0.06432
52	0.03393	0.02143	0.06429	0.06758	0.03274	0.01806	0.05413	0.07181	0.02881	0.26174	0.04271	0.04170	0.08626	0.01400	0.01082	0.00327	0.01019	0.01182	0.06346	0.06127

[dist]
# distance from previous block
# <min> <max>
5	49

[block]
# block no. 7 follows, 12 sequences, length 14
# corresponding to MSA columns:
# 520-533
name=unknown_H
#
# <colnr> <probs for GDERKNQSTAVLIFYWHMCP>
#	G	D	E	R	K	N	Q	S	T	A	V	L	I	F	Y	W	H	M	C	P
0	0.16163	0.02425	0.08406	0.01954	0.02781	0.02056	0.01761	0.11273	0.03021	0.20005	0.10416	0.03531	0.03149	0.01325	0.01010	0.00322	0.00961	0.01037	0.00993	0.07412
1	0.12416	0.03271	0.12388	0.09185	0.17775	0.10453	0.02610	0.03342	0.02384	0.03526	0.01873	0.02337	0.01494	0.00997	0.00957	0.00302	0.01323	0.00795	0.00560	0.12011
2	0.15256	0.03165	0.15002	0.07261	0.07693	0.02631	0.02458	0.15702	0.06343	0.10567	0.02479	0.02641	0.01775	0.01164	0.01004	0.00340	0.01204	0.00898	0.00810	0.01606
3	0.06492	0.07676	0.12371	0.16195	0.10143	0.07031	0.02589	0.07826	0.05985	0.03745	0.07367	0.03121	0.02497	0.01214	0.01037	0.00332	0.01290	0.00987	0.00672	0.01432
4	0.32665	0.09176	0.07430	0.11406	0.03359	0.02458	0.01859	0.03225	0.02130	0.08729	0.02255	0.06994	0.01902	0.01245	0.00879	0.00339	0.01045	0.00924	0.00690	0.01290
5	0.07872	0.11226	0.04373	0.23352	0.16975	0.02807	0.12007	0.03156	0.02305	0.03239	0.01919	0.02602	0.01525	0.01000	0.01034	0.00334	0.01399	0.00943	0.00523	0.01406
6	0.08071	0.02089	0.06372	0.06176	0.02934	0.01760	0.01679	0.07305	0.02743	0.12933	0.11363	0.09420	0.03741	0.01496	0.01048	0.00308	0.00912	0.01250	0.00910	0.17490
7	0.02756	0.01461	0.01968	0.07331	0.02609	0.01357	0.01404	0.03220	0.02912	0.22369	0.24234	0.06402	0.13696	0.01884	0.01199	0.00347	0.00763	0.01610	0.01152	0.01326
8	0.69383	0.02109	0.01603	0.01434	0.02109	0.02446	0.01181	0.03205	0.01856	0.04892	0.01518	0.01771	0.01181	0.01012	0.00675	0.00337	0.00843	0.00590	0.00675	0.01181
9	0.02259	0.06551	0.07196	0.03741	0.23311	0.02157	0.02306	0.03109	0.07315	0.03867	0.21083	0.04692	0.04914	0.01474	0.01126	0.00330	0.00988	0.01316	0.00819	0.01443
10	0.01568	0.01131	0.01492	0.01445	0.01701	0.01055	0.01112	0.02081	0.03020	0.04246	0.48753	0.08620	0.09829	0.02319	0.01311	0.00361	0.00570	0.07184	0.01178	0.01026
11	0.01960	0.01448	0.02084	0.21083	0.03708	0.01522	0.01721	0.02457	0.02560	0.08190	0.18047	0.11310	0.15695	0.01981	0.01212	0.00364	0.00893	0.01721	0.00912	0.01132
12	0.04284	0.01721	0.02336	0.01837	0.02574	0.01498	0.01498	0.04722	0.03115	0.46324	0.13383	0.04516	0.04077	0.01509	0.01131	0.00338	0.00853	0.01255	0.01322	0.01705
13	0.02996	0.01831	0.02214	0.01818	0.02415	0.01772	0.01442	0.15005	0.03436	0.16314	0.21064	0.09472	0.05369	0.01757	0.01155	0.00328	0.00816	0.01488	0.01136	0.08173

[dist]
# distance from previous block
# <min> <max>
1	10

[block]
# block no. 8 follows, 12 sequences, length 8
# corresponding to MSA columns:
# 544-551
name=unknown_I
#
# <colnr> <probs for GDERKNQSTAVLIFYWHMCP>
#	G	D	E	R	K	N	Q	S	T	A	V	L	I	F	Y	W	H	M	C	P
0	0.14366	0.27275	0.10379	0.02069	0.02984	0.09236	0.01998	0.03793	0.02438	0.13234	0.02123	0.02222	0.01610	0.01060	0.00845	0.00290	0.01212	0.00724	0.00680	0.01461
1	0.09858	0.01470	0.01832	0.05410	0.02303	0.01480	0.01293	0.05147	0.02615	0.12665	0.20073	0.09478	0.05266	0.06666	0.01839	0.08182	0.00820	0.01490	0.00975	0.01139
2	0.49449	0.01940	0.01750	0.01516	0.02169	0.02119	0.01237	0.03439	0.02234	0.13879	0.08574	0.02909	0.02583	0.01224	0.00826	0.00338	0.00818	0.00852	0.00860	0.01282
3	0.01405	0.01077	0.01470	0.07872	0.02228	0.01061	0.01215	0.01665	0.02143	0.02802	0.06133	0.48732	0.11977	0.03082	0.01346	0.00425	0.00715	0.02771	0.00953	0.00926
4	0.12637	0.01831	0.02309	0.01815	0.02602	0.01656	0.01492	0.04772	0.02916	0.45397	0.04459	0.03976	0.06372	0.01413	0.01058	0.00340	0.00889	0.01124	0.01241	0.01702
5	0.01518	0.01142	0.01626	0.01979	0.05794	0.01118	0.01304	0.01820	0.02197	0.02983	0.09046	0.41282	0.06423	0.03643	0.07778	0.00582	0.00972	0.06871	0.00940	0.00983
6	0.01430	0.01025	0.01367	0.01523	0.01660	0.00961	0.01088	0.01742	0.02411	0.03280	0.19673	0.41353	0.07994	0.03041	0.01373	0.00420	0.00635	0.07023	0.01065	0.00938
7	0.02131	0.02012	0.03401	0.53158	0.12848	0.02441	0.03064	0.02849	0.02214	0.02873	0.01951	0.02883	0.01484	0.01077	0.01089	0.00359	0.01436	0.00969	0.00491	0.01269

[dist]
# distance from previous block
# <min> <max>
0	2

[block]
# block no. 9 follows, 12 sequences, length 6
# corresponding to MSA columns:
# 554-559
name=unknown_J
#
# <colnr> <probs for GDERKNQSTAVLIFYWHMCP>
#	G	D	E	R	K	N	Q	S	T	A	V	L	I	F	Y	W	H	M	C	P
0	0.01438	0.01044	0.01322	0.01448	0.01598	0.00975	0.01025	0.01709	0.02311	0.03076	0.15540	0.33225	0.13288	0.09985	0.01864	0.00493	0.00688	0.07063	0.01006	0.00903
1	0.03534	0.06557	0.13158	0.03187	0.08968	0.02565	0.10867	0.13135	0.03148	0.19735	0.02814	0.02904	0.01950	0.01149	0.01093	0.00335	0.01309	0.01014	0.00872	0.01706
2	0.03156	0.02278	0.08027	0.02672	0.08863	0.02082	0.02035	0.03565	0.02341	0.22017	0.03003	0.03845	0.02429	0.13440	0.02517	0.00511	0.13832	0.01119	0.00837	0.01433
3	0.02537	0.01317	0.01696	0.01539	0.01964	0.01163	0.01174	0.02902	0.02757	0.20446	0.18803	0.19073	0.15598	0.02313	0.01249	0.00369	0.00683	0.02004	0.01170	0.01245
4	0.08492	0.02332	0.11252	0.13810	0.08367	0.01903	0.02265	0.02971	0.02292	0.09837	0.03324	0.12834	0.03140	0.06137	0.01461	0.00429	0.01144	0.05961	0.00757	0.01292
5	0.08583	0.08586	0.03481	0.02862	0.09690	0.08928	0.06373	0.08397	0.02907	0.19684	0.02659	0.02732	0.01908	0.01115	0.01000	0.00304	0.01211	0.00910	0.00854	0.07813

[dist]
# distance from previous block
# <min> <max>
8	67

[block]
# block no. 10 follows, 12 sequences, length 12
# corresponding to MSA columns:
# 668-679
name=unknown_K
#
# <colnr> <probs for GDERKNQSTAVLIFYWHMCP>
#	G	D	E	R	K	N	Q	S	T	A	V	L	I	F	Y	W	H	M	C	P
0	0.07093	0.02527	0.11082	0.09314	0.13028	0.02054	0.02312	0.03561	0.06128	0.12160	0.07369	0.03418	0.02723	0.01218	0.01026	0.00322	0.01075	0.01027	0.05583	0.06980
1	0.18184	0.11893	0.07586	0.01760	0.02525	0.02194	0.01624	0.03680	0.02514	0.19539	0.08104	0.03323	0.02820	0.01259	0.00913	0.00312	0.00921	0.00954	0.08470	0.01426
2	0.18489	0.11471	0.08200	0.04953	0.02775	0.02439	0.01803	0.02982	0.02137	0.07703	0.06875	0.03363	0.02596	0.07322	0.05677	0.00508	0.07812	0.00973	0.00683	0.01241
3	0.02828	0.01710	0.02328	0.01911	0.02453	0.01665	0.04614	0.03438	0.07156	0.17912	0.09799	0.04646	0.08641	0.01789	0.01588	0.06505	0.05667	0.01271	0.06446	0.07633
4	0.02440	0.15374	0.28233	0.12179	0.04392	0.02653	0.02980	0.03304	0.02397	0.06990	0.06959	0.02948	0.02329	0.01160	0.01007	0.00326	0.01345	0.00921	0.00599	0.01464
5	0.02313	0.01339	0.01687	0.01572	0.01936	0.01281	0.01185	0.03001	0.07957	0.14002	0.23641	0.18605	0.06693	0.02164	0.01207	0.00359	0.00658	0.01896	0.07276	0.01228
6	0.07706	0.02425	0.07996	0.08924	0.03789	0.02174	0.12029	0.07535	0.06656	0.03721	0.03322	0.07300	0.06897	0.01565	0.01331	0.05222	0.01187	0.01238	0.00718	0.08263
7	0.02525	0.01610	0.01973	0.01558	0.02197	0.01332	0.01193	0.02919	0.02473	0.13761	0.12784	0.04531	0.03913	0.11758	0.01780	0.00387	0.00818	0.01154	0.00895	0.30439
8	0.08747	0.02541	0.06550	0.02083	0.02564	0.08385	0.01725	0.11068	0.06803	0.03818	0.07310	0.07677	0.03112	0.06802	0.02074	0.08927	0.06614	0.01205	0.00778	0.01218
9	0.02288	0.01728	0.02323	0.18958	0.03800	0.01837	0.01816	0.03296	0.11775	0.09018	0.15151	0.05158	0.09872	0.01604	0.01137	0.00342	0.00932	0.01375	0.00918	0.06672
10	0.02261	0.01938	0.02261	0.01615	0.02584	0.01453	0.01292	0.02745	0.02261	0.03553	0.01938	0.02261	0.01615	0.00807	0.00807	0.00161	0.00807	0.00646	0.00646	0.68346
11	0.03692	0.14145	0.07398	0.02479	0.03274	0.15010	0.02166	0.20908	0.03496	0.09026	0.02227	0.02379	0.01683	0.01235	0.01198	0.00315	0.06157	0.00845	0.00792	0.01573

[dist]
# distance from previous block
# <min> <max>
0	1

[block]
# block no. 11 follows, 12 sequences, length 9
# corresponding to MSA columns:
# 681-689
name=unknown_L
#
# <colnr> <probs for GDERKNQSTAVLIFYWHMCP>
#	G	D	E	R	K	N	Q	S	T	A	V	L	I	F	Y	W	H	M	C	P
