[name]
unknown

[dist]
# distance from previous block
# <min> <max>
3	19

[block]
# block no. 0 follows, 12 sequences, length 106
# corresponding to MSA columns:
# 19-124
name=unknown_A
#
# <colnr> <probs for GDERKNQSTAVLIFYWHMCP>
#	G	D	E	R	K	N	Q	S	T	A	V	L	I	F	Y	W	H	M	C	P
0	0.03556	0.03280	0.02901	0.06740	0.03469	0.18813	0.02007	0.15627	0.19675	0.08189	0.03008	0.03000	0.02233	0.01296	0.01066	0.00331	0.01315	0.00989	0.00915	0.01590
1	0.02187	0.05640	0.56031	0.03108	0.04719	0.02532	0.04029	0.03453	0.02302	0.03453	0.01957	0.02302	0.01381	0.01036	0.01036	0.00345	0.01611	0.00806	0.00460	0.01611
2	0.02658	0.06924	0.05595	0.11047	0.09262	0.06966	0.34522	0.03446	0.02534	0.03287	0.02076	0.02765	0.01599	0.00960	0.01185	0.00348	0.01715	0.01133	0.00538	0.01438
3	0.02686	0.10505	0.42698	0.02803	0.04227	0.02557	0.03435	0.03730	0.02424	0.11641	0.02286	0.02472	0.01592	0.01076	0.01013	0.00333	0.01460	0.00830	0.00602	0.01630
4	0.01434	0.01087	0.01322	0.01313	0.01574	0.00974	0.00966	0.01827	0.02754	0.03702	0.33948	0.16768	0.23220	0.02568	0.01303	0.00366	0.00544	0.02241	0.01115	0.00974
5	0.01382	0.01046	0.01277	0.01351	0.01564	0.00940	0.00963	0.01697	0.02511	0.03318	0.22293	0.29859	0.22121	0.02859	0.01329	0.00390	0.00573	0.02518	0.01070	0.00940
6	0.03264	0.04165	0.19377	0.03199	0.04263	0.16317	0.14644	0.07553	0.02890	0.10447	0.02311	0.02586	0.01665	0.01091	0.01097	0.00332	0.01635	0.00950	0.00674	0.01540
7	0.02054	0.02669	0.14688	0.14942	0.07975	0.02196	0.02535	0.02960	0.06789	0.03245	0.07078	0.04101	0.07548	0.02290	0.08183	0.00535	0.07057	0.01183	0.00656	0.01315
8	0.01580	0.01078	0.01294	0.01294	0.01330	0.01114	0.00792	0.01653	0.01617	0.02192	0.03340	0.06604	0.03733	0.51713	0.15202	0.01187	0.01404	0.01508	0.00646	0.00719
9	0.02735	0.03086	0.05630	0.04135	0.05127	0.08010	0.40243	0.03855	0.08733	0.03543	0.02427	0.02984	0.01834	0.01007	0.01236	0.00360	0.01732	0.01224	0.00620	0.01482
10	0.03304	0.03256	0.08410	0.08537	0.04409	0.11988	0.16112	0.09849	0.07521	0.11699	0.02638	0.02895	0.01902	0.01144	0.01126	0.00341	0.01501	0.01044	0.00776	0.01550
11	0.01589	0.01270	0.01891	0.06680	0.10015	0.01258	0.01515	0.01889	0.02154	0.02900	0.05106	0.47816	0.05951	0.02873	0.01322	0.00419	0.00794	0.02619	0.00901	0.01036
12	0.02221	0.01859	0.02659	0.29170	0.04852	0.02156	0.02290	0.08689	0.07468	0.03530	0.03470	0.12871	0.03295	0.01801	0.01203	0.00394	0.01175	0.08861	0.00779	0.01258
13	0.02422	0.04510	0.36606	0.10080	0.05086	0.02637	0.11221	0.07985	0.02603	0.03708	0.02058	0.02508	0.01479	0.01050	0.01088	0.00349	0.01589	0.00919	0.00539	0.01564
14	0.02133	0.04107	0.34071	0.15729	0.05146	0.02384	0.08028	0.03172	0.02376	0.03395	0.07022	0.03063	0.02282	0.01152	0.01096	0.00351	0.01492	0.01001	0.00546	0.01451
15	0.01815	0.01490	0.01997	0.19064	0.03503	0.01622	0.01653	0.02624	0.08559	0.03423	0.13463	0.10645	0.15732	0.01917	0.01164	0.00358	0.00862	0.01653	0.07325	0.01132
16	0.03149	0.13481	0.12856	0.03011	0.03984	0.13921	0.13376	0.12121	0.06821	0.03841	0.02190	0.02478	0.01680	0.01091	0.01042	0.00318	0.01532	0.00921	0.00661	0.01527
17	0.03057	0.02484	0.08642	0.02744	0.03612	0.02064	0.16433	0.08207	0.03018	0.18141	0.11834	0.04466	0.07314	0.01435	0.01192	0.00349	0.01196	0.01346	0.00952	0.01514
18	0.02414	0.01473	0.01800	0.01737	0.02118	0.01457	0.01288	0.03315	0.13828	0.14707	0.05663	0.31828	0.08918	0.02479	0.01256	0.00398	0.00743	0.02181	0.01108	0.01289
19	0.02568	0.01910	0.02402	0.14321	0.03402	0.02149	0.01747	0.15186	0.09401	0.03763	0.02683	0.03778	0.02321	0.11832	0.02547	0.15818	0.01130	0.01104	0.00751	0.01188
20	0.13652	0.02510	0.03073	0.07561	0.03616	0.02808	0.07809	0.15608	0.22731	0.04873	0.03043	0.03115	0.02263	0.01261	0.01055	0.00354	0.01111	0.01053	0.00911	0.01592
21	0.03096	0.02302	0.03877	0.09476	0.30463	0.02266	0.07073	0.03711	0.02620	0.15950	0.02843	0.03621	0.02234	0.01203	0.01132	0.00346	0.01250	0.04134	0.00761	0.01643
22	0.02601	0.01543	0.01775	0.01544	0.02074	0.01420	0.01210	0.09119	0.02964	0.17052	0.07734	0.12237	0.29860	0.02263	0.01222	0.00362	0.00742	0.01887	0.01110	0.01283
23	0.02942	0.02799	0.02229	0.02060	0.02560	0.20820	0.01583	0.03669	0.10299	0.09500	0.05258	0.09257	0.15318	0.01894	0.01156	0.00350	0.01174	0.04943	0.00911	0.01278
24	0.02233	0.05366	0.51391	0.03430	0.09229	0.02537	0.03967	0.03443	0.02318	0.03463	0.01965	0.02338	0.01412	0.01030	0.01040	0.00343	0.01583	0.00821	0.00468	0.01622
25	0.01552	0.01252	0.01879	0.19145	0.03397	0.01356	0.01630	0.01907	0.02116	0.02784	0.04762	0.43183	0.05448	0.02704	0.01299	0.00418	0.00884	0.02447	0.00851	0.00985
26	0.16115	0.02476	0.07197	0.12640	0.08660	0.02353	0.08652	0.08085	0.02706	0.12390	0.06226	0.03112	0.02338	0.01184	0.01045	0.00345	0.01203	0.01020	0.00784	0.01468
27	0.03667	0.08232	0.03492	0.02513	0.03287	0.11965	0.08307	0.16183	0.03475	0.16030	0.08958	0.03389	0.02924	0.01312	0.01088	0.00320	0.01269	0.01084	0.00944	0.01561
28	0.02532	0.10525	0.40001	0.03059	0.04466	0.02829	0.08103	0.09240	0.02663	0.03786	0.02019	0.02349	0.01467	0.01048	0.01034	0.00334	0.01540	0.00852	0.00546	0.01607
29	0.02663	0.01805	0.02545	0.02334	0.06473	0.01746	0.05933	0.10532	0.03145	0.13147	0.18819	0.12262	0.10096	0.01914	0.01220	0.00355	0.00890	0.01695	0.01060	0.01367
30	0.03436	0.02135	0.02851	0.09497	0.08402	0.02295	0.02049	0.04742	0.18551	0.23588	0.03598	0.03517	0.02546	0.01370	0.01308	0.00361	0.05969	0.01100	0.01017	0.01668
31	0.02187	0.05640	0.56031	0.03108	0.04719	0.02532	0.04029	0.03453	0.02302	0.03453	0.01957	0.02302	0.01381	0.01036	0.01036	0.00345	0.01611	0.00806	0.00460	0.01611
32	0.02385	0.02385	0.03340	0.02863	0.02863	0.03340	0.02385	0.02624	0.01670	0.02624	0.01431	0.02385	0.01431	0.01908	0.03578	0.00477	0.59685	0.00954	0.00477	0.01193
33	0.02529	0.21675	0.13441	0.03413	0.15697	0.02953	0.06224	0.03379	0.06256	0.03399	0.08401	0.03115	0.02719	0.01158	0.00996	0.00308	0.01224	0.00986	0.00627	0.01500
34	0.01662	0.01464	0.01487	0.01675	0.01799	0.07734	0.01145	0.01862	0.02209	0.02769	0.05485	0.53807	0.06507	0.03138	0.01342	0.00423	0.00794	0.02809	0.00957	0.00932
35	0.01543	0.01115	0.01457	0.01372	0.01629	0.01029	0.01029	0.02058	0.03086	0.04372	0.54304	0.08145	0.10288	0.02229	0.01286	0.00343	0.00514	0.01972	0.01200	0.01029
36	0.01383	0.01062	0.01273	0.01367	0.01598	0.00952	0.00999	0.01687	0.02450	0.03160	0.16370	0.28172	0.26300	0.02921	0.01341	0.00401	0.00609	0.05976	0.01044	0.00933
37	0.02697	0.23216	0.12352	0.03981	0.23443	0.03179	0.02751	0.03632	0.08486	0.03330	0.02146	0.02484	0.01759	0.01030	0.00948	0.00302	0.01246	0.00847	0.00572	0.01599
38	0.04125	0.02410	0.02578	0.02131	0.02871	0.08703	0.01702	0.05344	0.18369	0.33560	0.04026	0.03609	0.02735	0.01362	0.01087	0.00340	0.01034	0.01090	0.01180	0.01744
39	0.01344	0.01010	0.01246	0.01392	0.01559	0.00912	0.00966	0.01596	0.02313	0.03019	0.13190	0.41341	0.19950	0.03101	0.01352	0.00411	0.00597	0.02754	0.01035	0.00912
40	0.02335	0.04186	0.32334	0.10951	0.18266	0.02551	0.07303	0.03347	0.02355	0.03404	0.01998	0.02528	0.01501	0.01017	0.01073	0.00344	0.01527	0.00906	0.00491	0.01582
41	0.10720	0.17984	0.03783	0.03295	0.19436	0.02690	0.02091	0.03131	0.02271	0.03460	0.01813	0.02209	0.01542	0.00918	0.00851	0.00254	0.01063	0.00728	0.00568	0.21194
42	0.01402	0.01003	0.01340	0.01534	0.01647	0.00941	0.01078	0.01674	0.02295	0.03097	0.14294	0.47775	0.07661	0.03178	0.01383	0.00431	0.00644	0.06659	0.01044	0.00920
43	0.02827	0.55455	0.11821	0.02016	0.03032	0.04098	0.02128	0.03288	0.02226	0.02673	0.01569	0.01816	0.01397	0.00945	0.00740	0.00247	0.01220	0.00610	0.00466	0.01425
44	0.08645	0.07898	0.03084	0.02840	0.14425	0.02101	0.01867	0.03510	0.02453	0.14512	0.02384	0.02574	0.01811	0.00988	0.00908	0.00257	0.00981	0.00803	0.00755	0.27206
45	0.07237	0.22960	0.12868	0.03132	0.11945	0.03233	0.06050	0.07341	0.08655	0.03674	0.02167	0.02434	0.01724	0.01056	0.00939	0.00307	0.01254	0.00846	0.00624	0.01554
46	0.02059	0.01938	0.03270	0.59060	0.07510	0.02422	0.03028	0.02786	0.02180	0.02786	0.01938	0.02907	0.01453	0.01090	0.01090	0.00363	0.01453	0.00969	0.00484	0.01211
47	0.02559	0.02449	0.04174	0.18091	0.44568	0.02554	0.03277	0.03224	0.02417	0.03393	0.02026	0.02744	0.01668	0.00997	0.01082	0.00332	0.01330	0.00971	0.00528	0.01615
48	0.02033	0.01016	0.01016	0.01016	0.01270	0.01016	0.00762	0.02541	0.02287	0.04065	0.03557	0.04065	0.02795	0.01270	0.00762	0.00254	0.00508	0.01016	0.67734	0.01016
49	0.01660	0.01194	0.01444	0.01398	0.01414	0.01303	0.00886	0.01716	0.01608	0.02198	0.03199	0.06437	0.03616	0.51406	0.09736	0.01060	0.06860	0.01490	0.00637	0.00738
50	0.02109	0.01988	0.03360	0.55008	0.11175	0.02435	0.03053	0.02829	0.02204	0.02846	0.01947	0.02891	0.01475	0.01081	0.01089	0.00360	0.01441	0.00969	0.00489	0.01251
51	0.01688	0.01218	0.01525	0.01626	0.01804	0.01201	0.01142	0.07599	0.02541	0.03414	0.09677	0.49425	0.06821	0.03060	0.01346	0.00420	0.00691	0.02747	0.01038	0.01015
52	0.01460	0.01099	0.01350	0.01313	0.01584	0.00989	0.00975	0.01887	0.02852	0.03876	0.39245	0.12846	0.21605	0.02460	0.01295	0.00357	0.00533	0.02145	0.01137	0.00989
53	0.69383	0.02109	0.01603	0.01434	0.02109	0.02446	0.01181	0.03205	0.01856	0.04892	0.01518	0.01771	0.01181	0.01012	0.00675	0.00337	0.00843	0.00590	0.00675	0.01181
54	0.28229	0.26946	0.15063	0.01970	0.02951	0.03211	0.02073	0.03283	0.02096	0.03650	0.01612	0.01878	0.01312	0.00986	0.00763	0.00297	0.01139	0.00634	0.00545	0.01362
55	0.01518	0.01124	0.01423	0.01377	0.01651	0.01028	0.01051	0.01993	0.02946	0.04058	0.43631	0.08839	0.17129	0.02374	0.01303	0.00359	0.00558	0.05473	0.01155	0.01009
56	0.01370	0.00978	0.01313	0.01565	0.01647	0.00921	0.01084	0.01590	0.02128	0.02830	0.05987	0.56283	0.07121	0.03377	0.01403	0.00449	0.00668	0.07379	0.01011	0.00897
57	0.01543	0.01115	0.01457	0.01372	0.01629	0.01029	0.01029	0.02058	0.03086	0.04372	0.54304	0.08145	0.10288	0.02229	0.01286	0.00343	0.00514	0.01972	0.01200	0.01029
58	0.02187	0.05640	0.56031	0.03108	0.04719	0.02532	0.04029	0.03453	0.02302	0.03453	0.01957	0.02302	0.01381	0.01036	0.01036	0.00345	0.01611	0.00806	0.00460	0.01611
59	0.02059	0.01938	0.03270	0.59060	0.07510	0.02422	0.03028	0.02786	0.02180	0.02786	0.01938	0.02907	0.01453	0.01090	0.01090	0.00363	0.01453	0.00969	0.00484	0.01211
60	0.02849	0.02435	0.02732	0.02678	0.07905	0.02765	0.01915	0.09934	0.43447	0.04687	0.04033	0.03796	0.03032	0.01414	0.01105	0.00361	0.00937	0.01183	0.01053	0.01738
61	0.01654	0.01257	0.01743	0.01884	0.06756	0.01179	0.01252	0.02182	0.03028	0.04294	0.49272	0.07620	0.09464	0.02108	0.01266	0.00341	0.00590	0.01876	0.01137	0.01096
62	0.30667	0.02784	0.11505	0.03198	0.16803	0.02372	0.02297	0.03601	0.02288	0.11932	0.02153	0.02400	0.01589	0.01056	0.00907	0.00335	0.01104	0.00804	0.00705	0.01500
63	0.02351	0.14163	0.43028	0.02828	0.04238	0.02827	0.03470	0.03649	0.07162	0.03421	0.02127	0.02386	0.01572	0.01063	0.00991	0.00330	0.01470	0.00812	0.00524	0.01589
64	0.01912	0.01502	0.01776	0.01639	0.02010	0.01561	0.01249	0.03238	0.18826	0.04432	0.38551	0.06857	0.08089	0.01992	0.01230	0.00351	0.00625	0.01738	0.01172	0.01249
65	0.01504	0.01155	0.01579	0.01920	0.06128	0.01083	0.01246	0.01815	0.02351	0.03144	0.13528	0.38297	0.12872	0.02921	0.01346	0.00413	0.00689	0.06016	0.01000	0.00991
66	0.02261	0.01938	0.02261	0.01615	0.02584	0.01453	0.01292	0.02745	0.02261	0.03553	0.01938	0.02261	0.01615	0.00807	0.00807	0.00161	0.00807	0.00646	0.00646	0.68346
67	0.04463	0.02258	0.07677	0.02074	0.02974	0.01778	0.01846	0.05172	0.06894	0.46658	0.04086	0.03603	0.02621	0.01329	0.01092	0.00341	0.00989	0.01079	0.01245	0.01822
68	0.01505	0.01099	0.01414	0.01365	0.01613	0.01008	0.01012	0.01973	0.02952	0.04124	0.46756	0.13069	0.13283	0.02375	0.01296	0.00354	0.00528	0.02098	0.01169	0.01008
69	0.07597	0.03012	0.13428	0.03628	0.19295	0.06457	0.02546	0.03540	0.07058	0.07619	0.07683	0.07661	0.03054	0.01381	0.01081	0.00342	0.01184	0.01181	0.00748	0.01506
70	0.14770	0.02906	0.12427	0.08139	0.23325	0.02491	0.02737	0.03726	0.08479	0.07319	0.02370	0.02711	0.01807	0.01086	0.01004	0.00339	0.01203	0.00914	0.00669	0.01578
71	0.03861	0.04752	0.02993	0.02717	0.03287	0.48791	0.02047	0.04578	0.10858	0.02964	0.02115	0.02294	0.01704	0.01179	0.01003	0.00295	0.01794	0.00785	0.00647	0.01336
72	0.02589	0.02085	0.03430	0.29512	0.22280	0.02274	0.02847	0.03232	0.02425	0.09503	0.02607	0.03780	0.02130	0.01255	0.01125	0.00359	0.01296	0.05173	0.00655	0.01443
73	0.02904	0.17093	0.29922	0.02724	0.03921	0.12519	0.03006	0.09371	0.02764	0.03546	0.01898	0.02167	0.01446	0.01063	0.00963	0.00309	0.01530	0.00763	0.00556	0.01536
74	0.12958	0.04168	0.03513	0.03259	0.08509	0.36022	0.09472	0.03964	0.02779	0.03194	0.01776	0.02157	0.01442	0.01062	0.00995	0.00306	0.01723	0.00801	0.00574	0.01328
75	0.01328	0.00949	0.01265	0.01518	0.01581	0.00886	0.01012	0.01518	0.02088	0.02783	0.06010	0.60969	0.07212	0.03416	0.01392	0.00443	0.00633	0.03100	0.01012	0.00886
76	0.03098	0.17760	0.07900	0.02708	0.07174	0.02708	0.07947	0.04065	0.10870	0.15319	0.03143	0.07423	0.02520	0.01320	0.01038	0.00328	0.01145	0.01135	0.00833	0.01568
77	0.14658	0.02473	0.02929	0.09157	0.03612	0.07208	0.05549	0.11495	0.03065	0.24788	0.02911	0.02916	0.01976	0.01204	0.01031	0.00336	0.01182	0.00960	0.00964	0.01585
78	0.02129	0.01430	0.01730	0.01657	0.02015	0.01427	0.01236	0.03095	0.13999	0.10043	0.18904	0.23044	0.10186	0.02357	0.01256	0.00381	0.00682	0.02069	0.01126	0.01235
79	0.01413	0.01109	0.01276	0.01235	0.01549	0.00973	0.00926	0.01805	0.02778	0.03641	0.32120	0.09349	0.32928	0.02502	0.01287	0.00356	0.00534	0.02141	0.01104	0.00973
80	0.03009	0.10973	0.21953	0.07669	0.12783	0.06818	0.02953	0.06848	0.02675	0.10898	0.02274	0.02545	0.01668	0.01086	0.01015	0.00322	0.01394	0.00865	0.00652	0.01599
81	0.03056	0.02496	0.03046	0.13267	0.12362	0.06195	0.02266	0.08155	0.22385	0.10324	0.03252	0.03338	0.02407	0.01272	0.01090	0.00348	0.01148	0.01071	0.00893	0.01628
82	0.01463	0.01101	0.01455	0.01533	0.01724	0.01123	0.01141	0.01759	0.02035	0.02704	0.05668	0.19736	0.15400	0.09571	0.23872	0.00997	0.01582	0.05402	0.00815	0.00920
83	0.02542	0.03649	0.19816	0.03728	0.14044	0.07748	0.10122	0.03749	0.10809	0.03532	0.02739	0.07691	0.02307	0.01288	0.01119	0.00351	0.01411	0.01165	0.00653	0.01537
84	0.07375	0.04071	0.29269	0.04263	0.19390	0.02577	0.10793	0.03409	0.02364	0.03598	0.01990	0.02477	0.01510	0.00997	0.01060	0.00342	0.01497	0.00912	0.00513	0.01592
85	0.02586	0.02907	0.06240	0.04798	0.10434	0.02741	0.46338	0.03479	0.02565	0.03499	0.02191	0.02918	0.01661	0.00924	0.01267	0.00363	0.01786	0.01256	0.00550	0.01495
86	0.01535	0.01121	0.01567	0.10977	0.02525	0.01156	0.01315	0.01852	0.02127	0.02939	0.05038	0.44456	0.05723	0.02771	0.01265	0.00407	0.00753	0.02494	0.09023	0.00955
87	0.03287	0.22628	0.21368	0.02388	0.03488	0.08141	0.02541	0.03953	0.02559	0.16352	0.02386	0.02452	0.01724	0.01091	0.00939	0.00302	0.01331	0.00799	0.00698	0.01573
88	0.03668	0.02010	0.07352	0.01872	0.02632	0.01522	0.01659	0.04179	0.02986	0.36042	0.14882	0.05005	0.08078	0.01608	0.01144	0.00342	0.00880	0.01341	0.01208	0.01591
89	0.02670	0.02670	0.04880	0.06219	0.43765	0.02628	0.14097	0.03379	0.02503	0.03546	0.02086	0.02753	0.01711	0.00960	0.01126	0.00334	0.01418	0.01043	0.00542	0.01669
90	0.02316	0.03116	0.15730	0.04345	0.20054	0.02353	0.17651	0.03120	0.02472	0.03415	0.03566	0.03976	0.10350	0.01266	0.01168	0.00349	0.01408	0.01252	0.00604	0.01490
91	0.02953	0.07040	0.08418	0.09652	0.26448	0.02374	0.02765	0.03582	0.02547	0.13723	0.02797	0.03738	0.02276	0.01258	0.01092	0.00343	0.01228	0.05441	0.00727	0.01598
92	0.02442	0.18415	0.35708	0.03410	0.12568	0.02959	0.03409	0.03391	0.02312	0.03263	0.01869	0.02238	0.01443	0.01001	0.00964	0.00315	0.01455	0.00781	0.00475	0.01581
93	0.01430	0.01027	0.01356	0.01449	0.01604	0.00953	0.01020	0.01773	0.02559	0.03533	0.28793	0.36048	0.08663	0.02856	0.01342	0.00396	0.00577	0.02568	0.01101	0.00953
94	0.02384	0.03010	0.17760	0.02416	0.03166	0.06031	0.05793	0.06923	0.02596	0.07393	0.03821	0.26085	0.03892	0.02039	0.01203	0.00379	0.01174	0.01794	0.00818	0.01322
95	0.03610	0.08524	0.24858	0.02415	0.03583	0.02215	0.02625	0.04374	0.02707	0.29637	0.03100	0.02964	0.02046	0.01185	0.01038	0.00332	0.01230	0.00933	0.00908	0.01716
96	0.01554	0.01081	0.01374	0.01471	0.01552	0.01093	0.01012	0.01730	0.01870	0.02505	0.04315	0.19335	0.04889	0.32188	0.10849	0.00924	0.01203	0.09463	0.00784	0.00808
97	0.02488	0.03028	0.10316	0.11275	0.10571	0.02680	0.36304	0.03389	0.02493	0.03410	0.02136	0.02856	0.01612	0.00955	0.01220	0.00361	0.01719	0.01175	0.00534	0.01476
98	0.02531	0.07829	0.15986	0.09744	0.23839	0.02724	0.06254	0.03686	0.09950	0.03530	0.02345	0.02776	0.01832	0.01067	0.01059	0.00335	0.01344	0.00963	0.00597	0.01609
99	0.02602	0.02492	0.04252	0.14572	0.47752	0.02565	0.03298	0.03262	0.02437	0.03445	0.02034	0.02730	0.01686	0.00989	0.01081	0.00330	0.01319	0.00971	0.00531	0.01649
100	0.01682	0.01351	0.01990	0.01919	0.02084	0.01659	0.01516	0.02048	0.01740	0.02545	0.02698	0.03999	0.02532	0.07239	0.49305	0.01561	0.11422	0.01136	0.00568	0.01006
101	0.03012	0.03268	0.04210	0.05256	0.33680	0.16456	0.07555	0.03566	0.02590	0.03268	0.01932	0.02516	0.01619	0.01067	0.01242	0.00327	0.05409	0.00933	0.00542	0.01550
102	0.01289	0.01105	0.01105	0.01105	0.01473	0.00920	0.00828	0.01565	0.02485	0.02946	0.11046	0.10493	0.54437	0.02761	0.01289	0.00368	0.00552	0.02301	0.01013	0.00920
103	0.02059	0.01938	0.03270	0.59060	0.07510	0.02422	0.03028	0.02786	0.02180	0.02786	0.01938	0.02907	0.01453	0.01090	0.01090	0.00363	0.01453	0.00969	0.00484	0.01211
104	0.06755	0.01624	0.06592	0.01440	0.01903	0.01241	0.01252	0.02089	0.02682	0.03769	0.28343	0.08002	0.25903	0.02227	0.01216	0.00353	0.00660	0.01881	0.01015	0.01055
105	0.02597	0.02744	0.08290	0.18732	0.29443	0.02625	0.08998	0.06886	0.02607	0.03606	0.02078	0.02743	0.01634	0.01025	0.01105	0.00341	0.01417	0.00997	0.00563	0.01570

[dist]
# distance from previous block
# <min> <max>
0	30

# created by:
# /st0/software/busco_prod/Augustus/scripts/msa2prfl.pl ./align_prep/11322.fa
