[name]
unknown

[dist]
# distance from previous block
# <min> <max>
0	1

[block]
# block no. 0 follows, 15 sequences, length 14
# corresponding to MSA columns:
# 1-14
name=unknown_A
#
# <colnr> <probs for GDERKNQSTAVLIFYWHMCP>
#	G	D	E	R	K	N	Q	S	T	A	V	L	I	F	Y	W	H	M	C	P
0	0.02290	0.01662	0.02040	0.01979	0.02386	0.01756	0.01697	0.18762	0.03043	0.04016	0.04376	0.08475	0.04472	0.02267	0.01258	0.00409	0.00974	0.36035	0.00943	0.01161
1	0.03718	0.02112	0.02982	0.03231	0.20233	0.02052	0.02044	0.13744	0.03013	0.31925	0.03001	0.02917	0.02045	0.01119	0.00997	0.00303	0.01000	0.00947	0.00958	0.01660
2	0.02660	0.01271	0.01881	0.01912	0.07231	0.01198	0.01265	0.02582	0.01879	0.19935	0.02434	0.03090	0.01947	0.02517	0.02710	0.42056	0.00891	0.00911	0.00689	0.00939
3	0.03087	0.01888	0.02973	0.23804	0.17850	0.01946	0.02306	0.03619	0.02413	0.26011	0.02682	0.02912	0.01857	0.01067	0.00997	0.00314	0.01097	0.00934	0.00779	0.01465
4	0.14264	0.02210	0.01930	0.01678	0.02074	0.11245	0.01235	0.16374	0.02565	0.03590	0.02396	0.03860	0.02317	0.27230	0.02587	0.00567	0.01100	0.01023	0.00696	0.01060
5	0.04002	0.01733	0.02257	0.01795	0.02493	0.01596	0.01457	0.07829	0.07198	0.46964	0.03973	0.08374	0.02804	0.01397	0.01025	0.00318	0.00837	0.01157	0.01176	0.01614
6	0.30193	0.01312	0.01272	0.01329	0.01636	0.01396	0.00976	0.02023	0.01848	0.03345	0.04150	0.34651	0.08116	0.02180	0.00997	0.00360	0.00652	0.01841	0.00799	0.00923
7	0.02689	0.01852	0.02118	0.01854	0.02327	0.01960	0.01433	0.24602	0.07689	0.09383	0.03939	0.27942	0.03881	0.02002	0.01112	0.00346	0.00837	0.01719	0.00991	0.01323
8	0.02467	0.02369	0.04046	0.06119	0.58747	0.02369	0.03059	0.03059	0.02270	0.03257	0.01875	0.02467	0.01579	0.00888	0.00987	0.00296	0.01184	0.00888	0.00493	0.01579
9	0.03896	0.02989	0.02658	0.02186	0.02868	0.20549	0.01737	0.18715	0.07501	0.22610	0.02767	0.02642	0.01927	0.01168	0.00970	0.00292	0.01209	0.00870	0.00926	0.01518
10	0.01396	0.01002	0.01344	0.01444	0.01620	0.00950	0.01103	0.01767	0.02392	0.03270	0.27751	0.26899	0.07568	0.02571	0.01258	0.00380	0.00618	0.14777	0.00996	0.00892
11	0.02321	0.02594	0.05354	0.03906	0.04726	0.02620	0.45233	0.03045	0.02199	0.03045	0.01884	0.02594	0.01474	0.01009	0.01568	0.00355	0.13165	0.01120	0.00491	0.01297
12	0.01999	0.05157	0.59800	0.02841	0.04315	0.02315	0.03683	0.03157	0.02105	0.03157	0.01789	0.02105	0.01263	0.00947	0.00947	0.00316	0.01473	0.00737	0.00421	0.01473
13	0.01209	0.00890	0.01134	0.01329	0.01430	0.00815	0.00899	0.01395	0.01966	0.02568	0.06216	0.55741	0.14702	0.03029	0.01258	0.00394	0.00567	0.02720	0.00925	0.00815

[dist]
# distance from previous block
# <min> <max>
0	14

[block]
# block no. 1 follows, 15 sequences, length 37
# corresponding to MSA columns:
# 29-65
name=unknown_B
#
# <colnr> <probs for GDERKNQSTAVLIFYWHMCP>
#	G	D	E	R	K	N	Q	S	T	A	V	L	I	F	Y	W	H	M	C	P
0	0.01883	0.01772	0.02990	0.62569	0.06866	0.02215	0.02769	0.02547	0.01993	0.02547	0.01772	0.02658	0.01329	0.00997	0.00997	0.00332	0.01329	0.00886	0.00443	0.01107
1	0.02821	0.23471	0.22718	0.02397	0.03337	0.23817	0.02450	0.03399	0.02339	0.02652	0.01577	0.01840	0.01275	0.00947	0.00836	0.00263	0.01465	0.00641	0.00456	0.01300
2	0.01450	0.00966	0.01087	0.01087	0.01087	0.00966	0.00604	0.01450	0.01450	0.01933	0.03141	0.06524	0.03624	0.64965	0.05074	0.00966	0.00966	0.01450	0.00604	0.00604
3	0.01296	0.00953	0.01215	0.01280	0.01452	0.00871	0.00910	0.01610	0.02357	0.03202	0.29246	0.32218	0.14567	0.02569	0.01218	0.00356	0.00521	0.02286	0.01001	0.00871
4	0.01331	0.00960	0.01252	0.01395	0.01531	0.00904	0.01014	0.01603	0.02141	0.02860	0.15334	0.37077	0.10529	0.06713	0.01505	0.00428	0.00636	0.11011	0.00935	0.00842
5	0.11411	0.02407	0.03068	0.03361	0.21095	0.02538	0.02123	0.25412	0.03302	0.12175	0.02312	0.02461	0.01688	0.01069	0.00950	0.00300	0.01054	0.00867	0.00820	0.01586
6	0.03818	0.03495	0.02870	0.02363	0.03044	0.26313	0.01873	0.30638	0.03790	0.08966	0.02172	0.02233	0.01591	0.01131	0.00958	0.00283	0.01360	0.00803	0.00821	0.01478
7	0.01424	0.01068	0.01602	0.01602	0.01780	0.01246	0.01246	0.01780	0.01602	0.02314	0.02670	0.03916	0.02492	0.07477	0.61015	0.01602	0.02670	0.01068	0.00534	0.00890
8	0.03155	0.02480	0.08211	0.03815	0.22360	0.02178	0.11637	0.08542	0.02678	0.20940	0.02580	0.02757	0.01828	0.01021	0.01023	0.00309	0.01182	0.00963	0.00766	0.01577
9	0.02757	0.07934	0.30612	0.02771	0.08002	0.10962	0.02761	0.03669	0.05902	0.11997	0.02221	0.02366	0.01599	0.01020	0.00937	0.00299	0.01329	0.00790	0.00608	0.01465
10	0.01365	0.00987	0.01322	0.01536	0.01681	0.00944	0.01179	0.01656	0.02086	0.02727	0.05744	0.39596	0.10012	0.02935	0.01306	0.00421	0.00706	0.22019	0.00923	0.00854
11	0.02467	0.02369	0.04046	0.06119	0.58747	0.02369	0.03059	0.03059	0.02270	0.03257	0.01875	0.02467	0.01579	0.00888	0.00987	0.00296	0.01184	0.00888	0.00493	0.01579
12	0.03147	0.02088	0.03356	0.08302	0.35182	0.02035	0.02469	0.03670	0.02461	0.23330	0.02605	0.02811	0.01881	0.01019	0.00993	0.00303	0.01074	0.00929	0.00755	0.01590
13	0.04473	0.01697	0.02313	0.01774	0.02545	0.01465	0.01465	0.04858	0.02853	0.59437	0.03933	0.03393	0.02468	0.01234	0.01003	0.00308	0.00848	0.01003	0.01234	0.01697
14	0.03747	0.04050	0.02885	0.02470	0.03085	0.40237	0.01915	0.22404	0.03492	0.03816	0.01846	0.02011	0.01431	0.01088	0.00934	0.00272	0.01547	0.00734	0.00687	0.01349
15	0.02067	0.01772	0.02067	0.01477	0.02362	0.01329	0.01181	0.02510	0.02067	0.03248	0.01772	0.02067	0.01477	0.00738	0.00738	0.00148	0.00738	0.00591	0.00591	0.71059
16	0.07755	0.02630	0.08148	0.02632	0.07383	0.06180	0.04877	0.07237	0.18753	0.08559	0.02585	0.02742	0.01967	0.01250	0.01391	0.00338	0.12480	0.00928	0.00742	0.01421
17	0.01797	0.01378	0.01512	0.01453	0.01660	0.01494	0.00983	0.02822	0.21368	0.02791	0.03689	0.10920	0.03694	0.36404	0.03265	0.00689	0.00867	0.01464	0.00781	0.00972
18	0.02067	0.01772	0.02067	0.01477	0.02362	0.01329	0.01181	0.02510	0.02067	0.03248	0.01772	0.02067	0.01477	0.00738	0.00738	0.00148	0.00738	0.00591	0.00591	0.71059
19	0.01228	0.01001	0.01087	0.01087	0.01383	0.00860	0.00807	0.01520	0.02358	0.02949	0.19614	0.13124	0.44572	0.02469	0.01185	0.00337	0.00503	0.02095	0.00961	0.00860
20	0.01215	0.00868	0.01157	0.01388	0.01446	0.00810	0.00925	0.01388	0.01909	0.02545	0.05495	0.64315	0.06593	0.03123	0.01272	0.00405	0.00578	0.02834	0.00925	0.00810
21	0.01282	0.01014	0.01154	0.01119	0.01410	0.00886	0.00839	0.01631	0.02517	0.03274	0.31532	0.08638	0.36546	0.02308	0.01177	0.00326	0.00490	0.01970	0.01002	0.00886
22	0.01883	0.01772	0.02990	0.62569	0.06866	0.02215	0.02769	0.02547	0.01993	0.02547	0.01772	0.02658	0.01329	0.00997	0.00997	0.00332	0.01329	0.00886	0.00443	0.01107
23	0.01999	0.05157	0.59800	0.02841	0.04315	0.02315	0.03683	0.03157	0.02105	0.03157	0.01789	0.02105	0.01263	0.00947	0.00947	0.00316	0.01473	0.00737	0.00421	0.01473
24	0.03313	0.01544	0.01850	0.01506	0.02063	0.01483	0.01216	0.11144	0.02809	0.29140	0.03434	0.03380	0.02391	0.01199	0.00878	0.00276	0.00729	0.00958	0.29304	0.01385
25	0.03823	0.02483	0.02836	0.02196	0.02924	0.02702	0.01816	0.39153	0.03998	0.18596	0.02672	0.02614	0.01848	0.01250	0.01181	0.00312	0.06022	0.00920	0.01008	0.01647
26	0.66567	0.02153	0.01574	0.01411	0.02020	0.06915	0.01147	0.03014	0.01786	0.04311	0.01400	0.01634	0.01096	0.00934	0.00639	0.00304	0.00853	0.00548	0.00609	0.01086
27	0.02416	0.01307	0.01661	0.01438	0.01877	0.01196	0.01125	0.02989	0.06397	0.21298	0.31135	0.06203	0.13247	0.01803	0.01111	0.00317	0.00615	0.01545	0.01112	0.01208
28	0.02043	0.04896	0.54590	0.03148	0.09401	0.02320	0.03625	0.03148	0.02120	0.03166	0.01797	0.02139	0.01292	0.00942	0.00951	0.00314	0.01446	0.00751	0.00428	0.01483
29	0.23041	0.01767	0.02058	0.01621	0.02359	0.01668	0.01335	0.04134	0.02469	0.39654	0.03052	0.02794	0.02002	0.01108	0.00874	0.00296	0.00818	0.00841	0.01011	0.07097
30	0.13127	0.02226	0.03397	0.14896	0.37305	0.02370	0.02627	0.06471	0.02297	0.03524	0.01817	0.02365	0.01467	0.00933	0.00933	0.00304	0.01140	0.00835	0.00538	0.01429
31	0.01227	0.00887	0.01139	0.01335	0.01414	0.00823	0.00890	0.01396	0.01911	0.02518	0.05748	0.55717	0.10973	0.07096	0.01512	0.00435	0.00597	0.02679	0.00905	0.00799
32	0.01646	0.01322	0.01516	0.01455	0.01766	0.01379	0.01087	0.02648	0.17548	0.03251	0.16275	0.10918	0.17475	0.07777	0.08893	0.00546	0.00890	0.01646	0.00911	0.01053
33	0.04202	0.01637	0.02227	0.01728	0.02452	0.01419	0.01419	0.04595	0.02851	0.54538	0.08730	0.03751	0.03081	0.01305	0.01018	0.00309	0.00815	0.01073	0.01222	0.01630
34	0.01883	0.01772	0.02990	0.62569	0.06866	0.02215	0.02769	0.02547	0.01993	0.02547	0.01772	0.02658	0.01329	0.00997	0.00997	0.00332	0.01329	0.00886	0.00443	0.01107
35	0.01509	0.01202	0.01932	0.01784	0.02018	0.01333	0.05947	0.01874	0.01654	0.02356	0.02656	0.04052	0.02511	0.12262	0.50500	0.01431	0.02424	0.01113	0.00538	0.00904
36	0.13738	0.55403	0.04624	0.01643	0.02458	0.03672	0.01606	0.02976	0.01973	0.02685	0.01386	0.01602	0.01247	0.00864	0.00636	0.00228	0.01019	0.00534	0.00457	0.01247

[dist]
# distance from previous block
# <min> <max>
0	10

[block]
# block no. 2 follows, 15 sequences, length 26
# corresponding to MSA columns:
# 76-101
name=unknown_C
#
# <colnr> <probs for GDERKNQSTAVLIFYWHMCP>
#	G	D	E	R	K	N	Q	S	T	A	V	L	I	F	Y	W	H	M	C	P
0	0.01554	0.01786	0.12292	0.01599	0.01934	0.01274	0.01416	0.01889	0.01722	0.02380	0.03209	0.09288	0.03439	0.33475	0.11822	0.00844	0.01283	0.07320	0.00615	0.00859
1	0.59281	0.01884	0.01625	0.01398	0.02044	0.02091	0.01152	0.03294	0.01915	0.14830	0.01868	0.01954	0.01341	0.00984	0.00690	0.00308	0.00786	0.00627	0.00733	0.01196
2	0.02331	0.01634	0.06644	0.01859	0.05970	0.01291	0.01453	0.02845	0.02732	0.18325	0.35468	0.05600	0.06377	0.01658	0.01098	0.00311	0.00702	0.01442	0.01035	0.01226
3	0.02466	0.04505	0.48967	0.02640	0.03981	0.02155	0.03265	0.03478	0.02246	0.13762	0.02193	0.02347	0.01490	0.01001	0.00958	0.00314	0.01356	0.00787	0.00574	0.01515
4	0.02726	0.02511	0.10631	0.04587	0.37314	0.02107	0.02738	0.03342	0.02361	0.13812	0.02488	0.03204	0.01995	0.01090	0.01012	0.00312	0.01139	0.04437	0.00653	0.01542
5	0.06382	0.02092	0.02531	0.05536	0.06514	0.02179	0.01710	0.22101	0.06492	0.22966	0.02972	0.02917	0.02059	0.01172	0.00955	0.00300	0.00941	0.00933	0.07697	0.01549
6	0.01770	0.01280	0.01688	0.01659	0.05654	0.01136	0.01139	0.02191	0.02502	0.06670	0.34092	0.08981	0.06446	0.05864	0.01332	0.00329	0.00630	0.01501	0.00926	0.14211
7	0.16332	0.02766	0.06767	0.02819	0.13039	0.06787	0.02044	0.24455	0.03218	0.09322	0.02134	0.02281	0.01563	0.01063	0.00914	0.00299	0.01107	0.00808	0.00779	0.01504
8	0.01445	0.01114	0.01375	0.01304	0.01622	0.00961	0.00957	0.01791	0.02332	0.03246	0.25324	0.23833	0.13565	0.02184	0.01123	0.00313	0.00558	0.01925	0.00927	0.14101
9	0.02396	0.12774	0.23241	0.03258	0.04355	0.07525	0.26067	0.03217	0.02263	0.02996	0.01811	0.02265	0.01378	0.00893	0.01000	0.00305	0.01533	0.00894	0.00466	0.01362
10	0.52894	0.07026	0.01720	0.01358	0.01890	0.02110	0.01103	0.02644	0.01764	0.03932	0.02162	0.13432	0.02135	0.01334	0.00742	0.00319	0.00759	0.00972	0.00659	0.01045
11	0.02581	0.05977	0.01947	0.01616	0.02020	0.01330	0.01277	0.02883	0.02320	0.23636	0.04584	0.29794	0.04557	0.02206	0.01140	0.00363	0.00761	0.08818	0.01002	0.01187
12	0.06274	0.22359	0.03382	0.01921	0.02691	0.07130	0.01657	0.16599	0.06855	0.14367	0.02344	0.02331	0.01738	0.01055	0.00848	0.00265	0.01035	0.00767	0.00787	0.05596
13	0.03234	0.02623	0.14511	0.02586	0.10072	0.01964	0.02146	0.06858	0.09592	0.26533	0.03000	0.02898	0.02064	0.01107	0.00971	0.00300	0.01019	0.00913	0.00882	0.06727
14	0.07845	0.02222	0.03010	0.03245	0.19611	0.05148	0.05853	0.03621	0.09182	0.13869	0.02470	0.02640	0.01852	0.00989	0.00929	0.00277	0.01028	0.00866	0.00726	0.14618
15	0.06866	0.20953	0.05895	0.01812	0.02607	0.02438	0.01643	0.09776	0.02724	0.27885	0.05807	0.02823	0.02288	0.01133	0.00882	0.00280	0.00946	0.00860	0.00890	0.01489
16	0.01908	0.01144	0.01407	0.01268	0.01639	0.01005	0.00977	0.02288	0.02639	0.13997	0.31482	0.07419	0.24886	0.02053	0.01144	0.00321	0.00553	0.01755	0.01064	0.01049
17	0.02775	0.02874	0.19762	0.02271	0.03156	0.02000	0.05973	0.12206	0.05079	0.16641	0.03518	0.09913	0.06495	0.01419	0.01040	0.00325	0.01081	0.01204	0.00831	0.01439
18	0.15709	0.02512	0.06532	0.04404	0.34061	0.02445	0.06327	0.09833	0.02472	0.03868	0.01856	0.02295	0.01478	0.00935	0.00930	0.00303	0.01146	0.00836	0.00579	0.01477
19	0.02198	0.02214	0.10049	0.03255	0.15571	0.01803	0.13568	0.02795	0.02233	0.07799	0.03117	0.14932	0.02928	0.01491	0.01077	0.00334	0.01097	0.04859	0.07408	0.01272
20	0.01299	0.00917	0.01180	0.01304	0.01387	0.00866	0.00868	0.01501	0.02009	0.02727	0.15836	0.41792	0.06609	0.14555	0.01969	0.00492	0.00629	0.02362	0.00900	0.00798
21	0.02352	0.08126	0.21962	0.16860	0.04504	0.10466	0.08215	0.03376	0.08849	0.02982	0.02020	0.02413	0.01525	0.01001	0.00962	0.00309	0.01392	0.00837	0.00520	0.01328
22	0.07472	0.08701	0.11943	0.13780	0.04051	0.02404	0.09927	0.10637	0.02604	0.15540	0.02297	0.02529	0.01619	0.01026	0.00957	0.00308	0.01205	0.00876	0.00705	0.01420
23	0.01841	0.01034	0.01386	0.01452	0.01656	0.00942	0.01028	0.02074	0.02147	0.13361	0.08665	0.49098	0.06001	0.02696	0.01215	0.00381	0.00622	0.02421	0.00995	0.00985
24	0.01268	0.00984	0.01153	0.01173	0.01417	0.00870	0.00856	0.01581	0.02391	0.03122	0.26092	0.20031	0.30536	0.02476	0.01197	0.00342	0.00508	0.02147	0.00986	0.00870
25	0.02883	0.02161	0.03304	0.04348	0.35331	0.02162	0.02405	0.08458	0.05823	0.14138	0.02703	0.07173	0.02206	0.01172	0.01013	0.00309	0.01045	0.01065	0.00744	0.01557

[dist]
# distance from previous block
# <min> <max>
0	74

# created by:
# /st0/software/busco_prod/Augustus/scripts/msa2prfl.pl ./align_prep/11326.fa
