[name]
unknown

[dist]
# distance from previous block
# <min> <max>
0	11

[block]
# block no. 0 follows, 11 sequences, length 13
# corresponding to MSA columns:
# 11-23
name=unknown_A
#
# <colnr> <probs for GDERKNQSTAVLIFYWHMCP>
#	G	D	E	R	K	N	Q	S	T	A	V	L	I	F	Y	W	H	M	C	P
0	0.07541	0.01836	0.02182	0.02036	0.02565	0.01884	0.01704	0.09915	0.07972	0.08374	0.08367	0.07728	0.04786	0.02164	0.01280	0.00412	0.00976	0.20892	0.01052	0.06334
1	0.04331	0.02061	0.02624	0.01983	0.02887	0.01805	0.01628	0.09352	0.03223	0.37497	0.03688	0.03363	0.02434	0.01257	0.01061	0.00304	0.00957	0.01010	0.01195	0.17340
2	0.01371	0.00979	0.01306	0.01567	0.01632	0.00914	0.01045	0.01567	0.02155	0.02873	0.06203	0.59710	0.07444	0.03526	0.01437	0.00457	0.00653	0.03200	0.01045	0.00914
3	0.01637	0.01091	0.01228	0.01228	0.01228	0.01091	0.00682	0.01637	0.01637	0.02182	0.03546	0.07365	0.04092	0.60445	0.05729	0.01091	0.01091	0.01637	0.00682	0.00682
4	0.03377	0.02567	0.09914	0.03295	0.11279	0.02069	0.09381	0.04030	0.02678	0.23233	0.03197	0.03471	0.02302	0.02474	0.10871	0.00611	0.01611	0.01117	0.00884	0.01642
5	0.02334	0.02001	0.02334	0.01667	0.02667	0.01500	0.01334	0.02834	0.02334	0.03668	0.02001	0.02334	0.01667	0.00834	0.00834	0.00167	0.00834	0.00667	0.00667	0.67325
6	0.01730	0.01261	0.01540	0.01483	0.01502	0.01395	0.00957	0.01796	0.01663	0.02284	0.03256	0.06519	0.03668	0.48773	0.10195	0.01089	0.07939	0.01521	0.00653	0.00776
7	0.02126	0.02001	0.03376	0.57739	0.07752	0.02501	0.03126	0.02876	0.02251	0.02876	0.02001	0.03001	0.01500	0.01125	0.01125	0.00375	0.01500	0.01000	0.00500	0.01250
8	0.04357	0.02289	0.08546	0.02080	0.02979	0.01703	0.01883	0.04904	0.03119	0.43023	0.09308	0.04149	0.03461	0.01452	0.01145	0.00350	0.00994	0.01193	0.01270	0.01795
9	0.01366	0.01000	0.01285	0.01514	0.01618	0.00919	0.01021	0.01573	0.02206	0.02894	0.06857	0.53569	0.13164	0.03441	0.01423	0.00447	0.00643	0.03096	0.01045	0.00919
10	0.68395	0.02177	0.01654	0.01480	0.02177	0.02525	0.01219	0.03309	0.01915	0.05050	0.01567	0.01828	0.01219	0.01045	0.00697	0.00348	0.00871	0.00609	0.00697	0.01219
11	0.01797	0.07675	0.02307	0.01896	0.02115	0.01847	0.01492	0.02116	0.01948	0.02703	0.03576	0.19647	0.03819	0.05432	0.27995	0.01092	0.09106	0.01682	0.00702	0.01054
12	0.01440	0.01145	0.01292	0.01255	0.01588	0.00997	0.00942	0.01828	0.02825	0.03656	0.28719	0.09818	0.35265	0.02621	0.01329	0.00369	0.00554	0.02233	0.01126	0.00997

[dist]
# distance from previous block
# <min> <max>
0	2

[block]
# block no. 1 follows, 11 sequences, length 42
# corresponding to MSA columns:
# 26-67
name=unknown_B
#
# <colnr> <probs for GDERKNQSTAVLIFYWHMCP>
#	G	D	E	R	K	N	Q	S	T	A	V	L	I	F	Y	W	H	M	C	P
0	0.03198	0.02721	0.03221	0.02637	0.03368	0.07040	0.08431	0.12133	0.25787	0.08432	0.07668	0.03938	0.03330	0.01442	0.01171	0.00362	0.01155	0.01246	0.01042	0.01678
1	0.02982	0.35847	0.12019	0.09992	0.03942	0.03768	0.02442	0.10702	0.02773	0.03517	0.01871	0.02195	0.01524	0.01062	0.00892	0.00291	0.01315	0.00755	0.00586	0.01523
2	0.26295	0.29831	0.03891	0.01952	0.02749	0.13467	0.01723	0.03560	0.02326	0.03515	0.01599	0.01856	0.01366	0.01029	0.00768	0.00288	0.01242	0.00628	0.00576	0.01339
3	0.01642	0.01136	0.01411	0.01342	0.01617	0.01051	0.01007	0.02152	0.03020	0.04348	0.42565	0.08020	0.13030	0.02208	0.01252	0.00343	0.00533	0.01926	0.10346	0.01051
4	0.02712	0.01989	0.02373	0.01714	0.02696	0.01522	0.01378	0.03204	0.02458	0.10712	0.02341	0.02543	0.01823	0.00912	0.00875	0.00192	0.00851	0.00732	0.00768	0.58208
5	0.01646	0.01151	0.01357	0.01332	0.01451	0.01093	0.00831	0.01780	0.01964	0.02695	0.10278	0.14425	0.05237	0.40446	0.04189	0.00837	0.00937	0.01835	0.00805	0.05711
6	0.03708	0.01843	0.02343	0.01889	0.02551	0.01738	0.01523	0.11336	0.03539	0.29176	0.21230	0.05265	0.05410	0.01707	0.01200	0.00349	0.00852	0.01432	0.01296	0.01614
7	0.01911	0.01810	0.06081	0.01754	0.02215	0.01569	0.01473	0.03084	0.13650	0.04478	0.38128	0.06994	0.08298	0.02031	0.01267	0.00360	0.00702	0.01770	0.01156	0.01268
8	0.02669	0.02878	0.04905	0.11446	0.11876	0.06731	0.22180	0.03336	0.02403	0.03242	0.01987	0.02786	0.01617	0.01241	0.01820	0.00393	0.15399	0.01114	0.00541	0.01435
9	0.02231	0.02108	0.03566	0.49645	0.15025	0.02528	0.03178	0.02968	0.02300	0.03003	0.02019	0.02966	0.01545	0.01106	0.01124	0.00369	0.01474	0.01001	0.00509	0.01335
10	0.02111	0.01965	0.03291	0.49464	0.10526	0.02382	0.02978	0.02809	0.02265	0.02933	0.02355	0.07657	0.02010	0.01314	0.01150	0.00379	0.01419	0.01182	0.00549	0.01261
11	0.68395	0.02177	0.01654	0.01480	0.02177	0.02525	0.01219	0.03309	0.01915	0.05050	0.01567	0.01828	0.01219	0.01045	0.00697	0.00348	0.00871	0.00609	0.00697	0.01219
12	0.02648	0.02443	0.02818	0.11875	0.10092	0.06425	0.02122	0.07015	0.22837	0.04010	0.04599	0.04623	0.10552	0.01566	0.01157	0.00365	0.01103	0.01312	0.00904	0.01535
13	0.02312	0.05445	0.48114	0.03416	0.05008	0.02645	0.10279	0.03570	0.02414	0.03570	0.02055	0.02466	0.01464	0.01053	0.01104	0.00360	0.01695	0.00899	0.00488	0.01644
14	0.03152	0.02477	0.02734	0.02361	0.02999	0.02849	0.01874	0.11413	0.37297	0.08935	0.04068	0.03830	0.03022	0.01529	0.01350	0.00382	0.05651	0.01203	0.01110	0.01765
15	0.01624	0.01142	0.01486	0.01486	0.01575	0.01231	0.01004	0.01803	0.01713	0.02374	0.03310	0.06058	0.03524	0.37339	0.28058	0.01410	0.01946	0.01445	0.00647	0.00825
16	0.02881	0.01435	0.01917	0.01634	0.02125	0.01283	0.01283	0.03376	0.03199	0.23025	0.34803	0.06703	0.07702	0.01963	0.01255	0.00352	0.00690	0.01699	0.01296	0.01380
17	0.02994	0.02514	0.02654	0.02330	0.03001	0.02890	0.01829	0.11722	0.45332	0.05022	0.04334	0.04003	0.03236	0.01504	0.01143	0.00376	0.00936	0.01238	0.01143	0.01799
18	0.01785	0.01352	0.01670	0.01555	0.01880	0.01339	0.01177	0.02738	0.10863	0.04544	0.45146	0.07737	0.09476	0.02178	0.01298	0.00358	0.00588	0.01914	0.01224	0.01177
19	0.04401	0.02956	0.03256	0.02496	0.03392	0.03198	0.02062	0.42634	0.04962	0.14596	0.02979	0.02882	0.02053	0.01358	0.01127	0.00339	0.01194	0.01032	0.01168	0.01914
20	0.03729	0.01847	0.02350	0.01893	0.02559	0.01741	0.01526	0.11357	0.03539	0.29485	0.20929	0.05237	0.05361	0.01701	0.01199	0.00349	0.00855	0.01426	0.01297	0.01620
21	0.50468	0.02662	0.09262	0.09114	0.03285	0.02534	0.01879	0.03287	0.02024	0.04557	0.01687	0.02059	0.01285	0.01059	0.00805	0.00353	0.01064	0.00692	0.00640	0.01285
22	0.02780	0.18536	0.04487	0.19251	0.23053	0.07468	0.02845	0.03357	0.02453	0.03102	0.01904	0.02518	0.01586	0.01039	0.01003	0.00317	0.01403	0.00871	0.00523	0.01505
23	0.12887	0.02059	0.02472	0.01996	0.02793	0.02017	0.01625	0.05306	0.13484	0.37023	0.04093	0.03648	0.02721	0.01376	0.01078	0.00356	0.00932	0.01094	0.01248	0.01795
24	0.01792	0.01036	0.01344	0.01344	0.01344	0.01036	0.00826	0.01554	0.01554	0.02071	0.02770	0.05441	0.03049	0.32853	0.05080	0.33382	0.01036	0.01315	0.00588	0.00588
25	0.02821	0.02548	0.04936	0.03691	0.04488	0.02587	0.28927	0.03515	0.02475	0.10385	0.02548	0.03238	0.01967	0.02158	0.08860	0.00581	0.10909	0.01230	0.00676	0.01460
26	0.01425	0.01144	0.01272	0.01240	0.01578	0.00991	0.00930	0.01799	0.02789	0.03572	0.26358	0.09957	0.37679	0.02652	0.01329	0.00371	0.00556	0.02253	0.01115	0.00991
27	0.01581	0.01158	0.01650	0.01685	0.01836	0.01292	0.01244	0.01892	0.01827	0.02578	0.03518	0.12156	0.03626	0.16077	0.40813	0.01517	0.02398	0.01537	0.00674	0.00942
28	0.03690	0.29343	0.04354	0.02481	0.03225	0.33790	0.02068	0.04011	0.02801	0.02709	0.01665	0.01933	0.01447	0.01075	0.00889	0.00269	0.01674	0.00672	0.00538	0.01365
29	0.02610	0.01366	0.01481	0.01360	0.01760	0.01384	0.01050	0.03502	0.09497	0.11240	0.03909	0.04146	0.02950	0.01354	0.00886	0.00291	0.00637	0.01093	0.48210	0.01275
30	0.03087	0.10745	0.11227	0.11429	0.18589	0.02813	0.02826	0.07650	0.06277	0.10802	0.02562	0.02866	0.01916	0.01145	0.01063	0.00336	0.01296	0.00963	0.00733	0.01676
31	0.02672	0.02599	0.04553	0.14666	0.42377	0.02661	0.07183	0.03376	0.02522	0.03546	0.02112	0.02840	0.01733	0.01018	0.01134	0.00344	0.01409	0.01029	0.00549	0.01678
32	0.01371	0.00979	0.01306	0.01567	0.01632	0.00914	0.01045	0.01567	0.02155	0.02873	0.06203	0.59710	0.07444	0.03526	0.01437	0.00457	0.00653	0.03200	0.01045	0.00914
33	0.02558	0.02268	0.02843	0.22194	0.04659	0.02692	0.02264	0.04866	0.33752	0.04050	0.03655	0.03769	0.02741	0.01383	0.01138	0.00379	0.01110	0.01175	0.00914	0.01591
34	0.01389	0.00993	0.01322	0.01555	0.01637	0.00926	0.01046	0.01613	0.02239	0.03007	0.10021	0.55510	0.07704	0.03426	0.01428	0.00449	0.00643	0.03104	0.01061	0.00926
35	0.03412	0.01761	0.02234	0.01849	0.02447	0.01669	0.01470	0.10794	0.03449	0.25217	0.21749	0.09454	0.05822	0.01872	0.01224	0.00357	0.00825	0.01593	0.01270	0.01533
36	0.01537	0.01087	0.01443	0.01667	0.01779	0.01050	0.01218	0.01799	0.02209	0.02921	0.05762	0.38749	0.06696	0.11339	0.02069	0.00563	0.00826	0.15378	0.00992	0.00917
37	0.01680	0.01353	0.01950	0.16670	0.03304	0.01419	0.01601	0.02197	0.02718	0.03688	0.28248	0.15312	0.11112	0.02223	0.01290	0.00378	0.00816	0.01968	0.00992	0.01080
38	0.51033	0.02441	0.02121	0.01781	0.02532	0.02786	0.01468	0.15863	0.02830	0.05603	0.01875	0.02065	0.01407	0.01128	0.00813	0.00345	0.00970	0.00719	0.00813	0.01407
39	0.03012	0.02674	0.09409	0.02063	0.03117	0.01985	0.01878	0.10758	0.02934	0.11244	0.02455	0.02607	0.01831	0.01025	0.00953	0.00244	0.01024	0.00808	0.00816	0.39163
40	0.02379	0.02478	0.04988	0.18669	0.05823	0.02506	0.29254	0.03205	0.02536	0.03370	0.02789	0.04565	0.02411	0.01341	0.01309	0.00400	0.01653	0.08329	0.00625	0.01369
41	0.07351	0.01403	0.01754	0.01745	0.01896	0.01538	0.01257	0.02187	0.02040	0.06572	0.04417	0.31447	0.04984	0.14225	0.02566	0.00572	0.09974	0.02176	0.00881	0.01015

[dist]
# distance from previous block
# <min> <max>
0	12

[block]
# block no. 2 follows, 11 sequences, length 18
# corresponding to MSA columns:
# 80-97
name=unknown_C
#
# <colnr> <probs for GDERKNQSTAVLIFYWHMCP>
#	G	D	E	R	K	N	Q	S	T	A	V	L	I	F	Y	W	H	M	C	P
0	0.02706	0.10778	0.13255	0.07115	0.09080	0.02319	0.02336	0.03343	0.02410	0.09062	0.02333	0.02866	0.01871	0.04825	0.01266	0.00329	0.01185	0.00869	0.00662	0.21389
1	0.17646	0.02162	0.02740	0.13492	0.03737	0.02535	0.02054	0.03885	0.06891	0.16516	0.02646	0.02942	0.01940	0.01406	0.01620	0.00390	0.14142	0.00969	0.00829	0.01457
2	0.10682	0.26124	0.07981	0.02393	0.05812	0.03401	0.02088	0.10683	0.08565	0.08754	0.02420	0.02507	0.01864	0.01146	0.00914	0.00308	0.01154	0.00831	0.00767	0.01607
3	0.01381	0.01142	0.01211	0.01194	0.01552	0.00972	0.00895	0.01714	0.02686	0.03326	0.19441	0.10361	0.44749	0.02744	0.01330	0.00375	0.00563	0.02309	0.01083	0.00972
4	0.10509	0.02505	0.03090	0.06005	0.03499	0.02752	0.07399	0.19110	0.15326	0.05242	0.06805	0.03545	0.02873	0.01368	0.01102	0.00354	0.01113	0.01147	0.04655	0.01601
5	0.04336	0.01734	0.02359	0.01918	0.02632	0.01511	0.01536	0.04725	0.03014	0.44242	0.04783	0.14675	0.03690	0.01807	0.01191	0.00369	0.00899	0.01533	0.01325	0.01721
6	0.01464	0.01048	0.01402	0.01595	0.01721	0.00986	0.01135	0.01762	0.02404	0.03247	0.15224	0.44441	0.07951	0.03241	0.01429	0.00444	0.00673	0.07794	0.01082	0.00957
7	0.04477	0.01747	0.02309	0.01817	0.02570	0.01537	0.01486	0.04930	0.03054	0.44499	0.04291	0.03902	0.02805	0.01377	0.01065	0.00332	0.00874	0.01116	0.14065	0.01747
8	0.02867	0.01617	0.01879	0.01622	0.02113	0.01620	0.01275	0.08896	0.07656	0.14368	0.16024	0.04998	0.04728	0.01598	0.01062	0.00322	0.00728	0.01327	0.23909	0.01390
9	0.02950	0.02366	0.03928	0.20507	0.32691	0.02467	0.03083	0.03605	0.02577	0.11279	0.02444	0.03008	0.01858	0.01098	0.01120	0.00348	0.01324	0.01022	0.00671	0.01653
10	0.31816	0.02528	0.02942	0.14064	0.18070	0.06626	0.02303	0.03357	0.02263	0.04059	0.01822	0.02346	0.01453	0.01057	0.00924	0.00345	0.01215	0.00807	0.00610	0.01393
11	0.02921	0.54624	0.11622	0.02077	0.03122	0.04237	0.02188	0.03393	0.02297	0.02756	0.01618	0.01873	0.01442	0.00975	0.00763	0.00254	0.01258	0.00629	0.00481	0.01470
12	0.01607	0.01029	0.01421	0.01524	0.01599	0.01016	0.01039	0.01644	0.01970	0.02673	0.08642	0.28399	0.05361	0.08674	0.08789	0.19851	0.01037	0.02104	0.00823	0.00797
13	0.02658	0.02269	0.02423	0.02188	0.02780	0.02595	0.01697	0.05528	0.45726	0.04685	0.10250	0.04694	0.04280	0.01618	0.01167	0.00378	0.00848	0.01362	0.01156	0.01697
14	0.01610	0.01090	0.01282	0.01305	0.01327	0.01101	0.00773	0.01661	0.01698	0.02280	0.03745	0.11881	0.04293	0.51079	0.09394	0.01092	0.01207	0.01744	0.00709	0.00729
15	0.04004	0.01834	0.02276	0.01862	0.02561	0.01752	0.01500	0.04991	0.12391	0.34277	0.04309	0.03978	0.02933	0.01402	0.01063	0.00337	0.00855	0.01142	0.14823	0.01711
16	0.05050	0.01915	0.02612	0.02003	0.02873	0.01654	0.01654	0.05485	0.03221	0.54203	0.04440	0.03831	0.02786	0.01393	0.01132	0.00348	0.00958	0.01132	0.01393	0.01915
17	0.01806	0.01311	0.01570	0.01501	0.01779	0.01338	0.01134	0.02508	0.07276	0.04047	0.26801	0.11775	0.12399	0.02190	0.01357	0.00359	0.04035	0.01854	0.13848	0.01111

[dist]
# distance from previous block
# <min> <max>
0	1

[block]
# block no. 3 follows, 11 sequences, length 11
# corresponding to MSA columns:
# 99-109
name=unknown_D
#
# <colnr> <probs for GDERKNQSTAVLIFYWHMCP>
#	G	D	E	R	K	N	Q	S	T	A	V	L	I	F	Y	W	H	M	C	P
0	0.52375	0.02206	0.02201	0.09662	0.08452	0.02538	0.01717	0.03266	0.02030	0.04608	0.01685	0.02090	0.01318	0.01051	0.00799	0.00350	0.01006	0.00705	0.00655	0.01284
1	0.22756	0.02182	0.02852	0.31156	0.05265	0.02670	0.02403	0.06363	0.02316	0.03834	0.01867	0.02566	0.01441	0.01198	0.01240	0.00375	0.06746	0.00879	0.00605	0.01287
2	0.02667	0.31229	0.10879	0.02650	0.08876	0.03329	0.02251	0.03588	0.09083	0.03415	0.09043	0.03210	0.02994	0.01239	0.00951	0.00301	0.01144	0.00963	0.00682	0.01505
3	0.01391	0.01143	0.01225	0.01204	0.01558	0.00976	0.00903	0.01733	0.02709	0.03381	0.20992	0.10271	0.43164	0.02723	0.01330	0.00374	0.00561	0.02297	0.01090	0.00976
4	0.01780	0.01490	0.02156	0.16346	0.03403	0.01669	0.01740	0.02302	0.02590	0.03551	0.24882	0.06283	0.11108	0.02740	0.07849	0.00544	0.05959	0.01615	0.00887	0.01107
5	0.02670	0.02542	0.16042	0.01885	0.02654	0.01601	0.01923	0.03391	0.02659	0.14257	0.10478	0.04234	0.03584	0.01405	0.01012	0.00319	0.00924	0.01149	0.25877	0.01395
6	0.02705	0.01508	0.01679	0.01481	0.01920	0.01527	0.01157	0.08626	0.06144	0.10959	0.10379	0.04547	0.03844	0.01475	0.00967	0.00302	0.00688	0.01204	0.37580	0.01310
7	0.02417	0.02298	0.03903	0.35259	0.27951	0.02577	0.03271	0.03132	0.02389	0.03230	0.02052	0.02906	0.01625	0.01071	0.01120	0.00357	0.01428	0.01001	0.00525	0.01486
8	0.02126	0.02001	0.03376	0.57739	0.07752	0.02501	0.03126	0.02876	0.02251	0.02876	0.02001	0.03001	0.01500	0.01125	0.01125	0.00375	0.01500	0.01000	0.00500	0.01250
9	0.02137	0.01471	0.01839	0.01790	0.02152	0.01481	0.01404	0.03134	0.12367	0.08301	0.23842	0.14585	0.07307	0.02393	0.01335	0.00405	0.00756	0.10883	0.01168	0.01251
10	0.02948	0.02669	0.03302	0.10253	0.03656	0.09212	0.02416	0.03292	0.02156	0.09274	0.01955	0.02659	0.01643	0.01688	0.02708	0.00435	0.36812	0.00975	0.00618	0.01329

[dist]
# distance from previous block
# <min> <max>
0	256

[block]
# block no. 4 follows, 11 sequences, length 18
# corresponding to MSA columns:
# 385-402
name=unknown_E
#
# <colnr> <probs for GDERKNQSTAVLIFYWHMCP>
#	G	D	E	R	K	N	Q	S	T	A	V	L	I	F	Y	W	H	M	C	P
0	0.03636	0.02883	0.02783	0.02377	0.03088	0.10630	0.01873	0.12477	0.28539	0.13503	0.03840	0.03578	0.02788	0.01421	0.01120	0.00355	0.01127	0.01126	0.01102	0.01755
1	0.03108	0.01786	0.01974	0.01694	0.02236	0.01860	0.01340	0.10816	0.12308	0.14063	0.03844	0.03906	0.02827	0.01374	0.00970	0.00312	0.00782	0.01102	0.32221	0.01480
2	0.01575	0.01166	0.01496	0.01576	0.01833	0.01087	0.01239	0.02006	0.02744	0.03658	0.24425	0.17545	0.17127	0.02820	0.01410	0.00422	0.00704	0.15043	0.01114	0.01012
3	0.03169	0.01384	0.01677	0.01440	0.01932	0.01278	0.01137	0.03661	0.02754	0.23091	0.08082	0.04411	0.03496	0.01425	0.00962	0.00302	0.00689	0.01163	0.36569	0.01377
4	0.02462	0.02462	0.03447	0.02955	0.02955	0.03447	0.02462	0.02709	0.01724	0.02709	0.01477	0.02462	0.01477	0.01970	0.03694	0.00492	0.58385	0.00985	0.00492	0.01231
5	0.02334	0.02001	0.02334	0.01667	0.02667	0.01500	0.01334	0.02834	0.02334	0.03668	0.02001	0.02334	0.01667	0.00834	0.00834	0.00167	0.00834	0.00667	0.00667	0.67325
6	0.02913	0.54675	0.05623	0.08012	0.03419	0.04241	0.02057	0.03316	0.02283	0.02673	0.01612	0.01936	0.01450	0.00981	0.00766	0.00255	0.01236	0.00645	0.00483	0.01423
7	0.19970	0.02355	0.02312	0.02078	0.02730	0.02728	0.01634	0.05281	0.38439	0.04798	0.03792	0.03579	0.02855	0.01401	0.01028	0.00373	0.00885	0.01099	0.01028	0.01634
8	0.01608	0.01206	0.01809	0.01809	0.02010	0.01407	0.01407	0.02010	0.01809	0.02613	0.03015	0.04422	0.02814	0.08441	0.55984	0.01809	0.03015	0.01206	0.00603	0.01005
9	0.01425	0.01041	0.01341	0.01484	0.01634	0.00957	0.01030	0.01718	0.02467	0.03320	0.18942	0.41264	0.12948	0.03136	0.01397	0.00422	0.00613	0.02810	0.01096	0.00957
10	0.03892	0.19960	0.03899	0.02645	0.03325	0.42452	0.02110	0.04200	0.02953	0.02727	0.01694	0.01971	0.01448	0.01108	0.00938	0.00277	0.01813	0.00693	0.00554	0.01341
11	0.02569	0.02445	0.04057	0.06048	0.45681	0.02417	0.03067	0.03180	0.02563	0.03582	0.03502	0.03986	0.09418	0.01278	0.01146	0.00341	0.01223	0.01208	0.00630	0.01659
12	0.01484	0.01104	0.01382	0.01402	0.01638	0.01002	0.01018	0.01880	0.02796	0.03800	0.32635	0.22304	0.17956	0.02728	0.01357	0.00386	0.00570	0.02406	0.01151	0.01002
13	0.01440	0.01033	0.01368	0.01520	0.01648	0.00960	0.01050	0.01740	0.02475	0.03382	0.20671	0.43791	0.08430	0.03146	0.01403	0.00425	0.00615	0.02838	0.01105	0.00960
14	0.01534	0.01098	0.01357	0.01374	0.01538	0.01028	0.00940	0.01833	0.02506	0.03423	0.26314	0.19214	0.12067	0.17830	0.02503	0.00571	0.00707	0.02208	0.01035	0.00921
15	0.68395	0.02177	0.01654	0.01480	0.02177	0.02525	0.01219	0.03309	0.01915	0.05050	0.01567	0.01828	0.01219	0.01045	0.00697	0.00348	0.00871	0.00609	0.00697	0.01219
16	0.27636	0.02750	0.02491	0.02056	0.02776	0.08166	0.01649	0.20317	0.03368	0.09776	0.02410	0.02777	0.01860	0.05812	0.01315	0.00396	0.01148	0.00895	0.00902	0.01501
17	0.03138	0.14989	0.22060	0.03013	0.08851	0.02951	0.02850	0.09204	0.07260	0.11248	0.02602	0.02721	0.01900	0.01162	0.01029	0.00331	0.01321	0.00909	0.00752	0.01709

[dist]
# distance from previous block
# <min> <max>
0	1

[block]
# block no. 5 follows, 11 sequences, length 20
# corresponding to MSA columns:
# 404-423
name=unknown_F
#
# <colnr> <probs for GDERKNQSTAVLIFYWHMCP>
#	G	D	E	R	K	N	Q	S	T	A	V	L	I	F	Y	W	H	M	C	P
0	0.14822	0.24827	0.14579	0.10242	0.09022	0.03271	0.02572	0.03340	0.02260	0.03417	0.01774	0.02190	0.01441	0.01026	0.00884	0.00312	0.01290	0.00746	0.00530	0.01456
1	0.68395	0.02177	0.01654	0.01480	0.02177	0.02525	0.01219	0.03309	0.01915	0.05050	0.01567	0.01828	0.01219	0.01045	0.00697	0.00348	0.00871	0.00609	0.00697	0.01219
2	0.02424	0.02558	0.08379	0.40640	0.13332	0.02625	0.03179	0.07266	0.02581	0.03433	0.02082	0.02885	0.01569	0.01124	0.01119	0.00364	0.01470	0.00986	0.00562	0.01422
3	0.01482	0.01060	0.01427	0.01651	0.01776	0.01005	0.01198	0.01778	0.02351	0.03146	0.11136	0.44955	0.07593	0.03313	0.01448	0.00458	0.00716	0.11489	0.01064	0.00954
4	0.02683	0.02165	0.04173	0.03211	0.03953	0.02002	0.24927	0.03294	0.02599	0.12712	0.03945	0.21495	0.03760	0.01864	0.01327	0.00399	0.01322	0.01897	0.00875	0.01396
5	0.01371	0.00979	0.01306	0.01567	0.01632	0.00914	0.01045	0.01567	0.02155	0.02873	0.06203	0.59710	0.07444	0.03526	0.01437	0.00457	0.00653	0.03200	0.01045	0.00914
6	0.01997	0.01106	0.01549	0.01589	0.01738	0.01052	0.01134	0.02001	0.02120	0.07376	0.09323	0.22899	0.05084	0.03323	0.02596	0.27259	0.00827	0.05293	0.00873	0.00860
7	0.04076	0.11349	0.03480	0.02795	0.03416	0.50402	0.02148	0.04374	0.03093	0.02743	0.01721	0.02006	0.01449	0.01139	0.00983	0.00285	0.01941	0.00712	0.00569	0.01320
8	0.01554	0.01109	0.01326	0.01318	0.01474	0.01044	0.00881	0.01808	0.02388	0.03230	0.23163	0.13170	0.13508	0.25619	0.03089	0.00661	0.00771	0.02033	0.00973	0.00882
9	0.03225	0.03034	0.07625	0.17852	0.04467	0.12317	0.02387	0.11124	0.03200	0.11237	0.09364	0.03573	0.02983	0.01363	0.01128	0.00345	0.01361	0.01096	0.00844	0.01476
10	0.03488	0.02487	0.02920	0.02768	0.08213	0.02703	0.01996	0.13721	0.28938	0.14184	0.03954	0.03709	0.02864	0.01416	0.01136	0.00363	0.01013	0.01171	0.01127	0.01831
11	0.59248	0.02139	0.01793	0.01556	0.02277	0.02399	0.01282	0.03623	0.02104	0.12147	0.01982	0.02118	0.01445	0.01095	0.00759	0.00348	0.00883	0.00685	0.00797	0.01320
12	0.02461	0.02121	0.02972	0.10927	0.17160	0.02282	0.02251	0.06984	0.14410	0.04166	0.13060	0.08790	0.04341	0.01627	0.01192	0.00365	0.01033	0.01446	0.00905	0.01508
13	0.02022	0.01881	0.02182	0.11771	0.03166	0.06087	0.01744	0.02692	0.07617	0.03116	0.05590	0.18592	0.15129	0.02349	0.01542	0.00412	0.07113	0.04984	0.00863	0.01148
14	0.01456	0.01065	0.01368	0.01461	0.01640	0.00977	0.01031	0.01796	0.02612	0.03549	0.25454	0.33919	0.13580	0.02963	0.01381	0.00408	0.00595	0.02645	0.01123	0.00977
15	0.02092	0.01858	0.02755	0.08758	0.09802	0.02269	0.02068	0.02449	0.01903	0.02740	0.02404	0.03964	0.02347	0.13845	0.17630	0.00922	0.19313	0.01164	0.00566	0.01150
16	0.02143	0.03682	0.27810	0.02459	0.03481	0.02147	0.02718	0.03547	0.11715	0.04083	0.18912	0.04663	0.04769	0.01552	0.01167	0.00360	0.01154	0.01302	0.00846	0.01491
17	0.01601	0.01076	0.01238	0.01274	0.01283	0.01067	0.00732	0.01627	0.01708	0.02277	0.03909	0.14516	0.04550	0.52669	0.05142	0.01005	0.01031	0.01850	0.00732	0.00714
18	0.11733	0.03164	0.14834	0.07102	0.18319	0.02647	0.02870	0.03762	0.07395	0.07701	0.02378	0.02768	0.01824	0.01218	0.01328	0.00366	0.07375	0.00946	0.00673	0.01598
19	0.49206	0.02038	0.01766	0.01508	0.02217	0.02183	0.01224	0.03098	0.02124	0.04737	0.06918	0.02599	0.02269	0.01135	0.00787	0.00315	0.00829	0.00767	0.00747	0.13532

[dist]
# distance from previous block
# <min> <max>
0	17

[block]
# block no. 6 follows, 11 sequences, length 22
# corresponding to MSA columns:
# 441-462
name=unknown_G
#
# <colnr> <probs for GDERKNQSTAVLIFYWHMCP>
#	G	D	E	R	K	N	Q	S	T	A	V	L	I	F	Y	W	H	M	C	P
0	0.04095	0.02975	0.03182	0.02460	0.03307	0.03285	0.02025	0.45709	0.05045	0.06849	0.02784	0.02828	0.01996	0.01348	0.01097	0.00331	0.01178	0.01016	0.06647	0.01841
1	0.02334	0.02001	0.02334	0.01667	0.02667	0.01500	0.01334	0.02834	0.02334	0.03668	0.02001	0.02334	0.01667	0.00834	0.00834	0.00167	0.00834	0.00667	0.00667	0.67325
2	0.05050	0.01915	0.02612	0.02003	0.02873	0.01654	0.01654	0.05485	0.03221	0.54203	0.04440	0.03831	0.02786	0.01393	0.01132	0.00348	0.00958	0.01132	0.01393	0.01915
3	0.01637	0.01248	0.01537	0.01702	0.01874	0.01266	0.01182	0.02390	0.11331	0.03215	0.05901	0.49365	0.06697	0.03154	0.01382	0.00443	0.00697	0.02841	0.01064	0.01076
4	0.03009	0.61122	0.05898	0.01926	0.02889	0.04454	0.01926	0.03370	0.02287	0.02648	0.01565	0.01805	0.01444	0.00963	0.00722	0.00241	0.01204	0.00602	0.00481	0.01444
5	0.01839	0.01398	0.01685	0.01572	0.01885	0.01413	0.01167	0.02847	0.12689	0.04315	0.38129	0.07458	0.08514	0.08081	0.01740	0.00435	0.00660	0.01842	0.01163	0.01167
6	0.01487	0.01133	0.01367	0.01337	0.01624	0.01012	0.00992	0.01908	0.02894	0.03887	0.35157	0.13486	0.24452	0.02586	0.01337	0.00371	0.00554	0.02246	0.01158	0.01012
7	0.35174	0.02040	0.02157	0.01754	0.02542	0.02068	0.01447	0.04450	0.02600	0.30828	0.03074	0.02879	0.02041	0.01227	0.00925	0.00348	0.00916	0.00883	0.01062	0.01584
8	0.01571	0.01133	0.01485	0.01431	0.01677	0.01047	0.01060	0.02069	0.03083	0.04350	0.48194	0.13508	0.10304	0.02423	0.01338	0.00364	0.00543	0.02151	0.01220	0.01047
9	0.68395	0.02177	0.01654	0.01480	0.02177	0.02525	0.01219	0.03309	0.01915	0.05050	0.01567	0.01828	0.01219	0.01045	0.00697	0.00348	0.00871	0.00609	0.00697	0.01219
10	0.01408	0.00995	0.01295	0.01520	0.01577	0.00939	0.00995	0.01577	0.02084	0.02778	0.05838	0.52504	0.06983	0.11362	0.02027	0.00544	0.00713	0.02985	0.00995	0.00882
11	0.11030	0.02882	0.11541	0.02283	0.03277	0.02314	0.02143	0.14692	0.03398	0.30026	0.03343	0.03124	0.02198	0.01292	0.01074	0.00347	0.01131	0.01000	0.01105	0.01799
12	0.03249	0.49947	0.05355	0.02121	0.03007	0.14769	0.01976	0.03596	0.02468	0.02669	0.01600	0.01850	0.01445	0.01002	0.00781	0.00251	0.01369	0.00626	0.00501	0.01416
13	0.68395	0.02177	0.01654	0.01480	0.02177	0.02525	0.01219	0.03309	0.01915	0.05050	0.01567	0.01828	0.01219	0.01045	0.00697	0.00348	0.00871	0.00609	0.00697	0.01219
14	0.02126	0.02001	0.03376	0.57739	0.07752	0.02501	0.03126	0.02876	0.02251	0.02876	0.02001	0.03001	0.01500	0.01125	0.01125	0.00375	0.01500	0.01000	0.00500	0.01250
15	0.02963	0.01424	0.01858	0.01586	0.02079	0.01283	0.01247	0.03457	0.03086	0.23160	0.27861	0.06106	0.06608	0.01823	0.01179	0.00339	0.00691	0.01560	0.10308	0.01381
16	0.01493	0.01105	0.01393	0.01409	0.01642	0.01005	0.01023	0.01897	0.02818	0.03848	0.33988	0.22003	0.16806	0.02707	0.01356	0.00385	0.00569	0.02391	0.01157	0.01005
17	0.01363	0.01012	0.01273	0.01482	0.01610	0.00921	0.01007	0.01577	0.02237	0.02907	0.07245	0.49914	0.16568	0.03391	0.01415	0.00442	0.00636	0.03034	0.01045	0.00921
18	0.02004	0.01834	0.02803	0.02444	0.02652	0.02196	0.06701	0.02389	0.02184	0.03156	0.12206	0.14357	0.04479	0.03100	0.09792	0.00630	0.23525	0.01652	0.00756	0.01141
19	0.03921	0.18584	0.03832	0.02669	0.03339	0.43723	0.02116	0.04228	0.02976	0.02729	0.01698	0.01977	0.01449	0.01113	0.00945	0.00278	0.01834	0.00696	0.00557	0.01338
20	0.01463	0.01090	0.01361	0.01410	0.01631	0.00989	0.01013	0.01829	0.02707	0.03650	0.28370	0.26323	0.18371	0.02831	0.01365	0.00394	0.00581	0.02501	0.01133	0.00989
21	0.02271	0.02273	0.02964	0.39721	0.06023	0.09560	0.02607	0.02855	0.02362	0.02859	0.02748	0.13436	0.02601	0.01577	0.01168	0.00379	0.01415	0.01372	0.00613	0.01195

[dist]
# distance from previous block
# <min> <max>
0	7

[block]
# block no. 7 follows, 11 sequences, length 9
# corresponding to MSA columns:
# 470-478
name=unknown_H
#
# <colnr> <probs for GDERKNQSTAVLIFYWHMCP>
#	G	D	E	R	K	N	Q	S	T	A	V	L	I	F	Y	W	H	M	C	P
0	0.01970	0.02347	0.11861	0.02781	0.10369	0.01861	0.02125	0.02514	0.02277	0.03268	0.12096	0.08904	0.04258	0.11510	0.11147	0.00720	0.06594	0.01452	0.00725	0.01222
1	0.02893	0.52566	0.13435	0.02124	0.03196	0.04169	0.02271	0.03400	0.02301	0.02790	0.01635	0.01894	0.01442	0.00979	0.00776	0.00259	0.01275	0.00637	0.00481	0.01478
2	0.02605	0.09842	0.23253	0.15729	0.09050	0.02903	0.08631	0.08242	0.02693	0.03700	0.02077	0.02600	0.01556	0.01082	0.01085	0.00348	0.01536	0.00935	0.00567	0.01567
3	0.02702	0.02488	0.10084	0.02625	0.08658	0.02008	0.02071	0.03968	0.14276	0.11948	0.16891	0.04722	0.04681	0.01538	0.01155	0.00344	0.00963	0.01318	0.01007	0.06553
4	0.01445	0.01086	0.01339	0.01399	0.01622	0.00980	0.01002	0.01792	0.02655	0.03543	0.25359	0.27488	0.20413	0.02884	0.01367	0.00398	0.00585	0.02542	0.01119	0.00980
5	0.02642	0.01516	0.01939	0.01833	0.02237	0.01485	0.01458	0.03354	0.08272	0.15697	0.11625	0.08003	0.05389	0.12885	0.02137	0.00543	0.00939	0.15673	0.01099	0.01272
6	0.02997	0.13771	0.08421	0.02605	0.03486	0.03198	0.07000	0.11594	0.25899	0.04467	0.03270	0.03246	0.02478	0.01295	0.01076	0.00347	0.01175	0.01075	0.00899	0.01701
7	0.01527	0.01053	0.01288	0.01382	0.01436	0.01018	0.00866	0.01660	0.02006	0.02702	0.09793	0.28280	0.06112	0.31698	0.03559	0.00762	0.00858	0.02300	0.00885	0.00814
8	0.10697	0.02342	0.02789	0.02524	0.06456	0.02555	0.01893	0.08340	0.15008	0.11831	0.02955	0.03059	0.02230	0.01364	0.01460	0.00351	0.10451	0.00991	0.00905	0.11798

[dist]
# distance from previous block
# <min> <max>
14	39

[block]
# block no. 8 follows, 11 sequences, length 91
# corresponding to MSA columns:
# 522-612
name=unknown_I
#
# <colnr> <probs for GDERKNQSTAVLIFYWHMCP>
#	G	D	E	R	K	N	Q	S	T	A	V	L	I	F	Y	W	H	M	C	P
0	0.09643	0.22499	0.03745	0.02038	0.02913	0.07723	0.01774	0.08560	0.02909	0.18663	0.02581	0.02561	0.01887	0.01142	0.00917	0.00290	0.01146	0.00816	0.00859	0.07335
1	0.33828	0.02751	0.03286	0.02636	0.03383	0.09847	0.15354	0.03389	0.02331	0.04099	0.02250	0.07852	0.02000	0.01275	0.00997	0.00360	0.01309	0.01087	0.00677	0.01288
2	0.02245	0.27355	0.08559	0.01882	0.02550	0.02662	0.01786	0.02721	0.02504	0.03261	0.14622	0.13949	0.04948	0.01871	0.01077	0.00335	0.00987	0.04637	0.00792	0.01258
3	0.02470	0.13917	0.03052	0.01719	0.02712	0.02096	0.01453	0.02942	0.02324	0.03462	0.01913	0.02227	0.01622	0.00860	0.00811	0.00182	0.00908	0.00654	0.00629	0.54047
4	0.01416	0.01014	0.01346	0.01537	0.01642	0.00944	0.01048	0.01679	0.02363	0.03204	0.15601	0.49370	0.08084	0.03279	0.01415	0.00436	0.00628	0.02965	0.01084	0.00944
5	0.01533	0.01138	0.01464	0.01665	0.01877	0.01069	0.01298	0.01873	0.02417	0.03102	0.07295	0.30425	0.17456	0.03211	0.01458	0.00463	0.00782	0.19462	0.01042	0.00970
6	0.03977	0.01635	0.02144	0.01729	0.02394	0.01450	0.01398	0.04443	0.03043	0.37252	0.10978	0.04538	0.03890	0.01502	0.01089	0.00332	0.00811	0.01240	0.14533	0.01623
7	0.03200	0.01511	0.01990	0.01664	0.02228	0.01330	0.01320	0.03660	0.03138	0.27854	0.25619	0.06497	0.11342	0.01929	0.01235	0.00354	0.00737	0.01644	0.01292	0.01454
8	0.59226	0.02021	0.01571	0.01421	0.02057	0.02321	0.01159	0.03214	0.01977	0.04932	0.01858	0.02156	0.01449	0.01082	0.00709	0.00336	0.00823	0.00670	0.09824	0.01195
9	0.40415	0.22297	0.03251	0.01731	0.02537	0.03267	0.01542	0.07493	0.02345	0.04417	0.01668	0.01899	0.01358	0.01044	0.00744	0.00311	0.01017	0.00643	0.00662	0.01358
10	0.28061	0.13788	0.13186	0.01949	0.02845	0.02626	0.01960	0.03397	0.02367	0.08508	0.08998	0.03019	0.02740	0.01238	0.00902	0.00331	0.01053	0.00896	0.00747	0.01390
11	0.09319	0.02636	0.02628	0.02149	0.02896	0.09659	0.01727	0.13901	0.08130	0.24519	0.03435	0.03263	0.02373	0.01331	0.01051	0.00334	0.01112	0.01017	0.06835	0.01687
12	0.68395	0.02177	0.01654	0.01480	0.02177	0.02525	0.01219	0.03309	0.01915	0.05050	0.01567	0.01828	0.01219	0.01045	0.00697	0.00348	0.00871	0.00609	0.00697	0.01219
13	0.02934	0.01997	0.02557	0.13205	0.03610	0.02144	0.01876	0.12263	0.10065	0.12794	0.18634	0.04921	0.04880	0.01631	0.01192	0.00358	0.00978	0.01383	0.01081	0.01498
14	0.01516	0.01147	0.01398	0.01335	0.01634	0.01029	0.01001	0.01975	0.03004	0.04081	0.40673	0.09119	0.23046	0.02462	0.01328	0.00362	0.00542	0.02135	0.01182	0.01029
15	0.03077	0.02555	0.02701	0.02347	0.03032	0.02929	0.01849	0.14164	0.42756	0.05155	0.04229	0.03919	0.03151	0.01494	0.01142	0.00374	0.00956	0.01224	0.01142	0.01806
16	0.01741	0.01311	0.01631	0.01550	0.01849	0.01289	0.01160	0.02609	0.09763	0.04398	0.42095	0.12294	0.09350	0.02301	0.01312	0.00367	0.00591	0.02031	0.01209	0.01149
17	0.01955	0.00978	0.01466	0.01466	0.01466	0.00978	0.00978	0.01466	0.01466	0.01955	0.01955	0.03421	0.01955	0.03910	0.04399	0.67253	0.00978	0.00978	0.00489	0.00489
18	0.03420	0.42065	0.05001	0.02225	0.03089	0.16734	0.02006	0.08155	0.02797	0.03107	0.01718	0.01947	0.01491	0.01048	0.00832	0.00262	0.01406	0.00672	0.00568	0.01457
19	0.01371	0.00979	0.01306	0.01567	0.01632	0.00914	0.01045	0.01567	0.02155	0.02873	0.06203	0.59710	0.07444	0.03526	0.01437	0.00457	0.00653	0.03200	0.01045	0.00914
20	0.02257	0.05822	0.54613	0.03208	0.04871	0.02614	0.04158	0.03564	0.02376	0.03564	0.02020	0.02376	0.01426	0.01069	0.01069	0.00356	0.01663	0.00832	0.00475	0.01663
21	0.02678	0.03257	0.13307	0.05979	0.38524	0.02688	0.10044	0.03494	0.02545	0.03648	0.02123	0.02752	0.01712	0.01006	0.01137	0.00344	0.01471	0.01020	0.00545	0.01725
22	0.02126	0.02001	0.03376	0.57739	0.07752	0.02501	0.03126	0.02876	0.02251	0.02876	0.02001	0.03001	0.01500	0.01125	0.01125	0.00375	0.01500	0.01000	0.00500	0.01250
23	0.02619	0.02293	0.03483	0.42071	0.10984	0.02716	0.02956	0.12359	0.02892	0.03798	0.02152	0.02921	0.01609	0.01160	0.01124	0.00364	0.01433	0.01003	0.00631	0.01432
24	0.01549	0.01264	0.02044	0.02007	0.02220	0.01181	0.07724	0.01849	0.02224	0.02974	0.05660	0.51872	0.06651	0.03170	0.01422	0.00446	0.00825	0.02941	0.00979	0.00998
25	0.02285	0.02219	0.03410	0.31836	0.05484	0.02948	0.02812	0.02797	0.02001	0.02797	0.01753	0.02746	0.01490	0.01525	0.02340	0.00431	0.28397	0.00993	0.00497	0.01241
26	0.02957	0.10601	0.03081	0.02266	0.02971	0.03088	0.01833	0.09425	0.40584	0.04631	0.04000	0.03738	0.03028	0.01434	0.01085	0.00358	0.00964	0.01157	0.01052	0.01746
27	0.01488	0.01099	0.01400	0.01491	0.01700	0.01011	0.01095	0.01850	0.02637	0.03540	0.23846	0.28536	0.16039	0.02932	0.01391	0.00413	0.00633	0.06802	0.01114	0.00985
28	0.01940	0.01835	0.01676	0.01674	0.02032	0.08766	0.01262	0.02530	0.07385	0.03266	0.10868	0.17602	0.25856	0.02592	0.01307	0.00392	0.00857	0.06066	0.01003	0.01089
29	0.02411	0.02182	0.03451	0.28677	0.05507	0.02325	0.08878	0.07787	0.02731	0.03725	0.07044	0.03374	0.02488	0.01184	0.01118	0.00331	0.01309	0.01085	0.00678	0.13715
30	0.15063	0.30197	0.04904	0.10130	0.04031	0.03498	0.11515	0.03338	0.02287	0.03322	0.01769	0.02223	0.01463	0.00998	0.00895	0.00307	0.01322	0.00805	0.00542	0.01390
31	0.04253	0.01786	0.02291	0.01836	0.02563	0.01635	0.01491	0.04953	0.07374	0.39679	0.04298	0.03938	0.02864	0.01389	0.01064	0.00334	0.00864	0.01128	0.14532	0.01729
32	0.02462	0.02462	0.03447	0.02955	0.02955	0.03447	0.02462	0.02709	0.01724	0.02709	0.01477	0.02462	0.01477	0.01970	0.03694	0.00492	0.58385	0.00985	0.00492	0.01231
33	0.02858	0.49976	0.15717	0.02184	0.03288	0.04083	0.02376	0.03409	0.02305	0.02833	0.01656	0.01921	0.01441	0.00984	0.00792	0.00264	0.01296	0.00648	0.00480	0.01489
34	0.40267	0.02232	0.02184	0.01792	0.02570	0.02394	0.01479	0.10383	0.02780	0.20278	0.02598	0.02558	0.01792	0.01193	0.00888	0.00347	0.00948	0.00824	0.00968	0.01527
35	0.08391	0.02684	0.10089	0.02649	0.08151	0.01978	0.05752	0.03336	0.02431	0.08308	0.02218	0.02530	0.01710	0.00960	0.00948	0.00258	0.01096	0.00812	0.00690	0.35009
36	0.01508	0.01124	0.01410	0.01449	0.01694	0.01026	0.01081	0.01911	0.02773	0.03734	0.29488	0.20609	0.18622	0.02761	0.01372	0.00397	0.00612	0.06289	0.01137	0.01003
37	0.01803	0.01443	0.01652	0.01595	0.01951	0.01453	0.01193	0.02896	0.15074	0.03972	0.23933	0.15538	0.18317	0.02417	0.01298	0.00382	0.00649	0.02096	0.01141	0.01196
38	0.03914	0.02857	0.03527	0.07503	0.03969	0.03102	0.06386	0.33522	0.08074	0.11156	0.02927	0.02990	0.02066	0.01313	0.01146	0.00349	0.01265	0.01073	0.01051	0.01811
39	0.02161	0.01164	0.01515	0.01577	0.01820	0.01071	0.01123	0.02447	0.02383	0.12671	0.05523	0.41565	0.05941	0.02820	0.01290	0.00410	0.00692	0.02515	0.10190	0.01120
40	0.02441	0.02352	0.03556	0.03979	0.17917	0.02934	0.02613	0.02835	0.01986	0.02985	0.01881	0.02830	0.01754	0.02576	0.10154	0.00627	0.33666	0.01021	0.00527	0.01365
41	0.01637	0.01091	0.01228	0.01228	0.01228	0.01091	0.00682	0.01637	0.01637	0.02182	0.03546	0.07365	0.04092	0.60445	0.05729	0.01091	0.01091	0.01637	0.00682	0.00682
42	0.01583	0.01069	0.01243	0.01296	0.01309	0.01056	0.00755	0.01623	0.01741	0.02322	0.04082	0.17916	0.04768	0.48973	0.04864	0.00963	0.01003	0.01952	0.00755	0.00729
43	0.02579	0.19509	0.03255	0.01738	0.02570	0.02304	0.01484	0.03009	0.02442	0.06985	0.06850	0.07965	0.02979	0.01282	0.00919	0.00244	0.00911	0.01027	0.00747	0.31202
44	0.61693	0.02279	0.01834	0.01596	0.02314	0.02626	0.01315	0.08155	0.02268	0.05263	0.01686	0.01920	0.01292	0.01077	0.00741	0.00347	0.00909	0.00652	0.00741	0.01292
45	0.02626	0.04365	0.29006	0.03808	0.05171	0.02799	0.23373	0.08077	0.02781	0.03926	0.02197	0.02692	0.01595	0.01045	0.01186	0.00365	0.01723	0.01063	0.00579	0.01625
46	0.02334	0.02001	0.02334	0.01667	0.02667	0.01500	0.01334	0.02834	0.02334	0.03668	0.02001	0.02334	0.01667	0.00834	0.00834	0.00167	0.00834	0.00667	0.00667	0.67325
47	0.01575	0.01227	0.01703	0.10625	0.02638	0.01233	0.01372	0.01997	0.02603	0.03515	0.23787	0.26156	0.12123	0.02602	0.01334	0.00397	0.00737	0.02317	0.01030	0.01029
48	0.01460	0.01043	0.01408	0.01669	0.01773	0.00991	0.01200	0.01721	0.02243	0.02973	0.06154	0.50234	0.07249	0.03442	0.01460	0.00469	0.00730	0.11796	0.01043	0.00939
49	0.01746	0.01248	0.01731	0.01956	0.02196	0.01233	0.01660	0.02232	0.02603	0.03428	0.10532	0.17194	0.06980	0.03074	0.01520	0.00496	0.00947	0.37139	0.01057	0.01026
50	0.03797	0.02913	0.03107	0.02492	0.03307	0.03265	0.02023	0.35444	0.20302	0.06317	0.03314	0.03190	0.02410	0.01408	0.01132	0.00352	0.01125	0.01098	0.01132	0.01871
51	0.09874	0.02647	0.02857	0.02257	0.03065	0.02868	0.01849	0.31020	0.08570	0.14169	0.03121	0.03049	0.02200	0.01343	0.01066	0.00339	0.01077	0.01022	0.05830	0.01778
52	0.40009	0.02060	0.02083	0.01714	0.02489	0.02135	0.01414	0.04284	0.02501	0.27076	0.02855	0.02726	0.01921	0.01201	0.00892	0.00348	0.00910	0.00844	0.01009	0.01531
53	0.09553	0.01905	0.02713	0.15209	0.10626	0.01957	0.02040	0.03672	0.02624	0.20472	0.08254	0.04123	0.03147	0.07068	0.01552	0.00425	0.01094	0.01177	0.00921	0.01469
54	0.03009	0.61122	0.05898	0.01926	0.02889	0.04454	0.01926	0.03370	0.02287	0.02648	0.01565	0.01805	0.01444	0.00963	0.00722	0.00241	0.01204	0.00602	0.00481	0.01444
55	0.04204	0.05364	0.03190	0.02900	0.03480	0.55926	0.02175	0.04494	0.03190	0.02755	0.01740	0.02030	0.01450	0.01160	0.01015	0.00290	0.02030	0.00725	0.00580	0.01305
56	0.04405	0.02648	0.03029	0.02355	0.03219	0.02780	0.01935	0.29952	0.09039	0.23366	0.03493	0.03243	0.02367	0.01383	0.01130	0.00346	0.01106	0.01080	0.01221	0.01902
57	0.01741	0.01149	0.01440	0.01527	0.01782	0.01037	0.01123	0.02040	0.02483	0.07567	0.11123	0.32997	0.19488	0.03020	0.01384	0.00425	0.00685	0.06863	0.01090	0.01035
58	0.02786	0.02674	0.04568	0.06908	0.53424	0.02674	0.03454	0.03454	0.02563	0.03677	0.02117	0.02786	0.01783	0.01003	0.01114	0.00334	0.01337	0.01003	0.00557	0.01783
59	0.02543	0.03501	0.15771	0.04132	0.05185	0.02901	0.32319	0.03446	0.02443	0.03446	0.02090	0.02806	0.01612	0.01145	0.01675	0.00394	0.11384	0.01170	0.00537	0.01499
60	0.01955	0.00978	0.01466	0.01466	0.01466	0.00978	0.00978	0.01466	0.01466	0.01955	0.01955	0.03421	0.01955	0.03910	0.04399	0.67253	0.00978	0.00978	0.00489	0.00489
61	0.01945	0.01251	0.01483	0.01365	0.01769	0.01090	0.01045	0.02345	0.02894	0.10681	0.26317	0.08934	0.29797	0.02438	0.01302	0.00366	0.00609	0.02073	0.01168	0.01127
62	0.01610	0.01097	0.01315	0.01338	0.01371	0.01119	0.00814	0.01682	0.01706	0.02302	0.03704	0.11518	0.04207	0.48295	0.12306	0.01135	0.01319	0.01713	0.00703	0.00747
63	0.03009	0.61122	0.05898	0.01926	0.02889	0.04454	0.01926	0.03370	0.02287	0.02648	0.01565	0.01805	0.01444	0.00963	0.00722	0.00241	0.01204	0.00602	0.00481	0.01444
64	0.24035	0.02915	0.03188	0.13664	0.04214	0.12577	0.08543	0.07322	0.02691	0.07876	0.02093	0.02491	0.01561	0.01120	0.00997	0.00346	0.01392	0.00881	0.00704	0.01391
65	0.03400	0.08557	0.07965	0.07490	0.03423	0.02267	0.02004	0.10162	0.03102	0.20410	0.07203	0.03966	0.06539	0.01410	0.01084	0.00326	0.01073	0.01136	0.00982	0.07501
66	0.02942	0.56168	0.10262	0.02041	0.03066	0.04289	0.02126	0.03388	0.02295	0.02730	0.01606	0.01857	0.01443	0.00972	0.00753	0.00251	0.01245	0.00622	0.00481	0.01464
67	0.57454	0.02482	0.06474	0.01676	0.02473	0.02464	0.01517	0.03504	0.02060	0.08810	0.01835	0.02036	0.01362	0.01075	0.00764	0.00349	0.00949	0.00671	0.00732	0.01314
68	0.03536	0.08433	0.08460	0.02336	0.03195	0.02718	0.02099	0.15029	0.16144	0.16117	0.03670	0.04024	0.02778	0.01479	0.01121	0.00359	0.01108	0.04601	0.01054	0.01738
69	0.20172	0.02240	0.02622	0.02375	0.07678	0.02201	0.01734	0.10411	0.02968	0.22019	0.02846	0.02821	0.01988	0.01169	0.00970	0.00315	0.00991	0.00894	0.00979	0.12605
70	0.02126	0.02001	0.03376	0.57739	0.07752	0.02501	0.03126	0.02876	0.02251	0.02876	0.02001	0.03001	0.01500	0.01125	0.01125	0.00375	0.01500	0.01000	0.00500	0.01250
71	0.01371	0.00979	0.01306	0.01567	0.01632	0.00914	0.01045	0.01567	0.02155	0.02873	0.06203	0.59710	0.07444	0.03526	0.01437	0.00457	0.00653	0.03200	0.01045	0.00914
72	0.01371	0.00979	0.01306	0.01567	0.01632	0.00914	0.01045	0.01567	0.02155	0.02873	0.06203	0.59710	0.07444	0.03526	0.01437	0.00457	0.00653	0.03200	0.01045	0.00914
73	0.02263	0.02140	0.03624	0.47182	0.17238	0.02537	0.03194	0.02996	0.02315	0.03042	0.02025	0.02956	0.01559	0.01100	0.01123	0.00367	0.01466	0.01001	0.00512	0.01361
74	0.01637	0.01091	0.01228	0.01228	0.01228	0.01091	0.00682	0.01637	0.01637	0.02182	0.03546	0.07365	0.04092	0.60445	0.05729	0.01091	0.01091	0.01637	0.00682	0.00682
75	0.02126	0.02001	0.03376	0.57739	0.07752	0.02501	0.03126	0.02876	0.02251	0.02876	0.02001	0.03001	0.01500	0.01125	0.01125	0.00375	0.01500	0.01000	0.00500	0.01250
76	0.04405	0.02175	0.02631	0.02051	0.02846	0.02133	0.01683	0.18633	0.03737	0.32846	0.03801	0.03535	0.02532	0.01369	0.01082	0.00333	0.00984	0.01084	0.10343	0.01795
77	0.68395	0.02177	0.01654	0.01480	0.02177	0.02525	0.01219	0.03309	0.01915	0.05050	0.01567	0.01828	0.01219	0.01045	0.00697	0.00348	0.00871	0.00609	0.00697	0.01219
