[name]
unknown

[dist]
# distance from previous block
# <min> <max>
0	12

[block]
# block no. 0 follows, 11 sequences, length 51
# corresponding to MSA columns:
# 12-62
name=unknown_A
#
# <colnr> <probs for GDERKNQSTAVLIFYWHMCP>
#	G	D	E	R	K	N	Q	S	T	A	V	L	I	F	Y	W	H	M	C	P
0	0.19766	0.01883	0.02260	0.01888	0.02623	0.01808	0.01574	0.04480	0.02811	0.34615	0.03983	0.04708	0.02975	0.01572	0.01092	0.00374	0.00949	0.07854	0.01171	0.01614
1	0.03009	0.61122	0.05898	0.01926	0.02889	0.04454	0.01926	0.03370	0.02287	0.02648	0.01565	0.01805	0.01444	0.00963	0.00722	0.00241	0.01204	0.00602	0.00481	0.01444
2	0.04429	0.02124	0.03149	0.03348	0.16738	0.01934	0.02148	0.04928	0.03041	0.40345	0.03803	0.03544	0.02511	0.01286	0.01127	0.00344	0.01062	0.01096	0.01164	0.01879
3	0.01724	0.01339	0.02043	0.01855	0.02064	0.01417	0.05851	0.02011	0.01820	0.02530	0.03165	0.05523	0.03242	0.29577	0.29425	0.01365	0.02095	0.01399	0.00633	0.00920
4	0.02126	0.02001	0.03376	0.57739	0.07752	0.02501	0.03126	0.02876	0.02251	0.02876	0.02001	0.03001	0.01500	0.01125	0.01125	0.00375	0.01500	0.01000	0.00500	0.01250
5	0.02627	0.02512	0.04282	0.19115	0.42456	0.02633	0.03375	0.03315	0.02488	0.03485	0.02089	0.02837	0.01715	0.01032	0.01117	0.00344	0.01376	0.01002	0.00543	0.01655
6	0.02486	0.04346	0.32207	0.03138	0.04395	0.02587	0.10354	0.08324	0.06941	0.03964	0.02766	0.08350	0.02290	0.01363	0.01158	0.00370	0.01489	0.01199	0.00671	0.01603
7	0.02544	0.03161	0.10975	0.04359	0.05474	0.02688	0.40728	0.03491	0.02623	0.03581	0.02572	0.03810	0.02094	0.01149	0.01322	0.00389	0.01799	0.05149	0.00601	0.01491
8	0.02284	0.02162	0.03662	0.45533	0.18719	0.02542	0.03205	0.03015	0.02326	0.03068	0.02029	0.02949	0.01568	0.01096	0.01123	0.00365	0.01461	0.01001	0.00514	0.01378
9	0.03411	0.02465	0.04028	0.05553	0.39454	0.02392	0.02957	0.04015	0.02745	0.17640	0.02759	0.03075	0.02060	0.01111	0.01119	0.00338	0.01232	0.01038	0.00788	0.01819
10	0.02685	0.02571	0.04386	0.14692	0.46430	0.02648	0.03404	0.03366	0.02515	0.03554	0.02099	0.02819	0.01740	0.01022	0.01116	0.00341	0.01362	0.01002	0.00548	0.01701
11	0.02305	0.05490	0.48905	0.03391	0.04992	0.02642	0.09534	0.03569	0.02410	0.03569	0.02050	0.02455	0.01459	0.01055	0.01100	0.00359	0.01691	0.00891	0.00486	0.01646
12	0.01454	0.01106	0.01338	0.01362	0.01617	0.00990	0.00990	0.01824	0.02736	0.03638	0.28101	0.21519	0.23689	0.02775	0.01355	0.00387	0.00573	0.02426	0.01129	0.00990
13	0.04320	0.02832	0.10977	0.02474	0.03489	0.02245	0.05063	0.13999	0.03475	0.33829	0.03586	0.03331	0.02336	0.01308	0.01133	0.00349	0.01180	0.01074	0.01148	0.01852
14	0.02385	0.02265	0.03845	0.37749	0.25713	0.02569	0.03255	0.03103	0.02373	0.03191	0.02046	0.02916	0.01611	0.01077	0.01121	0.00359	0.01436	0.01001	0.00523	0.01460
15	0.04204	0.05364	0.03190	0.02900	0.03480	0.55926	0.02175	0.04494	0.03190	0.02755	0.01740	0.02030	0.01450	0.01160	0.01015	0.00290	0.02030	0.00725	0.00580	0.01305
16	0.02786	0.02674	0.04568	0.06908	0.53424	0.02674	0.03454	0.03454	0.02563	0.03677	0.02117	0.02786	0.01783	0.01003	0.01114	0.00334	0.01337	0.01003	0.00557	0.01783
17	0.02927	0.02519	0.10852	0.03566	0.16970	0.01965	0.02588	0.03588	0.02702	0.15691	0.03929	0.06248	0.03520	0.01803	0.01257	0.00402	0.01197	0.15823	0.00904	0.01550
18	0.02462	0.04185	0.34121	0.11216	0.04682	0.02276	0.03325	0.03446	0.02431	0.09401	0.02812	0.09591	0.02328	0.01414	0.01130	0.00371	0.01432	0.01180	0.00657	0.01539
19	0.02126	0.02001	0.03376	0.57739	0.07752	0.02501	0.03126	0.02876	0.02251	0.02876	0.02001	0.03001	0.01500	0.01125	0.01125	0.00375	0.01500	0.01000	0.00500	0.01250
20	0.02902	0.02753	0.04679	0.06312	0.44211	0.02763	0.08059	0.07471	0.02809	0.03965	0.02184	0.02804	0.01786	0.01027	0.01137	0.00339	0.01386	0.01037	0.00608	0.01767
21	0.02100	0.02630	0.16080	0.02019	0.02606	0.01812	0.01908	0.08011	0.02343	0.03256	0.03206	0.09683	0.03266	0.27048	0.08511	0.00816	0.01417	0.01435	0.00703	0.01150
22	0.03319	0.02208	0.02884	0.02286	0.03011	0.07210	0.09717	0.03779	0.02903	0.23230	0.06087	0.05821	0.19040	0.01773	0.01219	0.00358	0.01103	0.01535	0.01052	0.01465
23	0.02126	0.02001	0.03376	0.57739	0.07752	0.02501	0.03126	0.02876	0.02251	0.02876	0.02001	0.03001	0.01500	0.01125	0.01125	0.00375	0.01500	0.01000	0.00500	0.01250
24	0.02907	0.21518	0.32296	0.02646	0.03981	0.03009	0.03117	0.03801	0.02479	0.11049	0.02256	0.02431	0.01640	0.01088	0.00977	0.00321	0.01420	0.00810	0.00618	0.01637
25	0.18590	0.09377	0.08912	0.01929	0.02774	0.02214	0.01799	0.03983	0.02700	0.22956	0.10550	0.03651	0.03299	0.01361	0.01005	0.00337	0.00987	0.01050	0.00989	0.01537
26	0.10583	0.01891	0.02380	0.01940	0.02655	0.01803	0.01569	0.08407	0.03040	0.35491	0.04062	0.09333	0.03037	0.02185	0.05868	0.00485	0.01120	0.01289	0.01197	0.01665
27	0.03219	0.02265	0.03066	0.06420	0.16245	0.02343	0.02158	0.16623	0.03273	0.12078	0.03295	0.10262	0.02912	0.08671	0.01718	0.00446	0.01148	0.01364	0.00919	0.01575
28	0.02317	0.02302	0.04306	0.04026	0.13159	0.02318	0.20743	0.02950	0.02448	0.03367	0.03378	0.13992	0.03380	0.01822	0.01584	0.00416	0.07264	0.08154	0.00709	0.01364
29	0.02695	0.02386	0.03409	0.26397	0.15405	0.02733	0.02730	0.09459	0.15262	0.04021	0.02770	0.03227	0.02104	0.01230	0.01128	0.00364	0.01279	0.01072	0.00753	0.01576
30	0.03900	0.13920	0.03916	0.03088	0.10949	0.08715	0.02246	0.23998	0.03849	0.11006	0.02513	0.02616	0.01865	0.01211	0.01038	0.00316	0.01295	0.00920	0.00895	0.01744
31	0.02940	0.44103	0.10974	0.07688	0.03648	0.08524	0.02321	0.03441	0.02372	0.02784	0.01675	0.02009	0.01448	0.01008	0.00827	0.00272	0.01357	0.00678	0.00491	0.01438
32	0.01977	0.01639	0.01934	0.01559	0.02253	0.01292	0.01200	0.02409	0.02437	0.03574	0.09921	0.12867	0.09741	0.01664	0.01045	0.00259	0.00738	0.01424	0.00839	0.41230
33	0.18864	0.13531	0.20425	0.02357	0.03470	0.02941	0.02507	0.10728	0.02784	0.09514	0.02187	0.02347	0.01594	0.01122	0.00936	0.00331	0.01257	0.00798	0.00723	0.01584
34	0.03277	0.08778	0.10973	0.02347	0.03222	0.02805	0.02160	0.21565	0.09122	0.09274	0.03700	0.09154	0.05491	0.01601	0.01123	0.00352	0.01138	0.01286	0.00975	0.01657
35	0.01367	0.00995	0.01290	0.01525	0.01621	0.00918	0.01026	0.01572	0.02196	0.02890	0.06719	0.54867	0.11955	0.03459	0.01426	0.00449	0.00645	0.03118	0.01045	0.00918
36	0.02619	0.02580	0.04621	0.17854	0.36012	0.02662	0.10407	0.03349	0.02508	0.03488	0.02116	0.02872	0.01709	0.01022	0.01149	0.00350	0.01459	0.01052	0.00546	0.01624
37	0.03530	0.03246	0.17629	0.03956	0.20126	0.02256	0.02941	0.04283	0.02770	0.23516	0.03004	0.03084	0.02079	0.01175	0.01109	0.00346	0.01278	0.01006	0.00863	0.01802
38	0.02333	0.05294	0.45526	0.03499	0.05063	0.02658	0.12716	0.03572	0.02429	0.03572	0.02069	0.02501	0.01479	0.01046	0.01118	0.00361	0.01708	0.00926	0.00493	0.01636
39	0.01487	0.01136	0.01623	0.10169	0.02570	0.01157	0.01363	0.01768	0.02170	0.02874	0.05560	0.51026	0.06534	0.03159	0.01389	0.00445	0.00783	0.02863	0.00961	0.00966
40	0.02938	0.03157	0.12471	0.04557	0.18965	0.02611	0.18330	0.04027	0.07667	0.09863	0.02690	0.03078	0.01995	0.01096	0.01183	0.00359	0.01480	0.01128	0.00710	0.01693
41	0.02286	0.04401	0.34607	0.18495	0.11537	0.02590	0.03792	0.03364	0.02365	0.03391	0.02026	0.02596	0.01489	0.01076	0.01090	0.00359	0.01580	0.00898	0.00492	0.01565
42	0.01449	0.01057	0.01374	0.01547	0.01699	0.00981	0.01104	0.01745	0.02419	0.03224	0.14804	0.41123	0.12582	0.03203	0.01418	0.00437	0.00661	0.07139	0.01078	0.00956
43	0.01754	0.02603	0.16509	0.02259	0.02991	0.01622	0.07585	0.02373	0.02406	0.03203	0.06241	0.21705	0.19581	0.02331	0.01289	0.00396	0.01052	0.02066	0.00832	0.01203
44	0.03684	0.22349	0.08588	0.02942	0.10866	0.09394	0.02300	0.04188	0.02735	0.18799	0.02597	0.02657	0.01909	0.01135	0.00974	0.00304	0.01288	0.00862	0.00786	0.01644
45	0.03260	0.02045	0.08343	0.02053	0.02716	0.01526	0.01832	0.03755	0.02752	0.26844	0.04845	0.18756	0.04399	0.02172	0.01272	0.00405	0.00982	0.09417	0.01137	0.01489
46	0.02465	0.04584	0.34932	0.04663	0.23965	0.02638	0.03882	0.03521	0.02450	0.03609	0.02058	0.02537	0.01566	0.01043	0.01087	0.00348	0.01535	0.00899	0.00507	0.01710
47	0.02858	0.07923	0.27468	0.09752	0.04816	0.10994	0.07272	0.09102	0.02852	0.03728	0.02052	0.02462	0.01522	0.01107	0.01077	0.00342	0.01643	0.00887	0.00580	0.01563
48	0.03909	0.07448	0.02862	0.02183	0.02886	0.08117	0.01832	0.09697	0.03232	0.26132	0.04045	0.05447	0.03302	0.01737	0.01184	0.00372	0.01152	0.11764	0.01105	0.01595
49	0.46752	0.02513	0.02000	0.01710	0.02450	0.08669	0.01377	0.03511	0.02211	0.07583	0.01830	0.02053	0.01411	0.01048	0.00782	0.00314	0.01008	0.00664	0.00721	0.11395
50	0.02708	0.02417	0.03438	0.03349	0.12016	0.02499	0.09257	0.08826	0.19889	0.04280	0.03548	0.10162	0.03038	0.01503	0.01170	0.00356	0.01124	0.01381	0.00893	0.08145

[dist]
# distance from previous block
# <min> <max>
1	6

[block]
# block no. 1 follows, 11 sequences, length 27
# corresponding to MSA columns:
# 69-95
name=unknown_B
#
# <colnr> <probs for GDERKNQSTAVLIFYWHMCP>
#	G	D	E	R	K	N	Q	S	T	A	V	L	I	F	Y	W	H	M	C	P
0	0.01998	0.01843	0.02008	0.09427	0.02885	0.07962	0.01521	0.02337	0.02327	0.03005	0.04310	0.34349	0.04836	0.02413	0.01232	0.00372	0.00970	0.02130	0.00844	0.13230
1	0.14721	0.10371	0.03759	0.04273	0.27131	0.02749	0.02470	0.03200	0.02422	0.03822	0.08092	0.03139	0.02691	0.01233	0.01195	0.00338	0.05238	0.01001	0.00651	0.01505
2	0.02746	0.02785	0.05203	0.06246	0.38864	0.02727	0.17505	0.03500	0.02592	0.03655	0.02166	0.02862	0.01760	0.00986	0.01180	0.00348	0.01509	0.01103	0.00561	0.01702
3	0.02394	0.03229	0.17065	0.25572	0.23223	0.02592	0.03510	0.03259	0.02394	0.03339	0.02047	0.02763	0.01581	0.01067	0.01107	0.00356	0.01485	0.00958	0.00514	0.01546
4	0.03412	0.02127	0.03427	0.02660	0.03412	0.02005	0.13903	0.09342	0.03125	0.22425	0.07477	0.14102	0.03823	0.01731	0.01252	0.00376	0.01148	0.01614	0.01073	0.01567
5	0.01705	0.01432	0.02223	0.26449	0.04343	0.01617	0.01967	0.02147	0.02197	0.02874	0.04342	0.34591	0.04811	0.02463	0.01299	0.00421	0.01028	0.02225	0.00804	0.01063
6	0.02184	0.02219	0.04364	0.03326	0.04091	0.02074	0.28031	0.02915	0.02734	0.03671	0.13199	0.06298	0.10265	0.01725	0.01359	0.00394	0.01366	0.07672	0.00815	0.01299
7	0.07959	0.14065	0.17791	0.03057	0.10189	0.02915	0.02668	0.06763	0.02471	0.03622	0.02412	0.09325	0.02241	0.01469	0.01346	0.00359	0.08124	0.01117	0.00628	0.01479
8	0.04014	0.02345	0.04015	0.03615	0.12955	0.02151	0.14331	0.04625	0.02954	0.31804	0.03453	0.03433	0.02322	0.01206	0.01179	0.00354	0.01271	0.01159	0.01026	0.01788
9	0.01497	0.01129	0.01523	0.01590	0.01778	0.01177	0.01170	0.01801	0.02028	0.02734	0.05414	0.20084	0.13315	0.09098	0.28945	0.01155	0.01844	0.01962	0.00803	0.00953
10	0.02756	0.42465	0.22333	0.02358	0.03558	0.03833	0.02679	0.03436	0.02317	0.02957	0.01718	0.01998	0.01438	0.00999	0.00839	0.00280	0.01359	0.00679	0.00479	0.01518
11	0.02564	0.03387	0.13461	0.03685	0.10115	0.09709	0.15844	0.03292	0.02622	0.03475	0.08472	0.07992	0.03153	0.01453	0.01391	0.00369	0.05601	0.01328	0.00666	0.01423
12	0.13293	0.02091	0.02841	0.02834	0.12081	0.01961	0.01926	0.04814	0.02922	0.38185	0.03620	0.03365	0.02387	0.01274	0.01069	0.00346	0.01016	0.01037	0.01144	0.01796
13	0.01356	0.01041	0.01242	0.01403	0.01589	0.00928	0.00972	0.01586	0.02312	0.02937	0.08198	0.40957	0.24910	0.03267	0.01396	0.00428	0.00621	0.02883	0.01045	0.00928
14	0.02709	0.02546	0.04053	0.12163	0.38646	0.02676	0.03107	0.03850	0.11511	0.03771	0.02557	0.03072	0.02053	0.01114	0.01121	0.00348	0.01275	0.01052	0.00659	0.01719
15	0.02503	0.01641	0.02622	0.18301	0.11407	0.01751	0.02048	0.02654	0.02068	0.08755	0.02291	0.03254	0.01900	0.02372	0.02574	0.29989	0.01178	0.01006	0.00611	0.01075
16	0.02416	0.02379	0.04089	0.04472	0.21386	0.02585	0.11863	0.02944	0.02289	0.03264	0.02735	0.13228	0.02731	0.01707	0.01884	0.00407	0.16093	0.01467	0.00633	0.01428
17	0.03391	0.02801	0.10302	0.03692	0.17665	0.02362	0.02626	0.12298	0.03203	0.16487	0.03352	0.04458	0.02707	0.01487	0.01181	0.00369	0.01226	0.07756	0.00925	0.01711
18	0.02690	0.04774	0.39158	0.03744	0.13567	0.02510	0.03728	0.03775	0.02512	0.09666	0.02328	0.02626	0.01655	0.01096	0.01085	0.00351	0.01519	0.00899	0.00601	0.01716
19	0.02690	0.09137	0.29084	0.03521	0.04867	0.02944	0.18223	0.09098	0.02809	0.03926	0.02147	0.02580	0.01576	0.01056	0.01131	0.00352	0.01650	0.00994	0.00584	0.01629
20	0.02739	0.03017	0.17222	0.10781	0.13988	0.02111	0.02762	0.03477	0.02602	0.13625	0.04252	0.04394	0.11268	0.01457	0.01147	0.00357	0.01232	0.01234	0.00785	0.01551
21	0.02811	0.13021	0.03811	0.03446	0.15986	0.02576	0.06010	0.08696	0.02840	0.07678	0.03680	0.12375	0.05808	0.01694	0.01154	0.00356	0.01151	0.04597	0.00812	0.01496
22	0.03898	0.02036	0.03121	0.11387	0.11234	0.01955	0.04704	0.04452	0.02875	0.32039	0.03538	0.03532	0.02387	0.01263	0.01112	0.00345	0.01116	0.01097	0.06208	0.01703
23	0.03658	0.03037	0.03165	0.03469	0.15867	0.16090	0.02211	0.09489	0.03181	0.15359	0.03584	0.06689	0.06280	0.01463	0.01129	0.00337	0.01318	0.01194	0.00889	0.01591
24	0.11001	0.02138	0.03186	0.16256	0.19413	0.02220	0.02448	0.03720	0.02635	0.16808	0.06779	0.03451	0.02633	0.01243	0.01089	0.00351	0.01154	0.01073	0.00833	0.01568
25	0.20274	0.02049	0.02474	0.02035	0.02743	0.02083	0.05358	0.06549	0.08506	0.19574	0.04297	0.08335	0.07864	0.01598	0.01081	0.00366	0.00956	0.01313	0.01038	0.01508
26	0.21844	0.02412	0.02995	0.03236	0.15882	0.02497	0.02089	0.12489	0.03071	0.18855	0.02724	0.02799	0.01932	0.01188	0.01006	0.00343	0.01084	0.00932	0.00935	0.01688

[dist]
# distance from previous block
# <min> <max>
1	31

[block]
# block no. 2 follows, 11 sequences, length 32
# corresponding to MSA columns:
# 129-160
name=unknown_C
#
# <colnr> <probs for GDERKNQSTAVLIFYWHMCP>
#	G	D	E	R	K	N	Q	S	T	A	V	L	I	F	Y	W	H	M	C	P
0	0.16046	0.01701	0.02029	0.01708	0.02306	0.01623	0.01339	0.03899	0.02697	0.28630	0.09669	0.09182	0.03961	0.08309	0.01619	0.00442	0.00880	0.01374	0.01131	0.01456
1	0.18058	0.01900	0.02254	0.01865	0.02498	0.01915	0.01507	0.03784	0.02574	0.23371	0.07493	0.08067	0.03222	0.01568	0.01321	0.00353	0.07100	0.01194	0.01015	0.08942
2	0.40814	0.02100	0.01938	0.01622	0.02358	0.02222	0.01324	0.07314	0.02476	0.10674	0.03094	0.03150	0.06987	0.01279	0.00867	0.00330	0.00877	0.00899	0.00849	0.08824
3	0.09156	0.02620	0.12718	0.02044	0.02837	0.01952	0.01911	0.03378	0.12265	0.03961	0.08708	0.12979	0.03872	0.01656	0.01085	0.00337	0.00955	0.01392	0.00853	0.15321
4	0.13605	0.02328	0.08059	0.02179	0.02948	0.01947	0.07288	0.03440	0.06874	0.09952	0.17700	0.04487	0.04534	0.01471	0.01103	0.00338	0.00982	0.01268	0.00935	0.08562
5	0.02600	0.02449	0.12339	0.02221	0.02972	0.01777	0.02135	0.03461	0.06568	0.12644	0.04008	0.06234	0.03599	0.02645	0.07711	0.00558	0.01343	0.14939	0.00908	0.08887
6	0.01819	0.01577	0.02536	0.12775	0.03395	0.01731	0.06825	0.02245	0.02198	0.02997	0.08099	0.22373	0.04627	0.07822	0.08360	0.00639	0.06212	0.01917	0.00776	0.01076
7	0.02282	0.02138	0.03509	0.41435	0.16536	0.02430	0.03003	0.02989	0.02323	0.03123	0.02024	0.02886	0.01576	0.01069	0.01092	0.00345	0.01397	0.00966	0.00529	0.08346
8	0.02574	0.01993	0.02359	0.01697	0.02686	0.01514	0.01362	0.03069	0.02413	0.08143	0.02217	0.02466	0.01766	0.00883	0.00860	0.00183	0.00845	0.00708	0.00731	0.61533
9	0.02457	0.04432	0.30678	0.03974	0.05376	0.02730	0.26700	0.03585	0.02516	0.03585	0.02148	0.02705	0.01566	0.01009	0.01199	0.00368	0.01780	0.01079	0.00522	0.01591
10	0.03139	0.55065	0.05604	0.02032	0.02953	0.10045	0.01953	0.03492	0.02385	0.02660	0.01584	0.01830	0.01445	0.00984	0.00754	0.00246	0.01293	0.00615	0.00492	0.01429
11	0.04279	0.03153	0.03378	0.02590	0.03490	0.03490	0.02139	0.49671	0.05292	0.07093	0.02702	0.02702	0.01914	0.01351	0.01126	0.00338	0.01239	0.01013	0.01126	0.01914
12	0.01875	0.01502	0.01965	0.07874	0.02665	0.01356	0.01377	0.02422	0.02825	0.04074	0.31829	0.05974	0.06902	0.01728	0.01156	0.00300	0.00732	0.01508	0.00984	0.20951
13	0.01608	0.01206	0.01809	0.01809	0.02010	0.01407	0.01407	0.02010	0.01809	0.02613	0.03015	0.04422	0.02814	0.08441	0.55984	0.01809	0.03015	0.01206	0.00603	0.01005
14	0.01649	0.01179	0.01768	0.01768	0.01946	0.01356	0.01356	0.01946	0.01768	0.02535	0.02889	0.04303	0.02712	0.07905	0.49878	0.09555	0.02774	0.01179	0.00589	0.00944
15	0.02462	0.02462	0.03447	0.02955	0.02955	0.03447	0.02462	0.02709	0.01724	0.02709	0.01477	0.02462	0.01477	0.01970	0.03694	0.00492	0.58385	0.00985	0.00492	0.01231
16	0.02334	0.02001	0.02334	0.01667	0.02667	0.01500	0.01334	0.02834	0.02334	0.03668	0.02001	0.02334	0.01667	0.00834	0.00834	0.00167	0.00834	0.00667	0.00667	0.67325
17	0.02661	0.02305	0.02667	0.02738	0.08763	0.02588	0.01898	0.05245	0.40148	0.04564	0.09757	0.04509	0.04054	0.01553	0.01162	0.00373	0.00903	0.01327	0.01086	0.01700
18	0.01371	0.00979	0.01306	0.01567	0.01632	0.00914	0.01045	0.01567	0.02155	0.02873	0.06203	0.59710	0.07444	0.03526	0.01437	0.00457	0.00653	0.03200	0.01045	0.00914
19	0.04204	0.05364	0.03190	0.02900	0.03480	0.55926	0.02175	0.04494	0.03190	0.02755	0.01740	0.02030	0.01450	0.01160	0.01015	0.00290	0.02030	0.00725	0.00580	0.01305
20	0.02334	0.02001	0.02334	0.01667	0.02667	0.01500	0.01334	0.02834	0.02334	0.03668	0.02001	0.02334	0.01667	0.00834	0.00834	0.00167	0.00834	0.00667	0.00667	0.67325
21	0.09990	0.02285	0.02402	0.02133	0.02727	0.02567	0.01661	0.14865	0.26010	0.04941	0.04134	0.14234	0.03614	0.01817	0.01148	0.00382	0.00923	0.01510	0.01073	0.01585
22	0.68395	0.02177	0.01654	0.01480	0.02177	0.02525	0.01219	0.03309	0.01915	0.05050	0.01567	0.01828	0.01219	0.01045	0.00697	0.00348	0.00871	0.00609	0.00697	0.01219
23	0.03126	0.01694	0.02442	0.17785	0.03892	0.01694	0.01874	0.03625	0.02777	0.24273	0.09766	0.09635	0.09097	0.01754	0.01198	0.00369	0.01000	0.01502	0.01053	0.01444
24	0.02334	0.02001	0.02334	0.01667	0.02667	0.01500	0.01334	0.02834	0.02334	0.03668	0.02001	0.02334	0.01667	0.00834	0.00834	0.00167	0.00834	0.00667	0.00667	0.67325
25	0.02334	0.02001	0.02334	0.01667	0.02667	0.01500	0.01334	0.02834	0.02334	0.03668	0.02001	0.02334	0.01667	0.00834	0.00834	0.00167	0.00834	0.00667	0.00667	0.67325
26	0.03160	0.02047	0.02650	0.02317	0.08094	0.01669	0.01650	0.03659	0.02613	0.18153	0.02712	0.02811	0.02000	0.01012	0.00949	0.00236	0.00922	0.00836	0.00863	0.41647
27	0.68395	0.02177	0.01654	0.01480	0.02177	0.02525	0.01219	0.03309	0.01915	0.05050	0.01567	0.01828	0.01219	0.01045	0.00697	0.00348	0.00871	0.00609	0.00697	0.01219
28	0.02786	0.02674	0.04568	0.06908	0.53424	0.02674	0.03454	0.03454	0.02563	0.03677	0.02117	0.02786	0.01783	0.01003	0.01114	0.00334	0.01337	0.01003	0.00557	0.01783
29	0.22977	0.02027	0.02216	0.01714	0.02584	0.01855	0.01398	0.03792	0.02482	0.19637	0.02622	0.02643	0.01877	0.01069	0.00884	0.00277	0.00883	0.00793	0.00899	0.27371
30	0.02868	0.02401	0.04727	0.03479	0.04371	0.02221	0.29503	0.03626	0.02882	0.13333	0.14056	0.04394	0.03915	0.01337	0.01291	0.00368	0.01413	0.01450	0.00875	0.01490
31	0.08386	0.02007	0.03068	0.19984	0.18509	0.02142	0.02447	0.03175	0.02541	0.09338	0.09519	0.07913	0.03391	0.01454	0.01136	0.00361	0.01141	0.01287	0.00777	0.01425

[dist]
# distance from previous block
# <min> <max>
0	375

# created by:
# /st0/software/busco_prod/Augustus/scripts/msa2prfl.pl ./align_prep/11337.fa
