[name]
unknown

[dist]
# distance from previous block
# <min> <max>
0	77

[block]
# block no. 0 follows, 13 sequences, length 69
# corresponding to MSA columns:
# 88-156
name=unknown_A
#
# <colnr> <probs for GDERKNQSTAVLIFYWHMCP>
#	G	D	E	R	K	N	Q	S	T	A	V	L	I	F	Y	W	H	M	C	P
0	0.39637	0.02145	0.02042	0.01714	0.02415	0.02332	0.01418	0.13903	0.02668	0.09184	0.02277	0.02880	0.01824	0.01204	0.00848	0.00323	0.00909	0.04465	0.00817	0.06997
1	0.13726	0.02743	0.15200	0.02257	0.03047	0.02115	0.06238	0.11071	0.02829	0.04307	0.14174	0.04760	0.03914	0.01540	0.01088	0.00352	0.01080	0.07424	0.00816	0.01319
2	0.18398	0.19869	0.12340	0.01926	0.02792	0.02733	0.01892	0.07482	0.02404	0.11963	0.02206	0.02588	0.01744	0.06129	0.01207	0.00357	0.01090	0.00793	0.00697	0.01390
3	0.29078	0.08245	0.02625	0.02043	0.02709	0.22973	0.01636	0.07908	0.02643	0.08656	0.01865	0.02024	0.01430	0.01068	0.00836	0.00298	0.01276	0.00688	0.00691	0.01306
4	0.08509	0.03524	0.03907	0.07829	0.04186	0.23069	0.17217	0.12252	0.03026	0.03719	0.01952	0.02363	0.01498	0.01050	0.01046	0.00316	0.01614	0.00912	0.00634	0.01376
5	0.07912	0.01400	0.01538	0.01403	0.01835	0.01328	0.01102	0.06292	0.02731	0.03838	0.21568	0.07560	0.24160	0.02113	0.01157	0.00337	0.00658	0.05425	0.00983	0.06660
6	0.07157	0.02855	0.11614	0.02233	0.03063	0.02567	0.02022	0.11605	0.30341	0.04500	0.03242	0.03151	0.02419	0.01250	0.01007	0.00328	0.00999	0.00999	0.00900	0.07749
7	0.10008	0.02652	0.02858	0.02234	0.03040	0.02889	0.01837	0.37462	0.08269	0.13803	0.02824	0.02732	0.01973	0.01262	0.01024	0.00323	0.01067	0.00953	0.01060	0.01730
8	0.08564	0.08016	0.19922	0.02292	0.03324	0.02139	0.05559	0.03702	0.02493	0.19532	0.06202	0.02980	0.02336	0.01137	0.00979	0.00308	0.01139	0.00925	0.00793	0.07655
9	0.01288	0.00920	0.01227	0.01472	0.01534	0.00859	0.00981	0.01472	0.02024	0.02699	0.05828	0.62152	0.06993	0.03312	0.01350	0.00429	0.00613	0.03006	0.00981	0.00859
10	0.01608	0.01240	0.01523	0.01625	0.01935	0.01202	0.01349	0.02215	0.06488	0.03229	0.10577	0.10445	0.22976	0.02672	0.01345	0.00423	0.00783	0.26366	0.00997	0.01002
11	0.03344	0.11853	0.24404	0.02444	0.03523	0.11064	0.02582	0.04042	0.02596	0.20444	0.02535	0.02553	0.01758	0.01103	0.00973	0.00308	0.01345	0.00828	0.00741	0.01560
12	0.14369	0.02684	0.04045	0.07500	0.04220	0.02830	0.20715	0.22172	0.03297	0.04815	0.02160	0.02540	0.01587	0.01064	0.01061	0.00336	0.01355	0.00998	0.00750	0.01502
13	0.01704	0.01217	0.01704	0.01947	0.02191	0.01217	0.01704	0.02191	0.02434	0.03164	0.05598	0.11926	0.06085	0.02921	0.01460	0.00487	0.00974	0.49130	0.00974	0.00974
14	0.02395	0.02279	0.03936	0.33506	0.18467	0.02518	0.10916	0.07104	0.02484	0.03323	0.02002	0.02752	0.01537	0.01020	0.01085	0.00341	0.01412	0.00991	0.00542	0.01388
15	0.26691	0.02150	0.02487	0.02022	0.02716	0.02281	0.05752	0.15425	0.02978	0.13219	0.06977	0.03665	0.02707	0.01354	0.00983	0.00341	0.00983	0.04948	0.00915	0.01406
16	0.02725	0.02718	0.04186	0.06183	0.51931	0.07081	0.03147	0.03324	0.02455	0.03384	0.01960	0.02559	0.01649	0.00954	0.01039	0.00311	0.01309	0.00921	0.00525	0.01638
17	0.01250	0.01071	0.01071	0.01071	0.01428	0.00893	0.00803	0.01517	0.02410	0.02856	0.10711	0.10175	0.55817	0.02678	0.01250	0.00357	0.00536	0.02231	0.00982	0.00893
18	0.02404	0.02126	0.04056	0.17802	0.04849	0.02148	0.25092	0.03128	0.02373	0.06913	0.02494	0.03131	0.01863	0.01036	0.01076	0.00329	0.01347	0.01099	0.15442	0.01291
19	0.02623	0.08635	0.27281	0.02361	0.03410	0.02321	0.02588	0.07716	0.06977	0.10855	0.11445	0.03485	0.03153	0.01288	0.01036	0.00325	0.01167	0.01039	0.00784	0.01511
20	0.20301	0.02040	0.02604	0.02018	0.02819	0.01984	0.05635	0.08430	0.02847	0.35886	0.03221	0.02997	0.02113	0.01193	0.00979	0.00329	0.00974	0.00951	0.01067	0.01611
21	0.01288	0.00920	0.01227	0.01472	0.01534	0.00859	0.00981	0.01472	0.02024	0.02699	0.05828	0.62152	0.06993	0.03312	0.01350	0.00429	0.00613	0.03006	0.00981	0.00859
22	0.02430	0.10517	0.45537	0.02847	0.04236	0.06364	0.03469	0.06636	0.02455	0.03439	0.01884	0.02183	0.01373	0.01018	0.00975	0.00320	0.01520	0.00766	0.00494	0.01537
23	0.04283	0.01902	0.02440	0.01940	0.02710	0.01789	0.01580	0.05254	0.14219	0.45514	0.04200	0.03674	0.02750	0.01336	0.01066	0.00334	0.00886	0.01092	0.01258	0.01772
24	0.02461	0.20753	0.20502	0.07584	0.08570	0.02997	0.11488	0.03431	0.06547	0.03157	0.02022	0.02406	0.01579	0.00990	0.00968	0.00309	0.01381	0.00861	0.00524	0.01468
25	0.02692	0.06361	0.07158	0.06806	0.02919	0.02188	0.01784	0.11247	0.06330	0.11290	0.03521	0.07895	0.06139	0.12124	0.01995	0.00463	0.05686	0.01262	0.00825	0.01316
26	0.01600	0.01060	0.01320	0.01255	0.01504	0.00995	0.00941	0.02097	0.02824	0.04175	0.44293	0.07035	0.08391	0.01959	0.01136	0.00314	0.00497	0.01710	0.15899	0.00995
27	0.02538	0.22946	0.17687	0.02860	0.07647	0.02992	0.09041	0.06677	0.06139	0.03335	0.02321	0.07015	0.02016	0.01182	0.00970	0.00309	0.01274	0.01001	0.00595	0.01455
28	0.01442	0.01067	0.01346	0.01302	0.01553	0.00971	0.00967	0.01881	0.02828	0.03907	0.44887	0.12504	0.16763	0.02331	0.01255	0.00344	0.00513	0.02047	0.01122	0.00971
29	0.02118	0.02259	0.09621	0.15700	0.03741	0.02098	0.02164	0.06409	0.10360	0.03737	0.16406	0.04901	0.04283	0.01619	0.01322	0.00363	0.05671	0.05133	0.00817	0.01280
30	0.02827	0.63478	0.05540	0.01809	0.02714	0.04184	0.01809	0.03166	0.02148	0.02488	0.01470	0.01696	0.01357	0.00905	0.00678	0.00226	0.01131	0.00565	0.00452	0.01357
31	0.02000	0.01923	0.10078	0.01893	0.02399	0.01446	0.01749	0.02765	0.06614	0.08138	0.19932	0.12019	0.06101	0.02183	0.01255	0.00389	0.00873	0.16070	0.00989	0.01184
32	0.08682	0.02318	0.02995	0.02390	0.03051	0.02533	0.08363	0.26704	0.03390	0.04801	0.02484	0.02997	0.01972	0.03202	0.18404	0.00740	0.01718	0.01013	0.00807	0.01436
33	0.70310	0.02045	0.01554	0.01390	0.02045	0.02372	0.01145	0.03108	0.01799	0.04744	0.01472	0.01718	0.01145	0.00981	0.00654	0.00327	0.00818	0.00573	0.00654	0.01145
34	0.03087	0.49916	0.04950	0.02021	0.02842	0.16812	0.01863	0.03411	0.02345	0.02511	0.01508	0.01745	0.01358	0.00947	0.00742	0.00237	0.01311	0.00592	0.00474	0.01326
35	0.60006	0.02006	0.01695	0.01468	0.02148	0.02243	0.01209	0.03429	0.01992	0.12953	0.01896	0.02013	0.01376	0.01033	0.00719	0.00327	0.00831	0.00650	0.00757	0.01248
36	0.01997	0.01879	0.03171	0.60301	0.07282	0.02349	0.02936	0.02701	0.02114	0.02701	0.01879	0.02819	0.01409	0.01057	0.01057	0.00352	0.01409	0.00940	0.00470	0.01175
37	0.02313	0.02313	0.03238	0.02776	0.02776	0.03238	0.02313	0.02545	0.01619	0.02545	0.01388	0.02313	0.01388	0.01851	0.03470	0.00463	0.60907	0.00925	0.00463	0.01157
38	0.01496	0.01081	0.01413	0.01330	0.01580	0.00998	0.00998	0.01995	0.02993	0.04240	0.55689	0.07898	0.09976	0.02162	0.01247	0.00333	0.00499	0.01912	0.01164	0.00998
39	0.09347	0.03124	0.14494	0.02311	0.03226	0.02648	0.02199	0.25870	0.07842	0.09499	0.06703	0.03016	0.02458	0.01272	0.01026	0.00327	0.01119	0.00984	0.00919	0.01616
40	0.01250	0.01071	0.01071	0.01071	0.01428	0.00893	0.00803	0.01517	0.02410	0.02856	0.10711	0.10175	0.55817	0.02678	0.01250	0.00357	0.00536	0.02231	0.00982	0.00893
41	0.02362	0.11986	0.16516	0.03859	0.20125	0.02636	0.07301	0.03059	0.02310	0.03237	0.05623	0.03348	0.02356	0.01234	0.01247	0.00335	0.06345	0.04113	0.00563	0.01445
42	0.01496	0.01081	0.01413	0.01330	0.01580	0.00998	0.00998	0.01995	0.02993	0.04240	0.55689	0.07898	0.09976	0.02162	0.01247	0.00333	0.00499	0.01912	0.01164	0.00998
43	0.01476	0.01080	0.01385	0.01308	0.01567	0.00989	0.00981	0.01955	0.02944	0.04124	0.51919	0.08089	0.13818	0.02205	0.01247	0.00335	0.00502	0.01939	0.01149	0.00989
44	0.04145	0.02759	0.03048	0.02337	0.03178	0.02978	0.01930	0.44436	0.04632	0.15427	0.02823	0.02723	0.01941	0.01276	0.01059	0.00319	0.01118	0.00971	0.01101	0.01798
45	0.02911	0.12721	0.08543	0.04723	0.34107	0.07762	0.02816	0.03491	0.02457	0.07749	0.02051	0.02457	0.01648	0.00986	0.00977	0.00299	0.01289	0.00855	0.00574	0.01585
46	0.03284	0.02236	0.09878	0.02531	0.07289	0.01692	0.06107	0.03810	0.02609	0.29260	0.03886	0.16050	0.03243	0.01641	0.01132	0.00352	0.01027	0.01455	0.00995	0.01522
47	0.01538	0.01025	0.01153	0.01153	0.01153	0.01025	0.00641	0.01538	0.01538	0.02050	0.03331	0.06919	0.03844	0.62842	0.05382	0.01025	0.01025	0.01538	0.00641	0.00641
48	0.02736	0.04608	0.44486	0.02748	0.04136	0.02244	0.03355	0.03772	0.02418	0.15926	0.02431	0.02553	0.01639	0.01076	0.01018	0.00333	0.01407	0.00847	0.00649	0.01618
49	0.60149	0.06693	0.06217	0.01548	0.02291	0.02508	0.01409	0.03131	0.01858	0.04473	0.01505	0.01756	0.01175	0.00978	0.00684	0.00321	0.00899	0.00588	0.00624	0.01193
50	0.02607	0.02540	0.04454	0.06321	0.52027	0.02526	0.07335	0.03257	0.02415	0.03449	0.02001	0.02636	0.01669	0.00938	0.01063	0.00318	0.01300	0.00967	0.00524	0.01654
51	0.03992	0.03787	0.03103	0.02548	0.03275	0.25245	0.02023	0.33463	0.04187	0.05045	0.02179	0.02288	0.01625	0.01198	0.01016	0.00299	0.01459	0.00844	0.00854	0.01571
52	0.04097	0.02144	0.02614	0.01984	0.02831	0.02021	0.01632	0.18277	0.03437	0.33399	0.03310	0.03054	0.02202	0.01207	0.01013	0.00295	0.00955	0.00956	0.01119	0.13453
53	0.01539	0.01121	0.01473	0.01495	0.01751	0.01055	0.01194	0.02015	0.02777	0.03802	0.36894	0.09299	0.12576	0.02433	0.01312	0.00381	0.00645	0.16167	0.01092	0.00982
54	0.03589	0.04077	0.03765	0.03344	0.08120	0.36897	0.13088	0.04037	0.02841	0.07445	0.01989	0.02315	0.01547	0.01053	0.01035	0.00299	0.01740	0.00859	0.00606	0.01355
55	0.01997	0.01879	0.03171	0.60301	0.07282	0.02349	0.02936	0.02701	0.02114	0.02701	0.01879	0.02819	0.01409	0.01057	0.01057	0.00352	0.01409	0.00940	0.00470	0.01175
56	0.02496	0.02852	0.06239	0.04456	0.05526	0.02674	0.52406	0.03387	0.02496	0.03387	0.02139	0.02852	0.01604	0.00891	0.01248	0.00357	0.01783	0.01248	0.00535	0.01426
57	0.01997	0.01879	0.03171	0.60301	0.07282	0.02349	0.02936	0.02701	0.02114	0.02701	0.01879	0.02819	0.01409	0.01057	0.01057	0.00352	0.01409	0.00940	0.00470	0.01175
58	0.01889	0.01216	0.01687	0.01862	0.02123	0.01185	0.01570	0.02318	0.02415	0.07596	0.05517	0.19664	0.05947	0.02851	0.01408	0.00464	0.00907	0.37354	0.01003	0.01024
59	0.01496	0.01081	0.01413	0.01330	0.01580	0.00998	0.00998	0.01995	0.02993	0.04240	0.55689	0.07898	0.09976	0.02162	0.01247	0.00333	0.00499	0.01912	0.01164	0.00998
60	0.01510	0.01133	0.01699	0.01699	0.01888	0.01322	0.01322	0.01888	0.01699	0.02454	0.02832	0.04154	0.02643	0.07930	0.58652	0.01699	0.02832	0.01133	0.00566	0.00944
61	0.02617	0.02512	0.04292	0.06490	0.56246	0.02512	0.03245	0.03245	0.02407	0.03454	0.01989	0.02617	0.01675	0.00942	0.01047	0.00314	0.01256	0.00942	0.00523	0.01675
62	0.04076	0.01603	0.02100	0.01665	0.02345	0.01417	0.01358	0.04505	0.02831	0.44198	0.03997	0.03681	0.02640	0.01290	0.00985	0.00308	0.00802	0.01045	0.17551	0.01603
63	0.01250	0.01071	0.01071	0.01071	0.01428	0.00893	0.00803	0.01517	0.02410	0.02856	0.10711	0.10175	0.55817	0.02678	0.01250	0.00357	0.00536	0.02231	0.00982	0.00893
64	0.01811	0.00927	0.01359	0.01359	0.01359	0.00927	0.00895	0.01391	0.01391	0.01854	0.01962	0.03524	0.02005	0.08632	0.04237	0.63521	0.00927	0.00970	0.00474	0.00474
65	0.01773	0.03112	0.27530	0.02302	0.03106	0.01687	0.02514	0.02514	0.02216	0.03110	0.03941	0.22538	0.04144	0.02145	0.01214	0.00399	0.01140	0.12672	0.00730	0.01214
66	0.02121	0.05469	0.57364	0.03014	0.04576	0.02455	0.03906	0.03348	0.02232	0.03348	0.01897	0.02232	0.01339	0.01005	0.01005	0.00335	0.01563	0.00781	0.00446	0.01563
67	0.01395	0.00997	0.01350	0.01594	0.01703	0.00951	0.01167	0.01657	0.02130	0.02819	0.05768	0.49223	0.06759	0.03212	0.01378	0.00444	0.00706	0.14879	0.00979	0.00888
68	0.02496	0.02852	0.06239	0.04456	0.05526	0.02674	0.52406	0.03387	0.02496	0.03387	0.02139	0.02852	0.01604	0.00891	0.01248	0.00357	0.01783	0.01248	0.00535	0.01426

[dist]
# distance from previous block
# <min> <max>
0	1

[block]
# block no. 1 follows, 13 sequences, length 18
# corresponding to MSA columns:
# 158-175
name=unknown_B
#
# <colnr> <probs for GDERKNQSTAVLIFYWHMCP>
#	G	D	E	R	K	N	Q	S	T	A	V	L	I	F	Y	W	H	M	C	P
0	0.02522	0.36016	0.26210	0.02480	0.03658	0.03387	0.06301	0.03255	0.02207	0.02895	0.01688	0.01993	0.01368	0.00943	0.00849	0.00279	0.01350	0.00701	0.00456	0.01444
1	0.03115	0.02205	0.03297	0.10191	0.09343	0.02290	0.09763	0.04531	0.20108	0.18543	0.03387	0.03400	0.02417	0.01217	0.01093	0.00344	0.01116	0.01108	0.00923	0.01608
2	0.01496	0.01081	0.01413	0.01330	0.01580	0.00998	0.00998	0.01995	0.02993	0.04240	0.55689	0.07898	0.09976	0.02162	0.01247	0.00333	0.00499	0.01912	0.01164	0.00998
3	0.02313	0.02313	0.03238	0.02776	0.02776	0.03238	0.02313	0.02545	0.01619	0.02545	0.01388	0.02313	0.01388	0.01851	0.03470	0.00463	0.60907	0.00925	0.00463	0.01157
4	0.04744	0.01799	0.02454	0.01881	0.02699	0.01554	0.01554	0.05153	0.03026	0.56979	0.04171	0.03599	0.02617	0.01309	0.01063	0.00327	0.00900	0.01063	0.01309	0.01799
5	0.01496	0.01081	0.01413	0.01330	0.01580	0.00998	0.00998	0.01995	0.02993	0.04240	0.55689	0.07898	0.09976	0.02162	0.01247	0.00333	0.00499	0.01912	0.01164	0.00998
6	0.02993	0.36852	0.05151	0.02617	0.03482	0.15615	0.13523	0.03445	0.02412	0.02717	0.01660	0.02008	0.01415	0.00942	0.00869	0.00266	0.01449	0.00748	0.00491	0.01344
7	0.10552	0.02879	0.14491	0.09532	0.03737	0.02306	0.02292	0.14467	0.03029	0.22253	0.02757	0.02780	0.01858	0.01168	0.01006	0.00330	0.01155	0.00911	0.00894	0.01601
8	0.01690	0.01173	0.01547	0.01734	0.01990	0.01154	0.01488	0.02154	0.02404	0.03230	0.05864	0.10740	0.10877	0.02683	0.01348	0.00443	0.00867	0.38163	0.09484	0.00967
9	0.02192	0.02205	0.08934	0.01918	0.02505	0.01937	0.01683	0.08331	0.19838	0.04426	0.26949	0.05370	0.05887	0.01691	0.01142	0.00340	0.00808	0.01442	0.01035	0.01368
10	0.02630	0.02271	0.02391	0.02152	0.02749	0.02630	0.01674	0.05618	0.54336	0.04423	0.04303	0.03945	0.03228	0.01434	0.01076	0.00359	0.00837	0.01195	0.01076	0.01674
11	0.02340	0.02362	0.03699	0.10863	0.24549	0.07095	0.11300	0.02892	0.02354	0.03108	0.02841	0.16105	0.02809	0.01496	0.01144	0.00348	0.01279	0.01440	0.00625	0.01349
12	0.02630	0.02271	0.02391	0.02152	0.02749	0.02630	0.01674	0.05618	0.54336	0.04423	0.04303	0.03945	0.03228	0.01434	0.01076	0.00359	0.00837	0.01195	0.01076	0.01674
13	0.02297	0.01906	0.02209	0.01643	0.02501	0.01547	0.01305	0.07482	0.02452	0.03700	0.02271	0.07194	0.02038	0.01040	0.00857	0.00195	0.00806	0.00856	0.00698	0.57002
14	0.02585	0.04398	0.40506	0.02675	0.03965	0.02302	0.03184	0.08314	0.02664	0.10485	0.06703	0.02903	0.02261	0.01165	0.01037	0.00332	0.01352	0.00927	0.00674	0.01569
15	0.02121	0.05469	0.57364	0.03014	0.04576	0.02455	0.03906	0.03348	0.02232	0.03348	0.01897	0.02232	0.01339	0.01005	0.01005	0.00335	0.01563	0.00781	0.00446	0.01563
16	0.04293	0.02081	0.07244	0.01986	0.02828	0.01609	0.01772	0.04780	0.02913	0.48362	0.04074	0.04079	0.02755	0.01398	0.01087	0.00339	0.00964	0.04509	0.01208	0.01719
17	0.21296	0.02769	0.10047	0.03346	0.16026	0.02474	0.07543	0.10280	0.02658	0.10680	0.02192	0.02458	0.01613	0.01045	0.00960	0.00327	0.01176	0.00870	0.00719	0.01523

[dist]
# distance from previous block
# <min> <max>
0	4

# created by:
# /st0/software/busco_prod/Augustus/scripts/msa2prfl.pl ./align_prep/11371.fa
