[name]
unknown

[dist]
# distance from previous block
# <min> <max>
0	232

[block]
# block no. 0 follows, 14 sequences, length 24
# corresponding to MSA columns:
# 355-378
name=unknown_A
#
# <colnr> <probs for GDERKNQSTAVLIFYWHMCP>
#	G	D	E	R	K	N	Q	S	T	A	V	L	I	F	Y	W	H	M	C	P
0	0.01532	0.01090	0.01395	0.05996	0.01778	0.01139	0.00977	0.01706	0.01746	0.02357	0.08197	0.06529	0.04117	0.42551	0.10463	0.00919	0.01173	0.04913	0.00670	0.00751
1	0.02862	0.19475	0.07892	0.09990	0.16677	0.02656	0.02299	0.06189	0.02499	0.12782	0.05380	0.02750	0.02122	0.01071	0.00931	0.00291	0.01117	0.00878	0.00675	0.01465
2	0.02624	0.09630	0.03682	0.17799	0.21589	0.09137	0.02576	0.06823	0.02384	0.03088	0.01769	0.02362	0.01466	0.01097	0.01290	0.00319	0.09634	0.00842	0.00521	0.01366
3	0.01554	0.01156	0.01460	0.01365	0.01638	0.01115	0.01029	0.02262	0.07788	0.04132	0.52105	0.07311	0.09077	0.02033	0.01195	0.00325	0.00514	0.01792	0.01122	0.01029
4	0.04087	0.02006	0.02438	0.01894	0.02634	0.01962	0.01556	0.19839	0.03431	0.36222	0.03482	0.03213	0.02305	0.01250	0.00995	0.00306	0.00908	0.00990	0.08821	0.01658
5	0.01475	0.01064	0.01404	0.01359	0.01601	0.00992	0.01046	0.01958	0.02843	0.03997	0.51132	0.08110	0.09254	0.02182	0.01234	0.00340	0.00537	0.07399	0.01109	0.00966
6	0.71184	0.01985	0.01508	0.01350	0.01985	0.02302	0.01111	0.03017	0.01746	0.04604	0.01429	0.01667	0.01111	0.00953	0.00635	0.00318	0.00794	0.00556	0.00635	0.01111
7	0.71184	0.01985	0.01508	0.01350	0.01985	0.02302	0.01111	0.03017	0.01746	0.04604	0.01429	0.01667	0.01111	0.00953	0.00635	0.00318	0.00794	0.00556	0.00635	0.01111
8	0.02553	0.02204	0.02320	0.02088	0.02669	0.02553	0.01624	0.05453	0.55679	0.04293	0.04177	0.03829	0.03133	0.01392	0.01044	0.00348	0.00812	0.01160	0.01044	0.01624
9	0.01492	0.00995	0.01119	0.01119	0.01119	0.00995	0.00622	0.01492	0.01492	0.01990	0.03233	0.06716	0.03731	0.63935	0.05223	0.00995	0.00995	0.01492	0.00622	0.00622
10	0.02744	0.64552	0.05378	0.01756	0.02634	0.04061	0.01756	0.03073	0.02085	0.02414	0.01427	0.01646	0.01317	0.00878	0.00658	0.00219	0.01097	0.00549	0.00439	0.01317
11	0.01972	0.01871	0.03085	0.54912	0.06580	0.02376	0.02783	0.02605	0.01998	0.02605	0.01771	0.02681	0.01366	0.01112	0.01287	0.00354	0.08138	0.00910	0.00455	0.01138
12	0.01659	0.01025	0.01356	0.01490	0.01667	0.00943	0.01068	0.01895	0.02135	0.08877	0.05770	0.48283	0.09561	0.02922	0.01282	0.00406	0.00654	0.07072	0.00987	0.00948
13	0.02245	0.02245	0.03143	0.02694	0.02694	0.03143	0.02245	0.02470	0.01572	0.02470	0.01347	0.02245	0.01347	0.01796	0.03368	0.00449	0.62057	0.00898	0.00449	0.01123
14	0.04290	0.01823	0.02386	0.01847	0.02603	0.01658	0.01518	0.10354	0.03149	0.48328	0.07812	0.03687	0.02982	0.01327	0.01045	0.00317	0.00873	0.01081	0.01232	0.01688
15	0.71184	0.01985	0.01508	0.01350	0.01985	0.02302	0.01111	0.03017	0.01746	0.04604	0.01429	0.01667	0.01111	0.00953	0.00635	0.00318	0.00794	0.00556	0.00635	0.01111
16	0.02245	0.02245	0.03143	0.02694	0.02694	0.03143	0.02245	0.02470	0.01572	0.02470	0.01347	0.02245	0.01347	0.01796	0.03368	0.00449	0.62057	0.00898	0.00449	0.01123
17	0.01927	0.02355	0.12543	0.44550	0.06051	0.02173	0.02877	0.02674	0.02107	0.02782	0.02237	0.03642	0.01872	0.01223	0.01062	0.00354	0.01346	0.06535	0.00508	0.01183
18	0.01573	0.00960	0.01301	0.01450	0.01561	0.00893	0.00989	0.01700	0.01971	0.06900	0.05098	0.51855	0.05895	0.03101	0.01589	0.08187	0.00650	0.02543	0.00921	0.00862
19	0.01250	0.00893	0.01191	0.01429	0.01488	0.00834	0.00953	0.01429	0.01965	0.02620	0.05656	0.63265	0.06787	0.03215	0.01310	0.00417	0.00595	0.02917	0.00953	0.00834
20	0.01250	0.00893	0.01191	0.01429	0.01488	0.00834	0.00953	0.01429	0.01965	0.02620	0.05656	0.63265	0.06787	0.03215	0.01310	0.00417	0.00595	0.02917	0.00953	0.00834
21	0.04604	0.01746	0.02382	0.01826	0.02620	0.01508	0.01508	0.05001	0.02937	0.58244	0.04049	0.03493	0.02540	0.01270	0.01032	0.00318	0.00873	0.01032	0.01270	0.01746
22	0.03518	0.01813	0.02240	0.01833	0.02482	0.01780	0.01473	0.08050	0.15581	0.32339	0.13198	0.04227	0.03870	0.01441	0.01066	0.00325	0.00809	0.01198	0.01175	0.01582
23	0.03799	0.01926	0.02358	0.01929	0.02639	0.01918	0.01554	0.05178	0.23625	0.37082	0.04099	0.03625	0.02773	0.01318	0.01037	0.00330	0.00849	0.01082	0.01182	0.01699

[dist]
# distance from previous block
# <min> <max>
2	10

[block]
# block no. 1 follows, 14 sequences, length 40
# corresponding to MSA columns:
# 389-428
name=unknown_B
#
# <colnr> <probs for GDERKNQSTAVLIFYWHMCP>
#	G	D	E	R	K	N	Q	S	T	A	V	L	I	F	Y	W	H	M	C	P
0	0.02252	0.02087	0.06487	0.07525	0.02842	0.02107	0.01751	0.12122	0.11498	0.03816	0.12420	0.08726	0.03870	0.08830	0.01835	0.00426	0.08005	0.01328	0.00830	0.01243
1	0.01319	0.00982	0.01229	0.01298	0.01485	0.00891	0.00923	0.01630	0.02396	0.03216	0.26035	0.31403	0.18094	0.02668	0.01253	0.00367	0.00538	0.02363	0.01020	0.00891
2	0.01599	0.06982	0.01721	0.01382	0.01535	0.01392	0.00982	0.01771	0.01608	0.02180	0.02878	0.05210	0.03057	0.36431	0.25788	0.01174	0.01678	0.01253	0.00577	0.00800
3	0.01432	0.01048	0.01343	0.01269	0.01520	0.00959	0.00952	0.01896	0.02856	0.03999	0.52962	0.07857	0.13785	0.02141	0.01211	0.00325	0.00487	0.01883	0.01114	0.00959
4	0.71184	0.01985	0.01508	0.01350	0.01985	0.02302	0.01111	0.03017	0.01746	0.04604	0.01429	0.01667	0.01111	0.00953	0.00635	0.00318	0.00794	0.00556	0.00635	0.01111
5	0.01365	0.01046	0.01250	0.01199	0.01479	0.00931	0.00899	0.01767	0.02698	0.03623	0.39916	0.08476	0.27066	0.02282	0.01211	0.00331	0.00497	0.01969	0.01065	0.00931
6	0.02553	0.02204	0.02320	0.02088	0.02669	0.02553	0.01624	0.05453	0.55679	0.04293	0.04177	0.03829	0.03133	0.01392	0.01044	0.00348	0.00812	0.01160	0.01044	0.01624
7	0.19897	0.02090	0.02357	0.01852	0.02616	0.02120	0.01529	0.17077	0.03142	0.32561	0.03035	0.02806	0.02005	0.01187	0.00938	0.00315	0.00920	0.00894	0.01060	0.01599
8	0.02780	0.49053	0.14352	0.01964	0.02946	0.03557	0.02088	0.03264	0.02170	0.07213	0.01717	0.01890	0.01416	0.00927	0.00744	0.00246	0.01151	0.00625	0.00507	0.01387
9	0.03012	0.02621	0.16638	0.07026	0.09586	0.01803	0.02277	0.03654	0.02562	0.25262	0.08102	0.03799	0.06472	0.01301	0.01043	0.00322	0.01054	0.01091	0.00875	0.01500
10	0.01288	0.00920	0.01233	0.01471	0.01547	0.00866	0.01017	0.01493	0.02001	0.02661	0.05636	0.58497	0.06706	0.03180	0.01320	0.00422	0.00628	0.07318	0.00952	0.00844
11	0.01250	0.00893	0.01191	0.01429	0.01488	0.00834	0.00953	0.01429	0.01965	0.02620	0.05656	0.63265	0.06787	0.03215	0.01310	0.00417	0.00595	0.02917	0.00953	0.00834
12	0.03185	0.02426	0.10944	0.12439	0.03812	0.02019	0.05739	0.08262	0.06326	0.24632	0.07079	0.03367	0.02600	0.01224	0.01049	0.00326	0.01101	0.01045	0.00909	0.01516
13	0.12982	0.03694	0.02934	0.03135	0.13785	0.33054	0.02067	0.07010	0.06130	0.03338	0.01854	0.02127	0.01495	0.01047	0.00916	0.00288	0.01464	0.00745	0.00604	0.01328
14	0.02540	0.02438	0.04165	0.06299	0.57533	0.02438	0.03149	0.03149	0.02337	0.03353	0.01930	0.02540	0.01626	0.00914	0.01016	0.00305	0.01219	0.00914	0.00508	0.01626
15	0.03176	0.02301	0.03457	0.08863	0.22688	0.02354	0.06239	0.12054	0.07782	0.16498	0.02713	0.02900	0.01967	0.01098	0.01040	0.00319	0.01139	0.00988	0.00813	0.01612
16	0.07322	0.02073	0.02396	0.07596	0.02766	0.09484	0.01803	0.02482	0.01830	0.02616	0.01979	0.02900	0.01807	0.03889	0.24869	0.00878	0.20824	0.00923	0.00514	0.01051
17	0.13639	0.02025	0.02992	0.27122	0.15756	0.02357	0.02427	0.02996	0.02081	0.08208	0.01925	0.02527	0.01485	0.01113	0.01263	0.00342	0.09019	0.00864	0.00570	0.01290
18	0.13761	0.13901	0.32386	0.02317	0.03480	0.02515	0.02688	0.03441	0.02199	0.11438	0.02032	0.02196	0.01455	0.00999	0.00877	0.00305	0.01236	0.00732	0.00590	0.01452
19	0.01348	0.00939	0.01287	0.01485	0.01568	0.00912	0.01044	0.01524	0.01924	0.02576	0.05071	0.48410	0.05933	0.03626	0.07003	0.05807	0.00851	0.06995	0.00876	0.00822
20	0.01260	0.00932	0.01179	0.01348	0.01474	0.00851	0.00923	0.01479	0.02110	0.02772	0.10782	0.49089	0.16023	0.03012	0.01284	0.00396	0.00573	0.02695	0.00967	0.00851
21	0.02440	0.03956	0.32248	0.03388	0.04645	0.02388	0.23737	0.03426	0.02341	0.08337	0.02140	0.02531	0.01518	0.00958	0.01075	0.00333	0.01543	0.00966	0.00545	0.01484
22	0.07427	0.02177	0.02655	0.02001	0.02842	0.02068	0.05148	0.16209	0.06321	0.12792	0.02472	0.02548	0.01814	0.01018	0.00911	0.00254	0.00944	0.00827	0.00839	0.28734
23	0.01449	0.01084	0.01614	0.01632	0.01806	0.01248	0.01257	0.01802	0.01673	0.02400	0.02971	0.08565	0.02889	0.07354	0.55387	0.01555	0.02584	0.01239	0.00581	0.00910
24	0.02733	0.19869	0.32847	0.02445	0.03623	0.06703	0.02809	0.03522	0.02311	0.11089	0.02043	0.02207	0.01489	0.00999	0.00899	0.00293	0.01338	0.00738	0.00565	0.01477
25	0.02340	0.22521	0.10492	0.07519	0.03118	0.02481	0.04599	0.03014	0.05005	0.07420	0.17241	0.03784	0.03826	0.01296	0.00962	0.00293	0.01009	0.01072	0.00728	0.01281
26	0.01938	0.01824	0.03078	0.61468	0.07068	0.02280	0.02850	0.02622	0.02052	0.02622	0.01824	0.02736	0.01368	0.01026	0.01026	0.00342	0.01368	0.00912	0.00456	0.01140
27	0.03190	0.02741	0.15033	0.02304	0.03194	0.02090	0.05696	0.08097	0.14065	0.23264	0.06873	0.03422	0.02741	0.01255	0.01046	0.00327	0.01056	0.01058	0.00957	0.01592
28	0.08726	0.07105	0.03085	0.06154	0.03222	0.02344	0.06594	0.11978	0.06939	0.26002	0.02942	0.02895	0.02029	0.01189	0.01099	0.00321	0.03935	0.00953	0.00937	0.01551
29	0.03779	0.02405	0.08890	0.02340	0.07482	0.06501	0.01868	0.04237	0.02660	0.37301	0.03332	0.03424	0.02329	0.07051	0.01407	0.00376	0.01070	0.01003	0.00986	0.01558
30	0.03964	0.01648	0.02164	0.01719	0.02403	0.01483	0.01399	0.04543	0.06390	0.45229	0.08210	0.03879	0.03158	0.01337	0.01018	0.00313	0.00801	0.01099	0.07640	0.01602
31	0.01916	0.01439	0.02183	0.12081	0.12590	0.01453	0.01705	0.02370	0.02423	0.07491	0.20775	0.19977	0.05582	0.01935	0.01157	0.00347	0.00819	0.01744	0.00873	0.01139
32	0.17281	0.12766	0.02908	0.06031	0.02930	0.02608	0.01669	0.14713	0.07456	0.18160	0.02585	0.02563	0.01840	0.01124	0.00887	0.00303	0.00980	0.00833	0.00871	0.01491
33	0.01479	0.01046	0.01378	0.01378	0.01467	0.01135	0.00944	0.01658	0.01569	0.02181	0.02997	0.05405	0.03162	0.36483	0.31898	0.01314	0.01851	0.01301	0.00587	0.00766
34	0.01397	0.01011	0.01343	0.01507	0.01668	0.00957	0.01140	0.01718	0.02270	0.03025	0.15154	0.35239	0.10430	0.02866	0.01316	0.00411	0.00668	0.16007	0.00982	0.00891
35	0.02724	0.02587	0.11312	0.11604	0.15313	0.02206	0.09368	0.07298	0.05138	0.12775	0.02729	0.07602	0.02183	0.01223	0.01066	0.00332	0.01216	0.01124	0.00722	0.01476
36	0.03258	0.02044	0.06846	0.02310	0.07357	0.01740	0.01828	0.10153	0.02907	0.26985	0.07193	0.09499	0.03520	0.01635	0.01111	0.00345	0.00949	0.07808	0.01027	0.01485
37	0.02087	0.01392	0.01619	0.01473	0.01859	0.01413	0.01133	0.03162	0.16169	0.09093	0.26911	0.05813	0.09202	0.01726	0.01071	0.00317	0.00605	0.01475	0.12279	0.01200
38	0.02540	0.07496	0.03192	0.35046	0.05163	0.09805	0.02437	0.03048	0.02178	0.07773	0.01901	0.02533	0.01465	0.01150	0.01317	0.00335	0.10007	0.00859	0.00539	0.01215
39	0.02177	0.06823	0.02387	0.01539	0.02448	0.01583	0.01259	0.02623	0.02125	0.03270	0.01792	0.02090	0.01504	0.00769	0.00752	0.00157	0.00787	0.00603	0.00595	0.64718

[dist]
# distance from previous block
# <min> <max>
0	3

[block]
# block no. 2 follows, 14 sequences, length 8
# corresponding to MSA columns:
# 432-439
name=unknown_C
#
# <colnr> <probs for GDERKNQSTAVLIFYWHMCP>
#	G	D	E	R	K	N	Q	S	T	A	V	L	I	F	Y	W	H	M	C	P
0	0.40437	0.02263	0.05669	0.01662	0.02437	0.02190	0.01457	0.09590	0.02358	0.11219	0.01964	0.02089	0.01436	0.01002	0.00773	0.00294	0.00889	0.00681	0.00746	0.10845
1	0.01696	0.01078	0.01380	0.01437	0.01686	0.00981	0.01076	0.01998	0.02332	0.09071	0.13499	0.31126	0.16811	0.02669	0.01260	0.00386	0.00643	0.08884	0.01011	0.00975
2	0.02546	0.11169	0.14754	0.06673	0.11085	0.02629	0.07621	0.03956	0.18650	0.06675	0.02667	0.02832	0.02012	0.01091	0.00990	0.00318	0.01179	0.00946	0.00691	0.01515
3	0.01452	0.01049	0.01372	0.01291	0.01533	0.00968	0.00968	0.01937	0.02905	0.04115	0.56992	0.07666	0.09683	0.02098	0.01210	0.00323	0.00484	0.01856	0.01130	0.00968
4	0.11557	0.02515	0.11524	0.13923	0.03668	0.05478	0.05505	0.03107	0.09226	0.03617	0.15668	0.03802	0.03607	0.01310	0.01018	0.00328	0.01077	0.01108	0.00727	0.01236
5	0.02909	0.01472	0.01812	0.01543	0.02017	0.01398	0.01180	0.03569	0.09625	0.25767	0.10844	0.05188	0.07896	0.13741	0.01870	0.00452	0.00790	0.01322	0.05307	0.01299
6	0.52498	0.01970	0.01668	0.01455	0.02029	0.02242	0.01158	0.09742	0.02129	0.04499	0.01817	0.02467	0.01557	0.09626	0.01317	0.00409	0.00867	0.00734	0.00686	0.01130
7	0.02761	0.02009	0.02319	0.01753	0.02592	0.01796	0.01411	0.10362	0.09874	0.11259	0.02529	0.02588	0.01906	0.00979	0.00872	0.00222	0.00833	0.00783	0.00813	0.42338

[dist]
# distance from previous block
# <min> <max>
1	5

[block]
# block no. 3 follows, 14 sequences, length 51
# corresponding to MSA columns:
# 445-495
name=unknown_D
#
# <colnr> <probs for GDERKNQSTAVLIFYWHMCP>
#	G	D	E	R	K	N	Q	S	T	A	V	L	I	F	Y	W	H	M	C	P
0	0.07680	0.03733	0.25495	0.02418	0.03473	0.08336	0.02538	0.12020	0.02848	0.18010	0.02460	0.02492	0.01683	0.01100	0.00971	0.00313	0.01276	0.00833	0.00769	0.01552
1	0.02213	0.01944	0.02100	0.01581	0.02369	0.05485	0.01236	0.02560	0.02100	0.03120	0.01803	0.02213	0.01534	0.01077	0.01114	0.07538	0.00852	0.00642	0.00585	0.57933
2	0.02289	0.02017	0.02472	0.01908	0.02719	0.01847	0.05101	0.03582	0.19844	0.03653	0.02619	0.02736	0.02056	0.00976	0.00886	0.00231	0.00846	0.00833	0.00746	0.42638
3	0.01606	0.01130	0.01644	0.01610	0.01851	0.01034	0.04850	0.01903	0.02242	0.06963	0.13024	0.40984	0.11808	0.02678	0.01258	0.00384	0.00675	0.02425	0.00969	0.00963
4	0.04261	0.01646	0.02200	0.01715	0.02438	0.01438	0.01408	0.04669	0.02837	0.51310	0.03959	0.03535	0.02552	0.01261	0.00992	0.00308	0.00823	0.01022	0.09981	0.01646
5	0.03675	0.02762	0.17111	0.02302	0.03287	0.01871	0.05832	0.04454	0.05743	0.37063	0.03347	0.03119	0.02185	0.01172	0.01031	0.00323	0.01096	0.00982	0.00988	0.01654
6	0.01984	0.01626	0.01828	0.01770	0.02136	0.01786	0.01320	0.03683	0.31303	0.03720	0.11393	0.23850	0.05168	0.02081	0.01153	0.00367	0.00699	0.01826	0.01025	0.01281
7	0.02242	0.29505	0.03601	0.08256	0.06611	0.02710	0.01722	0.02883	0.06683	0.03164	0.18392	0.03806	0.04000	0.01304	0.00919	0.00280	0.00927	0.01054	0.00702	0.01240
8	0.02272	0.02722	0.16947	0.10881	0.03662	0.01779	0.02151	0.02949	0.02189	0.07447	0.02000	0.02334	0.01519	0.00895	0.00877	0.00238	0.01056	0.00725	0.00591	0.36766
9	0.07755	0.28409	0.14545	0.06923	0.03358	0.03151	0.02231	0.08918	0.02397	0.06483	0.01804	0.02079	0.01425	0.01043	0.01004	0.00289	0.05515	0.00715	0.00570	0.01386
10	0.01603	0.01133	0.01525	0.01684	0.01877	0.01124	0.01390	0.01989	0.02259	0.02981	0.10462	0.10264	0.05902	0.14066	0.02100	0.00553	0.00906	0.36391	0.00905	0.00888
11	0.02708	0.16603	0.21361	0.07289	0.04080	0.08930	0.10150	0.10872	0.02654	0.03437	0.01854	0.02201	0.01415	0.00990	0.00950	0.00298	0.01426	0.00807	0.00548	0.01426
12	0.10258	0.01767	0.02307	0.01785	0.02566	0.01576	0.01475	0.04833	0.02836	0.53689	0.03826	0.03338	0.02419	0.01243	0.00998	0.00318	0.00866	0.00992	0.01216	0.01693
13	0.01241	0.00930	0.01152	0.01330	0.01462	0.00842	0.00909	0.01440	0.02060	0.02659	0.06865	0.49652	0.19620	0.03058	0.01285	0.00399	0.00576	0.02726	0.00953	0.00842
14	0.01452	0.01049	0.01372	0.01291	0.01533	0.00968	0.00968	0.01937	0.02905	0.04115	0.56992	0.07666	0.09683	0.02098	0.01210	0.00323	0.00484	0.01856	0.01130	0.00968
15	0.01452	0.01049	0.01372	0.01291	0.01533	0.00968	0.00968	0.01937	0.02905	0.04115	0.56992	0.07666	0.09683	0.02098	0.01210	0.00323	0.00484	0.01856	0.01130	0.00968
16	0.03901	0.02874	0.03080	0.02361	0.03182	0.03182	0.01951	0.54111	0.04825	0.06468	0.02464	0.02464	0.01745	0.01232	0.01027	0.00308	0.01129	0.00924	0.01027	0.01745
17	0.07540	0.02994	0.22730	0.20309	0.08373	0.02087	0.02722	0.02792	0.02248	0.03339	0.12038	0.03344	0.02884	0.01192	0.01009	0.00328	0.01200	0.01003	0.00591	0.01277
18	0.02058	0.05308	0.58618	0.02925	0.04442	0.02383	0.03792	0.03250	0.02167	0.03250	0.01842	0.02167	0.01300	0.00975	0.00975	0.00325	0.01517	0.00758	0.00433	0.01517
19	0.02553	0.02204	0.02320	0.02088	0.02669	0.02553	0.01624	0.05453	0.55679	0.04293	0.04177	0.03829	0.03133	0.01392	0.01044	0.00348	0.00812	0.01160	0.01044	0.01624
20	0.01400	0.01066	0.01299	0.01374	0.01576	0.01013	0.00978	0.01891	0.06619	0.03160	0.19353	0.34398	0.16704	0.02670	0.01245	0.00374	0.00571	0.02366	0.01005	0.00938
21	0.02901	0.02394	0.07371	0.02214	0.03053	0.02071	0.07218	0.14199	0.02895	0.12903	0.05896	0.02858	0.02239	0.01120	0.01106	0.00275	0.04538	0.00918	0.00807	0.23024
22	0.71184	0.01985	0.01508	0.01350	0.01985	0.02302	0.01111	0.03017	0.01746	0.04604	0.01429	0.01667	0.01111	0.00953	0.00635	0.00318	0.00794	0.00556	0.00635	0.01111
23	0.24875	0.01819	0.02116	0.01681	0.02426	0.01750	0.01387	0.04397	0.02575	0.41913	0.03251	0.02937	0.02105	0.01173	0.00911	0.00318	0.00849	0.00887	0.01077	0.01553
24	0.02036	0.04205	0.41088	0.02667	0.03771	0.02334	0.03135	0.03107	0.05228	0.03199	0.05046	0.02710	0.01968	0.01636	0.05413	0.00435	0.09218	0.00885	0.00518	0.01400
25	0.04387	0.01819	0.02570	0.02297	0.08409	0.01606	0.01681	0.04806	0.02874	0.52457	0.03825	0.03392	0.02444	0.01233	0.01030	0.00316	0.00910	0.01020	0.01190	0.01734
26	0.01221	0.01006	0.01074	0.01129	0.01410	0.00859	0.00820	0.01463	0.02253	0.02737	0.09303	0.22188	0.45510	0.02741	0.01235	0.00363	0.00537	0.02339	0.00953	0.00859
27	0.03725	0.04727	0.03151	0.02773	0.03342	0.55401	0.05981	0.04035	0.02871	0.02571	0.01624	0.01921	0.01340	0.01043	0.00947	0.00271	0.01841	0.00703	0.00528	0.01205
28	0.03223	0.12034	0.13647	0.07126	0.10329	0.02412	0.05509	0.07481	0.02636	0.21776	0.02590	0.02680	0.01812	0.01068	0.00974	0.00305	0.01175	0.00889	0.00775	0.01558
29	0.24291	0.02373	0.11794	0.01898	0.02613	0.01980	0.01803	0.03462	0.08965	0.12415	0.02961	0.03975	0.02452	0.01838	0.05257	0.00443	0.01101	0.08278	0.00792	0.01309
30	0.01938	0.01824	0.03078	0.61468	0.07068	0.02280	0.02850	0.02622	0.02052	0.02622	0.01824	0.02736	0.01368	0.01026	0.01026	0.00342	0.01368	0.00912	0.00456	0.01140
31	0.02965	0.01950	0.03028	0.16249	0.13735	0.01986	0.05728	0.07717	0.02679	0.19870	0.06434	0.07650	0.02746	0.01314	0.01072	0.00329	0.01084	0.01178	0.00842	0.01445
32	0.02868	0.03569	0.29597	0.02844	0.09254	0.02122	0.02778	0.07884	0.02596	0.17719	0.02741	0.06845	0.02077	0.01223	0.01022	0.00326	0.01222	0.01011	0.00744	0.01559
33	0.08173	0.01782	0.02686	0.32097	0.08502	0.02062	0.02247	0.02867	0.02125	0.10723	0.02567	0.10416	0.02220	0.01382	0.01200	0.00351	0.05577	0.01153	0.00653	0.01217
34	0.71184	0.01985	0.01508	0.01350	0.01985	0.02302	0.01111	0.03017	0.01746	0.04604	0.01429	0.01667	0.01111	0.00953	0.00635	0.00318	0.00794	0.00556	0.00635	0.01111
35	0.01472	0.00986	0.01125	0.01146	0.01151	0.00981	0.00650	0.01487	0.01532	0.02043	0.03439	0.11517	0.03990	0.58779	0.04891	0.00946	0.00961	0.01613	0.00650	0.00640
36	0.03092	0.10776	0.07264	0.05988	0.12807	0.02217	0.02048	0.07086	0.02575	0.18875	0.02462	0.02581	0.01790	0.01011	0.00918	0.00269	0.01035	0.00824	0.00762	0.15621
37	0.02123	0.02079	0.06267	0.01623	0.02579	0.01442	0.01405	0.02633	0.02131	0.03337	0.01825	0.02131	0.01504	0.00776	0.00776	0.00165	0.00815	0.00619	0.00595	0.65175
38	0.01267	0.00906	0.01205	0.01418	0.01492	0.00844	0.00954	0.01470	0.02041	0.02741	0.09811	0.58765	0.07022	0.03125	0.01302	0.00409	0.00586	0.02831	0.00967	0.00844
39	0.02312	0.06546	0.12881	0.16200	0.04024	0.02244	0.05847	0.06261	0.10634	0.06617	0.12549	0.03671	0.03261	0.01276	0.01043	0.00325	0.01113	0.01102	0.00748	0.01347
40	0.01308	0.00994	0.01205	0.01256	0.01471	0.00891	0.00902	0.01618	0.02410	0.03185	0.24905	0.26877	0.23994	0.02631	0.01244	0.00362	0.00533	0.02309	0.01014	0.00891
41	0.01344	0.01045	0.01221	0.01177	0.01466	0.00922	0.00883	0.01726	0.02648	0.03505	0.35834	0.08669	0.31222	0.02325	0.01211	0.00334	0.00500	0.01997	0.01049	0.00922
42	0.01852	0.01230	0.01506	0.01382	0.01714	0.01185	0.01054	0.02588	0.08834	0.08398	0.39216	0.06751	0.11195	0.01917	0.01139	0.00320	0.00555	0.01662	0.06403	0.01098
43	0.01415	0.01032	0.01331	0.01289	0.01519	0.00947	0.00954	0.01852	0.02768	0.03869	0.48504	0.13673	0.12508	0.02249	0.01221	0.00334	0.00498	0.01988	0.01099	0.00947
44	0.26157	0.22544	0.03052	0.01601	0.02400	0.02705	0.01411	0.06668	0.02181	0.03700	0.01605	0.01836	0.01330	0.00899	0.00703	0.00242	0.00909	0.00594	0.00592	0.18870
45	0.01340	0.00962	0.01271	0.01368	0.01508	0.00893	0.00960	0.01653	0.02380	0.03280	0.28332	0.38706	0.08066	0.02722	0.01266	0.00375	0.00546	0.02448	0.01031	0.00893
46	0.01321	0.01028	0.01200	0.01190	0.01461	0.00907	0.00880	0.01670	0.02546	0.03342	0.30212	0.14541	0.31130	0.02445	0.01222	0.00344	0.00512	0.02110	0.01030	0.00907
47	0.42264	0.01867	0.02019	0.10376	0.07022	0.02122	0.01567	0.02965	0.01910	0.07864	0.01884	0.02322	0.01477	0.01843	0.08297	0.00490	0.01163	0.00738	0.00635	0.01177
48	0.17854	0.11811	0.06848	0.02241	0.08272	0.02342	0.01755	0.09598	0.02592	0.11299	0.08641	0.07217	0.02868	0.01309	0.00921	0.00308	0.00942	0.01035	0.00791	0.01357
49	0.08269	0.07582	0.09365	0.17841	0.08505	0.02598	0.09131	0.09934	0.02510	0.03590	0.05086	0.02703	0.01917	0.01118	0.01156	0.00328	0.05506	0.00931	0.00597	0.01333
50	0.12033	0.02136	0.07202	0.21205	0.04040	0.02096	0.02073	0.03292	0.07838	0.10956	0.06554	0.03066	0.02325	0.01191	0.01100	0.00325	0.04560	0.00942	0.00716	0.06349

[dist]
# distance from previous block
# <min> <max>
0	20

[block]
# block no. 4 follows, 14 sequences, length 9
# corresponding to MSA columns:
# 516-524
name=unknown_E
#
# <colnr> <probs for GDERKNQSTAVLIFYWHMCP>
#	G	D	E	R	K	N	Q	S	T	A	V	L	I	F	Y	W	H	M	C	P
0	0.26417	0.08152	0.06997	0.01828	0.02553	0.02418	0.01619	0.10851	0.09533	0.11225	0.02637	0.07111	0.02126	0.01262	0.00879	0.00319	0.00927	0.00948	0.00816	0.01383
1	0.02540	0.02438	0.04165	0.06299	0.57533	0.02438	0.03149	0.03149	0.02337	0.03353	0.01930	0.02540	0.01626	0.00914	0.01016	0.00305	0.01219	0.00914	0.00508	0.01626
2	0.01283	0.00918	0.01220	0.01407	0.01496	0.00855	0.00955	0.01511	0.02118	0.02863	0.13998	0.54230	0.07258	0.03034	0.01294	0.00401	0.00577	0.02745	0.00981	0.00855
3	0.03901	0.02874	0.03080	0.02361	0.03182	0.03182	0.01951	0.54111	0.04825	0.06468	0.02464	0.02464	0.01745	0.01232	0.01027	0.00308	0.01129	0.00924	0.01027	0.01745
4	0.03901	0.02874	0.03080	0.02361	0.03182	0.03182	0.01951	0.54111	0.04825	0.06468	0.02464	0.02464	0.01745	0.01232	0.01027	0.00308	0.01129	0.00924	0.01027	0.01745
5	0.03068	0.02461	0.02611	0.02193	0.02865	0.02793	0.01749	0.24058	0.36235	0.05124	0.03522	0.03307	0.02602	0.01331	0.01037	0.00333	0.00933	0.01070	0.01037	0.01671
6	0.13943	0.18212	0.08373	0.10604	0.03348	0.02482	0.01920	0.03683	0.02330	0.22212	0.02433	0.02498	0.01715	0.01056	0.00868	0.00297	0.01051	0.00790	0.00760	0.01426
7	0.01250	0.00893	0.01191	0.01429	0.01488	0.00834	0.00953	0.01429	0.01965	0.02620	0.05656	0.63265	0.06787	0.03215	0.01310	0.00417	0.00595	0.02917	0.00953	0.00834
8	0.01938	0.01824	0.03078	0.61468	0.07068	0.02280	0.02850	0.02622	0.02052	0.02622	0.01824	0.02736	0.01368	0.01026	0.01026	0.00342	0.01368	0.00912	0.00456	0.01140

[dist]
# distance from previous block
# <min> <max>
0	107

# created by:
# /st0/software/busco_prod/Augustus/scripts/msa2prfl.pl ./align_prep/11378.fa
