[name]
unknown

[dist]
# distance from previous block
# <min> <max>
0	124

[block]
# block no. 0 follows, 14 sequences, length 9
# corresponding to MSA columns:
# 148-156
name=unknown_A
#
# <colnr> <probs for GDERKNQSTAVLIFYWHMCP>
#	G	D	E	R	K	N	Q	S	T	A	V	L	I	F	Y	W	H	M	C	P
0	0.03160	0.25731	0.03893	0.02263	0.02891	0.15955	0.01940	0.15013	0.02807	0.03385	0.01688	0.01990	0.01423	0.01168	0.01298	0.00292	0.12430	0.00724	0.00597	0.01353
1	0.02099	0.03296	0.25986	0.02113	0.03281	0.01797	0.02304	0.02865	0.02144	0.03304	0.01831	0.02144	0.01427	0.00851	0.00851	0.00225	0.01080	0.00671	0.00534	0.41197
2	0.01895	0.01561	0.01641	0.01706	0.01874	0.08488	0.01220	0.02104	0.02125	0.06655	0.04702	0.46569	0.05379	0.02694	0.01396	0.00393	0.05402	0.02343	0.00884	0.00967
3	0.16532	0.01983	0.02455	0.07617	0.02996	0.02118	0.01702	0.09373	0.02659	0.30193	0.02830	0.02808	0.01922	0.01249	0.01250	0.00335	0.08642	0.00902	0.00943	0.01490
4	0.01309	0.00939	0.01244	0.01389	0.01502	0.00873	0.00957	0.01577	0.02240	0.03057	0.20659	0.47016	0.07634	0.02889	0.01281	0.00389	0.00563	0.02607	0.01004	0.00873
5	0.02938	0.45501	0.09695	0.01996	0.02919	0.03714	0.01984	0.14409	0.02700	0.03389	0.01694	0.01875	0.01410	0.00965	0.00769	0.00249	0.01143	0.00651	0.00569	0.01430
6	0.03337	0.04048	0.03076	0.14131	0.09765	0.42781	0.02272	0.03717	0.02685	0.02623	0.01668	0.02092	0.01363	0.01036	0.00954	0.00283	0.01692	0.00736	0.00513	0.01227
7	0.01492	0.00995	0.01119	0.01119	0.01119	0.00995	0.00622	0.01492	0.01492	0.01990	0.03233	0.06716	0.03731	0.63935	0.05223	0.00995	0.00995	0.01492	0.00622	0.00622
8	0.03311	0.02739	0.03031	0.07358	0.17100	0.14864	0.02127	0.08277	0.02774	0.15628	0.02352	0.02549	0.01740	0.01041	0.00966	0.00280	0.01221	0.00842	0.00740	0.11061

[dist]
# distance from previous block
# <min> <max>
0	1

[block]
# block no. 1 follows, 14 sequences, length 10
# corresponding to MSA columns:
# 158-167
name=unknown_B
#
# <colnr> <probs for GDERKNQSTAVLIFYWHMCP>
#	G	D	E	R	K	N	Q	S	T	A	V	L	I	F	Y	W	H	M	C	P
0	0.01245	0.00913	0.01170	0.01376	0.01475	0.00838	0.00929	0.01435	0.02016	0.02640	0.06301	0.56005	0.13632	0.03131	0.01297	0.00407	0.00585	0.02815	0.00953	0.00838
1	0.03737	0.02793	0.02988	0.02328	0.03120	0.03106	0.01911	0.48200	0.11003	0.06203	0.02672	0.02630	0.01914	0.01251	0.01029	0.00313	0.01091	0.00953	0.01029	0.01731
2	0.02573	0.19265	0.18202	0.10570	0.08617	0.02579	0.02466	0.03228	0.02230	0.09426	0.01995	0.02292	0.01517	0.00958	0.00881	0.00274	0.01185	0.00751	0.00566	0.10426
3	0.02392	0.03500	0.22844	0.02678	0.06626	0.06942	0.06971	0.05815	0.02390	0.03404	0.01873	0.02216	0.01446	0.00905	0.00919	0.00257	0.01253	0.00753	0.00548	0.26269
4	0.01417	0.01037	0.01330	0.01280	0.01517	0.00950	0.00951	0.01860	0.02787	0.03890	0.49224	0.11995	0.13481	0.02224	0.01218	0.00332	0.00495	0.01961	0.01102	0.00950
5	0.02256	0.01922	0.03076	0.04438	0.37493	0.01912	0.02315	0.02820	0.02369	0.03559	0.09445	0.03500	0.02905	0.01133	0.00974	0.00292	0.00956	0.01047	0.16199	0.01389
6	0.04006	0.02362	0.02721	0.02123	0.02905	0.02466	0.01742	0.29436	0.10282	0.25985	0.03277	0.03023	0.02218	0.01266	0.01031	0.00316	0.00993	0.00994	0.01122	0.01731
7	0.02143	0.01492	0.02055	0.15242	0.03222	0.01606	0.01707	0.02979	0.11183	0.10259	0.04288	0.21457	0.04220	0.02085	0.01187	0.00387	0.00913	0.11504	0.00896	0.01177
8	0.01250	0.00893	0.01191	0.01429	0.01488	0.00834	0.00953	0.01429	0.01965	0.02620	0.05656	0.63265	0.06787	0.03215	0.01310	0.00417	0.00595	0.02917	0.00953	0.00834
9	0.02028	0.02734	0.16009	0.40781	0.06252	0.02344	0.09721	0.02851	0.02126	0.02851	0.01861	0.02612	0.01377	0.00993	0.01039	0.00339	0.01449	0.00916	0.00459	0.01257

[dist]
# distance from previous block
# <min> <max>
0	37

[block]
# block no. 2 follows, 14 sequences, length 48
# corresponding to MSA columns:
# 205-252
name=unknown_C
#
# <colnr> <probs for GDERKNQSTAVLIFYWHMCP>
#	G	D	E	R	K	N	Q	S	T	A	V	L	I	F	Y	W	H	M	C	P
0	0.03252	0.02537	0.06937	0.03021	0.14582	0.02386	0.02136	0.17725	0.11929	0.15170	0.02850	0.02860	0.02056	0.01142	0.01003	0.00304	0.01043	0.00945	0.00891	0.07231
1	0.02497	0.02560	0.04860	0.05573	0.38346	0.02496	0.21780	0.03200	0.02368	0.03329	0.01984	0.02624	0.01600	0.00896	0.01088	0.00320	0.01407	0.01023	0.00512	0.01537
2	0.56800	0.02437	0.01890	0.01870	0.05885	0.10660	0.01375	0.03182	0.01955	0.04216	0.01485	0.01752	0.01176	0.00965	0.00703	0.00309	0.00976	0.00595	0.00611	0.01157
3	0.01252	0.01041	0.01095	0.01095	0.01404	0.00909	0.00810	0.01503	0.02226	0.02688	0.09291	0.09187	0.49079	0.07148	0.06257	0.00496	0.00733	0.02034	0.00898	0.00854
4	0.02286	0.17403	0.37973	0.02538	0.03763	0.02768	0.03000	0.03577	0.11003	0.03245	0.02140	0.02331	0.01607	0.01023	0.00919	0.00306	0.01311	0.00780	0.00536	0.01492
5	0.04142	0.02488	0.02841	0.02178	0.02990	0.02609	0.01799	0.37286	0.04178	0.24206	0.03007	0.02816	0.02018	0.01245	0.01028	0.00311	0.01042	0.00961	0.01110	0.01746
6	0.01250	0.00893	0.01191	0.01429	0.01488	0.00834	0.00953	0.01429	0.01965	0.02620	0.05656	0.63265	0.06787	0.03215	0.01310	0.00417	0.00595	0.02917	0.00953	0.00834
7	0.01488	0.01012	0.01207	0.01207	0.01237	0.01043	0.00731	0.01549	0.01518	0.02055	0.03153	0.06271	0.03538	0.54630	0.14265	0.01103	0.01285	0.01427	0.00610	0.00671
8	0.09262	0.13507	0.03153	0.01937	0.02799	0.02326	0.05729	0.10506	0.02603	0.10952	0.02120	0.02277	0.01614	0.00943	0.00841	0.00240	0.00972	0.00743	0.00720	0.26758
9	0.01213	0.01040	0.01040	0.01040	0.01386	0.00866	0.00780	0.01473	0.02339	0.02772	0.10396	0.09876	0.57117	0.02599	0.01213	0.00347	0.00520	0.02166	0.00953	0.00866
10	0.02422	0.02768	0.06055	0.04325	0.05363	0.02595	0.53806	0.03287	0.02422	0.03287	0.02076	0.02768	0.01557	0.00865	0.01211	0.00346	0.01730	0.01211	0.00519	0.01384
11	0.04438	0.01784	0.02377	0.01847	0.02624	0.01593	0.01518	0.05038	0.07211	0.53872	0.04059	0.03520	0.02588	0.01280	0.01033	0.00320	0.00868	0.01042	0.01252	0.01737
12	0.02595	0.02635	0.12024	0.03005	0.03822	0.02187	0.20909	0.06487	0.02538	0.11124	0.03005	0.04593	0.02578	0.01447	0.01337	0.00371	0.05681	0.11567	0.00730	0.01366
13	0.02338	0.01785	0.01862	0.01708	0.02173	0.02016	0.01319	0.04424	0.37689	0.04136	0.03898	0.03828	0.02964	0.01326	0.00934	0.00311	0.00700	0.01092	0.24096	0.01400
14	0.01290	0.00910	0.01179	0.01378	0.01427	0.00860	0.00898	0.01439	0.01887	0.02515	0.05255	0.53909	0.06282	0.13261	0.01957	0.00512	0.00661	0.02682	0.00898	0.00799
15	0.02388	0.12580	0.23712	0.02640	0.03739	0.06573	0.11005	0.03292	0.05445	0.03163	0.01938	0.02260	0.01500	0.00931	0.00926	0.00276	0.01324	0.00790	0.00526	0.14992
16	0.02216	0.01861	0.02319	0.01880	0.02387	0.01946	0.01525	0.02721	0.05463	0.06571	0.03241	0.03515	0.09905	0.01438	0.01697	0.00299	0.20340	0.00995	0.00679	0.29000
17	0.12048	0.01455	0.01784	0.01546	0.02061	0.01354	0.01213	0.03323	0.02547	0.28054	0.12792	0.15705	0.08238	0.01823	0.01073	0.00339	0.00723	0.01538	0.01081	0.01303
18	0.01285	0.00918	0.01231	0.01469	0.01544	0.00864	0.01014	0.01490	0.01999	0.02659	0.05637	0.58761	0.06711	0.03182	0.01319	0.00422	0.00626	0.07075	0.00952	0.00843
19	0.08740	0.18007	0.18320	0.02204	0.03181	0.07358	0.02247	0.10292	0.02676	0.14502	0.02211	0.02281	0.01597	0.01050	0.00886	0.00291	0.01206	0.00761	0.00704	0.01486
20	0.71184	0.01985	0.01508	0.01350	0.01985	0.02302	0.01111	0.03017	0.01746	0.04604	0.01429	0.01667	0.01111	0.00953	0.00635	0.00318	0.00794	0.00556	0.00635	0.01111
21	0.01946	0.01734	0.02800	0.11732	0.22658	0.01767	0.05013	0.02374	0.02111	0.02878	0.06307	0.09610	0.06705	0.15610	0.02034	0.00483	0.01075	0.01376	0.00632	0.01157
22	0.02744	0.64552	0.05378	0.01756	0.02634	0.04061	0.01756	0.03073	0.02085	0.02414	0.01427	0.01646	0.01317	0.00878	0.00658	0.00219	0.01097	0.00549	0.00439	0.01317
23	0.01349	0.00997	0.01261	0.01297	0.01495	0.00908	0.00934	0.01698	0.02509	0.03416	0.32918	0.26165	0.16183	0.02541	0.01243	0.00357	0.00526	0.02251	0.01044	0.00908
24	0.01452	0.01049	0.01372	0.01291	0.01533	0.00968	0.00968	0.01937	0.02905	0.04115	0.56992	0.07666	0.09683	0.02098	0.01210	0.00323	0.00484	0.01856	0.01130	0.00968
25	0.64997	0.01962	0.01589	0.01394	0.02044	0.02228	0.01148	0.03201	0.01857	0.09589	0.01672	0.01837	0.01244	0.00982	0.00672	0.00318	0.00801	0.00600	0.00694	0.01170
26	0.01938	0.01824	0.03078	0.61468	0.07068	0.02280	0.02850	0.02622	0.02052	0.02622	0.01824	0.02736	0.01368	0.01026	0.01026	0.00342	0.01368	0.00912	0.00456	0.01140
27	0.04604	0.01746	0.02382	0.01826	0.02620	0.01508	0.01508	0.05001	0.02937	0.58244	0.04049	0.03493	0.02540	0.01270	0.01032	0.00318	0.00873	0.01032	0.01270	0.01746
28	0.01994	0.01881	0.03179	0.56342	0.11757	0.02295	0.02878	0.02671	0.02078	0.02690	0.01834	0.02718	0.01392	0.01016	0.01025	0.00339	0.01354	0.00912	0.00461	0.01185
29	0.02553	0.02204	0.02320	0.02088	0.02669	0.02553	0.01624	0.05453	0.55679	0.04293	0.04177	0.03829	0.03133	0.01392	0.01044	0.00348	0.00812	0.01160	0.01044	0.01624
30	0.71184	0.01985	0.01508	0.01350	0.01985	0.02302	0.01111	0.03017	0.01746	0.04604	0.01429	0.01667	0.01111	0.00953	0.00635	0.00318	0.00794	0.00556	0.00635	0.01111
31	0.01949	0.01086	0.01321	0.01197	0.01493	0.01074	0.04509	0.02455	0.02171	0.03787	0.03257	0.03750	0.02554	0.01172	0.00753	0.00247	0.00568	0.00975	0.64696	0.00987
32	0.71184	0.01985	0.01508	0.01350	0.01985	0.02302	0.01111	0.03017	0.01746	0.04604	0.01429	0.01667	0.01111	0.00953	0.00635	0.00318	0.00794	0.00556	0.00635	0.01111
33	0.02540	0.02438	0.04165	0.06299	0.57533	0.02438	0.03149	0.03149	0.02337	0.03353	0.01930	0.02540	0.01626	0.00914	0.01016	0.00305	0.01219	0.00914	0.00508	0.01626
34	0.02553	0.02204	0.02320	0.02088	0.02669	0.02553	0.01624	0.05453	0.55679	0.04293	0.04177	0.03829	0.03133	0.01392	0.01044	0.00348	0.00812	0.01160	0.01044	0.01624
35	0.01250	0.00893	0.01191	0.01429	0.01488	0.00834	0.00953	0.01429	0.01965	0.02620	0.05656	0.63265	0.06787	0.03215	0.01310	0.00417	0.00595	0.02917	0.00953	0.00834
36	0.09563	0.01764	0.02316	0.01790	0.02572	0.01567	0.01479	0.04853	0.02849	0.54249	0.03853	0.03357	0.02434	0.01246	0.01002	0.00318	0.00867	0.00997	0.01223	0.01699
37	0.01492	0.00995	0.01119	0.01119	0.01119	0.00995	0.00622	0.01492	0.01492	0.01990	0.03233	0.06716	0.03731	0.63935	0.05223	0.00995	0.00995	0.01492	0.00622	0.00622
38	0.01630	0.01236	0.01525	0.01420	0.01717	0.01224	0.01074	0.02505	0.11434	0.04144	0.48456	0.07046	0.08624	0.01984	0.01184	0.00327	0.00537	0.01743	0.01116	0.01074
39	0.01268	0.00907	0.01207	0.01417	0.01492	0.00845	0.00954	0.01473	0.02047	0.02750	0.10130	0.58420	0.07040	0.03118	0.01301	0.00409	0.00586	0.02825	0.00968	0.00845
40	0.02128	0.01824	0.02128	0.01520	0.02432	0.01368	0.01216	0.02584	0.02128	0.03344	0.01824	0.02128	0.01520	0.00760	0.00760	0.00152	0.00760	0.00608	0.00608	0.70208
41	0.01237	0.01029	0.01080	0.01090	0.01407	0.00873	0.00809	0.01510	0.02361	0.02878	0.14103	0.13659	0.49235	0.02601	0.01220	0.00350	0.00522	0.02195	0.00968	0.00873
42	0.01433	0.01048	0.01345	0.01271	0.01521	0.00960	0.00953	0.01899	0.02859	0.04006	0.53200	0.07846	0.13543	0.02139	0.01211	0.00325	0.00487	0.01881	0.01115	0.00960
43	0.02088	0.05102	0.54359	0.03038	0.04516	0.02400	0.07844	0.03253	0.02187	0.03253	0.01861	0.02215	0.01321	0.00966	0.00994	0.00327	0.01534	0.00795	0.00440	0.01506
44	0.02183	0.02011	0.06609	0.34259	0.05156	0.02045	0.05662	0.03011	0.06566	0.08119	0.06552	0.08142	0.02672	0.01321	0.01073	0.00344	0.01183	0.01184	0.00671	0.01239
45	0.01310	0.01001	0.01215	0.01342	0.01548	0.00907	0.00993	0.01583	0.02227	0.02844	0.10844	0.31841	0.25706	0.02853	0.01283	0.00392	0.00612	0.09663	0.00963	0.00871
46	0.02733	0.02133	0.01906	0.01755	0.02176	0.14663	0.01322	0.06003	0.02624	0.14449	0.04781	0.21092	0.11848	0.01973	0.01094	0.00332	0.00954	0.01648	0.05343	0.01172
47	0.06970	0.02219	0.03506	0.13369	0.19864	0.02281	0.09251	0.07043	0.05995	0.15454	0.02542	0.02836	0.01847	0.01058	0.01028	0.00323	0.01180	0.00975	0.00743	0.01517

[dist]
# distance from previous block
# <min> <max>
1	8

[block]
# block no. 3 follows, 14 sequences, length 110
# corresponding to MSA columns:
# 261-370
name=unknown_D
#
# <colnr> <probs for GDERKNQSTAVLIFYWHMCP>
#	G	D	E	R	K	N	Q	S	T	A	V	L	I	F	Y	W	H	M	C	P
0	0.31707	0.01765	0.01797	0.01511	0.02147	0.01803	0.01222	0.03454	0.05886	0.18408	0.08581	0.03494	0.06314	0.01278	0.00874	0.00309	0.00763	0.00967	0.00899	0.06821
1	0.22848	0.01951	0.02745	0.36290	0.12025	0.02307	0.02365	0.02808	0.01997	0.03312	0.01719	0.02389	0.01324	0.00990	0.00907	0.00330	0.01176	0.00805	0.00517	0.01194
2	0.07489	0.01837	0.02952	0.56649	0.06660	0.02282	0.02711	0.02654	0.02027	0.02781	0.01792	0.02650	0.01347	0.01020	0.00995	0.00340	0.01322	0.00883	0.00470	0.01138
3	0.14317	0.01641	0.02100	0.01737	0.02311	0.01581	0.04770	0.03328	0.06122	0.19443	0.17760	0.08580	0.04446	0.01530	0.01028	0.00319	0.00780	0.01305	0.00991	0.05909
4	0.02375	0.01991	0.03614	0.02755	0.03367	0.01921	0.23469	0.02861	0.02174	0.10155	0.02850	0.09691	0.02623	0.13550	0.02124	0.00471	0.06129	0.01350	0.00683	0.05846
5	0.71184	0.01985	0.01508	0.01350	0.01985	0.02302	0.01111	0.03017	0.01746	0.04604	0.01429	0.01667	0.01111	0.00953	0.00635	0.00318	0.00794	0.00556	0.00635	0.01111
6	0.01938	0.01824	0.03078	0.61468	0.07068	0.02280	0.02850	0.02622	0.02052	0.02622	0.01824	0.02736	0.01368	0.01026	0.01026	0.00342	0.01368	0.00912	0.00456	0.01140
7	0.02698	0.01777	0.02822	0.18967	0.07447	0.01830	0.07194	0.03362	0.05963	0.18873	0.03420	0.15085	0.02941	0.01534	0.01104	0.00348	0.01061	0.01394	0.00839	0.01342
8	0.02128	0.01824	0.02128	0.01520	0.02432	0.01368	0.01216	0.02584	0.02128	0.03344	0.01824	0.02128	0.01520	0.00760	0.00760	0.00152	0.00760	0.00608	0.00608	0.70208
9	0.02324	0.01758	0.02090	0.05813	0.02567	0.01870	0.01526	0.18506	0.06836	0.04439	0.19374	0.09691	0.08550	0.01911	0.01164	0.00349	0.00840	0.08147	0.00998	0.01249
10	0.01653	0.01009	0.01191	0.01145	0.01386	0.00963	0.00859	0.02135	0.02576	0.03989	0.33587	0.05990	0.06606	0.01704	0.00995	0.00286	0.00482	0.01463	0.31017	0.00963
11	0.01859	0.01141	0.01363	0.01249	0.01612	0.01008	0.00958	0.02245	0.02639	0.11555	0.27502	0.07612	0.26189	0.02101	0.01149	0.00325	0.00555	0.01787	0.06109	0.01043
12	0.01423	0.01026	0.01345	0.01311	0.01527	0.00948	0.00966	0.01862	0.02766	0.03895	0.49431	0.15855	0.09256	0.02262	0.01225	0.00337	0.00501	0.02012	0.01104	0.00948
13	0.01291	0.00922	0.01238	0.01476	0.01553	0.00869	0.01024	0.01500	0.02005	0.02665	0.05634	0.58018	0.06698	0.03176	0.01321	0.00422	0.00631	0.07760	0.00952	0.00845
14	0.04066	0.01602	0.02156	0.01722	0.02400	0.01399	0.01394	0.04447	0.02781	0.48605	0.04160	0.09585	0.02978	0.01462	0.01037	0.00322	0.00816	0.01218	0.06254	0.01596
15	0.02128	0.01824	0.02128	0.01520	0.02432	0.01368	0.01216	0.02584	0.02128	0.03344	0.01824	0.02128	0.01520	0.00760	0.00760	0.00152	0.00760	0.00608	0.00608	0.70208
16	0.02553	0.02204	0.02320	0.02088	0.02669	0.02553	0.01624	0.05453	0.55679	0.04293	0.04177	0.03829	0.03133	0.01392	0.01044	0.00348	0.00812	0.01160	0.01044	0.01624
17	0.01938	0.01824	0.03078	0.61468	0.07068	0.02280	0.02850	0.02622	0.02052	0.02622	0.01824	0.02736	0.01368	0.01026	0.01026	0.00342	0.01368	0.00912	0.00456	0.01140
18	0.02058	0.05308	0.58618	0.02925	0.04442	0.02383	0.03792	0.03250	0.02167	0.03250	0.01842	0.02167	0.01300	0.00975	0.00975	0.00325	0.01517	0.00758	0.00433	0.01517
19	0.01250	0.00893	0.01191	0.01429	0.01488	0.00834	0.00953	0.01429	0.01965	0.02620	0.05656	0.63265	0.06787	0.03215	0.01310	0.00417	0.00595	0.02917	0.00953	0.00834
20	0.04604	0.01746	0.02382	0.01826	0.02620	0.01508	0.01508	0.05001	0.02937	0.58244	0.04049	0.03493	0.02540	0.01270	0.01032	0.00318	0.00873	0.01032	0.01270	0.01746
21	0.02540	0.02438	0.04165	0.06299	0.57533	0.02438	0.03149	0.03149	0.02337	0.03353	0.01930	0.02540	0.01626	0.00914	0.01016	0.00305	0.01219	0.00914	0.00508	0.01626
22	0.02422	0.02768	0.06055	0.04325	0.05363	0.02595	0.53806	0.03287	0.02422	0.03287	0.02076	0.02768	0.01557	0.00865	0.01211	0.00346	0.01730	0.01211	0.00519	0.01384
23	0.01452	0.01049	0.01372	0.01291	0.01533	0.00968	0.00968	0.01937	0.02905	0.04115	0.56992	0.07666	0.09683	0.02098	0.01210	0.00323	0.00484	0.01856	0.01130	0.00968
24	0.13078	0.02093	0.03198	0.02541	0.02985	0.02381	0.13791	0.02944	0.01965	0.10240	0.02140	0.03048	0.01839	0.09796	0.02390	0.00461	0.22272	0.01017	0.00625	0.01196
25	0.03578	0.02851	0.19282	0.02158	0.03135	0.01854	0.02190	0.07734	0.02836	0.34425	0.06814	0.03300	0.02589	0.01234	0.01026	0.00319	0.01059	0.00997	0.00992	0.01625
26	0.02355	0.45447	0.04172	0.01616	0.02303	0.03130	0.01519	0.02731	0.02332	0.02926	0.18144	0.03457	0.03834	0.01245	0.00825	0.00251	0.00913	0.00942	0.00647	0.01212
27	0.01488	0.01000	0.01145	0.01137	0.01161	0.00992	0.00657	0.01537	0.01636	0.02206	0.08690	0.06812	0.04335	0.57658	0.04816	0.00927	0.00943	0.01529	0.00673	0.00657
28	0.02950	0.16348	0.22911	0.02611	0.03709	0.02671	0.10091	0.08730	0.02611	0.14371	0.02293	0.02441	0.01634	0.01023	0.00960	0.00303	0.01293	0.00853	0.00674	0.01524
29	0.02495	0.08766	0.02572	0.02049	0.02362	0.17475	0.01605	0.02843	0.06284	0.02461	0.02011	0.02738	0.01809	0.02996	0.13431	0.15155	0.10534	0.00858	0.00536	0.01019
30	0.01414	0.01133	0.01335	0.01300	0.01602	0.01093	0.00988	0.01929	0.05936	0.03114	0.19504	0.07703	0.30591	0.03475	0.13597	0.00616	0.01002	0.01798	0.00916	0.00953
31	0.62450	0.01953	0.01623	0.01412	0.02068	0.02198	0.01163	0.03277	0.01903	0.11641	0.01773	0.01907	0.01299	0.00994	0.00687	0.00318	0.00804	0.00618	0.00718	0.01195
32	0.02579	0.02734	0.04150	0.13261	0.27653	0.10273	0.13422	0.03177	0.02331	0.03049	0.01854	0.02500	0.01511	0.01008	0.01226	0.00324	0.06102	0.00940	0.00501	0.01406
33	0.04453	0.01990	0.02532	0.01941	0.02741	0.01869	0.01604	0.15589	0.03344	0.47081	0.03707	0.03271	0.02369	0.01262	0.01031	0.00315	0.00928	0.01009	0.01218	0.01746
34	0.03086	0.01387	0.01803	0.01518	0.01938	0.01278	0.01122	0.03315	0.02244	0.30860	0.03618	0.04878	0.03040	0.27919	0.06851	0.00693	0.01054	0.01229	0.00949	0.01219
35	0.27337	0.03555	0.02525	0.02453	0.06929	0.31619	0.01765	0.06861	0.02580	0.03564	0.01614	0.01879	0.01299	0.01021	0.00837	0.00289	0.01386	0.00660	0.00596	0.01231
36	0.01310	0.00926	0.01212	0.01418	0.01481	0.00879	0.00955	0.01484	0.01927	0.02565	0.05313	0.52148	0.06314	0.11413	0.01847	0.00499	0.00673	0.05916	0.00907	0.00812
37	0.02785	0.02159	0.02753	0.02926	0.14075	0.02353	0.01943	0.15568	0.18382	0.07832	0.03015	0.03259	0.02342	0.02504	0.12760	0.00587	0.01361	0.01033	0.00845	0.01520
38	0.02963	0.02059	0.02280	0.01935	0.02534	0.02243	0.01535	0.14808	0.27953	0.12463	0.09100	0.03888	0.03386	0.01398	0.01029	0.00324	0.00826	0.01147	0.06580	0.01547
39	0.01357	0.00999	0.01276	0.01345	0.01535	0.00918	0.00981	0.01695	0.02440	0.03299	0.27823	0.28637	0.15353	0.02631	0.01261	0.00371	0.00561	0.05589	0.01026	0.00902
40	0.01978	0.01083	0.01095	0.01071	0.01345	0.01118	0.00809	0.02702	0.07586	0.03873	0.03432	0.03826	0.02681	0.01216	0.00751	0.00250	0.00512	0.00977	0.62669	0.01024
41	0.01383	0.00995	0.01310	0.01338	0.01518	0.00922	0.00963	0.01762	0.02582	0.03602	0.39381	0.26739	0.08690	0.02481	0.01244	0.00355	0.00522	0.02220	0.01069	0.00922
42	0.01466	0.01100	0.01649	0.01649	0.01833	0.01283	0.01283	0.01833	0.01649	0.02382	0.02749	0.04032	0.02566	0.07697	0.59868	0.01649	0.02749	0.01100	0.00550	0.00916
43	0.71184	0.01985	0.01508	0.01350	0.01985	0.02302	0.01111	0.03017	0.01746	0.04604	0.01429	0.01667	0.01111	0.00953	0.00635	0.00318	0.00794	0.00556	0.00635	0.01111
44	0.71184	0.01985	0.01508	0.01350	0.01985	0.02302	0.01111	0.03017	0.01746	0.04604	0.01429	0.01667	0.01111	0.00953	0.00635	0.00318	0.00794	0.00556	0.00635	0.01111
45	0.03285	0.02041	0.02342	0.01995	0.02651	0.02179	0.01583	0.05292	0.36839	0.23565	0.04131	0.03709	0.02921	0.01349	0.01040	0.00337	0.00834	0.01114	0.01125	0.01668
46	0.02185	0.02009	0.02895	0.02068	0.03005	0.01608	0.11494	0.02721	0.02185	0.03333	0.01873	0.02253	0.01527	0.00781	0.00848	0.00190	0.00950	0.00726	0.00591	0.56758
47	0.01494	0.01112	0.01650	0.01685	0.01876	0.01268	0.01338	0.01876	0.01755	0.02484	0.03145	0.05145	0.03059	0.06979	0.51240	0.01476	0.02482	0.08411	0.00608	0.00920
48	0.26132	0.14893	0.08636	0.14293	0.03602	0.02786	0.01999	0.10512	0.02375	0.03891	0.01706	0.02054	0.01319	0.00997	0.00814	0.00302	0.01097	0.00704	0.00596	0.01293
49	0.22982	0.12007	0.14065	0.01794	0.02742	0.02262	0.01796	0.02925	0.02015	0.03564	0.01649	0.01925	0.01321	0.00880	0.00751	0.00248	0.00977	0.00614	0.00555	0.24929
50	0.02422	0.02768	0.06055	0.04325	0.05363	0.02595	0.53806	0.03287	0.02422	0.03287	0.02076	0.02768	0.01557	0.00865	0.01211	0.00346	0.01730	0.01211	0.00519	0.01384
51	0.02086	0.05113	0.54584	0.03032	0.04512	0.02400	0.07630	0.03253	0.02186	0.03253	0.01860	0.02213	0.01320	0.00967	0.00993	0.00327	0.01533	0.00793	0.00440	0.01506
52	0.12616	0.02772	0.03190	0.11316	0.03858	0.15843	0.12718	0.06589	0.05955	0.03436	0.02445	0.03630	0.02112	0.01271	0.01039	0.00337	0.01366	0.07613	0.00653	0.01242
53	0.17417	0.01553	0.01844	0.01625	0.02178	0.01492	0.01315	0.03466	0.02435	0.28220	0.04339	0.13167	0.06966	0.01774	0.01051	0.00354	0.00802	0.07654	0.01029	0.01320
54	0.01250	0.00893	0.01191	0.01429	0.01488	0.00834	0.00953	0.01429	0.01965	0.02620	0.05656	0.63265	0.06787	0.03215	0.01310	0.00417	0.00595	0.02917	0.00953	0.00834
55	0.02329	0.02033	0.03078	0.49685	0.06293	0.02460	0.02671	0.12886	0.02605	0.03389	0.01952	0.02682	0.01443	0.01067	0.01026	0.00335	0.01320	0.00914	0.00570	0.01261
56	0.07190	0.02188	0.03384	0.27584	0.17485	0.02410	0.06168	0.10337	0.02587	0.07788	0.02102	0.02641	0.01568	0.01032	0.01011	0.00325	0.01249	0.00921	0.00628	0.01401
57	0.71184	0.01985	0.01508	0.01350	0.01985	0.02302	0.01111	0.03017	0.01746	0.04604	0.01429	0.01667	0.01111	0.00953	0.00635	0.00318	0.00794	0.00556	0.00635	0.01111
58	0.01616	0.01016	0.01225	0.01172	0.01413	0.00964	0.00879	0.02098	0.02638	0.04013	0.37978	0.06305	0.07183	0.01778	0.01036	0.00293	0.00482	0.01537	0.25410	0.00964
59	0.02744	0.64552	0.05378	0.01756	0.02634	0.04061	0.01756	0.03073	0.02085	0.02414	0.01427	0.01646	0.01317	0.00878	0.00658	0.00219	0.01097	0.00549	0.00439	0.01317
60	0.01383	0.01046	0.01275	0.01218	0.01491	0.00939	0.00914	0.01802	0.02741	0.03726	0.43490	0.08306	0.23428	0.02243	0.01211	0.00330	0.00494	0.01946	0.01078	0.00939
61	0.01435	0.01048	0.01347	0.01273	0.01522	0.00961	0.00954	0.01903	0.02863	0.04017	0.53573	0.07828	0.13163	0.02135	0.01211	0.00325	0.00487	0.01879	0.01117	0.00961
62	0.01334	0.01044	0.01208	0.01167	0.01460	0.00918	0.00875	0.01707	0.02625	0.03452	0.33970	0.08758	0.33119	0.02345	0.01212	0.00335	0.00502	0.02009	0.01042	0.00918
63	0.71184	0.01985	0.01508	0.01350	0.01985	0.02302	0.01111	0.03017	0.01746	0.04604	0.01429	0.01667	0.01111	0.00953	0.00635	0.00318	0.00794	0.00556	0.00635	0.01111
64	0.02553	0.02204	0.02320	0.02088	0.02669	0.02553	0.01624	0.05453	0.55679	0.04293	0.04177	0.03829	0.03133	0.01392	0.01044	0.00348	0.00812	0.01160	0.01044	0.01624
65	0.02128	0.01824	0.02128	0.01520	0.02432	0.01368	0.01216	0.02584	0.02128	0.03344	0.01824	0.02128	0.01520	0.00760	0.00760	0.00152	0.00760	0.00608	0.00608	0.70208
66	0.71184	0.01985	0.01508	0.01350	0.01985	0.02302	0.01111	0.03017	0.01746	0.04604	0.01429	0.01667	0.01111	0.00953	0.00635	0.00318	0.00794	0.00556	0.00635	0.01111
67	0.01938	0.01824	0.03078	0.61468	0.07068	0.02280	0.02850	0.02622	0.02052	0.02622	0.01824	0.02736	0.01368	0.01026	0.01026	0.00342	0.01368	0.00912	0.00456	0.01140
68	0.01439	0.01075	0.01354	0.01359	0.01625	0.00990	0.01070	0.01869	0.02658	0.03580	0.35185	0.09011	0.19944	0.02371	0.01255	0.00360	0.00590	0.12276	0.01049	0.00940
69	0.02540	0.02438	0.04165	0.06299	0.57533	0.02438	0.03149	0.03149	0.02337	0.03353	0.01930	0.02540	0.01626	0.00914	0.01016	0.00305	0.01219	0.00914	0.00508	0.01626
70	0.02744	0.64552	0.05378	0.01756	0.02634	0.04061	0.01756	0.03073	0.02085	0.02414	0.01427	0.01646	0.01317	0.00878	0.00658	0.00219	0.01097	0.00549	0.00439	0.01317
71	0.01946	0.01838	0.02556	0.02314	0.02331	0.02448	0.01856	0.02157	0.01690	0.02515	0.02644	0.20603	0.02984	0.02223	0.02749	0.00439	0.43565	0.01506	0.00601	0.01036
72	0.01314	0.00953	0.01255	0.01474	0.01586	0.00894	0.01055	0.01548	0.02061	0.02707	0.05999	0.50417	0.10676	0.03103	0.01320	0.00420	0.00647	0.10765	0.00951	0.00855
73	0.02207	0.13519	0.45241	0.02672	0.04001	0.02642	0.03279	0.03448	0.07587	0.03236	0.02019	0.02260	0.01488	0.01003	0.00936	0.00312	0.01385	0.00769	0.00496	0.01499
74	0.01938	0.01824	0.03078	0.61468	0.07068	0.02280	0.02850	0.02622	0.02052	0.02622	0.01824	0.02736	0.01368	0.01026	0.01026	0.00342	0.01368	0.00912	0.00456	0.01140
75	0.46740	0.02146	0.02454	0.03112	0.21765	0.02351	0.01837	0.03064	0.01957	0.04159	0.01607	0.01978	0.01294	0.00939	0.00771	0.00313	0.00945	0.00683	0.00590	0.01294
76	0.02779	0.02598	0.02541	0.08216	0.03227	0.10639	0.01825	0.08876	0.38727	0.04047	0.03436	0.03330	0.02587	0.01295	0.01024	0.00332	0.01040	0.01046	0.00910	0.01524
77	0.01250	0.00893	0.01191	0.01429	0.01488	0.00834	0.00953	0.01429	0.01965	0.02620	0.05656	0.63265	0.06787	0.03215	0.01310	0.00417	0.00595	0.02917	0.00953	0.00834
78	0.02756	0.10513	0.03737	0.04210	0.30467	0.02650	0.02491	0.14592	0.02873	0.03900	0.02460	0.03629	0.02192	0.01242	0.01026	0.00317	0.01146	0.07601	0.00676	0.01520
79	0.01411	0.00960	0.01219	0.01385	0.01470	0.00926	0.00956	0.01614	0.01929	0.02639	0.04906	0.39021	0.05660	0.16400	0.02140	0.00538	0.00721	0.08907	0.06384	0.00812
80	0.03262	0.22643	0.07809	0.02297	0.03163	0.06829	0.05461	0.20352	0.06844	0.08483	0.02253	0.02341	0.01697	0.01079	0.00913	0.00284	0.01191	0.00820	0.00752	0.01525
81	0.03159	0.11716	0.03910	0.03843	0.21983	0.19175	0.05680	0.12027	0.02891	0.03506	0.01863	0.02223	0.01513	0.01001	0.00956	0.00285	0.01400	0.00813	0.00593	0.01464
82	0.01239	0.00937	0.01145	0.01312	0.01458	0.00843	0.00901	0.01442	0.02077	0.02666	0.07082	0.47203	0.21929	0.03030	0.01281	0.00396	0.00573	0.02691	0.00953	0.00843
83	0.02297	0.01888	0.03090	0.33570	0.19914	0.02103	0.02607	0.02910	0.02229	0.07390	0.02373	0.03409	0.01920	0.01148	0.01030	0.00332	0.01202	0.04279	0.05013	0.01298
84	0.01488	0.01013	0.01209	0.01209	0.01240	0.01044	0.00733	0.01550	0.01519	0.02056	0.03152	0.06262	0.03534	0.54435	0.14454	0.01105	0.01291	0.01426	0.00610	0.00672
85	0.01938	0.01824	0.03078	0.61468	0.07068	0.02280	0.02850	0.02622	0.02052	0.02622	0.01824	0.02736	0.01368	0.01026	0.01026	0.00342	0.01368	0.00912	0.00456	0.01140
86	0.01452	0.01049	0.01372	0.01291	0.01533	0.00968	0.00968	0.01937	0.02905	0.04115	0.56992	0.07666	0.09683	0.02098	0.01210	0.00323	0.00484	0.01856	0.01130	0.00968
87	0.01250	0.00893	0.01191	0.01429	0.01488	0.00834	0.00953	0.01429	0.01965	0.02620	0.05656	0.63265	0.06787	0.03215	0.01310	0.00417	0.00595	0.02917	0.00953	0.00834
88	0.02744	0.64552	0.05378	0.01756	0.02634	0.04061	0.01756	0.03073	0.02085	0.02414	0.01427	0.01646	0.01317	0.00878	0.00658	0.00219	0.01097	0.00549	0.00439	0.01317
89	0.02058	0.05308	0.58618	0.02925	0.04442	0.02383	0.03792	0.03250	0.02167	0.03250	0.01842	0.02167	0.01300	0.00975	0.00975	0.00325	0.01517	0.00758	0.00433	0.01517
90	0.02733	0.01266	0.01589	0.01367	0.01804	0.01157	0.01075	0.03184	0.02658	0.23291	0.19737	0.04863	0.04720	0.01494	0.00978	0.00292	0.00621	0.01254	0.24679	0.01241
91	0.02744	0.64552	0.05378	0.01756	0.02634	0.04061	0.01756	0.03073	0.02085	0.02414	0.01427	0.01646	0.01317	0.00878	0.00658	0.00219	0.01097	0.00549	0.00439	0.01317
92	0.02119	0.04448	0.42502	0.09147	0.04892	0.02415	0.13666	0.03194	0.02206	0.03194	0.01887	0.02344	0.01358	0.00958	0.01027	0.00331	0.01544	0.00864	0.00453	0.01452
93	0.01654	0.01181	0.01654	0.01890	0.02126	0.01181	0.01654	0.02126	0.02362	0.03071	0.05433	0.11576	0.05906	0.02835	0.01417	0.00472	0.00945	0.50626	0.00945	0.00945
94	0.01291	0.00922	0.01238	0.01476	0.01553	0.00869	0.01024	0.01500	0.02005	0.02665	0.05634	0.58018	0.06698	0.03176	0.01321	0.00422	0.00631	0.07760	0.00952	0.00845
95	0.04065	0.03945	0.02750	0.02398	0.03006	0.42273	0.01840	0.04370	0.02917	0.19279	0.02327	0.02345	0.01688	0.01121	0.00957	0.00280	0.01557	0.00773	0.00752	0.01357
96	0.01654	0.01181	0.01654	0.01890	0.02126	0.01181	0.01654	0.02126	0.02362	0.03071	0.05433	0.11576	0.05906	0.02835	0.01417	0.00472	0.00945	0.50626	0.00945	0.00945
97	0.71184	0.01985	0.01508	0.01350	0.01985	0.02302	0.01111	0.03017	0.01746	0.04604	0.01429	0.01667	0.01111	0.00953	0.00635	0.00318	0.00794	0.00556	0.00635	0.01111
98	0.01492	0.00995	0.01119	0.01119	0.01119	0.00995	0.00622	0.01492	0.01492	0.01990	0.03233	0.06716	0.03731	0.63935	0.05223	0.00995	0.00995	0.01492	0.00622	0.00622
99	0.01380	0.01046	0.01272	0.01215	0.01489	0.00938	0.00912	0.01797	0.02735	0.03711	0.42973	0.08331	0.23954	0.02249	0.01211	0.00330	0.00495	0.01949	0.01077	0.00938
100	0.02346	0.30197	0.36251	0.02434	0.03682	0.03088	0.02936	0.03176	0.02132	0.02899	0.01667	0.01948	0.01307	0.00934	0.00842	0.00281	0.01341	0.00670	0.00436	0.01433
101	0.02744	0.64552	0.05378	0.01756	0.02634	0.04061	0.01756	0.03073	0.02085	0.02414	0.01427	0.01646	0.01317	0.00878	0.00658	0.00219	0.01097	0.00549	0.00439	0.01317
102	0.01417	0.01048	0.01323	0.01254	0.01511	0.00953	0.00941	0.01868	0.02822	0.03917	0.50129	0.07991	0.16669	0.02172	0.01211	0.00326	0.00489	0.01902	0.01104	0.00953
103	0.02058	0.05308	0.58618	0.02925	0.04442	0.02383	0.03792	0.03250	0.02167	0.03250	0.01842	0.02167	0.01300	0.00975	0.00975	0.00325	0.01517	0.00758	0.00433	0.01517
104	0.02209	0.01952	0.02610	0.07790	0.17194	0.02110	0.01995	0.03694	0.24288	0.03553	0.04223	0.08553	0.08530	0.01591	0.01099	0.00350	0.00930	0.05091	0.00833	0.01404
105	0.01213	0.01040	0.01040	0.01040	0.01386	0.00866	0.00780	0.01473	0.02339	0.02772	0.10396	0.09876	0.57117	0.02599	0.01213	0.00347	0.00520	0.02166	0.00953	0.00866
106	0.01250	0.00893	0.01191	0.01429	0.01488	0.00834	0.00953	0.01429	0.01965	0.02620	0.05656	0.63265	0.06787	0.03215	0.01310	0.00417	0.00595	0.02917	0.00953	0.00834
107	0.03174	0.03641	0.03549	0.04507	0.30878	0.30572	0.02577	0.03614	0.02617	0.02940	0.01762	0.02202	0.01477	0.00985	0.00972	0.00285	0.01529	0.00790	0.00518	0.01412
108	0.03410	0.02074	0.02752	0.02204	0.02822	0.02199	0.05195	0.11021	0.12536	0.25527	0.07210	0.03488	0.02822	0.01398	0.01403	0.00343	0.09938	0.01093	0.01014	0.01551
109	0.47328	0.02135	0.01965	0.01631	0.02328	0.02369	0.01345	0.13978	0.02565	0.12894	0.02031	0.02102	0.01454	0.01058	0.00775	0.00316	0.00876	0.00703	0.00810	0.01337

[dist]
# distance from previous block
# <min> <max>
0	12

[block]
# block no. 4 follows, 14 sequences, length 39
# corresponding to MSA columns:
# 383-421
name=unknown_E
#
# <colnr> <probs for GDERKNQSTAVLIFYWHMCP>
#	G	D	E	R	K	N	Q	S	T	A	V	L	I	F	Y	W	H	M	C	P
0	0.15781	0.11620	0.21129	0.02056	0.03025	0.02333	0.02182	0.03577	0.06095	0.14600	0.02890	0.02901	0.05359	0.01155	0.00899	0.00311	0.01074	0.00869	0.00721	0.01423
1	0.02855	0.18987	0.04385	0.03771	0.21163	0.07454	0.09411	0.09960	0.06102	0.03496	0.02006	0.02357	0.01625	0.00981	0.00945	0.00288	0.01269	0.00857	0.00595	0.01493
2	0.01299	0.00999	0.01188	0.01234	0.01463	0.00888	0.00890	0.01605	0.02404	0.03146	0.23543	0.25108	0.27284	0.02626	0.01241	0.00360	0.00531	0.02293	0.01008	0.00888
3	0.02422	0.02768	0.06055	0.04325	0.05363	0.02595	0.53806	0.03287	0.02422	0.03287	0.02076	0.02768	0.01557	0.00865	0.01211	0.00346	0.01730	0.01211	0.00519	0.01384
4	0.02553	0.02204	0.02320	0.02088	0.02669	0.02553	0.01624	0.05453	0.55679	0.04293	0.04177	0.03829	0.03133	0.01392	0.01044	0.00348	0.00812	0.01160	0.01044	0.01624
5	0.01301	0.00930	0.01245	0.01459	0.01548	0.00874	0.01015	0.01530	0.02073	0.02776	0.09632	0.54408	0.06935	0.03095	0.01312	0.00414	0.00617	0.07015	0.00966	0.00854
6	0.01250	0.00893	0.01191	0.01429	0.01488	0.00834	0.00953	0.01429	0.01965	0.02620	0.05656	0.63265	0.06787	0.03215	0.01310	0.00417	0.00595	0.02917	0.00953	0.00834
7	0.01492	0.00995	0.01119	0.01119	0.01119	0.00995	0.00622	0.01492	0.01492	0.01990	0.03233	0.06716	0.03731	0.63935	0.05223	0.00995	0.00995	0.01492	0.00622	0.00622
8	0.03901	0.02874	0.03080	0.02361	0.03182	0.03182	0.01951	0.54111	0.04825	0.06468	0.02464	0.02464	0.01745	0.01232	0.01027	0.00308	0.01129	0.00924	0.01027	0.01745
9	0.04604	0.01746	0.02382	0.01826	0.02620	0.01508	0.01508	0.05001	0.02937	0.58244	0.04049	0.03493	0.02540	0.01270	0.01032	0.00318	0.00873	0.01032	0.01270	0.01746
10	0.02553	0.02204	0.02320	0.02088	0.02669	0.02553	0.01624	0.05453	0.55679	0.04293	0.04177	0.03829	0.03133	0.01392	0.01044	0.00348	0.00812	0.01160	0.01044	0.01624
11	0.01330	0.00950	0.01282	0.01520	0.01615	0.00902	0.01091	0.01567	0.02043	0.02709	0.05612	0.53038	0.06613	0.03140	0.01331	0.00428	0.00665	0.12356	0.00951	0.00856
12	0.02128	0.01824	0.02128	0.01520	0.02432	0.01368	0.01216	0.02584	0.02128	0.03344	0.01824	0.02128	0.01520	0.00760	0.00760	0.00152	0.00760	0.00608	0.00608	0.70208
13	0.02775	0.02286	0.03333	0.03994	0.27857	0.02325	0.02351	0.09615	0.02569	0.08447	0.02090	0.02494	0.01665	0.01065	0.01262	0.00294	0.08701	0.00862	0.00654	0.15360
14	0.01783	0.00891	0.01337	0.01337	0.01337	0.00891	0.00891	0.01337	0.01337	0.01783	0.01783	0.03119	0.01783	0.03565	0.04011	0.70143	0.00891	0.00891	0.00446	0.00446
15	0.01426	0.01048	0.01335	0.01263	0.01517	0.00957	0.00948	0.01885	0.02843	0.03967	0.51856	0.07909	0.14911	0.02153	0.01211	0.00325	0.00488	0.01890	0.01110	0.00957
16	0.02817	0.02385	0.04172	0.05392	0.42549	0.02328	0.09887	0.03432	0.02434	0.11145	0.02251	0.02707	0.01746	0.00958	0.01045	0.00312	0.01240	0.00972	0.00618	0.01609
17	0.16849	0.47188	0.04628	0.01857	0.02696	0.03592	0.05370	0.03077	0.02039	0.02929	0.01474	0.01731	0.01292	0.00892	0.00693	0.00249	0.01080	0.00598	0.00485	0.01279
18	0.01225	0.00993	0.01087	0.01163	0.01419	0.00856	0.00834	0.01459	0.02221	0.02724	0.08895	0.26783	0.41179	0.02794	0.01244	0.00369	0.00544	0.02404	0.00953	0.00856
19	0.03020	0.02144	0.02332	0.01985	0.02604	0.02370	0.01576	0.14949	0.32647	0.11634	0.03721	0.03508	0.02719	0.01322	0.01003	0.00324	0.00848	0.01073	0.08630	0.01591
20	0.02535	0.02403	0.04066	0.17201	0.25804	0.02526	0.13300	0.08846	0.06406	0.03591	0.02158	0.02714	0.01677	0.00998	0.01062	0.00325	0.01318	0.00994	0.00595	0.01483
21	0.01938	0.01824	0.03078	0.61468	0.07068	0.02280	0.02850	0.02622	0.02052	0.02622	0.01824	0.02736	0.01368	0.01026	0.01026	0.00342	0.01368	0.00912	0.00456	0.01140
22	0.01492	0.00995	0.01119	0.01119	0.01119	0.00995	0.00622	0.01492	0.01492	0.01990	0.03233	0.06716	0.03731	0.63935	0.05223	0.00995	0.00995	0.01492	0.00622	0.00622
23	0.01250	0.00893	0.01191	0.01429	0.01488	0.00834	0.00953	0.01429	0.01965	0.02620	0.05656	0.63265	0.06787	0.03215	0.01310	0.00417	0.00595	0.02917	0.00953	0.00834
24	0.02263	0.02193	0.03875	0.21875	0.31514	0.02298	0.09514	0.02918	0.02308	0.03189	0.06204	0.03026	0.02168	0.01033	0.01060	0.00323	0.01273	0.01026	0.00543	0.01400
25	0.02238	0.01988	0.02672	0.02796	0.17141	0.01654	0.01732	0.02735	0.02184	0.03346	0.01852	0.02238	0.01548	0.00801	0.00828	0.00193	0.00883	0.00690	0.00581	0.51900
26	0.36982	0.21544	0.02961	0.01731	0.02419	0.14313	0.01481	0.03249	0.02081	0.03522	0.01460	0.01697	0.01216	0.00951	0.00700	0.00277	0.01097	0.00575	0.00554	0.01189
27	0.01942	0.01782	0.02490	0.02217	0.02266	0.02376	0.01784	0.02177	0.01582	0.02386	0.01959	0.03283	0.01972	0.11155	0.18731	0.00839	0.38529	0.01026	0.00498	0.01005
28	0.02929	0.02147	0.03112	0.07781	0.24970	0.02215	0.02276	0.06991	0.13456	0.14755	0.06377	0.03331	0.02623	0.01186	0.01039	0.00320	0.01025	0.01049	0.00838	0.01581
29	0.02016	0.01619	0.01766	0.01680	0.01996	0.01794	0.01203	0.03579	0.30245	0.03306	0.04106	0.13900	0.03885	0.21478	0.02408	0.00563	0.00837	0.01536	0.00896	0.01185
30	0.01403	0.01035	0.01317	0.01314	0.01546	0.00949	0.00986	0.01812	0.02655	0.03640	0.39532	0.15911	0.15994	0.02376	0.01239	0.00349	0.00536	0.05405	0.01067	0.00933
31	0.02744	0.64552	0.05378	0.01756	0.02634	0.04061	0.01756	0.03073	0.02085	0.02414	0.01427	0.01646	0.01317	0.00878	0.00658	0.00219	0.01097	0.00549	0.00439	0.01317
32	0.01250	0.00893	0.01191	0.01429	0.01488	0.00834	0.00953	0.01429	0.01965	0.02620	0.05656	0.63265	0.06787	0.03215	0.01310	0.00417	0.00595	0.02917	0.00953	0.00834
33	0.01426	0.01048	0.01335	0.01263	0.01517	0.00957	0.00948	0.01885	0.02843	0.03967	0.51856	0.07909	0.14911	0.02153	0.01211	0.00325	0.00488	0.01890	0.01110	0.00957
34	0.71184	0.01985	0.01508	0.01350	0.01985	0.02302	0.01111	0.03017	0.01746	0.04604	0.01429	0.01667	0.01111	0.00953	0.00635	0.00318	0.00794	0.00556	0.00635	0.01111
35	0.02937	0.44078	0.04496	0.01939	0.02745	0.07595	0.01778	0.09862	0.09904	0.03189	0.01948	0.02065	0.01622	0.01006	0.00776	0.00251	0.01114	0.00688	0.00603	0.01404
36	0.02569	0.31057	0.23594	0.02531	0.03644	0.03224	0.08952	0.07633	0.02395	0.03166	0.01741	0.02037	0.01379	0.00941	0.00868	0.00279	0.01323	0.00736	0.00498	0.01432
37	0.02337	0.02201	0.03708	0.13339	0.44416	0.02254	0.02868	0.02943	0.02360	0.03336	0.07985	0.03132	0.02478	0.01060	0.01039	0.00312	0.01159	0.01018	0.00569	0.01486
38	0.02111	0.02105	0.03200	0.02707	0.03252	0.08086	0.18933	0.02672	0.02440	0.03055	0.04329	0.07430	0.08444	0.01964	0.01277	0.00397	0.01268	0.24461	0.00758	0.01111

[dist]
# distance from previous block
# <min> <max>
1	24

[block]
# block no. 5 follows, 14 sequences, length 30
# corresponding to MSA columns:
# 446-475
name=unknown_F
#
# <colnr> <probs for GDERKNQSTAVLIFYWHMCP>
#	G	D	E	R	K	N	Q	S	T	A	V	L	I	F	Y	W	H	M	C	P
0	0.04542	0.01846	0.02443	0.01873	0.02669	0.01656	0.01547	0.09324	0.03103	0.53686	0.03909	0.03402	0.02470	0.01267	0.01032	0.00317	0.00896	0.01022	0.01249	0.01746
1	0.04155	0.02468	0.02828	0.02168	0.02979	0.02579	0.01791	0.36398	0.04144	0.25142	0.03035	0.02835	0.02032	0.01246	0.01029	0.00311	0.01037	0.00963	0.01114	0.01746
2	0.22698	0.01898	0.01919	0.01709	0.02263	0.02114	0.01348	0.04079	0.26198	0.08766	0.12681	0.03843	0.03646	0.01378	0.00952	0.00332	0.00754	0.01095	0.00958	0.01368
3	0.03447	0.02384	0.02893	0.02305	0.03050	0.02551	0.05857	0.22044	0.22573	0.16480	0.03389	0.03200	0.02400	0.01269	0.01049	0.00327	0.01008	0.01055	0.01045	0.01673
4	0.01452	0.01049	0.01372	0.01291	0.01533	0.00968	0.00968	0.01937	0.02905	0.04115	0.56992	0.07666	0.09683	0.02098	0.01210	0.00323	0.00484	0.01856	0.01130	0.00968
5	0.02300	0.02305	0.04197	0.24322	0.20380	0.02439	0.17811	0.03197	0.06627	0.03159	0.02120	0.02780	0.01640	0.00977	0.01079	0.00333	0.01387	0.01021	0.00537	0.01388
6	0.02245	0.02245	0.03143	0.02694	0.02694	0.03143	0.02245	0.02470	0.01572	0.02470	0.01347	0.02245	0.01347	0.01796	0.03368	0.00449	0.62057	0.00898	0.00449	0.01123
7	0.01400	0.01000	0.01363	0.01600	0.01725	0.00963	0.01213	0.01688	0.02112	0.02787	0.05573	0.44081	0.06460	0.03074	0.01350	0.00437	0.00725	0.20624	0.00950	0.00875
8	0.01411	0.01009	0.01371	0.01585	0.01722	0.00969	0.01207	0.01718	0.02179	0.02894	0.09419	0.40460	0.06686	0.02994	0.01341	0.00430	0.00713	0.20045	0.00963	0.00884
9	0.01247	0.00905	0.01178	0.01397	0.01480	0.00836	0.00938	0.01433	0.01996	0.02632	0.06049	0.58841	0.10958	0.03164	0.01302	0.00411	0.00589	0.02855	0.00953	0.00836
10	0.02409	0.02329	0.02256	0.01705	0.02554	0.10991	0.01342	0.02833	0.02256	0.03207	0.01785	0.02082	0.01487	0.00809	0.00787	0.00171	0.00940	0.00617	0.00595	0.58844
11	0.02172	0.01032	0.01093	0.01040	0.01332	0.01010	0.00793	0.02642	0.02228	0.09057	0.03415	0.03794	0.02622	0.01203	0.00748	0.00247	0.00516	0.00964	0.63060	0.01032
12	0.02604	0.02553	0.04226	0.03248	0.03783	0.02944	0.21565	0.11893	0.02465	0.03483	0.01818	0.02480	0.01496	0.01347	0.02144	0.00385	0.28637	0.01020	0.00577	0.01331
13	0.01701	0.00937	0.01373	0.01373	0.01405	0.00969	0.00937	0.01438	0.01406	0.01907	0.02081	0.03597	0.02092	0.09609	0.13977	0.51965	0.01228	0.00981	0.00480	0.00544
14	0.03341	0.02616	0.03075	0.02342	0.03174	0.02755	0.05908	0.36302	0.09047	0.05454	0.02485	0.02560	0.01824	0.01135	0.00996	0.00287	0.01081	0.00914	0.00914	0.13790
15	0.02376	0.11521	0.18795	0.03645	0.04779	0.02736	0.34747	0.03250	0.02315	0.03163	0.01933	0.02474	0.01463	0.00894	0.01081	0.00324	0.01595	0.01013	0.00488	0.01408
16	0.01938	0.01824	0.03078	0.61468	0.07068	0.02280	0.02850	0.02622	0.02052	0.02622	0.01824	0.02736	0.01368	0.01026	0.01026	0.00342	0.01368	0.00912	0.00456	0.01140
17	0.03291	0.01946	0.02213	0.01813	0.02451	0.05232	0.01445	0.07271	0.11661	0.26410	0.14797	0.04143	0.03930	0.01405	0.01041	0.00305	0.00847	0.01160	0.01084	0.07555
18	0.14853	0.15947	0.11293	0.02129	0.02958	0.02639	0.05201	0.07582	0.09677	0.08981	0.02590	0.03211	0.02096	0.01213	0.00920	0.00316	0.01074	0.05190	0.00731	0.01398
19	0.01274	0.00933	0.01197	0.01361	0.01482	0.00856	0.00933	0.01505	0.02142	0.02847	0.13383	0.48884	0.13461	0.02983	0.01284	0.00395	0.00570	0.02676	0.00977	0.00856
