[name]
unknown

[dist]
# distance from previous block
# <min> <max>
0	20

[block]
# block no. 0 follows, 15 sequences, length 62
# corresponding to MSA columns:
# 20-81
name=unknown_A
#
# <colnr> <probs for GDERKNQSTAVLIFYWHMCP>
#	G	D	E	R	K	N	Q	S	T	A	V	L	I	F	Y	W	H	M	C	P
0	0.01606	0.01147	0.01606	0.01836	0.02065	0.01147	0.01606	0.02065	0.02295	0.02983	0.05278	0.11245	0.05737	0.02754	0.01377	0.00459	0.00918	0.52037	0.00918	0.00918
1	0.03041	0.43983	0.04373	0.02012	0.02744	0.24180	0.01784	0.03338	0.02309	0.02379	0.01441	0.01670	0.01281	0.00915	0.00732	0.00229	0.01326	0.00572	0.00457	0.01235
2	0.01890	0.01293	0.01861	0.17538	0.03032	0.01329	0.01476	0.02368	0.02515	0.10347	0.30099	0.09206	0.09570	0.01760	0.01113	0.00325	0.00753	0.01542	0.00919	0.01064
3	0.02531	0.30004	0.31126	0.02258	0.03400	0.02908	0.02630	0.03260	0.02149	0.08599	0.01841	0.02026	0.01393	0.00937	0.00825	0.00272	0.01239	0.00679	0.00507	0.01415
4	0.02136	0.02030	0.03448	0.38118	0.29338	0.02281	0.02895	0.02769	0.02113	0.02855	0.01817	0.02575	0.01437	0.00950	0.00992	0.00317	0.01266	0.00887	0.00465	0.01312
5	0.01215	0.00868	0.01157	0.01388	0.01446	0.00810	0.00925	0.01388	0.01909	0.02545	0.05495	0.64315	0.06593	0.03123	0.01272	0.00405	0.00578	0.02834	0.00925	0.00810
6	0.02415	0.02274	0.04410	0.03671	0.10276	0.02181	0.31984	0.05781	0.02485	0.06787	0.02822	0.04484	0.02473	0.01289	0.01177	0.00354	0.01383	0.11770	0.00660	0.01322
7	0.02346	0.02245	0.03828	0.17808	0.48004	0.02337	0.02999	0.02953	0.02213	0.03110	0.01854	0.02507	0.01527	0.00911	0.00989	0.00304	0.01214	0.00888	0.00483	0.01481
8	0.01457	0.01040	0.01434	0.01665	0.01828	0.01018	0.01346	0.01806	0.02147	0.02816	0.05361	0.31549	0.06065	0.02895	0.01337	0.00438	0.00788	0.33212	0.00921	0.00877
9	0.04158	0.01627	0.02213	0.01720	0.02436	0.01411	0.01411	0.04552	0.02850	0.53742	0.09509	0.03809	0.03180	0.01316	0.01020	0.00309	0.00809	0.01085	0.01220	0.01619
10	0.53674	0.02160	0.01875	0.01575	0.02241	0.02466	0.01299	0.17037	0.02500	0.04959	0.01658	0.01827	0.01245	0.00998	0.00719	0.00306	0.00859	0.00636	0.00719	0.01245
11	0.03801	0.08376	0.02620	0.01800	0.02521	0.01954	0.01506	0.13515	0.03098	0.37343	0.09812	0.03506	0.03026	0.01283	0.00985	0.00298	0.00871	0.01030	0.01092	0.01564
12	0.01411	0.01019	0.01333	0.01254	0.01489	0.00941	0.00941	0.01881	0.02822	0.03998	0.58221	0.07447	0.09406	0.02038	0.01176	0.00314	0.00470	0.01803	0.01097	0.00941
13	0.01883	0.01772	0.02990	0.62569	0.06866	0.02215	0.02769	0.02547	0.01993	0.02547	0.01772	0.02658	0.01329	0.00997	0.00997	0.00332	0.01329	0.00886	0.00443	0.01107
14	0.02356	0.02007	0.02154	0.01966	0.02487	0.02297	0.01538	0.04874	0.50035	0.04086	0.07695	0.04426	0.03627	0.01484	0.01047	0.00344	0.00776	0.04293	0.01014	0.01496
15	0.72007	0.01928	0.01465	0.01311	0.01928	0.02236	0.01080	0.02930	0.01697	0.04473	0.01388	0.01619	0.01080	0.00925	0.00617	0.00308	0.00771	0.00540	0.00617	0.01080
16	0.72007	0.01928	0.01465	0.01311	0.01928	0.02236	0.01080	0.02930	0.01697	0.04473	0.01388	0.01619	0.01080	0.00925	0.00617	0.00308	0.00771	0.00540	0.00617	0.01080
17	0.02467	0.02369	0.04046	0.06119	0.58747	0.02369	0.03059	0.03059	0.02270	0.03257	0.01875	0.02467	0.01579	0.00888	0.00987	0.00296	0.01184	0.00888	0.00493	0.01579
18	0.72007	0.01928	0.01465	0.01311	0.01928	0.02236	0.01080	0.02930	0.01697	0.04473	0.01388	0.01619	0.01080	0.00925	0.00617	0.00308	0.00771	0.00540	0.00617	0.01080
19	0.03103	0.02451	0.02605	0.02155	0.02830	0.02771	0.01729	0.29149	0.32079	0.05175	0.03266	0.03088	0.02402	0.01278	0.01006	0.00320	0.00936	0.01018	0.01006	0.01634
20	0.01497	0.01076	0.01454	0.01511	0.01744	0.01032	0.01235	0.01963	0.02589	0.03549	0.34814	0.09126	0.07784	0.02355	0.01265	0.00378	0.00668	0.24012	0.01018	0.00931
21	0.01883	0.01772	0.02990	0.62569	0.06866	0.02215	0.02769	0.02547	0.01993	0.02547	0.01772	0.02658	0.01329	0.00997	0.00997	0.00332	0.01329	0.00886	0.00443	0.01107
22	0.01883	0.01772	0.02990	0.62569	0.06866	0.02215	0.02769	0.02547	0.01993	0.02547	0.01772	0.02658	0.01329	0.00997	0.00997	0.00332	0.01329	0.00886	0.00443	0.01107
23	0.02467	0.02369	0.04046	0.06119	0.58747	0.02369	0.03059	0.03059	0.02270	0.03257	0.01875	0.02467	0.01579	0.00888	0.00987	0.00296	0.01184	0.00888	0.00493	0.01579
24	0.02467	0.02369	0.04046	0.06119	0.58747	0.02369	0.03059	0.03059	0.02270	0.03257	0.01875	0.02467	0.01579	0.00888	0.00987	0.00296	0.01184	0.00888	0.00493	0.01579
25	0.02467	0.02369	0.04046	0.06119	0.58747	0.02369	0.03059	0.03059	0.02270	0.03257	0.01875	0.02467	0.01579	0.00888	0.00987	0.00296	0.01184	0.00888	0.00493	0.01579
26	0.04107	0.01616	0.02196	0.01712	0.02419	0.01402	0.01402	0.04502	0.02850	0.52810	0.10422	0.03878	0.03297	0.01330	0.01023	0.00309	0.00803	0.01098	0.01218	0.01606
27	0.02045	0.01159	0.01536	0.01362	0.01708	0.01049	0.01049	0.02498	0.02828	0.15478	0.46979	0.06607	0.07969	0.01871	0.01140	0.00312	0.00549	0.01637	0.01126	0.01097
28	0.02181	0.02181	0.03053	0.02617	0.02617	0.03053	0.02181	0.02399	0.01527	0.02399	0.01309	0.02181	0.01309	0.01745	0.03272	0.00436	0.63141	0.00872	0.00436	0.01091
29	0.02467	0.02369	0.04046	0.06119	0.58747	0.02369	0.03059	0.03059	0.02270	0.03257	0.01875	0.02467	0.01579	0.00888	0.00987	0.00296	0.01184	0.00888	0.00493	0.01579
30	0.02798	0.02265	0.02310	0.02016	0.02596	0.06196	0.01580	0.10088	0.39595	0.09100	0.07400	0.03682	0.03172	0.01351	0.01015	0.00325	0.00870	0.01107	0.01005	0.01529
31	0.02598	0.02194	0.02176	0.01926	0.02445	0.08147	0.01496	0.07843	0.33282	0.07509	0.14894	0.04183	0.04053	0.01443	0.01034	0.00320	0.00851	0.01194	0.00992	0.01418
32	0.03407	0.02602	0.02776	0.02216	0.02946	0.02913	0.01802	0.40783	0.19949	0.05666	0.02879	0.02781	0.02089	0.01242	0.01002	0.00311	0.01007	0.00965	0.01002	0.01661
33	0.02892	0.02049	0.02266	0.01976	0.02582	0.02270	0.01555	0.05206	0.45745	0.15614	0.04032	0.03652	0.02924	0.01328	0.01012	0.00332	0.00801	0.01101	0.01060	0.01602
34	0.02800	0.58062	0.04957	0.01776	0.02622	0.03843	0.01728	0.09253	0.02344	0.02816	0.01506	0.01694	0.01329	0.00894	0.00682	0.00223	0.01070	0.00577	0.00495	0.01329
35	0.02665	0.65565	0.05224	0.01706	0.02559	0.03945	0.01706	0.02985	0.02026	0.02345	0.01386	0.01599	0.01279	0.00853	0.00640	0.00213	0.01066	0.00533	0.00426	0.01279
36	0.02626	0.02399	0.03763	0.05304	0.47178	0.02465	0.02791	0.09514	0.07345	0.03698	0.02128	0.02568	0.01721	0.00966	0.00991	0.00300	0.01139	0.00910	0.00599	0.01593
37	0.02004	0.01895	0.03209	0.50880	0.17609	0.02247	0.02829	0.02653	0.02051	0.02694	0.01793	0.02618	0.01381	0.00974	0.00995	0.00325	0.01299	0.00886	0.00453	0.01205
38	0.01215	0.00868	0.01157	0.01388	0.01446	0.00810	0.00925	0.01388	0.01909	0.02545	0.05495	0.64315	0.06593	0.03123	0.01272	0.00405	0.00578	0.02834	0.00925	0.00810
39	0.02353	0.02689	0.05882	0.04202	0.05210	0.02521	0.55126	0.03193	0.02353	0.03193	0.02017	0.02689	0.01513	0.00840	0.01176	0.00336	0.01681	0.01176	0.00504	0.01345
40	0.12413	0.03523	0.02597	0.02226	0.02847	0.33026	0.01736	0.13261	0.03024	0.13124	0.02084	0.02155	0.01535	0.01080	0.00899	0.00280	0.01381	0.00737	0.00737	0.01336
41	0.02492	0.01778	0.01931	0.01729	0.02225	0.01963	0.01346	0.04433	0.36808	0.09743	0.07102	0.03907	0.03262	0.01342	0.00957	0.00312	0.00709	0.01114	0.15430	0.01418
42	0.01215	0.00868	0.01157	0.01388	0.01446	0.00810	0.00925	0.01388	0.01909	0.02545	0.05495	0.64315	0.06593	0.03123	0.01272	0.00405	0.00578	0.02834	0.00925	0.00810
43	0.02467	0.02369	0.04046	0.06119	0.58747	0.02369	0.03059	0.03059	0.02270	0.03257	0.01875	0.02467	0.01579	0.00888	0.00987	0.00296	0.01184	0.00888	0.00493	0.01579
44	0.01883	0.01772	0.02990	0.62569	0.06866	0.02215	0.02769	0.02547	0.01993	0.02547	0.01772	0.02658	0.01329	0.00997	0.00997	0.00332	0.01329	0.00886	0.00443	0.01107
45	0.01560	0.01123	0.01438	0.01574	0.01743	0.01114	0.01166	0.07079	0.02274	0.03020	0.05131	0.46965	0.05913	0.02849	0.01266	0.00405	0.00702	0.12824	0.00931	0.00923
46	0.57583	0.02086	0.02380	0.01910	0.02608	0.02295	0.12271	0.02985	0.01832	0.04208	0.01518	0.01841	0.01169	0.00908	0.00733	0.00314	0.00959	0.00672	0.00594	0.01134
47	0.01411	0.01019	0.01333	0.01254	0.01489	0.00941	0.00941	0.01881	0.02822	0.03998	0.58221	0.07447	0.09406	0.02038	0.01176	0.00314	0.00470	0.01803	0.01097	0.00941
48	0.03724	0.04751	0.02825	0.02568	0.03082	0.60963	0.01926	0.03981	0.02825	0.02440	0.01541	0.01798	0.01284	0.01027	0.00899	0.00257	0.01798	0.00642	0.00514	0.01156
49	0.02652	0.02019	0.02205	0.01951	0.02519	0.02264	0.01525	0.05035	0.47162	0.10766	0.07363	0.03909	0.03364	0.01380	0.01023	0.00333	0.00777	0.01154	0.01046	0.01553
50	0.01206	0.01011	0.01048	0.01039	0.01364	0.00853	0.00779	0.01485	0.02338	0.02849	0.15851	0.09337	0.52493	0.02467	0.01178	0.00334	0.00501	0.02068	0.00946	0.00853
51	0.02265	0.02128	0.02158	0.01607	0.02448	0.08457	0.01270	0.02686	0.02158	0.03152	0.01744	0.02035	0.01454	0.00773	0.00757	0.00161	0.00865	0.00597	0.00581	0.62704
52	0.64884	0.08465	0.01851	0.01352	0.01993	0.02412	0.01144	0.02936	0.01730	0.04254	0.01388	0.01617	0.01100	0.00918	0.00619	0.00299	0.00801	0.00539	0.00597	0.01100
53	0.01178	0.01010	0.01010	0.01010	0.01347	0.00842	0.00757	0.01431	0.02272	0.02693	0.10099	0.09594	0.58342	0.02525	0.01178	0.00337	0.00505	0.02104	0.00926	0.00842
54	0.02073	0.04646	0.48635	0.03123	0.04500	0.02358	0.14336	0.03165	0.02156	0.03165	0.01836	0.02226	0.01315	0.00925	0.00995	0.00320	0.01516	0.00828	0.00438	0.01447
55	0.01999	0.05157	0.59800	0.02841	0.04315	0.02315	0.03683	0.03157	0.02105	0.03157	0.01789	0.02105	0.01263	0.00947	0.00947	0.00316	0.01473	0.00737	0.00421	0.01473
56	0.01411	0.01019	0.01333	0.01254	0.01489	0.00941	0.00941	0.01881	0.02822	0.03998	0.58221	0.07447	0.09406	0.02038	0.01176	0.00314	0.00470	0.01803	0.01097	0.00941
57	0.03004	0.03638	0.02347	0.02230	0.02613	0.43713	0.01639	0.03237	0.02562	0.02470	0.02675	0.19725	0.02807	0.01628	0.01006	0.00299	0.01448	0.01271	0.00632	0.01056
58	0.01191	0.00959	0.01062	0.01144	0.01382	0.00830	0.00817	0.01416	0.02143	0.02640	0.08465	0.29014	0.39977	0.02737	0.01212	0.00361	0.00531	0.02363	0.00926	0.00830
59	0.01416	0.00993	0.01126	0.01150	0.01235	0.00962	0.00735	0.01509	0.01688	0.02181	0.04641	0.07574	0.13912	0.47083	0.03977	0.00798	0.00877	0.06766	0.00695	0.00680
60	0.02536	0.02740	0.04022	0.10417	0.24884	0.13080	0.16669	0.03132	0.02404	0.03067	0.05680	0.02762	0.02014	0.00990	0.01036	0.00305	0.01397	0.00982	0.00536	0.01346
61	0.21474	0.26482	0.07339	0.02242	0.08345	0.10170	0.01824	0.03225	0.02116	0.06471	0.01635	0.01860	0.01327	0.00927	0.00744	0.00265	0.01105	0.00627	0.00543	0.01279

[dist]
# distance from previous block
# <min> <max>
0	1

[block]
# block no. 1 follows, 15 sequences, length 45
# corresponding to MSA columns:
# 83-109,114,118-134
name=unknown_B
#
# <colnr> <probs for GDERKNQSTAVLIFYWHMCP>
#	G	D	E	R	K	N	Q	S	T	A	V	L	I	F	Y	W	H	M	C	P
0	0.16328	0.34395	0.09659	0.01924	0.02725	0.15164	0.01834	0.03197	0.02134	0.02864	0.01460	0.01696	0.01240	0.00913	0.00720	0.00251	0.01201	0.00578	0.00481	0.01235
1	0.03282	0.13715	0.03127	0.02192	0.02849	0.21194	0.01781	0.21064	0.10469	0.04019	0.05131	0.02516	0.02083	0.01151	0.00918	0.00277	0.01238	0.00835	0.00758	0.01401
2	0.11752	0.01277	0.01542	0.01363	0.01756	0.01222	0.01062	0.02606	0.02673	0.14868	0.39796	0.05852	0.06905	0.01728	0.01065	0.00312	0.00585	0.01473	0.01058	0.01107
3	0.01272	0.01023	0.01143	0.01204	0.01454	0.00923	0.00867	0.01647	0.05074	0.02796	0.10979	0.27379	0.35411	0.02634	0.01201	0.00358	0.00542	0.02278	0.00940	0.00876
4	0.02138	0.02209	0.03864	0.03016	0.03422	0.02565	0.21629	0.02622	0.02012	0.02914	0.09427	0.03096	0.02502	0.01450	0.02206	0.00382	0.31716	0.01114	0.00553	0.01164
5	0.01450	0.00966	0.01087	0.01087	0.01087	0.00966	0.00604	0.01450	0.01450	0.01933	0.03141	0.06524	0.03624	0.64965	0.05074	0.00966	0.00966	0.01450	0.00604	0.00604
6	0.02626	0.02026	0.02022	0.01805	0.02278	0.09538	0.01391	0.03875	0.22148	0.13501	0.18493	0.08190	0.04657	0.01585	0.01057	0.00320	0.00834	0.01331	0.01004	0.01322
7	0.03724	0.04751	0.02825	0.02568	0.03082	0.60963	0.01926	0.03981	0.02825	0.02440	0.01541	0.01798	0.01284	0.01027	0.00899	0.00257	0.01798	0.00642	0.00514	0.01156
8	0.02067	0.01772	0.02067	0.01477	0.02362	0.01329	0.01181	0.02510	0.02067	0.03248	0.01772	0.02067	0.01477	0.00738	0.00738	0.00148	0.00738	0.00591	0.00591	0.71059
9	0.02467	0.02369	0.04046	0.06119	0.58747	0.02369	0.03059	0.03059	0.02270	0.03257	0.01875	0.02467	0.01579	0.00888	0.00987	0.00296	0.01184	0.00888	0.00493	0.01579
10	0.01391	0.01003	0.01314	0.01268	0.01485	0.00927	0.00939	0.01830	0.02727	0.03847	0.52752	0.13345	0.09114	0.02151	0.01186	0.00323	0.00482	0.01910	0.01080	0.00927
11	0.02353	0.02689	0.05882	0.04202	0.05210	0.02521	0.55126	0.03193	0.02353	0.03193	0.02017	0.02689	0.01513	0.00840	0.01176	0.00336	0.01681	0.01176	0.00504	0.01345
12	0.04473	0.01697	0.02313	0.01774	0.02545	0.01465	0.01465	0.04858	0.02853	0.59437	0.03933	0.03393	0.02468	0.01234	0.01003	0.00308	0.00848	0.01003	0.01234	0.01697
13	0.03781	0.03063	0.02969	0.02332	0.03090	0.11080	0.01899	0.48322	0.04430	0.05752	0.02276	0.02311	0.01639	0.01173	0.00984	0.00293	0.01194	0.00862	0.00931	0.01621
14	0.01507	0.01138	0.01213	0.01113	0.01538	0.00937	0.00852	0.01789	0.02293	0.06833	0.08792	0.08367	0.48424	0.02247	0.01120	0.00315	0.00554	0.01868	0.00913	0.08186
15	0.03714	0.01706	0.02197	0.01750	0.02453	0.01544	0.01412	0.04426	0.10170	0.41887	0.03838	0.07684	0.02741	0.01335	0.00996	0.00303	0.00809	0.01109	0.01115	0.08811
16	0.04473	0.01697	0.02313	0.01774	0.02545	0.01465	0.01465	0.04858	0.02853	0.59437	0.03933	0.03393	0.02468	0.01234	0.01003	0.00308	0.00848	0.01003	0.01234	0.01697
17	0.03378	0.04215	0.02595	0.02405	0.02856	0.52660	0.01788	0.03623	0.02699	0.02454	0.02087	0.10427	0.02017	0.01317	0.00950	0.00277	0.01629	0.00945	0.00570	0.01108
18	0.02480	0.02141	0.02254	0.02029	0.02592	0.02480	0.01578	0.05297	0.56946	0.04170	0.04057	0.03719	0.03043	0.01352	0.01014	0.00338	0.00789	0.01127	0.01014	0.01578
19	0.01502	0.01138	0.01614	0.01598	0.01792	0.01316	0.01227	0.02011	0.05574	0.02422	0.02802	0.04078	0.02608	0.10919	0.52919	0.01468	0.02420	0.01098	0.00573	0.00920
20	0.01411	0.01019	0.01333	0.01254	0.01489	0.00941	0.00941	0.01881	0.02822	0.03998	0.58221	0.07447	0.09406	0.02038	0.01176	0.00314	0.00470	0.01803	0.01097	0.00941
21	0.01359	0.01017	0.01260	0.01200	0.01457	0.00918	0.00900	0.01781	0.02699	0.03706	0.47462	0.07927	0.20347	0.02147	0.01176	0.00319	0.00478	0.01870	0.01059	0.00918
22	0.03654	0.02725	0.02915	0.02266	0.03040	0.03028	0.01862	0.50224	0.10107	0.06064	0.02566	0.02531	0.01835	0.01213	0.00999	0.00303	0.01065	0.00921	0.00999	0.01683
23	0.72007	0.01928	0.01465	0.01311	0.01928	0.02236	0.01080	0.02930	0.01697	0.04473	0.01388	0.01619	0.01080	0.00925	0.00617	0.00308	0.00771	0.00540	0.00617	0.01080
24	0.02386	0.01762	0.02100	0.01516	0.02387	0.01347	0.01219	0.02822	0.02171	0.10702	0.02059	0.02243	0.01608	0.00804	0.00773	0.00169	0.00753	0.00645	0.00676	0.61858
25	0.03790	0.02792	0.02992	0.02294	0.03091	0.03091	0.01895	0.55423	0.04687	0.06283	0.02393	0.02393	0.01695	0.01197	0.00997	0.00299	0.01097	0.00898	0.00997	0.01695
26	0.02378	0.02443	0.04778	0.03491	0.04350	0.02360	0.39525	0.08531	0.05312	0.03672	0.09913	0.03365	0.02695	0.01067	0.01150	0.00329	0.01410	0.01232	0.00662	0.01337
27	0.02219	0.02050	0.02960	0.02395	0.03040	0.02107	0.14449	0.03877	0.28801	0.03586	0.03457	0.11614	0.02953	0.01391	0.01053	0.00322	0.00970	0.01304	0.00822	0.10632
28	0.02367	0.02266	0.03865	0.15787	0.49862	0.02342	0.03010	0.02972	0.02223	0.03135	0.01857	0.02500	0.01536	0.00907	0.00989	0.00302	0.01209	0.00888	0.00485	0.01498
29	0.03008	0.02231	0.03295	0.15483	0.26036	0.02345	0.02456	0.15249	0.02871	0.13679	0.02335	0.02650	0.01713	0.01041	0.00994	0.00306	0.01133	0.00910	0.00729	0.01534
30	0.02216	0.01334	0.01625	0.01508	0.01873	0.01270	0.01135	0.09575	0.02625	0.14307	0.10373	0.28847	0.14724	0.02283	0.01156	0.00351	0.00679	0.01984	0.01011	0.01122
31	0.02732	0.02579	0.04969	0.03611	0.04501	0.02540	0.39339	0.10500	0.02665	0.08664	0.02195	0.02678	0.01611	0.00986	0.01277	0.00335	0.05676	0.01102	0.00634	0.01408
32	0.02393	0.40830	0.27571	0.02171	0.03278	0.03277	0.02515	0.03055	0.02058	0.02678	0.01551	0.01806	0.01273	0.00891	0.00766	0.00255	0.01233	0.00616	0.00424	0.01359
33	0.01299	0.00983	0.01211	0.01309	0.01515	0.00895	0.00976	0.01597	0.02258	0.02939	0.17183	0.28243	0.23249	0.02670	0.01239	0.00374	0.00584	0.09657	0.00958	0.00861
34	0.01317	0.00956	0.01265	0.01475	0.01605	0.00904	0.01095	0.01575	0.02046	0.02677	0.05853	0.44990	0.11052	0.02969	0.01292	0.00413	0.00664	0.16086	0.00923	0.00842
35	0.02591	0.01840	0.02388	0.02175	0.10181	0.01499	0.01496	0.03044	0.02248	0.14200	0.02207	0.02381	0.01684	0.00856	0.00824	0.00199	0.00821	0.00712	0.00703	0.47951
36	0.38349	0.02260	0.02131	0.01720	0.02433	0.02497	0.01415	0.23914	0.02928	0.05087	0.01825	0.01970	0.01362	0.01017	0.00780	0.00290	0.00899	0.00688	0.00767	0.07669
37	0.01538	0.01358	0.01368	0.01407	0.01683	0.06363	0.01084	0.01859	0.02373	0.02935	0.16202	0.16385	0.27179	0.02431	0.01204	0.00359	0.00707	0.11751	0.00917	0.00898
38	0.01279	0.00921	0.01153	0.01275	0.01378	0.00859	0.00853	0.01472	0.01994	0.02654	0.12864	0.40312	0.12135	0.13771	0.01917	0.00483	0.00624	0.02368	0.00893	0.00795
39	0.03469	0.03204	0.02890	0.02385	0.03055	0.25968	0.06557	0.09498	0.10400	0.14308	0.02502	0.02535	0.01834	0.01094	0.00960	0.00282	0.01319	0.00851	0.00778	0.06114
40	0.16126	0.02555	0.04622	0.03375	0.04278	0.02544	0.37245	0.10351	0.02547	0.03869	0.01946	0.02440	0.01453	0.00906	0.01043	0.00326	0.01423	0.01014	0.00594	0.01341
41	0.01468	0.01049	0.01448	0.01678	0.01847	0.01028	0.01366	0.01826	0.02159	0.02829	0.05355	0.29972	0.06039	0.02884	0.01340	0.00440	0.00798	0.34674	0.00921	0.00880
42	0.65591	0.01832	0.01437	0.01318	0.01884	0.02107	0.01066	0.02791	0.01716	0.04298	0.01760	0.07302	0.01579	0.01125	0.00676	0.00317	0.00754	0.00748	0.00645	0.01055
43	0.25749	0.01864	0.02122	0.01623	0.02408	0.01720	0.04255	0.03060	0.02084	0.12541	0.02000	0.02163	0.01503	0.00885	0.00765	0.00237	0.00820	0.00672	0.00696	0.32832
44	0.02101	0.27762	0.13587	0.02077	0.02822	0.02539	0.06726	0.02623	0.02138	0.02780	0.06135	0.12087	0.03128	0.01508	0.00961	0.00308	0.01069	0.07856	0.00608	0.01185

[dist]
# distance from previous block
# <min> <max>
17	63

# created by:
# /st0/software/busco_prod/Augustus/scripts/msa2prfl.pl ./align_prep/11392.fa
