[name]
unknown

[dist]
# distance from previous block
# <min> <max>
0	169

[block]
# block no. 0 follows, 14 sequences, length 53
# corresponding to MSA columns:
# 202-254
name=unknown_A
#
# <colnr> <probs for GDERKNQSTAVLIFYWHMCP>
#	G	D	E	R	K	N	Q	S	T	A	V	L	I	F	Y	W	H	M	C	P
0	0.01578	0.01022	0.01379	0.01537	0.01697	0.00960	0.01131	0.01854	0.02185	0.06674	0.09543	0.44493	0.06547	0.02917	0.01304	0.00414	0.00675	0.12173	0.00987	0.00929
1	0.01242	0.00927	0.01155	0.01338	0.01464	0.00841	0.00912	0.01439	0.02052	0.02655	0.06766	0.50765	0.18571	0.03071	0.01287	0.00400	0.00578	0.02741	0.00953	0.00841
2	0.06942	0.14983	0.03766	0.12707	0.19872	0.02514	0.05819	0.03138	0.02205	0.09799	0.02039	0.02511	0.01610	0.01176	0.01171	0.05798	0.01158	0.00849	0.00584	0.01358
3	0.08119	0.01089	0.01156	0.01141	0.01202	0.01119	0.00668	0.01637	0.01517	0.02238	0.03062	0.06236	0.03482	0.57946	0.04787	0.00930	0.00976	0.01403	0.00623	0.00668
4	0.01466	0.01100	0.01649	0.01649	0.01833	0.01283	0.01283	0.01833	0.01649	0.02382	0.02749	0.04032	0.02566	0.07697	0.59868	0.01649	0.02749	0.01100	0.00550	0.00916
5	0.02187	0.02078	0.03528	0.38659	0.27932	0.02345	0.02974	0.02840	0.02170	0.02924	0.01868	0.02655	0.01474	0.00980	0.01022	0.00327	0.01306	0.00913	0.00477	0.01341
6	0.16100	0.02576	0.02590	0.09931	0.03327	0.14706	0.05415	0.03814	0.10837	0.12190	0.02709	0.06833	0.02165	0.01256	0.00966	0.00323	0.01169	0.01008	0.00769	0.01315
7	0.17449	0.02496	0.14102	0.02178	0.02947	0.01886	0.09993	0.03028	0.02292	0.10970	0.12484	0.03786	0.03257	0.07188	0.01393	0.00389	0.01064	0.01096	0.00751	0.01250
8	0.01283	0.01011	0.01163	0.01232	0.01480	0.00891	0.00907	0.01564	0.02314	0.02927	0.14917	0.24052	0.34072	0.02714	0.01252	0.00370	0.00563	0.05437	0.00976	0.00876
9	0.03901	0.02874	0.03080	0.02361	0.03182	0.03182	0.01951	0.54111	0.04825	0.06468	0.02464	0.02464	0.01745	0.01232	0.01027	0.00308	0.01129	0.00924	0.01027	0.01745
10	0.02128	0.01824	0.02128	0.01520	0.02432	0.01368	0.01216	0.02584	0.02128	0.03344	0.01824	0.02128	0.01520	0.00760	0.00760	0.00152	0.00760	0.00608	0.00608	0.70208
11	0.01294	0.00930	0.01207	0.01412	0.01498	0.00872	0.00965	0.01485	0.01981	0.02613	0.05772	0.51854	0.09835	0.07747	0.01607	0.00460	0.00645	0.06069	0.00927	0.00827
12	0.01619	0.01217	0.01556	0.01719	0.01932	0.01246	0.01341	0.02347	0.10633	0.03066	0.05332	0.33048	0.05854	0.02773	0.01311	0.00428	0.00770	0.21839	0.00964	0.01004
13	0.02177	0.01981	0.02781	0.01986	0.02919	0.01572	0.09960	0.02701	0.02177	0.03335	0.01866	0.02234	0.01526	0.00777	0.00835	0.00184	0.00921	0.00708	0.00593	0.58765
14	0.02825	0.02343	0.03021	0.03160	0.18419	0.02267	0.02008	0.19580	0.03069	0.04367	0.02063	0.02355	0.01624	0.00958	0.00920	0.00247	0.01012	0.00799	0.00716	0.28247
15	0.03473	0.02285	0.02571	0.02074	0.02772	0.02449	0.01678	0.26036	0.17322	0.16851	0.08431	0.03532	0.03028	0.01364	0.01050	0.00322	0.00931	0.01097	0.01093	0.01640
16	0.01913	0.00956	0.00956	0.00956	0.01196	0.00956	0.00717	0.02391	0.02152	0.03826	0.03348	0.03826	0.02630	0.01196	0.00717	0.00239	0.00478	0.00956	0.69632	0.00956
17	0.01938	0.01824	0.03078	0.61468	0.07068	0.02280	0.02850	0.02622	0.02052	0.02622	0.01824	0.02736	0.01368	0.01026	0.01026	0.00342	0.01368	0.00912	0.00456	0.01140
18	0.01489	0.01009	0.01190	0.01190	0.01215	0.01034	0.00711	0.01538	0.01513	0.02042	0.03168	0.06355	0.03574	0.56387	0.12557	0.01083	0.01230	0.01440	0.00612	0.00661
19	0.01394	0.01097	0.01548	0.01500	0.01739	0.01003	0.04362	0.01744	0.02405	0.03240	0.25143	0.29735	0.16112	0.02546	0.01250	0.00366	0.00615	0.02287	0.00990	0.00925
20	0.02128	0.01824	0.02128	0.01520	0.02432	0.01368	0.01216	0.02584	0.02128	0.03344	0.01824	0.02128	0.01520	0.00760	0.00760	0.00152	0.00760	0.00608	0.00608	0.70208
21	0.02953	0.02404	0.02546	0.02169	0.02821	0.02740	0.01721	0.19913	0.40567	0.04939	0.03668	0.03423	0.02720	0.01345	0.01039	0.00336	0.00906	0.01090	0.01039	0.01660
22	0.01913	0.00956	0.00956	0.00956	0.01196	0.00956	0.00717	0.02391	0.02152	0.03826	0.03348	0.03826	0.02630	0.01196	0.00717	0.00239	0.00478	0.00956	0.69632	0.00956
23	0.03901	0.02874	0.03080	0.02361	0.03182	0.03182	0.01951	0.54111	0.04825	0.06468	0.02464	0.02464	0.01745	0.01232	0.01027	0.00308	0.01129	0.00924	0.01027	0.01745
24	0.02472	0.03164	0.14082	0.02497	0.03245	0.13549	0.09935	0.07123	0.06987	0.03690	0.18127	0.03951	0.03965	0.01354	0.01079	0.00316	0.01230	0.01172	0.00762	0.01297
25	0.01466	0.01100	0.01649	0.01649	0.01833	0.01283	0.01283	0.01833	0.01649	0.02382	0.02749	0.04032	0.02566	0.07697	0.59868	0.01649	0.02749	0.01100	0.00550	0.00916
26	0.04158	0.02462	0.02825	0.02166	0.02977	0.02571	0.01789	0.36169	0.04135	0.25384	0.03043	0.02840	0.02036	0.01246	0.01029	0.00311	0.01036	0.00963	0.01116	0.01746
27	0.01492	0.01181	0.01540	0.09256	0.02345	0.01167	0.01318	0.01883	0.02332	0.02987	0.14563	0.08840	0.23782	0.07027	0.01550	0.00427	0.00783	0.15715	0.00888	0.00922
28	0.02425	0.17759	0.31993	0.02903	0.04129	0.02859	0.13230	0.07126	0.02404	0.03319	0.01844	0.02195	0.01390	0.00951	0.00956	0.00304	0.01437	0.00815	0.00497	0.01463
29	0.04375	0.02115	0.02610	0.02001	0.02804	0.02055	0.01653	0.21046	0.03554	0.41328	0.03531	0.03157	0.02281	0.01258	0.01030	0.00314	0.00957	0.00997	0.01191	0.01746
30	0.01474	0.01069	0.01493	0.01493	0.01623	0.01198	0.01088	0.01732	0.01603	0.02267	0.02891	0.04822	0.02909	0.24255	0.43779	0.01457	0.02232	0.01215	0.00571	0.00830
31	0.02390	0.02647	0.09296	0.13556	0.33868	0.02439	0.09844	0.03274	0.06330	0.03297	0.02096	0.02662	0.01661	0.00966	0.01042	0.00321	0.01307	0.00958	0.00535	0.01511
32	0.02570	0.02491	0.07855	0.12370	0.32984	0.02367	0.02774	0.03625	0.11751	0.07320	0.02457	0.02832	0.01897	0.01044	0.01020	0.00320	0.01166	0.00954	0.00644	0.01560
33	0.01531	0.01144	0.01567	0.01535	0.01640	0.01313	0.01116	0.01757	0.01588	0.02249	0.02822	0.04860	0.02894	0.27298	0.36392	0.01331	0.06346	0.01225	0.00568	0.00826
34	0.71184	0.01985	0.01508	0.01350	0.01985	0.02302	0.01111	0.03017	0.01746	0.04604	0.01429	0.01667	0.01111	0.00953	0.00635	0.00318	0.00794	0.00556	0.00635	0.01111
35	0.02513	0.01501	0.01846	0.01582	0.02061	0.01440	0.01222	0.03397	0.12824	0.17584	0.25068	0.05379	0.05533	0.06521	0.01415	0.00366	0.00706	0.01391	0.01069	0.06582
36	0.17393	0.01832	0.01914	0.01644	0.02121	0.01999	0.01288	0.18023	0.06079	0.04326	0.06040	0.03413	0.05801	0.01825	0.01590	0.15491	0.00856	0.00990	0.06221	0.01154
37	0.02420	0.02316	0.03949	0.17268	0.47500	0.02407	0.03090	0.03045	0.02280	0.03207	0.01909	0.02579	0.01574	0.00937	0.01018	0.00312	0.01249	0.00914	0.00498	0.01529
38	0.71184	0.01985	0.01508	0.01350	0.01985	0.02302	0.01111	0.03017	0.01746	0.04604	0.01429	0.01667	0.01111	0.00953	0.00635	0.00318	0.00794	0.00556	0.00635	0.01111
39	0.02496	0.01891	0.02036	0.01762	0.02168	0.02082	0.01299	0.17746	0.18458	0.03954	0.03292	0.04644	0.02985	0.27482	0.02786	0.00607	0.00979	0.01231	0.00863	0.01240
40	0.01885	0.01143	0.01457	0.01343	0.01673	0.01024	0.01019	0.02293	0.02737	0.12185	0.36608	0.11929	0.16438	0.02146	0.01191	0.00334	0.00560	0.01867	0.01107	0.01061
41	0.01250	0.00893	0.01191	0.01429	0.01488	0.00834	0.00953	0.01429	0.01965	0.02620	0.05656	0.63265	0.06787	0.03215	0.01310	0.00417	0.00595	0.02917	0.00953	0.00834
42	0.02467	0.02107	0.02257	0.02070	0.02617	0.02422	0.01627	0.05137	0.50610	0.04177	0.04296	0.04565	0.03396	0.01529	0.01080	0.00360	0.00825	0.05864	0.01035	0.01560
43	0.03803	0.01564	0.02103	0.01675	0.02308	0.01373	0.01342	0.04182	0.02814	0.44246	0.13185	0.04481	0.03879	0.06525	0.01405	0.00374	0.00816	0.01213	0.01193	0.01519
44	0.01783	0.00891	0.01337	0.01337	0.01337	0.00891	0.00891	0.01337	0.01337	0.01783	0.01783	0.03119	0.01783	0.03565	0.04011	0.70143	0.00891	0.00891	0.00446	0.00446
45	0.01938	0.01824	0.03078	0.61468	0.07068	0.02280	0.02850	0.02622	0.02052	0.02622	0.01824	0.02736	0.01368	0.01026	0.01026	0.00342	0.01368	0.00912	0.00456	0.01140
46	0.01236	0.00951	0.01131	0.01276	0.01448	0.00846	0.00885	0.01446	0.02112	0.02680	0.07518	0.42296	0.26555	0.02973	0.01272	0.00389	0.00566	0.02622	0.00953	0.00846
47	0.01887	0.01105	0.01504	0.01616	0.01839	0.01034	0.01230	0.02180	0.02226	0.11492	0.05343	0.39851	0.05880	0.02806	0.01295	0.00416	0.00734	0.15553	0.01000	0.01007
48	0.01938	0.01824	0.03078	0.61468	0.07068	0.02280	0.02850	0.02622	0.02052	0.02622	0.01824	0.02736	0.01368	0.01026	0.01026	0.00342	0.01368	0.00912	0.00456	0.01140
49	0.01913	0.00956	0.00956	0.00956	0.01196	0.00956	0.00717	0.02391	0.02152	0.03826	0.03348	0.03826	0.02630	0.01196	0.00717	0.00239	0.00478	0.00956	0.69632	0.00956
50	0.03426	0.04095	0.02984	0.02626	0.03202	0.42023	0.05481	0.04369	0.15624	0.02996	0.02246	0.02392	0.01776	0.01125	0.00974	0.00290	0.01591	0.00820	0.00653	0.01308
51	0.02128	0.01824	0.02128	0.01520	0.02432	0.01368	0.01216	0.02584	0.02128	0.03344	0.01824	0.02128	0.01520	0.00760	0.00760	0.00152	0.00760	0.00608	0.00608	0.70208
52	0.01599	0.00930	0.01235	0.01269	0.01278	0.00922	0.00800	0.01408	0.01484	0.01978	0.02870	0.12977	0.03216	0.25948	0.04079	0.34570	0.00888	0.01402	0.00583	0.00566

[dist]
# distance from previous block
# <min> <max>
7	51

# created by:
# /st0/software/busco_prod/Augustus/scripts/msa2prfl.pl ./align_prep/11417.fa
