[name]
unknown

[dist]
# distance from previous block
# <min> <max>
0	116

[block]
# block no. 0 follows, 13 sequences, length 51
# corresponding to MSA columns:
# 127-177
name=unknown_A
#
# <colnr> <probs for GDERKNQSTAVLIFYWHMCP>
#	G	D	E	R	K	N	Q	S	T	A	V	L	I	F	Y	W	H	M	C	P
0	0.01274	0.01072	0.01105	0.01097	0.01443	0.00903	0.00823	0.01565	0.02468	0.02993	0.15162	0.09950	0.51281	0.02627	0.01249	0.00355	0.00532	0.02200	0.01000	0.00903
1	0.04587	0.02439	0.02561	0.02048	0.02812	0.12823	0.01651	0.04969	0.03020	0.46234	0.03670	0.03264	0.02369	0.01265	0.01042	0.00316	0.01099	0.00988	0.01158	0.01686
2	0.01997	0.01879	0.03171	0.60301	0.07282	0.02349	0.02936	0.02701	0.02114	0.02701	0.01879	0.02819	0.01409	0.01057	0.01057	0.00352	0.01409	0.00940	0.00470	0.01175
3	0.01691	0.01548	0.02311	0.36036	0.04884	0.01752	0.02062	0.02216	0.02235	0.02765	0.05497	0.05833	0.23699	0.01721	0.01136	0.00354	0.01051	0.01469	0.00680	0.01059
4	0.02119	0.02004	0.03393	0.49671	0.16955	0.02381	0.02997	0.02809	0.02172	0.02850	0.01901	0.02779	0.01462	0.01034	0.01055	0.00345	0.01379	0.00940	0.00480	0.01273
5	0.02668	0.02799	0.03215	0.17515	0.17170	0.15775	0.02524	0.03360	0.06425	0.03022	0.02337	0.03447	0.02043	0.01321	0.01311	0.00348	0.07356	0.05440	0.00595	0.01329
6	0.04284	0.02230	0.08060	0.02428	0.07932	0.01734	0.01946	0.04794	0.02889	0.46627	0.03741	0.03371	0.02402	0.01244	0.01056	0.00327	0.00999	0.01024	0.01149	0.01764
7	0.02251	0.02222	0.03119	0.02692	0.02707	0.03090	0.02236	0.02494	0.01625	0.02538	0.01500	0.02456	0.01485	0.02322	0.07747	0.00558	0.56405	0.00941	0.00471	0.01140
8	0.02001	0.02061	0.04186	0.03234	0.03890	0.01930	0.31339	0.02602	0.02302	0.03105	0.03650	0.27146	0.03812	0.01883	0.01289	0.00386	0.01304	0.01968	0.00718	0.01194
9	0.02474	0.09438	0.42712	0.02950	0.04338	0.02525	0.08359	0.03516	0.02331	0.08591	0.02113	0.02387	0.01494	0.01015	0.01009	0.00328	0.01485	0.00839	0.00541	0.01556
10	0.03162	0.02593	0.08783	0.04880	0.36480	0.02240	0.02837	0.03785	0.02563	0.18334	0.02587	0.02854	0.01905	0.01050	0.01047	0.00320	0.01186	0.00961	0.00735	0.01699
11	0.03594	0.04416	0.03162	0.03120	0.08675	0.45443	0.02203	0.03898	0.02752	0.02671	0.01638	0.02034	0.01398	0.01176	0.01298	0.00302	0.09685	0.00740	0.00532	0.01263
12	0.02192	0.01879	0.02192	0.01566	0.02506	0.01409	0.01253	0.02662	0.02192	0.03445	0.01879	0.02192	0.01566	0.00783	0.00783	0.00157	0.00783	0.00626	0.00626	0.69305
13	0.02794	0.57413	0.05610	0.02074	0.02995	0.04033	0.06871	0.03188	0.02183	0.02578	0.01537	0.01812	0.01382	0.00903	0.00735	0.00239	0.01196	0.00634	0.00461	0.01364
14	0.04744	0.01799	0.02454	0.01881	0.02699	0.01554	0.01554	0.05153	0.03026	0.56979	0.04171	0.03599	0.02617	0.01309	0.01063	0.00327	0.00900	0.01063	0.01309	0.01799
15	0.02837	0.02439	0.04102	0.06014	0.50716	0.02413	0.03070	0.03442	0.02471	0.08982	0.02214	0.02718	0.01772	0.00980	0.01048	0.00315	0.01219	0.00955	0.00604	0.01688
16	0.01296	0.01043	0.01156	0.01192	0.01473	0.00902	0.00869	0.01583	0.02425	0.03042	0.16787	0.20161	0.38918	0.02723	0.01269	0.00368	0.00545	0.02335	0.01010	0.00902
17	0.01253	0.01056	0.01087	0.01111	0.01439	0.00889	0.00821	0.01513	0.02372	0.02841	0.10228	0.15319	0.50986	0.02741	0.01259	0.00364	0.00543	0.02308	0.00982	0.00889
18	0.04019	0.02962	0.03173	0.02433	0.03279	0.03279	0.02010	0.52721	0.04971	0.06663	0.02538	0.02538	0.01798	0.01269	0.01058	0.00317	0.01163	0.00952	0.01058	0.01798
19	0.01288	0.00920	0.01227	0.01472	0.01534	0.00859	0.00981	0.01472	0.02024	0.02699	0.05828	0.62152	0.06993	0.03312	0.01350	0.00429	0.00613	0.03006	0.00981	0.00859
20	0.70310	0.02045	0.01554	0.01390	0.02045	0.02372	0.01145	0.03108	0.01799	0.04744	0.01472	0.01718	0.01145	0.00981	0.00654	0.00327	0.00818	0.00573	0.00654	0.01145
21	0.01250	0.01071	0.01071	0.01071	0.01428	0.00893	0.00803	0.01517	0.02410	0.02856	0.10711	0.10175	0.55817	0.02678	0.01250	0.00357	0.00536	0.02231	0.00982	0.00893
22	0.70310	0.02045	0.01554	0.01390	0.02045	0.02372	0.01145	0.03108	0.01799	0.04744	0.01472	0.01718	0.01145	0.00981	0.00654	0.00327	0.00818	0.00573	0.00654	0.01145
23	0.02827	0.63478	0.05540	0.01809	0.02714	0.04184	0.01809	0.03166	0.02148	0.02488	0.01470	0.01696	0.01357	0.00905	0.00678	0.00226	0.01131	0.00565	0.00452	0.01357
24	0.02630	0.02271	0.02391	0.02152	0.02749	0.02630	0.01674	0.05618	0.54336	0.04423	0.04303	0.03945	0.03228	0.01434	0.01076	0.00359	0.00837	0.01195	0.01076	0.01674
25	0.02630	0.02271	0.02391	0.02152	0.02749	0.02630	0.01674	0.05618	0.54336	0.04423	0.04303	0.03945	0.03228	0.01434	0.01076	0.00359	0.00837	0.01195	0.01076	0.01674
26	0.02121	0.05469	0.57364	0.03014	0.04576	0.02455	0.03906	0.03348	0.02232	0.03348	0.01897	0.02232	0.01339	0.01005	0.01005	0.00335	0.01563	0.00781	0.00446	0.01563
27	0.02192	0.01879	0.02192	0.01566	0.02506	0.01409	0.01253	0.02662	0.02192	0.03445	0.01879	0.02192	0.01566	0.00783	0.00783	0.00157	0.00783	0.00626	0.00626	0.69305
28	0.01275	0.01034	0.01133	0.01189	0.01465	0.00891	0.00861	0.01537	0.02350	0.02906	0.12378	0.23175	0.40511	0.02805	0.01275	0.00374	0.00553	0.02407	0.00993	0.00891
29	0.02192	0.01879	0.02192	0.01566	0.02506	0.01409	0.01253	0.02662	0.02192	0.03445	0.01879	0.02192	0.01566	0.00783	0.00783	0.00157	0.00783	0.00626	0.00626	0.69305
30	0.03147	0.02175	0.03480	0.03347	0.15980	0.01939	0.10698	0.03709	0.02558	0.20236	0.02670	0.02850	0.01929	0.01005	0.01015	0.00283	0.01106	0.00947	0.00800	0.20126
31	0.02586	0.01722	0.02120	0.01739	0.02358	0.01626	0.01369	0.06348	0.07506	0.12901	0.02917	0.03483	0.02373	0.07366	0.15856	0.00672	0.01370	0.00977	0.00806	0.23908
32	0.01250	0.01071	0.01071	0.01071	0.01428	0.00893	0.00803	0.01517	0.02410	0.02856	0.10711	0.10175	0.55817	0.02678	0.01250	0.00357	0.00536	0.02231	0.00982	0.00893
33	0.02880	0.01705	0.02034	0.01752	0.02310	0.01708	0.01380	0.04157	0.20078	0.20899	0.17541	0.05449	0.10123	0.01701	0.01132	0.00342	0.00743	0.01436	0.01162	0.01467
34	0.02917	0.32414	0.08416	0.02872	0.12146	0.08932	0.02235	0.07146	0.07709	0.03224	0.01968	0.02201	0.01630	0.01016	0.00860	0.00274	0.01234	0.00749	0.00580	0.01477
35	0.25424	0.01877	0.02170	0.01726	0.02493	0.01812	0.01425	0.04508	0.02639	0.40503	0.03320	0.03005	0.02153	0.01205	0.00934	0.00327	0.00874	0.00908	0.01102	0.01593
36	0.01662	0.01187	0.01656	0.01900	0.02125	0.01181	0.01632	0.02119	0.02393	0.03118	0.05621	0.16951	0.06176	0.02960	0.01449	0.00481	0.00938	0.44516	0.00974	0.00962
37	0.03094	0.02120	0.08110	0.08121	0.07192	0.01720	0.05177	0.03659	0.02708	0.25887	0.11283	0.04543	0.08756	0.01460	0.01112	0.00335	0.01006	0.01265	0.00977	0.01475
38	0.03434	0.08848	0.07718	0.06777	0.17111	0.06677	0.02408	0.13783	0.03057	0.16210	0.02512	0.02666	0.01821	0.01112	0.01007	0.00310	0.01223	0.00903	0.00798	0.01626
39	0.04543	0.02122	0.02653	0.02034	0.02860	0.02032	0.01680	0.18339	0.03565	0.43030	0.03719	0.03305	0.02390	0.01298	0.01062	0.00324	0.00973	0.01032	0.01239	0.01799
40	0.04355	0.01811	0.02399	0.01865	0.02626	0.01624	0.01530	0.08342	0.03166	0.47814	0.09372	0.03964	0.03317	0.01394	0.01082	0.00327	0.00878	0.01143	0.01275	0.01716
41	0.03356	0.02408	0.11607	0.07863	0.03323	0.01847	0.02019	0.08890	0.02869	0.28032	0.04159	0.08089	0.07779	0.01509	0.01091	0.00340	0.01033	0.01249	0.00998	0.01539
42	0.50146	0.02275	0.01881	0.01620	0.02299	0.07498	0.01316	0.03647	0.02172	0.15621	0.02060	0.02134	0.01478	0.01061	0.00769	0.00322	0.00938	0.00687	0.00783	0.01291
43	0.01321	0.00944	0.01265	0.01510	0.01586	0.00887	0.01039	0.01529	0.02057	0.02736	0.05809	0.58174	0.06921	0.03281	0.01358	0.00434	0.00642	0.06658	0.00981	0.00868
44	0.49497	0.01967	0.01840	0.01546	0.02252	0.02112	0.01275	0.03757	0.02189	0.21325	0.02329	0.02315	0.01612	0.01085	0.00784	0.00327	0.00844	0.00728	0.00862	0.01353
45	0.02818	0.02532	0.02486	0.02214	0.02822	0.07101	0.01723	0.08348	0.47294	0.04413	0.03986	0.03699	0.02994	0.01397	0.01065	0.00349	0.00941	0.01140	0.01033	0.01646
46	0.01744	0.01479	0.02229	0.22472	0.07051	0.01563	0.01840	0.02216	0.02243	0.03055	0.11283	0.23245	0.04587	0.01938	0.01154	0.00352	0.00934	0.01741	0.00764	0.08111
47	0.02911	0.09924	0.37322	0.02587	0.03882	0.02370	0.03059	0.03829	0.02444	0.18071	0.02485	0.02559	0.01694	0.01079	0.00990	0.00322	0.01339	0.00839	0.00685	0.01609
48	0.70310	0.02045	0.01554	0.01390	0.02045	0.02372	0.01145	0.03108	0.01799	0.04744	0.01472	0.01718	0.01145	0.00981	0.00654	0.00327	0.00818	0.00573	0.00654	0.01145
49	0.01510	0.01133	0.01699	0.01699	0.01888	0.01322	0.01322	0.01888	0.01699	0.02454	0.02832	0.04154	0.02643	0.07930	0.58652	0.01699	0.02832	0.01133	0.00566	0.00944
50	0.03822	0.02806	0.06971	0.08155	0.03659	0.02785	0.02150	0.34730	0.04102	0.15966	0.02748	0.02754	0.01888	0.01237	0.01055	0.00324	0.01165	0.00960	0.01004	0.01719

[dist]
# distance from previous block
# <min> <max>
0	3

[block]
# block no. 1 follows, 13 sequences, length 22
# corresponding to MSA columns:
# 181-202
name=unknown_B
#
# <colnr> <probs for GDERKNQSTAVLIFYWHMCP>
#	G	D	E	R	K	N	Q	S	T	A	V	L	I	F	Y	W	H	M	C	P
0	0.70310	0.02045	0.01554	0.01390	0.02045	0.02372	0.01145	0.03108	0.01799	0.04744	0.01472	0.01718	0.01145	0.00981	0.00654	0.00327	0.00818	0.00573	0.00654	0.01145
1	0.01510	0.01133	0.01699	0.01699	0.01888	0.01322	0.01322	0.01888	0.01699	0.02454	0.02832	0.04154	0.02643	0.07930	0.58652	0.01699	0.02832	0.01133	0.00566	0.00944
2	0.70310	0.02045	0.01554	0.01390	0.02045	0.02372	0.01145	0.03108	0.01799	0.04744	0.01472	0.01718	0.01145	0.00981	0.00654	0.00327	0.00818	0.00573	0.00654	0.01145
3	0.03961	0.02024	0.02513	0.01897	0.02751	0.01820	0.01557	0.12878	0.03154	0.34377	0.03295	0.03051	0.02203	0.01167	0.00990	0.00282	0.00916	0.00931	0.01089	0.19142
4	0.08698	0.05139	0.51980	0.02857	0.04332	0.02447	0.03640	0.03325	0.02191	0.03483	0.01856	0.02183	0.01321	0.01002	0.00971	0.00334	0.01491	0.00761	0.00467	0.01522
5	0.03041	0.02832	0.10191	0.03651	0.04703	0.02363	0.34569	0.03840	0.02607	0.17252	0.02642	0.02985	0.01841	0.01010	0.01177	0.00347	0.01533	0.01155	0.00727	0.01536
6	0.70310	0.02045	0.01554	0.01390	0.02045	0.02372	0.01145	0.03108	0.01799	0.04744	0.01472	0.01718	0.01145	0.00981	0.00654	0.00327	0.00818	0.00573	0.00654	0.01145
7	0.02423	0.02639	0.05392	0.13629	0.05581	0.02616	0.39726	0.03464	0.06905	0.03361	0.02282	0.02941	0.01712	0.00966	0.01201	0.00356	0.01638	0.01192	0.00571	0.01405
8	0.25494	0.02344	0.06710	0.02098	0.02888	0.02172	0.06630	0.07391	0.06136	0.12987	0.02712	0.03379	0.02136	0.01244	0.00953	0.00332	0.01023	0.05280	0.00822	0.07267
9	0.03020	0.11881	0.18323	0.02525	0.07319	0.02327	0.02343	0.07227	0.02620	0.17122	0.02744	0.06765	0.02148	0.01223	0.00982	0.00303	0.01134	0.00988	0.00774	0.08230
10	0.01307	0.00935	0.01244	0.01459	0.01538	0.00871	0.00983	0.01520	0.02112	0.02839	0.10359	0.57221	0.07264	0.03208	0.01340	0.00421	0.00603	0.02906	0.00998	0.00871
11	0.01997	0.01879	0.03171	0.60301	0.07282	0.02349	0.02936	0.02701	0.02114	0.02701	0.01879	0.02819	0.01409	0.01057	0.01057	0.00352	0.01409	0.00940	0.00470	0.01175
12	0.02294	0.10184	0.34937	0.07992	0.12978	0.02646	0.07927	0.03268	0.02267	0.03234	0.01891	0.02343	0.01424	0.00978	0.01005	0.00324	0.01479	0.00840	0.00469	0.01518
13	0.03855	0.01875	0.02634	0.02634	0.11519	0.01744	0.01791	0.04515	0.07544	0.37881	0.03982	0.09224	0.02946	0.01456	0.01090	0.00338	0.00925	0.01246	0.01124	0.01675
14	0.01314	0.01052	0.01175	0.01190	0.01479	0.00913	0.00875	0.01624	0.02493	0.03162	0.20679	0.17135	0.37894	0.02647	0.01263	0.00362	0.00538	0.02267	0.01025	0.00913
15	0.03769	0.01621	0.02086	0.01689	0.02333	0.01482	0.01364	0.04402	0.06858	0.38321	0.09119	0.04109	0.03405	0.01389	0.01025	0.00316	0.00783	0.01143	0.13219	0.01567
16	0.02935	0.13869	0.20490	0.03467	0.16220	0.06985	0.02832	0.10983	0.02780	0.06809	0.02058	0.02337	0.01569	0.01037	0.00968	0.00304	0.01343	0.00819	0.00617	0.01580
17	0.02207	0.02033	0.03085	0.41233	0.10685	0.02432	0.02658	0.03460	0.14820	0.03189	0.02478	0.03074	0.01875	0.01138	0.01061	0.00350	0.01256	0.01002	0.00622	0.01342
18	0.01457	0.00991	0.01177	0.01257	0.01277	0.00971	0.00751	0.01516	0.01695	0.02261	0.04141	0.24830	0.04865	0.43537	0.04074	0.00832	0.00892	0.02014	0.00751	0.00711
19	0.01510	0.01133	0.01699	0.01699	0.01888	0.01322	0.01322	0.01888	0.01699	0.02454	0.02832	0.04154	0.02643	0.07930	0.58652	0.01699	0.02832	0.01133	0.00566	0.00944
20	0.10803	0.02559	0.07521	0.02747	0.11491	0.02278	0.02045	0.15818	0.03062	0.16412	0.02532	0.02613	0.01811	0.01088	0.00961	0.00294	0.01050	0.00863	0.00858	0.13192
21	0.23998	0.03029	0.11903	0.02669	0.07539	0.06869	0.02251	0.06903	0.02207	0.03772	0.01659	0.02125	0.01358	0.01254	0.01586	0.00360	0.17844	0.00775	0.00577	0.01321

[dist]
# distance from previous block
# <min> <max>
0	2

[block]
# block no. 2 follows, 13 sequences, length 54
# corresponding to MSA columns:
# 205-258
name=unknown_C
#
# <colnr> <probs for GDERKNQSTAVLIFYWHMCP>
#	G	D	E	R	K	N	Q	S	T	A	V	L	I	F	Y	W	H	M	C	P
0	0.31257	0.02495	0.07194	0.02113	0.06742	0.07112	0.01650	0.02946	0.02097	0.03813	0.02217	0.09948	0.02075	0.01264	0.00861	0.00305	0.00988	0.00963	0.00653	0.13306
1	0.01690	0.01523	0.02275	0.34158	0.04710	0.01715	0.02012	0.02223	0.02299	0.02899	0.09988	0.05856	0.21158	0.01725	0.01142	0.00352	0.01020	0.01480	0.00713	0.01060
2	0.03109	0.02649	0.03323	0.03340	0.14692	0.07058	0.06665	0.15719	0.15680	0.07872	0.06506	0.03310	0.02680	0.01254	0.01082	0.00328	0.01157	0.01087	0.00881	0.01607
3	0.03626	0.01688	0.02215	0.01733	0.02448	0.01455	0.01388	0.04008	0.02598	0.35797	0.03487	0.03642	0.02504	0.07251	0.06503	0.00475	0.01058	0.01018	0.01037	0.16070
4	0.03027	0.25053	0.13805	0.02502	0.03452	0.11383	0.06345	0.11998	0.06547	0.03579	0.02010	0.02221	0.01584	0.01048	0.00916	0.00288	0.01357	0.00787	0.00619	0.01478
5	0.02310	0.21030	0.43462	0.02690	0.04077	0.02919	0.03344	0.03299	0.02210	0.03117	0.01783	0.02088	0.01344	0.00978	0.00917	0.00306	0.01447	0.00723	0.00448	0.01507
6	0.01293	0.01073	0.01132	0.01117	0.01455	0.00911	0.00838	0.01602	0.02514	0.03102	0.18702	0.09771	0.47673	0.02586	0.01249	0.00353	0.00529	0.02175	0.01014	0.00911
7	0.01538	0.01025	0.01153	0.01153	0.01153	0.01025	0.00641	0.01538	0.01538	0.02050	0.03331	0.06919	0.03844	0.62842	0.05382	0.01025	0.01025	0.01538	0.00641	0.00641
8	0.01780	0.01134	0.01402	0.01299	0.01619	0.01026	0.00987	0.02226	0.02816	0.08634	0.37873	0.07600	0.17441	0.02102	0.01186	0.00329	0.00541	0.01815	0.07143	0.01048
9	0.04019	0.02962	0.03173	0.02433	0.03279	0.03279	0.02010	0.52721	0.04971	0.06663	0.02538	0.02538	0.01798	0.01269	0.01058	0.00317	0.01163	0.00952	0.01058	0.01798
10	0.02827	0.63478	0.05540	0.01809	0.02714	0.04184	0.01809	0.03166	0.02148	0.02488	0.01470	0.01696	0.01357	0.00905	0.00678	0.00226	0.01131	0.00565	0.00452	0.01357
11	0.70310	0.02045	0.01554	0.01390	0.02045	0.02372	0.01145	0.03108	0.01799	0.04744	0.01472	0.01718	0.01145	0.00981	0.00654	0.00327	0.00818	0.00573	0.00654	0.01145
12	0.04019	0.02962	0.03173	0.02433	0.03279	0.03279	0.02010	0.52721	0.04971	0.06663	0.02538	0.02538	0.01798	0.01269	0.01058	0.00317	0.01163	0.00952	0.01058	0.01798
13	0.02617	0.02512	0.04292	0.06490	0.56246	0.02512	0.03245	0.03245	0.02407	0.03454	0.01989	0.02617	0.01675	0.00942	0.01047	0.00314	0.01256	0.00942	0.00523	0.01675
14	0.01971	0.00985	0.00985	0.00985	0.01232	0.00985	0.00739	0.02464	0.02217	0.03942	0.03449	0.03942	0.02710	0.01232	0.00739	0.00246	0.00493	0.00985	0.68712	0.00985
15	0.02827	0.63478	0.05540	0.01809	0.02714	0.04184	0.01809	0.03166	0.02148	0.02488	0.01470	0.01696	0.01357	0.00905	0.00678	0.00226	0.01131	0.00565	0.00452	0.01357
16	0.01250	0.01071	0.01071	0.01071	0.01428	0.00893	0.00803	0.01517	0.02410	0.02856	0.10711	0.10175	0.55817	0.02678	0.01250	0.00357	0.00536	0.02231	0.00982	0.00893
17	0.23968	0.02386	0.02503	0.01979	0.02760	0.02560	0.01633	0.25558	0.03520	0.19180	0.02645	0.02570	0.01817	0.01194	0.00939	0.00323	0.00992	0.00868	0.01003	0.01604
18	0.01997	0.01879	0.03171	0.60301	0.07282	0.02349	0.02936	0.02701	0.02114	0.02701	0.01879	0.02819	0.01409	0.01057	0.01057	0.00352	0.01409	0.00940	0.00470	0.01175
19	0.01385	0.01036	0.01309	0.01490	0.01675	0.00960	0.01121	0.01669	0.02230	0.02860	0.07039	0.35690	0.19460	0.03046	0.01352	0.00425	0.00686	0.14689	0.00980	0.00897
20	0.02281	0.02509	0.05348	0.03926	0.04817	0.02351	0.43270	0.03047	0.02412	0.03265	0.02794	0.13388	0.02562	0.01321	0.01266	0.00369	0.01575	0.01560	0.00614	0.01325
21	0.01808	0.01561	0.02728	0.02430	0.02829	0.01502	0.14531	0.02296	0.02292	0.03034	0.04571	0.19649	0.04938	0.07340	0.01701	0.00485	0.01111	0.23320	0.00835	0.01039
22	0.01665	0.01189	0.01659	0.01903	0.02129	0.01183	0.01636	0.02123	0.02396	0.03121	0.05620	0.16625	0.06170	0.02957	0.01450	0.00481	0.00940	0.44815	0.00974	0.00963
23	0.01538	0.01025	0.01153	0.01153	0.01153	0.01025	0.00641	0.01538	0.01538	0.02050	0.03331	0.06919	0.03844	0.62842	0.05382	0.01025	0.01025	0.01538	0.00641	0.00641
24	0.70310	0.02045	0.01554	0.01390	0.02045	0.02372	0.01145	0.03108	0.01799	0.04744	0.01472	0.01718	0.01145	0.00981	0.00654	0.00327	0.00818	0.00573	0.00654	0.01145
25	0.03810	0.02250	0.02733	0.06770	0.03252	0.02233	0.01783	0.22150	0.03528	0.24640	0.02983	0.02899	0.02033	0.01182	0.01012	0.00296	0.01019	0.00936	0.01029	0.13463
26	0.20452	0.16680	0.03550	0.03132	0.16610	0.13236	0.02069	0.06928	0.02485	0.03639	0.01713	0.02040	0.01418	0.00994	0.00846	0.00290	0.01228	0.00714	0.00583	0.01393
27	0.02248	0.01818	0.02560	0.27591	0.04532	0.01961	0.02045	0.03207	0.10309	0.07073	0.10215	0.03662	0.03044	0.01240	0.01036	0.00311	0.01035	0.01069	0.00751	0.14293
28	0.02896	0.02658	0.03123	0.08631	0.17070	0.07905	0.02277	0.11521	0.24183	0.04174	0.02979	0.03104	0.02279	0.01217	0.01053	0.00332	0.01145	0.01023	0.00826	0.01605
29	0.01434	0.01078	0.01327	0.01265	0.01541	0.00971	0.00949	0.01875	0.02846	0.03891	0.44333	0.08473	0.21550	0.02292	0.01248	0.00339	0.00508	0.01993	0.01118	0.00971
30	0.04744	0.01799	0.02454	0.01881	0.02699	0.01554	0.01554	0.05153	0.03026	0.56979	0.04171	0.03599	0.02617	0.01309	0.01063	0.00327	0.00900	0.01063	0.01309	0.01799
31	0.01567	0.01159	0.01473	0.01402	0.01664	0.01110	0.01047	0.02229	0.06765	0.04145	0.48340	0.11416	0.09262	0.02188	0.01241	0.00341	0.00532	0.01935	0.01144	0.01038
32	0.02496	0.02852	0.06239	0.04456	0.05526	0.02674	0.52406	0.03387	0.02496	0.03387	0.02139	0.02852	0.01604	0.00891	0.01248	0.00357	0.01783	0.01248	0.00535	0.01426
33	0.02827	0.63478	0.05540	0.01809	0.02714	0.04184	0.01809	0.03166	0.02148	0.02488	0.01470	0.01696	0.01357	0.00905	0.00678	0.00226	0.01131	0.00565	0.00452	0.01357
34	0.02192	0.01879	0.02192	0.01566	0.02506	0.01409	0.01253	0.02662	0.02192	0.03445	0.01879	0.02192	0.01566	0.00783	0.00783	0.00157	0.00783	0.00626	0.00626	0.69305
35	0.04241	0.02606	0.02953	0.02264	0.03101	0.02751	0.01870	0.38156	0.04376	0.22070	0.03038	0.02863	0.02049	0.01281	0.01059	0.00320	0.01083	0.00986	0.01135	0.01798
36	0.01510	0.01133	0.01699	0.01699	0.01888	0.01322	0.01322	0.01888	0.01699	0.02454	0.02832	0.04154	0.02643	0.07930	0.58652	0.01699	0.02832	0.01133	0.00566	0.00944
37	0.02192	0.01879	0.02192	0.01566	0.02506	0.01409	0.01253	0.02662	0.02192	0.03445	0.01879	0.02192	0.01566	0.00783	0.00783	0.00157	0.00783	0.00626	0.00626	0.69305
38	0.02931	0.01398	0.01873	0.01574	0.02074	0.01243	0.01243	0.03390	0.03008	0.27539	0.32929	0.05999	0.06725	0.01785	0.01166	0.00330	0.00676	0.01537	0.01228	0.01352
39	0.01510	0.01133	0.01699	0.01699	0.01888	0.01322	0.01322	0.01888	0.01699	0.02454	0.02832	0.04154	0.02643	0.07930	0.58652	0.01699	0.02832	0.01133	0.00566	0.00944
40	0.01496	0.01081	0.01413	0.01330	0.01580	0.00998	0.00998	0.01995	0.02993	0.04240	0.55689	0.07898	0.09976	0.02162	0.01247	0.00333	0.00499	0.01912	0.01164	0.00998
41	0.02827	0.63478	0.05540	0.01809	0.02714	0.04184	0.01809	0.03166	0.02148	0.02488	0.01470	0.01696	0.01357	0.00905	0.00678	0.00226	0.01131	0.00565	0.00452	0.01357
42	0.03658	0.02782	0.02970	0.02360	0.03141	0.03110	0.01922	0.40468	0.17813	0.06081	0.02998	0.02904	0.02170	0.01312	0.01062	0.00328	0.01078	0.01015	0.01062	0.01766
43	0.04019	0.02962	0.03173	0.02433	0.03279	0.03279	0.02010	0.52721	0.04971	0.06663	0.02538	0.02538	0.01798	0.01269	0.01058	0.00317	0.01163	0.00952	0.01058	0.01798
44	0.01496	0.01081	0.01413	0.01330	0.01580	0.00998	0.00998	0.01995	0.02993	0.04240	0.55689	0.07898	0.09976	0.02162	0.01247	0.00333	0.00499	0.01912	0.01164	0.00998
45	0.01488	0.01148	0.01403	0.01531	0.01829	0.01063	0.01276	0.01871	0.02423	0.03018	0.08025	0.11095	0.29689	0.02805	0.01360	0.00425	0.00766	0.26870	0.00978	0.00935
46	0.02052	0.01867	0.01871	0.02003	0.02309	0.11145	0.01681	0.02482	0.02529	0.03036	0.05373	0.10029	0.09770	0.02581	0.01353	0.00438	0.01096	0.36474	0.00900	0.01010
47	0.70310	0.02045	0.01554	0.01390	0.02045	0.02372	0.01145	0.03108	0.01799	0.04744	0.01472	0.01718	0.01145	0.00981	0.00654	0.00327	0.00818	0.00573	0.00654	0.01145
48	0.02121	0.01948	0.02360	0.02309	0.02494	0.07124	0.01949	0.02499	0.02199	0.02894	0.03760	0.07643	0.04008	0.02379	0.02120	0.00459	0.22107	0.27812	0.00755	0.01061
49	0.03022	0.02247	0.02423	0.02083	0.02717	0.02513	0.01647	0.13691	0.36597	0.09699	0.03909	0.03662	0.02875	0.01377	0.01045	0.00339	0.00873	0.01123	0.06504	0.01652
50	0.35514	0.06850	0.07189	0.01835	0.02570	0.02600	0.01629	0.04016	0.20315	0.04343	0.02505	0.02545	0.01909	0.01137	0.00836	0.00332	0.00914	0.00810	0.00769	0.01384
51	0.29717	0.19276	0.10827	0.01886	0.02719	0.02857	0.01854	0.07716	0.02311	0.03965	0.02006	0.02787	0.01739	0.01166	0.00822	0.00314	0.01057	0.05034	0.00636	0.01308
52	0.01814	0.01483	0.02043	0.01887	0.01946	0.01853	0.01438	0.01972	0.01602	0.02325	0.02401	0.04209	0.02481	0.20433	0.21226	0.06579	0.21715	0.01155	0.00543	0.00894
53	0.03424	0.24709	0.08261	0.02440	0.03188	0.35761	0.02116	0.03796	0.02649	0.02616	0.01600	0.01862	0.01358	0.01020	0.00865	0.00262	0.01618	0.00650	0.00506	0.01297

[dist]
# distance from previous block
# <min> <max>
0	2

[block]
# block no. 3 follows, 13 sequences, length 257
# corresponding to MSA columns:
# 261-374,386-499,509-537
name=unknown_D
#
# <colnr> <probs for GDERKNQSTAVLIFYWHMCP>
#	G	D	E	R	K	N	Q	S	T	A	V	L	I	F	Y	W	H	M	C	P
0	0.31761	0.02295	0.02046	0.01781	0.02383	0.06410	0.01420	0.11444	0.11974	0.04759	0.10820	0.03248	0.03048	0.01305	0.00911	0.00328	0.00905	0.00967	0.00868	0.01327
1	0.02857	0.02673	0.07805	0.04392	0.29650	0.02536	0.02657	0.08331	0.16224	0.07849	0.02792	0.02997	0.02132	0.01131	0.01053	0.00329	0.01137	0.01005	0.00765	0.01685
2	0.36301	0.07197	0.03542	0.08244	0.03739	0.02612	0.17895	0.03162	0.02083	0.03924	0.01727	0.02190	0.01336	0.00954	0.00887	0.00331	0.01212	0.00826	0.00581	0.01255
3	0.01526	0.01070	0.01383	0.01383	0.01463	0.01150	0.00928	0.01685	0.01606	0.02220	0.03121	0.05754	0.03338	0.39709	0.27823	0.01309	0.01786	0.01367	0.00609	0.00768
4	0.24804	0.28114	0.13524	0.02100	0.03053	0.03160	0.06039	0.03197	0.02077	0.03453	0.01601	0.01892	0.01304	0.00947	0.00774	0.00289	0.01158	0.00661	0.00524	0.01330
5	0.21501	0.03496	0.02742	0.12196	0.07992	0.29409	0.02047	0.03588	0.02477	0.03263	0.01660	0.02065	0.01337	0.01043	0.00897	0.00304	0.01475	0.00716	0.00560	0.01233
6	0.01274	0.01060	0.01113	0.01125	0.01450	0.00899	0.00834	0.01556	0.02431	0.02965	0.14257	0.14033	0.48004	0.02682	0.01257	0.00361	0.00538	0.02264	0.00998	0.00899
7	0.02317	0.02930	0.17277	0.02361	0.03184	0.02228	0.05686	0.08043	0.19319	0.04210	0.16412	0.04289	0.04196	0.01451	0.01111	0.00342	0.01041	0.01249	0.00889	0.01465
8	0.01510	0.01133	0.01699	0.01699	0.01888	0.01322	0.01322	0.01888	0.01699	0.02454	0.02832	0.04154	0.02643	0.07930	0.58652	0.01699	0.02832	0.01133	0.00566	0.00944
9	0.01636	0.01169	0.01626	0.01870	0.02084	0.01159	0.01586	0.02074	0.02367	0.03089	0.05635	0.20091	0.06233	0.02984	0.01442	0.00477	0.00915	0.41632	0.00975	0.00955
10	0.02228	0.02239	0.11502	0.06939	0.02967	0.01659	0.01833	0.06698	0.02818	0.08391	0.24677	0.04789	0.05144	0.01505	0.01084	0.00305	0.00892	0.01281	0.00898	0.12149
11	0.01971	0.00985	0.00985	0.00985	0.01232	0.00985	0.00739	0.02464	0.02217	0.03942	0.03449	0.03942	0.02710	0.01232	0.00739	0.00246	0.00493	0.00985	0.68712	0.00985
12	0.13654	0.02852	0.02705	0.15699	0.07607	0.17564	0.02052	0.07548	0.07207	0.03682	0.07349	0.02959	0.02413	0.01205	0.00984	0.00320	0.01278	0.00931	0.00694	0.01298
13	0.02897	0.02042	0.02394	0.01757	0.02662	0.01736	0.01424	0.11198	0.02777	0.12518	0.02352	0.02473	0.01772	0.00946	0.00872	0.00210	0.00864	0.00749	0.00805	0.47550
14	0.09169	0.17608	0.36329	0.02570	0.03820	0.07293	0.03032	0.03355	0.02232	0.03240	0.01742	0.02040	0.01326	0.00987	0.00895	0.00306	0.01423	0.00706	0.00476	0.01450
15	0.03729	0.04576	0.02895	0.02628	0.03182	0.49239	0.01981	0.04455	0.11581	0.02895	0.02081	0.02247	0.01674	0.01147	0.00974	0.00287	0.01728	0.00767	0.00634	0.01301
16	0.03129	0.38202	0.04705	0.02285	0.03061	0.15519	0.05919	0.03495	0.02379	0.06016	0.01723	0.01994	0.01459	0.01031	0.00990	0.00268	0.05245	0.00700	0.00533	0.01349
17	0.01538	0.01025	0.01153	0.01153	0.01153	0.01025	0.00641	0.01538	0.01538	0.02050	0.03331	0.06919	0.03844	0.62842	0.05382	0.01025	0.01025	0.01538	0.00641	0.00641
18	0.01538	0.01025	0.01153	0.01153	0.01153	0.01025	0.00641	0.01538	0.01538	0.02050	0.03331	0.06919	0.03844	0.62842	0.05382	0.01025	0.01025	0.01538	0.00641	0.00641
19	0.02192	0.01879	0.02192	0.01566	0.02506	0.01409	0.01253	0.02662	0.02192	0.03445	0.01879	0.02192	0.01566	0.00783	0.00783	0.00157	0.00783	0.00626	0.00626	0.69305
20	0.03004	0.42745	0.04515	0.02007	0.02760	0.18138	0.01799	0.03340	0.02444	0.02667	0.06247	0.02293	0.02111	0.01063	0.00800	0.00248	0.01279	0.00713	0.00539	0.01291
21	0.01288	0.00920	0.01227	0.01472	0.01534	0.00859	0.00981	0.01472	0.02024	0.02699	0.05828	0.62152	0.06993	0.03312	0.01350	0.00429	0.00613	0.03006	0.00981	0.00859
22	0.09218	0.03260	0.13078	0.02411	0.03372	0.02913	0.02255	0.35620	0.04043	0.09895	0.02461	0.02498	0.01724	0.01199	0.01015	0.00322	0.01188	0.00898	0.00930	0.01700
23	0.03155	0.02219	0.03381	0.04231	0.28973	0.02252	0.02438	0.07856	0.02697	0.17446	0.02872	0.07775	0.02347	0.01334	0.01270	0.00339	0.05855	0.01144	0.00806	0.01609
24	0.03839	0.01606	0.02180	0.01770	0.02426	0.01412	0.01447	0.04272	0.02976	0.41956	0.15148	0.05108	0.04421	0.01605	0.01131	0.00340	0.00820	0.04718	0.01254	0.01570
25	0.02488	0.02704	0.07769	0.13314	0.27791	0.06697	0.02696	0.03111	0.02345	0.03255	0.01911	0.02464	0.01556	0.00941	0.00977	0.00282	0.01248	0.00836	0.00534	0.17083
26	0.02456	0.23036	0.03905	0.31125	0.05030	0.02977	0.02346	0.06819	0.02358	0.03000	0.01791	0.02364	0.01434	0.01000	0.00906	0.00291	0.01246	0.00788	0.00523	0.06604
27	0.03647	0.02124	0.02480	0.02058	0.02770	0.02220	0.01649	0.09171	0.28396	0.27143	0.04106	0.03684	0.02852	0.01367	0.01069	0.00342	0.00890	0.01119	0.01174	0.01737
28	0.02599	0.44784	0.22241	0.02197	0.03314	0.03627	0.02485	0.03225	0.02175	0.02765	0.01608	0.01869	0.01351	0.00937	0.00784	0.00261	0.01270	0.00635	0.00450	0.01423
29	0.01281	0.01010	0.01156	0.01251	0.01481	0.00885	0.00888	0.01529	0.02289	0.02879	0.11540	0.31237	0.33023	0.02904	0.01290	0.00385	0.00565	0.02527	0.00993	0.00885
30	0.01271	0.01072	0.01101	0.01094	0.01441	0.00902	0.00820	0.01559	0.02461	0.02977	0.14638	0.09977	0.51815	0.02633	0.01249	0.00355	0.00532	0.02204	0.00998	0.00902
31	0.01538	0.01025	0.01153	0.01153	0.01153	0.01025	0.00641	0.01538	0.01538	0.02050	0.03331	0.06919	0.03844	0.62842	0.05382	0.01025	0.01025	0.01538	0.00641	0.00641
32	0.01538	0.01025	0.01153	0.01153	0.01153	0.01025	0.00641	0.01538	0.01538	0.02050	0.03331	0.06919	0.03844	0.62842	0.05382	0.01025	0.01025	0.01538	0.00641	0.00641
33	0.01971	0.00985	0.00985	0.00985	0.01232	0.00985	0.00739	0.02464	0.02217	0.03942	0.03449	0.03942	0.02710	0.01232	0.00739	0.00246	0.00493	0.00985	0.68712	0.00985
34	0.04014	0.03124	0.03159	0.02455	0.03278	0.07597	0.02012	0.48935	0.04817	0.06345	0.02468	0.02489	0.01764	0.01255	0.01050	0.00314	0.01221	0.00931	0.01018	0.01753
35	0.02192	0.01879	0.02192	0.01566	0.02506	0.01409	0.01253	0.02662	0.02192	0.03445	0.01879	0.02192	0.01566	0.00783	0.00783	0.00157	0.00783	0.00626	0.00626	0.69305
36	0.03950	0.05039	0.02996	0.02724	0.03269	0.58597	0.02043	0.04222	0.02996	0.02588	0.01634	0.01907	0.01362	0.01090	0.00953	0.00272	0.01907	0.00681	0.00545	0.01226
37	0.03950	0.05039	0.02996	0.02724	0.03269	0.58597	0.02043	0.04222	0.02996	0.02588	0.01634	0.01907	0.01362	0.01090	0.00953	0.00272	0.01907	0.00681	0.00545	0.01226
38	0.02192	0.01879	0.02192	0.01566	0.02506	0.01409	0.01253	0.02662	0.02192	0.03445	0.01879	0.02192	0.01566	0.00783	0.00783	0.00157	0.00783	0.00626	0.00626	0.69305
39	0.02630	0.02271	0.02391	0.02152	0.02749	0.02630	0.01674	0.05618	0.54336	0.04423	0.04303	0.03945	0.03228	0.01434	0.01076	0.00359	0.00837	0.01195	0.01076	0.01674
40	0.70310	0.02045	0.01554	0.01390	0.02045	0.02372	0.01145	0.03108	0.01799	0.04744	0.01472	0.01718	0.01145	0.00981	0.00654	0.00327	0.00818	0.00573	0.00654	0.01145
41	0.04744	0.01799	0.02454	0.01881	0.02699	0.01554	0.01554	0.05153	0.03026	0.56979	0.04171	0.03599	0.02617	0.01309	0.01063	0.00327	0.00900	0.01063	0.01309	0.01799
42	0.04744	0.01799	0.02454	0.01881	0.02699	0.01554	0.01554	0.05153	0.03026	0.56979	0.04171	0.03599	0.02617	0.01309	0.01063	0.00327	0.00900	0.01063	0.01309	0.01799
43	0.04744	0.01799	0.02454	0.01881	0.02699	0.01554	0.01554	0.05153	0.03026	0.56979	0.04171	0.03599	0.02617	0.01309	0.01063	0.00327	0.00900	0.01063	0.01309	0.01799
44	0.02630	0.02271	0.02391	0.02152	0.02749	0.02630	0.01674	0.05618	0.54336	0.04423	0.04303	0.03945	0.03228	0.01434	0.01076	0.00359	0.00837	0.01195	0.01076	0.01674
45	0.01997	0.01879	0.03171	0.60301	0.07282	0.02349	0.02936	0.02701	0.02114	0.02701	0.01879	0.02819	0.01409	0.01057	0.01057	0.00352	0.01409	0.00940	0.00470	0.01175
46	0.03694	0.08007	0.15615	0.02588	0.07409	0.02343	0.02325	0.12378	0.03048	0.27524	0.02980	0.02872	0.02008	0.01170	0.01016	0.00318	0.01143	0.00929	0.00936	0.01698
47	0.02496	0.02852	0.06239	0.04456	0.05526	0.02674	0.52406	0.03387	0.02496	0.03387	0.02139	0.02852	0.01604	0.00891	0.01248	0.00357	0.01783	0.01248	0.00535	0.01426
48	0.01356	0.00927	0.01203	0.01424	0.01504	0.00871	0.00957	0.01570	0.02043	0.02822	0.05592	0.56389	0.06569	0.03106	0.01289	0.00411	0.00601	0.02806	0.07687	0.00871
49	0.02430	0.02724	0.11560	0.02634	0.08238	0.02445	0.02126	0.04668	0.36275	0.04019	0.04207	0.04047	0.07121	0.01418	0.01076	0.00350	0.00973	0.01188	0.00909	0.01591
50	0.02196	0.09567	0.44387	0.08036	0.04740	0.02601	0.07559	0.03280	0.02236	0.03226	0.01881	0.02291	0.01368	0.00992	0.01003	0.00329	0.01533	0.00815	0.00456	0.01501
51	0.01288	0.00920	0.01227	0.01472	0.01534	0.00859	0.00981	0.01472	0.02024	0.02699	0.05828	0.62152	0.06993	0.03312	0.01350	0.00429	0.00613	0.03006	0.00981	0.00859
52	0.01496	0.01081	0.01413	0.01330	0.01580	0.00998	0.00998	0.01995	0.02993	0.04240	0.55689	0.07898	0.09976	0.02162	0.01247	0.00333	0.00499	0.01912	0.01164	0.00998
53	0.03761	0.09603	0.07843	0.07172	0.03485	0.26096	0.02106	0.04201	0.02782	0.19388	0.02442	0.02510	0.01750	0.01129	0.00973	0.00297	0.01449	0.00817	0.00756	0.01440
54	0.01817	0.01526	0.02304	0.01944	0.02115	0.01648	0.09180	0.01997	0.01704	0.02344	0.02825	0.05521	0.03087	0.43033	0.04411	0.00827	0.10880	0.01392	0.00595	0.00850
55	0.04744	0.01799	0.02454	0.01881	0.02699	0.01554	0.01554	0.05153	0.03026	0.56979	0.04171	0.03599	0.02617	0.01309	0.01063	0.00327	0.00900	0.01063	0.01309	0.01799
56	0.02316	0.02282	0.03275	0.24498	0.24809	0.07742	0.02654	0.02865	0.02300	0.02979	0.02528	0.12127	0.02399	0.01376	0.01090	0.00342	0.01273	0.01245	0.00580	0.01322
57	0.02325	0.03330	0.21156	0.16832	0.29165	0.02459	0.03392	0.03162	0.02289	0.03260	0.01936	0.02536	0.01510	0.00987	0.01035	0.00329	0.01388	0.00890	0.00487	0.01532
58	0.03739	0.04422	0.02911	0.02607	0.03185	0.45071	0.01980	0.08291	0.11542	0.03210	0.02142	0.02290	0.01701	0.01160	0.00982	0.00290	0.01673	0.00786	0.00672	0.01344
59	0.70310	0.02045	0.01554	0.01390	0.02045	0.02372	0.01145	0.03108	0.01799	0.04744	0.01472	0.01718	0.01145	0.00981	0.00654	0.00327	0.00818	0.00573	0.00654	0.01145
60	0.03868	0.02951	0.03477	0.02633	0.03501	0.03219	0.06999	0.47837	0.04726	0.06339	0.02499	0.02570	0.01779	0.01232	0.01077	0.00321	0.01225	0.00981	0.01006	0.01761
61	0.01273	0.01067	0.01078	0.01078	0.01406	0.00903	0.00790	0.01519	0.02340	0.02791	0.10117	0.09913	0.51633	0.07522	0.01582	0.00411	0.00575	0.02176	0.00954	0.00872
62	0.01284	0.01032	0.01146	0.01202	0.01471	0.00894	0.00869	0.01553	0.02366	0.02952	0.13877	0.23642	0.38418	0.02794	0.01276	0.00374	0.00552	0.02404	0.01000	0.00894
63	0.01373	0.01076	0.01242	0.01201	0.01504	0.00945	0.00901	0.01757	0.02702	0.03549	0.33230	0.09035	0.32866	0.02419	0.01248	0.00345	0.00517	0.02072	0.01073	0.00945
64	0.01515	0.01116	0.01616	0.01616	0.01776	0.01276	0.01218	0.01835	0.01675	0.02393	0.02908	0.04575	0.02826	0.16288	0.50544	0.01597	0.02557	0.01194	0.00578	0.00898
65	0.02827	0.63478	0.05540	0.01809	0.02714	0.04184	0.01809	0.03166	0.02148	0.02488	0.01470	0.01696	0.01357	0.00905	0.00678	0.00226	0.01131	0.00565	0.00452	0.01357
66	0.04744	0.01799	0.02454	0.01881	0.02699	0.01554	0.01554	0.05153	0.03026	0.56979	0.04171	0.03599	0.02617	0.01309	0.01063	0.00327	0.00900	0.01063	0.01309	0.01799
67	0.04744	0.01799	0.02454	0.01881	0.02699	0.01554	0.01554	0.05153	0.03026	0.56979	0.04171	0.03599	0.02617	0.01309	0.01063	0.00327	0.00900	0.01063	0.01309	0.01799
68	0.01510	0.01133	0.01699	0.01699	0.01888	0.01322	0.01322	0.01888	0.01699	0.02454	0.02832	0.04154	0.02643	0.07930	0.58652	0.01699	0.02832	0.01133	0.00566	0.00944
69	0.04628	0.01985	0.02569	0.01969	0.02792	0.01829	0.01627	0.12750	0.03337	0.48943	0.03911	0.03429	0.02486	0.01302	0.01062	0.00326	0.00942	0.01045	0.01269	0.01799
70	0.02076	0.01258	0.01545	0.01518	0.01804	0.01185	0.01092	0.06157	0.02433	0.11645	0.05840	0.34218	0.13426	0.08621	0.01664	0.00451	0.00731	0.02262	0.01006	0.01068
71	0.01517	0.01107	0.01568	0.01568	0.01712	0.01251	0.01158	0.01804	0.01661	0.02358	0.02952	0.04816	0.02931	0.21087	0.45888	0.01538	0.02399	0.01230	0.00584	0.00871
72	0.01289	0.01073	0.01126	0.01112	0.01452	0.00909	0.00834	0.01594	0.02503	0.03077	0.17894	0.09812	0.48496	0.02595	0.01249	0.00353	0.00530	0.02180	0.01011	0.00909
73	0.08830	0.03287	0.12671	0.02434	0.03375	0.03013	0.02256	0.36565	0.07800	0.05757	0.02467	0.02520	0.01768	0.01211	0.01018	0.00324	0.01184	0.00909	0.00918	0.01695
74	0.03505	0.28171	0.04003	0.02362	0.03049	0.37059	0.01950	0.03804	0.02661	0.02548	0.01569	0.01823	0.01360	0.01016	0.00845	0.00254	0.01600	0.00635	0.00508	0.01278
75	0.02237	0.06194	0.02427	0.01583	0.02520	0.01604	0.01292	0.02698	0.02189	0.03378	0.01851	0.02158	0.01551	0.00792	0.00776	0.00161	0.00807	0.00622	0.00614	0.64546
76	0.03034	0.45308	0.08991	0.02117	0.02989	0.16751	0.02027	0.03427	0.02353	0.02578	0.01542	0.01787	0.01357	0.00956	0.00768	0.00245	0.01346	0.00609	0.00473	0.01342
77	0.01973	0.01055	0.01156	0.05615	0.01704	0.01092	0.00911	0.02482	0.02209	0.03845	0.03327	0.03854	0.02609	0.01218	0.00764	0.00255	0.00564	0.00982	0.63385	0.01000
78	0.02192	0.01879	0.02192	0.01566	0.02506	0.01409	0.01253	0.02662	0.02192	0.03445	0.01879	0.02192	0.01566	0.00783	0.00783	0.00157	0.00783	0.00626	0.00626	0.69305
79	0.02513	0.02442	0.04273	0.14521	0.44835	0.02500	0.07035	0.03173	0.02370	0.03334	0.01984	0.02666	0.01629	0.00956	0.01064	0.00323	0.01321	0.00966	0.00516	0.01579
80	0.03071	0.02490	0.02639	0.02241	0.02917	0.02836	0.01780	0.20566	0.38671	0.05134	0.03743	0.03498	0.02774	0.01382	0.01070	0.00346	0.00940	0.01118	0.01070	0.01713
81	0.01250	0.01071	0.01071	0.01071	0.01428	0.00893	0.00803	0.01517	0.02410	0.02856	0.10711	0.10175	0.55817	0.02678	0.01250	0.00357	0.00536	0.02231	0.00982	0.00893
82	0.01521	0.01090	0.01481	0.01481	0.01594	0.01203	0.01049	0.01748	0.01635	0.02293	0.03032	0.05260	0.03124	0.29907	0.37331	0.01429	0.02109	0.01295	0.00596	0.00823
83	0.02121	0.05469	0.57364	0.03014	0.04576	0.02455	0.03906	0.03348	0.02232	0.03348	0.01897	0.02232	0.01339	0.01005	0.01005	0.00335	0.01563	0.00781	0.00446	0.01563
84	0.01250	0.01071	0.01071	0.01071	0.01428	0.00893	0.00803	0.01517	0.02410	0.02856	0.10711	0.10175	0.55817	0.02678	0.01250	0.00357	0.00536	0.02231	0.00982	0.00893
85	0.02185	0.02235	0.07654	0.01709	0.02711	0.01513	0.01516	0.02730	0.02196	0.03436	0.01881	0.02196	0.01544	0.00805	0.00805	0.00174	0.00860	0.00642	0.00609	0.62599
86	0.70310	0.02045	0.01554	0.01390	0.02045	0.02372	0.01145	0.03108	0.01799	0.04744	0.01472	0.01718	0.01145	0.00981	0.00654	0.00327	0.00818	0.00573	0.00654	0.01145
87	0.04672	0.01914	0.02525	0.01936	0.02756	0.01725	0.01599	0.09862	0.03219	0.51998	0.04010	0.03494	0.02536	0.01305	0.01063	0.00326	0.00926	0.01052	0.01284	0.01799
88	0.02326	0.22333	0.42298	0.02663	0.04035	0.02958	0.03297	0.03295	0.02208	0.03098	0.01773	0.02076	0.01344	0.00975	0.00910	0.00303	0.01437	0.00719	0.00448	0.01503
89	0.02250	0.04680	0.43446	0.03483	0.12647	0.02482	0.03580	0.03557	0.07419	0.03472	0.02150	0.02463	0.01580	0.01037	0.01018	0.00334	0.01442	0.00848	0.00521	0.01591
90	0.01733	0.01033	0.01200	0.01158	0.01406	0.00992	0.00869	0.02229	0.02606	0.04091	0.29604	0.05923	0.06348	0.01697	0.00993	0.00290	0.00496	0.01449	0.34892	0.00992
91	0.04239	0.01651	0.02187	0.01718	0.02432	0.01451	0.01406	0.04664	0.02879	0.47332	0.04040	0.03661	0.02634	0.01295	0.01004	0.00312	0.00826	0.01049	0.13568	0.01651
92	0.01259	0.01034	0.01109	0.01169	0.01454	0.00884	0.00847	0.01506	0.02315	0.02818	0.09513	0.22923	0.43842	0.02833	0.01274	0.00375	0.00555	0.02421	0.00982	0.00884
93	0.02121	0.05469	0.57364	0.03014	0.04576	0.02455	0.03906	0.03348	0.02232	0.03348	0.01897	0.02232	0.01339	0.01005	0.01005	0.00335	0.01563	0.00781	0.00446	0.01563
94	0.02767	0.02340	0.02468	0.02180	0.02802	0.02694	0.01707	0.10281	0.49449	0.04645	0.04129	0.03806	0.03086	0.01418	0.01074	0.00355	0.00869	0.01171	0.01074	0.01686
95	0.01971	0.00985	0.00985	0.00985	0.01232	0.00985	0.00739	0.02464	0.02217	0.03942	0.03449	0.03942	0.02710	0.01232	0.00739	0.00246	0.00493	0.00985	0.68712	0.00985
96	0.04019	0.02962	0.03173	0.02433	0.03279	0.03279	0.02010	0.52721	0.04971	0.06663	0.02538	0.02538	0.01798	0.01269	0.01058	0.00317	0.01163	0.00952	0.01058	0.01798
97	0.01538	0.01025	0.01153	0.01153	0.01153	0.01025	0.00641	0.01538	0.01538	0.02050	0.03331	0.06919	0.03844	0.62842	0.05382	0.01025	0.01025	0.01538	0.00641	0.00641
98	0.04019	0.02962	0.03173	0.02433	0.03279	0.03279	0.02010	0.52721	0.04971	0.06663	0.02538	0.02538	0.01798	0.01269	0.01058	0.00317	0.01163	0.00952	0.01058	0.01798
99	0.02617	0.02512	0.04292	0.06490	0.56246	0.02512	0.03245	0.03245	0.02407	0.03454	0.01989	0.02617	0.01675	0.00942	0.01047	0.00314	0.01256	0.00942	0.00523	0.01675
100	0.01510	0.01133	0.01699	0.01699	0.01888	0.01322	0.01322	0.01888	0.01699	0.02454	0.02832	0.04154	0.02643	0.07930	0.58652	0.01699	0.02832	0.01133	0.00566	0.00944
101	0.04744	0.01799	0.02454	0.01881	0.02699	0.01554	0.01554	0.05153	0.03026	0.56979	0.04171	0.03599	0.02617	0.01309	0.01063	0.00327	0.00900	0.01063	0.01309	0.01799
102	0.70310	0.02045	0.01554	0.01390	0.02045	0.02372	0.01145	0.03108	0.01799	0.04744	0.01472	0.01718	0.01145	0.00981	0.00654	0.00327	0.00818	0.00573	0.00654	0.01145
103	0.01538	0.01025	0.01153	0.01153	0.01153	0.01025	0.00641	0.01538	0.01538	0.02050	0.03331	0.06919	0.03844	0.62842	0.05382	0.01025	0.01025	0.01538	0.00641	0.00641
104	0.02630	0.02271	0.02391	0.02152	0.02749	0.02630	0.01674	0.05618	0.54336	0.04423	0.04303	0.03945	0.03228	0.01434	0.01076	0.00359	0.00837	0.01195	0.01076	0.01674
105	0.70310	0.02045	0.01554	0.01390	0.02045	0.02372	0.01145	0.03108	0.01799	0.04744	0.01472	0.01718	0.01145	0.00981	0.00654	0.00327	0.00818	0.00573	0.00654	0.01145
106	0.01409	0.01013	0.01335	0.01390	0.01560	0.00939	0.00991	0.01775	0.02585	0.03591	0.34684	0.30753	0.08720	0.02646	0.01290	0.00373	0.00547	0.02373	0.01087	0.00939
107	0.01997	0.01879	0.03171	0.60301	0.07282	0.02349	0.02936	0.02701	0.02114	0.02701	0.01879	0.02819	0.01409	0.01057	0.01057	0.00352	0.01409	0.00940	0.00470	0.01175
108	0.01288	0.00920	0.01227	0.01472	0.01534	0.00859	0.00981	0.01472	0.02024	0.02699	0.05828	0.62152	0.06993	0.03312	0.01350	0.00429	0.00613	0.03006	0.00981	0.00859
109	0.70310	0.02045	0.01554	0.01390	0.02045	0.02372	0.01145	0.03108	0.01799	0.04744	0.01472	0.01718	0.01145	0.00981	0.00654	0.00327	0.00818	0.00573	0.00654	0.01145
110	0.01837	0.00918	0.01377	0.01377	0.01377	0.00918	0.00918	0.01377	0.01377	0.01837	0.01837	0.03214	0.01837	0.03673	0.04132	0.69238	0.00918	0.00918	0.00459	0.00459
111	0.02630	0.02271	0.02391	0.02152	0.02749	0.02630	0.01674	0.05618	0.54336	0.04423	0.04303	0.03945	0.03228	0.01434	0.01076	0.00359	0.00837	0.01195	0.01076	0.01674
