[name]
unknown

[dist]
# distance from previous block
# <min> <max>
0	82

[block]
# block no. 0 follows, 13 sequences, length 30
# corresponding to MSA columns:
# 121-150
name=unknown_A
#
# <colnr> <probs for GDERKNQSTAVLIFYWHMCP>
#	G	D	E	R	K	N	Q	S	T	A	V	L	I	F	Y	W	H	M	C	P
0	0.01762	0.01268	0.01649	0.01792	0.02019	0.01274	0.01423	0.07076	0.02518	0.03323	0.05383	0.32648	0.06036	0.02920	0.01371	0.00445	0.00838	0.24261	0.00986	0.01009
1	0.01905	0.02388	0.12932	0.15185	0.09384	0.01872	0.07602	0.02594	0.02427	0.03341	0.15438	0.09106	0.08239	0.01581	0.01149	0.00347	0.01118	0.01434	0.00720	0.01236
2	0.01538	0.01025	0.01153	0.01153	0.01153	0.01025	0.00641	0.01538	0.01538	0.02050	0.03331	0.06919	0.03844	0.62842	0.05382	0.01025	0.01025	0.01538	0.00641	0.00641
3	0.02090	0.01942	0.02637	0.02308	0.02308	0.02600	0.01831	0.02254	0.01596	0.02402	0.01948	0.03641	0.02096	0.19433	0.04021	0.00625	0.43644	0.01102	0.00514	0.01008
4	0.46977	0.01957	0.01874	0.01565	0.02278	0.02081	0.01291	0.03836	0.02236	0.23332	0.02433	0.02387	0.01669	0.01098	0.00800	0.00327	0.00847	0.00747	0.00887	0.01378
5	0.01860	0.01603	0.02429	0.15461	0.08454	0.01918	0.01907	0.02245	0.01821	0.02549	0.02398	0.03913	0.02290	0.14680	0.21683	0.00943	0.11151	0.01111	0.00538	0.01046
6	0.02313	0.02313	0.03238	0.02776	0.02776	0.03238	0.02313	0.02545	0.01619	0.02545	0.01388	0.02313	0.01388	0.01851	0.03470	0.00463	0.60907	0.00925	0.00463	0.01157
7	0.70310	0.02045	0.01554	0.01390	0.02045	0.02372	0.01145	0.03108	0.01799	0.04744	0.01472	0.01718	0.01145	0.00981	0.00654	0.00327	0.00818	0.00573	0.00654	0.01145
8	0.02433	0.01288	0.01713	0.01489	0.01902	0.01158	0.01158	0.02905	0.03002	0.19443	0.40837	0.06659	0.07855	0.01916	0.01194	0.00331	0.00614	0.01667	0.01206	0.01229
9	0.01339	0.00958	0.01288	0.01479	0.01554	0.00937	0.01003	0.01536	0.01940	0.02614	0.05209	0.49645	0.06133	0.08622	0.09752	0.00655	0.00959	0.02627	0.00896	0.00854
10	0.02453	0.02542	0.11747	0.02047	0.03088	0.01689	0.05395	0.03074	0.02303	0.08687	0.02126	0.02385	0.01634	0.00880	0.00881	0.00218	0.00997	0.00740	0.00657	0.46459
11	0.02335	0.04538	0.41404	0.02684	0.04055	0.02349	0.03214	0.08440	0.02514	0.03717	0.01962	0.02257	0.01430	0.00991	0.00969	0.00300	0.01376	0.00771	0.00544	0.14151
12	0.02121	0.05469	0.57364	0.03014	0.04576	0.02455	0.03906	0.03348	0.02232	0.03348	0.01897	0.02232	0.01339	0.01005	0.01005	0.00335	0.01563	0.00781	0.00446	0.01563
13	0.02817	0.03007	0.03142	0.21567	0.13462	0.19093	0.02453	0.03872	0.13665	0.03167	0.02347	0.02757	0.01832	0.01128	0.01029	0.00323	0.01407	0.00918	0.00632	0.01382
14	0.02771	0.02599	0.08570	0.15944	0.18592	0.02495	0.02620	0.09056	0.14078	0.08500	0.02714	0.02992	0.02022	0.01148	0.01054	0.00336	0.01186	0.00993	0.00751	0.01580
15	0.01288	0.00920	0.01227	0.01472	0.01534	0.00859	0.00981	0.01472	0.02024	0.02699	0.05828	0.62152	0.06993	0.03312	0.01350	0.00429	0.00613	0.03006	0.00981	0.00859
16	0.70310	0.02045	0.01554	0.01390	0.02045	0.02372	0.01145	0.03108	0.01799	0.04744	0.01472	0.01718	0.01145	0.00981	0.00654	0.00327	0.00818	0.00573	0.00654	0.01145
17	0.02496	0.02852	0.06239	0.04456	0.05526	0.02674	0.52406	0.03387	0.02496	0.03387	0.02139	0.02852	0.01604	0.00891	0.01248	0.00357	0.01783	0.01248	0.00535	0.01426
18	0.02580	0.02338	0.03632	0.05005	0.39135	0.02344	0.02671	0.07033	0.06113	0.03845	0.07699	0.03212	0.02634	0.01114	0.01051	0.00308	0.01109	0.01037	0.00675	0.06464
19	0.01538	0.01025	0.01153	0.01153	0.01153	0.01025	0.00641	0.01538	0.01538	0.02050	0.03331	0.06919	0.03844	0.62842	0.05382	0.01025	0.01025	0.01538	0.00641	0.00641
20	0.01642	0.01659	0.07340	0.06366	0.02445	0.01370	0.01513	0.02370	0.07563	0.03522	0.23943	0.24848	0.06729	0.02271	0.01225	0.00370	0.00753	0.02017	0.00964	0.01089
21	0.01451	0.01079	0.01350	0.01282	0.01551	0.00978	0.00961	0.01906	0.02884	0.03983	0.47324	0.08321	0.18502	0.02258	0.01248	0.00337	0.00506	0.01972	0.01130	0.00978
22	0.03154	0.46463	0.04800	0.02075	0.02875	0.20027	0.01877	0.03473	0.02395	0.02517	0.01518	0.01757	0.01358	0.00958	0.00758	0.00240	0.01357	0.00599	0.00479	0.01319
23	0.02845	0.01467	0.01899	0.01637	0.02126	0.01369	0.01280	0.03541	0.08210	0.24405	0.26781	0.10006	0.06226	0.01847	0.01167	0.00341	0.00696	0.01596	0.01196	0.01365
24	0.02667	0.03245	0.18863	0.06743	0.07878	0.02531	0.05295	0.07807	0.22024	0.07426	0.03011	0.03087	0.02207	0.01197	0.01059	0.00343	0.01197	0.01015	0.00794	0.01612
25	0.01377	0.01000	0.01314	0.01504	0.01641	0.00937	0.01091	0.01652	0.02227	0.02950	0.11340	0.43484	0.11401	0.03072	0.01349	0.00423	0.00656	0.10685	0.00999	0.00896
26	0.09869	0.06993	0.03251	0.06535	0.08811	0.02260	0.09253	0.09029	0.02594	0.13520	0.02790	0.06864	0.02367	0.09392	0.01604	0.00421	0.01143	0.01147	0.00781	0.01375
27	0.02109	0.01402	0.01766	0.01931	0.07479	0.01411	0.01282	0.02944	0.10032	0.07145	0.17683	0.10562	0.05036	0.01689	0.01036	0.00316	0.00662	0.01463	0.22854	0.01198
28	0.08083	0.23069	0.03307	0.07925	0.02914	0.07109	0.01665	0.10720	0.02638	0.03697	0.02173	0.02510	0.01744	0.01077	0.00811	0.00270	0.01045	0.00777	0.17177	0.01289
29	0.01723	0.01387	0.01758	0.07844	0.02479	0.01441	0.01358	0.02588	0.13306	0.03129	0.04773	0.38661	0.05168	0.02472	0.01215	0.00385	0.00759	0.02212	0.00920	0.06424

[dist]
# distance from previous block
# <min> <max>
0	18

[block]
# block no. 1 follows, 13 sequences, length 25
# corresponding to MSA columns:
# 169-193
name=unknown_B
#
# <colnr> <probs for GDERKNQSTAVLIFYWHMCP>
#	G	D	E	R	K	N	Q	S	T	A	V	L	I	F	Y	W	H	M	C	P
0	0.02904	0.02842	0.15057	0.16045	0.04564	0.02251	0.09729	0.09270	0.02729	0.15621	0.02774	0.06748	0.02108	0.01252	0.01094	0.00344	0.01300	0.01115	0.00765	0.01488
1	0.02635	0.07628	0.08719	0.17167	0.07966	0.02338	0.05625	0.03426	0.06161	0.12386	0.08654	0.03421	0.02760	0.01270	0.01214	0.00338	0.05086	0.01063	0.00741	0.01403
2	0.03916	0.01649	0.02215	0.01770	0.02466	0.01421	0.01424	0.04310	0.02847	0.42877	0.08048	0.10620	0.03600	0.01567	0.01090	0.00327	0.00828	0.01321	0.01211	0.06492
3	0.56072	0.02419	0.07090	0.02135	0.08577	0.02396	0.01647	0.03146	0.01910	0.04464	0.01572	0.01870	0.01225	0.00979	0.00733	0.00326	0.00938	0.00635	0.00620	0.01246
4	0.03049	0.01724	0.02578	0.10929	0.13026	0.01677	0.01896	0.03494	0.02557	0.24650	0.07482	0.12237	0.03513	0.04726	0.01337	0.00379	0.00974	0.01391	0.00950	0.01432
5	0.03723	0.03049	0.03111	0.02483	0.03185	0.08782	0.02026	0.38923	0.07636	0.05628	0.02430	0.02542	0.01801	0.01330	0.01329	0.00332	0.08156	0.00938	0.00938	0.01658
6	0.02827	0.63478	0.05540	0.01809	0.02714	0.04184	0.01809	0.03166	0.02148	0.02488	0.01470	0.01696	0.01357	0.00905	0.00678	0.00226	0.01131	0.00565	0.00452	0.01357
7	0.03029	0.31410	0.12222	0.08926	0.03601	0.11375	0.02255	0.03542	0.02391	0.09454	0.01942	0.02175	0.01518	0.01015	0.00859	0.00276	0.01313	0.00720	0.00574	0.01402
8	0.01280	0.00952	0.01194	0.01388	0.01511	0.00866	0.00944	0.01482	0.02105	0.02732	0.06851	0.51255	0.17229	0.03179	0.01329	0.00414	0.00597	0.02843	0.00982	0.00866
9	0.08880	0.02970	0.18660	0.15242	0.08738	0.02218	0.02622	0.03556	0.07574	0.10920	0.06291	0.03113	0.02353	0.01177	0.01020	0.00337	0.01192	0.00972	0.00711	0.01452
10	0.02761	0.42605	0.04835	0.06287	0.08427	0.07145	0.02100	0.03136	0.02163	0.02611	0.01549	0.01947	0.01396	0.01040	0.01081	0.00274	0.08153	0.00677	0.00467	0.01345
11	0.02919	0.02283	0.02456	0.02150	0.02786	0.02587	0.01689	0.09198	0.46104	0.09141	0.04156	0.03807	0.03065	0.01411	0.01073	0.00353	0.00867	0.01165	0.01095	0.01694
12	0.01414	0.01078	0.01299	0.01244	0.01529	0.00963	0.00933	0.01836	0.02798	0.03778	0.40680	0.08658	0.25273	0.02334	0.01248	0.00341	0.00511	0.02019	0.01103	0.00963
13	0.03493	0.29136	0.04099	0.02282	0.03038	0.24726	0.01938	0.13466	0.03035	0.03360	0.01746	0.01945	0.01447	0.01048	0.00859	0.00262	0.01433	0.00687	0.00608	0.01395
14	0.01510	0.01133	0.01699	0.01699	0.01888	0.01322	0.01322	0.01888	0.01699	0.02454	0.02832	0.04154	0.02643	0.07930	0.58652	0.01699	0.02832	0.01133	0.00566	0.00944
15	0.04744	0.01799	0.02454	0.01881	0.02699	0.01554	0.01554	0.05153	0.03026	0.56979	0.04171	0.03599	0.02617	0.01309	0.01063	0.00327	0.00900	0.01063	0.01309	0.01799
16	0.02889	0.10302	0.09147	0.11997	0.10155	0.02440	0.09341	0.06981	0.02632	0.14098	0.03149	0.03370	0.06430	0.01202	0.01047	0.00323	0.01228	0.01057	0.00735	0.01476
17	0.02813	0.01380	0.01786	0.01513	0.02021	0.01211	0.01195	0.03231	0.02898	0.26107	0.25672	0.06520	0.15454	0.01900	0.01170	0.00335	0.00674	0.01616	0.01191	0.01314
18	0.01642	0.01199	0.01695	0.01648	0.01753	0.01396	0.01223	0.01810	0.01613	0.02294	0.02655	0.04419	0.02658	0.18246	0.34436	0.10738	0.08017	0.01167	0.00557	0.00835
19	0.15580	0.12837	0.07031	0.03444	0.20140	0.07023	0.02274	0.03684	0.08355	0.06949	0.02179	0.02432	0.01716	0.01039	0.00906	0.00306	0.01152	0.00817	0.00646	0.01488
20	0.02331	0.21209	0.02985	0.01701	0.02266	0.02454	0.01432	0.10736	0.06476	0.03576	0.09317	0.14893	0.12914	0.01862	0.01042	0.00320	0.00859	0.01529	0.00850	0.01248
21	0.01384	0.01076	0.01258	0.01213	0.01511	0.00950	0.00910	0.01779	0.02729	0.03612	0.35289	0.08931	0.30767	0.02396	0.01248	0.00344	0.00515	0.02057	0.01081	0.00950
22	0.02294	0.02532	0.09187	0.20349	0.28908	0.02345	0.06780	0.02969	0.02241	0.03110	0.02077	0.03024	0.01750	0.06330	0.01436	0.00391	0.01350	0.01000	0.00512	0.01417
23	0.18042	0.06529	0.10987	0.12956	0.03749	0.02553	0.02161	0.14977	0.02798	0.07546	0.02349	0.06666	0.01906	0.01251	0.00956	0.00332	0.01134	0.00969	0.00736	0.01404
24	0.01456	0.01487	0.06507	0.01384	0.01799	0.01092	0.01192	0.01930	0.02688	0.03602	0.32639	0.08281	0.27535	0.02260	0.01225	0.00343	0.00613	0.01934	0.01024	0.01008

[dist]
# distance from previous block
# <min> <max>
0	2

[block]
# block no. 2 follows, 13 sequences, length 29
# corresponding to MSA columns:
# 196-224
name=unknown_C
#
# <colnr> <probs for GDERKNQSTAVLIFYWHMCP>
#	G	D	E	R	K	N	Q	S	T	A	V	L	I	F	Y	W	H	M	C	P
0	0.01681	0.01700	0.07517	0.01909	0.02359	0.01332	0.05355	0.02263	0.02663	0.03652	0.27439	0.08359	0.10543	0.02222	0.01289	0.00384	0.00853	0.16435	0.00972	0.01072
1	0.02351	0.03994	0.32004	0.13055	0.04756	0.02543	0.06676	0.07553	0.09861	0.03658	0.02305	0.02648	0.01676	0.01088	0.01045	0.00341	0.01416	0.00915	0.00596	0.01519
2	0.70310	0.02045	0.01554	0.01390	0.02045	0.02372	0.01145	0.03108	0.01799	0.04744	0.01472	0.01718	0.01145	0.00981	0.00654	0.00327	0.00818	0.00573	0.00654	0.01145
3	0.02965	0.02138	0.05414	0.02157	0.06697	0.01711	0.01670	0.03726	0.07729	0.18241	0.02764	0.02790	0.02019	0.01017	0.00921	0.00245	0.00898	0.00836	0.00842	0.35218
4	0.02282	0.01982	0.02456	0.01890	0.02686	0.01782	0.05450	0.06608	0.11648	0.03752	0.03699	0.03777	0.10017	0.01225	0.00962	0.00250	0.00863	0.01041	0.00782	0.36848
5	0.01955	0.01670	0.02613	0.25199	0.04209	0.02010	0.04935	0.02458	0.01969	0.02825	0.02344	0.03481	0.02022	0.07542	0.10381	0.00612	0.10152	0.01043	0.11504	0.01076
6	0.02715	0.12250	0.07864	0.03880	0.20439	0.11094	0.08949	0.03552	0.07768	0.03319	0.06134	0.02905	0.02327	0.01098	0.01018	0.00307	0.01325	0.00973	0.00616	0.01468
7	0.01935	0.01465	0.01724	0.01736	0.02010	0.01534	0.01258	0.09891	0.11698	0.03598	0.05065	0.42938	0.05549	0.02675	0.01257	0.00400	0.00735	0.02378	0.01010	0.01143
8	0.01720	0.01633	0.01475	0.01473	0.01764	0.09564	0.01076	0.02021	0.02540	0.03094	0.18453	0.20667	0.25690	0.02471	0.01228	0.00356	0.00751	0.02109	0.00958	0.00959
9	0.02131	0.04931	0.49088	0.02796	0.04266	0.02299	0.03508	0.03245	0.02226	0.03363	0.01895	0.02226	0.01373	0.00971	0.00971	0.00308	0.01446	0.00758	0.00473	0.11724
10	0.03887	0.01851	0.02286	0.01825	0.02516	0.01780	0.01483	0.11573	0.07344	0.34828	0.06845	0.03771	0.02989	0.01352	0.01028	0.00317	0.00852	0.01096	0.10748	0.01628
11	0.01776	0.01143	0.01503	0.01378	0.01676	0.01046	0.01046	0.02267	0.02996	0.08781	0.51253	0.07528	0.09343	0.02088	0.01231	0.00332	0.00533	0.01839	0.01176	0.01067
12	0.14223	0.01749	0.02205	0.01817	0.02524	0.01627	0.01514	0.04399	0.02751	0.40991	0.03976	0.04563	0.02914	0.01501	0.01061	0.00351	0.00898	0.08199	0.01159	0.01576
13	0.06897	0.03490	0.26380	0.02729	0.03550	0.02435	0.07030	0.02842	0.02032	0.03142	0.02344	0.11259	0.02209	0.01562	0.01700	0.00384	0.16975	0.01178	0.00553	0.01309
14	0.02667	0.16743	0.09095	0.19145	0.04278	0.06824	0.02409	0.03377	0.05937	0.07483	0.02067	0.02508	0.01618	0.01187	0.01321	0.00331	0.10236	0.00846	0.00583	0.01346
15	0.02243	0.10674	0.02172	0.01478	0.01993	0.01692	0.01205	0.02870	0.07864	0.11985	0.17336	0.06719	0.23833	0.01953	0.01116	0.00327	0.00706	0.01619	0.01004	0.01210
16	0.03409	0.01544	0.01957	0.01642	0.02197	0.01429	0.01300	0.07430	0.02849	0.30996	0.06924	0.12607	0.03629	0.01636	0.01047	0.00325	0.00769	0.01376	0.15492	0.01443
17	0.11816	0.07713	0.06251	0.10843	0.03816	0.02617	0.09526	0.13066	0.07987	0.06899	0.02325	0.02683	0.01756	0.01311	0.01248	0.05901	0.01197	0.00930	0.00722	0.01394
18	0.03008	0.02282	0.03380	0.16472	0.07418	0.02452	0.09817	0.10195	0.15810	0.13461	0.03024	0.03199	0.02175	0.01191	0.01091	0.00343	0.01192	0.01075	0.00857	0.01556
19	0.11733	0.01174	0.01348	0.01363	0.01622	0.01151	0.00999	0.01957	0.02459	0.03714	0.28089	0.24379	0.11412	0.02392	0.01191	0.00364	0.00586	0.02084	0.01015	0.00967
20	0.01288	0.00920	0.01227	0.01472	0.01534	0.00859	0.00981	0.01472	0.02024	0.02699	0.05828	0.62152	0.06993	0.03312	0.01350	0.00429	0.00613	0.03006	0.00981	0.00859
21	0.02696	0.02679	0.11835	0.23844	0.05473	0.02309	0.17722	0.03476	0.02423	0.13498	0.02403	0.02894	0.01692	0.01048	0.01108	0.00346	0.01446	0.01033	0.00648	0.01428
22	0.02692	0.07537	0.07049	0.09362	0.07796	0.11145	0.13367	0.03901	0.15231	0.03325	0.02442	0.02799	0.01904	0.01153	0.01229	0.00338	0.05659	0.00994	0.00646	0.01431
23	0.01823	0.01888	0.06775	0.01928	0.02130	0.01950	0.01601	0.02080	0.01770	0.02492	0.03575	0.05133	0.10447	0.22360	0.07661	0.00712	0.22775	0.01325	0.00605	0.00967
24	0.06511	0.08553	0.07015	0.02578	0.10774	0.02201	0.01922	0.09398	0.02665	0.12104	0.02556	0.06736	0.02103	0.01170	0.00940	0.00276	0.01002	0.00955	0.00767	0.19776
25	0.20893	0.06815	0.02960	0.14668	0.07582	0.02723	0.02065	0.10614	0.02477	0.07681	0.01935	0.02362	0.01495	0.01186	0.01283	0.00343	0.10071	0.00822	0.00669	0.01353
26	0.01826	0.01154	0.01519	0.01386	0.01693	0.01054	0.01054	0.02316	0.02996	0.09590	0.50462	0.07462	0.09230	0.02075	0.01228	0.00332	0.00539	0.01826	0.01179	0.01079
27	0.03001	0.07085	0.03375	0.13030	0.03914	0.02419	0.09098	0.08045	0.10428	0.15878	0.03099	0.07449	0.02432	0.01364	0.01208	0.00346	0.04332	0.01174	0.00850	0.01473
28	0.08585	0.06999	0.13160	0.02252	0.03180	0.02182	0.04785	0.09039	0.02850	0.27301	0.03178	0.03515	0.02288	0.01287	0.01032	0.00333	0.01114	0.04376	0.00946	0.01595

[dist]
# distance from previous block
# <min> <max>
0	2

[block]
# block no. 3 follows, 13 sequences, length 10
# corresponding to MSA columns:
# 227-236
name=unknown_D
#
# <colnr> <probs for GDERKNQSTAVLIFYWHMCP>
#	G	D	E	R	K	N	Q	S	T	A	V	L	I	F	Y	W	H	M	C	P
0	0.01533	0.01082	0.01356	0.01320	0.01581	0.01003	0.01011	0.02003	0.02799	0.03954	0.40879	0.08125	0.14283	0.02196	0.01216	0.00340	0.00544	0.05984	0.07808	0.00982
1	0.02663	0.08199	0.03414	0.14807	0.12626	0.02266	0.07115	0.03477	0.07608	0.12210	0.11460	0.03760	0.03271	0.01268	0.01071	0.00327	0.01101	0.01140	0.00796	0.01423
2	0.01854	0.01358	0.01607	0.01485	0.01791	0.01341	0.01102	0.10141	0.02952	0.04016	0.28673	0.15598	0.12917	0.08387	0.01650	0.00418	0.00683	0.01924	0.01044	0.01059
3	0.16546	0.02449	0.02825	0.02640	0.09062	0.02724	0.01924	0.21488	0.08463	0.11662	0.02538	0.02642	0.01864	0.01254	0.01220	0.00339	0.06976	0.00913	0.00891	0.01580
4	0.01370	0.01076	0.01238	0.01197	0.01502	0.00944	0.00898	0.01750	0.02694	0.03531	0.32636	0.09065	0.33471	0.02426	0.01248	0.00345	0.00518	0.02076	0.01071	0.00944
5	0.02402	0.11036	0.06429	0.22008	0.09959	0.02573	0.08262	0.05515	0.04905	0.03258	0.02014	0.02553	0.01581	0.00986	0.00978	0.00297	0.01263	0.00877	0.00563	0.12540
6	0.02567	0.02479	0.04119	0.05880	0.47467	0.02631	0.03092	0.03130	0.02278	0.03305	0.01890	0.02567	0.01628	0.01091	0.01445	0.00338	0.11051	0.00939	0.00513	0.01590
7	0.01953	0.01677	0.02146	0.07473	0.02756	0.01543	0.01455	0.02350	0.02085	0.03091	0.02842	0.17624	0.02923	0.01564	0.01222	0.00276	0.06775	0.01297	0.00686	0.38264
8	0.02561	0.02361	0.08429	0.11993	0.03754	0.02361	0.08046	0.06393	0.02344	0.08790	0.02351	0.02901	0.01811	0.01315	0.01653	0.00356	0.16957	0.00978	0.13340	0.01308
9	0.01375	0.01051	0.01261	0.01261	0.01518	0.00937	0.00926	0.01740	0.02627	0.03495	0.31513	0.17616	0.25782	0.02534	0.01265	0.00357	0.00531	0.02205	0.01069	0.00937

[dist]
# distance from previous block
# <min> <max>
0	1

[block]
# block no. 4 follows, 13 sequences, length 17
# corresponding to MSA columns:
# 238-254
name=unknown_E
#
# <colnr> <probs for GDERKNQSTAVLIFYWHMCP>
#	G	D	E	R	K	N	Q	S	T	A	V	L	I	F	Y	W	H	M	C	P
0	0.20715	0.01859	0.02235	0.01762	0.02540	0.01753	0.01454	0.04655	0.02727	0.44255	0.03514	0.03141	0.02259	0.01229	0.00964	0.00327	0.00880	0.00944	0.01149	0.01640
1	0.13970	0.01233	0.01319	0.01287	0.01616	0.01201	0.00968	0.01997	0.02486	0.03744	0.26692	0.14444	0.20846	0.02240	0.01153	0.00351	0.00582	0.01899	0.00996	0.00977
2	0.02453	0.07837	0.16143	0.12798	0.03960	0.02351	0.02361	0.11505	0.02728	0.03828	0.06113	0.02776	0.02154	0.01087	0.00962	0.00283	0.01159	0.00872	0.00656	0.17974
3	0.41703	0.01986	0.01869	0.01606	0.02185	0.02214	0.01284	0.11749	0.02367	0.07989	0.01906	0.02261	0.01484	0.01546	0.01388	0.12913	0.00903	0.00735	0.00733	0.01179
4	0.05973	0.06483	0.02258	0.12256	0.02924	0.01767	0.01529	0.02343	0.02401	0.03444	0.21516	0.08138	0.08906	0.01691	0.01220	0.00320	0.04700	0.01399	0.00810	0.09921
5	0.01418	0.01020	0.01343	0.01384	0.01562	0.00945	0.00992	0.01797	0.02627	0.03657	0.36835	0.28413	0.08848	0.02597	0.01286	0.00369	0.00542	0.02326	0.01095	0.00945
6	0.06553	0.03402	0.26305	0.11108	0.08180	0.02182	0.08305	0.02878	0.02073	0.03084	0.01889	0.02558	0.01482	0.01481	0.01590	0.12924	0.01376	0.00878	0.00481	0.01273
7	0.03723	0.02790	0.03149	0.02691	0.07258	0.03073	0.02053	0.45103	0.04529	0.06101	0.02518	0.02665	0.01852	0.01742	0.05366	0.00420	0.01295	0.00965	0.00980	0.01725
8	0.01366	0.00980	0.01296	0.01419	0.01551	0.00911	0.00988	0.01667	0.02386	0.03274	0.24439	0.41901	0.08107	0.02883	0.01311	0.00393	0.00571	0.02598	0.01050	0.00911
9	0.58334	0.02000	0.01718	0.01480	0.02164	0.02222	0.01220	0.03482	0.02023	0.14285	0.01965	0.02061	0.01414	0.01041	0.00729	0.00327	0.00833	0.00662	0.00774	0.01265
10	0.01970	0.01318	0.01815	0.12133	0.02743	0.01300	0.01393	0.02458	0.02745	0.10580	0.32090	0.06772	0.14682	0.01931	0.01189	0.00339	0.00723	0.01675	0.01027	0.01117
11	0.02507	0.03662	0.25877	0.20636	0.05200	0.02610	0.06435	0.13530	0.02789	0.03849	0.02043	0.02519	0.01475	0.01069	0.01048	0.00338	0.01446	0.00897	0.00588	0.01483
12	0.01584	0.01190	0.01444	0.01321	0.01678	0.01023	0.00980	0.01866	0.02402	0.03286	0.22721	0.11232	0.19517	0.02338	0.01545	0.09251	0.00624	0.01723	0.00910	0.13366
13	0.02492	0.02115	0.06374	0.08998	0.03070	0.02049	0.01779	0.12275	0.12548	0.07558	0.14117	0.04550	0.04014	0.08167	0.04803	0.00486	0.01086	0.01263	0.00912	0.01346
14	0.01995	0.01774	0.02701	0.41956	0.05575	0.02144	0.02353	0.02867	0.08781	0.02806	0.02459	0.03714	0.02090	0.12392	0.01849	0.00476	0.01265	0.01082	0.00580	0.01142
15	0.02789	0.05536	0.02849	0.12517	0.03446	0.02076	0.05173	0.08889	0.02488	0.13613	0.02677	0.03614	0.02177	0.02271	0.06082	0.13035	0.04645	0.04142	0.00745	0.01236
16	0.11225	0.02098	0.02962	0.42091	0.05872	0.02522	0.02535	0.11891	0.02595	0.03690	0.01947	0.02625	0.01446	0.01086	0.01005	0.00343	0.01288	0.00894	0.00601	0.01285

[dist]
# distance from previous block
# <min> <max>
0	53

# created by:
# /st0/software/busco_prod/Augustus/scripts/msa2prfl.pl ./align_prep/11457.fa
