[name]
unknown

[dist]
# distance from previous block
# <min> <max>
5	139

[block]
# block no. 0 follows, 11 sequences, length 37
# corresponding to MSA columns:
# 164-200
name=unknown_A
#
# <colnr> <probs for GDERKNQSTAVLIFYWHMCP>
#	G	D	E	R	K	N	Q	S	T	A	V	L	I	F	Y	W	H	M	C	P
0	0.13278	0.08969	0.12235	0.18252	0.14471	0.02788	0.02806	0.03517	0.06829	0.03654	0.02150	0.02647	0.01671	0.01099	0.01004	0.00346	0.01306	0.00892	0.00597	0.01490
1	0.26463	0.03067	0.12417	0.07533	0.03823	0.02669	0.06363	0.12267	0.02851	0.09342	0.02230	0.02491	0.01600	0.01138	0.00981	0.00353	0.01242	0.00873	0.00771	0.01525
2	0.01413	0.01027	0.01343	0.01580	0.01695	0.00957	0.01107	0.01651	0.02238	0.02940	0.06655	0.50364	0.11518	0.03421	0.01439	0.00456	0.00685	0.07537	0.01044	0.00930
3	0.02506	0.02081	0.02921	0.11999	0.03778	0.02358	0.05999	0.12230	0.10928	0.03965	0.02977	0.03685	0.02421	0.03997	0.21958	0.00913	0.01956	0.01154	0.00775	0.01398
4	0.03673	0.02026	0.02334	0.01953	0.02565	0.06080	0.01562	0.08255	0.03056	0.26779	0.07953	0.04128	0.03297	0.02797	0.11652	0.00616	0.01389	0.01174	0.07178	0.01536
5	0.02493	0.02211	0.03221	0.20172	0.18172	0.02431	0.02542	0.07379	0.10923	0.03920	0.07739	0.04226	0.06919	0.01421	0.01160	0.00360	0.01170	0.01250	0.00786	0.01502
6	0.02291	0.18368	0.13101	0.02021	0.02691	0.06906	0.01922	0.02758	0.02341	0.02993	0.08296	0.13617	0.03919	0.11911	0.01872	0.00465	0.01177	0.01439	0.00702	0.01210
7	0.02688	0.01960	0.03140	0.23350	0.17482	0.02080	0.02534	0.03251	0.02492	0.12539	0.03300	0.14165	0.02970	0.01611	0.01184	0.00376	0.01193	0.01454	0.00786	0.01445
8	0.02126	0.02001	0.03376	0.57739	0.07752	0.02501	0.03126	0.02876	0.02251	0.02876	0.02001	0.03001	0.01500	0.01125	0.01125	0.00375	0.01500	0.01000	0.00500	0.01250
9	0.01631	0.01135	0.01459	0.01620	0.01730	0.01118	0.01184	0.01868	0.02115	0.02789	0.05108	0.22951	0.05825	0.24970	0.03107	0.00720	0.00957	0.17938	0.00904	0.00870
10	0.01646	0.01178	0.01611	0.01806	0.02011	0.01143	0.01454	0.02074	0.02575	0.03437	0.14664	0.25419	0.07519	0.03080	0.01479	0.00470	0.00833	0.25518	0.01076	0.01006
11	0.02334	0.02001	0.02334	0.01667	0.02667	0.01500	0.01334	0.02834	0.02334	0.03668	0.02001	0.02334	0.01667	0.00834	0.00834	0.00167	0.00834	0.00667	0.00667	0.67325
12	0.02735	0.02263	0.02442	0.02161	0.02758	0.02553	0.01687	0.09942	0.37581	0.04927	0.13269	0.04814	0.04597	0.01651	0.01177	0.00372	0.00862	0.01385	0.01160	0.01663
13	0.01703	0.01346	0.02036	0.01760	0.02116	0.01247	0.06056	0.02277	0.03131	0.04420	0.47600	0.07852	0.09698	0.02161	0.01328	0.00357	0.00672	0.01962	0.01170	0.01109
14	0.68395	0.02177	0.01654	0.01480	0.02177	0.02525	0.01219	0.03309	0.01915	0.05050	0.01567	0.01828	0.01219	0.01045	0.00697	0.00348	0.00871	0.00609	0.00697	0.01219
15	0.02098	0.01049	0.01049	0.01049	0.01311	0.01049	0.00787	0.02623	0.02360	0.04196	0.03672	0.04196	0.02885	0.01311	0.00787	0.00262	0.00525	0.01049	0.66693	0.01049
16	0.02257	0.05822	0.54613	0.03208	0.04871	0.02614	0.04158	0.03564	0.02376	0.03564	0.02020	0.02376	0.01426	0.01069	0.01069	0.00356	0.01663	0.00832	0.00475	0.01663
17	0.05050	0.01915	0.02612	0.02003	0.02873	0.01654	0.01654	0.05485	0.03221	0.54203	0.04440	0.03831	0.02786	0.01393	0.01132	0.00348	0.00958	0.01132	0.01393	0.01915
18	0.02940	0.56019	0.10394	0.02044	0.03072	0.04284	0.02132	0.03388	0.02295	0.02733	0.01607	0.01858	0.01443	0.00973	0.00754	0.00251	0.01246	0.00623	0.00481	0.01465
19	0.05050	0.01915	0.02612	0.02003	0.02873	0.01654	0.01654	0.05485	0.03221	0.54203	0.04440	0.03831	0.02786	0.01393	0.01132	0.00348	0.00958	0.01132	0.01393	0.01915
20	0.02518	0.01906	0.02086	0.01763	0.02310	0.01944	0.01397	0.19981	0.03764	0.04969	0.19087	0.07105	0.22370	0.02136	0.01252	0.00357	0.00813	0.01769	0.01127	0.01346
21	0.04196	0.02106	0.02587	0.02112	0.02894	0.02089	0.01703	0.05673	0.21496	0.35426	0.04494	0.03971	0.03033	0.01444	0.01137	0.00361	0.00932	0.01185	0.01299	0.01865
22	0.01610	0.01153	0.01531	0.01497	0.01666	0.01188	0.01073	0.01949	0.02283	0.03213	0.22062	0.06757	0.06133	0.20663	0.21187	0.01056	0.01534	0.01641	0.00866	0.00936
23	0.02325	0.03066	0.17275	0.02358	0.03186	0.02317	0.02306	0.04252	0.24377	0.04153	0.12075	0.04426	0.04047	0.02164	0.06185	0.00501	0.01245	0.01272	0.00919	0.01551
24	0.03009	0.09416	0.23182	0.03304	0.04550	0.03094	0.14885	0.16820	0.03278	0.04506	0.02240	0.02586	0.01640	0.01110	0.01120	0.00346	0.01559	0.00989	0.00687	0.01678
25	0.03077	0.13734	0.27444	0.02483	0.03661	0.02528	0.02786	0.03868	0.02519	0.16867	0.02733	0.03131	0.02041	0.06631	0.01458	0.00403	0.01343	0.00948	0.00742	0.01603
26	0.03823	0.03100	0.17519	0.02333	0.03390	0.02062	0.02353	0.09302	0.03140	0.29907	0.04196	0.03934	0.06903	0.01429	0.01131	0.00352	0.01155	0.01147	0.01069	0.01754
27	0.02461	0.02575	0.11685	0.12024	0.03957	0.02114	0.06227	0.03681	0.12082	0.08430	0.08531	0.04613	0.08279	0.01506	0.01148	0.00360	0.01126	0.01306	0.06452	0.01444
28	0.02831	0.23456	0.04576	0.18337	0.08856	0.03375	0.06307	0.08437	0.06952	0.03534	0.02178	0.02631	0.01735	0.01102	0.00999	0.00321	0.01332	0.00910	0.00627	0.01504
29	0.08085	0.01530	0.01896	0.06782	0.02571	0.01565	0.01412	0.03207	0.07630	0.12919	0.12759	0.18927	0.05178	0.02054	0.01171	0.00374	0.00794	0.01773	0.08091	0.01281
30	0.08715	0.01203	0.01352	0.01338	0.01573	0.01166	0.00943	0.01869	0.02236	0.03197	0.15038	0.11700	0.18258	0.12424	0.02539	0.12104	0.00760	0.01824	0.00888	0.00873
31	0.03509	0.02368	0.03400	0.07044	0.03797	0.02319	0.10229	0.15714	0.03418	0.18148	0.03900	0.03924	0.07514	0.01380	0.01155	0.00338	0.01187	0.01210	0.00993	0.08455
32	0.08454	0.08030	0.02337	0.01718	0.02247	0.01978	0.01362	0.07125	0.06828	0.12354	0.13394	0.10969	0.09170	0.07261	0.01558	0.00422	0.00861	0.01573	0.01030	0.01330
33	0.14522	0.23615	0.08491	0.02079	0.03003	0.03169	0.01964	0.07986	0.07914	0.13471	0.02569	0.02577	0.01910	0.01161	0.00907	0.00313	0.01113	0.00831	0.00815	0.01591
34	0.20025	0.08058	0.07373	0.12998	0.03929	0.02835	0.02148	0.12648	0.06959	0.04540	0.02207	0.02519	0.01676	0.01140	0.00949	0.00330	0.01164	0.00846	0.00740	0.06915
35	0.13728	0.06995	0.06874	0.07758	0.02956	0.01964	0.01772	0.02938	0.02667	0.08178	0.21412	0.05615	0.05404	0.01735	0.01127	0.00360	0.00931	0.05394	0.00929	0.01262
36	0.09211	0.02699	0.02698	0.02260	0.03003	0.08261	0.01802	0.12746	0.21389	0.18377	0.03678	0.03422	0.02611	0.01382	0.01087	0.00353	0.01087	0.01078	0.01112	0.01743

[dist]
# distance from previous block
# <min> <max>
8	61

[block]
# block no. 1 follows, 11 sequences, length 11
# corresponding to MSA columns:
# 268-278
name=unknown_B
#
# <colnr> <probs for GDERKNQSTAVLIFYWHMCP>
#	G	D	E	R	K	N	Q	S	T	A	V	L	I	F	Y	W	H	M	C	P
0	0.11030	0.02806	0.13936	0.03076	0.13661	0.02078	0.02377	0.03880	0.02593	0.17939	0.02945	0.03117	0.02108	0.01184	0.01003	0.00332	0.01106	0.00962	0.12268	0.01599
1	0.24862	0.03054	0.06808	0.02276	0.02993	0.08447	0.01958	0.11796	0.13298	0.04730	0.02455	0.02615	0.01880	0.01305	0.01222	0.00362	0.06732	0.00887	0.00815	0.01504
2	0.02632	0.02494	0.03176	0.03735	0.19153	0.06588	0.02292	0.03796	0.14454	0.03779	0.08037	0.03694	0.03116	0.01813	0.04659	0.00435	0.07298	0.01139	0.00780	0.06929
3	0.02277	0.02256	0.12878	0.01873	0.02537	0.01465	0.01790	0.02891	0.02840	0.12583	0.23651	0.11340	0.12927	0.02071	0.01249	0.00367	0.00861	0.01777	0.01059	0.01309
4	0.02712	0.01939	0.02574	0.14939	0.06727	0.02087	0.01968	0.04034	0.16984	0.12615	0.11268	0.05066	0.09029	0.01629	0.01182	0.00368	0.00984	0.01393	0.01008	0.01495
5	0.01575	0.01115	0.01444	0.01511	0.01674	0.01062	0.01091	0.01917	0.02544	0.03490	0.24940	0.22085	0.07990	0.13690	0.02217	0.00543	0.00739	0.08369	0.01056	0.00949
6	0.02357	0.05166	0.44017	0.03273	0.04772	0.02658	0.08692	0.03825	0.07597	0.03690	0.02318	0.02639	0.01669	0.01105	0.01105	0.00362	0.01606	0.00931	0.00556	0.01661
7	0.03139	0.02311	0.03205	0.02622	0.03029	0.02731	0.05586	0.08084	0.06314	0.14149	0.02740	0.03467	0.02240	0.07811	0.02739	0.00493	0.25937	0.01136	0.00820	0.01449
8	0.02510	0.01170	0.01267	0.01182	0.01529	0.01133	0.00908	0.03022	0.02480	0.11167	0.03779	0.04145	0.02871	0.01323	0.00835	0.00274	0.00585	0.01061	0.57590	0.01170
9	0.01456	0.01057	0.01340	0.01447	0.01598	0.00977	0.00997	0.01742	0.02454	0.03310	0.20201	0.34754	0.12848	0.08273	0.01784	0.00476	0.00648	0.02629	0.01069	0.00940
10	0.08474	0.01640	0.01997	0.01745	0.02296	0.01594	0.01403	0.03878	0.08055	0.21824	0.16859	0.05798	0.05132	0.01773	0.01153	0.00361	0.00795	0.05691	0.08086	0.01446

[dist]
# distance from previous block
# <min> <max>
3	33

[block]
# block no. 2 follows, 11 sequences, length 10
# corresponding to MSA columns:
# 312-321
name=unknown_C
#
# <colnr> <probs for GDERKNQSTAVLIFYWHMCP>
#	G	D	E	R	K	N	Q	S	T	A	V	L	I	F	Y	W	H	M	C	P
0	0.10712	0.02060	0.02756	0.06276	0.06568	0.02086	0.05865	0.07261	0.08139	0.09257	0.03540	0.15883	0.03265	0.01694	0.01127	0.00357	0.01023	0.01486	0.00897	0.09747
1	0.02508	0.16230	0.10738	0.22279	0.05734	0.03067	0.17448	0.03295	0.02400	0.03130	0.01990	0.02669	0.01544	0.01027	0.01091	0.00344	0.01576	0.00993	0.00515	0.01425
2	0.02735	0.02210	0.03026	0.06188	0.03423	0.02291	0.06735	0.07019	0.12680	0.08075	0.02900	0.03265	0.02265	0.02151	0.08220	0.00511	0.06344	0.01043	0.00814	0.18106
3	0.02155	0.02001	0.03231	0.49920	0.07043	0.02361	0.02876	0.02870	0.02262	0.02986	0.02001	0.02908	0.01524	0.01085	0.01085	0.00346	0.01407	0.00954	0.00523	0.10464
4	0.01602	0.01217	0.01503	0.01614	0.01839	0.01184	0.01184	0.02215	0.07560	0.03425	0.14756	0.33002	0.13813	0.02966	0.01386	0.00428	0.00688	0.07482	0.01088	0.01049
5	0.02209	0.02085	0.03526	0.51329	0.13512	0.02523	0.03167	0.02949	0.02290	0.02977	0.02015	0.02974	0.01536	0.01110	0.01124	0.00370	0.01480	0.01001	0.00507	0.01317
6	0.01536	0.01106	0.01453	0.01455	0.01669	0.01024	0.01058	0.01980	0.02919	0.04088	0.40739	0.21711	0.09796	0.02619	0.01356	0.00381	0.00563	0.02337	0.01189	0.01024
7	0.02355	0.01752	0.02729	0.19860	0.04209	0.01857	0.05883	0.03138	0.06197	0.10049	0.18673	0.09890	0.05176	0.01751	0.01235	0.00373	0.01046	0.01580	0.00942	0.01306
8	0.02534	0.02121	0.03604	0.02898	0.03404	0.02277	0.15000	0.03094	0.02580	0.09222	0.13463	0.05454	0.04310	0.01850	0.01953	0.00419	0.16071	0.07574	0.00848	0.01325
9	0.03037	0.02998	0.03237	0.03604	0.15694	0.13074	0.02316	0.08141	0.16153	0.03906	0.03064	0.08020	0.02651	0.01531	0.01401	0.00366	0.07215	0.01216	0.00809	0.01567

[dist]
# distance from previous block
# <min> <max>
0	6

[block]
# block no. 3 follows, 11 sequences, length 33
# corresponding to MSA columns:
# 328-360
name=unknown_D
#
# <colnr> <probs for GDERKNQSTAVLIFYWHMCP>
#	G	D	E	R	K	N	Q	S	T	A	V	L	I	F	Y	W	H	M	C	P
0	0.10596	0.07641	0.10131	0.02315	0.03063	0.02811	0.02129	0.12235	0.06222	0.04378	0.07317	0.03080	0.02610	0.01411	0.01501	0.00348	0.11723	0.00985	0.00777	0.08725
1	0.16684	0.02204	0.02946	0.19833	0.13928	0.02485	0.02342	0.06795	0.07579	0.04179	0.07833	0.03401	0.02725	0.01271	0.01055	0.00357	0.01145	0.01059	0.00747	0.01430
2	0.03204	0.22422	0.13675	0.10192	0.04212	0.03119	0.06286	0.07538	0.02747	0.12863	0.02393	0.02624	0.01758	0.01115	0.00999	0.00320	0.01342	0.00890	0.00712	0.01589
3	0.09822	0.12391	0.02446	0.01617	0.01976	0.01874	0.01261	0.02501	0.01877	0.08641	0.02136	0.02995	0.01878	0.02748	0.02920	0.39492	0.01005	0.00886	0.00618	0.00916
4	0.15310	0.09273	0.03804	0.07132	0.03751	0.02630	0.12453	0.03695	0.02507	0.14959	0.05688	0.03127	0.02359	0.01273	0.01320	0.00360	0.07055	0.01048	0.00796	0.01462
5	0.01656	0.01228	0.01460	0.01463	0.01738	0.01182	0.01072	0.02331	0.07673	0.03845	0.25164	0.20550	0.16068	0.02538	0.01292	0.00379	0.00604	0.02222	0.06455	0.01078
6	0.15100	0.10354	0.08833	0.07884	0.03558	0.02539	0.05529	0.03860	0.08348	0.12119	0.08344	0.03447	0.02920	0.01294	0.01027	0.00345	0.01121	0.01051	0.00842	0.01486
7	0.11540	0.02752	0.06574	0.02248	0.03076	0.02688	0.01931	0.23697	0.08800	0.15098	0.03119	0.03326	0.02299	0.06082	0.01445	0.00408	0.01124	0.01052	0.01045	0.01700
8	0.01960	0.01230	0.01562	0.01433	0.01752	0.01120	0.01068	0.02399	0.02964	0.09741	0.37770	0.08049	0.13722	0.08188	0.01754	0.00431	0.00641	0.01930	0.01178	0.01108
9	0.02422	0.08435	0.23137	0.12744	0.04315	0.08422	0.02821	0.03256	0.02525	0.03450	0.07730	0.03287	0.02628	0.01246	0.01040	0.00332	0.01378	0.00991	0.08455	0.01389
10	0.09267	0.01313	0.01568	0.01500	0.01849	0.01247	0.01124	0.02469	0.02741	0.09942	0.26062	0.19541	0.12333	0.02402	0.01261	0.00380	0.00652	0.02082	0.01131	0.01134
11	0.02437	0.01897	0.02518	0.02233	0.02378	0.02353	0.01744	0.06348	0.07529	0.02976	0.02126	0.03076	0.01932	0.02674	0.03491	0.28149	0.23466	0.01017	0.00616	0.01041
12	0.02544	0.02396	0.03423	0.28930	0.16618	0.05969	0.02771	0.06454	0.02510	0.03283	0.02184	0.03275	0.01855	0.07224	0.01763	0.00439	0.05366	0.01048	0.00583	0.01366
13	0.02257	0.05822	0.54613	0.03208	0.04871	0.02614	0.04158	0.03564	0.02376	0.03564	0.02020	0.02376	0.01426	0.01069	0.01069	0.00356	0.01663	0.00832	0.00475	0.01663
14	0.03120	0.01773	0.02658	0.23712	0.04493	0.01891	0.02088	0.03624	0.02497	0.22245	0.03222	0.03991	0.02441	0.09089	0.07706	0.00608	0.01412	0.01149	0.00872	0.01408
15	0.01643	0.01143	0.01613	0.01661	0.01794	0.01242	0.01223	0.01862	0.01839	0.02551	0.03568	0.11304	0.03734	0.16479	0.31029	0.08626	0.02033	0.05088	0.00686	0.00882
16	0.02499	0.37611	0.09613	0.02005	0.02803	0.03324	0.01974	0.02954	0.02177	0.02749	0.02264	0.06463	0.02170	0.02863	0.13457	0.00626	0.01627	0.00943	0.00548	0.01329
17	0.21326	0.09565	0.18918	0.02306	0.03388	0.02739	0.02406	0.10194	0.02789	0.13030	0.02356	0.02460	0.01671	0.01146	0.00949	0.00338	0.01217	0.00823	0.00784	0.01596
18	0.02326	0.02400	0.07804	0.01828	0.02898	0.01617	0.01629	0.02910	0.02338	0.03657	0.02003	0.02338	0.01642	0.00858	0.00858	0.00187	0.00920	0.00684	0.00647	0.60455
19	0.01692	0.01252	0.01655	0.01615	0.01700	0.01418	0.01134	0.01882	0.01717	0.02407	0.03152	0.05719	0.03337	0.33664	0.26818	0.01346	0.06594	0.01401	0.00633	0.00864
20	0.03426	0.03351	0.03205	0.10320	0.03966	0.22292	0.06868	0.04423	0.11930	0.09461	0.02839	0.03062	0.02129	0.01242	0.01082	0.00333	0.01481	0.01001	0.06131	0.01460
21	0.41426	0.19983	0.03092	0.01781	0.02542	0.09449	0.01542	0.03468	0.02177	0.04067	0.01587	0.01846	0.01313	0.01034	0.00742	0.00310	0.01107	0.00621	0.00619	0.01296
22	0.39376	0.02171	0.02418	0.06957	0.09897	0.02344	0.01785	0.03792	0.02332	0.15933	0.02337	0.02515	0.01679	0.01125	0.00889	0.00349	0.01007	0.00816	0.00821	0.01459
23	0.14804	0.01800	0.02464	0.02442	0.08467	0.01755	0.05410	0.03132	0.02699	0.13062	0.16783	0.09320	0.09773	0.01787	0.01158	0.00362	0.00891	0.01549	0.00996	0.01345
24	0.02891	0.10145	0.28205	0.02698	0.03907	0.02911	0.02981	0.17687	0.03356	0.04664	0.07501	0.03050	0.02541	0.01275	0.01078	0.00339	0.01366	0.00991	0.00758	0.01656
25	0.01371	0.00979	0.01306	0.01567	0.01632	0.00914	0.01045	0.01567	0.02155	0.02873	0.06203	0.59710	0.07444	0.03526	0.01437	0.00457	0.00653	0.03200	0.01045	0.00914
26	0.03641	0.01941	0.02238	0.01834	0.02480	0.01966	0.01477	0.14242	0.08293	0.21719	0.03811	0.03746	0.02695	0.01370	0.01014	0.00320	0.00864	0.01092	0.23652	0.01605
27	0.41902	0.02434	0.02278	0.01870	0.02648	0.02707	0.01543	0.17274	0.03069	0.11503	0.02245	0.02325	0.01611	0.01177	0.00875	0.00345	0.00990	0.00791	0.00906	0.01507
28	0.03002	0.01921	0.02015	0.01688	0.02215	0.02061	0.01348	0.22130	0.03576	0.05397	0.03270	0.03577	0.02482	0.01328	0.00927	0.00294	0.00821	0.01034	0.39507	0.01408
29	0.28541	0.01799	0.01676	0.01469	0.02023	0.01952	0.01179	0.08450	0.02588	0.08888	0.02800	0.03070	0.02115	0.01218	0.00818	0.00311	0.00776	0.00880	0.28165	0.01283
30	0.60913	0.02157	0.01731	0.01501	0.02232	0.02409	0.01232	0.03255	0.01963	0.04893	0.01616	0.01886	0.01270	0.01021	0.00712	0.00328	0.00866	0.00616	0.00693	0.08706
31	0.61125	0.02538	0.01828	0.01641	0.02324	0.08573	0.01327	0.03443	0.02060	0.04790	0.01587	0.01851	0.01245	0.01058	0.00733	0.00342	0.01002	0.00623	0.00683	0.01229
32	0.07920	0.02582	0.02883	0.02852	0.08686	0.11871	0.05798	0.03158	0.02591	0.03513	0.03179	0.05554	0.03097	0.01645	0.01152	0.00349	0.01266	0.14758	0.00747	0.16399

[dist]
# distance from previous block
# <min> <max>
2	6

[block]
# block no. 4 follows, 11 sequences, length 8
# corresponding to MSA columns:
# 367-374
name=unknown_E
#
# <colnr> <probs for GDERKNQSTAVLIFYWHMCP>
#	G	D	E	R	K	N	Q	S	T	A	V	L	I	F	Y	W	H	M	C	P
0	0.02795	0.13294	0.03152	0.02468	0.08258	0.02543	0.01731	0.15436	0.02898	0.03828	0.02734	0.08802	0.02649	0.10044	0.02310	0.12682	0.01119	0.01223	0.00752	0.01282
1	0.15005	0.02347	0.06443	0.08786	0.03818	0.02103	0.10397	0.03651	0.02615	0.15748	0.08426	0.03501	0.02856	0.01243	0.01073	0.00339	0.01156	0.01092	0.00859	0.08543
2	0.02437	0.03268	0.19214	0.06949	0.03790	0.02125	0.02454	0.08416	0.02774	0.04055	0.07541	0.03098	0.02565	0.01151	0.01020	0.00285	0.01170	0.00935	0.00706	0.26046
3	0.07433	0.08724	0.02568	0.01960	0.02484	0.02397	0.01564	0.08926	0.17449	0.04174	0.08446	0.12247	0.04059	0.02792	0.09178	0.00576	0.01208	0.01465	0.00947	0.01404
4	0.03500	0.02391	0.02718	0.02142	0.02955	0.02394	0.01724	0.22286	0.08391	0.13119	0.03334	0.08545	0.02684	0.01463	0.01088	0.00314	0.01004	0.01188	0.01051	0.17711
5	0.02866	0.02688	0.13494	0.09780	0.03783	0.01855	0.02228	0.03526	0.02533	0.15930	0.03013	0.08351	0.02428	0.01322	0.01055	0.00308	0.01114	0.01107	0.00819	0.21800
6	0.02789	0.15364	0.18480	0.07995	0.10057	0.03127	0.07919	0.09032	0.07558	0.03859	0.02296	0.02649	0.01761	0.01110	0.01051	0.00335	0.01419	0.00937	0.00639	0.01623
7	0.03122	0.08232	0.08373	0.08440	0.03752	0.02447	0.06706	0.03900	0.06672	0.17803	0.03325	0.09626	0.02720	0.01571	0.01436	0.00376	0.07804	0.01288	0.00874	0.01529

[dist]
# distance from previous block
# <min> <max>
1	9

[block]
# block no. 5 follows, 11 sequences, length 7
# corresponding to MSA columns:
# 384-390
name=unknown_F
#
# <colnr> <probs for GDERKNQSTAVLIFYWHMCP>
#	G	D	E	R	K	N	Q	S	T	A	V	L	I	F	Y	W	H	M	C	P
0	0.13098	0.14462	0.09732	0.07383	0.03779	0.13752	0.05506	0.03967	0.02618	0.12452	0.02258	0.02478	0.01674	0.01119	0.00971	0.00321	0.01410	0.00837	0.00704	0.01481
1	0.30803	0.02344	0.07937	0.01757	0.02548	0.02002	0.01596	0.03301	0.02427	0.10404	0.11764	0.03454	0.03281	0.01296	0.00931	0.00323	0.00902	0.00976	0.00852	0.11099
2	0.08188	0.08287	0.06732	0.02078	0.02852	0.02376	0.01823	0.15152	0.03359	0.18343	0.09033	0.10046	0.03645	0.01639	0.01110	0.00349	0.01016	0.01330	0.01058	0.01586
3	0.02340	0.01284	0.01969	0.12497	0.02852	0.01351	0.01473	0.02198	0.01819	0.08076	0.02246	0.03386	0.01961	0.03081	0.03389	0.46609	0.01077	0.00999	0.00594	0.00799
4	0.02573	0.03027	0.16524	0.29136	0.05703	0.02431	0.03013	0.07467	0.02719	0.08128	0.06285	0.03310	0.02350	0.01247	0.01127	0.00363	0.01395	0.01051	0.00688	0.01462
5	0.18855	0.01946	0.02144	0.01806	0.02443	0.02013	0.01449	0.08521	0.08654	0.18197	0.17092	0.04559	0.04584	0.01574	0.01084	0.00353	0.00838	0.01264	0.01129	0.01496
6	0.10965	0.22983	0.14325	0.02277	0.03301	0.03287	0.02290	0.10732	0.07721	0.08657	0.02390	0.02482	0.01805	0.01148	0.00929	0.00315	0.01209	0.00826	0.00751	0.01609

[dist]
# distance from previous block
# <min> <max>
7	42

[block]
# block no. 6 follows, 11 sequences, length 17
# corresponding to MSA columns:
# 436-442,445-454
name=unknown_G
#
# <colnr> <probs for GDERKNQSTAVLIFYWHMCP>
#	G	D	E	R	K	N	Q	S	T	A	V	L	I	F	Y	W	H	M	C	P
0	0.13159	0.12335	0.10389	0.02118	0.03015	0.07409	0.01979	0.04021	0.06299	0.14887	0.06136	0.03046	0.02516	0.01228	0.00969	0.00314	0.01138	0.00921	0.00842	0.07278
1	0.12803	0.01801	0.02143	0.01838	0.02432	0.01764	0.01446	0.09244	0.03017	0.24229	0.08649	0.17672	0.04322	0.01949	0.01162	0.00374	0.00865	0.01637	0.01161	0.01490
2	0.01684	0.01290	0.01570	0.01595	0.01853	0.01279	0.01157	0.02499	0.10567	0.03808	0.24096	0.27476	0.11433	0.02684	0.01340	0.00400	0.00639	0.02381	0.01135	0.01114
3	0.02361	0.01504	0.02317	0.05952	0.02830	0.01438	0.05908	0.02820	0.02642	0.13066	0.11842	0.23561	0.05881	0.02459	0.01353	0.00420	0.00941	0.10421	0.01055	0.01229
4	0.01565	0.01243	0.01687	0.01814	0.01868	0.01365	0.01297	0.01770	0.02078	0.02844	0.05363	0.49532	0.06383	0.03249	0.01838	0.00463	0.10918	0.02806	0.00947	0.00971
5	0.02702	0.01988	0.02477	0.07286	0.03202	0.01622	0.01558	0.03218	0.02453	0.10827	0.02350	0.02615	0.01811	0.00943	0.00905	0.00213	0.00918	0.00767	0.00754	0.51393
6	0.02475	0.02112	0.07258	0.01992	0.02543	0.01787	0.01672	0.13424	0.03091	0.07713	0.08891	0.28574	0.05171	0.02348	0.01260	0.00385	0.00911	0.02048	0.01027	0.05318
7	0.47478	0.02379	0.02503	0.06842	0.03187	0.02690	0.05875	0.09938	0.02495	0.05022	0.01832	0.02165	0.01387	0.01087	0.00853	0.00352	0.01071	0.00766	0.00729	0.01348
8	0.02380	0.01318	0.01696	0.01535	0.01945	0.01173	0.01173	0.02807	0.02969	0.16391	0.28482	0.13874	0.15156	0.02313	0.01293	0.00369	0.00658	0.02008	0.01222	0.01238
9	0.01988	0.01251	0.02098	0.01856	0.02031	0.01216	0.06841	0.01819	0.01857	0.02521	0.09280	0.04089	0.03166	0.03321	0.03587	0.49580	0.01025	0.01171	0.00606	0.00695
10	0.02724	0.01988	0.02194	0.01903	0.02375	0.02140	0.01450	0.19082	0.10370	0.04832	0.10425	0.11481	0.04424	0.11341	0.01909	0.00476	0.00933	0.01558	0.07016	0.01380
11	0.07365	0.08493	0.07850	0.12809	0.04001	0.02751	0.02238	0.17952	0.03356	0.12716	0.02688	0.02899	0.01927	0.01229	0.01026	0.00333	0.01194	0.00951	0.06620	0.01601
12	0.01872	0.01258	0.01679	0.11991	0.02679	0.01311	0.01339	0.02297	0.02484	0.03657	0.17775	0.05679	0.09317	0.02013	0.01491	0.08427	0.00771	0.01433	0.21513	0.01014
13	0.02867	0.07691	0.02987	0.20865	0.04325	0.09955	0.02114	0.06792	0.02875	0.08640	0.10607	0.03798	0.03250	0.01367	0.01076	0.00332	0.01230	0.01111	0.06776	0.01343
14	0.02804	0.02108	0.06857	0.01937	0.02564	0.01796	0.01661	0.09979	0.07446	0.14707	0.17476	0.12162	0.09750	0.01997	0.01232	0.00368	0.00873	0.01699	0.01136	0.01449
15	0.03220	0.06995	0.07866	0.07802	0.09562	0.10761	0.02232	0.03750	0.02672	0.14559	0.02906	0.08401	0.02417	0.01356	0.01063	0.00318	0.01259	0.01113	0.00793	0.10953
16	0.23112	0.16700	0.11725	0.02426	0.06848	0.03017	0.02152	0.08939	0.02576	0.04254	0.01862	0.02140	0.01476	0.01043	0.00860	0.00304	0.01153	0.00728	0.00649	0.08038

[dist]
# distance from previous block
# <min> <max>
1	10

[block]
# block no. 7 follows, 11 sequences, length 12
# corresponding to MSA columns:
# 465-476
name=unknown_H
#
# <colnr> <probs for GDERKNQSTAVLIFYWHMCP>
#	G	D	E	R	K	N	Q	S	T	A	V	L	I	F	Y	W	H	M	C	P
0	0.29523	0.17920	0.03319	0.02010	0.02810	0.08993	0.01721	0.14400	0.02945	0.04667	0.01853	0.02051	0.01466	0.01108	0.00839	0.00312	0.01168	0.00715	0.00730	0.01450
1	0.01918	0.01404	0.01741	0.01661	0.01958	0.01429	0.01264	0.08036	0.02850	0.03882	0.20393	0.12480	0.10592	0.09694	0.10879	0.00700	0.01155	0.05865	0.01005	0.01094
2	0.02772	0.10246	0.02858	0.07091	0.03046	0.02391	0.01788	0.07819	0.14747	0.08685	0.08600	0.05017	0.03749	0.01920	0.01502	0.07561	0.01019	0.06848	0.00940	0.01402
3	0.01947	0.01434	0.01764	0.01769	0.02061	0.01456	0.01343	0.09743	0.02819	0.03755	0.09422	0.29342	0.11067	0.03451	0.06995	0.00568	0.01024	0.07892	0.01027	0.01120
4	0.02763	0.03713	0.22909	0.03038	0.04166	0.02528	0.12044	0.07336	0.11320	0.08614	0.07416	0.03527	0.02826	0.01286	0.01167	0.00363	0.01379	0.01156	0.00808	0.01641
5	0.02630	0.01527	0.01885	0.01698	0.02165	0.01434	0.01327	0.07857	0.03084	0.15959	0.16629	0.16007	0.15462	0.02353	0.01294	0.00385	0.00772	0.05045	0.01178	0.01308
6	0.53742	0.02021	0.01728	0.01523	0.02181	0.02254	0.01241	0.03368	0.02204	0.09741	0.08383	0.02861	0.02570	0.01239	0.00819	0.00349	0.00836	0.00842	0.00833	0.01266
7	0.02635	0.01313	0.01841	0.01654	0.01991	0.01253	0.01253	0.02810	0.02447	0.16788	0.16177	0.05009	0.04600	0.03562	0.11276	0.20806	0.01193	0.01335	0.00948	0.01109
8	0.02456	0.01847	0.01983	0.01952	0.02210	0.08313	0.01436	0.02708	0.02420	0.11362	0.04855	0.37186	0.05292	0.02710	0.01565	0.00421	0.06822	0.02313	0.00986	0.01163
9	0.02296	0.07285	0.02638	0.10956	0.03176	0.02074	0.01847	0.02705	0.02397	0.08543	0.07947	0.14737	0.09203	0.02194	0.01660	0.00410	0.10586	0.07274	0.00861	0.01210
10	0.08536	0.09051	0.32320	0.02655	0.03964	0.07294	0.03048	0.03481	0.02392	0.03575	0.01915	0.02244	0.01453	0.01026	0.00963	0.00308	0.01443	0.00755	0.00539	0.13038
11	0.18170	0.13676	0.20287	0.08126	0.08650	0.02842	0.02735	0.03528	0.02317	0.07250	0.02011	0.02349	0.01517	0.01067	0.00935	0.00333	0.01300	0.00793	0.00603	0.01510

[dist]
# distance from previous block
# <min> <max>
2	14

[block]
# block no. 8 follows, 11 sequences, length 23
# corresponding to MSA columns:
# 491-513
name=unknown_I
#
# <colnr> <probs for GDERKNQSTAVLIFYWHMCP>
#	G	D	E	R	K	N	Q	S	T	A	V	L	I	F	Y	W	H	M	C	P
0	0.02140	0.01964	0.02956	0.23359	0.04536	0.02495	0.02464	0.02651	0.02214	0.03064	0.07683	0.04937	0.03237	0.01870	0.02133	0.00438	0.21634	0.08376	0.00660	0.01189
1	0.02767	0.12324	0.03225	0.09037	0.03337	0.02284	0.05336	0.07833	0.02808	0.11784	0.07735	0.18935	0.04140	0.01906	0.01172	0.00364	0.01050	0.01667	0.00922	0.01373
2	0.02279	0.01383	0.01925	0.08558	0.02654	0.01338	0.01427	0.02791	0.02987	0.13351	0.33523	0.11320	0.07761	0.02092	0.01276	0.00364	0.00741	0.01840	0.01159	0.01230
3	0.04072	0.02214	0.02690	0.02170	0.02923	0.02214	0.01796	0.20576	0.03879	0.26756	0.08189	0.04928	0.03612	0.01670	0.01199	0.00366	0.01031	0.06741	0.01240	0.01732
4	0.02840	0.02213	0.07935	0.02005	0.02676	0.01874	0.01752	0.04194	0.16933	0.16353	0.21798	0.05439	0.05669	0.01726	0.01200	0.00361	0.00861	0.01467	0.01165	0.01539
5	0.02334	0.01888	0.02771	0.35013	0.05454	0.02218	0.02376	0.08586	0.02745	0.03804	0.07612	0.03732	0.02735	0.01307	0.01086	0.00348	0.01195	0.01117	0.12400	0.01278
6	0.03211	0.02744	0.08586	0.11312	0.03908	0.02579	0.02259	0.23510	0.03870	0.09320	0.13069	0.03992	0.03673	0.01484	0.01162	0.00350	0.01158	0.01213	0.00998	0.01602
7	0.01744	0.01431	0.02156	0.11031	0.02987	0.01721	0.01740	0.02153	0.01928	0.02708	0.03204	0.12952	0.03209	0.05767	0.32662	0.01217	0.08217	0.01472	0.00646	0.01054
8	0.02585	0.13581	0.07155	0.06597	0.09319	0.02409	0.02082	0.06797	0.02730	0.07747	0.10973	0.09597	0.03887	0.02323	0.06886	0.00493	0.01284	0.01338	0.00812	0.01403
9	0.36828	0.08149	0.02553	0.01788	0.02562	0.02387	0.04770	0.03264	0.02227	0.08042	0.02926	0.03076	0.06903	0.01220	0.00862	0.00320	0.00949	0.00893	0.00751	0.09528
10	0.30055	0.08779	0.06801	0.06394	0.02999	0.02380	0.01757	0.03491	0.02296	0.13392	0.02755	0.09556	0.02353	0.01419	0.00939	0.00353	0.01014	0.01080	0.00812	0.01375
11	0.15811	0.11987	0.03406	0.15190	0.04023	0.03084	0.02161	0.12959	0.02833	0.08009	0.02111	0.02512	0.01618	0.01256	0.01297	0.00353	0.08325	0.00870	0.00732	0.01462
12	0.02232	0.02715	0.10984	0.02990	0.12259	0.07685	0.02170	0.02773	0.02483	0.03348	0.07269	0.22198	0.04252	0.01959	0.01186	0.00355	0.01112	0.01721	0.00776	0.09533
13	0.02649	0.02419	0.08355	0.02709	0.06810	0.02142	0.06819	0.10531	0.02984	0.08447	0.13038	0.09186	0.04321	0.08201	0.01900	0.00452	0.05248	0.01490	0.00901	0.01398
14	0.03534	0.02877	0.12463	0.06610	0.03926	0.02270	0.08165	0.11569	0.03264	0.21959	0.08624	0.03733	0.03039	0.01354	0.01165	0.00354	0.01239	0.01174	0.01001	0.01678
15	0.09295	0.01704	0.05990	0.01597	0.02044	0.01401	0.01342	0.02578	0.02818	0.08016	0.34082	0.06723	0.07535	0.08116	0.01685	0.00431	0.00754	0.01667	0.01069	0.01154
16	0.02845	0.07446	0.11254	0.09116	0.03612	0.02413	0.02210	0.11740	0.07252	0.09970	0.15764	0.04343	0.04226	0.01511	0.01138	0.00347	0.01094	0.01249	0.00950	0.01521
17	0.02041	0.01390	0.02000	0.06812	0.07960	0.01361	0.01514	0.02395	0.02435	0.08567	0.12563	0.29055	0.06008	0.08476	0.01767	0.00474	0.00856	0.02205	0.00977	0.01144
18	0.07895	0.02573	0.07735	0.06598	0.03037	0.08576	0.01823	0.06998	0.02639	0.12286	0.03402	0.12890	0.03189	0.13056	0.02016	0.00505	0.01203	0.01423	0.00853	0.01304
19	0.02877	0.02448	0.02367	0.02091	0.02599	0.08884	0.01623	0.16273	0.11226	0.04419	0.07910	0.05836	0.07867	0.11404	0.01947	0.00487	0.01125	0.06265	0.00980	0.01374
20	0.02222	0.03105	0.17420	0.03627	0.13235	0.02383	0.07596	0.02920	0.02239	0.03238	0.02760	0.12053	0.02655	0.02366	0.07378	0.00546	0.10872	0.01364	0.00609	0.01410
21	0.02262	0.01919	0.02667	0.26906	0.04815	0.02210	0.02261	0.07836	0.09885	0.03646	0.04148	0.11110	0.07456	0.01831	0.01226	0.00397	0.01160	0.06128	0.00824	0.01312
22	0.02491	0.01863	0.02509	0.11412	0.06990	0.02033	0.01972	0.07150	0.12092	0.07873	0.04117	0.14752	0.03855	0.02682	0.07017	0.00552	0.01255	0.07070	0.00928	0.01388

[dist]
# distance from previous block
# <min> <max>
0	93

# created by:
# /st0/software/busco_prod/Augustus/scripts/msa2prfl.pl ./align_prep/11481.fa
