[name]
unknown

[dist]
# distance from previous block
# <min> <max>
0	322

[block]
# block no. 0 follows, 12 sequences, length 14
# corresponding to MSA columns:
# 381-394
name=unknown_A
#
# <colnr> <probs for GDERKNQSTAVLIFYWHMCP>
#	G	D	E	R	K	N	Q	S	T	A	V	L	I	F	Y	W	H	M	C	P
0	0.01692	0.01337	0.02119	0.02127	0.02407	0.01292	0.07218	0.02125	0.02359	0.03110	0.05445	0.29448	0.06087	0.02919	0.01438	0.00464	0.00962	0.25483	0.00954	0.01014
1	0.02585	0.01596	0.02111	0.01863	0.02233	0.01731	0.01469	0.06563	0.02375	0.14890	0.03920	0.04715	0.07932	0.09966	0.23211	0.00963	0.08541	0.01269	0.00836	0.01232
2	0.02059	0.01938	0.03270	0.59060	0.07510	0.02422	0.03028	0.02786	0.02180	0.02786	0.01938	0.02907	0.01453	0.01090	0.01090	0.00363	0.01453	0.00969	0.00484	0.01211
3	0.03325	0.08673	0.07086	0.02266	0.06197	0.05841	0.01851	0.03833	0.02609	0.20188	0.02648	0.02687	0.01917	0.01045	0.00937	0.00259	0.01057	0.00822	0.00828	0.25932
4	0.02315	0.01431	0.01586	0.01407	0.01820	0.01414	0.01095	0.10123	0.03002	0.07823	0.15947	0.05867	0.13589	0.01761	0.01046	0.00311	0.00655	0.01457	0.26160	0.01190
5	0.02136	0.26875	0.03270	0.01742	0.02306	0.02464	0.01591	0.02523	0.02381	0.02897	0.05190	0.07456	0.15229	0.02082	0.01118	0.00359	0.00969	0.17484	0.00780	0.01151
6	0.02824	0.11022	0.07894	0.07157	0.13098	0.02634	0.06177	0.03348	0.02343	0.12026	0.02628	0.08299	0.02271	0.01443	0.01518	0.00360	0.11655	0.01151	0.00693	0.01461
7	0.02946	0.10715	0.08340	0.08107	0.03520	0.02471	0.05788	0.04159	0.15638	0.14430	0.03223	0.03637	0.02489	0.07973	0.01551	0.00418	0.01149	0.01089	0.00851	0.01505
8	0.01320	0.00981	0.01232	0.01432	0.01559	0.00893	0.00974	0.01528	0.02170	0.02817	0.07057	0.50467	0.17037	0.03280	0.01370	0.00427	0.00616	0.02934	0.01012	0.00893
9	0.02650	0.02096	0.03116	0.15134	0.14555	0.05721	0.06073	0.03092	0.02357	0.10630	0.02848	0.09833	0.02508	0.02115	0.05223	0.07425	0.01360	0.01255	0.00700	0.01308
10	0.07695	0.09892	0.17738	0.03002	0.04059	0.11714	0.14505	0.03866	0.02588	0.11479	0.02264	0.02531	0.01646	0.01058	0.01039	0.00327	0.01521	0.00915	0.00654	0.01506
11	0.03515	0.01869	0.02595	0.02437	0.07871	0.01875	0.01751	0.07055	0.02829	0.27514	0.10406	0.03959	0.03374	0.01770	0.01764	0.07940	0.07789	0.01166	0.01028	0.01494
12	0.01915	0.01277	0.01519	0.01429	0.01800	0.01176	0.01080	0.02504	0.06735	0.09701	0.24099	0.14017	0.23818	0.02384	0.01263	0.00364	0.00617	0.02051	0.01124	0.01127
13	0.02855	0.07301	0.09251	0.06926	0.04225	0.02396	0.19930	0.03751	0.06596	0.13747	0.03690	0.03870	0.07829	0.01279	0.01151	0.00349	0.01335	0.01235	0.00786	0.01496

[dist]
# distance from previous block
# <min> <max>
0	16

[block]
# block no. 1 follows, 12 sequences, length 50
# corresponding to MSA columns:
# 411-460
name=unknown_B
#
# <colnr> <probs for GDERKNQSTAVLIFYWHMCP>
#	G	D	E	R	K	N	Q	S	T	A	V	L	I	F	Y	W	H	M	C	P
0	0.02784	0.02499	0.03917	0.24057	0.15006	0.02746	0.10016	0.14422	0.06275	0.04103	0.02320	0.02881	0.01751	0.01118	0.01119	0.00349	0.01384	0.01038	0.00686	0.01531
1	0.13522	0.02160	0.03227	0.16984	0.12082	0.02541	0.06085	0.02877	0.02183	0.03456	0.07707	0.03154	0.02460	0.01371	0.01653	0.00378	0.15228	0.01040	0.00609	0.01282
2	0.02482	0.02523	0.08603	0.24398	0.05001	0.02356	0.06030	0.11869	0.02869	0.03937	0.07035	0.03188	0.02396	0.01177	0.01074	0.00322	0.01262	0.01023	0.00693	0.11763
3	0.02583	0.02379	0.03886	0.23726	0.05257	0.02681	0.14157	0.12592	0.02803	0.03760	0.02398	0.07299	0.02026	0.01366	0.01442	0.00376	0.08018	0.01212	0.00663	0.01376
4	0.01625	0.01177	0.01477	0.01490	0.01708	0.01149	0.01073	0.02187	0.07876	0.03534	0.25473	0.22852	0.11167	0.02716	0.01635	0.08061	0.00638	0.02134	0.01038	0.00990
5	0.01960	0.09742	0.02328	0.01827	0.02092	0.01891	0.01434	0.05902	0.02288	0.03045	0.04228	0.28867	0.04749	0.07535	0.05468	0.00548	0.07047	0.07151	0.00832	0.01066
6	0.01358	0.00972	0.01292	0.01498	0.01588	0.00905	0.01014	0.01592	0.02225	0.03001	0.12635	0.53722	0.07634	0.03253	0.01377	0.00429	0.00616	0.02945	0.01038	0.00905
7	0.02580	0.23318	0.04345	0.16324	0.07992	0.03265	0.06148	0.03487	0.09853	0.03072	0.02143	0.02609	0.01751	0.01159	0.01237	0.00328	0.07499	0.00897	0.00581	0.01411
8	0.69383	0.02109	0.01603	0.01434	0.02109	0.02446	0.01181	0.03205	0.01856	0.04892	0.01518	0.01771	0.01181	0.01012	0.00675	0.00337	0.00843	0.00590	0.00675	0.01181
9	0.09527	0.01903	0.02737	0.02235	0.02807	0.01900	0.09724	0.09144	0.02453	0.03636	0.02557	0.03949	0.02311	0.02583	0.07572	0.15505	0.01309	0.06219	0.00690	0.11240
10	0.03247	0.02133	0.03124	0.15938	0.04240	0.02113	0.07196	0.07461	0.06743	0.20050	0.02956	0.03113	0.02074	0.01147	0.01062	0.00316	0.01144	0.01004	0.00887	0.14050
11	0.62003	0.02216	0.01791	0.01555	0.02253	0.02552	0.01282	0.08639	0.02226	0.05116	0.01643	0.01867	0.01257	0.01046	0.00722	0.00336	0.00884	0.00635	0.00722	0.01257
12	0.03956	0.02717	0.02960	0.02311	0.03114	0.02960	0.01896	0.39244	0.08200	0.11691	0.03004	0.02953	0.02125	0.01323	0.01067	0.00326	0.01093	0.01015	0.06266	0.01780
13	0.69383	0.02109	0.01603	0.01434	0.02109	0.02446	0.01181	0.03205	0.01856	0.04892	0.01518	0.01771	0.01181	0.01012	0.00675	0.00337	0.00843	0.00590	0.00675	0.01181
14	0.02699	0.02591	0.04426	0.06693	0.54879	0.02591	0.03346	0.03346	0.02483	0.03562	0.02051	0.02699	0.01727	0.00972	0.01079	0.00324	0.01295	0.00972	0.00540	0.01727
15	0.03992	0.02978	0.03186	0.02478	0.03323	0.03310	0.02035	0.46391	0.10228	0.06625	0.02812	0.02773	0.02012	0.01327	0.01093	0.00332	0.01164	0.01008	0.01093	0.01841
16	0.01479	0.01100	0.01377	0.01333	0.01596	0.00998	0.00990	0.01924	0.02897	0.03983	0.42489	0.12663	0.18303	0.02420	0.01295	0.00355	0.00531	0.02121	0.01151	0.00998
17	0.04665	0.02220	0.02756	0.02113	0.02965	0.02143	0.01745	0.19281	0.03731	0.40805	0.03790	0.03379	0.02442	0.01337	0.01095	0.00334	0.01011	0.01062	0.01271	0.01855
18	0.01428	0.00975	0.01260	0.01448	0.01554	0.00916	0.00987	0.01688	0.02222	0.03100	0.11210	0.48919	0.07088	0.03053	0.01313	0.00411	0.00606	0.02750	0.08156	0.00916
19	0.03275	0.01500	0.02067	0.01763	0.02297	0.01391	0.01400	0.03688	0.02732	0.30552	0.13157	0.09060	0.04424	0.03178	0.13597	0.00659	0.01271	0.01425	0.01127	0.01436
20	0.13536	0.02869	0.02743	0.10050	0.03570	0.13541	0.01990	0.17670	0.03322	0.10311	0.02686	0.03518	0.02157	0.01377	0.01050	0.00344	0.01284	0.05666	0.00859	0.01458
21	0.01349	0.00965	0.01283	0.01504	0.01586	0.00899	0.01014	0.01569	0.02182	0.02934	0.10574	0.55977	0.07502	0.03304	0.01382	0.00433	0.00621	0.02993	0.01030	0.00899
22	0.01543	0.01115	0.01457	0.01372	0.01629	0.01029	0.01029	0.02058	0.03086	0.04372	0.54304	0.08145	0.10288	0.02229	0.01286	0.00343	0.00514	0.01972	0.01200	0.01029
23	0.03134	0.02702	0.14462	0.02326	0.03088	0.02054	0.02240	0.08123	0.02772	0.20699	0.03669	0.10209	0.03135	0.01779	0.01450	0.00387	0.07733	0.07582	0.00945	0.01509
24	0.01951	0.01291	0.02062	0.21410	0.03532	0.01459	0.01669	0.01894	0.01684	0.02203	0.01909	0.03173	0.01741	0.02852	0.03162	0.44724	0.01123	0.00955	0.00477	0.00729
25	0.04614	0.02245	0.08033	0.02060	0.02982	0.01698	0.01852	0.05122	0.03037	0.50268	0.04060	0.03566	0.02564	0.01317	0.01090	0.00338	0.00998	0.01067	0.01258	0.01830
26	0.02059	0.01938	0.03270	0.59060	0.07510	0.02422	0.03028	0.02786	0.02180	0.02786	0.01938	0.02907	0.01453	0.01090	0.01090	0.00363	0.01453	0.00969	0.00484	0.01211
27	0.03695	0.02289	0.07326	0.02891	0.08799	0.01873	0.09358	0.04255	0.02790	0.32177	0.03756	0.09854	0.02846	0.01454	0.01152	0.00353	0.01124	0.01316	0.01035	0.01655
28	0.03150	0.10870	0.03931	0.02739	0.03471	0.07103	0.12609	0.12579	0.07740	0.09461	0.02916	0.08756	0.02462	0.01438	0.01289	0.00348	0.05593	0.01224	0.00821	0.01501
29	0.64151	0.06849	0.01926	0.01468	0.02163	0.02593	0.01235	0.03210	0.01884	0.04709	0.01518	0.01770	0.01198	0.01006	0.00677	0.00329	0.00869	0.00590	0.00658	0.01198
30	0.02132	0.01296	0.01791	0.01676	0.01784	0.01422	0.01214	0.06688	0.01852	0.02523	0.02030	0.03262	0.01933	0.03802	0.08900	0.49746	0.05713	0.00972	0.00548	0.00719
31	0.01508	0.01180	0.01529	0.01553	0.01719	0.01201	0.01138	0.01825	0.02437	0.03325	0.22529	0.29698	0.14367	0.02761	0.01575	0.00402	0.06885	0.02376	0.01019	0.00972
32	0.02908	0.01417	0.01895	0.01603	0.02100	0.01263	0.01263	0.03385	0.03100	0.25270	0.33919	0.06337	0.07194	0.01871	0.01209	0.00341	0.00683	0.01615	0.01261	0.01366
33	0.01887	0.01126	0.01509	0.01586	0.01805	0.01037	0.01151	0.02190	0.02440	0.10356	0.14454	0.40030	0.07078	0.02889	0.01341	0.00415	0.00679	0.05883	0.01092	0.01053
34	0.01558	0.01168	0.01752	0.01752	0.01947	0.01363	0.01363	0.01947	0.01752	0.02531	0.02921	0.04283	0.02726	0.08178	0.57360	0.01752	0.02921	0.01168	0.00584	0.00974
35	0.01469	0.01085	0.01372	0.01356	0.01597	0.00988	0.00996	0.01893	0.02828	0.03890	0.39672	0.17363	0.16434	0.02509	0.01304	0.00364	0.00540	0.02211	0.01140	0.00988
36	0.02261	0.01938	0.02261	0.01615	0.02584	0.01453	0.01292	0.02745	0.02261	0.03553	0.01938	0.02261	0.01615	0.00807	0.00807	0.00161	0.00807	0.00646	0.00646	0.68346
37	0.03754	0.11315	0.03586	0.08270	0.03725	0.09510	0.02146	0.34374	0.04194	0.05385	0.02291	0.02455	0.01700	0.01214	0.01025	0.00313	0.01308	0.00894	0.00883	0.01659
38	0.19403	0.01787	0.02087	0.01683	0.02399	0.01709	0.01378	0.04406	0.02702	0.36089	0.03544	0.03315	0.02362	0.01259	0.00948	0.00325	0.00845	0.00967	0.11219	0.01572
39	0.02097	0.02095	0.08265	0.08400	0.07800	0.01836	0.01874	0.07528	0.06164	0.03453	0.07273	0.16646	0.04092	0.15108	0.02150	0.00523	0.01054	0.01639	0.00800	0.01204
40	0.03521	0.02888	0.13923	0.02342	0.03201	0.02306	0.02233	0.14435	0.03239	0.22611	0.08796	0.03538	0.02963	0.01431	0.01359	0.00352	0.07128	0.01094	0.00998	0.01642
41	0.01436	0.01026	0.01388	0.01641	0.01751	0.00978	0.01199	0.01704	0.02193	0.02904	0.05950	0.48766	0.06977	0.03315	0.01420	0.00458	0.00726	0.14242	0.01010	0.00915
42	0.02074	0.01633	0.01824	0.01683	0.02103	0.01744	0.01289	0.03675	0.24413	0.04319	0.24850	0.06178	0.09843	0.01855	0.01161	0.00348	0.00667	0.01588	0.07435	0.01320
43	0.02540	0.02141	0.03496	0.23149	0.05008	0.02301	0.12967	0.03691	0.12417	0.09287	0.03730	0.04045	0.07665	0.01337	0.01159	0.00363	0.01266	0.01248	0.00777	0.01412
44	0.30185	0.02135	0.02093	0.07689	0.02775	0.06504	0.01576	0.03012	0.05268	0.03681	0.02325	0.06751	0.02141	0.06195	0.06823	0.00543	0.07473	0.01013	0.00667	0.01151
45	0.40593	0.02526	0.02339	0.01908	0.02670	0.02859	0.01574	0.24404	0.03299	0.05766	0.02003	0.02145	0.01478	0.01143	0.00858	0.00333	0.01001	0.00763	0.00858	0.01478
46	0.02835	0.02392	0.02498	0.02189	0.02721	0.07575	0.01730	0.17316	0.15983	0.04312	0.03107	0.03531	0.02505	0.03819	0.21433	0.00849	0.01808	0.01087	0.00862	0.01447
47	0.01574	0.01103	0.01424	0.01424	0.01505	0.01185	0.00954	0.01736	0.01655	0.02288	0.03221	0.05945	0.03447	0.39358	0.27166	0.01347	0.01835	0.01411	0.00629	0.00791
48	0.03431	0.02561	0.03109	0.02497	0.03146	0.06809	0.06861	0.18296	0.06675	0.14377	0.07070	0.07588	0.03057	0.01563	0.01408	0.00358	0.07401	0.01258	0.00981	0.01555
49	0.02216	0.02069	0.03485	0.35059	0.22728	0.02359	0.02946	0.02878	0.02233	0.03017	0.02087	0.02993	0.01689	0.01852	0.07451	0.00507	0.01567	0.00992	0.00514	0.01357

[dist]
# distance from previous block
# <min> <max>
0	4

[block]
# block no. 2 follows, 12 sequences, length 27
# corresponding to MSA columns:
# 482-508
name=unknown_C
#
# <colnr> <probs for GDERKNQSTAVLIFYWHMCP>
#	G	D	E	R	K	N	Q	S	T	A	V	L	I	F	Y	W	H	M	C	P
0	0.36818	0.08799	0.18549	0.02470	0.07921	0.02659	0.02301	0.03298	0.02082	0.04120	0.01699	0.02015	0.01313	0.01008	0.00823	0.00329	0.01146	0.00690	0.00579	0.01381
1	0.09185	0.08400	0.13434	0.02241	0.03168	0.02287	0.06579	0.08075	0.02689	0.13455	0.02651	0.02835	0.01927	0.01116	0.00947	0.00303	0.01109	0.00902	0.11830	0.06866
2	0.08813	0.19415	0.13342	0.02263	0.03266	0.03110	0.02225	0.17945	0.03221	0.12992	0.02387	0.02436	0.01730	0.01139	0.00942	0.00307	0.01192	0.00828	0.00815	0.01632
3	0.56882	0.13436	0.02376	0.01515	0.02238	0.02797	0.01310	0.03216	0.01923	0.04454	0.01518	0.01767	0.01222	0.00997	0.00679	0.00318	0.00904	0.00589	0.00636	0.01222
4	0.12157	0.01427	0.01971	0.01882	0.02228	0.01402	0.05890	0.02387	0.02235	0.08190	0.04784	0.36578	0.05258	0.02582	0.01256	0.00415	0.00841	0.06481	0.00948	0.01088
5	0.01809	0.00981	0.01381	0.01374	0.01394	0.00974	0.00900	0.01502	0.01585	0.02134	0.06388	0.04411	0.02952	0.14403	0.04261	0.50352	0.00933	0.01148	0.00567	0.00553
6	0.02923	0.46649	0.13728	0.02175	0.03179	0.09890	0.02249	0.03417	0.02327	0.02723	0.01607	0.01864	0.01397	0.00971	0.00787	0.00257	0.01328	0.00633	0.00476	0.01419
7	0.02625	0.02244	0.02401	0.02200	0.02783	0.02580	0.01729	0.05473	0.48334	0.04443	0.04559	0.04815	0.03596	0.01618	0.01145	0.00382	0.00876	0.05437	0.01100	0.01660
8	0.02027	0.01709	0.02000	0.01552	0.02326	0.01317	0.01206	0.02447	0.02256	0.03379	0.03419	0.11957	0.07469	0.01389	0.00942	0.00224	0.00757	0.01175	0.00736	0.51714
9	0.02817	0.31078	0.15104	0.02505	0.03506	0.08593	0.06753	0.03810	0.10047	0.03140	0.02127	0.02341	0.01712	0.01053	0.00909	0.00293	0.01346	0.00801	0.00580	0.01485
10	0.03655	0.02233	0.02698	0.02169	0.02753	0.02465	0.01783	0.19958	0.03371	0.19718	0.03021	0.03127	0.02169	0.01436	0.01545	0.00349	0.12911	0.01015	0.12041	0.01582
11	0.04892	0.01856	0.02530	0.01940	0.02783	0.01603	0.01603	0.05314	0.03121	0.55634	0.04302	0.03711	0.02699	0.01350	0.01096	0.00337	0.00928	0.01096	0.01350	0.01856
12	0.02510	0.02125	0.03827	0.24956	0.10131	0.02237	0.14500	0.03206	0.02464	0.08966	0.02910	0.04535	0.02463	0.01383	0.01207	0.00381	0.01401	0.08749	0.00688	0.01361
13	0.01879	0.01659	0.02995	0.11794	0.03630	0.01709	0.13711	0.02334	0.02184	0.02967	0.07929	0.15524	0.03787	0.03225	0.11959	0.07830	0.01511	0.01610	0.00693	0.01070
14	0.01359	0.01026	0.01222	0.01337	0.01513	0.00926	0.00919	0.01588	0.02262	0.02916	0.11751	0.34394	0.22906	0.08566	0.01739	0.00467	0.00635	0.02591	0.00996	0.00889
15	0.01324	0.00966	0.01247	0.01472	0.01569	0.00889	0.00992	0.01523	0.02132	0.02801	0.06567	0.55378	0.12443	0.03343	0.01380	0.00435	0.00624	0.03011	0.01012	0.00889
16	0.02712	0.02598	0.04325	0.10140	0.26956	0.02827	0.10930	0.08256	0.02596	0.03651	0.02010	0.02691	0.01647	0.01186	0.01586	0.00364	0.12372	0.01022	0.00583	0.01548
17	0.13367	0.02460	0.02566	0.02157	0.02646	0.07645	0.01719	0.17053	0.02925	0.09042	0.02178	0.02634	0.01727	0.01854	0.02074	0.14181	0.10794	0.00895	0.00775	0.01306
18	0.01525	0.01159	0.01427	0.01535	0.01749	0.01118	0.01118	0.02079	0.07072	0.03282	0.14667	0.34197	0.15071	0.02895	0.01341	0.00413	0.00655	0.06642	0.01052	0.01004
19	0.02685	0.01780	0.02988	0.05565	0.05943	0.01676	0.11610	0.03215	0.02685	0.16971	0.12803	0.15436	0.04788	0.01883	0.01251	0.00376	0.01039	0.04970	0.00985	0.01351
20	0.03517	0.18620	0.10094	0.02686	0.03639	0.11813	0.11171	0.04083	0.02690	0.17757	0.02503	0.02618	0.01810	0.01090	0.01004	0.00308	0.01405	0.00902	0.00745	0.01542
21	0.11273	0.02510	0.07567	0.02103	0.02956	0.02232	0.01865	0.17520	0.03464	0.26839	0.07758	0.03452	0.02846	0.01350	0.01059	0.00336	0.01022	0.01059	0.01105	0.01684
22	0.02884	0.02197	0.02905	0.02429	0.02762	0.02653	0.01991	0.08363	0.02387	0.11947	0.02509	0.08053	0.02241	0.01786	0.02430	0.00405	0.32498	0.01151	0.00755	0.07656
23	0.13939	0.02775	0.02674	0.12875	0.03726	0.16312	0.01938	0.04268	0.02743	0.24229	0.02755	0.02813	0.01898	0.01191	0.01002	0.00328	0.01283	0.00893	0.00880	0.01478
24	0.08859	0.08697	0.16724	0.02601	0.08089	0.02390	0.02334	0.08657	0.02737	0.09518	0.07060	0.02959	0.02451	0.01157	0.00977	0.00301	0.01128	0.00915	0.00749	0.11697
25	0.02992	0.08473	0.13407	0.02761	0.03708	0.02692	0.11317	0.12012	0.12414	0.09897	0.03091	0.07111	0.02443	0.01339	0.01107	0.00347	0.01257	0.01181	0.00844	0.01604
26	0.01924	0.01238	0.01579	0.01637	0.01859	0.01192	0.01164	0.06511	0.02537	0.07996	0.09208	0.46441	0.06546	0.02946	0.01329	0.00415	0.00703	0.02639	0.01064	0.01073

[dist]
# distance from previous block
# <min> <max>
6	64

[block]
# block no. 3 follows, 12 sequences, length 11
# corresponding to MSA columns:
# 574-584
name=unknown_D
#
# <colnr> <probs for GDERKNQSTAVLIFYWHMCP>
#	G	D	E	R	K	N	Q	S	T	A	V	L	I	F	Y	W	H	M	C	P
0	0.07872	0.11552	0.08872	0.07863	0.04228	0.02577	0.20689	0.03127	0.02373	0.03415	0.02600	0.03997	0.02266	0.01272	0.01101	0.00353	0.01387	0.07481	0.05648	0.01327
1	0.03500	0.02780	0.02721	0.02252	0.02996	0.10153	0.01787	0.15501	0.21460	0.12365	0.03316	0.03172	0.02422	0.01290	0.01049	0.00318	0.01096	0.01010	0.01009	0.09806
2	0.01811	0.01101	0.01443	0.01519	0.01733	0.01001	0.01076	0.02085	0.02399	0.09755	0.13418	0.41968	0.10649	0.02926	0.01331	0.00409	0.00646	0.02616	0.01083	0.01033
3	0.02864	0.02120	0.02715	0.09425	0.03330	0.05519	0.05927	0.12971	0.02889	0.11274	0.03310	0.11966	0.03020	0.10550	0.06616	0.00575	0.01343	0.01410	0.00856	0.01321
4	0.02566	0.35174	0.29821	0.02461	0.03719	0.03461	0.02902	0.03355	0.02257	0.02991	0.01727	0.02014	0.01391	0.00982	0.00861	0.00287	0.01379	0.00690	0.00464	0.01501
5	0.20258	0.01352	0.01437	0.01443	0.01771	0.01414	0.01084	0.02145	0.02206	0.03630	0.13383	0.20294	0.12237	0.03114	0.08960	0.00568	0.00978	0.01826	0.00891	0.01009
6	0.03290	0.01468	0.01983	0.01719	0.02239	0.01299	0.01334	0.03665	0.02828	0.31585	0.13942	0.20397	0.05341	0.02084	0.01213	0.00368	0.00770	0.01812	0.01229	0.01435
7	0.07241	0.03902	0.27895	0.03041	0.10183	0.06686	0.02880	0.03352	0.02424	0.07907	0.03130	0.08063	0.05899	0.01391	0.01066	0.00346	0.01325	0.01135	0.00658	0.01475
8	0.03694	0.02578	0.09341	0.07499	0.07753	0.02223	0.02242	0.14149	0.03195	0.25560	0.03153	0.03205	0.02175	0.01838	0.05935	0.00459	0.01316	0.01022	0.00980	0.01684
9	0.50939	0.02103	0.01810	0.01606	0.02233	0.02388	0.01293	0.10199	0.02376	0.04921	0.02254	0.09426	0.02049	0.01362	0.00828	0.00349	0.00870	0.00968	0.00780	0.01244
10	0.02083	0.11062	0.09190	0.01900	0.02417	0.01967	0.01673	0.08994	0.02628	0.03518	0.07754	0.32764	0.05068	0.02363	0.01193	0.00376	0.00908	0.02056	0.00884	0.01200

[dist]
# distance from previous block
# <min> <max>
3	6

[block]
# block no. 4 follows, 12 sequences, length 13
# corresponding to MSA columns:
# 591-603
name=unknown_E
#
# <colnr> <probs for GDERKNQSTAVLIFYWHMCP>
#	G	D	E	R	K	N	Q	S	T	A	V	L	I	F	Y	W	H	M	C	P
0	0.03501	0.03059	0.11607	0.02817	0.03766	0.07208	0.12579	0.04643	0.12167	0.22198	0.03284	0.03240	0.02275	0.01213	0.01120	0.00346	0.01308	0.01083	0.00927	0.01658
1	0.02542	0.05247	0.02515	0.01971	0.02426	0.01747	0.05368	0.02922	0.02538	0.15843	0.12198	0.16248	0.12292	0.02107	0.01511	0.00377	0.08135	0.01766	0.00985	0.01262
2	0.03391	0.01658	0.02150	0.01748	0.02391	0.01491	0.01397	0.04063	0.07044	0.30219	0.20534	0.05072	0.05149	0.01602	0.01135	0.00327	0.00776	0.01356	0.01221	0.07276
3	0.01688	0.01267	0.01583	0.01477	0.01779	0.01238	0.01115	0.02521	0.09271	0.04396	0.48113	0.07639	0.09424	0.02136	0.01264	0.00346	0.00558	0.01880	0.01189	0.01115
4	0.03219	0.28693	0.09875	0.02459	0.03406	0.08110	0.08141	0.03973	0.06848	0.11912	0.02383	0.02503	0.01814	0.01076	0.00934	0.00295	0.01301	0.00846	0.00689	0.01523
5	0.04285	0.02249	0.02434	0.01957	0.02678	0.08587	0.01578	0.08880	0.03169	0.36787	0.03712	0.03451	0.02477	0.01306	0.01031	0.00317	0.01017	0.01025	0.11409	0.01653
6	0.03960	0.01628	0.02168	0.01735	0.02406	0.01433	0.01406	0.04409	0.03026	0.40545	0.13603	0.04580	0.04133	0.01506	0.01097	0.00330	0.00806	0.01252	0.08367	0.01611
7	0.01434	0.01139	0.01463	0.07279	0.02218	0.01094	0.01230	0.01743	0.02287	0.02894	0.07403	0.31523	0.23711	0.02898	0.01336	0.00414	0.00726	0.07309	0.00958	0.00944
8	0.03338	0.14756	0.03641	0.10765	0.03726	0.02611	0.06295	0.08784	0.06472	0.19084	0.07135	0.03389	0.02730	0.01262	0.01045	0.00324	0.01127	0.01057	0.00907	0.01551
9	0.01806	0.01152	0.01460	0.01420	0.01713	0.01035	0.01050	0.02184	0.02727	0.09279	0.28650	0.21385	0.16929	0.02531	0.01292	0.00372	0.00596	0.02222	0.01134	0.01062
10	0.01760	0.01492	0.02151	0.02787	0.16223	0.01408	0.01610	0.02199	0.02608	0.03528	0.21057	0.15371	0.19170	0.02206	0.01246	0.00360	0.00757	0.01957	0.00940	0.01170
11	0.09698	0.23851	0.18639	0.13187	0.04210	0.07625	0.02639	0.03309	0.02267	0.03111	0.01734	0.02145	0.01382	0.01016	0.00889	0.00304	0.01377	0.00730	0.00498	0.01388
12	0.03174	0.04043	0.27069	0.03044	0.04253	0.07245	0.12160	0.04053	0.02650	0.17738	0.02625	0.02782	0.01798	0.01108	0.01096	0.00342	0.01499	0.00968	0.00731	0.01620

[dist]
# distance from previous block
# <min> <max>
3	16

[block]
# block no. 5 follows, 12 sequences, length 25
# corresponding to MSA columns:
# 620-644
name=unknown_F
#
# <colnr> <probs for GDERKNQSTAVLIFYWHMCP>
#	G	D	E	R	K	N	Q	S	T	A	V	L	I	F	Y	W	H	M	C	P
0	0.14318	0.06456	0.03881	0.11303	0.04289	0.06655	0.15374	0.08711	0.02769	0.12478	0.02358	0.02686	0.01704	0.01089	0.01043	0.00338	0.01363	0.00971	0.00746	0.01467
1	0.12641	0.02507	0.03673	0.03982	0.20883	0.02611	0.09509	0.08333	0.12626	0.08388	0.02697	0.02943	0.02042	0.01130	0.01060	0.00343	0.01187	0.01025	0.00788	0.01632
2	0.23780	0.22061	0.09211	0.02069	0.03013	0.02929	0.06282	0.03203	0.02151	0.03641	0.01695	0.02006	0.01386	0.00947	0.00798	0.00279	0.01114	0.00684	0.00569	0.12181
3	0.07115	0.01864	0.02602	0.07511	0.06313	0.01902	0.05463	0.06417	0.02653	0.03916	0.16537	0.10168	0.04518	0.01644	0.01288	0.00334	0.05091	0.01407	0.00831	0.12424
4	0.02336	0.02180	0.03501	0.28369	0.24124	0.02295	0.02806	0.02986	0.02308	0.03224	0.01980	0.02703	0.01587	0.00991	0.01031	0.00309	0.01268	0.00907	0.00537	0.14558
5	0.01769	0.01351	0.01652	0.01535	0.01862	0.01354	0.01163	0.02779	0.12703	0.04409	0.44679	0.07358	0.08945	0.02084	0.01252	0.00348	0.00582	0.01829	0.01183	0.01163
6	0.01449	0.01036	0.01399	0.01620	0.01745	0.00986	0.01189	0.01742	0.02279	0.03042	0.10384	0.44661	0.07273	0.03212	0.01409	0.00448	0.00709	0.13463	0.01027	0.00927
7	0.01481	0.01047	0.01187	0.01233	0.01316	0.00999	0.00757	0.01569	0.01851	0.02397	0.05374	0.17607	0.14298	0.39677	0.03969	0.00812	0.00882	0.02000	0.00793	0.00752
8	0.04141	0.01689	0.02290	0.01812	0.02524	0.01474	0.01474	0.04583	0.03113	0.44133	0.15521	0.04706	0.04402	0.01547	0.01139	0.00339	0.00835	0.01293	0.01316	0.01670
9	0.01491	0.01082	0.01373	0.01357	0.01568	0.00999	0.00976	0.01886	0.02738	0.03790	0.38254	0.16786	0.12860	0.07919	0.01694	0.00427	0.00586	0.02146	0.01105	0.00963
10	0.02915	0.62337	0.05714	0.01866	0.02799	0.04314	0.01866	0.03265	0.02215	0.02565	0.01516	0.01749	0.01399	0.00933	0.00700	0.00233	0.01166	0.00583	0.00466	0.01399
11	0.02556	0.30222	0.21602	0.07847	0.04257	0.03350	0.09760	0.03314	0.02292	0.03002	0.01794	0.02203	0.01435	0.00978	0.00927	0.00300	0.01431	0.00791	0.00478	0.01460
12	0.01634	0.01280	0.01898	0.01854	0.02031	0.01544	0.01457	0.02009	0.01745	0.02540	0.02784	0.04109	0.02607	0.07602	0.52426	0.01635	0.08128	0.01149	0.00574	0.00994
13	0.04073	0.05197	0.03090	0.02809	0.03371	0.57303	0.02107	0.04354	0.03090	0.02669	0.01685	0.01966	0.01404	0.01124	0.00983	0.00281	0.01966	0.00702	0.00562	0.01264
14	0.03978	0.01750	0.02294	0.01838	0.02522	0.01618	0.01494	0.08130	0.03097	0.37894	0.09254	0.04166	0.03440	0.02007	0.05822	0.00450	0.01041	0.01179	0.06398	0.01629
15	0.01328	0.00949	0.01265	0.01518	0.01581	0.00886	0.01012	0.01518	0.02088	0.02783	0.06010	0.60969	0.07212	0.03416	0.01392	0.00443	0.00633	0.03100	0.01012	0.00886
16	0.01566	0.01136	0.01590	0.01590	0.01728	0.01275	0.01160	0.01843	0.01704	0.02411	0.03069	0.05106	0.03083	0.23611	0.42415	0.01552	0.02383	0.01289	0.00606	0.00883
17	0.39017	0.02012	0.01991	0.01722	0.02256	0.02294	0.01384	0.08092	0.02223	0.08987	0.01943	0.02356	0.01534	0.01629	0.01635	0.11931	0.06303	0.00772	0.00727	0.01193
18	0.02603	0.02105	0.02898	0.07407	0.03394	0.02010	0.06050	0.06971	0.02542	0.07670	0.02453	0.03334	0.02059	0.01218	0.01268	0.00286	0.07208	0.04561	0.00725	0.33237
19	0.03273	0.02621	0.02781	0.02332	0.03049	0.02974	0.01861	0.23580	0.34210	0.05465	0.03726	0.03501	0.02752	0.01413	0.01102	0.00353	0.00995	0.01134	0.01102	0.01776
20	0.21219	0.40231	0.04282	0.01779	0.02612	0.03652	0.01664	0.03480	0.06766	0.03390	0.01785	0.01968	0.01516	0.01005	0.00730	0.00274	0.01049	0.00645	0.00583	0.01369
21	0.01633	0.01201	0.01754	0.01850	0.02066	0.01322	0.01513	0.02066	0.02040	0.02809	0.04005	0.07331	0.04075	0.06214	0.36125	0.01277	0.02192	0.18799	0.00744	0.00985
22	0.30907	0.02160	0.02459	0.02155	0.02460	0.02785	0.01782	0.02813	0.01756	0.03584	0.01599	0.02290	0.01438	0.02076	0.07062	0.00529	0.29587	0.00818	0.00571	0.01168
23	0.02200	0.04791	0.42841	0.03220	0.04629	0.02445	0.11908	0.03343	0.02415	0.03537	0.06402	0.02904	0.02178	0.01116	0.01100	0.00349	0.01558	0.00987	0.00538	0.01538
24	0.02838	0.06829	0.02761	0.02020	0.02615	0.01999	0.05600	0.12459	0.03300	0.13719	0.22708	0.09397	0.05574	0.01766	0.01174	0.00340	0.00897	0.01536	0.01076	0.01396

[dist]
# distance from previous block
# <min> <max>
0	5

[block]
# block no. 6 follows, 12 sequences, length 25
# corresponding to MSA columns:
# 650-674
name=unknown_G
#
# <colnr> <probs for GDERKNQSTAVLIFYWHMCP>
#	G	D	E	R	K	N	Q	S	T	A	V	L	I	F	Y	W	H	M	C	P
0	0.02045	0.01780	0.02586	0.02489	0.07800	0.01698	0.07101	0.02952	0.10639	0.03697	0.14144	0.17757	0.05018	0.01855	0.01175	0.00339	0.00881	0.01700	0.00900	0.13444
1	0.44175	0.02155	0.02405	0.02040	0.02579	0.02527	0.06473	0.02988	0.01911	0.04142	0.01929	0.06715	0.01757	0.01367	0.01357	0.00376	0.12333	0.00931	0.00651	0.01189
2	0.02482	0.09326	0.06885	0.02104	0.03003	0.05368	0.05567	0.05795	0.02487	0.03496	0.02353	0.08250	0.02149	0.01162	0.00937	0.00245	0.01064	0.00975	0.00664	0.35688
3	0.15280	0.01816	0.02480	0.26833	0.04451	0.02132	0.02046	0.02875	0.02098	0.08490	0.02542	0.07529	0.02253	0.08599	0.01748	0.00453	0.05387	0.01139	0.00669	0.01180
4	0.02901	0.02554	0.03703	0.14356	0.22698	0.02913	0.02768	0.15664	0.02964	0.04107	0.02059	0.02655	0.01653	0.01263	0.01569	0.00362	0.12616	0.00970	0.00662	0.01563
5	0.02059	0.01938	0.03270	0.59060	0.07510	0.02422	0.03028	0.02786	0.02180	0.02786	0.01938	0.02907	0.01453	0.01090	0.01090	0.00363	0.01453	0.00969	0.00484	0.01211
6	0.14010	0.02027	0.03051	0.28618	0.18303	0.02296	0.02556	0.02862	0.02192	0.03360	0.02357	0.09265	0.02133	0.01310	0.01048	0.00357	0.01211	0.01146	0.00593	0.01304
7	0.02985	0.03477	0.03726	0.03040	0.03691	0.26252	0.16906	0.03521	0.02888	0.03274	0.11689	0.04135	0.03446	0.01398	0.01169	0.00335	0.01594	0.04501	0.00706	0.01266
8	0.01311	0.01017	0.01195	0.01337	0.01534	0.00901	0.00932	0.01539	0.02262	0.02854	0.08218	0.38837	0.27918	0.03129	0.01347	0.00410	0.00597	0.02750	0.01012	0.00901
9	0.07518	0.07638	0.13667	0.02428	0.03299	0.02462	0.05796	0.03298	0.02243	0.09605	0.02078	0.02442	0.01616	0.01174	0.01465	0.00316	0.13008	0.00832	0.00640	0.18474
10	0.03705	0.01958	0.02425	0.01898	0.02679	0.01801	0.01537	0.09177	0.08158	0.29597	0.09381	0.03859	0.03330	0.01354	0.01063	0.00306	0.00879	0.01111	0.01146	0.14636
11	0.24605	0.26456	0.09888	0.02646	0.11214	0.03220	0.02127	0.03280	0.02150	0.03591	0.01653	0.01973	0.01379	0.00977	0.00791	0.00295	0.01132	0.00674	0.00546	0.01405
12	0.02798	0.10813	0.27263	0.08736	0.08634	0.02945	0.03127	0.15513	0.03014	0.04164	0.02081	0.02413	0.01540	0.01094	0.01021	0.00328	0.01414	0.00855	0.00630	0.01618
13	0.01572	0.01194	0.01477	0.01642	0.01802	0.01208	0.01138	0.02272	0.11046	0.03097	0.05733	0.50939	0.06527	0.03075	0.01342	0.00430	0.00673	0.02771	0.01029	0.01034
14	0.01994	0.01833	0.02786	0.42069	0.05882	0.02183	0.02481	0.02907	0.08013	0.03017	0.03875	0.04416	0.11281	0.01438	0.01128	0.00365	0.01223	0.01241	0.00651	0.01217
15	0.01361	0.00989	0.01292	0.01522	0.01629	0.00920	0.01059	0.01586	0.02160	0.02839	0.06456	0.52146	0.11507	0.03321	0.01392	0.00441	0.00657	0.06812	0.01011	0.00899
16	0.03928	0.01951	0.02248	0.01833	0.02488	0.06603	0.01468	0.04362	0.03042	0.36479	0.13689	0.04438	0.04058	0.01492	0.01095	0.00326	0.00909	0.01223	0.06798	0.01570
17	0.02966	0.02019	0.03119	0.28612	0.05135	0.02198	0.05901	0.08858	0.02769	0.16442	0.03032	0.08911	0.02402	0.01401	0.01137	0.00361	0.01240	0.01240	0.00827	0.01431
18	0.26498	0.02138	0.02481	0.02304	0.07850	0.02170	0.01682	0.09083	0.02831	0.28196	0.02958	0.02839	0.02000	0.01193	0.00951	0.00335	0.00964	0.00900	0.01013	0.01613
19	0.01506	0.01063	0.01388	0.01536	0.01659	0.01022	0.01108	0.01778	0.02243	0.03014	0.13270	0.31486	0.06878	0.14430	0.02205	0.00558	0.00776	0.12217	0.00973	0.00891
20	0.01935	0.01803	0.02920	0.49687	0.06533	0.02180	0.02672	0.02588	0.02230	0.02812	0.03411	0.04134	0.10022	0.01360	0.01122	0.00364	0.01308	0.01184	0.00570	0.01164
21	0.02230	0.12824	0.06639	0.01881	0.02378	0.06617	0.01596	0.07314	0.02708	0.03503	0.13484	0.24994	0.05299	0.02161	0.01157	0.00354	0.00948	0.01846	0.00879	0.01189
22	0.02183	0.01259	0.01608	0.01619	0.01912	0.01204	0.01202	0.02718	0.06295	0.12535	0.09439	0.32707	0.05868	0.02557	0.01254	0.00396	0.00707	0.05582	0.07799	0.01155
23	0.02532	0.09413	0.21181	0.02307	0.03230	0.02507	0.02385	0.12676	0.07595	0.04155	0.10887	0.03902	0.03357	0.07407	0.01513	0.00404	0.01182	0.01124	0.00785	0.01459
24	0.10522	0.17461	0.09508	0.02577	0.03506	0.02935	0.11488	0.07227	0.02533	0.08464	0.02077	0.02387	0.01603	0.01076	0.01132	0.00310	0.05483	0.00855	0.00656	0.08200

[dist]
# distance from previous block
# <min> <max>
27	134

[block]
# block no. 7 follows, 12 sequences, length 25
# corresponding to MSA columns:
# 825-849
name=unknown_H
#
# <colnr> <probs for GDERKNQSTAVLIFYWHMCP>
#	G	D	E	R	K	N	Q	S	T	A	V	L	I	F	Y	W	H	M	C	P
0	0.02501	0.02212	0.02603	0.11499	0.08184	0.06844	0.01891	0.07439	0.10162	0.03808	0.11869	0.03834	0.03455	0.01542	0.01333	0.05881	0.01059	0.01115	0.00797	0.11973
1	0.08291	0.01820	0.02243	0.02006	0.02372	0.05490	0.05854	0.02701	0.06772	0.03660	0.19546	0.15306	0.05584	0.02596	0.06487	0.00499	0.05038	0.01695	0.00900	0.01139
2	0.03061	0.02709	0.11825	0.02154	0.02949	0.02233	0.01977	0.15422	0.11188	0.13732	0.07393	0.04432	0.07400	0.06769	0.01506	0.00407	0.01056	0.01244	0.00992	0.01551
3	0.02580	0.07620	0.07979	0.27080	0.04990	0.02451	0.02454	0.07129	0.06023	0.07953	0.05869	0.03176	0.02318	0.01191	0.01043	0.00328	0.01221	0.00991	0.00707	0.06896
4	0.01713	0.01634	0.06742	0.01633	0.01963	0.01327	0.01344	0.02342	0.06549	0.03447	0.22623	0.12190	0.06513	0.18111	0.02416	0.00560	0.00850	0.06072	0.00942	0.01028
5	0.02484	0.08416	0.19467	0.03253	0.12928	0.02614	0.02727	0.06625	0.07189	0.03616	0.02489	0.07208	0.02154	0.01325	0.01266	0.00336	0.06571	0.01052	0.00642	0.07639
6	0.01823	0.01395	0.01686	0.01622	0.01879	0.01487	0.01234	0.02606	0.10187	0.03647	0.20265	0.11886	0.10391	0.07786	0.01838	0.00441	0.05884	0.05414	0.07439	0.01090
7	0.02474	0.01964	0.02646	0.01943	0.02850	0.01585	0.06112	0.02987	0.02328	0.08219	0.02260	0.02625	0.01809	0.01472	0.05516	0.00328	0.01091	0.00792	0.00696	0.50303
8	0.06667	0.02007	0.03259	0.50577	0.11293	0.02439	0.02931	0.02863	0.02185	0.02996	0.01919	0.02812	0.01459	0.01074	0.01061	0.00358	0.01398	0.00944	0.00502	0.01254
9	0.01551	0.01095	0.01435	0.01458	0.01546	0.01172	0.00990	0.01733	0.01701	0.02350	0.03443	0.10666	0.03724	0.33805	0.27207	0.01299	0.01812	0.01542	0.00659	0.00813
10	0.03607	0.12715	0.03315	0.02341	0.03044	0.20395	0.01900	0.20263	0.08129	0.04397	0.02402	0.02540	0.01861	0.01203	0.00967	0.00295	0.01344	0.00857	0.06916	0.01507
11	0.02027	0.02261	0.10473	0.02003	0.02590	0.01823	0.01757	0.03418	0.19388	0.03693	0.08731	0.22988	0.04784	0.02066	0.01183	0.00371	0.00870	0.01805	0.00944	0.06827
12	0.03435	0.12430	0.12640	0.02609	0.03622	0.07727	0.10082	0.04060	0.02672	0.20288	0.02666	0.02743	0.01882	0.01091	0.01018	0.00306	0.01316	0.00919	0.00793	0.07699
13	0.02255	0.10956	0.51313	0.02991	0.04539	0.02699	0.03826	0.03435	0.02294	0.03370	0.01915	0.02250	0.01383	0.01026	0.01004	0.00335	0.01570	0.00785	0.00461	0.01592
14	0.01890	0.01499	0.01695	0.01586	0.01967	0.01545	0.01200	0.03102	0.19064	0.03875	0.22930	0.07004	0.18350	0.02245	0.01473	0.05927	0.00673	0.01729	0.01064	0.01184
15	0.03267	0.01953	0.06990	0.01879	0.02536	0.01588	0.01630	0.03984	0.06994	0.27537	0.08480	0.09608	0.03747	0.02200	0.06035	0.00468	0.01056	0.01351	0.07196	0.01502
16	0.10235	0.07836	0.02933	0.02199	0.02889	0.12020	0.01794	0.08817	0.09785	0.21366	0.02978	0.02897	0.02125	0.01301	0.01202	0.00333	0.05832	0.00932	0.00946	0.01578
17	0.03123	0.01436	0.01925	0.01745	0.02232	0.01277	0.01362	0.03463	0.02664	0.28880	0.05487	0.24637	0.08105	0.02314	0.01250	0.00392	0.00808	0.06344	0.01178	0.01377
18	0.02273	0.01210	0.01622	0.01598	0.01895	0.01094	0.01165	0.02581	0.02534	0.16492	0.14488	0.36686	0.06634	0.02672	0.01297	0.00398	0.00686	0.02383	0.01133	0.01158
19	0.03171	0.13513	0.08427	0.11438	0.08458	0.02491	0.06973	0.03766	0.02519	0.19281	0.02708	0.02983	0.01968	0.01676	0.05530	0.00438	0.01392	0.00969	0.00766	0.01532
20	0.02040	0.02353	0.10687	0.02373	0.02672	0.02340	0.02131	0.02403	0.01763	0.02633	0.02084	0.03280	0.01980	0.07706	0.17745	0.06256	0.26903	0.01031	0.00515	0.01104
21	0.01565	0.01138	0.01600	0.01600	0.01742	0.01280	0.01173	0.01849	0.01707	0.02418	0.03060	0.05055	0.03061	0.22647	0.43348	0.01564	0.02417	0.01281	0.00605	0.00889
22	0.02947	0.12763	0.12968	0.02764	0.10852	0.02265	0.02240	0.03481	0.02485	0.16401	0.07333	0.03376	0.02717	0.01907	0.05151	0.05847	0.01251	0.01009	0.00775	0.01467
23	0.03587	0.12479	0.12212	0.07129	0.03575	0.02584	0.02285	0.08413	0.02812	0.24637	0.02848	0.02871	0.01972	0.01253	0.01239	0.00335	0.06327	0.00930	0.00883	0.01627
24	0.02889	0.02646	0.12127	0.02125	0.02854	0.06200	0.01977	0.03849	0.09689	0.16931	0.16555	0.05274	0.04698	0.01667	0.01164	0.00355	0.01030	0.05493	0.01020	0.01457

[dist]
# distance from previous block
# <min> <max>
5	12

[block]
# block no. 8 follows, 12 sequences, length 26
# corresponding to MSA columns:
# 864-889
name=unknown_I
#
# <colnr> <probs for GDERKNQSTAVLIFYWHMCP>
#	G	D	E	R	K	N	Q	S	T	A	V	L	I	F	Y	W	H	M	C	P
0	0.09784	0.24751	0.03865	0.02196	0.02911	0.10360	0.01891	0.11715	0.10163	0.03826	0.02142	0.02324	0.01740	0.01200	0.01131	0.00308	0.06733	0.00796	0.00699	0.01465
1	0.02817	0.07508	0.13812	0.02899	0.09634	0.02463	0.02413	0.06613	0.02578	0.12428	0.06710	0.08335	0.02911	0.01561	0.01551	0.00364	0.11950	0.01196	0.00777	0.01480
2	0.02594	0.06961	0.03982	0.11760	0.04247	0.02466	0.16390	0.06414	0.02604	0.07490	0.06909	0.06990	0.02772	0.01366	0.01368	0.00348	0.06812	0.01241	0.00718	0.06565
3	0.02011	0.02693	0.15753	0.02244	0.02988	0.01950	0.05388	0.03351	0.16500	0.03533	0.05312	0.15887	0.13913	0.01966	0.01194	0.00377	0.01011	0.01709	0.00868	0.01352
4	0.02982	0.01541	0.01987	0.01727	0.02216	0.01440	0.01339	0.08011	0.03073	0.23076	0.19749	0.18075	0.05960	0.02087	0.01221	0.00362	0.00761	0.01811	0.01201	0.01381
5	0.02130	0.01826	0.03217	0.19860	0.04502	0.01885	0.13476	0.02710	0.02378	0.06660	0.04160	0.16474	0.07781	0.01879	0.01257	0.00393	0.01218	0.06226	0.00765	0.01204
6	0.02833	0.02548	0.10111	0.26456	0.09655	0.02358	0.06122	0.03528	0.02423	0.14964	0.02466	0.02957	0.01763	0.01183	0.01288	0.00361	0.05831	0.00998	0.00686	0.01469
7	0.02487	0.01413	0.01819	0.01766	0.02105	0.01363	0.01358	0.06789	0.02608	0.14847	0.04962	0.25449	0.05131	0.10070	0.01853	0.00501	0.00884	0.12366	0.01047	0.01181
8	0.02353	0.01949	0.02990	0.09244	0.21436	0.02127	0.02221	0.02738	0.02118	0.06312	0.02730	0.08380	0.02684	0.15906	0.02576	0.00538	0.10486	0.01291	0.00643	0.01277
9	0.03610	0.01662	0.02159	0.01808	0.02400	0.01543	0.01435	0.04239	0.07555	0.33547	0.09279	0.05412	0.03999	0.10256	0.01791	0.00458	0.00906	0.05240	0.01184	0.01517
10	0.01328	0.00949	0.01265	0.01518	0.01581	0.00886	0.01012	0.01518	0.02088	0.02783	0.06010	0.60969	0.07212	0.03416	0.01392	0.00443	0.00633	0.03100	0.01012	0.00886
11	0.02762	0.02278	0.02397	0.02133	0.02736	0.02611	0.01666	0.09025	0.44635	0.04696	0.04217	0.03955	0.03166	0.01447	0.01077	0.00356	0.00857	0.01194	0.07121	0.01672
12	0.12973	0.03965	0.04041	0.03233	0.04000	0.30375	0.18988	0.03888	0.02732	0.03277	0.01843	0.02278	0.01459	0.01036	0.01044	0.00319	0.01760	0.00890	0.00574	0.01324
13	0.69383	0.02109	0.01603	0.01434	0.02109	0.02446	0.01181	0.03205	0.01856	0.04892	0.01518	0.01771	0.01181	0.01012	0.00675	0.00337	0.00843	0.00590	0.00675	0.01181
14	0.03899	0.04866	0.03259	0.03301	0.09897	0.50371	0.02264	0.04226	0.03013	0.02782	0.01732	0.02059	0.01445	0.01104	0.00995	0.00286	0.01881	0.00736	0.00559	0.01323
15	0.21328	0.01848	0.02084	0.01659	0.02410	0.01725	0.01347	0.03760	0.02583	0.23841	0.09359	0.03426	0.03009	0.01249	0.00942	0.00299	0.00826	0.00970	0.00992	0.16343
16	0.02393	0.02232	0.03616	0.24660	0.29134	0.02437	0.02915	0.03301	0.07420	0.03438	0.05781	0.03277	0.02367	0.01149	0.01100	0.00344	0.01256	0.01064	0.00621	0.01495
17	0.02187	0.05640	0.56031	0.03108	0.04719	0.02532	0.04029	0.03453	0.02302	0.03453	0.01957	0.02302	0.01381	0.01036	0.01036	0.00345	0.01611	0.00806	0.00460	0.01611
18	0.01435	0.01146	0.01300	0.01392	0.01645	0.01066	0.00993	0.01925	0.06856	0.03018	0.08170	0.32757	0.28452	0.02942	0.01319	0.00402	0.00617	0.02566	0.01021	0.00977
19	0.02091	0.02041	0.03700	0.42957	0.06594	0.02343	0.12211	0.02804	0.02248	0.02924	0.02376	0.08407	0.02038	0.01277	0.01157	0.00372	0.01451	0.01233	0.00548	0.01231
20	0.02680	0.08108	0.18926	0.02779	0.03710	0.06199	0.10454	0.06637	0.02740	0.07670	0.11332	0.03504	0.03133	0.01335	0.01297	0.00344	0.05868	0.01111	0.00726	0.01449
21	0.01602	0.01212	0.01706	0.02027	0.05868	0.01216	0.01404	0.01934	0.02147	0.02873	0.05200	0.25785	0.08702	0.08576	0.12445	0.00743	0.01242	0.13473	0.00864	0.00981
22	0.08668	0.01614	0.02109	0.06589	0.02723	0.01536	0.01479	0.03867	0.02724	0.30459	0.08754	0.11199	0.03772	0.01638	0.01085	0.00345	0.00848	0.01374	0.07754	0.01463
23	0.08263	0.02690	0.12052	0.02161	0.03065	0.02081	0.02047	0.10303	0.06164	0.16930	0.03232	0.04026	0.02541	0.01389	0.01056	0.00331	0.01067	0.06807	0.00924	0.12871
24	0.02777	0.01750	0.02234	0.02272	0.07042	0.01776	0.01589	0.03879	0.16190	0.16150	0.08211	0.10763	0.04312	0.09424	0.01746	0.00463	0.00907	0.06051	0.01046	0.01417
25	0.01565	0.01258	0.02011	0.01999	0.02228	0.01191	0.07473	0.01905	0.02227	0.02962	0.05484	0.44620	0.06334	0.03025	0.01400	0.00444	0.00854	0.11085	0.00952	0.00982

[dist]
# distance from previous block
# <min> <max>
0	95

# created by:
# /st0/software/busco_prod/Augustus/scripts/msa2prfl.pl ./align_prep/11482.fa
