[name]
unknown

[dist]
# distance from previous block
# <min> <max>
0	14

[block]
# block no. 0 follows, 13 sequences, length 24
# corresponding to MSA columns:
# 30-53
name=unknown_A
#
# <colnr> <probs for GDERKNQSTAVLIFYWHMCP>
#	G	D	E	R	K	N	Q	S	T	A	V	L	I	F	Y	W	H	M	C	P
0	0.04524	0.01848	0.02447	0.01909	0.02704	0.01666	0.01566	0.05201	0.08368	0.51508	0.04185	0.03635	0.02681	0.01322	0.01065	0.00330	0.00893	0.01077	0.01284	0.01786
1	0.02453	0.03150	0.12058	0.04292	0.05418	0.02649	0.46886	0.03382	0.02466	0.03382	0.02112	0.02782	0.01574	0.00904	0.01220	0.00354	0.01757	0.01195	0.00525	0.01442
2	0.02030	0.01924	0.03178	0.54312	0.06813	0.02442	0.02871	0.02685	0.02063	0.02685	0.01828	0.02766	0.01407	0.01140	0.01308	0.00364	0.07603	0.00938	0.00469	0.01173
3	0.03162	0.02747	0.09595	0.04039	0.25711	0.02376	0.02596	0.12915	0.02962	0.13517	0.02458	0.02691	0.01816	0.01061	0.01022	0.00304	0.01165	0.00917	0.00765	0.08180
4	0.02778	0.57624	0.05320	0.01902	0.02720	0.04093	0.01857	0.03107	0.02098	0.02493	0.01462	0.01755	0.01360	0.00995	0.00946	0.00249	0.06851	0.00600	0.00453	0.01338
5	0.02222	0.02026	0.03374	0.34852	0.24694	0.02278	0.02839	0.02878	0.02232	0.03097	0.02070	0.02852	0.01631	0.01032	0.01023	0.00328	0.01265	0.00945	0.07020	0.01340
6	0.01332	0.00954	0.01266	0.01442	0.01543	0.00888	0.00985	0.01582	0.02227	0.03022	0.16275	0.50784	0.07618	0.03071	0.01328	0.00409	0.00589	0.02777	0.01020	0.00888
7	0.01464	0.01055	0.01452	0.01510	0.01622	0.01138	0.01072	0.01702	0.01737	0.02413	0.03670	0.18666	0.03977	0.20399	0.31824	0.01230	0.01856	0.01679	0.00684	0.00849
8	0.01298	0.00948	0.01223	0.01419	0.01525	0.00872	0.00963	0.01513	0.02133	0.02822	0.09789	0.52753	0.12522	0.03164	0.01332	0.00415	0.00597	0.02846	0.00994	0.00872
9	0.02630	0.02271	0.02391	0.02152	0.02749	0.02630	0.01674	0.05618	0.54336	0.04423	0.04303	0.03945	0.03228	0.01434	0.01076	0.00359	0.00837	0.01195	0.01076	0.01674
10	0.01299	0.01063	0.01085	0.01085	0.01381	0.00915	0.00775	0.01521	0.02260	0.02718	0.09442	0.09615	0.46879	0.13025	0.01960	0.00472	0.00620	0.02112	0.00923	0.00849
11	0.02746	0.56875	0.11439	0.01946	0.02926	0.03987	0.02048	0.03187	0.02158	0.02586	0.01519	0.01757	0.01355	0.00916	0.00716	0.00239	0.01180	0.00590	0.00452	0.01380
12	0.01361	0.00976	0.01292	0.01423	0.01550	0.00907	0.00987	0.01655	0.02363	0.03237	0.23244	0.43201	0.08035	0.02910	0.01314	0.00396	0.00573	0.02624	0.01045	0.00907
13	0.02448	0.02703	0.05561	0.04008	0.04979	0.02581	0.42874	0.03241	0.02393	0.03327	0.02051	0.02738	0.01583	0.00955	0.01373	0.00343	0.06341	0.01155	0.00539	0.08807
14	0.03003	0.49268	0.05159	0.02123	0.02995	0.09960	0.05180	0.06444	0.02443	0.02823	0.01600	0.01849	0.01402	0.00947	0.00770	0.00246	0.01260	0.00647	0.00506	0.01375
15	0.02496	0.01312	0.01619	0.01384	0.01845	0.01173	0.01081	0.02968	0.02680	0.16735	0.21699	0.05051	0.05101	0.01526	0.00999	0.00286	0.00624	0.01289	0.21498	0.08635
16	0.02355	0.02583	0.09495	0.17155	0.32117	0.02380	0.02978	0.03243	0.06463	0.03407	0.05675	0.03072	0.02250	0.01093	0.01060	0.00329	0.01240	0.01008	0.00589	0.01509
17	0.02678	0.29059	0.21848	0.02618	0.06822	0.03201	0.02621	0.03320	0.02204	0.07139	0.01847	0.02148	0.01475	0.01075	0.01143	0.00301	0.07780	0.00739	0.00524	0.01458
18	0.02322	0.01932	0.02691	0.01997	0.02805	0.01648	0.07667	0.02828	0.02337	0.06900	0.08151	0.03022	0.02584	0.01057	0.01087	0.00232	0.04809	0.00897	0.00709	0.44322
19	0.02436	0.03021	0.16024	0.09696	0.14882	0.02452	0.05855	0.07086	0.14878	0.03855	0.06791	0.03290	0.02595	0.01202	0.01074	0.00338	0.01213	0.01061	0.00718	0.01533
20	0.01493	0.01109	0.01257	0.01271	0.01545	0.01033	0.00932	0.02001	0.05774	0.03386	0.19014	0.18851	0.25300	0.02424	0.01194	0.00352	0.00556	0.02090	0.09444	0.00972
21	0.02970	0.21108	0.16953	0.02682	0.06834	0.12797	0.02464	0.10066	0.08130	0.03519	0.02069	0.02266	0.01626	0.01066	0.00920	0.00292	0.01352	0.00778	0.00615	0.01495
22	0.01287	0.00989	0.01179	0.01308	0.01496	0.00881	0.00914	0.01525	0.02239	0.02864	0.11099	0.38384	0.26062	0.02989	0.01304	0.00395	0.00576	0.02632	0.00994	0.00881
23	0.03039	0.13470	0.16786	0.02749	0.07069	0.02846	0.05210	0.13374	0.11159	0.10126	0.02610	0.02690	0.01914	0.01131	0.00994	0.00316	0.01214	0.00913	0.00773	0.01618

[dist]
# distance from previous block
# <min> <max>
0	6

[block]
# block no. 1 follows, 13 sequences, length 8
# corresponding to MSA columns:
# 60-67
name=unknown_B
#
# <colnr> <probs for GDERKNQSTAVLIFYWHMCP>
#	G	D	E	R	K	N	Q	S	T	A	V	L	I	F	Y	W	H	M	C	P
0	0.15568	0.22844	0.07443	0.02052	0.02896	0.02932	0.05057	0.10407	0.02611	0.11788	0.02205	0.02507	0.01722	0.04463	0.01106	0.00333	0.01110	0.00810	0.00719	0.01426
1	0.40485	0.13854	0.08300	0.01798	0.02622	0.02856	0.01687	0.10899	0.02404	0.04484	0.01682	0.01895	0.01306	0.01015	0.00758	0.00308	0.01006	0.00652	0.00659	0.01329
2	0.14717	0.01998	0.02964	0.17556	0.23935	0.02156	0.02352	0.02848	0.02337	0.03661	0.12186	0.03515	0.03108	0.01211	0.01015	0.00329	0.01067	0.01060	0.00658	0.01326
3	0.01377	0.00973	0.01252	0.01384	0.01473	0.00918	0.00922	0.01593	0.02136	0.02901	0.15754	0.40680	0.07035	0.14035	0.02071	0.00519	0.00665	0.02508	0.00957	0.00848
4	0.02754	0.02265	0.02765	0.02902	0.12941	0.02463	0.01932	0.15860	0.22993	0.04744	0.12895	0.04078	0.03827	0.01434	0.01097	0.00335	0.00934	0.01220	0.00982	0.01579
5	0.01547	0.01052	0.01266	0.01335	0.01387	0.01047	0.00876	0.01657	0.01754	0.02323	0.03994	0.12915	0.04562	0.45902	0.04261	0.00867	0.00978	0.10816	0.00736	0.00725
6	0.03131	0.02585	0.03351	0.09570	0.19124	0.02833	0.02403	0.23974	0.13409	0.04881	0.02648	0.02861	0.01996	0.01183	0.01058	0.00328	0.01153	0.00995	0.00844	0.01673
7	0.40634	0.02026	0.01944	0.01661	0.02347	0.02214	0.01351	0.04110	0.12206	0.17964	0.02702	0.02624	0.01920	0.01152	0.00839	0.00333	0.00842	0.00817	0.00902	0.01413

[dist]
# distance from previous block
# <min> <max>
4	11

[block]
# block no. 2 follows, 13 sequences, length 16
# corresponding to MSA columns:
# 100-115
name=unknown_C
#
# <colnr> <probs for GDERKNQSTAVLIFYWHMCP>
#	G	D	E	R	K	N	Q	S	T	A	V	L	I	F	Y	W	H	M	C	P
0	0.02416	0.02348	0.03059	0.08993	0.12572	0.06296	0.02271	0.03301	0.11699	0.03242	0.07661	0.03263	0.02657	0.01516	0.01967	0.00380	0.23299	0.01064	0.00664	0.01333
1	0.02630	0.11948	0.24642	0.02795	0.03902	0.02687	0.11299	0.09285	0.06085	0.06535	0.06070	0.02889	0.02247	0.01129	0.01033	0.00323	0.01337	0.00975	0.00671	0.01518
2	0.01510	0.01133	0.01699	0.01699	0.01888	0.01322	0.01322	0.01888	0.01699	0.02454	0.02832	0.04154	0.02643	0.07930	0.58652	0.01699	0.02832	0.01133	0.00566	0.00944
3	0.03348	0.08977	0.08931	0.02453	0.03290	0.02687	0.07271	0.20820	0.03395	0.14599	0.07456	0.03134	0.02569	0.01290	0.01197	0.00326	0.04743	0.01034	0.00901	0.01578
4	0.01521	0.01629	0.08240	0.01883	0.02224	0.01214	0.05045	0.01930	0.02207	0.03011	0.10138	0.42094	0.06186	0.02726	0.01299	0.00407	0.00820	0.05519	0.00905	0.01004
5	0.02439	0.31041	0.21649	0.02194	0.03210	0.03115	0.02395	0.03395	0.08402	0.03174	0.07436	0.02764	0.02445	0.01127	0.00889	0.00288	0.01173	0.00846	0.00596	0.01425
6	0.01281	0.00950	0.01197	0.01394	0.01513	0.00865	0.00947	0.01481	0.02099	0.02730	0.06778	0.52037	0.16494	0.03189	0.01330	0.00415	0.00598	0.02855	0.00982	0.00865
7	0.02635	0.08521	0.30393	0.03292	0.10225	0.07430	0.06363	0.08610	0.06014	0.03649	0.02095	0.02396	0.01570	0.01045	0.01008	0.00321	0.01451	0.00852	0.00574	0.01555
8	0.01427	0.00979	0.01186	0.01294	0.01321	0.00952	0.00791	0.01509	0.01753	0.02337	0.04434	0.31323	0.05235	0.36540	0.03600	0.00762	0.00843	0.02186	0.00791	0.00737
9	0.01635	0.01218	0.01667	0.01677	0.01810	0.01392	0.01280	0.01936	0.01844	0.02661	0.03551	0.14437	0.03714	0.12527	0.24742	0.01002	0.08665	0.06371	0.06948	0.00922
10	0.15616	0.02623	0.08358	0.03622	0.18581	0.02526	0.06622	0.05973	0.02373	0.10710	0.02113	0.02507	0.01622	0.01163	0.01380	0.00348	0.10822	0.00897	0.00663	0.01483
11	0.11924	0.03156	0.21116	0.02151	0.03212	0.02038	0.02243	0.03686	0.07107	0.13475	0.02473	0.02560	0.01776	0.01042	0.00920	0.00291	0.01082	0.00805	0.00735	0.18208
12	0.01423	0.01078	0.01311	0.01253	0.01534	0.00966	0.00939	0.01852	0.02818	0.03826	0.42229	0.08579	0.23694	0.02316	0.01248	0.00340	0.00510	0.02008	0.01109	0.00966
13	0.03021	0.45542	0.09377	0.02077	0.02994	0.09444	0.02033	0.09119	0.02573	0.03062	0.01648	0.01862	0.01408	0.00975	0.00778	0.00251	0.01250	0.00641	0.00532	0.01413
14	0.03274	0.12419	0.03231	0.02659	0.12420	0.02243	0.01846	0.07804	0.02807	0.20704	0.08133	0.03249	0.02767	0.01183	0.00974	0.00283	0.00969	0.00972	0.00887	0.11178
15	0.02949	0.07753	0.18629	0.03891	0.21124	0.02862	0.02927	0.19276	0.03171	0.04396	0.02105	0.02421	0.01600	0.01062	0.01013	0.00315	0.01302	0.00875	0.00670	0.01661

[dist]
# distance from previous block
# <min> <max>
0	2

[block]
# block no. 3 follows, 13 sequences, length 18
# corresponding to MSA columns:
# 118-135
name=unknown_D
#
# <colnr> <probs for GDERKNQSTAVLIFYWHMCP>
#	G	D	E	R	K	N	Q	S	T	A	V	L	I	F	Y	W	H	M	C	P
0	0.03004	0.33536	0.08492	0.02843	0.09280	0.03230	0.10050	0.03533	0.02375	0.11337	0.02086	0.02316	0.01628	0.00977	0.00892	0.00280	0.01240	0.00808	0.00607	0.01487
1	0.03194	0.02371	0.02573	0.02050	0.02725	0.02550	0.01665	0.36774	0.04268	0.05705	0.12673	0.04545	0.10985	0.01623	0.01117	0.00326	0.00961	0.01299	0.01065	0.01532
2	0.02609	0.02512	0.04231	0.05844	0.46267	0.02538	0.06929	0.03522	0.08235	0.03558	0.02260	0.02784	0.01843	0.00993	0.01066	0.00322	0.01250	0.00994	0.00586	0.01655
3	0.01758	0.01606	0.02680	0.02430	0.06917	0.01520	0.13021	0.02236	0.02395	0.03205	0.16071	0.06406	0.18368	0.08077	0.08042	0.00559	0.01177	0.01644	0.00802	0.01085
4	0.09012	0.06970	0.02819	0.02102	0.02797	0.07737	0.01714	0.27234	0.03725	0.10977	0.07323	0.07283	0.02853	0.01434	0.01026	0.00318	0.01073	0.01114	0.00966	0.01523
5	0.02047	0.01715	0.02036	0.02095	0.06800	0.01816	0.01456	0.03595	0.24912	0.04064	0.22896	0.06050	0.12546	0.01813	0.01157	0.00345	0.00715	0.01563	0.01046	0.01332
6	0.07983	0.02241	0.02394	0.02072	0.02695	0.02503	0.01633	0.15008	0.31199	0.08876	0.03848	0.08752	0.03065	0.01527	0.01065	0.00352	0.00889	0.01252	0.01050	0.01596
7	0.10305	0.16321	0.06913	0.01817	0.02722	0.06469	0.01640	0.03195	0.02269	0.07681	0.01912	0.02124	0.01526	0.00914	0.00796	0.00227	0.01014	0.00657	0.00627	0.30872
8	0.01997	0.01879	0.03171	0.60301	0.07282	0.02349	0.02936	0.02701	0.02114	0.02701	0.01879	0.02819	0.01409	0.01057	0.01057	0.00352	0.01409	0.00940	0.00470	0.01175
9	0.02779	0.02590	0.03070	0.02523	0.03045	0.10064	0.09429	0.12261	0.11466	0.03799	0.02639	0.03248	0.02172	0.06193	0.05902	0.00491	0.09858	0.01055	0.06074	0.01343
10	0.01317	0.01074	0.01164	0.01142	0.01469	0.00921	0.00856	0.01648	0.02569	0.03234	0.22984	0.09554	0.43309	0.02537	0.01249	0.00350	0.00526	0.02144	0.01032	0.00921
11	0.01778	0.01316	0.01476	0.01408	0.01585	0.01384	0.00933	0.02537	0.13727	0.02948	0.12186	0.06407	0.04716	0.38937	0.03725	0.00760	0.00896	0.01522	0.00825	0.00933
12	0.01603	0.01042	0.01391	0.01494	0.01669	0.00966	0.01073	0.01906	0.02375	0.06768	0.18885	0.40462	0.07427	0.02847	0.01311	0.00401	0.00627	0.05736	0.01051	0.00966
13	0.01872	0.01282	0.01548	0.01449	0.01803	0.01202	0.01122	0.06217	0.02878	0.07700	0.27473	0.12344	0.20748	0.02317	0.01244	0.00357	0.00639	0.05638	0.01087	0.01080
14	0.01315	0.01029	0.01191	0.01244	0.01492	0.00906	0.00898	0.01609	0.02426	0.03114	0.19146	0.24739	0.31629	0.02749	0.01278	0.00373	0.00550	0.02386	0.01022	0.00906
15	0.02950	0.01878	0.07163	0.02219	0.05329	0.01504	0.01875	0.03461	0.02618	0.24235	0.04534	0.10736	0.04131	0.02041	0.01235	0.00398	0.00988	0.20293	0.01034	0.01379
16	0.02617	0.02512	0.04292	0.06490	0.56246	0.02512	0.03245	0.03245	0.02407	0.03454	0.01989	0.02617	0.01675	0.00942	0.01047	0.00314	0.01256	0.00942	0.00523	0.01675
17	0.02827	0.02970	0.09561	0.04449	0.29712	0.07574	0.02734	0.04021	0.14470	0.07156	0.02626	0.02881	0.02030	0.01101	0.01041	0.00324	0.01229	0.00967	0.00697	0.01629

[dist]
# distance from previous block
# <min> <max>
1	54

[block]
# block no. 4 follows, 13 sequences, length 13
# corresponding to MSA columns:
# 190-202
name=unknown_E
#
# <colnr> <probs for GDERKNQSTAVLIFYWHMCP>
#	G	D	E	R	K	N	Q	S	T	A	V	L	I	F	Y	W	H	M	C	P
0	0.16028	0.02566	0.10708	0.02159	0.02979	0.02155	0.04539	0.10098	0.02693	0.18715	0.02825	0.07360	0.02197	0.01326	0.01116	0.00332	0.04193	0.01041	0.00864	0.06106
1	0.27668	0.03723	0.29336	0.02219	0.03361	0.02289	0.02530	0.03170	0.02065	0.03884	0.01736	0.02034	0.01296	0.00967	0.00845	0.00309	0.01183	0.00683	0.00548	0.10156
2	0.02316	0.02032	0.02787	0.02417	0.02501	0.02686	0.01964	0.06514	0.01862	0.02754	0.01662	0.02619	0.01588	0.02536	0.06985	0.13310	0.40942	0.00940	0.00519	0.01067
3	0.01837	0.00918	0.01377	0.01377	0.01377	0.00918	0.00918	0.01377	0.01377	0.01837	0.01837	0.03214	0.01837	0.03673	0.04132	0.69238	0.00918	0.00918	0.00459	0.00459
4	0.02179	0.02546	0.12444	0.01835	0.02890	0.01604	0.01746	0.02790	0.02200	0.03427	0.01883	0.02200	0.01524	0.00824	0.00824	0.00190	0.00928	0.00655	0.00593	0.56718
5	0.01997	0.01879	0.03171	0.60301	0.07282	0.02349	0.02936	0.02701	0.02114	0.02701	0.01879	0.02819	0.01409	0.01057	0.01057	0.00352	0.01409	0.00940	0.00470	0.01175
6	0.01288	0.00920	0.01227	0.01472	0.01534	0.00859	0.00981	0.01472	0.02024	0.02699	0.05828	0.62152	0.06993	0.03312	0.01350	0.00429	0.00613	0.03006	0.00981	0.00859
7	0.01829	0.01456	0.01697	0.01700	0.01997	0.01548	0.01244	0.03122	0.21796	0.03631	0.14521	0.30272	0.06137	0.02395	0.01228	0.00385	0.00676	0.02125	0.01051	0.01190
8	0.02939	0.02356	0.03972	0.08440	0.34559	0.02396	0.07223	0.03524	0.02450	0.13276	0.02354	0.02809	0.01805	0.01084	0.01260	0.00334	0.05963	0.00990	0.00662	0.01604
9	0.03512	0.03270	0.19027	0.03138	0.13247	0.06508	0.02600	0.04193	0.02675	0.26921	0.02895	0.02880	0.01966	0.01134	0.01034	0.00323	0.01241	0.00927	0.00848	0.01661
10	0.03456	0.02498	0.03005	0.03084	0.14614	0.05980	0.02046	0.14320	0.12748	0.16827	0.03013	0.02995	0.02180	0.01182	0.01029	0.00309	0.01075	0.00975	0.00931	0.07732
11	0.40705	0.02647	0.12114	0.01830	0.02637	0.02270	0.01754	0.07386	0.02274	0.09142	0.02229	0.06866	0.01834	0.01225	0.00845	0.00336	0.00976	0.00881	0.00734	0.01313
12	0.02422	0.02260	0.03585	0.12330	0.35475	0.02198	0.02675	0.03018	0.02311	0.03352	0.01945	0.02531	0.01611	0.00915	0.00978	0.00277	0.01151	0.00858	0.00544	0.19564

[dist]
# distance from previous block
# <min> <max>
2	5

[block]
# block no. 5 follows, 13 sequences, length 16
# corresponding to MSA columns:
# 208-223
name=unknown_F
#
# <colnr> <probs for GDERKNQSTAVLIFYWHMCP>
#	G	D	E	R	K	N	Q	S	T	A	V	L	I	F	Y	W	H	M	C	P
0	0.01400	0.01116	0.01281	0.01245	0.01574	0.00958	0.00921	0.01735	0.02494	0.03262	0.21664	0.16947	0.31187	0.02480	0.01226	0.00345	0.00558	0.02133	0.01003	0.06471
1	0.02726	0.02701	0.04058	0.05890	0.48318	0.07074	0.03041	0.03485	0.05976	0.03450	0.02117	0.02649	0.01755	0.00987	0.01041	0.00314	0.01280	0.00938	0.00563	0.01638
2	0.01911	0.01276	0.01561	0.01436	0.01768	0.01251	0.01094	0.02739	0.09818	0.07582	0.39396	0.06631	0.07752	0.01901	0.01153	0.00326	0.00569	0.01653	0.09046	0.01138
3	0.02827	0.63478	0.05540	0.01809	0.02714	0.04184	0.01809	0.03166	0.02148	0.02488	0.01470	0.01696	0.01357	0.00905	0.00678	0.00226	0.01131	0.00565	0.00452	0.01357
4	0.01750	0.00949	0.01312	0.01312	0.01312	0.00949	0.00838	0.01424	0.01424	0.01898	0.02269	0.04287	0.02418	0.20803	0.04494	0.49490	0.00949	0.01098	0.00512	0.00512
5	0.03078	0.50383	0.04970	0.02014	0.02838	0.16376	0.01862	0.03403	0.02338	0.02510	0.01507	0.01743	0.01358	0.00946	0.00740	0.00237	0.01305	0.00591	0.00473	0.01327
6	0.02464	0.02357	0.04016	0.19724	0.44204	0.02472	0.03169	0.03111	0.02335	0.03269	0.01962	0.02667	0.01610	0.00970	0.01049	0.00323	0.01294	0.00941	0.00510	0.01552
7	0.01837	0.00918	0.01377	0.01377	0.01377	0.00918	0.00918	0.01377	0.01377	0.01837	0.01837	0.03214	0.01837	0.03673	0.04132	0.69238	0.00918	0.00918	0.00459	0.00459
8	0.01999	0.01192	0.01574	0.01415	0.01753	0.01084	0.01084	0.02484	0.02998	0.12406	0.47711	0.07232	0.08837	0.02029	0.01219	0.00332	0.00561	0.01781	0.01186	0.01122
9	0.02827	0.63478	0.05540	0.01809	0.02714	0.04184	0.01809	0.03166	0.02148	0.02488	0.01470	0.01696	0.01357	0.00905	0.00678	0.00226	0.01131	0.00565	0.00452	0.01357
10	0.02351	0.05165	0.50786	0.02943	0.04419	0.02555	0.03676	0.09341	0.02565	0.03751	0.01975	0.02269	0.01395	0.01037	0.01011	0.00333	0.01514	0.00802	0.00521	0.01591
11	0.02827	0.63478	0.05540	0.01809	0.02714	0.04184	0.01809	0.03166	0.02148	0.02488	0.01470	0.01696	0.01357	0.00905	0.00678	0.00226	0.01131	0.00565	0.00452	0.01357
12	0.02316	0.21493	0.43049	0.02681	0.04062	0.02933	0.03327	0.03298	0.02209	0.03111	0.01779	0.02084	0.01344	0.00977	0.00914	0.00305	0.01443	0.00722	0.00448	0.01506
13	0.02613	0.11942	0.42571	0.02692	0.04059	0.02526	0.03288	0.03606	0.02345	0.11548	0.02198	0.02379	0.01539	0.01039	0.00974	0.00320	0.01408	0.00799	0.00581	0.01574
14	0.09392	0.17058	0.17827	0.02102	0.03134	0.02468	0.02187	0.03850	0.02440	0.21507	0.02531	0.02523	0.01776	0.01067	0.00902	0.00294	0.01116	0.00797	0.00772	0.06255
15	0.02726	0.13541	0.33908	0.02571	0.03804	0.02687	0.02961	0.07170	0.07252	0.10053	0.02371	0.02492	0.01701	0.01083	0.00971	0.00318	0.01321	0.00832	0.00652	0.01586

[dist]
# distance from previous block
# <min> <max>
24	76

[block]
# block no. 6 follows, 13 sequences, length 21
# corresponding to MSA columns:
# 325-345
name=unknown_G
#
# <colnr> <probs for GDERKNQSTAVLIFYWHMCP>
#	G	D	E	R	K	N	Q	S	T	A	V	L	I	F	Y	W	H	M	C	P
0	0.24681	0.06880	0.06410	0.02066	0.06700	0.02171	0.01639	0.07076	0.02548	0.07571	0.14445	0.03480	0.03446	0.01280	0.00919	0.00308	0.00889	0.00994	0.00804	0.05693
1	0.10730	0.08490	0.29464	0.02240	0.03338	0.02204	0.02552	0.02991	0.02286	0.03612	0.10373	0.03021	0.02723	0.01147	0.00941	0.00300	0.01155	0.00896	0.00613	0.10926
2	0.15864	0.06887	0.13981	0.01769	0.02444	0.01896	0.01704	0.02872	0.02197	0.09855	0.10950	0.04234	0.03407	0.15432	0.01963	0.00483	0.01010	0.01112	0.00751	0.01191
3	0.20982	0.06719	0.11741	0.01772	0.02396	0.01908	0.01697	0.02598	0.02233	0.03737	0.14594	0.09202	0.04187	0.02151	0.05631	0.00454	0.01059	0.05027	0.00763	0.01148
4	0.26608	0.09890	0.09965	0.02190	0.06675	0.02426	0.01867	0.03655	0.06508	0.12379	0.02263	0.02372	0.01676	0.01046	0.00843	0.00304	0.00999	0.00761	0.00729	0.06844
5	0.20298	0.11533	0.18424	0.02771	0.11572	0.02526	0.02391	0.03326	0.02193	0.07738	0.01915	0.02187	0.01461	0.00980	0.00861	0.00299	0.01145	0.00731	0.00595	0.07054
6	0.06010	0.15853	0.22551	0.02363	0.03307	0.02504	0.06216	0.06076	0.02418	0.03434	0.06912	0.12170	0.02995	0.01454	0.01015	0.00327	0.01184	0.01219	0.00650	0.01343
7	0.10716	0.15808	0.15152	0.02711	0.10945	0.02707	0.02246	0.09898	0.02462	0.03608	0.02088	0.02904	0.01833	0.10856	0.01604	0.00415	0.01194	0.00879	0.00601	0.01372
8	0.07748	0.12768	0.24320	0.02596	0.06871	0.02537	0.02591	0.07130	0.02390	0.07422	0.02173	0.02567	0.01688	0.02130	0.10119	0.00531	0.01540	0.00833	0.00600	0.01444
9	0.08072	0.21833	0.11516	0.02050	0.02880	0.02857	0.01966	0.14318	0.02820	0.07805	0.02670	0.11737	0.02429	0.01422	0.00947	0.00311	0.01079	0.01111	0.00752	0.01425
10	0.03038	0.17126	0.24269	0.02517	0.03648	0.03164	0.02686	0.23152	0.03315	0.04493	0.02062	0.02238	0.01528	0.01089	0.00955	0.00304	0.01308	0.00803	0.00693	0.01612
11	0.02987	0.27506	0.20178	0.02360	0.03441	0.03390	0.02493	0.18586	0.03049	0.04038	0.01928	0.02116	0.01488	0.01047	0.00893	0.00287	0.01269	0.00749	0.00638	0.01555
12	0.03226	0.34904	0.12188	0.02158	0.03081	0.13067	0.02117	0.03694	0.02449	0.11309	0.01992	0.02115	0.01556	0.01016	0.00836	0.00266	0.01293	0.00697	0.00604	0.01434
13	0.07081	0.35493	0.17296	0.02034	0.03087	0.03202	0.02184	0.03126	0.02152	0.03000	0.01639	0.01906	0.01372	0.00915	0.00772	0.00248	0.01159	0.00628	0.00492	0.12213
14	0.02503	0.35351	0.21372	0.02151	0.03269	0.03196	0.02383	0.03143	0.02182	0.02912	0.01670	0.01944	0.01385	0.00917	0.00798	0.00249	0.01212	0.00643	0.00478	0.12242
15	0.01385	0.00989	0.01338	0.01583	0.01687	0.00942	0.01150	0.01640	0.02120	0.02808	0.05774	0.50425	0.06781	0.03221	0.01375	0.00443	0.00698	0.13775	0.00980	0.00886
16	0.02192	0.01879	0.02192	0.01566	0.02506	0.01409	0.01253	0.02662	0.02192	0.03445	0.01879	0.02192	0.01566	0.00783	0.00783	0.00157	0.00783	0.00626	0.00626	0.69305
17	0.02929	0.27210	0.12346	0.02053	0.03051	0.02990	0.02035	0.11141	0.02690	0.07826	0.02006	0.02168	0.01568	0.00986	0.00842	0.00251	0.01114	0.00713	0.00652	0.15430
18	0.01288	0.00920	0.01227	0.01472	0.01534	0.00859	0.00981	0.01472	0.02024	0.02699	0.05828	0.62152	0.06993	0.03312	0.01350	0.00429	0.00613	0.03006	0.00981	0.00859
19	0.01825	0.03336	0.30238	0.02170	0.03058	0.01754	0.02442	0.02620	0.02369	0.03431	0.19599	0.04819	0.04544	0.11228	0.01780	0.00444	0.01131	0.01269	0.00710	0.01232
20	0.07684	0.02530	0.02922	0.07717	0.16043	0.10955	0.02055	0.03627	0.02521	0.14992	0.02338	0.02574	0.01748	0.01020	0.00948	0.00277	0.01155	0.00828	0.00726	0.17339

[dist]
# distance from previous block
# <min> <max>
0	11

# created by:
# /st0/software/busco_prod/Augustus/scripts/msa2prfl.pl ./align_prep/11502.fa
