[name]
unknown

[dist]
# distance from previous block
# <min> <max>
19	185

[block]
# block no. 0 follows, 11 sequences, length 32
# corresponding to MSA columns:
# 205-236
name=unknown_A
#
# <colnr> <probs for GDERKNQSTAVLIFYWHMCP>
#	G	D	E	R	K	N	Q	S	T	A	V	L	I	F	Y	W	H	M	C	P
0	0.10877	0.01826	0.02034	0.01828	0.02279	0.01950	0.01388	0.11885	0.08171	0.08429	0.07722	0.15462	0.04223	0.10324	0.06024	0.00585	0.01076	0.01618	0.00989	0.01309
1	0.02907	0.01851	0.02504	0.15110	0.03753	0.01845	0.01851	0.08273	0.02805	0.15774	0.03713	0.17233	0.03367	0.01766	0.01157	0.00351	0.01020	0.01528	0.00946	0.12246
2	0.24356	0.02344	0.02507	0.02343	0.06829	0.02564	0.01724	0.12234	0.08105	0.04761	0.03034	0.03205	0.06074	0.01351	0.01171	0.00340	0.05513	0.00977	0.00826	0.09740
3	0.10942	0.11823	0.03089	0.01991	0.02829	0.02645	0.01669	0.16744	0.03236	0.11369	0.02743	0.07047	0.02259	0.01317	0.00972	0.00296	0.01017	0.01013	0.00900	0.16100
4	0.03252	0.02720	0.03122	0.08494	0.03725	0.09102	0.05910	0.17534	0.03413	0.08326	0.02960	0.10355	0.02563	0.01480	0.01124	0.00328	0.01256	0.01249	0.00878	0.12211
5	0.11254	0.02210	0.03063	0.09364	0.15921	0.02215	0.02198	0.03556	0.02454	0.13449	0.02406	0.02757	0.01823	0.01131	0.01198	0.00315	0.05525	0.00895	0.00751	0.17512
6	0.02753	0.03043	0.13318	0.07045	0.03983	0.02555	0.08325	0.16024	0.08535	0.04497	0.03410	0.11357	0.03053	0.01687	0.01220	0.00386	0.01291	0.05113	0.00864	0.01541
7	0.15605	0.02193	0.02785	0.23085	0.04608	0.02436	0.02157	0.08045	0.02499	0.03949	0.01955	0.02535	0.01529	0.01122	0.01147	0.00323	0.05134	0.00842	0.00647	0.17403
8	0.26743	0.02054	0.02122	0.01864	0.02404	0.02295	0.01468	0.08624	0.07848	0.10712	0.03155	0.10690	0.02818	0.06290	0.01579	0.00435	0.05373	0.01251	0.00911	0.01363
9	0.08350	0.01964	0.02710	0.16043	0.09658	0.01935	0.02028	0.03448	0.02550	0.15814	0.03753	0.03940	0.08317	0.01332	0.01061	0.00323	0.01056	0.01111	0.00840	0.13766
10	0.08059	0.09915	0.03404	0.15560	0.04142	0.02322	0.07098	0.03397	0.02461	0.13227	0.02943	0.09958	0.02510	0.01398	0.01066	0.00336	0.01164	0.01215	0.00783	0.09042
11	0.03246	0.02453	0.03280	0.13789	0.04273	0.02483	0.06040	0.18412	0.03402	0.10126	0.02518	0.02813	0.01839	0.01132	0.01063	0.00303	0.01205	0.00954	0.00853	0.19817
12	0.15869	0.02052	0.02456	0.09330	0.03350	0.02022	0.01704	0.04124	0.07879	0.20145	0.02982	0.03010	0.02111	0.01168	0.00976	0.00311	0.00976	0.00916	0.00935	0.17684
13	0.01426	0.01131	0.01281	0.01271	0.01586	0.00986	0.00943	0.01790	0.02750	0.03543	0.25505	0.13892	0.34484	0.02712	0.01338	0.00377	0.00563	0.02322	0.01113	0.00986
14	0.02891	0.09241	0.07513	0.07618	0.10271	0.02910	0.02357	0.13547	0.15958	0.04349	0.02919	0.03210	0.02279	0.02087	0.07432	0.00513	0.01417	0.01042	0.00818	0.01628
15	0.02079	0.01572	0.02112	0.01959	0.02222	0.01865	0.01555	0.07685	0.02263	0.03320	0.02859	0.03951	0.02550	0.06014	0.36918	0.01301	0.09485	0.01138	0.08011	0.01144
16	0.01601	0.01292	0.02000	0.01951	0.02215	0.01209	0.06726	0.01972	0.02420	0.03221	0.11340	0.37071	0.10780	0.02979	0.01419	0.00438	0.00828	0.08507	0.01010	0.01020
17	0.02409	0.02447	0.03218	0.29392	0.05236	0.08637	0.02642	0.02900	0.02176	0.02808	0.02127	0.07114	0.01948	0.01591	0.01976	0.00410	0.20062	0.01135	0.00549	0.01224
18	0.01348	0.01072	0.01211	0.01322	0.01568	0.00935	0.00936	0.01595	0.02391	0.02969	0.09187	0.31656	0.33572	0.03138	0.01376	0.00413	0.00605	0.02727	0.01045	0.00935
19	0.02000	0.01773	0.02579	0.09219	0.03024	0.02293	0.01963	0.02353	0.01818	0.02646	0.02348	0.03747	0.02249	0.09443	0.25006	0.01068	0.23690	0.01132	0.00555	0.01094
20	0.10558	0.10798	0.30948	0.02656	0.03947	0.02814	0.03043	0.09513	0.02771	0.09602	0.02267	0.02449	0.01614	0.01125	0.01001	0.00339	0.01390	0.00836	0.00683	0.01647
21	0.10896	0.34372	0.10028	0.02098	0.03088	0.03571	0.02077	0.08807	0.02706	0.09995	0.02102	0.02225	0.01637	0.01081	0.00854	0.00290	0.01188	0.00740	0.00692	0.01554
22	0.08264	0.15320	0.15128	0.02772	0.07443	0.06387	0.02476	0.06824	0.02520	0.03589	0.02204	0.06842	0.01985	0.01348	0.01277	0.00334	0.07645	0.00982	0.00620	0.06038
23	0.02955	0.23161	0.08370	0.12719	0.03964	0.03224	0.02323	0.09521	0.02790	0.07641	0.06126	0.02940	0.02354	0.01279	0.01209	0.00327	0.05973	0.00940	0.00705	0.01479
24	0.01579	0.01120	0.01395	0.01436	0.01565	0.01107	0.00987	0.01806	0.02131	0.02871	0.12650	0.14898	0.09681	0.27549	0.10056	0.00873	0.01136	0.05424	0.00869	0.00866
25	0.03592	0.02688	0.03324	0.02645	0.03463	0.02907	0.07399	0.21200	0.23284	0.11645	0.03628	0.03485	0.02612	0.01381	0.01158	0.00362	0.01140	0.01169	0.01103	0.01815
26	0.01500	0.01101	0.01366	0.01459	0.01646	0.01022	0.01049	0.01802	0.02456	0.03253	0.17776	0.25875	0.16513	0.10697	0.01979	0.00510	0.00710	0.07306	0.01041	0.00938
27	0.45009	0.01779	0.01441	0.01328	0.01871	0.02004	0.01066	0.03067	0.02072	0.04749	0.02310	0.02664	0.01807	0.01139	0.00728	0.00318	0.00749	0.00765	0.23977	0.01159
28	0.02429	0.01450	0.01740	0.01586	0.02047	0.01346	0.01215	0.03120	0.08437	0.15500	0.16209	0.14515	0.21244	0.02341	0.01276	0.00378	0.00702	0.02001	0.01175	0.01290
29	0.01637	0.01091	0.01228	0.01228	0.01228	0.01091	0.00682	0.01637	0.01637	0.02182	0.03546	0.07365	0.04092	0.60445	0.05729	0.01091	0.01091	0.01637	0.00682	0.00682
30	0.02021	0.01495	0.02189	0.08304	0.06752	0.01504	0.05278	0.02588	0.02531	0.03758	0.09796	0.06153	0.09643	0.01749	0.01112	0.00346	0.00877	0.06949	0.25799	0.01156
31	0.01519	0.01073	0.01295	0.01412	0.01502	0.01027	0.00929	0.01666	0.02013	0.02633	0.05630	0.27400	0.11178	0.28152	0.03300	0.00729	0.00866	0.05963	0.00886	0.00828

[dist]
# distance from previous block
# <min> <max>
0	1

[block]
# block no. 1 follows, 11 sequences, length 15
# corresponding to MSA columns:
# 238-252
name=unknown_B
#
# <colnr> <probs for GDERKNQSTAVLIFYWHMCP>
#	G	D	E	R	K	N	Q	S	T	A	V	L	I	F	Y	W	H	M	C	P
0	0.02863	0.14034	0.07276	0.01892	0.02919	0.02199	0.01725	0.03391	0.02459	0.10926	0.02276	0.02454	0.01769	0.00961	0.00874	0.00223	0.00992	0.00736	0.00722	0.39308
1	0.03470	0.02394	0.07934	0.12203	0.11809	0.02062	0.05711	0.04120	0.02748	0.24220	0.03215	0.03379	0.02225	0.01218	0.01099	0.00344	0.01192	0.01068	0.07949	0.01641
2	0.57291	0.02187	0.01950	0.06254	0.02704	0.02602	0.01483	0.03222	0.01927	0.04670	0.01595	0.01979	0.01264	0.01130	0.00988	0.00363	0.05834	0.00674	0.00663	0.01223
3	0.03534	0.10926	0.03765	0.02571	0.03401	0.02500	0.10655	0.04640	0.13064	0.22091	0.03778	0.04263	0.02857	0.01430	0.01149	0.00361	0.01163	0.05170	0.01020	0.01664
4	0.02770	0.02242	0.07164	0.06364	0.07191	0.02014	0.01970	0.08518	0.09801	0.11728	0.13979	0.09243	0.04540	0.01695	0.01170	0.00358	0.00968	0.01453	0.05338	0.01493
5	0.01330	0.01140	0.01140	0.01140	0.01520	0.00950	0.00855	0.01615	0.02565	0.03041	0.11402	0.10832	0.52967	0.02850	0.01330	0.00380	0.00570	0.02375	0.01045	0.00950
6	0.02334	0.02001	0.02334	0.01667	0.02667	0.01500	0.01334	0.02834	0.02334	0.03668	0.02001	0.02334	0.01667	0.00834	0.00834	0.00167	0.00834	0.00667	0.00667	0.67325
7	0.01582	0.01192	0.01489	0.01674	0.01824	0.01193	0.01154	0.02220	0.09432	0.03144	0.05964	0.51505	0.06852	0.03231	0.01394	0.00446	0.00688	0.02915	0.01060	0.01042
8	0.02462	0.02462	0.03447	0.02955	0.02955	0.03447	0.02462	0.02709	0.01724	0.02709	0.01477	0.02462	0.01477	0.01970	0.03694	0.00492	0.58385	0.00985	0.00492	0.01231
9	0.04028	0.13606	0.03590	0.02756	0.03392	0.48318	0.02138	0.04328	0.03056	0.02739	0.01714	0.01997	0.01449	0.01131	0.00972	0.00283	0.01908	0.00707	0.00565	0.01325
10	0.02462	0.02462	0.03447	0.02955	0.02955	0.03447	0.02462	0.02709	0.01724	0.02709	0.01477	0.02462	0.01477	0.01970	0.03694	0.00492	0.58385	0.00985	0.00492	0.01231
11	0.02334	0.02001	0.02334	0.01667	0.02667	0.01500	0.01334	0.02834	0.02334	0.03668	0.02001	0.02334	0.01667	0.00834	0.00834	0.00167	0.00834	0.00667	0.00667	0.67325
12	0.41599	0.15837	0.07574	0.01873	0.02653	0.03053	0.01759	0.03291	0.02023	0.04158	0.01599	0.01931	0.01312	0.01113	0.01011	0.00338	0.06293	0.00662	0.00609	0.01311
13	0.09727	0.01400	0.01795	0.02002	0.02313	0.01442	0.01743	0.02448	0.02511	0.03568	0.05437	0.11404	0.05853	0.02864	0.01453	0.00498	0.01017	0.40471	0.00996	0.01058
14	0.02685	0.02277	0.02492	0.02237	0.02758	0.02689	0.01756	0.05233	0.40248	0.04416	0.04115	0.03993	0.03144	0.01557	0.01410	0.00382	0.07685	0.01214	0.08071	0.01638

[dist]
# distance from previous block
# <min> <max>
0	6

[block]
# block no. 2 follows, 11 sequences, length 27
# corresponding to MSA columns:
# 259-285
name=unknown_C
#
# <colnr> <probs for GDERKNQSTAVLIFYWHMCP>
#	G	D	E	R	K	N	Q	S	T	A	V	L	I	F	Y	W	H	M	C	P
0	0.01853	0.01344	0.01686	0.01530	0.01857	0.01297	0.01166	0.06725	0.03390	0.04763	0.47979	0.07855	0.09778	0.02209	0.01308	0.00352	0.00599	0.01937	0.01228	0.01144
1	0.02007	0.01321	0.01726	0.01735	0.01883	0.01384	0.01270	0.02223	0.02117	0.07681	0.04613	0.23060	0.05089	0.21610	0.03070	0.00667	0.07167	0.09487	0.00899	0.00991
2	0.03606	0.02683	0.02961	0.02450	0.03187	0.02952	0.02035	0.35278	0.09173	0.06063	0.03583	0.04993	0.03041	0.01746	0.01220	0.00381	0.01161	0.10666	0.01109	0.01713
3	0.02314	0.02193	0.03717	0.43200	0.20815	0.02550	0.03220	0.03041	0.02340	0.03105	0.02034	0.02939	0.01581	0.01090	0.01122	0.00363	0.01454	0.01001	0.00516	0.01403
4	0.01975	0.01154	0.01425	0.01419	0.01694	0.01065	0.01039	0.02368	0.02628	0.09005	0.18559	0.23266	0.10843	0.02418	0.01221	0.00368	0.00616	0.02116	0.15730	0.01092
5	0.01371	0.00979	0.01306	0.01567	0.01632	0.00914	0.01045	0.01567	0.02155	0.02873	0.06203	0.59710	0.07444	0.03526	0.01437	0.00457	0.00653	0.03200	0.01045	0.00914
6	0.01596	0.01131	0.01496	0.01524	0.01621	0.01214	0.01045	0.01797	0.01768	0.02448	0.03586	0.11529	0.03870	0.31161	0.27815	0.01347	0.01908	0.01607	0.00685	0.00851
7	0.68395	0.02177	0.01654	0.01480	0.02177	0.02525	0.01219	0.03309	0.01915	0.05050	0.01567	0.01828	0.01219	0.01045	0.00697	0.00348	0.00871	0.00609	0.00697	0.01219
8	0.03127	0.02946	0.09409	0.18622	0.09446	0.02779	0.10893	0.15950	0.03266	0.08834	0.02466	0.02916	0.01778	0.01163	0.01154	0.00358	0.01454	0.01055	0.00762	0.01624
9	0.02446	0.01415	0.01826	0.01739	0.02116	0.01351	0.01324	0.03131	0.07935	0.15116	0.18624	0.23320	0.06783	0.02460	0.01316	0.00401	0.00742	0.05486	0.01187	0.01282
10	0.02306	0.02248	0.03414	0.28350	0.05179	0.03009	0.02770	0.02786	0.01968	0.02786	0.01720	0.02712	0.01488	0.01578	0.02503	0.00438	0.32016	0.00992	0.00496	0.01240
11	0.01552	0.01149	0.01447	0.01373	0.01656	0.01044	0.01029	0.02044	0.03088	0.04282	0.46313	0.08789	0.17281	0.02387	0.01328	0.00358	0.00537	0.02089	0.01209	0.01044
12	0.02569	0.02275	0.03531	0.17885	0.14210	0.02454	0.07909	0.10562	0.06608	0.03933	0.03166	0.13797	0.02926	0.01605	0.01208	0.00378	0.01265	0.01480	0.00773	0.01468
13	0.04512	0.02444	0.03112	0.02782	0.08974	0.02426	0.02036	0.20975	0.03882	0.31558	0.03551	0.03308	0.02359	0.01333	0.01128	0.00343	0.01102	0.01075	0.01201	0.01900
14	0.01619	0.01162	0.01588	0.01588	0.01713	0.01287	0.01131	0.01868	0.01743	0.02449	0.03217	0.05540	0.03299	0.28199	0.36890	0.01536	0.02284	0.01370	0.00633	0.00882
15	0.02983	0.54322	0.05743	0.02506	0.08768	0.04247	0.02104	0.03380	0.02319	0.02768	0.01629	0.01920	0.01484	0.00968	0.00768	0.00252	0.01219	0.00648	0.00490	0.01484
16	0.01859	0.00990	0.01423	0.01451	0.01458	0.00983	0.00953	0.01496	0.01558	0.02077	0.02578	0.09817	0.02769	0.10016	0.04229	0.52979	0.00955	0.01285	0.00569	0.00555
17	0.02858	0.01410	0.01853	0.01646	0.02116	0.01248	0.01266	0.03255	0.02915	0.23267	0.19790	0.17778	0.11399	0.02267	0.01275	0.00376	0.00726	0.01968	0.01237	0.01350
18	0.02518	0.34018	0.09641	0.02045	0.02803	0.03307	0.02003	0.03008	0.02459	0.03215	0.14367	0.03581	0.03731	0.01417	0.01232	0.00308	0.07301	0.01025	0.00671	0.01349
19	0.10824	0.19740	0.04421	0.02543	0.03506	0.02853	0.13353	0.03750	0.02522	0.13290	0.02361	0.02581	0.01776	0.01033	0.00964	0.00297	0.01233	0.00893	0.00732	0.11326
20	0.03203	0.07342	0.03477	0.02868	0.08996	0.08130	0.05592	0.03684	0.02581	0.13058	0.02384	0.02665	0.01836	0.01134	0.01272	0.00291	0.07187	0.00880	0.00743	0.22677
21	0.13129	0.06997	0.07074	0.01908	0.02683	0.02104	0.01696	0.03634	0.07593	0.12649	0.08237	0.03574	0.03044	0.02113	0.07379	0.00484	0.01191	0.01023	0.00871	0.12619
22	0.12803	0.18770	0.09587	0.08080	0.03537	0.03046	0.02210	0.03821	0.06524	0.11581	0.02373	0.02603	0.01803	0.01231	0.01226	0.00341	0.07390	0.00856	0.00719	0.01497
23	0.13337	0.09820	0.11405	0.02148	0.03048	0.06766	0.02011	0.08462	0.02735	0.09258	0.02641	0.08454	0.02270	0.01348	0.00980	0.00314	0.01155	0.01037	0.00777	0.12036
24	0.13203	0.02690	0.11843	0.02080	0.02914	0.02137	0.01978	0.08355	0.08435	0.08543	0.04439	0.05092	0.10603	0.01656	0.01103	0.00361	0.01033	0.05843	0.00902	0.06789
25	0.12720	0.02006	0.02306	0.02337	0.06961	0.02163	0.01643	0.04242	0.21918	0.09626	0.11251	0.10335	0.04388	0.01725	0.01131	0.00373	0.00855	0.01456	0.01054	0.01508
26	0.10420	0.07596	0.06735	0.08050	0.03575	0.02600	0.02049	0.13546	0.07087	0.17397	0.02899	0.02921	0.02047	0.01221	0.01019	0.00327	0.01119	0.00942	0.00942	0.07507

[dist]
# distance from previous block
# <min> <max>
1	115

[block]
# block no. 3 follows, 11 sequences, length 14
# corresponding to MSA columns:
# 407-420
name=unknown_D
#
# <colnr> <probs for GDERKNQSTAVLIFYWHMCP>
#	G	D	E	R	K	N	Q	S	T	A	V	L	I	F	Y	W	H	M	C	P
0	0.02869	0.02393	0.08000	0.13306	0.03937	0.01968	0.02087	0.07172	0.02806	0.13091	0.07309	0.03351	0.02679	0.01200	0.01042	0.00293	0.01082	0.00994	0.00838	0.23581
1	0.10288	0.02093	0.03048	0.30187	0.05266	0.02524	0.02501	0.03390	0.02296	0.12874	0.02316	0.02922	0.01709	0.01329	0.01571	0.00389	0.12256	0.00978	0.00691	0.01370
2	0.15878	0.02533	0.11752	0.06801	0.03427	0.01996	0.06212	0.03341	0.02337	0.13821	0.03003	0.10565	0.02568	0.01780	0.01464	0.07982	0.01154	0.01244	0.00795	0.01344
3	0.04655	0.01800	0.02403	0.01875	0.02664	0.01573	0.01538	0.05102	0.03106	0.47512	0.04338	0.03880	0.02799	0.01382	0.01086	0.00337	0.00900	0.01121	0.10130	0.01800
4	0.02171	0.02062	0.03385	0.50409	0.07110	0.02627	0.03037	0.02853	0.02180	0.02853	0.01931	0.02929	0.01497	0.01238	0.01469	0.00391	0.09111	0.00998	0.00499	0.01248
5	0.01825	0.07514	0.02408	0.15914	0.03439	0.01759	0.01800	0.02258	0.02340	0.03049	0.07772	0.27590	0.05363	0.02497	0.01297	0.00418	0.00984	0.09827	0.00860	0.01086
6	0.01972	0.01212	0.01562	0.01434	0.01756	0.01117	0.01090	0.02493	0.03104	0.09176	0.43182	0.07540	0.09081	0.02113	0.01253	0.00344	0.00571	0.01848	0.08010	0.01141
7	0.02462	0.01538	0.01970	0.09206	0.02717	0.01608	0.01444	0.08804	0.02710	0.08545	0.08610	0.12176	0.03994	0.07265	0.01908	0.08029	0.00914	0.01492	0.13452	0.01160
8	0.03139	0.55061	0.05604	0.02032	0.02953	0.10048	0.01953	0.03492	0.02385	0.02660	0.01584	0.01830	0.01445	0.00984	0.00754	0.00246	0.01293	0.00615	0.00492	0.01429
9	0.07510	0.10824	0.16554	0.13809	0.04248	0.02469	0.02555	0.03800	0.02522	0.16416	0.02667	0.02900	0.01886	0.01166	0.01004	0.00335	0.01249	0.00914	0.05634	0.01537
10	0.02121	0.01632	0.02005	0.05509	0.02492	0.01704	0.01436	0.08181	0.10807	0.04726	0.36222	0.06741	0.07900	0.01994	0.01263	0.00358	0.00733	0.01731	0.01161	0.01283
11	0.01594	0.01207	0.01553	0.05157	0.02104	0.01163	0.01241	0.01992	0.02612	0.03465	0.22240	0.14066	0.17380	0.09217	0.01866	0.00484	0.00768	0.09872	0.01031	0.00988
12	0.13413	0.08565	0.02704	0.01939	0.02603	0.02547	0.01576	0.13792	0.10928	0.11516	0.09720	0.04039	0.03475	0.06677	0.01455	0.00406	0.00976	0.01155	0.01004	0.01510
13	0.11448	0.02451	0.07252	0.02170	0.03009	0.02157	0.01925	0.07819	0.02915	0.30883	0.03248	0.03119	0.02188	0.01338	0.01330	0.00349	0.07263	0.00983	0.01055	0.07097

[dist]
# distance from previous block
# <min> <max>
2	7

[block]
# block no. 4 follows, 11 sequences, length 7
# corresponding to MSA columns:
# 428-434
name=unknown_E
#
# <colnr> <probs for GDERKNQSTAVLIFYWHMCP>
#	G	D	E	R	K	N	Q	S	T	A	V	L	I	F	Y	W	H	M	C	P
0	0.19564	0.02097	0.02254	0.01792	0.02629	0.02006	0.01444	0.04013	0.10600	0.14365	0.02814	0.02820	0.02075	0.01115	0.00911	0.00285	0.00877	0.00847	0.00900	0.26591
1	0.18921	0.01669	0.01865	0.06534	0.02490	0.01782	0.01341	0.06340	0.02474	0.08358	0.09759	0.13528	0.04246	0.13633	0.02022	0.00518	0.00928	0.01534	0.00898	0.01160
2	0.02078	0.01377	0.01624	0.01534	0.01931	0.01293	0.01157	0.02783	0.08752	0.10407	0.18587	0.16633	0.22541	0.02475	0.01298	0.00383	0.00666	0.02130	0.01150	0.01202
3	0.01694	0.01496	0.02647	0.02366	0.02701	0.01400	0.13183	0.02079	0.02281	0.03057	0.05217	0.45464	0.06002	0.02878	0.01409	0.00438	0.00966	0.02729	0.00925	0.01066
4	0.01826	0.01951	0.08622	0.06338	0.02841	0.01589	0.05812	0.02329	0.02284	0.03190	0.15425	0.05800	0.04779	0.19977	0.11659	0.00816	0.01444	0.01489	0.00759	0.01070
5	0.02275	0.01761	0.02011	0.01512	0.02326	0.01387	0.01196	0.02781	0.02341	0.03800	0.02421	0.02802	0.01973	0.00954	0.00822	0.00191	0.00756	0.00763	0.17263	0.50666
6	0.03358	0.02490	0.03100	0.14524	0.04148	0.02873	0.02251	0.18142	0.14146	0.11320	0.03044	0.03219	0.02223	0.01423	0.01447	0.00376	0.08227	0.01080	0.00951	0.01656

[dist]
# distance from previous block
# <min> <max>
0	1

[block]
# block no. 5 follows, 11 sequences, length 25
# corresponding to MSA columns:
# 436-456,462-465
name=unknown_F
#
# <colnr> <probs for GDERKNQSTAVLIFYWHMCP>
#	G	D	E	R	K	N	Q	S	T	A	V	L	I	F	Y	W	H	M	C	P
0	0.37614	0.02950	0.08982	0.14858	0.03952	0.08371	0.02139	0.03371	0.02191	0.04107	0.01744	0.02191	0.01336	0.01079	0.00878	0.00349	0.01244	0.00741	0.00610	0.01292
1	0.45009	0.02493	0.08478	0.01724	0.02522	0.02273	0.01606	0.03552	0.02188	0.11110	0.02210	0.02398	0.01618	0.01120	0.00809	0.00341	0.00948	0.00750	0.07502	0.01348
2	0.04204	0.05364	0.03190	0.02900	0.03480	0.55926	0.02175	0.04494	0.03190	0.02755	0.01740	0.02030	0.01450	0.01160	0.01015	0.00290	0.02030	0.00725	0.00580	0.01305
3	0.01423	0.01122	0.01283	0.01289	0.01589	0.00982	0.00949	0.01777	0.02715	0.03504	0.24381	0.16675	0.32790	0.02761	0.01344	0.00382	0.00568	0.02375	0.01109	0.00982
4	0.02462	0.02462	0.03447	0.02955	0.02955	0.03447	0.02462	0.02709	0.01724	0.02709	0.01477	0.02462	0.01477	0.01970	0.03694	0.00492	0.58385	0.00985	0.00492	0.01231
5	0.08996	0.03438	0.19874	0.09865	0.04425	0.02538	0.09489	0.06743	0.08961	0.04121	0.07943	0.03414	0.02753	0.01269	0.01119	0.00363	0.01345	0.01104	0.00728	0.01512
6	0.01532	0.01088	0.01218	0.01251	0.01347	0.01036	0.00769	0.01623	0.01917	0.02469	0.05695	0.14911	0.15759	0.39868	0.04164	0.00846	0.00915	0.02008	0.00812	0.00774
7	0.02683	0.02220	0.02532	0.07822	0.03247	0.02515	0.01823	0.10535	0.30909	0.04790	0.13601	0.04715	0.04460	0.01616	0.01177	0.00370	0.00927	0.01362	0.01095	0.01602
8	0.05050	0.01915	0.02612	0.02003	0.02873	0.01654	0.01654	0.05485	0.03221	0.54203	0.04440	0.03831	0.02786	0.01393	0.01132	0.00348	0.00958	0.01132	0.01393	0.01915
9	0.01671	0.01871	0.08790	0.01808	0.02228	0.01438	0.01610	0.02160	0.02562	0.03485	0.19300	0.18078	0.17256	0.02536	0.01532	0.00405	0.05623	0.05573	0.00974	0.01101
10	0.08247	0.02916	0.08333	0.02385	0.03191	0.02893	0.02067	0.14104	0.33021	0.05080	0.03691	0.03517	0.02740	0.01404	0.01097	0.00368	0.01042	0.01121	0.01032	0.01750
11	0.02925	0.23062	0.03640	0.01803	0.02773	0.02573	0.01586	0.03367	0.02432	0.09820	0.02160	0.02339	0.01732	0.00952	0.00832	0.00217	0.00981	0.00704	0.00694	0.35410
12	0.02342	0.01428	0.01510	0.01388	0.01757	0.01491	0.01069	0.08038	0.07652	0.04604	0.09932	0.04571	0.03821	0.01463	0.00928	0.00294	0.00640	0.01193	0.44660	0.01218
13	0.05050	0.01915	0.02612	0.02003	0.02873	0.01654	0.01654	0.05485	0.03221	0.54203	0.04440	0.03831	0.02786	0.01393	0.01132	0.00348	0.00958	0.01132	0.01393	0.01915
14	0.01554	0.01163	0.01451	0.01418	0.01709	0.01059	0.01089	0.02028	0.02984	0.04061	0.38656	0.09390	0.19943	0.02507	0.01351	0.00376	0.00590	0.06461	0.01174	0.01034
15	0.01371	0.00979	0.01306	0.01567	0.01632	0.00914	0.01045	0.01567	0.02155	0.02873	0.06203	0.59710	0.07444	0.03526	0.01437	0.00457	0.00653	0.03200	0.01045	0.00914
16	0.02835	0.48341	0.17156	0.02222	0.03347	0.04028	0.02442	0.03415	0.02308	0.02860	0.01670	0.01937	0.01440	0.00988	0.00802	0.00267	0.01310	0.00655	0.00480	0.01495
17	0.01483	0.01087	0.01392	0.01441	0.01646	0.00996	0.01033	0.01865	0.02742	0.03754	0.31295	0.27382	0.14093	0.02808	0.01368	0.00394	0.00580	0.02497	0.01147	0.00996
18	0.01867	0.01700	0.03101	0.02616	0.03044	0.01607	0.17016	0.02314	0.02291	0.03068	0.04547	0.30352	0.05040	0.09907	0.01959	0.00518	0.01152	0.05968	0.00841	0.01094
19	0.03155	0.02348	0.02580	0.02208	0.02871	0.02598	0.01746	0.13891	0.31538	0.10056	0.10364	0.04410	0.03994	0.01579	0.01163	0.00366	0.00919	0.01306	0.01178	0.01729
20	0.02334	0.02001	0.02334	0.01667	0.02667	0.01500	0.01334	0.02834	0.02334	0.03668	0.02001	0.02334	0.01667	0.00834	0.00834	0.00167	0.00834	0.00667	0.00667	0.67325
21	0.02334	0.02001	0.02334	0.01667	0.02667	0.01500	0.01334	0.02834	0.02334	0.03668	0.02001	0.02334	0.01667	0.00834	0.00834	0.00167	0.00834	0.00667	0.00667	0.67325
22	0.01608	0.01206	0.01809	0.01809	0.02010	0.01407	0.01407	0.02010	0.01809	0.02613	0.03015	0.04422	0.02814	0.08441	0.55984	0.01809	0.03015	0.01206	0.00603	0.01005
23	0.03683	0.10133	0.10188	0.09354	0.03744	0.02477	0.02222	0.10984	0.03103	0.23113	0.03109	0.03128	0.02142	0.01247	0.01042	0.00331	0.01162	0.00982	0.06189	0.01666
24	0.01839	0.01469	0.01755	0.01555	0.02040	0.01296	0.01174	0.02502	0.06760	0.03859	0.22174	0.15032	0.11588	0.02082	0.01190	0.00323	0.00671	0.01812	0.01016	0.19863

[dist]
# distance from previous block
# <min> <max>
0	1

[block]
# block no. 6 follows, 11 sequences, length 15
# corresponding to MSA columns:
# 467-481
name=unknown_G
#
# <colnr> <probs for GDERKNQSTAVLIFYWHMCP>
#	G	D	E	R	K	N	Q	S	T	A	V	L	I	F	Y	W	H	M	C	P
0	0.15875	0.11632	0.02876	0.01835	0.02569	0.02201	0.05349	0.03216	0.02447	0.08599	0.07829	0.03296	0.02807	0.01193	0.00902	0.00286	0.00920	0.00952	0.11411	0.13804
1	0.47977	0.09996	0.12184	0.01861	0.02772	0.02775	0.01860	0.03364	0.02048	0.04478	0.01653	0.01929	0.01285	0.01040	0.00770	0.00337	0.01061	0.00651	0.00629	0.01330
2	0.02126	0.02001	0.03376	0.57739	0.07752	0.02501	0.03126	0.02876	0.02251	0.02876	0.02001	0.03001	0.01500	0.01125	0.01125	0.00375	0.01500	0.01000	0.00500	0.01250
3	0.03235	0.50576	0.05386	0.02110	0.03001	0.14189	0.01973	0.03583	0.02458	0.02668	0.01598	0.01848	0.01445	0.01000	0.00778	0.00250	0.01360	0.00625	0.00500	0.01418
4	0.02098	0.01049	0.01049	0.01049	0.01311	0.01049	0.00787	0.02623	0.02360	0.04196	0.03672	0.04196	0.02885	0.01311	0.00787	0.00262	0.00525	0.01049	0.66693	0.01049
5	0.02685	0.02433	0.02853	0.02517	0.02936	0.03020	0.02014	0.04865	0.34458	0.04027	0.03523	0.03607	0.02768	0.01678	0.02014	0.00420	0.20491	0.01174	0.00923	0.01594
6	0.01608	0.01206	0.01809	0.01809	0.02010	0.01407	0.01407	0.02010	0.01809	0.02613	0.03015	0.04422	0.02814	0.08441	0.55984	0.01809	0.03015	0.01206	0.00603	0.01005
7	0.01621	0.01154	0.01548	0.01548	0.01659	0.01265	0.01082	0.01843	0.01732	0.02420	0.03253	0.05742	0.03387	0.31767	0.33443	0.01487	0.02152	0.01399	0.00638	0.00860
8	0.02381	0.10218	0.16372	0.23270	0.05211	0.02952	0.03007	0.03351	0.06513	0.03152	0.02091	0.02715	0.01641	0.01270	0.01499	0.00375	0.11084	0.00931	0.00547	0.01420
9	0.02141	0.02754	0.19280	0.02107	0.02863	0.01613	0.02154	0.02852	0.02709	0.09209	0.21138	0.16416	0.06062	0.02044	0.01243	0.00375	0.00979	0.01776	0.00961	0.01324
10	0.01993	0.09104	0.07091	0.02262	0.02863	0.01914	0.10535	0.02606	0.02804	0.03866	0.28122	0.11648	0.06772	0.01920	0.01246	0.00356	0.00971	0.01761	0.00941	0.01225
11	0.22643	0.07580	0.06919	0.17144	0.04098	0.02574	0.02118	0.07310	0.02441	0.04031	0.02216	0.06726	0.01909	0.01261	0.00953	0.00339	0.01149	0.00973	0.00670	0.06946
12	0.15348	0.07501	0.07990	0.02366	0.03259	0.02407	0.09945	0.03452	0.08183	0.03831	0.02373	0.02970	0.01966	0.06081	0.01359	0.00367	0.01162	0.00936	0.00682	0.17824
13	0.25057	0.02752	0.12978	0.01957	0.02891	0.02059	0.01911	0.03530	0.02447	0.12969	0.07752	0.03085	0.02623	0.01209	0.00941	0.00319	0.01008	0.00910	0.00824	0.12777
14	0.03191	0.02894	0.08529	0.07315	0.03678	0.08641	0.05689	0.10828	0.03137	0.12973	0.07260	0.08741	0.03155	0.01496	0.01143	0.00339	0.01250	0.01267	0.00899	0.07577

[dist]
# distance from previous block
# <min> <max>
27	135

# created by:
# /st0/software/busco_prod/Augustus/scripts/msa2prfl.pl ./align_prep/11518.fa
