[name]
unknown

[dist]
# distance from previous block
# <min> <max>
0	8

[block]
# block no. 0 follows, 11 sequences, length 15
# corresponding to MSA columns:
# 9-23
name=unknown_A
#
# <colnr> <probs for GDERKNQSTAVLIFYWHMCP>
#	G	D	E	R	K	N	Q	S	T	A	V	L	I	F	Y	W	H	M	C	P
0	0.14774	0.06888	0.08392	0.07154	0.10115	0.02163	0.02114	0.03078	0.02417	0.08195	0.06903	0.12844	0.03614	0.01726	0.01105	0.00372	0.01062	0.04923	0.00805	0.01354
1	0.07908	0.07877	0.11350	0.03262	0.13537	0.02275	0.06152	0.03413	0.02590	0.11681	0.08462	0.10229	0.03461	0.01517	0.01122	0.00353	0.01154	0.01335	0.00816	0.01505
2	0.03889	0.20342	0.03984	0.02560	0.03318	0.29836	0.02098	0.14352	0.03412	0.03702	0.01908	0.02119	0.01553	0.01148	0.00959	0.00287	0.01622	0.00756	0.00676	0.01481
3	0.03779	0.01955	0.02482	0.01846	0.02777	0.01582	0.01504	0.04245	0.02806	0.30563	0.03299	0.03131	0.02263	0.01131	0.00992	0.00263	0.00900	0.00914	0.01053	0.32514
4	0.01686	0.01181	0.01688	0.01688	0.01899	0.01350	0.01309	0.02107	0.01896	0.02864	0.03119	0.04386	0.02825	0.07310	0.47227	0.01563	0.02620	0.01181	0.11088	0.01012
5	0.02927	0.03276	0.16944	0.09555	0.12657	0.02519	0.06637	0.04314	0.13413	0.11798	0.03006	0.03201	0.02178	0.01207	0.01131	0.00361	0.01326	0.01064	0.00793	0.01692
6	0.01997	0.01226	0.01506	0.01452	0.01803	0.01081	0.01081	0.02345	0.02724	0.11486	0.19412	0.21234	0.23081	0.02649	0.01324	0.00388	0.00642	0.02297	0.01149	0.01122
7	0.01371	0.00979	0.01306	0.01567	0.01632	0.00914	0.01045	0.01567	0.02155	0.02873	0.06203	0.59710	0.07444	0.03526	0.01437	0.00457	0.00653	0.03200	0.01045	0.00914
8	0.59127	0.02687	0.09075	0.01722	0.02554	0.02537	0.01631	0.03344	0.01980	0.04842	0.01631	0.01905	0.01248	0.01048	0.00749	0.00349	0.00982	0.00641	0.00666	0.01281
9	0.01362	0.01017	0.01268	0.01469	0.01607	0.00922	0.01001	0.01578	0.02250	0.02912	0.07402	0.48439	0.17941	0.03370	0.01412	0.00439	0.00634	0.03010	0.01045	0.00922
10	0.10569	0.15205	0.19842	0.11565	0.04647	0.03050	0.09375	0.06835	0.02540	0.03721	0.01959	0.02412	0.01492	0.01058	0.01005	0.00337	0.01451	0.00869	0.00569	0.01499
11	0.02526	0.09492	0.03666	0.03032	0.10601	0.06408	0.09185	0.03039	0.02451	0.03339	0.02654	0.11525	0.02563	0.01345	0.01048	0.00289	0.01183	0.01218	0.00666	0.23769
12	0.37004	0.18676	0.03314	0.07223	0.08510	0.03078	0.01832	0.03303	0.02120	0.04034	0.01666	0.02032	0.01369	0.01025	0.00788	0.00319	0.01071	0.00685	0.00604	0.01347
13	0.02712	0.11296	0.02843	0.01713	0.02610	0.01954	0.01413	0.03141	0.02377	0.09479	0.02352	0.02841	0.01964	0.05780	0.01251	0.00276	0.00928	0.00792	0.00726	0.43553
14	0.03129	0.22702	0.19631	0.02831	0.03944	0.12997	0.08328	0.03834	0.02600	0.07201	0.02049	0.02327	0.01580	0.01064	0.00985	0.00309	0.01556	0.00823	0.00582	0.01530

[dist]
# distance from previous block
# <min> <max>
0	1

[block]
# block no. 1 follows, 11 sequences, length 23
# corresponding to MSA columns:
# 25-47
name=unknown_B
#
# <colnr> <probs for GDERKNQSTAVLIFYWHMCP>
#	G	D	E	R	K	N	Q	S	T	A	V	L	I	F	Y	W	H	M	C	P
0	0.03186	0.01811	0.02245	0.01856	0.02491	0.01676	0.01460	0.10771	0.03203	0.20166	0.12713	0.14900	0.04753	0.01868	0.01177	0.00340	0.00849	0.01596	0.01143	0.11794
1	0.03333	0.12900	0.03279	0.02239	0.03002	0.03067	0.01848	0.12287	0.29800	0.10536	0.03735	0.03497	0.02768	0.01384	0.01066	0.00346	0.01009	0.01096	0.01053	0.01758
2	0.03273	0.21048	0.11092	0.02182	0.03158	0.02894	0.02096	0.04401	0.12967	0.15477	0.02992	0.02925	0.02203	0.01187	0.00969	0.00306	0.01110	0.00909	0.00854	0.07956
3	0.04137	0.12447	0.03227	0.02069	0.02899	0.02498	0.01751	0.11847	0.07862	0.29979	0.06845	0.03634	0.02988	0.01383	0.01073	0.00331	0.01010	0.01093	0.01159	0.01765
4	0.02525	0.13698	0.37627	0.02713	0.04081	0.02665	0.03290	0.03515	0.02451	0.07654	0.03026	0.03197	0.06340	0.01246	0.01045	0.00340	0.01430	0.00965	0.00607	0.01584
5	0.01371	0.01142	0.01197	0.01183	0.01545	0.00968	0.00887	0.01695	0.02662	0.03271	0.17876	0.10453	0.46349	0.02765	0.01330	0.00376	0.00564	0.02322	0.01075	0.00968
6	0.02944	0.03030	0.04239	0.11141	0.41253	0.10980	0.03223	0.03561	0.02631	0.03456	0.02047	0.02688	0.01704	0.01039	0.01100	0.00331	0.01461	0.00959	0.00555	0.01657
7	0.02696	0.02630	0.04626	0.12679	0.43508	0.02670	0.07801	0.03401	0.02535	0.03576	0.02119	0.02835	0.01742	0.01012	0.01136	0.00343	0.01410	0.01034	0.00552	0.01695
8	0.04721	0.01843	0.02507	0.01947	0.02760	0.01598	0.01598	0.05166	0.03218	0.49479	0.09041	0.04266	0.03531	0.01479	0.01150	0.00349	0.00917	0.01218	0.01378	0.01834
9	0.01613	0.01186	0.01707	0.01707	0.01873	0.01352	0.01280	0.01945	0.01779	0.02538	0.03108	0.04937	0.03037	0.17538	0.47194	0.01683	0.02678	0.01281	0.00617	0.00948
10	0.02229	0.02106	0.03562	0.49796	0.14889	0.02528	0.03177	0.02966	0.02299	0.03001	0.02019	0.02967	0.01545	0.01106	0.01124	0.00369	0.01475	0.01001	0.00509	0.01334
11	0.02462	0.02344	0.03984	0.31813	0.31046	0.02589	0.03293	0.03171	0.02410	0.03284	0.02060	0.02891	0.01644	0.01063	0.01120	0.00354	0.01417	0.01002	0.00529	0.01522
12	0.01460	0.01100	0.01549	0.08173	0.02352	0.01101	0.01290	0.01721	0.02166	0.02873	0.05709	0.53041	0.06745	0.03244	0.01400	0.00447	0.00753	0.02941	0.00981	0.00954
13	0.05050	0.01915	0.02612	0.02003	0.02873	0.01654	0.01654	0.05485	0.03221	0.54203	0.04440	0.03831	0.02786	0.01393	0.01132	0.00348	0.00958	0.01132	0.01393	0.01915
14	0.01360	0.01023	0.01261	0.01451	0.01602	0.00924	0.00993	0.01580	0.02267	0.02919	0.07621	0.46382	0.19857	0.03342	0.01408	0.00436	0.00630	0.02975	0.01045	0.00924
15	0.02727	0.02176	0.03340	0.03432	0.14602	0.02158	0.09073	0.08780	0.06918	0.08984	0.11593	0.09834	0.07983	0.01698	0.01232	0.00365	0.01088	0.01560	0.00942	0.01512
16	0.02544	0.02331	0.03653	0.05149	0.35648	0.02375	0.02735	0.03554	0.10237	0.03878	0.08766	0.07844	0.03496	0.01423	0.01168	0.00353	0.01122	0.01328	0.00765	0.01634
17	0.02462	0.02462	0.03447	0.02955	0.02955	0.03447	0.02462	0.02709	0.01724	0.02709	0.01477	0.02462	0.01477	0.01970	0.03694	0.00492	0.58385	0.00985	0.00492	0.01231
18	0.02334	0.02001	0.02334	0.01667	0.02667	0.01500	0.01334	0.02834	0.02334	0.03668	0.02001	0.02334	0.01667	0.00834	0.00834	0.00167	0.00834	0.00667	0.00667	0.67325
19	0.03009	0.61122	0.05898	0.01926	0.02889	0.04454	0.01926	0.03370	0.02287	0.02648	0.01565	0.01805	0.01444	0.00963	0.00722	0.00241	0.01204	0.00602	0.00481	0.01444
20	0.02786	0.02674	0.04568	0.06908	0.53424	0.02674	0.03454	0.03454	0.02563	0.03677	0.02117	0.02786	0.01783	0.01003	0.01114	0.00334	0.01337	0.01003	0.00557	0.01783
21	0.03426	0.03736	0.03484	0.22018	0.05107	0.28816	0.06229	0.03940	0.02823	0.06960	0.02088	0.02591	0.01594	0.01150	0.01088	0.00331	0.01750	0.00901	0.00616	0.01352
22	0.02409	0.02168	0.03074	0.12929	0.16186	0.01970	0.02179	0.02996	0.02376	0.03529	0.02029	0.02565	0.01666	0.00927	0.00955	0.00245	0.01077	0.00810	0.00610	0.39299

[dist]
# distance from previous block
# <min> <max>
2	5

[block]
# block no. 2 follows, 11 sequences, length 59
# corresponding to MSA columns:
# 53-111
name=unknown_C
#
# <colnr> <probs for GDERKNQSTAVLIFYWHMCP>
#	G	D	E	R	K	N	Q	S	T	A	V	L	I	F	Y	W	H	M	C	P
0	0.03327	0.10473	0.03562	0.22357	0.04937	0.31039	0.02486	0.03790	0.02752	0.02786	0.01813	0.02351	0.01467	0.01125	0.01021	0.00315	0.01747	0.00809	0.00540	0.01301
1	0.05050	0.01915	0.02612	0.02003	0.02873	0.01654	0.01654	0.05485	0.03221	0.54203	0.04440	0.03831	0.02786	0.01393	0.01132	0.00348	0.00958	0.01132	0.01393	0.01915
2	0.04390	0.02225	0.03724	0.02759	0.03703	0.01983	0.14808	0.04967	0.03066	0.40245	0.03844	0.03612	0.02489	0.01270	0.01186	0.00357	0.01217	0.01186	0.01166	0.01806
3	0.03615	0.07535	0.11533	0.13387	0.04439	0.02458	0.06202	0.08366	0.02967	0.23748	0.03021	0.03111	0.02048	0.01216	0.01103	0.00348	0.01295	0.01021	0.00911	0.01676
4	0.02257	0.05822	0.54613	0.03208	0.04871	0.02614	0.04158	0.03564	0.02376	0.03564	0.02020	0.02376	0.01426	0.01069	0.01069	0.00356	0.01663	0.00832	0.00475	0.01663
5	0.01637	0.01091	0.01228	0.01228	0.01228	0.01091	0.00682	0.01637	0.01637	0.02182	0.03546	0.07365	0.04092	0.60445	0.05729	0.01091	0.01091	0.01637	0.00682	0.00682
6	0.10192	0.18364	0.03755	0.02155	0.03056	0.02604	0.05548	0.04547	0.02796	0.31308	0.03204	0.03021	0.02183	0.01206	0.00994	0.00321	0.01094	0.00953	0.01010	0.01688
7	0.02836	0.02991	0.19333	0.02461	0.03378	0.01843	0.06078	0.03551	0.02668	0.18036	0.08376	0.15871	0.04003	0.01801	0.01212	0.00378	0.01154	0.01584	0.00941	0.01505
8	0.01381	0.01027	0.01288	0.01466	0.01613	0.00934	0.01007	0.01623	0.02326	0.03044	0.11159	0.45318	0.17137	0.03284	0.01405	0.00433	0.00626	0.02932	0.01061	0.00934
9	0.02631	0.09525	0.14050	0.04210	0.05413	0.02978	0.37345	0.03574	0.02574	0.03499	0.02163	0.02805	0.01636	0.00969	0.01225	0.00361	0.01789	0.01175	0.00545	0.01533
10	0.02818	0.03050	0.09862	0.10430	0.31041	0.02771	0.10508	0.08665	0.02838	0.03966	0.02187	0.02793	0.01722	0.01052	0.01145	0.00348	0.01463	0.01037	0.00610	0.01694
11	0.04963	0.02055	0.02699	0.02069	0.02943	0.01862	0.01709	0.10485	0.03456	0.48873	0.04244	0.03703	0.02687	0.01388	0.01131	0.00347	0.00990	0.01118	0.01363	0.01915
12	0.01667	0.01296	0.01988	0.08185	0.02664	0.01532	0.01603	0.02109	0.01859	0.02643	0.02899	0.04260	0.02664	0.07607	0.49730	0.01645	0.02842	0.01182	0.00591	0.01033
13	0.02587	0.23934	0.13887	0.16972	0.04780	0.03282	0.06702	0.03593	0.07882	0.03191	0.02164	0.02598	0.01703	0.01087	0.00991	0.00325	0.01390	0.00886	0.00568	0.01479
14	0.02183	0.01239	0.01566	0.01540	0.01879	0.01098	0.01131	0.02482	0.02581	0.14258	0.11146	0.30649	0.18308	0.02783	0.01334	0.00405	0.00688	0.02438	0.01138	0.01155
15	0.01371	0.00979	0.01306	0.01567	0.01632	0.00914	0.01045	0.01567	0.02155	0.02873	0.06203	0.59710	0.07444	0.03526	0.01437	0.00457	0.00653	0.03200	0.01045	0.00914
16	0.01848	0.01335	0.01601	0.01690	0.01909	0.01361	0.01199	0.06291	0.08014	0.03563	0.05489	0.43494	0.06102	0.02912	0.01318	0.00421	0.00718	0.02599	0.07025	0.01110
17	0.03009	0.61122	0.05898	0.01926	0.02889	0.04454	0.01926	0.03370	0.02287	0.02648	0.01565	0.01805	0.01444	0.00963	0.00722	0.00241	0.01204	0.00602	0.00481	0.01444
18	0.09078	0.02170	0.02860	0.03016	0.14656	0.02038	0.01934	0.07832	0.02899	0.14266	0.08334	0.03420	0.02920	0.01220	0.01031	0.00296	0.00984	0.01022	0.00896	0.19129
19	0.03375	0.26097	0.16857	0.02493	0.03615	0.03080	0.06335	0.04036	0.02604	0.17549	0.02549	0.02620	0.01842	0.01109	0.00973	0.00311	0.01303	0.00868	0.00745	0.01637
20	0.05050	0.01915	0.02612	0.02003	0.02873	0.01654	0.01654	0.05485	0.03221	0.54203	0.04440	0.03831	0.02786	0.01393	0.01132	0.00348	0.00958	0.01132	0.01393	0.01915
21	0.02126	0.02001	0.03376	0.57739	0.07752	0.02501	0.03126	0.02876	0.02251	0.02876	0.02001	0.03001	0.01500	0.01125	0.01125	0.00375	0.01500	0.01000	0.00500	0.01250
22	0.26194	0.02442	0.07371	0.08691	0.07525	0.02225	0.02052	0.04089	0.02526	0.22475	0.02752	0.02822	0.01888	0.01180	0.00973	0.00351	0.01086	0.00898	0.00896	0.01564
23	0.04690	0.01836	0.02497	0.01941	0.02749	0.01593	0.01593	0.05135	0.03218	0.49024	0.09484	0.04308	0.03603	0.01488	0.01152	0.00349	0.00913	0.01226	0.01377	0.01827
24	0.01449	0.00997	0.01342	0.01542	0.01622	0.00935	0.01040	0.01616	0.02198	0.02959	0.10668	0.49121	0.07264	0.03434	0.01701	0.06666	0.00671	0.02871	0.01013	0.00890
25	0.02802	0.45866	0.19337	0.02280	0.03436	0.03946	0.02542	0.03424	0.02312	0.02901	0.01690	0.01963	0.01439	0.00992	0.00818	0.00273	0.01330	0.00665	0.00480	0.01505
26	0.11129	0.23412	0.04161	0.02398	0.03233	0.16547	0.06270	0.04080	0.02688	0.13044	0.02234	0.02372	0.01705	0.01104	0.00929	0.00299	0.01391	0.00804	0.00716	0.01482
27	0.01563	0.01125	0.01595	0.07950	0.02308	0.01160	0.01273	0.01750	0.02017	0.02693	0.04767	0.37879	0.05493	0.08884	0.06781	0.07584	0.01026	0.02404	0.00854	0.00895
28	0.02391	0.01353	0.01856	0.08034	0.02634	0.01288	0.01416	0.02721	0.02484	0.15981	0.05863	0.33466	0.10730	0.02632	0.01311	0.00411	0.00818	0.02328	0.01072	0.01212
29	0.02345	0.02145	0.03577	0.35799	0.22541	0.02434	0.03035	0.03048	0.02365	0.03258	0.02183	0.03031	0.01714	0.01100	0.01093	0.00352	0.01362	0.01005	0.06200	0.01412
30	0.04375	0.01766	0.02396	0.01888	0.02640	0.01539	0.01539	0.04829	0.03215	0.44500	0.13889	0.04725	0.04316	0.01570	0.01170	0.00349	0.00874	0.01308	0.01363	0.01749
31	0.02432	0.02306	0.04082	0.26937	0.22495	0.02482	0.10237	0.03164	0.02431	0.03384	0.02235	0.03041	0.01755	0.01073	0.01122	0.00352	0.01418	0.01057	0.06542	0.01456
32	0.03864	0.03260	0.14877	0.07779	0.04085	0.07703	0.06217	0.04553	0.02891	0.28523	0.03209	0.03172	0.02132	0.01235	0.01121	0.00349	0.01355	0.01025	0.00951	0.01701
33	0.11882	0.02072	0.02866	0.02222	0.03020	0.01990	0.05146	0.04869	0.02907	0.40629	0.03709	0.03431	0.02420	0.01369	0.01310	0.00363	0.05794	0.01074	0.01179	0.01750
34	0.02239	0.02151	0.03679	0.47321	0.07156	0.02564	0.08247	0.03206	0.06215	0.03104	0.02238	0.03100	0.01678	0.01137	0.01150	0.00376	0.01497	0.01059	0.00559	0.01323
35	0.02770	0.02586	0.12160	0.29632	0.05514	0.02180	0.02756	0.03503	0.02532	0.15178	0.03436	0.03797	0.06466	0.01335	0.01135	0.00366	0.01316	0.01126	0.00757	0.01455
36	0.03113	0.13983	0.16909	0.08818	0.04078	0.02561	0.06266	0.03844	0.02671	0.17170	0.07226	0.03337	0.02665	0.01246	0.01072	0.00336	0.01283	0.01039	0.00806	0.01578
37	0.02588	0.02178	0.03783	0.40091	0.11745	0.02461	0.08221	0.03316	0.02440	0.08893	0.02322	0.03077	0.01700	0.01123	0.01148	0.00368	0.01466	0.01053	0.00616	0.01412
38	0.02620	0.07967	0.11300	0.08890	0.03765	0.08989	0.02518	0.03621	0.10637	0.03197	0.02323	0.02873	0.01917	0.02038	0.06494	0.00508	0.17350	0.00970	0.00621	0.01402
39	0.11153	0.07836	0.13172	0.02774	0.08548	0.02561	0.02376	0.11376	0.03088	0.21979	0.02897	0.02871	0.01994	0.01208	0.01034	0.00338	0.01188	0.00939	0.00933	0.01735
40	0.29065	0.02403	0.03093	0.02714	0.07337	0.02520	0.09249	0.07733	0.07105	0.14436	0.02651	0.02776	0.01906	0.01162	0.00992	0.00354	0.01121	0.00951	0.00876	0.01556
41	0.02848	0.02216	0.04002	0.03377	0.08242	0.02153	0.18933	0.03465	0.02720	0.14085	0.10944	0.09877	0.03908	0.01608	0.01471	0.00382	0.05881	0.01536	0.00887	0.01467
42	0.03234	0.34263	0.10483	0.02279	0.03275	0.03839	0.02222	0.15686	0.07652	0.04101	0.02194	0.02327	0.01750	0.01129	0.00906	0.00292	0.01236	0.00798	0.00710	0.01623
43	0.09729	0.17664	0.07594	0.02035	0.02979	0.02535	0.01890	0.04592	0.02798	0.32467	0.03249	0.03014	0.02192	0.01225	0.00983	0.00321	0.01071	0.00925	0.01022	0.01713
44	0.02786	0.02674	0.04568	0.06908	0.53424	0.02674	0.03454	0.03454	0.02563	0.03677	0.02117	0.02786	0.01783	0.01003	0.01114	0.00334	0.01337	0.01003	0.00557	0.01783
45	0.02126	0.02001	0.03376	0.57739	0.07752	0.02501	0.03126	0.02876	0.02251	0.02876	0.02001	0.03001	0.01500	0.01125	0.01125	0.00375	0.01500	0.01000	0.00500	0.01250
46	0.02234	0.02212	0.04042	0.46930	0.07371	0.02571	0.12552	0.03025	0.02333	0.03025	0.02057	0.03008	0.01543	0.01089	0.01167	0.00376	0.01581	0.01067	0.00514	0.01305
47	0.02582	0.02467	0.04201	0.22569	0.39352	0.02621	0.03353	0.03276	0.02467	0.03430	0.02081	0.02852	0.01696	0.01041	0.01118	0.00347	0.01387	0.01002	0.00540	0.01619
48	0.02054	0.01274	0.01757	0.01918	0.02191	0.01226	0.01572	0.02469	0.02536	0.09020	0.05857	0.25330	0.06337	0.03035	0.01472	0.00481	0.00916	0.28372	0.01079	0.01101
49	0.02211	0.01917	0.02951	0.17065	0.16954	0.02066	0.02478	0.03075	0.07111	0.03581	0.09154	0.06439	0.04208	0.01831	0.01270	0.00404	0.01159	0.13959	0.00812	0.01356
50	0.02908	0.17713	0.34615	0.02710	0.04078	0.02867	0.03221	0.03850	0.02501	0.12054	0.02332	0.02496	0.01664	0.01101	0.01001	0.00329	0.01438	0.00831	0.00634	0.01657
51	0.02899	0.35605	0.23764	0.02410	0.03626	0.03536	0.02735	0.03618	0.02398	0.07278	0.01973	0.02187	0.01549	0.01038	0.00886	0.00293	0.01354	0.00732	0.00555	0.01565
52	0.01371	0.00979	0.01306	0.01567	0.01632	0.00914	0.01045	0.01567	0.02155	0.02873	0.06203	0.59710	0.07444	0.03526	0.01437	0.00457	0.00653	0.03200	0.01045	0.00914
53	0.02565	0.11265	0.45265	0.02975	0.04501	0.02727	0.03720	0.03702	0.02436	0.07627	0.02171	0.02436	0.01539	0.01085	0.01038	0.00344	0.01558	0.00832	0.00551	0.01661
54	0.02812	0.02346	0.03822	0.31810	0.15676	0.02601	0.06911	0.08624	0.02782	0.08239	0.02349	0.03003	0.01738	0.01136	0.01141	0.00361	0.01423	0.01042	0.00670	0.01514
55	0.02126	0.02001	0.03376	0.57739	0.07752	0.02501	0.03126	0.02876	0.02251	0.02876	0.02001	0.03001	0.01500	0.01125	0.01125	0.00375	0.01500	0.01000	0.00500	0.01250
56	0.02257	0.05822	0.54613	0.03208	0.04871	0.02614	0.04158	0.03564	0.02376	0.03564	0.02020	0.02376	0.01426	0.01069	0.01069	0.00356	0.01663	0.00832	0.00475	0.01663
57	0.02775	0.02038	0.03317	0.42256	0.10453	0.02342	0.02852	0.03455	0.02474	0.13410	0.02508	0.03153	0.01785	0.01170	0.01126	0.00366	0.01376	0.01027	0.00687	0.01429
58	0.09234	0.02406	0.08151	0.02262	0.03151	0.01961	0.05316	0.04738	0.07118	0.32932	0.07784	0.03867	0.03138	0.01385	0.01122	0.00355	0.01052	0.01159	0.01147	0.01722

[dist]
# distance from previous block
# <min> <max>
0	379

# created by:
# /st0/software/busco_prod/Augustus/scripts/msa2prfl.pl ./align_prep/11622.fa
