[name]
unknown

[dist]
# distance from previous block
# <min> <max>
0	90

[block]
# block no. 0 follows, 13 sequences, length 69
# corresponding to MSA columns:
# 103-171
name=unknown_A
#
# <colnr> <probs for GDERKNQSTAVLIFYWHMCP>
#	G	D	E	R	K	N	Q	S	T	A	V	L	I	F	Y	W	H	M	C	P
0	0.02509	0.02359	0.03985	0.05952	0.49842	0.02359	0.03062	0.03120	0.02411	0.03420	0.02416	0.03720	0.02197	0.01176	0.01096	0.00334	0.01223	0.06651	0.00577	0.01592
1	0.03308	0.02472	0.04871	0.03525	0.04504	0.02269	0.34024	0.04025	0.02687	0.22759	0.02874	0.03122	0.01970	0.01042	0.01181	0.00346	0.01463	0.01181	0.00815	0.01561
2	0.70310	0.02045	0.01554	0.01390	0.02045	0.02372	0.01145	0.03108	0.01799	0.04744	0.01472	0.01718	0.01145	0.00981	0.00654	0.00327	0.00818	0.00573	0.00654	0.01145
3	0.70310	0.02045	0.01554	0.01390	0.02045	0.02372	0.01145	0.03108	0.01799	0.04744	0.01472	0.01718	0.01145	0.00981	0.00654	0.00327	0.00818	0.00573	0.00654	0.01145
4	0.03810	0.02858	0.03055	0.02390	0.03199	0.03181	0.01959	0.45639	0.12393	0.06327	0.02804	0.02750	0.02013	0.01294	0.01060	0.00324	0.01114	0.00989	0.01060	0.01779
5	0.03565	0.02283	0.02582	0.02133	0.02851	0.02453	0.01712	0.15866	0.28195	0.20544	0.03875	0.03532	0.02731	0.01361	0.01068	0.00340	0.00928	0.01102	0.01141	0.01738
6	0.03035	0.02996	0.04150	0.09731	0.21882	0.11068	0.12841	0.14044	0.03039	0.03932	0.02075	0.02561	0.01615	0.01035	0.01077	0.00321	0.01456	0.00968	0.00639	0.01536
7	0.03517	0.04389	0.03960	0.03239	0.03940	0.41969	0.17018	0.03974	0.02847	0.02825	0.01784	0.02188	0.01434	0.01031	0.01041	0.00297	0.01870	0.00849	0.00542	0.01285
8	0.22299	0.02695	0.02790	0.07492	0.12457	0.09285	0.02016	0.14306	0.09306	0.04475	0.02199	0.02441	0.01686	0.01112	0.00931	0.00322	0.01148	0.00839	0.00744	0.01457
9	0.07766	0.01998	0.02797	0.19380	0.14746	0.02212	0.02198	0.07774	0.08797	0.03933	0.13891	0.03898	0.03553	0.01332	0.01066	0.00336	0.01042	0.01153	0.00774	0.01355
10	0.23017	0.34487	0.03989	0.02134	0.07583	0.03275	0.01727	0.03316	0.02140	0.07632	0.01737	0.01943	0.01425	0.00963	0.00737	0.00273	0.01031	0.00643	0.00588	0.01360
11	0.04013	0.03158	0.03156	0.02460	0.03278	0.08517	0.02013	0.48129	0.04784	0.06278	0.02453	0.02479	0.01757	0.01252	0.01048	0.00313	0.01234	0.00926	0.01009	0.01744
12	0.02890	0.03278	0.02926	0.03223	0.13374	0.27224	0.02104	0.03209	0.02472	0.02776	0.02532	0.14521	0.02588	0.01633	0.01432	0.00342	0.10382	0.01249	0.00618	0.01229
13	0.02434	0.01872	0.02217	0.01596	0.02524	0.01423	0.01281	0.02898	0.02271	0.08514	0.02096	0.02326	0.01666	0.00833	0.00810	0.00173	0.00794	0.00668	0.00691	0.62913
14	0.02605	0.02544	0.04476	0.06297	0.51444	0.02527	0.07900	0.03258	0.02416	0.03448	0.02003	0.02639	0.01668	0.00937	0.01066	0.00318	0.01306	0.00971	0.00524	0.01651
15	0.02369	0.02439	0.02071	0.01969	0.02208	0.19587	0.01461	0.02603	0.02119	0.02445	0.02708	0.04714	0.02761	0.20533	0.16464	0.00865	0.06171	0.04942	0.00606	0.00965
16	0.01288	0.00920	0.01227	0.01472	0.01534	0.00859	0.00981	0.01472	0.02024	0.02699	0.05828	0.62152	0.06993	0.03312	0.01350	0.00429	0.00613	0.03006	0.00981	0.00859
17	0.70310	0.02045	0.01554	0.01390	0.02045	0.02372	0.01145	0.03108	0.01799	0.04744	0.01472	0.01718	0.01145	0.00981	0.00654	0.00327	0.00818	0.00573	0.00654	0.01145
18	0.01764	0.01293	0.01563	0.01514	0.01798	0.01267	0.01153	0.07847	0.02791	0.03752	0.23902	0.15721	0.14037	0.08145	0.01661	0.00435	0.00716	0.08599	0.01023	0.01021
19	0.02617	0.02512	0.04292	0.06490	0.56246	0.02512	0.03245	0.03245	0.02407	0.03454	0.01989	0.02617	0.01675	0.00942	0.01047	0.00314	0.01256	0.00942	0.00523	0.01675
20	0.01763	0.01416	0.02153	0.10707	0.10488	0.01465	0.01903	0.02219	0.02274	0.03014	0.04618	0.22937	0.05039	0.02480	0.01314	0.00427	0.00978	0.22894	0.00840	0.01071
21	0.11795	0.01653	0.01808	0.01625	0.01964	0.01828	0.01200	0.12082	0.05794	0.03578	0.02867	0.04515	0.02755	0.25737	0.15506	0.00895	0.01415	0.01174	0.00736	0.01074
22	0.38389	0.18227	0.02852	0.01668	0.02366	0.02793	0.01460	0.03376	0.02054	0.11461	0.01852	0.02022	0.01428	0.01069	0.00916	0.00310	0.05115	0.00665	0.00681	0.01295
23	0.70310	0.02045	0.01554	0.01390	0.02045	0.02372	0.01145	0.03108	0.01799	0.04744	0.01472	0.01718	0.01145	0.00981	0.00654	0.00327	0.00818	0.00573	0.00654	0.01145
24	0.02260	0.04324	0.35708	0.03458	0.04713	0.02600	0.19437	0.03285	0.02259	0.03285	0.01927	0.02440	0.01430	0.01048	0.01317	0.00354	0.07253	0.00946	0.00477	0.01480
25	0.01769	0.01445	0.01977	0.14484	0.03027	0.01592	0.01579	0.06020	0.02431	0.03242	0.11962	0.25793	0.11113	0.02300	0.01404	0.00384	0.05591	0.01977	0.00860	0.01051
26	0.02708	0.01292	0.01607	0.01391	0.01839	0.01172	0.01091	0.03156	0.02725	0.21728	0.19145	0.05454	0.09018	0.01638	0.01033	0.00307	0.00634	0.01376	0.21431	0.01254
27	0.01915	0.01544	0.02034	0.17036	0.03145	0.01747	0.01535	0.06770	0.02148	0.02816	0.03784	0.05521	0.10332	0.27066	0.03077	0.00638	0.05876	0.01375	0.00670	0.00969
28	0.02397	0.01873	0.02213	0.01591	0.02521	0.01421	0.01277	0.02862	0.02259	0.07743	0.02063	0.02305	0.01650	0.00825	0.00806	0.00170	0.00792	0.00661	0.00681	0.63886
29	0.70310	0.02045	0.01554	0.01390	0.02045	0.02372	0.01145	0.03108	0.01799	0.04744	0.01472	0.01718	0.01145	0.00981	0.00654	0.00327	0.00818	0.00573	0.00654	0.01145
30	0.02886	0.03308	0.03287	0.02832	0.03352	0.27080	0.11955	0.03333	0.02586	0.02859	0.02661	0.04454	0.02526	0.01980	0.05336	0.00449	0.05946	0.11352	0.00631	0.01186
31	0.01284	0.01072	0.01119	0.01108	0.01450	0.00907	0.00831	0.01585	0.02492	0.03052	0.17060	0.09854	0.49347	0.02605	0.01249	0.00354	0.00530	0.02186	0.01008	0.00907
32	0.01255	0.01049	0.01094	0.01129	0.01443	0.00888	0.00829	0.01511	0.02354	0.02833	0.10002	0.17722	0.48728	0.02770	0.01264	0.00368	0.00547	0.02344	0.00982	0.00888
33	0.02894	0.01392	0.01862	0.01685	0.02159	0.01249	0.01351	0.03282	0.02702	0.26624	0.12417	0.15700	0.09259	0.02157	0.01223	0.00376	0.00782	0.10427	0.01148	0.01311
34	0.01997	0.01879	0.03171	0.60301	0.07282	0.02349	0.02936	0.02701	0.02114	0.02701	0.01879	0.02819	0.01409	0.01057	0.01057	0.00352	0.01409	0.00940	0.00470	0.01175
35	0.02496	0.02852	0.06239	0.04456	0.05526	0.02674	0.52406	0.03387	0.02496	0.03387	0.02139	0.02852	0.01604	0.00891	0.01248	0.00357	0.01783	0.01248	0.00535	0.01426
36	0.01997	0.01879	0.03171	0.60301	0.07282	0.02349	0.02936	0.02701	0.02114	0.02701	0.01879	0.02819	0.01409	0.01057	0.01057	0.00352	0.01409	0.00940	0.00470	0.01175
37	0.70310	0.02045	0.01554	0.01390	0.02045	0.02372	0.01145	0.03108	0.01799	0.04744	0.01472	0.01718	0.01145	0.00981	0.00654	0.00327	0.00818	0.00573	0.00654	0.01145
38	0.02520	0.02146	0.02309	0.02127	0.02683	0.02462	0.01677	0.05212	0.48187	0.04274	0.04457	0.04890	0.03566	0.01611	0.01121	0.00374	0.00853	0.06874	0.01064	0.01591
39	0.02347	0.03275	0.19971	0.15933	0.31228	0.02463	0.03383	0.03170	0.02298	0.03276	0.01940	0.02541	0.01523	0.00983	0.01036	0.00328	0.01378	0.00893	0.00490	0.01544
40	0.01623	0.00995	0.01217	0.01217	0.01217	0.00995	0.00720	0.01492	0.01492	0.01989	0.02906	0.05864	0.03273	0.46000	0.05026	0.20441	0.00995	0.01361	0.00589	0.00589
41	0.02349	0.02337	0.03363	0.03216	0.09111	0.03152	0.02424	0.02628	0.01713	0.02652	0.01459	0.02349	0.01422	0.01743	0.03183	0.00445	0.53840	0.00927	0.00470	0.01218
42	0.02672	0.01793	0.02148	0.01581	0.02442	0.01404	0.01271	0.03132	0.02357	0.13916	0.02450	0.02605	0.01862	0.00921	0.00834	0.00197	0.00783	0.00740	0.06162	0.50731
43	0.70310	0.02045	0.01554	0.01390	0.02045	0.02372	0.01145	0.03108	0.01799	0.04744	0.01472	0.01718	0.01145	0.00981	0.00654	0.00327	0.00818	0.00573	0.00654	0.01145
44	0.03086	0.06873	0.13680	0.02835	0.03760	0.02457	0.14745	0.04110	0.09821	0.18483	0.02868	0.02984	0.02037	0.01184	0.01268	0.00345	0.06064	0.01033	0.00802	0.01565
45	0.17148	0.04444	0.02709	0.02459	0.03025	0.47415	0.01864	0.04000	0.02758	0.03017	0.01602	0.01869	0.01319	0.01068	0.00894	0.00283	0.01690	0.00659	0.00567	0.01210
46	0.01718	0.01145	0.01366	0.01295	0.01570	0.01119	0.00976	0.02405	0.06693	0.04169	0.36894	0.06470	0.07393	0.01841	0.01089	0.00310	0.00523	0.01594	0.20384	0.01046
47	0.70310	0.02045	0.01554	0.01390	0.02045	0.02372	0.01145	0.03108	0.01799	0.04744	0.01472	0.01718	0.01145	0.00981	0.00654	0.00327	0.00818	0.00573	0.00654	0.01145
48	0.01445	0.01109	0.01360	0.01499	0.01763	0.01023	0.01207	0.01792	0.02360	0.02961	0.07820	0.18932	0.27490	0.02877	0.01353	0.00422	0.00731	0.21955	0.00978	0.00921
49	0.62456	0.02153	0.01746	0.01514	0.02191	0.02479	0.01247	0.08986	0.02175	0.04971	0.01599	0.01815	0.01222	0.01016	0.00702	0.00326	0.00859	0.00617	0.00702	0.01222
50	0.02077	0.01867	0.02869	0.32641	0.12411	0.02145	0.02414	0.03060	0.09872	0.03361	0.12889	0.03958	0.03404	0.01314	0.01096	0.00344	0.01125	0.01169	0.00702	0.01282
51	0.02827	0.63478	0.05540	0.01809	0.02714	0.04184	0.01809	0.03166	0.02148	0.02488	0.01470	0.01696	0.01357	0.00905	0.00678	0.00226	0.01131	0.00565	0.00452	0.01357
52	0.02313	0.02313	0.03238	0.02776	0.02776	0.03238	0.02313	0.02545	0.01619	0.02545	0.01388	0.02313	0.01388	0.01851	0.03470	0.00463	0.60907	0.00925	0.00463	0.01157
53	0.02630	0.02271	0.02391	0.02152	0.02749	0.02630	0.01674	0.05618	0.54336	0.04423	0.04303	0.03945	0.03228	0.01434	0.01076	0.00359	0.00837	0.01195	0.01076	0.01674
54	0.01291	0.00985	0.01187	0.01321	0.01501	0.00882	0.00921	0.01529	0.02235	0.02876	0.11483	0.39763	0.24217	0.03000	0.01307	0.00397	0.00577	0.02650	0.00996	0.00882
55	0.01531	0.01049	0.01276	0.01276	0.01319	0.01092	0.00794	0.01616	0.01574	0.02141	0.03219	0.06296	0.03574	0.50478	0.17376	0.01177	0.01432	0.01446	0.00624	0.00709
56	0.04521	0.02156	0.02675	0.02051	0.02877	0.02084	0.01694	0.19766	0.03624	0.41522	0.03670	0.03273	0.02366	0.01297	0.01062	0.00324	0.00981	0.01029	0.01232	0.01799
57	0.01843	0.01530	0.02089	0.02618	0.12679	0.01572	0.01582	0.02724	0.13448	0.03223	0.04733	0.37685	0.05118	0.02434	0.01230	0.00391	0.00790	0.02203	0.00911	0.01198
58	0.11980	0.01884	0.01851	0.01624	0.02087	0.05894	0.01269	0.12339	0.03132	0.04471	0.26859	0.05835	0.13085	0.01811	0.01103	0.00328	0.00786	0.01485	0.00998	0.01180
59	0.02234	0.16947	0.10191	0.02183	0.02916	0.02359	0.08891	0.06665	0.02783	0.03782	0.24247	0.04572	0.05009	0.01467	0.01066	0.00310	0.01016	0.01279	0.00807	0.01278
60	0.70310	0.02045	0.01554	0.01390	0.02045	0.02372	0.01145	0.03108	0.01799	0.04744	0.01472	0.01718	0.01145	0.00981	0.00654	0.00327	0.00818	0.00573	0.00654	0.01145
61	0.02378	0.02098	0.02878	0.11241	0.17681	0.02316	0.02158	0.07336	0.15176	0.03602	0.03687	0.04186	0.08599	0.06348	0.01587	0.00403	0.04964	0.01204	0.00754	0.01405
62	0.01467	0.01080	0.01373	0.01299	0.01562	0.00985	0.00975	0.01939	0.02924	0.04076	0.50360	0.08168	0.15407	0.02223	0.01247	0.00335	0.00503	0.01950	0.01142	0.00985
63	0.02484	0.02327	0.03878	0.16564	0.21346	0.02564	0.10631	0.06968	0.02433	0.03437	0.02048	0.02741	0.01647	0.01141	0.01422	0.00347	0.10217	0.00992	0.05403	0.01410
64	0.01507	0.01049	0.01248	0.01236	0.01321	0.01046	0.00784	0.01642	0.01828	0.02467	0.11195	0.06978	0.08533	0.43213	0.10796	0.00957	0.01128	0.01595	0.00731	0.00746
65	0.15024	0.06711	0.02847	0.02158	0.02844	0.07332	0.01773	0.20612	0.10666	0.11038	0.02567	0.02600	0.01891	0.01256	0.01152	0.00328	0.05880	0.00885	0.00892	0.01542
66	0.02256	0.07101	0.07206	0.16465	0.07227	0.02384	0.02156	0.03760	0.21199	0.03671	0.11937	0.03946	0.03540	0.01359	0.01061	0.00337	0.01027	0.01156	0.00808	0.01403
67	0.07975	0.15707	0.13368	0.02680	0.03515	0.14628	0.09448	0.03531	0.02372	0.07285	0.01880	0.02225	0.01478	0.01109	0.01234	0.00317	0.08503	0.00808	0.00567	0.01371
68	0.02420	0.02516	0.08165	0.07112	0.19239	0.02233	0.02326	0.03712	0.16484	0.03658	0.02575	0.02842	0.02021	0.01047	0.00981	0.00289	0.01054	0.00911	0.00691	0.19724

[dist]
# distance from previous block
# <min> <max>
2	9

[block]
# block no. 1 follows, 13 sequences, length 13
# corresponding to MSA columns:
# 181-193
name=unknown_B
#
# <colnr> <probs for GDERKNQSTAVLIFYWHMCP>
#	G	D	E	R	K	N	Q	S	T	A	V	L	I	F	Y	W	H	M	C	P
0	0.25978	0.15317	0.11097	0.06878	0.09375	0.02634	0.02060	0.02970	0.01992	0.03467	0.01664	0.02130	0.01370	0.01236	0.01133	0.07110	0.01102	0.00709	0.00532	0.01249
1	0.02066	0.01923	0.03217	0.44731	0.15916	0.02254	0.02813	0.02737	0.02251	0.02986	0.06915	0.03254	0.02258	0.01139	0.01073	0.00343	0.01296	0.01031	0.00545	0.01252
2	0.02180	0.01993	0.03154	0.34318	0.17051	0.02289	0.02706	0.03126	0.08709	0.03137	0.02635	0.03967	0.02235	0.01294	0.01104	0.00360	0.01254	0.06546	0.00615	0.01325
3	0.01416	0.01049	0.01298	0.01311	0.01503	0.00997	0.00931	0.01712	0.02295	0.03083	0.21992	0.16582	0.17750	0.13604	0.09116	0.00643	0.00906	0.02000	0.00929	0.00884
4	0.01380	0.01076	0.01253	0.01208	0.01508	0.00948	0.00906	0.01771	0.02719	0.03590	0.34559	0.08968	0.31511	0.02404	0.01248	0.00344	0.00516	0.02062	0.01078	0.00948
5	0.07893	0.03404	0.02903	0.02428	0.03057	0.21274	0.01932	0.26405	0.03648	0.04606	0.02121	0.02389	0.01652	0.01744	0.05605	0.00419	0.05423	0.00851	0.00786	0.01460
6	0.01437	0.01078	0.01331	0.01268	0.01543	0.00972	0.00951	0.01881	0.02853	0.03908	0.44894	0.08445	0.20978	0.02285	0.01248	0.00338	0.00508	0.01989	0.01120	0.00972
7	0.02335	0.03387	0.28128	0.02805	0.09455	0.01918	0.02696	0.03148	0.02477	0.10676	0.12376	0.09405	0.03677	0.01476	0.01095	0.00340	0.01151	0.01263	0.00755	0.01435
8	0.02404	0.01953	0.02470	0.02198	0.09199	0.01556	0.01519	0.02890	0.02271	0.06777	0.02035	0.02333	0.01645	0.00836	0.00833	0.00187	0.00849	0.00693	0.00656	0.56697
9	0.01537	0.01231	0.01680	0.01997	0.06985	0.01257	0.01260	0.01755	0.02010	0.02697	0.05310	0.38101	0.11228	0.10277	0.01997	0.00487	0.06054	0.02346	0.00848	0.00942
10	0.02649	0.02967	0.14259	0.02441	0.03404	0.02318	0.06837	0.14881	0.09379	0.04270	0.02650	0.03313	0.02132	0.01199	0.01025	0.00300	0.01148	0.04611	0.00764	0.19454
11	0.12768	0.02906	0.17597	0.02559	0.06913	0.02004	0.06648	0.03381	0.02426	0.13120	0.08481	0.03128	0.02610	0.01146	0.00987	0.00310	0.01110	0.00963	0.00749	0.10197
12	0.02746	0.08207	0.12993	0.05713	0.03098	0.02110	0.02001	0.08210	0.06279	0.13213	0.11244	0.03619	0.03212	0.01521	0.01302	0.06411	0.01031	0.01055	0.00834	0.05202

[dist]
# distance from previous block
# <min> <max>
0	99

# created by:
# /st0/software/busco_prod/Augustus/scripts/msa2prfl.pl ./align_prep/11632.fa
