[name]
unknown

[dist]
# distance from previous block
# <min> <max>
0	88

[block]
# block no. 0 follows, 11 sequences, length 26
# corresponding to MSA columns:
# 122-147
name=unknown_A
#
# <colnr> <probs for GDERKNQSTAVLIFYWHMCP>
#	G	D	E	R	K	N	Q	S	T	A	V	L	I	F	Y	W	H	M	C	P
0	0.02285	0.09645	0.37754	0.02925	0.04127	0.02773	0.03439	0.03248	0.02244	0.03290	0.02226	0.06926	0.01917	0.01404	0.01500	0.00377	0.10856	0.01026	0.00524	0.01514
1	0.02715	0.46183	0.09608	0.01929	0.02798	0.03732	0.01927	0.03103	0.02188	0.02656	0.01932	0.02771	0.01877	0.10739	0.01576	0.00391	0.01227	0.00793	0.00514	0.01339
2	0.02156	0.05045	0.45847	0.02883	0.04273	0.02364	0.03588	0.03248	0.02255	0.03338	0.02270	0.03195	0.01864	0.10818	0.01834	0.00477	0.01569	0.00964	0.00509	0.01502
3	0.02802	0.01757	0.02163	0.01760	0.02465	0.01507	0.01374	0.03471	0.06837	0.16095	0.08932	0.12930	0.03997	0.01629	0.01085	0.00297	0.00807	0.01395	0.01009	0.27687
4	0.02334	0.02001	0.02334	0.01667	0.02667	0.01500	0.01334	0.02834	0.02334	0.03668	0.02001	0.02334	0.01667	0.00834	0.00834	0.00167	0.00834	0.00667	0.00667	0.67325
5	0.01529	0.01147	0.01475	0.01584	0.01802	0.01010	0.01092	0.01775	0.02184	0.03004	0.05513	0.50289	0.06496	0.03084	0.01338	0.00409	0.00683	0.02784	0.00983	0.11818
6	0.01495	0.01147	0.01646	0.10790	0.02637	0.01175	0.01386	0.01782	0.02171	0.02874	0.05513	0.50399	0.06468	0.03132	0.01385	0.00444	0.00792	0.02839	0.00955	0.00969
7	0.02148	0.05055	0.45893	0.02914	0.04348	0.02359	0.03650	0.03328	0.02509	0.03720	0.10362	0.03367	0.02935	0.01272	0.01112	0.00356	0.01477	0.01029	0.00601	0.01565
8	0.02257	0.05822	0.54613	0.03208	0.04871	0.02614	0.04158	0.03564	0.02376	0.03564	0.02020	0.02376	0.01426	0.01069	0.01069	0.00356	0.01663	0.00832	0.00475	0.01663
9	0.01371	0.00979	0.01306	0.01567	0.01632	0.00914	0.01045	0.01567	0.02155	0.02873	0.06203	0.59710	0.07444	0.03526	0.01437	0.00457	0.00653	0.03200	0.01045	0.00914
10	0.68395	0.02177	0.01654	0.01480	0.02177	0.02525	0.01219	0.03309	0.01915	0.05050	0.01567	0.01828	0.01219	0.01045	0.00697	0.00348	0.00871	0.00609	0.00697	0.01219
11	0.01380	0.01142	0.01209	0.01193	0.01551	0.00971	0.00894	0.01712	0.02683	0.03320	0.19268	0.10372	0.44926	0.02746	0.01330	0.00375	0.00563	0.02311	0.01082	0.00971
12	0.03009	0.61122	0.05898	0.01926	0.02889	0.04454	0.01926	0.03370	0.02287	0.02648	0.01565	0.01805	0.01444	0.00963	0.00722	0.00241	0.01204	0.00602	0.00481	0.01444
13	0.01778	0.01434	0.01702	0.01462	0.01993	0.01179	0.01113	0.02212	0.02646	0.03733	0.21199	0.11968	0.16111	0.02020	0.01163	0.00303	0.00659	0.01739	0.00974	0.24610
14	0.28942	0.02304	0.02923	0.02900	0.12434	0.02271	0.06563	0.03220	0.02242	0.04217	0.01877	0.02288	0.01513	0.00962	0.00882	0.00293	0.01052	0.00775	0.00648	0.21693
15	0.10628	0.02341	0.03949	0.02925	0.03874	0.02167	0.18582	0.04595	0.02888	0.31203	0.03379	0.03345	0.02243	0.01200	0.01158	0.00359	0.01283	0.01149	0.01029	0.01703
16	0.01330	0.01140	0.01140	0.01140	0.01520	0.00950	0.00855	0.01615	0.02565	0.03041	0.11402	0.10832	0.52967	0.02850	0.01330	0.00380	0.00570	0.02375	0.01045	0.00950
17	0.01552	0.01105	0.01449	0.01483	0.01625	0.01098	0.01034	0.01851	0.02308	0.03203	0.20373	0.19972	0.06826	0.17426	0.12766	0.00829	0.01164	0.02069	0.00940	0.00926
18	0.02627	0.02128	0.02905	0.27567	0.05007	0.02443	0.02335	0.17005	0.03240	0.04294	0.06650	0.12439	0.03259	0.01668	0.01191	0.00375	0.01212	0.01435	0.00835	0.01386
19	0.02281	0.02159	0.03656	0.45798	0.18481	0.02541	0.03203	0.03012	0.02324	0.03064	0.02028	0.02950	0.01567	0.01097	0.01123	0.00366	0.01462	0.01001	0.00514	0.01375
20	0.02859	0.02389	0.02562	0.02301	0.02929	0.02731	0.01821	0.10080	0.42226	0.04827	0.04517	0.04828	0.03561	0.01655	0.01181	0.00390	0.00939	0.05343	0.01133	0.01726
21	0.01800	0.01483	0.02136	0.22754	0.03959	0.01638	0.01853	0.02234	0.02219	0.02826	0.04845	0.07355	0.12434	0.16663	0.02396	0.00582	0.01141	0.09925	0.00746	0.01013
22	0.16840	0.02346	0.02666	0.02084	0.02931	0.02384	0.01721	0.18665	0.03610	0.30378	0.03360	0.03103	0.02220	0.01314	0.01047	0.00345	0.01028	0.00996	0.01179	0.01783
23	0.01592	0.01173	0.01504	0.01486	0.01766	0.01085	0.01157	0.02086	0.02998	0.04112	0.39104	0.09467	0.16006	0.02514	0.01366	0.00385	0.00621	0.09360	0.01178	0.01042
24	0.01418	0.01013	0.01360	0.01621	0.01707	0.00955	0.01127	0.01649	0.02201	0.02926	0.06177	0.54695	0.07341	0.03482	0.01449	0.00464	0.00694	0.07749	0.01044	0.00927
25	0.02633	0.02578	0.02532	0.02348	0.02720	0.11303	0.01803	0.04076	0.22389	0.03573	0.03901	0.16549	0.03676	0.02020	0.01676	0.00405	0.11941	0.01580	0.00904	0.01394

[dist]
# distance from previous block
# <min> <max>
4	6

[block]
# block no. 1 follows, 11 sequences, length 54
# corresponding to MSA columns:
# 158-211
name=unknown_B
#
# <colnr> <probs for GDERKNQSTAVLIFYWHMCP>
#	G	D	E	R	K	N	Q	S	T	A	V	L	I	F	Y	W	H	M	C	P
0	0.09404	0.09637	0.17915	0.15282	0.04564	0.08864	0.02877	0.03318	0.02270	0.03230	0.01798	0.02380	0.01435	0.01233	0.01450	0.00364	0.11237	0.00838	0.00519	0.01386
1	0.02562	0.28873	0.03933	0.07720	0.03117	0.08474	0.01861	0.02985	0.02367	0.02883	0.07684	0.03287	0.02788	0.02859	0.13491	0.00631	0.01658	0.00954	0.00606	0.01267
2	0.02901	0.01775	0.02175	0.02006	0.02483	0.01797	0.01580	0.12259	0.07292	0.14621	0.04974	0.24170	0.04888	0.02416	0.01308	0.00415	0.00916	0.09471	0.01140	0.01413
3	0.16623	0.20993	0.08740	0.02023	0.02859	0.02992	0.01893	0.07574	0.07021	0.08265	0.02750	0.08805	0.02403	0.01399	0.00941	0.00330	0.01074	0.01059	0.00783	0.01472
4	0.09834	0.45238	0.05017	0.02051	0.02871	0.08588	0.01920	0.03404	0.02278	0.02911	0.01573	0.01883	0.01424	0.01074	0.00998	0.00278	0.06108	0.00646	0.00513	0.01391
5	0.01869	0.14355	0.11703	0.01932	0.02468	0.01952	0.01780	0.02296	0.02222	0.02949	0.04497	0.37503	0.05129	0.02558	0.01223	0.00394	0.00947	0.02240	0.00827	0.01157
6	0.03009	0.61122	0.05898	0.01926	0.02889	0.04454	0.01926	0.03370	0.02287	0.02648	0.01565	0.01805	0.01444	0.00963	0.00722	0.00241	0.01204	0.00602	0.00481	0.01444
7	0.01506	0.01095	0.01448	0.01682	0.01841	0.01038	0.01267	0.01813	0.02335	0.03046	0.06665	0.39868	0.11853	0.03325	0.01463	0.00468	0.00765	0.16523	0.01042	0.00956
8	0.43991	0.02076	0.02023	0.01681	0.02445	0.02189	0.01387	0.04147	0.02419	0.23987	0.02674	0.02600	0.01823	0.01179	0.00864	0.00348	0.00904	0.00811	0.00965	0.01487
9	0.68395	0.02177	0.01654	0.01480	0.02177	0.02525	0.01219	0.03309	0.01915	0.05050	0.01567	0.01828	0.01219	0.01045	0.00697	0.00348	0.00871	0.00609	0.00697	0.01219
10	0.02955	0.01981	0.02397	0.01744	0.02714	0.01536	0.01407	0.03440	0.02537	0.15217	0.02558	0.02676	0.01923	0.00961	0.00902	0.00208	0.00862	0.00773	0.00833	0.52376
11	0.01367	0.00996	0.01289	0.01523	0.01621	0.00918	0.01025	0.01572	0.02197	0.02891	0.06742	0.54650	0.12157	0.03456	0.01426	0.00449	0.00644	0.03114	0.01045	0.00918
12	0.01426	0.01072	0.01287	0.01433	0.01611	0.00979	0.01008	0.01656	0.02269	0.02893	0.07588	0.33816	0.21897	0.09625	0.01891	0.00508	0.00708	0.06419	0.01004	0.00911
13	0.01614	0.01082	0.01234	0.01256	0.01262	0.01076	0.00713	0.01631	0.01681	0.02241	0.03773	0.11822	0.04377	0.55599	0.05363	0.01037	0.01054	0.01770	0.00713	0.00702
14	0.02803	0.01384	0.01810	0.01667	0.02103	0.01274	0.01329	0.03265	0.02843	0.19983	0.15805	0.12242	0.05707	0.02100	0.01219	0.00375	0.00765	0.09184	0.12826	0.01313
15	0.02611	0.01353	0.01737	0.01638	0.01939	0.01273	0.01204	0.02850	0.02313	0.17175	0.04499	0.12150	0.04480	0.27700	0.03247	0.00715	0.01003	0.10012	0.00983	0.01119
16	0.02159	0.01257	0.01617	0.01577	0.01921	0.01131	0.01196	0.02528	0.02726	0.13161	0.18272	0.23309	0.15700	0.02656	0.01342	0.00402	0.00699	0.06027	0.01158	0.01159
17	0.01541	0.01101	0.01501	0.01761	0.01901	0.01060	0.01340	0.01861	0.02322	0.03063	0.06110	0.41678	0.07073	0.03366	0.01482	0.00481	0.00800	0.19558	0.01042	0.00961
18	0.53918	0.02117	0.01873	0.01600	0.02336	0.02326	0.01318	0.03806	0.02214	0.16283	0.02224	0.02286	0.01577	0.01124	0.00796	0.00348	0.00891	0.00729	0.00856	0.01378
19	0.18543	0.02155	0.02316	0.01908	0.02572	0.02274	0.01507	0.13965	0.08087	0.18732	0.03268	0.03771	0.02529	0.11416	0.01819	0.00477	0.01015	0.01088	0.01029	0.01531
20	0.02472	0.01262	0.01663	0.01623	0.01949	0.01146	0.01190	0.02801	0.02582	0.17268	0.10696	0.33578	0.06104	0.02602	0.01281	0.00398	0.00711	0.02306	0.07149	0.01218
21	0.02666	0.02858	0.04154	0.03359	0.03672	0.08096	0.13149	0.03076	0.02071	0.02918	0.01684	0.02554	0.01528	0.01663	0.02909	0.00448	0.40335	0.01040	0.00518	0.01303
22	0.01371	0.00979	0.01306	0.01567	0.01632	0.00914	0.01045	0.01567	0.02155	0.02873	0.06203	0.59710	0.07444	0.03526	0.01437	0.00457	0.00653	0.03200	0.01045	0.00914
23	0.01418	0.01013	0.01359	0.01620	0.01706	0.00954	0.01126	0.01648	0.02201	0.02925	0.06178	0.54763	0.07342	0.03482	0.01449	0.00464	0.00693	0.07687	0.01044	0.00927
24	0.02501	0.01638	0.02277	0.13491	0.03444	0.01714	0.01849	0.03354	0.08245	0.12733	0.17579	0.06982	0.05585	0.01994	0.01282	0.00398	0.00964	0.11588	0.01056	0.01327
25	0.68395	0.02177	0.01654	0.01480	0.02177	0.02525	0.01219	0.03309	0.01915	0.05050	0.01567	0.01828	0.01219	0.01045	0.00697	0.00348	0.00871	0.00609	0.00697	0.01219
26	0.02648	0.02534	0.04320	0.17489	0.43917	0.02638	0.03386	0.03334	0.02498	0.03510	0.02093	0.02830	0.01724	0.01028	0.01117	0.00343	0.01371	0.01002	0.00545	0.01672
27	0.01493	0.01069	0.01434	0.01622	0.01762	0.01010	0.01180	0.01814	0.02444	0.03299	0.15867	0.40992	0.07940	0.03200	0.01434	0.00446	0.00693	0.10250	0.01084	0.00966
28	0.02462	0.02462	0.03447	0.02955	0.02955	0.03447	0.02462	0.02709	0.01724	0.02709	0.01477	0.02462	0.01477	0.01970	0.03694	0.00492	0.58385	0.00985	0.00492	0.01231
29	0.01637	0.01091	0.01228	0.01228	0.01228	0.01091	0.00682	0.01637	0.01637	0.02182	0.03546	0.07365	0.04092	0.60445	0.05729	0.01091	0.01091	0.01637	0.00682	0.00682
30	0.68395	0.02177	0.01654	0.01480	0.02177	0.02525	0.01219	0.03309	0.01915	0.05050	0.01567	0.01828	0.01219	0.01045	0.00697	0.00348	0.00871	0.00609	0.00697	0.01219
31	0.01603	0.01187	0.01705	0.01675	0.01898	0.01290	0.01290	0.02049	0.02277	0.03259	0.19963	0.05778	0.05470	0.06352	0.37389	0.01314	0.02170	0.01488	0.00819	0.01024
32	0.01666	0.01432	0.01461	0.01403	0.01842	0.01373	0.01067	0.02613	0.13724	0.03422	0.09843	0.09316	0.41647	0.02548	0.01288	0.00380	0.00643	0.02123	0.01068	0.01140
33	0.01371	0.00979	0.01306	0.01567	0.01632	0.00914	0.01045	0.01567	0.02155	0.02873	0.06203	0.59710	0.07444	0.03526	0.01437	0.00457	0.00653	0.03200	0.01045	0.00914
34	0.68395	0.02177	0.01654	0.01480	0.02177	0.02525	0.01219	0.03309	0.01915	0.05050	0.01567	0.01828	0.01219	0.01045	0.00697	0.00348	0.00871	0.00609	0.00697	0.01219
35	0.01955	0.00978	0.01466	0.01466	0.01466	0.00978	0.00978	0.01466	0.01466	0.01955	0.01955	0.03421	0.01955	0.03910	0.04399	0.67253	0.00978	0.00978	0.00489	0.00489
36	0.08729	0.02466	0.02660	0.02238	0.02893	0.02717	0.01821	0.28279	0.08947	0.05535	0.03447	0.04974	0.03019	0.07726	0.01639	0.00452	0.01122	0.08738	0.01031	0.01566
37	0.02295	0.01586	0.01912	0.01723	0.02156	0.01611	0.01326	0.03558	0.16689	0.09797	0.34227	0.06747	0.07784	0.01989	0.01256	0.00361	0.00677	0.01727	0.01229	0.01353
38	0.01508	0.01085	0.01428	0.01474	0.01663	0.01005	0.01055	0.01909	0.02789	0.03882	0.34867	0.28172	0.09396	0.02773	0.01370	0.00394	0.00578	0.02484	0.01164	0.01005
39	0.28654	0.01955	0.02005	0.01684	0.02292	0.02051	0.01314	0.08313	0.02568	0.18483	0.02948	0.03749	0.02390	0.14750	0.02014	0.00517	0.00984	0.01033	0.00934	0.01364
40	0.03971	0.03000	0.03204	0.02527	0.03373	0.03347	0.02065	0.40577	0.14887	0.06597	0.03093	0.03014	0.02231	0.01388	0.01130	0.00347	0.01166	0.01067	0.01130	0.01886
41	0.07662	0.01284	0.01570	0.01621	0.01901	0.01239	0.01220	0.02351	0.02391	0.08948	0.09159	0.26320	0.09850	0.08839	0.01796	0.00500	0.00808	0.10448	0.01028	0.01065
42	0.08979	0.01624	0.02012	0.01864	0.02347	0.01578	0.01469	0.07230	0.02811	0.19927	0.04878	0.24393	0.04762	0.02366	0.01263	0.00412	0.00880	0.08709	0.01130	0.01367
43	0.01566	0.01120	0.01524	0.01745	0.01907	0.01078	0.01343	0.01924	0.02438	0.03247	0.11316	0.35868	0.07426	0.03229	0.01470	0.00469	0.00787	0.19500	0.01063	0.00978
44	0.01932	0.01258	0.02107	0.01907	0.02083	0.01294	0.06186	0.01844	0.01687	0.02313	0.02286	0.03661	0.02169	0.04867	0.18521	0.41890	0.01645	0.01078	0.00529	0.00742
45	0.01759	0.01047	0.01320	0.01320	0.01320	0.01047	0.00796	0.01571	0.01571	0.02095	0.02933	0.05846	0.03269	0.38664	0.05216	0.26581	0.01047	0.01383	0.00608	0.00608
46	0.01471	0.01054	0.01404	0.01566	0.01704	0.00987	0.01113	0.01788	0.02482	0.03378	0.19364	0.41324	0.08262	0.03145	0.01416	0.00433	0.00650	0.06394	0.01099	0.00966
47	0.01396	0.00999	0.01328	0.01550	0.01638	0.00931	0.01047	0.01629	0.02270	0.03056	0.11410	0.53981	0.07799	0.03389	0.01424	0.00446	0.00639	0.03070	0.01066	0.00931
48	0.03738	0.04349	0.03253	0.15398	0.04457	0.37860	0.02388	0.09169	0.03210	0.03267	0.01907	0.02327	0.01513	0.01173	0.01053	0.00315	0.01820	0.00820	0.00623	0.01360
49	0.03275	0.03328	0.05360	0.03947	0.04957	0.08951	0.31113	0.16351	0.03440	0.04468	0.02334	0.02832	0.01736	0.01083	0.01238	0.00358	0.01731	0.01174	0.00723	0.01603
50	0.01403	0.01068	0.01301	0.01471	0.01666	0.00966	0.01058	0.01663	0.02343	0.02983	0.07988	0.37828	0.23192	0.03248	0.01412	0.00437	0.00664	0.07328	0.01044	0.00939
51	0.02779	0.01737	0.02051	0.01765	0.02311	0.01718	0.01388	0.08316	0.11544	0.15329	0.21587	0.06537	0.14297	0.01971	0.01234	0.00360	0.00765	0.01664	0.01210	0.01438
52	0.55210	0.02122	0.01854	0.01589	0.02322	0.02344	0.01310	0.03762	0.02187	0.15281	0.02165	0.02245	0.01545	0.01117	0.00787	0.00348	0.00889	0.00718	0.00842	0.01364
53	0.28487	0.02513	0.02532	0.02070	0.02788	0.02832	0.01697	0.17966	0.07250	0.05266	0.02221	0.02428	0.01704	0.01254	0.01194	0.00342	0.06903	0.00838	0.00845	0.08869

[dist]
# distance from previous block
# <min> <max>
1	9

[block]
# block no. 2 follows, 11 sequences, length 34
# corresponding to MSA columns:
# 221-254
name=unknown_C
#
# <colnr> <probs for GDERKNQSTAVLIFYWHMCP>
#	G	D	E	R	K	N	Q	S	T	A	V	L	I	F	Y	W	H	M	C	P
0	0.10796	0.08630	0.14458	0.04183	0.23040	0.02891	0.02908	0.07819	0.07475	0.04132	0.02275	0.02626	0.01784	0.01101	0.01022	0.00337	0.01283	0.00910	0.00659	0.01670
1	0.22794	0.03411	0.07512	0.07936	0.03738	0.15314	0.05450	0.07785	0.08633	0.04186	0.02202	0.02487	0.01682	0.01159	0.00982	0.00343	0.01384	0.00860	0.00711	0.01430
2	0.01472	0.01167	0.01365	0.01409	0.01713	0.01000	0.01004	0.01740	0.02340	0.03036	0.07764	0.33275	0.24875	0.02930	0.01321	0.00391	0.00642	0.02564	0.00999	0.08992
3	0.23451	0.26000	0.14221	0.02080	0.03073	0.03322	0.02147	0.03623	0.06564	0.03776	0.01927	0.02143	0.01547	0.01061	0.00823	0.00311	0.01165	0.00711	0.00607	0.01448
4	0.01366	0.00999	0.01286	0.01515	0.01619	0.00919	0.01022	0.01573	0.02205	0.02894	0.06835	0.53775	0.12971	0.03444	0.01424	0.00448	0.00643	0.03100	0.01045	0.00919
5	0.02111	0.02012	0.02077	0.02020	0.02295	0.11976	0.01556	0.02491	0.02077	0.02640	0.02768	0.03958	0.02549	0.07030	0.45328	0.01514	0.02824	0.01113	0.00598	0.01063
6	0.18451	0.09501	0.03275	0.24213	0.04804	0.02984	0.02288	0.14431	0.02916	0.04390	0.02016	0.02505	0.01528	0.01141	0.00975	0.00343	0.01251	0.00863	0.00697	0.01428
7	0.02172	0.01194	0.01207	0.01181	0.01482	0.01234	0.00892	0.02978	0.07553	0.04250	0.03768	0.04196	0.02943	0.01334	0.00825	0.00275	0.00563	0.01073	0.59751	0.01127
8	0.28613	0.01709	0.01521	0.01412	0.01905	0.01907	0.01112	0.03414	0.09750	0.04615	0.02974	0.03254	0.02306	0.01238	0.00806	0.00315	0.00719	0.00908	0.30290	0.01230
9	0.02967	0.01887	0.01977	0.01663	0.02179	0.02021	0.01325	0.21362	0.03528	0.05350	0.03286	0.03601	0.02498	0.01327	0.00922	0.00292	0.00809	0.01035	0.40577	0.01394
10	0.01763	0.01168	0.01442	0.01429	0.01727	0.01041	0.01050	0.02121	0.02723	0.08059	0.23547	0.22855	0.21428	0.02719	0.01341	0.00390	0.00614	0.02375	0.01143	0.01065
11	0.01463	0.01069	0.01375	0.01460	0.01643	0.00982	0.01034	0.01812	0.02641	0.03598	0.26851	0.32739	0.13301	0.02931	0.01379	0.00405	0.00592	0.02616	0.01129	0.00982
12	0.68395	0.02177	0.01654	0.01480	0.02177	0.02525	0.01219	0.03309	0.01915	0.05050	0.01567	0.01828	0.01219	0.01045	0.00697	0.00348	0.00871	0.00609	0.00697	0.01219
13	0.01608	0.01206	0.01809	0.01809	0.02010	0.01407	0.01407	0.02010	0.01809	0.02613	0.03015	0.04422	0.02814	0.08441	0.55984	0.01809	0.03015	0.01206	0.00603	0.01005
14	0.11886	0.02173	0.02426	0.01936	0.02670	0.02235	0.01582	0.19037	0.03562	0.22656	0.03368	0.03295	0.02332	0.01320	0.01007	0.00327	0.00950	0.01013	0.14572	0.01653
15	0.01606	0.01147	0.01575	0.01835	0.02003	0.01116	0.01453	0.01973	0.02386	0.03136	0.06074	0.34774	0.06931	0.03305	0.01499	0.00490	0.00856	0.25820	0.01040	0.00979
16	0.01371	0.00979	0.01306	0.01567	0.01632	0.00914	0.01045	0.01567	0.02155	0.02873	0.06203	0.59710	0.07444	0.03526	0.01437	0.00457	0.00653	0.03200	0.01045	0.00914
17	0.02334	0.02001	0.02334	0.01667	0.02667	0.01500	0.01334	0.02834	0.02334	0.03668	0.02001	0.02334	0.01667	0.00834	0.00834	0.00167	0.00834	0.00667	0.00667	0.67325
18	0.01579	0.01129	0.01538	0.01763	0.01929	0.01088	0.01367	0.01943	0.02443	0.03248	0.10878	0.34836	0.07366	0.03227	0.01475	0.00472	0.00800	0.20877	0.01061	0.00980
19	0.01669	0.01109	0.01387	0.01359	0.01600	0.01041	0.01004	0.02158	0.02892	0.04249	0.37118	0.13775	0.08653	0.02247	0.01230	0.00348	0.00544	0.01975	0.14597	0.01041
20	0.19441	0.01390	0.01525	0.01567	0.01885	0.01416	0.01143	0.02405	0.02273	0.07882	0.09025	0.35106	0.05693	0.02581	0.01205	0.00410	0.00725	0.02237	0.00999	0.01092
21	0.01876	0.01601	0.02219	0.02092	0.02163	0.02004	0.01612	0.02120	0.01823	0.02638	0.03184	0.15443	0.03461	0.12710	0.18374	0.00947	0.22452	0.01596	0.00665	0.01022
22	0.04580	0.02394	0.02683	0.02118	0.02918	0.06845	0.01723	0.13725	0.03549	0.36297	0.03797	0.03480	0.02505	0.01357	0.01092	0.00334	0.01073	0.01065	0.06678	0.01788
23	0.10243	0.01620	0.02024	0.01732	0.02279	0.01504	0.01325	0.03845	0.02609	0.30320	0.04331	0.14980	0.03747	0.11960	0.01939	0.00497	0.00913	0.01563	0.01132	0.01439
24	0.02014	0.01225	0.01528	0.01536	0.01866	0.01092	0.01155	0.02334	0.02582	0.11448	0.11397	0.26737	0.21216	0.02827	0.01355	0.00412	0.00701	0.06346	0.01117	0.01111
25	0.04217	0.02028	0.02559	0.02012	0.02772	0.01926	0.01642	0.14136	0.03650	0.34652	0.13455	0.04481	0.04121	0.01560	0.01169	0.00347	0.00934	0.01282	0.01307	0.01750
26	0.01388	0.01025	0.01298	0.01477	0.01618	0.00936	0.01014	0.01634	0.02335	0.03076	0.12040	0.45828	0.15649	0.03280	0.01407	0.00433	0.00626	0.02934	0.01065	0.00936
27	0.02141	0.01195	0.01558	0.01569	0.01794	0.01103	0.01092	0.02378	0.02358	0.12622	0.09949	0.33924	0.06225	0.14036	0.02200	0.00549	0.00784	0.02390	0.01060	0.01073
28	0.01410	0.01042	0.01318	0.01462	0.01623	0.00951	0.01016	0.01690	0.02437	0.03238	0.16656	0.40750	0.15963	0.03158	0.01396	0.00423	0.00614	0.02819	0.01085	0.00951
29	0.02334	0.02001	0.02334	0.01667	0.02667	0.01500	0.01334	0.02834	0.02334	0.03668	0.02001	0.02334	0.01667	0.00834	0.00834	0.00167	0.00834	0.00667	0.00667	0.67325
30	0.09810	0.02469	0.03440	0.21627	0.18438	0.02772	0.02691	0.12459	0.07733	0.04325	0.02377	0.02878	0.01819	0.01166	0.01079	0.00354	0.01278	0.00989	0.00722	0.01575
31	0.39542	0.02230	0.02638	0.16229	0.13469	0.02548	0.02116	0.03231	0.02123	0.04254	0.01779	0.02299	0.01397	0.01056	0.00882	0.00352	0.01114	0.00781	0.00622	0.01336
32	0.02982	0.02348	0.02580	0.02148	0.02839	0.02492	0.01697	0.19651	0.18863	0.05153	0.07710	0.09628	0.03663	0.01636	0.01137	0.00339	0.00946	0.01358	0.01062	0.11768
33	0.15298	0.01567	0.01816	0.01585	0.02105	0.01493	0.01236	0.03055	0.02778	0.14576	0.24251	0.10270	0.06109	0.01851	0.01131	0.00344	0.00722	0.01557	0.01097	0.07159

[dist]
# distance from previous block
# <min> <max>
1	3

[block]
# block no. 3 follows, 11 sequences, length 26
# corresponding to MSA columns:
# 258-283
name=unknown_D
#
# <colnr> <probs for GDERKNQSTAVLIFYWHMCP>
#	G	D	E	R	K	N	Q	S	T	A	V	L	I	F	Y	W	H	M	C	P
0	0.09622	0.01489	0.01935	0.02210	0.06992	0.01455	0.01543	0.02639	0.02448	0.09943	0.05481	0.24664	0.09553	0.02567	0.01302	0.00427	0.00868	0.12668	0.01002	0.01194
1	0.10405	0.01566	0.01921	0.01662	0.02221	0.01442	0.01305	0.03552	0.02828	0.25504	0.14112	0.13620	0.11197	0.02024	0.01190	0.00370	0.00775	0.01705	0.01191	0.01410
2	0.03145	0.01466	0.01930	0.01703	0.02215	0.01288	0.01313	0.03504	0.02832	0.27552	0.11276	0.21001	0.11445	0.02284	0.01265	0.00384	0.00774	0.01977	0.01233	0.01413
3	0.17179	0.01965	0.02429	0.01902	0.02740	0.01821	0.01571	0.05068	0.02971	0.44792	0.03890	0.03447	0.02486	0.01326	0.01049	0.00348	0.00941	0.01032	0.01260	0.01782
4	0.15993	0.01665	0.01996	0.01702	0.02294	0.01588	0.01350	0.03763	0.02842	0.26195	0.16573	0.10809	0.05021	0.01796	0.01132	0.00362	0.00797	0.01493	0.01180	0.01450
5	0.06677	0.01192	0.01492	0.01544	0.01780	0.01136	0.01108	0.02165	0.02548	0.07362	0.20748	0.34764	0.07661	0.02790	0.01324	0.00408	0.00652	0.02480	0.01107	0.01058
6	0.02958	0.01336	0.01659	0.01508	0.01937	0.01229	0.01153	0.03372	0.02613	0.21413	0.04552	0.17463	0.03950	0.01874	0.01065	0.00339	0.00707	0.01597	0.27954	0.01320
7	0.01856	0.01427	0.01731	0.01607	0.01953	0.01441	0.01219	0.02965	0.13699	0.04556	0.42307	0.07490	0.09053	0.02132	0.01288	0.00360	0.00609	0.01869	0.01219	0.01219
8	0.02539	0.01729	0.02065	0.01913	0.02355	0.01788	0.01483	0.09308	0.13207	0.09873	0.15047	0.19353	0.05960	0.02295	0.01290	0.00398	0.00822	0.06041	0.01155	0.01377
9	0.01955	0.00978	0.01466	0.01466	0.01466	0.00978	0.00978	0.01466	0.01466	0.01955	0.01955	0.03421	0.01955	0.03910	0.04399	0.67253	0.00978	0.00978	0.00489	0.00489
10	0.04035	0.02192	0.02536	0.02003	0.02739	0.02229	0.01635	0.22141	0.03827	0.23642	0.03573	0.03476	0.02468	0.01357	0.01046	0.00323	0.00963	0.01065	0.17045	0.01706
11	0.14382	0.02413	0.02651	0.02148	0.02942	0.02566	0.01747	0.17222	0.15197	0.21681	0.03546	0.03295	0.02457	0.01359	0.01064	0.00354	0.01004	0.01051	0.01150	0.01772
12	0.02529	0.02198	0.03306	0.13121	0.04096	0.02389	0.10391	0.13882	0.03022	0.04024	0.03958	0.15980	0.07665	0.01899	0.01456	0.00395	0.05834	0.01667	0.00832	0.01356
13	0.02794	0.02528	0.03418	0.04282	0.24703	0.02745	0.02503	0.04891	0.30334	0.04264	0.03518	0.03590	0.02723	0.01301	0.01132	0.00361	0.01083	0.01156	0.00892	0.01782
14	0.05050	0.01915	0.02612	0.02003	0.02873	0.01654	0.01654	0.05485	0.03221	0.54203	0.04440	0.03831	0.02786	0.01393	0.01132	0.00348	0.00958	0.01132	0.01393	0.01915
15	0.04140	0.02625	0.02960	0.02351	0.03179	0.02803	0.01915	0.26604	0.15828	0.19871	0.03648	0.03383	0.02528	0.01405	0.01132	0.00351	0.01075	0.01109	0.01206	0.01882
16	0.03030	0.02128	0.03272	0.19266	0.18484	0.02235	0.02539	0.03888	0.07272	0.15817	0.07751	0.03772	0.02949	0.01306	0.01145	0.00356	0.01173	0.01158	0.00863	0.01593
17	0.14403	0.01738	0.02623	0.02224	0.02737	0.01694	0.12689	0.02400	0.02320	0.03500	0.05509	0.24380	0.14806	0.02286	0.01247	0.00401	0.00977	0.02076	0.00864	0.01126
18	0.01557	0.01058	0.01251	0.01330	0.01349	0.01038	0.00791	0.01616	0.01793	0.02390	0.04345	0.23101	0.05100	0.43334	0.04438	0.00901	0.00959	0.02107	0.00791	0.00752
19	0.02438	0.01419	0.01751	0.01641	0.02067	0.01336	0.01282	0.03100	0.07254	0.14727	0.15387	0.14292	0.14899	0.02318	0.01272	0.00386	0.00737	0.06844	0.05578	0.01270
20	0.02204	0.02146	0.03877	0.36781	0.10921	0.02407	0.11703	0.02923	0.02346	0.03088	0.02529	0.09263	0.02224	0.01346	0.01197	0.00381	0.01467	0.01306	0.00579	0.01313
21	0.03200	0.02262	0.03231	0.33845	0.05797	0.02579	0.02608	0.14663	0.03169	0.13643	0.02633	0.03086	0.01844	0.01231	0.01127	0.00361	0.01334	0.01028	0.00821	0.01537
22	0.02470	0.01735	0.01981	0.01876	0.02284	0.01843	0.01479	0.13976	0.08484	0.04472	0.04585	0.18848	0.04495	0.02221	0.01210	0.00389	0.00865	0.10093	0.15392	0.01303
23	0.02334	0.02001	0.02334	0.01667	0.02667	0.01500	0.01334	0.02834	0.02334	0.03668	0.02001	0.02334	0.01667	0.00834	0.00834	0.00167	0.00834	0.00667	0.00667	0.67325
24	0.10175	0.02525	0.03484	0.02747	0.03477	0.08928	0.15925	0.03473	0.02679	0.11126	0.07661	0.11724	0.03446	0.01550	0.01170	0.00354	0.01277	0.01438	0.00846	0.05994
25	0.02724	0.01757	0.02101	0.01932	0.02354	0.01789	0.01454	0.16619	0.03241	0.10762	0.04918	0.35272	0.05172	0.02594	0.01303	0.00407	0.00869	0.02272	0.01114	0.01346

[dist]
# distance from previous block
# <min> <max>
0	1

[block]
# block no. 4 follows, 11 sequences, length 18
# corresponding to MSA columns:
# 285-302
name=unknown_E
#
# <colnr> <probs for GDERKNQSTAVLIFYWHMCP>
#	G	D	E	R	K	N	Q	S	T	A	V	L	I	F	Y	W	H	M	C	P
0	0.07974	0.14989	0.28357	0.11044	0.04808	0.02958	0.08178	0.03409	0.02332	0.03420	0.01921	0.02386	0.01453	0.01043	0.01009	0.00339	0.01512	0.00848	0.00509	0.01509
1	0.36846	0.13154	0.10680	0.01853	0.02791	0.02729	0.01815	0.03289	0.02114	0.04191	0.01701	0.01984	0.01357	0.01003	0.00779	0.00304	0.01047	0.00651	0.00620	0.11094
2	0.02256	0.02122	0.03677	0.04155	0.19951	0.02167	0.11128	0.02803	0.02407	0.03335	0.03607	0.17563	0.03755	0.01988	0.01547	0.00414	0.06820	0.08201	0.00738	0.01366
3	0.02302	0.02224	0.03680	0.26446	0.12649	0.02649	0.06936	0.02913	0.02296	0.03180	0.06888	0.03369	0.02448	0.01414	0.01792	0.00396	0.15374	0.01127	0.00585	0.01331
4	0.17751	0.01737	0.01927	0.01826	0.02229	0.01889	0.01436	0.11114	0.02618	0.04087	0.03488	0.14421	0.03540	0.03012	0.07000	0.10420	0.01153	0.08362	0.00852	0.01138
5	0.01525	0.01121	0.01318	0.01302	0.01588	0.01007	0.00964	0.01937	0.02795	0.03812	0.29458	0.13896	0.24359	0.02524	0.01291	0.00365	0.00556	0.02180	0.06997	0.01007
6	0.01467	0.01146	0.01330	0.01284	0.01604	0.01008	0.00963	0.01880	0.02889	0.03808	0.32977	0.09569	0.30913	0.02564	0.01329	0.00366	0.00550	0.02198	0.01146	0.01008
7	0.03253	0.01675	0.02171	0.01983	0.02523	0.01612	0.01598	0.04094	0.10441	0.24958	0.05147	0.16404	0.04621	0.02214	0.01290	0.00414	0.00909	0.11987	0.01206	0.01502
8	0.01611	0.01195	0.01752	0.01752	0.01933	0.01376	0.01336	0.01973	0.01792	0.02571	0.03067	0.04709	0.02939	0.13518	0.51078	0.01739	0.02827	0.01248	0.00611	0.00973
9	0.02334	0.02001	0.02334	0.01667	0.02667	0.01500	0.01334	0.02834	0.02334	0.03668	0.02001	0.02334	0.01667	0.00834	0.00834	0.00167	0.00834	0.00667	0.00667	0.67325
10	0.02609	0.01324	0.01440	0.01323	0.01715	0.01326	0.01021	0.03405	0.07736	0.11639	0.03883	0.04143	0.02929	0.01346	0.00876	0.00288	0.00628	0.01085	0.50029	0.01255
11	0.11387	0.01238	0.01410	0.01540	0.01742	0.01246	0.01112	0.01961	0.02129	0.03164	0.05423	0.30644	0.09389	0.13103	0.02096	0.00557	0.00816	0.09175	0.00928	0.00940
12	0.01693	0.01283	0.01605	0.01774	0.01971	0.01307	0.01296	0.02468	0.10928	0.03275	0.05878	0.42511	0.06584	0.03107	0.01404	0.00453	0.00755	0.09558	0.01061	0.01087
13	0.02085	0.01410	0.01821	0.01931	0.02233	0.01423	0.01539	0.02887	0.09802	0.07671	0.05707	0.26377	0.06035	0.02868	0.01418	0.00463	0.00880	0.21184	0.01085	0.01181
14	0.01612	0.01189	0.01723	0.01723	0.01894	0.01360	0.01300	0.01955	0.01783	0.02549	0.03093	0.04857	0.03003	0.16124	0.48559	0.01703	0.02731	0.01270	0.00615	0.00957
15	0.03652	0.02288	0.02564	0.02115	0.02825	0.02442	0.01698	0.17201	0.19654	0.17518	0.03901	0.03702	0.02780	0.01414	0.01083	0.00344	0.00947	0.01134	0.10997	0.01741
16	0.03180	0.01964	0.02295	0.01998	0.02543	0.02037	0.01532	0.12559	0.14450	0.16623	0.04453	0.16760	0.03971	0.08221	0.01695	0.00458	0.00940	0.01666	0.01130	0.01525
17	0.01629	0.01121	0.01381	0.01381	0.01434	0.01175	0.00873	0.01735	0.01682	0.02296	0.03406	0.06588	0.03754	0.46709	0.19003	0.01281	0.01599	0.01523	0.00661	0.00767

[dist]
# distance from previous block
# <min> <max>
0	6

# created by:
# /st0/software/busco_prod/Augustus/scripts/msa2prfl.pl ./align_prep/11659.fa
