[name]
unknown

[dist]
# distance from previous block
# <min> <max>
0	291

[block]
# block no. 0 follows, 15 sequences, length 37
# corresponding to MSA columns:
# 355-391
name=unknown_A
#
# <colnr> <probs for GDERKNQSTAVLIFYWHMCP>
#	G	D	E	R	K	N	Q	S	T	A	V	L	I	F	Y	W	H	M	C	P
0	0.02499	0.45990	0.10465	0.01854	0.02677	0.03342	0.01869	0.06367	0.02155	0.02694	0.01673	0.02025	0.01472	0.01793	0.08967	0.00420	0.01332	0.00653	0.00479	0.01275
1	0.02467	0.43607	0.19975	0.02045	0.03044	0.03373	0.02239	0.03228	0.06683	0.02723	0.01722	0.01917	0.01424	0.00921	0.00756	0.00252	0.01155	0.00639	0.00475	0.01358
2	0.02824	0.56448	0.04864	0.01835	0.02637	0.12493	0.01739	0.03134	0.02145	0.02360	0.01409	0.01629	0.01280	0.00879	0.00679	0.00220	0.01176	0.00549	0.00440	0.01261
3	0.02164	0.01398	0.01554	0.01402	0.01748	0.01413	0.01053	0.10126	0.06339	0.08425	0.04679	0.05884	0.13766	0.18470	0.02090	0.00487	0.00786	0.04754	0.12408	0.01053
4	0.01858	0.00929	0.00929	0.00929	0.01161	0.00929	0.00697	0.02323	0.02091	0.03717	0.03252	0.03717	0.02555	0.01161	0.00697	0.00232	0.00465	0.00929	0.70499	0.00929
5	0.02375	0.01832	0.02148	0.01554	0.02425	0.01455	0.01251	0.06157	0.02302	0.08011	0.01988	0.02196	0.01571	0.00808	0.00777	0.00171	0.00771	0.00644	0.00669	0.60894
6	0.02257	0.01948	0.02041	0.01854	0.02379	0.02199	0.01437	0.04635	0.47587	0.03917	0.05092	0.04725	0.12509	0.01553	0.01042	0.00338	0.00740	0.01294	0.00999	0.01452
7	0.01858	0.00929	0.00929	0.00929	0.01161	0.00929	0.00697	0.02323	0.02091	0.03717	0.03252	0.03717	0.02555	0.01161	0.00697	0.00232	0.00465	0.00929	0.70499	0.00929
8	0.01307	0.00906	0.01129	0.01270	0.01305	0.00871	0.00799	0.01412	0.01728	0.02305	0.04571	0.41629	0.05428	0.27399	0.02765	0.00625	0.00731	0.02291	0.00799	0.00729
9	0.02171	0.20748	0.45714	0.02548	0.03861	0.02736	0.03173	0.03113	0.02084	0.02948	0.01685	0.01974	0.01267	0.00923	0.00868	0.00289	0.01368	0.00684	0.00422	0.01423
10	0.16954	0.02502	0.15795	0.01874	0.02723	0.01754	0.01865	0.03363	0.02289	0.19833	0.05736	0.03414	0.02418	0.01206	0.00917	0.00302	0.00953	0.04981	0.00797	0.10324
11	0.01424	0.01068	0.01602	0.01602	0.01780	0.01246	0.01246	0.01780	0.01602	0.02314	0.02670	0.03916	0.02492	0.07477	0.61015	0.01602	0.02670	0.01068	0.00534	0.00890
12	0.02390	0.07717	0.10671	0.02260	0.03031	0.02502	0.06370	0.04451	0.36677	0.03739	0.03204	0.03128	0.02422	0.01172	0.00970	0.00312	0.00977	0.00993	0.00814	0.06200
13	0.02688	0.08196	0.19435	0.02871	0.10177	0.02407	0.06710	0.08365	0.11350	0.10518	0.02472	0.02600	0.01811	0.01036	0.00956	0.00299	0.01159	0.00877	0.00695	0.05378
14	0.02383	0.26612	0.35628	0.02390	0.03586	0.02962	0.02829	0.07341	0.02286	0.03120	0.01694	0.01947	0.01304	0.00934	0.00841	0.00278	0.01297	0.00677	0.00470	0.01422
15	0.03724	0.04751	0.02825	0.02568	0.03082	0.60963	0.01926	0.03981	0.02825	0.02440	0.01541	0.01798	0.01284	0.01027	0.00899	0.00257	0.01798	0.00642	0.00514	0.01156
16	0.02067	0.01772	0.02067	0.01477	0.02362	0.01329	0.01181	0.02510	0.02067	0.03248	0.01772	0.02067	0.01477	0.00738	0.00738	0.00148	0.00738	0.00591	0.00591	0.71059
17	0.02378	0.02278	0.03885	0.14738	0.50825	0.02345	0.03015	0.02981	0.02228	0.03148	0.01859	0.02496	0.01541	0.00905	0.00988	0.00302	0.01206	0.00888	0.00486	0.01507
18	0.01391	0.01134	0.01254	0.01259	0.01587	0.01049	0.00984	0.01934	0.07273	0.03038	0.15002	0.09041	0.39049	0.02392	0.01193	0.00352	0.00589	0.09593	0.00955	0.00932
19	0.01879	0.01411	0.01643	0.01507	0.01829	0.01425	0.01078	0.02704	0.17608	0.02842	0.03190	0.11673	0.03089	0.15276	0.02434	0.14672	0.00806	0.01270	0.00727	0.12937
20	0.01898	0.01556	0.01749	0.01734	0.02065	0.01712	0.01278	0.03499	0.31634	0.03423	0.04718	0.31588	0.04676	0.02167	0.01133	0.00369	0.00692	0.01912	0.00973	0.01225
21	0.02292	0.02776	0.18148	0.23601	0.08454	0.02156	0.06952	0.06385	0.02394	0.07986	0.07113	0.02977	0.02191	0.01090	0.01014	0.00320	0.01253	0.00963	0.00607	0.01329
22	0.01858	0.00929	0.00929	0.00929	0.01161	0.00929	0.00697	0.02323	0.02091	0.03717	0.03252	0.03717	0.02555	0.01161	0.00697	0.00232	0.00465	0.00929	0.70499	0.00929
23	0.43609	0.02570	0.06775	0.01850	0.02570	0.09699	0.04984	0.03369	0.02079	0.11672	0.01835	0.01998	0.01342	0.00978	0.00770	0.00304	0.01030	0.00675	0.00666	0.01224
24	0.02181	0.02181	0.03053	0.02617	0.02617	0.03053	0.02181	0.02399	0.01527	0.02399	0.01309	0.02181	0.01309	0.01745	0.03272	0.00436	0.63141	0.00872	0.00436	0.01091
25	0.02181	0.02181	0.03053	0.02617	0.02617	0.03053	0.02181	0.02399	0.01527	0.02399	0.01309	0.02181	0.01309	0.01745	0.03272	0.00436	0.63141	0.00872	0.00436	0.01091
26	0.01447	0.00979	0.01152	0.01152	0.01174	0.01002	0.00685	0.01491	0.01469	0.01981	0.03082	0.06196	0.03482	0.57750	0.12095	0.01046	0.01180	0.01402	0.00595	0.00640
27	0.02181	0.02181	0.03053	0.02617	0.02617	0.03053	0.02181	0.02399	0.01527	0.02399	0.01309	0.02181	0.01309	0.01745	0.03272	0.00436	0.63141	0.00872	0.00436	0.01091
28	0.01350	0.00964	0.01312	0.01543	0.01660	0.00927	0.01161	0.01623	0.02042	0.02697	0.05420	0.45937	0.06297	0.02995	0.01309	0.00424	0.00696	0.19872	0.00923	0.00847
29	0.14771	0.01913	0.02602	0.01938	0.02764	0.01700	0.09261	0.03357	0.02272	0.19559	0.02362	0.02463	0.01698	0.00928	0.00858	0.00249	0.00915	0.00787	0.00767	0.28835
30	0.01858	0.00929	0.00929	0.00929	0.01161	0.00929	0.00697	0.02323	0.02091	0.03717	0.03252	0.03717	0.02555	0.01161	0.00697	0.00232	0.00465	0.00929	0.70499	0.00929
31	0.01223	0.00993	0.01084	0.01100	0.01384	0.00854	0.00810	0.01502	0.02320	0.02897	0.17744	0.16257	0.43317	0.02518	0.01190	0.00341	0.00508	0.02146	0.00955	0.00854
32	0.01400	0.01014	0.01402	0.01427	0.01553	0.01097	0.01031	0.01660	0.01713	0.02402	0.07852	0.13077	0.03893	0.19411	0.35141	0.01186	0.01813	0.01458	0.00651	0.00819
33	0.02746	0.09639	0.38922	0.02443	0.03665	0.02226	0.02889	0.03614	0.02305	0.18709	0.02348	0.02417	0.01599	0.01018	0.00935	0.00304	0.01263	0.00792	0.00647	0.01518
34	0.01732	0.00866	0.01299	0.01299	0.01299	0.00866	0.00866	0.01299	0.01299	0.01732	0.01732	0.03030	0.01732	0.03463	0.03896	0.70996	0.00866	0.00866	0.00433	0.00433
35	0.01655	0.01492	0.02000	0.01876	0.02115	0.06201	0.08456	0.01935	0.01978	0.02545	0.04097	0.34363	0.04628	0.11443	0.07135	0.00570	0.01092	0.04769	0.00753	0.00897
36	0.01999	0.05157	0.59800	0.02841	0.04315	0.02315	0.03683	0.03157	0.02105	0.03157	0.01789	0.02105	0.01263	0.00947	0.00947	0.00316	0.01473	0.00737	0.00421	0.01473

[dist]
# distance from previous block
# <min> <max>
0	6

[block]
# block no. 1 follows, 15 sequences, length 16
# corresponding to MSA columns:
# 398-413
name=unknown_B
#
# <colnr> <probs for GDERKNQSTAVLIFYWHMCP>
#	G	D	E	R	K	N	Q	S	T	A	V	L	I	F	Y	W	H	M	C	P
0	0.12925	0.01796	0.02750	0.52923	0.06088	0.02218	0.02503	0.02607	0.01947	0.02850	0.01711	0.02494	0.01290	0.00985	0.00937	0.00328	0.01241	0.00831	0.00470	0.01103
1	0.02922	0.07497	0.08369	0.03433	0.18871	0.02878	0.02410	0.23769	0.03081	0.04247	0.01948	0.02296	0.01533	0.01148	0.01321	0.00315	0.10922	0.00850	0.00673	0.01517
2	0.02667	0.24596	0.21589	0.02417	0.03450	0.03058	0.06953	0.14588	0.05374	0.03618	0.01917	0.02128	0.01472	0.00981	0.00878	0.00281	0.01238	0.00760	0.00585	0.01450
3	0.02230	0.02441	0.11165	0.02069	0.02706	0.02224	0.01820	0.04423	0.40742	0.03787	0.03898	0.11797	0.03251	0.01532	0.01039	0.00344	0.00868	0.01300	0.00909	0.01456
4	0.01858	0.00929	0.00929	0.00929	0.01161	0.00929	0.00697	0.02323	0.02091	0.03717	0.03252	0.03717	0.02555	0.01161	0.00697	0.00232	0.00465	0.00929	0.70499	0.00929
5	0.02067	0.01772	0.02067	0.01477	0.02362	0.01329	0.01181	0.02510	0.02067	0.03248	0.01772	0.02067	0.01477	0.00738	0.00738	0.00148	0.00738	0.00591	0.00591	0.71059
6	0.01852	0.01248	0.01502	0.01462	0.01767	0.01243	0.01132	0.02602	0.10960	0.07586	0.18476	0.10438	0.10928	0.07455	0.01474	0.00400	0.00683	0.10768	0.06978	0.01046
7	0.01858	0.00929	0.00929	0.00929	0.01161	0.00929	0.00697	0.02323	0.02091	0.03717	0.03252	0.03717	0.02555	0.01161	0.00697	0.00232	0.00465	0.00929	0.70499	0.00929
8	0.12534	0.13470	0.26797	0.02183	0.03156	0.02375	0.02427	0.05865	0.02247	0.06695	0.02375	0.03483	0.02038	0.01244	0.00923	0.00319	0.01160	0.08777	0.00608	0.01322
9	0.02802	0.02838	0.14073	0.12902	0.06859	0.02493	0.02361	0.18465	0.14768	0.08393	0.02615	0.02748	0.01890	0.01133	0.00991	0.00317	0.01131	0.00921	0.00782	0.01518
10	0.02274	0.12219	0.06660	0.02636	0.12179	0.02145	0.06394	0.02942	0.05428	0.03153	0.01888	0.02216	0.01547	0.00840	0.00831	0.00220	0.00992	0.00723	0.00557	0.34158
11	0.01505	0.01146	0.01428	0.01520	0.01780	0.01118	0.01222	0.02086	0.07027	0.03124	0.14602	0.16607	0.17808	0.02518	0.01256	0.00392	0.00701	0.22257	0.00957	0.00947
12	0.13866	0.10812	0.11883	0.05874	0.03374	0.02477	0.08779	0.08690	0.02442	0.15462	0.02190	0.02378	0.01575	0.01055	0.01044	0.00309	0.04873	0.00825	0.00697	0.01395
13	0.02177	0.05861	0.01710	0.01338	0.01589	0.01403	0.00924	0.02513	0.06534	0.12625	0.03238	0.05357	0.03194	0.43250	0.03663	0.00738	0.00937	0.01274	0.00741	0.00936
14	0.02093	0.08200	0.20904	0.02139	0.03005	0.01907	0.06059	0.02744	0.02096	0.06645	0.06192	0.03095	0.02308	0.05512	0.10606	0.00517	0.01377	0.00913	0.00586	0.13101
15	0.18965	0.02977	0.24570	0.02028	0.02915	0.01883	0.02205	0.02871	0.02136	0.06596	0.07225	0.03955	0.02705	0.01322	0.00944	0.00325	0.01047	0.08864	0.00660	0.05805

[dist]
# distance from previous block
# <min> <max>
0	10

# created by:
# /st0/software/busco_prod/Augustus/scripts/msa2prfl.pl ./align_prep/11703.fa
