[name]
unknown

[dist]
# distance from previous block
# <min> <max>
0	45

[block]
# block no. 0 follows, 12 sequences, length 7
# corresponding to MSA columns:
# 46-52
name=unknown_A
#
# <colnr> <probs for GDERKNQSTAVLIFYWHMCP>
#	G	D	E	R	K	N	Q	S	T	A	V	L	I	F	Y	W	H	M	C	P
0	0.01665	0.01226	0.01629	0.01831	0.02105	0.01189	0.01575	0.02123	0.02505	0.03201	0.06806	0.11945	0.15711	0.02963	0.01463	0.00476	0.00916	0.38677	0.01006	0.00988
1	0.02915	0.62337	0.05714	0.01866	0.02799	0.04314	0.01866	0.03265	0.02215	0.02565	0.01516	0.01749	0.01399	0.00933	0.00700	0.00233	0.01166	0.00583	0.00466	0.01399
2	0.01401	0.01023	0.01318	0.01426	0.01588	0.00940	0.01000	0.01715	0.02482	0.03364	0.23671	0.37243	0.12935	0.02930	0.01344	0.00400	0.00583	0.02621	0.01079	0.00940
3	0.01380	0.01025	0.01287	0.01397	0.01573	0.00932	0.00981	0.01677	0.02442	0.03255	0.20363	0.36459	0.17315	0.02959	0.01342	0.00401	0.00584	0.02631	0.01064	0.00932
4	0.03965	0.01650	0.02233	0.01783	0.02464	0.01444	0.01444	0.04413	0.03111	0.41446	0.18141	0.04938	0.04800	0.01593	0.01149	0.00339	0.00813	0.01339	0.01308	0.01627
5	0.01389	0.01026	0.01300	0.01406	0.01579	0.00936	0.00988	0.01695	0.02464	0.03307	0.21936	0.36374	0.15710	0.02940	0.01342	0.00400	0.00583	0.02619	0.01071	0.00936
6	0.03818	0.01618	0.02186	0.01758	0.02413	0.01418	0.01418	0.04269	0.03110	0.39188	0.20344	0.05134	0.05134	0.01632	0.01157	0.00339	0.00795	0.01377	0.01302	0.01590

[dist]
# distance from previous block
# <min> <max>
0	31

[block]
# block no. 1 follows, 12 sequences, length 39
# corresponding to MSA columns:
# 89-127
name=unknown_B
#
# <colnr> <probs for GDERKNQSTAVLIFYWHMCP>
#	G	D	E	R	K	N	Q	S	T	A	V	L	I	F	Y	W	H	M	C	P
0	0.02623	0.02964	0.14688	0.03195	0.14655	0.02172	0.02450	0.03761	0.11151	0.07748	0.02583	0.02792	0.01969	0.01053	0.00993	0.00288	0.01112	0.00890	0.00716	0.22198
1	0.01925	0.01334	0.01543	0.01338	0.01831	0.01125	0.01032	0.02341	0.02621	0.07803	0.18756	0.06957	0.22653	0.01948	0.01117	0.00304	0.00622	0.01640	0.07910	0.15200
2	0.02565	0.07021	0.02586	0.02108	0.02685	0.02626	0.01653	0.05086	0.42831	0.04191	0.04387	0.10582	0.03630	0.01663	0.01110	0.00367	0.00860	0.01400	0.01046	0.01601
3	0.03867	0.01888	0.02394	0.07109	0.02990	0.01861	0.01631	0.12523	0.03201	0.30796	0.03623	0.03523	0.02457	0.01301	0.01021	0.00320	0.00931	0.01047	0.15907	0.01610
4	0.02073	0.01158	0.01512	0.01559	0.01821	0.01040	0.01115	0.02321	0.02351	0.13907	0.06238	0.43050	0.11773	0.02905	0.01318	0.00412	0.00685	0.02586	0.01083	0.01093
5	0.12858	0.02578	0.09990	0.02023	0.02785	0.02295	0.01837	0.09180	0.18433	0.10620	0.03285	0.03275	0.02406	0.01276	0.00971	0.00333	0.00951	0.00996	0.12372	0.01535
6	0.01829	0.00970	0.01372	0.01372	0.01372	0.00970	0.00887	0.01455	0.01455	0.01940	0.02218	0.04117	0.02329	0.15952	0.04532	0.54153	0.00970	0.01081	0.00513	0.00513
7	0.02119	0.02055	0.03639	0.52706	0.07298	0.02462	0.08616	0.02868	0.02226	0.02868	0.01969	0.02911	0.01477	0.01070	0.01113	0.00364	0.01498	0.01006	0.00492	0.01241
8	0.10159	0.02341	0.07744	0.01748	0.02749	0.01682	0.01562	0.02873	0.02217	0.03700	0.01890	0.02208	0.01540	0.00855	0.00815	0.00201	0.00895	0.00656	0.00630	0.53535
9	0.02915	0.62337	0.05714	0.01866	0.02799	0.04314	0.01866	0.03265	0.02215	0.02565	0.01516	0.01749	0.01399	0.00933	0.00700	0.00233	0.01166	0.00583	0.00466	0.01399
10	0.69383	0.02109	0.01603	0.01434	0.02109	0.02446	0.01181	0.03205	0.01856	0.04892	0.01518	0.01771	0.01181	0.01012	0.00675	0.00337	0.00843	0.00590	0.00675	0.01181
11	0.02649	0.02540	0.04336	0.10755	0.51204	0.02578	0.03322	0.03303	0.02459	0.03502	0.02042	0.02715	0.01706	0.00981	0.01080	0.00327	0.01308	0.00971	0.00535	0.01687
12	0.01726	0.01568	0.02598	0.02099	0.02600	0.01429	0.13432	0.02272	0.02783	0.03737	0.28682	0.07530	0.21000	0.02057	0.01287	0.00356	0.00856	0.01897	0.00983	0.01108
13	0.01328	0.00949	0.01265	0.01518	0.01581	0.00886	0.01012	0.01518	0.02088	0.02783	0.06010	0.60969	0.07212	0.03416	0.01392	0.00443	0.00633	0.03100	0.01012	0.00886
14	0.03713	0.01582	0.02140	0.01759	0.02380	0.01390	0.01403	0.04133	0.03005	0.37768	0.16545	0.10735	0.05000	0.01777	0.01173	0.00350	0.00797	0.01516	0.01278	0.01555
15	0.02193	0.01739	0.01922	0.01712	0.02185	0.01817	0.01329	0.10297	0.16953	0.04462	0.22747	0.06751	0.17468	0.02011	0.01209	0.00354	0.00721	0.01698	0.01115	0.01318
16	0.61858	0.02079	0.01711	0.01493	0.02187	0.02348	0.01230	0.03451	0.02003	0.10812	0.01843	0.01998	0.01358	0.01052	0.00724	0.00337	0.00853	0.00649	0.00753	0.01260
17	0.01950	0.01742	0.02512	0.08145	0.02894	0.02229	0.01964	0.02295	0.01899	0.02719	0.02971	0.12536	0.03113	0.03490	0.14060	0.00731	0.26281	0.06749	0.00640	0.01082
18	0.10804	0.02699	0.11286	0.18314	0.04927	0.02317	0.13180	0.03698	0.02474	0.16040	0.02521	0.02887	0.01756	0.01098	0.01078	0.00352	0.01363	0.01001	0.00727	0.01479
19	0.02978	0.20597	0.03965	0.15700	0.04086	0.14608	0.02296	0.07699	0.02564	0.03046	0.01737	0.02255	0.01461	0.01211	0.01378	0.00324	0.11412	0.00799	0.00550	0.01334
20	0.69383	0.02109	0.01603	0.01434	0.02109	0.02446	0.01181	0.03205	0.01856	0.04892	0.01518	0.01771	0.01181	0.01012	0.00675	0.00337	0.00843	0.00590	0.00675	0.01181
21	0.15319	0.08402	0.02747	0.01939	0.02682	0.02493	0.01614	0.15713	0.07314	0.19000	0.09007	0.03447	0.03033	0.01351	0.01003	0.00327	0.00951	0.01040	0.01038	0.01581
22	0.01444	0.01111	0.01320	0.01267	0.01568	0.00986	0.00951	0.01865	0.02852	0.03815	0.37408	0.09062	0.27531	0.02437	0.01287	0.00353	0.00529	0.02100	0.01127	0.00986
23	0.02459	0.02406	0.08302	0.02430	0.03076	0.02201	0.09079	0.08933	0.18417	0.03944	0.03526	0.11764	0.03081	0.01870	0.01514	0.08289	0.01078	0.01395	0.04859	0.01379
24	0.01763	0.01200	0.01579	0.01648	0.01813	0.01211	0.01188	0.01989	0.02186	0.07666	0.05969	0.43645	0.11756	0.02991	0.01580	0.00428	0.06791	0.02598	0.00988	0.01011
25	0.01677	0.01343	0.01841	0.01807	0.01886	0.01590	0.01340	0.01902	0.01788	0.02530	0.03525	0.19354	0.03888	0.16707	0.20625	0.00997	0.13860	0.01717	0.00690	0.00932
26	0.03456	0.13017	0.03239	0.02239	0.02767	0.13641	0.01860	0.03800	0.02505	0.17085	0.02493	0.02724	0.01904	0.01365	0.01597	0.00335	0.15964	0.00884	0.07722	0.01403
27	0.02198	0.01604	0.01893	0.01714	0.02141	0.01669	0.01318	0.03620	0.20821	0.08099	0.32987	0.06377	0.07269	0.01899	0.01210	0.00352	0.00668	0.01646	0.01179	0.01336
28	0.02187	0.05640	0.56031	0.03108	0.04719	0.02532	0.04029	0.03453	0.02302	0.03453	0.01957	0.02302	0.01381	0.01036	0.01036	0.00345	0.01611	0.00806	0.00460	0.01611
29	0.03486	0.33203	0.04458	0.02588	0.08338	0.15333	0.02028	0.03864	0.02591	0.11769	0.02085	0.02231	0.01657	0.01050	0.00869	0.00271	0.01315	0.00737	0.00646	0.01482
30	0.57862	0.01922	0.01502	0.01362	0.01965	0.02201	0.01109	0.03091	0.01929	0.04751	0.01867	0.02164	0.01457	0.01056	0.00690	0.00323	0.00786	0.00663	0.12145	0.01153
31	0.02300	0.04687	0.38667	0.09486	0.04587	0.08027	0.03400	0.03323	0.02451	0.03389	0.07370	0.02946	0.02318	0.01175	0.01063	0.00341	0.01515	0.00936	0.00551	0.01468
32	0.02234	0.02117	0.08041	0.01735	0.02238	0.07047	0.01497	0.02702	0.02645	0.09509	0.16063	0.15386	0.14233	0.02083	0.01173	0.00350	0.00868	0.01766	0.07141	0.01173
33	0.02042	0.01622	0.02529	0.09128	0.08292	0.01723	0.05639	0.02388	0.02117	0.06230	0.03791	0.24459	0.04074	0.12365	0.02234	0.00517	0.07093	0.01872	0.00771	0.01115
34	0.02348	0.01921	0.03046	0.24011	0.04571	0.02297	0.05443	0.02884	0.02247	0.08418	0.08295	0.03627	0.02753	0.02164	0.07550	0.00529	0.14843	0.01137	0.00670	0.01244
35	0.09505	0.02174	0.03094	0.13831	0.19187	0.02409	0.02374	0.03613	0.11026	0.07448	0.07321	0.03426	0.02731	0.01300	0.01259	0.00355	0.05635	0.01076	0.00755	0.01479
36	0.09617	0.08839	0.02575	0.08549	0.02980	0.02146	0.01671	0.10088	0.02773	0.11356	0.04227	0.14337	0.08039	0.01886	0.01116	0.00365	0.00972	0.06236	0.00912	0.01316
37	0.10348	0.02489	0.08438	0.20178	0.04534	0.02439	0.06224	0.08334	0.10710	0.03771	0.02387	0.02921	0.01830	0.01463	0.01425	0.08280	0.01247	0.00975	0.00674	0.01335
38	0.22511	0.02294	0.08405	0.08597	0.03163	0.02038	0.01842	0.03070	0.02170	0.09474	0.02640	0.10923	0.02364	0.01435	0.01111	0.00339	0.04502	0.01112	0.00735	0.11274

[dist]
# distance from previous block
# <min> <max>
2	29

[block]
# block no. 2 follows, 12 sequences, length 18
# corresponding to MSA columns:
# 157-174
name=unknown_C
#
# <colnr> <probs for GDERKNQSTAVLIFYWHMCP>
#	G	D	E	R	K	N	Q	S	T	A	V	L	I	F	Y	W	H	M	C	P
0	0.03420	0.07078	0.03126	0.09580	0.10076	0.02409	0.02027	0.15197	0.03181	0.16956	0.02828	0.02983	0.02037	0.01175	0.01003	0.00306	0.01072	0.00952	0.07853	0.06738
1	0.19004	0.02026	0.02478	0.02323	0.08973	0.01883	0.01640	0.03929	0.02529	0.24191	0.02776	0.02766	0.01951	0.01087	0.00923	0.00291	0.00923	0.00849	0.00914	0.18543
2	0.01388	0.01083	0.01260	0.01270	0.01548	0.00954	0.00932	0.01737	0.02640	0.03441	0.26046	0.17896	0.30556	0.02674	0.01305	0.00371	0.00552	0.02311	0.01081	0.00954
3	0.02359	0.01802	0.02007	0.01788	0.02255	0.01948	0.01387	0.09557	0.21942	0.04714	0.23288	0.05457	0.05761	0.01722	0.01134	0.00341	0.00729	0.01461	0.08958	0.01390
4	0.03641	0.02118	0.02752	0.02237	0.02738	0.02382	0.01847	0.10635	0.02828	0.25422	0.03014	0.03144	0.02160	0.01525	0.01900	0.00375	0.20795	0.01024	0.07921	0.01544
5	0.01377	0.01014	0.01303	0.01514	0.01651	0.00939	0.01078	0.01622	0.02207	0.02872	0.06803	0.46411	0.14820	0.03257	0.01390	0.00438	0.00667	0.08718	0.01011	0.00907
6	0.02961	0.02282	0.02702	0.08085	0.03205	0.02624	0.01891	0.23113	0.07760	0.04980	0.09334	0.03630	0.03084	0.01500	0.01430	0.00349	0.09326	0.01130	0.09141	0.01473
7	0.01894	0.00947	0.01420	0.01420	0.01420	0.00947	0.00947	0.01420	0.01420	0.01894	0.01894	0.03314	0.01894	0.03788	0.04261	0.68277	0.00947	0.00947	0.00473	0.00473
8	0.02403	0.01781	0.02545	0.02157	0.02707	0.01770	0.08421	0.03554	0.14864	0.10640	0.17992	0.06607	0.10505	0.01901	0.01246	0.00374	0.00904	0.07214	0.01062	0.01352
9	0.10687	0.18673	0.28201	0.02860	0.04099	0.03000	0.11439	0.03383	0.02274	0.03418	0.01839	0.02214	0.01409	0.00987	0.00953	0.00321	0.01448	0.00810	0.00504	0.01481
10	0.15051	0.02197	0.06302	0.01904	0.02628	0.01992	0.01649	0.07912	0.09431	0.21459	0.13883	0.04137	0.03917	0.01462	0.01058	0.00343	0.00893	0.01175	0.01079	0.01529
11	0.02730	0.06761	0.07103	0.07839	0.03140	0.02003	0.01820	0.09304	0.02949	0.12489	0.15054	0.07641	0.04177	0.01520	0.01082	0.00314	0.00960	0.01273	0.00927	0.10914
12	0.16505	0.02948	0.16931	0.09526	0.03773	0.02120	0.02342	0.03909	0.02473	0.21423	0.02664	0.02752	0.01813	0.01131	0.00978	0.00332	0.01157	0.00873	0.00820	0.05529
13	0.16055	0.02518	0.06758	0.02201	0.03119	0.02238	0.05808	0.12910	0.03005	0.19386	0.02691	0.02712	0.01876	0.01123	0.00976	0.00307	0.01068	0.00894	0.00917	0.13436
14	0.08558	0.10572	0.02653	0.01840	0.02388	0.05678	0.01525	0.07094	0.02729	0.13121	0.10278	0.04355	0.09435	0.01589	0.01301	0.00332	0.07624	0.01185	0.06415	0.01330
15	0.13922	0.01898	0.02441	0.01953	0.02653	0.01792	0.05551	0.06954	0.02728	0.17905	0.08546	0.10859	0.03480	0.01518	0.01050	0.00322	0.00909	0.01292	0.00969	0.13259
16	0.13873	0.10256	0.09420	0.10640	0.03562	0.02495	0.02070	0.07673	0.06077	0.13160	0.07906	0.03238	0.02692	0.01259	0.00988	0.00331	0.01084	0.00983	0.00831	0.01464
17	0.11168	0.09491	0.02900	0.15971	0.03806	0.02607	0.01928	0.07564	0.15472	0.03885	0.02877	0.07757	0.02428	0.01354	0.00997	0.00334	0.01047	0.01097	0.00775	0.06541

[dist]
# distance from previous block
# <min> <max>
27	114

[block]
# block no. 3 follows, 12 sequences, length 50
# corresponding to MSA columns:
# 307-356
name=unknown_D
#
# <colnr> <probs for GDERKNQSTAVLIFYWHMCP>
#	G	D	E	R	K	N	Q	S	T	A	V	L	I	F	Y	W	H	M	C	P
0	0.19594	0.02705	0.13110	0.02236	0.03094	0.02124	0.07391	0.03543	0.07192	0.09499	0.02814	0.07310	0.02282	0.01284	0.00975	0.00335	0.01072	0.01064	0.06361	0.06014
1	0.27085	0.02497	0.02666	0.02142	0.02850	0.06029	0.06289	0.15980	0.02977	0.10536	0.02401	0.02909	0.01885	0.07594	0.01430	0.00411	0.01138	0.00931	0.00839	0.01411
2	0.25362	0.02007	0.02387	0.02499	0.10795	0.02104	0.01665	0.08416	0.02472	0.14422	0.02352	0.02705	0.01786	0.01655	0.01580	0.13808	0.00992	0.00866	0.00792	0.01336
3	0.12292	0.03217	0.09269	0.07480	0.08766	0.13297	0.07522	0.03819	0.02535	0.13173	0.02273	0.02589	0.01678	0.01167	0.01235	0.00343	0.06284	0.00903	0.00697	0.01460
4	0.08977	0.02451	0.08410	0.08918	0.08472	0.02154	0.02159	0.10777	0.03048	0.21979	0.08724	0.03551	0.02930	0.01315	0.01073	0.00339	0.01081	0.01079	0.00968	0.01595
5	0.17631	0.08784	0.02686	0.09624	0.03215	0.02444	0.01727	0.04157	0.15444	0.14719	0.03203	0.06754	0.02506	0.01361	0.00981	0.00344	0.00972	0.01075	0.00901	0.01472
6	0.13948	0.01913	0.02444	0.02009	0.02582	0.02018	0.06915	0.03468	0.08922	0.10509	0.03665	0.03832	0.07236	0.01407	0.01249	0.00336	0.07147	0.01107	0.13634	0.05662
7	0.01530	0.01117	0.01380	0.01408	0.01663	0.00995	0.01006	0.01864	0.02406	0.03365	0.17519	0.31918	0.12310	0.02612	0.01243	0.00366	0.00604	0.02315	0.06256	0.08126
8	0.01922	0.01306	0.01683	0.01557	0.01832	0.01269	0.01138	0.02237	0.02342	0.07595	0.18716	0.16414	0.05855	0.14180	0.05845	0.00581	0.04639	0.01780	0.00927	0.08182
9	0.03083	0.39713	0.11044	0.02006	0.03011	0.03379	0.02033	0.03570	0.02377	0.11371	0.02062	0.02185	0.01629	0.01001	0.00816	0.00257	0.01147	0.00700	0.00626	0.07990
10	0.01960	0.01453	0.02083	0.01950	0.01979	0.01787	0.01481	0.01892	0.01612	0.02305	0.02294	0.09259	0.02400	0.03615	0.09710	0.30895	0.20763	0.01204	0.00545	0.00814
11	0.02084	0.01717	0.02146	0.02043	0.07992	0.01449	0.01312	0.02425	0.02060	0.03073	0.02452	0.03941	0.02413	0.21187	0.02424	0.00479	0.00946	0.00997	0.00639	0.38223
12	0.02926	0.13836	0.18864	0.02236	0.03340	0.06038	0.02309	0.03594	0.02468	0.12217	0.02258	0.02412	0.01680	0.01011	0.00917	0.00267	0.01206	0.00763	0.00675	0.20985
13	0.02471	0.02832	0.11006	0.02101	0.02955	0.08011	0.01917	0.07041	0.02617	0.03617	0.02775	0.09027	0.02613	0.01411	0.01020	0.00283	0.01106	0.05944	0.00718	0.30535
14	0.02351	0.02018	0.02302	0.01735	0.02634	0.01704	0.01378	0.03351	0.12323	0.03753	0.02435	0.02620	0.01955	0.00941	0.00867	0.00203	0.00819	0.00763	0.00738	0.55112
15	0.16775	0.13699	0.03168	0.02046	0.02849	0.03004	0.01735	0.19090	0.10672	0.12669	0.02714	0.02665	0.01980	0.01211	0.00938	0.00319	0.01032	0.00883	0.00933	0.01616
16	0.02728	0.02531	0.04240	0.23147	0.18937	0.02717	0.12956	0.12171	0.02895	0.03906	0.02152	0.02805	0.01643	0.01064	0.01129	0.00347	0.01444	0.01039	0.00627	0.01523
17	0.01399	0.00993	0.01314	0.01545	0.01624	0.00942	0.01066	0.01607	0.02092	0.02780	0.05762	0.50873	0.06827	0.08381	0.01762	0.00502	0.00711	0.07962	0.00981	0.00880
18	0.03655	0.13966	0.03339	0.02214	0.02962	0.09037	0.01835	0.21581	0.07024	0.12940	0.03034	0.08316	0.02476	0.01440	0.01037	0.00320	0.01157	0.01117	0.00950	0.01600
19	0.01961	0.01331	0.01661	0.01558	0.01916	0.01281	0.01215	0.02732	0.08583	0.08545	0.35018	0.07975	0.12704	0.02204	0.01274	0.00365	0.00645	0.06703	0.01164	0.01165
20	0.01324	0.00966	0.01247	0.01472	0.01569	0.00890	0.00991	0.01523	0.02132	0.02802	0.06577	0.55282	0.12532	0.03342	0.01380	0.00434	0.00624	0.03010	0.01012	0.00890
21	0.02172	0.01217	0.01554	0.01401	0.01753	0.01120	0.01075	0.02670	0.02952	0.12627	0.37293	0.06710	0.07743	0.01918	0.01163	0.00326	0.00580	0.01662	0.12901	0.01161
22	0.07810	0.01924	0.02191	0.01856	0.02466	0.01986	0.01473	0.12003	0.12455	0.20259	0.03933	0.09976	0.03099	0.01565	0.01049	0.00340	0.00854	0.01282	0.11938	0.01541
23	0.20478	0.02062	0.02292	0.01831	0.02581	0.02089	0.01505	0.13136	0.03102	0.28897	0.03223	0.03059	0.02173	0.01251	0.00958	0.00327	0.00917	0.00942	0.07570	0.01607
24	0.03118	0.41010	0.04817	0.08495	0.03473	0.08506	0.02051	0.11081	0.02759	0.03297	0.01757	0.02039	0.01480	0.01028	0.00831	0.00267	0.01273	0.00701	0.00578	0.01440
25	0.07664	0.02624	0.14026	0.02082	0.02962	0.01855	0.02018	0.07062	0.02983	0.27071	0.13966	0.04136	0.03847	0.01441	0.01096	0.00340	0.01003	0.01176	0.01064	0.01586
26	0.11712	0.09411	0.03318	0.10324	0.08615	0.07513	0.02120	0.17235	0.03240	0.12809	0.02404	0.02584	0.01752	0.01158	0.00986	0.00320	0.01218	0.00881	0.00830	0.01570
27	0.62508	0.02082	0.01701	0.01488	0.02181	0.02356	0.01226	0.03430	0.01990	0.10301	0.01815	0.01978	0.01343	0.01048	0.00720	0.00337	0.00852	0.00644	0.00747	0.01253
28	0.11122	0.11363	0.07144	0.01952	0.02648	0.08422	0.01719	0.03730	0.08361	0.12705	0.15568	0.04018	0.04033	0.01429	0.01017	0.00321	0.01016	0.01124	0.00909	0.01397
29	0.01461	0.01080	0.01365	0.01359	0.01595	0.00984	0.00994	0.01875	0.02797	0.03838	0.38078	0.18878	0.16572	0.02545	0.01307	0.00366	0.00544	0.02245	0.01134	0.00984
30	0.03531	0.01951	0.02496	0.08023	0.03136	0.01965	0.01718	0.12938	0.06721	0.25597	0.15292	0.04468	0.04203	0.01526	0.01139	0.00342	0.00935	0.01273	0.01158	0.01587
31	0.01631	0.01116	0.01494	0.01718	0.01900	0.01093	0.01373	0.02020	0.02330	0.03178	0.05611	0.29170	0.06227	0.02964	0.01381	0.00453	0.00813	0.26065	0.08503	0.00962
32	0.02806	0.08699	0.02563	0.01853	0.02316	0.02319	0.01474	0.17004	0.02975	0.07172	0.03149	0.09815	0.02912	0.12172	0.02025	0.00459	0.06011	0.01279	0.11700	0.01297
33	0.11406	0.01879	0.02295	0.01864	0.02586	0.01812	0.01511	0.04788	0.11044	0.35881	0.09645	0.04051	0.03486	0.01432	0.01073	0.00343	0.00861	0.01160	0.01218	0.01666
34	0.02215	0.01591	0.01847	0.01645	0.01834	0.01800	0.01191	0.09983	0.02305	0.03335	0.02997	0.05049	0.02988	0.30771	0.03606	0.00693	0.10585	0.01277	0.13280	0.01008
35	0.58708	0.02074	0.01811	0.06000	0.02589	0.02374	0.01361	0.03348	0.01987	0.08967	0.01784	0.02023	0.01329	0.01046	0.00743	0.00339	0.00898	0.00662	0.00716	0.01240
36	0.02389	0.02377	0.12193	0.02159	0.02751	0.01864	0.02027	0.07902	0.02705	0.09479	0.07784	0.14952	0.07753	0.02162	0.01480	0.00404	0.06696	0.10709	0.00914	0.01299
37	0.01553	0.01057	0.01247	0.01255	0.01310	0.01035	0.00764	0.01668	0.01916	0.02603	0.13225	0.12544	0.05465	0.44881	0.04347	0.00864	0.00914	0.01805	0.00796	0.00752
38	0.02184	0.01795	0.02317	0.13126	0.03406	0.01714	0.01688	0.07622	0.02528	0.03566	0.03154	0.16025	0.03141	0.01633	0.01067	0.00303	0.00952	0.04279	0.00765	0.28736
39	0.01558	0.01188	0.01450	0.01487	0.01726	0.01149	0.01074	0.02206	0.08238	0.03594	0.24409	0.28131	0.14328	0.02669	0.01307	0.00387	0.00604	0.02363	0.01093	0.01038
40	0.33586	0.01880	0.01962	0.01628	0.02300	0.01921	0.01307	0.03945	0.02378	0.26753	0.02950	0.03222	0.02157	0.07975	0.01407	0.00418	0.00904	0.00923	0.00968	0.01417
41	0.02703	0.01664	0.02090	0.07296	0.02707	0.01741	0.01500	0.06795	0.12565	0.13594	0.11052	0.09189	0.04055	0.01918	0.01471	0.07978	0.00857	0.01377	0.08128	0.01319
42	0.02463	0.01406	0.02199	0.01934	0.02307	0.01294	0.06750	0.02686	0.02344	0.15632	0.08387	0.24701	0.04694	0.02609	0.01870	0.13876	0.00892	0.01889	0.00951	0.01117
43	0.02651	0.11979	0.03781	0.22666	0.10489	0.02509	0.06155	0.03245	0.02366	0.08670	0.02154	0.02661	0.01654	0.01012	0.00988	0.00297	0.01242	0.00884	0.00615	0.13980
44	0.02237	0.06644	0.02109	0.01621	0.02078	0.01542	0.01261	0.05651	0.02778	0.09627	0.21378	0.20208	0.06231	0.02103	0.01171	0.00336	0.00729	0.01830	0.01028	0.09438
45	0.07511	0.01832	0.02395	0.12444	0.03415	0.01694	0.01659	0.03338	0.02365	0.17172	0.02533	0.02836	0.01870	0.01308	0.01263	0.06862	0.00977	0.00852	0.00788	0.26888
46	0.19718	0.09974	0.03372	0.02314	0.03079	0.02647	0.10420	0.09104	0.08277	0.10922	0.02623	0.03048	0.02049	0.06332	0.01358	0.00394	0.01136	0.00983	0.00809	0.01442
47	0.10483	0.02100	0.02145	0.05570	0.02707	0.08013	0.01536	0.06612	0.08024	0.14749	0.03839	0.18069	0.03491	0.01810	0.01090	0.00357	0.00974	0.01507	0.05573	0.01348
48	0.11711	0.08687	0.02687	0.02256	0.06954	0.08361	0.01636	0.08657	0.02719	0.10268	0.03005	0.12057	0.02704	0.01488	0.00980	0.00315	0.01024	0.01193	0.07313	0.05984
49	0.17874	0.02345	0.08269	0.08322	0.03264	0.02007	0.01848	0.03608	0.06674	0.13827	0.02788	0.06591	0.02203	0.01248	0.00956	0.00315	0.00995	0.00989	0.00813	0.15062

[dist]
# distance from previous block
# <min> <max>
15	105

[block]
# block no. 4 follows, 12 sequences, length 36
# corresponding to MSA columns:
# 465-500
name=unknown_E
#
# <colnr> <probs for GDERKNQSTAVLIFYWHMCP>
#	G	D	E	R	K	N	Q	S	T	A	V	L	I	F	Y	W	H	M	C	P
0	0.03425	0.02513	0.08486	0.02517	0.03374	0.02133	0.10347	0.13213	0.03332	0.21883	0.13073	0.04082	0.03693	0.01406	0.01159	0.00342	0.01127	0.01248	0.01043	0.01604
1	0.02545	0.02218	0.08257	0.24038	0.09509	0.01989	0.02432	0.03211	0.02552	0.12398	0.11723	0.03854	0.03279	0.01301	0.01099	0.00335	0.01149	0.01131	0.00776	0.06202
2	0.02645	0.04394	0.32876	0.03071	0.04291	0.07816	0.10200	0.03604	0.02519	0.08326	0.02580	0.03519	0.02050	0.01260	0.01121	0.00357	0.01553	0.05677	0.00624	0.01517
3	0.01719	0.01342	0.01607	0.01654	0.01952	0.01352	0.01271	0.02618	0.12465	0.03555	0.15582	0.21529	0.14997	0.02618	0.01321	0.00408	0.00715	0.11120	0.01065	0.01108
4	0.01760	0.01335	0.01861	0.07572	0.02417	0.01561	0.01468	0.02131	0.01981	0.02941	0.03571	0.19279	0.03644	0.03883	0.17380	0.00773	0.09937	0.01613	0.13879	0.01014
5	0.02226	0.14748	0.17247	0.10593	0.03774	0.02659	0.02484	0.03119	0.07480	0.03089	0.02835	0.13480	0.02699	0.01604	0.01306	0.00360	0.07038	0.01276	0.00638	0.01345
6	0.01921	0.01251	0.01559	0.01592	0.01851	0.01210	0.01163	0.02474	0.07397	0.08664	0.10640	0.29985	0.10587	0.08336	0.01718	0.00471	0.00741	0.06320	0.01042	0.01078
7	0.04538	0.02423	0.02882	0.02209	0.03067	0.02445	0.01825	0.27076	0.04071	0.32529	0.03504	0.03193	0.02299	0.01330	0.01094	0.00333	0.01057	0.01042	0.01227	0.01855
8	0.02475	0.01808	0.02168	0.07725	0.02855	0.01933	0.01586	0.12513	0.12344	0.07836	0.05008	0.23612	0.09224	0.02182	0.01217	0.00383	0.00885	0.01887	0.01017	0.01342
9	0.02154	0.02049	0.06390	0.02310	0.02513	0.02235	0.01935	0.02464	0.01977	0.06553	0.03393	0.24445	0.03686	0.02369	0.02392	0.00444	0.29035	0.01758	0.00739	0.01156
10	0.28138	0.01779	0.01881	0.01566	0.02228	0.01796	0.01277	0.03974	0.02485	0.26460	0.03123	0.03066	0.02158	0.01209	0.00873	0.00321	0.00812	0.00893	0.14526	0.01437
11	0.22039	0.02316	0.02483	0.01993	0.02775	0.02454	0.01634	0.17897	0.08445	0.22653	0.03076	0.02907	0.02108	0.01259	0.00981	0.00338	0.00976	0.00940	0.01067	0.01658
12	0.02141	0.02155	0.03583	0.02916	0.03260	0.02512	0.15019	0.02558	0.02068	0.02918	0.03414	0.13487	0.07916	0.01991	0.02351	0.00431	0.27899	0.01552	0.00644	0.01186
13	0.01896	0.01387	0.01623	0.01537	0.01864	0.01389	0.01153	0.07333	0.07701	0.04152	0.25481	0.17559	0.12103	0.02267	0.01223	0.00358	0.00645	0.01971	0.07217	0.01139
14	0.12932	0.02052	0.02629	0.02779	0.12873	0.02078	0.01832	0.08397	0.07415	0.18784	0.12999	0.04015	0.03732	0.01404	0.01069	0.00338	0.00928	0.01169	0.01016	0.01560
15	0.14643	0.02736	0.08699	0.03022	0.08260	0.02496	0.11730	0.07613	0.12138	0.13504	0.02871	0.02979	0.02067	0.01162	0.01056	0.00348	0.01202	0.01023	0.00849	0.01602
16	0.01933	0.01540	0.02196	0.12117	0.08304	0.01619	0.01772	0.06957	0.02582	0.03469	0.09368	0.29610	0.05350	0.02401	0.01277	0.00401	0.00919	0.06138	0.00898	0.01149
17	0.02424	0.01241	0.01678	0.01678	0.01988	0.01126	0.01241	0.02705	0.02426	0.18620	0.05482	0.40453	0.05797	0.02770	0.01311	0.00415	0.00747	0.05601	0.01112	0.01184
18	0.03130	0.10194	0.27406	0.02904	0.06570	0.07800	0.02959	0.13146	0.03019	0.09455	0.02270	0.02447	0.01635	0.01117	0.01017	0.00323	0.01430	0.00848	0.00692	0.01638
19	0.26039	0.02980	0.17476	0.07701	0.03488	0.02202	0.02249	0.03572	0.02352	0.14293	0.05919	0.02864	0.02201	0.01178	0.00945	0.00343	0.01117	0.00886	0.00765	0.01430
20	0.03468	0.01582	0.01946	0.01631	0.02193	0.01489	0.01295	0.08170	0.02910	0.27922	0.04071	0.09748	0.03129	0.01536	0.01012	0.00319	0.00778	0.01269	0.24068	0.01466
21	0.02500	0.02489	0.08927	0.07059	0.08293	0.02178	0.13115	0.08100	0.06228	0.06429	0.03810	0.09305	0.07656	0.01501	0.01148	0.00352	0.01196	0.01389	0.06913	0.01414
22	0.03540	0.08247	0.03248	0.08195	0.03505	0.02282	0.06684	0.08699	0.07423	0.25062	0.04077	0.03947	0.07418	0.01384	0.01094	0.00337	0.01081	0.01170	0.01009	0.01599
23	0.09971	0.02774	0.12904	0.02126	0.03010	0.02181	0.02025	0.15140	0.03256	0.18823	0.08696	0.04017	0.07428	0.01457	0.01077	0.00340	0.01045	0.01155	0.01000	0.01575
24	0.01473	0.01068	0.01371	0.01446	0.01629	0.00996	0.01050	0.01818	0.02530	0.03435	0.25642	0.26312	0.12438	0.07137	0.01658	0.00447	0.00646	0.06901	0.01061	0.00942
25	0.07986	0.12852	0.03379	0.07771	0.03314	0.02442	0.05424	0.03805	0.02580	0.22766	0.07909	0.03389	0.02783	0.01340	0.01289	0.00339	0.07215	0.01042	0.00892	0.01482
26	0.03844	0.02340	0.07882	0.07213	0.03411	0.01998	0.02041	0.09473	0.06582	0.32117	0.03833	0.04228	0.02754	0.01458	0.01129	0.00357	0.01073	0.05473	0.01108	0.01684
27	0.04253	0.01681	0.02251	0.01803	0.02510	0.01473	0.01458	0.04661	0.02935	0.45188	0.04386	0.09197	0.03138	0.01538	0.01089	0.00339	0.00856	0.01279	0.08291	0.01675
28	0.03739	0.02103	0.02770	0.02147	0.02881	0.02085	0.06579	0.17561	0.03433	0.23714	0.03423	0.03407	0.02374	0.01274	0.01032	0.00317	0.00996	0.01063	0.17489	0.01610
29	0.03165	0.02346	0.03558	0.13990	0.26736	0.02441	0.02674	0.08127	0.07414	0.14429	0.02759	0.03059	0.02036	0.01146	0.01089	0.00338	0.01200	0.01021	0.00796	0.01675
30	0.03237	0.03111	0.16290	0.08642	0.13551	0.02391	0.02727	0.08880	0.08139	0.17663	0.02919	0.03024	0.02053	0.01186	0.01078	0.00342	0.01237	0.00992	0.00844	0.01696
31	0.01831	0.00988	0.01483	0.01483	0.01519	0.01025	0.01025	0.01519	0.01483	0.02013	0.02087	0.03496	0.02050	0.04611	0.14222	0.55797	0.01317	0.00988	0.00494	0.00567
32	0.07710	0.02935	0.09150	0.13573	0.14757	0.02796	0.11225	0.16698	0.03124	0.04426	0.02170	0.02649	0.01629	0.01087	0.01088	0.00343	0.01391	0.00986	0.00688	0.01577
33	0.17336	0.02385	0.03238	0.03140	0.13290	0.02420	0.06820	0.12979	0.03060	0.20622	0.02763	0.02831	0.01934	0.01156	0.01024	0.00336	0.01124	0.00965	0.00924	0.01653
34	0.26379	0.01940	0.02221	0.01771	0.02559	0.01884	0.01462	0.04611	0.02699	0.38728	0.03374	0.03065	0.02193	0.01237	0.00956	0.00337	0.00900	0.00928	0.01125	0.01631
35	0.02234	0.01661	0.02790	0.11149	0.03510	0.01704	0.10132	0.02736	0.02277	0.09344	0.03657	0.10836	0.03506	0.08531	0.12191	0.00717	0.01537	0.09538	0.00778	0.01172

[dist]
# distance from previous block
# <min> <max>
6	18

[block]
# block no. 5 follows, 12 sequences, length 9
# corresponding to MSA columns:
# 519-527
name=unknown_F
#
# <colnr> <probs for GDERKNQSTAVLIFYWHMCP>
#	G	D	E	R	K	N	Q	S	T	A	V	L	I	F	Y	W	H	M	C	P
0	0.02928	0.10983	0.09079	0.12522	0.10183	0.02679	0.18896	0.03650	0.02525	0.12432	0.02400	0.02828	0.01756	0.01039	0.01098	0.00337	0.01448	0.01032	0.00661	0.01526
1	0.01435	0.00994	0.01234	0.01382	0.01419	0.00957	0.00866	0.01546	0.01879	0.02506	0.04942	0.38631	0.05864	0.27592	0.03117	0.00698	0.00809	0.02471	0.00866	0.00792
2	0.03074	0.02511	0.03717	0.24303	0.13644	0.08109	0.09284	0.03700	0.02588	0.14661	0.02489	0.02955	0.01796	0.01108	0.01106	0.00343	0.01419	0.01013	0.00702	0.01480
3	0.08211	0.04095	0.28325	0.10801	0.04771	0.06831	0.10295	0.03566	0.02416	0.07580	0.02120	0.02522	0.01522	0.01056	0.01051	0.00345	0.01533	0.00897	0.00574	0.01491
4	0.01834	0.01373	0.02059	0.11777	0.02878	0.01401	0.05184	0.02130	0.02054	0.05535	0.04325	0.22438	0.07037	0.21966	0.02686	0.00617	0.01024	0.01927	0.00785	0.00970
5	0.01683	0.01307	0.01575	0.01658	0.01922	0.01318	0.01245	0.02530	0.12142	0.03406	0.11848	0.29254	0.13184	0.02752	0.01329	0.00416	0.00712	0.09578	0.01051	0.01088
6	0.10252	0.08045	0.13123	0.05847	0.03510	0.02440	0.07276	0.10789	0.02940	0.07508	0.13752	0.03732	0.03526	0.01343	0.01063	0.00334	0.01148	0.01127	0.00816	0.01429
7	0.08351	0.16149	0.09438	0.02267	0.03148	0.03225	0.02079	0.18367	0.17679	0.04712	0.02738	0.02742	0.02072	0.01221	0.00971	0.00322	0.01114	0.00915	0.00854	0.01637
8	0.09560	0.02230	0.09634	0.02205	0.02564	0.02172	0.01962	0.02426	0.01879	0.03004	0.02760	0.14084	0.02827	0.03500	0.15537	0.00746	0.19787	0.01359	0.00627	0.01137

[dist]
# distance from previous block
# <min> <max>
2	56

[block]
# block no. 6 follows, 12 sequences, length 67
# corresponding to MSA columns:
# 591-657
name=unknown_G
#
# <colnr> <probs for GDERKNQSTAVLIFYWHMCP>
#	G	D	E	R	K	N	Q	S	T	A	V	L	I	F	Y	W	H	M	C	P
0	0.02364	0.08073	0.07201	0.13238	0.03615	0.02229	0.01962	0.06211	0.08746	0.03615	0.02554	0.03003	0.02023	0.01692	0.05669	0.00407	0.01207	0.00906	0.09633	0.15652
1	0.18266	0.14420	0.14269	0.01899	0.02725	0.02393	0.01911	0.02918	0.02108	0.03546	0.02340	0.07601	0.02109	0.01821	0.05600	0.00424	0.01198	0.00949	0.06248	0.07256
2	0.02551	0.17995	0.16861	0.02192	0.03100	0.02764	0.02222	0.11459	0.07280	0.03790	0.03793	0.09192	0.09304	0.01560	0.01036	0.00329	0.01125	0.01242	0.00757	0.01448
3	0.01622	0.01249	0.01503	0.01387	0.01742	0.01079	0.01002	0.01963	0.02426	0.03373	0.20453	0.17328	0.13639	0.10185	0.01775	0.00423	0.00678	0.01905	0.00945	0.15323
4	0.02629	0.03091	0.21710	0.07491	0.09236	0.01956	0.02602	0.03407	0.02499	0.13349	0.06094	0.06936	0.02776	0.01347	0.01058	0.00337	0.01158	0.01136	0.09715	0.01476
5	0.15133	0.17437	0.18544	0.02833	0.10217	0.02911	0.02538	0.06711	0.02492	0.08838	0.02058	0.02286	0.01555	0.01047	0.00906	0.00313	0.01229	0.00776	0.00640	0.01538
6	0.02271	0.11307	0.20504	0.13876	0.04735	0.02716	0.11647	0.03060	0.02241	0.03079	0.02253	0.07693	0.01971	0.01301	0.01306	0.00358	0.06659	0.01112	0.00533	0.01378
7	0.01828	0.01080	0.01428	0.01545	0.01707	0.00997	0.01060	0.02032	0.02181	0.09791	0.05551	0.48507	0.06318	0.08341	0.01723	0.00484	0.00710	0.02697	0.01026	0.00995
8	0.02121	0.01525	0.02088	0.01976	0.02288	0.01580	0.04447	0.02916	0.11515	0.08934	0.04990	0.36712	0.05271	0.02577	0.01447	0.00415	0.04713	0.02281	0.01002	0.01203
9	0.07517	0.01920	0.02476	0.02012	0.02627	0.01951	0.06807	0.14006	0.03086	0.13545	0.03379	0.04096	0.02628	0.01383	0.01007	0.00324	0.00945	0.04929	0.23953	0.01408
10	0.01768	0.01104	0.01481	0.01587	0.01784	0.01057	0.01170	0.02088	0.02318	0.07518	0.10703	0.35895	0.06384	0.03355	0.06314	0.00535	0.00886	0.07918	0.05124	0.01013
11	0.01359	0.00978	0.01330	0.01550	0.01630	0.00949	0.01059	0.01576	0.02043	0.02750	0.05597	0.53389	0.06612	0.04053	0.08876	0.00618	0.00939	0.02841	0.00955	0.00897
12	0.03859	0.02369	0.09590	0.02146	0.02993	0.01856	0.01962	0.04803	0.10437	0.35232	0.04170	0.04517	0.03009	0.01509	0.01135	0.00361	0.01018	0.06167	0.01157	0.01710
13	0.03083	0.02286	0.02460	0.02117	0.02760	0.02556	0.01673	0.13724	0.34421	0.09226	0.03996	0.03772	0.02947	0.01414	0.01067	0.00347	0.00891	0.01152	0.08426	0.01683
14	0.62021	0.02496	0.07566	0.01617	0.02395	0.02455	0.01493	0.03232	0.01905	0.04734	0.01566	0.01829	0.01203	0.01015	0.00714	0.00338	0.00928	0.00614	0.00651	0.01228
15	0.02777	0.01939	0.02460	0.07169	0.03007	0.02182	0.01819	0.03932	0.16706	0.14621	0.04649	0.05242	0.09801	0.01816	0.01620	0.00395	0.11679	0.05788	0.00966	0.01432
16	0.01826	0.01160	0.01447	0.01368	0.01632	0.01064	0.00985	0.02173	0.02635	0.08610	0.29738	0.12274	0.13969	0.13819	0.02102	0.00492	0.00675	0.01951	0.01069	0.01012
17	0.11962	0.27741	0.03988	0.02104	0.02927	0.08406	0.01845	0.17036	0.07328	0.04253	0.02086	0.02210	0.01661	0.01112	0.00866	0.00289	0.01180	0.00761	0.00731	0.01514
18	0.11140	0.08063	0.13040	0.09604	0.03626	0.02185	0.02110	0.03152	0.02254	0.06718	0.01995	0.02335	0.01539	0.00961	0.00880	0.00264	0.01094	0.00735	0.00619	0.27686
19	0.25065	0.01952	0.02184	0.01718	0.02531	0.01845	0.01411	0.04168	0.02558	0.29841	0.02977	0.02824	0.02014	0.01142	0.00908	0.00305	0.00879	0.00852	0.01005	0.13821
20	0.01464	0.01047	0.01416	0.01638	0.01769	0.00998	0.01215	0.01767	0.02291	0.03055	0.10246	0.43081	0.07232	0.03201	0.01413	0.00450	0.00723	0.15038	0.01027	0.00930
21	0.02360	0.04251	0.31206	0.03674	0.04927	0.02700	0.22481	0.03388	0.02348	0.03388	0.02004	0.02564	0.01495	0.01075	0.01383	0.00367	0.07365	0.01011	0.00498	0.01515
22	0.03091	0.10814	0.08902	0.02942	0.03692	0.03004	0.12914	0.09432	0.02653	0.11706	0.02256	0.02651	0.01722	0.01322	0.01768	0.00368	0.17566	0.00990	0.00703	0.01504
23	0.01582	0.01071	0.01262	0.01262	0.01287	0.01097	0.00752	0.01632	0.01607	0.02168	0.03369	0.06766	0.03804	0.54746	0.12265	0.01147	0.01299	0.01532	0.00651	0.00701
24	0.01433	0.01004	0.01223	0.01355	0.01411	0.00959	0.00854	0.01549	0.01904	0.02515	0.05255	0.35364	0.08837	0.27642	0.03117	0.00694	0.00804	0.02419	0.00866	0.00794
25	0.11637	0.02057	0.02219	0.02048	0.02622	0.02296	0.01648	0.04721	0.31896	0.08902	0.04294	0.05322	0.03555	0.01702	0.01127	0.00388	0.00893	0.10096	0.01052	0.01525
26	0.09723	0.02316	0.02553	0.02155	0.02696	0.05641	0.01736	0.09933	0.12616	0.15314	0.09868	0.03709	0.03280	0.01541	0.01518	0.00365	0.11424	0.01128	0.00983	0.01501
27	0.02560	0.03085	0.12078	0.09949	0.03740	0.08472	0.02277	0.04461	0.27402	0.03783	0.03915	0.03908	0.06819	0.01417	0.01095	0.00355	0.01170	0.01153	0.00842	0.01518
28	0.01560	0.01028	0.01252	0.01377	0.01460	0.01003	0.00921	0.01752	0.01969	0.02753	0.04701	0.28597	0.05322	0.24754	0.02865	0.00652	0.00810	0.06592	0.09803	0.00831
29	0.23434	0.02458	0.03546	0.03862	0.20150	0.02598	0.10858	0.03777	0.11542	0.04147	0.02350	0.02704	0.01837	0.01068	0.00996	0.00344	0.01172	0.00957	0.00688	0.01511
30	0.02640	0.03983	0.29052	0.02604	0.03806	0.02439	0.02874	0.14853	0.02999	0.04287	0.02435	0.03211	0.01949	0.01227	0.01048	0.00321	0.01317	0.04743	0.00692	0.13519
31	0.19526	0.02099	0.02465	0.06983	0.03064	0.02181	0.01687	0.07933	0.02606	0.19319	0.02542	0.02669	0.01817	0.01194	0.01181	0.00320	0.06686	0.00854	0.00869	0.14007
32	0.30148	0.08077	0.09564	0.01986	0.02691	0.07067	0.01821	0.03295	0.02174	0.08414	0.02324	0.08567	0.02063	0.01386	0.01111	0.00348	0.05993	0.00979	0.00699	0.01294
33	0.01703	0.01092	0.01417	0.01474	0.01692	0.00993	0.01052	0.02014	0.02501	0.07966	0.19994	0.36010	0.12283	0.02832	0.01325	0.00398	0.00618	0.02524	0.01095	0.01016
34	0.02405	0.02291	0.03895	0.30731	0.33135	0.02513	0.03200	0.03089	0.02344	0.03206	0.01999	0.02794	0.01602	0.01026	0.01084	0.00342	0.01368	0.00970	0.00514	0.01490
35	0.02228	0.02110	0.03575	0.45270	0.19984	0.02467	0.03112	0.02933	0.02260	0.02990	0.01968	0.02852	0.01526	0.01059	0.01087	0.00353	0.01412	0.00970	0.00499	0.01347
36	0.01528	0.01155	0.01646	0.09294	0.02510	0.01175	0.01427	0.01879	0.02271	0.03018	0.09730	0.39072	0.06535	0.02921	0.01364	0.00435	0.00804	0.11314	0.00957	0.00965
37	0.08609	0.01799	0.02368	0.01853	0.02629	0.01600	0.01520	0.04864	0.03038	0.47453	0.09003	0.04022	0.03344	0.01414	0.01089	0.00338	0.00882	0.01150	0.01293	0.01733
38	0.02419	0.02306	0.03921	0.29551	0.34203	0.02517	0.03207	0.03102	0.02351	0.03223	0.02002	0.02790	0.01608	0.01023	0.01084	0.00341	0.01364	0.00970	0.00516	0.01502
39	0.03118	0.07577	0.08756	0.09840	0.03665	0.02519	0.02170	0.08646	0.18269	0.15075	0.03479	0.03835	0.02621	0.01386	0.01085	0.00352	0.01102	0.03948	0.00944	0.01611
40	0.01589	0.01095	0.01413	0.01414	0.01645	0.01030	0.01068	0.02058	0.02809	0.04018	0.37553	0.15167	0.08664	0.02359	0.01264	0.00362	0.00577	0.06462	0.08446	0.01006
41	0.02844	0.56808	0.10620	0.01987	0.02986	0.04141	0.02077	0.03283	0.02224	0.02652	0.01559	0.01803	0.01397	0.00943	0.00732	0.00244	0.01209	0.00605	0.00466	0.01420
42	0.08949	0.02151	0.02885	0.02335	0.02969	0.02284	0.06513	0.09722	0.08422	0.20134	0.07581	0.04114	0.03128	0.01541	0.01454	0.00372	0.08862	0.04040	0.01007	0.01535
43	0.04530	0.02362	0.09685	0.02096	0.03042	0.01727	0.01927	0.05065	0.03011	0.48657	0.03988	0.03523	0.02523	0.01308	0.01088	0.00338	0.01019	0.01058	0.01231	0.01823
44	0.02242	0.01369	0.01735	0.01624	0.01984	0.01320	0.01220	0.03000	0.09500	0.13133	0.26406	0.20278	0.07220	0.02275	0.01256	0.00371	0.00665	0.02005	0.01167	0.01233
45	0.03072	0.02934	0.03536	0.02838	0.03551	0.14585	0.15486	0.04365	0.16920	0.08071	0.03072	0.03253	0.02307	0.01205	0.01085	0.00332	0.01342	0.01090	0.09487	0.01470
46	0.03013	0.02956	0.09402	0.02766	0.07770	0.08332	0.05111	0.13808	0.08153	0.08956	0.10306	0.04174	0.07485	0.01467	0.01128	0.00337	0.01179	0.01225	0.00907	0.01524
47	0.02657	0.01361	0.01814	0.01561	0.02013	0.01220	0.01220	0.03140	0.03098	0.21420	0.37676	0.06670	0.07764	0.01937	0.01223	0.00341	0.00652	0.01681	0.01250	0.01304
48	0.02794	0.02343	0.03126	0.02632	0.02826	0.03062	0.02185	0.08883	0.02258	0.07696	0.01946	0.02625	0.01671	0.01749	0.02894	0.00434	0.43987	0.00973	0.04597	0.01320
49	0.03210	0.17781	0.13337	0.07190	0.03732	0.09859	0.05299	0.06566	0.02701	0.12626	0.02386	0.02595	0.01763	0.01106	0.00964	0.00304	0.01334	0.00857	0.04897	0.01493
50	0.09802	0.01771	0.02716	0.02282	0.02779	0.01784	0.10460	0.02969	0.02469	0.12808	0.10570	0.17567	0.04575	0.02007	0.01420	0.00393	0.05902	0.05543	0.00930	0.01253
51	0.01328	0.00949	0.01265	0.01518	0.01581	0.00886	0.01012	0.01518	0.02088	0.02783	0.06010	0.60969	0.07212	0.03416	0.01392	0.00443	0.00633	0.03100	0.01012	0.00886
52	0.02031	0.01623	0.02195	0.01926	0.02343	0.01616	0.06073	0.09727	0.06324	0.04090	0.20144	0.21176	0.11699	0.02293	0.01274	0.00375	0.00807	0.02049	0.01042	0.01193
53	0.03031	0.29149	0.17053	0.02871	0.10271	0.03281	0.02571	0.07573	0.02616	0.09087	0.02091	0.02297	0.01619	0.01040	0.00907	0.00292	0.01267	0.00778	0.00624	0.01582
54	0.14701	0.02308	0.03391	0.08179	0.10500	0.02570	0.10921	0.03582	0.12329	0.03869	0.06752	0.03280	0.02588	0.01308	0.01391	0.00368	0.08742	0.01092	0.00722	0.01406
55	0.01446	0.01073	0.01349	0.01359	0.01590	0.00975	0.00989	0.01841	0.02740	0.03738	0.35040	0.21198	0.17424	0.02608	0.01312	0.00371	0.00549	0.02300	0.01122	0.00975
56	0.02996	0.01883	0.02978	0.02414	0.03027	0.01779	0.11976	0.08552	0.02841	0.19593	0.04301	0.24612	0.04053	0.02018	0.01246	0.00382	0.01043	0.01866	0.01026	0.01414
57	0.02242	0.01860	0.02156	0.01565	0.02473	0.01417	0.01247	0.02728	0.02263	0.03596	0.02074	0.02413	0.01714	0.00846	0.00804	0.00169	0.00782	0.00677	0.06289	0.62683
58	0.03572	0.02082	0.02920	0.02331	0.03042	0.02036	0.07977	0.12728	0.07659	0.25233	0.04067	0.14525	0.03340	0.01698	0.01178	0.00363	0.01032	0.01500	0.01112	0.01606
59	0.01995	0.01153	0.01514	0.01589	0.01841	0.01048	0.01160	0.02262	0.02351	0.12265	0.06237	0.41144	0.11502	0.02942	0.01337	0.00421	0.00708	0.06386	0.01072	0.01072
60	0.02722	0.15178	0.20364	0.03028	0.04085	0.03128	0.13051	0.09873	0.05646	0.03731	0.02108	0.02486	0.01626	0.01139	0.01284	0.00340	0.07138	0.00928	0.00605	0.01539
61	0.09997	0.06870	0.02788	0.02064	0.02655	0.01967	0.07772	0.07316	0.02817	0.12983	0.15217	0.14652	0.04795	0.01800	0.01139	0.00352	0.00931	0.01582	0.00979	0.01324
62	0.02597	0.01330	0.01681	0.01480	0.01934	0.01181	0.01149	0.03013	0.02843	0.20393	0.22174	0.10330	0.15527	0.02044	0.01186	0.00345	0.00662	0.01745	0.07124	0.01262
63	0.03332	0.01614	0.02099	0.01829	0.02371	0.01519	0.01467	0.03980	0.07650	0.28787	0.08947	0.06261	0.04299	0.09830	0.01789	0.00469	0.00917	0.10241	0.01154	0.01445
64	0.01811	0.01275	0.01502	0.01516	0.01661	0.01290	0.01010	0.08195	0.02288	0.03055	0.04500	0.31076	0.05163	0.27043	0.03058	0.00679	0.00883	0.02195	0.00878	0.00923
65	0.01989	0.01900	0.03340	0.32291	0.05493	0.02086	0.11723	0.02670	0.02452	0.03229	0.12472	0.04613	0.08278	0.01429	0.01183	0.00361	0.01268	0.01344	0.00680	0.01200
66	0.01602	0.01321	0.04772	0.01597	0.01842	0.01043	0.01221	0.01901	0.02259	0.06057	0.09072	0.46168	0.10974	0.03014	0.01336	0.00418	0.00697	0.02697	0.01009	0.01000

[dist]
# distance from previous block
# <min> <max>
0	75

[block]
# block no. 7 follows, 12 sequences, length 53
# corresponding to MSA columns:
# 733-785
name=unknown_H
#
# <colnr> <probs for GDERKNQSTAVLIFYWHMCP>
#	G	D	E	R	K	N	Q	S	T	A	V	L	I	F	Y	W	H	M	C	P
0	0.02709	0.07853	0.18817	0.09585	0.03978	0.02762	0.02649	0.16741	0.03067	0.04231	0.06274	0.03022	0.02322	0.01731	0.04864	0.00434	0.05765	0.00986	0.00712	0.01496
1	0.03443	0.02057	0.03196	0.08376	0.08427	0.02003	0.08734	0.04310	0.08766	0.26370	0.09279	0.03977	0.03278	0.01344	0.01144	0.00347	0.01087	0.01215	0.01031	0.01617
2	0.02149	0.01235	0.01637	0.01496	0.01841	0.01120	0.01135	0.02608	0.02975	0.13847	0.39177	0.13546	0.08494	0.02203	0.01263	0.00354	0.00606	0.01940	0.01206	0.01168
3	0.08469	0.24270	0.08744	0.01885	0.02757	0.02683	0.01811	0.03904	0.02518	0.21339	0.02755	0.02747	0.01989	0.01132	0.00875	0.00291	0.01028	0.00832	0.08453	0.01518
4	0.07520	0.08061	0.12803	0.02491	0.08812	0.01974	0.02047	0.03047	0.02518	0.11005	0.13487	0.13971	0.04418	0.01721	0.01104	0.00347	0.00983	0.01469	0.00860	0.01362
5	0.03455	0.01575	0.02085	0.01777	0.02345	0.01429	0.01393	0.04014	0.06097	0.32862	0.12751	0.16591	0.04922	0.01938	0.01191	0.00363	0.00794	0.01671	0.01238	0.01508
6	0.02159	0.03161	0.25621	0.02207	0.03098	0.01734	0.02424	0.02922	0.02381	0.08198	0.04244	0.13404	0.08275	0.01815	0.01133	0.00366	0.01105	0.05749	0.08677	0.01327
