[name]
unknown

[dist]
# distance from previous block
# <min> <max>
9	130

[block]
# block no. 0 follows, 12 sequences, length 24
# corresponding to MSA columns:
# 155-178
name=unknown_A
#
# <colnr> <probs for GDERKNQSTAVLIFYWHMCP>
#	G	D	E	R	K	N	Q	S	T	A	V	L	I	F	Y	W	H	M	C	P
0	0.09005	0.02760	0.09670	0.12634	0.08445	0.02552	0.02349	0.19354	0.03284	0.07903	0.03346	0.03539	0.07783	0.01349	0.01068	0.00342	0.01181	0.01081	0.00825	0.01530
1	0.07312	0.08931	0.06092	0.07088	0.03245	0.07301	0.01910	0.15380	0.03161	0.08847	0.07338	0.08493	0.02985	0.01450	0.01037	0.00320	0.01122	0.01155	0.00856	0.05977
2	0.02411	0.01830	0.02265	0.02090	0.06939	0.01621	0.01473	0.08250	0.02792	0.07446	0.10747	0.09294	0.08984	0.01549	0.01052	0.00278	0.00821	0.01318	0.00883	0.27956
3	0.02756	0.20200	0.13316	0.03126	0.14270	0.02836	0.02443	0.03674	0.08325	0.08363	0.07873	0.03180	0.02749	0.01199	0.00988	0.00310	0.01148	0.00977	0.00716	0.01550
4	0.01610	0.01065	0.01221	0.01217	0.01478	0.00985	0.00899	0.02033	0.02598	0.03779	0.23694	0.13014	0.17948	0.02186	0.01138	0.00332	0.00534	0.01876	0.21408	0.00985
5	0.02839	0.09389	0.27620	0.14118	0.04674	0.02566	0.03062	0.06684	0.02596	0.12790	0.02373	0.02645	0.01664	0.01111	0.01030	0.00336	0.01389	0.00881	0.00665	0.01569
6	0.02427	0.09047	0.02953	0.02206	0.02630	0.06242	0.06689	0.10180	0.02598	0.03361	0.03429	0.20946	0.03662	0.11056	0.02050	0.00477	0.06403	0.01682	0.00779	0.01182
7	0.01677	0.01331	0.01538	0.01506	0.01827	0.01318	0.01118	0.02593	0.12921	0.03746	0.23933	0.18106	0.19350	0.02439	0.01271	0.00374	0.00618	0.02121	0.01098	0.01116
8	0.07822	0.02647	0.06400	0.02343	0.03172	0.02540	0.05433	0.22241	0.08720	0.09796	0.02678	0.02840	0.01974	0.01426	0.01324	0.06345	0.01120	0.00961	0.00902	0.09315
9	0.10213	0.02395	0.02233	0.02079	0.02430	0.13862	0.01608	0.06982	0.02396	0.03266	0.02801	0.11902	0.02754	0.03892	0.19946	0.00823	0.07320	0.01262	0.00691	0.01145
10	0.10199	0.14132	0.24322	0.02493	0.03572	0.02571	0.07120	0.03304	0.02433	0.07014	0.09960	0.03183	0.02827	0.01206	0.01000	0.00326	0.01253	0.00983	0.00665	0.01438
11	0.19764	0.10917	0.03247	0.02233	0.03030	0.11150	0.06108	0.08239	0.02814	0.18875	0.02503	0.02537	0.01784	0.01133	0.00939	0.00316	0.01209	0.00850	0.00848	0.01503
12	0.56173	0.02352	0.01841	0.01614	0.02298	0.07183	0.01311	0.03550	0.02111	0.10561	0.01855	0.02013	0.01376	0.01061	0.00751	0.00332	0.00952	0.00659	0.00743	0.01266
13	0.02766	0.02090	0.03016	0.13624	0.18109	0.02199	0.02267	0.11776	0.03065	0.08831	0.12531	0.03963	0.03517	0.01352	0.01102	0.00331	0.01066	0.01180	0.05732	0.01481
14	0.01637	0.01259	0.01797	0.01754	0.01896	0.01488	0.01332	0.01945	0.01716	0.02466	0.02877	0.04614	0.02827	0.17019	0.43396	0.01515	0.07716	0.01222	0.00588	0.00938
15	0.03181	0.02463	0.02834	0.02722	0.08420	0.02730	0.01953	0.14273	0.33949	0.09432	0.03823	0.03612	0.02819	0.01381	0.01102	0.00354	0.00979	0.01145	0.01067	0.01762
16	0.01822	0.01170	0.01482	0.01402	0.01716	0.01051	0.01051	0.02242	0.02853	0.09311	0.34989	0.14859	0.17128	0.02385	0.01280	0.00360	0.00580	0.02084	0.01158	0.01078
17	0.08339	0.02169	0.07625	0.16468	0.08623	0.01993	0.08894	0.02715	0.02442	0.03579	0.14631	0.10666	0.04199	0.01578	0.01153	0.00361	0.01135	0.01443	0.00742	0.01245
18	0.69383	0.02109	0.01603	0.01434	0.02109	0.02446	0.01181	0.03205	0.01856	0.04892	0.01518	0.01771	0.01181	0.01012	0.00675	0.00337	0.00843	0.00590	0.00675	0.01181
19	0.02722	0.02755	0.09883	0.07688	0.03721	0.02622	0.07820	0.12984	0.14986	0.04331	0.02880	0.03168	0.02179	0.01301	0.01300	0.00352	0.06685	0.01056	0.10056	0.01512
20	0.01441	0.01054	0.01335	0.01516	0.01667	0.00990	0.01104	0.01694	0.02197	0.02846	0.06586	0.35753	0.15091	0.09351	0.01836	0.00507	0.00743	0.12421	0.00973	0.00894
21	0.07693	0.01852	0.07013	0.13539	0.03264	0.01684	0.01793	0.02593	0.06807	0.03497	0.13585	0.23044	0.05198	0.02101	0.01188	0.00382	0.00910	0.01841	0.00867	0.01149
22	0.01928	0.01514	0.01740	0.01707	0.02040	0.01577	0.01260	0.06365	0.15969	0.03808	0.13115	0.27939	0.11708	0.02497	0.01267	0.00392	0.00708	0.02190	0.01072	0.01204
23	0.08797	0.15603	0.03765	0.12436	0.03941	0.02777	0.07589	0.07741	0.06275	0.09160	0.02329	0.02614	0.01765	0.01067	0.00955	0.00301	0.01176	0.00879	0.00716	0.10114

[dist]
# distance from previous block
# <min> <max>
0	2

[block]
# block no. 1 follows, 12 sequences, length 25
# corresponding to MSA columns:
# 181-205
name=unknown_B
#
# <colnr> <probs for GDERKNQSTAVLIFYWHMCP>
#	G	D	E	R	K	N	Q	S	T	A	V	L	I	F	Y	W	H	M	C	P
0	0.03368	0.01722	0.02184	0.01812	0.02396	0.01632	0.01438	0.11196	0.03315	0.26565	0.19366	0.11174	0.05359	0.01837	0.01185	0.00349	0.00813	0.01564	0.01226	0.01498
1	0.03039	0.12075	0.03065	0.01969	0.02807	0.08032	0.01634	0.16106	0.03115	0.04247	0.02161	0.02393	0.01720	0.01033	0.00881	0.00237	0.01063	0.00763	0.06170	0.27490
2	0.04172	0.01877	0.02570	0.08168	0.03272	0.01670	0.01711	0.04637	0.02884	0.41733	0.03675	0.03397	0.02394	0.01237	0.01051	0.00313	0.00967	0.01012	0.01145	0.12116
3	0.02952	0.22219	0.13284	0.02204	0.03201	0.07358	0.02154	0.07638	0.06591	0.06590	0.02180	0.02339	0.01706	0.01041	0.00893	0.00268	0.01206	0.00760	0.00664	0.14749
4	0.02914	0.08720	0.09957	0.02330	0.03119	0.02557	0.04879	0.15006	0.12407	0.08759	0.07483	0.10513	0.03422	0.01582	0.01113	0.00347	0.01077	0.01334	0.00938	0.01544
5	0.01952	0.01201	0.01594	0.01499	0.01811	0.01103	0.01149	0.02425	0.02962	0.10477	0.40459	0.12588	0.08799	0.02281	0.01287	0.00362	0.00610	0.05137	0.01188	0.01116
6	0.01536	0.01130	0.01629	0.01657	0.01813	0.01273	0.01238	0.01855	0.01769	0.02507	0.03324	0.10866	0.03372	0.14254	0.44817	0.01523	0.02439	0.01432	0.00641	0.00925
7	0.14647	0.14651	0.03577	0.09591	0.03671	0.12628	0.05896	0.07769	0.02726	0.11945	0.02196	0.02424	0.01637	0.01098	0.00941	0.00312	0.01311	0.00828	0.00722	0.01431
8	0.01514	0.01107	0.01450	0.01587	0.01796	0.01043	0.01231	0.01895	0.02521	0.03353	0.18617	0.26034	0.13507	0.02910	0.01389	0.00428	0.00712	0.16886	0.01057	0.00963
9	0.01328	0.00949	0.01265	0.01518	0.01581	0.00886	0.01012	0.01518	0.02088	0.02783	0.06010	0.60969	0.07212	0.03416	0.01392	0.00443	0.00633	0.03100	0.01012	0.00886
10	0.03101	0.02342	0.02541	0.02209	0.02875	0.02631	0.01740	0.09555	0.42751	0.11056	0.04268	0.03902	0.03127	0.01449	0.01106	0.00362	0.00899	0.01195	0.01138	0.01753
11	0.02915	0.62337	0.05714	0.01866	0.02799	0.04314	0.01866	0.03265	0.02215	0.02565	0.01516	0.01749	0.01399	0.00933	0.00700	0.00233	0.01166	0.00583	0.00466	0.01399
12	0.01558	0.01168	0.01752	0.01752	0.01947	0.01363	0.01363	0.01947	0.01752	0.02531	0.02921	0.04283	0.02726	0.08178	0.57360	0.01752	0.02921	0.01168	0.00584	0.00974
13	0.08553	0.11192	0.28959	0.02435	0.03659	0.02451	0.02762	0.03784	0.02439	0.15465	0.02403	0.02510	0.01687	0.01076	0.00961	0.00315	0.01275	0.00815	0.00697	0.06563
14	0.16621	0.02616	0.02969	0.06397	0.03447	0.10971	0.07796	0.04382	0.06435	0.23319	0.02926	0.02930	0.02026	0.01186	0.01021	0.00336	0.01223	0.00960	0.00915	0.01527
15	0.02594	0.01562	0.01785	0.01626	0.02025	0.01594	0.01239	0.14040	0.02980	0.09522	0.04204	0.22126	0.03993	0.01983	0.01078	0.00341	0.00755	0.01691	0.23606	0.01257
16	0.03144	0.02207	0.02934	0.02243	0.03030	0.02141	0.05793	0.08535	0.06807	0.15993	0.02717	0.02855	0.02010	0.01192	0.01330	0.00295	0.08645	0.00927	0.00863	0.26340
17	0.02388	0.02430	0.03356	0.43459	0.10884	0.09273	0.02897	0.03018	0.02283	0.02829	0.01881	0.02735	0.01470	0.01142	0.01253	0.00358	0.05649	0.00935	0.00498	0.01262
18	0.01688	0.01168	0.01377	0.01292	0.01647	0.01023	0.00980	0.02084	0.02809	0.07734	0.30210	0.08891	0.30273	0.02408	0.01272	0.00354	0.00565	0.02057	0.01124	0.01043
19	0.01583	0.01069	0.01251	0.01251	0.01273	0.01091	0.00738	0.01625	0.01604	0.02160	0.03379	0.06822	0.03828	0.55800	0.11245	0.01134	0.01262	0.01540	0.00652	0.00695
20	0.03021	0.02364	0.03135	0.17460	0.07880	0.02666	0.02310	0.16021	0.06767	0.08808	0.02450	0.02836	0.01842	0.01277	0.01411	0.00345	0.09363	0.00969	0.00787	0.08288
21	0.03942	0.03870	0.02999	0.02562	0.03243	0.28893	0.01997	0.18029	0.11575	0.08328	0.02593	0.02623	0.01940	0.01251	0.01043	0.00313	0.01491	0.00897	0.00861	0.01552
22	0.01528	0.01233	0.01375	0.01318	0.01669	0.01142	0.00995	0.02178	0.07803	0.03647	0.26687	0.08959	0.32633	0.02431	0.01270	0.00359	0.00569	0.02069	0.01093	0.01043
23	0.02908	0.11994	0.12134	0.06691	0.03439	0.02190	0.06014	0.03482	0.02529	0.18197	0.04000	0.10784	0.07868	0.01573	0.01094	0.00343	0.01122	0.01340	0.00851	0.01446
24	0.03379	0.03654	0.19502	0.03048	0.08907	0.02843	0.02740	0.24952	0.06619	0.09690	0.02614	0.02711	0.01858	0.01205	0.01074	0.00336	0.01292	0.00951	0.00865	0.01759

[dist]
# distance from previous block
# <min> <max>
8	22

[block]
# block no. 2 follows, 12 sequences, length 13
# corresponding to MSA columns:
# 228-240
name=unknown_C
#
# <colnr> <probs for GDERKNQSTAVLIFYWHMCP>
#	G	D	E	R	K	N	Q	S	T	A	V	L	I	F	Y	W	H	M	C	P
0	0.11858	0.14490	0.07363	0.07403	0.11395	0.09123	0.02198	0.06675	0.02668	0.07250	0.07471	0.02924	0.02475	0.01182	0.00961	0.00311	0.01211	0.00914	0.00698	0.01430
1	0.02115	0.01732	0.02523	0.03247	0.19172	0.01729	0.01847	0.07018	0.02652	0.03672	0.13429	0.20787	0.05172	0.07940	0.01651	0.00434	0.00923	0.01832	0.00867	0.01260
2	0.07662	0.02285	0.10783	0.08377	0.03568	0.01862	0.11486	0.02574	0.02264	0.03331	0.08258	0.17845	0.03912	0.02563	0.07771	0.00540	0.01375	0.01627	0.00724	0.01192
3	0.01437	0.01074	0.01334	0.01347	0.01583	0.00971	0.00980	0.01822	0.02720	0.03685	0.33443	0.20994	0.19357	0.02624	0.01311	0.00372	0.00550	0.02308	0.01115	0.00971
4	0.02518	0.02645	0.08852	0.08069	0.08659	0.06854	0.02135	0.10487	0.08077	0.04281	0.20350	0.04612	0.04764	0.01539	0.01143	0.00338	0.01078	0.01301	0.00895	0.01402
5	0.02574	0.02941	0.06434	0.04596	0.05699	0.02757	0.50919	0.03493	0.02574	0.03493	0.02206	0.02941	0.01654	0.00919	0.01287	0.00368	0.01838	0.01287	0.00551	0.01471
6	0.07830	0.02944	0.09046	0.02478	0.03236	0.06659	0.05955	0.10559	0.24797	0.04376	0.03441	0.08133	0.02802	0.01464	0.01095	0.00358	0.01134	0.01227	0.00904	0.01561
7	0.02033	0.01016	0.01016	0.01016	0.01270	0.01016	0.00762	0.02541	0.02287	0.04065	0.03557	0.04065	0.02795	0.01270	0.00762	0.00254	0.00508	0.01016	0.67734	0.01016
8	0.02555	0.02865	0.09484	0.24430	0.15782	0.08154	0.02828	0.07811	0.02636	0.03419	0.02397	0.08259	0.02092	0.01308	0.01099	0.00348	0.01388	0.01129	0.00612	0.01405
9	0.01894	0.00947	0.01420	0.01420	0.01420	0.00947	0.00947	0.01420	0.01420	0.01894	0.01894	0.03314	0.01894	0.03788	0.04261	0.68277	0.00947	0.00947	0.00473	0.00473
10	0.03321	0.03071	0.13222	0.04307	0.25769	0.02509	0.02880	0.12121	0.03045	0.15123	0.02608	0.02826	0.01892	0.01122	0.01077	0.00331	0.01259	0.00969	0.00792	0.01755
11	0.01586	0.01057	0.01189	0.01189	0.01189	0.01057	0.00661	0.01586	0.01586	0.02114	0.03436	0.07135	0.03964	0.61681	0.05550	0.01057	0.01057	0.01586	0.00661	0.00661
12	0.01451	0.01020	0.01323	0.01520	0.01598	0.00980	0.01048	0.01646	0.02041	0.02708	0.05403	0.41619	0.06349	0.16270	0.02331	0.00588	0.00783	0.09536	0.00933	0.00854

[dist]
# distance from previous block
# <min> <max>
0	1

[block]
# block no. 3 follows, 12 sequences, length 26
# corresponding to MSA columns:
# 242-267
name=unknown_D
#
# <colnr> <probs for GDERKNQSTAVLIFYWHMCP>
#	G	D	E	R	K	N	Q	S	T	A	V	L	I	F	Y	W	H	M	C	P
0	0.09247	0.01457	0.01796	0.01574	0.02071	0.01355	0.01256	0.03168	0.02872	0.20518	0.25201	0.06648	0.11431	0.01941	0.01181	0.00354	0.00716	0.04757	0.01163	0.01294
1	0.01586	0.01057	0.01189	0.01189	0.01189	0.01057	0.00661	0.01586	0.01586	0.02114	0.03436	0.07135	0.03964	0.61681	0.05550	0.01057	0.01057	0.01586	0.00661	0.00661
2	0.28385	0.02703	0.02652	0.02109	0.02908	0.03034	0.01741	0.33394	0.03911	0.06136	0.02209	0.02303	0.01604	0.01199	0.00936	0.00331	0.01067	0.00836	0.00936	0.01604
3	0.69383	0.02109	0.01603	0.01434	0.02109	0.02446	0.01181	0.03205	0.01856	0.04892	0.01518	0.01771	0.01181	0.01012	0.00675	0.00337	0.00843	0.00590	0.00675	0.01181
4	0.03421	0.02578	0.02939	0.02441	0.03160	0.08273	0.06556	0.05287	0.29472	0.17758	0.03888	0.03638	0.02792	0.01352	0.01110	0.00352	0.01094	0.01145	0.01060	0.01686
5	0.01586	0.01057	0.01189	0.01189	0.01189	0.01057	0.00661	0.01586	0.01586	0.02114	0.03436	0.07135	0.03964	0.61681	0.05550	0.01057	0.01057	0.01586	0.00661	0.00661
6	0.02479	0.15578	0.07218	0.02504	0.09214	0.08182	0.01909	0.02974	0.02471	0.03293	0.09309	0.07336	0.03145	0.01294	0.00963	0.00270	0.01078	0.01055	0.00674	0.19055
7	0.02256	0.01668	0.01853	0.01667	0.02068	0.01820	0.01301	0.07931	0.15326	0.04308	0.14457	0.05312	0.09771	0.01720	0.01232	0.00335	0.04668	0.01391	0.19637	0.01279
8	0.02384	0.02835	0.15890	0.06844	0.03571	0.02337	0.05666	0.03002	0.02284	0.08683	0.08699	0.09009	0.03191	0.01696	0.01872	0.00395	0.18312	0.01288	0.00709	0.01335
9	0.01407	0.00997	0.01316	0.01542	0.01621	0.00948	0.01064	0.01614	0.02085	0.02770	0.05711	0.49520	0.06759	0.09482	0.01842	0.00514	0.00721	0.08236	0.00974	0.00876
10	0.23803	0.09854	0.08401	0.07595	0.03325	0.06249	0.01965	0.07103	0.02583	0.16101	0.02343	0.02461	0.01671	0.01120	0.00905	0.00324	0.01143	0.00802	0.00788	0.01465
11	0.01543	0.01115	0.01457	0.01372	0.01629	0.01029	0.01029	0.02058	0.03086	0.04372	0.54304	0.08145	0.10288	0.02229	0.01286	0.00343	0.00514	0.01972	0.01200	0.01029
12	0.02593	0.02687	0.12322	0.06011	0.07144	0.02352	0.02329	0.10825	0.02833	0.07801	0.11632	0.08499	0.03643	0.01676	0.01609	0.00374	0.12138	0.01303	0.00816	0.01413
13	0.02110	0.05101	0.49528	0.02901	0.04351	0.02353	0.03671	0.03287	0.02395	0.03563	0.08195	0.02998	0.02443	0.01178	0.01066	0.00345	0.01481	0.00945	0.00549	0.01542
14	0.02828	0.36726	0.12090	0.08176	0.03632	0.09404	0.02311	0.03571	0.06585	0.02894	0.01887	0.02168	0.01565	0.01031	0.00854	0.00279	0.01320	0.00723	0.00532	0.01423
15	0.02460	0.14769	0.03186	0.02326	0.08779	0.02259	0.01677	0.06351	0.02466	0.03482	0.02487	0.10514	0.02390	0.01259	0.00920	0.00248	0.00946	0.01043	0.00680	0.31759
16	0.03469	0.10336	0.12648	0.02487	0.03497	0.02446	0.07950	0.07556	0.07067	0.22191	0.03016	0.02976	0.02098	0.01159	0.01038	0.00318	0.01188	0.00974	0.00900	0.06684
17	0.02789	0.02979	0.13603	0.15100	0.10180	0.02510	0.09404	0.12183	0.02938	0.07816	0.02668	0.03702	0.02136	0.01292	0.01147	0.00361	0.01389	0.05559	0.00722	0.01524
18	0.20540	0.02044	0.02986	0.25218	0.04735	0.02397	0.07954	0.02836	0.02078	0.03432	0.02232	0.08641	0.02005	0.01373	0.01275	0.00376	0.06954	0.01125	0.00599	0.01198
19	0.02537	0.02291	0.03547	0.09091	0.15211	0.02509	0.08966	0.10211	0.05991	0.03735	0.02906	0.03510	0.05053	0.02415	0.10368	0.00584	0.07815	0.01141	0.00684	0.01435
20	0.01550	0.01111	0.01504	0.01657	0.01847	0.01065	0.01294	0.01951	0.02536	0.03426	0.20031	0.27452	0.07762	0.02919	0.01403	0.00436	0.00736	0.19283	0.01064	0.00971
21	0.02418	0.02608	0.10928	0.08192	0.03413	0.02336	0.02111	0.08680	0.23966	0.04161	0.07560	0.11811	0.03743	0.01679	0.01147	0.00369	0.01019	0.01430	0.00932	0.01496
22	0.01674	0.01058	0.01195	0.01182	0.01277	0.01044	0.00741	0.01863	0.01974	0.02888	0.11574	0.06645	0.04725	0.39387	0.03854	0.00773	0.00854	0.01526	0.14972	0.00795
23	0.03399	0.02884	0.07709	0.11418	0.10143	0.02867	0.02459	0.25957	0.09103	0.09004	0.02715	0.02882	0.01961	0.01234	0.01087	0.00339	0.01227	0.00999	0.00903	0.01709
24	0.01328	0.00949	0.01265	0.01518	0.01581	0.00886	0.01012	0.01518	0.02088	0.02783	0.06010	0.60969	0.07212	0.03416	0.01392	0.00443	0.00633	0.03100	0.01012	0.00886
25	0.02425	0.02104	0.08094	0.02489	0.08679	0.01828	0.01913	0.02942	0.02624	0.12535	0.19200	0.05524	0.11932	0.01825	0.01568	0.00365	0.10238	0.01462	0.00926	0.01328

[dist]
# distance from previous block
# <min> <max>
1	7

[block]
# block no. 4 follows, 12 sequences, length 15
# corresponding to MSA columns:
# 275-289
name=unknown_E
#
# <colnr> <probs for GDERKNQSTAVLIFYWHMCP>
#	G	D	E	R	K	N	Q	S	T	A	V	L	I	F	Y	W	H	M	C	P
0	0.03535	0.02709	0.03129	0.07208	0.07583	0.03001	0.02109	0.35603	0.08745	0.05705	0.02747	0.03130	0.02110	0.05967	0.01438	0.00390	0.01186	0.01050	0.00967	0.01689
1	0.35003	0.02837	0.02341	0.01975	0.02691	0.12878	0.01589	0.12970	0.02904	0.12313	0.02171	0.02256	0.01576	0.01140	0.00875	0.00325	0.01137	0.00761	0.00833	0.01425
2	0.01586	0.01057	0.01189	0.01189	0.01189	0.01057	0.00661	0.01586	0.01586	0.02114	0.03436	0.07135	0.03964	0.61681	0.05550	0.01057	0.01057	0.01586	0.00661	0.00661
3	0.01549	0.01135	0.01500	0.01711	0.01922	0.01086	0.01377	0.01917	0.02374	0.03063	0.06685	0.27224	0.14224	0.03098	0.01436	0.00462	0.00816	0.26458	0.01008	0.00954
4	0.02734	0.02287	0.03363	0.37021	0.15245	0.06397	0.02813	0.03369	0.02439	0.10538	0.02281	0.02915	0.01680	0.01108	0.01081	0.00346	0.01387	0.00968	0.00625	0.01403
5	0.02609	0.35923	0.25074	0.02556	0.03763	0.03508	0.06546	0.03355	0.02277	0.02979	0.01739	0.02055	0.01412	0.00971	0.00875	0.00287	0.01390	0.00724	0.00471	0.01486
6	0.01549	0.01041	0.01200	0.01237	0.01246	0.01032	0.00711	0.01576	0.01658	0.02211	0.03807	0.14895	0.04432	0.53282	0.04950	0.00969	0.00996	0.01804	0.00711	0.00693
7	0.02096	0.03990	0.34109	0.02570	0.03678	0.02204	0.02952	0.03414	0.09649	0.03643	0.10121	0.03641	0.03125	0.02088	0.07493	0.00509	0.01491	0.01080	0.00677	0.01470
8	0.69383	0.02109	0.01603	0.01434	0.02109	0.02446	0.01181	0.03205	0.01856	0.04892	0.01518	0.01771	0.01181	0.01012	0.00675	0.00337	0.00843	0.00590	0.00675	0.01181
9	0.03448	0.02544	0.03088	0.17550	0.04353	0.02867	0.02236	0.27554	0.11043	0.09872	0.02851	0.03003	0.02036	0.01279	0.01094	0.00344	0.01194	0.01025	0.00955	0.01664
10	0.01894	0.00947	0.01420	0.01420	0.01420	0.00947	0.00947	0.01420	0.01420	0.01894	0.01894	0.03314	0.01894	0.03788	0.04261	0.68277	0.00947	0.00947	0.00473	0.00473
11	0.02953	0.07285	0.07994	0.07331	0.04060	0.02680	0.14906	0.10842	0.12687	0.08833	0.02896	0.03123	0.02131	0.01173	0.01088	0.00339	0.01276	0.01078	0.05763	0.01562
12	0.01514	0.01113	0.01417	0.01341	0.01611	0.01016	0.01006	0.02002	0.03018	0.04210	0.49381	0.08412	0.15312	0.02290	0.01286	0.00346	0.00519	0.02009	0.01179	0.01016
13	0.02639	0.02972	0.12539	0.14448	0.04697	0.02587	0.12912	0.14602	0.06128	0.04147	0.03350	0.03678	0.07724	0.01310	0.01147	0.00354	0.01364	0.01180	0.00737	0.01485
14	0.08031	0.13004	0.11348	0.02020	0.03011	0.06644	0.01920	0.03478	0.02418	0.10910	0.02158	0.02329	0.01648	0.00984	0.00871	0.00251	0.01107	0.00726	0.00683	0.26461

[dist]
# distance from previous block
# <min> <max>
0	21

[block]
# block no. 5 follows, 12 sequences, length 20
# corresponding to MSA columns:
# 311-330
name=unknown_F
#
# <colnr> <probs for GDERKNQSTAVLIFYWHMCP>
#	G	D	E	R	K	N	Q	S	T	A	V	L	I	F	Y	W	H	M	C	P
0	0.15344	0.19206	0.07490	0.02149	0.03096	0.02790	0.06723	0.06675	0.02478	0.08160	0.02018	0.02247	0.01570	0.00989	0.00862	0.00275	0.01113	0.00756	0.00669	0.15391
1	0.30043	0.07578	0.07353	0.02224	0.03124	0.02424	0.09709	0.03563	0.02283	0.12244	0.02152	0.02363	0.01580	0.01024	0.00887	0.00316	0.01106	0.00807	0.00723	0.08498
2	0.36787	0.03202	0.19270	0.02058	0.03063	0.02330	0.02169	0.03644	0.02215	0.13067	0.02133	0.02272	0.01504	0.01077	0.00863	0.00340	0.01105	0.00746	0.00721	0.01434
3	0.30427	0.01639	0.01646	0.01583	0.01974	0.01795	0.01215	0.06480	0.02142	0.03873	0.02969	0.15668	0.03057	0.02269	0.01659	0.14253	0.00861	0.04706	0.00766	0.01017
4	0.02166	0.01530	0.01658	0.01546	0.01935	0.01646	0.01182	0.03627	0.21193	0.04322	0.16070	0.05046	0.04792	0.01578	0.01016	0.00318	0.00641	0.01326	0.27125	0.01282
5	0.02080	0.03131	0.20832	0.30280	0.09799	0.02318	0.03185	0.02926	0.02236	0.03072	0.02365	0.08555	0.02033	0.01297	0.01102	0.00362	0.01411	0.01130	0.00534	0.01354
6	0.01701	0.01308	0.01580	0.01478	0.01803	0.01284	0.01118	0.02597	0.10914	0.04251	0.41827	0.07748	0.13859	0.02167	0.01258	0.00350	0.00574	0.01890	0.01166	0.01128
7	0.02244	0.03592	0.24545	0.23747	0.05743	0.02542	0.10903	0.03404	0.06385	0.03305	0.02190	0.02767	0.01608	0.01073	0.01101	0.00357	0.01529	0.00976	0.00536	0.01452
8	0.02254	0.02193	0.03088	0.02687	0.02718	0.03027	0.02224	0.02517	0.01683	0.02609	0.01667	0.02686	0.01636	0.02901	0.12097	0.00679	0.50694	0.00988	0.00494	0.01158
9	0.02636	0.02228	0.03085	0.09844	0.03687	0.02406	0.09069	0.14456	0.15322	0.04649	0.16026	0.04455	0.04267	0.01497	0.01174	0.00352	0.01072	0.01337	0.00964	0.01473
10	0.01328	0.00949	0.01265	0.01518	0.01581	0.00886	0.01012	0.01518	0.02088	0.02783	0.06010	0.60969	0.07212	0.03416	0.01392	0.00443	0.00633	0.03100	0.01012	0.00886
11	0.04111	0.02513	0.02895	0.02289	0.03088	0.02636	0.01902	0.32615	0.04263	0.20763	0.03445	0.03963	0.02569	0.01501	0.01136	0.00349	0.01099	0.05943	0.01157	0.01765
12	0.01514	0.01092	0.01432	0.01391	0.01623	0.01010	0.01027	0.01985	0.02952	0.04159	0.47817	0.15240	0.09875	0.02388	0.01300	0.00356	0.00530	0.02123	0.01175	0.01010
13	0.02248	0.02372	0.07657	0.14366	0.18614	0.02362	0.02598	0.03051	0.06131	0.03495	0.12777	0.03869	0.03466	0.01443	0.01518	0.00365	0.10409	0.01178	0.00690	0.01391
14	0.02113	0.01781	0.02103	0.01600	0.02425	0.01364	0.01248	0.02551	0.02234	0.03431	0.02583	0.11560	0.02501	0.01221	0.00900	0.00206	0.00780	0.01035	0.00704	0.57661
15	0.03595	0.02240	0.02745	0.02525	0.08275	0.02279	0.01830	0.20181	0.07351	0.20015	0.08419	0.04318	0.08225	0.01522	0.01129	0.00338	0.00982	0.01250	0.01111	0.01667
16	0.01938	0.01395	0.01716	0.01682	0.01956	0.01405	0.01277	0.09686	0.02879	0.03905	0.19208	0.22234	0.06752	0.08834	0.01773	0.00471	0.00797	0.09971	0.01041	0.01077
17	0.09824	0.02171	0.02661	0.02665	0.10942	0.02170	0.01812	0.04418	0.18692	0.15230	0.03225	0.03173	0.02372	0.01186	0.00996	0.00310	0.00932	0.00977	0.00932	0.15312
18	0.02036	0.01680	0.02018	0.01601	0.02333	0.01326	0.01262	0.02495	0.02371	0.03563	0.09550	0.09695	0.03663	0.01418	0.00980	0.00238	0.00765	0.04451	0.00782	0.47773
19	0.02261	0.01938	0.02261	0.01615	0.02584	0.01453	0.01292	0.02745	0.02261	0.03553	0.01938	0.02261	0.01615	0.00807	0.00807	0.00161	0.00807	0.00646	0.00646	0.68346

[dist]
# distance from previous block
# <min> <max>
0	5

[block]
# block no. 6 follows, 12 sequences, length 23
# corresponding to MSA columns:
# 336-358
name=unknown_G
#
# <colnr> <probs for GDERKNQSTAVLIFYWHMCP>
#	G	D	E	R	K	N	Q	S	T	A	V	L	I	F	Y	W	H	M	C	P
0	0.01468	0.01099	0.01556	0.01629	0.01801	0.01187	0.01216	0.01791	0.01912	0.02639	0.04509	0.21167	0.08458	0.06339	0.36403	0.01256	0.02057	0.01823	0.00744	0.00944
1	0.03792	0.02193	0.02566	0.02123	0.02862	0.02288	0.01703	0.09651	0.26897	0.27066	0.04216	0.03782	0.02922	0.01407	0.01102	0.00352	0.00921	0.01151	0.01213	0.01794
2	0.02715	0.02546	0.04147	0.16500	0.19272	0.02833	0.10956	0.10742	0.02716	0.03749	0.02039	0.02720	0.01625	0.01199	0.01538	0.00366	0.11205	0.01023	0.00607	0.01501
3	0.14534	0.06134	0.03352	0.03883	0.24974	0.02534	0.02284	0.10004	0.02772	0.09941	0.02385	0.02702	0.01832	0.01090	0.00961	0.00316	0.01086	0.00901	0.06735	0.01580
4	0.01335	0.01106	0.01169	0.01153	0.01501	0.00940	0.00865	0.01654	0.02594	0.03204	0.18896	0.10067	0.46425	0.02665	0.01288	0.00364	0.00545	0.02241	0.01047	0.00940
5	0.01586	0.01057	0.01189	0.01189	0.01189	0.01057	0.00661	0.01586	0.01586	0.02114	0.03436	0.07135	0.03964	0.61681	0.05550	0.01057	0.01057	0.01586	0.00661	0.00661
6	0.02020	0.01368	0.01960	0.07077	0.06845	0.01327	0.01467	0.02500	0.02790	0.09522	0.31539	0.15586	0.07413	0.02122	0.01248	0.00359	0.00731	0.01889	0.01064	0.01172
7	0.02569	0.02403	0.03945	0.26064	0.21454	0.02695	0.07547	0.08336	0.02591	0.03533	0.02029	0.02766	0.01601	0.01133	0.01328	0.00357	0.06606	0.01000	0.00574	0.01468
8	0.02574	0.02941	0.06434	0.04596	0.05699	0.02757	0.50919	0.03493	0.02574	0.03493	0.02206	0.02941	0.01654	0.00919	0.01287	0.00368	0.01838	0.01287	0.00551	0.01471
9	0.01500	0.01113	0.01398	0.01327	0.01603	0.01011	0.00995	0.01975	0.02986	0.04133	0.47045	0.08539	0.17697	0.02318	0.01286	0.00347	0.00521	0.02027	0.01169	0.01011
10	0.13706	0.09500	0.26831	0.02893	0.09209	0.02636	0.02826	0.07519	0.02561	0.04009	0.06594	0.02755	0.02226	0.01146	0.00975	0.00329	0.01270	0.00887	0.00628	0.01501
11	0.27979	0.07297	0.08092	0.06951	0.03671	0.02639	0.10951	0.07442	0.02491	0.09889	0.02114	0.02407	0.01547	0.01059	0.00936	0.00337	0.01209	0.00856	0.00710	0.01422
12	0.01366	0.01110	0.01221	0.01261	0.01582	0.00964	0.00963	0.01681	0.02510	0.03095	0.13922	0.14515	0.41439	0.02794	0.01321	0.00387	0.00605	0.07302	0.01028	0.00937
13	0.01375	0.00968	0.01252	0.01459	0.01511	0.00916	0.00949	0.01530	0.01998	0.02663	0.05548	0.51317	0.06629	0.13862	0.02137	0.00553	0.00709	0.02828	0.00949	0.00845
14	0.02753	0.03752	0.24845	0.07504	0.04319	0.02609	0.07506	0.09325	0.14277	0.07968	0.02797	0.02958	0.02011	0.01184	0.01092	0.00352	0.01352	0.01004	0.00756	0.01636
15	0.02915	0.62337	0.05714	0.01866	0.02799	0.04314	0.01866	0.03265	0.02215	0.02565	0.01516	0.01749	0.01399	0.00933	0.00700	0.00233	0.01166	0.00583	0.00466	0.01399
16	0.01378	0.00987	0.01310	0.01484	0.01592	0.00919	0.01016	0.01643	0.02318	0.03151	0.17173	0.48758	0.07923	0.03142	0.01367	0.00420	0.00605	0.02839	0.01056	0.00919
17	0.02687	0.08097	0.11425	0.06653	0.08619	0.02446	0.15318	0.07108	0.02650	0.08096	0.02776	0.08411	0.02326	0.01290	0.01099	0.00339	0.01311	0.01217	0.06673	0.01459
18	0.02295	0.02218	0.07559	0.28376	0.05212	0.02202	0.07824	0.02955	0.02356	0.07819	0.07499	0.08376	0.02919	0.01464	0.01351	0.00374	0.05954	0.01280	0.00681	0.01284
19	0.12335	0.04432	0.38306	0.02651	0.03986	0.02348	0.03170	0.03762	0.02390	0.13326	0.02328	0.02487	0.01597	0.01091	0.00995	0.00343	0.01375	0.00829	0.00656	0.01595
20	0.01482	0.01083	0.01399	0.01436	0.01654	0.01001	0.01065	0.01889	0.02727	0.03739	0.33842	0.22193	0.13395	0.02647	0.01331	0.00384	0.00589	0.06047	0.01118	0.00980
21	0.14177	0.03699	0.29514	0.02344	0.03445	0.02123	0.02659	0.03489	0.02338	0.12055	0.02690	0.07003	0.02110	0.01280	0.00988	0.00343	0.01207	0.01005	0.06056	0.01474
22	0.03201	0.02312	0.03099	0.28121	0.05128	0.02627	0.02410	0.18857	0.07090	0.12184	0.02700	0.03023	0.01910	0.01228	0.01093	0.00348	0.01249	0.01012	0.00855	0.01552

[dist]
# distance from previous block
# <min> <max>
0	32

# created by:
# /st0/software/busco_prod/Augustus/scripts/msa2prfl.pl ./align_prep/11739.fa
