[name]
unknown

[dist]
# distance from previous block
# <min> <max>
0	2

[block]
# block no. 0 follows, 11 sequences, length 58
# corresponding to MSA columns:
# 2-59
name=unknown_A
#
# <colnr> <probs for GDERKNQSTAVLIFYWHMCP>
#	G	D	E	R	K	N	Q	S	T	A	V	L	I	F	Y	W	H	M	C	P
0	0.11409	0.02173	0.02507	0.02046	0.02760	0.02225	0.01682	0.18677	0.03676	0.21204	0.11147	0.04705	0.03850	0.01627	0.01146	0.00360	0.00979	0.05032	0.01171	0.01626
1	0.01757	0.01271	0.01605	0.01564	0.01823	0.01226	0.01150	0.06057	0.03052	0.04233	0.34206	0.23646	0.08895	0.02595	0.01344	0.00384	0.00629	0.02304	0.01170	0.01090
2	0.04119	0.03516	0.03259	0.02621	0.03433	0.13754	0.02111	0.36492	0.09392	0.06005	0.02697	0.02716	0.01972	0.01331	0.01106	0.00333	0.01360	0.00982	0.01020	0.01781
3	0.02391	0.02271	0.03855	0.37305	0.26112	0.02570	0.03258	0.03108	0.02376	0.03198	0.02047	0.02914	0.01614	0.01076	0.01121	0.00359	0.01435	0.01001	0.00523	0.01464
4	0.02944	0.02490	0.02627	0.02320	0.02982	0.02867	0.01817	0.10259	0.46876	0.04942	0.04397	0.04053	0.03287	0.01510	0.01143	0.00377	0.00925	0.01247	0.01143	0.01794
5	0.09638	0.02982	0.03131	0.02459	0.03311	0.03326	0.02018	0.40526	0.10427	0.06636	0.02825	0.02803	0.02033	0.01345	0.01091	0.00344	0.01166	0.01009	0.01091	0.01838
6	0.02786	0.02674	0.04568	0.06908	0.53424	0.02674	0.03454	0.03454	0.02563	0.03677	0.02117	0.02786	0.01783	0.01003	0.01114	0.00334	0.01337	0.01003	0.00557	0.01783
7	0.01602	0.01144	0.01571	0.01831	0.01997	0.01113	0.01446	0.01966	0.02382	0.03131	0.06076	0.35183	0.06940	0.03309	0.01498	0.00489	0.00853	0.25449	0.01040	0.00978
8	0.01401	0.01002	0.01332	0.01547	0.01639	0.00934	0.01047	0.01641	0.02291	0.03090	0.12378	0.52917	0.07865	0.03364	0.01422	0.00443	0.00637	0.03046	0.01071	0.00934
9	0.03927	0.02740	0.04022	0.03050	0.03893	0.07030	0.15902	0.09775	0.03149	0.24297	0.03077	0.03176	0.02123	0.01294	0.01430	0.00365	0.06983	0.01127	0.00961	0.01679
10	0.01621	0.01154	0.01545	0.01545	0.01655	0.01264	0.01078	0.01841	0.01731	0.02418	0.03256	0.05757	0.03394	0.32030	0.33189	0.01483	0.02142	0.01401	0.00639	0.00858
11	0.01365	0.01142	0.01188	0.01177	0.01542	0.00965	0.00883	0.01683	0.02648	0.03236	0.16888	0.10511	0.47359	0.02778	0.01330	0.00377	0.00565	0.02330	0.01071	0.00965
12	0.04204	0.05364	0.03190	0.02900	0.03480	0.55926	0.02175	0.04494	0.03190	0.02755	0.01740	0.02030	0.01450	0.01160	0.01015	0.00290	0.02030	0.00725	0.00580	0.01305
13	0.01815	0.01477	0.02072	0.01957	0.02069	0.01820	0.01504	0.02096	0.01753	0.02545	0.02765	0.04576	0.02767	0.17775	0.33215	0.01350	0.15618	0.01244	0.00594	0.00991
14	0.02126	0.02001	0.03376	0.57739	0.07752	0.02501	0.03126	0.02876	0.02251	0.02876	0.02001	0.03001	0.01500	0.01125	0.01125	0.00375	0.01500	0.01000	0.00500	0.01250
15	0.01702	0.01241	0.01657	0.01799	0.02074	0.01197	0.01513	0.02196	0.02736	0.03616	0.18297	0.11406	0.12984	0.02877	0.01472	0.00461	0.00855	0.29796	0.01088	0.01033
16	0.02126	0.02001	0.03376	0.57739	0.07752	0.02501	0.03126	0.02876	0.02251	0.02876	0.02001	0.03001	0.01500	0.01125	0.01125	0.00375	0.01500	0.01000	0.00500	0.01250
17	0.01979	0.01240	0.01606	0.01463	0.01809	0.01123	0.01115	0.02479	0.03141	0.10246	0.43848	0.08061	0.13057	0.02238	0.01305	0.00355	0.00584	0.01956	0.01242	0.01154
18	0.02800	0.02418	0.02545	0.02291	0.02927	0.02800	0.01782	0.05981	0.51390	0.04708	0.04581	0.04199	0.03436	0.01527	0.01145	0.00382	0.00891	0.01273	0.01145	0.01782
19	0.01355	0.01045	0.01239	0.01394	0.01587	0.00929	0.00968	0.01587	0.02321	0.02941	0.08307	0.39936	0.25860	0.03253	0.01394	0.00426	0.00619	0.02866	0.01045	0.00929
20	0.01571	0.01150	0.01473	0.01392	0.01668	0.01052	0.01044	0.02081	0.03133	0.04388	0.49293	0.08614	0.14235	0.02348	0.01328	0.00356	0.00534	0.02065	0.01222	0.01052
21	0.03009	0.61122	0.05898	0.01926	0.02889	0.04454	0.01926	0.03370	0.02287	0.02648	0.01565	0.01805	0.01444	0.00963	0.00722	0.00241	0.01204	0.00602	0.00481	0.01444
22	0.43117	0.02487	0.02248	0.01886	0.02636	0.02836	0.01545	0.17204	0.07753	0.05617	0.02196	0.02318	0.01640	0.01182	0.00867	0.00348	0.00981	0.00793	0.00867	0.01478
23	0.02126	0.02001	0.03376	0.57739	0.07752	0.02501	0.03126	0.02876	0.02251	0.02876	0.02001	0.03001	0.01500	0.01125	0.01125	0.00375	0.01500	0.01000	0.00500	0.01250
24	0.02868	0.03225	0.12249	0.04067	0.05146	0.02727	0.33766	0.03744	0.02606	0.09451	0.02428	0.02993	0.01777	0.01104	0.01473	0.00382	0.06578	0.01210	0.00647	0.01559
25	0.01358	0.01122	0.01191	0.01214	0.01547	0.00956	0.00895	0.01654	0.02571	0.03148	0.14369	0.16349	0.43979	0.02882	0.01342	0.00387	0.00576	0.02443	0.01062	0.00956
26	0.01593	0.01150	0.01504	0.01416	0.01681	0.01062	0.01062	0.02124	0.03186	0.04513	0.52830	0.08407	0.10620	0.02301	0.01327	0.00354	0.00531	0.02035	0.01239	0.01062
27	0.68395	0.02177	0.01654	0.01480	0.02177	0.02525	0.01219	0.03309	0.01915	0.05050	0.01567	0.01828	0.01219	0.01045	0.00697	0.00348	0.00871	0.00609	0.00697	0.01219
28	0.02204	0.02049	0.03279	0.51243	0.07187	0.02536	0.02968	0.03239	0.08007	0.03090	0.02303	0.03141	0.01727	0.01172	0.01128	0.00376	0.01429	0.01032	0.00576	0.01313
29	0.01637	0.01091	0.01228	0.01228	0.01228	0.01091	0.00682	0.01637	0.01637	0.02182	0.03546	0.07365	0.04092	0.60445	0.05729	0.01091	0.01091	0.01637	0.00682	0.00682
30	0.01903	0.01410	0.01863	0.02021	0.02325	0.01444	0.01721	0.02735	0.08378	0.03660	0.11315	0.11196	0.06609	0.02829	0.01480	0.00483	0.00960	0.35469	0.01073	0.01127
31	0.05050	0.01915	0.02612	0.02003	0.02873	0.01654	0.01654	0.05485	0.03221	0.54203	0.04440	0.03831	0.02786	0.01393	0.01132	0.00348	0.00958	0.01132	0.01393	0.01915
32	0.01637	0.01091	0.01228	0.01228	0.01228	0.01091	0.00682	0.01637	0.01637	0.02182	0.03546	0.07365	0.04092	0.60445	0.05729	0.01091	0.01091	0.01637	0.00682	0.00682
33	0.03009	0.61122	0.05898	0.01926	0.02889	0.04454	0.01926	0.03370	0.02287	0.02648	0.01565	0.01805	0.01444	0.00963	0.00722	0.00241	0.01204	0.00602	0.00481	0.01444
34	0.02126	0.02001	0.03376	0.57739	0.07752	0.02501	0.03126	0.02876	0.02251	0.02876	0.02001	0.03001	0.01500	0.01125	0.01125	0.00375	0.01500	0.01000	0.00500	0.01250
35	0.02462	0.02462	0.03447	0.02955	0.02955	0.03447	0.02462	0.02709	0.01724	0.02709	0.01477	0.02462	0.01477	0.01970	0.03694	0.00492	0.58385	0.00985	0.00492	0.01231
36	0.01715	0.01228	0.01687	0.01859	0.02101	0.01200	0.01551	0.02205	0.02697	0.03606	0.17681	0.16229	0.07606	0.02948	0.01486	0.00471	0.00873	0.30737	0.01088	0.01031
37	0.04204	0.05364	0.03190	0.02900	0.03480	0.55926	0.02175	0.04494	0.03190	0.02755	0.01740	0.02030	0.01450	0.01160	0.01015	0.00290	0.02030	0.00725	0.00580	0.01305
38	0.01394	0.01012	0.01317	0.01517	0.01630	0.00934	0.01033	0.01636	0.02307	0.03078	0.12056	0.50029	0.11235	0.03332	0.01416	0.00439	0.00632	0.03001	0.01068	0.00934
39	0.01593	0.01150	0.01504	0.01416	0.01681	0.01062	0.01062	0.02124	0.03186	0.04513	0.52830	0.08407	0.10620	0.02301	0.01327	0.00354	0.00531	0.02035	0.01239	0.01062
40	0.01371	0.00979	0.01306	0.01567	0.01632	0.00914	0.01045	0.01567	0.02155	0.02873	0.06203	0.59710	0.07444	0.03526	0.01437	0.00457	0.00653	0.03200	0.01045	0.00914
41	0.39954	0.02303	0.02232	0.01829	0.02609	0.02497	0.01509	0.12962	0.02905	0.17746	0.02509	0.02501	0.01748	0.01192	0.00890	0.00346	0.00965	0.00819	0.00955	0.01530
42	0.03009	0.61122	0.05898	0.01926	0.02889	0.04454	0.01926	0.03370	0.02287	0.02648	0.01565	0.01805	0.01444	0.00963	0.00722	0.00241	0.01204	0.00602	0.00481	0.01444
43	0.04310	0.02446	0.02820	0.02191	0.03005	0.02521	0.01800	0.27713	0.04178	0.24288	0.03463	0.03297	0.02352	0.01362	0.01088	0.00333	0.01050	0.01062	0.08907	0.01813
44	0.02257	0.05822	0.54613	0.03208	0.04871	0.02614	0.04158	0.03564	0.02376	0.03564	0.02020	0.02376	0.01426	0.01069	0.01069	0.00356	0.01663	0.00832	0.00475	0.01663
45	0.02257	0.05822	0.54613	0.03208	0.04871	0.02614	0.04158	0.03564	0.02376	0.03564	0.02020	0.02376	0.01426	0.01069	0.01069	0.00356	0.01663	0.00832	0.00475	0.01663
46	0.01843	0.01433	0.01782	0.01659	0.01659	0.01679	0.01126	0.01904	0.01658	0.02314	0.03030	0.06142	0.03439	0.45851	0.05221	0.00942	0.15390	0.01474	0.00635	0.00819
47	0.02126	0.02001	0.03376	0.57739	0.07752	0.02501	0.03126	0.02876	0.02251	0.02876	0.02001	0.03001	0.01500	0.01125	0.01125	0.00375	0.01500	0.01000	0.00500	0.01250
48	0.02583	0.02468	0.04203	0.22495	0.39420	0.02621	0.03354	0.03277	0.02467	0.03431	0.02081	0.02852	0.01696	0.01040	0.01118	0.00347	0.01387	0.01002	0.00540	0.01620
49	0.01371	0.00979	0.01306	0.01567	0.01632	0.00914	0.01045	0.01567	0.02155	0.02873	0.06203	0.59710	0.07444	0.03526	0.01437	0.00457	0.00653	0.03200	0.01045	0.00914
50	0.02334	0.02001	0.02334	0.01667	0.02667	0.01500	0.01334	0.02834	0.02334	0.03668	0.02001	0.02334	0.01667	0.00834	0.00834	0.00167	0.00834	0.00667	0.00667	0.67325
51	0.02747	0.02069	0.02634	0.02328	0.08669	0.01659	0.01626	0.03258	0.02478	0.10360	0.02337	0.02585	0.01829	0.00928	0.00906	0.00210	0.00909	0.00768	0.00750	0.50949
52	0.02788	0.02640	0.04301	0.06297	0.46737	0.02691	0.03233	0.03789	0.09028	0.03814	0.02443	0.02973	0.02002	0.01072	0.01118	0.00341	0.01278	0.01039	0.00635	0.01783
53	0.02698	0.02585	0.04411	0.13639	0.47376	0.02651	0.03411	0.03378	0.02521	0.03571	0.02102	0.02814	0.01745	0.01019	0.01116	0.00340	0.01359	0.01002	0.00550	0.01712
54	0.51986	0.02267	0.02115	0.02226	0.08308	0.02579	0.01557	0.03680	0.08543	0.04843	0.02031	0.02255	0.01579	0.01104	0.00805	0.00351	0.00928	0.00744	0.00740	0.01360
55	0.02122	0.01817	0.02719	0.08134	0.18286	0.01879	0.02152	0.02944	0.08262	0.03594	0.09831	0.18645	0.04973	0.02113	0.01280	0.00400	0.01000	0.07622	0.00882	0.01345
56	0.03598	0.17704	0.03785	0.02389	0.03204	0.09737	0.02004	0.22322	0.15348	0.04901	0.02756	0.02758	0.02107	0.01274	0.01017	0.00318	0.01240	0.00939	0.00905	0.01693
57	0.02765	0.10319	0.36828	0.02815	0.04184	0.02689	0.03328	0.04084	0.08249	0.10315	0.02597	0.02728	0.01844	0.01156	0.01053	0.00347	0.01434	0.00901	0.00676	0.01689

[dist]
# distance from previous block
# <min> <max>
0	9

[block]
# block no. 1 follows, 11 sequences, length 34
# corresponding to MSA columns:
# 69-102
name=unknown_B
#
# <colnr> <probs for GDERKNQSTAVLIFYWHMCP>
#	G	D	E	R	K	N	Q	S	T	A	V	L	I	F	Y	W	H	M	C	P
0	0.02901	0.21865	0.32184	0.02642	0.03976	0.03023	0.03112	0.03793	0.02476	0.10867	0.02245	0.02422	0.01635	0.01086	0.00974	0.00320	0.01420	0.00807	0.00614	0.01635
1	0.12363	0.20657	0.33139	0.02593	0.03917	0.03112	0.03098	0.03472	0.02282	0.03532	0.01826	0.02136	0.01400	0.01036	0.00917	0.00323	0.01417	0.00735	0.00510	0.01536
2	0.12042	0.02027	0.03118	0.49321	0.06918	0.02504	0.02840	0.02940	0.02200	0.03201	0.01936	0.02825	0.01458	0.01113	0.01061	0.00371	0.01406	0.00942	0.00530	0.01246
3	0.02756	0.17456	0.24675	0.02873	0.03932	0.03138	0.06676	0.03527	0.02325	0.07753	0.02046	0.02444	0.01585	0.01242	0.01532	0.00357	0.12697	0.00875	0.00570	0.01538
4	0.01989	0.02889	0.18223	0.02569	0.03412	0.01855	0.10988	0.02828	0.02847	0.04062	0.28319	0.05615	0.06229	0.01683	0.01251	0.00359	0.01122	0.01546	0.00887	0.01326
5	0.02126	0.02001	0.03376	0.57739	0.07752	0.02501	0.03126	0.02876	0.02251	0.02876	0.02001	0.03001	0.01500	0.01125	0.01125	0.00375	0.01500	0.01000	0.00500	0.01250
6	0.02126	0.02001	0.03376	0.57739	0.07752	0.02501	0.03126	0.02876	0.02251	0.02876	0.02001	0.03001	0.01500	0.01125	0.01125	0.00375	0.01500	0.01000	0.00500	0.01250
7	0.01593	0.01150	0.01504	0.01416	0.01681	0.01062	0.01062	0.02124	0.03186	0.04513	0.52830	0.08407	0.10620	0.02301	0.01327	0.00354	0.00531	0.02035	0.01239	0.01062
8	0.01371	0.00979	0.01306	0.01567	0.01632	0.00914	0.01045	0.01567	0.02155	0.02873	0.06203	0.59710	0.07444	0.03526	0.01437	0.00457	0.00653	0.03200	0.01045	0.00914
9	0.68395	0.02177	0.01654	0.01480	0.02177	0.02525	0.01219	0.03309	0.01915	0.05050	0.01567	0.01828	0.01219	0.01045	0.00697	0.00348	0.00871	0.00609	0.00697	0.01219
10	0.01508	0.01037	0.01265	0.01392	0.01423	0.01006	0.00857	0.01603	0.01887	0.02516	0.04831	0.32666	0.05712	0.32934	0.03654	0.00785	0.00879	0.02392	0.00857	0.00794
11	0.01552	0.01136	0.01456	0.01403	0.01663	0.01040	0.01042	0.02034	0.03048	0.04250	0.45380	0.12711	0.14187	0.02448	0.01336	0.00365	0.00544	0.02159	0.01206	0.01040
12	0.01385	0.01010	0.01305	0.01510	0.01625	0.00930	0.01027	0.01618	0.02283	0.03026	0.10606	0.50400	0.12418	0.03355	0.01417	0.00441	0.00634	0.03018	0.01061	0.00930
13	0.01396	0.00999	0.01328	0.01550	0.01638	0.00931	0.01047	0.01630	0.02271	0.03058	0.11461	0.53926	0.07802	0.03388	0.01424	0.00445	0.00639	0.03068	0.01067	0.00931
14	0.02126	0.02001	0.03376	0.57739	0.07752	0.02501	0.03126	0.02876	0.02251	0.02876	0.02001	0.03001	0.01500	0.01125	0.01125	0.00375	0.01500	0.01000	0.00500	0.01250
15	0.68395	0.02177	0.01654	0.01480	0.02177	0.02525	0.01219	0.03309	0.01915	0.05050	0.01567	0.01828	0.01219	0.01045	0.00697	0.00348	0.00871	0.00609	0.00697	0.01219
16	0.02398	0.16140	0.45523	0.02969	0.04501	0.02957	0.03742	0.03528	0.02360	0.03393	0.01935	0.02270	0.01429	0.01049	0.01005	0.00335	0.01578	0.00789	0.00476	0.01623
17	0.02257	0.05822	0.54613	0.03208	0.04871	0.02614	0.04158	0.03564	0.02376	0.03564	0.02020	0.02376	0.01426	0.01069	0.01069	0.00356	0.01663	0.00832	0.00475	0.01663
18	0.01533	0.01148	0.01421	0.01353	0.01645	0.01036	0.01015	0.02008	0.03045	0.04178	0.43385	0.08960	0.20275	0.02426	0.01328	0.00360	0.00540	0.02113	0.01195	0.01036
19	0.01515	0.01147	0.01396	0.01334	0.01634	0.01029	0.01001	0.01973	0.03002	0.04076	0.40527	0.09127	0.23196	0.02464	0.01328	0.00362	0.00543	0.02136	0.01181	0.01029
20	0.04147	0.09152	0.03639	0.02521	0.03428	0.03590	0.02117	0.44879	0.04981	0.06633	0.02585	0.02609	0.01865	0.01311	0.01084	0.00328	0.01235	0.00971	0.01059	0.01865
21	0.01444	0.01034	0.01381	0.01590	0.01703	0.00971	0.01117	0.01719	0.02349	0.03163	0.13159	0.47792	0.07832	0.03305	0.01431	0.00447	0.00669	0.06872	0.01073	0.00947
22	0.03136	0.02343	0.02555	0.02247	0.02919	0.02628	0.01762	0.05907	0.44182	0.12115	0.04560	0.04144	0.03339	0.01507	0.01143	0.00377	0.00901	0.01251	0.01182	0.01802
23	0.01488	0.01146	0.01359	0.01306	0.01617	0.01017	0.00979	0.01920	0.02938	0.03924	0.36249	0.09378	0.27569	0.02521	0.01329	0.00364	0.00547	0.02172	0.01161	0.01017
24	0.02257	0.05822	0.54613	0.03208	0.04871	0.02614	0.04158	0.03564	0.02376	0.03564	0.02020	0.02376	0.01426	0.01069	0.01069	0.00356	0.01663	0.00832	0.00475	0.01663
25	0.68395	0.02177	0.01654	0.01480	0.02177	0.02525	0.01219	0.03309	0.01915	0.05050	0.01567	0.01828	0.01219	0.01045	0.00697	0.00348	0.00871	0.00609	0.00697	0.01219
26	0.02334	0.02001	0.02334	0.01667	0.02667	0.01500	0.01334	0.02834	0.02334	0.03668	0.02001	0.02334	0.01667	0.00834	0.00834	0.00167	0.00834	0.00667	0.00667	0.67325
27	0.02334	0.02001	0.02334	0.01667	0.02667	0.01500	0.01334	0.02834	0.02334	0.03668	0.02001	0.02334	0.01667	0.00834	0.00834	0.00167	0.00834	0.00667	0.00667	0.67325
28	0.02100	0.01776	0.02062	0.01560	0.02385	0.01369	0.01231	0.02572	0.02465	0.03669	0.09138	0.04290	0.10353	0.01301	0.00964	0.00220	0.00760	0.01077	0.00788	0.49921
29	0.10969	0.02978	0.03760	0.11169	0.04415	0.13787	0.13986	0.04162	0.02779	0.17191	0.02627	0.02895	0.01859	0.01152	0.01106	0.00348	0.01496	0.01016	0.00799	0.01506
30	0.08225	0.23218	0.19940	0.02291	0.03340	0.03095	0.02464	0.08460	0.02757	0.03920	0.09508	0.03076	0.02845	0.01247	0.00965	0.00314	0.01224	0.00936	0.00684	0.01490
31	0.10367	0.26076	0.13276	0.02885	0.10723	0.03272	0.02435	0.03806	0.06526	0.07693	0.02222	0.02426	0.01746	0.01080	0.00909	0.00308	0.01220	0.00804	0.00648	0.01576
32	0.08280	0.02286	0.03241	0.04167	0.24560	0.02373	0.02470	0.11669	0.02990	0.04298	0.03340	0.09527	0.03233	0.01731	0.01202	0.00386	0.01158	0.10745	0.00818	0.01528
33	0.02081	0.01948	0.03176	0.43539	0.11969	0.02288	0.02823	0.02752	0.02333	0.02991	0.03420	0.04148	0.09234	0.01370	0.01155	0.00371	0.01343	0.01206	0.00588	0.01265

[dist]
# distance from previous block
# <min> <max>
5	13

[block]
# block no. 2 follows, 11 sequences, length 16
# corresponding to MSA columns:
# 116-131
name=unknown_C
#
# <colnr> <probs for GDERKNQSTAVLIFYWHMCP>
#	G	D	E	R	K	N	Q	S	T	A	V	L	I	F	Y	W	H	M	C	P
0	0.68395	0.02177	0.01654	0.01480	0.02177	0.02525	0.01219	0.03309	0.01915	0.05050	0.01567	0.01828	0.01219	0.01045	0.00697	0.00348	0.00871	0.00609	0.00697	0.01219
1	0.11106	0.02023	0.02201	0.01751	0.02553	0.01872	0.01387	0.03506	0.13064	0.04169	0.07980	0.03328	0.02958	0.01171	0.00937	0.00258	0.00818	0.00939	0.00837	0.37144
2	0.68395	0.02177	0.01654	0.01480	0.02177	0.02525	0.01219	0.03309	0.01915	0.05050	0.01567	0.01828	0.01219	0.01045	0.00697	0.00348	0.00871	0.00609	0.00697	0.01219
3	0.02014	0.01570	0.02004	0.08176	0.02772	0.01640	0.01595	0.06444	0.08031	0.04157	0.23728	0.08046	0.11825	0.02237	0.01317	0.00395	0.00846	0.10924	0.01072	0.01209
4	0.34452	0.02037	0.02167	0.01760	0.02550	0.02058	0.01452	0.04475	0.02615	0.31388	0.03107	0.02901	0.02059	0.01231	0.00930	0.00348	0.00917	0.00889	0.01070	0.01592
5	0.02832	0.02261	0.03557	0.34215	0.17026	0.02545	0.02929	0.08133	0.02746	0.09385	0.02379	0.03017	0.01754	0.01152	0.01124	0.00359	0.01374	0.01017	0.00680	0.01515
6	0.18499	0.01984	0.02366	0.01844	0.02694	0.01824	0.01517	0.04660	0.02819	0.36794	0.03491	0.03196	0.02296	0.01243	0.00997	0.00324	0.00922	0.00956	0.01145	0.10428
7	0.04177	0.01722	0.02332	0.01854	0.02572	0.01505	0.01505	0.04637	0.03212	0.41658	0.16658	0.04986	0.04764	0.01622	0.01181	0.00350	0.00850	0.01360	0.01354	0.01700
8	0.68395	0.02177	0.01654	0.01480	0.02177	0.02525	0.01219	0.03309	0.01915	0.05050	0.01567	0.01828	0.01219	0.01045	0.00697	0.00348	0.00871	0.00609	0.00697	0.01219
9	0.02126	0.02001	0.03376	0.57739	0.07752	0.02501	0.03126	0.02876	0.02251	0.02876	0.02001	0.03001	0.01500	0.01125	0.01125	0.00375	0.01500	0.01000	0.00500	0.01250
10	0.68395	0.02177	0.01654	0.01480	0.02177	0.02525	0.01219	0.03309	0.01915	0.05050	0.01567	0.01828	0.01219	0.01045	0.00697	0.00348	0.00871	0.00609	0.00697	0.01219
11	0.02152	0.01335	0.01801	0.01915	0.02255	0.01273	0.01621	0.02607	0.02638	0.10026	0.06415	0.14917	0.11514	0.02884	0.01463	0.00475	0.00942	0.31550	0.01085	0.01133
12	0.02652	0.01991	0.02367	0.01706	0.02691	0.01518	0.01371	0.03145	0.02438	0.09593	0.02287	0.02509	0.01798	0.00899	0.00869	0.00188	0.00848	0.00721	0.00752	0.59656
13	0.15333	0.01829	0.02105	0.01777	0.02462	0.01732	0.01448	0.03636	0.05986	0.16715	0.10348	0.04964	0.03874	0.01568	0.01068	0.00334	0.00860	0.06990	0.01016	0.15956
14	0.03675	0.01711	0.02290	0.01916	0.02606	0.01496	0.01588	0.04146	0.02981	0.32201	0.09696	0.06044	0.04289	0.01793	0.01209	0.00364	0.00914	0.10717	0.01217	0.09147
15	0.03479	0.01799	0.02283	0.01964	0.02588	0.01745	0.01591	0.04542	0.13632	0.27307	0.13800	0.05949	0.04894	0.01821	0.01228	0.00379	0.00873	0.07256	0.01263	0.01609

[dist]
# distance from previous block
# <min> <max>
7	19

[block]
# block no. 3 follows, 11 sequences, length 9
# corresponding to MSA columns:
# 151-159
name=unknown_D
#
# <colnr> <probs for GDERKNQSTAVLIFYWHMCP>
#	G	D	E	R	K	N	Q	S	T	A	V	L	I	F	Y	W	H	M	C	P
0	0.57894	0.02336	0.01937	0.01662	0.02392	0.02683	0.01370	0.10901	0.02468	0.05385	0.01753	0.01972	0.01333	0.01095	0.00767	0.00347	0.00931	0.00676	0.00767	0.01333
1	0.50628	0.02307	0.02046	0.01722	0.02472	0.02583	0.01420	0.11151	0.02618	0.11023	0.02083	0.02201	0.01513	0.01135	0.00817	0.00347	0.00941	0.00736	0.00847	0.01413
2	0.13575	0.02016	0.02266	0.01689	0.02619	0.01692	0.01365	0.03324	0.02403	0.11746	0.02309	0.02484	0.01768	0.00955	0.00857	0.00225	0.00859	0.00730	0.00785	0.46336
3	0.10834	0.02068	0.02409	0.01938	0.02740	0.01935	0.01603	0.10771	0.03014	0.17338	0.03304	0.04329	0.02690	0.01436	0.01052	0.00316	0.00964	0.07854	0.00986	0.22419
4	0.12887	0.01870	0.02128	0.01665	0.02468	0.01604	0.01323	0.03163	0.02448	0.11722	0.06078	0.07831	0.02868	0.01283	0.00944	0.00261	0.00823	0.01040	0.00855	0.36740
5	0.48711	0.02095	0.01952	0.01642	0.02393	0.02254	0.01354	0.03985	0.02321	0.20324	0.02460	0.02451	0.01706	0.01153	0.00832	0.00348	0.00898	0.00772	0.00913	0.01435
6	0.02673	0.02018	0.02933	0.02591	0.03063	0.02180	0.07403	0.10163	0.02938	0.08245	0.04204	0.07683	0.04127	0.02264	0.01758	0.00456	0.10070	0.22958	0.00943	0.01334
7	0.01814	0.01296	0.01814	0.02073	0.02332	0.01296	0.01814	0.02332	0.02591	0.03368	0.05959	0.12696	0.06478	0.03109	0.01555	0.00518	0.01036	0.45848	0.01036	0.01036
8	0.01828	0.01380	0.02017	0.10682	0.03120	0.01453	0.01958	0.02357	0.02504	0.03253	0.05363	0.14852	0.05780	0.02833	0.01479	0.00491	0.01079	0.35558	0.00954	0.01060

[dist]
# distance from previous block
# <min> <max>
12	155

# created by:
# /st0/software/busco_prod/Augustus/scripts/msa2prfl.pl ./align_prep/11776.fa
