[name]
unknown

[dist]
# distance from previous block
# <min> <max>
0	71

[block]
# block no. 0 follows, 11 sequences, length 56
# corresponding to MSA columns:
# 71-126
name=unknown_A
#
# <colnr> <probs for GDERKNQSTAVLIFYWHMCP>
#	G	D	E	R	K	N	Q	S	T	A	V	L	I	F	Y	W	H	M	C	P
0	0.02860	0.03123	0.02365	0.02257	0.02699	0.25100	0.01754	0.03494	0.07217	0.03398	0.12902	0.06393	0.08572	0.01957	0.01225	0.00366	0.01326	0.10893	0.00885	0.01216
1	0.04533	0.02158	0.03483	0.02595	0.03523	0.01912	0.11956	0.05079	0.03099	0.43271	0.03973	0.03659	0.02553	0.01297	0.01174	0.00355	0.01161	0.01174	0.01215	0.01830
2	0.01640	0.01186	0.01657	0.01687	0.01843	0.01311	0.01265	0.01950	0.01855	0.02588	0.03498	0.06160	0.03577	0.21444	0.36452	0.01470	0.02279	0.06539	0.00674	0.00924
3	0.03018	0.01423	0.01916	0.01724	0.02182	0.01268	0.01313	0.03390	0.02841	0.25536	0.15511	0.24340	0.06106	0.02334	0.01281	0.00388	0.00759	0.02049	0.01238	0.01381
4	0.02791	0.03046	0.06372	0.04566	0.05685	0.02900	0.45435	0.07413	0.02874	0.03894	0.02312	0.03008	0.01725	0.00982	0.01312	0.00376	0.01843	0.01302	0.00615	0.01551
5	0.02516	0.10079	0.45629	0.03043	0.04575	0.02850	0.03779	0.08052	0.02654	0.03834	0.02049	0.02361	0.01475	0.01088	0.01046	0.00345	0.01584	0.00831	0.00539	0.01670
6	0.01637	0.01091	0.01228	0.01228	0.01228	0.01091	0.00682	0.01637	0.01637	0.02182	0.03546	0.07365	0.04092	0.60445	0.05729	0.01091	0.01091	0.01637	0.00682	0.00682
7	0.01620	0.01156	0.01556	0.01556	0.01670	0.01270	0.01092	0.01848	0.01734	0.02426	0.03246	0.05701	0.03369	0.31043	0.34142	0.01497	0.02179	0.01393	0.00637	0.00865
8	0.02731	0.02713	0.04503	0.03463	0.04340	0.02822	0.24516	0.04845	0.28092	0.04181	0.03480	0.03643	0.02610	0.01251	0.01233	0.00381	0.01372	0.01299	0.00870	0.01656
9	0.02800	0.02418	0.02545	0.02291	0.02927	0.02800	0.01782	0.05981	0.51390	0.04708	0.04581	0.04199	0.03436	0.01527	0.01145	0.00382	0.00891	0.01273	0.01145	0.01782
10	0.01593	0.01150	0.01504	0.01416	0.01681	0.01062	0.01062	0.02124	0.03186	0.04513	0.52830	0.08407	0.10620	0.02301	0.01327	0.00354	0.00531	0.02035	0.01239	0.01062
11	0.02126	0.02001	0.03376	0.57739	0.07752	0.02501	0.03126	0.02876	0.02251	0.02876	0.02001	0.03001	0.01500	0.01125	0.01125	0.00375	0.01500	0.01000	0.00500	0.01250
12	0.02809	0.46399	0.18867	0.02267	0.03417	0.03964	0.02520	0.03422	0.02311	0.02892	0.01686	0.01957	0.01439	0.00991	0.00815	0.00272	0.01326	0.00663	0.00480	0.01503
13	0.02786	0.02674	0.04568	0.06908	0.53424	0.02674	0.03454	0.03454	0.02563	0.03677	0.02117	0.02786	0.01783	0.01003	0.01114	0.00334	0.01337	0.01003	0.00557	0.01783
14	0.02098	0.01049	0.01049	0.01049	0.01311	0.01049	0.00787	0.02623	0.02360	0.04196	0.03672	0.04196	0.02885	0.01311	0.00787	0.00262	0.00525	0.01049	0.66693	0.01049
15	0.01637	0.01091	0.01228	0.01228	0.01228	0.01091	0.00682	0.01637	0.01637	0.02182	0.03546	0.07365	0.04092	0.60445	0.05729	0.01091	0.01091	0.01637	0.00682	0.00682
16	0.03338	0.12392	0.08826	0.04356	0.24351	0.02717	0.06442	0.03975	0.02675	0.16251	0.02617	0.02873	0.01943	0.01096	0.01067	0.00328	0.01292	0.00980	0.00750	0.01729
17	0.02692	0.02125	0.03431	0.04768	0.32062	0.02079	0.02598	0.03256	0.02662	0.09555	0.08212	0.10293	0.03818	0.01643	0.01214	0.00368	0.01113	0.05726	0.00819	0.01565
18	0.02098	0.01049	0.01049	0.01049	0.01311	0.01049	0.00787	0.02623	0.02360	0.04196	0.03672	0.04196	0.02885	0.01311	0.00787	0.00262	0.00525	0.01049	0.66693	0.01049
19	0.01524	0.01129	0.01422	0.01389	0.01649	0.01026	0.01026	0.01976	0.02964	0.04081	0.40613	0.14802	0.17163	0.02534	0.01341	0.00370	0.00552	0.02227	0.01185	0.01026
20	0.03125	0.02579	0.02728	0.02356	0.03051	0.02951	0.01860	0.15587	0.41255	0.05233	0.04168	0.03870	0.03101	0.01488	0.01141	0.00372	0.00967	0.01216	0.01141	0.01811
21	0.03108	0.02778	0.04311	0.05975	0.42635	0.02851	0.03170	0.13440	0.03152	0.04415	0.02244	0.02768	0.01811	0.01078	0.01117	0.00335	0.01316	0.01005	0.00680	0.01811
22	0.02334	0.02001	0.02334	0.01667	0.02667	0.01500	0.01334	0.02834	0.02334	0.03668	0.02001	0.02334	0.01667	0.00834	0.00834	0.00167	0.00834	0.00667	0.00667	0.67325
23	0.33677	0.02705	0.02588	0.02081	0.02888	0.03048	0.01717	0.28413	0.03744	0.06156	0.02182	0.02302	0.01595	0.01211	0.00929	0.00343	0.01070	0.00828	0.00929	0.01595
24	0.14768	0.02820	0.02919	0.02297	0.03145	0.03094	0.01882	0.33683	0.08979	0.06230	0.02636	0.02671	0.01925	0.01273	0.01031	0.00330	0.01109	0.00942	0.01017	0.07250
25	0.04279	0.03153	0.03378	0.02590	0.03490	0.03490	0.02139	0.49671	0.05292	0.07093	0.02702	0.02702	0.01914	0.01351	0.01126	0.00338	0.01239	0.01013	0.01126	0.01914
26	0.01446	0.01033	0.01391	0.01652	0.01750	0.00978	0.01174	0.01696	0.02228	0.02957	0.06162	0.51793	0.07281	0.03456	0.01456	0.00467	0.00718	0.10381	0.01043	0.00935
27	0.16138	0.02972	0.03059	0.02384	0.03247	0.03312	0.01969	0.41095	0.04667	0.06715	0.02492	0.02541	0.01786	0.01294	0.01047	0.00340	0.01170	0.00939	0.01047	0.01786
28	0.04279	0.03153	0.03378	0.02590	0.03490	0.03490	0.02139	0.49671	0.05292	0.07093	0.02702	0.02702	0.01914	0.01351	0.01126	0.00338	0.01239	0.01013	0.01126	0.01914
29	0.31626	0.02532	0.02474	0.02031	0.02772	0.02860	0.01667	0.24791	0.03479	0.05752	0.02245	0.02503	0.01707	0.01949	0.06588	0.00494	0.01263	0.00859	0.00887	0.01521
30	0.02345	0.12288	0.48917	0.03058	0.04640	0.02829	0.03897	0.03542	0.02366	0.03457	0.01967	0.02310	0.01428	0.01057	0.01029	0.00343	0.01610	0.00805	0.00476	0.01638
31	0.03265	0.02767	0.05098	0.09389	0.05181	0.02726	0.28846	0.11619	0.03152	0.12353	0.02672	0.03105	0.01897	0.01107	0.01241	0.00367	0.01592	0.01209	0.00790	0.01622
32	0.02946	0.02671	0.04627	0.04595	0.20063	0.02674	0.18916	0.04301	0.14493	0.08410	0.02978	0.03309	0.02247	0.01146	0.01198	0.00363	0.01391	0.01193	0.00779	0.01702
33	0.02098	0.01049	0.01049	0.01049	0.01311	0.01049	0.00787	0.02623	0.02360	0.04196	0.03672	0.04196	0.02885	0.01311	0.00787	0.00262	0.00525	0.01049	0.66693	0.01049
34	0.01407	0.01007	0.01338	0.01543	0.01640	0.00938	0.01048	0.01658	0.02323	0.03141	0.13817	0.51333	0.07963	0.03326	0.01419	0.00440	0.00633	0.03010	0.01077	0.00938
35	0.04151	0.03492	0.12934	0.02540	0.03539	0.08812	0.02362	0.20094	0.03763	0.22364	0.03066	0.02955	0.02071	0.01289	0.01104	0.00339	0.01315	0.00986	0.01030	0.01795
36	0.02239	0.02167	0.03818	0.47749	0.11634	0.02552	0.07912	0.03002	0.02320	0.03022	0.02039	0.02985	0.01547	0.01096	0.01145	0.00372	0.01527	0.01034	0.00512	0.01325
37	0.02098	0.01049	0.01049	0.01049	0.01311	0.01049	0.00787	0.02623	0.02360	0.04196	0.03672	0.04196	0.02885	0.01311	0.00787	0.00262	0.00525	0.01049	0.66693	0.01049
38	0.02234	0.01584	0.01772	0.01732	0.02123	0.01708	0.01377	0.03675	0.19419	0.04222	0.08866	0.06409	0.04542	0.01863	0.01125	0.00367	0.00762	0.10893	0.24027	0.01300
39	0.02932	0.55429	0.10913	0.02058	0.03093	0.04264	0.02156	0.03390	0.02296	0.02742	0.01612	0.01864	0.01442	0.00974	0.00758	0.00253	0.01251	0.00625	0.00481	0.01467
40	0.02126	0.02001	0.03376	0.57739	0.07752	0.02501	0.03126	0.02876	0.02251	0.02876	0.02001	0.03001	0.01500	0.01125	0.01125	0.00375	0.01500	0.01000	0.00500	0.01250
41	0.01608	0.01206	0.01809	0.01809	0.02010	0.01407	0.01407	0.02010	0.01809	0.02613	0.03015	0.04422	0.02814	0.08441	0.55984	0.01809	0.03015	0.01206	0.00603	0.01005
42	0.03030	0.01825	0.03001	0.02340	0.03005	0.01654	0.11699	0.03618	0.03084	0.21675	0.25004	0.05648	0.05958	0.01692	0.01259	0.00358	0.00975	0.01567	0.01148	0.01459
43	0.02693	0.37894	0.26360	0.02464	0.03722	0.03681	0.02864	0.03452	0.02324	0.03033	0.01756	0.02045	0.01437	0.01008	0.00868	0.00289	0.01397	0.00698	0.00479	0.01536
44	0.05050	0.01915	0.02612	0.02003	0.02873	0.01654	0.01654	0.05485	0.03221	0.54203	0.04440	0.03831	0.02786	0.01393	0.01132	0.00348	0.00958	0.01132	0.01393	0.01915
45	0.02800	0.02418	0.02545	0.02291	0.02927	0.02800	0.01782	0.05981	0.51390	0.04708	0.04581	0.04199	0.03436	0.01527	0.01145	0.00382	0.00891	0.01273	0.01145	0.01782
46	0.03023	0.03430	0.04340	0.18639	0.13632	0.19378	0.14512	0.03665	0.02700	0.03156	0.02008	0.02669	0.01584	0.01071	0.01140	0.00343	0.01739	0.00997	0.00552	0.01424
47	0.01620	0.01211	0.01543	0.01629	0.01922	0.01134	0.01335	0.02081	0.02765	0.03630	0.21604	0.10907	0.19915	0.02796	0.01427	0.00432	0.00761	0.21166	0.01100	0.01022
48	0.01448	0.01145	0.01304	0.01264	0.01593	0.01000	0.00948	0.01843	0.02844	0.03701	0.29981	0.09745	0.33976	0.02604	0.01329	0.00368	0.00553	0.02223	0.01132	0.01000
49	0.09763	0.02616	0.02756	0.02322	0.03047	0.02942	0.01885	0.24390	0.22263	0.05661	0.03590	0.04059	0.02823	0.01542	0.01129	0.00371	0.01053	0.04987	0.01084	0.01719
50	0.08310	0.02550	0.04292	0.09401	0.23088	0.02730	0.12133	0.03458	0.02411	0.07573	0.02171	0.02804	0.01725	0.01200	0.01559	0.00376	0.11001	0.01042	0.00622	0.01554
51	0.03143	0.01494	0.02001	0.01679	0.02216	0.01328	0.01328	0.03631	0.03202	0.26797	0.31129	0.06355	0.07107	0.01894	0.01240	0.00351	0.00722	0.01630	0.01308	0.01445
52	0.01685	0.01273	0.01570	0.01474	0.01787	0.01221	0.01112	0.02450	0.07833	0.04386	0.44010	0.08237	0.14116	0.02280	0.01310	0.00359	0.00570	0.01995	0.01211	0.01121
53	0.01388	0.01015	0.01306	0.01502	0.01624	0.00933	0.01024	0.01628	0.02305	0.03055	0.11434	0.48909	0.13082	0.03326	0.01413	0.00438	0.00631	0.02988	0.01064	0.00933
54	0.09542	0.13203	0.09259	0.03650	0.09313	0.14431	0.17986	0.03709	0.02603	0.03412	0.01935	0.02415	0.01544	0.01022	0.01054	0.00328	0.01632	0.00931	0.00560	0.01470
55	0.03462	0.02096	0.03639	0.02863	0.03655	0.01926	0.16342	0.04077	0.02882	0.25267	0.04176	0.05923	0.03428	0.01709	0.01304	0.00403	0.01267	0.12974	0.01046	0.01562

[dist]
# distance from previous block
# <min> <max>
0	10

# created by:
# /st0/software/busco_prod/Augustus/scripts/msa2prfl.pl ./align_prep/11795.fa
