[name]
unknown

[dist]
# distance from previous block
# <min> <max>
33	492

[block]
# block no. 0 follows, 12 sequences, length 11
# corresponding to MSA columns:
# 535-545
name=unknown_A
#
# <colnr> <probs for GDERKNQSTAVLIFYWHMCP>
#	G	D	E	R	K	N	Q	S	T	A	V	L	I	F	Y	W	H	M	C	P
0	0.12705	0.02096	0.03000	0.03768	0.24750	0.02034	0.02139	0.03157	0.02269	0.08992	0.02166	0.02674	0.01751	0.01380	0.01415	0.09747	0.01054	0.00866	0.00655	0.13385
1	0.22649	0.02335	0.02466	0.01997	0.02767	0.02504	0.01633	0.17668	0.10666	0.20038	0.03060	0.02907	0.02124	0.01262	0.00977	0.00339	0.00971	0.00941	0.01050	0.01645
2	0.03472	0.02301	0.10444	0.10436	0.03563	0.01760	0.02073	0.04081	0.02854	0.30886	0.12534	0.04174	0.03674	0.01422	0.01120	0.00343	0.01034	0.01191	0.01062	0.01576
3	0.02686	0.01708	0.02522	0.10566	0.12305	0.01703	0.01899	0.03290	0.05244	0.16696	0.11332	0.17159	0.04533	0.01854	0.01189	0.00365	0.00935	0.01650	0.00973	0.01393
4	0.02521	0.02425	0.07593	0.01959	0.02492	0.11318	0.01687	0.02972	0.02692	0.11022	0.11314	0.13975	0.13061	0.02136	0.01223	0.00371	0.01041	0.08038	0.00946	0.01214
5	0.11459	0.14548	0.20899	0.02067	0.02974	0.02369	0.02233	0.02925	0.02481	0.03784	0.18985	0.04039	0.04279	0.01404	0.01003	0.00322	0.01059	0.01116	0.00734	0.01320
6	0.02693	0.03130	0.17273	0.11901	0.13538	0.02369	0.07080	0.03455	0.02398	0.10575	0.02274	0.02717	0.01689	0.01112	0.01263	0.00336	0.06063	0.00937	0.00631	0.08564
7	0.02052	0.01384	0.01732	0.01618	0.01879	0.01398	0.01191	0.10568	0.02817	0.03854	0.21591	0.17028	0.06000	0.02711	0.02030	0.17644	0.00772	0.01771	0.00956	0.01005
8	0.03907	0.01767	0.02417	0.01993	0.02580	0.01716	0.01606	0.04262	0.02734	0.38823	0.04208	0.13755	0.03329	0.01796	0.01494	0.00376	0.09045	0.01435	0.01168	0.01590
9	0.13326	0.01958	0.02339	0.07307	0.03008	0.02037	0.01649	0.10887	0.07286	0.21980	0.03731	0.13443	0.03091	0.01649	0.01086	0.00360	0.00947	0.01362	0.01047	0.01509
10	0.12076	0.01657	0.02363	0.29328	0.04599	0.01906	0.02048	0.02620	0.02162	0.06411	0.03264	0.20486	0.03246	0.01804	0.01120	0.00382	0.01079	0.01570	0.00728	0.01148

[dist]
# distance from previous block
# <min> <max>
3	30

[block]
# block no. 1 follows, 12 sequences, length 37
# corresponding to MSA columns:
# 576-612
name=unknown_B
#
# <colnr> <probs for GDERKNQSTAVLIFYWHMCP>
#	G	D	E	R	K	N	Q	S	T	A	V	L	I	F	Y	W	H	M	C	P
0	0.03171	0.02180	0.02524	0.01922	0.02801	0.02004	0.01553	0.12444	0.09875	0.14335	0.02859	0.02853	0.02102	0.01095	0.00956	0.00254	0.00909	0.00874	0.00926	0.34364
1	0.39383	0.01617	0.01477	0.01453	0.01882	0.01775	0.01108	0.02527	0.02081	0.04158	0.09451	0.21380	0.04221	0.01926	0.00978	0.00372	0.00736	0.01559	0.00847	0.01068
2	0.02900	0.03561	0.22528	0.03303	0.13584	0.02350	0.02835	0.10072	0.02817	0.10390	0.02351	0.02588	0.01717	0.01058	0.01018	0.00304	0.01264	0.00869	0.00705	0.13787
3	0.02803	0.01556	0.01880	0.01641	0.02052	0.01538	0.01203	0.03597	0.12155	0.19186	0.10852	0.05640	0.04322	0.23574	0.02755	0.00608	0.00906	0.01422	0.01031	0.01280
4	0.14980	0.17990	0.06082	0.02328	0.07395	0.02839	0.01866	0.12400	0.02937	0.06664	0.11353	0.03266	0.03122	0.01279	0.00945	0.00309	0.01022	0.00979	0.00802	0.01442
5	0.01778	0.01205	0.01581	0.01508	0.01783	0.01056	0.01061	0.01802	0.01889	0.02658	0.03445	0.24604	0.03810	0.02874	0.02290	0.25194	0.00793	0.01674	0.00720	0.18277
6	0.01998	0.01865	0.03374	0.15774	0.04163	0.01904	0.17074	0.02555	0.02324	0.03139	0.12510	0.05027	0.03873	0.17012	0.02349	0.00541	0.01290	0.01423	0.00689	0.01114
7	0.32490	0.01836	0.01782	0.01515	0.02187	0.01800	0.01191	0.02731	0.02046	0.04020	0.02486	0.12675	0.02432	0.01373	0.00853	0.00292	0.00792	0.01065	0.00725	0.25707
8	0.26923	0.01580	0.01712	0.01609	0.02063	0.01679	0.01248	0.02906	0.02125	0.13081	0.03461	0.18001	0.03322	0.03080	0.11869	0.00638	0.01204	0.01446	0.00867	0.01186
9	0.02932	0.01721	0.02156	0.01701	0.02455	0.01392	0.01339	0.03340	0.02506	0.20255	0.03488	0.14051	0.03045	0.01486	0.01014	0.00273	0.00813	0.01265	0.00944	0.33825
10	0.02287	0.01280	0.01613	0.01500	0.01887	0.01137	0.01117	0.02660	0.02481	0.13520	0.11341	0.25157	0.05272	0.02145	0.01134	0.00340	0.00672	0.01879	0.13145	0.09429
11	0.03616	0.01905	0.02369	0.02043	0.02705	0.01900	0.01671	0.04916	0.19183	0.29557	0.04612	0.05383	0.03551	0.01693	0.01175	0.00378	0.00921	0.09555	0.01209	0.01659
12	0.02343	0.03117	0.14433	0.21308	0.06086	0.02612	0.27492	0.03265	0.02402	0.03265	0.02077	0.02815	0.01542	0.00994	0.01180	0.00362	0.01677	0.01101	0.00514	0.01415
13	0.21242	0.02015	0.02277	0.01862	0.02618	0.02036	0.01517	0.04858	0.12393	0.32590	0.03604	0.03276	0.02426	0.01287	0.00989	0.00344	0.00893	0.00991	0.01128	0.01655
14	0.14725	0.01273	0.01336	0.01272	0.01542	0.01307	0.00914	0.02244	0.02314	0.03830	0.21703	0.05914	0.05530	0.17280	0.02182	0.00511	0.00718	0.01432	0.13012	0.00960
15	0.02693	0.12608	0.02822	0.01883	0.02335	0.02191	0.01570	0.03087	0.02612	0.15109	0.20875	0.07584	0.05113	0.01796	0.01585	0.00353	0.12142	0.01386	0.00952	0.01305
16	0.02358	0.06627	0.24278	0.05469	0.03971	0.02478	0.06906	0.05678	0.12231	0.03703	0.03152	0.04522	0.02691	0.01478	0.01144	0.00375	0.01328	0.09399	0.00720	0.01492
17	0.26385	0.01457	0.01410	0.01326	0.01640	0.01558	0.00947	0.02301	0.02075	0.03718	0.15962	0.05435	0.04590	0.24019	0.02657	0.00608	0.00838	0.01322	0.00806	0.00947
18	0.02466	0.01507	0.02094	0.14123	0.05785	0.01568	0.01644	0.03085	0.05045	0.12900	0.06230	0.14852	0.03675	0.01701	0.01074	0.00343	0.00870	0.01477	0.18300	0.01259
19	0.31702	0.01651	0.01858	0.12542	0.02898	0.01893	0.01451	0.02471	0.01759	0.03389	0.01737	0.02555	0.01494	0.02043	0.02067	0.25205	0.00999	0.00794	0.00564	0.00928
20	0.01434	0.01097	0.01252	0.01253	0.01504	0.00987	0.00902	0.01730	0.02466	0.03187	0.20909	0.11909	0.28804	0.13336	0.02075	0.00496	0.00657	0.04098	0.00999	0.00905
21	0.02130	0.03026	0.15902	0.02147	0.02753	0.12226	0.02011	0.02692	0.02565	0.03299	0.15188	0.22231	0.05281	0.02083	0.01196	0.00363	0.01117	0.01782	0.00825	0.01180
22	0.02522	0.01991	0.01833	0.01727	0.02125	0.11922	0.01289	0.02834	0.02692	0.12580	0.12323	0.20441	0.16827	0.02291	0.01221	0.00362	0.00909	0.01940	0.01011	0.01161
23	0.03061	0.14300	0.22842	0.02532	0.03510	0.02769	0.02689	0.03743	0.02377	0.16701	0.02385	0.02584	0.01737	0.01267	0.01481	0.00348	0.12552	0.00870	0.00696	0.01556
24	0.02413	0.25186	0.23311	0.02109	0.03119	0.02790	0.02388	0.03147	0.02266	0.03287	0.02211	0.02558	0.01755	0.01059	0.00842	0.00281	0.01162	0.00779	0.17956	0.01379
25	0.02225	0.01864	0.02656	0.16928	0.03687	0.02283	0.02067	0.02639	0.02211	0.07333	0.08591	0.04699	0.12341	0.01839	0.02077	0.00403	0.22930	0.01319	0.00721	0.01186
26	0.03135	0.37992	0.04501	0.02145	0.02934	0.15853	0.01893	0.03996	0.12187	0.02973	0.02117	0.02245	0.01772	0.01081	0.00842	0.00270	0.01287	0.00735	0.00612	0.01432
27	0.02946	0.13280	0.02715	0.01852	0.02413	0.02047	0.01519	0.03660	0.09417	0.19114	0.04387	0.20070	0.04104	0.02008	0.01140	0.00366	0.00889	0.05644	0.01022	0.01405
28	0.15194	0.02254	0.09405	0.01887	0.02670	0.01726	0.01706	0.03629	0.02474	0.22693	0.03515	0.14030	0.02980	0.01577	0.01033	0.00337	0.00934	0.01296	0.00954	0.09706
29	0.02779	0.03079	0.17097	0.02637	0.03776	0.02012	0.11630	0.03539	0.02488	0.12951	0.02423	0.02666	0.01758	0.00987	0.01012	0.00281	0.01237	0.00893	0.00707	0.26051
30	0.05779	0.02376	0.12390	0.01933	0.02672	0.01684	0.01815	0.05324	0.02663	0.17207	0.12463	0.04913	0.03987	0.10060	0.01730	0.00435	0.01005	0.03578	0.00934	0.07053
31	0.10336	0.10921	0.14849	0.12367	0.03679	0.02318	0.02272	0.02794	0.02214	0.03334	0.09186	0.03451	0.02850	0.02569	0.11850	0.00603	0.01529	0.01007	0.00617	0.01254
32	0.10531	0.01529	0.01768	0.01639	0.02055	0.01559	0.01249	0.03217	0.11773	0.11178	0.22611	0.16201	0.06273	0.02052	0.01173	0.00366	0.00697	0.01765	0.01103	0.01259
33	0.23252	0.01927	0.01656	0.01642	0.02001	0.09123	0.01218	0.02537	0.02332	0.03722	0.12748	0.24616	0.05068	0.02128	0.01090	0.00369	0.00860	0.01774	0.00878	0.01057
34	0.03627	0.01868	0.02324	0.01949	0.02562	0.01813	0.01536	0.15228	0.03290	0.27795	0.04416	0.20876	0.03869	0.01969	0.01185	0.00367	0.00904	0.01679	0.01184	0.01560
35	0.12937	0.01975	0.02388	0.01938	0.02638	0.01994	0.01584	0.12697	0.03047	0.29618	0.03349	0.03358	0.02343	0.02613	0.11888	0.00608	0.01350	0.01020	0.01063	0.01593
36	0.02187	0.01480	0.01812	0.01682	0.02103	0.01410	0.01256	0.03032	0.11638	0.10030	0.14270	0.25386	0.05780	0.02225	0.01204	0.00359	0.00712	0.01961	0.01058	0.10415

[dist]
# distance from previous block
# <min> <max>
0	11

[block]
# block no. 2 follows, 12 sequences, length 7
# corresponding to MSA columns:
# 624-630
name=unknown_C
#
# <colnr> <probs for GDERKNQSTAVLIFYWHMCP>
#	G	D	E	R	K	N	Q	S	T	A	V	L	I	F	Y	W	H	M	C	P
0	0.20839	0.02068	0.02278	0.01763	0.02605	0.01955	0.01442	0.08579	0.02723	0.21145	0.02664	0.02640	0.01878	0.01087	0.00895	0.00281	0.00895	0.00812	0.00927	0.22524
1	0.11497	0.02396	0.03085	0.02313	0.03212	0.02329	0.08239	0.17263	0.03242	0.14934	0.02584	0.02681	0.01850	0.01098	0.00994	0.00293	0.01086	0.00910	0.00903	0.19091
2	0.02293	0.01685	0.02421	0.22706	0.04171	0.01689	0.01900	0.02786	0.02298	0.09713	0.03237	0.17075	0.03066	0.01620	0.01091	0.00327	0.01017	0.01423	0.00766	0.18716
3	0.21870	0.09973	0.02520	0.01670	0.02415	0.02107	0.01403	0.03682	0.02531	0.20756	0.09600	0.03319	0.02986	0.01249	0.00914	0.00302	0.00865	0.00947	0.00932	0.09958
4	0.02881	0.03462	0.23976	0.02751	0.03824	0.02192	0.09173	0.04014	0.08904	0.16297	0.03285	0.08859	0.02573	0.01392	0.01130	0.00359	0.01282	0.01226	0.00828	0.01594
5	0.02915	0.02164	0.03053	0.08533	0.03587	0.02090	0.08322	0.13199	0.03138	0.11315	0.10728	0.03626	0.03172	0.01256	0.01077	0.00298	0.01069	0.01109	0.00891	0.18456
6	0.10639	0.01393	0.01663	0.01506	0.01932	0.01301	0.01146	0.02587	0.02651	0.10512	0.26222	0.16283	0.06624	0.02035	0.01152	0.00341	0.00663	0.01756	0.01055	0.08538

[dist]
# distance from previous block
# <min> <max>
41	856

[block]
# block no. 3 follows, 12 sequences, length 9
# corresponding to MSA columns:
# 1494-1502
name=unknown_D
#
# <colnr> <probs for GDERKNQSTAVLIFYWHMCP>
#	G	D	E	R	K	N	Q	S	T	A	V	L	I	F	Y	W	H	M	C	P
0	0.01808	0.01717	0.03258	0.02705	0.03169	0.01607	0.20254	0.02279	0.02275	0.03057	0.04543	0.38596	0.05069	0.02453	0.01351	0.00414	0.01097	0.02401	0.00835	0.01111
1	0.01563	0.02230	0.16224	0.01952	0.02439	0.01335	0.01836	0.02047	0.02146	0.02966	0.04903	0.44944	0.05619	0.02766	0.01295	0.00416	0.00900	0.02473	0.00861	0.01084
2	0.02828	0.02361	0.03516	0.02691	0.03416	0.02408	0.15059	0.21413	0.03733	0.05096	0.20146	0.04592	0.04678	0.01516	0.01211	0.00344	0.01140	0.01403	0.00981	0.01468
3	0.25308	0.02199	0.03096	0.02418	0.03126	0.02283	0.14840	0.09076	0.02785	0.04626	0.15505	0.03847	0.03752	0.01339	0.01053	0.00346	0.01075	0.01188	0.00830	0.01306
4	0.02013	0.02843	0.20242	0.02163	0.02888	0.01787	0.02179	0.08568	0.02706	0.03784	0.11913	0.25108	0.05034	0.02147	0.01215	0.00379	0.01020	0.01868	0.00864	0.01279
5	0.02132	0.03233	0.22790	0.02370	0.03219	0.02144	0.02419	0.03723	0.19516	0.03648	0.03911	0.18930	0.03638	0.01837	0.01158	0.00380	0.01089	0.01578	0.00833	0.01452
6	0.41462	0.01999	0.02004	0.01653	0.02401	0.02081	0.01363	0.04118	0.02403	0.26860	0.02723	0.02611	0.01838	0.01158	0.00857	0.00337	0.00880	0.00810	0.00967	0.01473
7	0.14453	0.02062	0.02360	0.01954	0.02693	0.02116	0.01577	0.05141	0.19912	0.30095	0.03903	0.03523	0.02671	0.01340	0.01034	0.00348	0.00892	0.01062	0.01160	0.01703
8	0.51048	0.02062	0.01782	0.01483	0.02238	0.02175	0.01211	0.03080	0.01966	0.04526	0.01633	0.01905	0.01299	0.00956	0.00711	0.00289	0.00834	0.00606	0.00667	0.19527

[dist]
# distance from previous block
# <min> <max>
26	46

[block]
# block no. 4 follows, 12 sequences, length 12
# corresponding to MSA columns:
# 1552-1563
name=unknown_E
#
# <colnr> <probs for GDERKNQSTAVLIFYWHMCP>
#	G	D	E	R	K	N	Q	S	T	A	V	L	I	F	Y	W	H	M	C	P
0	0.08082	0.02161	0.02528	0.02002	0.02728	0.02190	0.01632	0.21262	0.03764	0.24415	0.13466	0.04071	0.03805	0.01488	0.01105	0.00335	0.00939	0.01197	0.01182	0.01647
1	0.03907	0.31992	0.04117	0.01903	0.02791	0.02954	0.01734	0.04293	0.02670	0.29191	0.02914	0.02734	0.02051	0.01142	0.00899	0.00285	0.01047	0.00841	0.00909	0.01628
2	0.11628	0.01352	0.01555	0.01564	0.01884	0.01306	0.01170	0.02116	0.02081	0.03198	0.04240	0.24476	0.04727	0.12279	0.01911	0.00498	0.00835	0.10945	0.00845	0.11390
3	0.12079	0.01423	0.02079	0.01959	0.02270	0.01404	0.08392	0.02071	0.02123	0.03215	0.04752	0.43227	0.05456	0.02675	0.01265	0.00415	0.00843	0.02443	0.00892	0.01018
4	0.69383	0.02109	0.01603	0.01434	0.02109	0.02446	0.01181	0.03205	0.01856	0.04892	0.01518	0.01771	0.01181	0.01012	0.00675	0.00337	0.00843	0.00590	0.00675	0.01181
5	0.56393	0.02297	0.01935	0.01648	0.02362	0.02632	0.01358	0.12770	0.02507	0.05286	0.01737	0.01940	0.01315	0.01071	0.00758	0.00335	0.00914	0.00668	0.00758	0.01315
6	0.02394	0.01701	0.01933	0.01752	0.02066	0.01800	0.01306	0.16747	0.02841	0.03783	0.03653	0.06796	0.03786	0.31730	0.03395	0.00726	0.01090	0.10553	0.00859	0.01090
7	0.22609	0.02157	0.02943	0.18259	0.12683	0.02284	0.04988	0.03040	0.02172	0.03747	0.01846	0.02402	0.01461	0.00980	0.00918	0.00309	0.01136	0.00809	0.00587	0.14670
8	0.12257	0.01939	0.02123	0.01708	0.02438	0.01786	0.01341	0.10099	0.02612	0.04112	0.02792	0.13933	0.02702	0.01435	0.00948	0.00269	0.00839	0.01178	0.00792	0.34694
9	0.12450	0.01353	0.01627	0.01591	0.01947	0.01335	0.01257	0.02549	0.02637	0.09545	0.23918	0.15286	0.06800	0.02276	0.01230	0.00388	0.00725	0.10902	0.01068	0.01116
10	0.19853	0.07256	0.19449	0.05643	0.03907	0.05963	0.07923	0.10820	0.02691	0.04221	0.01931	0.02266	0.01440	0.01061	0.00959	0.00333	0.01362	0.00821	0.00631	0.01469
11	0.02774	0.01829	0.02172	0.01804	0.02455	0.01756	0.01421	0.04039	0.17987	0.15223	0.16808	0.04647	0.04619	0.01496	0.01085	0.00309	0.00774	0.01265	0.01081	0.16456

[dist]
# distance from previous block
# <min> <max>
1	9

[block]
# block no. 5 follows, 12 sequences, length 12
# corresponding to MSA columns:
# 1573-1584
name=unknown_F
#
# <colnr> <probs for GDERKNQSTAVLIFYWHMCP>
#	G	D	E	R	K	N	Q	S	T	A	V	L	I	F	Y	W	H	M	C	P
0	0.02563	0.01828	0.02783	0.24644	0.10383	0.01893	0.02215	0.03099	0.02386	0.12835	0.03089	0.12889	0.02726	0.01484	0.01103	0.00340	0.01108	0.01314	0.00765	0.10553
1	0.01755	0.01372	0.01934	0.21893	0.03450	0.01546	0.01508	0.02015	0.01798	0.02354	0.02900	0.05623	0.03066	0.40004	0.03954	0.00809	0.01199	0.01365	0.00598	0.00858
2	0.06380	0.02083	0.03089	0.10768	0.03753	0.02264	0.08963	0.03877	0.11840	0.14897	0.03424	0.08140	0.02820	0.01579	0.01436	0.00386	0.07857	0.04118	0.00881	0.01444
3	0.19520	0.13687	0.03045	0.01930	0.02707	0.02820	0.01646	0.18358	0.03263	0.13709	0.07008	0.02926	0.02497	0.01255	0.00935	0.00315	0.01000	0.00919	0.00926	0.01533
4	0.02003	0.01374	0.01859	0.01771	0.01974	0.01471	0.01341	0.02332	0.02445	0.09334	0.20285	0.26699	0.06591	0.02521	0.01732	0.00405	0.11641	0.02111	0.01011	0.01100
5	0.02717	0.01363	0.01723	0.01491	0.01906	0.01227	0.01110	0.03032	0.02624	0.21926	0.17198	0.06618	0.11984	0.17506	0.02331	0.00531	0.00809	0.01603	0.01087	0.01214
6	0.02371	0.02856	0.10773	0.19124	0.04621	0.08576	0.06827	0.03475	0.11049	0.03281	0.03101	0.09202	0.02763	0.01533	0.01158	0.00373	0.01350	0.05529	0.00701	0.01337
7	0.02019	0.02171	0.07731	0.38230	0.11693	0.02188	0.02808	0.02692	0.02210	0.02934	0.02650	0.12774	0.02465	0.01470	0.01136	0.00371	0.01309	0.01320	0.00579	0.01250
8	0.02245	0.01928	0.02427	0.02154	0.02652	0.02089	0.05879	0.04159	0.30407	0.04126	0.13806	0.14473	0.05141	0.01901	0.01207	0.00377	0.00846	0.01695	0.01060	0.01429
9	0.01903	0.01289	0.01627	0.01631	0.01798	0.01367	0.01188	0.02409	0.10511	0.02712	0.03533	0.06189	0.03560	0.18690	0.07543	0.21451	0.01121	0.09868	0.00739	0.00873
10	0.02361	0.06039	0.13134	0.02481	0.03445	0.02156	0.10359	0.03320	0.09190	0.03443	0.02303	0.02711	0.01830	0.01266	0.01313	0.07076	0.01175	0.00893	0.00632	0.24872
11	0.02969	0.02291	0.03067	0.29449	0.05208	0.02649	0.02428	0.16176	0.11722	0.08889	0.02755	0.03102	0.01991	0.01237	0.01094	0.00353	0.01239	0.01029	0.00827	0.01525

[dist]
# distance from previous block
# <min> <max>
42	194

[block]
# block no. 6 follows, 12 sequences, length 19
# corresponding to MSA columns:
# 1782-1800
name=unknown_G
#
# <colnr> <probs for GDERKNQSTAVLIFYWHMCP>
#	G	D	E	R	K	N	Q	S	T	A	V	L	I	F	Y	W	H	M	C	P
0	0.01864	0.01790	0.03425	0.02780	0.03292	0.01674	0.21692	0.02387	0.02382	0.03225	0.08930	0.32007	0.05195	0.02271	0.01338	0.00402	0.01121	0.02244	0.00839	0.01141
1	0.01969	0.01825	0.03220	0.22261	0.07279	0.01941	0.12472	0.02489	0.02151	0.02853	0.03095	0.15298	0.03132	0.12846	0.02026	0.00508	0.01289	0.01578	0.00640	0.01126
2	0.02308	0.06531	0.22881	0.02571	0.03454	0.05752	0.04662	0.03573	0.13137	0.03422	0.03243	0.14389	0.02981	0.01648	0.01247	0.00368	0.04315	0.01367	0.00721	0.01431
3	0.29602	0.14762	0.02541	0.01538	0.02215	0.02403	0.01323	0.03480	0.02256	0.13720	0.02446	0.02588	0.01834	0.01110	0.00776	0.00298	0.00861	0.00769	0.14158	0.01321
4	0.03111	0.05870	0.02729	0.05065	0.02817	0.02507	0.01673	0.24701	0.03334	0.07039	0.02593	0.03571	0.02229	0.12957	0.02473	0.10364	0.03724	0.01069	0.00836	0.01338
5	0.02264	0.01399	0.01787	0.01673	0.01873	0.01457	0.01201	0.12127	0.02349	0.03139	0.02872	0.14687	0.02948	0.03182	0.03008	0.40145	0.00938	0.01385	0.00714	0.00852
6	0.01719	0.14183	0.02246	0.01493	0.01839	0.01664	0.01172	0.02041	0.02435	0.03176	0.18412	0.26997	0.13752	0.02476	0.01200	0.00361	0.00704	0.02147	0.00944	0.01038
7	0.01806	0.14095	0.12399	0.01885	0.02412	0.01879	0.01747	0.02229	0.02153	0.02865	0.04353	0.38160	0.04959	0.02475	0.01187	0.00383	0.00922	0.02168	0.00800	0.01124
8	0.01742	0.01412	0.01880	0.12422	0.02941	0.01538	0.01532	0.02610	0.12261	0.03139	0.04934	0.38736	0.05358	0.02594	0.01279	0.00413	0.00832	0.02328	0.00933	0.01114
9	0.29402	0.25883	0.03205	0.01603	0.02246	0.02891	0.01407	0.02872	0.01912	0.03365	0.01592	0.02071	0.01410	0.01535	0.01401	0.13873	0.00993	0.00659	0.00551	0.01127
10	0.17154	0.03434	0.23606	0.02236	0.03373	0.02126	0.02421	0.03639	0.02362	0.14209	0.02328	0.02462	0.01645	0.01051	0.00928	0.00308	0.01160	0.00788	0.00719	0.14052
11	0.02124	0.01229	0.01498	0.01451	0.01767	0.01111	0.01068	0.02374	0.02347	0.13296	0.06633	0.18028	0.19952	0.15263	0.02204	0.00536	0.00793	0.06269	0.01004	0.01053
12	0.02877	0.03872	0.12915	0.03440	0.14314	0.24047	0.02513	0.03403	0.02612	0.03030	0.02679	0.13978	0.02630	0.01533	0.01095	0.00335	0.01489	0.01258	0.00628	0.01353
13	0.01802	0.01489	0.02110	0.02573	0.12448	0.01348	0.01539	0.02147	0.02204	0.03104	0.04345	0.36731	0.04915	0.02368	0.01204	0.00359	0.00803	0.02148	0.00839	0.15524
14	0.03682	0.01712	0.02250	0.01757	0.02498	0.01452	0.01421	0.04135	0.02953	0.34896	0.14585	0.04391	0.04124	0.01437	0.01083	0.00306	0.00817	0.01200	0.01186	0.14116
15	0.02762	0.02806	0.14060	0.02245	0.03135	0.02090	0.02156	0.03353	0.02312	0.13088	0.02283	0.02566	0.01731	0.01178	0.01464	0.00297	0.12769	0.00826	0.00704	0.28174
16	0.15651	0.02817	0.13064	0.02060	0.03061	0.02110	0.01982	0.09122	0.02727	0.16713	0.02510	0.02568	0.01776	0.01079	0.00930	0.00292	0.01049	0.00814	0.00835	0.18840
17	0.14729	0.04185	0.34533	0.14796	0.04829	0.02493	0.03281	0.03264	0.02192	0.03579	0.01871	0.02332	0.01359	0.01043	0.00980	0.00348	0.01434	0.00800	0.00506	0.01445
18	0.03273	0.15110	0.06576	0.12692	0.03737	0.02529	0.02063	0.04187	0.10061	0.20911	0.05765	0.03339	0.02598	0.01258	0.01018	0.00325	0.01088	0.01011	0.00900	0.01560

[dist]
# distance from previous block
# <min> <max>
82	225

[block]
# block no. 7 follows, 12 sequences, length 18
# corresponding to MSA columns:
# 2044-2061
name=unknown_H
#
# <colnr> <probs for GDERKNQSTAVLIFYWHMCP>
#	G	D	E	R	K	N	Q	S	T	A	V	L	I	F	Y	W	H	M	C	P
0	0.02250	0.02470	0.13081	0.01925	0.02815	0.01560	0.01816	0.02824	0.02300	0.07544	0.03037	0.15438	0.02898	0.01478	0.01007	0.00276	0.00943	0.01260	0.00746	0.34332
1	0.02265	0.01922	0.02848	0.26304	0.04785	0.01906	0.04791	0.02857	0.02311	0.06152	0.02820	0.03319	0.05852	0.01122	0.01010	0.00286	0.01128	0.00979	0.00641	0.26703
2	0.23526	0.09177	0.02609	0.01942	0.02360	0.06906	0.01582	0.02945	0.01947	0.06586	0.01768	0.02362	0.01524	0.01802	0.02110	0.14275	0.14080	0.00785	0.00600	0.01114
3	0.10506	0.14449	0.14903	0.02155	0.03146	0.02738	0.02136	0.06799	0.12778	0.03921	0.02368	0.02508	0.01837	0.01076	0.00902	0.00290	0.01095	0.00805	0.00697	0.14892
4	0.03143	0.09093	0.02630	0.01886	0.02456	0.02241	0.01515	0.10357	0.14688	0.14472	0.03178	0.03352	0.02407	0.01861	0.01729	0.15429	0.00949	0.01012	0.06206	0.01396
5	0.02327	0.02190	0.03004	0.15115	0.03780	0.02857	0.02280	0.03241	0.12279	0.03023	0.02292	0.03159	0.01992	0.05573	0.02649	0.00468	0.30825	0.01056	0.00620	0.01271
6	0.02304	0.01793	0.08032	0.01690	0.02225	0.01321	0.01496	0.02887	0.03002	0.14771	0.37961	0.06556	0.07696	0.01910	0.01218	0.00342	0.00727	0.01657	0.01145	0.01266
7	0.15388	0.01216	0.01298	0.01388	0.01578	0.01254	0.00949	0.01960	0.01944	0.03168	0.04323	0.32369	0.04904	0.15707	0.02119	0.00543	0.00760	0.02084	0.06140	0.00906
8	0.02330	0.01819	0.02331	0.02634	0.12770	0.01860	0.01594	0.13018	0.02809	0.03782	0.08025	0.08771	0.09599	0.20923	0.02571	0.00573	0.01012	0.01526	0.00835	0.01217
9	0.02740	0.13784	0.24085	0.02304	0.03309	0.02301	0.02492	0.03437	0.02425	0.14761	0.03231	0.14541	0.02872	0.01575	0.01063	0.00344	0.01181	0.01301	0.00772	0.01480
10	0.08073	0.15780	0.04229	0.02746	0.03447	0.03108	0.13439	0.03840	0.12613	0.06800	0.02440	0.02757	0.01927	0.01263	0.01503	0.00355	0.12542	0.00988	0.00694	0.01455
11	0.01773	0.01475	0.02446	0.02125	0.02424	0.01468	0.11259	0.02114	0.01979	0.02680	0.03629	0.12277	0.03867	0.25769	0.13894	0.00922	0.01528	0.06720	0.00701	0.00951
12	0.02489	0.01183	0.01675	0.01526	0.01766	0.01109	0.01109	0.02417	0.02140	0.14350	0.13170	0.04393	0.03793	0.02926	0.02948	0.39250	0.00854	0.01190	0.00817	0.00895
13	0.02196	0.01208	0.01614	0.01561	0.01865	0.01095	0.01149	0.02550	0.02666	0.15088	0.22488	0.29800	0.07282	0.02542	0.01289	0.00385	0.00657	0.02261	0.01153	0.01151
14	0.11218	0.03847	0.26821	0.02525	0.03703	0.02489	0.02748	0.13631	0.03010	0.15927	0.02561	0.02617	0.01747	0.01159	0.01017	0.00339	0.01283	0.00881	0.00813	0.01664
15	0.07013	0.03654	0.25490	0.10675	0.04300	0.02445	0.02870	0.07771	0.08668	0.12595	0.02669	0.02828	0.01871	0.01170	0.01045	0.00348	0.01304	0.00930	0.00754	0.01601
16	0.40793	0.14414	0.02816	0.14334	0.03451	0.02824	0.01732	0.03124	0.02002	0.03947	0.01611	0.02019	0.01286	0.01013	0.00772	0.00322	0.01045	0.00673	0.00590	0.01232
17	0.11106	0.15941	0.03479	0.02764	0.13338	0.02495	0.01900	0.03614	0.02439	0.15067	0.02340	0.02497	0.01778	0.01015	0.00887	0.00271	0.01021	0.00792	0.00743	0.16515

[dist]
# distance from previous block
# <min> <max>
14	48

[block]
# block no. 8 follows, 12 sequences, length 17
# corresponding to MSA columns:
# 2112-2128
name=unknown_I
#
# <colnr> <probs for GDERKNQSTAVLIFYWHMCP>
#	G	D	E	R	K	N	Q	S	T	A	V	L	I	F	Y	W	H	M	C	P
0	0.32391	0.01504	0.01400	0.01398	0.01725	0.01639	0.01002	0.02303	0.01858	0.03578	0.03327	0.20685	0.03661	0.16736	0.02094	0.00547	0.00834	0.01582	0.00772	0.00964
1	0.02564	0.20043	0.03822	0.02946	0.15586	0.02585	0.01971	0.03048	0.02302	0.03262	0.01841	0.02217	0.01579	0.00885	0.00843	0.00223	0.01035	0.00708	0.00566	0.31975
2	0.02444	0.03222	0.18328	0.02334	0.03333	0.02347	0.02303	0.04344	0.25344	0.03983	0.03082	0.03096	0.02326	0.01181	0.01013	0.00311	0.01072	0.00961	0.00802	0.18174
3	0.03481	0.02178	0.02445	0.01951	0.02666	0.02210	0.01587	0.25121	0.03846	0.17770	0.05538	0.05228	0.17685	0.01750	0.01151	0.00342	0.00940	0.01402	0.01132	0.01577
4	0.03811	0.03448	0.02977	0.02495	0.03210	0.19136	0.01971	0.23513	0.16232	0.07764	0.02885	0.02844	0.02132	0.01298	0.01064	0.00325	0.01329	0.00967	0.00953	0.01647
5	0.32558	0.01722	0.01665	0.01504	0.02070	0.01737	0.01158	0.02590	0.02025	0.03934	0.02956	0.19479	0.03080	0.01676	0.00921	0.00325	0.00772	0.01350	0.00768	0.17710
6	0.19848	0.02253	0.03164	0.03980	0.26346	0.02261	0.02293	0.03896	0.02517	0.19361	0.02588	0.02770	0.01881	0.01094	0.00984	0.00331	0.01074	0.00914	0.00814	0.01630
7	0.02466	0.02122	0.02354	0.01890	0.02698	0.02027	0.01490	0.04134	0.25332	0.04012	0.03077	0.03084	0.02395	0.01114	0.00945	0.00256	0.00833	0.00913	0.00857	0.38000
8	0.04367	0.02698	0.03052	0.02340	0.03204	0.02853	0.01933	0.37598	0.04531	0.21358	0.03118	0.02943	0.02105	0.01321	0.01092	0.00330	0.01119	0.01016	0.01168	0.01855
9	0.02465	0.02567	0.17848	0.02095	0.02811	0.01552	0.02054	0.03032	0.02407	0.16058	0.04383	0.29374	0.04363	0.02198	0.01213	0.00388	0.00996	0.01923	0.00932	0.01341
10	0.02169	0.02124	0.01861	0.01727	0.02060	0.14952	0.01295	0.02626	0.03087	0.03951	0.41286	0.06616	0.08090	0.01956	0.01211	0.00328	0.00874	0.01658	0.01042	0.01087
11	0.25191	0.02173	0.07064	0.01934	0.02558	0.01987	0.04051	0.05395	0.06024	0.09122	0.03468	0.19866	0.03354	0.01805	0.01046	0.00373	0.00930	0.01507	0.00867	0.01286
12	0.02630	0.02756	0.18187	0.02283	0.03045	0.01915	0.02289	0.03277	0.02248	0.15950	0.02867	0.03414	0.02225	0.03907	0.22764	0.00891	0.06200	0.01027	0.00729	0.01397
13	0.01758	0.02403	0.15411	0.19006	0.04119	0.01750	0.02357	0.02374	0.02168	0.02950	0.03797	0.29205	0.04058	0.02136	0.01214	0.00395	0.01119	0.01899	0.00719	0.01162
14	0.03833	0.01586	0.02154	0.01815	0.02426	0.01390	0.01427	0.04186	0.02814	0.39933	0.04809	0.20722	0.04040	0.01963	0.01184	0.00369	0.00840	0.01692	0.01249	0.01567
15	0.03623	0.03153	0.18946	0.06753	0.04010	0.02139	0.07060	0.06754	0.02859	0.28830	0.03147	0.03104	0.02074	0.01195	0.01095	0.00344	0.01269	0.01012	0.00933	0.01699
16	0.23070	0.02159	0.03159	0.12915	0.04033	0.02232	0.11435	0.03860	0.02463	0.20500	0.02624	0.02834	0.01811	0.01117	0.01007	0.00348	0.01179	0.00960	0.00832	0.01460

[dist]
# distance from previous block
# <min> <max>
0	10

[block]
# block no. 9 follows, 12 sequences, length 8
# corresponding to MSA columns:
# 2139-2146
name=unknown_J
#
# <colnr> <probs for GDERKNQSTAVLIFYWHMCP>
#	G	D	E	R	K	N	Q	S	T	A	V	L	I	F	Y	W	H	M	C	P
0	0.02254	0.01881	0.02068	0.01987	0.02420	0.02108	0.01490	0.04379	0.36096	0.03973	0.04958	0.22893	0.04613	0.02120	0.01203	0.00394	0.00787	0.01850	0.01077	0.01448
1	0.33298	0.01672	0.01686	0.01568	0.02076	0.01752	0.01214	0.03091	0.02199	0.14871	0.03590	0.21764	0.03495	0.01878	0.01001	0.00372	0.00791	0.01527	0.00928	0.01225
2	0.02431	0.16077	0.21271	0.02734	0.03463	0.03278	0.02820	0.03033	0.01994	0.02886	0.01623	0.02224	0.01408	0.01414	0.02131	0.00382	0.28159	0.00827	0.00469	0.01375
3	0.02613	0.02937	0.13952	0.12197	0.04033	0.02600	0.02480	0.04488	0.25849	0.07397	0.03227	0.03333	0.02396	0.01346	0.01295	0.00370	0.06015	0.01065	0.00830	0.01578
4	0.12654	0.01324	0.01491	0.01435	0.01737	0.01313	0.01022	0.02587	0.02129	0.12385	0.04061	0.21136	0.04123	0.17337	0.02218	0.00543	0.00811	0.01722	0.08914	0.01060
5	0.24693	0.01612	0.01739	0.01600	0.02116	0.01638	0.01299	0.03084	0.02489	0.14947	0.12299	0.08858	0.08535	0.01876	0.01085	0.00373	0.00798	0.08725	0.01000	0.01232
6	0.24469	0.02079	0.02549	0.28035	0.04739	0.02491	0.02143	0.03558	0.12747	0.03856	0.02325	0.02776	0.01758	0.01146	0.00957	0.00356	0.01127	0.00899	0.00679	0.01309
7	0.02891	0.12146	0.02436	0.01544	0.02185	0.01766	0.01294	0.03234	0.02670	0.22132	0.06906	0.06478	0.26205	0.01924	0.01115	0.00333	0.00797	0.01559	0.01040	0.01346

[dist]
# distance from previous block
# <min> <max>
0	27

[block]
# block no. 10 follows, 12 sequences, length 79
# corresponding to MSA columns:
# 2174-2252
name=unknown_K
#
# <colnr> <probs for GDERKNQSTAVLIFYWHMCP>
#	G	D	E	R	K	N	Q	S	T	A	V	L	I	F	Y	W	H	M	C	P
0	0.02756	0.03174	0.24445	0.02307	0.03249	0.01787	0.02445	0.03464	0.02487	0.18940	0.03809	0.19344	0.03429	0.01804	0.01155	0.00371	0.01129	0.01543	0.00884	0.01479
1	0.02738	0.02641	0.17361	0.02193	0.02984	0.01766	0.02190	0.03385	0.02319	0.18746	0.03062	0.03550	0.02337	0.04103	0.24502	0.00929	0.01951	0.01044	0.00779	0.01419
2	0.22784	0.01554	0.01725	0.01612	0.02080	0.01558	0.01230	0.03100	0.02311	0.18388	0.04176	0.26965	0.04121	0.02108	0.01093	0.00381	0.00780	0.01778	0.01006	0.01249
3	0.50105	0.01780	0.01507	0.01458	0.01959	0.02004	0.01133	0.02727	0.01921	0.04295	0.02790	0.18540	0.02889	0.01693	0.00878	0.00367	0.00784	0.01301	0.00770	0.01097
4	0.13391	0.03556	0.17925	0.05225	0.03740	0.02922	0.02521	0.25986	0.05838	0.05300	0.02312	0.02478	0.01665	0.01183	0.01012	0.00338	0.01259	0.00883	0.00820	0.01646
5	0.22879	0.01645	0.01928	0.01710	0.02232	0.01756	0.01376	0.03279	0.02171	0.18283	0.02890	0.03367	0.02254	0.04091	0.24392	0.00926	0.01732	0.00974	0.00828	0.01286
6	0.02727	0.02038	0.03303	0.02543	0.03220	0.01963	0.15405	0.10459	0.03258	0.12075	0.24267	0.05172	0.05433	0.01588	0.01228	0.00347	0.01055	0.01497	0.01022	0.01402
7	0.32340	0.02431	0.02347	0.01930	0.02683	0.02702	0.01576	0.19396	0.10158	0.07974	0.02446	0.02490	0.01798	0.01182	0.00899	0.00330	0.00966	0.00836	0.00904	0.04612
8	0.22435	0.26853	0.03218	0.01638	0.02247	0.02782	0.01418	0.02752	0.02071	0.03326	0.02789	0.18531	0.02980	0.01660	0.00888	0.00324	0.00918	0.01298	0.00684	0.01188
9	0.03590	0.06438	0.17784	0.02615	0.03691	0.03103	0.02575	0.33663	0.04119	0.08168	0.02470	0.02546	0.01746	0.01219	0.01058	0.00328	0.01297	0.00921	0.00902	0.01767
10	0.02600	0.02096	0.02522	0.18115	0.03843	0.07225	0.01951	0.05202	0.04943	0.10612	0.11461	0.04852	0.11120	0.01657	0.01376	0.00359	0.06608	0.01324	0.00852	0.01284
11	0.30110	0.01949	0.02185	0.17868	0.03679	0.02271	0.01765	0.03312	0.09928	0.04168	0.09878	0.03385	0.02931	0.01285	0.00949	0.00351	0.00971	0.01000	0.00765	0.01250
12	0.02132	0.02178	0.03840	0.18630	0.04846	0.04821	0.20260	0.02747	0.02345	0.03043	0.03249	0.20317	0.03256	0.01727	0.01249	0.00385	0.01376	0.01714	0.00672	0.01213
13	0.01720	0.01344	0.01605	0.01717	0.01937	0.01403	0.01214	0.02729	0.16483	0.03287	0.05564	0.44851	0.06112	0.02867	0.01312	0.00422	0.00698	0.02571	0.01040	0.01124
14	0.21234	0.02886	0.18033	0.01993	0.02833	0.02025	0.02051	0.05400	0.02605	0.06680	0.18794	0.04109	0.04270	0.01440	0.01019	0.00341	0.00990	0.01141	0.00830	0.01325
15	0.01716	0.01338	0.01890	0.18627	0.03213	0.01459	0.01476	0.02080	0.02189	0.02956	0.17395	0.06151	0.05001	0.26637	0.03002	0.00646	0.01022	0.01510	0.00761	0.00930
16	0.22551	0.02126	0.02891	0.15099	0.04011	0.02162	0.08618	0.03121	0.02206	0.06280	0.01963	0.02426	0.01505	0.00975	0.00913	0.00298	0.01116	0.00814	0.00638	0.20286
17	0.02163	0.21345	0.25401	0.02284	0.03253	0.02601	0.02524	0.02848	0.02215	0.02997	0.02972	0.18754	0.03038	0.01679	0.01036	0.00339	0.01200	0.01389	0.00618	0.01342
18	0.30375	0.02257	0.02354	0.02074	0.02541	0.02779	0.01686	0.03818	0.17141	0.04150	0.02371	0.02635	0.01897	0.01406	0.01628	0.00387	0.17517	0.00886	0.00749	0.01348
19	0.02899	0.18692	0.02989	0.01697	0.02329	0.02130	0.01440	0.03312	0.02726	0.18266	0.18570	0.09298	0.04945	0.01647	0.01053	0.00310	0.00840	0.01364	0.00993	0.04500
20	0.02606	0.01501	0.02213	0.17944	0.03622	0.01536	0.01761	0.03018	0.02424	0.18662	0.04343	0.27320	0.04225	0.02136	0.01218	0.00389	0.00954	0.01894	0.00964	0.01269
21	0.01932	0.18457	0.02663	0.01512	0.01960	0.01959	0.01266	0.02400	0.02840	0.03861	0.39351	0.06333	0.07770	0.01862	0.01120	0.00312	0.00699	0.01578	0.00992	0.01134
22	0.02208	0.02037	0.03203	0.02447	0.03201	0.01870	0.14846	0.03191	0.09819	0.03913	0.17202	0.04372	0.04327	0.01337	0.01117	0.00299	0.01014	0.01281	0.00843	0.21474
23	0.04041	0.01880	0.02753	0.19101	0.04203	0.01849	0.02031	0.04554	0.02838	0.39757	0.03592	0.03470	0.02325	0.01272	0.01095	0.00345	0.01086	0.01058	0.01090	0.01662
24	0.02906	0.01742	0.02379	0.02008	0.02382	0.01913	0.01627	0.03307	0.02672	0.20837	0.21847	0.04945	0.05112	0.01841	0.01912	0.00381	0.18428	0.01376	0.01032	0.01352
25	0.02112	0.01677	0.02329	0.25360	0.04262	0.01733	0.01865	0.02704	0.02235	0.03379	0.02397	0.03041	0.01882	0.01056	0.00912	0.00272	0.00992	0.00885	0.19582	0.21326
26	0.03499	0.03375	0.03563	0.13854	0.08826	0.19186	0.06713	0.17222	0.03397	0.06686	0.02207	0.02568	0.01656	0.01150	0.01075	0.00324	0.01530	0.00927	0.00734	0.01510
27	0.30535	0.02061	0.01951	0.01665	0.02193	0.02294	0.01277	0.16326	0.02701	0.04618	0.02406	0.03623	0.02208	0.19323	0.02257	0.00551	0.01009	0.01000	0.00788	0.01215
28	0.21152	0.04822	0.02629	0.19071	0.03847	0.02469	0.02002	0.02717	0.01902	0.03265	0.01842	0.02647	0.01568	0.02327	0.09431	0.03735	0.12015	0.00867	0.00550	0.01141
29	0.01956	0.01343	0.01670	0.01676	0.01870	0.01429	0.01187	0.02689	0.16206	0.02917	0.03851	0.20849	0.03898	0.03022	0.02506	0.28662	0.00829	0.01675	0.00815	0.00952
30	0.01497	0.01113	0.01394	0.01324	0.01601	0.01009	0.00993	0.01969	0.02978	0.04115	0.46511	0.08568	0.18241	0.02325	0.01286	0.00347	0.00521	0.02031	0.01166	0.01009
31	0.03485	0.01547	0.02066	0.01690	0.02295	0.01358	0.01354	0.03934	0.03076	0.34222	0.22951	0.05675	0.08070	0.01742	0.01176	0.00341	0.00758	0.01477	0.01278	0.01506
32	0.02460	0.01268	0.01700	0.01603	0.01956	0.01142	0.01194	0.02811	0.02681	0.19112	0.19176	0.28804	0.06727	0.02459	0.01273	0.00383	0.00688	0.02178	0.01167	0.01218
33	0.02179	0.26644	0.03319	0.01769	0.02305	0.02465	0.01596	0.02621	0.02551	0.03287	0.17748	0.06730	0.05382	0.01925	0.01108	0.00345	0.00933	0.15084	0.00836	0.01176
34	0.02902	0.04573	0.24953	0.02766	0.03780	0.19038	0.02799	0.04387	0.16874	0.03531	0.02578	0.02701	0.01940	0.01188	0.01041	0.00333	0.01506	0.00896	0.00675	0.01539
35	0.02618	0.01503	0.01923	0.01667	0.02223	0.01259	0.01263	0.02962	0.02432	0.17985	0.04303	0.27112	0.04252	0.02047	0.01133	0.00328	0.00769	0.01795	0.00998	0.21428
36	0.03934	0.03384	0.02745	0.02381	0.03043	0.25105	0.01847	0.05050	0.17211	0.19117	0.03251	0.03086	0.02338	0.01292	0.01053	0.00323	0.01342	0.00971	0.00954	0.01573
37	0.02522	0.02571	0.02143	0.02094	0.02465	0.17415	0.01537	0.03606	0.17640	0.03285	0.04313	0.27161	0.04400	0.02185	0.01191	0.00375	0.01080	0.01860	0.00914	0.01245
38	0.03532	0.21098	0.18642	0.02248	0.03336	0.02681	0.02369	0.04171	0.02617	0.24910	0.02800	0.02723	0.01935	0.01136	0.00960	0.00308	0.01193	0.00860	0.00832	0.01649
39	0.02787	0.01633	0.02060	0.01685	0.02360	0.01337	0.01306	0.03169	0.02470	0.18982	0.03801	0.19327	0.03526	0.01709	0.01060	0.00294	0.00794	0.01476	0.00961	0.29261
40	0.22936	0.03377	0.17573	0.02304	0.03281	0.02741	0.02297	0.15231	0.11799	0.04900	0.02422	0.02531	0.01779	0.01173	0.00954	0.00343	0.01150	0.00859	0.00791	0.01560
41	0.03244	0.14321	0.15904	0.03620	0.18879	0.02622	0.02729	0.03913	0.02572	0.18100	0.02566	0.02716	0.01862	0.01086	0.01003	0.00316	0.01239	0.00896	0.00737	0.01675
42	0.02745	0.01706	0.02327	0.01981	0.02327	0.01886	0.01599	0.03150	0.02671	0.18368	0.24255	0.05159	0.05478	0.01884	0.01921	0.00382	0.18408	0.01418	0.01025	0.01312
43	0.01586	0.02358	0.17719	0.01996	0.02524	0.01380	0.01918	0.02100	0.02152	0.02985	0.04792	0.43344	0.05460	0.02701	0.01285	0.00414	0.00927	0.02411	0.00846	0.01104
44	0.02074	0.03367	0.24960	0.03646	0.17985	0.02054	0.02929	0.02842	0.02289	0.03283	0.03201	0.20040	0.03231	0.01733	0.01155	0.00369	0.01228	0.01542	0.00649	0.01426
45	0.03092	0.01624	0.02091	0.01723	0.02383	0.01355	0.01342	0.03467	0.02570	0.25017	0.04075	0.19495	0.03652	0.01772	0.01093	0.00314	0.00808	0.01529	0.01043	0.21557
46	0.02663	0.01501	0.01927	0.01672	0.02227	0.01262	0.01269	0.03006	0.02447	0.18880	0.04343	0.27137	0.04271	0.02056	0.01138	0.00331	0.00771	0.01803	0.01010	0.20286
47	0.03749	0.03270	0.02973	0.18482	0.04367	0.25023	0.02216	0.04198	0.02841	0.18614	0.02543	0.02757	0.01807	0.01182	0.01047	0.00321	0.01509	0.00896	0.00777	0.01427
48	0.02642	0.01617	0.02458	0.25593	0.04390	0.01729	0.02019	0.03121	0.02419	0.17755	0.03831	0.20579	0.03536	0.01862	0.01183	0.00380	0.01058	0.01645	0.00888	0.01296
49	0.01755	0.01526	0.02436	0.35105	0.05042	0.01783	0.02189	0.02258	0.02142	0.02785	0.03633	0.27078	0.03851	0.02058	0.01216	0.00396	0.01112	0.01856	0.00704	0.01076
50	0.02396	0.03554	0.17327	0.02356	0.03008	0.18302	0.02195	0.02918	0.02449	0.02939	0.03562	0.26625	0.03815	0.02053	0.01168	0.00367	0.01311	0.01730	0.00721	0.01205
51	0.02208	0.26802	0.03720	0.18950	0.03869	0.02775	0.01973	0.02626	0.02169	0.02693	0.02916	0.18872	0.03062	0.01683	0.01013	0.00332	0.01101	0.01412	0.00626	0.01197
52	0.03076	0.26794	0.03453	0.01683	0.02311	0.02568	0.01429	0.03341	0.02283	0.17462	0.02882	0.03923	0.02538	0.19302	0.02269	0.00510	0.01066	0.01030	0.00775	0.01307
53	0.03896	0.03393	0.02744	0.02386	0.03044	0.25124	0.01849	0.05058	0.18066	0.18240	0.03253	0.03092	0.02349	0.01294	0.01053	0.00324	0.01341	0.00973	0.00949	0.01570
54	0.02900	0.03027	0.18912	0.26070	0.05333	0.02223	0.02925	0.03702	0.02483	0.17956	0.02613	0.02953	0.01785	0.01147	0.01076	0.00351	0.01352	0.00956	0.00722	0.01514
55	0.02824	0.03251	0.24571	0.02447	0.03432	0.01885	0.02659	0.03621	0.02596	0.18177	0.03768	0.05705	0.03225	0.01718	0.01194	0.00390	0.01235	0.14929	0.00876	0.01498
56	0.02508	0.01205	0.01670	0.01608	0.01874	0.01107	0.01160	0.02564	0.02180	0.17487	0.04289	0.27429	0.04336	0.02942	0.02170	0.20792	0.00811	0.01886	0.00946	0.01037
57	0.02494	0.01311	0.01729	0.01548	0.01894	0.01236	0.01149	0.02829	0.02517	0.18041	0.19014	0.08596	0.05490	0.16771	0.09823	0.00704	0.01090	0.01577	0.01024	0.01163
58	0.02496	0.01911	0.02213	0.01767	0.02412	0.01823	0.01403	0.16197	0.03416	0.04834	0.23931	0.04811	0.05293	0.01541	0.01087	0.00284	0.00797	0.01293	0.01003	0.21487
59	0.01975	0.02770	0.18133	0.02036	0.02941	0.01617	0.02035	0.02610	0.02224	0.03305	0.03097	0.18903	0.03130	0.01615	0.01042	0.00296	0.00999	0.01389	0.00694	0.29188
60	0.02165	0.03218	0.24293	0.02067	0.03101	0.01779	0.02281	0.02982	0.02285	0.03656	0.02404	0.02789	0.01852	0.01034	0.00890	0.00264	0.01057	0.00817	0.19572	0.21492
61	0.02752	0.01786	0.03109	0.02517	0.03109	0.01631	0.15326	0.03218	0.02536	0.18862	0.04419	0.27330	0.04282	0.02088	0.01273	0.00390	0.01063	0.01984	0.00983	0.01343
62	0.18906	0.02007	0.03192	0.02545	0.03209	0.01975	0.17091	0.03141	0.02344	0.11599	0.03435	0.19210	0.03272	0.01715	0.01138	0.00377	0.01114	0.01601	0.00834	0.01293
63	0.02297	0.03594	0.25007	0.19666	0.05024	0.02550	0.03076	0.03916	0.16601	0.03566	0.02654	0.02984	0.01954	0.01178	0.01073	0.00358	0.01352	0.00976	0.00651	0.01524
64	0.02916	0.02922	0.18362	0.02246	0.03143	0.01971	0.02260	0.04112	0.12207	0.18597	0.12599	0.04574	0.03952	0.01520	0.01135	0.00355	0.01051	0.03517	0.00993	0.01568
65	0.02856	0.19716	0.02974	0.01631	0.02278	0.02158	0.01405	0.03250	0.02721	0.18082	0.16141	0.05409	0.13775	0.01691	0.01057	0.00313	0.00834	0.01369	0.00987	0.01354
66	0.02553	0.02057	0.02701	0.15418	0.08583	0.02276	0.02058	0.16470	0.07832	0.04184	0.03602	0.20359	0.03501	0.01877	0.01182	0.00374	0.01064	0.01638	0.00879	0.01393
67	0.03585	0.02229	0.02628	0.01966	0.02870	0.02044	0.01606	0.17255	0.03331	0.20140	0.02841	0.02798	0.02008	0.01112	0.00975	0.00261	0.00955	0.00876	0.00983	0.29536
68	0.03125	0.02302	0.02914	0.02398	0.02809	0.02742	0.01974	0.16707	0.03080	0.11923	0.10268	0.03527	0.03091	0.01705	0.02157	0.00394	0.25403	0.01138	0.00890	0.01453
69	0.02726	0.01617	0.02038	0.01678	0.02339	0.01325	0.01296	0.03104	0.02452	0.18074	0.03831	0.20310	0.03603	0.01745	0.01065	0.00296	0.00789	0.01511	0.00955	0.29245
70	0.02631	0.02193	0.02755	0.02314	0.02639	0.02657	0.01889	0.16226	0.03075	0.04353	0.17652	0.04182	0.04212	0.01835	0.02185	0.00394	0.25342	0.01268	0.00868	0.01331
71	0.03516	0.01523	0.01972	0.01627	0.02120	0.01375	0.01210	0.03762	0.02482	0.33354	0.03941	0.05137	0.03226	0.26466	0.02950	0.00637	0.00982	0.01300	0.01063	0.01358
72	0.21855	0.01677	0.01946	0.01825	0.02374	0.01697	0.01547	0.03445	0.02508	0.19459	0.04126	0.06737	0.03758	0.01946	0.01148	0.00406	0.00936	0.20288	0.01015	0.01310
73	0.01661	0.01295	0.01694	0.01616	0.01975	0.01190	0.01197	0.01995	0.02036	0.02926	0.03928	0.27309	0.04279	0.04108	0.18041	0.00757	0.01370	0.01824	0.00780	0.20021
74	0.01436	0.00994	0.01234	0.01381	0.01418	0.00957	0.00866	0.01546	0.01879	0.02505	0.04938	0.38558	0.05860	0.27672	0.03123	0.00699	0.00809	0.02469	0.00866	0.00792
75	0.03883	0.01599	0.02172	0.01820	0.02443	0.01399	0.01435	0.04239	0.02828	0.40664	0.04785	0.19930	0.03977	0.01935	0.01180	0.00367	0.00844	0.01664	0.01254	0.01581
76	0.22557	0.02158	0.02434	0.18084	0.03941	0.02550	0.01931	0.04164	0.23201	0.04158	0.02853	0.03049	0.02152	0.01229	0.00973	0.00358	0.01024	0.00965	0.00802	0.01416
77	0.21189	0.02157	0.03570	0.02731	0.03459	0.02150	0.21841	0.02980	0.02524	0.04153	0.17663	0.04173	0.04114	0.01339	0.01113	0.00352	0.01159	0.01295	0.00781	0.01256
