[name]
unknown

[dist]
# distance from previous block
# <min> <max>
0	127

[block]
# block no. 0 follows, 15 sequences, length 46
# corresponding to MSA columns:
# 127-172
name=unknown_A
#
# <colnr> <probs for GDERKNQSTAVLIFYWHMCP>
#	G	D	E	R	K	N	Q	S	T	A	V	L	I	F	Y	W	H	M	C	P
0	0.03281	0.02113	0.02703	0.02680	0.11586	0.02174	0.01916	0.23651	0.03356	0.17868	0.03292	0.04521	0.02719	0.01487	0.01077	0.00335	0.01013	0.11760	0.00957	0.01512
1	0.01643	0.01117	0.01245	0.01187	0.01253	0.01142	0.00711	0.05912	0.01717	0.02293	0.03079	0.06182	0.03465	0.59694	0.04737	0.00911	0.00977	0.01404	0.00637	0.00694
2	0.01370	0.00987	0.01165	0.01152	0.01302	0.00924	0.00774	0.01597	0.02122	0.02852	0.24285	0.11135	0.16021	0.26914	0.02714	0.00580	0.00679	0.01786	0.00861	0.00782
3	0.10168	0.02549	0.03251	0.15481	0.07700	0.10648	0.11260	0.10520	0.02611	0.07843	0.02001	0.02389	0.01496	0.00984	0.00952	0.00296	0.01270	0.00851	0.00636	0.07094
4	0.07228	0.01784	0.02874	0.57900	0.06490	0.02216	0.02640	0.02576	0.01971	0.02694	0.01743	0.02579	0.01310	0.00991	0.00968	0.00330	0.01286	0.00860	0.00456	0.01105
5	0.01302	0.00953	0.01223	0.01286	0.01456	0.00874	0.00915	0.01622	0.02372	0.03237	0.30517	0.32118	0.13320	0.02555	0.01218	0.00355	0.00520	0.02278	0.01005	0.00874
6	0.01772	0.01116	0.01404	0.01411	0.01650	0.01054	0.01086	0.02061	0.02179	0.08744	0.12081	0.08328	0.13709	0.20060	0.02325	0.00548	0.00801	0.17883	0.00887	0.00902
7	0.03442	0.21281	0.03522	0.02278	0.02938	0.34357	0.01859	0.13274	0.02949	0.03129	0.01656	0.01853	0.01359	0.01010	0.00845	0.00253	0.01464	0.00659	0.00579	0.01290
8	0.01692	0.01463	0.02117	0.01962	0.02077	0.01887	0.01578	0.02000	0.01575	0.02344	0.02187	0.03301	0.02073	0.05444	0.40542	0.01189	0.24110	0.00999	0.00499	0.00961
9	0.01349	0.00964	0.01244	0.01269	0.01449	0.00887	0.00911	0.01652	0.02400	0.03289	0.34072	0.23856	0.13450	0.02497	0.01379	0.04882	0.00531	0.02074	0.00986	0.00859
10	0.01309	0.00918	0.01165	0.01286	0.01355	0.00872	0.00840	0.01480	0.01924	0.02601	0.12939	0.39879	0.06217	0.19775	0.02291	0.00544	0.00667	0.02299	0.00864	0.00774
11	0.03724	0.04751	0.02825	0.02568	0.03082	0.60963	0.01926	0.03981	0.02825	0.02440	0.01541	0.01798	0.01284	0.01027	0.00899	0.00257	0.01798	0.00642	0.00514	0.01156
12	0.02098	0.04471	0.44822	0.03219	0.04563	0.02372	0.17974	0.03167	0.02174	0.03167	0.01852	0.02267	0.01332	0.00917	0.01011	0.00321	0.01531	0.00859	0.00444	0.01438
13	0.01360	0.00971	0.01257	0.01274	0.01435	0.00906	0.00901	0.01696	0.02419	0.03368	0.37488	0.23424	0.07999	0.09004	0.01616	0.00408	0.00553	0.02057	0.00997	0.00868
14	0.01522	0.00973	0.01312	0.01484	0.01622	0.00910	0.01068	0.01755	0.02038	0.06967	0.05343	0.51760	0.06150	0.02924	0.01267	0.00406	0.00650	0.10008	0.00948	0.00894
15	0.01411	0.01019	0.01333	0.01254	0.01489	0.00941	0.00941	0.01881	0.02822	0.03998	0.58221	0.07447	0.09406	0.02038	0.01176	0.00314	0.00470	0.01803	0.01097	0.00941
16	0.02949	0.09367	0.22709	0.02721	0.03627	0.32093	0.06593	0.03563	0.02482	0.02736	0.01650	0.01956	0.01294	0.00972	0.00917	0.00280	0.01622	0.00707	0.00475	0.01288
17	0.35304	0.01895	0.01909	0.01612	0.02269	0.02031	0.01310	0.04057	0.13478	0.22607	0.02781	0.02640	0.01944	0.01116	0.00827	0.00315	0.00800	0.00814	0.00903	0.01387
18	0.01215	0.00868	0.01157	0.01388	0.01446	0.00810	0.00925	0.01388	0.01909	0.02545	0.05495	0.64315	0.06593	0.03123	0.01272	0.00405	0.00578	0.02834	0.00925	0.00810
19	0.04473	0.01697	0.02313	0.01774	0.02545	0.01465	0.01465	0.04858	0.02853	0.59437	0.03933	0.03393	0.02468	0.01234	0.01003	0.00308	0.00848	0.01003	0.01234	0.01697
20	0.03581	0.04785	0.07535	0.02591	0.03184	0.56115	0.02071	0.03913	0.02765	0.02499	0.01561	0.01823	0.01282	0.01021	0.00903	0.00262	0.01771	0.00650	0.00506	0.01182
21	0.03785	0.02943	0.02979	0.02315	0.03091	0.07533	0.01897	0.51474	0.04544	0.05988	0.02328	0.02348	0.01664	0.01184	0.00990	0.00296	0.01151	0.00878	0.00960	0.01654
22	0.02027	0.01919	0.03250	0.48666	0.19643	0.02253	0.02840	0.02673	0.02061	0.02722	0.01797	0.02611	0.01391	0.00970	0.00994	0.00323	0.01293	0.00887	0.00455	0.01224
23	0.02645	0.01699	0.02005	0.01754	0.02194	0.01817	0.01347	0.09159	0.23207	0.12485	0.07372	0.03622	0.02933	0.01956	0.01824	0.19956	0.00828	0.01062	0.00892	0.01242
24	0.01450	0.00966	0.01087	0.01087	0.01087	0.00966	0.00604	0.01450	0.01450	0.01933	0.03141	0.06524	0.03624	0.64965	0.05074	0.00966	0.00966	0.01450	0.00604	0.00604
25	0.02353	0.02689	0.05882	0.04202	0.05210	0.02521	0.55126	0.03193	0.02353	0.03193	0.02017	0.02689	0.01513	0.00840	0.01176	0.00336	0.01681	0.01176	0.00504	0.01345
26	0.02013	0.01905	0.03226	0.49944	0.18469	0.02249	0.02834	0.02662	0.02055	0.02706	0.01795	0.02615	0.01385	0.00972	0.00994	0.00324	0.01297	0.00886	0.00454	0.01213
27	0.01450	0.00966	0.01087	0.01087	0.01087	0.00966	0.00604	0.01450	0.01450	0.01933	0.03141	0.06524	0.03624	0.64965	0.05074	0.00966	0.00966	0.01450	0.00604	0.00604
28	0.04473	0.01697	0.02313	0.01774	0.02545	0.01465	0.01465	0.04858	0.02853	0.59437	0.03933	0.03393	0.02468	0.01234	0.01003	0.00308	0.00848	0.01003	0.01234	0.01697
29	0.01385	0.01018	0.01297	0.01227	0.01474	0.00930	0.00920	0.01832	0.02761	0.03854	0.52925	0.07683	0.14792	0.02092	0.01176	0.00316	0.00474	0.01836	0.01079	0.00930
30	0.01859	0.01573	0.02610	0.41843	0.08774	0.01875	0.02284	0.02266	0.01839	0.02406	0.01829	0.02807	0.01507	0.01939	0.05564	0.15390	0.01310	0.00894	0.00450	0.00981
31	0.03467	0.02632	0.02810	0.02229	0.02969	0.02941	0.01817	0.43096	0.17539	0.05763	0.02803	0.02719	0.02027	0.01235	0.01001	0.00309	0.01021	0.00954	0.01001	0.01666
32	0.02914	0.30835	0.03958	0.02165	0.02746	0.15650	0.01883	0.09376	0.02401	0.02852	0.01522	0.01868	0.01337	0.01133	0.01334	0.00283	0.15290	0.00677	0.00516	0.01261
33	0.07354	0.08844	0.02924	0.02458	0.10588	0.05252	0.01768	0.09689	0.02819	0.33832	0.02947	0.02788	0.01998	0.01114	0.00936	0.00293	0.00993	0.00882	0.00948	0.01575
34	0.03116	0.01498	0.01961	0.01716	0.02211	0.01412	0.01363	0.06833	0.05619	0.30439	0.04143	0.16368	0.03605	0.01967	0.01323	0.05772	0.00817	0.07467	0.01046	0.01323
35	0.01636	0.01190	0.01552	0.01665	0.01917	0.01178	0.01380	0.05410	0.02460	0.03237	0.11892	0.17503	0.10382	0.02598	0.01297	0.00413	0.00794	0.31599	0.00946	0.00950
36	0.02216	0.02780	0.15057	0.19636	0.27080	0.02335	0.05802	0.03126	0.06366	0.03120	0.02006	0.02551	0.01559	0.00961	0.00994	0.00315	0.01277	0.00891	0.00506	0.01423
37	0.02049	0.04862	0.53900	0.03188	0.10075	0.02321	0.03617	0.03147	0.02122	0.03168	0.01798	0.02143	0.01296	0.00941	0.00951	0.00314	0.01443	0.00753	0.00429	0.01484
38	0.09857	0.01294	0.01635	0.01564	0.01943	0.01223	0.01206	0.02808	0.02253	0.22080	0.04505	0.30682	0.04509	0.02206	0.01124	0.00368	0.00731	0.07862	0.00996	0.01152
39	0.03502	0.02383	0.03502	0.02854	0.06963	0.08201	0.17088	0.04204	0.06812	0.29377	0.03006	0.02987	0.02055	0.01086	0.01042	0.00312	0.01206	0.01017	0.00883	0.01521
40	0.03137	0.02189	0.06622	0.03295	0.21349	0.01956	0.02128	0.07732	0.06201	0.23515	0.08740	0.03373	0.02804	0.01189	0.01012	0.00307	0.00977	0.01031	0.00887	0.01555
41	0.07869	0.02242	0.03324	0.04467	0.36864	0.02348	0.02455	0.10398	0.06102	0.03734	0.02139	0.02628	0.01750	0.01662	0.07314	0.00438	0.01272	0.00898	0.00612	0.01484
42	0.22970	0.06743	0.07072	0.02386	0.08644	0.02691	0.01869	0.21232	0.09487	0.04687	0.02136	0.02263	0.01607	0.01063	0.00861	0.00302	0.01002	0.00785	0.00754	0.01447
43	0.03391	0.01991	0.02972	0.06770	0.23138	0.01941	0.02127	0.04124	0.08318	0.30071	0.03080	0.03051	0.02143	0.01108	0.00998	0.00308	0.00991	0.00968	0.00898	0.01609
44	0.02445	0.24839	0.13394	0.02027	0.02813	0.02432	0.06242	0.02959	0.02252	0.10899	0.08462	0.11438	0.03070	0.01366	0.00935	0.00292	0.01025	0.01145	0.00688	0.01276
45	0.14666	0.02384	0.06538	0.02755	0.10546	0.02606	0.02082	0.08654	0.06359	0.07843	0.01959	0.02352	0.01566	0.01303	0.01751	0.00355	0.23472	0.00840	0.00639	0.01330

[dist]
# distance from previous block
# <min> <max>
4	32

[block]
# block no. 1 follows, 15 sequences, length 15
# corresponding to MSA columns:
# 205-219
name=unknown_B
#
# <colnr> <probs for GDERKNQSTAVLIFYWHMCP>
#	G	D	E	R	K	N	Q	S	T	A	V	L	I	F	Y	W	H	M	C	P
0	0.02037	0.01121	0.01417	0.01319	0.01526	0.01073	0.00905	0.02220	0.01965	0.14008	0.10440	0.11297	0.04309	0.33479	0.07922	0.00748	0.00981	0.01504	0.00820	0.00912
1	0.06836	0.01992	0.05467	0.11879	0.09777	0.01905	0.15863	0.02769	0.02135	0.07524	0.02587	0.04117	0.02275	0.01566	0.01446	0.09265	0.01207	0.09608	0.00618	0.01164
2	0.02349	0.11495	0.28039	0.09470	0.04479	0.02502	0.16947	0.03205	0.02205	0.07172	0.01956	0.02353	0.01428	0.00933	0.00979	0.00309	0.01415	0.00865	0.00507	0.01391
3	0.02567	0.10207	0.42879	0.02515	0.03786	0.02297	0.03043	0.03488	0.02250	0.14555	0.02188	0.02319	0.01510	0.00997	0.00929	0.00304	0.01307	0.00771	0.00587	0.01500
4	0.08946	0.01246	0.01583	0.01557	0.01897	0.01183	0.01195	0.02624	0.02215	0.19003	0.04626	0.33095	0.04765	0.02321	0.01149	0.00376	0.00724	0.09408	0.00983	0.01104
5	0.02301	0.02512	0.09454	0.14629	0.18466	0.02388	0.07516	0.03770	0.21329	0.03428	0.02623	0.02922	0.02004	0.01073	0.01012	0.00323	0.01152	0.00982	0.00659	0.01457
6	0.02351	0.15670	0.13982	0.11766	0.31146	0.02661	0.02857	0.02997	0.02156	0.02964	0.01747	0.02250	0.01431	0.00905	0.00910	0.00287	0.01229	0.00789	0.00461	0.01440
7	0.21061	0.01525	0.02020	0.01721	0.02186	0.01528	0.07871	0.02572	0.02305	0.09801	0.20814	0.14455	0.04911	0.01680	0.01021	0.00330	0.00764	0.01468	0.00877	0.01089
8	0.02785	0.01759	0.02758	0.02182	0.02787	0.01652	0.13179	0.08104	0.02641	0.21083	0.06787	0.10668	0.08523	0.05779	0.01382	0.00378	0.00990	0.04342	0.00923	0.01295
9	0.02736	0.08581	0.21808	0.03622	0.20778	0.02461	0.04910	0.09400	0.02554	0.10587	0.02132	0.02395	0.01575	0.00982	0.00956	0.00299	0.01235	0.00837	0.00617	0.01539
10	0.02633	0.10467	0.28033	0.03017	0.08338	0.02588	0.10529	0.11684	0.02618	0.07761	0.02042	0.02307	0.01486	0.00978	0.00963	0.00303	0.01329	0.00837	0.00593	0.01494
11	0.06297	0.01711	0.06530	0.01988	0.02443	0.01456	0.11779	0.02193	0.02198	0.03141	0.16715	0.09024	0.07840	0.13755	0.01892	0.00466	0.00960	0.07860	0.00765	0.00989
12	0.02756	0.02497	0.10058	0.02361	0.03077	0.08052	0.12255	0.03271	0.02342	0.16994	0.02917	0.04137	0.02457	0.10421	0.01629	0.00410	0.01211	0.06545	0.00742	0.05867
13	0.06573	0.02552	0.09165	0.11859	0.28932	0.02328	0.10446	0.05738	0.02361	0.07535	0.02025	0.02505	0.01550	0.00944	0.00992	0.00310	0.01250	0.00905	0.00569	0.01461
14	0.02328	0.02668	0.08225	0.15051	0.18260	0.09582	0.13315	0.02968	0.02295	0.02958	0.02336	0.03725	0.02067	0.01196	0.01070	0.00332	0.01375	0.08423	0.00545	0.01283

[dist]
# distance from previous block
# <min> <max>
1	11

# created by:
# /st0/software/busco_prod/Augustus/scripts/msa2prfl.pl ./align_prep/11803.fa
