[name]
unknown

[dist]
# distance from previous block
# <min> <max>
0	176

[block]
# block no. 0 follows, 14 sequences, length 18
# corresponding to MSA columns:
# 176-193
name=unknown_A
#
# <colnr> <probs for GDERKNQSTAVLIFYWHMCP>
#	G	D	E	R	K	N	Q	S	T	A	V	L	I	F	Y	W	H	M	C	P
0	0.01520	0.01086	0.01500	0.01737	0.01914	0.01066	0.01421	0.01895	0.02230	0.02921	0.05507	0.28739	0.06199	0.02961	0.01382	0.00454	0.00829	0.34784	0.00947	0.00908
1	0.24588	0.02423	0.10059	0.02385	0.07525	0.02124	0.06416	0.08570	0.02456	0.04070	0.06978	0.04034	0.07590	0.01371	0.00971	0.00335	0.01014	0.05107	0.00723	0.01260
2	0.02277	0.02427	0.03505	0.33178	0.05482	0.11465	0.13676	0.02880	0.02262	0.02750	0.02243	0.08946	0.01970	0.01225	0.01080	0.00338	0.01444	0.01147	0.00534	0.01169
3	0.01579	0.01190	0.01596	0.01567	0.01659	0.01361	0.01148	0.01788	0.01638	0.02290	0.03028	0.05602	0.03204	0.29858	0.25942	0.01144	0.08422	0.05563	0.00603	0.00820
4	0.02016	0.01608	0.02122	0.01825	0.02212	0.01690	0.04867	0.07604	0.02594	0.06593	0.13623	0.06730	0.24303	0.02066	0.01565	0.00363	0.11251	0.04970	0.00889	0.01109
5	0.71184	0.01985	0.01508	0.01350	0.01985	0.02302	0.01111	0.03017	0.01746	0.04604	0.01429	0.01667	0.01111	0.00953	0.00635	0.00318	0.00794	0.00556	0.00635	0.01111
6	0.02340	0.02234	0.03803	0.24660	0.40738	0.02386	0.03050	0.02974	0.02242	0.03109	0.01895	0.02605	0.01540	0.00952	0.01019	0.00317	0.01269	0.00914	0.00491	0.01464
7	0.02390	0.02319	0.03314	0.27389	0.23791	0.06336	0.02677	0.03415	0.11790	0.03170	0.02265	0.02801	0.01771	0.01054	0.01019	0.00325	0.01249	0.00940	0.00584	0.01401
8	0.01452	0.01049	0.01372	0.01291	0.01533	0.00968	0.00968	0.01937	0.02905	0.04115	0.56992	0.07666	0.09683	0.02098	0.01210	0.00323	0.00484	0.01856	0.01130	0.00968
9	0.01652	0.01450	0.02179	0.13677	0.03121	0.01508	0.06918	0.02329	0.08237	0.02908	0.05162	0.28946	0.13365	0.02219	0.01196	0.00375	0.00880	0.02010	0.00819	0.01048
10	0.01339	0.00963	0.01243	0.01371	0.01496	0.00900	0.00955	0.01595	0.02189	0.02951	0.17805	0.39157	0.10211	0.08194	0.01628	0.00444	0.00619	0.05119	0.00965	0.00855
11	0.01531	0.01033	0.01301	0.01234	0.01475	0.00966	0.00925	0.02014	0.02776	0.04066	0.47803	0.07008	0.08475	0.01943	0.01126	0.00308	0.00483	0.01702	0.12864	0.00966
12	0.40714	0.01527	0.01291	0.01227	0.01669	0.01699	0.00963	0.02641	0.01905	0.04136	0.02513	0.08846	0.02214	0.01271	0.00733	0.00302	0.00668	0.00937	0.23715	0.01031
13	0.02234	0.03347	0.22797	0.15938	0.20356	0.02415	0.11985	0.03101	0.02236	0.03159	0.01904	0.02492	0.01451	0.00949	0.01037	0.00326	0.01438	0.00912	0.00474	0.01449
14	0.01690	0.01432	0.01519	0.01452	0.01771	0.04435	0.01087	0.02477	0.11297	0.03613	0.30015	0.12446	0.18550	0.02143	0.01177	0.00338	0.00631	0.01846	0.01026	0.01052
15	0.02546	0.09870	0.34839	0.02541	0.03720	0.02583	0.02896	0.08247	0.12005	0.07358	0.02424	0.02530	0.01752	0.01083	0.00966	0.00317	0.01274	0.00844	0.00652	0.01553
16	0.25762	0.02602	0.02916	0.02269	0.03051	0.07859	0.10453	0.16429	0.02828	0.04490	0.01880	0.02146	0.01431	0.00993	0.00881	0.00292	0.01136	0.00781	0.00703	0.11098
17	0.02281	0.01893	0.02257	0.06251	0.02683	0.07626	0.05937	0.05774	0.05727	0.08773	0.23270	0.05736	0.14113	0.01721	0.01131	0.00324	0.00900	0.01488	0.00936	0.01178

[dist]
# distance from previous block
# <min> <max>
3	5

[block]
# block no. 1 follows, 14 sequences, length 17
# corresponding to MSA columns:
# 199-215
name=unknown_B
#
# <colnr> <probs for GDERKNQSTAVLIFYWHMCP>
#	G	D	E	R	K	N	Q	S	T	A	V	L	I	F	Y	W	H	M	C	P
0	0.02478	0.02177	0.03119	0.18532	0.04239	0.02424	0.09831	0.12235	0.18829	0.04037	0.08529	0.03547	0.02874	0.01261	0.01079	0.00337	0.01121	0.01134	0.00811	0.01407
1	0.02442	0.01237	0.01664	0.01553	0.01917	0.01116	0.01187	0.02795	0.02566	0.21482	0.18944	0.25106	0.06103	0.02245	0.01198	0.00362	0.00680	0.05119	0.01105	0.01180
2	0.02462	0.02520	0.03747	0.15544	0.10114	0.07368	0.15095	0.03616	0.14827	0.03231	0.02376	0.02848	0.01852	0.01154	0.01344	0.00347	0.08543	0.01022	0.00621	0.01368
3	0.14435	0.01244	0.01457	0.01466	0.01766	0.01239	0.01118	0.02253	0.02313	0.08324	0.18677	0.25510	0.06060	0.02282	0.01148	0.00371	0.00667	0.07685	0.00970	0.01014
4	0.02310	0.01806	0.02913	0.24222	0.19986	0.01928	0.02378	0.02864	0.02323	0.09580	0.07311	0.09054	0.03043	0.01419	0.01089	0.00341	0.01097	0.04334	0.00699	0.01300
5	0.03239	0.02051	0.02341	0.02001	0.02652	0.02203	0.01585	0.05302	0.38028	0.22349	0.04134	0.03716	0.02934	0.01351	0.01040	0.00338	0.00833	0.01117	0.01120	0.01665
6	0.03567	0.02260	0.02601	0.01989	0.02808	0.02233	0.01626	0.24574	0.07178	0.19822	0.02863	0.02760	0.02006	0.01138	0.00964	0.00275	0.00946	0.00893	0.00992	0.18506
7	0.02744	0.64552	0.05378	0.01756	0.02634	0.04061	0.01756	0.03073	0.02085	0.02414	0.01427	0.01646	0.01317	0.00878	0.00658	0.00219	0.01097	0.00549	0.00439	0.01317
8	0.23827	0.23578	0.07229	0.02797	0.15101	0.06452	0.02022	0.03147	0.02094	0.03364	0.01579	0.01903	0.01323	0.00927	0.00770	0.00279	0.01105	0.00655	0.00520	0.01329
9	0.39661	0.02112	0.02336	0.02693	0.15233	0.02320	0.01749	0.09008	0.02316	0.04368	0.02094	0.03018	0.01816	0.01176	0.00854	0.00330	0.00950	0.05993	0.00684	0.01290
10	0.01956	0.02312	0.12087	0.07644	0.09671	0.01859	0.06654	0.02919	0.09562	0.03426	0.13194	0.08479	0.07114	0.01649	0.01139	0.00352	0.01034	0.06912	0.00776	0.01262
11	0.01422	0.01048	0.01329	0.01259	0.01514	0.00955	0.00944	0.01877	0.02832	0.03942	0.50984	0.07951	0.15799	0.02163	0.01211	0.00326	0.00489	0.01896	0.01107	0.00955
12	0.02498	0.02137	0.02425	0.02093	0.02659	0.05403	0.05498	0.04432	0.34645	0.07269	0.10641	0.04577	0.08178	0.01510	0.01083	0.00338	0.00882	0.01295	0.00991	0.01447
13	0.01740	0.01121	0.01414	0.01299	0.01620	0.01006	0.00989	0.02171	0.02798	0.09592	0.42277	0.07655	0.18191	0.02108	0.01192	0.00327	0.00532	0.01829	0.01110	0.01031
14	0.02634	0.02889	0.10047	0.02811	0.03512	0.09010	0.15812	0.07632	0.08411	0.06473	0.02668	0.08188	0.02299	0.04688	0.01558	0.00381	0.07775	0.01185	0.00690	0.01338
15	0.14319	0.01238	0.01498	0.06062	0.02107	0.01271	0.01176	0.02123	0.02017	0.07862	0.04452	0.42165	0.04966	0.02465	0.01141	0.00384	0.00715	0.02168	0.00885	0.00988
16	0.13604	0.13454	0.03456	0.08980	0.07946	0.02386	0.07939	0.03729	0.02393	0.22723	0.02518	0.02631	0.01779	0.01046	0.00923	0.00305	0.01087	0.00870	0.00780	0.01452

[dist]
# distance from previous block
# <min> <max>
2	5

[block]
# block no. 2 follows, 14 sequences, length 46
# corresponding to MSA columns:
# 221-266
name=unknown_C
#
# <colnr> <probs for GDERKNQSTAVLIFYWHMCP>
#	G	D	E	R	K	N	Q	S	T	A	V	L	I	F	Y	W	H	M	C	P
0	0.03623	0.01967	0.06168	0.01793	0.02629	0.01500	0.01561	0.04096	0.02687	0.37642	0.06873	0.03350	0.02683	0.01182	0.00975	0.00279	0.00865	0.00966	0.01044	0.18119
1	0.01780	0.01422	0.01675	0.01367	0.01880	0.01190	0.01008	0.02094	0.01998	0.02921	0.07286	0.04554	0.07229	0.18482	0.06657	0.00524	0.00938	0.01105	0.00675	0.35214
2	0.07235	0.07866	0.15301	0.09055	0.12372	0.02588	0.09790	0.09080	0.06754	0.06949	0.02212	0.02535	0.01650	0.01025	0.00987	0.00317	0.01268	0.00898	0.00637	0.01482
3	0.13461	0.09176	0.02623	0.01926	0.02582	0.02724	0.01576	0.16064	0.25859	0.04613	0.02988	0.02930	0.02258	0.01216	0.00912	0.00312	0.00894	0.00930	0.05460	0.01495
4	0.02770	0.02190	0.03471	0.18352	0.16315	0.02311	0.09252	0.10093	0.06207	0.11201	0.02635	0.06067	0.02069	0.01182	0.01066	0.00331	0.01205	0.01094	0.00730	0.01460
5	0.01465	0.01023	0.01304	0.01322	0.01389	0.01081	0.00871	0.01603	0.01581	0.02170	0.03249	0.10015	0.03563	0.40337	0.23469	0.01174	0.01560	0.01465	0.00622	0.00737
6	0.02019	0.01171	0.01465	0.01352	0.01714	0.01034	0.01027	0.02379	0.02621	0.14893	0.25609	0.15236	0.21050	0.02222	0.01188	0.00342	0.00591	0.01919	0.01085	0.01084
7	0.02058	0.05308	0.58618	0.02925	0.04442	0.02383	0.03792	0.03250	0.02167	0.03250	0.01842	0.02167	0.01300	0.00975	0.00975	0.00325	0.01517	0.00758	0.00433	0.01517
8	0.01470	0.01025	0.01261	0.01216	0.01351	0.00980	0.00816	0.01742	0.02285	0.03182	0.33391	0.07249	0.07070	0.29245	0.02972	0.00618	0.00708	0.01696	0.00907	0.00816
9	0.01908	0.03931	0.37994	0.02714	0.03843	0.02041	0.09586	0.02821	0.02183	0.03116	0.03193	0.12351	0.06955	0.01446	0.01078	0.00344	0.01317	0.01271	0.00569	0.01338
10	0.62106	0.01952	0.01627	0.01414	0.02071	0.02194	0.01165	0.03287	0.01909	0.11918	0.01786	0.01916	0.01306	0.00996	0.00689	0.00318	0.00805	0.00621	0.00722	0.01198
11	0.02101	0.01846	0.01883	0.01750	0.02181	0.05152	0.01333	0.03747	0.29587	0.03815	0.16658	0.09825	0.12227	0.01832	0.01117	0.00343	0.00743	0.01555	0.01014	0.01290
12	0.01489	0.01042	0.01339	0.01265	0.01506	0.00967	0.00948	0.01973	0.02845	0.04092	0.52752	0.07362	0.09126	0.02027	0.01171	0.00316	0.00484	0.01785	0.06543	0.00967
13	0.02540	0.18208	0.10575	0.01952	0.02640	0.11157	0.01806	0.03282	0.07832	0.06936	0.18371	0.03866	0.04048	0.01356	0.00969	0.00291	0.01046	0.01073	0.00771	0.01281
14	0.28947	0.11451	0.02734	0.01899	0.02611	0.11602	0.01580	0.16221	0.02843	0.08657	0.01920	0.02037	0.01445	0.01054	0.00813	0.00293	0.01091	0.00701	0.00740	0.01362
15	0.02435	0.02090	0.06624	0.01670	0.02614	0.01466	0.01456	0.02942	0.02233	0.10270	0.02106	0.02303	0.01631	0.00841	0.00811	0.00187	0.00834	0.00673	0.00678	0.56133
16	0.12362	0.12016	0.03459	0.02492	0.03169	0.18613	0.11307	0.03760	0.12163	0.03296	0.02374	0.03004	0.01986	0.01166	0.00955	0.00310	0.01319	0.04301	0.00652	0.01296
17	0.02983	0.02571	0.08277	0.02303	0.03067	0.02455	0.05939	0.15664	0.25320	0.10656	0.03328	0.03238	0.02417	0.01247	0.01023	0.00326	0.01009	0.01044	0.05541	0.01591
18	0.01307	0.00987	0.01212	0.01311	0.01506	0.00893	0.00946	0.01592	0.02302	0.03013	0.18074	0.32356	0.22341	0.02769	0.01266	0.00379	0.00570	0.05307	0.00990	0.00879
19	0.02328	0.02189	0.03331	0.22481	0.09976	0.02458	0.10249	0.03954	0.24431	0.03492	0.02852	0.03176	0.02156	0.01142	0.01061	0.00341	0.01178	0.01062	0.00715	0.01427
20	0.07091	0.04463	0.44966	0.02628	0.03959	0.02224	0.03213	0.03542	0.02274	0.12985	0.02201	0.02366	0.01505	0.01025	0.00962	0.00323	0.01356	0.00793	0.00593	0.01530
21	0.02060	0.07202	0.16767	0.01933	0.02647	0.02015	0.01906	0.03388	0.18003	0.03557	0.08015	0.08653	0.07374	0.01509	0.01000	0.00321	0.00906	0.01252	0.10184	0.01311
22	0.03606	0.08157	0.11744	0.02362	0.03263	0.08531	0.02168	0.31183	0.03774	0.11688	0.02396	0.02421	0.01699	0.01152	0.00980	0.00301	0.01226	0.00856	0.00870	0.01621
23	0.02341	0.02162	0.02654	0.14948	0.03442	0.07294	0.02006	0.08688	0.02373	0.03237	0.07554	0.07515	0.02702	0.01601	0.01855	0.00366	0.22336	0.01133	0.04631	0.01160
24	0.02409	0.01556	0.01839	0.01652	0.02095	0.01603	0.01274	0.03693	0.21122	0.13657	0.21657	0.09691	0.05444	0.01733	0.01096	0.00332	0.00676	0.01491	0.05656	0.01323
25	0.06594	0.15395	0.11026	0.02376	0.03194	0.16498	0.05893	0.11674	0.02722	0.03455	0.01868	0.02201	0.01503	0.01525	0.05525	0.00382	0.01482	0.00763	0.00592	0.05330
26	0.01462	0.00963	0.01154	0.01209	0.01222	0.00949	0.00721	0.01465	0.01587	0.02116	0.03664	0.19362	0.04264	0.44863	0.04223	0.06775	0.00895	0.01767	0.00683	0.00655
27	0.55826	0.02100	0.01814	0.01539	0.02215	0.02373	0.01269	0.10875	0.02304	0.09086	0.01790	0.01930	0.01319	0.01020	0.00725	0.00316	0.00851	0.00649	0.00744	0.01257
28	0.08140	0.43749	0.13029	0.01988	0.02922	0.06840	0.02043	0.05878	0.02265	0.02937	0.01555	0.01784	0.01321	0.00928	0.00741	0.00251	0.01184	0.00608	0.00490	0.01347
29	0.03551	0.12858	0.07664	0.02517	0.03200	0.42063	0.02092	0.08847	0.02927	0.02949	0.01672	0.01908	0.01361	0.01044	0.00903	0.00267	0.01650	0.00679	0.00558	0.01288
30	0.01486	0.01008	0.01185	0.01177	0.01215	0.01014	0.00707	0.01562	0.01644	0.02230	0.08523	0.06605	0.04232	0.53517	0.08995	0.00978	0.01078	0.01498	0.00667	0.00679
31	0.02917	0.55169	0.05009	0.01871	0.02718	0.08246	0.01788	0.07149	0.02363	0.02739	0.01520	0.01726	0.01351	0.00919	0.00708	0.00230	0.01157	0.00587	0.00492	0.01341
32	0.01553	0.01205	0.01748	0.01822	0.02041	0.01186	0.04760	0.02065	0.05866	0.02931	0.05240	0.37891	0.05891	0.02805	0.01321	0.00426	0.00803	0.18557	0.00928	0.00962
33	0.02908	0.06961	0.06822	0.01905	0.02493	0.05204	0.01626	0.13381	0.02685	0.15137	0.02814	0.03603	0.02327	0.13088	0.13779	0.00693	0.01452	0.01023	0.00794	0.01304
34	0.03208	0.02646	0.02423	0.02171	0.02727	0.16551	0.01746	0.10866	0.13276	0.13432	0.03570	0.04945	0.03048	0.01611	0.01099	0.00346	0.01160	0.12858	0.00928	0.01390
35	0.01533	0.01197	0.01777	0.01739	0.01906	0.01442	0.01365	0.01887	0.01643	0.02390	0.02629	0.03879	0.02461	0.07192	0.55037	0.01547	0.07820	0.01082	0.00541	0.00934
36	0.13021	0.04345	0.02730	0.02446	0.03011	0.47757	0.01862	0.07674	0.02892	0.03091	0.01630	0.01871	0.01325	0.01056	0.00893	0.00275	0.01653	0.00666	0.00580	0.01220
37	0.02112	0.09963	0.54434	0.02833	0.04300	0.02515	0.03632	0.03236	0.02160	0.03184	0.01809	0.02126	0.01301	0.00967	0.00950	0.00317	0.01484	0.00742	0.00434	0.01501
38	0.01517	0.01091	0.01398	0.01554	0.01696	0.01069	0.01107	0.06003	0.02249	0.02993	0.05361	0.52944	0.06269	0.03008	0.01296	0.00413	0.00676	0.07474	0.00958	0.00923
39	0.01984	0.01118	0.01292	0.01222	0.01517	0.01092	0.00925	0.02586	0.05625	0.08177	0.20196	0.08277	0.05068	0.01604	0.00947	0.00288	0.00538	0.01362	0.35128	0.01056
40	0.02434	0.02340	0.03932	0.13378	0.46087	0.02477	0.03032	0.03021	0.02233	0.03179	0.01866	0.02541	0.01567	0.01005	0.01218	0.00322	0.06441	0.00913	0.00496	0.01518
41	0.01402	0.01533	0.09195	0.01682	0.01961	0.01083	0.01416	0.01750	0.02032	0.02752	0.05105	0.49676	0.05940	0.02867	0.01274	0.00410	0.00758	0.07345	0.00880	0.00939
42	0.03268	0.01981	0.02306	0.01905	0.02529	0.02015	0.01548	0.24125	0.03487	0.19150	0.04540	0.10554	0.10363	0.01762	0.01115	0.00341	0.00909	0.05570	0.01067	0.01467
43	0.03228	0.03882	0.02998	0.02663	0.02990	0.38194	0.02083	0.03477	0.02398	0.02496	0.01495	0.02001	0.01332	0.01339	0.01857	0.00335	0.24820	0.00751	0.00498	0.01164
44	0.33040	0.02206	0.02377	0.02433	0.10930	0.02422	0.01676	0.11768	0.10440	0.09978	0.02339	0.02431	0.01733	0.01088	0.00857	0.00319	0.00924	0.00807	0.00802	0.01431
45	0.02391	0.16890	0.06912	0.11654	0.21082	0.02591	0.05367	0.02961	0.02194	0.03022	0.01781	0.02271	0.01476	0.00891	0.00893	0.00264	0.01167	0.00778	0.00501	0.14917

[dist]
# distance from previous block
# <min> <max>
0	1

[block]
# block no. 3 follows, 14 sequences, length 6
# corresponding to MSA columns:
# 268-273
name=unknown_D
#
# <colnr> <probs for GDERKNQSTAVLIFYWHMCP>
#	G	D	E	R	K	N	Q	S	T	A	V	L	I	F	Y	W	H	M	C	P
0	0.12901	0.01695	0.01977	0.01762	0.02108	0.01958	0.01380	0.13099	0.02307	0.03542	0.02437	0.03583	0.02237	0.13229	0.25181	0.00958	0.06862	0.01020	0.00666	0.01096
1	0.02449	0.01875	0.03136	0.26463	0.10419	0.01961	0.09332	0.03025	0.02347	0.13252	0.03713	0.04049	0.10910	0.01299	0.01083	0.00335	0.01168	0.01185	0.00706	0.01294
2	0.14100	0.06213	0.14770	0.02350	0.03200	0.02350	0.08534	0.08921	0.02396	0.09226	0.02034	0.02375	0.01536	0.01251	0.01328	0.05655	0.05498	0.00825	0.00646	0.06789
3	0.01555	0.01220	0.01911	0.01941	0.02183	0.01175	0.06836	0.01938	0.02191	0.02893	0.05179	0.33682	0.05841	0.02797	0.01348	0.00434	0.00872	0.24160	0.00903	0.00942
4	0.01449	0.01002	0.01107	0.01107	0.01161	0.00975	0.00646	0.01489	0.01624	0.02112	0.04348	0.07207	0.12038	0.54390	0.04599	0.00894	0.00921	0.01597	0.00673	0.00660
5	0.02128	0.01528	0.02145	0.01952	0.02332	0.01567	0.05399	0.10809	0.02626	0.06979	0.08196	0.18824	0.04516	0.03295	0.12674	0.00631	0.01267	0.11113	0.00886	0.01133

[dist]
# distance from previous block
# <min> <max>
0	2

# created by:
# /st0/software/busco_prod/Augustus/scripts/msa2prfl.pl ./align_prep/11829.fa
