[name]
unknown

[dist]
# distance from previous block
# <min> <max>
0	1170

[block]
# block no. 0 follows, 12 sequences, length 8
# corresponding to MSA columns:
# 1283-1290
name=unknown_A
#
# <colnr> <probs for GDERKNQSTAVLIFYWHMCP>
#	G	D	E	R	K	N	Q	S	T	A	V	L	I	F	Y	W	H	M	C	P
0	0.02915	0.62337	0.05714	0.01866	0.02799	0.04314	0.01866	0.03265	0.02215	0.02565	0.01516	0.01749	0.01399	0.00933	0.00700	0.00233	0.01166	0.00583	0.00466	0.01399
1	0.01511	0.01079	0.01475	0.01727	0.01870	0.01043	0.01329	0.01834	0.02267	0.02988	0.05909	0.40240	0.06813	0.03244	0.01440	0.00468	0.00791	0.22027	0.01009	0.00936
2	0.02166	0.02145	0.03925	0.47794	0.07135	0.02492	0.12934	0.02932	0.02262	0.02932	0.01993	0.02914	0.01495	0.01055	0.01131	0.00364	0.01533	0.01035	0.00498	0.01265
3	0.26691	0.02285	0.02709	0.02344	0.02589	0.03015	0.01948	0.02835	0.01737	0.03447	0.01463	0.02163	0.01340	0.01583	0.02525	0.00426	0.38338	0.00822	0.00549	0.01188
4	0.02059	0.01938	0.03270	0.59060	0.07510	0.02422	0.03028	0.02786	0.02180	0.02786	0.01938	0.02907	0.01453	0.01090	0.01090	0.00363	0.01453	0.00969	0.00484	0.01211
5	0.01369	0.00999	0.01288	0.01445	0.01580	0.00919	0.00997	0.01635	0.02335	0.03129	0.16516	0.44866	0.12691	0.03103	0.01359	0.00415	0.00600	0.02785	0.01051	0.00919
6	0.23104	0.44043	0.04465	0.01735	0.02589	0.03747	0.01658	0.03247	0.02106	0.03272	0.01517	0.01756	0.01333	0.00957	0.00692	0.00265	0.01068	0.00585	0.00530	0.01333
7	0.03592	0.02528	0.03169	0.03065	0.13419	0.02524	0.02087	0.23875	0.03666	0.13754	0.02648	0.02745	0.01922	0.01145	0.01031	0.00294	0.01092	0.00930	0.00932	0.15583

[dist]
# distance from previous block
# <min> <max>
0	67

[block]
# block no. 1 follows, 12 sequences, length 33
# corresponding to MSA columns:
# 1358-1367,1412-1434
name=unknown_B
#
# <colnr> <probs for GDERKNQSTAVLIFYWHMCP>
#	G	D	E	R	K	N	Q	S	T	A	V	L	I	F	Y	W	H	M	C	P
0	0.02691	0.19680	0.08500	0.12609	0.17993	0.03168	0.06301	0.06583	0.02483	0.03313	0.01883	0.02423	0.01548	0.01069	0.01159	0.00320	0.05370	0.00871	0.00540	0.01497
1	0.69383	0.02109	0.01603	0.01434	0.02109	0.02446	0.01181	0.03205	0.01856	0.04892	0.01518	0.01771	0.01181	0.01012	0.00675	0.00337	0.00843	0.00590	0.00675	0.01181
2	0.02534	0.02582	0.04256	0.09097	0.26613	0.06426	0.14640	0.03206	0.02624	0.03549	0.10474	0.03598	0.03044	0.01182	0.01158	0.00338	0.01366	0.01191	0.00646	0.01477
3	0.02087	0.01938	0.03133	0.51249	0.06840	0.02291	0.02792	0.02780	0.02191	0.02890	0.01938	0.02819	0.01475	0.01052	0.01052	0.00336	0.01366	0.00925	0.00506	0.10340
4	0.01609	0.01134	0.01701	0.01701	0.01866	0.01299	0.01299	0.01866	0.01701	0.02433	0.02762	0.04134	0.02598	0.07501	0.49177	0.12004	0.02616	0.01134	0.00567	0.00896
5	0.69383	0.02109	0.01603	0.01434	0.02109	0.02446	0.01181	0.03205	0.01856	0.04892	0.01518	0.01771	0.01181	0.01012	0.00675	0.00337	0.00843	0.00590	0.00675	0.01181
6	0.02699	0.02591	0.04426	0.06693	0.54879	0.02591	0.03346	0.03346	0.02483	0.03562	0.02051	0.02699	0.01727	0.00972	0.01079	0.00324	0.01295	0.00972	0.00540	0.01727
7	0.01647	0.01271	0.01825	0.06408	0.06429	0.01254	0.01465	0.02099	0.02620	0.03605	0.26422	0.22111	0.07540	0.02466	0.01313	0.00392	0.00748	0.08314	0.01014	0.01057
8	0.01323	0.01106	0.01153	0.01141	0.01494	0.00935	0.00856	0.01632	0.02567	0.03140	0.16928	0.10174	0.48434	0.02689	0.01288	0.00365	0.00547	0.02256	0.01038	0.00935
9	0.03193	0.28126	0.08152	0.02025	0.02996	0.03082	0.01917	0.11034	0.02816	0.10816	0.02192	0.02302	0.01692	0.01033	0.00864	0.00257	0.01102	0.00747	0.00722	0.14933
10	0.01561	0.01153	0.01676	0.01676	0.01844	0.01321	0.01267	0.01898	0.01730	0.02474	0.02991	0.04671	0.02894	0.15453	0.50315	0.01658	0.02667	0.01225	0.00595	0.00931
11	0.02831	0.08055	0.04339	0.09391	0.41281	0.02822	0.03051	0.08498	0.02724	0.03777	0.02056	0.02617	0.01692	0.01013	0.01047	0.00319	0.01284	0.00937	0.00589	0.01676
12	0.01872	0.01722	0.05991	0.01688	0.02124	0.01440	0.01422	0.08810	0.02925	0.03920	0.19722	0.18571	0.17290	0.02426	0.01278	0.00379	0.00767	0.05488	0.01031	0.01135
13	0.04145	0.03054	0.03272	0.02509	0.03381	0.03381	0.02072	0.51243	0.05127	0.06872	0.02618	0.02618	0.01854	0.01309	0.01091	0.00327	0.01200	0.00982	0.01091	0.01854
14	0.02187	0.05640	0.56031	0.03108	0.04719	0.02532	0.04029	0.03453	0.02302	0.03453	0.01957	0.02302	0.01381	0.01036	0.01036	0.00345	0.01611	0.00806	0.00460	0.01611
15	0.01577	0.01347	0.02298	0.02133	0.02404	0.01260	0.10988	0.01913	0.02185	0.02925	0.05249	0.49370	0.06101	0.02917	0.01371	0.00428	0.00874	0.02737	0.00920	0.01003
16	0.02059	0.01938	0.03270	0.59060	0.07510	0.02422	0.03028	0.02786	0.02180	0.02786	0.01938	0.02907	0.01453	0.01090	0.01090	0.00363	0.01453	0.00969	0.00484	0.01211
17	0.02414	0.01399	0.01714	0.01521	0.01872	0.01353	0.01117	0.06154	0.02540	0.14115	0.12373	0.06390	0.11247	0.21664	0.08678	0.00725	0.01091	0.01551	0.00959	0.01124
18	0.01586	0.01568	0.05776	0.01507	0.01925	0.01248	0.01258	0.02273	0.07248	0.03624	0.24552	0.13892	0.24686	0.02388	0.01262	0.00366	0.00661	0.02053	0.01044	0.01084
19	0.02200	0.04635	0.40737	0.10678	0.04812	0.02642	0.03639	0.03235	0.02188	0.03235	0.01873	0.02397	0.01399	0.01178	0.01435	0.00368	0.10539	0.00851	0.00466	0.01492
20	0.01328	0.00949	0.01265	0.01518	0.01581	0.00886	0.01012	0.01518	0.02088	0.02783	0.06010	0.60969	0.07212	0.03416	0.01392	0.00443	0.00633	0.03100	0.01012	0.00886
21	0.01391	0.00995	0.01331	0.01547	0.01649	0.00935	0.01082	0.01644	0.02235	0.03000	0.11229	0.50790	0.07460	0.03250	0.01391	0.00437	0.00654	0.07038	0.01032	0.00912
22	0.02504	0.30338	0.34112	0.02567	0.03882	0.03309	0.03086	0.03371	0.02264	0.03066	0.01765	0.02061	0.01389	0.00991	0.00889	0.00296	0.01417	0.00709	0.00463	0.01519
23	0.23505	0.27095	0.03732	0.02009	0.02680	0.11511	0.01761	0.03322	0.02161	0.03306	0.01530	0.01875	0.01337	0.01118	0.01126	0.00306	0.09143	0.00654	0.00546	0.01284
24	0.01468	0.01044	0.01372	0.01513	0.01643	0.00990	0.01079	0.01761	0.02340	0.03172	0.17736	0.35342	0.07499	0.09388	0.01832	0.00493	0.00700	0.08697	0.01020	0.00913
25	0.02033	0.01016	0.01016	0.01016	0.01270	0.01016	0.00762	0.02541	0.02287	0.04065	0.03557	0.04065	0.02795	0.01270	0.00762	0.00254	0.00508	0.01016	0.67734	0.01016
26	0.07855	0.25589	0.14500	0.02246	0.03254	0.03306	0.02261	0.13456	0.06413	0.08183	0.02257	0.02358	0.01712	0.01108	0.00906	0.00300	0.01199	0.00796	0.00723	0.01579
27	0.14618	0.20305	0.07661	0.02110	0.02994	0.03223	0.01939	0.16900	0.08532	0.08441	0.02381	0.02435	0.01794	0.01149	0.00904	0.00308	0.01104	0.00821	0.00810	0.01574
28	0.06841	0.06434	0.02147	0.01802	0.02230	0.01804	0.01446	0.07767	0.06095	0.03759	0.07857	0.22697	0.05042	0.02309	0.01206	0.00385	0.00856	0.11991	0.00943	0.06390
29	0.28419	0.07119	0.02913	0.12377	0.07402	0.02870	0.01980	0.17041	0.02934	0.04810	0.01950	0.02284	0.01482	0.01103	0.00901	0.00330	0.01113	0.00798	0.00735	0.01439
30	0.02606	0.10704	0.03965	0.13045	0.15840	0.06423	0.08956	0.06862	0.02765	0.03627	0.11355	0.03554	0.03146	0.01241	0.01088	0.00325	0.01278	0.01122	0.00685	0.01413
31	0.06984	0.06424	0.02458	0.01940	0.02363	0.05927	0.01567	0.05899	0.02375	0.03424	0.10415	0.03774	0.03264	0.03577	0.19037	0.00770	0.09568	0.01080	0.00705	0.08451
32	0.07923	0.09517	0.11426	0.02489	0.03208	0.06576	0.05590	0.10449	0.07199	0.03753	0.02302	0.02927	0.01924	0.05982	0.05839	0.00501	0.09369	0.00958	0.00670	0.01397

[dist]
# distance from previous block
# <min> <max>
5	27

[block]
# block no. 2 follows, 12 sequences, length 7
# corresponding to MSA columns:
# 1462-1468
name=unknown_C
#
# <colnr> <probs for GDERKNQSTAVLIFYWHMCP>
#	G	D	E	R	K	N	Q	S	T	A	V	L	I	F	Y	W	H	M	C	P
0	0.07248	0.02650	0.08928	0.02586	0.07475	0.02488	0.02050	0.12707	0.21796	0.04621	0.07828	0.08353	0.03460	0.01543	0.01103	0.00357	0.01001	0.01287	0.00949	0.01569
1	0.15104	0.09747	0.03782	0.03544	0.16700	0.06695	0.08478	0.07706	0.02670	0.06997	0.02390	0.03275	0.02017	0.01207	0.01019	0.00334	0.01261	0.04898	0.00696	0.01478
2	0.02503	0.01940	0.03015	0.27039	0.04867	0.02159	0.06533	0.08635	0.02643	0.08545	0.06805	0.03886	0.02704	0.07331	0.06259	0.00535	0.01416	0.01167	0.00731	0.01289
3	0.01894	0.00947	0.01420	0.01420	0.01420	0.00947	0.00947	0.01420	0.01420	0.01894	0.01894	0.03314	0.01894	0.03788	0.04261	0.68277	0.00947	0.00947	0.00473	0.00473
4	0.02624	0.02789	0.16986	0.15238	0.08791	0.02027	0.02641	0.03334	0.02379	0.14184	0.02941	0.08346	0.02398	0.02177	0.07814	0.00522	0.01471	0.01170	0.00726	0.01443
5	0.02583	0.02403	0.03144	0.12259	0.22032	0.07013	0.02372	0.07851	0.07079	0.03565	0.03284	0.07273	0.06194	0.06462	0.01487	0.00403	0.01215	0.01251	0.00711	0.01422
6	0.02640	0.01835	0.02060	0.01710	0.02303	0.01790	0.01337	0.13139	0.07989	0.10355	0.09870	0.05786	0.16667	0.07029	0.01517	0.00387	0.00839	0.01461	0.01016	0.10269

[dist]
# distance from previous block
# <min> <max>
4	38

[block]
# block no. 3 follows, 12 sequences, length 38
# corresponding to MSA columns:
# 1507-1544
name=unknown_D
#
# <colnr> <probs for GDERKNQSTAVLIFYWHMCP>
#	G	D	E	R	K	N	Q	S	T	A	V	L	I	F	Y	W	H	M	C	P
0	0.02484	0.02177	0.03438	0.21074	0.12380	0.02334	0.08509	0.09826	0.02670	0.03713	0.02306	0.03009	0.01821	0.01804	0.06888	0.00471	0.01470	0.01008	0.05489	0.07130
1	0.24459	0.02651	0.06423	0.01995	0.02718	0.07083	0.01721	0.07051	0.07152	0.08688	0.05708	0.02796	0.02270	0.01234	0.01095	0.00323	0.05106	0.00872	0.00794	0.09862
2	0.11371	0.02770	0.16006	0.02445	0.07014	0.01893	0.02180	0.03572	0.02458	0.18632	0.03251	0.12312	0.02742	0.01490	0.01050	0.00340	0.01061	0.01239	0.00858	0.07317
3	0.02120	0.06876	0.13358	0.19202	0.04417	0.02142	0.06120	0.02861	0.02395	0.03417	0.10105	0.03601	0.02977	0.01229	0.01033	0.00318	0.01181	0.01067	0.09108	0.06472
4	0.07590	0.02527	0.12602	0.15904	0.04097	0.02019	0.02310	0.03756	0.05828	0.19372	0.03318	0.10379	0.02655	0.01474	0.01092	0.00361	0.01137	0.01238	0.00867	0.01475
5	0.02881	0.02649	0.04280	0.06164	0.48368	0.02691	0.03185	0.09403	0.02817	0.03981	0.02123	0.02688	0.01743	0.01014	0.01081	0.00324	0.01283	0.00973	0.00609	0.01743
6	0.03040	0.02818	0.11439	0.02782	0.03760	0.02284	0.13773	0.04397	0.15510	0.15651	0.03184	0.03223	0.02275	0.01164	0.01100	0.00332	0.01217	0.01076	0.00875	0.10101
7	0.02325	0.02575	0.07605	0.03179	0.07929	0.06089	0.14191	0.02932	0.02404	0.03253	0.03117	0.09688	0.03058	0.01684	0.01433	0.00375	0.06684	0.11023	0.00685	0.09769
8	0.02296	0.02298	0.04221	0.20348	0.12643	0.02479	0.18391	0.02932	0.02226	0.03030	0.02179	0.03368	0.01875	0.08763	0.01974	0.00458	0.07531	0.01150	0.00536	0.01301
9	0.02685	0.07315	0.03601	0.19807	0.14155	0.02377	0.06839	0.03475	0.06057	0.10816	0.09079	0.03628	0.02944	0.01246	0.01099	0.00339	0.01199	0.01128	0.00757	0.01453
10	0.02112	0.03940	0.32112	0.10376	0.09258	0.02281	0.06995	0.03056	0.02290	0.03276	0.02624	0.11748	0.02366	0.01404	0.01122	0.00363	0.01425	0.01242	0.00565	0.01446
11	0.01341	0.01004	0.01212	0.01368	0.01514	0.00911	0.00927	0.01538	0.02156	0.02769	0.07230	0.41428	0.20570	0.08578	0.01744	0.00478	0.00648	0.02730	0.00980	0.00875
12	0.07861	0.12810	0.10320	0.02605	0.03427	0.07485	0.10029	0.06711	0.11147	0.03702	0.02912	0.07433	0.02565	0.01419	0.01067	0.00346	0.01277	0.04724	0.00733	0.01427
13	0.17803	0.08865	0.02884	0.02280	0.02938	0.29812	0.01796	0.04249	0.06611	0.09974	0.02179	0.02289	0.01669	0.01140	0.00917	0.00303	0.01442	0.00759	0.00719	0.01369
14	0.01565	0.01138	0.01599	0.01599	0.01740	0.01279	0.01171	0.01848	0.01707	0.02417	0.03061	0.05061	0.03064	0.22773	0.43227	0.01563	0.02412	0.01282	0.00605	0.00888
15	0.02033	0.01016	0.01016	0.01016	0.01270	0.01016	0.00762	0.02541	0.02287	0.04065	0.03557	0.04065	0.02795	0.01270	0.00762	0.00254	0.00508	0.01016	0.67734	0.01016
16	0.21855	0.02579	0.06841	0.02353	0.02838	0.02868	0.02065	0.08131	0.02263	0.08642	0.01883	0.02350	0.01516	0.01472	0.02070	0.00399	0.26993	0.00855	0.00676	0.01351
17	0.02970	0.10719	0.03271	0.23504	0.04587	0.02580	0.02246	0.08126	0.09072	0.13387	0.02981	0.03694	0.02305	0.01325	0.01068	0.00347	0.01182	0.04349	0.00818	0.01469
18	0.01423	0.01038	0.01339	0.01416	0.01594	0.00954	0.01004	0.01768	0.02577	0.03520	0.28418	0.32551	0.12715	0.02819	0.01335	0.00391	0.00572	0.02517	0.01098	0.00954
19	0.01438	0.01072	0.01352	0.01461	0.01671	0.00985	0.01087	0.01777	0.02495	0.03296	0.19389	0.28866	0.18497	0.02906	0.01359	0.00409	0.00640	0.09294	0.01059	0.00948
20	0.02262	0.11507	0.50825	0.02979	0.04520	0.02717	0.03805	0.03434	0.02293	0.03361	0.01911	0.02245	0.01383	0.01025	0.01001	0.00334	0.01565	0.00783	0.00461	0.01589
21	0.02353	0.04257	0.34364	0.17215	0.09664	0.02577	0.03569	0.07019	0.02509	0.03565	0.02012	0.02511	0.01466	0.01065	0.01057	0.00346	0.01513	0.00874	0.00523	0.01541
22	0.02636	0.02163	0.03213	0.02604	0.03040	0.02481	0.09236	0.10337	0.02707	0.07848	0.11092	0.03824	0.03292	0.02469	0.09064	0.00565	0.20086	0.01219	0.00788	0.01334
23	0.02187	0.05640	0.56031	0.03108	0.04719	0.02532	0.04029	0.03453	0.02302	0.03453	0.01957	0.02302	0.01381	0.01036	0.01036	0.00345	0.01611	0.00806	0.00460	0.01611
24	0.02544	0.33423	0.31374	0.02499	0.03778	0.03406	0.02969	0.03361	0.02260	0.03018	0.01741	0.02031	0.01390	0.00985	0.00871	0.00290	0.01393	0.00697	0.00463	0.01507
25	0.03464	0.14183	0.23158	0.02412	0.03561	0.02587	0.02597	0.08189	0.02825	0.22466	0.02783	0.02740	0.01902	0.01154	0.01002	0.00321	0.01249	0.00886	0.00837	0.01683
26	0.01319	0.00985	0.01228	0.01423	0.01556	0.00894	0.00970	0.01529	0.02179	0.02821	0.07167	0.49364	0.18069	0.03265	0.01368	0.00426	0.00614	0.02916	0.01012	0.00894
27	0.02792	0.02605	0.08252	0.07315	0.04075	0.02374	0.16600	0.13541	0.03009	0.08776	0.03450	0.03836	0.07351	0.02175	0.08280	0.00529	0.01571	0.01227	0.00780	0.01461
28	0.03218	0.08258	0.12996	0.02836	0.07830	0.02351	0.06462	0.04025	0.06462	0.20713	0.03196	0.07497	0.02480	0.01392	0.01253	0.00351	0.05060	0.01158	0.00865	0.01596
29	0.12631	0.01864	0.02436	0.02147	0.05934	0.01717	0.01615	0.04628	0.02840	0.41802	0.03938	0.07832	0.02794	0.01443	0.01065	0.00345	0.00918	0.01180	0.01186	0.01687
30	0.01384	0.01008	0.01304	0.01443	0.01585	0.00928	0.01001	0.01670	0.02396	0.03233	0.19691	0.42150	0.12104	0.03034	0.01354	0.00409	0.00593	0.02722	0.01064	0.00928
31	0.01773	0.01516	0.02473	0.14429	0.03536	0.01640	0.06861	0.02290	0.02181	0.02897	0.04200	0.10065	0.08154	0.03968	0.18482	0.00825	0.01708	0.11214	0.00717	0.01072
32	0.03466	0.03954	0.16110	0.03333	0.10301	0.16102	0.06462	0.11508	0.03111	0.11686	0.02379	0.02582	0.01726	0.01131	0.01066	0.00324	0.01509	0.00910	0.00736	0.01604
33	0.33217	0.09236	0.10611	0.02425	0.07415	0.06305	0.02047	0.10286	0.02565	0.04469	0.01799	0.02063	0.01392	0.01054	0.00846	0.00322	0.01152	0.00718	0.00663	0.01417
34	0.10854	0.09514	0.20278	0.07333	0.15847	0.02617	0.02834	0.03385	0.06218	0.03565	0.02340	0.06350	0.01984	0.01204	0.00999	0.00337	0.01259	0.00992	0.00596	0.01495
35	0.01440	0.01034	0.01251	0.01330	0.01450	0.00969	0.00877	0.01638	0.02156	0.02865	0.14103	0.27728	0.13542	0.21511	0.02671	0.00609	0.00735	0.02315	0.00933	0.00844
36	0.10137	0.34123	0.04265	0.02112	0.02906	0.16024	0.01856	0.07408	0.06279	0.03308	0.01852	0.02036	0.01553	0.01053	0.00822	0.00272	0.01296	0.00689	0.00605	0.01405
37	0.08905	0.07894	0.07143	0.02249	0.03119	0.02842	0.01981	0.22486	0.12108	0.15738	0.03042	0.02924	0.02150	0.01270	0.01025	0.00331	0.01088	0.00970	0.01012	0.01722

[dist]
# distance from previous block
# <min> <max>
1	3

[block]
# block no. 4 follows, 12 sequences, length 14
# corresponding to MSA columns:
# 1548-1561
name=unknown_E
#
# <colnr> <probs for GDERKNQSTAVLIFYWHMCP>
#	G	D	E	R	K	N	Q	S	T	A	V	L	I	F	Y	W	H	M	C	P
0	0.21833	0.03943	0.07648	0.02365	0.03067	0.28446	0.01975	0.04169	0.10310	0.03652	0.02087	0.02266	0.01635	0.01139	0.00922	0.00316	0.01451	0.00762	0.00667	0.01345
1	0.02334	0.01299	0.01657	0.01461	0.01888	0.01151	0.01133	0.02778	0.02975	0.16969	0.33131	0.07498	0.17168	0.02114	0.01239	0.00347	0.00626	0.01817	0.01200	0.01215
2	0.03228	0.07984	0.23778	0.02500	0.03595	0.02450	0.02672	0.12306	0.03027	0.17145	0.03028	0.03706	0.02305	0.01360	0.01085	0.00348	0.01270	0.05722	0.00854	0.01638
3	0.02730	0.24813	0.23754	0.02588	0.03783	0.03012	0.07606	0.03494	0.02368	0.07770	0.02032	0.02293	0.01552	0.00996	0.00928	0.00291	0.01347	0.00788	0.00567	0.07288
4	0.01651	0.01241	0.01667	0.01857	0.06484	0.01246	0.01159	0.01939	0.02142	0.02956	0.16360	0.06635	0.08817	0.25922	0.14411	0.00904	0.01291	0.01591	0.00793	0.00935
5	0.01386	0.01010	0.01315	0.01508	0.01639	0.00938	0.01065	0.01647	0.02268	0.03007	0.11422	0.46057	0.12089	0.03192	0.01381	0.00431	0.00647	0.07052	0.01031	0.00915
6	0.02033	0.01016	0.01016	0.01016	0.01270	0.01016	0.00762	0.02541	0.02287	0.04065	0.03557	0.04065	0.02795	0.01270	0.00762	0.00254	0.00508	0.01016	0.67734	0.01016
7	0.01747	0.01833	0.06761	0.17053	0.03579	0.01750	0.01943	0.02265	0.02289	0.03077	0.12255	0.10962	0.13920	0.02622	0.07177	0.00520	0.06788	0.01600	0.00758	0.01102
8	0.02859	0.09523	0.13265	0.08020	0.08240	0.08529	0.10606	0.12271	0.03028	0.03964	0.07064	0.03018	0.02406	0.01180	0.01080	0.00327	0.01420	0.01024	0.00684	0.01494
9	0.02443	0.01955	0.01938	0.01782	0.02199	0.07360	0.01333	0.07678	0.11405	0.07820	0.10555	0.15568	0.13339	0.07677	0.01608	0.00428	0.00901	0.01770	0.01004	0.01239
10	0.03859	0.02336	0.02670	0.02135	0.02902	0.02430	0.01735	0.22307	0.13726	0.22514	0.04294	0.03972	0.07087	0.01485	0.01114	0.00343	0.00984	0.01187	0.01175	0.01747
11	0.09272	0.02590	0.03150	0.03715	0.21560	0.07733	0.02229	0.11389	0.02912	0.07874	0.02622	0.08575	0.02292	0.01310	0.01040	0.00318	0.01158	0.01107	0.00766	0.08387
12	0.02542	0.02803	0.14855	0.07471	0.03737	0.02236	0.07350	0.03185	0.02348	0.10879	0.06359	0.07748	0.02754	0.01507	0.01614	0.00366	0.13009	0.01195	0.00720	0.07320
13	0.02033	0.01016	0.01016	0.01016	0.01270	0.01016	0.00762	0.02541	0.02287	0.04065	0.03557	0.04065	0.02795	0.01270	0.00762	0.00254	0.00508	0.01016	0.67734	0.01016

[dist]
# distance from previous block
# <min> <max>
0	88

# created by:
# /st0/software/busco_prod/Augustus/scripts/msa2prfl.pl ./align_prep/11836.fa
