[name]
unknown

[dist]
# distance from previous block
# <min> <max>
0	181

[block]
# block no. 0 follows, 10 sequences, length 21
# corresponding to MSA columns:
# 183-203
name=unknown_A
#
# <colnr> <probs for GDERKNQSTAVLIFYWHMCP>
#	G	D	E	R	K	N	Q	S	T	A	V	L	I	F	Y	W	H	M	C	P
0	0.02702	0.01403	0.01838	0.01697	0.02066	0.01293	0.01278	0.03053	0.02734	0.17840	0.15831	0.13758	0.06153	0.15227	0.02386	0.00570	0.00887	0.06893	0.01147	0.01245
1	0.16256	0.01559	0.01770	0.01697	0.02167	0.01524	0.01326	0.03026	0.02546	0.14881	0.05788	0.21276	0.11914	0.02439	0.01249	0.00418	0.00828	0.06985	0.01085	0.01268
2	0.06869	0.01435	0.01710	0.01543	0.01962	0.01310	0.01143	0.02610	0.02676	0.09870	0.19963	0.13532	0.10301	0.10135	0.01890	0.00464	0.00767	0.01845	0.01065	0.08911
3	0.13799	0.02242	0.02404	0.01943	0.02661	0.02361	0.01583	0.19608	0.03647	0.16499	0.03279	0.03320	0.02333	0.01346	0.01004	0.00333	0.00962	0.01020	0.18022	0.01632
4	0.01554	0.01078	0.01320	0.01450	0.01631	0.00996	0.01015	0.01876	0.02501	0.03471	0.14392	0.35157	0.14382	0.03003	0.01355	0.00414	0.00622	0.02662	0.10128	0.00996
5	0.08913	0.01595	0.01971	0.01702	0.02274	0.01455	0.01337	0.03627	0.02959	0.24685	0.15302	0.12635	0.12551	0.02109	0.01242	0.00380	0.00789	0.01780	0.01242	0.01450
6	0.02998	0.01902	0.02228	0.02000	0.02490	0.01972	0.01507	0.10670	0.13663	0.13750	0.04782	0.20732	0.04506	0.09017	0.01834	0.00492	0.00940	0.01891	0.01142	0.01483
7	0.01899	0.01321	0.01681	0.01602	0.01602	0.01480	0.01060	0.01824	0.01665	0.02286	0.02959	0.05899	0.03307	0.37756	0.05281	0.15777	0.09791	0.01432	0.00629	0.00748
8	0.02062	0.01240	0.01677	0.01657	0.01933	0.01170	0.01221	0.02451	0.02722	0.10497	0.21998	0.26078	0.07614	0.03508	0.07988	0.00592	0.00976	0.02316	0.01146	0.01156
9	0.03041	0.01567	0.02004	0.01849	0.02294	0.01488	0.01376	0.03700	0.08496	0.21658	0.05280	0.26892	0.05078	0.07480	0.01723	0.00479	0.00863	0.02120	0.01193	0.01420
10	0.04163	0.01746	0.02361	0.01890	0.02605	0.01529	0.01529	0.04642	0.03318	0.38498	0.18370	0.05355	0.05269	0.01717	0.01229	0.00362	0.00859	0.01445	0.01392	0.01719
11	0.03129	0.02112	0.02276	0.01929	0.02483	0.02269	0.01523	0.24195	0.03855	0.05555	0.03722	0.12002	0.03234	0.01731	0.01085	0.00340	0.00915	0.01412	0.24743	0.01490
12	0.02858	0.01576	0.02255	0.02467	0.09731	0.01514	0.01573	0.03147	0.02519	0.15322	0.09221	0.04629	0.03656	0.06305	0.05973	0.13660	0.01100	0.01261	0.09956	0.01277
13	0.04239	0.03167	0.03388	0.02639	0.03537	0.03522	0.02166	0.43001	0.10758	0.07036	0.03024	0.02977	0.02166	0.01418	0.01166	0.00354	0.01237	0.01079	0.01166	0.01962
14	0.03001	0.52306	0.12664	0.02175	0.03271	0.04336	0.02312	0.03511	0.02376	0.02869	0.01683	0.01948	0.01490	0.01010	0.00796	0.00265	0.01310	0.00655	0.00497	0.01524
15	0.02412	0.02067	0.02412	0.01723	0.02756	0.01550	0.01378	0.02929	0.02412	0.03790	0.02067	0.02412	0.01723	0.00861	0.00861	0.00172	0.00861	0.00689	0.00689	0.66236
16	0.67341	0.02249	0.01709	0.01529	0.02249	0.02609	0.01260	0.03419	0.01979	0.05218	0.01619	0.01889	0.01260	0.01080	0.00720	0.00360	0.00900	0.00630	0.00720	0.01260
17	0.02389	0.02082	0.02337	0.08744	0.03244	0.02329	0.01750	0.04541	0.30921	0.04156	0.06340	0.06070	0.16458	0.01902	0.01233	0.00393	0.00908	0.01593	0.01072	0.01537
18	0.01550	0.01185	0.01422	0.01363	0.01679	0.01057	0.01022	0.02009	0.03066	0.04127	0.37340	0.09571	0.25226	0.02578	0.01373	0.00375	0.00563	0.02227	0.01210	0.01057
19	0.02756	0.02435	0.02839	0.10840	0.03804	0.02899	0.02114	0.05407	0.38505	0.04403	0.04060	0.04002	0.03075	0.01550	0.01392	0.00403	0.05534	0.01247	0.01025	0.01709
20	0.03319	0.02651	0.10713	0.18155	0.04731	0.02089	0.02493	0.04018	0.02715	0.20661	0.02954	0.03163	0.02038	0.01190	0.01096	0.00332	0.01242	0.00985	0.00871	0.14583

[dist]
# distance from previous block
# <min> <max>
6	40

[block]
# block no. 1 follows, 10 sequences, length 58
# corresponding to MSA columns:
# 244-301
name=unknown_B
#
# <colnr> <probs for GDERKNQSTAVLIFYWHMCP>
#	G	D	E	R	K	N	Q	S	T	A	V	L	I	F	Y	W	H	M	C	P
0	0.03362	0.02384	0.03071	0.11724	0.08464	0.02498	0.02186	0.15522	0.08538	0.12550	0.08212	0.03794	0.03140	0.01399	0.01157	0.00345	0.01129	0.01168	0.01009	0.08347
1	0.02907	0.02380	0.07258	0.07806	0.03419	0.02196	0.02018	0.04571	0.20669	0.13445	0.15188	0.04990	0.04777	0.01653	0.01216	0.00378	0.00987	0.01402	0.01119	0.01622
2	0.02498	0.01825	0.02262	0.01960	0.02469	0.01952	0.06073	0.04109	0.20115	0.04470	0.03994	0.04212	0.03067	0.01399	0.01009	0.00330	0.00831	0.01200	0.34808	0.01417
3	0.18893	0.04140	0.18280	0.03040	0.08511	0.14803	0.02689	0.03666	0.02495	0.03775	0.02020	0.02494	0.01614	0.01907	0.06563	0.00504	0.01716	0.00835	0.00596	0.01459
4	0.02258	0.02084	0.03345	0.43333	0.10489	0.02506	0.02966	0.03222	0.06837	0.03215	0.02651	0.07294	0.02217	0.01376	0.01188	0.00391	0.01413	0.01229	0.00626	0.01361
5	0.02179	0.01451	0.01980	0.21679	0.03836	0.01643	0.01714	0.02808	0.02397	0.03827	0.03150	0.03876	0.02448	0.01283	0.00943	0.00314	0.00918	0.01065	0.41327	0.01162
6	0.01566	0.01186	0.01443	0.01379	0.01688	0.01063	0.01034	0.02039	0.03102	0.04213	0.39558	0.09430	0.22955	0.02546	0.01373	0.00374	0.00561	0.02207	0.01221	0.01063
7	0.21929	0.01912	0.02169	0.01763	0.02514	0.01859	0.01443	0.04576	0.02814	0.31869	0.03641	0.03446	0.02447	0.01326	0.00988	0.00346	0.00894	0.01007	0.11420	0.01638
8	0.02305	0.02178	0.03684	0.48524	0.14971	0.02612	0.03284	0.03066	0.02377	0.03103	0.02086	0.03066	0.01597	0.01143	0.01161	0.00381	0.01524	0.01034	0.00526	0.01379
9	0.01873	0.01479	0.01912	0.01861	0.01900	0.01719	0.01345	0.02027	0.01909	0.02641	0.03873	0.15744	0.04420	0.29589	0.04182	0.00800	0.14828	0.06215	0.00760	0.00925
10	0.03109	0.59826	0.06095	0.01990	0.02985	0.04602	0.01990	0.03483	0.02363	0.02736	0.01617	0.01866	0.01493	0.00995	0.00746	0.00249	0.01244	0.00622	0.00498	0.01493
11	0.02545	0.02545	0.03562	0.03053	0.03053	0.03562	0.02545	0.02799	0.01781	0.02799	0.01527	0.02545	0.01527	0.02036	0.03817	0.00509	0.56997	0.01018	0.00509	0.01272
12	0.02222	0.02035	0.02803	0.02483	0.02516	0.02706	0.01978	0.02447	0.01776	0.02667	0.02237	0.03950	0.02324	0.15319	0.12314	0.00857	0.36485	0.01198	0.00569	0.01114
13	0.02168	0.01084	0.01084	0.01084	0.01355	0.01084	0.00813	0.02710	0.02439	0.04336	0.03794	0.04336	0.02981	0.01355	0.00813	0.00271	0.00542	0.01084	0.65583	0.01084
14	0.02959	0.01788	0.02751	0.02181	0.02854	0.01589	0.09281	0.03479	0.03032	0.20191	0.16191	0.06838	0.17893	0.01979	0.01305	0.00376	0.00952	0.01761	0.01159	0.01443
15	0.01961	0.01038	0.01521	0.01507	0.01550	0.01024	0.01024	0.01623	0.01797	0.02440	0.09835	0.04353	0.03441	0.03777	0.04042	0.55719	0.00937	0.01184	0.00628	0.00599
16	0.01451	0.01164	0.01296	0.01300	0.01627	0.01009	0.00961	0.01804	0.02777	0.03529	0.21720	0.15439	0.36099	0.02867	0.01385	0.00394	0.00587	0.02450	0.01133	0.01009
17	0.04345	0.05543	0.03296	0.02996	0.03596	0.54457	0.02247	0.04644	0.03296	0.02846	0.01798	0.02097	0.01498	0.01199	0.01049	0.00300	0.02097	0.00749	0.00599	0.01348
18	0.03766	0.04347	0.03826	0.07690	0.04302	0.32000	0.09490	0.08395	0.08160	0.03608	0.02303	0.02642	0.01801	0.01218	0.01134	0.00336	0.01834	0.00958	0.00702	0.01486
19	0.02971	0.01610	0.01763	0.01548	0.02031	0.01647	0.01215	0.08391	0.07978	0.12385	0.03914	0.04111	0.02919	0.01397	0.00947	0.00307	0.00732	0.01118	0.41614	0.01403
20	0.01517	0.01184	0.01375	0.01327	0.01658	0.01042	0.00995	0.01944	0.02986	0.03938	0.32431	0.09882	0.30253	0.02648	0.01373	0.00379	0.00568	0.02271	0.01185	0.01042
21	0.67341	0.02249	0.01709	0.01529	0.02249	0.02609	0.01260	0.03419	0.01979	0.05218	0.01619	0.01889	0.01260	0.01080	0.00720	0.00360	0.00900	0.00630	0.00720	0.01260
22	0.02711	0.01477	0.01915	0.01823	0.02200	0.01430	0.01347	0.03310	0.07419	0.17408	0.05185	0.28012	0.05151	0.07599	0.06731	0.00615	0.01058	0.02162	0.01122	0.01326
23	0.03254	0.02812	0.02852	0.21284	0.04599	0.16641	0.02229	0.03684	0.02681	0.10837	0.02563	0.03129	0.01943	0.01544	0.01458	0.07376	0.01453	0.00978	0.07373	0.01311
24	0.04345	0.05543	0.03296	0.02996	0.03596	0.54457	0.02247	0.04644	0.03296	0.02846	0.01798	0.02097	0.01498	0.01199	0.01049	0.00300	0.02097	0.00749	0.00599	0.01348
25	0.01526	0.01109	0.01463	0.01707	0.01855	0.01046	0.01258	0.01820	0.02378	0.03112	0.06857	0.42695	0.11584	0.03471	0.01504	0.00480	0.00765	0.13313	0.01078	0.00979
26	0.02196	0.02067	0.03488	0.56331	0.08010	0.02584	0.03230	0.02972	0.02326	0.02972	0.02067	0.03101	0.01550	0.01163	0.01163	0.00388	0.01550	0.01034	0.00517	0.01292
27	0.01876	0.01187	0.01699	0.01687	0.01767	0.01284	0.01214	0.01750	0.01765	0.02398	0.03390	0.09469	0.06556	0.04751	0.14432	0.36470	0.05534	0.01390	0.00629	0.00753
28	0.01691	0.01128	0.01268	0.01268	0.01268	0.01128	0.00705	0.01691	0.01691	0.02255	0.03665	0.07611	0.04228	0.59126	0.05920	0.01128	0.01128	0.01691	0.00705	0.00705
29	0.01464	0.01046	0.01403	0.01673	0.01761	0.00985	0.01161	0.01701	0.02273	0.03022	0.06384	0.53716	0.07590	0.03599	0.01497	0.00479	0.00715	0.07494	0.01079	0.00958
30	0.04207	0.01722	0.02340	0.01950	0.02628	0.01506	0.01542	0.04591	0.03036	0.39459	0.05073	0.18427	0.04159	0.02026	0.01253	0.00390	0.00906	0.01738	0.01344	0.01704
31	0.01691	0.01128	0.01268	0.01268	0.01268	0.01128	0.00705	0.01691	0.01691	0.02255	0.03665	0.07611	0.04228	0.59126	0.05920	0.01128	0.01128	0.01691	0.00705	0.00705
32	0.01417	0.01012	0.01350	0.01619	0.01687	0.00945	0.01080	0.01619	0.02227	0.02969	0.06410	0.58367	0.07692	0.03644	0.01484	0.00472	0.00675	0.03306	0.01080	0.00945
33	0.02620	0.01381	0.01764	0.01605	0.02015	0.01235	0.01199	0.02976	0.02833	0.18021	0.17859	0.16724	0.13673	0.08508	0.01821	0.00470	0.00771	0.02061	0.01197	0.01269
34	0.04497	0.02101	0.02671	0.02091	0.02897	0.01980	0.01709	0.13310	0.03737	0.36278	0.11647	0.04483	0.03989	0.01580	0.01200	0.00359	0.00976	0.01294	0.01361	0.01839
35	0.03599	0.04183	0.03875	0.03229	0.03968	0.29110	0.11854	0.04874	0.16083	0.03595	0.02732	0.02943	0.02125	0.01257	0.01155	0.00346	0.01741	0.01040	0.00759	0.01532
36	0.13122	0.01651	0.01957	0.01855	0.02333	0.01646	0.01437	0.03542	0.07043	0.17361	0.04959	0.24527	0.04840	0.02385	0.01260	0.00422	0.00862	0.06287	0.01131	0.01380
37	0.11108	0.01842	0.02353	0.01884	0.02633	0.01677	0.01533	0.04698	0.03177	0.37521	0.14072	0.04731	0.04406	0.01598	0.01164	0.00361	0.00887	0.01308	0.01329	0.01717
38	0.01518	0.01139	0.01431	0.01626	0.01833	0.01052	0.01221	0.01828	0.02456	0.03143	0.07840	0.34104	0.19583	0.03344	0.01484	0.00466	0.00749	0.13121	0.01078	0.00986
39	0.02056	0.01106	0.01185	0.01165	0.01437	0.01087	0.00874	0.02600	0.02622	0.04406	0.13955	0.05268	0.04692	0.01574	0.00933	0.00291	0.00543	0.01302	0.51817	0.01087
40	0.10257	0.01779	0.02071	0.01730	0.02329	0.01723	0.01364	0.08206	0.03106	0.21573	0.12092	0.05479	0.09079	0.06855	0.01569	0.00424	0.00873	0.01421	0.06600	0.01469
41	0.01802	0.01452	0.02138	0.02057	0.02232	0.01788	0.01627	0.02191	0.01855	0.02716	0.02863	0.04248	0.02688	0.07661	0.46471	0.01653	0.11667	0.01210	0.00605	0.01076
42	0.42495	0.01975	0.01848	0.01609	0.02265	0.02129	0.01303	0.03547	0.02495	0.13336	0.12761	0.03704	0.03620	0.01420	0.00937	0.00361	0.00840	0.01039	0.00965	0.01350
43	0.14438	0.01978	0.02396	0.01969	0.02729	0.01900	0.01587	0.04950	0.07980	0.34909	0.04320	0.09264	0.03189	0.01624	0.01132	0.00375	0.00936	0.01319	0.01261	0.01744
44	0.01932	0.01213	0.01632	0.01625	0.01882	0.01143	0.01192	0.02332	0.02760	0.08778	0.25142	0.25677	0.08096	0.03416	0.07072	0.00564	0.00914	0.02350	0.01154	0.01127
45	0.02288	0.01263	0.01689	0.01677	0.01974	0.01146	0.01219	0.02629	0.02727	0.14031	0.17150	0.34391	0.07476	0.02858	0.01389	0.00422	0.00711	0.02550	0.01206	0.01204
46	0.27718	0.01748	0.01720	0.01497	0.02093	0.01819	0.01204	0.03710	0.02484	0.16599	0.03163	0.03312	0.02301	0.01271	0.00866	0.00327	0.00789	0.00932	0.25078	0.01372
47	0.09502	0.01547	0.01878	0.01608	0.02107	0.01472	0.01238	0.03686	0.02540	0.23314	0.03615	0.04118	0.02736	0.06957	0.01997	0.10849	0.00883	0.01118	0.17502	0.01335
48	0.02276	0.02257	0.02559	0.17142	0.03930	0.10255	0.02042	0.02743	0.02543	0.03179	0.10966	0.09954	0.08823	0.02673	0.07216	0.00550	0.07415	0.01533	0.00768	0.01177
49	0.02375	0.01493	0.01936	0.10172	0.02921	0.01412	0.01470	0.02823	0.02856	0.13983	0.15552	0.07925	0.26084	0.02242	0.01297	0.00380	0.00820	0.01893	0.01102	0.01265
50	0.01617	0.01161	0.01553	0.01655	0.01860	0.01097	0.01252	0.02049	0.02812	0.03858	0.27088	0.26040	0.09003	0.02969	0.01458	0.00436	0.00698	0.11180	0.01171	0.01041
51	0.18171	0.01906	0.02391	0.12699	0.03422	0.02301	0.01936	0.02706	0.02107	0.03494	0.03030	0.09407	0.03093	0.08052	0.02209	0.00516	0.12668	0.08018	0.00721	0.01153
52	0.32384	0.02203	0.02408	0.13488	0.03730	0.02493	0.01852	0.04152	0.09872	0.12918	0.02725	0.02897	0.01966	0.01239	0.00966	0.00371	0.01058	0.00919	0.00875	0.01484
53	0.02654	0.14202	0.16042	0.11166	0.04240	0.03144	0.02795	0.07958	0.02696	0.03710	0.07016	0.03139	0.02530	0.01435	0.01604	0.00373	0.12135	0.01020	0.00653	0.01485
54	0.01661	0.01217	0.01610	0.01835	0.02064	0.01166	0.01484	0.02060	0.02541	0.03277	0.07125	0.26106	0.14082	0.03297	0.01534	0.00494	0.00878	0.25475	0.01075	0.01020
55	0.09774	0.03271	0.15773	0.02607	0.03693	0.02401	0.06648	0.04419	0.12707	0.12620	0.03061	0.03118	0.02207	0.01211	0.01080	0.00343	0.01223	0.01008	0.00868	0.11968
56	0.02748	0.02473	0.08542	0.18983	0.12433	0.02205	0.06458	0.03456	0.02687	0.11805	0.08048	0.08673	0.03362	0.01517	0.01224	0.00380	0.01298	0.01382	0.00815	0.01511
57	0.02434	0.02814	0.09383	0.28172	0.11266	0.02833	0.10978	0.03213	0.02360	0.03238	0.02046	0.02928	0.01607	0.01250	0.01613	0.00401	0.10421	0.01072	0.00532	0.01440

[dist]
# distance from previous block
# <min> <max>
2	15

[block]
# block no. 2 follows, 10 sequences, length 23
# corresponding to MSA columns:
# 317-339
name=unknown_C
#
# <colnr> <probs for GDERKNQSTAVLIFYWHMCP>
#	G	D	E	R	K	N	Q	S	T	A	V	L	I	F	Y	W	H	M	C	P
0	0.02112	0.01614	0.02160	0.11475	0.03189	0.01713	0.01729	0.08885	0.03058	0.04122	0.17038	0.21607	0.06522	0.02485	0.01366	0.00419	0.00934	0.07314	0.01045	0.01213
1	0.02329	0.01820	0.07135	0.01829	0.02335	0.01402	0.01581	0.02893	0.02931	0.12645	0.27518	0.11558	0.07231	0.02992	0.07921	0.00562	0.01080	0.01820	0.01125	0.01296
2	0.02309	0.02000	0.02658	0.02767	0.09742	0.02058	0.01866	0.03258	0.10637	0.03577	0.03248	0.10201	0.03016	0.02987	0.11680	0.00633	0.06581	0.01314	0.00779	0.18689
3	0.01611	0.01788	0.08973	0.01893	0.02239	0.01249	0.01615	0.02044	0.02407	0.03291	0.10421	0.41407	0.07045	0.03107	0.01427	0.00451	0.00846	0.06090	0.01014	0.01084
4	0.17000	0.02390	0.02795	0.02797	0.09889	0.02577	0.01917	0.16305	0.07342	0.09277	0.02652	0.02988	0.02034	0.01768	0.01673	0.12078	0.01108	0.00985	0.00893	0.01532
5	0.03117	0.27525	0.04521	0.16684	0.04459	0.08128	0.02357	0.09219	0.07078	0.03570	0.02179	0.02552	0.01754	0.01160	0.00975	0.00316	0.01375	0.00858	0.00656	0.01518
6	0.02754	0.12238	0.03092	0.08704	0.03199	0.02611	0.01780	0.15502	0.03302	0.04374	0.11575	0.09338	0.04276	0.10103	0.01850	0.00464	0.01101	0.01452	0.00912	0.01373
7	0.02576	0.01873	0.02553	0.02646	0.11075	0.01663	0.01676	0.02941	0.02313	0.08390	0.02677	0.03716	0.02367	0.10479	0.07002	0.06410	0.01228	0.01027	0.00727	0.26662
8	0.18108	0.02281	0.02956	0.09102	0.03653	0.02534	0.06178	0.11194	0.02903	0.08703	0.03108	0.09435	0.02792	0.01712	0.01389	0.00405	0.06154	0.05082	0.00874	0.01434
9	0.01935	0.01618	0.02280	0.07924	0.10893	0.01683	0.01766	0.02610	0.07222	0.03239	0.05214	0.22586	0.10349	0.08084	0.06680	0.00613	0.01162	0.02052	0.00874	0.01215
10	0.01731	0.01282	0.01556	0.01646	0.01843	0.01275	0.01188	0.02305	0.07263	0.03266	0.10438	0.23893	0.10662	0.16256	0.02499	0.00612	0.00854	0.09392	0.01020	0.01021
11	0.01862	0.01187	0.01630	0.01737	0.01941	0.01154	0.01277	0.02188	0.02407	0.07533	0.10035	0.34963	0.06649	0.04183	0.10838	0.00705	0.01159	0.06423	0.01050	0.01079
12	0.02363	0.03295	0.16983	0.23076	0.05767	0.02596	0.08700	0.03233	0.02376	0.03359	0.02060	0.02783	0.01580	0.01159	0.01366	0.00362	0.06494	0.00978	0.00543	0.10926
13	0.02329	0.01229	0.01692	0.01600	0.01773	0.01231	0.01118	0.02279	0.01897	0.09617	0.03049	0.04885	0.02908	0.19244	0.14260	0.26578	0.01453	0.01261	0.00718	0.00879
14	0.01561	0.01120	0.01492	0.01625	0.01796	0.01051	0.01185	0.01936	0.02686	0.03675	0.23367	0.33928	0.08811	0.03111	0.01457	0.00440	0.00676	0.07911	0.01155	0.01018
15	0.02336	0.01731	0.02018	0.01880	0.02305	0.01761	0.01474	0.14466	0.03443	0.04573	0.14593	0.19489	0.13970	0.02617	0.01376	0.00415	0.00859	0.08276	0.01138	0.01279
16	0.02836	0.02172	0.07961	0.02359	0.03059	0.01769	0.07480	0.03428	0.02631	0.17129	0.07953	0.04917	0.07546	0.03908	0.18453	0.00856	0.01802	0.01376	0.00927	0.01438
17	0.02142	0.01953	0.03051	0.08182	0.03354	0.02325	0.07597	0.02529	0.02065	0.02896	0.03037	0.09228	0.03146	0.13313	0.07960	0.00723	0.19463	0.05234	0.00663	0.01139
18	0.01877	0.01563	0.02282	0.02158	0.02315	0.01968	0.01720	0.02253	0.01848	0.02724	0.02728	0.04075	0.02571	0.07091	0.42145	0.01537	0.16264	0.01190	0.00595	0.01095
19	0.14560	0.02156	0.02341	0.01812	0.02722	0.01953	0.01453	0.03731	0.09331	0.08464	0.02595	0.02733	0.02006	0.01056	0.00909	0.00255	0.00888	0.00812	0.00832	0.39391
20	0.02024	0.01656	0.02146	0.09643	0.03039	0.01584	0.01550	0.02813	0.06994	0.04049	0.22677	0.10186	0.06149	0.01832	0.01197	0.00329	0.00824	0.01602	0.00983	0.18723
21	0.14522	0.02554	0.03804	0.02835	0.03804	0.02471	0.14813	0.10575	0.03133	0.17966	0.02872	0.03012	0.02012	0.01169	0.01113	0.00344	0.01279	0.01059	0.00941	0.09722
22	0.02279	0.01472	0.01838	0.01697	0.02038	0.01439	0.01298	0.06924	0.03109	0.08571	0.26535	0.08127	0.07438	0.13316	0.02249	0.00536	0.00848	0.07963	0.01141	0.01182

[dist]
# distance from previous block
# <min> <max>
0	71

[block]
# block no. 3 follows, 10 sequences, length 49
# corresponding to MSA columns:
# 411-459
name=unknown_D
#
# <colnr> <probs for GDERKNQSTAVLIFYWHMCP>
#	G	D	E	R	K	N	Q	S	T	A	V	L	I	F	Y	W	H	M	C	P
0	0.04102	0.01818	0.02307	0.01880	0.02551	0.01693	0.01480	0.04823	0.08355	0.34534	0.04384	0.04583	0.03167	0.09984	0.01836	0.00468	0.00954	0.01254	0.08146	0.01679
1	0.02041	0.01952	0.07417	0.01980	0.02409	0.01592	0.01671	0.08877	0.02955	0.04030	0.13140	0.31501	0.06647	0.02777	0.01386	0.00430	0.00891	0.06024	0.01062	0.01220
2	0.15693	0.01918	0.02085	0.01971	0.02472	0.02099	0.01549	0.04048	0.19032	0.08375	0.04212	0.10950	0.03794	0.02184	0.01526	0.07089	0.00927	0.07675	0.01015	0.01388
3	0.01941	0.01198	0.01457	0.01449	0.01632	0.01122	0.00965	0.02133	0.02280	0.07925	0.10825	0.20343	0.10898	0.26804	0.03315	0.00719	0.00875	0.02170	0.00980	0.00969
4	0.01685	0.01137	0.01311	0.01297	0.01338	0.01123	0.00763	0.01766	0.01928	0.02612	0.10708	0.07770	0.05227	0.50728	0.05247	0.01015	0.01042	0.01752	0.00790	0.00763
5	0.02147	0.01317	0.01647	0.01735	0.02018	0.01303	0.01337	0.02786	0.06471	0.07867	0.05481	0.26164	0.05657	0.02675	0.01316	0.00428	0.00792	0.12573	0.15114	0.01171
6	0.38695	0.02055	0.01935	0.01683	0.02326	0.02239	0.01326	0.03892	0.07057	0.14208	0.02830	0.03397	0.02254	0.09793	0.01626	0.00477	0.00953	0.00964	0.00908	0.01380
7	0.02586	0.01585	0.01982	0.01775	0.02203	0.01535	0.01357	0.09410	0.03389	0.12468	0.26794	0.17829	0.07619	0.02355	0.01333	0.00385	0.00756	0.02057	0.01245	0.01337
8	0.03920	0.01703	0.02309	0.01917	0.02585	0.01509	0.01566	0.04405	0.03250	0.34776	0.17052	0.06182	0.05419	0.01876	0.01269	0.00380	0.00882	0.05991	0.01358	0.01650
9	0.30014	0.02071	0.01941	0.01802	0.02345	0.02355	0.01379	0.03987	0.18675	0.04506	0.03469	0.09594	0.03108	0.08238	0.01566	0.00473	0.00909	0.01285	0.00919	0.01364
10	0.01647	0.01066	0.01390	0.01476	0.01571	0.01011	0.00987	0.01673	0.02116	0.02813	0.10510	0.25115	0.10421	0.11748	0.02966	0.18776	0.00812	0.02205	0.00888	0.00809
11	0.11191	0.01242	0.01395	0.01514	0.01756	0.01214	0.01075	0.01956	0.02376	0.03512	0.11404	0.36651	0.14554	0.03010	0.01341	0.00431	0.00680	0.02636	0.01048	0.01014
12	0.01693	0.01273	0.01588	0.01598	0.01871	0.01225	0.01195	0.02375	0.06969	0.04061	0.29867	0.19937	0.13383	0.02710	0.01398	0.00407	0.00652	0.05490	0.01191	0.01114
13	0.03368	0.01894	0.02312	0.02042	0.02612	0.01894	0.01576	0.09261	0.12174	0.21078	0.05036	0.22635	0.04562	0.02220	0.01280	0.00404	0.00901	0.01919	0.01234	0.01596
14	0.27655	0.01722	0.01775	0.01570	0.02094	0.01784	0.01225	0.03187	0.02652	0.12437	0.20393	0.05199	0.05323	0.06616	0.01479	0.00428	0.00806	0.01346	0.01039	0.01269
15	0.01691	0.01128	0.01268	0.01268	0.01268	0.01128	0.00705	0.01691	0.01691	0.02255	0.03665	0.07611	0.04228	0.59126	0.05920	0.01128	0.01128	0.01691	0.00705	0.00705
16	0.02138	0.01297	0.01652	0.01712	0.01947	0.01247	0.01198	0.02622	0.06459	0.10412	0.05694	0.40063	0.06241	0.09217	0.01898	0.00521	0.00792	0.02640	0.01101	0.01149
17	0.28508	0.02179	0.02191	0.01879	0.02530	0.02358	0.01502	0.14328	0.03162	0.10553	0.07983	0.11388	0.03553	0.01709	0.01058	0.00374	0.00935	0.01338	0.01019	0.01453
18	0.01661	0.01246	0.01869	0.01869	0.02077	0.01454	0.01454	0.02077	0.01869	0.02700	0.03115	0.04569	0.02908	0.08723	0.54517	0.01869	0.03115	0.01246	0.00623	0.01038
19	0.03019	0.03443	0.04887	0.03815	0.04438	0.14346	0.21366	0.03587	0.02513	0.03197	0.01931	0.02696	0.01620	0.01412	0.02193	0.00415	0.22039	0.01108	0.00562	0.01413
20	0.01587	0.01265	0.01442	0.01500	0.01791	0.01191	0.01083	0.02206	0.07736	0.03444	0.13643	0.27064	0.25820	0.02980	0.01393	0.00418	0.00651	0.02594	0.01114	0.01076
21	0.01831	0.01243	0.01859	0.07223	0.02418	0.01395	0.01416	0.01951	0.01786	0.02468	0.02726	0.04422	0.02634	0.11874	0.28330	0.21691	0.02088	0.01198	0.00584	0.00862
22	0.01417	0.01012	0.01350	0.01619	0.01687	0.00945	0.01080	0.01619	0.02227	0.02969	0.06410	0.58367	0.07692	0.03644	0.01484	0.00472	0.00675	0.03306	0.01080	0.00945
23	0.02441	0.01469	0.01779	0.01637	0.02087	0.01365	0.01247	0.03134	0.07908	0.14404	0.17872	0.15916	0.19219	0.02452	0.01327	0.00392	0.00716	0.02109	0.01216	0.01311
24	0.04086	0.02052	0.02483	0.02009	0.02721	0.02010	0.01618	0.15632	0.03610	0.27438	0.04185	0.09529	0.03178	0.01649	0.01141	0.00354	0.00954	0.01351	0.12284	0.01716
25	0.02882	0.02248	0.02849	0.09049	0.13797	0.07446	0.02191	0.03419	0.02907	0.11989	0.11880	0.06177	0.08434	0.01840	0.01267	0.00383	0.01161	0.07688	0.00950	0.01444
26	0.37542	0.03422	0.02397	0.02124	0.02819	0.21434	0.01669	0.04112	0.02608	0.09552	0.02010	0.02192	0.01524	0.01162	0.00889	0.00338	0.01347	0.00732	0.00755	0.01371
27	0.02013	0.01660	0.02232	0.15291	0.03563	0.01828	0.01784	0.03151	0.12923	0.03998	0.21339	0.14845	0.06471	0.02120	0.01298	0.00396	0.00899	0.01873	0.01036	0.01280
28	0.02893	0.02498	0.02630	0.02367	0.03024	0.02893	0.01841	0.06180	0.49770	0.04865	0.04734	0.04339	0.03550	0.01578	0.01183	0.00394	0.00920	0.01315	0.01183	0.01841
29	0.02856	0.02657	0.03679	0.02995	0.03782	0.02905	0.13199	0.05571	0.38109	0.04583	0.04143	0.04041	0.03108	0.01430	0.01230	0.00394	0.01178	0.01329	0.01036	0.01773
30	0.03159	0.03641	0.02640	0.02465	0.02897	0.31027	0.01867	0.03521	0.02785	0.02947	0.06421	0.03534	0.02797	0.03988	0.20193	0.00866	0.02331	0.01040	0.00665	0.01216
31	0.02333	0.06016	0.53100	0.03315	0.05034	0.02701	0.04297	0.03683	0.02455	0.03683	0.02087	0.02455	0.01473	0.01105	0.01105	0.00368	0.01719	0.00859	0.00491	0.01719
32	0.02926	0.01980	0.02327	0.02118	0.02687	0.02102	0.01694	0.04754	0.25250	0.13290	0.13018	0.06518	0.05250	0.01970	0.01286	0.00407	0.00894	0.08696	0.01228	0.01606
33	0.02152	0.01604	0.02008	0.01834	0.01964	0.01846	0.01317	0.06863	0.02121	0.02935	0.02983	0.05428	0.03140	0.30986	0.12126	0.06681	0.10969	0.01383	0.00691	0.00970
34	0.02820	0.02703	0.04615	0.11380	0.48090	0.02748	0.03540	0.03518	0.02620	0.03728	0.02177	0.02898	0.01817	0.01047	0.01152	0.00349	0.01396	0.01036	0.00571	0.01795
35	0.02015	0.01333	0.02105	0.16492	0.03367	0.01504	0.01680	0.01995	0.01788	0.02380	0.02195	0.03570	0.02024	0.03950	0.11020	0.38738	0.01469	0.01051	0.00526	0.00798
36	0.02752	0.08373	0.09366	0.36662	0.06410	0.02673	0.03002	0.03505	0.02493	0.10386	0.02397	0.03028	0.01732	0.01180	0.01115	0.00367	0.01456	0.00992	0.00648	0.01463
37	0.02816	0.22643	0.09645	0.02467	0.03232	0.03070	0.06079	0.03334	0.02486	0.08453	0.06757	0.09462	0.03179	0.01629	0.01477	0.00360	0.09458	0.01265	0.00740	0.01447
38	0.01555	0.01115	0.01491	0.01648	0.01810	0.01050	0.01203	0.01914	0.02623	0.03568	0.20230	0.36320	0.08558	0.03189	0.01468	0.00449	0.00694	0.08963	0.01140	0.01011
39	0.03130	0.02161	0.03285	0.27908	0.05368	0.02581	0.02634	0.03685	0.02472	0.16863	0.02640	0.03203	0.01917	0.01457	0.01823	0.00410	0.15142	0.01068	0.00774	0.01480
40	0.02348	0.02901	0.13905	0.16902	0.09711	0.02437	0.02850	0.06776	0.02562	0.03556	0.02921	0.12410	0.02751	0.02224	0.05442	0.00512	0.06294	0.01400	0.00677	0.01423
41	0.03578	0.08642	0.07794	0.08339	0.03861	0.02435	0.06058	0.09174	0.03232	0.21095	0.10285	0.04005	0.03462	0.01427	0.01165	0.00354	0.01193	0.01211	0.01027	0.01663
42	0.02007	0.01841	0.01913	0.06585	0.02592	0.09074	0.01511	0.02377	0.02664	0.03363	0.15060	0.30560	0.06868	0.02755	0.01378	0.00422	0.00968	0.05982	0.01002	0.01079
43	0.02571	0.02850	0.13368	0.09662	0.16086	0.02183	0.06688	0.03281	0.02551	0.08689	0.03472	0.16716	0.03291	0.01749	0.01247	0.00392	0.01301	0.01607	0.00771	0.01526
44	0.02804	0.02555	0.10863	0.20748	0.04810	0.02174	0.02554	0.03795	0.08021	0.13796	0.03652	0.12758	0.03098	0.01683	0.01212	0.00394	0.01237	0.01455	0.00881	0.01510
45	0.02161	0.03395	0.21620	0.07689	0.04417	0.02179	0.11087	0.03048	0.02511	0.03480	0.03657	0.13224	0.03586	0.01920	0.01324	0.00426	0.01453	0.10700	0.00724	0.01399
46	0.03896	0.02571	0.07288	0.08282	0.09340	0.02187	0.02302	0.09217	0.03174	0.25671	0.03275	0.03264	0.02237	0.01246	0.01115	0.00333	0.01166	0.01030	0.01025	0.11381
47	0.10422	0.03711	0.23841	0.03229	0.10847	0.02301	0.02947	0.03823	0.02586	0.14001	0.03042	0.08892	0.02477	0.01440	0.01122	0.00374	0.01308	0.01192	0.00792	0.01653
48	0.03235	0.03258	0.14729	0.07150	0.04508	0.02526	0.14157	0.10375	0.03056	0.13639	0.02917	0.03574	0.02198	0.07378	0.01713	0.00452	0.01497	0.01182	0.00826	0.01629

[dist]
# distance from previous block
# <min> <max>
27	924

# created by:
# /st0/software/busco_prod/Augustus/scripts/msa2prfl.pl ./align_prep/11837.fa
