[name]
unknown

[dist]
# distance from previous block
# <min> <max>
0	26

[block]
# block no. 0 follows, 14 sequences, length 61
# corresponding to MSA columns:
# 26-86
name=unknown_A
#
# <colnr> <probs for GDERKNQSTAVLIFYWHMCP>
#	G	D	E	R	K	N	Q	S	T	A	V	L	I	F	Y	W	H	M	C	P
0	0.01654	0.01181	0.01654	0.01890	0.02126	0.01181	0.01654	0.02126	0.02362	0.03071	0.05433	0.11576	0.05906	0.02835	0.01417	0.00472	0.00945	0.50626	0.00945	0.00945
1	0.01549	0.01244	0.02030	0.01881	0.02138	0.01396	0.05825	0.01958	0.01716	0.02461	0.02691	0.03922	0.02478	0.07106	0.54795	0.01537	0.02661	0.01109	0.00547	0.00957
2	0.01466	0.01100	0.01649	0.01649	0.01833	0.01283	0.01283	0.01833	0.01649	0.02382	0.02749	0.04032	0.02566	0.07697	0.59868	0.01649	0.02749	0.01100	0.00550	0.00916
3	0.02085	0.18412	0.06535	0.01848	0.02378	0.02274	0.01625	0.03097	0.15563	0.03092	0.03875	0.20575	0.03925	0.01933	0.01063	0.00349	0.00895	0.08451	0.00803	0.01222
4	0.03266	0.39964	0.04319	0.02033	0.02796	0.20717	0.01799	0.03583	0.02423	0.08206	0.01746	0.01899	0.01445	0.00973	0.00778	0.00243	0.01303	0.00633	0.00552	0.01323
5	0.02209	0.18369	0.46881	0.02667	0.04043	0.02753	0.03343	0.03211	0.02149	0.03066	0.01750	0.02052	0.01304	0.00954	0.00905	0.00302	0.01424	0.00712	0.00435	0.01473
6	0.03214	0.13410	0.03970	0.03872	0.25406	0.02541	0.06155	0.07092	0.02628	0.18131	0.02456	0.02648	0.01819	0.01021	0.00972	0.00296	0.01137	0.00903	0.00736	0.01593
7	0.71184	0.01985	0.01508	0.01350	0.01985	0.02302	0.01111	0.03017	0.01746	0.04604	0.01429	0.01667	0.01111	0.00953	0.00635	0.00318	0.00794	0.00556	0.00635	0.01111
8	0.02754	0.08159	0.19221	0.03072	0.11710	0.21074	0.02560	0.03617	0.07962	0.03048	0.02508	0.02729	0.04956	0.01128	0.00965	0.00299	0.01417	0.00864	0.00571	0.01385
9	0.01938	0.01824	0.03078	0.61468	0.07068	0.02280	0.02850	0.02622	0.02052	0.02622	0.01824	0.02736	0.01368	0.01026	0.01026	0.00342	0.01368	0.00912	0.00456	0.01140
10	0.01656	0.01235	0.01480	0.01350	0.01673	0.01176	0.01031	0.07226	0.02987	0.04082	0.41774	0.07584	0.18626	0.02112	0.01192	0.00326	0.00558	0.01823	0.01083	0.01027
11	0.01466	0.01100	0.01649	0.01649	0.01833	0.01283	0.01283	0.01833	0.01649	0.02382	0.02749	0.04032	0.02566	0.07697	0.59868	0.01649	0.02749	0.01100	0.00550	0.00916
12	0.02553	0.02204	0.02320	0.02088	0.02669	0.02553	0.01624	0.05453	0.55679	0.04293	0.04177	0.03829	0.03133	0.01392	0.01044	0.00348	0.00812	0.01160	0.01044	0.01624
13	0.01250	0.00893	0.01191	0.01429	0.01488	0.00834	0.00953	0.01429	0.01965	0.02620	0.05656	0.63265	0.06787	0.03215	0.01310	0.00417	0.00595	0.02917	0.00953	0.00834
14	0.02523	0.02485	0.04432	0.06020	0.50164	0.02460	0.10305	0.03169	0.02349	0.03343	0.01951	0.02572	0.01616	0.00907	0.01044	0.00311	0.01291	0.00956	0.00510	0.01591
15	0.02540	0.02438	0.04165	0.06299	0.57533	0.02438	0.03149	0.03149	0.02337	0.03353	0.01930	0.02540	0.01626	0.00914	0.01016	0.00305	0.01219	0.00914	0.00508	0.01626
16	0.01836	0.01525	0.01778	0.01677	0.01999	0.01669	0.01278	0.03053	0.20826	0.03604	0.19070	0.15402	0.12626	0.02081	0.01356	0.00361	0.05946	0.01750	0.00988	0.01173
17	0.14405	0.08265	0.02560	0.01747	0.02526	0.01891	0.01474	0.04504	0.02671	0.44430	0.03385	0.03028	0.02200	0.01182	0.00934	0.00307	0.00884	0.00911	0.01089	0.01607
18	0.02128	0.01824	0.02128	0.01520	0.02432	0.01368	0.01216	0.02584	0.02128	0.03344	0.01824	0.02128	0.01520	0.00760	0.00760	0.00152	0.00760	0.00608	0.00608	0.70208
19	0.02723	0.58141	0.05252	0.02225	0.08300	0.03893	0.01900	0.03081	0.02111	0.02511	0.01479	0.01738	0.01349	0.00882	0.00695	0.00228	0.01110	0.00586	0.00446	0.01349
20	0.71184	0.01985	0.01508	0.01350	0.01985	0.02302	0.01111	0.03017	0.01746	0.04604	0.01429	0.01667	0.01111	0.00953	0.00635	0.00318	0.00794	0.00556	0.00635	0.01111
21	0.02710	0.02398	0.02666	0.02764	0.11546	0.06333	0.01873	0.11356	0.30984	0.04302	0.08852	0.03693	0.03250	0.01343	0.01046	0.00327	0.00958	0.01126	0.00929	0.01544
22	0.02128	0.01824	0.02128	0.01520	0.02432	0.01368	0.01216	0.02584	0.02128	0.03344	0.01824	0.02128	0.01520	0.00760	0.00760	0.00152	0.00760	0.00608	0.00608	0.70208
23	0.02553	0.02204	0.02320	0.02088	0.02669	0.02553	0.01624	0.05453	0.55679	0.04293	0.04177	0.03829	0.03133	0.01392	0.01044	0.00348	0.00812	0.01160	0.01044	0.01624
24	0.02556	0.02599	0.09047	0.04283	0.21883	0.02313	0.20079	0.03224	0.02338	0.08877	0.02437	0.07253	0.02041	0.01168	0.01248	0.00339	0.05081	0.01164	0.00614	0.01456
25	0.03901	0.02874	0.03080	0.02361	0.03182	0.03182	0.01951	0.54111	0.04825	0.06468	0.02464	0.02464	0.01745	0.01232	0.01027	0.00308	0.01129	0.00924	0.01027	0.01745
26	0.04604	0.01746	0.02382	0.01826	0.02620	0.01508	0.01508	0.05001	0.02937	0.58244	0.04049	0.03493	0.02540	0.01270	0.01032	0.00318	0.00873	0.01032	0.01270	0.01746
27	0.02245	0.02245	0.03143	0.02694	0.02694	0.03143	0.02245	0.02470	0.01572	0.02470	0.01347	0.02245	0.01347	0.01796	0.03368	0.00449	0.62057	0.00898	0.00449	0.01123
28	0.02128	0.01824	0.02128	0.01520	0.02432	0.01368	0.01216	0.02584	0.02128	0.03344	0.01824	0.02128	0.01520	0.00760	0.00760	0.00152	0.00760	0.00608	0.00608	0.70208
29	0.04604	0.01746	0.02382	0.01826	0.02620	0.01508	0.01508	0.05001	0.02937	0.58244	0.04049	0.03493	0.02540	0.01270	0.01032	0.00318	0.00873	0.01032	0.01270	0.01746
30	0.01938	0.01824	0.03078	0.61468	0.07068	0.02280	0.02850	0.02622	0.02052	0.02622	0.01824	0.02736	0.01368	0.01026	0.01026	0.00342	0.01368	0.00912	0.00456	0.01140
31	0.01492	0.00995	0.01119	0.01119	0.01119	0.00995	0.00622	0.01492	0.01492	0.01990	0.03233	0.06716	0.03731	0.63935	0.05223	0.00995	0.00995	0.01492	0.00622	0.00622
32	0.03901	0.02874	0.03080	0.02361	0.03182	0.03182	0.01951	0.54111	0.04825	0.06468	0.02464	0.02464	0.01745	0.01232	0.01027	0.00308	0.01129	0.00924	0.01027	0.01745
33	0.02128	0.01824	0.02128	0.01520	0.02432	0.01368	0.01216	0.02584	0.02128	0.03344	0.01824	0.02128	0.01520	0.00760	0.00760	0.00152	0.00760	0.00608	0.00608	0.70208
34	0.02744	0.64552	0.05378	0.01756	0.02634	0.04061	0.01756	0.03073	0.02085	0.02414	0.01427	0.01646	0.01317	0.00878	0.00658	0.00219	0.01097	0.00549	0.00439	0.01317
35	0.02744	0.64552	0.05378	0.01756	0.02634	0.04061	0.01756	0.03073	0.02085	0.02414	0.01427	0.01646	0.01317	0.00878	0.00658	0.00219	0.01097	0.00549	0.00439	0.01317
36	0.02540	0.02438	0.04165	0.06299	0.57533	0.02438	0.03149	0.03149	0.02337	0.03353	0.01930	0.02540	0.01626	0.00914	0.01016	0.00305	0.01219	0.00914	0.00508	0.01626
37	0.01471	0.00986	0.01125	0.01146	0.01151	0.00981	0.00650	0.01487	0.01533	0.02044	0.03443	0.11606	0.03995	0.58684	0.04885	0.00945	0.00960	0.01616	0.00650	0.00640
38	0.03901	0.02874	0.03080	0.02361	0.03182	0.03182	0.01951	0.54111	0.04825	0.06468	0.02464	0.02464	0.01745	0.01232	0.01027	0.00308	0.01129	0.00924	0.01027	0.01745
39	0.02136	0.02026	0.03436	0.43326	0.23664	0.02332	0.02948	0.02795	0.02146	0.02862	0.01859	0.02671	0.01453	0.00989	0.01023	0.00330	0.01319	0.00913	0.00473	0.01300
40	0.02178	0.04473	0.41332	0.03385	0.04745	0.02453	0.20239	0.03262	0.02251	0.03262	0.01919	0.02364	0.01385	0.00939	0.01053	0.00332	0.01587	0.00907	0.00462	0.01473
41	0.01938	0.01824	0.03078	0.61468	0.07068	0.02280	0.02850	0.02622	0.02052	0.02622	0.01824	0.02736	0.01368	0.01026	0.01026	0.00342	0.01368	0.00912	0.00456	0.01140
42	0.01555	0.01228	0.01423	0.01343	0.01668	0.01187	0.01016	0.02353	0.11034	0.03749	0.35021	0.07711	0.22569	0.02134	0.01185	0.00334	0.00546	0.01837	0.01064	0.01041
43	0.03188	0.02297	0.06753	0.02068	0.02791	0.02196	0.01756	0.05132	0.34140	0.21953	0.03952	0.03588	0.02794	0.01319	0.01035	0.00336	0.00887	0.01087	0.01071	0.01656
44	0.01842	0.01072	0.01146	0.01171	0.01408	0.01096	0.00860	0.02508	0.07638	0.03625	0.03911	0.16122	0.03542	0.01634	0.00874	0.00287	0.00537	0.01383	0.48345	0.01000
45	0.02540	0.02438	0.04165	0.06299	0.57533	0.02438	0.03149	0.03149	0.02337	0.03353	0.01930	0.02540	0.01626	0.00914	0.01016	0.00305	0.01219	0.00914	0.00508	0.01626
46	0.02426	0.02322	0.03959	0.16765	0.47960	0.02408	0.03093	0.03049	0.02283	0.03214	0.01910	0.02577	0.01577	0.00936	0.01018	0.00312	0.01247	0.00914	0.00498	0.01533
47	0.01938	0.01824	0.03078	0.61468	0.07068	0.02280	0.02850	0.02622	0.02052	0.02622	0.01824	0.02736	0.01368	0.01026	0.01026	0.00342	0.01368	0.00912	0.00456	0.01140
48	0.01492	0.00995	0.01119	0.01119	0.01119	0.00995	0.00622	0.01492	0.01492	0.01990	0.03233	0.06716	0.03731	0.63935	0.05223	0.00995	0.00995	0.01492	0.00622	0.00622
49	0.53948	0.02156	0.02250	0.02165	0.08068	0.02401	0.05512	0.06666	0.02078	0.04504	0.01605	0.01900	0.01244	0.00962	0.00747	0.00318	0.00935	0.00670	0.00641	0.01231
50	0.01248	0.00904	0.01179	0.01400	0.01481	0.00836	0.00940	0.01432	0.01993	0.02631	0.06009	0.59285	0.10539	0.03169	0.01303	0.00412	0.00590	0.02861	0.00953	0.00836
51	0.01250	0.00893	0.01191	0.01429	0.01488	0.00834	0.00953	0.01429	0.01965	0.02620	0.05656	0.63265	0.06787	0.03215	0.01310	0.00417	0.00595	0.02917	0.00953	0.00834
52	0.02000	0.01688	0.01991	0.01507	0.02294	0.01290	0.01177	0.02415	0.02104	0.03238	0.02384	0.11069	0.02290	0.01119	0.00840	0.00191	0.00736	0.00946	0.00658	0.60063
53	0.02462	0.02126	0.02234	0.02018	0.02582	0.02439	0.01567	0.05184	0.52078	0.04190	0.04597	0.04237	0.06777	0.01474	0.01056	0.00348	0.00792	0.01228	0.01038	0.01573
54	0.02422	0.02768	0.06055	0.04325	0.05363	0.02595	0.53806	0.03287	0.02422	0.03287	0.02076	0.02768	0.01557	0.00865	0.01211	0.00346	0.01730	0.01211	0.00519	0.01384
55	0.14844	0.02424	0.04511	0.03941	0.14296	0.02381	0.30747	0.03074	0.02249	0.03489	0.02198	0.07035	0.01879	0.01065	0.01077	0.00338	0.01379	0.01163	0.00570	0.01339
56	0.02626	0.01808	0.02179	0.01581	0.02470	0.01396	0.01275	0.03070	0.02291	0.14380	0.02271	0.02402	0.01725	0.00863	0.00815	0.00185	0.00783	0.00693	0.00741	0.56447
57	0.07844	0.02220	0.10314	0.01773	0.02640	0.01576	0.01645	0.03510	0.02444	0.24518	0.03694	0.03565	0.08579	0.01224	0.00942	0.00276	0.00888	0.00978	0.00881	0.20488
58	0.01952	0.01721	0.02379	0.10909	0.07079	0.01773	0.01714	0.02397	0.02173	0.03178	0.12718	0.08133	0.03467	0.01442	0.01402	0.00297	0.11479	0.01149	0.00678	0.23960
59	0.02296	0.08916	0.42408	0.03029	0.04374	0.02593	0.11621	0.06839	0.02390	0.03424	0.01894	0.02248	0.01374	0.00968	0.00994	0.00320	0.01494	0.00829	0.00490	0.01497
60	0.01342	0.00962	0.01300	0.01441	0.01524	0.00974	0.00990	0.01543	0.01813	0.02466	0.04545	0.39568	0.05241	0.13265	0.17131	0.00822	0.01215	0.02236	0.00799	0.00824

[dist]
# distance from previous block
# <min> <max>
0	0

# created by:
# /st0/software/busco_prod/Augustus/scripts/msa2prfl.pl ./align_prep/11842.fa
