[name]
unknown

[dist]
# distance from previous block
# <min> <max>
0	64

[block]
# block no. 0 follows, 11 sequences, length 21
# corresponding to MSA columns:
# 74-94
name=unknown_A
#
# <colnr> <probs for GDERKNQSTAVLIFYWHMCP>
#	G	D	E	R	K	N	Q	S	T	A	V	L	I	F	Y	W	H	M	C	P
0	0.03275	0.01992	0.02646	0.02636	0.08699	0.01970	0.01904	0.07555	0.09634	0.19578	0.04021	0.05286	0.03305	0.02299	0.06291	0.00505	0.01211	0.09534	0.01044	0.06616
1	0.09306	0.07847	0.18927	0.02807	0.08152	0.02532	0.02585	0.07039	0.06435	0.14536	0.02695	0.02780	0.01929	0.01154	0.01016	0.00328	0.01223	0.00904	0.00804	0.07000
2	0.08156	0.02693	0.07862	0.09478	0.10678	0.02519	0.02379	0.12131	0.09992	0.18008	0.03128	0.03172	0.02202	0.01265	0.01093	0.00353	0.01172	0.01033	0.00957	0.01727
3	0.08762	0.02791	0.08159	0.03703	0.18641	0.02506	0.02508	0.13737	0.03273	0.20396	0.02920	0.02986	0.02050	0.01208	0.01086	0.00343	0.01192	0.01000	0.00942	0.01798
4	0.03640	0.02270	0.03346	0.18842	0.15007	0.02362	0.02516	0.10421	0.03094	0.22552	0.03022	0.03220	0.02091	0.01229	0.01125	0.00351	0.01230	0.01051	0.00928	0.01700
5	0.03232	0.03148	0.18281	0.02301	0.03296	0.02122	0.02339	0.11915	0.03238	0.18786	0.08789	0.04573	0.09864	0.01571	0.01157	0.00354	0.01130	0.01274	0.01004	0.01627
6	0.08408	0.02336	0.03874	0.08483	0.09969	0.02316	0.15353	0.07190	0.02941	0.14615	0.09791	0.03804	0.03156	0.01294	0.01176	0.00358	0.01272	0.01236	0.00880	0.01549
7	0.01592	0.01147	0.01514	0.01491	0.01736	0.01069	0.01129	0.02089	0.03031	0.04249	0.44012	0.13777	0.09932	0.02494	0.01359	0.00379	0.00589	0.06163	0.01202	0.01045
8	0.01455	0.01039	0.01402	0.01663	0.01764	0.00986	0.01190	0.01711	0.02237	0.02967	0.06157	0.50841	0.07262	0.03448	0.01459	0.00469	0.00725	0.11245	0.01043	0.00937
9	0.09695	0.26296	0.11090	0.02144	0.03148	0.03160	0.02113	0.08280	0.02801	0.17597	0.02525	0.02527	0.01834	0.01140	0.00918	0.00305	0.01172	0.00818	0.00811	0.01627
10	0.02641	0.02382	0.03769	0.33362	0.22225	0.02695	0.03098	0.09528	0.02773	0.03722	0.02136	0.02889	0.01651	0.01116	0.01122	0.00356	0.01410	0.01003	0.00605	0.01518
11	0.01366	0.01002	0.01283	0.01508	0.01617	0.00919	0.01019	0.01574	0.02212	0.02896	0.06921	0.52961	0.13730	0.03433	0.01422	0.00446	0.00642	0.03086	0.01045	0.00919
12	0.04549	0.02097	0.03081	0.02354	0.03234	0.01906	0.07297	0.05311	0.07828	0.43427	0.04199	0.03773	0.02722	0.01354	0.01156	0.00355	0.01062	0.01169	0.01272	0.01856
13	0.08366	0.02646	0.11588	0.09836	0.03692	0.02138	0.02186	0.07078	0.06189	0.21852	0.03254	0.03680	0.02396	0.08253	0.01630	0.00443	0.01178	0.01083	0.00938	0.01571
14	0.01848	0.01607	0.02502	0.19999	0.12505	0.01718	0.02095	0.02307	0.02293	0.03029	0.04659	0.27658	0.08778	0.02277	0.01274	0.00403	0.01029	0.02057	0.00790	0.01173
15	0.02840	0.31714	0.25683	0.02570	0.03777	0.09773	0.02877	0.03583	0.02430	0.03039	0.01773	0.02068	0.01437	0.01030	0.00900	0.00294	0.01491	0.00711	0.00491	0.01518
16	0.02926	0.10594	0.25963	0.02634	0.03797	0.02407	0.06069	0.03785	0.02695	0.15296	0.09712	0.03543	0.03059	0.01297	0.01097	0.00342	0.01303	0.01079	0.00802	0.01601
17	0.04334	0.02199	0.03458	0.02609	0.03515	0.02013	0.11753	0.05134	0.07583	0.38895	0.03996	0.03697	0.02618	0.01312	0.01175	0.00358	0.01150	0.01186	0.01196	0.01819
18	0.02126	0.02001	0.03376	0.57739	0.07752	0.02501	0.03126	0.02876	0.02251	0.02876	0.02001	0.03001	0.01500	0.01125	0.01125	0.00375	0.01500	0.01000	0.00500	0.01250
19	0.02813	0.02428	0.03937	0.18191	0.33738	0.02562	0.03074	0.03717	0.07105	0.07666	0.02507	0.03053	0.01951	0.01113	0.01121	0.00350	0.01304	0.01038	0.00666	0.01667
20	0.03834	0.02733	0.10621	0.02751	0.03744	0.02142	0.12060	0.08138	0.03150	0.28942	0.07190	0.03719	0.02896	0.01320	0.01179	0.00356	0.01244	0.01191	0.01059	0.01732

[dist]
# distance from previous block
# <min> <max>
0	1

[block]
# block no. 1 follows, 11 sequences, length 43
# corresponding to MSA columns:
# 96-138
name=unknown_B
#
# <colnr> <probs for GDERKNQSTAVLIFYWHMCP>
#	G	D	E	R	K	N	Q	S	T	A	V	L	I	F	Y	W	H	M	C	P
0	0.02697	0.13841	0.33049	0.03319	0.10438	0.02856	0.03363	0.03821	0.05558	0.07432	0.02309	0.02564	0.01707	0.01098	0.01029	0.00336	0.01444	0.00868	0.00600	0.01670
1	0.02767	0.01897	0.02857	0.33704	0.05488	0.02120	0.02400	0.03537	0.05638	0.15291	0.03942	0.04270	0.08466	0.01434	0.01154	0.00370	0.01214	0.01224	0.00824	0.01405
2	0.03617	0.23866	0.17009	0.02282	0.03387	0.02889	0.02388	0.04248	0.02676	0.23067	0.02806	0.02744	0.01965	0.01158	0.00971	0.00312	0.01224	0.00868	0.00837	0.01685
3	0.02979	0.02295	0.03692	0.32149	0.09767	0.02540	0.07701	0.09363	0.02861	0.11847	0.02522	0.03084	0.01805	0.01169	0.01147	0.00363	0.01409	0.01058	0.00736	0.01512
4	0.02485	0.02525	0.03524	0.43443	0.13797	0.09310	0.03052	0.03165	0.02415	0.02976	0.01984	0.02846	0.01535	0.01112	0.01110	0.00358	0.01544	0.00966	0.00518	0.01334
5	0.02286	0.10579	0.03944	0.29775	0.11704	0.02617	0.07613	0.02913	0.02325	0.03020	0.02574	0.10800	0.02388	0.01406	0.01131	0.00363	0.01360	0.01288	0.00589	0.01326
6	0.02820	0.04462	0.34496	0.03060	0.04409	0.02507	0.08255	0.04186	0.08767	0.11899	0.02764	0.02913	0.01931	0.01167	0.01117	0.00361	0.01476	0.00989	0.00719	0.01704
7	0.02458	0.16081	0.30992	0.11284	0.11051	0.02978	0.03468	0.03412	0.02364	0.03294	0.01937	0.02403	0.01486	0.01047	0.01013	0.00333	0.01505	0.00831	0.00490	0.01575
8	0.03065	0.01947	0.02449	0.09094	0.03213	0.02037	0.01758	0.16984	0.03321	0.14222	0.04270	0.24375	0.04110	0.02148	0.01244	0.00389	0.00997	0.01856	0.01068	0.01454
9	0.03087	0.15451	0.10660	0.13213	0.04114	0.02955	0.02516	0.03643	0.02383	0.14761	0.02357	0.02730	0.01771	0.01332	0.01601	0.00363	0.13951	0.00918	0.00698	0.01498
10	0.03539	0.02977	0.15731	0.06278	0.03645	0.02138	0.02377	0.10715	0.03233	0.23981	0.10227	0.03887	0.03330	0.01414	0.01142	0.00352	0.01155	0.01157	0.01038	0.01684
11	0.03589	0.02119	0.02697	0.02609	0.09035	0.02094	0.01829	0.14156	0.06455	0.22339	0.04845	0.10303	0.09376	0.01755	0.01187	0.00362	0.00982	0.01476	0.01132	0.01661
12	0.09276	0.03219	0.10289	0.02385	0.03327	0.09079	0.02160	0.15224	0.03477	0.25657	0.03125	0.02977	0.02098	0.01280	0.01073	0.00340	0.01252	0.00969	0.01043	0.01748
13	0.03264	0.53714	0.05487	0.01935	0.02887	0.04103	0.01892	0.03635	0.02404	0.09099	0.01925	0.02059	0.01612	0.01017	0.00773	0.00254	0.01173	0.00668	0.00596	0.01503
14	0.02334	0.02001	0.02334	0.01667	0.02667	0.01500	0.01334	0.02834	0.02334	0.03668	0.02001	0.02334	0.01667	0.00834	0.00834	0.00167	0.00834	0.00667	0.00667	0.67325
15	0.02782	0.02641	0.03247	0.35881	0.05990	0.09366	0.02694	0.10222	0.09047	0.03702	0.02397	0.02988	0.01800	0.01213	0.01114	0.00360	0.01451	0.01002	0.00682	0.01420
16	0.02336	0.05331	0.47103	0.03076	0.04591	0.02641	0.03816	0.03913	0.09446	0.03729	0.02389	0.02639	0.01716	0.01135	0.01080	0.00360	0.01552	0.00895	0.00572	0.01680
17	0.04233	0.09776	0.03481	0.02524	0.03334	0.18462	0.02057	0.25336	0.04067	0.12164	0.02554	0.02576	0.01856	0.01261	0.01052	0.00315	0.01423	0.00903	0.00938	0.01689
18	0.01485	0.01123	0.01370	0.01358	0.01628	0.01008	0.01000	0.01896	0.02858	0.03850	0.34109	0.16509	0.22424	0.02637	0.01344	0.00376	0.00560	0.02302	0.01155	0.01008
19	0.02956	0.35635	0.04391	0.06935	0.03155	0.03327	0.01866	0.03594	0.06161	0.09313	0.09569	0.03288	0.03082	0.01264	0.00927	0.00293	0.01081	0.00958	0.00752	0.01454
20	0.03864	0.02698	0.09694	0.06465	0.07415	0.02328	0.04966	0.08519	0.03000	0.28238	0.03214	0.03226	0.02180	0.01339	0.01405	0.00366	0.07292	0.01061	0.00992	0.01736
21	0.01725	0.01237	0.01464	0.01411	0.01411	0.01342	0.00871	0.01751	0.01646	0.02238	0.03326	0.06844	0.03814	0.54228	0.05512	0.01028	0.07182	0.01567	0.00662	0.00740
22	0.02281	0.01755	0.01783	0.01854	0.02111	0.08973	0.01345	0.02546	0.02473	0.09413	0.05317	0.40646	0.05913	0.02882	0.01346	0.00424	0.00920	0.05889	0.01021	0.01107
23	0.02741	0.11056	0.10604	0.16583	0.07539	0.02594	0.02494	0.08166	0.02658	0.08146	0.02494	0.03036	0.01927	0.02063	0.07898	0.00515	0.01510	0.00962	0.05558	0.01456
24	0.09501	0.03179	0.16617	0.02460	0.03405	0.02425	0.02431	0.07729	0.05990	0.23025	0.03042	0.03029	0.02094	0.01353	0.01397	0.00370	0.08341	0.00986	0.00936	0.01690
25	0.01703	0.01085	0.01202	0.01202	0.01240	0.01085	0.00697	0.01779	0.01741	0.02473	0.03564	0.06908	0.03918	0.51915	0.05016	0.00972	0.01009	0.01552	0.10204	0.00735
26	0.04014	0.03341	0.11532	0.03073	0.09846	0.08201	0.02473	0.16656	0.03553	0.21504	0.03001	0.02969	0.02063	0.01255	0.01105	0.00339	0.01309	0.00992	0.00981	0.01793
27	0.03052	0.07474	0.18721	0.03473	0.15163	0.02446	0.02803	0.07296	0.02906	0.13779	0.08892	0.03494	0.02964	0.01285	0.01104	0.00340	0.01242	0.01078	0.00820	0.01669
28	0.02070	0.02245	0.08198	0.29771	0.05255	0.02173	0.02573	0.03087	0.08501	0.03265	0.04184	0.05445	0.09790	0.01670	0.01206	0.00393	0.01248	0.06910	0.00725	0.01290
29	0.02272	0.02636	0.10989	0.14888	0.09015	0.02336	0.11677	0.03025	0.02452	0.03545	0.08676	0.03677	0.02884	0.01334	0.01412	0.00365	0.07389	0.01176	0.08890	0.01359
30	0.02864	0.02641	0.09961	0.17374	0.04772	0.02402	0.09118	0.03902	0.08691	0.13497	0.06426	0.03585	0.02663	0.01342	0.01355	0.00376	0.05536	0.01158	0.00815	0.01523
31	0.03403	0.11529	0.10666	0.08286	0.10405	0.06234	0.09162	0.07387	0.02881	0.15392	0.02597	0.02835	0.01874	0.01136	0.01082	0.00334	0.01403	0.00982	0.00771	0.01643
32	0.01453	0.01097	0.01295	0.01335	0.01557	0.00990	0.00939	0.01750	0.02523	0.03308	0.20830	0.21801	0.23638	0.10069	0.01906	0.00481	0.00645	0.02391	0.01054	0.00939
33	0.02851	0.07939	0.28775	0.03023	0.04272	0.02654	0.09788	0.09388	0.02850	0.09287	0.02668	0.06713	0.02102	0.01290	0.01124	0.00356	0.01467	0.01112	0.00709	0.01633
34	0.09663	0.07394	0.09325	0.10322	0.03911	0.09202	0.02276	0.10011	0.03051	0.20007	0.02765	0.02836	0.01918	0.01218	0.01038	0.00337	0.01301	0.00924	0.00887	0.01615
35	0.03429	0.09826	0.08156	0.08286	0.03779	0.02250	0.07952	0.04045	0.02847	0.24123	0.10306	0.03915	0.03351	0.01356	0.01126	0.00343	0.01166	0.01178	0.00974	0.01589
36	0.01793	0.01127	0.01455	0.01534	0.01758	0.01021	0.01088	0.02080	0.02488	0.08617	0.14225	0.39153	0.13352	0.03014	0.01373	0.00419	0.00655	0.02685	0.01113	0.01049
37	0.02997	0.07427	0.10378	0.03195	0.07088	0.07621	0.12059	0.13283	0.08433	0.04417	0.08888	0.03495	0.02994	0.01304	0.01149	0.00344	0.01377	0.01157	0.00813	0.01581
38	0.03597	0.10409	0.02992	0.09144	0.03316	0.02194	0.01798	0.08087	0.02970	0.26005	0.04232	0.10883	0.06218	0.01659	0.01123	0.00351	0.01025	0.01372	0.01055	0.01571
39	0.03171	0.10385	0.03116	0.02641	0.09048	0.02206	0.01952	0.03637	0.02740	0.19579	0.09813	0.05581	0.04046	0.01781	0.01409	0.00378	0.06195	0.09846	0.00985	0.01491
40	0.11207	0.02564	0.10105	0.07744	0.09649	0.02187	0.02246	0.07142	0.06147	0.12519	0.03434	0.13981	0.03035	0.01651	0.01125	0.00373	0.01103	0.01398	0.00881	0.01509
41	0.17532	0.02623	0.02852	0.02280	0.03088	0.08941	0.05211	0.08799	0.05762	0.26965	0.03205	0.03055	0.02176	0.01263	0.01043	0.00344	0.01165	0.00986	0.01050	0.01660
42	0.13386	0.09703	0.03347	0.02245	0.03129	0.02600	0.05258	0.14035	0.03313	0.27204	0.03151	0.03000	0.02135	0.01248	0.01033	0.00335	0.01105	0.00982	0.01064	0.01729

[dist]
# distance from previous block
# <min> <max>
0	51

[block]
# block no. 2 follows, 11 sequences, length 8
# corresponding to MSA columns:
# 190-197
name=unknown_C
#
# <colnr> <probs for GDERKNQSTAVLIFYWHMCP>
#	G	D	E	R	K	N	Q	S	T	A	V	L	I	F	Y	W	H	M	C	P
0	0.22288	0.02997	0.07138	0.06946	0.03403	0.08451	0.02071	0.10229	0.06091	0.04356	0.02066	0.02412	0.01614	0.01237	0.01267	0.00347	0.08102	0.00830	0.00715	0.07441
1	0.08591	0.02086	0.02589	0.13343	0.03763	0.02096	0.01848	0.04067	0.12722	0.13855	0.02987	0.03114	0.02186	0.01167	0.01006	0.00306	0.01010	0.00949	0.00879	0.21436
2	0.21249	0.15288	0.23873	0.02325	0.03484	0.02838	0.02592	0.03686	0.02332	0.09904	0.02095	0.02285	0.01536	0.01080	0.00904	0.00330	0.01265	0.00760	0.00649	0.01526
3	0.15680	0.07621	0.03059	0.02177	0.02940	0.02504	0.04985	0.11524	0.02929	0.15785	0.02890	0.07417	0.02330	0.01403	0.01178	0.00337	0.04613	0.01092	0.00913	0.08622
4	0.13295	0.06720	0.02226	0.02108	0.07228	0.01902	0.01444	0.02777	0.07659	0.03784	0.12445	0.16971	0.13075	0.02109	0.01150	0.00371	0.00800	0.01786	0.00928	0.01222
5	0.02986	0.02619	0.09106	0.13953	0.04817	0.02302	0.16003	0.03939	0.06857	0.15575	0.03244	0.08039	0.02530	0.01370	0.01208	0.00376	0.01378	0.01319	0.00833	0.01546
6	0.03868	0.03068	0.14512	0.03139	0.08857	0.02260	0.08163	0.08310	0.03077	0.28191	0.03280	0.03223	0.02190	0.01227	0.01140	0.00351	0.01284	0.01068	0.00990	0.01800
7	0.03729	0.03291	0.14050	0.02764	0.03812	0.02686	0.07468	0.18947	0.08792	0.18047	0.03170	0.03126	0.02181	0.01279	0.01140	0.00354	0.01287	0.01068	0.01003	0.01806

[dist]
# distance from previous block
# <min> <max>
0	4

[block]
# block no. 3 follows, 11 sequences, length 39
# corresponding to MSA columns:
# 202-240
name=unknown_D
#
# <colnr> <probs for GDERKNQSTAVLIFYWHMCP>
#	G	D	E	R	K	N	Q	S	T	A	V	L	I	F	Y	W	H	M	C	P
0	0.10897	0.02520	0.02610	0.02285	0.02836	0.11836	0.05918	0.06656	0.07142	0.10603	0.03846	0.20552	0.03704	0.01941	0.01172	0.00377	0.01148	0.01661	0.00936	0.01359
1	0.04119	0.02457	0.06577	0.02936	0.10999	0.02163	0.02160	0.07805	0.10325	0.32526	0.03822	0.03551	0.02577	0.01327	0.01126	0.00351	0.01074	0.01104	0.01145	0.01857
2	0.07295	0.14099	0.18537	0.13626	0.12177	0.02963	0.09382	0.03373	0.02369	0.03401	0.01950	0.02498	0.01519	0.01032	0.01031	0.00338	0.01476	0.00897	0.00522	0.01513
3	0.02679	0.01404	0.01773	0.01535	0.02036	0.01229	0.01202	0.03108	0.03022	0.20776	0.24816	0.07560	0.20020	0.02152	0.01263	0.00359	0.00685	0.01829	0.01236	0.01317
4	0.02942	0.01592	0.01984	0.01816	0.02302	0.01528	0.01380	0.03780	0.11620	0.21528	0.05753	0.25110	0.09216	0.02336	0.01265	0.00397	0.00798	0.02033	0.01187	0.01434
5	0.03459	0.10875	0.11681	0.02442	0.03362	0.02429	0.06350	0.09796	0.03013	0.20733	0.03497	0.11383	0.02863	0.01552	0.01127	0.00352	0.01180	0.01319	0.00959	0.01625
6	0.01447	0.01051	0.01383	0.01619	0.01749	0.00986	0.01166	0.01710	0.02271	0.02978	0.06635	0.46737	0.11438	0.03389	0.01448	0.00461	0.00715	0.10832	0.01043	0.00940
7	0.02422	0.18795	0.35091	0.10977	0.04813	0.03048	0.03459	0.03415	0.02336	0.03238	0.01906	0.02329	0.01441	0.01052	0.00993	0.00331	0.01527	0.00800	0.00480	0.01549
8	0.03029	0.03034	0.12056	0.09551	0.20402	0.02507	0.15120	0.03830	0.02652	0.12853	0.02560	0.03002	0.01869	0.01082	0.01167	0.00356	0.01476	0.01086	0.00697	0.01672
9	0.03754	0.02739	0.03406	0.03485	0.15193	0.02924	0.02322	0.24749	0.12837	0.12122	0.03140	0.03148	0.02279	0.01306	0.01127	0.00346	0.01161	0.01074	0.01030	0.01859
10	0.02550	0.01619	0.01979	0.01750	0.02224	0.01618	0.01357	0.03742	0.15543	0.13875	0.31400	0.06472	0.07311	0.01933	0.01244	0.00360	0.00703	0.01671	0.01244	0.01406
11	0.16634	0.02053	0.02491	0.01949	0.02790	0.01947	0.01609	0.08287	0.03132	0.41757	0.03786	0.03381	0.02435	0.01326	0.01051	0.00348	0.00962	0.01027	0.01246	0.01787
12	0.03179	0.12972	0.26079	0.03243	0.11239	0.02661	0.03055	0.04017	0.02610	0.16597	0.02592	0.02726	0.01835	0.01127	0.01038	0.00333	0.01360	0.00899	0.00727	0.01712
13	0.09949	0.02054	0.02436	0.01940	0.02641	0.02024	0.01541	0.14095	0.03259	0.30085	0.03644	0.04057	0.02698	0.12204	0.01936	0.00483	0.01035	0.01152	0.01142	0.01626
14	0.15974	0.02690	0.02834	0.02258	0.03081	0.02947	0.01850	0.28666	0.10628	0.13376	0.03007	0.02912	0.02122	0.01325	0.01051	0.00347	0.01082	0.00992	0.01089	0.01769
15	0.01703	0.01352	0.02097	0.12086	0.03065	0.01608	0.01723	0.02169	0.01890	0.02661	0.02828	0.04161	0.02572	0.07097	0.45904	0.01545	0.02736	0.01168	0.00584	0.01050
16	0.01719	0.01288	0.01773	0.11763	0.02630	0.01432	0.01319	0.01961	0.01794	0.02422	0.03124	0.05798	0.03284	0.36031	0.17942	0.01146	0.01666	0.01408	0.00628	0.00870
17	0.02047	0.01151	0.01546	0.01647	0.01860	0.01050	0.01157	0.02287	0.02351	0.12305	0.05879	0.49442	0.06588	0.03134	0.01381	0.00437	0.00709	0.02820	0.01109	0.01098
18	0.02691	0.02212	0.02526	0.01837	0.02819	0.01866	0.01482	0.11440	0.02877	0.04297	0.02129	0.02402	0.01712	0.00929	0.00887	0.00198	0.00908	0.00731	0.00751	0.55306
19	0.04265	0.02247	0.02733	0.02107	0.02983	0.02139	0.01724	0.14878	0.07872	0.31680	0.03699	0.03387	0.02482	0.01311	0.01086	0.00321	0.00995	0.01048	0.01201	0.11842
20	0.01615	0.01179	0.01670	0.01670	0.01824	0.01332	0.01234	0.01921	0.01768	0.02510	0.03141	0.05123	0.03118	0.20822	0.44019	0.01638	0.02557	0.01308	0.00622	0.00928
21	0.03009	0.61122	0.05898	0.01926	0.02889	0.04454	0.01926	0.03370	0.02287	0.02648	0.01565	0.01805	0.01444	0.00963	0.00722	0.00241	0.01204	0.00602	0.00481	0.01444
22	0.02914	0.02004	0.03324	0.02618	0.03287	0.01890	0.14683	0.07577	0.03026	0.16036	0.12940	0.15990	0.04817	0.01877	0.01285	0.00380	0.01102	0.01772	0.01039	0.01440
23	0.02376	0.02803	0.11387	0.31881	0.23297	0.02578	0.03394	0.03180	0.02378	0.03258	0.02044	0.02833	0.01588	0.01074	0.01113	0.00358	0.01467	0.00976	0.00516	0.01498
24	0.02917	0.02432	0.04655	0.03953	0.11608	0.02275	0.24966	0.03654	0.02843	0.13014	0.11937	0.04131	0.03553	0.01286	0.01261	0.00362	0.01392	0.01374	0.00841	0.01546
25	0.02984	0.01587	0.01860	0.01664	0.02147	0.01582	0.01357	0.10139	0.03017	0.14892	0.04108	0.05461	0.03381	0.01665	0.01050	0.00338	0.00815	0.09293	0.31306	0.01355
26	0.03319	0.01999	0.02613	0.12346	0.03706	0.02120	0.01989	0.04696	0.18234	0.21531	0.04262	0.05109	0.03303	0.01641	0.01198	0.00389	0.01048	0.07780	0.01097	0.01620
27	0.07527	0.02122	0.03408	0.03143	0.10709	0.01976	0.10574	0.04177	0.02798	0.27531	0.03768	0.11004	0.02979	0.01523	0.01181	0.00367	0.01140	0.01399	0.01029	0.01645
28	0.03780	0.02158	0.02777	0.12367	0.03823	0.02268	0.01992	0.07774	0.17864	0.26878	0.03932	0.03724	0.02696	0.01382	0.01134	0.00363	0.01054	0.01144	0.01138	0.01752
29	0.01734	0.01226	0.01505	0.01588	0.01834	0.01209	0.01206	0.02386	0.06985	0.03686	0.15865	0.23650	0.09953	0.02635	0.01305	0.00406	0.00695	0.10241	0.10824	0.01069
30	0.08129	0.16474	0.07832	0.01953	0.02780	0.02609	0.01808	0.08125	0.06208	0.16808	0.03035	0.03059	0.02212	0.01226	0.00933	0.00309	0.01015	0.00924	0.12998	0.01560
31	0.03305	0.22446	0.03677	0.02064	0.02748	0.02905	0.01776	0.06927	0.07118	0.16380	0.03331	0.11245	0.02893	0.01623	0.01271	0.00343	0.06270	0.01246	0.00903	0.01529
32	0.01558	0.01154	0.01469	0.01594	0.01763	0.01123	0.01116	0.02111	0.06893	0.03460	0.18003	0.41522	0.07894	0.03031	0.01382	0.00424	0.00643	0.02726	0.01104	0.01031
33	0.02325	0.02750	0.11295	0.35815	0.19762	0.02565	0.03368	0.03135	0.02354	0.03196	0.02035	0.02850	0.01566	0.01084	0.01114	0.00361	0.01480	0.00976	0.00512	0.01457
34	0.09668	0.02753	0.10422	0.03542	0.15474	0.02215	0.06671	0.04370	0.02779	0.26194	0.03099	0.03129	0.02121	0.01184	0.01097	0.00349	0.01221	0.01030	0.00931	0.01750
35	0.03554	0.02247	0.03463	0.08123	0.11151	0.02218	0.08522	0.07398	0.07507	0.23020	0.07876	0.03867	0.03088	0.01343	0.01174	0.00356	0.01164	0.01215	0.01022	0.01692
36	0.02117	0.01485	0.02203	0.01886	0.02364	0.01326	0.07633	0.02543	0.02713	0.10938	0.15733	0.17274	0.22474	0.02400	0.01320	0.00385	0.00816	0.02138	0.01067	0.01184
37	0.02444	0.03536	0.23828	0.11128	0.04712	0.02266	0.11372	0.03381	0.02634	0.08282	0.11622	0.03830	0.03302	0.01312	0.01178	0.00362	0.01409	0.01195	0.00720	0.01488
38	0.20660	0.07564	0.02778	0.12156	0.03566	0.02611	0.01856	0.08089	0.10611	0.11076	0.06192	0.03231	0.02578	0.01292	0.00991	0.00348	0.01042	0.00994	0.00883	0.01482

[dist]
# distance from previous block
# <min> <max>
0	12

[block]
# block no. 4 follows, 11 sequences, length 14
# corresponding to MSA columns:
# 253-266
name=unknown_E
#
# <colnr> <probs for GDERKNQSTAVLIFYWHMCP>
#	G	D	E	R	K	N	Q	S	T	A	V	L	I	F	Y	W	H	M	C	P
0	0.03736	0.01783	0.02294	0.01885	0.02551	0.01671	0.01510	0.04632	0.10814	0.32618	0.17876	0.05158	0.05060	0.01666	0.01188	0.00355	0.00829	0.01405	0.01311	0.01658
1	0.02787	0.13997	0.04014	0.29683	0.05558	0.02841	0.06841	0.03646	0.06651	0.09670	0.02475	0.02974	0.01841	0.01145	0.01066	0.00346	0.01355	0.00991	0.00673	0.01445
2	0.14480	0.02840	0.12888	0.02214	0.03170	0.02212	0.02110	0.04837	0.12167	0.26353	0.03508	0.03280	0.02381	0.01297	0.01050	0.00356	0.01072	0.01013	0.01046	0.01724
3	0.02972	0.02545	0.11015	0.13358	0.03993	0.02121	0.02286	0.04199	0.12893	0.17203	0.11551	0.04258	0.03731	0.01464	0.01155	0.00363	0.01097	0.01235	0.00988	0.01573
4	0.01409	0.01040	0.01319	0.01467	0.01624	0.00950	0.01017	0.01687	0.02430	0.03230	0.16426	0.41359	0.15575	0.03169	0.01397	0.00424	0.00615	0.02830	0.01084	0.00950
5	0.16288	0.01821	0.02529	0.02099	0.02722	0.01753	0.07516	0.03573	0.02612	0.21269	0.07411	0.17874	0.04065	0.01872	0.01161	0.00380	0.00954	0.01642	0.01048	0.01410
6	0.02425	0.02136	0.02783	0.02720	0.12863	0.01736	0.01760	0.02959	0.02380	0.03669	0.02024	0.02425	0.01690	0.00868	0.00890	0.00200	0.00935	0.00734	0.00645	0.54159
7	0.02372	0.02198	0.03410	0.38034	0.14480	0.02590	0.02911	0.03597	0.12175	0.03379	0.02539	0.03205	0.01937	0.01185	0.01127	0.00370	0.01350	0.01055	0.00639	0.01447
8	0.02479	0.02968	0.12408	0.23250	0.30202	0.02606	0.03461	0.03279	0.02428	0.03391	0.02062	0.02790	0.01630	0.01055	0.01111	0.00352	0.01445	0.00974	0.00525	0.01586
9	0.02542	0.02391	0.03895	0.19058	0.33378	0.02437	0.03021	0.03204	0.02445	0.03470	0.02068	0.02766	0.01691	0.01006	0.01071	0.00317	0.01296	0.00947	0.00561	0.12435
10	0.01637	0.01091	0.01228	0.01228	0.01228	0.01091	0.00682	0.01637	0.01637	0.02182	0.03546	0.07365	0.04092	0.60445	0.05729	0.01091	0.01091	0.01637	0.00682	0.00682
11	0.04149	0.02335	0.02956	0.11374	0.03862	0.02430	0.02050	0.18049	0.07816	0.27685	0.03541	0.03395	0.02375	0.01348	0.01130	0.00352	0.01124	0.01088	0.01146	0.01794
12	0.01637	0.01091	0.01228	0.01228	0.01228	0.01091	0.00682	0.01637	0.01637	0.02182	0.03546	0.07365	0.04092	0.60445	0.05729	0.01091	0.01091	0.01637	0.00682	0.00682
13	0.16059	0.03098	0.03062	0.03041	0.11340	0.13568	0.02095	0.15322	0.03369	0.14725	0.02547	0.02643	0.01844	0.01206	0.01023	0.00331	0.01293	0.00901	0.00894	0.01639

[dist]
# distance from previous block
# <min> <max>
0	1

[block]
# block no. 5 follows, 11 sequences, length 15
# corresponding to MSA columns:
# 268-282
name=unknown_F
#
# <colnr> <probs for GDERKNQSTAVLIFYWHMCP>
#	G	D	E	R	K	N	Q	S	T	A	V	L	I	F	Y	W	H	M	C	P
0	0.02756	0.02502	0.03989	0.24178	0.30630	0.02724	0.03161	0.09500	0.02822	0.03858	0.02155	0.02850	0.01701	0.01093	0.01120	0.00349	0.01381	0.01003	0.00614	0.01614
1	0.03408	0.02364	0.03709	0.04797	0.32066	0.02225	0.02655	0.03986	0.02732	0.18795	0.02798	0.03043	0.02069	0.01099	0.01085	0.00318	0.01162	0.01000	0.00821	0.09869
2	0.03323	0.02220	0.02932	0.03096	0.13764	0.02260	0.02027	0.13045	0.09990	0.16060	0.14478	0.04458	0.04243	0.01522	0.01173	0.00349	0.00991	0.01302	0.01090	0.01676
3	0.10481	0.02911	0.12447	0.02877	0.09223	0.02371	0.02396	0.11420	0.06097	0.15767	0.03330	0.04255	0.02640	0.01482	0.01128	0.00371	0.01177	0.07039	0.00939	0.01649
4	0.10910	0.02768	0.09445	0.07890	0.22365	0.02429	0.02662	0.03822	0.07818	0.08891	0.02517	0.02846	0.01919	0.01103	0.01035	0.00331	0.01192	0.00942	0.00719	0.08395
5	0.02647	0.02135	0.03130	0.09778	0.21192	0.02232	0.02353	0.03830	0.13557	0.08421	0.14243	0.04477	0.04191	0.01458	0.01172	0.00355	0.01042	0.01306	0.00908	0.01574
6	0.09400	0.02447	0.08256	0.14703	0.10027	0.02132	0.02403	0.04295	0.02733	0.27672	0.03140	0.03204	0.02114	0.01226	0.01084	0.00353	0.01184	0.01012	0.00947	0.01669
7	0.23725	0.02107	0.02406	0.02343	0.08497	0.02137	0.01617	0.08148	0.02635	0.15967	0.02724	0.03294	0.02153	0.09161	0.01584	0.00427	0.01009	0.00962	0.00879	0.08223
8	0.02880	0.03566	0.22336	0.09021	0.09095	0.02412	0.02912	0.10808	0.02981	0.10842	0.03615	0.03772	0.08058	0.01376	0.01129	0.00355	0.01316	0.01126	0.00783	0.01616
9	0.09318	0.08048	0.22426	0.02940	0.08992	0.08992	0.02729	0.03383	0.02535	0.03688	0.07970	0.02996	0.02567	0.01186	0.01012	0.00318	0.01342	0.00925	0.00630	0.08003
10	0.08227	0.20791	0.09717	0.02637	0.09616	0.02843	0.02111	0.03369	0.08421	0.03570	0.07677	0.07587	0.06188	0.01479	0.01010	0.00328	0.01069	0.01192	0.00735	0.01435
11	0.18873	0.02595	0.02726	0.02184	0.02997	0.02828	0.01789	0.24780	0.10360	0.15251	0.03027	0.02919	0.02127	0.01313	0.01032	0.00348	0.01054	0.00979	0.01081	0.01738
12	0.10954	0.02803	0.12084	0.02213	0.03070	0.02310	0.02064	0.07353	0.16951	0.15567	0.09520	0.03919	0.03441	0.01439	0.01096	0.00360	0.01025	0.01158	0.01032	0.01642
13	0.03970	0.02874	0.09210	0.02837	0.08300	0.02544	0.02285	0.17627	0.10154	0.23140	0.03449	0.03284	0.02366	0.01322	0.01123	0.00349	0.01150	0.01069	0.01092	0.01854
14	0.03532	0.10696	0.10018	0.09864	0.14298	0.02652	0.02599	0.08760	0.02951	0.19541	0.02801	0.02946	0.01986	0.01178	0.01064	0.00334	0.01250	0.00969	0.00849	0.01714

[dist]
# distance from previous block
# <min> <max>
0	100

[block]
# block no. 6 follows, 11 sequences, length 16
# corresponding to MSA columns:
# 383-398
name=unknown_G
#
# <colnr> <probs for GDERKNQSTAVLIFYWHMCP>
#	G	D	E	R	K	N	Q	S	T	A	V	L	I	F	Y	W	H	M	C	P
0	0.08058	0.08773	0.03789	0.02607	0.03505	0.02577	0.11323	0.09284	0.08870	0.24587	0.03349	0.03252	0.02312	0.01246	0.01100	0.00346	0.01189	0.01085	0.01027	0.01724
1	0.09991	0.02318	0.08218	0.02227	0.02934	0.01951	0.06241	0.08829	0.02873	0.15365	0.09492	0.10476	0.03722	0.01899	0.01489	0.07160	0.01060	0.01394	0.00956	0.01404
2	0.11176	0.01856	0.02471	0.01983	0.02695	0.01737	0.05910	0.03981	0.05546	0.25993	0.08582	0.05421	0.14431	0.01706	0.01157	0.00361	0.00917	0.01436	0.01129	0.01513
3	0.03102	0.02418	0.09059	0.02455	0.07356	0.01869	0.01978	0.04023	0.08613	0.18994	0.11811	0.04095	0.03735	0.01381	0.01099	0.00317	0.00974	0.01164	0.01005	0.14552
4	0.03545	0.02276	0.02613	0.02167	0.02852	0.02364	0.01772	0.25886	0.03988	0.14846	0.04681	0.10082	0.08585	0.01932	0.01230	0.00377	0.01036	0.07002	0.01150	0.01613
5	0.10957	0.05469	0.08669	0.01991	0.02790	0.02043	0.01795	0.08469	0.02908	0.17578	0.08700	0.10550	0.03595	0.01595	0.01080	0.00338	0.00978	0.01304	0.00990	0.08202
6	0.15129	0.02926	0.12101	0.02990	0.04001	0.02346	0.18453	0.03466	0.02402	0.08262	0.02329	0.02819	0.01765	0.01722	0.06271	0.00477	0.01561	0.01004	0.00666	0.09309
7	0.02682	0.30296	0.04491	0.03064	0.15097	0.03145	0.02110	0.03130	0.02352	0.03113	0.02193	0.07267	0.02100	0.01175	0.00902	0.00269	0.01117	0.00942	0.00585	0.13970
8	0.10732	0.08481	0.03152	0.12221	0.09922	0.02638	0.02119	0.07689	0.12279	0.09135	0.03130	0.08378	0.02606	0.01436	0.01064	0.00356	0.01096	0.01188	0.00850	0.01530
9	0.09019	0.14232	0.03346	0.02151	0.02842	0.02860	0.01822	0.14100	0.03094	0.17329	0.03032	0.08502	0.02495	0.01556	0.01364	0.00353	0.08241	0.01146	0.00941	0.01574
10	0.09622	0.01741	0.02352	0.09391	0.08979	0.01797	0.01793	0.03280	0.06486	0.13468	0.04213	0.24025	0.04110	0.02074	0.01196	0.00393	0.00944	0.01818	0.00958	0.01362
11	0.03209	0.02839	0.08450	0.02069	0.02771	0.13207	0.01805	0.03704	0.02979	0.18489	0.13280	0.05434	0.13540	0.01747	0.01172	0.00344	0.01123	0.01408	0.01014	0.01417
12	0.03733	0.21045	0.04197	0.02404	0.03307	0.03152	0.06691	0.13065	0.09307	0.17622	0.03000	0.02942	0.02169	0.01221	0.01023	0.00320	0.01176	0.00979	0.00939	0.01709
13	0.02924	0.20042	0.15713	0.12316	0.04615	0.09909	0.07731	0.07883	0.02738	0.03426	0.01946	0.02382	0.01523	0.01074	0.01008	0.00320	0.01537	0.00853	0.00566	0.01494
14	0.61432	0.02283	0.01841	0.01601	0.02319	0.02630	0.01319	0.08343	0.02282	0.05272	0.01690	0.01923	0.01294	0.01078	0.00743	0.00347	0.00911	0.00653	0.00743	0.01294
15	0.02591	0.02240	0.03125	0.11931	0.03924	0.02298	0.06741	0.11628	0.02833	0.03984	0.02640	0.09804	0.02396	0.01439	0.01336	0.00324	0.06566	0.01205	0.00746	0.22249

[dist]
# distance from previous block
# <min> <max>
0	2

[block]
# block no. 7 follows, 11 sequences, length 14
# corresponding to MSA columns:
# 401-414
name=unknown_H
#
# <colnr> <probs for GDERKNQSTAVLIFYWHMCP>
#	G	D	E	R	K	N	Q	S	T	A	V	L	I	F	Y	W	H	M	C	P
0	0.45051	0.02064	0.01806	0.01629	0.02247	0.02350	0.01305	0.03649	0.11839	0.04899	0.10179	0.03324	0.03125	0.01336	0.00883	0.00356	0.00821	0.00963	0.00870	0.01305
1	0.01691	0.01354	0.01819	0.10388	0.02757	0.01432	0.01464	0.02369	0.07589	0.03305	0.12477	0.27723	0.10629	0.03119	0.06085	0.00531	0.00991	0.02223	0.00960	0.01093
2	0.02446	0.02591	0.10886	0.21509	0.04779	0.02324	0.02646	0.11967	0.02942	0.03929	0.03354	0.08859	0.03138	0.01788	0.01239	0.00404	0.01309	0.11734	0.00782	0.01373
3	0.41388	0.13543	0.02783	0.01897	0.02614	0.15549	0.01573	0.03601	0.02285	0.04073	0.01608	0.01872	0.01314	0.01057	0.00777	0.00315	0.01206	0.00635	0.00630	0.01280
4	0.01734	0.01436	0.02205	0.12948	0.10883	0.01487	0.01812	0.02108	0.02237	0.02999	0.04775	0.40159	0.05443	0.02681	0.01328	0.00422	0.00919	0.02443	0.00866	0.01113
5	0.02494	0.02863	0.11218	0.18716	0.09995	0.02727	0.02770	0.04178	0.20405	0.03732	0.02925	0.03278	0.02232	0.01323	0.01338	0.00380	0.06049	0.01073	0.00740	0.01566
6	0.41881	0.15474	0.02865	0.01851	0.02583	0.13297	0.01556	0.03552	0.02242	0.04088	0.01600	0.01863	0.01312	0.01049	0.00764	0.00314	0.01167	0.00630	0.00628	0.01284
7	0.03007	0.04212	0.30437	0.03315	0.04662	0.02449	0.14959	0.04021	0.02643	0.15346	0.02647	0.02881	0.01813	0.01114	0.01149	0.00360	0.01558	0.01027	0.00712	0.01685
8	0.02043	0.01696	0.01985	0.06374	0.02625	0.01815	0.01467	0.03545	0.21130	0.04183	0.22917	0.06816	0.14865	0.02012	0.01243	0.00371	0.00754	0.01724	0.01107	0.01328
9	0.01465	0.01106	0.01263	0.01287	0.01569	0.00981	0.00941	0.01818	0.02642	0.03493	0.21091	0.18759	0.29385	0.02714	0.01309	0.00379	0.00572	0.02339	0.05904	0.00981
10	0.01872	0.01198	0.01546	0.01470	0.01775	0.01086	0.01097	0.02317	0.02967	0.08991	0.36709	0.16222	0.13520	0.02458	0.01326	0.00372	0.00596	0.02162	0.01205	0.01112
11	0.01621	0.01236	0.01663	0.06220	0.02267	0.01166	0.01255	0.02032	0.02608	0.03631	0.24767	0.28059	0.07695	0.02553	0.01306	0.00379	0.00691	0.02284	0.01043	0.07524
12	0.03415	0.07836	0.03358	0.12991	0.04119	0.12185	0.02233	0.19282	0.14698	0.04643	0.02744	0.02915	0.02068	0.01285	0.01079	0.00339	0.01341	0.00988	0.00866	0.01615
13	0.08923	0.02646	0.08598	0.13289	0.04266	0.02348	0.05389	0.11142	0.03041	0.19488	0.02835	0.02986	0.01952	0.01192	0.01074	0.00339	0.01228	0.00985	0.00902	0.07375

[dist]
# distance from previous block
# <min> <max>
3	13

[block]
# block no. 8 follows, 11 sequences, length 16
# corresponding to MSA columns:
# 428-443
name=unknown_I
#
# <colnr> <probs for GDERKNQSTAVLIFYWHMCP>
#	G	D	E	R	K	N	Q	S	T	A	V	L	I	F	Y	W	H	M	C	P
0	0.53156	0.02032	0.01758	0.01538	0.02209	0.02256	0.01256	0.03451	0.02218	0.11136	0.07544	0.02800	0.02445	0.01226	0.00820	0.00349	0.00844	0.00831	0.00843	0.01289
1	0.30360	0.02624	0.08073	0.15923	0.16365	0.02565	0.02503	0.03271	0.02198	0.04063	0.01848	0.02389	0.01443	0.01055	0.00935	0.00352	0.01210	0.00819	0.00595	0.01410
2	0.02854	0.49728	0.15935	0.02190	0.03297	0.04074	0.02386	0.03410	0.02305	0.02837	0.01659	0.01923	0.01441	0.00985	0.00794	0.00265	0.01298	0.00649	0.00480	0.01490
3	0.01621	0.01139	0.01466	0.01454	0.01558	0.01197	0.00983	0.01830	0.01898	0.02635	0.09759	0.06477	0.04495	0.34820	0.22627	0.01245	0.01687	0.01539	0.00727	0.00844
4	0.02036	0.02051	0.07643	0.01881	0.02413	0.01765	0.01622	0.03466	0.17893	0.04469	0.32452	0.06455	0.07407	0.01928	0.01243	0.00363	0.00766	0.01669	0.01127	0.01349
5	0.01366	0.01000	0.01284	0.01512	0.01618	0.00919	0.01020	0.01573	0.02208	0.02895	0.06878	0.53365	0.13353	0.03438	0.01423	0.00447	0.00642	0.03093	0.01045	0.00919
6	0.02293	0.02708	0.14294	0.02627	0.08342	0.01991	0.02173	0.10834	0.02922	0.04025	0.10182	0.15182	0.08210	0.07173	0.01623	0.00437	0.01081	0.01676	0.00867	0.01359
7	0.15204	0.22948	0.03902	0.20914	0.04479	0.09861	0.02231	0.03331	0.02317	0.03192	0.01735	0.02244	0.01422	0.01058	0.00891	0.00313	0.01345	0.00754	0.00541	0.01318
8	0.01371	0.00979	0.01306	0.01567	0.01632	0.00914	0.01045	0.01567	0.02155	0.02873	0.06203	0.59710	0.07444	0.03526	0.01437	0.00457	0.00653	0.03200	0.01045	0.00914
9	0.02737	0.03185	0.16637	0.02607	0.03540	0.02449	0.06139	0.04674	0.24316	0.09251	0.08987	0.04045	0.03484	0.01430	0.01158	0.00368	0.01145	0.01229	0.00956	0.01663
10	0.08476	0.30565	0.10405	0.19819	0.04606	0.03444	0.02506	0.03230	0.02253	0.03042	0.01757	0.02255	0.01440	0.01034	0.00889	0.00307	0.01322	0.00756	0.00506	0.01388
11	0.02035	0.01062	0.01106	0.01095	0.01358	0.01051	0.00821	0.02560	0.02464	0.04236	0.09817	0.04723	0.03852	0.01435	0.00854	0.00274	0.00525	0.01172	0.58510	0.01051
12	0.02653	0.14374	0.16028	0.06318	0.03942	0.03052	0.06282	0.04511	0.23185	0.03834	0.03040	0.03137	0.02310	0.01238	0.01060	0.00348	0.01256	0.01026	0.00770	0.01633
13	0.01562	0.01149	0.01462	0.01384	0.01663	0.01049	0.01038	0.02065	0.03114	0.04341	0.47992	0.08691	0.15565	0.02365	0.01328	0.00357	0.00536	0.02075	0.01216	0.01049
14	0.01756	0.01299	0.01616	0.01589	0.01771	0.01395	0.01118	0.02371	0.08374	0.02977	0.09822	0.09550	0.04643	0.25954	0.19718	0.01087	0.01557	0.01608	0.00811	0.00986
15	0.01383	0.01038	0.01284	0.01443	0.01609	0.00938	0.00998	0.01635	0.02363	0.03080	0.12198	0.42116	0.19362	0.03231	0.01399	0.00427	0.00620	0.02873	0.01064	0.00938

[dist]
# distance from previous block
# <min> <max>
0	4

[block]
# block no. 9 follows, 11 sequences, length 49
# corresponding to MSA columns:
# 448-496
name=unknown_J
#
# <colnr> <probs for GDERKNQSTAVLIFYWHMCP>
#	G	D	E	R	K	N	Q	S	T	A	V	L	I	F	Y	W	H	M	C	P
0	0.01952	0.01805	0.01743	0.01843	0.02084	0.09978	0.01329	0.02219	0.02381	0.02965	0.05127	0.41160	0.05925	0.02891	0.01333	0.00414	0.00930	0.06890	0.00939	0.06089
1	0.41576	0.02483	0.07499	0.10918	0.03464	0.02403	0.01895	0.03581	0.02208	0.11702	0.02103	0.02368	0.01514	0.01111	0.00868	0.00353	0.01067	0.00772	0.00743	0.01371
2	0.02819	0.02368	0.07510	0.22123	0.04758	0.02185	0.02406	0.03442	0.02427	0.13582	0.02447	0.02895	0.01795	0.01187	0.01308	0.00328	0.06959	0.00928	0.00721	0.17812
3	0.01613	0.01209	0.01559	0.01597	0.01873	0.01074	0.01164	0.01955	0.02433	0.03381	0.15002	0.35716	0.07063	0.02800	0.01326	0.00394	0.00692	0.06329	0.01022	0.11797
4	0.02663	0.08043	0.03418	0.38266	0.06032	0.02477	0.02608	0.03302	0.02404	0.10408	0.02311	0.02932	0.01699	0.01118	0.01056	0.00336	0.01324	0.00945	0.00645	0.08012
5	0.04870	0.02203	0.02790	0.02139	0.03017	0.02081	0.01767	0.15765	0.03703	0.43243	0.04036	0.03568	0.02583	0.01383	0.01130	0.00346	0.01023	0.01104	0.01331	0.01915
6	0.01430	0.01025	0.01359	0.01527	0.01646	0.00953	0.01049	0.01715	0.02429	0.03309	0.18591	0.46081	0.08288	0.03201	0.01408	0.00430	0.00621	0.02890	0.01096	0.00953
7	0.02054	0.01868	0.03063	0.49508	0.06802	0.02295	0.02770	0.02695	0.02161	0.02775	0.02226	0.03636	0.01878	0.09765	0.01796	0.00479	0.01441	0.01093	0.00527	0.01168
8	0.02866	0.01422	0.01875	0.01761	0.02216	0.01301	0.01424	0.03294	0.02765	0.21293	0.08856	0.15143	0.08433	0.02311	0.01280	0.00403	0.00834	0.13370	0.07828	0.01325
9	0.03139	0.02082	0.02862	0.11366	0.03544	0.02472	0.02101	0.03845	0.07295	0.17725	0.02942	0.03291	0.02194	0.01556	0.01992	0.00398	0.21069	0.01065	0.07595	0.01465
10	0.27047	0.15076	0.03215	0.11253	0.03590	0.17043	0.01932	0.03563	0.02384	0.03591	0.01684	0.02071	0.01373	0.01072	0.00857	0.00315	0.01350	0.00703	0.00589	0.01293
11	0.01371	0.00979	0.01306	0.01567	0.01632	0.00914	0.01045	0.01567	0.02155	0.02873	0.06203	0.59710	0.07444	0.03526	0.01437	0.00457	0.00653	0.03200	0.01045	0.00914
12	0.02449	0.02152	0.03240	0.27720	0.15217	0.02427	0.02637	0.07852	0.07128	0.03893	0.10622	0.03916	0.03260	0.01351	0.01158	0.00360	0.01228	0.01195	0.00752	0.01442
13	0.11135	0.03411	0.11484	0.26739	0.05411	0.13473	0.02791	0.06582	0.02628	0.03529	0.01944	0.02532	0.01471	0.01128	0.01039	0.00349	0.01537	0.00868	0.00580	0.01370
14	0.02189	0.01337	0.01399	0.01338	0.01677	0.01406	0.01017	0.03254	0.12396	0.04332	0.08835	0.04623	0.03780	0.01455	0.00914	0.00296	0.00600	0.01194	0.46759	0.01199
15	0.02347	0.02748	0.11494	0.32416	0.05853	0.02608	0.02896	0.03908	0.16824	0.03531	0.02768	0.03254	0.02061	0.01235	0.01122	0.00374	0.01346	0.01053	0.00687	0.01475
16	0.01550	0.01149	0.01445	0.01371	0.01655	0.01044	0.01028	0.02041	0.03085	0.04273	0.46067	0.08803	0.17533	0.02391	0.01328	0.00358	0.00537	0.02091	0.01207	0.01044
17	0.01799	0.01417	0.02110	0.02465	0.10226	0.01479	0.01565	0.02241	0.02322	0.03305	0.17676	0.05637	0.05088	0.10744	0.25683	0.01064	0.01808	0.01463	0.00792	0.01116
18	0.10349	0.01942	0.02293	0.01883	0.02592	0.01902	0.01519	0.07626	0.10176	0.28446	0.09721	0.04791	0.08613	0.01617	0.01130	0.00356	0.00875	0.01311	0.01217	0.01639
19	0.50832	0.02111	0.01784	0.01606	0.02248	0.02420	0.01295	0.03623	0.10123	0.04939	0.07319	0.02890	0.02545	0.01252	0.00835	0.00354	0.00839	0.00864	0.00825	0.01295
20	0.02638	0.11553	0.02853	0.01735	0.02633	0.01946	0.01438	0.03081	0.02401	0.08616	0.02552	0.07487	0.02258	0.01151	0.00899	0.00223	0.00891	0.00928	0.00745	0.43972
21	0.01550	0.01149	0.01445	0.01371	0.01655	0.01044	0.01028	0.02041	0.03085	0.04273	0.46067	0.08803	0.17533	0.02391	0.01328	0.00358	0.00537	0.02091	0.01207	0.01044
22	0.03508	0.12133	0.08463	0.07138	0.03526	0.02623	0.02120	0.04861	0.17163	0.21450	0.03551	0.03388	0.02508	0.01306	0.01062	0.00344	0.01098	0.01045	0.00999	0.01714
23	0.68395	0.02177	0.01654	0.01480	0.02177	0.02525	0.01219	0.03309	0.01915	0.05050	0.01567	0.01828	0.01219	0.01045	0.00697	0.00348	0.00871	0.00609	0.00697	0.01219
24	0.04610	0.02621	0.03049	0.02337	0.03225	0.02701	0.01931	0.30676	0.04402	0.27345	0.03449	0.03187	0.02289	0.01369	0.01128	0.00342	0.01118	0.01064	0.01241	0.01915
25	0.03246	0.01437	0.01804	0.01528	0.02049	0.01308	0.01211	0.03734	0.02894	0.25458	0.14011	0.04899	0.04419	0.01548	0.01043	0.00317	0.00709	0.01285	0.25680	0.01419
26	0.01773	0.01378	0.01783	0.01709	0.01749	0.01605	0.01201	0.01909	0.01736	0.02431	0.03310	0.11246	0.03694	0.34203	0.13079	0.01021	0.13042	0.01594	0.00668	0.00870
27	0.01885	0.01183	0.01565	0.01515	0.01789	0.01083	0.01117	0.02318	0.02919	0.09115	0.35683	0.21418	0.08992	0.02531	0.01336	0.00380	0.00606	0.02250	0.01204	0.01110
28	0.02466	0.20443	0.25327	0.02793	0.03893	0.03090	0.07615	0.03281	0.02394	0.03316	0.06971	0.02896	0.02390	0.01243	0.01292	0.00340	0.07252	0.00953	0.00565	0.01482
29	0.32858	0.14640	0.03045	0.02043	0.02779	0.17185	0.01693	0.07745	0.02626	0.04151	0.01713	0.01955	0.01386	0.01087	0.00824	0.00311	0.01277	0.00674	0.00662	0.01347
30	0.03118	0.01491	0.02019	0.01795	0.02304	0.01344	0.01442	0.03571	0.03000	0.25888	0.19296	0.12303	0.06197	0.02160	0.01290	0.00389	0.00812	0.08911	0.01254	0.01416
31	0.03262	0.19878	0.07886	0.13139	0.04134	0.03253	0.02339	0.14515	0.08018	0.09292	0.02547	0.02740	0.01901	0.01194	0.01006	0.00324	0.01248	0.00915	0.00795	0.01615
32	0.24545	0.25585	0.07664	0.01989	0.02813	0.03292	0.01892	0.03515	0.02211	0.08792	0.01886	0.02130	0.01510	0.01143	0.01081	0.00321	0.06855	0.00715	0.00646	0.01414
33	0.02664	0.01708	0.01775	0.01570	0.02026	0.01840	0.01229	0.12903	0.10971	0.04879	0.03620	0.03888	0.02774	0.01355	0.00915	0.00297	0.00732	0.01078	0.42429	0.01348
34	0.02324	0.02393	0.07895	0.06491	0.08177	0.02264	0.02157	0.06540	0.13194	0.03926	0.09619	0.05676	0.11683	0.01849	0.01470	0.00389	0.06826	0.04815	0.00890	0.01419
35	0.02022	0.01171	0.01486	0.01526	0.01741	0.01075	0.01051	0.02226	0.02264	0.11128	0.05894	0.34940	0.10574	0.14780	0.02256	0.00562	0.00784	0.02459	0.01027	0.01034
36	0.02800	0.02210	0.07514	0.02067	0.02598	0.01998	0.01807	0.10865	0.02891	0.11356	0.06952	0.05576	0.03671	0.11357	0.02177	0.00500	0.06917	0.07716	0.07684	0.01342
37	0.01351	0.01060	0.01223	0.01354	0.01577	0.00932	0.00950	0.01591	0.02360	0.02957	0.08797	0.35328	0.30152	0.03189	0.01384	0.00419	0.00612	0.02789	0.01045	0.00932
38	0.15089	0.01869	0.02296	0.01820	0.02600	0.01734	0.01494	0.04837	0.02920	0.41057	0.03893	0.03541	0.02540	0.01328	0.01025	0.00339	0.00899	0.01038	0.07967	0.01713
39	0.03947	0.02443	0.02787	0.02272	0.03057	0.02596	0.01833	0.17340	0.23010	0.22003	0.04038	0.03680	0.02816	0.01436	0.01136	0.00359	0.01005	0.01157	0.01224	0.01862
40	0.02019	0.01857	0.03201	0.36478	0.05886	0.02207	0.06713	0.02684	0.02156	0.02863	0.02325	0.03425	0.01908	0.03276	0.17390	0.00800	0.01984	0.01090	0.00537	0.01201
41	0.02657	0.03036	0.06641	0.04744	0.05882	0.02846	0.49336	0.03605	0.02657	0.03605	0.02277	0.03036	0.01708	0.00949	0.01328	0.00380	0.01898	0.01328	0.00569	0.01518
42	0.01556	0.01120	0.01483	0.01523	0.01734	0.01046	0.01134	0.01997	0.02852	0.03961	0.35686	0.22481	0.09356	0.02709	0.01380	0.00398	0.00615	0.06783	0.01167	0.01020
43	0.02126	0.02001	0.03376	0.57739	0.07752	0.02501	0.03126	0.02876	0.02251	0.02876	0.02001	0.03001	0.01500	0.01125	0.01125	0.00375	0.01500	0.01000	0.00500	0.01250
