[name]
unknown

[dist]
# distance from previous block
# <min> <max>
1	5

[block]
# block no. 0 follows, 13 sequences, length 9
# corresponding to MSA columns:
# 5-13
name=unknown_A
#
# <colnr> <probs for GDERKNQSTAVLIFYWHMCP>
#	G	D	E	R	K	N	Q	S	T	A	V	L	I	F	Y	W	H	M	C	P
0	0.02327	0.01514	0.01830	0.01653	0.02128	0.01452	0.01288	0.03242	0.13031	0.13063	0.15791	0.13218	0.10920	0.01993	0.01165	0.00347	0.00721	0.05364	0.01061	0.07890
1	0.02853	0.01490	0.01921	0.01781	0.02231	0.01428	0.01381	0.03576	0.10302	0.23733	0.04942	0.25712	0.04660	0.02224	0.01211	0.00386	0.00795	0.06901	0.01120	0.01352
2	0.02746	0.01711	0.02451	0.07915	0.02979	0.01676	0.07084	0.08271	0.02698	0.17195	0.04582	0.10818	0.10957	0.05860	0.01406	0.00387	0.00961	0.01469	0.07537	0.01297
3	0.02617	0.01839	0.02610	0.28693	0.04630	0.02035	0.02115	0.10479	0.02729	0.12606	0.03771	0.09991	0.08318	0.01551	0.01111	0.00351	0.01104	0.01324	0.00814	0.01312
4	0.02810	0.02071	0.02569	0.08095	0.03176	0.02053	0.01712	0.08685	0.08348	0.11761	0.02513	0.02714	0.01899	0.01125	0.01191	0.00274	0.07081	0.00854	0.00791	0.30282
5	0.02663	0.02412	0.03240	0.02578	0.03228	0.08333	0.15365	0.13362	0.03008	0.06530	0.04471	0.14030	0.12562	0.01751	0.01183	0.00350	0.01194	0.01589	0.00844	0.01308
6	0.02792	0.02026	0.03480	0.28358	0.10735	0.02140	0.10112	0.03417	0.02428	0.16520	0.02709	0.06044	0.02057	0.01198	0.01102	0.00347	0.01282	0.01124	0.00722	0.01407
7	0.09581	0.01474	0.01715	0.01427	0.01985	0.01365	0.01138	0.03456	0.02519	0.22651	0.07441	0.03735	0.02977	0.01261	0.00889	0.00280	0.00698	0.01008	0.26105	0.08296
8	0.01813	0.01441	0.01917	0.06745	0.07905	0.01455	0.01366	0.02401	0.07266	0.03186	0.16475	0.10075	0.04988	0.20867	0.02464	0.00547	0.00880	0.01537	0.00814	0.05858

[dist]
# distance from previous block
# <min> <max>
3	12

[block]
# block no. 1 follows, 13 sequences, length 12
# corresponding to MSA columns:
# 26-37
name=unknown_B
#
# <colnr> <probs for GDERKNQSTAVLIFYWHMCP>
#	G	D	E	R	K	N	Q	S	T	A	V	L	I	F	Y	W	H	M	C	P
0	0.03576	0.02143	0.02749	0.15760	0.03868	0.02257	0.01970	0.19985	0.03404	0.23228	0.03619	0.03594	0.06344	0.01347	0.01075	0.00332	0.01078	0.01091	0.01002	0.01579
1	0.03070	0.01791	0.02641	0.25710	0.04471	0.01822	0.02042	0.03614	0.02547	0.24331	0.06619	0.03411	0.02516	0.01201	0.01039	0.00317	0.01065	0.01019	0.00870	0.09906
2	0.02076	0.01905	0.03126	0.28185	0.22582	0.02086	0.02619	0.02674	0.02293	0.03077	0.05727	0.07526	0.05766	0.01426	0.01119	0.00352	0.01183	0.04375	0.00618	0.01287
3	0.02570	0.02383	0.03055	0.21729	0.04443	0.07162	0.05184	0.10746	0.09457	0.03658	0.05790	0.03588	0.02495	0.01402	0.01406	0.00362	0.08926	0.03598	0.00717	0.01329
4	0.07307	0.01536	0.02194	0.01978	0.02376	0.01548	0.07912	0.02669	0.09159	0.03730	0.20184	0.16852	0.06106	0.02146	0.01232	0.00382	0.00836	0.09766	0.00964	0.01123
5	0.01870	0.01550	0.02197	0.11718	0.09687	0.01625	0.01691	0.02743	0.09466	0.03912	0.33315	0.05876	0.06633	0.01730	0.01168	0.00337	0.00789	0.01535	0.00957	0.01202
6	0.02313	0.01407	0.01994	0.02129	0.08937	0.01302	0.01407	0.02786	0.02852	0.15158	0.34133	0.10307	0.07120	0.01908	0.01190	0.00336	0.00691	0.01687	0.01098	0.01245
7	0.02033	0.01796	0.02840	0.43690	0.05763	0.02251	0.02515	0.02644	0.02067	0.02874	0.02060	0.02928	0.01609	0.01186	0.01318	0.00350	0.08913	0.00945	0.11075	0.01143
8	0.04261	0.01801	0.02377	0.01854	0.02600	0.01622	0.01519	0.08623	0.03181	0.46000	0.10752	0.04073	0.03509	0.01417	0.01087	0.00327	0.00869	0.01165	0.01269	0.01695
9	0.03534	0.02533	0.06752	0.03033	0.10190	0.02346	0.09000	0.12440	0.11512	0.22548	0.03223	0.03167	0.02242	0.01199	0.01084	0.00333	0.01141	0.01059	0.00968	0.01697
10	0.03960	0.02137	0.03073	0.02326	0.03150	0.02021	0.09487	0.14168	0.03285	0.34035	0.04067	0.03812	0.06690	0.01349	0.01106	0.00332	0.01060	0.01166	0.01111	0.01666
11	0.02751	0.02549	0.09897	0.02562	0.03587	0.01896	0.15123	0.03411	0.02436	0.13646	0.02388	0.02640	0.01750	0.00938	0.00986	0.00263	0.01162	0.00892	0.00711	0.30412

[dist]
# distance from previous block
# <min> <max>
0	15

[block]
# block no. 2 follows, 13 sequences, length 12
# corresponding to MSA columns:
# 53-64
name=unknown_C
#
# <colnr> <probs for GDERKNQSTAVLIFYWHMCP>
#	G	D	E	R	K	N	Q	S	T	A	V	L	I	F	Y	W	H	M	C	P
0	0.02599	0.10054	0.04921	0.03844	0.12423	0.02678	0.26445	0.07915	0.02624	0.03561	0.02300	0.06563	0.01961	0.01091	0.01101	0.00320	0.01409	0.01160	0.00610	0.06421
1	0.02762	0.03231	0.17686	0.03980	0.17909	0.02433	0.13894	0.08616	0.02747	0.09165	0.05301	0.02960	0.02149	0.01086	0.01095	0.00331	0.01362	0.01037	0.00677	0.01579
2	0.01610	0.01221	0.01549	0.07624	0.02160	0.01288	0.01159	0.02132	0.08296	0.02696	0.04401	0.30513	0.04903	0.22530	0.02619	0.00610	0.00860	0.02081	0.00827	0.00920
3	0.02971	0.08616	0.10356	0.01950	0.02828	0.02131	0.01819	0.12473	0.02947	0.15068	0.05947	0.03743	0.08816	0.01321	0.00991	0.00287	0.00980	0.01049	0.00874	0.14833
4	0.03165	0.09944	0.04308	0.09323	0.13923	0.02662	0.15001	0.10554	0.02851	0.14207	0.02458	0.02766	0.01794	0.01054	0.01058	0.00321	0.01307	0.00998	0.00742	0.01564
5	0.02095	0.01194	0.01565	0.01520	0.01822	0.01094	0.01151	0.02443	0.02540	0.13856	0.19899	0.21388	0.09910	0.06853	0.01566	0.00427	0.00706	0.07814	0.01072	0.01084
6	0.02378	0.01555	0.02279	0.02661	0.14930	0.01469	0.01612	0.02846	0.02728	0.13724	0.28410	0.05732	0.06048	0.07145	0.01535	0.00389	0.00804	0.01486	0.00990	0.01279
7	0.02225	0.02048	0.03397	0.14019	0.35093	0.02107	0.02651	0.02803	0.02404	0.03366	0.09913	0.09368	0.03333	0.01370	0.01107	0.00334	0.01110	0.01285	0.00651	0.01416
8	0.02362	0.01759	0.02110	0.01566	0.02396	0.01367	0.01249	0.02830	0.02393	0.09175	0.09692	0.03143	0.02860	0.01032	0.00878	0.00199	0.00755	0.00853	0.00774	0.52609
9	0.04141	0.01757	0.02320	0.01840	0.02566	0.01589	0.01497	0.04810	0.07972	0.45433	0.10510	0.04160	0.03580	0.01426	0.01087	0.00331	0.00844	0.01180	0.01268	0.01689
10	0.01982	0.01239	0.01619	0.01566	0.01911	0.01097	0.01179	0.02328	0.02412	0.10743	0.14294	0.30147	0.06076	0.02421	0.01222	0.00365	0.00694	0.07036	0.01010	0.10660
11	0.08620	0.01844	0.02037	0.01837	0.02333	0.01993	0.01418	0.08910	0.22059	0.09390	0.11384	0.15555	0.04523	0.01836	0.01113	0.00359	0.00784	0.01558	0.01053	0.01396

[dist]
# distance from previous block
# <min> <max>
2	4

[block]
# block no. 3 follows, 13 sequences, length 154
# corresponding to MSA columns:
# 69-222
name=unknown_D
#
# <colnr> <probs for GDERKNQSTAVLIFYWHMCP>
#	G	D	E	R	K	N	Q	S	T	A	V	L	I	F	Y	W	H	M	C	P
0	0.03601	0.02650	0.02908	0.02354	0.03062	0.11740	0.06476	0.11716	0.13234	0.20504	0.07741	0.03519	0.02936	0.01324	0.01079	0.00326	0.01146	0.01098	0.01011	0.01574
1	0.04035	0.03998	0.03131	0.02650	0.03312	0.38770	0.06224	0.04396	0.02961	0.16998	0.02346	0.02434	0.01714	0.01130	0.01008	0.00294	0.01631	0.00830	0.00745	0.01394
2	0.02812	0.01325	0.01786	0.01626	0.02044	0.01181	0.01231	0.03143	0.02611	0.26362	0.13051	0.28253	0.05580	0.02265	0.01210	0.00370	0.00719	0.01994	0.01152	0.01287
3	0.01572	0.01190	0.01396	0.01411	0.01673	0.01123	0.01025	0.06416	0.02601	0.03405	0.16214	0.30212	0.22410	0.02709	0.01272	0.00378	0.00620	0.02368	0.01022	0.00984
4	0.01813	0.01161	0.01586	0.01705	0.01948	0.01109	0.01370	0.02211	0.02465	0.07822	0.14024	0.24500	0.06700	0.02763	0.01359	0.00431	0.00787	0.24191	0.01037	0.01016
5	0.03594	0.01719	0.02198	0.01829	0.02446	0.01621	0.01452	0.08000	0.07893	0.33865	0.09195	0.13872	0.04046	0.01737	0.01130	0.00347	0.00828	0.01476	0.01198	0.01552
6	0.02186	0.01397	0.01812	0.01700	0.02164	0.01217	0.01354	0.02569	0.02345	0.11466	0.04462	0.22495	0.04615	0.02219	0.01188	0.00358	0.00808	0.15621	0.00936	0.19087
7	0.02742	0.02055	0.02383	0.01743	0.02655	0.01740	0.01409	0.11376	0.02742	0.09039	0.02207	0.02384	0.01704	0.00915	0.00856	0.00200	0.00858	0.00723	0.00764	0.51505
8	0.04079	0.01823	0.02340	0.01861	0.02549	0.01693	0.01491	0.11198	0.03086	0.40679	0.04002	0.08482	0.02965	0.06909	0.01468	0.00396	0.00925	0.01247	0.01188	0.01621
9	0.03165	0.01896	0.02600	0.02182	0.02519	0.02197	0.01768	0.03446	0.02214	0.24685	0.02998	0.07408	0.02490	0.06951	0.02505	0.00453	0.27133	0.01179	0.00859	0.01353
10	0.15850	0.01841	0.02301	0.01798	0.02588	0.01693	0.01485	0.04806	0.02818	0.48131	0.03714	0.03280	0.02368	0.01253	0.00994	0.00327	0.00886	0.00980	0.01198	0.01689
11	0.02103	0.08665	0.48570	0.02771	0.04162	0.02419	0.03487	0.03203	0.02302	0.03383	0.07206	0.02761	0.02197	0.01113	0.01008	0.00328	0.01430	0.00880	0.00518	0.01494
12	0.04312	0.01813	0.02409	0.01828	0.02666	0.01530	0.01503	0.04731	0.02885	0.47911	0.03783	0.03361	0.02439	0.01220	0.01016	0.00298	0.00880	0.00989	0.01193	0.13234
13	0.70310	0.02045	0.01554	0.01390	0.02045	0.02372	0.01145	0.03108	0.01799	0.04744	0.01472	0.01718	0.01145	0.00981	0.00654	0.00327	0.00818	0.00573	0.00654	0.01145
14	0.02617	0.02512	0.04292	0.06490	0.56246	0.02512	0.03245	0.03245	0.02407	0.03454	0.01989	0.02617	0.01675	0.00942	0.01047	0.00314	0.01256	0.00942	0.00523	0.01675
15	0.01260	0.01030	0.01114	0.01181	0.01457	0.00883	0.00852	0.01505	0.02304	0.02813	0.09367	0.24475	0.42385	0.02852	0.01277	0.00377	0.00557	0.02444	0.00982	0.00883
16	0.01538	0.01025	0.01153	0.01153	0.01153	0.01025	0.00641	0.01538	0.01538	0.02050	0.03331	0.06919	0.03844	0.62842	0.05382	0.01025	0.01025	0.01538	0.00641	0.00641
17	0.02827	0.63478	0.05540	0.01809	0.02714	0.04184	0.01809	0.03166	0.02148	0.02488	0.01470	0.01696	0.01357	0.00905	0.00678	0.00226	0.01131	0.00565	0.00452	0.01357
18	0.01538	0.01025	0.01153	0.01153	0.01153	0.01025	0.00641	0.01538	0.01538	0.02050	0.03331	0.06919	0.03844	0.62842	0.05382	0.01025	0.01025	0.01538	0.00641	0.00641
19	0.03844	0.10550	0.03236	0.02638	0.03216	0.53466	0.02021	0.04122	0.02916	0.02578	0.01619	0.01887	0.01361	0.01072	0.00927	0.00268	0.01834	0.00670	0.00536	0.01238
20	0.01551	0.00990	0.01307	0.01476	0.01586	0.00921	0.00995	0.01736	0.02057	0.06463	0.05516	0.53712	0.06439	0.07833	0.01645	0.00469	0.00666	0.02754	0.00978	0.00908
21	0.02630	0.02271	0.02391	0.02152	0.02749	0.02630	0.01674	0.05618	0.54336	0.04423	0.04303	0.03945	0.03228	0.01434	0.01076	0.00359	0.00837	0.01195	0.01076	0.01674
22	0.01288	0.00920	0.01227	0.01472	0.01534	0.00859	0.00981	0.01472	0.02024	0.02699	0.05828	0.62152	0.06993	0.03312	0.01350	0.00429	0.00613	0.03006	0.00981	0.00859
23	0.02192	0.01879	0.02192	0.01566	0.02506	0.01409	0.01253	0.02662	0.02192	0.03445	0.01879	0.02192	0.01566	0.00783	0.00783	0.00157	0.00783	0.00626	0.00626	0.69305
24	0.01326	0.01074	0.01177	0.01151	0.01475	0.00925	0.00863	0.01665	0.02590	0.03283	0.24573	0.09473	0.41689	0.02519	0.01249	0.00349	0.00524	0.02133	0.01038	0.00925
25	0.01541	0.01165	0.01477	0.01633	0.01917	0.01101	0.01381	0.01949	0.02425	0.03054	0.07433	0.11298	0.23936	0.02834	0.01385	0.00440	0.00816	0.32296	0.00977	0.00945
26	0.08058	0.01646	0.02160	0.01757	0.02424	0.01483	0.01440	0.04256	0.02902	0.40566	0.13246	0.04829	0.04075	0.01553	0.01098	0.00339	0.00829	0.04561	0.01218	0.01558
27	0.37590	0.02276	0.02158	0.01806	0.02513	0.02551	0.01474	0.15563	0.10918	0.10128	0.02429	0.02443	0.01768	0.01153	0.00856	0.00330	0.00911	0.00808	0.00879	0.01446
28	0.02158	0.05209	0.52292	0.03157	0.04670	0.02477	0.08717	0.03352	0.02258	0.03352	0.01921	0.02294	0.01366	0.00993	0.01029	0.00337	0.01584	0.00828	0.00455	0.01549
29	0.01513	0.01029	0.01146	0.01146	0.01177	0.01014	0.00655	0.01536	0.01612	0.02119	0.03963	0.07198	0.08291	0.57694	0.05028	0.00968	0.00983	0.01597	0.00670	0.00662
30	0.01288	0.00920	0.01227	0.01472	0.01534	0.00859	0.00981	0.01472	0.02024	0.02699	0.05828	0.62152	0.06993	0.03312	0.01350	0.00429	0.00613	0.03006	0.00981	0.00859
31	0.01416	0.01049	0.01338	0.01537	0.01649	0.01027	0.01047	0.01867	0.07007	0.02863	0.05682	0.56608	0.06634	0.03134	0.01323	0.00423	0.00635	0.02833	0.00990	0.00936
32	0.01288	0.00920	0.01227	0.01472	0.01534	0.00859	0.00981	0.01472	0.02024	0.02699	0.05828	0.62152	0.06993	0.03312	0.01350	0.00429	0.00613	0.03006	0.00981	0.00859
33	0.01704	0.01217	0.01704	0.01947	0.02191	0.01217	0.01704	0.02191	0.02434	0.03164	0.05598	0.11926	0.06085	0.02921	0.01460	0.00487	0.00974	0.49130	0.00974	0.00974
34	0.01607	0.01188	0.01481	0.01391	0.01649	0.01154	0.01027	0.02293	0.07696	0.04049	0.45856	0.07432	0.08756	0.07873	0.01625	0.00401	0.00581	0.01809	0.01106	0.01027
35	0.01434	0.01042	0.01124	0.01124	0.01252	0.00978	0.00699	0.01530	0.01851	0.02339	0.05980	0.08088	0.22499	0.41247	0.03898	0.00785	0.00849	0.01787	0.00763	0.00731
36	0.01288	0.00920	0.01227	0.01472	0.01534	0.00859	0.00981	0.01472	0.02024	0.02699	0.05828	0.62152	0.06993	0.03312	0.01350	0.00429	0.00613	0.03006	0.00981	0.00859
37	0.02654	0.49259	0.18243	0.02104	0.03170	0.03760	0.02323	0.03211	0.02169	0.02699	0.01575	0.01827	0.01353	0.00929	0.00758	0.00253	0.01237	0.00618	0.00451	0.01407
38	0.02617	0.02512	0.04292	0.06490	0.56246	0.02512	0.03245	0.03245	0.02407	0.03454	0.01989	0.02617	0.01675	0.00942	0.01047	0.00314	0.01256	0.00942	0.00523	0.01675
39	0.02594	0.02058	0.02211	0.01987	0.02509	0.02327	0.01513	0.04984	0.43426	0.07210	0.04151	0.04366	0.03283	0.10551	0.01715	0.00456	0.00869	0.01238	0.01025	0.01528
40	0.01734	0.00990	0.01418	0.01419	0.01508	0.00968	0.01014	0.01618	0.01904	0.02597	0.16395	0.05279	0.04388	0.03203	0.03117	0.44520	0.00813	0.05773	0.00694	0.00650
41	0.01538	0.01025	0.01153	0.01153	0.01153	0.01025	0.00641	0.01538	0.01538	0.02050	0.03331	0.06919	0.03844	0.62842	0.05382	0.01025	0.01025	0.01538	0.00641	0.00641
42	0.42770	0.02137	0.01894	0.01700	0.02331	0.02477	0.01360	0.04129	0.23177	0.04613	0.02624	0.02624	0.01992	0.01166	0.00826	0.00340	0.00826	0.00826	0.00826	0.01360
43	0.02192	0.01879	0.02192	0.01566	0.02506	0.01409	0.01253	0.02662	0.02192	0.03445	0.01879	0.02192	0.01566	0.00783	0.00783	0.00157	0.00783	0.00626	0.00626	0.69305
44	0.01496	0.01081	0.01413	0.01330	0.01580	0.00998	0.00998	0.01995	0.02993	0.04240	0.55689	0.07898	0.09976	0.02162	0.01247	0.00333	0.00499	0.01912	0.01164	0.00998
45	0.70310	0.02045	0.01554	0.01390	0.02045	0.02372	0.01145	0.03108	0.01799	0.04744	0.01472	0.01718	0.01145	0.00981	0.00654	0.00327	0.00818	0.00573	0.00654	0.01145
46	0.02740	0.02412	0.04069	0.09911	0.48613	0.02426	0.03091	0.03356	0.02435	0.07592	0.02152	0.02708	0.01730	0.00979	0.01049	0.00318	0.01239	0.00951	0.00581	0.01649
47	0.02662	0.01339	0.01787	0.01528	0.01981	0.01197	0.01197	0.03129	0.03005	0.23170	0.37197	0.06355	0.07335	0.01855	0.01181	0.00331	0.00643	0.01607	0.01216	0.01285
48	0.01288	0.00920	0.01227	0.01472	0.01534	0.00859	0.00981	0.01472	0.02024	0.02699	0.05828	0.62152	0.06993	0.03312	0.01350	0.00429	0.00613	0.03006	0.00981	0.00859
49	0.02827	0.63478	0.05540	0.01809	0.02714	0.04184	0.01809	0.03166	0.02148	0.02488	0.01470	0.01696	0.01357	0.00905	0.00678	0.00226	0.01131	0.00565	0.00452	0.01357
50	0.02629	0.30052	0.30846	0.02409	0.03631	0.03126	0.02823	0.03411	0.02258	0.07179	0.01892	0.02109	0.01447	0.00985	0.00869	0.00288	0.01326	0.00711	0.00516	0.01493
51	0.01997	0.01879	0.03171	0.60301	0.07282	0.02349	0.02936	0.02701	0.02114	0.02701	0.01879	0.02819	0.01409	0.01057	0.01057	0.00352	0.01409	0.00940	0.00470	0.01175
52	0.02827	0.63478	0.05540	0.01809	0.02714	0.04184	0.01809	0.03166	0.02148	0.02488	0.01470	0.01696	0.01357	0.00905	0.00678	0.00226	0.01131	0.00565	0.00452	0.01357
53	0.10180	0.03665	0.17889	0.02672	0.07055	0.15525	0.02403	0.04093	0.02633	0.20184	0.02514	0.02561	0.01751	0.01114	0.00979	0.00315	0.01341	0.00837	0.00767	0.01523
54	0.01575	0.01751	0.09744	0.01812	0.02166	0.01316	0.01554	0.02192	0.06525	0.02948	0.04802	0.39371	0.05342	0.03242	0.06966	0.00539	0.01016	0.05222	0.00868	0.01049
55	0.01261	0.01025	0.01118	0.01193	0.01460	0.00882	0.00857	0.01504	0.02293	0.02808	0.09227	0.25973	0.40978	0.02871	0.01280	0.00379	0.00559	0.02467	0.00982	0.00882
56	0.01997	0.01879	0.03171	0.60301	0.07282	0.02349	0.02936	0.02701	0.02114	0.02701	0.01879	0.02819	0.01409	0.01057	0.01057	0.00352	0.01409	0.00940	0.00470	0.01175
57	0.13425	0.03188	0.12021	0.02351	0.03268	0.02948	0.02172	0.32839	0.08405	0.05620	0.02428	0.02489	0.01750	0.01196	0.00990	0.00325	0.01151	0.00888	0.00896	0.01650
58	0.02551	0.02697	0.05350	0.05384	0.28670	0.02600	0.29974	0.03322	0.02455	0.03418	0.02070	0.02745	0.01636	0.00914	0.01156	0.00337	0.01542	0.01108	0.00530	0.01540
59	0.01288	0.00920	0.01227	0.01472	0.01534	0.00859	0.00981	0.01472	0.02024	0.02699	0.05828	0.62152	0.06993	0.03312	0.01350	0.00429	0.00613	0.03006	0.00981	0.00859
60	0.29662	0.02005	0.02283	0.02172	0.07762	0.02057	0.01574	0.04214	0.06882	0.27009	0.02924	0.02805	0.02008	0.01157	0.00905	0.00329	0.00898	0.00873	0.00958	0.01524
61	0.03766	0.07160	0.02806	0.02339	0.07910	0.01983	0.01715	0.10096	0.02980	0.32755	0.03769	0.11908	0.02965	0.01531	0.01071	0.00331	0.00945	0.01284	0.01078	0.01609
62	0.01501	0.01075	0.01388	0.01313	0.01537	0.01000	0.00962	0.01950	0.02849	0.04023	0.50495	0.07801	0.09368	0.08181	0.01657	0.00401	0.00551	0.01875	0.01112	0.00962
63	0.26915	0.02344	0.03309	0.04659	0.36791	0.02462	0.02491	0.03196	0.02189	0.03917	0.01803	0.02294	0.01485	0.00956	0.00906	0.00319	0.01099	0.00809	0.00570	0.01485
64	0.27007	0.41466	0.04112	0.01659	0.02474	0.03534	0.01571	0.03145	0.02023	0.03296	0.01471	0.01704	0.01281	0.00932	0.00670	0.00262	0.01019	0.00568	0.00525	0.01281
65	0.03950	0.05039	0.02996	0.02724	0.03269	0.58597	0.02043	0.04222	0.02996	0.02588	0.01634	0.01907	0.01362	0.01090	0.00953	0.00272	0.01907	0.00681	0.00545	0.01226
66	0.17586	0.08485	0.02793	0.02028	0.02769	0.02854	0.01677	0.20513	0.17212	0.09543	0.02825	0.02753	0.02073	0.01220	0.00940	0.00322	0.00976	0.00909	0.00939	0.01583
67	0.23770	0.08924	0.12515	0.02063	0.02939	0.02692	0.01972	0.11633	0.11717	0.08606	0.02426	0.02476	0.01785	0.01129	0.00890	0.00322	0.01048	0.00817	0.00786	0.01489
68	0.02570	0.22995	0.36558	0.02543	0.03837	0.02908	0.03053	0.03452	0.02277	0.07828	0.01967	0.02188	0.01458	0.01001	0.00909	0.00301	0.01371	0.00740	0.00525	0.01520
69	0.01435	0.01065	0.01337	0.01296	0.01549	0.00967	0.00962	0.01866	0.02807	0.03862	0.43439	0.12945	0.17857	0.02352	0.01256	0.00345	0.00515	0.02062	0.01116	0.00967
70	0.07623	0.24489	0.07235	0.01863	0.02679	0.02559	0.01729	0.03809	0.02474	0.24699	0.03022	0.08499	0.02410	0.01318	0.00922	0.00301	0.00997	0.01024	0.00863	0.01487
71	0.02949	0.08373	0.04143	0.09053	0.28800	0.12564	0.06967	0.08286	0.02727	0.03470	0.01940	0.02439	0.01577	0.01002	0.01017	0.00306	0.01407	0.00890	0.00571	0.01520
72	0.01420	0.01078	0.01531	0.01970	0.06961	0.01023	0.01206	0.01648	0.02062	0.02774	0.05447	0.56246	0.06465	0.03077	0.01319	0.00418	0.00677	0.02801	0.00936	0.00940
73	0.01737	0.01617	0.02548	0.02066	0.02594	0.01508	0.13711	0.02449	0.07017	0.03461	0.19064	0.07269	0.26648	0.02002	0.01234	0.00351	0.00861	0.01821	0.00924	0.01117
74	0.03718	0.02147	0.07138	0.02570	0.07568	0.01734	0.06858	0.04231	0.02738	0.36364	0.03804	0.10366	0.02862	0.01453	0.01110	0.00342	0.01035	0.01282	0.01058	0.01620
75	0.02416	0.04858	0.47096	0.03037	0.04480	0.02387	0.08247	0.03531	0.02336	0.08672	0.02146	0.02426	0.01491	0.01024	0.01033	0.00336	0.01518	0.00853	0.00540	0.01573
76	0.03980	0.02055	0.03113	0.03535	0.21919	0.01898	0.02161	0.04468	0.02804	0.37767	0.03388	0.03246	0.02279	0.01177	0.01057	0.00322	0.01028	0.01020	0.01027	0.01755
77	0.02400	0.10533	0.44592	0.02933	0.04342	0.02574	0.07340	0.03460	0.02300	0.07013	0.02034	0.02325	0.01451	0.01007	0.00997	0.00326	0.01492	0.00817	0.00514	0.01549
78	0.06535	0.07187	0.08720	0.11905	0.09671	0.07596	0.15956	0.06639	0.05705	0.06699	0.02214	0.02635	0.01666	0.01035	0.01047	0.00328	0.01420	0.00964	0.00630	0.01447
79	0.01303	0.01036	0.01171	0.01216	0.01481	0.00903	0.00882	0.01592	0.02421	0.03067	0.17618	0.22464	0.35632	0.02740	0.01274	0.00370	0.00548	0.02363	0.01015	0.00903
80	0.01286	0.01010	0.01164	0.01256	0.01484	0.00888	0.00892	0.01540	0.02303	0.02911	0.12572	0.31130	0.32027	0.02892	0.01290	0.00384	0.00564	0.02519	0.00997	0.00888
81	0.14196	0.02404	0.03424	0.08587	0.19843	0.02540	0.07256	0.11936	0.06849	0.09264	0.02389	0.02692	0.01789	0.01082	0.01008	0.00329	0.01167	0.00944	0.00749	0.01552
82	0.03521	0.19348	0.12938	0.02335	0.03299	0.07209	0.05637	0.06988	0.02734	0.22116	0.02617	0.02604	0.01841	0.01100	0.00954	0.00298	0.01233	0.00857	0.00802	0.01568
83	0.04744	0.01799	0.02454	0.01881	0.02699	0.01554	0.01554	0.05153	0.03026	0.56979	0.04171	0.03599	0.02617	0.01309	0.01063	0.00327	0.00900	0.01063	0.01309	0.01799
84	0.02021	0.01913	0.03177	0.55797	0.06929	0.02419	0.02888	0.02689	0.02075	0.02689	0.01841	0.02779	0.01408	0.01119	0.01246	0.00361	0.06068	0.00939	0.00469	0.01173
85	0.21884	0.02044	0.02328	0.01837	0.02617	0.02036	0.01517	0.11972	0.03004	0.35452	0.03209	0.02940	0.02103	0.01216	0.00955	0.00326	0.00919	0.00917	0.01098	0.01627
86	0.03063	0.07712	0.35400	0.02552	0.03820	0.02251	0.02973	0.03956	0.02500	0.21693	0.02652	0.02669	0.01779	0.01103	0.01005	0.00326	0.01309	0.00865	0.00743	0.01631
87	0.02380	0.01342	0.01739	0.01524	0.01939	0.01249	0.01183	0.03030	0.06585	0.17320	0.39338	0.06557	0.07682	0.01899	0.01190	0.00333	0.00622	0.01652	0.01194	0.01243
88	0.10050	0.02492	0.03534	0.02670	0.03528	0.02542	0.14270	0.19941	0.06988	0.18780	0.02892	0.02916	0.02004	0.01170	0.01069	0.00333	0.01192	0.01035	0.00957	0.01635
89	0.07528	0.02090	0.03130	0.14113	0.21103	0.02126	0.02345	0.03973	0.05412	0.23242	0.02871	0.03034	0.02027	0.01128	0.01032	0.00329	0.01102	0.00977	0.00843	0.01596
90	0.02197	0.08736	0.17890	0.02799	0.03668	0.02260	0.14774	0.05803	0.02463	0.03347	0.03222	0.12657	0.03145	0.01677	0.01173	0.00371	0.01305	0.10519	0.00682	0.01311
91	0.01402	0.01077	0.01282	0.01231	0.01522	0.00957	0.00923	0.01812	0.02769	0.03709	0.38444	0.08771	0.27552	0.02359	0.01248	0.00342	0.00513	0.02035	0.01094	0.00957
92	0.03930	0.02907	0.02942	0.02400	0.03096	0.19280	0.06732	0.07719	0.03015	0.26745	0.03216	0.07940	0.02447	0.01369	0.01072	0.00321	0.01291	0.01122	0.00951	0.01505
93	0.03383	0.03244	0.20142	0.02744	0.07965	0.02289	0.02524	0.11161	0.08925	0.22216	0.03048	0.02972	0.02086	0.01190	0.01044	0.00331	0.01171	0.00963	0.00905	0.01699
94	0.02916	0.02070	0.03261	0.03411	0.16238	0.02039	0.09343	0.03872	0.11336	0.16771	0.03649	0.09668	0.03084	0.01521	0.01153	0.00358	0.01085	0.05800	0.00899	0.01525
95	0.02617	0.02512	0.04292	0.06490	0.56246	0.02512	0.03245	0.03245	0.02407	0.03454	0.01989	0.02617	0.01675	0.00942	0.01047	0.00314	0.01256	0.00942	0.00523	0.01675
96	0.04063	0.02890	0.02831	0.02618	0.07959	0.17320	0.01897	0.08974	0.08019	0.27770	0.03148	0.02988	0.02175	0.01223	0.01033	0.00313	0.01223	0.00951	0.00984	0.01620
97	0.03190	0.02594	0.13461	0.03235	0.17018	0.01899	0.02375	0.03830	0.02704	0.24601	0.10808	0.03713	0.03214	0.01280	0.01075	0.00326	0.01063	0.01103	0.00912	0.01601
98	0.02257	0.01739	0.02646	0.03487	0.23281	0.01672	0.02038	0.02756	0.02561	0.08724	0.12345	0.06544	0.13009	0.01829	0.01191	0.00358	0.00933	0.10451	0.00859	0.01321
99	0.02854	0.24572	0.05151	0.02977	0.03907	0.03301	0.21725	0.10859	0.07881	0.03654	0.02173	0.02499	0.01705	0.01006	0.00998	0.00304	0.01363	0.00954	0.00637	0.01481
100	0.04657	0.01939	0.02540	0.01947	0.02769	0.01761	0.01609	0.10866	0.03260	0.50935	0.03975	0.03471	0.02519	0.01304	0.01063	0.00326	0.00931	0.01050	0.01278	0.01799
101	0.02403	0.20190	0.33379	0.03372	0.14132	0.02922	0.03225	0.03280	0.02244	0.03142	0.01802	0.02166	0.01409	0.00966	0.00927	0.00302	0.01389	0.00756	0.00463	0.01530
102	0.01670	0.01187	0.01360	0.01376	0.01638	0.01140	0.01002	0.06764	0.02539	0.03464	0.11142	0.28719	0.19043	0.02524	0.01194	0.00363	0.00619	0.02194	0.11069	0.00993
103	0.03730	0.26421	0.09114	0.01965	0.02891	0.02678	0.01888	0.04192	0.02602	0.30228	0.02883	0.02715	0.01995	0.01120	0.00906	0.00288	0.01056	0.00839	0.00886	0.01602
104	0.03450	0.02459	0.07831	0.04317	0.30088	0.02114	0.02604	0.04036	0.02647	0.25414	0.02877	0.02989	0.02034	0.01098	0.01050	0.00321	0.01135	0.00979	0.00839	0.01717
105	0.02870	0.02595	0.15671	0.07881	0.03378	0.01856	0.02161	0.03817	0.08962	0.20818	0.09988	0.08779	0.03555	0.01503	0.01097	0.00345	0.01030	0.01271	0.00940	0.01483
106	0.02370	0.01507	0.02223	0.01965	0.02371	0.01534	0.05476	0.07023	0.02385	0.13298	0.03746	0.18170	0.03557	0.04372	0.23798	0.00894	0.01684	0.01577	0.00851	0.01200
107	0.10623	0.08730	0.02825	0.02122	0.02824	0.20431	0.01706	0.04503	0.07352	0.24414	0.02840	0.02716	0.02000	0.01178	0.00952	0.00303	0.01234	0.00856	0.00895	0.01496
108	0.02306	0.03939	0.31048	0.09544	0.21566	0.02476	0.03442	0.03411	0.05915	0.03396	0.02093	0.02533	0.01587	0.01019	0.01028	0.00331	0.01397	0.00878	0.00518	0.01570
109	0.04422	0.01728	0.02350	0.01827	0.02588	0.01499	0.01499	0.04840	0.03023	0.51747	0.09281	0.04025	0.03347	0.01393	0.01081	0.00328	0.00860	0.01147	0.01294	0.01720
110	0.02617	0.02512	0.04292	0.06490	0.56246	0.02512	0.03245	0.03245	0.02407	0.03454	0.01989	0.02617	0.01675	0.00942	0.01047	0.00314	0.01256	0.00942	0.00523	0.01675
111	0.04744	0.01799	0.02454	0.01881	0.02699	0.01554	0.01554	0.05153	0.03026	0.56979	0.04171	0.03599	0.02617	0.01309	0.01063	0.00327	0.00900	0.01063	0.01309	0.01799
112	0.02618	0.18946	0.09749	0.04796	0.34032	0.02959	0.06005	0.03243	0.02328	0.03184	0.01852	0.02352	0.01555	0.00935	0.00958	0.00295	0.01285	0.00846	0.00498	0.01564
113	0.01392	0.01077	0.01269	0.01221	0.01516	0.00953	0.00915	0.01793	0.02746	0.03655	0.36677	0.08861	0.29353	0.02380	0.01248	0.00343	0.00514	0.02047	0.01087	0.00953
114	0.02749	0.39406	0.04302	0.01944	0.02728	0.03573	0.01756	0.04130	0.22673	0.03249	0.02584	0.02580	0.02093	0.01113	0.00835	0.00278	0.01015	0.00813	0.00698	0.01481
115	0.03517	0.02159	0.03530	0.09321	0.22366	0.02075	0.07080	0.04077	0.02670	0.27799	0.02988	0.03106	0.02073	0.01115	0.01074	0.00328	0.01158	0.01026	0.00878	0.01661
116	0.02255	0.04530	0.39013	0.03531	0.04917	0.02534	0.21315	0.03362	0.02327	0.03362	0.01984	0.02455	0.01434	0.00964	0.01092	0.00343	0.01642	0.00949	0.00478	0.01514
117	0.01453	0.01139	0.01328	0.01343	0.01614	0.01065	0.00982	0.02004	0.06937	0.03377	0.22793	0.21820	0.25114	0.02570	0.01259	0.00368	0.00569	0.02236	0.01046	0.00983
118	0.03647	0.06881	0.21060	0.02337	0.03412	0.02268	0.02422	0.11500	0.02998	0.28359	0.03009	0.02872	0.01994	0.01177	0.01020	0.00322	0.01174	0.00923	0.00933	0.01694
119	0.07193	0.08355	0.03177	0.10842	0.03655	0.02976	0.02012	0.29539	0.08601	0.09431	0.02578	0.02673	0.01863	0.01206	0.01001	0.00319	0.01126	0.00924	0.00912	0.01616
120	0.04655	0.01942	0.02542	0.01949	0.02770	0.01766	0.01610	0.11002	0.03265	0.50792	0.03970	0.03468	0.02517	0.01304	0.01063	0.00326	0.00932	0.01050	0.01278	0.01799
121	0.01352	0.01036	0.01256	0.01404	0.01617	0.00940	0.01048	0.01626	0.02254	0.02849	0.07705	0.32190	0.26023	0.02989	0.01331	0.00412	0.00651	0.11444	0.00980	0.00894
122	0.04488	0.01952	0.02517	0.01958	0.02759	0.01813	0.01608	0.09725	0.07751	0.47536	0.04027	0.03528	0.02593	0.01316	0.01064	0.00329	0.00919	0.01064	0.01264	0.01788
123	0.19077	0.02132	0.02500	0.02608	0.11569	0.02281	0.01760	0.08629	0.15320	0.12694	0.08148	0.03396	0.02909	0.01280	0.00984	0.00332	0.00910	0.01032	0.00925	0.01512
124	0.01320	0.00960	0.01253	0.01475	0.01580	0.00893	0.01026	0.01538	0.02096	0.02754	0.06273	0.52903	0.11566	0.03218	0.01349	0.00427	0.00637	0.06879	0.00981	0.00872
125	0.02320	0.21881	0.42702	0.02673	0.04049	0.02944	0.03313	0.03297	0.02209	0.03105	0.01776	0.02081	0.01344	0.00976	0.00912	0.00304	0.01440	0.00720	0.00448	0.01504
126	0.03444	0.02662	0.08667	0.03968	0.23321	0.02342	0.05555	0.11708	0.02995	0.20525	0.02752	0.02886	0.01950	0.01110	0.01062	0.00323	0.01192	0.00984	0.00845	0.01707
127	0.02812	0.04501	0.42884	0.02715	0.04081	0.02218	0.03286	0.03824	0.02442	0.17490	0.02497	0.02593	0.01676	0.01085	0.01020	0.00333	0.01388	0.00856	0.00674	0.01625
128	0.03051	0.02569	0.03639	0.15094	0.26133	0.02783	0.02701	0.22600	0.03360	0.04574	0.02184	0.02624	0.01673	0.01093	0.01053	0.00323	0.01249	0.00945	0.00723	0.01628
129	0.08186	0.02979	0.16598	0.03072	0.13537	0.02175	0.02484	0.08396	0.02794	0.25058	0.02845	0.02841	0.01939	0.01135	0.01016	0.00326	0.01153	0.00925	0.00872	0.01670
130	0.11429	0.02689	0.11758	0.02116	0.03009	0.02193	0.01980	0.16280	0.03234	0.25634	0.06664	0.03186	0.02540	0.01269	0.01018	0.00326	0.01041	0.00991	0.01015	0.01628
131	0.03238	0.01953	0.02356	0.02021	0.02608	0.01995	0.01665	0.20987	0.03495	0.17789	0.07662	0.10510	0.04036	0.01909	0.01193	0.00371	0.00959	0.12685	0.01101	0.01466
132	0.02191	0.01454	0.02265	0.02351	0.07393	0.01369	0.06230	0.02556	0.02305	0.12058	0.04643	0.30051	0.04905	0.06187	0.01531	0.00440	0.00913	0.09075	0.00929	0.01153
133	0.03626	0.02370	0.03548	0.03969	0.24214	0.02335	0.05351	0.13495	0.03126	0.22816	0.02868	0.02960	0.02024	0.01131	0.01067	0.00322	0.01145	0.01005	0.00902	0.01727
134	0.08195	0.08827	0.04175	0.02966	0.03801	0.06781	0.19931	0.11154	0.15651	0.04083	0.02580	0.02808	0.01957	0.01103	0.01054	0.00330	0.01326	0.01031	0.00747	0.01499
135	0.01363	0.00978	0.01294	0.01421	0.01550	0.00909	0.00987	0.01660	0.02372	0.03252	0.23725	0.42678	0.08064	0.02899	0.01313	0.00395	0.00572	0.02613	0.01047	0.00909
136	0.02640	0.48127	0.19255	0.02128	0.03207	0.03726	0.02364	0.03214	0.02171	0.02715	0.01583	0.01838	0.01352	0.00931	0.00765	0.00255	0.01245	0.00623	0.00451	0.01411
137	0.04194	0.02186	0.02633	0.02073	0.02861	0.02192	0.01695	0.17801	0.12231	0.34781	0.03762	0.03377	0.02504	0.01320	0.01064	0.00330	0.00959	0.01056	0.01203	0.01778
138	0.02435	0.02680	0.05680	0.04399	0.09335	0.02532	0.43943	0.03269	0.02483	0.03373	0.02433	0.03636	0.02006	0.01075	0.01250	0.00365	0.01668	0.05459	0.00573	0.01406
139	0.09121	0.01526	0.01854	0.01577	0.02066	0.01475	0.01246	0.07413	0.03063	0.18256	0.32387	0.05714	0.06492	0.01748	0.01126	0.00329	0.00693	0.01478	0.01144	0.01292
140	0.02631	0.32564	0.13175	0.03074	0.12343	0.03341	0.07186	0.03460	0.07160	0.03054	0.01955	0.02258	0.01608	0.00975	0.00883	0.00283	0.01254	0.00787	0.00530	0.01479
141	0.02874	0.02815	0.12822	0.10365	0.32487	0.02305	0.03006	0.03570	0.02466	0.13507	0.02376	0.02758	0.01770	0.01034	0.01044	0.00324	0.01256	0.00938	0.00654	0.01630
142	0.01266	0.01008	0.01136	0.01238	0.01472	0.00878	0.00878	0.01499	0.02249	0.02791	0.08674	0.31858	0.35450	0.02943	0.01291	0.00387	0.00568	0.02554	0.00982	0.00878
143	0.04228	0.02626	0.02965	0.02273	0.03111	0.02781	0.01878	0.38986	0.04410	0.21192	0.03010	0.02845	0.02035	0.01281	0.01059	0.00320	0.01087	0.00984	0.01130	0.01798
144	0.03758	0.24005	0.03553	0.01893	0.02711	0.02649	0.01662	0.04505	0.09935	0.30021	0.03220	0.02965	0.02251	0.01181	0.00927	0.00295	0.00974	0.00903	0.00968	0.01623
145	0.02430	0.18903	0.26173	0.03233	0.04456	0.02962	0.20795	0.03317	0.02306	0.03149	0.01878	0.02322	0.01439	0.00939	0.01011	0.00316	0.01535	0.00895	0.00480	0.01463
146	0.01371	0.01076	0.01240	0.01199	0.01503	0.00944	0.00899	0.01753	0.02697	0.03538	0.32862	0.09054	0.33241	0.02424	0.01248	0.00345	0.00517	0.02074	0.01072	0.00944
147	0.01298	0.00975	0.01204	0.01353	0.01510	0.00881	0.00936	0.01534	0.02218	0.02887	0.11865	0.43278	0.20152	0.03035	0.01313	0.00401	0.00582	0.02697	0.00999	0.00881
148	0.13024	0.02282	0.03615	0.09249	0.28808	0.02306	0.07214	0.03562	0.02421	0.13983	0.02341	0.02714	0.01750	0.01024	0.01011	0.00326	0.01184	0.00939	0.00692	0.01554
149	0.02219	0.02106	0.03573	0.40986	0.24857	0.02408	0.03047	0.02896	0.02219	0.02972	0.01919	0.02746	0.01505	0.01016	0.01053	0.00339	0.01354	0.00941	0.00489	0.01354
150	0.01496	0.01081	0.01413	0.01330	0.01580	0.00998	0.00998	0.01995	0.02993	0.04240	0.55689	0.07898	0.09976	0.02162	0.01247	0.00333	0.00499	0.01912	0.01164	0.00998
151	0.01363	0.00978	0.01294	0.01421	0.01550	0.00909	0.00987	0.01660	0.02372	0.03252	0.23725	0.42678	0.08064	0.02899	0.01313	0.00395	0.00572	0.02613	0.01047	0.00909
152	0.02346	0.02931	0.16885	0.02031	0.03127	0.01863	0.02026	0.07565	0.02465	0.03723	0.01946	0.02236	0.01528	0.00887	0.00868	0.00219	0.01025	0.00698	0.00619	0.45012
153	0.02029	0.03719	0.33498	0.02369	0.03410	0.01990	0.02730	0.06309	0.02696	0.03900	0.21250	0.04287	0.04472	0.01438	0.01095	0.00333	0.01153	0.01199	0.00747	0.01376

[dist]
# distance from previous block
# <min> <max>
0	2401

# created by:
# /st0/software/busco_prod/Augustus/scripts/msa2prfl.pl ./align_prep/11870.fa
