[name]
unknown

[dist]
# distance from previous block
# <min> <max>
0	70

[block]
# block no. 0 follows, 12 sequences, length 82
# corresponding to MSA columns:
# 75-156
name=unknown_A
#
# <colnr> <probs for GDERKNQSTAVLIFYWHMCP>
#	G	D	E	R	K	N	Q	S	T	A	V	L	I	F	Y	W	H	M	C	P
0	0.02712	0.02342	0.02465	0.02219	0.02835	0.02712	0.01726	0.05794	0.52909	0.04561	0.04438	0.04068	0.03328	0.01479	0.01109	0.00370	0.00863	0.01233	0.01109	0.01726
1	0.02712	0.02342	0.02465	0.02219	0.02835	0.02712	0.01726	0.05794	0.52909	0.04561	0.04438	0.04068	0.03328	0.01479	0.01109	0.00370	0.00863	0.01233	0.01109	0.01726
2	0.02117	0.01997	0.03375	0.54326	0.11792	0.02438	0.03057	0.02837	0.02208	0.02856	0.01948	0.02888	0.01478	0.01079	0.01089	0.00360	0.01439	0.00969	0.00489	0.01258
3	0.02178	0.02060	0.03486	0.49297	0.16341	0.02454	0.03087	0.02890	0.02237	0.02931	0.01959	0.02868	0.01504	0.01068	0.01088	0.00356	0.01424	0.00969	0.00495	0.01307
4	0.02187	0.05640	0.56031	0.03108	0.04719	0.02532	0.04029	0.03453	0.02302	0.03453	0.01957	0.02302	0.01381	0.01036	0.01036	0.00345	0.01611	0.00806	0.00460	0.01611
5	0.04892	0.01856	0.02530	0.01940	0.02783	0.01603	0.01603	0.05314	0.03121	0.55634	0.04302	0.03711	0.02699	0.01350	0.01096	0.00337	0.00928	0.01096	0.01350	0.01856
6	0.01325	0.00962	0.01252	0.01483	0.01572	0.00889	0.00997	0.01522	0.02121	0.02797	0.06434	0.56720	0.11187	0.03361	0.01383	0.00437	0.00626	0.03032	0.01012	0.00889
7	0.04232	0.02596	0.03032	0.02353	0.03136	0.02788	0.01945	0.31570	0.04145	0.22650	0.03068	0.02959	0.02096	0.01377	0.01320	0.00344	0.06458	0.01017	0.01120	0.01794
8	0.01328	0.00949	0.01265	0.01518	0.01581	0.00886	0.01012	0.01518	0.02088	0.02783	0.06010	0.60969	0.07212	0.03416	0.01392	0.00443	0.00633	0.03100	0.01012	0.00886
9	0.01558	0.01168	0.01752	0.01752	0.01947	0.01363	0.01363	0.01947	0.01752	0.02531	0.02921	0.04283	0.02726	0.08178	0.57360	0.01752	0.02921	0.01168	0.00584	0.00974
10	0.02059	0.01938	0.03270	0.59060	0.07510	0.02422	0.03028	0.02786	0.02180	0.02786	0.01938	0.02907	0.01453	0.01090	0.01090	0.00363	0.01453	0.00969	0.00484	0.01211
11	0.03265	0.14051	0.28529	0.02483	0.03707	0.02511	0.02802	0.04076	0.02576	0.21689	0.02707	0.02704	0.01849	0.01129	0.00999	0.00323	0.01294	0.00870	0.00775	0.01661
12	0.01398	0.01109	0.01257	0.01220	0.01540	0.00967	0.00915	0.01777	0.02744	0.03560	0.29680	0.09482	0.35419	0.02532	0.01288	0.00357	0.00536	0.02159	0.01093	0.00967
13	0.01672	0.01067	0.01497	0.06654	0.02022	0.01064	0.01129	0.01594	0.01834	0.02366	0.04505	0.17230	0.12812	0.03268	0.02789	0.34564	0.00851	0.01672	0.00693	0.00714
14	0.02059	0.01938	0.03270	0.59060	0.07510	0.02422	0.03028	0.02786	0.02180	0.02786	0.01938	0.02907	0.01453	0.01090	0.01090	0.00363	0.01453	0.00969	0.00484	0.01211
15	0.02804	0.01499	0.02032	0.01804	0.02275	0.01520	0.01434	0.03411	0.06393	0.21441	0.04175	0.04558	0.06876	0.04804	0.28566	0.01033	0.01865	0.01238	0.00930	0.01340
16	0.03899	0.02932	0.03134	0.02459	0.03288	0.03266	0.02013	0.43444	0.13326	0.06475	0.02930	0.02867	0.02107	0.01338	0.01094	0.00335	0.01142	0.01025	0.01094	0.01832
17	0.03200	0.02629	0.02351	0.07320	0.02928	0.18763	0.01629	0.03554	0.02762	0.15820	0.12447	0.04489	0.03806	0.11433	0.01835	0.00443	0.01244	0.01207	0.00882	0.01259
18	0.01351	0.00958	0.01259	0.01490	0.01547	0.00900	0.00982	0.01524	0.02044	0.02725	0.05787	0.56304	0.06930	0.08465	0.01752	0.00496	0.00669	0.02968	0.00982	0.00866
19	0.01586	0.01057	0.01189	0.01189	0.01189	0.01057	0.00661	0.01586	0.01586	0.02114	0.03436	0.07135	0.03964	0.61681	0.05550	0.01057	0.01057	0.01586	0.00661	0.00661
20	0.02004	0.10933	0.02204	0.01507	0.01901	0.01586	0.01205	0.02457	0.02866	0.07921	0.37937	0.11227	0.08022	0.02054	0.01187	0.00333	0.00660	0.01777	0.01079	0.01140
21	0.01894	0.00947	0.01420	0.01420	0.01420	0.00947	0.00947	0.01420	0.01420	0.01894	0.01894	0.03314	0.01894	0.03788	0.04261	0.68277	0.00947	0.00947	0.00473	0.00473
22	0.02593	0.02344	0.03466	0.16761	0.22504	0.02517	0.02620	0.07730	0.06463	0.03692	0.02193	0.02748	0.01758	0.01122	0.01252	0.00324	0.06126	0.00939	0.00634	0.12213
23	0.03107	0.52853	0.05278	0.02022	0.02893	0.13109	0.01906	0.03446	0.02361	0.02582	0.01544	0.01785	0.01400	0.00964	0.00747	0.00241	0.01299	0.00603	0.00482	0.01377
24	0.02567	0.14531	0.34406	0.03074	0.04417	0.02954	0.10901	0.08196	0.02612	0.03650	0.01988	0.02341	0.01475	0.01027	0.01024	0.00328	0.01531	0.00862	0.00539	0.01577
25	0.02615	0.02611	0.03928	0.19924	0.34153	0.06990	0.03088	0.03222	0.02388	0.03212	0.01943	0.02670	0.01606	0.01088	0.01270	0.00343	0.05967	0.00948	0.00522	0.01512
26	0.69383	0.02109	0.01603	0.01434	0.02109	0.02446	0.01181	0.03205	0.01856	0.04892	0.01518	0.01771	0.01181	0.01012	0.00675	0.00337	0.00843	0.00590	0.00675	0.01181
27	0.02331	0.02514	0.11799	0.33549	0.05603	0.02328	0.02814	0.03050	0.02320	0.07967	0.06900	0.03309	0.02364	0.01291	0.01348	0.00367	0.07155	0.01044	0.00626	0.01319
28	0.01794	0.07160	0.06410	0.01963	0.02433	0.01586	0.05735	0.02252	0.02387	0.03262	0.13234	0.27745	0.05793	0.02345	0.01240	0.00376	0.00886	0.06215	0.00886	0.06299
29	0.01868	0.00956	0.01401	0.01401	0.01401	0.00956	0.00923	0.01434	0.01434	0.01912	0.02024	0.03636	0.02068	0.08661	0.04370	0.62618	0.00956	0.01001	0.00489	0.00489
30	0.02181	0.02062	0.03490	0.49101	0.16518	0.02454	0.03089	0.02892	0.02238	0.02933	0.01959	0.02867	0.01506	0.01068	0.01088	0.00356	0.01423	0.00969	0.00495	0.01309
31	0.02897	0.56913	0.05420	0.01898	0.02802	0.04170	0.01853	0.03494	0.06799	0.02746	0.01780	0.01959	0.01574	0.00982	0.00737	0.00246	0.01139	0.00642	0.00525	0.01429
32	0.01748	0.01280	0.01583	0.01471	0.01777	0.01228	0.01110	0.06571	0.03141	0.04355	0.41835	0.12581	0.12558	0.02291	0.01278	0.00352	0.00592	0.02006	0.01159	0.01085
33	0.01299	0.01065	0.01145	0.01208	0.01500	0.00912	0.00875	0.01553	0.02385	0.02905	0.09781	0.23168	0.42578	0.02926	0.01315	0.00387	0.00572	0.02502	0.01012	0.00912
34	0.02059	0.01938	0.03270	0.59060	0.07510	0.02422	0.03028	0.02786	0.02180	0.02786	0.01938	0.02907	0.01453	0.01090	0.01090	0.00363	0.01453	0.00969	0.00484	0.01211
35	0.02898	0.13485	0.30535	0.02638	0.03875	0.02874	0.02970	0.11238	0.07063	0.08712	0.02414	0.02542	0.01742	0.01128	0.01004	0.00326	0.01352	0.00861	0.00696	0.01648
36	0.04138	0.03250	0.03256	0.02536	0.03380	0.08313	0.02076	0.46955	0.04940	0.06487	0.02533	0.02558	0.01813	0.01292	0.01081	0.00323	0.01270	0.00956	0.01042	0.01800
37	0.04892	0.01856	0.02530	0.01940	0.02783	0.01603	0.01603	0.05314	0.03121	0.55634	0.04302	0.03711	0.02699	0.01350	0.01096	0.00337	0.00928	0.01096	0.01350	0.01856
38	0.02059	0.01938	0.03270	0.59060	0.07510	0.02422	0.03028	0.02786	0.02180	0.02786	0.01938	0.02907	0.01453	0.01090	0.01090	0.00363	0.01453	0.00969	0.00484	0.01211
39	0.02802	0.02871	0.09090	0.05516	0.34907	0.02546	0.14460	0.03547	0.02540	0.07710	0.02260	0.02803	0.01759	0.00995	0.01126	0.00337	0.01420	0.01042	0.00601	0.01667
40	0.02187	0.05640	0.56031	0.03108	0.04719	0.02532	0.04029	0.03453	0.02302	0.03453	0.01957	0.02302	0.01381	0.01036	0.01036	0.00345	0.01611	0.00806	0.00460	0.01611
41	0.01563	0.01059	0.01247	0.01266	0.01289	0.01072	0.00752	0.01613	0.01640	0.02205	0.03590	0.11093	0.04105	0.52222	0.09962	0.01073	0.01194	0.01666	0.00681	0.00707
42	0.02187	0.05640	0.56031	0.03108	0.04719	0.02532	0.04029	0.03453	0.02302	0.03453	0.01957	0.02302	0.01381	0.01036	0.01036	0.00345	0.01611	0.00806	0.00460	0.01611
43	0.04327	0.01879	0.02802	0.02165	0.02962	0.01651	0.06468	0.04777	0.02970	0.45490	0.04252	0.08989	0.03017	0.01500	0.01143	0.00350	0.00991	0.01303	0.01238	0.01726
44	0.22745	0.01926	0.02274	0.01800	0.02597	0.01836	0.01486	0.04730	0.02771	0.41587	0.03531	0.03174	0.02279	0.01256	0.00980	0.00337	0.00904	0.00956	0.01163	0.01669
45	0.02123	0.02003	0.03386	0.53835	0.12236	0.02439	0.03060	0.02842	0.02210	0.02863	0.01949	0.02886	0.01481	0.01078	0.01089	0.00359	0.01438	0.00969	0.00490	0.01263
46	0.02056	0.01814	0.02569	0.11560	0.03101	0.02352	0.01937	0.02379	0.01801	0.02670	0.02221	0.03644	0.02138	0.12281	0.10959	0.00717	0.27770	0.01094	0.05871	0.01064
47	0.02223	0.05388	0.51393	0.03247	0.04811	0.02553	0.08413	0.03457	0.02327	0.03457	0.01980	0.02362	0.01407	0.01025	0.01059	0.00347	0.01633	0.00851	0.00469	0.01598
48	0.02552	0.11868	0.03210	0.12949	0.07530	0.07479	0.01995	0.03534	0.11712	0.03424	0.06480	0.03107	0.02545	0.01158	0.00973	0.00286	0.01114	0.00939	0.00701	0.16444
49	0.02847	0.57035	0.10419	0.01982	0.02978	0.04148	0.02068	0.03283	0.02224	0.02648	0.01557	0.01801	0.01398	0.00942	0.00731	0.00244	0.01208	0.00604	0.00466	0.01419
50	0.02261	0.01938	0.02261	0.01615	0.02584	0.01453	0.01292	0.02745	0.02261	0.03553	0.01938	0.02261	0.01615	0.00807	0.00807	0.00161	0.00807	0.00646	0.00646	0.68346
51	0.02187	0.05640	0.56031	0.03108	0.04719	0.02532	0.04029	0.03453	0.02302	0.03453	0.01957	0.02302	0.01381	0.01036	0.01036	0.00345	0.01611	0.00806	0.00460	0.01611
52	0.01484	0.01134	0.01393	0.01512	0.01781	0.01043	0.01203	0.01848	0.02488	0.03166	0.12448	0.18776	0.25977	0.02902	0.01381	0.00425	0.00720	0.18337	0.01027	0.00955
53	0.01403	0.01096	0.01272	0.01255	0.01550	0.00965	0.00931	0.01777	0.02717	0.03557	0.29581	0.13511	0.31323	0.02581	0.01296	0.00363	0.00542	0.02221	0.01095	0.00965
54	0.03849	0.04546	0.02999	0.02686	0.03281	0.43847	0.02040	0.08272	0.11673	0.03318	0.02224	0.02373	0.01765	0.01198	0.01013	0.00300	0.01720	0.00814	0.00696	0.01388
55	0.02369	0.02254	0.03831	0.33671	0.30476	0.02504	0.03182	0.03058	0.02327	0.03162	0.01993	0.02806	0.01586	0.01033	0.01085	0.00344	0.01377	0.00970	0.00511	0.01461
56	0.01399	0.00999	0.01346	0.01599	0.01693	0.00947	0.01135	0.01640	0.02157	0.02863	0.05971	0.52938	0.07057	0.03349	0.01411	0.00453	0.00694	0.10433	0.01011	0.00905
57	0.01312	0.01014	0.01198	0.01346	0.01536	0.00900	0.00936	0.01538	0.02253	0.02851	0.08104	0.39980	0.26849	0.03144	0.01349	0.00412	0.00599	0.02768	0.01012	0.00900
58	0.01383	0.01050	0.01275	0.01342	0.01562	0.00942	0.00959	0.01702	0.02526	0.03333	0.22746	0.28450	0.23102	0.02837	0.01326	0.00388	0.00570	0.02494	0.01071	0.00942
59	0.02586	0.02123	0.02324	0.02094	0.02647	0.02384	0.01652	0.09426	0.35820	0.04649	0.12334	0.05287	0.04548	0.01715	0.01170	0.00373	0.00853	0.05338	0.01113	0.01565
60	0.69383	0.02109	0.01603	0.01434	0.02109	0.02446	0.01181	0.03205	0.01856	0.04892	0.01518	0.01771	0.01181	0.01012	0.00675	0.00337	0.00843	0.00590	0.00675	0.01181
61	0.02059	0.01938	0.03270	0.59060	0.07510	0.02422	0.03028	0.02786	0.02180	0.02786	0.01938	0.02907	0.01453	0.01090	0.01090	0.00363	0.01453	0.00969	0.00484	0.01211
62	0.02842	0.56680	0.10734	0.01990	0.02990	0.04137	0.02081	0.03284	0.02224	0.02654	0.01560	0.01804	0.01397	0.00943	0.00733	0.00244	0.01210	0.00605	0.00466	0.01420
63	0.03429	0.01475	0.01920	0.01615	0.02163	0.01376	0.01295	0.03873	0.02628	0.30415	0.03835	0.03919	0.02734	0.02458	0.10329	0.00546	0.01125	0.01083	0.22340	0.01442
64	0.01525	0.01098	0.01449	0.01447	0.01671	0.01023	0.01084	0.01984	0.02875	0.04020	0.42429	0.17243	0.09458	0.02488	0.01321	0.00372	0.00573	0.05782	0.01153	0.01003
65	0.02647	0.23733	0.05403	0.03198	0.03964	0.03452	0.21445	0.03194	0.02220	0.02948	0.01768	0.02382	0.01508	0.01172	0.01655	0.00348	0.16127	0.00955	0.00503	0.01376
66	0.02288	0.02304	0.04353	0.26199	0.14126	0.02425	0.19116	0.03045	0.02454	0.03312	0.07272	0.03407	0.02448	0.01126	0.01175	0.00356	0.01464	0.01177	0.00588	0.01366
67	0.03187	0.01862	0.02235	0.01908	0.02514	0.01898	0.01507	0.04686	0.22852	0.22512	0.16912	0.04966	0.04854	0.01622	0.01149	0.00352	0.00798	0.01370	0.01217	0.01597
68	0.02110	0.01251	0.01685	0.01636	0.01966	0.01163	0.01301	0.02574	0.02848	0.12121	0.29362	0.13747	0.07766	0.02403	0.01321	0.00392	0.00715	0.13344	0.01156	0.01140
69	0.02582	0.20708	0.33337	0.02880	0.04171	0.07781	0.07516	0.03484	0.02371	0.03148	0.01836	0.02181	0.01413	0.01005	0.00963	0.00311	0.01542	0.00780	0.00479	0.01511
70	0.03093	0.02583	0.04125	0.13692	0.22886	0.02689	0.10392	0.14548	0.03114	0.08573	0.02378	0.02838	0.01781	0.01093	0.01118	0.00339	0.01355	0.01034	0.00728	0.01641
71	0.01599	0.01072	0.01233	0.01253	0.01272	0.01072	0.00746	0.01638	0.01657	0.02203	0.03617	0.07535	0.04143	0.57136	0.05236	0.01014	0.01053	0.05145	0.00687	0.00687
72	0.02425	0.01389	0.01922	0.01896	0.02188	0.01402	0.01522	0.02719	0.02368	0.14725	0.04754	0.20640	0.04864	0.02709	0.01825	0.06646	0.06195	0.17690	0.00987	0.01135
73	0.03408	0.08200	0.13181	0.08213	0.12536	0.02350	0.02518	0.04249	0.06453	0.23466	0.03020	0.03050	0.02102	0.01174	0.01047	0.00332	0.01183	0.00973	0.00867	0.01678
74	0.02434	0.02368	0.04170	0.27138	0.31289	0.02541	0.07967	0.03140	0.02372	0.03249	0.02022	0.02805	0.01612	0.01013	0.01104	0.00344	0.01412	0.01002	0.00519	0.01498
75	0.02695	0.01919	0.03104	0.46231	0.06448	0.02238	0.02708	0.03354	0.02391	0.14656	0.02469	0.03088	0.01733	0.01148	0.01092	0.00358	0.01335	0.00998	0.00679	0.01356
76	0.02664	0.03223	0.09723	0.09105	0.16591	0.07662	0.27899	0.03479	0.02546	0.03373	0.02081	0.02739	0.01608	0.00973	0.01175	0.00348	0.01678	0.01096	0.00537	0.01501
77	0.03081	0.08101	0.04611	0.12103	0.13820	0.02666	0.18332	0.07272	0.02756	0.12802	0.02476	0.02893	0.01814	0.01061	0.01117	0.00338	0.01412	0.01061	0.00714	0.01569
78	0.01369	0.01074	0.01251	0.01372	0.01621	0.00956	0.01022	0.01648	0.02355	0.02936	0.08606	0.27675	0.31740	0.03017	0.01354	0.00412	0.00644	0.09015	0.01011	0.00921
79	0.02151	0.01851	0.06577	0.01905	0.02492	0.01482	0.05726	0.02820	0.06445	0.10720	0.07111	0.11875	0.25473	0.02232	0.01256	0.00381	0.00882	0.06409	0.00981	0.01228
80	0.03405	0.18945	0.12297	0.07378	0.03824	0.07855	0.06736	0.04000	0.02616	0.18992	0.02550	0.02664	0.01821	0.01106	0.00988	0.00311	0.01325	0.00884	0.00753	0.01549
81	0.12906	0.18983	0.30064	0.02430	0.03656	0.02880	0.02823	0.03542	0.02289	0.08330	0.01998	0.02214	0.01478	0.01036	0.00902	0.00315	0.01318	0.00744	0.00578	0.01515

[dist]
# distance from previous block
# <min> <max>
0	43

# created by:
# /st0/software/busco_prod/Augustus/scripts/msa2prfl.pl ./align_prep/11894.fa
