[name]
unknown

[dist]
# distance from previous block
# <min> <max>
1	650

[block]
# block no. 0 follows, 15 sequences, length 30
# corresponding to MSA columns:
# 880-909
name=unknown_A
#
# <colnr> <probs for GDERKNQSTAVLIFYWHMCP>
#	G	D	E	R	K	N	Q	S	T	A	V	L	I	F	Y	W	H	M	C	P
0	0.03046	0.01811	0.05719	0.08865	0.02929	0.01611	0.01654	0.03821	0.10024	0.29398	0.07425	0.12738	0.03425	0.01544	0.01052	0.00331	0.00869	0.01319	0.01005	0.01413
1	0.02822	0.01791	0.02543	0.08897	0.06758	0.01726	0.04966	0.07395	0.05506	0.20160	0.09710	0.07670	0.03179	0.01321	0.01014	0.00297	0.00912	0.01157	0.00892	0.11283
2	0.08879	0.01726	0.01967	0.01472	0.02274	0.01392	0.01172	0.02616	0.02067	0.06546	0.02090	0.05971	0.01813	0.00933	0.00775	0.00188	0.00738	0.00749	0.00651	0.55982
3	0.01571	0.01127	0.01669	0.01627	0.01745	0.01329	0.01245	0.01724	0.01522	0.02183	0.02314	0.03537	0.02196	0.05964	0.41776	0.18117	0.08054	0.01001	0.00500	0.00800
4	0.02393	0.08045	0.02513	0.01851	0.02450	0.05789	0.04719	0.08993	0.06311	0.07200	0.03836	0.13075	0.09205	0.01587	0.01003	0.00294	0.00912	0.04191	0.00794	0.14843
5	0.60553	0.01912	0.01584	0.01429	0.02021	0.02190	0.01186	0.06451	0.01959	0.04454	0.01831	0.02598	0.01570	0.01120	0.00716	0.00322	0.00808	0.05517	0.00672	0.01106
6	0.01722	0.01109	0.01570	0.01518	0.01719	0.01213	0.01142	0.02012	0.01693	0.07734	0.02883	0.04374	0.02710	0.18079	0.44342	0.01354	0.02163	0.01136	0.00615	0.00912
7	0.01934	0.02138	0.08526	0.52949	0.10183	0.02235	0.02876	0.02641	0.02023	0.02654	0.01781	0.02592	0.01340	0.00984	0.00991	0.00328	0.01333	0.00872	0.00444	0.01175
8	0.21359	0.01676	0.01817	0.01556	0.02095	0.01745	0.01242	0.06481	0.09981	0.17049	0.19807	0.04144	0.04253	0.01411	0.00953	0.00313	0.00718	0.01134	0.00983	0.01283
9	0.02665	0.65565	0.05224	0.01706	0.02559	0.03945	0.01706	0.02985	0.02026	0.02345	0.01386	0.01599	0.01279	0.00853	0.00640	0.00213	0.01066	0.00533	0.00426	0.01279
10	0.01454	0.00960	0.01213	0.01307	0.01482	0.00877	0.00920	0.01713	0.02166	0.05954	0.14230	0.40721	0.14058	0.02652	0.01196	0.00366	0.00559	0.02359	0.04922	0.00890
11	0.01283	0.00968	0.01186	0.01229	0.01435	0.00871	0.00885	0.01597	0.02374	0.03165	0.27795	0.26379	0.22155	0.02524	0.01208	0.00349	0.00515	0.02219	0.00994	0.00871
12	0.04013	0.02019	0.02437	0.01886	0.02622	0.01994	0.01552	0.22476	0.03436	0.36020	0.03333	0.03068	0.02203	0.01215	0.00975	0.00299	0.00904	0.00959	0.06960	0.01632
13	0.01717	0.01219	0.01496	0.01332	0.01708	0.01107	0.01019	0.02307	0.06282	0.07221	0.38759	0.06622	0.13951	0.01860	0.01106	0.00299	0.00549	0.01612	0.01022	0.08813
14	0.01258	0.00923	0.01181	0.01307	0.01444	0.00846	0.00908	0.01513	0.02177	0.02917	0.18904	0.43462	0.13923	0.02783	0.01237	0.00374	0.00543	0.02490	0.00967	0.00846
15	0.12993	0.01971	0.02356	0.01831	0.02588	0.01928	0.01512	0.15926	0.03115	0.40484	0.03262	0.02942	0.02117	0.01186	0.00952	0.00306	0.00894	0.00920	0.01102	0.01617
16	0.03611	0.04563	0.02842	0.02572	0.03048	0.56723	0.01945	0.03865	0.02730	0.02437	0.01524	0.01826	0.01286	0.01080	0.01073	0.00270	0.06289	0.00659	0.00508	0.01151
17	0.22405	0.01699	0.01978	0.01584	0.02272	0.01631	0.01302	0.04144	0.02483	0.40347	0.03197	0.02942	0.02102	0.01145	0.00875	0.00303	0.00798	0.00873	0.06451	0.01471
18	0.03191	0.01684	0.02054	0.01752	0.02312	0.01673	0.01417	0.10889	0.10451	0.26642	0.03939	0.09325	0.03163	0.01564	0.01031	0.00327	0.00812	0.06824	0.09524	0.01426
19	0.01598	0.01243	0.01610	0.01518	0.01556	0.01464	0.01072	0.01719	0.01498	0.02112	0.02656	0.05056	0.02897	0.39433	0.16633	0.00991	0.14375	0.01247	0.00554	0.00767
20	0.26764	0.02438	0.02616	0.22331	0.04085	0.12942	0.06023	0.03124	0.02119	0.06479	0.01738	0.02184	0.01313	0.00979	0.00861	0.00309	0.01221	0.00750	0.00566	0.01158
21	0.01883	0.01772	0.02990	0.62569	0.06866	0.02215	0.02769	0.02547	0.01993	0.02547	0.01772	0.02658	0.01329	0.00997	0.00997	0.00332	0.01329	0.00886	0.00443	0.01107
22	0.02345	0.01762	0.02255	0.11864	0.03149	0.01496	0.01487	0.02818	0.02156	0.10345	0.02049	0.02338	0.01579	0.00846	0.00816	0.00200	0.00852	0.00694	0.00648	0.50302
23	0.06515	0.02350	0.03014	0.15982	0.07333	0.10664	0.09517	0.06382	0.05345	0.11404	0.02657	0.09656	0.02231	0.01276	0.01020	0.00321	0.01210	0.01126	0.00708	0.01288
24	0.01668	0.01076	0.01415	0.01298	0.01578	0.00985	0.00985	0.02131	0.02825	0.08648	0.53667	0.07107	0.08824	0.01971	0.01161	0.00313	0.00502	0.01736	0.01109	0.01004
25	0.02654	0.01791	0.03070	0.02342	0.02989	0.01691	0.19847	0.03356	0.05301	0.16729	0.06180	0.03497	0.02591	0.01127	0.00980	0.00297	0.00995	0.01093	0.22181	0.01290
26	0.07006	0.14078	0.06732	0.11757	0.03308	0.10054	0.01889	0.11952	0.02598	0.06668	0.02497	0.12412	0.02293	0.01366	0.00938	0.00303	0.01125	0.01088	0.00681	0.01255
27	0.02858	0.15085	0.17754	0.02339	0.03220	0.02357	0.08056	0.03448	0.02279	0.19507	0.02588	0.06768	0.02022	0.01214	0.01132	0.00311	0.05963	0.00980	0.00707	0.01411
28	0.01577	0.01031	0.01316	0.01299	0.01544	0.00932	0.00953	0.01923	0.02482	0.08038	0.31410	0.23603	0.15411	0.02353	0.01189	0.00343	0.00538	0.02074	0.01034	0.00952
29	0.02306	0.01296	0.01897	0.05693	0.02325	0.01217	0.04395	0.02681	0.02375	0.18703	0.13771	0.25823	0.05040	0.02008	0.01120	0.00342	0.00742	0.01797	0.05330	0.01138

[dist]
# distance from previous block
# <min> <max>
0	2

[block]
# block no. 1 follows, 15 sequences, length 17
# corresponding to MSA columns:
# 912-928
name=unknown_B
#
# <colnr> <probs for GDERKNQSTAVLIFYWHMCP>
#	G	D	E	R	K	N	Q	S	T	A	V	L	I	F	Y	W	H	M	C	P
0	0.07388	0.02676	0.10885	0.06358	0.13401	0.05845	0.07597	0.09655	0.02568	0.13976	0.02378	0.02874	0.01824	0.06636	0.01335	0.00365	0.01202	0.00930	0.00700	0.01406
1	0.11946	0.01422	0.01588	0.01536	0.01871	0.01442	0.01132	0.10733	0.02356	0.03509	0.04057	0.39452	0.04530	0.02275	0.01085	0.00351	0.00707	0.01982	0.00863	0.07164
2	0.72007	0.01928	0.01465	0.01311	0.01928	0.02236	0.01080	0.02930	0.01697	0.04473	0.01388	0.01619	0.01080	0.00925	0.00617	0.00308	0.00771	0.00540	0.00617	0.01080
3	0.59697	0.01982	0.01679	0.01441	0.02088	0.02239	0.01187	0.07719	0.02067	0.09776	0.01715	0.01853	0.01264	0.00978	0.00686	0.00308	0.00807	0.00615	0.00708	0.01191
4	0.01647	0.01035	0.01350	0.01323	0.01535	0.00956	0.00951	0.01979	0.02431	0.08571	0.32847	0.22787	0.07384	0.08697	0.01585	0.00405	0.00586	0.01979	0.01012	0.00941
5	0.02571	0.03460	0.31209	0.02231	0.03387	0.01856	0.02505	0.03361	0.02262	0.15761	0.02264	0.02382	0.01590	0.00954	0.00903	0.00268	0.01133	0.00756	0.00649	0.20497
6	0.01246	0.00934	0.01162	0.01313	0.01467	0.00850	0.00931	0.01479	0.02089	0.02709	0.10109	0.42733	0.20080	0.02872	0.01249	0.00385	0.00576	0.06045	0.00936	0.00834
7	0.01332	0.00981	0.01253	0.01306	0.01501	0.00902	0.00962	0.01677	0.02417	0.03276	0.30633	0.25622	0.15461	0.02502	0.01222	0.00357	0.00544	0.06165	0.01005	0.00884
8	0.01215	0.00868	0.01157	0.01388	0.01446	0.00810	0.00925	0.01388	0.01909	0.02545	0.05495	0.64315	0.06593	0.03123	0.01272	0.00405	0.00578	0.02834	0.00925	0.00810
9	0.04140	0.02477	0.02613	0.02057	0.02803	0.09957	0.01673	0.21968	0.03474	0.33724	0.03089	0.02840	0.02047	0.01194	0.00987	0.00298	0.01060	0.00919	0.01057	0.01624
10	0.02681	0.02431	0.04348	0.03266	0.03923	0.02612	0.28006	0.08035	0.02381	0.09749	0.02061	0.02590	0.01579	0.01191	0.01770	0.00360	0.20023	0.01039	0.00614	0.01342
11	0.02300	0.01791	0.01871	0.01711	0.02179	0.02031	0.01323	0.04437	0.41085	0.04039	0.03825	0.03719	0.02902	0.01297	0.00923	0.00308	0.00695	0.01070	0.21105	0.01390
12	0.02268	0.02458	0.04350	0.22205	0.05203	0.06290	0.27261	0.02922	0.02146	0.02822	0.01803	0.02545	0.01409	0.01038	0.01417	0.00345	0.10819	0.01005	0.00475	0.01220
13	0.23816	0.01298	0.01386	0.01393	0.01713	0.01336	0.01030	0.02267	0.02011	0.09082	0.08242	0.33852	0.04662	0.02153	0.01031	0.00357	0.00658	0.01844	0.00874	0.00996
14	0.02456	0.46576	0.22380	0.02063	0.03111	0.03432	0.02327	0.03039	0.02050	0.02601	0.01513	0.01758	0.01274	0.00883	0.00736	0.00245	0.01194	0.00597	0.00425	0.01340
15	0.02460	0.24405	0.29790	0.08766	0.03827	0.02756	0.02705	0.03209	0.02143	0.08576	0.01873	0.02129	0.01399	0.00951	0.00856	0.00283	0.01259	0.00713	0.00508	0.01393
16	0.24975	0.02148	0.02328	0.05276	0.02685	0.05667	0.01630	0.07998	0.02324	0.19112	0.02191	0.02361	0.01590	0.01215	0.01349	0.00333	0.13944	0.00793	0.00767	0.01312

[dist]
# distance from previous block
# <min> <max>
0	10

[block]
# block no. 2 follows, 15 sequences, length 19
# corresponding to MSA columns:
# 939-957
name=unknown_C
#
# <colnr> <probs for GDERKNQSTAVLIFYWHMCP>
#	G	D	E	R	K	N	Q	S	T	A	V	L	I	F	Y	W	H	M	C	P
0	0.03010	0.07673	0.21737	0.02286	0.03263	0.02601	0.02345	0.26561	0.03306	0.08540	0.02303	0.02422	0.01649	0.01090	0.00932	0.00294	0.01150	0.00829	0.06480	0.01530
1	0.02550	0.11417	0.02585	0.01560	0.02422	0.01747	0.01307	0.02965	0.02189	0.12284	0.02066	0.02213	0.01609	0.00837	0.00766	0.00184	0.00806	0.00649	0.00671	0.49173
2	0.01359	0.00972	0.01307	0.01407	0.01519	0.00981	0.01003	0.01606	0.01906	0.02606	0.11028	0.29158	0.05425	0.14348	0.15779	0.00770	0.01143	0.06060	0.00802	0.00819
3	0.02921	0.01310	0.01771	0.01577	0.02019	0.01160	0.01207	0.03228	0.02473	0.32174	0.08968	0.28094	0.04682	0.02055	0.01125	0.00347	0.00710	0.01800	0.01099	0.01280
4	0.01883	0.01772	0.02990	0.62569	0.06866	0.02215	0.02769	0.02547	0.01993	0.02547	0.01772	0.02658	0.01329	0.00997	0.00997	0.00332	0.01329	0.00886	0.00443	0.01107
5	0.01999	0.05157	0.59800	0.02841	0.04315	0.02315	0.03683	0.03157	0.02105	0.03157	0.01789	0.02105	0.01263	0.00947	0.00947	0.00316	0.01473	0.00737	0.00421	0.01473
6	0.01732	0.00866	0.01299	0.01299	0.01299	0.00866	0.00866	0.01299	0.01299	0.01732	0.01732	0.03030	0.01732	0.03463	0.03896	0.70996	0.00866	0.00866	0.00433	0.00433
7	0.04473	0.01697	0.02313	0.01774	0.02545	0.01465	0.01465	0.04858	0.02853	0.59437	0.03933	0.03393	0.02468	0.01234	0.01003	0.00308	0.00848	0.01003	0.01234	0.01697
8	0.01215	0.00868	0.01157	0.01388	0.01446	0.00810	0.00925	0.01388	0.01909	0.02545	0.05495	0.64315	0.06593	0.03123	0.01272	0.00405	0.00578	0.02834	0.00925	0.00810
9	0.01732	0.00866	0.01299	0.01299	0.01299	0.00866	0.00866	0.01299	0.01299	0.01732	0.01732	0.03030	0.01732	0.03463	0.03896	0.70996	0.00866	0.00866	0.00433	0.00433
10	0.42928	0.01828	0.01830	0.01510	0.02194	0.01904	0.01246	0.03761	0.02195	0.28139	0.02484	0.02383	0.01677	0.01058	0.00783	0.00308	0.00804	0.00739	0.00883	0.01345
11	0.01590	0.01207	0.01487	0.01384	0.01674	0.01199	0.01048	0.02455	0.11906	0.04027	0.49130	0.06821	0.08338	0.01923	0.01149	0.00318	0.00524	0.01689	0.01083	0.01048
12	0.01883	0.01772	0.02990	0.62569	0.06866	0.02215	0.02769	0.02547	0.01993	0.02547	0.01772	0.02658	0.01329	0.00997	0.00997	0.00332	0.01329	0.00886	0.00443	0.01107
13	0.03724	0.04751	0.02825	0.02568	0.03082	0.60963	0.01926	0.03981	0.02825	0.02440	0.01541	0.01798	0.01284	0.01027	0.00899	0.00257	0.01798	0.00642	0.00514	0.01156
14	0.01344	0.00961	0.01302	0.01507	0.01629	0.00918	0.01124	0.01625	0.02095	0.02791	0.09753	0.44264	0.06576	0.02927	0.01295	0.00413	0.00668	0.17018	0.00937	0.00852
15	0.02128	0.01176	0.01234	0.01163	0.01484	0.01217	0.00890	0.02971	0.11094	0.07374	0.03427	0.03696	0.02629	0.01197	0.00768	0.00254	0.00542	0.00966	0.54702	0.01084
16	0.02517	0.03745	0.34557	0.07589	0.04118	0.02221	0.07623	0.03379	0.02215	0.13976	0.02185	0.02458	0.01528	0.01063	0.01174	0.00327	0.06442	0.00851	0.00589	0.01444
17	0.51141	0.01869	0.01656	0.01430	0.02028	0.02081	0.01167	0.07623	0.02205	0.09267	0.08972	0.02586	0.02319	0.01118	0.00755	0.00308	0.00768	0.00773	0.00765	0.01169
18	0.08360	0.08478	0.02859	0.02137	0.02803	0.18834	0.01731	0.28725	0.03523	0.04551	0.02072	0.02215	0.01574	0.01099	0.00888	0.00275	0.01212	0.00773	0.06484	0.01405

[dist]
# distance from previous block
# <min> <max>
2	8

[block]
# block no. 3 follows, 15 sequences, length 25
# corresponding to MSA columns:
# 966-990
name=unknown_D
#
# <colnr> <probs for GDERKNQSTAVLIFYWHMCP>
#	G	D	E	R	K	N	Q	S	T	A	V	L	I	F	Y	W	H	M	C	P
0	0.01533	0.01228	0.01312	0.01240	0.01613	0.01134	0.00966	0.07806	0.02604	0.03247	0.13095	0.08683	0.43699	0.02343	0.01171	0.00339	0.00600	0.05482	0.00949	0.00955
1	0.02860	0.02368	0.13536	0.13533	0.03818	0.01792	0.07718	0.03468	0.02393	0.24628	0.03392	0.07924	0.05434	0.01311	0.01040	0.00326	0.01104	0.01151	0.00814	0.01391
2	0.11374	0.13903	0.12500	0.10880	0.03379	0.02315	0.04955	0.06066	0.02274	0.07269	0.06184	0.09789	0.02560	0.01293	0.00929	0.00308	0.01057	0.01067	0.00654	0.01242
3	0.01262	0.00901	0.01211	0.01442	0.01520	0.00850	0.01007	0.01470	0.01955	0.02598	0.05468	0.57927	0.06490	0.03079	0.01285	0.00411	0.00619	0.08756	0.00924	0.00823
4	0.02663	0.03086	0.17924	0.03431	0.04505	0.02277	0.33056	0.03493	0.02387	0.13614	0.02318	0.02682	0.01631	0.00938	0.01090	0.00326	0.01477	0.01041	0.00620	0.01440
5	0.01638	0.01332	0.01593	0.01372	0.01877	0.01075	0.01030	0.01981	0.02123	0.03052	0.09824	0.22186	0.10475	0.01799	0.00996	0.00264	0.00635	0.01568	0.00784	0.34395
6	0.01953	0.02267	0.10753	0.02599	0.03353	0.01760	0.22107	0.02625	0.02307	0.03336	0.12600	0.08932	0.03461	0.01293	0.01056	0.00303	0.01106	0.01286	0.07581	0.09322
7	0.03244	0.06698	0.03428	0.02678	0.07033	0.02324	0.12640	0.09705	0.15232	0.21735	0.03084	0.03027	0.02177	0.01126	0.01013	0.00312	0.01070	0.01014	0.00901	0.01560
8	0.03155	0.01640	0.02040	0.01659	0.02277	0.01532	0.01330	0.06511	0.10278	0.30097	0.14744	0.04506	0.07639	0.01457	0.01030	0.00303	0.00747	0.01215	0.01095	0.06747
9	0.02000	0.01627	0.08723	0.01557	0.02018	0.01171	0.01360	0.02447	0.02468	0.14026	0.23437	0.19482	0.11581	0.02053	0.01137	0.00337	0.00696	0.01789	0.00981	0.01111
10	0.02808	0.23079	0.19419	0.02529	0.03489	0.15813	0.09073	0.03413	0.02325	0.06749	0.01791	0.02047	0.01390	0.00943	0.00875	0.00273	0.01402	0.00728	0.00512	0.01343
11	0.03559	0.03001	0.02679	0.02231	0.02895	0.17946	0.01768	0.23003	0.16253	0.12211	0.02777	0.02689	0.02013	0.01194	0.00976	0.00299	0.01174	0.00899	0.00907	0.01526
12	0.02276	0.03289	0.24600	0.02419	0.03533	0.02053	0.08709	0.09003	0.02421	0.03561	0.01880	0.02194	0.01425	0.00883	0.00901	0.00252	0.01173	0.00752	0.00563	0.28110
13	0.01955	0.08752	0.40505	0.02491	0.03609	0.02173	0.05945	0.02835	0.02100	0.03029	0.06897	0.03086	0.02271	0.08489	0.01438	0.00385	0.01307	0.00924	0.00507	0.01303
14	0.01348	0.01002	0.01273	0.01456	0.01567	0.00986	0.00994	0.01801	0.07725	0.02717	0.05343	0.57911	0.06218	0.02936	0.01245	0.00398	0.00601	0.02654	0.00935	0.00891
15	0.02161	0.01948	0.07018	0.11403	0.06709	0.01730	0.13637	0.02748	0.02329	0.09852	0.09642	0.12181	0.03751	0.01622	0.01143	0.00352	0.01098	0.08717	0.00758	0.01199
16	0.02823	0.02121	0.03230	0.24762	0.11183	0.02349	0.06489	0.12778	0.02667	0.13459	0.02266	0.02683	0.01641	0.01107	0.01184	0.00326	0.05911	0.00931	0.00696	0.01394
17	0.02182	0.01345	0.01967	0.10230	0.05904	0.01344	0.01649	0.02590	0.02270	0.14378	0.04385	0.21181	0.04443	0.02189	0.01200	0.00388	0.00890	0.19455	0.00895	0.01114
18	0.67416	0.01986	0.01568	0.01377	0.02006	0.02294	0.01134	0.06463	0.01898	0.04595	0.01456	0.01672	0.01121	0.00944	0.00643	0.00308	0.00793	0.00564	0.00643	0.01121
19	0.01247	0.00911	0.01174	0.01323	0.01444	0.00838	0.00910	0.01485	0.02118	0.02832	0.15845	0.47893	0.12588	0.02857	0.01244	0.00381	0.00550	0.02564	0.00958	0.00838
20	0.07429	0.06314	0.03430	0.22116	0.09089	0.16223	0.10002	0.03279	0.02324	0.07802	0.01904	0.02377	0.01447	0.00980	0.00954	0.00301	0.01385	0.00838	0.00553	0.01253
21	0.02204	0.01169	0.01567	0.01466	0.01798	0.01059	0.01117	0.02568	0.02546	0.18697	0.25718	0.22396	0.06520	0.02161	0.01167	0.00346	0.00629	0.04685	0.01077	0.01110
22	0.02263	0.07034	0.33504	0.03001	0.11773	0.02354	0.02903	0.06478	0.07108	0.03423	0.02016	0.02288	0.01519	0.00960	0.00922	0.00289	0.01241	0.00776	0.00540	0.09610
23	0.09618	0.01150	0.01470	0.07841	0.02134	0.01187	0.01194	0.01880	0.02177	0.03209	0.19338	0.30570	0.06115	0.02311	0.01148	0.00365	0.00676	0.05814	0.00886	0.00917
24	0.02638	0.40964	0.09074	0.01891	0.02673	0.14467	0.01812	0.03012	0.02216	0.02476	0.02467	0.02614	0.07927	0.01090	0.00780	0.00245	0.01178	0.00755	0.00501	0.01221

[dist]
# distance from previous block
# <min> <max>
0	5

[block]
# block no. 4 follows, 15 sequences, length 7
# corresponding to MSA columns:
# 996-1002
name=unknown_E
#
# <colnr> <probs for GDERKNQSTAVLIFYWHMCP>
#	G	D	E	R	K	N	Q	S	T	A	V	L	I	F	Y	W	H	M	C	P
0	0.08458	0.02304	0.02501	0.07644	0.03097	0.02637	0.01752	0.21353	0.30221	0.04740	0.03084	0.03016	0.02283	0.01234	0.00975	0.00322	0.00939	0.00982	0.00924	0.01533
1	0.56368	0.02126	0.01815	0.01536	0.02195	0.02432	0.01267	0.14964	0.02382	0.04888	0.01619	0.01797	0.01221	0.00988	0.00704	0.00306	0.00846	0.00622	0.00704	0.01221
2	0.02251	0.02104	0.03367	0.17114	0.34737	0.02097	0.02567	0.02824	0.02164	0.03103	0.01829	0.02416	0.01502	0.00877	0.00932	0.00270	0.01113	0.00820	0.00505	0.17407
3	0.01420	0.01047	0.01353	0.01418	0.01625	0.00952	0.01031	0.01705	0.02106	0.02896	0.13839	0.35897	0.06140	0.06782	0.01464	0.00404	0.00653	0.09129	0.00892	0.09248
4	0.02453	0.02152	0.03055	0.26586	0.16741	0.02450	0.02420	0.11744	0.15083	0.03673	0.02418	0.02817	0.01836	0.01086	0.00999	0.00320	0.01136	0.00944	0.00674	0.01413
5	0.01926	0.01336	0.01630	0.01478	0.01835	0.01340	0.01133	0.02927	0.15233	0.08935	0.41007	0.06234	0.07334	0.01810	0.01123	0.00319	0.00577	0.01577	0.01090	0.01154
6	0.11620	0.01896	0.02182	0.02051	0.06885	0.01996	0.01490	0.17158	0.08270	0.09675	0.18340	0.04308	0.07052	0.01460	0.01009	0.00311	0.00804	0.01198	0.00954	0.01340

[dist]
# distance from previous block
# <min> <max>
0	804

# created by:
# /st0/software/busco_prod/Augustus/scripts/msa2prfl.pl ./align_prep/11933.fa
