[name]
unknown

[dist]
# distance from previous block
# <min> <max>
0	162

[block]
# block no. 0 follows, 13 sequences, length 15
# corresponding to MSA columns:
# 162-176
name=unknown_A
#
# <colnr> <probs for GDERKNQSTAVLIFYWHMCP>
#	G	D	E	R	K	N	Q	S	T	A	V	L	I	F	Y	W	H	M	C	P
0	0.11875	0.10285	0.13105	0.02069	0.02814	0.02280	0.02012	0.07849	0.06319	0.07551	0.03327	0.10086	0.03112	0.01685	0.01057	0.00360	0.01054	0.11022	0.00802	0.01337
1	0.15861	0.12570	0.02623	0.01690	0.02370	0.02052	0.01420	0.03794	0.02548	0.27887	0.07966	0.08854	0.03198	0.01444	0.00964	0.00320	0.00862	0.01145	0.00993	0.01440
2	0.03253	0.10294	0.11656	0.02103	0.02915	0.02294	0.01962	0.14759	0.03040	0.19594	0.03405	0.14049	0.02898	0.01581	0.01058	0.00333	0.01042	0.01299	0.00941	0.01526
3	0.03219	0.10112	0.07509	0.07852	0.03505	0.02509	0.05748	0.04111	0.10295	0.21416	0.02924	0.02999	0.02093	0.01274	0.01358	0.00343	0.09378	0.00981	0.00846	0.01531
4	0.12460	0.16512	0.08231	0.06922	0.07612	0.08407	0.05763	0.15141	0.02907	0.04038	0.01895	0.02201	0.01478	0.01042	0.00916	0.00301	0.01281	0.00793	0.00647	0.01454
5	0.02174	0.01247	0.01642	0.01504	0.01841	0.01153	0.01117	0.02406	0.02211	0.13112	0.10677	0.13862	0.08232	0.08519	0.10590	0.09080	0.01072	0.01555	0.00878	0.07129
6	0.11058	0.01964	0.02675	0.17315	0.10033	0.02239	0.02080	0.06208	0.07364	0.08048	0.07451	0.03371	0.02625	0.01877	0.06306	0.00467	0.05816	0.01037	0.00737	0.01329
7	0.08919	0.02347	0.09303	0.12790	0.03605	0.02069	0.02043	0.06899	0.09707	0.08567	0.07581	0.03977	0.02938	0.01352	0.01032	0.00329	0.01036	0.04958	0.00808	0.09741
8	0.01644	0.01050	0.01374	0.01492	0.01680	0.00964	0.01070	0.01908	0.02273	0.07753	0.10857	0.43113	0.11489	0.02935	0.01313	0.00408	0.00647	0.06034	0.01028	0.00968
9	0.12537	0.01864	0.02234	0.10791	0.03142	0.01797	0.01556	0.06953	0.02410	0.08814	0.02592	0.09969	0.02286	0.01266	0.00928	0.00277	0.00907	0.01037	0.00752	0.27888
10	0.01455	0.01037	0.01313	0.01319	0.01534	0.00955	0.00961	0.01860	0.02670	0.03742	0.36963	0.20377	0.12947	0.02416	0.01240	0.00352	0.00528	0.02136	0.05237	0.00955
11	0.02155	0.02115	0.03803	0.44568	0.13196	0.02422	0.10881	0.02880	0.02212	0.02906	0.01935	0.02799	0.01474	0.01016	0.01086	0.00348	0.01450	0.00989	0.00487	0.01278
12	0.01418	0.01024	0.01320	0.01431	0.01587	0.00960	0.01033	0.01719	0.02336	0.03145	0.19942	0.31431	0.11464	0.08155	0.01683	0.00456	0.00657	0.08341	0.01001	0.00896
13	0.07525	0.09305	0.02737	0.15370	0.07790	0.02146	0.01863	0.03010	0.06808	0.08228	0.03713	0.06729	0.09273	0.02271	0.08307	0.00505	0.01244	0.01193	0.00724	0.01258
14	0.05520	0.01995	0.03123	0.08441	0.11586	0.01982	0.09890	0.02792	0.02230	0.05521	0.06973	0.03562	0.02618	0.08725	0.01744	0.00393	0.05708	0.01071	0.00648	0.15477

[dist]
# distance from previous block
# <min> <max>
0	3

[block]
# block no. 1 follows, 13 sequences, length 15
# corresponding to MSA columns:
# 180-194
name=unknown_B
#
# <colnr> <probs for GDERKNQSTAVLIFYWHMCP>
#	G	D	E	R	K	N	Q	S	T	A	V	L	I	F	Y	W	H	M	C	P
0	0.34217	0.22048	0.03195	0.01786	0.02466	0.03146	0.01578	0.07941	0.02204	0.03952	0.01567	0.01859	0.01305	0.01084	0.01022	0.00309	0.07788	0.00648	0.00607	0.01279
1	0.11347	0.02940	0.02861	0.02245	0.03051	0.08404	0.01829	0.36682	0.04104	0.05683	0.02254	0.02344	0.01655	0.01164	0.00971	0.00296	0.01154	0.00846	0.00913	0.09257
2	0.03477	0.02219	0.02588	0.01938	0.02815	0.02071	0.01585	0.20004	0.03339	0.18689	0.02706	0.02680	0.01922	0.01084	0.00949	0.00255	0.00941	0.00851	0.00951	0.28939
3	0.01653	0.01295	0.01591	0.01543	0.01638	0.01433	0.01078	0.01963	0.04951	0.02628	0.08167	0.17017	0.08613	0.28401	0.03392	0.00673	0.10531	0.01786	0.00771	0.00875
4	0.02099	0.01272	0.01572	0.01504	0.01837	0.01216	0.01121	0.02744	0.08257	0.12183	0.19109	0.22798	0.10515	0.02260	0.01191	0.00359	0.00638	0.01979	0.06197	0.01150
5	0.02158	0.01946	0.03092	0.35413	0.05453	0.02243	0.07298	0.07081	0.06836	0.03253	0.02806	0.12482	0.02519	0.01455	0.01125	0.00363	0.01248	0.01327	0.00661	0.01244
6	0.01927	0.01959	0.07133	0.06327	0.02777	0.01992	0.01880	0.02384	0.01851	0.02803	0.02234	0.03156	0.01986	0.03866	0.23598	0.00863	0.17683	0.00963	0.05766	0.08851
7	0.01402	0.01020	0.01336	0.01483	0.01644	0.00953	0.01089	0.01717	0.02351	0.03150	0.17871	0.36735	0.11701	0.02924	0.01335	0.00410	0.00639	0.10302	0.01023	0.00913
8	0.07456	0.06080	0.01706	0.01428	0.01636	0.01433	0.01033	0.01921	0.01870	0.02734	0.08454	0.14407	0.04235	0.23652	0.16560	0.00903	0.01339	0.01553	0.00715	0.00885
9	0.01506	0.01042	0.01172	0.01164	0.01438	0.00946	0.00864	0.01896	0.02522	0.03552	0.23085	0.11856	0.24575	0.02211	0.01133	0.00328	0.00519	0.01887	0.17357	0.00946
10	0.02317	0.02142	0.03504	0.23642	0.28873	0.02405	0.02814	0.02914	0.02203	0.03141	0.02013	0.02767	0.01645	0.01110	0.01299	0.00338	0.08025	0.00943	0.06519	0.01387
11	0.02925	0.02252	0.09574	0.08557	0.03279	0.01749	0.01892	0.03721	0.07015	0.20784	0.10156	0.03649	0.03144	0.01256	0.01022	0.00299	0.00961	0.01047	0.00916	0.15803
12	0.02390	0.07093	0.03337	0.02522	0.02993	0.02757	0.07624	0.03402	0.14412	0.03198	0.02319	0.02800	0.01941	0.01760	0.05105	0.00435	0.23972	0.00970	0.00644	0.10326
13	0.09958	0.02529	0.03102	0.02689	0.07671	0.02680	0.06171	0.23647	0.12396	0.09147	0.02731	0.02788	0.01999	0.01174	0.01015	0.00316	0.01083	0.00964	0.00916	0.07024
14	0.17352	0.12236	0.03996	0.02901	0.07399	0.02688	0.16752	0.08557	0.02541	0.06884	0.02350	0.07471	0.02009	0.01188	0.00990	0.00326	0.01213	0.01077	0.00685	0.01386

[dist]
# distance from previous block
# <min> <max>
0	29

[block]
# block no. 2 follows, 13 sequences, length 15
# corresponding to MSA columns:
# 224-238
name=unknown_C
#
# <colnr> <probs for GDERKNQSTAVLIFYWHMCP>
#	G	D	E	R	K	N	Q	S	T	A	V	L	I	F	Y	W	H	M	C	P
0	0.27641	0.11203	0.08038	0.02263	0.06438	0.11936	0.01866	0.03683	0.02340	0.12734	0.02035	0.02178	0.01516	0.01044	0.00838	0.00304	0.01159	0.00719	0.00691	0.01375
1	0.02699	0.12568	0.03314	0.13757	0.03676	0.02421	0.06706	0.03499	0.08753	0.12274	0.02936	0.07543	0.02397	0.01349	0.01173	0.00331	0.05203	0.01120	0.06924	0.01356
2	0.09594	0.01881	0.02221	0.05514	0.02742	0.01937	0.01529	0.08994	0.11993	0.25428	0.03521	0.03397	0.02452	0.01268	0.00971	0.00319	0.00868	0.01010	0.12823	0.01536
3	0.01408	0.01004	0.01306	0.01377	0.01520	0.00938	0.00958	0.01721	0.02428	0.03353	0.28697	0.31930	0.08085	0.08262	0.01673	0.00439	0.00598	0.02364	0.01035	0.00903
4	0.01700	0.01179	0.01394	0.01362	0.01460	0.01225	0.00878	0.05529	0.01874	0.02529	0.03449	0.11711	0.03830	0.44299	0.12249	0.01007	0.01252	0.01581	0.00696	0.00795
5	0.02040	0.01205	0.01567	0.01405	0.01762	0.01086	0.01079	0.02505	0.02953	0.13280	0.43204	0.07332	0.12315	0.02054	0.01215	0.00334	0.00571	0.01790	0.01175	0.01128
6	0.03785	0.01931	0.02308	0.01863	0.02549	0.01924	0.01508	0.12662	0.11884	0.30539	0.03797	0.03541	0.02601	0.01310	0.01008	0.00317	0.00862	0.01054	0.12920	0.01637
7	0.56848	0.01994	0.01739	0.01491	0.02179	0.02204	0.01229	0.03528	0.02051	0.15469	0.02026	0.02104	0.01447	0.01049	0.00738	0.00327	0.00835	0.00673	0.00789	0.01279
8	0.01564	0.01343	0.02096	0.01822	0.02173	0.01233	0.09828	0.01951	0.02392	0.03172	0.18433	0.19964	0.18712	0.08405	0.01685	0.00434	0.00810	0.02091	0.00915	0.00978
9	0.02192	0.01879	0.02192	0.01566	0.02506	0.01409	0.01253	0.02662	0.02192	0.03445	0.01879	0.02192	0.01566	0.00783	0.00783	0.00157	0.00783	0.00626	0.00626	0.69305
10	0.02399	0.01539	0.02314	0.07554	0.07061	0.01484	0.04410	0.02777	0.02245	0.14701	0.03775	0.20539	0.03681	0.08527	0.06793	0.00542	0.01123	0.01634	0.00847	0.06054
11	0.20754	0.07578	0.08513	0.02312	0.03139	0.07931	0.08660	0.11874	0.02763	0.07537	0.02817	0.02970	0.06434	0.01201	0.00951	0.00320	0.01192	0.00943	0.00733	0.01381
12	0.01627	0.01028	0.01380	0.01402	0.01526	0.00958	0.00949	0.01585	0.01804	0.02470	0.07133	0.24183	0.04357	0.08862	0.02784	0.27804	0.00781	0.01743	0.00722	0.06901
13	0.20848	0.06854	0.06975	0.02474	0.03104	0.02864	0.08766	0.06882	0.08951	0.03840	0.02014	0.02405	0.01614	0.01266	0.01561	0.00362	0.16352	0.00876	0.00644	0.01345
14	0.11568	0.08782	0.18237	0.15700	0.07937	0.08057	0.02609	0.03103	0.02301	0.03330	0.06942	0.02785	0.02186	0.01119	0.00960	0.00320	0.01298	0.00879	0.00565	0.01320

[dist]
# distance from previous block
# <min> <max>
0	2

[block]
# block no. 3 follows, 13 sequences, length 8
# corresponding to MSA columns:
# 241-248
name=unknown_D
#
# <colnr> <probs for GDERKNQSTAVLIFYWHMCP>
#	G	D	E	R	K	N	Q	S	T	A	V	L	I	F	Y	W	H	M	C	P
0	0.06335	0.09987	0.09857	0.18275	0.04113	0.02511	0.02228	0.08917	0.07815	0.09894	0.02530	0.03082	0.01965	0.06503	0.01362	0.00386	0.01183	0.00948	0.00717	0.01392
1	0.25667	0.06795	0.02423	0.01805	0.02464	0.02360	0.01497	0.08135	0.08346	0.18173	0.06460	0.03004	0.02481	0.01273	0.01055	0.00330	0.04458	0.00919	0.00917	0.01438
2	0.01311	0.00977	0.01222	0.01365	0.01518	0.00887	0.00946	0.01561	0.02254	0.02966	0.14425	0.42811	0.17892	0.03002	0.01313	0.00399	0.00579	0.02674	0.01009	0.00887
3	0.02229	0.02848	0.18179	0.15117	0.04371	0.02077	0.09587	0.03167	0.06089	0.07466	0.08202	0.10015	0.03145	0.01433	0.01124	0.00353	0.01242	0.01299	0.00709	0.01349
4	0.02821	0.16512	0.23323	0.02164	0.03207	0.02363	0.02370	0.03498	0.02446	0.16960	0.03727	0.03672	0.09926	0.01315	0.00986	0.00312	0.01141	0.01027	0.00752	0.01477
5	0.01379	0.01002	0.01239	0.01320	0.01465	0.00928	0.00900	0.01626	0.02250	0.03011	0.19040	0.30808	0.14623	0.13088	0.01997	0.00495	0.00642	0.02355	0.00971	0.00863
6	0.01551	0.01053	0.01247	0.01264	0.01323	0.01043	0.00804	0.01668	0.01822	0.02452	0.10226	0.07601	0.04871	0.48474	0.04421	0.00877	0.00953	0.06883	0.00744	0.00723
7	0.18727	0.03143	0.08602	0.02876	0.11122	0.09786	0.02177	0.19801	0.03208	0.07832	0.02126	0.02314	0.01575	0.01106	0.00946	0.00316	0.01220	0.00818	0.00770	0.01534

[dist]
# distance from previous block
# <min> <max>
0	2

[block]
# block no. 4 follows, 13 sequences, length 6
# corresponding to MSA columns:
# 251-256
name=unknown_E
#
# <colnr> <probs for GDERKNQSTAVLIFYWHMCP>
#	G	D	E	R	K	N	Q	S	T	A	V	L	I	F	Y	W	H	M	C	P
0	0.18160	0.02140	0.02463	0.22977	0.04151	0.05799	0.01956	0.09374	0.02564	0.09526	0.02278	0.02689	0.01674	0.01115	0.00923	0.00322	0.01116	0.00860	0.08620	0.01293
1	0.01534	0.01041	0.01232	0.01232	0.01259	0.01068	0.00739	0.01588	0.01561	0.02108	0.03259	0.06520	0.03671	0.54916	0.13071	0.01122	0.01286	0.01479	0.00630	0.00684
2	0.61132	0.10400	0.02096	0.01447	0.02136	0.02618	0.01235	0.03116	0.01847	0.04437	0.01472	0.01715	0.01174	0.00971	0.00658	0.00313	0.00860	0.00572	0.00627	0.01174
3	0.02627	0.14193	0.17802	0.02092	0.02968	0.02319	0.02136	0.03640	0.10044	0.12612	0.14754	0.03896	0.03791	0.01362	0.01019	0.00316	0.01024	0.01105	0.00847	0.01452
4	0.01524	0.01211	0.01387	0.01346	0.01664	0.01149	0.01006	0.02217	0.09099	0.03592	0.27475	0.13208	0.26452	0.02373	0.01236	0.00354	0.00566	0.02044	0.01066	0.01029
5	0.02718	0.04236	0.34128	0.03366	0.10744	0.02556	0.06585	0.11972	0.02799	0.07681	0.02194	0.02470	0.01567	0.01056	0.01039	0.00330	0.01424	0.00882	0.00628	0.01625

[dist]
# distance from previous block
# <min> <max>
6	11

[block]
# block no. 5 follows, 13 sequences, length 16
# corresponding to MSA columns:
# 268-283
name=unknown_F
#
# <colnr> <probs for GDERKNQSTAVLIFYWHMCP>
#	G	D	E	R	K	N	Q	S	T	A	V	L	I	F	Y	W	H	M	C	P
0	0.08986	0.11306	0.15550	0.02315	0.03193	0.08837	0.02225	0.13277	0.12791	0.04092	0.02580	0.05806	0.02093	0.01261	0.00968	0.00320	0.01207	0.00960	0.00745	0.01489
1	0.07250	0.01773	0.02756	0.14804	0.14891	0.01831	0.04825	0.02829	0.02378	0.09574	0.09960	0.15572	0.03854	0.01651	0.01121	0.00353	0.01014	0.01494	0.00791	0.01279
2	0.02769	0.01853	0.02589	0.14956	0.09711	0.01960	0.01965	0.03846	0.14304	0.16619	0.09998	0.08201	0.03622	0.01493	0.01107	0.00346	0.00966	0.01300	0.00942	0.01453
3	0.12789	0.02605	0.02816	0.02184	0.03000	0.02808	0.01804	0.36549	0.04161	0.16695	0.02733	0.02648	0.01881	0.01240	0.01006	0.00321	0.01065	0.00925	0.01057	0.01713
4	0.26818	0.01718	0.01843	0.01529	0.02173	0.01720	0.01246	0.03897	0.02437	0.28104	0.03092	0.03019	0.02128	0.01180	0.00856	0.00311	0.00788	0.00878	0.14855	0.01407
5	0.01683	0.01112	0.01419	0.01428	0.01696	0.01012	0.01079	0.02053	0.02589	0.07726	0.25549	0.21785	0.16687	0.02554	0.01281	0.00377	0.00617	0.07269	0.01076	0.01006
6	0.01416	0.01059	0.01314	0.01290	0.01540	0.00957	0.00952	0.01824	0.02743	0.03741	0.39488	0.15168	0.19780	0.02420	0.01260	0.00350	0.00521	0.02119	0.01101	0.00957
7	0.01799	0.01774	0.06157	0.21297	0.03832	0.01718	0.01933	0.02645	0.08427	0.03366	0.17562	0.16449	0.05084	0.01859	0.01167	0.00362	0.00944	0.01645	0.00832	0.01148
8	0.01481	0.01026	0.01280	0.01330	0.01382	0.01052	0.00850	0.01596	0.01670	0.02266	0.03739	0.17638	0.04241	0.39420	0.15480	0.01042	0.01311	0.01755	0.00695	0.00747
9	0.03288	0.09450	0.09708	0.10848	0.03900	0.02342	0.07565	0.04231	0.09634	0.23648	0.03062	0.03075	0.02122	0.01162	0.01033	0.00328	0.01164	0.00994	0.00873	0.01573
10	0.03490	0.07417	0.19045	0.02581	0.03653	0.02370	0.08239	0.11002	0.02949	0.24393	0.02861	0.02836	0.01928	0.01139	0.01040	0.00324	0.01247	0.00953	0.00875	0.01657
11	0.03307	0.09459	0.10755	0.02032	0.02912	0.02176	0.01896	0.07664	0.08837	0.23128	0.07319	0.03339	0.02776	0.01242	0.00996	0.00302	0.00990	0.00994	0.00954	0.08922
12	0.03214	0.14410	0.07053	0.09646	0.09741	0.02741	0.02204	0.15575	0.03024	0.12950	0.02361	0.02545	0.01738	0.01080	0.00955	0.00292	0.01145	0.00852	0.00770	0.07704
13	0.37814	0.02701	0.08434	0.01931	0.02734	0.02648	0.01744	0.16440	0.08353	0.05054	0.02106	0.02232	0.01564	0.01109	0.00846	0.00329	0.00996	0.00763	0.00782	0.01421
14	0.02822	0.02233	0.02601	0.20039	0.04068	0.08472	0.01989	0.06189	0.10845	0.12386	0.03119	0.09874	0.02581	0.01415	0.01061	0.00331	0.01133	0.01188	0.00819	0.06835
15	0.02822	0.09708	0.03685	0.15320	0.15652	0.02318	0.08091	0.03374	0.02461	0.14950	0.03343	0.03605	0.07624	0.01224	0.01052	0.00324	0.01177	0.01096	0.00728	0.01445

[dist]
# distance from previous block
# <min> <max>
0	5

[block]
# block no. 6 follows, 13 sequences, length 15
# corresponding to MSA columns:
# 289-303
name=unknown_G
#
# <colnr> <probs for GDERKNQSTAVLIFYWHMCP>
#	G	D	E	R	K	N	Q	S	T	A	V	L	I	F	Y	W	H	M	C	P
0	0.02798	0.01522	0.02155	0.02370	0.10595	0.01386	0.01533	0.03147	0.02510	0.23333	0.05187	0.24363	0.10404	0.02105	0.01182	0.00364	0.00814	0.01853	0.01033	0.01347
1	0.02164	0.01326	0.01940	0.02296	0.10298	0.01272	0.01414	0.02306	0.02056	0.10301	0.03816	0.22210	0.03989	0.09229	0.02325	0.15686	0.00891	0.04662	0.00802	0.01016
2	0.07632	0.02255	0.03406	0.14875	0.27190	0.02344	0.02574	0.08210	0.02684	0.14932	0.02443	0.02793	0.01799	0.01074	0.01027	0.00325	0.01172	0.00943	0.00737	0.01583
3	0.03371	0.02161	0.03306	0.06744	0.13746	0.02155	0.08147	0.07777	0.08455	0.23322	0.03156	0.03268	0.02245	0.01656	0.05207	0.00431	0.01258	0.01066	0.00913	0.01616
4	0.11979	0.02002	0.02183	0.08817	0.02938	0.07070	0.01567	0.03716	0.05890	0.22228	0.11288	0.04391	0.08580	0.01481	0.01044	0.00331	0.00948	0.01194	0.00981	0.01371
5	0.16343	0.08171	0.08596	0.10479	0.03723	0.02287	0.07501	0.03847	0.02439	0.22762	0.02618	0.02725	0.01803	0.01095	0.00961	0.00325	0.01141	0.00896	0.00811	0.01478
6	0.18881	0.02947	0.08350	0.07289	0.15501	0.09282	0.02286	0.11969	0.02786	0.04207	0.05303	0.02614	0.02006	0.01119	0.00954	0.00319	0.01208	0.00870	0.00680	0.01427
7	0.39235	0.02457	0.08884	0.09792	0.08538	0.02304	0.01967	0.03322	0.02088	0.09902	0.01924	0.02219	0.01417	0.01026	0.00833	0.00330	0.01038	0.00736	0.00664	0.01324
8	0.02923	0.07605	0.13659	0.09011	0.09901	0.02752	0.09524	0.14725	0.08166	0.07718	0.02447	0.02713	0.01800	0.01103	0.01047	0.00327	0.01304	0.00963	0.00729	0.01581
9	0.02548	0.01455	0.01819	0.01518	0.02090	0.01222	0.01185	0.02940	0.02617	0.19203	0.15273	0.11657	0.13250	0.01809	0.01099	0.00306	0.00700	0.01543	0.01034	0.16731
10	0.01691	0.01096	0.01389	0.01378	0.01642	0.00987	0.01009	0.02039	0.02582	0.08480	0.26677	0.24962	0.16987	0.02540	0.01262	0.00367	0.00580	0.02236	0.01086	0.01010
11	0.02255	0.16485	0.34479	0.02797	0.04012	0.02682	0.08525	0.03175	0.02268	0.03155	0.02284	0.03363	0.01946	0.01203	0.01020	0.00333	0.01427	0.06634	0.00521	0.01435
12	0.02058	0.01390	0.01719	0.01611	0.01970	0.01342	0.01182	0.02723	0.10364	0.08496	0.07279	0.23387	0.04506	0.06985	0.05543	0.05119	0.00895	0.01747	0.00902	0.10783
13	0.02416	0.02301	0.06315	0.02166	0.02801	0.05353	0.06747	0.06100	0.02419	0.07098	0.03473	0.09224	0.08210	0.05402	0.01615	0.00359	0.08281	0.01251	0.00731	0.17738
14	0.06842	0.05627	0.02353	0.01934	0.02351	0.01537	0.07400	0.02362	0.02201	0.07054	0.04361	0.33109	0.04757	0.02330	0.01194	0.00379	0.00873	0.06775	0.00868	0.05694

[dist]
# distance from previous block
# <min> <max>
8	38

[block]
# block no. 7 follows, 13 sequences, length 16
# corresponding to MSA columns:
# 349-364
name=unknown_H
#
# <colnr> <probs for GDERKNQSTAVLIFYWHMCP>
#	G	D	E	R	K	N	Q	S	T	A	V	L	I	F	Y	W	H	M	C	P
0	0.08025	0.10264	0.16190	0.04223	0.26991	0.06569	0.02885	0.03463	0.05530	0.03422	0.01986	0.02384	0.01593	0.00996	0.00959	0.00310	0.01296	0.00830	0.00544	0.01539
1	0.19396	0.02251	0.02806	0.06402	0.13626	0.02352	0.01977	0.14230	0.02971	0.20024	0.02615	0.02688	0.01835	0.01135	0.00962	0.00324	0.01039	0.00893	0.00893	0.01582
2	0.01839	0.01039	0.01496	0.01460	0.01460	0.01111	0.00995	0.01486	0.01414	0.01916	0.01972	0.03566	0.02031	0.10277	0.04223	0.56121	0.05589	0.00989	0.00480	0.00534
3	0.01469	0.01080	0.01375	0.01301	0.01563	0.00986	0.00976	0.01942	0.02928	0.04086	0.50695	0.08151	0.15066	0.02219	0.01247	0.00335	0.00503	0.01948	0.01144	0.00986
4	0.14047	0.03137	0.21337	0.02472	0.03475	0.02103	0.08346	0.03618	0.02339	0.17488	0.02557	0.02797	0.01821	0.01856	0.07563	0.00490	0.01437	0.00916	0.00730	0.01469
5	0.03297	0.11887	0.20190	0.05325	0.03532	0.02400	0.02463	0.03952	0.02484	0.24881	0.02714	0.02747	0.01868	0.01188	0.01195	0.00328	0.06290	0.00885	0.00800	0.01574
6	0.02180	0.02478	0.08947	0.02568	0.02742	0.02832	0.02249	0.02489	0.01676	0.02563	0.01725	0.02968	0.01737	0.10549	0.03472	0.00530	0.45686	0.00998	0.00487	0.01127
7	0.02284	0.02173	0.03691	0.35335	0.29999	0.02425	0.03079	0.02954	0.02250	0.03051	0.01930	0.02725	0.01533	0.01004	0.01052	0.00335	0.01338	0.00941	0.00495	0.01407
8	0.03207	0.10763	0.03353	0.10897	0.03572	0.02240	0.07442	0.03663	0.02470	0.24246	0.03166	0.09691	0.02537	0.01441	0.01265	0.00343	0.06197	0.01203	0.00865	0.01439
9	0.06129	0.01741	0.02648	0.13582	0.07184	0.01725	0.05241	0.03468	0.02479	0.23971	0.03701	0.16970	0.03207	0.01661	0.01122	0.00357	0.01012	0.01476	0.00932	0.01394
10	0.02457	0.01916	0.03036	0.35247	0.10789	0.02248	0.02522	0.03004	0.02177	0.10537	0.02279	0.03172	0.01798	0.05967	0.01661	0.00409	0.07896	0.01003	0.00609	0.01274
11	0.02445	0.01945	0.02453	0.02153	0.08648	0.01547	0.01504	0.02928	0.02284	0.07721	0.02075	0.02353	0.01662	0.00843	0.00835	0.00188	0.00846	0.00697	0.00669	0.56205
12	0.60491	0.02021	0.01646	0.01416	0.02111	0.02233	0.01161	0.03044	0.01856	0.04557	0.01531	0.01786	0.01206	0.00953	0.00673	0.00303	0.00813	0.00580	0.00650	0.10971
13	0.16482	0.03494	0.02587	0.02215	0.02888	0.27099	0.01725	0.11375	0.06442	0.03884	0.01959	0.02147	0.01543	0.01076	0.00895	0.00279	0.01346	0.00729	0.00693	0.11143
14	0.03901	0.10378	0.15444	0.02132	0.03132	0.02091	0.02126	0.04489	0.02734	0.37835	0.03311	0.03046	0.02166	0.01188	0.01002	0.00316	0.01081	0.00936	0.01003	0.01690
15	0.02327	0.02284	0.08593	0.03165	0.15577	0.01998	0.05589	0.03181	0.08273	0.08127	0.13827	0.04795	0.10468	0.01551	0.01290	0.00344	0.05062	0.01337	0.00823	0.01390

[dist]
# distance from previous block
# <min> <max>
0	1

[block]
# block no. 8 follows, 13 sequences, length 22
# corresponding to MSA columns:
# 366-387
name=unknown_I
#
# <colnr> <probs for GDERKNQSTAVLIFYWHMCP>
#	G	D	E	R	K	N	Q	S	T	A	V	L	I	F	Y	W	H	M	C	P
0	0.01880	0.01088	0.01455	0.01516	0.01729	0.00993	0.01077	0.02150	0.02341	0.11713	0.13520	0.44032	0.06762	0.02805	0.01287	0.00397	0.00641	0.02517	0.01063	0.01033
1	0.06404	0.02654	0.04911	0.08019	0.13245	0.02658	0.30216	0.07734	0.06422	0.03787	0.02253	0.02801	0.01712	0.00988	0.01140	0.00344	0.01496	0.01111	0.00620	0.01484
2	0.03601	0.02390	0.03728	0.06617	0.13600	0.02363	0.11963	0.14472	0.03172	0.22790	0.02892	0.03000	0.02002	0.01137	0.01095	0.00330	0.01223	0.01046	0.00911	0.01668
3	0.08599	0.02514	0.06707	0.15695	0.04655	0.02484	0.17187	0.07361	0.10947	0.09337	0.02601	0.02944	0.01889	0.01101	0.01080	0.00346	0.01314	0.01046	0.00732	0.01460
4	0.01308	0.01001	0.01200	0.01302	0.01502	0.00894	0.00919	0.01573	0.02322	0.03006	0.15670	0.34352	0.25357	0.02894	0.01296	0.00387	0.00566	0.02546	0.01011	0.00894
5	0.02827	0.63478	0.05540	0.01809	0.02714	0.04184	0.01809	0.03166	0.02148	0.02488	0.01470	0.01696	0.01357	0.00905	0.00678	0.00226	0.01131	0.00565	0.00452	0.01357
6	0.02795	0.09742	0.37017	0.02888	0.07462	0.02418	0.03154	0.03721	0.02411	0.15065	0.02364	0.02510	0.01644	0.01058	0.00991	0.00322	0.01357	0.00834	0.00642	0.01603
7	0.01837	0.00918	0.01377	0.01377	0.01377	0.00918	0.00918	0.01377	0.01377	0.01837	0.01837	0.03214	0.01837	0.03673	0.04132	0.69238	0.00918	0.00918	0.00459	0.00459
8	0.01741	0.01299	0.01507	0.01502	0.01713	0.01341	0.01087	0.02454	0.11541	0.02996	0.10088	0.07720	0.08991	0.28724	0.03064	0.00672	0.00886	0.10855	0.00868	0.00952
9	0.02462	0.14173	0.30569	0.11841	0.04316	0.02552	0.02967	0.03323	0.02328	0.08830	0.05282	0.02719	0.02006	0.01097	0.00978	0.00318	0.01330	0.00867	0.00585	0.01456
10	0.03450	0.13971	0.12416	0.02994	0.11696	0.16104	0.02372	0.03983	0.02638	0.17058	0.02369	0.02480	0.01736	0.01077	0.00958	0.00296	0.01349	0.00819	0.00709	0.01525
11	0.01917	0.01495	0.02217	0.11754	0.11134	0.01655	0.01638	0.02056	0.01743	0.02380	0.02392	0.04373	0.02459	0.25003	0.03555	0.15078	0.06550	0.01160	0.00540	0.00901
12	0.02609	0.10154	0.43779	0.02721	0.04103	0.02467	0.03336	0.03623	0.02353	0.11933	0.02226	0.02404	0.01547	0.01045	0.00984	0.00324	0.01416	0.00807	0.00586	0.01582
13	0.04122	0.02303	0.08566	0.02746	0.11548	0.01804	0.02076	0.04653	0.02842	0.42652	0.03578	0.03295	0.02330	0.01217	0.01054	0.00326	0.01027	0.01014	0.01090	0.01754
14	0.02318	0.04971	0.48646	0.03098	0.04564	0.02424	0.08902	0.03461	0.02308	0.06578	0.02060	0.02380	0.01444	0.01011	0.01034	0.00337	0.01546	0.00848	0.00508	0.01562
15	0.02431	0.07704	0.38020	0.03573	0.12795	0.02525	0.07957	0.03433	0.02327	0.06532	0.02047	0.02403	0.01495	0.00997	0.01019	0.00327	0.01470	0.00855	0.00519	0.01571
16	0.03241	0.09006	0.30699	0.02452	0.03657	0.02241	0.02775	0.04061	0.02546	0.24938	0.02779	0.02738	0.01857	0.01119	0.01000	0.00322	0.01257	0.00877	0.00795	0.01640
17	0.03121	0.01765	0.02610	0.20999	0.08274	0.01781	0.02015	0.03620	0.02582	0.26398	0.04312	0.04330	0.10745	0.01419	0.01090	0.00339	0.01034	0.01202	0.00922	0.01441
18	0.02704	0.02701	0.12261	0.20106	0.25781	0.02305	0.02996	0.03416	0.02397	0.11774	0.02292	0.02767	0.01698	0.01043	0.01045	0.00330	0.01291	0.00935	0.00621	0.01538
19	0.02640	0.03081	0.18224	0.17840	0.16872	0.02329	0.08298	0.03443	0.02391	0.11323	0.02283	0.02736	0.01654	0.01037	0.01062	0.00336	0.01378	0.00949	0.00609	0.01514
20	0.02862	0.02534	0.11880	0.27433	0.09403	0.02174	0.05432	0.03572	0.02433	0.18093	0.02547	0.02929	0.01768	0.01101	0.01060	0.00340	0.01299	0.00966	0.00709	0.01465
21	0.03451	0.02811	0.14444	0.03096	0.11971	0.02100	0.06411	0.04378	0.08153	0.27333	0.03198	0.03133	0.02183	0.01166	0.01065	0.00332	0.01159	0.01014	0.00916	0.01687

[dist]
# distance from previous block
# <min> <max>
2	3

[block]
# block no. 9 follows, 13 sequences, length 15
# corresponding to MSA columns:
# 391-405
name=unknown_J
#
# <colnr> <probs for GDERKNQSTAVLIFYWHMCP>
#	G	D	E	R	K	N	Q	S	T	A	V	L	I	F	Y	W	H	M	C	P
0	0.03814	0.02226	0.06973	0.08124	0.10787	0.01920	0.02111	0.04555	0.06978	0.35986	0.03487	0.03312	0.02324	0.01221	0.01057	0.00331	0.01043	0.01024	0.01035	0.01695
1	0.08378	0.02388	0.07488	0.01988	0.02771	0.06369	0.01741	0.04491	0.06534	0.35021	0.08663	0.03655	0.03066	0.01333	0.01040	0.00326	0.00995	0.01066	0.01090	0.01598
2	0.07040	0.02636	0.11696	0.03066	0.11182	0.06369	0.08893	0.02831	0.02404	0.03368	0.07240	0.11275	0.03722	0.01742	0.01170	0.00372	0.01207	0.11809	0.00721	0.01257
3	0.18181	0.02826	0.15189	0.02095	0.03055	0.02112	0.02062	0.08984	0.02768	0.28203	0.02896	0.02769	0.01920	0.01163	0.00961	0.00328	0.01063	0.00881	0.00941	0.01603
4	0.17103	0.31210	0.21712	0.02115	0.03182	0.03226	0.02356	0.03213	0.02101	0.03255	0.01611	0.01877	0.01306	0.00954	0.00780	0.00284	0.01205	0.00638	0.00494	0.01379
5	0.02696	0.52700	0.15169	0.02033	0.03060	0.03863	0.02199	0.03200	0.02164	0.02648	0.01549	0.01796	0.01354	0.00923	0.00739	0.00246	0.01211	0.00605	0.00451	0.01395
6	0.70310	0.02045	0.01554	0.01390	0.02045	0.02372	0.01145	0.03108	0.01799	0.04744	0.01472	0.01718	0.01145	0.00981	0.00654	0.00327	0.00818	0.00573	0.00654	0.01145
7	0.01837	0.00918	0.01377	0.01377	0.01377	0.00918	0.00918	0.01377	0.01377	0.01837	0.01837	0.03214	0.01837	0.03673	0.04132	0.69238	0.00918	0.00918	0.00459	0.00459
8	0.02630	0.02271	0.02391	0.02152	0.02749	0.02630	0.01674	0.05618	0.54336	0.04423	0.04303	0.03945	0.03228	0.01434	0.01076	0.00359	0.00837	0.01195	0.01076	0.01674
9	0.01592	0.01210	0.01684	0.01850	0.06971	0.01137	0.01218	0.02081	0.02866	0.04052	0.46809	0.11272	0.08943	0.02124	0.01235	0.00338	0.00582	0.01895	0.01088	0.01054
10	0.01496	0.01081	0.01413	0.01330	0.01580	0.00998	0.00998	0.01995	0.02993	0.04240	0.55689	0.07898	0.09976	0.02162	0.01247	0.00333	0.00499	0.01912	0.01164	0.00998
11	0.02161	0.02973	0.16882	0.07913	0.09982	0.02211	0.20536	0.03004	0.02504	0.03520	0.13831	0.03788	0.03376	0.01216	0.01154	0.00341	0.01363	0.01227	0.00646	0.01372
12	0.02842	0.01947	0.03251	0.38072	0.05785	0.02148	0.07181	0.03478	0.02415	0.18544	0.02570	0.03049	0.01779	0.01115	0.01077	0.00345	0.01296	0.01005	0.00720	0.01380
13	0.02866	0.02573	0.03499	0.10209	0.23895	0.07216	0.02595	0.07195	0.05722	0.07509	0.02173	0.02668	0.01738	0.01243	0.01558	0.00350	0.13913	0.00943	0.00642	0.01494
14	0.09559	0.02170	0.03483	0.30758	0.27881	0.02422	0.02878	0.02980	0.02207	0.03245	0.01883	0.02614	0.01496	0.00999	0.01010	0.00333	0.01280	0.00901	0.00513	0.01388

[dist]
# distance from previous block
# <min> <max>
3	6

[block]
# block no. 10 follows, 13 sequences, length 19
# corresponding to MSA columns:
# 412-430
name=unknown_K
#
# <colnr> <probs for GDERKNQSTAVLIFYWHMCP>
#	G	D	E	R	K	N	Q	S	T	A	V	L	I	F	Y	W	H	M	C	P
0	0.08608	0.03150	0.16371	0.02205	0.03002	0.08763	0.02114	0.03954	0.17343	0.07531	0.12474	0.03763	0.03525	0.01367	0.01036	0.00333	0.01090	0.01095	0.00846	0.01431
1	0.03528	0.06826	0.11832	0.02139	0.03016	0.02245	0.02004	0.12469	0.08922	0.25273	0.07927	0.03484	0.02903	0.01314	0.01044	0.00324	0.01027	0.01054	0.01025	0.01644
2	0.09205	0.34580	0.08411	0.02013	0.02926	0.03462	0.01937	0.14602	0.02839	0.08282	0.01973	0.02091	0.01543	0.01036	0.00820	0.00273	0.01124	0.00712	0.00679	0.01491
3	0.29291	0.06500	0.11116	0.02050	0.02906	0.07923	0.01913	0.12793	0.02740	0.10684	0.02071	0.02190	0.01504	0.01083	0.00863	0.00316	0.01131	0.00744	0.00752	0.01430
4	0.02717	0.02387	0.08978	0.02760	0.08870	0.02069	0.06823	0.07021	0.13018	0.12587	0.12431	0.04712	0.03906	0.01501	0.01140	0.00349	0.01039	0.05267	0.00936	0.01490
5	0.52997	0.02161	0.01835	0.01610	0.02271	0.02493	0.01309	0.07712	0.11181	0.04849	0.02053	0.02173	0.01561	0.01084	0.00761	0.00332	0.00850	0.00712	0.00761	0.01292
6	0.02353	0.01745	0.01955	0.01726	0.02221	0.01829	0.01346	0.08948	0.20697	0.08141	0.20424	0.06053	0.14481	0.01846	0.01155	0.00344	0.00723	0.01557	0.01100	0.01356
7	0.03003	0.02063	0.02783	0.02532	0.07336	0.02121	0.06191	0.07100	0.21449	0.16903	0.12670	0.04258	0.03893	0.01431	0.01114	0.00340	0.00931	0.01257	0.01051	0.01572
8	0.08120	0.01589	0.01783	0.01574	0.02000	0.01641	0.01226	0.10931	0.07741	0.04602	0.33848	0.06270	0.10770	0.01882	0.01147	0.00334	0.00672	0.01592	0.01079	0.01198
9	0.58766	0.02002	0.01712	0.01477	0.02160	0.02228	0.01217	0.03468	0.02015	0.13941	0.01947	0.02049	0.01404	0.01039	0.00726	0.00327	0.00832	0.00659	0.00770	0.01260
10	0.53084	0.02283	0.01975	0.01661	0.02365	0.02608	0.01370	0.16000	0.02624	0.05243	0.01749	0.01931	0.01315	0.01056	0.00759	0.00325	0.00908	0.00671	0.00759	0.01315
11	0.01406	0.01077	0.01287	0.01235	0.01524	0.00959	0.00926	0.01819	0.02778	0.03730	0.39121	0.08737	0.26862	0.02352	0.01248	0.00342	0.00512	0.02030	0.01097	0.00959
12	0.03692	0.01955	0.02787	0.22617	0.04385	0.02025	0.02093	0.09507	0.02917	0.32245	0.03181	0.03206	0.02100	0.01215	0.01060	0.00335	0.01109	0.01007	0.00984	0.01578
13	0.19206	0.02048	0.02609	0.02010	0.02823	0.01969	0.05750	0.08383	0.02807	0.32473	0.03083	0.02917	0.02052	0.01158	0.00965	0.00316	0.00969	0.00926	0.01024	0.06510
14	0.04546	0.02117	0.02650	0.02032	0.02857	0.02025	0.01678	0.18147	0.03558	0.43234	0.03725	0.03309	0.02393	0.01298	0.01062	0.00324	0.00972	0.01033	0.01240	0.01799
15	0.03996	0.01966	0.02431	0.01977	0.02717	0.01935	0.01596	0.05318	0.21186	0.38378	0.04218	0.03721	0.02833	0.01353	0.01068	0.00338	0.00877	0.01110	0.01226	0.01755
16	0.04434	0.01731	0.02354	0.01829	0.02592	0.01501	0.01501	0.04852	0.03023	0.51950	0.09083	0.04009	0.03319	0.01390	0.01081	0.00328	0.00861	0.01144	0.01295	0.01723
17	0.02838	0.18690	0.13897	0.02975	0.09314	0.02780	0.10177	0.07776	0.02675	0.09815	0.06942	0.02924	0.02381	0.01116	0.00996	0.00305	0.01244	0.00965	0.00690	0.01499
18	0.08246	0.02322	0.07426	0.12603	0.09536	0.02082	0.02190	0.08455	0.02822	0.29123	0.03013	0.03017	0.02023	0.01173	0.01027	0.00330	0.01101	0.00961	0.00937	0.01613

[dist]
# distance from previous block
# <min> <max>
1	29

[block]
# block no. 11 follows, 13 sequences, length 50
# corresponding to MSA columns:
# 460-509
name=unknown_L
#
# <colnr> <probs for GDERKNQSTAVLIFYWHMCP>
#	G	D	E	R	K	N	Q	S	T	A	V	L	I	F	Y	W	H	M	C	P
0	0.14695	0.02071	0.03060	0.22881	0.19314	0.02238	0.02430	0.03424	0.02327	0.14281	0.02304	0.02727	0.01683	0.01062	0.00985	0.00332	0.01159	0.00901	0.00687	0.01438
1	0.07256	0.02840	0.14386	0.14010	0.04038	0.02402	0.02378	0.07319	0.18426	0.11715	0.02977	0.03061	0.02136	0.01207	0.01026	0.00343	0.01138	0.00979	0.00823	0.01540
2	0.02892	0.06202	0.03319	0.06781	0.14209	0.02197	0.06785	0.10010	0.02823	0.13193	0.06580	0.09590	0.02965	0.01384	0.01074	0.00320	0.01074	0.01238	0.00830	0.06534
3	0.19399	0.08516	0.03890	0.04085	0.24589	0.08655	0.09813	0.03329	0.02309	0.03577	0.01797	0.02268	0.01470	0.00956	0.00935	0.00311	0.01285	0.00833	0.00553	0.01429
4	0.07361	0.10008	0.06467	0.08045	0.10782	0.02122	0.01982	0.03397	0.02382	0.16975	0.02835	0.09128	0.02360	0.01286	0.00973	0.00303	0.01019	0.01072	0.00778	0.10725
5	0.02676	0.07054	0.13360	0.03265	0.15266	0.02292	0.05598	0.03459	0.06029	0.12359	0.03693	0.03823	0.09642	0.01356	0.01225	0.00336	0.05212	0.01128	0.00738	0.01488
6	0.02733	0.02075	0.02882	0.02463	0.06329	0.02015	0.08529	0.07598	0.14352	0.11674	0.09189	0.04076	0.06652	0.01342	0.01072	0.00309	0.00962	0.01192	0.00921	0.13636
7	0.07130	0.01946	0.02461	0.18650	0.03625	0.06058	0.01933	0.02514	0.02106	0.02997	0.11234	0.03912	0.03178	0.07761	0.05832	0.00520	0.15311	0.01129	0.00630	0.01075
8	0.07610	0.09598	0.31960	0.02409	0.03585	0.02308	0.02771	0.03652	0.02429	0.16052	0.05802	0.02829	0.02181	0.01139	0.00978	0.00322	0.01244	0.00885	0.00711	0.01533
9	0.03175	0.34126	0.04744	0.02513	0.03315	0.23155	0.09188	0.03570	0.02497	0.02653	0.01624	0.01937	0.01394	0.00968	0.00857	0.00261	0.01498	0.00705	0.00497	0.01321
10	0.01538	0.01025	0.01153	0.01153	0.01153	0.01025	0.00641	0.01538	0.01538	0.02050	0.03331	0.06919	0.03844	0.62842	0.05382	0.01025	0.01025	0.01538	0.00641	0.00641
11	0.01510	0.01133	0.01699	0.01699	0.01888	0.01322	0.01322	0.01888	0.01699	0.02454	0.02832	0.04154	0.02643	0.07930	0.58652	0.01699	0.02832	0.01133	0.00566	0.00944
12	0.02112	0.02041	0.03585	0.49114	0.12461	0.02398	0.07675	0.02826	0.02182	0.02849	0.01916	0.02800	0.01457	0.01029	0.01074	0.00349	0.01428	0.00969	0.00482	0.01253
13	0.01803	0.01232	0.01369	0.01290	0.01380	0.01266	0.00787	0.07008	0.01905	0.02543	0.03247	0.06451	0.03625	0.56261	0.04919	0.00949	0.01040	0.01475	0.00685	0.00764
14	0.02496	0.02852	0.06239	0.04456	0.05526	0.02674	0.52406	0.03387	0.02496	0.03387	0.02139	0.02852	0.01604	0.00891	0.01248	0.00357	0.01783	0.01248	0.00535	0.01426
15	0.02620	0.02556	0.04654	0.07573	0.04618	0.02565	0.30602	0.12347	0.06490	0.03939	0.02739	0.09206	0.02315	0.01269	0.01198	0.00357	0.01451	0.01356	0.00712	0.01433
16	0.02086	0.01971	0.03333	0.52541	0.14343	0.02373	0.02981	0.02780	0.02156	0.02810	0.01895	0.02790	0.01448	0.01040	0.01056	0.00347	0.01387	0.00940	0.00478	0.01247
17	0.02548	0.17164	0.40696	0.02642	0.03987	0.02719	0.03218	0.03503	0.02300	0.08901	0.02051	0.02267	0.01480	0.01016	0.00943	0.00311	0.01402	0.00766	0.00540	0.01545
18	0.02589	0.02715	0.08954	0.15199	0.33615	0.02603	0.03064	0.08403	0.02564	0.03597	0.01983	0.02590	0.01591	0.01059	0.01192	0.00332	0.04907	0.00926	0.00560	0.01556
19	0.02102	0.01987	0.03361	0.51178	0.15583	0.02377	0.02989	0.02794	0.02164	0.02829	0.01898	0.02785	0.01454	0.01038	0.01055	0.00346	0.01383	0.00940	0.00479	0.01259
20	0.02110	0.02021	0.03425	0.48802	0.06663	0.02410	0.08104	0.03052	0.07121	0.02938	0.02138	0.02930	0.01603	0.01075	0.01079	0.00353	0.01395	0.00997	0.00534	0.01249
21	0.08460	0.04082	0.03062	0.02918	0.08224	0.35804	0.02087	0.15927	0.03341	0.03818	0.01878	0.02116	0.01483	0.01112	0.00967	0.00291	0.01587	0.00765	0.00676	0.01403
22	0.02311	0.21146	0.43358	0.02688	0.04073	0.02923	0.03340	0.03299	0.02210	0.03116	0.01782	0.02087	0.01344	0.00978	0.00916	0.00305	0.01446	0.00723	0.00448	0.01507
23	0.01278	0.00958	0.01188	0.01371	0.01507	0.00867	0.00937	0.01484	0.02121	0.02739	0.07054	0.49101	0.19252	0.03153	0.01324	0.00411	0.00594	0.02811	0.00982	0.00867
24	0.01419	0.01038	0.01296	0.01397	0.01569	0.00969	0.01013	0.01701	0.02284	0.03018	0.16370	0.26716	0.15993	0.11038	0.01878	0.00487	0.00686	0.09280	0.00970	0.00880
25	0.02948	0.20505	0.22722	0.02392	0.03458	0.06324	0.02538	0.08486	0.08171	0.09350	0.02330	0.02426	0.01731	0.01086	0.00930	0.00301	0.01276	0.00807	0.00674	0.01545
26	0.01288	0.00920	0.01227	0.01472	0.01534	0.00859	0.00981	0.01472	0.02024	0.02699	0.05828	0.62152	0.06993	0.03312	0.01350	0.00429	0.00613	0.03006	0.00981	0.00859
27	0.02208	0.02212	0.04102	0.38800	0.13525	0.02454	0.15514	0.02949	0.02251	0.02978	0.01960	0.02800	0.01495	0.00999	0.01104	0.00348	0.01483	0.01018	0.00494	0.01307
28	0.02941	0.08976	0.07727	0.17162	0.12230	0.02451	0.12544	0.03598	0.02463	0.15958	0.02453	0.02823	0.01766	0.01047	0.01051	0.00327	0.01321	0.00981	0.00688	0.01493
29	0.09976	0.02272	0.03725	0.19759	0.29757	0.02402	0.06677	0.03224	0.02312	0.06975	0.02061	0.02657	0.01604	0.00997	0.01024	0.00330	0.01266	0.00933	0.00577	0.01473
30	0.01538	0.01025	0.01153	0.01153	0.01153	0.01025	0.00641	0.01538	0.01538	0.02050	0.03331	0.06919	0.03844	0.62842	0.05382	0.01025	0.01025	0.01538	0.00641	0.00641
31	0.02611	0.13374	0.36845	0.02843	0.04156	0.02620	0.08580	0.03562	0.02352	0.10246	0.02158	0.02399	0.01538	0.01017	0.00990	0.00320	0.01435	0.00837	0.00570	0.01548
32	0.02681	0.03715	0.31843	0.02606	0.03741	0.02025	0.06509	0.03551	0.02483	0.16467	0.06524	0.07707	0.02716	0.01332	0.01081	0.00342	0.01268	0.01138	0.00756	0.01516
33	0.02827	0.63478	0.05540	0.01809	0.02714	0.04184	0.01809	0.03166	0.02148	0.02488	0.01470	0.01696	0.01357	0.00905	0.00678	0.00226	0.01131	0.00565	0.00452	0.01357
34	0.02483	0.02376	0.04050	0.18084	0.45697	0.02477	0.03178	0.03128	0.02344	0.03292	0.01965	0.02660	0.01618	0.00967	0.01049	0.00322	0.01289	0.00942	0.00512	0.01567
35	0.02803	0.06794	0.08275	0.05008	0.32659	0.02549	0.13244	0.03485	0.02464	0.09212	0.02217	0.02685	0.01718	0.00973	0.01063	0.00320	0.01340	0.00983	0.00601	0.01607
36	0.02113	0.01998	0.03381	0.50204	0.16469	0.02380	0.02994	0.02803	0.02169	0.02843	0.01900	0.02781	0.01459	0.01036	0.01055	0.00345	0.01381	0.00940	0.00480	0.01268
37	0.01364	0.01068	0.01245	0.01284	0.01562	0.00948	0.00972	0.01700	0.02502	0.03207	0.20539	0.17040	0.32437	0.02665	0.01285	0.00375	0.00584	0.07273	0.01026	0.00922
38	0.04366	0.01703	0.02320	0.01837	0.02572	0.01478	0.01491	0.04751	0.02917	0.51052	0.04352	0.09992	0.03095	0.01527	0.01095	0.00338	0.00868	0.01275	0.01273	0.01697
39	0.02812	0.07524	0.23269	0.11525	0.11559	0.02386	0.06471	0.03621	0.02424	0.14801	0.02387	0.02672	0.01691	0.01054	0.01026	0.00327	0.01342	0.00905	0.00653	0.01549
40	0.01334	0.00953	0.01279	0.01524	0.01605	0.00898	0.01060	0.01551	0.02069	0.02750	0.05802	0.56668	0.06894	0.03270	0.01362	0.00436	0.00653	0.08042	0.00981	0.00871
41	0.02322	0.02212	0.03759	0.32051	0.32988	0.02435	0.03098	0.02987	0.02268	0.03097	0.01937	0.02713	0.01549	0.00997	0.01052	0.00332	0.01329	0.00941	0.00498	0.01437
42	0.08837	0.01944	0.02683	0.02075	0.02881	0.01800	0.05526	0.04919	0.07781	0.44215	0.03840	0.03445	0.02495	0.01266	0.01051	0.00332	0.00957	0.01057	0.01181	0.01713
43	0.04161	0.02192	0.02631	0.02076	0.02861	0.02207	0.01696	0.17749	0.13047	0.34007	0.03766	0.03384	0.02515	0.01322	0.01064	0.00330	0.00957	0.01058	0.01199	0.01776
44	0.01997	0.01879	0.03171	0.60301	0.07282	0.02349	0.02936	0.02701	0.02114	0.02701	0.01879	0.02819	0.01409	0.01057	0.01057	0.00352	0.01409	0.00940	0.00470	0.01175
45	0.02691	0.02762	0.03872	0.16796	0.38437	0.10863	0.03003	0.03281	0.02436	0.03173	0.01914	0.02551	0.01574	0.00987	0.01035	0.00316	0.01384	0.00903	0.00516	0.01507
46	0.01576	0.01011	0.01182	0.01182	0.01182	0.01011	0.00676	0.01517	0.01517	0.02023	0.03139	0.06443	0.03586	0.55232	0.05221	0.09798	0.01011	0.01458	0.00617	0.00617
47	0.02433	0.02374	0.04191	0.21098	0.37335	0.02485	0.08414	0.03110	0.02336	0.03240	0.01975	0.02698	0.01594	0.00968	0.01071	0.00329	0.01355	0.00974	0.00510	0.01510
48	0.02192	0.01879	0.02192	0.01566	0.02506	0.01409	0.01253	0.02662	0.02192	0.03445	0.01879	0.02192	0.01566	0.00783	0.00783	0.00157	0.00783	0.00626	0.00626	0.69305
49	0.01549	0.01105	0.01556	0.01632	0.01825	0.01178	0.01281	0.01943	0.02074	0.02930	0.09641	0.14262	0.04776	0.05165	0.28589	0.01023	0.01724	0.11529	0.05270	0.00947

[dist]
# distance from previous block
# <min> <max>
0	357

# created by:
# /st0/software/busco_prod/Augustus/scripts/msa2prfl.pl ./align_prep/11939.fa
