[name]
unknown

[dist]
# distance from previous block
# <min> <max>
0	36

[block]
# block no. 0 follows, 10 sequences, length 27
# corresponding to MSA columns:
# 36-62
name=unknown_A
#
# <colnr> <probs for GDERKNQSTAVLIFYWHMCP>
#	G	D	E	R	K	N	Q	S	T	A	V	L	I	F	Y	W	H	M	C	P
0	0.01874	0.01339	0.01874	0.02142	0.02410	0.01339	0.01874	0.02410	0.02677	0.03481	0.06158	0.13119	0.06693	0.03213	0.01606	0.00535	0.01071	0.44043	0.01071	0.01071
1	0.02196	0.02067	0.03488	0.56331	0.08010	0.02584	0.03230	0.02972	0.02326	0.02972	0.02067	0.03101	0.01550	0.01163	0.01163	0.00388	0.01550	0.01034	0.00517	0.01292
2	0.02080	0.01922	0.03377	0.23002	0.05009	0.02040	0.11447	0.02803	0.02813	0.03829	0.22557	0.05429	0.05508	0.01630	0.01293	0.00379	0.01218	0.01547	0.00849	0.01268
3	0.02879	0.02763	0.04721	0.07139	0.51871	0.02763	0.03569	0.03569	0.02648	0.03800	0.02188	0.02879	0.01842	0.01036	0.01151	0.00345	0.01382	0.01036	0.00576	0.01842
4	0.02595	0.02474	0.04209	0.27570	0.33654	0.02689	0.03428	0.03321	0.02514	0.03456	0.02138	0.02971	0.01721	0.01089	0.01156	0.00363	0.01452	0.01035	0.00551	0.01614
5	0.03426	0.02387	0.03402	0.03142	0.07815	0.02896	0.02380	0.03785	0.02357	0.18721	0.02563	0.03026	0.01987	0.01748	0.02716	0.00446	0.33773	0.01068	0.00811	0.01552
6	0.02664	0.02517	0.04125	0.22277	0.33165	0.02719	0.03292	0.03636	0.07168	0.03641	0.02399	0.03092	0.01917	0.01130	0.01158	0.00364	0.01390	0.01063	0.00617	0.01668
7	0.02790	0.02793	0.04906	0.05937	0.33907	0.02949	0.11720	0.03452	0.02502	0.03595	0.02093	0.02864	0.01768	0.01216	0.01701	0.00385	0.12079	0.01096	0.00565	0.01682
8	0.02375	0.01954	0.02183	0.01992	0.02490	0.02147	0.01532	0.04525	0.30466	0.04782	0.24057	0.06145	0.06634	0.01910	0.01262	0.00383	0.00766	0.01642	0.01224	0.01532
9	0.02816	0.02049	0.03327	0.45210	0.06977	0.02405	0.02918	0.03524	0.02531	0.13158	0.02584	0.03277	0.01823	0.01219	0.01164	0.00382	0.01435	0.01061	0.00706	0.01433
10	0.02480	0.02356	0.04000	0.35899	0.26228	0.02658	0.03371	0.03220	0.02460	0.03316	0.02117	0.03008	0.01672	0.01110	0.01158	0.00370	0.01480	0.01035	0.00541	0.01521
11	0.03509	0.01727	0.02347	0.02016	0.02604	0.01721	0.01616	0.04228	0.07358	0.27147	0.03991	0.04250	0.02958	0.04478	0.23329	0.00990	0.01866	0.01216	0.01075	0.01575
12	0.01743	0.01330	0.01634	0.01729	0.01951	0.01345	0.01227	0.02601	0.11447	0.03675	0.15284	0.37956	0.07581	0.02993	0.01404	0.00436	0.00695	0.02683	0.01140	0.01146
13	0.03222	0.02707	0.03290	0.35112	0.06141	0.12227	0.02732	0.03841	0.02715	0.13134	0.02533	0.03087	0.01813	0.01226	0.01143	0.00365	0.01539	0.01008	0.00722	0.01444
14	0.01673	0.01199	0.01632	0.01632	0.01757	0.01325	0.01158	0.01924	0.01799	0.02524	0.03332	0.05772	0.03430	0.28648	0.35306	0.01576	0.02329	0.01422	0.00655	0.00907
15	0.01661	0.01246	0.01869	0.01869	0.02077	0.01454	0.01454	0.02077	0.01869	0.02700	0.03115	0.04569	0.02908	0.08723	0.54517	0.01869	0.03115	0.01246	0.00623	0.01038
16	0.02336	0.02210	0.03741	0.46249	0.16999	0.02621	0.03300	0.03094	0.02392	0.03141	0.02092	0.03055	0.01610	0.01137	0.01160	0.00379	0.01516	0.01034	0.00529	0.01405
17	0.02299	0.01847	0.01993	0.01779	0.02300	0.01911	0.01383	0.10176	0.15439	0.04554	0.16642	0.07591	0.22995	0.02233	0.01291	0.00381	0.00775	0.01867	0.01161	0.01384
18	0.03574	0.03325	0.02971	0.02526	0.03150	0.22576	0.06314	0.04299	0.07316	0.11312	0.07728	0.03702	0.03095	0.01390	0.01106	0.00329	0.01402	0.01115	0.11324	0.01446
19	0.02196	0.02033	0.02895	0.02586	0.02668	0.02731	0.02114	0.02514	0.01816	0.02760	0.02153	0.03343	0.02071	0.04672	0.23807	0.01045	0.35753	0.01108	0.00554	0.01180
20	0.54431	0.02924	0.02035	0.01830	0.02525	0.13235	0.01462	0.03670	0.02249	0.04732	0.01656	0.01932	0.01308	0.01104	0.00787	0.00348	0.01145	0.00654	0.00695	0.01278
21	0.01635	0.01104	0.01285	0.01340	0.01354	0.01090	0.00782	0.01677	0.01801	0.02401	0.04227	0.18013	0.04938	0.47756	0.05011	0.00993	0.01035	0.02022	0.00782	0.00754
22	0.02334	0.02255	0.03518	0.35324	0.06056	0.02970	0.02960	0.02904	0.02111	0.02904	0.01854	0.02881	0.01541	0.01507	0.02209	0.00435	0.23412	0.01027	0.00514	0.01284
23	0.02813	0.04614	0.35326	0.02811	0.04267	0.02322	0.03324	0.03860	0.02588	0.11601	0.02487	0.02689	0.01747	0.01113	0.01069	0.00330	0.01438	0.00877	0.00682	0.14043
24	0.02412	0.02067	0.02412	0.01723	0.02756	0.01550	0.01378	0.02929	0.02412	0.03790	0.02067	0.02412	0.01723	0.00861	0.00861	0.00172	0.00861	0.00689	0.00689	0.66236
25	0.01668	0.01222	0.01746	0.01746	0.01911	0.01387	0.01300	0.01998	0.01833	0.02609	0.03228	0.05192	0.03178	0.19052	0.44558	0.01717	0.02708	0.01337	0.00640	0.00970
26	0.02879	0.02763	0.04721	0.07139	0.51871	0.02763	0.03569	0.03569	0.02648	0.03800	0.02188	0.02879	0.01842	0.01036	0.01151	0.00345	0.01382	0.01036	0.00576	0.01842

[dist]
# distance from previous block
# <min> <max>
0	6

[block]
# block no. 1 follows, 10 sequences, length 14
# corresponding to MSA columns:
# 69-79,111-113
name=unknown_B
#
# <colnr> <probs for GDERKNQSTAVLIFYWHMCP>
#	G	D	E	R	K	N	Q	S	T	A	V	L	I	F	Y	W	H	M	C	P
0	0.01608	0.01187	0.01501	0.01423	0.01714	0.01081	0.01067	0.02120	0.03202	0.04449	0.45675	0.09042	0.16691	0.02458	0.01372	0.00370	0.00554	0.02153	0.01252	0.01081
1	0.01407	0.01049	0.01311	0.01520	0.01661	0.00953	0.01036	0.01631	0.02322	0.03008	0.07617	0.47769	0.17511	0.03487	0.01460	0.00454	0.00656	0.03115	0.01080	0.00953
2	0.01578	0.01075	0.01380	0.01507	0.01663	0.01008	0.01053	0.01927	0.02579	0.03653	0.19837	0.36647	0.08131	0.02981	0.01369	0.00415	0.00620	0.02670	0.08899	0.01008
3	0.03109	0.59826	0.06095	0.01990	0.02985	0.04602	0.01990	0.03483	0.02363	0.02736	0.01617	0.01866	0.01493	0.00995	0.00746	0.00249	0.01244	0.00622	0.00498	0.01493
4	0.67341	0.02249	0.01709	0.01529	0.02249	0.02609	0.01260	0.03419	0.01979	0.05218	0.01619	0.01889	0.01260	0.01080	0.00720	0.00360	0.00900	0.00630	0.00720	0.01260
5	0.04345	0.05543	0.03296	0.02996	0.03596	0.54457	0.02247	0.04644	0.03296	0.02846	0.01798	0.02097	0.01498	0.01199	0.01049	0.00300	0.02097	0.00749	0.00599	0.01348
6	0.01691	0.01128	0.01268	0.01268	0.01268	0.01128	0.00705	0.01691	0.01691	0.02255	0.03665	0.07611	0.04228	0.59126	0.05920	0.01128	0.01128	0.01691	0.00705	0.00705
7	0.01464	0.01163	0.01315	0.01316	0.01636	0.01014	0.00972	0.01828	0.02804	0.03598	0.23515	0.15643	0.33925	0.02846	0.01386	0.00393	0.00586	0.02439	0.01143	0.01014
8	0.03411	0.02518	0.03358	0.02779	0.03113	0.03152	0.02310	0.09834	0.02650	0.14645	0.02394	0.02897	0.01894	0.01811	0.02847	0.00453	0.36536	0.01056	0.00811	0.01531
9	0.05218	0.01979	0.02699	0.02069	0.02969	0.01709	0.01709	0.05668	0.03329	0.52677	0.04588	0.03959	0.02879	0.01439	0.01170	0.00360	0.00990	0.01170	0.01439	0.01979
10	0.02123	0.01462	0.01628	0.01587	0.01925	0.01535	0.01184	0.03325	0.14929	0.04307	0.14075	0.14450	0.05549	0.02011	0.01137	0.00357	0.00665	0.01730	0.24760	0.01260
11	0.02473	0.08456	0.18349	0.07221	0.08162	0.02476	0.02743	0.08052	0.03002	0.04163	0.13867	0.04942	0.04242	0.01612	0.01195	0.00369	0.01253	0.05110	0.00811	0.01501
12	0.04049	0.02621	0.04137	0.03890	0.14699	0.02538	0.11498	0.12458	0.03445	0.23607	0.03273	0.03339	0.02258	0.01248	0.01205	0.00361	0.01326	0.01158	0.01024	0.01865
13	0.01963	0.01500	0.02024	0.09606	0.03012	0.01566	0.01764	0.06272	0.02738	0.03567	0.05863	0.24426	0.09889	0.02867	0.01446	0.00466	0.00993	0.17897	0.01004	0.01137

[dist]
# distance from previous block
# <min> <max>
0	26

[block]
# block no. 2 follows, 10 sequences, length 11
# corresponding to MSA columns:
# 140-150
name=unknown_C
#
# <colnr> <probs for GDERKNQSTAVLIFYWHMCP>
#	G	D	E	R	K	N	Q	S	T	A	V	L	I	F	Y	W	H	M	C	P
0	0.02286	0.02089	0.03285	0.31312	0.14152	0.02250	0.02710	0.02939	0.02391	0.03283	0.02509	0.08268	0.02231	0.01320	0.01131	0.00345	0.01297	0.01185	0.00616	0.14403
1	0.02784	0.01265	0.01410	0.01283	0.01681	0.01210	0.00994	0.03307	0.02619	0.14096	0.03954	0.04260	0.02960	0.01372	0.00885	0.00289	0.00632	0.01101	0.52633	0.01265
2	0.01590	0.01187	0.01477	0.01404	0.01703	0.01074	0.01053	0.02086	0.03160	0.04350	0.43108	0.09205	0.19319	0.02495	0.01372	0.00371	0.00557	0.02176	0.01239	0.01074
3	0.02793	0.02475	0.04324	0.14485	0.09379	0.02561	0.17515	0.04021	0.11067	0.08027	0.03317	0.04489	0.02685	0.01414	0.01285	0.00400	0.01458	0.05933	0.00806	0.01567
4	0.15384	0.07379	0.11825	0.07998	0.13794	0.02841	0.07676	0.03644	0.02437	0.08262	0.02188	0.02659	0.01679	0.01181	0.01289	0.00369	0.06226	0.00945	0.00654	0.01571
5	0.02333	0.06016	0.53100	0.03315	0.05034	0.02701	0.04297	0.03683	0.02455	0.03683	0.02087	0.02455	0.01473	0.01105	0.01105	0.00368	0.01719	0.00859	0.00491	0.01719
6	0.01417	0.01012	0.01350	0.01619	0.01687	0.00945	0.01080	0.01619	0.02227	0.02969	0.06410	0.58367	0.07692	0.03644	0.01484	0.00472	0.00675	0.03306	0.01080	0.00945
7	0.02411	0.03056	0.13844	0.32099	0.19471	0.02657	0.03539	0.03280	0.02441	0.03343	0.02104	0.02909	0.01615	0.01116	0.01148	0.00372	0.01538	0.00999	0.00528	0.01529
8	0.03541	0.03141	0.03326	0.03403	0.12376	0.10441	0.02294	0.20741	0.13276	0.05126	0.03253	0.08030	0.02715	0.01539	0.01178	0.00361	0.01290	0.01260	0.00968	0.01740
9	0.01694	0.01210	0.01667	0.01936	0.02125	0.01183	0.01561	0.02098	0.02500	0.03279	0.06257	0.30956	0.07087	0.03383	0.01558	0.00511	0.00915	0.27985	0.01074	0.01021
10	0.54327	0.02353	0.02317	0.02662	0.12268	0.02640	0.01726	0.03449	0.02114	0.04932	0.01734	0.02089	0.01377	0.01071	0.00807	0.00357	0.00997	0.00712	0.00691	0.01377

[dist]
# distance from previous block
# <min> <max>
0	1

[block]
# block no. 3 follows, 10 sequences, length 23
# corresponding to MSA columns:
# 152-174
name=unknown_D
#
# <colnr> <probs for GDERKNQSTAVLIFYWHMCP>
#	G	D	E	R	K	N	Q	S	T	A	V	L	I	F	Y	W	H	M	C	P
0	0.02992	0.03020	0.10961	0.03813	0.17729	0.02490	0.02687	0.07804	0.02802	0.08342	0.02346	0.02742	0.01828	0.01167	0.01328	0.00319	0.06667	0.00926	0.00720	0.19312
1	0.02679	0.29999	0.32150	0.02724	0.04121	0.03548	0.03269	0.03594	0.02414	0.03261	0.01878	0.02193	0.01482	0.01056	0.00945	0.00315	0.01507	0.00754	0.00494	0.01618
2	0.01659	0.01135	0.01373	0.01401	0.01441	0.01162	0.00863	0.01746	0.01774	0.02399	0.03854	0.12253	0.04366	0.45405	0.13292	0.01181	0.01402	0.01783	0.00729	0.00783
3	0.03748	0.02634	0.03773	0.04553	0.25665	0.02673	0.02675	0.12660	0.08230	0.16688	0.03160	0.03282	0.02302	0.01260	0.01161	0.00355	0.01218	0.01100	0.00963	0.01901
4	0.20443	0.09851	0.19948	0.02341	0.03482	0.02606	0.02501	0.04155	0.02568	0.17913	0.02622	0.02667	0.01819	0.01181	0.00982	0.00350	0.01242	0.00860	0.00822	0.01646
5	0.04259	0.02129	0.02604	0.02098	0.02898	0.02064	0.01700	0.09485	0.13104	0.33199	0.05189	0.04674	0.07962	0.01620	0.01193	0.00369	0.00962	0.01321	0.01322	0.01847
6	0.03731	0.02407	0.02996	0.12777	0.04040	0.02590	0.02125	0.19640	0.08356	0.17193	0.08669	0.03946	0.03270	0.01488	0.01190	0.00365	0.01145	0.01218	0.01121	0.01734
7	0.03140	0.02563	0.03418	0.03182	0.08689	0.09832	0.10751	0.03626	0.02720	0.12773	0.03545	0.05565	0.03209	0.12486	0.02159	0.00529	0.01428	0.08130	0.00853	0.01402
8	0.02977	0.02008	0.03544	0.02760	0.03467	0.01866	0.15800	0.03588	0.02892	0.17571	0.13933	0.09701	0.04709	0.02434	0.06698	0.00534	0.01384	0.01634	0.01025	0.01473
9	0.03756	0.01953	0.02416	0.02075	0.02737	0.01929	0.01628	0.05042	0.17576	0.28138	0.04987	0.14640	0.04022	0.01911	0.01235	0.00392	0.00907	0.01630	0.01290	0.01735
10	0.02567	0.02464	0.04074	0.25382	0.27712	0.02815	0.03285	0.03224	0.02394	0.03332	0.02042	0.02913	0.01683	0.01235	0.01557	0.00386	0.09814	0.01032	0.00543	0.01546
11	0.03011	0.08803	0.08230	0.13804	0.20318	0.08814	0.03031	0.07785	0.02801	0.03669	0.02049	0.02655	0.01668	0.01217	0.01376	0.00358	0.07263	0.00948	0.00603	0.01599
12	0.01854	0.01165	0.01554	0.01640	0.01795	0.01147	0.01135	0.02080	0.02151	0.07172	0.05077	0.33275	0.05666	0.15191	0.12612	0.00861	0.01264	0.02404	0.00950	0.01008
13	0.02774	0.03133	0.12564	0.02667	0.03535	0.06501	0.07268	0.03675	0.07107	0.08352	0.03194	0.11241	0.02833	0.01585	0.01366	0.00356	0.05639	0.01329	0.00798	0.14082
14	0.01591	0.01960	0.11156	0.01941	0.02321	0.01277	0.01689	0.02011	0.02270	0.03104	0.05591	0.47772	0.06514	0.03163	0.01413	0.00453	0.00873	0.02843	0.00968	0.01091
15	0.02095	0.01865	0.02557	0.02257	0.02394	0.02328	0.01820	0.02496	0.02538	0.03733	0.26436	0.05622	0.06259	0.02207	0.02592	0.00437	0.28723	0.01562	0.00895	0.01185
16	0.13338	0.02930	0.03705	0.05027	0.31088	0.10371	0.02764	0.03541	0.02551	0.03762	0.02141	0.02790	0.01815	0.01922	0.06996	0.00510	0.01604	0.00951	0.00608	0.01585
17	0.18537	0.08056	0.09573	0.01622	0.02296	0.02063	0.01568	0.03111	0.02319	0.04296	0.02775	0.03193	0.02174	0.01212	0.00827	0.00306	0.00879	0.00890	0.33037	0.01265
18	0.57863	0.02745	0.01948	0.01750	0.02452	0.10410	0.01408	0.03603	0.02177	0.04861	0.01646	0.01921	0.01295	0.01098	0.00769	0.00351	0.01080	0.00648	0.00702	0.01273
19	0.02466	0.02900	0.10612	0.02626	0.03247	0.02728	0.02399	0.02977	0.02104	0.03279	0.01800	0.02485	0.01587	0.01484	0.02373	0.00370	0.29009	0.00879	0.00569	0.24105
20	0.23073	0.14343	0.12915	0.02271	0.03248	0.10661	0.02209	0.04029	0.02560	0.11731	0.02214	0.02359	0.01642	0.01144	0.00921	0.00331	0.01319	0.00778	0.00731	0.01522
21	0.02578	0.13730	0.13553	0.02695	0.08715	0.02487	0.02323	0.03255	0.02438	0.03573	0.02000	0.02370	0.01643	0.00955	0.00921	0.00245	0.01163	0.00749	0.00601	0.34006
22	0.13224	0.07929	0.03511	0.08370	0.08097	0.02653	0.06499	0.09924	0.02872	0.04326	0.02554	0.03706	0.02214	0.01310	0.01063	0.00336	0.01216	0.05678	0.00751	0.13768

[dist]
# distance from previous block
# <min> <max>
1	82

[block]
# block no. 4 follows, 10 sequences, length 34
# corresponding to MSA columns:
# 261-281,286-298
name=unknown_E
#
# <colnr> <probs for GDERKNQSTAVLIFYWHMCP>
#	G	D	E	R	K	N	Q	S	T	A	V	L	I	F	Y	W	H	M	C	P
0	0.11976	0.02913	0.02763	0.02227	0.03073	0.08789	0.01779	0.16395	0.11518	0.05047	0.02640	0.02745	0.02022	0.01205	0.01005	0.00301	0.01141	0.00897	0.00901	0.20663
1	0.04481	0.01990	0.02834	0.02676	0.09366	0.01778	0.01886	0.04974	0.03233	0.40430	0.09814	0.04376	0.03702	0.01497	0.01191	0.00359	0.00990	0.01263	0.01305	0.01856
2	0.03761	0.02232	0.03081	0.03338	0.15148	0.02190	0.02110	0.12082	0.03279	0.22203	0.03742	0.09188	0.03059	0.07205	0.01661	0.00441	0.01124	0.01375	0.01063	0.01718
3	0.03664	0.35672	0.10639	0.02172	0.03224	0.03488	0.02178	0.04177	0.02671	0.18180	0.02585	0.02578	0.01916	0.01145	0.00919	0.00297	0.01222	0.00818	0.00786	0.01669
4	0.03364	0.02371	0.02746	0.02672	0.09215	0.02541	0.01865	0.24949	0.03947	0.05727	0.03090	0.03387	0.02339	0.01332	0.01030	0.00319	0.01015	0.01060	0.25410	0.01622
5	0.01610	0.01361	0.01720	0.02084	0.08339	0.01225	0.01300	0.01966	0.02637	0.03348	0.13396	0.18394	0.32873	0.02761	0.01364	0.00398	0.00707	0.02385	0.01032	0.01102
6	0.10537	0.01512	0.02002	0.07479	0.07119	0.01557	0.01557	0.02390	0.02637	0.03975	0.21524	0.21766	0.06888	0.02342	0.01277	0.00398	0.00811	0.02065	0.01003	0.01162
7	0.10332	0.19004	0.03865	0.02672	0.09447	0.02783	0.01996	0.04530	0.02824	0.26936	0.03111	0.03002	0.02178	0.01221	0.01000	0.00325	0.01108	0.00939	0.00979	0.01749
8	0.04176	0.02224	0.03746	0.02799	0.03714	0.01992	0.14452	0.04783	0.03163	0.34285	0.08581	0.04197	0.03369	0.01404	0.01246	0.00369	0.01217	0.01319	0.01186	0.01778
9	0.02208	0.01231	0.01496	0.01434	0.01765	0.01136	0.01072	0.02654	0.02791	0.10534	0.19110	0.16046	0.10959	0.02239	0.01202	0.00359	0.00633	0.01934	0.20024	0.01172
10	0.47262	0.07952	0.02596	0.02294	0.08290	0.02735	0.01650	0.03664	0.02229	0.09460	0.01978	0.02208	0.01511	0.01101	0.00818	0.00347	0.01000	0.00730	0.00751	0.01422
11	0.15534	0.13106	0.09516	0.10300	0.13238	0.02800	0.02496	0.03524	0.02514	0.08124	0.06347	0.03071	0.02452	0.01212	0.01009	0.00342	0.01219	0.00963	0.00708	0.01524
12	0.09766	0.15249	0.04331	0.04050	0.21026	0.03415	0.02567	0.17669	0.03418	0.04832	0.02200	0.02534	0.01752	0.01146	0.01025	0.00327	0.01272	0.00910	0.00760	0.01752
13	0.04345	0.05543	0.03296	0.02996	0.03596	0.54457	0.02247	0.04644	0.03296	0.02846	0.01798	0.02097	0.01498	0.01199	0.01049	0.00300	0.02097	0.00749	0.00599	0.01348
14	0.08918	0.04141	0.27619	0.09108	0.04561	0.02558	0.03142	0.08058	0.02773	0.08918	0.02354	0.02655	0.01674	0.01147	0.01064	0.00348	0.01424	0.00891	0.00694	0.07952
15	0.11112	0.04947	0.37153	0.03387	0.04866	0.02736	0.12395	0.03656	0.02449	0.03897	0.02077	0.02513	0.01502	0.01077	0.01106	0.00372	0.01657	0.00929	0.00541	0.01628
16	0.02374	0.02311	0.03526	0.29084	0.05475	0.03084	0.02879	0.02883	0.02047	0.02883	0.01791	0.02816	0.01538	0.01609	0.02520	0.00450	0.29907	0.01026	0.00513	0.01282
17	0.01800	0.01089	0.01350	0.01350	0.01350	0.01089	0.00805	0.01633	0.01633	0.02178	0.03122	0.06266	0.03500	0.40949	0.05466	0.22587	0.01089	0.01467	0.00639	0.00639
18	0.01592	0.01133	0.01321	0.01328	0.01506	0.01049	0.00892	0.01748	0.02301	0.02992	0.14548	0.12974	0.20362	0.21364	0.03177	0.07032	0.00806	0.02079	0.00936	0.00862
19	0.01646	0.01189	0.01555	0.01463	0.01738	0.01097	0.01097	0.02195	0.03292	0.04664	0.51257	0.08688	0.10974	0.02378	0.01372	0.00366	0.00549	0.02103	0.01280	0.01097
20	0.03728	0.01542	0.01910	0.01588	0.02180	0.01404	0.01271	0.04223	0.02894	0.29058	0.04200	0.04143	0.02929	0.01398	0.00995	0.00316	0.00771	0.01128	0.32779	0.01542
21	0.02893	0.02498	0.02630	0.02367	0.03024	0.02893	0.01841	0.06180	0.49770	0.04865	0.04734	0.04339	0.03550	0.01578	0.01183	0.00394	0.00920	0.01315	0.01183	0.01841
22	0.02745	0.03137	0.06863	0.04902	0.06078	0.02941	0.47647	0.03725	0.02745	0.03725	0.02353	0.03137	0.01765	0.00980	0.01373	0.00392	0.01961	0.01373	0.00588	0.01569
23	0.03109	0.59826	0.06095	0.01990	0.02985	0.04602	0.01990	0.03483	0.02363	0.02736	0.01617	0.01866	0.01493	0.00995	0.00746	0.00249	0.01244	0.00622	0.00498	0.01493
24	0.10964	0.13677	0.12911	0.08251	0.12776	0.02814	0.02670	0.03988	0.02608	0.15045	0.02543	0.02767	0.01854	0.01152	0.01021	0.00341	0.01285	0.00909	0.00758	0.01665
25	0.04374	0.07121	0.03380	0.03085	0.12586	0.02268	0.02110	0.05114	0.07188	0.34608	0.03875	0.03601	0.02616	0.01334	0.01131	0.00351	0.01082	0.01109	0.01167	0.01899
26	0.01417	0.01012	0.01350	0.01619	0.01687	0.00945	0.01080	0.01619	0.02227	0.02969	0.06410	0.58367	0.07692	0.03644	0.01484	0.00472	0.00675	0.03306	0.01080	0.00945
27	0.02495	0.02465	0.04461	0.32633	0.20469	0.02701	0.11388	0.03283	0.02496	0.03350	0.02154	0.03042	0.01675	0.01093	0.01198	0.00376	0.01576	0.01096	0.00547	0.01503
28	0.02455	0.03430	0.17625	0.24421	0.16478	0.02702	0.09536	0.03395	0.02487	0.03445	0.02137	0.02883	0.01622	0.01095	0.01173	0.00374	0.01614	0.01032	0.00532	0.01564
29	0.03161	0.03138	0.13776	0.14118	0.17947	0.02499	0.08464	0.03977	0.02717	0.14744	0.02712	0.03114	0.01942	0.01158	0.01175	0.00367	0.01459	0.01071	0.00746	0.01714
30	0.01553	0.01025	0.01301	0.01522	0.01627	0.00970	0.01031	0.01817	0.02265	0.03217	0.05936	0.48564	0.06837	0.03228	0.01363	0.00436	0.00651	0.02903	0.12783	0.00970
31	0.17203	0.02186	0.07238	0.17887	0.04192	0.02092	0.02285	0.02855	0.02346	0.03706	0.03536	0.10998	0.03518	0.01955	0.01210	0.00429	0.01195	0.13169	0.00772	0.01230
32	0.03624	0.02915	0.08492	0.04725	0.24810	0.02563	0.07339	0.08540	0.03108	0.17809	0.02926	0.03161	0.02106	0.01185	0.01175	0.00356	0.01349	0.01092	0.00869	0.01856
33	0.02043	0.13266	0.08404	0.01655	0.02269	0.01948	0.01554	0.02592	0.02713	0.03758	0.18251	0.06436	0.16004	0.01910	0.01121	0.00333	0.00833	0.01570	0.12122	0.01220

[dist]
# distance from previous block
# <min> <max>
0	1

[block]
# block no. 5 follows, 10 sequences, length 24
# corresponding to MSA columns:
# 300-323
name=unknown_F
#
# <colnr> <probs for GDERKNQSTAVLIFYWHMCP>
#	G	D	E	R	K	N	Q	S	T	A	V	L	I	F	Y	W	H	M	C	P
0	0.14014	0.02080	0.02351	0.01761	0.02714	0.01763	0.01426	0.03572	0.02526	0.14036	0.02507	0.02640	0.01881	0.01017	0.00900	0.00243	0.00894	0.00777	0.00848	0.42051
1	0.36588	0.02192	0.02410	0.02475	0.08254	0.02423	0.01784	0.03656	0.02344	0.12715	0.02666	0.03612	0.02206	0.01447	0.01213	0.00390	0.05918	0.05433	0.00844	0.01431
2	0.15683	0.01723	0.01781	0.01643	0.02106	0.01863	0.01272	0.03541	0.14628	0.04776	0.21354	0.05459	0.05761	0.01737	0.01097	0.00356	0.00714	0.01430	0.11761	0.01317
3	0.02994	0.02049	0.02471	0.01795	0.02800	0.01583	0.01447	0.03497	0.02602	0.13936	0.02590	0.02733	0.01963	0.00981	0.00925	0.00211	0.00888	0.00789	0.00845	0.52900
4	0.01491	0.01155	0.01358	0.01366	0.01657	0.01022	0.01002	0.01872	0.02839	0.03725	0.26766	0.17978	0.27926	0.02833	0.01392	0.00395	0.00587	0.02454	0.01160	0.01022
5	0.01527	0.01149	0.01413	0.01421	0.01683	0.01035	0.01038	0.01937	0.02902	0.03912	0.31571	0.19657	0.20921	0.02790	0.01396	0.00395	0.00585	0.02445	0.01186	0.01035
6	0.01687	0.01145	0.01356	0.01356	0.01387	0.01175	0.00814	0.01748	0.01717	0.02320	0.03584	0.07166	0.04035	0.51760	0.13021	0.01236	0.01418	0.01626	0.00693	0.00753
7	0.04269	0.01701	0.02196	0.01763	0.02467	0.01515	0.01430	0.04747	0.03052	0.37629	0.04341	0.04076	0.02911	0.01413	0.01059	0.00332	0.00850	0.01143	0.21406	0.01701
8	0.03042	0.02678	0.03257	0.02761	0.03159	0.03363	0.02256	0.13232	0.17486	0.04383	0.02788	0.03155	0.02250	0.01760	0.02446	0.00440	0.27975	0.01116	0.00855	0.01596
9	0.02061	0.01664	0.01891	0.01751	0.02182	0.01735	0.01337	0.03570	0.20132	0.04515	0.28538	0.07469	0.14177	0.02169	0.01304	0.00380	0.00690	0.01867	0.01216	0.01351
10	0.04381	0.04444	0.03389	0.02842	0.03601	0.29992	0.02230	0.25500	0.04341	0.05004	0.02276	0.02432	0.01729	0.01294	0.01104	0.00323	0.01704	0.00892	0.00871	0.01651
11	0.67341	0.02249	0.01709	0.01529	0.02249	0.02609	0.01260	0.03419	0.01979	0.05218	0.01619	0.01889	0.01260	0.01080	0.00720	0.00360	0.00900	0.00630	0.00720	0.01260
12	0.01496	0.01102	0.01401	0.01497	0.01689	0.01007	0.01058	0.01841	0.02686	0.03626	0.23912	0.32956	0.15303	0.03070	0.01426	0.00421	0.00615	0.02733	0.01154	0.01007
13	0.02641	0.02830	0.05150	0.03943	0.04509	0.03263	0.24245	0.03245	0.02245	0.03245	0.01924	0.02830	0.01641	0.01528	0.02641	0.00453	0.30518	0.01188	0.00547	0.01415
14	0.01637	0.01169	0.01602	0.01871	0.02035	0.01134	0.01462	0.02000	0.02444	0.03215	0.06289	0.36597	0.07212	0.03436	0.01543	0.00503	0.00865	0.22906	0.01075	0.01005
15	0.02446	0.13880	0.46231	0.03121	0.04734	0.02979	0.03960	0.03654	0.02442	0.03545	0.02018	0.02369	0.01476	0.01089	0.01053	0.00351	0.01649	0.00825	0.00492	0.01686
16	0.02661	0.02291	0.02525	0.02057	0.02895	0.02247	0.01618	0.04616	0.26985	0.04348	0.03451	0.03412	0.02671	0.01233	0.01028	0.00288	0.00892	0.01014	0.00946	0.32823
17	0.02412	0.02067	0.02412	0.01723	0.02756	0.01550	0.01378	0.02929	0.02412	0.03790	0.02067	0.02412	0.01723	0.00861	0.00861	0.00172	0.00861	0.00689	0.00689	0.66236
18	0.03841	0.02678	0.02997	0.02308	0.03176	0.02762	0.01886	0.30477	0.04467	0.11254	0.08521	0.03541	0.03081	0.01425	0.01137	0.00322	0.01092	0.01123	0.01126	0.12789
19	0.03013	0.31476	0.25123	0.02545	0.03828	0.03510	0.02912	0.03798	0.02504	0.08440	0.02127	0.02332	0.01632	0.01088	0.00939	0.00310	0.01413	0.00778	0.00595	0.01638
20	0.03399	0.01589	0.02165	0.01942	0.02495	0.01437	0.01586	0.03862	0.03047	0.27294	0.12878	0.12558	0.05666	0.02265	0.01345	0.00417	0.00905	0.12366	0.01284	0.01500
21	0.02828	0.09701	0.09296	0.02950	0.03868	0.03082	0.11627	0.05089	0.29427	0.04254	0.03593	0.03600	0.02718	0.01335	0.01163	0.00374	0.01259	0.01197	0.00906	0.01731
22	0.15882	0.02473	0.03444	0.12792	0.21032	0.02623	0.02589	0.08986	0.02910	0.12652	0.02536	0.02896	0.01873	0.01176	0.01074	0.00358	0.01237	0.00981	0.00809	0.01677
23	0.14122	0.02698	0.04518	0.11619	0.10521	0.02776	0.19248	0.08434	0.02883	0.08506	0.02407	0.02923	0.01775	0.01115	0.01165	0.00373	0.01495	0.01104	0.00734	0.01587

[dist]
# distance from previous block
# <min> <max>
10	24

[block]
# block no. 6 follows, 10 sequences, length 12
# corresponding to MSA columns:
# 349-360
name=unknown_G
#
# <colnr> <probs for GDERKNQSTAVLIFYWHMCP>
#	G	D	E	R	K	N	Q	S	T	A	V	L	I	F	Y	W	H	M	C	P
0	0.28013	0.02264	0.02356	0.01923	0.02682	0.02391	0.01573	0.13740	0.03289	0.18663	0.08991	0.03520	0.03096	0.01413	0.01024	0.00358	0.00964	0.01057	0.01087	0.01596
1	0.01949	0.01600	0.02240	0.02616	0.11079	0.01441	0.01603	0.02382	0.02566	0.03653	0.14023	0.25628	0.05999	0.02294	0.01264	0.00361	0.00818	0.02068	0.00944	0.15472
2	0.10741	0.02868	0.03335	0.03235	0.12117	0.03062	0.02234	0.26904	0.07493	0.05879	0.02615	0.02780	0.01961	0.01250	0.01080	0.00333	0.01184	0.00979	0.00956	0.08992
3	0.02812	0.04023	0.23907	0.04441	0.18497	0.02701	0.09126	0.04073	0.07859	0.07332	0.02621	0.02981	0.01948	0.01145	0.01166	0.00367	0.01511	0.01049	0.00672	0.01768
4	0.06985	0.02739	0.10168	0.03142	0.11142	0.02475	0.02411	0.03567	0.06838	0.09833	0.04279	0.04466	0.11004	0.01719	0.01752	0.00401	0.13462	0.01281	0.00816	0.01520
5	0.02432	0.05423	0.44282	0.04012	0.13571	0.02712	0.04164	0.03662	0.02491	0.03704	0.02105	0.02533	0.01541	0.01092	0.01113	0.00364	0.01657	0.00892	0.00507	0.01741
6	0.02006	0.01755	0.02775	0.22370	0.13177	0.01908	0.02373	0.02543	0.02413	0.03183	0.04420	0.20653	0.07320	0.02184	0.01312	0.00419	0.01152	0.06005	0.00784	0.01248
7	0.02911	0.02961	0.09136	0.16028	0.09295	0.06331	0.08379	0.04118	0.11247	0.09038	0.03146	0.06891	0.02507	0.01393	0.01199	0.00379	0.01412	0.01252	0.00795	0.01583
8	0.04110	0.02161	0.02643	0.02120	0.02881	0.02134	0.01717	0.13717	0.09648	0.28628	0.12748	0.04631	0.04256	0.01619	0.01207	0.00363	0.00960	0.01333	0.01322	0.01801
9	0.03147	0.02507	0.13337	0.02175	0.02942	0.01640	0.02044	0.03703	0.02720	0.23098	0.04722	0.24141	0.04383	0.02197	0.01274	0.00404	0.01032	0.01907	0.01094	0.01532
10	0.20829	0.01738	0.01923	0.01659	0.02258	0.01689	0.01306	0.03323	0.02732	0.15095	0.17344	0.09926	0.05144	0.01766	0.01100	0.00352	0.00790	0.01449	0.01074	0.08502
11	0.02021	0.01866	0.03277	0.02727	0.03237	0.01799	0.16133	0.02824	0.07199	0.03635	0.11210	0.28369	0.05839	0.02408	0.01403	0.00424	0.01095	0.02321	0.00960	0.01254

[dist]
# distance from previous block
# <min> <max>
10	25

[block]
# block no. 7 follows, 10 sequences, length 7
# corresponding to MSA columns:
# 386-392
name=unknown_H
#
# <colnr> <probs for GDERKNQSTAVLIFYWHMCP>
#	G	D	E	R	K	N	Q	S	T	A	V	L	I	F	Y	W	H	M	C	P
0	0.03037	0.11447	0.02972	0.02062	0.02731	0.02590	0.01683	0.04797	0.24477	0.12245	0.14256	0.04815	0.04711	0.01634	0.01151	0.00359	0.00904	0.01349	0.01135	0.01646
1	0.03223	0.04169	0.14149	0.20350	0.05343	0.18713	0.03004	0.10459	0.03128	0.03747	0.02099	0.02606	0.01582	0.01197	0.01115	0.00351	0.01714	0.00911	0.00635	0.01505
2	0.02966	0.01711	0.02176	0.01729	0.02438	0.01428	0.01372	0.03474	0.03017	0.18771	0.21282	0.05230	0.05541	0.01604	0.01145	0.00301	0.00782	0.01364	0.01136	0.22532
3	0.02166	0.02008	0.03499	0.18159	0.13399	0.02088	0.09700	0.02817	0.02646	0.03612	0.13470	0.13254	0.04673	0.01775	0.01292	0.00390	0.01227	0.01690	0.00796	0.01340
4	0.01632	0.01148	0.01479	0.01508	0.01615	0.01175	0.01017	0.01858	0.02083	0.02874	0.11707	0.15272	0.05557	0.28269	0.16627	0.01083	0.01458	0.01909	0.00839	0.00891
5	0.16488	0.02326	0.03493	0.28956	0.20616	0.02646	0.02911	0.03257	0.02353	0.03718	0.02008	0.02769	0.01580	0.01105	0.01063	0.00368	0.01357	0.00947	0.00579	0.01459
6	0.02983	0.02152	0.03475	0.28665	0.16741	0.02336	0.02870	0.03648	0.02647	0.13947	0.02974	0.04050	0.02325	0.01360	0.01198	0.00384	0.01351	0.04568	0.00775	0.01551

[dist]
# distance from previous block
# <min> <max>
20	55

[block]
# block no. 8 follows, 10 sequences, length 11
# corresponding to MSA columns:
# 451-461
name=unknown_I
#
# <colnr> <probs for GDERKNQSTAVLIFYWHMCP>
#	G	D	E	R	K	N	Q	S	T	A	V	L	I	F	Y	W	H	M	C	P
0	0.07282	0.06265	0.04562	0.13789	0.05077	0.02580	0.19538	0.03685	0.02615	0.10301	0.02461	0.02966	0.01816	0.01069	0.01142	0.00342	0.01464	0.01076	0.00708	0.11260
1	0.20725	0.02189	0.02300	0.01846	0.02612	0.02199	0.01491	0.12679	0.03184	0.08763	0.12013	0.03706	0.03565	0.01378	0.01011	0.00314	0.00908	0.01064	0.00971	0.17082
2	0.29163	0.02189	0.02582	0.02535	0.09213	0.02201	0.01782	0.04510	0.02711	0.27624	0.03109	0.03007	0.02108	0.01245	0.00992	0.00358	0.01007	0.00941	0.01043	0.01680
3	0.08126	0.03099	0.16850	0.02336	0.03348	0.02099	0.02348	0.04531	0.07825	0.23900	0.09904	0.04052	0.03512	0.01458	0.01147	0.00367	0.01125	0.01182	0.01069	0.01721
4	0.02744	0.02596	0.04277	0.11534	0.40591	0.02579	0.03235	0.03420	0.02582	0.03712	0.02159	0.02838	0.01795	0.01026	0.01113	0.00326	0.01328	0.00989	0.00585	0.10572
5	0.02972	0.02426	0.04037	0.22737	0.30673	0.02560	0.03203	0.03658	0.02634	0.10195	0.02475	0.03100	0.01887	0.01133	0.01158	0.00361	0.01384	0.01054	0.00674	0.01679
6	0.02744	0.02626	0.04477	0.16865	0.43199	0.02728	0.03502	0.03451	0.02584	0.03636	0.02164	0.02922	0.01785	0.01061	0.01154	0.00354	0.01415	0.01036	0.00564	0.01733
7	0.02196	0.02067	0.03488	0.56331	0.08010	0.02584	0.03230	0.02972	0.02326	0.02972	0.02067	0.03101	0.01550	0.01163	0.01163	0.00388	0.01550	0.01034	0.00517	0.01292
8	0.02985	0.02668	0.04368	0.05012	0.26710	0.02651	0.10823	0.04211	0.12012	0.07431	0.02880	0.03253	0.02230	0.01148	0.01176	0.00351	0.01326	0.01134	0.00768	0.06864
9	0.02042	0.01859	0.03065	0.45513	0.06760	0.02260	0.02805	0.02704	0.02306	0.02971	0.02926	0.14028	0.02765	0.01653	0.01226	0.00404	0.01377	0.01483	0.00628	0.01223
10	0.02359	0.02160	0.03293	0.31517	0.12107	0.02263	0.02656	0.03037	0.02397	0.03356	0.02083	0.02841	0.01647	0.01045	0.01061	0.00310	0.01298	0.00919	0.00582	0.23069

[dist]
# distance from previous block
# <min> <max>
0	38

# created by:
# /st0/software/busco_prod/Augustus/scripts/msa2prfl.pl ./align_prep/11957.fa
