[name]
unknown

[dist]
# distance from previous block
# <min> <max>
0	371

[block]
# block no. 0 follows, 12 sequences, length 27
# corresponding to MSA columns:
# 478-504
name=unknown_A
#
# <colnr> <probs for GDERKNQSTAVLIFYWHMCP>
#	G	D	E	R	K	N	Q	S	T	A	V	L	I	F	Y	W	H	M	C	P
0	0.01944	0.01202	0.01649	0.01805	0.02049	0.01147	0.01443	0.02312	0.02411	0.09041	0.05700	0.30706	0.06241	0.02983	0.01414	0.00460	0.00847	0.24546	0.01047	0.01054
1	0.01944	0.01575	0.02016	0.10214	0.02894	0.01712	0.01591	0.03170	0.16723	0.03897	0.22189	0.12671	0.06278	0.02066	0.01242	0.00381	0.00814	0.06363	0.01028	0.01232
2	0.02813	0.02108	0.02225	0.01920	0.02545	0.05124	0.01501	0.04405	0.25017	0.12589	0.09809	0.04857	0.09679	0.01589	0.01105	0.00333	0.00858	0.01314	0.01063	0.09148
3	0.02152	0.01420	0.01674	0.01480	0.01913	0.01329	0.01149	0.07885	0.03123	0.10255	0.28105	0.07771	0.23109	0.02197	0.01242	0.00349	0.00654	0.01865	0.01143	0.01185
4	0.51099	0.02093	0.01855	0.01607	0.02303	0.02337	0.01313	0.03850	0.07884	0.13261	0.02312	0.02354	0.01677	0.01121	0.00794	0.00341	0.00860	0.00747	0.00836	0.01355
5	0.01496	0.01068	0.01381	0.01386	0.01567	0.00998	0.00983	0.01874	0.02675	0.03732	0.36875	0.20752	0.08826	0.09291	0.01797	0.00448	0.00605	0.02199	0.01093	0.00952
6	0.01881	0.01943	0.07898	0.01856	0.02333	0.01641	0.01589	0.03098	0.16605	0.03727	0.15380	0.19361	0.10807	0.02270	0.01248	0.00387	0.00801	0.04918	0.01014	0.01244
7	0.69383	0.02109	0.01603	0.01434	0.02109	0.02446	0.01181	0.03205	0.01856	0.04892	0.01518	0.01771	0.01181	0.01012	0.00675	0.00337	0.00843	0.00590	0.00675	0.01181
8	0.03218	0.02575	0.05998	0.02329	0.02968	0.02651	0.01961	0.24576	0.09287	0.09386	0.03392	0.13182	0.02967	0.01760	0.01438	0.00372	0.07991	0.01382	0.00990	0.01575
9	0.02270	0.02048	0.02385	0.14510	0.03437	0.08202	0.01841	0.08039	0.02716	0.03544	0.14261	0.11085	0.04341	0.02750	0.09625	0.00567	0.04957	0.01448	0.00800	0.01175
10	0.69383	0.02109	0.01603	0.01434	0.02109	0.02446	0.01181	0.03205	0.01856	0.04892	0.01518	0.01771	0.01181	0.01012	0.00675	0.00337	0.00843	0.00590	0.00675	0.01181
11	0.02699	0.02591	0.04426	0.06693	0.54879	0.02591	0.03346	0.03346	0.02483	0.03562	0.02051	0.02699	0.01727	0.00972	0.01079	0.00324	0.01295	0.00972	0.00540	0.01727
12	0.02736	0.09449	0.02850	0.02177	0.02831	0.02902	0.01742	0.05494	0.46904	0.04325	0.04092	0.03793	0.03100	0.01415	0.01061	0.00354	0.00899	0.01156	0.01033	0.01687
13	0.02712	0.02342	0.02465	0.02219	0.02835	0.02712	0.01726	0.05794	0.52909	0.04561	0.04438	0.04068	0.03328	0.01479	0.01109	0.00370	0.00863	0.01233	0.01109	0.01726
14	0.02594	0.02218	0.02363	0.02133	0.02713	0.02541	0.01655	0.05415	0.47861	0.04542	0.09491	0.04481	0.04034	0.01555	0.01127	0.00367	0.00828	0.01308	0.01119	0.01655
15	0.03979	0.02334	0.02667	0.02110	0.02871	0.02435	0.01722	0.25050	0.09580	0.22450	0.03495	0.03317	0.02414	0.01337	0.01056	0.00327	0.00989	0.01053	0.09073	0.01741
16	0.02152	0.01651	0.01892	0.01805	0.01903	0.07965	0.01318	0.01993	0.01702	0.02175	0.01987	0.03209	0.01921	0.03985	0.12592	0.41459	0.08101	0.00955	0.00503	0.00732
17	0.01328	0.00949	0.01265	0.01518	0.01581	0.00886	0.01012	0.01518	0.02088	0.02783	0.06010	0.60969	0.07212	0.03416	0.01392	0.00443	0.00633	0.03100	0.01012	0.00886
18	0.01823	0.01305	0.01447	0.01328	0.01744	0.01174	0.01021	0.05562	0.02857	0.07505	0.19460	0.08894	0.37002	0.02433	0.01259	0.00357	0.00619	0.02042	0.01085	0.01082
19	0.02297	0.02145	0.03731	0.32080	0.20130	0.02366	0.08357	0.03001	0.02322	0.03217	0.02165	0.02969	0.01690	0.01055	0.01076	0.00342	0.01357	0.01011	0.07322	0.01368
20	0.43542	0.02253	0.02124	0.01752	0.02500	0.02475	0.01445	0.13457	0.02771	0.15111	0.02282	0.02320	0.01612	0.01138	0.00842	0.00335	0.00933	0.00768	0.00891	0.01449
21	0.01418	0.01119	0.01292	0.01326	0.01631	0.00992	0.01023	0.01776	0.02599	0.03306	0.19752	0.13535	0.34208	0.02721	0.01327	0.00387	0.00616	0.08963	0.01054	0.00955
22	0.01469	0.01008	0.01224	0.01339	0.01367	0.00979	0.00820	0.01555	0.01814	0.02418	0.04604	0.31583	0.05439	0.35221	0.03661	0.00778	0.00864	0.02273	0.00820	0.00763
23	0.02496	0.05208	0.49923	0.02974	0.04498	0.02426	0.03752	0.03665	0.02396	0.09411	0.02224	0.02463	0.01532	0.01072	0.01043	0.00344	0.01533	0.00839	0.00562	0.01639
24	0.03324	0.04049	0.33538	0.02617	0.03905	0.02141	0.03009	0.04235	0.02646	0.25392	0.02943	0.02894	0.01935	0.01168	0.01061	0.00342	0.01324	0.00928	0.00834	0.01714
25	0.02878	0.02070	0.02166	0.01995	0.02434	0.08056	0.01534	0.09057	0.10209	0.12221	0.04106	0.17923	0.03892	0.02278	0.01557	0.08120	0.01008	0.06225	0.00978	0.01293
26	0.26422	0.19954	0.14895	0.02063	0.03019	0.07050	0.02099	0.03516	0.02239	0.07441	0.01829	0.02037	0.01413	0.01028	0.00815	0.00306	0.01193	0.00681	0.00610	0.01392

[dist]
# distance from previous block
# <min> <max>
0	28

[block]
# block no. 1 follows, 12 sequences, length 14
# corresponding to MSA columns:
# 533-546
name=unknown_B
#
# <colnr> <probs for GDERKNQSTAVLIFYWHMCP>
#	G	D	E	R	K	N	Q	S	T	A	V	L	I	F	Y	W	H	M	C	P
0	0.02441	0.07845	0.08939	0.03293	0.07944	0.08868	0.19726	0.03100	0.02611	0.03320	0.08797	0.04411	0.11078	0.01393	0.01163	0.00338	0.01389	0.01325	0.00678	0.01339
1	0.02306	0.01948	0.02634	0.18618	0.08460	0.02189	0.02075	0.08205	0.14933	0.03890	0.09528	0.13229	0.03965	0.01711	0.01166	0.00368	0.01024	0.01501	0.00874	0.01372
2	0.02345	0.01444	0.01714	0.01615	0.02011	0.01466	0.01282	0.03357	0.12720	0.10246	0.16520	0.06359	0.05280	0.01839	0.01120	0.00349	0.00711	0.08894	0.19470	0.01259
3	0.69383	0.02109	0.01603	0.01434	0.02109	0.02446	0.01181	0.03205	0.01856	0.04892	0.01518	0.01771	0.01181	0.01012	0.00675	0.00337	0.00843	0.00590	0.00675	0.01181
4	0.01649	0.01229	0.01575	0.01694	0.01913	0.01229	0.01290	0.02335	0.08471	0.03468	0.16426	0.30177	0.07191	0.02821	0.01364	0.00427	0.00728	0.13903	0.01063	0.01047
5	0.01657	0.01242	0.01566	0.01538	0.01834	0.01201	0.01206	0.02360	0.07036	0.04048	0.37057	0.08809	0.12958	0.02364	0.01313	0.00378	0.00639	0.10584	0.01139	0.01072
6	0.37805	0.02734	0.02288	0.01952	0.02655	0.09242	0.01573	0.15329	0.08874	0.05069	0.02153	0.02274	0.01627	0.01153	0.00864	0.00332	0.01066	0.00775	0.00814	0.01419
7	0.03669	0.02980	0.02994	0.02436	0.03201	0.07190	0.01961	0.32809	0.20672	0.05799	0.03146	0.03046	0.02305	0.01351	0.01089	0.00338	0.01146	0.01043	0.01057	0.01768
8	0.02124	0.02006	0.01744	0.01593	0.02035	0.10433	0.01218	0.08013	0.02996	0.03599	0.15543	0.07783	0.32351	0.02235	0.01215	0.00345	0.00854	0.01830	0.00979	0.01105
9	0.35998	0.03863	0.28644	0.02265	0.03406	0.02489	0.02596	0.03328	0.02077	0.04177	0.01736	0.02035	0.01280	0.01024	0.00854	0.00341	0.01225	0.00697	0.00568	0.01395
10	0.02372	0.02446	0.02464	0.02280	0.02516	0.15472	0.01793	0.02698	0.02058	0.02587	0.02258	0.03258	0.02089	0.04935	0.30550	0.01084	0.16488	0.01003	0.00553	0.01098
11	0.03587	0.02190	0.07845	0.02074	0.02816	0.01842	0.01838	0.09647	0.02890	0.29525	0.03473	0.03599	0.02472	0.03240	0.16969	0.00736	0.01592	0.01073	0.01012	0.01582
12	0.01393	0.01063	0.01280	0.01322	0.01561	0.00950	0.00955	0.01731	0.02589	0.03419	0.25364	0.24290	0.24622	0.02757	0.01318	0.00381	0.00562	0.02413	0.01081	0.00950
13	0.15187	0.02396	0.07304	0.07076	0.03266	0.02233	0.01925	0.09809	0.08795	0.21108	0.03093	0.03128	0.02178	0.01798	0.05541	0.00457	0.01206	0.00978	0.00952	0.01571

[dist]
# distance from previous block
# <min> <max>
6	93

[block]
# block no. 2 follows, 12 sequences, length 56
# corresponding to MSA columns:
# 676-713,715-732
name=unknown_C
#
# <colnr> <probs for GDERKNQSTAVLIFYWHMCP>
#	G	D	E	R	K	N	Q	S	T	A	V	L	I	F	Y	W	H	M	C	P
0	0.08754	0.02073	0.07268	0.01833	0.02486	0.01757	0.01604	0.07462	0.02509	0.03858	0.10970	0.03811	0.03336	0.03244	0.17088	0.00699	0.01485	0.01060	0.00751	0.17955
1	0.23235	0.03249	0.12667	0.02474	0.07205	0.10773	0.02105	0.03581	0.02380	0.09114	0.02025	0.02257	0.01525	0.01031	0.00890	0.00300	0.01204	0.00741	0.00669	0.12575
2	0.02632	0.06631	0.12660	0.12200	0.04362	0.02683	0.10008	0.12315	0.11017	0.04036	0.02884	0.08538	0.02408	0.01375	0.01120	0.00355	0.01300	0.01220	0.00754	0.01502
3	0.16232	0.02127	0.02467	0.06093	0.06184	0.02239	0.01734	0.04504	0.19261	0.16533	0.03259	0.03184	0.02355	0.01230	0.00987	0.00331	0.00936	0.00980	0.00956	0.08407
4	0.02464	0.01776	0.02133	0.01738	0.02437	0.01519	0.01365	0.07481	0.02604	0.08773	0.03385	0.16214	0.03286	0.01630	0.01038	0.00279	0.00831	0.04166	0.00863	0.36018
5	0.02854	0.39031	0.04478	0.01860	0.02797	0.03402	0.01723	0.08008	0.02525	0.03287	0.01749	0.01984	0.01507	0.00935	0.00770	0.00222	0.01067	0.00642	0.00581	0.20579
6	0.40240	0.01994	0.02022	0.01663	0.02414	0.02065	0.01371	0.04158	0.02427	0.27822	0.02776	0.02648	0.01867	0.01165	0.00865	0.00337	0.00882	0.00819	0.00980	0.01486
7	0.01372	0.00980	0.01315	0.01568	0.01651	0.00923	0.01088	0.01594	0.02131	0.02832	0.05986	0.56007	0.07116	0.03375	0.01403	0.00449	0.00670	0.07631	0.01011	0.00898
8	0.02925	0.03625	0.08118	0.03516	0.04203	0.18487	0.20656	0.03503	0.02459	0.03021	0.01832	0.02469	0.01504	0.01251	0.01798	0.00371	0.17391	0.00997	0.00528	0.01347
9	0.02821	0.01922	0.02060	0.01857	0.02292	0.06785	0.01440	0.07166	0.07146	0.14322	0.12605	0.06355	0.04713	0.13611	0.02062	0.00504	0.01008	0.09043	0.01016	0.01270
10	0.02557	0.02891	0.06154	0.04439	0.05442	0.02810	0.46532	0.03414	0.02492	0.03414	0.02136	0.02891	0.01634	0.01009	0.01494	0.00378	0.07067	0.01257	0.00545	0.01445
11	0.02652	0.02722	0.05180	0.05905	0.36400	0.02653	0.21221	0.03401	0.02517	0.03536	0.02109	0.02790	0.01700	0.00952	0.01157	0.00340	0.01499	0.01090	0.00544	0.01631
12	0.01655	0.01111	0.01384	0.01448	0.01701	0.01001	0.01064	0.01962	0.02468	0.07142	0.14941	0.30365	0.20572	0.02856	0.01332	0.00402	0.00642	0.05887	0.01067	0.01001
13	0.01600	0.01222	0.01501	0.01656	0.01828	0.01244	0.01152	0.02358	0.12067	0.03132	0.05701	0.49796	0.06449	0.03036	0.01336	0.00428	0.00678	0.02733	0.01031	0.01051
14	0.04892	0.01856	0.02530	0.01940	0.02783	0.01603	0.01603	0.05314	0.03121	0.55634	0.04302	0.03711	0.02699	0.01350	0.01096	0.00337	0.00928	0.01096	0.01350	0.01856
15	0.69383	0.02109	0.01603	0.01434	0.02109	0.02446	0.01181	0.03205	0.01856	0.04892	0.01518	0.01771	0.01181	0.01012	0.00675	0.00337	0.00843	0.00590	0.00675	0.01181
16	0.01760	0.01360	0.01995	0.01989	0.02340	0.01307	0.05943	0.02256	0.02494	0.03283	0.06317	0.10472	0.15049	0.02641	0.01387	0.00445	0.00953	0.30934	0.06046	0.01031
17	0.03196	0.01787	0.02600	0.19735	0.04046	0.01877	0.01987	0.03695	0.02660	0.25812	0.08601	0.04357	0.07367	0.01514	0.01315	0.00359	0.05442	0.01231	0.00971	0.01447
18	0.02915	0.62337	0.05714	0.01866	0.02799	0.04314	0.01866	0.03265	0.02215	0.02565	0.01516	0.01749	0.01399	0.00933	0.00700	0.00233	0.01166	0.00583	0.00466	0.01399
19	0.02963	0.02563	0.03102	0.37769	0.05849	0.13051	0.02591	0.03547	0.02528	0.12243	0.02312	0.02867	0.01667	0.01143	0.01070	0.00343	0.01460	0.00939	0.00655	0.01337
20	0.64185	0.02088	0.01677	0.01475	0.02163	0.02378	0.01215	0.03375	0.01958	0.08981	0.01743	0.01928	0.01303	0.01039	0.00709	0.00337	0.00850	0.00631	0.00729	0.01235
21	0.04892	0.01856	0.02530	0.01940	0.02783	0.01603	0.01603	0.05314	0.03121	0.55634	0.04302	0.03711	0.02699	0.01350	0.01096	0.00337	0.00928	0.01096	0.01350	0.01856
22	0.23048	0.06904	0.03180	0.02614	0.06956	0.08082	0.06639	0.11965	0.07994	0.09163	0.02378	0.02527	0.01776	0.01134	0.00951	0.00328	0.01178	0.00876	0.00803	0.01505
23	0.02957	0.01494	0.01907	0.01626	0.02135	0.01395	0.01280	0.03668	0.07521	0.23619	0.25835	0.05694	0.06044	0.01733	0.01145	0.00334	0.00701	0.01479	0.08032	0.01401
24	0.04220	0.01896	0.02413	0.01894	0.02636	0.01769	0.01548	0.11756	0.03351	0.38997	0.08657	0.03990	0.03288	0.01419	0.01085	0.00329	0.00894	0.01154	0.06997	0.01706
25	0.02108	0.01220	0.01618	0.01498	0.01828	0.01108	0.01129	0.02552	0.02926	0.13303	0.37292	0.16147	0.08414	0.02269	0.01270	0.00359	0.00608	0.02003	0.01196	0.01153
26	0.01568	0.01142	0.01508	0.01599	0.01837	0.01081	0.01273	0.02012	0.02686	0.03623	0.26173	0.17098	0.12401	0.02724	0.01381	0.00417	0.00712	0.18689	0.01086	0.00990
27	0.02187	0.05640	0.56031	0.03108	0.04719	0.02532	0.04029	0.03453	0.02302	0.03453	0.01957	0.02302	0.01381	0.01036	0.01036	0.00345	0.01611	0.00806	0.00460	0.01611
28	0.01640	0.01085	0.01331	0.01381	0.01616	0.01028	0.01055	0.02077	0.02583	0.03738	0.22445	0.16381	0.11443	0.02351	0.01207	0.00364	0.00611	0.09046	0.17628	0.00989
29	0.17858	0.12852	0.03841	0.02544	0.03401	0.07000	0.10162	0.21394	0.03353	0.04855	0.02060	0.02298	0.01567	0.01102	0.00961	0.00317	0.01279	0.00863	0.00767	0.01525
30	0.03372	0.13782	0.03040	0.01857	0.02696	0.02288	0.01573	0.08007	0.06877	0.20675	0.03572	0.03430	0.06060	0.01253	0.00966	0.00279	0.00936	0.00981	0.00944	0.17412
31	0.02663	0.07599	0.25372	0.02822	0.07668	0.02324	0.02767	0.03420	0.02368	0.11960	0.02691	0.08516	0.02246	0.01376	0.01264	0.00342	0.06269	0.01087	0.00687	0.06558
32	0.23466	0.02579	0.03252	0.02519	0.03351	0.02763	0.11323	0.19312	0.07785	0.09589	0.02514	0.02651	0.01818	0.01162	0.01006	0.00343	0.01164	0.00956	0.00883	0.01564
33	0.01371	0.00981	0.01303	0.01489	0.01591	0.00914	0.01015	0.01624	0.02284	0.03095	0.15492	0.50597	0.07816	0.03183	0.01371	0.00423	0.00609	0.02878	0.01049	0.00914
34	0.08077	0.06267	0.07171	0.13135	0.03592	0.01963	0.01989	0.03545	0.02565	0.20824	0.07252	0.09421	0.03372	0.01590	0.01100	0.00357	0.01046	0.04396	0.00924	0.01414
35	0.08932	0.11851	0.03203	0.17084	0.08631	0.02305	0.05388	0.02621	0.02210	0.03097	0.03495	0.16782	0.06795	0.01705	0.01081	0.00355	0.01095	0.01489	0.00674	0.01208
36	0.56289	0.02203	0.02157	0.02466	0.12470	0.02474	0.01606	0.03233	0.01979	0.04631	0.01623	0.01953	0.01288	0.01004	0.00754	0.00335	0.00932	0.00665	0.00648	0.01288
37	0.02866	0.02125	0.02909	0.20616	0.04337	0.02524	0.02250	0.04110	0.16763	0.13639	0.03018	0.03295	0.02230	0.01412	0.01583	0.00382	0.12563	0.01067	0.00832	0.01481
38	0.02418	0.01609	0.01976	0.01791	0.02139	0.01725	0.01375	0.03249	0.12217	0.11941	0.08781	0.06046	0.08710	0.15345	0.06225	0.00626	0.07005	0.04658	0.00943	0.01224
39	0.02609	0.44241	0.04830	0.13084	0.03637	0.03642	0.02043	0.03036	0.02161	0.02605	0.01742	0.02235	0.01545	0.01702	0.06553	0.00414	0.01401	0.00718	0.00482	0.01319
40	0.15376	0.02167	0.06729	0.01967	0.02335	0.02238	0.01649	0.06982	0.02065	0.03374	0.02340	0.03891	0.02300	0.20466	0.07497	0.00705	0.15093	0.01084	0.00637	0.01107
41	0.01664	0.01158	0.01529	0.01574	0.01829	0.01111	0.01273	0.02173	0.02806	0.03939	0.32155	0.09317	0.08173	0.02434	0.01322	0.00394	0.00693	0.18594	0.06842	0.01019
42	0.03335	0.41727	0.04786	0.02183	0.03004	0.19610	0.01950	0.06856	0.02668	0.02889	0.01640	0.01871	0.01432	0.01014	0.00809	0.00253	0.01400	0.00645	0.00537	0.01391
43	0.01438	0.01015	0.01244	0.01355	0.01437	0.00963	0.00874	0.01596	0.02031	0.02704	0.09981	0.32939	0.09889	0.24137	0.02864	0.00648	0.00768	0.02392	0.00904	0.00821
44	0.03452	0.35964	0.04531	0.02267	0.03062	0.23071	0.01973	0.08544	0.02823	0.03041	0.01689	0.01915	0.01448	0.01039	0.00840	0.00260	0.01454	0.00666	0.00564	0.01398
45	0.01452	0.01111	0.01330	0.01276	0.01573	0.00990	0.00957	0.01880	0.02870	0.03859	0.38738	0.08990	0.26174	0.02421	0.01287	0.00352	0.00528	0.02090	0.01133	0.00990
46	0.03304	0.01489	0.01976	0.01680	0.02234	0.01307	0.01319	0.03692	0.02883	0.31841	0.15035	0.14752	0.09778	0.01998	0.01201	0.00359	0.00762	0.01715	0.01233	0.01444
47	0.02201	0.01260	0.01668	0.01483	0.01856	0.01141	0.01141	0.02697	0.03093	0.14438	0.44486	0.07274	0.08798	0.02056	0.01249	0.00342	0.00596	0.01800	0.01230	0.01191
48	0.01600	0.01206	0.01594	0.01570	0.01689	0.01299	0.01128	0.01873	0.02149	0.03012	0.18189	0.17035	0.05945	0.18245	0.11942	0.00789	0.07106	0.01859	0.00852	0.00916
49	0.02712	0.02342	0.02465	0.02219	0.02835	0.02712	0.01726	0.05794	0.52909	0.04561	0.04438	0.04068	0.03328	0.01479	0.01109	0.00370	0.00863	0.01233	0.01109	0.01726
50	0.09361	0.04220	0.03032	0.02596	0.03273	0.34556	0.02020	0.20198	0.03683	0.04276	0.01989	0.02172	0.01539	0.01178	0.00995	0.00301	0.01615	0.00788	0.00751	0.01458
51	0.02075	0.01551	0.01797	0.01693	0.02021	0.01564	0.01214	0.10475	0.07114	0.03580	0.04376	0.29386	0.04751	0.14253	0.02087	0.00511	0.00852	0.02027	0.00928	0.07743
52	0.02937	0.02546	0.07730	0.02165	0.02944	0.02320	0.01873	0.17775	0.12861	0.08212	0.03265	0.08772	0.02706	0.01964	0.05356	0.00430	0.01165	0.01188	0.00930	0.12863
53	0.15786	0.02293	0.07591	0.12078	0.03539	0.01997	0.01884	0.03268	0.05846	0.07775	0.06431	0.02994	0.02378	0.01124	0.00936	0.00294	0.00999	0.00891	0.00735	0.21160
54	0.09541	0.17096	0.07381	0.09486	0.03443	0.02722	0.02083	0.03665	0.06161	0.13701	0.02772	0.03548	0.02246	0.01366	0.01191	0.00345	0.05836	0.05222	0.00765	0.01431
55	0.02882	0.02326	0.02837	0.08344	0.11056	0.07676	0.02061	0.03609	0.07265	0.11783	0.06038	0.03944	0.02824	0.01402	0.01293	0.00331	0.06141	0.04747	0.00810	0.12630

[dist]
# distance from previous block
# <min> <max>
4	59

[block]
# block no. 3 follows, 12 sequences, length 16
# corresponding to MSA columns:
# 792-807
name=unknown_D
#
# <colnr> <probs for GDERKNQSTAVLIFYWHMCP>
#	G	D	E	R	K	N	Q	S	T	A	V	L	I	F	Y	W	H	M	C	P
0	0.14218	0.13076	0.08829	0.01922	0.02700	0.02480	0.01779	0.11080	0.02833	0.12405	0.06246	0.07203	0.02777	0.01380	0.00955	0.00319	0.00994	0.01068	0.06297	0.01439
1	0.02945	0.11280	0.03172	0.10903	0.08667	0.02417	0.01992	0.11405	0.02954	0.12046	0.08710	0.04416	0.03297	0.05929	0.01417	0.00389	0.01096	0.04676	0.00862	0.01428
2	0.03154	0.14252	0.20910	0.02874	0.04032	0.02761	0.12321	0.07722	0.02752	0.15150	0.02501	0.02668	0.01770	0.01086	0.01043	0.00326	0.01392	0.00941	0.00728	0.01619
3	0.03396	0.03356	0.19509	0.03023	0.07757	0.02373	0.07621	0.09645	0.07038	0.20637	0.03016	0.03028	0.02069	0.01186	0.01097	0.00343	0.01284	0.01016	0.00884	0.01721
4	0.02123	0.01204	0.01656	0.01563	0.01846	0.01199	0.01187	0.02448	0.02343	0.11170	0.16720	0.09305	0.04943	0.04134	0.19058	0.08473	0.01386	0.01473	0.06708	0.01063
5	0.02564	0.02865	0.15179	0.13240	0.04026	0.02407	0.02536	0.10363	0.02639	0.07826	0.02879	0.13012	0.02618	0.01679	0.01539	0.00384	0.10796	0.01319	0.00735	0.01395
6	0.02833	0.08129	0.16785	0.02261	0.03114	0.02305	0.02215	0.10885	0.08021	0.12103	0.03592	0.16399	0.03225	0.01720	0.01115	0.00357	0.01096	0.01439	0.00894	0.01511
7	0.08339	0.02232	0.07937	0.13402	0.03643	0.02045	0.02028	0.03669	0.06508	0.18764	0.03663	0.04032	0.06626	0.06309	0.01615	0.00417	0.05353	0.01142	0.00863	0.01412
8	0.02119	0.01803	0.02789	0.02589	0.06771	0.01758	0.10323	0.07950	0.02950	0.03953	0.17020	0.07516	0.13178	0.02062	0.01300	0.00385	0.01007	0.12348	0.00946	0.01232
9	0.13470	0.01879	0.06065	0.06355	0.02736	0.01626	0.01589	0.03331	0.02446	0.20085	0.04251	0.16096	0.06736	0.01786	0.01074	0.00358	0.00886	0.01491	0.06402	0.01336
10	0.02964	0.07508	0.11345	0.02572	0.07017	0.02359	0.02183	0.07926	0.14507	0.13654	0.03706	0.08533	0.03102	0.01594	0.01121	0.00361	0.01077	0.05959	0.00935	0.01577
11	0.01432	0.01030	0.01325	0.01478	0.01606	0.00968	0.01038	0.01689	0.02258	0.03014	0.13512	0.37955	0.10744	0.09739	0.01850	0.00497	0.00695	0.07272	0.01001	0.00897
12	0.07578	0.01679	0.05194	0.01494	0.01838	0.01479	0.01138	0.05976	0.02160	0.07414	0.04052	0.06116	0.09009	0.36237	0.03647	0.00756	0.01020	0.01445	0.00779	0.00989
13	0.02996	0.02165	0.03037	0.15851	0.11838	0.02366	0.02264	0.13615	0.03123	0.12387	0.11118	0.03768	0.03242	0.01412	0.01314	0.00351	0.05617	0.01157	0.00879	0.01500
14	0.08038	0.02106	0.03086	0.16961	0.19873	0.02254	0.02395	0.08475	0.02714	0.07641	0.06861	0.09181	0.02963	0.01423	0.01101	0.00350	0.01127	0.01251	0.00761	0.01440
15	0.01369	0.00972	0.01275	0.01478	0.01552	0.00913	0.00984	0.01571	0.02132	0.02865	0.09983	0.51835	0.07204	0.08238	0.01734	0.00486	0.00658	0.02874	0.00999	0.00879

[dist]
# distance from previous block
# <min> <max>
0	1

[block]
# block no. 4 follows, 12 sequences, length 9
# corresponding to MSA columns:
# 809-817
name=unknown_E
#
# <colnr> <probs for GDERKNQSTAVLIFYWHMCP>
#	G	D	E	R	K	N	Q	S	T	A	V	L	I	F	Y	W	H	M	C	P
0	0.07612	0.09010	0.11201	0.11580	0.03658	0.02512	0.02170	0.03819	0.19176	0.03729	0.06406	0.08613	0.03129	0.01473	0.01053	0.00353	0.01067	0.01218	0.00796	0.01423
1	0.03004	0.49942	0.05507	0.02254	0.03165	0.09849	0.07053	0.03406	0.02347	0.02674	0.01607	0.01898	0.01427	0.00952	0.00792	0.00252	0.01323	0.00670	0.00486	0.01392
2	0.03162	0.02058	0.02445	0.01835	0.02701	0.01807	0.01486	0.12160	0.03051	0.16355	0.06753	0.03129	0.02597	0.01138	0.00964	0.00247	0.00884	0.00917	0.00935	0.35375
3	0.02787	0.09623	0.31172	0.03133	0.09449	0.02709	0.03141	0.08170	0.07286	0.08660	0.02433	0.02616	0.01764	0.01114	0.01027	0.00333	0.01367	0.00885	0.00669	0.01660
4	0.02941	0.02109	0.02731	0.14529	0.03820	0.02410	0.02085	0.07721	0.18480	0.13347	0.03555	0.04330	0.02805	0.01566	0.01408	0.00385	0.07353	0.05975	0.00938	0.01515
5	0.02574	0.02941	0.06434	0.04596	0.05699	0.02757	0.50919	0.03493	0.02574	0.03493	0.02206	0.02941	0.01654	0.00919	0.01287	0.00368	0.01838	0.01287	0.00551	0.01471
6	0.02607	0.01757	0.02744	0.34604	0.05268	0.01960	0.02308	0.03222	0.02574	0.15213	0.12794	0.04123	0.03479	0.01374	0.01130	0.00353	0.01148	0.01196	0.00824	0.01323
7	0.10274	0.01500	0.01892	0.01683	0.02184	0.01392	0.01298	0.03466	0.02635	0.26973	0.09938	0.23160	0.04862	0.02100	0.01170	0.00373	0.00775	0.01807	0.01148	0.01369
8	0.01628	0.01251	0.01702	0.01843	0.06578	0.01164	0.01226	0.02133	0.02975	0.04166	0.45468	0.07852	0.13537	0.02161	0.01267	0.00343	0.00591	0.01909	0.01121	0.01084

[dist]
# distance from previous block
# <min> <max>
12	20

[block]
# block no. 5 follows, 12 sequences, length 6
# corresponding to MSA columns:
# 844-849
name=unknown_F
#
# <colnr> <probs for GDERKNQSTAVLIFYWHMCP>
#	G	D	E	R	K	N	Q	S	T	A	V	L	I	F	Y	W	H	M	C	P
0	0.08904	0.01767	0.02214	0.08317	0.02876	0.01939	0.01618	0.07369	0.06817	0.12992	0.03641	0.16177	0.03390	0.06616	0.05739	0.00531	0.05386	0.01508	0.00902	0.01296
1	0.13147	0.07104	0.02631	0.01962	0.02670	0.12224	0.01594	0.04317	0.02866	0.28866	0.08854	0.03466	0.03003	0.01328	0.01008	0.00319	0.01081	0.01012	0.01024	0.01524
2	0.27455	0.07870	0.02586	0.02109	0.06298	0.05570	0.01593	0.07277	0.02605	0.17350	0.02530	0.02603	0.01830	0.01138	0.00870	0.00315	0.00990	0.00818	0.06742	0.01452
3	0.13145	0.02166	0.02981	0.07919	0.07906	0.02278	0.05438	0.09162	0.02851	0.20914	0.06753	0.03313	0.02582	0.01323	0.01274	0.00352	0.06122	0.01056	0.00925	0.01537
4	0.02107	0.01216	0.01614	0.01504	0.01829	0.01104	0.01129	0.02540	0.02894	0.13344	0.35637	0.17850	0.08301	0.02306	0.01273	0.00362	0.00613	0.02038	0.01190	0.01150
5	0.14423	0.01969	0.02142	0.01582	0.02498	0.01633	0.01272	0.02829	0.02188	0.03796	0.01862	0.02172	0.01536	0.00845	0.00783	0.00193	0.00814	0.00636	0.00651	0.56177

[dist]
# distance from previous block
# <min> <max>
0	2

[block]
# block no. 6 follows, 12 sequences, length 6
# corresponding to MSA columns:
# 852-857
name=unknown_G
#
# <colnr> <probs for GDERKNQSTAVLIFYWHMCP>
#	G	D	E	R	K	N	Q	S	T	A	V	L	I	F	Y	W	H	M	C	P
0	0.01632	0.01312	0.01938	0.01725	0.02083	0.01211	0.06101	0.02150	0.02883	0.03952	0.37377	0.08419	0.15569	0.02261	0.01310	0.00366	0.00706	0.06863	0.01086	0.01054
1	0.01452	0.01072	0.01357	0.01368	0.01594	0.00977	0.00995	0.01850	0.02749	0.03766	0.35883	0.21588	0.16109	0.02603	0.01313	0.00371	0.00549	0.02301	0.01126	0.00977
2	0.02712	0.02342	0.02465	0.02219	0.02835	0.02712	0.01726	0.05794	0.52909	0.04561	0.04438	0.04068	0.03328	0.01479	0.01109	0.00370	0.00863	0.01233	0.01109	0.01726
3	0.01561	0.01153	0.01677	0.01677	0.01845	0.01322	0.01268	0.01898	0.01730	0.02475	0.02990	0.04667	0.02893	0.15379	0.50387	0.01659	0.02670	0.01224	0.00594	0.00931
4	0.27330	0.02376	0.02471	0.01967	0.02761	0.02540	0.01623	0.21105	0.03397	0.20215	0.02715	0.02635	0.01860	0.01216	0.00946	0.00334	0.00996	0.00877	0.01019	0.01618
5	0.02077	0.01494	0.01884	0.06054	0.02514	0.01540	0.01489	0.03058	0.12940	0.07799	0.15903	0.14170	0.11174	0.02279	0.01277	0.00396	0.00805	0.10875	0.01057	0.01217

[dist]
# distance from previous block
# <min> <max>
1	4

[block]
# block no. 7 follows, 12 sequences, length 55
# corresponding to MSA columns:
# 864-891,893-919
name=unknown_H
#
# <colnr> <probs for GDERKNQSTAVLIFYWHMCP>
#	G	D	E	R	K	N	Q	S	T	A	V	L	I	F	Y	W	H	M	C	P
0	0.03317	0.03985	0.09306	0.12885	0.04204	0.26579	0.02414	0.11411	0.03080	0.03552	0.01940	0.02312	0.01505	0.01106	0.01009	0.00299	0.01592	0.00803	0.00630	0.08073
1	0.10829	0.08888	0.03436	0.10503	0.15774	0.08308	0.02310	0.10257	0.11857	0.04055	0.02389	0.02681	0.01868	0.01140	0.00991	0.00326	0.01225	0.00908	0.00720	0.01534
2	0.16806	0.16677	0.03660	0.06408	0.06622	0.02784	0.07565	0.07745	0.02588	0.09094	0.03031	0.03219	0.07052	0.01227	0.00953	0.00319	0.01122	0.00986	0.00730	0.01410
3	0.04892	0.01856	0.02530	0.01940	0.02783	0.01603	0.01603	0.05314	0.03121	0.55634	0.04302	0.03711	0.02699	0.01350	0.01096	0.00337	0.00928	0.01096	0.01350	0.01856
4	0.03089	0.57024	0.05434	0.01872	0.02797	0.04076	0.01843	0.03445	0.02295	0.07227	0.01761	0.01921	0.01513	0.00969	0.00734	0.00242	0.01145	0.00628	0.00544	0.01439
5	0.01524	0.01114	0.01431	0.01352	0.01617	0.01021	0.01014	0.02021	0.03042	0.04266	0.51084	0.08320	0.13574	0.02269	0.01286	0.00345	0.00517	0.01996	0.01186	0.01021
6	0.01667	0.01196	0.01622	0.01595	0.01771	0.01310	0.01171	0.02095	0.05189	0.02772	0.09905	0.05233	0.03934	0.16591	0.31525	0.07527	0.01931	0.01338	0.00705	0.00924
7	0.03193	0.01654	0.02093	0.01642	0.02352	0.01390	0.01317	0.03659	0.02775	0.25342	0.12924	0.04153	0.03816	0.01347	0.01012	0.00278	0.00771	0.01120	0.07959	0.21202
8	0.03020	0.09016	0.35085	0.02704	0.04021	0.02584	0.03139	0.09443	0.02793	0.14308	0.02473	0.02580	0.01704	0.01123	0.01028	0.00333	0.01390	0.00868	0.00714	0.01673
9	0.02995	0.09579	0.03854	0.20734	0.17714	0.02997	0.02664	0.18600	0.03211	0.04275	0.02136	0.02624	0.01646	0.01112	0.01042	0.00326	0.01298	0.00928	0.00692	0.01572
10	0.02032	0.01243	0.01609	0.01498	0.01859	0.01142	0.01173	0.02480	0.02840	0.11725	0.31034	0.07991	0.15897	0.02677	0.05208	0.00460	0.00798	0.06075	0.01129	0.01130
11	0.02655	0.20686	0.04620	0.14194	0.30892	0.03087	0.02841	0.03225	0.02349	0.03125	0.01869	0.02445	0.01580	0.00980	0.00966	0.00303	0.01283	0.00853	0.00508	0.01539
12	0.02554	0.02194	0.02079	0.01901	0.02240	0.10510	0.01387	0.14368	0.02829	0.03572	0.03474	0.16806	0.03630	0.18933	0.07964	0.00687	0.01328	0.01589	0.00822	0.01133
13	0.04090	0.03373	0.03070	0.02489	0.03260	0.16262	0.01995	0.30406	0.08591	0.11388	0.02749	0.02715	0.01974	0.01283	0.01067	0.00321	0.01325	0.00949	0.00994	0.01699
14	0.01349	0.01053	0.01233	0.01363	0.01592	0.00937	0.00992	0.01610	0.02320	0.02907	0.08428	0.31989	0.30005	0.03061	0.01352	0.00412	0.00628	0.06844	0.01012	0.00914
15	0.01764	0.00993	0.01323	0.01323	0.01323	0.00993	0.00826	0.01490	0.01490	0.01987	0.02545	0.04929	0.02769	0.28250	0.04806	0.39873	0.00993	0.01217	0.00553	0.00553
16	0.02187	0.05640	0.56031	0.03108	0.04719	0.02532	0.04029	0.03453	0.02302	0.03453	0.01957	0.02302	0.01381	0.01036	0.01036	0.00345	0.01611	0.00806	0.00460	0.01611
17	0.02824	0.02398	0.02529	0.02242	0.02878	0.02764	0.01753	0.09356	0.49164	0.04742	0.04295	0.03954	0.03213	0.01466	0.01108	0.00366	0.00889	0.01213	0.01108	0.01736
18	0.03073	0.04098	0.33417	0.02647	0.03907	0.02270	0.03018	0.04296	0.08513	0.19485	0.02964	0.02940	0.02012	0.01184	0.01063	0.00346	0.01315	0.00945	0.00808	0.01699
19	0.01456	0.01084	0.01355	0.01345	0.01590	0.00983	0.00987	0.01868	0.02796	0.03819	0.37494	0.17763	0.18363	0.02539	0.01305	0.00365	0.00542	0.02232	0.01131	0.00983
20	0.02176	0.01730	0.02064	0.02175	0.07019	0.01771	0.01480	0.12230	0.08826	0.03931	0.06068	0.24094	0.17317	0.02367	0.01242	0.00381	0.00815	0.02049	0.00996	0.01267
21	0.01432	0.01078	0.01325	0.01330	0.01578	0.00971	0.00972	0.01818	0.02725	0.03672	0.33047	0.19422	0.21423	0.02610	0.01308	0.00370	0.00548	0.02287	0.01112	0.00971
22	0.03256	0.03147	0.04135	0.10929	0.14507	0.11723	0.12744	0.18066	0.03368	0.04313	0.02183	0.02632	0.01664	0.01103	0.01112	0.00332	0.01509	0.00997	0.00707	0.01572
23	0.02712	0.02342	0.02465	0.02219	0.02835	0.02712	0.01726	0.05794	0.52909	0.04561	0.04438	0.04068	0.03328	0.01479	0.01109	0.00370	0.00863	0.01233	0.01109	0.01726
24	0.02261	0.01938	0.02261	0.01615	0.02584	0.01453	0.01292	0.02745	0.02261	0.03553	0.01938	0.02261	0.01615	0.00807	0.00807	0.00161	0.00807	0.00646	0.00646	0.68346
25	0.10596	0.01557	0.01851	0.01687	0.02139	0.01553	0.01322	0.05662	0.06339	0.14573	0.19973	0.14800	0.05910	0.02057	0.01186	0.00371	0.00756	0.05279	0.01109	0.01281
26	0.69383	0.02109	0.01603	0.01434	0.02109	0.02446	0.01181	0.03205	0.01856	0.04892	0.01518	0.01771	0.01181	0.01012	0.00675	0.00337	0.00843	0.00590	0.00675	0.01181
27	0.02562	0.03464	0.14886	0.25913	0.09313	0.13436	0.02927	0.03290	0.02422	0.03042	0.01900	0.02507	0.01464	0.01049	0.01029	0.00321	0.01519	0.00849	0.00514	0.07592
28	0.01545	0.01139	0.01419	0.01522	0.01674	0.01123	0.01048	0.02076	0.07470	0.03208	0.15282	0.38109	0.07049	0.09841	0.01831	0.00488	0.00683	0.02501	0.01019	0.00975
29	0.02294	0.03896	0.26910	0.03681	0.04902	0.02488	0.26466	0.03292	0.02414	0.03410	0.02454	0.08066	0.02056	0.01201	0.01191	0.00365	0.01630	0.01252	0.00556	0.01476
30	0.01784	0.01192	0.01349	0.01262	0.01640	0.01032	0.00949	0.02107	0.02623	0.09386	0.18480	0.09003	0.36164	0.06311	0.01542	0.00404	0.00622	0.02046	0.01067	0.01036
31	0.01396	0.01109	0.01254	0.01217	0.01539	0.00966	0.00913	0.01773	0.02739	0.03548	0.29324	0.09501	0.35782	0.02536	0.01288	0.00358	0.00536	0.02162	0.01092	0.00966
32	0.02394	0.01897	0.02047	0.01872	0.02357	0.02094	0.01439	0.07890	0.29780	0.04379	0.09748	0.10583	0.07556	0.01797	0.01125	0.00358	0.00769	0.01521	0.08949	0.01445
33	0.24416	0.02779	0.02281	0.01882	0.02645	0.15405	0.01487	0.03549	0.02422	0.09135	0.01986	0.02182	0.01537	0.01006	0.00838	0.00265	0.01114	0.00688	0.00707	0.23677
34	0.01391	0.00995	0.01331	0.01544	0.01647	0.00935	0.01080	0.01647	0.02242	0.03013	0.11678	0.50471	0.07492	0.03241	0.01389	0.00436	0.00651	0.06870	0.01034	0.00913
35	0.01415	0.01033	0.01332	0.01418	0.01591	0.00949	0.01002	0.01750	0.02547	0.03470	0.26884	0.33956	0.12902	0.02854	0.01337	0.00394	0.00575	0.02549	0.01092	0.00949
36	0.69383	0.02109	0.01603	0.01434	0.02109	0.02446	0.01181	0.03205	0.01856	0.04892	0.01518	0.01771	0.01181	0.01012	0.00675	0.00337	0.00843	0.00590	0.00675	0.01181
37	0.02299	0.09040	0.14388	0.31608	0.15754	0.02673	0.03172	0.03080	0.02268	0.03050	0.01920	0.02625	0.01487	0.01040	0.01037	0.00339	0.01425	0.00897	0.00489	0.01413
38	0.02646	0.02230	0.02988	0.02534	0.02729	0.02879	0.02098	0.06395	0.02173	0.08443	0.02948	0.03495	0.07838	0.01907	0.02868	0.00439	0.42308	0.01130	0.00676	0.01278
39	0.03678	0.04108	0.02772	0.02571	0.03095	0.41109	0.01992	0.04016	0.02976	0.07441	0.02739	0.04203	0.02500	0.01524	0.01099	0.00330	0.01681	0.10181	0.00720	0.01264
40	0.02046	0.01231	0.01591	0.01434	0.01795	0.01108	0.01099	0.02522	0.03031	0.12323	0.41993	0.07684	0.13594	0.02144	0.01256	0.00345	0.00584	0.01867	0.01205	0.01148
41	0.09697	0.02184	0.02240	0.01973	0.02492	0.07544	0.01562	0.11461	0.08678	0.09650	0.02980	0.03413	0.02363	0.03543	0.19544	0.00794	0.01686	0.01020	0.05819	0.01359
42	0.03970	0.04531	0.02950	0.02601	0.03232	0.46057	0.01973	0.04285	0.03008	0.08035	0.01972	0.02170	0.01555	0.01114	0.00977	0.00274	0.01745	0.00736	0.00649	0.08167
43	0.01389	0.01087	0.01258	0.01260	0.01546	0.00956	0.00928	0.01743	0.02657	0.03458	0.26554	0.16428	0.31540	0.02651	0.01302	0.00369	0.00549	0.02286	0.01083	0.00956
44	0.01905	0.01081	0.01378	0.01456	0.01664	0.01006	0.01032	0.02209	0.02319	0.09379	0.08699	0.39047	0.06005	0.02657	0.01223	0.00385	0.00634	0.02365	0.14519	0.01036
45	0.04315	0.01686	0.02225	0.01754	0.02478	0.01484	0.01433	0.04755	0.02953	0.45236	0.04151	0.03783	0.02718	0.01334	0.01029	0.00321	0.00843	0.01080	0.14735	0.01686
46	0.04815	0.01979	0.02607	0.01999	0.02845	0.01786	0.01651	0.10049	0.03328	0.50607	0.04128	0.03598	0.02612	0.01345	0.01096	0.00336	0.00956	0.01085	0.01323	0.01855
47	0.01753	0.01361	0.01624	0.01515	0.01856	0.01357	0.01149	0.02760	0.13071	0.04263	0.39789	0.07565	0.13437	0.02133	0.01251	0.00351	0.00589	0.01857	0.01163	0.01158
48	0.04771	0.02050	0.02651	0.02032	0.02880	0.01891	0.01679	0.12766	0.03446	0.47722	0.04028	0.03534	0.02562	0.01343	0.01096	0.00336	0.00972	0.01078	0.01308	0.01855
49	0.02205	0.01785	0.01956	0.01784	0.02252	0.01905	0.01371	0.08464	0.22850	0.04278	0.16231	0.11071	0.15290	0.02048	0.01206	0.00366	0.00741	0.01742	0.01099	0.01356
50	0.69383	0.02109	0.01603	0.01434	0.02109	0.02446	0.01181	0.03205	0.01856	0.04892	0.01518	0.01771	0.01181	0.01012	0.00675	0.00337	0.00843	0.00590	0.00675	0.01181
51	0.01380	0.01046	0.01273	0.01348	0.01562	0.00939	0.00961	0.01693	0.02505	0.03305	0.21880	0.29871	0.22553	0.02864	0.01329	0.00390	0.00573	0.02521	0.01068	0.00939
52	0.04892	0.01856	0.02530	0.01940	0.02783	0.01603	0.01603	0.05314	0.03121	0.55634	0.04302	0.03711	0.02699	0.01350	0.01096	0.00337	0.00928	0.01096	0.01350	0.01856
53	0.02324	0.01302	0.01622	0.01580	0.01907	0.01253	0.01166	0.02940	0.07661	0.13979	0.09595	0.29413	0.05471	0.02341	0.01191	0.00374	0.00685	0.02060	0.11934	0.01202
54	0.13304	0.03778	0.25591	0.03909	0.20284	0.02554	0.03133	0.03596	0.06992	0.03825	0.02147	0.02508	0.01641	0.01053	0.00998	0.00339	0.01315	0.00864	0.00581	0.01589

[dist]
# distance from previous block
# <min> <max>
0	5

[block]
# block no. 8 follows, 12 sequences, length 14
# corresponding to MSA columns:
# 925-938
name=unknown_I
#
# <colnr> <probs for GDERKNQSTAVLIFYWHMCP>
#	G	D	E	R	K	N	Q	S	T	A	V	L	I	F	Y	W	H	M	C	P
0	0.02188	0.01283	0.01515	0.01358	0.01814	0.01104	0.01053	0.02550	0.02765	0.15602	0.18844	0.08395	0.32740	0.02315	0.01243	0.00355	0.00632	0.01947	0.01132	0.01163
1	0.02465	0.02059	0.02371	0.01712	0.02670	0.01663	0.01377	0.08006	0.02572	0.03913	0.02012	0.02300	0.01641	0.00862	0.00838	0.00179	0.00850	0.00682	0.00694	0.61134
2	0.01328	0.00949	0.01265	0.01518	0.01581	0.00886	0.01012	0.01518	0.02088	0.02783	0.06010	0.60969	0.07212	0.03416	0.01392	0.00443	0.00633	0.03100	0.01012	0.00886
3	0.02802	0.21361	0.12653	0.03209	0.14087	0.02879	0.05397	0.03565	0.05531	0.09076	0.03047	0.03219	0.06278	0.01193	0.00989	0.00310	0.01208	0.00987	0.00671	0.01537
4	0.03259	0.02973	0.02539	0.02187	0.02751	0.19065	0.01700	0.14812	0.07465	0.08059	0.18581	0.04318	0.04500	0.01553	0.01120	0.00322	0.01178	0.01230	0.00982	0.01407
5	0.01289	0.01105	0.01105	0.01105	0.01473	0.00920	0.00828	0.01565	0.02485	0.02946	0.11046	0.10493	0.54437	0.02761	0.01289	0.00368	0.00552	0.02301	0.01013	0.00920
6	0.03119	0.01463	0.01962	0.01639	0.02172	0.01299	0.01299	0.03590	0.03103	0.28497	0.30772	0.06058	0.06717	0.01815	0.01197	0.00340	0.00709	0.01560	0.01271	0.01418
7	0.04273	0.02218	0.03529	0.02625	0.03533	0.02031	0.13453	0.08804	0.03161	0.38979	0.03656	0.03433	0.02377	0.01243	0.01142	0.00344	0.01169	0.01132	0.01136	0.01763
8	0.69383	0.02109	0.01603	0.01434	0.02109	0.02446	0.01181	0.03205	0.01856	0.04892	0.01518	0.01771	0.01181	0.01012	0.00675	0.00337	0.00843	0.00590	0.00675	0.01181
9	0.01335	0.01053	0.01205	0.01280	0.01530	0.00922	0.00917	0.01612	0.02427	0.03074	0.14887	0.27454	0.32608	0.02917	0.01324	0.00390	0.00575	0.02532	0.01037	0.00922
10	0.13023	0.05070	0.47254	0.02838	0.04298	0.02518	0.03569	0.03413	0.02230	0.03685	0.01886	0.02216	0.01349	0.01032	0.00978	0.00344	0.01488	0.00771	0.00495	0.01542
11	0.04087	0.02356	0.09531	0.11302	0.03795	0.01854	0.02144	0.04667	0.02864	0.40400	0.03619	0.03400	0.02329	0.01267	0.01088	0.00343	0.01100	0.01039	0.01096	0.01720
12	0.02340	0.01426	0.01773	0.01634	0.02039	0.01402	0.01291	0.03223	0.10429	0.12492	0.26990	0.06908	0.06688	0.01971	0.01200	0.00357	0.00696	0.07476	0.08402	0.01262
13	0.02707	0.16688	0.30359	0.02692	0.03868	0.11751	0.02982	0.03861	0.08920	0.03288	0.02142	0.02362	0.01639	0.01086	0.00968	0.00315	0.01482	0.00799	0.00561	0.01527

[dist]
# distance from previous block
# <min> <max>
0	1

[block]
# block no. 9 follows, 12 sequences, length 35
# corresponding to MSA columns:
# 940-950,958-981
name=unknown_J
#
# <colnr> <probs for GDERKNQSTAVLIFYWHMCP>
#	G	D	E	R	K	N	Q	S	T	A	V	L	I	F	Y	W	H	M	C	P
0	0.01834	0.01207	0.01387	0.01286	0.01688	0.01040	0.00984	0.02193	0.02730	0.10301	0.21696	0.08969	0.35807	0.02432	0.01263	0.00357	0.00592	0.02054	0.01107	0.01073
1	0.11146	0.01961	0.02174	0.01591	0.02521	0.01585	0.01277	0.02806	0.02207	0.03730	0.01882	0.02196	0.01558	0.00835	0.00790	0.00185	0.00812	0.00639	0.00650	0.59455
2	0.69383	0.02109	0.01603	0.01434	0.02109	0.02446	0.01181	0.03205	0.01856	0.04892	0.01518	0.01771	0.01181	0.01012	0.00675	0.00337	0.00843	0.00590	0.00675	0.01181
3	0.02059	0.01938	0.03270	0.59060	0.07510	0.02422	0.03028	0.02786	0.02180	0.02786	0.01938	0.02907	0.01453	0.01090	0.01090	0.00363	0.01453	0.00969	0.00484	0.01211
4	0.02504	0.01665	0.01918	0.01806	0.02228	0.01755	0.01504	0.15746	0.03149	0.04523	0.04154	0.06842	0.03879	0.01952	0.01139	0.00370	0.00888	0.18932	0.23805	0.01241
5	0.02187	0.05640	0.56031	0.03108	0.04719	0.02532	0.04029	0.03453	0.02302	0.03453	0.01957	0.02302	0.01381	0.01036	0.01036	0.00345	0.01611	0.00806	0.00460	0.01611
6	0.01407	0.01049	0.01309	0.01372	0.01578	0.00951	0.00980	0.01746	0.02575	0.03459	0.26576	0.28993	0.18411	0.02799	0.01327	0.00387	0.00568	0.02476	0.01088	0.00951
7	0.01372	0.01082	0.01238	0.01253	0.01538	0.00948	0.00919	0.01706	0.02602	0.03351	0.23316	0.18057	0.33330	0.02708	0.01305	0.00373	0.00554	0.02332	0.01069	0.00948
8	0.02915	0.62337	0.05714	0.01866	0.02799	0.04314	0.01866	0.03265	0.02215	0.02565	0.01516	0.01749	0.01399	0.00933	0.00700	0.00233	0.01166	0.00583	0.00466	0.01399
9	0.02371	0.04942	0.46849	0.02915	0.04343	0.02343	0.03629	0.03500	0.02388	0.07721	0.02486	0.03300	0.01921	0.01236	0.01082	0.00358	0.01502	0.04954	0.00581	0.01578
10	0.62109	0.08699	0.02052	0.01481	0.02184	0.02650	0.01256	0.03212	0.01895	0.04637	0.01518	0.01769	0.01205	0.01003	0.00677	0.00326	0.00879	0.00590	0.00652	0.01205
11	0.02574	0.02941	0.06434	0.04596	0.05699	0.02757	0.50919	0.03493	0.02574	0.03493	0.02206	0.02941	0.01654	0.00919	0.01287	0.00368	0.01838	0.01287	0.00551	0.01471
12	0.02457	0.17855	0.18946	0.02780	0.10177	0.02615	0.02496	0.03157	0.02291	0.03284	0.01855	0.02206	0.01509	0.00926	0.00883	0.00254	0.01192	0.00720	0.00534	0.23862
13	0.01586	0.01057	0.01189	0.01189	0.01189	0.01057	0.00661	0.01586	0.01586	0.02114	0.03436	0.07135	0.03964	0.61681	0.05550	0.01057	0.01057	0.01586	0.00661	0.00661
14	0.11060	0.02591	0.02735	0.02151	0.02918	0.02833	0.01766	0.36101	0.04243	0.09934	0.02748	0.02799	0.01968	0.01274	0.01002	0.00319	0.01049	0.00952	0.09886	0.01670
15	0.02040	0.01202	0.01551	0.01408	0.01743	0.01103	0.01076	0.02542	0.03003	0.11125	0.42132	0.07111	0.08464	0.02008	0.01204	0.00332	0.00568	0.01751	0.08500	0.01137
16	0.01434	0.01063	0.01338	0.01370	0.01588	0.00967	0.00989	0.01809	0.02680	0.03645	0.32223	0.24542	0.16971	0.02680	0.01318	0.00378	0.00557	0.02370	0.01111	0.00967
17	0.01520	0.01114	0.01426	0.01348	0.01615	0.01019	0.01011	0.02013	0.03032	0.04244	0.50414	0.08356	0.14258	0.02277	0.01286	0.00345	0.00518	0.02001	0.01183	0.01019
18	0.02915	0.62337	0.05714	0.01866	0.02799	0.04314	0.01866	0.03265	0.02215	0.02565	0.01516	0.01749	0.01399	0.00933	0.00700	0.00233	0.01166	0.00583	0.00466	0.01399
19	0.04211	0.02629	0.02847	0.02255	0.03033	0.07292	0.01837	0.25454	0.03900	0.24809	0.03205	0.03116	0.02210	0.01875	0.05729	0.00445	0.01305	0.01016	0.01101	0.01730
20	0.04892	0.01856	0.02530	0.01940	0.02783	0.01603	0.01603	0.05314	0.03121	0.55634	0.04302	0.03711	0.02699	0.01350	0.01096	0.00337	0.00928	0.01096	0.01350	0.01856
21	0.03121	0.09749	0.03876	0.14670	0.11088	0.17172	0.05934	0.10238	0.02865	0.03451	0.01915	0.02426	0.01540	0.01152	0.01238	0.00327	0.06333	0.00881	0.00600	0.01422
22	0.02908	0.02590	0.02566	0.02280	0.02911	0.06518	0.01777	0.08940	0.46067	0.04596	0.04118	0.03820	0.03091	0.01443	0.01099	0.00361	0.00963	0.01178	0.01070	0.01703
23	0.02261	0.01938	0.02261	0.01615	0.02584	0.01453	0.01292	0.02745	0.02261	0.03553	0.01938	0.02261	0.01615	0.00807	0.00807	0.00161	0.00807	0.00646	0.00646	0.68346
24	0.02593	0.13810	0.42559	0.02792	0.04217	0.02700	0.03436	0.03628	0.02379	0.09029	0.02147	0.02373	0.01528	0.01055	0.00992	0.00327	0.01469	0.00804	0.00559	0.01606
25	0.09584	0.10220	0.03546	0.02402	0.03203	0.02568	0.08712	0.08563	0.06440	0.24773	0.03036	0.03000	0.02120	0.01250	0.01218	0.00340	0.05450	0.01000	0.00955	0.01623
