[name]
unknown

[dist]
# distance from previous block
# <min> <max>
0	743

[block]
# block no. 0 follows, 12 sequences, length 105
# corresponding to MSA columns:
# 744-848
name=unknown_A
#
# <colnr> <probs for GDERKNQSTAVLIFYWHMCP>
#	G	D	E	R	K	N	Q	S	T	A	V	L	I	F	Y	W	H	M	C	P
0	0.01371	0.00979	0.01314	0.01567	0.01649	0.00922	0.01086	0.01592	0.02130	0.02831	0.05986	0.56119	0.07118	0.03376	0.01403	0.00449	0.00670	0.07529	0.01011	0.00897
1	0.02443	0.02727	0.08984	0.04191	0.17890	0.02432	0.18934	0.03594	0.10371	0.03802	0.10125	0.03755	0.03174	0.01222	0.01181	0.00350	0.01326	0.01250	0.00721	0.01527
2	0.02860	0.02962	0.05858	0.04215	0.05276	0.02871	0.42019	0.12193	0.03039	0.04108	0.02281	0.02882	0.01691	0.00990	0.01251	0.00360	0.01722	0.01231	0.00650	0.01540
3	0.02699	0.02591	0.04426	0.06693	0.54879	0.02591	0.03346	0.03346	0.02483	0.03562	0.02051	0.02699	0.01727	0.00972	0.01079	0.00324	0.01295	0.00972	0.00540	0.01727
4	0.04145	0.03054	0.03272	0.02509	0.03381	0.03381	0.02072	0.51243	0.05127	0.06872	0.02618	0.02618	0.01854	0.01309	0.01091	0.00327	0.01200	0.00982	0.01091	0.01854
5	0.02261	0.01938	0.02261	0.01615	0.02584	0.01453	0.01292	0.02745	0.02261	0.03553	0.01938	0.02261	0.01615	0.00807	0.00807	0.00161	0.00807	0.00646	0.00646	0.68346
6	0.04892	0.01856	0.02530	0.01940	0.02783	0.01603	0.01603	0.05314	0.03121	0.55634	0.04302	0.03711	0.02699	0.01350	0.01096	0.00337	0.00928	0.01096	0.01350	0.01856
7	0.02187	0.05640	0.56031	0.03108	0.04719	0.02532	0.04029	0.03453	0.02302	0.03453	0.01957	0.02302	0.01381	0.01036	0.01036	0.00345	0.01611	0.00806	0.00460	0.01611
8	0.01586	0.01057	0.01189	0.01189	0.01189	0.01057	0.00661	0.01586	0.01586	0.02114	0.03436	0.07135	0.03964	0.61681	0.05550	0.01057	0.01057	0.01586	0.00661	0.00661
9	0.01586	0.01057	0.01189	0.01189	0.01189	0.01057	0.00661	0.01586	0.01586	0.02114	0.03436	0.07135	0.03964	0.61681	0.05550	0.01057	0.01057	0.01586	0.00661	0.00661
10	0.03838	0.02427	0.04258	0.03121	0.04078	0.02257	0.22614	0.08756	0.03072	0.28989	0.03256	0.03283	0.02177	0.01163	0.01177	0.00349	0.01340	0.01167	0.00986	0.01692
11	0.02669	0.43169	0.22725	0.02286	0.03448	0.03712	0.02597	0.03329	0.02245	0.02865	0.01665	0.01936	0.01393	0.00968	0.00813	0.00271	0.01317	0.00658	0.00464	0.01471
12	0.04073	0.05197	0.03090	0.02809	0.03371	0.57303	0.02107	0.04354	0.03090	0.02669	0.01685	0.01966	0.01404	0.01124	0.00983	0.00281	0.01966	0.00702	0.00562	0.01264
13	0.02547	0.02436	0.04152	0.19091	0.43664	0.02551	0.03271	0.03214	0.02411	0.03378	0.02024	0.02748	0.01662	0.01000	0.01082	0.00333	0.01333	0.00971	0.00527	0.01605
14	0.31641	0.03463	0.02366	0.02137	0.02755	0.25937	0.01657	0.04078	0.09904	0.03893	0.02020	0.02193	0.01593	0.01129	0.00871	0.00318	0.01326	0.00733	0.00691	0.01297
15	0.01289	0.01105	0.01105	0.01105	0.01473	0.00920	0.00828	0.01565	0.02485	0.02946	0.11046	0.10493	0.54437	0.02761	0.01289	0.00368	0.00552	0.02301	0.01013	0.00920
16	0.04892	0.01856	0.02530	0.01940	0.02783	0.01603	0.01603	0.05314	0.03121	0.55634	0.04302	0.03711	0.02699	0.01350	0.01096	0.00337	0.00928	0.01096	0.01350	0.01856
17	0.69383	0.02109	0.01603	0.01434	0.02109	0.02446	0.01181	0.03205	0.01856	0.04892	0.01518	0.01771	0.01181	0.01012	0.00675	0.00337	0.00843	0.00590	0.00675	0.01181
18	0.01586	0.01057	0.01189	0.01189	0.01189	0.01057	0.00661	0.01586	0.01586	0.02114	0.03436	0.07135	0.03964	0.61681	0.05550	0.01057	0.01057	0.01586	0.00661	0.00661
19	0.02606	0.38231	0.27107	0.02394	0.03615	0.03557	0.02785	0.03345	0.02252	0.02943	0.01703	0.01984	0.01392	0.00977	0.00843	0.00281	0.01355	0.00678	0.00464	0.01489
20	0.04073	0.05197	0.03090	0.02809	0.03371	0.57303	0.02107	0.04354	0.03090	0.02669	0.01685	0.01966	0.01404	0.01124	0.00983	0.00281	0.01966	0.00702	0.00562	0.01264
21	0.03380	0.01903	0.02376	0.01753	0.02669	0.01517	0.01424	0.03837	0.02627	0.25697	0.02943	0.02878	0.02076	0.01038	0.00930	0.00236	0.00859	0.00838	0.00945	0.40076
22	0.69383	0.02109	0.01603	0.01434	0.02109	0.02446	0.01181	0.03205	0.01856	0.04892	0.01518	0.01771	0.01181	0.01012	0.00675	0.00337	0.00843	0.00590	0.00675	0.01181
23	0.02699	0.02591	0.04426	0.06693	0.54879	0.02591	0.03346	0.03346	0.02483	0.03562	0.02051	0.02699	0.01727	0.00972	0.01079	0.00324	0.01295	0.00972	0.00540	0.01727
24	0.02931	0.01883	0.01975	0.01651	0.02168	0.02022	0.01319	0.23248	0.03494	0.05258	0.03158	0.03450	0.02395	0.01287	0.00902	0.00285	0.00802	0.01002	0.39399	0.01373
25	0.01328	0.00949	0.01265	0.01518	0.01581	0.00886	0.01012	0.01518	0.02088	0.02783	0.06010	0.60969	0.07212	0.03416	0.01392	0.00443	0.00633	0.03100	0.01012	0.00886
26	0.01558	0.01168	0.01752	0.01752	0.01947	0.01363	0.01363	0.01947	0.01752	0.02531	0.02921	0.04283	0.02726	0.08178	0.57360	0.01752	0.02921	0.01168	0.00584	0.00974
27	0.02712	0.02342	0.02465	0.02219	0.02835	0.02712	0.01726	0.05794	0.52909	0.04561	0.04438	0.04068	0.03328	0.01479	0.01109	0.00370	0.00863	0.01233	0.01109	0.01726
28	0.02712	0.02342	0.02465	0.02219	0.02835	0.02712	0.01726	0.05794	0.52909	0.04561	0.04438	0.04068	0.03328	0.01479	0.01109	0.00370	0.00863	0.01233	0.01109	0.01726
29	0.01350	0.01040	0.01235	0.01327	0.01546	0.00925	0.00942	0.01631	0.02421	0.03126	0.16469	0.31544	0.26637	0.02947	0.01332	0.00396	0.00580	0.02583	0.01045	0.00925
30	0.02059	0.01938	0.03270	0.59060	0.07510	0.02422	0.03028	0.02786	0.02180	0.02786	0.01938	0.02907	0.01453	0.01090	0.01090	0.00363	0.01453	0.00969	0.00484	0.01211
31	0.02187	0.05640	0.56031	0.03108	0.04719	0.02532	0.04029	0.03453	0.02302	0.03453	0.01957	0.02302	0.01381	0.01036	0.01036	0.00345	0.01611	0.00806	0.00460	0.01611
32	0.01438	0.00995	0.01233	0.01378	0.01415	0.00959	0.00863	0.01547	0.01874	0.02499	0.04915	0.38080	0.05831	0.28189	0.03160	0.00704	0.00813	0.02456	0.00863	0.00790
33	0.01455	0.01111	0.01335	0.01279	0.01575	0.00991	0.00959	0.01887	0.02878	0.03878	0.39317	0.08958	0.25583	0.02414	0.01287	0.00352	0.00528	0.02086	0.01135	0.00991
34	0.02187	0.05640	0.56031	0.03108	0.04719	0.02532	0.04029	0.03453	0.02302	0.03453	0.01957	0.02302	0.01381	0.01036	0.01036	0.00345	0.01611	0.00806	0.00460	0.01611
35	0.04073	0.05197	0.03090	0.02809	0.03371	0.57303	0.02107	0.04354	0.03090	0.02669	0.01685	0.01966	0.01404	0.01124	0.00983	0.00281	0.01966	0.00702	0.00562	0.01264
36	0.09594	0.02213	0.02669	0.02062	0.02901	0.02168	0.01703	0.18099	0.03590	0.38025	0.03615	0.03255	0.02345	0.01312	0.01063	0.00335	0.00998	0.01026	0.01225	0.01804
37	0.01328	0.00949	0.01265	0.01518	0.01581	0.00886	0.01012	0.01518	0.02088	0.02783	0.06010	0.60969	0.07212	0.03416	0.01392	0.00443	0.00633	0.03100	0.01012	0.00886
38	0.02915	0.62337	0.05714	0.01866	0.02799	0.04314	0.01866	0.03265	0.02215	0.02565	0.01516	0.01749	0.01399	0.00933	0.00700	0.00233	0.01166	0.00583	0.00466	0.01399
39	0.04687	0.02184	0.02734	0.02096	0.02947	0.02090	0.01731	0.17898	0.03670	0.42274	0.03840	0.03412	0.02468	0.01338	0.01095	0.00335	0.01002	0.01065	0.01279	0.01855
40	0.04892	0.01856	0.02530	0.01940	0.02783	0.01603	0.01603	0.05314	0.03121	0.55634	0.04302	0.03711	0.02699	0.01350	0.01096	0.00337	0.00928	0.01096	0.01350	0.01856
41	0.02187	0.05640	0.56031	0.03108	0.04719	0.02532	0.04029	0.03453	0.02302	0.03453	0.01957	0.02302	0.01381	0.01036	0.01036	0.00345	0.01611	0.00806	0.00460	0.01611
42	0.04104	0.02810	0.03164	0.02452	0.03243	0.03103	0.02028	0.39845	0.04511	0.14023	0.02773	0.02766	0.01947	0.01368	0.01312	0.00342	0.06340	0.00997	0.01076	0.01796
43	0.01573	0.01299	0.01321	0.01245	0.01663	0.01166	0.00952	0.06516	0.02748	0.03337	0.10206	0.09709	0.49196	0.02617	0.01269	0.00364	0.00617	0.02170	0.01020	0.01014
44	0.42953	0.02321	0.02215	0.01847	0.02521	0.02657	0.01526	0.14037	0.02683	0.09788	0.02011	0.02193	0.01492	0.01189	0.01066	0.00348	0.06193	0.00756	0.00812	0.01394
45	0.02242	0.02657	0.10539	0.02436	0.03102	0.07394	0.09103	0.03299	0.10533	0.03861	0.21368	0.05674	0.05367	0.01710	0.01213	0.00360	0.01116	0.05819	0.00900	0.01308
46	0.01328	0.00949	0.01265	0.01518	0.01581	0.00886	0.01012	0.01518	0.02088	0.02783	0.06010	0.60969	0.07212	0.03416	0.01392	0.00443	0.00633	0.03100	0.01012	0.00886
47	0.02261	0.01938	0.02261	0.01615	0.02584	0.01453	0.01292	0.02745	0.02261	0.03553	0.01938	0.02261	0.01615	0.00807	0.00807	0.00161	0.00807	0.00646	0.00646	0.68346
48	0.02596	0.28342	0.17426	0.02383	0.03359	0.03000	0.06618	0.03219	0.02287	0.06676	0.02404	0.07760	0.02143	0.01760	0.05189	0.00414	0.01403	0.01013	0.00594	0.01412
49	0.01377	0.01108	0.01227	0.01197	0.01527	0.00958	0.00898	0.01735	0.02693	0.03439	0.26009	0.09681	0.39165	0.02577	0.01288	0.00359	0.00539	0.02187	0.01077	0.00958
50	0.02780	0.37702	0.22474	0.02376	0.03503	0.08782	0.02620	0.03433	0.02328	0.02875	0.01681	0.01957	0.01394	0.00986	0.00840	0.00276	0.01393	0.00670	0.00474	0.01458
51	0.01337	0.01106	0.01171	0.01155	0.01502	0.00941	0.00866	0.01658	0.02598	0.03214	0.19189	0.10051	0.46125	0.02661	0.01288	0.00363	0.00545	0.02239	0.01048	0.00941
52	0.03252	0.02170	0.02452	0.02117	0.02764	0.02347	0.01666	0.09648	0.31841	0.16928	0.04370	0.08885	0.03380	0.01603	0.01130	0.00364	0.00890	0.01341	0.01157	0.01695
53	0.01395	0.01109	0.01252	0.01216	0.01538	0.00966	0.00912	0.01771	0.02737	0.03543	0.29160	0.09510	0.35950	0.02539	0.01288	0.00358	0.00536	0.02163	0.01091	0.00966
54	0.02187	0.05640	0.56031	0.03108	0.04719	0.02532	0.04029	0.03453	0.02302	0.03453	0.01957	0.02302	0.01381	0.01036	0.01036	0.00345	0.01611	0.00806	0.00460	0.01611
55	0.02187	0.05640	0.56031	0.03108	0.04719	0.02532	0.04029	0.03453	0.02302	0.03453	0.01957	0.02302	0.01381	0.01036	0.01036	0.00345	0.01611	0.00806	0.00460	0.01611
56	0.01499	0.01125	0.01397	0.01363	0.01647	0.01022	0.01044	0.01954	0.02886	0.03921	0.39280	0.09096	0.20833	0.02431	0.01306	0.00363	0.00568	0.06129	0.01136	0.01000
57	0.03757	0.02861	0.03054	0.02430	0.03233	0.03200	0.01979	0.38936	0.18066	0.06246	0.03111	0.03011	0.02253	0.01355	0.01096	0.00339	0.01109	0.01050	0.01096	0.01819
58	0.02107	0.02036	0.03787	0.03765	0.15681	0.01944	0.18360	0.02702	0.02499	0.03453	0.11242	0.19400	0.04509	0.01810	0.01266	0.00374	0.01178	0.01808	0.00774	0.01305
59	0.03453	0.02540	0.03084	0.02827	0.08200	0.02864	0.02094	0.20075	0.16201	0.12398	0.03077	0.03118	0.02272	0.01424	0.01507	0.00364	0.10769	0.01057	0.00977	0.01699
60	0.02531	0.02357	0.04549	0.30795	0.06317	0.02492	0.23263	0.03312	0.02432	0.07813	0.02263	0.02993	0.01650	0.01041	0.01174	0.00363	0.01570	0.01116	0.00590	0.01379
61	0.01469	0.01073	0.01521	0.01667	0.01804	0.01125	0.01236	0.01774	0.01987	0.02724	0.04673	0.32017	0.05211	0.05400	0.25199	0.01005	0.01642	0.06707	0.00829	0.00935
62	0.03165	0.10630	0.25840	0.02849	0.03892	0.29152	0.02902	0.03871	0.02675	0.02993	0.01785	0.02089	0.01394	0.01069	0.00980	0.00304	0.01742	0.00735	0.00510	0.01424
63	0.02708	0.08071	0.08541	0.16610	0.11880	0.07151	0.02623	0.07315	0.12038	0.03565	0.02377	0.02794	0.01860	0.01219	0.01267	0.00347	0.06538	0.00949	0.00658	0.01490
64	0.01454	0.01101	0.01371	0.01538	0.01765	0.01018	0.01192	0.01775	0.02359	0.02994	0.07635	0.28070	0.22872	0.03063	0.01394	0.00437	0.00726	0.17289	0.01010	0.00936
65	0.01732	0.01584	0.02350	0.34419	0.04943	0.01784	0.02093	0.02267	0.02310	0.02854	0.05810	0.06133	0.23981	0.01801	0.01175	0.00365	0.01070	0.01535	0.00709	0.01088
66	0.69383	0.02109	0.01603	0.01434	0.02109	0.02446	0.01181	0.03205	0.01856	0.04892	0.01518	0.01771	0.01181	0.01012	0.00675	0.00337	0.00843	0.00590	0.00675	0.01181
67	0.01404	0.01042	0.01309	0.01383	0.01579	0.00947	0.00984	0.01735	0.02548	0.03427	0.25591	0.31048	0.17328	0.02834	0.01331	0.00390	0.00572	0.02514	0.01085	0.00947
68	0.02895	0.08491	0.16172	0.08026	0.17112	0.02706	0.02826	0.08161	0.10121	0.09019	0.02599	0.02832	0.01938	0.01135	0.01043	0.00332	0.01263	0.00949	0.00724	0.01654
69	0.03771	0.03204	0.06875	0.07635	0.03572	0.16880	0.02151	0.07808	0.07767	0.20667	0.02903	0.02930	0.02052	0.01292	0.01239	0.00338	0.05511	0.00953	0.00891	0.01561
70	0.02269	0.02202	0.03036	0.02617	0.02710	0.02926	0.02151	0.02525	0.01764	0.02723	0.01933	0.08213	0.02024	0.01960	0.03113	0.00445	0.48534	0.01140	0.00546	0.07168
71	0.07259	0.26126	0.08609	0.01747	0.02441	0.02599	0.01674	0.02766	0.02567	0.03597	0.24004	0.04525	0.05160	0.01500	0.00981	0.00299	0.00909	0.01196	0.00794	0.01246
72	0.02059	0.01938	0.03270	0.59060	0.07510	0.02422	0.03028	0.02786	0.02180	0.02786	0.01938	0.02907	0.01453	0.01090	0.01090	0.00363	0.01453	0.00969	0.00484	0.01211
73	0.01699	0.01480	0.02294	0.02606	0.11288	0.01386	0.06154	0.02092	0.02397	0.03184	0.10958	0.27998	0.17207	0.02476	0.01292	0.00387	0.00833	0.02252	0.00904	0.01111
74	0.02915	0.62337	0.05714	0.01866	0.02799	0.04314	0.01866	0.03265	0.02215	0.02565	0.01516	0.01749	0.01399	0.00933	0.00700	0.00233	0.01166	0.00583	0.00466	0.01399
75	0.02851	0.24270	0.29515	0.02528	0.03775	0.03124	0.02904	0.07695	0.02592	0.08238	0.02080	0.02271	0.01549	0.01053	0.00932	0.00305	0.01362	0.00772	0.00599	0.01583
76	0.03006	0.03710	0.24214	0.02896	0.04039	0.02517	0.09856	0.08799	0.12283	0.13176	0.02936	0.03006	0.02065	0.01184	0.01102	0.00350	0.01344	0.01025	0.00813	0.01679
77	0.01328	0.00949	0.01265	0.01518	0.01581	0.00886	0.01012	0.01518	0.02088	0.02783	0.06010	0.60969	0.07212	0.03416	0.01392	0.00443	0.00633	0.03100	0.01012	0.00886
78	0.01558	0.01168	0.01752	0.01752	0.01947	0.01363	0.01363	0.01947	0.01752	0.02531	0.02921	0.04283	0.02726	0.08178	0.57360	0.01752	0.02921	0.01168	0.00584	0.00974
79	0.03505	0.07996	0.04473	0.03141	0.03993	0.07566	0.21153	0.04087	0.02693	0.20807	0.02733	0.02956	0.01941	0.01172	0.01348	0.00347	0.06658	0.01077	0.00807	0.01550
80	0.02915	0.62337	0.05714	0.01866	0.02799	0.04314	0.01866	0.03265	0.02215	0.02565	0.01516	0.01749	0.01399	0.00933	0.00700	0.00233	0.01166	0.00583	0.00466	0.01399
81	0.01556	0.01078	0.01265	0.01265	0.01325	0.01090	0.00779	0.01637	0.01688	0.02248	0.04018	0.07006	0.08148	0.48701	0.12814	0.01100	0.01288	0.01586	0.00680	0.00729
82	0.02187	0.05640	0.56031	0.03108	0.04719	0.02532	0.04029	0.03453	0.02302	0.03453	0.01957	0.02302	0.01381	0.01036	0.01036	0.00345	0.01611	0.00806	0.00460	0.01611
83	0.03301	0.02635	0.02797	0.02338	0.03060	0.02987	0.01868	0.24466	0.33279	0.05510	0.03690	0.03472	0.02723	0.01409	0.01102	0.00352	0.01001	0.01130	0.01102	0.01779
84	0.02427	0.24369	0.39410	0.02697	0.04085	0.03121	0.03314	0.03391	0.02273	0.03160	0.01811	0.02119	0.01387	0.01002	0.00925	0.00308	0.01464	0.00732	0.00462	0.01541
85	0.07980	0.17436	0.08227	0.04231	0.25291	0.02926	0.07077	0.03513	0.02422	0.08061	0.02088	0.02479	0.01660	0.00999	0.00973	0.00309	0.01269	0.00875	0.00600	0.01585
86	0.03831	0.02554	0.12510	0.02354	0.03284	0.01807	0.06513	0.04429	0.02818	0.36074	0.03852	0.09090	0.02813	0.01459	0.01132	0.00352	0.01107	0.01261	0.01081	0.01679
87	0.02521	0.02409	0.04105	0.21235	0.41725	0.02544	0.03258	0.03191	0.02399	0.03347	0.02020	0.02756	0.01651	0.01004	0.01082	0.00335	0.01339	0.00971	0.00524	0.01584
88	0.02887	0.02636	0.08194	0.04235	0.21131	0.02335	0.13876	0.03831	0.07473	0.12258	0.07351	0.03509	0.02761	0.01187	0.01149	0.00344	0.01276	0.01167	0.00783	0.01617
89	0.02640	0.02531	0.04320	0.11500	0.50531	0.02575	0.03317	0.03295	0.02455	0.03491	0.02041	0.02718	0.01702	0.00982	0.01080	0.00327	0.01310	0.00971	0.00535	0.01680
90	0.02059	0.01938	0.03270	0.59060	0.07510	0.02422	0.03028	0.02786	0.02180	0.02786	0.01938	0.02907	0.01453	0.01090	0.01090	0.00363	0.01453	0.00969	0.00484	0.01211
91	0.01485	0.01162	0.01789	0.01850	0.02027	0.01094	0.05668	0.01773	0.02174	0.02896	0.05637	0.50792	0.06608	0.03147	0.01393	0.00442	0.00780	0.07362	0.00969	0.00951
92	0.03797	0.02769	0.12876	0.03254	0.12885	0.02054	0.06769	0.04457	0.02808	0.32070	0.03281	0.03204	0.02191	0.01186	0.01099	0.00339	0.01200	0.01038	0.00970	0.01754
93	0.02464	0.02780	0.09105	0.18907	0.26438	0.02585	0.15222	0.03252	0.02414	0.03342	0.02053	0.02777	0.01611	0.00994	0.01130	0.00346	0.01498	0.01035	0.00522	0.01524
94	0.02187	0.05640	0.56031	0.03108	0.04719	0.02532	0.04029	0.03453	0.02302	0.03453	0.01957	0.02302	0.01381	0.01036	0.01036	0.00345	0.01611	0.00806	0.00460	0.01611
95	0.04633	0.02218	0.07649	0.02052	0.02969	0.01692	0.01835	0.05136	0.03042	0.50642	0.04077	0.03576	0.02573	0.01320	0.01091	0.00338	0.00993	0.01069	0.01264	0.01832
96	0.02480	0.02367	0.04031	0.24600	0.38681	0.02533	0.03237	0.03155	0.02379	0.03297	0.02012	0.02770	0.01634	0.01012	0.01083	0.00337	0.01349	0.00971	0.00521	0.01551
97	0.02614	0.13618	0.25259	0.03542	0.16500	0.02631	0.03021	0.03432	0.02473	0.07928	0.06747	0.02948	0.02374	0.01135	0.01018	0.00320	0.01302	0.00938	0.00624	0.01574
98	0.03067	0.02340	0.08177	0.03036	0.07407	0.01921	0.14829	0.03680	0.02644	0.20913	0.03760	0.13156	0.03232	0.01639	0.01218	0.00374	0.01214	0.04971	0.00920	0.01502
99	0.03113	0.14573	0.24150	0.02475	0.03558	0.07758	0.02667	0.03848	0.02577	0.15771	0.02754	0.03395	0.02138	0.01276	0.01026	0.00331	0.01346	0.04966	0.00734	0.01545
100	0.02743	0.02394	0.04144	0.18664	0.34129	0.02470	0.07318	0.03413	0.02479	0.08351	0.02253	0.02867	0.01748	0.01032	0.01102	0.00339	0.01346	0.01011	0.00605	0.01592
101	0.02528	0.01254	0.01691	0.01660	0.01986	0.01127	0.01211	0.02796	0.02435	0.20572	0.05435	0.41697	0.05693	0.02720	0.01292	0.00407	0.00732	0.02425	0.01126	0.01212
102	0.02984	0.03299	0.20642	0.03132	0.07572	0.02221	0.10778	0.03997	0.06577	0.16990	0.03185	0.03936	0.02432	0.01325	0.01149	0.00363	0.01331	0.05664	0.00816	0.01608
103	0.02809	0.02606	0.04184	0.06024	0.46886	0.02660	0.03122	0.07162	0.06653	0.03891	0.02282	0.02800	0.01863	0.01037	0.01083	0.00328	0.01254	0.00993	0.00626	0.01737
104	0.08858	0.01828	0.02572	0.02460	0.07585	0.01763	0.05333	0.07176	0.02728	0.21124	0.04113	0.22074	0.03808	0.01926	0.01169	0.00372	0.00950	0.01703	0.01022	0.01437

[dist]
# distance from previous block
# <min> <max>
7	25

[block]
# block no. 1 follows, 12 sequences, length 91
# corresponding to MSA columns:
# 874-948,970-985
name=unknown_B
#
# <colnr> <probs for GDERKNQSTAVLIFYWHMCP>
#	G	D	E	R	K	N	Q	S	T	A	V	L	I	F	Y	W	H	M	C	P
0	0.29938	0.02251	0.02970	0.02625	0.07732	0.02333	0.09993	0.07596	0.02626	0.13198	0.06581	0.02977	0.02372	0.01174	0.00973	0.00341	0.01072	0.00976	0.00833	0.01438
1	0.09267	0.02089	0.03166	0.08367	0.15523	0.02018	0.06160	0.03767	0.02650	0.20616	0.07510	0.03445	0.02737	0.01206	0.01063	0.00325	0.01083	0.01069	0.00881	0.07058
2	0.25777	0.02527	0.02660	0.10981	0.08168	0.06920	0.01961	0.11540	0.07375	0.08825	0.02324	0.02554	0.01724	0.01149	0.00942	0.00337	0.01133	0.00856	0.00789	0.01459
3	0.13921	0.07135	0.11892	0.12827	0.12736	0.02455	0.07014	0.03076	0.02286	0.03514	0.02499	0.04009	0.02232	0.01330	0.01064	0.00362	0.01288	0.08386	0.00611	0.01361
4	0.19594	0.02675	0.07726	0.16870	0.04519	0.02681	0.09572	0.11810	0.06936	0.04347	0.02203	0.02620	0.01636	0.01111	0.01012	0.00350	0.01276	0.00932	0.00699	0.01432
5	0.19853	0.08240	0.11630	0.02834	0.11629	0.02557	0.02227	0.04040	0.10481	0.12564	0.02608	0.02701	0.01921	0.01133	0.00943	0.00332	0.01091	0.00875	0.00780	0.01561
6	0.03046	0.03249	0.04088	0.05711	0.41861	0.16418	0.03033	0.03601	0.02636	0.03336	0.01959	0.02514	0.01646	0.01010	0.01055	0.00313	0.01465	0.00903	0.00545	0.01610
7	0.02699	0.02004	0.02052	0.01861	0.02310	0.06444	0.01420	0.11720	0.11248	0.08462	0.08676	0.18358	0.04390	0.01935	0.01130	0.00351	0.00877	0.01639	0.11084	0.01338
8	0.01583	0.01066	0.01237	0.01237	0.01253	0.01083	0.00720	0.01616	0.01600	0.02149	0.03392	0.06894	0.03859	0.57149	0.09938	0.01116	0.01215	0.01550	0.00654	0.00687
9	0.01567	0.01130	0.01560	0.01560	0.01688	0.01258	0.01123	0.01823	0.01695	0.02389	0.03097	0.05258	0.03149	0.26469	0.39647	0.01515	0.02283	0.01311	0.00610	0.00867
10	0.02530	0.02418	0.04120	0.20535	0.42358	0.02546	0.03262	0.03198	0.02403	0.03357	0.02021	0.02754	0.01655	0.01003	0.01082	0.00334	0.01337	0.00971	0.00525	0.01591
11	0.01439	0.01110	0.01313	0.01263	0.01565	0.00985	0.00947	0.01856	0.02841	0.03790	0.36635	0.09104	0.28321	0.02447	0.01287	0.00353	0.00530	0.02106	0.01124	0.00985
12	0.02712	0.02342	0.02465	0.02219	0.02835	0.02712	0.01726	0.05794	0.52909	0.04561	0.04438	0.04068	0.03328	0.01479	0.01109	0.00370	0.00863	0.01233	0.01109	0.01726
13	0.01520	0.01114	0.01425	0.01347	0.01615	0.01019	0.01011	0.02013	0.03032	0.04243	0.50369	0.08358	0.14304	0.02278	0.01286	0.00345	0.00518	0.02002	0.01183	0.01019
14	0.02552	0.02734	0.08475	0.14952	0.43023	0.02558	0.03350	0.03264	0.02418	0.03426	0.02025	0.02700	0.01654	0.00996	0.01078	0.00332	0.01347	0.00957	0.00524	0.01633
15	0.02915	0.62337	0.05714	0.01866	0.02799	0.04314	0.01866	0.03265	0.02215	0.02565	0.01516	0.01749	0.01399	0.00933	0.00700	0.00233	0.01166	0.00583	0.00466	0.01399
16	0.04073	0.05197	0.03090	0.02809	0.03371	0.57303	0.02107	0.04354	0.03090	0.02669	0.01685	0.01966	0.01404	0.01124	0.00983	0.00281	0.01966	0.00702	0.00562	0.01264
17	0.69383	0.02109	0.01603	0.01434	0.02109	0.02446	0.01181	0.03205	0.01856	0.04892	0.01518	0.01771	0.01181	0.01012	0.00675	0.00337	0.00843	0.00590	0.00675	0.01181
18	0.03231	0.02209	0.03241	0.03968	0.24036	0.02206	0.02393	0.08255	0.07151	0.17032	0.03480	0.04630	0.02862	0.01474	0.01157	0.00361	0.01110	0.08632	0.00918	0.01653
19	0.69383	0.02109	0.01603	0.01434	0.02109	0.02446	0.01181	0.03205	0.01856	0.04892	0.01518	0.01771	0.01181	0.01012	0.00675	0.00337	0.00843	0.00590	0.00675	0.01181
20	0.01757	0.01255	0.01757	0.02008	0.02259	0.01255	0.01757	0.02259	0.02510	0.03263	0.05773	0.12299	0.06275	0.03012	0.01506	0.00502	0.01004	0.47540	0.01004	0.01004
21	0.03427	0.02367	0.07558	0.02329	0.03319	0.01805	0.09121	0.04016	0.02679	0.25809	0.02991	0.02987	0.02065	0.01075	0.01023	0.00283	0.01082	0.00949	0.00917	0.24200
22	0.02385	0.02385	0.03340	0.02863	0.02863	0.03340	0.02385	0.02624	0.01670	0.02624	0.01431	0.02385	0.01431	0.01908	0.03578	0.00477	0.59685	0.00954	0.00477	0.01193
23	0.03024	0.08634	0.11831	0.08890	0.25379	0.07196	0.02919	0.07627	0.02738	0.08335	0.02201	0.02594	0.01695	0.01063	0.01034	0.00320	0.01358	0.00901	0.00639	0.01622
24	0.02884	0.56934	0.05779	0.02114	0.03062	0.04173	0.06328	0.03286	0.02248	0.02650	0.01579	0.01858	0.01422	0.00932	0.00753	0.00245	0.01227	0.00647	0.00474	0.01406
25	0.01289	0.01105	0.01105	0.01105	0.01473	0.00920	0.00828	0.01565	0.02485	0.02946	0.11046	0.10493	0.54437	0.02761	0.01289	0.00368	0.00552	0.02301	0.01013	0.00920
26	0.02261	0.01938	0.02261	0.01615	0.02584	0.01453	0.01292	0.02745	0.02261	0.03553	0.01938	0.02261	0.01615	0.00807	0.00807	0.00161	0.00807	0.00646	0.00646	0.68346
27	0.03779	0.19727	0.03757	0.02569	0.03225	0.43828	0.02045	0.04077	0.02868	0.02642	0.01642	0.01911	0.01403	0.01075	0.00911	0.00269	0.01763	0.00672	0.00538	0.01298
28	0.01721	0.01229	0.01715	0.01967	0.02202	0.01224	0.01694	0.02196	0.02474	0.03223	0.05793	0.16412	0.06354	0.03046	0.01496	0.00497	0.00973	0.43785	0.01005	0.00994
29	0.01328	0.00949	0.01265	0.01518	0.01581	0.00886	0.01012	0.01518	0.02088	0.02783	0.06010	0.60969	0.07212	0.03416	0.01392	0.00443	0.00633	0.03100	0.01012	0.00886
30	0.69383	0.02109	0.01603	0.01434	0.02109	0.02446	0.01181	0.03205	0.01856	0.04892	0.01518	0.01771	0.01181	0.01012	0.00675	0.00337	0.00843	0.00590	0.00675	0.01181
31	0.02118	0.01998	0.03376	0.54267	0.11845	0.02438	0.03057	0.02837	0.02208	0.02857	0.01948	0.02888	0.01479	0.01079	0.01089	0.00360	0.01439	0.00969	0.00490	0.01258
32	0.01543	0.01115	0.01457	0.01372	0.01629	0.01029	0.01029	0.02058	0.03086	0.04372	0.54304	0.08145	0.10288	0.02229	0.01286	0.00343	0.00514	0.01972	0.01200	0.01029
33	0.01328	0.00949	0.01265	0.01518	0.01581	0.00886	0.01012	0.01518	0.02088	0.02783	0.06010	0.60969	0.07212	0.03416	0.01392	0.00443	0.00633	0.03100	0.01012	0.00886
34	0.04145	0.03054	0.03272	0.02509	0.03381	0.03381	0.02072	0.51243	0.05127	0.06872	0.02618	0.02618	0.01854	0.01309	0.01091	0.00327	0.01200	0.00982	0.01091	0.01854
35	0.69383	0.02109	0.01603	0.01434	0.02109	0.02446	0.01181	0.03205	0.01856	0.04892	0.01518	0.01771	0.01181	0.01012	0.00675	0.00337	0.00843	0.00590	0.00675	0.01181
36	0.02712	0.02342	0.02465	0.02219	0.02835	0.02712	0.01726	0.05794	0.52909	0.04561	0.04438	0.04068	0.03328	0.01479	0.01109	0.00370	0.00863	0.01233	0.01109	0.01726
37	0.02699	0.02591	0.04426	0.06693	0.54879	0.02591	0.03346	0.03346	0.02483	0.03562	0.02051	0.02699	0.01727	0.00972	0.01079	0.00324	0.01295	0.00972	0.00540	0.01727
38	0.01558	0.01168	0.01752	0.01752	0.01947	0.01363	0.01363	0.01947	0.01752	0.02531	0.02921	0.04283	0.02726	0.08178	0.57360	0.01752	0.02921	0.01168	0.00584	0.00974
39	0.69383	0.02109	0.01603	0.01434	0.02109	0.02446	0.01181	0.03205	0.01856	0.04892	0.01518	0.01771	0.01181	0.01012	0.00675	0.00337	0.00843	0.00590	0.00675	0.01181
40	0.01509	0.01088	0.01427	0.01395	0.01621	0.01006	0.01026	0.01971	0.02926	0.04117	0.46542	0.16635	0.09794	0.02420	0.01303	0.00359	0.00533	0.02153	0.01170	0.01006
41	0.02626	0.02287	0.03951	0.27473	0.26636	0.02446	0.07078	0.03309	0.02425	0.07976	0.02223	0.02896	0.01698	0.01050	0.01103	0.00345	0.01372	0.01008	0.00592	0.01506
42	0.02574	0.02941	0.06434	0.04596	0.05699	0.02757	0.50919	0.03493	0.02574	0.03493	0.02206	0.02941	0.01654	0.00919	0.01287	0.00368	0.01838	0.01287	0.00551	0.01471
43	0.02712	0.02342	0.02465	0.02219	0.02835	0.02712	0.01726	0.05794	0.52909	0.04561	0.04438	0.04068	0.03328	0.01479	0.01109	0.00370	0.00863	0.01233	0.01109	0.01726
44	0.02059	0.01938	0.03270	0.59060	0.07510	0.02422	0.03028	0.02786	0.02180	0.02786	0.01938	0.02907	0.01453	0.01090	0.01090	0.00363	0.01453	0.00969	0.00484	0.01211
45	0.69383	0.02109	0.01603	0.01434	0.02109	0.02446	0.01181	0.03205	0.01856	0.04892	0.01518	0.01771	0.01181	0.01012	0.00675	0.00337	0.00843	0.00590	0.00675	0.01181
46	0.02699	0.02591	0.04426	0.06693	0.54879	0.02591	0.03346	0.03346	0.02483	0.03562	0.02051	0.02699	0.01727	0.00972	0.01079	0.00324	0.01295	0.00972	0.00540	0.01727
47	0.01586	0.01057	0.01189	0.01189	0.01189	0.01057	0.00661	0.01586	0.01586	0.02114	0.03436	0.07135	0.03964	0.61681	0.05550	0.01057	0.01057	0.01586	0.00661	0.00661
48	0.69383	0.02109	0.01603	0.01434	0.02109	0.02446	0.01181	0.03205	0.01856	0.04892	0.01518	0.01771	0.01181	0.01012	0.00675	0.00337	0.00843	0.00590	0.00675	0.01181
49	0.01328	0.00949	0.01265	0.01518	0.01581	0.00886	0.01012	0.01518	0.02088	0.02783	0.06010	0.60969	0.07212	0.03416	0.01392	0.00443	0.00633	0.03100	0.01012	0.00886
50	0.69383	0.02109	0.01603	0.01434	0.02109	0.02446	0.01181	0.03205	0.01856	0.04892	0.01518	0.01771	0.01181	0.01012	0.00675	0.00337	0.00843	0.00590	0.00675	0.01181
51	0.04587	0.02345	0.02833	0.02172	0.03028	0.02329	0.01794	0.24074	0.03940	0.35717	0.03614	0.03265	0.02354	0.01333	0.01094	0.00333	0.01039	0.01050	0.01244	0.01855
52	0.02699	0.02591	0.04426	0.06693	0.54879	0.02591	0.03346	0.03346	0.02483	0.03562	0.02051	0.02699	0.01727	0.00972	0.01079	0.00324	0.01295	0.00972	0.00540	0.01727
53	0.01757	0.01255	0.01757	0.02008	0.02259	0.01255	0.01757	0.02259	0.02510	0.03263	0.05773	0.12299	0.06275	0.03012	0.01506	0.00502	0.01004	0.47540	0.01004	0.01004
54	0.04892	0.01856	0.02530	0.01940	0.02783	0.01603	0.01603	0.05314	0.03121	0.55634	0.04302	0.03711	0.02699	0.01350	0.01096	0.00337	0.00928	0.01096	0.01350	0.01856
55	0.01328	0.00949	0.01265	0.01518	0.01581	0.00886	0.01012	0.01518	0.02088	0.02783	0.06010	0.60969	0.07212	0.03416	0.01392	0.00443	0.00633	0.03100	0.01012	0.00886
56	0.01289	0.01105	0.01105	0.01105	0.01473	0.00920	0.00828	0.01565	0.02485	0.02946	0.11046	0.10493	0.54437	0.02761	0.01289	0.00368	0.00552	0.02301	0.01013	0.00920
57	0.01894	0.00947	0.01420	0.01420	0.01420	0.00947	0.00947	0.01420	0.01420	0.01894	0.01894	0.03314	0.01894	0.03788	0.04261	0.68277	0.00947	0.00947	0.00473	0.00473
58	0.04145	0.03054	0.03272	0.02509	0.03381	0.03381	0.02072	0.51243	0.05127	0.06872	0.02618	0.02618	0.01854	0.01309	0.01091	0.00327	0.01200	0.00982	0.01091	0.01854
59	0.02699	0.02591	0.04426	0.06693	0.54879	0.02591	0.03346	0.03346	0.02483	0.03562	0.02051	0.02699	0.01727	0.00972	0.01079	0.00324	0.01295	0.00972	0.00540	0.01727
60	0.02091	0.01944	0.03667	0.03065	0.03664	0.01869	0.21838	0.02763	0.02536	0.03357	0.04316	0.08477	0.04388	0.02157	0.01416	0.00447	0.01345	0.28647	0.00819	0.01195
61	0.03197	0.02583	0.02739	0.02317	0.03020	0.02939	0.01843	0.21193	0.36720	0.05344	0.03821	0.03577	0.02829	0.01422	0.01103	0.00355	0.00977	0.01148	0.01103	0.01769
62	0.02712	0.02342	0.02465	0.02219	0.02835	0.02712	0.01726	0.05794	0.52909	0.04561	0.04438	0.04068	0.03328	0.01479	0.01109	0.00370	0.00863	0.01233	0.01109	0.01726
63	0.69383	0.02109	0.01603	0.01434	0.02109	0.02446	0.01181	0.03205	0.01856	0.04892	0.01518	0.01771	0.01181	0.01012	0.00675	0.00337	0.00843	0.00590	0.00675	0.01181
64	0.01328	0.00949	0.01265	0.01518	0.01581	0.00886	0.01012	0.01518	0.02088	0.02783	0.06010	0.60969	0.07212	0.03416	0.01392	0.00443	0.00633	0.03100	0.01012	0.00886
65	0.02261	0.01938	0.02261	0.01615	0.02584	0.01453	0.01292	0.02745	0.02261	0.03553	0.01938	0.02261	0.01615	0.00807	0.00807	0.00161	0.00807	0.00646	0.00646	0.68346
66	0.01364	0.01093	0.01126	0.01126	0.01401	0.00955	0.00786	0.01570	0.02258	0.02735	0.09122	0.09645	0.41681	0.17652	0.02366	0.00542	0.00680	0.02120	0.00924	0.00855
67	0.02431	0.04189	0.29704	0.12200	0.09316	0.07096	0.03315	0.03561	0.06919	0.03330	0.02126	0.02574	0.01607	0.01153	0.01245	0.00353	0.05945	0.00888	0.00540	0.01508
68	0.01373	0.01108	0.01222	0.01193	0.01525	0.00956	0.00895	0.01729	0.02685	0.03420	0.25431	0.09712	0.39756	0.02584	0.01288	0.00360	0.00540	0.02192	0.01075	0.00956
69	0.02555	0.02100	0.02704	0.20689	0.04247	0.02453	0.02107	0.11418	0.19633	0.03944	0.02976	0.03412	0.02303	0.02133	0.06515	0.06226	0.01305	0.01076	0.00801	0.01404
70	0.04145	0.03054	0.03272	0.02509	0.03381	0.03381	0.02072	0.51243	0.05127	0.06872	0.02618	0.02618	0.01854	0.01309	0.01091	0.00327	0.01200	0.00982	0.01091	0.01854
71	0.04892	0.01856	0.02530	0.01940	0.02783	0.01603	0.01603	0.05314	0.03121	0.55634	0.04302	0.03711	0.02699	0.01350	0.01096	0.00337	0.00928	0.01096	0.01350	0.01856
72	0.02181	0.02172	0.04011	0.26851	0.05614	0.02331	0.19363	0.03081	0.06333	0.03174	0.02843	0.11744	0.02539	0.01411	0.01206	0.00377	0.01418	0.01421	0.00637	0.01294
73	0.02328	0.02059	0.02965	0.07265	0.12191	0.01801	0.05935	0.02899	0.02322	0.03531	0.02116	0.02597	0.01724	0.00907	0.00914	0.00231	0.01005	0.00813	0.06230	0.40168
74	0.36640	0.02842	0.02490	0.12053	0.08137	0.15211	0.01908	0.03414	0.02255	0.03895	0.01677	0.02095	0.01329	0.01048	0.00854	0.00327	0.01250	0.00716	0.00604	0.01255
75	0.03182	0.02582	0.04160	0.03134	0.03989	0.02601	0.21522	0.19947	0.03470	0.08828	0.02952	0.03839	0.02323	0.01308	0.01181	0.00354	0.01360	0.05377	0.06337	0.01554
76	0.09529	0.02587	0.03016	0.02938	0.11959	0.07005	0.02031	0.16211	0.03406	0.25770	0.03041	0.02956	0.02085	0.01227	0.01048	0.00328	0.01141	0.00971	0.01022	0.01728
77	0.02405	0.01976	0.01930	0.01757	0.02062	0.06857	0.01236	0.10672	0.11207	0.03418	0.03519	0.09671	0.03533	0.31250	0.03306	0.00699	0.01096	0.01465	0.00827	0.01113
78	0.01755	0.01555	0.02084	0.15692	0.07951	0.01608	0.01687	0.02449	0.07063	0.03232	0.11091	0.07168	0.28455	0.02033	0.01205	0.00361	0.00862	0.01733	0.00867	0.01147
79	0.04145	0.03054	0.03272	0.02509	0.03381	0.03381	0.02072	0.51243	0.05127	0.06872	0.02618	0.02618	0.01854	0.01309	0.01091	0.00327	0.01200	0.00982	0.01091	0.01854
80	0.02167	0.02928	0.15163	0.07667	0.03455	0.06828	0.02461	0.02746	0.02010	0.02806	0.02126	0.03022	0.01858	0.03688	0.20762	0.00852	0.16747	0.00972	0.00517	0.01224
81	0.01565	0.01140	0.01609	0.01609	0.01754	0.01285	0.01184	0.01855	0.01710	0.02425	0.03052	0.05010	0.03041	0.21813	0.44155	0.01575	0.02446	0.01275	0.00604	0.00894
82	0.02184	0.01722	0.02640	0.07786	0.20205	0.01690	0.01996	0.02707	0.02681	0.07523	0.21091	0.09796	0.09929	0.01786	0.01195	0.00348	0.00897	0.01604	0.00899	0.01320
83	0.01328	0.00949	0.01265	0.01518	0.01581	0.00886	0.01012	0.01518	0.02088	0.02783	0.06010	0.60969	0.07212	0.03416	0.01392	0.00443	0.00633	0.03100	0.01012	0.00886
84	0.02915	0.62337	0.05714	0.01866	0.02799	0.04314	0.01866	0.03265	0.02215	0.02565	0.01516	0.01749	0.01399	0.00933	0.00700	0.00233	0.01166	0.00583	0.00466	0.01399
85	0.01295	0.01079	0.01131	0.01172	0.01491	0.00915	0.00858	0.01557	0.02420	0.02919	0.10223	0.18738	0.46723	0.02868	0.01305	0.00380	0.00565	0.02432	0.01012	0.00915
86	0.03021	0.57123	0.05474	0.01952	0.02851	0.09149	0.01888	0.03364	0.02295	0.02575	0.01531	0.01769	0.01400	0.00950	0.00725	0.00238	0.01239	0.00594	0.00475	0.01387
87	0.01331	0.01118	0.01164	0.01187	0.01544	0.00951	0.00913	0.01628	0.02488	0.02974	0.10565	0.10658	0.50042	0.02784	0.01308	0.00380	0.00594	0.06429	0.01012	0.00928
88	0.02352	0.03856	0.25649	0.03403	0.04342	0.02862	0.15399	0.03184	0.02158	0.03184	0.01843	0.02493	0.01468	0.01300	0.01957	0.00395	0.21254	0.00978	0.00489	0.01434
89	0.02431	0.02317	0.03942	0.28622	0.35043	0.02520	0.03213	0.03112	0.02356	0.03237	0.02004	0.02786	0.01613	0.01021	0.01084	0.00340	0.01362	0.00970	0.00517	0.01511
90	0.03935	0.04967	0.03110	0.02813	0.03329	0.52890	0.02130	0.04212	0.02974	0.02665	0.01665	0.02001	0.01407	0.01188	0.01195	0.00297	0.06686	0.00723	0.00555	0.01258

[dist]
# distance from previous block
# <min> <max>
0	4

[block]
# block no. 2 follows, 12 sequences, length 51
# corresponding to MSA columns:
# 990-1040
name=unknown_C
#
# <colnr> <probs for GDERKNQSTAVLIFYWHMCP>
#	G	D	E	R	K	N	Q	S	T	A	V	L	I	F	Y	W	H	M	C	P
0	0.02458	0.04239	0.34208	0.03192	0.04501	0.02363	0.15005	0.03476	0.02461	0.08306	0.03011	0.03288	0.06087	0.01184	0.01124	0.00352	0.01513	0.01078	0.00613	0.01541
1	0.02261	0.01938	0.02261	0.01615	0.02584	0.01453	0.01292	0.02745	0.02261	0.03553	0.01938	0.02261	0.01615	0.00807	0.00807	0.00161	0.00807	0.00646	0.00646	0.68346
2	0.04079	0.05007	0.03106	0.02782	0.03372	0.52520	0.02104	0.08514	0.03271	0.03041	0.01768	0.02024	0.01444	0.01140	0.00993	0.00285	0.01898	0.00727	0.00609	0.01316
3	0.01503	0.01113	0.01401	0.01329	0.01604	0.01012	0.00997	0.01979	0.02991	0.04146	0.47431	0.08518	0.17302	0.02314	0.01286	0.00347	0.00520	0.02024	0.01170	0.01012
4	0.02385	0.02385	0.03340	0.02863	0.02863	0.03340	0.02385	0.02624	0.01670	0.02624	0.01431	0.02385	0.01431	0.01908	0.03578	0.00477	0.59685	0.00954	0.00477	0.01193
5	0.02447	0.03087	0.16417	0.04591	0.29347	0.02341	0.03009	0.06768	0.02575	0.03657	0.02760	0.12724	0.02606	0.01438	0.01124	0.00350	0.01250	0.01302	0.00645	0.01562
6	0.02663	0.04422	0.35050	0.03137	0.04463	0.02581	0.11130	0.07707	0.06833	0.07876	0.02439	0.02688	0.01728	0.01100	0.01092	0.00349	0.01500	0.00956	0.00649	0.01637
7	0.02655	0.04592	0.35338	0.03879	0.16750	0.06940	0.03535	0.03631	0.02468	0.07077	0.02122	0.02471	0.01560	0.01049	0.01047	0.00334	0.01515	0.00858	0.00550	0.01629
8	0.02273	0.02485	0.08186	0.04447	0.24811	0.02260	0.11021	0.02873	0.02319	0.03273	0.02987	0.16943	0.03004	0.01644	0.01396	0.00375	0.06104	0.01532	0.00646	0.01423
9	0.01909	0.01641	0.02457	0.02806	0.11543	0.01653	0.05691	0.02733	0.10854	0.03283	0.04727	0.36174	0.05121	0.02447	0.01280	0.00403	0.00889	0.02256	0.00907	0.01226
10	0.02635	0.22416	0.03509	0.01772	0.02721	0.02576	0.01549	0.06869	0.02479	0.03490	0.01851	0.02117	0.01562	0.00891	0.00794	0.00199	0.00960	0.00652	0.00622	0.40335
11	0.04073	0.05197	0.03090	0.02809	0.03371	0.57303	0.02107	0.04354	0.03090	0.02669	0.01685	0.01966	0.01404	0.01124	0.00983	0.00281	0.01966	0.00702	0.00562	0.01264
12	0.07774	0.21339	0.03277	0.01757	0.02570	0.02531	0.01510	0.03340	0.07015	0.07691	0.02553	0.07434	0.02248	0.01197	0.00866	0.00256	0.00926	0.00926	0.00724	0.24064
13	0.02796	0.32926	0.17216	0.02696	0.08143	0.03503	0.02527	0.07274	0.07234	0.03392	0.02031	0.02255	0.01641	0.01042	0.00885	0.00289	0.01260	0.00764	0.00580	0.01547
14	0.19323	0.02550	0.03086	0.08027	0.15858	0.07733	0.02290	0.03327	0.02202	0.07541	0.01893	0.02418	0.01540	0.01273	0.01610	0.00367	0.16108	0.00858	0.00617	0.01380
15	0.01894	0.00947	0.01420	0.01420	0.01420	0.00947	0.00947	0.01420	0.01420	0.01894	0.01894	0.03314	0.01894	0.03788	0.04261	0.68277	0.00947	0.00947	0.00473	0.00473
16	0.02542	0.02646	0.03317	0.02858	0.02910	0.08348	0.02360	0.02785	0.01802	0.02628	0.01455	0.02347	0.01429	0.01836	0.03337	0.00459	0.54328	0.00931	0.00485	0.01199
17	0.69383	0.02109	0.01603	0.01434	0.02109	0.02446	0.01181	0.03205	0.01856	0.04892	0.01518	0.01771	0.01181	0.01012	0.00675	0.00337	0.00843	0.00590	0.00675	0.01181
18	0.04762	0.02064	0.02659	0.02039	0.02887	0.01912	0.01684	0.13297	0.03469	0.47158	0.04009	0.03521	0.02552	0.01342	0.01095	0.00336	0.00975	0.01077	0.01305	0.01855
19	0.02296	0.04372	0.37451	0.02814	0.04087	0.02348	0.07175	0.07443	0.02591	0.03765	0.03016	0.03293	0.06490	0.01231	0.01062	0.00340	0.01402	0.01018	0.06300	0.01506
20	0.01328	0.00949	0.01265	0.01518	0.01581	0.00886	0.01012	0.01518	0.02088	0.02783	0.06010	0.60969	0.07212	0.03416	0.01392	0.00443	0.00633	0.03100	0.01012	0.00886
21	0.04145	0.03054	0.03272	0.02509	0.03381	0.03381	0.02072	0.51243	0.05127	0.06872	0.02618	0.02618	0.01854	0.01309	0.01091	0.00327	0.01200	0.00982	0.01091	0.01854
22	0.01487	0.01071	0.01407	0.01410	0.01617	0.00992	0.01024	0.01917	0.02826	0.03959	0.41726	0.21903	0.09487	0.02538	0.01314	0.00369	0.00545	0.02266	0.01151	0.00992
23	0.02161	0.01830	0.01956	0.01799	0.02294	0.01986	0.01385	0.04116	0.32075	0.04116	0.14020	0.06364	0.17561	0.01927	0.01183	0.00365	0.00728	0.01624	0.01099	0.01409
24	0.01289	0.01105	0.01105	0.01105	0.01473	0.00920	0.00828	0.01565	0.02485	0.02946	0.11046	0.10493	0.54437	0.02761	0.01289	0.00368	0.00552	0.02301	0.01013	0.00920
25	0.02778	0.04325	0.38401	0.02690	0.03986	0.02168	0.03185	0.03748	0.02485	0.16168	0.02866	0.07506	0.02187	0.01310	0.01080	0.00351	0.01363	0.01067	0.00724	0.01611
26	0.69383	0.02109	0.01603	0.01434	0.02109	0.02446	0.01181	0.03205	0.01856	0.04892	0.01518	0.01771	0.01181	0.01012	0.00675	0.00337	0.00843	0.00590	0.00675	0.01181
27	0.04079	0.05021	0.03105	0.02784	0.03372	0.52893	0.02104	0.08189	0.03256	0.03012	0.01762	0.02020	0.01441	0.01139	0.00992	0.00285	0.01904	0.00725	0.00605	0.01312
28	0.01894	0.00947	0.01420	0.01420	0.01420	0.00947	0.00947	0.01420	0.01420	0.01894	0.01894	0.03314	0.01894	0.03788	0.04261	0.68277	0.00947	0.00947	0.00473	0.00473
29	0.03045	0.02729	0.03992	0.03082	0.03927	0.02904	0.18095	0.17058	0.23611	0.04819	0.03218	0.03311	0.02384	0.01249	0.01163	0.00358	0.01275	0.01184	0.00920	0.01675
30	0.02572	0.01879	0.02253	0.02028	0.02515	0.02115	0.01597	0.08418	0.22702	0.08680	0.03629	0.03988	0.02883	0.04215	0.24320	0.00933	0.01750	0.01170	0.00913	0.01439
31	0.01635	0.01282	0.01901	0.01856	0.02033	0.01548	0.01459	0.02010	0.01745	0.02540	0.02781	0.04106	0.02605	0.07590	0.52323	0.01633	0.08237	0.01148	0.00574	0.00994
32	0.02059	0.01938	0.03270	0.59060	0.07510	0.02422	0.03028	0.02786	0.02180	0.02786	0.01938	0.02907	0.01453	0.01090	0.01090	0.00363	0.01453	0.00969	0.00484	0.01211
33	0.03989	0.03003	0.03776	0.02887	0.03754	0.11836	0.13904	0.16666	0.03504	0.21126	0.02904	0.02940	0.02002	0.01195	0.01122	0.00333	0.01399	0.01046	0.00952	0.01660
34	0.02318	0.02116	0.03533	0.05043	0.37203	0.02181	0.02684	0.02879	0.02239	0.03218	0.02341	0.03228	0.02061	0.03378	0.19873	0.00801	0.01838	0.01037	0.00555	0.01475
35	0.01457	0.01111	0.01338	0.01281	0.01576	0.00992	0.00961	0.01890	0.02882	0.03888	0.39608	0.08943	0.25286	0.02410	0.01287	0.00352	0.00527	0.02084	0.01136	0.00992
36	0.01447	0.01116	0.01421	0.01524	0.01644	0.01120	0.01070	0.01669	0.02165	0.02881	0.10374	0.39191	0.14532	0.07529	0.01864	0.00472	0.05533	0.02579	0.00957	0.00912
37	0.03258	0.02558	0.03676	0.14003	0.25190	0.02723	0.02718	0.18851	0.03341	0.09369	0.02425	0.02804	0.01812	0.01136	0.01087	0.00333	0.01258	0.00986	0.00783	0.01690
38	0.01558	0.01168	0.01752	0.01752	0.01947	0.01363	0.01363	0.01947	0.01752	0.02531	0.02921	0.04283	0.02726	0.08178	0.57360	0.01752	0.02921	0.01168	0.00584	0.00974
39	0.01363	0.00974	0.01305	0.01558	0.01637	0.00916	0.01073	0.01579	0.02122	0.02822	0.05990	0.57007	0.07135	0.03383	0.01401	0.00448	0.00663	0.06717	0.01011	0.00895
40	0.02185	0.02184	0.04045	0.45731	0.07066	0.02504	0.14749	0.02959	0.02276	0.02959	0.02004	0.02915	0.01503	0.01048	0.01138	0.00364	0.01548	0.01047	0.00501	0.01275
41	0.02466	0.02769	0.05986	0.04329	0.05342	0.02595	0.46596	0.03322	0.02531	0.03431	0.02535	0.07968	0.02136	0.01135	0.01296	0.00374	0.01734	0.01444	0.00591	0.01420
42	0.01345	0.01068	0.01217	0.01322	0.01581	0.00940	0.00974	0.01614	0.02359	0.02923	0.08931	0.26951	0.34725	0.02996	0.01342	0.00405	0.00620	0.06758	0.01012	0.00917
43	0.04892	0.01856	0.02530	0.01940	0.02783	0.01603	0.01603	0.05314	0.03121	0.55634	0.04302	0.03711	0.02699	0.01350	0.01096	0.00337	0.00928	0.01096	0.01350	0.01856
