[name]
unknown

[dist]
# distance from previous block
# <min> <max>
0	21

[block]
# block no. 0 follows, 14 sequences, length 34
# corresponding to MSA columns:
# 21-54
name=unknown_A
#
# <colnr> <probs for GDERKNQSTAVLIFYWHMCP>
#	G	D	E	R	K	N	Q	S	T	A	V	L	I	F	Y	W	H	M	C	P
0	0.02187	0.01494	0.01827	0.01755	0.02143	0.01585	0.01415	0.03359	0.18159	0.09072	0.11280	0.06373	0.04564	0.02618	0.08419	0.00526	0.01021	0.14255	0.06719	0.01227
1	0.09129	0.31437	0.29256	0.02249	0.03394	0.03124	0.02620	0.03148	0.02089	0.03009	0.01616	0.01885	0.01289	0.00929	0.00800	0.00277	0.01259	0.00645	0.00456	0.01388
2	0.03815	0.01830	0.02305	0.01848	0.02540	0.01754	0.01498	0.08798	0.11833	0.38275	0.10492	0.03979	0.03456	0.01390	0.01056	0.00322	0.00836	0.01146	0.01195	0.01630
3	0.01244	0.00917	0.01166	0.01364	0.01471	0.00839	0.00924	0.01436	0.02027	0.02645	0.06442	0.54415	0.15130	0.03113	0.01294	0.00405	0.00583	0.02793	0.00953	0.00839
4	0.02696	0.36069	0.18246	0.02567	0.08525	0.03375	0.02424	0.09444	0.02469	0.03216	0.01708	0.01965	0.01396	0.00950	0.00818	0.00265	0.01218	0.00683	0.00517	0.01450
5	0.02398	0.03827	0.32395	0.02976	0.04132	0.02261	0.14852	0.06581	0.02446	0.08002	0.02495	0.08416	0.02030	0.01210	0.01071	0.00337	0.01397	0.01109	0.00613	0.01453
6	0.01445	0.01032	0.01415	0.01652	0.01797	0.01002	0.01292	0.01766	0.02157	0.02838	0.05548	0.38277	0.06361	0.03031	0.01362	0.00444	0.00764	0.25981	0.00949	0.00887
7	0.02046	0.01332	0.01964	0.01651	0.02073	0.01207	0.06210	0.02530	0.02806	0.12872	0.38178	0.06716	0.12452	0.01890	0.01181	0.00327	0.00674	0.01687	0.01076	0.01128
8	0.02469	0.09664	0.24230	0.02502	0.03494	0.06161	0.05622	0.07151	0.17217	0.03598	0.02972	0.03049	0.05020	0.01188	0.00991	0.00319	0.01232	0.00961	0.00683	0.01477
9	0.02914	0.17264	0.20389	0.02557	0.03589	0.06087	0.07603	0.13806	0.05744	0.07372	0.02159	0.02333	0.01604	0.01042	0.00944	0.00298	0.01304	0.00825	0.00658	0.01508
10	0.51682	0.08383	0.05443	0.05447	0.02487	0.02409	0.01426	0.02925	0.01812	0.04026	0.01580	0.02047	0.01306	0.04458	0.00939	0.00348	0.00917	0.00643	0.00591	0.01131
11	0.02494	0.02834	0.13319	0.04619	0.34751	0.02346	0.02855	0.09332	0.02682	0.03811	0.08541	0.03075	0.02543	0.01105	0.01033	0.00311	0.01173	0.01000	0.00633	0.01543
12	0.01236	0.00950	0.01132	0.01278	0.01449	0.00846	0.00886	0.01446	0.02110	0.02679	0.07494	0.42566	0.26301	0.02976	0.01272	0.00390	0.00566	0.02626	0.00953	0.00846
13	0.02640	0.02605	0.09390	0.02059	0.02920	0.02268	0.01825	0.14769	0.19902	0.04315	0.02720	0.02751	0.02059	0.01092	0.00936	0.00270	0.00951	0.00872	0.00817	0.24839
14	0.09074	0.09278	0.23460	0.02050	0.03157	0.02104	0.02219	0.02924	0.02100	0.03344	0.01752	0.02049	0.01377	0.00871	0.00818	0.00240	0.01079	0.00653	0.00529	0.30922
15	0.02605	0.09422	0.16196	0.02921	0.10041	0.07355	0.05838	0.09564	0.12155	0.03770	0.07691	0.03043	0.02560	0.01172	0.01002	0.00310	0.01208	0.00977	0.00704	0.01466
16	0.01305	0.00986	0.01213	0.01328	0.01518	0.00894	0.00962	0.01582	0.02262	0.02944	0.15316	0.33949	0.22320	0.02818	0.01274	0.00385	0.00584	0.06505	0.00981	0.00874
17	0.11269	0.01770	0.02294	0.01778	0.02556	0.01588	0.01469	0.04803	0.02818	0.52875	0.03786	0.03310	0.02397	0.01238	0.00992	0.00318	0.00865	0.00984	0.01207	0.01683
18	0.01510	0.01083	0.01496	0.01678	0.01865	0.01070	0.01359	0.01899	0.02277	0.03036	0.11699	0.24259	0.06386	0.03165	0.05218	0.00517	0.00914	0.28709	0.00944	0.00916
19	0.02960	0.02036	0.03172	0.21042	0.22058	0.02131	0.02458	0.03721	0.06881	0.19109	0.02700	0.02982	0.01940	0.01090	0.01026	0.00323	0.01129	0.00968	0.00758	0.01516
20	0.01553	0.01191	0.01440	0.01352	0.01652	0.01149	0.01021	0.02303	0.09354	0.03936	0.43481	0.07521	0.15969	0.02086	0.01190	0.00329	0.00530	0.01816	0.01093	0.01034
21	0.01287	0.00936	0.01222	0.01437	0.01542	0.00872	0.01006	0.01503	0.02041	0.02680	0.06098	0.52867	0.11624	0.03117	0.01311	0.00415	0.00623	0.07619	0.00952	0.00848
22	0.02859	0.06609	0.03486	0.03105	0.12097	0.09346	0.11293	0.06134	0.02544	0.11709	0.05594	0.07120	0.02606	0.05206	0.01467	0.00365	0.05239	0.01151	0.00723	0.01348
23	0.02234	0.04080	0.33195	0.03602	0.04887	0.02486	0.27982	0.03268	0.02290	0.03268	0.01955	0.02458	0.01424	0.00922	0.01089	0.00335	0.01620	0.00977	0.00475	0.01453
24	0.01461	0.00989	0.01164	0.01193	0.01213	0.00994	0.00707	0.01507	0.01561	0.02094	0.03501	0.13537	0.04031	0.52639	0.08409	0.00967	0.01063	0.01642	0.00658	0.00668
25	0.02887	0.56916	0.05093	0.01831	0.02702	0.03952	0.01780	0.09392	0.02424	0.02916	0.01555	0.01747	0.01370	0.00922	0.00704	0.00230	0.01101	0.00595	0.00512	0.01370
26	0.02696	0.02633	0.10234	0.14949	0.17732	0.02414	0.06040	0.08733	0.11416	0.09033	0.02542	0.02846	0.01882	0.01086	0.01033	0.00326	0.01209	0.00968	0.00705	0.01525
27	0.03377	0.02072	0.02328	0.01856	0.02481	0.02172	0.01497	0.28467	0.03647	0.15826	0.06645	0.03501	0.02708	0.04734	0.01213	0.00336	0.00908	0.01045	0.13699	0.01486
28	0.01432	0.01078	0.01319	0.01359	0.01614	0.00996	0.01067	0.01799	0.02450	0.03206	0.22877	0.09396	0.23795	0.07631	0.01604	0.00428	0.00666	0.15405	0.00978	0.00899
29	0.02354	0.01724	0.01897	0.01756	0.02125	0.04805	0.01329	0.13856	0.06110	0.07382	0.07499	0.25801	0.04396	0.02676	0.07012	0.00481	0.01016	0.01755	0.04838	0.01189
30	0.06243	0.07208	0.17032	0.16383	0.20146	0.02584	0.02887	0.09357	0.02492	0.03560	0.01890	0.02374	0.01456	0.00992	0.00965	0.00313	0.01281	0.00833	0.00545	0.01459
31	0.04153	0.02077	0.06121	0.01931	0.02741	0.01738	0.01680	0.10717	0.03116	0.44878	0.07015	0.03540	0.02807	0.01298	0.01039	0.00317	0.00923	0.01052	0.01176	0.01683
32	0.01244	0.00917	0.01166	0.01364	0.01471	0.00839	0.00924	0.01436	0.02027	0.02645	0.06442	0.54415	0.15130	0.03113	0.01294	0.00405	0.00583	0.02793	0.00953	0.00839
33	0.02607	0.13412	0.16739	0.06718	0.15672	0.05963	0.05864	0.07733	0.09089	0.03459	0.02134	0.02447	0.01660	0.01019	0.00960	0.00304	0.01286	0.00854	0.00588	0.01493

[dist]
# distance from previous block
# <min> <max>
0	1

[block]
# block no. 1 follows, 14 sequences, length 40
# corresponding to MSA columns:
# 56-95
name=unknown_B
#
# <colnr> <probs for GDERKNQSTAVLIFYWHMCP>
#	G	D	E	R	K	N	Q	S	T	A	V	L	I	F	Y	W	H	M	C	P
0	0.02549	0.08323	0.03275	0.13611	0.07261	0.02139	0.10242	0.06835	0.02375	0.11125	0.02773	0.08500	0.02474	0.11983	0.01761	0.00439	0.01169	0.01211	0.00702	0.01252
1	0.01780	0.01292	0.01594	0.01471	0.01768	0.01272	0.01110	0.09527	0.03035	0.04220	0.40682	0.15881	0.08048	0.02151	0.01199	0.00336	0.00597	0.01890	0.01086	0.01061
2	0.07604	0.02169	0.02863	0.03483	0.22710	0.02290	0.02071	0.03955	0.24062	0.03876	0.06190	0.03279	0.02688	0.01171	0.00988	0.00311	0.00936	0.01019	0.00783	0.07551
3	0.15060	0.01932	0.02447	0.01978	0.02669	0.01952	0.05844	0.04386	0.15764	0.26762	0.07653	0.03532	0.02924	0.01277	0.00996	0.00328	0.00886	0.01063	0.01031	0.01515
4	0.02540	0.02438	0.04165	0.06299	0.57533	0.02438	0.03149	0.03149	0.02337	0.03353	0.01930	0.02540	0.01626	0.00914	0.01016	0.00305	0.01219	0.00914	0.00508	0.01626
5	0.08243	0.01879	0.02260	0.01861	0.02537	0.01870	0.01495	0.07739	0.15910	0.33869	0.03931	0.07996	0.02869	0.01427	0.01030	0.00332	0.00847	0.01170	0.01132	0.01603
6	0.02911	0.07765	0.02740	0.02088	0.02725	0.02730	0.01682	0.21987	0.27528	0.04723	0.03484	0.09273	0.02861	0.01478	0.01032	0.00330	0.00927	0.01204	0.00976	0.01559
7	0.01447	0.01047	0.01253	0.01318	0.01478	0.00997	0.00953	0.01670	0.02038	0.02638	0.09823	0.12453	0.17240	0.26302	0.02814	0.00629	0.00806	0.13460	0.00837	0.00797
8	0.08338	0.02400	0.03941	0.05881	0.52842	0.02427	0.02977	0.03138	0.02287	0.03458	0.01888	0.02466	0.01582	0.00918	0.00984	0.00306	0.01183	0.00884	0.00519	0.01582
9	0.43326	0.01885	0.01874	0.01549	0.02250	0.01970	0.01277	0.03847	0.02245	0.27047	0.02525	0.02431	0.01709	0.01085	0.00801	0.00318	0.00827	0.00755	0.00901	0.01377
10	0.02763	0.12481	0.04160	0.02936	0.03528	0.16143	0.16263	0.03423	0.06930	0.02856	0.01863	0.02346	0.01551	0.01194	0.01595	0.00334	0.16914	0.00899	0.00537	0.01284
11	0.01319	0.00942	0.01270	0.01508	0.01598	0.00893	0.01073	0.01548	0.02033	0.02697	0.05618	0.54416	0.06636	0.03150	0.01328	0.00426	0.00655	0.11085	0.00951	0.00853
12	0.06810	0.16957	0.08033	0.03216	0.16322	0.02968	0.02332	0.07560	0.02311	0.06932	0.01830	0.02241	0.01506	0.01169	0.01454	0.00322	0.15243	0.00801	0.00576	0.01417
13	0.02523	0.02106	0.02255	0.02029	0.02588	0.02385	0.01604	0.09904	0.42215	0.04308	0.04526	0.04770	0.06838	0.01583	0.01086	0.00355	0.00837	0.05534	0.01028	0.01527
14	0.01466	0.01100	0.01649	0.01649	0.01833	0.01283	0.01283	0.01833	0.01649	0.02382	0.02749	0.04032	0.02566	0.07697	0.59868	0.01649	0.02749	0.01100	0.00550	0.00916
15	0.02043	0.01950	0.03184	0.46576	0.10738	0.02442	0.02773	0.02642	0.01995	0.02660	0.01752	0.02635	0.01387	0.01148	0.01426	0.00357	0.11744	0.00910	0.00459	0.01180
16	0.01476	0.01061	0.01454	0.01454	0.01570	0.01177	0.01040	0.01707	0.01592	0.02238	0.02927	0.05019	0.02994	0.28386	0.39765	0.01409	0.02104	0.01244	0.00576	0.00808
17	0.01703	0.00974	0.01123	0.01160	0.01344	0.00996	0.00843	0.02080	0.01987	0.03255	0.03593	0.13247	0.03343	0.07338	0.11274	0.00565	0.00924	0.01324	0.42022	0.00905
18	0.12691	0.45209	0.13923	0.01896	0.02848	0.03515	0.02010	0.03095	0.02049	0.02879	0.01498	0.01738	0.01284	0.00906	0.00709	0.00252	0.01125	0.00586	0.00467	0.01321
19	0.03688	0.04672	0.03232	0.02817	0.03398	0.53926	0.07316	0.04014	0.02858	0.02591	0.01637	0.01945	0.01346	0.01038	0.00955	0.00273	0.01838	0.00718	0.00528	0.01210
20	0.01452	0.01049	0.01372	0.01291	0.01533	0.00968	0.00968	0.01937	0.02905	0.04115	0.56992	0.07666	0.09683	0.02098	0.01210	0.00323	0.00484	0.01856	0.01130	0.00968
21	0.01783	0.00891	0.01337	0.01337	0.01337	0.00891	0.00891	0.01337	0.01337	0.01783	0.01783	0.03119	0.01783	0.03565	0.04011	0.70143	0.00891	0.00891	0.00446	0.00446
22	0.02629	0.06327	0.03156	0.02469	0.03139	0.06472	0.10149	0.04863	0.40181	0.03894	0.03492	0.03389	0.02643	0.01252	0.01040	0.00334	0.01048	0.01097	0.00887	0.01537
23	0.01509	0.01014	0.01174	0.01199	0.01223	0.01014	0.00728	0.01558	0.01582	0.02101	0.03460	0.07216	0.03955	0.57647	0.04832	0.00941	0.00990	0.06549	0.00655	0.00655
24	0.01922	0.01718	0.05175	0.01591	0.02074	0.01534	0.01346	0.11063	0.06912	0.03917	0.19643	0.07239	0.23986	0.02063	0.01169	0.00342	0.00731	0.05445	0.00985	0.01146
25	0.01370	0.00981	0.01318	0.01487	0.01619	0.00929	0.01089	0.01670	0.02242	0.03025	0.16592	0.41530	0.07239	0.02904	0.01309	0.00407	0.00638	0.11777	0.00989	0.00884
26	0.02728	0.08335	0.25636	0.06473	0.08031	0.02758	0.02797	0.18423	0.07638	0.04199	0.02205	0.02425	0.01623	0.01079	0.00979	0.00314	0.01277	0.00848	0.00670	0.01564
27	0.03197	0.25860	0.04132	0.02890	0.10100	0.29218	0.04957	0.03563	0.02512	0.02628	0.01601	0.01917	0.01372	0.00964	0.00857	0.00258	0.01492	0.00684	0.00493	0.01302
28	0.02240	0.01317	0.01685	0.01487	0.01882	0.01247	0.01151	0.02954	0.08343	0.15709	0.40235	0.06378	0.07481	0.01848	0.01155	0.00324	0.00601	0.01608	0.01151	0.01202
29	0.02377	0.02740	0.11878	0.02376	0.07324	0.07984	0.01951	0.06958	0.18064	0.03735	0.07610	0.04253	0.10425	0.01438	0.01027	0.00319	0.01007	0.01177	0.05990	0.01368
30	0.01435	0.00992	0.01161	0.01182	0.01248	0.00960	0.00729	0.01548	0.01821	0.02441	0.11949	0.14812	0.08586	0.42433	0.03830	0.00774	0.00833	0.01786	0.00764	0.00718
31	0.02626	0.07406	0.03648	0.23519	0.25308	0.10993	0.02700	0.06130	0.02454	0.03099	0.01837	0.02430	0.01479	0.00989	0.00979	0.00305	0.01347	0.00849	0.00519	0.01383
32	0.01709	0.01128	0.01455	0.01533	0.01766	0.01077	0.01153	0.02171	0.05470	0.07726	0.13212	0.33200	0.10456	0.02664	0.01268	0.00395	0.00672	0.10938	0.01009	0.01000
33	0.03348	0.03197	0.08360	0.02284	0.02987	0.17213	0.01939	0.14176	0.15123	0.11858	0.02748	0.02779	0.02024	0.01358	0.01199	0.04967	0.01230	0.00906	0.00838	0.01464
34	0.12092	0.11768	0.03155	0.02129	0.02911	0.11591	0.07256	0.06502	0.07904	0.03530	0.01983	0.02216	0.01587	0.00957	0.00850	0.00253	0.01123	0.00743	0.00635	0.20818
35	0.06820	0.01862	0.02390	0.01990	0.02590	0.01921	0.05980	0.03968	0.21954	0.13076	0.11649	0.04024	0.03609	0.01891	0.06004	0.00432	0.01011	0.01165	0.00949	0.06716
36	0.42010	0.11414	0.03098	0.02076	0.02841	0.02692	0.11566	0.07393	0.02188	0.04182	0.01642	0.01946	0.01282	0.00948	0.00784	0.00308	0.01050	0.00714	0.00617	0.01248
37	0.22311	0.02455	0.02528	0.02014	0.02735	0.09095	0.06022	0.12876	0.02766	0.07632	0.06328	0.02607	0.02135	0.01087	0.00887	0.00283	0.01041	0.00837	0.00760	0.13600
38	0.32660	0.07173	0.05876	0.01931	0.02677	0.02533	0.05659	0.13068	0.06168	0.04439	0.02651	0.02778	0.06165	0.01165	0.00856	0.00315	0.00978	0.00868	0.00730	0.01311
39	0.10048	0.02417	0.02554	0.02301	0.06849	0.06224	0.01707	0.26689	0.03460	0.04838	0.07312	0.03321	0.05644	0.01776	0.05412	0.00400	0.01156	0.01012	0.00854	0.06026

[dist]
# distance from previous block
# <min> <max>
0	4

[block]
# block no. 2 follows, 14 sequences, length 21
# corresponding to MSA columns:
# 100-120
name=unknown_C
#
# <colnr> <probs for GDERKNQSTAVLIFYWHMCP>
#	G	D	E	R	K	N	Q	S	T	A	V	L	I	F	Y	W	H	M	C	P
0	0.02740	0.02346	0.07845	0.11352	0.07974	0.02076	0.15201	0.07154	0.02561	0.14411	0.02798	0.09174	0.02277	0.01251	0.01081	0.00326	0.01218	0.01192	0.00744	0.06279
1	0.06298	0.08616	0.36436	0.02554	0.03747	0.05788	0.02938	0.06193	0.07172	0.07625	0.02183	0.02349	0.01573	0.01044	0.00944	0.00314	0.01336	0.00792	0.00598	0.01500
2	0.02066	0.01256	0.01584	0.01520	0.01855	0.01176	0.01168	0.05758	0.02626	0.12462	0.17204	0.23296	0.13776	0.02380	0.01221	0.00368	0.00680	0.07462	0.01048	0.01093
3	0.02815	0.02027	0.02821	0.11187	0.14466	0.02201	0.02127	0.10889	0.07472	0.12328	0.02974	0.03899	0.02414	0.01379	0.01232	0.00342	0.05807	0.06518	0.05670	0.01432
4	0.02873	0.01412	0.01784	0.01522	0.01996	0.01317	0.01196	0.06903	0.02840	0.24371	0.19171	0.10035	0.04932	0.01667	0.01052	0.00313	0.00686	0.01417	0.13210	0.01302
5	0.02942	0.38109	0.04723	0.02832	0.12388	0.09726	0.05770	0.03356	0.02307	0.06700	0.01769	0.02039	0.01477	0.00932	0.00817	0.00256	0.01232	0.00707	0.00527	0.01392
6	0.02278	0.02125	0.03263	0.08263	0.23418	0.02315	0.06035	0.03350	0.14740	0.03318	0.02920	0.11320	0.02647	0.01446	0.01327	0.00352	0.07518	0.01271	0.00687	0.01407
7	0.02137	0.01151	0.01503	0.01496	0.01794	0.01050	0.01127	0.02449	0.02349	0.15866	0.09464	0.31126	0.09467	0.02440	0.01198	0.00374	0.00674	0.07240	0.06014	0.01080
8	0.02476	0.02373	0.04050	0.12133	0.52197	0.02422	0.03118	0.03094	0.02307	0.03275	0.01919	0.02561	0.01598	0.00926	0.01017	0.00309	0.01235	0.00914	0.00502	0.01574
9	0.01319	0.00998	0.01217	0.01260	0.01476	0.00896	0.00908	0.01642	0.02445	0.03253	0.27263	0.25631	0.22772	0.02594	0.01242	0.00359	0.00529	0.02278	0.01022	0.00896
10	0.01413	0.01047	0.01318	0.01250	0.01509	0.00952	0.00938	0.01861	0.02813	0.03897	0.49416	0.08025	0.17395	0.02179	0.01211	0.00327	0.00490	0.01906	0.01101	0.00952
11	0.02717	0.01269	0.01641	0.01452	0.01872	0.01149	0.01121	0.03112	0.02596	0.24509	0.16645	0.15198	0.04996	0.01796	0.01059	0.00320	0.00652	0.01546	0.15108	0.01240
12	0.01629	0.01014	0.01213	0.01163	0.01404	0.00964	0.00872	0.02111	0.02617	0.04004	0.36458	0.06196	0.06983	0.01753	0.01022	0.00291	0.00482	0.01512	0.27351	0.00964
13	0.02744	0.64552	0.05378	0.01756	0.02634	0.04061	0.01756	0.03073	0.02085	0.02414	0.01427	0.01646	0.01317	0.00878	0.00658	0.00219	0.01097	0.00549	0.00439	0.01317
14	0.19347	0.02381	0.06813	0.02056	0.02853	0.02228	0.05436	0.16682	0.02993	0.20499	0.02673	0.02675	0.01845	0.01129	0.00925	0.00312	0.01004	0.00880	0.05769	0.01499
15	0.02353	0.02247	0.03827	0.23451	0.41844	0.02389	0.03056	0.02985	0.02248	0.03125	0.01897	0.02601	0.01545	0.00949	0.01019	0.00316	0.01265	0.00914	0.00492	0.01475
16	0.01653	0.01114	0.01402	0.01463	0.01679	0.01065	0.01044	0.02153	0.07051	0.07241	0.14924	0.39347	0.10589	0.02658	0.01240	0.00381	0.00610	0.02370	0.01016	0.01000
17	0.23039	0.01490	0.01599	0.01473	0.01890	0.01558	0.01132	0.02853	0.07031	0.10876	0.16763	0.12893	0.04547	0.01859	0.01227	0.05662	0.00705	0.01378	0.00912	0.01111
18	0.02523	0.07669	0.20610	0.02574	0.03556	0.02386	0.10015	0.08093	0.11171	0.07311	0.02717	0.07207	0.02190	0.01216	0.01017	0.00317	0.01201	0.01061	0.00707	0.06460
19	0.11566	0.08042	0.03320	0.06997	0.03434	0.10274	0.12225	0.03551	0.05504	0.12272	0.06244	0.02886	0.02267	0.01095	0.00964	0.00299	0.01193	0.00941	0.00726	0.06200
20	0.02901	0.02237	0.09510	0.02410	0.07089	0.01814	0.05798	0.07244	0.06430	0.20611	0.18014	0.04303	0.04201	0.01410	0.01087	0.00322	0.00952	0.01232	0.00978	0.01457

[dist]
# distance from previous block
# <min> <max>
0	11

# created by:
# /st0/software/busco_prod/Augustus/scripts/msa2prfl.pl ./align_prep/12103.fa
