[name]
unknown

[dist]
# distance from previous block
# <min> <max>
0	16

[block]
# block no. 0 follows, 12 sequences, length 72
# corresponding to MSA columns:
# 16-50,52-88
name=unknown_A
#
# <colnr> <probs for GDERKNQSTAVLIFYWHMCP>
#	G	D	E	R	K	N	Q	S	T	A	V	L	I	F	Y	W	H	M	C	P
0	0.09797	0.01965	0.02353	0.02056	0.02682	0.02002	0.01733	0.15424	0.03281	0.20214	0.04135	0.06280	0.03604	0.01893	0.01199	0.00393	0.01014	0.17385	0.01099	0.01490
1	0.03345	0.02704	0.03112	0.02519	0.03285	0.03015	0.05407	0.26010	0.27874	0.05521	0.03462	0.03337	0.02547	0.01363	0.01114	0.00351	0.01084	0.01124	0.01061	0.01765
2	0.33400	0.02630	0.02524	0.02027	0.02811	0.02962	0.01673	0.29701	0.03660	0.05984	0.02125	0.02238	0.01552	0.01176	0.00904	0.00332	0.01040	0.00806	0.00904	0.01552
3	0.02444	0.25618	0.38301	0.02670	0.04042	0.03160	0.03266	0.03387	0.02272	0.03140	0.01801	0.02107	0.01388	0.01000	0.00917	0.00306	0.01454	0.00727	0.00463	0.01537
4	0.01328	0.00949	0.01265	0.01518	0.01581	0.00886	0.01012	0.01518	0.02088	0.02783	0.06010	0.60969	0.07212	0.03416	0.01392	0.00443	0.00633	0.03100	0.01012	0.00886
5	0.04892	0.01856	0.02530	0.01940	0.02783	0.01603	0.01603	0.05314	0.03121	0.55634	0.04302	0.03711	0.02699	0.01350	0.01096	0.00337	0.00928	0.01096	0.01350	0.01856
6	0.01989	0.01020	0.01033	0.01033	0.01262	0.01020	0.00752	0.02447	0.02218	0.03874	0.03545	0.04365	0.02909	0.07173	0.01230	0.00333	0.00562	0.01072	0.61180	0.00982
7	0.02599	0.02223	0.02368	0.02137	0.02718	0.02549	0.01658	0.05432	0.48085	0.04543	0.09266	0.04463	0.04002	0.01552	0.01127	0.00367	0.00829	0.01304	0.01118	0.01658
8	0.01558	0.01168	0.01752	0.01752	0.01947	0.01363	0.01363	0.01947	0.01752	0.02531	0.02921	0.04283	0.02726	0.08178	0.57360	0.01752	0.02921	0.01168	0.00584	0.00974
9	0.04892	0.01856	0.02530	0.01940	0.02783	0.01603	0.01603	0.05314	0.03121	0.55634	0.04302	0.03711	0.02699	0.01350	0.01096	0.00337	0.00928	0.01096	0.01350	0.01856
10	0.04820	0.01972	0.02602	0.01995	0.02841	0.01775	0.01648	0.09761	0.03315	0.50913	0.04139	0.03605	0.02617	0.01346	0.01096	0.00336	0.00954	0.01085	0.01324	0.01855
11	0.01328	0.00949	0.01265	0.01518	0.01581	0.00886	0.01012	0.01518	0.02088	0.02783	0.06010	0.60969	0.07212	0.03416	0.01392	0.00443	0.00633	0.03100	0.01012	0.00886
12	0.01289	0.01105	0.01105	0.01105	0.01473	0.00920	0.00828	0.01565	0.02485	0.02946	0.11046	0.10493	0.54437	0.02761	0.01289	0.00368	0.00552	0.02301	0.01013	0.00920
13	0.01328	0.00949	0.01265	0.01518	0.01581	0.00886	0.01012	0.01518	0.02088	0.02783	0.06010	0.60969	0.07212	0.03416	0.01392	0.00443	0.00633	0.03100	0.01012	0.00886
14	0.02888	0.02365	0.03095	0.02588	0.02830	0.03021	0.02128	0.11972	0.02449	0.08242	0.02065	0.02900	0.01813	0.06140	0.03026	0.00479	0.38953	0.01019	0.00686	0.01339
15	0.02915	0.62337	0.05714	0.01866	0.02799	0.04314	0.01866	0.03265	0.02215	0.02565	0.01516	0.01749	0.01399	0.00933	0.00700	0.00233	0.01166	0.00583	0.00466	0.01399
16	0.02915	0.62337	0.05714	0.01866	0.02799	0.04314	0.01866	0.03265	0.02215	0.02565	0.01516	0.01749	0.01399	0.00933	0.00700	0.00233	0.01166	0.00583	0.00466	0.01399
17	0.69383	0.02109	0.01603	0.01434	0.02109	0.02446	0.01181	0.03205	0.01856	0.04892	0.01518	0.01771	0.01181	0.01012	0.00675	0.00337	0.00843	0.00590	0.00675	0.01181
18	0.01887	0.01842	0.03583	0.02898	0.03428	0.01725	0.23392	0.02404	0.02305	0.03101	0.04304	0.34947	0.04720	0.02296	0.01345	0.00409	0.01173	0.02287	0.00806	0.01148
19	0.02313	0.15442	0.47332	0.02893	0.04387	0.02840	0.03655	0.03421	0.02287	0.03300	0.01881	0.02206	0.01384	0.01018	0.00978	0.00326	0.01534	0.00767	0.00461	0.01575
20	0.01378	0.01108	0.01229	0.01199	0.01528	0.00959	0.00899	0.01738	0.02697	0.03448	0.26288	0.09666	0.38880	0.02574	0.01288	0.00359	0.00539	0.02185	0.01079	0.00959
21	0.02712	0.02342	0.02465	0.02219	0.02835	0.02712	0.01726	0.05794	0.52909	0.04561	0.04438	0.04068	0.03328	0.01479	0.01109	0.00370	0.00863	0.01233	0.01109	0.01726
22	0.16749	0.02267	0.07496	0.01957	0.02843	0.01850	0.01756	0.04739	0.02804	0.41088	0.03553	0.03211	0.02287	0.01256	0.01011	0.00338	0.00978	0.00973	0.01137	0.01705
23	0.02761	0.50316	0.16382	0.02129	0.03206	0.03937	0.02324	0.03305	0.02234	0.02754	0.01609	0.01866	0.01395	0.00955	0.00771	0.00257	0.01260	0.00630	0.00465	0.01444
24	0.03519	0.03774	0.03646	0.04484	0.26424	0.28532	0.02624	0.03975	0.02820	0.07098	0.02048	0.02427	0.01648	0.01073	0.01035	0.00304	0.01586	0.00853	0.00612	0.01517
25	0.01377	0.01133	0.01228	0.01275	0.01621	0.00984	0.01004	0.01696	0.02490	0.03005	0.10050	0.10834	0.45345	0.02809	0.01330	0.00393	0.00638	0.10841	0.01011	0.00936
26	0.02808	0.14030	0.02953	0.02101	0.02631	0.16159	0.01661	0.07565	0.11480	0.03486	0.07073	0.16372	0.03764	0.01773	0.01077	0.00333	0.01146	0.01440	0.00834	0.01315
27	0.03587	0.02225	0.02550	0.02143	0.02859	0.02373	0.01709	0.09082	0.31788	0.22676	0.04252	0.03832	0.02995	0.01421	0.01103	0.00355	0.00911	0.01166	0.01192	0.01781
28	0.01382	0.01093	0.01244	0.01238	0.01538	0.00955	0.00917	0.01733	0.02658	0.03431	0.25752	0.14556	0.34357	0.02638	0.01298	0.00367	0.00547	0.02263	0.01078	0.00955
29	0.01887	0.01478	0.01664	0.01552	0.01939	0.01519	0.01183	0.03136	0.18039	0.04139	0.27227	0.07042	0.15907	0.02029	0.01194	0.00349	0.00627	0.01738	0.06134	0.01219
30	0.02935	0.02666	0.04237	0.06008	0.46454	0.02720	0.03138	0.11182	0.02915	0.04104	0.02144	0.02685	0.01748	0.01027	0.01081	0.00324	0.01280	0.00973	0.00630	0.01748
31	0.11087	0.01880	0.02441	0.01891	0.02719	0.01684	0.01562	0.05111	0.02999	0.50760	0.04034	0.03525	0.02553	0.01317	0.01056	0.00337	0.00920	0.01048	0.01285	0.01791
32	0.04770	0.02052	0.02652	0.02033	0.02881	0.01894	0.01679	0.12828	0.03449	0.47657	0.04026	0.03532	0.02561	0.01343	0.01096	0.00336	0.00972	0.01078	0.01307	0.01855
33	0.63402	0.02391	0.01739	0.01560	0.02224	0.07469	0.01266	0.03310	0.01969	0.04688	0.01534	0.01789	0.01201	0.01022	0.00703	0.00332	0.00946	0.00601	0.00664	0.01188
34	0.01426	0.01085	0.01319	0.01364	0.01615	0.00978	0.01015	0.01787	0.02615	0.03449	0.25109	0.21072	0.24173	0.02735	0.01328	0.00386	0.00592	0.05913	0.01079	0.00958
35	0.02429	0.04122	0.31381	0.02699	0.03852	0.02615	0.02969	0.04530	0.25591	0.03963	0.03099	0.03115	0.02277	0.01240	0.01070	0.00357	0.01267	0.01002	0.00759	0.01664
36	0.01457	0.01098	0.01347	0.01313	0.01583	0.00988	0.00974	0.01881	0.02842	0.03858	0.38704	0.13263	0.21754	0.02471	0.01296	0.00358	0.00535	0.02155	0.01134	0.00988
37	0.02187	0.05640	0.56031	0.03108	0.04719	0.02532	0.04029	0.03453	0.02302	0.03453	0.01957	0.02302	0.01381	0.01036	0.01036	0.00345	0.01611	0.00806	0.00460	0.01611
38	0.07860	0.01933	0.02269	0.01670	0.02591	0.01560	0.01349	0.03325	0.02413	0.14696	0.02408	0.02532	0.01812	0.00938	0.00859	0.00212	0.00836	0.00737	0.00797	0.49205
39	0.01558	0.01168	0.01752	0.01752	0.01947	0.01363	0.01363	0.01947	0.01752	0.02531	0.02921	0.04283	0.02726	0.08178	0.57360	0.01752	0.02921	0.01168	0.00584	0.00974
40	0.01894	0.00947	0.01420	0.01420	0.01420	0.00947	0.00947	0.01420	0.01420	0.01894	0.01894	0.03314	0.01894	0.03788	0.04261	0.68277	0.00947	0.00947	0.00473	0.00473
41	0.09480	0.02072	0.02348	0.01785	0.02663	0.01855	0.01441	0.07642	0.07227	0.13151	0.02595	0.02661	0.01938	0.01026	0.00897	0.00242	0.00870	0.00801	0.00852	0.38452
42	0.33038	0.02110	0.02126	0.01847	0.02509	0.02292	0.01542	0.13530	0.02864	0.12674	0.02975	0.04231	0.02515	0.01504	0.00984	0.00366	0.00962	0.09612	0.00927	0.01392
43	0.01328	0.00949	0.01265	0.01518	0.01581	0.00886	0.01012	0.01518	0.02088	0.02783	0.06010	0.60969	0.07212	0.03416	0.01392	0.00443	0.00633	0.03100	0.01012	0.00886
44	0.01586	0.01057	0.01189	0.01189	0.01189	0.01057	0.00661	0.01586	0.01586	0.02114	0.03436	0.07135	0.03964	0.61681	0.05550	0.01057	0.01057	0.01586	0.00661	0.00661
45	0.11054	0.02105	0.02579	0.01997	0.02829	0.02018	0.01649	0.13702	0.03372	0.41552	0.03715	0.03317	0.02393	0.01309	0.01054	0.00335	0.00970	0.01026	0.01235	0.01789
46	0.02699	0.02591	0.04426	0.06693	0.54879	0.02591	0.03346	0.03346	0.02483	0.03562	0.02051	0.02699	0.01727	0.00972	0.01079	0.00324	0.01295	0.00972	0.00540	0.01727
47	0.01444	0.00997	0.01231	0.01371	0.01406	0.00963	0.00855	0.01548	0.01862	0.02483	0.04855	0.36828	0.05755	0.29544	0.03256	0.00718	0.00823	0.02421	0.00855	0.00785
48	0.01470	0.01009	0.01223	0.01337	0.01365	0.00980	0.00818	0.01555	0.01811	0.02414	0.04590	0.31276	0.05420	0.35553	0.03685	0.00782	0.00867	0.02265	0.00818	0.00762
49	0.03897	0.03055	0.16906	0.02551	0.03622	0.02118	0.07015	0.08836	0.03038	0.32596	0.03336	0.03171	0.02179	0.01223	0.01098	0.00341	0.01218	0.01029	0.01018	0.01755
50	0.09118	0.02831	0.03845	0.04572	0.27896	0.06903	0.06721	0.12024	0.07868	0.04285	0.02320	0.02699	0.01825	0.01091	0.01058	0.00331	0.01292	0.00970	0.00707	0.01642
51	0.02637	0.02527	0.04314	0.11763	0.50292	0.02574	0.03315	0.03292	0.02453	0.03487	0.02040	0.02719	0.01701	0.00983	0.01080	0.00328	0.01311	0.00971	0.00534	0.01677
52	0.03792	0.02845	0.03083	0.02341	0.03232	0.03021	0.01926	0.42169	0.04590	0.06251	0.02491	0.02551	0.01810	0.01215	0.01038	0.00296	0.01126	0.00919	0.01008	0.14296
53	0.01506	0.01142	0.01407	0.01423	0.01716	0.01043	0.01123	0.01939	0.02760	0.03655	0.29283	0.09838	0.24028	0.02578	0.01335	0.00386	0.00635	0.12120	0.01095	0.00987
54	0.24975	0.18313	0.25415	0.02241	0.03371	0.02939	0.02542	0.03324	0.02131	0.03720	0.01701	0.01988	0.01318	0.01003	0.00832	0.00315	0.01244	0.00679	0.00534	0.01415
55	0.02708	0.46188	0.20046	0.02219	0.03346	0.03807	0.02482	0.03319	0.02240	0.02818	0.01641	0.01907	0.01394	0.00962	0.00795	0.00265	0.01293	0.00646	0.00465	0.01460
56	0.01328	0.00949	0.01265	0.01518	0.01581	0.00886	0.01012	0.01518	0.02088	0.02783	0.06010	0.60969	0.07212	0.03416	0.01392	0.00443	0.00633	0.03100	0.01012	0.00886
57	0.01314	0.01106	0.01139	0.01131	0.01488	0.00931	0.00848	0.01613	0.02544	0.03085	0.15273	0.10264	0.50123	0.02709	0.01288	0.00366	0.00549	0.02269	0.01031	0.00931
58	0.03627	0.02500	0.02761	0.02268	0.03017	0.02738	0.01824	0.21667	0.26728	0.15014	0.03773	0.03491	0.02692	0.01395	0.01100	0.00349	0.00994	0.01119	0.01148	0.01795
59	0.04073	0.05197	0.03090	0.02809	0.03371	0.57303	0.02107	0.04354	0.03090	0.02669	0.01685	0.01966	0.01404	0.01124	0.00983	0.00281	0.01966	0.00702	0.00562	0.01264
60	0.01543	0.01115	0.01457	0.01372	0.01629	0.01029	0.01029	0.02058	0.03086	0.04372	0.54304	0.08145	0.10288	0.02229	0.01286	0.00343	0.00514	0.01972	0.01200	0.01029
61	0.69383	0.02109	0.01603	0.01434	0.02109	0.02446	0.01181	0.03205	0.01856	0.04892	0.01518	0.01771	0.01181	0.01012	0.00675	0.00337	0.00843	0.00590	0.00675	0.01181
62	0.10984	0.02046	0.02544	0.01970	0.02801	0.01930	0.01627	0.11471	0.03277	0.44007	0.03801	0.03373	0.02436	0.01311	0.01055	0.00336	0.00957	0.01032	0.01249	0.01791
63	0.63477	0.02085	0.01688	0.01480	0.02170	0.02369	0.01219	0.03398	0.01971	0.09538	0.01773	0.01949	0.01320	0.01043	0.00713	0.00337	0.00851	0.00637	0.00737	0.01243
64	0.63236	0.02093	0.01663	0.01450	0.02152	0.02355	0.01191	0.03163	0.01893	0.04769	0.01557	0.01816	0.01221	0.00993	0.00687	0.00321	0.00840	0.00596	0.00672	0.07331
65	0.63477	0.02085	0.01688	0.01480	0.02170	0.02369	0.01219	0.03398	0.01971	0.09538	0.01773	0.01949	0.01320	0.01043	0.00713	0.00337	0.00851	0.00637	0.00737	0.01243
66	0.34992	0.01974	0.02097	0.01704	0.02468	0.01996	0.01406	0.04330	0.02530	0.31951	0.03003	0.02806	0.01990	0.01192	0.00900	0.00337	0.00888	0.00860	0.01035	0.01541
67	0.33688	0.02003	0.02003	0.01587	0.02399	0.01937	0.01294	0.03399	0.02222	0.13125	0.02151	0.02284	0.01601	0.00995	0.00796	0.00273	0.00845	0.00698	0.00780	0.25920
68	0.22354	0.01861	0.02148	0.01719	0.02468	0.01771	0.01406	0.04218	0.02700	0.32610	0.08190	0.03491	0.02929	0.01300	0.00976	0.00325	0.00855	0.01006	0.01094	0.06581
69	0.34459	0.01978	0.02082	0.01683	0.02457	0.01981	0.01385	0.04152	0.02474	0.28388	0.02843	0.02709	0.01919	0.01154	0.00881	0.00324	0.00880	0.00830	0.00986	0.06434
70	0.28747	0.01949	0.02187	0.01753	0.02534	0.01915	0.01447	0.04534	0.02653	0.36864	0.03272	0.02994	0.02137	0.01225	0.00940	0.00337	0.00897	0.00909	0.01100	0.01606
71	0.40056	0.01994	0.02024	0.01664	0.02415	0.02062	0.01373	0.04164	0.02431	0.27967	0.02784	0.02653	0.01871	0.01166	0.00867	0.00337	0.00882	0.00821	0.00982	0.01488

[dist]
# distance from previous block
# <min> <max>
16	24

[block]
# block no. 1 follows, 12 sequences, length 16
# corresponding to MSA columns:
# 113-128
name=unknown_B
#
# <colnr> <probs for GDERKNQSTAVLIFYWHMCP>
#	G	D	E	R	K	N	Q	S	T	A	V	L	I	F	Y	W	H	M	C	P
0	0.02346	0.04399	0.35827	0.04042	0.19478	0.02453	0.03580	0.03358	0.02352	0.03495	0.01983	0.02417	0.01505	0.00996	0.01028	0.00322	0.01445	0.00841	0.00501	0.07632
1	0.02401	0.04071	0.30266	0.04431	0.24910	0.02460	0.03507	0.03347	0.02372	0.03506	0.01993	0.02460	0.01543	0.00989	0.01033	0.00320	0.01411	0.00859	0.00509	0.07612
2	0.02202	0.04616	0.41186	0.03223	0.09715	0.02323	0.03467	0.03270	0.02376	0.03543	0.05840	0.02773	0.02101	0.01095	0.01037	0.00325	0.01418	0.00894	0.00542	0.08056
3	0.02399	0.04286	0.34886	0.02605	0.03953	0.02293	0.03023	0.07879	0.02564	0.03815	0.02015	0.02320	0.01497	0.00994	0.00973	0.00289	0.01332	0.00775	0.00577	0.21525
4	0.02770	0.04869	0.40307	0.02929	0.04320	0.02785	0.03446	0.17697	0.03144	0.04472	0.02154	0.02396	0.01522	0.01117	0.01052	0.00340	0.01489	0.00858	0.00648	0.01684
5	0.02399	0.05360	0.50319	0.03043	0.04574	0.02624	0.03817	0.08628	0.02608	0.03823	0.02028	0.02336	0.01432	0.01065	0.01042	0.00343	0.01567	0.00825	0.00529	0.01638
6	0.02397	0.22032	0.41483	0.02749	0.04164	0.03047	0.03403	0.03399	0.02277	0.03196	0.01829	0.02142	0.01386	0.01006	0.00939	0.00313	0.01483	0.00741	0.00462	0.01550
7	0.02681	0.09786	0.43260	0.02817	0.04249	0.02533	0.03459	0.03735	0.02426	0.11722	0.02295	0.02481	0.01593	0.01077	0.01017	0.00335	0.01465	0.00834	0.00603	0.01633
8	0.03152	0.42450	0.13190	0.02078	0.03103	0.03544	0.02164	0.03662	0.02391	0.12202	0.02085	0.02189	0.01629	0.01024	0.00824	0.00270	0.01195	0.00710	0.00623	0.01515
9	0.01716	0.01226	0.01710	0.01961	0.02194	0.01220	0.01686	0.02188	0.02470	0.03217	0.05796	0.16963	0.06365	0.03051	0.01495	0.00496	0.00968	0.43282	0.01005	0.00993
10	0.46862	0.22515	0.02995	0.01580	0.02342	0.03079	0.01413	0.03225	0.01978	0.04104	0.01517	0.01764	0.01255	0.00985	0.00683	0.00302	0.00953	0.00588	0.00604	0.01255
11	0.01586	0.01057	0.01189	0.01189	0.01189	0.01057	0.00661	0.01586	0.01586	0.02114	0.03436	0.07135	0.03964	0.61681	0.05550	0.01057	0.01057	0.01586	0.00661	0.00661
12	0.03637	0.27528	0.04280	0.02243	0.03141	0.03767	0.01987	0.31436	0.03925	0.05094	0.02163	0.02259	0.01666	0.01154	0.00929	0.00288	0.01186	0.00817	0.00833	0.01666
13	0.01328	0.00949	0.01265	0.01518	0.01581	0.00886	0.01012	0.01518	0.02088	0.02783	0.06010	0.60969	0.07212	0.03416	0.01392	0.00443	0.00633	0.03100	0.01012	0.00886
14	0.01586	0.01057	0.01189	0.01189	0.01189	0.01057	0.00661	0.01586	0.01586	0.02114	0.03436	0.07135	0.03964	0.61681	0.05550	0.01057	0.01057	0.01586	0.00661	0.00661
15	0.02915	0.62337	0.05714	0.01866	0.02799	0.04314	0.01866	0.03265	0.02215	0.02565	0.01516	0.01749	0.01399	0.00933	0.00700	0.00233	0.01166	0.00583	0.00466	0.01399

[dist]
# distance from previous block
# <min> <max>
0	0

# created by:
# /st0/software/busco_prod/Augustus/scripts/msa2prfl.pl ./align_prep/12131.fa
