[name]
unknown

[dist]
# distance from previous block
# <min> <max>
4	94

[block]
# block no. 0 follows, 13 sequences, length 34
# corresponding to MSA columns:
# 101-134
name=unknown_A
#
# <colnr> <probs for GDERKNQSTAVLIFYWHMCP>
#	G	D	E	R	K	N	Q	S	T	A	V	L	I	F	Y	W	H	M	C	P
0	0.27696	0.01726	0.01906	0.08140	0.02716	0.01804	0.01445	0.03258	0.02318	0.17929	0.04149	0.04641	0.11240	0.01529	0.00977	0.00349	0.00872	0.05153	0.00890	0.01265
1	0.44956	0.02271	0.02058	0.01688	0.02426	0.02506	0.01388	0.16300	0.02690	0.05110	0.01803	0.01990	0.01367	0.01036	0.00776	0.00305	0.00906	0.00680	0.00759	0.08986
2	0.02208	0.01629	0.02394	0.02258	0.02704	0.01649	0.07389	0.03157	0.11277	0.07978	0.04869	0.08847	0.04802	0.02304	0.01338	0.00437	0.01035	0.31544	0.00970	0.01213
3	0.01535	0.01207	0.01552	0.01462	0.01687	0.01223	0.01114	0.01945	0.02679	0.03723	0.38994	0.11430	0.16031	0.02289	0.01505	0.00358	0.07307	0.01928	0.01044	0.00989
4	0.13221	0.01409	0.01723	0.01550	0.01976	0.01368	0.01228	0.02911	0.02570	0.17095	0.22754	0.05763	0.05406	0.02015	0.01455	0.08097	0.00748	0.06533	0.01020	0.01158
5	0.02462	0.02659	0.05443	0.03934	0.04908	0.02516	0.43071	0.06633	0.02659	0.03557	0.03131	0.03654	0.07715	0.01119	0.01235	0.00354	0.01599	0.01338	0.00622	0.01392
6	0.62624	0.01926	0.01490	0.01345	0.01953	0.02216	0.01099	0.03036	0.01846	0.04654	0.01695	0.01968	0.01321	0.01010	0.00664	0.00318	0.00781	0.00619	0.08309	0.01127
7	0.02805	0.01428	0.01975	0.01923	0.02375	0.01339	0.01650	0.03263	0.02648	0.22649	0.05082	0.08911	0.04829	0.02337	0.01317	0.00429	0.00947	0.31726	0.01095	0.01273
8	0.04264	0.01708	0.02335	0.01892	0.02619	0.01501	0.01578	0.04686	0.02933	0.48491	0.04396	0.04912	0.03164	0.01563	0.01126	0.00352	0.00911	0.08644	0.01256	0.01669
9	0.01605	0.00999	0.01411	0.01564	0.01651	0.00977	0.01151	0.01629	0.01892	0.02500	0.04271	0.26630	0.04818	0.03343	0.02422	0.26227	0.00824	0.14565	0.00784	0.00740
10	0.70310	0.02045	0.01554	0.01390	0.02045	0.02372	0.01145	0.03108	0.01799	0.04744	0.01472	0.01718	0.01145	0.00981	0.00654	0.00327	0.00818	0.00573	0.00654	0.01145
11	0.02963	0.02197	0.02401	0.02109	0.02741	0.02460	0.01655	0.05545	0.46244	0.12712	0.04283	0.03890	0.03131	0.01415	0.01074	0.00354	0.00847	0.01175	0.01113	0.01693
12	0.70310	0.02045	0.01554	0.01390	0.02045	0.02372	0.01145	0.03108	0.01799	0.04744	0.01472	0.01718	0.01145	0.00981	0.00654	0.00327	0.00818	0.00573	0.00654	0.01145
13	0.03790	0.02848	0.03044	0.02386	0.03192	0.03172	0.01954	0.44956	0.13109	0.06294	0.02829	0.02770	0.02034	0.01296	0.01061	0.00324	0.01110	0.00992	0.01061	0.01778
14	0.14928	0.02090	0.02468	0.01923	0.02722	0.02057	0.01588	0.15151	0.03255	0.37823	0.03391	0.03072	0.02207	0.01248	0.00998	0.00325	0.00944	0.00962	0.01151	0.01696
15	0.01290	0.01024	0.01159	0.01228	0.01479	0.00894	0.00882	0.01557	0.02353	0.02962	0.14213	0.26488	0.35098	0.02822	0.01281	0.00377	0.00556	0.02442	0.01002	0.00894
16	0.19679	0.01855	0.02249	0.01769	0.02550	0.01740	0.01461	0.04687	0.02747	0.45080	0.03556	0.03170	0.02282	0.01234	0.00970	0.00327	0.00881	0.00951	0.01160	0.01650
17	0.02343	0.02383	0.03209	0.15254	0.03783	0.06379	0.02432	0.02680	0.01810	0.02581	0.01509	0.02398	0.01391	0.01633	0.02795	0.00427	0.44444	0.00914	0.00469	0.01165
18	0.02327	0.01918	0.03101	0.47723	0.06296	0.02360	0.02719	0.02949	0.02158	0.08535	0.02073	0.02848	0.01537	0.01171	0.01321	0.00362	0.07851	0.00951	0.00559	0.01240
19	0.04232	0.01686	0.02290	0.01794	0.02522	0.01466	0.01466	0.04655	0.03021	0.48661	0.12296	0.04277	0.03778	0.01443	0.01092	0.00328	0.00836	0.01197	0.01286	0.01673
20	0.01675	0.01269	0.01567	0.01460	0.01764	0.01255	0.01104	0.02567	0.11091	0.04269	0.47584	0.07274	0.08912	0.02047	0.01220	0.00337	0.00552	0.01799	0.01150	0.01104
21	0.17469	0.50149	0.04676	0.01718	0.02569	0.03791	0.01665	0.03153	0.02073	0.02977	0.01470	0.01701	0.01311	0.00921	0.00673	0.00248	0.01063	0.00567	0.00496	0.01311
22	0.11393	0.02644	0.02862	0.02216	0.03035	0.02857	0.01830	0.38392	0.04260	0.15881	0.02728	0.02647	0.01880	0.01245	0.01015	0.00320	0.01076	0.00931	0.01061	0.01727
23	0.01509	0.01102	0.01388	0.01401	0.01632	0.01033	0.01074	0.01900	0.02578	0.03485	0.30389	0.09010	0.15509	0.10724	0.01861	0.00465	0.00681	0.12311	0.01022	0.00927
24	0.01527	0.01091	0.01501	0.01745	0.01911	0.01065	0.01397	0.01885	0.02260	0.02967	0.05696	0.33262	0.06471	0.03087	0.01413	0.00462	0.00821	0.29537	0.00977	0.00925
25	0.70310	0.02045	0.01554	0.01390	0.02045	0.02372	0.01145	0.03108	0.01799	0.04744	0.01472	0.01718	0.01145	0.00981	0.00654	0.00327	0.00818	0.00573	0.00654	0.01145
26	0.10207	0.02295	0.02484	0.01866	0.02740	0.02201	0.01520	0.21118	0.03172	0.04769	0.02078	0.02269	0.01606	0.00983	0.00870	0.00234	0.00927	0.00740	0.00788	0.37134
27	0.16819	0.01915	0.02820	0.47519	0.06146	0.02354	0.02548	0.02790	0.02046	0.03145	0.01791	0.02580	0.01352	0.01041	0.00970	0.00347	0.01281	0.00860	0.00510	0.01168
28	0.17351	0.02292	0.02495	0.02172	0.02648	0.02786	0.01753	0.08284	0.25110	0.04197	0.02785	0.02920	0.02179	0.01430	0.01602	0.00375	0.16391	0.00970	0.00824	0.01436
29	0.16586	0.01506	0.01616	0.01416	0.01948	0.01404	0.01125	0.02350	0.02388	0.03834	0.18660	0.05784	0.12785	0.01695	0.01017	0.00303	0.00688	0.05354	0.00869	0.18671
30	0.09980	0.02903	0.16390	0.02133	0.02854	0.06751	0.02084	0.03213	0.02523	0.12059	0.17288	0.03969	0.03960	0.01474	0.01305	0.00341	0.07503	0.01129	0.00817	0.01323
31	0.02331	0.02194	0.08318	0.02098	0.02650	0.02004	0.01860	0.02796	0.02117	0.08937	0.06718	0.03179	0.02491	0.02409	0.10761	0.00539	0.18118	0.00964	0.00672	0.18843
32	0.02925	0.03412	0.26656	0.02425	0.03548	0.01943	0.05033	0.03732	0.02557	0.20419	0.07201	0.03173	0.02516	0.01169	0.01032	0.00314	0.01188	0.00973	0.00805	0.08979
33	0.03527	0.02270	0.03210	0.02538	0.03084	0.02549	0.06677	0.11533	0.02767	0.24049	0.02702	0.02890	0.01942	0.01462	0.01962	0.00378	0.23033	0.01012	0.00886	0.01528

[dist]
# distance from previous block
# <min> <max>
9	19

[block]
# block no. 1 follows, 13 sequences, length 40
# corresponding to MSA columns:
# 155-194
name=unknown_B
#
# <colnr> <probs for GDERKNQSTAVLIFYWHMCP>
#	G	D	E	R	K	N	Q	S	T	A	V	L	I	F	Y	W	H	M	C	P
0	0.03446	0.01995	0.02689	0.05445	0.03120	0.01762	0.04617	0.08026	0.02799	0.26574	0.02931	0.02900	0.02028	0.01072	0.00970	0.00267	0.00963	0.00897	0.00940	0.26559
1	0.02976	0.02955	0.16223	0.10683	0.03891	0.02215	0.02363	0.11772	0.05928	0.14424	0.02588	0.02731	0.01831	0.01100	0.00996	0.00301	0.01156	0.00884	0.00791	0.14192
2	0.02750	0.10259	0.14468	0.08678	0.10822	0.08452	0.08586	0.08720	0.10179	0.03626	0.02276	0.02597	0.01746	0.01075	0.01018	0.00319	0.01375	0.00915	0.00633	0.01507
3	0.24398	0.03415	0.08129	0.02284	0.03049	0.21441	0.04859	0.03914	0.02524	0.13612	0.02118	0.02256	0.01543	0.01077	0.00904	0.00311	0.01338	0.00763	0.00712	0.01355
4	0.02192	0.01879	0.02192	0.01566	0.02506	0.01409	0.01253	0.02662	0.02192	0.03445	0.01879	0.02192	0.01566	0.00783	0.00783	0.00157	0.00783	0.00626	0.00626	0.69305
5	0.01971	0.00985	0.00985	0.00985	0.01232	0.00985	0.00739	0.02464	0.02217	0.03942	0.03449	0.03942	0.02710	0.01232	0.00739	0.00246	0.00493	0.00985	0.68712	0.00985
6	0.17206	0.02245	0.02368	0.01907	0.02624	0.05647	0.01551	0.15261	0.03223	0.26275	0.08366	0.03315	0.02810	0.01308	0.00993	0.00322	0.00966	0.01003	0.01058	0.01551
7	0.24279	0.15108	0.09020	0.02247	0.03055	0.14206	0.06154	0.03631	0.07165	0.03572	0.01873	0.02113	0.01486	0.01026	0.00847	0.00303	0.01263	0.00731	0.00600	0.01321
8	0.02313	0.02444	0.04878	0.08447	0.04796	0.02296	0.35559	0.03037	0.02322	0.03202	0.02200	0.03164	0.01808	0.07144	0.01582	0.00395	0.01529	0.01161	0.00553	0.11170
9	0.02699	0.01378	0.01875	0.01733	0.02178	0.01266	0.01433	0.03163	0.02814	0.22258	0.20627	0.07775	0.06082	0.02123	0.01256	0.00383	0.00801	0.17737	0.01149	0.01269
10	0.02545	0.02941	0.11989	0.05986	0.48753	0.02504	0.03341	0.03260	0.02382	0.03439	0.01976	0.02561	0.01626	0.00951	0.01041	0.00317	0.01301	0.00919	0.00512	0.01659
11	0.03191	0.01875	0.06715	0.01873	0.02487	0.01515	0.01581	0.03858	0.07815	0.29584	0.04526	0.22431	0.03984	0.01943	0.01152	0.00364	0.00857	0.01680	0.01106	0.01463
12	0.01538	0.01025	0.01153	0.01153	0.01153	0.01025	0.00641	0.01538	0.01538	0.02050	0.03331	0.06919	0.03844	0.62842	0.05382	0.01025	0.01025	0.01538	0.00641	0.00641
13	0.22864	0.02096	0.02344	0.01853	0.02631	0.02121	0.01530	0.13925	0.03066	0.32548	0.03099	0.02867	0.02046	0.01210	0.00948	0.00325	0.00929	0.00905	0.01077	0.01617
14	0.02932	0.45172	0.08333	0.02571	0.10593	0.03585	0.02125	0.03376	0.02274	0.07815	0.01827	0.02043	0.01521	0.00954	0.00789	0.00255	0.01154	0.00680	0.00543	0.01458
15	0.01971	0.00985	0.00985	0.00985	0.01232	0.00985	0.00739	0.02464	0.02217	0.03942	0.03449	0.03942	0.02710	0.01232	0.00739	0.00246	0.00493	0.00985	0.68712	0.00985
16	0.01558	0.01131	0.01525	0.01744	0.01955	0.01098	0.01439	0.01950	0.02334	0.03021	0.06175	0.23763	0.11384	0.02990	0.01412	0.00460	0.00843	0.33303	0.00976	0.00938
17	0.07462	0.03682	0.15980	0.02524	0.03486	0.08645	0.02397	0.30443	0.06577	0.05218	0.02324	0.02427	0.01681	0.01179	0.01011	0.00320	0.01297	0.00874	0.00836	0.01637
18	0.02312	0.08602	0.09490	0.08480	0.15680	0.02305	0.14326	0.02773	0.02104	0.02865	0.01916	0.02706	0.01609	0.01619	0.01818	0.17390	0.01330	0.00955	0.00491	0.01228
19	0.03665	0.03776	0.02823	0.02474	0.03016	0.34712	0.01916	0.10541	0.03034	0.09205	0.02166	0.02468	0.01713	0.01982	0.07866	0.00463	0.05325	0.00828	0.00697	0.01331
20	0.03344	0.03547	0.03234	0.02685	0.03342	0.26254	0.08701	0.13948	0.10775	0.03945	0.07366	0.03023	0.02565	0.01250	0.01060	0.00311	0.01451	0.01003	0.00783	0.01413
21	0.54166	0.16742	0.02508	0.01491	0.02205	0.02805	0.01304	0.03122	0.01883	0.04204	0.01472	0.01712	0.01196	0.00963	0.00660	0.00303	0.00893	0.00571	0.00606	0.01196
22	0.02917	0.49075	0.10467	0.02065	0.02984	0.11899	0.02057	0.03338	0.02280	0.02590	0.01537	0.01781	0.01356	0.00942	0.00752	0.00244	0.01287	0.00604	0.00465	0.01359
23	0.01543	0.01139	0.01489	0.01638	0.01886	0.01085	0.01352	0.01958	0.02469	0.03213	0.13890	0.16069	0.16508	0.02802	0.01377	0.00433	0.00782	0.28415	0.01004	0.00950
24	0.27096	0.07236	0.07969	0.01898	0.02715	0.07503	0.01714	0.04020	0.02449	0.24116	0.02558	0.02502	0.01762	0.01113	0.00875	0.00315	0.01051	0.00790	0.00857	0.01460
25	0.10565	0.02205	0.03327	0.03152	0.13603	0.02118	0.09254	0.07921	0.02851	0.29607	0.03052	0.03027	0.02075	0.01140	0.01045	0.00328	0.01109	0.01008	0.00957	0.01655
26	0.01971	0.00985	0.00985	0.00985	0.01232	0.00985	0.00739	0.02464	0.02217	0.03942	0.03449	0.03942	0.02710	0.01232	0.00739	0.00246	0.00493	0.00985	0.68712	0.00985
27	0.02575	0.02763	0.05669	0.09922	0.05512	0.02692	0.43131	0.07508	0.02667	0.03596	0.02147	0.02822	0.01601	0.00940	0.01212	0.00353	0.01692	0.01192	0.00573	0.01432
28	0.02249	0.01744	0.05792	0.02104	0.02596	0.01487	0.10863	0.02558	0.02181	0.10627	0.08443	0.04705	0.08411	0.07860	0.08002	0.16041	0.01240	0.01295	0.00742	0.01061
29	0.01514	0.01117	0.01620	0.01620	0.01781	0.01279	0.01223	0.01837	0.01676	0.02396	0.02904	0.04555	0.02817	0.15894	0.50926	0.01601	0.02570	0.01192	0.00577	0.00900
30	0.01973	0.01132	0.01374	0.01308	0.01456	0.01082	0.00842	0.02098	0.01940	0.10289	0.08641	0.12173	0.04566	0.42118	0.03954	0.00798	0.00915	0.01654	0.00822	0.00865
31	0.02802	0.58882	0.05593	0.02010	0.02927	0.04069	0.05645	0.03183	0.02175	0.02556	0.01521	0.01784	0.01376	0.00904	0.00722	0.00236	0.01180	0.00617	0.00459	0.01362
32	0.02861	0.01765	0.02224	0.02347	0.07773	0.04886	0.01682	0.03421	0.05837	0.20113	0.04513	0.17560	0.04271	0.02090	0.01216	0.00386	0.00952	0.13745	0.01016	0.01340
33	0.01541	0.01102	0.01512	0.01723	0.01905	0.01073	0.01386	0.01926	0.02352	0.03116	0.10794	0.28601	0.06791	0.02976	0.01401	0.00452	0.00803	0.28614	0.00996	0.00937
34	0.02515	0.02768	0.05681	0.04122	0.05123	0.02667	0.45049	0.03710	0.10014	0.03537	0.02453	0.03011	0.01840	0.00970	0.01223	0.00357	0.01645	0.01240	0.00613	0.01462
35	0.03861	0.02452	0.03795	0.02812	0.03713	0.02389	0.16909	0.18419	0.03431	0.26344	0.03089	0.03068	0.02076	0.01172	0.01117	0.00333	0.01240	0.01086	0.01004	0.01687
36	0.01971	0.00985	0.00985	0.00985	0.01232	0.00985	0.00739	0.02464	0.02217	0.03942	0.03449	0.03942	0.02710	0.01232	0.00739	0.00246	0.00493	0.00985	0.68712	0.00985
37	0.02368	0.02243	0.03727	0.27882	0.33350	0.02454	0.03027	0.03168	0.05391	0.03209	0.02083	0.02777	0.01661	0.01018	0.01053	0.00332	0.01293	0.00956	0.00535	0.01473
38	0.02131	0.01673	0.02584	0.35382	0.05081	0.01932	0.02271	0.02864	0.05571	0.07583	0.07079	0.10244	0.03311	0.01602	0.01143	0.00370	0.01137	0.06114	0.00734	0.01194
39	0.16276	0.15334	0.07894	0.02104	0.02960	0.05548	0.05596	0.08747	0.02619	0.10220	0.04960	0.02546	0.02015	0.01080	0.00887	0.00288	0.01103	0.00823	0.00726	0.08273

[dist]
# distance from previous block
# <min> <max>
0	10

# created by:
# /st0/software/busco_prod/Augustus/scripts/msa2prfl.pl ./align_prep/12183.fa
