[name]
unknown

[dist]
# distance from previous block
# <min> <max>
0	115

[block]
# block no. 0 follows, 13 sequences, length 10
# corresponding to MSA columns:
# 115-124
name=unknown_A
#
# <colnr> <probs for GDERKNQSTAVLIFYWHMCP>
#	G	D	E	R	K	N	Q	S	T	A	V	L	I	F	Y	W	H	M	C	P
0	0.01411	0.01111	0.01504	0.09784	0.02376	0.01104	0.01274	0.01709	0.02150	0.02767	0.06305	0.38822	0.16682	0.02826	0.01294	0.00407	0.00736	0.05910	0.00908	0.00919
1	0.12396	0.02192	0.02830	0.12843	0.06755	0.02409	0.05740	0.10173	0.16133	0.08793	0.03369	0.03484	0.05774	0.01286	0.01032	0.00342	0.01060	0.01079	0.00845	0.01463
2	0.01774	0.01067	0.01379	0.01472	0.01684	0.00963	0.01037	0.02002	0.02223	0.10439	0.06299	0.46304	0.13438	0.02936	0.01294	0.00404	0.00643	0.02618	0.01028	0.00997
3	0.01865	0.02372	0.14103	0.09234	0.03176	0.01855	0.02057	0.02789	0.09043	0.03437	0.16410	0.12901	0.07681	0.01846	0.01348	0.00365	0.05942	0.01544	0.00815	0.01218
4	0.01749	0.01093	0.01354	0.01328	0.01519	0.01045	0.00948	0.02067	0.02348	0.06294	0.23192	0.10918	0.06321	0.20678	0.02465	0.00553	0.00729	0.05653	0.08826	0.00921
5	0.01956	0.01738	0.02337	0.02007	0.02510	0.01774	0.08492	0.03303	0.20858	0.03681	0.13561	0.10920	0.18551	0.01959	0.01196	0.00360	0.00820	0.01742	0.00979	0.01258
6	0.03077	0.06364	0.17306	0.06959	0.08610	0.02429	0.09677	0.07651	0.06478	0.16870	0.02702	0.02851	0.01901	0.01108	0.01053	0.00330	0.01286	0.00974	0.00773	0.01600
7	0.70310	0.02045	0.01554	0.01390	0.02045	0.02372	0.01145	0.03108	0.01799	0.04744	0.01472	0.01718	0.01145	0.00981	0.00654	0.00327	0.00818	0.00573	0.00654	0.01145
8	0.02183	0.02341	0.09297	0.01752	0.02772	0.01544	0.01595	0.02751	0.02198	0.03433	0.01882	0.02198	0.01537	0.00812	0.00812	0.00180	0.00883	0.00646	0.00603	0.60583
9	0.02865	0.01937	0.02526	0.02031	0.02621	0.01985	0.07753	0.14174	0.09627	0.11545	0.03739	0.04102	0.05852	0.06703	0.01398	0.00376	0.00951	0.01175	0.17258	0.01382

[dist]
# distance from previous block
# <min> <max>
0	1

[block]
# block no. 1 follows, 13 sequences, length 8
# corresponding to MSA columns:
# 126-133
name=unknown_B
#
# <colnr> <probs for GDERKNQSTAVLIFYWHMCP>
#	G	D	E	R	K	N	Q	S	T	A	V	L	I	F	Y	W	H	M	C	P
0	0.03235	0.03010	0.15454	0.02510	0.06830	0.07079	0.02217	0.04227	0.10687	0.22232	0.03911	0.03750	0.07420	0.01344	0.01058	0.00331	0.01127	0.01088	0.00913	0.01575
1	0.70310	0.02045	0.01554	0.01390	0.02045	0.02372	0.01145	0.03108	0.01799	0.04744	0.01472	0.01718	0.01145	0.00981	0.00654	0.00327	0.00818	0.00573	0.00654	0.01145
2	0.02308	0.02463	0.08441	0.06692	0.10927	0.02306	0.09421	0.03905	0.22959	0.03653	0.03520	0.12550	0.03072	0.01518	0.01132	0.00361	0.01104	0.01397	0.00806	0.01467
3	0.02365	0.03331	0.19209	0.10823	0.08489	0.08441	0.06080	0.03429	0.09102	0.03349	0.02973	0.03300	0.05605	0.01203	0.01027	0.00326	0.01298	0.01014	0.07251	0.01383
4	0.01417	0.00987	0.01248	0.01364	0.01414	0.00979	0.00877	0.01546	0.01785	0.02401	0.04454	0.32676	0.05197	0.28677	0.09372	0.00819	0.01031	0.02186	0.00793	0.00777
5	0.02935	0.16045	0.14464	0.02337	0.03261	0.02723	0.05555	0.09348	0.12230	0.11596	0.06760	0.03136	0.02601	0.01216	0.00997	0.00314	0.01130	0.00988	0.00816	0.01547
6	0.02891	0.02413	0.02783	0.02981	0.13738	0.09951	0.01949	0.06894	0.06531	0.10902	0.06929	0.10082	0.03108	0.01513	0.01286	0.00329	0.06465	0.01230	0.00819	0.07206
7	0.02900	0.06886	0.03284	0.17341	0.07883	0.07316	0.05922	0.03649	0.06874	0.12870	0.02475	0.02773	0.01834	0.01060	0.00990	0.00297	0.01205	0.00904	0.00714	0.12823

[dist]
# distance from previous block
# <min> <max>
0	5

[block]
# block no. 2 follows, 13 sequences, length 10
# corresponding to MSA columns:
# 139-148
name=unknown_C
#
# <colnr> <probs for GDERKNQSTAVLIFYWHMCP>
#	G	D	E	R	K	N	Q	S	T	A	V	L	I	F	Y	W	H	M	C	P
0	0.23188	0.07586	0.02856	0.02050	0.02793	0.02321	0.07062	0.07755	0.06221	0.19606	0.02898	0.06535	0.02221	0.01266	0.00948	0.00329	0.00991	0.01021	0.00897	0.01456
1	0.08561	0.06378	0.02835	0.02370	0.07921	0.02018	0.07059	0.03250	0.08545	0.07637	0.02659	0.03387	0.02237	0.10284	0.01585	0.00389	0.01000	0.00983	0.05607	0.15293
2	0.02458	0.01922	0.06769	0.01680	0.02237	0.01639	0.01430	0.10020	0.06113	0.08829	0.07175	0.10057	0.03431	0.05915	0.01300	0.00352	0.00825	0.01269	0.18532	0.08048
3	0.01856	0.01927	0.08231	0.02103	0.02481	0.01667	0.06169	0.06560	0.02275	0.03121	0.04124	0.34470	0.04606	0.07244	0.01808	0.00453	0.06918	0.02093	0.00810	0.01084
4	0.02898	0.02163	0.03169	0.11598	0.15877	0.02249	0.05818	0.07334	0.13132	0.13843	0.03694	0.03797	0.07046	0.01304	0.01091	0.00338	0.01093	0.01156	0.00856	0.01545
5	0.01364	0.01051	0.01246	0.01250	0.01511	0.00933	0.00917	0.01719	0.02602	0.03435	0.29570	0.17639	0.27840	0.02555	0.01265	0.00358	0.00532	0.02218	0.01061	0.00933
6	0.70310	0.02045	0.01554	0.01390	0.02045	0.02372	0.01145	0.03108	0.01799	0.04744	0.01472	0.01718	0.01145	0.00981	0.00654	0.00327	0.00818	0.00573	0.00654	0.01145
7	0.01997	0.01879	0.03171	0.60301	0.07282	0.02349	0.02936	0.02701	0.02114	0.02701	0.01879	0.02819	0.01409	0.01057	0.01057	0.00352	0.01409	0.00940	0.00470	0.01175
8	0.02410	0.02218	0.02130	0.01942	0.02440	0.08290	0.01492	0.04329	0.33210	0.04028	0.14954	0.05134	0.09619	0.01666	0.01114	0.00344	0.00857	0.01386	0.01026	0.01411
9	0.02817	0.02188	0.03501	0.20591	0.28736	0.02306	0.02736	0.03613	0.06511	0.12743	0.02524	0.02951	0.01887	0.01078	0.01055	0.00331	0.01204	0.00983	0.00690	0.01555

[dist]
# distance from previous block
# <min> <max>
0	2

[block]
# block no. 3 follows, 13 sequences, length 22
# corresponding to MSA columns:
# 151-172
name=unknown_D
#
# <colnr> <probs for GDERKNQSTAVLIFYWHMCP>
#	G	D	E	R	K	N	Q	S	T	A	V	L	I	F	Y	W	H	M	C	P
0	0.15422	0.02845	0.03146	0.03701	0.22599	0.12376	0.02233	0.10185	0.02770	0.07168	0.02029	0.02344	0.01588	0.01030	0.00942	0.00298	0.01222	0.00814	0.00678	0.06609
1	0.03874	0.02802	0.03083	0.06791	0.03521	0.12564	0.05937	0.16519	0.07268	0.22264	0.02980	0.02936	0.02060	0.01216	0.01057	0.00321	0.01252	0.00982	0.00965	0.01609
2	0.02577	0.02048	0.03165	0.03325	0.16472	0.02035	0.09245	0.03658	0.13499	0.10856	0.12987	0.04599	0.07916	0.01441	0.01136	0.00338	0.01006	0.01331	0.00895	0.01473
3	0.01452	0.00989	0.01291	0.01410	0.01519	0.00953	0.00980	0.01548	0.01912	0.02507	0.05301	0.30160	0.12438	0.10252	0.06867	0.12767	0.00902	0.05153	0.00817	0.00783
4	0.02067	0.01550	0.02211	0.01910	0.02249	0.01682	0.05195	0.02446	0.02229	0.08972	0.09897	0.05520	0.16694	0.03123	0.12951	0.00631	0.13519	0.01442	0.04598	0.01113
5	0.01678	0.01441	0.02013	0.02597	0.15598	0.01346	0.01537	0.02088	0.02488	0.03269	0.15936	0.11857	0.26727	0.02202	0.01218	0.00355	0.00748	0.04892	0.00897	0.01115
6	0.19969	0.02330	0.03381	0.04695	0.37026	0.02368	0.02509	0.03152	0.02230	0.03785	0.01845	0.02344	0.01528	0.00937	0.00920	0.00302	0.01097	0.00816	0.00567	0.08199
7	0.02805	0.56668	0.05190	0.01847	0.02718	0.04011	0.01794	0.03439	0.07955	0.02703	0.01785	0.01946	0.01565	0.00964	0.00723	0.00241	0.01098	0.00635	0.00522	0.01392
8	0.08763	0.22577	0.03600	0.01903	0.02795	0.02628	0.04771	0.06184	0.02422	0.09384	0.02018	0.02205	0.01593	0.00935	0.00814	0.00236	0.01002	0.00709	0.00667	0.24795
9	0.04009	0.02684	0.08028	0.02195	0.03042	0.06398	0.01923	0.13852	0.10132	0.31220	0.03469	0.03185	0.02325	0.01272	0.01050	0.00326	0.01082	0.01004	0.01088	0.01716
10	0.01424	0.01063	0.01324	0.01290	0.01543	0.00962	0.00956	0.01844	0.02776	0.03800	0.41400	0.13716	0.19240	0.02383	0.01258	0.00347	0.00518	0.02086	0.01108	0.00962
11	0.04019	0.02962	0.03173	0.02433	0.03279	0.03279	0.02010	0.52721	0.04971	0.06663	0.02538	0.02538	0.01798	0.01269	0.01058	0.00317	0.01163	0.00952	0.01058	0.01798
12	0.02455	0.04334	0.34609	0.03421	0.04742	0.02619	0.19562	0.08855	0.02623	0.03730	0.02048	0.02469	0.01477	0.00997	0.01090	0.00340	0.01590	0.00953	0.00543	0.01544
13	0.02969	0.02357	0.03855	0.14125	0.31358	0.02410	0.06331	0.07789	0.02688	0.12167	0.02379	0.02817	0.01788	0.01045	0.01066	0.00326	0.01254	0.00984	0.00688	0.01605
14	0.02313	0.02313	0.03238	0.02776	0.02776	0.03238	0.02313	0.02545	0.01619	0.02545	0.01388	0.02313	0.01388	0.01851	0.03470	0.00463	0.60907	0.00925	0.00463	0.01157
15	0.04744	0.01799	0.02454	0.01881	0.02699	0.01554	0.01554	0.05153	0.03026	0.56979	0.04171	0.03599	0.02617	0.01309	0.01063	0.00327	0.00900	0.01063	0.01309	0.01799
16	0.02441	0.04027	0.30622	0.03048	0.04188	0.02645	0.11671	0.07650	0.11675	0.03754	0.02381	0.02673	0.01760	0.01141	0.01237	0.00350	0.05605	0.00959	0.00623	0.01549
17	0.01393	0.01021	0.01179	0.01229	0.01448	0.00922	0.00872	0.01683	0.02338	0.03120	0.17054	0.22945	0.25078	0.07165	0.01544	0.00413	0.00583	0.02216	0.06904	0.00893
18	0.02806	0.02132	0.07245	0.10509	0.03261	0.01940	0.01854	0.11351	0.07074	0.15292	0.12826	0.07507	0.03917	0.05835	0.01410	0.00388	0.00991	0.01309	0.00957	0.01396
19	0.01810	0.00928	0.01357	0.01357	0.01357	0.00928	0.00893	0.01392	0.01392	0.01856	0.01971	0.03546	0.02017	0.08979	0.04244	0.63121	0.00928	0.00974	0.00475	0.00475
20	0.06680	0.14612	0.06684	0.05969	0.03317	0.19791	0.05602	0.03544	0.06309	0.03052	0.01997	0.02372	0.01629	0.01141	0.01154	0.00304	0.07248	0.00805	0.06505	0.01283
21	0.30675	0.15467	0.11302	0.02020	0.02920	0.02657	0.05432	0.03498	0.02181	0.12188	0.02009	0.02168	0.01484	0.01014	0.00819	0.00309	0.01078	0.00728	0.00675	0.01376

[dist]
# distance from previous block
# <min> <max>
0	6

[block]
# block no. 4 follows, 13 sequences, length 22
# corresponding to MSA columns:
# 179-200
name=unknown_E
#
# <colnr> <probs for GDERKNQSTAVLIFYWHMCP>
#	G	D	E	R	K	N	Q	S	T	A	V	L	I	F	Y	W	H	M	C	P
0	0.27606	0.02974	0.11214	0.02617	0.09793	0.07208	0.02074	0.11782	0.02622	0.04334	0.02171	0.07128	0.01866	0.01234	0.00915	0.00329	0.01130	0.00933	0.00692	0.01378
1	0.03146	0.02446	0.03287	0.12226	0.03947	0.06632	0.08750	0.08091	0.11194	0.15552	0.02788	0.03015	0.02031	0.01296	0.01452	0.00356	0.10458	0.01030	0.00820	0.01483
2	0.01837	0.00918	0.01377	0.01377	0.01377	0.00918	0.00918	0.01377	0.01377	0.01837	0.01837	0.03214	0.01837	0.03673	0.04132	0.69238	0.00918	0.00918	0.00459	0.00459
3	0.02472	0.02750	0.11791	0.06482	0.03377	0.05703	0.06187	0.03854	0.19090	0.06511	0.06898	0.03849	0.02952	0.07782	0.01682	0.00421	0.04877	0.01146	0.00787	0.01389
4	0.01321	0.01003	0.01217	0.01312	0.01509	0.00900	0.00927	0.01599	0.02357	0.03081	0.18134	0.33695	0.23399	0.02860	0.01295	0.00385	0.00564	0.02520	0.01021	0.00900
5	0.02138	0.01825	0.02593	0.30987	0.04753	0.02121	0.02157	0.07272	0.10656	0.03709	0.16319	0.04291	0.03954	0.01421	0.01109	0.00345	0.01063	0.01233	0.00795	0.01259
6	0.02827	0.63478	0.05540	0.01809	0.02714	0.04184	0.01809	0.03166	0.02148	0.02488	0.01470	0.01696	0.01357	0.00905	0.00678	0.00226	0.01131	0.00565	0.00452	0.01357
7	0.01767	0.01184	0.01478	0.01488	0.01749	0.01127	0.01081	0.02331	0.07306	0.07991	0.20437	0.30591	0.12245	0.02567	0.01259	0.00378	0.00618	0.02273	0.01071	0.01059
8	0.63941	0.01946	0.01501	0.01353	0.01969	0.02243	0.01107	0.03048	0.01838	0.04669	0.01656	0.01925	0.01291	0.01005	0.00662	0.00320	0.00788	0.00611	0.06997	0.01130
9	0.04019	0.02962	0.03173	0.02433	0.03279	0.03279	0.02010	0.52721	0.04971	0.06663	0.02538	0.02538	0.01798	0.01269	0.01058	0.00317	0.01163	0.00952	0.01058	0.01798
10	0.03905	0.02905	0.03109	0.02410	0.03235	0.03226	0.01982	0.48863	0.09014	0.06480	0.02683	0.02654	0.01915	0.01283	0.01059	0.00321	0.01137	0.00972	0.01059	0.01788
11	0.03950	0.05039	0.02996	0.02724	0.03269	0.58597	0.02043	0.04222	0.02996	0.02588	0.01634	0.01907	0.01362	0.01090	0.00953	0.00272	0.01907	0.00681	0.00545	0.01226
12	0.70310	0.02045	0.01554	0.01390	0.02045	0.02372	0.01145	0.03108	0.01799	0.04744	0.01472	0.01718	0.01145	0.00981	0.00654	0.00327	0.00818	0.00573	0.00654	0.01145
13	0.02746	0.02329	0.02456	0.02175	0.02794	0.02684	0.01702	0.09555	0.50210	0.04610	0.04156	0.03827	0.03108	0.01421	0.01074	0.00355	0.00864	0.01175	0.01074	0.01684
14	0.02525	0.02534	0.12017	0.12688	0.03977	0.02144	0.07517	0.07088	0.09358	0.09921	0.07264	0.04038	0.02923	0.01915	0.06001	0.00466	0.01340	0.04089	0.00790	0.01404
15	0.01416	0.01038	0.01329	0.01340	0.01552	0.00950	0.00973	0.01809	0.02680	0.03694	0.37993	0.22260	0.14006	0.02515	0.01274	0.00360	0.00533	0.02230	0.01097	0.00950
16	0.03666	0.19781	0.03638	0.02493	0.03129	0.44870	0.01984	0.03956	0.02782	0.02562	0.01593	0.01854	0.01361	0.01043	0.00884	0.00261	0.01711	0.00652	0.00521	0.01259
17	0.59817	0.11597	0.02174	0.01456	0.02149	0.02654	0.01248	0.03117	0.01854	0.04393	0.01472	0.01714	0.01178	0.00970	0.00658	0.00311	0.00867	0.00571	0.00623	0.01178
18	0.02911	0.02455	0.07265	0.09825	0.15507	0.07809	0.02269	0.03476	0.02662	0.16161	0.11070	0.04278	0.03426	0.01399	0.01100	0.00335	0.01143	0.04642	0.00834	0.01433
19	0.02973	0.16699	0.15593	0.03243	0.15905	0.02737	0.02551	0.08664	0.02652	0.11134	0.02212	0.02427	0.01669	0.01022	0.00939	0.00289	0.01200	0.00818	0.00666	0.06607
20	0.01727	0.01172	0.01664	0.02019	0.07369	0.01101	0.01267	0.02002	0.02229	0.07326	0.09580	0.46479	0.06336	0.02802	0.01286	0.00401	0.00694	0.02537	0.00976	0.01033
21	0.02523	0.08346	0.21668	0.03002	0.08552	0.02227	0.10424	0.03281	0.02437	0.10975	0.07021	0.09259	0.02892	0.01352	0.01083	0.00336	0.01251	0.01217	0.00706	0.01448

[dist]
# distance from previous block
# <min> <max>
0	2

[block]
# block no. 5 follows, 13 sequences, length 32
# corresponding to MSA columns:
# 203-234
name=unknown_F
#
# <colnr> <probs for GDERKNQSTAVLIFYWHMCP>
#	G	D	E	R	K	N	Q	S	T	A	V	L	I	F	Y	W	H	M	C	P
0	0.07354	0.08582	0.18569	0.02575	0.03547	0.02357	0.10373	0.02997	0.02195	0.03322	0.02157	0.03124	0.01855	0.01168	0.01178	0.00312	0.06043	0.05196	0.00566	0.16528
1	0.43546	0.02125	0.01779	0.01606	0.02156	0.06615	0.01278	0.06882	0.02263	0.04366	0.06874	0.06123	0.02489	0.01847	0.05727	0.00445	0.01062	0.00924	0.00736	0.01157
2	0.02558	0.17389	0.25821	0.07455	0.04017	0.02640	0.07161	0.03342	0.02335	0.09508	0.02719	0.02943	0.05393	0.01131	0.00981	0.00314	0.01318	0.00924	0.00599	0.01452
3	0.11937	0.01620	0.02034	0.06800	0.02611	0.01540	0.01379	0.03217	0.02313	0.20469	0.07205	0.03544	0.02719	0.05185	0.01671	0.10229	0.00890	0.00992	0.00857	0.12787
4	0.02218	0.01546	0.02156	0.06592	0.02545	0.01784	0.01635	0.02600	0.02224	0.10394	0.10708	0.12220	0.04133	0.02535	0.06877	0.00508	0.16318	0.05725	0.06145	0.01136
5	0.03057	0.02042	0.06782	0.05978	0.02954	0.01641	0.01694	0.03777	0.06550	0.23867	0.11778	0.03842	0.03442	0.01295	0.01025	0.00294	0.00893	0.01081	0.00981	0.17027
6	0.01288	0.00920	0.01227	0.01472	0.01534	0.00859	0.00981	0.01472	0.02024	0.02699	0.05828	0.62152	0.06993	0.03312	0.01350	0.00429	0.00613	0.03006	0.00981	0.00859
7	0.02674	0.02432	0.03917	0.21769	0.27618	0.02616	0.07100	0.12056	0.02791	0.03803	0.02068	0.02683	0.01611	0.01032	0.01069	0.00330	0.01330	0.00969	0.00605	0.01526
8	0.03230	0.48761	0.04834	0.01893	0.02755	0.08013	0.01785	0.03575	0.02359	0.11455	0.01927	0.02025	0.01564	0.00985	0.00763	0.00246	0.01153	0.00656	0.00600	0.01419
9	0.58124	0.02425	0.07005	0.01810	0.02583	0.02406	0.05957	0.03155	0.01900	0.04497	0.01570	0.01865	0.01203	0.00976	0.00739	0.00330	0.00971	0.00651	0.00625	0.01208
10	0.03123	0.35931	0.13301	0.02146	0.03140	0.03490	0.02176	0.13956	0.02838	0.08000	0.01991	0.02121	0.01552	0.01032	0.00845	0.00272	0.01190	0.00724	0.00651	0.01521
11	0.01994	0.01826	0.06901	0.01799	0.02208	0.01651	0.01547	0.02652	0.06675	0.07917	0.23377	0.09350	0.13790	0.02027	0.01568	0.00365	0.10600	0.01635	0.00948	0.01170
12	0.01340	0.01053	0.01212	0.01218	0.01496	0.00924	0.00896	0.01676	0.02556	0.03312	0.25553	0.16845	0.32972	0.02590	0.01263	0.00359	0.00534	0.02232	0.01045	0.00924
13	0.07691	0.01963	0.03053	0.11673	0.17927	0.02041	0.06639	0.03140	0.06722	0.07633	0.03263	0.13267	0.03055	0.01590	0.01126	0.00363	0.01097	0.05651	0.00751	0.01354
14	0.01420	0.00996	0.01197	0.01278	0.01352	0.00952	0.00810	0.01553	0.01916	0.02548	0.09553	0.27338	0.09717	0.30906	0.03212	0.00692	0.00789	0.02161	0.00839	0.00772
15	0.70310	0.02045	0.01554	0.01390	0.02045	0.02372	0.01145	0.03108	0.01799	0.04744	0.01472	0.01718	0.01145	0.00981	0.00654	0.00327	0.00818	0.00573	0.00654	0.01145
16	0.02819	0.12104	0.02933	0.02073	0.02734	0.07201	0.01676	0.11693	0.25013	0.04069	0.03294	0.08349	0.02758	0.01411	0.00999	0.00313	0.00994	0.01131	0.00883	0.07552
17	0.02647	0.22091	0.19767	0.02500	0.03458	0.02983	0.06485	0.07262	0.02401	0.06495	0.02019	0.02407	0.01605	0.01707	0.06384	0.00436	0.06525	0.00828	0.00571	0.01431
18	0.02855	0.02383	0.02517	0.02197	0.02835	0.02735	0.01728	0.13246	0.46342	0.04786	0.04018	0.03717	0.02996	0.01408	0.01073	0.00352	0.00890	0.01156	0.01073	0.01694
19	0.01980	0.02041	0.06663	0.02423	0.07447	0.01843	0.06160	0.03222	0.18117	0.03443	0.05583	0.16253	0.16482	0.01973	0.01178	0.00366	0.00899	0.01746	0.00887	0.01295
20	0.08624	0.01356	0.01666	0.01527	0.01959	0.01261	0.01195	0.02856	0.02612	0.18700	0.17875	0.15438	0.12749	0.02130	0.01175	0.00362	0.00703	0.05526	0.01089	0.01199
21	0.02647	0.02174	0.03103	0.17745	0.08947	0.02397	0.06625	0.08013	0.19589	0.08084	0.06974	0.03590	0.02813	0.01275	0.01094	0.00345	0.01113	0.01134	0.00844	0.01492
22	0.02075	0.01182	0.01521	0.01372	0.01711	0.01084	0.01051	0.02559	0.02895	0.12567	0.40542	0.06688	0.07839	0.01902	0.01150	0.00320	0.00562	0.01654	0.10204	0.01123
23	0.02362	0.03760	0.31001	0.20296	0.05069	0.02359	0.03200	0.03517	0.06966	0.08022	0.02311	0.02687	0.01645	0.01086	0.01032	0.00342	0.01391	0.00892	0.00587	0.01475
24	0.01400	0.01113	0.01269	0.01319	0.01583	0.01027	0.00954	0.01877	0.06261	0.03116	0.14915	0.26352	0.29538	0.02720	0.01269	0.00377	0.00578	0.02362	0.01014	0.00955
25	0.02325	0.06714	0.21904	0.11502	0.04118	0.02248	0.07129	0.06923	0.02541	0.06718	0.06180	0.08046	0.06308	0.01404	0.01082	0.00340	0.01251	0.01210	0.00682	0.01375
26	0.09259	0.10974	0.07872	0.02471	0.07811	0.02217	0.05881	0.03650	0.02434	0.18629	0.02468	0.02573	0.01791	0.01009	0.00916	0.00276	0.01057	0.00828	0.00766	0.17118
27	0.06889	0.01925	0.03049	0.17139	0.04140	0.01907	0.10015	0.03516	0.02556	0.20190	0.09080	0.03558	0.02847	0.01213	0.01064	0.00324	0.01110	0.01095	0.00851	0.07533
28	0.03200	0.06925	0.07043	0.01976	0.02760	0.02207	0.01725	0.14933	0.07473	0.17026	0.07283	0.03529	0.02832	0.05621	0.01313	0.00347	0.00985	0.01032	0.00945	0.10847
29	0.07624	0.06837	0.06463	0.06013	0.02721	0.02138	0.01703	0.08639	0.06834	0.03743	0.11502	0.13792	0.08713	0.01845	0.01301	0.00355	0.06225	0.01492	0.00835	0.01226
30	0.02822	0.16059	0.19454	0.12074	0.08910	0.07903	0.02746	0.07478	0.02570	0.07547	0.02024	0.02354	0.01526	0.01040	0.00954	0.00306	0.01367	0.00804	0.00586	0.01476
31	0.08142	0.13666	0.17732	0.02525	0.03481	0.07354	0.05480	0.13133	0.02826	0.08616	0.02080	0.02303	0.01553	0.01125	0.01125	0.00317	0.05550	0.00819	0.00674	0.01500

[dist]
# distance from previous block
# <min> <max>
0	2

[block]
# block no. 6 follows, 13 sequences, length 11
# corresponding to MSA columns:
# 237-247
name=unknown_G
#
# <colnr> <probs for GDERKNQSTAVLIFYWHMCP>
#	G	D	E	R	K	N	Q	S	T	A	V	L	I	F	Y	W	H	M	C	P
0	0.14571	0.02029	0.08475	0.01931	0.02520	0.01671	0.05487	0.02637	0.04875	0.03720	0.13818	0.14906	0.04643	0.01823	0.01096	0.00351	0.00893	0.06262	0.00831	0.07463
1	0.03057	0.02960	0.08957	0.02269	0.03019	0.09046	0.01965	0.12637	0.25848	0.09218	0.03835	0.03659	0.06017	0.01388	0.01061	0.00336	0.01087	0.01104	0.00952	0.01588
2	0.01796	0.01868	0.08395	0.02226	0.08438	0.01498	0.01668	0.02618	0.07909	0.03925	0.33518	0.11023	0.07050	0.01912	0.01187	0.00342	0.00756	0.01691	0.00980	0.01199
3	0.12395	0.03982	0.32592	0.03394	0.14871	0.02365	0.03130	0.03473	0.02286	0.08963	0.02083	0.02376	0.01510	0.01019	0.00968	0.00329	0.01323	0.00813	0.00579	0.01549
4	0.02410	0.03147	0.13614	0.03230	0.04051	0.08867	0.23507	0.03071	0.02399	0.03184	0.08234	0.03215	0.02515	0.01404	0.01599	0.06449	0.06128	0.01123	0.00582	0.01270
5	0.10129	0.01759	0.05673	0.01940	0.05300	0.01565	0.01451	0.02539	0.02022	0.09285	0.03288	0.16068	0.03318	0.14895	0.06536	0.00591	0.04022	0.01444	0.00756	0.07420
6	0.09974	0.08841	0.05807	0.01642	0.02105	0.01650	0.01404	0.02456	0.02289	0.08207	0.10065	0.24150	0.08886	0.02206	0.01130	0.00367	0.00804	0.06010	0.00893	0.01114
7	0.02474	0.21057	0.09424	0.13316	0.08838	0.02885	0.06212	0.06871	0.05513	0.03229	0.02404	0.08784	0.02160	0.01261	0.00983	0.00315	0.01217	0.01071	0.00608	0.01378
8	0.03677	0.09770	0.11684	0.02072	0.02968	0.02283	0.01970	0.13519	0.03088	0.26896	0.03100	0.02985	0.02114	0.01197	0.00975	0.00307	0.01044	0.00930	0.07794	0.01627
9	0.06672	0.07476	0.32640	0.09371	0.04149	0.02464	0.03057	0.03020	0.02121	0.03189	0.02121	0.03068	0.01761	0.01538	0.03831	0.00415	0.06738	0.04491	0.00511	0.01368
10	0.10559	0.02071	0.02096	0.14416	0.03188	0.10832	0.01593	0.03045	0.02277	0.10482	0.02848	0.07902	0.02492	0.09557	0.01546	0.00412	0.01095	0.01117	0.11332	0.01140

[dist]
# distance from previous block
# <min> <max>
8	149

# created by:
# /st0/software/busco_prod/Augustus/scripts/msa2prfl.pl ./align_prep/12232.fa
