[name]
unknown

[dist]
# distance from previous block
# <min> <max>
0	167

[block]
# block no. 0 follows, 10 sequences, length 47
# corresponding to MSA columns:
# 204-250
name=unknown_A
#
# <colnr> <probs for GDERKNQSTAVLIFYWHMCP>
#	G	D	E	R	K	N	Q	S	T	A	V	L	I	F	Y	W	H	M	C	P
0	0.03002	0.03240	0.03075	0.02707	0.03307	0.20791	0.06975	0.03801	0.08190	0.03378	0.03253	0.05006	0.02995	0.02471	0.07454	0.00540	0.01739	0.09642	0.00771	0.07662
1	0.02438	0.08252	0.08093	0.21670	0.04705	0.02577	0.02395	0.07442	0.07859	0.03580	0.03690	0.04476	0.07832	0.08199	0.01698	0.00456	0.01281	0.01247	0.00734	0.01377
2	0.04010	0.04760	0.03090	0.02800	0.03373	0.42561	0.02106	0.09090	0.03411	0.03357	0.02448	0.08762	0.02276	0.01507	0.01112	0.00325	0.01840	0.01081	0.00718	0.01371
3	0.03559	0.02543	0.03212	0.02618	0.03417	0.02722	0.06927	0.10594	0.29346	0.15454	0.04216	0.03946	0.03026	0.01461	0.01199	0.00381	0.01092	0.01259	0.01171	0.01857
4	0.02037	0.01682	0.02012	0.07238	0.02739	0.01782	0.01503	0.03409	0.17483	0.04266	0.24358	0.07251	0.15401	0.02115	0.01293	0.00382	0.00773	0.01817	0.01135	0.01326
5	0.67341	0.02249	0.01709	0.01529	0.02249	0.02609	0.01260	0.03419	0.01979	0.05218	0.01619	0.01889	0.01260	0.01080	0.00720	0.00360	0.00900	0.00630	0.00720	0.01260
6	0.03084	0.42391	0.05599	0.08731	0.03933	0.08931	0.06610	0.03557	0.02484	0.02871	0.01759	0.02156	0.01526	0.01033	0.00885	0.00284	0.01431	0.00755	0.00518	0.01463
7	0.01979	0.01267	0.01635	0.01498	0.01846	0.01148	0.01139	0.02495	0.03238	0.09328	0.43060	0.08439	0.13780	0.02335	0.01352	0.00368	0.00596	0.02041	0.01278	0.01175
8	0.02412	0.02067	0.02412	0.01723	0.02756	0.01550	0.01378	0.02929	0.02412	0.03790	0.02067	0.02412	0.01723	0.00861	0.00861	0.00172	0.00861	0.00689	0.00689	0.66236
9	0.02394	0.07061	0.02387	0.07345	0.02789	0.01813	0.01569	0.07035	0.02700	0.09086	0.04943	0.35593	0.05357	0.02663	0.01313	0.00417	0.00914	0.02350	0.01017	0.01254
10	0.03105	0.04401	0.32412	0.02801	0.04128	0.02406	0.03224	0.07953	0.03001	0.15149	0.07376	0.03415	0.02736	0.01327	0.01150	0.00364	0.01404	0.01064	0.00840	0.01742
11	0.02020	0.01010	0.01515	0.01515	0.01515	0.01010	0.01010	0.01515	0.01515	0.02020	0.02020	0.03535	0.02020	0.04040	0.04545	0.66162	0.01010	0.01010	0.00505	0.00505
12	0.01661	0.01246	0.01869	0.01869	0.02077	0.01454	0.01454	0.02077	0.01869	0.02700	0.03115	0.04569	0.02908	0.08723	0.54517	0.01869	0.03115	0.01246	0.00623	0.01038
13	0.02430	0.02355	0.04142	0.38353	0.19381	0.02666	0.07649	0.03203	0.02452	0.03263	0.02127	0.03046	0.01648	0.01112	0.01180	0.00377	0.01546	0.01067	0.00539	0.01464
14	0.03176	0.48090	0.10467	0.02240	0.03261	0.10249	0.02251	0.03639	0.02482	0.02844	0.01685	0.01952	0.01491	0.01030	0.00818	0.00267	0.01391	0.00661	0.00509	0.01498
15	0.02126	0.04888	0.41432	0.02933	0.04279	0.02305	0.03572	0.03218	0.02404	0.03522	0.03062	0.15062	0.02875	0.01677	0.01191	0.00392	0.01483	0.01411	0.00624	0.01544
16	0.09825	0.15722	0.22194	0.02589	0.03801	0.03165	0.02789	0.13143	0.03118	0.09834	0.02368	0.02514	0.01717	0.01178	0.01011	0.00338	0.01365	0.00861	0.00762	0.01709
17	0.02545	0.02545	0.03562	0.03053	0.03053	0.03562	0.02545	0.02799	0.01781	0.02799	0.01527	0.02545	0.01527	0.02036	0.03817	0.00509	0.56997	0.01018	0.00509	0.01272
18	0.01611	0.01719	0.07108	0.01552	0.02034	0.01228	0.01364	0.02144	0.02937	0.03932	0.29653	0.09023	0.26470	0.02469	0.01343	0.00377	0.00695	0.02109	0.01111	0.01119
19	0.67341	0.02249	0.01709	0.01529	0.02249	0.02609	0.01260	0.03419	0.01979	0.05218	0.01619	0.01889	0.01260	0.01080	0.00720	0.00360	0.00900	0.00630	0.00720	0.01260
20	0.01661	0.01246	0.01869	0.01869	0.02077	0.01454	0.01454	0.02077	0.01869	0.02700	0.03115	0.04569	0.02908	0.08723	0.54517	0.01869	0.03115	0.01246	0.00623	0.01038
21	0.03623	0.37339	0.04965	0.02372	0.03237	0.20207	0.02092	0.08091	0.02953	0.03209	0.01786	0.02027	0.01541	0.01097	0.00881	0.00274	0.01516	0.00702	0.00593	0.01493
22	0.01804	0.01192	0.01509	0.01510	0.01788	0.01075	0.01101	0.02185	0.02828	0.07636	0.25612	0.25026	0.16707	0.02822	0.01393	0.00405	0.00632	0.02488	0.01190	0.01096
23	0.02910	0.28156	0.22223	0.02442	0.03599	0.03235	0.02704	0.03628	0.02494	0.08830	0.02585	0.07705	0.02236	0.01338	0.00995	0.00326	0.01332	0.01026	0.00659	0.01578
24	0.60068	0.02218	0.01825	0.01593	0.02333	0.02504	0.01312	0.03682	0.02137	0.10774	0.01967	0.02132	0.01449	0.01122	0.00772	0.00360	0.00910	0.00693	0.00804	0.01344
25	0.03126	0.02917	0.03566	0.19605	0.04964	0.12758	0.07626	0.07523	0.02878	0.08119	0.02712	0.08176	0.02312	0.01518	0.01455	0.00385	0.06949	0.01246	0.00739	0.01426
26	0.02592	0.02471	0.04203	0.27813	0.33438	0.02688	0.03427	0.03318	0.02513	0.03452	0.02137	0.02972	0.01720	0.01089	0.01156	0.00363	0.01453	0.01035	0.00551	0.01611
27	0.01396	0.01096	0.01263	0.01398	0.01629	0.00963	0.00981	0.01644	0.02440	0.03056	0.09109	0.34665	0.29653	0.03293	0.01429	0.00432	0.00632	0.02878	0.01080	0.00963
28	0.02897	0.02968	0.12721	0.02697	0.03559	0.02380	0.07498	0.12935	0.07769	0.08464	0.08551	0.09782	0.04050	0.01826	0.01280	0.00397	0.01233	0.06426	0.00985	0.01580
29	0.02687	0.02535	0.04127	0.20524	0.33719	0.02728	0.03271	0.03706	0.08074	0.03690	0.02452	0.03113	0.01959	0.01136	0.01158	0.00363	0.01376	0.01068	0.00630	0.01686
30	0.03224	0.02943	0.04309	0.18863	0.15217	0.08673	0.11656	0.08676	0.03029	0.08472	0.02437	0.02994	0.01820	0.01157	0.01189	0.00363	0.01576	0.01082	0.00712	0.01608
31	0.08976	0.02199	0.03429	0.09136	0.18735	0.02181	0.06592	0.03337	0.02747	0.08414	0.13405	0.04198	0.03891	0.01372	0.01160	0.00348	0.01142	0.01253	0.00830	0.06654
32	0.09730	0.02394	0.08525	0.27389	0.10849	0.02304	0.02715	0.02879	0.02175	0.03214	0.02023	0.02952	0.01637	0.01711	0.01785	0.13605	0.01366	0.00964	0.00542	0.01242
33	0.02956	0.08738	0.09288	0.17200	0.09142	0.07798	0.02632	0.03921	0.07933	0.09171	0.07282	0.03547	0.02830	0.01324	0.01124	0.00354	0.01348	0.01092	0.00778	0.01541
34	0.03109	0.59826	0.06095	0.01990	0.02985	0.04602	0.01990	0.03483	0.02363	0.02736	0.01617	0.01866	0.01493	0.00995	0.00746	0.00249	0.01244	0.00622	0.00498	0.01493
35	0.03719	0.02534	0.03328	0.23405	0.05188	0.02822	0.02504	0.21853	0.03810	0.14895	0.02877	0.03150	0.01996	0.01314	0.01164	0.00366	0.01326	0.01067	0.00968	0.01712
36	0.01408	0.01046	0.01315	0.01531	0.01664	0.00952	0.01040	0.01629	0.02312	0.03004	0.07491	0.48880	0.16482	0.03503	0.01462	0.00456	0.00658	0.03135	0.01080	0.00952
37	0.03048	0.19330	0.25119	0.02971	0.04270	0.03430	0.07328	0.13625	0.03138	0.04259	0.02147	0.02440	0.01620	0.01130	0.01049	0.00335	0.01517	0.00888	0.00654	0.01703
38	0.03235	0.03451	0.08651	0.13878	0.14032	0.13591	0.07154	0.03878	0.02707	0.09047	0.02303	0.02832	0.01762	0.01244	0.01420	0.00368	0.07229	0.01004	0.00657	0.01556
39	0.01527	0.01162	0.01565	0.01759	0.01820	0.01200	0.01222	0.01734	0.02183	0.02952	0.05934	0.52926	0.07091	0.03487	0.01712	0.00476	0.06165	0.03083	0.01024	0.00977
40	0.01405	0.01058	0.01302	0.01497	0.01655	0.00955	0.01025	0.01633	0.02345	0.03017	0.07903	0.45258	0.19838	0.03450	0.01454	0.00450	0.00651	0.03070	0.01080	0.00955
41	0.03736	0.13432	0.03806	0.07967	0.03703	0.09140	0.02244	0.13127	0.03189	0.13548	0.02494	0.02754	0.01879	0.01409	0.01593	0.00362	0.12220	0.00952	0.00837	0.01609
42	0.02722	0.09212	0.03812	0.19377	0.18186	0.08475	0.02718	0.03568	0.07262	0.03354	0.02726	0.08498	0.02441	0.01404	0.01134	0.00359	0.01377	0.01214	0.00664	0.01496
43	0.02823	0.03165	0.02728	0.02386	0.02947	0.21733	0.06082	0.03518	0.07744	0.03435	0.10879	0.05965	0.18091	0.01886	0.01231	0.00354	0.01326	0.01544	0.00883	0.01279
44	0.03109	0.59826	0.06095	0.01990	0.02985	0.04602	0.01990	0.03483	0.02363	0.02736	0.01617	0.01866	0.01493	0.00995	0.00746	0.00249	0.01244	0.00622	0.00498	0.01493
45	0.03650	0.27275	0.04601	0.07498	0.03761	0.03934	0.02214	0.24714	0.03844	0.04955	0.02222	0.02426	0.01730	0.01203	0.00985	0.00310	0.01290	0.00864	0.00818	0.01705
46	0.10143	0.02153	0.02865	0.19556	0.08944	0.02354	0.02241	0.10669	0.02853	0.04155	0.03015	0.13791	0.02856	0.01644	0.01144	0.00369	0.01168	0.01406	0.00788	0.07885

[dist]
# distance from previous block
# <min> <max>
0	1

[block]
# block no. 1 follows, 10 sequences, length 19
# corresponding to MSA columns:
# 262-280
name=unknown_B
#
# <colnr> <probs for GDERKNQSTAVLIFYWHMCP>
#	G	D	E	R	K	N	Q	S	T	A	V	L	I	F	Y	W	H	M	C	P
0	0.03634	0.11878	0.04360	0.04254	0.21736	0.03443	0.02689	0.24288	0.03920	0.05282	0.02381	0.02681	0.01851	0.01198	0.01094	0.00332	0.01313	0.00977	0.00838	0.01851
1	0.03785	0.02763	0.10015	0.02377	0.03250	0.02335	0.02169	0.16618	0.03487	0.21606	0.03389	0.03546	0.02426	0.02997	0.13012	0.00693	0.01650	0.01107	0.01043	0.01732
2	0.01830	0.01038	0.01495	0.01597	0.01639	0.01018	0.01101	0.01619	0.01821	0.02420	0.03657	0.20545	0.04081	0.03855	0.03400	0.41361	0.00916	0.05204	0.00721	0.00681
3	0.02196	0.02067	0.03488	0.56331	0.08010	0.02584	0.03230	0.02972	0.02326	0.02972	0.02067	0.03101	0.01550	0.01163	0.01163	0.00388	0.01550	0.01034	0.00517	0.01292
4	0.02974	0.03001	0.03937	0.10150	0.14955	0.09523	0.09568	0.04650	0.20504	0.03971	0.03110	0.03395	0.02397	0.01268	0.01186	0.00370	0.01410	0.01156	0.00803	0.01671
5	0.01486	0.01135	0.01365	0.01408	0.01665	0.01014	0.01018	0.01848	0.02765	0.03651	0.24724	0.23688	0.24154	0.02936	0.01405	0.00405	0.00599	0.02568	0.01153	0.01014
6	0.02340	0.01703	0.02083	0.01870	0.02218	0.01852	0.01417	0.13236	0.02931	0.04039	0.10653	0.05452	0.04230	0.17143	0.22400	0.01099	0.01825	0.01430	0.00876	0.01203
7	0.03109	0.59826	0.06095	0.01990	0.02985	0.04602	0.01990	0.03483	0.02363	0.02736	0.01617	0.01866	0.01493	0.00995	0.00746	0.00249	0.01244	0.00622	0.00498	0.01493
8	0.11122	0.04238	0.29018	0.03407	0.11544	0.02491	0.03257	0.03800	0.02522	0.09583	0.02331	0.02619	0.01686	0.01110	0.01050	0.00347	0.01407	0.00880	0.00660	0.06928
9	0.02062	0.01762	0.02820	0.03799	0.20798	0.01824	0.02162	0.02529	0.02251	0.03181	0.03570	0.17084	0.03675	0.04576	0.21385	0.00952	0.01863	0.01671	0.00717	0.01319
10	0.11694	0.03798	0.07332	0.02503	0.03185	0.22089	0.02071	0.09145	0.09112	0.04030	0.03012	0.11233	0.02749	0.01627	0.01110	0.00359	0.01439	0.01249	0.00820	0.01445
11	0.37143	0.29319	0.03771	0.01746	0.02595	0.03546	0.01603	0.03449	0.02160	0.04051	0.01618	0.01878	0.01369	0.01040	0.00732	0.00308	0.01061	0.00626	0.00615	0.01369
12	0.10229	0.03855	0.22177	0.15230	0.11221	0.02814	0.03290	0.10379	0.02866	0.04286	0.02151	0.02640	0.01592	0.01151	0.01088	0.00366	0.01475	0.00923	0.00639	0.01628
13	0.12649	0.16876	0.29010	0.02715	0.03920	0.03205	0.03113	0.03495	0.02283	0.03611	0.01846	0.02248	0.01450	0.01185	0.01280	0.00357	0.07890	0.00790	0.00530	0.01546
14	0.01443	0.01151	0.01242	0.01270	0.01561	0.01005	0.00903	0.01708	0.02524	0.03128	0.13234	0.16647	0.36392	0.10218	0.01973	0.00495	0.00666	0.02438	0.01048	0.00951
15	0.02439	0.02354	0.06919	0.03306	0.14672	0.02178	0.02227	0.07436	0.09634	0.04342	0.16671	0.04955	0.04825	0.02729	0.09524	0.00598	0.01368	0.01398	0.00917	0.01508
16	0.01447	0.01035	0.01376	0.01599	0.01693	0.00964	0.01082	0.01694	0.02365	0.03189	0.12226	0.51925	0.08118	0.03480	0.01470	0.00459	0.00658	0.03150	0.01106	0.00964
17	0.04281	0.03188	0.03412	0.02648	0.03553	0.03541	0.02177	0.44165	0.09524	0.07104	0.02970	0.02934	0.02122	0.01413	0.01165	0.00353	0.01247	0.01072	0.01165	0.01965
18	0.03100	0.02561	0.04455	0.15116	0.30293	0.02589	0.08888	0.03806	0.02707	0.11247	0.02561	0.03121	0.01940	0.01115	0.01185	0.00361	0.01426	0.01100	0.00701	0.01727

[dist]
# distance from previous block
# <min> <max>
0	2

[block]
# block no. 2 follows, 10 sequences, length 18
# corresponding to MSA columns:
# 283-300
name=unknown_C
#
# <colnr> <probs for GDERKNQSTAVLIFYWHMCP>
#	G	D	E	R	K	N	Q	S	T	A	V	L	I	F	Y	W	H	M	C	P
0	0.03497	0.04646	0.24354	0.03095	0.04315	0.11404	0.06355	0.14603	0.03425	0.09575	0.02490	0.02684	0.01767	0.01216	0.01136	0.00353	0.01618	0.00956	0.00776	0.01736
1	0.02851	0.18051	0.29316	0.02877	0.04125	0.03379	0.03253	0.10131	0.02811	0.03907	0.02021	0.02375	0.01559	0.01220	0.01314	0.00352	0.07361	0.00847	0.00594	0.01656
2	0.01548	0.01139	0.01461	0.01560	0.01774	0.01052	0.01152	0.01930	0.02729	0.03671	0.23472	0.28076	0.15120	0.03031	0.01442	0.00430	0.00663	0.07576	0.01152	0.01021
3	0.02594	0.03337	0.19383	0.09670	0.12096	0.02303	0.02937	0.06825	0.02873	0.07480	0.09884	0.08826	0.03641	0.01568	0.01203	0.00374	0.01289	0.01354	0.00798	0.01566
4	0.01586	0.01119	0.01477	0.01702	0.01812	0.01081	0.01231	0.01844	0.02259	0.02988	0.05887	0.37778	0.06850	0.12719	0.02252	0.00598	0.00856	0.14005	0.01015	0.00939
5	0.01493	0.01134	0.01317	0.01360	0.01591	0.01021	0.00952	0.01778	0.02551	0.03309	0.18125	0.21331	0.24938	0.11339	0.02076	0.00515	0.00681	0.02465	0.01069	0.00958
6	0.02362	0.02374	0.04560	0.28129	0.06414	0.02536	0.20334	0.03181	0.02542	0.03342	0.02795	0.04624	0.02408	0.01400	0.01311	0.00412	0.01638	0.07643	0.00628	0.01366
7	0.02552	0.02643	0.03456	0.47495	0.07279	0.11177	0.03067	0.03249	0.02486	0.02951	0.02023	0.02935	0.01542	0.01169	0.01144	0.00373	0.01641	0.00986	0.00530	0.01301
8	0.01465	0.01132	0.01351	0.01503	0.01742	0.01018	0.01110	0.01756	0.02477	0.03119	0.08710	0.31271	0.26559	0.03277	0.01454	0.00447	0.00695	0.08857	0.01079	0.00979
9	0.02322	0.02159	0.03893	0.34935	0.06448	0.02421	0.13404	0.03108	0.02444	0.03377	0.02421	0.03314	0.01838	0.01151	0.01155	0.00369	0.01481	0.01123	0.11313	0.01323
10	0.03852	0.02707	0.06864	0.02897	0.07275	0.02515	0.05023	0.09853	0.17999	0.22346	0.03932	0.03709	0.02740	0.01393	0.01180	0.00371	0.01144	0.01182	0.01139	0.01880
11	0.57985	0.02399	0.01974	0.01700	0.02451	0.02757	0.01401	0.10047	0.02498	0.05532	0.01794	0.02024	0.01366	0.01127	0.00786	0.00358	0.00956	0.00692	0.00786	0.01366
12	0.02482	0.02021	0.03557	0.10805	0.07564	0.01971	0.14144	0.03045	0.02701	0.08687	0.12008	0.05354	0.10787	0.01867	0.01599	0.06479	0.01231	0.01526	0.00847	0.01328
13	0.01579	0.01108	0.01274	0.01339	0.01413	0.01062	0.00821	0.01671	0.01961	0.02557	0.05525	0.20227	0.12068	0.37563	0.04188	0.00862	0.00940	0.02189	0.00850	0.00803
14	0.02178	0.01793	0.02168	0.01777	0.02543	0.01427	0.01417	0.02652	0.02429	0.03619	0.03376	0.12319	0.03414	0.01655	0.01075	0.00276	0.00869	0.08252	0.00809	0.45951
15	0.03118	0.02979	0.03194	0.03073	0.08179	0.11453	0.02228	0.11359	0.09957	0.04269	0.09720	0.03723	0.03332	0.01666	0.01875	0.00392	0.15920	0.01185	0.00856	0.01523
16	0.02547	0.25090	0.03624	0.01916	0.02534	0.02802	0.01689	0.07528	0.02979	0.03869	0.16205	0.09517	0.05328	0.01931	0.01140	0.00350	0.00993	0.07717	0.00907	0.01335
17	0.02747	0.11868	0.16653	0.02532	0.03625	0.02730	0.05986	0.11988	0.03087	0.04194	0.03781	0.03930	0.09906	0.01406	0.01094	0.00324	0.01269	0.01141	0.00759	0.10980

[dist]
# distance from previous block
# <min> <max>
0	4

[block]
# block no. 3 follows, 10 sequences, length 7
# corresponding to MSA columns:
# 305-311
name=unknown_D
#
# <colnr> <probs for GDERKNQSTAVLIFYWHMCP>
#	G	D	E	R	K	N	Q	S	T	A	V	L	I	F	Y	W	H	M	C	P
0	0.02699	0.10985	0.31578	0.02695	0.03935	0.02492	0.03112	0.03612	0.02535	0.10669	0.03111	0.11811	0.02706	0.01559	0.01134	0.00370	0.01383	0.01280	0.00728	0.01603
1	0.02382	0.02609	0.08904	0.03144	0.10977	0.02423	0.02361	0.03232	0.07038	0.03831	0.13584	0.04164	0.03978	0.01638	0.01841	0.00376	0.15302	0.01237	0.00785	0.10192
2	0.02431	0.03288	0.14298	0.08615	0.03796	0.08593	0.02541	0.03354	0.07491	0.03290	0.03793	0.04240	0.09240	0.02499	0.07918	0.00569	0.10758	0.01222	0.00687	0.01377
3	0.02511	0.02938	0.10697	0.02365	0.02939	0.08361	0.02085	0.03709	0.15061	0.03686	0.09812	0.10174	0.04074	0.02105	0.01829	0.07486	0.06498	0.01442	0.00864	0.01363
4	0.12274	0.17929	0.15695	0.03075	0.04208	0.03255	0.15313	0.03845	0.06979	0.03795	0.02228	0.02597	0.01728	0.01083	0.01041	0.00346	0.01470	0.00955	0.00620	0.01563
5	0.02116	0.01848	0.01723	0.01673	0.01945	0.09851	0.01218	0.02155	0.02280	0.02661	0.05809	0.06320	0.20733	0.03712	0.08681	0.22815	0.01279	0.01542	0.00752	0.00887
6	0.09879	0.08298	0.02816	0.02089	0.02414	0.02724	0.01649	0.09212	0.02378	0.03542	0.02479	0.04202	0.02502	0.21645	0.03480	0.00656	0.16967	0.01171	0.00696	0.01200

[dist]
# distance from previous block
# <min> <max>
0	6

[block]
# block no. 4 follows, 10 sequences, length 41
# corresponding to MSA columns:
# 318-358
name=unknown_E
#
# <colnr> <probs for GDERKNQSTAVLIFYWHMCP>
#	G	D	E	R	K	N	Q	S	T	A	V	L	I	F	Y	W	H	M	C	P
0	0.03291	0.03856	0.18079	0.02636	0.03640	0.09256	0.02623	0.15163	0.03479	0.09558	0.03925	0.04597	0.07655	0.01624	0.01196	0.00372	0.01395	0.05134	0.00897	0.01625
1	0.02353	0.02342	0.07726	0.02759	0.09776	0.02033	0.02061	0.08229	0.09231	0.04372	0.15612	0.06875	0.13281	0.02024	0.01290	0.00388	0.00987	0.06204	0.01012	0.01445
2	0.02224	0.16199	0.08518	0.02137	0.02720	0.02405	0.02026	0.02788	0.02657	0.03560	0.15478	0.07243	0.05502	0.02138	0.01464	0.00403	0.05624	0.14773	0.00874	0.01267
3	0.03054	0.03159	0.10248	0.09466	0.03987	0.08003	0.02373	0.07184	0.02776	0.08847	0.02302	0.02681	0.01759	0.01211	0.01351	0.00315	0.07667	0.00882	0.00725	0.22011
4	0.01552	0.01123	0.01350	0.01384	0.01595	0.01021	0.00969	0.01771	0.02487	0.03250	0.18125	0.19300	0.22026	0.09486	0.02247	0.07355	0.00703	0.02312	0.01025	0.00920
5	0.12713	0.02713	0.03456	0.02702	0.03487	0.07312	0.11719	0.13012	0.03445	0.11179	0.12487	0.04018	0.03722	0.01445	0.01177	0.00360	0.01264	0.01260	0.00980	0.01547
6	0.07298	0.13239	0.03750	0.10205	0.03924	0.03049	0.05757	0.14304	0.08611	0.07611	0.03632	0.03763	0.07160	0.01418	0.01099	0.00350	0.01212	0.01151	0.00881	0.01588
7	0.04048	0.02491	0.02758	0.07287	0.03439	0.07593	0.01894	0.10415	0.08467	0.26047	0.04663	0.04399	0.08106	0.01570	0.01180	0.00362	0.01143	0.01259	0.01160	0.01720
8	0.02859	0.02846	0.03220	0.02563	0.03352	0.09912	0.07020	0.04031	0.13812	0.03799	0.02641	0.02923	0.02110	0.01217	0.01332	0.00304	0.07043	0.00959	0.00764	0.27294
9	0.02190	0.05014	0.42398	0.02930	0.04349	0.02368	0.03633	0.03374	0.02629	0.03887	0.12296	0.03749	0.03446	0.01369	0.01160	0.00368	0.01476	0.01118	0.00655	0.01590
10	0.02412	0.02067	0.02412	0.01723	0.02756	0.01550	0.01378	0.02929	0.02412	0.03790	0.02067	0.02412	0.01723	0.00861	0.00861	0.00172	0.00861	0.00689	0.00689	0.66236
11	0.02879	0.02763	0.04721	0.07139	0.51871	0.02763	0.03569	0.03569	0.02648	0.03800	0.02188	0.02879	0.01842	0.01036	0.01151	0.00345	0.01382	0.01036	0.00576	0.01842
12	0.02406	0.02179	0.03489	0.51276	0.07596	0.02680	0.03134	0.07213	0.02622	0.03382	0.02135	0.03072	0.01591	0.01185	0.01163	0.00384	0.01525	0.01035	0.00578	0.01357
13	0.02196	0.02067	0.03488	0.56331	0.08010	0.02584	0.03230	0.02972	0.02326	0.02972	0.02067	0.03101	0.01550	0.01163	0.01163	0.00388	0.01550	0.01034	0.00517	0.01292
14	0.01691	0.01128	0.01268	0.01268	0.01268	0.01128	0.00705	0.01691	0.01691	0.02255	0.03665	0.07611	0.04228	0.59126	0.05920	0.01128	0.01128	0.01691	0.00705	0.00705
15	0.01619	0.01360	0.01958	0.01827	0.02186	0.01231	0.06123	0.02022	0.02648	0.03426	0.15065	0.23062	0.23944	0.02857	0.01423	0.00422	0.00794	0.05915	0.01058	0.01061
16	0.02819	0.02054	0.02453	0.01773	0.02787	0.01573	0.01426	0.03326	0.02545	0.10879	0.02433	0.02636	0.01890	0.00945	0.00906	0.00199	0.00880	0.00759	0.00798	0.56918
17	0.04421	0.03258	0.03490	0.02676	0.03607	0.03607	0.02211	0.47993	0.05468	0.07330	0.02792	0.02792	0.01978	0.01396	0.01163	0.00349	0.01280	0.01047	0.01163	0.01978
18	0.02861	0.02812	0.05000	0.06848	0.45910	0.02787	0.09307	0.03590	0.02661	0.03790	0.02209	0.02912	0.01832	0.01029	0.01180	0.00352	0.01457	0.01080	0.00577	0.01807
19	0.10572	0.01315	0.01732	0.01661	0.01754	0.01457	0.01186	0.01883	0.01600	0.02509	0.01922	0.03229	0.01875	0.03468	0.03979	0.51462	0.06227	0.00961	0.00533	0.00675
20	0.02333	0.06016	0.53100	0.03315	0.05034	0.02701	0.04297	0.03683	0.02455	0.03683	0.02087	0.02455	0.01473	0.01105	0.01105	0.00368	0.01719	0.00859	0.00491	0.01719
21	0.03955	0.03770	0.22862	0.02653	0.03883	0.02379	0.02811	0.11016	0.03292	0.26613	0.03333	0.03192	0.02189	0.01300	0.01143	0.00362	0.01322	0.01028	0.01022	0.01875
22	0.02866	0.02799	0.04923	0.06928	0.47557	0.02780	0.07721	0.03584	0.02657	0.03793	0.02203	0.02903	0.01835	0.01031	0.01172	0.00350	0.01436	0.01068	0.00577	0.01816
23	0.02932	0.02231	0.03408	0.11922	0.22941	0.02294	0.02586	0.08146	0.02904	0.10243	0.03471	0.15173	0.03229	0.01716	0.01230	0.00382	0.01190	0.01551	0.00853	0.01599
24	0.01573	0.01186	0.01453	0.01386	0.01693	0.01066	0.01040	0.02053	0.03119	0.04254	0.40624	0.09363	0.21863	0.02531	0.01373	0.00373	0.00560	0.02198	0.01226	0.01066
25	0.01997	0.01232	0.01582	0.01552	0.01857	0.01110	0.01140	0.02382	0.02856	0.10139	0.24791	0.24683	0.14709	0.02752	0.01383	0.00404	0.00653	0.02426	0.01206	0.01145
26	0.02779	0.02848	0.03951	0.29029	0.24817	0.10177	0.03222	0.03452	0.02595	0.03283	0.02076	0.02867	0.01659	0.01118	0.01142	0.00358	0.01563	0.00993	0.00552	0.01519
27	0.01402	0.01073	0.01287	0.01459	0.01645	0.00958	0.01008	0.01638	0.02381	0.03032	0.08364	0.41213	0.23585	0.03390	0.01445	0.00443	0.00644	0.02997	0.01080	0.00958
28	0.01658	0.01193	0.01587	0.01619	0.01862	0.01123	0.01247	0.02153	0.03017	0.04186	0.35918	0.16760	0.09659	0.02725	0.01434	0.00414	0.00669	0.10494	0.01210	0.01070
29	0.02196	0.02067	0.03488	0.56331	0.08010	0.02584	0.03230	0.02972	0.02326	0.02972	0.02067	0.03101	0.01550	0.01163	0.01163	0.00388	0.01550	0.01034	0.00517	0.01292
30	0.11731	0.02093	0.02552	0.02017	0.02819	0.02008	0.01651	0.11097	0.03480	0.34432	0.10064	0.04169	0.03617	0.01514	0.01144	0.00359	0.00964	0.01212	0.01297	0.01782
31	0.01403	0.01067	0.01293	0.01473	0.01648	0.00957	0.01014	0.01636	0.02368	0.03026	0.08197	0.42675	0.22231	0.03411	0.01448	0.00446	0.00646	0.03023	0.01080	0.00957
32	0.02196	0.02067	0.03488	0.56331	0.08010	0.02584	0.03230	0.02972	0.02326	0.02972	0.02067	0.03101	0.01550	0.01163	0.01163	0.00388	0.01550	0.01034	0.00517	0.01292
33	0.03079	0.02812	0.04308	0.18000	0.26571	0.07459	0.07948	0.03760	0.02711	0.08605	0.02390	0.03001	0.01839	0.01118	0.01170	0.00358	0.01512	0.01059	0.00655	0.01646
34	0.28374	0.02441	0.03183	0.10750	0.09351	0.02796	0.07048	0.03699	0.08389	0.04270	0.02224	0.02701	0.01749	0.01241	0.01288	0.00386	0.07025	0.00945	0.00698	0.01441
35	0.02843	0.01606	0.02304	0.02442	0.09237	0.01491	0.01534	0.02897	0.02196	0.13575	0.02825	0.03941	0.02437	0.09862	0.03095	0.26612	0.01059	0.01103	0.00766	0.08174
36	0.02303	0.02018	0.02779	0.08058	0.03423	0.01989	0.07567	0.08017	0.07796	0.03935	0.05828	0.10726	0.17606	0.01940	0.01243	0.00363	0.01033	0.01704	0.00919	0.10754
37	0.02507	0.02871	0.10685	0.10051	0.23092	0.02422	0.02878	0.03577	0.08695	0.03756	0.03574	0.03932	0.07626	0.01330	0.01145	0.00347	0.01244	0.01172	0.00706	0.08391
38	0.11412	0.03012	0.03337	0.09981	0.08496	0.13570	0.07348	0.07801	0.06722	0.03963	0.02911	0.10799	0.02647	0.01542	0.01152	0.00371	0.01409	0.01313	0.00771	0.01442
39	0.02961	0.02802	0.09726	0.03095	0.08030	0.02425	0.08153	0.10353	0.11428	0.09578	0.08785	0.10181	0.03871	0.01671	0.01245	0.00382	0.01192	0.01497	0.00983	0.01641
40	0.02619	0.02649	0.10740	0.10206	0.03967	0.02075	0.05141	0.07929	0.02794	0.07850	0.03323	0.14966	0.03088	0.01665	0.01171	0.00349	0.01182	0.01460	0.00825	0.16003

[dist]
# distance from previous block
# <min> <max>
0	6

[block]
# block no. 5 follows, 10 sequences, length 17
# corresponding to MSA columns:
# 368-384
name=unknown_F
#
# <colnr> <probs for GDERKNQSTAVLIFYWHMCP>
#	G	D	E	R	K	N	Q	S	T	A	V	L	I	F	Y	W	H	M	C	P
0	0.02716	0.03421	0.14104	0.07351	0.07636	0.09090	0.08169	0.03412	0.02662	0.06576	0.07056	0.04199	0.08339	0.01555	0.01532	0.00382	0.08367	0.01259	0.00718	0.01455
1	0.03473	0.03554	0.09794	0.03002	0.04046	0.10233	0.11344	0.14946	0.03451	0.08302	0.02465	0.02731	0.01822	0.01143	0.01120	0.00317	0.01480	0.00982	0.00809	0.14987
2	0.02864	0.11773	0.13825	0.02604	0.03516	0.08997	0.05775	0.03475	0.02572	0.07082	0.03334	0.03586	0.07861	0.01426	0.01398	0.00338	0.08026	0.01070	0.00687	0.09790
3	0.08446	0.02654	0.10201	0.02787	0.09457	0.02105	0.02202	0.04398	0.08590	0.22139	0.04738	0.04536	0.09586	0.01546	0.01154	0.00368	0.01076	0.01270	0.01044	0.01704
4	0.02399	0.09468	0.03366	0.02171	0.03070	0.02056	0.08169	0.02971	0.02629	0.03818	0.11790	0.03690	0.03531	0.01196	0.01022	0.00253	0.01009	0.01060	0.00767	0.35566
5	0.02922	0.03756	0.16424	0.03355	0.09666	0.09344	0.02860	0.03577	0.02460	0.06674	0.02079	0.02581	0.01669	0.01342	0.01792	0.00364	0.16251	0.00904	0.00614	0.11366
6	0.03532	0.09152	0.03972	0.02758	0.03599	0.02443	0.13207	0.04490	0.09722	0.21239	0.03920	0.10328	0.03131	0.01566	0.01211	0.00374	0.01214	0.01442	0.01031	0.01669
7	0.10218	0.01872	0.02801	0.11115	0.15457	0.02091	0.02220	0.02749	0.02145	0.03329	0.02543	0.03597	0.02237	0.04738	0.26632	0.01082	0.02176	0.01086	0.00608	0.01305
8	0.01923	0.16697	0.02676	0.01782	0.02121	0.01966	0.01419	0.02212	0.02318	0.02970	0.05104	0.37798	0.05921	0.02886	0.01303	0.00421	0.00875	0.07579	0.00924	0.01106
9	0.01392	0.01109	0.01250	0.01363	0.01620	0.00966	0.00966	0.01648	0.02473	0.03069	0.09531	0.30959	0.33086	0.03238	0.01421	0.00426	0.00625	0.02811	0.01080	0.00966
10	0.02020	0.01010	0.01515	0.01515	0.01515	0.01010	0.01010	0.01515	0.01515	0.02020	0.02020	0.03535	0.02020	0.04040	0.04545	0.66162	0.01010	0.01010	0.00505	0.00505
11	0.03109	0.03509	0.18989	0.02415	0.03360	0.08395	0.02431	0.03781	0.02789	0.16699	0.04607	0.12119	0.09179	0.01815	0.01206	0.00376	0.01270	0.01493	0.00924	0.01536
12	0.20908	0.23321	0.10122	0.02055	0.03045	0.03118	0.02021	0.04020	0.02505	0.15623	0.02398	0.02455	0.01763	0.01140	0.00888	0.00321	0.01150	0.00787	0.00785	0.01576
13	0.02401	0.23537	0.16169	0.02112	0.03113	0.02797	0.02227	0.03053	0.02564	0.03432	0.10314	0.04238	0.09112	0.01452	0.01020	0.00305	0.01134	0.01134	0.00706	0.09181
14	0.21201	0.10232	0.10258	0.02866	0.03898	0.06671	0.14557	0.03576	0.02445	0.03967	0.01946	0.02378	0.01527	0.01028	0.00992	0.00329	0.01419	0.00877	0.00615	0.09218
15	0.02887	0.02489	0.02877	0.06371	0.06264	0.09080	0.02099	0.03585	0.08105	0.09272	0.03509	0.15615	0.03353	0.02043	0.01942	0.00423	0.16277	0.01560	0.00850	0.01400
16	0.02955	0.02696	0.08704	0.09266	0.03740	0.02489	0.02211	0.14745	0.13119	0.08224	0.04362	0.11965	0.06829	0.01818	0.01224	0.00388	0.01130	0.01525	0.01006	0.01604

[dist]
# distance from previous block
# <min> <max>
1	7

[block]
# block no. 6 follows, 10 sequences, length 33
# corresponding to MSA columns:
# 396-428
name=unknown_G
#
# <colnr> <probs for GDERKNQSTAVLIFYWHMCP>
#	G	D	E	R	K	N	Q	S	T	A	V	L	I	F	Y	W	H	M	C	P
0	0.07639	0.02681	0.02890	0.02396	0.02984	0.08908	0.01935	0.04027	0.08031	0.12733	0.02629	0.02892	0.02037	0.01454	0.01836	0.00360	0.17493	0.00952	0.00825	0.15299
1	0.03635	0.10737	0.03642	0.08988	0.03927	0.21513	0.02297	0.13175	0.09074	0.04004	0.02347	0.02638	0.01855	0.01323	0.01286	0.00342	0.05999	0.00918	0.00756	0.01542
2	0.32526	0.09705	0.09633	0.02118	0.03031	0.03049	0.01986	0.10809	0.08988	0.05002	0.02281	0.02431	0.01733	0.01189	0.00907	0.00351	0.01114	0.00817	0.00794	0.01539
3	0.02222	0.01817	0.02499	0.16146	0.03788	0.02094	0.01986	0.09370	0.02708	0.03633	0.04144	0.28783	0.04481	0.02460	0.01624	0.00435	0.07600	0.02095	0.00880	0.01235
4	0.30847	0.02438	0.02370	0.02018	0.02771	0.02729	0.01630	0.10970	0.17315	0.11254	0.03110	0.03026	0.02265	0.01322	0.00981	0.00369	0.00972	0.00967	0.01015	0.01630
5	0.02712	0.01750	0.02355	0.09165	0.03138	0.01931	0.01764	0.09954	0.02763	0.10478	0.03210	0.03984	0.02587	0.04671	0.25188	0.01032	0.02013	0.01156	0.08798	0.01353
6	0.01436	0.01104	0.01315	0.01424	0.01650	0.00983	0.01007	0.01729	0.02558	0.03301	0.15512	0.32334	0.25118	0.03175	0.01424	0.00425	0.00622	0.02788	0.01111	0.00983
7	0.02320	0.02067	0.02870	0.24979	0.04994	0.01991	0.02167	0.02947	0.02375	0.03441	0.02067	0.02705	0.01649	0.00990	0.00990	0.00264	0.01155	0.00836	0.00616	0.38578
8	0.04659	0.01856	0.02520	0.01974	0.02776	0.01614	0.01614	0.05124	0.03323	0.45158	0.11897	0.04699	0.04147	0.01586	0.01201	0.00361	0.00921	0.01316	0.01415	0.01841
9	0.02641	0.02221	0.03113	0.09427	0.03879	0.01968	0.07108	0.03464	0.06278	0.06906	0.02476	0.02842	0.01925	0.01010	0.01007	0.00256	0.01095	0.00896	0.00742	0.40746
10	0.02786	0.02668	0.04553	0.13847	0.45890	0.02739	0.03523	0.03488	0.02604	0.03687	0.02171	0.02909	0.01802	0.01054	0.01153	0.00351	0.01405	0.01036	0.00568	0.01767
11	0.02063	0.01674	0.02005	0.01687	0.02311	0.01425	0.01286	0.02749	0.06385	0.03947	0.15864	0.14806	0.05401	0.01840	0.01138	0.00297	0.00750	0.01602	0.00956	0.31816
12	0.02808	0.02524	0.03989	0.05098	0.30595	0.02506	0.05791	0.09128	0.02945	0.04133	0.02931	0.11536	0.02762	0.01475	0.01197	0.00355	0.01255	0.01388	0.00743	0.06841
13	0.01744	0.01383	0.01911	0.02283	0.07738	0.01253	0.01418	0.02053	0.02305	0.03195	0.05235	0.43099	0.06072	0.02902	0.01348	0.00410	0.00787	0.02630	0.00959	0.11274
14	0.11266	0.02092	0.02316	0.01696	0.02687	0.01695	0.01362	0.02995	0.02353	0.03985	0.02006	0.02340	0.01660	0.00891	0.00842	0.00198	0.00867	0.00681	0.00693	0.57375
15	0.43768	0.02630	0.02140	0.01876	0.02598	0.08604	0.01507	0.04201	0.08193	0.11204	0.02418	0.02490	0.01785	0.01203	0.00875	0.00357	0.01055	0.00800	0.00858	0.01437
16	0.03287	0.03782	0.03452	0.03030	0.03277	0.24559	0.02422	0.03560	0.02406	0.02819	0.01639	0.02360	0.01515	0.01690	0.02675	0.00423	0.34349	0.00907	0.00546	0.01304
17	0.03197	0.03550	0.22385	0.02602	0.03619	0.02298	0.02752	0.03949	0.02661	0.19584	0.04015	0.04039	0.08087	0.01587	0.01584	0.00391	0.09997	0.01182	0.00878	0.01644
18	0.02455	0.28476	0.17236	0.02181	0.03090	0.03065	0.02283	0.03008	0.02264	0.02944	0.02700	0.10432	0.02740	0.10479	0.01750	0.00448	0.01277	0.01209	0.00606	0.01357
19	0.04421	0.03258	0.03490	0.02676	0.03607	0.03607	0.02211	0.47993	0.05468	0.07330	0.02792	0.02792	0.01978	0.01396	0.01163	0.00349	0.01280	0.01047	0.01163	0.01978
20	0.01670	0.01212	0.01695	0.01695	0.01843	0.01359	0.01237	0.01965	0.01818	0.02571	0.03274	0.05450	0.03290	0.23315	0.40448	0.01654	0.02540	0.01375	0.00647	0.00942
21	0.04345	0.05543	0.03296	0.02996	0.03596	0.54457	0.02247	0.04644	0.03296	0.02846	0.01798	0.02097	0.01498	0.01199	0.01049	0.00300	0.02097	0.00749	0.00599	0.01348
22	0.02794	0.02055	0.02451	0.01770	0.02785	0.01572	0.01423	0.03302	0.02537	0.10457	0.02411	0.02623	0.01880	0.00940	0.00903	0.00198	0.00879	0.00755	0.00791	0.57473
23	0.02412	0.02067	0.02412	0.01723	0.02756	0.01550	0.01378	0.02929	0.02412	0.03790	0.02067	0.02412	0.01723	0.00861	0.00861	0.00172	0.00861	0.00689	0.00689	0.66236
24	0.02980	0.01816	0.02580	0.02843	0.12558	0.01655	0.01770	0.03415	0.02728	0.17442	0.10123	0.12020	0.04412	0.08474	0.01755	0.00440	0.00970	0.01559	0.01011	0.09449
25	0.02333	0.06016	0.53100	0.03315	0.05034	0.02701	0.04297	0.03683	0.02455	0.03683	0.02087	0.02455	0.01473	0.01105	0.01105	0.00368	0.01719	0.00859	0.00491	0.01719
26	0.01661	0.01246	0.01869	0.01869	0.02077	0.01454	0.01454	0.02077	0.01869	0.02700	0.03115	0.04569	0.02908	0.08723	0.54517	0.01869	0.03115	0.01246	0.00623	0.01038
27	0.02322	0.08654	0.02791	0.02085	0.02540	0.01754	0.06738	0.02724	0.02618	0.09901	0.12125	0.29928	0.06109	0.02514	0.01321	0.00404	0.00918	0.02277	0.01030	0.01247
28	0.11544	0.02378	0.08790	0.01820	0.02712	0.01749	0.01674	0.03350	0.02534	0.11617	0.03755	0.03855	0.07787	0.01319	0.00977	0.00291	0.00929	0.01034	0.08815	0.23070
29	0.03288	0.02892	0.02642	0.02365	0.02925	0.15454	0.01839	0.07192	0.15591	0.09765	0.03380	0.03692	0.02661	0.03522	0.16587	0.00790	0.01886	0.01117	0.00903	0.01509
30	0.02740	0.10525	0.25903	0.02599	0.03721	0.02543	0.02844	0.03941	0.08977	0.10133	0.03402	0.11599	0.02919	0.01599	0.01142	0.00373	0.01294	0.01318	0.00804	0.01622
31	0.21366	0.03886	0.25272	0.03072	0.10038	0.02485	0.02917	0.03407	0.02445	0.04269	0.08013	0.03113	0.02629	0.01245	0.01031	0.00362	0.01290	0.00969	0.00666	0.01524
32	0.02470	0.17938	0.20452	0.03194	0.11094	0.02815	0.02882	0.03262	0.02595	0.03555	0.08575	0.04556	0.03399	0.01503	0.01121	0.00356	0.01315	0.06720	0.00680	0.01518

[dist]
# distance from previous block
# <min> <max>
0	17

[block]
# block no. 7 follows, 10 sequences, length 19
# corresponding to MSA columns:
# 446-464
name=unknown_H
#
# <colnr> <probs for GDERKNQSTAVLIFYWHMCP>
#	G	D	E	R	K	N	Q	S	T	A	V	L	I	F	Y	W	H	M	C	P
0	0.02711	0.09567	0.02818	0.07266	0.03135	0.09240	0.01675	0.03130	0.02617	0.07369	0.04223	0.09692	0.10493	0.01631	0.01077	0.00304	0.01096	0.01322	0.00803	0.19831
1	0.09534	0.02536	0.03580	0.07855	0.10581	0.02763	0.09049	0.11225	0.13944	0.04553	0.02955	0.03375	0.02302	0.02197	0.07876	0.00562	0.01528	0.01138	0.00832	0.01615
2	0.04506	0.02776	0.02855	0.02323	0.03099	0.10732	0.01856	0.15329	0.03731	0.28637	0.03878	0.08755	0.02911	0.01608	0.01179	0.00359	0.01210	0.01283	0.01200	0.01773
3	0.02331	0.01568	0.02281	0.01949	0.02364	0.01462	0.05920	0.02649	0.02229	0.09776	0.03832	0.13892	0.03861	0.21914	0.09978	0.00818	0.01354	0.01664	0.00843	0.09313
4	0.13708	0.15017	0.03911	0.02976	0.09307	0.08214	0.05866	0.09861	0.06428	0.04361	0.07265	0.03137	0.02714	0.01273	0.01030	0.00333	0.01260	0.01013	0.00784	0.01543
5	0.03862	0.02554	0.03017	0.09838	0.03833	0.02784	0.02090	0.23111	0.11639	0.15258	0.03444	0.03434	0.02430	0.01399	0.01143	0.00358	0.01147	0.01116	0.05745	0.01797
6	0.01417	0.01012	0.01350	0.01619	0.01687	0.00945	0.01080	0.01619	0.02227	0.02969	0.06410	0.58367	0.07692	0.03644	0.01484	0.00472	0.00675	0.03306	0.01080	0.00945
7	0.02196	0.02067	0.03488	0.56331	0.08010	0.02584	0.03230	0.02972	0.02326	0.02972	0.02067	0.03101	0.01550	0.01163	0.01163	0.00388	0.01550	0.01034	0.00517	0.01292
8	0.02956	0.02348	0.04397	0.15799	0.05211	0.02337	0.21536	0.03724	0.02699	0.12237	0.02914	0.03469	0.02109	0.01165	0.01196	0.00366	0.01462	0.01210	0.11366	0.01497
9	0.01649	0.01187	0.01573	0.01577	0.01824	0.01112	0.01203	0.02152	0.03073	0.04286	0.39345	0.15563	0.09966	0.02653	0.01419	0.00403	0.00637	0.08077	0.01226	0.01074
10	0.02395	0.01991	0.02372	0.01802	0.02599	0.01739	0.01447	0.02882	0.02336	0.03741	0.02239	0.02696	0.01873	0.01078	0.01227	0.00228	0.07891	0.00785	0.09675	0.49005
11	0.04000	0.02396	0.02817	0.02259	0.03021	0.02466	0.01856	0.24596	0.04270	0.19812	0.11516	0.04904	0.04082	0.01711	0.01234	0.00369	0.01059	0.04612	0.01256	0.01763
12	0.01666	0.01227	0.01771	0.01771	0.01944	0.01400	0.01331	0.02014	0.01840	0.02627	0.03205	0.05067	0.03124	0.16978	0.46558	0.01748	0.02790	0.01319	0.00636	0.00984
13	0.08413	0.08362	0.16742	0.03325	0.11603	0.02927	0.02799	0.13018	0.06602	0.11167	0.02699	0.02838	0.01961	0.01221	0.01079	0.00351	0.01315	0.00963	0.00837	0.01780
14	0.03230	0.13124	0.08447	0.06969	0.03555	0.09508	0.02290	0.09556	0.02896	0.07613	0.02402	0.02800	0.01882	0.01355	0.01456	0.00347	0.10443	0.00925	0.09712	0.01490
15	0.01691	0.01128	0.01268	0.01268	0.01268	0.01128	0.00705	0.01691	0.01691	0.02255	0.03665	0.07611	0.04228	0.59126	0.05920	0.01128	0.01128	0.01691	0.00705	0.00705
16	0.01838	0.01503	0.01667	0.01623	0.02008	0.01505	0.01212	0.02962	0.15190	0.03877	0.17002	0.16599	0.23410	0.02583	0.01341	0.00401	0.00683	0.02221	0.01148	0.01227
17	0.03017	0.03234	0.03981	0.10948	0.18032	0.15431	0.08896	0.03915	0.07692	0.03644	0.07216	0.03474	0.02789	0.01273	0.01183	0.00353	0.01531	0.01146	0.00708	0.01539
18	0.02333	0.06016	0.53100	0.03315	0.05034	0.02701	0.04297	0.03683	0.02455	0.03683	0.02087	0.02455	0.01473	0.01105	0.01105	0.00368	0.01719	0.00859	0.00491	0.01719

[dist]
# distance from previous block
# <min> <max>
0	6

[block]
# block no. 8 follows, 10 sequences, length 22
# corresponding to MSA columns:
# 471-492
name=unknown_I
#
# <colnr> <probs for GDERKNQSTAVLIFYWHMCP>
#	G	D	E	R	K	N	Q	S	T	A	V	L	I	F	Y	W	H	M	C	P
0	0.02227	0.02147	0.03822	0.42904	0.07089	0.02492	0.09927	0.03012	0.02486	0.03256	0.06978	0.03659	0.02516	0.01255	0.01216	0.00386	0.01515	0.01192	0.00603	0.01316
1	0.01691	0.01128	0.01268	0.01268	0.01268	0.01128	0.00705	0.01691	0.01691	0.02255	0.03665	0.07611	0.04228	0.59126	0.05920	0.01128	0.01128	0.01691	0.00705	0.00705
2	0.12528	0.04834	0.35536	0.03366	0.04817	0.02736	0.12799	0.03651	0.02441	0.03931	0.02069	0.02509	0.01500	0.01075	0.01100	0.00372	0.01642	0.00930	0.00547	0.01616
3	0.02196	0.02067	0.03488	0.56331	0.08010	0.02584	0.03230	0.02972	0.02326	0.02972	0.02067	0.03101	0.01550	0.01163	0.01163	0.00388	0.01550	0.01034	0.00517	0.01292
4	0.02168	0.01084	0.01084	0.01084	0.01355	0.01084	0.00813	0.02710	0.02439	0.04336	0.03794	0.04336	0.02981	0.01355	0.00813	0.00271	0.00542	0.01084	0.65583	0.01084
5	0.01417	0.01012	0.01350	0.01619	0.01687	0.00945	0.01080	0.01619	0.02227	0.02969	0.06410	0.58367	0.07692	0.03644	0.01484	0.00472	0.00675	0.03306	0.01080	0.00945
6	0.03109	0.59826	0.06095	0.01990	0.02985	0.04602	0.01990	0.03483	0.02363	0.02736	0.01617	0.01866	0.01493	0.00995	0.00746	0.00249	0.01244	0.00622	0.00498	0.01493
7	0.01417	0.01012	0.01350	0.01619	0.01687	0.00945	0.01080	0.01619	0.02227	0.02969	0.06410	0.58367	0.07692	0.03644	0.01484	0.00472	0.00675	0.03306	0.01080	0.00945
8	0.01661	0.01246	0.01869	0.01869	0.02077	0.01454	0.01454	0.02077	0.01869	0.02700	0.03115	0.04569	0.02908	0.08723	0.54517	0.01869	0.03115	0.01246	0.00623	0.01038
9	0.01488	0.01063	0.01431	0.01701	0.01799	0.01006	0.01203	0.01742	0.02297	0.03049	0.06371	0.51330	0.07537	0.03577	0.01503	0.00482	0.00736	0.09642	0.01078	0.00964
10	0.02168	0.01084	0.01084	0.01084	0.01355	0.01084	0.00813	0.02710	0.02439	0.04336	0.03794	0.04336	0.02981	0.01355	0.00813	0.00271	0.00542	0.01084	0.65583	0.01084
11	0.02412	0.02067	0.02412	0.01723	0.02756	0.01550	0.01378	0.02929	0.02412	0.03790	0.02067	0.02412	0.01723	0.00861	0.00861	0.00172	0.00861	0.00689	0.00689	0.66236
12	0.02196	0.02067	0.03488	0.56331	0.08010	0.02584	0.03230	0.02972	0.02326	0.02972	0.02067	0.03101	0.01550	0.01163	0.01163	0.00388	0.01550	0.01034	0.00517	0.01292
13	0.03100	0.02077	0.02411	0.02040	0.02646	0.02172	0.01614	0.13426	0.15365	0.12745	0.22121	0.05618	0.05957	0.01824	0.01249	0.00368	0.00865	0.01538	0.01256	0.01607
14	0.02552	0.02550	0.03564	0.26624	0.17577	0.08031	0.02911	0.03139	0.02442	0.03152	0.02475	0.08762	0.02271	0.01491	0.01464	0.00389	0.07362	0.01245	0.00600	0.01400
15	0.02398	0.02273	0.03853	0.41781	0.20983	0.02637	0.03330	0.03148	0.02421	0.03216	0.02103	0.03035	0.01637	0.01125	0.01159	0.00375	0.01500	0.01034	0.00534	0.01455
16	0.02898	0.02969	0.08996	0.04521	0.23993	0.02806	0.02888	0.10546	0.08063	0.04440	0.07651	0.03555	0.02937	0.01399	0.01443	0.00372	0.06857	0.01160	0.00790	0.01714
17	0.02375	0.02249	0.03811	0.43455	0.19491	0.02631	0.03319	0.03128	0.02410	0.03188	0.02099	0.03043	0.01627	0.01130	0.01160	0.00377	0.01506	0.01034	0.00532	0.01436
18	0.02080	0.01365	0.01771	0.01859	0.02142	0.01342	0.01425	0.02755	0.07610	0.08265	0.10723	0.30636	0.06881	0.02969	0.01441	0.00458	0.00819	0.13128	0.01144	0.01188
19	0.02856	0.22244	0.03777	0.02221	0.02746	0.14070	0.01862	0.03142	0.02424	0.02788	0.03394	0.04035	0.09422	0.07142	0.02017	0.00418	0.12435	0.01112	0.00631	0.01264
20	0.01592	0.01217	0.01444	0.01495	0.01790	0.01113	0.01165	0.01968	0.02682	0.03435	0.17220	0.10821	0.26753	0.08884	0.01918	0.00503	0.00764	0.13158	0.01077	0.00998
21	0.03522	0.09327	0.11701	0.08668	0.08122	0.11036	0.07506	0.12920	0.03312	0.09307	0.02436	0.02738	0.01797	0.01190	0.01117	0.00344	0.01548	0.00975	0.00764	0.01669

[dist]
# distance from previous block
# <min> <max>
0	1

[block]
# block no. 9 follows, 10 sequences, length 14
# corresponding to MSA columns:
# 494-507
name=unknown_J
#
# <colnr> <probs for GDERKNQSTAVLIFYWHMCP>
#	G	D	E	R	K	N	Q	S	T	A	V	L	I	F	Y	W	H	M	C	P
0	0.02519	0.01996	0.02864	0.02145	0.03000	0.01652	0.07976	0.03104	0.02758	0.08320	0.14470	0.04201	0.04114	0.01304	0.01088	0.00268	0.00953	0.01179	0.00887	0.35203
1	0.03305	0.09469	0.20981	0.03418	0.08518	0.03260	0.07002	0.20949	0.03665	0.05031	0.02350	0.02629	0.01730	0.01191	0.01122	0.00350	0.01494	0.00971	0.00770	0.01796
2	0.02945	0.30514	0.13664	0.02460	0.03496	0.03550	0.05466	0.09787	0.02973	0.03886	0.08313	0.03072	0.02799	0.01250	0.00995	0.00310	0.01295	0.00968	0.00699	0.01558
3	0.01403	0.01066	0.01294	0.01476	0.01649	0.00957	0.01016	0.01636	0.02365	0.03025	0.08158	0.43019	0.21912	0.03417	0.01449	0.00446	0.00647	0.03029	0.01080	0.00957
4	0.01495	0.01073	0.01420	0.01566	0.01704	0.00997	0.01086	0.01816	0.02591	0.03548	0.21738	0.41387	0.08814	0.03211	0.01446	0.00436	0.00632	0.02895	0.01148	0.00997
5	0.02494	0.02331	0.03510	0.02507	0.03576	0.01894	0.12796	0.03125	0.02494	0.03774	0.02138	0.02591	0.01733	0.00891	0.00987	0.00227	0.01133	0.00858	0.00664	0.50278
6	0.03075	0.16969	0.05339	0.04066	0.14508	0.03286	0.16335	0.09912	0.02991	0.04020	0.02174	0.02655	0.01741	0.01045	0.01096	0.00321	0.01465	0.01008	0.00655	0.07337
