[name]
unknown

[dist]
# distance from previous block
# <min> <max>
0	459

[block]
# block no. 0 follows, 13 sequences, length 12
# corresponding to MSA columns:
# 463-474
name=unknown_A
#
# <colnr> <probs for GDERKNQSTAVLIFYWHMCP>
#	G	D	E	R	K	N	Q	S	T	A	V	L	I	F	Y	W	H	M	C	P
0	0.01532	0.01127	0.01486	0.01685	0.01911	0.01081	0.01385	0.01914	0.02342	0.03009	0.06585	0.22288	0.15400	0.02960	0.01398	0.00451	0.00817	0.30717	0.00977	0.00934
1	0.57932	0.13313	0.02285	0.01467	0.02167	0.02704	0.01267	0.03119	0.01863	0.04330	0.01472	0.01714	0.01184	0.00967	0.00659	0.00309	0.00875	0.00571	0.00617	0.01184
2	0.01430	0.01050	0.01339	0.01326	0.01554	0.00960	0.00972	0.01844	0.02748	0.03797	0.41330	0.18113	0.14742	0.02432	0.01266	0.00353	0.00524	0.02150	0.01109	0.00960
3	0.02685	0.02075	0.03403	0.32034	0.11497	0.02282	0.07595	0.03568	0.07446	0.12981	0.02575	0.03052	0.01859	0.01110	0.01078	0.00344	0.01280	0.01019	0.00696	0.01421
4	0.01337	0.00971	0.01268	0.01457	0.01575	0.00902	0.01018	0.01585	0.02194	0.02921	0.11971	0.48431	0.11078	0.03103	0.01337	0.00416	0.00618	0.05929	0.01002	0.00885
5	0.02563	0.02944	0.10165	0.09767	0.37604	0.06105	0.03127	0.03204	0.02321	0.03235	0.01886	0.02513	0.01566	0.01060	0.01282	0.00332	0.07374	0.00905	0.00505	0.01541
6	0.02262	0.01179	0.01452	0.01309	0.01661	0.01096	0.01008	0.02742	0.02723	0.13825	0.27609	0.05698	0.06035	0.01674	0.01032	0.00301	0.00570	0.01426	0.25256	0.01141
7	0.01288	0.00920	0.01227	0.01472	0.01534	0.00859	0.00981	0.01472	0.02024	0.02699	0.05828	0.62152	0.06993	0.03312	0.01350	0.00429	0.00613	0.03006	0.00981	0.00859
8	0.02697	0.52838	0.15046	0.02030	0.03055	0.03867	0.02194	0.03199	0.02164	0.02645	0.01548	0.01794	0.01354	0.00923	0.00738	0.00246	0.01210	0.00605	0.00451	0.01395
9	0.02192	0.01879	0.02192	0.01566	0.02506	0.01409	0.01253	0.02662	0.02192	0.03445	0.01879	0.02192	0.01566	0.00783	0.00783	0.00157	0.00783	0.00626	0.00626	0.69305
10	0.03018	0.02530	0.02522	0.02207	0.02841	0.07088	0.01729	0.10236	0.41791	0.08047	0.03903	0.03617	0.02893	0.01382	0.01063	0.00345	0.00959	0.01121	0.01047	0.01659
11	0.02294	0.13500	0.12011	0.01851	0.02889	0.02081	0.01796	0.02867	0.02191	0.03258	0.01809	0.02110	0.01491	0.00842	0.00801	0.00199	0.00975	0.00641	0.00565	0.45828

[dist]
# distance from previous block
# <min> <max>
0	1

[block]
# block no. 1 follows, 13 sequences, length 26
# corresponding to MSA columns:
# 476-501
name=unknown_B
#
# <colnr> <probs for GDERKNQSTAVLIFYWHMCP>
#	G	D	E	R	K	N	Q	S	T	A	V	L	I	F	Y	W	H	M	C	P
0	0.02975	0.20887	0.07215	0.05707	0.03146	0.10468	0.01918	0.10351	0.02824	0.07274	0.07360	0.02766	0.02398	0.01138	0.00913	0.00270	0.01168	0.00852	0.00705	0.09664
1	0.03551	0.01449	0.01822	0.01496	0.02068	0.01309	0.01204	0.03996	0.02678	0.34168	0.03861	0.03746	0.02657	0.01276	0.00924	0.00292	0.00725	0.01030	0.30298	0.01449
2	0.02192	0.01879	0.02192	0.01566	0.02506	0.01409	0.01253	0.02662	0.02192	0.03445	0.01879	0.02192	0.01566	0.00783	0.00783	0.00157	0.00783	0.00626	0.00626	0.69305
3	0.04744	0.01799	0.02454	0.01881	0.02699	0.01554	0.01554	0.05153	0.03026	0.56979	0.04171	0.03599	0.02617	0.01309	0.01063	0.00327	0.00900	0.01063	0.01309	0.01799
4	0.04324	0.02473	0.02871	0.02201	0.03035	0.02553	0.01818	0.32715	0.04153	0.27824	0.03225	0.02984	0.02143	0.01286	0.01060	0.00321	0.01053	0.00999	0.01163	0.01799
5	0.01663	0.01227	0.01508	0.01384	0.01694	0.01163	0.01052	0.05919	0.03074	0.04254	0.45782	0.07767	0.15175	0.02157	0.01232	0.00334	0.00556	0.01877	0.01132	0.01047
6	0.03762	0.01689	0.02216	0.01769	0.02428	0.01536	0.01433	0.08118	0.03175	0.37902	0.18682	0.04735	0.04643	0.01548	0.01115	0.00328	0.00807	0.01296	0.01247	0.01571
7	0.04597	0.02035	0.02600	0.01993	0.02817	0.01904	0.01646	0.14801	0.03421	0.46773	0.03840	0.03384	0.02451	0.01301	0.01062	0.00325	0.00953	0.01041	0.01258	0.01799
8	0.02316	0.07168	0.18893	0.07726	0.10366	0.02489	0.08949	0.03648	0.13954	0.03587	0.07824	0.03316	0.02705	0.01192	0.01063	0.00334	0.01244	0.01063	0.00681	0.01483
9	0.02646	0.02527	0.04639	0.03515	0.04124	0.02792	0.26927	0.03220	0.02192	0.08402	0.02036	0.02707	0.01617	0.01324	0.02134	0.00397	0.25766	0.01098	0.00583	0.01354
10	0.02069	0.01676	0.01915	0.01779	0.02199	0.01816	0.01381	0.03792	0.28211	0.04252	0.26786	0.06245	0.06375	0.01859	0.01178	0.00357	0.00699	0.04975	0.01107	0.01328
11	0.01675	0.02016	0.11528	0.02272	0.06646	0.01429	0.05178	0.02216	0.02419	0.03359	0.18865	0.24534	0.09222	0.02199	0.01224	0.00367	0.00871	0.01983	0.00874	0.01124
12	0.70310	0.02045	0.01554	0.01390	0.02045	0.02372	0.01145	0.03108	0.01799	0.04744	0.01472	0.01718	0.01145	0.00981	0.00654	0.00327	0.00818	0.00573	0.00654	0.01145
13	0.03532	0.02776	0.03192	0.02531	0.03135	0.03267	0.02096	0.38395	0.04014	0.05488	0.02210	0.02474	0.01681	0.01435	0.01746	0.00359	0.18221	0.00944	0.00888	0.01615
14	0.01534	0.01038	0.01220	0.01220	0.01243	0.01061	0.00723	0.01580	0.01557	0.02099	0.03271	0.06583	0.03698	0.56163	0.11861	0.01107	0.01245	0.01488	0.00632	0.00678
15	0.02157	0.02126	0.03790	0.43356	0.06537	0.02443	0.13801	0.03082	0.06301	0.02989	0.02127	0.02915	0.01595	0.01050	0.01101	0.00354	0.01447	0.01028	0.00532	0.01269
16	0.03083	0.50319	0.04994	0.01983	0.02838	0.10712	0.01858	0.08249	0.02534	0.02917	0.01597	0.01806	0.01402	0.00964	0.00750	0.00241	0.01228	0.00618	0.00524	0.01385
17	0.02920	0.01929	0.02849	0.15671	0.14737	0.01862	0.02085	0.03425	0.02412	0.18469	0.02658	0.03152	0.02013	0.05367	0.01300	0.00342	0.01071	0.00950	0.00766	0.16022
18	0.03216	0.10706	0.23310	0.02295	0.03359	0.02302	0.02455	0.07733	0.02773	0.22174	0.06954	0.03115	0.02506	0.01211	0.01009	0.00317	0.01164	0.00956	0.00851	0.01593
19	0.04150	0.15525	0.03284	0.02231	0.06952	0.02213	0.01745	0.04561	0.02783	0.40654	0.03399	0.03099	0.02263	0.01190	0.00977	0.00304	0.00979	0.00943	0.01057	0.01691
20	0.01387	0.01076	0.01262	0.01215	0.01512	0.00951	0.00911	0.01783	0.02734	0.03626	0.35744	0.08908	0.30304	0.02390	0.01248	0.00343	0.00515	0.02054	0.01083	0.00951
21	0.01962	0.02757	0.17839	0.15576	0.15782	0.01992	0.02692	0.02655	0.02233	0.03067	0.03633	0.13274	0.08986	0.01585	0.01112	0.00352	0.01180	0.01394	0.00622	0.01307
22	0.03256	0.11675	0.18684	0.02771	0.07197	0.02442	0.06419	0.03925	0.02503	0.22792	0.02660	0.02737	0.01857	0.01144	0.01165	0.00325	0.05168	0.00911	0.00776	0.01591
23	0.01538	0.01025	0.01153	0.01153	0.01153	0.01025	0.00641	0.01538	0.01538	0.02050	0.03331	0.06919	0.03844	0.62842	0.05382	0.01025	0.01025	0.01538	0.00641	0.00641
24	0.03817	0.01594	0.02157	0.01724	0.02379	0.01395	0.01395	0.04251	0.03017	0.41921	0.18880	0.04826	0.04718	0.01552	0.01116	0.00329	0.00785	0.01306	0.01267	0.01570
25	0.02712	0.03168	0.15256	0.09397	0.31845	0.02624	0.03139	0.12066	0.02805	0.03944	0.02059	0.02538	0.01604	0.01023	0.01041	0.00322	0.01317	0.00910	0.00598	0.01632

[dist]
# distance from previous block
# <min> <max>
0	2

[block]
# block no. 2 follows, 13 sequences, length 21
# corresponding to MSA columns:
# 504-524
name=unknown_C
#
# <colnr> <probs for GDERKNQSTAVLIFYWHMCP>
#	G	D	E	R	K	N	Q	S	T	A	V	L	I	F	Y	W	H	M	C	P
0	0.32401	0.17085	0.06931	0.01993	0.02815	0.02942	0.05392	0.08249	0.06634	0.04172	0.01890	0.02097	0.01480	0.01024	0.00803	0.00307	0.01050	0.00724	0.00658	0.01353
1	0.01751	0.01030	0.01184	0.01146	0.01393	0.00991	0.00859	0.02246	0.02577	0.04080	0.27704	0.05779	0.06084	0.01663	0.00975	0.00286	0.00496	0.01416	0.37349	0.00991
2	0.02827	0.63478	0.05540	0.01809	0.02714	0.04184	0.01809	0.03166	0.02148	0.02488	0.01470	0.01696	0.01357	0.00905	0.00678	0.00226	0.01131	0.00565	0.00452	0.01357
3	0.01476	0.01065	0.01395	0.01344	0.01575	0.00984	0.00996	0.01944	0.02898	0.04088	0.50783	0.13236	0.09683	0.02275	0.01257	0.00342	0.00510	0.02020	0.01146	0.00984
4	0.01355	0.00972	0.01287	0.01427	0.01548	0.00903	0.00987	0.01640	0.02335	0.03194	0.21842	0.44726	0.07951	0.02943	0.01317	0.00398	0.00577	0.02654	0.01040	0.00903
5	0.02630	0.02271	0.02391	0.02152	0.02749	0.02630	0.01674	0.05618	0.54336	0.04423	0.04303	0.03945	0.03228	0.01434	0.01076	0.00359	0.00837	0.01195	0.01076	0.01674
6	0.01557	0.01121	0.01499	0.01512	0.01759	0.01062	0.01206	0.02053	0.02828	0.03923	0.40941	0.09084	0.08831	0.02385	0.01310	0.00378	0.00639	0.15814	0.01108	0.00991
7	0.02121	0.05469	0.57364	0.03014	0.04576	0.02455	0.03906	0.03348	0.02232	0.03348	0.01897	0.02232	0.01339	0.01005	0.01005	0.00335	0.01563	0.00781	0.00446	0.01563
8	0.01250	0.01071	0.01071	0.01071	0.01428	0.00893	0.00803	0.01517	0.02410	0.02856	0.10711	0.10175	0.55817	0.02678	0.01250	0.00357	0.00536	0.02231	0.00982	0.00893
9	0.02121	0.05469	0.57364	0.03014	0.04576	0.02455	0.03906	0.03348	0.02232	0.03348	0.01897	0.02232	0.01339	0.01005	0.01005	0.00335	0.01563	0.00781	0.00446	0.01563
10	0.02313	0.02313	0.03238	0.02776	0.02776	0.03238	0.02313	0.02545	0.01619	0.02545	0.01388	0.02313	0.01388	0.01851	0.03470	0.00463	0.60907	0.00925	0.00463	0.01157
11	0.01329	0.01074	0.01181	0.01155	0.01477	0.00926	0.00866	0.01672	0.02598	0.03303	0.25217	0.09441	0.41033	0.02511	0.01249	0.00349	0.00524	0.02128	0.01041	0.00926
12	0.03075	0.50569	0.04978	0.02011	0.02836	0.16203	0.01861	0.03399	0.02336	0.02510	0.01506	0.01743	0.01358	0.00945	0.00739	0.00236	0.01302	0.00591	0.00473	0.01328
13	0.02901	0.01658	0.02000	0.01722	0.02256	0.01663	0.01355	0.04119	0.18382	0.20900	0.19652	0.05025	0.05023	0.01597	0.01095	0.00332	0.00726	0.01352	0.06791	0.01453
14	0.02958	0.39393	0.12836	0.02462	0.07326	0.08943	0.02246	0.03454	0.02331	0.06811	0.01796	0.02015	0.01475	0.00971	0.00813	0.00262	0.01265	0.00677	0.00531	0.01434
15	0.04744	0.01799	0.02454	0.01881	0.02699	0.01554	0.01554	0.05153	0.03026	0.56979	0.04171	0.03599	0.02617	0.01309	0.01063	0.00327	0.00900	0.01063	0.01309	0.01799
16	0.01349	0.00963	0.01296	0.01541	0.01629	0.00911	0.01087	0.01577	0.02084	0.02767	0.05794	0.54847	0.06861	0.03256	0.01366	0.00438	0.00666	0.09714	0.00980	0.00875
17	0.02447	0.12375	0.17206	0.11783	0.08477	0.02495	0.09938	0.03192	0.02344	0.07234	0.02579	0.03860	0.02199	0.01275	0.01071	0.00343	0.01344	0.07832	0.00612	0.01394
18	0.02914	0.03908	0.30173	0.03043	0.04282	0.02365	0.13969	0.07281	0.02660	0.15337	0.02495	0.02690	0.01710	0.01065	0.01075	0.00337	0.01437	0.00958	0.00698	0.01601
19	0.02691	0.01300	0.01749	0.01602	0.02001	0.01162	0.01210	0.03031	0.02628	0.24355	0.15993	0.27382	0.05921	0.02276	0.01215	0.00368	0.00701	0.02005	0.01150	0.01258
20	0.04007	0.02406	0.10950	0.02057	0.02946	0.01791	0.01911	0.08557	0.03062	0.40102	0.07960	0.03656	0.02962	0.01329	0.01069	0.00328	0.00991	0.01081	0.01142	0.01696

[dist]
# distance from previous block
# <min> <max>
2	16

[block]
# block no. 3 follows, 13 sequences, length 159
# corresponding to MSA columns:
# 541-581,588-705
name=unknown_D
#
# <colnr> <probs for GDERKNQSTAVLIFYWHMCP>
#	G	D	E	R	K	N	Q	S	T	A	V	L	I	F	Y	W	H	M	C	P
0	0.01266	0.01072	0.01094	0.01088	0.01438	0.00900	0.00816	0.01549	0.02449	0.02949	0.13724	0.10023	0.52747	0.02643	0.01249	0.00355	0.00533	0.02210	0.00994	0.00900
1	0.02504	0.02829	0.06108	0.04593	0.08923	0.02663	0.49114	0.03377	0.02490	0.03391	0.02129	0.02836	0.01609	0.00895	0.01234	0.00354	0.01747	0.01227	0.00534	0.01443
2	0.02827	0.63478	0.05540	0.01809	0.02714	0.04184	0.01809	0.03166	0.02148	0.02488	0.01470	0.01696	0.01357	0.00905	0.00678	0.00226	0.01131	0.00565	0.00452	0.01357
3	0.02617	0.02512	0.04292	0.06490	0.56246	0.02512	0.03245	0.03245	0.02407	0.03454	0.01989	0.02617	0.01675	0.00942	0.01047	0.00314	0.01256	0.00942	0.00523	0.01675
4	0.01537	0.01051	0.01424	0.01445	0.01534	0.01128	0.01000	0.01668	0.01634	0.02261	0.03170	0.10211	0.03376	0.26965	0.28211	0.08804	0.01768	0.01422	0.00618	0.00773
5	0.03838	0.01753	0.02522	0.14947	0.03628	0.01683	0.01815	0.04322	0.02819	0.40103	0.08239	0.03806	0.03001	0.01328	0.01078	0.00333	0.00978	0.01111	0.01107	0.01588
6	0.02496	0.02852	0.06239	0.04456	0.05526	0.02674	0.52406	0.03387	0.02496	0.03387	0.02139	0.02852	0.01604	0.00891	0.01248	0.00357	0.01783	0.01248	0.00535	0.01426
7	0.02617	0.02512	0.04292	0.06490	0.56246	0.02512	0.03245	0.03245	0.02407	0.03454	0.01989	0.02617	0.01675	0.00942	0.01047	0.00314	0.01256	0.00942	0.00523	0.01675
8	0.02123	0.03087	0.18957	0.08322	0.04532	0.02207	0.23071	0.03002	0.02501	0.03507	0.14112	0.03815	0.03400	0.01223	0.01164	0.00345	0.01400	0.01242	0.00646	0.01345
9	0.02252	0.02223	0.03120	0.02693	0.02708	0.03091	0.02237	0.02494	0.01625	0.02538	0.01499	0.02455	0.01484	0.02317	0.07708	0.00558	0.56447	0.00941	0.00471	0.01140
10	0.01538	0.01025	0.01153	0.01153	0.01153	0.01025	0.00641	0.01538	0.01538	0.02050	0.03331	0.06919	0.03844	0.62842	0.05382	0.01025	0.01025	0.01538	0.00641	0.00641
11	0.03465	0.02433	0.07152	0.07691	0.07825	0.02206	0.10111	0.07799	0.09994	0.25225	0.03232	0.03217	0.02220	0.01186	0.01088	0.00337	0.01167	0.01064	0.00945	0.01644
12	0.03887	0.07935	0.07132	0.02682	0.07497	0.10595	0.05562	0.08674	0.02978	0.28023	0.02945	0.02867	0.02016	0.01159	0.01022	0.00311	0.01229	0.00938	0.00923	0.01624
13	0.03951	0.02126	0.02587	0.02097	0.02684	0.06636	0.01712	0.04318	0.02733	0.37554	0.07003	0.03495	0.02776	0.01461	0.01561	0.00351	0.13271	0.01063	0.01061	0.01563
14	0.64755	0.02295	0.01675	0.01502	0.02147	0.07079	0.01220	0.03201	0.01900	0.04563	0.01486	0.01733	0.01163	0.00991	0.00679	0.00323	0.00909	0.00582	0.00645	0.01152
15	0.01496	0.01081	0.01413	0.01330	0.01580	0.00998	0.00998	0.01995	0.02993	0.04240	0.55689	0.07898	0.09976	0.02162	0.01247	0.00333	0.00499	0.01912	0.01164	0.00998
16	0.02424	0.01926	0.02388	0.02002	0.07019	0.01513	0.01443	0.02902	0.02274	0.07557	0.02064	0.02336	0.01656	0.00837	0.00827	0.00183	0.00832	0.00686	0.00670	0.58460
17	0.01379	0.00954	0.01204	0.01372	0.01495	0.00888	0.00941	0.01632	0.02164	0.02987	0.10408	0.46544	0.10872	0.02927	0.01265	0.00395	0.00583	0.02620	0.08481	0.00888
18	0.34508	0.01941	0.01946	0.01547	0.02329	0.01888	0.01263	0.03367	0.02175	0.14727	0.02146	0.02251	0.01579	0.00981	0.00779	0.00270	0.00823	0.00688	0.00775	0.24017
19	0.02409	0.21390	0.16201	0.02363	0.03450	0.02655	0.09042	0.03068	0.02230	0.03127	0.01796	0.02142	0.01457	0.00884	0.00865	0.00245	0.01201	0.00728	0.00521	0.24226
20	0.01890	0.01118	0.01336	0.01273	0.01376	0.01105	0.00790	0.01962	0.01714	0.08148	0.03389	0.06355	0.03623	0.52128	0.08703	0.00996	0.01140	0.01456	0.00709	0.00790
21	0.02652	0.01770	0.02785	0.31108	0.09149	0.01935	0.02336	0.03211	0.02387	0.16480	0.03128	0.09038	0.02623	0.01468	0.01118	0.00361	0.01161	0.05189	0.00773	0.01328
22	0.09301	0.17330	0.15223	0.02321	0.03258	0.13718	0.02256	0.11795	0.02862	0.09604	0.02069	0.02204	0.01547	0.01074	0.00905	0.00294	0.01326	0.00754	0.00681	0.01479
23	0.01392	0.01061	0.01115	0.01102	0.01425	0.00923	0.00826	0.01730	0.02479	0.03238	0.17086	0.08918	0.40756	0.02388	0.01177	0.00337	0.00523	0.02003	0.10599	0.00923
24	0.03126	0.07596	0.03424	0.03695	0.24635	0.02149	0.02203	0.03632	0.02506	0.18105	0.02519	0.02710	0.01882	0.01004	0.00959	0.00274	0.01040	0.00871	0.00756	0.16915
25	0.02687	0.26976	0.03228	0.01605	0.02208	0.06651	0.01409	0.08428	0.02549	0.03553	0.02412	0.02726	0.01961	0.01092	0.00765	0.00248	0.00928	0.00789	0.28542	0.01244
26	0.02420	0.08702	0.25861	0.18167	0.04784	0.02595	0.02966	0.10033	0.02575	0.03576	0.01945	0.02385	0.01444	0.01028	0.00979	0.00312	0.01360	0.00816	0.00555	0.07499
27	0.22145	0.01966	0.02469	0.02396	0.10045	0.01909	0.01681	0.04333	0.02608	0.35358	0.03136	0.02953	0.02087	0.01169	0.00951	0.00325	0.00928	0.00914	0.01022	0.01605
28	0.02773	0.08973	0.11563	0.01908	0.02645	0.01854	0.05893	0.03384	0.02422	0.15861	0.03031	0.03242	0.02221	0.01147	0.00893	0.00287	0.00941	0.00945	0.28672	0.01346
29	0.02193	0.01202	0.01637	0.01694	0.01978	0.01115	0.01308	0.02511	0.02365	0.15277	0.05386	0.35160	0.05744	0.02747	0.01314	0.00421	0.00776	0.15012	0.01054	0.01106
30	0.02779	0.03721	0.26486	0.03363	0.04586	0.02366	0.22610	0.03715	0.02491	0.13795	0.02435	0.02743	0.01693	0.01019	0.01112	0.00342	0.01521	0.01020	0.00649	0.01555
31	0.22020	0.02279	0.02514	0.08636	0.06878	0.06830	0.01788	0.07505	0.02684	0.24863	0.02701	0.02714	0.01853	0.01145	0.00941	0.00324	0.01062	0.00868	0.00901	0.01495
32	0.03556	0.01783	0.02209	0.01829	0.02451	0.01741	0.01440	0.04624	0.16711	0.32457	0.08280	0.04407	0.03513	0.08210	0.01559	0.00413	0.00864	0.01220	0.01160	0.01573
33	0.38627	0.01867	0.01898	0.01579	0.02264	0.01933	0.01294	0.03823	0.02384	0.25354	0.07078	0.02979	0.02466	0.01210	0.00866	0.00328	0.00824	0.00879	0.00956	0.01391
34	0.03019	0.12621	0.03900	0.18608	0.11894	0.07456	0.06835	0.10394	0.02774	0.09382	0.02176	0.02578	0.01640	0.01061	0.01002	0.00312	0.01325	0.00899	0.00662	0.01459
35	0.03872	0.07416	0.10478	0.02055	0.02957	0.02086	0.01918	0.11057	0.03068	0.34220	0.03865	0.03567	0.05962	0.01324	0.01036	0.00321	0.01023	0.01050	0.01060	0.01666
36	0.01621	0.01176	0.01426	0.01374	0.01389	0.01292	0.00878	0.01676	0.01559	0.02136	0.03078	0.06198	0.03480	0.51886	0.09261	0.01015	0.07780	0.01439	0.00615	0.00721
37	0.59318	0.02356	0.01809	0.01586	0.02248	0.06770	0.01291	0.07606	0.02173	0.04749	0.01579	0.01805	0.01220	0.01015	0.00713	0.00322	0.00932	0.00615	0.00682	0.01209
38	0.01523	0.01081	0.01438	0.01438	0.01536	0.01180	0.00995	0.01720	0.01622	0.02261	0.03071	0.05479	0.03218	0.34237	0.33131	0.01376	0.01966	0.01327	0.00602	0.00799
39	0.02192	0.01879	0.02192	0.01566	0.02506	0.01409	0.01253	0.02662	0.02192	0.03445	0.01879	0.02192	0.01566	0.00783	0.00783	0.00157	0.00783	0.00626	0.00626	0.69305
40	0.01436	0.00999	0.01259	0.01354	0.01405	0.01002	0.00869	0.01561	0.01750	0.02360	0.04235	0.28079	0.04904	0.31903	0.11292	0.00887	0.01118	0.02054	0.00763	0.00768
41	0.01704	0.01217	0.01704	0.01947	0.02191	0.01217	0.01704	0.02191	0.02434	0.03164	0.05598	0.11926	0.06085	0.02921	0.01460	0.00487	0.00974	0.49130	0.00974	0.00974
42	0.01282	0.00945	0.01201	0.01406	0.01516	0.00864	0.00952	0.01480	0.02088	0.02725	0.06633	0.53582	0.15043	0.03208	0.01333	0.00417	0.00601	0.02878	0.00982	0.00864
43	0.02617	0.02512	0.04292	0.06490	0.56246	0.02512	0.03245	0.03245	0.02407	0.03454	0.01989	0.02617	0.01675	0.00942	0.01047	0.00314	0.01256	0.00942	0.00523	0.01675
44	0.04160	0.02367	0.02737	0.02115	0.02908	0.02441	0.01742	0.30520	0.04014	0.26226	0.03243	0.03053	0.02184	0.01282	0.01038	0.00316	0.01013	0.00998	0.05903	0.01742
45	0.02391	0.02282	0.03883	0.26093	0.38408	0.02453	0.03132	0.03047	0.02301	0.03180	0.01949	0.02690	0.01578	0.00984	0.01051	0.00328	0.01312	0.00941	0.00504	0.01493
46	0.02041	0.01907	0.03116	0.56212	0.06963	0.02369	0.02848	0.02907	0.05786	0.02822	0.02050	0.02898	0.01537	0.01084	0.01058	0.00353	0.01369	0.00958	0.00512	0.01210
47	0.01357	0.00969	0.01305	0.01551	0.01642	0.00918	0.01101	0.01591	0.02092	0.02776	0.05790	0.53871	0.06843	0.03248	0.01368	0.00439	0.00673	0.10611	0.00980	0.00878
48	0.04744	0.01799	0.02454	0.01881	0.02699	0.01554	0.01554	0.05153	0.03026	0.56979	0.04171	0.03599	0.02617	0.01309	0.01063	0.00327	0.00900	0.01063	0.01309	0.01799
49	0.01510	0.01133	0.01699	0.01699	0.01888	0.01322	0.01322	0.01888	0.01699	0.02454	0.02832	0.04154	0.02643	0.07930	0.58652	0.01699	0.02832	0.01133	0.00566	0.00944
50	0.02827	0.63478	0.05540	0.01809	0.02714	0.04184	0.01809	0.03166	0.02148	0.02488	0.01470	0.01696	0.01357	0.00905	0.00678	0.00226	0.01131	0.00565	0.00452	0.01357
51	0.70310	0.02045	0.01554	0.01390	0.02045	0.02372	0.01145	0.03108	0.01799	0.04744	0.01472	0.01718	0.01145	0.00981	0.00654	0.00327	0.00818	0.00573	0.00654	0.01145
52	0.02147	0.02032	0.03442	0.47296	0.19116	0.02388	0.03011	0.02833	0.02185	0.02883	0.01906	0.02770	0.01474	0.01029	0.01055	0.00343	0.01372	0.00940	0.00483	0.01295
53	0.70310	0.02045	0.01554	0.01390	0.02045	0.02372	0.01145	0.03108	0.01799	0.04744	0.01472	0.01718	0.01145	0.00981	0.00654	0.00327	0.00818	0.00573	0.00654	0.01145
54	0.03950	0.05039	0.02996	0.02724	0.03269	0.58597	0.02043	0.04222	0.02996	0.02588	0.01634	0.01907	0.01362	0.01090	0.00953	0.00272	0.01907	0.00681	0.00545	0.01226
55	0.03871	0.01619	0.02250	0.01832	0.02480	0.01491	0.01491	0.04271	0.02668	0.42259	0.03810	0.03749	0.02624	0.03096	0.16610	0.00698	0.01421	0.01082	0.01108	0.01568
56	0.01496	0.01081	0.01413	0.01330	0.01580	0.00998	0.00998	0.01995	0.02993	0.04240	0.55689	0.07898	0.09976	0.02162	0.01247	0.00333	0.00499	0.01912	0.01164	0.00998
57	0.02763	0.01361	0.01819	0.01545	0.02016	0.01215	0.01215	0.03227	0.03006	0.24815	0.35590	0.06221	0.07105	0.01829	0.01175	0.00330	0.00655	0.01581	0.01220	0.01310
58	0.02647	0.02718	0.07921	0.12527	0.35969	0.02586	0.07488	0.08661	0.02649	0.03699	0.02042	0.02628	0.01625	0.00993	0.01064	0.00325	0.01334	0.00959	0.00571	0.01594
59	0.03255	0.09334	0.03079	0.02236	0.02976	0.03084	0.01835	0.25820	0.27114	0.05183	0.03223	0.03085	0.02400	0.01304	0.01024	0.00326	0.01011	0.01020	0.00999	0.01693
60	0.03082	0.03415	0.25084	0.07551	0.03903	0.02118	0.02646	0.07766	0.02684	0.20156	0.02649	0.02727	0.01803	0.01100	0.01007	0.00313	0.01226	0.00879	0.00784	0.09105
61	0.09181	0.03039	0.15076	0.02230	0.03172	0.06424	0.02144	0.08515	0.06342	0.28542	0.03109	0.02938	0.02081	0.01201	0.01009	0.00326	0.01140	0.00929	0.00963	0.01640
62	0.14955	0.47221	0.09429	0.01841	0.02758	0.03703	0.01876	0.03172	0.02093	0.02972	0.01508	0.01748	0.01317	0.00927	0.00703	0.00254	0.01113	0.00586	0.00488	0.01337
63	0.01672	0.01093	0.01314	0.01341	0.01623	0.00961	0.00973	0.01941	0.02375	0.08890	0.11838	0.29792	0.26799	0.02734	0.01268	0.00380	0.00603	0.02381	0.01033	0.00988
64	0.03718	0.24261	0.08525	0.02060	0.02958	0.06710	0.01925	0.08071	0.02800	0.25047	0.02703	0.02600	0.01903	0.01120	0.00914	0.00287	0.01132	0.00826	0.00855	0.01581
65	0.09921	0.20992	0.03365	0.01886	0.02693	0.07208	0.01637	0.04284	0.02646	0.31082	0.02891	0.02707	0.01995	0.01137	0.00900	0.00292	0.01048	0.00835	0.00924	0.01558
66	0.04744	0.01799	0.02454	0.01881	0.02699	0.01554	0.01554	0.05153	0.03026	0.56979	0.04171	0.03599	0.02617	0.01309	0.01063	0.00327	0.00900	0.01063	0.01309	0.01799
67	0.02101	0.01202	0.01594	0.01452	0.01791	0.01090	0.01103	0.02547	0.02892	0.14257	0.40228	0.13062	0.08225	0.02124	0.01223	0.00342	0.00589	0.01869	0.01172	0.01137
68	0.03823	0.02545	0.11714	0.02477	0.07478	0.01935	0.02097	0.09728	0.03055	0.34346	0.07050	0.03475	0.02753	0.01283	0.01064	0.00327	0.01040	0.01054	0.01062	0.01693
69	0.03730	0.02372	0.03515	0.03646	0.19489	0.02334	0.06697	0.15075	0.03225	0.24531	0.02956	0.02994	0.02055	0.01150	0.01073	0.00324	0.01147	0.01018	0.00943	0.01728
70	0.01288	0.00920	0.01227	0.01472	0.01534	0.00859	0.00981	0.01472	0.02024	0.02699	0.05828	0.62152	0.06993	0.03312	0.01350	0.00429	0.00613	0.03006	0.00981	0.00859
71	0.70310	0.02045	0.01554	0.01390	0.02045	0.02372	0.01145	0.03108	0.01799	0.04744	0.01472	0.01718	0.01145	0.00981	0.00654	0.00327	0.00818	0.00573	0.00654	0.01145
72	0.70310	0.02045	0.01554	0.01390	0.02045	0.02372	0.01145	0.03108	0.01799	0.04744	0.01472	0.01718	0.01145	0.00981	0.00654	0.00327	0.00818	0.00573	0.00654	0.01145
73	0.01496	0.01069	0.01445	0.01472	0.01576	0.01161	0.01032	0.01712	0.01675	0.02332	0.03348	0.11587	0.03569	0.27776	0.32573	0.01309	0.01917	0.01490	0.00640	0.00822
74	0.21132	0.18944	0.29065	0.02266	0.03414	0.02862	0.02622	0.03237	0.02092	0.03520	0.01674	0.01957	0.01290	0.00973	0.00827	0.00306	0.01250	0.00670	0.00505	0.01396
75	0.03055	0.02552	0.04279	0.03697	0.11948	0.05915	0.23061	0.03911	0.07002	0.15337	0.06005	0.03322	0.02474	0.01128	0.01143	0.00337	0.01358	0.01160	0.00789	0.01528
76	0.70310	0.02045	0.01554	0.01390	0.02045	0.02372	0.01145	0.03108	0.01799	0.04744	0.01472	0.01718	0.01145	0.00981	0.00654	0.00327	0.00818	0.00573	0.00654	0.01145
77	0.01288	0.00920	0.01227	0.01472	0.01534	0.00859	0.00981	0.01472	0.02024	0.02699	0.05828	0.62152	0.06993	0.03312	0.01350	0.00429	0.00613	0.03006	0.00981	0.00859
78	0.01510	0.01133	0.01699	0.01699	0.01888	0.01322	0.01322	0.01888	0.01699	0.02454	0.02832	0.04154	0.02643	0.07930	0.58652	0.01699	0.02832	0.01133	0.00566	0.00944
79	0.03854	0.01558	0.02040	0.01636	0.02279	0.01381	0.01326	0.04289	0.02843	0.40752	0.08339	0.04036	0.03256	0.01363	0.01007	0.00310	0.00775	0.01117	0.16288	0.01551
80	0.02121	0.05469	0.57364	0.03014	0.04576	0.02455	0.03906	0.03348	0.02232	0.03348	0.01897	0.02232	0.01339	0.01005	0.01005	0.00335	0.01563	0.00781	0.00446	0.01563
81	0.02656	0.02269	0.03900	0.22042	0.31678	0.02370	0.06741	0.03303	0.02394	0.09136	0.02208	0.02804	0.01694	0.01013	0.01067	0.00330	0.01303	0.00978	0.00595	0.01519
82	0.01779	0.00939	0.01334	0.01334	0.01334	0.00939	0.00865	0.01408	0.01408	0.01878	0.02125	0.03930	0.02224	0.15102	0.04374	0.56062	0.00939	0.01038	0.00494	0.00494
83	0.02662	0.01339	0.01787	0.01528	0.01981	0.01197	0.01197	0.03128	0.03005	0.23168	0.37199	0.06355	0.07335	0.01855	0.01181	0.00331	0.00643	0.01607	0.01216	0.01285
84	0.02192	0.01879	0.02192	0.01566	0.02506	0.01409	0.01253	0.02662	0.02192	0.03445	0.01879	0.02192	0.01566	0.00783	0.00783	0.00157	0.00783	0.00626	0.00626	0.69305
85	0.01535	0.01033	0.01195	0.01195	0.01210	0.01048	0.00693	0.01564	0.01550	0.02081	0.03293	0.06707	0.03752	0.58625	0.09473	0.01077	0.01164	0.01506	0.00635	0.00664
86	0.01919	0.01967	0.10501	0.13100	0.03232	0.01526	0.01865	0.02564	0.02706	0.07507	0.33266	0.05730	0.06454	0.01707	0.01160	0.00336	0.00869	0.01488	0.00928	0.01176
87	0.02607	0.02062	0.03346	0.18585	0.30430	0.02151	0.02629	0.03211	0.02376	0.09249	0.02408	0.02962	0.01858	0.01052	0.01008	0.00315	0.01148	0.00961	0.10176	0.01467
88	0.02121	0.05469	0.57364	0.03014	0.04576	0.02455	0.03906	0.03348	0.02232	0.03348	0.01897	0.02232	0.01339	0.01005	0.01005	0.00335	0.01563	0.00781	0.00446	0.01563
89	0.01288	0.00920	0.01227	0.01472	0.01534	0.00859	0.00981	0.01472	0.02024	0.02699	0.05828	0.62152	0.06993	0.03312	0.01350	0.00429	0.00613	0.03006	0.00981	0.00859
90	0.04744	0.01799	0.02454	0.01881	0.02699	0.01554	0.01554	0.05153	0.03026	0.56979	0.04171	0.03599	0.02617	0.01309	0.01063	0.00327	0.00900	0.01063	0.01309	0.01799
91	0.01496	0.01081	0.01413	0.01330	0.01580	0.00998	0.00998	0.01995	0.02993	0.04240	0.55689	0.07898	0.09976	0.02162	0.01247	0.00333	0.00499	0.01912	0.01164	0.00998
92	0.01704	0.01217	0.01704	0.01947	0.02191	0.01217	0.01704	0.02191	0.02434	0.03164	0.05598	0.11926	0.06085	0.02921	0.01460	0.00487	0.00974	0.49130	0.00974	0.00974
93	0.01496	0.01081	0.01413	0.01330	0.01580	0.00998	0.00998	0.01995	0.02993	0.04240	0.55689	0.07898	0.09976	0.02162	0.01247	0.00333	0.00499	0.01912	0.01164	0.00998
94	0.08227	0.01305	0.01599	0.01421	0.01826	0.01219	0.01102	0.02667	0.02844	0.14410	0.37083	0.06705	0.11613	0.01934	0.01159	0.00333	0.00608	0.01655	0.01131	0.01158
95	0.02052	0.01987	0.03510	0.54131	0.07088	0.02385	0.08402	0.02777	0.02156	0.02777	0.01908	0.02823	0.01431	0.01039	0.01078	0.00353	0.01451	0.00974	0.00477	0.01202
96	0.11442	0.02830	0.02881	0.02258	0.03060	0.06516	0.01852	0.37367	0.04218	0.13309	0.02593	0.02557	0.01814	0.01231	0.01007	0.00317	0.01136	0.00908	0.01015	0.01689
97	0.02195	0.02082	0.03530	0.43087	0.22946	0.02401	0.03035	0.02875	0.02208	0.02942	0.01914	0.02754	0.01494	0.01020	0.01054	0.00340	0.01360	0.00940	0.00487	0.01335
98	0.03024	0.39050	0.09314	0.02113	0.03015	0.07630	0.02034	0.11619	0.07065	0.03421	0.01934	0.02086	0.01585	0.01031	0.00823	0.00265	0.01205	0.00709	0.00610	0.01465
99	0.70310	0.02045	0.01554	0.01390	0.02045	0.02372	0.01145	0.03108	0.01799	0.04744	0.01472	0.01718	0.01145	0.00981	0.00654	0.00327	0.00818	0.00573	0.00654	0.01145
100	0.07556	0.03722	0.24206	0.02803	0.07189	0.02657	0.02726	0.21677	0.03311	0.10590	0.02363	0.02488	0.01659	0.01130	0.01011	0.00326	0.01274	0.00872	0.00785	0.01656
101	0.01720	0.01326	0.01605	0.01545	0.01841	0.01349	0.01150	0.02736	0.14652	0.04004	0.34838	0.16788	0.07882	0.02202	0.01226	0.00356	0.00597	0.01945	0.01111	0.01128
102	0.02258	0.01639	0.02543	0.26717	0.08735	0.01773	0.02082	0.02842	0.02578	0.10934	0.21241	0.04708	0.04631	0.01473	0.01124	0.00339	0.01003	0.01301	0.00838	0.01242
103	0.04446	0.02276	0.02749	0.02108	0.02937	0.02262	0.01741	0.24676	0.03824	0.36328	0.03501	0.03164	0.02281	0.01292	0.01061	0.00323	0.01008	0.01018	0.01206	0.01799
104	0.01520	0.01096	0.01514	0.01514	0.01638	0.01221	0.01090	0.01769	0.01644	0.02317	0.03002	0.05094	0.03051	0.26595	0.40545	0.01470	0.02218	0.01270	0.00592	0.00841
105	0.02192	0.01879	0.02192	0.01566	0.02506	0.01409	0.01253	0.02662	0.02192	0.03445	0.01879	0.02192	0.01566	0.00783	0.00783	0.00157	0.00783	0.00626	0.00626	0.69305
106	0.01464	0.01068	0.01377	0.01324	0.01566	0.00980	0.00984	0.01924	0.02881	0.04032	0.48948	0.12212	0.12715	0.02283	0.01255	0.00342	0.00510	0.02017	0.01138	0.00980
107	0.01809	0.01409	0.01682	0.01556	0.01902	0.01447	0.01184	0.02993	0.17131	0.04290	0.41539	0.06809	0.08118	0.01961	0.01200	0.00340	0.00592	0.01715	0.01140	0.01184
108	0.02215	0.04812	0.44533	0.03376	0.04814	0.02510	0.16078	0.03358	0.02298	0.03358	0.01958	0.02388	0.01406	0.00976	0.01066	0.00340	0.01618	0.00898	0.00469	0.01528
109	0.02630	0.02271	0.02391	0.02152	0.02749	0.02630	0.01674	0.05618	0.54336	0.04423	0.04303	0.03945	0.03228	0.01434	0.01076	0.00359	0.00837	0.01195	0.01076	0.01674
110	0.01444	0.01428	0.05979	0.01401	0.01776	0.01070	0.01175	0.01892	0.02627	0.03533	0.30654	0.14176	0.24215	0.02364	0.01239	0.00352	0.00613	0.02044	0.01023	0.00995
111	0.02313	0.02313	0.03238	0.02776	0.02776	0.03238	0.02313	0.02545	0.01619	0.02545	0.01388	0.02313	0.01388	0.01851	0.03470	0.00463	0.60907	0.00925	0.00463	0.01157
112	0.02459	0.02874	0.15633	0.15632	0.25920	0.02262	0.03007	0.03209	0.02409	0.07675	0.06634	0.03094	0.02320	0.01111	0.01057	0.00329	0.01263	0.00997	0.00613	0.01503
113	0.03419	0.32680	0.04200	0.02291	0.03006	0.32860	0.01932	0.03723	0.02595	0.02540	0.01557	0.01807	0.01360	0.01002	0.00823	0.00251	0.01540	0.00626	0.00501	0.01288
114	0.03973	0.04333	0.03056	0.02625	0.03272	0.39794	0.02032	0.20707	0.03668	0.03973	0.01942	0.02121	0.01510	0.01151	0.00989	0.00288	0.01654	0.00773	0.00719	0.01420
115	0.01250	0.01071	0.01071	0.01071	0.01428	0.00893	0.00803	0.01517	0.02410	0.02856	0.10711	0.10175	0.55817	0.02678	0.01250	0.00357	0.00536	0.02231	0.00982	0.00893
116	0.01910	0.00980	0.01007	0.01029	0.01259	0.00974	0.00761	0.02375	0.02200	0.03831	0.03661	0.09119	0.03091	0.01417	0.00793	0.00263	0.00503	0.01165	0.62688	0.00974
117	0.02265	0.25720	0.03495	0.01927	0.02312	0.02822	0.01657	0.02467	0.01979	0.02624	0.07877	0.08138	0.02886	0.01902	0.02040	0.10014	0.17122	0.01078	0.00582	0.01093
118	0.01793	0.01431	0.01649	0.01533	0.01902	0.01464	0.01167	0.02992	0.18075	0.04081	0.33567	0.07081	0.15053	0.02026	0.01197	0.00344	0.00604	0.01750	0.01110	0.01181
119	0.02630	0.02271	0.02391	0.02152	0.02749	0.02630	0.01674	0.05618	0.54336	0.04423	0.04303	0.03945	0.03228	0.01434	0.01076	0.00359	0.00837	0.01195	0.01076	0.01674
120	0.02175	0.04084	0.35879	0.07479	0.04111	0.02366	0.03055	0.03647	0.13753	0.03424	0.02551	0.03055	0.01975	0.06281	0.01391	0.00399	0.01343	0.00950	0.00605	0.01477
121	0.03565	0.02062	0.02419	0.02032	0.02727	0.02154	0.01621	0.05412	0.31626	0.27685	0.04245	0.03792	0.02957	0.01379	0.01070	0.00345	0.00865	0.01137	0.01179	0.01729
122	0.02192	0.01879	0.02192	0.01566	0.02506	0.01409	0.01253	0.02662	0.02192	0.03445	0.01879	0.02192	0.01566	0.00783	0.00783	0.00157	0.00783	0.00626	0.00626	0.69305
123	0.04744	0.01799	0.02454	0.01881	0.02699	0.01554	0.01554	0.05153	0.03026	0.56979	0.04171	0.03599	0.02617	0.01309	0.01063	0.00327	0.00900	0.01063	0.01309	0.01799
124	0.06948	0.14705	0.03275	0.10254	0.03402	0.06845	0.06243	0.03029	0.02311	0.07545	0.02712	0.09741	0.02527	0.01396	0.00990	0.00309	0.01131	0.05074	0.00681	0.10881
125	0.01411	0.01077	0.01295	0.01240	0.01527	0.00961	0.00930	0.01830	0.02791	0.03761	0.40110	0.08687	0.25854	0.02340	0.01248	0.00341	0.00512	0.02023	0.01101	0.00961
126	0.02910	0.14115	0.03095	0.01840	0.02743	0.02406	0.01561	0.14909	0.02901	0.07319	0.02098	0.02265	0.01646	0.00955	0.00846	0.00219	0.00949	0.00719	0.00738	0.35765
127	0.02864	0.02727	0.06508	0.01934	0.02687	0.14332	0.01611	0.03301	0.02504	0.11269	0.06077	0.03142	0.02444	0.06259	0.01300	0.00307	0.01114	0.00884	0.00736	0.28000
128	0.10838	0.07580	0.03217	0.12282	0.15489	0.02361	0.02172	0.07773	0.02684	0.21507	0.02641	0.02789	0.01870	0.01110	0.00979	0.00318	0.01095	0.00909	0.00828	0.01559
129	0.02029	0.01266	0.01634	0.01553	0.01878	0.01207	0.01189	0.02670	0.07098	0.11309	0.31369	0.16627	0.07537	0.02242	0.01242	0.00364	0.00643	0.05873	0.01130	0.01141
130	0.03794	0.02244	0.04053	0.02969	0.03894	0.02027	0.23043	0.04406	0.02802	0.34332	0.03312	0.03283	0.02189	0.01132	0.01141	0.00340	0.01273	0.01141	0.00982	0.01642
131	0.02827	0.03019	0.19828	0.22461	0.09168	0.02181	0.02888	0.03607	0.02421	0.17615	0.02512	0.02832	0.01735	0.01099	0.01042	0.00337	0.01307	0.00924	0.00693	0.01504
132	0.03015	0.02739	0.13761	0.16645	0.15652	0.02185	0.05972	0.03726	0.02499	0.19440	0.02616	0.02902	0.01830	0.01088	0.01059	0.00334	0.01276	0.00967	0.00735	0.01560
133	0.04284	0.01698	0.02306	0.01803	0.02541	0.01475	0.01475	0.04706	0.03021	0.49514	0.11463	0.04207	0.03659	0.01429	0.01089	0.00328	0.00843	0.01183	0.01288	0.01686
134	0.02315	0.02772	0.10469	0.11171	0.12528	0.02432	0.25143	0.03299	0.06591	0.03345	0.02953	0.03448	0.06247	0.01126	0.01154	0.00348	0.01453	0.01191	0.00596	0.01421
135	0.02898	0.03191	0.22474	0.09210	0.08085	0.02063	0.06193	0.03672	0.02507	0.19539	0.03323	0.03428	0.06185	0.01225	0.01068	0.00336	0.01253	0.01047	0.00766	0.01536
136	0.02492	0.01301	0.01732	0.01499	0.01923	0.01168	0.01168	0.02963	0.03003	0.20401	0.39902	0.06581	0.07721	0.01900	0.01191	0.00331	0.00622	0.01652	0.01208	0.01243
137	0.04744	0.01799	0.02454	0.01881	0.02699	0.01554	0.01554	0.05153	0.03026	0.56979	0.04171	0.03599	0.02617	0.01309	0.01063	0.00327	0.00900	0.01063	0.01309	0.01799
138	0.02223	0.03793	0.30296	0.03835	0.19904	0.02311	0.03193	0.03300	0.06640	0.03399	0.02562	0.09114	0.02225	0.01277	0.01062	0.00341	0.01303	0.01111	0.00582	0.01528
139	0.03143	0.02620	0.04035	0.11629	0.18979	0.07120	0.13954	0.07794	0.02771	0.13777	0.02443	0.02819	0.01788	0.01056	0.01090	0.00328	0.01376	0.01014	0.00716	0.01548
140	0.04744	0.01799	0.02454	0.01881	0.02699	0.01554	0.01554	0.05153	0.03026	0.56979	0.04171	0.03599	0.02617	0.01309	0.01063	0.00327	0.00900	0.01063	0.01309	0.01799
141	0.01340	0.01075	0.01196	0.01165	0.01483	0.00931	0.00874	0.01691	0.02622	0.03360	0.27097	0.09346	0.39117	0.02490	0.01249	0.00348	0.00522	0.02115	0.01048	0.00931
142	0.18526	0.02011	0.02362	0.01853	0.02640	0.01964	0.01530	0.11250	0.03033	0.39012	0.03376	0.03055	0.02193	0.01234	0.00976	0.00326	0.00919	0.00944	0.01136	0.01661
143	0.03386	0.02089	0.02287	0.01836	0.02463	0.02213	0.01490	0.28002	0.03710	0.12755	0.03095	0.03191	0.02240	0.01261	0.00944	0.00293	0.00886	0.00980	0.25374	0.01507
144	0.01344	0.00944	0.01210	0.01400	0.01448	0.00896	0.00905	0.01487	0.01915	0.02553	0.05265	0.49710	0.06284	0.16722	0.02258	0.00564	0.00706	0.02675	0.00905	0.00810
145	0.02484	0.17636	0.28206	0.02420	0.03582	0.02810	0.02698	0.06749	0.09761	0.03530	0.02180	0.02368	0.01665	0.01035	0.00920	0.00293	0.01250	0.00785	0.00596	0.09031
146	0.70310	0.02045	0.01554	0.01390	0.02045	0.02372	0.01145	0.03108	0.01799	0.04744	0.01472	0.01718	0.01145	0.00981	0.00654	0.00327	0.00818	0.00573	0.00654	0.01145
147	0.04744	0.01799	0.02454	0.01881	0.02699	0.01554	0.01554	0.05153	0.03026	0.56979	0.04171	0.03599	0.02617	0.01309	0.01063	0.00327	0.00900	0.01063	0.01309	0.01799
148	0.70310	0.02045	0.01554	0.01390	0.02045	0.02372	0.01145	0.03108	0.01799	0.04744	0.01472	0.01718	0.01145	0.00981	0.00654	0.00327	0.00818	0.00573	0.00654	0.01145
149	0.01391	0.01087	0.01267	0.01252	0.01554	0.00963	0.00959	0.01774	0.02659	0.03468	0.29364	0.09352	0.32363	0.02479	0.01266	0.00357	0.00555	0.05889	0.01058	0.00944
150	0.01535	0.01037	0.01214	0.01214	0.01234	0.01058	0.00716	0.01576	0.01555	0.02095	0.03276	0.06614	0.03711	0.56775	0.11267	0.01100	0.01225	0.01493	0.00632	0.00674
151	0.70310	0.02045	0.01554	0.01390	0.02045	0.02372	0.01145	0.03108	0.01799	0.04744	0.01472	0.01718	0.01145	0.00981	0.00654	0.00327	0.00818	0.00573	0.00654	0.01145
152	0.01496	0.01081	0.01413	0.01330	0.01580	0.00998	0.00998	0.01995	0.02993	0.04240	0.55689	0.07898	0.09976	0.02162	0.01247	0.00333	0.00499	0.01912	0.01164	0.00998
153	0.02121	0.05469	0.57364	0.03014	0.04576	0.02455	0.03906	0.03348	0.02232	0.03348	0.01897	0.02232	0.01339	0.01005	0.01005	0.00335	0.01563	0.00781	0.00446	0.01563
154	0.01705	0.01273	0.01653	0.01829	0.02066	0.01305	0.01476	0.02450	0.09598	0.03197	0.05487	0.26338	0.05964	0.02833	0.01372	0.00451	0.00843	0.28131	0.00990	0.01036
155	0.01538	0.01025	0.01153	0.01153	0.01153	0.01025	0.00641	0.01538	0.01538	0.02050	0.03331	0.06919	0.03844	0.62842	0.05382	0.01025	0.01025	0.01538	0.00641	0.00641
156	0.01480	0.01168	0.01579	0.01671	0.01743	0.01267	0.01203	0.01707	0.02065	0.02844	0.10604	0.46291	0.06398	0.02944	0.01688	0.00424	0.10542	0.02542	0.00916	0.00923
157	0.01436	0.01069	0.01355	0.01547	0.01668	0.01054	0.01058	0.01930	0.07804	0.02890	0.05659	0.55721	0.06577	0.03105	0.01319	0.00422	0.00638	0.02806	0.00992	0.00949
158	0.16967	0.02882	0.16326	0.02400	0.06827	0.02114	0.02185	0.03500	0.02276	0.15179	0.02267	0.02446	0.01643	0.01080	0.01080	0.00307	0.05270	0.00792	0.00715	0.13744

[dist]
# distance from previous block
# <min> <max>
1	4

[block]
# block no. 4 follows, 13 sequences, length 62
# corresponding to MSA columns:
# 710-771
name=unknown_E
#
# <colnr> <probs for GDERKNQSTAVLIFYWHMCP>
#	G	D	E	R	K	N	Q	S	T	A	V	L	I	F	Y	W	H	M	C	P
0	0.01320	0.01023	0.01202	0.01264	0.01498	0.00906	0.00908	0.01614	0.02418	0.03126	0.19564	0.26857	0.28978	0.02768	0.01282	0.00375	0.00553	0.02414	0.01024	0.00906
1	0.01288	0.00920	0.01227	0.01472	0.01534	0.00859	0.00981	0.01472	0.02024	0.02699	0.05828	0.62152	0.06993	0.03312	0.01350	0.00429	0.00613	0.03006	0.00981	0.00859
2	0.01288	0.00920	0.01227	0.01472	0.01534	0.00859	0.00981	0.01472	0.02024	0.02699	0.05828	0.62152	0.06993	0.03312	0.01350	0.00429	0.00613	0.03006	0.00981	0.00859
3	0.03950	0.05039	0.02996	0.02724	0.03269	0.58597	0.02043	0.04222	0.02996	0.02588	0.01634	0.01907	0.01362	0.01090	0.00953	0.00272	0.01907	0.00681	0.00545	0.01226
4	0.02121	0.05469	0.57364	0.03014	0.04576	0.02455	0.03906	0.03348	0.02232	0.03348	0.01897	0.02232	0.01339	0.01005	0.01005	0.00335	0.01563	0.00781	0.00446	0.01563
5	0.01575	0.01060	0.01290	0.01233	0.01491	0.00985	0.00925	0.02051	0.02774	0.04049	0.40395	0.07264	0.12655	0.02011	0.01139	0.00316	0.00501	0.01744	0.15558	0.00985
6	0.04744	0.01799	0.02454	0.01881	0.02699	0.01554	0.01554	0.05153	0.03026	0.56979	0.04171	0.03599	0.02617	0.01309	0.01063	0.00327	0.00900	0.01063	0.01309	0.01799
7	0.02192	0.01879	0.02192	0.01566	0.02506	0.01409	0.01253	0.02662	0.02192	0.03445	0.01879	0.02192	0.01566	0.00783	0.00783	0.00157	0.00783	0.00626	0.00626	0.69305
8	0.01997	0.01879	0.03171	0.60301	0.07282	0.02349	0.02936	0.02701	0.02114	0.02701	0.01879	0.02819	0.01409	0.01057	0.01057	0.00352	0.01409	0.00940	0.00470	0.01175
9	0.02192	0.01879	0.02192	0.01566	0.02506	0.01409	0.01253	0.02662	0.02192	0.03445	0.01879	0.02192	0.01566	0.00783	0.00783	0.00157	0.00783	0.00626	0.00626	0.69305
10	0.02313	0.02313	0.03238	0.02776	0.02776	0.03238	0.02313	0.02545	0.01619	0.02545	0.01388	0.02313	0.01388	0.01851	0.03470	0.00463	0.60907	0.00925	0.00463	0.01157
11	0.03950	0.05039	0.02996	0.02724	0.03269	0.58597	0.02043	0.04222	0.02996	0.02588	0.01634	0.01907	0.01362	0.01090	0.00953	0.00272	0.01907	0.00681	0.00545	0.01226
12	0.04019	0.02962	0.03173	0.02433	0.03279	0.03279	0.02010	0.52721	0.04971	0.06663	0.02538	0.02538	0.01798	0.01269	0.01058	0.00317	0.01163	0.00952	0.01058	0.01798
13	0.70310	0.02045	0.01554	0.01390	0.02045	0.02372	0.01145	0.03108	0.01799	0.04744	0.01472	0.01718	0.01145	0.00981	0.00654	0.00327	0.00818	0.00573	0.00654	0.01145
14	0.02313	0.02313	0.03238	0.02776	0.02776	0.03238	0.02313	0.02545	0.01619	0.02545	0.01388	0.02313	0.01388	0.01851	0.03470	0.00463	0.60907	0.00925	0.00463	0.01157
15	0.01510	0.01133	0.01699	0.01699	0.01888	0.01322	0.01322	0.01888	0.01699	0.02454	0.02832	0.04154	0.02643	0.07930	0.58652	0.01699	0.02832	0.01133	0.00566	0.00944
16	0.02630	0.02271	0.02391	0.02152	0.02749	0.02630	0.01674	0.05618	0.54336	0.04423	0.04303	0.03945	0.03228	0.01434	0.01076	0.00359	0.00837	0.01195	0.01076	0.01674
17	0.01379	0.01113	0.01252	0.01322	0.01646	0.00985	0.01061	0.01710	0.02417	0.02944	0.09249	0.10676	0.41597	0.02747	0.01310	0.00394	0.00661	0.15642	0.00979	0.00916
18	0.02323	0.22056	0.42545	0.02669	0.04044	0.02950	0.03307	0.03296	0.02208	0.03102	0.01775	0.02079	0.01344	0.00976	0.00911	0.00304	0.01439	0.00720	0.00448	0.01504
