[name]
unknown

[dist]
# distance from previous block
# <min> <max>
0	96

[block]
# block no. 0 follows, 11 sequences, length 28
# corresponding to MSA columns:
# 106-133
name=unknown_A
#
# <colnr> <probs for GDERKNQSTAVLIFYWHMCP>
#	G	D	E	R	K	N	Q	S	T	A	V	L	I	F	Y	W	H	M	C	P
0	0.01593	0.01150	0.01504	0.01416	0.01681	0.01062	0.01062	0.02124	0.03186	0.04513	0.52830	0.08407	0.10620	0.02301	0.01327	0.00354	0.00531	0.02035	0.01239	0.01062
1	0.02800	0.02418	0.02545	0.02291	0.02927	0.02800	0.01782	0.05981	0.51390	0.04708	0.04581	0.04199	0.03436	0.01527	0.01145	0.00382	0.00891	0.01273	0.01145	0.01782
2	0.02808	0.02080	0.03749	0.11260	0.04271	0.02019	0.18099	0.03496	0.02793	0.14296	0.13073	0.04392	0.03817	0.01376	0.01207	0.00356	0.01238	0.01355	0.06888	0.01425
3	0.01421	0.01100	0.01305	0.01420	0.01662	0.00984	0.01045	0.01721	0.02476	0.03149	0.12710	0.28513	0.27653	0.03073	0.01392	0.00420	0.00646	0.07291	0.01062	0.00957
4	0.04526	0.01886	0.02455	0.01942	0.02729	0.01719	0.01585	0.05263	0.08288	0.44109	0.04382	0.03905	0.02865	0.01400	0.01100	0.00344	0.00909	0.01139	0.07638	0.01818
5	0.02911	0.01677	0.02433	0.24675	0.04390	0.01812	0.01986	0.03504	0.02549	0.17234	0.03192	0.03604	0.02287	0.01257	0.01020	0.00332	0.01044	0.01051	0.21674	0.01367
6	0.04685	0.02501	0.02975	0.02281	0.03165	0.02524	0.01884	0.26411	0.04202	0.31892	0.03617	0.03296	0.02373	0.01373	0.01129	0.00343	0.01091	0.01076	0.01267	0.01915
7	0.02304	0.02307	0.06647	0.08141	0.03420	0.01703	0.01763	0.02897	0.02328	0.03570	0.02002	0.02413	0.01629	0.00886	0.00886	0.00206	0.00976	0.00718	0.00633	0.54573
8	0.30863	0.09200	0.02694	0.01937	0.02696	0.07551	0.01605	0.07964	0.07889	0.13977	0.02541	0.02548	0.01856	0.01189	0.00894	0.00333	0.01063	0.00822	0.00877	0.01501
9	0.35157	0.02470	0.02418	0.01956	0.02753	0.02708	0.01614	0.19762	0.03313	0.14299	0.02460	0.02479	0.01732	0.01212	0.00921	0.00345	0.01013	0.00840	0.00966	0.01581
10	0.03469	0.23013	0.04011	0.08540	0.03626	0.16259	0.02062	0.08692	0.02921	0.08227	0.02098	0.02338	0.01653	0.01100	0.00933	0.00282	0.01385	0.00779	0.00682	0.07930
11	0.01917	0.01701	0.02618	0.02222	0.02631	0.01738	0.09631	0.02669	0.07357	0.03789	0.22825	0.14596	0.11528	0.02206	0.01559	0.00393	0.06487	0.01951	0.00990	0.01192
12	0.01478	0.01119	0.01364	0.01360	0.01626	0.01004	0.00998	0.01881	0.02830	0.03805	0.32812	0.17753	0.22527	0.02669	0.01347	0.00379	0.00563	0.02331	0.01149	0.01004
13	0.05050	0.01915	0.02612	0.02003	0.02873	0.01654	0.01654	0.05485	0.03221	0.54203	0.04440	0.03831	0.02786	0.01393	0.01132	0.00348	0.00958	0.01132	0.01393	0.01915
14	0.11073	0.01650	0.02019	0.01664	0.02296	0.01537	0.01340	0.04121	0.02907	0.30672	0.12379	0.04467	0.03988	0.01496	0.01052	0.00333	0.00793	0.01214	0.13472	0.01527
15	0.68395	0.02177	0.01654	0.01480	0.02177	0.02525	0.01219	0.03309	0.01915	0.05050	0.01567	0.01828	0.01219	0.01045	0.00697	0.00348	0.00871	0.00609	0.00697	0.01219
16	0.08856	0.01844	0.02436	0.02147	0.02411	0.02236	0.01719	0.02906	0.02001	0.11274	0.02629	0.03721	0.02331	0.10194	0.17636	0.00886	0.21737	0.01108	0.00711	0.01217
17	0.04486	0.02819	0.03172	0.02432	0.03324	0.02996	0.02009	0.37772	0.04734	0.19779	0.03170	0.03006	0.02149	0.01362	0.01128	0.00341	0.01163	0.01045	0.01198	0.01914
18	0.03009	0.61122	0.05898	0.01926	0.02889	0.04454	0.01926	0.03370	0.02287	0.02648	0.01565	0.01805	0.01444	0.00963	0.00722	0.00241	0.01204	0.00602	0.00481	0.01444
19	0.68395	0.02177	0.01654	0.01480	0.02177	0.02525	0.01219	0.03309	0.01915	0.05050	0.01567	0.01828	0.01219	0.01045	0.00697	0.00348	0.00871	0.00609	0.00697	0.01219
20	0.03662	0.02699	0.02922	0.02398	0.03173	0.03003	0.01929	0.25387	0.26491	0.10266	0.03732	0.03499	0.02699	0.01437	0.01135	0.00359	0.01052	0.01144	0.01159	0.01853
21	0.01460	0.01145	0.01320	0.01277	0.01600	0.01005	0.00957	0.01867	0.02872	0.03769	0.31894	0.09633	0.32020	0.02579	0.01329	0.00367	0.00551	0.02207	0.01141	0.01005
22	0.02126	0.02001	0.03376	0.57739	0.07752	0.02501	0.03126	0.02876	0.02251	0.02876	0.02001	0.03001	0.01500	0.01125	0.01125	0.00375	0.01500	0.01000	0.00500	0.01250
23	0.01367	0.00995	0.01290	0.01525	0.01622	0.00918	0.01026	0.01572	0.02195	0.02890	0.06712	0.54927	0.11899	0.03460	0.01426	0.00450	0.00645	0.03119	0.01045	0.00918
24	0.01955	0.00978	0.01466	0.01466	0.01466	0.00978	0.00978	0.01466	0.01466	0.01955	0.01955	0.03421	0.01955	0.03910	0.04399	0.67253	0.00978	0.00978	0.00489	0.00489
25	0.03246	0.29344	0.04478	0.13859	0.04108	0.12655	0.02255	0.11390	0.02948	0.03475	0.01880	0.02247	0.01537	0.01097	0.00925	0.00294	0.01412	0.00776	0.00613	0.01461
26	0.01576	0.01233	0.01762	0.02180	0.07564	0.01217	0.01373	0.01875	0.02170	0.02927	0.05590	0.37372	0.10212	0.04173	0.12461	0.00710	0.01202	0.02467	0.00900	0.01034
27	0.09072	0.17457	0.08707	0.02275	0.03155	0.02705	0.06931	0.07454	0.02699	0.07498	0.06215	0.08325	0.02857	0.01375	0.01010	0.00314	0.01133	0.01140	0.00766	0.08912

[dist]
# distance from previous block
# <min> <max>
0	49

[block]
# block no. 1 follows, 11 sequences, length 66
# corresponding to MSA columns:
# 183-248
name=unknown_B
#
# <colnr> <probs for GDERKNQSTAVLIFYWHMCP>
#	G	D	E	R	K	N	Q	S	T	A	V	L	I	F	Y	W	H	M	C	P
0	0.03303	0.22312	0.04054	0.02352	0.03100	0.03661	0.02034	0.18787	0.13592	0.04528	0.02560	0.02688	0.02022	0.01339	0.01330	0.00335	0.08605	0.00927	0.00832	0.01640
1	0.42823	0.07212	0.02009	0.01516	0.02141	0.02296	0.01248	0.03262	0.02138	0.08710	0.02477	0.07199	0.02116	0.01312	0.00810	0.00337	0.00844	0.00929	0.09371	0.01250
2	0.03186	0.25404	0.16608	0.02398	0.03471	0.03384	0.02460	0.11365	0.09277	0.08492	0.02510	0.02582	0.01896	0.01163	0.00963	0.00312	0.01258	0.00859	0.00752	0.01659
3	0.02495	0.01543	0.01592	0.01449	0.01854	0.01648	0.01122	0.09295	0.10597	0.04656	0.03691	0.04002	0.02847	0.01351	0.00888	0.00291	0.00676	0.01080	0.47643	0.01279
4	0.03693	0.22498	0.09917	0.02268	0.03249	0.03195	0.02152	0.14206	0.07154	0.16812	0.02830	0.02768	0.02042	0.01213	0.00987	0.00314	0.01178	0.00905	0.00903	0.01717
5	0.02070	0.01370	0.01739	0.01555	0.01917	0.01303	0.01194	0.06220	0.03359	0.08460	0.45138	0.07602	0.09327	0.02156	0.01296	0.00352	0.00620	0.01885	0.01241	0.01195
6	0.02384	0.02000	0.02185	0.02080	0.02551	0.02252	0.01567	0.04698	0.37083	0.04175	0.05052	0.20330	0.04601	0.02108	0.01230	0.00404	0.00822	0.01833	0.01116	0.01529
7	0.01582	0.01039	0.01282	0.01373	0.01395	0.01017	0.00842	0.01593	0.01796	0.02395	0.04281	0.25016	0.05003	0.34183	0.04089	0.08561	0.00926	0.02101	0.00785	0.00740
8	0.02811	0.02390	0.03816	0.25373	0.17254	0.02616	0.07280	0.07176	0.08383	0.07817	0.02605	0.03136	0.01948	0.01164	0.01145	0.00362	0.01365	0.01076	0.00715	0.01569
9	0.68395	0.02177	0.01654	0.01480	0.02177	0.02525	0.01219	0.03309	0.01915	0.05050	0.01567	0.01828	0.01219	0.01045	0.00697	0.00348	0.00871	0.00609	0.00697	0.01219
10	0.02462	0.02462	0.03447	0.02955	0.02955	0.03447	0.02462	0.02709	0.01724	0.02709	0.01477	0.02462	0.01477	0.01970	0.03694	0.00492	0.58385	0.00985	0.00492	0.01231
11	0.02550	0.02434	0.04143	0.25062	0.37113	0.02612	0.03337	0.03248	0.02451	0.03391	0.02075	0.02862	0.01682	0.01047	0.01118	0.00349	0.01395	0.01002	0.00537	0.01593
12	0.03291	0.02679	0.03490	0.19274	0.12472	0.03015	0.02600	0.25045	0.07999	0.05126	0.02571	0.02933	0.01906	0.01246	0.01126	0.00352	0.01300	0.01030	0.00857	0.01689
13	0.03811	0.13486	0.19630	0.02370	0.03508	0.02446	0.02494	0.04509	0.02791	0.29190	0.03173	0.03017	0.02122	0.01216	0.01041	0.00332	0.01224	0.00944	0.00944	0.01754
14	0.01593	0.01150	0.01504	0.01416	0.01681	0.01062	0.01062	0.02124	0.03186	0.04513	0.52830	0.08407	0.10620	0.02301	0.01327	0.00354	0.00531	0.02035	0.01239	0.01062
15	0.03350	0.02691	0.02855	0.02402	0.03137	0.03057	0.01915	0.22253	0.34221	0.05597	0.03881	0.03642	0.02869	0.01461	0.01138	0.00365	0.01020	0.01176	0.01138	0.01831
16	0.04731	0.01939	0.02537	0.01966	0.02786	0.01748	0.01617	0.08758	0.03311	0.46091	0.04235	0.03773	0.02725	0.01383	0.01101	0.00340	0.00942	0.01115	0.07062	0.01840
17	0.01371	0.00979	0.01306	0.01567	0.01632	0.00914	0.01045	0.01567	0.02155	0.02873	0.06203	0.59710	0.07444	0.03526	0.01437	0.00457	0.00653	0.03200	0.01045	0.00914
18	0.02507	0.01989	0.03276	0.50472	0.07116	0.02390	0.02934	0.03216	0.02377	0.09569	0.02319	0.03109	0.01668	0.01160	0.01126	0.00372	0.01430	0.01017	0.00617	0.01337
19	0.01629	0.01124	0.01392	0.01392	0.01449	0.01181	0.00887	0.01742	0.01685	0.02304	0.03396	0.06532	0.03730	0.45724	0.19954	0.01294	0.01636	0.01515	0.00660	0.00773
20	0.10059	0.03546	0.03055	0.02563	0.03245	0.18417	0.02040	0.22771	0.10089	0.04987	0.02464	0.02601	0.01877	0.01339	0.01260	0.00343	0.05941	0.00923	0.00879	0.01600
21	0.13680	0.02911	0.09964	0.27096	0.05489	0.07286	0.06639	0.03467	0.02412	0.07735	0.02138	0.02710	0.01566	0.01115	0.01054	0.00359	0.01452	0.00927	0.00618	0.01383
22	0.19310	0.25139	0.03904	0.02094	0.02943	0.07861	0.01838	0.17190	0.03162	0.04558	0.01917	0.02095	0.01530	0.01114	0.00859	0.00300	0.01200	0.00736	0.00733	0.01518
23	0.68395	0.02177	0.01654	0.01480	0.02177	0.02525	0.01219	0.03309	0.01915	0.05050	0.01567	0.01828	0.01219	0.01045	0.00697	0.00348	0.00871	0.00609	0.00697	0.01219
24	0.11793	0.02533	0.02815	0.02227	0.03060	0.02679	0.01825	0.23938	0.10224	0.22162	0.03392	0.03170	0.02321	0.01352	0.01081	0.00348	0.01057	0.01039	0.01167	0.01816
25	0.01489	0.01065	0.01434	0.01649	0.01780	0.01010	0.01202	0.01794	0.02377	0.03187	0.12234	0.43567	0.07664	0.03283	0.01446	0.00456	0.00714	0.11624	0.01068	0.00958
26	0.01371	0.00979	0.01306	0.01567	0.01632	0.00914	0.01045	0.01567	0.02155	0.02873	0.06203	0.59710	0.07444	0.03526	0.01437	0.00457	0.00653	0.03200	0.01045	0.00914
27	0.03141	0.01493	0.02000	0.01679	0.02215	0.01327	0.01327	0.03629	0.03202	0.26761	0.31165	0.06358	0.07113	0.01894	0.01240	0.00351	0.00722	0.01631	0.01308	0.01444
28	0.04279	0.03153	0.03378	0.02590	0.03490	0.03490	0.02139	0.49671	0.05292	0.07093	0.02702	0.02702	0.01914	0.01351	0.01126	0.00338	0.01239	0.01013	0.01126	0.01914
29	0.68395	0.02177	0.01654	0.01480	0.02177	0.02525	0.01219	0.03309	0.01915	0.05050	0.01567	0.01828	0.01219	0.01045	0.00697	0.00348	0.00871	0.00609	0.00697	0.01219
30	0.44873	0.02417	0.02215	0.01832	0.02601	0.02704	0.01511	0.16140	0.02960	0.10313	0.02151	0.02258	0.01558	0.01162	0.00855	0.00345	0.00979	0.00769	0.00880	0.01475
31	0.02595	0.02656	0.04115	0.30255	0.21569	0.07711	0.08509	0.03298	0.02486	0.03202	0.02045	0.02844	0.01609	0.01069	0.01135	0.00355	0.01546	0.01013	0.00534	0.01455
32	0.03009	0.61122	0.05898	0.01926	0.02889	0.04454	0.01926	0.03370	0.02287	0.02648	0.01565	0.01805	0.01444	0.00963	0.00722	0.00241	0.01204	0.00602	0.00481	0.01444
33	0.03192	0.02330	0.02557	0.02240	0.02917	0.02600	0.01759	0.05894	0.42982	0.13348	0.04556	0.04135	0.03322	0.01504	0.01143	0.00376	0.00902	0.01248	0.01189	0.01805
34	0.03201	0.52190	0.05464	0.02082	0.02983	0.12699	0.01966	0.03550	0.02432	0.02665	0.01593	0.01841	0.01445	0.00994	0.00769	0.00249	0.01336	0.00622	0.00497	0.01422
35	0.01522	0.01134	0.01415	0.01375	0.01645	0.01027	0.01020	0.01975	0.02974	0.04080	0.40604	0.13356	0.18688	0.02516	0.01338	0.00368	0.00549	0.02204	0.01184	0.01027
36	0.01516	0.01147	0.01398	0.01336	0.01634	0.01029	0.01002	0.01976	0.03005	0.04084	0.40746	0.09115	0.22972	0.02461	0.01328	0.00362	0.00542	0.02135	0.01182	0.01029
37	0.01567	0.01131	0.01481	0.01434	0.01676	0.01045	0.01060	0.02059	0.03066	0.04323	0.47411	0.14370	0.10251	0.02443	0.01340	0.00366	0.00545	0.02171	0.01216	0.01045
38	0.01955	0.00978	0.01466	0.01466	0.01466	0.00978	0.00978	0.01466	0.01466	0.01955	0.01955	0.03421	0.01955	0.03910	0.04399	0.67253	0.00978	0.00978	0.00489	0.00489
39	0.03009	0.61122	0.05898	0.01926	0.02889	0.04454	0.01926	0.03370	0.02287	0.02648	0.01565	0.01805	0.01444	0.00963	0.00722	0.00241	0.01204	0.00602	0.00481	0.01444
40	0.02044	0.01250	0.01649	0.01492	0.01837	0.01139	0.01139	0.02562	0.03191	0.10993	0.46520	0.07811	0.09598	0.02183	0.01302	0.00353	0.00587	0.01918	0.01259	0.01173
41	0.02415	0.01316	0.01751	0.01580	0.01968	0.01188	0.01205	0.02878	0.03060	0.16526	0.34844	0.13971	0.08278	0.02237	0.01294	0.00366	0.00652	0.01965	0.01252	0.01253
42	0.38567	0.02565	0.08880	0.01880	0.02761	0.02245	0.01748	0.04071	0.02413	0.21310	0.02588	0.02570	0.01771	0.01165	0.00891	0.00349	0.01003	0.00813	0.00901	0.01510
43	0.02257	0.05822	0.54613	0.03208	0.04871	0.02614	0.04158	0.03564	0.02376	0.03564	0.02020	0.02376	0.01426	0.01069	0.01069	0.00356	0.01663	0.00832	0.00475	0.01663
44	0.03792	0.02415	0.02976	0.02851	0.09592	0.02529	0.02020	0.13115	0.21220	0.21181	0.03886	0.03633	0.02742	0.01384	0.01133	0.00357	0.01032	0.01146	0.01146	0.01849
45	0.68395	0.02177	0.01654	0.01480	0.02177	0.02525	0.01219	0.03309	0.01915	0.05050	0.01567	0.01828	0.01219	0.01045	0.00697	0.00348	0.00871	0.00609	0.00697	0.01219
46	0.01412	0.01011	0.01343	0.01539	0.01642	0.00942	0.01048	0.01671	0.02346	0.03178	0.14865	0.50180	0.08034	0.03299	0.01416	0.00438	0.00630	0.02983	0.01081	0.00942
47	0.01900	0.01359	0.01643	0.01590	0.01834	0.01482	0.01161	0.02720	0.10641	0.03308	0.08294	0.05454	0.03996	0.18329	0.19943	0.00996	0.01533	0.01378	0.11365	0.01073
48	0.02126	0.02001	0.03376	0.57739	0.07752	0.02501	0.03126	0.02876	0.02251	0.02876	0.02001	0.03001	0.01500	0.01125	0.01125	0.00375	0.01500	0.01000	0.00500	0.01250
49	0.01371	0.00979	0.01306	0.01567	0.01632	0.00914	0.01045	0.01567	0.02155	0.02873	0.06203	0.59710	0.07444	0.03526	0.01437	0.00457	0.00653	0.03200	0.01045	0.00914
50	0.02269	0.02147	0.03635	0.46682	0.17687	0.02538	0.03197	0.03002	0.02318	0.03050	0.02026	0.02954	0.01562	0.01099	0.01123	0.00366	0.01465	0.01001	0.00513	0.01366
51	0.61033	0.02146	0.01766	0.01541	0.02258	0.02424	0.01270	0.03561	0.02067	0.10763	0.01901	0.02061	0.01401	0.01085	0.00747	0.00348	0.00881	0.00670	0.00777	0.01300
52	0.02462	0.02462	0.03447	0.02955	0.02955	0.03447	0.02462	0.02709	0.01724	0.02709	0.01477	0.02462	0.01477	0.01970	0.03694	0.00492	0.58385	0.00985	0.00492	0.01231
53	0.02483	0.02334	0.03784	0.29805	0.26500	0.02609	0.03108	0.03481	0.08094	0.03428	0.02350	0.03049	0.01845	0.01120	0.01123	0.00359	0.01361	0.01033	0.00599	0.01537
54	0.27876	0.32037	0.03917	0.01767	0.02619	0.03402	0.01628	0.03593	0.02256	0.09545	0.01900	0.02050	0.01515	0.01044	0.00760	0.00294	0.01050	0.00666	0.00668	0.01414
55	0.02839	0.03253	0.11831	0.04303	0.05477	0.02705	0.39520	0.03781	0.02678	0.08445	0.02454	0.03035	0.01778	0.01005	0.01279	0.00374	0.01780	0.01252	0.00637	0.01573
56	0.01547	0.01149	0.01441	0.01368	0.01653	0.01042	0.01026	0.02035	0.03078	0.04256	0.45598	0.08831	0.18012	0.02397	0.01328	0.00359	0.00538	0.02095	0.01205	0.01042
57	0.02800	0.02418	0.02545	0.02291	0.02927	0.02800	0.01782	0.05981	0.51390	0.04708	0.04581	0.04199	0.03436	0.01527	0.01145	0.00382	0.00891	0.01273	0.01145	0.01782
58	0.03175	0.53563	0.05569	0.02012	0.02967	0.04328	0.01954	0.09408	0.02679	0.03228	0.01713	0.01922	0.01506	0.01014	0.00775	0.00253	0.01208	0.00655	0.00565	0.01506
59	0.02565	0.01303	0.01715	0.01607	0.01977	0.01181	0.01203	0.02950	0.02759	0.18347	0.17933	0.24756	0.06530	0.02379	0.01260	0.00380	0.00697	0.02094	0.07107	0.01257
60	0.02954	0.01638	0.02034	0.01729	0.02253	0.01581	0.01362	0.07577	0.07160	0.18994	0.27022	0.05944	0.06457	0.01821	0.01199	0.00346	0.00743	0.01552	0.06196	0.01438
61	0.01607	0.01101	0.01247	0.01238	0.01296	0.01076	0.00733	0.01682	0.01864	0.02478	0.08929	0.07758	0.08849	0.50008	0.04935	0.00960	0.00993	0.01737	0.00766	0.00741
62	0.01802	0.01185	0.01500	0.01441	0.01745	0.01067	0.01072	0.02225	0.02905	0.08191	0.33475	0.17016	0.17060	0.02527	0.01330	0.00375	0.00595	0.02214	0.01185	0.01090
63	0.02529	0.18559	0.26928	0.02511	0.03755	0.02912	0.02819	0.03709	0.08738	0.03502	0.02237	0.02464	0.01733	0.01063	0.00953	0.00299	0.01309	0.00804	0.00596	0.12579
64	0.19152	0.02494	0.02675	0.21626	0.04445	0.09353	0.02124	0.07778	0.02655	0.08156	0.02512	0.07731	0.02108	0.01370	0.01034	0.00359	0.01266	0.01078	0.00744	0.01339
65	0.13411	0.11599	0.03714	0.07687	0.07800	0.02530	0.09769	0.03754	0.02531	0.15129	0.02665	0.02941	0.01958	0.01129	0.00989	0.00327	0.01171	0.00966	0.08439	0.01493

[dist]
# distance from previous block
# <min> <max>
0	62

[block]
# block no. 2 follows, 11 sequences, length 42
# corresponding to MSA columns:
# 311-352
name=unknown_C
#
# <colnr> <probs for GDERKNQSTAVLIFYWHMCP>
#	G	D	E	R	K	N	Q	S	T	A	V	L	I	F	Y	W	H	M	C	P
0	0.09506	0.02317	0.02715	0.24388	0.04619	0.07702	0.02177	0.09682	0.02981	0.04107	0.14550	0.04067	0.03772	0.01443	0.01119	0.00353	0.01211	0.01188	0.00802	0.01302
1	0.02752	0.02075	0.03343	0.20636	0.21706	0.02175	0.02680	0.03381	0.02641	0.11754	0.07919	0.04424	0.03150	0.01412	0.01179	0.00366	0.01218	0.04896	0.00786	0.01507
2	0.01393	0.00996	0.01325	0.01553	0.01637	0.00928	0.01046	0.01621	0.02254	0.03031	0.10681	0.54784	0.07749	0.03409	0.01426	0.00447	0.00641	0.03088	0.01063	0.00928
3	0.01593	0.01150	0.01504	0.01416	0.01681	0.01062	0.01062	0.02124	0.03186	0.04513	0.52830	0.08407	0.10620	0.02301	0.01327	0.00354	0.00531	0.02035	0.01239	0.01062
4	0.03656	0.02843	0.03027	0.02464	0.03253	0.03200	0.01989	0.31280	0.24696	0.06089	0.03493	0.03332	0.02555	0.01425	0.01134	0.00356	0.01092	0.01122	0.01134	0.01858
5	0.09282	0.01855	0.01870	0.01682	0.02184	0.02057	0.01315	0.08808	0.19470	0.04764	0.03669	0.03800	0.02803	0.01363	0.00937	0.00320	0.00761	0.01078	0.30576	0.01409
6	0.11040	0.03050	0.03196	0.02473	0.03352	0.03389	0.02042	0.44781	0.04936	0.06878	0.02583	0.02610	0.01841	0.01319	0.01081	0.00339	0.01200	0.00971	0.01081	0.01841
7	0.02786	0.02674	0.04568	0.06908	0.53424	0.02674	0.03454	0.03454	0.02563	0.03677	0.02117	0.02786	0.01783	0.01003	0.01114	0.00334	0.01337	0.01003	0.00557	0.01783
8	0.03009	0.61122	0.05898	0.01926	0.02889	0.04454	0.01926	0.03370	0.02287	0.02648	0.01565	0.01805	0.01444	0.00963	0.00722	0.00241	0.01204	0.00602	0.00481	0.01444
9	0.48721	0.02610	0.08779	0.01798	0.02652	0.02386	0.01681	0.03720	0.02202	0.13377	0.02125	0.02248	0.01518	0.01108	0.00821	0.00349	0.00990	0.00729	0.00788	0.01398
10	0.02273	0.01642	0.02278	0.02051	0.02394	0.01780	0.04545	0.03090	0.10627	0.08456	0.03836	0.12595	0.03638	0.13373	0.17541	0.00914	0.05337	0.01563	0.00848	0.01218
11	0.02158	0.01276	0.01686	0.01512	0.01876	0.01159	0.01159	0.02674	0.03192	0.12639	0.44917	0.07659	0.09339	0.02153	0.01296	0.00353	0.00601	0.01888	0.01264	0.01202
12	0.02589	0.02474	0.04214	0.22021	0.39845	0.02623	0.03357	0.03282	0.02470	0.03439	0.02082	0.02850	0.01699	0.01039	0.01118	0.00346	0.01386	0.01002	0.00540	0.01625
13	0.01943	0.01228	0.01617	0.01475	0.01802	0.01122	0.01122	0.02464	0.03190	0.09545	0.47930	0.07944	0.09827	0.02209	0.01308	0.00353	0.00574	0.01944	0.01255	0.01148
14	0.01955	0.00978	0.01466	0.01466	0.01466	0.00978	0.00978	0.01466	0.01466	0.01955	0.01955	0.03421	0.01955	0.03910	0.04399	0.67253	0.00978	0.00978	0.00489	0.00489
15	0.03009	0.61122	0.05898	0.01926	0.02889	0.04454	0.01926	0.03370	0.02287	0.02648	0.01565	0.01805	0.01444	0.00963	0.00722	0.00241	0.01204	0.00602	0.00481	0.01444
16	0.01371	0.00979	0.01306	0.01567	0.01632	0.00914	0.01045	0.01567	0.02155	0.02873	0.06203	0.59710	0.07444	0.03526	0.01437	0.00457	0.00653	0.03200	0.01045	0.00914
17	0.21105	0.28541	0.03573	0.01710	0.02469	0.03164	0.01537	0.03341	0.07407	0.03605	0.03492	0.03540	0.10016	0.01354	0.00859	0.00309	0.00973	0.00965	0.00704	0.01336
18	0.13526	0.02378	0.02399	0.02158	0.02804	0.02755	0.01690	0.05544	0.43300	0.04764	0.04088	0.03812	0.03073	0.01448	0.01072	0.00376	0.00887	0.01164	0.01072	0.01690
19	0.02561	0.02850	0.06053	0.14285	0.06219	0.02784	0.41016	0.03474	0.02583	0.03474	0.02227	0.03030	0.01670	0.00981	0.01292	0.00379	0.01826	0.01269	0.00557	0.01470
20	0.02873	0.02288	0.03285	0.11742	0.03725	0.02970	0.02425	0.03236	0.02080	0.12007	0.02096	0.02797	0.01717	0.01728	0.02812	0.00447	0.38743	0.01014	0.00656	0.01358
21	0.02098	0.01049	0.01049	0.01049	0.01311	0.01049	0.00787	0.02623	0.02360	0.04196	0.03672	0.04196	0.02885	0.01311	0.00787	0.00262	0.00525	0.01049	0.66693	0.01049
22	0.02689	0.01450	0.01607	0.01456	0.01864	0.01473	0.01106	0.03624	0.11264	0.12755	0.03956	0.04454	0.03089	0.07352	0.01412	0.00383	0.00723	0.01163	0.36885	0.01294
23	0.02657	0.03036	0.06641	0.04744	0.05882	0.02846	0.49336	0.03605	0.02657	0.03605	0.02277	0.03036	0.01708	0.00949	0.01328	0.00380	0.01898	0.01328	0.00569	0.01518
24	0.02672	0.02284	0.02435	0.02198	0.02795	0.02616	0.01706	0.05574	0.46306	0.04688	0.09670	0.04643	0.04193	0.01609	0.01164	0.00379	0.00853	0.01353	0.01155	0.01706
25	0.01572	0.01087	0.01398	0.01428	0.01630	0.01014	0.01030	0.01996	0.02781	0.03965	0.33397	0.24191	0.08875	0.02593	0.01310	0.00378	0.00569	0.02308	0.07463	0.01014
26	0.15023	0.02207	0.02338	0.02007	0.02634	0.02411	0.01590	0.15602	0.15345	0.09263	0.10046	0.09529	0.03941	0.01687	0.01111	0.00366	0.00910	0.01369	0.01081	0.01541
27	0.57412	0.02131	0.01820	0.01571	0.02297	0.02374	0.01294	0.03686	0.02142	0.13572	0.02065	0.02176	0.01491	0.01105	0.00772	0.00348	0.00886	0.00700	0.00817	0.01340
28	0.02216	0.01638	0.02423	0.02113	0.02347	0.01792	0.06184	0.02472	0.02028	0.08071	0.03519	0.14426	0.03674	0.22664	0.07515	0.00767	0.12655	0.01660	0.00765	0.01071
29	0.24759	0.07668	0.08557	0.10765	0.16435	0.02762	0.07243	0.03348	0.02272	0.03930	0.01877	0.02395	0.01485	0.01031	0.00959	0.00343	0.01278	0.00853	0.00584	0.01456
30	0.48231	0.02094	0.01959	0.01646	0.02398	0.02248	0.01358	0.04001	0.02331	0.20696	0.02482	0.02466	0.01718	0.01156	0.00835	0.00348	0.00898	0.00776	0.00918	0.01441
31	0.02257	0.05822	0.54613	0.03208	0.04871	0.02614	0.04158	0.03564	0.02376	0.03564	0.02020	0.02376	0.01426	0.01069	0.01069	0.00356	0.01663	0.00832	0.00475	0.01663
32	0.02248	0.01423	0.01680	0.01536	0.01922	0.01425	0.01177	0.03246	0.11665	0.08973	0.27650	0.06198	0.06711	0.01836	0.01144	0.00336	0.00633	0.01573	0.17358	0.01266
33	0.01955	0.00978	0.01466	0.01466	0.01466	0.00978	0.00978	0.01466	0.01466	0.01955	0.01955	0.03421	0.01955	0.03910	0.04399	0.67253	0.00978	0.00978	0.00489	0.00489
34	0.04405	0.02950	0.03253	0.02494	0.03389	0.03190	0.02060	0.42445	0.04953	0.14797	0.02986	0.02887	0.02057	0.01358	0.01127	0.00339	0.01193	0.01033	0.01170	0.01914
35	0.01930	0.01394	0.01740	0.01830	0.02068	0.01407	0.01369	0.09577	0.02750	0.03656	0.05585	0.41538	0.06358	0.03092	0.01408	0.00449	0.00821	0.10871	0.01056	0.01101
36	0.03343	0.51440	0.05361	0.01938	0.02886	0.03996	0.01881	0.03716	0.02440	0.11079	0.02035	0.02137	0.01664	0.01033	0.00789	0.00258	0.01163	0.00689	0.00631	0.01521
37	0.01595	0.01160	0.01554	0.01480	0.01735	0.01118	0.01118	0.02105	0.02961	0.04203	0.44684	0.07756	0.09343	0.03305	0.10265	0.00592	0.00937	0.01900	0.01135	0.01053
38	0.03471	0.33299	0.04626	0.02355	0.03139	0.16986	0.02064	0.11169	0.02959	0.03406	0.01787	0.02058	0.01525	0.01153	0.01089	0.00288	0.05813	0.00729	0.00612	0.01470
39	0.02654	0.02103	0.02725	0.02555	0.10986	0.01706	0.01709	0.03176	0.02452	0.08248	0.02241	0.02543	0.01787	0.00912	0.00906	0.00211	0.00927	0.00764	0.00715	0.50681
40	0.03152	0.02716	0.06912	0.07463	0.03523	0.02835	0.02192	0.18524	0.11941	0.08002	0.02925	0.03482	0.02320	0.07428	0.02011	0.00453	0.10544	0.01111	0.00892	0.01575
41	0.18400	0.03376	0.20507	0.02682	0.03728	0.02307	0.10884	0.03422	0.02513	0.07981	0.10452	0.03461	0.03035	0.01268	0.01073	0.00358	0.01275	0.01087	0.00741	0.01451

[dist]
# distance from previous block
# <min> <max>
0	20

[block]
# block no. 3 follows, 11 sequences, length 23
# corresponding to MSA columns:
# 373-395
name=unknown_D
#
# <colnr> <probs for GDERKNQSTAVLIFYWHMCP>
#	G	D	E	R	K	N	Q	S	T	A	V	L	I	F	Y	W	H	M	C	P
0	0.13788	0.02272	0.02589	0.06195	0.03147	0.02631	0.01855	0.04808	0.25309	0.12493	0.03470	0.03436	0.02569	0.01456	0.01405	0.00385	0.08528	0.01084	0.00980	0.01601
1	0.01993	0.01899	0.03243	0.36117	0.05901	0.02141	0.08652	0.02641	0.02346	0.02999	0.03975	0.09723	0.10502	0.01614	0.01215	0.00384	0.01320	0.01479	0.00650	0.01204
2	0.01525	0.01019	0.01297	0.01459	0.01589	0.00960	0.01006	0.01829	0.02356	0.03355	0.13408	0.42355	0.07226	0.02968	0.01314	0.00409	0.00612	0.02662	0.11692	0.00960
3	0.03818	0.01643	0.02217	0.01794	0.02449	0.01443	0.01443	0.04288	0.03209	0.36502	0.21679	0.05461	0.05577	0.01716	0.01202	0.00350	0.00806	0.01454	0.01338	0.01611
4	0.02015	0.01658	0.01834	0.01701	0.02144	0.01734	0.01301	0.03553	0.22448	0.04231	0.23247	0.07307	0.18103	0.02124	0.01255	0.00372	0.00685	0.01811	0.01154	0.01324
5	0.51804	0.02108	0.01905	0.01617	0.02359	0.02297	0.01333	0.03879	0.02258	0.17924	0.02320	0.02353	0.01629	0.01136	0.00811	0.00348	0.00893	0.00746	0.00879	0.01401
6	0.22911	0.02402	0.02468	0.02058	0.02812	0.02640	0.01665	0.14192	0.17815	0.14934	0.03273	0.03116	0.02338	0.01322	0.01006	0.00356	0.00970	0.00995	0.01057	0.01669
7	0.03166	0.02030	0.02381	0.01992	0.02579	0.02115	0.01575	0.15914	0.12311	0.13895	0.18090	0.04917	0.04918	0.01880	0.01457	0.05821	0.00895	0.01380	0.01158	0.01522
8	0.03054	0.44443	0.13521	0.02223	0.03292	0.04026	0.02319	0.09511	0.02698	0.03384	0.01789	0.02017	0.01503	0.01032	0.00832	0.00272	0.01283	0.00694	0.00565	0.01542
9	0.03326	0.25689	0.03964	0.11107	0.03605	0.07427	0.01987	0.03747	0.02583	0.15889	0.02843	0.08248	0.02388	0.01369	0.00988	0.00316	0.01205	0.01069	0.00781	0.01469
10	0.02377	0.04409	0.33002	0.11661	0.13260	0.02638	0.09860	0.03455	0.02426	0.03491	0.02067	0.02617	0.01531	0.01051	0.01119	0.00359	0.01619	0.00949	0.00504	0.01606
11	0.01386	0.01057	0.01275	0.01400	0.01600	0.00946	0.00982	0.01657	0.02432	0.03147	0.14143	0.36134	0.23517	0.03132	0.01386	0.00417	0.00608	0.02763	0.01071	0.00946
12	0.02380	0.02311	0.03602	0.25664	0.13129	0.02940	0.02892	0.02898	0.02073	0.02934	0.01793	0.02732	0.01537	0.01472	0.02238	0.00419	0.26159	0.00994	0.00506	0.01329
13	0.01837	0.01169	0.01523	0.01536	0.01752	0.01096	0.01115	0.02182	0.02598	0.07551	0.23722	0.22250	0.07665	0.12134	0.02082	0.00518	0.00738	0.06417	0.01088	0.01026
14	0.01623	0.01145	0.01499	0.01499	0.01593	0.01239	0.01021	0.01811	0.01717	0.02383	0.03298	0.05990	0.03495	0.36148	0.29208	0.01426	0.01990	0.01435	0.00645	0.00833
15	0.04054	0.11775	0.03628	0.09616	0.03813	0.02595	0.05033	0.11894	0.03244	0.28153	0.03231	0.03159	0.02188	0.01253	0.01076	0.00335	0.01175	0.01022	0.01031	0.01726
16	0.01884	0.01158	0.01434	0.01407	0.01691	0.01062	0.01038	0.02298	0.02741	0.08108	0.24916	0.19467	0.13206	0.02414	0.01249	0.00366	0.00599	0.02110	0.11768	0.01084
17	0.11545	0.12118	0.03281	0.07537	0.03298	0.12896	0.06377	0.03314	0.02481	0.06702	0.06570	0.03693	0.02748	0.10883	0.01771	0.00447	0.01326	0.01063	0.00699	0.01251
18	0.16030	0.08849	0.16318	0.07276	0.12131	0.02679	0.07312	0.03668	0.02429	0.10004	0.02225	0.02569	0.01646	0.01075	0.01006	0.00343	0.01331	0.00891	0.00658	0.01560
19	0.22582	0.10451	0.09581	0.06677	0.03527	0.02677	0.06646	0.06986	0.02545	0.04222	0.06201	0.02783	0.02240	0.01145	0.00944	0.00323	0.01162	0.00897	0.00691	0.07720
20	0.06454	0.02299	0.07882	0.11582	0.07230	0.02066	0.06790	0.03453	0.06772	0.10478	0.14189	0.04403	0.04019	0.01953	0.05116	0.00465	0.01272	0.01284	0.00868	0.01423
21	0.08837	0.20768	0.12672	0.02611	0.03661	0.03489	0.06982	0.19878	0.03375	0.04676	0.02114	0.02341	0.01615	0.01124	0.00980	0.00317	0.01331	0.00858	0.00736	0.01635
22	0.19292	0.07453	0.09827	0.03227	0.11585	0.09712	0.06950	0.03945	0.05848	0.08715	0.02287	0.02550	0.01733	0.01107	0.00989	0.00337	0.01333	0.00882	0.00700	0.01528

[dist]
# distance from previous block
# <min> <max>
0	33

[block]
# block no. 4 follows, 11 sequences, length 17
# corresponding to MSA columns:
# 432-448
name=unknown_E
#
# <colnr> <probs for GDERKNQSTAVLIFYWHMCP>
#	G	D	E	R	K	N	Q	S	T	A	V	L	I	F	Y	W	H	M	C	P
0	0.08901	0.06181	0.07604	0.01997	0.02675	0.02090	0.01743	0.10108	0.02820	0.17122	0.03561	0.12169	0.03140	0.07969	0.06368	0.00557	0.01224	0.01376	0.00949	0.01444
1	0.02895	0.33772	0.04718	0.16328	0.08170	0.03523	0.02321	0.03567	0.05557	0.06434	0.02110	0.02477	0.01707	0.01073	0.00910	0.00298	0.01252	0.00814	0.00597	0.01477
2	0.12985	0.11292	0.03517	0.16129	0.04262	0.02643	0.06199	0.04064	0.07188	0.16907	0.02781	0.02977	0.01991	0.01181	0.01021	0.00344	0.01195	0.00970	0.00829	0.01525
3	0.03481	0.03259	0.12858	0.03107	0.08300	0.02960	0.02635	0.19640	0.03391	0.12370	0.02517	0.02770	0.01849	0.01408	0.01680	0.00377	0.13851	0.00991	0.00853	0.01705
4	0.02908	0.11409	0.08076	0.07765	0.03490	0.08016	0.02117	0.14998	0.07460	0.04135	0.03591	0.11915	0.06109	0.01676	0.01114	0.00349	0.01213	0.01355	0.00838	0.01466
5	0.01918	0.01534	0.01969	0.10155	0.02815	0.01527	0.01417	0.02593	0.07226	0.03465	0.15727	0.10898	0.05148	0.14310	0.02138	0.00493	0.00903	0.01579	0.00873	0.13312
6	0.01371	0.00979	0.01306	0.01567	0.01632	0.00914	0.01045	0.01567	0.02155	0.02873	0.06203	0.59710	0.07444	0.03526	0.01437	0.00457	0.00653	0.03200	0.01045	0.00914
7	0.02288	0.01778	0.02410	0.14133	0.03519	0.02011	0.01902	0.03357	0.12335	0.07297	0.19434	0.05930	0.05398	0.01876	0.01482	0.00393	0.06415	0.05746	0.00979	0.01317
8	0.03152	0.01832	0.02352	0.06640	0.02965	0.01579	0.01503	0.03575	0.02528	0.20923	0.03085	0.03683	0.02413	0.10189	0.01713	0.00390	0.00975	0.01006	0.00907	0.28592
9	0.01760	0.01689	0.06720	0.01973	0.02386	0.01345	0.01816	0.02319	0.02626	0.03450	0.11059	0.11000	0.13530	0.02795	0.01451	0.00465	0.00975	0.30550	0.01004	0.01086
10	0.68395	0.02177	0.01654	0.01480	0.02177	0.02525	0.01219	0.03309	0.01915	0.05050	0.01567	0.01828	0.01219	0.01045	0.00697	0.00348	0.00871	0.00609	0.00697	0.01219
11	0.03713	0.02771	0.03170	0.02555	0.03226	0.03193	0.02095	0.28407	0.12922	0.09929	0.02960	0.03031	0.02186	0.01510	0.01639	0.00377	0.12469	0.01066	0.01028	0.01754
12	0.01599	0.01139	0.01472	0.01466	0.01670	0.01074	0.01075	0.02014	0.02789	0.03883	0.36113	0.13745	0.08903	0.11411	0.02035	0.00493	0.00678	0.06339	0.01115	0.00987
13	0.03077	0.02116	0.02931	0.18052	0.08658	0.02163	0.02185	0.04141	0.11617	0.16207	0.03094	0.03278	0.02236	0.01198	0.01072	0.00325	0.01106	0.01017	0.00879	0.14648
14	0.02227	0.02104	0.03559	0.49950	0.14751	0.02527	0.03176	0.02964	0.02298	0.02999	0.02018	0.02968	0.01544	0.01107	0.01124	0.00369	0.01475	0.01001	0.00509	0.01332
15	0.13334	0.03032	0.11828	0.08418	0.04536	0.02568	0.16895	0.08396	0.02826	0.13551	0.02547	0.02860	0.01791	0.01122	0.01114	0.00361	0.01423	0.01041	0.00777	0.01581
16	0.04465	0.13683	0.03257	0.02010	0.02881	0.02301	0.01718	0.05106	0.06908	0.40013	0.03882	0.03459	0.02573	0.01319	0.01052	0.00330	0.01001	0.01038	0.01193	0.01811

[dist]
# distance from previous block
# <min> <max>
0	2

[block]
# block no. 5 follows, 11 sequences, length 11
# corresponding to MSA columns:
# 451-461
name=unknown_F
#
# <colnr> <probs for GDERKNQSTAVLIFYWHMCP>
#	G	D	E	R	K	N	Q	S	T	A	V	L	I	F	Y	W	H	M	C	P
0	0.07814	0.02428	0.03835	0.14772	0.19921	0.02721	0.06976	0.03116	0.02243	0.03399	0.01906	0.02659	0.01595	0.01235	0.01677	0.00370	0.14601	0.00967	0.00553	0.07212
1	0.13194	0.04314	0.28297	0.02722	0.03966	0.02910	0.02990	0.19841	0.03337	0.05043	0.02191	0.02407	0.01567	0.01165	0.01032	0.00349	0.01391	0.00862	0.00740	0.01683
2	0.02126	0.02001	0.03376	0.57739	0.07752	0.02501	0.03126	0.02876	0.02251	0.02876	0.02001	0.03001	0.01500	0.01125	0.01125	0.00375	0.01500	0.01000	0.00500	0.01250
3	0.03522	0.01772	0.02250	0.01873	0.02508	0.01690	0.01492	0.04521	0.12569	0.28915	0.19730	0.05346	0.05383	0.01705	0.01196	0.00357	0.00810	0.01444	0.01296	0.01620
4	0.03226	0.02535	0.11225	0.02146	0.02967	0.01919	0.02030	0.10969	0.03182	0.20221	0.05336	0.06132	0.12734	0.01879	0.01224	0.00380	0.01060	0.08214	0.01071	0.01549
5	0.02598	0.02115	0.02524	0.07278	0.03140	0.02420	0.01868	0.12626	0.18805	0.04314	0.04186	0.16885	0.03935	0.02068	0.01456	0.00410	0.05922	0.04996	0.00995	0.01458
6	0.01585	0.01139	0.01519	0.01578	0.01797	0.01073	0.01204	0.02037	0.02834	0.03915	0.33033	0.21004	0.09087	0.02739	0.01397	0.00410	0.00657	0.10815	0.01155	0.01023
7	0.02229	0.02202	0.04010	0.47443	0.07389	0.02568	0.12104	0.03017	0.02329	0.03017	0.02054	0.03008	0.01541	0.01091	0.01165	0.00376	0.01578	0.01064	0.00514	0.01302
8	0.01658	0.01111	0.01400	0.01400	0.01452	0.01163	0.00897	0.01718	0.01666	0.02273	0.03264	0.06245	0.03567	0.41848	0.18629	0.07273	0.01579	0.01465	0.00644	0.00748
9	0.03812	0.17369	0.03889	0.02379	0.03151	0.03411	0.02053	0.23241	0.03633	0.13364	0.02525	0.02634	0.01878	0.01357	0.01423	0.00339	0.10014	0.00926	0.00912	0.01691
10	0.12849	0.07382	0.03385	0.07233	0.03690	0.13133	0.05796	0.15029	0.03261	0.08981	0.02273	0.02505	0.01696	0.01148	0.01005	0.00315	0.01352	0.00875	0.00797	0.07292

[dist]
# distance from previous block
# <min> <max>
0	5

[block]
# block no. 6 follows, 11 sequences, length 45
# corresponding to MSA columns:
# 471-515
name=unknown_G
#
# <colnr> <probs for GDERKNQSTAVLIFYWHMCP>
#	G	D	E	R	K	N	Q	S	T	A	V	L	I	F	Y	W	H	M	C	P
0	0.24419	0.13293	0.02868	0.01916	0.02606	0.02899	0.01592	0.11598	0.11740	0.04612	0.02909	0.09773	0.02582	0.01487	0.00953	0.00346	0.00973	0.01130	0.00858	0.01446
1	0.68395	0.02177	0.01654	0.01480	0.02177	0.02525	0.01219	0.03309	0.01915	0.05050	0.01567	0.01828	0.01219	0.01045	0.00697	0.00348	0.00871	0.00609	0.00697	0.01219
2	0.14930	0.03373	0.15845	0.02401	0.03214	0.06633	0.02327	0.08358	0.08929	0.04331	0.09446	0.03377	0.03003	0.01431	0.01333	0.00366	0.07412	0.01044	0.00787	0.01462
3	0.01997	0.01150	0.01594	0.01624	0.01822	0.01107	0.01165	0.02173	0.02235	0.09384	0.09864	0.29395	0.05589	0.03902	0.09821	0.12009	0.01077	0.02142	0.00951	0.00998
4	0.01405	0.00994	0.01296	0.01524	0.01581	0.00937	0.00999	0.01576	0.02089	0.02785	0.05866	0.53054	0.07018	0.10764	0.01982	0.00538	0.00709	0.03001	0.00999	0.00885
5	0.53571	0.02188	0.01864	0.01641	0.02344	0.02488	0.01337	0.03877	0.09035	0.09297	0.02245	0.02339	0.01670	0.01144	0.00798	0.00353	0.00881	0.00749	0.00821	0.01359
6	0.01772	0.01115	0.01343	0.01286	0.01551	0.01057	0.00965	0.02300	0.02894	0.04401	0.35446	0.06918	0.07885	0.01951	0.01136	0.00322	0.00529	0.01687	0.24386	0.01057
7	0.02524	0.02824	0.06090	0.04416	0.05444	0.02647	0.44350	0.03395	0.02605	0.03530	0.02682	0.08888	0.02300	0.01215	0.01339	0.00388	0.01769	0.01522	0.00618	0.01456
8	0.18690	0.02467	0.02550	0.02101	0.02832	0.02722	0.01701	0.21414	0.13495	0.09775	0.08140	0.03486	0.03033	0.01417	0.01051	0.00352	0.00986	0.01087	0.01064	0.01637
9	0.03907	0.01663	0.02246	0.01809	0.02479	0.01458	0.01458	0.04374	0.03210	0.37776	0.20438	0.05344	0.05376	0.01693	0.01197	0.00350	0.00817	0.01431	0.01342	0.01633
10	0.68395	0.02177	0.01654	0.01480	0.02177	0.02525	0.01219	0.03309	0.01915	0.05050	0.01567	0.01828	0.01219	0.01045	0.00697	0.00348	0.00871	0.00609	0.00697	0.01219
11	0.02498	0.02380	0.04048	0.29082	0.33500	0.02599	0.03311	0.03202	0.02427	0.03328	0.02066	0.02879	0.01660	0.01056	0.01119	0.00352	0.01408	0.01002	0.00532	0.01551
12	0.24009	0.02091	0.02209	0.01826	0.02497	0.02204	0.01480	0.14137	0.03277	0.15386	0.15248	0.04084	0.04052	0.01501	0.01042	0.00347	0.00888	0.01166	0.01073	0.01482
13	0.01587	0.01237	0.01465	0.01557	0.01796	0.01205	0.01108	0.02261	0.09327	0.03342	0.12025	0.35437	0.17498	0.02962	0.01360	0.00418	0.00655	0.02619	0.01079	0.01061
14	0.02257	0.05822	0.54613	0.03208	0.04871	0.02614	0.04158	0.03564	0.02376	0.03564	0.02020	0.02376	0.01426	0.01069	0.01069	0.00356	0.01663	0.00832	0.00475	0.01663
15	0.01498	0.01125	0.01406	0.01512	0.01748	0.01033	0.01145	0.01861	0.02598	0.03408	0.18785	0.25027	0.20429	0.02967	0.01404	0.00423	0.00675	0.10882	0.01090	0.00983
16	0.01653	0.01139	0.01553	0.01553	0.01657	0.01244	0.01087	0.01813	0.01709	0.02383	0.03113	0.05449	0.03218	0.27880	0.31666	0.08005	0.02078	0.01348	0.00622	0.00830
17	0.02460	0.09637	0.03697	0.44948	0.06694	0.02851	0.02871	0.07770	0.02569	0.03282	0.02018	0.02818	0.01536	0.01128	0.01074	0.00354	0.01436	0.00951	0.00562	0.01344
18	0.01553	0.01120	0.01469	0.01443	0.01673	0.01035	0.01059	0.02024	0.03001	0.04219	0.44450	0.17628	0.10049	0.02521	0.01347	0.00373	0.00553	0.02245	0.01204	0.01035
19	0.02209	0.02086	0.03527	0.51276	0.13559	0.02523	0.03168	0.02949	0.02290	0.02978	0.02015	0.02973	0.01536	0.01110	0.01124	0.00370	0.01480	0.01001	0.00507	0.01318
20	0.13447	0.13272	0.03434	0.02326	0.03131	0.15476	0.01927	0.20011	0.03588	0.09898	0.02300	0.02383	0.01715	0.01200	0.00970	0.00313	0.01333	0.00830	0.00855	0.01592
21	0.03316	0.18197	0.22040	0.02688	0.03887	0.02813	0.07522	0.04091	0.02634	0.18378	0.02651	0.02734	0.01864	0.01126	0.01028	0.00327	0.01363	0.00915	0.00759	0.01668
22	0.03485	0.18928	0.10696	0.03440	0.16041	0.02983	0.02552	0.08515	0.02896	0.16157	0.02583	0.02714	0.01905	0.01131	0.01007	0.00315	0.01239	0.00904	0.00788	0.01721
23	0.02257	0.05822	0.54613	0.03208	0.04871	0.02614	0.04158	0.03564	0.02376	0.03564	0.02020	0.02376	0.01426	0.01069	0.01069	0.00356	0.01663	0.00832	0.00475	0.01663
24	0.04015	0.01827	0.02535	0.02385	0.07642	0.01628	0.01747	0.04463	0.03007	0.37386	0.05255	0.05545	0.09454	0.01719	0.01200	0.00369	0.00954	0.05953	0.01229	0.01688
25	0.03331	0.02398	0.09456	0.23476	0.04952	0.02073	0.02548	0.04003	0.02695	0.24274	0.03315	0.04002	0.02402	0.01380	0.01154	0.00372	0.01261	0.04441	0.00908	0.01562
26	0.02728	0.02615	0.04464	0.11351	0.49432	0.02659	0.03426	0.03404	0.02536	0.03607	0.02107	0.02804	0.01758	0.01014	0.01115	0.00338	0.01351	0.01003	0.00552	0.01736
27	0.02548	0.02445	0.04081	0.22068	0.33926	0.02705	0.03246	0.03196	0.02376	0.03326	0.02012	0.02816	0.01663	0.01146	0.01398	0.00364	0.07593	0.01000	0.00533	0.01560
28	0.01928	0.01654	0.02785	0.15269	0.03977	0.01731	0.08887	0.02504	0.02442	0.03199	0.04551	0.17594	0.04806	0.02411	0.01401	0.00454	0.01199	0.21227	0.00846	0.01134
29	0.02772	0.02714	0.04794	0.06673	0.48252	0.02693	0.08445	0.03471	0.02573	0.03669	0.02135	0.02813	0.01775	0.00997	0.01138	0.00339	0.01398	0.01038	0.00558	0.01754
30	0.02126	0.02001	0.03376	0.57739	0.07752	0.02501	0.03126	0.02876	0.02251	0.02876	0.02001	0.03001	0.01500	0.01125	0.01125	0.00375	0.01500	0.01000	0.00500	0.01250
31	0.02260	0.02138	0.03618	0.47398	0.17044	0.02536	0.03193	0.02993	0.02314	0.03039	0.02024	0.02957	0.01558	0.01100	0.01123	0.00367	0.01467	0.01001	0.00512	0.01359
32	0.02531	0.02073	0.03511	0.11923	0.22854	0.02080	0.07099	0.03085	0.02486	0.08621	0.03473	0.18465	0.03383	0.01743	0.01227	0.00379	0.01190	0.01647	0.00771	0.01458
33	0.02731	0.02618	0.04470	0.11126	0.49634	0.02660	0.03427	0.03406	0.02537	0.03611	0.02107	0.02804	0.01759	0.01013	0.01115	0.00338	0.01351	0.01003	0.00552	0.01739
34	0.02126	0.02001	0.03376	0.57739	0.07752	0.02501	0.03126	0.02876	0.02251	0.02876	0.02001	0.03001	0.01500	0.01125	0.01125	0.00375	0.01500	0.01000	0.00500	0.01250
35	0.02362	0.02242	0.03804	0.39504	0.24137	0.02563	0.03244	0.03083	0.02363	0.03163	0.02042	0.02924	0.01602	0.01081	0.01121	0.00360	0.01442	0.01001	0.00521	0.01441
36	0.02183	0.02028	0.03386	0.43264	0.14906	0.02382	0.02969	0.02897	0.02400	0.03181	0.07269	0.03522	0.02490	0.01226	0.01144	0.00366	0.01372	0.01108	0.00586	0.01322
37	0.02339	0.11838	0.49313	0.03069	0.04656	0.02814	0.03916	0.03543	0.02367	0.03465	0.01970	0.02314	0.01428	0.01058	0.01032	0.00344	0.01613	0.00807	0.00476	0.01640
38	0.02786	0.02674	0.04568	0.06908	0.53424	0.02674	0.03454	0.03454	0.02563	0.03677	0.02117	0.02786	0.01783	0.01003	0.01114	0.00334	0.01337	0.01003	0.00557	0.01783
39	0.09801	0.02975	0.14826	0.02711	0.03653	0.02229	0.10497	0.07620	0.02882	0.13172	0.07300	0.04724	0.03237	0.01527	0.01184	0.00380	0.01272	0.07610	0.00881	0.01518
40	0.03460	0.03802	0.18033	0.08891	0.09153	0.09380	0.02866	0.13003	0.03214	0.13523	0.02576	0.02773	0.01821	0.01196	0.01095	0.00343	0.01446	0.00944	0.00798	0.01683
41	0.09939	0.08386	0.03504	0.03566	0.18547	0.02470	0.05395	0.07946	0.02762	0.07745	0.03832	0.09318	0.08839	0.01550	0.01105	0.00349	0.01107	0.01343	0.00798	0.01500
42	0.16672	0.02454	0.03745	0.14367	0.34747	0.02613	0.02922	0.03325	0.02372	0.03834	0.01980	0.02618	0.01615	0.01033	0.01027	0.00344	0.01265	0.00918	0.00577	0.01572
43	0.10723	0.09097	0.11337	0.02754	0.09546	0.02331	0.02263	0.04466	0.02766	0.29026	0.03149	0.03038	0.02134	0.01209	0.01030	0.00336	0.01135	0.00956	0.00970	0.01735
44	0.10200	0.02031	0.02959	0.11257	0.16339	0.02036	0.02208	0.03858	0.02639	0.22092	0.03412	0.10338	0.02770	0.01489	0.01120	0.00362	0.01086	0.01288	0.00931	0.01585

[dist]
# distance from previous block
# <min> <max>
4	38

[block]
# block no. 7 follows, 11 sequences, length 17
# corresponding to MSA columns:
# 564-580
name=unknown_H
#
# <colnr> <probs for GDERKNQSTAVLIFYWHMCP>
#	G	D	E	R	K	N	Q	S	T	A	V	L	I	F	Y	W	H	M	C	P
0	0.10134	0.18358	0.13873	0.02060	0.02983	0.02577	0.02080	0.03642	0.02650	0.15130	0.12212	0.03659	0.03492	0.01350	0.01001	0.00322	0.01077	0.01047	0.00856	0.01498
