[name]
unknown

[dist]
# distance from previous block
# <min> <max>
0	62

[block]
# block no. 0 follows, 15 sequences, length 15
# corresponding to MSA columns:
# 62-76
name=unknown_A
#
# <colnr> <probs for GDERKNQSTAVLIFYWHMCP>
#	G	D	E	R	K	N	Q	S	T	A	V	L	I	F	Y	W	H	M	C	P
0	0.01803	0.01379	0.01853	0.07218	0.02560	0.01360	0.01612	0.05191	0.02342	0.03146	0.04250	0.12153	0.04485	0.02209	0.01211	0.00385	0.00913	0.32858	0.00828	0.12247
1	0.25554	0.01485	0.01611	0.04849	0.02088	0.01548	0.01146	0.02835	0.02233	0.14574	0.16863	0.04111	0.03842	0.07034	0.01263	0.00365	0.00737	0.01084	0.05668	0.01111
2	0.02130	0.01576	0.01909	0.07180	0.02512	0.01705	0.01418	0.08173	0.18772	0.07321	0.04319	0.30361	0.04294	0.02083	0.01125	0.00361	0.00778	0.01832	0.00937	0.01214
3	0.02169	0.07784	0.15437	0.03983	0.23665	0.02270	0.13019	0.02839	0.02177	0.03040	0.02412	0.12021	0.02260	0.01237	0.01033	0.00318	0.01237	0.01190	0.00543	0.01367
4	0.02287	0.04777	0.50669	0.02753	0.04118	0.02440	0.03396	0.11558	0.02520	0.03659	0.01886	0.02151	0.01332	0.00987	0.00955	0.00313	0.01413	0.00763	0.00514	0.01509
5	0.02581	0.41292	0.22730	0.02079	0.03128	0.03235	0.02330	0.03178	0.02112	0.06776	0.01703	0.01894	0.01361	0.00911	0.00766	0.00253	0.01182	0.00633	0.00484	0.01373
6	0.01450	0.00966	0.01087	0.01087	0.01087	0.00966	0.00604	0.01450	0.01450	0.01933	0.03141	0.06524	0.03624	0.64965	0.05074	0.00966	0.00966	0.01450	0.00604	0.00604
7	0.02673	0.39875	0.08481	0.02625	0.07615	0.09752	0.10551	0.03145	0.02191	0.02617	0.01569	0.01898	0.01340	0.00879	0.00802	0.00251	0.01281	0.00690	0.00453	0.01312
8	0.03034	0.02047	0.03168	0.03535	0.22629	0.02006	0.06822	0.03931	0.11294	0.21667	0.06909	0.03342	0.02653	0.01152	0.01027	0.00312	0.01006	0.01055	0.00861	0.01551
9	0.04104	0.01774	0.02432	0.01909	0.02556	0.01720	0.01580	0.04463	0.02640	0.50269	0.03511	0.03198	0.02281	0.01316	0.01367	0.00329	0.10861	0.00982	0.01106	0.01599
10	0.04473	0.01697	0.02313	0.01774	0.02545	0.01465	0.01465	0.04858	0.02853	0.59437	0.03933	0.03393	0.02468	0.01234	0.01003	0.00308	0.00848	0.01003	0.01234	0.01697
11	0.02342	0.12411	0.37586	0.03283	0.14956	0.02488	0.03152	0.03224	0.02176	0.06687	0.01891	0.02193	0.01406	0.00941	0.00918	0.00298	0.01321	0.00757	0.00489	0.01483
12	0.02396	0.07042	0.34919	0.02354	0.03415	0.02104	0.02683	0.07250	0.02378	0.11109	0.02710	0.12280	0.02323	0.01352	0.00995	0.00322	0.01191	0.01113	0.00661	0.01405
13	0.03223	0.01426	0.01878	0.01533	0.02105	0.01243	0.01231	0.03612	0.02764	0.37210	0.18811	0.05304	0.12049	0.01621	0.01072	0.00314	0.00703	0.01363	0.01156	0.01382
14	0.02565	0.02336	0.03480	0.04724	0.39378	0.02450	0.02570	0.07394	0.17450	0.03723	0.02511	0.02806	0.01989	0.01038	0.00995	0.00308	0.01070	0.00954	0.00672	0.01587

[dist]
# distance from previous block
# <min> <max>
0	2

[block]
# block no. 1 follows, 15 sequences, length 68
# corresponding to MSA columns:
# 79-146
name=unknown_B
#
# <colnr> <probs for GDERKNQSTAVLIFYWHMCP>
#	G	D	E	R	K	N	Q	S	T	A	V	L	I	F	Y	W	H	M	C	P
0	0.02177	0.01227	0.01728	0.01904	0.06911	0.01129	0.01258	0.02466	0.02254	0.17290	0.08840	0.38731	0.05301	0.02354	0.01170	0.00363	0.00694	0.02109	0.00979	0.01116
1	0.01827	0.01518	0.01834	0.01437	0.02096	0.01235	0.01133	0.02248	0.02107	0.03167	0.09765	0.03525	0.06260	0.02054	0.10068	0.00404	0.00985	0.00917	0.00669	0.46751
2	0.02628	0.30347	0.13474	0.06832	0.11673	0.06045	0.02301	0.03311	0.05642	0.06348	0.01891	0.02145	0.01512	0.00949	0.00828	0.00267	0.01177	0.00718	0.00529	0.01384
3	0.02910	0.03043	0.10732	0.03134	0.11248	0.09552	0.10360	0.12687	0.14525	0.07838	0.02548	0.02696	0.01890	0.01082	0.01009	0.00310	0.01249	0.00944	0.00738	0.01506
4	0.02144	0.01476	0.01674	0.01615	0.01982	0.01580	0.01241	0.03471	0.23855	0.07878	0.04298	0.17427	0.03912	0.01816	0.01035	0.00339	0.00690	0.06291	0.16057	0.01219
5	0.03317	0.02447	0.02643	0.02147	0.02849	0.02720	0.01734	0.31406	0.25513	0.09540	0.03180	0.03003	0.02296	0.01262	0.01005	0.00316	0.00954	0.00998	0.01022	0.01648
6	0.03629	0.04609	0.03036	0.02681	0.03229	0.56930	0.05598	0.03926	0.02792	0.02492	0.01574	0.01859	0.01300	0.01014	0.00918	0.00262	0.01790	0.00679	0.00513	0.01169
7	0.02802	0.48131	0.11919	0.01902	0.02825	0.03478	0.01958	0.07044	0.02297	0.07152	0.01710	0.01862	0.01400	0.00920	0.00734	0.00240	0.01104	0.00623	0.00530	0.01368
8	0.02244	0.27365	0.39736	0.02424	0.03669	0.02914	0.02956	0.03094	0.02076	0.02859	0.01641	0.01919	0.01269	0.00912	0.00834	0.00278	0.01324	0.00662	0.00423	0.01402
9	0.02331	0.02279	0.04127	0.05148	0.39789	0.02243	0.14151	0.02959	0.02291	0.03208	0.02348	0.03655	0.02105	0.01120	0.01079	0.00326	0.01257	0.07591	0.00551	0.01442
10	0.01215	0.00868	0.01157	0.01388	0.01446	0.00810	0.00925	0.01388	0.01909	0.02545	0.05495	0.64315	0.06593	0.03123	0.01272	0.00405	0.00578	0.02834	0.00925	0.00810
11	0.02675	0.08395	0.34744	0.02345	0.03487	0.02179	0.02703	0.06547	0.02440	0.16396	0.02887	0.02918	0.05628	0.01134	0.00957	0.00307	0.01206	0.00890	0.00682	0.01479
12	0.01252	0.00894	0.01200	0.01431	0.01505	0.00842	0.00990	0.01453	0.01945	0.02587	0.05474	0.59259	0.06512	0.03088	0.01282	0.00410	0.00611	0.07521	0.00925	0.00820
13	0.01424	0.01068	0.01602	0.01602	0.01780	0.01246	0.01246	0.01780	0.01602	0.02314	0.02670	0.03916	0.02492	0.07477	0.61015	0.01602	0.02670	0.01068	0.00534	0.00890
14	0.38920	0.01815	0.01881	0.01538	0.02230	0.01859	0.01269	0.03875	0.02263	0.31402	0.02635	0.02488	0.01760	0.01077	0.00806	0.00308	0.00809	0.00767	0.00919	0.01382
15	0.01342	0.00882	0.01221	0.01385	0.01439	0.00854	0.00936	0.01398	0.01754	0.02352	0.04470	0.46555	0.05236	0.03520	0.06274	0.15787	0.00796	0.02277	0.00790	0.00734
16	0.01447	0.00976	0.01136	0.01136	0.01153	0.00993	0.00665	0.01481	0.01464	0.01969	0.03096	0.06275	0.03516	0.59488	0.10403	0.01027	0.01129	0.01413	0.00597	0.00631
17	0.02467	0.02369	0.04046	0.06119	0.58747	0.02369	0.03059	0.03059	0.02270	0.03257	0.01875	0.02467	0.01579	0.00888	0.00987	0.00296	0.01184	0.00888	0.00493	0.01579
18	0.02353	0.02689	0.05882	0.04202	0.05210	0.02521	0.55126	0.03193	0.02353	0.03193	0.02017	0.02689	0.01513	0.00840	0.01176	0.00336	0.01681	0.01176	0.00504	0.01345
19	0.09273	0.01713	0.02253	0.01741	0.02501	0.01520	0.01438	0.04721	0.02771	0.55530	0.03752	0.03267	0.02369	0.01212	0.00975	0.00308	0.00843	0.00970	0.01190	0.01653
20	0.03013	0.03160	0.02696	0.02672	0.08705	0.23896	0.01880	0.07642	0.28211	0.03570	0.02806	0.02804	0.02164	0.01175	0.00968	0.00302	0.01218	0.00911	0.00775	0.01431
21	0.01537	0.01908	0.13892	0.01595	0.02096	0.01236	0.01530	0.02155	0.02668	0.03817	0.46098	0.06299	0.07657	0.01804	0.01127	0.00314	0.00686	0.01574	0.00952	0.01055
22	0.72007	0.01928	0.01465	0.01311	0.01928	0.02236	0.01080	0.02930	0.01697	0.04473	0.01388	0.01619	0.01080	0.00925	0.00617	0.00308	0.00771	0.00540	0.00617	0.01080
23	0.02665	0.65565	0.05224	0.01706	0.02559	0.03945	0.01706	0.02985	0.02026	0.02345	0.01386	0.01599	0.01279	0.00853	0.00640	0.00213	0.01066	0.00533	0.00426	0.01279
24	0.01889	0.01431	0.01334	0.01269	0.01537	0.08194	0.00952	0.02331	0.02499	0.03685	0.27032	0.05112	0.05391	0.01528	0.00930	0.00271	0.00628	0.01276	0.31751	0.00962
25	0.03510	0.04037	0.02744	0.02437	0.02996	0.43186	0.01860	0.10744	0.12716	0.03236	0.02098	0.02216	0.01650	0.01107	0.00932	0.00277	0.01529	0.00761	0.00664	0.01299
26	0.07613	0.02056	0.02122	0.01883	0.02446	0.02330	0.01476	0.09449	0.41527	0.04223	0.04401	0.04118	0.09182	0.01442	0.01002	0.00332	0.00784	0.01175	0.00973	0.01467
27	0.09041	0.06241	0.07793	0.01982	0.02802	0.02242	0.01769	0.17496	0.06851	0.29112	0.02999	0.02795	0.02020	0.01159	0.00945	0.00303	0.00972	0.00896	0.00987	0.01595
28	0.02026	0.01935	0.03497	0.39799	0.09974	0.02170	0.13841	0.02704	0.02101	0.02852	0.01973	0.02751	0.01505	0.00970	0.01006	0.00321	0.01311	0.00953	0.07134	0.01178
29	0.02067	0.01772	0.02067	0.01477	0.02362	0.01329	0.01181	0.02510	0.02067	0.03248	0.01772	0.02067	0.01477	0.00738	0.00738	0.00148	0.00738	0.00591	0.00591	0.71059
30	0.65502	0.02197	0.01595	0.01431	0.02038	0.07831	0.01160	0.03030	0.01804	0.04279	0.01403	0.01636	0.01099	0.00935	0.00644	0.00304	0.00869	0.00550	0.00607	0.01087
31	0.01407	0.01063	0.01293	0.01384	0.01628	0.00992	0.01109	0.01732	0.02223	0.02818	0.10667	0.09772	0.26248	0.09988	0.01723	0.00461	0.00731	0.23011	0.00897	0.00853
32	0.01428	0.00964	0.01128	0.01173	0.01194	0.00957	0.00707	0.01479	0.01562	0.02078	0.03582	0.14439	0.04145	0.53020	0.04347	0.00861	0.00912	0.04709	0.00666	0.00650
33	0.02625	0.61950	0.08490	0.01774	0.02664	0.03847	0.01824	0.02995	0.02030	0.02394	0.01410	0.01629	0.01278	0.00859	0.00658	0.00219	0.01090	0.00545	0.00426	0.01291
34	0.01860	0.01629	0.02389	0.01857	0.02460	0.01381	0.10334	0.02242	0.01972	0.02872	0.02679	0.13085	0.02723	0.13524	0.01736	0.00380	0.00919	0.01220	0.00632	0.34106
35	0.02467	0.02369	0.04046	0.06119	0.58747	0.02369	0.03059	0.03059	0.02270	0.03257	0.01875	0.02467	0.01579	0.00888	0.00987	0.00296	0.01184	0.00888	0.00493	0.01579
36	0.72007	0.01928	0.01465	0.01311	0.01928	0.02236	0.01080	0.02930	0.01697	0.04473	0.01388	0.01619	0.01080	0.00925	0.00617	0.00308	0.00771	0.00540	0.00617	0.01080
37	0.02231	0.02127	0.03620	0.28928	0.37783	0.02306	0.02942	0.02852	0.02158	0.02970	0.01833	0.02544	0.01478	0.00932	0.00991	0.00311	0.01243	0.00887	0.00473	0.01388
38	0.04473	0.01697	0.02313	0.01774	0.02545	0.01465	0.01465	0.04858	0.02853	0.59437	0.03933	0.03393	0.02468	0.01234	0.01003	0.00308	0.00848	0.01003	0.01234	0.01697
39	0.02467	0.02369	0.04046	0.06119	0.58747	0.02369	0.03059	0.03059	0.02270	0.03257	0.01875	0.02467	0.01579	0.00888	0.00987	0.00296	0.01184	0.00888	0.00493	0.01579
40	0.01711	0.00873	0.01283	0.01283	0.01283	0.00873	0.00846	0.01310	0.01310	0.01747	0.01836	0.03290	0.01872	0.08027	0.03984	0.65799	0.00873	0.00909	0.00446	0.00446
41	0.02732	0.41476	0.08547	0.01891	0.02667	0.09712	0.01798	0.08463	0.02344	0.02792	0.01707	0.02213	0.01546	0.07023	0.01152	0.00307	0.01172	0.00686	0.00512	0.01260
42	0.04473	0.01697	0.02313	0.01774	0.02545	0.01465	0.01465	0.04858	0.02853	0.59437	0.03933	0.03393	0.02468	0.01234	0.01003	0.00308	0.00848	0.01003	0.01234	0.01697
43	0.01732	0.00866	0.01299	0.01299	0.01299	0.00866	0.00866	0.01299	0.01299	0.01732	0.01732	0.03030	0.01732	0.03463	0.03896	0.70996	0.00866	0.00866	0.00433	0.00433
44	0.02631	0.16016	0.21279	0.03484	0.19021	0.15245	0.02746	0.03273	0.02291	0.02873	0.01682	0.02043	0.01360	0.00929	0.00888	0.00278	0.01383	0.00719	0.00462	0.01397
45	0.10440	0.02272	0.03362	0.04507	0.37699	0.02332	0.02467	0.08122	0.06260	0.09621	0.02235	0.02551	0.01729	0.00989	0.00951	0.00302	0.01068	0.00879	0.00666	0.01547
46	0.02092	0.02244	0.10009	0.12464	0.19375	0.01937	0.10132	0.02763	0.02222	0.03285	0.06357	0.03131	0.02290	0.01050	0.00961	0.00297	0.01102	0.00989	0.16031	0.01269
47	0.02336	0.03153	0.19730	0.05197	0.43435	0.02354	0.03235	0.03087	0.02223	0.03229	0.01851	0.02365	0.01490	0.00905	0.00976	0.00302	0.01266	0.00846	0.00473	0.01549
48	0.72007	0.01928	0.01465	0.01311	0.01928	0.02236	0.01080	0.02930	0.01697	0.04473	0.01388	0.01619	0.01080	0.00925	0.00617	0.00308	0.00771	0.00540	0.00617	0.01080
49	0.02331	0.02096	0.03276	0.03672	0.22114	0.02150	0.09968	0.07920	0.12155	0.03657	0.06512	0.07369	0.03121	0.01416	0.01097	0.00337	0.01070	0.07603	0.00747	0.01390
50	0.13202	0.07255	0.07267	0.02107	0.02940	0.02869	0.01862	0.37132	0.03721	0.05329	0.02096	0.02186	0.01532	0.01088	0.00899	0.00287	0.01057	0.00791	0.00835	0.05547
51	0.02534	0.02443	0.04251	0.05594	0.47318	0.02437	0.10676	0.06392	0.02435	0.03439	0.01929	0.02495	0.01577	0.00901	0.01016	0.00302	0.01252	0.00931	0.00527	0.01552
52	0.08441	0.15103	0.45277	0.02511	0.03801	0.02584	0.03113	0.03107	0.02054	0.03138	0.01684	0.01975	0.01249	0.00929	0.00865	0.00298	0.01341	0.00684	0.00440	0.01405
53	0.02447	0.32522	0.17261	0.02200	0.03137	0.03129	0.05398	0.03590	0.15174	0.03022	0.02156	0.02290	0.01711	0.00993	0.00833	0.00274	0.01132	0.00762	0.00570	0.01400
54	0.04473	0.01697	0.02313	0.01774	0.02545	0.01465	0.01465	0.04858	0.02853	0.59437	0.03933	0.03393	0.02468	0.01234	0.01003	0.00308	0.00848	0.01003	0.01234	0.01697
55	0.01742	0.01373	0.02143	0.02412	0.07689	0.01361	0.05549	0.02240	0.02297	0.03024	0.04722	0.09801	0.05041	0.02440	0.01326	0.00435	0.00998	0.43549	0.00848	0.01011
56	0.02520	0.02610	0.09022	0.03818	0.18356	0.02384	0.18219	0.03854	0.17766	0.07025	0.02656	0.02913	0.02000	0.01032	0.01049	0.00323	0.01226	0.01036	0.00684	0.01506
57	0.03065	0.07237	0.11463	0.03656	0.21513	0.05935	0.08237	0.03663	0.02443	0.19420	0.02420	0.02606	0.01746	0.00998	0.00977	0.00298	0.01212	0.00891	0.00696	0.01525
58	0.01424	0.01068	0.01602	0.01602	0.01780	0.01246	0.01246	0.01780	0.01602	0.02314	0.02670	0.03916	0.02492	0.07477	0.61015	0.01602	0.02670	0.01068	0.00534	0.00890
59	0.01299	0.01005	0.01085	0.01065	0.01366	0.00875	0.00799	0.01627	0.02397	0.03120	0.21803	0.08513	0.40768	0.02277	0.01134	0.00321	0.00492	0.01921	0.07259	0.00875
60	0.03224	0.18102	0.21988	0.02110	0.03132	0.02338	0.02255	0.03849	0.02408	0.27213	0.02616	0.02539	0.01786	0.01048	0.00898	0.00288	0.01107	0.00803	0.00773	0.01523
61	0.01472	0.01152	0.01699	0.02101	0.09850	0.01150	0.01307	0.01791	0.02035	0.02822	0.12449	0.33632	0.05415	0.03567	0.14050	0.00632	0.01099	0.02014	0.00805	0.00959
62	0.01389	0.01018	0.01302	0.01231	0.01476	0.00931	0.00923	0.01838	0.02770	0.03873	0.53636	0.07651	0.14068	0.02084	0.01176	0.00316	0.00474	0.01832	0.01081	0.00931
63	0.08121	0.02533	0.14355	0.07923	0.07583	0.01889	0.05338	0.03937	0.02470	0.31514	0.02858	0.02831	0.01901	0.01084	0.00973	0.00313	0.01088	0.00908	0.00856	0.01526
64	0.09363	0.03218	0.18823	0.02657	0.06901	0.02539	0.05596	0.24096	0.03202	0.10712	0.02248	0.02376	0.01586	0.01066	0.00960	0.00308	0.01186	0.00848	0.00767	0.01549
65	0.01209	0.00889	0.01134	0.01330	0.01431	0.00815	0.00900	0.01395	0.01964	0.02568	0.06201	0.55922	0.14530	0.03031	0.01258	0.00394	0.00567	0.02722	0.00925	0.00815
66	0.02458	0.02380	0.04074	0.05630	0.49570	0.02391	0.07652	0.03244	0.06500	0.03322	0.02057	0.02584	0.01686	0.00920	0.01006	0.00303	0.01199	0.00933	0.00535	0.01558
67	0.04092	0.02115	0.07651	0.02151	0.05968	0.01693	0.01783	0.07676	0.02864	0.47889	0.03527	0.03163	0.02261	0.01186	0.00996	0.00308	0.00939	0.00966	0.01103	0.01670

[dist]
# distance from previous block
# <min> <max>
0	916

# created by:
# /st0/software/busco_prod/Augustus/scripts/msa2prfl.pl ./align_prep/12380.fa
