[name]
unknown

[dist]
# distance from previous block
# <min> <max>
0	49

[block]
# block no. 0 follows, 10 sequences, length 15
# corresponding to MSA columns:
# 49-63
name=unknown_A
#
# <colnr> <probs for GDERKNQSTAVLIFYWHMCP>
#	G	D	E	R	K	N	Q	S	T	A	V	L	I	F	Y	W	H	M	C	P
0	0.01626	0.01205	0.01527	0.01495	0.01790	0.01106	0.01154	0.02128	0.03104	0.04250	0.38778	0.09670	0.17626	0.02580	0.01401	0.00391	0.00619	0.07258	0.01219	0.01074
1	0.01767	0.01433	0.02322	0.02096	0.02404	0.01495	0.06906	0.02223	0.02252	0.03168	0.11944	0.10902	0.04790	0.09788	0.29635	0.01225	0.02124	0.01659	0.00788	0.01079
2	0.03122	0.03302	0.04728	0.06132	0.37747	0.11956	0.08687	0.03779	0.02775	0.03622	0.02139	0.02771	0.01772	0.01058	0.01160	0.00343	0.01579	0.01026	0.00581	0.01721
3	0.03029	0.54269	0.10949	0.02127	0.03197	0.04406	0.02228	0.03503	0.02373	0.02834	0.01665	0.01927	0.01491	0.01006	0.00783	0.00261	0.01293	0.00646	0.00497	0.01516
4	0.02333	0.06016	0.53100	0.03315	0.05034	0.02701	0.04297	0.03683	0.02455	0.03683	0.02087	0.02455	0.01473	0.01105	0.01105	0.00368	0.01719	0.00859	0.00491	0.01719
5	0.02168	0.01084	0.01084	0.01084	0.01355	0.01084	0.00813	0.02710	0.02439	0.04336	0.03794	0.04336	0.02981	0.01355	0.00813	0.00271	0.00542	0.01084	0.65583	0.01084
6	0.08793	0.01756	0.02183	0.01963	0.02541	0.01723	0.01613	0.04065	0.08681	0.21398	0.13530	0.07013	0.05301	0.02046	0.01280	0.00409	0.00911	0.12064	0.01224	0.01507
7	0.01683	0.01161	0.01439	0.01439	0.01498	0.01220	0.00918	0.01801	0.01742	0.02382	0.03508	0.06746	0.03853	0.44797	0.19735	0.01338	0.01693	0.01565	0.00682	0.00800
8	0.03776	0.02762	0.02938	0.02357	0.03130	0.03062	0.01913	0.33061	0.12825	0.06396	0.03303	0.03323	0.02423	0.01422	0.01109	0.00344	0.01094	0.01101	0.11856	0.01805
9	0.01688	0.01140	0.01333	0.01333	0.01355	0.01162	0.00785	0.01733	0.01710	0.02303	0.03606	0.07286	0.04087	0.53739	0.11114	0.01207	0.01340	0.01644	0.00696	0.00740
10	0.03950	0.30406	0.08619	0.02136	0.03152	0.03198	0.02065	0.04439	0.02786	0.24278	0.02934	0.02815	0.02087	0.01195	0.00959	0.00307	0.01175	0.00877	0.00902	0.01721
11	0.03847	0.02836	0.03066	0.02497	0.03311	0.03154	0.02015	0.27070	0.23811	0.09992	0.03750	0.03534	0.02708	0.01476	0.01172	0.00369	0.01106	0.01169	0.01194	0.01921
12	0.02412	0.02067	0.02412	0.01723	0.02756	0.01550	0.01378	0.02929	0.02412	0.03790	0.02067	0.02412	0.01723	0.00861	0.00861	0.00172	0.00861	0.00689	0.00689	0.66236
13	0.01759	0.06919	0.10065	0.01862	0.02263	0.01576	0.01609	0.02125	0.02180	0.02937	0.04814	0.35491	0.05542	0.12850	0.02147	0.00553	0.00972	0.02394	0.00868	0.01074
14	0.03791	0.02822	0.03070	0.02433	0.03223	0.03097	0.01980	0.36109	0.09065	0.06635	0.11565	0.03977	0.03715	0.01587	0.01202	0.00356	0.01118	0.01259	0.01186	0.01809

[dist]
# distance from previous block
# <min> <max>
0	9

[block]
# block no. 1 follows, 10 sequences, length 24
# corresponding to MSA columns:
# 73-96
name=unknown_B
#
# <colnr> <probs for GDERKNQSTAVLIFYWHMCP>
#	G	D	E	R	K	N	Q	S	T	A	V	L	I	F	Y	W	H	M	C	P
0	0.02996	0.02433	0.08064	0.02143	0.03138	0.01761	0.05416	0.03628	0.02641	0.14228	0.02842	0.03042	0.02101	0.01081	0.00988	0.00263	0.01029	0.00913	0.08867	0.32425
1	0.39695	0.02629	0.02381	0.08721	0.03264	0.08207	0.01800	0.03683	0.06581	0.04398	0.01973	0.02359	0.01562	0.01251	0.01184	0.00376	0.07107	0.00798	0.00702	0.01328
2	0.67341	0.02249	0.01709	0.01529	0.02249	0.02609	0.01260	0.03419	0.01979	0.05218	0.01619	0.01889	0.01260	0.01080	0.00720	0.00360	0.00900	0.00630	0.00720	0.01260
3	0.01460	0.01070	0.01372	0.01532	0.01683	0.00982	0.01059	0.01748	0.02506	0.03351	0.16605	0.41961	0.13810	0.03288	0.01447	0.00440	0.00637	0.02945	0.01122	0.00982
4	0.01633	0.01172	0.01600	0.01642	0.01763	0.01272	0.01161	0.01885	0.01870	0.02603	0.03803	0.13947	0.04070	0.23689	0.31013	0.01418	0.02111	0.01708	0.00720	0.00919
5	0.01751	0.01390	0.01598	0.01510	0.01884	0.01340	0.01143	0.02645	0.10360	0.04191	0.30875	0.08838	0.23221	0.02441	0.01343	0.00379	0.00620	0.02096	0.01199	0.01176
6	0.04345	0.05543	0.03296	0.02996	0.03596	0.54457	0.02247	0.04644	0.03296	0.02846	0.01798	0.02097	0.01498	0.01199	0.01049	0.00300	0.02097	0.00749	0.00599	0.01348
7	0.01959	0.01164	0.01531	0.01676	0.01879	0.01090	0.01217	0.02265	0.02423	0.08492	0.05908	0.41235	0.06556	0.03113	0.01395	0.00447	0.00744	0.07895	0.07925	0.01086
8	0.03690	0.03222	0.14022	0.09200	0.13530	0.02550	0.02869	0.11965	0.03279	0.19563	0.03009	0.03134	0.02080	0.01253	0.01151	0.00360	0.01331	0.01042	0.00924	0.01824
9	0.02893	0.02498	0.02630	0.02367	0.03024	0.02893	0.01841	0.06180	0.49770	0.04865	0.04734	0.04339	0.03550	0.01578	0.01183	0.00394	0.00920	0.01315	0.01183	0.01841
10	0.02059	0.01769	0.02486	0.08896	0.02918	0.02220	0.01848	0.02257	0.01905	0.02691	0.03072	0.15504	0.03386	0.13111	0.03445	0.05999	0.23102	0.01631	0.00667	0.01036
11	0.02349	0.02355	0.04420	0.18392	0.05318	0.02513	0.21016	0.02996	0.02314	0.03115	0.02475	0.04023	0.02206	0.13484	0.02507	0.00558	0.06783	0.01312	0.00586	0.01280
12	0.30616	0.02396	0.02480	0.01992	0.02825	0.02533	0.01644	0.14851	0.03284	0.22298	0.02937	0.02828	0.01997	0.01281	0.00983	0.00357	0.01022	0.00918	0.01077	0.01683
13	0.01668	0.01176	0.01503	0.01469	0.01615	0.01186	0.01011	0.01961	0.02327	0.03250	0.21328	0.07367	0.06468	0.27216	0.14546	0.01001	0.01334	0.01751	0.00902	0.00922
14	0.31748	0.11002	0.03088	0.02075	0.02923	0.03314	0.01763	0.22059	0.03493	0.05742	0.02109	0.02263	0.01594	0.01200	0.00909	0.00339	0.01108	0.00803	0.00873	0.01594
15	0.02179	0.03931	0.28332	0.20864	0.05519	0.02410	0.03437	0.03211	0.02543	0.03597	0.09783	0.03649	0.02987	0.01324	0.01166	0.00374	0.01479	0.01113	0.00623	0.01478
16	0.02857	0.12532	0.19369	0.09442	0.15441	0.03000	0.03228	0.03641	0.02481	0.07945	0.02207	0.02678	0.01706	0.01208	0.01360	0.00361	0.07367	0.00927	0.00604	0.01643
17	0.01905	0.01517	0.02149	0.02028	0.02137	0.01868	0.01560	0.02143	0.01792	0.02599	0.02736	0.04481	0.02715	0.14652	0.30832	0.06608	0.15438	0.01243	0.00599	0.00999
18	0.01951	0.01244	0.01597	0.01568	0.01882	0.01129	0.01183	0.02374	0.02918	0.09082	0.26993	0.19687	0.15411	0.02704	0.01393	0.00405	0.00668	0.05465	0.01207	0.01138
19	0.02904	0.16538	0.15960	0.09007	0.03873	0.02608	0.02493	0.03555	0.02549	0.13027	0.03289	0.13246	0.02942	0.01632	0.01112	0.00360	0.01243	0.01348	0.00796	0.01518
20	0.01537	0.01098	0.01488	0.01757	0.01877	0.01048	0.01289	0.01827	0.02345	0.03104	0.06344	0.46461	0.07429	0.03530	0.01517	0.00489	0.00779	0.14025	0.01077	0.00978
21	0.02988	0.51397	0.13458	0.02198	0.03306	0.04304	0.02351	0.03514	0.02378	0.02885	0.01691	0.01958	0.01490	0.01012	0.00802	0.00267	0.01318	0.00659	0.00497	0.01528
22	0.03179	0.02600	0.04046	0.11526	0.04549	0.02908	0.12555	0.13657	0.03103	0.09400	0.02546	0.03140	0.01946	0.02000	0.06126	0.00523	0.12706	0.01142	0.00787	0.01560
23	0.03021	0.02905	0.11828	0.22348	0.05620	0.02506	0.09915	0.04120	0.07678	0.13969	0.02935	0.03316	0.02067	0.01228	0.01190	0.00380	0.01456	0.01117	0.00791	0.01609

[dist]
# distance from previous block
# <min> <max>
0	5

[block]
# block no. 2 follows, 10 sequences, length 19
# corresponding to MSA columns:
# 102-120
name=unknown_C
#
# <colnr> <probs for GDERKNQSTAVLIFYWHMCP>
#	G	D	E	R	K	N	Q	S	T	A	V	L	I	F	Y	W	H	M	C	P
0	0.10334	0.02270	0.03366	0.33644	0.14207	0.02661	0.02856	0.03576	0.08940	0.03652	0.02405	0.03087	0.01844	0.01189	0.01110	0.00378	0.01354	0.01024	0.00644	0.01460
1	0.03401	0.10033	0.03301	0.02465	0.03206	0.10405	0.01983	0.13284	0.29438	0.04776	0.03591	0.03444	0.02727	0.01421	0.01108	0.00355	0.01189	0.01103	0.01015	0.01755
2	0.39974	0.02565	0.02320	0.09394	0.03336	0.07016	0.01708	0.06936	0.02470	0.04695	0.01845	0.02211	0.01434	0.01100	0.00862	0.00335	0.01119	0.00737	0.00713	0.09231
3	0.03573	0.03114	0.03538	0.02811	0.03549	0.15745	0.12503	0.09376	0.03227	0.11010	0.02928	0.03233	0.02174	0.01243	0.01099	0.00329	0.01432	0.01073	0.16540	0.01502
4	0.19709	0.02364	0.08045	0.01973	0.02658	0.02056	0.01773	0.08567	0.02975	0.09427	0.14525	0.09610	0.04793	0.01850	0.01152	0.00385	0.00963	0.04778	0.01007	0.01391
5	0.01916	0.01153	0.01541	0.01657	0.01852	0.01058	0.01160	0.02190	0.02490	0.09343	0.11487	0.45734	0.07483	0.03220	0.01432	0.00446	0.00699	0.02899	0.01148	0.01091
6	0.01661	0.01246	0.01869	0.01869	0.02077	0.01454	0.01454	0.02077	0.01869	0.02700	0.03115	0.04569	0.02908	0.08723	0.54517	0.01869	0.03115	0.01246	0.00623	0.01038
7	0.01473	0.01055	0.01399	0.01582	0.01699	0.00982	0.01084	0.01759	0.02485	0.03380	0.17284	0.46322	0.08488	0.03337	0.01457	0.00447	0.00644	0.03015	0.01128	0.00982
8	0.02294	0.02725	0.10167	0.15833	0.04365	0.02887	0.02776	0.02820	0.02061	0.02985	0.02330	0.09456	0.02275	0.01890	0.02512	0.00455	0.29013	0.01278	0.00578	0.01299
9	0.02279	0.02987	0.13764	0.14994	0.05246	0.02370	0.18291	0.03182	0.02730	0.03780	0.14097	0.04343	0.03895	0.01383	0.01275	0.00380	0.01482	0.01377	0.00722	0.01423
10	0.02553	0.02547	0.04674	0.27940	0.22452	0.02726	0.13450	0.03346	0.02530	0.03424	0.02173	0.03034	0.01698	0.01078	0.01207	0.00374	0.01587	0.01112	0.00553	0.01542
11	0.08923	0.01644	0.01937	0.01767	0.02123	0.01736	0.01292	0.03441	0.13541	0.10218	0.03232	0.04199	0.02747	0.10455	0.03076	0.25527	0.00991	0.01165	0.00850	0.01138
12	0.02340	0.02128	0.03036	0.24411	0.09524	0.02493	0.02479	0.03608	0.13918	0.03641	0.07364	0.04536	0.07576	0.01590	0.01431	0.00394	0.05982	0.01319	0.00796	0.01432
13	0.02534	0.02411	0.04098	0.32009	0.29697	0.02673	0.03398	0.03267	0.02485	0.03381	0.02127	0.02991	0.01695	0.01100	0.01157	0.00367	0.01467	0.01035	0.00546	0.01564
14	0.02306	0.01541	0.01869	0.01687	0.02125	0.01511	0.01297	0.03350	0.12275	0.10519	0.32589	0.07497	0.12439	0.02161	0.01310	0.00373	0.00680	0.01868	0.01262	0.01340
15	0.08471	0.01914	0.02474	0.09070	0.09000	0.01798	0.01734	0.02732	0.02266	0.03516	0.02775	0.09844	0.02726	0.09376	0.01698	0.00407	0.01029	0.01217	0.00705	0.27249
16	0.02286	0.09981	0.03547	0.15475	0.19126	0.02390	0.02467	0.02793	0.02401	0.03200	0.03451	0.20783	0.03627	0.01904	0.01206	0.00382	0.01170	0.01714	0.00715	0.01381
17	0.03321	0.10977	0.08075	0.02214	0.03235	0.07519	0.01987	0.09961	0.03041	0.10115	0.02396	0.02556	0.01825	0.01084	0.00968	0.00262	0.01192	0.00812	0.00795	0.27665
18	0.02841	0.08634	0.21678	0.02868	0.03994	0.02705	0.08237	0.08174	0.08551	0.07970	0.09492	0.03725	0.03234	0.01367	0.01164	0.00361	0.01352	0.01170	0.00832	0.01654

[dist]
# distance from previous block
# <min> <max>
1	10

[block]
# block no. 3 follows, 10 sequences, length 20
# corresponding to MSA columns:
# 131-150
name=unknown_D
#
# <colnr> <probs for GDERKNQSTAVLIFYWHMCP>
#	G	D	E	R	K	N	Q	S	T	A	V	L	I	F	Y	W	H	M	C	P
0	0.03897	0.07677	0.08176	0.16147	0.04525	0.02474	0.02425	0.08751	0.03111	0.26271	0.03258	0.03292	0.02190	0.01292	0.01123	0.00357	0.01255	0.01044	0.01000	0.01734
1	0.03738	0.02692	0.08264	0.03533	0.15177	0.02330	0.02505	0.09019	0.07341	0.22046	0.03731	0.04357	0.02825	0.01489	0.01202	0.00376	0.01191	0.05321	0.01045	0.01818
2	0.03665	0.19849	0.09240	0.03294	0.12712	0.03338	0.02529	0.15122	0.03369	0.12356	0.02555	0.02694	0.01907	0.01188	0.01034	0.00323	0.01284	0.00922	0.00834	0.01784
3	0.03758	0.03228	0.17240	0.07312	0.04020	0.02256	0.02609	0.04937	0.10213	0.26731	0.03668	0.03509	0.02461	0.01340	0.01153	0.00370	0.01238	0.01091	0.01045	0.01822
4	0.02928	0.07423	0.03410	0.03440	0.16894	0.02404	0.02162	0.03995	0.11474	0.08978	0.06503	0.03486	0.02889	0.01230	0.01064	0.00304	0.01046	0.01055	0.00853	0.18461
5	0.02300	0.01974	0.02242	0.01705	0.02600	0.01601	0.01349	0.03070	0.07358	0.03801	0.03855	0.03978	0.09640	0.01260	0.00975	0.00230	0.00825	0.01029	0.00801	0.49410
6	0.03022	0.13877	0.08519	0.02457	0.03281	0.08385	0.02162	0.05265	0.31381	0.04143	0.03584	0.03458	0.02746	0.01382	0.01080	0.00355	0.01181	0.01082	0.00925	0.01714
7	0.02807	0.02691	0.04444	0.10371	0.34125	0.02790	0.07786	0.04020	0.11424	0.03918	0.02669	0.03198	0.02127	0.01143	0.01181	0.00363	0.01371	0.01123	0.00685	0.01765
8	0.01585	0.01132	0.01542	0.01811	0.01952	0.01089	0.01371	0.01909	0.02392	0.03157	0.06318	0.41776	0.07326	0.03486	0.01529	0.00495	0.00820	0.18243	0.01076	0.00991
9	0.26475	0.02072	0.02360	0.01885	0.02723	0.02017	0.01555	0.04898	0.02867	0.36437	0.03572	0.03251	0.02325	0.01316	0.01016	0.00360	0.00959	0.00985	0.01193	0.01733
10	0.01476	0.01170	0.01254	0.01239	0.01540	0.01027	0.00884	0.01755	0.02572	0.03213	0.16408	0.10135	0.36308	0.13342	0.02222	0.00526	0.00683	0.02258	0.01041	0.00948
11	0.67341	0.02249	0.01709	0.01529	0.02249	0.02609	0.01260	0.03419	0.01979	0.05218	0.01619	0.01889	0.01260	0.01080	0.00720	0.00360	0.00900	0.00630	0.00720	0.01260
12	0.14799	0.01400	0.01527	0.01432	0.01814	0.01383	0.01097	0.02359	0.02929	0.04538	0.35147	0.07712	0.15311	0.02205	0.01241	0.00369	0.00625	0.01862	0.01137	0.01112
13	0.02642	0.20481	0.27129	0.03282	0.08858	0.03383	0.03294	0.03477	0.02344	0.03288	0.01876	0.02344	0.01524	0.01211	0.01429	0.00354	0.10148	0.00834	0.00504	0.01597
14	0.67341	0.02249	0.01709	0.01529	0.02249	0.02609	0.01260	0.03419	0.01979	0.05218	0.01619	0.01889	0.01260	0.01080	0.00720	0.00360	0.00900	0.00630	0.00720	0.01260
15	0.67341	0.02249	0.01709	0.01529	0.02249	0.02609	0.01260	0.03419	0.01979	0.05218	0.01619	0.01889	0.01260	0.01080	0.00720	0.00360	0.00900	0.00630	0.00720	0.01260
16	0.01691	0.01128	0.01268	0.01268	0.01268	0.01128	0.00705	0.01691	0.01691	0.02255	0.03665	0.07611	0.04228	0.59126	0.05920	0.01128	0.01128	0.01691	0.00705	0.00705
17	0.03814	0.09833	0.11887	0.03078	0.04086	0.17190	0.11434	0.04459	0.02967	0.16173	0.02664	0.02823	0.01908	0.01182	0.01122	0.00339	0.01633	0.00987	0.00789	0.01630
18	0.02175	0.02293	0.09820	0.01946	0.02556	0.01765	0.01756	0.10764	0.03249	0.04397	0.18548	0.15859	0.15577	0.02336	0.01312	0.00387	0.00898	0.01996	0.01059	0.01308
19	0.16088	0.29541	0.21275	0.02348	0.03534	0.03541	0.02629	0.03538	0.02316	0.03572	0.01778	0.02072	0.01438	0.01050	0.00864	0.00313	0.01335	0.00705	0.00541	0.01522

[dist]
# distance from previous block
# <min> <max>
1	4

[block]
# block no. 4 follows, 10 sequences, length 16
# corresponding to MSA columns:
# 155-170
name=unknown_E
#
# <colnr> <probs for GDERKNQSTAVLIFYWHMCP>
#	G	D	E	R	K	N	Q	S	T	A	V	L	I	F	Y	W	H	M	C	P
0	0.10717	0.21207	0.03965	0.02757	0.11309	0.02905	0.01974	0.03514	0.02463	0.07775	0.02101	0.02382	0.01711	0.01011	0.00883	0.00266	0.01093	0.00761	0.00674	0.20534
1	0.03236	0.14657	0.04742	0.05386	0.35132	0.03011	0.02992	0.03828	0.02678	0.10034	0.02385	0.02808	0.01906	0.01081	0.01069	0.00327	0.01301	0.00967	0.00673	0.01787
2	0.01712	0.01202	0.01756	0.01756	0.01913	0.01359	0.01312	0.01960	0.01803	0.02561	0.03032	0.04771	0.02937	0.13714	0.42506	0.10281	0.02616	0.01264	0.00617	0.00931
3	0.02829	0.23100	0.10963	0.08107	0.12398	0.03417	0.02651	0.04148	0.14203	0.03601	0.02596	0.02850	0.02069	0.01177	0.01012	0.00331	0.01279	0.00936	0.00683	0.01653
4	0.01690	0.01804	0.08277	0.01672	0.02105	0.01285	0.01457	0.02233	0.02862	0.03983	0.31783	0.12552	0.13281	0.07768	0.01778	0.00451	0.00774	0.02048	0.01081	0.01116
5	0.03064	0.13492	0.17449	0.02340	0.03345	0.02560	0.02404	0.04150	0.09035	0.14735	0.11779	0.04056	0.03778	0.01452	0.01113	0.00348	0.01154	0.01170	0.00937	0.01640
6	0.02884	0.02660	0.03903	0.05272	0.32762	0.02814	0.02893	0.04591	0.21082	0.04216	0.03184	0.03450	0.02510	0.01248	0.01164	0.00365	0.01201	0.01145	0.00813	0.01842
7	0.02881	0.15764	0.15762	0.02408	0.03345	0.02924	0.02417	0.04120	0.12806	0.09449	0.03890	0.03896	0.07659	0.01508	0.01312	0.00361	0.05932	0.01134	0.00824	0.01607
8	0.02643	0.03573	0.14249	0.07766	0.03760	0.14347	0.02576	0.03179	0.02333	0.02942	0.02155	0.02997	0.01852	0.03169	0.13408	0.06140	0.10109	0.00970	0.00551	0.01279
9	0.03580	0.02281	0.02781	0.09589	0.03561	0.02433	0.01918	0.17800	0.08829	0.16395	0.07446	0.04347	0.03321	0.08371	0.01752	0.00456	0.01129	0.01268	0.01097	0.01644
10	0.01411	0.01035	0.01326	0.01559	0.01671	0.00950	0.01053	0.01626	0.02285	0.02993	0.07147	0.51896	0.13688	0.03548	0.01469	0.00461	0.00663	0.03190	0.01080	0.00950
11	0.01712	0.01294	0.01786	0.08017	0.02487	0.01275	0.01352	0.02288	0.03177	0.04462	0.45382	0.08020	0.09848	0.02233	0.01347	0.00368	0.00668	0.01976	0.01189	0.01121
12	0.01539	0.01123	0.01447	0.01496	0.01705	0.01032	0.01073	0.01939	0.02847	0.03912	0.31439	0.27112	0.13232	0.02890	0.01413	0.00407	0.00598	0.02574	0.01190	0.01032
13	0.02410	0.01348	0.01857	0.01836	0.02148	0.01325	0.01411	0.02758	0.02400	0.13741	0.04865	0.20312	0.04920	0.09656	0.15466	0.00879	0.01479	0.08993	0.01004	0.01192
14	0.02507	0.09990	0.02917	0.01759	0.02788	0.01969	0.01462	0.03005	0.02405	0.03645	0.02005	0.02337	0.01691	0.00880	0.00846	0.00183	0.00914	0.00680	0.00663	0.57355
15	0.03746	0.15066	0.08896	0.02138	0.03046	0.02644	0.01994	0.08622	0.07054	0.21350	0.03396	0.03309	0.02406	0.01302	0.01022	0.00326	0.01086	0.01005	0.09880	0.01710

[dist]
# distance from previous block
# <min> <max>
1	21

[block]
# block no. 5 follows, 10 sequences, length 13
# corresponding to MSA columns:
# 192-204
name=unknown_F
#
# <colnr> <probs for GDERKNQSTAVLIFYWHMCP>
#	G	D	E	R	K	N	Q	S	T	A	V	L	I	F	Y	W	H	M	C	P
0	0.02487	0.01485	0.01842	0.01734	0.02164	0.01406	0.01332	0.03217	0.08397	0.14374	0.15841	0.18639	0.14387	0.02513	0.01347	0.00408	0.00760	0.05136	0.01210	0.01321
1	0.02683	0.08161	0.03496	0.33333	0.05802	0.02828	0.02597	0.12012	0.02893	0.03747	0.02356	0.03443	0.01947	0.08031	0.01681	0.00453	0.01414	0.01071	0.00668	0.01383
2	0.02284	0.02292	0.02254	0.12910	0.03386	0.12930	0.01749	0.02757	0.02908	0.03560	0.20955	0.11269	0.12077	0.02074	0.01271	0.00370	0.01105	0.01756	0.00932	0.01161
3	0.03091	0.15490	0.13356	0.02245	0.03378	0.02698	0.02220	0.08813	0.02871	0.09296	0.02334	0.02516	0.01780	0.01065	0.00954	0.00269	0.01177	0.00803	0.00746	0.24899
4	0.01784	0.13755	0.02378	0.01700	0.01968	0.01737	0.01277	0.02023	0.02256	0.02919	0.05372	0.46125	0.06349	0.03070	0.01325	0.00424	0.00798	0.02725	0.00953	0.01063
5	0.03020	0.02048	0.02474	0.01798	0.02802	0.01585	0.01450	0.03522	0.02610	0.14382	0.02613	0.02747	0.01973	0.00987	0.00928	0.00213	0.00889	0.00793	0.00852	0.52314
6	0.02504	0.01540	0.01659	0.01538	0.01910	0.01602	0.01170	0.12300	0.03052	0.04707	0.04108	0.14969	0.03720	0.01829	0.01025	0.00329	0.00729	0.01527	0.38532	0.01249
7	0.03106	0.10342	0.18623	0.02473	0.03680	0.02720	0.02548	0.13185	0.03147	0.07889	0.02357	0.02554	0.01757	0.01109	0.01010	0.00293	0.01269	0.00845	0.00762	0.20332
8	0.15875	0.20308	0.18418	0.03393	0.14017	0.03253	0.02847	0.03546	0.02374	0.03743	0.01876	0.02259	0.01515	0.01053	0.00932	0.00327	0.01340	0.00782	0.00558	0.01586
9	0.01417	0.01012	0.01350	0.01619	0.01687	0.00945	0.01080	0.01619	0.02227	0.02969	0.06410	0.58367	0.07692	0.03644	0.01484	0.00472	0.00675	0.03306	0.01080	0.00945
10	0.02412	0.02067	0.02412	0.01723	0.02756	0.01550	0.01378	0.02929	0.02412	0.03790	0.02067	0.02412	0.01723	0.00861	0.00861	0.00172	0.00861	0.00689	0.00689	0.66236
11	0.02529	0.09543	0.26309	0.02658	0.03774	0.02787	0.02881	0.04294	0.18201	0.03840	0.03090	0.03561	0.02455	0.07242	0.01594	0.00444	0.01345	0.01075	0.00745	0.01633
12	0.02400	0.01440	0.01807	0.01695	0.02091	0.01363	0.01274	0.03112	0.08033	0.13554	0.21396	0.20556	0.11621	0.02493	0.01341	0.00398	0.00713	0.02183	0.01229	0.01301

[dist]
# distance from previous block
# <min> <max>
0	18

[block]
# block no. 6 follows, 10 sequences, length 24
# corresponding to MSA columns:
# 223-246
name=unknown_G
#
# <colnr> <probs for GDERKNQSTAVLIFYWHMCP>
#	G	D	E	R	K	N	Q	S	T	A	V	L	I	F	Y	W	H	M	C	P
0	0.03007	0.19064	0.31508	0.02798	0.04178	0.03181	0.03261	0.08186	0.02811	0.08405	0.02272	0.02480	0.01660	0.01137	0.01025	0.00335	0.01486	0.00847	0.00648	0.01711
1	0.02573	0.09485	0.25918	0.03289	0.08021	0.02720	0.08065	0.07563	0.02923	0.04120	0.10729	0.03628	0.03243	0.01325	0.01156	0.00355	0.01427	0.01143	0.00710	0.01606
2	0.02262	0.01505	0.01892	0.01841	0.02213	0.01501	0.01431	0.03225	0.11350	0.09490	0.21337	0.17579	0.07372	0.02516	0.01378	0.00420	0.00780	0.09407	0.01206	0.01295
3	0.04476	0.07028	0.03487	0.03090	0.11891	0.02492	0.02162	0.13143	0.03534	0.31252	0.03576	0.03374	0.02410	0.01323	0.01131	0.00346	0.01136	0.01078	0.01156	0.01915
4	0.04191	0.02416	0.03255	0.02512	0.03370	0.02393	0.06884	0.16413	0.07814	0.26504	0.08344	0.04043	0.03349	0.01479	0.01211	0.00364	0.01126	0.01261	0.01235	0.01837
5	0.02020	0.01010	0.01515	0.01515	0.01515	0.01010	0.01010	0.01515	0.01515	0.02020	0.02020	0.03535	0.02020	0.04040	0.04545	0.66162	0.01010	0.01010	0.00505	0.00505
6	0.02713	0.04371	0.27230	0.03573	0.04824	0.02950	0.15250	0.08179	0.06552	0.04065	0.02386	0.02829	0.01772	0.01226	0.01443	0.00388	0.06870	0.01066	0.00640	0.01672
7	0.02468	0.15409	0.44895	0.03084	0.04676	0.03033	0.03894	0.03648	0.02439	0.03518	0.02005	0.02353	0.01477	0.01086	0.01042	0.00347	0.01636	0.00818	0.00492	0.01679
8	0.02175	0.04420	0.34889	0.02713	0.03964	0.02281	0.03209	0.03461	0.06817	0.03910	0.11789	0.04508	0.07870	0.01537	0.01183	0.00372	0.01341	0.01262	0.00744	0.01554
9	0.02234	0.02067	0.03300	0.46799	0.07093	0.02404	0.02907	0.02964	0.02341	0.03114	0.02067	0.02980	0.01580	0.01110	0.01110	0.00350	0.01430	0.00973	0.00547	0.12628
10	0.02627	0.03391	0.12364	0.27642	0.11060	0.11561	0.03117	0.03396	0.02631	0.03305	0.05973	0.03232	0.02314	0.01242	0.01148	0.00362	0.01577	0.01038	0.00594	0.01424
11	0.01892	0.02204	0.11161	0.01891	0.02468	0.01565	0.01758	0.02851	0.07588	0.04502	0.37738	0.07122	0.08512	0.02066	0.01305	0.00369	0.00800	0.01799	0.01126	0.01283
12	0.04421	0.03258	0.03490	0.02676	0.03607	0.03607	0.02211	0.47993	0.05468	0.07330	0.02792	0.02792	0.01978	0.01396	0.01163	0.00349	0.01280	0.01047	0.01163	0.01978
13	0.02556	0.02435	0.04139	0.30369	0.31158	0.02679	0.03409	0.03287	0.02496	0.03409	0.02131	0.02983	0.01704	0.01096	0.01157	0.00365	0.01461	0.01035	0.00548	0.01582
14	0.01661	0.01246	0.01869	0.01869	0.02077	0.01454	0.01454	0.02077	0.01869	0.02700	0.03115	0.04569	0.02908	0.08723	0.54517	0.01869	0.03115	0.01246	0.00623	0.01038
15	0.05079	0.02202	0.02837	0.02175	0.03080	0.02041	0.01797	0.13056	0.03702	0.44761	0.04275	0.03755	0.02722	0.01432	0.01169	0.00358	0.01040	0.01148	0.01391	0.01979
16	0.02284	0.13683	0.31074	0.08015	0.04384	0.02690	0.03229	0.03208	0.02386	0.03327	0.02785	0.12482	0.02603	0.01549	0.01119	0.00369	0.01435	0.01277	0.00601	0.01500
17	0.19899	0.03896	0.11759	0.02541	0.03348	0.17459	0.02305	0.04223	0.07249	0.08075	0.02307	0.02531	0.01756	0.01288	0.01258	0.00362	0.06669	0.00855	0.00732	0.01488
18	0.01417	0.01012	0.01350	0.01619	0.01687	0.00945	0.01080	0.01619	0.02227	0.02969	0.06410	0.58367	0.07692	0.03644	0.01484	0.00472	0.00675	0.03306	0.01080	0.00945
19	0.02791	0.02912	0.15189	0.02248	0.03161	0.02015	0.02198	0.04054	0.12020	0.12996	0.15851	0.04710	0.04631	0.01561	0.01174	0.00350	0.01033	0.01309	0.01024	0.08774
20	0.02745	0.03137	0.06863	0.04902	0.06078	0.02941	0.47647	0.03725	0.02745	0.03725	0.02353	0.03137	0.01765	0.00980	0.01373	0.00392	0.01961	0.01373	0.00588	0.01569
21	0.01791	0.02866	0.20238	0.02210	0.02915	0.01611	0.02255	0.02472	0.02496	0.03525	0.12664	0.29326	0.06000	0.02498	0.01327	0.00416	0.01033	0.02205	0.00900	0.01253
22	0.02677	0.18549	0.09445	0.02918	0.11645	0.02731	0.02253	0.03277	0.02444	0.03489	0.01966	0.02348	0.01652	0.00956	0.00907	0.00245	0.01153	0.00750	0.00595	0.30001
23	0.04434	0.03478	0.03140	0.02576	0.03377	0.17063	0.02052	0.20634	0.09232	0.17367	0.03191	0.03069	0.02249	0.01373	0.01136	0.00343	0.01392	0.01026	0.01080	0.01790

[dist]
# distance from previous block
# <min> <max>
0	5

[block]
# block no. 7 follows, 10 sequences, length 53
# corresponding to MSA columns:
# 252-304
name=unknown_H
#
# <colnr> <probs for GDERKNQSTAVLIFYWHMCP>
#	G	D	E	R	K	N	Q	S	T	A	V	L	I	F	Y	W	H	M	C	P
0	0.38871	0.02388	0.02340	0.02411	0.07829	0.02721	0.01702	0.04359	0.18038	0.04948	0.02722	0.02815	0.02088	0.01242	0.00921	0.00370	0.00958	0.00903	0.00859	0.01517
1	0.02454	0.02300	0.03727	0.37327	0.19261	0.02665	0.03172	0.03476	0.07499	0.03397	0.02385	0.03174	0.01843	0.01173	0.01162	0.00377	0.01438	0.01064	0.00604	0.01499
2	0.02947	0.02879	0.03835	0.15931	0.25985	0.09795	0.02956	0.07562	0.02846	0.03701	0.02267	0.02996	0.01863	0.01967	0.07027	0.00516	0.01698	0.01020	0.00626	0.01582
3	0.01542	0.01324	0.01338	0.01309	0.01731	0.01193	0.00989	0.02167	0.07848	0.03332	0.11005	0.10437	0.46122	0.02795	0.01353	0.00393	0.00626	0.02329	0.01091	0.01077
4	0.03195	0.02531	0.02832	0.02094	0.03088	0.02352	0.01703	0.20499	0.03603	0.05170	0.02350	0.02560	0.01822	0.01070	0.00979	0.00241	0.01024	0.00829	0.00874	0.41182
5	0.02786	0.02152	0.02529	0.02126	0.02875	0.02046	0.01773	0.15174	0.03343	0.04662	0.03635	0.06098	0.03456	0.01795	0.01194	0.00342	0.01047	0.15290	0.00948	0.26729
6	0.03225	0.54752	0.05833	0.02084	0.03042	0.09262	0.02014	0.03591	0.02450	0.02747	0.01634	0.01887	0.01493	0.01014	0.00775	0.00254	0.01324	0.00634	0.00507	0.01479
7	0.02461	0.02140	0.02655	0.02293	0.07925	0.01678	0.01609	0.02996	0.02437	0.03791	0.02080	0.02461	0.01735	0.00880	0.00892	0.00190	0.00916	0.00726	0.00677	0.59460
8	0.03684	0.02879	0.04064	0.04967	0.28939	0.02986	0.02879	0.20682	0.03786	0.09693	0.02641	0.02946	0.01990	0.01211	0.01158	0.00348	0.01306	0.01053	0.00880	0.01907
9	0.02905	0.08584	0.11491	0.08840	0.17840	0.03049	0.11825	0.08512	0.07936	0.04086	0.02479	0.02943	0.01916	0.01137	0.01156	0.00358	0.01483	0.01070	0.00681	0.01707
10	0.02020	0.01010	0.01515	0.01515	0.01515	0.01010	0.01010	0.01515	0.01515	0.02020	0.02020	0.03535	0.02020	0.04040	0.04545	0.66162	0.01010	0.01010	0.00505	0.00505
11	0.02730	0.02493	0.04009	0.29638	0.26048	0.02773	0.03261	0.08190	0.02808	0.03802	0.02198	0.02973	0.01721	0.01135	0.01158	0.00366	0.01449	0.01036	0.00613	0.01600
12	0.02168	0.01084	0.01084	0.01084	0.01355	0.01084	0.00813	0.02710	0.02439	0.04336	0.03794	0.04336	0.02981	0.01355	0.00813	0.00271	0.00542	0.01084	0.65583	0.01084
13	0.02772	0.28045	0.17444	0.02220	0.03219	0.03107	0.02355	0.03392	0.02495	0.07336	0.07436	0.03534	0.02895	0.07440	0.01499	0.00397	0.01264	0.01002	0.00679	0.01468
14	0.02495	0.17242	0.43293	0.03039	0.04606	0.03098	0.03816	0.03641	0.02436	0.03486	0.01989	0.02332	0.01477	0.01082	0.01030	0.00343	0.01620	0.00810	0.00492	0.01672
15	0.03193	0.02648	0.02799	0.02428	0.03139	0.03033	0.01914	0.14395	0.41066	0.05349	0.04352	0.04035	0.03241	0.01542	0.01180	0.00386	0.00991	0.01262	0.01180	0.01868
16	0.67341	0.02249	0.01709	0.01529	0.02249	0.02609	0.01260	0.03419	0.01979	0.05218	0.01619	0.01889	0.01260	0.01080	0.00720	0.00360	0.00900	0.00630	0.00720	0.01260
17	0.03120	0.02759	0.15982	0.02233	0.03086	0.01728	0.02195	0.03767	0.02821	0.22028	0.09494	0.17207	0.04551	0.01984	0.01250	0.00390	0.01064	0.01704	0.01077	0.01561
18	0.03030	0.02657	0.03848	0.08913	0.04321	0.02859	0.13067	0.15237	0.17249	0.04974	0.08277	0.03984	0.03288	0.01427	0.01242	0.00379	0.01292	0.01314	0.00971	0.01671
19	0.13138	0.05016	0.39194	0.02918	0.04358	0.02706	0.03532	0.03907	0.07450	0.04064	0.02294	0.02564	0.01661	0.01151	0.01050	0.00370	0.01498	0.00870	0.00603	0.01656
20	0.04345	0.05543	0.03296	0.02996	0.03596	0.54457	0.02247	0.04644	0.03296	0.02846	0.01798	0.02097	0.01498	0.01199	0.01049	0.00300	0.02097	0.00749	0.00599	0.01348
21	0.01417	0.01012	0.01350	0.01619	0.01687	0.00945	0.01080	0.01619	0.02227	0.02969	0.06410	0.58367	0.07692	0.03644	0.01484	0.00472	0.00675	0.03306	0.01080	0.00945
22	0.02020	0.01010	0.01515	0.01515	0.01515	0.01010	0.01010	0.01515	0.01515	0.02020	0.02020	0.03535	0.02020	0.04040	0.04545	0.66162	0.01010	0.01010	0.00505	0.00505
23	0.01455	0.01041	0.01383	0.01594	0.01695	0.00970	0.01083	0.01715	0.02403	0.03249	0.13823	0.50155	0.08235	0.03434	0.01466	0.00455	0.00654	0.03107	0.01113	0.00970
24	0.04345	0.05543	0.03296	0.02996	0.03596	0.54457	0.02247	0.04644	0.03296	0.02846	0.01798	0.02097	0.01498	0.01199	0.01049	0.00300	0.02097	0.00749	0.00599	0.01348
25	0.01417	0.01012	0.01350	0.01619	0.01687	0.00945	0.01080	0.01619	0.02227	0.02969	0.06410	0.58367	0.07692	0.03644	0.01484	0.00472	0.00675	0.03306	0.01080	0.00945
26	0.11042	0.03152	0.03303	0.02555	0.03464	0.03502	0.02111	0.43302	0.05101	0.07108	0.02669	0.02697	0.01902	0.01363	0.01117	0.00350	0.01240	0.01003	0.01117	0.01902
27	0.02993	0.28968	0.04230	0.02193	0.03006	0.03682	0.01910	0.04935	0.27881	0.03882	0.03295	0.03197	0.02600	0.01309	0.00982	0.00327	0.01070	0.00995	0.00867	0.01680
28	0.67341	0.02249	0.01709	0.01529	0.02249	0.02609	0.01260	0.03419	0.01979	0.05218	0.01619	0.01889	0.01260	0.01080	0.00720	0.00360	0.00900	0.00630	0.00720	0.01260
29	0.01914	0.01530	0.01982	0.01834	0.01885	0.01817	0.01322	0.02085	0.01906	0.02707	0.08132	0.06041	0.04084	0.32385	0.09888	0.00955	0.16385	0.01507	0.00705	0.00935
30	0.01375	0.01178	0.01178	0.01178	0.01571	0.00982	0.00884	0.01669	0.02651	0.03142	0.11782	0.11193	0.51399	0.02946	0.01375	0.00393	0.00589	0.02455	0.01080	0.00982
31	0.67341	0.02249	0.01709	0.01529	0.02249	0.02609	0.01260	0.03419	0.01979	0.05218	0.01619	0.01889	0.01260	0.01080	0.00720	0.00360	0.00900	0.00630	0.00720	0.01260
32	0.04110	0.02958	0.03158	0.02456	0.03296	0.03259	0.02018	0.41742	0.05050	0.06917	0.02931	0.03005	0.02116	0.01390	0.01115	0.00338	0.01178	0.01052	0.10056	0.01855
33	0.67341	0.02249	0.01709	0.01529	0.02249	0.02609	0.01260	0.03419	0.01979	0.05218	0.01619	0.01889	0.01260	0.01080	0.00720	0.00360	0.00900	0.00630	0.00720	0.01260
34	0.02196	0.02067	0.03488	0.56331	0.08010	0.02584	0.03230	0.02972	0.02326	0.02972	0.02067	0.03101	0.01550	0.01163	0.01163	0.00388	0.01550	0.01034	0.00517	0.01292
35	0.02780	0.02495	0.04603	0.23323	0.10000	0.02539	0.18633	0.03563	0.02613	0.08523	0.02439	0.03120	0.01804	0.01088	0.01209	0.00363	0.01559	0.01136	0.00658	0.07552
36	0.03444	0.04078	0.03889	0.03281	0.03733	0.28120	0.08626	0.03820	0.02648	0.02950	0.01772	0.02410	0.01546	0.01485	0.02139	0.00391	0.22817	0.00937	0.00564	0.01350
37	0.01881	0.01075	0.01497	0.01497	0.01525	0.01103	0.00988	0.01641	0.01612	0.02178	0.02619	0.04789	0.02744	0.19698	0.11818	0.39564	0.01333	0.01228	0.00576	0.00633
38	0.11976	0.51878	0.05489	0.01926	0.02883	0.04327	0.01889	0.03474	0.02310	0.03079	0.01617	0.01869	0.01460	0.01007	0.00743	0.00264	0.01196	0.00623	0.00528	0.01460
39	0.51356	0.02487	0.01907	0.01776	0.02420	0.08152	0.01453	0.03415	0.02221	0.04717	0.02266	0.03462	0.02036	0.01387	0.00878	0.00377	0.01055	0.06636	0.00755	0.01243
40	0.03940	0.10917	0.03681	0.02521	0.03407	0.03604	0.02108	0.33634	0.13744	0.06212	0.03012	0.02968	0.02220	0.01376	0.01110	0.00344	0.01204	0.01041	0.01075	0.01884
41	0.58656	0.02388	0.01955	0.01688	0.02437	0.02747	0.01391	0.09572	0.02461	0.05510	0.01781	0.02014	0.01359	0.01123	0.00781	0.00358	0.00952	0.00687	0.00781	0.01359
42	0.67341	0.02249	0.01709	0.01529	0.02249	0.02609	0.01260	0.03419	0.01979	0.05218	0.01619	0.01889	0.01260	0.01080	0.00720	0.00360	0.00900	0.00630	0.00720	0.01260
43	0.03994	0.04808	0.03135	0.02844	0.03458	0.42007	0.02149	0.05015	0.14516	0.03334	0.02507	0.02639	0.01994	0.01290	0.01081	0.00323	0.01813	0.00886	0.00740	0.01467
44	0.67341	0.02249	0.01709	0.01529	0.02249	0.02609	0.01260	0.03419	0.01979	0.05218	0.01619	0.01889	0.01260	0.01080	0.00720	0.00360	0.00900	0.00630	0.00720	0.01260
45	0.04666	0.02866	0.03248	0.02490	0.03411	0.03025	0.02057	0.35009	0.04812	0.21241	0.03343	0.03150	0.02254	0.01409	0.01165	0.00352	0.01191	0.01085	0.01248	0.01978
46	0.05218	0.01979	0.02699	0.02069	0.02969	0.01709	0.01709	0.05668	0.03329	0.52677	0.04588	0.03959	0.02879	0.01439	0.01170	0.00360	0.00990	0.01170	0.01439	0.01979
47	0.01531	0.01093	0.01480	0.01749	0.01866	0.01043	0.01277	0.01816	0.02339	0.03096	0.06348	0.47130	0.07444	0.03537	0.01515	0.00488	0.00773	0.13423	0.01077	0.00976
48	0.02361	0.02235	0.03786	0.44454	0.18600	0.02627	0.03312	0.03116	0.02403	0.03172	0.02096	0.03047	0.01621	0.01132	0.01160	0.00377	0.01510	0.01034	0.00531	0.01425
49	0.02545	0.02545	0.03562	0.03053	0.03053	0.03562	0.02545	0.02799	0.01781	0.02799	0.01527	0.02545	0.01527	0.02036	0.03817	0.00509	0.56997	0.01018	0.00509	0.01272
50	0.01668	0.01222	0.01747	0.01747	0.01912	0.01387	0.01301	0.01998	0.01833	0.02609	0.03227	0.05189	0.03177	0.18993	0.44615	0.01718	0.02710	0.01337	0.00640	0.00970
51	0.02415	0.05438	0.43821	0.03633	0.05243	0.02749	0.12997	0.03692	0.02514	0.03692	0.02141	0.02592	0.01532	0.01080	0.01159	0.00373	0.01767	0.00962	0.00511	0.01689
52	0.04436	0.08014	0.08575	0.02684	0.07363	0.02376	0.02218	0.09617	0.03319	0.33886	0.03653	0.03389	0.02418	0.01324	0.01121	0.00348	0.01154	0.01061	0.01150	0.01895

[dist]
# distance from previous block
# <min> <max>
0	3

[block]
# block no. 8 follows, 10 sequences, length 121
# corresponding to MSA columns:
# 308-428
name=unknown_I
#
# <colnr> <probs for GDERKNQSTAVLIFYWHMCP>
#	G	D	E	R	K	N	Q	S	T	A	V	L	I	F	Y	W	H	M	C	P
0	0.02806	0.03032	0.08993	0.04039	0.15202	0.02852	0.10827	0.04871	0.25414	0.04289	0.03438	0.03589	0.02616	0.01295	0.01202	0.00380	0.01298	0.01214	0.00863	0.01779
1	0.67341	0.02249	0.01709	0.01529	0.02249	0.02609	0.01260	0.03419	0.01979	0.05218	0.01619	0.01889	0.01260	0.01080	0.00720	0.00360	0.00900	0.00630	0.00720	0.01260
2	0.03017	0.03118	0.03797	0.15659	0.26883	0.14706	0.02934	0.03620	0.02715	0.03456	0.02221	0.02876	0.01808	0.01130	0.01098	0.00336	0.01506	0.00973	0.06605	0.01543
3	0.02635	0.03813	0.20712	0.05115	0.27304	0.02888	0.03627	0.03467	0.02426	0.03579	0.02034	0.02676	0.01661	0.01241	0.01621	0.00383	0.11613	0.00974	0.00535	0.01697
4	0.01661	0.01246	0.01869	0.01869	0.02077	0.01454	0.01454	0.02077	0.01869	0.02700	0.03115	0.04569	0.02908	0.08723	0.54517	0.01869	0.03115	0.01246	0.00623	0.01038
5	0.02412	0.02067	0.02412	0.01723	0.02756	0.01550	0.01378	0.02929	0.02412	0.03790	0.02067	0.02412	0.01723	0.00861	0.00861	0.00172	0.00861	0.00689	0.00689	0.66236
6	0.01417	0.01012	0.01350	0.01619	0.01687	0.00945	0.01080	0.01619	0.02227	0.02969	0.06410	0.58367	0.07692	0.03644	0.01484	0.00472	0.00675	0.03306	0.01080	0.00945
7	0.02386	0.01353	0.01792	0.01589	0.01993	0.01224	0.01224	0.02914	0.03300	0.14608	0.41591	0.07708	0.09297	0.02183	0.01330	0.00365	0.00640	0.01910	0.01313	0.01280
8	0.01646	0.01189	0.01555	0.01463	0.01738	0.01097	0.01097	0.02195	0.03292	0.04664	0.51257	0.08688	0.10974	0.02378	0.01372	0.00366	0.00549	0.02103	0.01280	0.01097
9	0.02879	0.02763	0.04721	0.07139	0.51871	0.02763	0.03569	0.03569	0.02648	0.03800	0.02188	0.02879	0.01842	0.01036	0.01151	0.00345	0.01382	0.01036	0.00576	0.01842
10	0.01417	0.01012	0.01350	0.01619	0.01687	0.00945	0.01080	0.01619	0.02227	0.02969	0.06410	0.58367	0.07692	0.03644	0.01484	0.00472	0.00675	0.03306	0.01080	0.00945
11	0.67341	0.02249	0.01709	0.01529	0.02249	0.02609	0.01260	0.03419	0.01979	0.05218	0.01619	0.01889	0.01260	0.01080	0.00720	0.00360	0.00900	0.00630	0.00720	0.01260
12	0.02893	0.02498	0.02630	0.02367	0.03024	0.02893	0.01841	0.06180	0.49770	0.04865	0.04734	0.04339	0.03550	0.01578	0.01183	0.00394	0.00920	0.01315	0.01183	0.01841
13	0.01375	0.01178	0.01178	0.01178	0.01571	0.00982	0.00884	0.01669	0.02651	0.03142	0.11782	0.11193	0.51399	0.02946	0.01375	0.00393	0.00589	0.02455	0.01080	0.00982
14	0.03634	0.02533	0.02800	0.02364	0.03119	0.02787	0.01882	0.13685	0.32470	0.14827	0.04352	0.03982	0.03131	0.01517	0.01177	0.00379	0.01000	0.01237	0.01231	0.01893
15	0.02922	0.02051	0.02464	0.01786	0.02795	0.01579	0.01438	0.03427	0.02579	0.12684	0.02526	0.02693	0.01933	0.00967	0.00917	0.00206	0.00885	0.00776	0.00826	0.54546
16	0.03282	0.10968	0.04258	0.03338	0.07972	0.07936	0.07199	0.07723	0.02680	0.08451	0.02140	0.02669	0.01752	0.01490	0.02117	0.00396	0.22417	0.00995	0.00685	0.01531
17	0.67341	0.02249	0.01709	0.01529	0.02249	0.02609	0.01260	0.03419	0.01979	0.05218	0.01619	0.01889	0.01260	0.01080	0.00720	0.00360	0.00900	0.00630	0.00720	0.01260
18	0.05218	0.01979	0.02699	0.02069	0.02969	0.01709	0.01709	0.05668	0.03329	0.52677	0.04588	0.03959	0.02879	0.01439	0.01170	0.00360	0.00990	0.01170	0.01439	0.01979
19	0.03109	0.59826	0.06095	0.01990	0.02985	0.04602	0.01990	0.03483	0.02363	0.02736	0.01617	0.01866	0.01493	0.00995	0.00746	0.00249	0.01244	0.00622	0.00498	0.01493
20	0.01646	0.01189	0.01555	0.01463	0.01738	0.01097	0.01097	0.02195	0.03292	0.04664	0.51257	0.08688	0.10974	0.02378	0.01372	0.00366	0.00549	0.02103	0.01280	0.01097
21	0.01661	0.01246	0.01869	0.01869	0.02077	0.01454	0.01454	0.02077	0.01869	0.02700	0.03115	0.04569	0.02908	0.08723	0.54517	0.01869	0.03115	0.01246	0.00623	0.01038
22	0.04421	0.03258	0.03490	0.02676	0.03607	0.03607	0.02211	0.47993	0.05468	0.07330	0.02792	0.02792	0.01978	0.01396	0.01163	0.00349	0.01280	0.01047	0.01163	0.01978
23	0.01661	0.01246	0.01869	0.01869	0.02077	0.01454	0.01454	0.02077	0.01869	0.02700	0.03115	0.04569	0.02908	0.08723	0.54517	0.01869	0.03115	0.01246	0.00623	0.01038
24	0.05073	0.02212	0.02843	0.02180	0.03085	0.02055	0.01801	0.13368	0.03718	0.44427	0.04262	0.03746	0.02715	0.01432	0.01168	0.00358	0.01042	0.01147	0.01389	0.01979
25	0.03270	0.02520	0.07242	0.02041	0.03096	0.01886	0.01804	0.07845	0.02921	0.15934	0.02746	0.02825	0.02003	0.01073	0.00986	0.00252	0.01010	0.00854	0.00896	0.38794
26	0.02951	0.48828	0.15702	0.02261	0.03404	0.04213	0.02462	0.03524	0.02382	0.02930	0.01713	0.01986	0.01489	0.01017	0.00820	0.00273	0.01341	0.00670	0.00496	0.01539
27	0.02333	0.06016	0.53100	0.03315	0.05034	0.02701	0.04297	0.03683	0.02455	0.03683	0.02087	0.02455	0.01473	0.01105	0.01105	0.00368	0.01719	0.00859	0.00491	0.01719
28	0.03338	0.49795	0.05577	0.02176	0.03098	0.13815	0.02038	0.03697	0.02536	0.02757	0.01650	0.01908	0.01494	0.01033	0.00802	0.00258	0.01402	0.00645	0.00516	0.01466
29	0.03109	0.59826	0.06095	0.01990	0.02985	0.04602	0.01990	0.03483	0.02363	0.02736	0.01617	0.01866	0.01493	0.00995	0.00746	0.00249	0.01244	0.00622	0.00498	0.01493
30	0.02345	0.01429	0.01990	0.02132	0.02488	0.01391	0.01851	0.02868	0.02769	0.10406	0.05937	0.11830	0.06157	0.02963	0.01545	0.00511	0.01060	0.38008	0.01123	0.01199
31	0.01646	0.01189	0.01555	0.01463	0.01738	0.01097	0.01097	0.02195	0.03292	0.04664	0.51257	0.08688	0.10974	0.02378	0.01372	0.00366	0.00549	0.02103	0.01280	0.01097
32	0.02431	0.03156	0.16600	0.02670	0.03519	0.02334	0.06578	0.07844	0.14143	0.04104	0.04099	0.19575	0.03893	0.01988	0.01267	0.00406	0.01198	0.01760	0.00905	0.01529
33	0.03109	0.59826	0.06095	0.01990	0.02985	0.04602	0.01990	0.03483	0.02363	0.02736	0.01617	0.01866	0.01493	0.00995	0.00746	0.00249	0.01244	0.00622	0.00498	0.01493
34	0.02387	0.01968	0.02277	0.01658	0.02615	0.01503	0.01321	0.02906	0.02414	0.03845	0.02242	0.02606	0.01850	0.00911	0.00856	0.00182	0.00829	0.00729	0.07252	0.59647
35	0.02278	0.02098	0.03172	0.03583	0.14467	0.02546	0.02356	0.02677	0.02057	0.03030	0.02577	0.08373	0.02556	0.03781	0.16886	0.00840	0.23500	0.01298	0.00610	0.01315
36	0.01417	0.01012	0.01350	0.01619	0.01687	0.00945	0.01080	0.01619	0.02227	0.02969	0.06410	0.58367	0.07692	0.03644	0.01484	0.00472	0.00675	0.03306	0.01080	0.00945
37	0.11470	0.01935	0.02488	0.01956	0.02778	0.01748	0.01605	0.05107	0.03182	0.43189	0.08607	0.04178	0.03459	0.01488	0.01141	0.00360	0.00939	0.01199	0.01348	0.01821
38	0.02405	0.09268	0.25192	0.14360	0.09558	0.02740	0.07534	0.03379	0.02540	0.03551	0.06469	0.03191	0.02401	0.01202	0.01136	0.00361	0.01527	0.01048	0.00584	0.01552
39	0.02545	0.02545	0.03562	0.03053	0.03053	0.03562	0.02545	0.02799	0.01781	0.02799	0.01527	0.02545	0.01527	0.02036	0.03817	0.00509	0.56997	0.01018	0.00509	0.01272
40	0.01417	0.01012	0.01350	0.01619	0.01687	0.00945	0.01080	0.01619	0.02227	0.02969	0.06410	0.58367	0.07692	0.03644	0.01484	0.00472	0.00675	0.03306	0.01080	0.00945
41	0.03924	0.02717	0.07953	0.12882	0.11079	0.02460	0.02581	0.12526	0.03365	0.23818	0.03227	0.03295	0.02194	0.01293	0.01159	0.00362	0.01268	0.01075	0.01011	0.01811
42	0.02424	0.02345	0.03239	0.02802	0.02802	0.03220	0.02286	0.02643	0.01769	0.02722	0.01828	0.03258	0.01907	0.10072	0.04113	0.00596	0.49133	0.01113	0.00536	0.01192
43	0.02020	0.01010	0.01515	0.01515	0.01515	0.01010	0.01010	0.01515	0.01515	0.02020	0.02020	0.03535	0.02020	0.04040	0.04545	0.66162	0.01010	0.01010	0.00505	0.00505
44	0.67341	0.02249	0.01709	0.01529	0.02249	0.02609	0.01260	0.03419	0.01979	0.05218	0.01619	0.01889	0.01260	0.01080	0.00720	0.00360	0.00900	0.00630	0.00720	0.01260
45	0.01375	0.01178	0.01178	0.01178	0.01571	0.00982	0.00884	0.01669	0.02651	0.03142	0.11782	0.11193	0.51399	0.02946	0.01375	0.00393	0.00589	0.02455	0.01080	0.00982
46	0.03809	0.29065	0.04509	0.02560	0.03331	0.32854	0.02136	0.04141	0.02892	0.02799	0.01719	0.01997	0.01496	0.01110	0.00918	0.00278	0.01728	0.00694	0.00555	0.01411
