[name]
unknown

[dist]
# distance from previous block
# <min> <max>
0	3

[block]
# block no. 0 follows, 9 sequences, length 6
# corresponding to MSA columns:
# 3-8
name=unknown_A
#
# <colnr> <probs for GDERKNQSTAVLIFYWHMCP>
#	G	D	E	R	K	N	Q	S	T	A	V	L	I	F	Y	W	H	M	C	P
0	0.15518	0.01585	0.01814	0.01808	0.02259	0.01572	0.01450	0.02948	0.02622	0.11296	0.06071	0.18800	0.11740	0.02636	0.01339	0.00452	0.00895	0.12843	0.01097	0.01254
1	0.15714	0.10738	0.02900	0.10268	0.03342	0.02451	0.01806	0.03191	0.02266	0.08721	0.02705	0.03670	0.02315	0.08182	0.16001	0.00865	0.01769	0.01051	0.00728	0.01316
2	0.16685	0.03814	0.08101	0.02532	0.03302	0.20716	0.02202	0.04232	0.02936	0.11247	0.03029	0.04285	0.02577	0.01575	0.01133	0.00379	0.01521	0.07409	0.00848	0.01476
3	0.43113	0.14481	0.10612	0.01974	0.02942	0.03138	0.01958	0.03594	0.02208	0.04618	0.01752	0.02043	0.01388	0.01103	0.00814	0.00350	0.01139	0.00688	0.00660	0.01428
4	0.03550	0.02105	0.02603	0.01912	0.02931	0.01664	0.01550	0.04060	0.02840	0.21050	0.03087	0.03077	0.02217	0.01108	0.01007	0.00249	0.00939	0.00894	0.00995	0.42163
5	0.03605	0.02008	0.02492	0.01876	0.02821	0.01614	0.01518	0.04088	0.02918	0.23621	0.04239	0.04076	0.07084	0.01358	0.01078	0.00282	0.00919	0.01104	0.01079	0.32221

[dist]
# distance from previous block
# <min> <max>
0	16

[block]
# block no. 1 follows, 9 sequences, length 38
# corresponding to MSA columns:
# 30-32,34-68
name=unknown_B
#
# <colnr> <probs for GDERKNQSTAVLIFYWHMCP>
#	G	D	E	R	K	N	Q	S	T	A	V	L	I	F	Y	W	H	M	C	P
0	0.02742	0.02618	0.04458	0.23216	0.36221	0.02797	0.03575	0.03486	0.02628	0.03645	0.02222	0.03055	0.01805	0.01116	0.01195	0.00372	0.01488	0.01071	0.00575	0.01716
1	0.16914	0.02666	0.08148	0.02224	0.03175	0.02265	0.02002	0.05243	0.10055	0.29237	0.03856	0.03548	0.02584	0.01397	0.01111	0.00379	0.01080	0.01084	0.01186	0.01844
2	0.03573	0.43976	0.05597	0.02245	0.03257	0.04490	0.02119	0.14791	0.03288	0.04079	0.01992	0.02182	0.01676	0.01138	0.00885	0.00285	0.01296	0.00759	0.00696	0.01676
3	0.03601	0.02682	0.04542	0.05791	0.33717	0.02590	0.07133	0.04278	0.02934	0.16299	0.02931	0.03296	0.02180	0.01176	0.01217	0.00366	0.01379	0.01141	0.00831	0.01917
4	0.03217	0.58441	0.06305	0.02059	0.03088	0.04761	0.02059	0.03603	0.02445	0.02831	0.01673	0.01930	0.01544	0.01029	0.00772	0.00257	0.01287	0.00643	0.00515	0.01544
5	0.02272	0.02138	0.03609	0.54825	0.08287	0.02673	0.03341	0.03074	0.02406	0.03074	0.02138	0.03208	0.01604	0.01203	0.01203	0.00401	0.01604	0.01069	0.00535	0.01337
6	0.02539	0.14415	0.44395	0.03214	0.04875	0.03103	0.04071	0.03778	0.02525	0.03657	0.02083	0.02444	0.01527	0.01125	0.01085	0.00362	0.01701	0.00851	0.00509	0.01741
7	0.01861	0.01463	0.02065	0.01987	0.02126	0.01758	0.01511	0.02177	0.01882	0.02713	0.03096	0.05065	0.03078	0.18045	0.36025	0.01567	0.10549	0.01349	0.00644	0.01039
8	0.01777	0.01251	0.01876	0.01876	0.02057	0.01432	0.01432	0.02057	0.01876	0.02683	0.03045	0.04559	0.02864	0.08264	0.45380	0.11826	0.02881	0.01251	0.00625	0.00988
9	0.01466	0.01047	0.01396	0.01675	0.01745	0.00977	0.01117	0.01675	0.02304	0.03071	0.06631	0.56931	0.07958	0.03769	0.01536	0.00489	0.00698	0.03420	0.01117	0.00977
10	0.66215	0.02327	0.01768	0.01582	0.02327	0.02699	0.01303	0.03537	0.02048	0.05398	0.01675	0.01954	0.01303	0.01117	0.00745	0.00372	0.00931	0.00651	0.00745	0.01303
11	0.02632	0.02632	0.03685	0.03159	0.03159	0.03685	0.02632	0.02895	0.01843	0.02895	0.01579	0.02632	0.01579	0.02106	0.03948	0.00526	0.55515	0.01053	0.00526	0.01316
12	0.04574	0.03370	0.03611	0.02768	0.03731	0.03731	0.02287	0.46200	0.05657	0.07583	0.02889	0.02889	0.02046	0.01444	0.01204	0.00361	0.01324	0.01083	0.01204	0.02046
13	0.01678	0.01211	0.01586	0.01531	0.01792	0.01119	0.01133	0.02208	0.03290	0.04640	0.45057	0.14033	0.10995	0.02598	0.01431	0.00390	0.00581	0.02307	0.01303	0.01119
14	0.02815	0.02627	0.04422	0.06574	0.42725	0.02627	0.03417	0.03504	0.02744	0.03879	0.02907	0.04640	0.02693	0.01425	0.01265	0.00388	0.01379	0.07510	0.00676	0.01781
15	0.05398	0.02048	0.02792	0.02141	0.03071	0.01768	0.01768	0.05863	0.03444	0.51045	0.04747	0.04095	0.02978	0.01489	0.01210	0.00372	0.01024	0.01210	0.01489	0.02048
16	0.02654	0.02089	0.02362	0.02115	0.02682	0.02159	0.01608	0.12084	0.15021	0.04627	0.04718	0.23745	0.04674	0.02289	0.01286	0.00393	0.00921	0.01984	0.01099	0.11491
17	0.03197	0.02208	0.02511	0.02201	0.02850	0.02383	0.01723	0.05462	0.30463	0.13861	0.13856	0.05318	0.05084	0.01771	0.01261	0.00395	0.00889	0.01495	0.01295	0.01777
18	0.66215	0.02327	0.01768	0.01582	0.02327	0.02699	0.01303	0.03537	0.02048	0.05398	0.01675	0.01954	0.01303	0.01117	0.00745	0.00372	0.00931	0.00651	0.00745	0.01303
19	0.02272	0.02138	0.03609	0.54825	0.08287	0.02673	0.03341	0.03074	0.02406	0.03074	0.02138	0.03208	0.01604	0.01203	0.01203	0.00401	0.01604	0.01069	0.00535	0.01337
20	0.02090	0.01045	0.01567	0.01567	0.01567	0.01045	0.01045	0.01567	0.01567	0.02090	0.02090	0.03657	0.02090	0.04180	0.04702	0.64995	0.01045	0.01045	0.00522	0.00522
21	0.02683	0.02688	0.05529	0.04034	0.05005	0.02538	0.34022	0.03578	0.02757	0.04020	0.02826	0.03571	0.02156	0.01116	0.01268	0.00373	0.01643	0.01341	0.17363	0.01491
22	0.02873	0.02752	0.04695	0.14416	0.43998	0.02831	0.03640	0.03601	0.02690	0.03804	0.02245	0.03012	0.01861	0.01091	0.01193	0.00364	0.01455	0.01072	0.00587	0.01821
23	0.66215	0.02327	0.01768	0.01582	0.02327	0.02699	0.01303	0.03537	0.02048	0.05398	0.01675	0.01954	0.01303	0.01117	0.00745	0.00372	0.00931	0.00651	0.00745	0.01303
24	0.02907	0.02786	0.04755	0.12172	0.45981	0.02840	0.03657	0.03630	0.02706	0.03844	0.02251	0.03001	0.01875	0.01085	0.01192	0.00362	0.01447	0.01072	0.00589	0.01848
25	0.03217	0.58441	0.06305	0.02059	0.03088	0.04761	0.02059	0.03603	0.02445	0.02831	0.01673	0.01930	0.01544	0.01029	0.00772	0.00257	0.01287	0.00643	0.00515	0.01544
26	0.01609	0.01199	0.01497	0.01480	0.01755	0.01086	0.01088	0.02068	0.03099	0.04233	0.35318	0.17030	0.18539	0.02783	0.01438	0.00401	0.00596	0.02444	0.01250	0.01086
27	0.01677	0.01203	0.01636	0.01692	0.01812	0.01295	0.01190	0.01932	0.01952	0.02709	0.04082	0.16189	0.04420	0.22822	0.28320	0.01409	0.02087	0.01858	0.00765	0.00949
28	0.02090	0.01045	0.01567	0.01567	0.01567	0.01045	0.01045	0.01567	0.01567	0.02090	0.02090	0.03657	0.02090	0.04180	0.04702	0.64995	0.01045	0.01045	0.00522	0.00522
29	0.01719	0.01289	0.01934	0.01934	0.02148	0.01504	0.01504	0.02148	0.01934	0.02793	0.03223	0.04727	0.03008	0.09024	0.52949	0.01934	0.03223	0.01289	0.00645	0.01074
30	0.03521	0.02865	0.02810	0.02477	0.03188	0.08522	0.01932	0.06133	0.36321	0.11613	0.04527	0.04165	0.03327	0.01566	0.01206	0.00392	0.01102	0.01271	0.01194	0.01867
31	0.02487	0.02358	0.03998	0.40352	0.21077	0.02730	0.03448	0.03263	0.02508	0.03335	0.02176	0.03138	0.01696	0.01163	0.01199	0.00388	0.01551	0.01070	0.00553	0.01510
32	0.13031	0.15820	0.27100	0.02664	0.03999	0.03035	0.03061	0.04029	0.02577	0.10857	0.02366	0.02552	0.01709	0.01167	0.01014	0.00353	0.01431	0.00848	0.00692	0.01695
33	0.02786	0.02554	0.03884	0.05229	0.31306	0.02522	0.02834	0.03857	0.09477	0.04176	0.07029	0.03684	0.03026	0.01256	0.01170	0.00339	0.01194	0.01161	0.00775	0.11743
34	0.21987	0.13688	0.13928	0.02730	0.03807	0.03197	0.09173	0.04079	0.09164	0.04297	0.02372	0.02650	0.01827	0.01166	0.01010	0.00363	0.01348	0.00925	0.00703	0.01586
35	0.24776	0.13771	0.03288	0.06971	0.03386	0.03293	0.01902	0.08562	0.14605	0.04790	0.02686	0.02826	0.02077	0.01276	0.00965	0.00360	0.01110	0.00918	0.00851	0.01588
36	0.15726	0.08999	0.14134	0.03159	0.04240	0.08105	0.13296	0.04230	0.09338	0.04143	0.02460	0.02792	0.01878	0.01177	0.01103	0.00371	0.01541	0.01009	0.00699	0.01602
37	0.16223	0.14565	0.04068	0.02495	0.03472	0.02962	0.08668	0.08034	0.02969	0.15701	0.02692	0.02807	0.01956	0.01180	0.01025	0.00333	0.01234	0.00951	0.00893	0.07771

[dist]
# distance from previous block
# <min> <max>
1	10

[block]
# block no. 2 follows, 9 sequences, length 30
# corresponding to MSA columns:
# 80-109
name=unknown_C
#
# <colnr> <probs for GDERKNQSTAVLIFYWHMCP>
#	G	D	E	R	K	N	Q	S	T	A	V	L	I	F	Y	W	H	M	C	P
0	0.02800	0.01636	0.02150	0.07522	0.02955	0.01615	0.01603	0.03527	0.08041	0.16412	0.06028	0.25769	0.09883	0.02545	0.01363	0.00429	0.00904	0.02230	0.01169	0.01421
1	0.04458	0.02955	0.08579	0.07184	0.04147	0.06607	0.06951	0.05097	0.03191	0.32600	0.03745	0.03592	0.02456	0.01355	0.01214	0.00374	0.01363	0.01148	0.01132	0.01855
2	0.03695	0.14150	0.09465	0.11364	0.09320	0.08019	0.02697	0.09146	0.03163	0.13804	0.02672	0.02905	0.01951	0.01240	0.01101	0.00346	0.01444	0.00968	0.00822	0.01726
3	0.02413	0.06223	0.51483	0.03429	0.05207	0.02794	0.04445	0.03810	0.02540	0.03810	0.02159	0.02540	0.01524	0.01143	0.01143	0.00381	0.01778	0.00889	0.00508	0.01778
4	0.01607	0.01293	0.01608	0.08042	0.02463	0.01246	0.01262	0.01948	0.02568	0.03261	0.13011	0.19143	0.25487	0.09317	0.01970	0.00509	0.00812	0.02404	0.01022	0.01028
5	0.05038	0.02549	0.03085	0.02809	0.08185	0.07635	0.02037	0.05512	0.03365	0.40596	0.04156	0.03759	0.02703	0.01416	0.01194	0.00364	0.01196	0.01146	0.01296	0.01959
6	0.03798	0.02551	0.10390	0.08491	0.03830	0.01918	0.02332	0.04435	0.02993	0.28097	0.04390	0.09987	0.03500	0.01822	0.01279	0.00408	0.01188	0.05731	0.01144	0.01715
7	0.01824	0.01442	0.01669	0.01574	0.01957	0.01394	0.01191	0.02763	0.10294	0.04388	0.31318	0.09047	0.21591	0.02504	0.01389	0.00391	0.00641	0.02155	0.01247	0.01222
8	0.02866	0.02744	0.04681	0.14917	0.43555	0.02829	0.03637	0.03594	0.02687	0.03795	0.02243	0.03014	0.01858	0.01093	0.01193	0.00364	0.01457	0.01072	0.00586	0.01815
9	0.04584	0.02429	0.04163	0.03073	0.04095	0.02174	0.15797	0.05224	0.03251	0.36024	0.04011	0.03825	0.02611	0.01338	0.01277	0.00383	0.01344	0.01277	0.01209	0.01912
10	0.03329	0.02327	0.03942	0.28201	0.11001	0.02475	0.08221	0.04050	0.02798	0.17236	0.02948	0.03446	0.02064	0.01249	0.01231	0.00389	0.01469	0.01154	0.00828	0.01640
11	0.02413	0.06223	0.51483	0.03429	0.05207	0.02794	0.04445	0.03810	0.02540	0.03810	0.02159	0.02540	0.01524	0.01143	0.01143	0.00381	0.01778	0.00889	0.00508	0.01778
12	0.03236	0.04776	0.33396	0.03302	0.04792	0.02561	0.08918	0.04345	0.02810	0.15991	0.02860	0.03029	0.01937	0.01216	0.01195	0.00382	0.01615	0.01038	0.00773	0.01828
13	0.03995	0.14999	0.14622	0.02742	0.03876	0.07234	0.06235	0.04682	0.02985	0.22471	0.03093	0.03066	0.02139	0.01256	0.01112	0.00348	0.01431	0.01002	0.00921	0.01791
14	0.04146	0.01729	0.02348	0.01993	0.02649	0.01517	0.01561	0.04530	0.03081	0.35775	0.05347	0.20913	0.04563	0.02215	0.01314	0.00409	0.00920	0.01913	0.01371	0.01707
15	0.01874	0.01364	0.01849	0.02091	0.02385	0.01339	0.01811	0.02397	0.02766	0.03557	0.07096	0.13323	0.12262	0.03289	0.01632	0.00536	0.01046	0.37178	0.01109	0.01096
16	0.13136	0.02371	0.08461	0.08364	0.03563	0.01982	0.02181	0.03723	0.02718	0.16740	0.04188	0.11185	0.03767	0.01999	0.01261	0.00429	0.01155	0.10271	0.01013	0.01492
17	0.03237	0.05070	0.38036	0.03073	0.04617	0.02511	0.03706	0.04377	0.02790	0.16855	0.02874	0.02970	0.01926	0.01239	0.01162	0.00379	0.01570	0.00978	0.00779	0.01853
18	0.05398	0.02048	0.02792	0.02141	0.03071	0.01768	0.01768	0.05863	0.03444	0.51045	0.04747	0.04095	0.02978	0.01489	0.01210	0.00372	0.01024	0.01210	0.01489	0.02048
19	0.01466	0.01047	0.01396	0.01675	0.01745	0.00977	0.01117	0.01675	0.02304	0.03071	0.06631	0.56931	0.07958	0.03769	0.01536	0.00489	0.00698	0.03420	0.01117	0.00977
20	0.66215	0.02327	0.01768	0.01582	0.02327	0.02699	0.01303	0.03537	0.02048	0.05398	0.01675	0.01954	0.01303	0.01117	0.00745	0.00372	0.00931	0.00651	0.00745	0.01303
21	0.01814	0.01359	0.01676	0.01799	0.02001	0.01378	0.01288	0.02579	0.09662	0.03530	0.10260	0.33708	0.07100	0.09321	0.02004	0.00548	0.00822	0.06916	0.01110	0.01126
22	0.02766	0.02569	0.03975	0.16556	0.27797	0.02691	0.03064	0.03905	0.09829	0.03913	0.02639	0.03212	0.02104	0.01169	0.01164	0.00354	0.01329	0.01075	0.00696	0.09193
23	0.02369	0.01994	0.02354	0.01739	0.02684	0.01529	0.01380	0.02909	0.02639	0.04064	0.09671	0.03526	0.03302	0.01140	0.00975	0.00210	0.00840	0.00945	0.00810	0.54920
24	0.02969	0.02363	0.04061	0.18911	0.19791	0.02436	0.08243	0.03647	0.02719	0.11061	0.03157	0.09586	0.02692	0.01484	0.01266	0.00393	0.01403	0.01412	0.00783	0.01624
25	0.03565	0.02388	0.02679	0.02191	0.02988	0.02443	0.01756	0.14402	0.16733	0.14952	0.05263	0.04948	0.10259	0.01704	0.01212	0.00365	0.00992	0.01382	0.01204	0.08574
26	0.12956	0.02780	0.10831	0.02151	0.03055	0.02125	0.02001	0.08382	0.02983	0.09857	0.08083	0.10126	0.03620	0.01630	0.01121	0.00348	0.01059	0.01327	0.00943	0.14623
27	0.12818	0.02532	0.03499	0.10435	0.18344	0.02828	0.02620	0.03694	0.07722	0.04005	0.02330	0.02907	0.01909	0.01321	0.01571	0.00380	0.10660	0.00995	0.00687	0.08741
28	0.03384	0.02296	0.02877	0.08144	0.03592	0.02368	0.01972	0.09191	0.10324	0.14966	0.07391	0.03881	0.03189	0.01485	0.01395	0.00352	0.05706	0.01169	0.01043	0.15273
29	0.20656	0.02196	0.02153	0.01860	0.02511	0.06316	0.01459	0.03669	0.02819	0.14868	0.12176	0.09745	0.04398	0.01728	0.01110	0.00359	0.00962	0.01384	0.01048	0.08583

[dist]
# distance from previous block
# <min> <max>
9	13

[block]
# block no. 3 follows, 9 sequences, length 9
# corresponding to MSA columns:
# 125-133
name=unknown_D
#
# <colnr> <probs for GDERKNQSTAVLIFYWHMCP>
#	G	D	E	R	K	N	Q	S	T	A	V	L	I	F	Y	W	H	M	C	P
0	0.02894	0.26283	0.20273	0.03985	0.16948	0.03603	0.03275	0.03694	0.02558	0.03450	0.01993	0.02417	0.01639	0.01077	0.01007	0.00325	0.01483	0.00841	0.00535	0.01720
1	0.03065	0.01503	0.01906	0.01716	0.02206	0.01323	0.01291	0.03380	0.02814	0.22336	0.06942	0.19804	0.15747	0.08020	0.01831	0.00489	0.00854	0.02152	0.01228	0.01392
2	0.02160	0.01427	0.01995	0.09764	0.03038	0.01422	0.01688	0.02578	0.02614	0.08985	0.06349	0.27307	0.11259	0.02923	0.01461	0.00466	0.00954	0.11343	0.01072	0.01194
3	0.03009	0.02787	0.04473	0.16289	0.24397	0.03066	0.07137	0.09848	0.03005	0.04159	0.02263	0.02997	0.01814	0.01276	0.01551	0.00392	0.08062	0.01103	0.00666	0.01706
4	0.23879	0.10788	0.03858	0.22540	0.05250	0.03043	0.08074	0.03411	0.02349	0.03918	0.01953	0.02602	0.01523	0.01123	0.01014	0.00370	0.01387	0.00912	0.00612	0.01394
5	0.25525	0.03040	0.10649	0.09501	0.09918	0.02662	0.08242	0.03865	0.02522	0.10031	0.02347	0.02747	0.01718	0.01157	0.01059	0.00380	0.01356	0.00958	0.00738	0.01584
6	0.15030	0.15961	0.04052	0.07614	0.03856	0.03051	0.07696	0.04057	0.08008	0.08557	0.02563	0.02822	0.01966	0.01161	0.01006	0.00332	0.01235	0.00939	0.00777	0.09314
7	0.03120	0.13674	0.11800	0.09374	0.04753	0.03119	0.12291	0.04449	0.11612	0.09537	0.02979	0.03235	0.02204	0.01238	0.01166	0.00370	0.01467	0.01115	0.00795	0.01704
8	0.03086	0.17998	0.23949	0.03533	0.08938	0.03198	0.08915	0.04002	0.02685	0.09309	0.02398	0.02712	0.01782	0.01133	0.01100	0.00350	0.01563	0.00955	0.00650	0.01744

[dist]
# distance from previous block
# <min> <max>
0	20

[block]
# block no. 4 follows, 9 sequences, length 7
# corresponding to MSA columns:
# 161-167
name=unknown_E
#
# <colnr> <probs for GDERKNQSTAVLIFYWHMCP>
#	G	D	E	R	K	N	Q	S	T	A	V	L	I	F	Y	W	H	M	C	P
0	0.13031	0.10751	0.07402	0.03212	0.11718	0.02986	0.02395	0.12638	0.03344	0.17020	0.02860	0.02924	0.02047	0.01261	0.01071	0.00352	0.01237	0.00975	0.00953	0.01823
1	0.16245	0.22255	0.10661	0.02183	0.03231	0.03135	0.02154	0.04330	0.02694	0.18646	0.02709	0.02702	0.01945	0.01207	0.00957	0.00334	0.01203	0.00858	0.00866	0.01688
2	0.02445	0.02340	0.03808	0.37773	0.13316	0.02900	0.03252	0.03128	0.02343	0.03162	0.02046	0.03061	0.01643	0.01363	0.01744	0.00419	0.12237	0.01066	0.00542	0.01415
3	0.14601	0.01736	0.02227	0.18554	0.03956	0.01920	0.01844	0.02703	0.02725	0.04160	0.19753	0.06105	0.11547	0.01873	0.01217	0.00388	0.00977	0.01570	0.00928	0.01216
4	0.02987	0.02420	0.03855	0.24047	0.17983	0.02794	0.03070	0.03610	0.02535	0.10187	0.02438	0.03159	0.01880	0.01387	0.01743	0.00410	0.12131	0.01087	0.00687	0.01591
5	0.54768	0.03026	0.10688	0.01914	0.02844	0.02716	0.01867	0.03586	0.02136	0.05113	0.01762	0.02060	0.01343	0.01122	0.00816	0.00374	0.01083	0.00694	0.00702	0.01388
6	0.01724	0.01396	0.02104	0.18691	0.03839	0.01520	0.01829	0.02123	0.02336	0.03072	0.05193	0.39732	0.05923	0.02948	0.01429	0.00461	0.00988	0.02668	0.00930	0.01092

[dist]
# distance from previous block
# <min> <max>
8	33

[block]
# block no. 5 follows, 9 sequences, length 8
# corresponding to MSA columns:
# 201-208
name=unknown_F
#
# <colnr> <probs for GDERKNQSTAVLIFYWHMCP>
#	G	D	E	R	K	N	Q	S	T	A	V	L	I	F	Y	W	H	M	C	P
0	0.01767	0.01421	0.02138	0.18120	0.03845	0.01545	0.01894	0.02197	0.02387	0.03131	0.05217	0.35560	0.05884	0.02929	0.01447	0.00469	0.01023	0.06987	0.00936	0.01102
1	0.09342	0.02713	0.08180	0.09696	0.03928	0.02334	0.02204	0.10825	0.03239	0.13806	0.07085	0.03523	0.02838	0.01337	0.01112	0.00337	0.01163	0.01070	0.00957	0.14310
2	0.66215	0.02327	0.01768	0.01582	0.02327	0.02699	0.01303	0.03537	0.02048	0.05398	0.01675	0.01954	0.01303	0.01117	0.00745	0.00372	0.00931	0.00651	0.00745	0.01303
3	0.02231	0.01692	0.02199	0.09321	0.03035	0.01765	0.01638	0.09608	0.03499	0.04814	0.29683	0.13174	0.07994	0.02277	0.01367	0.00393	0.00857	0.01993	0.01166	0.01295
4	0.38999	0.10238	0.02848	0.10565	0.03519	0.02871	0.01807	0.03761	0.02339	0.10380	0.02138	0.02428	0.01598	0.01165	0.00883	0.00361	0.01105	0.00790	0.00771	0.01436
5	0.09019	0.02271	0.02448	0.02059	0.02759	0.02319	0.01616	0.16320	0.07896	0.05065	0.04444	0.14801	0.07677	0.01947	0.01188	0.00361	0.00969	0.01610	0.01038	0.14195
6	0.10171	0.08030	0.03526	0.11109	0.04160	0.03163	0.02242	0.22846	0.04023	0.14825	0.02901	0.03001	0.02039	0.01342	0.01119	0.00361	0.01269	0.01023	0.01040	0.01809
7	0.04174	0.22132	0.04650	0.02563	0.03564	0.03442	0.06345	0.15283	0.03607	0.18406	0.02970	0.02947	0.02125	0.01271	0.01077	0.00333	0.01292	0.01001	0.00990	0.01830

[dist]
# distance from previous block
# <min> <max>
13	45

[block]
# block no. 6 follows, 9 sequences, length 15
# corresponding to MSA columns:
# 256-270
name=unknown_G
#
# <colnr> <probs for GDERKNQSTAVLIFYWHMCP>
#	G	D	E	R	K	N	Q	S	T	A	V	L	I	F	Y	W	H	M	C	P
0	0.02485	0.16031	0.29076	0.02671	0.03989	0.02828	0.03113	0.03449	0.02645	0.03768	0.09181	0.03376	0.03034	0.01289	0.01079	0.00332	0.01395	0.01011	0.00655	0.08593
1	0.02851	0.02998	0.10219	0.12762	0.05304	0.02443	0.17132	0.03693	0.02695	0.08443	0.02501	0.03043	0.01853	0.01080	0.01188	0.00339	0.01524	0.01087	0.00698	0.18146
2	0.09774	0.01772	0.02560	0.13096	0.12670	0.01887	0.02080	0.02571	0.02379	0.03524	0.04295	0.29178	0.04722	0.02417	0.01307	0.00432	0.01046	0.02164	0.00856	0.01270
3	0.03166	0.02420	0.04195	0.27053	0.14710	0.02567	0.09455	0.03911	0.02758	0.13738	0.02771	0.03362	0.01991	0.01212	0.01235	0.00387	0.01509	0.01153	0.00764	0.01640
4	0.11242	0.08527	0.08173	0.13388	0.08136	0.02407	0.02412	0.02967	0.02438	0.03608	0.03560	0.14983	0.03630	0.01980	0.01218	0.00415	0.01223	0.07579	0.00766	0.01347
5	0.02205	0.01915	0.02777	0.13832	0.12948	0.02048	0.02266	0.03163	0.09383	0.03613	0.05168	0.17748	0.09296	0.02261	0.01353	0.00430	0.01101	0.06190	0.00910	0.01392
6	0.03095	0.03133	0.13269	0.29078	0.06232	0.02711	0.03182	0.09712	0.03047	0.11069	0.02640	0.03160	0.01856	0.01268	0.01192	0.00387	0.01513	0.01056	0.00767	0.01633
7	0.02638	0.02465	0.04132	0.17367	0.33847	0.02574	0.03253	0.03351	0.02757	0.03861	0.08892	0.03876	0.03166	0.01297	0.01226	0.00370	0.01348	0.01227	0.00684	0.01668
8	0.03658	0.03180	0.11667	0.04584	0.18762	0.02530	0.12024	0.04456	0.02962	0.19351	0.03098	0.03335	0.02183	0.01207	0.01238	0.00376	0.01475	0.01163	0.00878	0.01874
9	0.02510	0.17711	0.22265	0.09442	0.08931	0.03006	0.03139	0.03337	0.02484	0.03376	0.02717	0.10686	0.02543	0.01510	0.01121	0.00366	0.01437	0.01248	0.00613	0.01558
10	0.02806	0.02757	0.04919	0.17331	0.34953	0.02844	0.09547	0.03581	0.02681	0.03734	0.02260	0.03065	0.01829	0.01092	0.01226	0.00374	0.01551	0.01120	0.00584	0.01743
11	0.02449	0.02319	0.03928	0.42951	0.18780	0.02720	0.03429	0.03229	0.02489	0.03288	0.02170	0.03150	0.01679	0.01170	0.01200	0.00390	0.01560	0.01070	0.00550	0.01479
12	0.02782	0.04005	0.25184	0.13518	0.05011	0.02544	0.03283	0.08143	0.03047	0.08432	0.09137	0.03761	0.03109	0.01404	0.01207	0.00382	0.01456	0.01157	0.00790	0.01650
13	0.02733	0.03897	0.23739	0.09006	0.15608	0.02462	0.03423	0.03699	0.02787	0.08633	0.09113	0.03773	0.03152	0.01352	0.01206	0.00376	0.01432	0.01164	0.00745	0.01702
14	0.02833	0.02711	0.04622	0.17118	0.41610	0.02821	0.03620	0.03566	0.02671	0.03755	0.02238	0.03025	0.01844	0.01099	0.01194	0.00366	0.01465	0.01071	0.00583	0.01789

[dist]
# distance from previous block
# <min> <max>
4	341

# created by:
# /st0/software/busco_prod/Augustus/scripts/msa2prfl.pl ./align_prep/12450.fa
