[name]
unknown

[dist]
# distance from previous block
# <min> <max>
0	51

[block]
# block no. 0 follows, 13 sequences, length 20
# corresponding to MSA columns:
# 52-71
name=unknown_A
#
# <colnr> <probs for GDERKNQSTAVLIFYWHMCP>
#	G	D	E	R	K	N	Q	S	T	A	V	L	I	F	Y	W	H	M	C	P
0	0.07272	0.02279	0.02373	0.08324	0.03078	0.09946	0.01705	0.07451	0.08658	0.15857	0.07249	0.08035	0.03239	0.01515	0.01064	0.00332	0.01053	0.04084	0.00926	0.05561
1	0.11269	0.15209	0.06996	0.08519	0.03692	0.10829	0.08135	0.07445	0.08226	0.06819	0.02199	0.02445	0.01680	0.01071	0.00939	0.00308	0.01294	0.00847	0.00668	0.01409
2	0.07088	0.17824	0.18867	0.02046	0.03025	0.02413	0.02166	0.03501	0.02418	0.17192	0.03617	0.03558	0.09423	0.01297	0.00953	0.00309	0.01091	0.00996	0.00763	0.01453
3	0.02806	0.10518	0.02878	0.06305	0.02915	0.01974	0.04632	0.06222	0.02689	0.16579	0.11916	0.10069	0.03804	0.01493	0.01042	0.00304	0.00927	0.01282	0.00906	0.10739
4	0.01502	0.01010	0.01164	0.01199	0.01207	0.01001	0.00689	0.01528	0.01607	0.02143	0.03687	0.14784	0.04292	0.54366	0.04807	0.00940	0.00966	0.01747	0.00689	0.00672
5	0.03459	0.08561	0.06811	0.10139	0.03493	0.10235	0.01998	0.09214	0.02963	0.21616	0.08306	0.03305	0.02743	0.01267	0.01024	0.00313	0.01170	0.01000	0.00897	0.01487
6	0.02272	0.17887	0.46270	0.02756	0.04177	0.02825	0.03457	0.03309	0.02214	0.03164	0.01806	0.02117	0.01343	0.00983	0.00935	0.00312	0.01470	0.00735	0.00448	0.01519
7	0.02208	0.08547	0.08467	0.01975	0.02340	0.02340	0.01796	0.02665	0.01984	0.03192	0.02287	0.02899	0.01915	0.01408	0.01802	0.00336	0.23683	0.00896	0.28108	0.01153
8	0.01541	0.01157	0.01540	0.01569	0.01699	0.01231	0.01153	0.01858	0.02250	0.03207	0.19360	0.30948	0.06565	0.02926	0.05104	0.00470	0.08154	0.02160	0.06157	0.00951
9	0.09378	0.08430	0.21309	0.02753	0.03733	0.07109	0.08060	0.13575	0.02776	0.03970	0.01910	0.02256	0.01453	0.01133	0.01238	0.00333	0.07660	0.00838	0.00613	0.01472
10	0.01703	0.01243	0.01551	0.01562	0.01818	0.01214	0.01184	0.07143	0.02754	0.03722	0.22907	0.26200	0.11043	0.02599	0.01292	0.00387	0.00677	0.08924	0.01051	0.01024
11	0.01472	0.01106	0.01388	0.01446	0.01711	0.01022	0.01147	0.01880	0.02598	0.03429	0.24954	0.13573	0.21539	0.02609	0.01317	0.00391	0.00655	0.15769	0.01044	0.00951
12	0.02865	0.07537	0.10837	0.08600	0.22650	0.02730	0.09888	0.12134	0.02844	0.06615	0.02161	0.02585	0.01649	0.01026	0.01046	0.00320	0.01336	0.00945	0.00641	0.01591
13	0.03385	0.11558	0.17265	0.02152	0.03121	0.02238	0.02184	0.07672	0.02837	0.25772	0.08479	0.03340	0.02813	0.01258	0.01012	0.00315	0.01085	0.00999	0.00926	0.01590
14	0.01433	0.01013	0.01342	0.01552	0.01652	0.00977	0.01123	0.01670	0.02063	0.02729	0.05412	0.41092	0.06306	0.11686	0.01953	0.00529	0.00767	0.14915	0.00931	0.00858
15	0.01914	0.01699	0.02564	0.19455	0.07040	0.01884	0.05458	0.02747	0.09335	0.02942	0.03830	0.04702	0.09928	0.09299	0.11992	0.00669	0.01438	0.01281	0.00671	0.01152
16	0.02690	0.12410	0.08099	0.10318	0.08180	0.06366	0.13145	0.03256	0.02248	0.06987	0.01931	0.02483	0.01542	0.01179	0.01554	0.00346	0.14421	0.00925	0.00550	0.01370
17	0.02408	0.09857	0.12352	0.02064	0.02714	0.19127	0.01878	0.02847	0.02473	0.02801	0.04646	0.12693	0.16466	0.01788	0.01067	0.00323	0.01215	0.01425	0.00694	0.01161
18	0.01510	0.01133	0.01699	0.01699	0.01888	0.01322	0.01322	0.01888	0.01699	0.02454	0.02832	0.04154	0.02643	0.07930	0.58652	0.01699	0.02832	0.01133	0.00566	0.00944
19	0.08807	0.02568	0.03314	0.02584	0.03380	0.08388	0.12728	0.08188	0.11487	0.22791	0.03142	0.03084	0.02185	0.01186	0.01062	0.00332	0.01205	0.01038	0.00948	0.01584

[dist]
# distance from previous block
# <min> <max>
0	1

[block]
# block no. 1 follows, 13 sequences, length 74
# corresponding to MSA columns:
# 73-146
name=unknown_B
#
# <colnr> <probs for GDERKNQSTAVLIFYWHMCP>
#	G	D	E	R	K	N	Q	S	T	A	V	L	I	F	Y	W	H	M	C	P
0	0.02903	0.02277	0.03026	0.24490	0.08507	0.02594	0.02341	0.16114	0.14429	0.08360	0.02765	0.03043	0.02021	0.01205	0.01061	0.00340	0.01171	0.01009	0.00820	0.01526
1	0.02555	0.24671	0.03939	0.22139	0.04335	0.03135	0.02213	0.07408	0.05704	0.03111	0.01905	0.02378	0.01549	0.01088	0.01087	0.00300	0.05752	0.00800	0.00562	0.05369
2	0.02630	0.24661	0.32083	0.02547	0.03762	0.07204	0.02930	0.06962	0.02460	0.03247	0.01782	0.02051	0.01380	0.00997	0.00896	0.00293	0.01414	0.00714	0.00500	0.01486
3	0.02753	0.57405	0.10966	0.01935	0.02909	0.04003	0.02029	0.03185	0.02157	0.02578	0.01515	0.01752	0.01355	0.00915	0.00713	0.00238	0.01176	0.00588	0.00452	0.01378
4	0.02995	0.01647	0.02143	0.02086	0.06932	0.01554	0.01477	0.03753	0.10087	0.24961	0.10309	0.10665	0.13212	0.01810	0.01142	0.00346	0.00791	0.01545	0.01104	0.01443
5	0.02568	0.12581	0.18460	0.03189	0.07560	0.07938	0.14292	0.06399	0.02543	0.03328	0.02383	0.06377	0.02097	0.01243	0.01064	0.00331	0.01442	0.04208	0.00587	0.01412
6	0.03266	0.06726	0.03595	0.13149	0.14148	0.02439	0.07118	0.09062	0.06753	0.18860	0.02801	0.02979	0.01998	0.01130	0.01049	0.00326	0.01181	0.00998	0.00831	0.01589
7	0.01608	0.01108	0.01349	0.01295	0.01599	0.00985	0.00968	0.01991	0.02699	0.07118	0.32048	0.14052	0.24463	0.02398	0.01246	0.00350	0.00550	0.02077	0.01094	0.01001
8	0.02809	0.02113	0.02848	0.34004	0.05208	0.06264	0.02341	0.07901	0.02620	0.13754	0.02719	0.08054	0.02167	0.01326	0.01076	0.00345	0.01253	0.01126	0.00740	0.01333
9	0.12583	0.07416	0.11800	0.02215	0.03087	0.02309	0.05298	0.11751	0.02846	0.19708	0.02975	0.08415	0.02330	0.01342	0.01006	0.00331	0.01089	0.01093	0.00887	0.01520
10	0.01387	0.01023	0.01305	0.01409	0.01594	0.00942	0.01027	0.01712	0.02428	0.03248	0.22079	0.31952	0.15812	0.02814	0.01312	0.00393	0.00600	0.07007	0.01037	0.00919
11	0.07126	0.07938	0.16567	0.02356	0.03181	0.09179	0.06854	0.07740	0.02674	0.03626	0.09609	0.08169	0.07650	0.01486	0.01054	0.00327	0.01208	0.01234	0.00717	0.01304
12	0.08175	0.02437	0.07237	0.09972	0.04185	0.02240	0.17046	0.08345	0.02735	0.16260	0.02917	0.03815	0.02253	0.01273	0.01123	0.00355	0.01297	0.06068	0.00808	0.01459
13	0.02462	0.11122	0.08318	0.02179	0.02832	0.02137	0.07941	0.05785	0.02473	0.10791	0.04414	0.15666	0.11620	0.01826	0.01278	0.00351	0.05162	0.01547	0.00812	0.01286
14	0.01810	0.01990	0.08001	0.02413	0.02964	0.01640	0.16024	0.02314	0.02142	0.02868	0.04323	0.11691	0.10959	0.14197	0.07609	0.00631	0.01350	0.05309	0.00696	0.01068
15	0.03007	0.03284	0.15639	0.07615	0.12564	0.07312	0.08832	0.07486	0.07725	0.12216	0.02563	0.02793	0.01855	0.01102	0.01061	0.00330	0.01353	0.00966	0.00724	0.01572
16	0.02531	0.17633	0.33999	0.07177	0.04194	0.11047	0.03106	0.03387	0.02317	0.03001	0.01765	0.02115	0.01352	0.01000	0.00931	0.00304	0.01508	0.00732	0.00464	0.01439
17	0.02545	0.01481	0.01802	0.01622	0.02084	0.01425	0.01247	0.03403	0.12591	0.18531	0.15268	0.15575	0.13906	0.02067	0.01181	0.00357	0.00702	0.01778	0.01125	0.01310
18	0.02551	0.02196	0.07174	0.09934	0.08756	0.01982	0.09498	0.07708	0.02680	0.10198	0.03822	0.05173	0.07316	0.01554	0.01146	0.00358	0.01154	0.09679	0.05767	0.01351
19	0.08547	0.09341	0.11797	0.02484	0.06119	0.06902	0.02170	0.08766	0.06314	0.18881	0.02642	0.02676	0.01889	0.01199	0.01149	0.00324	0.05537	0.00880	0.00824	0.01557
20	0.07233	0.01599	0.02214	0.02144	0.06186	0.01559	0.05319	0.06904	0.02675	0.10339	0.14836	0.21775	0.08744	0.02078	0.01180	0.00361	0.00821	0.01846	0.00973	0.01212
21	0.02141	0.01527	0.02114	0.05816	0.02468	0.01634	0.06586	0.07288	0.02428	0.03749	0.03343	0.13005	0.03013	0.01576	0.01158	0.00319	0.05485	0.01332	0.33900	0.01116
22	0.03606	0.08287	0.10061	0.02830	0.07972	0.14211	0.02311	0.25378	0.03657	0.08312	0.02259	0.02388	0.01665	0.01146	0.01000	0.00304	0.01350	0.00853	0.00802	0.01609
23	0.07381	0.05824	0.07989	0.12093	0.08975	0.02233	0.08407	0.06971	0.02550	0.11581	0.02954	0.09587	0.02571	0.01434	0.01087	0.00350	0.01186	0.04681	0.00755	0.01391
24	0.02237	0.02235	0.03243	0.46856	0.10165	0.07336	0.02832	0.02862	0.02174	0.02734	0.01828	0.02685	0.01423	0.01113	0.01235	0.00351	0.06079	0.00916	0.00480	0.01214
25	0.02173	0.05159	0.51807	0.03378	0.09986	0.02461	0.03837	0.03338	0.02251	0.03359	0.01907	0.02273	0.01374	0.00998	0.01009	0.00333	0.01530	0.00798	0.00455	0.01574
26	0.02783	0.11465	0.21094	0.07032	0.03874	0.02439	0.07361	0.03768	0.07358	0.14256	0.06122	0.03081	0.02384	0.01163	0.01023	0.00324	0.01240	0.00981	0.00740	0.01512
27	0.02482	0.11921	0.11250	0.02785	0.03415	0.08135	0.10737	0.03187	0.06117	0.02950	0.02230	0.07607	0.02040	0.01458	0.01743	0.00364	0.18616	0.01086	0.00571	0.01307
28	0.09298	0.01347	0.01702	0.01652	0.02032	0.01311	0.01362	0.02690	0.02668	0.12354	0.23342	0.08042	0.06442	0.02180	0.01234	0.00388	0.00771	0.18990	0.01064	0.01133
29	0.08334	0.02542	0.08066	0.07885	0.14554	0.02342	0.16929	0.07776	0.02555	0.03695	0.02677	0.09462	0.02437	0.01361	0.01130	0.00356	0.01310	0.04540	0.00659	0.01389
30	0.07769	0.06982	0.15337	0.02851	0.08074	0.02365	0.09774	0.07397	0.05586	0.12443	0.03364	0.03462	0.07451	0.01244	0.01041	0.00330	0.01197	0.01070	0.00763	0.01501
31	0.02656	0.01630	0.02314	0.06978	0.02828	0.01611	0.04979	0.03506	0.10304	0.18571	0.20228	0.11012	0.05304	0.01754	0.01165	0.00348	0.00840	0.01555	0.01068	0.01350
32	0.01314	0.01062	0.01168	0.01165	0.01474	0.00916	0.00865	0.01634	0.02528	0.03192	0.21628	0.13406	0.40755	0.02595	0.01256	0.00356	0.00532	0.02208	0.01027	0.00916
33	0.07396	0.02338	0.03946	0.20060	0.35583	0.02472	0.06762	0.03103	0.02293	0.03346	0.01934	0.02622	0.01561	0.00971	0.01036	0.00328	0.01304	0.00938	0.00520	0.01486
34	0.02524	0.09108	0.40086	0.02700	0.03967	0.08297	0.03191	0.03477	0.02416	0.07356	0.05474	0.02628	0.01996	0.01104	0.00995	0.00320	0.01448	0.00849	0.00569	0.01494
35	0.01409	0.01006	0.01365	0.01610	0.01724	0.00963	0.01191	0.01680	0.02143	0.02834	0.05761	0.47607	0.06730	0.03199	0.01382	0.00446	0.00718	0.16363	0.00979	0.00892
36	0.03265	0.02300	0.02521	0.02055	0.02714	0.02504	0.01655	0.27626	0.15203	0.09536	0.09704	0.03725	0.03273	0.01415	0.01055	0.00322	0.00926	0.01136	0.07468	0.01595
37	0.10967	0.02044	0.03056	0.25302	0.12717	0.02257	0.05625	0.06887	0.02454	0.08281	0.02278	0.02818	0.01702	0.01075	0.00986	0.00328	0.01178	0.00932	0.07768	0.01347
38	0.02362	0.02553	0.08806	0.32083	0.09209	0.02592	0.10137	0.08122	0.02457	0.03314	0.01952	0.02682	0.01488	0.01112	0.01290	0.00355	0.06631	0.00970	0.00542	0.01345
39	0.01878	0.01238	0.01548	0.01421	0.01745	0.01191	0.01082	0.02604	0.07772	0.08095	0.43004	0.06902	0.08235	0.01958	0.01178	0.00328	0.00560	0.01710	0.06431	0.01119
40	0.02415	0.02773	0.13076	0.15408	0.20456	0.02308	0.11396	0.03178	0.02373	0.06302	0.02480	0.03662	0.02069	0.01195	0.01120	0.00351	0.01378	0.06018	0.00594	0.01449
41	0.02713	0.13466	0.23551	0.02346	0.03336	0.07933	0.02481	0.06450	0.05995	0.08585	0.10128	0.03205	0.02885	0.01239	0.00996	0.00311	0.01237	0.00966	0.00721	0.01457
42	0.03378	0.01468	0.01986	0.01694	0.02235	0.01294	0.01325	0.03744	0.02770	0.35254	0.12497	0.18958	0.04846	0.01943	0.01163	0.00354	0.00766	0.01681	0.01204	0.01440
43	0.02340	0.04875	0.48440	0.07286	0.04619	0.02369	0.03627	0.03456	0.02292	0.07976	0.02094	0.02396	0.01456	0.01035	0.01014	0.00336	0.01493	0.00818	0.00523	0.01554
44	0.02783	0.02450	0.11647	0.24054	0.11201	0.02059	0.02591	0.03449	0.02440	0.17676	0.03193	0.03473	0.05911	0.01227	0.01064	0.00338	0.01210	0.01047	0.00740	0.01447
45	0.02519	0.02368	0.09707	0.11853	0.20523	0.02041	0.02483	0.03316	0.06243	0.10870	0.07897	0.09563	0.03179	0.01417	0.01098	0.00341	0.01097	0.01265	0.00764	0.01457
46	0.04138	0.01884	0.02407	0.01927	0.02655	0.01773	0.01559	0.09831	0.08105	0.41507	0.04169	0.09038	0.03003	0.01505	0.01091	0.00339	0.00894	0.01247	0.01229	0.01698
47	0.02922	0.02104	0.02206	0.01902	0.02445	0.07203	0.01489	0.08734	0.17292	0.14750	0.21196	0.04883	0.05071	0.01607	0.01118	0.00332	0.00868	0.01339	0.01100	0.01440
48	0.01856	0.01981	0.07060	0.01872	0.02299	0.06918	0.01576	0.02286	0.01984	0.02710	0.02951	0.12050	0.02904	0.05053	0.32052	0.01055	0.02043	0.01269	0.00622	0.09458
49	0.02479	0.01867	0.02193	0.01675	0.02490	0.01557	0.01326	0.05836	0.05875	0.08665	0.02676	0.08268	0.02314	0.01149	0.00899	0.00222	0.00803	0.00954	0.00780	0.47973
50	0.06887	0.03165	0.19447	0.02862	0.07862	0.02538	0.02594	0.07691	0.02339	0.07183	0.02332	0.08182	0.02049	0.01507	0.01727	0.00376	0.18144	0.01074	0.00640	0.01401
51	0.03086	0.03014	0.10621	0.11051	0.07009	0.06835	0.02319	0.19364	0.03223	0.08010	0.02242	0.02502	0.01650	0.01082	0.00992	0.00293	0.01232	0.00853	0.00753	0.13869
52	0.02741	0.03869	0.30332	0.02723	0.03960	0.02267	0.08053	0.08296	0.02636	0.11583	0.02317	0.02522	0.01634	0.01030	0.01010	0.00307	0.01331	0.00865	0.00669	0.11856
53	0.27612	0.02849	0.06342	0.02254	0.03003	0.08472	0.05733	0.14557	0.02826	0.09657	0.02064	0.02268	0.01522	0.01144	0.01080	0.00331	0.05303	0.00807	0.00760	0.01414
54	0.03182	0.02041	0.08902	0.01893	0.02499	0.01613	0.01661	0.03596	0.02478	0.28719	0.07213	0.08501	0.03412	0.12466	0.02046	0.00471	0.05633	0.01303	0.00983	0.01390
55	0.02640	0.02196	0.03116	0.08215	0.03201	0.02904	0.02262	0.02944	0.01874	0.10573	0.01845	0.02551	0.01571	0.01694	0.02882	0.00432	0.46311	0.00947	0.00588	0.01253
56	0.03196	0.07020	0.07043	0.11294	0.07479	0.02291	0.10270	0.08449	0.02762	0.20308	0.02971	0.07249	0.02276	0.01272	0.01078	0.00334	0.01206	0.01142	0.00839	0.01521
57	0.09363	0.08912	0.15707	0.03483	0.15660	0.02457	0.09440	0.03692	0.02436	0.15378	0.02377	0.02609	0.01721	0.01031	0.00996	0.00320	0.01263	0.00904	0.00688	0.01563
58	0.02266	0.01930	0.03291	0.51892	0.06778	0.02299	0.05751	0.02956	0.02216	0.07476	0.02095	0.02889	0.01526	0.01069	0.01069	0.00350	0.01387	0.00969	0.00547	0.01244
59	0.01703	0.01171	0.01544	0.06541	0.02136	0.01130	0.01202	0.02057	0.02417	0.06881	0.19360	0.19781	0.14517	0.08292	0.01661	0.00441	0.00733	0.06474	0.00975	0.00984
60	0.03088	0.02227	0.08650	0.12714	0.08809	0.01872	0.06549	0.03664	0.02533	0.24259	0.03397	0.11782	0.02741	0.01457	0.01113	0.00349	0.01126	0.01303	0.00883	0.01484
61	0.09169	0.02701	0.12567	0.07669	0.12563	0.02138	0.08587	0.03941	0.02544	0.23539	0.02756	0.02886	0.01895	0.01096	0.01037	0.00332	0.01214	0.00965	0.00813	0.01586
62	0.01576	0.01022	0.01368	0.01508	0.01660	0.00949	0.01068	0.01843	0.02266	0.06570	0.13378	0.46680	0.07103	0.02977	0.01322	0.00411	0.00638	0.05677	0.01031	0.00950
63	0.02320	0.07886	0.27795	0.02835	0.03904	0.02426	0.11621	0.09109	0.02574	0.03588	0.02703	0.13214	0.02470	0.01429	0.01094	0.00346	0.01350	0.01274	0.00635	0.01426
64	0.03291	0.02578	0.08507	0.11369	0.09504	0.02366	0.06684	0.11963	0.09364	0.18982	0.02964	0.03057	0.02074	0.01177	0.01072	0.00335	0.01187	0.01020	0.00884	0.01624
65	0.02603	0.10040	0.28288	0.07188	0.04246	0.02428	0.10162	0.03476	0.02424	0.11507	0.05698	0.02886	0.02137	0.01103	0.01035	0.00327	0.01368	0.00955	0.00640	0.01491
66	0.09582	0.02043	0.02858	0.08923	0.22510	0.02124	0.02148	0.06097	0.07082	0.07211	0.07674	0.04225	0.10355	0.01390	0.01056	0.00332	0.00996	0.01196	0.00778	0.01421
67	0.02823	0.11317	0.08963	0.23543	0.04592	0.02535	0.02406	0.03648	0.07223	0.14986	0.02529	0.02840	0.01833	0.01172	0.01155	0.00334	0.05046	0.00919	0.00708	0.01427
68	0.03838	0.08108	0.06269	0.01966	0.02770	0.02082	0.01733	0.12390	0.03211	0.32839	0.10315	0.03719	0.03251	0.01356	0.01046	0.00317	0.00956	0.01091	0.01109	0.01635
69	0.04268	0.01982	0.02496	0.01977	0.02753	0.01900	0.01613	0.08875	0.13381	0.42685	0.04073	0.03587	0.02676	0.01331	0.01065	0.00333	0.00907	0.01081	0.01243	0.01774
70	0.16501	0.02753	0.11969	0.07291	0.19771	0.02475	0.02584	0.03291	0.02180	0.09116	0.01998	0.02440	0.01549	0.01146	0.01334	0.00347	0.10348	0.00850	0.00607	0.01450
71	0.09474	0.03873	0.29559	0.12747	0.04791	0.02539	0.10522	0.07870	0.02464	0.03703	0.01946	0.02400	0.01414	0.01019	0.01018	0.00339	0.01454	0.00872	0.00543	0.01455
72	0.02767	0.02222	0.02290	0.06572	0.02783	0.13615	0.01686	0.03115	0.02331	0.13401	0.03111	0.08294	0.02815	0.06601	0.14909	0.00706	0.06172	0.04667	0.00758	0.01186
73	0.01506	0.01134	0.01668	0.01598	0.01820	0.01053	0.04730	0.01806	0.02394	0.03265	0.24547	0.27608	0.10812	0.02685	0.01565	0.07046	0.00679	0.02201	0.00968	0.00917

[dist]
# distance from previous block
# <min> <max>
0	12

[block]
# block no. 2 follows, 13 sequences, length 49
# corresponding to MSA columns:
# 159-207
name=unknown_C
#
# <colnr> <probs for GDERKNQSTAVLIFYWHMCP>
#	G	D	E	R	K	N	Q	S	T	A	V	L	I	F	Y	W	H	M	C	P
0	0.02514	0.03062	0.12324	0.03778	0.04809	0.02589	0.35094	0.07062	0.06493	0.03683	0.02524	0.03423	0.01998	0.01108	0.01202	0.00359	0.01584	0.04304	0.00630	0.01460
1	0.02073	0.01968	0.03620	0.32152	0.05561	0.02150	0.16656	0.02759	0.02227	0.03041	0.02491	0.08287	0.02118	0.01232	0.01101	0.00348	0.01338	0.01219	0.08463	0.01196
2	0.02709	0.03053	0.20607	0.02539	0.03484	0.02028	0.08916	0.03784	0.09550	0.15793	0.07928	0.08745	0.03201	0.01428	0.01112	0.00347	0.01161	0.01264	0.00853	0.01500
3	0.02378	0.10771	0.30070	0.03059	0.04276	0.02652	0.15728	0.07026	0.02516	0.03482	0.02617	0.02946	0.05498	0.01109	0.01053	0.00329	0.01463	0.00998	0.00557	0.01473
4	0.01298	0.00969	0.01208	0.01368	0.01514	0.00879	0.00942	0.01529	0.02199	0.02873	0.11419	0.45422	0.18399	0.03064	0.01318	0.00404	0.00585	0.02731	0.00998	0.00879
5	0.12376	0.09810	0.09081	0.04014	0.20842	0.02634	0.14382	0.03431	0.02352	0.08306	0.02079	0.02492	0.01601	0.00970	0.00994	0.00319	0.01300	0.00915	0.00600	0.01505
6	0.03293	0.02559	0.07794	0.10399	0.03720	0.06075	0.05938	0.10911	0.06030	0.20282	0.09073	0.03559	0.02941	0.01299	0.01085	0.00331	0.01157	0.01099	0.00935	0.01521
7	0.02380	0.02606	0.08257	0.28423	0.09813	0.02553	0.19991	0.06894	0.02497	0.03347	0.02029	0.02751	0.01521	0.01004	0.01118	0.00347	0.01519	0.01035	0.00540	0.01375
8	0.02549	0.01541	0.02169	0.14017	0.03263	0.01581	0.01737	0.06176	0.02665	0.16253	0.09925	0.15973	0.04591	0.02021	0.01210	0.00382	0.00942	0.10776	0.00977	0.01250
9	0.08018	0.06164	0.02980	0.19528	0.08195	0.06417	0.02126	0.03976	0.06538	0.21511	0.02783	0.02938	0.01957	0.01150	0.00999	0.00325	0.01157	0.00933	0.00824	0.01478
10	0.03149	0.09305	0.22933	0.02778	0.07376	0.11154	0.02643	0.04074	0.07186	0.15491	0.02558	0.02626	0.01829	0.01112	0.00990	0.00314	0.01339	0.00859	0.00721	0.01564
11	0.02373	0.01252	0.01640	0.01560	0.01930	0.01122	0.01194	0.02711	0.02559	0.19025	0.13695	0.24923	0.12663	0.02422	0.01246	0.00380	0.00702	0.06325	0.01106	0.01173
12	0.07643	0.02252	0.03746	0.04387	0.26540	0.02276	0.11936	0.03256	0.07016	0.03568	0.02927	0.04628	0.02667	0.01387	0.01142	0.00363	0.01226	0.10920	0.00678	0.01442
13	0.02796	0.01628	0.02352	0.05577	0.06633	0.01575	0.04310	0.06358	0.02681	0.19320	0.07455	0.17460	0.04098	0.01859	0.01147	0.00356	0.00898	0.05036	0.07125	0.01336
14	0.02645	0.02454	0.03907	0.14187	0.28799	0.02650	0.07285	0.09078	0.07242	0.03718	0.02212	0.02760	0.01757	0.01102	0.01240	0.00339	0.05463	0.00992	0.00623	0.01547
15	0.03491	0.02152	0.03272	0.13132	0.22273	0.02154	0.02409	0.07765	0.02810	0.25401	0.02903	0.03044	0.02025	0.01136	0.01056	0.00326	0.01129	0.00992	0.00876	0.01653
16	0.02537	0.09487	0.08966	0.19537	0.05412	0.02648	0.25156	0.03303	0.02370	0.07236	0.02130	0.02723	0.01580	0.00980	0.01097	0.00337	0.01519	0.01034	0.00560	0.01387
17	0.08312	0.03888	0.30914	0.11341	0.08228	0.02541	0.07047	0.03141	0.02141	0.03302	0.01825	0.02353	0.01381	0.01091	0.01278	0.00351	0.08113	0.00849	0.00482	0.01422
18	0.01403	0.01042	0.01319	0.01413	0.01618	0.00958	0.01051	0.01743	0.02459	0.03273	0.22225	0.27849	0.17667	0.02773	0.01313	0.00393	0.00612	0.08927	0.01037	0.00925
19	0.02945	0.24915	0.23828	0.02294	0.03402	0.02892	0.02522	0.03820	0.06160	0.14140	0.02389	0.02449	0.01746	0.01063	0.00907	0.00297	0.01221	0.00793	0.00671	0.01547
20	0.03049	0.06778	0.07396	0.07559	0.03480	0.02296	0.07602	0.08139	0.06419	0.18207	0.10178	0.03628	0.03102	0.01352	0.01263	0.00338	0.05717	0.01121	0.00893	0.01481
21	0.02088	0.01411	0.01644	0.01558	0.01951	0.01364	0.01197	0.07003	0.07327	0.09705	0.10057	0.20054	0.22255	0.02410	0.01233	0.00375	0.00709	0.05459	0.01046	0.01155
22	0.02068	0.02062	0.09485	0.01783	0.02329	0.01650	0.01594	0.12528	0.03178	0.04398	0.30311	0.10368	0.10083	0.01943	0.01183	0.00339	0.00794	0.01665	0.01016	0.01222
23	0.03056	0.07184	0.03145	0.02429	0.03093	0.10254	0.06364	0.18409	0.16903	0.04386	0.03224	0.08019	0.02750	0.01494	0.01087	0.00339	0.01176	0.04301	0.00891	0.01496
24	0.02678	0.11599	0.30273	0.02798	0.04001	0.02874	0.07439	0.13675	0.07487	0.04023	0.02214	0.02439	0.01629	0.01075	0.01004	0.00322	0.01382	0.00869	0.00637	0.01583
25	0.07566	0.12569	0.30517	0.02452	0.03609	0.02625	0.02767	0.03888	0.11020	0.09511	0.02464	0.02558	0.01788	0.01095	0.00951	0.00322	0.01251	0.00836	0.00665	0.01548
26	0.02220	0.08691	0.26834	0.02135	0.03118	0.01976	0.02394	0.02971	0.02460	0.09523	0.11417	0.04790	0.14083	0.01541	0.01067	0.00329	0.01085	0.01255	0.00759	0.01353
27	0.02652	0.01967	0.02310	0.01680	0.02597	0.01593	0.01355	0.07418	0.02537	0.09952	0.02204	0.02387	0.01709	0.00887	0.00840	0.00191	0.00831	0.00706	0.00744	0.55439
28	0.02581	0.02208	0.03060	0.26127	0.08619	0.08567	0.06758	0.03097	0.02336	0.10065	0.02674	0.08468	0.02321	0.06821	0.01477	0.00404	0.01315	0.01192	0.00662	0.01249
29	0.01947	0.01428	0.01673	0.01688	0.01996	0.01481	0.01230	0.03062	0.19080	0.06835	0.05602	0.35415	0.09261	0.02523	0.01234	0.00394	0.00699	0.02231	0.01034	0.01187
30	0.02178	0.02022	0.03390	0.34810	0.23716	0.02274	0.02900	0.02831	0.02253	0.03017	0.02349	0.03807	0.02045	0.01234	0.01100	0.00355	0.01305	0.06539	0.00547	0.01325
31	0.02518	0.02426	0.03065	0.10390	0.03398	0.07068	0.02252	0.08461	0.02185	0.03039	0.01737	0.02544	0.01550	0.02169	0.07662	0.00528	0.36309	0.00931	0.00548	0.01219
32	0.02471	0.03947	0.29559	0.03439	0.04624	0.02540	0.21451	0.03424	0.02333	0.07280	0.02110	0.02570	0.01536	0.01062	0.01321	0.00354	0.06955	0.00987	0.00545	0.01493
33	0.01316	0.00942	0.01252	0.01453	0.01540	0.00878	0.00984	0.01543	0.02155	0.02907	0.12550	0.54838	0.07395	0.03157	0.01336	0.00416	0.00598	0.02858	0.01006	0.00878
34	0.04019	0.02962	0.03173	0.02433	0.03279	0.03279	0.02010	0.52721	0.04971	0.06663	0.02538	0.02538	0.01798	0.01269	0.01058	0.00317	0.01163	0.00952	0.01058	0.01798
35	0.01374	0.00981	0.01325	0.01570	0.01669	0.00932	0.01130	0.01620	0.02108	0.02795	0.05780	0.51835	0.06806	0.03232	0.01372	0.00441	0.00687	0.12480	0.00980	0.00882
36	0.01513	0.01123	0.01650	0.01650	0.01822	0.01295	0.01260	0.01857	0.01685	0.02418	0.02877	0.04402	0.02751	0.12861	0.53868	0.01639	0.02670	0.01169	0.00573	0.00917
37	0.04180	0.01932	0.02652	0.02424	0.08886	0.01778	0.01749	0.08984	0.03127	0.42130	0.07760	0.03722	0.03004	0.01329	0.01075	0.00325	0.00934	0.01105	0.01184	0.01723
38	0.02313	0.02313	0.03238	0.02776	0.02776	0.03238	0.02313	0.02545	0.01619	0.02545	0.01388	0.02313	0.01388	0.01851	0.03470	0.00463	0.60907	0.00925	0.00463	0.01157
39	0.01337	0.01075	0.01192	0.01163	0.01482	0.00930	0.00872	0.01687	0.02616	0.03346	0.26634	0.09369	0.39589	0.02495	0.01249	0.00348	0.00523	0.02118	0.01046	0.00930
40	0.03523	0.02715	0.02894	0.02332	0.03090	0.03047	0.01890	0.35893	0.22607	0.05863	0.03169	0.03041	0.02309	0.01328	0.01064	0.00332	0.01047	0.01039	0.01064	0.01754
41	0.10682	0.02920	0.03503	0.09564	0.29504	0.14452	0.02634	0.03325	0.02364	0.03271	0.01789	0.02352	0.01497	0.01070	0.01201	0.00324	0.06746	0.00842	0.00533	0.01426
42	0.01300	0.01073	0.01141	0.01124	0.01459	0.00914	0.00843	0.01616	0.02530	0.03140	0.19950	0.09708	0.46401	0.02572	0.01249	0.00352	0.00528	0.02166	0.01019	0.00914
43	0.03671	0.02332	0.02639	0.02153	0.02890	0.02498	0.01736	0.19294	0.24488	0.20823	0.03746	0.03429	0.02625	0.01348	0.01067	0.00337	0.00951	0.01084	0.01140	0.01748
44	0.01837	0.00918	0.01377	0.01377	0.01377	0.00918	0.00918	0.01377	0.01377	0.01837	0.01837	0.03214	0.01837	0.03673	0.04132	0.69238	0.00918	0.00918	0.00459	0.00459
45	0.02511	0.07695	0.03868	0.12951	0.12621	0.02564	0.11205	0.02946	0.02109	0.06746	0.01964	0.02686	0.01616	0.01486	0.01925	0.08360	0.13960	0.00964	0.00547	0.01276
46	0.01540	0.01135	0.01483	0.01473	0.01663	0.01130	0.01036	0.01773	0.01795	0.02519	0.03629	0.19574	0.03969	0.21270	0.22336	0.01006	0.01520	0.01668	0.00701	0.08780
47	0.10294	0.23640	0.24964	0.07715	0.03987	0.03022	0.06564	0.03205	0.02164	0.03172	0.01724	0.02097	0.01349	0.00965	0.00880	0.00301	0.01337	0.00736	0.00481	0.01401
48	0.02945	0.03152	0.11090	0.12778	0.10626	0.11061	0.13445	0.03791	0.05949	0.11167	0.02412	0.02772	0.01764	0.01068	0.01076	0.00331	0.01457	0.00981	0.00663	0.01473

[dist]
# distance from previous block
# <min> <max>
0	2

[block]
# block no. 3 follows, 13 sequences, length 10
# corresponding to MSA columns:
# 210-219
name=unknown_D
#
# <colnr> <probs for GDERKNQSTAVLIFYWHMCP>
#	G	D	E	R	K	N	Q	S	T	A	V	L	I	F	Y	W	H	M	C	P
0	0.03387	0.21419	0.08558	0.02392	0.03259	0.12675	0.06320	0.08232	0.06776	0.13572	0.02419	0.02487	0.01801	0.01094	0.00940	0.00292	0.01295	0.00840	0.00739	0.01505
1	0.02528	0.02068	0.03165	0.39435	0.11514	0.02403	0.02663	0.07505	0.06978	0.07919	0.02353	0.02937	0.01732	0.01117	0.01058	0.00344	0.01279	0.00974	0.00650	0.01379
2	0.01375	0.01076	0.01246	0.01203	0.01505	0.00946	0.00902	0.01761	0.02707	0.03562	0.33639	0.09014	0.32450	0.02415	0.01248	0.00345	0.00517	0.02069	0.01075	0.00946
3	0.03620	0.02439	0.08729	0.02682	0.10274	0.02055	0.02066	0.13653	0.03232	0.27326	0.09653	0.03635	0.03094	0.01322	0.01076	0.00325	0.01024	0.01098	0.01039	0.01657
4	0.70310	0.02045	0.01554	0.01390	0.02045	0.02372	0.01145	0.03108	0.01799	0.04744	0.01472	0.01718	0.01145	0.00981	0.00654	0.00327	0.00818	0.00573	0.00654	0.01145
5	0.02501	0.02206	0.02950	0.24214	0.10368	0.02563	0.02341	0.07914	0.25434	0.03851	0.03013	0.03272	0.02272	0.01227	0.01064	0.00348	0.01121	0.01054	0.00789	0.01498
6	0.01496	0.01081	0.01413	0.01330	0.01580	0.00998	0.00998	0.01995	0.02993	0.04240	0.55689	0.07898	0.09976	0.02162	0.01247	0.00333	0.00499	0.01912	0.01164	0.00998
7	0.03864	0.03566	0.03056	0.02534	0.03172	0.23646	0.02018	0.25328	0.03711	0.08801	0.02210	0.02366	0.01658	0.01270	0.01285	0.00317	0.08003	0.00858	0.00822	0.01515
8	0.07978	0.25707	0.03724	0.08388	0.03249	0.07567	0.01854	0.06641	0.08227	0.13541	0.02415	0.02496	0.01819	0.01098	0.00879	0.00290	0.01128	0.00802	0.00742	0.01455
9	0.02951	0.02418	0.02943	0.09388	0.03552	0.08199	0.06111	0.07568	0.02626	0.11850	0.02257	0.02553	0.01700	0.01056	0.01125	0.00272	0.05199	0.00841	0.00723	0.26670

[dist]
# distance from previous block
# <min> <max>
10	17

[block]
# block no. 4 follows, 13 sequences, length 14
# corresponding to MSA columns:
# 238-251
name=unknown_E
#
# <colnr> <probs for GDERKNQSTAVLIFYWHMCP>
#	G	D	E	R	K	N	Q	S	T	A	V	L	I	F	Y	W	H	M	C	P
0	0.10026	0.02387	0.12379	0.07951	0.08401	0.01936	0.02147	0.02993	0.08989	0.03545	0.07233	0.09751	0.07059	0.01737	0.01115	0.00370	0.01026	0.08915	0.00773	0.01269
1	0.03120	0.11168	0.02969	0.02012	0.02763	0.09220	0.01656	0.20181	0.07289	0.04439	0.02383	0.02541	0.01850	0.01103	0.00900	0.00261	0.01065	0.00820	0.08450	0.15808
2	0.02432	0.07623	0.19607	0.12136	0.08118	0.06072	0.11810	0.03491	0.08147	0.03225	0.02136	0.02602	0.01639	0.01091	0.01205	0.00340	0.05403	0.00936	0.00549	0.01437
3	0.01525	0.01054	0.01296	0.01281	0.01359	0.01072	0.00824	0.01681	0.01828	0.02515	0.12679	0.06612	0.04739	0.42299	0.13958	0.01018	0.01246	0.01534	0.00722	0.00758
4	0.02246	0.13820	0.33913	0.13858	0.04883	0.02732	0.07984	0.03200	0.02221	0.03091	0.01848	0.02317	0.01381	0.00988	0.00985	0.00323	0.01485	0.00821	0.00460	0.01443
5	0.01763	0.01199	0.01479	0.01500	0.01762	0.01150	0.01087	0.02361	0.08264	0.07693	0.16984	0.32298	0.13159	0.02605	0.01260	0.00383	0.00627	0.02305	0.01059	0.01062
6	0.02758	0.01487	0.01868	0.01608	0.02095	0.01423	0.01262	0.03601	0.10669	0.21406	0.27414	0.05618	0.06041	0.01707	0.01125	0.00328	0.00680	0.01461	0.06092	0.01359
7	0.03823	0.11628	0.03283	0.02621	0.03206	0.52463	0.02017	0.04103	0.02901	0.02576	0.01616	0.01883	0.01361	0.01069	0.00922	0.00267	0.01819	0.00668	0.00534	0.01241
8	0.07977	0.08142	0.03530	0.03205	0.15065	0.02535	0.06183	0.12463	0.06528	0.19643	0.02806	0.02853	0.02006	0.01134	0.01011	0.00317	0.01110	0.00961	0.00885	0.01647
9	0.01317	0.00958	0.01248	0.01469	0.01574	0.00890	0.01020	0.01533	0.02095	0.02751	0.06295	0.53074	0.11778	0.03219	0.01348	0.00427	0.00634	0.06519	0.00981	0.00871
10	0.01837	0.00918	0.01377	0.01377	0.01377	0.00918	0.00918	0.01377	0.01377	0.01837	0.01837	0.03214	0.01837	0.03673	0.04132	0.69238	0.00918	0.00918	0.00459	0.00459
11	0.02564	0.23211	0.23791	0.07505	0.04220	0.08351	0.10088	0.03326	0.02307	0.02955	0.01770	0.02170	0.01392	0.00968	0.00936	0.00299	0.01477	0.00784	0.00472	0.01413
12	0.01487	0.01102	0.01414	0.01584	0.01736	0.01088	0.01137	0.02011	0.07353	0.03049	0.09647	0.46095	0.06751	0.02987	0.01327	0.00421	0.00669	0.08173	0.01005	0.00964
13	0.01462	0.01088	0.01399	0.01584	0.01798	0.01025	0.01257	0.01800	0.02300	0.02943	0.06923	0.27238	0.18558	0.02984	0.01374	0.00437	0.00753	0.23180	0.00978	0.00918

[dist]
# distance from previous block
# <min> <max>
0	8

# created by:
# /st0/software/busco_prod/Augustus/scripts/msa2prfl.pl ./align_prep/12455.fa
