[name]
unknown

[dist]
# distance from previous block
# <min> <max>
0	539

[block]
# block no. 0 follows, 13 sequences, length 15
# corresponding to MSA columns:
# 663-677
name=unknown_A
#
# <colnr> <probs for GDERKNQSTAVLIFYWHMCP>
#	G	D	E	R	K	N	Q	S	T	A	V	L	I	F	Y	W	H	M	C	P
0	0.01748	0.01144	0.01508	0.01720	0.04776	0.01063	0.01167	0.02059	0.02295	0.07445	0.09231	0.33935	0.12985	0.02630	0.01242	0.00386	0.00672	0.05903	0.07075	0.01016
1	0.01799	0.01461	0.02258	0.02124	0.02490	0.01441	0.08262	0.02507	0.06505	0.03477	0.15705	0.13755	0.06176	0.02409	0.01347	0.00422	0.00938	0.24876	0.00964	0.01083
2	0.02121	0.05469	0.57364	0.03014	0.04576	0.02455	0.03906	0.03348	0.02232	0.03348	0.01897	0.02232	0.01339	0.01005	0.01005	0.00335	0.01563	0.00781	0.00446	0.01563
3	0.08522	0.04293	0.36697	0.10433	0.04509	0.02562	0.03234	0.10906	0.02603	0.03902	0.01956	0.02312	0.01402	0.01051	0.00988	0.00334	0.01413	0.00810	0.00563	0.01510
4	0.01321	0.00944	0.01265	0.01510	0.01586	0.00887	0.01039	0.01529	0.02057	0.02736	0.05809	0.58165	0.06921	0.03281	0.01358	0.00434	0.00642	0.06667	0.00981	0.00868
5	0.02617	0.02512	0.04292	0.06490	0.56246	0.02512	0.03245	0.03245	0.02407	0.03454	0.01989	0.02617	0.01675	0.00942	0.01047	0.00314	0.01256	0.00942	0.00523	0.01675
6	0.03445	0.06725	0.06386	0.02274	0.06210	0.02165	0.01823	0.04723	0.18702	0.26006	0.03670	0.03433	0.02573	0.01268	0.01012	0.00324	0.00937	0.01035	0.05643	0.01649
7	0.02474	0.02800	0.15269	0.15751	0.18739	0.02222	0.02795	0.06713	0.02494	0.07776	0.02678	0.10626	0.02342	0.01352	0.01082	0.00344	0.01235	0.01193	0.00660	0.01454
8	0.04744	0.01799	0.02454	0.01881	0.02699	0.01554	0.01554	0.05153	0.03026	0.56979	0.04171	0.03599	0.02617	0.01309	0.01063	0.00327	0.00900	0.01063	0.01309	0.01799
9	0.02507	0.02465	0.04397	0.14278	0.41780	0.02510	0.10100	0.03183	0.02376	0.03332	0.01993	0.02680	0.01625	0.00952	0.01077	0.00326	0.01353	0.00985	0.00517	0.01565
10	0.03193	0.02099	0.03300	0.24621	0.12743	0.02208	0.05602	0.07719	0.02717	0.21072	0.02722	0.03025	0.01892	0.01129	0.01070	0.00336	0.01222	0.01001	0.00807	0.01523
11	0.03549	0.02538	0.10985	0.02852	0.06960	0.01953	0.13299	0.04200	0.02702	0.30449	0.03209	0.03201	0.02158	0.01144	0.01073	0.00328	0.01185	0.01052	0.05543	0.01620
12	0.60388	0.02008	0.01690	0.01465	0.02144	0.02248	0.01207	0.03417	0.01985	0.12649	0.01881	0.02002	0.01368	0.01031	0.00716	0.00327	0.00830	0.00647	0.00753	0.01244
13	0.01811	0.01053	0.01413	0.01534	0.01710	0.00964	0.01068	0.02029	0.02176	0.10914	0.05577	0.53290	0.06331	0.03009	0.01306	0.00414	0.00657	0.02712	0.01031	0.01001
14	0.01785	0.00943	0.01383	0.01370	0.01408	0.00930	0.00930	0.01471	0.01622	0.02200	0.09986	0.03923	0.03068	0.03444	0.03696	0.58810	0.00855	0.01069	0.00566	0.00541

[dist]
# distance from previous block
# <min> <max>
0	32

[block]
# block no. 1 follows, 13 sequences, length 92
# corresponding to MSA columns:
# 710-801
name=unknown_B
#
# <colnr> <probs for GDERKNQSTAVLIFYWHMCP>
#	G	D	E	R	K	N	Q	S	T	A	V	L	I	F	Y	W	H	M	C	P
0	0.02468	0.17436	0.32958	0.02644	0.03858	0.02669	0.07004	0.03350	0.02358	0.07515	0.06211	0.02717	0.02143	0.01088	0.00976	0.00312	0.01349	0.00883	0.00580	0.01481
1	0.03112	0.12182	0.07753	0.11811	0.03736	0.02314	0.05377	0.07010	0.02631	0.19723	0.02904	0.07630	0.02273	0.01276	0.01012	0.00314	0.01122	0.01074	0.00820	0.05927
2	0.08396	0.02047	0.02584	0.09912	0.03320	0.02166	0.01811	0.08208	0.10563	0.24616	0.03119	0.03095	0.02178	0.01274	0.01228	0.00333	0.06342	0.00975	0.00962	0.06869
3	0.01503	0.01074	0.01399	0.01537	0.01680	0.01052	0.01096	0.01925	0.06148	0.03037	0.12939	0.40268	0.06665	0.02988	0.01545	0.05911	0.00670	0.06668	0.00974	0.00920
4	0.01373	0.00975	0.01294	0.01486	0.01564	0.00948	0.01021	0.01572	0.01965	0.02628	0.05226	0.45922	0.06138	0.11710	0.06595	0.00619	0.00880	0.06339	0.00901	0.00845
5	0.02031	0.01357	0.01894	0.06694	0.06730	0.01352	0.01457	0.02553	0.06483	0.10243	0.04849	0.39851	0.05211	0.02513	0.01240	0.00394	0.00787	0.02261	0.00955	0.01145
6	0.70310	0.02045	0.01554	0.01390	0.02045	0.02372	0.01145	0.03108	0.01799	0.04744	0.01472	0.01718	0.01145	0.00981	0.00654	0.00327	0.00818	0.00573	0.00654	0.01145
7	0.02984	0.01854	0.02273	0.01664	0.02566	0.01454	0.01346	0.03434	0.02451	0.20044	0.02590	0.02628	0.01892	0.00946	0.00870	0.00209	0.00819	0.00762	0.00838	0.48375
8	0.70310	0.02045	0.01554	0.01390	0.02045	0.02372	0.01145	0.03108	0.01799	0.04744	0.01472	0.01718	0.01145	0.00981	0.00654	0.00327	0.00818	0.00573	0.00654	0.01145
9	0.01288	0.00920	0.01227	0.01472	0.01534	0.00859	0.00981	0.01472	0.02024	0.02699	0.05828	0.62152	0.06993	0.03312	0.01350	0.00429	0.00613	0.03006	0.00981	0.00859
10	0.03298	0.02792	0.02755	0.02314	0.03005	0.07901	0.01840	0.24138	0.30196	0.05145	0.03366	0.03205	0.02495	0.01338	0.01058	0.00335	0.01062	0.01053	0.01021	0.01683
11	0.03822	0.04826	0.03015	0.02728	0.03230	0.54268	0.02064	0.04091	0.02889	0.02584	0.01615	0.01938	0.01364	0.01149	0.01150	0.00287	0.06521	0.00700	0.00538	0.01220
12	0.01288	0.00920	0.01227	0.01472	0.01534	0.00859	0.00981	0.01472	0.02024	0.02699	0.05828	0.62152	0.06993	0.03312	0.01350	0.00429	0.00613	0.03006	0.00981	0.00859
13	0.02226	0.14162	0.49597	0.02833	0.04297	0.02714	0.03592	0.03321	0.02220	0.03219	0.01833	0.02152	0.01342	0.00990	0.00956	0.00319	0.01498	0.00749	0.00447	0.01532
14	0.01510	0.01133	0.01699	0.01699	0.01888	0.01322	0.01322	0.01888	0.01699	0.02454	0.02832	0.04154	0.02643	0.07930	0.58652	0.01699	0.02832	0.01133	0.00566	0.00944
15	0.09502	0.01922	0.02452	0.01894	0.02703	0.01769	0.01565	0.09264	0.03110	0.48628	0.03826	0.03365	0.02436	0.01281	0.01033	0.00326	0.00917	0.01017	0.01238	0.01751
16	0.02194	0.02125	0.02960	0.02568	0.02581	0.02923	0.02107	0.02416	0.01618	0.02498	0.01648	0.02819	0.01677	0.07275	0.07473	0.00595	0.51949	0.00990	0.00484	0.01099
17	0.01439	0.00935	0.01173	0.01364	0.01467	0.00887	0.00928	0.01692	0.02067	0.02974	0.05301	0.49262	0.06045	0.02852	0.01214	0.00389	0.00587	0.02558	0.15979	0.00887
18	0.03804	0.01636	0.02046	0.01642	0.02280	0.01515	0.01332	0.08199	0.02929	0.36005	0.03808	0.03621	0.02580	0.01281	0.00960	0.00301	0.00792	0.01029	0.22700	0.01541
19	0.07702	0.04354	0.39727	0.07372	0.04234	0.02395	0.03209	0.07253	0.02411	0.03724	0.02033	0.02395	0.01472	0.01046	0.00965	0.00327	0.01376	0.00807	0.05724	0.01473
20	0.02160	0.02243	0.15240	0.01804	0.02449	0.01415	0.01762	0.02755	0.02550	0.12187	0.18348	0.13930	0.09735	0.01886	0.01133	0.00342	0.00845	0.01617	0.06363	0.01235
21	0.01841	0.01424	0.02078	0.02138	0.02470	0.01444	0.05195	0.02580	0.07089	0.03292	0.05244	0.10586	0.05520	0.02648	0.01411	0.00466	0.01017	0.41535	0.00953	0.01067
22	0.64686	0.02024	0.01631	0.01433	0.02101	0.02302	0.01180	0.03283	0.01905	0.09224	0.01704	0.01879	0.01271	0.01010	0.00689	0.00327	0.00825	0.00615	0.00710	0.01201
23	0.02708	0.01946	0.03102	0.37982	0.09886	0.02246	0.02594	0.03301	0.02312	0.15316	0.02381	0.02944	0.01709	0.01166	0.01242	0.00352	0.05819	0.00967	0.00668	0.01359
24	0.03586	0.02653	0.02857	0.02231	0.02988	0.02896	0.01828	0.44370	0.04599	0.06153	0.07560	0.03603	0.06897	0.01458	0.01089	0.00322	0.01058	0.01135	0.01060	0.01658
25	0.02091	0.01313	0.01689	0.01466	0.01904	0.01141	0.01124	0.02544	0.02778	0.11975	0.34366	0.10921	0.07161	0.01894	0.01148	0.00310	0.00618	0.01657	0.01078	0.12820
26	0.02061	0.01003	0.01451	0.01402	0.01472	0.00982	0.00950	0.01714	0.01532	0.06584	0.02159	0.03551	0.02068	0.08321	0.03971	0.57734	0.00925	0.00981	0.00547	0.00589
27	0.10368	0.01820	0.02377	0.01839	0.02643	0.01624	0.01519	0.04977	0.02921	0.52498	0.03940	0.03437	0.02491	0.01281	0.01028	0.00327	0.00893	0.01021	0.01253	0.01743
28	0.03034	0.02378	0.02644	0.01965	0.02862	0.02271	0.01602	0.25734	0.03473	0.04929	0.02183	0.02352	0.01673	0.01007	0.00910	0.00231	0.00958	0.00776	0.00825	0.38192
29	0.02121	0.05469	0.57364	0.03014	0.04576	0.02455	0.03906	0.03348	0.02232	0.03348	0.01897	0.02232	0.01339	0.01005	0.01005	0.00335	0.01563	0.00781	0.00446	0.01563
30	0.01986	0.01155	0.01426	0.01308	0.01602	0.01067	0.00964	0.02373	0.02609	0.10864	0.29481	0.06808	0.10756	0.11780	0.01822	0.00434	0.00640	0.01637	0.10247	0.01038
31	0.01538	0.01025	0.01153	0.01153	0.01153	0.01025	0.00641	0.01538	0.01538	0.02050	0.03331	0.06919	0.03844	0.62842	0.05382	0.01025	0.01025	0.01538	0.00641	0.00641
32	0.03950	0.05039	0.02996	0.02724	0.03269	0.58597	0.02043	0.04222	0.02996	0.02588	0.01634	0.01907	0.01362	0.01090	0.00953	0.00272	0.01907	0.00681	0.00545	0.01226
33	0.01971	0.00985	0.00985	0.00985	0.01232	0.00985	0.00739	0.02464	0.02217	0.03942	0.03449	0.03942	0.02710	0.01232	0.00739	0.00246	0.00493	0.00985	0.68712	0.00985
34	0.09959	0.02879	0.03028	0.02339	0.03168	0.03198	0.01932	0.48276	0.04687	0.06491	0.02443	0.02465	0.01740	0.01243	0.01022	0.00318	0.01133	0.00918	0.01022	0.01740
35	0.04744	0.01799	0.02454	0.01881	0.02699	0.01554	0.01554	0.05153	0.03026	0.56979	0.04171	0.03599	0.02617	0.01309	0.01063	0.00327	0.00900	0.01063	0.01309	0.01799
36	0.02192	0.01879	0.02192	0.01566	0.02506	0.01409	0.01253	0.02662	0.02192	0.03445	0.01879	0.02192	0.01566	0.00783	0.00783	0.00157	0.00783	0.00626	0.00626	0.69305
37	0.02827	0.63478	0.05540	0.01809	0.02714	0.04184	0.01809	0.03166	0.02148	0.02488	0.01470	0.01696	0.01357	0.00905	0.00678	0.00226	0.01131	0.00565	0.00452	0.01357
38	0.02630	0.02271	0.02391	0.02152	0.02749	0.02630	0.01674	0.05618	0.54336	0.04423	0.04303	0.03945	0.03228	0.01434	0.01076	0.00359	0.00837	0.01195	0.01076	0.01674
39	0.70310	0.02045	0.01554	0.01390	0.02045	0.02372	0.01145	0.03108	0.01799	0.04744	0.01472	0.01718	0.01145	0.00981	0.00654	0.00327	0.00818	0.00573	0.00654	0.01145
40	0.03950	0.05039	0.02996	0.02724	0.03269	0.58597	0.02043	0.04222	0.02996	0.02588	0.01634	0.01907	0.01362	0.01090	0.00953	0.00272	0.01907	0.00681	0.00545	0.01226
41	0.01704	0.01217	0.01704	0.01947	0.02191	0.01217	0.01704	0.02191	0.02434	0.03164	0.05598	0.11926	0.06085	0.02921	0.01460	0.00487	0.00974	0.49130	0.00974	0.00974
42	0.02121	0.05469	0.57364	0.03014	0.04576	0.02455	0.03906	0.03348	0.02232	0.03348	0.01897	0.02232	0.01339	0.01005	0.01005	0.00335	0.01563	0.00781	0.00446	0.01563
43	0.01496	0.01081	0.01413	0.01330	0.01580	0.00998	0.00998	0.01995	0.02993	0.04240	0.55689	0.07898	0.09976	0.02162	0.01247	0.00333	0.00499	0.01912	0.01164	0.00998
44	0.01288	0.00920	0.01227	0.01472	0.01534	0.00859	0.00981	0.01472	0.02024	0.02699	0.05828	0.62152	0.06993	0.03312	0.01350	0.00429	0.00613	0.03006	0.00981	0.00859
45	0.03434	0.01466	0.01989	0.01726	0.02257	0.01291	0.01337	0.03758	0.02647	0.36412	0.04799	0.25785	0.04275	0.02068	0.01172	0.00366	0.00791	0.01799	0.01185	0.01443
46	0.02146	0.02032	0.03442	0.47313	0.19100	0.02388	0.03011	0.02833	0.02185	0.02883	0.01906	0.02770	0.01473	0.01029	0.01055	0.00343	0.01372	0.00940	0.00483	0.01295
47	0.01510	0.01133	0.01699	0.01699	0.01888	0.01322	0.01322	0.01888	0.01699	0.02454	0.02832	0.04154	0.02643	0.07930	0.58652	0.01699	0.02832	0.01133	0.00566	0.00944
48	0.70310	0.02045	0.01554	0.01390	0.02045	0.02372	0.01145	0.03108	0.01799	0.04744	0.01472	0.01718	0.01145	0.00981	0.00654	0.00327	0.00818	0.00573	0.00654	0.01145
49	0.03256	0.02772	0.02731	0.02306	0.02989	0.07882	0.01829	0.22712	0.31691	0.05078	0.03419	0.03248	0.02538	0.01343	0.01058	0.00336	0.01052	0.01060	0.01022	0.01679
50	0.02361	0.01750	0.02716	0.24296	0.12778	0.01837	0.02183	0.02888	0.02348	0.10990	0.06663	0.13388	0.03198	0.01519	0.01099	0.00339	0.01062	0.01357	0.00750	0.06480
51	0.02883	0.04212	0.36400	0.03035	0.08697	0.02335	0.03188	0.07770	0.02642	0.15124	0.02445	0.02585	0.01681	0.01086	0.01025	0.00330	0.01360	0.00870	0.00688	0.01643
52	0.02496	0.02852	0.06239	0.04456	0.05526	0.02674	0.52406	0.03387	0.02496	0.03387	0.02139	0.02852	0.01604	0.00891	0.01248	0.00357	0.01783	0.01248	0.00535	0.01426
53	0.02505	0.02824	0.06079	0.04623	0.09684	0.02661	0.48376	0.03375	0.02488	0.03392	0.02127	0.02833	0.01610	0.00895	0.01231	0.00353	0.01739	0.01223	0.00534	0.01446
54	0.02090	0.03606	0.28788	0.19614	0.05049	0.02331	0.06913	0.03202	0.06470	0.03200	0.02415	0.07277	0.01977	0.01227	0.01071	0.00351	0.01401	0.01071	0.00553	0.01393
55	0.02533	0.01776	0.02840	0.42265	0.05766	0.02042	0.02459	0.03127	0.02305	0.14561	0.02734	0.08306	0.02174	0.01314	0.01085	0.00354	0.01227	0.01152	0.00699	0.01283
56	0.01837	0.00918	0.01377	0.01377	0.01377	0.00918	0.00918	0.01377	0.01377	0.01837	0.01837	0.03214	0.01837	0.03673	0.04132	0.69238	0.00918	0.00918	0.00459	0.00459
57	0.01288	0.00920	0.01227	0.01472	0.01534	0.00859	0.00981	0.01472	0.02024	0.02699	0.05828	0.62152	0.06993	0.03312	0.01350	0.00429	0.00613	0.03006	0.00981	0.00859
58	0.01740	0.01211	0.01760	0.14150	0.02869	0.01247	0.01450	0.02078	0.02200	0.07263	0.08647	0.40452	0.05661	0.02575	0.01255	0.00397	0.00799	0.02319	0.00912	0.01014
59	0.02192	0.01879	0.02192	0.01566	0.02506	0.01409	0.01253	0.02662	0.02192	0.03445	0.01879	0.02192	0.01566	0.00783	0.00783	0.00157	0.00783	0.00626	0.00626	0.69305
60	0.01288	0.00920	0.01227	0.01472	0.01534	0.00859	0.00981	0.01472	0.02024	0.02699	0.05828	0.62152	0.06993	0.03312	0.01350	0.00429	0.00613	0.03006	0.00981	0.00859
61	0.01288	0.00920	0.01227	0.01472	0.01534	0.00859	0.00981	0.01472	0.02024	0.02699	0.05828	0.62152	0.06993	0.03312	0.01350	0.00429	0.00613	0.03006	0.00981	0.00859
62	0.02217	0.01795	0.02734	0.38391	0.05435	0.02113	0.02400	0.03148	0.09267	0.07217	0.03006	0.08518	0.02579	0.01461	0.01116	0.00368	0.01193	0.05094	0.00699	0.01249
63	0.70310	0.02045	0.01554	0.01390	0.02045	0.02372	0.01145	0.03108	0.01799	0.04744	0.01472	0.01718	0.01145	0.00981	0.00654	0.00327	0.00818	0.00573	0.00654	0.01145
64	0.02493	0.17128	0.29280	0.06785	0.03983	0.02915	0.02882	0.07477	0.10558	0.03541	0.02229	0.02450	0.01679	0.01075	0.00953	0.00315	0.01313	0.00824	0.00596	0.01525
65	0.01330	0.01075	0.01107	0.01124	0.01465	0.00921	0.00859	0.01628	0.02398	0.02952	0.09869	0.09863	0.48838	0.02594	0.01228	0.00358	0.00562	0.05276	0.05649	0.00904
66	0.01997	0.01879	0.03171	0.60301	0.07282	0.02349	0.02936	0.02701	0.02114	0.02701	0.01879	0.02819	0.01409	0.01057	0.01057	0.00352	0.01409	0.00940	0.00470	0.01175
67	0.04019	0.02962	0.03173	0.02433	0.03279	0.03279	0.02010	0.52721	0.04971	0.06663	0.02538	0.02538	0.01798	0.01269	0.01058	0.00317	0.01163	0.00952	0.01058	0.01798
68	0.02209	0.01055	0.01111	0.01062	0.01358	0.01034	0.00809	0.02694	0.02287	0.08491	0.03511	0.03912	0.02702	0.01238	0.00767	0.00253	0.00528	0.00992	0.62930	0.01055
69	0.01538	0.01025	0.01153	0.01153	0.01153	0.01025	0.00641	0.01538	0.01538	0.02050	0.03331	0.06919	0.03844	0.62842	0.05382	0.01025	0.01025	0.01538	0.00641	0.00641
70	0.04744	0.01799	0.02454	0.01881	0.02699	0.01554	0.01554	0.05153	0.03026	0.56979	0.04171	0.03599	0.02617	0.01309	0.01063	0.00327	0.00900	0.01063	0.01309	0.01799
71	0.01704	0.01217	0.01704	0.01947	0.02191	0.01217	0.01704	0.02191	0.02434	0.03164	0.05598	0.11926	0.06085	0.02921	0.01460	0.00487	0.00974	0.49130	0.00974	0.00974
72	0.02630	0.02271	0.02391	0.02152	0.02749	0.02630	0.01674	0.05618	0.54336	0.04423	0.04303	0.03945	0.03228	0.01434	0.01076	0.00359	0.00837	0.01195	0.01076	0.01674
73	0.02121	0.05469	0.57364	0.03014	0.04576	0.02455	0.03906	0.03348	0.02232	0.03348	0.01897	0.02232	0.01339	0.01005	0.01005	0.00335	0.01563	0.00781	0.00446	0.01563
74	0.02327	0.02080	0.02859	0.03130	0.19577	0.01760	0.01886	0.02847	0.02261	0.03448	0.01914	0.02327	0.01601	0.00834	0.00867	0.00207	0.00933	0.00727	0.00594	0.47821
75	0.04149	0.07691	0.11718	0.02061	0.03008	0.01927	0.01961	0.04687	0.02821	0.43515	0.03567	0.03212	0.02300	0.01224	0.01021	0.00320	0.01028	0.00974	0.01094	0.01723
76	0.01496	0.01081	0.01413	0.01330	0.01580	0.00998	0.00998	0.01995	0.02993	0.04240	0.55689	0.07898	0.09976	0.02162	0.01247	0.00333	0.00499	0.01912	0.01164	0.00998
77	0.04744	0.01799	0.02454	0.01881	0.02699	0.01554	0.01554	0.05153	0.03026	0.56979	0.04171	0.03599	0.02617	0.01309	0.01063	0.00327	0.00900	0.01063	0.01309	0.01799
78	0.04019	0.02962	0.03173	0.02433	0.03279	0.03279	0.02010	0.52721	0.04971	0.06663	0.02538	0.02538	0.01798	0.01269	0.01058	0.00317	0.01163	0.00952	0.01058	0.01798
79	0.04019	0.02962	0.03173	0.02433	0.03279	0.03279	0.02010	0.52721	0.04971	0.06663	0.02538	0.02538	0.01798	0.01269	0.01058	0.00317	0.01163	0.00952	0.01058	0.01798
80	0.02827	0.63478	0.05540	0.01809	0.02714	0.04184	0.01809	0.03166	0.02148	0.02488	0.01470	0.01696	0.01357	0.00905	0.00678	0.00226	0.01131	0.00565	0.00452	0.01357
81	0.04744	0.01799	0.02454	0.01881	0.02699	0.01554	0.01554	0.05153	0.03026	0.56979	0.04171	0.03599	0.02617	0.01309	0.01063	0.00327	0.00900	0.01063	0.01309	0.01799
82	0.02630	0.02271	0.02391	0.02152	0.02749	0.02630	0.01674	0.05618	0.54336	0.04423	0.04303	0.03945	0.03228	0.01434	0.01076	0.00359	0.00837	0.01195	0.01076	0.01674
83	0.03950	0.05039	0.02996	0.02724	0.03269	0.58597	0.02043	0.04222	0.02996	0.02588	0.01634	0.01907	0.01362	0.01090	0.00953	0.00272	0.01907	0.00681	0.00545	0.01226
84	0.01269	0.01072	0.01098	0.01092	0.01440	0.00901	0.00819	0.01556	0.02457	0.02967	0.14304	0.09993	0.52155	0.02636	0.01249	0.00355	0.00533	0.02206	0.00996	0.00901
85	0.02433	0.03083	0.15380	0.07695	0.04232	0.02580	0.15319	0.04312	0.25404	0.03782	0.03025	0.03200	0.02251	0.01170	0.01103	0.00352	0.01285	0.01098	0.00750	0.01545
86	0.04361	0.02413	0.02833	0.02172	0.03005	0.02464	0.01794	0.30252	0.04052	0.30430	0.03310	0.03039	0.02185	0.01288	0.01060	0.00322	0.01039	0.01005	0.01176	0.01799
87	0.03567	0.02518	0.02957	0.12019	0.03791	0.02791	0.02052	0.30752	0.11721	0.12464	0.02917	0.02942	0.02061	0.01264	0.01061	0.00331	0.01119	0.01002	0.00996	0.01675
88	0.01270	0.01072	0.01099	0.01092	0.01441	0.00901	0.00819	0.01557	0.02458	0.02970	0.14395	0.09989	0.52063	0.02635	0.01249	0.00355	0.00533	0.02205	0.00997	0.00901
89	0.02915	0.02082	0.07222	0.06596	0.11336	0.01777	0.01973	0.06701	0.02917	0.20092	0.19692	0.04564	0.04553	0.01475	0.01113	0.00329	0.00939	0.01273	0.00990	0.01462
90	0.02047	0.01931	0.03263	0.55895	0.11291	0.02362	0.02962	0.02746	0.02138	0.02763	0.01888	0.02802	0.01431	0.01048	0.01056	0.00349	0.01397	0.00940	0.00474	0.01215
91	0.02899	0.12207	0.16958	0.12300	0.04432	0.02846	0.09393	0.14892	0.02937	0.07986	0.02187	0.02510	0.01594	0.01068	0.01015	0.00320	0.01360	0.00900	0.00672	0.01523

[dist]
# distance from previous block
# <min> <max>
0	2

[block]
# block no. 2 follows, 13 sequences, length 34
# corresponding to MSA columns:
# 804-837
name=unknown_C
#
# <colnr> <probs for GDERKNQSTAVLIFYWHMCP>
#	G	D	E	R	K	N	Q	S	T	A	V	L	I	F	Y	W	H	M	C	P
0	0.65108	0.06781	0.01861	0.01423	0.02096	0.02512	0.01196	0.03112	0.01826	0.04570	0.01472	0.01716	0.01161	0.00976	0.00656	0.00319	0.00842	0.00572	0.00639	0.01161
1	0.17905	0.25152	0.03820	0.06645	0.03206	0.03179	0.05998	0.07006	0.11151	0.03705	0.02114	0.02327	0.01683	0.01048	0.00845	0.00299	0.01090	0.00788	0.00654	0.01385
2	0.08017	0.17420	0.11711	0.07270	0.03702	0.03024	0.06103	0.17755	0.03061	0.09108	0.02179	0.02380	0.01607	0.01080	0.00946	0.00306	0.01233	0.00840	0.00729	0.01531
3	0.01471	0.01095	0.01616	0.01659	0.01825	0.01240	0.01262	0.01815	0.01757	0.02498	0.03361	0.14402	0.03412	0.07114	0.48527	0.01475	0.02440	0.01464	0.00640	0.00929
4	0.01642	0.01243	0.01538	0.01485	0.01758	0.01234	0.01102	0.02484	0.10997	0.04011	0.39168	0.16353	0.08403	0.02239	0.01237	0.00353	0.00572	0.01981	0.01119	0.01082
5	0.01352	0.00969	0.01284	0.01429	0.01548	0.00901	0.00986	0.01633	0.02321	0.03172	0.21122	0.45510	0.07908	0.02959	0.01318	0.00400	0.00578	0.02670	0.01037	0.00901
6	0.03970	0.04417	0.03049	0.02637	0.03272	0.42038	0.02033	0.18740	0.03587	0.03808	0.01905	0.02096	0.01492	0.01143	0.00985	0.00286	0.01684	0.00762	0.00698	0.01397
7	0.70310	0.02045	0.01554	0.01390	0.02045	0.02372	0.01145	0.03108	0.01799	0.04744	0.01472	0.01718	0.01145	0.00981	0.00654	0.00327	0.00818	0.00573	0.00654	0.01145
8	0.02118	0.01643	0.02517	0.31274	0.04619	0.01911	0.02099	0.02645	0.02309	0.08008	0.14625	0.04404	0.03724	0.07102	0.01691	0.00416	0.05801	0.01230	0.00723	0.01141
9	0.02617	0.02512	0.04292	0.06490	0.56246	0.02512	0.03245	0.03245	0.02407	0.03454	0.01989	0.02617	0.01675	0.00942	0.01047	0.00314	0.01256	0.00942	0.00523	0.01675
10	0.01837	0.00918	0.01377	0.01377	0.01377	0.00918	0.00918	0.01377	0.01377	0.01837	0.01837	0.03214	0.01837	0.03673	0.04132	0.69238	0.00918	0.00918	0.00459	0.00459
11	0.01837	0.00918	0.01377	0.01377	0.01377	0.00918	0.00918	0.01377	0.01377	0.01837	0.01837	0.03214	0.01837	0.03673	0.04132	0.69238	0.00918	0.00918	0.00459	0.00459
12	0.03103	0.02166	0.02405	0.02091	0.02738	0.02389	0.01647	0.05514	0.42842	0.16196	0.04274	0.03867	0.03091	0.01406	0.01073	0.00352	0.00851	0.01166	0.01128	0.01702
13	0.04019	0.02962	0.03173	0.02433	0.03279	0.03279	0.02010	0.52721	0.04971	0.06663	0.02538	0.02538	0.01798	0.01269	0.01058	0.00317	0.01163	0.00952	0.01058	0.01798
14	0.70310	0.02045	0.01554	0.01390	0.02045	0.02372	0.01145	0.03108	0.01799	0.04744	0.01472	0.01718	0.01145	0.00981	0.00654	0.00327	0.00818	0.00573	0.00654	0.01145
15	0.04744	0.01799	0.02454	0.01881	0.02699	0.01554	0.01554	0.05153	0.03026	0.56979	0.04171	0.03599	0.02617	0.01309	0.01063	0.00327	0.00900	0.01063	0.01309	0.01799
16	0.02226	0.01410	0.01584	0.01475	0.01872	0.01412	0.01198	0.09719	0.02666	0.04109	0.03677	0.05452	0.03265	0.01593	0.00959	0.00305	0.00730	0.12261	0.36664	0.07423
17	0.02827	0.63478	0.05540	0.01809	0.02714	0.04184	0.01809	0.03166	0.02148	0.02488	0.01470	0.01696	0.01357	0.00905	0.00678	0.00226	0.01131	0.00565	0.00452	0.01357
18	0.02192	0.01879	0.02192	0.01566	0.02506	0.01409	0.01253	0.02662	0.02192	0.03445	0.01879	0.02192	0.01566	0.00783	0.00783	0.00157	0.00783	0.00626	0.00626	0.69305
19	0.01997	0.01879	0.03171	0.60301	0.07282	0.02349	0.02936	0.02701	0.02114	0.02701	0.01879	0.02819	0.01409	0.01057	0.01057	0.00352	0.01409	0.00940	0.00470	0.01175
20	0.01971	0.00985	0.00985	0.00985	0.01232	0.00985	0.00739	0.02464	0.02217	0.03942	0.03449	0.03942	0.02710	0.01232	0.00739	0.00246	0.00493	0.00985	0.68712	0.00985
21	0.02531	0.02793	0.11671	0.18318	0.20679	0.02430	0.15084	0.03308	0.02381	0.07370	0.02154	0.02746	0.01619	0.00995	0.01094	0.00338	0.01436	0.01003	0.00563	0.01486
22	0.01381	0.01065	0.01261	0.01235	0.01515	0.00945	0.00917	0.01764	0.02687	0.03568	0.33854	0.12651	0.28436	0.02453	0.01255	0.00349	0.00522	0.02119	0.01077	0.00945
23	0.03629	0.01670	0.02076	0.01669	0.02335	0.01511	0.01354	0.08469	0.02996	0.35311	0.05516	0.05089	0.15177	0.01624	0.01081	0.00327	0.00806	0.01324	0.06515	0.01520
24	0.01290	0.01073	0.01127	0.01114	0.01453	0.00910	0.00835	0.01596	0.02506	0.03084	0.18116	0.09800	0.48270	0.02593	0.01249	0.00353	0.00529	0.02179	0.01012	0.00910
25	0.01538	0.01025	0.01153	0.01153	0.01153	0.01025	0.00641	0.01538	0.01538	0.02050	0.03331	0.06919	0.03844	0.62842	0.05382	0.01025	0.01025	0.01538	0.00641	0.00641
26	0.01704	0.01217	0.01704	0.01947	0.02191	0.01217	0.01704	0.02191	0.02434	0.03164	0.05598	0.11926	0.06085	0.02921	0.01460	0.00487	0.00974	0.49130	0.00974	0.00974
27	0.70310	0.02045	0.01554	0.01390	0.02045	0.02372	0.01145	0.03108	0.01799	0.04744	0.01472	0.01718	0.01145	0.00981	0.00654	0.00327	0.00818	0.00573	0.00654	0.01145
28	0.02617	0.02512	0.04292	0.06490	0.56246	0.02512	0.03245	0.03245	0.02407	0.03454	0.01989	0.02617	0.01675	0.00942	0.01047	0.00314	0.01256	0.00942	0.00523	0.01675
29	0.02954	0.02292	0.02469	0.02153	0.02794	0.02591	0.01694	0.09934	0.45031	0.09482	0.04128	0.03783	0.03039	0.01408	0.01073	0.00352	0.00873	0.01161	0.01096	0.01697
30	0.03043	0.35745	0.04272	0.02260	0.06851	0.03316	0.01852	0.04025	0.14313	0.10900	0.02554	0.02561	0.01995	0.01088	0.00854	0.00278	0.01039	0.00812	0.00725	0.01518
31	0.02521	0.02092	0.02848	0.06739	0.06957	0.01949	0.06354	0.03600	0.13593	0.07606	0.02608	0.02815	0.02004	0.01005	0.00949	0.00257	0.00976	0.00885	0.00748	0.33493
32	0.03227	0.19773	0.03865	0.07175	0.03476	0.03176	0.05376	0.19588	0.11985	0.08314	0.02575	0.02663	0.01931	0.01153	0.00967	0.00305	0.01142	0.00911	0.00823	0.01574
33	0.24730	0.06756	0.06111	0.01800	0.02624	0.02066	0.01605	0.04249	0.02527	0.33090	0.02979	0.02781	0.01980	0.01156	0.00904	0.00320	0.00936	0.00855	0.00983	0.01548

[dist]
# distance from previous block
# <min> <max>
0	7

[block]
# block no. 3 follows, 13 sequences, length 14
# corresponding to MSA columns:
# 845-858
name=unknown_D
#
# <colnr> <probs for GDERKNQSTAVLIFYWHMCP>
#	G	D	E	R	K	N	Q	S	T	A	V	L	I	F	Y	W	H	M	C	P
0	0.03120	0.01850	0.02287	0.01681	0.02576	0.01462	0.01362	0.03567	0.02495	0.22898	0.02712	0.02703	0.01948	0.00974	0.00885	0.00219	0.00825	0.00785	0.00874	0.44775
1	0.02795	0.02461	0.03424	0.03665	0.19690	0.02533	0.06551	0.12561	0.17356	0.04284	0.02730	0.02933	0.02109	0.01110	0.01036	0.00308	0.01099	0.00995	0.00788	0.11574
2	0.02313	0.02313	0.03238	0.02776	0.02776	0.03238	0.02313	0.02545	0.01619	0.02545	0.01388	0.02313	0.01388	0.01851	0.03470	0.00463	0.60907	0.00925	0.00463	0.01157
3	0.02419	0.02353	0.08165	0.25289	0.20576	0.02228	0.06066	0.03087	0.02313	0.08051	0.02477	0.07808	0.02080	0.01222	0.01087	0.00344	0.01287	0.01133	0.00609	0.01404
4	0.02496	0.02852	0.06239	0.04456	0.05526	0.02674	0.52406	0.03387	0.02496	0.03387	0.02139	0.02852	0.01604	0.00891	0.01248	0.00357	0.01783	0.01248	0.00535	0.01426
5	0.02496	0.02852	0.06239	0.04456	0.05526	0.02674	0.52406	0.03387	0.02496	0.03387	0.02139	0.02852	0.01604	0.00891	0.01248	0.00357	0.01783	0.01248	0.00535	0.01426
6	0.03890	0.02897	0.03100	0.02407	0.03230	0.03218	0.01978	0.48335	0.09567	0.06455	0.02703	0.02669	0.01931	0.01285	0.01059	0.00321	0.01133	0.00975	0.01059	0.01786
7	0.01704	0.01217	0.01704	0.01947	0.02191	0.01217	0.01704	0.02191	0.02434	0.03164	0.05598	0.11926	0.06085	0.02921	0.01460	0.00487	0.00974	0.49130	0.00974	0.00974
8	0.01418	0.01064	0.01314	0.01281	0.01539	0.00960	0.00950	0.01833	0.02765	0.03768	0.40356	0.13415	0.20672	0.02391	0.01257	0.00347	0.00518	0.02089	0.01104	0.00960
9	0.01288	0.00920	0.01227	0.01472	0.01534	0.00859	0.00981	0.01472	0.02024	0.02699	0.05828	0.62152	0.06993	0.03312	0.01350	0.00429	0.00613	0.03006	0.00981	0.00859
10	0.01571	0.01066	0.01346	0.01276	0.01525	0.00996	0.00957	0.02069	0.02871	0.04193	0.47455	0.07274	0.08831	0.02015	0.01167	0.00319	0.00498	0.01766	0.11810	0.00996
11	0.02192	0.01879	0.02192	0.01566	0.02506	0.01409	0.01253	0.02662	0.02192	0.03445	0.01879	0.02192	0.01566	0.00783	0.00783	0.00157	0.00783	0.00626	0.00626	0.69305
12	0.01921	0.01238	0.01723	0.01898	0.02172	0.01212	0.01624	0.02373	0.02446	0.07642	0.05500	0.15877	0.05878	0.02822	0.01417	0.00468	0.00934	0.40822	0.01002	0.01032
13	0.02727	0.32961	0.04177	0.10973	0.03416	0.08033	0.01991	0.07526	0.02418	0.02935	0.02015	0.07249	0.01896	0.01266	0.01089	0.00295	0.06261	0.00910	0.00565	0.01298

[dist]
# distance from previous block
# <min> <max>
0	1

[block]
# block no. 4 follows, 13 sequences, length 33
# corresponding to MSA columns:
# 860-892
name=unknown_E
#
# <colnr> <probs for GDERKNQSTAVLIFYWHMCP>
#	G	D	E	R	K	N	Q	S	T	A	V	L	I	F	Y	W	H	M	C	P
0	0.03905	0.02431	0.02600	0.02131	0.02860	0.07441	0.01709	0.12845	0.19091	0.27730	0.03715	0.03378	0.02557	0.01321	0.01056	0.00330	0.01016	0.01051	0.01126	0.01707
1	0.02285	0.02062	0.02832	0.06952	0.14975	0.01894	0.01919	0.02785	0.02182	0.03311	0.01858	0.02344	0.01563	0.00937	0.01111	0.00234	0.06499	0.00747	0.00577	0.42932
2	0.64044	0.02088	0.01807	0.01862	0.07062	0.02385	0.01339	0.03121	0.01856	0.04624	0.01520	0.01801	0.01194	0.00978	0.00691	0.00326	0.00858	0.00607	0.00642	0.01194
3	0.01473	0.01080	0.01381	0.01306	0.01565	0.00988	0.00979	0.01950	0.02937	0.04108	0.51409	0.08115	0.14338	0.02211	0.01247	0.00335	0.00502	0.01943	0.01147	0.00988
4	0.02496	0.02573	0.07793	0.11781	0.23045	0.02534	0.02607	0.04162	0.23865	0.03743	0.02925	0.03162	0.02254	0.01167	0.01057	0.00339	0.01129	0.01033	0.00738	0.01596
5	0.01433	0.01078	0.01326	0.01264	0.01541	0.00971	0.00948	0.01873	0.02844	0.03886	0.44189	0.08480	0.21696	0.02294	0.01248	0.00339	0.00508	0.01994	0.01117	0.00971
6	0.01496	0.01081	0.01413	0.01330	0.01580	0.00998	0.00998	0.01995	0.02993	0.04240	0.55689	0.07898	0.09976	0.02162	0.01247	0.00333	0.00499	0.01912	0.01164	0.00998
7	0.01997	0.01879	0.03171	0.60301	0.07282	0.02349	0.02936	0.02701	0.02114	0.02701	0.01879	0.02819	0.01409	0.01057	0.01057	0.00352	0.01409	0.00940	0.00470	0.01175
8	0.02420	0.01872	0.02216	0.01594	0.02523	0.01422	0.01280	0.02884	0.02267	0.08217	0.02084	0.02318	0.01660	0.00830	0.00808	0.00172	0.00793	0.00665	0.00687	0.63288
9	0.01372	0.00980	0.01323	0.01568	0.01666	0.00931	0.01127	0.01616	0.02107	0.02792	0.05781	0.52065	0.06811	0.03234	0.01372	0.00441	0.00686	0.12269	0.00980	0.00882
10	0.02105	0.01700	0.01962	0.01725	0.02265	0.01617	0.01304	0.07029	0.13155	0.03644	0.03881	0.24528	0.03916	0.01884	0.01074	0.00312	0.00764	0.01642	0.00885	0.24607
11	0.01496	0.01081	0.01413	0.01330	0.01580	0.00998	0.00998	0.01995	0.02993	0.04240	0.55689	0.07898	0.09976	0.02162	0.01247	0.00333	0.00499	0.01912	0.01164	0.00998
12	0.01531	0.01050	0.01279	0.01279	0.01323	0.01094	0.00798	0.01619	0.01575	0.02144	0.03216	0.06280	0.03567	0.50157	0.17687	0.01181	0.01442	0.01444	0.00624	0.00711
13	0.70310	0.02045	0.01554	0.01390	0.02045	0.02372	0.01145	0.03108	0.01799	0.04744	0.01472	0.01718	0.01145	0.00981	0.00654	0.00327	0.00818	0.00573	0.00654	0.01145
14	0.01522	0.01089	0.01476	0.01476	0.01587	0.01200	0.01043	0.01744	0.01633	0.02289	0.03037	0.05287	0.03135	0.30428	0.36827	0.01423	0.02092	0.01299	0.00597	0.00820
15	0.02827	0.63478	0.05540	0.01809	0.02714	0.04184	0.01809	0.03166	0.02148	0.02488	0.01470	0.01696	0.01357	0.00905	0.00678	0.00226	0.01131	0.00565	0.00452	0.01357
16	0.02827	0.63478	0.05540	0.01809	0.02714	0.04184	0.01809	0.03166	0.02148	0.02488	0.01470	0.01696	0.01357	0.00905	0.00678	0.00226	0.01131	0.00565	0.00452	0.01357
17	0.04744	0.01799	0.02454	0.01881	0.02699	0.01554	0.01554	0.05153	0.03026	0.56979	0.04171	0.03599	0.02617	0.01309	0.01063	0.00327	0.00900	0.01063	0.01309	0.01799
18	0.02192	0.01879	0.02192	0.01566	0.02506	0.01409	0.01253	0.02662	0.02192	0.03445	0.01879	0.02192	0.01566	0.00783	0.00783	0.00157	0.00783	0.00626	0.00626	0.69305
19	0.02313	0.02313	0.03238	0.02776	0.02776	0.03238	0.02313	0.02545	0.01619	0.02545	0.01388	0.02313	0.01388	0.01851	0.03470	0.00463	0.60907	0.00925	0.00463	0.01157
20	0.70310	0.02045	0.01554	0.01390	0.02045	0.02372	0.01145	0.03108	0.01799	0.04744	0.01472	0.01718	0.01145	0.00981	0.00654	0.00327	0.00818	0.00573	0.00654	0.01145
21	0.02313	0.02313	0.03238	0.02776	0.02776	0.03238	0.02313	0.02545	0.01619	0.02545	0.01388	0.02313	0.01388	0.01851	0.03470	0.00463	0.60907	0.00925	0.00463	0.01157
22	0.04610	0.02013	0.02586	0.01983	0.02806	0.01872	0.01638	0.13913	0.03384	0.47712	0.03871	0.03403	0.02466	0.01301	0.01062	0.00325	0.00948	0.01043	0.01262	0.01799
23	0.02121	0.05469	0.57364	0.03014	0.04576	0.02455	0.03906	0.03348	0.02232	0.03348	0.01897	0.02232	0.01339	0.01005	0.01005	0.00335	0.01563	0.00781	0.00446	0.01563
24	0.01667	0.01275	0.01559	0.01488	0.01800	0.01259	0.01147	0.02527	0.10785	0.04049	0.39319	0.07852	0.12673	0.02163	0.01240	0.00352	0.00596	0.06039	0.01117	0.01090
25	0.02021	0.02035	0.06218	0.07236	0.02862	0.02113	0.01821	0.03183	0.17217	0.03366	0.08749	0.14021	0.08655	0.01946	0.01627	0.00387	0.12909	0.01550	0.00836	0.01249
26	0.01538	0.01025	0.01153	0.01153	0.01153	0.01025	0.00641	0.01538	0.01538	0.02050	0.03331	0.06919	0.03844	0.62842	0.05382	0.01025	0.01025	0.01538	0.00641	0.00641
27	0.02486	0.18466	0.17640	0.07632	0.07666	0.02946	0.06122	0.03850	0.16145	0.03376	0.02455	0.02676	0.01897	0.01086	0.00967	0.00315	0.01241	0.00896	0.00630	0.01506
28	0.13865	0.29462	0.03902	0.02093	0.02802	0.17146	0.01815	0.08090	0.02535	0.03271	0.01607	0.01873	0.01369	0.01061	0.00967	0.00278	0.05324	0.00656	0.00565	0.01319
29	0.01496	0.01081	0.01413	0.01330	0.01580	0.00998	0.00998	0.01995	0.02993	0.04240	0.55689	0.07898	0.09976	0.02162	0.01247	0.00333	0.00499	0.01912	0.01164	0.00998
30	0.02072	0.01885	0.02851	0.23332	0.04351	0.02179	0.06539	0.03156	0.12810	0.03481	0.15889	0.04278	0.03947	0.01472	0.01355	0.00359	0.06759	0.01262	0.00771	0.01251
31	0.01496	0.01081	0.01413	0.01330	0.01580	0.00998	0.00998	0.01995	0.02993	0.04240	0.55689	0.07898	0.09976	0.02162	0.01247	0.00333	0.00499	0.01912	0.01164	0.00998
32	0.02528	0.11857	0.02926	0.06664	0.03046	0.06111	0.01590	0.06362	0.02431	0.03397	0.01844	0.02171	0.01522	0.00881	0.00821	0.00203	0.00996	0.00670	0.00610	0.43370

[dist]
# distance from previous block
# <min> <max>
0	1

[block]
# block no. 5 follows, 13 sequences, length 93
# corresponding to MSA columns:
# 894-986
name=unknown_F
#
# <colnr> <probs for GDERKNQSTAVLIFYWHMCP>
#	G	D	E	R	K	N	Q	S	T	A	V	L	I	F	Y	W	H	M	C	P
0	0.14450	0.07298	0.11058	0.02801	0.12585	0.02199	0.02165	0.04052	0.02529	0.26588	0.02790	0.02765	0.01920	0.01112	0.00955	0.00318	0.01068	0.00881	0.00865	0.01601
1	0.08552	0.16864	0.17262	0.02274	0.03271	0.07287	0.02293	0.11739	0.02847	0.14624	0.02314	0.02374	0.01664	0.01092	0.00922	0.00301	0.01238	0.00794	0.00746	0.01544
2	0.04155	0.03493	0.02944	0.02420	0.03145	0.23982	0.01920	0.23557	0.03782	0.16399	0.02560	0.02536	0.01816	0.01210	0.01019	0.00302	0.01388	0.00874	0.00918	0.01580
3	0.01435	0.01362	0.05366	0.01584	0.01879	0.01068	0.01313	0.01789	0.02243	0.02899	0.06847	0.31585	0.19951	0.02877	0.01323	0.00416	0.00745	0.13432	0.00941	0.00946
4	0.01277	0.00966	0.01180	0.01351	0.01502	0.00869	0.00928	0.01486	0.02141	0.02747	0.07302	0.46455	0.21738	0.03121	0.01319	0.00408	0.00590	0.02772	0.00982	0.00869
5	0.01664	0.01016	0.01360	0.01517	0.01660	0.00934	0.01044	0.01873	0.02133	0.08607	0.05647	0.55779	0.06517	0.03094	0.01318	0.00418	0.00645	0.02794	0.01017	0.00961
6	0.62875	0.02027	0.01730	0.07803	0.02615	0.02369	0.01340	0.03064	0.01834	0.04521	0.01517	0.01837	0.01174	0.00990	0.00698	0.00330	0.00882	0.00612	0.00634	0.01148
7	0.02121	0.05469	0.57364	0.03014	0.04576	0.02455	0.03906	0.03348	0.02232	0.03348	0.01897	0.02232	0.01339	0.01005	0.01005	0.00335	0.01563	0.00781	0.00446	0.01563
8	0.70310	0.02045	0.01554	0.01390	0.02045	0.02372	0.01145	0.03108	0.01799	0.04744	0.01472	0.01718	0.01145	0.00981	0.00654	0.00327	0.00818	0.00573	0.00654	0.01145
9	0.02296	0.01871	0.03093	0.53942	0.06783	0.02263	0.02786	0.02968	0.02213	0.08609	0.02129	0.02904	0.01541	0.01084	0.01058	0.00350	0.01354	0.00953	0.00561	0.01243
10	0.70310	0.02045	0.01554	0.01390	0.02045	0.02372	0.01145	0.03108	0.01799	0.04744	0.01472	0.01718	0.01145	0.00981	0.00654	0.00327	0.00818	0.00573	0.00654	0.01145
11	0.01538	0.01025	0.01153	0.01153	0.01153	0.01025	0.00641	0.01538	0.01538	0.02050	0.03331	0.06919	0.03844	0.62842	0.05382	0.01025	0.01025	0.01538	0.00641	0.00641
12	0.02406	0.05070	0.51387	0.02890	0.04372	0.02357	0.03650	0.03545	0.02319	0.09186	0.02145	0.02381	0.01478	0.01038	0.01011	0.00334	0.01490	0.00812	0.00540	0.01588
13	0.01250	0.01071	0.01071	0.01071	0.01428	0.00893	0.00803	0.01517	0.02410	0.02856	0.10711	0.10175	0.55817	0.02678	0.01250	0.00357	0.00536	0.02231	0.00982	0.00893
14	0.04744	0.01799	0.02454	0.01881	0.02699	0.01554	0.01554	0.05153	0.03026	0.56979	0.04171	0.03599	0.02617	0.01309	0.01063	0.00327	0.00900	0.01063	0.01309	0.01799
15	0.02496	0.02852	0.06239	0.04456	0.05526	0.02674	0.52406	0.03387	0.02496	0.03387	0.02139	0.02852	0.01604	0.00891	0.01248	0.00357	0.01783	0.01248	0.00535	0.01426
16	0.70310	0.02045	0.01554	0.01390	0.02045	0.02372	0.01145	0.03108	0.01799	0.04744	0.01472	0.01718	0.01145	0.00981	0.00654	0.00327	0.00818	0.00573	0.00654	0.01145
17	0.01997	0.01879	0.03171	0.60301	0.07282	0.02349	0.02936	0.02701	0.02114	0.02701	0.01879	0.02819	0.01409	0.01057	0.01057	0.00352	0.01409	0.00940	0.00470	0.01175
18	0.01288	0.00920	0.01227	0.01472	0.01534	0.00859	0.00981	0.01472	0.02024	0.02699	0.05828	0.62152	0.06993	0.03312	0.01350	0.00429	0.00613	0.03006	0.00981	0.00859
19	0.70310	0.02045	0.01554	0.01390	0.02045	0.02372	0.01145	0.03108	0.01799	0.04744	0.01472	0.01718	0.01145	0.00981	0.00654	0.00327	0.00818	0.00573	0.00654	0.01145
20	0.02192	0.01879	0.02192	0.01566	0.02506	0.01409	0.01253	0.02662	0.02192	0.03445	0.01879	0.02192	0.01566	0.00783	0.00783	0.00157	0.00783	0.00626	0.00626	0.69305
21	0.70310	0.02045	0.01554	0.01390	0.02045	0.02372	0.01145	0.03108	0.01799	0.04744	0.01472	0.01718	0.01145	0.00981	0.00654	0.00327	0.00818	0.00573	0.00654	0.01145
22	0.01997	0.01879	0.03171	0.60301	0.07282	0.02349	0.02936	0.02701	0.02114	0.02701	0.01879	0.02819	0.01409	0.01057	0.01057	0.00352	0.01409	0.00940	0.00470	0.01175
23	0.01288	0.00920	0.01227	0.01472	0.01534	0.00859	0.00981	0.01472	0.02024	0.02699	0.05828	0.62152	0.06993	0.03312	0.01350	0.00429	0.00613	0.03006	0.00981	0.00859
24	0.02313	0.02313	0.03238	0.02776	0.02776	0.03238	0.02313	0.02545	0.01619	0.02545	0.01388	0.02313	0.01388	0.01851	0.03470	0.00463	0.60907	0.00925	0.00463	0.01157
25	0.02313	0.02313	0.03238	0.02776	0.02776	0.03238	0.02313	0.02545	0.01619	0.02545	0.01388	0.02313	0.01388	0.01851	0.03470	0.00463	0.60907	0.00925	0.00463	0.01157
26	0.01971	0.00985	0.00985	0.00985	0.01232	0.00985	0.00739	0.02464	0.02217	0.03942	0.03449	0.03942	0.02710	0.01232	0.00739	0.00246	0.00493	0.00985	0.68712	0.00985
27	0.01704	0.01217	0.01704	0.01947	0.02191	0.01217	0.01704	0.02191	0.02434	0.03164	0.05598	0.11926	0.06085	0.02921	0.01460	0.00487	0.00974	0.49130	0.00974	0.00974
28	0.01997	0.01879	0.03171	0.60301	0.07282	0.02349	0.02936	0.02701	0.02114	0.02701	0.01879	0.02819	0.01409	0.01057	0.01057	0.00352	0.01409	0.00940	0.00470	0.01175
29	0.01571	0.00992	0.01327	0.01506	0.01629	0.00916	0.01028	0.01774	0.02106	0.07147	0.05692	0.57354	0.06634	0.03148	0.01326	0.00421	0.00637	0.02847	0.01008	0.00936
30	0.01331	0.01074	0.01184	0.01157	0.01478	0.00927	0.00868	0.01675	0.02603	0.03314	0.25581	0.09422	0.40662	0.02507	0.01249	0.00349	0.00523	0.02126	0.01042	0.00927
31	0.70310	0.02045	0.01554	0.01390	0.02045	0.02372	0.01145	0.03108	0.01799	0.04744	0.01472	0.01718	0.01145	0.00981	0.00654	0.00327	0.00818	0.00573	0.00654	0.01145
32	0.02584	0.01663	0.01981	0.01996	0.02395	0.05995	0.01697	0.03035	0.02616	0.15438	0.04947	0.09199	0.04904	0.02402	0.01328	0.00433	0.01033	0.34156	0.01015	0.01183
33	0.58105	0.01999	0.01721	0.01482	0.02167	0.02220	0.01221	0.03489	0.02028	0.14467	0.01975	0.02068	0.01419	0.01042	0.00730	0.00327	0.00833	0.00664	0.00776	0.01267
34	0.02121	0.05469	0.57364	0.03014	0.04576	0.02455	0.03906	0.03348	0.02232	0.03348	0.01897	0.02232	0.01339	0.01005	0.01005	0.00335	0.01563	0.00781	0.00446	0.01563
35	0.01997	0.01879	0.03171	0.60301	0.07282	0.02349	0.02936	0.02701	0.02114	0.02701	0.01879	0.02819	0.01409	0.01057	0.01057	0.00352	0.01409	0.00940	0.00470	0.01175
36	0.09750	0.01945	0.02462	0.01903	0.02711	0.01805	0.01572	0.10172	0.03143	0.47451	0.03784	0.03337	0.02414	0.01279	0.01031	0.00326	0.00922	0.01013	0.01231	0.01748
37	0.01279	0.00955	0.01191	0.01380	0.01509	0.00867	0.00941	0.01483	0.02112	0.02735	0.06944	0.50265	0.18159	0.03167	0.01327	0.00413	0.00596	0.02829	0.00982	0.00867
38	0.02256	0.11084	0.39753	0.07039	0.04511	0.02666	0.07338	0.03450	0.06014	0.03289	0.02043	0.02390	0.01504	0.01019	0.00997	0.00328	0.01470	0.00837	0.00501	0.01509
39	0.01367	0.00943	0.01227	0.01417	0.01514	0.00884	0.00963	0.01610	0.02146	0.02969	0.11060	0.51478	0.06967	0.03017	0.01288	0.00404	0.00591	0.02721	0.06550	0.00884
40	0.02842	0.01513	0.02005	0.01908	0.02378	0.01461	0.01590	0.03550	0.08259	0.22226	0.04973	0.12153	0.04625	0.02222	0.01270	0.00412	0.00904	0.23275	0.01103	0.01332
41	0.08907	0.01875	0.02342	0.06633	0.02879	0.01918	0.01615	0.13368	0.03086	0.24417	0.11052	0.03879	0.03347	0.02103	0.07324	0.00477	0.01137	0.01126	0.01034	0.01480
42	0.02827	0.06304	0.08143	0.19600	0.04749	0.02242	0.13725	0.03503	0.02514	0.16712	0.06816	0.03310	0.02438	0.01157	0.01089	0.00336	0.01287	0.01082	0.00749	0.01419
43	0.01997	0.01879	0.03171	0.60301	0.07282	0.02349	0.02936	0.02701	0.02114	0.02701	0.01879	0.02819	0.01409	0.01057	0.01057	0.00352	0.01409	0.00940	0.00470	0.01175
44	0.08939	0.01914	0.02385	0.01869	0.02618	0.01811	0.01533	0.11827	0.03228	0.39950	0.09341	0.03773	0.03190	0.01372	0.01053	0.00326	0.00890	0.01104	0.01209	0.01665
45	0.08358	0.02563	0.10411	0.03057	0.15275	0.06387	0.02158	0.03333	0.02427	0.15234	0.03301	0.16748	0.03028	0.01609	0.01076	0.00345	0.01085	0.01384	0.00808	0.01414
46	0.08881	0.08183	0.14968	0.02544	0.03547	0.02928	0.06344	0.26748	0.03561	0.08851	0.02315	0.02440	0.01655	0.01132	0.00999	0.00318	0.01248	0.00885	0.00822	0.01629
47	0.01997	0.01879	0.03171	0.60301	0.07282	0.02349	0.02936	0.02701	0.02114	0.02701	0.01879	0.02819	0.01409	0.01057	0.01057	0.00352	0.01409	0.00940	0.00470	0.01175
