[name]
unknown

[dist]
# distance from previous block
# <min> <max>
0	57

[block]
# block no. 0 follows, 15 sequences, length 28
# corresponding to MSA columns:
# 68-95
name=unknown_A
#
# <colnr> <probs for GDERKNQSTAVLIFYWHMCP>
#	G	D	E	R	K	N	Q	S	T	A	V	L	I	F	Y	W	H	M	C	P
0	0.02584	0.06978	0.13968	0.02230	0.03005	0.07090	0.02053	0.08172	0.34728	0.03870	0.03127	0.03023	0.02348	0.01204	0.00967	0.00317	0.01042	0.00959	0.00820	0.01514
1	0.01283	0.00916	0.01235	0.01466	0.01553	0.00868	0.01043	0.01506	0.01976	0.02621	0.05457	0.55111	0.06445	0.03059	0.01291	0.00414	0.00637	0.11367	0.00924	0.00828
2	0.03056	0.10192	0.02905	0.02136	0.02801	0.09605	0.01733	0.20580	0.27779	0.04415	0.02927	0.02829	0.02208	0.01207	0.00951	0.00302	0.01035	0.00928	0.00881	0.01530
3	0.01771	0.01334	0.02129	0.24752	0.06945	0.01525	0.01748	0.01953	0.01672	0.02226	0.01990	0.03243	0.01818	0.07652	0.10351	0.25337	0.01309	0.00947	0.00467	0.00832
4	0.02214	0.02679	0.14857	0.06772	0.19668	0.02204	0.02529	0.03563	0.18254	0.03424	0.02985	0.04044	0.02532	0.01314	0.01044	0.00338	0.01099	0.08356	0.00690	0.01434
5	0.02580	0.02960	0.05053	0.03736	0.04624	0.11685	0.41621	0.03520	0.07687	0.03169	0.02139	0.02649	0.01624	0.00919	0.01117	0.00324	0.01613	0.01088	0.00555	0.01337
6	0.01883	0.01772	0.02990	0.62569	0.06866	0.02215	0.02769	0.02547	0.01993	0.02547	0.01772	0.02658	0.01329	0.00997	0.00997	0.00332	0.01329	0.00886	0.00443	0.01107
7	0.02044	0.01126	0.01467	0.01471	0.01745	0.01030	0.01100	0.02301	0.02182	0.15709	0.05407	0.30505	0.11209	0.08522	0.01581	0.00437	0.00720	0.09467	0.00965	0.01014
8	0.01308	0.01038	0.01308	0.01304	0.01559	0.01038	0.00999	0.01622	0.01988	0.02591	0.09418	0.06790	0.29134	0.04831	0.29397	0.00932	0.01524	0.01598	0.00751	0.00870
9	0.65248	0.01832	0.01414	0.01274	0.01854	0.02110	0.01043	0.02872	0.01735	0.04400	0.01568	0.01822	0.01222	0.00948	0.00625	0.00301	0.00742	0.00577	0.07350	0.01065
10	0.01450	0.00966	0.01087	0.01087	0.01087	0.00966	0.00604	0.01450	0.01450	0.01933	0.03141	0.06524	0.03624	0.64965	0.05074	0.00966	0.00966	0.01450	0.00604	0.00604
11	0.27375	0.01568	0.01697	0.01473	0.02020	0.01576	0.01171	0.03364	0.02219	0.25533	0.03254	0.13380	0.02705	0.01448	0.00888	0.00319	0.00742	0.01152	0.06858	0.01261
12	0.01490	0.01040	0.01101	0.01096	0.01346	0.00983	0.00787	0.01919	0.05292	0.03007	0.09570	0.10326	0.26299	0.11333	0.01623	0.00405	0.00581	0.01665	0.19260	0.00877
13	0.01864	0.01037	0.01060	0.01041	0.01275	0.01065	0.00761	0.02475	0.06684	0.03549	0.03308	0.04041	0.02720	0.08552	0.01230	0.00326	0.00550	0.01006	0.56509	0.00947
14	0.02191	0.01151	0.01501	0.01396	0.01681	0.01052	0.01010	0.02466	0.02312	0.18133	0.18532	0.21256	0.05628	0.14762	0.01939	0.00468	0.00701	0.01790	0.00989	0.01042
15	0.48277	0.01794	0.01611	0.01416	0.01971	0.01980	0.01126	0.06100	0.02018	0.11238	0.02213	0.06746	0.01900	0.06586	0.01115	0.00371	0.00804	0.00860	0.00739	0.01136
16	0.01578	0.01000	0.01203	0.01243	0.01392	0.00946	0.00850	0.01772	0.01937	0.05977	0.07737	0.22445	0.11218	0.24267	0.02524	0.00571	0.00727	0.05033	0.06761	0.00819
17	0.64202	0.01901	0.01563	0.01364	0.01999	0.02147	0.01124	0.03153	0.01830	0.10825	0.01682	0.01824	0.01240	0.00961	0.00661	0.00308	0.00780	0.00593	0.00688	0.01151
18	0.01322	0.00932	0.01177	0.01302	0.01425	0.00873	0.00904	0.01566	0.02076	0.02827	0.14243	0.38614	0.10906	0.08723	0.01588	0.00431	0.00602	0.04839	0.04824	0.00826
19	0.01522	0.00979	0.01279	0.01396	0.01550	0.00907	0.00987	0.01752	0.02082	0.07057	0.09993	0.44105	0.09532	0.06543	0.01474	0.00423	0.00633	0.05957	0.00944	0.00886
20	0.01483	0.00906	0.01064	0.01174	0.01284	0.00879	0.00790	0.01731	0.01896	0.02859	0.04299	0.32977	0.04654	0.12873	0.01710	0.00438	0.00603	0.01922	0.25641	0.00817
21	0.11284	0.02499	0.02596	0.02101	0.02809	0.02811	0.01706	0.34448	0.19884	0.05445	0.02772	0.02698	0.02025	0.01212	0.00958	0.00312	0.00968	0.00924	0.00958	0.01589
22	0.01837	0.01095	0.01319	0.01288	0.01502	0.01021	0.00909	0.02015	0.01965	0.10767	0.05139	0.12698	0.15075	0.29839	0.02895	0.00630	0.00813	0.07494	0.00829	0.00869
23	0.01296	0.00976	0.01219	0.01381	0.01562	0.00898	0.01035	0.01560	0.02107	0.02692	0.06813	0.35593	0.21784	0.02859	0.01269	0.00397	0.00636	0.14157	0.00924	0.00845
24	0.04048	0.02378	0.02735	0.02097	0.02885	0.02476	0.01732	0.36295	0.03993	0.26390	0.02976	0.02772	0.01988	0.01211	0.00999	0.00303	0.01003	0.00937	0.01087	0.01696
25	0.02573	0.01965	0.02154	0.01755	0.02365	0.01984	0.01394	0.27078	0.03320	0.04462	0.04297	0.13054	0.13780	0.01671	0.01029	0.00296	0.00837	0.01376	0.00900	0.13711
26	0.01592	0.01219	0.01523	0.01437	0.01790	0.01060	0.01084	0.01919	0.02104	0.02974	0.11873	0.21569	0.04997	0.09337	0.01557	0.00389	0.00713	0.10334	0.00813	0.21718
27	0.01467	0.01013	0.01278	0.01394	0.01483	0.01004	0.01002	0.01653	0.01816	0.02394	0.04256	0.17363	0.04829	0.33570	0.03188	0.00701	0.00888	0.19190	0.00764	0.00746

[dist]
# distance from previous block
# <min> <max>
0	2

[block]
# block no. 1 follows, 15 sequences, length 19
# corresponding to MSA columns:
# 98-116
name=unknown_B
#
# <colnr> <probs for GDERKNQSTAVLIFYWHMCP>
#	G	D	E	R	K	N	Q	S	T	A	V	L	I	F	Y	W	H	M	C	P
0	0.02031	0.01471	0.01692	0.01548	0.01852	0.01571	0.01140	0.08088	0.17830	0.03243	0.08911	0.04728	0.09554	0.09326	0.02338	0.20836	0.00800	0.01240	0.00796	0.01004
1	0.01515	0.01113	0.01394	0.01497	0.01662	0.01122	0.01103	0.02058	0.08276	0.02887	0.10834	0.28184	0.05775	0.13818	0.01939	0.00500	0.00739	0.13789	0.00896	0.00900
2	0.02552	0.02656	0.03951	0.19205	0.08092	0.11303	0.20873	0.08953	0.02614	0.03305	0.05121	0.02770	0.01904	0.01022	0.01055	0.00315	0.01440	0.01005	0.00578	0.01283
3	0.01725	0.01461	0.01671	0.01334	0.01978	0.01136	0.01034	0.02086	0.02110	0.03017	0.04535	0.10612	0.18261	0.01494	0.00919	0.00228	0.00655	0.01254	0.00721	0.43768
4	0.02541	0.01924	0.02254	0.08389	0.02935	0.02151	0.01654	0.07436	0.33689	0.09705	0.08886	0.04340	0.03497	0.01450	0.01049	0.00338	0.00850	0.04491	0.00976	0.01443
5	0.09628	0.02283	0.03594	0.11750	0.43466	0.02384	0.02748	0.06366	0.02336	0.03497	0.01847	0.02397	0.01507	0.00924	0.00951	0.00302	0.01153	0.00853	0.00533	0.01482
6	0.01450	0.00966	0.01087	0.01087	0.01087	0.00966	0.00604	0.01450	0.01450	0.01933	0.03141	0.06524	0.03624	0.64965	0.05074	0.00966	0.00966	0.01450	0.00604	0.00604
7	0.04473	0.01697	0.02313	0.01774	0.02545	0.01465	0.01465	0.04858	0.02853	0.59437	0.03933	0.03393	0.02468	0.01234	0.01003	0.00308	0.00848	0.01003	0.01234	0.01697
8	0.01596	0.01131	0.01353	0.01331	0.01646	0.01045	0.01036	0.02089	0.05540	0.06849	0.22094	0.12090	0.26613	0.02309	0.01192	0.00350	0.00598	0.09164	0.00999	0.00976
9	0.01380	0.01052	0.01288	0.01404	0.01587	0.01018	0.01005	0.01882	0.07729	0.02898	0.11067	0.40616	0.15014	0.02719	0.01227	0.00381	0.00597	0.05272	0.00950	0.00912
10	0.01424	0.01068	0.01602	0.01602	0.01780	0.01246	0.01246	0.01780	0.01602	0.02314	0.02670	0.03916	0.02492	0.07477	0.61015	0.01602	0.02670	0.01068	0.00534	0.00890
11	0.03375	0.02586	0.02758	0.02210	0.02933	0.02898	0.01794	0.39544	0.21242	0.05614	0.02921	0.02813	0.02122	0.01246	0.01003	0.00312	0.00999	0.00970	0.01003	0.01658
12	0.01339	0.00965	0.01260	0.01392	0.01533	0.00910	0.01015	0.01622	0.02172	0.02913	0.17283	0.35170	0.10284	0.06769	0.01508	0.00426	0.00634	0.11018	0.00941	0.00846
13	0.64308	0.02025	0.01637	0.01422	0.02059	0.02333	0.01172	0.08855	0.02034	0.04677	0.01502	0.01707	0.01149	0.00956	0.00660	0.00307	0.00808	0.00580	0.00660	0.01149
14	0.03749	0.03990	0.02890	0.02462	0.03086	0.38473	0.01914	0.23972	0.03549	0.03933	0.01872	0.02029	0.01444	0.01093	0.00937	0.00273	0.01525	0.00741	0.00702	0.01365
15	0.01398	0.01067	0.01293	0.01269	0.01522	0.00998	0.00938	0.01926	0.06058	0.03495	0.35909	0.16268	0.19612	0.02267	0.01180	0.00334	0.00515	0.01983	0.01027	0.00940
16	0.01263	0.00916	0.01193	0.01329	0.01451	0.00846	0.00919	0.01519	0.02170	0.02933	0.19540	0.46019	0.10600	0.02802	0.01241	0.00377	0.00546	0.02519	0.00970	0.00846
17	0.03608	0.02503	0.02771	0.02193	0.02924	0.02719	0.01822	0.44635	0.04244	0.10920	0.02864	0.03487	0.02224	0.01376	0.01041	0.00318	0.01053	0.06679	0.01011	0.01608
18	0.01245	0.00952	0.01143	0.01222	0.01420	0.00850	0.00868	0.01513	0.02242	0.02920	0.18828	0.32010	0.25859	0.02667	0.01217	0.00360	0.00528	0.02343	0.00964	0.00850

[dist]
# distance from previous block
# <min> <max>
0	2

[block]
# block no. 2 follows, 15 sequences, length 43
# corresponding to MSA columns:
# 119-161
name=unknown_C
#
# <colnr> <probs for GDERKNQSTAVLIFYWHMCP>
#	G	D	E	R	K	N	Q	S	T	A	V	L	I	F	Y	W	H	M	C	P
0	0.02596	0.02199	0.02319	0.02052	0.02636	0.02534	0.01606	0.09737	0.52317	0.04357	0.03910	0.03602	0.02924	0.01339	0.01013	0.00335	0.00816	0.01107	0.01013	0.01588
1	0.24219	0.01306	0.01407	0.01493	0.01796	0.01383	0.01186	0.02128	0.02019	0.03399	0.07567	0.23941	0.04733	0.02228	0.01087	0.00384	0.00738	0.17212	0.00835	0.00939
2	0.01450	0.00966	0.01087	0.01087	0.01087	0.00966	0.00604	0.01450	0.01450	0.01933	0.03141	0.06524	0.03624	0.64965	0.05074	0.00966	0.00966	0.01450	0.00604	0.00604
3	0.01215	0.00868	0.01157	0.01388	0.01446	0.00810	0.00925	0.01388	0.01909	0.02545	0.05495	0.64315	0.06593	0.03123	0.01272	0.00405	0.00578	0.02834	0.00925	0.00810
4	0.02073	0.01444	0.01818	0.01842	0.02206	0.01505	0.01543	0.03134	0.16466	0.08356	0.08301	0.08362	0.04993	0.02211	0.01237	0.00405	0.00849	0.31114	0.00983	0.01159
5	0.72007	0.01928	0.01465	0.01311	0.01928	0.02236	0.01080	0.02930	0.01697	0.04473	0.01388	0.01619	0.01080	0.00925	0.00617	0.00308	0.00771	0.00540	0.00617	0.01080
6	0.01868	0.01512	0.01751	0.01351	0.01951	0.01212	0.00995	0.02168	0.01868	0.02823	0.02214	0.03507	0.02170	0.21487	0.02139	0.00412	0.00812	0.00868	0.00595	0.48298
7	0.06977	0.01370	0.01640	0.01442	0.01861	0.01332	0.01141	0.07360	0.02655	0.16077	0.19810	0.05307	0.08040	0.01747	0.01188	0.04445	0.00682	0.04580	0.11204	0.01143
8	0.02471	0.02488	0.03465	0.20128	0.33462	0.09591	0.02716	0.03230	0.06934	0.03048	0.01993	0.02541	0.01602	0.00974	0.00981	0.00304	0.01264	0.00878	0.00527	0.01403
9	0.02353	0.02689	0.05882	0.04202	0.05210	0.02521	0.55126	0.03193	0.02353	0.03193	0.02017	0.02689	0.01513	0.00840	0.01176	0.00336	0.01681	0.01176	0.00504	0.01345
10	0.01651	0.01023	0.01269	0.01325	0.01527	0.00956	0.00979	0.01858	0.02029	0.06853	0.05475	0.21501	0.15743	0.09842	0.01869	0.06693	0.00699	0.10207	0.07645	0.00855
11	0.02700	0.02234	0.04043	0.04440	0.29443	0.02141	0.17177	0.03316	0.02439	0.13070	0.06753	0.03086	0.02337	0.01026	0.01058	0.00311	0.01208	0.01061	0.00673	0.01483
12	0.02687	0.03046	0.03006	0.33382	0.09434	0.26409	0.02445	0.03178	0.02358	0.02559	0.01685	0.02289	0.01330	0.01001	0.00956	0.00298	0.01510	0.00786	0.00476	0.01165
13	0.01606	0.01147	0.01606	0.01836	0.02065	0.01147	0.01606	0.02065	0.02295	0.02983	0.05278	0.11245	0.05737	0.02754	0.01377	0.00459	0.00918	0.52037	0.00918	0.00918
14	0.01469	0.00971	0.01186	0.01245	0.01283	0.00965	0.00803	0.01515	0.01607	0.02131	0.03585	0.13551	0.04093	0.43743	0.04018	0.07034	0.00906	0.08571	0.00670	0.00656
15	0.02327	0.21783	0.20544	0.03108	0.14223	0.02964	0.02656	0.02925	0.01991	0.02776	0.01585	0.02044	0.01340	0.01078	0.01360	0.00307	0.14458	0.00736	0.00440	0.01355
16	0.20090	0.02912	0.14996	0.02584	0.07550	0.02494	0.05658	0.15537	0.02653	0.08361	0.01975	0.02222	0.01455	0.01075	0.01087	0.00319	0.06144	0.00798	0.00679	0.01414
17	0.13559	0.02161	0.02898	0.08616	0.23371	0.02415	0.02181	0.03675	0.19769	0.03630	0.02456	0.02733	0.01933	0.01110	0.01087	0.00324	0.05076	0.00908	0.00673	0.01426
18	0.01883	0.01772	0.02990	0.62569	0.06866	0.02215	0.02769	0.02547	0.01993	0.02547	0.01772	0.02658	0.01329	0.00997	0.00997	0.00332	0.01329	0.00886	0.00443	0.01107
19	0.01441	0.01003	0.01302	0.06630	0.01783	0.00992	0.00960	0.01495	0.01746	0.02243	0.04750	0.18727	0.15725	0.17857	0.02749	0.16695	0.00788	0.01714	0.00692	0.00707
20	0.01455	0.00978	0.01250	0.01319	0.01508	0.00888	0.00936	0.01732	0.02260	0.06346	0.19983	0.37432	0.14908	0.02634	0.01217	0.00365	0.00555	0.02343	0.00989	0.00902
21	0.04371	0.01859	0.02414	0.01851	0.02626	0.01706	0.01529	0.12354	0.03125	0.51558	0.03705	0.03245	0.02353	0.01228	0.01002	0.00307	0.00885	0.00987	0.01199	0.01696
22	0.02586	0.02194	0.02314	0.02050	0.02633	0.02529	0.01604	0.09353	0.52717	0.04341	0.03923	0.03612	0.02934	0.01340	0.01013	0.00335	0.00814	0.01109	0.01013	0.01587
23	0.01660	0.01008	0.01169	0.01183	0.01442	0.00916	0.00865	0.01973	0.02215	0.07858	0.10344	0.23124	0.20703	0.02203	0.01068	0.00326	0.00542	0.01898	0.18568	0.00935
24	0.01558	0.01054	0.01354	0.01308	0.01572	0.00963	0.00996	0.01968	0.02633	0.06886	0.40230	0.12804	0.14769	0.02203	0.01189	0.00335	0.00540	0.05624	0.01055	0.00959
25	0.01424	0.01068	0.01602	0.01602	0.01780	0.01246	0.01246	0.01780	0.01602	0.02314	0.02670	0.03916	0.02492	0.07477	0.61015	0.01602	0.02670	0.01068	0.00534	0.00890
26	0.01220	0.00907	0.01118	0.01282	0.01402	0.00826	0.00867	0.01402	0.01967	0.02544	0.06437	0.48074	0.18563	0.06620	0.01474	0.00422	0.00584	0.02581	0.00907	0.00805
27	0.25153	0.01588	0.01717	0.01492	0.02018	0.01629	0.01186	0.03314	0.07031	0.19581	0.16737	0.07687	0.04055	0.01463	0.00939	0.00318	0.00707	0.01178	0.00962	0.01243
28	0.04020	0.02053	0.02467	0.01907	0.02648	0.02040	0.01570	0.23770	0.03489	0.35211	0.03301	0.03040	0.02182	0.01214	0.00978	0.00299	0.00914	0.00957	0.06299	0.01639
29	0.01278	0.00988	0.01182	0.01309	0.01527	0.00893	0.00988	0.01545	0.02150	0.02701	0.07519	0.28946	0.29664	0.02779	0.01251	0.00385	0.00614	0.12509	0.00924	0.00846
30	0.11695	0.01240	0.01377	0.01250	0.01609	0.01181	0.00936	0.02298	0.02293	0.11973	0.19867	0.06416	0.19141	0.12464	0.01727	0.00428	0.00664	0.01522	0.00923	0.00995
31	0.19264	0.01387	0.01615	0.01593	0.01989	0.01401	0.01294	0.02696	0.02176	0.14846	0.04103	0.19372	0.04125	0.02080	0.01091	0.00379	0.00791	0.17794	0.00911	0.01093
32	0.02480	0.02141	0.02254	0.02029	0.02592	0.02480	0.01578	0.05297	0.56946	0.04170	0.04057	0.03719	0.03043	0.01352	0.01014	0.00338	0.00789	0.01127	0.01014	0.01578
33	0.01245	0.00902	0.01184	0.01398	0.01491	0.00841	0.00971	0.01449	0.01969	0.02593	0.05819	0.55712	0.10371	0.03047	0.01274	0.00404	0.00602	0.06980	0.00925	0.00821
34	0.02573	0.01274	0.01668	0.01424	0.01853	0.01137	0.01103	0.02959	0.02689	0.25007	0.29888	0.05959	0.09475	0.06765	0.01419	0.00365	0.00657	0.01488	0.01099	0.01197
35	0.02892	0.01898	0.02163	0.01755	0.02319	0.01969	0.01413	0.26322	0.03589	0.12164	0.20001	0.04549	0.07453	0.01531	0.01045	0.00303	0.00803	0.01257	0.05203	0.01372
36	0.04473	0.01697	0.02313	0.01774	0.02545	0.01465	0.01465	0.04858	0.02853	0.59437	0.03933	0.03393	0.02468	0.01234	0.01003	0.00308	0.00848	0.01003	0.01234	0.01697
37	0.01461	0.00955	0.01108	0.01133	0.01260	0.00917	0.00754	0.01692	0.01980	0.02841	0.14465	0.16437	0.09365	0.24785	0.02504	0.00551	0.00670	0.01706	0.14631	0.00786
38	0.02226	0.02129	0.09419	0.02476	0.10614	0.01858	0.01863	0.03470	0.18464	0.08538	0.15334	0.04161	0.03906	0.02135	0.08464	0.00478	0.01099	0.01176	0.00843	0.01348
39	0.01650	0.01260	0.01468	0.01483	0.01702	0.01316	0.01048	0.02527	0.17295	0.02986	0.09075	0.26883	0.08456	0.11421	0.01905	0.05063	0.00698	0.01898	0.00886	0.00983
40	0.17783	0.02240	0.03329	0.03505	0.18518	0.02614	0.08730	0.02800	0.01875	0.03198	0.01573	0.02199	0.01359	0.01211	0.01783	0.00356	0.24328	0.00841	0.00501	0.01256
41	0.09286	0.03426	0.02808	0.02313	0.02994	0.23811	0.01840	0.32696	0.03776	0.04756	0.02006	0.02117	0.01498	0.01114	0.00931	0.00285	0.01322	0.00777	0.00793	0.01452
42	0.02399	0.01239	0.01567	0.01372	0.01702	0.01126	0.00981	0.02628	0.02162	0.20223	0.11663	0.10107	0.04238	0.27134	0.02674	0.00573	0.00812	0.01426	0.00898	0.05077

[dist]
# distance from previous block
# <min> <max>
0	3

[block]
# block no. 3 follows, 15 sequences, length 36
# corresponding to MSA columns:
# 165-200
name=unknown_D
#
# <colnr> <probs for GDERKNQSTAVLIFYWHMCP>
#	G	D	E	R	K	N	Q	S	T	A	V	L	I	F	Y	W	H	M	C	P
0	0.20547	0.01378	0.01384	0.01272	0.01734	0.01315	0.00975	0.02145	0.02038	0.05703	0.05268	0.16827	0.21331	0.01876	0.00969	0.00312	0.00643	0.01542	0.00803	0.11939
1	0.01243	0.00888	0.01190	0.01421	0.01491	0.00835	0.00975	0.01438	0.01937	0.02577	0.05479	0.60411	0.06530	0.03096	0.01280	0.00409	0.00603	0.06453	0.00925	0.00818
2	0.02180	0.01559	0.01668	0.01513	0.01919	0.01701	0.01170	0.07612	0.23578	0.04140	0.12211	0.04204	0.03762	0.01377	0.00919	0.00291	0.00641	0.01142	0.27171	0.01242
3	0.01249	0.00975	0.01142	0.01241	0.01464	0.00868	0.00914	0.01509	0.02182	0.02751	0.10944	0.28593	0.32005	0.02726	0.01231	0.00371	0.00571	0.07484	0.00935	0.00844
4	0.01291	0.00982	0.01167	0.01183	0.01405	0.00880	0.00851	0.01595	0.02358	0.03113	0.27060	0.19564	0.26006	0.06270	0.01434	0.00380	0.00535	0.02096	0.00971	0.00858
5	0.01469	0.00980	0.01180	0.01257	0.01324	0.00971	0.00840	0.01611	0.01719	0.02343	0.03903	0.16332	0.04396	0.39555	0.03503	0.00735	0.00861	0.10655	0.05649	0.00716
6	0.01227	0.00916	0.01109	0.01255	0.01384	0.00833	0.00848	0.01406	0.01966	0.02528	0.06548	0.43679	0.20659	0.08806	0.01606	0.00439	0.00595	0.02501	0.00895	0.00799
7	0.06916	0.01232	0.01428	0.01294	0.01655	0.01168	0.00997	0.04952	0.02703	0.08224	0.34614	0.06967	0.20161	0.01970	0.01112	0.00318	0.00565	0.01674	0.01024	0.01026
8	0.01213	0.00987	0.01075	0.01104	0.01381	0.00849	0.00809	0.01480	0.02279	0.02831	0.15329	0.18572	0.43487	0.02565	0.01194	0.00345	0.00513	0.02190	0.00947	0.00849
9	0.02353	0.02689	0.05882	0.04202	0.05210	0.02521	0.55126	0.03193	0.02353	0.03193	0.02017	0.02689	0.01513	0.00840	0.01176	0.00336	0.01681	0.01176	0.00504	0.01345
10	0.01805	0.01240	0.01473	0.01430	0.01604	0.01281	0.01006	0.07819	0.05719	0.02755	0.03717	0.13283	0.06327	0.25553	0.03097	0.13197	0.00874	0.06256	0.00733	0.00830
11	0.01908	0.01142	0.01386	0.01418	0.01665	0.01127	0.01079	0.06313	0.02313	0.07289	0.04418	0.28155	0.04543	0.02179	0.01072	0.00345	0.00658	0.09771	0.22224	0.00996
12	0.04473	0.01697	0.02313	0.01774	0.02545	0.01465	0.01465	0.04858	0.02853	0.59437	0.03933	0.03393	0.02468	0.01234	0.01003	0.00308	0.00848	0.01003	0.01234	0.01697
13	0.01332	0.00946	0.01265	0.01478	0.01574	0.00908	0.01072	0.01564	0.01970	0.02607	0.05253	0.46296	0.06141	0.07935	0.01600	0.00463	0.00695	0.15180	0.00898	0.00821
14	0.01396	0.01074	0.01212	0.01204	0.01494	0.00990	0.00911	0.01886	0.05726	0.03224	0.22063	0.12011	0.31094	0.02274	0.01151	0.00334	0.00537	0.04605	0.05894	0.00922
15	0.01732	0.00866	0.01299	0.01299	0.01299	0.00866	0.00866	0.01299	0.01299	0.01732	0.01732	0.03030	0.01732	0.03463	0.03896	0.70996	0.00866	0.00866	0.00433	0.00433
16	0.01526	0.01180	0.01676	0.01582	0.01872	0.01259	0.01236	0.01896	0.01676	0.02462	0.02528	0.03623	0.02331	0.06408	0.51456	0.01371	0.02364	0.00992	0.00543	0.12017
17	0.13321	0.01310	0.01292	0.01169	0.01548	0.01373	0.00917	0.07592	0.02319	0.07404	0.02916	0.03240	0.02235	0.01132	0.00731	0.00255	0.00596	0.00869	0.48713	0.01071
18	0.01642	0.01114	0.01420	0.01418	0.01707	0.00975	0.01033	0.01921	0.02131	0.07324	0.09528	0.38241	0.09304	0.02443	0.01157	0.00347	0.00628	0.04719	0.00911	0.12039
19	0.03572	0.02456	0.02701	0.02145	0.02881	0.02681	0.01748	0.34923	0.17409	0.14186	0.03052	0.02882	0.02153	0.01241	0.01002	0.00310	0.00981	0.00971	0.01039	0.01666
20	0.01499	0.01010	0.01484	0.01471	0.01614	0.01103	0.01103	0.01676	0.01720	0.02436	0.11245	0.04256	0.03399	0.05615	0.37303	0.18677	0.01872	0.01134	0.00598	0.00784
21	0.01723	0.01120	0.01247	0.01154	0.01550	0.00950	0.00887	0.02017	0.02416	0.11814	0.13657	0.08408	0.44869	0.02274	0.01150	0.00330	0.00556	0.01901	0.00991	0.00986
22	0.02340	0.01934	0.02214	0.01606	0.02478	0.01608	0.01294	0.10901	0.02483	0.03730	0.01870	0.02119	0.01511	0.00811	0.00779	0.00172	0.00795	0.00639	0.00655	0.60060
23	0.34565	0.11687	0.02064	0.01434	0.01907	0.02110	0.01181	0.02477	0.01699	0.03291	0.01913	0.02723	0.01748	0.08805	0.17962	0.00718	0.01368	0.00773	0.00562	0.01013
24	0.54911	0.01869	0.01680	0.01428	0.02084	0.02041	0.01177	0.03418	0.01989	0.18387	0.02032	0.02068	0.01431	0.01003	0.00715	0.00308	0.00791	0.00657	0.00773	0.01236
25	0.01979	0.02012	0.03826	0.26169	0.05077	0.02168	0.22750	0.02604	0.02088	0.02787	0.02426	0.12415	0.02234	0.01324	0.01264	0.00352	0.05525	0.01307	0.00543	0.01151
26	0.03853	0.02272	0.08097	0.02139	0.02983	0.01908	0.05687	0.11234	0.06808	0.39105	0.03396	0.03111	0.02223	0.01181	0.01010	0.00312	0.00997	0.00985	0.01057	0.01641
27	0.02840	0.11599	0.02419	0.01715	0.02241	0.01760	0.01455	0.03355	0.05675	0.23321	0.06673	0.05858	0.03710	0.06717	0.01386	0.00391	0.00889	0.15780	0.00944	0.01272
28	0.01865	0.01190	0.01646	0.11075	0.02473	0.01166	0.01284	0.02222	0.02308	0.11724	0.16400	0.26230	0.12127	0.02188	0.01155	0.00351	0.00707	0.01931	0.00933	0.01027
29	0.07404	0.02025	0.03177	0.04515	0.38494	0.02068	0.02431	0.02894	0.05476	0.03223	0.02392	0.03652	0.02175	0.01400	0.01286	0.07006	0.01066	0.07384	0.00583	0.01350
30	0.12061	0.02249	0.02784	0.14896	0.08895	0.02462	0.02010	0.24447	0.03216	0.13850	0.02345	0.02523	0.01659	0.01098	0.00949	0.00308	0.01070	0.00866	0.00826	0.01485
31	0.01637	0.01153	0.01547	0.11096	0.02441	0.01204	0.01386	0.02063	0.02116	0.02966	0.04547	0.10772	0.09013	0.06300	0.01379	0.00404	0.00819	0.20721	0.17520	0.00916
32	0.01758	0.01174	0.01543	0.10972	0.02339	0.01158	0.01174	0.02034	0.02079	0.09298	0.08204	0.18635	0.17689	0.15177	0.01956	0.00476	0.00786	0.01783	0.00828	0.00935
33	0.20622	0.01839	0.02268	0.02573	0.15535	0.01910	0.01574	0.07862	0.02239	0.12436	0.02440	0.03398	0.02111	0.16937	0.01912	0.00468	0.00962	0.00957	0.00718	0.01237
34	0.07432	0.01990	0.02999	0.21216	0.12882	0.02139	0.07117	0.09931	0.02474	0.09288	0.02634	0.03264	0.04670	0.06165	0.01319	0.00369	0.01147	0.01011	0.00664	0.01290
35	0.06146	0.02101	0.05503	0.01770	0.02317	0.02126	0.01513	0.24593	0.03172	0.04725	0.06465	0.03123	0.02445	0.01253	0.01041	0.00289	0.05042	0.00943	0.24133	0.01301

[dist]
# distance from previous block
# <min> <max>
0	90

# created by:
# /st0/software/busco_prod/Augustus/scripts/msa2prfl.pl ./align_prep/12513.fa
