[name]
unknown

[dist]
# distance from previous block
# <min> <max>
21	234

[block]
# block no. 0 follows, 10 sequences, length 14
# corresponding to MSA columns:
# 247-260
name=unknown_A
#
# <colnr> <probs for GDERKNQSTAVLIFYWHMCP>
#	G	D	E	R	K	N	Q	S	T	A	V	L	I	F	Y	W	H	M	C	P
0	0.02810	0.01367	0.01844	0.01784	0.02157	0.01225	0.01310	0.03104	0.02631	0.21191	0.05742	0.38422	0.05928	0.02836	0.01369	0.00431	0.00790	0.02523	0.01212	0.01324
1	0.09596	0.01595	0.01871	0.01640	0.02192	0.01416	0.01245	0.02677	0.02590	0.07741	0.14846	0.18863	0.05510	0.02027	0.01154	0.00333	0.00753	0.01748	0.00993	0.21209
2	0.31391	0.02088	0.01960	0.01673	0.02334	0.02263	0.01356	0.11494	0.02899	0.09593	0.03611	0.03702	0.07384	0.01425	0.00931	0.00346	0.00881	0.01037	0.12236	0.01396
3	0.14212	0.01577	0.01891	0.01720	0.02212	0.01514	0.01319	0.03361	0.02747	0.19861	0.13588	0.21265	0.05632	0.02236	0.01227	0.00396	0.00792	0.01913	0.01172	0.01366
4	0.28364	0.01840	0.01825	0.01625	0.02206	0.01944	0.01289	0.03458	0.07384	0.10710	0.16623	0.05229	0.09817	0.01726	0.01068	0.00369	0.00785	0.01359	0.01045	0.01334
5	0.15066	0.02048	0.02348	0.01943	0.02615	0.02057	0.01535	0.12111	0.03170	0.24385	0.03862	0.10465	0.03171	0.08016	0.01654	0.00457	0.01004	0.01373	0.01138	0.01585
6	0.01933	0.01140	0.01286	0.01310	0.01498	0.01130	0.00940	0.02309	0.02326	0.03625	0.08829	0.06870	0.04630	0.19389	0.02533	0.00576	0.00788	0.06717	0.31203	0.00968
7	0.01902	0.01205	0.01533	0.01540	0.01824	0.01084	0.01120	0.02258	0.02762	0.09031	0.21363	0.28137	0.16074	0.02874	0.01394	0.00412	0.00654	0.02536	0.01183	0.01114
8	0.01910	0.01151	0.01539	0.01657	0.01850	0.01056	0.01159	0.02182	0.02484	0.09264	0.11304	0.46019	0.07476	0.03229	0.01433	0.00446	0.00699	0.02907	0.01147	0.01089
9	0.47645	0.02002	0.01718	0.01515	0.02175	0.02217	0.01234	0.03568	0.02232	0.10960	0.02388	0.02596	0.01777	0.01175	0.00793	0.00344	0.00845	0.00780	0.12720	0.01317
10	0.03393	0.02258	0.02602	0.02132	0.02778	0.02357	0.01703	0.24425	0.04237	0.11753	0.18198	0.09862	0.05372	0.01909	0.01258	0.00367	0.00964	0.01594	0.01226	0.01613
11	0.04879	0.02524	0.03036	0.02328	0.03241	0.02518	0.01923	0.23703	0.04240	0.33354	0.03823	0.03462	0.02495	0.01421	0.01167	0.00355	0.01113	0.01117	0.01322	0.01979
12	0.09016	0.01475	0.01860	0.01744	0.02176	0.01377	0.01310	0.03214	0.02694	0.20042	0.10460	0.29062	0.05839	0.02515	0.01293	0.00412	0.00787	0.02197	0.01189	0.01339
13	0.04389	0.02442	0.02894	0.02290	0.03102	0.02479	0.01860	0.24433	0.04167	0.25938	0.03995	0.10106	0.03060	0.01690	0.01205	0.00369	0.01083	0.01376	0.01270	0.01852

[dist]
# distance from previous block
# <min> <max>
0	1

[block]
# block no. 1 follows, 10 sequences, length 74
# corresponding to MSA columns:
# 262-335
name=unknown_B
#
# <colnr> <probs for GDERKNQSTAVLIFYWHMCP>
#	G	D	E	R	K	N	Q	S	T	A	V	L	I	F	Y	W	H	M	C	P
0	0.03128	0.01540	0.01896	0.01605	0.02215	0.01319	0.01274	0.03515	0.03013	0.25559	0.12087	0.07714	0.25948	0.02217	0.01282	0.00376	0.00766	0.01845	0.01260	0.01441
1	0.01659	0.01128	0.01325	0.01334	0.01387	0.01106	0.00806	0.01772	0.02016	0.02735	0.12130	0.12350	0.05704	0.44350	0.04736	0.00937	0.00987	0.01907	0.00838	0.00794
2	0.01451	0.01038	0.01380	0.01596	0.01694	0.00967	0.01082	0.01705	0.02385	0.03221	0.13086	0.50972	0.08181	0.03455	0.01468	0.00456	0.00656	0.03127	0.01109	0.00967
3	0.01451	0.01038	0.01380	0.01596	0.01694	0.00967	0.01082	0.01705	0.02385	0.03221	0.13086	0.50972	0.08181	0.03455	0.01468	0.00456	0.00656	0.03127	0.01109	0.00967
4	0.10307	0.02302	0.02737	0.02170	0.03023	0.02294	0.01775	0.12851	0.10490	0.33472	0.04034	0.03628	0.02678	0.01420	0.01130	0.00363	0.01021	0.01122	0.01289	0.01894
5	0.03108	0.01714	0.02089	0.01863	0.02332	0.01681	0.01408	0.11543	0.03110	0.17397	0.04766	0.23934	0.04590	0.07129	0.01655	0.00456	0.00901	0.01963	0.06948	0.01413
6	0.01438	0.01150	0.01286	0.01317	0.01626	0.00999	0.00963	0.01767	0.02704	0.03420	0.18843	0.19289	0.35191	0.02957	0.01394	0.00402	0.00596	0.02538	0.01121	0.00999
7	0.02412	0.02067	0.02412	0.01723	0.02756	0.01550	0.01378	0.02929	0.02412	0.03790	0.02067	0.02412	0.01723	0.00861	0.00861	0.00172	0.00861	0.00689	0.00689	0.66236
8	0.03780	0.02167	0.02569	0.02164	0.02893	0.02238	0.01723	0.05628	0.26072	0.25241	0.08565	0.04541	0.03885	0.01586	0.01193	0.00377	0.00919	0.01319	0.01301	0.01838
9	0.01488	0.01094	0.01408	0.01604	0.01764	0.01013	0.01150	0.01778	0.02444	0.03215	0.11338	0.41142	0.14379	0.03369	0.01473	0.00458	0.00699	0.08106	0.01097	0.00980
10	0.01979	0.01619	0.02674	0.21868	0.04351	0.01761	0.05756	0.02412	0.02437	0.03274	0.14626	0.11382	0.04714	0.02276	0.01888	0.12393	0.01133	0.01600	0.00777	0.01081
11	0.05081	0.02200	0.02836	0.02174	0.03079	0.02037	0.01796	0.12977	0.03698	0.44846	0.04278	0.03757	0.02723	0.01432	0.01169	0.00358	0.01040	0.01148	0.01392	0.01979
12	0.03198	0.01533	0.02093	0.01945	0.02443	0.01396	0.01573	0.03628	0.02915	0.24628	0.09310	0.18250	0.05620	0.02470	0.01374	0.00433	0.00910	0.13598	0.01249	0.01437
13	0.03478	0.02151	0.03391	0.27082	0.13461	0.02277	0.02700	0.04114	0.02767	0.22304	0.03061	0.03395	0.02113	0.01248	0.01163	0.00370	0.01305	0.01087	0.00883	0.01650
14	0.13778	0.02626	0.03597	0.28616	0.05805	0.08187	0.09262	0.03591	0.02528	0.08059	0.02239	0.02873	0.01651	0.01151	0.01108	0.00371	0.01509	0.00998	0.00656	0.01398
15	0.04497	0.02276	0.02778	0.02224	0.03063	0.02261	0.01807	0.11040	0.16035	0.34259	0.04405	0.03916	0.02947	0.01471	0.01173	0.00368	0.01007	0.01193	0.01337	0.01942
16	0.03740	0.01675	0.02298	0.02055	0.02665	0.01515	0.01710	0.04197	0.03009	0.31477	0.05285	0.11873	0.04607	0.02240	0.01347	0.00430	0.00990	0.16027	0.01282	0.01578
17	0.03011	0.17362	0.03561	0.07261	0.03271	0.12796	0.01981	0.03391	0.02623	0.07750	0.07132	0.11331	0.03409	0.01739	0.01429	0.00358	0.08161	0.01318	0.00767	0.01348
18	0.02939	0.04412	0.33016	0.12715	0.05125	0.02463	0.03536	0.03988	0.02623	0.14278	0.02631	0.02902	0.01795	0.01189	0.01130	0.00370	0.01528	0.00959	0.00703	0.01698
19	0.02977	0.01477	0.01888	0.01657	0.02182	0.01291	0.01286	0.03370	0.02986	0.23295	0.15845	0.14820	0.17484	0.02334	0.01308	0.00386	0.00755	0.01997	0.01264	0.01399
20	0.03761	0.03337	0.17305	0.02874	0.04012	0.02314	0.09282	0.04891	0.08743	0.25873	0.03579	0.03466	0.02406	0.01295	0.01184	0.00371	0.01328	0.01132	0.01018	0.01829
21	0.07824	0.06881	0.03050	0.25153	0.04846	0.02511	0.02294	0.08319	0.02599	0.03631	0.02733	0.09104	0.02475	0.02745	0.10339	0.00634	0.01612	0.01250	0.00692	0.01310
22	0.01637	0.01233	0.01540	0.01731	0.01886	0.01235	0.01193	0.02298	0.09304	0.03251	0.06161	0.50325	0.07076	0.03336	0.01440	0.00461	0.00711	0.03010	0.01095	0.01078
23	0.03206	0.01523	0.02036	0.01875	0.02384	0.01364	0.01489	0.03589	0.02845	0.25438	0.06056	0.21147	0.09507	0.02507	0.01355	0.00426	0.00881	0.09696	0.01240	0.01437
24	0.04093	0.02338	0.08155	0.10239	0.03821	0.01874	0.02156	0.04666	0.02980	0.35230	0.04115	0.08849	0.02987	0.01572	0.01192	0.00376	0.01122	0.01319	0.01165	0.01750
25	0.03918	0.02312	0.02705	0.02224	0.02985	0.02403	0.01786	0.12838	0.20297	0.23301	0.08658	0.04332	0.03714	0.01569	0.01192	0.00371	0.00974	0.01287	0.01286	0.01848
26	0.02283	0.01389	0.01724	0.01671	0.02037	0.01302	0.01237	0.02900	0.07211	0.12540	0.14569	0.26761	0.14358	0.02708	0.01360	0.00413	0.00719	0.02375	0.01190	0.01251
27	0.02461	0.12325	0.23921	0.21629	0.10825	0.02951	0.03511	0.03398	0.02418	0.03312	0.02021	0.02634	0.01542	0.01101	0.01076	0.00355	0.01554	0.00903	0.00510	0.01553
28	0.03552	0.03967	0.25990	0.03051	0.04361	0.02339	0.09711	0.04486	0.02849	0.23352	0.03131	0.03160	0.02081	0.01221	0.01171	0.00368	0.01462	0.01060	0.00886	0.01801
29	0.02333	0.06016	0.53100	0.03315	0.05034	0.02701	0.04297	0.03683	0.02455	0.03683	0.02087	0.02455	0.01473	0.01105	0.01105	0.00368	0.01719	0.00859	0.00491	0.01719
30	0.01541	0.01129	0.01446	0.01484	0.01703	0.01034	0.01068	0.01947	0.02870	0.03937	0.32118	0.25418	0.14272	0.02859	0.01409	0.00404	0.00595	0.02540	0.01192	0.01034
31	0.02412	0.02067	0.02412	0.01723	0.02756	0.01550	0.01378	0.02929	0.02412	0.03790	0.02067	0.02412	0.01723	0.00861	0.00861	0.00172	0.00861	0.00689	0.00689	0.66236
32	0.03109	0.59826	0.06095	0.01990	0.02985	0.04602	0.01990	0.03483	0.02363	0.02736	0.01617	0.01866	0.01493	0.00995	0.00746	0.00249	0.01244	0.00622	0.00498	0.01493
33	0.02893	0.02498	0.02630	0.02367	0.03024	0.02893	0.01841	0.06180	0.49770	0.04865	0.04734	0.04339	0.03550	0.01578	0.01183	0.00394	0.00920	0.01315	0.01183	0.01841
34	0.02815	0.01368	0.01846	0.01785	0.02158	0.01226	0.01311	0.03108	0.02632	0.21249	0.05740	0.38358	0.05922	0.02833	0.01369	0.00431	0.00791	0.02521	0.01212	0.01325
35	0.05218	0.01979	0.02699	0.02069	0.02969	0.01709	0.01709	0.05668	0.03329	0.52677	0.04588	0.03959	0.02879	0.01439	0.01170	0.00360	0.00990	0.01170	0.01439	0.01979
36	0.04931	0.02043	0.02690	0.02106	0.02976	0.01856	0.01726	0.05731	0.09072	0.46764	0.04606	0.04006	0.02962	0.01457	0.01171	0.00364	0.00981	0.01188	0.01408	0.01962
37	0.01641	0.01207	0.01562	0.01629	0.01893	0.01128	0.01279	0.02105	0.02894	0.03899	0.27312	0.16435	0.15397	0.02851	0.01451	0.00430	0.00715	0.13950	0.01168	0.01054
38	0.02196	0.02067	0.03488	0.56331	0.08010	0.02584	0.03230	0.02972	0.02326	0.02972	0.02067	0.03101	0.01550	0.01163	0.01163	0.00388	0.01550	0.01034	0.00517	0.01292
39	0.01481	0.01062	0.01407	0.01576	0.01701	0.00988	0.01085	0.01781	0.02526	0.03446	0.19019	0.44400	0.08615	0.03288	0.01453	0.00442	0.00639	0.02968	0.01136	0.00988
40	0.04276	0.03185	0.03408	0.02647	0.03551	0.03539	0.02175	0.44011	0.09687	0.07095	0.02977	0.02940	0.02128	0.01413	0.01165	0.00353	0.01246	0.01073	0.01165	0.01965
41	0.67341	0.02249	0.01709	0.01529	0.02249	0.02609	0.01260	0.03419	0.01979	0.05218	0.01619	0.01889	0.01260	0.01080	0.00720	0.00360	0.00900	0.00630	0.00720	0.01260
42	0.01474	0.01053	0.01414	0.01684	0.01776	0.00993	0.01178	0.01717	0.02282	0.03032	0.06379	0.52771	0.07569	0.03590	0.01500	0.00480	0.00724	0.08344	0.01079	0.00960
43	0.02333	0.06016	0.53100	0.03315	0.05034	0.02701	0.04297	0.03683	0.02455	0.03683	0.02087	0.02455	0.01473	0.01105	0.01105	0.00368	0.01719	0.00859	0.00491	0.01719
44	0.01459	0.01042	0.01398	0.01668	0.01754	0.00981	0.01153	0.01693	0.02269	0.03016	0.06387	0.54171	0.07600	0.03604	0.01496	0.00478	0.00712	0.07084	0.01079	0.00956
45	0.03408	0.02547	0.02767	0.02376	0.03104	0.02853	0.01880	0.12341	0.37432	0.11145	0.04427	0.04062	0.03233	0.01534	0.01179	0.00383	0.00982	0.01257	0.01212	0.01878
46	0.03109	0.59826	0.06095	0.01990	0.02985	0.04602	0.01990	0.03483	0.02363	0.02736	0.01617	0.01866	0.01493	0.00995	0.00746	0.00249	0.01244	0.00622	0.00498	0.01493
47	0.02863	0.01332	0.01581	0.01403	0.01836	0.01247	0.01093	0.03382	0.02815	0.16832	0.12195	0.04990	0.04335	0.01553	0.01001	0.00310	0.00658	0.01282	0.37973	0.01317
48	0.01498	0.01161	0.01382	0.01494	0.01764	0.01044	0.01129	0.01833	0.02599	0.03297	0.13081	0.24360	0.27718	0.03131	0.01445	0.00437	0.00692	0.09839	0.01097	0.00998
49	0.10722	0.04641	0.33509	0.03265	0.04683	0.02639	0.11584	0.03847	0.02533	0.08546	0.02316	0.02653	0.01634	0.01111	0.01112	0.00371	0.01592	0.00954	0.00627	0.01659
50	0.02333	0.06016	0.53100	0.03315	0.05034	0.02701	0.04297	0.03683	0.02455	0.03683	0.02087	0.02455	0.01473	0.01105	0.01105	0.00368	0.01719	0.00859	0.00491	0.01719
51	0.01611	0.01158	0.01537	0.01591	0.01807	0.01085	0.01189	0.02062	0.02920	0.04047	0.33227	0.23030	0.09533	0.02833	0.01432	0.00416	0.00648	0.07624	0.01199	0.01052
52	0.57975	0.02399	0.01975	0.01700	0.02451	0.02758	0.01401	0.10054	0.02499	0.05533	0.01794	0.02024	0.01366	0.01127	0.00786	0.00358	0.00956	0.00692	0.00786	0.01366
53	0.03354	0.03651	0.25169	0.02563	0.03707	0.02042	0.02780	0.04173	0.02772	0.23240	0.03735	0.11381	0.02963	0.01617	0.01187	0.00380	0.01271	0.01348	0.00959	0.01708
54	0.01417	0.01012	0.01350	0.01619	0.01687	0.00945	0.01080	0.01619	0.02227	0.02969	0.06410	0.58367	0.07692	0.03644	0.01484	0.00472	0.00675	0.03306	0.01080	0.00945
55	0.21205	0.02636	0.02609	0.02219	0.02968	0.03009	0.01780	0.16809	0.24427	0.05635	0.03340	0.03237	0.02486	0.01390	0.01049	0.00372	0.01013	0.01052	0.01049	0.01717
56	0.21672	0.02944	0.02730	0.02294	0.03000	0.10479	0.01848	0.12901	0.08977	0.13223	0.02763	0.02810	0.02019	0.01362	0.01249	0.00366	0.05864	0.00939	0.00952	0.01609
57	0.02679	0.29973	0.32173	0.02725	0.04122	0.03547	0.03270	0.03594	0.02414	0.03262	0.01878	0.02193	0.01482	0.01056	0.00945	0.00315	0.01507	0.00754	0.00494	0.01618
58	0.01520	0.01092	0.01442	0.01549	0.01710	0.01013	0.01088	0.01878	0.02706	0.03731	0.26583	0.36021	0.09168	0.03074	0.01434	0.00424	0.00618	0.02765	0.01170	0.01013
59	0.19908	0.02877	0.02658	0.02280	0.03015	0.07374	0.01816	0.15443	0.22866	0.05380	0.03217	0.03147	0.02409	0.01374	0.01048	0.00367	0.01102	0.01026	0.01010	0.01683
60	0.20986	0.02967	0.09626	0.17662	0.04992	0.02831	0.09248	0.10891	0.02837	0.04538	0.02109	0.02634	0.01563	0.01144	0.01062	0.00372	0.01404	0.00951	0.00690	0.01493
61	0.60216	0.02134	0.01693	0.01522	0.02194	0.02445	0.01242	0.03286	0.02122	0.05158	0.07004	0.02627	0.02313	0.01220	0.00790	0.00361	0.00862	0.00790	0.00781	0.01242
62	0.01738	0.01315	0.01621	0.01549	0.01858	0.01269	0.01158	0.02532	0.08187	0.04408	0.38939	0.12651	0.13441	0.02448	0.01361	0.00380	0.00603	0.02151	0.01235	0.01155
63	0.02385	0.02260	0.03830	0.42699	0.20165	0.02634	0.03324	0.03137	0.02415	0.03201	0.02101	0.03039	0.01631	0.01128	0.01160	0.00376	0.01504	0.01034	0.00533	0.01444
64	0.09743	0.02694	0.03123	0.08233	0.03795	0.02894	0.02104	0.27788	0.04248	0.19036	0.03103	0.03067	0.02116	0.01356	0.01127	0.00357	0.01198	0.01044	0.01131	0.01843
65	0.03483	0.02503	0.02748	0.02354	0.03087	0.02777	0.01864	0.11263	0.36271	0.13426	0.04469	0.04082	0.03240	0.01532	0.01179	0.00383	0.00977	0.01257	0.01225	0.01882
66	0.26171	0.02128	0.02354	0.01917	0.02729	0.02145	0.01570	0.04956	0.07906	0.31291	0.03591	0.03294	0.02399	0.01332	0.01018	0.00364	0.00951	0.01001	0.01166	0.01719
67	0.03117	0.02202	0.03771	0.33609	0.06323	0.02394	0.09419	0.03833	0.02667	0.16885	0.02810	0.03344	0.01951	0.01212	0.01196	0.00381	0.01456	0.01122	0.00784	0.01524
68	0.14089	0.01595	0.01933	0.01810	0.02301	0.01545	0.01429	0.03375	0.02690	0.19277	0.08780	0.20474	0.05191	0.02333	0.01262	0.00418	0.00861	0.08131	0.01147	0.01358
69	0.02572	0.01392	0.01804	0.01710	0.02137	0.01249	0.01338	0.02970	0.02865	0.17171	0.14598	0.18884	0.15219	0.02615	0.01375	0.00417	0.00783	0.08406	0.01213	0.01284
70	0.03384	0.08949	0.03269	0.02421	0.03198	0.03297	0.01970	0.18687	0.31066	0.05389	0.03801	0.03597	0.02846	0.01459	0.01130	0.00365	0.01066	0.01158	0.01103	0.01845
71	0.12812	0.01875	0.02270	0.02075	0.02656	0.01917	0.01745	0.09042	0.03026	0.17330	0.04391	0.07001	0.03963	0.02657	0.05731	0.00551	0.01221	0.17196	0.01091	0.01452
72	0.09597	0.02416	0.02746	0.02236	0.03049	0.02532	0.01810	0.13823	0.18507	0.24560	0.04035	0.03679	0.02782	0.01445	0.01135	0.00369	0.01016	0.01147	0.01243	0.01874
73	0.02060	0.03397	0.23010	0.02735	0.03701	0.01999	0.09309	0.02958	0.02759	0.03947	0.19379	0.10749	0.05434	0.01796	0.01277	0.00382	0.01242	0.01626	0.00839	0.01400

[dist]
# distance from previous block
# <min> <max>
6	17

[block]
# block no. 2 follows, 10 sequences, length 11
# corresponding to MSA columns:
# 353-363
name=unknown_C
#
# <colnr> <probs for GDERKNQSTAVLIFYWHMCP>
#	G	D	E	R	K	N	Q	S	T	A	V	L	I	F	Y	W	H	M	C	P
0	0.10738	0.01407	0.01612	0.01474	0.01894	0.01337	0.01136	0.02596	0.02989	0.09198	0.31899	0.07821	0.17141	0.02227	0.01265	0.00370	0.00648	0.01885	0.01180	0.01183
1	0.03153	0.02939	0.09046	0.02144	0.03107	0.08768	0.01911	0.03738	0.02806	0.13604	0.07288	0.03293	0.02786	0.01201	0.01029	0.00271	0.01133	0.00953	0.00860	0.29970
2	0.03060	0.02692	0.14065	0.02226	0.03029	0.01839	0.02123	0.07521	0.03022	0.18552	0.09719	0.18353	0.04671	0.02045	0.01260	0.00391	0.01052	0.01756	0.01080	0.01544
3	0.03946	0.01702	0.02266	0.01832	0.02524	0.01485	0.01477	0.04408	0.03259	0.35766	0.17381	0.05834	0.09305	0.01818	0.01240	0.00364	0.00839	0.01527	0.01366	0.01661
4	0.19734	0.19491	0.04051	0.15627	0.13988	0.03229	0.02412	0.03364	0.02312	0.03662	0.01840	0.02368	0.01517	0.01065	0.00920	0.00330	0.01253	0.00805	0.00576	0.01456
5	0.03321	0.02597	0.08982	0.23004	0.09116	0.02360	0.02745	0.04308	0.07557	0.19464	0.03172	0.03414	0.02202	0.01278	0.01159	0.00374	0.01309	0.01087	0.00887	0.01666
6	0.03354	0.02185	0.03366	0.15573	0.09965	0.02243	0.06342	0.04345	0.09175	0.19861	0.08179	0.04081	0.03243	0.01399	0.01206	0.00373	0.01200	0.01253	0.00998	0.01660
7	0.02881	0.01478	0.01937	0.01704	0.02211	0.01320	0.01359	0.03361	0.03163	0.21129	0.25507	0.07786	0.12949	0.02204	0.01324	0.00384	0.00758	0.05868	0.01290	0.01388
8	0.02837	0.02771	0.03442	0.09645	0.21715	0.09226	0.02583	0.04143	0.15056	0.03985	0.09355	0.03958	0.03435	0.01391	0.01177	0.00359	0.01260	0.01214	0.00825	0.01622
9	0.11380	0.03655	0.09380	0.02340	0.03262	0.17068	0.02049	0.03915	0.07469	0.03801	0.02209	0.02458	0.01753	0.01092	0.00962	0.00282	0.01340	0.00785	0.00692	0.24108
10	0.02393	0.01969	0.03182	0.02595	0.03142	0.02014	0.12381	0.03166	0.06802	0.08283	0.10216	0.09845	0.11237	0.02860	0.08446	0.00595	0.06915	0.01704	0.00915	0.01340

[dist]
# distance from previous block
# <min> <max>
18	26

[block]
# block no. 3 follows, 10 sequences, length 9
# corresponding to MSA columns:
# 391-399
name=unknown_D
#
# <colnr> <probs for GDERKNQSTAVLIFYWHMCP>
#	G	D	E	R	K	N	Q	S	T	A	V	L	I	F	Y	W	H	M	C	P
0	0.10034	0.08917	0.09240	0.02527	0.03615	0.02509	0.09857	0.06453	0.02637	0.04067	0.02072	0.02453	0.01643	0.00986	0.00971	0.00274	0.01223	0.00838	0.00666	0.29018
1	0.01754	0.01389	0.02151	0.11335	0.03108	0.01650	0.01763	0.02232	0.01948	0.02747	0.02933	0.04314	0.02672	0.07409	0.45244	0.01612	0.02843	0.01209	0.00605	0.01082
2	0.03543	0.02830	0.03927	0.03544	0.10587	0.02991	0.10145	0.18042	0.17247	0.09666	0.03359	0.03420	0.02461	0.01330	0.01204	0.00370	0.01282	0.01191	0.01012	0.01848
3	0.29148	0.02187	0.02496	0.02381	0.08196	0.02163	0.01696	0.04155	0.02589	0.21488	0.02787	0.02800	0.01958	0.01170	0.00946	0.00332	0.00980	0.00873	0.00951	0.10703
4	0.11554	0.02505	0.07116	0.07698	0.03481	0.02066	0.01878	0.03438	0.07681	0.04015	0.02307	0.02633	0.01822	0.01027	0.00932	0.00264	0.01025	0.00803	0.00713	0.37042
5	0.02025	0.01525	0.01761	0.01611	0.02009	0.01483	0.01228	0.09940	0.03368	0.04503	0.26541	0.14004	0.20519	0.02512	0.01349	0.00383	0.00702	0.02156	0.01180	0.01200
6	0.01562	0.01162	0.01454	0.01430	0.01698	0.01054	0.01054	0.02013	0.03019	0.04134	0.37381	0.16145	0.18274	0.02664	0.01388	0.00386	0.00574	0.02340	0.01214	0.01054
7	0.10319	0.02518	0.02517	0.02093	0.02747	0.08089	0.01667	0.16241	0.03779	0.13622	0.18521	0.04725	0.04910	0.01665	0.01172	0.00352	0.01045	0.01332	0.01139	0.01547
8	0.18237	0.03811	0.17470	0.02955	0.04073	0.06820	0.10882	0.08919	0.02902	0.09871	0.02364	0.02627	0.01693	0.01154	0.01074	0.00362	0.01472	0.00948	0.00752	0.01613

[dist]
# distance from previous block
# <min> <max>
0	1

[block]
# block no. 4 follows, 10 sequences, length 22
# corresponding to MSA columns:
# 403-424
name=unknown_E
#
# <colnr> <probs for GDERKNQSTAVLIFYWHMCP>
#	G	D	E	R	K	N	Q	S	T	A	V	L	I	F	Y	W	H	M	C	P
0	0.03842	0.01890	0.02394	0.02010	0.02687	0.01812	0.01593	0.04906	0.13481	0.30670	0.10751	0.10470	0.04572	0.01825	0.01232	0.00380	0.00885	0.01549	0.01324	0.01726
1	0.04753	0.01882	0.02515	0.01961	0.02800	0.01621	0.01609	0.05184	0.03247	0.46679	0.05459	0.04835	0.08754	0.01622	0.01194	0.00364	0.00941	0.01325	0.01396	0.01859
2	0.04318	0.02635	0.03199	0.10909	0.09162	0.08147	0.02259	0.10047	0.03360	0.28833	0.03419	0.03362	0.02303	0.01322	0.01152	0.00354	0.01276	0.01072	0.01080	0.01790
3	0.04409	0.02533	0.03166	0.02870	0.08704	0.02572	0.02093	0.18724	0.09827	0.26899	0.03774	0.03520	0.02566	0.01398	0.01167	0.00359	0.01116	0.01135	0.01223	0.01946
4	0.03407	0.02384	0.02645	0.02301	0.03012	0.02631	0.01812	0.06067	0.39495	0.15443	0.04702	0.04255	0.03402	0.01547	0.01180	0.00387	0.00936	0.01283	0.01240	0.01872
5	0.02816	0.02617	0.03978	0.10502	0.33062	0.02784	0.03022	0.04289	0.16646	0.04036	0.02934	0.03335	0.02322	0.01210	0.01162	0.00364	0.01261	0.01119	0.00751	0.01788
6	0.02835	0.02415	0.03243	0.03904	0.19858	0.02567	0.02342	0.10638	0.16975	0.04650	0.08706	0.09492	0.03931	0.01655	0.01220	0.00375	0.01070	0.01462	0.00969	0.01692
7	0.35805	0.02037	0.02095	0.01742	0.02491	0.02098	0.01426	0.04210	0.02653	0.24376	0.07649	0.03388	0.02860	0.01352	0.00965	0.00360	0.00902	0.00992	0.01066	0.01535
8	0.02461	0.01369	0.01816	0.01601	0.02018	0.01237	0.01237	0.02987	0.03301	0.15618	0.40610	0.07609	0.09127	0.02164	0.01326	0.00364	0.00649	0.01890	0.01317	0.01299
9	0.11108	0.02437	0.03821	0.18919	0.05158	0.02643	0.13469	0.04210	0.12712	0.09470	0.02940	0.03319	0.02147	0.01228	0.01163	0.00384	0.01370	0.01142	0.00808	0.01552
10	0.02785	0.01925	0.03072	0.36182	0.06008	0.02221	0.02628	0.03434	0.02479	0.13928	0.02782	0.03510	0.02047	0.02354	0.09142	0.00603	0.01660	0.01095	0.00737	0.01406
11	0.03717	0.01597	0.02166	0.01892	0.02463	0.01407	0.01461	0.04069	0.02894	0.33043	0.05308	0.25449	0.04780	0.02310	0.01294	0.00404	0.00865	0.02014	0.01297	0.01571
12	0.02196	0.02067	0.03488	0.56331	0.08010	0.02584	0.03230	0.02972	0.02326	0.02972	0.02067	0.03101	0.01550	0.01163	0.01163	0.00388	0.01550	0.01034	0.00517	0.01292
13	0.13400	0.02630	0.02815	0.02760	0.09062	0.07986	0.01912	0.09414	0.08742	0.18154	0.03262	0.03580	0.02466	0.06930	0.01550	0.00429	0.01184	0.01081	0.00997	0.01645
14	0.23011	0.02015	0.02251	0.01863	0.02604	0.02026	0.01512	0.04611	0.07895	0.27321	0.09655	0.03985	0.03498	0.01466	0.01063	0.00364	0.00899	0.01143	0.01178	0.01638
15	0.01412	0.01033	0.01328	0.01563	0.01672	0.00949	0.01055	0.01626	0.02281	0.02991	0.07093	0.52368	0.13251	0.03555	0.01471	0.00462	0.00664	0.03198	0.01080	0.00949
16	0.03523	0.02600	0.09559	0.11402	0.14681	0.02138	0.02616	0.04199	0.02913	0.23377	0.08050	0.03875	0.03085	0.01361	0.01177	0.00362	0.01209	0.01174	0.00974	0.01725
17	0.03978	0.02027	0.02533	0.02023	0.02743	0.01947	0.01638	0.13998	0.03791	0.28349	0.18086	0.05109	0.05090	0.01709	0.01228	0.00359	0.00923	0.01420	0.01331	0.01716
18	0.29756	0.02086	0.02308	0.01856	0.02685	0.02065	0.01532	0.04780	0.02796	0.33931	0.03416	0.03141	0.02239	0.01297	0.00992	0.00360	0.00954	0.00956	0.01155	0.01695
19	0.34317	0.08907	0.03292	0.11825	0.03954	0.08412	0.07409	0.03515	0.02316	0.04118	0.01806	0.02274	0.01423	0.01086	0.00915	0.00350	0.01309	0.00803	0.00631	0.01337
20	0.01559	0.01112	0.01444	0.01506	0.01670	0.01039	0.01051	0.01913	0.02703	0.03741	0.28466	0.28531	0.08978	0.08586	0.01874	0.00485	0.00657	0.02545	0.01142	0.00997
21	0.05218	0.01979	0.02699	0.02069	0.02969	0.01709	0.01709	0.05668	0.03329	0.52677	0.04588	0.03959	0.02879	0.01439	0.01170	0.00360	0.00990	0.01170	0.01439	0.01979

[dist]
# distance from previous block
# <min> <max>
0	3

[block]
# block no. 5 follows, 10 sequences, length 16
# corresponding to MSA columns:
# 428-443
name=unknown_F
#
# <colnr> <probs for GDERKNQSTAVLIFYWHMCP>
#	G	D	E	R	K	N	Q	S	T	A	V	L	I	F	Y	W	H	M	C	P
0	0.32227	0.02024	0.02464	0.02067	0.02728	0.02115	0.07333	0.03340	0.02566	0.09755	0.12983	0.04786	0.04075	0.01584	0.01075	0.00382	0.00988	0.05252	0.00931	0.01323
1	0.02543	0.02679	0.05322	0.25311	0.11474	0.02783	0.25753	0.03414	0.02571	0.03437	0.02224	0.03097	0.01688	0.01058	0.01268	0.00386	0.01741	0.01205	0.00559	0.01488
2	0.02903	0.01405	0.01892	0.01773	0.02185	0.01257	0.01323	0.03243	0.02780	0.22246	0.11213	0.31400	0.06248	0.02643	0.01350	0.00416	0.00780	0.02339	0.01242	0.01360
3	0.13875	0.01620	0.02125	0.08860	0.02957	0.01801	0.01645	0.02909	0.02287	0.09857	0.07990	0.04258	0.03287	0.04769	0.25504	0.01054	0.01972	0.01190	0.00802	0.01239
4	0.09760	0.02257	0.03506	0.13913	0.25963	0.02352	0.02692	0.03454	0.02462	0.09916	0.02396	0.03039	0.01886	0.01504	0.01549	0.08872	0.01262	0.01007	0.00683	0.01528
5	0.03805	0.02712	0.03457	0.02732	0.03589	0.02883	0.07873	0.18609	0.20830	0.14970	0.03799	0.03632	0.02702	0.01417	0.01199	0.00373	0.01180	0.01211	0.01151	0.01875
6	0.03356	0.01553	0.02024	0.01719	0.02259	0.01377	0.01323	0.03731	0.02952	0.27582	0.14612	0.10481	0.09963	0.09443	0.01872	0.00473	0.00854	0.01725	0.01247	0.01454
7	0.10709	0.02176	0.03409	0.43206	0.12645	0.02609	0.03017	0.03103	0.02320	0.03364	0.02024	0.02917	0.01549	0.01137	0.01104	0.00379	0.01446	0.00982	0.00550	0.01355
8	0.11566	0.21455	0.03986	0.09138	0.03686	0.03328	0.02060	0.14100	0.03208	0.13426	0.02500	0.02632	0.01842	0.01203	0.00972	0.00324	0.01202	0.00876	0.00856	0.01641
9	0.02529	0.01637	0.02227	0.02370	0.08292	0.01454	0.01581	0.02875	0.02543	0.12052	0.05119	0.17935	0.10194	0.02333	0.01505	0.05432	0.00896	0.04978	0.00966	0.13084
10	0.02452	0.02411	0.02751	0.21821	0.04611	0.09908	0.02133	0.02974	0.02483	0.03201	0.02799	0.12570	0.02688	0.01518	0.01111	0.00324	0.01268	0.01290	0.00682	0.21007
11	0.02892	0.02489	0.07353	0.09786	0.07588	0.02224	0.05769	0.03517	0.02617	0.12510	0.07198	0.03495	0.02763	0.01345	0.01470	0.00343	0.08424	0.01092	0.00804	0.16322
12	0.18311	0.02107	0.02872	0.11842	0.14404	0.02200	0.02186	0.03705	0.02553	0.16043	0.03179	0.10152	0.02675	0.01506	0.01100	0.00376	0.01107	0.01268	0.00880	0.01533
13	0.12486	0.08065	0.03480	0.20733	0.04778	0.02669	0.06538	0.07822	0.02774	0.04097	0.08091	0.03391	0.02736	0.01265	0.01074	0.00346	0.01252	0.01068	0.00729	0.06607
14	0.03236	0.02651	0.03239	0.08494	0.07629	0.08942	0.06376	0.09061	0.03180	0.11740	0.07326	0.04214	0.07646	0.01447	0.01167	0.00335	0.01262	0.01234	0.00902	0.09919
15	0.02934	0.18666	0.08378	0.02970	0.08282	0.02996	0.06606	0.03503	0.02540	0.08585	0.05964	0.03043	0.02463	0.01278	0.01383	0.00327	0.08472	0.00987	0.00700	0.09923

[dist]
# distance from previous block
# <min> <max>
0	220

# created by:
# /st0/software/busco_prod/Augustus/scripts/msa2prfl.pl ./align_prep/12521.fa
