[name]
unknown

[dist]
# distance from previous block
# <min> <max>
0	26

[block]
# block no. 0 follows, 13 sequences, length 23
# corresponding to MSA columns:
# 26-48
name=unknown_A
#
# <colnr> <probs for GDERKNQSTAVLIFYWHMCP>
#	G	D	E	R	K	N	Q	S	T	A	V	L	I	F	Y	W	H	M	C	P
0	0.01812	0.01197	0.01630	0.01800	0.02060	0.01157	0.01507	0.02226	0.02404	0.06798	0.05900	0.19770	0.09514	0.02858	0.01399	0.00457	0.00876	0.34631	0.00999	0.01006
1	0.04744	0.01799	0.02454	0.01881	0.02699	0.01554	0.01554	0.05153	0.03026	0.56979	0.04171	0.03599	0.02617	0.01309	0.01063	0.00327	0.00900	0.01063	0.01309	0.01799
2	0.12631	0.02875	0.07459	0.03166	0.10785	0.06923	0.10669	0.07592	0.19235	0.04094	0.02688	0.02863	0.02044	0.01137	0.01023	0.00336	0.01214	0.00990	0.00756	0.01520
3	0.02539	0.02665	0.05002	0.03716	0.04634	0.02660	0.36103	0.04104	0.19155	0.03720	0.02835	0.03203	0.02126	0.01066	0.01193	0.00357	0.01479	0.01231	0.00709	0.01506
4	0.02121	0.05469	0.57364	0.03014	0.04576	0.02455	0.03906	0.03348	0.02232	0.03348	0.01897	0.02232	0.01339	0.01005	0.01005	0.00335	0.01563	0.00781	0.00446	0.01563
5	0.01599	0.01142	0.01584	0.01828	0.02025	0.01127	0.01522	0.02010	0.02331	0.03047	0.05656	0.24581	0.06314	0.03019	0.01432	0.00472	0.00883	0.37509	0.00976	0.00945
6	0.02273	0.17947	0.46216	0.02754	0.04176	0.02827	0.03455	0.03309	0.02214	0.03163	0.01805	0.02117	0.01343	0.00983	0.00934	0.00311	0.01470	0.00735	0.00448	0.01518
7	0.01510	0.01133	0.01699	0.01699	0.01888	0.01322	0.01322	0.01888	0.01699	0.02454	0.02832	0.04154	0.02643	0.07930	0.58652	0.01699	0.02832	0.01133	0.00566	0.00944
8	0.01997	0.01879	0.03171	0.60301	0.07282	0.02349	0.02936	0.02701	0.02114	0.02701	0.01879	0.02819	0.01409	0.01057	0.01057	0.00352	0.01409	0.00940	0.00470	0.01175
9	0.01496	0.01081	0.01413	0.01330	0.01580	0.00998	0.00998	0.01995	0.02993	0.04240	0.55689	0.07898	0.09976	0.02162	0.01247	0.00333	0.00499	0.01912	0.01164	0.00998
10	0.03329	0.12790	0.19106	0.02569	0.03619	0.06705	0.06776	0.11983	0.02939	0.16443	0.02480	0.02556	0.01746	0.01102	0.00995	0.00311	0.01317	0.00877	0.00768	0.01590
11	0.01288	0.00920	0.01227	0.01472	0.01534	0.00859	0.00981	0.01472	0.02024	0.02699	0.05828	0.62152	0.06993	0.03312	0.01350	0.00429	0.00613	0.03006	0.00981	0.00859
12	0.01475	0.00999	0.01172	0.01234	0.01249	0.00983	0.00727	0.01521	0.01660	0.02214	0.03960	0.20835	0.04637	0.47843	0.04366	0.00875	0.00921	0.01907	0.00727	0.00696
13	0.03950	0.05039	0.02996	0.02724	0.03269	0.58597	0.02043	0.04222	0.02996	0.02588	0.01634	0.01907	0.01362	0.01090	0.00953	0.00272	0.01907	0.00681	0.00545	0.01226
14	0.03171	0.02429	0.03582	0.13062	0.27949	0.02547	0.02651	0.15893	0.03095	0.11601	0.02414	0.02765	0.01796	0.01093	0.01053	0.00323	0.01207	0.00961	0.00759	0.01647
15	0.01611	0.01151	0.01598	0.01841	0.02044	0.01137	0.01543	0.02031	0.02343	0.03061	0.05649	0.23112	0.06287	0.03008	0.01436	0.00474	0.00893	0.38858	0.00975	0.00948
16	0.01599	0.01189	0.01502	0.01405	0.01685	0.01145	0.01059	0.02323	0.07640	0.04256	0.51038	0.07540	0.09365	0.02096	0.01232	0.00335	0.00529	0.01847	0.01156	0.01059
17	0.29271	0.02504	0.02493	0.02036	0.02723	0.02875	0.01674	0.26028	0.07425	0.05430	0.02180	0.02317	0.01629	0.01216	0.01090	0.00336	0.05603	0.00823	0.00858	0.01488
18	0.03669	0.02566	0.02812	0.02260	0.03021	0.02815	0.01833	0.30348	0.20869	0.13262	0.03355	0.03154	0.02386	0.01329	0.01064	0.00332	0.01018	0.01048	0.01100	0.01757
19	0.01971	0.00985	0.00985	0.00985	0.01232	0.00985	0.00739	0.02464	0.02217	0.03942	0.03449	0.03942	0.02710	0.01232	0.00739	0.00246	0.00493	0.00985	0.68712	0.00985
20	0.01719	0.01404	0.01953	0.01836	0.01931	0.01732	0.01404	0.01967	0.01639	0.02378	0.02591	0.04370	0.02622	0.19906	0.31645	0.01222	0.17020	0.01180	0.00559	0.00923
21	0.02295	0.19818	0.44544	0.02716	0.04115	0.02883	0.03388	0.03303	0.02212	0.03135	0.01792	0.02100	0.01344	0.00980	0.00924	0.00308	0.01456	0.00728	0.00448	0.01512
22	0.02461	0.02353	0.04009	0.20048	0.43910	0.02471	0.03167	0.03108	0.02334	0.03265	0.01961	0.02668	0.01608	0.00971	0.01049	0.00324	0.01295	0.00941	0.00510	0.01549

[dist]
# distance from previous block
# <min> <max>
0	5

[block]
# block no. 1 follows, 13 sequences, length 36
# corresponding to MSA columns:
# 54-89
name=unknown_B
#
# <colnr> <probs for GDERKNQSTAVLIFYWHMCP>
#	G	D	E	R	K	N	Q	S	T	A	V	L	I	F	Y	W	H	M	C	P
0	0.01521	0.01092	0.01491	0.01491	0.01608	0.01209	0.01062	0.01754	0.01638	0.02300	0.03022	0.05208	0.03101	0.28863	0.38345	0.01442	0.02143	0.01287	0.00595	0.00828
1	0.02617	0.02512	0.04292	0.06490	0.56246	0.02512	0.03245	0.03245	0.02407	0.03454	0.01989	0.02617	0.01675	0.00942	0.01047	0.00314	0.01256	0.00942	0.00523	0.01675
2	0.02736	0.34844	0.23576	0.02319	0.03449	0.03451	0.02579	0.09857	0.02556	0.03351	0.01764	0.01999	0.01410	0.00989	0.00845	0.00277	0.01288	0.00694	0.00531	0.01489
3	0.61193	0.02503	0.09016	0.01607	0.02383	0.02383	0.01514	0.03140	0.01857	0.04557	0.01529	0.01786	0.01171	0.00985	0.00701	0.00328	0.00917	0.00600	0.00627	0.01201
4	0.02633	0.38720	0.15564	0.02294	0.03300	0.03506	0.05927	0.03565	0.09562	0.03000	0.02005	0.02206	0.01636	0.00999	0.00842	0.00276	0.01224	0.00748	0.00545	0.01448
5	0.01288	0.00920	0.01227	0.01472	0.01534	0.00859	0.00981	0.01472	0.02024	0.02699	0.05828	0.62152	0.06993	0.03312	0.01350	0.00429	0.00613	0.03006	0.00981	0.00859
6	0.03797	0.03956	0.02976	0.02547	0.03203	0.32133	0.01982	0.21050	0.10539	0.04232	0.02301	0.02396	0.01761	0.01197	0.01006	0.00299	0.01509	0.00843	0.00792	0.01482
7	0.01469	0.01059	0.01388	0.01349	0.01573	0.00979	0.00995	0.01925	0.02863	0.04034	0.49022	0.15152	0.09577	0.02315	0.01261	0.00345	0.00514	0.02058	0.01140	0.00979
8	0.70310	0.02045	0.01554	0.01390	0.02045	0.02372	0.01145	0.03108	0.01799	0.04744	0.01472	0.01718	0.01145	0.00981	0.00654	0.00327	0.00818	0.00573	0.00654	0.01145
9	0.02121	0.05469	0.57364	0.03014	0.04576	0.02455	0.03906	0.03348	0.02232	0.03348	0.01897	0.02232	0.01339	0.01005	0.01005	0.00335	0.01563	0.00781	0.00446	0.01563
10	0.03747	0.04141	0.02816	0.02522	0.03104	0.41261	0.01918	0.04607	0.13855	0.08222	0.02443	0.02501	0.01878	0.01184	0.00990	0.00296	0.01583	0.00827	0.00731	0.01376
11	0.03960	0.02667	0.02943	0.02299	0.03107	0.02892	0.01885	0.38137	0.11233	0.15129	0.03059	0.02911	0.02132	0.01298	0.01061	0.00325	0.01074	0.01004	0.01104	0.01782
12	0.01971	0.00985	0.00985	0.00985	0.01232	0.00985	0.00739	0.02464	0.02217	0.03942	0.03449	0.03942	0.02710	0.01232	0.00739	0.00246	0.00493	0.00985	0.68712	0.00985
13	0.01389	0.01034	0.01293	0.01318	0.01537	0.00938	0.00955	0.01755	0.02608	0.03536	0.32882	0.23455	0.18241	0.02584	0.01276	0.00364	0.00538	0.02280	0.01077	0.00938
14	0.02827	0.63478	0.05540	0.01809	0.02714	0.04184	0.01809	0.03166	0.02148	0.02488	0.01470	0.01696	0.01357	0.00905	0.00678	0.00226	0.01131	0.00565	0.00452	0.01357
15	0.01997	0.01879	0.03171	0.60301	0.07282	0.02349	0.02936	0.02701	0.02114	0.02701	0.01879	0.02819	0.01409	0.01057	0.01057	0.00352	0.01409	0.00940	0.00470	0.01175
16	0.01971	0.00985	0.00985	0.00985	0.01232	0.00985	0.00739	0.02464	0.02217	0.03942	0.03449	0.03942	0.02710	0.01232	0.00739	0.00246	0.00493	0.00985	0.68712	0.00985
17	0.03409	0.02130	0.02368	0.01939	0.02593	0.02269	0.01562	0.20853	0.15489	0.16224	0.03492	0.03393	0.02501	0.01308	0.00995	0.00314	0.00887	0.01040	0.15639	0.01595
18	0.10351	0.02395	0.02810	0.09911	0.03529	0.02572	0.01919	0.27584	0.03725	0.20401	0.02816	0.02801	0.01918	0.01224	0.01020	0.00326	0.01087	0.00946	0.01012	0.01652
19	0.02617	0.02512	0.04292	0.06490	0.56246	0.02512	0.03245	0.03245	0.02407	0.03454	0.01989	0.02617	0.01675	0.00942	0.01047	0.00314	0.01256	0.00942	0.00523	0.01675
20	0.01510	0.01133	0.01699	0.01699	0.01888	0.01322	0.01322	0.01888	0.01699	0.02454	0.02832	0.04154	0.02643	0.07930	0.58652	0.01699	0.02832	0.01133	0.00566	0.00944
21	0.01837	0.00918	0.01377	0.01377	0.01377	0.00918	0.00918	0.01377	0.01377	0.01837	0.01837	0.03214	0.01837	0.03673	0.04132	0.69238	0.00918	0.00918	0.00459	0.00459
22	0.02443	0.03222	0.13462	0.04253	0.05392	0.02643	0.45555	0.03381	0.02458	0.03381	0.02105	0.02764	0.01567	0.00907	0.01213	0.00353	0.01751	0.01182	0.00522	0.01445
23	0.02218	0.01723	0.01973	0.01744	0.02188	0.01834	0.01354	0.10715	0.18801	0.04660	0.32176	0.05898	0.06708	0.01808	0.01167	0.00338	0.00701	0.01551	0.01121	0.01322
24	0.01954	0.01562	0.01808	0.01662	0.02052	0.01657	0.01271	0.03459	0.23742	0.04314	0.34923	0.06300	0.07249	0.01868	0.01178	0.00343	0.00635	0.01622	0.01128	0.01271
25	0.46972	0.01957	0.01874	0.01565	0.02278	0.02081	0.01291	0.03836	0.02236	0.23337	0.02433	0.02387	0.01669	0.01098	0.00800	0.00327	0.00847	0.00747	0.00887	0.01378
26	0.01250	0.01071	0.01071	0.01071	0.01428	0.00893	0.00803	0.01517	0.02410	0.02856	0.10711	0.10175	0.55817	0.02678	0.01250	0.00357	0.00536	0.02231	0.00982	0.00893
27	0.01496	0.01081	0.01413	0.01330	0.01580	0.00998	0.00998	0.01995	0.02993	0.04240	0.55689	0.07898	0.09976	0.02162	0.01247	0.00333	0.00499	0.01912	0.01164	0.00998
28	0.70310	0.02045	0.01554	0.01390	0.02045	0.02372	0.01145	0.03108	0.01799	0.04744	0.01472	0.01718	0.01145	0.00981	0.00654	0.00327	0.00818	0.00573	0.00654	0.01145
29	0.02643	0.02863	0.05943	0.04261	0.05309	0.02732	0.47546	0.08145	0.02734	0.03703	0.02178	0.02822	0.01623	0.00928	0.01229	0.00353	0.01723	0.01219	0.00585	0.01462
30	0.01523	0.01088	0.01497	0.01741	0.01905	0.01061	0.01390	0.01879	0.02256	0.02962	0.05698	0.33744	0.06479	0.03091	0.01412	0.00462	0.00817	0.29094	0.00977	0.00924
31	0.01288	0.00920	0.01227	0.01472	0.01534	0.00859	0.00981	0.01472	0.02024	0.02699	0.05828	0.62152	0.06993	0.03312	0.01350	0.00429	0.00613	0.03006	0.00981	0.00859
32	0.61447	0.02167	0.01770	0.01530	0.02210	0.02493	0.01261	0.09742	0.02223	0.05000	0.01615	0.01827	0.01232	0.01020	0.00708	0.00326	0.00864	0.00623	0.00708	0.01232
33	0.09081	0.02092	0.02535	0.01981	0.02777	0.02048	0.01629	0.14951	0.06998	0.39058	0.03650	0.03269	0.02386	0.01286	0.01034	0.00327	0.00944	0.01015	0.01193	0.01744
34	0.12600	0.02737	0.04708	0.03469	0.04398	0.06797	0.32966	0.03699	0.02522	0.12209	0.02335	0.02739	0.01685	0.00987	0.01111	0.00341	0.01512	0.01078	0.00678	0.01431
35	0.30029	0.12466	0.03725	0.02958	0.10777	0.06760	0.12880	0.03278	0.02181	0.03741	0.01704	0.02106	0.01372	0.00951	0.00866	0.00311	0.01221	0.00780	0.00569	0.01323

[dist]
# distance from previous block
# <min> <max>
0	9

# created by:
# /st0/software/busco_prod/Augustus/scripts/msa2prfl.pl ./align_prep/12535.fa
