[name]
unknown

[dist]
# distance from previous block
# <min> <max>
0	31

[block]
# block no. 0 follows, 14 sequences, length 9
# corresponding to MSA columns:
# 31-39
name=unknown_A
#
# <colnr> <probs for GDERKNQSTAVLIFYWHMCP>
#	G	D	E	R	K	N	Q	S	T	A	V	L	I	F	Y	W	H	M	C	P
0	0.11728	0.02111	0.08415	0.07907	0.03013	0.01824	0.01793	0.03716	0.09536	0.20994	0.06524	0.04413	0.06942	0.01454	0.01029	0.00340	0.00936	0.05007	0.00925	0.01391
1	0.02699	0.01419	0.01822	0.01626	0.02070	0.01343	0.01249	0.03398	0.09713	0.23509	0.18087	0.19247	0.05498	0.01976	0.01148	0.00347	0.00697	0.01723	0.01126	0.01306
2	0.06805	0.02235	0.07301	0.03071	0.15855	0.01976	0.04758	0.03911	0.09501	0.22094	0.02911	0.03031	0.02097	0.01373	0.01316	0.07423	0.01041	0.00969	0.00834	0.01498
3	0.03416	0.02249	0.03310	0.03216	0.14753	0.02245	0.08692	0.10472	0.12757	0.23109	0.03172	0.03133	0.02231	0.01160	0.01053	0.00323	0.01078	0.01041	0.00939	0.01651
4	0.02089	0.01770	0.02035	0.02427	0.11674	0.08818	0.01481	0.02388	0.02283	0.06632	0.10232	0.28135	0.04912	0.08439	0.01575	0.00418	0.00914	0.01871	0.00828	0.01076
5	0.22478	0.02326	0.02435	0.02899	0.17498	0.09751	0.01749	0.06411	0.02283	0.03687	0.02088	0.02861	0.01819	0.09139	0.01408	0.00386	0.01070	0.00856	0.07628	0.01229
6	0.22562	0.08327	0.10845	0.09246	0.03189	0.02350	0.01909	0.09625	0.02526	0.08382	0.09278	0.02919	0.02527	0.01172	0.00895	0.00312	0.01010	0.00888	0.00731	0.01308
7	0.02283	0.01840	0.01964	0.02089	0.07617	0.08878	0.01399	0.06135	0.02561	0.08709	0.09927	0.19270	0.15289	0.02149	0.01294	0.03995	0.00877	0.01727	0.00880	0.01117
8	0.02086	0.02087	0.10351	0.01876	0.02351	0.01696	0.01618	0.15531	0.02710	0.03677	0.04059	0.33802	0.04404	0.06960	0.01482	0.00418	0.00905	0.01960	0.00869	0.01160

[dist]
# distance from previous block
# <min> <max>
0	2

[block]
# block no. 1 follows, 14 sequences, length 38
# corresponding to MSA columns:
# 42-79
name=unknown_B
#
# <colnr> <probs for GDERKNQSTAVLIFYWHMCP>
#	G	D	E	R	K	N	Q	S	T	A	V	L	I	F	Y	W	H	M	C	P
0	0.01543	0.01278	0.01953	0.02051	0.06510	0.01197	0.06138	0.01932	0.02353	0.03168	0.18303	0.27395	0.13450	0.02414	0.01247	0.00373	0.00743	0.06035	0.00918	0.00997
1	0.34872	0.01833	0.02075	0.12978	0.06688	0.02015	0.01635	0.02908	0.02013	0.07775	0.02295	0.06599	0.02010	0.01244	0.00867	0.00327	0.00931	0.04285	0.00679	0.05971
2	0.01602	0.01343	0.01910	0.06027	0.13499	0.01300	0.01459	0.01953	0.02244	0.02978	0.13119	0.20036	0.18815	0.07268	0.01513	0.00404	0.00771	0.01905	0.00827	0.01029
3	0.02156	0.01786	0.02801	0.08422	0.27928	0.01762	0.02134	0.02644	0.02401	0.07029	0.11445	0.10099	0.11936	0.01589	0.01103	0.00328	0.00937	0.01435	0.00754	0.01311
4	0.03760	0.02340	0.11904	0.02349	0.07359	0.01682	0.01987	0.04292	0.02687	0.40389	0.03621	0.07582	0.02568	0.01334	0.01041	0.00325	0.00990	0.01115	0.01043	0.01631
5	0.02128	0.01824	0.02128	0.01520	0.02432	0.01368	0.01216	0.02584	0.02128	0.03344	0.01824	0.02128	0.01520	0.00760	0.00760	0.00152	0.00760	0.00608	0.00608	0.70208
6	0.01783	0.00891	0.01337	0.01337	0.01337	0.00891	0.00891	0.01337	0.01337	0.01783	0.01783	0.03119	0.01783	0.03565	0.04011	0.70143	0.00891	0.00891	0.00446	0.00446
7	0.08802	0.02362	0.07860	0.13458	0.31644	0.02200	0.02671	0.03062	0.02238	0.07322	0.02313	0.07376	0.01990	0.01150	0.01004	0.00323	0.01152	0.01037	0.00597	0.01439
8	0.01503	0.01156	0.01415	0.01468	0.01718	0.01149	0.01135	0.02022	0.06430	0.02914	0.09797	0.13525	0.20269	0.08978	0.09989	0.00626	0.01007	0.13084	0.00883	0.00933
9	0.02462	0.02113	0.02242	0.02043	0.02587	0.02433	0.01578	0.05173	0.51946	0.04177	0.04280	0.07960	0.03387	0.01519	0.01063	0.00353	0.00797	0.01282	0.01038	0.01569
10	0.71184	0.01985	0.01508	0.01350	0.01985	0.02302	0.01111	0.03017	0.01746	0.04604	0.01429	0.01667	0.01111	0.00953	0.00635	0.00318	0.00794	0.00556	0.00635	0.01111
11	0.01863	0.01549	0.01905	0.01538	0.02106	0.01346	0.01202	0.02286	0.02303	0.03446	0.18644	0.08826	0.04387	0.01446	0.01148	0.00249	0.05557	0.01195	0.00780	0.38226
12	0.02557	0.01567	0.02247	0.20182	0.03643	0.01646	0.01755	0.03255	0.06921	0.18633	0.17017	0.08745	0.04363	0.01559	0.01097	0.00336	0.00902	0.01354	0.00940	0.01282
13	0.03901	0.02874	0.03080	0.02361	0.03182	0.03182	0.01951	0.54111	0.04825	0.06468	0.02464	0.02464	0.01745	0.01232	0.01027	0.00308	0.01129	0.00924	0.01027	0.01745
14	0.12273	0.17707	0.02794	0.01717	0.02302	0.02512	0.01436	0.13618	0.07087	0.03933	0.07577	0.13362	0.06581	0.01603	0.00953	0.00312	0.00868	0.01283	0.00815	0.01267
15	0.08854	0.01693	0.01974	0.01508	0.02260	0.01406	0.01205	0.02856	0.02343	0.11417	0.11742	0.03247	0.03053	0.01085	0.00866	0.00221	0.00731	0.00881	0.00796	0.41864
16	0.02285	0.24879	0.41030	0.02539	0.03844	0.02937	0.03119	0.03191	0.02140	0.02974	0.01705	0.01995	0.01306	0.00943	0.00870	0.00290	0.01378	0.00689	0.00435	0.01451
17	0.01596	0.00997	0.01422	0.01422	0.01497	0.01072	0.00998	0.01570	0.01495	0.02068	0.02462	0.04197	0.02484	0.17082	0.27070	0.28610	0.01670	0.01094	0.00523	0.00672
18	0.01940	0.02582	0.15894	0.14094	0.11771	0.01956	0.09522	0.02624	0.02174	0.02997	0.03027	0.16895	0.02995	0.01613	0.01133	0.00361	0.01223	0.05337	0.00617	0.01245
19	0.02654	0.19402	0.16049	0.02402	0.03150	0.14919	0.02330	0.03149	0.02161	0.02709	0.01567	0.01982	0.01337	0.01139	0.01418	0.00300	0.15365	0.00704	0.00472	0.06790
20	0.01572	0.01243	0.01753	0.01657	0.01837	0.01424	0.01296	0.01965	0.02135	0.03080	0.24002	0.05214	0.05207	0.04641	0.28614	0.00954	0.10309	0.01370	0.00765	0.00966
21	0.01705	0.01338	0.01685	0.01588	0.02031	0.01137	0.01243	0.02071	0.02135	0.03026	0.04081	0.25337	0.04470	0.02143	0.01121	0.00327	0.00753	0.14694	0.00814	0.28301
22	0.01808	0.01501	0.01765	0.01407	0.02051	0.01183	0.01090	0.02214	0.02266	0.03317	0.12179	0.09860	0.11233	0.01466	0.00948	0.00232	0.00666	0.01245	0.00772	0.42797
23	0.12559	0.01996	0.02443	0.15912	0.03591	0.02213	0.01888	0.18127	0.03025	0.09450	0.06317	0.04358	0.02843	0.01469	0.01048	0.00346	0.01041	0.09190	0.00853	0.01330
24	0.25063	0.01863	0.02105	0.01703	0.02427	0.01853	0.01396	0.04428	0.07526	0.36534	0.03248	0.02958	0.02153	0.01183	0.00910	0.00320	0.00843	0.00896	0.01052	0.01538
25	0.02216	0.08009	0.09957	0.01924	0.02499	0.02150	0.01717	0.07288	0.13810	0.03475	0.03183	0.13097	0.02946	0.05572	0.01446	0.00367	0.05790	0.01264	0.07232	0.06059
26	0.02385	0.22943	0.38896	0.02557	0.03815	0.06851	0.03060	0.03256	0.02194	0.02950	0.01700	0.01990	0.01307	0.00952	0.00877	0.00289	0.01415	0.00689	0.00442	0.01435
27	0.01466	0.01100	0.01649	0.01649	0.01833	0.01283	0.01283	0.01833	0.01649	0.02382	0.02749	0.04032	0.02566	0.07697	0.59868	0.01649	0.02749	0.01100	0.00550	0.00916
28	0.01938	0.01824	0.03078	0.61468	0.07068	0.02280	0.02850	0.02622	0.02052	0.02622	0.01824	0.02736	0.01368	0.01026	0.01026	0.00342	0.01368	0.00912	0.00456	0.01140
29	0.02875	0.02183	0.03243	0.08299	0.28263	0.02230	0.02371	0.12692	0.02942	0.11435	0.10153	0.03400	0.02901	0.01199	0.01049	0.00312	0.01062	0.01066	0.00793	0.01535
30	0.01859	0.01680	0.02453	0.11544	0.03012	0.01941	0.06393	0.02385	0.05885	0.02750	0.07262	0.04980	0.10577	0.16006	0.02593	0.00517	0.15146	0.01332	0.00659	0.01024
31	0.04287	0.02256	0.02697	0.02068	0.02874	0.02264	0.01708	0.27178	0.03790	0.34863	0.03333	0.03028	0.02181	0.01253	0.01030	0.00313	0.00989	0.00983	0.01160	0.01746
32	0.02128	0.01824	0.02128	0.01520	0.02432	0.01368	0.01216	0.02584	0.02128	0.03344	0.01824	0.02128	0.01520	0.00760	0.00760	0.00152	0.00760	0.00608	0.00608	0.70208
33	0.30500	0.01789	0.01965	0.01600	0.02291	0.01780	0.01313	0.03997	0.02468	0.33216	0.06912	0.03083	0.02504	0.01206	0.00889	0.00318	0.00813	0.00906	0.01011	0.01440
34	0.03673	0.02893	0.02943	0.02334	0.03096	0.06722	0.01898	0.42815	0.13144	0.05852	0.02692	0.02651	0.01948	0.01247	0.01023	0.00312	0.01123	0.00946	0.00997	0.01689
35	0.02385	0.02456	0.04867	0.09117	0.04795	0.02423	0.37052	0.07704	0.02494	0.03370	0.02212	0.03087	0.01771	0.05585	0.05496	0.00475	0.01662	0.01167	0.00569	0.01311
36	0.02292	0.01921	0.02216	0.01598	0.02501	0.01536	0.01284	0.07348	0.02377	0.03633	0.01883	0.02159	0.01541	0.00804	0.00785	0.00166	0.00794	0.00637	0.00647	0.63878
37	0.02064	0.01566	0.02171	0.01848	0.02254	0.01595	0.06096	0.06403	0.07768	0.07650	0.28595	0.10060	0.09749	0.01894	0.01320	0.00343	0.04815	0.01641	0.00997	0.01172

[dist]
# distance from previous block
# <min> <max>
0	2

[block]
# block no. 2 follows, 14 sequences, length 24
# corresponding to MSA columns:
# 82-105
name=unknown_C
#
# <colnr> <probs for GDERKNQSTAVLIFYWHMCP>
#	G	D	E	R	K	N	Q	S	T	A	V	L	I	F	Y	W	H	M	C	P
0	0.03055	0.01468	0.01941	0.01575	0.02154	0.01272	0.01256	0.03494	0.02841	0.30376	0.25574	0.05067	0.05370	0.01558	0.01077	0.00303	0.00702	0.01327	0.01145	0.08444
1	0.02320	0.01868	0.02404	0.14288	0.08154	0.01999	0.01798	0.17448	0.03126	0.04151	0.14906	0.05133	0.14920	0.01623	0.01102	0.00326	0.00928	0.01369	0.00869	0.01270
2	0.01354	0.01045	0.01236	0.01188	0.01473	0.00927	0.00891	0.01747	0.02673	0.03565	0.37918	0.08570	0.29100	0.02303	0.01211	0.00332	0.00499	0.01983	0.01057	0.00927
3	0.02128	0.01824	0.02128	0.01520	0.02432	0.01368	0.01216	0.02584	0.02128	0.03344	0.01824	0.02128	0.01520	0.00760	0.00760	0.00152	0.00760	0.00608	0.00608	0.70208
4	0.07149	0.02503	0.03586	0.06906	0.03581	0.07835	0.13675	0.03105	0.02067	0.08524	0.01847	0.02451	0.01500	0.01359	0.02086	0.00380	0.28687	0.00939	0.00569	0.01252
5	0.03478	0.24882	0.03707	0.02018	0.02831	0.03131	0.01767	0.21883	0.08517	0.14257	0.02548	0.02492	0.01873	0.01127	0.00896	0.00282	0.01040	0.00832	0.00861	0.01579
6	0.02480	0.03426	0.23176	0.02307	0.03235	0.05977	0.02361	0.14191	0.08072	0.03908	0.03239	0.09228	0.06451	0.01417	0.01028	0.00319	0.01162	0.01147	0.00734	0.06142
7	0.02354	0.06241	0.02443	0.01681	0.02533	0.01857	0.01365	0.06492	0.10651	0.03636	0.02206	0.02382	0.01772	0.00898	0.00815	0.00198	0.00816	0.00711	0.00692	0.50256
8	0.02866	0.12307	0.17882	0.06207	0.12560	0.02802	0.02630	0.14986	0.02808	0.08031	0.02074	0.02358	0.01561	0.01092	0.01118	0.00311	0.05398	0.00830	0.00650	0.01529
9	0.01752	0.01582	0.02680	0.24364	0.09485	0.01707	0.07288	0.02230	0.02081	0.02761	0.03507	0.28723	0.03741	0.01939	0.01166	0.00371	0.01058	0.01804	0.00681	0.01081
10	0.01417	0.01048	0.01322	0.01254	0.01511	0.00953	0.00940	0.01868	0.02821	0.03915	0.50054	0.07995	0.16745	0.02173	0.01211	0.00326	0.00489	0.01902	0.01103	0.00953
11	0.01470	0.01082	0.01562	0.01562	0.01715	0.01235	0.01174	0.01776	0.01623	0.02317	0.02829	0.04475	0.02758	0.16984	0.50843	0.01541	0.02459	0.01164	0.00562	0.00868
12	0.03109	0.48388	0.04669	0.01911	0.02722	0.13112	0.01769	0.03435	0.02307	0.07949	0.01712	0.01863	0.01439	0.00947	0.00740	0.00237	0.01201	0.00615	0.00536	0.01338
13	0.01596	0.01324	0.01431	0.01355	0.01733	0.01300	0.01031	0.02551	0.15403	0.03470	0.20329	0.07868	0.32390	0.02184	0.01171	0.00341	0.00582	0.01846	0.01018	0.01075
14	0.02185	0.02076	0.03523	0.38867	0.27742	0.02345	0.02973	0.02838	0.02169	0.02921	0.01868	0.02656	0.01473	0.00980	0.01022	0.00327	0.01307	0.00913	0.00477	0.01339
15	0.01466	0.01100	0.01649	0.01649	0.01833	0.01283	0.01283	0.01833	0.01649	0.02382	0.02749	0.04032	0.02566	0.07697	0.59868	0.01649	0.02749	0.01100	0.00550	0.00916
16	0.01619	0.01215	0.01684	0.01618	0.01704	0.01431	0.01194	0.01777	0.01561	0.02221	0.02584	0.04444	0.02641	0.22471	0.30311	0.08309	0.10696	0.01161	0.00545	0.00814
17	0.06989	0.01603	0.05800	0.01478	0.01944	0.01331	0.01248	0.02413	0.06876	0.03900	0.34756	0.06203	0.11821	0.01798	0.01095	0.00312	0.00640	0.01536	0.00968	0.07290
18	0.01938	0.01824	0.03078	0.61468	0.07068	0.02280	0.02850	0.02622	0.02052	0.02622	0.01824	0.02736	0.01368	0.01026	0.01026	0.00342	0.01368	0.00912	0.00456	0.01140
19	0.02744	0.64552	0.05378	0.01756	0.02634	0.04061	0.01756	0.03073	0.02085	0.02414	0.01427	0.01646	0.01317	0.00878	0.00658	0.00219	0.01097	0.00549	0.00439	0.01317
20	0.02756	0.01810	0.02147	0.01823	0.02329	0.01927	0.01445	0.18461	0.06941	0.12519	0.03794	0.04260	0.08036	0.08052	0.18099	0.00751	0.01453	0.01180	0.00892	0.01324
21	0.01938	0.01824	0.03078	0.61468	0.07068	0.02280	0.02850	0.02622	0.02052	0.02622	0.01824	0.02736	0.01368	0.01026	0.01026	0.00342	0.01368	0.00912	0.00456	0.01140
22	0.01938	0.01824	0.03078	0.61468	0.07068	0.02280	0.02850	0.02622	0.02052	0.02622	0.01824	0.02736	0.01368	0.01026	0.01026	0.00342	0.01368	0.00912	0.00456	0.01140
23	0.03555	0.03546	0.08537	0.02692	0.07483	0.24945	0.02107	0.07733	0.09878	0.15542	0.02589	0.02606	0.01882	0.01141	0.00984	0.00300	0.01362	0.00858	0.00784	0.01477

[dist]
# distance from previous block
# <min> <max>
0	1

[block]
# block no. 3 follows, 14 sequences, length 8
# corresponding to MSA columns:
# 107-114
name=unknown_D
#
# <colnr> <probs for GDERKNQSTAVLIFYWHMCP>
#	G	D	E	R	K	N	Q	S	T	A	V	L	I	F	Y	W	H	M	C	P
0	0.02037	0.02769	0.16799	0.03392	0.17144	0.02129	0.06596	0.02684	0.02250	0.03178	0.09031	0.04163	0.11416	0.01455	0.01419	0.00343	0.10062	0.01201	0.00620	0.01312
1	0.01903	0.01535	0.01989	0.01792	0.02103	0.01670	0.01397	0.07491	0.02233	0.03190	0.07978	0.17019	0.03726	0.03446	0.16623	0.00679	0.11265	0.01453	0.00737	0.11771
2	0.13530	0.02072	0.07841	0.01724	0.02384	0.01777	0.01514	0.03368	0.13637	0.08991	0.18028	0.04103	0.04166	0.01372	0.00974	0.00302	0.00789	0.01123	0.00894	0.11411
3	0.17737	0.01346	0.01495	0.01454	0.01842	0.01323	0.01113	0.02521	0.02188	0.13681	0.05154	0.25736	0.12860	0.02207	0.01096	0.00368	0.00704	0.05151	0.00941	0.01083
4	0.17798	0.02163	0.03232	0.17813	0.04098	0.02641	0.10569	0.02766	0.01874	0.03126	0.01608	0.02326	0.01333	0.01254	0.01793	0.00375	0.22683	0.00875	0.00504	0.01167
5	0.27208	0.02133	0.02364	0.01939	0.02624	0.02313	0.04995	0.11339	0.14434	0.13460	0.05334	0.02924	0.02328	0.01192	0.00915	0.00325	0.00909	0.00929	0.00903	0.01433
6	0.02666	0.06994	0.02507	0.06452	0.02745	0.06790	0.01583	0.21052	0.03387	0.04466	0.18018	0.04473	0.08356	0.01523	0.01041	0.00304	0.00944	0.01232	0.04169	0.01298
7	0.02224	0.18238	0.07617	0.02799	0.14913	0.02390	0.01973	0.02954	0.07855	0.03141	0.06900	0.12698	0.03138	0.01414	0.00963	0.00295	0.00967	0.01206	0.00671	0.07645

[dist]
# distance from previous block
# <min> <max>
35	295

# created by:
# /st0/software/busco_prod/Augustus/scripts/msa2prfl.pl ./align_prep/12555.fa
