[name]
unknown

[dist]
# distance from previous block
# <min> <max>
0	182

[block]
# block no. 0 follows, 14 sequences, length 61
# corresponding to MSA columns:
# 190-250
name=unknown_A
#
# <colnr> <probs for GDERKNQSTAVLIFYWHMCP>
#	G	D	E	R	K	N	Q	S	T	A	V	L	I	F	Y	W	H	M	C	P
0	0.01753	0.01517	0.02534	0.02289	0.02670	0.01484	0.13175	0.02402	0.06477	0.03054	0.04656	0.27617	0.05021	0.02412	0.01302	0.00414	0.00986	0.18319	0.00859	0.01058
1	0.12669	0.01175	0.01336	0.01411	0.01635	0.01156	0.00999	0.01829	0.01905	0.02942	0.04333	0.37709	0.04991	0.10694	0.01684	0.00460	0.00715	0.05148	0.00829	0.06380
2	0.02536	0.35378	0.07920	0.07767	0.16744	0.03195	0.02274	0.03027	0.02153	0.02790	0.01641	0.02027	0.01413	0.00896	0.00805	0.00252	0.01149	0.00687	0.00471	0.06876
3	0.06344	0.02194	0.06650	0.16984	0.08237	0.01987	0.11787	0.02957	0.02219	0.07961	0.02341	0.07142	0.01948	0.01110	0.00999	0.00300	0.01169	0.01035	0.00622	0.16013
4	0.02531	0.16002	0.06938	0.12087	0.10464	0.02449	0.05483	0.06255	0.02439	0.08595	0.03251	0.03477	0.09489	0.01212	0.00965	0.00295	0.01102	0.01016	0.00659	0.05291
5	0.04604	0.01746	0.02382	0.01826	0.02620	0.01508	0.01508	0.05001	0.02937	0.58244	0.04049	0.03493	0.02540	0.01270	0.01032	0.00318	0.00873	0.01032	0.01270	0.01746
6	0.01244	0.00917	0.01166	0.01366	0.01472	0.00839	0.00924	0.01436	0.02026	0.02645	0.06428	0.54573	0.14981	0.03115	0.01294	0.00405	0.00583	0.02795	0.00953	0.00839
7	0.01527	0.01594	0.06846	0.10661	0.02861	0.01335	0.05456	0.01963	0.02175	0.02895	0.10237	0.31506	0.12279	0.02320	0.01208	0.00373	0.00855	0.02093	0.00818	0.00998
8	0.03042	0.10835	0.11937	0.12359	0.07475	0.02552	0.08629	0.11529	0.02765	0.15415	0.02393	0.02621	0.01703	0.01058	0.00994	0.00311	0.01245	0.00906	0.00727	0.01506
9	0.03502	0.02826	0.06958	0.02283	0.02921	0.10622	0.01961	0.18034	0.03110	0.17841	0.02541	0.02658	0.01833	0.01299	0.01422	0.00327	0.12374	0.00898	0.05104	0.01486
10	0.01909	0.01772	0.02962	0.51859	0.09839	0.02147	0.02681	0.02538	0.02062	0.02670	0.02212	0.08744	0.01924	0.01236	0.01054	0.00347	0.01281	0.01112	0.00509	0.01142
11	0.02213	0.18371	0.06176	0.06584	0.02736	0.02184	0.01654	0.02597	0.02091	0.06919	0.02964	0.19810	0.03028	0.01639	0.01114	0.00303	0.04848	0.01343	0.00680	0.12747
12	0.02804	0.01903	0.02164	0.01880	0.02451	0.02044	0.01482	0.07557	0.30058	0.15351	0.07893	0.04462	0.08017	0.01915	0.04868	0.00422	0.00923	0.01248	0.01056	0.01503
13	0.01264	0.00916	0.01195	0.01391	0.01485	0.00847	0.00942	0.01473	0.02066	0.02751	0.10130	0.55128	0.10455	0.03083	0.01295	0.00404	0.00581	0.02780	0.00967	0.00847
14	0.02088	0.02073	0.03800	0.45013	0.10516	0.02360	0.13827	0.02805	0.02153	0.02820	0.01886	0.02728	0.01428	0.00983	0.01065	0.00340	0.01435	0.00976	0.00473	0.01229
15	0.04328	0.02012	0.02524	0.01955	0.02741	0.01925	0.01608	0.15339	0.06633	0.43999	0.03724	0.03298	0.02410	0.01270	0.01032	0.00317	0.00923	0.01017	0.01205	0.01739
16	0.02809	0.01400	0.01836	0.01624	0.02032	0.01344	0.01256	0.03254	0.09031	0.22298	0.06887	0.04686	0.06632	0.02278	0.02044	0.22813	0.00831	0.04874	0.00923	0.01149
17	0.02704	0.01496	0.01890	0.01601	0.02086	0.01429	0.01262	0.07112	0.07261	0.21116	0.32225	0.05671	0.06343	0.01719	0.01128	0.00322	0.00680	0.01474	0.01159	0.01321
18	0.02058	0.05308	0.58618	0.02925	0.04442	0.02383	0.03792	0.03250	0.02167	0.03250	0.01842	0.02167	0.01300	0.00975	0.00975	0.00325	0.01517	0.00758	0.00433	0.01517
19	0.08349	0.01061	0.01181	0.01240	0.01322	0.01074	0.00775	0.01624	0.01667	0.02449	0.03819	0.24076	0.04436	0.38489	0.03531	0.00745	0.00849	0.01849	0.00728	0.00737
20	0.65105	0.01898	0.01474	0.01329	0.01909	0.02188	0.01069	0.02884	0.01724	0.04376	0.01586	0.02107	0.01340	0.06446	0.01035	0.00377	0.00811	0.00637	0.00634	0.01069
21	0.02410	0.01540	0.01803	0.01641	0.02041	0.01588	0.01238	0.06623	0.16475	0.12584	0.12060	0.16147	0.04651	0.07263	0.01456	0.00398	0.00741	0.01585	0.06497	0.01259
22	0.01314	0.00997	0.01151	0.01187	0.01425	0.00878	0.00855	0.01522	0.02251	0.02850	0.15748	0.19675	0.34123	0.02743	0.01510	0.07300	0.00567	0.02144	0.00930	0.00834
23	0.01464	0.01063	0.01425	0.01639	0.01822	0.01024	0.01314	0.01809	0.02216	0.02878	0.06008	0.30077	0.11319	0.02949	0.01358	0.00440	0.00776	0.28573	0.00949	0.00897
24	0.07516	0.01284	0.01560	0.01444	0.01792	0.01220	0.01085	0.02711	0.02239	0.18161	0.07816	0.13293	0.07197	0.16586	0.02069	0.00503	0.00797	0.06396	0.05246	0.01085
25	0.01622	0.00927	0.01330	0.01395	0.01447	0.00906	0.00969	0.01469	0.01693	0.02273	0.07755	0.17897	0.03922	0.03303	0.02956	0.42936	0.00792	0.05131	0.00658	0.00617
26	0.01486	0.01022	0.01257	0.01257	0.01304	0.01070	0.00793	0.01581	0.01533	0.02092	0.03108	0.06019	0.03428	0.49330	0.19415	0.01165	0.01450	0.01390	0.00603	0.00698
27	0.01550	0.01007	0.01353	0.01353	0.01416	0.01071	0.00912	0.01575	0.01511	0.02078	0.02734	0.04964	0.02882	0.30659	0.23866	0.17033	0.01578	0.01219	0.00557	0.00683
28	0.01350	0.00982	0.01220	0.01280	0.01434	0.00908	0.00884	0.01617	0.02268	0.03056	0.23439	0.28238	0.14561	0.11798	0.01845	0.00461	0.00606	0.02236	0.00964	0.00853
29	0.03215	0.01354	0.01689	0.01408	0.01922	0.01230	0.01125	0.03654	0.02589	0.30782	0.07162	0.03909	0.03042	0.01291	0.00905	0.00283	0.00674	0.01052	0.31365	0.01348
30	0.02744	0.64552	0.05378	0.01756	0.02634	0.04061	0.01756	0.03073	0.02085	0.02414	0.01427	0.01646	0.01317	0.00878	0.00658	0.00219	0.01097	0.00549	0.00439	0.01317
31	0.01938	0.01824	0.03078	0.61468	0.07068	0.02280	0.02850	0.02622	0.02052	0.02622	0.01824	0.02736	0.01368	0.01026	0.01026	0.00342	0.01368	0.00912	0.00456	0.01140
32	0.02861	0.02358	0.02494	0.02151	0.02786	0.02697	0.01699	0.16580	0.44051	0.04790	0.03785	0.03517	0.02815	0.01356	0.01040	0.00339	0.00885	0.01106	0.01040	0.01652
33	0.23714	0.06482	0.02584	0.01969	0.02669	0.07418	0.04533	0.07057	0.15662	0.09479	0.02518	0.02549	0.01884	0.01095	0.00870	0.00303	0.00991	0.00827	0.00793	0.06601
34	0.07130	0.01269	0.01502	0.01459	0.01778	0.01231	0.01071	0.02541	0.06919	0.11996	0.11545	0.26870	0.11862	0.06289	0.01421	0.00405	0.00677	0.01972	0.00988	0.01076
35	0.01350	0.00997	0.01188	0.01222	0.01396	0.00915	0.00841	0.01599	0.02229	0.02952	0.21038	0.21433	0.19982	0.15755	0.02095	0.00496	0.00630	0.02114	0.00932	0.00835
36	0.16710	0.02255	0.02335	0.10669	0.03200	0.07735	0.01631	0.07130	0.05876	0.10298	0.02187	0.02397	0.01638	0.01005	0.00862	0.00269	0.01010	0.00758	0.00722	0.21314
37	0.02516	0.17044	0.23818	0.02195	0.03207	0.02499	0.02368	0.08105	0.02378	0.06881	0.02010	0.02338	0.01566	0.01555	0.04868	0.04358	0.01296	0.00758	0.00578	0.09663
38	0.28629	0.02045	0.02212	0.06953	0.02857	0.02207	0.01552	0.10990	0.07932	0.20982	0.02679	0.02643	0.01858	0.01139	0.00886	0.00321	0.00917	0.00843	0.00908	0.01447
39	0.19503	0.02983	0.17316	0.02717	0.11132	0.02352	0.02272	0.03733	0.16639	0.03893	0.02386	0.02547	0.01814	0.01060	0.00901	0.00315	0.01052	0.00831	0.00672	0.05881
40	0.02480	0.02377	0.04057	0.11787	0.52513	0.02423	0.03120	0.03097	0.02308	0.03280	0.01920	0.02559	0.01600	0.00925	0.01017	0.00308	0.01234	0.00914	0.00503	0.01577
41	0.03287	0.06453	0.02942	0.02187	0.02829	0.02852	0.01815	0.31886	0.06768	0.08662	0.03232	0.03267	0.07303	0.01439	0.01364	0.00330	0.09897	0.01041	0.00915	0.01533
42	0.01466	0.01100	0.01649	0.01649	0.01833	0.01283	0.01283	0.01833	0.01649	0.02382	0.02749	0.04032	0.02566	0.07697	0.59868	0.01649	0.02749	0.01100	0.00550	0.00916
43	0.03345	0.21831	0.07379	0.02220	0.03069	0.07640	0.01996	0.28677	0.06643	0.04602	0.02142	0.02230	0.01635	0.01104	0.00905	0.00281	0.01181	0.00793	0.00773	0.01551
44	0.01938	0.01824	0.03078	0.61468	0.07068	0.02280	0.02850	0.02622	0.02052	0.02622	0.01824	0.02736	0.01368	0.01026	0.01026	0.00342	0.01368	0.00912	0.00456	0.01140
45	0.02744	0.64552	0.05378	0.01756	0.02634	0.04061	0.01756	0.03073	0.02085	0.02414	0.01427	0.01646	0.01317	0.00878	0.00658	0.00219	0.01097	0.00549	0.00439	0.01317
46	0.01562	0.01180	0.01438	0.01475	0.01677	0.01190	0.01046	0.02295	0.11617	0.03318	0.20992	0.30809	0.06772	0.07848	0.01574	0.00426	0.00634	0.02159	0.00994	0.00995
47	0.01443	0.00974	0.01134	0.01182	0.01195	0.00962	0.00689	0.01479	0.01589	0.02118	0.03727	0.18244	0.04354	0.51557	0.04425	0.00877	0.00913	0.01783	0.00689	0.00665
48	0.01434	0.01034	0.01265	0.01342	0.01486	0.00996	0.00916	0.01761	0.05483	0.02771	0.11940	0.31166	0.13303	0.12397	0.02094	0.06031	0.00671	0.02179	0.00888	0.00842
49	0.02554	0.01322	0.01607	0.01414	0.01708	0.01273	0.00976	0.02895	0.05972	0.19931	0.03561	0.05483	0.03310	0.39496	0.03589	0.00733	0.00943	0.01322	0.00858	0.01052
50	0.01302	0.01017	0.01189	0.01262	0.01508	0.00904	0.00939	0.01596	0.02329	0.02963	0.15624	0.23509	0.31949	0.02707	0.01258	0.00374	0.00576	0.07134	0.00978	0.00881
51	0.01492	0.00995	0.01119	0.01119	0.01119	0.00995	0.00622	0.01492	0.01492	0.01990	0.03233	0.06716	0.03731	0.63935	0.05223	0.00995	0.00995	0.01492	0.00622	0.00622
52	0.07198	0.01133	0.01410	0.01380	0.01644	0.01078	0.01019	0.02119	0.02535	0.08085	0.32989	0.23420	0.07560	0.02273	0.01180	0.00350	0.00573	0.02002	0.01049	0.01002
53	0.02434	0.01469	0.01779	0.01583	0.02036	0.01436	0.01225	0.03390	0.14697	0.17250	0.21894	0.10542	0.12221	0.01888	0.01137	0.00338	0.00668	0.01620	0.01108	0.01285
54	0.01293	0.00918	0.01214	0.01434	0.01500	0.00867	0.00971	0.01477	0.01954	0.02601	0.05462	0.55874	0.06506	0.07700	0.01607	0.00463	0.00647	0.05758	0.00928	0.00825
55	0.14240	0.02018	0.02210	0.01883	0.02543	0.02169	0.01504	0.04913	0.29665	0.22101	0.03694	0.03371	0.02613	0.01282	0.00975	0.00333	0.00829	0.01021	0.01053	0.01582
56	0.03700	0.01952	0.02327	0.01870	0.02565	0.01946	0.01517	0.14276	0.12727	0.31242	0.04135	0.03795	0.06095	0.01367	0.01025	0.00318	0.00864	0.01104	0.05559	0.01615
57	0.01504	0.01059	0.01439	0.01398	0.01616	0.01090	0.01066	0.01941	0.02340	0.03410	0.30493	0.05866	0.06205	0.04192	0.24046	0.00832	0.01367	0.01471	0.07718	0.00947
58	0.30579	0.01839	0.02041	0.01640	0.02372	0.01818	0.01353	0.04227	0.02473	0.37317	0.03027	0.02781	0.01983	0.01146	0.00877	0.00318	0.00842	0.00846	0.01022	0.01499
59	0.10684	0.01248	0.01526	0.01389	0.01686	0.01224	0.01014	0.02533	0.01979	0.15422	0.06275	0.07326	0.03005	0.10951	0.02479	0.21564	0.00812	0.01150	0.06788	0.00947
60	0.32739	0.01705	0.01960	0.06566	0.10469	0.01891	0.01490	0.02516	0.01824	0.03489	0.02235	0.08706	0.02150	0.06948	0.06537	0.05010	0.01073	0.01014	0.00614	0.01063

[dist]
# distance from previous block
# <min> <max>
0	1

[block]
# block no. 1 follows, 14 sequences, length 7
# corresponding to MSA columns:
# 252-258
name=unknown_B
#
# <colnr> <probs for GDERKNQSTAVLIFYWHMCP>
#	G	D	E	R	K	N	Q	S	T	A	V	L	I	F	Y	W	H	M	C	P
0	0.02728	0.02266	0.02869	0.02673	0.08371	0.02503	0.05568	0.17729	0.23562	0.04399	0.03093	0.03285	0.02394	0.02319	0.10909	0.00551	0.01330	0.01065	0.00865	0.01521
1	0.03463	0.02641	0.03280	0.02536	0.03335	0.02853	0.08971	0.33489	0.15073	0.09155	0.02881	0.02864	0.02067	0.01218	0.01056	0.00322	0.01127	0.01021	0.00977	0.01670
2	0.01682	0.01136	0.01592	0.09728	0.02413	0.01129	0.01321	0.01984	0.02128	0.07638	0.05282	0.40858	0.08946	0.02662	0.01250	0.00399	0.00756	0.07213	0.00912	0.00970
3	0.10040	0.02224	0.03720	0.17882	0.20778	0.02271	0.13126	0.02959	0.02191	0.03304	0.01864	0.02480	0.01477	0.00914	0.00981	0.00303	0.01250	0.00893	0.00526	0.10818
4	0.02731	0.02699	0.11259	0.03686	0.18818	0.02264	0.11020	0.03861	0.12650	0.11606	0.02679	0.02885	0.01986	0.01048	0.01032	0.00314	0.01183	0.00985	0.00722	0.06574
5	0.11727	0.01757	0.01926	0.01693	0.02078	0.01987	0.01318	0.12413	0.08492	0.03907	0.07029	0.04178	0.05845	0.11300	0.07720	0.00560	0.06835	0.01138	0.06936	0.01161
6	0.02248	0.02519	0.09865	0.27663	0.31669	0.02370	0.03104	0.02953	0.02205	0.03053	0.01878	0.02575	0.01487	0.00965	0.01015	0.00322	0.01311	0.00896	0.00479	0.01422

[dist]
# distance from previous block
# <min> <max>
0	1

[block]
# block no. 2 follows, 14 sequences, length 204
# corresponding to MSA columns:
# 260-448,450-464
name=unknown_C
#
# <colnr> <probs for GDERKNQSTAVLIFYWHMCP>
#	G	D	E	R	K	N	Q	S	T	A	V	L	I	F	Y	W	H	M	C	P
0	0.02463	0.02207	0.02352	0.01922	0.02583	0.06144	0.01524	0.07401	0.17109	0.03649	0.02540	0.02757	0.02035	0.01595	0.05534	0.00362	0.05709	0.00848	0.00739	0.30529
1	0.02887	0.06038	0.02123	0.01671	0.02150	0.01529	0.01308	0.07204	0.02651	0.24583	0.08345	0.26523	0.04556	0.02047	0.01124	0.00348	0.00774	0.01774	0.01058	0.01306
2	0.01832	0.01277	0.01619	0.01509	0.01914	0.01086	0.01129	0.02161	0.02208	0.07477	0.09087	0.31193	0.05065	0.02190	0.01121	0.00325	0.00682	0.05454	0.00890	0.21782
3	0.01250	0.00893	0.01191	0.01429	0.01488	0.00834	0.00953	0.01429	0.01965	0.02620	0.05656	0.63265	0.06787	0.03215	0.01310	0.00417	0.00595	0.02917	0.00953	0.00834
4	0.03382	0.04140	0.02975	0.02658	0.03037	0.43722	0.02057	0.03635	0.02529	0.02500	0.01518	0.01963	0.01329	0.01267	0.01619	0.00317	0.18948	0.00728	0.00506	0.01171
5	0.01938	0.01824	0.03078	0.61468	0.07068	0.02280	0.02850	0.02622	0.02052	0.02622	0.01824	0.02736	0.01368	0.01026	0.01026	0.00342	0.01368	0.00912	0.00456	0.01140
6	0.08527	0.02930	0.19445	0.02353	0.07116	0.01961	0.02167	0.03144	0.08881	0.03439	0.02098	0.02417	0.01648	0.01140	0.01107	0.05362	0.01045	0.00763	0.00593	0.23863
7	0.02422	0.02768	0.06055	0.04325	0.05363	0.02595	0.53806	0.03287	0.02422	0.03287	0.02076	0.02768	0.01557	0.00865	0.01211	0.00346	0.01730	0.01211	0.00519	0.01384
8	0.02553	0.02204	0.02320	0.02088	0.02669	0.02553	0.01624	0.05453	0.55679	0.04293	0.04177	0.03829	0.03133	0.01392	0.01044	0.00348	0.00812	0.01160	0.01044	0.01624
9	0.02058	0.05308	0.58618	0.02925	0.04442	0.02383	0.03792	0.03250	0.02167	0.03250	0.01842	0.02167	0.01300	0.00975	0.00975	0.00325	0.01517	0.00758	0.00433	0.01517
10	0.02058	0.05308	0.58618	0.02925	0.04442	0.02383	0.03792	0.03250	0.02167	0.03250	0.01842	0.02167	0.01300	0.00975	0.00975	0.00325	0.01517	0.00758	0.00433	0.01517
11	0.01762	0.00937	0.01387	0.01424	0.01461	0.00937	0.01011	0.01461	0.01498	0.01984	0.02354	0.04444	0.02428	0.03451	0.03604	0.59228	0.00900	0.08683	0.00524	0.00524
12	0.02540	0.02438	0.04165	0.06299	0.57533	0.02438	0.03149	0.03149	0.02337	0.03353	0.01930	0.02540	0.01626	0.00914	0.01016	0.00305	0.01219	0.00914	0.00508	0.01626
13	0.71184	0.01985	0.01508	0.01350	0.01985	0.02302	0.01111	0.03017	0.01746	0.04604	0.01429	0.01667	0.01111	0.00953	0.00635	0.00318	0.00794	0.00556	0.00635	0.01111
14	0.01783	0.00891	0.01337	0.01337	0.01337	0.00891	0.00891	0.01337	0.01337	0.01783	0.01783	0.03119	0.01783	0.03565	0.04011	0.70143	0.00891	0.00891	0.00446	0.00446
15	0.01654	0.01181	0.01654	0.01890	0.02126	0.01181	0.01654	0.02126	0.02362	0.03071	0.05433	0.11576	0.05906	0.02835	0.01417	0.00472	0.00945	0.50626	0.00945	0.00945
16	0.02422	0.02768	0.06055	0.04325	0.05363	0.02595	0.53806	0.03287	0.02422	0.03287	0.02076	0.02768	0.01557	0.00865	0.01211	0.00346	0.01730	0.01211	0.00519	0.01384
17	0.01452	0.01049	0.01372	0.01291	0.01533	0.00968	0.00968	0.01937	0.02905	0.04115	0.56992	0.07666	0.09683	0.02098	0.01210	0.00323	0.00484	0.01856	0.01130	0.00968
18	0.01250	0.00893	0.01191	0.01429	0.01488	0.00834	0.00953	0.01429	0.01965	0.02620	0.05656	0.63265	0.06787	0.03215	0.01310	0.00417	0.00595	0.02917	0.00953	0.00834
19	0.01492	0.00995	0.01119	0.01119	0.01119	0.00995	0.00622	0.01492	0.01492	0.01990	0.03233	0.06716	0.03731	0.63935	0.05223	0.00995	0.00995	0.01492	0.00622	0.00622
20	0.01250	0.00893	0.01191	0.01429	0.01488	0.00834	0.00953	0.01429	0.01965	0.02620	0.05656	0.63265	0.06787	0.03215	0.01310	0.00417	0.00595	0.02917	0.00953	0.00834
21	0.01250	0.00893	0.01191	0.01429	0.01488	0.00834	0.00953	0.01429	0.01965	0.02620	0.05656	0.63265	0.06787	0.03215	0.01310	0.00417	0.00595	0.02917	0.00953	0.00834
22	0.01466	0.01100	0.01649	0.01649	0.01833	0.01283	0.01283	0.01833	0.01649	0.02382	0.02749	0.04032	0.02566	0.07697	0.59868	0.01649	0.02749	0.01100	0.00550	0.00916
23	0.02245	0.02245	0.03143	0.02694	0.02694	0.03143	0.02245	0.02470	0.01572	0.02470	0.01347	0.02245	0.01347	0.01796	0.03368	0.00449	0.62057	0.00898	0.00449	0.01123
24	0.01466	0.01100	0.01649	0.01649	0.01833	0.01283	0.01283	0.01833	0.01649	0.02382	0.02749	0.04032	0.02566	0.07697	0.59868	0.01649	0.02749	0.01100	0.00550	0.00916
25	0.01488	0.01011	0.01201	0.01201	0.01230	0.01040	0.00724	0.01545	0.01517	0.02051	0.03158	0.06300	0.03550	0.55221	0.13690	0.01096	0.01267	0.01431	0.00611	0.00667
26	0.02799	0.13638	0.21792	0.03390	0.15696	0.14234	0.02797	0.08054	0.02585	0.03291	0.01803	0.02133	0.01421	0.00986	0.00929	0.00290	0.01415	0.00756	0.00525	0.01465
27	0.04604	0.01746	0.02382	0.01826	0.02620	0.01508	0.01508	0.05001	0.02937	0.58244	0.04049	0.03493	0.02540	0.01270	0.01032	0.00318	0.00873	0.01032	0.01270	0.01746
28	0.13435	0.02298	0.03211	0.19607	0.22950	0.02541	0.02480	0.14416	0.02725	0.04049	0.01943	0.02439	0.01502	0.01022	0.00961	0.00318	0.01173	0.00860	0.00630	0.01440
29	0.02058	0.05308	0.58618	0.02925	0.04442	0.02383	0.03792	0.03250	0.02167	0.03250	0.01842	0.02167	0.01300	0.00975	0.00975	0.00325	0.01517	0.00758	0.00433	0.01517
30	0.01993	0.01201	0.01472	0.01383	0.01774	0.01063	0.01101	0.02364	0.02589	0.13849	0.19142	0.08399	0.27604	0.02264	0.01209	0.00355	0.00646	0.09467	0.01054	0.01072
31	0.01466	0.01100	0.01649	0.01649	0.01833	0.01283	0.01283	0.01833	0.01649	0.02382	0.02749	0.04032	0.02566	0.07697	0.59868	0.01649	0.02749	0.01100	0.00550	0.00916
32	0.03838	0.04759	0.02919	0.02625	0.03173	0.56119	0.01981	0.07361	0.03033	0.02770	0.01644	0.01891	0.01350	0.01069	0.00932	0.00267	0.01804	0.00678	0.00561	0.01226
33	0.04079	0.01613	0.02195	0.01764	0.02442	0.01403	0.01421	0.04442	0.02785	0.49530	0.04300	0.12857	0.03206	0.01575	0.01076	0.00333	0.00830	0.01327	0.01220	0.01603
34	0.01213	0.01040	0.01040	0.01040	0.01386	0.00866	0.00780	0.01473	0.02339	0.02772	0.10396	0.09876	0.57117	0.02599	0.01213	0.00347	0.00520	0.02166	0.00953	0.00866
35	0.01938	0.01824	0.03078	0.61468	0.07068	0.02280	0.02850	0.02622	0.02052	0.02622	0.01824	0.02736	0.01368	0.01026	0.01026	0.00342	0.01368	0.00912	0.00456	0.01140
36	0.01338	0.01044	0.01212	0.01170	0.01463	0.00919	0.00878	0.01714	0.02634	0.03471	0.34651	0.08725	0.32426	0.02338	0.01212	0.00334	0.00501	0.02004	0.01045	0.00919
37	0.01492	0.00995	0.01119	0.01119	0.01119	0.00995	0.00622	0.01492	0.01492	0.01990	0.03233	0.06716	0.03731	0.63935	0.05223	0.00995	0.00995	0.01492	0.00622	0.00622
38	0.01213	0.01040	0.01040	0.01040	0.01386	0.00866	0.00780	0.01473	0.02339	0.02772	0.10396	0.09876	0.57117	0.02599	0.01213	0.00347	0.00520	0.02166	0.00953	0.00866
39	0.04604	0.01746	0.02382	0.01826	0.02620	0.01508	0.01508	0.05001	0.02937	0.58244	0.04049	0.03493	0.02540	0.01270	0.01032	0.00318	0.00873	0.01032	0.01270	0.01746
40	0.22667	0.01811	0.02145	0.01697	0.02447	0.01724	0.01401	0.04463	0.02614	0.43692	0.03338	0.02998	0.02153	0.01184	0.00924	0.00318	0.00852	0.00903	0.01098	0.01574
41	0.01466	0.01100	0.01649	0.01649	0.01833	0.01283	0.01283	0.01833	0.01649	0.02382	0.02749	0.04032	0.02566	0.07697	0.59868	0.01649	0.02749	0.01100	0.00550	0.00916
42	0.01452	0.01049	0.01372	0.01291	0.01533	0.00968	0.00968	0.01937	0.02905	0.04115	0.56992	0.07666	0.09683	0.02098	0.01210	0.00323	0.00484	0.01856	0.01130	0.00968
43	0.01783	0.00891	0.01337	0.01337	0.01337	0.00891	0.00891	0.01337	0.01337	0.01783	0.01783	0.03119	0.01783	0.03565	0.04011	0.70143	0.00891	0.00891	0.00446	0.00446
44	0.01654	0.01181	0.01654	0.01890	0.02126	0.01181	0.01654	0.02126	0.02362	0.03071	0.05433	0.11576	0.05906	0.02835	0.01417	0.00472	0.00945	0.50626	0.00945	0.00945
45	0.02553	0.02204	0.02320	0.02088	0.02669	0.02553	0.01624	0.05453	0.55679	0.04293	0.04177	0.03829	0.03133	0.01392	0.01044	0.00348	0.00812	0.01160	0.01044	0.01624
46	0.71184	0.01985	0.01508	0.01350	0.01985	0.02302	0.01111	0.03017	0.01746	0.04604	0.01429	0.01667	0.01111	0.00953	0.00635	0.00318	0.00794	0.00556	0.00635	0.01111
47	0.01484	0.01027	0.01284	0.01284	0.01341	0.01084	0.00827	0.01598	0.01541	0.02112	0.03083	0.05881	0.03369	0.46450	0.22213	0.01198	0.01540	0.01370	0.00599	0.00713
48	0.71184	0.01985	0.01508	0.01350	0.01985	0.02302	0.01111	0.03017	0.01746	0.04604	0.01429	0.01667	0.01111	0.00953	0.00635	0.00318	0.00794	0.00556	0.00635	0.01111
49	0.03833	0.04891	0.02908	0.02644	0.03173	0.59815	0.01983	0.04098	0.02908	0.02512	0.01586	0.01851	0.01322	0.01058	0.00925	0.00264	0.01851	0.00661	0.00529	0.01190
50	0.01492	0.00995	0.01119	0.01119	0.01119	0.00995	0.00622	0.01492	0.01492	0.01990	0.03233	0.06716	0.03731	0.63935	0.05223	0.00995	0.00995	0.01492	0.00622	0.00622
51	0.03685	0.02603	0.02916	0.02301	0.03019	0.02879	0.01909	0.42163	0.04243	0.10708	0.02748	0.03208	0.02094	0.01392	0.01220	0.00331	0.05378	0.04558	0.01002	0.01643
52	0.01470	0.01083	0.01566	0.01566	0.01721	0.01238	0.01179	0.01779	0.01625	0.02321	0.02825	0.04452	0.02748	0.16507	0.51308	0.01547	0.02474	0.01161	0.00561	0.00870
53	0.01466	0.01100	0.01649	0.01649	0.01833	0.01283	0.01283	0.01833	0.01649	0.02382	0.02749	0.04032	0.02566	0.07697	0.59868	0.01649	0.02749	0.01100	0.00550	0.00916
54	0.01526	0.01188	0.01765	0.01730	0.01899	0.01427	0.01357	0.01882	0.01643	0.02389	0.02640	0.03893	0.02471	0.07241	0.55502	0.01557	0.07331	0.01084	0.00542	0.00932
55	0.01986	0.01775	0.02814	0.14939	0.22311	0.01899	0.02194	0.02534	0.02442	0.03436	0.22842	0.04509	0.04624	0.01451	0.01264	0.00329	0.05406	0.01271	0.00730	0.01243
56	0.02333	0.02075	0.02730	0.16034	0.12189	0.02381	0.02113	0.04193	0.31353	0.03631	0.03193	0.03397	0.02459	0.01695	0.05327	0.00435	0.01142	0.01062	0.00792	0.01464
57	0.20615	0.02447	0.03069	0.03841	0.27473	0.06389	0.02226	0.08112	0.02531	0.10890	0.02096	0.02382	0.01600	0.01009	0.00915	0.00307	0.01102	0.00820	0.00687	0.01489
58	0.02744	0.64552	0.05378	0.01756	0.02634	0.04061	0.01756	0.03073	0.02085	0.02414	0.01427	0.01646	0.01317	0.00878	0.00658	0.00219	0.01097	0.00549	0.00439	0.01317
59	0.01490	0.01002	0.01157	0.01157	0.01169	0.01015	0.00668	0.01516	0.01503	0.02017	0.03199	0.06527	0.03649	0.59979	0.09067	0.01041	0.01118	0.01465	0.00617	0.00643
60	0.27705	0.01916	0.01806	0.01528	0.02089	0.02126	0.01237	0.18415	0.02821	0.04916	0.02380	0.02625	0.01808	0.01118	0.00782	0.00289	0.00792	0.00801	0.23592	0.01254
61	0.01859	0.01152	0.01395	0.01329	0.01668	0.01025	0.01016	0.02184	0.02469	0.11712	0.18134	0.12225	0.26133	0.06735	0.01497	0.00400	0.00646	0.06392	0.01016	0.01014
62	0.50204	0.01937	0.01727	0.01513	0.02090	0.02210	0.01231	0.03058	0.06184	0.04294	0.05914	0.02375	0.01976	0.01121	0.00917	0.00317	0.05150	0.00732	0.00690	0.06361
63	0.01938	0.01824	0.03078	0.61468	0.07068	0.02280	0.02850	0.02622	0.02052	0.02622	0.01824	0.02736	0.01368	0.01026	0.01026	0.00342	0.01368	0.00912	0.00456	0.01140
64	0.01492	0.00995	0.01119	0.01119	0.01119	0.00995	0.00622	0.01492	0.01492	0.01990	0.03233	0.06716	0.03731	0.63935	0.05223	0.00995	0.00995	0.01492	0.00622	0.00622
65	0.03230	0.01582	0.01941	0.01639	0.02166	0.01524	0.01308	0.10962	0.02833	0.26585	0.03828	0.08722	0.03084	0.05447	0.01273	0.00360	0.00814	0.04788	0.16542	0.01370
66	0.02422	0.02768	0.06055	0.04325	0.05363	0.02595	0.53806	0.03287	0.02422	0.03287	0.02076	0.02768	0.01557	0.00865	0.01211	0.00346	0.01730	0.01211	0.00519	0.01384
67	0.01654	0.01181	0.01654	0.01890	0.02126	0.01181	0.01654	0.02126	0.02362	0.03071	0.05433	0.11576	0.05906	0.02835	0.01417	0.00472	0.00945	0.50626	0.00945	0.00945
68	0.01602	0.01144	0.01594	0.01831	0.02044	0.01137	0.01564	0.02037	0.02311	0.03013	0.05462	0.18209	0.06019	0.02884	0.01404	0.00465	0.00900	0.44503	0.00946	0.00931
69	0.01783	0.00891	0.01337	0.01337	0.01337	0.00891	0.00891	0.01337	0.01337	0.01783	0.01783	0.03119	0.01783	0.03565	0.04011	0.70143	0.00891	0.00891	0.00446	0.00446
70	0.01938	0.01824	0.03078	0.61468	0.07068	0.02280	0.02850	0.02622	0.02052	0.02622	0.01824	0.02736	0.01368	0.01026	0.01026	0.00342	0.01368	0.00912	0.00456	0.01140
71	0.01250	0.00893	0.01191	0.01429	0.01488	0.00834	0.00953	0.01429	0.01965	0.02620	0.05656	0.63265	0.06787	0.03215	0.01310	0.00417	0.00595	0.02917	0.00953	0.00834
72	0.03833	0.04891	0.02908	0.02644	0.03173	0.59815	0.01983	0.04098	0.02908	0.02512	0.01586	0.01851	0.01322	0.01058	0.00925	0.00264	0.01851	0.00661	0.00529	0.01190
73	0.01779	0.01064	0.01236	0.01184	0.01257	0.01042	0.00703	0.01816	0.01625	0.07171	0.03309	0.06419	0.03621	0.58163	0.04837	0.00933	0.00984	0.01450	0.00682	0.00725
74	0.01394	0.00969	0.01223	0.01370	0.01429	0.00940	0.00916	0.01542	0.01836	0.02438	0.04705	0.35106	0.05510	0.26297	0.02814	0.00644	0.00792	0.08482	0.00826	0.00767
75	0.01452	0.01049	0.01372	0.01291	0.01533	0.00968	0.00968	0.01937	0.02905	0.04115	0.56992	0.07666	0.09683	0.02098	0.01210	0.00323	0.00484	0.01856	0.01130	0.00968
76	0.01516	0.01067	0.01245	0.01269	0.01346	0.01073	0.00795	0.01809	0.05672	0.02482	0.08749	0.18162	0.04861	0.41254	0.03748	0.00768	0.00853	0.01793	0.00767	0.00770
77	0.01480	0.01012	0.01200	0.01175	0.01252	0.00986	0.00733	0.01635	0.01947	0.02674	0.20528	0.07021	0.05646	0.44041	0.03932	0.00779	0.00831	0.01609	0.00785	0.00733
78	0.02400	0.01532	0.01730	0.01554	0.01991	0.01608	0.01205	0.03741	0.21703	0.11319	0.15634	0.04634	0.04363	0.01476	0.00986	0.00307	0.00653	0.01239	0.20619	0.01305
79	0.01913	0.00956	0.00956	0.00956	0.01196	0.00956	0.00717	0.02391	0.02152	0.03826	0.03348	0.03826	0.02630	0.01196	0.00717	0.00239	0.00478	0.00956	0.69632	0.00956
80	0.01837	0.01101	0.01415	0.01387	0.01665	0.00989	0.01019	0.02164	0.02485	0.11853	0.23153	0.27430	0.14643	0.02447	0.01219	0.00359	0.00591	0.02157	0.01061	0.01026
81	0.02415	0.01262	0.01680	0.01454	0.01865	0.01133	0.01133	0.02872	0.02915	0.20644	0.40825	0.06391	0.07502	0.01845	0.01156	0.00321	0.00603	0.01604	0.01173	0.01206
82	0.01342	0.00959	0.01296	0.01534	0.01634	0.00913	0.01113	0.01588	0.02055	0.02723	0.05605	0.51472	0.06586	0.03128	0.01334	0.00429	0.00675	0.13802	0.00951	0.00859
83	0.02594	0.02840	0.03405	0.32504	0.13771	0.18367	0.06152	0.03162	0.02361	0.02751	0.01792	0.02461	0.01408	0.01006	0.01009	0.00315	0.01504	0.00863	0.00489	0.01247
84	0.03833	0.04891	0.02908	0.02644	0.03173	0.59815	0.01983	0.04098	0.02908	0.02512	0.01586	0.01851	0.01322	0.01058	0.00925	0.00264	0.01851	0.00661	0.00529	0.01190
85	0.03334	0.26537	0.07767	0.02169	0.03060	0.03462	0.02003	0.31178	0.03599	0.04703	0.02026	0.02132	0.01552	0.01079	0.00883	0.00275	0.01144	0.00770	0.00762	0.01566
86	0.01466	0.01100	0.01649	0.01649	0.01833	0.01283	0.01283	0.01833	0.01649	0.02382	0.02749	0.04032	0.02566	0.07697	0.59868	0.01649	0.02749	0.01100	0.00550	0.00916
87	0.01624	0.01162	0.01612	0.01801	0.02038	0.01150	0.01552	0.02098	0.02443	0.03226	0.13104	0.10994	0.06468	0.02725	0.01387	0.00450	0.00876	0.43370	0.00972	0.00948
88	0.01250	0.00893	0.01191	0.01429	0.01488	0.00834	0.00953	0.01429	0.01965	0.02620	0.05656	0.63265	0.06787	0.03215	0.01310	0.00417	0.00595	0.02917	0.00953	0.00834
89	0.01466	0.01100	0.01649	0.01649	0.01833	0.01283	0.01283	0.01833	0.01649	0.02382	0.02749	0.04032	0.02566	0.07697	0.59868	0.01649	0.02749	0.01100	0.00550	0.00916
90	0.01466	0.01100	0.01649	0.01649	0.01833	0.01283	0.01283	0.01833	0.01649	0.02382	0.02749	0.04032	0.02566	0.07697	0.59868	0.01649	0.02749	0.01100	0.00550	0.00916
91	0.01213	0.01040	0.01040	0.01040	0.01386	0.00866	0.00780	0.01473	0.02339	0.02772	0.10396	0.09876	0.57117	0.02599	0.01213	0.00347	0.00520	0.02166	0.00953	0.00866
92	0.01913	0.00956	0.00956	0.00956	0.01196	0.00956	0.00717	0.02391	0.02152	0.03826	0.03348	0.03826	0.02630	0.01196	0.00717	0.00239	0.00478	0.00956	0.69632	0.00956
93	0.02128	0.01824	0.02128	0.01520	0.02432	0.01368	0.01216	0.02584	0.02128	0.03344	0.01824	0.02128	0.01520	0.00760	0.00760	0.00152	0.00760	0.00608	0.00608	0.70208
94	0.01621	0.01158	0.01616	0.01853	0.02075	0.01153	0.01597	0.02070	0.02330	0.03035	0.05451	0.15728	0.05977	0.02865	0.01409	0.00468	0.00917	0.46793	0.00946	0.00936
95	0.02245	0.02245	0.03143	0.02694	0.02694	0.03143	0.02245	0.02470	0.01572	0.02470	0.01347	0.02245	0.01347	0.01796	0.03368	0.00449	0.62057	0.00898	0.00449	0.01123
96	0.02654	0.02255	0.02378	0.02109	0.02707	0.02600	0.01649	0.09128	0.51839	0.04457	0.04047	0.03726	0.03028	0.01380	0.01043	0.00345	0.00836	0.01142	0.01043	0.01633
97	0.01238	0.00942	0.01141	0.01300	0.01455	0.00844	0.00895	0.01443	0.02089	0.02670	0.07225	0.45594	0.23446	0.03011	0.01278	0.00394	0.00570	0.02669	0.00953	0.00844
98	0.01491	0.01002	0.01154	0.01154	0.01166	0.01014	0.00665	0.01515	0.01503	0.02015	0.03202	0.06540	0.03655	0.60265	0.08789	0.01038	0.01109	0.01467	0.00617	0.00641
99	0.02707	0.02170	0.02325	0.02069	0.02665	0.02474	0.01616	0.05419	0.51696	0.08367	0.04167	0.03803	0.03088	0.01383	0.01043	0.00346	0.00817	0.01151	0.01061	0.01634
100	0.01399	0.00992	0.01206	0.01234	0.01444	0.00903	0.00889	0.01685	0.02364	0.03216	0.24455	0.20651	0.20663	0.02531	0.01397	0.05337	0.00548	0.02051	0.06165	0.00871
101	0.01711	0.01070	0.01325	0.01366	0.01478	0.01044	0.00936	0.01858	0.01835	0.06316	0.04078	0.15731	0.04520	0.38576	0.03604	0.00759	0.00918	0.11296	0.00780	0.00797
102	0.01452	0.01049	0.01372	0.01291	0.01533	0.00968	0.00968	0.01937	0.02905	0.04115	0.56992	0.07666	0.09683	0.02098	0.01210	0.00323	0.00484	0.01856	0.01130	0.00968
103	0.01468	0.01091	0.01607	0.01607	0.01775	0.01260	0.01230	0.01805	0.01637	0.02351	0.02788	0.04247	0.02659	0.12214	0.55478	0.01597	0.02608	0.01131	0.00556	0.00893
104	0.27356	0.01564	0.01644	0.01437	0.01913	0.01600	0.01097	0.03077	0.02123	0.19358	0.06483	0.07604	0.03029	0.15388	0.01859	0.00476	0.00829	0.01137	0.00868	0.01158
105	0.04056	0.01846	0.02326	0.01845	0.02570	0.01754	0.01504	0.08679	0.10858	0.42406	0.03896	0.03487	0.02573	0.01280	0.01011	0.00316	0.00856	0.01037	0.06026	0.01673
106	0.01250	0.00893	0.01191	0.01429	0.01488	0.00834	0.00953	0.01429	0.01965	0.02620	0.05656	0.63265	0.06787	0.03215	0.01310	0.00417	0.00595	0.02917	0.00953	0.00834
107	0.14857	0.01609	0.02003	0.01674	0.02286	0.01520	0.01342	0.03901	0.02500	0.36898	0.03769	0.12363	0.02955	0.01974	0.05216	0.00428	0.00952	0.01246	0.01065	0.01443
108	0.01306	0.01009	0.01192	0.01219	0.01462	0.00895	0.00887	0.01626	0.02451	0.03210	0.25708	0.21573	0.28640	0.02566	0.01235	0.00355	0.00525	0.02232	0.01015	0.00895
109	0.29322	0.01683	0.01816	0.01532	0.02108	0.01722	0.01216	0.03513	0.02183	0.25687	0.02837	0.03289	0.02164	0.10414	0.05911	0.00513	0.01002	0.00920	0.00883	0.01284
110	0.02294	0.02093	0.03097	0.16295	0.12195	0.02110	0.05863	0.06042	0.02287	0.03297	0.01856	0.02409	0.01503	0.00978	0.01150	0.00270	0.06709	0.00815	0.00564	0.28173
111	0.02506	0.03319	0.21180	0.07769	0.15963	0.02377	0.19724	0.03362	0.02350	0.08309	0.02139	0.02601	0.01571	0.00957	0.01069	0.00328	0.01455	0.00974	0.00556	0.01493
112	0.01838	0.01631	0.02426	0.02665	0.10763	0.01964	0.01815	0.02161	0.01795	0.02609	0.02750	0.14900	0.02864	0.03884	0.21238	0.00816	0.20850	0.01365	0.00591	0.01076
113	0.03833	0.04891	0.02908	0.02644	0.03173	0.59815	0.01983	0.04098	0.02908	0.02512	0.01586	0.01851	0.01322	0.01058	0.00925	0.00264	0.01851	0.00661	0.00529	0.01190
114	0.02778	0.02615	0.07895	0.03774	0.19137	0.02438	0.12402	0.11569	0.10746	0.08012	0.05998	0.03129	0.02406	0.01131	0.01070	0.00323	0.01195	0.01066	0.00760	0.01556
115	0.03273	0.08215	0.07497	0.08130	0.07658	0.13637	0.02231	0.24601	0.07309	0.04406	0.02194	0.02391	0.01655	0.01120	0.00974	0.00300	0.01297	0.00847	0.00750	0.01515
116	0.02871	0.10976	0.02972	0.02175	0.02782	0.22193	0.01744	0.03578	0.10284	0.02966	0.01979	0.02240	0.01643	0.01108	0.01190	0.00267	0.09259	0.00739	0.00603	0.18431
117	0.13352	0.02255	0.02390	0.07224	0.11047	0.10460	0.01727	0.03285	0.06190	0.10576	0.03101	0.07152	0.05783	0.05022	0.01212	0.00349	0.01053	0.01079	0.00739	0.06005
118	0.07276	0.01207	0.01586	0.01461	0.01753	0.01159	0.01109	0.02412	0.02239	0.13683	0.19561	0.05146	0.04643	0.02422	0.02124	0.24612	0.00759	0.05035	0.00868	0.00945
119	0.01298	0.01007	0.01115	0.01150	0.01417	0.00881	0.00839	0.01589	0.02340	0.03009	0.16119	0.19697	0.36766	0.02561	0.01202	0.00350	0.00527	0.02195	0.05057	0.00881
120	0.01739	0.01015	0.01399	0.01415	0.01538	0.01003	0.00986	0.01783	0.01818	0.06574	0.07607	0.20305	0.04179	0.11886	0.11755	0.20757	0.01084	0.01634	0.00737	0.00786
121	0.12816	0.01484	0.01755	0.01566	0.02051	0.01445	0.01236	0.03251	0.06538	0.21086	0.15061	0.12627	0.08391	0.01833	0.01081	0.00345	0.00723	0.04401	0.01049	0.01261
122	0.02540	0.02438	0.04165	0.06299	0.57533	0.02438	0.03149	0.03149	0.02337	0.03353	0.01930	0.02540	0.01626	0.00914	0.01016	0.00305	0.01219	0.00914	0.00508	0.01626
123	0.01366	0.01033	0.01168	0.01225	0.01424	0.00949	0.00877	0.01571	0.02051	0.02565	0.07052	0.14085	0.28710	0.21317	0.02470	0.00568	0.00734	0.09184	0.00851	0.00801
124	0.16302	0.01400	0.01613	0.01473	0.01902	0.01356	0.01119	0.02877	0.02286	0.19975	0.08492	0.20738	0.08228	0.06001	0.01331	0.00392	0.00731	0.01640	0.00977	0.01165
125	0.07321	0.01310	0.01632	0.01476	0.01899	0.01206	0.01131	0.02962	0.02477	0.22838	0.12523	0.20736	0.08870	0.01995	0.01095	0.00341	0.00676	0.01714	0.06587	0.01209
126	0.01862	0.00952	0.00975	0.00993	0.01218	0.00947	0.00736	0.02317	0.02138	0.03733	0.03526	0.08419	0.02952	0.01352	0.00763	0.00253	0.00487	0.01108	0.64325	0.00947
127	0.01423	0.00994	0.01180	0.01200	0.01290	0.00953	0.00763	0.01578	0.01943	0.02617	0.15939	0.16257	0.09650	0.35905	0.03406	0.00705	0.00782	0.01853	0.00812	0.00751
128	0.02255	0.01180	0.01581	0.01499	0.01820	0.01064	0.01114	0.02588	0.02523	0.18717	0.20772	0.29593	0.06471	0.02329	0.01202	0.00360	0.00640	0.02065	0.01096	0.01131
129	0.01764	0.01196	0.01441	0.01460	0.01672	0.01187	0.01036	0.02319	0.09094	0.06797	0.08376	0.25021	0.09176	0.18357	0.02259	0.00543	0.00760	0.05661	0.00913	0.00968
130	0.01756	0.01286	0.01449	0.01336	0.01682	0.01264	0.01022	0.06398	0.07662	0.03928	0.27714	0.06906	0.19769	0.01961	0.01108	0.00318	0.00575	0.01665	0.11139	0.01063
131	0.01769	0.01200	0.01603	0.01523	0.01679	0.01302	0.01110	0.02014	0.01902	0.06807	0.11244	0.09284	0.04181	0.23228	0.20102	0.00946	0.07027	0.01438	0.00733	0.00908
132	0.01733	0.01169	0.01474	0.01402	0.01690	0.01108	0.01047	0.02340	0.06957	0.07930	0.37328	0.16215	0.11236	0.02192	0.01200	0.00341	0.00561	0.01930	0.01093	0.01052
133	0.01650	0.01191	0.01357	0.01384	0.01591	0.01218	0.00968	0.02377	0.12082	0.03109	0.08857	0.24142	0.09017	0.14349	0.01927	0.00479	0.00683	0.01888	0.10759	0.00971
134	0.01783	0.00891	0.01337	0.01337	0.01337	0.00891	0.00891	0.01337	0.01337	0.01783	0.01783	0.03119	0.01783	0.03565	0.04011	0.70143	0.00891	0.00891	0.00446	0.00446
135	0.02382	0.36147	0.25316	0.02214	0.03276	0.03156	0.02522	0.03053	0.02142	0.02793	0.01954	0.02759	0.01733	0.01095	0.00849	0.00283	0.01243	0.05241	0.00483	0.01359
136	0.01519	0.01360	0.01327	0.01344	0.01611	0.06311	0.00978	0.01812	0.02430	0.03023	0.19260	0.21998	0.28310	0.02495	0.01210	0.00351	0.00653	0.02143	0.00955	0.00912
137	0.02320	0.02169	0.03412	0.09431	0.28490	0.02026	0.05691	0.02894	0.02237	0.03278	0.01890	0.02416	0.01557	0.00863	0.00932	0.00253	0.01091	0.00817	0.00542	0.27691
138	0.28843	0.01978	0.02043	0.05556	0.02610	0.02120	0.01436	0.11283	0.05624	0.08238	0.02394	0.03130	0.01976	0.05117	0.01132	0.00350	0.00910	0.03921	0.00772	0.10566
139	0.01661	0.01089	0.01413	0.01327	0.01603	0.00992	0.00996	0.02100	0.02795	0.08040	0.45823	0.11956	0.11964	0.02157	0.01205	0.00331	0.00525	0.01898	0.01115	0.01010
140	0.01492	0.00995	0.01119	0.01119	0.01119	0.00995	0.00622	0.01492	0.01492	0.01990	0.03233	0.06716	0.03731	0.63935	0.05223	0.00995	0.00995	0.01492	0.00622	0.00622
141	0.01995	0.07419	0.02677	0.02804	0.14963	0.01996	0.01811	0.02791	0.09887	0.02895	0.02649	0.03435	0.02317	0.04556	0.31999	0.01012	0.01953	0.01015	0.00603	0.01223
142	0.03337	0.01633	0.02257	0.11095	0.03078	0.01580	0.01611	0.06879	0.02752	0.32770	0.07961	0.13651	0.03570	0.01619	0.01091	0.00338	0.00890	0.01386	0.01063	0.01438
143	0.01315	0.01002	0.01209	0.01245	0.01471	0.00896	0.00900	0.01638	0.02450	0.03243	0.26879	0.24018	0.24854	0.02580	0.01239	0.00357	0.00527	0.02258	0.01020	0.00896
144	0.01672	0.00931	0.01254	0.01254	0.01254	0.00931	0.00789	0.01396	0.01396	0.01861	0.02335	0.04489	0.02525	0.26563	0.04473	0.43801	0.00931	0.01120	0.00513	0.00513
145	0.07724	0.02343	0.02875	0.12972	0.11619	0.02645	0.02114	0.17882	0.20665	0.04488	0.02770	0.02919	0.02078	0.01183	0.01003	0.00327	0.01054	0.00973	0.00830	0.01538
146	0.02128	0.01824	0.02128	0.01520	0.02432	0.01368	0.01216	0.02584	0.02128	0.03344	0.01824	0.02128	0.01520	0.00760	0.00760	0.00152	0.00760	0.00608	0.00608	0.70208
147	0.01470	0.00986	0.01126	0.01148	0.01153	0.00980	0.00652	0.01487	0.01536	0.02048	0.03457	0.11924	0.04012	0.58342	0.04863	0.00942	0.00958	0.01624	0.00652	0.00641
148	0.02061	0.06331	0.07107	0.12363	0.06917	0.02079	0.05743	0.03133	0.13282	0.03304	0.07712	0.08948	0.03683	0.01660	0.01125	0.00361	0.01057	0.11111	0.00767	0.01256
149	0.06618	0.01112	0.01303	0.01235	0.01365	0.01093	0.00789	0.01657	0.01524	0.02242	0.02556	0.04895	0.02778	0.36203	0.04134	0.20810	0.00929	0.01171	0.00571	0.07015
150	0.01271	0.00933	0.01199	0.01403	0.01515	0.00861	0.00973	0.01480	0.02044	0.02671	0.06322	0.52275	0.13949	0.03102	0.01303	0.00410	0.00607	0.05886	0.00952	0.00845
151	0.01438	0.01014	0.01313	0.01410	0.01539	0.00974	0.01016	0.01715	0.02189	0.02969	0.18992	0.25325	0.06706	0.16692	0.02196	0.00534	0.00724	0.11487	0.00924	0.00843
152	0.44441	0.02291	0.06114	0.06546	0.06894	0.02311	0.01691	0.07144	0.02192	0.09346	0.01848	0.02080	0.01364	0.01008	0.00785	0.00318	0.00955	0.00697	0.00686	0.01289
153	0.01466	0.01100	0.01649	0.01649	0.01833	0.01283	0.01283	0.01833	0.01649	0.02382	0.02749	0.04032	0.02566	0.07697	0.59868	0.01649	0.02749	0.01100	0.00550	0.00916
154	0.02738	0.02569	0.02326	0.02059	0.02586	0.13601	0.01594	0.10625	0.27253	0.04180	0.14969	0.04101	0.04027	0.01460	0.01055	0.00321	0.00986	0.01183	0.00959	0.01411
155	0.03015	0.49711	0.04763	0.01977	0.02768	0.17930	0.01812	0.03328	0.02290	0.02439	0.01466	0.01697	0.01318	0.00923	0.00725	0.00231	0.01285	0.00577	0.00461	0.01285
156	0.02128	0.01824	0.02128	0.01520	0.02432	0.01368	0.01216	0.02584	0.02128	0.03344	0.01824	0.02128	0.01520	0.00760	0.00760	0.00152	0.00760	0.00608	0.00608	0.70208
157	0.02892	0.01890	0.03014	0.33920	0.13133	0.02053	0.02459	0.03472	0.02381	0.20768	0.02561	0.02952	0.01786	0.01089	0.01026	0.00329	0.01185	0.00951	0.00728	0.01409
158	0.02443	0.02411	0.03763	0.22437	0.39131	0.06011	0.02987	0.03053	0.02288	0.03083	0.01877	0.02555	0.01530	0.00957	0.01013	0.00313	0.01303	0.00898	0.00494	0.01454
159	0.02250	0.01896	0.02193	0.01578	0.02483	0.01493	0.01266	0.06120	0.02313	0.03558	0.01868	0.02151	0.01535	0.00792	0.00778	0.00163	0.00785	0.00630	0.00637	0.65509
160	0.07048	0.25592	0.08752	0.02082	0.02847	0.03210	0.01934	0.10538	0.16369	0.03669	0.02315	0.02423	0.01836	0.01147	0.01054	0.00299	0.05944	0.00807	0.00689	0.01445
161	0.18645	0.11462	0.09608	0.01834	0.02495	0.09490	0.01694	0.03011	0.02382	0.07081	0.14480	0.03968	0.03576	0.01379	0.00933	0.00311	0.01012	0.04699	0.00743	0.01199
162	0.02790	0.55187	0.05016	0.01896	0.02680	0.08299	0.01811	0.03106	0.02110	0.02426	0.01433	0.01708	0.01320	0.00962	0.00886	0.00240	0.05808	0.00584	0.00447	0.01292
163	0.02103	0.01666	0.02237	0.06218	0.09526	0.01448	0.01522	0.02556	0.02278	0.06558	0.09860	0.11491	0.03401	0.01346	0.00963	0.00254	0.00807	0.01179	0.00741	0.33846
164	0.01403	0.01002	0.01366	0.01604	0.01730	0.00965	0.01218	0.01693	0.02116	0.02791	0.05572	0.43662	0.06453	0.03071	0.01351	0.00438	0.00728	0.21010	0.00950	0.00876
165	0.02091	0.02019	0.02848	0.02488	0.02524	0.02776	0.02055	0.02344	0.01587	0.02452	0.01624	0.02598	0.01588	0.02962	0.14536	0.00686	0.50334	0.00938	0.00469	0.01082
166	0.02058	0.05308	0.58618	0.02925	0.04442	0.02383	0.03792	0.03250	0.02167	0.03250	0.01842	0.02167	0.01300	0.00975	0.00975	0.00325	0.01517	0.00758	0.00433	0.01517
167	0.01783	0.00891	0.01337	0.01337	0.01337	0.00891	0.00891	0.01337	0.01337	0.01783	0.01783	0.03119	0.01783	0.03565	0.04011	0.70143	0.00891	0.00891	0.00446	0.00446
168	0.01694	0.01403	0.02105	0.06602	0.02371	0.01610	0.05299	0.01966	0.01670	0.02334	0.02614	0.04603	0.02667	0.27156	0.22176	0.01032	0.10045	0.01214	0.00553	0.00887
169	0.01492	0.00995	0.01119	0.01119	0.01119	0.00995	0.00622	0.01492	0.01492	0.01990	0.03233	0.06716	0.03731	0.63935	0.05223	0.00995	0.00995	0.01492	0.00622	0.00622
170	0.01938	0.01824	0.03078	0.61468	0.07068	0.02280	0.02850	0.02622	0.02052	0.02622	0.01824	0.02736	0.01368	0.01026	0.01026	0.00342	0.01368	0.00912	0.00456	0.01140
171	0.03777	0.02813	0.03010	0.02336	0.03135	0.03124	0.01920	0.49630	0.09509	0.06267	0.02622	0.02590	0.01873	0.01247	0.01028	0.00312	0.01100	0.00946	0.01028	0.01734
