[name]
unknown

[dist]
# distance from previous block
# <min> <max>
0	186

[block]
# block no. 0 follows, 13 sequences, length 19
# corresponding to MSA columns:
# 230-248
name=unknown_A
#
# <colnr> <probs for GDERKNQSTAVLIFYWHMCP>
#	G	D	E	R	K	N	Q	S	T	A	V	L	I	F	Y	W	H	M	C	P
0	0.02055	0.01373	0.01961	0.02345	0.10111	0.01298	0.01551	0.02437	0.02417	0.10250	0.08948	0.24627	0.10580	0.02452	0.01274	0.00398	0.00816	0.12992	0.00967	0.01147
1	0.03220	0.03270	0.25836	0.02319	0.03368	0.01860	0.02496	0.03954	0.02570	0.27723	0.03389	0.09787	0.02576	0.01410	0.01071	0.00342	0.01151	0.01167	0.00901	0.01589
2	0.02941	0.02068	0.06333	0.11161	0.17005	0.01853	0.02279	0.03481	0.02514	0.20545	0.03486	0.10774	0.02986	0.01556	0.01128	0.00356	0.01078	0.06120	0.00864	0.01473
3	0.01434	0.01024	0.01394	0.01639	0.01764	0.00984	0.01235	0.01724	0.02168	0.02862	0.05747	0.44556	0.06675	0.03175	0.01388	0.00450	0.00740	0.19165	0.00979	0.00899
4	0.02262	0.02596	0.10104	0.30639	0.22839	0.02446	0.07939	0.03021	0.02261	0.03089	0.01942	0.02688	0.01507	0.00997	0.01066	0.00338	0.01413	0.00952	0.00491	0.01408
5	0.02834	0.02399	0.08474	0.27275	0.05452	0.02227	0.14021	0.03551	0.02449	0.16989	0.02535	0.02977	0.01761	0.01080	0.01098	0.00345	0.01376	0.01028	0.00700	0.01429
6	0.08739	0.02199	0.03646	0.02762	0.03599	0.02083	0.18845	0.07356	0.02826	0.26059	0.03297	0.03932	0.02438	0.01295	0.01132	0.00352	0.01218	0.05733	0.00945	0.01542
7	0.01438	0.01191	0.01517	0.01844	0.07814	0.01077	0.01156	0.01737	0.02329	0.02974	0.11354	0.25638	0.30792	0.02642	0.01258	0.00373	0.00641	0.02305	0.00942	0.00980
8	0.03547	0.02456	0.11278	0.02663	0.06705	0.01836	0.08981	0.04138	0.02691	0.32486	0.03575	0.09193	0.02669	0.01386	0.01108	0.00342	0.01116	0.01236	0.00987	0.01608
9	0.03163	0.03465	0.26122	0.07780	0.04185	0.02120	0.07853	0.03993	0.02556	0.24048	0.02800	0.02876	0.01867	0.01115	0.01057	0.00336	0.01315	0.00952	0.00791	0.01606
10	0.03343	0.01940	0.03081	0.10966	0.15254	0.01872	0.05597	0.03848	0.02612	0.27729	0.03426	0.09997	0.02680	0.01396	0.01105	0.00342	0.01076	0.01257	0.00929	0.01552
11	0.02971	0.03798	0.30489	0.03431	0.15022	0.02211	0.03098	0.03839	0.02495	0.18605	0.02563	0.02702	0.01774	0.01078	0.01030	0.00328	0.01309	0.00896	0.00708	0.01654
12	0.03899	0.02337	0.08677	0.07538	0.03716	0.01883	0.09493	0.04489	0.02786	0.38736	0.03434	0.03279	0.02229	0.01193	0.01084	0.00335	0.01144	0.01051	0.01031	0.01664
13	0.02588	0.03125	0.17097	0.16251	0.20790	0.02473	0.08155	0.06814	0.02533	0.06928	0.02138	0.02647	0.01598	0.01023	0.01061	0.00333	0.01388	0.00942	0.00583	0.01533
14	0.02178	0.01585	0.02518	0.12324	0.11182	0.01587	0.04850	0.02646	0.02433	0.10338	0.13111	0.22047	0.04879	0.01955	0.01192	0.00364	0.00933	0.01785	0.00875	0.01220
15	0.03062	0.08439	0.09903	0.15221	0.16587	0.02366	0.05477	0.03699	0.02486	0.18699	0.02547	0.02823	0.01820	0.01073	0.01025	0.00322	0.01238	0.00939	0.00725	0.01550
16	0.09485	0.03136	0.18319	0.07471	0.04361	0.02280	0.17806	0.03740	0.02461	0.16912	0.02500	0.02761	0.01728	0.01048	0.01064	0.00340	0.01379	0.00987	0.00712	0.01510
17	0.03308	0.06382	0.08116	0.04078	0.23939	0.02304	0.08900	0.03923	0.02602	0.21806	0.02720	0.02897	0.01944	0.01064	0.01052	0.00320	0.01217	0.00987	0.00785	0.01657
18	0.03076	0.02174	0.03779	0.07422	0.20760	0.02083	0.12972	0.03655	0.02561	0.19719	0.03054	0.08743	0.02447	0.01280	0.01125	0.00341	0.01206	0.01244	0.00807	0.01551

[dist]
# distance from previous block
# <min> <max>
4	19

[block]
# block no. 1 follows, 13 sequences, length 34
# corresponding to MSA columns:
# 268-301
name=unknown_B
#
# <colnr> <probs for GDERKNQSTAVLIFYWHMCP>
#	G	D	E	R	K	N	Q	S	T	A	V	L	I	F	Y	W	H	M	C	P
0	0.08127	0.03115	0.21862	0.12956	0.04036	0.02207	0.02615	0.03419	0.02272	0.14064	0.02392	0.02721	0.01710	0.01177	0.01224	0.00341	0.07226	0.00881	0.06239	0.01417
1	0.03002	0.02490	0.08290	0.03592	0.12433	0.02117	0.19810	0.03691	0.02636	0.18462	0.06164	0.03889	0.02690	0.01239	0.01158	0.00347	0.01300	0.04354	0.00811	0.01525
2	0.02679	0.07603	0.12460	0.13342	0.08025	0.02244	0.10891	0.03380	0.02520	0.13703	0.09724	0.03470	0.02855	0.01200	0.01076	0.00329	0.01240	0.01093	0.00737	0.01429
3	0.02895	0.02164	0.09679	0.07406	0.11144	0.01715	0.02104	0.03401	0.02522	0.21001	0.08537	0.07411	0.03360	0.01688	0.01361	0.05899	0.01033	0.04395	0.00884	0.01402
4	0.02282	0.12132	0.14556	0.03012	0.08805	0.02316	0.13893	0.02926	0.02323	0.05885	0.03518	0.13064	0.07712	0.01515	0.01099	0.00338	0.01226	0.01395	0.00661	0.01342
5	0.03127	0.02446	0.04184	0.08433	0.14822	0.02432	0.18661	0.08818	0.06757	0.15281	0.02730	0.03014	0.01964	0.01084	0.01120	0.00338	0.01322	0.01088	0.00788	0.01592
6	0.10320	0.07264	0.08089	0.09083	0.07731	0.02171	0.05440	0.04076	0.02572	0.28497	0.02907	0.02916	0.01972	0.01130	0.00996	0.00324	0.01115	0.00937	0.00887	0.01571
7	0.02332	0.14001	0.23478	0.11552	0.07901	0.05746	0.08510	0.03113	0.02267	0.03021	0.02162	0.07218	0.01870	0.01172	0.01012	0.00324	0.01411	0.01008	0.00515	0.01385
8	0.02407	0.01860	0.02811	0.11936	0.19910	0.01923	0.02190	0.07549	0.02563	0.08043	0.03556	0.19766	0.03540	0.01831	0.01167	0.00367	0.01040	0.05401	0.00797	0.01344
9	0.03022	0.03174	0.19843	0.09006	0.13050	0.02217	0.09746	0.03809	0.02522	0.19225	0.02619	0.02845	0.01818	0.01074	0.01068	0.00334	0.01330	0.00972	0.00730	0.01595
10	0.02569	0.02055	0.03635	0.17532	0.15010	0.02078	0.13351	0.03185	0.02463	0.11895	0.06808	0.09043	0.02894	0.01340	0.01141	0.00347	0.01232	0.01302	0.00733	0.01388
11	0.02662	0.01858	0.03000	0.33922	0.12873	0.02058	0.02481	0.03175	0.02279	0.14401	0.02384	0.02997	0.01751	0.01358	0.01366	0.07274	0.01228	0.00964	0.00657	0.01310
12	0.03055	0.01997	0.03308	0.30150	0.09457	0.02116	0.07268	0.03668	0.02493	0.21789	0.02714	0.03078	0.01872	0.01120	0.01077	0.00341	0.01255	0.01013	0.00773	0.01457
13	0.18964	0.02316	0.02893	0.06976	0.03376	0.02437	0.06636	0.18757	0.03212	0.20209	0.02678	0.02714	0.01837	0.01161	0.00986	0.00329	0.01088	0.00926	0.00940	0.01563
14	0.03152	0.03367	0.03695	0.18148	0.07925	0.24943	0.11959	0.03688	0.02638	0.07517	0.02035	0.02514	0.01548	0.01053	0.01052	0.00317	0.01627	0.00906	0.00588	0.01328
15	0.01284	0.00935	0.01211	0.01432	0.01523	0.00862	0.00964	0.01477	0.02063	0.02715	0.06319	0.56921	0.11907	0.03249	0.01339	0.00422	0.00606	0.02928	0.00982	0.00862
16	0.02590	0.03250	0.17346	0.02267	0.02975	0.12981	0.02141	0.07515	0.02628	0.07902	0.03473	0.23245	0.03471	0.01878	0.01125	0.00353	0.01205	0.01578	0.00783	0.01292
17	0.03985	0.02643	0.03033	0.07320	0.03512	0.02864	0.02001	0.39181	0.04347	0.16077	0.02798	0.02768	0.01923	0.01259	0.01059	0.00322	0.01134	0.00972	0.01056	0.01745
18	0.51329	0.02080	0.01879	0.01582	0.02286	0.02293	0.01305	0.08028	0.02330	0.15233	0.02102	0.02164	0.01495	0.01072	0.00772	0.00326	0.00866	0.00704	0.00820	0.01334
19	0.01493	0.01006	0.01166	0.01210	0.01221	0.00996	0.00701	0.01526	0.01624	0.02165	0.03774	0.16713	0.04402	0.52286	0.04667	0.00919	0.00952	0.01798	0.00701	0.00679
20	0.10086	0.02093	0.03343	0.11349	0.08075	0.02041	0.11599	0.04103	0.02622	0.29389	0.03009	0.03081	0.02027	0.01131	0.01057	0.00335	0.01165	0.01023	0.00911	0.01562
21	0.13631	0.07212	0.07283	0.02409	0.07210	0.02360	0.01957	0.08941	0.02728	0.26215	0.02779	0.02756	0.01925	0.01219	0.01185	0.00330	0.06477	0.00895	0.00908	0.01580
22	0.03289	0.01576	0.02026	0.01681	0.02259	0.01435	0.01337	0.07489	0.03023	0.30743	0.16703	0.10220	0.09979	0.01813	0.01149	0.00339	0.00767	0.01535	0.01194	0.01442
23	0.02155	0.01372	0.01996	0.17423	0.03257	0.01453	0.01579	0.02503	0.02113	0.12190	0.03777	0.21161	0.03791	0.13287	0.06633	0.00600	0.01134	0.01688	0.00807	0.01079
24	0.03388	0.02723	0.12485	0.04053	0.26036	0.02118	0.02677	0.04029	0.02627	0.24942	0.02850	0.02947	0.01997	0.01100	0.01046	0.00323	0.01164	0.00964	0.00826	0.01706
25	0.03461	0.02713	0.07535	0.02886	0.09677	0.06685	0.05711	0.13702	0.07054	0.19575	0.03193	0.07715	0.02463	0.01355	0.01084	0.00333	0.01165	0.01153	0.00932	0.01607
26	0.03644	0.01791	0.02612	0.02307	0.06819	0.01687	0.04422	0.04103	0.02791	0.35094	0.10713	0.04008	0.03420	0.01404	0.01235	0.00332	0.04908	0.01166	0.05987	0.01557
27	0.16554	0.02927	0.16032	0.07836	0.13269	0.02241	0.05557	0.03655	0.02370	0.16223	0.02377	0.02606	0.01684	0.01058	0.00975	0.00330	0.01202	0.00876	0.00712	0.01515
28	0.02541	0.11813	0.07717	0.03230	0.13606	0.02305	0.11229	0.03151	0.02486	0.08536	0.09029	0.04041	0.03088	0.01283	0.01064	0.00315	0.01160	0.05417	0.00713	0.07275
29	0.10632	0.08983	0.14289	0.11754	0.13881	0.02531	0.06657	0.03265	0.06467	0.03516	0.06267	0.02910	0.02245	0.01104	0.00989	0.00325	0.01223	0.00948	0.00605	0.01408
30	0.14627	0.02133	0.06377	0.01849	0.02641	0.01835	0.01611	0.04266	0.08958	0.28859	0.07061	0.03400	0.02780	0.01257	0.00979	0.00315	0.00889	0.00996	0.01030	0.08136
31	0.03495	0.12331	0.12178	0.02677	0.08273	0.06935	0.02271	0.06546	0.02673	0.22819	0.02636	0.02683	0.01871	0.01191	0.01203	0.00319	0.06633	0.00881	0.00810	0.01577
32	0.13838	0.07217	0.21281	0.02452	0.07189	0.02181	0.02356	0.03392	0.02363	0.12339	0.07070	0.02875	0.02350	0.01123	0.00938	0.00306	0.01107	0.00878	0.00710	0.08034
33	0.22101	0.18040	0.02861	0.01683	0.02323	0.02520	0.01446	0.03021	0.02113	0.09451	0.02807	0.07236	0.05817	0.01358	0.01072	0.00306	0.06340	0.00968	0.00704	0.07835

[dist]
# distance from previous block
# <min> <max>
0	32

[block]
# block no. 2 follows, 13 sequences, length 21
# corresponding to MSA columns:
# 334-354
name=unknown_C
#
# <colnr> <probs for GDERKNQSTAVLIFYWHMCP>
#	G	D	E	R	K	N	Q	S	T	A	V	L	I	F	Y	W	H	M	C	P
0	0.09821	0.02270	0.07083	0.02715	0.10448	0.01963	0.05458	0.04176	0.07450	0.27269	0.03823	0.03681	0.06494	0.01294	0.01047	0.00333	0.01021	0.01096	0.00966	0.01591
1	0.03379	0.08546	0.03135	0.06696	0.11646	0.02170	0.01926	0.08345	0.02768	0.22376	0.02719	0.02778	0.01941	0.01070	0.00958	0.00278	0.01016	0.00876	0.00860	0.16517
2	0.03566	0.02062	0.06579	0.01916	0.02648	0.01735	0.01662	0.08030	0.07883	0.32318	0.15285	0.04394	0.04140	0.01482	0.01100	0.00331	0.00877	0.01233	0.01168	0.01591
3	0.13899	0.02658	0.10573	0.02671	0.08718	0.02228	0.06077	0.11508	0.02845	0.13639	0.06579	0.02971	0.02363	0.01152	0.00989	0.00312	0.01089	0.00953	0.00820	0.07957
4	0.10569	0.02995	0.10675	0.13039	0.13701	0.10245	0.02473	0.03803	0.07276	0.11652	0.02400	0.02670	0.01767	0.01098	0.00990	0.00325	0.01275	0.00883	0.00693	0.01469
5	0.02225	0.07116	0.07441	0.01809	0.02437	0.01815	0.01562	0.03195	0.12691	0.07646	0.11440	0.16228	0.04358	0.01730	0.01065	0.00317	0.00827	0.01482	0.00893	0.13723
6	0.09179	0.02657	0.02643	0.02115	0.02889	0.08383	0.01704	0.21603	0.10763	0.12970	0.02751	0.02711	0.01989	0.01179	0.00973	0.00295	0.01066	0.00892	0.00943	0.12292
7	0.02433	0.01597	0.02463	0.02028	0.02587	0.01423	0.08895	0.02918	0.02618	0.15159	0.16944	0.14161	0.05177	0.01849	0.01181	0.00341	0.00878	0.06020	0.00984	0.10345
8	0.02427	0.03719	0.28428	0.08036	0.03998	0.02440	0.02828	0.11858	0.10553	0.04031	0.05731	0.06156	0.02519	0.01311	0.01062	0.00342	0.01258	0.01074	0.00718	0.01512
9	0.02886	0.03295	0.22375	0.02281	0.03163	0.07775	0.02331	0.03529	0.02426	0.18211	0.03061	0.08750	0.02520	0.06212	0.05976	0.00493	0.01385	0.01143	0.00775	0.01413
10	0.03572	0.02241	0.08296	0.05998	0.07255	0.01825	0.01954	0.08120	0.02912	0.31838	0.04402	0.04169	0.09778	0.01422	0.01081	0.00332	0.01000	0.01172	0.01036	0.01597
11	0.02759	0.34510	0.15337	0.02178	0.03155	0.03456	0.02232	0.08358	0.12117	0.03419	0.02185	0.02303	0.01742	0.01058	0.00855	0.00282	0.01168	0.00763	0.00624	0.01500
12	0.02729	0.07290	0.07106	0.23759	0.10182	0.02221	0.05105	0.03324	0.02377	0.15272	0.02771	0.08470	0.02245	0.01291	0.01060	0.00338	0.01209	0.01138	0.00716	0.01396
13	0.07049	0.07619	0.08869	0.11485	0.14517	0.02369	0.09517	0.03720	0.02479	0.18386	0.02527	0.02789	0.01803	0.01059	0.01024	0.00325	0.01245	0.00951	0.00733	0.01536
14	0.02751	0.14213	0.26977	0.02594	0.03712	0.02463	0.07925	0.03533	0.02390	0.14123	0.02642	0.07492	0.02104	0.01230	0.01014	0.00324	0.01295	0.01036	0.00678	0.01502
15	0.01428	0.01078	0.01318	0.01258	0.01537	0.00968	0.00943	0.01862	0.02830	0.03854	0.43156	0.08533	0.22749	0.02305	0.01248	0.00339	0.00509	0.02001	0.01113	0.00968
16	0.02515	0.02556	0.09471	0.32651	0.05902	0.02454	0.13221	0.07759	0.02543	0.07475	0.02174	0.02798	0.01572	0.01056	0.01092	0.00346	0.01442	0.00998	0.00600	0.01374
17	0.01997	0.01879	0.03171	0.60301	0.07282	0.02349	0.02936	0.02701	0.02114	0.02701	0.01879	0.02819	0.01409	0.01057	0.01057	0.00352	0.01409	0.00940	0.00470	0.01175
18	0.01496	0.01081	0.01413	0.01330	0.01580	0.00998	0.00998	0.01995	0.02993	0.04240	0.55689	0.07898	0.09976	0.02162	0.01247	0.00333	0.00499	0.01912	0.01164	0.00998
19	0.01447	0.01109	0.01660	0.01739	0.01911	0.01047	0.04699	0.01746	0.02184	0.02923	0.09074	0.47011	0.06697	0.03005	0.01351	0.00426	0.00739	0.09346	0.00962	0.00925
20	0.02719	0.13963	0.03919	0.02613	0.03332	0.02522	0.15375	0.11756	0.02832	0.07804	0.03249	0.12294	0.03066	0.01623	0.01135	0.00351	0.01200	0.08089	0.00796	0.01363

[dist]
# distance from previous block
# <min> <max>
0	1

[block]
# block no. 3 follows, 13 sequences, length 37
# corresponding to MSA columns:
# 356-364,376-403
name=unknown_D
#
# <colnr> <probs for GDERKNQSTAVLIFYWHMCP>
#	G	D	E	R	K	N	Q	S	T	A	V	L	I	F	Y	W	H	M	C	P
0	0.04454	0.02012	0.02716	0.02381	0.07780	0.01860	0.01769	0.10937	0.03212	0.45666	0.03762	0.03374	0.02426	0.01269	0.01061	0.00325	0.00966	0.01038	0.01204	0.01788
1	0.26737	0.02391	0.02404	0.10245	0.06759	0.09233	0.01762	0.03685	0.06124	0.12567	0.02268	0.02466	0.01673	0.01074	0.00883	0.00312	0.01078	0.00793	0.00742	0.06804
2	0.09521	0.20027	0.03499	0.02084	0.02866	0.03286	0.01785	0.21790	0.16548	0.04713	0.02586	0.02582	0.01978	0.01180	0.00916	0.00303	0.01038	0.00868	0.00851	0.01579
3	0.02976	0.55893	0.05244	0.01887	0.02785	0.04070	0.01834	0.09377	0.02502	0.03011	0.01604	0.01802	0.01412	0.00950	0.00726	0.00238	0.01135	0.00614	0.00528	0.01412
4	0.01684	0.01159	0.01720	0.01681	0.01792	0.01346	0.01270	0.01773	0.01586	0.02258	0.02384	0.03692	0.02274	0.06024	0.36105	0.23906	0.06976	0.01045	0.00522	0.00801
5	0.07850	0.08613	0.12568	0.02778	0.03782	0.02537	0.15362	0.10804	0.02870	0.18587	0.02608	0.02730	0.01814	0.01085	0.01038	0.00325	0.01291	0.00971	0.00808	0.01578
6	0.01514	0.01048	0.01315	0.01289	0.01521	0.00972	0.00951	0.01957	0.02735	0.03919	0.39963	0.14508	0.11513	0.02225	0.01197	0.00336	0.00515	0.01956	0.09596	0.00972
7	0.01288	0.00920	0.01227	0.01472	0.01534	0.00859	0.00981	0.01472	0.02024	0.02699	0.05828	0.62152	0.06993	0.03312	0.01350	0.00429	0.00613	0.03006	0.00981	0.00859
8	0.02919	0.10916	0.04723	0.09088	0.11056	0.14190	0.21030	0.07285	0.02699	0.03309	0.01939	0.02456	0.01529	0.00984	0.01058	0.00314	0.01575	0.00956	0.00559	0.01413
9	0.01328	0.00965	0.01253	0.01412	0.01535	0.00890	0.00971	0.01583	0.02253	0.03028	0.16453	0.46958	0.11406	0.03027	0.01321	0.00404	0.00584	0.02721	0.01019	0.00890
10	0.02719	0.02360	0.03000	0.07684	0.03482	0.08853	0.09610	0.03247	0.02500	0.10190	0.06134	0.02919	0.02284	0.01033	0.00973	0.00256	0.01134	0.00911	0.00714	0.29997
11	0.02022	0.01707	0.02156	0.10946	0.03029	0.01479	0.01426	0.02473	0.02164	0.03216	0.06486	0.03355	0.02518	0.08719	0.01442	0.00311	0.00891	0.00897	0.00647	0.44118
12	0.55864	0.10981	0.02225	0.01548	0.02229	0.06756	0.01305	0.03198	0.01937	0.04265	0.01484	0.01728	0.01191	0.00978	0.00680	0.00309	0.00942	0.00579	0.00618	0.01181
13	0.04114	0.02083	0.02511	0.01972	0.02727	0.02066	0.01614	0.18133	0.07602	0.33849	0.03661	0.03364	0.02448	0.01301	0.01032	0.00319	0.00930	0.01036	0.07525	0.01713
14	0.09526	0.02787	0.03714	0.03050	0.07192	0.07248	0.15159	0.17640	0.07442	0.07754	0.02423	0.02655	0.01794	0.01089	0.01044	0.00318	0.01293	0.00976	0.00792	0.06103
15	0.03678	0.01945	0.02719	0.02731	0.13040	0.01795	0.01828	0.07904	0.02991	0.32077	0.09907	0.03760	0.03215	0.01302	0.01062	0.00312	0.00931	0.01105	0.01068	0.06630
16	0.03683	0.02121	0.03065	0.03427	0.20367	0.02041	0.02124	0.10225	0.03063	0.28656	0.07482	0.03495	0.02808	0.01253	0.01072	0.00322	0.01018	0.01079	0.01006	0.01692
17	0.02786	0.02109	0.11027	0.01965	0.02485	0.01656	0.01775	0.03026	0.02174	0.18896	0.06919	0.03442	0.02603	0.02178	0.02384	0.23108	0.08502	0.01022	0.00770	0.01172
18	0.01380	0.01027	0.01285	0.01324	0.01534	0.00932	0.00954	0.01731	0.02563	0.03465	0.30572	0.25894	0.18180	0.02637	0.01281	0.00369	0.00543	0.02330	0.01069	0.00932
19	0.02259	0.02095	0.03346	0.29843	0.23648	0.02345	0.02751	0.03204	0.08732	0.03291	0.06072	0.03250	0.02342	0.01142	0.01069	0.00338	0.01219	0.01042	0.00613	0.01401
20	0.02866	0.02468	0.04192	0.13876	0.26376	0.02525	0.12839	0.09565	0.02757	0.08727	0.02274	0.02779	0.01721	0.01026	0.01092	0.00330	0.01343	0.01016	0.00657	0.01570
21	0.03192	0.02429	0.03048	0.29110	0.05038	0.06543	0.02369	0.18729	0.03207	0.12371	0.02423	0.02788	0.01715	0.01164	0.01051	0.00332	0.01289	0.00944	0.00788	0.01469
22	0.01510	0.01133	0.01699	0.01699	0.01888	0.01322	0.01322	0.01888	0.01699	0.02454	0.02832	0.04154	0.02643	0.07930	0.58652	0.01699	0.02832	0.01133	0.00566	0.00944
23	0.01997	0.01879	0.03171	0.60301	0.07282	0.02349	0.02936	0.02701	0.02114	0.02701	0.01879	0.02819	0.01409	0.01057	0.01057	0.00352	0.01409	0.00940	0.00470	0.01175
24	0.02279	0.08211	0.29214	0.12918	0.11526	0.02607	0.12041	0.03224	0.02275	0.03202	0.01918	0.02446	0.01441	0.00978	0.01038	0.00331	0.01507	0.00894	0.00476	0.01475
25	0.01408	0.01006	0.01364	0.01609	0.01723	0.00962	0.01190	0.01679	0.02142	0.02833	0.05761	0.47665	0.06731	0.03199	0.01382	0.00446	0.00717	0.16310	0.00979	0.00892
26	0.04744	0.01799	0.02454	0.01881	0.02699	0.01554	0.01554	0.05153	0.03026	0.56979	0.04171	0.03599	0.02617	0.01309	0.01063	0.00327	0.00900	0.01063	0.01309	0.01799
27	0.02118	0.01587	0.02410	0.06783	0.16506	0.01560	0.01853	0.02656	0.02712	0.08131	0.27429	0.06319	0.06123	0.01792	0.01193	0.00348	0.00852	0.07440	0.00937	0.01251
28	0.03264	0.01924	0.02365	0.07317	0.02953	0.01955	0.01627	0.15099	0.07421	0.21981	0.11387	0.04729	0.10155	0.01576	0.01111	0.00334	0.00903	0.01300	0.01092	0.01506
29	0.01288	0.00920	0.01227	0.01472	0.01534	0.00859	0.00981	0.01472	0.02024	0.02699	0.05828	0.62152	0.06993	0.03312	0.01350	0.00429	0.00613	0.03006	0.00981	0.00859
30	0.02313	0.02313	0.03238	0.02776	0.02776	0.03238	0.02313	0.02545	0.01619	0.02545	0.01388	0.02313	0.01388	0.01851	0.03470	0.00463	0.60907	0.00925	0.00463	0.01157
31	0.02192	0.01879	0.02192	0.01566	0.02506	0.01409	0.01253	0.02662	0.02192	0.03445	0.01879	0.02192	0.01566	0.00783	0.00783	0.00157	0.00783	0.00626	0.00626	0.69305
32	0.02827	0.63478	0.05540	0.01809	0.02714	0.04184	0.01809	0.03166	0.02148	0.02488	0.01470	0.01696	0.01357	0.00905	0.00678	0.00226	0.01131	0.00565	0.00452	0.01357
33	0.02617	0.02512	0.04292	0.06490	0.56246	0.02512	0.03245	0.03245	0.02407	0.03454	0.01989	0.02617	0.01675	0.00942	0.01047	0.00314	0.01256	0.00942	0.00523	0.01675
34	0.02139	0.01148	0.01165	0.01104	0.01400	0.01174	0.00844	0.06597	0.02444	0.04166	0.03374	0.03826	0.02635	0.01235	0.00765	0.00252	0.00548	0.00983	0.63147	0.01052
35	0.03164	0.02368	0.03729	0.12804	0.25931	0.02423	0.06490	0.11176	0.02891	0.14732	0.02513	0.02853	0.01841	0.01080	0.01069	0.00326	0.01233	0.00992	0.00758	0.01625
36	0.03151	0.02049	0.07132	0.02205	0.02909	0.01681	0.08132	0.03860	0.06809	0.26911	0.08063	0.15038	0.03847	0.01693	0.01153	0.00354	0.00976	0.01515	0.01045	0.01478

[dist]
# distance from previous block
# <min> <max>
0	1

[block]
# block no. 4 follows, 13 sequences, length 18
# corresponding to MSA columns:
# 405-422
name=unknown_E
#
# <colnr> <probs for GDERKNQSTAVLIFYWHMCP>
#	G	D	E	R	K	N	Q	S	T	A	V	L	I	F	Y	W	H	M	C	P
0	0.02507	0.03307	0.24331	0.02188	0.03361	0.01848	0.02357	0.03273	0.02321	0.10615	0.02195	0.02398	0.01617	0.00943	0.00909	0.00251	0.01111	0.00747	0.00646	0.33076
1	0.51781	0.02379	0.06441	0.06955	0.03072	0.02409	0.07131	0.03122	0.01936	0.04312	0.01613	0.01976	0.01233	0.00980	0.00781	0.00333	0.01031	0.00694	0.00609	0.01210
2	0.04744	0.01799	0.02454	0.01881	0.02699	0.01554	0.01554	0.05153	0.03026	0.56979	0.04171	0.03599	0.02617	0.01309	0.01063	0.00327	0.00900	0.01063	0.01309	0.01799
3	0.03141	0.02457	0.04077	0.04977	0.34763	0.02417	0.08928	0.08123	0.02771	0.14092	0.02480	0.02829	0.01860	0.01036	0.01076	0.00322	0.01244	0.01004	0.00725	0.01679
4	0.02463	0.26577	0.27216	0.02869	0.04081	0.03147	0.13366	0.03288	0.02257	0.03035	0.01789	0.02163	0.01402	0.00943	0.00934	0.00299	0.01448	0.00799	0.00467	0.01457
5	0.04744	0.01799	0.02454	0.01881	0.02699	0.01554	0.01554	0.05153	0.03026	0.56979	0.04171	0.03599	0.02617	0.01309	0.01063	0.00327	0.00900	0.01063	0.01309	0.01799
6	0.01538	0.01025	0.01153	0.01153	0.01153	0.01025	0.00641	0.01538	0.01538	0.02050	0.03331	0.06919	0.03844	0.62842	0.05382	0.01025	0.01025	0.01538	0.00641	0.00641
7	0.02325	0.02586	0.05348	0.03897	0.04789	0.02498	0.41859	0.03085	0.02413	0.03251	0.03145	0.03720	0.08338	0.01193	0.01431	0.00365	0.06492	0.01344	0.00584	0.01337
8	0.02264	0.02152	0.03653	0.37149	0.28349	0.02419	0.03069	0.02935	0.02240	0.03025	0.01926	0.02732	0.01524	0.01008	0.01053	0.00336	0.01343	0.00941	0.00493	0.01390
9	0.01768	0.01068	0.01424	0.01489	0.01690	0.00978	0.01057	0.02054	0.02379	0.09824	0.17437	0.42003	0.07155	0.02790	0.01290	0.00394	0.00622	0.02505	0.01065	0.01009
10	0.02678	0.02217	0.02476	0.02380	0.07093	0.07919	0.01714	0.10143	0.09461	0.08189	0.21671	0.04632	0.04869	0.01630	0.01385	0.00340	0.07592	0.01303	0.00951	0.01354
11	0.02754	0.02973	0.08352	0.16478	0.20455	0.08825	0.06463	0.09611	0.06992	0.03659	0.02188	0.02665	0.01691	0.01066	0.01054	0.00327	0.01381	0.00943	0.00620	0.01503
12	0.04663	0.01929	0.02534	0.01942	0.02764	0.01746	0.01605	0.10442	0.03242	0.51384	0.03990	0.03481	0.02526	0.01304	0.01063	0.00326	0.00929	0.01051	0.01281	0.01799
13	0.01513	0.01123	0.01650	0.01650	0.01821	0.01295	0.01260	0.01856	0.01685	0.02418	0.02877	0.04405	0.02752	0.12915	0.53816	0.01638	0.02668	0.01170	0.00573	0.00916
14	0.02552	0.07549	0.09255	0.08446	0.09992	0.09525	0.23370	0.03267	0.02462	0.03143	0.02353	0.03577	0.02022	0.01171	0.01135	0.00344	0.01555	0.06353	0.00565	0.01363
15	0.04059	0.03861	0.06976	0.02459	0.03197	0.30935	0.02033	0.09830	0.03167	0.19550	0.02522	0.02513	0.01788	0.01169	0.01002	0.00299	0.01493	0.00834	0.00825	0.01488
16	0.01283	0.00941	0.01205	0.01416	0.01519	0.00864	0.00956	0.01479	0.02079	0.02721	0.06517	0.54816	0.13884	0.03223	0.01335	0.00419	0.00602	0.02896	0.00982	0.00864
17	0.03083	0.02363	0.02899	0.02603	0.06882	0.05921	0.06346	0.15674	0.12886	0.11848	0.07404	0.10774	0.03393	0.01558	0.01122	0.00342	0.01058	0.01350	0.00975	0.01517

[dist]
# distance from previous block
# <min> <max>
0	5

# created by:
# /st0/software/busco_prod/Augustus/scripts/msa2prfl.pl ./align_prep/12560.fa
