[name]
unknown

[dist]
# distance from previous block
# <min> <max>
7	27

[block]
# block no. 0 follows, 13 sequences, length 12
# corresponding to MSA columns:
# 295-306
name=unknown_A
#
# <colnr> <probs for GDERKNQSTAVLIFYWHMCP>
#	G	D	E	R	K	N	Q	S	T	A	V	L	I	F	Y	W	H	M	C	P
0	0.13931	0.28488	0.17524	0.02171	0.03170	0.06964	0.02265	0.08522	0.02467	0.03524	0.01702	0.01938	0.01365	0.00993	0.00815	0.00283	0.01243	0.00670	0.00554	0.01412
1	0.09371	0.09182	0.03598	0.04048	0.25585	0.17931	0.02406	0.03749	0.08152	0.03350	0.02045	0.02393	0.01678	0.01036	0.00951	0.00300	0.01334	0.00827	0.00595	0.01471
2	0.01492	0.01056	0.01271	0.01244	0.01376	0.01026	0.00826	0.01710	0.02108	0.02868	0.20841	0.07358	0.11181	0.32764	0.07804	0.00786	0.00947	0.01699	0.00838	0.00805
3	0.02795	0.49324	0.09273	0.02055	0.02903	0.07490	0.02038	0.03191	0.02160	0.02568	0.01507	0.01810	0.01359	0.01014	0.00985	0.00260	0.06840	0.00624	0.00459	0.01346
4	0.01403	0.01026	0.01327	0.01420	0.01602	0.00950	0.01037	0.01746	0.02477	0.03353	0.25529	0.31057	0.13193	0.02765	0.01310	0.00390	0.00595	0.06843	0.01051	0.00927
5	0.02483	0.10517	0.35154	0.09399	0.09970	0.02546	0.03286	0.03419	0.02305	0.08300	0.02076	0.02411	0.01506	0.01022	0.00986	0.00322	0.01405	0.00820	0.00540	0.01533
6	0.02851	0.25753	0.21275	0.02775	0.08521	0.03275	0.02654	0.14356	0.02833	0.03789	0.01894	0.02142	0.01481	0.01022	0.00902	0.00289	0.01287	0.00756	0.00593	0.01551
7	0.01355	0.01028	0.01249	0.01294	0.01518	0.00922	0.00932	0.01684	0.02509	0.03330	0.26166	0.25582	0.23227	0.02681	0.01280	0.00370	0.00546	0.02353	0.01050	0.00922
8	0.02233	0.15543	0.15003	0.01970	0.02731	0.02097	0.02022	0.02803	0.02379	0.08116	0.04803	0.06396	0.13970	0.01853	0.01109	0.00355	0.01042	0.13550	0.00777	0.01250
9	0.01359	0.00963	0.01269	0.01488	0.01562	0.00915	0.01021	0.01555	0.02015	0.02678	0.05531	0.50804	0.06553	0.09768	0.01801	0.00500	0.00696	0.07731	0.00943	0.00847
10	0.02192	0.01879	0.02192	0.01566	0.02506	0.01409	0.01253	0.02662	0.02192	0.03445	0.01879	0.02192	0.01566	0.00783	0.00783	0.00157	0.00783	0.00626	0.00626	0.69305
11	0.02724	0.02910	0.16750	0.12410	0.03990	0.02112	0.02375	0.07448	0.06635	0.12129	0.02491	0.02701	0.01796	0.01062	0.00978	0.00293	0.01147	0.00861	0.00730	0.18459

[dist]
# distance from previous block
# <min> <max>
0	36

[block]
# block no. 1 follows, 13 sequences, length 18
# corresponding to MSA columns:
# 343-360
name=unknown_B
#
# <colnr> <probs for GDERKNQSTAVLIFYWHMCP>
#	G	D	E	R	K	N	Q	S	T	A	V	L	I	F	Y	W	H	M	C	P
0	0.01450	0.01061	0.01361	0.01325	0.01561	0.00972	0.00979	0.01891	0.02826	0.03934	0.45768	0.14614	0.13625	0.02345	0.01260	0.00346	0.00516	0.02071	0.01126	0.00972
1	0.01423	0.01078	0.01311	0.01253	0.01534	0.00966	0.00940	0.01852	0.02819	0.03826	0.42246	0.08579	0.23677	0.02316	0.01248	0.00340	0.00510	0.02008	0.01109	0.00966
2	0.08903	0.47055	0.05303	0.02244	0.03156	0.03749	0.10793	0.03200	0.02179	0.02853	0.01590	0.01905	0.01382	0.00909	0.00778	0.00259	0.01219	0.00688	0.00485	0.01350
3	0.19636	0.04331	0.02655	0.02409	0.02979	0.45307	0.01831	0.03959	0.02713	0.03097	0.01596	0.01862	0.01311	0.01064	0.00883	0.00285	0.01649	0.00655	0.00571	0.01207
4	0.01312	0.00939	0.01249	0.01456	0.01539	0.00875	0.00983	0.01533	0.02137	0.02878	0.11625	0.55844	0.07340	0.03179	0.01338	0.00418	0.00600	0.02879	0.01003	0.00875
5	0.02192	0.01879	0.02192	0.01566	0.02506	0.01409	0.01253	0.02662	0.02192	0.03445	0.01879	0.02192	0.01566	0.00783	0.00783	0.00157	0.00783	0.00626	0.00626	0.69305
6	0.02353	0.02622	0.09005	0.04705	0.26934	0.02299	0.17390	0.03086	0.02474	0.03470	0.07237	0.03982	0.02782	0.01224	0.01158	0.00346	0.01343	0.05506	0.00619	0.01466
7	0.02245	0.01253	0.01612	0.01423	0.01827	0.01116	0.01102	0.02686	0.02909	0.16810	0.36124	0.07214	0.15401	0.02036	0.01203	0.00335	0.00602	0.01757	0.01170	0.01176
8	0.10820	0.02018	0.02254	0.01674	0.02558	0.01756	0.01355	0.08763	0.02544	0.08863	0.02116	0.02304	0.01638	0.00911	0.00825	0.00211	0.00842	0.00698	0.00742	0.47106
9	0.02710	0.07628	0.26449	0.02957	0.07839	0.02291	0.08563	0.03542	0.02401	0.12531	0.02292	0.02527	0.01649	0.01000	0.00992	0.00301	0.01308	0.00859	0.00637	0.11524
10	0.03219	0.11019	0.29919	0.02431	0.03627	0.02315	0.02745	0.04024	0.02529	0.23971	0.02725	0.02696	0.01835	0.01110	0.00988	0.00319	0.01255	0.00864	0.00780	0.01629
11	0.02617	0.02512	0.04292	0.06490	0.56246	0.02512	0.03245	0.03245	0.02407	0.03454	0.01989	0.02617	0.01675	0.00942	0.01047	0.00314	0.01256	0.00942	0.00523	0.01675
12	0.01871	0.01259	0.01764	0.01677	0.01867	0.01422	0.01268	0.02157	0.01778	0.07330	0.02954	0.04572	0.02810	0.18929	0.37548	0.01333	0.06645	0.01200	0.00642	0.00971
13	0.15037	0.03809	0.31131	0.02629	0.03782	0.02256	0.08562	0.03355	0.02321	0.08587	0.06756	0.02829	0.02206	0.01116	0.00994	0.00335	0.01296	0.00921	0.00637	0.01441
14	0.02617	0.02512	0.04292	0.06490	0.56246	0.02512	0.03245	0.03245	0.02407	0.03454	0.01989	0.02617	0.01675	0.00942	0.01047	0.00314	0.01256	0.00942	0.00523	0.01675
15	0.01288	0.00920	0.01227	0.01472	0.01534	0.00859	0.00981	0.01472	0.02024	0.02699	0.05828	0.62152	0.06993	0.03312	0.01350	0.00429	0.00613	0.03006	0.00981	0.00859
16	0.02573	0.01851	0.02111	0.01952	0.02432	0.02004	0.01548	0.11022	0.22260	0.08193	0.04449	0.14292	0.04040	0.01948	0.01162	0.00377	0.00856	0.09989	0.05539	0.01402
17	0.11732	0.02844	0.02598	0.02169	0.02872	0.14191	0.01727	0.14684	0.13645	0.18347	0.03009	0.02872	0.02134	0.01241	0.00993	0.00320	0.01143	0.00929	0.00972	0.01576

[dist]
# distance from previous block
# <min> <max>
2	11

[block]
# block no. 2 follows, 13 sequences, length 13
# corresponding to MSA columns:
# 372-384
name=unknown_C
#
# <colnr> <probs for GDERKNQSTAVLIFYWHMCP>
#	G	D	E	R	K	N	Q	S	T	A	V	L	I	F	Y	W	H	M	C	P
0	0.02326	0.15286	0.07525	0.05972	0.03218	0.02599	0.06626	0.03424	0.13839	0.03462	0.11401	0.03553	0.03272	0.01313	0.01191	0.00314	0.05683	0.01070	0.00735	0.07191
1	0.01374	0.01076	0.01243	0.01201	0.01504	0.00945	0.00901	0.01758	0.02703	0.03552	0.33339	0.09030	0.32755	0.02418	0.01248	0.00345	0.00517	0.02071	0.01073	0.00945
2	0.02273	0.01871	0.03099	0.54434	0.06822	0.02269	0.02798	0.02948	0.02206	0.08152	0.02109	0.02897	0.01531	0.01082	0.01058	0.00350	0.01358	0.00952	0.00554	0.01237
3	0.02239	0.15229	0.48645	0.02811	0.04263	0.02746	0.03554	0.03318	0.02218	0.03204	0.01826	0.02142	0.01342	0.00988	0.00950	0.00317	0.01490	0.00745	0.00447	0.01528
4	0.44129	0.03226	0.02123	0.01917	0.02528	0.24554	0.01499	0.03548	0.02272	0.03893	0.01536	0.01792	0.01231	0.01024	0.00772	0.00306	0.01247	0.00615	0.00611	0.01177
5	0.70310	0.02045	0.01554	0.01390	0.02045	0.02372	0.01145	0.03108	0.01799	0.04744	0.01472	0.01718	0.01145	0.00981	0.00654	0.00327	0.00818	0.00573	0.00654	0.01145
6	0.01364	0.00996	0.01267	0.01410	0.01552	0.00923	0.00993	0.01621	0.02232	0.02961	0.14299	0.38970	0.13928	0.06816	0.01586	0.00446	0.00638	0.06130	0.00988	0.00880
7	0.01851	0.01503	0.01951	0.01825	0.01899	0.01817	0.01348	0.02194	0.06157	0.02502	0.03015	0.12204	0.03234	0.22663	0.07745	0.06067	0.19008	0.01444	0.00651	0.00921
8	0.01843	0.01467	0.02054	0.02136	0.02324	0.01678	0.01843	0.02271	0.02248	0.03023	0.04638	0.09735	0.05014	0.02677	0.01918	0.00481	0.14637	0.38141	0.00857	0.01015
9	0.02192	0.01879	0.02192	0.01566	0.02506	0.01409	0.01253	0.02662	0.02192	0.03445	0.01879	0.02192	0.01566	0.00783	0.00783	0.00157	0.00783	0.00626	0.00626	0.69305
10	0.02136	0.01606	0.02530	0.02475	0.08081	0.01541	0.08295	0.02803	0.05893	0.09037	0.22898	0.13843	0.06044	0.01962	0.01231	0.00363	0.00872	0.06184	0.00978	0.01228
11	0.09906	0.57033	0.05122	0.01765	0.02644	0.03994	0.01739	0.03160	0.02112	0.02724	0.01470	0.01698	0.01335	0.00913	0.00676	0.00237	0.01098	0.00566	0.00473	0.01335
12	0.03086	0.15383	0.22696	0.02322	0.03438	0.02633	0.02481	0.10942	0.02781	0.14692	0.02374	0.02449	0.01695	0.01066	0.00940	0.00293	0.01209	0.00808	0.00732	0.07979

[dist]
# distance from previous block
# <min> <max>
0	1

[block]
# block no. 3 follows, 13 sequences, length 19
# corresponding to MSA columns:
# 386-404
name=unknown_D
#
# <colnr> <probs for GDERKNQSTAVLIFYWHMCP>
#	G	D	E	R	K	N	Q	S	T	A	V	L	I	F	Y	W	H	M	C	P
0	0.02908	0.11441	0.02971	0.02185	0.02841	0.08830	0.01759	0.08854	0.37463	0.04127	0.03472	0.03293	0.02647	0.01308	0.01004	0.00327	0.01018	0.01031	0.00928	0.01590
1	0.27092	0.02370	0.03456	0.04484	0.32619	0.02474	0.06384	0.03207	0.02195	0.03915	0.01814	0.02310	0.01478	0.00952	0.00921	0.00322	0.01139	0.00833	0.00572	0.01463
2	0.01785	0.01484	0.02086	0.01951	0.02305	0.01496	0.06665	0.02726	0.13252	0.03434	0.12615	0.24904	0.09373	0.02395	0.01276	0.00396	0.00814	0.08935	0.00979	0.01128
3	0.03511	0.02709	0.02887	0.02330	0.03085	0.03042	0.01887	0.35505	0.23014	0.05845	0.03184	0.03052	0.02321	0.01330	0.01064	0.00332	0.01044	0.01041	0.01064	0.01753
4	0.02372	0.02155	0.03572	0.05304	0.43747	0.02146	0.02708	0.02925	0.02337	0.03388	0.02661	0.11216	0.02521	0.01305	0.01064	0.00325	0.01099	0.01240	0.06415	0.01500
5	0.70310	0.02045	0.01554	0.01390	0.02045	0.02372	0.01145	0.03108	0.01799	0.04744	0.01472	0.01718	0.01145	0.00981	0.00654	0.00327	0.00818	0.00573	0.00654	0.01145
6	0.01577	0.01055	0.01306	0.01306	0.01393	0.01114	0.00866	0.01751	0.01664	0.02389	0.03188	0.05717	0.03340	0.38690	0.21616	0.01150	0.01534	0.01349	0.08222	0.00775
7	0.04381	0.01719	0.02337	0.01820	0.02574	0.01492	0.01492	0.04800	0.03022	0.51087	0.09926	0.04079	0.03439	0.01404	0.01084	0.00328	0.00855	0.01158	0.01292	0.01710
8	0.01555	0.01045	0.01211	0.01237	0.01263	0.01045	0.00753	0.01607	0.01632	0.02168	0.03571	0.07449	0.04081	0.56498	0.04966	0.00968	0.01020	0.06576	0.00676	0.00676
9	0.01436	0.01078	0.01330	0.01267	0.01543	0.00972	0.00950	0.01879	0.02851	0.03902	0.44710	0.08454	0.21165	0.02288	0.01248	0.00339	0.00508	0.01990	0.01119	0.00972
10	0.02121	0.05469	0.57364	0.03014	0.04576	0.02455	0.03906	0.03348	0.02232	0.03348	0.01897	0.02232	0.01339	0.01005	0.01005	0.00335	0.01563	0.00781	0.00446	0.01563
11	0.01503	0.01061	0.01396	0.01448	0.01540	0.01119	0.01004	0.01697	0.01726	0.02363	0.03668	0.14316	0.04024	0.30568	0.23542	0.01143	0.01606	0.04786	0.00686	0.00803
12	0.03060	0.03501	0.22166	0.02483	0.03425	0.05653	0.02522	0.11875	0.06749	0.14578	0.02864	0.06892	0.02216	0.01371	0.01233	0.00345	0.05637	0.01058	0.00812	0.01558
13	0.03410	0.03375	0.03024	0.14801	0.04067	0.22184	0.02181	0.20017	0.09194	0.04158	0.02282	0.02536	0.01724	0.01180	0.01023	0.00314	0.01437	0.00883	0.00757	0.01453
14	0.02343	0.02554	0.10609	0.07884	0.14630	0.01980	0.02236	0.06372	0.02481	0.03644	0.05178	0.02708	0.02064	0.00989	0.00941	0.00254	0.01058	0.00842	0.00628	0.30604
15	0.02727	0.10600	0.27893	0.03120	0.04347	0.02569	0.17473	0.03626	0.02426	0.11799	0.02282	0.02571	0.01622	0.01009	0.01049	0.00328	0.01473	0.00938	0.00610	0.01537
16	0.02616	0.12499	0.28125	0.03176	0.04411	0.02674	0.18599	0.03526	0.02387	0.08916	0.02153	0.02495	0.01560	0.00987	0.01041	0.00325	0.01500	0.00927	0.00566	0.01516
17	0.04271	0.01695	0.02302	0.01801	0.02536	0.01473	0.01473	0.04693	0.03021	0.49293	0.11679	0.04225	0.03690	0.01433	0.01090	0.00328	0.00841	0.01187	0.01288	0.01683
18	0.02475	0.24585	0.04148	0.18347	0.04210	0.02810	0.09187	0.02985	0.02267	0.06733	0.02866	0.06522	0.06148	0.01256	0.00978	0.00309	0.01206	0.01078	0.00605	0.01283

[dist]
# distance from previous block
# <min> <max>
0	3

[block]
# block no. 4 follows, 13 sequences, length 154
# corresponding to MSA columns:
# 408-561
name=unknown_E
#
# <colnr> <probs for GDERKNQSTAVLIFYWHMCP>
#	G	D	E	R	K	N	Q	S	T	A	V	L	I	F	Y	W	H	M	C	P
0	0.04096	0.01899	0.02416	0.01930	0.02643	0.01791	0.01560	0.13967	0.03262	0.39150	0.04092	0.11952	0.03096	0.01594	0.01104	0.00340	0.00910	0.01325	0.01211	0.01662
1	0.03956	0.10568	0.02827	0.01910	0.02651	0.06302	0.01588	0.04571	0.07241	0.36246	0.08105	0.03610	0.03040	0.01321	0.01019	0.00312	0.00968	0.01050	0.01100	0.01614
2	0.02342	0.02659	0.14874	0.11887	0.08774	0.01999	0.10929	0.03082	0.02523	0.09679	0.12954	0.04207	0.06721	0.01350	0.01126	0.00339	0.01204	0.01240	0.00743	0.01367
3	0.08499	0.06990	0.18607	0.15090	0.04590	0.02388	0.10383	0.03549	0.02367	0.14150	0.02329	0.02653	0.01639	0.01051	0.01015	0.00333	0.01339	0.00913	0.00658	0.01458
4	0.02849	0.02003	0.03639	0.02735	0.03431	0.01852	0.22203	0.03376	0.02486	0.18573	0.07646	0.04379	0.03106	0.14419	0.02082	0.00489	0.01254	0.01315	0.00835	0.01327
5	0.02360	0.01628	0.01890	0.01771	0.02200	0.01703	0.01339	0.03763	0.23775	0.11489	0.09639	0.21390	0.08407	0.02104	0.01179	0.00372	0.00732	0.01830	0.01084	0.01345
6	0.03359	0.22769	0.04033	0.02566	0.03213	0.33066	0.05525	0.03692	0.02580	0.02609	0.01598	0.01943	0.01380	0.01083	0.01104	0.00280	0.06711	0.00706	0.00508	0.01275
7	0.70310	0.02045	0.01554	0.01390	0.02045	0.02372	0.01145	0.03108	0.01799	0.04744	0.01472	0.01718	0.01145	0.00981	0.00654	0.00327	0.00818	0.00573	0.00654	0.01145
8	0.01513	0.01123	0.01652	0.01652	0.01824	0.01296	0.01262	0.01857	0.01685	0.02419	0.02876	0.04395	0.02748	0.12716	0.54009	0.01640	0.02675	0.01168	0.00573	0.00918
9	0.02966	0.02435	0.04440	0.04377	0.22161	0.02278	0.20599	0.03631	0.02546	0.14279	0.02476	0.02864	0.01831	0.00984	0.01100	0.00318	0.01333	0.01050	0.00696	0.07637
10	0.01288	0.00920	0.01227	0.01472	0.01534	0.00859	0.00981	0.01472	0.02024	0.02699	0.05828	0.62152	0.06993	0.03312	0.01350	0.00429	0.00613	0.03006	0.00981	0.00859
11	0.02827	0.63478	0.05540	0.01809	0.02714	0.04184	0.01809	0.03166	0.02148	0.02488	0.01470	0.01696	0.01357	0.00905	0.00678	0.00226	0.01131	0.00565	0.00452	0.01357
12	0.02617	0.02512	0.04292	0.06490	0.56246	0.02512	0.03245	0.03245	0.02407	0.03454	0.01989	0.02617	0.01675	0.00942	0.01047	0.00314	0.01256	0.00942	0.00523	0.01675
13	0.03956	0.03115	0.02974	0.02933	0.11159	0.20841	0.02023	0.08727	0.06367	0.22982	0.02861	0.02816	0.02024	0.01184	0.01025	0.00308	0.01307	0.00917	0.00898	0.01582
14	0.02313	0.02313	0.03238	0.02776	0.02776	0.03238	0.02313	0.02545	0.01619	0.02545	0.01388	0.02313	0.01388	0.01851	0.03470	0.00463	0.60907	0.00925	0.00463	0.01157
15	0.02026	0.01784	0.02712	0.14047	0.19948	0.01863	0.02114	0.02806	0.07082	0.03632	0.21361	0.05086	0.08099	0.01541	0.01134	0.00334	0.00939	0.01383	0.00813	0.01296
16	0.01484	0.01003	0.01169	0.01222	0.01235	0.00989	0.00714	0.01524	0.01642	0.02189	0.03867	0.18775	0.04520	0.50064	0.04516	0.00897	0.00937	0.01853	0.00714	0.00687
17	0.03402	0.02337	0.03145	0.03522	0.20034	0.02416	0.02202	0.12353	0.16257	0.18186	0.03239	0.03200	0.02338	0.01216	0.01060	0.00329	0.01041	0.01040	0.00956	0.01727
18	0.02404	0.01261	0.01667	0.01495	0.01862	0.01140	0.01128	0.02795	0.02758	0.19013	0.29994	0.14105	0.06982	0.06694	0.01523	0.00397	0.00670	0.01791	0.01140	0.01182
19	0.02863	0.02154	0.02099	0.01785	0.02299	0.06954	0.01409	0.20478	0.07807	0.04856	0.09159	0.03735	0.03167	0.01359	0.00958	0.00293	0.00882	0.01074	0.25315	0.01352
20	0.01863	0.01622	0.02596	0.19420	0.17095	0.01731	0.02173	0.02333	0.02183	0.02933	0.03717	0.25799	0.03984	0.02039	0.01200	0.00383	0.01034	0.06009	0.00720	0.01165
21	0.01533	0.01043	0.01246	0.01246	0.01278	0.01076	0.00757	0.01597	0.01565	0.02119	0.03246	0.06448	0.03639	0.53492	0.14452	0.01140	0.01333	0.01469	0.00628	0.00692
22	0.02827	0.63478	0.05540	0.01809	0.02714	0.04184	0.01809	0.03166	0.02148	0.02488	0.01470	0.01696	0.01357	0.00905	0.00678	0.00226	0.01131	0.00565	0.00452	0.01357
23	0.02562	0.41754	0.24948	0.02260	0.03411	0.03536	0.02595	0.03234	0.02180	0.02810	0.01630	0.01897	0.01350	0.00942	0.00801	0.00267	0.01292	0.00646	0.00450	0.01434
24	0.02162	0.01186	0.01410	0.01294	0.01491	0.01121	0.00840	0.02269	0.01915	0.13255	0.04145	0.06530	0.08125	0.45124	0.04146	0.00825	0.00957	0.01502	0.00806	0.00898
25	0.02635	0.22565	0.34491	0.02536	0.03803	0.02969	0.02991	0.06599	0.02438	0.06954	0.01965	0.02183	0.01461	0.01012	0.00914	0.00300	0.01361	0.00746	0.00546	0.01532
26	0.02439	0.02330	0.03970	0.21951	0.42178	0.02465	0.03156	0.03089	0.02323	0.03238	0.01957	0.02675	0.01599	0.00975	0.01050	0.00325	0.01300	0.00941	0.00508	0.01531
27	0.01471	0.01091	0.01585	0.01617	0.01792	0.01205	0.01226	0.01830	0.01906	0.02705	0.09529	0.14467	0.04242	0.06468	0.42175	0.01323	0.02181	0.01543	0.00707	0.00936
28	0.03712	0.10322	0.06908	0.02344	0.03210	0.02103	0.09532	0.04245	0.02726	0.33416	0.03480	0.03870	0.02515	0.01312	0.01071	0.00333	0.01114	0.05197	0.00992	0.01596
29	0.03276	0.02218	0.03578	0.09635	0.34025	0.02177	0.02651	0.03837	0.02589	0.21334	0.02711	0.02964	0.01968	0.01075	0.01053	0.00322	0.01150	0.00982	0.00782	0.01673
30	0.01460	0.01079	0.01363	0.01292	0.01557	0.00982	0.00969	0.01924	0.02907	0.04035	0.49025	0.08235	0.16768	0.02238	0.01247	0.00336	0.00504	0.01959	0.01137	0.00982
31	0.02192	0.01879	0.02192	0.01566	0.02506	0.01409	0.01253	0.02662	0.02192	0.03445	0.01879	0.02192	0.01566	0.00783	0.00783	0.00157	0.00783	0.00626	0.00626	0.69305
32	0.02727	0.58733	0.05248	0.01801	0.02651	0.03966	0.01772	0.03069	0.02114	0.02485	0.01574	0.01883	0.01455	0.01439	0.05090	0.00338	0.01260	0.00609	0.00461	0.01325
33	0.02314	0.04598	0.44359	0.02869	0.04221	0.02267	0.06757	0.03386	0.02384	0.07967	0.06795	0.02884	0.02218	0.01123	0.01047	0.00335	0.01429	0.00935	0.00588	0.01524
34	0.01549	0.01108	0.01662	0.01662	0.01828	0.01274	0.01274	0.01828	0.01662	0.02382	0.02716	0.04044	0.02549	0.07431	0.52270	0.09605	0.02608	0.01108	0.00554	0.00887
35	0.01907	0.02756	0.20121	0.02313	0.06227	0.01766	0.02179	0.02945	0.08715	0.03917	0.28514	0.05231	0.05810	0.01617	0.01134	0.00335	0.00937	0.01394	0.00876	0.01306
36	0.03265	0.02618	0.11256	0.02606	0.07951	0.01966	0.05504	0.08077	0.02764	0.21872	0.02745	0.02789	0.01921	0.01059	0.00991	0.00283	0.01085	0.00897	0.00853	0.19499
37	0.02060	0.01739	0.02051	0.01552	0.02364	0.01329	0.01213	0.02488	0.02168	0.03336	0.02457	0.10960	0.02360	0.01153	0.00866	0.00196	0.00758	0.00974	0.00678	0.59297
38	0.07996	0.09688	0.37337	0.02820	0.07449	0.02472	0.03101	0.03217	0.02195	0.03409	0.01827	0.02162	0.01376	0.00961	0.00920	0.00300	0.01340	0.00735	0.00493	0.10200
39	0.02563	0.07617	0.07491	0.01967	0.02951	0.01853	0.05454	0.03111	0.02313	0.09616	0.02133	0.02367	0.01655	0.00882	0.00861	0.00213	0.00969	0.00733	0.00669	0.44583
40	0.02426	0.02073	0.03425	0.20882	0.30522	0.02179	0.02713	0.03042	0.02451	0.07104	0.09872	0.03507	0.02864	0.01177	0.01080	0.00329	0.01166	0.01090	0.00656	0.01442
41	0.02562	0.07234	0.02702	0.02095	0.07211	0.01885	0.01541	0.07332	0.02580	0.07381	0.06622	0.02797	0.02362	0.01003	0.00880	0.00217	0.00872	0.00816	0.00733	0.41175
42	0.02174	0.01236	0.01688	0.01572	0.01832	0.01280	0.01164	0.02445	0.01920	0.13386	0.03253	0.04871	0.02998	0.23059	0.30999	0.01219	0.01898	0.01240	0.00739	0.01026
43	0.02901	0.02346	0.07802	0.03138	0.14451	0.02009	0.06572	0.03864	0.10172	0.16810	0.09976	0.03702	0.03188	0.01253	0.01073	0.00318	0.01040	0.01123	0.00884	0.07376
44	0.02940	0.02168	0.03508	0.02758	0.06843	0.01865	0.15556	0.03521	0.02498	0.16793	0.02530	0.02753	0.01846	0.00954	0.00998	0.00264	0.01118	0.00927	0.00765	0.29394
45	0.08101	0.01843	0.02437	0.20572	0.04005	0.01890	0.01902	0.03137	0.06781	0.08140	0.02696	0.03771	0.02248	0.01242	0.00990	0.00305	0.01025	0.06489	0.00719	0.21708
46	0.02165	0.05163	0.51379	0.03182	0.04687	0.02481	0.09584	0.03353	0.02263	0.03353	0.01926	0.02305	0.01370	0.00991	0.01033	0.00337	0.01588	0.00836	0.00457	0.01547
47	0.03818	0.11880	0.03294	0.02617	0.03204	0.52228	0.02016	0.04098	0.02897	0.02576	0.01615	0.01882	0.01361	0.01068	0.00921	0.00267	0.01816	0.00667	0.00534	0.01241
48	0.02228	0.01623	0.02174	0.01994	0.02403	0.01665	0.05676	0.03401	0.19013	0.09666	0.04827	0.31491	0.04808	0.02266	0.01219	0.00388	0.00819	0.02045	0.01012	0.01280
49	0.02276	0.01931	0.03288	0.02702	0.03063	0.02146	0.14727	0.02596	0.02023	0.06234	0.02707	0.08879	0.02624	0.02133	0.02443	0.12312	0.19343	0.06835	0.00639	0.01100
50	0.11613	0.11816	0.03141	0.02087	0.02892	0.02928	0.01762	0.26242	0.08104	0.15124	0.02713	0.02637	0.01934	0.01202	0.00955	0.00310	0.01040	0.00891	0.00967	0.01644
51	0.01793	0.00947	0.01420	0.01420	0.01445	0.00972	0.00972	0.01445	0.01420	0.01918	0.01969	0.03339	0.01943	0.04237	0.11360	0.60285	0.01172	0.00947	0.00473	0.00523
52	0.01495	0.01068	0.01464	0.01709	0.01861	0.01037	0.01341	0.01830	0.02228	0.02931	0.05713	0.37138	0.06541	0.03117	0.01405	0.00458	0.00793	0.25977	0.00978	0.00916
53	0.10590	0.01626	0.01942	0.01809	0.02282	0.01654	0.01471	0.07439	0.07091	0.15341	0.08932	0.13763	0.04621	0.02065	0.01180	0.00387	0.00854	0.14623	0.01042	0.01288
54	0.02827	0.63478	0.05540	0.01809	0.02714	0.04184	0.01809	0.03166	0.02148	0.02488	0.01470	0.01696	0.01357	0.00905	0.00678	0.00226	0.01131	0.00565	0.00452	0.01357
55	0.02925	0.06480	0.07423	0.09471	0.29034	0.02446	0.09155	0.03571	0.02481	0.13223	0.02364	0.02763	0.01777	0.01015	0.01050	0.00321	0.01281	0.00969	0.00656	0.01596
56	0.01881	0.01738	0.02964	0.42655	0.05840	0.02055	0.05971	0.02491	0.02098	0.02732	0.02615	0.12716	0.02430	0.01888	0.05060	0.00458	0.01401	0.01316	0.00566	0.01124
57	0.62635	0.02016	0.01659	0.01448	0.02121	0.02276	0.01193	0.03347	0.01943	0.10858	0.01788	0.01938	0.01317	0.01020	0.00702	0.00327	0.00827	0.00630	0.00731	0.01222
58	0.01997	0.01879	0.03171	0.60301	0.07282	0.02349	0.02936	0.02701	0.02114	0.02701	0.01879	0.02819	0.01409	0.01057	0.01057	0.00352	0.01409	0.00940	0.00470	0.01175
59	0.02827	0.63478	0.05540	0.01809	0.02714	0.04184	0.01809	0.03166	0.02148	0.02488	0.01470	0.01696	0.01357	0.00905	0.00678	0.00226	0.01131	0.00565	0.00452	0.01357
60	0.02496	0.02852	0.06239	0.04456	0.05526	0.02674	0.52406	0.03387	0.02496	0.03387	0.02139	0.02852	0.01604	0.00891	0.01248	0.00357	0.01783	0.01248	0.00535	0.01426
61	0.01530	0.01056	0.01308	0.01308	0.01361	0.01109	0.00833	0.01637	0.01583	0.02164	0.03190	0.06137	0.03504	0.47316	0.20443	0.01216	0.01536	0.01423	0.00620	0.00726
62	0.01951	0.01192	0.01585	0.01475	0.01800	0.01097	0.01154	0.02437	0.02932	0.11105	0.42996	0.07800	0.08545	0.02137	0.01248	0.00350	0.00608	0.07327	0.01161	0.01101
63	0.02122	0.01179	0.01390	0.01306	0.01679	0.01048	0.00989	0.02468	0.02487	0.14128	0.11147	0.15818	0.23144	0.02184	0.01131	0.00340	0.00611	0.01856	0.13877	0.01098
64	0.01997	0.01879	0.03171	0.60301	0.07282	0.02349	0.02936	0.02701	0.02114	0.02701	0.01879	0.02819	0.01409	0.01057	0.01057	0.00352	0.01409	0.00940	0.00470	0.01175
65	0.01770	0.01369	0.01765	0.01647	0.01701	0.01638	0.01194	0.01938	0.01647	0.02415	0.02759	0.05001	0.02909	0.32329	0.13630	0.00928	0.16594	0.01262	0.06650	0.00855
66	0.70310	0.02045	0.01554	0.01390	0.02045	0.02372	0.01145	0.03108	0.01799	0.04744	0.01472	0.01718	0.01145	0.00981	0.00654	0.00327	0.00818	0.00573	0.00654	0.01145
67	0.02827	0.63478	0.05540	0.01809	0.02714	0.04184	0.01809	0.03166	0.02148	0.02488	0.01470	0.01696	0.01357	0.00905	0.00678	0.00226	0.01131	0.00565	0.00452	0.01357
68	0.02559	0.11788	0.34667	0.02715	0.03865	0.14598	0.03065	0.03411	0.02404	0.03068	0.02121	0.02964	0.01769	0.01182	0.00996	0.00322	0.01533	0.05044	0.00515	0.01414
69	0.02630	0.02271	0.02391	0.02152	0.02749	0.02630	0.01674	0.05618	0.54336	0.04423	0.04303	0.03945	0.03228	0.01434	0.01076	0.00359	0.00837	0.01195	0.01076	0.01674
70	0.07058	0.04477	0.42171	0.02786	0.04103	0.02291	0.06428	0.03354	0.02331	0.07186	0.06132	0.02760	0.02087	0.01105	0.01018	0.00335	0.01398	0.00902	0.00580	0.01498
71	0.01383	0.01076	0.01256	0.01211	0.01510	0.00949	0.00908	0.01775	0.02725	0.03603	0.35000	0.08946	0.31063	0.02399	0.01248	0.00344	0.00516	0.02059	0.01080	0.00949
72	0.01830	0.01328	0.01721	0.01619	0.01748	0.01586	0.01236	0.02138	0.01806	0.02843	0.02794	0.04209	0.02615	0.14978	0.19119	0.00865	0.14551	0.01120	0.20951	0.00946
73	0.01793	0.00934	0.01345	0.01345	0.01345	0.00934	0.00878	0.01401	0.01401	0.01867	0.02053	0.03749	0.02127	0.12225	0.04313	0.59379	0.00934	0.01008	0.00485	0.00485
74	0.03950	0.05039	0.02996	0.02724	0.03269	0.58597	0.02043	0.04222	0.02996	0.02588	0.01634	0.01907	0.01362	0.01090	0.00953	0.00272	0.01907	0.00681	0.00545	0.01226
75	0.02827	0.63478	0.05540	0.01809	0.02714	0.04184	0.01809	0.03166	0.02148	0.02488	0.01470	0.01696	0.01357	0.00905	0.00678	0.00226	0.01131	0.00565	0.00452	0.01357
76	0.23676	0.01738	0.01936	0.01580	0.02249	0.01671	0.01278	0.03572	0.02540	0.23558	0.13501	0.03719	0.03527	0.01315	0.00940	0.00306	0.00779	0.01030	0.00993	0.10091
77	0.02880	0.02456	0.04529	0.04297	0.20099	0.02286	0.22826	0.03560	0.02524	0.12539	0.02409	0.02831	0.01794	0.00965	0.01101	0.00315	0.01355	0.01051	0.00674	0.09511
78	0.02304	0.02142	0.03424	0.26638	0.26723	0.02366	0.02778	0.03256	0.08987	0.03335	0.05704	0.03206	0.02305	0.01129	0.01067	0.00336	0.01213	0.01036	0.00615	0.01435
79	0.13835	0.02566	0.04025	0.03858	0.17488	0.02610	0.16635	0.13599	0.02917	0.08965	0.02253	0.02611	0.01678	0.01033	0.01046	0.00330	0.01287	0.00984	0.00726	0.01555
80	0.02318	0.02824	0.11600	0.21349	0.12265	0.02523	0.21553	0.03291	0.05496	0.03245	0.02141	0.02796	0.01618	0.00996	0.01121	0.00347	0.01515	0.01050	0.00535	0.01415
81	0.19980	0.02291	0.06886	0.01837	0.02707	0.01953	0.01628	0.08195	0.02650	0.23464	0.02671	0.02620	0.01846	0.01084	0.00896	0.00290	0.00934	0.00814	0.00904	0.16350
82	0.02112	0.13857	0.38281	0.02496	0.03700	0.02449	0.03009	0.03057	0.02366	0.03384	0.12241	0.03244	0.03014	0.01213	0.01000	0.00317	0.01288	0.00966	0.00586	0.01420
83	0.02127	0.15781	0.18113	0.02028	0.02798	0.02253	0.02070	0.06810	0.02566	0.03502	0.14217	0.15714	0.04402	0.01730	0.01062	0.00329	0.01012	0.01451	0.00764	0.01272
84	0.02232	0.01503	0.05049	0.01551	0.02003	0.01206	0.01294	0.02756	0.02954	0.15506	0.41350	0.06630	0.07870	0.01908	0.01193	0.00332	0.00650	0.01661	0.01151	0.01204
85	0.01512	0.01125	0.01658	0.01658	0.01832	0.01299	0.01270	0.01861	0.01687	0.02424	0.02870	0.04364	0.02735	0.12109	0.54598	0.01648	0.02695	0.01164	0.00572	0.00921
86	0.02831	0.02501	0.04424	0.04777	0.27714	0.02464	0.17780	0.03816	0.09163	0.09823	0.02587	0.02973	0.01963	0.01033	0.01113	0.00334	0.01321	0.01082	0.00690	0.01614
87	0.01997	0.01879	0.03171	0.60301	0.07282	0.02349	0.02936	0.02701	0.02114	0.02701	0.01879	0.02819	0.01409	0.01057	0.01057	0.00352	0.01409	0.00940	0.00470	0.01175
88	0.03084	0.03275	0.14863	0.02600	0.03599	0.02746	0.06777	0.25829	0.10165	0.04996	0.02514	0.02640	0.01838	0.01143	0.01033	0.00311	0.01218	0.00935	0.00832	0.09601
89	0.01722	0.01330	0.01692	0.01613	0.01721	0.01536	0.01150	0.02123	0.06120	0.02440	0.03014	0.05234	0.03112	0.33083	0.20950	0.01101	0.09233	0.01307	0.00633	0.00887
90	0.01837	0.00918	0.01377	0.01377	0.01377	0.00918	0.00918	0.01377	0.01377	0.01837	0.01837	0.03214	0.01837	0.03673	0.04132	0.69238	0.00918	0.00918	0.00459	0.00459
91	0.02630	0.02271	0.02391	0.02152	0.02749	0.02630	0.01674	0.05618	0.54336	0.04423	0.04303	0.03945	0.03228	0.01434	0.01076	0.00359	0.00837	0.01195	0.01076	0.01674
92	0.02203	0.12259	0.51297	0.02873	0.04358	0.02658	0.03661	0.03327	0.02222	0.03248	0.01847	0.02170	0.01341	0.00993	0.00966	0.00322	0.01512	0.00756	0.00447	0.01539
93	0.03840	0.02874	0.02930	0.02330	0.03079	0.07856	0.01886	0.39984	0.04378	0.10218	0.02878	0.07678	0.02274	0.01432	0.01074	0.00324	0.01160	0.01113	0.01027	0.01667
94	0.01529	0.01060	0.01329	0.01329	0.01390	0.01120	0.00860	0.01650	0.01590	0.02180	0.03171	0.06029	0.03458	0.45175	0.22521	0.01242	0.01606	0.01407	0.00617	0.00738
95	0.01496	0.01081	0.01413	0.01330	0.01580	0.00998	0.00998	0.01995	0.02993	0.04240	0.55689	0.07898	0.09976	0.02162	0.01247	0.00333	0.00499	0.01912	0.01164	0.00998
96	0.02229	0.03060	0.15699	0.03637	0.04648	0.02328	0.33740	0.03094	0.02445	0.03395	0.07074	0.08246	0.02742	0.01232	0.01207	0.00356	0.01526	0.01362	0.00610	0.01368
97	0.01837	0.00918	0.01377	0.01377	0.01377	0.00918	0.00918	0.01377	0.01377	0.01837	0.01837	0.03214	0.01837	0.03673	0.04132	0.69238	0.00918	0.00918	0.00459	0.00459
98	0.03738	0.02822	0.03015	0.02376	0.03172	0.03147	0.01941	0.43173	0.14978	0.06209	0.02896	0.02824	0.02088	0.01303	0.01061	0.00326	0.01097	0.01001	0.01061	0.01773
99	0.02192	0.01879	0.02192	0.01566	0.02506	0.01409	0.01253	0.02662	0.02192	0.03445	0.01879	0.02192	0.01566	0.00783	0.00783	0.00157	0.00783	0.00626	0.00626	0.69305
100	0.02206	0.02235	0.04165	0.24622	0.12071	0.02422	0.19157	0.02875	0.02227	0.03011	0.02289	0.08048	0.02004	0.01258	0.01355	0.00365	0.06628	0.01225	0.00543	0.01292
101	0.70310	0.02045	0.01554	0.01390	0.02045	0.02372	0.01145	0.03108	0.01799	0.04744	0.01472	0.01718	0.01145	0.00981	0.00654	0.00327	0.00818	0.00573	0.00654	0.01145
102	0.09230	0.03154	0.02781	0.02332	0.03026	0.15287	0.01851	0.24788	0.17872	0.04980	0.02734	0.02717	0.02040	0.01251	0.01005	0.00320	0.01209	0.00927	0.00915	0.01582
103	0.01825	0.01169	0.01603	0.01655	0.01862	0.01198	0.01282	0.02141	0.02039	0.07286	0.04223	0.13764	0.04416	0.16101	0.19441	0.00938	0.01496	0.15789	0.00815	0.00957
104	0.01282	0.00944	0.01202	0.01408	0.01517	0.00864	0.00953	0.01479	0.02086	0.02724	0.06605	0.53875	0.14768	0.03211	0.01334	0.00418	0.00601	0.02882	0.00982	0.00864
105	0.04176	0.01835	0.02331	0.01842	0.02576	0.01715	0.01504	0.08500	0.07653	0.42257	0.03974	0.03589	0.02620	0.01308	0.01026	0.00320	0.00867	0.01057	0.09159	0.01693
106	0.02630	0.02271	0.02391	0.02152	0.02749	0.02630	0.01674	0.05618	0.54336	0.04423	0.04303	0.03945	0.03228	0.01434	0.01076	0.00359	0.00837	0.01195	0.01076	0.01674
107	0.01499	0.01077	0.01438	0.01491	0.01701	0.01017	0.01146	0.01931	0.02677	0.03697	0.34829	0.19761	0.08536	0.02558	0.01314	0.00385	0.00624	0.12269	0.01086	0.00964
108	0.02313	0.02313	0.03238	0.02776	0.02776	0.03238	0.02313	0.02545	0.01619	0.02545	0.01388	0.02313	0.01388	0.01851	0.03470	0.00463	0.60907	0.00925	0.00463	0.01157
109	0.01997	0.01879	0.03171	0.60301	0.07282	0.02349	0.02936	0.02701	0.02114	0.02701	0.01879	0.02819	0.01409	0.01057	0.01057	0.00352	0.01409	0.00940	0.00470	0.01175
110	0.02496	0.02852	0.06239	0.04456	0.05526	0.02674	0.52406	0.03387	0.02496	0.03387	0.02139	0.02852	0.01604	0.00891	0.01248	0.00357	0.01783	0.01248	0.00535	0.01426
111	0.70310	0.02045	0.01554	0.01390	0.02045	0.02372	0.01145	0.03108	0.01799	0.04744	0.01472	0.01718	0.01145	0.00981	0.00654	0.00327	0.00818	0.00573	0.00654	0.01145
112	0.01830	0.01174	0.01568	0.01512	0.01811	0.01094	0.01199	0.02319	0.02876	0.08710	0.40345	0.08379	0.08485	0.02248	0.01276	0.00365	0.00636	0.11972	0.01136	0.01064
113	0.04744	0.01799	0.02454	0.01881	0.02699	0.01554	0.01554	0.05153	0.03026	0.56979	0.04171	0.03599	0.02617	0.01309	0.01063	0.00327	0.00900	0.01063	0.01309	0.01799
114	0.01344	0.00995	0.01255	0.01359	0.01529	0.00906	0.00955	0.01637	0.02382	0.03188	0.21610	0.36753	0.16493	0.02856	0.01301	0.00388	0.00565	0.02542	0.01036	0.00906
115	0.01837	0.00918	0.01377	0.01377	0.01377	0.00918	0.00918	0.01377	0.01377	0.01837	0.01837	0.03214	0.01837	0.03673	0.04132	0.69238	0.00918	0.00918	0.00459	0.00459
116	0.70310	0.02045	0.01554	0.01390	0.02045	0.02372	0.01145	0.03108	0.01799	0.04744	0.01472	0.01718	0.01145	0.00981	0.00654	0.00327	0.00818	0.00573	0.00654	0.01145
117	0.70310	0.02045	0.01554	0.01390	0.02045	0.02372	0.01145	0.03108	0.01799	0.04744	0.01472	0.01718	0.01145	0.00981	0.00654	0.00327	0.00818	0.00573	0.00654	0.01145
118	0.02902	0.11425	0.06527	0.02223	0.07300	0.02126	0.01777	0.06346	0.02530	0.13405	0.02293	0.02438	0.01738	0.00956	0.00873	0.00233	0.00970	0.00755	0.00733	0.32450
119	0.07808	0.09982	0.03312	0.02631	0.07771	0.06943	0.01991	0.28705	0.11711	0.05139	0.02507	0.02568	0.01885	0.01192	0.00982	0.00310	0.01146	0.00900	0.00881	0.01635
120	0.01585	0.01008	0.01188	0.01188	0.01188	0.01008	0.00684	0.01512	0.01512	0.02017	0.03096	0.06337	0.03528	0.53539	0.05185	0.11750	0.01008	0.01440	0.00612	0.00612
121	0.21666	0.02733	0.12326	0.02380	0.03291	0.02258	0.09762	0.04068	0.09577	0.17703	0.02737	0.02776	0.01918	0.01119	0.00971	0.00337	0.01121	0.00926	0.00827	0.01503
122	0.01997	0.01879	0.03171	0.60301	0.07282	0.02349	0.02936	0.02701	0.02114	0.02701	0.01879	0.02819	0.01409	0.01057	0.01057	0.00352	0.01409	0.00940	0.00470	0.01175
123	0.01341	0.00983	0.01215	0.01351	0.01468	0.00927	0.00908	0.01521	0.01990	0.02596	0.06131	0.37957	0.15724	0.14308	0.05964	0.00610	0.00824	0.02459	0.00891	0.00832
124	0.03202	0.02676	0.03402	0.02776	0.03409	0.14147	0.14054	0.03698	0.02649	0.16690	0.03182	0.04631	0.02699	0.01535	0.01375	0.00367	0.06575	0.10758	0.00816	0.01363
125	0.02252	0.02139	0.03632	0.38192	0.27400	0.02416	0.03063	0.02925	0.02235	0.03011	0.01924	0.02736	0.01518	0.01010	0.01053	0.00337	0.01346	0.00941	0.00492	0.01380
126	0.01550	0.01066	0.01310	0.01331	0.01405	0.01083	0.00883	0.01698	0.01786	0.02418	0.07963	0.07234	0.04471	0.43655	0.11401	0.00990	0.01206	0.07088	0.00714	0.00749
127	0.18436	0.02402	0.02965	0.02278	0.03100	0.02494	0.07585	0.21930	0.03411	0.20941	0.02750	0.02715	0.01879	0.01174	0.00994	0.00327	0.01082	0.00938	0.00984	0.01613
128	0.02313	0.02313	0.03238	0.02776	0.02776	0.03238	0.02313	0.02545	0.01619	0.02545	0.01388	0.02313	0.01388	0.01851	0.03470	0.00463	0.60907	0.00925	0.00463	0.01157
129	0.03023	0.03046	0.03200	0.02468	0.03308	0.16848	0.09476	0.12094	0.02944	0.03786	0.01973	0.02281	0.01560	0.00966	0.00948	0.00246	0.01298	0.00794	0.00668	0.29075
130	0.28477	0.03114	0.02291	0.02068	0.02581	0.23993	0.01608	0.03480	0.02344	0.06899	0.02074	0.07141	0.01846	0.01321	0.01107	0.00327	0.06582	0.00886	0.00665	0.01195
131	0.01515	0.01093	0.01439	0.01385	0.01634	0.01017	0.01061	0.02013	0.02943	0.04144	0.51224	0.08257	0.09629	0.02229	0.01266	0.00346	0.00541	0.06121	0.01147	0.00995
132	0.02159	0.02246	0.04453	0.25939	0.05745	0.02334	0.27047	0.02895	0.02291	0.03038	0.02469	0.09781	0.02159	0.01240	0.01185	0.00363	0.01500	0.01333	0.00562	0.01261
133	0.02059	0.01487	0.01663	0.06562	0.02187	0.06007	0.01196	0.02262	0.02075	0.08835	0.04138	0.27348	0.04513	0.21849	0.02555	0.00589	0.00957	0.01932	0.00829	0.00957
134	0.01345	0.01048	0.01221	0.01234	0.01501	0.00925	0.00904	0.01682	0.02553	0.03327	0.26054	0.18386	0.30832	0.02602	0.01266	0.00361	0.00536	0.02251	0.01047	0.00925
135	0.02796	0.21962	0.25740	0.02288	0.03372	0.02663	0.02545	0.03500	0.02350	0.13904	0.02561	0.07416	0.02082	0.01231	0.00947	0.00308	0.01217	0.00961	0.00668	0.01489
136	0.01535	0.01035	0.01202	0.01202	0.01219	0.01051	0.00701	0.01569	0.01552	0.02086	0.03287	0.06673	0.03737	0.57948	0.10129	0.01085	0.01186	0.01501	0.00634	0.00668
137	0.04019	0.02962	0.03173	0.02433	0.03279	0.03279	0.02010	0.52721	0.04971	0.06663	0.02538	0.02538	0.01798	0.01269	0.01058	0.00317	0.01163	0.00952	0.01058	0.01798
138	0.10385	0.01892	0.02140	0.01572	0.02468	0.01534	0.01266	0.02928	0.02218	0.08183	0.02028	0.02257	0.01607	0.00851	0.00792	0.00191	0.00797	0.00658	0.00688	0.55544
139	0.02820	0.20332	0.02917	0.01752	0.02280	0.19413	0.01445	0.03201	0.02434	0.03109	0.02324	0.02673	0.01908	0.01094	0.00787	0.00248	0.01107	0.00771	0.28218	0.01166
140	0.02121	0.05469	0.57364	0.03014	0.04576	0.02455	0.03906	0.03348	0.02232	0.03348	0.01897	0.02232	0.01339	0.01005	0.01005	0.00335	0.01563	0.00781	0.00446	0.01563
141	0.02292	0.02180	0.03704	0.34711	0.30567	0.02427	0.03083	0.02960	0.02254	0.03059	0.01931	0.02723	0.01536	0.01002	0.01052	0.00334	0.01337	0.00941	0.00495	0.01412
142	0.01557	0.01094	0.01503	0.01503	0.01651	0.01220	0.01104	0.01852	0.01705	0.02485	0.03008	0.04813	0.02944	0.20812	0.40540	0.01407	0.02185	0.01219	0.06524	0.00873
143	0.01652	0.01049	0.01257	0.01329	0.01566	0.00943	0.00948	0.01917	0.02249	0.07541	0.06881	0.34636	0.20852	0.02706	0.01223	0.00377	0.00600	0.02369	0.08938	0.00964
144	0.02603	0.01450	0.01829	0.01688	0.02103	0.01406	0.01314	0.08595	0.02685	0.17426	0.05014	0.22381	0.08785	0.02729	0.06113	0.00486	0.00960	0.06019	0.05171	0.01242
145	0.03318	0.02613	0.02778	0.02291	0.03012	0.02951	0.01840	0.28951	0.29882	0.05533	0.03429	0.03248	0.02519	0.01353	0.01067	0.00338	0.00999	0.01075	0.01067	0.01735
146	0.23654	0.01395	0.01496	0.01443	0.01727	0.01574	0.01069	0.02180	0.01685	0.03075	0.02538	0.04164	0.02506	0.21472	0.24686	0.01064	0.01665	0.01069	0.00616	0.00922
147	0.03806	0.02677	0.02921	0.02308	0.03097	0.02938	0.01884	0.37042	0.15339	0.12072	0.03108	0.02964	0.02201	0.01309	0.01062	0.00327	0.01062	0.01017	0.01091	0.01772
148	0.03156	0.03431	0.18496	0.02493	0.03478	0.02768	0.02439	0.23352	0.16937	0.08196	0.02914	0.02882	0.02089	0.01239	0.01047	0.00334	0.01177	0.00973	0.00902	0.01698
149	0.02152	0.02058	0.03045	0.07537	0.03142	0.02517	0.06454	0.02515	0.01918	0.02842	0.06371	0.03259	0.02373	0.06758	0.02718	0.00444	0.33172	0.01057	0.00564	0.09102
150	0.02126	0.11769	0.34748	0.02432	0.03628	0.02312	0.02843	0.02989	0.02190	0.03178	0.02300	0.09171	0.02042	0.01224	0.00965	0.00302	0.01263	0.00988	0.00540	0.12988
151	0.06885	0.07103	0.02432	0.01575	0.02492	0.01710	0.01293	0.02735	0.02162	0.03453	0.01817	0.02118	0.01520	0.00807	0.00765	0.00174	0.00815	0.00618	0.00614	0.58915
152	0.16216	0.02445	0.02467	0.02003	0.02719	0.07079	0.01622	0.18832	0.06657	0.20160	0.06893	0.03137	0.02590	0.01291	0.00991	0.00322	0.01015	0.00980	0.01021	0.01560
153	0.13064	0.02572	0.02642	0.10855	0.06795	0.10939	0.01941	0.03823	0.16727	0.03599	0.02418	0.02693	0.01901	0.01187	0.01167	0.00323	0.06454	0.00877	0.00699	0.09323

[dist]
# distance from previous block
# <min> <max>
0	7

[block]
# block no. 5 follows, 13 sequences, length 30
# corresponding to MSA columns:
# 569-598
name=unknown_F
#
# <colnr> <probs for GDERKNQSTAVLIFYWHMCP>
#	G	D	E	R	K	N	Q	S	T	A	V	L	I	F	Y	W	H	M	C	P
0	0.02763	0.06247	0.03213	0.08595	0.08580	0.02447	0.05255	0.16811	0.06507	0.04311	0.05755	0.02896	0.02276	0.01110	0.00987	0.00279	0.01072	0.00939	0.00767	0.19189
1	0.02900	0.01771	0.02135	0.01838	0.02389	0.01768	0.01445	0.08558	0.12832	0.17606	0.03849	0.08328	0.03294	0.09301	0.05341	0.00508	0.01030	0.05685	0.00988	0.08436
2	0.09573	0.02421	0.03242	0.06241	0.03458	0.02770	0.08630	0.14900	0.11008	0.09517	0.02525	0.02795	0.01900	0.01337	0.01584	0.00366	0.14443	0.00997	0.00808	0.01484
3	0.01471	0.01050	0.01304	0.01280	0.01452	0.00985	0.00888	0.01792	0.02474	0.03418	0.34015	0.13032	0.11029	0.18455	0.02357	0.00528	0.00652	0.01939	0.00995	0.00882
4	0.01692	0.01182	0.01459	0.01475	0.01694	0.01157	0.01066	0.06825	0.02656	0.03720	0.21830	0.32816	0.07069	0.02534	0.01230	0.00369	0.00619	0.02251	0.07346	0.01010
5	0.01737	0.01107	0.01386	0.01360	0.01616	0.01002	0.00982	0.02056	0.02503	0.08844	0.24291	0.21847	0.16297	0.08107	0.01639	0.00426	0.00626	0.02132	0.01049	0.00992
6	0.03162	0.03734	0.02521	0.02298	0.02728	0.38128	0.01748	0.03451	0.02685	0.02760	0.03207	0.03443	0.10008	0.01431	0.01239	0.00303	0.07662	0.00979	0.07371	0.01143
7	0.01480	0.01059	0.01276	0.01233	0.01406	0.00994	0.00844	0.01769	0.02393	0.03273	0.31033	0.07838	0.13664	0.24096	0.02737	0.00585	0.00693	0.01818	0.00952	0.00855
8	0.01650	0.00994	0.01293	0.01293	0.01311	0.01012	0.00814	0.01510	0.01491	0.02007	0.02706	0.05221	0.02953	0.34683	0.10051	0.27432	0.01159	0.01259	0.00563	0.00600
9	0.02754	0.57471	0.10907	0.01934	0.02907	0.04005	0.02026	0.03185	0.02157	0.02577	0.01514	0.01752	0.01355	0.00915	0.00712	0.00237	0.01175	0.00588	0.00452	0.01378
10	0.02272	0.01550	0.01762	0.01563	0.02014	0.01563	0.01216	0.07685	0.13075	0.09429	0.21427	0.06272	0.15690	0.01865	0.01129	0.00332	0.00674	0.01572	0.07647	0.01262
11	0.02531	0.01864	0.03032	0.48934	0.06390	0.02194	0.02667	0.03178	0.02292	0.13262	0.02325	0.02971	0.01644	0.01106	0.01058	0.00347	0.01310	0.00964	0.00633	0.01296
12	0.03522	0.02617	0.02821	0.02288	0.03035	0.02915	0.01849	0.31265	0.24153	0.08997	0.03333	0.03156	0.02409	0.01336	0.01065	0.00334	0.01019	0.01054	0.01081	0.01749
13	0.64148	0.02130	0.01705	0.01487	0.02159	0.02456	0.01225	0.07720	0.02094	0.04922	0.01571	0.01794	0.01206	0.01008	0.00692	0.00326	0.00850	0.00608	0.00692	0.01206
14	0.03005	0.02586	0.09281	0.12948	0.19540	0.02261	0.12384	0.03699	0.02524	0.17364	0.02565	0.02914	0.01834	0.01053	0.01088	0.00334	0.01319	0.01017	0.00716	0.01570
15	0.02315	0.02199	0.03780	0.16509	0.36603	0.02276	0.05604	0.02916	0.02304	0.03203	0.02469	0.10330	0.02302	0.01267	0.01099	0.00339	0.01233	0.01224	0.00572	0.01456
16	0.01288	0.00920	0.01227	0.01472	0.01534	0.00859	0.00981	0.01472	0.02024	0.02699	0.05828	0.62152	0.06993	0.03312	0.01350	0.00429	0.00613	0.03006	0.00981	0.00859
17	0.01997	0.01879	0.03171	0.60301	0.07282	0.02349	0.02936	0.02701	0.02114	0.02701	0.01879	0.02819	0.01409	0.01057	0.01057	0.00352	0.01409	0.00940	0.00470	0.01175
18	0.02958	0.02430	0.03137	0.03102	0.12787	0.05963	0.06888	0.11928	0.15258	0.09578	0.11224	0.03817	0.03424	0.01343	0.01102	0.00331	0.01082	0.01180	0.00921	0.01548
