[name]
unknown

[dist]
# distance from previous block
# <min> <max>
13	2962

[block]
# block no. 0 follows, 10 sequences, length 37
# corresponding to MSA columns:
# 3630-3666
name=unknown_A
#
# <colnr> <probs for GDERKNQSTAVLIFYWHMCP>
#	G	D	E	R	K	N	Q	S	T	A	V	L	I	F	Y	W	H	M	C	P
0	0.17180	0.02683	0.02966	0.11586	0.03831	0.07942	0.02170	0.08998	0.02778	0.12739	0.02359	0.02735	0.01764	0.01418	0.01644	0.00390	0.13578	0.00941	0.00807	0.01489
1	0.09126	0.13389	0.23014	0.02526	0.03558	0.02752	0.02730	0.03501	0.02402	0.09103	0.02758	0.09754	0.02430	0.01537	0.01308	0.00372	0.06350	0.01164	0.00701	0.01523
2	0.01979	0.03202	0.22195	0.02364	0.03183	0.01887	0.02454	0.03033	0.07880	0.03672	0.09795	0.23977	0.05122	0.02244	0.01285	0.00409	0.01105	0.01959	0.00880	0.01375
3	0.02403	0.10895	0.48838	0.03195	0.04848	0.02873	0.04088	0.03665	0.02447	0.03597	0.02045	0.02402	0.01475	0.01095	0.01072	0.00357	0.01676	0.00838	0.00492	0.01698
4	0.02017	0.01237	0.01704	0.01736	0.01934	0.01259	0.01285	0.02251	0.02129	0.07527	0.04350	0.17521	0.04563	0.14390	0.18376	0.06956	0.01595	0.07302	0.00860	0.01008
5	0.02049	0.01855	0.03043	0.44392	0.06637	0.02242	0.02763	0.02734	0.02410	0.03140	0.07484	0.10193	0.03216	0.01577	0.01222	0.00395	0.01347	0.01409	0.00659	0.01232
6	0.01469	0.01057	0.01346	0.01526	0.01633	0.00985	0.01021	0.01689	0.02304	0.03068	0.10993	0.43575	0.11166	0.10022	0.01989	0.00533	0.00709	0.02926	0.01055	0.00935
7	0.09595	0.10002	0.04507	0.09395	0.20169	0.02821	0.10369	0.03870	0.02647	0.12041	0.02483	0.02899	0.01874	0.01106	0.01098	0.00349	0.01365	0.01022	0.00724	0.01662
8	0.03533	0.01606	0.02159	0.01783	0.02388	0.01421	0.01421	0.04030	0.03312	0.30031	0.26600	0.06189	0.06697	0.01882	0.01265	0.00363	0.00782	0.01610	0.01364	0.01563
9	0.04342	0.02845	0.08434	0.02809	0.03841	0.02430	0.09971	0.14367	0.03611	0.29661	0.03572	0.03419	0.02356	0.01319	0.01197	0.00364	0.01290	0.01148	0.01142	0.01883
10	0.02383	0.01735	0.02042	0.01936	0.02295	0.01796	0.01437	0.16242	0.03350	0.04506	0.09710	0.35997	0.06222	0.02813	0.01372	0.00423	0.00852	0.02478	0.01126	0.01284
11	0.01412	0.01032	0.01329	0.01567	0.01673	0.00949	0.01056	0.01625	0.02277	0.02989	0.07046	0.52788	0.12861	0.03561	0.01471	0.00463	0.00665	0.03206	0.01080	0.00949
12	0.02412	0.02067	0.02412	0.01723	0.02756	0.01550	0.01378	0.02929	0.02412	0.03790	0.02067	0.02412	0.01723	0.00861	0.00861	0.00172	0.00861	0.00689	0.00689	0.66236
13	0.01498	0.01094	0.01421	0.01617	0.01773	0.01018	0.01162	0.01794	0.02457	0.03250	0.12141	0.41220	0.13106	0.03360	0.01474	0.00459	0.00702	0.08369	0.01101	0.00983
14	0.02300	0.02181	0.03312	0.17691	0.10506	0.02744	0.02611	0.02743	0.02117	0.03005	0.02598	0.12342	0.02635	0.01947	0.02354	0.00449	0.25134	0.01418	0.00618	0.01295
15	0.01848	0.01181	0.01520	0.01557	0.01811	0.01070	0.01120	0.02193	0.02717	0.08294	0.20775	0.31665	0.13930	0.02950	0.01405	0.00418	0.00655	0.02619	0.01176	0.01096
16	0.02521	0.02420	0.03980	0.28058	0.24194	0.02822	0.03244	0.03174	0.02357	0.03264	0.02021	0.02919	0.01660	0.01264	0.01615	0.00392	0.11024	0.01032	0.00538	0.01502
17	0.01413	0.01029	0.01333	0.01576	0.01675	0.00948	0.01060	0.01624	0.02269	0.02986	0.06942	0.53701	0.12016	0.03575	0.01474	0.00464	0.00666	0.03222	0.01080	0.00948
18	0.03345	0.43224	0.05191	0.02234	0.03115	0.14764	0.02029	0.03975	0.06992	0.02958	0.01946	0.02145	0.01686	0.01092	0.00850	0.00273	0.01390	0.00713	0.00583	0.01495
19	0.02762	0.03089	0.06584	0.05193	0.12037	0.02918	0.41911	0.03705	0.02732	0.03735	0.02331	0.03104	0.01775	0.00988	0.01344	0.00386	0.01885	0.01329	0.00587	0.01604
20	0.03604	0.11933	0.03625	0.19212	0.04565	0.02689	0.02330	0.04120	0.02672	0.22848	0.02940	0.03171	0.02071	0.01345	0.01398	0.00367	0.07613	0.01016	0.00883	0.01600
21	0.02614	0.01391	0.01820	0.01630	0.02068	0.01242	0.01250	0.03065	0.03104	0.18051	0.28363	0.14032	0.12011	0.02327	0.01329	0.00380	0.00695	0.02025	0.01281	0.01319
22	0.01540	0.01103	0.01480	0.01677	0.01820	0.01042	0.01219	0.01868	0.02515	0.03393	0.15274	0.40787	0.08174	0.03319	0.01483	0.00462	0.00717	0.10012	0.01118	0.00997
23	0.03667	0.10305	0.08792	0.09595	0.14518	0.02837	0.02667	0.11637	0.03218	0.17266	0.02837	0.03005	0.02028	0.01222	0.01102	0.00344	0.01294	0.01002	0.00882	0.01782
24	0.01626	0.01123	0.01389	0.01447	0.01497	0.01143	0.00914	0.01741	0.01838	0.02487	0.04169	0.18154	0.04758	0.38442	0.13238	0.01111	0.01368	0.01967	0.00773	0.00814
25	0.02263	0.01233	0.01630	0.01676	0.01914	0.01130	0.01172	0.02496	0.02402	0.13546	0.05706	0.40897	0.06264	0.09515	0.01924	0.00523	0.00794	0.02664	0.01114	0.01139
26	0.02842	0.02325	0.04348	0.08940	0.10736	0.02239	0.19660	0.03505	0.02679	0.11843	0.03569	0.15277	0.03236	0.01664	0.01313	0.00398	0.01400	0.01683	0.00832	0.01512
27	0.15781	0.14717	0.03283	0.02091	0.02672	0.02932	0.01765	0.08391	0.02524	0.10133	0.02192	0.02650	0.01779	0.01813	0.02020	0.11578	0.10700	0.00878	0.00743	0.01360
28	0.01672	0.01177	0.01511	0.01491	0.01614	0.01219	0.01015	0.01917	0.02094	0.02914	0.13872	0.06931	0.05301	0.31607	0.19537	0.01184	0.01599	0.01647	0.00806	0.00891
29	0.28142	0.01670	0.01607	0.01464	0.01852	0.01782	0.01040	0.02831	0.01993	0.09196	0.02959	0.04923	0.02896	0.29499	0.03313	0.00735	0.01021	0.01210	0.00795	0.01071
30	0.04249	0.02243	0.03187	0.02458	0.03288	0.02141	0.07660	0.09920	0.07686	0.31799	0.04017	0.04105	0.02824	0.06935	0.01653	0.00440	0.01156	0.01246	0.01203	0.01790
31	0.03411	0.09337	0.03322	0.13537	0.04097	0.07628	0.02073	0.07958	0.02952	0.13851	0.02577	0.02817	0.01900	0.01144	0.01022	0.00295	0.01241	0.00893	0.00821	0.19125
32	0.10200	0.09296	0.08150	0.02303	0.03098	0.02470	0.06368	0.07830	0.06889	0.08935	0.17295	0.04584	0.04681	0.01556	0.01143	0.00354	0.01068	0.01313	0.00972	0.01496
33	0.03198	0.03346	0.12955	0.02365	0.03257	0.07515	0.02193	0.16201	0.03395	0.08410	0.03635	0.04177	0.07095	0.08936	0.01752	0.00438	0.01298	0.01179	0.00879	0.07777
34	0.03125	0.14569	0.13124	0.08590	0.04013	0.03008	0.02487	0.09870	0.10960	0.08811	0.02772	0.02917	0.02066	0.01216	0.01043	0.00328	0.01257	0.00947	0.00812	0.08086
35	0.08560	0.14951	0.08030	0.02677	0.09303	0.02552	0.02107	0.03887	0.02746	0.16804	0.08247	0.03445	0.02994	0.01281	0.01025	0.00317	0.01091	0.01020	0.00885	0.08078
36	0.02896	0.03152	0.12930	0.03302	0.09200	0.02596	0.08359	0.17079	0.03360	0.04609	0.03220	0.12649	0.02996	0.06326	0.01620	0.00442	0.01348	0.01490	0.00842	0.01580

[dist]
# distance from previous block
# <min> <max>
4	109

[block]
# block no. 1 follows, 10 sequences, length 44
# corresponding to MSA columns:
# 3777-3820
name=unknown_B
#
# <colnr> <probs for GDERKNQSTAVLIFYWHMCP>
#	G	D	E	R	K	N	Q	S	T	A	V	L	I	F	Y	W	H	M	C	P
0	0.03060	0.15462	0.24246	0.03436	0.08610	0.07553	0.08692	0.03929	0.02655	0.08510	0.02270	0.02586	0.01694	0.01105	0.01074	0.00339	0.01583	0.00915	0.00620	0.01661
1	0.02907	0.48547	0.05394	0.02032	0.02862	0.04145	0.01948	0.03287	0.02406	0.02941	0.06746	0.02633	0.02477	0.01233	0.01090	0.00285	0.06243	0.00811	0.00580	0.01432
2	0.01462	0.01164	0.01311	0.01311	0.01634	0.01013	0.00969	0.01825	0.02803	0.03590	0.23305	0.15308	0.34507	0.02844	0.01385	0.00393	0.00586	0.02435	0.01141	0.01013
3	0.03944	0.02383	0.02750	0.02287	0.03066	0.02520	0.01831	0.10522	0.27278	0.23339	0.04468	0.04026	0.03124	0.01505	0.01176	0.00376	0.00986	0.01231	0.01279	0.01908
4	0.03011	0.02564	0.03306	0.35217	0.06160	0.07978	0.02746	0.07819	0.07064	0.08917	0.02617	0.03173	0.01907	0.01255	0.01154	0.00373	0.01465	0.01045	0.00744	0.01484
5	0.02949	0.02908	0.02673	0.02454	0.02926	0.13634	0.01906	0.04679	0.25292	0.03825	0.03802	0.04869	0.03275	0.06954	0.01922	0.00468	0.07430	0.05617	0.00929	0.01490
6	0.02745	0.03137	0.06863	0.04902	0.06078	0.02941	0.47647	0.03725	0.02745	0.03725	0.02353	0.03137	0.01765	0.00980	0.01373	0.00392	0.01961	0.01373	0.00588	0.01569
7	0.04748	0.01860	0.02532	0.02014	0.02810	0.01615	0.01632	0.05167	0.03193	0.46530	0.04814	0.10687	0.03474	0.01712	0.01209	0.00374	0.00951	0.01434	0.01395	0.01851
8	0.16638	0.02480	0.03159	0.02722	0.02879	0.03355	0.02265	0.02934	0.01824	0.03325	0.01547	0.02402	0.01469	0.01828	0.03143	0.00476	0.44796	0.00933	0.00555	0.01270
9	0.03076	0.02613	0.04384	0.11052	0.42452	0.02630	0.03332	0.03748	0.02694	0.09149	0.02443	0.03019	0.01931	0.01093	0.01154	0.00351	0.01354	0.01051	0.00666	0.01807
10	0.01691	0.01128	0.01268	0.01268	0.01268	0.01128	0.00705	0.01691	0.01691	0.02255	0.03665	0.07611	0.04228	0.59126	0.05920	0.01128	0.01128	0.01691	0.00705	0.00705
11	0.02258	0.01307	0.01667	0.01563	0.01940	0.01165	0.01175	0.02664	0.02950	0.13588	0.24839	0.18810	0.16395	0.02569	0.01356	0.00392	0.00671	0.02241	0.01231	0.01219
12	0.09040	0.02927	0.03480	0.02803	0.03567	0.08520	0.10707	0.13129	0.16551	0.04919	0.09028	0.03863	0.03372	0.01437	0.01182	0.00368	0.01277	0.01245	0.00969	0.01616
13	0.55002	0.02447	0.02059	0.01754	0.02515	0.02805	0.01446	0.12160	0.02664	0.05632	0.01849	0.02066	0.01400	0.01142	0.00807	0.00358	0.00974	0.00712	0.00807	0.01400
14	0.01531	0.01141	0.01466	0.01587	0.01798	0.01076	0.01175	0.01880	0.02543	0.03372	0.15875	0.28788	0.16606	0.03658	0.06198	0.00568	0.00900	0.07754	0.01077	0.01006
15	0.04764	0.02132	0.03092	0.03053	0.12462	0.01914	0.02070	0.05261	0.03197	0.43188	0.04122	0.03749	0.02678	0.01361	0.01166	0.00357	0.01066	0.01144	0.01272	0.01953
16	0.02412	0.02067	0.02412	0.01723	0.02756	0.01550	0.01378	0.02929	0.02412	0.03790	0.02067	0.02412	0.01723	0.00861	0.00861	0.00172	0.00861	0.00689	0.00689	0.66236
17	0.01490	0.01183	0.01338	0.01299	0.01641	0.01031	0.00974	0.01892	0.02923	0.03786	0.28500	0.10132	0.34279	0.02705	0.01373	0.00381	0.00572	0.02306	0.01165	0.01031
18	0.03222	0.03007	0.03868	0.19995	0.24535	0.12486	0.03012	0.03835	0.02754	0.08803	0.02345	0.02913	0.01807	0.01149	0.01137	0.00350	0.01524	0.00995	0.00659	0.01604
19	0.04385	0.02727	0.03253	0.09129	0.03960	0.02911	0.02186	0.29735	0.04438	0.20388	0.03241	0.03180	0.02195	0.01380	0.01165	0.00357	0.01226	0.01082	0.01166	0.01893
20	0.02652	0.01410	0.01807	0.01603	0.02072	0.01246	0.01238	0.03088	0.03078	0.18735	0.25150	0.12206	0.16396	0.02322	0.01321	0.00379	0.00702	0.01999	0.01270	0.01327
21	0.02469	0.01484	0.01658	0.01521	0.01947	0.01497	0.01171	0.03514	0.11907	0.09642	0.13921	0.05738	0.08876	0.01744	0.01081	0.00334	0.00669	0.01455	0.28050	0.01322
22	0.03352	0.03268	0.03736	0.19743	0.20021	0.17334	0.02892	0.03929	0.02813	0.08590	0.02302	0.02838	0.01772	0.01163	0.01127	0.00346	0.01592	0.00968	0.00659	0.01556
23	0.01530	0.01184	0.01394	0.01342	0.01667	0.01048	0.01006	0.01971	0.03019	0.04015	0.34430	0.09756	0.28207	0.02620	0.01373	0.00377	0.00566	0.02253	0.01195	0.01048
24	0.46537	0.02340	0.02090	0.01837	0.02543	0.02654	0.01528	0.12297	0.02770	0.05430	0.02418	0.03460	0.02077	0.01407	0.00919	0.00379	0.00998	0.06082	0.00853	0.01381
25	0.03575	0.03047	0.08630	0.13038	0.04441	0.02971	0.02513	0.22205	0.12286	0.10677	0.03125	0.03224	0.02224	0.01357	0.01161	0.00368	0.01283	0.01086	0.00999	0.01792
26	0.11372	0.02026	0.02745	0.12544	0.03870	0.01977	0.01956	0.04901	0.02988	0.37878	0.03777	0.03568	0.02445	0.01347	0.01119	0.00365	0.01089	0.01085	0.01182	0.01768
27	0.03881	0.01778	0.02332	0.01905	0.02586	0.01624	0.01529	0.04621	0.07542	0.33204	0.19302	0.05483	0.05490	0.01748	0.01235	0.00365	0.00844	0.01477	0.01366	0.01689
28	0.09779	0.02174	0.02890	0.08452	0.07919	0.02176	0.02083	0.09870	0.03233	0.27746	0.03776	0.04414	0.02791	0.01524	0.01173	0.00379	0.01123	0.05646	0.01123	0.01731
29	0.16333	0.02365	0.03335	0.02594	0.03468	0.02359	0.10926	0.04937	0.11835	0.24428	0.03588	0.03464	0.02468	0.01303	0.01126	0.00373	0.01155	0.01134	0.01079	0.01730
30	0.01433	0.01045	0.01349	0.01559	0.01679	0.00962	0.01060	0.01675	0.02366	0.03136	0.10922	0.48978	0.12636	0.03458	0.01463	0.00454	0.00655	0.03110	0.01097	0.00962
31	0.01531	0.01100	0.01451	0.01542	0.01712	0.01021	0.01088	0.01905	0.02756	0.03811	0.28702	0.33673	0.09324	0.03014	0.01428	0.00419	0.00612	0.02708	0.01179	0.01021
32	0.03913	0.02320	0.02949	0.02760	0.08201	0.02389	0.01998	0.13190	0.12748	0.23088	0.03836	0.03772	0.02734	0.02317	0.07766	0.00550	0.01336	0.01170	0.01143	0.01820
33	0.10790	0.01961	0.02381	0.08026	0.07305	0.02030	0.01764	0.03856	0.12061	0.13260	0.05868	0.05701	0.16720	0.01797	0.01174	0.00378	0.00942	0.01480	0.01021	0.01487
34	0.02412	0.02067	0.02412	0.01723	0.02756	0.01550	0.01378	0.02929	0.02412	0.03790	0.02067	0.02412	0.01723	0.00861	0.00861	0.00172	0.00861	0.00689	0.00689	0.66236
35	0.03174	0.01680	0.02439	0.08376	0.07474	0.01601	0.01800	0.03584	0.02722	0.23148	0.04807	0.25179	0.04532	0.02240	0.01291	0.00406	0.00964	0.01983	0.01117	0.01483
36	0.02747	0.10282	0.28799	0.13324	0.05251	0.02793	0.07505	0.03750	0.02544	0.08888	0.02335	0.02745	0.01673	0.01130	0.01109	0.00361	0.01577	0.00949	0.00611	0.01628
37	0.02581	0.02169	0.03921	0.03030	0.03613	0.02190	0.19485	0.03086	0.02314	0.08531	0.02973	0.04604	0.02693	0.18657	0.08569	0.00769	0.07432	0.01391	0.00712	0.01279
38	0.01956	0.01783	0.02887	0.13216	0.03757	0.02027	0.07551	0.02379	0.02224	0.03030	0.04094	0.29677	0.04537	0.02507	0.01859	0.00453	0.11942	0.02170	0.00796	0.01155
39	0.10722	0.01907	0.02790	0.28171	0.05135	0.02191	0.02337	0.03362	0.02383	0.12705	0.02706	0.03412	0.02043	0.02732	0.11886	0.00678	0.01679	0.01053	0.00740	0.01368
40	0.03827	0.02982	0.03597	0.17874	0.04930	0.12566	0.07401	0.09730	0.03241	0.18007	0.02869	0.03121	0.02003	0.01259	0.01166	0.00358	0.01506	0.01057	0.00889	0.01618
41	0.15964	0.08091	0.03329	0.23552	0.05010	0.12966	0.02409	0.08998	0.02837	0.03913	0.01975	0.02516	0.01530	0.01167	0.01015	0.00348	0.01466	0.00863	0.00652	0.01399
42	0.09089	0.08803	0.08135	0.13032	0.14640	0.02966	0.02705	0.13219	0.03165	0.09841	0.02444	0.02789	0.01814	0.01187	0.01073	0.00349	0.01319	0.00958	0.00785	0.01689
43	0.21212	0.02506	0.02990	0.23472	0.04959	0.02924	0.02345	0.17758	0.03252	0.05022	0.02178	0.02660	0.01608	0.01215	0.01039	0.00367	0.01280	0.00925	0.00784	0.01506

[dist]
# distance from previous block
# <min> <max>
16	36

[block]
# block no. 2 follows, 10 sequences, length 13
# corresponding to MSA columns:
# 3857-3869
name=unknown_C
#
# <colnr> <probs for GDERKNQSTAVLIFYWHMCP>
#	G	D	E	R	K	N	Q	S	T	A	V	L	I	F	Y	W	H	M	C	P
0	0.04492	0.02410	0.02909	0.02209	0.03141	0.02301	0.01818	0.18996	0.03873	0.29783	0.03584	0.03322	0.02393	0.01329	0.01116	0.00325	0.01063	0.01050	0.01225	0.12660
1	0.02051	0.01464	0.01766	0.01812	0.02102	0.01472	0.01375	0.09555	0.02899	0.03902	0.06034	0.32904	0.09984	0.02964	0.01394	0.00442	0.00830	0.10057	0.05840	0.01153
2	0.14436	0.03369	0.10891	0.02303	0.03224	0.10134	0.02106	0.11038	0.03150	0.08623	0.07310	0.03115	0.02652	0.01282	0.01033	0.00321	0.01242	0.00960	0.00850	0.11963
3	0.03028	0.01422	0.01921	0.01810	0.02230	0.01269	0.01346	0.03335	0.02694	0.24030	0.05638	0.35314	0.05653	0.02710	0.01351	0.00425	0.00808	0.02401	0.01232	0.01383
4	0.56897	0.02220	0.01822	0.01561	0.02331	0.02439	0.01279	0.03340	0.02049	0.04988	0.01691	0.01973	0.01334	0.01045	0.00743	0.00330	0.00894	0.00639	0.00715	0.11712
5	0.03757	0.02314	0.03549	0.12635	0.04398	0.02319	0.09646	0.11302	0.03386	0.23167	0.08188	0.03955	0.03123	0.01400	0.01222	0.00369	0.01257	0.01253	0.01066	0.01694
6	0.02421	0.02062	0.02754	0.08630	0.14332	0.02247	0.02009	0.03758	0.18029	0.03559	0.03514	0.04955	0.03172	0.20459	0.02742	0.00625	0.01161	0.01346	0.00815	0.01409
7	0.03115	0.01688	0.02153	0.01872	0.02427	0.01619	0.01490	0.04068	0.10735	0.21419	0.24016	0.06668	0.06621	0.01984	0.01288	0.00381	0.00802	0.04826	0.01305	0.01524
8	0.04752	0.01994	0.02651	0.02012	0.02934	0.01683	0.01654	0.05213	0.03176	0.44550	0.04169	0.03701	0.02687	0.01343	0.01118	0.00329	0.00968	0.01090	0.01315	0.12660
9	0.14198	0.02552	0.02554	0.02030	0.02895	0.07432	0.01629	0.07391	0.06820	0.16527	0.02872	0.02869	0.02084	0.01175	0.00983	0.00294	0.01061	0.00884	0.00948	0.22802
10	0.29955	0.02486	0.03110	0.02414	0.03291	0.02584	0.09177	0.11241	0.03028	0.18008	0.02723	0.02794	0.01892	0.01210	0.01019	0.00363	0.01160	0.00964	0.00962	0.01619
11	0.04079	0.02655	0.02694	0.02274	0.02967	0.10500	0.01787	0.11857	0.08198	0.24082	0.04161	0.12550	0.03376	0.01774	0.01203	0.00371	0.01156	0.01452	0.01173	0.01692
12	0.16215	0.02993	0.10103	0.02249	0.03207	0.07368	0.02067	0.04851	0.02945	0.31514	0.03382	0.03162	0.02229	0.01298	0.01064	0.00355	0.01194	0.00981	0.01079	0.01743

[dist]
# distance from previous block
# <min> <max>
0	251

# created by:
# /st0/software/busco_prod/Augustus/scripts/msa2prfl.pl ./align_prep/12584.fa
