[name]
unknown

[dist]
# distance from previous block
# <min> <max>
39	337

[block]
# block no. 0 follows, 11 sequences, length 32
# corresponding to MSA columns:
# 473-504
name=unknown_A
#
# <colnr> <probs for GDERKNQSTAVLIFYWHMCP>
#	G	D	E	R	K	N	Q	S	T	A	V	L	I	F	Y	W	H	M	C	P
0	0.09852	0.02309	0.10847	0.02424	0.08256	0.01709	0.01916	0.02793	0.02458	0.07646	0.09670	0.18121	0.08469	0.01966	0.01160	0.00364	0.00943	0.01690	0.00873	0.06533
1	0.17512	0.02979	0.16540	0.02071	0.03026	0.02100	0.02101	0.03740	0.06792	0.12241	0.03417	0.03467	0.06025	0.01298	0.00980	0.00333	0.01052	0.00996	0.06042	0.07287
2	0.02899	0.12453	0.04022	0.03010	0.09159	0.02565	0.11366	0.08461	0.02804	0.07841	0.02756	0.07619	0.02354	0.01268	0.01050	0.00307	0.01185	0.01149	0.06007	0.11726
3	0.03147	0.22044	0.08773	0.08946	0.04054	0.03224	0.07569	0.12329	0.02985	0.07871	0.02217	0.02510	0.01694	0.01086	0.00986	0.00302	0.01310	0.00876	0.00705	0.07372
4	0.13504	0.24545	0.09738	0.02075	0.03033	0.07247	0.01991	0.03831	0.02495	0.13111	0.02222	0.02328	0.01685	0.01075	0.00870	0.00289	0.01191	0.00747	0.00713	0.07311
5	0.08188	0.02411	0.02757	0.07194	0.11731	0.08026	0.01933	0.07210	0.02686	0.09372	0.02791	0.07540	0.02482	0.08175	0.01587	0.00405	0.01174	0.01140	0.00779	0.12417
6	0.02893	0.07189	0.08809	0.02131	0.02914	0.02287	0.01907	0.08528	0.06750	0.09402	0.02492	0.02844	0.01955	0.01619	0.01724	0.10697	0.05590	0.00897	0.00762	0.18609
7	0.03477	0.02117	0.02908	0.02409	0.02774	0.02495	0.01972	0.03782	0.02344	0.24260	0.02896	0.03453	0.02248	0.06696	0.02792	0.00483	0.29433	0.01102	0.00886	0.01472
8	0.14183	0.02482	0.08378	0.02084	0.02900	0.02170	0.01856	0.04742	0.16136	0.22238	0.08043	0.03843	0.03248	0.01416	0.01074	0.00359	0.00969	0.01131	0.01090	0.01659
9	0.20216	0.13705	0.07280	0.02053	0.02946	0.02525	0.05488	0.03684	0.02421	0.13788	0.02439	0.02601	0.01808	0.01089	0.00889	0.00303	0.01065	0.00827	0.05972	0.08900
10	0.03304	0.02483	0.02567	0.02073	0.02855	0.06659	0.01652	0.13284	0.12755	0.12703	0.04084	0.03951	0.08013	0.01419	0.01073	0.00307	0.01016	0.01129	0.01007	0.17666
11	0.01452	0.01157	0.01310	0.01306	0.01641	0.01014	0.01002	0.01833	0.02756	0.03516	0.23486	0.10261	0.36035	0.02707	0.01349	0.00384	0.00599	0.06097	0.01103	0.00992
12	0.02126	0.02001	0.03376	0.57739	0.07752	0.02501	0.03126	0.02876	0.02251	0.02876	0.02001	0.03001	0.01500	0.01125	0.01125	0.00375	0.01500	0.01000	0.00500	0.01250
13	0.10653	0.01609	0.01979	0.01656	0.02255	0.01481	0.01323	0.03713	0.02989	0.26762	0.20662	0.05877	0.10757	0.01812	0.01169	0.00354	0.00766	0.01506	0.01226	0.01451
14	0.01484	0.01062	0.01356	0.01522	0.01639	0.01004	0.01059	0.01719	0.02235	0.02964	0.10073	0.37135	0.10486	0.13149	0.02174	0.00559	0.00757	0.07722	0.00998	0.00904
15	0.03842	0.02105	0.03320	0.16422	0.04444	0.02142	0.07405	0.04399	0.02796	0.31568	0.03351	0.03425	0.02239	0.01322	0.01354	0.00370	0.05734	0.01109	0.01005	0.01650
16	0.01938	0.01170	0.01374	0.01312	0.01412	0.01139	0.00800	0.02021	0.01907	0.07017	0.07739	0.07137	0.04520	0.50326	0.04951	0.00963	0.01033	0.01625	0.00792	0.00824
17	0.09472	0.23532	0.04116	0.02258	0.03162	0.03745	0.01983	0.29246	0.03934	0.05344	0.02201	0.02309	0.01687	0.01187	0.00946	0.00304	0.01194	0.00833	0.00861	0.01687
18	0.02787	0.01923	0.02575	0.08655	0.07230	0.01676	0.01743	0.03283	0.02502	0.13694	0.02971	0.09147	0.02527	0.01294	0.01017	0.00273	0.00956	0.01109	0.00828	0.33810
19	0.02912	0.27337	0.09676	0.02129	0.03004	0.03347	0.02032	0.09154	0.14442	0.03926	0.02713	0.02823	0.02141	0.01195	0.00916	0.00301	0.01105	0.00887	0.08404	0.01557
20	0.68395	0.02177	0.01654	0.01480	0.02177	0.02525	0.01219	0.03309	0.01915	0.05050	0.01567	0.01828	0.01219	0.01045	0.00697	0.00348	0.00871	0.00609	0.00697	0.01219
21	0.08833	0.02862	0.03076	0.17647	0.08767	0.13324	0.02364	0.04089	0.11873	0.07735	0.02576	0.02939	0.01966	0.01280	0.01272	0.00360	0.05867	0.00973	0.00736	0.01462
22	0.01652	0.01063	0.01408	0.01480	0.01567	0.01091	0.01008	0.01760	0.01853	0.02610	0.03895	0.20188	0.04250	0.17857	0.15384	0.12430	0.01341	0.01804	0.06539	0.00819
23	0.01448	0.01012	0.01283	0.01469	0.01516	0.00965	0.00940	0.01587	0.02005	0.02674	0.05436	0.44593	0.06476	0.19964	0.02676	0.00640	0.00780	0.02748	0.00940	0.00847
24	0.02092	0.01187	0.01558	0.01601	0.01865	0.01071	0.01146	0.02369	0.02478	0.12885	0.10022	0.40544	0.10861	0.02959	0.01360	0.00421	0.00695	0.02636	0.01127	0.01122
25	0.03037	0.02275	0.02501	0.02181	0.02823	0.02526	0.01713	0.09123	0.36512	0.10467	0.10013	0.04522	0.04070	0.01587	0.01163	0.00371	0.00886	0.01324	0.01182	0.01724
26	0.40143	0.02204	0.02169	0.01781	0.02558	0.02351	0.01469	0.09409	0.02737	0.21431	0.02643	0.02588	0.01814	0.01195	0.00889	0.00347	0.00942	0.00828	0.00975	0.01528
27	0.49196	0.02376	0.02114	0.01769	0.02524	0.02675	0.01458	0.13872	0.02772	0.09248	0.02040	0.02177	0.01494	0.01140	0.00826	0.00346	0.00960	0.00740	0.00846	0.01428
28	0.02924	0.54885	0.11392	0.02070	0.03112	0.04246	0.02178	0.03392	0.02297	0.02751	0.01616	0.01870	0.01442	0.00975	0.00761	0.00254	0.01256	0.00628	0.00481	0.01469
29	0.03009	0.61122	0.05898	0.01926	0.02889	0.04454	0.01926	0.03370	0.02287	0.02648	0.01565	0.01805	0.01444	0.00963	0.00722	0.00241	0.01204	0.00602	0.00481	0.01444
30	0.02712	0.02599	0.04436	0.12576	0.48331	0.02655	0.03418	0.03390	0.02528	0.03588	0.02104	0.02810	0.01751	0.01016	0.01115	0.00339	0.01355	0.01003	0.00551	0.01723
31	0.02714	0.01683	0.02470	0.08546	0.03193	0.01656	0.05433	0.03395	0.06756	0.16903	0.05177	0.19809	0.08207	0.02201	0.01290	0.00407	0.00989	0.06767	0.01045	0.01360

[dist]
# distance from previous block
# <min> <max>
0	2

[block]
# block no. 1 follows, 11 sequences, length 6
# corresponding to MSA columns:
# 507-512
name=unknown_B
#
# <colnr> <probs for GDERKNQSTAVLIFYWHMCP>
#	G	D	E	R	K	N	Q	S	T	A	V	L	I	F	Y	W	H	M	C	P
0	0.02122	0.13106	0.02413	0.01559	0.02003	0.01758	0.01263	0.02546	0.02824	0.08115	0.28680	0.13191	0.11901	0.02160	0.01204	0.00346	0.00720	0.01848	0.01059	0.01183
1	0.02612	0.02148	0.03760	0.25314	0.12640	0.02284	0.11840	0.03323	0.02490	0.08402	0.02575	0.03245	0.01927	0.01128	0.01111	0.00350	0.01349	0.01086	0.10999	0.01416
2	0.02120	0.01209	0.01561	0.01570	0.01867	0.01083	0.01138	0.02414	0.02544	0.13274	0.11772	0.35326	0.14011	0.02862	0.01347	0.00412	0.00687	0.02532	0.01135	0.01135
3	0.02494	0.01191	0.01637	0.01516	0.01689	0.01139	0.01042	0.02305	0.01855	0.12386	0.02826	0.04437	0.02626	0.16802	0.04065	0.38293	0.01001	0.01164	0.00714	0.00818
4	0.03421	0.15372	0.12098	0.10515	0.04279	0.02834	0.07582	0.08543	0.02895	0.17731	0.02690	0.02854	0.01899	0.01160	0.01055	0.00333	0.01329	0.00963	0.00811	0.01637
5	0.02709	0.01792	0.02436	0.10954	0.07246	0.01811	0.01804	0.03616	0.09841	0.13813	0.11354	0.10393	0.04238	0.01660	0.01147	0.00348	0.00924	0.01443	0.05307	0.07164

[dist]
# distance from previous block
# <min> <max>
4	28

[block]
# block no. 2 follows, 11 sequences, length 39
# corresponding to MSA columns:
# 555-593
name=unknown_C
#
# <colnr> <probs for GDERKNQSTAVLIFYWHMCP>
#	G	D	E	R	K	N	Q	S	T	A	V	L	I	F	Y	W	H	M	C	P
0	0.01849	0.01050	0.01208	0.01276	0.01479	0.01057	0.00929	0.02272	0.02240	0.03659	0.04256	0.18766	0.04071	0.02749	0.07594	0.00499	0.00858	0.01631	0.41549	0.01008
1	0.02545	0.01496	0.02084	0.02225	0.08180	0.01369	0.01477	0.02987	0.02883	0.16518	0.22565	0.15723	0.10976	0.02180	0.01272	0.00371	0.00760	0.01918	0.01144	0.01328
2	0.03127	0.02764	0.03648	0.23969	0.11153	0.11550	0.06724	0.03714	0.02607	0.11725	0.02368	0.02912	0.01761	0.01212	0.01324	0.00361	0.05942	0.01004	0.00678	0.01458
3	0.03310	0.02660	0.02948	0.09439	0.07540	0.07746	0.02126	0.08993	0.25907	0.11682	0.03618	0.03551	0.02653	0.01367	0.01124	0.00360	0.01149	0.01123	0.01001	0.01702
4	0.01863	0.01321	0.01929	0.07512	0.08352	0.01317	0.01460	0.01888	0.02010	0.02606	0.04711	0.10383	0.15019	0.02992	0.02651	0.29950	0.00940	0.01536	0.00688	0.00872
5	0.02232	0.01865	0.02720	0.11091	0.13552	0.02057	0.02089	0.06220	0.02639	0.03739	0.11660	0.14839	0.04410	0.01900	0.01502	0.00381	0.07958	0.01606	0.06244	0.01296
6	0.08621	0.09726	0.03415	0.02406	0.03155	0.06857	0.07438	0.12623	0.10378	0.09424	0.11054	0.03779	0.03482	0.01402	0.01094	0.00338	0.01150	0.01163	0.00950	0.01545
7	0.02940	0.02447	0.02672	0.08765	0.03472	0.07184	0.01765	0.07351	0.06556	0.08555	0.02461	0.02701	0.01888	0.01050	0.00963	0.00252	0.01080	0.00832	0.00781	0.36285
8	0.02786	0.02674	0.04568	0.06908	0.53424	0.02674	0.03454	0.03454	0.02563	0.03677	0.02117	0.02786	0.01783	0.01003	0.01114	0.00334	0.01337	0.01003	0.00557	0.01783
9	0.02786	0.02674	0.04568	0.06908	0.53424	0.02674	0.03454	0.03454	0.02563	0.03677	0.02117	0.02786	0.01783	0.01003	0.01114	0.00334	0.01337	0.01003	0.00557	0.01783
10	0.02164	0.01527	0.01826	0.01671	0.02140	0.01444	0.01292	0.03044	0.10876	0.08697	0.18281	0.13395	0.13684	0.02200	0.01248	0.00364	0.00727	0.05033	0.01099	0.09289
11	0.03564	0.02675	0.02843	0.02313	0.03056	0.02986	0.01867	0.30655	0.19035	0.06016	0.03393	0.03340	0.02496	0.01400	0.01091	0.00342	0.01046	0.01097	0.09016	0.01770
12	0.12272	0.02309	0.02688	0.02116	0.02953	0.02331	0.01738	0.16639	0.07789	0.31861	0.03660	0.03332	0.02430	0.01352	0.01079	0.00348	0.01014	0.01051	0.01219	0.01820
13	0.26995	0.01747	0.01862	0.01620	0.02218	0.01770	0.01289	0.03643	0.02539	0.20947	0.08242	0.10379	0.03553	0.01607	0.01000	0.00355	0.00810	0.01274	0.06766	0.01383
14	0.13185	0.09031	0.02603	0.01819	0.02533	0.02243	0.01509	0.04549	0.12079	0.23225	0.03577	0.03423	0.02536	0.01303	0.00966	0.00328	0.00892	0.01005	0.11602	0.01592
15	0.01609	0.01095	0.01306	0.01330	0.01360	0.01113	0.00804	0.01676	0.01706	0.02299	0.03729	0.11885	0.04249	0.48813	0.11444	0.01119	0.01284	0.01730	0.00706	0.00743
16	0.03157	0.09726	0.03140	0.02313	0.03049	0.03156	0.01879	0.15471	0.35067	0.04993	0.03792	0.03572	0.02852	0.01419	0.01089	0.00355	0.01007	0.01133	0.01060	0.01770
17	0.02865	0.16353	0.03171	0.07258	0.03066	0.07265	0.01710	0.03251	0.02497	0.11399	0.03297	0.16471	0.03169	0.01672	0.01048	0.00317	0.01075	0.01382	0.00810	0.11923
18	0.07669	0.50110	0.11517	0.02049	0.03078	0.04090	0.02146	0.03389	0.02271	0.02934	0.01620	0.01877	0.01426	0.00982	0.00763	0.00263	0.01235	0.00630	0.00496	0.01455
19	0.39763	0.02612	0.02424	0.01976	0.02763	0.02956	0.01630	0.24012	0.03423	0.05962	0.02074	0.02219	0.01529	0.01182	0.00888	0.00344	0.01035	0.00790	0.00888	0.01529
20	0.07603	0.02824	0.09829	0.18492	0.24445	0.02599	0.03056	0.07057	0.02674	0.07559	0.02253	0.02793	0.01710	0.01101	0.01084	0.00350	0.01349	0.00963	0.00649	0.01610
21	0.02152	0.01983	0.02756	0.02445	0.02488	0.02648	0.01964	0.02395	0.01729	0.02608	0.02124	0.03630	0.02163	0.12247	0.15310	0.00868	0.37713	0.01132	0.00545	0.01099
22	0.02297	0.01294	0.01647	0.01566	0.01927	0.01167	0.01186	0.02647	0.02689	0.14765	0.16523	0.18376	0.15505	0.07308	0.01688	0.00453	0.00749	0.05911	0.01134	0.01169
23	0.01632	0.01244	0.01501	0.01600	0.01827	0.01222	0.01167	0.02259	0.08260	0.03289	0.11210	0.29678	0.14884	0.07430	0.01721	0.00481	0.00736	0.07778	0.01047	0.01036
24	0.01922	0.01180	0.01471	0.01418	0.01578	0.01172	0.00954	0.02024	0.01904	0.06874	0.04326	0.06541	0.09477	0.32977	0.14227	0.07428	0.01371	0.01537	0.00754	0.00865
25	0.16610	0.02179	0.02516	0.01989	0.02788	0.02177	0.01634	0.14490	0.03425	0.30924	0.07095	0.03544	0.02878	0.01385	0.01063	0.00346	0.00971	0.01074	0.01191	0.01720
26	0.03298	0.47633	0.05243	0.02161	0.03032	0.16905	0.01986	0.03642	0.02505	0.02674	0.01607	0.01860	0.01446	0.01011	0.00793	0.00253	0.01403	0.00632	0.00505	0.01411
27	0.02786	0.02674	0.04568	0.06908	0.53424	0.02674	0.03454	0.03454	0.02563	0.03677	0.02117	0.02786	0.01783	0.01003	0.01114	0.00334	0.01337	0.01003	0.00557	0.01783
28	0.01627	0.01130	0.01425	0.01425	0.01493	0.01198	0.00928	0.01763	0.01695	0.02328	0.03366	0.06368	0.03659	0.42817	0.22764	0.01334	0.01743	0.01491	0.00655	0.00791
29	0.68395	0.02177	0.01654	0.01480	0.02177	0.02525	0.01219	0.03309	0.01915	0.05050	0.01567	0.01828	0.01219	0.01045	0.00697	0.00348	0.00871	0.00609	0.00697	0.01219
30	0.02889	0.52257	0.13708	0.02131	0.03207	0.04159	0.02284	0.03401	0.02301	0.02795	0.01638	0.01897	0.01441	0.00980	0.00778	0.00259	0.01277	0.00639	0.00480	0.01480
31	0.01568	0.01150	0.01470	0.01390	0.01666	0.01051	0.01042	0.02075	0.03126	0.04372	0.48853	0.08640	0.14685	0.02354	0.01328	0.00357	0.00535	0.02068	0.01220	0.01051
32	0.01972	0.01690	0.02338	0.07503	0.02697	0.02113	0.01765	0.02257	0.01970	0.02877	0.03452	0.21930	0.03782	0.06897	0.02588	0.00495	0.23975	0.01773	0.06859	0.01069
33	0.02367	0.01337	0.01666	0.01476	0.01926	0.01174	0.01144	0.02798	0.03003	0.16348	0.28042	0.08026	0.21786	0.02246	0.01280	0.00361	0.00649	0.01917	0.01217	0.01238
34	0.24981	0.01779	0.01842	0.01595	0.02135	0.01874	0.01263	0.07692	0.02630	0.12779	0.08772	0.03615	0.03044	0.01672	0.01346	0.08379	0.00837	0.01023	0.11474	0.01267
35	0.02527	0.08604	0.16219	0.10436	0.03938	0.02392	0.02451	0.03699	0.11216	0.07453	0.03130	0.09826	0.02668	0.01446	0.01079	0.00341	0.01178	0.01205	0.00764	0.09427
36	0.02223	0.01774	0.01951	0.01795	0.02255	0.01920	0.01378	0.04058	0.27158	0.04459	0.20573	0.06099	0.09774	0.01864	0.01185	0.00361	0.00713	0.01587	0.07460	0.01411
37	0.13918	0.09182	0.03133	0.07275	0.03344	0.02234	0.05821	0.03896	0.02590	0.22144	0.03205	0.08430	0.02527	0.01387	0.01036	0.00338	0.01067	0.01155	0.00928	0.06390
38	0.03435	0.02777	0.09188	0.13927	0.04276	0.02514	0.02369	0.15836	0.08041	0.15814	0.02981	0.03090	0.02089	0.01248	0.01095	0.00338	0.01210	0.01008	0.00936	0.07829

[dist]
# distance from previous block
# <min> <max>
0	36

[block]
# block no. 3 follows, 11 sequences, length 23
# corresponding to MSA columns:
# 630-652
name=unknown_D
#
# <colnr> <probs for GDERKNQSTAVLIFYWHMCP>
#	G	D	E	R	K	N	Q	S	T	A	V	L	I	F	Y	W	H	M	C	P
0	0.10609	0.12250	0.02889	0.02139	0.06267	0.02225	0.01604	0.03518	0.06025	0.13161	0.11637	0.08271	0.03925	0.01515	0.01030	0.00318	0.00901	0.01242	0.00927	0.09546
1	0.03044	0.07724	0.12819	0.03274	0.08164	0.02482	0.13473	0.03760	0.02694	0.15303	0.08566	0.03575	0.02929	0.01315	0.01348	0.00358	0.05620	0.01168	0.00809	0.01577
2	0.07078	0.13148	0.17869	0.02236	0.03037	0.02539	0.02287	0.03105	0.02348	0.07194	0.09970	0.03869	0.03243	0.08377	0.01900	0.00438	0.08209	0.01097	0.00704	0.01353
3	0.02414	0.08975	0.02754	0.01698	0.02693	0.01849	0.01404	0.02897	0.02328	0.03547	0.01949	0.02272	0.01641	0.00849	0.00820	0.00175	0.00877	0.00659	0.00645	0.59554
4	0.03533	0.02414	0.08634	0.02988	0.12406	0.01957	0.02187	0.04372	0.07297	0.26314	0.11809	0.04267	0.03808	0.01447	0.01155	0.00351	0.01031	0.01237	0.01085	0.01708
5	0.01930	0.01459	0.01737	0.01647	0.01984	0.01396	0.01177	0.06020	0.06048	0.03548	0.09952	0.27883	0.05611	0.11588	0.01956	0.00484	0.00801	0.02101	0.00963	0.11715
6	0.01449	0.01035	0.01395	0.01656	0.01755	0.00981	0.01180	0.01702	0.02232	0.02960	0.06161	0.51445	0.07274	0.03453	0.01457	0.00468	0.00720	0.10697	0.01043	0.00936
7	0.01404	0.00993	0.01296	0.01525	0.01583	0.00936	0.01000	0.01576	0.02091	0.02788	0.05877	0.53274	0.07032	0.10525	0.01964	0.00535	0.00707	0.03008	0.01000	0.00886
8	0.68395	0.02177	0.01654	0.01480	0.02177	0.02525	0.01219	0.03309	0.01915	0.05050	0.01567	0.01828	0.01219	0.01045	0.00697	0.00348	0.00871	0.00609	0.00697	0.01219
9	0.02462	0.02462	0.03447	0.02955	0.02955	0.03447	0.02462	0.02709	0.01724	0.02709	0.01477	0.02462	0.01477	0.01970	0.03694	0.00492	0.58385	0.00985	0.00492	0.01231
10	0.01908	0.01251	0.01452	0.01477	0.01694	0.01311	0.01075	0.02574	0.07917	0.03392	0.04196	0.12526	0.04098	0.15750	0.08284	0.00682	0.01036	0.05555	0.22791	0.01031
11	0.10353	0.01732	0.02037	0.01706	0.02211	0.01815	0.05482	0.11064	0.02850	0.04753	0.03126	0.03549	0.02411	0.01254	0.00885	0.00296	0.00816	0.01016	0.41379	0.01264
12	0.03876	0.02637	0.02917	0.02364	0.03160	0.02875	0.01911	0.24741	0.22125	0.15364	0.03743	0.03482	0.02653	0.01425	0.01134	0.00356	0.01054	0.01133	0.01185	0.01865
13	0.01415	0.01144	0.01258	0.01229	0.01572	0.00986	0.00922	0.01780	0.02766	0.03516	0.24784	0.10049	0.39288	0.02673	0.01329	0.00372	0.00557	0.02266	0.01108	0.00986
14	0.01484	0.01128	0.01365	0.01344	0.01624	0.01009	0.00994	0.01898	0.02871	0.03856	0.34292	0.14952	0.23856	0.02615	0.01341	0.00374	0.00557	0.02275	0.01155	0.01009
15	0.02981	0.02508	0.02647	0.02327	0.02996	0.02884	0.01826	0.11353	0.45722	0.05002	0.04350	0.04015	0.03249	0.01505	0.01143	0.00376	0.00934	0.01241	0.01143	0.01798
16	0.13635	0.26258	0.04061	0.02099	0.02991	0.03564	0.01869	0.19912	0.03377	0.09265	0.02228	0.02310	0.01698	0.01152	0.00898	0.00301	0.01143	0.00797	0.00825	0.01619
17	0.01462	0.01091	0.01360	0.01408	0.01631	0.00988	0.01012	0.01828	0.02707	0.03648	0.28316	0.26221	0.18537	0.02831	0.01365	0.00394	0.00580	0.02500	0.01132	0.00988
18	0.03558	0.02349	0.06884	0.02031	0.02786	0.02093	0.01774	0.14901	0.07421	0.20502	0.08077	0.03956	0.03247	0.01433	0.01077	0.00333	0.00957	0.01156	0.13829	0.01638
19	0.02825	0.01409	0.01773	0.01540	0.02027	0.01260	0.01194	0.03284	0.02800	0.19516	0.15903	0.11188	0.05133	0.01786	0.01100	0.00325	0.00699	0.01523	0.18099	0.06616
20	0.02832	0.02146	0.02442	0.02044	0.02678	0.02201	0.01638	0.20813	0.07221	0.05138	0.13588	0.09987	0.04675	0.01831	0.01189	0.00344	0.00934	0.05388	0.01063	0.11849
21	0.02790	0.09519	0.07394	0.06575	0.03319	0.06859	0.01884	0.03315	0.02488	0.09012	0.02518	0.06785	0.02147	0.01188	0.00960	0.00262	0.01111	0.00949	0.00717	0.30209
22	0.38431	0.13737	0.02553	0.01660	0.02328	0.08673	0.01397	0.03349	0.02198	0.04198	0.01908	0.02208	0.01543	0.01083	0.00751	0.00308	0.01012	0.00688	0.10728	0.01246

[dist]
# distance from previous block
# <min> <max>
0	7

[block]
# block no. 4 follows, 11 sequences, length 13
# corresponding to MSA columns:
# 660-672
name=unknown_E
#
# <colnr> <probs for GDERKNQSTAVLIFYWHMCP>
#	G	D	E	R	K	N	Q	S	T	A	V	L	I	F	Y	W	H	M	C	P
0	0.25081	0.08711	0.08995	0.07199	0.03537	0.12496	0.02144	0.12324	0.02903	0.04439	0.01905	0.02197	0.01462	0.01126	0.00919	0.00329	0.01328	0.00767	0.00694	0.01442
1	0.14078	0.02944	0.09487	0.26057	0.11108	0.07243	0.07072	0.03306	0.02361	0.03485	0.01942	0.02616	0.01489	0.01078	0.01051	0.00356	0.01473	0.00918	0.00551	0.01383
2	0.01561	0.01095	0.01409	0.01476	0.01548	0.01134	0.00976	0.01723	0.01816	0.02478	0.04074	0.19861	0.04589	0.31513	0.18607	0.01129	0.01514	0.01915	0.00752	0.00831
3	0.01478	0.01082	0.01389	0.01448	0.01646	0.00992	0.01034	0.01852	0.02715	0.03714	0.30147	0.28944	0.13702	0.02842	0.01371	0.00397	0.00583	0.02531	0.01142	0.00992
4	0.02394	0.01279	0.01564	0.01428	0.01828	0.01156	0.01093	0.02828	0.02809	0.14912	0.19844	0.11485	0.14540	0.02093	0.01176	0.00346	0.00641	0.01786	0.15586	0.01213
5	0.02968	0.02502	0.02640	0.02325	0.02991	0.02878	0.01822	0.10970	0.46126	0.04981	0.04366	0.04028	0.03262	0.01507	0.01143	0.00377	0.00930	0.01243	0.01143	0.01797
6	0.09510	0.02175	0.02474	0.02033	0.02771	0.02258	0.01641	0.11492	0.16862	0.24632	0.03911	0.03634	0.02718	0.01387	0.01065	0.00348	0.00931	0.01102	0.07322	0.01736
7	0.03009	0.61122	0.05898	0.01926	0.02889	0.04454	0.01926	0.03370	0.02287	0.02648	0.01565	0.01805	0.01444	0.00963	0.00722	0.00241	0.01204	0.00602	0.00481	0.01444
8	0.02299	0.02235	0.03959	0.42974	0.15227	0.02570	0.08589	0.03059	0.02351	0.03096	0.02053	0.02969	0.01572	0.01084	0.01147	0.00369	0.01519	0.01039	0.00518	0.01371
9	0.02738	0.41183	0.23463	0.02388	0.03604	0.03790	0.02731	0.03440	0.02319	0.02978	0.01729	0.02011	0.01438	0.01001	0.00847	0.00282	0.01369	0.00685	0.00479	0.01523
10	0.10468	0.02235	0.02912	0.07605	0.03230	0.02801	0.02117	0.08310	0.02351	0.08172	0.02166	0.02871	0.01810	0.02586	0.10059	0.00622	0.26667	0.00991	0.00687	0.01339
11	0.02668	0.02554	0.04356	0.15971	0.45281	0.02643	0.03396	0.03351	0.02507	0.03534	0.02096	0.02824	0.01732	0.01025	0.01116	0.00342	0.01366	0.01002	0.00547	0.01688
12	0.01846	0.01500	0.01681	0.01601	0.01990	0.01520	0.01208	0.03043	0.16879	0.03993	0.22568	0.12391	0.20735	0.02346	0.01285	0.00379	0.00657	0.02016	0.01138	0.01225

[dist]
# distance from previous block
# <min> <max>
0	15

[block]
# block no. 5 follows, 11 sequences, length 25
# corresponding to MSA columns:
# 688-712
name=unknown_F
#
# <colnr> <probs for GDERKNQSTAVLIFYWHMCP>
#	G	D	E	R	K	N	Q	S	T	A	V	L	I	F	Y	W	H	M	C	P
0	0.28079	0.02077	0.02743	0.07182	0.03254	0.02304	0.08446	0.03119	0.02187	0.08253	0.02787	0.12840	0.02607	0.01621	0.01331	0.00391	0.07442	0.01304	0.00762	0.01271
1	0.47870	0.02489	0.02206	0.01835	0.02597	0.02834	0.01514	0.18150	0.02996	0.05704	0.01931	0.02108	0.01441	0.01143	0.00834	0.00345	0.00988	0.00739	0.00834	0.01441
2	0.11185	0.02344	0.02649	0.02080	0.02879	0.02414	0.01709	0.22549	0.03816	0.24901	0.03360	0.03207	0.02282	0.01331	0.01047	0.00335	0.01014	0.01020	0.08128	0.01749
3	0.02013	0.01630	0.02144	0.01872	0.02143	0.01782	0.01432	0.02240	0.01977	0.02911	0.07678	0.04345	0.03207	0.13548	0.10794	0.08135	0.15203	0.01178	0.00659	0.15108
4	0.02486	0.22665	0.39775	0.02817	0.04268	0.03174	0.03478	0.03505	0.02349	0.03285	0.01881	0.02202	0.01431	0.01037	0.00964	0.00321	0.01523	0.00762	0.00477	0.01597
5	0.01330	0.01140	0.01140	0.01140	0.01520	0.00950	0.00855	0.01615	0.02565	0.03041	0.11402	0.10832	0.52967	0.02850	0.01330	0.00380	0.00570	0.02375	0.01045	0.00950
6	0.02657	0.03036	0.06641	0.04744	0.05882	0.02846	0.49336	0.03605	0.02657	0.03605	0.02277	0.03036	0.01708	0.00949	0.01328	0.00380	0.01898	0.01328	0.00569	0.01518
7	0.08929	0.02809	0.03043	0.02385	0.03238	0.03058	0.01958	0.34707	0.09602	0.14099	0.03092	0.02974	0.02162	0.01354	0.01098	0.00345	0.01131	0.01030	0.01139	0.01849
8	0.01625	0.01139	0.01468	0.01468	0.01551	0.01222	0.00982	0.01791	0.01708	0.02361	0.03326	0.06147	0.03563	0.38920	0.26530	0.01388	0.01887	0.01458	0.00649	0.00816
9	0.02017	0.01041	0.01078	0.01107	0.01347	0.01034	0.00815	0.02505	0.02337	0.04049	0.03953	0.10374	0.03392	0.01558	0.00859	0.00284	0.00539	0.01288	0.59388	0.01034
10	0.01521	0.01069	0.01384	0.01492	0.01562	0.01085	0.00987	0.01688	0.01888	0.02560	0.04533	0.28402	0.05207	0.25784	0.14681	0.00982	0.01320	0.02192	0.00815	0.00847
11	0.68395	0.02177	0.01654	0.01480	0.02177	0.02525	0.01219	0.03309	0.01915	0.05050	0.01567	0.01828	0.01219	0.01045	0.00697	0.00348	0.00871	0.00609	0.00697	0.01219
12	0.02462	0.02462	0.03447	0.02955	0.02955	0.03447	0.02462	0.02709	0.01724	0.02709	0.01477	0.02462	0.01477	0.01970	0.03694	0.00492	0.58385	0.00985	0.00492	0.01231
13	0.02630	0.02855	0.09764	0.07137	0.04170	0.02622	0.14021	0.08507	0.19824	0.04180	0.03508	0.09637	0.02921	0.01503	0.01211	0.00382	0.01287	0.01403	0.00860	0.01578
14	0.10334	0.06914	0.10915	0.02503	0.03422	0.02465	0.07696	0.08203	0.07033	0.17846	0.03021	0.03158	0.02176	0.01979	0.06881	0.00502	0.01419	0.01027	0.00891	0.01615
15	0.01631	0.01116	0.01352	0.01352	0.01395	0.01159	0.00837	0.01716	0.01674	0.02274	0.03433	0.06737	0.03819	0.49343	0.16458	0.01244	0.01502	0.01545	0.00665	0.00751
16	0.01562	0.01149	0.01461	0.01383	0.01662	0.01049	0.01037	0.02064	0.03112	0.04338	0.47904	0.08696	0.15655	0.02366	0.01328	0.00357	0.00536	0.02076	0.01216	0.01049
17	0.04212	0.02714	0.03040	0.02390	0.03237	0.02910	0.01955	0.30950	0.12872	0.18451	0.03467	0.03247	0.02399	0.01393	0.01131	0.00348	0.01107	0.01088	0.01196	0.01891
18	0.02665	0.01522	0.01810	0.01922	0.07238	0.01535	0.01292	0.07949	0.02769	0.08899	0.03472	0.03855	0.02656	0.01290	0.00888	0.00286	0.00725	0.01048	0.46884	0.01296
19	0.02531	0.01445	0.01732	0.01516	0.01965	0.01364	0.01183	0.06896	0.03125	0.13735	0.23923	0.06587	0.12980	0.01935	0.01169	0.00337	0.00676	0.01635	0.13988	0.01276
20	0.03870	0.02031	0.03038	0.07570	0.03571	0.01940	0.07413	0.04712	0.08419	0.32526	0.09128	0.04187	0.03444	0.01427	0.01177	0.00359	0.01068	0.01255	0.01167	0.01699
21	0.02763	0.01580	0.01960	0.01591	0.02133	0.01354	0.01169	0.02982	0.02245	0.15880	0.03111	0.04437	0.02757	0.20338	0.02850	0.07613	0.00963	0.01128	0.00838	0.22310
22	0.02407	0.01321	0.01724	0.01555	0.01959	0.01182	0.01189	0.02851	0.03014	0.16617	0.31255	0.13591	0.12287	0.02271	0.01292	0.00367	0.00656	0.01980	0.01236	0.01247
23	0.07019	0.01840	0.02152	0.01853	0.02329	0.01925	0.01435	0.08034	0.08592	0.08646	0.15116	0.09009	0.04783	0.08043	0.01852	0.00432	0.05826	0.01461	0.00990	0.08661
24	0.07704	0.03042	0.10197	0.03406	0.04454	0.02647	0.23128	0.09045	0.07296	0.13339	0.02843	0.03092	0.02014	0.01144	0.01183	0.00365	0.01471	0.01150	0.00827	0.01652

[dist]
# distance from previous block
# <min> <max>
0	24

[block]
# block no. 6 follows, 11 sequences, length 29
# corresponding to MSA columns:
# 737-765
name=unknown_G
#
# <colnr> <probs for GDERKNQSTAVLIFYWHMCP>
#	G	D	E	R	K	N	Q	S	T	A	V	L	I	F	Y	W	H	M	C	P
0	0.03529	0.20600	0.13299	0.02429	0.03422	0.09720	0.02345	0.11500	0.07082	0.11906	0.02557	0.02600	0.01894	0.01184	0.00986	0.00312	0.01330	0.00864	0.00795	0.01645
1	0.01667	0.01255	0.01713	0.11161	0.02715	0.01278	0.01424	0.02119	0.02554	0.03506	0.18222	0.20640	0.12322	0.02443	0.01285	0.00391	0.00776	0.05818	0.07671	0.01040
2	0.01387	0.01041	0.01246	0.01399	0.01555	0.00944	0.00948	0.01589	0.02227	0.02852	0.07533	0.39039	0.21192	0.09330	0.01857	0.00500	0.00674	0.02779	0.01007	0.00901
3	0.02128	0.01231	0.01602	0.01550	0.01869	0.01108	0.01145	0.02498	0.02763	0.12993	0.23095	0.26022	0.12342	0.02624	0.01330	0.00392	0.00657	0.02316	0.01179	0.01156
4	0.03737	0.02884	0.03073	0.02480	0.03284	0.03237	0.02008	0.33671	0.22174	0.06220	0.03390	0.03250	0.02471	0.01416	0.01133	0.00354	0.01111	0.01108	0.01133	0.01866
5	0.55384	0.02123	0.01851	0.01587	0.02320	0.02346	0.01308	0.03756	0.02184	0.15146	0.02157	0.02240	0.01541	0.01116	0.00786	0.00348	0.00889	0.00717	0.00840	0.01362
6	0.41900	0.02580	0.02366	0.01939	0.02720	0.02924	0.01599	0.22467	0.03311	0.05894	0.02036	0.02190	0.01506	0.01171	0.00874	0.00344	0.01023	0.00776	0.00874	0.01506
7	0.68395	0.02177	0.01654	0.01480	0.02177	0.02525	0.01219	0.03309	0.01915	0.05050	0.01567	0.01828	0.01219	0.01045	0.00697	0.00348	0.00871	0.00609	0.00697	0.01219
8	0.03009	0.61122	0.05898	0.01926	0.02889	0.04454	0.01926	0.03370	0.02287	0.02648	0.01565	0.01805	0.01444	0.00963	0.00722	0.00241	0.01204	0.00602	0.00481	0.01444
9	0.55268	0.02123	0.01853	0.01588	0.02321	0.02344	0.01309	0.03760	0.02186	0.15236	0.02163	0.02243	0.01544	0.01117	0.00787	0.00348	0.00889	0.00718	0.00841	0.01363
10	0.03125	0.02321	0.02506	0.02181	0.02836	0.02598	0.01717	0.10244	0.37164	0.10019	0.04287	0.04003	0.03159	0.01475	0.01110	0.00363	0.00902	0.01211	0.07036	0.01744
11	0.01837	0.01201	0.01538	0.01444	0.01759	0.01087	0.01086	0.02303	0.03030	0.08426	0.39869	0.12436	0.14914	0.02390	0.01320	0.00365	0.00582	0.02094	0.01213	0.01109
12	0.02185	0.02061	0.03483	0.53190	0.11840	0.02516	0.03155	0.02928	0.02279	0.02947	0.02011	0.02981	0.01526	0.01114	0.01124	0.00371	0.01486	0.01000	0.00505	0.01298
13	0.01967	0.01198	0.01625	0.01747	0.01983	0.01124	0.01334	0.02312	0.02500	0.09479	0.10132	0.35180	0.06890	0.03037	0.01422	0.00451	0.00786	0.14645	0.01103	0.01085
14	0.01922	0.00989	0.01442	0.01442	0.01442	0.00989	0.00947	0.01484	0.01484	0.01978	0.02119	0.03828	0.02175	0.09741	0.04536	0.60430	0.00989	0.01046	0.00509	0.00509
15	0.02843	0.49996	0.05423	0.12429	0.03804	0.04086	0.02152	0.03277	0.02280	0.02691	0.01647	0.02030	0.01455	0.00993	0.00798	0.00266	0.01259	0.00677	0.00485	0.01408
16	0.02530	0.01525	0.01990	0.01753	0.02198	0.01481	0.01364	0.02928	0.02412	0.13867	0.07153	0.14437	0.03926	0.02927	0.10093	0.00573	0.05849	0.01494	0.09034	0.12466
17	0.02034	0.12850	0.06049	0.01726	0.02218	0.01960	0.01487	0.02798	0.07768	0.03755	0.20629	0.16358	0.06151	0.02042	0.01150	0.00348	0.00798	0.01749	0.06908	0.01221
18	0.03196	0.13642	0.03377	0.02294	0.03056	0.03278	0.01895	0.16033	0.31025	0.04896	0.03560	0.03388	0.02694	0.01378	0.01061	0.00345	0.01034	0.01084	0.01016	0.01750
19	0.62405	0.02075	0.01600	0.01441	0.02098	0.02392	0.01180	0.03247	0.01956	0.04973	0.01757	0.02042	0.01369	0.01069	0.00705	0.00340	0.00839	0.00649	0.06660	0.01204
20	0.02523	0.03831	0.23178	0.08286	0.19551	0.02681	0.11421	0.03709	0.06900	0.03660	0.02323	0.02820	0.01768	0.01074	0.01138	0.00357	0.01525	0.01020	0.00578	0.01656
21	0.01974	0.03316	0.23695	0.02837	0.03749	0.01968	0.11599	0.02760	0.02340	0.03291	0.03770	0.25814	0.03927	0.02045	0.01269	0.00402	0.01298	0.01890	0.00725	0.01331
22	0.01695	0.01299	0.01587	0.01698	0.01907	0.01323	0.01200	0.02550	0.12485	0.03455	0.11609	0.41889	0.07005	0.02961	0.01363	0.00429	0.00687	0.02657	0.01090	0.01112
23	0.03880	0.23580	0.04087	0.02226	0.03069	0.03350	0.01961	0.17657	0.03382	0.17538	0.02653	0.02658	0.01940	0.01272	0.01189	0.00318	0.05740	0.00895	0.00914	0.01691
24	0.03499	0.02613	0.03072	0.02870	0.09311	0.02774	0.02053	0.20691	0.19049	0.10340	0.03328	0.03263	0.02443	0.01314	0.01100	0.00334	0.01069	0.01070	0.01041	0.08766
25	0.02495	0.01936	0.02083	0.01928	0.02283	0.07225	0.01498	0.03207	0.08367	0.08514	0.04132	0.08833	0.07256	0.03488	0.15063	0.00724	0.07515	0.01370	0.10838	0.01244
26	0.09343	0.02127	0.06680	0.02174	0.02760	0.01937	0.06546	0.03252	0.07130	0.09317	0.24663	0.05344	0.05779	0.01741	0.01399	0.00370	0.05633	0.01469	0.00997	0.01339
27	0.02962	0.01650	0.02412	0.08063	0.09080	0.01577	0.01772	0.03408	0.02750	0.21447	0.11722	0.19314	0.04971	0.02028	0.01241	0.00379	0.00913	0.01795	0.01083	0.01433
28	0.03271	0.01987	0.02271	0.01806	0.02529	0.01892	0.01457	0.15519	0.03380	0.16841	0.04935	0.04787	0.12786	0.01583	0.01080	0.00312	0.00878	0.01273	0.09174	0.12240

[dist]
# distance from previous block
# <min> <max>
0	96

[block]
# block no. 7 follows, 11 sequences, length 16
# corresponding to MSA columns:
# 870-885
name=unknown_H
#
# <colnr> <probs for GDERKNQSTAVLIFYWHMCP>
#	G	D	E	R	K	N	Q	S	T	A	V	L	I	F	Y	W	H	M	C	P
0	0.12231	0.07565	0.10954	0.15832	0.04078	0.02285	0.02220	0.03263	0.02329	0.07706	0.02309	0.02742	0.01745	0.01091	0.00932	0.00308	0.01140	0.00848	0.08929	0.11494
1	0.02731	0.01837	0.02528	0.10496	0.08355	0.01761	0.01803	0.03382	0.05784	0.13908	0.07605	0.08795	0.03491	0.06710	0.01517	0.00389	0.00994	0.01308	0.00896	0.15709
2	0.03308	0.07172	0.03377	0.06481	0.07245	0.07102	0.05463	0.04198	0.09866	0.16490	0.03430	0.04365	0.02766	0.01545	0.01384	0.00377	0.06305	0.06669	0.00906	0.01551
3	0.02727	0.01558	0.02109	0.13629	0.03263	0.01641	0.01640	0.03421	0.05892	0.15378	0.03759	0.09541	0.03063	0.02142	0.05754	0.00467	0.01087	0.01307	0.20294	0.01328
4	0.14591	0.01772	0.02085	0.01704	0.02402	0.01608	0.01355	0.03603	0.02676	0.21492	0.10682	0.09517	0.03885	0.01555	0.01047	0.00319	0.00820	0.01278	0.01047	0.16561
5	0.03153	0.02749	0.11601	0.02126	0.03139	0.01987	0.01995	0.10389	0.03043	0.15503	0.06746	0.03219	0.02632	0.01194	0.01024	0.00281	0.01041	0.00961	0.00909	0.26308
6	0.01765	0.01291	0.01513	0.01395	0.01765	0.01197	0.01058	0.02435	0.06252	0.04155	0.30908	0.07428	0.15645	0.02079	0.01196	0.00332	0.00586	0.01786	0.10786	0.06428
7	0.02180	0.10199	0.02209	0.01615	0.02023	0.01923	0.01268	0.03218	0.13628	0.03825	0.09150	0.16575	0.04599	0.01901	0.01059	0.00339	0.00738	0.01612	0.20694	0.01247
8	0.03801	0.12458	0.03161	0.02023	0.02796	0.02583	0.01710	0.17971	0.03621	0.20796	0.09423	0.03735	0.03276	0.01413	0.01057	0.00321	0.01000	0.01110	0.06084	0.01660
9	0.01398	0.01083	0.01275	0.01353	0.01594	0.00959	0.00967	0.01700	0.02539	0.03275	0.17825	0.28367	0.27655	0.02989	0.01369	0.00403	0.00593	0.02611	0.01084	0.00959
10	0.03980	0.06961	0.02846	0.10144	0.03437	0.01929	0.01818	0.04425	0.02863	0.35722	0.04052	0.10546	0.03065	0.01584	0.01134	0.00357	0.01021	0.01326	0.01139	0.01651
11	0.03078	0.02544	0.09462	0.02502	0.03308	0.02131	0.08883	0.07574	0.11422	0.16094	0.07287	0.09565	0.03544	0.01584	0.01177	0.00365	0.01104	0.01409	0.05385	0.01581
12	0.03474	0.02912	0.03305	0.20354	0.04769	0.09619	0.02455	0.21719	0.03592	0.08167	0.02373	0.02773	0.01747	0.01311	0.01336	0.00358	0.06373	0.00979	0.00820	0.01565
13	0.02961	0.02230	0.02833	0.18132	0.04273	0.02309	0.02059	0.16179	0.03247	0.08832	0.03375	0.03631	0.07025	0.01320	0.01078	0.00313	0.01125	0.01077	0.00851	0.17147
14	0.09879	0.20493	0.13054	0.03025	0.10769	0.03402	0.02528	0.16480	0.03153	0.04459	0.02047	0.02305	0.01601	0.01105	0.00952	0.00313	0.01279	0.00818	0.00695	0.01642
15	0.50438	0.02707	0.08730	0.02496	0.10057	0.02558	0.01917	0.03362	0.02069	0.04661	0.01705	0.02038	0.01328	0.01042	0.00805	0.00347	0.01039	0.00695	0.00648	0.01358

[dist]
# distance from previous block
# <min> <max>
18	203

# created by:
# /st0/software/busco_prod/Augustus/scripts/msa2prfl.pl ./align_prep/12580.fa
