[name]
unknown

[dist]
# distance from previous block
# <min> <max>
3	444

[block]
# block no. 0 follows, 9 sequences, length 29
# corresponding to MSA columns:
# 474-502
name=unknown_A
#
# <colnr> <probs for GDERKNQSTAVLIFYWHMCP>
#	G	D	E	R	K	N	Q	S	T	A	V	L	I	F	Y	W	H	M	C	P
0	0.03027	0.02076	0.02429	0.02136	0.02724	0.02150	0.01740	0.15314	0.08323	0.09855	0.15345	0.07510	0.09795	0.02225	0.01368	0.00414	0.00977	0.09817	0.01234	0.01542
1	0.11463	0.01990	0.02457	0.09170	0.03380	0.02013	0.01745	0.04164	0.08316	0.18826	0.03852	0.09234	0.03170	0.06790	0.01606	0.00446	0.01050	0.01359	0.01044	0.07924
2	0.02897	0.02741	0.04705	0.23307	0.20795	0.02937	0.11682	0.08803	0.03004	0.04065	0.02330	0.03101	0.01800	0.01154	0.01242	0.00383	0.01596	0.01141	0.00652	0.01664
3	0.02950	0.01461	0.01961	0.01795	0.02237	0.01309	0.01357	0.03358	0.03041	0.20840	0.18706	0.23698	0.07175	0.02561	0.01384	0.00414	0.00776	0.02256	0.01312	0.01409
4	0.02050	0.01234	0.01598	0.01663	0.01925	0.01114	0.01186	0.02352	0.02660	0.10142	0.12432	0.37604	0.13040	0.03189	0.01460	0.00448	0.00717	0.02837	0.01196	0.01154
5	0.20532	0.06953	0.04013	0.03642	0.14039	0.02715	0.10511	0.03524	0.02487	0.04238	0.02058	0.02553	0.01666	0.01029	0.01010	0.00323	0.01273	0.00907	0.00660	0.15865
6	0.01887	0.01211	0.01623	0.01741	0.01954	0.01127	0.01274	0.02245	0.02712	0.07291	0.16643	0.36031	0.08246	0.03225	0.01498	0.00462	0.00744	0.07777	0.01194	0.01114
7	0.03703	0.02929	0.09473	0.02424	0.03321	0.02536	0.02185	0.17160	0.09714	0.16402	0.12666	0.04529	0.04233	0.01637	0.01242	0.00376	0.01119	0.01337	0.01202	0.01812
8	0.01666	0.01268	0.01787	0.09183	0.02695	0.01275	0.01440	0.02088	0.02713	0.03700	0.21376	0.32109	0.08269	0.02935	0.01447	0.00437	0.00780	0.02640	0.01108	0.01085
9	0.28999	0.02432	0.02627	0.06919	0.03392	0.02614	0.01834	0.12772	0.03239	0.19839	0.02918	0.02924	0.02002	0.01306	0.01024	0.00373	0.01101	0.00951	0.01049	0.01687
10	0.03052	0.01837	0.02218	0.01944	0.02475	0.01801	0.01503	0.12712	0.03560	0.14757	0.14220	0.19625	0.10397	0.02431	0.01357	0.00405	0.00875	0.02091	0.01256	0.01482
11	0.02272	0.02138	0.03609	0.54825	0.08287	0.02673	0.03341	0.03074	0.02406	0.03074	0.02138	0.03208	0.01604	0.01203	0.01203	0.00401	0.01604	0.01069	0.00535	0.01337
12	0.02655	0.02907	0.05166	0.03901	0.04769	0.07486	0.28984	0.03425	0.02904	0.03794	0.09662	0.11315	0.03995	0.01620	0.01402	0.00404	0.01652	0.01737	0.00781	0.01442
13	0.02346	0.01542	0.02165	0.02028	0.02274	0.01746	0.01561	0.02683	0.02150	0.09646	0.03627	0.09974	0.03474	0.12547	0.27876	0.01278	0.09569	0.01516	0.00806	0.01193
14	0.12446	0.02995	0.03186	0.02507	0.03410	0.03283	0.02059	0.31848	0.09005	0.12475	0.03158	0.03073	0.02224	0.01426	0.01147	0.00368	0.01200	0.01070	0.01182	0.01937
15	0.03148	0.02118	0.02562	0.01863	0.02901	0.01641	0.01503	0.03667	0.02708	0.14522	0.02725	0.02855	0.02051	0.01026	0.00963	0.00222	0.00921	0.00825	0.00887	0.50893
16	0.02363	0.02231	0.03773	0.48728	0.13674	0.02697	0.03386	0.03154	0.02449	0.03184	0.02154	0.03178	0.01643	0.01186	0.01201	0.00395	0.01581	0.01070	0.00542	0.01410
17	0.02039	0.01210	0.01618	0.01716	0.01934	0.01108	0.01209	0.02334	0.02617	0.09898	0.12486	0.42864	0.07758	0.03270	0.01474	0.00457	0.00724	0.02940	0.01197	0.01146
18	0.02963	0.04827	0.33038	0.03950	0.10653	0.02688	0.09290	0.04093	0.02732	0.10554	0.02576	0.02907	0.01817	0.01167	0.01194	0.00380	0.01659	0.01026	0.00672	0.01812
19	0.02347	0.01411	0.01923	0.02040	0.02354	0.01362	0.01681	0.02786	0.02699	0.10154	0.05916	0.17596	0.06249	0.08575	0.02027	0.00581	0.01046	0.26941	0.01125	0.01186
20	0.01921	0.01376	0.01551	0.01500	0.01633	0.01422	0.00949	0.02478	0.08551	0.03037	0.09832	0.07535	0.05171	0.42632	0.04822	0.00957	0.01059	0.01749	0.00876	0.00949
21	0.02447	0.02451	0.04391	0.36740	0.07142	0.02894	0.12643	0.03222	0.02425	0.03222	0.02127	0.03137	0.01650	0.01285	0.01627	0.00419	0.09088	0.01145	0.00550	0.01397
22	0.03613	0.10813	0.04738	0.03207	0.04188	0.03234	0.15290	0.12828	0.13575	0.11162	0.03284	0.03386	0.02401	0.01303	0.01213	0.00372	0.01407	0.01202	0.00969	0.01815
23	0.02334	0.01733	0.02955	0.02521	0.03018	0.01590	0.12036	0.02783	0.02630	0.09854	0.05869	0.32470	0.09651	0.02722	0.01452	0.00445	0.01057	0.02551	0.01045	0.01284
24	0.04463	0.02057	0.03009	0.07819	0.09301	0.01919	0.02087	0.04893	0.03068	0.35635	0.03919	0.03826	0.02623	0.01679	0.01557	0.06853	0.01132	0.01163	0.01189	0.01808
25	0.03532	0.10857	0.20895	0.03420	0.08729	0.02919	0.07053	0.08514	0.03102	0.15291	0.02821	0.02975	0.01989	0.01222	0.01149	0.00362	0.01482	0.01021	0.00829	0.01838
26	0.03321	0.03445	0.14520	0.10409	0.05048	0.02773	0.12552	0.08703	0.09539	0.12686	0.03142	0.03380	0.02220	0.01284	0.01243	0.00390	0.01513	0.01177	0.00881	0.01775
27	0.03828	0.10813	0.09909	0.02337	0.03259	0.02715	0.02145	0.11659	0.07808	0.19426	0.03530	0.03893	0.02665	0.08609	0.01770	0.00461	0.01227	0.01148	0.01043	0.01755
28	0.02052	0.07318	0.02607	0.06066	0.02669	0.02161	0.01674	0.02423	0.02509	0.03426	0.16409	0.13129	0.10147	0.07489	0.02358	0.00492	0.13160	0.01851	0.00898	0.01161

[dist]
# distance from previous block
# <min> <max>
4	15

[block]
# block no. 1 follows, 9 sequences, length 15
# corresponding to MSA columns:
# 518-532
name=unknown_B
#
# <colnr> <probs for GDERKNQSTAVLIFYWHMCP>
#	G	D	E	R	K	N	Q	S	T	A	V	L	I	F	Y	W	H	M	C	P
0	0.20065	0.02642	0.03062	0.07552	0.08941	0.02809	0.02135	0.16967	0.03490	0.10861	0.02569	0.02784	0.01877	0.01240	0.01050	0.00349	0.01178	0.00943	0.00934	0.08551
1	0.02243	0.01121	0.01121	0.01121	0.01402	0.01121	0.00841	0.02803	0.02523	0.04486	0.03925	0.04486	0.03084	0.01402	0.00841	0.00280	0.00561	0.01121	0.64396	0.01121
2	0.02243	0.01121	0.01121	0.01121	0.01402	0.01121	0.00841	0.02803	0.02523	0.04486	0.03925	0.04486	0.03084	0.01402	0.00841	0.00280	0.00561	0.01121	0.64396	0.01121
3	0.01875	0.01247	0.01748	0.09360	0.02510	0.01312	0.01293	0.01873	0.01903	0.02517	0.03596	0.15909	0.03983	0.21559	0.04013	0.20914	0.01097	0.01771	0.00715	0.00805
4	0.03292	0.01581	0.02117	0.01783	0.02345	0.01407	0.01407	0.03815	0.03422	0.24698	0.30301	0.06884	0.07752	0.02042	0.01329	0.00376	0.00764	0.01761	0.01395	0.01528
5	0.02986	0.13942	0.08822	0.02352	0.03126	0.02677	0.02191	0.08311	0.08297	0.09083	0.04236	0.10666	0.03979	0.02052	0.01261	0.00411	0.01180	0.11888	0.00984	0.01556
6	0.01600	0.01180	0.01547	0.01593	0.01814	0.01127	0.01159	0.02006	0.02770	0.03802	0.25167	0.23633	0.13317	0.03902	0.09057	0.00645	0.01005	0.02474	0.01136	0.01064
7	0.44085	0.03678	0.19012	0.02223	0.03326	0.02732	0.02393	0.03632	0.02218	0.04847	0.01843	0.02158	0.01380	0.01126	0.00883	0.00375	0.01225	0.00734	0.00663	0.01468
8	0.44799	0.08622	0.02506	0.01800	0.02591	0.02856	0.01511	0.04143	0.07530	0.10392	0.02403	0.02492	0.01797	0.01210	0.00857	0.00363	0.00984	0.00797	0.00861	0.01486
9	0.03444	0.03127	0.11125	0.14802	0.14481	0.02692	0.07651	0.08947	0.03139	0.14438	0.02854	0.03224	0.02028	0.01238	0.01216	0.00379	0.01481	0.01113	0.00836	0.01785
10	0.17905	0.02162	0.02311	0.01928	0.02624	0.02229	0.01517	0.08728	0.09648	0.13404	0.08253	0.04299	0.03512	0.07769	0.01643	0.00445	0.00978	0.01199	0.01060	0.08387
11	0.02938	0.01579	0.02166	0.07926	0.02851	0.01576	0.01517	0.03302	0.02565	0.17941	0.08892	0.05811	0.04189	0.20293	0.10404	0.00855	0.01410	0.01481	0.00997	0.01307
12	0.11919	0.02116	0.02506	0.08050	0.03243	0.02456	0.01867	0.08216	0.11741	0.04456	0.08698	0.09806	0.03981	0.02718	0.07490	0.00591	0.06305	0.01471	0.00942	0.01428
13	0.04266	0.03046	0.10123	0.02524	0.03531	0.02581	0.02297	0.13747	0.13521	0.25302	0.04026	0.03711	0.02729	0.01460	0.01202	0.00379	0.01179	0.01170	0.01229	0.01976
14	0.02961	0.02508	0.08055	0.02763	0.08258	0.02092	0.02113	0.04231	0.13351	0.12861	0.10753	0.10122	0.04500	0.01762	0.01236	0.00373	0.01020	0.01521	0.01071	0.08451

[dist]
# distance from previous block
# <min> <max>
0	2

[block]
# block no. 2 follows, 9 sequences, length 11
# corresponding to MSA columns:
# 535-545
name=unknown_C
#
# <colnr> <probs for GDERKNQSTAVLIFYWHMCP>
#	G	D	E	R	K	N	Q	S	T	A	V	L	I	F	Y	W	H	M	C	P
0	0.03399	0.04152	0.23994	0.03196	0.04386	0.02805	0.07636	0.08495	0.03000	0.14979	0.02778	0.03021	0.01952	0.01376	0.01590	0.00400	0.09176	0.01061	0.00819	0.01786
1	0.03434	0.04194	0.24703	0.03061	0.04411	0.02602	0.07545	0.09959	0.03194	0.15031	0.02870	0.03008	0.01980	0.01225	0.01171	0.00360	0.01487	0.01026	0.00854	0.07885
2	0.01499	0.01073	0.01426	0.01652	0.01752	0.01000	0.01119	0.01759	0.02459	0.03319	0.12699	0.50158	0.08437	0.03584	0.01519	0.00473	0.00680	0.03245	0.01146	0.01000
3	0.11089	0.02182	0.03351	0.19544	0.04959	0.02268	0.08348	0.03885	0.02763	0.17340	0.04082	0.04319	0.07773	0.01470	0.01205	0.00390	0.01293	0.01284	0.00917	0.01540
4	0.03592	0.09101	0.10506	0.09665	0.09807	0.07301	0.02717	0.08337	0.09248	0.13389	0.03041	0.03183	0.02210	0.01301	0.01142	0.00362	0.01396	0.01043	0.00886	0.01775
5	0.03041	0.02289	0.09062	0.02749	0.08461	0.01704	0.02087	0.03554	0.02755	0.18703	0.04894	0.26079	0.04756	0.02356	0.01336	0.00421	0.01037	0.02084	0.01091	0.01542
6	0.01505	0.01150	0.01382	0.01477	0.01715	0.01027	0.01049	0.01831	0.02713	0.03539	0.18512	0.29837	0.23497	0.03212	0.01469	0.00434	0.00637	0.02822	0.01165	0.01027
7	0.03722	0.03197	0.13434	0.02511	0.03489	0.02507	0.02368	0.10656	0.14315	0.19241	0.03880	0.04019	0.02826	0.06383	0.01630	0.00451	0.01225	0.01207	0.01104	0.01837
8	0.11809	0.03452	0.15271	0.02549	0.03657	0.02632	0.02507	0.12818	0.07472	0.20841	0.03361	0.03236	0.02282	0.01359	0.01135	0.00376	0.01256	0.01048	0.01067	0.01873
9	0.11832	0.02295	0.02643	0.02107	0.02935	0.02277	0.01711	0.12622	0.07601	0.22554	0.09140	0.04058	0.03538	0.01503	0.01145	0.00354	0.00995	0.01195	0.01219	0.08278
10	0.10816	0.02295	0.02671	0.09329	0.03569	0.02520	0.01935	0.15628	0.09023	0.09770	0.03965	0.15922	0.03592	0.01950	0.01230	0.00405	0.01090	0.01630	0.01069	0.01590

[dist]
# distance from previous block
# <min> <max>
5	23

[block]
# block no. 3 follows, 9 sequences, length 13
# corresponding to MSA columns:
# 569-581
name=unknown_D
#
# <colnr> <probs for GDERKNQSTAVLIFYWHMCP>
#	G	D	E	R	K	N	Q	S	T	A	V	L	I	F	Y	W	H	M	C	P
0	0.09012	0.02725	0.12290	0.21274	0.04985	0.02216	0.02645	0.03237	0.02532	0.08441	0.04085	0.10050	0.08243	0.01722	0.01208	0.00402	0.01287	0.01446	0.00785	0.01415
1	0.08781	0.02524	0.04175	0.17479	0.05337	0.02649	0.15287	0.08775	0.03115	0.09197	0.07839	0.03803	0.02926	0.01338	0.01251	0.00389	0.01460	0.01276	0.00843	0.01556
2	0.03038	0.01787	0.02232	0.01914	0.02524	0.01611	0.01471	0.07726	0.03099	0.16293	0.09266	0.21700	0.05155	0.02221	0.01274	0.00371	0.00873	0.01930	0.01162	0.14353
3	0.02555	0.02868	0.11335	0.07386	0.03885	0.02437	0.06792	0.08092	0.11883	0.04243	0.08840	0.04677	0.03695	0.08318	0.07101	0.00633	0.01513	0.01364	0.00872	0.01512
4	0.03075	0.03246	0.14170	0.06999	0.03969	0.02388	0.02478	0.12479	0.03344	0.08962	0.07474	0.03471	0.02866	0.01311	0.01127	0.00322	0.01229	0.01060	0.00887	0.19144
5	0.09631	0.01463	0.01768	0.10546	0.02668	0.01594	0.01280	0.02187	0.01946	0.02896	0.03499	0.10630	0.03839	0.36471	0.04229	0.00880	0.01172	0.01645	0.00731	0.00924
6	0.03130	0.52826	0.11162	0.02206	0.03316	0.04549	0.02315	0.03625	0.02455	0.02936	0.01725	0.01996	0.01542	0.01042	0.00812	0.00271	0.01340	0.00670	0.00514	0.01569
7	0.03106	0.02532	0.03532	0.02984	0.03144	0.03357	0.02484	0.03404	0.02117	0.11146	0.02122	0.02883	0.01819	0.02000	0.03479	0.00500	0.46177	0.01080	0.00691	0.01441
8	0.02040	0.01307	0.01574	0.01461	0.01805	0.01176	0.01071	0.02420	0.02929	0.09089	0.25601	0.09022	0.20640	0.11995	0.02203	0.00521	0.00734	0.02103	0.01179	0.01132
9	0.01950	0.01507	0.02187	0.02104	0.02221	0.01833	0.01624	0.02158	0.01890	0.02723	0.03033	0.09498	0.03060	0.06184	0.28977	0.12292	0.13674	0.01418	0.00647	0.01021
10	0.09662	0.02139	0.02791	0.16628	0.04358	0.02050	0.02018	0.03679	0.02619	0.13562	0.02628	0.02968	0.01929	0.01125	0.01029	0.00301	0.01121	0.00908	0.00827	0.27659
11	0.27741	0.12058	0.03025	0.01946	0.02825	0.02984	0.01644	0.08935	0.07779	0.04877	0.02277	0.02458	0.01798	0.01153	0.00889	0.00315	0.01034	0.00794	0.00808	0.14659
12	0.10133	0.03026	0.11325	0.03278	0.12429	0.02384	0.02478	0.08735	0.02962	0.09297	0.02943	0.08413	0.02507	0.01423	0.01114	0.00344	0.01198	0.01184	0.00840	0.13986

[dist]
# distance from previous block
# <min> <max>
2	22

[block]
# block no. 4 follows, 9 sequences, length 25
# corresponding to MSA columns:
# 604-628
name=unknown_E
#
# <colnr> <probs for GDERKNQSTAVLIFYWHMCP>
#	G	D	E	R	K	N	Q	S	T	A	V	L	I	F	Y	W	H	M	C	P
0	0.17431	0.03162	0.07936	0.14199	0.04420	0.07886	0.02388	0.08259	0.08762	0.04473	0.02444	0.02805	0.01857	0.01229	0.01050	0.00356	0.01337	0.00927	0.00766	0.08313
1	0.03197	0.02204	0.02468	0.02089	0.02732	0.02286	0.01652	0.18112	0.09358	0.10710	0.10538	0.11491	0.13723	0.02158	0.01310	0.00393	0.00950	0.01797	0.01225	0.01607
2	0.02493	0.02108	0.02491	0.08784	0.03407	0.01991	0.01705	0.07568	0.08209	0.04163	0.04832	0.04935	0.12943	0.01568	0.01124	0.00305	0.00972	0.01290	0.00892	0.28220
3	0.02641	0.01872	0.02171	0.01940	0.02502	0.01870	0.01509	0.03999	0.17062	0.09651	0.11186	0.06849	0.09486	0.07821	0.01787	0.00467	0.00907	0.05944	0.01131	0.09205
4	0.02930	0.01507	0.01970	0.01696	0.02213	0.01338	0.01327	0.03435	0.03348	0.20383	0.30357	0.07598	0.12575	0.02192	0.01348	0.00379	0.00727	0.01886	0.01358	0.01433
5	0.02213	0.02063	0.07815	0.01853	0.02460	0.01592	0.01647	0.03055	0.07468	0.08797	0.16845	0.07653	0.20637	0.03024	0.06923	0.00559	0.01103	0.01863	0.01088	0.01340
6	0.01899	0.01162	0.01531	0.01686	0.01837	0.01078	0.01144	0.02113	0.02364	0.07925	0.06148	0.46504	0.07081	0.09033	0.01970	0.00546	0.00779	0.03023	0.01116	0.01062
7	0.01723	0.01274	0.01858	0.01858	0.02047	0.01463	0.01410	0.02100	0.01911	0.02737	0.03292	0.05109	0.03174	0.14947	0.47252	0.01840	0.02973	0.01345	0.00655	0.01032
8	0.33177	0.02175	0.02325	0.01886	0.02731	0.02193	0.01556	0.04801	0.02806	0.30195	0.03344	0.03117	0.02213	0.01319	0.00997	0.00372	0.00981	0.00955	0.01149	0.01707
9	0.04324	0.02251	0.02801	0.02104	0.03085	0.01971	0.01722	0.10207	0.03418	0.29677	0.03636	0.03405	0.02458	0.01284	0.01103	0.00306	0.01019	0.01028	0.01194	0.23008
10	0.01944	0.01545	0.01857	0.01766	0.02222	0.01407	0.01337	0.02664	0.07533	0.03770	0.11243	0.22954	0.11259	0.02576	0.01337	0.00391	0.00786	0.06253	0.01058	0.16099
11	0.66215	0.02327	0.01768	0.01582	0.02327	0.02699	0.01303	0.03537	0.02048	0.05398	0.01675	0.01954	0.01303	0.01117	0.00745	0.00372	0.00931	0.00651	0.00745	0.01303
12	0.03669	0.02675	0.02732	0.02380	0.03061	0.07742	0.01855	0.09798	0.22622	0.15329	0.04555	0.10856	0.03678	0.01818	0.01245	0.00395	0.01103	0.01505	0.01205	0.01778
13	0.03446	0.02500	0.03613	0.09497	0.09611	0.02440	0.06946	0.08726	0.07765	0.14255	0.03098	0.03304	0.02254	0.01225	0.01156	0.00335	0.01244	0.01086	0.00934	0.16565
14	0.02243	0.01121	0.01121	0.01121	0.01402	0.01121	0.00841	0.02803	0.02523	0.04486	0.03925	0.04486	0.03084	0.01402	0.00841	0.00280	0.00561	0.01121	0.64396	0.01121
15	0.09061	0.01546	0.01690	0.01562	0.01826	0.01594	0.01041	0.02931	0.06914	0.08866	0.03804	0.06435	0.03809	0.38992	0.04442	0.00906	0.01102	0.01528	0.00876	0.01075
16	0.25988	0.02581	0.02526	0.08244	0.03415	0.07752	0.01832	0.08439	0.02935	0.14305	0.03051	0.08619	0.02511	0.01539	0.01065	0.00380	0.01177	0.01175	0.00950	0.01515
17	0.03102	0.09451	0.14956	0.09033	0.04553	0.02945	0.07221	0.08223	0.02893	0.08879	0.02418	0.02828	0.01813	0.01258	0.01405	0.00358	0.06963	0.00986	0.00727	0.09988
18	0.01710	0.01195	0.01548	0.01739	0.01855	0.01170	0.01266	0.01967	0.02284	0.03014	0.05658	0.27363	0.06498	0.20482	0.03011	0.00722	0.00979	0.15603	0.00993	0.00943
19	0.02513	0.02456	0.03456	0.02998	0.03026	0.03399	0.02484	0.02798	0.01855	0.02882	0.01795	0.02907	0.01767	0.03012	0.10369	0.00711	0.48662	0.01084	0.00542	0.01284
20	0.04193	0.04008	0.19599	0.02750	0.03941	0.07752	0.02798	0.09343	0.03367	0.25158	0.03358	0.03231	0.02230	0.01340	0.01173	0.00367	0.01435	0.01041	0.01031	0.01886
21	0.01896	0.02498	0.12688	0.02336	0.03005	0.01679	0.07598	0.02502	0.02589	0.03500	0.11215	0.17808	0.14544	0.08385	0.01896	0.00498	0.01117	0.02108	0.00905	0.01231
22	0.01511	0.01103	0.01433	0.01679	0.01810	0.01025	0.01180	0.01768	0.02404	0.03148	0.07256	0.47008	0.12749	0.03637	0.01536	0.00486	0.00731	0.07422	0.01116	0.00996
23	0.03713	0.02138	0.03288	0.14421	0.14997	0.02120	0.02472	0.04278	0.02927	0.24321	0.03839	0.09848	0.03023	0.01599	0.01242	0.00389	0.01202	0.01408	0.01036	0.01739
24	0.10570	0.02975	0.08351	0.02959	0.08396	0.02682	0.02347	0.14085	0.09456	0.20667	0.03499	0.03375	0.02421	0.01378	0.01153	0.00374	0.01195	0.01095	0.01114	0.01908

[dist]
# distance from previous block
# <min> <max>
0	18

[block]
# block no. 5 follows, 9 sequences, length 15
# corresponding to MSA columns:
# 647-661
name=unknown_F
#
# <colnr> <probs for GDERKNQSTAVLIFYWHMCP>
#	G	D	E	R	K	N	Q	S	T	A	V	L	I	F	Y	W	H	M	C	P
0	0.12275	0.02695	0.09409	0.08263	0.04019	0.02190	0.07101	0.04046	0.02846	0.17913	0.08161	0.03780	0.03083	0.01354	0.01150	0.00362	0.01222	0.01155	0.00955	0.08021
1	0.35707	0.03327	0.08660	0.02154	0.03041	0.09734	0.01937	0.04019	0.07476	0.04655	0.02170	0.02398	0.01679	0.01172	0.00913	0.00349	0.01215	0.00785	0.00746	0.07862
2	0.18732	0.03110	0.10418	0.14074	0.14305	0.02815	0.12529	0.03585	0.02496	0.04103	0.02115	0.02766	0.01627	0.01105	0.01125	0.00383	0.01516	0.01019	0.00613	0.01563
3	0.01514	0.01129	0.01409	0.01536	0.01732	0.01024	0.01077	0.01831	0.02668	0.03537	0.18303	0.35311	0.17948	0.03292	0.01482	0.00444	0.00647	0.02924	0.01167	0.01024
4	0.02955	0.02582	0.03529	0.10108	0.09240	0.07144	0.07178	0.03858	0.07749	0.08498	0.07554	0.05243	0.03654	0.01763	0.01612	0.00420	0.07484	0.07032	0.00881	0.01518
5	0.01723	0.01272	0.01846	0.01846	0.02030	0.01456	0.01394	0.02092	0.01908	0.02728	0.03303	0.05172	0.03201	0.15912	0.46325	0.01825	0.02932	0.01354	0.00656	0.01025
6	0.03413	0.01608	0.02156	0.01804	0.02387	0.01428	0.01428	0.03933	0.03423	0.26213	0.28832	0.06723	0.07477	0.02011	0.01322	0.00376	0.00779	0.01729	0.01401	0.01557
7	0.01952	0.01453	0.01971	0.01915	0.01950	0.01692	0.01377	0.01987	0.01873	0.02614	0.03523	0.16494	0.03948	0.17605	0.08555	0.14333	0.13357	0.01778	0.00719	0.00903
8	0.02272	0.02138	0.03609	0.54825	0.08287	0.02673	0.03341	0.03074	0.02406	0.03074	0.02138	0.03208	0.01604	0.01203	0.01203	0.00401	0.01604	0.01069	0.00535	0.01337
9	0.02495	0.02138	0.02495	0.01782	0.02851	0.01604	0.01426	0.03029	0.02495	0.03921	0.02138	0.02495	0.01782	0.00891	0.00891	0.00178	0.00891	0.00713	0.00713	0.65072
10	0.01733	0.01309	0.01616	0.01609	0.01889	0.01255	0.01178	0.02445	0.07210	0.04231	0.30533	0.20871	0.14017	0.02776	0.01430	0.00412	0.00641	0.02452	0.01240	0.01154
11	0.01927	0.01191	0.01518	0.01627	0.01820	0.01093	0.01115	0.02148	0.02405	0.08233	0.06683	0.39642	0.11667	0.10471	0.02085	0.00555	0.00785	0.02862	0.01107	0.01066
12	0.08950	0.02396	0.08498	0.02140	0.02772	0.02045	0.01885	0.03868	0.13999	0.08425	0.09437	0.11569	0.04852	0.07242	0.01726	0.00490	0.01031	0.06174	0.01047	0.01453
13	0.10323	0.13889	0.07971	0.02946	0.09272	0.08568	0.02279	0.04260	0.09222	0.09207	0.07840	0.03523	0.03093	0.01371	0.01075	0.00348	0.01255	0.01068	0.00858	0.01631
14	0.22407	0.02977	0.08098	0.02309	0.03251	0.02783	0.02069	0.14343	0.09753	0.15817	0.03148	0.03070	0.02207	0.01351	0.01066	0.00376	0.01140	0.01002	0.01058	0.01778

[dist]
# distance from previous block
# <min> <max>
4	11

[block]
# block no. 6 follows, 9 sequences, length 7
# corresponding to MSA columns:
# 674-680
name=unknown_G
#
# <colnr> <probs for GDERKNQSTAVLIFYWHMCP>
#	G	D	E	R	K	N	Q	S	T	A	V	L	I	F	Y	W	H	M	C	P
0	0.28185	0.02502	0.03076	0.02359	0.03296	0.02499	0.08416	0.08174	0.02811	0.10333	0.02382	0.02625	0.01766	0.01126	0.00985	0.00331	0.01144	0.00895	0.00850	0.16244
1	0.02243	0.01121	0.01121	0.01121	0.01402	0.01121	0.00841	0.02803	0.02523	0.04486	0.03925	0.04486	0.03084	0.01402	0.00841	0.00280	0.00561	0.01121	0.64396	0.01121
2	0.02765	0.01725	0.02102	0.01951	0.02449	0.01719	0.01527	0.03929	0.14067	0.14077	0.14569	0.14402	0.10336	0.02393	0.01372	0.00423	0.00843	0.06610	0.01261	0.01479
3	0.21506	0.02238	0.02873	0.18139	0.04455	0.02581	0.02235	0.03929	0.02501	0.16565	0.02625	0.03005	0.01882	0.01382	0.01461	0.00403	0.08871	0.00985	0.00849	0.01514
4	0.02448	0.01325	0.01814	0.01827	0.02126	0.01249	0.01333	0.02753	0.02519	0.14526	0.05649	0.36147	0.05994	0.04040	0.09455	0.00686	0.01169	0.02559	0.01133	0.01249
5	0.66215	0.02327	0.01768	0.01582	0.02327	0.02699	0.01303	0.03537	0.02048	0.05398	0.01675	0.01954	0.01303	0.01117	0.00745	0.00372	0.00931	0.00651	0.00745	0.01303
6	0.04133	0.02811	0.03551	0.02783	0.03687	0.02966	0.06944	0.20353	0.16775	0.17050	0.03858	0.03675	0.02708	0.01460	0.01235	0.00382	0.01225	0.01230	0.01212	0.01959

[dist]
# distance from previous block
# <min> <max>
0	17

[block]
# block no. 7 follows, 9 sequences, length 32
# corresponding to MSA columns:
# 698-729
name=unknown_H
#
# <colnr> <probs for GDERKNQSTAVLIFYWHMCP>
#	G	D	E	R	K	N	Q	S	T	A	V	L	I	F	Y	W	H	M	C	P
0	0.08868	0.03308	0.11050	0.14857	0.04920	0.07420	0.08016	0.07985	0.02890	0.04058	0.02625	0.08018	0.02267	0.01412	0.01169	0.00371	0.01491	0.01214	0.00713	0.07348
1	0.01637	0.01220	0.01545	0.01762	0.01901	0.01204	0.01205	0.02206	0.07445	0.03292	0.06436	0.51036	0.07476	0.03529	0.01501	0.00480	0.00727	0.03189	0.01129	0.01081
2	0.02473	0.01869	0.02745	0.20511	0.04470	0.02070	0.02181	0.03028	0.02651	0.08875	0.12381	0.11023	0.04508	0.01882	0.01581	0.00398	0.07493	0.01563	0.00888	0.07409
3	0.01517	0.01086	0.01442	0.01641	0.01756	0.01011	0.01121	0.01803	0.02540	0.03448	0.15863	0.46625	0.08687	0.03488	0.01511	0.00465	0.00670	0.03153	0.01161	0.01011
4	0.12687	0.02052	0.02305	0.01754	0.02666	0.01737	0.01405	0.03292	0.02623	0.08791	0.07897	0.03328	0.02948	0.01169	0.00961	0.00251	0.00872	0.00923	0.00864	0.41475
5	0.66215	0.02327	0.01768	0.01582	0.02327	0.02699	0.01303	0.03537	0.02048	0.05398	0.01675	0.01954	0.01303	0.01117	0.00745	0.00372	0.00931	0.00651	0.00745	0.01303
6	0.01785	0.01179	0.01484	0.01484	0.01532	0.01227	0.00943	0.01817	0.01768	0.02406	0.03451	0.06640	0.03782	0.40087	0.16480	0.09298	0.01614	0.01558	0.00684	0.00781
7	0.66215	0.02327	0.01768	0.01582	0.02327	0.02699	0.01303	0.03537	0.02048	0.05398	0.01675	0.01954	0.01303	0.01117	0.00745	0.00372	0.00931	0.00651	0.00745	0.01303
8	0.01703	0.01230	0.01608	0.01514	0.01797	0.01135	0.01135	0.02270	0.03406	0.04825	0.49577	0.08987	0.11352	0.02460	0.01419	0.00378	0.00568	0.02176	0.01324	0.01135
9	0.02413	0.06223	0.51483	0.03429	0.05207	0.02794	0.04445	0.03810	0.02540	0.03810	0.02159	0.02540	0.01524	0.01143	0.01143	0.00381	0.01778	0.00889	0.00508	0.01778
10	0.02473	0.01337	0.01812	0.01870	0.02177	0.01229	0.01400	0.02797	0.02647	0.14530	0.06143	0.37594	0.06615	0.03159	0.01478	0.00471	0.00840	0.08972	0.01204	0.01252
11	0.04402	0.01827	0.02473	0.01972	0.02728	0.01598	0.01598	0.04895	0.03433	0.38590	0.16826	0.05413	0.05235	0.01751	0.01266	0.00374	0.00901	0.01470	0.01445	0.01802
12	0.01496	0.01165	0.01360	0.01432	0.01701	0.01029	0.01028	0.01826	0.02740	0.03528	0.18354	0.25951	0.27774	0.03159	0.01459	0.00427	0.00630	0.02752	0.01161	0.01029
13	0.02978	0.02859	0.04884	0.07385	0.50211	0.02859	0.03692	0.03692	0.02740	0.03931	0.02263	0.02978	0.01906	0.01072	0.01191	0.00357	0.01429	0.01072	0.00596	0.01906
14	0.04494	0.05734	0.03410	0.03100	0.03719	0.52886	0.02325	0.04804	0.03410	0.02945	0.01860	0.02170	0.01550	0.01240	0.01085	0.00310	0.02170	0.00775	0.00620	0.01395
15	0.02236	0.01723	0.02159	0.02281	0.02672	0.01838	0.01929	0.03592	0.15523	0.04004	0.05955	0.11013	0.06008	0.02847	0.01539	0.00513	0.01064	0.30632	0.01141	0.01332
16	0.02413	0.06223	0.51483	0.03429	0.05207	0.02794	0.04445	0.03810	0.02540	0.03810	0.02159	0.02540	0.01524	0.01143	0.01143	0.00381	0.01778	0.00889	0.00508	0.01778
17	0.01719	0.01289	0.01934	0.01934	0.02148	0.01504	0.01504	0.02148	0.01934	0.02793	0.03223	0.04727	0.03008	0.09024	0.52949	0.01934	0.03223	0.01289	0.00645	0.01074
18	0.04049	0.04053	0.03935	0.04323	0.18189	0.20976	0.02738	0.18223	0.03948	0.04794	0.02327	0.02660	0.01826	0.01256	0.01157	0.00342	0.01658	0.00970	0.00806	0.01770
19	0.05269	0.02255	0.02921	0.02239	0.03175	0.02077	0.01850	0.12198	0.03791	0.44220	0.04455	0.03906	0.02832	0.01482	0.01209	0.00371	0.01071	0.01190	0.01444	0.02047
20	0.02495	0.01735	0.02436	0.02149	0.02634	0.01671	0.05526	0.07821	0.03250	0.09351	0.17029	0.18001	0.10915	0.02540	0.01426	0.00426	0.00938	0.07148	0.01172	0.01337
21	0.03217	0.58441	0.06305	0.02059	0.03088	0.04761	0.02059	0.03603	0.02445	0.02831	0.01673	0.01930	0.01544	0.01029	0.00772	0.00257	0.01287	0.00643	0.00515	0.01544
22	0.02935	0.49455	0.05506	0.01927	0.02858	0.04173	0.01879	0.03308	0.02491	0.02897	0.03324	0.03445	0.09110	0.01346	0.00874	0.00281	0.01180	0.00941	0.00609	0.01461
23	0.03607	0.03058	0.04249	0.04532	0.19894	0.03248	0.06950	0.21186	0.11033	0.05561	0.02944	0.03205	0.02232	0.01304	0.01224	0.00372	0.01370	0.01156	0.00939	0.01934
24	0.02722	0.02726	0.09482	0.12453	0.22512	0.02308	0.02927	0.03420	0.02738	0.08691	0.04631	0.04928	0.12205	0.01571	0.01239	0.00379	0.01280	0.01379	0.00783	0.01624
25	0.02471	0.01768	0.02248	0.02353	0.06722	0.01762	0.01660	0.03592	0.12531	0.09355	0.20088	0.07912	0.13479	0.02248	0.01364	0.00407	0.00847	0.06555	0.01196	0.01443
26	0.03835	0.03271	0.07992	0.11259	0.08829	0.08543	0.02604	0.13499	0.03522	0.14931	0.02864	0.03061	0.02038	0.01277	0.01155	0.00349	0.01414	0.01019	0.00923	0.07617
27	0.03742	0.09628	0.08949	0.09548	0.08724	0.03096	0.02626	0.15738	0.07916	0.13600	0.03054	0.03167	0.02193	0.01323	0.01148	0.00362	0.01321	0.01058	0.00961	0.01843
28	0.08848	0.13624	0.08695	0.03311	0.10850	0.02910	0.07750	0.03997	0.07781	0.08931	0.03836	0.03974	0.07673	0.01408	0.01126	0.00361	0.01270	0.01196	0.00815	0.01643
29	0.22374	0.16473	0.03497	0.08915	0.07833	0.02946	0.01984	0.03557	0.02487	0.08972	0.03300	0.03514	0.07082	0.01358	0.00977	0.00349	0.01127	0.01014	0.00767	0.01474
30	0.15360	0.18250	0.13467	0.02627	0.03749	0.03106	0.07771	0.04170	0.02662	0.14476	0.02553	0.02703	0.01853	0.01169	0.01018	0.00347	0.01348	0.00917	0.00788	0.01667
31	0.12745	0.09836	0.22756	0.02868	0.04051	0.02710	0.08211	0.03695	0.02548	0.08379	0.02838	0.09018	0.02425	0.01453	0.01128	0.00381	0.01424	0.01220	0.00724	0.01590

[dist]
# distance from previous block
# <min> <max>
8	29

[block]
# block no. 8 follows, 9 sequences, length 12
# corresponding to MSA columns:
# 760-771
name=unknown_I
#
# <colnr> <probs for GDERKNQSTAVLIFYWHMCP>
#	G	D	E	R	K	N	Q	S	T	A	V	L	I	F	Y	W	H	M	C	P
0	0.13684	0.03697	0.21576	0.02449	0.03506	0.02442	0.02621	0.07139	0.06946	0.04654	0.11576	0.04486	0.07204	0.01589	0.01156	0.00382	0.01211	0.01262	0.00865	0.01555
1	0.02065	0.02417	0.11283	0.02042	0.02680	0.01778	0.01900	0.03289	0.11103	0.04669	0.32694	0.06970	0.08132	0.02064	0.01332	0.00384	0.00865	0.01788	0.01152	0.01393
2	0.11176	0.02489	0.07126	0.03506	0.15524	0.02130	0.02347	0.04152	0.02827	0.21211	0.03801	0.11969	0.03174	0.01673	0.01196	0.00388	0.01132	0.01437	0.01018	0.01724
3	0.43944	0.02225	0.02143	0.01787	0.02599	0.02358	0.01473	0.04389	0.02559	0.22114	0.02800	0.02738	0.01916	0.01253	0.00915	0.00372	0.00965	0.00856	0.01017	0.01576
4	0.02494	0.01340	0.01623	0.01482	0.01743	0.01270	0.01012	0.02750	0.02456	0.12288	0.12054	0.06944	0.05183	0.30525	0.03726	0.00770	0.00961	0.01647	0.08635	0.01098
5	0.14469	0.08623	0.03929	0.07950	0.04176	0.21068	0.10386	0.03862	0.02785	0.03563	0.02351	0.07054	0.02106	0.01367	0.01110	0.00358	0.01667	0.01116	0.00664	0.01394
6	0.03024	0.01463	0.01872	0.01694	0.02050	0.01346	0.01193	0.03240	0.02490	0.20331	0.04755	0.17091	0.04637	0.25469	0.03333	0.00729	0.01013	0.01913	0.01091	0.01266
7	0.03678	0.13582	0.13093	0.03310	0.11191	0.03002	0.02702	0.08062	0.08516	0.16415	0.03149	0.03166	0.02270	0.01284	0.01114	0.00354	0.01298	0.01029	0.00922	0.01863
8	0.14925	0.02211	0.02929	0.20518	0.08587	0.02491	0.02343	0.04026	0.10197	0.09851	0.07381	0.03824	0.03017	0.01402	0.01140	0.00387	0.01183	0.01162	0.00885	0.01539
9	0.01688	0.02063	0.10952	0.01980	0.02412	0.01350	0.01753	0.02186	0.02543	0.03521	0.13347	0.38149	0.07333	0.03040	0.01441	0.00449	0.00880	0.02720	0.01038	0.01157
10	0.14948	0.02295	0.02347	0.05979	0.03015	0.06133	0.01626	0.06924	0.03048	0.09014	0.13130	0.04737	0.07862	0.01602	0.01116	0.00338	0.01016	0.01274	0.00976	0.12621
11	0.15401	0.03089	0.14473	0.02316	0.03287	0.02276	0.02289	0.07778	0.03025	0.17335	0.08625	0.03837	0.03227	0.02061	0.05357	0.00502	0.01344	0.01136	0.00991	0.01650

[dist]
# distance from previous block
# <min> <max>
15	48

[block]
# block no. 9 follows, 9 sequences, length 21
# corresponding to MSA columns:
# 825-845
name=unknown_J
#
# <colnr> <probs for GDERKNQSTAVLIFYWHMCP>
#	G	D	E	R	K	N	Q	S	T	A	V	L	I	F	Y	W	H	M	C	P
0	0.11116	0.03354	0.07643	0.02293	0.03138	0.14246	0.01969	0.04017	0.06423	0.08349	0.08923	0.03538	0.03198	0.01355	0.01072	0.00318	0.01268	0.01033	0.00867	0.15880
1	0.01544	0.01108	0.01466	0.01622	0.01762	0.01030	0.01123	0.01872	0.02669	0.03652	0.20853	0.41054	0.09082	0.03336	0.01497	0.00452	0.00655	0.03008	0.01186	0.01030
2	0.02640	0.09266	0.03672	0.03984	0.19945	0.02543	0.02421	0.03576	0.08787	0.03802	0.03548	0.10542	0.03410	0.01711	0.01201	0.00367	0.01149	0.06404	0.00811	0.10221
3	0.02130	0.01857	0.02809	0.03797	0.20957	0.01780	0.02103	0.02670	0.02907	0.03993	0.19353	0.11464	0.15077	0.02147	0.01340	0.00386	0.00930	0.01924	0.00975	0.01402
4	0.02066	0.01217	0.01850	0.08808	0.02510	0.01278	0.01369	0.01860	0.01911	0.02565	0.08025	0.04261	0.03180	0.03560	0.03816	0.48138	0.01061	0.01189	0.00624	0.00710
5	0.03030	0.29488	0.05716	0.03993	0.15807	0.03897	0.08514	0.03572	0.02500	0.03265	0.01918	0.02470	0.01681	0.01173	0.01366	0.00337	0.08191	0.00912	0.00550	0.01621
6	0.01543	0.01153	0.01394	0.01554	0.01741	0.01060	0.01102	0.01795	0.02422	0.03095	0.07936	0.32016	0.20087	0.10230	0.02088	0.00556	0.00777	0.07413	0.01068	0.00973
7	0.09073	0.02454	0.03822	0.17063	0.25141	0.02553	0.02956	0.04022	0.02756	0.14527	0.02742	0.03194	0.02022	0.01202	0.01158	0.00373	0.01334	0.01065	0.00797	0.01747
8	0.03716	0.19217	0.09702	0.09773	0.04260	0.20759	0.02566	0.04259	0.02914	0.09036	0.02242	0.02529	0.01731	0.01197	0.01038	0.00324	0.01664	0.00847	0.00675	0.01553
9	0.01485	0.01087	0.01396	0.01602	0.01736	0.00998	0.01093	0.01744	0.02473	0.03276	0.11791	0.46286	0.13522	0.03543	0.01509	0.00467	0.00673	0.03181	0.01138	0.00998
10	0.66215	0.02327	0.01768	0.01582	0.02327	0.02699	0.01303	0.03537	0.02048	0.05398	0.01675	0.01954	0.01303	0.01117	0.00745	0.00372	0.00931	0.00651	0.00745	0.01303
11	0.01466	0.01047	0.01396	0.01675	0.01745	0.00977	0.01117	0.01675	0.02304	0.03071	0.06631	0.56931	0.07958	0.03769	0.01536	0.00489	0.00698	0.03420	0.01117	0.00977
12	0.02653	0.02947	0.06326	0.04610	0.05672	0.02762	0.39775	0.03558	0.02767	0.03748	0.03003	0.10527	0.02657	0.01388	0.01436	0.00417	0.01848	0.01691	0.00677	0.01535
13	0.05398	0.02048	0.02792	0.02141	0.03071	0.01768	0.01768	0.05863	0.03444	0.51045	0.04747	0.04095	0.02978	0.01489	0.01210	0.00372	0.01024	0.01210	0.01489	0.02048
14	0.03898	0.02382	0.02747	0.02333	0.03107	0.02532	0.01853	0.06194	0.31251	0.22353	0.04840	0.04341	0.03411	0.01578	0.01219	0.00395	0.00979	0.01304	0.01324	0.01958
15	0.03458	0.02868	0.05590	0.04095	0.05088	0.02802	0.29362	0.04240	0.02867	0.15607	0.02909	0.03383	0.02085	0.01270	0.01683	0.00412	0.08449	0.01321	0.00820	0.01691
16	0.02368	0.02236	0.03782	0.48390	0.13973	0.02698	0.03389	0.03158	0.02451	0.03190	0.02155	0.03177	0.01645	0.01185	0.01201	0.00395	0.01580	0.01070	0.00543	0.01414
17	0.01495	0.01222	0.01320	0.01296	0.01670	0.01047	0.00972	0.01869	0.02915	0.03661	0.21944	0.10903	0.39711	0.02894	0.01421	0.00399	0.00599	0.02444	0.01171	0.01047
18	0.02886	0.01445	0.01952	0.01862	0.02274	0.01306	0.01417	0.03263	0.02885	0.19764	0.11788	0.28421	0.06621	0.02771	0.01420	0.00440	0.00829	0.06010	0.01272	0.01377
19	0.10328	0.03281	0.09367	0.02463	0.03314	0.08764	0.02179	0.15009	0.03556	0.14471	0.03548	0.12000	0.03023	0.01744	0.01190	0.00382	0.01283	0.01393	0.01033	0.01671
20	0.05217	0.02338	0.02972	0.02278	0.03216	0.02199	0.01882	0.14718	0.03929	0.41504	0.04339	0.03830	0.02774	0.01479	0.01209	0.00370	0.01090	0.01182	0.01426	0.02047

[dist]
# distance from previous block
# <min> <max>
0	7

[block]
# block no. 10 follows, 9 sequences, length 22
# corresponding to MSA columns:
# 853-874
name=unknown_K
#
# <colnr> <probs for GDERKNQSTAVLIFYWHMCP>
#	G	D	E	R	K	N	Q	S	T	A	V	L	I	F	Y	W	H	M	C	P
0	0.03977	0.13282	0.03520	0.02307	0.03133	0.10728	0.01921	0.16234	0.03779	0.14441	0.04391	0.04252	0.09743	0.01603	0.01142	0.00344	0.01271	0.01215	0.01032	0.01686
1	0.03648	0.36267	0.10639	0.02322	0.03414	0.03919	0.02318	0.09435	0.03027	0.11309	0.02379	0.02472	0.01837	0.01170	0.00941	0.00303	0.01306	0.00819	0.00759	0.01716
2	0.02962	0.02124	0.02543	0.01840	0.02887	0.01630	0.01481	0.03485	0.02648	0.11503	0.02558	0.02752	0.01975	0.00987	0.00942	0.00209	0.00912	0.00793	0.00838	0.54931
3	0.01518	0.01069	0.01381	0.01608	0.01665	0.01012	0.01045	0.01689	0.02202	0.02935	0.06109	0.47904	0.07298	0.13697	0.02380	0.00613	0.00784	0.03113	0.01045	0.00932
4	0.03761	0.11668	0.04504	0.13325	0.04860	0.03122	0.10360	0.13971	0.03480	0.14906	0.02873	0.03132	0.02044	0.01260	0.01175	0.00363	0.01437	0.01100	0.00913	0.01746
5	0.02843	0.01908	0.06191	0.02101	0.02666	0.01519	0.01858	0.03413	0.03023	0.16959	0.14453	0.13195	0.06387	0.02499	0.01432	0.00447	0.00991	0.15489	0.01209	0.01417
6	0.01514	0.01081	0.01451	0.01730	0.01821	0.01018	0.01200	0.01758	0.02351	0.03125	0.06605	0.52544	0.07853	0.03724	0.01548	0.00495	0.00740	0.07336	0.01116	0.00990
7	0.02842	0.02423	0.07300	0.10836	0.04257	0.02169	0.09226	0.03897	0.08210	0.12161	0.13407	0.05730	0.04707	0.01747	0.01329	0.00407	0.01242	0.05556	0.01013	0.01542
8	0.02736	0.23621	0.30980	0.03154	0.04613	0.03491	0.08439	0.03745	0.02542	0.03482	0.02026	0.02415	0.01566	0.01089	0.01049	0.00342	0.01640	0.00867	0.00522	0.01681
9	0.02175	0.01337	0.01654	0.01625	0.02011	0.01190	0.01248	0.02555	0.02869	0.11188	0.14966	0.19784	0.22433	0.02890	0.01439	0.00431	0.00746	0.07048	0.01208	0.01203
10	0.04661	0.02712	0.03141	0.02464	0.03370	0.02822	0.02017	0.23672	0.11363	0.24778	0.03954	0.03626	0.02677	0.01492	0.01209	0.00373	0.01145	0.01178	0.01322	0.02025
11	0.02840	0.03245	0.07099	0.05071	0.06288	0.03043	0.45842	0.03854	0.02840	0.03854	0.02434	0.03245	0.01826	0.01014	0.01420	0.00406	0.02028	0.01420	0.00609	0.01623
12	0.04289	0.14214	0.03875	0.02932	0.03618	0.45143	0.02282	0.04611	0.03254	0.02926	0.01830	0.02131	0.01549	0.01206	0.01035	0.00301	0.02028	0.00754	0.00603	0.01419
13	0.01713	0.01151	0.01323	0.01359	0.01368	0.01142	0.00779	0.01740	0.01820	0.02427	0.04154	0.14144	0.04832	0.50821	0.05537	0.01080	0.01107	0.01963	0.00779	0.00761
14	0.02495	0.02138	0.02495	0.01782	0.02851	0.01604	0.01426	0.03029	0.02495	0.03921	0.02138	0.02495	0.01782	0.00891	0.00891	0.00178	0.00891	0.00713	0.00713	0.65072
15	0.10098	0.03245	0.03349	0.11022	0.04279	0.09017	0.02328	0.27299	0.04360	0.09468	0.02677	0.02861	0.01919	0.01354	0.01147	0.00363	0.01407	0.01014	0.01007	0.01786
16	0.01494	0.01094	0.01448	0.01665	0.01785	0.01048	0.01147	0.01741	0.02298	0.03053	0.06722	0.45961	0.11282	0.04373	0.08096	0.00666	0.01012	0.03064	0.01057	0.00993
17	0.03629	0.01672	0.02265	0.01944	0.02557	0.01498	0.01584	0.04142	0.03326	0.28269	0.19922	0.07200	0.06380	0.02098	0.01350	0.00403	0.00885	0.07903	0.01375	0.01598
18	0.04105	0.03974	0.10960	0.02703	0.03722	0.14677	0.02430	0.15936	0.03773	0.14042	0.02799	0.02850	0.01995	0.01285	0.01127	0.00331	0.01484	0.00956	0.00946	0.09903
19	0.08889	0.02733	0.03838	0.03546	0.10935	0.02818	0.09222	0.18832	0.03762	0.10700	0.03311	0.09930	0.02791	0.01592	0.01241	0.00386	0.01306	0.01413	0.00997	0.01758
20	0.01540	0.01100	0.01481	0.01759	0.01862	0.01041	0.01245	0.01803	0.02376	0.03154	0.06591	0.50177	0.07797	0.03700	0.01555	0.00499	0.00762	0.09447	0.01115	0.00998
21	0.04702	0.03164	0.03483	0.02670	0.03628	0.03425	0.02206	0.39917	0.05312	0.14353	0.03178	0.03077	0.02191	0.01451	0.01205	0.00363	0.01277	0.01103	0.01248	0.02046

[dist]
# distance from previous block
# <min> <max>
0	1

[block]
# block no. 11 follows, 9 sequences, length 44
# corresponding to MSA columns:
# 876-919
name=unknown_L
#
# <colnr> <probs for GDERKNQSTAVLIFYWHMCP>
#	G	D	E	R	K	N	Q	S	T	A	V	L	I	F	Y	W	H	M	C	P
0	0.10273	0.02199	0.03178	0.35295	0.06276	0.02588	0.02720	0.03895	0.07769	0.10178	0.02761	0.03331	0.01996	0.01282	0.01153	0.00394	0.01370	0.01073	0.00770	0.01496
1	0.01931	0.01633	0.02752	0.02421	0.02847	0.01541	0.10434	0.02508	0.02914	0.03985	0.21506	0.19404	0.07739	0.02633	0.01495	0.00445	0.01006	0.10523	0.01087	0.01194
2	0.02841	0.08868	0.09905	0.10104	0.18260	0.03053	0.03000	0.07961	0.02909	0.04050	0.07216	0.03428	0.02769	0.01423	0.01548	0.00381	0.08822	0.01121	0.00704	0.01638
3	0.01755	0.01312	0.01713	0.01627	0.01957	0.01205	0.01210	0.02232	0.02907	0.04134	0.29974	0.17076	0.08546	0.03294	0.07412	0.00558	0.00943	0.02137	0.01130	0.08880
4	0.11209	0.09150	0.03759	0.02635	0.03569	0.12348	0.06961	0.13259	0.03356	0.04616	0.02183	0.02484	0.01719	0.01137	0.01028	0.00302	0.01406	0.00874	0.00776	0.17228
5	0.03591	0.03691	0.08852	0.05081	0.26104	0.09206	0.03174	0.16707	0.03685	0.04904	0.02393	0.02810	0.01868	0.01212	0.01177	0.00355	0.01521	0.01021	0.00774	0.01874
6	0.03590	0.02986	0.03072	0.02990	0.08573	0.09626	0.02111	0.13374	0.17669	0.09899	0.04636	0.04489	0.08375	0.01632	0.01220	0.00375	0.01217	0.01317	0.01080	0.01771
7	0.01637	0.01242	0.01530	0.01717	0.01892	0.01214	0.01186	0.02225	0.07623	0.03316	0.07015	0.46124	0.11847	0.03447	0.01488	0.00471	0.00718	0.03090	0.01129	0.01088
8	0.02352	0.01996	0.02977	0.25657	0.10051	0.02278	0.02548	0.03425	0.08873	0.03807	0.07534	0.05279	0.03608	0.01641	0.01242	0.00401	0.01232	0.06212	0.07480	0.01407
9	0.03670	0.09551	0.03491	0.09752	0.03994	0.12855	0.02272	0.12965	0.08983	0.09281	0.03289	0.04252	0.02696	0.01570	0.01187	0.00374	0.01423	0.05821	0.00938	0.01635
10	0.03784	0.04306	0.29124	0.02837	0.04226	0.02323	0.03216	0.04753	0.02955	0.25500	0.03347	0.03254	0.02192	0.01302	0.01174	0.00377	0.01432	0.01036	0.00959	0.01902
11	0.01614	0.01208	0.01497	0.01464	0.01753	0.01091	0.01083	0.02083	0.03136	0.04278	0.36457	0.14760	0.19683	0.02734	0.01432	0.00397	0.00591	0.02393	0.01255	0.01091
12	0.02933	0.10952	0.14546	0.03984	0.18185	0.02790	0.02918	0.03967	0.07576	0.08371	0.03891	0.04054	0.07885	0.01423	0.01156	0.00362	0.01297	0.01195	0.00783	0.01733
13	0.15776	0.03409	0.14171	0.02962	0.08245	0.07726	0.02474	0.03253	0.02366	0.03719	0.02751	0.10446	0.02691	0.07108	0.01898	0.00476	0.07153	0.01297	0.00686	0.01391
14	0.03395	0.04033	0.02679	0.02583	0.03003	0.34045	0.01886	0.03669	0.03008	0.02991	0.03592	0.22047	0.03876	0.02158	0.01248	0.00375	0.01636	0.01735	0.00800	0.01243
15	0.02799	0.03124	0.06421	0.04691	0.05666	0.03170	0.37252	0.03663	0.02642	0.03663	0.02264	0.03124	0.01777	0.01231	0.01923	0.00430	0.12662	0.01347	0.00592	0.01562
16	0.02612	0.02593	0.04727	0.29602	0.21182	0.02808	0.12139	0.03430	0.02600	0.03505	0.02238	0.03142	0.01745	0.01123	0.01244	0.00388	0.01635	0.01142	0.00569	0.01576
17	0.02219	0.01468	0.01926	0.01867	0.02144	0.01496	0.01453	0.02598	0.02710	0.09023	0.15913	0.15387	0.10933	0.09190	0.02276	0.00538	0.06586	0.10002	0.01098	0.01173
18	0.01554	0.01164	0.01442	0.01499	0.01738	0.01052	0.01076	0.01936	0.02869	0.03847	0.25911	0.26058	0.19351	0.03049	0.01460	0.00423	0.00622	0.02690	0.01204	0.01052
19	0.03078	0.02562	0.03423	0.08913	0.04093	0.02539	0.06736	0.16399	0.03449	0.04841	0.02501	0.02987	0.01958	0.01851	0.05802	0.00446	0.01446	0.00999	0.00825	0.25153
20	0.09698	0.02149	0.02448	0.01799	0.02818	0.01740	0.01449	0.03388	0.02548	0.09128	0.02368	0.02608	0.01858	0.00980	0.00909	0.00220	0.00910	0.00759	0.00799	0.51424
21	0.50732	0.02409	0.02122	0.01796	0.02591	0.02690	0.01481	0.08777	0.02656	0.11936	0.02238	0.02357	0.01619	0.01206	0.00862	0.00371	0.00989	0.00778	0.00900	0.01491
22	0.10196	0.02896	0.03170	0.02486	0.03394	0.03117	0.02042	0.29230	0.08946	0.17083	0.03399	0.03236	0.02350	0.01443	0.01165	0.00369	0.01183	0.01100	0.01229	0.01965
23	0.11668	0.02904	0.03069	0.02631	0.03154	0.12712	0.06940	0.07859	0.02991	0.04126	0.08414	0.13898	0.03989	0.01959	0.01565	0.00404	0.07912	0.01580	0.00866	0.01358
24	0.01725	0.01228	0.01511	0.01529	0.01695	0.01205	0.01079	0.01999	0.02374	0.03187	0.14783	0.09016	0.11304	0.27450	0.08523	0.00902	0.01167	0.07445	0.00944	0.00934
