[name]
unknown

[dist]
# distance from previous block
# <min> <max>
73	222

[block]
# block no. 0 follows, 11 sequences, length 17
# corresponding to MSA columns:
# 286-302
name=unknown_A
#
# <colnr> <probs for GDERKNQSTAVLIFYWHMCP>
#	G	D	E	R	K	N	Q	S	T	A	V	L	I	F	Y	W	H	M	C	P
0	0.02683	0.02744	0.04391	0.21815	0.28382	0.07066	0.09926	0.03386	0.02533	0.03345	0.02073	0.02825	0.01658	0.01045	0.01141	0.00350	0.01526	0.01026	0.00543	0.01542
1	0.02751	0.35856	0.20140	0.02367	0.03494	0.03657	0.02580	0.03809	0.09461	0.03225	0.02141	0.02327	0.01729	0.01077	0.00889	0.00296	0.01297	0.00769	0.00576	0.01560
2	0.01598	0.01075	0.01239	0.01277	0.01287	0.01065	0.00735	0.01627	0.01712	0.02283	0.03933	0.14985	0.04580	0.52160	0.05104	0.00999	0.01027	0.01864	0.00735	0.00716
3	0.01540	0.01145	0.01447	0.01479	0.01738	0.01052	0.01129	0.01970	0.02820	0.03802	0.30552	0.17012	0.18224	0.02713	0.01378	0.00399	0.00632	0.08813	0.01141	0.01014
4	0.47461	0.02325	0.02021	0.01769	0.02472	0.02680	0.01434	0.08398	0.13349	0.05171	0.02354	0.02445	0.01784	0.01183	0.00839	0.00355	0.00911	0.00797	0.00839	0.01413
5	0.01590	0.01101	0.01385	0.01527	0.01607	0.01080	0.01054	0.01770	0.02019	0.02672	0.04949	0.25519	0.05713	0.29135	0.03401	0.00757	0.00937	0.12068	0.00879	0.00837
6	0.01593	0.01150	0.01504	0.01416	0.01681	0.01062	0.01062	0.02124	0.03186	0.04513	0.52830	0.08407	0.10620	0.02301	0.01327	0.00354	0.00531	0.02035	0.01239	0.01062
7	0.04129	0.03078	0.03294	0.02559	0.03434	0.03421	0.02103	0.45261	0.09945	0.06853	0.02892	0.02853	0.02068	0.01369	0.01128	0.00342	0.01203	0.01039	0.01128	0.01901
8	0.02257	0.05822	0.54613	0.03208	0.04871	0.02614	0.04158	0.03564	0.02376	0.03564	0.02020	0.02376	0.01426	0.01069	0.01069	0.00356	0.01663	0.00832	0.00475	0.01663
9	0.01608	0.01206	0.01809	0.01809	0.02010	0.01407	0.01407	0.02010	0.01809	0.02613	0.03015	0.04422	0.02814	0.08441	0.55984	0.01809	0.03015	0.01206	0.00603	0.01005
10	0.01459	0.01145	0.01318	0.01275	0.01599	0.01005	0.00956	0.01864	0.02869	0.03761	0.31657	0.09646	0.32262	0.02582	0.01329	0.00367	0.00551	0.02209	0.01140	0.01005
11	0.03249	0.03773	0.03331	0.02930	0.03192	0.27145	0.02333	0.03515	0.02386	0.02729	0.01596	0.02267	0.01465	0.01604	0.02484	0.00401	0.32937	0.00868	0.00532	0.01264
12	0.09575	0.03782	0.25991	0.02541	0.03716	0.02349	0.02763	0.04484	0.10147	0.18938	0.03091	0.03037	0.02120	0.01234	0.01064	0.00357	0.01258	0.00967	0.00873	0.01714
13	0.01793	0.01110	0.01324	0.01271	0.01535	0.01057	0.00953	0.02321	0.02859	0.04388	0.33377	0.06741	0.07559	0.01909	0.01114	0.00318	0.00528	0.01645	0.27140	0.01057
14	0.04960	0.02059	0.02701	0.02071	0.02945	0.01868	0.01711	0.10622	0.03462	0.48726	0.04238	0.03700	0.02685	0.01388	0.01131	0.00347	0.00990	0.01118	0.01362	0.01915
15	0.03091	0.03508	0.09259	0.02886	0.03298	0.15912	0.02518	0.03488	0.02288	0.07393	0.01867	0.02469	0.01581	0.01618	0.02512	0.00415	0.33030	0.00917	0.00592	0.01360
16	0.08254	0.17399	0.15177	0.13644	0.04272	0.02800	0.02551	0.03829	0.02501	0.15795	0.02465	0.02680	0.01765	0.01133	0.00982	0.00329	0.01281	0.00866	0.00725	0.01552

[dist]
# distance from previous block
# <min> <max>
1	4

[block]
# block no. 1 follows, 11 sequences, length 61
# corresponding to MSA columns:
# 317-377
name=unknown_B
#
# <colnr> <probs for GDERKNQSTAVLIFYWHMCP>
#	G	D	E	R	K	N	Q	S	T	A	V	L	I	F	Y	W	H	M	C	P
0	0.02980	0.19170	0.03478	0.02025	0.02757	0.02908	0.01713	0.19064	0.03398	0.04511	0.07308	0.12494	0.03450	0.01634	0.01049	0.00313	0.01024	0.01316	0.00888	0.08521
1	0.10380	0.02760	0.07608	0.08743	0.03892	0.02539	0.05384	0.17559	0.03334	0.12422	0.02558	0.02747	0.01826	0.01159	0.01041	0.00321	0.01201	0.00934	0.00876	0.12714
2	0.02463	0.15514	0.24047	0.02363	0.03386	0.07246	0.02538	0.03143	0.02277	0.03044	0.02208	0.03226	0.01991	0.12925	0.01903	0.00454	0.01400	0.00920	0.00548	0.08403
3	0.01866	0.01216	0.01560	0.01436	0.01768	0.01101	0.01091	0.02361	0.03119	0.08693	0.43944	0.08280	0.14692	0.02283	0.01311	0.00356	0.00573	0.01995	0.01231	0.01124
4	0.02367	0.02406	0.04555	0.35242	0.12027	0.02631	0.18045	0.03172	0.02415	0.03196	0.02102	0.02989	0.01597	0.01055	0.01189	0.00372	0.01611	0.01106	0.00528	0.01393
5	0.07889	0.18710	0.04280	0.02820	0.07751	0.03099	0.08178	0.13319	0.03078	0.09980	0.02324	0.02534	0.01770	0.01087	0.00978	0.00299	0.01221	0.00887	0.00775	0.09022
6	0.01524	0.01127	0.01439	0.01612	0.01752	0.01098	0.01112	0.02023	0.06609	0.03235	0.11763	0.48556	0.07480	0.03201	0.01398	0.00438	0.00659	0.02888	0.01077	0.01009
7	0.05050	0.01915	0.02612	0.02003	0.02873	0.01654	0.01654	0.05485	0.03221	0.54203	0.04440	0.03831	0.02786	0.01393	0.01132	0.00348	0.00958	0.01132	0.01393	0.01915
8	0.08175	0.02122	0.02712	0.20050	0.04275	0.02549	0.02155	0.03955	0.20391	0.03912	0.08676	0.03901	0.03231	0.01491	0.01392	0.00385	0.07184	0.01183	0.00839	0.01420
9	0.02946	0.02593	0.03946	0.20523	0.28564	0.02816	0.03051	0.14132	0.03113	0.04248	0.02221	0.02828	0.01732	0.01120	0.01120	0.00347	0.01361	0.01005	0.00674	0.01660
10	0.03747	0.02206	0.02573	0.02169	0.02904	0.02317	0.01728	0.05772	0.31109	0.25548	0.04522	0.04044	0.03162	0.01471	0.01140	0.00368	0.00919	0.01213	0.01250	0.01838
11	0.01689	0.00978	0.01393	0.01512	0.01542	0.00949	0.01008	0.01512	0.01780	0.02374	0.03892	0.29083	0.04458	0.03735	0.03048	0.36801	0.00830	0.01991	0.00742	0.00683
12	0.08825	0.03969	0.09830	0.03031	0.03755	0.24012	0.11321	0.03636	0.02636	0.03227	0.02316	0.08446	0.02119	0.01422	0.01335	0.00356	0.06680	0.01131	0.00617	0.01334
13	0.09839	0.02413	0.02733	0.02194	0.03003	0.02528	0.01786	0.18147	0.15006	0.24712	0.03721	0.03417	0.02550	0.01382	0.01095	0.00353	0.01015	0.01085	0.01197	0.01823
14	0.01550	0.01107	0.01511	0.01771	0.01914	0.01068	0.01355	0.01875	0.02331	0.03073	0.06105	0.40761	0.07055	0.03358	0.01484	0.00482	0.00808	0.20389	0.01041	0.00963
15	0.02786	0.02674	0.04568	0.06908	0.53424	0.02674	0.03454	0.03454	0.02563	0.03677	0.02117	0.02786	0.01783	0.01003	0.01114	0.00334	0.01337	0.01003	0.00557	0.01783
16	0.02201	0.02078	0.03512	0.51921	0.12980	0.02520	0.03163	0.02942	0.02286	0.02967	0.02014	0.02976	0.01533	0.01111	0.01124	0.00370	0.01482	0.01001	0.00507	0.01311
17	0.03366	0.02617	0.02820	0.02328	0.03046	0.02920	0.01866	0.26589	0.23253	0.05835	0.09575	0.03992	0.03580	0.01537	0.01158	0.00357	0.01015	0.01241	0.01147	0.01757
18	0.04498	0.02135	0.02700	0.02148	0.02956	0.02044	0.01786	0.15492	0.03635	0.37330	0.04206	0.04581	0.03004	0.01580	0.01179	0.00365	0.01033	0.06223	0.01290	0.01815
19	0.02786	0.02674	0.04568	0.06908	0.53424	0.02674	0.03454	0.03454	0.02563	0.03677	0.02117	0.02786	0.01783	0.01003	0.01114	0.00334	0.01337	0.01003	0.00557	0.01783
20	0.04449	0.02239	0.02695	0.02094	0.02905	0.02212	0.01721	0.20244	0.03830	0.32394	0.03759	0.03487	0.02500	0.01369	0.01090	0.00335	0.01004	0.01082	0.08777	0.01816
21	0.53532	0.02115	0.01879	0.01603	0.02340	0.02321	0.01321	0.03819	0.02222	0.16583	0.02241	0.02298	0.01587	0.01127	0.00799	0.00348	0.00891	0.00732	0.00860	0.01382
22	0.02537	0.01956	0.02926	0.02417	0.03136	0.01786	0.09659	0.03347	0.06863	0.09040	0.03915	0.06393	0.03627	0.01768	0.01228	0.00363	0.01102	0.16654	0.00899	0.20384
23	0.02126	0.02001	0.03376	0.57739	0.07752	0.02501	0.03126	0.02876	0.02251	0.02876	0.02001	0.03001	0.01500	0.01125	0.01125	0.00375	0.01500	0.01000	0.00500	0.01250
24	0.02126	0.02001	0.03376	0.57739	0.07752	0.02501	0.03126	0.02876	0.02251	0.02876	0.02001	0.03001	0.01500	0.01125	0.01125	0.00375	0.01500	0.01000	0.00500	0.01250
25	0.02646	0.02438	0.02956	0.02593	0.02940	0.03095	0.02092	0.04489	0.28747	0.03797	0.03166	0.03407	0.02543	0.01729	0.02307	0.00432	0.27102	0.01141	0.00848	0.01531
26	0.02103	0.02332	0.14073	0.02013	0.02645	0.01460	0.01876	0.02620	0.02348	0.08996	0.04571	0.33734	0.04882	0.02418	0.01251	0.00390	0.00944	0.02137	0.00911	0.08297
27	0.02334	0.02001	0.02334	0.01667	0.02667	0.01500	0.01334	0.02834	0.02334	0.03668	0.02001	0.02334	0.01667	0.00834	0.00834	0.00167	0.00834	0.00667	0.00667	0.67325
28	0.03138	0.12357	0.03923	0.02611	0.03445	0.02875	0.11275	0.12174	0.14541	0.09653	0.04048	0.04020	0.08088	0.01423	0.01127	0.00346	0.01177	0.01237	0.00930	0.01614
29	0.02712	0.01700	0.02043	0.01813	0.02396	0.01616	0.01461	0.03702	0.12634	0.15634	0.10090	0.07041	0.14157	0.02021	0.01231	0.00371	0.00829	0.08969	0.01122	0.08458
30	0.02325	0.05353	0.46534	0.03467	0.05042	0.02653	0.11767	0.03571	0.02423	0.03571	0.02063	0.02487	0.01473	0.01049	0.01113	0.00360	0.01703	0.00915	0.00491	0.01639
31	0.02257	0.05822	0.54613	0.03208	0.04871	0.02614	0.04158	0.03564	0.02376	0.03564	0.02020	0.02376	0.01426	0.01069	0.01069	0.00356	0.01663	0.00832	0.00475	0.01663
32	0.01334	0.01126	0.01155	0.01178	0.01530	0.00947	0.00872	0.01611	0.02529	0.03026	0.10945	0.15129	0.48965	0.02910	0.01340	0.00387	0.00577	0.02448	0.01045	0.00947
33	0.02199	0.14038	0.33907	0.02541	0.03771	0.02547	0.03033	0.03137	0.02482	0.03467	0.09211	0.03968	0.08344	0.01402	0.01072	0.00339	0.01325	0.01114	0.00634	0.01473
34	0.05050	0.01915	0.02612	0.02003	0.02873	0.01654	0.01654	0.05485	0.03221	0.54203	0.04440	0.03831	0.02786	0.01393	0.01132	0.00348	0.00958	0.01132	0.01393	0.01915
35	0.01448	0.01039	0.01286	0.01425	0.01529	0.00973	0.00939	0.01638	0.02171	0.02874	0.10274	0.37323	0.12148	0.16696	0.02422	0.00588	0.00736	0.02636	0.00977	0.00877
36	0.02861	0.01554	0.02312	0.01971	0.02416	0.01424	0.06322	0.03170	0.02448	0.20694	0.04488	0.20733	0.04346	0.17096	0.02419	0.00573	0.01005	0.01877	0.01023	0.01269
37	0.13694	0.02951	0.03113	0.16045	0.12571	0.15493	0.02362	0.03947	0.02670	0.13315	0.02363	0.02704	0.01742	0.01153	0.01030	0.00338	0.01399	0.00897	0.00734	0.01478
38	0.45118	0.19327	0.03000	0.01684	0.02472	0.03149	0.01486	0.06454	0.02251	0.04492	0.01643	0.01881	0.01331	0.01042	0.00733	0.00316	0.00992	0.00635	0.00663	0.01331
39	0.02421	0.02931	0.15343	0.35642	0.06262	0.02543	0.03192	0.03232	0.02312	0.07141	0.02155	0.02873	0.01584	0.01208	0.01339	0.00379	0.06510	0.00970	0.00565	0.01399
40	0.02585	0.02609	0.04855	0.05205	0.26831	0.02608	0.19598	0.03249	0.02433	0.03413	0.02294	0.03378	0.01999	0.07854	0.01898	0.00448	0.05455	0.01191	0.00571	0.01523
41	0.01747	0.01539	0.02725	0.02434	0.02795	0.01449	0.13483	0.02170	0.02330	0.03113	0.05173	0.40189	0.05873	0.02822	0.01421	0.00444	0.01012	0.07275	0.00922	0.01082
42	0.03302	0.03556	0.03614	0.15882	0.04717	0.22106	0.08599	0.09398	0.10606	0.03695	0.02423	0.02804	0.01857	0.01202	0.01115	0.00342	0.01621	0.00988	0.00710	0.01464
43	0.02975	0.01883	0.02184	0.01909	0.02480	0.01972	0.01496	0.04665	0.24610	0.16071	0.15789	0.05101	0.04923	0.01659	0.01153	0.00357	0.00790	0.01399	0.07004	0.01579
44	0.01436	0.01144	0.01287	0.01251	0.01585	0.00995	0.00939	0.01820	0.02816	0.03634	0.28099	0.09855	0.35899	0.02629	0.01329	0.00370	0.00554	0.02238	0.01123	0.00995
45	0.01901	0.01230	0.01537	0.01414	0.01771	0.01099	0.01077	0.02364	0.03044	0.09474	0.37942	0.08488	0.19720	0.02333	0.01307	0.00360	0.00586	0.02019	0.01210	0.01127
46	0.02086	0.01512	0.01736	0.01611	0.01827	0.01630	0.01106	0.08062	0.07702	0.03139	0.03470	0.05944	0.03537	0.37841	0.13114	0.01040	0.01411	0.01447	0.00775	0.01011
47	0.01637	0.01091	0.01228	0.01228	0.01228	0.01091	0.00682	0.01637	0.01637	0.02182	0.03546	0.07365	0.04092	0.60445	0.05729	0.01091	0.01091	0.01637	0.00682	0.00682
48	0.01371	0.00979	0.01306	0.01567	0.01632	0.00914	0.01045	0.01567	0.02155	0.02873	0.06203	0.59710	0.07444	0.03526	0.01437	0.00457	0.00653	0.03200	0.01045	0.00914
49	0.03009	0.61122	0.05898	0.01926	0.02889	0.04454	0.01926	0.03370	0.02287	0.02648	0.01565	0.01805	0.01444	0.00963	0.00722	0.00241	0.01204	0.00602	0.00481	0.01444
50	0.17776	0.04967	0.42187	0.02803	0.04239	0.02593	0.03469	0.03504	0.02268	0.03913	0.01914	0.02248	0.01377	0.01064	0.00982	0.00355	0.01477	0.00780	0.00527	0.01559
51	0.02800	0.02418	0.02545	0.02291	0.02927	0.02800	0.01782	0.05981	0.51390	0.04708	0.04581	0.04199	0.03436	0.01527	0.01145	0.00382	0.00891	0.01273	0.01145	0.01782
52	0.01637	0.01091	0.01228	0.01228	0.01228	0.01091	0.00682	0.01637	0.01637	0.02182	0.03546	0.07365	0.04092	0.60445	0.05729	0.01091	0.01091	0.01637	0.00682	0.00682
53	0.02257	0.05822	0.54613	0.03208	0.04871	0.02614	0.04158	0.03564	0.02376	0.03564	0.02020	0.02376	0.01426	0.01069	0.01069	0.00356	0.01663	0.00832	0.00475	0.01663
54	0.02434	0.18797	0.43182	0.02907	0.04406	0.03046	0.03635	0.03519	0.02355	0.03349	0.01913	0.02242	0.01430	0.01044	0.00988	0.00329	0.01556	0.00778	0.00477	0.01612
55	0.01398	0.01000	0.01330	0.01549	0.01638	0.00932	0.01047	0.01635	0.02281	0.03074	0.11906	0.53436	0.07833	0.03376	0.01423	0.00444	0.00638	0.03057	0.01069	0.00932
56	0.03082	0.02735	0.07564	0.02414	0.03380	0.02393	0.06094	0.13316	0.12871	0.08998	0.02900	0.02979	0.02152	0.01157	0.01046	0.00296	0.01104	0.00972	0.00894	0.23652
57	0.01608	0.01206	0.01809	0.01809	0.02010	0.01407	0.01407	0.02010	0.01809	0.02613	0.03015	0.04422	0.02814	0.08441	0.55984	0.01809	0.03015	0.01206	0.00603	0.01005
58	0.02985	0.54402	0.05514	0.01968	0.02893	0.04264	0.01909	0.03669	0.07908	0.02884	0.01910	0.02080	0.01672	0.01027	0.00771	0.00257	0.01168	0.00679	0.00557	0.01483
59	0.02866	0.01449	0.01905	0.01673	0.02176	0.01294	0.01340	0.03330	0.03056	0.22606	0.24578	0.07491	0.12432	0.02123	0.01281	0.00374	0.00751	0.06665	0.01250	0.01362
60	0.03093	0.02575	0.03170	0.02632	0.03360	0.02838	0.07329	0.17585	0.27658	0.05109	0.03937	0.04553	0.03136	0.01580	0.01204	0.00384	0.01119	0.05966	0.01062	0.01709

[dist]
# distance from previous block
# <min> <max>
0	11

[block]
# block no. 2 follows, 11 sequences, length 31
# corresponding to MSA columns:
# 389-419
name=unknown_C
#
# <colnr> <probs for GDERKNQSTAVLIFYWHMCP>
#	G	D	E	R	K	N	Q	S	T	A	V	L	I	F	Y	W	H	M	C	P
0	0.02971	0.02503	0.02642	0.02325	0.02992	0.02880	0.01823	0.11054	0.46038	0.04985	0.04363	0.04025	0.03259	0.01507	0.01143	0.00377	0.00931	0.01242	0.01143	0.01797
1	0.02800	0.02418	0.02545	0.02291	0.02927	0.02800	0.01782	0.05981	0.51390	0.04708	0.04581	0.04199	0.03436	0.01527	0.01145	0.00382	0.00891	0.01273	0.01145	0.01782
2	0.01982	0.01237	0.01629	0.01482	0.01816	0.01129	0.01129	0.02503	0.03190	0.10110	0.47379	0.07892	0.09738	0.02199	0.01305	0.00353	0.00579	0.01934	0.01256	0.01158
3	0.17105	0.01783	0.02392	0.03144	0.16567	0.01841	0.01891	0.02621	0.02286	0.03676	0.03949	0.22887	0.04266	0.02179	0.01195	0.00407	0.00958	0.08778	0.00826	0.01250
4	0.02257	0.05822	0.54613	0.03208	0.04871	0.02614	0.04158	0.03564	0.02376	0.03564	0.02020	0.02376	0.01426	0.01069	0.01069	0.00356	0.01663	0.00832	0.00475	0.01663
5	0.04458	0.01785	0.02422	0.01902	0.02669	0.01553	0.01553	0.04910	0.03215	0.45697	0.12723	0.04614	0.04127	0.01548	0.01165	0.00349	0.00885	0.01287	0.01367	0.01769
6	0.01728	0.01292	0.01621	0.01514	0.01820	0.01256	0.01142	0.02554	0.08566	0.04535	0.47445	0.07938	0.09818	0.02215	0.01307	0.00357	0.00571	0.01950	0.01229	0.01142
7	0.13504	0.04672	0.39566	0.02710	0.04051	0.02424	0.03307	0.03358	0.02389	0.03926	0.07665	0.02962	0.02426	0.01204	0.01035	0.00355	0.01400	0.00929	0.00599	0.01520
8	0.03057	0.03028	0.13024	0.03290	0.04305	0.02388	0.21351	0.04132	0.08309	0.14955	0.03091	0.03596	0.02300	0.06074	0.01584	0.00428	0.01463	0.01218	0.00814	0.01593
9	0.01371	0.00979	0.01306	0.01567	0.01632	0.00914	0.01045	0.01567	0.02155	0.02873	0.06203	0.59710	0.07444	0.03526	0.01437	0.00457	0.00653	0.03200	0.01045	0.00914
10	0.04865	0.02212	0.02795	0.02143	0.03021	0.02094	0.01770	0.16071	0.03718	0.42916	0.04024	0.03561	0.02577	0.01383	0.01130	0.00346	0.01025	0.01103	0.01329	0.01915
11	0.33085	0.02688	0.02472	0.11525	0.03554	0.09017	0.01851	0.10160	0.08169	0.04653	0.02160	0.02442	0.01641	0.01169	0.00918	0.00348	0.01170	0.00821	0.00760	0.01395
12	0.02539	0.01774	0.02580	0.02124	0.02702	0.01662	0.08908	0.08041	0.02978	0.12437	0.10291	0.15967	0.18854	0.02204	0.01292	0.00381	0.00935	0.01961	0.01054	0.01317
13	0.01375	0.01142	0.01203	0.01187	0.01548	0.00969	0.00891	0.01702	0.02672	0.03293	0.18493	0.10417	0.45718	0.02756	0.01330	0.00376	0.00563	0.02317	0.01078	0.00969
14	0.02795	0.02824	0.04142	0.18032	0.37398	0.08633	0.03235	0.03440	0.02562	0.03391	0.02048	0.02749	0.01681	0.01048	0.01106	0.00339	0.01452	0.00971	0.00547	0.01608
15	0.01371	0.00979	0.01306	0.01567	0.01632	0.00914	0.01045	0.01567	0.02155	0.02873	0.06203	0.59710	0.07444	0.03526	0.01437	0.00457	0.00653	0.03200	0.01045	0.00914
16	0.02608	0.03438	0.14040	0.04751	0.11241	0.02789	0.36814	0.03581	0.02601	0.03607	0.02218	0.02902	0.01672	0.00974	0.01262	0.00371	0.01795	0.01211	0.00553	0.01572
17	0.03978	0.05417	0.09160	0.02935	0.03641	0.49736	0.02405	0.04386	0.03095	0.02849	0.01772	0.02070	0.01447	0.01149	0.01021	0.00298	0.01987	0.00737	0.00568	0.01346
18	0.01608	0.01206	0.01809	0.01809	0.02010	0.01407	0.01407	0.02010	0.01809	0.02613	0.03015	0.04422	0.02814	0.08441	0.55984	0.01809	0.03015	0.01206	0.00603	0.01005
19	0.14473	0.03076	0.03758	0.02966	0.03717	0.09778	0.13413	0.14387	0.08874	0.04573	0.02368	0.02698	0.01817	0.01267	0.01376	0.00366	0.07773	0.01011	0.00779	0.01529
20	0.03053	0.02544	0.02688	0.02342	0.03023	0.02918	0.01843	0.13459	0.43499	0.05117	0.04259	0.03943	0.03175	0.01497	0.01142	0.00374	0.00950	0.01228	0.01142	0.01804
21	0.01637	0.01091	0.01228	0.01228	0.01228	0.01091	0.00682	0.01637	0.01637	0.02182	0.03546	0.07365	0.04092	0.60445	0.05729	0.01091	0.01091	0.01637	0.00682	0.00682
22	0.10947	0.02802	0.02911	0.02367	0.03158	0.03155	0.01919	0.30113	0.20092	0.06080	0.03194	0.03098	0.02337	0.01375	0.01084	0.00353	0.01083	0.01054	0.01084	0.01793
23	0.01409	0.01009	0.01340	0.01541	0.01641	0.00939	0.01048	0.01663	0.02331	0.03154	0.14185	0.50928	0.07988	0.03316	0.01418	0.00439	0.00632	0.03000	0.01078	0.00939
24	0.01634	0.01101	0.01276	0.01276	0.01293	0.01117	0.00742	0.01668	0.01651	0.02218	0.03502	0.07121	0.03986	0.56129	0.09899	0.01151	0.01251	0.01601	0.00675	0.00709
25	0.02584	0.03267	0.19517	0.02455	0.03376	0.02333	0.02476	0.04422	0.22152	0.08095	0.09223	0.04725	0.03770	0.01580	0.01173	0.00379	0.01122	0.04794	0.00946	0.01613
26	0.02371	0.01573	0.01781	0.01562	0.01972	0.01611	0.01217	0.13115	0.03394	0.04996	0.25231	0.05722	0.06091	0.01759	0.01104	0.00320	0.00690	0.01478	0.22762	0.01252
27	0.02270	0.02166	0.03546	0.42967	0.06680	0.02637	0.06557	0.03266	0.07724	0.03124	0.02268	0.03094	0.01731	0.01224	0.01350	0.00386	0.06048	0.01055	0.00577	0.01329
28	0.02673	0.02559	0.04364	0.15610	0.45606	0.02645	0.03398	0.03355	0.02509	0.03540	0.02097	0.02822	0.01734	0.01024	0.01116	0.00341	0.01365	0.01002	0.00547	0.01692
29	0.13069	0.02125	0.07815	0.01905	0.02500	0.01861	0.01661	0.03437	0.07992	0.12633	0.07303	0.04312	0.03264	0.09733	0.14733	0.00787	0.01487	0.01181	0.00869	0.01333
30	0.01813	0.01486	0.02320	0.02599	0.10203	0.01469	0.04758	0.02236	0.02405	0.03357	0.16600	0.18027	0.05808	0.09881	0.11170	0.00708	0.01269	0.01901	0.00869	0.01122

[dist]
# distance from previous block
# <min> <max>
5	10

[block]
# block no. 3 follows, 11 sequences, length 28
# corresponding to MSA columns:
# 438-465
name=unknown_D
#
# <colnr> <probs for GDERKNQSTAVLIFYWHMCP>
#	G	D	E	R	K	N	Q	S	T	A	V	L	I	F	Y	W	H	M	C	P
0	0.22242	0.03171	0.19368	0.02204	0.03186	0.02150	0.02317	0.03677	0.02504	0.14787	0.06969	0.03846	0.02824	0.01395	0.01033	0.00365	0.01136	0.04498	0.00843	0.01486
1	0.02116	0.02779	0.15712	0.02090	0.03010	0.01744	0.02032	0.02950	0.05914	0.03525	0.03212	0.16352	0.03131	0.01597	0.01064	0.00302	0.01010	0.01367	0.00744	0.29349
2	0.09684	0.01352	0.01545	0.01479	0.01861	0.01247	0.01093	0.02138	0.02491	0.03739	0.18598	0.23515	0.12131	0.02380	0.01209	0.00360	0.00664	0.02064	0.00997	0.11453
3	0.03734	0.02510	0.03066	0.02468	0.03267	0.02671	0.05337	0.16238	0.24074	0.18133	0.03920	0.03655	0.02771	0.01407	0.01151	0.00362	0.01066	0.01177	0.01163	0.01829
4	0.02632	0.33356	0.30357	0.02570	0.03884	0.03530	0.03047	0.03468	0.02332	0.03108	0.01793	0.02092	0.01435	0.01016	0.00896	0.00299	0.01434	0.00717	0.00478	0.01554
5	0.02257	0.05822	0.54613	0.03208	0.04871	0.02614	0.04158	0.03564	0.02376	0.03564	0.02020	0.02376	0.01426	0.01069	0.01069	0.00356	0.01663	0.00832	0.00475	0.01663
6	0.02729	0.02540	0.03313	0.02818	0.03016	0.03362	0.02328	0.08843	0.09081	0.03518	0.02058	0.02734	0.01803	0.01833	0.03028	0.00458	0.43458	0.01029	0.00660	0.01391
7	0.02056	0.01757	0.02351	0.09722	0.02985	0.02051	0.01769	0.06254	0.02655	0.03645	0.17624	0.05851	0.13398	0.02575	0.06294	0.00512	0.14920	0.01545	0.00859	0.01176
8	0.02188	0.09529	0.07984	0.01771	0.02307	0.01676	0.01553	0.02581	0.02428	0.10112	0.05938	0.28104	0.14544	0.02484	0.01239	0.00387	0.00863	0.02142	0.00957	0.01214
9	0.01527	0.01078	0.01372	0.01534	0.01711	0.01010	0.01126	0.01857	0.02426	0.03298	0.12665	0.34910	0.12826	0.03032	0.01374	0.00428	0.00678	0.09611	0.06570	0.00969
10	0.18724	0.31750	0.05066	0.02552	0.03496	0.03569	0.14098	0.03417	0.02293	0.03478	0.01751	0.02131	0.01458	0.00979	0.00874	0.00303	0.01304	0.00793	0.00556	0.01409
11	0.02911	0.53906	0.12255	0.02093	0.03147	0.04213	0.02217	0.03396	0.02299	0.02768	0.01624	0.01880	0.01442	0.00977	0.00767	0.00256	0.01264	0.00632	0.00481	0.01473
12	0.11423	0.03457	0.02490	0.02264	0.02796	0.28620	0.01715	0.03843	0.02905	0.10417	0.08362	0.10493	0.03411	0.01614	0.01082	0.00334	0.01394	0.01236	0.00841	0.01302
13	0.03027	0.10484	0.03801	0.12716	0.20523	0.02657	0.02517	0.08594	0.02938	0.10477	0.08521	0.03491	0.02904	0.01264	0.01091	0.00332	0.01187	0.01089	0.00792	0.01594
14	0.01558	0.01101	0.01443	0.01511	0.01595	0.01151	0.01019	0.01744	0.01829	0.02506	0.04060	0.20008	0.04537	0.28211	0.21441	0.01166	0.01621	0.01899	0.00750	0.00851
15	0.01388	0.01103	0.01247	0.01294	0.01577	0.00962	0.00939	0.01697	0.02580	0.03270	0.17741	0.22203	0.34198	0.02913	0.01355	0.00394	0.00583	0.02512	0.01081	0.00962
16	0.04456	0.02434	0.02880	0.02256	0.03104	0.02480	0.01848	0.21578	0.10689	0.30217	0.03830	0.03473	0.02560	0.01397	0.01132	0.00349	0.01050	0.01108	0.01262	0.01896
17	0.03009	0.61122	0.05898	0.01926	0.02889	0.04454	0.01926	0.03370	0.02287	0.02648	0.01565	0.01805	0.01444	0.00963	0.00722	0.00241	0.01204	0.00602	0.00481	0.01444
18	0.02333	0.01332	0.01639	0.01457	0.01911	0.01164	0.01130	0.02751	0.02968	0.15988	0.26004	0.08186	0.24190	0.02282	0.01281	0.00362	0.00648	0.01941	0.01205	0.01227
19	0.01474	0.01079	0.01407	0.01631	0.01788	0.01012	0.01206	0.01761	0.02319	0.03017	0.06869	0.41411	0.13556	0.03330	0.01451	0.00461	0.00735	0.13502	0.01043	0.00949
20	0.18626	0.01949	0.02508	0.02056	0.02662	0.02059	0.07996	0.08747	0.02629	0.08474	0.02807	0.03288	0.02181	0.02370	0.09909	0.00568	0.01327	0.01010	0.17512	0.01323
21	0.02651	0.34750	0.29130	0.02537	0.03834	0.03576	0.02991	0.03463	0.02330	0.03085	0.01782	0.02078	0.01436	0.01014	0.00888	0.00296	0.01423	0.00711	0.00479	0.01549
22	0.01622	0.01133	0.01336	0.01360	0.01473	0.01100	0.00909	0.01795	0.02075	0.02747	0.11188	0.08630	0.10714	0.38455	0.04083	0.00836	0.00952	0.07936	0.00844	0.00811
23	0.02335	0.02215	0.03755	0.41580	0.22271	0.02556	0.03230	0.03060	0.02350	0.03130	0.02038	0.02932	0.01590	0.01086	0.01122	0.00362	0.01448	0.01001	0.00518	0.01420
24	0.03220	0.03561	0.10109	0.03167	0.04029	0.15932	0.16039	0.07492	0.02965	0.09195	0.02932	0.10665	0.02545	0.01458	0.01194	0.00358	0.01571	0.01329	0.00764	0.01474
25	0.03083	0.02058	0.02724	0.02284	0.02904	0.02084	0.05486	0.17129	0.03640	0.12764	0.14791	0.06581	0.05059	0.01960	0.01291	0.00390	0.01042	0.12121	0.01127	0.01483
26	0.02786	0.02674	0.04568	0.06908	0.53424	0.02674	0.03454	0.03454	0.02563	0.03677	0.02117	0.02786	0.01783	0.01003	0.01114	0.00334	0.01337	0.01003	0.00557	0.01783
27	0.03364	0.02218	0.02538	0.02189	0.02839	0.02374	0.01740	0.14068	0.22583	0.15719	0.04443	0.10985	0.03646	0.01797	0.01198	0.00383	0.00957	0.04093	0.01177	0.01689

[dist]
# distance from previous block
# <min> <max>
0	7

[block]
# block no. 4 follows, 11 sequences, length 55
# corresponding to MSA columns:
# 473-527
name=unknown_E
#
# <colnr> <probs for GDERKNQSTAVLIFYWHMCP>
#	G	D	E	R	K	N	Q	S	T	A	V	L	I	F	Y	W	H	M	C	P
0	0.08251	0.03983	0.28053	0.07206	0.04185	0.02508	0.02957	0.03933	0.13141	0.03904	0.02541	0.02777	0.01885	0.01145	0.01030	0.00341	0.01312	0.00904	0.00667	0.09277
1	0.27930	0.07485	0.03263	0.02324	0.03179	0.02972	0.07311	0.19187	0.03289	0.09736	0.02289	0.02442	0.01669	0.01161	0.00957	0.00339	0.01152	0.00876	0.00870	0.01569
2	0.02012	0.01479	0.01828	0.01801	0.02077	0.01561	0.01379	0.07256	0.06916	0.03599	0.10134	0.13558	0.05301	0.14963	0.10597	0.00772	0.01254	0.11464	0.00943	0.01107
3	0.08731	0.03063	0.05310	0.03923	0.04915	0.06488	0.33610	0.07109	0.07857	0.04034	0.02446	0.02957	0.01840	0.01060	0.01218	0.00368	0.01665	0.01195	0.00680	0.01532
4	0.03423	0.02378	0.02609	0.02171	0.02837	0.02586	0.01730	0.24928	0.14572	0.09916	0.03798	0.10041	0.03094	0.01646	0.01128	0.00354	0.00984	0.01344	0.08795	0.01666
5	0.17115	0.02406	0.03645	0.17645	0.31386	0.02601	0.02884	0.03286	0.02347	0.03792	0.01968	0.02625	0.01592	0.01041	0.01025	0.00347	0.01272	0.00915	0.00575	0.01533
6	0.01363	0.01012	0.01273	0.01482	0.01610	0.00921	0.01007	0.01577	0.02237	0.02907	0.07242	0.49943	0.16541	0.03391	0.01415	0.00442	0.00636	0.03035	0.01045	0.00921
7	0.01423	0.01020	0.01353	0.01532	0.01644	0.00949	0.01049	0.01698	0.02397	0.03258	0.17152	0.47664	0.08190	0.03239	0.01411	0.00433	0.00624	0.02926	0.01090	0.00949
8	0.01637	0.01091	0.01228	0.01228	0.01228	0.01091	0.00682	0.01637	0.01637	0.02182	0.03546	0.07365	0.04092	0.60445	0.05729	0.01091	0.01091	0.01637	0.00682	0.00682
9	0.02786	0.02674	0.04568	0.06908	0.53424	0.02674	0.03454	0.03454	0.02563	0.03677	0.02117	0.02786	0.01783	0.01003	0.01114	0.00334	0.01337	0.01003	0.00557	0.01783
10	0.02786	0.02674	0.04568	0.06908	0.53424	0.02674	0.03454	0.03454	0.02563	0.03677	0.02117	0.02786	0.01783	0.01003	0.01114	0.00334	0.01337	0.01003	0.00557	0.01783
11	0.02126	0.02001	0.03376	0.57739	0.07752	0.02501	0.03126	0.02876	0.02251	0.02876	0.02001	0.03001	0.01500	0.01125	0.01125	0.00375	0.01500	0.01000	0.00500	0.01250
12	0.01814	0.01296	0.01814	0.02073	0.02332	0.01296	0.01814	0.02332	0.02591	0.03368	0.05959	0.12696	0.06478	0.03109	0.01555	0.00518	0.01036	0.45848	0.01036	0.01036
13	0.01637	0.01091	0.01228	0.01228	0.01228	0.01091	0.00682	0.01637	0.01637	0.02182	0.03546	0.07365	0.04092	0.60445	0.05729	0.01091	0.01091	0.01637	0.00682	0.00682
14	0.02126	0.02001	0.03376	0.57739	0.07752	0.02501	0.03126	0.02876	0.02251	0.02876	0.02001	0.03001	0.01500	0.01125	0.01125	0.00375	0.01500	0.01000	0.00500	0.01250
15	0.02524	0.25417	0.37351	0.02754	0.04169	0.03266	0.03367	0.03496	0.02345	0.03240	0.01859	0.02174	0.01432	0.01032	0.00946	0.00315	0.01500	0.00750	0.00477	0.01586
16	0.03069	0.02358	0.02553	0.02256	0.02920	0.02663	0.01766	0.05922	0.45632	0.10625	0.04564	0.04155	0.03358	0.01511	0.01144	0.00378	0.00899	0.01256	0.01175	0.01798
17	0.03009	0.61122	0.05898	0.01926	0.02889	0.04454	0.01926	0.03370	0.02287	0.02648	0.01565	0.01805	0.01444	0.00963	0.00722	0.00241	0.01204	0.00602	0.00481	0.01444
18	0.02257	0.05822	0.54613	0.03208	0.04871	0.02614	0.04158	0.03564	0.02376	0.03564	0.02020	0.02376	0.01426	0.01069	0.01069	0.00356	0.01663	0.00832	0.00475	0.01663
19	0.03478	0.02374	0.02645	0.02253	0.02971	0.02601	0.01788	0.10287	0.35413	0.16571	0.04358	0.03961	0.03129	0.01478	0.01140	0.00369	0.00942	0.01213	0.01201	0.01826
20	0.01412	0.01143	0.01253	0.01226	0.01570	0.00985	0.00919	0.01773	0.02758	0.03498	0.24265	0.10079	0.39818	0.02680	0.01329	0.00372	0.00558	0.02270	0.01105	0.00985
21	0.02808	0.09508	0.03430	0.02537	0.03271	0.03003	0.07416	0.05388	0.39764	0.04332	0.03948	0.03776	0.02994	0.01391	0.01116	0.00365	0.01047	0.01199	0.00998	0.01710
22	0.02257	0.05822	0.54613	0.03208	0.04871	0.02614	0.04158	0.03564	0.02376	0.03564	0.02020	0.02376	0.01426	0.01069	0.01069	0.00356	0.01663	0.00832	0.00475	0.01663
23	0.02710	0.02040	0.02392	0.01781	0.02723	0.01674	0.01425	0.03523	0.08303	0.09761	0.02597	0.02734	0.02011	0.00983	0.00906	0.00214	0.00855	0.00794	0.00810	0.51764
24	0.02490	0.02491	0.04603	0.03575	0.04396	0.02472	0.27679	0.03831	0.13400	0.03793	0.03650	0.05561	0.03209	0.01584	0.01341	0.00413	0.01473	0.11769	0.00806	0.01463
25	0.01637	0.01091	0.01228	0.01228	0.01228	0.01091	0.00682	0.01637	0.01637	0.02182	0.03546	0.07365	0.04092	0.60445	0.05729	0.01091	0.01091	0.01637	0.00682	0.00682
26	0.01526	0.01148	0.01412	0.01346	0.01640	0.01034	0.01009	0.01995	0.03028	0.04139	0.42293	0.09024	0.21390	0.02441	0.01328	0.00361	0.00541	0.02122	0.01190	0.01034
27	0.03462	0.04151	0.02720	0.02555	0.03026	0.39364	0.01893	0.03972	0.06968	0.02943	0.02961	0.14944	0.02938	0.01713	0.01119	0.00334	0.01631	0.01317	0.00730	0.01258
28	0.01371	0.00979	0.01306	0.01567	0.01632	0.00914	0.01045	0.01567	0.02155	0.02873	0.06203	0.59710	0.07444	0.03526	0.01437	0.00457	0.00653	0.03200	0.01045	0.00914
29	0.04279	0.03153	0.03378	0.02590	0.03490	0.03490	0.02139	0.49671	0.05292	0.07093	0.02702	0.02702	0.01914	0.01351	0.01126	0.00338	0.01239	0.01013	0.01126	0.01914
30	0.01608	0.01206	0.01809	0.01809	0.02010	0.01407	0.01407	0.02010	0.01809	0.02613	0.03015	0.04422	0.02814	0.08441	0.55984	0.01809	0.03015	0.01206	0.00603	0.01005
31	0.01490	0.01108	0.01388	0.01398	0.01639	0.01006	0.01018	0.01895	0.02824	0.03845	0.33912	0.20920	0.18021	0.02694	0.01354	0.00383	0.00567	0.02374	0.01156	0.01006
32	0.02657	0.03036	0.06641	0.04744	0.05882	0.02846	0.49336	0.03605	0.02657	0.03605	0.02277	0.03036	0.01708	0.00949	0.01328	0.00380	0.01898	0.01328	0.00569	0.01518
33	0.05050	0.01915	0.02612	0.02003	0.02873	0.01654	0.01654	0.05485	0.03221	0.54203	0.04440	0.03831	0.02786	0.01393	0.01132	0.00348	0.00958	0.01132	0.01393	0.01915
34	0.02715	0.02871	0.05697	0.05730	0.27541	0.02768	0.28434	0.03536	0.02614	0.03638	0.02204	0.02922	0.01742	0.00973	0.01231	0.00359	0.01642	0.01180	0.00564	0.01639
35	0.02462	0.02462	0.03447	0.02955	0.02955	0.03447	0.02462	0.02709	0.01724	0.02709	0.01477	0.02462	0.01477	0.01970	0.03694	0.00492	0.58385	0.00985	0.00492	0.01231
36	0.03009	0.61122	0.05898	0.01926	0.02889	0.04454	0.01926	0.03370	0.02287	0.02648	0.01565	0.01805	0.01444	0.00963	0.00722	0.00241	0.01204	0.00602	0.00481	0.01444
37	0.01618	0.01167	0.01613	0.01613	0.01746	0.01300	0.01162	0.01884	0.01751	0.02468	0.03194	0.05415	0.03245	0.25990	0.39026	0.01567	0.02366	0.01351	0.00630	0.00896
38	0.01424	0.01017	0.01367	0.01628	0.01716	0.00960	0.01137	0.01659	0.02207	0.02932	0.06174	0.54090	0.07329	0.03476	0.01451	0.00464	0.00699	0.08298	0.01044	0.00929
39	0.10623	0.02326	0.04183	0.03222	0.04061	0.02227	0.23634	0.03668	0.02669	0.13905	0.03443	0.05188	0.02921	0.01526	0.01265	0.00400	0.01398	0.11033	0.00853	0.01457
40	0.68395	0.02177	0.01654	0.01480	0.02177	0.02525	0.01219	0.03309	0.01915	0.05050	0.01567	0.01828	0.01219	0.01045	0.00697	0.00348	0.00871	0.00609	0.00697	0.01219
41	0.03907	0.04916	0.03854	0.03254	0.03942	0.45715	0.11248	0.04323	0.03087	0.02918	0.01843	0.02223	0.01499	0.01119	0.01075	0.00307	0.02004	0.00841	0.00578	0.01346
42	0.01608	0.01206	0.01809	0.01809	0.02010	0.01407	0.01407	0.02010	0.01809	0.02613	0.03015	0.04422	0.02814	0.08441	0.55984	0.01809	0.03015	0.01206	0.00603	0.01005
43	0.02334	0.02001	0.02334	0.01667	0.02667	0.01500	0.01334	0.02834	0.02334	0.03668	0.02001	0.02334	0.01667	0.00834	0.00834	0.00167	0.00834	0.00667	0.00667	0.67325
44	0.01539	0.01132	0.01441	0.01398	0.01657	0.01034	0.01036	0.02007	0.03007	0.04171	0.43158	0.13891	0.15360	0.02491	0.01339	0.00368	0.00548	0.02194	0.01196	0.01034
45	0.17995	0.08042	0.02376	0.01718	0.02308	0.02283	0.01408	0.12983	0.03204	0.04885	0.20738	0.05135	0.09303	0.01707	0.01072	0.00340	0.00840	0.01357	0.00991	0.01317
46	0.02368	0.02393	0.03354	0.51341	0.07253	0.08734	0.03015	0.03065	0.02360	0.02862	0.01970	0.02887	0.01494	0.01129	0.01112	0.00365	0.01562	0.00968	0.00509	0.01257
47	0.02511	0.24483	0.38174	0.02775	0.04202	0.03235	0.03405	0.03499	0.02346	0.03255	0.01866	0.02184	0.01432	0.01033	0.00952	0.00317	0.01508	0.00754	0.00477	0.01589
48	0.09690	0.48486	0.11213	0.02031	0.03049	0.04037	0.02116	0.03387	0.02259	0.03005	0.01619	0.01875	0.01419	0.00984	0.00761	0.00266	0.01223	0.00630	0.00503	0.01447
49	0.04882	0.02185	0.02779	0.02130	0.03008	0.02054	0.01760	0.15114	0.03673	0.43937	0.04062	0.03585	0.02596	0.01384	0.01131	0.00346	0.01019	0.01106	0.01335	0.01915
50	0.04079	0.01998	0.02497	0.02026	0.02773	0.01895	0.01675	0.13451	0.03482	0.32856	0.05094	0.05468	0.08971	0.01757	0.01203	0.00370	0.00977	0.06473	0.01257	0.01699
51	0.02310	0.02460	0.05078	0.10302	0.05165	0.02379	0.33216	0.03069	0.02498	0.03358	0.03111	0.15544	0.02950	0.01539	0.01328	0.00396	0.01576	0.01703	0.00666	0.01353
52	0.01713	0.01294	0.01868	0.02343	0.07303	0.01265	0.01633	0.02100	0.02389	0.03175	0.05673	0.33088	0.06432	0.03081	0.01455	0.00471	0.00893	0.21775	0.00991	0.01058
53	0.03467	0.01542	0.01894	0.01547	0.02163	0.01371	0.01239	0.03949	0.02750	0.26923	0.03849	0.03837	0.02714	0.01299	0.00949	0.00292	0.00754	0.01047	0.30108	0.08306
54	0.04744	0.01826	0.02450	0.01904	0.02711	0.01592	0.01564	0.05189	0.03132	0.49025	0.04361	0.03869	0.02796	0.01385	0.01096	0.00339	0.00913	0.01123	0.08154	0.01826

[dist]
# distance from previous block
# <min> <max>
0	18

[block]
# block no. 5 follows, 11 sequences, length 160
# corresponding to MSA columns:
# 546-705
name=unknown_F
#
# <colnr> <probs for GDERKNQSTAVLIFYWHMCP>
#	G	D	E	R	K	N	Q	S	T	A	V	L	I	F	Y	W	H	M	C	P
0	0.01402	0.01024	0.01290	0.01468	0.01587	0.00944	0.00990	0.01618	0.02245	0.02956	0.09991	0.44883	0.13990	0.07885	0.01756	0.00489	0.00667	0.02875	0.01029	0.00911
1	0.19269	0.02677	0.14284	0.02105	0.02916	0.01942	0.02072	0.03480	0.02455	0.15380	0.03621	0.12036	0.03265	0.01779	0.01113	0.00390	0.01071	0.07828	0.00902	0.01413
2	0.07713	0.02400	0.03428	0.02803	0.03422	0.08032	0.16530	0.03328	0.06298	0.07498	0.03836	0.22099	0.03795	0.01929	0.01251	0.00391	0.01260	0.01816	0.00851	0.01319
3	0.03091	0.01549	0.01891	0.01626	0.02148	0.01486	0.01281	0.03925	0.09110	0.21696	0.15803	0.05076	0.04770	0.01604	0.01082	0.00329	0.00723	0.01342	0.20021	0.01446
4	0.01408	0.01075	0.01305	0.01471	0.01673	0.00972	0.01065	0.01673	0.02355	0.02992	0.08065	0.36481	0.23881	0.03232	0.01412	0.00436	0.00667	0.07853	0.01044	0.00941
5	0.10348	0.03647	0.25582	0.02792	0.07475	0.02188	0.02787	0.03841	0.02645	0.16531	0.08484	0.03411	0.02839	0.01286	0.01077	0.00351	0.01241	0.01035	0.00825	0.01616
6	0.02546	0.02695	0.07801	0.22180	0.35973	0.02617	0.03404	0.03285	0.02454	0.03424	0.02074	0.02822	0.01671	0.01045	0.01114	0.00348	0.01410	0.00990	0.00534	0.01611
7	0.01617	0.01171	0.01631	0.01631	0.01771	0.01310	0.01185	0.01896	0.01756	0.02481	0.03177	0.05322	0.03204	0.24337	0.40622	0.01589	0.02427	0.01338	0.00627	0.00906
8	0.01491	0.01109	0.01403	0.01515	0.01732	0.01021	0.01130	0.01846	0.02585	0.03422	0.19647	0.28212	0.17896	0.02991	0.01403	0.00423	0.00663	0.09435	0.01095	0.00980
9	0.02360	0.02022	0.02350	0.01905	0.02608	0.01954	0.01506	0.03613	0.16467	0.04025	0.10709	0.03835	0.03570	0.01351	0.01222	0.00283	0.05247	0.01081	0.00881	0.33012
10	0.02546	0.02430	0.04136	0.25346	0.36858	0.02611	0.03335	0.03244	0.02450	0.03386	0.02075	0.02864	0.01680	0.01047	0.01118	0.00349	0.01396	0.01002	0.00536	0.01590
11	0.02684	0.02375	0.04434	0.03324	0.04158	0.02272	0.26374	0.03747	0.08836	0.09645	0.15122	0.04577	0.04213	0.01399	0.01284	0.00370	0.01335	0.01472	0.00896	0.01484
12	0.01632	0.01202	0.01560	0.01613	0.01894	0.01130	0.01305	0.02120	0.02870	0.03862	0.29120	0.10361	0.15775	0.02684	0.01411	0.00418	0.00722	0.18149	0.01134	0.01035
13	0.01489	0.01010	0.01300	0.01484	0.01599	0.00950	0.01015	0.01768	0.02312	0.03245	0.11840	0.46346	0.07289	0.03098	0.01343	0.00420	0.00622	0.02787	0.09135	0.00950
14	0.02942	0.02902	0.03010	0.02682	0.03255	0.15639	0.07455	0.08913	0.10742	0.03872	0.03892	0.06442	0.03673	0.01923	0.01281	0.00403	0.01385	0.17318	0.00895	0.01376
15	0.03174	0.02936	0.03224	0.02691	0.03421	0.08880	0.07405	0.12423	0.33052	0.04737	0.03698	0.03585	0.02772	0.01391	0.01149	0.00364	0.01190	0.01177	0.01012	0.01718
16	0.02493	0.02045	0.03298	0.45117	0.06647	0.02516	0.02883	0.03149	0.02298	0.08621	0.02214	0.03031	0.01642	0.01253	0.01424	0.00386	0.08046	0.01013	0.00600	0.01323
17	0.02334	0.02001	0.02334	0.01667	0.02667	0.01500	0.01334	0.02834	0.02334	0.03668	0.02001	0.02334	0.01667	0.00834	0.00834	0.00167	0.00834	0.00667	0.00667	0.67325
18	0.02232	0.02006	0.02950	0.37313	0.05839	0.02408	0.02549	0.03566	0.14664	0.03525	0.08550	0.03929	0.03044	0.01362	0.01154	0.00374	0.01235	0.01189	0.00747	0.01361
19	0.02385	0.04996	0.40904	0.03905	0.10996	0.02658	0.11192	0.03557	0.02443	0.03585	0.02072	0.02531	0.01514	0.01042	0.01116	0.00357	0.01660	0.00931	0.00500	0.01655
20	0.02257	0.05822	0.54613	0.03208	0.04871	0.02614	0.04158	0.03564	0.02376	0.03564	0.02020	0.02376	0.01426	0.01069	0.01069	0.00356	0.01663	0.00832	0.00475	0.01663
21	0.01889	0.00978	0.01448	0.01478	0.01485	0.00970	0.00985	0.01478	0.01544	0.02058	0.02432	0.09743	0.02572	0.03867	0.04066	0.59751	0.00941	0.01227	0.00551	0.00537
22	0.03328	0.02089	0.02850	0.14415	0.07767	0.02202	0.02150	0.09908	0.09010	0.19153	0.03792	0.08622	0.03060	0.01620	0.01187	0.00378	0.01113	0.04740	0.01017	0.01598
23	0.04409	0.02595	0.09163	0.02299	0.03204	0.02145	0.02086	0.10671	0.03266	0.37996	0.03692	0.03403	0.02407	0.01392	0.01321	0.00359	0.05515	0.01069	0.01177	0.01831
24	0.02626	0.33275	0.10449	0.02275	0.03000	0.03607	0.02223	0.03087	0.02257	0.02979	0.07353	0.02778	0.02481	0.01378	0.01575	0.00330	0.15500	0.00885	0.00569	0.01374
25	0.01527	0.01148	0.01413	0.01347	0.01641	0.01034	0.01010	0.01997	0.03031	0.04145	0.42456	0.09015	0.21224	0.02439	0.01328	0.00361	0.00541	0.02121	0.01190	0.01034
26	0.07978	0.02101	0.02825	0.02324	0.03019	0.02128	0.07168	0.07872	0.13477	0.18468	0.10220	0.05165	0.04034	0.01650	0.01198	0.00378	0.01023	0.06275	0.01114	0.01583
27	0.17238	0.02213	0.02655	0.08483	0.03418	0.02276	0.01830	0.13147	0.03241	0.29451	0.03252	0.03119	0.02157	0.01284	0.01043	0.00349	0.01057	0.00990	0.01099	0.01699
28	0.02337	0.02308	0.04097	0.38029	0.06723	0.02622	0.14541	0.03419	0.08059	0.03271	0.02369	0.03149	0.01777	0.01128	0.01178	0.00377	0.01529	0.01114	0.00592	0.01379
29	0.02017	0.01808	0.02594	0.02358	0.02462	0.02384	0.01912	0.02344	0.01768	0.02659	0.02279	0.03483	0.02174	0.05342	0.30944	0.01179	0.29529	0.01100	0.00550	0.01113
30	0.10727	0.02176	0.03296	0.23961	0.17822	0.02337	0.02622	0.03731	0.02536	0.16191	0.02592	0.03016	0.01863	0.01151	0.01074	0.00355	0.01249	0.00988	0.00761	0.01552
31	0.04444	0.02120	0.02657	0.02101	0.02888	0.02031	0.01707	0.16110	0.03620	0.36642	0.04203	0.09824	0.03091	0.01622	0.01165	0.00358	0.00994	0.01334	0.01287	0.01803
32	0.01395	0.01021	0.01311	0.01495	0.01625	0.00937	0.01024	0.01644	0.02337	0.03103	0.12789	0.47161	0.13442	0.03287	0.01410	0.00434	0.00627	0.02950	0.01070	0.00937
33	0.02506	0.03505	0.21674	0.16475	0.04785	0.02554	0.02956	0.10714	0.08472	0.04003	0.02890	0.09235	0.02431	0.01457	0.01142	0.00372	0.01352	0.01220	0.00726	0.01529
34	0.19302	0.03054	0.04845	0.03887	0.08356	0.08714	0.28447	0.03619	0.02524	0.03877	0.02027	0.02601	0.01562	0.01001	0.01118	0.00358	0.01612	0.01055	0.00601	0.01440
35	0.01759	0.01376	0.01754	0.01707	0.01724	0.01585	0.01180	0.01864	0.01786	0.02476	0.03739	0.19353	0.04334	0.32833	0.04189	0.00796	0.14070	0.01879	0.00730	0.00866
36	0.04107	0.03067	0.03281	0.02555	0.03425	0.03410	0.02098	0.44597	0.10646	0.06816	0.02920	0.02876	0.02091	0.01372	0.01128	0.00343	0.01198	0.01043	0.01128	0.01899
37	0.10960	0.02596	0.03920	0.11594	0.35454	0.02740	0.02974	0.09264	0.02795	0.04188	0.02111	0.02682	0.01697	0.01067	0.01066	0.00341	0.01286	0.00956	0.00640	0.01668
38	0.02553	0.27542	0.35479	0.02704	0.04093	0.03336	0.03282	0.03488	0.02341	0.03205	0.01841	0.02152	0.01433	0.01028	0.00933	0.00311	0.01483	0.00741	0.00478	0.01577
39	0.02734	0.40852	0.23755	0.02396	0.03616	0.03779	0.02744	0.03441	0.02320	0.02984	0.01732	0.02015	0.01438	0.01002	0.00849	0.00283	0.01372	0.00686	0.00479	0.01525
40	0.05050	0.01915	0.02612	0.02003	0.02873	0.01654	0.01654	0.05485	0.03221	0.54203	0.04440	0.03831	0.02786	0.01393	0.01132	0.00348	0.00958	0.01132	0.01393	0.01915
41	0.02126	0.02001	0.03376	0.57739	0.07752	0.02501	0.03126	0.02876	0.02251	0.02876	0.02001	0.03001	0.01500	0.01125	0.01125	0.00375	0.01500	0.01000	0.00500	0.01250
42	0.09492	0.01660	0.02685	0.02307	0.02755	0.01600	0.13144	0.02328	0.02367	0.03453	0.08807	0.30899	0.09080	0.02442	0.01307	0.00411	0.00974	0.02273	0.00901	0.01115
43	0.26353	0.02592	0.04371	0.03245	0.04193	0.02585	0.26348	0.03731	0.02462	0.10336	0.02290	0.02704	0.01666	0.01038	0.01079	0.00365	0.01417	0.01048	0.00716	0.01460
