[name]
unknown

[dist]
# distance from previous block
# <min> <max>
0	244

[block]
# block no. 0 follows, 12 sequences, length 58
# corresponding to MSA columns:
# 300-357
name=unknown_A
#
# <colnr> <probs for GDERKNQSTAVLIFYWHMCP>
#	G	D	E	R	K	N	Q	S	T	A	V	L	I	F	Y	W	H	M	C	P
0	0.01523	0.01125	0.01462	0.01637	0.01856	0.01063	0.01299	0.01890	0.02428	0.03151	0.10823	0.25893	0.16229	0.03018	0.01412	0.00446	0.00767	0.21998	0.01024	0.00955
1	0.01445	0.01039	0.01370	0.01439	0.01607	0.00963	0.01021	0.01811	0.02630	0.03646	0.32236	0.32283	0.08882	0.02771	0.01334	0.00389	0.00568	0.02487	0.01114	0.00963
2	0.69383	0.02109	0.01603	0.01434	0.02109	0.02446	0.01181	0.03205	0.01856	0.04892	0.01518	0.01771	0.01181	0.01012	0.00675	0.00337	0.00843	0.00590	0.00675	0.01181
3	0.01543	0.01115	0.01457	0.01372	0.01629	0.01029	0.01029	0.02058	0.03086	0.04372	0.54304	0.08145	0.10288	0.02229	0.01286	0.00343	0.00514	0.01972	0.01200	0.01029
4	0.01328	0.00949	0.01265	0.01518	0.01581	0.00886	0.01012	0.01518	0.02088	0.02783	0.06010	0.60969	0.07212	0.03416	0.01392	0.00443	0.00633	0.03100	0.01012	0.00886
5	0.02712	0.02342	0.02465	0.02219	0.02835	0.02712	0.01726	0.05794	0.52909	0.04561	0.04438	0.04068	0.03328	0.01479	0.01109	0.00370	0.00863	0.01233	0.01109	0.01726
6	0.02286	0.02183	0.03619	0.37081	0.20955	0.02579	0.03047	0.02933	0.02210	0.02996	0.01913	0.02785	0.01532	0.01150	0.01376	0.00365	0.08162	0.00968	0.00500	0.01361
7	0.39158	0.02409	0.02292	0.01867	0.02631	0.02674	0.01541	0.20197	0.03143	0.11469	0.02224	0.02291	0.01592	0.01155	0.00869	0.00334	0.00977	0.00786	0.00898	0.01494
8	0.26220	0.01584	0.01645	0.01553	0.02043	0.01634	0.01272	0.02817	0.02443	0.10069	0.13277	0.06552	0.11693	0.01931	0.01091	0.00377	0.00787	0.10891	0.00962	0.01158
9	0.01328	0.00949	0.01265	0.01518	0.01581	0.00886	0.01012	0.01518	0.02088	0.02783	0.06010	0.60969	0.07212	0.03416	0.01392	0.00443	0.00633	0.03100	0.01012	0.00886
10	0.02915	0.62337	0.05714	0.01866	0.02799	0.04314	0.01866	0.03265	0.02215	0.02565	0.01516	0.01749	0.01399	0.00933	0.00700	0.00233	0.01166	0.00583	0.00466	0.01399
11	0.03444	0.36227	0.04515	0.02297	0.03060	0.28527	0.01976	0.03763	0.02615	0.02612	0.01593	0.01848	0.01402	0.01020	0.00829	0.00255	0.01532	0.00638	0.00510	0.01337
12	0.69383	0.02109	0.01603	0.01434	0.02109	0.02446	0.01181	0.03205	0.01856	0.04892	0.01518	0.01771	0.01181	0.01012	0.00675	0.00337	0.00843	0.00590	0.00675	0.01181
13	0.02059	0.01938	0.03270	0.59060	0.07510	0.02422	0.03028	0.02786	0.02180	0.02786	0.01938	0.02907	0.01453	0.01090	0.01090	0.00363	0.01453	0.00969	0.00484	0.01211
14	0.69383	0.02109	0.01603	0.01434	0.02109	0.02446	0.01181	0.03205	0.01856	0.04892	0.01518	0.01771	0.01181	0.01012	0.00675	0.00337	0.00843	0.00590	0.00675	0.01181
15	0.01953	0.01410	0.01691	0.01707	0.01939	0.01435	0.01214	0.12216	0.02704	0.03613	0.05088	0.44395	0.05817	0.07320	0.01638	0.00464	0.00786	0.02531	0.01003	0.01077
16	0.04892	0.01856	0.02530	0.01940	0.02783	0.01603	0.01603	0.05314	0.03121	0.55634	0.04302	0.03711	0.02699	0.01350	0.01096	0.00337	0.00928	0.01096	0.01350	0.01856
17	0.02059	0.01938	0.03270	0.59060	0.07510	0.02422	0.03028	0.02786	0.02180	0.02786	0.01938	0.02907	0.01453	0.01090	0.01090	0.00363	0.01453	0.00969	0.00484	0.01211
18	0.20176	0.02566	0.02707	0.02125	0.02943	0.02771	0.01754	0.29681	0.03900	0.16876	0.02712	0.02647	0.01872	0.01245	0.00991	0.00332	0.01055	0.00911	0.01045	0.01691
19	0.19148	0.02709	0.03340	0.10624	0.25541	0.08045	0.02514	0.08838	0.02658	0.04087	0.01937	0.02415	0.01545	0.01049	0.00974	0.00328	0.01259	0.00853	0.00632	0.01503
20	0.01543	0.01115	0.01457	0.01372	0.01629	0.01029	0.01029	0.02058	0.03086	0.04372	0.54304	0.08145	0.10288	0.02229	0.01286	0.00343	0.00514	0.01972	0.01200	0.01029
21	0.01586	0.01057	0.01189	0.01189	0.01189	0.01057	0.00661	0.01586	0.01586	0.02114	0.03436	0.07135	0.03964	0.61681	0.05550	0.01057	0.01057	0.01586	0.00661	0.00661
22	0.02481	0.02338	0.03803	0.24099	0.32627	0.02547	0.03049	0.03438	0.08229	0.03412	0.02289	0.02929	0.01819	0.01071	0.01087	0.00343	0.01299	0.01001	0.00587	0.01550
23	0.02294	0.02233	0.03093	0.02671	0.02671	0.03078	0.02188	0.02505	0.01660	0.02566	0.01661	0.02930	0.01722	0.08762	0.03804	0.00544	0.52963	0.01027	0.00498	0.01132
24	0.20701	0.02456	0.03363	0.04201	0.26468	0.02760	0.02476	0.06844	0.02357	0.03989	0.01829	0.02381	0.01532	0.01193	0.01464	0.00358	0.12672	0.00866	0.00606	0.01485
25	0.02385	0.02385	0.03340	0.02863	0.02863	0.03340	0.02385	0.02624	0.01670	0.02624	0.01431	0.02385	0.01431	0.01908	0.03578	0.00477	0.59685	0.00954	0.00477	0.01193
26	0.02187	0.05640	0.56031	0.03108	0.04719	0.02532	0.04029	0.03453	0.02302	0.03453	0.01957	0.02302	0.01381	0.01036	0.01036	0.00345	0.01611	0.00806	0.00460	0.01611
27	0.02203	0.02849	0.17227	0.02461	0.03258	0.01992	0.07851	0.10035	0.02856	0.03918	0.09853	0.14342	0.08165	0.01924	0.01227	0.00378	0.01144	0.06145	0.00840	0.01332
28	0.03106	0.08318	0.27292	0.02574	0.03746	0.02597	0.02803	0.09708	0.10105	0.14785	0.02846	0.02845	0.01993	0.01189	0.01040	0.00337	0.01280	0.00932	0.00812	0.01691
29	0.03225	0.02597	0.02754	0.02323	0.03031	0.02952	0.01850	0.22061	0.35807	0.05388	0.03786	0.03549	0.02801	0.01418	0.01103	0.00355	0.00984	0.01143	0.01103	0.01772
30	0.69383	0.02109	0.01603	0.01434	0.02109	0.02446	0.01181	0.03205	0.01856	0.04892	0.01518	0.01771	0.01181	0.01012	0.00675	0.00337	0.00843	0.00590	0.00675	0.01181
31	0.02059	0.01938	0.03270	0.59060	0.07510	0.02422	0.03028	0.02786	0.02180	0.02786	0.01938	0.02907	0.01453	0.01090	0.01090	0.00363	0.01453	0.00969	0.00484	0.01211
32	0.02876	0.02424	0.02558	0.02252	0.02898	0.02789	0.01766	0.11005	0.47431	0.04826	0.04229	0.03902	0.03159	0.01460	0.01107	0.00365	0.00902	0.01204	0.01107	0.01741
33	0.04145	0.03054	0.03272	0.02509	0.03381	0.03381	0.02072	0.51243	0.05127	0.06872	0.02618	0.02618	0.01854	0.01309	0.01091	0.00327	0.01200	0.00982	0.01091	0.01854
34	0.04292	0.02818	0.03126	0.02397	0.03264	0.03031	0.01980	0.42202	0.04732	0.16471	0.02949	0.02833	0.02021	0.01317	0.01092	0.00329	0.01146	0.01004	0.01142	0.01855
35	0.01318	0.01106	0.01145	0.01135	0.01491	0.00933	0.00851	0.01621	0.02554	0.03109	0.16005	0.10224	0.49375	0.02700	0.01288	0.00365	0.00548	0.02263	0.01034	0.00933
36	0.39573	0.02541	0.02366	0.01925	0.02690	0.02873	0.01588	0.25156	0.03350	0.05797	0.02021	0.02158	0.01489	0.01148	0.00865	0.00333	0.01006	0.00769	0.00865	0.01489
37	0.02840	0.02900	0.05532	0.04024	0.05042	0.02853	0.38180	0.11412	0.07969	0.04143	0.02493	0.03001	0.01852	0.01037	0.01238	0.00361	0.01639	0.01232	0.00694	0.01558
38	0.02471	0.02639	0.04754	0.03654	0.04158	0.03074	0.24563	0.03021	0.02083	0.03021	0.01785	0.02639	0.01533	0.01456	0.02531	0.00427	0.33252	0.01106	0.00511	0.01320
39	0.02364	0.02084	0.02027	0.01820	0.02336	0.06265	0.01409	0.09078	0.20487	0.04106	0.11990	0.06402	0.21298	0.01956	0.01179	0.00354	0.00842	0.01612	0.01042	0.01349
40	0.01432	0.01059	0.01361	0.01564	0.01736	0.00989	0.01169	0.01720	0.02276	0.02940	0.06946	0.38306	0.16328	0.03181	0.01401	0.00443	0.00713	0.14500	0.01010	0.00923
41	0.32808	0.01515	0.01284	0.01207	0.01653	0.01670	0.00953	0.02844	0.02090	0.04443	0.02625	0.03017	0.02057	0.01152	0.00722	0.00292	0.00661	0.00822	0.37091	0.01091
42	0.01446	0.00998	0.01230	0.01368	0.01402	0.00964	0.00852	0.01549	0.01858	0.02478	0.04833	0.36370	0.05728	0.30040	0.03292	0.00724	0.00827	0.02408	0.00852	0.00783
43	0.08654	0.34956	0.04190	0.01887	0.02744	0.03260	0.01725	0.04077	0.07458	0.17613	0.02575	0.02523	0.01932	0.01108	0.00848	0.00284	0.01045	0.00790	0.00791	0.01541
44	0.03845	0.02439	0.02792	0.02157	0.03009	0.02464	0.01762	0.24568	0.09532	0.19463	0.03168	0.03021	0.02213	0.01249	0.01043	0.00305	0.01015	0.00981	0.01084	0.13890
45	0.03000	0.24908	0.04380	0.11192	0.14524	0.03288	0.02388	0.08887	0.02631	0.07386	0.02024	0.02416	0.01631	0.01116	0.01137	0.00309	0.05809	0.00835	0.00626	0.01513
46	0.69383	0.02109	0.01603	0.01434	0.02109	0.02446	0.01181	0.03205	0.01856	0.04892	0.01518	0.01771	0.01181	0.01012	0.00675	0.00337	0.00843	0.00590	0.00675	0.01181
47	0.12129	0.07697	0.07370	0.02816	0.08268	0.10944	0.02207	0.16943	0.08972	0.04485	0.02265	0.02479	0.01754	0.01225	0.01178	0.00332	0.05755	0.00871	0.00763	0.01547
48	0.01409	0.01102	0.01234	0.01205	0.01493	0.00973	0.00877	0.01734	0.02585	0.03333	0.24835	0.09307	0.33607	0.09416	0.01782	0.00440	0.00598	0.02106	0.01035	0.00927
49	0.01851	0.01237	0.01518	0.01562	0.01831	0.01183	0.01124	0.02436	0.08163	0.08378	0.10441	0.36303	0.14179	0.02786	0.01305	0.00404	0.00666	0.02466	0.01072	0.01095
50	0.04073	0.05197	0.03090	0.02809	0.03371	0.57303	0.02107	0.04354	0.03090	0.02669	0.01685	0.01966	0.01404	0.01124	0.00983	0.00281	0.01966	0.00702	0.00562	0.01264
51	0.02295	0.34386	0.03904	0.01814	0.02409	0.02966	0.01636	0.02663	0.02004	0.02550	0.02158	0.02907	0.02005	0.04243	0.26590	0.00927	0.01968	0.00850	0.00520	0.01205
52	0.08813	0.02508	0.03098	0.02448	0.03148	0.06156	0.06668	0.11056	0.06143	0.20006	0.02819	0.02904	0.02019	0.01317	0.01454	0.00347	0.10611	0.00984	0.00917	0.06582
53	0.02860	0.08712	0.03163	0.02444	0.03002	0.15665	0.07404	0.12080	0.03005	0.03623	0.03413	0.19670	0.03500	0.01896	0.01162	0.00356	0.01282	0.04664	0.00809	0.01288
54	0.02185	0.01830	0.07100	0.01634	0.02149	0.01398	0.01337	0.02522	0.02016	0.08781	0.02964	0.04747	0.02848	0.27743	0.09449	0.00767	0.01253	0.01175	0.00707	0.17394
55	0.02297	0.14436	0.12371	0.34769	0.09771	0.02824	0.02986	0.03031	0.02230	0.02910	0.01867	0.02566	0.01452	0.01041	0.01004	0.00332	0.01410	0.00867	0.00481	0.01352
56	0.02132	0.01761	0.01976	0.01760	0.02270	0.01826	0.01357	0.03778	0.25329	0.04253	0.22503	0.05811	0.09545	0.01768	0.01151	0.00336	0.00708	0.01511	0.01081	0.09143
57	0.02658	0.02381	0.04123	0.28931	0.05844	0.02647	0.16336	0.08760	0.02655	0.06905	0.02208	0.02895	0.01637	0.01148	0.01341	0.00368	0.06066	0.01068	0.00630	0.01400

[dist]
# distance from previous block
# <min> <max>
0	5

[block]
# block no. 1 follows, 12 sequences, length 48
# corresponding to MSA columns:
# 363-410
name=unknown_B
#
# <colnr> <probs for GDERKNQSTAVLIFYWHMCP>
#	G	D	E	R	K	N	Q	S	T	A	V	L	I	F	Y	W	H	M	C	P
0	0.02670	0.02291	0.02889	0.23951	0.04698	0.02698	0.02273	0.11208	0.26652	0.04217	0.03221	0.03416	0.02400	0.01306	0.01099	0.00361	0.01137	0.01096	0.00868	0.01548
1	0.02231	0.01085	0.01388	0.01321	0.01529	0.01042	0.00951	0.02242	0.01982	0.08768	0.03429	0.04167	0.06376	0.02600	0.02515	0.32810	0.00769	0.01092	0.22859	0.00844
2	0.03748	0.08400	0.08056	0.02383	0.03237	0.02957	0.02122	0.25284	0.08573	0.15682	0.02897	0.02858	0.02057	0.01316	0.01224	0.00337	0.05174	0.00975	0.00989	0.01733
3	0.02532	0.23306	0.25808	0.03120	0.04369	0.03174	0.16443	0.03403	0.02350	0.03176	0.01883	0.02301	0.01463	0.00970	0.00997	0.00315	0.01530	0.00868	0.00488	0.01503
4	0.01429	0.01138	0.01442	0.01442	0.01720	0.01151	0.01107	0.01764	0.02103	0.02729	0.06807	0.07254	0.27461	0.05587	0.30539	0.01090	0.01788	0.01710	0.00789	0.00948
5	0.01503	0.01102	0.01301	0.01251	0.01545	0.00992	0.00938	0.01938	0.02815	0.03873	0.35395	0.08552	0.24210	0.02318	0.01239	0.00343	0.00526	0.01994	0.07171	0.00992
6	0.04091	0.02585	0.08475	0.02567	0.07164	0.02217	0.02095	0.13691	0.07982	0.32098	0.03572	0.03310	0.02383	0.01291	0.01089	0.00338	0.01074	0.01047	0.01121	0.01807
7	0.03063	0.02168	0.03619	0.24831	0.18717	0.02264	0.06445	0.03698	0.02555	0.17832	0.02650	0.03079	0.01891	0.01118	0.01104	0.00346	0.01294	0.01030	0.00746	0.01550
8	0.04554	0.02398	0.02866	0.02197	0.03054	0.02407	0.01815	0.26097	0.04028	0.33569	0.03540	0.03216	0.02317	0.01331	0.01094	0.00333	0.01051	0.01045	0.01232	0.01855
9	0.04349	0.02726	0.03069	0.02353	0.03218	0.02895	0.01944	0.38678	0.04578	0.20212	0.03078	0.02917	0.02085	0.01320	0.01092	0.00330	0.01125	0.01013	0.01162	0.01855
10	0.02699	0.02591	0.04426	0.06693	0.54879	0.02591	0.03346	0.03346	0.02483	0.03562	0.02051	0.02699	0.01727	0.00972	0.01079	0.00324	0.01295	0.00972	0.00540	0.01727
11	0.01514	0.01113	0.01418	0.01342	0.01611	0.01017	0.01006	0.02002	0.03018	0.04211	0.49414	0.08410	0.15278	0.02289	0.01286	0.00346	0.00519	0.02009	0.01179	0.01017
12	0.01382	0.01106	0.01241	0.01255	0.01569	0.00966	0.00949	0.01723	0.02601	0.03291	0.20520	0.13536	0.37640	0.02698	0.01309	0.00376	0.00579	0.05253	0.01056	0.00949
13	0.02742	0.02434	0.02877	0.02489	0.02903	0.03017	0.02008	0.09424	0.28765	0.04084	0.03125	0.03288	0.02466	0.01621	0.02027	0.00405	0.22809	0.01102	0.00872	0.01541
14	0.01451	0.01001	0.01229	0.01361	0.01394	0.00968	0.00844	0.01550	0.01847	0.02463	0.04778	0.35218	0.05658	0.31286	0.03381	0.00737	0.00836	0.02375	0.00844	0.00778
15	0.02788	0.02042	0.02326	0.01916	0.02467	0.02154	0.01528	0.25585	0.04062	0.05568	0.29580	0.05501	0.06254	0.01789	0.01193	0.00335	0.00842	0.01498	0.01148	0.01424
16	0.02915	0.62337	0.05714	0.01866	0.02799	0.04314	0.01866	0.03265	0.02215	0.02565	0.01516	0.01749	0.01399	0.00933	0.00700	0.00233	0.01166	0.00583	0.00466	0.01399
17	0.01328	0.00949	0.01265	0.01518	0.01581	0.00886	0.01012	0.01518	0.02088	0.02783	0.06010	0.60969	0.07212	0.03416	0.01392	0.00443	0.00633	0.03100	0.01012	0.00886
18	0.03801	0.01535	0.01953	0.01587	0.02206	0.01379	0.01282	0.04256	0.02802	0.35955	0.04017	0.03846	0.02736	0.01319	0.00969	0.00306	0.00768	0.01066	0.26682	0.01535
19	0.69383	0.02109	0.01603	0.01434	0.02109	0.02446	0.01181	0.03205	0.01856	0.04892	0.01518	0.01771	0.01181	0.01012	0.00675	0.00337	0.00843	0.00590	0.00675	0.01181
20	0.02385	0.02385	0.03340	0.02863	0.02863	0.03340	0.02385	0.02624	0.01670	0.02624	0.01431	0.02385	0.01431	0.01908	0.03578	0.00477	0.59685	0.00954	0.00477	0.01193
21	0.02246	0.05267	0.49977	0.03007	0.04506	0.02553	0.03768	0.03718	0.08022	0.03578	0.02237	0.02502	0.01601	0.01086	0.01044	0.00348	0.01527	0.00854	0.00534	0.01624
22	0.02391	0.02276	0.03869	0.31912	0.32067	0.02510	0.03193	0.03076	0.02337	0.03188	0.01997	0.02799	0.01595	0.01029	0.01085	0.00343	0.01372	0.00970	0.00513	0.01479
23	0.01558	0.01168	0.01752	0.01752	0.01947	0.01363	0.01363	0.01947	0.01752	0.02531	0.02921	0.04283	0.02726	0.08178	0.57360	0.01752	0.02921	0.01168	0.00584	0.00974
24	0.01463	0.01005	0.01226	0.01347	0.01377	0.00975	0.00829	0.01553	0.01826	0.02434	0.04667	0.32886	0.05517	0.33810	0.03561	0.00763	0.00854	0.02310	0.00829	0.00768
25	0.02351	0.02236	0.03797	0.35180	0.29111	0.02499	0.03173	0.03041	0.02318	0.03140	0.01989	0.02812	0.01578	0.01036	0.01085	0.00345	0.01381	0.00970	0.00510	0.01446
26	0.02712	0.02342	0.02465	0.02219	0.02835	0.02712	0.01726	0.05794	0.52909	0.04561	0.04438	0.04068	0.03328	0.01479	0.01109	0.00370	0.00863	0.01233	0.01109	0.01726
27	0.02712	0.02342	0.02465	0.02219	0.02835	0.02712	0.01726	0.05794	0.52909	0.04561	0.04438	0.04068	0.03328	0.01479	0.01109	0.00370	0.00863	0.01233	0.01109	0.01726
28	0.03347	0.01536	0.02108	0.01921	0.02461	0.01397	0.01598	0.03774	0.02784	0.30532	0.05031	0.12971	0.04509	0.02188	0.01280	0.00410	0.00925	0.18608	0.01185	0.01436
29	0.02209	0.01819	0.02438	0.02173	0.02379	0.02291	0.01760	0.07834	0.02160	0.03219	0.02399	0.03365	0.02152	0.04335	0.24976	0.00958	0.23615	0.01051	0.07709	0.01159
30	0.69383	0.02109	0.01603	0.01434	0.02109	0.02446	0.01181	0.03205	0.01856	0.04892	0.01518	0.01771	0.01181	0.01012	0.00675	0.00337	0.00843	0.00590	0.00675	0.01181
31	0.01381	0.01022	0.01298	0.01473	0.01628	0.00940	0.01048	0.01645	0.02293	0.03005	0.11390	0.42118	0.16260	0.03146	0.01373	0.00425	0.00641	0.06968	0.01029	0.00916
32	0.03322	0.02206	0.02484	0.02141	0.02821	0.02402	0.01691	0.05660	0.38982	0.18848	0.04400	0.03968	0.03152	0.01443	0.01106	0.00361	0.00881	0.01195	0.01177	0.01762
33	0.56495	0.02185	0.01865	0.01595	0.02306	0.02467	0.01314	0.08485	0.02319	0.09808	0.01893	0.02041	0.01393	0.01075	0.00758	0.00336	0.00889	0.00679	0.00781	0.01315
34	0.02568	0.02247	0.02865	0.02436	0.02705	0.02821	0.01992	0.11720	0.07321	0.03936	0.12638	0.03750	0.03478	0.01824	0.02430	0.00413	0.31539	0.01191	0.00795	0.01330
35	0.01553	0.01170	0.01772	0.01796	0.01993	0.01106	0.05864	0.01868	0.02184	0.03020	0.05366	0.46012	0.06143	0.02920	0.01323	0.00420	0.00761	0.05736	0.08029	0.00964
36	0.02261	0.01938	0.02261	0.01615	0.02584	0.01453	0.01292	0.02745	0.02261	0.03553	0.01938	0.02261	0.01615	0.00807	0.00807	0.00161	0.00807	0.00646	0.00646	0.68346
37	0.02915	0.62337	0.05714	0.01866	0.02799	0.04314	0.01866	0.03265	0.02215	0.02565	0.01516	0.01749	0.01399	0.00933	0.00700	0.00233	0.01166	0.00583	0.00466	0.01399
38	0.01568	0.01127	0.01543	0.01543	0.01665	0.01249	0.01101	0.01812	0.01690	0.02376	0.03112	0.05346	0.03187	0.28107	0.38061	0.01493	0.02226	0.01324	0.00613	0.00857
39	0.11131	0.01880	0.02441	0.01891	0.02718	0.01684	0.01562	0.05110	0.02998	0.50725	0.04032	0.03524	0.02552	0.01317	0.01056	0.00337	0.00920	0.01048	0.01284	0.01790
40	0.02146	0.01169	0.01452	0.01505	0.01790	0.01129	0.01197	0.02584	0.02410	0.09423	0.04744	0.16870	0.04620	0.02186	0.01135	0.00371	0.00725	0.15147	0.28312	0.01084
41	0.01473	0.01053	0.01425	0.01639	0.01776	0.01005	0.01222	0.01786	0.02319	0.03097	0.11402	0.41384	0.07297	0.03169	0.01412	0.00448	0.00723	0.15404	0.01031	0.00935
42	0.01576	0.01083	0.01190	0.01163	0.01465	0.00981	0.00872	0.01991	0.02617	0.03703	0.22432	0.07963	0.26232	0.02178	0.01141	0.00328	0.00528	0.01839	0.19735	0.00981
43	0.01514	0.01113	0.01418	0.01342	0.01611	0.01017	0.01006	0.02002	0.03018	0.04211	0.49414	0.08410	0.15278	0.02289	0.01286	0.00346	0.00519	0.02009	0.01179	0.01017
44	0.37588	0.30918	0.03569	0.01640	0.02439	0.03340	0.01508	0.03234	0.02028	0.03779	0.01517	0.01761	0.01285	0.00974	0.00687	0.00288	0.00998	0.00587	0.00575	0.01285
45	0.04744	0.02094	0.02678	0.02053	0.02902	0.01956	0.01696	0.14436	0.03519	0.45950	0.03967	0.03494	0.02531	0.01341	0.01095	0.00335	0.00982	0.01074	0.01298	0.01855
46	0.04073	0.05197	0.03090	0.02809	0.03371	0.57303	0.02107	0.04354	0.03090	0.02669	0.01685	0.01966	0.01404	0.01124	0.00983	0.00281	0.01966	0.00702	0.00562	0.01264
47	0.02709	0.01736	0.02680	0.29281	0.04906	0.01903	0.02325	0.03297	0.02509	0.16516	0.03560	0.05596	0.03048	0.01665	0.01202	0.00393	0.01199	0.13308	0.00844	0.01322

[dist]
# distance from previous block
# <min> <max>
0	1

[block]
# block no. 2 follows, 12 sequences, length 48
# corresponding to MSA columns:
# 412-459
name=unknown_C
#
# <colnr> <probs for GDERKNQSTAVLIFYWHMCP>
#	G	D	E	R	K	N	Q	S	T	A	V	L	I	F	Y	W	H	M	C	P
0	0.69383	0.02109	0.01603	0.01434	0.02109	0.02446	0.01181	0.03205	0.01856	0.04892	0.01518	0.01771	0.01181	0.01012	0.00675	0.00337	0.00843	0.00590	0.00675	0.01181
1	0.01454	0.01111	0.01333	0.01278	0.01574	0.00991	0.00958	0.01884	0.02875	0.03870	0.39078	0.08971	0.25827	0.02416	0.01287	0.00352	0.00528	0.02088	0.01134	0.00991
2	0.01472	0.01112	0.01359	0.01297	0.01585	0.00999	0.00973	0.01920	0.02918	0.03973	0.42208	0.08801	0.22633	0.02378	0.01287	0.00350	0.00525	0.02064	0.01148	0.00999
3	0.69383	0.02109	0.01603	0.01434	0.02109	0.02446	0.01181	0.03205	0.01856	0.04892	0.01518	0.01771	0.01181	0.01012	0.00675	0.00337	0.00843	0.00590	0.00675	0.01181
4	0.01757	0.01255	0.01757	0.02008	0.02259	0.01255	0.01757	0.02259	0.02510	0.03263	0.05773	0.12299	0.06275	0.03012	0.01506	0.00502	0.01004	0.47540	0.01004	0.01004
5	0.02186	0.01483	0.01567	0.01511	0.01871	0.01607	0.01139	0.03577	0.20405	0.04080	0.04185	0.11307	0.03548	0.01618	0.00967	0.00320	0.00651	0.01359	0.35365	0.01254
6	0.02640	0.02531	0.04320	0.11476	0.50552	0.02575	0.03317	0.03295	0.02455	0.03491	0.02041	0.02718	0.01702	0.00982	0.01080	0.00327	0.01310	0.00971	0.00535	0.01680
7	0.02187	0.05640	0.56031	0.03108	0.04719	0.02532	0.04029	0.03453	0.02302	0.03453	0.01957	0.02302	0.01381	0.01036	0.01036	0.00345	0.01611	0.00806	0.00460	0.01611
8	0.02385	0.02385	0.03340	0.02863	0.02863	0.03340	0.02385	0.02624	0.01670	0.02624	0.01431	0.02385	0.01431	0.01908	0.03578	0.00477	0.59685	0.00954	0.00477	0.01193
9	0.01362	0.00973	0.01303	0.01556	0.01634	0.00914	0.01070	0.01576	0.02120	0.02821	0.05991	0.57184	0.07139	0.03385	0.01401	0.00447	0.00661	0.06556	0.01012	0.00895
10	0.46001	0.02447	0.02201	0.01819	0.02565	0.02781	0.01500	0.20422	0.03028	0.05602	0.01912	0.02075	0.01422	0.01119	0.00824	0.00334	0.00971	0.00731	0.00824	0.01422
11	0.01420	0.01110	0.01286	0.01242	0.01553	0.00976	0.00931	0.01818	0.02794	0.03679	0.33296	0.09285	0.31729	0.02488	0.01287	0.00355	0.00533	0.02132	0.01109	0.00976
12	0.03305	0.01519	0.02074	0.01849	0.02389	0.01373	0.01520	0.03740	0.02860	0.30299	0.11212	0.11623	0.05029	0.02093	0.01257	0.00392	0.00870	0.13955	0.01207	0.01435
13	0.01328	0.00949	0.01265	0.01518	0.01581	0.00886	0.01012	0.01518	0.02088	0.02783	0.06010	0.60969	0.07212	0.03416	0.01392	0.00443	0.00633	0.03100	0.01012	0.00886
14	0.36212	0.01978	0.02080	0.01694	0.02456	0.02012	0.01398	0.04290	0.02506	0.30991	0.02950	0.02769	0.01962	0.01186	0.00892	0.00337	0.00887	0.00851	0.01022	0.01528
15	0.01328	0.00949	0.01265	0.01518	0.01581	0.00886	0.01012	0.01518	0.02088	0.02783	0.06010	0.60969	0.07212	0.03416	0.01392	0.00443	0.00633	0.03100	0.01012	0.00886
16	0.02686	0.02626	0.04628	0.06482	0.49934	0.02607	0.08130	0.03361	0.02492	0.03555	0.02067	0.02723	0.01720	0.00966	0.01100	0.00328	0.01350	0.01003	0.00541	0.01701
17	0.01485	0.01112	0.01377	0.01311	0.01593	0.01004	0.00983	0.01945	0.02949	0.04047	0.44450	0.08680	0.20345	0.02350	0.01287	0.00349	0.00523	0.02047	0.01158	0.01004
18	0.02261	0.01938	0.02261	0.01615	0.02584	0.01453	0.01292	0.02745	0.02261	0.03553	0.01938	0.02261	0.01615	0.00807	0.00807	0.00161	0.00807	0.00646	0.00646	0.68346
19	0.01681	0.01210	0.01429	0.01368	0.01537	0.01212	0.00920	0.02204	0.07367	0.03295	0.24586	0.07245	0.06517	0.31026	0.03339	0.00692	0.00813	0.01710	0.00929	0.00920
20	0.01553	0.01043	0.01199	0.01231	0.01239	0.01035	0.00705	0.01577	0.01649	0.02199	0.03763	0.13985	0.04377	0.54267	0.05021	0.00979	0.01003	0.01778	0.00705	0.00689
21	0.01565	0.01085	0.01319	0.01278	0.01403	0.01043	0.00839	0.01815	0.02314	0.03211	0.28140	0.07626	0.07035	0.32808	0.03479	0.00710	0.00794	0.01773	0.00923	0.00839
22	0.01563	0.01087	0.01352	0.01315	0.01565	0.01005	0.00975	0.02027	0.02842	0.04064	0.39659	0.12474	0.13098	0.02260	0.01229	0.00343	0.00527	0.01979	0.09632	0.01005
23	0.01503	0.01098	0.01412	0.01365	0.01612	0.01007	0.01012	0.01969	0.02946	0.04112	0.46409	0.13283	0.13433	0.02382	0.01296	0.00354	0.00528	0.02103	0.01168	0.01007
24	0.02712	0.02342	0.02465	0.02219	0.02835	0.02712	0.01726	0.05794	0.52909	0.04561	0.04438	0.04068	0.03328	0.01479	0.01109	0.00370	0.00863	0.01233	0.01109	0.01726
25	0.02699	0.02591	0.04426	0.06693	0.54879	0.02591	0.03346	0.03346	0.02483	0.03562	0.02051	0.02699	0.01727	0.00972	0.01079	0.00324	0.01295	0.00972	0.00540	0.01727
26	0.01471	0.01112	0.01357	0.01296	0.01584	0.00998	0.00972	0.01917	0.02915	0.03966	0.41994	0.08813	0.22851	0.02381	0.01287	0.00350	0.00525	0.02066	0.01147	0.00998
27	0.02915	0.62337	0.05714	0.01866	0.02799	0.04314	0.01866	0.03265	0.02215	0.02565	0.01516	0.01749	0.01399	0.00933	0.00700	0.00233	0.01166	0.00583	0.00466	0.01399
28	0.01507	0.01132	0.01396	0.01538	0.01773	0.01058	0.01208	0.01831	0.02342	0.02964	0.07398	0.19585	0.22691	0.08500	0.01791	0.00498	0.00790	0.20098	0.00976	0.00923
29	0.04278	0.01675	0.02205	0.01742	0.02459	0.01477	0.01422	0.04719	0.02942	0.44566	0.04142	0.03787	0.02720	0.01333	0.01025	0.00319	0.00838	0.01079	0.15598	0.01675
30	0.03335	0.02225	0.02594	0.01928	0.02844	0.02011	0.01571	0.16527	0.03226	0.15539	0.02626	0.02667	0.01911	0.01060	0.00946	0.00244	0.00940	0.00833	0.00917	0.36055
31	0.08747	0.11012	0.21654	0.03049	0.12007	0.02494	0.02700	0.03674	0.02431	0.13202	0.02313	0.02510	0.01689	0.01048	0.00960	0.00309	0.01238	0.00826	0.00675	0.07465
32	0.02314	0.03552	0.22225	0.02950	0.03528	0.03050	0.02974	0.02921	0.01896	0.02921	0.01620	0.02356	0.01413	0.01596	0.02667	0.00430	0.38871	0.00901	0.00471	0.01343
33	0.02358	0.02554	0.01928	0.01837	0.02207	0.21152	0.01362	0.02687	0.02808	0.03196	0.18286	0.13250	0.17953	0.02119	0.01192	0.00340	0.01059	0.01744	0.00900	0.01067
34	0.01915	0.01330	0.01970	0.17172	0.03356	0.01400	0.01671	0.02296	0.02247	0.08133	0.04719	0.36001	0.05132	0.02550	0.01289	0.00415	0.00911	0.05512	0.00903	0.01080
35	0.02896	0.08295	0.04426	0.04555	0.25598	0.07237	0.12947	0.03511	0.02640	0.08019	0.06974	0.03185	0.02520	0.01118	0.01100	0.00324	0.01354	0.01082	0.00669	0.01549
36	0.03556	0.02422	0.03829	0.02928	0.03622	0.02574	0.14422	0.09996	0.02860	0.22385	0.02808	0.03032	0.01996	0.01380	0.01789	0.00380	0.16456	0.01093	0.00887	0.01585
37	0.02981	0.02476	0.02617	0.02273	0.02938	0.02838	0.01791	0.14336	0.43929	0.04995	0.04096	0.03795	0.03051	0.01447	0.01106	0.00362	0.00926	0.01186	0.01106	0.01750
38	0.01458	0.01053	0.01356	0.01477	0.01634	0.00988	0.01062	0.01760	0.02383	0.03200	0.18465	0.31960	0.11609	0.08473	0.01761	0.00476	0.00683	0.08257	0.01026	0.00919
39	0.02742	0.19429	0.21853	0.03163	0.04361	0.02996	0.18550	0.03579	0.02439	0.07791	0.02126	0.02487	0.01590	0.00998	0.01034	0.00322	0.01508	0.00929	0.00569	0.01531
40	0.04028	0.02819	0.02765	0.02283	0.03023	0.12106	0.01820	0.14685	0.16459	0.23005	0.03529	0.03271	0.02460	0.01335	0.01079	0.00334	0.01150	0.01039	0.01095	0.01717
41	0.01376	0.00986	0.01308	0.01486	0.01592	0.00917	0.01016	0.01637	0.02308	0.03135	0.16686	0.49292	0.07892	0.03154	0.01368	0.00421	0.00606	0.02850	0.01054	0.00917
42	0.02897	0.01928	0.02434	0.02454	0.07052	0.01996	0.01815	0.11261	0.12467	0.13308	0.04471	0.13061	0.04114	0.02035	0.01242	0.00397	0.00973	0.13560	0.01060	0.01473
43	0.03058	0.02449	0.03426	0.10456	0.12950	0.02624	0.06822	0.16447	0.12738	0.08321	0.06875	0.03481	0.02756	0.01291	0.01126	0.00345	0.01173	0.01139	0.00896	0.01626
44	0.01425	0.01113	0.01317	0.01439	0.01710	0.01004	0.01121	0.01744	0.02407	0.02998	0.08535	0.21725	0.31246	0.02969	0.01370	0.00421	0.00693	0.14817	0.01010	0.00936
45	0.01328	0.00949	0.01265	0.01518	0.01581	0.00886	0.01012	0.01518	0.02088	0.02783	0.06010	0.60969	0.07212	0.03416	0.01392	0.00443	0.00633	0.03100	0.01012	0.00886
46	0.02643	0.02534	0.04325	0.11269	0.50739	0.02576	0.03318	0.03297	0.02456	0.03494	0.02041	0.02717	0.01703	0.00982	0.01080	0.00327	0.01309	0.00971	0.00535	0.01682
47	0.02411	0.02309	0.03854	0.27262	0.30695	0.02599	0.03122	0.03049	0.02280	0.03157	0.01943	0.02751	0.01588	0.01113	0.01335	0.00355	0.07230	0.00969	0.00511	0.01467

[dist]
# distance from previous block
# <min> <max>
0	3

[block]
# block no. 3 follows, 12 sequences, length 23
# corresponding to MSA columns:
# 463-469,471-486
name=unknown_D
#
# <colnr> <probs for GDERKNQSTAVLIFYWHMCP>
#	G	D	E	R	K	N	Q	S	T	A	V	L	I	F	Y	W	H	M	C	P
0	0.02627	0.02712	0.03613	0.14260	0.18962	0.09651	0.02749	0.03079	0.02177	0.02933	0.01736	0.02520	0.01518	0.01388	0.02071	0.00387	0.24816	0.00931	0.00507	0.01361
1	0.02699	0.02591	0.04426	0.06693	0.54879	0.02591	0.03346	0.03346	0.02483	0.03562	0.02051	0.02699	0.01727	0.00972	0.01079	0.00324	0.01295	0.00972	0.00540	0.01727
2	0.02523	0.02284	0.03397	0.09030	0.28657	0.02432	0.02631	0.03871	0.17237	0.03751	0.03243	0.04412	0.02788	0.01405	0.01147	0.00365	0.01142	0.07332	0.00765	0.01587
3	0.02261	0.01938	0.02261	0.01615	0.02584	0.01453	0.01292	0.02745	0.02261	0.03553	0.01938	0.02261	0.01615	0.00807	0.00807	0.00161	0.00807	0.00646	0.00646	0.68346
4	0.01460	0.01059	0.01172	0.01203	0.01327	0.00993	0.00757	0.01571	0.01930	0.02458	0.06145	0.14872	0.20217	0.35947	0.03696	0.00765	0.00846	0.01998	0.00815	0.00770
5	0.01423	0.01052	0.01345	0.01505	0.01683	0.00974	0.01107	0.01725	0.02367	0.03109	0.13413	0.36305	0.16155	0.03067	0.01378	0.00426	0.00665	0.10334	0.01036	0.00931
6	0.01483	0.01112	0.01374	0.01309	0.01592	0.01003	0.00981	0.01941	0.02944	0.04035	0.44085	0.08700	0.20718	0.02355	0.01287	0.00349	0.00523	0.02050	0.01156	0.01003
7	0.02225	0.02107	0.03570	0.45494	0.19781	0.02466	0.03111	0.02931	0.02259	0.02987	0.01967	0.02853	0.01524	0.01059	0.01087	0.00353	0.01413	0.00970	0.00499	0.01345
8	0.03469	0.21448	0.08984	0.02474	0.03299	0.24201	0.02191	0.11467	0.06479	0.03509	0.01997	0.02182	0.01603	0.01113	0.00931	0.00287	0.01501	0.00758	0.00645	0.01462
9	0.02383	0.08118	0.21662	0.12047	0.04403	0.02319	0.08053	0.03214	0.02450	0.07563	0.05776	0.04462	0.02823	0.01431	0.01138	0.00366	0.01358	0.08355	0.00676	0.01403
10	0.02434	0.17659	0.16260	0.09623	0.04065	0.08020	0.09000	0.03095	0.02376	0.02986	0.02953	0.08066	0.06291	0.01359	0.01042	0.00328	0.01378	0.01149	0.00580	0.01338
11	0.02915	0.62337	0.05714	0.01866	0.02799	0.04314	0.01866	0.03265	0.02215	0.02565	0.01516	0.01749	0.01399	0.00933	0.00700	0.00233	0.01166	0.00583	0.00466	0.01399
12	0.01543	0.01115	0.01457	0.01372	0.01629	0.01029	0.01029	0.02058	0.03086	0.04372	0.54304	0.08145	0.10288	0.02229	0.01286	0.00343	0.00514	0.01972	0.01200	0.01029
13	0.01683	0.01246	0.01531	0.01637	0.01875	0.01211	0.01234	0.06507	0.02544	0.03310	0.06579	0.35774	0.15385	0.03005	0.01367	0.00430	0.00749	0.11904	0.01018	0.01011
14	0.02596	0.02127	0.02306	0.02101	0.02628	0.02394	0.01613	0.10970	0.35092	0.04475	0.04544	0.16602	0.03998	0.01890	0.01170	0.00380	0.00857	0.01617	0.01085	0.01555
15	0.02651	0.01613	0.01677	0.01454	0.01889	0.01709	0.01146	0.16811	0.03119	0.04887	0.03282	0.03641	0.02519	0.01282	0.00858	0.00276	0.00711	0.01006	0.48207	0.01262
16	0.03175	0.01452	0.01873	0.01568	0.02114	0.01289	0.01246	0.03622	0.02936	0.28541	0.19507	0.05716	0.09958	0.01734	0.01126	0.00331	0.00714	0.01459	0.10231	0.01409
17	0.02444	0.02390	0.04243	0.26001	0.31074	0.02549	0.09132	0.03155	0.02381	0.03263	0.02028	0.02807	0.01616	0.01009	0.01109	0.00344	0.01422	0.01010	0.00521	0.01503
18	0.03333	0.03828	0.03008	0.02686	0.03119	0.31078	0.02088	0.04253	0.14292	0.03096	0.02260	0.02559	0.01858	0.01403	0.01665	0.00351	0.16213	0.00889	0.00668	0.01353
19	0.01513	0.01151	0.01427	0.01543	0.01820	0.01065	0.01246	0.01901	0.02530	0.03234	0.13782	0.16042	0.24787	0.02863	0.01386	0.00426	0.00738	0.20551	0.01032	0.00964
20	0.04014	0.02840	0.02923	0.02416	0.02987	0.14655	0.01953	0.08414	0.02924	0.26229	0.02849	0.02893	0.02018	0.01436	0.01694	0.00359	0.15947	0.00963	0.00932	0.01557
21	0.28826	0.02656	0.09363	0.02010	0.02802	0.02493	0.01814	0.04429	0.22095	0.08716	0.02953	0.02905	0.02176	0.01227	0.00929	0.00351	0.00962	0.00913	0.00872	0.01508
22	0.31484	0.30557	0.03707	0.01746	0.02562	0.03420	0.01594	0.08099	0.02356	0.03997	0.01628	0.01847	0.01352	0.01005	0.00729	0.00287	0.01031	0.00627	0.00619	0.01352

[dist]
# distance from previous block
# <min> <max>
0	1

[block]
# block no. 4 follows, 12 sequences, length 36
# corresponding to MSA columns:
# 488-523
name=unknown_E
#
# <colnr> <probs for GDERKNQSTAVLIFYWHMCP>
#	G	D	E	R	K	N	Q	S	T	A	V	L	I	F	Y	W	H	M	C	P
0	0.03111	0.11032	0.03007	0.02098	0.02772	0.08150	0.01720	0.22079	0.09307	0.04810	0.11630	0.04241	0.08368	0.01545	0.01078	0.00321	0.01061	0.01212	0.00963	0.01495
1	0.01344	0.01030	0.01233	0.01345	0.01548	0.00919	0.00947	0.01611	0.02375	0.03067	0.14666	0.34907	0.25072	0.03007	0.01339	0.00401	0.00586	0.02646	0.01039	0.00919
2	0.03781	0.02104	0.02497	0.02082	0.02810	0.02168	0.01665	0.05559	0.28502	0.29598	0.04371	0.03893	0.03020	0.01416	0.01103	0.00354	0.00895	0.01166	0.01227	0.01789
3	0.02261	0.01938	0.02261	0.01615	0.02584	0.01453	0.01292	0.02745	0.02261	0.03553	0.01938	0.02261	0.01615	0.00807	0.00807	0.00161	0.00807	0.00646	0.00646	0.68346
4	0.01341	0.01107	0.01177	0.01159	0.01505	0.00943	0.00869	0.01665	0.02608	0.03236	0.19864	0.10015	0.45437	0.02653	0.01288	0.00363	0.00545	0.02234	0.01051	0.00943
5	0.01586	0.01057	0.01189	0.01189	0.01189	0.01057	0.00661	0.01586	0.01586	0.02114	0.03436	0.07135	0.03964	0.61681	0.05550	0.01057	0.01057	0.01586	0.00661	0.00661
6	0.01963	0.01918	0.03571	0.02878	0.03366	0.01919	0.20998	0.02480	0.02332	0.03204	0.08754	0.26106	0.04657	0.02137	0.01585	0.00407	0.07740	0.02027	0.00788	0.01167
7	0.02534	0.01918	0.02157	0.01931	0.02455	0.02092	0.01498	0.04587	0.33116	0.08865	0.19981	0.05309	0.05446	0.01702	0.01163	0.00359	0.00760	0.01452	0.01158	0.01520
8	0.04145	0.03054	0.03272	0.02509	0.03381	0.03381	0.02072	0.51243	0.05127	0.06872	0.02618	0.02618	0.01854	0.01309	0.01091	0.00327	0.01200	0.00982	0.01091	0.01854
9	0.03035	0.01533	0.01725	0.01467	0.01956	0.01524	0.01165	0.10820	0.02927	0.16613	0.03585	0.03755	0.02625	0.01295	0.00892	0.00285	0.00715	0.01030	0.41709	0.01345
10	0.01543	0.01115	0.01457	0.01372	0.01629	0.01029	0.01029	0.02058	0.03086	0.04372	0.54304	0.08145	0.10288	0.02229	0.01286	0.00343	0.00514	0.01972	0.01200	0.01029
11	0.02919	0.02946	0.10164	0.02401	0.03208	0.02818	0.02118	0.14373	0.36419	0.04858	0.03732	0.03535	0.02765	0.01383	0.01095	0.00358	0.01034	0.01123	0.01014	0.01735
12	0.60189	0.02543	0.01812	0.01627	0.02286	0.10168	0.01311	0.03367	0.02029	0.04579	0.01542	0.01799	0.01212	0.01028	0.00718	0.00329	0.01002	0.00606	0.00659	0.01193
13	0.02704	0.08429	0.13754	0.03701	0.15756	0.02538	0.10467	0.03765	0.09567	0.08658	0.02906	0.07847	0.02411	0.01289	0.01103	0.00345	0.01277	0.01187	0.00721	0.01575
14	0.60189	0.02543	0.01812	0.01627	0.02286	0.10168	0.01311	0.03367	0.02029	0.04579	0.01542	0.01799	0.01212	0.01028	0.00718	0.00329	0.01002	0.00606	0.00659	0.01193
15	0.01377	0.00983	0.01320	0.01573	0.01658	0.00927	0.01096	0.01602	0.02135	0.02837	0.05983	0.55496	0.07106	0.03371	0.01405	0.00449	0.00674	0.08097	0.01011	0.00899
16	0.02849	0.57154	0.10313	0.01979	0.02974	0.04151	0.02063	0.03282	0.02223	0.02646	0.01556	0.01800	0.01398	0.00942	0.00730	0.00243	0.01207	0.00603	0.00466	0.01419
17	0.01328	0.00949	0.01265	0.01518	0.01581	0.00886	0.01012	0.01518	0.02088	0.02783	0.06010	0.60969	0.07212	0.03416	0.01392	0.00443	0.00633	0.03100	0.01012	0.00886
18	0.01421	0.01088	0.01303	0.01296	0.01566	0.00969	0.00954	0.01803	0.02728	0.03632	0.31852	0.16431	0.25831	0.02589	0.01302	0.00366	0.00545	0.02250	0.01106	0.00969
19	0.02059	0.01938	0.03270	0.59060	0.07510	0.02422	0.03028	0.02786	0.02180	0.02786	0.01938	0.02907	0.01453	0.01090	0.01090	0.00363	0.01453	0.00969	0.00484	0.01211
20	0.01762	0.01393	0.01850	0.02212	0.07077	0.01420	0.01469	0.02540	0.10964	0.03235	0.05319	0.38510	0.05874	0.02786	0.01329	0.00427	0.00790	0.08931	0.00982	0.01130
21	0.01549	0.01042	0.01200	0.01236	0.01244	0.01033	0.00710	0.01576	0.01656	0.02208	0.03798	0.14713	0.04421	0.53479	0.04964	0.00971	0.00997	0.01799	0.00710	0.00692
22	0.01421	0.01025	0.01404	0.01558	0.01655	0.01044	0.01085	0.01653	0.01941	0.02647	0.04848	0.39042	0.05569	0.10170	0.18563	0.00892	0.01358	0.02382	0.00852	0.00891
23	0.03959	0.10841	0.03349	0.02716	0.03314	0.52069	0.02083	0.04246	0.03004	0.02658	0.01669	0.01945	0.01404	0.01105	0.00955	0.00276	0.01887	0.00690	0.00552	0.01277
24	0.01867	0.01681	0.02323	0.02204	0.02235	0.02137	0.01712	0.02082	0.01875	0.02702	0.03676	0.31104	0.04265	0.02647	0.02506	0.00460	0.30737	0.02006	0.00739	0.01042
25	0.01345	0.00996	0.01257	0.01426	0.01567	0.00908	0.00980	0.01587	0.02273	0.02992	0.12360	0.45810	0.16183	0.03163	0.01361	0.00418	0.00605	0.02827	0.01033	0.00908
26	0.02261	0.01938	0.02261	0.01615	0.02584	0.01453	0.01292	0.02745	0.02261	0.03553	0.01938	0.02261	0.01615	0.00807	0.00807	0.00161	0.00807	0.00646	0.00646	0.68346
27	0.03286	0.02802	0.04659	0.03444	0.04398	0.02827	0.25933	0.18259	0.09053	0.09697	0.02784	0.03046	0.02004	0.01141	0.01190	0.00353	0.01448	0.01171	0.00854	0.01652
28	0.02059	0.01938	0.03270	0.59060	0.07510	0.02422	0.03028	0.02786	0.02180	0.02786	0.01938	0.02907	0.01453	0.01090	0.01090	0.00363	0.01453	0.00969	0.00484	0.01211
29	0.02247	0.02240	0.03767	0.31770	0.05655	0.02785	0.09965	0.02836	0.02065	0.02836	0.01805	0.02734	0.01476	0.01343	0.01967	0.00403	0.21356	0.01011	0.00492	0.01244
30	0.02436	0.02349	0.03597	0.21274	0.04930	0.05907	0.13910	0.06763	0.07019	0.03626	0.08511	0.04434	0.03150	0.01416	0.01194	0.00368	0.01361	0.05692	0.00735	0.01328
31	0.01712	0.00993	0.01310	0.01335	0.01341	0.00986	0.00835	0.01498	0.01553	0.02071	0.02930	0.10497	0.03265	0.27636	0.04514	0.33949	0.00962	0.01420	0.00603	0.00591
32	0.03345	0.17296	0.03572	0.02748	0.12164	0.02547	0.01936	0.08416	0.02967	0.19105	0.11567	0.03679	0.03406	0.01321	0.01025	0.00308	0.01011	0.01082	0.00927	0.01575
33	0.02333	0.21791	0.06642	0.01790	0.02574	0.02476	0.01631	0.03088	0.07461	0.03530	0.15308	0.03764	0.03895	0.01289	0.00938	0.00263	0.00908	0.01029	0.00761	0.18528
34	0.02451	0.02229	0.03694	0.07943	0.25466	0.02255	0.09281	0.08248	0.02672	0.03675	0.03145	0.17688	0.03121	0.01637	0.01191	0.00363	0.01201	0.01563	0.00721	0.01456
35	0.02606	0.03349	0.19525	0.09205	0.11773	0.02432	0.14263	0.06508	0.02696	0.07576	0.07028	0.03227	0.02444	0.01155	0.01137	0.00347	0.01427	0.01098	0.00670	0.01536

[dist]
# distance from previous block
# <min> <max>
0	22

[block]
# block no. 5 follows, 12 sequences, length 42
# corresponding to MSA columns:
# 546-587
name=unknown_F
#
# <colnr> <probs for GDERKNQSTAVLIFYWHMCP>
#	G	D	E	R	K	N	Q	S	T	A	V	L	I	F	Y	W	H	M	C	P
0	0.19448	0.03171	0.12972	0.09604	0.08822	0.08220	0.02400	0.07275	0.02623	0.12346	0.02256	0.02501	0.01626	0.01111	0.00967	0.00334	0.01269	0.00839	0.00725	0.01490
1	0.02727	0.19576	0.27800	0.02504	0.03643	0.07973	0.02794	0.08100	0.02628	0.03545	0.02033	0.02324	0.01567	0.01066	0.00924	0.00300	0.01385	0.00776	0.06842	0.01493
2	0.15541	0.02106	0.07169	0.10712	0.03229	0.02081	0.01931	0.02817	0.02113	0.08835	0.03153	0.18784	0.03124	0.01886	0.01518	0.00396	0.11148	0.01483	0.00757	0.01216
3	0.10561	0.01900	0.02354	0.01840	0.02620	0.01743	0.01505	0.07946	0.03058	0.36416	0.08966	0.03765	0.03184	0.01353	0.01046	0.00320	0.00884	0.01086	0.01178	0.08273
4	0.01894	0.03340	0.27000	0.02616	0.03517	0.01873	0.07662	0.02685	0.02278	0.03212	0.03730	0.23208	0.03864	0.02024	0.01229	0.00396	0.01244	0.06227	0.00710	0.01291
5	0.01567	0.01082	0.01306	0.01269	0.01381	0.01045	0.00821	0.01792	0.02241	0.03101	0.25654	0.07576	0.06726	0.35714	0.03687	0.00745	0.00820	0.01754	0.00896	0.00821
6	0.01890	0.01671	0.02259	0.02072	0.02213	0.02039	0.01675	0.02233	0.02269	0.03223	0.17963	0.10265	0.10450	0.02316	0.02318	0.00428	0.26422	0.06387	0.00830	0.01076
7	0.01331	0.01038	0.01210	0.01312	0.01536	0.00916	0.00928	0.01593	0.02371	0.03016	0.13121	0.32308	0.29447	0.02995	0.01333	0.00398	0.00584	0.02617	0.01031	0.00916
8	0.03036	0.56393	0.05441	0.01964	0.02858	0.09827	0.01891	0.03378	0.02306	0.02576	0.01533	0.01772	0.01400	0.00953	0.00729	0.00238	0.01249	0.00595	0.00476	0.01385
9	0.02453	0.26388	0.37617	0.02653	0.04016	0.03184	0.03237	0.03384	0.02270	0.03128	0.01795	0.02100	0.01388	0.00998	0.00913	0.00304	0.01448	0.00724	0.00463	0.01534
10	0.03199	0.02321	0.02568	0.02141	0.02802	0.02536	0.01708	0.20670	0.22938	0.10109	0.12722	0.04266	0.04009	0.01543	0.01133	0.00347	0.00922	0.01266	0.01142	0.01657
11	0.01586	0.01057	0.01189	0.01189	0.01189	0.01057	0.00661	0.01586	0.01586	0.02114	0.03436	0.07135	0.03964	0.61681	0.05550	0.01057	0.01057	0.01586	0.00661	0.00661
12	0.17670	0.02386	0.03060	0.02455	0.03201	0.02556	0.10504	0.12202	0.16658	0.09417	0.03173	0.06732	0.02496	0.01359	0.01060	0.00357	0.01083	0.01166	0.00926	0.01540
13	0.01543	0.01115	0.01457	0.01372	0.01629	0.01029	0.01029	0.02058	0.03086	0.04372	0.54304	0.08145	0.10288	0.02229	0.01286	0.00343	0.00514	0.01972	0.01200	0.01029
14	0.02788	0.02487	0.03415	0.02510	0.03461	0.07034	0.13858	0.03356	0.02508	0.08973	0.02232	0.02558	0.01720	0.00923	0.00975	0.00243	0.01188	0.00860	0.00689	0.38224
15	0.69383	0.02109	0.01603	0.01434	0.02109	0.02446	0.01181	0.03205	0.01856	0.04892	0.01518	0.01771	0.01181	0.01012	0.00675	0.00337	0.00843	0.00590	0.00675	0.01181
16	0.01456	0.01111	0.01336	0.01280	0.01575	0.00992	0.00960	0.01889	0.02880	0.03883	0.39466	0.08950	0.25431	0.02412	0.01287	0.00352	0.00527	0.02085	0.01136	0.00992
17	0.69383	0.02109	0.01603	0.01434	0.02109	0.02446	0.01181	0.03205	0.01856	0.04892	0.01518	0.01771	0.01181	0.01012	0.00675	0.00337	0.00843	0.00590	0.00675	0.01181
18	0.02588	0.02212	0.02359	0.02129	0.02707	0.02534	0.01652	0.05398	0.47630	0.04541	0.09722	0.04500	0.04066	0.01559	0.01128	0.00367	0.00826	0.01311	0.01119	0.01652
19	0.01543	0.01115	0.01457	0.01372	0.01629	0.01029	0.01029	0.02058	0.03086	0.04372	0.54304	0.08145	0.10288	0.02229	0.01286	0.00343	0.00514	0.01972	0.01200	0.01029
20	0.01543	0.01115	0.01457	0.01372	0.01629	0.01029	0.01029	0.02058	0.03086	0.04372	0.54304	0.08145	0.10288	0.02229	0.01286	0.00343	0.00514	0.01972	0.01200	0.01029
21	0.04557	0.02394	0.02863	0.02195	0.03052	0.02401	0.01813	0.25928	0.04021	0.33749	0.03546	0.03220	0.02320	0.01331	0.01094	0.00333	0.01050	0.01045	0.01233	0.01855
22	0.69383	0.02109	0.01603	0.01434	0.02109	0.02446	0.01181	0.03205	0.01856	0.04892	0.01518	0.01771	0.01181	0.01012	0.00675	0.00337	0.00843	0.00590	0.00675	0.01181
