[name]
unknown

[dist]
# distance from previous block
# <min> <max>
0	1

[block]
# block no. 0 follows, 13 sequences, length 20
# corresponding to MSA columns:
# 1-20
name=unknown_A
#
# <colnr> <probs for GDERKNQSTAVLIFYWHMCP>
#	G	D	E	R	K	N	Q	S	T	A	V	L	I	F	Y	W	H	M	C	P
0	0.01532	0.01102	0.01473	0.01511	0.01740	0.01043	0.01187	0.01996	0.02745	0.03796	0.37180	0.14396	0.08627	0.02481	0.01315	0.00384	0.00639	0.14782	0.01094	0.00977
1	0.01690	0.01537	0.02743	0.11124	0.03379	0.01527	0.13813	0.02125	0.02153	0.02867	0.04330	0.38697	0.04833	0.02380	0.01280	0.00400	0.01019	0.02264	0.00795	0.01045
2	0.01535	0.01159	0.01784	0.01752	0.01961	0.01093	0.07042	0.01850	0.02109	0.02969	0.05029	0.46291	0.05704	0.02710	0.01245	0.00393	0.00734	0.02491	0.11203	0.00945
3	0.02497	0.36349	0.29777	0.02372	0.03585	0.03375	0.02790	0.03251	0.02188	0.02890	0.01670	0.01947	0.01349	0.00951	0.00831	0.00277	0.01333	0.00666	0.00450	0.01453
4	0.03240	0.03748	0.07426	0.02333	0.03138	0.27058	0.01944	0.11004	0.02973	0.03546	0.01873	0.02122	0.01492	0.01011	0.00919	0.00247	0.01404	0.00713	0.00640	0.23168
5	0.03245	0.42113	0.04683	0.02056	0.02914	0.08604	0.01883	0.16649	0.02984	0.03625	0.01773	0.01942	0.01477	0.01019	0.00804	0.00255	0.01206	0.00680	0.00624	0.01465
6	0.02795	0.02109	0.03349	0.16825	0.18409	0.02052	0.06163	0.03382	0.02422	0.13972	0.02387	0.02784	0.01772	0.01003	0.01010	0.00294	0.01156	0.00919	0.00692	0.16504
7	0.01538	0.01025	0.01153	0.01153	0.01153	0.01025	0.00641	0.01538	0.01538	0.02050	0.03331	0.06919	0.03844	0.62842	0.05382	0.01025	0.01025	0.01538	0.00641	0.00641
8	0.01288	0.00920	0.01227	0.01472	0.01534	0.00859	0.00981	0.01472	0.02024	0.02699	0.05828	0.62152	0.06993	0.03312	0.01350	0.00429	0.00613	0.03006	0.00981	0.00859
9	0.03221	0.03143	0.02686	0.02355	0.02979	0.18059	0.01830	0.13027	0.32116	0.04291	0.03281	0.03154	0.02480	0.01313	0.01039	0.00328	0.01184	0.01014	0.00927	0.01572
10	0.07862	0.05181	0.52665	0.02877	0.04363	0.02448	0.03674	0.03328	0.02196	0.03466	0.01862	0.02189	0.01323	0.01003	0.00975	0.00334	0.01500	0.00764	0.00464	0.01527
11	0.01352	0.00967	0.01292	0.01487	0.01591	0.00907	0.01039	0.01607	0.02203	0.02968	0.13374	0.50072	0.07376	0.03108	0.01342	0.00419	0.00624	0.06375	0.01009	0.00889
12	0.09304	0.02493	0.02524	0.02274	0.02617	0.10492	0.01794	0.03705	0.18929	0.03396	0.02900	0.09819	0.02620	0.01695	0.01808	0.00385	0.20007	0.01190	0.00753	0.01297
13	0.02471	0.02403	0.04211	0.18063	0.41289	0.02490	0.07317	0.03138	0.02351	0.03284	0.01978	0.02681	0.01611	0.00963	0.01066	0.00326	0.01334	0.00967	0.00513	0.01545
14	0.01461	0.01044	0.01426	0.01670	0.01807	0.01008	0.01282	0.01771	0.02195	0.02893	0.05732	0.41230	0.06615	0.03149	0.01396	0.00453	0.00763	0.22219	0.00978	0.00907
15	0.01520	0.01093	0.01500	0.01500	0.01620	0.01213	0.01073	0.01760	0.01640	0.02307	0.03014	0.05164	0.03082	0.27985	0.39196	0.01453	0.02172	0.01281	0.00594	0.00833
16	0.02240	0.08736	0.44009	0.03217	0.04640	0.02611	0.13237	0.03344	0.02278	0.03300	0.01917	0.02318	0.01392	0.00976	0.01031	0.00332	0.01577	0.00858	0.00464	0.01523
17	0.02629	0.02034	0.03086	0.44596	0.06131	0.02396	0.02632	0.10580	0.02656	0.09738	0.02251	0.02869	0.01612	0.01119	0.01058	0.00344	0.01312	0.00956	0.00658	0.01343
18	0.03963	0.04258	0.02933	0.02565	0.03184	0.41730	0.01968	0.11381	0.06230	0.08703	0.02171	0.02283	0.01657	0.01157	0.00986	0.00289	0.01638	0.00788	0.00725	0.01391
19	0.02665	0.02124	0.03518	0.29573	0.26483	0.02295	0.02852	0.03294	0.02372	0.11241	0.02271	0.02855	0.01700	0.01049	0.01054	0.00333	0.01270	0.00959	0.00619	0.01473

[dist]
# distance from previous block
# <min> <max>
0	2

[block]
# block no. 1 follows, 13 sequences, length 13
# corresponding to MSA columns:
# 23-35
name=unknown_B
#
# <colnr> <probs for GDERKNQSTAVLIFYWHMCP>
#	G	D	E	R	K	N	Q	S	T	A	V	L	I	F	Y	W	H	M	C	P
0	0.03338	0.02576	0.03117	0.03434	0.18699	0.07876	0.02165	0.18669	0.03378	0.12659	0.07219	0.06534	0.02834	0.01353	0.01078	0.00321	0.01135	0.01139	0.00892	0.01584
1	0.63805	0.02338	0.01695	0.01521	0.02165	0.07884	0.01233	0.03217	0.01917	0.04532	0.01488	0.01736	0.01166	0.00992	0.00684	0.00322	0.00925	0.00583	0.00644	0.01153
2	0.03497	0.02702	0.02879	0.02327	0.03080	0.03035	0.01883	0.35031	0.23511	0.05822	0.03201	0.03067	0.02335	0.01331	0.01065	0.00333	0.01041	0.01043	0.01065	0.01751
3	0.01496	0.01081	0.01413	0.01330	0.01580	0.00998	0.00998	0.01995	0.02993	0.04240	0.55689	0.07898	0.09976	0.02162	0.01247	0.00333	0.00499	0.01912	0.01164	0.00998
4	0.02358	0.01539	0.01892	0.01702	0.01967	0.01662	0.01251	0.13310	0.07725	0.03245	0.02437	0.03483	0.02182	0.07553	0.07494	0.36447	0.01122	0.01017	0.00678	0.00935
5	0.01666	0.01176	0.01341	0.01279	0.01585	0.01136	0.00965	0.02363	0.07815	0.03899	0.29145	0.07078	0.17287	0.01985	0.01114	0.00321	0.00539	0.01696	0.16573	0.01040
6	0.02488	0.02123	0.02269	0.02049	0.02603	0.02426	0.01589	0.05166	0.47931	0.04400	0.10714	0.04438	0.04070	0.01525	0.01097	0.00355	0.00795	0.01285	0.01087	0.01589
7	0.01666	0.01205	0.01651	0.01874	0.02127	0.01190	0.01628	0.02134	0.02432	0.03138	0.06026	0.11780	0.10248	0.02900	0.01443	0.00476	0.00937	0.45204	0.00974	0.00967
8	0.02617	0.02512	0.04292	0.06490	0.56246	0.02512	0.03245	0.03245	0.02407	0.03454	0.01989	0.02617	0.01675	0.00942	0.01047	0.00314	0.01256	0.00942	0.00523	0.01675
9	0.02081	0.01835	0.02625	0.36062	0.05160	0.02132	0.02249	0.07667	0.06880	0.03278	0.04171	0.04569	0.14051	0.01481	0.01103	0.00350	0.01137	0.01258	0.00697	0.01214
10	0.03325	0.02552	0.02747	0.02231	0.02938	0.02840	0.01800	0.32820	0.20091	0.05716	0.08617	0.03533	0.03093	0.01413	0.01083	0.00332	0.00993	0.01127	0.01074	0.01676
11	0.03123	0.03439	0.02776	0.02900	0.09523	0.29836	0.02011	0.07203	0.06920	0.03224	0.02896	0.09535	0.02765	0.01575	0.01089	0.00332	0.01435	0.07408	0.00721	0.01289
12	0.01928	0.02283	0.11808	0.01916	0.02456	0.06181	0.01756	0.02435	0.02265	0.03117	0.03981	0.22970	0.04203	0.02103	0.01143	0.00358	0.00976	0.10970	0.07558	0.09593

[dist]
# distance from previous block
# <min> <max>
0	3

[block]
# block no. 2 follows, 13 sequences, length 7
# corresponding to MSA columns:
# 39-45
name=unknown_C
#
# <colnr> <probs for GDERKNQSTAVLIFYWHMCP>
#	G	D	E	R	K	N	Q	S	T	A	V	L	I	F	Y	W	H	M	C	P
0	0.02325	0.02189	0.03692	0.18780	0.38642	0.02294	0.02926	0.02923	0.02296	0.03193	0.02379	0.09115	0.02188	0.01226	0.01082	0.00336	0.01223	0.01165	0.00560	0.01467
1	0.02962	0.02424	0.02741	0.07246	0.08617	0.08068	0.01822	0.10004	0.02773	0.10102	0.02227	0.02472	0.01699	0.00984	0.00922	0.00244	0.01071	0.00787	0.00734	0.32104
2	0.02028	0.01868	0.03105	0.35218	0.19097	0.02115	0.02654	0.02616	0.02175	0.02899	0.02641	0.13785	0.02516	0.01446	0.01109	0.00357	0.01221	0.01324	0.00579	0.01248
3	0.02662	0.02287	0.03119	0.07663	0.20048	0.02187	0.02155	0.12435	0.02787	0.04009	0.02040	0.02440	0.01633	0.00947	0.00940	0.00252	0.01052	0.00812	0.00665	0.29867
4	0.11424	0.02358	0.03334	0.04092	0.28014	0.02390	0.02380	0.11908	0.02911	0.17118	0.02548	0.02735	0.01861	0.01090	0.01006	0.00319	0.01102	0.00929	0.00818	0.01662
5	0.10544	0.02014	0.03140	0.24259	0.24771	0.02212	0.02569	0.02794	0.02177	0.03243	0.02409	0.10681	0.02239	0.01310	0.01043	0.00345	0.01169	0.01177	0.00583	0.01321
6	0.03345	0.03280	0.03274	0.03832	0.21545	0.22305	0.02337	0.04242	0.11953	0.09692	0.02536	0.02719	0.01953	0.01126	0.01021	0.00309	0.01370	0.00909	0.00723	0.01530

[dist]
# distance from previous block
# <min> <max>
2	13

[block]
# block no. 3 follows, 13 sequences, length 15
# corresponding to MSA columns:
# 59-73
name=unknown_D
#
# <colnr> <probs for GDERKNQSTAVLIFYWHMCP>
#	G	D	E	R	K	N	Q	S	T	A	V	L	I	F	Y	W	H	M	C	P
0	0.02822	0.07361	0.08881	0.01941	0.02834	0.02139	0.01761	0.11526	0.07372	0.10918	0.03284	0.03288	0.06842	0.01199	0.00951	0.00268	0.00960	0.00948	0.00825	0.23882
1	0.25438	0.07908	0.10024	0.02858	0.14453	0.02400	0.02080	0.03312	0.05612	0.06999	0.02400	0.07893	0.02080	0.01237	0.00907	0.00328	0.01029	0.00980	0.00678	0.01384
2	0.03058	0.03014	0.18313	0.06136	0.03522	0.02136	0.02330	0.13694	0.02958	0.16941	0.03003	0.09127	0.02379	0.01366	0.01051	0.00325	0.01138	0.01122	0.00857	0.07531
3	0.08811	0.13899	0.26958	0.02800	0.09494	0.02533	0.02734	0.03370	0.02345	0.09200	0.06358	0.02740	0.02194	0.01104	0.00948	0.00312	0.01229	0.00865	0.00626	0.01482
4	0.01760	0.01241	0.01780	0.08278	0.02334	0.01444	0.01377	0.02019	0.01762	0.02607	0.02578	0.03834	0.02354	0.08157	0.25937	0.12536	0.06266	0.01059	0.11785	0.00894
5	0.12143	0.01623	0.02150	0.06715	0.10410	0.01775	0.01618	0.02517	0.02422	0.03863	0.23561	0.04736	0.04995	0.01577	0.01295	0.00335	0.07246	0.01279	0.08588	0.01151
6	0.01955	0.01182	0.01355	0.06353	0.01938	0.01239	0.01046	0.02668	0.06506	0.03916	0.11197	0.04435	0.03724	0.01372	0.00870	0.00278	0.00602	0.01137	0.47169	0.01059
7	0.01288	0.00920	0.01227	0.01472	0.01534	0.00859	0.00981	0.01472	0.02024	0.02699	0.05828	0.62152	0.06993	0.03312	0.01350	0.00429	0.00613	0.03006	0.00981	0.00859
8	0.01435	0.01078	0.01328	0.01266	0.01542	0.00971	0.00949	0.01876	0.02848	0.03895	0.44485	0.08465	0.21395	0.02290	0.01248	0.00339	0.00508	0.01992	0.01119	0.00971
9	0.01997	0.01879	0.03171	0.60301	0.07282	0.02349	0.02936	0.02701	0.02114	0.02701	0.01879	0.02819	0.01409	0.01057	0.01057	0.00352	0.01409	0.00940	0.00470	0.01175
10	0.04427	0.01706	0.02286	0.01779	0.02531	0.01489	0.01461	0.04845	0.02934	0.50913	0.04089	0.03638	0.02628	0.01300	0.01026	0.00318	0.00853	0.01054	0.09017	0.01706
11	0.03113	0.02818	0.02608	0.02247	0.02868	0.12333	0.01762	0.17282	0.27818	0.04671	0.08186	0.03596	0.03164	0.01400	0.01066	0.00331	0.01075	0.01110	0.00987	0.01565
12	0.02859	0.52065	0.04900	0.01792	0.02630	0.03804	0.01729	0.07734	0.02419	0.03012	0.01752	0.01982	0.01523	0.00969	0.00719	0.00237	0.01075	0.00640	0.06796	0.01364
13	0.70310	0.02045	0.01554	0.01390	0.02045	0.02372	0.01145	0.03108	0.01799	0.04744	0.01472	0.01718	0.01145	0.00981	0.00654	0.00327	0.00818	0.00573	0.00654	0.01145
14	0.02550	0.02444	0.04171	0.12295	0.50964	0.02495	0.03212	0.03186	0.02376	0.03373	0.01977	0.02639	0.01646	0.00954	0.01048	0.00318	0.01273	0.00942	0.00518	0.01621

[dist]
# distance from previous block
# <min> <max>
0	4

[block]
# block no. 4 follows, 13 sequences, length 31
# corresponding to MSA columns:
# 78-108
name=unknown_E
#
# <colnr> <probs for GDERKNQSTAVLIFYWHMCP>
#	G	D	E	R	K	N	Q	S	T	A	V	L	I	F	Y	W	H	M	C	P
0	0.02103	0.01988	0.03364	0.51063	0.15688	0.02377	0.02989	0.02795	0.02165	0.02831	0.01898	0.02784	0.01455	0.01037	0.01055	0.00346	0.01383	0.00940	0.00479	0.01260
1	0.02583	0.08306	0.04224	0.05384	0.41649	0.02801	0.02942	0.03113	0.02243	0.03201	0.01833	0.02475	0.01594	0.01100	0.01441	0.00332	0.11819	0.00903	0.00506	0.01553
2	0.01346	0.01056	0.01182	0.01182	0.01449	0.00930	0.00853	0.01640	0.02441	0.03122	0.21243	0.13801	0.34490	0.08559	0.01667	0.00423	0.00581	0.02147	0.00995	0.00892
3	0.04089	0.02850	0.03104	0.02380	0.03223	0.03114	0.01966	0.48173	0.04785	0.11474	0.02695	0.02640	0.01876	0.01273	0.01058	0.00318	0.01138	0.00963	0.01082	0.01798
4	0.02630	0.02271	0.02391	0.02152	0.02749	0.02630	0.01674	0.05618	0.54336	0.04423	0.04303	0.03945	0.03228	0.01434	0.01076	0.00359	0.00837	0.01195	0.01076	0.01674
5	0.02170	0.01851	0.02290	0.07575	0.06387	0.02110	0.01679	0.03687	0.25340	0.03553	0.08206	0.09945	0.03850	0.10032	0.01881	0.00458	0.05381	0.01417	0.00876	0.01311
6	0.01431	0.01043	0.01346	0.01346	0.01558	0.00958	0.00981	0.01840	0.02726	0.03785	0.40948	0.20749	0.12410	0.02466	0.01271	0.00357	0.00528	0.02190	0.01109	0.00958
7	0.02846	0.07890	0.07743	0.06377	0.06910	0.05989	0.02046	0.15979	0.12890	0.04125	0.02604	0.03067	0.02100	0.06822	0.01389	0.00368	0.01152	0.00956	0.00770	0.07979
8	0.08878	0.02191	0.02896	0.02512	0.07886	0.02094	0.06677	0.08287	0.10143	0.13109	0.02681	0.02780	0.01984	0.01054	0.00958	0.00279	0.00992	0.00899	0.00831	0.22868
9	0.02714	0.03174	0.14847	0.14040	0.12012	0.07614	0.07302	0.03872	0.11644	0.08494	0.02549	0.02858	0.01884	0.01108	0.01056	0.00335	0.01350	0.00968	0.00673	0.01505
10	0.02839	0.08377	0.13084	0.04238	0.20979	0.02682	0.15353	0.08181	0.02676	0.08156	0.02203	0.02610	0.01667	0.00998	0.01061	0.00322	0.01388	0.00972	0.00625	0.01589
11	0.02841	0.01452	0.02032	0.01811	0.02217	0.01473	0.01427	0.03184	0.02292	0.24630	0.03826	0.14603	0.03350	0.03928	0.20480	0.00813	0.05973	0.01438	0.00937	0.01291
12	0.03415	0.02730	0.17084	0.02144	0.03049	0.01808	0.02122	0.07373	0.02849	0.29934	0.07454	0.09077	0.03185	0.01479	0.01088	0.00339	0.01039	0.01229	0.01017	0.01586
13	0.02664	0.02463	0.04015	0.14030	0.43773	0.02564	0.03077	0.08066	0.02618	0.03661	0.02027	0.02639	0.01648	0.00991	0.01049	0.00320	0.01270	0.00943	0.00568	0.01613
14	0.01538	0.01025	0.01153	0.01153	0.01153	0.01025	0.00641	0.01538	0.01538	0.02050	0.03331	0.06919	0.03844	0.62842	0.05382	0.01025	0.01025	0.01538	0.00641	0.00641
15	0.03676	0.02760	0.03690	0.02820	0.03600	0.07533	0.13547	0.20143	0.03405	0.17834	0.02665	0.02801	0.01881	0.01234	0.01333	0.00339	0.07223	0.01022	0.00897	0.01599
16	0.02581	0.08916	0.12445	0.14105	0.16839	0.02613	0.16435	0.03338	0.02374	0.07191	0.02109	0.02642	0.01598	0.00981	0.01062	0.00328	0.01433	0.00973	0.00557	0.01480
17	0.03844	0.03192	0.08162	0.02486	0.03398	0.03203	0.02184	0.48175	0.04719	0.06358	0.02479	0.02510	0.01756	0.01245	0.01053	0.00319	0.01200	0.00936	0.01001	0.01776
18	0.01526	0.01108	0.01567	0.01676	0.01840	0.01184	0.01303	0.01865	0.01942	0.02654	0.04163	0.16796	0.04463	0.10801	0.27997	0.01082	0.01766	0.14599	0.00758	0.00909
19	0.06782	0.02247	0.02694	0.02233	0.02833	0.07245	0.08458	0.11710	0.07811	0.08135	0.13127	0.05292	0.08924	0.01658	0.01144	0.00347	0.01050	0.06040	0.00938	0.01333
20	0.02048	0.01719	0.01865	0.01790	0.02210	0.01877	0.01345	0.03850	0.31996	0.03712	0.05822	0.19665	0.13496	0.02126	0.01175	0.00376	0.00727	0.01834	0.01035	0.01331
21	0.01293	0.01073	0.01131	0.01117	0.01455	0.00911	0.00838	0.01602	0.02513	0.03100	0.18644	0.09774	0.47732	0.02587	0.01249	0.00353	0.00529	0.02175	0.01014	0.00911
22	0.01891	0.01785	0.03391	0.02813	0.03333	0.01693	0.22044	0.02445	0.02327	0.03105	0.04268	0.24385	0.04559	0.02223	0.01338	0.00415	0.01186	0.14879	0.00798	0.01120
23	0.02254	0.02079	0.03467	0.14430	0.36014	0.02150	0.02754	0.02823	0.02308	0.03201	0.02799	0.11572	0.02729	0.01452	0.01125	0.00351	0.01170	0.05287	0.00615	0.01420
24	0.22095	0.01864	0.02216	0.01751	0.02526	0.01770	0.01446	0.04612	0.02702	0.43155	0.03457	0.03101	0.02228	0.01222	0.00955	0.00327	0.00878	0.00933	0.01135	0.01626
25	0.03020	0.02316	0.02661	0.02254	0.02626	0.07773	0.01809	0.11834	0.02595	0.12867	0.02485	0.03221	0.02075	0.08064	0.10096	0.00616	0.20602	0.01016	0.00756	0.01313
26	0.01725	0.01287	0.01680	0.01853	0.02130	0.01302	0.01567	0.02418	0.07545	0.03228	0.05960	0.14451	0.10475	0.02778	0.01395	0.00458	0.00894	0.36840	0.00985	0.01027
27	0.03050	0.41107	0.09570	0.02029	0.02890	0.03464	0.02008	0.03474	0.02259	0.12233	0.01980	0.02144	0.01582	0.01079	0.01053	0.00278	0.07051	0.00709	0.00605	0.01435
28	0.19775	0.13170	0.02749	0.01834	0.02479	0.08051	0.01506	0.11330	0.02688	0.12210	0.02610	0.08112	0.02263	0.05464	0.01201	0.00359	0.01045	0.01011	0.00804	0.01338
29	0.01871	0.01398	0.01981	0.01897	0.02198	0.01388	0.05910	0.02633	0.11409	0.06729	0.05104	0.42387	0.05531	0.02620	0.01272	0.00403	0.00781	0.02391	0.00979	0.01119
30	0.02347	0.02467	0.08561	0.04478	0.30127	0.02178	0.06813	0.06293	0.02548	0.03580	0.06333	0.13506	0.03149	0.01469	0.01128	0.00341	0.01157	0.01385	0.00679	0.01462

[dist]
# distance from previous block
# <min> <max>
0	1

[block]
# block no. 5 follows, 13 sequences, length 6
# corresponding to MSA columns:
# 110-115
name=unknown_F
#
# <colnr> <probs for GDERKNQSTAVLIFYWHMCP>
#	G	D	E	R	K	N	Q	S	T	A	V	L	I	F	Y	W	H	M	C	P
0	0.02122	0.06812	0.09634	0.33255	0.12600	0.02398	0.02745	0.02935	0.05027	0.02973	0.02816	0.03383	0.06570	0.01194	0.01041	0.00337	0.01274	0.01028	0.00553	0.01303
1	0.02401	0.02917	0.17337	0.08707	0.18994	0.02176	0.02711	0.03434	0.08583	0.07493	0.11286	0.03636	0.03190	0.01256	0.01074	0.00332	0.01150	0.01099	0.00727	0.01497
2	0.02709	0.02962	0.14376	0.14011	0.29233	0.02444	0.03083	0.06943	0.02566	0.08349	0.02189	0.02657	0.01658	0.01030	0.01042	0.00326	0.01303	0.00921	0.00609	0.01590
3	0.02356	0.02171	0.03220	0.03970	0.26247	0.02261	0.02318	0.03086	0.06972	0.03483	0.08491	0.03239	0.02738	0.01254	0.01427	0.00316	0.10928	0.01020	0.00658	0.13844
4	0.02931	0.02261	0.03527	0.11404	0.32837	0.02293	0.02645	0.07958	0.02713	0.12491	0.02990	0.03318	0.05546	0.01167	0.01066	0.00324	0.01157	0.01052	0.00728	0.01593
5	0.02794	0.02158	0.03395	0.08432	0.32659	0.02172	0.02534	0.03588	0.07224	0.12454	0.08965	0.03544	0.02944	0.01201	0.01077	0.00325	0.01079	0.01101	0.00776	0.01580

[dist]
# distance from previous block
# <min> <max>
0	60

# created by:
# /st0/software/busco_prod/Augustus/scripts/msa2prfl.pl ./align_prep/12893.fa
