[name]
unknown

[dist]
# distance from previous block
# <min> <max>
0	378

[block]
# block no. 0 follows, 13 sequences, length 18
# corresponding to MSA columns:
# 449-466
name=unknown_A
#
# <colnr> <probs for GDERKNQSTAVLIFYWHMCP>
#	G	D	E	R	K	N	Q	S	T	A	V	L	I	F	Y	W	H	M	C	P
0	0.02019	0.01744	0.02940	0.02531	0.03002	0.01708	0.15390	0.07350	0.02574	0.03427	0.04418	0.24604	0.04719	0.02325	0.01326	0.00416	0.01099	0.16400	0.00864	0.01143
1	0.01314	0.01020	0.01130	0.01199	0.01406	0.00908	0.00823	0.01509	0.02138	0.02661	0.07960	0.24127	0.32397	0.14131	0.02052	0.00503	0.00649	0.02318	0.00918	0.00836
2	0.02501	0.02394	0.04082	0.16575	0.47070	0.02482	0.03187	0.03143	0.02353	0.03313	0.01968	0.02655	0.01625	0.00964	0.01049	0.00321	0.01285	0.00942	0.00513	0.01581
3	0.02535	0.03045	0.09376	0.15356	0.15064	0.08164	0.24371	0.03308	0.02433	0.03183	0.01989	0.02653	0.01533	0.00963	0.01123	0.00337	0.01605	0.01034	0.00513	0.01416
4	0.02611	0.02597	0.05457	0.03982	0.04947	0.02431	0.42930	0.03420	0.02535	0.07999	0.02661	0.03826	0.02141	0.01131	0.01253	0.00367	0.01625	0.06029	0.00646	0.01413
5	0.01510	0.01133	0.01699	0.01699	0.01888	0.01322	0.01322	0.01888	0.01699	0.02454	0.02832	0.04154	0.02643	0.07930	0.58652	0.01699	0.02832	0.01133	0.00566	0.00944
6	0.02094	0.01198	0.01638	0.01730	0.02002	0.01125	0.01364	0.02435	0.02368	0.13049	0.05430	0.32075	0.05828	0.02788	0.01338	0.00432	0.00804	0.20185	0.01040	0.01079
7	0.70310	0.02045	0.01554	0.01390	0.02045	0.02372	0.01145	0.03108	0.01799	0.04744	0.01472	0.01718	0.01145	0.00981	0.00654	0.00327	0.00818	0.00573	0.00654	0.01145
8	0.16258	0.02263	0.08336	0.02250	0.02964	0.01979	0.09857	0.03431	0.08329	0.10975	0.12870	0.04625	0.03814	0.01477	0.01079	0.00353	0.01020	0.05909	0.00874	0.01335
9	0.02379	0.15714	0.29024	0.13850	0.09831	0.05696	0.03155	0.03227	0.02251	0.03031	0.01807	0.02260	0.01391	0.00993	0.00953	0.00312	0.01437	0.00780	0.00465	0.01444
10	0.03033	0.13764	0.04106	0.07776	0.33061	0.02631	0.02631	0.03569	0.02462	0.13598	0.02308	0.02646	0.01783	0.01013	0.00981	0.00302	0.01172	0.00895	0.00659	0.01611
11	0.02297	0.02884	0.18490	0.02760	0.07982	0.01984	0.07749	0.08039	0.02744	0.06831	0.13415	0.09969	0.07087	0.01586	0.01140	0.00343	0.01118	0.01408	0.00800	0.01376
12	0.02590	0.02319	0.03467	0.08044	0.32809	0.02435	0.02587	0.07947	0.12412	0.03959	0.08069	0.03422	0.02827	0.01198	0.01075	0.00327	0.01100	0.01092	0.00738	0.01585
13	0.02524	0.03066	0.14238	0.05838	0.46562	0.02502	0.03369	0.03264	0.02375	0.03434	0.01972	0.02545	0.01612	0.00954	0.01039	0.00318	0.01314	0.00912	0.00509	0.01654
14	0.02482	0.02375	0.04048	0.18187	0.45603	0.02477	0.03178	0.03127	0.02344	0.03291	0.01965	0.02661	0.01617	0.00967	0.01049	0.00322	0.01289	0.00942	0.00512	0.01566
15	0.01652	0.01261	0.01574	0.01494	0.01846	0.01170	0.01178	0.02273	0.05864	0.03825	0.32976	0.08050	0.12636	0.02168	0.01228	0.00347	0.00642	0.10616	0.01048	0.08152
16	0.02350	0.01771	0.02680	0.03499	0.22651	0.01739	0.02007	0.05749	0.02559	0.08828	0.08295	0.22396	0.04415	0.01961	0.01185	0.00363	0.00931	0.04420	0.00860	0.01340
17	0.02474	0.02323	0.03723	0.14233	0.37993	0.02381	0.02847	0.03309	0.06977	0.03419	0.02167	0.02724	0.01760	0.00988	0.01023	0.00308	0.01194	0.00931	0.00575	0.08652

[dist]
# distance from previous block
# <min> <max>
1	7

[block]
# block no. 1 follows, 13 sequences, length 16
# corresponding to MSA columns:
# 474-489
name=unknown_B
#
# <colnr> <probs for GDERKNQSTAVLIFYWHMCP>
#	G	D	E	R	K	N	Q	S	T	A	V	L	I	F	Y	W	H	M	C	P
0	0.02463	0.12659	0.20058	0.02361	0.03175	0.05800	0.02463	0.03122	0.02357	0.07832	0.03122	0.05244	0.02923	0.01671	0.01268	0.00369	0.05420	0.15679	0.00694	0.01321
1	0.23270	0.02151	0.03064	0.23339	0.22778	0.02413	0.02492	0.03017	0.02120	0.03594	0.01792	0.02409	0.01421	0.00994	0.00929	0.00331	0.01174	0.00827	0.00545	0.01340
2	0.11385	0.01787	0.01937	0.01714	0.02105	0.01945	0.01306	0.17623	0.02743	0.03985	0.03045	0.05183	0.02995	0.24272	0.07744	0.00716	0.01196	0.06391	0.00801	0.01127
3	0.02383	0.02274	0.03870	0.26742	0.37818	0.02451	0.03129	0.03040	0.02297	0.03171	0.01948	0.02693	0.01575	0.00985	0.01051	0.00328	0.01314	0.00941	0.00503	0.01487
4	0.01671	0.01013	0.01101	0.01101	0.01177	0.01013	0.00671	0.01823	0.01747	0.02633	0.03368	0.06001	0.03494	0.43852	0.03951	0.00785	0.00861	0.01367	0.21622	0.00747
5	0.02984	0.02791	0.03018	0.02812	0.08765	0.14054	0.06352	0.18320	0.03428	0.04372	0.13892	0.07756	0.03794	0.01497	0.01113	0.00322	0.01203	0.01270	0.00863	0.01394
6	0.01671	0.01013	0.01101	0.01101	0.01177	0.01013	0.00671	0.01823	0.01747	0.02633	0.03368	0.06001	0.03494	0.43852	0.03951	0.00785	0.00861	0.01367	0.21622	0.00747
7	0.02571	0.44491	0.04810	0.19838	0.04122	0.03618	0.02157	0.03023	0.02138	0.02553	0.01596	0.02042	0.01373	0.00952	0.00795	0.00265	0.01217	0.00681	0.00458	0.01301
8	0.01837	0.00918	0.01377	0.01377	0.01377	0.00918	0.00918	0.01377	0.01377	0.01837	0.01837	0.03214	0.01837	0.03673	0.04132	0.69238	0.00918	0.00918	0.00459	0.00459
9	0.02443	0.20702	0.13467	0.27818	0.05104	0.02990	0.02695	0.07409	0.02400	0.03106	0.01821	0.02360	0.01416	0.01022	0.00937	0.00309	0.01333	0.00803	0.00513	0.01352
10	0.03280	0.02217	0.03227	0.21018	0.16060	0.02360	0.02446	0.13616	0.03003	0.18226	0.02652	0.02927	0.01871	0.01142	0.01057	0.00330	0.01189	0.00976	0.00826	0.01579
11	0.26780	0.06448	0.15067	0.03042	0.13186	0.05559	0.05752	0.03388	0.02212	0.06882	0.01874	0.02196	0.01428	0.00994	0.00887	0.00320	0.01212	0.00768	0.00596	0.01410
12	0.02260	0.18915	0.27659	0.20369	0.04943	0.02856	0.03081	0.03103	0.02175	0.02933	0.01785	0.02279	0.01365	0.00996	0.00939	0.00313	0.01407	0.00776	0.00455	0.01391
13	0.02522	0.44195	0.04257	0.01676	0.02302	0.03177	0.01535	0.02615	0.01911	0.02287	0.01583	0.02164	0.01505	0.01758	0.01743	0.21498	0.01065	0.00674	0.00454	0.01080
14	0.03058	0.02484	0.02632	0.02238	0.02913	0.02830	0.01777	0.20137	0.39120	0.05114	0.03759	0.03511	0.02787	0.01384	0.01070	0.00346	0.00937	0.01120	0.01070	0.01712
15	0.03177	0.02332	0.02573	0.02137	0.02741	0.02533	0.01693	0.36925	0.04063	0.05442	0.03552	0.20913	0.03399	0.01899	0.01148	0.00352	0.00994	0.01585	0.01034	0.01509

[dist]
# distance from previous block
# <min> <max>
0	2

[block]
# block no. 2 follows, 13 sequences, length 47
# corresponding to MSA columns:
# 492-538
name=unknown_C
#
# <colnr> <probs for GDERKNQSTAVLIFYWHMCP>
#	G	D	E	R	K	N	Q	S	T	A	V	L	I	F	Y	W	H	M	C	P
0	0.01953	0.01830	0.03006	0.49801	0.09964	0.02193	0.02712	0.02602	0.02168	0.02771	0.02902	0.03651	0.07685	0.01236	0.01079	0.00350	0.01298	0.01088	0.00532	0.01176
1	0.02674	0.56302	0.05066	0.01754	0.02583	0.03817	0.01716	0.03031	0.02245	0.02689	0.07706	0.02409	0.02348	0.01049	0.00744	0.00238	0.01058	0.00720	0.00534	0.01316
2	0.01896	0.01191	0.01522	0.01604	0.01826	0.01154	0.01136	0.02432	0.08172	0.10014	0.05435	0.47781	0.05986	0.02834	0.01281	0.00408	0.00677	0.02543	0.01035	0.01076
3	0.03950	0.05039	0.02996	0.02724	0.03269	0.58597	0.02043	0.04222	0.02996	0.02588	0.01634	0.01907	0.01362	0.01090	0.00953	0.00272	0.01907	0.00681	0.00545	0.01226
4	0.02236	0.02276	0.07619	0.01775	0.02736	0.01652	0.01561	0.03069	0.08193	0.03548	0.02160	0.02398	0.01735	0.00880	0.00838	0.00197	0.00866	0.00707	0.00660	0.54892
5	0.01392	0.01030	0.01338	0.01483	0.01645	0.00922	0.01013	0.01609	0.02044	0.02785	0.05373	0.55256	0.06369	0.03022	0.01284	0.00398	0.00633	0.02732	0.00941	0.08731
6	0.01485	0.01108	0.01645	0.01673	0.01847	0.01268	0.01283	0.01840	0.01737	0.02483	0.03177	0.10824	0.03144	0.07399	0.52062	0.01553	0.02577	0.01348	0.00614	0.00934
7	0.03029	0.31203	0.04660	0.02539	0.03347	0.17418	0.10656	0.03752	0.08424	0.02892	0.01954	0.02209	0.01616	0.01010	0.00892	0.00276	0.01405	0.00786	0.00562	0.01372
8	0.03155	0.03108	0.03198	0.17527	0.08212	0.22197	0.05695	0.03647	0.02605	0.09966	0.02119	0.02512	0.01602	0.01050	0.01002	0.00296	0.01462	0.00849	0.00633	0.09165
9	0.02097	0.01723	0.02254	0.02621	0.13168	0.01716	0.01624	0.03114	0.14485	0.03520	0.03789	0.20132	0.03672	0.01748	0.01064	0.00325	0.00811	0.01551	0.08644	0.11942
10	0.02431	0.02272	0.03080	0.02631	0.02747	0.03055	0.02181	0.08251	0.02013	0.03009	0.01662	0.02519	0.01558	0.02379	0.08597	0.00567	0.48348	0.00949	0.00541	0.01210
11	0.02335	0.23058	0.41651	0.02648	0.04011	0.02979	0.03271	0.03293	0.02207	0.03087	0.01768	0.02070	0.01345	0.00974	0.00906	0.00302	0.01432	0.00716	0.00448	0.01500
12	0.03810	0.01593	0.02155	0.01723	0.02377	0.01394	0.01394	0.04245	0.03017	0.41813	0.18986	0.04835	0.04733	0.01554	0.01116	0.00329	0.00784	0.01307	0.01267	0.01569
13	0.04077	0.02464	0.02763	0.02601	0.09800	0.11591	0.01831	0.04497	0.02858	0.35254	0.03219	0.03038	0.02172	0.01171	0.01015	0.00299	0.01110	0.00938	0.01006	0.08295
14	0.01430	0.01070	0.01378	0.01487	0.01686	0.00945	0.01024	0.01658	0.02051	0.02816	0.05210	0.52771	0.06144	0.02917	0.01261	0.00387	0.00640	0.02633	0.00926	0.11568
15	0.01787	0.01121	0.01531	0.01695	0.01901	0.01065	0.01316	0.02109	0.02280	0.08195	0.05577	0.37082	0.06215	0.02965	0.01364	0.00441	0.00780	0.20572	0.01010	0.00995
16	0.01538	0.01025	0.01153	0.01153	0.01153	0.01025	0.00641	0.01538	0.01538	0.02050	0.03331	0.06919	0.03844	0.62842	0.05382	0.01025	0.01025	0.01538	0.00641	0.00641
17	0.70310	0.02045	0.01554	0.01390	0.02045	0.02372	0.01145	0.03108	0.01799	0.04744	0.01472	0.01718	0.01145	0.00981	0.00654	0.00327	0.00818	0.00573	0.00654	0.01145
18	0.01997	0.01879	0.03171	0.60301	0.07282	0.02349	0.02936	0.02701	0.02114	0.02701	0.01879	0.02819	0.01409	0.01057	0.01057	0.00352	0.01409	0.00940	0.00470	0.01175
19	0.70310	0.02045	0.01554	0.01390	0.02045	0.02372	0.01145	0.03108	0.01799	0.04744	0.01472	0.01718	0.01145	0.00981	0.00654	0.00327	0.00818	0.00573	0.00654	0.01145
20	0.01696	0.01250	0.01583	0.01722	0.01925	0.01283	0.01341	0.02353	0.08984	0.03023	0.05089	0.22094	0.05539	0.13247	0.02066	0.00550	0.00878	0.23466	0.00931	0.00980
21	0.01785	0.01635	0.02579	0.43299	0.05607	0.01928	0.02336	0.02358	0.02170	0.02734	0.04051	0.08852	0.13375	0.01571	0.01120	0.00359	0.01164	0.01369	0.00617	0.01091
22	0.10060	0.01819	0.02381	0.01841	0.02646	0.01620	0.01521	0.04987	0.02927	0.52744	0.03952	0.03446	0.02498	0.01282	0.01030	0.00327	0.00893	0.01023	0.01256	0.01746
23	0.70310	0.02045	0.01554	0.01390	0.02045	0.02372	0.01145	0.03108	0.01799	0.04744	0.01472	0.01718	0.01145	0.00981	0.00654	0.00327	0.00818	0.00573	0.00654	0.01145
24	0.01380	0.01076	0.01252	0.01208	0.01508	0.00948	0.00906	0.01770	0.02718	0.03587	0.34468	0.08972	0.31605	0.02405	0.01248	0.00344	0.00516	0.02063	0.01078	0.00948
25	0.02827	0.63478	0.05540	0.01809	0.02714	0.04184	0.01809	0.03166	0.02148	0.02488	0.01470	0.01696	0.01357	0.00905	0.00678	0.00226	0.01131	0.00565	0.00452	0.01357
26	0.02357	0.01869	0.03077	0.52642	0.06681	0.02245	0.02755	0.03023	0.02234	0.09818	0.02180	0.02921	0.01568	0.01090	0.01058	0.00349	0.01343	0.00956	0.00580	0.01256
27	0.01997	0.01879	0.03171	0.60301	0.07282	0.02349	0.02936	0.02701	0.02114	0.02701	0.01879	0.02819	0.01409	0.01057	0.01057	0.00352	0.01409	0.00940	0.00470	0.01175
28	0.02005	0.04482	0.44586	0.02709	0.03970	0.02150	0.03333	0.03064	0.02333	0.03412	0.07651	0.04058	0.02807	0.01369	0.01088	0.00355	0.01381	0.07231	0.00586	0.01430
29	0.02496	0.02852	0.06239	0.04456	0.05526	0.02674	0.52406	0.03387	0.02496	0.03387	0.02139	0.02852	0.01604	0.00891	0.01248	0.00357	0.01783	0.01248	0.00535	0.01426
30	0.02767	0.02142	0.03487	0.04862	0.37077	0.02104	0.02673	0.03333	0.02510	0.11771	0.03051	0.04629	0.02703	0.01394	0.01132	0.00351	0.01144	0.10581	0.00736	0.01554
31	0.02456	0.02783	0.10933	0.14132	0.37844	0.02488	0.03167	0.03349	0.06189	0.03394	0.02131	0.02697	0.01704	0.01005	0.01045	0.00326	0.01289	0.00939	0.00546	0.01582
32	0.03404	0.02680	0.08960	0.02800	0.03720	0.02346	0.15818	0.14443	0.06198	0.20196	0.06048	0.03305	0.02503	0.01213	0.01118	0.00336	0.01236	0.01120	0.00936	0.01619
33	0.04139	0.03228	0.02618	0.02240	0.02880	0.27727	0.01739	0.04470	0.02943	0.28215	0.03120	0.06879	0.02343	0.01347	0.01033	0.00309	0.01343	0.01022	0.00935	0.01471
34	0.04129	0.01931	0.02555	0.02014	0.02688	0.01905	0.01660	0.09251	0.03030	0.41259	0.07217	0.03624	0.02886	0.01435	0.01391	0.00344	0.08765	0.01093	0.01163	0.01659
35	0.12561	0.03027	0.13412	0.02777	0.10106	0.06177	0.02273	0.09706	0.05685	0.19963	0.02720	0.02729	0.01898	0.01144	0.00987	0.00324	0.01161	0.00894	0.00854	0.01601
36	0.01933	0.01671	0.02439	0.11167	0.03027	0.01951	0.04700	0.05084	0.02185	0.03020	0.08956	0.18173	0.04066	0.10021	0.02308	0.00482	0.15389	0.01643	0.00730	0.01055
37	0.02211	0.04839	0.45062	0.03361	0.04805	0.02508	0.15577	0.03358	0.02296	0.03358	0.01956	0.02381	0.01403	0.00977	0.01063	0.00340	0.01616	0.00894	0.00468	0.01530
38	0.03319	0.02391	0.02591	0.15265	0.03763	0.13126	0.01996	0.03931	0.05697	0.21549	0.03401	0.04538	0.02726	0.01493	0.01109	0.00351	0.01225	0.09239	0.00896	0.01394
39	0.02867	0.19318	0.28006	0.02559	0.03718	0.07238	0.02811	0.14677	0.02895	0.03837	0.01918	0.02145	0.01450	0.01047	0.00932	0.00299	0.01389	0.00759	0.00595	0.01540
40	0.01611	0.01064	0.01384	0.01478	0.01684	0.00979	0.01084	0.01917	0.02378	0.06838	0.16209	0.35624	0.12863	0.02826	0.01310	0.00401	0.00641	0.07700	0.01040	0.00968
41	0.10406	0.01149	0.01324	0.01447	0.01680	0.01125	0.01076	0.01837	0.02195	0.03176	0.09795	0.33673	0.15058	0.02752	0.01249	0.00404	0.00670	0.09104	0.00951	0.00929
42	0.02372	0.02066	0.03094	0.30353	0.15464	0.02322	0.02520	0.11272	0.02758	0.03670	0.07043	0.03697	0.06325	0.01282	0.01085	0.00337	0.01197	0.01118	0.00677	0.01346
43	0.02460	0.02293	0.03789	0.27166	0.34043	0.02495	0.03051	0.05993	0.02447	0.03354	0.01979	0.02691	0.01579	0.01006	0.01051	0.00329	0.01310	0.00942	0.00535	0.01488
44	0.07040	0.02154	0.02875	0.10057	0.06474	0.02257	0.04863	0.16156	0.06150	0.18127	0.03272	0.07118	0.02593	0.01440	0.01093	0.00348	0.01084	0.04413	0.00954	0.01532
45	0.10953	0.01901	0.02959	0.52577	0.06595	0.02352	0.02701	0.02755	0.02073	0.02969	0.01826	0.02674	0.01375	0.01047	0.01004	0.00349	0.01332	0.00891	0.00494	0.01171
46	0.12084	0.02591	0.06329	0.03097	0.11586	0.02514	0.08478	0.17090	0.05992	0.12199	0.02736	0.03242	0.02089	0.01228	0.01049	0.00338	0.01166	0.03760	0.00853	0.01578

[dist]
# distance from previous block
# <min> <max>
1	10

[block]
# block no. 3 follows, 13 sequences, length 18
# corresponding to MSA columns:
# 549-566
name=unknown_D
#
# <colnr> <probs for GDERKNQSTAVLIFYWHMCP>
#	G	D	E	R	K	N	Q	S	T	A	V	L	I	F	Y	W	H	M	C	P
0	0.18175	0.05590	0.02564	0.02210	0.06979	0.02204	0.01647	0.08510	0.07680	0.21920	0.02950	0.02993	0.02129	0.01945	0.07505	0.00478	0.01163	0.00927	0.00920	0.01510
1	0.35958	0.25485	0.03180	0.01647	0.02390	0.03095	0.01466	0.03450	0.08636	0.03843	0.01833	0.01994	0.01491	0.01010	0.00717	0.00293	0.00940	0.00649	0.00631	0.01293
2	0.03416	0.01501	0.01985	0.01645	0.02235	0.01310	0.01310	0.03804	0.02857	0.35898	0.14587	0.10301	0.10896	0.01808	0.01145	0.00341	0.00756	0.01532	0.01213	0.01458
3	0.02857	0.02167	0.09156	0.13914	0.03698	0.01838	0.02144	0.07204	0.02762	0.19046	0.08101	0.05388	0.03552	0.01644	0.01157	0.00368	0.01087	0.11597	0.00926	0.01392
4	0.22229	0.09504	0.24220	0.02273	0.03329	0.02720	0.02457	0.09768	0.07212	0.04190	0.02034	0.02227	0.01516	0.01061	0.00885	0.00322	0.01188	0.00759	0.00643	0.01462
5	0.03091	0.20029	0.03561	0.02442	0.07675	0.02995	0.01874	0.09218	0.23118	0.10698	0.03082	0.02991	0.02327	0.01204	0.00955	0.00308	0.01000	0.00949	0.00873	0.01610
6	0.02766	0.02146	0.08689	0.09737	0.07360	0.01844	0.02025	0.03522	0.06345	0.18818	0.17391	0.04400	0.04235	0.01483	0.01230	0.00341	0.04061	0.01240	0.00943	0.01422
7	0.02562	0.04432	0.36300	0.12944	0.04720	0.08738	0.03295	0.03510	0.02376	0.08370	0.02086	0.02431	0.01479	0.01053	0.01014	0.00330	0.01510	0.00825	0.00546	0.01479
8	0.02739	0.19309	0.03628	0.10132	0.12612	0.02738	0.02074	0.03755	0.13336	0.09453	0.07474	0.03257	0.02744	0.01203	0.00971	0.00307	0.01042	0.00992	0.00761	0.01474
9	0.01907	0.01735	0.02869	0.49996	0.06326	0.02117	0.02653	0.02545	0.02132	0.02740	0.02554	0.09073	0.02316	0.01421	0.01118	0.00371	0.01299	0.05141	0.00559	0.01129
10	0.02334	0.09433	0.30402	0.18787	0.05116	0.02550	0.07075	0.03261	0.02259	0.06223	0.02004	0.02473	0.01456	0.01019	0.01011	0.00331	0.01459	0.00858	0.00511	0.01439
11	0.02540	0.01745	0.02692	0.18429	0.03841	0.01912	0.05481	0.02954	0.02313	0.14749	0.07813	0.04219	0.08630	0.01726	0.01726	0.06659	0.09370	0.01213	0.00773	0.01215
12	0.02562	0.41743	0.24958	0.02260	0.03412	0.03536	0.02595	0.03234	0.02180	0.02810	0.01630	0.01897	0.01350	0.00942	0.00801	0.00267	0.01293	0.00646	0.00450	0.01434
13	0.02418	0.10309	0.08965	0.31663	0.15447	0.02710	0.02861	0.07501	0.02447	0.03244	0.01910	0.02554	0.01482	0.01030	0.01002	0.00324	0.01337	0.00878	0.00529	0.01388
14	0.02327	0.13555	0.19465	0.11642	0.10732	0.02778	0.02782	0.03272	0.07263	0.03174	0.04575	0.02724	0.01997	0.01181	0.01261	0.00333	0.08059	0.00899	0.00558	0.01421
15	0.02243	0.02460	0.10086	0.46405	0.06481	0.02468	0.02955	0.08477	0.02454	0.03235	0.01957	0.02712	0.01445	0.01075	0.01050	0.00346	0.01401	0.00921	0.00534	0.01295
16	0.02566	0.02426	0.07491	0.25130	0.29756	0.02356	0.03017	0.03243	0.02350	0.08388	0.02155	0.02758	0.01647	0.01024	0.01049	0.00331	0.01298	0.00942	0.00575	0.01499
17	0.02780	0.14103	0.03726	0.32073	0.05276	0.02569	0.06266	0.03364	0.02343	0.14175	0.02303	0.02764	0.01669	0.01067	0.00998	0.00322	0.01276	0.00916	0.00649	0.01362

[dist]
# distance from previous block
# <min> <max>
0	1

[block]
# block no. 4 follows, 13 sequences, length 10
# corresponding to MSA columns:
# 568-577
name=unknown_E
#
# <colnr> <probs for GDERKNQSTAVLIFYWHMCP>
#	G	D	E	R	K	N	Q	S	T	A	V	L	I	F	Y	W	H	M	C	P
0	0.03405	0.12561	0.14389	0.03194	0.15833	0.02383	0.02469	0.04019	0.02579	0.24773	0.02764	0.02787	0.01935	0.01096	0.00986	0.00309	0.01154	0.00898	0.00812	0.01652
1	0.02542	0.31314	0.23110	0.03161	0.14082	0.03254	0.02818	0.03245	0.02229	0.02977	0.01721	0.02065	0.01415	0.00946	0.00864	0.00281	0.01304	0.00715	0.00465	0.01491
2	0.02671	0.01703	0.02746	0.07695	0.08022	0.01685	0.07375	0.03194	0.02494	0.17919	0.09808	0.04908	0.03605	0.02814	0.12688	0.00624	0.01422	0.06423	0.00872	0.01330
3	0.01920	0.14660	0.15729	0.02034	0.02694	0.02165	0.02035	0.02492	0.01916	0.02674	0.02336	0.03203	0.02075	0.04872	0.33302	0.01079	0.02189	0.00935	0.00515	0.01174
4	0.02967	0.17690	0.28266	0.02550	0.03672	0.13975	0.02780	0.03707	0.02465	0.09650	0.02032	0.02218	0.01506	0.01037	0.00930	0.00297	0.01454	0.00749	0.00574	0.01479
5	0.24826	0.06423	0.03414	0.25481	0.04874	0.02550	0.12177	0.03006	0.02089	0.03502	0.01768	0.02382	0.01357	0.00988	0.00935	0.00336	0.01268	0.00853	0.00543	0.01228
6	0.02340	0.02339	0.15089	0.07112	0.02986	0.01642	0.01951	0.02867	0.02131	0.13556	0.03312	0.04387	0.05239	0.16148	0.13549	0.00761	0.01499	0.01164	0.00716	0.01214
7	0.02485	0.39527	0.13367	0.02263	0.03187	0.03323	0.07827	0.03011	0.02186	0.02754	0.02155	0.09403	0.02080	0.01217	0.00879	0.00284	0.01210	0.00980	0.00526	0.01336
8	0.02458	0.01900	0.03044	0.13054	0.24359	0.01947	0.02491	0.03026	0.02440	0.09358	0.03419	0.05851	0.03204	0.01659	0.01188	0.00379	0.01146	0.16948	0.00754	0.01376
9	0.02419	0.02054	0.03429	0.39660	0.20925	0.02325	0.02902	0.03076	0.02280	0.07748	0.02115	0.02830	0.01593	0.01046	0.01055	0.00339	0.01320	0.00951	0.00560	0.01374

[dist]
# distance from previous block
# <min> <max>
0	1

[block]
# block no. 5 follows, 13 sequences, length 33
# corresponding to MSA columns:
# 579-611
name=unknown_F
#
# <colnr> <probs for GDERKNQSTAVLIFYWHMCP>
#	G	D	E	R	K	N	Q	S	T	A	V	L	I	F	Y	W	H	M	C	P
0	0.01899	0.01786	0.08402	0.01776	0.02263	0.01342	0.05361	0.02422	0.02624	0.07930	0.30543	0.06512	0.10091	0.10316	0.01778	0.00432	0.00833	0.01629	0.00956	0.01106
1	0.02705	0.16842	0.23667	0.03041	0.10923	0.02989	0.02795	0.11432	0.08808	0.03832	0.02203	0.02420	0.01685	0.01067	0.00957	0.00308	0.01277	0.00833	0.00630	0.01584
2	0.02814	0.03224	0.15362	0.04345	0.27249	0.02680	0.02936	0.14259	0.09037	0.04240	0.02360	0.02673	0.01811	0.01084	0.01043	0.00325	0.01253	0.00939	0.00687	0.01677
3	0.02313	0.02313	0.03238	0.02776	0.02776	0.03238	0.02313	0.02545	0.01619	0.02545	0.01388	0.02313	0.01388	0.01851	0.03470	0.00463	0.60907	0.00925	0.00463	0.01157
4	0.01837	0.00918	0.01377	0.01377	0.01377	0.00918	0.00918	0.01377	0.01377	0.01837	0.01837	0.03214	0.01837	0.03673	0.04132	0.69238	0.00918	0.00918	0.00459	0.00459
5	0.03509	0.02708	0.02886	0.02329	0.03084	0.03040	0.01886	0.35408	0.23116	0.05840	0.03187	0.03055	0.02324	0.01330	0.01064	0.00332	0.01043	0.01041	0.01064	0.01752
6	0.02555	0.22473	0.35531	0.02586	0.03868	0.03068	0.03058	0.09106	0.02530	0.03482	0.01845	0.02108	0.01399	0.01006	0.00914	0.00300	0.01387	0.00737	0.00520	0.01529
7	0.02617	0.02512	0.04292	0.06490	0.56246	0.02512	0.03245	0.03245	0.02407	0.03454	0.01989	0.02617	0.01675	0.00942	0.01047	0.00314	0.01256	0.00942	0.00523	0.01675
8	0.03363	0.07338	0.03493	0.03622	0.22159	0.02467	0.02248	0.14195	0.03049	0.16116	0.02543	0.02696	0.01875	0.01073	0.00992	0.00292	0.01090	0.00904	0.00821	0.09664
9	0.01495	0.01200	0.01794	0.18631	0.03210	0.01293	0.01552	0.01831	0.02051	0.02700	0.04676	0.44846	0.05364	0.02655	0.01264	0.00407	0.00846	0.02403	0.00832	0.00951
10	0.02612	0.13411	0.35027	0.03221	0.11855	0.02621	0.03211	0.03517	0.02339	0.09546	0.02114	0.02370	0.01543	0.01016	0.00968	0.00314	0.01373	0.00806	0.00560	0.01576
11	0.02489	0.30417	0.24638	0.02637	0.03739	0.03297	0.08578	0.03214	0.02182	0.02916	0.01701	0.02076	0.01382	0.01009	0.01069	0.00299	0.05719	0.00752	0.00461	0.01427
12	0.01704	0.01217	0.01704	0.01947	0.02191	0.01217	0.01704	0.02191	0.02434	0.03164	0.05598	0.11926	0.06085	0.02921	0.01460	0.00487	0.00974	0.49130	0.00974	0.00974
13	0.03090	0.03235	0.02602	0.02351	0.02930	0.22123	0.01802	0.05132	0.36454	0.03784	0.03374	0.03235	0.02578	0.01314	0.01033	0.00329	0.01209	0.01016	0.00891	0.01518
14	0.02121	0.05469	0.57364	0.03014	0.04576	0.02455	0.03906	0.03348	0.02232	0.03348	0.01897	0.02232	0.01339	0.01005	0.01005	0.00335	0.01563	0.00781	0.00446	0.01563
15	0.01997	0.01879	0.03171	0.60301	0.07282	0.02349	0.02936	0.02701	0.02114	0.02701	0.01879	0.02819	0.01409	0.01057	0.01057	0.00352	0.01409	0.00940	0.00470	0.01175
16	0.02827	0.63478	0.05540	0.01809	0.02714	0.04184	0.01809	0.03166	0.02148	0.02488	0.01470	0.01696	0.01357	0.00905	0.00678	0.00226	0.01131	0.00565	0.00452	0.01357
17	0.01837	0.00918	0.01377	0.01377	0.01377	0.00918	0.00918	0.01377	0.01377	0.01837	0.01837	0.03214	0.01837	0.03673	0.04132	0.69238	0.00918	0.00918	0.00459	0.00459
18	0.01997	0.01879	0.03171	0.60301	0.07282	0.02349	0.02936	0.02701	0.02114	0.02701	0.01879	0.02819	0.01409	0.01057	0.01057	0.00352	0.01409	0.00940	0.00470	0.01175
19	0.01250	0.01071	0.01071	0.01071	0.01428	0.00893	0.00803	0.01517	0.02410	0.02856	0.10711	0.10175	0.55817	0.02678	0.01250	0.00357	0.00536	0.02231	0.00982	0.00893
20	0.01538	0.01025	0.01153	0.01153	0.01153	0.01025	0.00641	0.01538	0.01538	0.02050	0.03331	0.06919	0.03844	0.62842	0.05382	0.01025	0.01025	0.01538	0.00641	0.00641
21	0.01997	0.01879	0.03171	0.60301	0.07282	0.02349	0.02936	0.02701	0.02114	0.02701	0.01879	0.02819	0.01409	0.01057	0.01057	0.00352	0.01409	0.00940	0.00470	0.01175
22	0.02121	0.05469	0.57364	0.03014	0.04576	0.02455	0.03906	0.03348	0.02232	0.03348	0.01897	0.02232	0.01339	0.01005	0.01005	0.00335	0.01563	0.00781	0.00446	0.01563
23	0.02827	0.63478	0.05540	0.01809	0.02714	0.04184	0.01809	0.03166	0.02148	0.02488	0.01470	0.01696	0.01357	0.00905	0.00678	0.00226	0.01131	0.00565	0.00452	0.01357
24	0.01538	0.01025	0.01153	0.01153	0.01153	0.01025	0.00641	0.01538	0.01538	0.02050	0.03331	0.06919	0.03844	0.62842	0.05382	0.01025	0.01025	0.01538	0.00641	0.00641
25	0.03980	0.04126	0.03074	0.02596	0.03273	0.34288	0.02028	0.25534	0.03864	0.04379	0.02032	0.02184	0.01554	0.01169	0.00999	0.00292	0.01580	0.00800	0.00770	0.01477
26	0.01250	0.01071	0.01071	0.01071	0.01428	0.00893	0.00803	0.01517	0.02410	0.02856	0.10711	0.10175	0.55817	0.02678	0.01250	0.00357	0.00536	0.02231	0.00982	0.00893
27	0.22531	0.02328	0.02385	0.01973	0.02692	0.02572	0.01600	0.18161	0.17447	0.13378	0.02981	0.02862	0.02137	0.01240	0.00949	0.00333	0.00934	0.00929	0.00988	0.01579
28	0.01692	0.01302	0.01745	0.01707	0.01939	0.01495	0.01298	0.02441	0.10071	0.02721	0.03125	0.04446	0.02878	0.13358	0.43204	0.01406	0.02301	0.01190	0.00656	0.01025
29	0.02436	0.02327	0.03964	0.22224	0.41929	0.02464	0.03155	0.03086	0.02322	0.03234	0.01957	0.02676	0.01597	0.00976	0.01050	0.00325	0.01301	0.00941	0.00508	0.01529
30	0.70310	0.02045	0.01554	0.01390	0.02045	0.02372	0.01145	0.03108	0.01799	0.04744	0.01472	0.01718	0.01145	0.00981	0.00654	0.00327	0.00818	0.00573	0.00654	0.01145
31	0.30590	0.02019	0.01805	0.01609	0.02123	0.06203	0.01269	0.07019	0.06375	0.04536	0.21028	0.04154	0.04501	0.01465	0.00951	0.00326	0.00816	0.01132	0.00890	0.01190
32	0.02872	0.03128	0.03072	0.16386	0.13923	0.22360	0.02340	0.03751	0.10724	0.03181	0.06030	0.02995	0.02338	0.01185	0.01035	0.00316	0.01403	0.00957	0.00651	0.01352

[dist]
# distance from previous block
# <min> <max>
1	3

[block]
# block no. 6 follows, 13 sequences, length 10
# corresponding to MSA columns:
# 615-624
name=unknown_G
#
# <colnr> <probs for GDERKNQSTAVLIFYWHMCP>
#	G	D	E	R	K	N	Q	S	T	A	V	L	I	F	Y	W	H	M	C	P
0	0.02396	0.01693	0.02017	0.01582	0.02301	0.01424	0.01252	0.03075	0.07186	0.11312	0.13006	0.04224	0.07644	0.01318	0.00971	0.00247	0.00733	0.01102	0.00891	0.35623
1	0.01671	0.01452	0.01517	0.01702	0.01851	0.07638	0.01233	0.01919	0.02210	0.02768	0.05299	0.46272	0.06178	0.02985	0.01323	0.00421	0.00827	0.10883	0.00929	0.00922
2	0.02192	0.01879	0.02192	0.01566	0.02506	0.01409	0.01253	0.02662	0.02192	0.03445	0.01879	0.02192	0.01566	0.00783	0.00783	0.00157	0.00783	0.00626	0.00626	0.69305
3	0.01484	0.01121	0.01413	0.01573	0.01827	0.01050	0.01283	0.01848	0.02362	0.02986	0.07384	0.19145	0.23246	0.02899	0.01371	0.00433	0.00768	0.25900	0.00978	0.00928
4	0.01997	0.01879	0.03171	0.60301	0.07282	0.02349	0.02936	0.02701	0.02114	0.02701	0.01879	0.02819	0.01409	0.01057	0.01057	0.00352	0.01409	0.00940	0.00470	0.01175
5	0.03700	0.03160	0.02936	0.03077	0.13586	0.23187	0.02031	0.07514	0.02950	0.17175	0.02597	0.02726	0.01908	0.01143	0.00987	0.00296	0.01328	0.00880	0.07339	0.01481
6	0.01837	0.00918	0.01377	0.01377	0.01377	0.00918	0.00918	0.01377	0.01377	0.01837	0.01837	0.03214	0.01837	0.03673	0.04132	0.69238	0.00918	0.00918	0.00459	0.00459
7	0.02603	0.20200	0.28465	0.03026	0.08044	0.03037	0.07455	0.09038	0.02566	0.03516	0.01887	0.02211	0.01447	0.00994	0.00949	0.00304	0.01397	0.00798	0.00533	0.01531
8	0.02121	0.05469	0.57364	0.03014	0.04576	0.02455	0.03906	0.03348	0.02232	0.03348	0.01897	0.02232	0.01339	0.01005	0.01005	0.00335	0.01563	0.00781	0.00446	0.01563
9	0.13451	0.02438	0.02355	0.01948	0.02615	0.08771	0.01564	0.16508	0.08166	0.17686	0.02978	0.02939	0.02120	0.01227	0.00945	0.00310	0.01009	0.00921	0.10541	0.01510

[dist]
# distance from previous block
# <min> <max>
0	1

[block]
# block no. 7 follows, 13 sequences, length 38
# corresponding to MSA columns:
# 626-663
name=unknown_H
#
# <colnr> <probs for GDERKNQSTAVLIFYWHMCP>
#	G	D	E	R	K	N	Q	S	T	A	V	L	I	F	Y	W	H	M	C	P
0	0.33069	0.06874	0.02234	0.01801	0.02380	0.11304	0.01432	0.07481	0.07051	0.04073	0.02483	0.10888	0.02296	0.01401	0.00878	0.00328	0.01014	0.01035	0.00743	0.01234
1	0.01344	0.00969	0.01250	0.01454	0.01551	0.00908	0.01002	0.01546	0.02051	0.02697	0.05996	0.48478	0.10701	0.08420	0.01703	0.00481	0.00675	0.06970	0.00951	0.00853
2	0.02192	0.01879	0.02192	0.01566	0.02506	0.01409	0.01253	0.02662	0.02192	0.03445	0.01879	0.02192	0.01566	0.00783	0.00783	0.00157	0.00783	0.00626	0.00626	0.69305
3	0.02616	0.03353	0.17731	0.04227	0.19587	0.02565	0.15877	0.09751	0.02708	0.03830	0.02070	0.02543	0.01582	0.00976	0.01072	0.00320	0.01425	0.00961	0.00584	0.06222
4	0.02178	0.03005	0.19587	0.02669	0.07134	0.01949	0.06824	0.06320	0.02412	0.03492	0.02751	0.14275	0.02606	0.01412	0.01045	0.00307	0.01141	0.01250	0.00657	0.18987
5	0.01296	0.00979	0.01197	0.01340	0.01506	0.00881	0.00930	0.01533	0.02226	0.02885	0.11770	0.41841	0.21748	0.03020	0.01311	0.00399	0.00580	0.02677	0.00998	0.00881
6	0.01680	0.01420	0.02126	0.15605	0.07934	0.01552	0.01788	0.02064	0.02119	0.02814	0.04571	0.30512	0.08022	0.02397	0.01404	0.00404	0.05008	0.06755	0.00786	0.01039
7	0.02357	0.08601	0.08401	0.26548	0.27659	0.02611	0.03037	0.03035	0.02254	0.03058	0.01887	0.02571	0.01512	0.00988	0.01010	0.00322	0.01328	0.00890	0.00489	0.01440
8	0.04744	0.01799	0.02454	0.01881	0.02699	0.01554	0.01554	0.05153	0.03026	0.56979	0.04171	0.03599	0.02617	0.01309	0.01063	0.00327	0.00900	0.01063	0.01309	0.01799
9	0.01307	0.01073	0.01150	0.01131	0.01463	0.00917	0.00848	0.01628	0.02544	0.03175	0.21087	0.09650	0.45243	0.02559	0.01249	0.00351	0.00527	0.02158	0.01024	0.00917
10	0.02561	0.17624	0.32916	0.02884	0.04157	0.02798	0.11093	0.03467	0.02324	0.07710	0.02034	0.02329	0.01494	0.00990	0.00976	0.00314	0.01446	0.00833	0.00535	0.01515
11	0.02328	0.02257	0.03953	0.30494	0.29947	0.02453	0.07274	0.03013	0.02283	0.03110	0.01952	0.02728	0.01550	0.00989	0.01068	0.00335	0.01370	0.00967	0.00500	0.01429
12	0.02266	0.01260	0.01682	0.01519	0.01899	0.01148	0.01196	0.02743	0.02945	0.16299	0.38803	0.07308	0.07890	0.02041	0.01226	0.00347	0.00639	0.06431	0.01178	0.01180
13	0.63551	0.02091	0.01827	0.01900	0.07457	0.02386	0.01355	0.03122	0.01860	0.04615	0.01524	0.01807	0.01198	0.00978	0.00694	0.00326	0.00862	0.00609	0.00641	0.01198
14	0.01510	0.01133	0.01699	0.01699	0.01888	0.01322	0.01322	0.01888	0.01699	0.02454	0.02832	0.04154	0.02643	0.07930	0.58652	0.01699	0.02832	0.01133	0.00566	0.00944
15	0.02921	0.02331	0.07716	0.03870	0.25492	0.02028	0.02391	0.03701	0.06539	0.16984	0.11557	0.03800	0.03367	0.01277	0.01083	0.00325	0.01037	0.01138	0.00860	0.01585
16	0.02617	0.02512	0.04292	0.06490	0.56246	0.02512	0.03245	0.03245	0.02407	0.03454	0.01989	0.02617	0.01675	0.00942	0.01047	0.00314	0.01256	0.00942	0.00523	0.01675
17	0.02192	0.01879	0.02192	0.01566	0.02506	0.01409	0.01253	0.02662	0.02192	0.03445	0.01879	0.02192	0.01566	0.00783	0.00783	0.00157	0.00783	0.00626	0.00626	0.69305
18	0.04019	0.02962	0.03173	0.02433	0.03279	0.03279	0.02010	0.52721	0.04971	0.06663	0.02538	0.02538	0.01798	0.01269	0.01058	0.00317	0.01163	0.00952	0.01058	0.01798
19	0.02192	0.01879	0.02192	0.01566	0.02506	0.01409	0.01253	0.02662	0.02192	0.03445	0.01879	0.02192	0.01566	0.00783	0.00783	0.00157	0.00783	0.00626	0.00626	0.69305
20	0.01250	0.01071	0.01071	0.01071	0.01428	0.00893	0.00803	0.01517	0.02410	0.02856	0.10711	0.10175	0.55817	0.02678	0.01250	0.00357	0.00536	0.02231	0.00982	0.00893
21	0.02496	0.02852	0.06239	0.04456	0.05526	0.02674	0.52406	0.03387	0.02496	0.03387	0.02139	0.02852	0.01604	0.00891	0.01248	0.00357	0.01783	0.01248	0.00535	0.01426
22	0.01704	0.01217	0.01704	0.01947	0.02191	0.01217	0.01704	0.02191	0.02434	0.03164	0.05598	0.11926	0.06085	0.02921	0.01460	0.00487	0.00974	0.49130	0.00974	0.00974
23	0.04744	0.01799	0.02454	0.01881	0.02699	0.01554	0.01554	0.05153	0.03026	0.56979	0.04171	0.03599	0.02617	0.01309	0.01063	0.00327	0.00900	0.01063	0.01309	0.01799
24	0.04464	0.02249	0.02732	0.02095	0.02923	0.02221	0.01730	0.23553	0.03779	0.37516	0.03540	0.03189	0.02300	0.01293	0.01061	0.00323	0.01002	0.01020	0.01212	0.01799
25	0.01250	0.01071	0.01071	0.01071	0.01428	0.00893	0.00803	0.01517	0.02410	0.02856	0.10711	0.10175	0.55817	0.02678	0.01250	0.00357	0.00536	0.02231	0.00982	0.00893
26	0.02192	0.01879	0.02192	0.01566	0.02506	0.01409	0.01253	0.02662	0.02192	0.03445	0.01879	0.02192	0.01566	0.00783	0.00783	0.00157	0.00783	0.00626	0.00626	0.69305
27	0.01273	0.00979	0.01167	0.01317	0.01493	0.00872	0.00913	0.01490	0.02173	0.02760	0.07716	0.42047	0.25879	0.03067	0.01311	0.00401	0.00583	0.02706	0.00982	0.00872
28	0.70310	0.02045	0.01554	0.01390	0.02045	0.02372	0.01145	0.03108	0.01799	0.04744	0.01472	0.01718	0.01145	0.00981	0.00654	0.00327	0.00818	0.00573	0.00654	0.01145
29	0.01324	0.00946	0.01268	0.01514	0.01591	0.00890	0.01045	0.01535	0.02060	0.02740	0.05807	0.57769	0.06914	0.03278	0.01359	0.00434	0.00645	0.07031	0.00981	0.00869
30	0.02236	0.01961	0.03666	0.03421	0.12060	0.01852	0.20223	0.02770	0.02343	0.07593	0.03710	0.25814	0.03785	0.01871	0.01239	0.00375	0.01171	0.01862	0.00770	0.01278
31	0.07955	0.02209	0.03858	0.04184	0.23792	0.02185	0.16530	0.02859	0.02170	0.03201	0.02315	0.03656	0.02138	0.15989	0.02126	0.00500	0.01314	0.01144	0.00566	0.01308
32	0.01997	0.01879	0.03171	0.60301	0.07282	0.02349	0.02936	0.02701	0.02114	0.02701	0.01879	0.02819	0.01409	0.01057	0.01057	0.00352	0.01409	0.00940	0.00470	0.01175
33	0.02827	0.63478	0.05540	0.01809	0.02714	0.04184	0.01809	0.03166	0.02148	0.02488	0.01470	0.01696	0.01357	0.00905	0.00678	0.00226	0.01131	0.00565	0.00452	0.01357
34	0.01496	0.01081	0.01413	0.01330	0.01580	0.00998	0.00998	0.01995	0.02993	0.04240	0.55689	0.07898	0.09976	0.02162	0.01247	0.00333	0.00499	0.01912	0.01164	0.00998
35	0.01250	0.01071	0.01071	0.01071	0.01428	0.00893	0.00803	0.01517	0.02410	0.02856	0.10711	0.10175	0.55817	0.02678	0.01250	0.00357	0.00536	0.02231	0.00982	0.00893
36	0.70310	0.02045	0.01554	0.01390	0.02045	0.02372	0.01145	0.03108	0.01799	0.04744	0.01472	0.01718	0.01145	0.00981	0.00654	0.00327	0.00818	0.00573	0.00654	0.01145
37	0.01293	0.01073	0.01131	0.01116	0.01455	0.00911	0.00837	0.01601	0.02512	0.03098	0.18577	0.09777	0.47801	0.02587	0.01249	0.00353	0.00529	0.02176	0.01014	0.00911

[dist]
# distance from previous block
# <min> <max>
0	67

[block]
# block no. 8 follows, 13 sequences, length 26
# corresponding to MSA columns:
# 731-756
name=unknown_I
#
# <colnr> <probs for GDERKNQSTAVLIFYWHMCP>
#	G	D	E	R	K	N	Q	S	T	A	V	L	I	F	Y	W	H	M	C	P
0	0.04744	0.01799	0.02454	0.01881	0.02699	0.01554	0.01554	0.05153	0.03026	0.56979	0.04171	0.03599	0.02617	0.01309	0.01063	0.00327	0.00900	0.01063	0.01309	0.01799
1	0.02121	0.05469	0.57364	0.03014	0.04576	0.02455	0.03906	0.03348	0.02232	0.03348	0.01897	0.02232	0.01339	0.01005	0.01005	0.00335	0.01563	0.00781	0.00446	0.01563
2	0.02630	0.02271	0.02391	0.02152	0.02749	0.02630	0.01674	0.05618	0.54336	0.04423	0.04303	0.03945	0.03228	0.01434	0.01076	0.00359	0.00837	0.01195	0.01076	0.01674
3	0.70310	0.02045	0.01554	0.01390	0.02045	0.02372	0.01145	0.03108	0.01799	0.04744	0.01472	0.01718	0.01145	0.00981	0.00654	0.00327	0.00818	0.00573	0.00654	0.01145
4	0.04019	0.02962	0.03173	0.02433	0.03279	0.03279	0.02010	0.52721	0.04971	0.06663	0.02538	0.02538	0.01798	0.01269	0.01058	0.00317	0.01163	0.00952	0.01058	0.01798
5	0.70310	0.02045	0.01554	0.01390	0.02045	0.02372	0.01145	0.03108	0.01799	0.04744	0.01472	0.01718	0.01145	0.00981	0.00654	0.00327	0.00818	0.00573	0.00654	0.01145
6	0.02617	0.02512	0.04292	0.06490	0.56246	0.02512	0.03245	0.03245	0.02407	0.03454	0.01989	0.02617	0.01675	0.00942	0.01047	0.00314	0.01256	0.00942	0.00523	0.01675
7	0.02630	0.02271	0.02391	0.02152	0.02749	0.02630	0.01674	0.05618	0.54336	0.04423	0.04303	0.03945	0.03228	0.01434	0.01076	0.00359	0.00837	0.01195	0.01076	0.01674
8	0.03383	0.01400	0.01733	0.01442	0.01979	0.01275	0.01154	0.03833	0.02629	0.30945	0.03817	0.03767	0.02663	0.01271	0.00904	0.00288	0.00700	0.01025	0.34393	0.01400
9	0.04744	0.01799	0.02454	0.01881	0.02699	0.01554	0.01554	0.05153	0.03026	0.56979	0.04171	0.03599	0.02617	0.01309	0.01063	0.00327	0.00900	0.01063	0.01309	0.01799
10	0.01538	0.01025	0.01153	0.01153	0.01153	0.01025	0.00641	0.01538	0.01538	0.02050	0.03331	0.06919	0.03844	0.62842	0.05382	0.01025	0.01025	0.01538	0.00641	0.00641
11	0.01521	0.01097	0.01448	0.01404	0.01652	0.01024	0.01082	0.02019	0.02926	0.04112	0.49722	0.08378	0.09513	0.02252	0.01272	0.00351	0.00555	0.07536	0.01141	0.00995
12	0.01380	0.01006	0.01272	0.01348	0.01509	0.00927	0.00941	0.01677	0.02394	0.03242	0.24756	0.31624	0.13680	0.07302	0.01604	0.00430	0.00593	0.02396	0.01024	0.00898
13	0.02192	0.01879	0.02192	0.01566	0.02506	0.01409	0.01253	0.02662	0.02192	0.03445	0.01879	0.02192	0.01566	0.00783	0.00783	0.00157	0.00783	0.00626	0.00626	0.69305
14	0.01736	0.01189	0.01618	0.01833	0.02076	0.01189	0.01589	0.02223	0.02408	0.03257	0.05342	0.10975	0.05683	0.02720	0.01374	0.00458	0.00916	0.43395	0.09042	0.00975
15	0.01288	0.00920	0.01227	0.01472	0.01534	0.00859	0.00981	0.01472	0.02024	0.02699	0.05828	0.62152	0.06993	0.03312	0.01350	0.00429	0.00613	0.03006	0.00981	0.00859
16	0.03683	0.01925	0.02624	0.02045	0.02754	0.01828	0.05261	0.13144	0.03342	0.31316	0.15769	0.04352	0.04112	0.01470	0.01119	0.00329	0.00920	0.01255	0.01171	0.01584
17	0.01687	0.01393	0.02038	0.01936	0.02084	0.01744	0.01540	0.02033	0.01682	0.02474	0.02514	0.03748	0.02367	0.06591	0.46500	0.01427	0.15622	0.01087	0.00544	0.00991
18	0.01250	0.01071	0.01071	0.01071	0.01428	0.00893	0.00803	0.01517	0.02410	0.02856	0.10711	0.10175	0.55817	0.02678	0.01250	0.00357	0.00536	0.02231	0.00982	0.00893
19	0.01856	0.01815	0.07050	0.02407	0.02883	0.01536	0.09363	0.02464	0.02426	0.03212	0.04777	0.09774	0.05026	0.02461	0.01391	0.00455	0.01142	0.38009	0.00865	0.01090
20	0.07593	0.03103	0.11772	0.25938	0.09736	0.10859	0.09997	0.03203	0.02320	0.03099	0.01861	0.02498	0.01422	0.01015	0.01030	0.00333	0.01504	0.00894	0.00505	0.01317
21	0.02047	0.02134	0.04376	0.03347	0.04042	0.01999	0.33290	0.02675	0.02320	0.03131	0.03510	0.24896	0.03607	0.01791	0.01286	0.00384	0.01348	0.01901	0.00701	0.01215
22	0.02192	0.01879	0.02192	0.01566	0.02506	0.01409	0.01253	0.02662	0.02192	0.03445	0.01879	0.02192	0.01566	0.00783	0.00783	0.00157	0.00783	0.00626	0.00626	0.69305
23	0.02345	0.02126	0.03157	0.03953	0.28690	0.01916	0.02206	0.02895	0.02360	0.03512	0.06159	0.02848	0.02280	0.00969	0.00948	0.00247	0.00992	0.00882	0.00618	0.30897
24	0.01704	0.01217	0.01704	0.01947	0.02191	0.01217	0.01704	0.02191	0.02434	0.03164	0.05598	0.11926	0.06085	0.02921	0.01460	0.00487	0.00974	0.49130	0.00974	0.00974
25	0.02519	0.09620	0.02577	0.02030	0.02532	0.09919	0.01579	0.04176	0.29077	0.03546	0.03961	0.16921	0.03629	0.01761	0.01076	0.00348	0.00964	0.01472	0.00908	0.01386

[dist]
# distance from previous block
# <min> <max>
0	2

[block]
# block no. 9 follows, 13 sequences, length 101
# corresponding to MSA columns:
# 759-859
name=unknown_J
#
# <colnr> <probs for GDERKNQSTAVLIFYWHMCP>
#	G	D	E	R	K	N	Q	S	T	A	V	L	I	F	Y	W	H	M	C	P
0	0.02408	0.26904	0.24722	0.02217	0.03383	0.02877	0.02488	0.03120	0.02191	0.03040	0.01729	0.02017	0.01398	0.00915	0.00828	0.00252	0.01217	0.00663	0.00490	0.17141
1	0.02230	0.10035	0.47589	0.02827	0.04240	0.02618	0.03510	0.03557	0.07357	0.03382	0.02098	0.02356	0.01527	0.01038	0.00984	0.00328	0.01455	0.00804	0.00509	0.01556
2	0.02181	0.02307	0.01798	0.01682	0.02057	0.18856	0.01262	0.02538	0.02812	0.03295	0.24863	0.06748	0.21605	0.01990	0.01157	0.00321	0.00948	0.01629	0.00915	0.01036
3	0.03308	0.03346	0.26649	0.02295	0.03387	0.01898	0.02517	0.04088	0.02595	0.27983	0.03092	0.03027	0.02060	0.01166	0.01005	0.00323	0.01153	0.00931	0.07564	0.01614
4	0.04744	0.01799	0.02454	0.01881	0.02699	0.01554	0.01554	0.05153	0.03026	0.56979	0.04171	0.03599	0.02617	0.01309	0.01063	0.00327	0.00900	0.01063	0.01309	0.01799
5	0.02374	0.26885	0.20514	0.02373	0.03205	0.03181	0.02501	0.02948	0.02043	0.02780	0.01920	0.06692	0.01796	0.01339	0.01470	0.00329	0.14917	0.00903	0.00494	0.01335
6	0.70310	0.02045	0.01554	0.01390	0.02045	0.02372	0.01145	0.03108	0.01799	0.04744	0.01472	0.01718	0.01145	0.00981	0.00654	0.00327	0.00818	0.00573	0.00654	0.01145
7	0.02192	0.01879	0.02192	0.01566	0.02506	0.01409	0.01253	0.02662	0.02192	0.03445	0.01879	0.02192	0.01566	0.00783	0.00783	0.00157	0.00783	0.00626	0.00626	0.69305
8	0.01510	0.01133	0.01699	0.01699	0.01888	0.01322	0.01322	0.01888	0.01699	0.02454	0.02832	0.04154	0.02643	0.07930	0.58652	0.01699	0.02832	0.01133	0.00566	0.00944
9	0.04683	0.01897	0.02514	0.01928	0.02748	0.01699	0.01592	0.09155	0.03190	0.52745	0.04034	0.03510	0.02548	0.01305	0.01063	0.00326	0.00922	0.01054	0.01288	0.01799
10	0.01417	0.01019	0.01342	0.01385	0.01562	0.00944	0.00991	0.01795	0.02621	0.03649	0.36551	0.28721	0.08831	0.02603	0.01286	0.00370	0.00543	0.02332	0.01094	0.00944
11	0.01434	0.01078	0.01327	0.01265	0.01541	0.00971	0.00949	0.01875	0.02846	0.03891	0.44357	0.08472	0.21526	0.02292	0.01248	0.00339	0.00508	0.01993	0.01118	0.00971
12	0.01479	0.01056	0.01445	0.01690	0.01835	0.01023	0.01312	0.01801	0.02212	0.02912	0.05722	0.39136	0.06577	0.03133	0.01400	0.00456	0.00778	0.24142	0.00978	0.00911
13	0.04744	0.01799	0.02454	0.01881	0.02699	0.01554	0.01554	0.05153	0.03026	0.56979	0.04171	0.03599	0.02617	0.01309	0.01063	0.00327	0.00900	0.01063	0.01309	0.01799
