[name]
unknown

[dist]
# distance from previous block
# <min> <max>
0	5

[block]
# block no. 0 follows, 12 sequences, length 53
# corresponding to MSA columns:
# 5-14,25-67
name=unknown_A
#
# <colnr> <probs for GDERKNQSTAVLIFYWHMCP>
#	G	D	E	R	K	N	Q	S	T	A	V	L	I	F	Y	W	H	M	C	P
0	0.01739	0.01243	0.01732	0.01955	0.02206	0.01236	0.01696	0.02242	0.02558	0.03356	0.09848	0.11950	0.06612	0.02946	0.01488	0.00489	0.00963	0.43714	0.01020	0.01006
1	0.02621	0.01805	0.02178	0.01672	0.02465	0.01494	0.01330	0.03289	0.06253	0.12815	0.11983	0.03707	0.03494	0.01207	0.00966	0.00240	0.00780	0.01006	0.00902	0.39794
2	0.02059	0.01938	0.03270	0.59060	0.07510	0.02422	0.03028	0.02786	0.02180	0.02786	0.01938	0.02907	0.01453	0.01090	0.01090	0.00363	0.01453	0.00969	0.00484	0.01211
3	0.01560	0.01157	0.01697	0.01697	0.01873	0.01333	0.01294	0.01912	0.01736	0.02491	0.02971	0.04561	0.02847	0.13392	0.52310	0.01685	0.02739	0.01209	0.00592	0.00943
4	0.01558	0.01168	0.01752	0.01752	0.01947	0.01363	0.01363	0.01947	0.01752	0.02531	0.02921	0.04283	0.02726	0.08178	0.57360	0.01752	0.02921	0.01168	0.00584	0.00974
5	0.02033	0.01016	0.01016	0.01016	0.01270	0.01016	0.00762	0.02541	0.02287	0.04065	0.03557	0.04065	0.02795	0.01270	0.00762	0.00254	0.00508	0.01016	0.67734	0.01016
6	0.02840	0.56497	0.10896	0.01994	0.02996	0.04131	0.02088	0.03284	0.02224	0.02657	0.01561	0.01806	0.01397	0.00943	0.00734	0.00245	0.01212	0.00606	0.00466	0.01421
7	0.01558	0.01168	0.01752	0.01752	0.01947	0.01363	0.01363	0.01947	0.01752	0.02531	0.02921	0.04283	0.02726	0.08178	0.57360	0.01752	0.02921	0.01168	0.00584	0.00974
8	0.02033	0.01016	0.01016	0.01016	0.01270	0.01016	0.00762	0.02541	0.02287	0.04065	0.03557	0.04065	0.02795	0.01270	0.00762	0.00254	0.00508	0.01016	0.67734	0.01016
9	0.03017	0.57308	0.05483	0.01949	0.02849	0.08978	0.01887	0.03361	0.02292	0.02574	0.01531	0.01768	0.01400	0.00950	0.00725	0.00237	0.01236	0.00594	0.00475	0.01387
10	0.03955	0.02251	0.02640	0.02145	0.02910	0.02332	0.01733	0.13781	0.21802	0.28040	0.04048	0.03645	0.02778	0.01390	0.01100	0.00347	0.00953	0.01126	0.01214	0.01808
11	0.01638	0.01246	0.01742	0.01700	0.01826	0.01456	0.01266	0.01910	0.01701	0.02428	0.02927	0.04875	0.02941	0.21862	0.38841	0.01455	0.07421	0.01260	0.00595	0.00910
12	0.01328	0.00949	0.01265	0.01518	0.01581	0.00886	0.01012	0.01518	0.02088	0.02783	0.06010	0.60969	0.07212	0.03416	0.01392	0.00443	0.00633	0.03100	0.01012	0.00886
13	0.02712	0.02342	0.02465	0.02219	0.02835	0.02712	0.01726	0.05794	0.52909	0.04561	0.04438	0.04068	0.03328	0.01479	0.01109	0.00370	0.00863	0.01233	0.01109	0.01726
14	0.02385	0.02385	0.03340	0.02863	0.02863	0.03340	0.02385	0.02624	0.01670	0.02624	0.01431	0.02385	0.01431	0.01908	0.03578	0.00477	0.59685	0.00954	0.00477	0.01193
15	0.02757	0.50004	0.16659	0.02136	0.03216	0.03927	0.02336	0.03306	0.02234	0.02758	0.01612	0.01869	0.01395	0.00955	0.00773	0.00258	0.01263	0.00631	0.00465	0.01445
16	0.04145	0.03054	0.03272	0.02509	0.03381	0.03381	0.02072	0.51243	0.05127	0.06872	0.02618	0.02618	0.01854	0.01309	0.01091	0.00327	0.01200	0.00982	0.01091	0.01854
17	0.03290	0.01906	0.02366	0.01742	0.02662	0.01512	0.01413	0.03750	0.02597	0.23922	0.02862	0.02828	0.02039	0.01019	0.00921	0.00230	0.00855	0.00822	0.00921	0.42342
18	0.03677	0.01969	0.02399	0.01972	0.02659	0.01965	0.01582	0.08769	0.17054	0.29011	0.12394	0.04445	0.04046	0.01526	0.01131	0.00346	0.00865	0.01268	0.01237	0.01684
19	0.01543	0.01115	0.01457	0.01372	0.01629	0.01029	0.01029	0.02058	0.03086	0.04372	0.54304	0.08145	0.10288	0.02229	0.01286	0.00343	0.00514	0.01972	0.01200	0.01029
20	0.08185	0.01954	0.03119	0.53817	0.07018	0.02425	0.02860	0.02824	0.02151	0.02977	0.01900	0.02804	0.01429	0.01083	0.01052	0.00361	0.01398	0.00935	0.00502	0.01208
21	0.02633	0.02523	0.04307	0.12086	0.50000	0.02573	0.03314	0.03289	0.02452	0.03482	0.02039	0.02720	0.01699	0.00984	0.01081	0.00328	0.01312	0.00971	0.00534	0.01674
22	0.02574	0.02941	0.06434	0.04596	0.05699	0.02757	0.50919	0.03493	0.02574	0.03493	0.02206	0.02941	0.01654	0.00919	0.01287	0.00368	0.01838	0.01287	0.00551	0.01471
23	0.02385	0.02385	0.03340	0.02863	0.02863	0.03340	0.02385	0.02624	0.01670	0.02624	0.01431	0.02385	0.01431	0.01908	0.03578	0.00477	0.59685	0.00954	0.00477	0.01193
24	0.03786	0.04775	0.02885	0.02633	0.03175	0.51496	0.01975	0.04067	0.03028	0.02697	0.02650	0.02845	0.06867	0.01292	0.01015	0.00290	0.01821	0.00867	0.00608	0.01229
25	0.03999	0.07218	0.03321	0.02390	0.03243	0.03244	0.01989	0.40113	0.08714	0.10460	0.02830	0.02767	0.02014	0.01299	0.01064	0.00325	0.01147	0.00983	0.01068	0.01811
26	0.69383	0.02109	0.01603	0.01434	0.02109	0.02446	0.01181	0.03205	0.01856	0.04892	0.01518	0.01771	0.01181	0.01012	0.00675	0.00337	0.00843	0.00590	0.00675	0.01181
27	0.01565	0.01137	0.01597	0.01597	0.01737	0.01278	0.01169	0.01847	0.01706	0.02416	0.03063	0.05072	0.03068	0.22976	0.43030	0.01560	0.02405	0.01284	0.00605	0.00887
28	0.02699	0.02591	0.04426	0.06693	0.54879	0.02591	0.03346	0.03346	0.02483	0.03562	0.02051	0.02699	0.01727	0.00972	0.01079	0.00324	0.01295	0.00972	0.00540	0.01727
29	0.02385	0.02385	0.03340	0.02863	0.02863	0.03340	0.02385	0.02624	0.01670	0.02624	0.01431	0.02385	0.01431	0.01908	0.03578	0.00477	0.59685	0.00954	0.00477	0.01193
30	0.02699	0.02591	0.04426	0.06693	0.54879	0.02591	0.03346	0.03346	0.02483	0.03562	0.02051	0.02699	0.01727	0.00972	0.01079	0.00324	0.01295	0.00972	0.00540	0.01727
31	0.04757	0.02072	0.02664	0.02043	0.02891	0.01924	0.01687	0.13605	0.03483	0.46832	0.03998	0.03514	0.02547	0.01342	0.01095	0.00336	0.00977	0.01076	0.01303	0.01855
32	0.04073	0.05197	0.03090	0.02809	0.03371	0.57303	0.02107	0.04354	0.03090	0.02669	0.01685	0.01966	0.01404	0.01124	0.00983	0.00281	0.01966	0.00702	0.00562	0.01264
33	0.01830	0.01178	0.01549	0.01420	0.01728	0.01078	0.01078	0.02336	0.03089	0.08759	0.50025	0.07765	0.09639	0.02154	0.01270	0.00342	0.00550	0.01897	0.01213	0.01100
34	0.02233	0.02115	0.03584	0.44842	0.20370	0.02468	0.03114	0.02938	0.02262	0.02997	0.01969	0.02850	0.01528	0.01058	0.01087	0.00353	0.01411	0.00970	0.00499	0.01351
35	0.04308	0.03918	0.02970	0.02521	0.03213	0.32822	0.01964	0.12774	0.03453	0.17756	0.02557	0.02553	0.01834	0.01217	0.01033	0.00304	0.01551	0.00858	0.00867	0.01527
36	0.01558	0.01168	0.01752	0.01752	0.01947	0.01363	0.01363	0.01947	0.01752	0.02531	0.02921	0.04283	0.02726	0.08178	0.57360	0.01752	0.02921	0.01168	0.00584	0.00974
37	0.01560	0.01158	0.01701	0.01701	0.01878	0.01335	0.01299	0.01914	0.01737	0.02493	0.02967	0.04543	0.02839	0.13046	0.52646	0.01689	0.02751	0.01206	0.00591	0.00945
38	0.02955	0.02368	0.02224	0.02090	0.02539	0.13699	0.01617	0.07153	0.07411	0.12486	0.04330	0.20860	0.04250	0.02156	0.01221	0.00383	0.01097	0.08869	0.00986	0.01306
39	0.02836	0.03301	0.05344	0.04006	0.04926	0.14506	0.36492	0.03584	0.02681	0.03296	0.02369	0.03454	0.01958	0.01126	0.01238	0.00359	0.01801	0.04744	0.00589	0.01390
40	0.01908	0.01135	0.01320	0.01262	0.01345	0.01110	0.00752	0.01949	0.01735	0.07330	0.03520	0.06802	0.03841	0.55801	0.05116	0.00987	0.01044	0.01538	0.00728	0.00777
41	0.02253	0.07800	0.20472	0.02443	0.03355	0.02293	0.06497	0.07756	0.07798	0.03654	0.04230	0.13158	0.10257	0.01723	0.01138	0.00358	0.01168	0.01476	0.00766	0.01402
42	0.02255	0.09728	0.25035	0.02734	0.03792	0.02496	0.09721	0.03503	0.10884	0.03453	0.03514	0.08378	0.06920	0.01439	0.01103	0.00352	0.01295	0.01253	0.00680	0.01465
43	0.07586	0.01901	0.02389	0.02006	0.02581	0.01969	0.05534	0.07165	0.14687	0.12694	0.04678	0.04995	0.10929	0.08421	0.07057	0.00564	0.01150	0.01348	0.00958	0.01385
44	0.02810	0.02438	0.03086	0.02455	0.03237	0.07654	0.10030	0.06968	0.06975	0.08055	0.03060	0.04336	0.02637	0.01369	0.01095	0.00310	0.01179	0.08773	0.00811	0.22723
45	0.07726	0.07042	0.03724	0.02779	0.03562	0.06971	0.14488	0.04680	0.24995	0.07745	0.03213	0.03253	0.02404	0.01224	0.01084	0.00348	0.01227	0.01102	0.00862	0.01570
46	0.02818	0.02884	0.07608	0.03231	0.08207	0.07992	0.14174	0.06743	0.02642	0.07321	0.02503	0.07513	0.02144	0.01300	0.01345	0.00331	0.07044	0.01143	0.00688	0.12367
47	0.08336	0.06773	0.02881	0.07275	0.03297	0.07028	0.01827	0.11735	0.12336	0.16441	0.02985	0.02956	0.02147	0.01215	0.00999	0.00314	0.01091	0.00939	0.00935	0.08490
48	0.07781	0.02337	0.06527	0.02046	0.02714	0.07354	0.06006	0.03383	0.02509	0.16003	0.03840	0.08183	0.07051	0.06528	0.01425	0.00385	0.01072	0.01263	0.07385	0.06208
49	0.18569	0.06362	0.02203	0.11464	0.03003	0.01921	0.01506	0.02774	0.02271	0.08818	0.04602	0.09681	0.14760	0.01678	0.01014	0.00338	0.00891	0.01350	0.00805	0.05989
50	0.13006	0.12441	0.12907	0.02428	0.03385	0.02915	0.06213	0.12109	0.11700	0.08775	0.02593	0.02674	0.01913	0.01158	0.00978	0.00329	0.01186	0.00909	0.00799	0.01585
51	0.09499	0.02400	0.02864	0.02658	0.07301	0.06881	0.05900	0.13630	0.03067	0.08945	0.03303	0.09424	0.03030	0.01653	0.01134	0.00356	0.01152	0.09306	0.00881	0.06614
52	0.13922	0.02299	0.03404	0.07650	0.11690	0.02508	0.10638	0.06820	0.07688	0.03932	0.02796	0.04215	0.02463	0.01459	0.01338	0.00383	0.06367	0.08304	0.00727	0.01398

[dist]
# distance from previous block
# <min> <max>
0	162

# created by:
# /st0/software/busco_prod/Augustus/scripts/msa2prfl.pl ./align_prep/13024.fa
