[name]
unknown

[dist]
# distance from previous block
# <min> <max>
34	269

[block]
# block no. 0 follows, 12 sequences, length 6
# corresponding to MSA columns:
# 292-297
name=unknown_A
#
# <colnr> <probs for GDERKNQSTAVLIFYWHMCP>
#	G	D	E	R	K	N	Q	S	T	A	V	L	I	F	Y	W	H	M	C	P
0	0.03050	0.02646	0.03499	0.11993	0.26152	0.09021	0.02609	0.03858	0.07473	0.10623	0.02525	0.02880	0.01931	0.01096	0.01055	0.00319	0.01272	0.00958	0.00709	0.06332
1	0.17423	0.03214	0.17469	0.03043	0.12847	0.02375	0.02506	0.07969	0.02577	0.09127	0.02163	0.02419	0.01603	0.01045	0.00946	0.00313	0.01176	0.00813	0.00691	0.10280
2	0.18460	0.02198	0.02933	0.03453	0.21289	0.02118	0.02058	0.03517	0.02397	0.12978	0.02295	0.02558	0.01744	0.01009	0.00925	0.00291	0.01012	0.00829	0.00738	0.17198
3	0.12187	0.02116	0.02998	0.02692	0.08910	0.02016	0.08443	0.03798	0.07457	0.15825	0.07735	0.03409	0.02819	0.01195	0.01028	0.00311	0.01015	0.01051	0.00884	0.14114
4	0.03315	0.03121	0.10522	0.03644	0.18595	0.09830	0.02519	0.04228	0.08816	0.15995	0.02809	0.02923	0.02055	0.01143	0.01050	0.00319	0.01259	0.00952	0.00802	0.06106
5	0.12415	0.10415	0.03178	0.07098	0.11726	0.02409	0.01958	0.03962	0.07234	0.17657	0.02713	0.02807	0.01985	0.01112	0.00948	0.00305	0.01031	0.00886	0.00828	0.09333

[dist]
# distance from previous block
# <min> <max>
0	2

[block]
# block no. 1 follows, 12 sequences, length 70
# corresponding to MSA columns:
# 300-369
name=unknown_B
#
# <colnr> <probs for GDERKNQSTAVLIFYWHMCP>
#	G	D	E	R	K	N	Q	S	T	A	V	L	I	F	Y	W	H	M	C	P
0	0.08109	0.02184	0.02980	0.03535	0.20542	0.02219	0.02137	0.04291	0.14890	0.17205	0.03906	0.03861	0.06640	0.01342	0.01078	0.00343	0.01001	0.01148	0.00935	0.01653
1	0.03324	0.03182	0.11554	0.03965	0.21450	0.06627	0.02710	0.11787	0.07750	0.12768	0.02699	0.02867	0.01982	0.01158	0.01073	0.00331	0.01277	0.00973	0.00807	0.01717
2	0.08678	0.02453	0.07124	0.02943	0.12754	0.02171	0.02127	0.11857	0.03164	0.25939	0.07081	0.03428	0.02747	0.01289	0.01071	0.00334	0.01058	0.01061	0.01022	0.01697
3	0.18820	0.02882	0.11028	0.02877	0.12011	0.02471	0.02209	0.11205	0.06718	0.04482	0.02170	0.02428	0.01669	0.01056	0.00928	0.00304	0.01094	0.00815	0.00715	0.14118
4	0.14267	0.02467	0.07114	0.02573	0.07014	0.02218	0.06567	0.08412	0.07514	0.16477	0.06814	0.03280	0.02646	0.01231	0.01030	0.00328	0.01061	0.01031	0.00913	0.07043
5	0.09579	0.02261	0.03176	0.03830	0.23613	0.02284	0.02269	0.07876	0.07560	0.17186	0.06882	0.03408	0.02743	0.01243	0.01065	0.00335	0.01052	0.01070	0.00905	0.01664
6	0.02566	0.02516	0.12253	0.02734	0.07453	0.01829	0.09632	0.03266	0.02748	0.12933	0.19065	0.04536	0.04539	0.01426	0.01147	0.00328	0.01076	0.01301	0.00890	0.07760
7	0.02544	0.02389	0.07320	0.03854	0.24257	0.02056	0.02364	0.03382	0.07256	0.07882	0.08103	0.03961	0.07033	0.01294	0.01074	0.00311	0.01040	0.01145	0.00770	0.11965
8	0.03085	0.02591	0.08704	0.13994	0.29192	0.02312	0.02926	0.03749	0.02573	0.16318	0.02580	0.02947	0.01889	0.01091	0.01081	0.00336	0.01261	0.00986	0.00723	0.01661
9	0.02267	0.04000	0.32766	0.02504	0.03702	0.02171	0.02873	0.07558	0.02699	0.03952	0.11314	0.03363	0.03045	0.01237	0.01049	0.00314	0.01249	0.01004	0.00681	0.12254
10	0.02599	0.02831	0.09276	0.10521	0.46302	0.02572	0.03386	0.03312	0.02441	0.03490	0.02033	0.02677	0.01672	0.00987	0.01076	0.00329	0.01338	0.00955	0.00528	0.01675
11	0.02947	0.02843	0.04209	0.05982	0.45835	0.07034	0.03125	0.08014	0.02784	0.03808	0.02076	0.02632	0.01714	0.01016	0.01073	0.00321	0.01340	0.00951	0.00594	0.01702
12	0.02323	0.12869	0.16004	0.03366	0.17030	0.02480	0.02558	0.03216	0.06298	0.03648	0.15263	0.03918	0.03863	0.01335	0.01060	0.00322	0.01120	0.01139	0.00717	0.01469
13	0.01571	0.01115	0.01482	0.01482	0.01583	0.01216	0.01026	0.01773	0.01672	0.02331	0.03168	0.05653	0.03320	0.33871	0.32479	0.01418	0.02026	0.01369	0.00621	0.00823
14	0.08056	0.34062	0.26095	0.02342	0.03533	0.03428	0.02700	0.03337	0.02222	0.03121	0.01698	0.01979	0.01374	0.00982	0.00836	0.00288	0.01323	0.00675	0.00481	0.01469
15	0.01490	0.01058	0.01416	0.01645	0.01763	0.01021	0.01219	0.01763	0.02177	0.02875	0.05693	0.40270	0.06607	0.08732	0.01817	0.00519	0.00792	0.17264	0.00977	0.00903
16	0.02428	0.01871	0.02277	0.01736	0.02529	0.01564	0.01382	0.02858	0.02278	0.08273	0.02508	0.08029	0.02238	0.01196	0.01112	0.00230	0.05502	0.00948	0.00733	0.50310
17	0.69383	0.02109	0.01603	0.01434	0.02109	0.02446	0.01181	0.03205	0.01856	0.04892	0.01518	0.01771	0.01181	0.01012	0.00675	0.00337	0.00843	0.00590	0.00675	0.01181
18	0.02574	0.02941	0.06434	0.04596	0.05699	0.02757	0.50919	0.03493	0.02574	0.03493	0.02206	0.02941	0.01654	0.00919	0.01287	0.00368	0.01838	0.01287	0.00551	0.01471
19	0.02706	0.02451	0.03324	0.04178	0.25626	0.02659	0.02435	0.04722	0.30826	0.04124	0.03393	0.03468	0.02627	0.01257	0.01096	0.00350	0.01052	0.01118	0.00860	0.01726
20	0.02120	0.02000	0.03379	0.54113	0.11984	0.02438	0.03058	0.02839	0.02209	0.02859	0.01949	0.02887	0.01479	0.01079	0.01089	0.00360	0.01439	0.00969	0.00490	0.01260
21	0.02582	0.43506	0.13306	0.01993	0.02932	0.03511	0.02090	0.03108	0.02365	0.02992	0.09805	0.02835	0.02780	0.01152	0.00846	0.00269	0.01138	0.00836	0.00580	0.01376
22	0.03182	0.02150	0.02446	0.02044	0.02779	0.02215	0.01620	0.05145	0.31614	0.17232	0.03971	0.03665	0.02873	0.01330	0.01054	0.00326	0.00870	0.01097	0.01090	0.13298
23	0.02261	0.01938	0.02261	0.01615	0.02584	0.01453	0.01292	0.02745	0.02261	0.03553	0.01938	0.02261	0.01615	0.00807	0.00807	0.00161	0.00807	0.00646	0.00646	0.68346
24	0.02411	0.27835	0.08682	0.01886	0.02764	0.02707	0.01808	0.02888	0.02251	0.03033	0.02423	0.07943	0.02363	0.01287	0.00890	0.00261	0.01037	0.04639	0.00613	0.22282
25	0.02187	0.05640	0.56031	0.03108	0.04719	0.02532	0.04029	0.03453	0.02302	0.03453	0.01957	0.02302	0.01381	0.01036	0.01036	0.00345	0.01611	0.00806	0.00460	0.01611
26	0.09559	0.02970	0.07495	0.02237	0.02975	0.10984	0.01908	0.09085	0.19223	0.12378	0.07275	0.03487	0.02957	0.01361	0.01052	0.00339	0.01119	0.01063	0.00965	0.01568
27	0.02846	0.56981	0.10467	0.01983	0.02980	0.04146	0.02070	0.03283	0.02224	0.02649	0.01558	0.01801	0.01398	0.00943	0.00731	0.00244	0.01208	0.00604	0.00466	0.01419
28	0.09140	0.02321	0.02593	0.01957	0.02848	0.02223	0.01599	0.19787	0.03344	0.13164	0.02514	0.02573	0.01833	0.01084	0.00939	0.00262	0.00964	0.00828	0.00914	0.29112
29	0.01637	0.01027	0.01375	0.01555	0.01686	0.00948	0.01063	0.01847	0.02177	0.07360	0.05862	0.56011	0.06821	0.03237	0.01366	0.00434	0.00658	0.02926	0.01041	0.00970
30	0.02059	0.01938	0.03270	0.59060	0.07510	0.02422	0.03028	0.02786	0.02180	0.02786	0.01938	0.02907	0.01453	0.01090	0.01090	0.00363	0.01453	0.00969	0.00484	0.01211
31	0.02596	0.02486	0.04240	0.15098	0.47275	0.02564	0.03295	0.03256	0.02434	0.03438	0.02033	0.02732	0.01683	0.00991	0.01081	0.00330	0.01321	0.00971	0.00531	0.01644
32	0.01586	0.01057	0.01189	0.01189	0.01189	0.01057	0.00661	0.01586	0.01586	0.02114	0.03436	0.07135	0.03964	0.61681	0.05550	0.01057	0.01057	0.01586	0.00661	0.00661
33	0.01558	0.01168	0.01752	0.01752	0.01947	0.01363	0.01363	0.01947	0.01752	0.02531	0.02921	0.04283	0.02726	0.08178	0.57360	0.01752	0.02921	0.01168	0.00584	0.00974
34	0.02694	0.02038	0.02271	0.01998	0.02558	0.02235	0.01561	0.08396	0.32059	0.08773	0.17363	0.04993	0.04986	0.01652	0.01153	0.00357	0.00804	0.01396	0.01151	0.01564
35	0.04145	0.03054	0.03272	0.02509	0.03381	0.03381	0.02072	0.51243	0.05127	0.06872	0.02618	0.02618	0.01854	0.01309	0.01091	0.00327	0.01200	0.00982	0.01091	0.01854
36	0.01328	0.00949	0.01265	0.01518	0.01581	0.00886	0.01012	0.01518	0.02088	0.02783	0.06010	0.60969	0.07212	0.03416	0.01392	0.00443	0.00633	0.03100	0.01012	0.00886
37	0.01868	0.01646	0.02651	0.27548	0.12733	0.01832	0.02270	0.02367	0.02192	0.02909	0.03591	0.26189	0.03810	0.02005	0.01210	0.00389	0.01098	0.01825	0.00705	0.01163
38	0.02697	0.03353	0.20265	0.07585	0.08901	0.02434	0.06660	0.07553	0.11302	0.08819	0.06962	0.03374	0.02662	0.01248	0.01108	0.00348	0.01274	0.01082	0.00780	0.01592
39	0.02574	0.02941	0.06434	0.04596	0.05699	0.02757	0.50919	0.03493	0.02574	0.03493	0.02206	0.02941	0.01654	0.00919	0.01287	0.00368	0.01838	0.01287	0.00551	0.01471
40	0.02562	0.02762	0.03104	0.34941	0.09378	0.16683	0.02602	0.03123	0.02470	0.02828	0.02740	0.03361	0.06466	0.01248	0.01080	0.00339	0.01491	0.01025	0.00559	0.01236
41	0.02285	0.02014	0.02578	0.01841	0.02820	0.01552	0.05059	0.02802	0.02285	0.03548	0.01958	0.02313	0.01618	0.00816	0.00844	0.00177	0.00886	0.00695	0.00639	0.63271
42	0.08280	0.23013	0.13085	0.03384	0.16766	0.07212	0.02561	0.03564	0.02412	0.07514	0.01972	0.02270	0.01572	0.01015	0.00908	0.00296	0.01291	0.00774	0.00581	0.01531
43	0.04145	0.03054	0.03272	0.02509	0.03381	0.03381	0.02072	0.51243	0.05127	0.06872	0.02618	0.02618	0.01854	0.01309	0.01091	0.00327	0.01200	0.00982	0.01091	0.01854
44	0.02157	0.13144	0.28239	0.02335	0.03391	0.02421	0.02641	0.03228	0.07289	0.03531	0.12097	0.04167	0.08082	0.01431	0.01057	0.00332	0.01179	0.01154	0.00704	0.01422
45	0.01720	0.01243	0.01705	0.01936	0.02196	0.01228	0.01683	0.02204	0.02508	0.03238	0.06194	0.12155	0.10116	0.02992	0.01489	0.00491	0.00968	0.43932	0.01005	0.00997
46	0.04892	0.01856	0.02530	0.01940	0.02783	0.01603	0.01603	0.05314	0.03121	0.55634	0.04302	0.03711	0.02699	0.01350	0.01096	0.00337	0.00928	0.01096	0.01350	0.01856
47	0.02263	0.03649	0.26271	0.12825	0.12451	0.02424	0.03151	0.03550	0.10416	0.03484	0.02680	0.07293	0.02211	0.01291	0.01091	0.00356	0.01340	0.01105	0.00624	0.01524
48	0.02302	0.02155	0.03545	0.08876	0.28246	0.02171	0.07052	0.03104	0.06323	0.03649	0.12151	0.04530	0.08349	0.01403	0.01158	0.00342	0.01121	0.01321	0.00739	0.01463
49	0.01894	0.00947	0.01420	0.01420	0.01420	0.00947	0.00947	0.01420	0.01420	0.01894	0.01894	0.03314	0.01894	0.03788	0.04261	0.68277	0.00947	0.00947	0.00473	0.00473
50	0.01724	0.00987	0.01125	0.01236	0.01407	0.00959	0.00872	0.02093	0.02199	0.03504	0.04631	0.28985	0.04729	0.02210	0.01038	0.00337	0.00563	0.01929	0.38515	0.00959
51	0.01629	0.01129	0.01506	0.01654	0.01863	0.01093	0.01321	0.02062	0.02532	0.03490	0.17399	0.21925	0.07165	0.02766	0.01362	0.00428	0.00756	0.22107	0.06832	0.00983
52	0.02138	0.03488	0.26086	0.02784	0.03709	0.02218	0.06775	0.03193	0.06377	0.03417	0.03361	0.05718	0.03137	0.01767	0.01416	0.00410	0.06001	0.15930	0.00696	0.01380
53	0.02319	0.02287	0.03211	0.02773	0.02789	0.03180	0.02303	0.02569	0.01677	0.02617	0.01552	0.02539	0.01536	0.02415	0.07927	0.00580	0.55095	0.00972	0.00486	0.01175
54	0.69383	0.02109	0.01603	0.01434	0.02109	0.02446	0.01181	0.03205	0.01856	0.04892	0.01518	0.01771	0.01181	0.01012	0.00675	0.00337	0.00843	0.00590	0.00675	0.01181
55	0.01328	0.00949	0.01265	0.01518	0.01581	0.00886	0.01012	0.01518	0.02088	0.02783	0.06010	0.60969	0.07212	0.03416	0.01392	0.00443	0.00633	0.03100	0.01012	0.00886
56	0.01328	0.00949	0.01265	0.01518	0.01581	0.00886	0.01012	0.01518	0.02088	0.02783	0.06010	0.60969	0.07212	0.03416	0.01392	0.00443	0.00633	0.03100	0.01012	0.00886
57	0.09309	0.02982	0.11852	0.02190	0.03181	0.02452	0.02039	0.18451	0.07518	0.04796	0.02332	0.02490	0.01757	0.01083	0.00950	0.00280	0.01079	0.00825	0.00797	0.23637
58	0.02586	0.13208	0.15628	0.15910	0.04236	0.02541	0.02507	0.07699	0.02571	0.08287	0.02819	0.12048	0.02519	0.01474	0.01059	0.00344	0.01233	0.01223	0.00701	0.01407
59	0.02993	0.09439	0.28480	0.02827	0.07725	0.02365	0.02890	0.03834	0.02513	0.16701	0.02519	0.02636	0.01768	0.01079	0.01001	0.00313	0.01293	0.00856	0.00712	0.08054
60	0.02474	0.09112	0.38924	0.03170	0.08917	0.02505	0.03431	0.03486	0.02393	0.07542	0.02408	0.03167	0.01891	0.01197	0.01054	0.00346	0.01447	0.04374	0.00580	0.01579
61	0.04892	0.01856	0.02530	0.01940	0.02783	0.01603	0.01603	0.05314	0.03121	0.55634	0.04302	0.03711	0.02699	0.01350	0.01096	0.00337	0.00928	0.01096	0.01350	0.01856
62	0.02828	0.03732	0.25128	0.03685	0.11993	0.02492	0.11578	0.03694	0.02462	0.12599	0.02379	0.02731	0.01719	0.01142	0.01335	0.00357	0.06911	0.00981	0.00647	0.01608
63	0.03461	0.12471	0.12706	0.08403	0.12370	0.02450	0.02496	0.04084	0.02634	0.24118	0.02836	0.02900	0.01976	0.01139	0.01018	0.00322	0.01197	0.00929	0.00832	0.01656
64	0.02771	0.12123	0.02732	0.02162	0.07063	0.01878	0.01538	0.02942	0.02209	0.15595	0.03160	0.12133	0.02886	0.02724	0.06459	0.17239	0.01126	0.01275	0.00787	0.01199
65	0.02703	0.01379	0.01888	0.01698	0.02132	0.01292	0.01345	0.03138	0.02746	0.21526	0.20435	0.10415	0.05807	0.03090	0.10716	0.00601	0.01115	0.05568	0.01116	0.01291
66	0.02573	0.06790	0.03070	0.08018	0.15616	0.02154	0.02112	0.03037	0.02347	0.11332	0.06928	0.08193	0.03103	0.02689	0.11210	0.00598	0.06868	0.01244	0.00749	0.01370
67	0.02776	0.03266	0.16742	0.04814	0.29303	0.02506	0.06998	0.03784	0.06874	0.08604	0.02463	0.02837	0.01869	0.01063	0.01090	0.00338	0.01343	0.00991	0.00648	0.01691
68	0.02230	0.01712	0.02745	0.12186	0.03523	0.01768	0.09525	0.02880	0.06156	0.08002	0.07913	0.05390	0.07336	0.08030	0.06718	0.05610	0.01291	0.05025	0.00789	0.01171
69	0.07826	0.01648	0.02297	0.07392	0.10720	0.01644	0.01717	0.03046	0.02343	0.15808	0.03810	0.14418	0.03646	0.12205	0.01921	0.00496	0.01004	0.05898	0.00887	0.01275

[dist]
# distance from previous block
# <min> <max>
56	195

# created by:
# /st0/software/busco_prod/Augustus/scripts/msa2prfl.pl ./align_prep/13052.fa
