[name]
unknown

[dist]
# distance from previous block
# <min> <max>
0	24

[block]
# block no. 0 follows, 13 sequences, length 10
# corresponding to MSA columns:
# 24-33
name=unknown_A
#
# <colnr> <probs for GDERKNQSTAVLIFYWHMCP>
#	G	D	E	R	K	N	Q	S	T	A	V	L	I	F	Y	W	H	M	C	P
0	0.16389	0.02193	0.02709	0.02138	0.02918	0.02206	0.07459	0.10404	0.10956	0.10291	0.02761	0.03178	0.02142	0.01178	0.00964	0.00305	0.00991	0.03453	0.00847	0.16520
1	0.04083	0.02478	0.02884	0.02242	0.03051	0.07276	0.04648	0.16800	0.06405	0.30021	0.03283	0.03071	0.02211	0.01230	0.01046	0.00313	0.01098	0.00993	0.01077	0.05791
2	0.02157	0.01277	0.01628	0.01645	0.01929	0.01235	0.01189	0.02763	0.09248	0.13752	0.05293	0.42663	0.05615	0.02661	0.01256	0.00400	0.00700	0.02375	0.01059	0.01156
3	0.04235	0.01815	0.02402	0.01818	0.02661	0.01525	0.01494	0.04656	0.02860	0.46306	0.03714	0.03318	0.02408	0.01204	0.01007	0.00293	0.00876	0.00976	0.01173	0.15258
4	0.02915	0.01990	0.02360	0.01731	0.02635	0.01658	0.01402	0.09030	0.02685	0.14496	0.02414	0.02513	0.01803	0.00945	0.00871	0.00209	0.00851	0.00752	0.00813	0.47930
5	0.70310	0.02045	0.01554	0.01390	0.02045	0.02372	0.01145	0.03108	0.01799	0.04744	0.01472	0.01718	0.01145	0.00981	0.00654	0.00327	0.00818	0.00573	0.00654	0.01145
6	0.01362	0.00974	0.01183	0.01317	0.01399	0.00916	0.00850	0.01499	0.01922	0.02515	0.05693	0.37684	0.12552	0.22077	0.02613	0.00608	0.00733	0.02437	0.00874	0.00794
7	0.04455	0.01998	0.02545	0.01980	0.02781	0.01883	0.01626	0.11582	0.07938	0.45460	0.03964	0.03488	0.02563	0.01315	0.01064	0.00329	0.00929	0.01060	0.01254	0.01788
8	0.01997	0.01879	0.03171	0.60301	0.07282	0.02349	0.02936	0.02701	0.02114	0.02701	0.01879	0.02819	0.01409	0.01057	0.01057	0.00352	0.01409	0.00940	0.00470	0.01175
9	0.02420	0.02312	0.03937	0.23529	0.40742	0.02461	0.03147	0.03073	0.02315	0.03216	0.01954	0.02681	0.01591	0.00978	0.01050	0.00326	0.01305	0.00941	0.00506	0.01516

[dist]
# distance from previous block
# <min> <max>
0	3

[block]
# block no. 1 follows, 13 sequences, length 7
# corresponding to MSA columns:
# 37-43
name=unknown_B
#
# <colnr> <probs for GDERKNQSTAVLIFYWHMCP>
#	G	D	E	R	K	N	Q	S	T	A	V	L	I	F	Y	W	H	M	C	P
0	0.02313	0.01279	0.01573	0.01385	0.01836	0.01113	0.01079	0.02698	0.02777	0.18517	0.23866	0.07569	0.25597	0.02121	0.01196	0.00340	0.00626	0.01797	0.01134	0.01182
1	0.01351	0.00965	0.01299	0.01544	0.01633	0.00913	0.01091	0.01581	0.02086	0.02769	0.05793	0.54550	0.06856	0.03253	0.01366	0.00438	0.00668	0.09987	0.00980	0.00876
2	0.12940	0.15360	0.28638	0.02325	0.03484	0.02602	0.02644	0.03622	0.02303	0.13620	0.02186	0.02313	0.01557	0.01040	0.00901	0.00311	0.01242	0.00763	0.00643	0.01506
3	0.01936	0.01613	0.01759	0.01667	0.02081	0.01715	0.01262	0.03497	0.26684	0.03774	0.13795	0.13762	0.18004	0.02104	0.01181	0.00364	0.00681	0.01802	0.01053	0.01268
4	0.02153	0.02039	0.03454	0.46719	0.19640	0.02390	0.03014	0.02839	0.02188	0.02891	0.01907	0.02768	0.01476	0.01028	0.01054	0.00343	0.01371	0.00940	0.00483	0.01301
5	0.02449	0.01738	0.01995	0.01879	0.02320	0.01870	0.01417	0.04116	0.29248	0.10919	0.04815	0.24108	0.04453	0.02070	0.01169	0.00379	0.00768	0.01806	0.01075	0.01408
6	0.02884	0.23697	0.25231	0.02457	0.03604	0.03251	0.02689	0.17155	0.02974	0.03998	0.01938	0.02143	0.01474	0.01046	0.00913	0.00294	0.01310	0.00759	0.00620	0.01562

[dist]
# distance from previous block
# <min> <max>
0	33

[block]
# block no. 2 follows, 13 sequences, length 17
# corresponding to MSA columns:
# 77-93
name=unknown_C
#
# <colnr> <probs for GDERKNQSTAVLIFYWHMCP>
#	G	D	E	R	K	N	Q	S	T	A	V	L	I	F	Y	W	H	M	C	P
0	0.13982	0.02360	0.02637	0.09416	0.03386	0.02631	0.01849	0.21087	0.15353	0.12255	0.02923	0.02918	0.02092	0.01241	0.00999	0.00334	0.01028	0.00963	0.00959	0.01588
1	0.02036	0.01767	0.02405	0.06326	0.02899	0.01486	0.05387	0.02565	0.02400	0.03571	0.14669	0.03648	0.03553	0.01140	0.00951	0.00230	0.00844	0.01005	0.00734	0.42384
2	0.02415	0.29689	0.35727	0.02511	0.03799	0.03177	0.03031	0.03272	0.02197	0.02989	0.01719	0.02008	0.01347	0.00963	0.00868	0.00289	0.01382	0.00691	0.00449	0.01477
3	0.01526	0.01171	0.01421	0.01495	0.01710	0.01153	0.01066	0.02201	0.09975	0.03305	0.16975	0.35871	0.12676	0.02714	0.01276	0.00390	0.00613	0.02414	0.01035	0.01013
4	0.02244	0.01302	0.01754	0.07391	0.02389	0.01226	0.01293	0.02653	0.02656	0.16124	0.22615	0.16222	0.13649	0.02126	0.01203	0.00354	0.00711	0.01852	0.01069	0.01166
5	0.16898	0.02265	0.02452	0.01994	0.02735	0.02423	0.01622	0.17366	0.15473	0.21047	0.03245	0.03034	0.02258	0.01264	0.00985	0.00332	0.00938	0.00969	0.01059	0.01641
6	0.03059	0.01655	0.01842	0.01537	0.02052	0.01685	0.01229	0.15798	0.03083	0.15475	0.03365	0.03515	0.02459	0.01257	0.00886	0.00281	0.00747	0.00993	0.37724	0.01359
7	0.01699	0.01038	0.01387	0.01500	0.01669	0.00954	0.01047	0.01948	0.02258	0.08937	0.11923	0.48798	0.06881	0.02944	0.01305	0.00406	0.00631	0.02652	0.01041	0.00981
8	0.02950	0.02658	0.09058	0.20222	0.12560	0.02503	0.08485	0.13488	0.02923	0.11227	0.02377	0.02784	0.01710	0.01093	0.01074	0.00335	0.01326	0.00980	0.00718	0.01530
9	0.11899	0.02164	0.02385	0.02000	0.02699	0.02324	0.01604	0.09905	0.26609	0.21265	0.03730	0.03415	0.02631	0.01321	0.01017	0.00341	0.00887	0.01051	0.01095	0.01660
10	0.01288	0.00920	0.01227	0.01472	0.01534	0.00859	0.00981	0.01472	0.02024	0.02699	0.05828	0.62152	0.06993	0.03312	0.01350	0.00429	0.00613	0.03006	0.00981	0.00859
11	0.04019	0.02962	0.03173	0.02433	0.03279	0.03279	0.02010	0.52721	0.04971	0.06663	0.02538	0.02538	0.01798	0.01269	0.01058	0.00317	0.01163	0.00952	0.01058	0.01798
12	0.15203	0.21972	0.20588	0.02215	0.03253	0.03087	0.02364	0.09961	0.05790	0.03853	0.01926	0.02123	0.01489	0.01032	0.00852	0.00299	0.01195	0.00726	0.00608	0.01461
13	0.01444	0.01025	0.01141	0.01166	0.01257	0.00977	0.00714	0.01526	0.01794	0.02307	0.05334	0.13258	0.16495	0.42565	0.03995	0.00806	0.00867	0.01850	0.00756	0.00722
14	0.01460	0.01074	0.01545	0.01603	0.01747	0.01189	0.01188	0.01762	0.01764	0.02481	0.03582	0.18132	0.03769	0.11111	0.40904	0.01345	0.02165	0.01609	0.00671	0.00900
15	0.07180	0.06925	0.14359	0.02089	0.03004	0.02365	0.02013	0.09777	0.14661	0.04037	0.03164	0.03210	0.06126	0.01213	0.00954	0.00294	0.01018	0.00951	0.00764	0.15894
16	0.02434	0.16118	0.30485	0.02623	0.03763	0.02743	0.06145	0.09324	0.02555	0.03523	0.02346	0.08877	0.02048	0.01267	0.01000	0.00323	0.01335	0.01038	0.00590	0.01463

[dist]
# distance from previous block
# <min> <max>
1	5

[block]
# block no. 3 follows, 13 sequences, length 103
# corresponding to MSA columns:
# 99-201
name=unknown_D
#
# <colnr> <probs for GDERKNQSTAVLIFYWHMCP>
#	G	D	E	R	K	N	Q	S	T	A	V	L	I	F	Y	W	H	M	C	P
0	0.08144	0.08187	0.02802	0.02101	0.02804	0.02809	0.01710	0.15301	0.30596	0.09098	0.03433	0.03234	0.02537	0.01304	0.01002	0.00332	0.00939	0.01026	0.01001	0.01641
1	0.02472	0.02080	0.02953	0.02156	0.03081	0.01748	0.10478	0.03222	0.06628	0.07487	0.02297	0.02560	0.01789	0.00895	0.00911	0.00222	0.00975	0.00817	0.00698	0.46531
2	0.03639	0.02143	0.06477	0.01946	0.02694	0.01875	0.01684	0.09149	0.11642	0.30793	0.07647	0.03803	0.03101	0.01360	0.01046	0.00325	0.00899	0.01110	0.07038	0.01630
3	0.04489	0.02168	0.06587	0.02011	0.02886	0.01764	0.01766	0.08959	0.03128	0.48833	0.03867	0.03410	0.02455	0.01283	0.01058	0.00327	0.00971	0.01033	0.01224	0.01782
4	0.02340	0.02063	0.03172	0.50469	0.06602	0.02507	0.02779	0.11199	0.02600	0.03375	0.01991	0.02771	0.01475	0.01093	0.01057	0.00346	0.01368	0.00942	0.00570	0.01280
5	0.01912	0.01744	0.02873	0.50282	0.06313	0.02119	0.02607	0.02581	0.02263	0.02963	0.11021	0.03682	0.02865	0.01245	0.01089	0.00349	0.01255	0.01105	0.00588	0.01144
6	0.34371	0.02656	0.02616	0.14058	0.03693	0.12018	0.05542	0.07405	0.02386	0.04018	0.01723	0.02130	0.01325	0.01033	0.00866	0.00324	0.01225	0.00749	0.00623	0.01241
7	0.01306	0.00934	0.01243	0.01460	0.01538	0.00871	0.00983	0.01518	0.02109	0.02833	0.10169	0.57428	0.07253	0.03212	0.01341	0.00421	0.00603	0.02911	0.00997	0.00871
8	0.01997	0.01879	0.03171	0.60301	0.07282	0.02349	0.02936	0.02701	0.02114	0.02701	0.01879	0.02819	0.01409	0.01057	0.01057	0.00352	0.01409	0.00940	0.00470	0.01175
9	0.03440	0.02296	0.02565	0.02092	0.02747	0.02467	0.01661	0.27109	0.13279	0.14055	0.03470	0.07926	0.02793	0.07320	0.01496	0.00403	0.01003	0.01228	0.01058	0.01594
10	0.03379	0.02253	0.02524	0.02124	0.02816	0.02451	0.01693	0.12530	0.33811	0.18232	0.04006	0.03646	0.02858	0.01378	0.01070	0.00344	0.00902	0.01125	0.01133	0.01724
11	0.01310	0.01073	0.01155	0.01134	0.01465	0.00918	0.00851	0.01634	0.02552	0.03194	0.21689	0.09620	0.44628	0.02552	0.01249	0.00351	0.00527	0.02154	0.01026	0.00918
12	0.02198	0.11855	0.51659	0.02881	0.04371	0.02646	0.03676	0.03328	0.02223	0.03254	0.01850	0.02173	0.01341	0.00994	0.00969	0.00323	0.01515	0.00758	0.00447	0.01540
13	0.02626	0.02838	0.03577	0.31716	0.15759	0.15977	0.06473	0.03226	0.02413	0.02872	0.01861	0.02562	0.01464	0.01030	0.01044	0.00326	0.01527	0.00901	0.00503	0.01303
14	0.02308	0.02158	0.03579	0.42310	0.06275	0.02560	0.09279	0.08286	0.02442	0.03216	0.01949	0.02755	0.01476	0.01118	0.01262	0.00357	0.05871	0.00980	0.00543	0.01275
15	0.70310	0.02045	0.01554	0.01390	0.02045	0.02372	0.01145	0.03108	0.01799	0.04744	0.01472	0.01718	0.01145	0.00981	0.00654	0.00327	0.00818	0.00573	0.00654	0.01145
16	0.01316	0.00941	0.01251	0.01454	0.01540	0.00877	0.00984	0.01541	0.02151	0.02901	0.12370	0.55033	0.07384	0.03161	0.01336	0.00417	0.00598	0.02862	0.01005	0.00877
17	0.08490	0.21976	0.09524	0.05965	0.03222	0.02751	0.01996	0.08001	0.02669	0.21895	0.02566	0.02560	0.01814	0.01102	0.00903	0.00297	0.01097	0.00819	0.00814	0.01541
18	0.01675	0.01127	0.01297	0.01264	0.01607	0.00974	0.00943	0.01976	0.02493	0.08980	0.15421	0.17965	0.35286	0.02563	0.01246	0.00363	0.00584	0.02190	0.01043	0.01001
19	0.03899	0.04453	0.02957	0.02635	0.03165	0.47664	0.02012	0.04183	0.02884	0.08571	0.01893	0.02127	0.01502	0.01178	0.01177	0.00294	0.06756	0.00744	0.00622	0.01283
20	0.02315	0.04047	0.30604	0.19314	0.05026	0.07786	0.03205	0.03496	0.08007	0.03209	0.02132	0.02558	0.01569	0.01075	0.01023	0.00337	0.01472	0.00863	0.00532	0.01432
21	0.02663	0.03362	0.20687	0.14405	0.05068	0.02473	0.17886	0.07731	0.02614	0.09426	0.02273	0.02710	0.01613	0.01037	0.01099	0.00342	0.01491	0.00998	0.00626	0.01493
22	0.01538	0.01025	0.01153	0.01153	0.01153	0.01025	0.00641	0.01538	0.01538	0.02050	0.03331	0.06919	0.03844	0.62842	0.05382	0.01025	0.01025	0.01538	0.00641	0.00641
23	0.01280	0.00951	0.01195	0.01389	0.01512	0.00866	0.00945	0.01482	0.02104	0.02732	0.06837	0.51411	0.17083	0.03181	0.01329	0.00414	0.00597	0.02846	0.00982	0.00866
24	0.10546	0.22073	0.11059	0.01980	0.02796	0.02719	0.01932	0.03480	0.02311	0.16407	0.02969	0.03018	0.06225	0.01267	0.01131	0.00311	0.06737	0.00894	0.00732	0.01414
25	0.11300	0.02432	0.10631	0.02009	0.02888	0.01890	0.01867	0.08455	0.02933	0.35576	0.06651	0.03368	0.02659	0.01277	0.01021	0.00328	0.00987	0.01011	0.01076	0.01641
26	0.04063	0.02184	0.02617	0.02065	0.02811	0.02192	0.01680	0.24456	0.03722	0.30157	0.03677	0.09605	0.02760	0.01513	0.01092	0.00334	0.00977	0.01231	0.01169	0.01695
27	0.07206	0.03936	0.32950	0.02817	0.03954	0.02299	0.09486	0.06827	0.02442	0.03636	0.02595	0.08319	0.02280	0.01368	0.01083	0.00357	0.01375	0.05038	0.00610	0.01422
28	0.15350	0.02471	0.02796	0.07060	0.03329	0.06697	0.05506	0.16999	0.06971	0.12958	0.02852	0.03480	0.02212	0.01321	0.01029	0.00341	0.01142	0.05115	0.00894	0.01479
29	0.02895	0.01483	0.01900	0.01611	0.02131	0.01369	0.01272	0.03578	0.07848	0.25421	0.26669	0.05958	0.09788	0.01787	0.01157	0.00335	0.00695	0.01525	0.01200	0.01377
30	0.01693	0.01628	0.02752	0.11411	0.03423	0.01573	0.14359	0.02175	0.02318	0.02940	0.06272	0.16143	0.24864	0.02074	0.01236	0.00369	0.01006	0.01909	0.00786	0.01068
31	0.16427	0.07226	0.07596	0.07788	0.17076	0.02638	0.09704	0.03602	0.11064	0.03736	0.02244	0.02609	0.01751	0.01037	0.00970	0.00328	0.01197	0.00914	0.00631	0.01460
32	0.03860	0.02110	0.02823	0.02782	0.11858	0.02069	0.01935	0.12200	0.08070	0.31263	0.03652	0.03863	0.02621	0.01362	0.01088	0.00337	0.01001	0.04306	0.01091	0.01710
33	0.01288	0.00920	0.01227	0.01472	0.01534	0.00859	0.00981	0.01472	0.02024	0.02699	0.05828	0.62152	0.06993	0.03312	0.01350	0.00429	0.00613	0.03006	0.00981	0.00859
34	0.03241	0.38277	0.04613	0.02413	0.07945	0.03609	0.01976	0.15503	0.02931	0.07601	0.01980	0.02130	0.01588	0.01027	0.00835	0.00264	0.01134	0.00733	0.00671	0.01528
35	0.02916	0.07129	0.13375	0.02414	0.03286	0.02084	0.10533	0.03790	0.06980	0.18553	0.10445	0.03733	0.03209	0.01277	0.01062	0.00324	0.01103	0.01131	0.05173	0.01483
36	0.01739	0.01134	0.01491	0.01371	0.01663	0.01039	0.01039	0.02231	0.02995	0.08176	0.51844	0.07577	0.09427	0.02098	0.01233	0.00332	0.00529	0.01849	0.01175	0.01057
37	0.02493	0.18056	0.14424	0.03379	0.04374	0.03068	0.26285	0.03234	0.02269	0.03068	0.01852	0.02405	0.01475	0.01019	0.01312	0.00333	0.08094	0.00966	0.00492	0.01403
38	0.08490	0.07806	0.02806	0.08413	0.03208	0.02148	0.01743	0.07598	0.07194	0.34591	0.03383	0.03165	0.02262	0.01228	0.00999	0.00322	0.00984	0.00973	0.01054	0.01632
39	0.10218	0.15078	0.04146	0.03009	0.08436	0.03043	0.13221	0.09107	0.11349	0.03828	0.02263	0.02572	0.01789	0.01124	0.01183	0.00327	0.06233	0.00935	0.00674	0.01465
40	0.01288	0.00920	0.01227	0.01472	0.01534	0.00859	0.00981	0.01472	0.02024	0.02699	0.05828	0.62152	0.06993	0.03312	0.01350	0.00429	0.00613	0.03006	0.00981	0.00859
41	0.02824	0.44173	0.17720	0.02105	0.03160	0.03540	0.02291	0.03383	0.02245	0.07439	0.01808	0.01991	0.01462	0.00964	0.00790	0.00261	0.01214	0.00661	0.00525	0.01445
42	0.27012	0.01912	0.02123	0.01726	0.02446	0.01912	0.01411	0.07472	0.02679	0.32476	0.03229	0.06270	0.02309	0.01310	0.00939	0.00332	0.00873	0.01000	0.01048	0.01520
43	0.01288	0.00920	0.01227	0.01472	0.01534	0.00859	0.00981	0.01472	0.02024	0.02699	0.05828	0.62152	0.06993	0.03312	0.01350	0.00429	0.00613	0.03006	0.00981	0.00859
44	0.10565	0.12541	0.02859	0.01936	0.02605	0.02598	0.01599	0.15670	0.12260	0.12237	0.03290	0.11614	0.02805	0.01516	0.00997	0.00329	0.00940	0.01211	0.00940	0.01489
45	0.23598	0.02035	0.02509	0.02010	0.02724	0.02063	0.06270	0.10465	0.02765	0.23462	0.03133	0.09268	0.02452	0.01387	0.00990	0.00340	0.00964	0.01133	0.00970	0.01465
46	0.18601	0.01984	0.02114	0.01717	0.02377	0.02074	0.01401	0.16919	0.03093	0.19705	0.02963	0.02969	0.02088	0.01207	0.00897	0.00306	0.00860	0.00906	0.16351	0.01468
47	0.01891	0.01159	0.01458	0.11156	0.02348	0.01247	0.01186	0.02411	0.02230	0.03634	0.08101	0.04145	0.03175	0.01854	0.05710	0.00395	0.00846	0.01078	0.44962	0.01015
48	0.06225	0.09071	0.20007	0.13367	0.04561	0.02624	0.10692	0.06367	0.06305	0.07503	0.02255	0.02607	0.01648	0.01055	0.01016	0.00331	0.01362	0.00915	0.00623	0.01467
49	0.03163	0.02177	0.02969	0.25109	0.04651	0.02480	0.02277	0.15284	0.05981	0.16044	0.02655	0.02952	0.01879	0.01253	0.01263	0.00348	0.06204	0.00984	0.00834	0.01492
50	0.01805	0.01206	0.01461	0.01489	0.01854	0.01087	0.01224	0.02170	0.02487	0.08930	0.08072	0.10109	0.31297	0.02618	0.01308	0.00402	0.00740	0.19703	0.01015	0.01023
51	0.11897	0.02929	0.08531	0.07480	0.03888	0.06784	0.12005	0.13084	0.11092	0.08152	0.02536	0.02740	0.01852	0.01130	0.01033	0.00335	0.01283	0.00970	0.00778	0.01503
52	0.15913	0.09757	0.12177	0.07282	0.03435	0.06867	0.02185	0.11455	0.06958	0.07628	0.02175	0.02390	0.01631	0.01148	0.01064	0.00324	0.04651	0.00813	0.00706	0.01441
53	0.03589	0.01737	0.02216	0.01800	0.02443	0.01640	0.01449	0.07589	0.08798	0.33591	0.17928	0.04721	0.04608	0.01549	0.01114	0.00331	0.00803	0.01298	0.01227	0.01570
54	0.01327	0.00950	0.01261	0.01446	0.01542	0.00885	0.00984	0.01569	0.02204	0.02985	0.15086	0.52077	0.07547	0.03099	0.01330	0.00411	0.00592	0.02803	0.01015	0.00885
55	0.03494	0.17151	0.13002	0.02149	0.03081	0.02556	0.02109	0.10894	0.02909	0.23396	0.03003	0.03377	0.02234	0.01274	0.00991	0.00315	0.01115	0.04467	0.00892	0.01591
56	0.18084	0.02393	0.02758	0.02759	0.11750	0.02589	0.01901	0.17921	0.13102	0.12199	0.02778	0.02790	0.02023	0.01189	0.00972	0.00328	0.01004	0.00930	0.00918	0.01611
57	0.03515	0.02622	0.02987	0.02692	0.08114	0.02880	0.01991	0.30087	0.19672	0.09406	0.03147	0.03054	0.02284	0.01292	0.01063	0.00330	0.01053	0.01034	0.01031	0.01748
58	0.02462	0.02260	0.03664	0.31136	0.28429	0.02509	0.02984	0.07699	0.02515	0.03409	0.01990	0.02703	0.01563	0.01027	0.01053	0.00332	0.01319	0.00942	0.00549	0.01454
59	0.03298	0.02477	0.07459	0.02715	0.03565	0.02210	0.15227	0.10089	0.09757	0.21219	0.03424	0.08140	0.02604	0.01356	0.01133	0.00347	0.01182	0.01259	0.00952	0.01587
60	0.03635	0.02473	0.03208	0.11642	0.12751	0.02638	0.02260	0.26608	0.03690	0.16359	0.02698	0.02822	0.01895	0.01190	0.01057	0.00324	0.01159	0.00972	0.00933	0.01684
61	0.08394	0.02310	0.02515	0.02102	0.02804	0.02533	0.01684	0.15774	0.28939	0.15761	0.03675	0.03397	0.02631	0.01338	0.01038	0.00341	0.00921	0.01068	0.01088	0.01688
62	0.13445	0.02092	0.02445	0.06371	0.02987	0.02195	0.01699	0.18978	0.03335	0.20426	0.08098	0.03962	0.03012	0.01430	0.01048	0.00338	0.00976	0.04615	0.01031	0.01517
63	0.10854	0.10609	0.06936	0.02003	0.02822	0.06519	0.01775	0.13259	0.03020	0.17804	0.06567	0.02918	0.02414	0.01194	0.00945	0.00295	0.01055	0.00901	0.00887	0.07224
64	0.01319	0.00942	0.01262	0.01508	0.01583	0.00886	0.01035	0.01526	0.02055	0.02734	0.05810	0.58404	0.06925	0.03283	0.01358	0.00434	0.00640	0.06448	0.00981	0.00867
65	0.01288	0.00920	0.01227	0.01472	0.01534	0.00859	0.00981	0.01472	0.02024	0.02699	0.05828	0.62152	0.06993	0.03312	0.01350	0.00429	0.00613	0.03006	0.00981	0.00859
66	0.03054	0.06355	0.02911	0.21846	0.04166	0.02183	0.02081	0.03523	0.02414	0.22783	0.03376	0.03578	0.06424	0.01379	0.01364	0.00349	0.08933	0.01065	0.00821	0.01393
67	0.02292	0.19549	0.44785	0.02721	0.04124	0.02875	0.03397	0.03304	0.02212	0.03139	0.01794	0.02102	0.01344	0.00980	0.00925	0.00308	0.01458	0.00729	0.00448	0.01513
68	0.02858	0.02111	0.02436	0.02160	0.02697	0.02405	0.01727	0.04917	0.35896	0.12585	0.04070	0.04380	0.03167	0.01585	0.01370	0.00376	0.07471	0.05174	0.01037	0.01578
69	0.02927	0.12326	0.27868	0.08856	0.04099	0.02554	0.02841	0.07398	0.02590	0.15171	0.02382	0.02544	0.01665	0.01083	0.00981	0.00318	0.01309	0.00843	0.00685	0.01560
70	0.09797	0.02090	0.03153	0.40659	0.13286	0.02463	0.02695	0.07583	0.02393	0.03410	0.01913	0.02642	0.01455	0.01053	0.01011	0.00341	0.01299	0.00901	0.00554	0.01302
71	0.02238	0.01173	0.01561	0.01547	0.01818	0.01066	0.01109	0.02492	0.02326	0.17153	0.08927	0.38535	0.05825	0.07060	0.01562	0.00439	0.00711	0.02302	0.01057	0.01102
72	0.08257	0.02769	0.07807	0.09525	0.13164	0.06525	0.05742	0.10976	0.06145	0.14847	0.02587	0.02777	0.01859	0.01124	0.01029	0.00327	0.01237	0.00945	0.00796	0.01564
73	0.02391	0.03342	0.16473	0.30185	0.05445	0.11949	0.02956	0.03099	0.02237	0.02824	0.01788	0.02465	0.01382	0.01137	0.01292	0.00347	0.08080	0.00856	0.00476	0.01277
74	0.02907	0.26583	0.20967	0.02548	0.03635	0.07130	0.08008	0.03585	0.02390	0.10008	0.02042	0.02253	0.01544	0.01000	0.00912	0.00291	0.01362	0.00781	0.00579	0.01476
75	0.01645	0.01106	0.01551	0.01884	0.05776	0.01036	0.01196	0.01880	0.02128	0.06783	0.05413	0.53286	0.06264	0.02984	0.01305	0.00413	0.00683	0.02705	0.00971	0.00991
76	0.03139	0.03168	0.19911	0.12135	0.04439	0.02249	0.09209	0.07910	0.02726	0.20538	0.02701	0.02868	0.01829	0.01117	0.01068	0.00337	0.01323	0.00972	0.00786	0.01576
77	0.09152	0.01902	0.02483	0.07718	0.06891	0.01903	0.01738	0.08302	0.06199	0.27842	0.11202	0.03872	0.03387	0.01363	0.01055	0.00331	0.00926	0.01128	0.01058	0.01547
78	0.02271	0.01543	0.01748	0.01510	0.01990	0.01485	0.01187	0.12586	0.03162	0.09971	0.20442	0.07265	0.26476	0.02098	0.01189	0.00339	0.00695	0.01753	0.01083	0.01207
79	0.02143	0.04825	0.46534	0.09457	0.04964	0.02465	0.08414	0.03281	0.02244	0.03281	0.01918	0.02356	0.01372	0.01000	0.01033	0.00339	0.01567	0.00843	0.00457	0.01507
80	0.02913	0.03007	0.11444	0.09166	0.04015	0.02849	0.07900	0.20428	0.13851	0.04559	0.02592	0.02829	0.01925	0.01247	0.01277	0.00349	0.06274	0.01006	0.00797	0.01573
81	0.02164	0.02050	0.03473	0.45784	0.20491	0.02393	0.03020	0.02848	0.02193	0.02905	0.01909	0.02764	0.01481	0.01026	0.01054	0.00342	0.01368	0.00940	0.00484	0.01309
82	0.08923	0.02535	0.03492	0.12967	0.11970	0.02735	0.07865	0.23636	0.03416	0.08717	0.02331	0.02642	0.01698	0.01121	0.01044	0.00329	0.01239	0.00958	0.00804	0.01577
83	0.10000	0.02695	0.12626	0.12765	0.16943	0.02244	0.09151	0.03183	0.02385	0.07508	0.07991	0.03169	0.02491	0.01130	0.01047	0.00334	0.01243	0.01029	0.00647	0.01419
84	0.01798	0.01290	0.01562	0.01610	0.01845	0.01310	0.01181	0.07614	0.06461	0.03552	0.09877	0.37430	0.05992	0.02632	0.01244	0.00391	0.00696	0.05750	0.06708	0.01056
85	0.01395	0.01049	0.01292	0.01290	0.01532	0.00945	0.00945	0.01777	0.02667	0.03604	0.35067	0.18429	0.21127	0.02504	0.01266	0.00357	0.00529	0.02194	0.01084	0.00945
86	0.12018	0.13272	0.11370	0.02868	0.11676	0.07263	0.02271	0.03674	0.02377	0.15156	0.02223	0.02419	0.01661	0.01120	0.01126	0.00316	0.06212	0.00810	0.00688	0.01482
87	0.02785	0.07407	0.03482	0.10133	0.03809	0.02567	0.11243	0.12126	0.15496	0.07955	0.03203	0.09548	0.02656	0.01409	0.01098	0.00345	0.01148	0.01267	0.00847	0.01476
88	0.01538	0.01025	0.01153	0.01153	0.01153	0.01025	0.00641	0.01538	0.01538	0.02050	0.03331	0.06919	0.03844	0.62842	0.05382	0.01025	0.01025	0.01538	0.00641	0.00641
89	0.02083	0.01225	0.01583	0.01615	0.01864	0.01161	0.01157	0.05991	0.02418	0.12222	0.05296	0.47676	0.05855	0.02817	0.01279	0.00404	0.00704	0.02520	0.01043	0.01090
90	0.02058	0.09712	0.19128	0.08059	0.03845	0.02213	0.11610	0.02842	0.02503	0.03483	0.19061	0.04151	0.04154	0.01347	0.01095	0.00328	0.01201	0.01219	0.00695	0.01297
91	0.02606	0.28194	0.11148	0.02944	0.03947	0.03270	0.20447	0.03540	0.08103	0.03126	0.02077	0.02427	0.01654	0.00970	0.00966	0.00300	0.01383	0.00908	0.00551	0.01440
92	0.01517	0.01106	0.01565	0.01565	0.01707	0.01249	0.01154	0.01802	0.01659	0.02355	0.02955	0.04834	0.02938	0.21430	0.45555	0.01533	0.02388	0.01232	0.00585	0.00869
93	0.02496	0.02852	0.06239	0.04456	0.05526	0.02674	0.52406	0.03387	0.02496	0.03387	0.02139	0.02852	0.01604	0.00891	0.01248	0.00357	0.01783	0.01248	0.00535	0.01426
94	0.01285	0.00933	0.01213	0.01437	0.01524	0.00862	0.00966	0.01476	0.02058	0.02713	0.06253	0.57627	0.11244	0.03257	0.01341	0.00423	0.00607	0.02938	0.00982	0.00862
95	0.02958	0.02349	0.02807	0.02902	0.11957	0.02591	0.01969	0.10358	0.35703	0.08922	0.03702	0.03534	0.02753	0.01321	0.01068	0.00344	0.00950	0.01114	0.00999	0.01698
96	0.02352	0.11524	0.08298	0.02577	0.11864	0.02110	0.01927	0.02902	0.02226	0.03295	0.01838	0.02194	0.01532	0.00849	0.00833	0.00211	0.00989	0.00686	0.00566	0.41227
97	0.03383	0.08130	0.25811	0.02440	0.03581	0.02409	0.02633	0.12009	0.02945	0.22230	0.02750	0.02711	0.01854	0.01145	0.01009	0.00321	0.01238	0.00890	0.00842	0.01667
98	0.02169	0.04980	0.48429	0.03119	0.04510	0.02539	0.07997	0.03285	0.02204	0.03285	0.01876	0.02293	0.01366	0.01065	0.01230	0.00347	0.06497	0.00834	0.00455	0.01517
99	0.01955	0.01352	0.01983	0.01700	0.02121	0.01217	0.06683	0.02401	0.02714	0.10596	0.27795	0.12472	0.18502	0.02140	0.01233	0.00349	0.00712	0.01906	0.01054	0.01112
100	0.03937	0.12834	0.03134	0.02073	0.02854	0.07848	0.01732	0.12277	0.10253	0.27383	0.03232	0.02995	0.02239	0.01230	0.00988	0.00308	0.01068	0.00943	0.01019	0.01652
101	0.04124	0.01653	0.02246	0.01789	0.02487	0.01440	0.01449	0.04526	0.02946	0.47050	0.09968	0.08520	0.03760	0.01555	0.01105	0.00336	0.00834	0.01304	0.01268	0.01640
102	0.01288	0.00920	0.01227	0.01472	0.01534	0.00859	0.00981	0.01472	0.02024	0.02699	0.05828	0.62152	0.06993	0.03312	0.01350	0.00429	0.00613	0.03006	0.00981	0.00859

[dist]
# distance from previous block
# <min> <max>
3	22

[block]
# block no. 4 follows, 13 sequences, length 25
# corresponding to MSA columns:
# 224-248
name=unknown_E
#
# <colnr> <probs for GDERKNQSTAVLIFYWHMCP>
#	G	D	E	R	K	N	Q	S	T	A	V	L	I	F	Y	W	H	M	C	P
0	0.02377	0.19941	0.21471	0.02685	0.03728	0.02835	0.11963	0.03423	0.08275	0.03337	0.07716	0.02990	0.02511	0.01126	0.00995	0.00312	0.01293	0.00976	0.00611	0.01434
1	0.01389	0.01051	0.01288	0.01331	0.01570	0.00950	0.00989	0.01744	0.02549	0.03380	0.26619	0.21348	0.23042	0.02642	0.01288	0.00374	0.00573	0.05890	0.01052	0.00932
2	0.30109	0.02309	0.02092	0.01763	0.02473	0.05892	0.01407	0.06660	0.14829	0.04345	0.02323	0.02425	0.01797	0.01069	0.00829	0.00292	0.00905	0.00765	0.00767	0.16948
3	0.07471	0.07234	0.10142	0.01907	0.02885	0.02063	0.01774	0.08818	0.02580	0.09993	0.02162	0.02328	0.01637	0.00953	0.00860	0.00236	0.00976	0.00727	0.00718	0.34536
4	0.03322	0.07010	0.02510	0.02034	0.05972	0.01661	0.01512	0.03718	0.02683	0.30027	0.09766	0.13271	0.03919	0.01634	0.01076	0.00323	0.00843	0.01393	0.01063	0.06259
5	0.01538	0.01025	0.01153	0.01153	0.01153	0.01025	0.00641	0.01538	0.01538	0.02050	0.03331	0.06919	0.03844	0.62842	0.05382	0.01025	0.01025	0.01538	0.00641	0.00641
6	0.01535	0.01036	0.01210	0.01210	0.01230	0.01056	0.00712	0.01574	0.01554	0.02092	0.03279	0.06630	0.03719	0.57110	0.10942	0.01095	0.01214	0.01495	0.00633	0.00672
7	0.12413	0.06577	0.03491	0.02810	0.08747	0.02436	0.11407	0.12714	0.02899	0.10676	0.06044	0.02899	0.02274	0.01109	0.00993	0.00303	0.01118	0.00971	0.00792	0.09326
8	0.04744	0.01799	0.02454	0.01881	0.02699	0.01554	0.01554	0.05153	0.03026	0.56979	0.04171	0.03599	0.02617	0.01309	0.01063	0.00327	0.00900	0.01063	0.01309	0.01799
9	0.01288	0.00920	0.01227	0.01472	0.01534	0.00859	0.00981	0.01472	0.02024	0.02699	0.05828	0.62152	0.06993	0.03312	0.01350	0.00429	0.00613	0.03006	0.00981	0.00859
10	0.03385	0.03144	0.19405	0.08612	0.04059	0.02220	0.06898	0.10122	0.02889	0.24301	0.02870	0.02911	0.01918	0.01150	0.01060	0.00333	0.01261	0.00968	0.00864	0.01630
11	0.02068	0.01977	0.03186	0.47369	0.06269	0.02549	0.02796	0.02666	0.02003	0.02666	0.01769	0.02705	0.01405	0.01235	0.01599	0.00377	0.14785	0.00936	0.00468	0.01171
12	0.01496	0.01081	0.01413	0.01330	0.01580	0.00998	0.00998	0.01995	0.02993	0.04240	0.55689	0.07898	0.09976	0.02162	0.01247	0.00333	0.00499	0.01912	0.01164	0.00998
13	0.02272	0.02224	0.03965	0.34703	0.23382	0.02448	0.09808	0.02977	0.02264	0.03046	0.01951	0.02756	0.01525	0.00996	0.01080	0.00340	0.01409	0.00983	0.00497	0.01376
14	0.07444	0.02500	0.10796	0.02665	0.03504	0.02013	0.16984	0.03538	0.05971	0.14405	0.14884	0.04064	0.03762	0.01322	0.01125	0.00340	0.01154	0.01249	0.00864	0.01417
15	0.01250	0.01071	0.01071	0.01071	0.01428	0.00893	0.00803	0.01517	0.02410	0.02856	0.10711	0.10175	0.55817	0.02678	0.01250	0.00357	0.00536	0.02231	0.00982	0.00893
16	0.02355	0.02437	0.03927	0.03161	0.03407	0.03109	0.13801	0.02738	0.01820	0.02738	0.01560	0.02437	0.01438	0.01631	0.02960	0.00438	0.47348	0.00999	0.00479	0.01218
17	0.25317	0.18551	0.06436	0.02311	0.08253	0.02867	0.01853	0.09143	0.02506	0.10957	0.02025	0.02175	0.01534	0.01034	0.00822	0.00298	0.01040	0.00729	0.00707	0.01441
18	0.03950	0.05039	0.02996	0.02724	0.03269	0.58597	0.02043	0.04222	0.02996	0.02588	0.01634	0.01907	0.01362	0.01090	0.00953	0.00272	0.01907	0.00681	0.00545	0.01226
19	0.01971	0.00985	0.00985	0.00985	0.01232	0.00985	0.00739	0.02464	0.02217	0.03942	0.03449	0.03942	0.02710	0.01232	0.00739	0.00246	0.00493	0.00985	0.68712	0.00985
20	0.02915	0.02074	0.03169	0.33468	0.12554	0.02305	0.02570	0.09083	0.02683	0.15112	0.02471	0.02929	0.01754	0.01121	0.01057	0.00338	0.01249	0.00968	0.00728	0.01452
21	0.03128	0.02385	0.03837	0.09960	0.10104	0.02508	0.14434	0.10097	0.06768	0.15383	0.02673	0.02971	0.01937	0.01197	0.01357	0.00351	0.07507	0.01062	0.00796	0.01545
22	0.01288	0.00920	0.01227	0.01472	0.01534	0.00859	0.00981	0.01472	0.02024	0.02699	0.05828	0.62152	0.06993	0.03312	0.01350	0.00429	0.00613	0.03006	0.00981	0.00859
23	0.01873	0.01202	0.01543	0.01639	0.01864	0.01174	0.01190	0.02433	0.08211	0.09123	0.05443	0.44381	0.05981	0.02833	0.01295	0.00415	0.00703	0.06600	0.01029	0.01070
24	0.02289	0.02234	0.03090	0.42355	0.11947	0.08658	0.02678	0.02917	0.02258	0.02884	0.02001	0.02790	0.01548	0.01063	0.01016	0.00330	0.01368	0.00914	0.06440	0.01222

[dist]
# distance from previous block
# <min> <max>
0	1

[block]
# block no. 5 follows, 13 sequences, length 27
# corresponding to MSA columns:
# 250-276
name=unknown_F
#
# <colnr> <probs for GDERKNQSTAVLIFYWHMCP>
#	G	D	E	R	K	N	Q	S	T	A	V	L	I	F	Y	W	H	M	C	P
0	0.09054	0.02234	0.02384	0.02066	0.02719	0.02500	0.01634	0.08834	0.38568	0.12223	0.03901	0.03592	0.02848	0.01364	0.01035	0.00348	0.00869	0.01103	0.01071	0.01654
1	0.02595	0.16874	0.04309	0.07167	0.03626	0.03184	0.11826	0.03025	0.02037	0.06031	0.01759	0.02387	0.01499	0.01348	0.02050	0.00369	0.27179	0.00911	0.00526	0.01297
2	0.02356	0.02441	0.03951	0.03175	0.03429	0.03104	0.14206	0.02744	0.01827	0.02744	0.01566	0.02441	0.01439	0.01623	0.02942	0.00437	0.46870	0.01002	0.00480	0.01221
3	0.02496	0.02852	0.06239	0.04456	0.05526	0.02674	0.52406	0.03387	0.02496	0.03387	0.02139	0.02852	0.01604	0.00891	0.01248	0.00357	0.01783	0.01248	0.00535	0.01426
4	0.01997	0.01879	0.03171	0.60301	0.07282	0.02349	0.02936	0.02701	0.02114	0.02701	0.01879	0.02819	0.01409	0.01057	0.01057	0.00352	0.01409	0.00940	0.00470	0.01175
5	0.04669	0.01920	0.02528	0.01938	0.02759	0.01732	0.01601	0.10071	0.03227	0.51776	0.04002	0.03489	0.02533	0.01305	0.01063	0.00326	0.00927	0.01052	0.01283	0.01799
6	0.70310	0.02045	0.01554	0.01390	0.02045	0.02372	0.01145	0.03108	0.01799	0.04744	0.01472	0.01718	0.01145	0.00981	0.00654	0.00327	0.00818	0.00573	0.00654	0.01145
7	0.01320	0.00943	0.01263	0.01508	0.01583	0.00886	0.01036	0.01527	0.02055	0.02734	0.05810	0.58352	0.06924	0.03283	0.01358	0.00434	0.00641	0.06495	0.00981	0.00867
8	0.02175	0.05090	0.49966	0.03222	0.04714	0.02487	0.10924	0.03354	0.02270	0.03354	0.01932	0.02322	0.01378	0.00988	0.01040	0.00338	0.01594	0.00849	0.00459	0.01543
9	0.01348	0.00963	0.01296	0.01541	0.01629	0.00911	0.01086	0.01576	0.02084	0.02766	0.05794	0.54884	0.06862	0.03256	0.01366	0.00438	0.00666	0.09680	0.00980	0.00875
10	0.01644	0.01174	0.01635	0.01878	0.02096	0.01165	0.01599	0.02087	0.02375	0.03097	0.05631	0.19194	0.06216	0.02977	0.01444	0.00478	0.00921	0.42456	0.00975	0.00957
11	0.02764	0.58322	0.10146	0.01916	0.02879	0.04030	0.01996	0.03182	0.02156	0.02564	0.01508	0.01744	0.01355	0.00913	0.00707	0.00236	0.01169	0.00585	0.00452	0.01375
12	0.02446	0.01732	0.02542	0.02138	0.02652	0.01705	0.09009	0.07494	0.08546	0.11636	0.17579	0.15106	0.05385	0.01941	0.01218	0.00365	0.00901	0.05279	0.01026	0.01298
13	0.01704	0.01217	0.01704	0.01947	0.02191	0.01217	0.01704	0.02191	0.02434	0.03164	0.05598	0.11926	0.06085	0.02921	0.01460	0.00487	0.00974	0.49130	0.00974	0.00974
14	0.11289	0.02216	0.02512	0.02023	0.02777	0.02312	0.01646	0.16404	0.15537	0.26727	0.03515	0.03220	0.02404	0.01293	0.01020	0.00332	0.00939	0.01014	0.01121	0.01697
15	0.16575	0.02618	0.02766	0.02205	0.02931	0.02953	0.01814	0.33155	0.07731	0.08708	0.02475	0.02531	0.01797	0.01272	0.01161	0.00334	0.05504	0.00902	0.00952	0.01615
16	0.01697	0.01430	0.02048	0.01964	0.02073	0.01780	0.01539	0.01994	0.01741	0.02529	0.03013	0.15166	0.03148	0.05264	0.31388	0.01091	0.19083	0.01446	0.00619	0.00988
17	0.02666	0.02379	0.04802	0.03592	0.04463	0.02226	0.35105	0.03408	0.02560	0.11098	0.03111	0.04740	0.02630	0.01350	0.01263	0.00378	0.01496	0.10611	0.00733	0.01391
18	0.02194	0.11467	0.52005	0.02889	0.04384	0.02634	0.03690	0.03330	0.02224	0.03259	0.01853	0.02177	0.01341	0.00994	0.00971	0.00324	0.01518	0.00759	0.00447	0.01541
19	0.08182	0.02376	0.02775	0.02278	0.02962	0.05982	0.06858	0.09806	0.22281	0.14210	0.08046	0.03668	0.03115	0.01345	0.01065	0.00338	0.01020	0.01134	0.01003	0.01556
20	0.04498	0.01745	0.02375	0.01840	0.02614	0.01512	0.01512	0.04914	0.03024	0.52993	0.08065	0.03924	0.03173	0.01373	0.01077	0.00328	0.00869	0.01127	0.01298	0.01739
21	0.01897	0.01701	0.02440	0.02218	0.02316	0.02245	0.01799	0.02204	0.01661	0.02498	0.02137	0.03267	0.02039	0.05002	0.32080	0.01104	0.30797	0.01033	0.00516	0.01046
22	0.02121	0.05469	0.57364	0.03014	0.04576	0.02455	0.03906	0.03348	0.02232	0.03348	0.01897	0.02232	0.01339	0.01005	0.01005	0.00335	0.01563	0.00781	0.00446	0.01563
23	0.02251	0.02154	0.03562	0.34164	0.23359	0.02525	0.02957	0.02865	0.02147	0.02937	0.01850	0.02681	0.01497	0.01125	0.01381	0.00354	0.09422	0.00939	0.00487	0.01343
24	0.01327	0.00948	0.01271	0.01516	0.01594	0.00892	0.01048	0.01539	0.02062	0.02742	0.05806	0.57495	0.06909	0.03276	0.01360	0.00435	0.00647	0.07282	0.00981	0.00869
25	0.02157	0.01251	0.01600	0.15126	0.02764	0.01346	0.01314	0.02695	0.02245	0.07098	0.03123	0.03653	0.02395	0.01195	0.00836	0.00277	0.00737	0.00980	0.48125	0.01083
26	0.01997	0.01879	0.03171	0.60301	0.07282	0.02349	0.02936	0.02701	0.02114	0.02701	0.01879	0.02819	0.01409	0.01057	0.01057	0.00352	0.01409	0.00940	0.00470	0.01175

[dist]
# distance from previous block
# <min> <max>
0	19

[block]
# block no. 6 follows, 13 sequences, length 13
# corresponding to MSA columns:
# 296-308
name=unknown_G
#
# <colnr> <probs for GDERKNQSTAVLIFYWHMCP>
#	G	D	E	R	K	N	Q	S	T	A	V	L	I	F	Y	W	H	M	C	P
0	0.01837	0.00918	0.01377	0.01377	0.01377	0.00918	0.00918	0.01377	0.01377	0.01837	0.01837	0.03214	0.01837	0.03673	0.04132	0.69238	0.00918	0.00918	0.00459	0.00459
1	0.01501	0.01075	0.01387	0.01312	0.01536	0.01000	0.00961	0.01949	0.02845	0.04018	0.50375	0.07799	0.09354	0.08319	0.01667	0.00403	0.00552	0.01874	0.01111	0.00961
2	0.02265	0.02433	0.05043	0.10961	0.05085	0.02352	0.37558	0.03067	0.02531	0.03444	0.11087	0.03694	0.02984	0.01125	0.01224	0.00352	0.01520	0.01320	0.00632	0.01323
3	0.21704	0.02087	0.02560	0.09309	0.03260	0.02223	0.04933	0.13115	0.02918	0.16212	0.08825	0.03240	0.02712	0.01254	0.00983	0.00331	0.01003	0.01004	0.00907	0.01421
4	0.02233	0.04210	0.35556	0.10978	0.13695	0.02478	0.09448	0.03254	0.02278	0.03289	0.01939	0.02444	0.01436	0.00987	0.01047	0.00336	0.01518	0.00884	0.00473	0.01516
5	0.02253	0.01101	0.01230	0.01147	0.01465	0.01059	0.00878	0.02736	0.02428	0.10659	0.10895	0.04456	0.03721	0.01372	0.00851	0.00269	0.00545	0.01126	0.50717	0.01090
6	0.02569	0.01909	0.03113	0.45256	0.09866	0.02208	0.02692	0.03211	0.02310	0.13195	0.02328	0.02955	0.01661	0.01097	0.01058	0.00345	0.01301	0.00964	0.00635	0.01330
7	0.14677	0.02528	0.05687	0.06762	0.02910	0.11759	0.01738	0.05863	0.06199	0.07102	0.04007	0.08431	0.10084	0.01667	0.01053	0.00349	0.01093	0.06055	0.00802	0.01233
8	0.01768	0.01070	0.01373	0.01460	0.01679	0.00963	0.01031	0.01998	0.02232	0.10369	0.06441	0.44900	0.14838	0.02920	0.01292	0.00402	0.00640	0.02598	0.01028	0.00997
9	0.25063	0.02012	0.02258	0.01793	0.02563	0.02011	0.01480	0.10090	0.02872	0.34828	0.03140	0.02889	0.02063	0.01202	0.00935	0.00326	0.00905	0.00898	0.01076	0.01596
10	0.02179	0.10268	0.53076	0.02914	0.04422	0.02598	0.03733	0.03333	0.02225	0.03277	0.01862	0.02188	0.01341	0.00996	0.00978	0.00326	0.01527	0.00763	0.00447	0.01546
11	0.03185	0.07145	0.15742	0.02283	0.03092	0.10028	0.02202	0.03750	0.02467	0.20456	0.02707	0.02933	0.01989	0.02356	0.11121	0.00560	0.04860	0.00914	0.00763	0.01449
12	0.02727	0.55310	0.12837	0.01979	0.02976	0.03940	0.02104	0.03192	0.02160	0.02609	0.01530	0.01772	0.01354	0.00919	0.00724	0.00241	0.01192	0.00596	0.00451	0.01386

[dist]
# distance from previous block
# <min> <max>
0	10

[block]
# block no. 7 follows, 13 sequences, length 46
# corresponding to MSA columns:
# 319-364
name=unknown_H
#
# <colnr> <probs for GDERKNQSTAVLIFYWHMCP>
#	G	D	E	R	K	N	Q	S	T	A	V	L	I	F	Y	W	H	M	C	P
0	0.10716	0.01904	0.02356	0.01880	0.02644	0.01817	0.01535	0.05035	0.11695	0.42932	0.03933	0.03476	0.02580	0.01299	0.01026	0.00333	0.00881	0.01038	0.01206	0.01715
1	0.07103	0.02839	0.18106	0.01965	0.02975	0.01729	0.01990	0.02774	0.02158	0.03437	0.02257	0.08282	0.02022	0.01120	0.00896	0.00249	0.00995	0.00910	0.00612	0.37582
2	0.13866	0.10486	0.42800	0.02619	0.03963	0.02608	0.03231	0.03290	0.02150	0.03504	0.01783	0.02092	0.01308	0.00991	0.00913	0.00323	0.01393	0.00725	0.00483	0.01471
3	0.01784	0.11862	0.02331	0.08478	0.02457	0.01705	0.01369	0.02280	0.02743	0.03755	0.39956	0.06227	0.07474	0.01814	0.01127	0.00317	0.00716	0.01565	0.00959	0.01080
4	0.06819	0.17695	0.18362	0.02157	0.03087	0.09807	0.02190	0.03062	0.02253	0.03075	0.02203	0.09204	0.02050	0.01229	0.00902	0.00282	0.01211	0.00944	0.00569	0.12899
5	0.02426	0.08791	0.13472	0.12053	0.03839	0.05825	0.02204	0.05887	0.02397	0.03340	0.01866	0.02261	0.01476	0.00933	0.00890	0.00248	0.01169	0.00727	0.00568	0.29627
6	0.09441	0.01753	0.02371	0.02047	0.02567	0.01778	0.07429	0.03548	0.14390	0.13671	0.07203	0.21258	0.04234	0.01907	0.01143	0.00369	0.00873	0.01700	0.00989	0.01329
7	0.01313	0.00939	0.01249	0.01455	0.01539	0.00875	0.00983	0.01535	0.02140	0.02884	0.11802	0.55651	0.07350	0.03175	0.01337	0.00418	0.00600	0.02875	0.01003	0.00875
8	0.03044	0.02360	0.03988	0.12904	0.04558	0.02407	0.20242	0.07682	0.11618	0.15575	0.02946	0.03176	0.02088	0.01133	0.01131	0.00347	0.01315	0.01123	0.00827	0.01536
9	0.02805	0.02197	0.03716	0.22908	0.20174	0.02302	0.09140	0.03582	0.05333	0.13521	0.02520	0.02977	0.01845	0.01071	0.01081	0.00337	0.01284	0.01018	0.00689	0.01501
10	0.04744	0.01799	0.02454	0.01881	0.02699	0.01554	0.01554	0.05153	0.03026	0.56979	0.04171	0.03599	0.02617	0.01309	0.01063	0.00327	0.00900	0.01063	0.01309	0.01799
11	0.02137	0.01231	0.01660	0.01605	0.01938	0.01141	0.01277	0.02578	0.02744	0.13756	0.27471	0.14592	0.07256	0.02328	0.01278	0.00382	0.00707	0.13670	0.01122	0.01127
12	0.03669	0.01987	0.02615	0.14307	0.03669	0.02054	0.01876	0.11786	0.08035	0.29299	0.03402	0.03327	0.02301	0.01257	0.01041	0.00329	0.01016	0.01028	0.05401	0.01602
13	0.04067	0.02125	0.07425	0.01955	0.02775	0.01681	0.01733	0.07665	0.03074	0.42495	0.10030	0.03920	0.03329	0.01380	0.01080	0.00328	0.00930	0.01132	0.01196	0.01681
14	0.01288	0.00920	0.01227	0.01472	0.01534	0.00859	0.00981	0.01472	0.02024	0.02699	0.05828	0.62152	0.06993	0.03312	0.01350	0.00429	0.00613	0.03006	0.00981	0.00859
15	0.02057	0.01940	0.03279	0.55102	0.12012	0.02365	0.02966	0.02754	0.02143	0.02774	0.01890	0.02799	0.01435	0.01046	0.01056	0.00349	0.01395	0.00940	0.00475	0.01223
16	0.02934	0.09783	0.23041	0.02614	0.03678	0.02709	0.06332	0.18543	0.03130	0.08189	0.02549	0.07170	0.02045	0.01273	0.01038	0.00327	0.01288	0.01044	0.00748	0.01566
17	0.01997	0.01879	0.03171	0.60301	0.07282	0.02349	0.02936	0.02701	0.02114	0.02701	0.01879	0.02819	0.01409	0.01057	0.01057	0.00352	0.01409	0.00940	0.00470	0.01175
18	0.02192	0.01879	0.02192	0.01566	0.02506	0.01409	0.01253	0.02662	0.02192	0.03445	0.01879	0.02192	0.01566	0.00783	0.00783	0.00157	0.00783	0.00626	0.00626	0.69305
19	0.01826	0.01427	0.01698	0.01569	0.01920	0.01473	0.01194	0.03050	0.17938	0.04293	0.40732	0.06747	0.08012	0.01950	0.01197	0.00340	0.00597	0.01703	0.01138	0.01194
20	0.01288	0.00920	0.01227	0.01472	0.01534	0.00859	0.00981	0.01472	0.02024	0.02699	0.05828	0.62152	0.06993	0.03312	0.01350	0.00429	0.00613	0.03006	0.00981	0.00859
21	0.01737	0.01388	0.01766	0.01657	0.01663	0.01650	0.01161	0.01823	0.01611	0.02260	0.03022	0.11214	0.03452	0.39074	0.04416	0.00801	0.18359	0.01510	0.00624	0.00813
22	0.02668	0.02326	0.04064	0.18925	0.32745	0.02394	0.08888	0.03324	0.02409	0.08719	0.02203	0.02795	0.01698	0.01001	0.01075	0.00330	0.01320	0.00990	0.00592	0.01535
23	0.02064	0.01247	0.01828	0.01730	0.02027	0.01361	0.01361	0.02447	0.01926	0.11792	0.03061	0.04059	0.02639	0.06796	0.48790	0.01464	0.02501	0.01121	0.00694	0.01090
24	0.02159	0.01167	0.01187	0.01119	0.01420	0.01196	0.00856	0.07085	0.02471	0.04192	0.03365	0.03813	0.02626	0.01235	0.00768	0.00253	0.00554	0.00982	0.62490	0.01060
25	0.02912	0.01407	0.01864	0.01609	0.02116	0.01253	0.01294	0.03348	0.02894	0.27023	0.23743	0.06652	0.10795	0.01916	0.01189	0.00348	0.00726	0.06387	0.01190	0.01335
26	0.02193	0.11384	0.52080	0.02891	0.04386	0.02632	0.03693	0.03330	0.02224	0.03261	0.01854	0.02178	0.01341	0.00994	0.00971	0.00324	0.01519	0.00759	0.00447	0.01542
27	0.02121	0.05469	0.57364	0.03014	0.04576	0.02455	0.03906	0.03348	0.02232	0.03348	0.01897	0.02232	0.01339	0.01005	0.01005	0.00335	0.01563	0.00781	0.00446	0.01563
28	0.01467	0.01080	0.01372	0.01299	0.01561	0.00985	0.00974	0.01938	0.02923	0.04074	0.50299	0.08171	0.15469	0.02223	0.01247	0.00335	0.00503	0.01950	0.01142	0.00985
29	0.04258	0.02078	0.02565	0.02021	0.02806	0.02032	0.01652	0.13336	0.12144	0.39407	0.03916	0.03477	0.02582	0.01323	0.01064	0.00331	0.00934	0.01067	0.01226	0.01778
30	0.02384	0.02256	0.03623	0.29504	0.05408	0.02619	0.11937	0.07062	0.11370	0.03409	0.02346	0.02947	0.01787	0.01188	0.01342	0.00363	0.07429	0.01042	0.00630	0.01353
