[name]
unknown

[dist]
# distance from previous block
# <min> <max>
0	93

[block]
# block no. 0 follows, 12 sequences, length 11
# corresponding to MSA columns:
# 103-113
name=unknown_A
#
# <colnr> <probs for GDERKNQSTAVLIFYWHMCP>
#	G	D	E	R	K	N	Q	S	T	A	V	L	I	F	Y	W	H	M	C	P
0	0.01669	0.01340	0.02009	0.19497	0.03551	0.01453	0.01768	0.02140	0.02376	0.03165	0.13842	0.24716	0.05843	0.02399	0.01297	0.00409	0.00928	0.09682	0.00882	0.01034
1	0.01328	0.00949	0.01265	0.01518	0.01581	0.00886	0.01012	0.01518	0.02088	0.02783	0.06010	0.60969	0.07212	0.03416	0.01392	0.00443	0.00633	0.03100	0.01012	0.00886
2	0.20384	0.07860	0.08755	0.14028	0.13841	0.02610	0.07033	0.03359	0.02271	0.07387	0.02007	0.02465	0.01529	0.01030	0.00957	0.00334	0.01251	0.00858	0.00610	0.01428
3	0.03254	0.13762	0.12541	0.02332	0.03259	0.02406	0.08084	0.06440	0.02715	0.19072	0.02907	0.03011	0.02073	0.01150	0.00980	0.00309	0.01147	0.00956	0.12063	0.01540
4	0.02637	0.14674	0.38773	0.02800	0.04174	0.02972	0.03339	0.11443	0.02762	0.03879	0.01994	0.02263	0.01464	0.01065	0.00989	0.00324	0.01468	0.00798	0.00567	0.01617
5	0.03191	0.02433	0.08635	0.07419	0.13494	0.02037	0.10203	0.03811	0.02636	0.21872	0.03350	0.10320	0.02689	0.01416	0.01155	0.00355	0.01213	0.01315	0.00876	0.01578
6	0.02673	0.08617	0.17203	0.02714	0.03494	0.02688	0.07221	0.07376	0.02472	0.08583	0.02610	0.09797	0.02319	0.01575	0.01693	0.00378	0.15270	0.01197	0.00686	0.01433
7	0.02388	0.02433	0.04482	0.26325	0.05954	0.02614	0.23205	0.03592	0.10862	0.03385	0.02472	0.03116	0.01854	0.01083	0.01177	0.00366	0.01518	0.01149	0.00618	0.01408
8	0.02163	0.01307	0.01636	0.01644	0.01952	0.01250	0.01193	0.02765	0.08640	0.12910	0.05986	0.38256	0.10489	0.02725	0.01291	0.00407	0.00709	0.02415	0.01087	0.01175
9	0.02345	0.03460	0.23516	0.12150	0.14386	0.02355	0.03050	0.07624	0.02718	0.03849	0.10821	0.03485	0.03000	0.01258	0.01100	0.00342	0.01302	0.01076	0.00664	0.01497
10	0.02287	0.02226	0.03869	0.38018	0.12654	0.02527	0.10983	0.03259	0.07092	0.03169	0.02234	0.02997	0.01699	0.01084	0.01124	0.00360	0.01442	0.01048	0.00562	0.01368

[dist]
# distance from previous block
# <min> <max>
0	2

[block]
# block no. 1 follows, 12 sequences, length 71
# corresponding to MSA columns:
# 116-186
name=unknown_B
#
# <colnr> <probs for GDERKNQSTAVLIFYWHMCP>
#	G	D	E	R	K	N	Q	S	T	A	V	L	I	F	Y	W	H	M	C	P
0	0.06588	0.02943	0.03739	0.13827	0.10182	0.15509	0.13184	0.03553	0.02671	0.07783	0.07177	0.03177	0.02461	0.01174	0.01104	0.00334	0.01477	0.01063	0.00678	0.01376
1	0.01520	0.01187	0.01848	0.01818	0.02020	0.01106	0.06614	0.01736	0.02114	0.02792	0.05638	0.44328	0.10324	0.03112	0.01647	0.06966	0.00792	0.02616	0.00908	0.00915
2	0.02718	0.03366	0.14696	0.04096	0.10461	0.02840	0.25315	0.10070	0.02783	0.03882	0.02125	0.02696	0.01618	0.01097	0.01410	0.00363	0.07222	0.01087	0.00602	0.01553
3	0.03322	0.25675	0.08999	0.02161	0.03070	0.03208	0.02028	0.10877	0.13175	0.12970	0.02800	0.02743	0.02084	0.01180	0.00940	0.00303	0.01110	0.00883	0.00840	0.01630
4	0.02879	0.01878	0.02192	0.01930	0.02471	0.01968	0.01500	0.08279	0.22034	0.15154	0.13753	0.12594	0.04910	0.01848	0.01178	0.00365	0.00808	0.01582	0.01161	0.01517
5	0.04476	0.02233	0.02729	0.02124	0.02953	0.02201	0.01744	0.18041	0.08474	0.37248	0.03850	0.03444	0.02526	0.01351	0.01096	0.00338	0.00997	0.01078	0.01255	0.01843
6	0.01752	0.01497	0.02384	0.02318	0.07310	0.01397	0.08213	0.02281	0.02803	0.03875	0.32975	0.11665	0.12967	0.02086	0.01276	0.00356	0.00789	0.01913	0.01009	0.01134
7	0.09024	0.02309	0.02943	0.13229	0.09609	0.02504	0.02147	0.13939	0.12227	0.16367	0.03053	0.03124	0.02171	0.01245	0.01059	0.00345	0.01104	0.01017	0.00944	0.01640
8	0.02911	0.03338	0.04253	0.03398	0.03903	0.18054	0.17720	0.03377	0.02349	0.02912	0.01747	0.02446	0.01495	0.01378	0.02134	0.00388	0.25380	0.00990	0.00524	0.01301
9	0.02099	0.01374	0.02004	0.01879	0.02147	0.01574	0.01489	0.02479	0.01936	0.09974	0.02980	0.04033	0.02606	0.06657	0.44642	0.01439	0.07752	0.01139	0.00682	0.01117
10	0.21308	0.02047	0.02675	0.34118	0.05270	0.02473	0.02307	0.03358	0.09718	0.03652	0.02195	0.02759	0.01658	0.01126	0.00975	0.00357	0.01191	0.00901	0.00633	0.01280
11	0.04324	0.01852	0.02394	0.01871	0.02650	0.01658	0.01534	0.08674	0.03201	0.44133	0.05103	0.04568	0.09871	0.01544	0.01123	0.00341	0.00898	0.01255	0.01280	0.01725
12	0.01558	0.01069	0.01300	0.01322	0.01364	0.01099	0.00821	0.01647	0.01659	0.02249	0.03559	0.11200	0.04011	0.46752	0.14835	0.01134	0.01368	0.01637	0.00676	0.00738
13	0.01354	0.01075	0.01217	0.01249	0.01530	0.00938	0.00911	0.01666	0.02539	0.03233	0.19730	0.20306	0.34847	0.02776	0.01309	0.00378	0.00560	0.02391	0.01055	0.00938
14	0.09163	0.31024	0.08784	0.01967	0.02908	0.03049	0.01911	0.03992	0.02509	0.21368	0.02528	0.02486	0.01833	0.01094	0.00866	0.00288	0.01096	0.00783	0.00792	0.01559
15	0.09800	0.01803	0.02233	0.01793	0.02519	0.01692	0.01460	0.04789	0.07378	0.39486	0.03972	0.03627	0.02640	0.01321	0.01015	0.00329	0.00856	0.01054	0.10564	0.01669
16	0.04148	0.10424	0.03062	0.02057	0.02799	0.02272	0.01738	0.04764	0.07042	0.37910	0.03600	0.03317	0.02427	0.01365	0.01322	0.00341	0.07578	0.01020	0.01107	0.01706
17	0.06786	0.03800	0.20083	0.07442	0.03994	0.08342	0.02727	0.16170	0.03105	0.08550	0.02225	0.02498	0.01617	0.01225	0.01264	0.00346	0.06655	0.00881	0.00726	0.01565
18	0.09191	0.01494	0.01725	0.01514	0.01901	0.01606	0.01211	0.03215	0.02339	0.15075	0.03224	0.03532	0.02428	0.01352	0.01220	0.00311	0.08916	0.00984	0.37524	0.01238
19	0.01791	0.01309	0.01692	0.01727	0.01943	0.01378	0.01265	0.08608	0.02413	0.03280	0.04612	0.35863	0.05121	0.04544	0.18072	0.00818	0.01396	0.02226	0.00895	0.01047
20	0.09399	0.09266	0.08021	0.02109	0.02979	0.02457	0.01898	0.08956	0.13211	0.25440	0.03400	0.03163	0.02349	0.01266	0.01012	0.00332	0.01025	0.00985	0.01034	0.01696
21	0.03419	0.07395	0.02873	0.02126	0.02845	0.02646	0.01737	0.18259	0.19874	0.14545	0.09257	0.03844	0.03405	0.01444	0.01087	0.00337	0.00959	0.01163	0.01105	0.01681
22	0.01546	0.01193	0.01426	0.01422	0.01697	0.01133	0.01044	0.02178	0.07520	0.03690	0.28225	0.20182	0.19566	0.02552	0.01293	0.00374	0.00584	0.02233	0.01104	0.01038
23	0.02668	0.02460	0.03254	0.42412	0.06291	0.07559	0.02749	0.12853	0.02866	0.03612	0.02055	0.02763	0.01531	0.01138	0.01081	0.00349	0.01448	0.00948	0.00616	0.01348
24	0.03621	0.17589	0.03639	0.08103	0.03506	0.11585	0.02010	0.14757	0.07729	0.13267	0.02596	0.02658	0.01915	0.01187	0.00980	0.00306	0.01259	0.00882	0.00840	0.01572
25	0.02418	0.04153	0.33936	0.17273	0.05342	0.02444	0.07535	0.03447	0.02364	0.07742	0.02173	0.02629	0.01535	0.01066	0.01076	0.00351	0.01532	0.00912	0.00550	0.01519
26	0.01738	0.01075	0.01433	0.01533	0.01715	0.00988	0.01076	0.02015	0.02390	0.08546	0.15281	0.44729	0.07348	0.02971	0.01341	0.00412	0.00640	0.02672	0.01084	0.01014
27	0.12767	0.03107	0.14119	0.03134	0.12931	0.02527	0.02488	0.15306	0.03136	0.16206	0.02598	0.02694	0.01827	0.01157	0.01020	0.00334	0.01193	0.00914	0.00856	0.01686
28	0.09877	0.12838	0.10751	0.02662	0.08930	0.02665	0.02202	0.09064	0.07349	0.19011	0.02821	0.02802	0.02009	0.01168	0.00979	0.00321	0.01119	0.00907	0.00872	0.01653
29	0.03287	0.01479	0.01954	0.01622	0.02176	0.01318	0.01291	0.03754	0.03021	0.30258	0.23789	0.05482	0.05678	0.01685	0.01136	0.00331	0.00723	0.01431	0.08139	0.01446
30	0.03064	0.01864	0.02229	0.08227	0.02913	0.01975	0.01587	0.14785	0.07367	0.14113	0.03575	0.08384	0.02826	0.01475	0.01022	0.00325	0.00897	0.01214	0.20716	0.01441
31	0.08940	0.02938	0.13424	0.02230	0.03124	0.02423	0.02114	0.15141	0.12492	0.14962	0.03152	0.03107	0.02233	0.01264	0.01017	0.00335	0.01071	0.00985	0.07405	0.01643
32	0.02734	0.09034	0.03078	0.07163	0.03052	0.07881	0.01990	0.03048	0.02193	0.10087	0.02762	0.13405	0.02680	0.01855	0.02037	0.00395	0.23333	0.01308	0.00706	0.01260
33	0.01328	0.00949	0.01265	0.01518	0.01581	0.00886	0.01012	0.01518	0.02088	0.02783	0.06010	0.60969	0.07212	0.03416	0.01392	0.00443	0.00633	0.03100	0.01012	0.00886
34	0.02760	0.26797	0.23446	0.03063	0.10850	0.03324	0.02878	0.08752	0.02612	0.03511	0.01874	0.02180	0.01490	0.01018	0.00918	0.00297	0.01349	0.00763	0.00545	0.01573
35	0.03713	0.02247	0.02851	0.02732	0.10115	0.02289	0.01922	0.14986	0.12736	0.23449	0.08141	0.03793	0.03177	0.01391	0.01112	0.00340	0.00990	0.01158	0.01121	0.01739
36	0.01353	0.00968	0.01287	0.01502	0.01587	0.00902	0.01014	0.01579	0.02200	0.02962	0.11453	0.55016	0.07558	0.03282	0.01380	0.00432	0.00619	0.02973	0.01033	0.00902
37	0.02761	0.02915	0.19936	0.02423	0.03309	0.01793	0.06429	0.03432	0.02502	0.18584	0.03862	0.20069	0.03511	0.01820	0.01180	0.00374	0.01141	0.01609	0.00892	0.01457
38	0.03389	0.09467	0.08489	0.03097	0.08302	0.02640	0.12161	0.08868	0.09943	0.17980	0.03012	0.03065	0.02145	0.01168	0.01085	0.00335	0.01250	0.01050	0.00879	0.01675
39	0.03651	0.23779	0.04495	0.02487	0.03415	0.03033	0.10939	0.10675	0.02977	0.20193	0.02683	0.02716	0.01923	0.01115	0.00990	0.00304	0.01220	0.00933	0.00850	0.01621
40	0.01912	0.01326	0.01605	0.01661	0.01931	0.01324	0.01192	0.02722	0.12622	0.07673	0.05995	0.39882	0.10282	0.02784	0.01299	0.00412	0.00698	0.02474	0.01061	0.01144
41	0.02261	0.01938	0.02261	0.01615	0.02584	0.01453	0.01292	0.02745	0.02261	0.03553	0.01938	0.02261	0.01615	0.00807	0.00807	0.00161	0.00807	0.00646	0.00646	0.68346
42	0.02788	0.14606	0.20870	0.04198	0.24238	0.02798	0.03119	0.03555	0.02437	0.08362	0.02138	0.02494	0.01650	0.01021	0.00997	0.00315	0.01336	0.00859	0.00579	0.01642
43	0.01328	0.00949	0.01265	0.01518	0.01581	0.00886	0.01012	0.01518	0.02088	0.02783	0.06010	0.60969	0.07212	0.03416	0.01392	0.00443	0.00633	0.03100	0.01012	0.00886
44	0.03442	0.02468	0.04030	0.04032	0.19059	0.02416	0.13252	0.08284	0.07778	0.19280	0.03028	0.03177	0.02163	0.01149	0.01135	0.00342	0.01259	0.01105	0.00883	0.01718
45	0.03471	0.10852	0.03574	0.13301	0.09741	0.02906	0.02266	0.19857	0.06106	0.13298	0.02657	0.02823	0.01925	0.01194	0.01037	0.00324	0.01189	0.00955	0.00873	0.01650
46	0.16044	0.07406	0.02510	0.01798	0.02519	0.02217	0.01494	0.09566	0.07163	0.24340	0.03251	0.03130	0.02271	0.01245	0.00936	0.00318	0.00900	0.00944	0.10389	0.01560
47	0.02433	0.01134	0.01228	0.01146	0.01482	0.01098	0.00880	0.02929	0.02403	0.11285	0.03661	0.04016	0.02781	0.01281	0.00809	0.00266	0.00567	0.01027	0.58440	0.01134
48	0.02440	0.26034	0.31615	0.08958	0.04329	0.03174	0.03122	0.03309	0.02257	0.03052	0.01793	0.02167	0.01396	0.01004	0.00919	0.00306	0.01430	0.00742	0.00465	0.01488
49	0.09354	0.09046	0.02944	0.02068	0.02860	0.02593	0.01720	0.14131	0.15081	0.23701	0.03455	0.03197	0.02408	0.01297	0.01019	0.00331	0.00986	0.01006	0.01086	0.01717
50	0.01586	0.01057	0.01189	0.01189	0.01189	0.01057	0.00661	0.01586	0.01586	0.02114	0.03436	0.07135	0.03964	0.61681	0.05550	0.01057	0.01057	0.01586	0.00661	0.00661
51	0.03375	0.02667	0.08484	0.07692	0.10748	0.02449	0.02310	0.16898	0.08209	0.16057	0.07246	0.03461	0.02782	0.01317	0.01103	0.00339	0.01128	0.01093	0.00965	0.01676
52	0.03401	0.02855	0.04175	0.08261	0.08602	0.08731	0.17833	0.11176	0.05821	0.13984	0.02700	0.02970	0.01938	0.01133	0.01143	0.00342	0.01450	0.01082	0.00812	0.01592
53	0.15435	0.13101	0.03500	0.14311	0.11090	0.14107	0.02250	0.08016	0.02639	0.03619	0.01818	0.02249	0.01460	0.01060	0.00923	0.00310	0.01350	0.00780	0.00599	0.01383
54	0.04407	0.02212	0.02700	0.02116	0.02934	0.02186	0.01733	0.16424	0.10573	0.36760	0.03916	0.03498	0.02584	0.01358	0.01097	0.00339	0.00984	0.01088	0.01254	0.01837
55	0.04113	0.02352	0.08794	0.08358	0.07809	0.01874	0.02168	0.04680	0.02879	0.39984	0.03607	0.03385	0.02341	0.01256	0.01088	0.00340	0.01090	0.01040	0.01093	0.01751
56	0.03600	0.02735	0.08520	0.03458	0.09337	0.02359	0.18134	0.09539	0.03034	0.23420	0.03001	0.03115	0.02053	0.01139	0.01151	0.00345	0.01350	0.01109	0.00903	0.01696
57	0.01455	0.01105	0.01304	0.01258	0.01530	0.00992	0.00921	0.01834	0.02725	0.03640	0.33797	0.08895	0.25603	0.08152	0.01698	0.00421	0.00580	0.02053	0.01081	0.00954
58	0.03252	0.01931	0.02997	0.02364	0.03008	0.01821	0.11518	0.08491	0.02819	0.23161	0.03877	0.13962	0.03366	0.10066	0.01810	0.00462	0.01109	0.01543	0.01004	0.01439
59	0.09070	0.03262	0.13850	0.09160	0.08148	0.07408	0.02508	0.13385	0.03085	0.15880	0.02561	0.02709	0.01795	0.01168	0.01035	0.00334	0.01298	0.00911	0.00823	0.01612
60	0.03280	0.02737	0.09779	0.08360	0.09513	0.02302	0.20893	0.04026	0.02687	0.20936	0.02846	0.03107	0.01967	0.01095	0.01160	0.00351	0.01424	0.01116	0.00803	0.01617
61	0.01913	0.01705	0.02792	0.42132	0.05829	0.02094	0.02499	0.02519	0.02045	0.02688	0.02255	0.03467	0.01895	0.06062	0.14891	0.00735	0.01786	0.01050	0.00518	0.01124
62	0.04034	0.02026	0.02662	0.10022	0.03488	0.02029	0.01852	0.07553	0.12716	0.35715	0.03905	0.03608	0.02600	0.01336	0.01098	0.00347	0.01004	0.01099	0.01168	0.01740
63	0.02944	0.07619	0.08185	0.02418	0.03071	0.07461	0.06396	0.03478	0.02638	0.15044	0.08997	0.05126	0.03626	0.01693	0.01430	0.00373	0.07528	0.09729	0.00866	0.01378
64	0.03626	0.04372	0.02911	0.02632	0.03083	0.43942	0.02007	0.03925	0.02808	0.02806	0.01843	0.02241	0.01552	0.01249	0.01324	0.00306	0.09896	0.00770	0.07479	0.01229
65	0.02714	0.02518	0.04178	0.20045	0.29305	0.02675	0.08444	0.09917	0.02781	0.03808	0.02117	0.02771	0.01663	0.01045	0.01107	0.00340	0.01386	0.01008	0.00603	0.01576
66	0.02752	0.02804	0.05336	0.09725	0.05324	0.02806	0.35061	0.10296	0.07064	0.03981	0.02421	0.02986	0.01800	0.01038	0.01224	0.00362	0.01628	0.01207	0.00666	0.01519
67	0.01351	0.00966	0.01285	0.01503	0.01586	0.00900	0.01014	0.01574	0.02191	0.02947	0.10991	0.55520	0.07529	0.03294	0.01381	0.00433	0.00620	0.02983	0.01032	0.00900
68	0.02508	0.01315	0.01798	0.01733	0.02100	0.01226	0.01357	0.02887	0.02582	0.18658	0.11962	0.22838	0.05758	0.02968	0.06046	0.00520	0.00966	0.10457	0.01100	0.01221
69	0.06773	0.03043	0.02784	0.02675	0.07902	0.17980	0.01907	0.10816	0.10155	0.13716	0.03434	0.06058	0.05139	0.01421	0.01068	0.00330	0.01250	0.01113	0.00910	0.01526
70	0.03307	0.03161	0.03677	0.09308	0.04093	0.15906	0.11039	0.11039	0.07218	0.08386	0.02381	0.02741	0.01806	0.01271	0.01451	0.00353	0.09664	0.00996	0.00736	0.01467

[dist]
# distance from previous block
# <min> <max>
0	1

[block]
# block no. 2 follows, 12 sequences, length 46
# corresponding to MSA columns:
# 188-228,230-234
name=unknown_C
#
# <colnr> <probs for GDERKNQSTAVLIFYWHMCP>
#	G	D	E	R	K	N	Q	S	T	A	V	L	I	F	Y	W	H	M	C	P
0	0.02759	0.02705	0.04690	0.03465	0.04310	0.02765	0.26154	0.11365	0.02798	0.03922	0.02095	0.02680	0.01642	0.01146	0.01590	0.00348	0.11953	0.01075	0.00645	0.11891
1	0.25221	0.02324	0.02409	0.01893	0.02713	0.02402	0.01555	0.18390	0.03175	0.14634	0.02448	0.02480	0.01748	0.01130	0.00905	0.00303	0.00963	0.00815	0.00923	0.13571
2	0.03078	0.11404	0.03090	0.02132	0.02809	0.02424	0.04856	0.07525	0.17550	0.15630	0.07992	0.09930	0.03671	0.01588	0.01098	0.00344	0.00959	0.01350	0.01022	0.01548
3	0.01371	0.01037	0.01266	0.01358	0.01561	0.00932	0.00962	0.01668	0.02458	0.03232	0.19684	0.32620	0.22052	0.02922	0.01334	0.00395	0.00579	0.02578	0.01060	0.00932
4	0.07915	0.01526	0.01833	0.01819	0.02172	0.01556	0.01421	0.09902	0.02731	0.08271	0.04899	0.30268	0.05255	0.02610	0.01286	0.00421	0.00853	0.13063	0.01023	0.01173
5	0.02440	0.25359	0.38531	0.02676	0.04051	0.03152	0.03276	0.03388	0.02272	0.03144	0.01803	0.02110	0.01387	0.01000	0.00919	0.00306	0.01457	0.00728	0.00462	0.01538
6	0.01316	0.00999	0.01214	0.01385	0.01547	0.00897	0.00953	0.01533	0.02215	0.02836	0.07628	0.44744	0.22392	0.03206	0.01359	0.00419	0.00607	0.02843	0.01012	0.00897
7	0.01328	0.00949	0.01265	0.01518	0.01581	0.00886	0.01012	0.01518	0.02088	0.02783	0.06010	0.60969	0.07212	0.03416	0.01392	0.00443	0.00633	0.03100	0.01012	0.00886
8	0.02187	0.05640	0.56031	0.03108	0.04719	0.02532	0.04029	0.03453	0.02302	0.03453	0.01957	0.02302	0.01381	0.01036	0.01036	0.00345	0.01611	0.00806	0.00460	0.01611
9	0.01720	0.01151	0.01440	0.01371	0.01677	0.01033	0.01026	0.02138	0.02846	0.07814	0.35522	0.14032	0.19308	0.02409	0.01283	0.00359	0.00567	0.02100	0.01149	0.01052
10	0.02261	0.01938	0.02261	0.01615	0.02584	0.01453	0.01292	0.02745	0.02261	0.03553	0.01938	0.02261	0.01615	0.00807	0.00807	0.00161	0.00807	0.00646	0.00646	0.68346
11	0.02748	0.02810	0.05834	0.04778	0.13894	0.02653	0.39550	0.03588	0.02594	0.06946	0.02318	0.02951	0.01736	0.00956	0.01239	0.00358	0.01686	0.01220	0.00602	0.01540
12	0.01544	0.01166	0.01452	0.01627	0.01777	0.01170	0.01123	0.02183	0.09995	0.03060	0.05765	0.52116	0.06607	0.03115	0.01348	0.00431	0.00668	0.02809	0.01027	0.01016
13	0.01847	0.01491	0.02442	0.02368	0.02736	0.01457	0.09342	0.02387	0.02483	0.03257	0.05238	0.15041	0.05637	0.02721	0.01462	0.00476	0.01102	0.36511	0.00934	0.01066
14	0.02723	0.47398	0.18971	0.02193	0.03305	0.03845	0.02436	0.03314	0.02238	0.02799	0.01632	0.01895	0.01395	0.00960	0.00788	0.00263	0.01283	0.00642	0.00465	0.01455
15	0.03243	0.02312	0.03099	0.02518	0.03268	0.02438	0.09348	0.05314	0.32449	0.17350	0.04056	0.03802	0.02908	0.01359	0.01134	0.00361	0.01031	0.01207	0.01084	0.01719
16	0.02033	0.01016	0.01016	0.01016	0.01270	0.01016	0.00762	0.02541	0.02287	0.04065	0.03557	0.04065	0.02795	0.01270	0.00762	0.00254	0.00508	0.01016	0.67734	0.01016
17	0.12145	0.01260	0.01438	0.01347	0.01669	0.01248	0.01027	0.02283	0.02818	0.04424	0.41198	0.06760	0.08149	0.01947	0.01140	0.00334	0.00565	0.01665	0.07533	0.01051
18	0.02059	0.01938	0.03270	0.59060	0.07510	0.02422	0.03028	0.02786	0.02180	0.02786	0.01938	0.02907	0.01453	0.01090	0.01090	0.00363	0.01453	0.00969	0.00484	0.01211
19	0.04088	0.04759	0.03127	0.02748	0.03373	0.46287	0.02100	0.13934	0.03506	0.03527	0.01876	0.02099	0.01496	0.01161	0.01005	0.00290	0.01810	0.00759	0.00670	0.01385
20	0.69383	0.02109	0.01603	0.01434	0.02109	0.02446	0.01181	0.03205	0.01856	0.04892	0.01518	0.01771	0.01181	0.01012	0.00675	0.00337	0.00843	0.00590	0.00675	0.01181
21	0.02929	0.02210	0.02422	0.02050	0.02510	0.07379	0.01637	0.12239	0.03194	0.12253	0.19242	0.05002	0.08518	0.01796	0.01581	0.00358	0.10944	0.01376	0.01003	0.01357
22	0.01563	0.01146	0.01637	0.01637	0.01792	0.01300	0.01219	0.01873	0.01718	0.02446	0.03026	0.04866	0.02979	0.19109	0.46774	0.01610	0.02540	0.01254	0.00600	0.00910
23	0.02837	0.56220	0.11143	0.02000	0.03006	0.04122	0.02099	0.03285	0.02225	0.02661	0.01563	0.01809	0.01397	0.00944	0.00736	0.00245	0.01214	0.00607	0.00466	0.01422
24	0.02247	0.10351	0.51850	0.03005	0.04560	0.02680	0.03849	0.03437	0.02295	0.03379	0.01920	0.02256	0.01383	0.01027	0.01008	0.00336	0.01574	0.00787	0.00461	0.01594
25	0.04892	0.01856	0.02530	0.01940	0.02783	0.01603	0.01603	0.05314	0.03121	0.55634	0.04302	0.03711	0.02699	0.01350	0.01096	0.00337	0.00928	0.01096	0.01350	0.01856
26	0.01328	0.00949	0.01265	0.01518	0.01581	0.00886	0.01012	0.01518	0.02088	0.02783	0.06010	0.60969	0.07212	0.03416	0.01392	0.00443	0.00633	0.03100	0.01012	0.00886
27	0.02915	0.62337	0.05714	0.01866	0.02799	0.04314	0.01866	0.03265	0.02215	0.02565	0.01516	0.01749	0.01399	0.00933	0.00700	0.00233	0.01166	0.00583	0.00466	0.01399
28	0.01328	0.00949	0.01265	0.01518	0.01581	0.00886	0.01012	0.01518	0.02088	0.02783	0.06010	0.60969	0.07212	0.03416	0.01392	0.00443	0.00633	0.03100	0.01012	0.00886
29	0.02547	0.03520	0.21526	0.13910	0.10787	0.02517	0.18111	0.03477	0.02447	0.07362	0.02221	0.02760	0.01617	0.01027	0.01133	0.00353	0.01567	0.01024	0.00570	0.01527
30	0.04028	0.02557	0.02598	0.02152	0.02833	0.11396	0.01704	0.15013	0.03411	0.27279	0.03738	0.12073	0.02988	0.01623	0.01122	0.00342	0.01121	0.01315	0.01104	0.01603
31	0.01581	0.01074	0.01277	0.01277	0.01307	0.01105	0.00770	0.01642	0.01612	0.02179	0.03355	0.06692	0.03771	0.53356	0.13611	0.01165	0.01347	0.01521	0.00649	0.00709
32	0.02014	0.01228	0.01555	0.01408	0.01778	0.01097	0.01079	0.02467	0.02974	0.12068	0.38026	0.07916	0.17780	0.02197	0.01257	0.00347	0.00586	0.01900	0.01187	0.01136
33	0.08133	0.03389	0.11158	0.02477	0.03296	0.12069	0.02238	0.15622	0.03237	0.17392	0.02580	0.02652	0.01827	0.01290	0.01306	0.00341	0.07614	0.00906	0.00873	0.01599
34	0.02352	0.02237	0.03799	0.35078	0.29203	0.02500	0.03174	0.03043	0.02319	0.03141	0.01990	0.02812	0.01579	0.01036	0.01085	0.00345	0.01381	0.00970	0.00510	0.01447
35	0.01495	0.01071	0.01442	0.01603	0.01766	0.01018	0.01206	0.01852	0.02465	0.03335	0.19022	0.34325	0.07807	0.02992	0.01392	0.00431	0.00695	0.14067	0.01061	0.00954
36	0.24405	0.02712	0.11894	0.11151	0.03947	0.02284	0.07424	0.03731	0.02370	0.16626	0.02416	0.02641	0.01681	0.01101	0.00971	0.00346	0.01197	0.00885	0.00761	0.01456
37	0.02511	0.01261	0.01696	0.01642	0.01978	0.01133	0.01206	0.02808	0.02521	0.20173	0.10109	0.37202	0.06036	0.02628	0.01285	0.00399	0.00717	0.02338	0.01140	0.01216
38	0.02044	0.01544	0.01830	0.01839	0.02141	0.01621	0.01371	0.10055	0.11269	0.03769	0.05191	0.37493	0.05625	0.02719	0.01308	0.00418	0.00796	0.06737	0.01040	0.01191
39	0.02221	0.02162	0.03017	0.02653	0.02663	0.02958	0.02172	0.02452	0.01735	0.02649	0.02144	0.11500	0.02331	0.02143	0.03238	0.00472	0.50497	0.01288	0.00560	0.01145
40	0.27824	0.01989	0.02055	0.01597	0.02436	0.01848	0.01298	0.03310	0.02240	0.11999	0.02141	0.02299	0.01618	0.00967	0.00802	0.00254	0.00839	0.00694	0.00764	0.33026
41	0.02814	0.54482	0.12684	0.02038	0.03065	0.04067	0.02165	0.03291	0.02227	0.02688	0.01577	0.01826	0.01397	0.00947	0.00746	0.00249	0.01228	0.00614	0.00466	0.01429
42	0.01404	0.01052	0.01303	0.01361	0.01574	0.00951	0.00975	0.01743	0.02578	0.03451	0.26336	0.27945	0.19763	0.02789	0.01325	0.00385	0.00567	0.02462	0.01087	0.00951
43	0.08429	0.02391	0.08236	0.02242	0.07156	0.01775	0.01805	0.03380	0.02407	0.13169	0.02346	0.02525	0.01760	0.00962	0.00896	0.00242	0.00960	0.00768	0.00748	0.37802
44	0.01660	0.01118	0.01400	0.01393	0.01661	0.01005	0.01020	0.02024	0.02677	0.07173	0.27797	0.23066	0.18689	0.02616	0.01303	0.00376	0.00584	0.02298	0.01117	0.01022
45	0.01457	0.01111	0.01337	0.01281	0.01576	0.00992	0.00961	0.01890	0.02882	0.03887	0.39586	0.08944	0.25309	0.02410	0.01287	0.00352	0.00527	0.02084	0.01136	0.00992

[dist]
# distance from previous block
# <min> <max>
0	7

[block]
# block no. 3 follows, 12 sequences, length 23
# corresponding to MSA columns:
# 242-264
name=unknown_D
#
# <colnr> <probs for GDERKNQSTAVLIFYWHMCP>
#	G	D	E	R	K	N	Q	S	T	A	V	L	I	F	Y	W	H	M	C	P
0	0.03242	0.12593	0.13558	0.17475	0.04461	0.02562	0.02523	0.06988	0.02697	0.19560	0.02651	0.02832	0.01844	0.01149	0.01018	0.00328	0.01257	0.00915	0.00786	0.01561
1	0.08282	0.11478	0.16020	0.03169	0.11899	0.02489	0.06546	0.03576	0.02474	0.12617	0.02765	0.03745	0.02266	0.01291	0.01054	0.00344	0.01260	0.06481	0.00721	0.01524
2	0.02438	0.01630	0.01965	0.01704	0.02160	0.01642	0.01330	0.10128	0.09368	0.10434	0.35160	0.06349	0.07369	0.01906	0.01215	0.00343	0.00703	0.01640	0.01190	0.01326
3	0.24880	0.03010	0.02719	0.02203	0.02975	0.09553	0.01793	0.30343	0.03842	0.05738	0.02156	0.02270	0.01586	0.01192	0.00946	0.00325	0.01178	0.00824	0.00895	0.01569
4	0.07602	0.02709	0.09184	0.15293	0.10511	0.05419	0.06625	0.03822	0.02535	0.18335	0.02585	0.02891	0.01831	0.01174	0.01211	0.00350	0.04666	0.00974	0.00759	0.01525
5	0.03666	0.07801	0.11126	0.02866	0.09499	0.02692	0.02339	0.18081	0.07666	0.18808	0.02980	0.02934	0.02089	0.01223	0.01053	0.00328	0.01166	0.00975	0.00954	0.01756
6	0.02271	0.01353	0.01884	0.01997	0.02345	0.01312	0.01732	0.02760	0.02610	0.11844	0.05532	0.10892	0.05689	0.02740	0.01439	0.00475	0.00992	0.39930	0.01061	0.01144
7	0.01448	0.01111	0.01594	0.10947	0.02553	0.01137	0.01342	0.01726	0.02103	0.02784	0.05342	0.51456	0.06268	0.03035	0.01342	0.00430	0.00767	0.02751	0.00926	0.00939
8	0.03027	0.02812	0.08071	0.20948	0.11234	0.07082	0.10747	0.06455	0.02709	0.12628	0.02434	0.02884	0.01754	0.01105	0.01109	0.00344	0.01447	0.01010	0.00696	0.01505
9	0.16171	0.02418	0.04108	0.03453	0.10045	0.02336	0.21046	0.03957	0.02586	0.19169	0.02673	0.02914	0.01880	0.01070	0.01088	0.00348	0.01312	0.01058	0.00810	0.01559
10	0.01328	0.00949	0.01265	0.01518	0.01581	0.00886	0.01012	0.01518	0.02088	0.02783	0.06010	0.60969	0.07212	0.03416	0.01392	0.00443	0.00633	0.03100	0.01012	0.00886
11	0.01394	0.00996	0.01335	0.01560	0.01660	0.00938	0.01096	0.01645	0.02217	0.02967	0.09965	0.51231	0.07362	0.03273	0.01396	0.00441	0.00664	0.07922	0.01027	0.00911
12	0.20700	0.02155	0.02814	0.02194	0.02964	0.02166	0.08394	0.10664	0.02999	0.22151	0.09049	0.03479	0.02951	0.01302	0.01036	0.00341	0.01023	0.01081	0.01009	0.01528
13	0.02130	0.02010	0.03398	0.53268	0.12749	0.02441	0.03063	0.02848	0.02214	0.02872	0.01950	0.02884	0.01484	0.01077	0.01089	0.00359	0.01436	0.00969	0.00491	0.01268
14	0.01328	0.00949	0.01265	0.01518	0.01581	0.00886	0.01012	0.01518	0.02088	0.02783	0.06010	0.60969	0.07212	0.03416	0.01392	0.00443	0.00633	0.03100	0.01012	0.00886
15	0.02504	0.02323	0.03907	0.38841	0.06469	0.02647	0.12502	0.10868	0.02742	0.03597	0.02103	0.02866	0.01560	0.01092	0.01130	0.00358	0.01489	0.01035	0.00597	0.01369
16	0.19396	0.02646	0.08970	0.02781	0.11311	0.02457	0.02081	0.10785	0.11201	0.04669	0.10105	0.03439	0.03099	0.01311	0.01010	0.00341	0.01018	0.01049	0.00840	0.01492
17	0.13066	0.03483	0.11334	0.02266	0.03178	0.15079	0.02051	0.10486	0.02883	0.08231	0.02110	0.02296	0.01586	0.01065	0.00930	0.00284	0.01281	0.00762	0.00721	0.16909
18	0.01414	0.01077	0.01104	0.01125	0.01449	0.00933	0.00833	0.01721	0.02419	0.03115	0.09391	0.13729	0.41962	0.02573	0.01211	0.00356	0.00552	0.02158	0.11945	0.00933
19	0.02831	0.02960	0.05916	0.04254	0.05319	0.02860	0.42916	0.11317	0.02992	0.04046	0.02273	0.02888	0.01687	0.00983	0.01255	0.00361	0.01734	0.01237	0.00640	0.01533
20	0.01328	0.00949	0.01265	0.01518	0.01581	0.00886	0.01012	0.01518	0.02088	0.02783	0.06010	0.60969	0.07212	0.03416	0.01392	0.00443	0.00633	0.03100	0.01012	0.00886
21	0.02261	0.01938	0.02261	0.01615	0.02584	0.01453	0.01292	0.02745	0.02261	0.03553	0.01938	0.02261	0.01615	0.00807	0.00807	0.00161	0.00807	0.00646	0.00646	0.68346
22	0.02187	0.05640	0.56031	0.03108	0.04719	0.02532	0.04029	0.03453	0.02302	0.03453	0.01957	0.02302	0.01381	0.01036	0.01036	0.00345	0.01611	0.00806	0.00460	0.01611

[dist]
# distance from previous block
# <min> <max>
0	23

[block]
# block no. 4 follows, 12 sequences, length 16
# corresponding to MSA columns:
# 288-303
name=unknown_E
#
# <colnr> <probs for GDERKNQSTAVLIFYWHMCP>
#	G	D	E	R	K	N	Q	S	T	A	V	L	I	F	Y	W	H	M	C	P
0	0.01586	0.01057	0.01189	0.01189	0.01189	0.01057	0.00661	0.01586	0.01586	0.02114	0.03436	0.07135	0.03964	0.61681	0.05550	0.01057	0.01057	0.01586	0.00661	0.00661
1	0.01324	0.00966	0.01248	0.01473	0.01570	0.00889	0.00992	0.01523	0.02131	0.02801	0.06564	0.55417	0.12406	0.03344	0.01380	0.00435	0.00624	0.03012	0.01012	0.00889
2	0.03702	0.02411	0.04009	0.09184	0.04354	0.02354	0.18003	0.11735	0.03157	0.24980	0.03087	0.03197	0.02085	0.01173	0.01157	0.00349	0.01327	0.01127	0.00952	0.01658
3	0.02039	0.01257	0.01605	0.16189	0.02901	0.01384	0.01354	0.02605	0.02259	0.03731	0.03134	0.03762	0.02444	0.01223	0.00848	0.00283	0.00755	0.01004	0.50155	0.01067
4	0.02059	0.01938	0.03270	0.59060	0.07510	0.02422	0.03028	0.02786	0.02180	0.02786	0.01938	0.02907	0.01453	0.01090	0.01090	0.00363	0.01453	0.00969	0.00484	0.01211
5	0.02498	0.29822	0.34570	0.02578	0.03900	0.03292	0.03106	0.03373	0.02265	0.03074	0.01769	0.02066	0.01389	0.00992	0.00892	0.00297	0.01421	0.00711	0.00463	0.01521
6	0.02235	0.03790	0.31695	0.02631	0.03741	0.02036	0.06881	0.03186	0.02619	0.07694	0.17618	0.04188	0.04135	0.01402	0.01135	0.00346	0.01254	0.01213	0.00754	0.01446
7	0.01785	0.01001	0.01428	0.01428	0.01458	0.01031	0.00957	0.01531	0.01502	0.02032	0.02336	0.04171	0.02405	0.15190	0.12600	0.45666	0.01268	0.01099	0.00525	0.00584
8	0.01397	0.01089	0.01244	0.01283	0.01546	0.00969	0.00940	0.01696	0.02463	0.03137	0.17323	0.17521	0.31747	0.07708	0.01674	0.00441	0.00629	0.05257	0.01017	0.00919
9	0.08473	0.02149	0.02768	0.12620	0.03745	0.02198	0.01941	0.14708	0.03299	0.31858	0.03312	0.03196	0.02184	0.01270	0.01066	0.00340	0.01079	0.01014	0.01088	0.01691
10	0.25765	0.03648	0.06891	0.02452	0.03226	0.21178	0.05606	0.12046	0.02933	0.04273	0.01852	0.02114	0.01425	0.01097	0.00925	0.00319	0.01418	0.00765	0.00684	0.01381
11	0.02115	0.01243	0.01609	0.01660	0.01918	0.01184	0.01186	0.02610	0.06889	0.12743	0.05550	0.45193	0.06023	0.02857	0.01311	0.00417	0.00708	0.02559	0.01084	0.01142
12	0.01565	0.01064	0.01300	0.01304	0.01536	0.00987	0.00954	0.01990	0.02682	0.03856	0.30940	0.17707	0.13169	0.02336	0.01209	0.00348	0.00540	0.02046	0.13479	0.00987
13	0.09879	0.02821	0.12566	0.06556	0.03557	0.02262	0.02214	0.13586	0.03176	0.27793	0.03105	0.02999	0.02057	0.01233	0.01045	0.00339	0.01140	0.00965	0.01007	0.01700
14	0.02543	0.33374	0.31418	0.02500	0.03780	0.03404	0.02971	0.03361	0.02260	0.03019	0.01741	0.02032	0.01390	0.00985	0.00871	0.00290	0.01394	0.00697	0.00463	0.01508
15	0.01368	0.00980	0.01301	0.01491	0.01590	0.00912	0.01015	0.01618	0.02273	0.03078	0.14963	0.51176	0.07782	0.03196	0.01372	0.00424	0.00611	0.02891	0.01047	0.00912

[dist]
# distance from previous block
# <min> <max>
1	30

[block]
# block no. 5 follows, 12 sequences, length 38
# corresponding to MSA columns:
# 334-371
name=unknown_F
#
# <colnr> <probs for GDERKNQSTAVLIFYWHMCP>
#	G	D	E	R	K	N	Q	S	T	A	V	L	I	F	Y	W	H	M	C	P
0	0.02820	0.37062	0.13801	0.02115	0.03046	0.03464	0.02164	0.09285	0.02510	0.03198	0.01783	0.02152	0.01516	0.01350	0.01247	0.08616	0.01223	0.00719	0.00547	0.01382
1	0.28191	0.02217	0.02229	0.01882	0.02555	0.02426	0.01514	0.16928	0.07502	0.12001	0.03011	0.09739	0.02505	0.01477	0.00974	0.00350	0.00930	0.01133	0.00962	0.01472
2	0.03786	0.28792	0.04091	0.02162	0.02977	0.16525	0.01873	0.07537	0.02869	0.16290	0.02340	0.02360	0.01761	0.01112	0.00898	0.00278	0.01304	0.00771	0.00758	0.01514
3	0.03772	0.02321	0.02703	0.02072	0.02900	0.02287	0.01694	0.24263	0.03815	0.20209	0.07553	0.03357	0.02801	0.01306	0.01056	0.00300	0.00985	0.01039	0.01091	0.14477
4	0.01558	0.01168	0.01752	0.01752	0.01947	0.01363	0.01363	0.01947	0.01752	0.02531	0.02921	0.04283	0.02726	0.08178	0.57360	0.01752	0.02921	0.01168	0.00584	0.00974
5	0.02371	0.19941	0.43340	0.02794	0.04235	0.02982	0.03483	0.03406	0.02280	0.03229	0.01846	0.02163	0.01386	0.01010	0.00951	0.00317	0.01499	0.00750	0.00462	0.01558
6	0.01628	0.01227	0.01756	0.08604	0.02384	0.01394	0.01340	0.01933	0.01751	0.02427	0.02967	0.05038	0.02971	0.24638	0.33671	0.01357	0.02137	0.01279	0.00597	0.00901
7	0.01860	0.01133	0.01505	0.01506	0.01750	0.01036	0.01092	0.02220	0.02652	0.09966	0.26941	0.30818	0.08004	0.02643	0.01309	0.00386	0.00617	0.02360	0.01136	0.01067
8	0.02699	0.02591	0.04426	0.06693	0.54879	0.02591	0.03346	0.03346	0.02483	0.03562	0.02051	0.02699	0.01727	0.00972	0.01079	0.00324	0.01295	0.00972	0.00540	0.01727
9	0.02550	0.02181	0.03461	0.28266	0.15900	0.02611	0.02796	0.03107	0.02206	0.08000	0.02061	0.02808	0.01626	0.01297	0.01718	0.00381	0.16098	0.00978	0.00578	0.01378
10	0.01328	0.00949	0.01265	0.01518	0.01581	0.00886	0.01012	0.01518	0.02088	0.02783	0.06010	0.60969	0.07212	0.03416	0.01392	0.00443	0.00633	0.03100	0.01012	0.00886
11	0.02994	0.02279	0.02474	0.02183	0.02829	0.02568	0.01710	0.05732	0.46462	0.11175	0.04420	0.04022	0.03247	0.01462	0.01108	0.00366	0.00871	0.01215	0.01141	0.01743
12	0.02915	0.62337	0.05714	0.01866	0.02799	0.04314	0.01866	0.03265	0.02215	0.02565	0.01516	0.01749	0.01399	0.00933	0.00700	0.00233	0.01166	0.00583	0.00466	0.01399
13	0.01647	0.01224	0.01547	0.01447	0.01736	0.01178	0.01091	0.02389	0.07511	0.04389	0.49875	0.07783	0.09670	0.02162	0.01270	0.00345	0.00545	0.01906	0.01192	0.01091
14	0.02071	0.01923	0.02737	0.02441	0.02515	0.02589	0.01997	0.02367	0.01701	0.02589	0.01997	0.03106	0.01923	0.04289	0.24000	0.00961	0.38131	0.01035	0.00518	0.01110
15	0.02059	0.01938	0.03270	0.59060	0.07510	0.02422	0.03028	0.02786	0.02180	0.02786	0.01938	0.02907	0.01453	0.01090	0.01090	0.00363	0.01453	0.00969	0.00484	0.01211
16	0.01388	0.00995	0.01319	0.01477	0.01595	0.00926	0.01017	0.01669	0.02366	0.03227	0.19477	0.46239	0.08069	0.03085	0.01362	0.00415	0.00600	0.02785	0.01065	0.00926
17	0.02839	0.02810	0.03579	0.02956	0.03244	0.08493	0.06605	0.10458	0.02426	0.03368	0.01710	0.02431	0.01515	0.01652	0.02737	0.00425	0.39875	0.00964	0.00588	0.01327
18	0.01424	0.01020	0.01361	0.01528	0.01659	0.00957	0.01088	0.01726	0.02380	0.03230	0.18168	0.42957	0.07897	0.03078	0.01376	0.00423	0.00639	0.07096	0.01059	0.00933
19	0.01917	0.01316	0.01459	0.01360	0.01473	0.01358	0.00843	0.08016	0.02044	0.02730	0.03330	0.06550	0.03691	0.53863	0.04972	0.00963	0.01076	0.01507	0.00716	0.00815
20	0.02915	0.62337	0.05714	0.01866	0.02799	0.04314	0.01866	0.03265	0.02215	0.02565	0.01516	0.01749	0.01399	0.00933	0.00700	0.00233	0.01166	0.00583	0.00466	0.01399
21	0.02390	0.01302	0.01729	0.01515	0.01921	0.01174	0.01174	0.02881	0.03095	0.17338	0.41657	0.07023	0.08369	0.02007	0.01238	0.00342	0.00619	0.01750	0.01238	0.01238
22	0.01502	0.01098	0.01410	0.01364	0.01612	0.01006	0.01011	0.01966	0.02941	0.04104	0.46141	0.13423	0.13575	0.02387	0.01296	0.00355	0.00529	0.02107	0.01167	0.01006
23	0.01874	0.01388	0.01844	0.02034	0.02330	0.01434	0.01753	0.02693	0.08696	0.03422	0.05609	0.11289	0.05913	0.02824	0.01457	0.00486	0.00987	0.41857	0.01017	0.01093
24	0.02574	0.02941	0.06434	0.04596	0.05699	0.02757	0.50919	0.03493	0.02574	0.03493	0.02206	0.02941	0.01654	0.00919	0.01287	0.00368	0.01838	0.01287	0.00551	0.01471
25	0.01560	0.01158	0.01702	0.01702	0.01880	0.01336	0.01301	0.01915	0.01738	0.02494	0.02966	0.04536	0.02835	0.12913	0.52774	0.01691	0.02756	0.01205	0.00591	0.00946
26	0.02059	0.01938	0.03270	0.59060	0.07510	0.02422	0.03028	0.02786	0.02180	0.02786	0.01938	0.02907	0.01453	0.01090	0.01090	0.00363	0.01453	0.00969	0.00484	0.01211
27	0.04892	0.01856	0.02530	0.01940	0.02783	0.01603	0.01603	0.05314	0.03121	0.55634	0.04302	0.03711	0.02699	0.01350	0.01096	0.00337	0.00928	0.01096	0.01350	0.01856
28	0.01294	0.01084	0.01125	0.01158	0.01487	0.00916	0.00852	0.01559	0.02434	0.02925	0.10393	0.17030	0.48321	0.02846	0.01302	0.00378	0.00563	0.02405	0.01012	0.00916
29	0.01586	0.01057	0.01189	0.01189	0.01189	0.01057	0.00661	0.01586	0.01586	0.02114	0.03436	0.07135	0.03964	0.61681	0.05550	0.01057	0.01057	0.01586	0.00661	0.00661
30	0.11492	0.02072	0.02159	0.01802	0.02273	0.02260	0.01349	0.23649	0.03179	0.04568	0.02827	0.04453	0.02675	0.27255	0.02956	0.00643	0.01092	0.01191	0.00852	0.01253
31	0.02915	0.62337	0.05714	0.01866	0.02799	0.04314	0.01866	0.03265	0.02215	0.02565	0.01516	0.01749	0.01399	0.00933	0.00700	0.00233	0.01166	0.00583	0.00466	0.01399
32	0.11213	0.16658	0.14808	0.02186	0.03140	0.02809	0.02172	0.04302	0.15173	0.12969	0.02846	0.02807	0.02087	0.01177	0.00944	0.00324	0.01105	0.00888	0.00810	0.01582
33	0.03398	0.09367	0.02792	0.01886	0.02660	0.02137	0.01563	0.08312	0.09520	0.22265	0.09884	0.03737	0.03337	0.01329	0.01022	0.00297	0.00898	0.01074	0.01043	0.13477
34	0.22122	0.06705	0.02961	0.02084	0.02948	0.02490	0.06272	0.13440	0.02847	0.08786	0.02149	0.02342	0.01618	0.01036	0.00891	0.00286	0.01036	0.00795	0.00783	0.18409
35	0.02913	0.08062	0.08748	0.09940	0.04116	0.02657	0.09686	0.12376	0.09221	0.07630	0.02542	0.02798	0.01891	0.01107	0.01039	0.00312	0.01246	0.00962	0.00764	0.11993
36	0.22415	0.07879	0.07000	0.02467	0.03334	0.02575	0.12429	0.09369	0.02742	0.11143	0.06482	0.02936	0.02338	0.01166	0.00991	0.00334	0.01169	0.00983	0.00797	0.01451
37	0.08122	0.07807	0.14756	0.02993	0.12005	0.02362	0.02448	0.07161	0.02801	0.24614	0.02888	0.02872	0.01985	0.01158	0.01019	0.00328	0.01170	0.00929	0.00885	0.01698

[dist]
# distance from previous block
# <min> <max>
0	21

[block]
# block no. 6 follows, 12 sequences, length 88
# corresponding to MSA columns:
# 393-480
name=unknown_G
#
# <colnr> <probs for GDERKNQSTAVLIFYWHMCP>
#	G	D	E	R	K	N	Q	S	T	A	V	L	I	F	Y	W	H	M	C	P
0	0.08152	0.18044	0.12352	0.01898	0.02685	0.02320	0.01846	0.02891	0.02267	0.07426	0.03563	0.16272	0.06565	0.01679	0.01000	0.00321	0.00998	0.01370	0.00736	0.07614
1	0.02746	0.07448	0.09770	0.21946	0.08247	0.02501	0.02565	0.07783	0.02684	0.10695	0.07254	0.03275	0.02507	0.01273	0.01211	0.00345	0.04551	0.01031	0.00728	0.01443
2	0.08343	0.19150	0.19460	0.02308	0.03415	0.03030	0.02424	0.13707	0.02853	0.04098	0.01947	0.02177	0.01505	0.01035	0.00899	0.00286	0.01231	0.00746	0.00643	0.10745
3	0.36233	0.02275	0.02168	0.01840	0.02552	0.02545	0.01493	0.11356	0.14232	0.11356	0.02698	0.02666	0.01963	0.01206	0.00890	0.00343	0.00912	0.00860	0.00921	0.01491
4	0.15748	0.02166	0.02383	0.01919	0.02665	0.02229	0.01567	0.16889	0.06854	0.23250	0.04183	0.03925	0.08603	0.01460	0.01043	0.00341	0.00935	0.01132	0.01100	0.01609
5	0.02095	0.01227	0.01627	0.01639	0.01949	0.01129	0.01275	0.02472	0.02608	0.12533	0.16121	0.24386	0.10924	0.02657	0.01335	0.00411	0.00738	0.12650	0.01109	0.01116
6	0.01349	0.00965	0.01283	0.01504	0.01586	0.00899	0.01014	0.01569	0.02182	0.02933	0.10562	0.55990	0.07502	0.03304	0.01382	0.00433	0.00621	0.02993	0.01030	0.00899
7	0.01990	0.01469	0.02023	0.01890	0.02126	0.01715	0.01476	0.07991	0.02115	0.02985	0.02621	0.03791	0.02399	0.06218	0.38754	0.10616	0.07071	0.01097	0.00622	0.01031
8	0.03951	0.03118	0.10322	0.02456	0.03409	0.02854	0.02223	0.32484	0.07024	0.16482	0.02983	0.02885	0.02050	0.01290	0.01085	0.00334	0.01180	0.00996	0.01059	0.01814
9	0.01894	0.00947	0.01420	0.01420	0.01420	0.00947	0.00947	0.01420	0.01420	0.01894	0.01894	0.03314	0.01894	0.03788	0.04261	0.68277	0.00947	0.00947	0.00473	0.00473
10	0.03522	0.01720	0.02212	0.01793	0.02416	0.01602	0.01441	0.09719	0.03354	0.30080	0.23173	0.05268	0.05491	0.01680	0.01168	0.00338	0.00804	0.01416	0.01261	0.01540
11	0.02587	0.02808	0.08918	0.03366	0.04255	0.02549	0.25276	0.09497	0.11725	0.03997	0.03154	0.11021	0.02716	0.01420	0.01224	0.00371	0.01401	0.01447	0.00772	0.01495
12	0.02277	0.02268	0.03593	0.15579	0.04187	0.02924	0.08425	0.02719	0.01901	0.02761	0.01745	0.02704	0.01555	0.02044	0.06519	0.00528	0.35547	0.01013	0.00495	0.01216
13	0.02059	0.01938	0.03270	0.59060	0.07510	0.02422	0.03028	0.02786	0.02180	0.02786	0.01938	0.02907	0.01453	0.01090	0.01090	0.00363	0.01453	0.00969	0.00484	0.01211
14	0.11149	0.01302	0.01454	0.01397	0.01776	0.01228	0.01052	0.02338	0.02507	0.09936	0.16307	0.19215	0.21566	0.02388	0.01203	0.00372	0.00649	0.02031	0.01044	0.01085
15	0.07443	0.03001	0.09300	0.02314	0.03168	0.05627	0.02062	0.24462	0.07307	0.13903	0.07705	0.03301	0.02773	0.01354	0.01075	0.00334	0.01138	0.01052	0.01015	0.01666
16	0.02814	0.01937	0.02515	0.02736	0.11669	0.01993	0.01764	0.09446	0.12702	0.12595	0.04050	0.17516	0.03748	0.07485	0.01586	0.00433	0.00955	0.01613	0.00981	0.01462
17	0.01558	0.01168	0.01752	0.01752	0.01947	0.01363	0.01363	0.01947	0.01752	0.02531	0.02921	0.04283	0.02726	0.08178	0.57360	0.01752	0.02921	0.01168	0.00584	0.00974
18	0.01551	0.01184	0.01673	0.02103	0.08104	0.01131	0.01268	0.01824	0.02226	0.03034	0.11916	0.41425	0.06651	0.08493	0.01734	0.00473	0.00738	0.02539	0.00946	0.00987
19	0.03261	0.09003	0.26956	0.02747	0.03924	0.09169	0.06232	0.04071	0.02640	0.17859	0.02559	0.02654	0.01773	0.01118	0.01036	0.00328	0.01443	0.00890	0.00728	0.01610
20	0.03662	0.01925	0.02961	0.02341	0.03069	0.01776	0.09866	0.04377	0.07538	0.32611	0.04262	0.13770	0.03382	0.01655	0.01182	0.00364	0.01024	0.01497	0.01132	0.01606
21	0.01409	0.01027	0.01335	0.01489	0.01640	0.00952	0.01063	0.01705	0.02381	0.03189	0.17078	0.40356	0.12298	0.03058	0.01369	0.00419	0.00631	0.06617	0.01053	0.00931
22	0.02292	0.09932	0.10750	0.25506	0.12772	0.02591	0.02758	0.03236	0.07115	0.03287	0.07122	0.03257	0.02496	0.01190	0.01053	0.00338	0.01271	0.01020	0.00614	0.01399
23	0.09673	0.02487	0.09480	0.03425	0.18478	0.02031	0.02333	0.03968	0.02620	0.24249	0.03224	0.08001	0.02492	0.01344	0.01070	0.00343	0.01089	0.01149	0.00905	0.01640
24	0.02925	0.02267	0.02888	0.02438	0.02794	0.02777	0.01995	0.09481	0.11516	0.10940	0.07489	0.03438	0.02829	0.01712	0.02277	0.00408	0.28408	0.01122	0.00853	0.01444
25	0.01358	0.00972	0.01292	0.01498	0.01588	0.00905	0.01014	0.01592	0.02225	0.03002	0.12647	0.53709	0.07634	0.03253	0.01377	0.00429	0.00616	0.02945	0.01038	0.00905
26	0.11524	0.02085	0.02684	0.01957	0.02902	0.01750	0.07379	0.02901	0.02244	0.03730	0.01913	0.02277	0.01560	0.00849	0.00848	0.00211	0.00939	0.00717	0.00638	0.50892
27	0.02942	0.10935	0.03487	0.29640	0.05186	0.14085	0.02475	0.03461	0.02454	0.08816	0.02071	0.02614	0.01578	0.01153	0.01158	0.00332	0.04820	0.00874	0.00597	0.01321
28	0.01461	0.01111	0.01343	0.01285	0.01578	0.00994	0.00964	0.01898	0.02892	0.03910	0.40292	0.08905	0.24588	0.02402	0.01287	0.00351	0.00527	0.02079	0.01139	0.00994
