[name]
unknown

[dist]
# distance from previous block
# <min> <max>
24	852

[block]
# block no. 0 follows, 12 sequences, length 8
# corresponding to MSA columns:
# 917-924
name=unknown_A
#
# <colnr> <probs for GDERKNQSTAVLIFYWHMCP>
#	G	D	E	R	K	N	Q	S	T	A	V	L	I	F	Y	W	H	M	C	P
0	0.17832	0.01250	0.01406	0.01457	0.01680	0.01293	0.01041	0.01975	0.02023	0.03313	0.10583	0.27095	0.05027	0.02758	0.01827	0.15101	0.00735	0.01878	0.00840	0.00887
1	0.17622	0.02377	0.07510	0.16616	0.08667	0.02213	0.04682	0.03808	0.02460	0.19896	0.02609	0.02843	0.01811	0.01131	0.01006	0.00345	0.01176	0.00929	0.00802	0.01498
2	0.02928	0.15492	0.06894	0.06004	0.03193	0.02861	0.01970	0.22379	0.03375	0.04448	0.03103	0.16448	0.02984	0.01700	0.01075	0.00338	0.01101	0.01391	0.00853	0.01463
3	0.39390	0.02110	0.02011	0.01732	0.02429	0.02327	0.01403	0.04284	0.14397	0.15807	0.02823	0.02743	0.02026	0.01197	0.00871	0.00345	0.00866	0.00854	0.00925	0.01458
4	0.02984	0.01777	0.02712	0.02118	0.02741	0.01700	0.11923	0.06817	0.02748	0.16528	0.03378	0.03635	0.02459	0.01216	0.00979	0.00304	0.00945	0.01092	0.32570	0.01375
5	0.02314	0.02139	0.03565	0.10020	0.37938	0.02166	0.02758	0.02858	0.02361	0.03307	0.02992	0.16718	0.03021	0.01569	0.01155	0.00356	0.01150	0.01483	0.00648	0.01480
6	0.18242	0.01788	0.01871	0.01479	0.02168	0.01606	0.01128	0.02605	0.02017	0.03563	0.02162	0.03199	0.02020	0.14046	0.01803	0.00398	0.00870	0.00836	0.00656	0.37543
7	0.32924	0.02120	0.02692	0.24387	0.12587	0.02460	0.02235	0.03067	0.02080	0.03872	0.01764	0.02355	0.01372	0.01036	0.00899	0.00345	0.01150	0.00796	0.00580	0.01280

[dist]
# distance from previous block
# <min> <max>
1	3

[block]
# block no. 1 follows, 12 sequences, length 23
# corresponding to MSA columns:
# 928-950
name=unknown_B
#
# <colnr> <probs for GDERKNQSTAVLIFYWHMCP>
#	G	D	E	R	K	N	Q	S	T	A	V	L	I	F	Y	W	H	M	C	P
0	0.02020	0.01792	0.03097	0.40750	0.05930	0.02099	0.06709	0.02533	0.02088	0.02708	0.02277	0.07581	0.01997	0.01681	0.01627	0.10981	0.01343	0.01162	0.00530	0.01093
1	0.01289	0.01105	0.01105	0.01105	0.01473	0.00920	0.00828	0.01565	0.02485	0.02946	0.11046	0.10493	0.54437	0.02761	0.01289	0.00368	0.00552	0.02301	0.01013	0.00920
2	0.69383	0.02109	0.01603	0.01434	0.02109	0.02446	0.01181	0.03205	0.01856	0.04892	0.01518	0.01771	0.01181	0.01012	0.00675	0.00337	0.00843	0.00590	0.00675	0.01181
3	0.02712	0.02342	0.02465	0.02219	0.02835	0.02712	0.01726	0.05794	0.52909	0.04561	0.04438	0.04068	0.03328	0.01479	0.01109	0.00370	0.00863	0.01233	0.01109	0.01726
4	0.02187	0.05640	0.56031	0.03108	0.04719	0.02532	0.04029	0.03453	0.02302	0.03453	0.01957	0.02302	0.01381	0.01036	0.01036	0.00345	0.01611	0.00806	0.00460	0.01611
5	0.02385	0.02385	0.03340	0.02863	0.02863	0.03340	0.02385	0.02624	0.01670	0.02624	0.01431	0.02385	0.01431	0.01908	0.03578	0.00477	0.59685	0.00954	0.00477	0.01193
6	0.02187	0.05640	0.56031	0.03108	0.04719	0.02532	0.04029	0.03453	0.02302	0.03453	0.01957	0.02302	0.01381	0.01036	0.01036	0.00345	0.01611	0.00806	0.00460	0.01611
7	0.02699	0.02591	0.04426	0.06693	0.54879	0.02591	0.03346	0.03346	0.02483	0.03562	0.02051	0.02699	0.01727	0.00972	0.01079	0.00324	0.01295	0.00972	0.00540	0.01727
8	0.01414	0.00985	0.01240	0.01408	0.01450	0.00943	0.00895	0.01541	0.01920	0.02560	0.05150	0.42988	0.06127	0.22878	0.02781	0.00648	0.00774	0.02594	0.00895	0.00810
9	0.69383	0.02109	0.01603	0.01434	0.02109	0.02446	0.01181	0.03205	0.01856	0.04892	0.01518	0.01771	0.01181	0.01012	0.00675	0.00337	0.00843	0.00590	0.00675	0.01181
10	0.01568	0.01127	0.01546	0.01546	0.01669	0.01251	0.01105	0.01815	0.01691	0.02378	0.03109	0.05329	0.03180	0.27796	0.38362	0.01497	0.02237	0.01321	0.00612	0.00859
11	0.03649	0.13191	0.04122	0.02902	0.03689	0.26879	0.10545	0.15077	0.03344	0.03786	0.01969	0.02255	0.01553	0.01102	0.01017	0.00299	0.01639	0.00851	0.00670	0.01460
12	0.02149	0.01936	0.06703	0.03014	0.15027	0.01663	0.01978	0.02821	0.06238	0.07258	0.07992	0.26034	0.04932	0.02212	0.01244	0.00390	0.00931	0.05277	0.00898	0.01304
13	0.09081	0.02075	0.02674	0.02352	0.06925	0.01983	0.01761	0.09032	0.07100	0.39601	0.03789	0.03426	0.02490	0.01302	0.01066	0.00338	0.00969	0.01051	0.01196	0.01787
14	0.02983	0.33634	0.04213	0.02045	0.02870	0.12828	0.01796	0.03767	0.10263	0.03048	0.02066	0.02228	0.01734	0.01031	0.00830	0.00252	0.01202	0.00715	0.00611	0.11886
15	0.07785	0.03038	0.02520	0.02493	0.06881	0.22165	0.01738	0.06666	0.02721	0.03378	0.02885	0.16764	0.02923	0.01637	0.01050	0.00313	0.01261	0.01323	0.00732	0.11725
16	0.02877	0.02419	0.03282	0.29475	0.05265	0.02919	0.02576	0.20588	0.03184	0.04264	0.02109	0.02719	0.01597	0.01298	0.01479	0.00368	0.10458	0.00971	0.00706	0.01445
17	0.02537	0.01925	0.02979	0.40152	0.05915	0.02126	0.02504	0.03174	0.02341	0.11176	0.02307	0.02920	0.01676	0.01082	0.01042	0.00324	0.01259	0.00933	0.00648	0.12980
18	0.01706	0.01305	0.01872	0.10781	0.02921	0.01358	0.01776	0.02180	0.02395	0.03094	0.05609	0.17823	0.09312	0.02752	0.01408	0.00462	0.00986	0.30323	0.00925	0.01013
19	0.07802	0.12371	0.12270	0.02176	0.03119	0.06056	0.02055	0.07596	0.13540	0.03912	0.02426	0.02555	0.01887	0.01088	0.00919	0.00284	0.01121	0.00818	0.00719	0.17284
20	0.01738	0.01352	0.01864	0.01825	0.02086	0.01574	0.01420	0.02548	0.09745	0.02848	0.03158	0.04250	0.02820	0.07131	0.48571	0.01536	0.02599	0.01178	0.00666	0.01091
21	0.02863	0.26398	0.11735	0.02238	0.03096	0.07021	0.02171	0.03352	0.02284	0.07072	0.01866	0.02180	0.01539	0.01127	0.01267	0.00288	0.10357	0.00733	0.00572	0.11842
22	0.02710	0.11465	0.04097	0.02706	0.03474	0.02263	0.19182	0.03328	0.02772	0.12683	0.18651	0.04506	0.04479	0.01403	0.01162	0.00334	0.01164	0.01357	0.00878	0.01389

[dist]
# distance from previous block
# <min> <max>
2	4

[block]
# block no. 2 follows, 12 sequences, length 18
# corresponding to MSA columns:
# 955-972
name=unknown_C
#
# <colnr> <probs for GDERKNQSTAVLIFYWHMCP>
#	G	D	E	R	K	N	Q	S	T	A	V	L	I	F	Y	W	H	M	C	P
0	0.01428	0.01024	0.01362	0.01507	0.01646	0.00958	0.01072	0.01744	0.02437	0.03325	0.21394	0.40583	0.08125	0.03008	0.01366	0.00415	0.00622	0.05972	0.01072	0.00940
1	0.01328	0.00949	0.01265	0.01518	0.01581	0.00886	0.01012	0.01518	0.02088	0.02783	0.06010	0.60969	0.07212	0.03416	0.01392	0.00443	0.00633	0.03100	0.01012	0.00886
2	0.02763	0.02738	0.07899	0.13622	0.04243	0.02817	0.06295	0.12859	0.21642	0.04297	0.02977	0.03194	0.02234	0.01323	0.01309	0.00367	0.05933	0.01080	0.00831	0.01576
3	0.14841	0.02323	0.03087	0.12089	0.13631	0.02605	0.02280	0.11151	0.02742	0.12879	0.02323	0.02683	0.01731	0.01249	0.01369	0.00357	0.09449	0.00925	0.00771	0.01516
4	0.01316	0.00996	0.01217	0.01394	0.01549	0.00896	0.00957	0.01532	0.02207	0.02832	0.07526	0.45771	0.21430	0.03219	0.01361	0.00420	0.00608	0.02859	0.01012	0.00896
5	0.08014	0.02381	0.12632	0.02119	0.02699	0.01894	0.05240	0.02650	0.02522	0.03907	0.24168	0.04929	0.05278	0.01674	0.01465	0.00356	0.09244	0.01352	0.06267	0.01208
6	0.03052	0.17628	0.21827	0.07528	0.04029	0.03110	0.02747	0.16444	0.03091	0.07475	0.02182	0.02403	0.01605	0.01111	0.00981	0.00315	0.01338	0.00835	0.00692	0.01608
7	0.02355	0.02096	0.03271	0.51036	0.06924	0.02559	0.02892	0.09662	0.02598	0.03366	0.02034	0.02866	0.01510	0.01121	0.01090	0.00358	0.01417	0.00971	0.00571	0.01302
8	0.02005	0.01781	0.01743	0.01661	0.01773	0.09291	0.01135	0.02130	0.01834	0.02307	0.02924	0.05508	0.03171	0.38916	0.13323	0.01011	0.06689	0.01335	0.00618	0.00845
9	0.52251	0.12576	0.02432	0.01631	0.02339	0.07707	0.01380	0.03319	0.02028	0.04298	0.01533	0.01785	0.01238	0.01009	0.00707	0.00315	0.00999	0.00599	0.00629	0.01225
10	0.01894	0.00947	0.01420	0.01420	0.01420	0.00947	0.00947	0.01420	0.01420	0.01894	0.01894	0.03314	0.01894	0.03788	0.04261	0.68277	0.00947	0.00947	0.00473	0.00473
11	0.02726	0.03246	0.19025	0.03100	0.04153	0.02273	0.18455	0.03801	0.07112	0.12341	0.09431	0.03660	0.03016	0.01243	0.01167	0.00353	0.01364	0.01201	0.00791	0.01540
12	0.02161	0.01829	0.02189	0.01634	0.02494	0.01441	0.01302	0.02632	0.02189	0.03408	0.02077	0.02548	0.01773	0.01853	0.08832	0.00387	0.01107	0.00720	0.00637	0.58786
13	0.01355	0.01104	0.01206	0.01245	0.01565	0.00956	0.00944	0.01662	0.02499	0.03074	0.13620	0.15207	0.42152	0.02802	0.01317	0.00385	0.00597	0.06351	0.01027	0.00933
14	0.02157	0.02022	0.01938	0.01967	0.02318	0.11546	0.01593	0.02788	0.06679	0.03262	0.09836	0.08541	0.12083	0.02809	0.05345	0.00508	0.01198	0.21393	0.00920	0.01098
15	0.02187	0.05640	0.56031	0.03108	0.04719	0.02532	0.04029	0.03453	0.02302	0.03453	0.01957	0.02302	0.01381	0.01036	0.01036	0.00345	0.01611	0.00806	0.00460	0.01611
16	0.33382	0.10337	0.11014	0.02373	0.07721	0.02709	0.02020	0.07329	0.02405	0.08907	0.01971	0.02178	0.01480	0.01056	0.00843	0.00323	0.01081	0.00735	0.00696	0.01440
17	0.31531	0.13278	0.11012	0.02474	0.10040	0.02676	0.02006	0.03211	0.02117	0.03993	0.01852	0.02196	0.01479	0.01020	0.00800	0.00310	0.01051	0.00716	0.06889	0.01347

[dist]
# distance from previous block
# <min> <max>
0	16

[block]
# block no. 3 follows, 12 sequences, length 199
# corresponding to MSA columns:
# 989-1062,1068-1192
name=unknown_D
#
# <colnr> <probs for GDERKNQSTAVLIFYWHMCP>
#	G	D	E	R	K	N	Q	S	T	A	V	L	I	F	Y	W	H	M	C	P
0	0.03272	0.07962	0.03177	0.15800	0.04077	0.25205	0.02204	0.03686	0.02598	0.08851	0.02122	0.02599	0.01679	0.01775	0.05919	0.00441	0.05848	0.00859	0.00624	0.01302
1	0.01475	0.01283	0.01546	0.01810	0.07741	0.01152	0.01166	0.01804	0.02424	0.02983	0.09323	0.09070	0.44005	0.03001	0.05910	0.00478	0.00835	0.02052	0.00922	0.01019
2	0.01289	0.01105	0.01105	0.01105	0.01473	0.00920	0.00828	0.01565	0.02485	0.02946	0.11046	0.10493	0.54437	0.02761	0.01289	0.00368	0.00552	0.02301	0.01013	0.00920
3	0.69383	0.02109	0.01603	0.01434	0.02109	0.02446	0.01181	0.03205	0.01856	0.04892	0.01518	0.01771	0.01181	0.01012	0.00675	0.00337	0.00843	0.00590	0.00675	0.01181
4	0.02489	0.01244	0.01585	0.01474	0.01835	0.01140	0.01112	0.02894	0.02644	0.17422	0.16345	0.19714	0.05682	0.02074	0.01137	0.00346	0.00653	0.01804	0.17200	0.01207
5	0.02899	0.02692	0.07877	0.03306	0.11357	0.02556	0.09664	0.04817	0.27480	0.10109	0.03509	0.03497	0.02592	0.01264	0.01124	0.00357	0.01148	0.01149	0.00911	0.01693
6	0.02017	0.01860	0.03135	0.03523	0.16649	0.01937	0.08971	0.02456	0.02187	0.03054	0.03613	0.25502	0.03899	0.02622	0.06185	0.00513	0.08060	0.01859	0.00722	0.01238
7	0.03059	0.47563	0.09420	0.02135	0.03059	0.13511	0.02087	0.03473	0.02377	0.02657	0.01582	0.01833	0.01399	0.00975	0.00777	0.00251	0.01344	0.00622	0.00483	0.01393
8	0.58294	0.02189	0.02072	0.02308	0.10883	0.02470	0.01541	0.03229	0.01960	0.04671	0.01607	0.01925	0.01272	0.01005	0.00742	0.00335	0.00919	0.00654	0.00652	0.01272
9	0.02490	0.02769	0.05957	0.04332	0.05348	0.02604	0.45905	0.03367	0.02567	0.03469	0.02570	0.03896	0.02126	0.01133	0.01309	0.00381	0.01753	0.06004	0.00598	0.01423
10	0.03970	0.03190	0.03160	0.02506	0.03317	0.08803	0.02036	0.41160	0.10492	0.06174	0.02735	0.02720	0.01980	0.01310	0.01082	0.00327	0.01239	0.00982	0.01039	0.01779
11	0.01543	0.01115	0.01457	0.01372	0.01629	0.01029	0.01029	0.02058	0.03086	0.04372	0.54304	0.08145	0.10288	0.02229	0.01286	0.00343	0.00514	0.01972	0.01200	0.01029
12	0.02832	0.02402	0.02533	0.02243	0.02881	0.02768	0.01755	0.09611	0.48896	0.04755	0.04285	0.03946	0.03205	0.01465	0.01108	0.00366	0.00891	0.01212	0.01108	0.01737
13	0.01328	0.00949	0.01265	0.01518	0.01581	0.00886	0.01012	0.01518	0.02088	0.02783	0.06010	0.60969	0.07212	0.03416	0.01392	0.00443	0.00633	0.03100	0.01012	0.00886
14	0.02187	0.05640	0.56031	0.03108	0.04719	0.02532	0.04029	0.03453	0.02302	0.03453	0.01957	0.02302	0.01381	0.01036	0.01036	0.00345	0.01611	0.00806	0.00460	0.01611
15	0.02261	0.01938	0.02261	0.01615	0.02584	0.01453	0.01292	0.02745	0.02261	0.03553	0.01938	0.02261	0.01615	0.00807	0.00807	0.00161	0.00807	0.00646	0.00646	0.68346
16	0.69383	0.02109	0.01603	0.01434	0.02109	0.02446	0.01181	0.03205	0.01856	0.04892	0.01518	0.01771	0.01181	0.01012	0.00675	0.00337	0.00843	0.00590	0.00675	0.01181
17	0.69383	0.02109	0.01603	0.01434	0.02109	0.02446	0.01181	0.03205	0.01856	0.04892	0.01518	0.01771	0.01181	0.01012	0.00675	0.00337	0.00843	0.00590	0.00675	0.01181
18	0.02574	0.02941	0.06434	0.04596	0.05699	0.02757	0.50919	0.03493	0.02574	0.03493	0.02206	0.02941	0.01654	0.00919	0.01287	0.00368	0.01838	0.01287	0.00551	0.01471
19	0.01717	0.01207	0.01338	0.01309	0.01381	0.01250	0.00785	0.02076	0.07571	0.02400	0.03552	0.06778	0.03890	0.54660	0.05032	0.00977	0.01034	0.01544	0.00713	0.00785
20	0.02187	0.05640	0.56031	0.03108	0.04719	0.02532	0.04029	0.03453	0.02302	0.03453	0.01957	0.02302	0.01381	0.01036	0.01036	0.00345	0.01611	0.00806	0.00460	0.01611
21	0.01328	0.00949	0.01265	0.01518	0.01581	0.00886	0.01012	0.01518	0.02088	0.02783	0.06010	0.60969	0.07212	0.03416	0.01392	0.00443	0.00633	0.03100	0.01012	0.00886
22	0.04145	0.03054	0.03272	0.02509	0.03381	0.03381	0.02072	0.51243	0.05127	0.06872	0.02618	0.02618	0.01854	0.01309	0.01091	0.00327	0.01200	0.00982	0.01091	0.01854
23	0.69383	0.02109	0.01603	0.01434	0.02109	0.02446	0.01181	0.03205	0.01856	0.04892	0.01518	0.01771	0.01181	0.01012	0.00675	0.00337	0.00843	0.00590	0.00675	0.01181
24	0.04892	0.01856	0.02530	0.01940	0.02783	0.01603	0.01603	0.05314	0.03121	0.55634	0.04302	0.03711	0.02699	0.01350	0.01096	0.00337	0.00928	0.01096	0.01350	0.01856
25	0.02326	0.01996	0.02290	0.01701	0.02620	0.01634	0.01354	0.03182	0.09510	0.03697	0.02296	0.02520	0.01860	0.00904	0.00851	0.00191	0.00815	0.00730	0.00712	0.58811
26	0.01394	0.01000	0.01324	0.01473	0.01596	0.00930	0.01017	0.01684	0.02394	0.03271	0.20822	0.44768	0.08155	0.03052	0.01359	0.00412	0.00596	0.02754	0.01070	0.00930
27	0.02505	0.18471	0.29160	0.02386	0.03602	0.02648	0.02749	0.03315	0.02351	0.07087	0.02730	0.02906	0.05653	0.01142	0.00951	0.00298	0.01275	0.00871	0.00593	0.09307
28	0.03288	0.10308	0.03110	0.02390	0.03047	0.20353	0.01892	0.08806	0.27161	0.03917	0.03069	0.03008	0.02368	0.01288	0.01020	0.00322	0.01278	0.00967	0.00858	0.01551
29	0.01319	0.00986	0.01227	0.01421	0.01556	0.00894	0.00969	0.01529	0.02181	0.02822	0.07196	0.49079	0.18336	0.03262	0.01367	0.00425	0.00614	0.02912	0.01012	0.00894
30	0.02383	0.02343	0.03264	0.07672	0.03262	0.03210	0.02388	0.02891	0.05802	0.02793	0.01715	0.02565	0.01585	0.01803	0.03166	0.00459	0.49955	0.00978	0.00528	0.01237
31	0.02784	0.02795	0.09722	0.04340	0.19282	0.02420	0.18106	0.03745	0.06748	0.09659	0.02864	0.03773	0.02297	0.01219	0.01181	0.00360	0.01397	0.05002	0.00716	0.01588
32	0.02576	0.02199	0.02348	0.02120	0.02695	0.02516	0.01645	0.05358	0.47099	0.04539	0.10254	0.04543	0.04140	0.01567	0.01130	0.00367	0.00822	0.01319	0.01120	0.01645
33	0.02463	0.11321	0.02019	0.01301	0.01737	0.01634	0.01071	0.02935	0.02454	0.09861	0.08480	0.04055	0.03316	0.01321	0.00844	0.00269	0.00667	0.01051	0.42020	0.01179
34	0.03774	0.02980	0.17031	0.08962	0.03903	0.02095	0.02459	0.08325	0.02958	0.31432	0.03257	0.03149	0.02130	0.01232	0.01079	0.00342	0.01195	0.00994	0.00989	0.01715
35	0.02187	0.05640	0.56031	0.03108	0.04719	0.02532	0.04029	0.03453	0.02302	0.03453	0.01957	0.02302	0.01381	0.01036	0.01036	0.00345	0.01611	0.00806	0.00460	0.01611
36	0.01875	0.01485	0.01732	0.01605	0.01980	0.01529	0.01222	0.03146	0.18111	0.04306	0.35472	0.07114	0.12001	0.02048	0.01233	0.00353	0.00623	0.01777	0.01157	0.01230
37	0.03041	0.03514	0.03197	0.24468	0.04886	0.27955	0.02504	0.03487	0.02523	0.02707	0.01744	0.02392	0.01427	0.01230	0.01420	0.00343	0.10566	0.00843	0.00519	0.01233
38	0.03607	0.03215	0.09013	0.02386	0.03149	0.11061	0.02071	0.25427	0.03660	0.09967	0.02447	0.02707	0.01822	0.01665	0.01595	0.11622	0.01297	0.00924	0.00859	0.01505
39	0.02385	0.02385	0.03340	0.02863	0.02863	0.03340	0.02385	0.02624	0.01670	0.02624	0.01431	0.02385	0.01431	0.01908	0.03578	0.00477	0.59685	0.00954	0.00477	0.01193
40	0.01318	0.00991	0.01222	0.01407	0.01552	0.00895	0.00963	0.01531	0.02194	0.02827	0.07361	0.47428	0.19881	0.03240	0.01364	0.00423	0.00611	0.02885	0.01012	0.00895
41	0.01752	0.02031	0.10994	0.02454	0.07764	0.01627	0.01968	0.02290	0.01957	0.02819	0.03032	0.10403	0.02924	0.05700	0.35727	0.01220	0.02270	0.01313	0.00609	0.01146
42	0.02551	0.03156	0.11558	0.04027	0.05108	0.02724	0.37271	0.03871	0.10912	0.03666	0.02548	0.03054	0.01901	0.01026	0.01228	0.00365	0.01650	0.01222	0.00634	0.01529
43	0.01641	0.01218	0.01542	0.01443	0.01730	0.01170	0.01087	0.02371	0.07271	0.04388	0.50116	0.07802	0.09704	0.02166	0.01271	0.00345	0.00544	0.01910	0.01193	0.01087
44	0.02575	0.02447	0.03502	0.19020	0.28496	0.06762	0.02761	0.03411	0.06794	0.03427	0.02353	0.02952	0.01878	0.01089	0.01045	0.00328	0.01272	0.00977	0.07430	0.01484
45	0.03738	0.02614	0.08299	0.02761	0.09154	0.02330	0.02150	0.11582	0.15020	0.25186	0.03591	0.03377	0.02479	0.01298	0.01091	0.00343	0.01064	0.01068	0.01071	0.01785
46	0.01758	0.01152	0.01368	0.01354	0.01679	0.01007	0.00999	0.02065	0.02544	0.09264	0.15502	0.22886	0.29004	0.02691	0.01293	0.00381	0.00612	0.02325	0.01080	0.01037
47	0.03953	0.01900	0.02290	0.01820	0.02511	0.01847	0.01482	0.14946	0.03349	0.30725	0.03721	0.03559	0.02534	0.01319	0.01005	0.00313	0.00876	0.01049	0.19170	0.01629
48	0.02703	0.10586	0.23833	0.08465	0.20717	0.02655	0.03229	0.03533	0.02424	0.08654	0.02173	0.02558	0.01635	0.01039	0.01021	0.00326	0.01375	0.00876	0.00579	0.01617
49	0.02502	0.05199	0.49792	0.02972	0.04493	0.02424	0.03746	0.03670	0.02398	0.09539	0.02230	0.02466	0.01535	0.01072	0.01043	0.00344	0.01532	0.00840	0.00564	0.01640
50	0.01762	0.01467	0.02161	0.02850	0.15921	0.01403	0.01667	0.02174	0.02478	0.03359	0.15052	0.23908	0.13467	0.02401	0.01280	0.00384	0.00802	0.05388	0.00921	0.01153
51	0.53976	0.06895	0.02423	0.01817	0.02492	0.02684	0.05089	0.03187	0.01924	0.04430	0.01563	0.01905	0.01253	0.01068	0.00947	0.00342	0.05479	0.00671	0.00634	0.01221
52	0.01702	0.01412	0.01692	0.01581	0.01864	0.01527	0.01235	0.02250	0.06165	0.03276	0.14135	0.07172	0.25774	0.02879	0.07334	0.00515	0.10641	0.01732	0.06058	0.01056
53	0.31307	0.09299	0.03020	0.06591	0.03221	0.02711	0.05907	0.10827	0.02665	0.11896	0.02177	0.02367	0.01589	0.01095	0.00888	0.00328	0.01082	0.00812	0.00785	0.01433
54	0.01582	0.01070	0.01255	0.01255	0.01278	0.01093	0.00743	0.01628	0.01605	0.02163	0.03375	0.06803	0.03820	0.55441	0.11592	0.01138	0.01274	0.01537	0.00652	0.00697
55	0.01703	0.01226	0.01570	0.01719	0.01903	0.01215	0.01272	0.06740	0.02483	0.03298	0.05616	0.45132	0.06475	0.03119	0.01384	0.00443	0.00766	0.11911	0.01019	0.01008
56	0.61766	0.02469	0.01776	0.01594	0.02256	0.08844	0.01289	0.03339	0.02000	0.04633	0.01538	0.01794	0.01207	0.01025	0.00711	0.00331	0.00974	0.00603	0.00662	0.01191
57	0.01394	0.01072	0.01276	0.01304	0.01558	0.00953	0.00948	0.01740	0.02619	0.03448	0.26237	0.21537	0.26554	0.02715	0.01312	0.00376	0.00557	0.02365	0.01084	0.00953
58	0.69383	0.02109	0.01603	0.01434	0.02109	0.02446	0.01181	0.03205	0.01856	0.04892	0.01518	0.01771	0.01181	0.01012	0.00675	0.00337	0.00843	0.00590	0.00675	0.01181
59	0.01586	0.01057	0.01189	0.01189	0.01189	0.01057	0.00661	0.01586	0.01586	0.02114	0.03436	0.07135	0.03964	0.61681	0.05550	0.01057	0.01057	0.01586	0.00661	0.00661
60	0.02863	0.53284	0.05823	0.02282	0.03241	0.04077	0.09342	0.03300	0.02270	0.02707	0.01621	0.01931	0.01438	0.00931	0.00789	0.00254	0.01269	0.00690	0.00479	0.01410
61	0.02261	0.01938	0.02261	0.01615	0.02584	0.01453	0.01292	0.02745	0.02261	0.03553	0.01938	0.02261	0.01615	0.00807	0.00807	0.00161	0.00807	0.00646	0.00646	0.68346
62	0.02688	0.02621	0.04599	0.06511	0.50625	0.02605	0.07461	0.03359	0.02491	0.03556	0.02064	0.02720	0.01721	0.00967	0.01097	0.00328	0.01342	0.00999	0.00541	0.01705
63	0.01944	0.01094	0.01616	0.01568	0.01568	0.01191	0.01094	0.01543	0.01446	0.01968	0.01847	0.03220	0.01847	0.03596	0.04192	0.61361	0.06938	0.00948	0.00474	0.00547
64	0.03471	0.09402	0.03234	0.11073	0.03693	0.02836	0.02021	0.23773	0.07764	0.12696	0.03032	0.07000	0.02371	0.01401	0.01069	0.00335	0.01126	0.01122	0.00959	0.01622
65	0.01494	0.01100	0.01399	0.01376	0.01595	0.01052	0.01002	0.01867	0.02546	0.03496	0.30409	0.12210	0.14955	0.10194	0.09818	0.00640	0.00938	0.01956	0.01005	0.00950
66	0.03365	0.03739	0.26475	0.02526	0.03726	0.02287	0.02734	0.11566	0.03007	0.20633	0.02807	0.02798	0.01894	0.01162	0.01046	0.00326	0.01266	0.00914	0.00858	0.06871
67	0.02691	0.42205	0.19272	0.02425	0.03554	0.03707	0.06510	0.03334	0.02268	0.02880	0.01691	0.01996	0.01416	0.00959	0.00838	0.00274	0.01341	0.00701	0.00472	0.01462
68	0.01782	0.01406	0.01642	0.01531	0.01892	0.01414	0.01163	0.02871	0.14894	0.04189	0.35472	0.07546	0.15686	0.02135	0.01244	0.00353	0.00604	0.01848	0.01149	0.01178
69	0.02261	0.01938	0.02261	0.01615	0.02584	0.01453	0.01292	0.02745	0.02261	0.03553	0.01938	0.02261	0.01615	0.00807	0.00807	0.00161	0.00807	0.00646	0.00646	0.68346
70	0.01814	0.01435	0.02138	0.12903	0.06795	0.01499	0.01882	0.02373	0.02627	0.03542	0.19998	0.08542	0.06300	0.02259	0.01328	0.00413	0.00956	0.21159	0.00935	0.01102
71	0.01757	0.01255	0.01757	0.02008	0.02259	0.01255	0.01757	0.02259	0.02510	0.03263	0.05773	0.12299	0.06275	0.03012	0.01506	0.00502	0.01004	0.47540	0.01004	0.01004
72	0.02261	0.01938	0.02261	0.01615	0.02584	0.01453	0.01292	0.02745	0.02261	0.03553	0.01938	0.02261	0.01615	0.00807	0.00807	0.00161	0.00807	0.00646	0.00646	0.68346
73	0.02699	0.02591	0.04426	0.06693	0.54879	0.02591	0.03346	0.03346	0.02483	0.03562	0.02051	0.02699	0.01727	0.00972	0.01079	0.00324	0.01295	0.00972	0.00540	0.01727
74	0.46750	0.02123	0.01982	0.01718	0.02353	0.02431	0.01406	0.03760	0.07975	0.11926	0.02250	0.02368	0.01670	0.01190	0.01030	0.00353	0.05800	0.00768	0.00805	0.01342
75	0.02059	0.01938	0.03270	0.59060	0.07510	0.02422	0.03028	0.02786	0.02180	0.02786	0.01938	0.02907	0.01453	0.01090	0.01090	0.00363	0.01453	0.00969	0.00484	0.01211
76	0.01558	0.01168	0.01752	0.01752	0.01947	0.01363	0.01363	0.01947	0.01752	0.02531	0.02921	0.04283	0.02726	0.08178	0.57360	0.01752	0.02921	0.01168	0.00584	0.00974
77	0.03151	0.02816	0.07916	0.15459	0.24495	0.07915	0.02829	0.03779	0.02609	0.14772	0.02479	0.02856	0.01825	0.01099	0.01072	0.00332	0.01341	0.00957	0.00703	0.01595
78	0.01329	0.01075	0.01218	0.01278	0.01554	0.00964	0.00934	0.01598	0.02306	0.02859	0.08912	0.21659	0.37281	0.03547	0.07852	0.00547	0.00847	0.02357	0.00962	0.00918
79	0.01757	0.01255	0.01757	0.02008	0.02259	0.01255	0.01757	0.02259	0.02510	0.03263	0.05773	0.12299	0.06275	0.03012	0.01506	0.00502	0.01004	0.47540	0.01004	0.01004
80	0.02372	0.02258	0.03836	0.33401	0.30720	0.02505	0.03184	0.03060	0.02328	0.03166	0.01993	0.02805	0.01588	0.01032	0.01085	0.00344	0.01376	0.00970	0.00512	0.01464
81	0.03838	0.07734	0.16958	0.02420	0.03447	0.08007	0.02384	0.11912	0.03158	0.24950	0.02951	0.02848	0.01993	0.01208	0.01040	0.00325	0.01273	0.00925	0.00931	0.01698
82	0.01558	0.01168	0.01752	0.01752	0.01947	0.01363	0.01363	0.01947	0.01752	0.02531	0.02921	0.04283	0.02726	0.08178	0.57360	0.01752	0.02921	0.01168	0.00584	0.00974
83	0.01757	0.01255	0.01757	0.02008	0.02259	0.01255	0.01757	0.02259	0.02510	0.03263	0.05773	0.12299	0.06275	0.03012	0.01506	0.00502	0.01004	0.47540	0.01004	0.01004
84	0.02261	0.01938	0.02261	0.01615	0.02584	0.01453	0.01292	0.02745	0.02261	0.03553	0.01938	0.02261	0.01615	0.00807	0.00807	0.00161	0.00807	0.00646	0.00646	0.68346
85	0.02704	0.02497	0.03683	0.04998	0.35170	0.02637	0.02733	0.04273	0.21579	0.03940	0.02955	0.03217	0.02334	0.01164	0.01091	0.00341	0.01132	0.01070	0.00755	0.01727
86	0.01931	0.01673	0.02639	0.24151	0.12715	0.01817	0.02173	0.02548	0.02642	0.03636	0.25740	0.05251	0.05511	0.01588	0.01177	0.00348	0.01001	0.01425	0.00819	0.01214
87	0.69383	0.02109	0.01603	0.01434	0.02109	0.02446	0.01181	0.03205	0.01856	0.04892	0.01518	0.01771	0.01181	0.01012	0.00675	0.00337	0.00843	0.00590	0.00675	0.01181
88	0.03133	0.02733	0.02846	0.02677	0.07061	0.06911	0.01958	0.15670	0.34572	0.04860	0.03639	0.03480	0.02730	0.01375	0.01094	0.00350	0.01054	0.01117	0.01020	0.01720
89	0.01851	0.01527	0.02228	0.16150	0.07280	0.01661	0.01927	0.02574	0.07423	0.03136	0.04504	0.25181	0.04780	0.02373	0.01293	0.00421	0.00993	0.12699	0.00856	0.01141
90	0.69383	0.02109	0.01603	0.01434	0.02109	0.02446	0.01181	0.03205	0.01856	0.04892	0.01518	0.01771	0.01181	0.01012	0.00675	0.00337	0.00843	0.00590	0.00675	0.01181
91	0.01729	0.01493	0.02134	0.10131	0.02789	0.01794	0.01686	0.02010	0.01984	0.02739	0.04143	0.36232	0.04767	0.02660	0.01962	0.00441	0.17308	0.02193	0.00787	0.01018
92	0.02915	0.62337	0.05714	0.01866	0.02799	0.04314	0.01866	0.03265	0.02215	0.02565	0.01516	0.01749	0.01399	0.00933	0.00700	0.00233	0.01166	0.00583	0.00466	0.01399
93	0.01757	0.01255	0.01757	0.02008	0.02259	0.01255	0.01757	0.02259	0.02510	0.03263	0.05773	0.12299	0.06275	0.03012	0.01506	0.00502	0.01004	0.47540	0.01004	0.01004
94	0.01757	0.01255	0.01757	0.02008	0.02259	0.01255	0.01757	0.02259	0.02510	0.03263	0.05773	0.12299	0.06275	0.03012	0.01506	0.00502	0.01004	0.47540	0.01004	0.01004
95	0.01586	0.01057	0.01189	0.01189	0.01189	0.01057	0.00661	0.01586	0.01586	0.02114	0.03436	0.07135	0.03964	0.61681	0.05550	0.01057	0.01057	0.01586	0.00661	0.00661
96	0.02059	0.01938	0.03270	0.59060	0.07510	0.02422	0.03028	0.02786	0.02180	0.02786	0.01938	0.02907	0.01453	0.01090	0.01090	0.00363	0.01453	0.00969	0.00484	0.01211
97	0.03205	0.02587	0.02743	0.02319	0.03023	0.02942	0.01845	0.21417	0.36484	0.05355	0.03812	0.03570	0.02822	0.01421	0.01103	0.00355	0.00979	0.01146	0.01103	0.01770
98	0.02090	0.01128	0.01138	0.01117	0.01402	0.01159	0.00843	0.02814	0.06538	0.04107	0.03631	0.04065	0.02840	0.01288	0.00791	0.00264	0.00538	0.01034	0.62138	0.01076
99	0.02712	0.02342	0.02465	0.02219	0.02835	0.02712	0.01726	0.05794	0.52909	0.04561	0.04438	0.04068	0.03328	0.01479	0.01109	0.00370	0.00863	0.01233	0.01109	0.01726
100	0.01367	0.01108	0.01213	0.01187	0.01521	0.00954	0.00890	0.01716	0.02670	0.03384	0.24350	0.09771	0.40859	0.02598	0.01288	0.00360	0.00541	0.02200	0.01070	0.00954
101	0.02574	0.02941	0.06434	0.04596	0.05699	0.02757	0.50919	0.03493	0.02574	0.03493	0.02206	0.02941	0.01654	0.00919	0.01287	0.00368	0.01838	0.01287	0.00551	0.01471
102	0.01543	0.01115	0.01457	0.01372	0.01629	0.01029	0.01029	0.02058	0.03086	0.04372	0.54304	0.08145	0.10288	0.02229	0.01286	0.00343	0.00514	0.01972	0.01200	0.01029
103	0.04073	0.05197	0.03090	0.02809	0.03371	0.57303	0.02107	0.04354	0.03090	0.02669	0.01685	0.01966	0.01404	0.01124	0.00983	0.00281	0.01966	0.00702	0.00562	0.01264
104	0.01350	0.00966	0.01285	0.01503	0.01586	0.00900	0.01014	0.01573	0.02189	0.02945	0.10935	0.55581	0.07525	0.03295	0.01381	0.00433	0.00621	0.02985	0.01031	0.00900
105	0.02915	0.62337	0.05714	0.01866	0.02799	0.04314	0.01866	0.03265	0.02215	0.02565	0.01516	0.01749	0.01399	0.00933	0.00700	0.00233	0.01166	0.00583	0.00466	0.01399
106	0.01586	0.01057	0.01189	0.01189	0.01189	0.01057	0.00661	0.01586	0.01586	0.02114	0.03436	0.07135	0.03964	0.61681	0.05550	0.01057	0.01057	0.01586	0.00661	0.00661
107	0.07776	0.04809	0.42279	0.02826	0.04230	0.02540	0.03420	0.08454	0.02620	0.07987	0.02173	0.02403	0.01517	0.01086	0.01018	0.00342	0.01457	0.00830	0.00611	0.01622
108	0.03839	0.17789	0.03879	0.02349	0.03236	0.03613	0.02021	0.39318	0.04403	0.05801	0.02344	0.02402	0.01741	0.01215	0.00994	0.00304	0.01191	0.00883	0.00936	0.01741
109	0.02187	0.05640	0.56031	0.03108	0.04719	0.02532	0.04029	0.03453	0.02302	0.03453	0.01957	0.02302	0.01381	0.01036	0.01036	0.00345	0.01611	0.00806	0.00460	0.01611
110	0.03004	0.03467	0.21905	0.08290	0.08847	0.02341	0.14163	0.03874	0.02580	0.16831	0.02624	0.02898	0.01818	0.01089	0.01118	0.00348	0.01449	0.01020	0.00719	0.01616
111	0.02915	0.62337	0.05714	0.01866	0.02799	0.04314	0.01866	0.03265	0.02215	0.02565	0.01516	0.01749	0.01399	0.00933	0.00700	0.00233	0.01166	0.00583	0.00466	0.01399
112	0.01757	0.01255	0.01757	0.02008	0.02259	0.01255	0.01757	0.02259	0.02510	0.03263	0.05773	0.12299	0.06275	0.03012	0.01506	0.00502	0.01004	0.47540	0.01004	0.01004
113	0.01500	0.01113	0.01398	0.01326	0.01602	0.01010	0.00995	0.01974	0.02985	0.04131	0.46978	0.08542	0.17765	0.02319	0.01286	0.00347	0.00521	0.02028	0.01168	0.01010
114	0.02299	0.03448	0.21070	0.21692	0.10979	0.02562	0.15820	0.03240	0.02352	0.03262	0.02025	0.02701	0.01510	0.01016	0.01123	0.00355	0.01588	0.01000	0.00500	0.01459
115	0.02699	0.02591	0.04426	0.06693	0.54879	0.02591	0.03346	0.03346	0.02483	0.03562	0.02051	0.02699	0.01727	0.00972	0.01079	0.00324	0.01295	0.00972	0.00540	0.01727
116	0.01625	0.01102	0.01318	0.01375	0.01432	0.01102	0.00910	0.01739	0.01796	0.02375	0.03966	0.08308	0.04489	0.48356	0.04631	0.00931	0.01045	0.12023	0.00739	0.00739
117	0.02112	0.02040	0.03593	0.53505	0.07325	0.02457	0.07913	0.02858	0.02220	0.02858	0.01965	0.02910	0.01474	0.01073	0.01110	0.00364	0.01493	0.01001	0.00491	0.01238
118	0.01925	0.01627	0.01729	0.01613	0.02069	0.01690	0.01236	0.03417	0.23787	0.03837	0.14677	0.07442	0.26393	0.02143	0.01213	0.00365	0.00677	0.01803	0.01081	0.01275
119	0.41937	0.02506	0.02305	0.01886	0.02644	0.02839	0.01556	0.23415	0.03232	0.05725	0.01981	0.02127	0.01464	0.01137	0.00850	0.00333	0.00993	0.00755	0.00850	0.01464
120	0.01426	0.01018	0.01377	0.01629	0.01735	0.00970	0.01181	0.01686	0.02184	0.02892	0.05956	0.49915	0.06999	0.03324	0.01418	0.00456	0.00717	0.13193	0.01010	0.00913
121	0.04892	0.01856	0.02530	0.01940	0.02783	0.01603	0.01603	0.05314	0.03121	0.55634	0.04302	0.03711	0.02699	0.01350	0.01096	0.00337	0.00928	0.01096	0.01350	0.01856
122	0.01328	0.00949	0.01265	0.01518	0.01581	0.00886	0.01012	0.01518	0.02088	0.02783	0.06010	0.60969	0.07212	0.03416	0.01392	0.00443	0.00633	0.03100	0.01012	0.00886
123	0.02574	0.02941	0.06434	0.04596	0.05699	0.02757	0.50919	0.03493	0.02574	0.03493	0.02206	0.02941	0.01654	0.00919	0.01287	0.00368	0.01838	0.01287	0.00551	0.01471
124	0.02472	0.02318	0.02358	0.01754	0.02676	0.07967	0.01387	0.02933	0.02358	0.03450	0.01909	0.02227	0.01590	0.00844	0.00828	0.00175	0.00943	0.00653	0.00636	0.60523
125	0.01428	0.01068	0.01326	0.01350	0.01581	0.00966	0.00979	0.01801	0.02682	0.03622	0.31526	0.22849	0.19487	0.02668	0.01315	0.00375	0.00555	0.02349	0.01107	0.00966
126	0.04892	0.01856	0.02530	0.01940	0.02783	0.01603	0.01603	0.05314	0.03121	0.55634	0.04302	0.03711	0.02699	0.01350	0.01096	0.00337	0.00928	0.01096	0.01350	0.01856
127	0.10808	0.02987	0.02512	0.02266	0.02877	0.15541	0.01752	0.05153	0.35220	0.04154	0.03449	0.03305	0.02625	0.01341	0.01029	0.00345	0.01121	0.01033	0.00930	0.01553
128	0.04892	0.01856	0.02530	0.01940	0.02783	0.01603	0.01603	0.05314	0.03121	0.55634	0.04302	0.03711	0.02699	0.01350	0.01096	0.00337	0.00928	0.01096	0.01350	0.01856
129	0.01363	0.00973	0.01304	0.01557	0.01636	0.00915	0.01072	0.01577	0.02121	0.02822	0.05991	0.57086	0.07137	0.03384	0.01401	0.00448	0.00662	0.06645	0.01011	0.00895
130	0.01586	0.01057	0.01189	0.01189	0.01189	0.01057	0.00661	0.01586	0.01586	0.02114	0.03436	0.07135	0.03964	0.61681	0.05550	0.01057	0.01057	0.01586	0.00661	0.00661
131	0.04892	0.01856	0.02530	0.01940	0.02783	0.01603	0.01603	0.05314	0.03121	0.55634	0.04302	0.03711	0.02699	0.01350	0.01096	0.00337	0.00928	0.01096	0.01350	0.01856
132	0.03966	0.04798	0.03052	0.02737	0.03327	0.48701	0.02073	0.08020	0.07372	0.03143	0.01984	0.02190	0.01598	0.01167	0.01002	0.00292	0.01817	0.00767	0.00647	0.01347
133	0.04145	0.03054	0.03272	0.02509	0.03381	0.03381	0.02072	0.51243	0.05127	0.06872	0.02618	0.02618	0.01854	0.01309	0.01091	0.00327	0.01200	0.00982	0.01091	0.01854
134	0.08277	0.01946	0.02226	0.01625	0.02559	0.01551	0.01307	0.02990	0.02295	0.07824	0.02090	0.02334	0.01664	0.00868	0.00819	0.00191	0.00820	0.00677	0.00705	0.57232
135	0.01560	0.01061	0.01182	0.01182	0.01214	0.01045	0.00675	0.01584	0.01663	0.02186	0.04094	0.07426	0.08330	0.56584	0.05181	0.00997	0.01013	0.01648	0.00691	0.00683
136	0.02238	0.01982	0.03215	0.15476	0.28379	0.02058	0.02524	0.02859	0.02555	0.03642	0.14908	0.04173	0.03843	0.01325	0.01108	0.00331	0.01078	0.01219	0.05686	0.01400
137	0.02774	0.34202	0.24463	0.02446	0.03593	0.09819	0.02713	0.03463	0.02350	0.02914	0.01703	0.01984	0.01393	0.00994	0.00860	0.00281	0.01428	0.00681	0.00475	0.01464
138	0.69383	0.02109	0.01603	0.01434	0.02109	0.02446	0.01181	0.03205	0.01856	0.04892	0.01518	0.01771	0.01181	0.01012	0.00675	0.00337	0.00843	0.00590	0.00675	0.01181
139	0.03085	0.02710	0.08517	0.05449	0.40308	0.02392	0.03063	0.03742	0.02592	0.13780	0.02485	0.02863	0.01888	0.01051	0.01079	0.00328	0.01250	0.00982	0.00692	0.01742
140	0.02491	0.23214	0.03477	0.01703	0.02660	0.02461	0.01494	0.02928	0.02245	0.03205	0.01789	0.02081	0.01539	0.00852	0.00769	0.00187	0.00934	0.00624	0.00583	0.44763
141	0.03028	0.02399	0.02535	0.02174	0.02823	0.02719	0.01721	0.17690	0.34890	0.05132	0.03858	0.03678	0.02877	0.01412	0.01069	0.00347	0.00917	0.01143	0.07900	0.01688
142	0.62721	0.02424	0.01754	0.01574	0.02237	0.08041	0.01275	0.03322	0.01981	0.04665	0.01535	0.01791	0.01204	0.01024	0.00706	0.00332	0.00958	0.00602	0.00663	0.01189
143	0.01740	0.01408	0.02189	0.02058	0.02300	0.01587	0.05149	0.02146	0.01930	0.02710	0.03297	0.05690	0.03273	0.10312	0.34685	0.01265	0.07055	0.09542	0.00654	0.01010
144	0.01939	0.01975	0.07226	0.03207	0.16480	0.01652	0.05842	0.02443	0.02305	0.03252	0.04463	0.25544	0.08304	0.02079	0.01196	0.00371	0.00972	0.01904	0.07606	0.01238
145	0.04145	0.03054	0.03272	0.02509	0.03381	0.03381	0.02072	0.51243	0.05127	0.06872	0.02618	0.02618	0.01854	0.01309	0.01091	0.00327	0.01200	0.00982	0.01091	0.01854
146	0.01916	0.01267	0.01646	0.01695	0.01872	0.01299	0.01249	0.05763	0.06007	0.03007	0.04175	0.24257	0.04521	0.03168	0.02353	0.23756	0.00864	0.09445	0.00839	0.00902
147	0.02059	0.01938	0.03270	0.59060	0.07510	0.02422	0.03028	0.02786	0.02180	0.02786	0.01938	0.02907	0.01453	0.01090	0.01090	0.00363	0.01453	0.00969	0.00484	0.01211
148	0.19184	0.02586	0.02645	0.02140	0.02872	0.02870	0.01739	0.34128	0.04002	0.05929	0.02754	0.09224	0.02320	0.01485	0.01028	0.00343	0.01050	0.01137	0.00984	0.01583
149	0.02699	0.23145	0.04134	0.02517	0.02880	0.07887	0.02186	0.02979	0.01968	0.02607	0.01480	0.02135	0.01418	0.01513	0.02389	0.00378	0.35129	0.00807	0.00480	0.01269
150	0.01543	0.01115	0.01457	0.01372	0.01629	0.01029	0.01029	0.02058	0.03086	0.04372	0.54304	0.08145	0.10288	0.02229	0.01286	0.00343	0.00514	0.01972	0.01200	0.01029
151	0.01894	0.00947	0.01420	0.01420	0.01420	0.00947	0.00947	0.01420	0.01420	0.01894	0.01894	0.03314	0.01894	0.03788	0.04261	0.68277	0.00947	0.00947	0.00473	0.00473
152	0.02561	0.02558	0.06981	0.12196	0.09068	0.02637	0.02287	0.04861	0.35380	0.04078	0.03585	0.03597	0.02701	0.01328	0.01097	0.00362	0.01064	0.01129	0.00897	0.01631
153	0.02915	0.62337	0.05714	0.01866	0.02799	0.04314	0.01866	0.03265	0.02215	0.02565	0.01516	0.01749	0.01399	0.00933	0.00700	0.00233	0.01166	0.00583	0.00466	0.01399
154	0.02202	0.01807	0.02026	0.01849	0.02309	0.01978	0.01422	0.04164	0.31178	0.04479	0.26188	0.05846	0.06364	0.01806	0.01186	0.00358	0.00711	0.01555	0.01149	0.01422
155	0.02915	0.62337	0.05714	0.01866	0.02799	0.04314	0.01866	0.03265	0.02215	0.02565	0.01516	0.01749	0.01399	0.00933	0.00700	0.00233	0.01166	0.00583	0.00466	0.01399
156	0.02824	0.12412	0.03286	0.02615	0.11078	0.07819	0.01822	0.03286	0.02438	0.07239	0.02039	0.02325	0.01658	0.00928	0.00873	0.00225	0.01072	0.00727	0.00644	0.34689
157	0.03143	0.41380	0.04862	0.02133	0.02943	0.03981	0.01975	0.14492	0.02838	0.03587	0.01766	0.02028	0.01510	0.01135	0.01127	0.00284	0.07999	0.00720	0.00615	0.01482
158	0.02059	0.01938	0.03270	0.59060	0.07510	0.02422	0.03028	0.02786	0.02180	0.02786	0.01938	0.02907	0.01453	0.01090	0.01090	0.00363	0.01453	0.00969	0.00484	0.01211
159	0.02466	0.01863	0.01941	0.01784	0.02269	0.02099	0.01377	0.04617	0.34596	0.04382	0.04119	0.04067	0.03135	0.01404	0.00984	0.00328	0.00735	0.01154	0.25211	0.01469
160	0.69383	0.02109	0.01603	0.01434	0.02109	0.02446	0.01181	0.03205	0.01856	0.04892	0.01518	0.01771	0.01181	0.01012	0.00675	0.00337	0.00843	0.00590	0.00675	0.01181
161	0.13500	0.02478	0.02477	0.08718	0.03274	0.06717	0.01797	0.11492	0.23542	0.04480	0.03749	0.03725	0.06689	0.01414	0.01040	0.00351	0.01037	0.01111	0.00915	0.01496
162	0.01328	0.00949	0.01265	0.01518	0.01581	0.00886	0.01012	0.01518	0.02088	0.02783	0.06010	0.60969	0.07212	0.03416	0.01392	0.00443	0.00633	0.03100	0.01012	0.00886
163	0.02724	0.02236	0.03122	0.02291	0.03238	0.01960	0.10169	0.07515	0.06587	0.08063	0.02428	0.02669	0.01863	0.00966	0.00963	0.00242	0.01037	0.00870	0.00760	0.40296
164	0.01715	0.01011	0.01286	0.01286	0.01286	0.01011	0.00781	0.01516	0.01516	0.02022	0.02787	0.05528	0.03093	0.37326	0.05008	0.29336	0.01011	0.01317	0.00582	0.00582
165	0.01885	0.01190	0.01567	0.01430	0.01747	0.01087	0.01087	0.02390	0.03090	0.09601	0.49204	0.07693	0.09514	0.02139	0.01267	0.00342	0.00557	0.01883	0.01215	0.01113
166	0.01609	0.01057	0.01253	0.01253	0.01268	0.01072	0.00740	0.01600	0.01585	0.02128	0.03266	0.06592	0.03694	0.52641	0.09487	0.06757	0.01193	0.01499	0.00639	0.00669
167	0.02528	0.32224	0.32438	0.02525	0.03819	0.03368	0.03014	0.03365	0.02261	0.03037	0.01750	0.02043	0.01390	0.00988	0.00878	0.00293	0.01403	0.00701	0.00463	0.01512
168	0.02868	0.32974	0.12049	0.02758	0.11000	0.03235	0.02312	0.03416	0.02350	0.07417	0.01944	0.02198	0.01581	0.00974	0.00852	0.00263	0.01188	0.00725	0.00572	0.09326
169	0.25466	0.37255	0.04107	0.01798	0.02613	0.08074	0.01654	0.03335	0.02166	0.03360	0.01531	0.01775	0.01326	0.00975	0.00715	0.00272	0.01123	0.00595	0.00545	0.01314
170	0.01626	0.01104	0.01323	0.01382	0.01441	0.01104	0.00919	0.01744	0.01803	0.02385	0.03986	0.08352	0.04508	0.47861	0.04597	0.00926	0.01045	0.12411	0.00742	0.00742
171	0.46084	0.02130	0.01846	0.01585	0.02234	0.02414	0.01295	0.12686	0.02574	0.05161	0.02049	0.02290	0.01562	0.01111	0.00771	0.00323	0.00863	0.00733	0.10998	0.01290
172	0.01586	0.01057	0.01189	0.01189	0.01189	0.01057	0.00661	0.01586	0.01586	0.02114	0.03436	0.07135	0.03964	0.61681	0.05550	0.01057	0.01057	0.01586	0.00661	0.00661
173	0.02557	0.09414	0.46051	0.02879	0.04351	0.02556	0.03585	0.03656	0.02391	0.09473	0.02197	0.02425	0.01536	0.01065	0.01018	0.00336	0.01499	0.00823	0.00565	0.01624
174	0.02880	0.02274	0.03494	0.29714	0.19036	0.02518	0.02801	0.10631	0.02821	0.09782	0.02348	0.02901	0.01733	0.01122	0.01088	0.00344	0.01311	0.00986	0.00693	0.01523
175	0.01558	0.01168	0.01752	0.01752	0.01947	0.01363	0.01363	0.01947	0.01752	0.02531	0.02921	0.04283	0.02726	0.08178	0.57360	0.01752	0.02921	0.01168	0.00584	0.00974
176	0.02795	0.01514	0.01862	0.01616	0.02103	0.01468	0.01266	0.03697	0.11038	0.19370	0.23135	0.05507	0.05691	0.01690	0.01115	0.00331	0.00691	0.01437	0.12292	0.01382
177	0.02532	0.32505	0.32189	0.02519	0.03809	0.03377	0.03004	0.03364	0.02261	0.03032	0.01748	0.02040	0.01390	0.00987	0.00877	0.00292	0.01400	0.00700	0.00463	0.01511
178	0.01597	0.01142	0.01714	0.01714	0.01886	0.01314	0.01314	0.01886	0.01714	0.02457	0.02801	0.04170	0.02629	0.07666	0.51167	0.09511	0.02690	0.01142	0.00571	0.00915
179	0.03026	0.01452	0.01956	0.01684	0.02197	0.01302	0.01353	0.03498	0.03043	0.26618	0.27544	0.06635	0.06569	0.01925	0.01226	0.00357	0.00745	0.06238	0.01245	0.01387
180	0.01578	0.01127	0.01551	0.01803	0.01976	0.01101	0.01446	0.01949	0.02333	0.03063	0.05872	0.32648	0.06667	0.03181	0.01458	0.00477	0.00849	0.28960	0.01007	0.00955
181	0.03332	0.39176	0.04581	0.02129	0.02940	0.16934	0.01894	0.03881	0.06404	0.06759	0.01993	0.02129	0.01648	0.01053	0.00831	0.00263	0.01320	0.00701	0.00606	0.01426
182	0.01543	0.01115	0.01457	0.01372	0.01629	0.01029	0.01029	0.02058	0.03086	0.04372	0.54304	0.08145	0.10288	0.02229	0.01286	0.00343	0.00514	0.01972	0.01200	0.01029
183	0.02261	0.01938	0.02261	0.01615	0.02584	0.01453	0.01292	0.02745	0.02261	0.03553	0.01938	0.02261	0.01615	0.00807	0.00807	0.00161	0.00807	0.00646	0.00646	0.68346
184	0.01757	0.01255	0.01757	0.02008	0.02259	0.01255	0.01757	0.02259	0.02510	0.03263	0.05773	0.12299	0.06275	0.03012	0.01506	0.00502	0.01004	0.47540	0.01004	0.01004
185	0.01558	0.01168	0.01752	0.01752	0.01947	0.01363	0.01363	0.01947	0.01752	0.02531	0.02921	0.04283	0.02726	0.08178	0.57360	0.01752	0.02921	0.01168	0.00584	0.00974
186	0.01586	0.01057	0.01189	0.01189	0.01189	0.01057	0.00661	0.01586	0.01586	0.02114	0.03436	0.07135	0.03964	0.61681	0.05550	0.01057	0.01057	0.01586	0.00661	0.00661
187	0.01474	0.01080	0.01383	0.01374	0.01603	0.00989	0.01005	0.01899	0.02825	0.03908	0.40203	0.18982	0.14174	0.02521	0.01307	0.00366	0.00542	0.02232	0.01143	0.00989
188	0.01558	0.01168	0.01752	0.01752	0.01947	0.01363	0.01363	0.01947	0.01752	0.02531	0.02921	0.04283	0.02726	0.08178	0.57360	0.01752	0.02921	0.01168	0.00584	0.00974
