[name]
unknown

[dist]
# distance from previous block
# <min> <max>
0	4

[block]
# block no. 0 follows, 14 sequences, length 22
# corresponding to MSA columns:
# 4-25
name=unknown_A
#
# <colnr> <probs for GDERKNQSTAVLIFYWHMCP>
#	G	D	E	R	K	N	Q	S	T	A	V	L	I	F	Y	W	H	M	C	P
0	0.02014	0.01490	0.01867	0.01879	0.02229	0.01553	0.01583	0.09442	0.08034	0.03815	0.13041	0.08965	0.05667	0.02360	0.01295	0.00414	0.00884	0.31349	0.00995	0.01124
1	0.01239	0.00936	0.01147	0.01315	0.01458	0.00843	0.00902	0.01442	0.02074	0.02664	0.07044	0.47636	0.21521	0.03035	0.01281	0.00396	0.00573	0.02697	0.00953	0.00843
2	0.02588	0.40701	0.13492	0.03001	0.15740	0.03417	0.02402	0.03119	0.02157	0.02765	0.01610	0.01937	0.01386	0.00902	0.00792	0.00256	0.01192	0.00667	0.00454	0.01421
3	0.02349	0.01813	0.02925	0.02379	0.02881	0.01905	0.13628	0.03191	0.10512	0.10671	0.02962	0.03787	0.02458	0.09424	0.19827	0.00816	0.05362	0.01152	0.00722	0.01237
4	0.01892	0.01124	0.01418	0.01302	0.01532	0.01051	0.00917	0.02191	0.02404	0.10662	0.30602	0.06762	0.06588	0.24120	0.02623	0.00563	0.00719	0.01615	0.00967	0.00949
5	0.02926	0.01596	0.02181	0.05831	0.02563	0.01563	0.05017	0.08227	0.02571	0.21465	0.03409	0.07264	0.02760	0.11199	0.01652	0.00416	0.00910	0.01189	0.15986	0.01277
6	0.01822	0.01153	0.01361	0.01247	0.01628	0.01001	0.00957	0.02179	0.02623	0.11873	0.25131	0.08135	0.32602	0.02223	0.01184	0.00334	0.00563	0.01884	0.01062	0.01038
7	0.01421	0.00965	0.01140	0.01210	0.01227	0.00948	0.00719	0.01474	0.01631	0.02174	0.03943	0.23270	0.04626	0.46160	0.04078	0.00826	0.00878	0.01910	0.00719	0.00684
8	0.02742	0.02851	0.11404	0.02378	0.03069	0.02766	0.02136	0.16003	0.26926	0.04351	0.02966	0.03001	0.02241	0.01353	0.01396	0.00351	0.10656	0.01001	0.00851	0.01557
9	0.02180	0.02071	0.03515	0.39308	0.27339	0.02344	0.02970	0.02834	0.02166	0.02915	0.01867	0.02657	0.01471	0.00981	0.01022	0.00327	0.01308	0.00913	0.00477	0.01335
10	0.58508	0.02152	0.01804	0.01540	0.02210	0.02468	0.01269	0.12642	0.02326	0.04955	0.01624	0.01817	0.01231	0.01005	0.00709	0.00316	0.00857	0.00625	0.00709	0.01231
11	0.71184	0.01985	0.01508	0.01350	0.01985	0.02302	0.01111	0.03017	0.01746	0.04604	0.01429	0.01667	0.01111	0.00953	0.00635	0.00318	0.00794	0.00556	0.00635	0.01111
12	0.02814	0.02093	0.10859	0.01888	0.02524	0.01560	0.01695	0.06425	0.05415	0.22922	0.07739	0.21734	0.04112	0.01877	0.01120	0.00350	0.00876	0.01620	0.01005	0.01372
13	0.01338	0.00998	0.01244	0.01280	0.01488	0.00904	0.00923	0.01678	0.02489	0.03359	0.30926	0.25544	0.18952	0.02555	0.01242	0.00357	0.00527	0.02255	0.01036	0.00904
14	0.01250	0.00893	0.01191	0.01429	0.01488	0.00834	0.00953	0.01429	0.01965	0.02620	0.05656	0.63265	0.06787	0.03215	0.01310	0.00417	0.00595	0.02917	0.00953	0.00834
15	0.01619	0.00959	0.01280	0.01261	0.01318	0.00940	0.00829	0.01523	0.01749	0.02389	0.15108	0.05251	0.04207	0.21185	0.03717	0.33263	0.00827	0.01295	0.00658	0.00620
16	0.03014	0.02281	0.02545	0.11480	0.03336	0.09870	0.01887	0.07341	0.10451	0.16131	0.06350	0.04059	0.02870	0.01475	0.01297	0.00347	0.07105	0.05925	0.00870	0.01370
17	0.01543	0.01349	0.06925	0.01526	0.01732	0.01025	0.01213	0.01645	0.01892	0.02591	0.10856	0.28701	0.04887	0.02966	0.02208	0.24784	0.00775	0.01853	0.00748	0.00783
18	0.02775	0.06533	0.03366	0.02439	0.03145	0.02477	0.14559	0.18147	0.11433	0.04434	0.02772	0.03017	0.02094	0.01133	0.00978	0.00302	0.01075	0.01015	0.16884	0.01422
19	0.01600	0.01161	0.01326	0.01348	0.01454	0.01201	0.00861	0.02102	0.10155	0.02508	0.03977	0.20139	0.04387	0.39167	0.03604	0.00751	0.00868	0.01790	0.00770	0.00832
20	0.07566	0.02405	0.02216	0.02009	0.02540	0.11262	0.01566	0.04471	0.32057	0.06710	0.09618	0.04186	0.03560	0.01457	0.01034	0.00335	0.00948	0.03695	0.00950	0.01416
21	0.15228	0.02710	0.11779	0.02794	0.08607	0.02348	0.09095	0.09169	0.10677	0.09182	0.02694	0.03273	0.02104	0.01202	0.01002	0.00336	0.01134	0.04448	0.00762	0.01458

[dist]
# distance from previous block
# <min> <max>
6	18

[block]
# block no. 1 follows, 14 sequences, length 13
# corresponding to MSA columns:
# 44-56
name=unknown_B
#
# <colnr> <probs for GDERKNQSTAVLIFYWHMCP>
#	G	D	E	R	K	N	Q	S	T	A	V	L	I	F	Y	W	H	M	C	P
0	0.01574	0.02475	0.21552	0.01912	0.02480	0.01408	0.01909	0.02085	0.01964	0.02747	0.03933	0.32963	0.04374	0.11684	0.01788	0.00472	0.00983	0.01934	0.00718	0.01044
1	0.01252	0.00989	0.01129	0.01205	0.01438	0.00866	0.00861	0.01507	0.02267	0.02863	0.13752	0.28577	0.34135	0.02763	0.01247	0.00369	0.00543	0.02399	0.00972	0.00866
2	0.02726	0.02290	0.03245	0.32084	0.13389	0.02624	0.02577	0.20968	0.03079	0.04098	0.02067	0.02610	0.01541	0.01082	0.01025	0.00324	0.01261	0.00917	0.00666	0.01429
3	0.12890	0.13208	0.28340	0.02316	0.03392	0.05809	0.02564	0.03605	0.07390	0.08272	0.02125	0.02274	0.01563	0.01028	0.00885	0.00306	0.01238	0.00754	0.00603	0.01438
4	0.01857	0.01208	0.01701	0.10516	0.02438	0.01302	0.04016	0.02315	0.02015	0.03239	0.02851	0.03600	0.02320	0.02453	0.11594	0.04461	0.01112	0.00985	0.39046	0.00971
5	0.01874	0.01071	0.01432	0.01474	0.01695	0.00976	0.01053	0.02146	0.02304	0.12637	0.14588	0.42810	0.06563	0.02674	0.01243	0.00383	0.00624	0.02396	0.01040	0.01018
6	0.01463	0.01167	0.01615	0.01690	0.01762	0.01319	0.01238	0.01684	0.01839	0.02551	0.04379	0.41939	0.05076	0.03771	0.12181	0.00644	0.11753	0.02237	0.00792	0.00899
7	0.02250	0.14866	0.30722	0.11500	0.04207	0.02698	0.02903	0.03508	0.11513	0.03187	0.02174	0.02451	0.01635	0.01038	0.00938	0.00313	0.01295	0.00815	0.00545	0.01442
8	0.01845	0.03304	0.29938	0.02909	0.11494	0.01842	0.02687	0.02589	0.02121	0.03042	0.03208	0.23898	0.03296	0.01760	0.01100	0.00354	0.01144	0.01548	0.00629	0.01291
9	0.02243	0.02136	0.03630	0.33480	0.32669	0.02360	0.03002	0.02890	0.02196	0.02993	0.01878	0.02636	0.01499	0.00969	0.01021	0.00323	0.01292	0.00913	0.00482	0.01386
10	0.10647	0.02038	0.02250	0.01903	0.02478	0.02170	0.01504	0.24796	0.05658	0.12359	0.03534	0.19475	0.03249	0.01764	0.01064	0.00342	0.00894	0.01463	0.00998	0.01417
11	0.37678	0.12980	0.02534	0.01625	0.02356	0.02513	0.01394	0.08303	0.02368	0.16608	0.02123	0.02154	0.01533	0.01038	0.00767	0.00299	0.00897	0.00698	0.00782	0.01352
12	0.02758	0.22980	0.13843	0.13018	0.04087	0.03016	0.06957	0.12096	0.02652	0.06554	0.01959	0.02281	0.01489	0.01005	0.00915	0.00292	0.01269	0.00803	0.00598	0.01426

[dist]
# distance from previous block
# <min> <max>
0	2

[block]
# block no. 2 follows, 14 sequences, length 7
# corresponding to MSA columns:
# 59-65
name=unknown_C
#
# <colnr> <probs for GDERKNQSTAVLIFYWHMCP>
#	G	D	E	R	K	N	Q	S	T	A	V	L	I	F	Y	W	H	M	C	P
0	0.03285	0.09597	0.10269	0.02534	0.03388	0.12104	0.07175	0.19845	0.09866	0.08283	0.02432	0.02521	0.01792	0.01123	0.00987	0.00303	0.01291	0.00888	0.00783	0.01533
1	0.02610	0.02535	0.11933	0.02038	0.02758	0.02130	0.01863	0.16817	0.13645	0.08335	0.07716	0.09987	0.09894	0.01644	0.01085	0.00336	0.00943	0.01362	0.00936	0.01432
2	0.01794	0.01721	0.08478	0.01486	0.01785	0.01378	0.01188	0.06926	0.02077	0.02847	0.09604	0.05851	0.03967	0.42359	0.03790	0.00762	0.01010	0.01390	0.00701	0.00886
3	0.03153	0.06525	0.12306	0.02193	0.03026	0.02529	0.02023	0.18060	0.17463	0.13819	0.03071	0.03123	0.02255	0.04342	0.01211	0.00352	0.01057	0.00984	0.00916	0.01592
4	0.01607	0.01293	0.01912	0.09112	0.02480	0.01560	0.01492	0.01952	0.01672	0.02372	0.02552	0.04027	0.02440	0.13343	0.39945	0.01283	0.08389	0.01105	0.00537	0.00928
5	0.02766	0.01956	0.02409	0.01991	0.02512	0.05278	0.05332	0.06914	0.07312	0.17139	0.10226	0.05054	0.15653	0.01694	0.01388	0.00342	0.08420	0.01358	0.00944	0.01314
6	0.02861	0.01899	0.02210	0.01712	0.02484	0.01717	0.01377	0.09781	0.09263	0.16185	0.03623	0.03526	0.07992	0.01211	0.00939	0.00254	0.00812	0.00980	0.00901	0.30275

[dist]
# distance from previous block
# <min> <max>
2	4

[block]
# block no. 3 follows, 14 sequences, length 44
# corresponding to MSA columns:
# 70-113
name=unknown_D
#
# <colnr> <probs for GDERKNQSTAVLIFYWHMCP>
#	G	D	E	R	K	N	Q	S	T	A	V	L	I	F	Y	W	H	M	C	P
0	0.09561	0.02087	0.03025	0.12422	0.03781	0.02107	0.08839	0.11518	0.02894	0.28873	0.02935	0.02952	0.01963	0.01140	0.01020	0.00324	0.01105	0.00978	0.00937	0.01538
1	0.03270	0.02249	0.03119	0.12927	0.11102	0.02326	0.05001	0.17686	0.05439	0.17265	0.02665	0.02818	0.01887	0.01113	0.01017	0.00307	0.01112	0.00948	0.00857	0.06890
2	0.02174	0.12529	0.03338	0.02297	0.02844	0.02200	0.12823	0.09337	0.02393	0.03191	0.02995	0.16536	0.02976	0.03152	0.15741	0.00660	0.01538	0.01417	0.00680	0.01180
3	0.03404	0.02520	0.03121	0.03425	0.19633	0.06330	0.02169	0.16244	0.12100	0.16100	0.02873	0.02899	0.02086	0.01158	0.01021	0.00313	0.01097	0.00966	0.00890	0.01651
4	0.01368	0.00984	0.01250	0.01336	0.01475	0.00921	0.00934	0.01637	0.02234	0.03021	0.21383	0.30770	0.11044	0.11866	0.01862	0.00472	0.00635	0.05000	0.00957	0.00852
5	0.02377	0.02076	0.03102	0.04142	0.32236	0.02085	0.02276	0.10321	0.02806	0.03870	0.12589	0.04399	0.10525	0.01392	0.01077	0.00314	0.00985	0.01246	0.00752	0.01428
6	0.01783	0.00891	0.01337	0.01337	0.01337	0.00891	0.00891	0.01337	0.01337	0.01783	0.01783	0.03119	0.01783	0.03565	0.04011	0.70143	0.00891	0.00891	0.00446	0.00446
7	0.02525	0.01959	0.02269	0.01982	0.02419	0.02221	0.01569	0.13226	0.17726	0.07612	0.04479	0.12206	0.11068	0.01849	0.01499	0.00365	0.11299	0.01448	0.00928	0.01350
8	0.02082	0.01496	0.01642	0.01540	0.01835	0.01604	0.01110	0.09643	0.14409	0.03556	0.03843	0.16221	0.03745	0.18503	0.02161	0.00511	0.00804	0.01532	0.12663	0.01100
9	0.02528	0.21584	0.03569	0.02243	0.02621	0.11943	0.01911	0.02812	0.01948	0.02446	0.01618	0.02267	0.01516	0.02281	0.10591	0.00529	0.25175	0.00784	0.00473	0.01162
10	0.03471	0.13441	0.12751	0.02449	0.03235	0.33771	0.02195	0.03922	0.02662	0.10157	0.01939	0.02096	0.01482	0.01045	0.00908	0.00275	0.01549	0.00711	0.00599	0.01340
11	0.26274	0.02807	0.17651	0.02041	0.02769	0.02235	0.02056	0.02976	0.02070	0.07439	0.09218	0.02839	0.02460	0.01280	0.01302	0.00343	0.11455	0.00879	0.00657	0.01249
12	0.01544	0.01230	0.01667	0.11806	0.02604	0.01314	0.01369	0.02177	0.09241	0.02846	0.04800	0.44859	0.05365	0.02594	0.01225	0.00395	0.00757	0.02336	0.00880	0.00993
13	0.55741	0.02462	0.10099	0.01621	0.02400	0.02253	0.01542	0.03204	0.01901	0.08532	0.01692	0.01882	0.01250	0.00980	0.00716	0.00319	0.00908	0.00623	0.00654	0.01221
14	0.01248	0.00903	0.01180	0.01402	0.01482	0.00836	0.00941	0.01432	0.01990	0.02630	0.05978	0.59641	0.10204	0.03173	0.01303	0.00412	0.00590	0.02866	0.00953	0.00836
15	0.01547	0.01203	0.01424	0.01342	0.01653	0.01159	0.01014	0.02306	0.09910	0.03834	0.39252	0.07650	0.19588	0.02117	0.01188	0.00332	0.00537	0.01832	0.01078	0.01034
16	0.01488	0.01013	0.01210	0.01210	0.01241	0.01044	0.00735	0.01551	0.01519	0.02057	0.03150	0.06256	0.03531	0.54298	0.14587	0.01107	0.01295	0.01425	0.00609	0.00672
17	0.01390	0.01024	0.01300	0.01278	0.01507	0.00934	0.00940	0.01798	0.02688	0.03710	0.43032	0.16262	0.15663	0.02332	0.01226	0.00340	0.00506	0.02056	0.01079	0.00934
18	0.03106	0.01381	0.01866	0.01624	0.02111	0.01221	0.01257	0.03449	0.02634	0.33115	0.12443	0.22437	0.04908	0.01990	0.01144	0.00349	0.00730	0.01733	0.01152	0.01350
19	0.02718	0.01914	0.02198	0.01804	0.02337	0.02003	0.01442	0.25862	0.03782	0.07763	0.29620	0.05096	0.05725	0.01664	0.01118	0.00316	0.00797	0.01392	0.01089	0.01359
20	0.01887	0.01721	0.01790	0.01716	0.01880	0.10073	0.01259	0.02115	0.01783	0.02288	0.02616	0.04391	0.02643	0.23490	0.29971	0.01150	0.06643	0.01139	0.00561	0.00883
21	0.02311	0.03547	0.22167	0.03896	0.05081	0.02530	0.38475	0.03276	0.02344	0.03276	0.02004	0.02584	0.01478	0.00899	0.01139	0.00340	0.01665	0.01072	0.00493	0.01425
22	0.02378	0.13335	0.11496	0.17132	0.29911	0.02674	0.02932	0.03035	0.02208	0.03018	0.01809	0.02379	0.01472	0.00941	0.00951	0.00301	0.01271	0.00830	0.00475	0.01452
23	0.03161	0.01833	0.02127	0.01757	0.02328	0.01851	0.01373	0.14109	0.11531	0.22156	0.04415	0.04704	0.09652	0.12190	0.01774	0.00440	0.00892	0.01254	0.01032	0.01421
24	0.01285	0.00920	0.01222	0.01405	0.01496	0.00857	0.00955	0.01516	0.02126	0.02876	0.14453	0.53738	0.07283	0.03024	0.01293	0.00401	0.00576	0.02735	0.00983	0.00857
25	0.02867	0.13447	0.11047	0.07598	0.14244	0.02829	0.02402	0.14650	0.10782	0.06730	0.02383	0.02576	0.01806	0.01083	0.00957	0.00304	0.01152	0.00875	0.00714	0.01553
26	0.01676	0.01390	0.02130	0.02901	0.18674	0.01346	0.01628	0.02032	0.02219	0.03068	0.12176	0.36353	0.05637	0.02343	0.01205	0.00368	0.00770	0.02145	0.00843	0.01096
27	0.02048	0.02197	0.11660	0.01981	0.02526	0.01757	0.01777	0.02811	0.08901	0.06805	0.03550	0.23769	0.03570	0.01908	0.01396	0.00350	0.09132	0.01577	0.00777	0.11506
28	0.01611	0.01739	0.09374	0.01811	0.02129	0.01525	0.01583	0.02015	0.01686	0.02439	0.02601	0.04102	0.02500	0.15970	0.38194	0.01266	0.06848	0.01105	0.00539	0.00963
29	0.02254	0.01432	0.01755	0.01553	0.01948	0.01395	0.01197	0.11189	0.03066	0.11537	0.30214	0.14632	0.09588	0.02033	0.01170	0.00335	0.00666	0.01761	0.01095	0.01181
30	0.02669	0.55253	0.05044	0.01896	0.02643	0.03924	0.01829	0.02983	0.02009	0.02423	0.01415	0.01736	0.01321	0.01015	0.01063	0.00254	0.10195	0.00601	0.00440	0.01288
31	0.02411	0.32531	0.24176	0.02338	0.03295	0.03299	0.02573	0.03033	0.02027	0.02725	0.01563	0.01936	0.01316	0.01070	0.01237	0.00297	0.11694	0.00684	0.00439	0.01356
32	0.01861	0.01054	0.01384	0.01451	0.01627	0.00973	0.00998	0.02050	0.02061	0.12057	0.05019	0.44583	0.05603	0.11944	0.01846	0.00486	0.00703	0.02382	0.00958	0.00958
33	0.01250	0.00893	0.01191	0.01429	0.01488	0.00834	0.00953	0.01429	0.01965	0.02620	0.05656	0.63265	0.06787	0.03215	0.01310	0.00417	0.00595	0.02917	0.00953	0.00834
34	0.07298	0.02514	0.12801	0.10783	0.12782	0.02049	0.02304	0.05492	0.06432	0.13550	0.10653	0.03468	0.02980	0.01232	0.01018	0.00323	0.01059	0.01042	0.00787	0.01434
35	0.02819	0.02780	0.03316	0.15160	0.07828	0.14585	0.09872	0.08139	0.12401	0.05464	0.02589	0.03240	0.02057	0.01197	0.01057	0.00328	0.01350	0.03745	0.00699	0.01373
36	0.02053	0.01422	0.01708	0.01547	0.01879	0.01440	0.01179	0.09356	0.06940	0.06742	0.29167	0.06632	0.06394	0.12545	0.01869	0.00451	0.00744	0.05816	0.01013	0.01102
37	0.02556	0.02707	0.03996	0.20500	0.26338	0.11327	0.11567	0.03176	0.02362	0.03011	0.01873	0.02526	0.01496	0.00959	0.01038	0.00316	0.01445	0.00925	0.00499	0.01384
38	0.02701	0.23339	0.15244	0.07736	0.05616	0.02575	0.02156	0.03292	0.02263	0.12208	0.02300	0.02533	0.01732	0.01027	0.00847	0.00277	0.01087	0.00785	0.10908	0.01374
39	0.03592	0.02809	0.14815	0.02914	0.12510	0.02126	0.02349	0.12283	0.02976	0.28683	0.02957	0.02879	0.01989	0.01140	0.01016	0.00315	0.01112	0.00936	0.00921	0.01676
40	0.01555	0.00989	0.01095	0.01095	0.01131	0.00989	0.00636	0.01626	0.01591	0.02264	0.03250	0.06284	0.03567	0.54571	0.04551	0.00882	0.00918	0.01412	0.10921	0.00672
41	0.03221	0.01596	0.02021	0.01637	0.02223	0.01477	0.01314	0.09211	0.03042	0.28892	0.20356	0.04656	0.04658	0.01498	0.01051	0.00305	0.00744	0.01255	0.06433	0.04409
42	0.07866	0.11993	0.10768	0.02918	0.14639	0.04769	0.02182	0.06300	0.04979	0.10490	0.02183	0.02379	0.01664	0.00988	0.00890	0.00274	0.01096	0.00782	0.00665	0.12176
43	0.05179	0.01538	0.04577	0.10908	0.02762	0.01521	0.01572	0.02173	0.02123	0.03121	0.16813	0.07680	0.04224	0.03483	0.19186	0.00730	0.04077	0.01281	0.00709	0.06342

[dist]
# distance from previous block
# <min> <max>
8	31

[block]
# block no. 4 follows, 14 sequences, length 18
# corresponding to MSA columns:
# 146-163
name=unknown_E
#
# <colnr> <probs for GDERKNQSTAVLIFYWHMCP>
#	G	D	E	R	K	N	Q	S	T	A	V	L	I	F	Y	W	H	M	C	P
0	0.03090	0.13864	0.03509	0.06131	0.15217	0.02630	0.02058	0.16045	0.02944	0.11033	0.02223	0.02424	0.01686	0.01015	0.00915	0.00269	0.01065	0.00816	0.00737	0.12328
1	0.10946	0.09090	0.17537	0.02381	0.03302	0.02184	0.10833	0.03329	0.02416	0.13878	0.11132	0.03296	0.02913	0.01181	0.00991	0.00315	0.01134	0.01019	0.00744	0.01380
2	0.01492	0.00995	0.01119	0.01119	0.01119	0.00995	0.00622	0.01492	0.01492	0.01990	0.03233	0.06716	0.03731	0.63935	0.05223	0.00995	0.00995	0.01492	0.00622	0.00622
3	0.11249	0.27434	0.06639	0.08803	0.02995	0.02814	0.01771	0.03073	0.08602	0.03136	0.06002	0.08543	0.02619	0.01286	0.00865	0.00295	0.00989	0.01000	0.00637	0.01247
4	0.14256	0.21341	0.06224	0.11681	0.03266	0.02554	0.01788	0.03017	0.02152	0.07812	0.05046	0.02443	0.01913	0.01007	0.00813	0.00266	0.01006	0.00748	0.00612	0.12056
5	0.02726	0.02616	0.06835	0.02530	0.06205	0.08730	0.07940	0.07451	0.15752	0.09076	0.06298	0.03850	0.08158	0.01327	0.01048	0.00313	0.01093	0.01137	0.00834	0.06081
6	0.09432	0.01079	0.01185	0.01235	0.01325	0.01099	0.00773	0.01649	0.01658	0.02472	0.03724	0.22428	0.04310	0.39202	0.03568	0.00750	0.00857	0.01795	0.00719	0.00739
7	0.10338	0.03882	0.26416	0.03188	0.07204	0.08402	0.15156	0.03472	0.06096	0.03419	0.01996	0.02362	0.01493	0.00981	0.00995	0.00323	0.01452	0.00872	0.00535	0.01418
8	0.03239	0.01897	0.02957	0.25037	0.13949	0.01962	0.02301	0.03781	0.02499	0.27678	0.02840	0.03041	0.01939	0.01116	0.01027	0.00324	0.01120	0.00966	0.00830	0.01497
9	0.01909	0.01463	0.01880	0.07583	0.02475	0.01606	0.01454	0.02637	0.10897	0.06960	0.05208	0.23871	0.13256	0.02265	0.01451	0.00386	0.07997	0.04716	0.00882	0.01106
10	0.01946	0.01567	0.01970	0.12212	0.02921	0.01711	0.01559	0.08508	0.12563	0.03425	0.04786	0.25612	0.09454	0.02170	0.01175	0.00375	0.00850	0.05151	0.00891	0.01153
11	0.10284	0.09371	0.03439	0.20051	0.15230	0.02351	0.07303	0.02943	0.02171	0.07071	0.02336	0.08760	0.02049	0.01205	0.00984	0.00323	0.01159	0.01074	0.00602	0.01293
12	0.02504	0.15022	0.21220	0.09232	0.08222	0.02831	0.13718	0.09162	0.02520	0.03424	0.01892	0.02318	0.01441	0.00965	0.00980	0.00308	0.01401	0.00862	0.00530	0.01447
13	0.02748	0.01426	0.01687	0.01476	0.01931	0.01365	0.01149	0.09372	0.02706	0.19624	0.04667	0.14429	0.09641	0.01733	0.01007	0.00314	0.00700	0.01452	0.21321	0.01253
14	0.01931	0.04015	0.39621	0.02941	0.09878	0.02050	0.03071	0.02839	0.02180	0.03138	0.03187	0.10226	0.07757	0.01401	0.01044	0.00336	0.01271	0.01177	0.00557	0.01381
15	0.16173	0.02860	0.10615	0.08432	0.09629	0.08236	0.02183	0.09389	0.05268	0.14149	0.02346	0.02503	0.01685	0.01082	0.00935	0.00314	0.01165	0.00833	0.00747	0.01455
16	0.10622	0.02049	0.02977	0.18518	0.08612	0.02203	0.07379	0.11724	0.02664	0.11421	0.02687	0.09811	0.02248	0.01319	0.01034	0.00336	0.01126	0.01158	0.00757	0.01354
17	0.03813	0.02222	0.02507	0.02024	0.02620	0.07660	0.01623	0.12307	0.02933	0.31860	0.03143	0.03348	0.02272	0.07784	0.01730	0.00396	0.08253	0.01010	0.00993	0.01501

[dist]
# distance from previous block
# <min> <max>
13	96

[block]
# block no. 5 follows, 14 sequences, length 10
# corresponding to MSA columns:
# 282-291
name=unknown_F
#
# <colnr> <probs for GDERKNQSTAVLIFYWHMCP>
#	G	D	E	R	K	N	Q	S	T	A	V	L	I	F	Y	W	H	M	C	P
0	0.07631	0.02299	0.05988	0.02027	0.02726	0.04323	0.04341	0.13780	0.08274	0.11337	0.08695	0.09176	0.03201	0.01417	0.01017	0.00307	0.00956	0.01185	0.00897	0.10423
1	0.24048	0.08742	0.02933	0.02321	0.07135	0.02421	0.06828	0.08528	0.06996	0.12078	0.06430	0.02824	0.02305	0.01130	0.00901	0.00311	0.00978	0.00905	0.00795	0.01390
2	0.16092	0.02969	0.02519	0.08652	0.03194	0.19942	0.01783	0.14330	0.05773	0.06711	0.06521	0.02700	0.02210	0.01184	0.00938	0.00304	0.01232	0.00866	0.00759	0.01320
3	0.13025	0.02736	0.11862	0.08121	0.03460	0.02375	0.02107	0.19819	0.03154	0.19540	0.02588	0.02614	0.01763	0.01140	0.00965	0.00318	0.01100	0.00873	0.00883	0.01558
4	0.10568	0.01112	0.01210	0.01224	0.01344	0.01134	0.00783	0.01728	0.01761	0.02672	0.09143	0.16441	0.04576	0.38082	0.03485	0.00730	0.00842	0.01668	0.00738	0.00761
5	0.02795	0.39682	0.04147	0.01859	0.02580	0.10755	0.01676	0.08435	0.02619	0.03139	0.10757	0.02756	0.02748	0.01141	0.00824	0.00252	0.01098	0.00820	0.00627	0.01288
6	0.01972	0.07955	0.01922	0.01395	0.01812	0.01394	0.01064	0.02278	0.02261	0.08458	0.16022	0.13003	0.09554	0.13104	0.01803	0.00420	0.00744	0.01530	0.00852	0.12456
7	0.03959	0.03097	0.02982	0.02355	0.03125	0.12393	0.01912	0.40973	0.04321	0.10935	0.02475	0.02464	0.01754	0.01207	0.01010	0.00302	0.01223	0.00891	0.00968	0.01653
8	0.11323	0.01999	0.02804	0.03698	0.26473	0.02078	0.02084	0.07959	0.05803	0.03696	0.03047	0.18561	0.03031	0.01590	0.01047	0.00339	0.00964	0.01414	0.00729	0.01361
9	0.02389	0.13164	0.02392	0.01672	0.02112	0.06624	0.01319	0.06699	0.02468	0.10185	0.04624	0.27918	0.10206	0.02121	0.01088	0.00338	0.00863	0.01800	0.00871	0.01149

[dist]
# distance from previous block
# <min> <max>
30	142

[block]
# block no. 6 follows, 14 sequences, length 9
# corresponding to MSA columns:
# 453-461
name=unknown_G
#
# <colnr> <probs for GDERKNQSTAVLIFYWHMCP>
#	G	D	E	R	K	N	Q	S	T	A	V	L	I	F	Y	W	H	M	C	P
0	0.01597	0.09564	0.07924	0.01571	0.01930	0.01459	0.01334	0.01960	0.02181	0.02957	0.16571	0.30698	0.05907	0.07822	0.01516	0.00411	0.00768	0.02006	0.00843	0.00982
1	0.08474	0.09536	0.02095	0.01614	0.01973	0.01871	0.01227	0.08006	0.08940	0.03338	0.03927	0.29509	0.04223	0.08774	0.01519	0.00424	0.00806	0.01804	0.00841	0.01096
2	0.21608	0.02840	0.16398	0.02036	0.02905	0.02189	0.02007	0.12685	0.02673	0.15040	0.02638	0.08076	0.02090	0.01284	0.00935	0.00327	0.01035	0.00990	0.00811	0.01430
3	0.10281	0.02663	0.09582	0.02044	0.02812	0.02456	0.01843	0.29879	0.03635	0.05138	0.09173	0.03831	0.09409	0.01434	0.01021	0.00318	0.00997	0.01120	0.00911	0.01454
4	0.01545	0.01494	0.08548	0.01494	0.01707	0.01100	0.01189	0.01666	0.01700	0.02313	0.03545	0.23650	0.04014	0.24152	0.03173	0.14624	0.00912	0.01737	0.00669	0.00769
5	0.09624	0.01435	0.02024	0.01719	0.02163	0.01387	0.07651	0.02689	0.02490	0.10797	0.20868	0.08376	0.05037	0.01634	0.01043	0.00321	0.00754	0.04094	0.14769	0.01124
6	0.11203	0.02387	0.02864	0.35693	0.05229	0.08697	0.02358	0.13180	0.02664	0.03631	0.01877	0.02452	0.01407	0.01062	0.00966	0.00324	0.01300	0.00843	0.00601	0.01263
7	0.03151	0.08478	0.03440	0.12612	0.13529	0.05961	0.02278	0.26442	0.06366	0.04572	0.02214	0.02488	0.01676	0.01108	0.00986	0.00305	0.01202	0.00884	0.00760	0.01549
8	0.01281	0.00940	0.01210	0.01413	0.01530	0.00869	0.00990	0.01497	0.02055	0.02682	0.06335	0.50791	0.14127	0.03090	0.01305	0.00411	0.00615	0.07057	0.00952	0.00848

[dist]
# distance from previous block
# <min> <max>
4	8

[block]
# block no. 7 follows, 14 sequences, length 67
# corresponding to MSA columns:
# 470-536
name=unknown_H
#
# <colnr> <probs for GDERKNQSTAVLIFYWHMCP>
#	G	D	E	R	K	N	Q	S	T	A	V	L	I	F	Y	W	H	M	C	P
0	0.03650	0.02115	0.02817	0.02700	0.10913	0.02194	0.01912	0.10758	0.10176	0.29538	0.03233	0.03120	0.02245	0.01290	0.01302	0.00334	0.08063	0.01003	0.00999	0.01639
1	0.01241	0.00930	0.01152	0.01330	0.01462	0.00842	0.00909	0.01440	0.02060	0.02658	0.06858	0.49722	0.19554	0.03059	0.01285	0.00399	0.00576	0.02727	0.00953	0.00842
2	0.03180	0.06720	0.06384	0.02339	0.03038	0.03041	0.02014	0.29562	0.15698	0.04968	0.02599	0.02677	0.01954	0.01308	0.01326	0.00332	0.09449	0.00941	0.00878	0.01591
3	0.02231	0.07439	0.28887	0.26389	0.05258	0.02388	0.03122	0.03108	0.02169	0.06782	0.01962	0.02456	0.01415	0.01010	0.00979	0.00325	0.01385	0.00826	0.00501	0.01368
4	0.02857	0.12129	0.26416	0.02549	0.03655	0.02639	0.06214	0.11271	0.07398	0.11489	0.02412	0.02516	0.01724	0.01071	0.00970	0.00310	0.01263	0.00860	0.00701	0.01556
5	0.03037	0.48907	0.04795	0.01909	0.02773	0.03838	0.01805	0.16019	0.02780	0.03443	0.01690	0.01854	0.01426	0.00968	0.00752	0.00242	0.01106	0.00644	0.00588	0.01426
6	0.01335	0.00981	0.01199	0.01265	0.01425	0.00902	0.00872	0.01588	0.02231	0.02970	0.20456	0.28514	0.17436	0.11854	0.01847	0.00463	0.00609	0.02257	0.00952	0.00846
7	0.02422	0.02915	0.20647	0.11111	0.11987	0.01987	0.05686	0.03151	0.02335	0.12120	0.05779	0.09967	0.02686	0.01338	0.01064	0.00335	0.01194	0.01187	0.00689	0.01400
8	0.02598	0.02102	0.02380	0.01743	0.02631	0.01849	0.01411	0.16238	0.02843	0.04172	0.01994	0.02217	0.01580	0.00885	0.00831	0.00193	0.00858	0.00692	0.00719	0.52067
9	0.02887	0.01360	0.01783	0.01526	0.02022	0.01194	0.01196	0.03264	0.02733	0.29370	0.19569	0.12459	0.12483	0.01905	0.01138	0.00334	0.00686	0.01632	0.01151	0.01307
10	0.01491	0.01161	0.01472	0.04980	0.02020	0.01170	0.01211	0.02068	0.08326	0.02899	0.05940	0.37777	0.13449	0.02732	0.01263	0.00402	0.00702	0.09040	0.00934	0.00963
11	0.02919	0.03294	0.23712	0.02358	0.03299	0.05960	0.05238	0.03723	0.05464	0.19614	0.02826	0.03298	0.02129	0.09738	0.01590	0.00413	0.01246	0.00983	0.00757	0.01439
12	0.06798	0.14270	0.16568	0.02510	0.06679	0.02861	0.02310	0.16533	0.10907	0.07334	0.02386	0.02471	0.01773	0.01097	0.00928	0.00303	0.01140	0.00838	0.00741	0.01552
13	0.01424	0.01017	0.01277	0.01419	0.01542	0.00977	0.01026	0.01639	0.01980	0.02578	0.05453	0.26962	0.11526	0.20457	0.02450	0.00589	0.00795	0.15228	0.00856	0.00807
14	0.02533	0.02458	0.04278	0.06181	0.54424	0.02448	0.06169	0.03158	0.02342	0.03349	0.01939	0.02553	0.01621	0.00911	0.01028	0.00307	0.01250	0.00932	0.00509	0.01611
15	0.02196	0.02020	0.03051	0.15347	0.22800	0.02270	0.02380	0.03127	0.11817	0.03166	0.02806	0.11853	0.02587	0.01470	0.01340	0.00354	0.08155	0.01256	0.00655	0.01352
16	0.02658	0.02699	0.03934	0.09698	0.47286	0.09525	0.02984	0.03230	0.02388	0.03198	0.01880	0.02468	0.01570	0.00940	0.01005	0.00302	0.01308	0.00883	0.00507	0.01538
17	0.01280	0.00906	0.01182	0.01391	0.01443	0.00853	0.00912	0.01437	0.01906	0.02542	0.05356	0.56269	0.06409	0.10727	0.01794	0.00488	0.00645	0.02741	0.00912	0.00807
18	0.01728	0.01280	0.01689	0.01824	0.02101	0.01309	0.01548	0.02485	0.08643	0.03369	0.12992	0.10091	0.06148	0.02557	0.01343	0.00436	0.00861	0.37587	0.00984	0.01027
19	0.02652	0.04505	0.29808	0.03475	0.11497	0.18103	0.09025	0.03472	0.02422	0.03067	0.01811	0.02202	0.01381	0.00976	0.00994	0.00308	0.01592	0.00806	0.00480	0.01427
20	0.02172	0.02063	0.03501	0.39985	0.26720	0.02342	0.02967	0.02827	0.02163	0.02907	0.01865	0.02660	0.01468	0.00983	0.01022	0.00328	0.01310	0.00913	0.00476	0.01329
21	0.03833	0.04891	0.02908	0.02644	0.03173	0.59815	0.01983	0.04098	0.02908	0.02512	0.01586	0.01851	0.01322	0.01058	0.00925	0.00264	0.01851	0.00661	0.00529	0.01190
22	0.01452	0.01049	0.01372	0.01291	0.01533	0.00968	0.00968	0.01937	0.02905	0.04115	0.56992	0.07666	0.09683	0.02098	0.01210	0.00323	0.00484	0.01856	0.01130	0.00968
23	0.04084	0.01863	0.02366	0.01892	0.02632	0.01773	0.01538	0.05116	0.16316	0.44559	0.04081	0.03578	0.02691	0.01301	0.01035	0.00325	0.00858	0.01065	0.01213	0.01715
24	0.02526	0.04691	0.44530	0.02782	0.04122	0.02586	0.03325	0.16152	0.02841	0.04066	0.01999	0.02242	0.01413	0.01040	0.00988	0.00321	0.01418	0.00800	0.00584	0.01575
25	0.10978	0.15098	0.33407	0.02391	0.03541	0.02700	0.02763	0.03518	0.10096	0.03426	0.02064	0.02258	0.01553	0.01017	0.00885	0.00308	0.01245	0.00755	0.00551	0.01446
26	0.01246	0.01041	0.01085	0.01074	0.01406	0.00880	0.00806	0.01536	0.02417	0.02957	0.16798	0.09572	0.50600	0.02530	0.01213	0.00343	0.00515	0.02123	0.00977	0.00880
27	0.04508	0.01901	0.02477	0.01899	0.02697	0.01738	0.01569	0.11749	0.03197	0.51130	0.03831	0.03352	0.02431	0.01265	0.01031	0.00316	0.00908	0.01017	0.01237	0.01746
28	0.02645	0.24914	0.27585	0.02270	0.03372	0.02815	0.02566	0.05852	0.02405	0.09552	0.05273	0.02484	0.01971	0.01056	0.00889	0.00287	0.01217	0.00792	0.00603	0.01453
29	0.02459	0.02472	0.03452	0.10739	0.14881	0.10717	0.12456	0.06470	0.02538	0.03217	0.02846	0.10803	0.02731	0.01493	0.01132	0.00348	0.01317	0.07999	0.00655	0.01275
30	0.01340	0.00989	0.01254	0.01305	0.01494	0.00902	0.00934	0.01676	0.02466	0.03350	0.30656	0.28978	0.15678	0.02594	0.01248	0.00362	0.00531	0.02303	0.01036	0.00902
31	0.01767	0.01045	0.01151	0.01115	0.01375	0.01028	0.00839	0.02347	0.04814	0.03889	0.20337	0.05291	0.07312	0.01548	0.00907	0.00275	0.00497	0.01299	0.42176	0.00986
32	0.02555	0.20647	0.25292	0.02932	0.11542	0.02814	0.02722	0.03564	0.08445	0.06994	0.02166	0.02364	0.01653	0.01008	0.00906	0.00295	0.01229	0.00790	0.00575	0.01506
33	0.03434	0.03492	0.17168	0.02504	0.03502	0.02980	0.02418	0.41210	0.04151	0.05651	0.02306	0.02388	0.01632	0.01167	0.01013	0.00312	0.01228	0.00882	0.00876	0.01687
34	0.01923	0.01153	0.01523	0.01371	0.01695	0.01049	0.01049	0.02395	0.02910	0.12204	0.49080	0.07042	0.08616	0.01974	0.01184	0.00322	0.00542	0.01733	0.01151	0.01085
35	0.18275	0.02171	0.02431	0.01904	0.02674	0.02230	0.01572	0.20901	0.03316	0.29841	0.02975	0.02770	0.01978	0.01191	0.00947	0.00314	0.00942	0.00897	0.01057	0.01613
36	0.02605	0.01889	0.03063	0.22822	0.04462	0.01965	0.11072	0.03390	0.07228	0.16144	0.03892	0.04088	0.10171	0.01324	0.01090	0.00338	0.01137	0.01203	0.00788	0.01330
37	0.10009	0.02813	0.03624	0.06530	0.17367	0.08580	0.09967	0.20743	0.03190	0.04417	0.02044	0.02399	0.01561	0.01040	0.01002	0.00311	0.01294	0.00900	0.00700	0.01510
38	0.01250	0.00893	0.01191	0.01429	0.01488	0.00834	0.00953	0.01429	0.01965	0.02620	0.05656	0.63265	0.06787	0.03215	0.01310	0.00417	0.00595	0.02917	0.00953	0.00834
39	0.01700	0.02882	0.25187	0.09397	0.03394	0.01682	0.02341	0.02425	0.02276	0.03165	0.13284	0.13394	0.11272	0.01737	0.01105	0.00343	0.01042	0.01486	0.00708	0.01182
40	0.61119	0.02419	0.01717	0.01543	0.02162	0.10897	0.01242	0.03178	0.01920	0.04292	0.01452	0.01694	0.01143	0.00968	0.00678	0.00310	0.00952	0.00571	0.00619	0.01123
41	0.02553	0.02788	0.04431	0.17529	0.18656	0.11035	0.21660	0.03223	0.02389	0.03037	0.01909	0.02566	0.01496	0.00943	0.01077	0.00322	0.01536	0.00986	0.00503	0.01361
42	0.02323	0.02642	0.11096	0.19176	0.29262	0.02408	0.02934	0.03374	0.10212	0.03294	0.02227	0.02731	0.01741	0.01022	0.01017	0.00323	0.01237	0.00929	0.00565	0.01487
43	0.01263	0.00953	0.01168	0.01301	0.01464	0.00859	0.00905	0.01501	0.02181	0.02837	0.12984	0.41487	0.21560	0.02908	0.01270	0.00386	0.00561	0.02578	0.00973	0.00859
44	0.11493	0.02103	0.02387	0.01941	0.02660	0.02193	0.01574	0.13541	0.18261	0.27539	0.03508	0.03200	0.02407	0.01262	0.00989	0.00325	0.00892	0.00995	0.01090	0.01639
45	0.10023	0.02619	0.02736	0.02195	0.02937	0.02938	0.01787	0.36860	0.17429	0.05737	0.02799	0.02734	0.02036	0.01246	0.00993	0.00319	0.01017	0.00948	0.00993	0.01654
46	0.01456	0.00980	0.01130	0.01166	0.01174	0.00971	0.00671	0.01483	0.01563	0.02084	0.03595	0.15166	0.04188	0.54861	0.04638	0.00909	0.00935	0.01705	0.00671	0.00653
47	0.02838	0.02879	0.10697	0.02538	0.03366	0.02706	0.08078	0.18189	0.28244	0.04627	0.03144	0.03104	0.02319	0.01230	0.01049	0.00334	0.01102	0.01046	0.00894	0.01615
48	0.21340	0.02405	0.03102	0.14485	0.03982	0.02674	0.09658	0.22258	0.03072	0.04705	0.01997	0.02351	0.01470	0.01060	0.00949	0.00323	0.01178	0.00866	0.00729	0.01397
49	0.01404	0.01012	0.01328	0.01324	0.01522	0.00936	0.00965	0.01815	0.02679	0.03756	0.44672	0.21008	0.08988	0.02366	0.01234	0.00345	0.00511	0.02111	0.01087	0.00936
50	0.03582	0.02214	0.02671	0.02330	0.06039	0.02292	0.01810	0.27812	0.03723	0.19947	0.05997	0.04263	0.02925	0.01487	0.01090	0.00334	0.01007	0.07828	0.01057	0.01590
51	0.03333	0.02274	0.02775	0.02713	0.10966	0.02421	0.01895	0.15493	0.24101	0.17552	0.03441	0.03261	0.02466	0.01257	0.01033	0.00326	0.00956	0.01042	0.01014	0.01680
52	0.01838	0.01142	0.01358	0.01318	0.01622	0.01029	0.00986	0.02100	0.02268	0.10873	0.09788	0.12119	0.25902	0.14631	0.02015	0.00490	0.00722	0.07895	0.00943	0.00960
53	0.01389	0.01024	0.01299	0.01277	0.01506	0.00934	0.00940	0.01797	0.02687	0.03707	0.42919	0.16278	0.15767	0.02334	0.01226	0.00340	0.00506	0.02057	0.01079	0.00934
54	0.02085	0.11238	0.03487	0.25460	0.07728	0.02501	0.06942	0.02597	0.01989	0.02646	0.02064	0.06255	0.01852	0.01994	0.08167	0.00493	0.09804	0.01024	0.00502	0.01171
55	0.02563	0.02554	0.06983	0.25158	0.08957	0.05087	0.14878	0.08020	0.05940	0.06464	0.02217	0.02743	0.01639	0.01034	0.01064	0.00332	0.01390	0.00987	0.00613	0.01378
56	0.03906	0.02007	0.02456	0.01919	0.02639	0.01969	0.01571	0.20429	0.03543	0.33407	0.11448	0.03784	0.03350	0.01381	0.01057	0.00315	0.00898	0.01120	0.01170	0.01630
57	0.01437	0.01011	0.01293	0.01354	0.01484	0.00968	0.00956	0.01712	0.02220	0.03036	0.23161	0.21998	0.06883	0.19072	0.02338	0.00546	0.00706	0.08061	0.00926	0.00838
58	0.01968	0.04672	0.50063	0.02681	0.04007	0.02172	0.03370	0.03054	0.02277	0.03379	0.10083	0.02988	0.02553	0.01143	0.01010	0.00325	0.01362	0.00922	0.00537	0.01435
59	0.02410	0.20888	0.38090	0.02626	0.03902	0.02796	0.05932	0.03306	0.02204	0.06205	0.01871	0.02137	0.01391	0.00960	0.00906	0.00297	0.01379	0.00743	0.00488	0.01469
60	0.04316	0.02493	0.02632	0.02080	0.02841	0.10633	0.01688	0.16931	0.03397	0.37196	0.03291	0.02995	0.02163	0.01229	0.01015	0.00307	0.01082	0.00950	0.01100	0.01663
61	0.01274	0.00932	0.01198	0.01365	0.01483	0.00856	0.00935	0.01504	0.02137	0.02843	0.13260	0.49419	0.13037	0.02990	0.01285	0.00396	0.00571	0.02684	0.00977	0.00856
62	0.02393	0.01918	0.02104	0.01811	0.02313	0.02090	0.01435	0.16812	0.17560	0.04362	0.13027	0.05480	0.17332	0.01784	0.01238	0.00339	0.04227	0.01441	0.00996	0.01338
63	0.20599	0.02008	0.03102	0.36791	0.05449	0.02333	0.09998	0.02827	0.02025	0.03254	0.01756	0.02454	0.01327	0.00982	0.00949	0.00336	0.01268	0.00861	0.00513	0.01169
64	0.01246	0.01041	0.01085	0.01074	0.01406	0.00880	0.00806	0.01536	0.02417	0.02957	0.16798	0.09572	0.50600	0.02530	0.01213	0.00343	0.00515	0.02123	0.00977	0.00880
65	0.01250	0.00893	0.01191	0.01429	0.01488	0.00834	0.00953	0.01429	0.01965	0.02620	0.05656	0.63265	0.06787	0.03215	0.01310	0.00417	0.00595	0.02917	0.00953	0.00834
66	0.03275	0.02931	0.02696	0.02278	0.02917	0.14093	0.01803	0.24545	0.20926	0.04682	0.02872	0.02900	0.02174	0.01701	0.05119	0.00406	0.01281	0.00962	0.00900	0.01537

[dist]
# distance from previous block
# <min> <max>
0	1

[block]
# block no. 8 follows, 14 sequences, length 13
# corresponding to MSA columns:
# 538-550
name=unknown_I
#
# <colnr> <probs for GDERKNQSTAVLIFYWHMCP>
#	G	D	E	R	K	N	Q	S	T	A	V	L	I	F	Y	W	H	M	C	P
0	0.02877	0.02093	0.03311	0.09402	0.32496	0.02096	0.02475	0.03564	0.05976	0.16156	0.02842	0.07351	0.02299	0.01209	0.01044	0.00322	0.01078	0.01106	0.00751	0.01553
1	0.02029	0.01917	0.03242	0.53127	0.14698	0.02304	0.02895	0.02702	0.02095	0.02732	0.01840	0.02706	0.01407	0.01009	0.01024	0.00336	0.01345	0.00912	0.00464	0.01213
2	0.03529	0.02534	0.03584	0.03434	0.16087	0.02599	0.08917	0.25770	0.03553	0.15617	0.02603	0.02726	0.01851	0.01117	0.01049	0.00314	0.01178	0.00981	0.00887	0.01670
3	0.01352	0.01045	0.01233	0.01186	0.01472	0.00926	0.00890	0.01743	0.02669	0.03555	0.37543	0.08588	0.29481	0.02307	0.01211	0.00333	0.00499	0.01985	0.01056	0.00926
4	0.02744	0.64552	0.05378	0.01756	0.02634	0.04061	0.01756	0.03073	0.02085	0.02414	0.01427	0.01646	0.01317	0.00878	0.00658	0.00219	0.01097	0.00549	0.00439	0.01317
5	0.01368	0.01023	0.01270	0.01256	0.01494	0.00925	0.00924	0.01756	0.02636	0.03589	0.38832	0.16565	0.19831	0.02379	0.01226	0.00342	0.00509	0.02086	0.01063	0.00925
6	0.01250	0.00893	0.01191	0.01429	0.01488	0.00834	0.00953	0.01429	0.01965	0.02620	0.05656	0.63265	0.06787	0.03215	0.01310	0.00417	0.00595	0.02917	0.00953	0.00834
7	0.01950	0.01756	0.02574	0.29374	0.04469	0.02153	0.02182	0.02800	0.10090	0.02880	0.02963	0.13161	0.02810	0.01679	0.01477	0.00381	0.10875	0.04621	0.00657	0.01148
8	0.07489	0.29253	0.32622	0.02330	0.03520	0.03062	0.02761	0.03160	0.02102	0.03010	0.01641	0.01917	0.01293	0.00934	0.00820	0.00281	0.01292	0.00658	0.00451	0.01405
9	0.01339	0.01045	0.01215	0.01172	0.01464	0.00920	0.00879	0.01718	0.02638	0.03481	0.34993	0.08709	0.32077	0.02334	0.01212	0.00334	0.00501	0.02002	0.01046	0.00920
10	0.13163	0.02615	0.03505	0.14495	0.18977	0.10965	0.10135	0.03356	0.02346	0.08037	0.01989	0.02458	0.01524	0.00986	0.00978	0.00315	0.01325	0.00877	0.00589	0.01367
11	0.02793	0.02572	0.11242	0.12650	0.16135	0.02238	0.02464	0.11081	0.06256	0.12369	0.02789	0.08014	0.02247	0.01277	0.01043	0.00329	0.01138	0.01101	0.00762	0.01500
12	0.03825	0.02006	0.02697	0.02077	0.02819	0.01928	0.05595	0.16496	0.03356	0.33757	0.10861	0.03764	0.03261	0.01344	0.01069	0.00318	0.00948	0.01134	0.01133	0.01610

[dist]
# distance from previous block
# <min> <max>
0	8

[block]
# block no. 9 follows, 14 sequences, length 151
# corresponding to MSA columns:
# 559-648,654-663,671-681,720-759
name=unknown_J
#
# <colnr> <probs for GDERKNQSTAVLIFYWHMCP>
#	G	D	E	R	K	N	Q	S	T	A	V	L	I	F	Y	W	H	M	C	P
0	0.10656	0.06320	0.05950	0.02181	0.07917	0.01833	0.01667	0.03829	0.02500	0.30927	0.06430	0.03570	0.02695	0.07398	0.01384	0.00377	0.00942	0.01016	0.00945	0.01464
1	0.02688	0.02236	0.03460	0.25686	0.26064	0.02439	0.02726	0.11546	0.02687	0.07426	0.02127	0.02666	0.01614	0.01033	0.01023	0.00320	0.01235	0.00923	0.00628	0.01475
2	0.50389	0.02108	0.02093	0.07930	0.08106	0.02407	0.01575	0.08398	0.02161	0.04480	0.01627	0.01944	0.01255	0.00986	0.00753	0.00318	0.00929	0.00666	0.00646	0.01232
3	0.02198	0.02160	0.03877	0.35597	0.22296	0.02378	0.10907	0.02888	0.02197	0.02950	0.01896	0.02681	0.01477	0.00967	0.01052	0.00331	0.01379	0.00959	0.00482	0.01327
4	0.02061	0.01747	0.02053	0.01497	0.02343	0.01328	0.01192	0.02520	0.02205	0.03420	0.07275	0.02675	0.02326	0.00892	0.00804	0.00169	0.00733	0.00731	0.00660	0.63367
5	0.01469	0.01089	0.01597	0.01597	0.01762	0.01254	0.01217	0.01799	0.01634	0.02343	0.02797	0.04299	0.02682	0.13295	0.54429	0.01584	0.02574	0.01139	0.00557	0.00887
6	0.01689	0.01336	0.01556	0.01451	0.01794	0.01348	0.01102	0.02742	0.16008	0.03947	0.36405	0.07057	0.15561	0.02001	0.01169	0.00333	0.00572	0.01731	0.01080	0.01116
7	0.01230	0.01040	0.01064	0.01058	0.01397	0.00874	0.00794	0.01507	0.02381	0.02871	0.13824	0.09714	0.53628	0.02562	0.01213	0.00345	0.00517	0.02143	0.00966	0.00874
8	0.02001	0.01371	0.01674	0.01543	0.01900	0.01376	0.01173	0.03007	0.15058	0.09397	0.34398	0.11853	0.07166	0.01962	0.01164	0.00337	0.00610	0.01717	0.01106	0.01185
9	0.01492	0.00995	0.01119	0.01119	0.01119	0.00995	0.00622	0.01492	0.01492	0.01990	0.03233	0.06716	0.03731	0.63935	0.05223	0.00995	0.00995	0.01492	0.00622	0.00622
10	0.01600	0.01019	0.01239	0.01184	0.01425	0.00965	0.00888	0.02082	0.02664	0.04023	0.39842	0.06438	0.07428	0.01809	0.01053	0.00296	0.00482	0.01568	0.23029	0.00965
11	0.71184	0.01985	0.01508	0.01350	0.01985	0.02302	0.01111	0.03017	0.01746	0.04604	0.01429	0.01667	0.01111	0.00953	0.00635	0.00318	0.00794	0.00556	0.00635	0.01111
12	0.01452	0.01049	0.01372	0.01291	0.01533	0.00968	0.00968	0.01937	0.02905	0.04115	0.56992	0.07666	0.09683	0.02098	0.01210	0.00323	0.00484	0.01856	0.01130	0.00968
13	0.03833	0.04891	0.02908	0.02644	0.03173	0.59815	0.01983	0.04098	0.02908	0.02512	0.01586	0.01851	0.01322	0.01058	0.00925	0.00264	0.01851	0.00661	0.00529	0.01190
14	0.71184	0.01985	0.01508	0.01350	0.01985	0.02302	0.01111	0.03017	0.01746	0.04604	0.01429	0.01667	0.01111	0.00953	0.00635	0.00318	0.00794	0.00556	0.00635	0.01111
15	0.01452	0.01049	0.01372	0.01291	0.01533	0.00968	0.00968	0.01937	0.02905	0.04115	0.56992	0.07666	0.09683	0.02098	0.01210	0.00323	0.00484	0.01856	0.01130	0.00968
16	0.71184	0.01985	0.01508	0.01350	0.01985	0.02302	0.01111	0.03017	0.01746	0.04604	0.01429	0.01667	0.01111	0.00953	0.00635	0.00318	0.00794	0.00556	0.00635	0.01111
17	0.02540	0.02438	0.04165	0.06299	0.57533	0.02438	0.03149	0.03149	0.02337	0.03353	0.01930	0.02540	0.01626	0.00914	0.01016	0.00305	0.01219	0.00914	0.00508	0.01626
18	0.03901	0.02874	0.03080	0.02361	0.03182	0.03182	0.01951	0.54111	0.04825	0.06468	0.02464	0.02464	0.01745	0.01232	0.01027	0.00308	0.01129	0.00924	0.01027	0.01745
19	0.02553	0.02204	0.02320	0.02088	0.02669	0.02553	0.01624	0.05453	0.55679	0.04293	0.04177	0.03829	0.03133	0.01392	0.01044	0.00348	0.00812	0.01160	0.01044	0.01624
20	0.03854	0.04278	0.02960	0.02558	0.03176	0.42589	0.01973	0.19310	0.03491	0.03715	0.01853	0.02037	0.01451	0.01111	0.00956	0.00278	0.01631	0.00741	0.00680	0.01359
21	0.01250	0.00893	0.01191	0.01429	0.01488	0.00834	0.00953	0.01429	0.01965	0.02620	0.05656	0.63265	0.06787	0.03215	0.01310	0.00417	0.00595	0.02917	0.00953	0.00834
22	0.04295	0.02243	0.02689	0.02062	0.02867	0.02246	0.01703	0.26628	0.03769	0.35443	0.03351	0.03040	0.02190	0.01253	0.01030	0.00313	0.00986	0.00984	0.01163	0.01746
23	0.02540	0.02438	0.04165	0.06299	0.57533	0.02438	0.03149	0.03149	0.02337	0.03353	0.01930	0.02540	0.01626	0.00914	0.01016	0.00305	0.01219	0.00914	0.00508	0.01626
24	0.01340	0.01029	0.01226	0.01210	0.01472	0.00915	0.00895	0.01706	0.02590	0.03446	0.33825	0.14391	0.27430	0.02407	0.01222	0.00342	0.00509	0.02086	0.01044	0.00915
25	0.03796	0.01556	0.02089	0.01664	0.02312	0.01364	0.01350	0.04216	0.02884	0.43882	0.14880	0.04370	0.04013	0.01436	0.01050	0.00314	0.00770	0.01197	0.05319	0.01540
