[name]
unknown

[dist]
# distance from previous block
# <min> <max>
0	490

[block]
# block no. 0 follows, 13 sequences, length 53
# corresponding to MSA columns:
# 560-612
name=unknown_A
#
# <colnr> <probs for GDERKNQSTAVLIFYWHMCP>
#	G	D	E	R	K	N	Q	S	T	A	V	L	I	F	Y	W	H	M	C	P
0	0.56121	0.08147	0.02021	0.01451	0.02162	0.02447	0.01223	0.03065	0.01877	0.04377	0.01517	0.01767	0.01212	0.00952	0.00671	0.00298	0.00845	0.00578	0.00631	0.08636
1	0.01887	0.01119	0.01342	0.01280	0.01385	0.01108	0.00799	0.01964	0.01715	0.08105	0.03381	0.06320	0.03607	0.51418	0.09448	0.01006	0.01165	0.01451	0.00708	0.00794
2	0.01773	0.01604	0.02759	0.15969	0.03720	0.01659	0.11493	0.02335	0.02405	0.03257	0.18403	0.10866	0.08529	0.02443	0.07569	0.00505	0.01237	0.01598	0.00779	0.01096
3	0.04240	0.01913	0.02802	0.02103	0.02959	0.01650	0.06587	0.04704	0.02882	0.45772	0.03718	0.03370	0.02401	0.01209	0.01051	0.00311	0.00975	0.01034	0.01157	0.09161
4	0.01288	0.00920	0.01227	0.01472	0.01534	0.00859	0.00981	0.01472	0.02024	0.02699	0.05828	0.62152	0.06993	0.03312	0.01350	0.00429	0.00613	0.03006	0.00981	0.00859
5	0.10442	0.32424	0.03878	0.01981	0.02657	0.20523	0.01692	0.03324	0.02312	0.02722	0.01707	0.02284	0.01583	0.07141	0.01230	0.00331	0.01326	0.00699	0.00522	0.01222
6	0.01935	0.01303	0.01537	0.07812	0.02242	0.01405	0.01207	0.02835	0.11666	0.03605	0.03985	0.17333	0.03656	0.01733	0.00977	0.00321	0.00684	0.01488	0.33174	0.01102
7	0.08537	0.15539	0.26428	0.02642	0.03805	0.02823	0.08176	0.08913	0.02577	0.08109	0.02064	0.02299	0.01512	0.01025	0.00949	0.00313	0.01341	0.00815	0.00614	0.01518
8	0.10285	0.02364	0.02433	0.02116	0.02763	0.02713	0.01673	0.13396	0.40138	0.04841	0.03691	0.03460	0.02755	0.01357	0.01027	0.00348	0.00891	0.01085	0.01027	0.01637
9	0.01496	0.01081	0.01413	0.01330	0.01580	0.00998	0.00998	0.01995	0.02993	0.04240	0.55689	0.07898	0.09976	0.02162	0.01247	0.00333	0.00499	0.01912	0.01164	0.00998
10	0.01845	0.01615	0.02504	0.12598	0.15770	0.01753	0.01985	0.02255	0.02174	0.02997	0.08054	0.27371	0.04480	0.02123	0.01431	0.00384	0.06898	0.01865	0.00750	0.01149
11	0.02703	0.28241	0.21487	0.02368	0.03321	0.03205	0.02544	0.03316	0.02172	0.08203	0.01862	0.02163	0.01482	0.01139	0.01299	0.00312	0.11466	0.00746	0.00538	0.01433
12	0.01513	0.01121	0.01639	0.01639	0.01807	0.01289	0.01247	0.01850	0.01682	0.02410	0.02887	0.04457	0.02775	0.13948	0.52814	0.01625	0.02634	0.01177	0.00575	0.00911
13	0.01996	0.01164	0.01455	0.01326	0.01664	0.01062	0.01014	0.02459	0.02816	0.11343	0.35769	0.06901	0.12369	0.01947	0.01141	0.00321	0.00557	0.01679	0.11922	0.01096
14	0.04320	0.01839	0.02410	0.01901	0.02646	0.01674	0.01547	0.09999	0.03140	0.46056	0.04157	0.09316	0.02963	0.01504	0.01091	0.00336	0.00900	0.01245	0.01249	0.01706
15	0.09066	0.02370	0.06830	0.02511	0.03351	0.02128	0.12353	0.10707	0.02883	0.24895	0.02998	0.03111	0.02088	0.01902	0.07440	0.00484	0.01372	0.01035	0.00919	0.01557
16	0.02012	0.01863	0.03059	0.35437	0.17451	0.02128	0.02617	0.02619	0.02166	0.02864	0.02890	0.03653	0.07028	0.01953	0.07451	0.00493	0.01444	0.01090	0.00544	0.01237
17	0.02406	0.02162	0.06286	0.01777	0.02690	0.01617	0.01540	0.02910	0.02227	0.07809	0.02038	0.02320	0.01625	0.00913	0.00999	0.00204	0.04796	0.00693	0.00659	0.54331
18	0.06560	0.07310	0.13626	0.03095	0.09418	0.10195	0.09665	0.07475	0.02657	0.06698	0.02409	0.03325	0.02007	0.01203	0.01037	0.00322	0.01363	0.05666	0.00657	0.05310
19	0.01353	0.00985	0.01275	0.01393	0.01540	0.00907	0.00972	0.01646	0.02371	0.03214	0.22458	0.40196	0.12004	0.02885	0.01308	0.00392	0.00570	0.02586	0.01041	0.00907
20	0.08178	0.02010	0.03256	0.02446	0.03258	0.01848	0.15197	0.04241	0.02712	0.33139	0.03362	0.03310	0.02256	0.01165	0.01050	0.00326	0.01088	0.01072	0.08519	0.01565
21	0.02936	0.07584	0.07710	0.03627	0.15171	0.02395	0.15829	0.06751	0.02747	0.13667	0.08311	0.03336	0.02702	0.01153	0.01094	0.00324	0.01253	0.01113	0.00768	0.01531
22	0.02397	0.01771	0.02529	0.15821	0.03514	0.02010	0.01908	0.02827	0.02254	0.11599	0.09949	0.09358	0.03354	0.01646	0.01698	0.00360	0.16219	0.01261	0.00766	0.08758
23	0.01407	0.01032	0.01320	0.01344	0.01549	0.00945	0.00971	0.01787	0.02640	0.03628	0.35878	0.24287	0.14165	0.02561	0.01278	0.00364	0.00537	0.02273	0.01089	0.00945
24	0.70310	0.02045	0.01554	0.01390	0.02045	0.02372	0.01145	0.03108	0.01799	0.04744	0.01472	0.01718	0.01145	0.00981	0.00654	0.00327	0.00818	0.00573	0.00654	0.01145
25	0.29971	0.02340	0.08062	0.06658	0.02952	0.01997	0.01643	0.02923	0.02030	0.03901	0.01715	0.02056	0.01356	0.00912	0.00778	0.00262	0.00936	0.00648	0.00605	0.28254
26	0.03494	0.01904	0.02535	0.02294	0.08507	0.01683	0.01640	0.07155	0.02873	0.28978	0.08377	0.03494	0.02927	0.01218	0.01009	0.00283	0.00887	0.01017	0.01019	0.18707
27	0.08199	0.14881	0.07518	0.02158	0.03052	0.02943	0.01954	0.24946	0.03546	0.16914	0.02578	0.02534	0.01818	0.01166	0.00953	0.00303	0.01104	0.00862	0.00921	0.01649
28	0.08290	0.02494	0.02599	0.02191	0.02880	0.02836	0.01750	0.21820	0.33137	0.05227	0.03473	0.03285	0.02571	0.01342	0.01037	0.00342	0.00949	0.01063	0.01037	0.01676
29	0.02814	0.01887	0.02971	0.20372	0.17916	0.01947	0.02314	0.03383	0.02587	0.17779	0.11725	0.03844	0.03269	0.01283	0.01089	0.00332	0.01076	0.01140	0.00828	0.01444
30	0.08486	0.11042	0.15487	0.02713	0.07710	0.11189	0.02392	0.14000	0.02997	0.11050	0.02216	0.02355	0.01623	0.01094	0.00952	0.00305	0.01307	0.00810	0.00727	0.01544
31	0.03356	0.09946	0.13678	0.02388	0.03337	0.02985	0.02264	0.26576	0.11867	0.09054	0.02704	0.02692	0.01952	0.01207	0.01009	0.00318	0.01164	0.00924	0.00895	0.01684
32	0.01837	0.00918	0.01377	0.01377	0.01377	0.00918	0.00918	0.01377	0.01377	0.01837	0.01837	0.03214	0.01837	0.03673	0.04132	0.69238	0.00918	0.00918	0.00459	0.00459
33	0.02966	0.09141	0.03467	0.06173	0.08636	0.02824	0.06286	0.20955	0.12864	0.04694	0.08503	0.03349	0.02866	0.01281	0.01055	0.00322	0.01103	0.01084	0.00874	0.01558
34	0.02742	0.01503	0.01918	0.01616	0.02101	0.01416	0.01275	0.08551	0.03222	0.20195	0.34480	0.06026	0.06882	0.01809	0.01171	0.00329	0.00692	0.01553	0.01195	0.01325
35	0.02286	0.02413	0.07078	0.31594	0.26658	0.02442	0.06366	0.03003	0.02264	0.03087	0.01941	0.02705	0.01525	0.00997	0.01062	0.00336	0.01382	0.00951	0.00494	0.01415
36	0.02121	0.05469	0.57364	0.03014	0.04576	0.02455	0.03906	0.03348	0.02232	0.03348	0.01897	0.02232	0.01339	0.01005	0.01005	0.00335	0.01563	0.00781	0.00446	0.01563
37	0.01479	0.01080	0.01388	0.01311	0.01569	0.00990	0.00984	0.01961	0.02951	0.04140	0.52425	0.08063	0.13303	0.02199	0.01247	0.00334	0.00501	0.01935	0.01151	0.00990
38	0.70310	0.02045	0.01554	0.01390	0.02045	0.02372	0.01145	0.03108	0.01799	0.04744	0.01472	0.01718	0.01145	0.00981	0.00654	0.00327	0.00818	0.00573	0.00654	0.01145
39	0.02827	0.63478	0.05540	0.01809	0.02714	0.04184	0.01809	0.03166	0.02148	0.02488	0.01470	0.01696	0.01357	0.00905	0.00678	0.00226	0.01131	0.00565	0.00452	0.01357
40	0.70310	0.02045	0.01554	0.01390	0.02045	0.02372	0.01145	0.03108	0.01799	0.04744	0.01472	0.01718	0.01145	0.00981	0.00654	0.00327	0.00818	0.00573	0.00654	0.01145
41	0.03950	0.05039	0.02996	0.02724	0.03269	0.58597	0.02043	0.04222	0.02996	0.02588	0.01634	0.01907	0.01362	0.01090	0.00953	0.00272	0.01907	0.00681	0.00545	0.01226
42	0.01253	0.01058	0.01084	0.01105	0.01437	0.00890	0.00819	0.01514	0.02377	0.02843	0.10295	0.14605	0.51657	0.02732	0.01258	0.00363	0.00542	0.02297	0.00982	0.00890
43	0.03950	0.05039	0.02996	0.02724	0.03269	0.58597	0.02043	0.04222	0.02996	0.02588	0.01634	0.01907	0.01362	0.01090	0.00953	0.00272	0.01907	0.00681	0.00545	0.01226
44	0.01538	0.01025	0.01153	0.01153	0.01153	0.01025	0.00641	0.01538	0.01538	0.02050	0.03331	0.06919	0.03844	0.62842	0.05382	0.01025	0.01025	0.01538	0.00641	0.00641
45	0.01496	0.01081	0.01413	0.01330	0.01580	0.00998	0.00998	0.01995	0.02993	0.04240	0.55689	0.07898	0.09976	0.02162	0.01247	0.00333	0.00499	0.01912	0.01164	0.00998
46	0.01515	0.01114	0.01606	0.01606	0.01762	0.01271	0.01205	0.01828	0.01672	0.02385	0.02917	0.04626	0.02849	0.17318	0.49544	0.01584	0.02523	0.01202	0.00579	0.00892
47	0.01271	0.01072	0.01100	0.01093	0.01441	0.00902	0.00820	0.01558	0.02460	0.02974	0.14544	0.09981	0.51911	0.02634	0.01249	0.00355	0.00532	0.02204	0.00997	0.00902
48	0.01444	0.01061	0.01353	0.01318	0.01557	0.00969	0.00974	0.01880	0.02813	0.03903	0.44778	0.14603	0.14697	0.02356	0.01260	0.00347	0.00517	0.02078	0.01122	0.00969
49	0.02502	0.03599	0.25629	0.02531	0.03531	0.02488	0.02665	0.10713	0.19851	0.04136	0.03190	0.03914	0.02552	0.01395	0.01086	0.00357	0.01203	0.06295	0.00796	0.01566
50	0.57886	0.02605	0.01824	0.01640	0.02274	0.12898	0.01313	0.03317	0.02023	0.04340	0.01503	0.01753	0.01186	0.01002	0.00710	0.00317	0.01022	0.00593	0.00634	0.01160
51	0.07954	0.02041	0.02493	0.02213	0.08512	0.01780	0.01569	0.07247	0.02531	0.11210	0.02232	0.02426	0.01710	0.00929	0.00864	0.00224	0.00886	0.00745	0.00747	0.41688
52	0.09702	0.02270	0.02813	0.02527	0.08760	0.02279	0.01853	0.19980	0.03478	0.30644	0.03184	0.02995	0.02129	0.01228	0.01026	0.00323	0.01017	0.00974	0.01087	0.01731

[dist]
# distance from previous block
# <min> <max>
0	2

[block]
# block no. 1 follows, 13 sequences, length 14
# corresponding to MSA columns:
# 615-628
name=unknown_B
#
# <colnr> <probs for GDERKNQSTAVLIFYWHMCP>
#	G	D	E	R	K	N	Q	S	T	A	V	L	I	F	Y	W	H	M	C	P
0	0.48988	0.02325	0.02157	0.02299	0.10265	0.06708	0.01565	0.03405	0.02097	0.09218	0.01812	0.02040	0.01377	0.01014	0.00774	0.00321	0.00976	0.00681	0.00687	0.01291
1	0.04158	0.02365	0.03264	0.02454	0.03319	0.02328	0.09180	0.21715	0.03636	0.31319	0.03296	0.03114	0.02179	0.01233	0.01088	0.00328	0.01123	0.01051	0.01106	0.01744
2	0.01329	0.00982	0.01243	0.01373	0.01526	0.00896	0.00955	0.01598	0.02308	0.03075	0.17953	0.41186	0.15801	0.02946	0.01310	0.00395	0.00574	0.02629	0.01023	0.00896
3	0.01657	0.01031	0.01099	0.01082	0.01362	0.00960	0.00811	0.02083	0.02434	0.03676	0.16311	0.06626	0.20173	0.01857	0.00997	0.00297	0.00507	0.01550	0.34528	0.00960
4	0.01399	0.01040	0.01303	0.01316	0.01540	0.00944	0.00957	0.01777	0.02646	0.03601	0.34967	0.21592	0.17944	0.02541	0.01273	0.00361	0.00534	0.02240	0.01085	0.00944
5	0.02617	0.02512	0.04292	0.06490	0.56246	0.02512	0.03245	0.03245	0.02407	0.03454	0.01989	0.02617	0.01675	0.00942	0.01047	0.00314	0.01256	0.00942	0.00523	0.01675
6	0.02496	0.02852	0.06239	0.04456	0.05526	0.02674	0.52406	0.03387	0.02496	0.03387	0.02139	0.02852	0.01604	0.00891	0.01248	0.00357	0.01783	0.01248	0.00535	0.01426
7	0.37761	0.02100	0.02108	0.01717	0.02457	0.02229	0.01417	0.11345	0.02702	0.22944	0.02560	0.02487	0.01749	0.01137	0.00856	0.00326	0.00898	0.00798	0.00940	0.01469
8	0.01376	0.01013	0.01320	0.01481	0.01628	0.00912	0.01008	0.01587	0.02041	0.02771	0.05445	0.56346	0.06467	0.03068	0.01295	0.00403	0.00630	0.02775	0.00947	0.07487
9	0.02192	0.01879	0.02192	0.01566	0.02506	0.01409	0.01253	0.02662	0.02192	0.03445	0.01879	0.02192	0.01566	0.00783	0.00783	0.00157	0.00783	0.00626	0.00626	0.69305
10	0.01523	0.01084	0.01450	0.01450	0.01552	0.01186	0.01010	0.01728	0.01625	0.02270	0.03060	0.05418	0.03192	0.33039	0.34293	0.01391	0.02006	0.01318	0.00600	0.00805
11	0.01469	0.01080	0.01375	0.01301	0.01563	0.00986	0.00976	0.01942	0.02928	0.04085	0.50659	0.08153	0.15103	0.02219	0.01247	0.00335	0.00503	0.01948	0.01144	0.00986
12	0.01997	0.01879	0.03171	0.60301	0.07282	0.02349	0.02936	0.02701	0.02114	0.02701	0.01879	0.02819	0.01409	0.01057	0.01057	0.00352	0.01409	0.00940	0.00470	0.01175
13	0.01787	0.01031	0.01128	0.01134	0.01393	0.00996	0.00871	0.02255	0.02389	0.03807	0.13364	0.05978	0.10171	0.01693	0.00943	0.00293	0.00538	0.05282	0.43972	0.00976

[dist]
# distance from previous block
# <min> <max>
0	1

[block]
# block no. 2 follows, 13 sequences, length 100
# corresponding to MSA columns:
# 630-720,722-730
name=unknown_C
#
# <colnr> <probs for GDERKNQSTAVLIFYWHMCP>
#	G	D	E	R	K	N	Q	S	T	A	V	L	I	F	Y	W	H	M	C	P
0	0.63777	0.02020	0.01644	0.01439	0.02110	0.02290	0.01186	0.03312	0.01922	0.09949	0.01741	0.01905	0.01292	0.01014	0.00695	0.00327	0.00826	0.00621	0.00720	0.01210
1	0.02517	0.10865	0.40165	0.02732	0.03984	0.02612	0.03255	0.03457	0.02254	0.09356	0.02063	0.02341	0.01493	0.01113	0.01222	0.00335	0.07354	0.00805	0.00548	0.01528
2	0.16496	0.12796	0.03209	0.02092	0.02909	0.03137	0.01780	0.31692	0.03761	0.09111	0.02271	0.02316	0.01657	0.01156	0.00918	0.00305	0.01074	0.00823	0.00897	0.01600
3	0.01837	0.00918	0.01377	0.01377	0.01377	0.00918	0.00918	0.01377	0.01377	0.01837	0.01837	0.03214	0.01837	0.03673	0.04132	0.69238	0.00918	0.00918	0.00459	0.00459
4	0.02192	0.01879	0.02192	0.01566	0.02506	0.01409	0.01253	0.02662	0.02192	0.03445	0.01879	0.02192	0.01566	0.00783	0.00783	0.00157	0.00783	0.00626	0.00626	0.69305
5	0.01288	0.00920	0.01227	0.01472	0.01534	0.00859	0.00981	0.01472	0.02024	0.02699	0.05828	0.62152	0.06993	0.03312	0.01350	0.00429	0.00613	0.03006	0.00981	0.00859
6	0.02734	0.02323	0.02450	0.02173	0.02789	0.02679	0.01699	0.09162	0.50623	0.04591	0.04171	0.03839	0.03120	0.01422	0.01074	0.00356	0.00861	0.01177	0.01074	0.01683
7	0.02496	0.02852	0.06239	0.04456	0.05526	0.02674	0.52406	0.03387	0.02496	0.03387	0.02139	0.02852	0.01604	0.00891	0.01248	0.00357	0.01783	0.01248	0.00535	0.01426
8	0.02742	0.31226	0.27649	0.02340	0.03519	0.03132	0.02689	0.03474	0.02286	0.09139	0.01966	0.02148	0.01494	0.00994	0.00864	0.00285	0.01291	0.00716	0.00548	0.01497
9	0.01997	0.01879	0.03171	0.60301	0.07282	0.02349	0.02936	0.02701	0.02114	0.02701	0.01879	0.02819	0.01409	0.01057	0.01057	0.00352	0.01409	0.00940	0.00470	0.01175
10	0.02095	0.01326	0.01653	0.01495	0.01842	0.01277	0.01141	0.07644	0.03042	0.09554	0.35687	0.12888	0.07547	0.02052	0.01186	0.00336	0.00622	0.01790	0.05677	0.01145
11	0.02313	0.01870	0.03089	0.53570	0.06754	0.02257	0.02777	0.02984	0.02219	0.08955	0.02143	0.02909	0.01549	0.01086	0.01058	0.00349	0.01351	0.00954	0.00566	0.01247
12	0.01394	0.01088	0.01328	0.01319	0.01572	0.01061	0.00983	0.01698	0.02153	0.02801	0.12528	0.07578	0.27606	0.10367	0.20824	0.00869	0.01347	0.01759	0.00830	0.00897
13	0.02121	0.05469	0.57364	0.03014	0.04576	0.02455	0.03906	0.03348	0.02232	0.03348	0.01897	0.02232	0.01339	0.01005	0.01005	0.00335	0.01563	0.00781	0.00446	0.01563
14	0.03882	0.01673	0.02220	0.01778	0.02455	0.01505	0.01439	0.04487	0.06531	0.41729	0.15562	0.04572	0.04285	0.01506	0.01105	0.00331	0.00807	0.01260	0.01261	0.01614
15	0.02514	0.04698	0.44555	0.03013	0.04423	0.02357	0.08717	0.03596	0.02367	0.10583	0.02230	0.02482	0.01540	0.01034	0.01038	0.00336	0.01496	0.00869	0.00572	0.01580
16	0.11676	0.01825	0.02359	0.01829	0.02630	0.01640	0.01511	0.04937	0.02897	0.51456	0.03886	0.03400	0.02462	0.01274	0.01020	0.00327	0.00891	0.01011	0.01239	0.01730
17	0.01288	0.00920	0.01227	0.01472	0.01534	0.00859	0.00981	0.01472	0.02024	0.02699	0.05828	0.62152	0.06993	0.03312	0.01350	0.00429	0.00613	0.03006	0.00981	0.00859
18	0.06760	0.01828	0.05817	0.14409	0.03475	0.01666	0.05290	0.02790	0.02528	0.10923	0.16610	0.05655	0.11650	0.01685	0.01139	0.00351	0.00964	0.04380	0.00873	0.01207
19	0.02788	0.03477	0.25425	0.02651	0.03735	0.02215	0.08492	0.04060	0.12089	0.15455	0.03429	0.03424	0.05417	0.01243	0.01075	0.00341	0.01242	0.01066	0.00799	0.01578
20	0.03317	0.03555	0.27338	0.02682	0.03860	0.02084	0.08460	0.04146	0.02612	0.26926	0.02925	0.02904	0.01932	0.01125	0.01058	0.00334	0.01297	0.00959	0.00836	0.01651
21	0.03932	0.01971	0.02716	0.02180	0.02725	0.02116	0.01807	0.04282	0.02557	0.38807	0.03242	0.03170	0.02207	0.01490	0.01867	0.00372	0.20932	0.01017	0.01026	0.01585
22	0.17838	0.02029	0.02825	0.15358	0.15515	0.02116	0.02141	0.03758	0.02427	0.22068	0.02608	0.02805	0.01829	0.01102	0.00970	0.00330	0.01071	0.00904	0.00812	0.01496
23	0.01788	0.01471	0.02003	0.01861	0.01927	0.01796	0.01414	0.01974	0.01829	0.02630	0.09873	0.11200	0.03891	0.15281	0.10662	0.05608	0.21757	0.01449	0.00667	0.00919
24	0.02230	0.01078	0.01171	0.01105	0.01412	0.01046	0.00844	0.02715	0.02358	0.09570	0.07240	0.04187	0.03217	0.01306	0.00809	0.00261	0.00536	0.01060	0.56783	0.01072
25	0.02192	0.01879	0.02192	0.01566	0.02506	0.01409	0.01253	0.02662	0.02192	0.03445	0.01879	0.02192	0.01566	0.00783	0.00783	0.00157	0.00783	0.00626	0.00626	0.69305
26	0.02827	0.03236	0.20449	0.15691	0.04898	0.02337	0.12868	0.06520	0.02587	0.14561	0.02453	0.02789	0.01701	0.01072	0.01081	0.00340	0.01412	0.00979	0.00685	0.01513
27	0.02313	0.02313	0.03238	0.02776	0.02776	0.03238	0.02313	0.02545	0.01619	0.02545	0.01388	0.02313	0.01388	0.01851	0.03470	0.00463	0.60907	0.00925	0.00463	0.01157
28	0.01592	0.01206	0.01483	0.01391	0.01688	0.01160	0.01050	0.02331	0.08363	0.04121	0.45774	0.07707	0.13831	0.02136	0.01229	0.00338	0.00538	0.01868	0.01136	0.01059
29	0.02192	0.01879	0.02192	0.01566	0.02506	0.01409	0.01253	0.02662	0.02192	0.03445	0.01879	0.02192	0.01566	0.00783	0.00783	0.00157	0.00783	0.00626	0.00626	0.69305
30	0.03338	0.03159	0.22548	0.02742	0.08965	0.01944	0.02550	0.04075	0.02670	0.28135	0.06707	0.03298	0.02566	0.01219	0.01053	0.00329	0.01151	0.01007	0.00902	0.01644
31	0.01448	0.01044	0.01370	0.01363	0.01569	0.00966	0.00994	0.01875	0.02770	0.03885	0.44198	0.20401	0.09289	0.02427	0.01271	0.00355	0.00525	0.02164	0.01122	0.00966
32	0.01705	0.01407	0.02027	0.01916	0.02045	0.01758	0.01508	0.02019	0.01668	0.02446	0.02524	0.03921	0.02433	0.10605	0.41430	0.01352	0.16603	0.01114	0.00547	0.00972
33	0.01848	0.01803	0.05873	0.02001	0.02230	0.01862	0.01637	0.02437	0.08025	0.03026	0.09755	0.24325	0.04615	0.02412	0.02054	0.04797	0.17630	0.01796	0.00798	0.01076
34	0.01521	0.01091	0.01489	0.01489	0.01606	0.01208	0.01060	0.01753	0.01637	0.02299	0.03024	0.05216	0.03105	0.29033	0.38180	0.01440	0.02138	0.01288	0.00595	0.00827
35	0.02827	0.63478	0.05540	0.01809	0.02714	0.04184	0.01809	0.03166	0.02148	0.02488	0.01470	0.01696	0.01357	0.00905	0.00678	0.00226	0.01131	0.00565	0.00452	0.01357
36	0.03534	0.02166	0.02891	0.09334	0.10787	0.02151	0.02003	0.13310	0.06140	0.23609	0.03002	0.03008	0.02090	0.01160	0.01023	0.00306	0.01039	0.00962	0.00952	0.10532
37	0.03235	0.06411	0.03192	0.11114	0.16629	0.02134	0.02152	0.03894	0.05574	0.22091	0.02822	0.02945	0.02022	0.01092	0.00995	0.00299	0.01056	0.00930	0.00832	0.10580
38	0.01852	0.01557	0.01738	0.01927	0.02163	0.07206	0.01584	0.02251	0.02405	0.03003	0.05228	0.21659	0.05781	0.02811	0.01383	0.00452	0.00995	0.34097	0.00930	0.00976
39	0.03736	0.01800	0.02158	0.01725	0.02374	0.01752	0.01402	0.14600	0.03198	0.29827	0.03597	0.03475	0.02469	0.01277	0.00963	0.00300	0.00832	0.01015	0.21951	0.01549
40	0.01601	0.01269	0.01469	0.01476	0.01764	0.01258	0.01081	0.02448	0.12896	0.03466	0.19062	0.24276	0.18919	0.02494	0.01245	0.00373	0.00611	0.02181	0.01046	0.01066
41	0.01282	0.01057	0.01126	0.01141	0.01456	0.00901	0.00843	0.01568	0.02439	0.03000	0.15406	0.15092	0.45670	0.02682	0.01259	0.00361	0.00539	0.02272	0.01003	0.00901
42	0.11045	0.01550	0.01949	0.01612	0.02192	0.01434	0.01292	0.03699	0.02872	0.30609	0.23740	0.05041	0.05287	0.01600	0.01087	0.00329	0.00736	0.01334	0.01177	0.01415
43	0.01704	0.01217	0.01704	0.01947	0.02191	0.01217	0.01704	0.02191	0.02434	0.03164	0.05598	0.11926	0.06085	0.02921	0.01460	0.00487	0.00974	0.49130	0.00974	0.00974
44	0.02247	0.02355	0.04585	0.30779	0.06173	0.02558	0.25628	0.03006	0.02256	0.03006	0.01966	0.02800	0.01498	0.01034	0.01307	0.00362	0.05572	0.01080	0.00499	0.01289
45	0.01565	0.01109	0.01580	0.01580	0.01763	0.01263	0.01209	0.01931	0.01748	0.02599	0.02937	0.04315	0.02731	0.10841	0.48406	0.01487	0.02441	0.01143	0.08423	0.00928
46	0.01309	0.00951	0.01235	0.01422	0.01530	0.00878	0.00968	0.01536	0.02168	0.02890	0.11980	0.51557	0.11417	0.03127	0.01329	0.00412	0.00594	0.02815	0.01003	0.00878
47	0.03320	0.03042	0.20728	0.02191	0.03284	0.01824	0.02275	0.04015	0.02582	0.27573	0.02920	0.02840	0.01965	0.01094	0.00983	0.00293	0.01096	0.00875	0.00874	0.16225
48	0.02192	0.01879	0.02192	0.01566	0.02506	0.01409	0.01253	0.02662	0.02192	0.03445	0.01879	0.02192	0.01566	0.00783	0.00783	0.00157	0.00783	0.00626	0.00626	0.69305
49	0.02192	0.01879	0.02192	0.01566	0.02506	0.01409	0.01253	0.02662	0.02192	0.03445	0.01879	0.02192	0.01566	0.00783	0.00783	0.00157	0.00783	0.00626	0.00626	0.69305
50	0.02260	0.02225	0.02707	0.02374	0.02419	0.07322	0.01880	0.02438	0.01714	0.02427	0.01885	0.03409	0.01988	0.16747	0.03728	0.00585	0.41289	0.01055	0.00513	0.01036
51	0.01527	0.01315	0.01508	0.01688	0.06172	0.01225	0.01125	0.02130	0.08354	0.03071	0.08757	0.14005	0.40368	0.02453	0.01223	0.00361	0.00638	0.02081	0.00954	0.01045
52	0.01274	0.01072	0.01105	0.01097	0.01443	0.00903	0.00823	0.01565	0.02468	0.02994	0.15193	0.09948	0.51249	0.02626	0.01249	0.00355	0.00532	0.02200	0.01000	0.00903
53	0.01606	0.01016	0.01355	0.01487	0.01637	0.00936	0.01032	0.01852	0.02243	0.07449	0.12617	0.49720	0.07042	0.02985	0.01311	0.00407	0.00621	0.02691	0.01034	0.00957
54	0.01997	0.01879	0.03171	0.60301	0.07282	0.02349	0.02936	0.02701	0.02114	0.02701	0.01879	0.02819	0.01409	0.01057	0.01057	0.00352	0.01409	0.00940	0.00470	0.01175
55	0.27028	0.01961	0.02491	0.20512	0.11219	0.02174	0.01995	0.02863	0.02121	0.03755	0.06242	0.02750	0.02081	0.01078	0.00897	0.00317	0.01033	0.00856	0.00618	0.08008
56	0.56222	0.01992	0.01747	0.01496	0.02185	0.02196	0.01233	0.03547	0.02063	0.15967	0.02052	0.02122	0.01461	0.01052	0.00742	0.00327	0.00835	0.00678	0.00795	0.01286
57	0.01279	0.00958	0.01188	0.01372	0.01507	0.00867	0.00937	0.01484	0.02121	0.02738	0.07050	0.49144	0.19212	0.03154	0.01325	0.00411	0.00594	0.02812	0.00982	0.00867
58	0.01525	0.01196	0.01303	0.01281	0.01625	0.01116	0.00984	0.02141	0.07677	0.03379	0.17363	0.08740	0.34183	0.02355	0.01204	0.00353	0.00586	0.05300	0.06684	0.01003
59	0.07897	0.03347	0.23172	0.09229	0.04130	0.02243	0.06414	0.07241	0.02635	0.19580	0.02605	0.02738	0.01766	0.01109	0.01025	0.00334	0.01283	0.00916	0.00770	0.01565
60	0.70310	0.02045	0.01554	0.01390	0.02045	0.02372	0.01145	0.03108	0.01799	0.04744	0.01472	0.01718	0.01145	0.00981	0.00654	0.00327	0.00818	0.00573	0.00654	0.01145
61	0.02831	0.02494	0.09368	0.07244	0.19581	0.02261	0.02481	0.03727	0.09264	0.14435	0.02958	0.07413	0.02391	0.01366	0.01314	0.00351	0.07068	0.01136	0.00775	0.01543
62	0.01947	0.01517	0.01741	0.01592	0.01980	0.01558	0.01217	0.07741	0.14293	0.04223	0.29436	0.10285	0.14139	0.02061	0.01198	0.00346	0.00652	0.01775	0.01096	0.01201
63	0.01516	0.01110	0.01582	0.01582	0.01730	0.01258	0.01175	0.01813	0.01664	0.02368	0.02939	0.04748	0.02901	0.19729	0.47206	0.01554	0.02444	0.01220	0.00582	0.00879
64	0.02498	0.02141	0.02231	0.01691	0.02522	0.07431	0.01336	0.02945	0.02402	0.07155	0.06510	0.02737	0.02321	0.00967	0.00859	0.00195	0.00886	0.00770	0.00710	0.51691
65	0.07702	0.02443	0.03199	0.26579	0.14339	0.06441	0.02519	0.13371	0.02854	0.07429	0.02142	0.02635	0.01596	0.01094	0.01020	0.00329	0.01290	0.00907	0.00675	0.01436
66	0.01349	0.00956	0.01259	0.01478	0.01548	0.00906	0.01006	0.01539	0.02007	0.02669	0.05544	0.52116	0.06584	0.09573	0.01785	0.00497	0.00687	0.06705	0.00945	0.00845
67	0.04660	0.01933	0.02537	0.01945	0.02766	0.01753	0.01606	0.10633	0.03250	0.51182	0.03983	0.03477	0.02523	0.01304	0.01063	0.00326	0.00930	0.01050	0.01280	0.01799
68	0.12271	0.08187	0.25920	0.08181	0.03936	0.02556	0.02708	0.10061	0.02622	0.10813	0.02185	0.02397	0.01548	0.01074	0.00951	0.00324	0.01272	0.00811	0.00672	0.01512
69	0.02313	0.02313	0.03238	0.02776	0.02776	0.03238	0.02313	0.02545	0.01619	0.02545	0.01388	0.02313	0.01388	0.01851	0.03470	0.00463	0.60907	0.00925	0.00463	0.01157
70	0.01374	0.01023	0.01279	0.01326	0.01533	0.00928	0.00952	0.01716	0.02538	0.03423	0.29220	0.27115	0.18360	0.02665	0.01283	0.00371	0.00546	0.02356	0.01063	0.00928
71	0.26408	0.01931	0.02147	0.01746	0.02486	0.01941	0.01430	0.04519	0.08041	0.33985	0.03284	0.03007	0.02190	0.01213	0.00928	0.00330	0.00866	0.00913	0.01066	0.01568
72	0.02730	0.07608	0.22625	0.02953	0.07944	0.02809	0.02785	0.10300	0.06249	0.07335	0.02183	0.02504	0.01664	0.01263	0.01532	0.00352	0.14107	0.00884	0.00645	0.01528
73	0.01526	0.01072	0.01393	0.01393	0.01476	0.01155	0.00940	0.01692	0.01609	0.02228	0.03112	0.05704	0.03316	0.38705	0.28796	0.01321	0.01819	0.01360	0.00608	0.00774
74	0.01429	0.01021	0.01389	0.01634	0.01757	0.00981	0.01227	0.01716	0.02164	0.02857	0.05750	0.45077	0.06684	0.03179	0.01387	0.00449	0.00736	0.18687	0.00979	0.00898
75	0.04744	0.01799	0.02454	0.01881	0.02699	0.01554	0.01554	0.05153	0.03026	0.56979	0.04171	0.03599	0.02617	0.01309	0.01063	0.00327	0.00900	0.01063	0.01309	0.01799
76	0.07907	0.02558	0.10981	0.02064	0.02853	0.02190	0.01885	0.07856	0.20815	0.17307	0.03476	0.03333	0.02477	0.01270	0.00995	0.00330	0.00952	0.01014	0.08152	0.01585
77	0.02725	0.02318	0.02444	0.02171	0.02786	0.02674	0.01697	0.08843	0.50957	0.04576	0.04183	0.03849	0.03130	0.01423	0.01075	0.00356	0.00859	0.01179	0.01075	0.01682
78	0.01288	0.00920	0.01227	0.01472	0.01534	0.00859	0.00981	0.01472	0.02024	0.02699	0.05828	0.62152	0.06993	0.03312	0.01350	0.00429	0.00613	0.03006	0.00981	0.00859
79	0.01534	0.01038	0.01218	0.01218	0.01240	0.01060	0.00721	0.01579	0.01557	0.02098	0.03273	0.06593	0.03702	0.56370	0.11660	0.01105	0.01238	0.01490	0.00632	0.00676
80	0.11707	0.02877	0.03167	0.09061	0.14008	0.15120	0.02349	0.03146	0.02155	0.03044	0.01624	0.02256	0.01410	0.01305	0.01813	0.00362	0.21972	0.00829	0.00519	0.01277
81	0.03094	0.02502	0.02652	0.02246	0.02926	0.02847	0.01786	0.21342	0.37857	0.05171	0.03714	0.03475	0.02750	0.01379	0.01070	0.00345	0.00946	0.01114	0.01070	0.01715
82	0.04019	0.02962	0.03173	0.02433	0.03279	0.03279	0.02010	0.52721	0.04971	0.06663	0.02538	0.02538	0.01798	0.01269	0.01058	0.00317	0.01163	0.00952	0.01058	0.01798
83	0.03020	0.01585	0.01977	0.01745	0.02214	0.01536	0.01322	0.07621	0.08131	0.24078	0.04465	0.22064	0.04110	0.09029	0.01650	0.00442	0.00841	0.01724	0.01085	0.01361
84	0.01327	0.00966	0.01213	0.01371	0.01482	0.00893	0.00922	0.01529	0.02108	0.02781	0.10412	0.44525	0.13723	0.09421	0.01753	0.00474	0.00636	0.02651	0.00961	0.00852
85	0.03699	0.02004	0.03033	0.03567	0.23037	0.01873	0.02132	0.04199	0.02722	0.32095	0.03277	0.03252	0.02265	0.01162	0.01030	0.00315	0.01002	0.01010	0.06641	0.01684
86	0.01312	0.00950	0.01241	0.01429	0.01533	0.00879	0.00972	0.01542	0.02173	0.02907	0.12528	0.51938	0.10434	0.03125	0.01330	0.00412	0.00594	0.02817	0.01005	0.00879
87	0.25561	0.19379	0.03139	0.01812	0.02602	0.06753	0.01563	0.12182	0.02611	0.04142	0.01734	0.01940	0.01396	0.00992	0.00773	0.00270	0.01037	0.00655	0.00661	0.10799
88	0.11300	0.02154	0.02337	0.01876	0.02592	0.02238	0.01521	0.19064	0.10235	0.14926	0.03006	0.02979	0.02164	0.01204	0.00940	0.00298	0.00896	0.00928	0.09968	0.09375
89	0.02941	0.17775	0.11294	0.03230	0.13136	0.02890	0.08145	0.07320	0.09624	0.09864	0.02477	0.02658	0.01875	0.01069	0.00981	0.00308	0.01221	0.00913	0.00703	0.01577
90	0.03694	0.02761	0.12935	0.02743	0.07792	0.02141	0.06005	0.09595	0.06644	0.29679	0.03260	0.03125	0.02187	0.01196	0.01065	0.00331	0.01140	0.01013	0.00985	0.01709
91	0.01586	0.01134	0.01601	0.01521	0.01627	0.01131	0.04413	0.01676	0.01693	0.02282	0.03497	0.15944	0.03929	0.36074	0.09873	0.07740	0.01184	0.01678	0.00669	0.00749
92	0.02101	0.02039	0.03609	0.49818	0.10763	0.02399	0.08659	0.02821	0.02180	0.02837	0.01917	0.02808	0.01452	0.01029	0.01078	0.00350	0.01441	0.00975	0.00481	0.01241
93	0.02812	0.03103	0.19654	0.17971	0.08183	0.02241	0.09612	0.03621	0.02443	0.16315	0.02488	0.02826	0.01727	0.01073	0.01068	0.00339	0.01371	0.00965	0.00680	0.01509
94	0.03440	0.03044	0.03325	0.03366	0.14160	0.20536	0.07866	0.03883	0.02728	0.16482	0.02818	0.08589	0.02330	0.01313	0.01074	0.00320	0.01377	0.01128	0.00774	0.01449
95	0.02074	0.01659	0.02477	0.21332	0.03953	0.01780	0.05258	0.02919	0.08507	0.07476	0.18381	0.05376	0.11208	0.01625	0.01150	0.00347	0.00965	0.01437	0.00866	0.01210
96	0.13953	0.02351	0.09086	0.02291	0.03098	0.01960	0.10825	0.03689	0.06444	0.18540	0.09104	0.04029	0.07316	0.01359	0.01059	0.00339	0.01045	0.01181	0.00903	0.01428
97	0.03056	0.02307	0.07319	0.23468	0.10498	0.02152	0.09281	0.03716	0.02510	0.21039	0.02692	0.03021	0.01862	0.01103	0.01080	0.00339	0.01285	0.01012	0.00763	0.01498
98	0.01535	0.01036	0.01211	0.01211	0.01231	0.01056	0.00713	0.01575	0.01555	0.02093	0.03279	0.06627	0.03717	0.57037	0.11013	0.01096	0.01216	0.01495	0.00633	0.00673
99	0.25510	0.02581	0.11465	0.01929	0.02733	0.02193	0.01810	0.07468	0.09335	0.14149	0.08223	0.03157	0.02704	0.01251	0.00937	0.00332	0.00955	0.00950	0.00878	0.01439

[dist]
# distance from previous block
# <min> <max>
0	1

[block]
# block no. 3 follows, 13 sequences, length 25
# corresponding to MSA columns:
# 732-756
name=unknown_D
#
# <colnr> <probs for GDERKNQSTAVLIFYWHMCP>
#	G	D	E	R	K	N	Q	S	T	A	V	L	I	F	Y	W	H	M	C	P
0	0.03950	0.05039	0.02996	0.02724	0.03269	0.58597	0.02043	0.04222	0.02996	0.02588	0.01634	0.01907	0.01362	0.01090	0.00953	0.00272	0.01907	0.00681	0.00545	0.01226
1	0.02300	0.14553	0.20409	0.08499	0.03610	0.02483	0.02466	0.08370	0.02662	0.03624	0.11775	0.04175	0.03393	0.01412	0.01042	0.00329	0.01175	0.05678	0.00696	0.01351
2	0.10052	0.20081	0.29358	0.02349	0.03527	0.02776	0.02700	0.03540	0.02280	0.11197	0.02073	0.02235	0.01512	0.01020	0.00888	0.00304	0.01269	0.00743	0.00598	0.01497
3	0.01660	0.01203	0.01642	0.01862	0.02116	0.01185	0.01616	0.02125	0.02432	0.03134	0.06095	0.11756	0.10921	0.02897	0.01440	0.00474	0.00931	0.44570	0.00974	0.00966
4	0.01971	0.00985	0.00985	0.00985	0.01232	0.00985	0.00739	0.02464	0.02217	0.03942	0.03449	0.03942	0.02710	0.01232	0.00739	0.00246	0.00493	0.00985	0.68712	0.00985
5	0.02510	0.02548	0.14760	0.29132	0.05106	0.02044	0.02649	0.03212	0.02318	0.13999	0.02792	0.09433	0.02262	0.01347	0.01079	0.00352	0.01250	0.01159	0.00694	0.01353
6	0.01288	0.00920	0.01227	0.01472	0.01534	0.00859	0.00981	0.01472	0.02024	0.02699	0.05828	0.62152	0.06993	0.03312	0.01350	0.00429	0.00613	0.03006	0.00981	0.00859
7	0.02630	0.02271	0.02391	0.02152	0.02749	0.02630	0.01674	0.05618	0.54336	0.04423	0.04303	0.03945	0.03228	0.01434	0.01076	0.00359	0.00837	0.01195	0.01076	0.01674
8	0.02121	0.05469	0.57364	0.03014	0.04576	0.02455	0.03906	0.03348	0.02232	0.03348	0.01897	0.02232	0.01339	0.01005	0.01005	0.00335	0.01563	0.00781	0.00446	0.01563
9	0.02509	0.02814	0.06023	0.04682	0.11154	0.02656	0.46952	0.03371	0.02486	0.03394	0.02122	0.02826	0.01612	0.00897	0.01225	0.00352	0.01724	0.01214	0.00533	0.01454
10	0.01496	0.01081	0.01413	0.01330	0.01580	0.00998	0.00998	0.01995	0.02993	0.04240	0.55689	0.07898	0.09976	0.02162	0.01247	0.00333	0.00499	0.01912	0.01164	0.00998
11	0.01274	0.01072	0.01105	0.01097	0.01443	0.00903	0.00823	0.01565	0.02468	0.02993	0.15167	0.09950	0.51275	0.02627	0.01249	0.00355	0.00532	0.02200	0.01000	0.00903
12	0.01518	0.01017	0.01159	0.01178	0.01183	0.01012	0.00668	0.01532	0.01576	0.02101	0.03528	0.11276	0.04092	0.58147	0.05063	0.00978	0.00993	0.01653	0.00668	0.00658
13	0.03014	0.02293	0.02482	0.02152	0.02801	0.02580	0.01697	0.10647	0.43319	0.10496	0.04098	0.03755	0.03006	0.01403	0.01072	0.00351	0.00879	0.01154	0.01100	0.01701
14	0.02391	0.27642	0.37555	0.02553	0.03864	0.03116	0.03105	0.03279	0.02200	0.03019	0.01734	0.02027	0.01346	0.00966	0.00880	0.00293	0.01398	0.00699	0.00449	0.01484
15	0.02192	0.01879	0.02192	0.01566	0.02506	0.01409	0.01253	0.02662	0.02192	0.03445	0.01879	0.02192	0.01566	0.00783	0.00783	0.00157	0.00783	0.00626	0.00626	0.69305
16	0.01510	0.01133	0.01699	0.01699	0.01888	0.01322	0.01322	0.01888	0.01699	0.02454	0.02832	0.04154	0.02643	0.07930	0.58652	0.01699	0.02832	0.01133	0.00566	0.00944
17	0.15662	0.01506	0.01772	0.01622	0.01999	0.01661	0.01294	0.02499	0.02042	0.09477	0.04490	0.04875	0.15210	0.03817	0.20254	0.00801	0.07903	0.01259	0.00762	0.01096
18	0.10082	0.02243	0.03136	0.03906	0.26765	0.02265	0.02249	0.08211	0.06765	0.08228	0.07005	0.03112	0.02538	0.01136	0.01000	0.00306	0.01026	0.00986	0.00760	0.08281
19	0.04393	0.01847	0.02412	0.01872	0.02622	0.01679	0.01520	0.09551	0.03089	0.47210	0.03936	0.03783	0.02643	0.06664	0.01439	0.00387	0.00937	0.01094	0.01226	0.01698
20	0.02601	0.16914	0.17274	0.02959	0.10579	0.02746	0.06377	0.08634	0.02553	0.03559	0.01900	0.02237	0.01506	0.00949	0.00916	0.00271	0.01237	0.00778	0.00570	0.15440
21	0.03202	0.03798	0.02819	0.02579	0.02954	0.37091	0.02010	0.03495	0.02555	0.02624	0.02062	0.03141	0.01927	0.01959	0.06028	0.00444	0.14097	0.05478	0.00571	0.01165
22	0.03950	0.05039	0.02996	0.02724	0.03269	0.58597	0.02043	0.04222	0.02996	0.02588	0.01634	0.01907	0.01362	0.01090	0.00953	0.00272	0.01907	0.00681	0.00545	0.01226
23	0.02141	0.02058	0.03288	0.39170	0.10258	0.02618	0.02785	0.02704	0.01998	0.02722	0.01748	0.02657	0.01426	0.01274	0.01746	0.00381	0.18404	0.00936	0.00472	0.01213
24	0.02245	0.01420	0.02040	0.01851	0.01960	0.01668	0.01414	0.02162	0.01657	0.08047	0.02076	0.03113	0.01887	0.03390	0.09669	0.35441	0.17588	0.00960	0.00564	0.00849

[dist]
# distance from previous block
# <min> <max>
7	33

[block]
# block no. 4 follows, 13 sequences, length 55
# corresponding to MSA columns:
# 790-806,831-868
name=unknown_E
#
# <colnr> <probs for GDERKNQSTAVLIFYWHMCP>
#	G	D	E	R	K	N	Q	S	T	A	V	L	I	F	Y	W	H	M	C	P
0	0.02580	0.03130	0.17734	0.03402	0.04444	0.02257	0.27519	0.03406	0.02451	0.10779	0.02782	0.09543	0.02293	0.01253	0.01174	0.00355	0.01472	0.01307	0.00672	0.01447
1	0.04744	0.01799	0.02454	0.01881	0.02699	0.01554	0.01554	0.05153	0.03026	0.56979	0.04171	0.03599	0.02617	0.01309	0.01063	0.00327	0.00900	0.01063	0.01309	0.01799
2	0.01288	0.00920	0.01227	0.01472	0.01534	0.00859	0.00981	0.01472	0.02024	0.02699	0.05828	0.62152	0.06993	0.03312	0.01350	0.00429	0.00613	0.03006	0.00981	0.00859
3	0.01285	0.00932	0.01215	0.01442	0.01526	0.00861	0.00968	0.01476	0.02054	0.02711	0.06200	0.58184	0.10720	0.03264	0.01342	0.00424	0.00607	0.02947	0.00982	0.00861
4	0.02313	0.02313	0.03238	0.02776	0.02776	0.03238	0.02313	0.02545	0.01619	0.02545	0.01388	0.02313	0.01388	0.01851	0.03470	0.00463	0.60907	0.00925	0.00463	0.01157
5	0.70310	0.02045	0.01554	0.01390	0.02045	0.02372	0.01145	0.03108	0.01799	0.04744	0.01472	0.01718	0.01145	0.00981	0.00654	0.00327	0.00818	0.00573	0.00654	0.01145
6	0.02827	0.63478	0.05540	0.01809	0.02714	0.04184	0.01809	0.03166	0.02148	0.02488	0.01470	0.01696	0.01357	0.00905	0.00678	0.00226	0.01131	0.00565	0.00452	0.01357
7	0.01317	0.00932	0.01218	0.01436	0.01490	0.00878	0.00943	0.01480	0.01969	0.02625	0.05544	0.55875	0.06635	0.10078	0.01808	0.00497	0.00660	0.02839	0.00943	0.00834
8	0.02313	0.02313	0.03238	0.02776	0.02776	0.03238	0.02313	0.02545	0.01619	0.02545	0.01388	0.02313	0.01388	0.01851	0.03470	0.00463	0.60907	0.00925	0.00463	0.01157
9	0.02630	0.02271	0.02391	0.02152	0.02749	0.02630	0.01674	0.05618	0.54336	0.04423	0.04303	0.03945	0.03228	0.01434	0.01076	0.00359	0.00837	0.01195	0.01076	0.01674
10	0.70310	0.02045	0.01554	0.01390	0.02045	0.02372	0.01145	0.03108	0.01799	0.04744	0.01472	0.01718	0.01145	0.00981	0.00654	0.00327	0.00818	0.00573	0.00654	0.01145
11	0.04019	0.02962	0.03173	0.02433	0.03279	0.03279	0.02010	0.52721	0.04971	0.06663	0.02538	0.02538	0.01798	0.01269	0.01058	0.00317	0.01163	0.00952	0.01058	0.01798
12	0.01263	0.01019	0.01125	0.01209	0.01464	0.00881	0.00865	0.01502	0.02277	0.02802	0.09033	0.28031	0.39044	0.02896	0.01284	0.00382	0.00562	0.02497	0.00982	0.00881
13	0.01704	0.01217	0.01704	0.01947	0.02191	0.01217	0.01704	0.02191	0.02434	0.03164	0.05598	0.11926	0.06085	0.02921	0.01460	0.00487	0.00974	0.49130	0.00974	0.00974
14	0.02136	0.01149	0.01407	0.01284	0.01614	0.01073	0.00983	0.02620	0.02715	0.11710	0.29224	0.05837	0.06267	0.01700	0.01035	0.00300	0.00554	0.01452	0.25832	0.01108
15	0.08340	0.02199	0.02330	0.02059	0.02687	0.02487	0.01617	0.05363	0.44259	0.10422	0.04060	0.03725	0.02990	0.01384	0.01040	0.00352	0.00842	0.01130	0.01068	0.01645
16	0.02621	0.11830	0.32859	0.02780	0.04001	0.02485	0.08645	0.03523	0.02384	0.11295	0.02460	0.03090	0.01883	0.01153	0.01029	0.00332	0.01393	0.04097	0.00622	0.01517
17	0.02902	0.23790	0.10992	0.06913	0.03468	0.03267	0.02196	0.15191	0.13866	0.03999	0.02408	0.02530	0.01858	0.01127	0.00925	0.00300	0.01156	0.00847	0.00726	0.01539
18	0.02857	0.03393	0.18675	0.02480	0.03427	0.02755	0.02417	0.17710	0.25734	0.04716	0.03122	0.03063	0.02288	0.01264	0.01050	0.00340	0.01137	0.01008	0.00887	0.01675
19	0.02630	0.02271	0.02391	0.02152	0.02749	0.02630	0.01674	0.05618	0.54336	0.04423	0.04303	0.03945	0.03228	0.01434	0.01076	0.00359	0.00837	0.01195	0.01076	0.01674
20	0.02101	0.01304	0.01735	0.01614	0.01873	0.01389	0.01202	0.05369	0.02032	0.09814	0.03133	0.04766	0.02929	0.22241	0.32332	0.01241	0.01960	0.01227	0.00716	0.01024
21	0.01966	0.01185	0.01564	0.01410	0.01741	0.01078	0.01078	0.02452	0.02998	0.11861	0.48244	0.07277	0.08913	0.02038	0.01220	0.00332	0.00557	0.01789	0.01185	0.01113
22	0.01250	0.01071	0.01071	0.01071	0.01428	0.00893	0.00803	0.01517	0.02410	0.02856	0.10711	0.10175	0.55817	0.02678	0.01250	0.00357	0.00536	0.02231	0.00982	0.00893
23	0.02827	0.63478	0.05540	0.01809	0.02714	0.04184	0.01809	0.03166	0.02148	0.02488	0.01470	0.01696	0.01357	0.00905	0.00678	0.00226	0.01131	0.00565	0.00452	0.01357
24	0.02862	0.02218	0.02609	0.02066	0.02678	0.06087	0.01680	0.03236	0.02248	0.13774	0.02174	0.02487	0.01708	0.01222	0.01638	0.00289	0.18501	0.00805	0.00708	0.31008
25	0.02121	0.05469	0.57364	0.03014	0.04576	0.02455	0.03906	0.03348	0.02232	0.03348	0.01897	0.02232	0.01339	0.01005	0.01005	0.00335	0.01563	0.00781	0.00446	0.01563
26	0.01538	0.01025	0.01153	0.01153	0.01153	0.01025	0.00641	0.01538	0.01538	0.02050	0.03331	0.06919	0.03844	0.62842	0.05382	0.01025	0.01025	0.01538	0.00641	0.00641
27	0.11178	0.01823	0.02365	0.01833	0.02635	0.01634	0.01514	0.04952	0.02906	0.51853	0.03906	0.03414	0.02473	0.01277	0.01023	0.00327	0.00892	0.01015	0.01244	0.01735
28	0.01534	0.01041	0.01232	0.01232	0.01259	0.01068	0.00739	0.01588	0.01561	0.02108	0.03260	0.06522	0.03671	0.54951	0.13037	0.01122	0.01285	0.01479	0.00630	0.00684
29	0.01838	0.01169	0.01663	0.01609	0.01862	0.01281	0.01253	0.02239	0.01958	0.07399	0.06573	0.04334	0.03142	0.06215	0.43291	0.01325	0.02244	0.01163	0.08414	0.01025
30	0.70310	0.02045	0.01554	0.01390	0.02045	0.02372	0.01145	0.03108	0.01799	0.04744	0.01472	0.01718	0.01145	0.00981	0.00654	0.00327	0.00818	0.00573	0.00654	0.01145
31	0.02192	0.01879	0.02192	0.01566	0.02506	0.01409	0.01253	0.02662	0.02192	0.03445	0.01879	0.02192	0.01566	0.00783	0.00783	0.00157	0.00783	0.00626	0.00626	0.69305
32	0.01509	0.01143	0.01440	0.01595	0.01867	0.01074	0.01325	0.01895	0.02396	0.03019	0.07467	0.14928	0.24163	0.02861	0.01376	0.00436	0.00789	0.28805	0.00977	0.00936
33	0.23370	0.01869	0.02198	0.01742	0.02513	0.01786	0.01438	0.04572	0.02678	0.42140	0.03405	0.03064	0.02199	0.01216	0.00947	0.00327	0.00876	0.00924	0.01123	0.01613
34	0.01538	0.01025	0.01153	0.01153	0.01153	0.01025	0.00641	0.01538	0.01538	0.02050	0.03331	0.06919	0.03844	0.62842	0.05382	0.01025	0.01025	0.01538	0.00641	0.00641
35	0.02747	0.56886	0.11430	0.01946	0.02925	0.03987	0.02047	0.03187	0.02158	0.02585	0.01519	0.01757	0.01355	0.00916	0.00715	0.00238	0.01180	0.00590	0.00452	0.01380
36	0.01399	0.01060	0.01290	0.01269	0.01529	0.00951	0.00938	0.01794	0.02709	0.03653	0.36632	0.14742	0.23285	0.02446	0.01259	0.00351	0.00523	0.02131	0.01089	0.00951
37	0.55202	0.01988	0.01761	0.01504	0.02196	0.02183	0.01239	0.03579	0.02082	0.16781	0.02094	0.02151	0.01484	0.01057	0.00749	0.00327	0.00837	0.00686	0.00805	0.01296
38	0.03393	0.02252	0.03621	0.04808	0.36707	0.02163	0.02628	0.03941	0.02633	0.22985	0.02785	0.02975	0.02019	0.01076	0.01053	0.00319	0.01126	0.00986	0.00810	0.01720
39	0.01460	0.01049	0.01190	0.01211	0.01387	0.00972	0.00834	0.01566	0.01976	0.02472	0.06573	0.08346	0.26472	0.24765	0.03103	0.08440	0.00795	0.05833	0.00797	0.00758
40	0.01358	0.01001	0.01272	0.01361	0.01535	0.00914	0.00961	0.01669	0.02434	0.03284	0.24718	0.34683	0.15315	0.02799	0.01297	0.00383	0.00560	0.02493	0.01048	0.00914
41	0.11178	0.01823	0.02365	0.01833	0.02635	0.01634	0.01514	0.04952	0.02906	0.51853	0.03906	0.03414	0.02473	0.01277	0.01023	0.00327	0.00892	0.01015	0.01244	0.01735
42	0.03770	0.05081	0.08332	0.02752	0.03397	0.53088	0.02226	0.04136	0.02921	0.02662	0.01660	0.01939	0.01360	0.01081	0.00958	0.00279	0.01873	0.00691	0.00535	0.01259
43	0.01288	0.00920	0.01227	0.01472	0.01534	0.00859	0.00981	0.01472	0.02024	0.02699	0.05828	0.62152	0.06993	0.03312	0.01350	0.00429	0.00613	0.03006	0.00981	0.00859
44	0.01324	0.00945	0.01260	0.01467	0.01535	0.00908	0.00984	0.01511	0.01963	0.02632	0.05405	0.53467	0.06414	0.07995	0.06272	0.00575	0.00823	0.02748	0.00923	0.00850
