[name]
unknown

[dist]
# distance from previous block
# <min> <max>
0	86

[block]
# block no. 0 follows, 13 sequences, length 20
# corresponding to MSA columns:
# 108-127
name=unknown_A
#
# <colnr> <probs for GDERKNQSTAVLIFYWHMCP>
#	G	D	E	R	K	N	Q	S	T	A	V	L	I	F	Y	W	H	M	C	P
0	0.01395	0.01042	0.01296	0.01305	0.01536	0.00943	0.00951	0.01772	0.02646	0.03587	0.34525	0.20653	0.19395	0.02535	0.01271	0.00360	0.00533	0.02229	0.01083	0.00943
1	0.01430	0.01057	0.01370	0.01364	0.01587	0.00996	0.01007	0.01831	0.02603	0.03594	0.35304	0.17343	0.14372	0.03078	0.07718	0.00506	0.00786	0.02058	0.01042	0.00954
2	0.11014	0.09625	0.07099	0.02199	0.02956	0.07012	0.01931	0.15108	0.09486	0.14414	0.02621	0.02641	0.01910	0.01238	0.01157	0.00325	0.05974	0.00882	0.00861	0.01546
3	0.01874	0.01742	0.07836	0.01666	0.02120	0.01371	0.01430	0.02686	0.09124	0.07387	0.27140	0.16558	0.10599	0.02132	0.01205	0.00355	0.00712	0.01861	0.01035	0.01167
4	0.01288	0.00920	0.01227	0.01472	0.01534	0.00859	0.00981	0.01472	0.02024	0.02699	0.05828	0.62152	0.06993	0.03312	0.01350	0.00429	0.00613	0.03006	0.00981	0.00859
5	0.02147	0.02045	0.03386	0.43895	0.15820	0.02479	0.02923	0.02784	0.02113	0.02823	0.01844	0.02725	0.01456	0.01125	0.01326	0.00358	0.08069	0.00938	0.00479	0.01265
6	0.03756	0.03074	0.13401	0.02540	0.03531	0.02555	0.06327	0.25093	0.03669	0.20928	0.02877	0.02826	0.01943	0.01201	0.01065	0.00327	0.01209	0.00977	0.00976	0.01724
7	0.01997	0.01879	0.03171	0.60301	0.07282	0.02349	0.02936	0.02701	0.02114	0.02701	0.01879	0.02819	0.01409	0.01057	0.01057	0.00352	0.01409	0.00940	0.00470	0.01175
8	0.70310	0.02045	0.01554	0.01390	0.02045	0.02372	0.01145	0.03108	0.01799	0.04744	0.01472	0.01718	0.01145	0.00981	0.00654	0.00327	0.00818	0.00573	0.00654	0.01145
9	0.01288	0.00920	0.01227	0.01472	0.01534	0.00859	0.00981	0.01472	0.02024	0.02699	0.05828	0.62152	0.06993	0.03312	0.01350	0.00429	0.00613	0.03006	0.00981	0.00859
10	0.01365	0.00994	0.01241	0.01339	0.01482	0.00918	0.00917	0.01615	0.02256	0.03017	0.18421	0.34431	0.14395	0.10401	0.01815	0.00470	0.00626	0.02442	0.00983	0.00870
11	0.02924	0.21981	0.11150	0.03045	0.04077	0.02940	0.22807	0.03601	0.02444	0.11832	0.02233	0.02542	0.01662	0.00976	0.01012	0.00308	0.01410	0.00951	0.00625	0.01481
12	0.03366	0.22039	0.17999	0.02227	0.03272	0.02824	0.02311	0.10023	0.02788	0.19615	0.02529	0.02515	0.01786	0.01098	0.00928	0.00297	0.01179	0.00820	0.00784	0.01599
13	0.01666	0.01029	0.01193	0.01173	0.01417	0.00975	0.00872	0.02124	0.02555	0.03907	0.26772	0.09949	0.10143	0.01880	0.01038	0.00304	0.00507	0.01613	0.29907	0.00975
14	0.02842	0.02224	0.02397	0.02125	0.02744	0.02522	0.01662	0.05572	0.49180	0.09704	0.04290	0.03910	0.03166	0.01422	0.01075	0.00355	0.00843	0.01182	0.01099	0.01686
15	0.18419	0.10944	0.03063	0.02209	0.02934	0.19118	0.01804	0.21643	0.03352	0.04545	0.01910	0.02071	0.01474	0.01109	0.00891	0.00295	0.01297	0.00742	0.00745	0.01434
16	0.12983	0.08717	0.29332	0.02341	0.03493	0.02455	0.02631	0.03490	0.08880	0.03651	0.02104	0.02323	0.01587	0.01016	0.00900	0.00302	0.01204	0.00762	0.00587	0.11242
17	0.08191	0.18086	0.14578	0.02353	0.03323	0.02974	0.05336	0.13027	0.09321	0.09392	0.02425	0.02509	0.01797	0.01105	0.00938	0.00308	0.01181	0.00854	0.00750	0.01554
18	0.02139	0.02863	0.20323	0.02163	0.02903	0.01893	0.02164	0.12480	0.02796	0.03887	0.09462	0.24102	0.04400	0.02003	0.01164	0.00364	0.01027	0.01729	0.00839	0.01298
19	0.13178	0.02164	0.13668	0.01824	0.02365	0.01508	0.01689	0.02407	0.02101	0.06898	0.04129	0.34967	0.04483	0.02282	0.01139	0.00385	0.00875	0.01981	0.00832	0.01125

[dist]
# distance from previous block
# <min> <max>
2	8

[block]
# block no. 1 follows, 13 sequences, length 82
# corresponding to MSA columns:
# 136-217
name=unknown_B
#
# <colnr> <probs for GDERKNQSTAVLIFYWHMCP>
#	G	D	E	R	K	N	Q	S	T	A	V	L	I	F	Y	W	H	M	C	P
0	0.31192	0.03204	0.18163	0.02934	0.13258	0.02515	0.02422	0.08232	0.02361	0.04294	0.01800	0.02120	0.01368	0.01010	0.00870	0.00326	0.01149	0.00741	0.00611	0.01432
1	0.02905	0.02586	0.03232	0.09756	0.03819	0.06625	0.08741	0.18309	0.03141	0.04269	0.02099	0.02447	0.01607	0.01006	0.00979	0.00267	0.01201	0.00855	0.00721	0.25435
2	0.01339	0.00958	0.01280	0.01493	0.01586	0.00899	0.01036	0.01577	0.02151	0.02887	0.10805	0.53063	0.07226	0.03169	0.01347	0.00424	0.00628	0.06252	0.00999	0.00881
3	0.02803	0.02263	0.02949	0.20103	0.09032	0.02549	0.02236	0.22553	0.07227	0.04465	0.02873	0.10873	0.02487	0.01467	0.01098	0.00346	0.01146	0.01246	0.00823	0.01461
4	0.01940	0.01179	0.01555	0.01405	0.01732	0.01074	0.01074	0.02426	0.02997	0.11438	0.48657	0.07311	0.08972	0.02045	0.01222	0.00332	0.00554	0.01796	0.01184	0.01107
5	0.01510	0.01133	0.01699	0.01699	0.01888	0.01322	0.01322	0.01888	0.01699	0.02454	0.02832	0.04154	0.02643	0.07930	0.58652	0.01699	0.02832	0.01133	0.00566	0.00944
6	0.01971	0.00985	0.00985	0.00985	0.01232	0.00985	0.00739	0.02464	0.02217	0.03942	0.03449	0.03942	0.02710	0.01232	0.00739	0.00246	0.00493	0.00985	0.68712	0.00985
7	0.70310	0.02045	0.01554	0.01390	0.02045	0.02372	0.01145	0.03108	0.01799	0.04744	0.01472	0.01718	0.01145	0.00981	0.00654	0.00327	0.00818	0.00573	0.00654	0.01145
8	0.01538	0.01025	0.01153	0.01153	0.01153	0.01025	0.00641	0.01538	0.01538	0.02050	0.03331	0.06919	0.03844	0.62842	0.05382	0.01025	0.01025	0.01538	0.00641	0.00641
9	0.02827	0.63478	0.05540	0.01809	0.02714	0.04184	0.01809	0.03166	0.02148	0.02488	0.01470	0.01696	0.01357	0.00905	0.00678	0.00226	0.01131	0.00565	0.00452	0.01357
10	0.02192	0.01879	0.02192	0.01566	0.02506	0.01409	0.01253	0.02662	0.02192	0.03445	0.01879	0.02192	0.01566	0.00783	0.00783	0.00157	0.00783	0.00626	0.00626	0.69305
11	0.02630	0.02271	0.02391	0.02152	0.02749	0.02630	0.01674	0.05618	0.54336	0.04423	0.04303	0.03945	0.03228	0.01434	0.01076	0.00359	0.00837	0.01195	0.01076	0.01674
12	0.04744	0.01799	0.02454	0.01881	0.02699	0.01554	0.01554	0.05153	0.03026	0.56979	0.04171	0.03599	0.02617	0.01309	0.01063	0.00327	0.00900	0.01063	0.01309	0.01799
13	0.02644	0.45083	0.16623	0.02330	0.03391	0.03665	0.07319	0.03227	0.02201	0.02760	0.01628	0.01926	0.01378	0.00924	0.00805	0.00262	0.01288	0.00680	0.00459	0.01407
14	0.04019	0.02962	0.03173	0.02433	0.03279	0.03279	0.02010	0.52721	0.04971	0.06663	0.02538	0.02538	0.01798	0.01269	0.01058	0.00317	0.01163	0.00952	0.01058	0.01798
15	0.01288	0.00920	0.01227	0.01472	0.01534	0.00859	0.00981	0.01472	0.02024	0.02699	0.05828	0.62152	0.06993	0.03312	0.01350	0.00429	0.00613	0.03006	0.00981	0.00859
16	0.02313	0.02313	0.03238	0.02776	0.02776	0.03238	0.02313	0.02545	0.01619	0.02545	0.01388	0.02313	0.01388	0.01851	0.03470	0.00463	0.60907	0.00925	0.00463	0.01157
17	0.01284	0.00935	0.01211	0.01432	0.01523	0.00862	0.00963	0.01477	0.02063	0.02715	0.06322	0.56884	0.11942	0.03248	0.01339	0.00422	0.00606	0.02927	0.00982	0.00862
18	0.70310	0.02045	0.01554	0.01390	0.02045	0.02372	0.01145	0.03108	0.01799	0.04744	0.01472	0.01718	0.01145	0.00981	0.00654	0.00327	0.00818	0.00573	0.00654	0.01145
19	0.03950	0.05039	0.02996	0.02724	0.03269	0.58597	0.02043	0.04222	0.02996	0.02588	0.01634	0.01907	0.01362	0.01090	0.00953	0.00272	0.01907	0.00681	0.00545	0.01226
20	0.01288	0.00920	0.01227	0.01472	0.01534	0.00859	0.00981	0.01472	0.02024	0.02699	0.05828	0.62152	0.06993	0.03312	0.01350	0.00429	0.00613	0.03006	0.00981	0.00859
21	0.01288	0.00920	0.01227	0.01472	0.01534	0.00859	0.00981	0.01472	0.02024	0.02699	0.05828	0.62152	0.06993	0.03312	0.01350	0.00429	0.00613	0.03006	0.00981	0.00859
22	0.63471	0.01939	0.01497	0.01350	0.01963	0.02233	0.01104	0.03044	0.01841	0.04664	0.01670	0.01940	0.01302	0.01007	0.00663	0.00319	0.00785	0.00614	0.07466	0.01129
23	0.01253	0.01056	0.01087	0.01111	0.01439	0.00889	0.00821	0.01513	0.02371	0.02841	0.10222	0.15377	0.50931	0.02741	0.01260	0.00364	0.00543	0.02309	0.00982	0.00889
24	0.01449	0.01081	0.01356	0.01346	0.01605	0.00987	0.01025	0.01875	0.02744	0.03727	0.37505	0.12566	0.19269	0.02429	0.01276	0.00360	0.00562	0.06783	0.01093	0.00963
25	0.01496	0.01081	0.01413	0.01330	0.01580	0.00998	0.00998	0.01995	0.02993	0.04240	0.55689	0.07898	0.09976	0.02162	0.01247	0.00333	0.00499	0.01912	0.01164	0.00998
26	0.01288	0.00920	0.01227	0.01472	0.01534	0.00859	0.00981	0.01472	0.02024	0.02699	0.05828	0.62152	0.06993	0.03312	0.01350	0.00429	0.00613	0.03006	0.00981	0.00859
27	0.04229	0.02403	0.02800	0.02171	0.02986	0.02478	0.01786	0.28428	0.07877	0.28401	0.03384	0.03107	0.02263	0.01299	0.01062	0.00325	0.01024	0.01019	0.01168	0.01789
28	0.01837	0.00918	0.01377	0.01377	0.01377	0.00918	0.00918	0.01377	0.01377	0.01837	0.01837	0.03214	0.01837	0.03673	0.04132	0.69238	0.00918	0.00918	0.00459	0.00459
29	0.01538	0.01025	0.01153	0.01153	0.01153	0.01025	0.00641	0.01538	0.01538	0.02050	0.03331	0.06919	0.03844	0.62842	0.05382	0.01025	0.01025	0.01538	0.00641	0.00641
30	0.02458	0.03117	0.11421	0.04310	0.05430	0.02652	0.47490	0.03383	0.02469	0.03383	0.02115	0.02789	0.01577	0.00903	0.01223	0.00354	0.01760	0.01200	0.00526	0.01440
31	0.02060	0.01943	0.03285	0.54846	0.12245	0.02366	0.02968	0.02757	0.02144	0.02778	0.01890	0.02798	0.01436	0.01045	0.01056	0.00348	0.01394	0.00940	0.00475	0.01225
32	0.01983	0.01139	0.01359	0.01559	0.06309	0.01159	0.01026	0.02476	0.02182	0.03747	0.03254	0.03843	0.02609	0.01884	0.06637	0.00400	0.00799	0.00996	0.55594	0.01044
33	0.70310	0.02045	0.01554	0.01390	0.02045	0.02372	0.01145	0.03108	0.01799	0.04744	0.01472	0.01718	0.01145	0.00981	0.00654	0.00327	0.00818	0.00573	0.00654	0.01145
34	0.02313	0.02313	0.03238	0.02776	0.02776	0.03238	0.02313	0.02545	0.01619	0.02545	0.01388	0.02313	0.01388	0.01851	0.03470	0.00463	0.60907	0.00925	0.00463	0.01157
35	0.02354	0.02687	0.10462	0.12255	0.08168	0.02452	0.14272	0.03915	0.19823	0.03686	0.06507	0.03469	0.02672	0.01206	0.01114	0.00349	0.01251	0.01146	0.00738	0.01475
36	0.02448	0.01871	0.02219	0.01598	0.02525	0.01424	0.01283	0.02912	0.02276	0.08803	0.02109	0.02333	0.01671	0.00836	0.00811	0.00174	0.00795	0.00670	0.00695	0.62549
37	0.01457	0.01079	0.01359	0.01289	0.01556	0.00981	0.00967	0.01920	0.02901	0.04021	0.48572	0.08258	0.17230	0.02243	0.01247	0.00336	0.00505	0.01963	0.01135	0.00981
38	0.04100	0.01661	0.02224	0.01752	0.02471	0.01438	0.01430	0.04505	0.02967	0.46767	0.09927	0.04628	0.08200	0.01519	0.01099	0.00330	0.00826	0.01255	0.01264	0.01636
39	0.01288	0.00920	0.01227	0.01472	0.01534	0.00859	0.00981	0.01472	0.02024	0.02699	0.05828	0.62152	0.06993	0.03312	0.01350	0.00429	0.00613	0.03006	0.00981	0.00859
40	0.01345	0.00980	0.01276	0.01466	0.01593	0.00911	0.01037	0.01596	0.02193	0.02902	0.10841	0.46916	0.12123	0.03104	0.01341	0.00419	0.00631	0.07444	0.00997	0.00886
41	0.70310	0.02045	0.01554	0.01390	0.02045	0.02372	0.01145	0.03108	0.01799	0.04744	0.01472	0.01718	0.01145	0.00981	0.00654	0.00327	0.00818	0.00573	0.00654	0.01145
42	0.70310	0.02045	0.01554	0.01390	0.02045	0.02372	0.01145	0.03108	0.01799	0.04744	0.01472	0.01718	0.01145	0.00981	0.00654	0.00327	0.00818	0.00573	0.00654	0.01145
43	0.04744	0.01799	0.02454	0.01881	0.02699	0.01554	0.01554	0.05153	0.03026	0.56979	0.04171	0.03599	0.02617	0.01309	0.01063	0.00327	0.00900	0.01063	0.01309	0.01799
44	0.02630	0.02271	0.02391	0.02152	0.02749	0.02630	0.01674	0.05618	0.54336	0.04423	0.04303	0.03945	0.03228	0.01434	0.01076	0.00359	0.00837	0.01195	0.01076	0.01674
45	0.70310	0.02045	0.01554	0.01390	0.02045	0.02372	0.01145	0.03108	0.01799	0.04744	0.01472	0.01718	0.01145	0.00981	0.00654	0.00327	0.00818	0.00573	0.00654	0.01145
46	0.02199	0.01988	0.03171	0.54505	0.06881	0.02442	0.02844	0.07711	0.02400	0.03098	0.01945	0.02791	0.01448	0.01078	0.01057	0.00349	0.01385	0.00941	0.00529	0.01237
47	0.01447	0.01079	0.01345	0.01278	0.01549	0.00977	0.00959	0.01900	0.02876	0.03963	0.46682	0.08354	0.19156	0.02265	0.01248	0.00337	0.00506	0.01976	0.01127	0.00977
48	0.70310	0.02045	0.01554	0.01390	0.02045	0.02372	0.01145	0.03108	0.01799	0.04744	0.01472	0.01718	0.01145	0.00981	0.00654	0.00327	0.00818	0.00573	0.00654	0.01145
49	0.02827	0.63478	0.05540	0.01809	0.02714	0.04184	0.01809	0.03166	0.02148	0.02488	0.01470	0.01696	0.01357	0.00905	0.00678	0.00226	0.01131	0.00565	0.00452	0.01357
50	0.02192	0.01879	0.02192	0.01566	0.02506	0.01409	0.01253	0.02662	0.02192	0.03445	0.01879	0.02192	0.01566	0.00783	0.00783	0.00157	0.00783	0.00626	0.00626	0.69305
51	0.04019	0.02962	0.03173	0.02433	0.03279	0.03279	0.02010	0.52721	0.04971	0.06663	0.02538	0.02538	0.01798	0.01269	0.01058	0.00317	0.01163	0.00952	0.01058	0.01798
52	0.70310	0.02045	0.01554	0.01390	0.02045	0.02372	0.01145	0.03108	0.01799	0.04744	0.01472	0.01718	0.01145	0.00981	0.00654	0.00327	0.00818	0.00573	0.00654	0.01145
53	0.02408	0.02299	0.03914	0.24616	0.39753	0.02457	0.03141	0.03062	0.02309	0.03201	0.01952	0.02685	0.01585	0.00981	0.01050	0.00327	0.01308	0.00941	0.00505	0.01506
54	0.04019	0.02962	0.03173	0.02433	0.03279	0.03279	0.02010	0.52721	0.04971	0.06663	0.02538	0.02538	0.01798	0.01269	0.01058	0.00317	0.01163	0.00952	0.01058	0.01798
55	0.03356	0.02216	0.02818	0.02263	0.02978	0.02310	0.06262	0.14415	0.20650	0.18977	0.08862	0.03864	0.03303	0.01390	0.01102	0.00339	0.00972	0.01187	0.01095	0.01642
56	0.02121	0.05469	0.57364	0.03014	0.04576	0.02455	0.03906	0.03348	0.02232	0.03348	0.01897	0.02232	0.01339	0.01005	0.01005	0.00335	0.01563	0.00781	0.00446	0.01563
57	0.01997	0.01879	0.03171	0.60301	0.07282	0.02349	0.02936	0.02701	0.02114	0.02701	0.01879	0.02819	0.01409	0.01057	0.01057	0.00352	0.01409	0.00940	0.00470	0.01175
58	0.02192	0.01879	0.02192	0.01566	0.02506	0.01409	0.01253	0.02662	0.02192	0.03445	0.01879	0.02192	0.01566	0.00783	0.00783	0.00157	0.00783	0.00626	0.00626	0.69305
59	0.01432	0.01049	0.01343	0.01331	0.01555	0.00960	0.00975	0.01847	0.02749	0.03805	0.41594	0.18504	0.14052	0.02434	0.01267	0.00354	0.00524	0.02154	0.01111	0.00960
60	0.01288	0.00920	0.01227	0.01472	0.01534	0.00859	0.00981	0.01472	0.02024	0.02699	0.05828	0.62152	0.06993	0.03312	0.01350	0.00429	0.00613	0.03006	0.00981	0.00859
61	0.03219	0.28973	0.09554	0.02204	0.03129	0.03535	0.02090	0.23213	0.07085	0.04387	0.02147	0.02251	0.01668	0.01099	0.00892	0.00283	0.01166	0.00788	0.00740	0.01577
62	0.02266	0.12921	0.44914	0.02766	0.04144	0.02705	0.03402	0.03551	0.07440	0.03341	0.02081	0.02332	0.01531	0.01034	0.00968	0.00323	0.01432	0.00794	0.00510	0.01546
63	0.02949	0.11911	0.17310	0.02984	0.12104	0.06544	0.02489	0.03853	0.07789	0.13609	0.06123	0.03011	0.02415	0.01165	0.00996	0.00312	0.01203	0.00942	0.00744	0.01546
64	0.02264	0.02976	0.16598	0.02636	0.03515	0.02311	0.11637	0.03980	0.22982	0.03791	0.07379	0.04202	0.08172	0.01399	0.01119	0.00350	0.01142	0.01254	0.00814	0.01476
65	0.01278	0.01058	0.01120	0.01134	0.01453	0.00900	0.00839	0.01561	0.02433	0.02980	0.14768	0.14681	0.46783	0.02684	0.01258	0.00361	0.00539	0.02270	0.01000	0.00900
66	0.03105	0.04182	0.28962	0.02838	0.04000	0.09893	0.07868	0.08330	0.02770	0.14356	0.02403	0.02554	0.01668	0.01090	0.01039	0.00325	0.01461	0.00887	0.00698	0.01573
67	0.07860	0.01991	0.02645	0.18008	0.03868	0.02259	0.01999	0.08489	0.07374	0.16244	0.08065	0.03447	0.02743	0.01378	0.01355	0.00354	0.08589	0.01063	0.00863	0.01406
68	0.03950	0.05039	0.02996	0.02724	0.03269	0.58597	0.02043	0.04222	0.02996	0.02588	0.01634	0.01907	0.01362	0.01090	0.00953	0.00272	0.01907	0.00681	0.00545	0.01226
69	0.02340	0.01424	0.01786	0.01578	0.02000	0.01382	0.01223	0.03236	0.11574	0.14894	0.36729	0.06372	0.07367	0.01868	0.01181	0.00336	0.00636	0.01621	0.01178	0.01272
70	0.03469	0.02276	0.08506	0.06419	0.03515	0.01867	0.09405	0.04198	0.06031	0.30948	0.03653	0.09182	0.02731	0.01407	0.01114	0.00346	0.01101	0.01257	0.01000	0.01574
71	0.27130	0.02147	0.02445	0.02264	0.07931	0.02218	0.01657	0.12099	0.02860	0.25219	0.02748	0.02674	0.01878	0.01152	0.00919	0.00324	0.00951	0.00863	0.00962	0.01560
72	0.01250	0.01071	0.01071	0.01071	0.01428	0.00893	0.00803	0.01517	0.02410	0.02856	0.10711	0.10175	0.55817	0.02678	0.01250	0.00357	0.00536	0.02231	0.00982	0.00893
73	0.23194	0.02902	0.13726	0.10406	0.07206	0.02488	0.02301	0.12862	0.02705	0.09690	0.02125	0.02380	0.01529	0.01082	0.00926	0.00329	0.01155	0.00812	0.00721	0.01461
74	0.03159	0.03180	0.03449	0.21241	0.08283	0.20839	0.07413	0.09629	0.02873	0.06899	0.02067	0.02528	0.01560	0.01086	0.01042	0.00318	0.01535	0.00896	0.00633	0.01369
75	0.02423	0.02288	0.01988	0.01858	0.02288	0.13077	0.01400	0.07747	0.15022	0.03558	0.05204	0.16301	0.14486	0.01973	0.01120	0.00344	0.00952	0.01635	0.05110	0.01227
76	0.01324	0.00966	0.01247	0.01404	0.01532	0.00889	0.00967	0.01577	0.02249	0.03010	0.15854	0.46512	0.12512	0.03028	0.01320	0.00404	0.00584	0.02718	0.01016	0.00889
77	0.02101	0.03228	0.22169	0.22283	0.09107	0.02315	0.11164	0.02963	0.02230	0.03090	0.02295	0.08012	0.01945	0.01209	0.01096	0.00351	0.01439	0.01124	0.00523	0.01356
78	0.11842	0.10783	0.08639	0.11726	0.09041	0.02712	0.02239	0.10475	0.09731	0.09297	0.02435	0.02637	0.01810	0.01116	0.00950	0.00320	0.01131	0.00874	0.00743	0.01501
79	0.01322	0.01017	0.01210	0.01282	0.01503	0.00905	0.00916	0.01612	0.02402	0.03121	0.19414	0.29102	0.26804	0.02795	0.01286	0.00378	0.00556	0.02447	0.01024	0.00905
80	0.01285	0.00932	0.01215	0.01442	0.01526	0.00861	0.00968	0.01476	0.02054	0.02711	0.06199	0.58200	0.10705	0.03264	0.01342	0.00424	0.00608	0.02947	0.00982	0.00861
81	0.14871	0.02233	0.03353	0.02604	0.03376	0.02273	0.16813	0.04173	0.15671	0.14852	0.06458	0.03409	0.02685	0.01212	0.01062	0.00344	0.01110	0.01121	0.00891	0.01488

[dist]
# distance from previous block
# <min> <max>
4	11

[block]
# block no. 2 follows, 13 sequences, length 47
# corresponding to MSA columns:
# 229-275
name=unknown_C
#
# <colnr> <probs for GDERKNQSTAVLIFYWHMCP>
#	G	D	E	R	K	N	Q	S	T	A	V	L	I	F	Y	W	H	M	C	P
0	0.15902	0.08791	0.06245	0.01822	0.02406	0.08122	0.01559	0.03124	0.02325	0.12706	0.06431	0.14197	0.03274	0.02167	0.05996	0.00450	0.01154	0.01282	0.00808	0.01240
1	0.02305	0.06722	0.07778	0.02098	0.06182	0.01908	0.01715	0.03116	0.07784	0.03473	0.02118	0.02375	0.01714	0.00892	0.00845	0.00210	0.00917	0.00718	0.00638	0.46491
2	0.03635	0.02437	0.09389	0.02034	0.02960	0.01898	0.01843	0.09510	0.06639	0.29540	0.03226	0.03035	0.02186	0.01162	0.00996	0.00293	0.00982	0.00931	0.01010	0.16294
3	0.02175	0.01482	0.01845	0.01512	0.02096	0.01222	0.01171	0.02617	0.02567	0.10524	0.21792	0.10821	0.05282	0.01613	0.01045	0.00270	0.00678	0.01396	0.00944	0.28947
4	0.01707	0.01503	0.02434	0.16149	0.07238	0.01545	0.06787	0.02183	0.02331	0.03108	0.13431	0.22690	0.10471	0.02090	0.01219	0.00371	0.00940	0.01912	0.00813	0.01078
5	0.01472	0.01080	0.01379	0.01304	0.01564	0.00987	0.00978	0.01947	0.02934	0.04100	0.51149	0.08128	0.14604	0.02214	0.01247	0.00335	0.00503	0.01944	0.01146	0.00987
6	0.01388	0.00994	0.01332	0.01519	0.01641	0.00938	0.01094	0.01674	0.02259	0.03045	0.14706	0.44856	0.07389	0.03047	0.01348	0.00421	0.00647	0.09788	0.01013	0.00901
7	0.03721	0.16939	0.03514	0.02538	0.03156	0.47517	0.01995	0.04007	0.02824	0.02567	0.01601	0.01864	0.01361	0.01052	0.00897	0.00263	0.01749	0.00657	0.00526	0.01252
8	0.03950	0.05039	0.02996	0.02724	0.03269	0.58597	0.02043	0.04222	0.02996	0.02588	0.01634	0.01907	0.01362	0.01090	0.00953	0.00272	0.01907	0.00681	0.00545	0.01226
9	0.01356	0.00981	0.01343	0.01503	0.01611	0.00968	0.01052	0.01613	0.02062	0.02814	0.10550	0.44539	0.06426	0.04130	0.13007	0.00678	0.01053	0.02507	0.00916	0.00891
10	0.02760	0.58022	0.10415	0.01922	0.02889	0.04021	0.02006	0.03183	0.02156	0.02569	0.01510	0.01747	0.01355	0.00914	0.00709	0.00236	0.01171	0.00586	0.00452	0.01376
11	0.01837	0.00918	0.01377	0.01377	0.01377	0.00918	0.00918	0.01377	0.01377	0.01837	0.01837	0.03214	0.01837	0.03673	0.04132	0.69238	0.00918	0.00918	0.00459	0.00459
12	0.01563	0.01027	0.01233	0.01233	0.01253	0.01047	0.00740	0.01560	0.01540	0.02073	0.03137	0.06275	0.03527	0.51403	0.10961	0.07513	0.01208	0.01436	0.00616	0.00656
13	0.32187	0.02146	0.02531	0.08919	0.12224	0.02320	0.01865	0.08150	0.02475	0.14603	0.02230	0.02435	0.01612	0.01073	0.00883	0.00327	0.01007	0.00807	0.00776	0.01428
14	0.26961	0.14716	0.08388	0.01927	0.02767	0.08884	0.01767	0.09130	0.02468	0.04002	0.01709	0.01941	0.01358	0.00991	0.00791	0.00281	0.01110	0.00656	0.00627	0.09526
15	0.01600	0.01177	0.01560	0.01726	0.01991	0.01136	0.01469	0.02049	0.02486	0.03217	0.11582	0.11202	0.15498	0.02800	0.01401	0.00448	0.00846	0.35858	0.00994	0.00961
16	0.37299	0.02424	0.02271	0.01876	0.02598	0.02750	0.01537	0.22539	0.08781	0.05450	0.02194	0.02279	0.01625	0.01142	0.00856	0.00327	0.00953	0.00787	0.00856	0.01455
17	0.01430	0.00980	0.01185	0.01291	0.01317	0.00953	0.00787	0.01509	0.01747	0.02330	0.04406	0.30701	0.05200	0.37210	0.03645	0.00769	0.00848	0.02170	0.00787	0.00735
18	0.01288	0.00920	0.01227	0.01472	0.01534	0.00859	0.00981	0.01472	0.02024	0.02699	0.05828	0.62152	0.06993	0.03312	0.01350	0.00429	0.00613	0.03006	0.00981	0.00859
19	0.02883	0.27129	0.10837	0.02175	0.03061	0.03337	0.02072	0.12489	0.18375	0.03903	0.02563	0.02588	0.01995	0.01140	0.00906	0.00296	0.01103	0.00850	0.00744	0.01555
20	0.01538	0.01025	0.01153	0.01153	0.01153	0.01025	0.00641	0.01538	0.01538	0.02050	0.03331	0.06919	0.03844	0.62842	0.05382	0.01025	0.01025	0.01538	0.00641	0.00641
21	0.01288	0.00920	0.01227	0.01472	0.01534	0.00859	0.00981	0.01472	0.02024	0.02699	0.05828	0.62152	0.06993	0.03312	0.01350	0.00429	0.00613	0.03006	0.00981	0.00859
22	0.01997	0.01879	0.03171	0.60301	0.07282	0.02349	0.02936	0.02701	0.02114	0.02701	0.01879	0.02819	0.01409	0.01057	0.01057	0.00352	0.01409	0.00940	0.00470	0.01175
23	0.02710	0.40780	0.21061	0.02254	0.03328	0.08386	0.02467	0.03313	0.02248	0.02758	0.01614	0.01877	0.01352	0.00951	0.00801	0.00263	0.01329	0.00641	0.00459	0.01408
24	0.01436	0.01078	0.01329	0.01266	0.01542	0.00972	0.00950	0.01877	0.02849	0.03899	0.44603	0.08459	0.21275	0.02289	0.01248	0.00339	0.00508	0.01991	0.01119	0.00972
25	0.70310	0.02045	0.01554	0.01390	0.02045	0.02372	0.01145	0.03108	0.01799	0.04744	0.01472	0.01718	0.01145	0.00981	0.00654	0.00327	0.00818	0.00573	0.00654	0.01145
26	0.02505	0.02398	0.04089	0.16226	0.47387	0.02483	0.03189	0.03147	0.02354	0.03318	0.01969	0.02653	0.01627	0.00963	0.01049	0.00321	0.01284	0.00942	0.00514	0.01584
27	0.01593	0.01214	0.01693	0.01650	0.01769	0.01420	0.01227	0.01853	0.01647	0.02351	0.02834	0.04745	0.02857	0.22531	0.38742	0.01397	0.07795	0.01225	0.00577	0.00880
28	0.04666	0.01924	0.02531	0.01940	0.02761	0.01738	0.01603	0.10240	0.03234	0.51597	0.03997	0.03485	0.02530	0.01304	0.01063	0.00326	0.00928	0.01051	0.01282	0.01799
29	0.01997	0.01879	0.03171	0.60301	0.07282	0.02349	0.02936	0.02701	0.02114	0.02701	0.01879	0.02819	0.01409	0.01057	0.01057	0.00352	0.01409	0.00940	0.00470	0.01175
30	0.01451	0.01046	0.01373	0.01361	0.01570	0.00968	0.00994	0.01882	0.02783	0.03906	0.44892	0.19645	0.09330	0.02411	0.01269	0.00354	0.00524	0.02149	0.01124	0.00968
31	0.70310	0.02045	0.01554	0.01390	0.02045	0.02372	0.01145	0.03108	0.01799	0.04744	0.01472	0.01718	0.01145	0.00981	0.00654	0.00327	0.00818	0.00573	0.00654	0.01145
32	0.02908	0.02545	0.02461	0.02197	0.02803	0.08694	0.01706	0.05436	0.45467	0.07545	0.04003	0.03700	0.02985	0.01389	0.01062	0.00347	0.00958	0.01131	0.01032	0.01632
33	0.01704	0.01217	0.01704	0.01947	0.02191	0.01217	0.01704	0.02191	0.02434	0.03164	0.05598	0.11926	0.06085	0.02921	0.01460	0.00487	0.00974	0.49130	0.00974	0.00974
34	0.01374	0.00998	0.01312	0.01515	0.01647	0.00936	0.01099	0.01641	0.02195	0.02896	0.09402	0.44996	0.11260	0.03112	0.01355	0.00427	0.00665	0.11287	0.00992	0.00892
35	0.04481	0.01968	0.02527	0.01965	0.02767	0.01836	0.01614	0.10405	0.07697	0.46899	0.04004	0.03513	0.02581	0.01315	0.01064	0.00329	0.00923	0.01063	0.01261	0.01788
36	0.02500	0.02393	0.04081	0.16597	0.47050	0.02482	0.03187	0.03143	0.02352	0.03313	0.01968	0.02655	0.01625	0.00964	0.01049	0.00321	0.01285	0.00942	0.00513	0.01581
37	0.02738	0.56169	0.12070	0.01961	0.02948	0.03966	0.02073	0.03189	0.02159	0.02596	0.01524	0.01764	0.01355	0.00917	0.00720	0.00240	0.01185	0.00593	0.00452	0.01383
38	0.04092	0.02844	0.03100	0.02377	0.03220	0.03105	0.01964	0.47919	0.04775	0.11742	0.02703	0.02645	0.01881	0.01273	0.01058	0.00318	0.01137	0.00963	0.01083	0.01798
39	0.01496	0.01081	0.01413	0.01330	0.01580	0.00998	0.00998	0.01995	0.02993	0.04240	0.55689	0.07898	0.09976	0.02162	0.01247	0.00333	0.00499	0.01912	0.01164	0.00998
40	0.02372	0.02262	0.03849	0.27768	0.36884	0.02448	0.03123	0.03030	0.02292	0.03157	0.01945	0.02697	0.01570	0.00988	0.01051	0.00329	0.01317	0.00941	0.00502	0.01477
41	0.03158	0.02565	0.02929	0.02806	0.09692	0.02863	0.02000	0.23288	0.28961	0.05156	0.03338	0.03241	0.02487	0.01309	0.01065	0.00337	0.01014	0.01071	0.00999	0.01721
42	0.01997	0.01879	0.03171	0.60301	0.07282	0.02349	0.02936	0.02701	0.02114	0.02701	0.01879	0.02819	0.01409	0.01057	0.01057	0.00352	0.01409	0.00940	0.00470	0.01175
43	0.01455	0.01040	0.01419	0.01663	0.01798	0.01003	0.01272	0.01761	0.02189	0.02886	0.05735	0.41946	0.06628	0.03155	0.01394	0.00452	0.00758	0.21562	0.00978	0.00905
44	0.02508	0.20333	0.38050	0.02637	0.03952	0.02994	0.03157	0.08581	0.02503	0.03478	0.01854	0.02125	0.01393	0.01007	0.00925	0.00305	0.01407	0.00743	0.00513	0.01534
45	0.11007	0.02655	0.02799	0.02222	0.02967	0.02935	0.01811	0.42112	0.04326	0.06053	0.02754	0.08466	0.02251	0.01444	0.01043	0.00330	0.01070	0.01118	0.01006	0.01632
46	0.09749	0.17982	0.39735	0.02568	0.03885	0.02830	0.03138	0.03282	0.02166	0.03310	0.01756	0.02057	0.01322	0.00980	0.00894	0.00310	0.01385	0.00710	0.00471	0.01471

[dist]
# distance from previous block
# <min> <max>
0	1

[block]
# block no. 3 follows, 13 sequences, length 30
# corresponding to MSA columns:
# 277-306
name=unknown_D
#
# <colnr> <probs for GDERKNQSTAVLIFYWHMCP>
#	G	D	E	R	K	N	Q	S	T	A	V	L	I	F	Y	W	H	M	C	P
0	0.02640	0.02759	0.08582	0.07703	0.04365	0.02586	0.22325	0.12687	0.11452	0.04181	0.07276	0.03367	0.02612	0.01185	0.01149	0.00345	0.01352	0.01181	0.00764	0.01489
1	0.70310	0.02045	0.01554	0.01390	0.02045	0.02372	0.01145	0.03108	0.01799	0.04744	0.01472	0.01718	0.01145	0.00981	0.00654	0.00327	0.00818	0.00573	0.00654	0.01145
2	0.01366	0.01094	0.01242	0.01325	0.01627	0.00970	0.01043	0.01681	0.02382	0.02919	0.09006	0.15220	0.39116	0.02794	0.01311	0.00396	0.00651	0.13967	0.00980	0.00910
3	0.04019	0.02962	0.03173	0.02433	0.03279	0.03279	0.02010	0.52721	0.04971	0.06663	0.02538	0.02538	0.01798	0.01269	0.01058	0.00317	0.01163	0.00952	0.01058	0.01798
4	0.01533	0.01043	0.01242	0.01242	0.01273	0.01073	0.00751	0.01595	0.01564	0.02116	0.03250	0.06469	0.03649	0.53904	0.14052	0.01135	0.01319	0.01472	0.00629	0.00690
5	0.02630	0.02271	0.02391	0.02152	0.02749	0.02630	0.01674	0.05618	0.54336	0.04423	0.04303	0.03945	0.03228	0.01434	0.01076	0.00359	0.00837	0.01195	0.01076	0.01674
6	0.02121	0.05469	0.57364	0.03014	0.04576	0.02455	0.03906	0.03348	0.02232	0.03348	0.01897	0.02232	0.01339	0.01005	0.01005	0.00335	0.01563	0.00781	0.00446	0.01563
7	0.01538	0.01025	0.01153	0.01153	0.01153	0.01025	0.00641	0.01538	0.01538	0.02050	0.03331	0.06919	0.03844	0.62842	0.05382	0.01025	0.01025	0.01538	0.00641	0.00641
8	0.03415	0.02518	0.02727	0.02245	0.02968	0.02803	0.01804	0.25459	0.28687	0.10296	0.03546	0.03319	0.02567	0.01353	0.01067	0.00338	0.00981	0.01080	0.01090	0.01738
9	0.01510	0.01133	0.01699	0.01699	0.01888	0.01322	0.01322	0.01888	0.01699	0.02454	0.02832	0.04154	0.02643	0.07930	0.58652	0.01699	0.02832	0.01133	0.00566	0.00944
10	0.02496	0.02852	0.06239	0.04456	0.05526	0.02674	0.52406	0.03387	0.02496	0.03387	0.02139	0.02852	0.01604	0.00891	0.01248	0.00357	0.01783	0.01248	0.00535	0.01426
11	0.01288	0.00920	0.01227	0.01472	0.01534	0.00859	0.00981	0.01472	0.02024	0.02699	0.05828	0.62152	0.06993	0.03312	0.01350	0.00429	0.00613	0.03006	0.00981	0.00859
12	0.01288	0.00920	0.01227	0.01472	0.01534	0.00859	0.00981	0.01472	0.02024	0.02699	0.05828	0.62152	0.06993	0.03312	0.01350	0.00429	0.00613	0.03006	0.00981	0.00859
13	0.02496	0.02852	0.06239	0.04456	0.05526	0.02674	0.52406	0.03387	0.02496	0.03387	0.02139	0.02852	0.01604	0.00891	0.01248	0.00357	0.01783	0.01248	0.00535	0.01426
14	0.70310	0.02045	0.01554	0.01390	0.02045	0.02372	0.01145	0.03108	0.01799	0.04744	0.01472	0.01718	0.01145	0.00981	0.00654	0.00327	0.00818	0.00573	0.00654	0.01145
15	0.01594	0.01278	0.02084	0.01933	0.02196	0.01436	0.05648	0.02015	0.01767	0.02533	0.02773	0.04043	0.02555	0.07334	0.53790	0.01586	0.02743	0.01143	0.00564	0.00985
16	0.02827	0.63478	0.05540	0.01809	0.02714	0.04184	0.01809	0.03166	0.02148	0.02488	0.01470	0.01696	0.01357	0.00905	0.00678	0.00226	0.01131	0.00565	0.00452	0.01357
17	0.01538	0.01025	0.01153	0.01153	0.01153	0.01025	0.00641	0.01538	0.01538	0.02050	0.03331	0.06919	0.03844	0.62842	0.05382	0.01025	0.01025	0.01538	0.00641	0.00641
18	0.01571	0.01098	0.01432	0.01414	0.01662	0.01036	0.01104	0.02067	0.02831	0.04023	0.42558	0.08309	0.08703	0.02224	0.01245	0.00353	0.00584	0.10322	0.06472	0.00992
19	0.02313	0.02313	0.03238	0.02776	0.02776	0.03238	0.02313	0.02545	0.01619	0.02545	0.01388	0.02313	0.01388	0.01851	0.03470	0.00463	0.60907	0.00925	0.00463	0.01157
20	0.01356	0.00968	0.01304	0.01550	0.01640	0.00917	0.01099	0.01589	0.02091	0.02775	0.05790	0.53977	0.06845	0.03249	0.01368	0.00439	0.00672	0.10513	0.00980	0.00877
21	0.01991	0.01649	0.01935	0.16037	0.03026	0.06243	0.01511	0.02341	0.02015	0.02807	0.02941	0.09596	0.02868	0.17362	0.02309	0.00510	0.05739	0.01277	0.16876	0.00964
22	0.02182	0.02110	0.03703	0.43099	0.18150	0.02415	0.07508	0.02886	0.02215	0.02933	0.01928	0.02776	0.01487	0.01016	0.01072	0.00344	0.01409	0.00968	0.00488	0.01310
23	0.02731	0.04460	0.29538	0.03069	0.04219	0.12670	0.11099	0.08332	0.07082	0.03620	0.02153	0.02448	0.01589	0.01063	0.01046	0.00328	0.01561	0.00890	0.00589	0.01511
24	0.02144	0.03080	0.18846	0.02827	0.03407	0.02648	0.07306	0.02748	0.01891	0.02840	0.01840	0.02640	0.01599	0.02507	0.11534	0.00617	0.28832	0.00948	0.00482	0.01264
25	0.37129	0.07613	0.07537	0.02008	0.02752	0.10242	0.06343	0.03258	0.02135	0.03940	0.01771	0.02093	0.01391	0.01006	0.00793	0.00308	0.01123	0.00706	0.06628	0.01223
26	0.01496	0.01081	0.01413	0.01330	0.01580	0.00998	0.00998	0.01995	0.02993	0.04240	0.55689	0.07898	0.09976	0.02162	0.01247	0.00333	0.00499	0.01912	0.01164	0.00998
27	0.02452	0.02113	0.03078	0.35374	0.09821	0.02469	0.02581	0.12096	0.07437	0.03680	0.02522	0.03570	0.02036	0.01267	0.01090	0.00354	0.01265	0.04758	0.00676	0.01360
28	0.01514	0.01092	0.01437	0.01381	0.01630	0.01016	0.01056	0.02011	0.02947	0.04151	0.51563	0.08230	0.09656	0.02224	0.01265	0.00345	0.00538	0.05801	0.01148	0.00996
29	0.02496	0.02852	0.06239	0.04456	0.05526	0.02674	0.52406	0.03387	0.02496	0.03387	0.02139	0.02852	0.01604	0.00891	0.01248	0.00357	0.01783	0.01248	0.00535	0.01426

[dist]
# distance from previous block
# <min> <max>
1	68

[block]
# block no. 4 follows, 13 sequences, length 44
# corresponding to MSA columns:
# 375-418
name=unknown_E
#
# <colnr> <probs for GDERKNQSTAVLIFYWHMCP>
#	G	D	E	R	K	N	Q	S	T	A	V	L	I	F	Y	W	H	M	C	P
0	0.18531	0.12860	0.06872	0.02088	0.02970	0.02561	0.05794	0.10383	0.02692	0.16063	0.02346	0.02421	0.01692	0.01057	0.00889	0.00296	0.01062	0.00807	0.00796	0.07820
1	0.08260	0.01338	0.01554	0.01350	0.01807	0.01275	0.01065	0.03276	0.02557	0.20508	0.11728	0.04278	0.03698	0.01382	0.00913	0.00291	0.00646	0.01122	0.31699	0.01253
2	0.01768	0.01212	0.01495	0.01432	0.01556	0.01291	0.00969	0.06019	0.01864	0.02540	0.03001	0.05473	0.03170	0.37520	0.19533	0.06859	0.01524	0.01324	0.00641	0.00808
3	0.70310	0.02045	0.01554	0.01390	0.02045	0.02372	0.01145	0.03108	0.01799	0.04744	0.01472	0.01718	0.01145	0.00981	0.00654	0.00327	0.00818	0.00573	0.00654	0.01145
4	0.01306	0.00934	0.01242	0.01460	0.01537	0.00870	0.00983	0.01516	0.02105	0.02828	0.10001	0.57611	0.07243	0.03216	0.01341	0.00421	0.00604	0.02914	0.00997	0.00870
5	0.02630	0.02271	0.02391	0.02152	0.02749	0.02630	0.01674	0.05618	0.54336	0.04423	0.04303	0.03945	0.03228	0.01434	0.01076	0.00359	0.00837	0.01195	0.01076	0.01674
6	0.01534	0.01030	0.01175	0.01168	0.01189	0.01023	0.00671	0.01576	0.01660	0.02235	0.07749	0.07002	0.04361	0.57722	0.05033	0.00967	0.00981	0.01569	0.00685	0.00671
7	0.02192	0.01879	0.02192	0.01566	0.02506	0.01409	0.01253	0.02662	0.02192	0.03445	0.01879	0.02192	0.01566	0.00783	0.00783	0.00157	0.00783	0.00626	0.00626	0.69305
8	0.01288	0.00920	0.01227	0.01472	0.01534	0.00859	0.00981	0.01472	0.02024	0.02699	0.05828	0.62152	0.06993	0.03312	0.01350	0.00429	0.00613	0.03006	0.00981	0.00859
9	0.01288	0.00920	0.01227	0.01472	0.01534	0.00859	0.00981	0.01472	0.02024	0.02699	0.05828	0.62152	0.06993	0.03312	0.01350	0.00429	0.00613	0.03006	0.00981	0.00859
10	0.01545	0.01169	0.01451	0.01553	0.01738	0.01171	0.01096	0.02241	0.10612	0.03281	0.15472	0.42050	0.06980	0.02783	0.01285	0.00399	0.00627	0.02498	0.01033	0.01017
11	0.02673	0.18730	0.04624	0.05245	0.42006	0.02957	0.02863	0.03224	0.02339	0.03197	0.01851	0.02372	0.01590	0.00932	0.00949	0.00291	0.01223	0.00842	0.00504	0.01590
12	0.04375	0.02390	0.02819	0.02162	0.02994	0.02431	0.01786	0.29337	0.04015	0.31397	0.03341	0.03060	0.02201	0.01289	0.01060	0.00322	0.01034	0.01007	0.01181	0.01799
13	0.02639	0.48047	0.19326	0.02130	0.03209	0.03724	0.02367	0.03215	0.02171	0.02717	0.01584	0.01839	0.01352	0.00931	0.00765	0.00255	0.01246	0.00623	0.00451	0.01412
14	0.70310	0.02045	0.01554	0.01390	0.02045	0.02372	0.01145	0.03108	0.01799	0.04744	0.01472	0.01718	0.01145	0.00981	0.00654	0.00327	0.00818	0.00573	0.00654	0.01145
15	0.02648	0.02288	0.03068	0.23150	0.11989	0.02628	0.02396	0.12444	0.20157	0.04073	0.02822	0.03119	0.02124	0.01204	0.01062	0.00343	0.01153	0.01028	0.00783	0.01521
16	0.02617	0.02512	0.04292	0.06490	0.56246	0.02512	0.03245	0.03245	0.02407	0.03454	0.01989	0.02617	0.01675	0.00942	0.01047	0.00314	0.01256	0.00942	0.00523	0.01675
17	0.01553	0.01043	0.01204	0.01227	0.01249	0.01043	0.00739	0.01598	0.01621	0.02153	0.03542	0.07384	0.04052	0.57281	0.05018	0.00975	0.01020	0.05954	0.00672	0.00672
18	0.70310	0.02045	0.01554	0.01390	0.02045	0.02372	0.01145	0.03108	0.01799	0.04744	0.01472	0.01718	0.01145	0.00981	0.00654	0.00327	0.00818	0.00573	0.00654	0.01145
19	0.02617	0.02512	0.04292	0.06490	0.56246	0.02512	0.03245	0.03245	0.02407	0.03454	0.01989	0.02617	0.01675	0.00942	0.01047	0.00314	0.01256	0.00942	0.00523	0.01675
20	0.04019	0.02962	0.03173	0.02433	0.03279	0.03279	0.02010	0.52721	0.04971	0.06663	0.02538	0.02538	0.01798	0.01269	0.01058	0.00317	0.01163	0.00952	0.01058	0.01798
21	0.02387	0.03697	0.33426	0.02379	0.03470	0.01919	0.02745	0.03286	0.02566	0.12428	0.16582	0.03965	0.03848	0.01362	0.01079	0.00333	0.01170	0.01129	0.00779	0.01451
22	0.26737	0.21868	0.03622	0.02043	0.02860	0.03197	0.05974	0.15344	0.02750	0.04382	0.01791	0.02010	0.01412	0.01020	0.00812	0.00295	0.01085	0.00722	0.00679	0.01397
23	0.70310	0.02045	0.01554	0.01390	0.02045	0.02372	0.01145	0.03108	0.01799	0.04744	0.01472	0.01718	0.01145	0.00981	0.00654	0.00327	0.00818	0.00573	0.00654	0.01145
24	0.04744	0.01799	0.02454	0.01881	0.02699	0.01554	0.01554	0.05153	0.03026	0.56979	0.04171	0.03599	0.02617	0.01309	0.01063	0.00327	0.00900	0.01063	0.01309	0.01799
25	0.01314	0.01059	0.01170	0.01172	0.01475	0.00915	0.00868	0.01631	0.02518	0.03183	0.21347	0.14457	0.39965	0.02610	0.01258	0.00358	0.00534	0.02225	0.01027	0.00915
26	0.01837	0.00918	0.01377	0.01377	0.01377	0.00918	0.00918	0.01377	0.01377	0.01837	0.01837	0.03214	0.01837	0.03673	0.04132	0.69238	0.00918	0.00918	0.00459	0.00459
27	0.01288	0.00920	0.01227	0.01472	0.01534	0.00859	0.00981	0.01472	0.02024	0.02699	0.05828	0.62152	0.06993	0.03312	0.01350	0.00429	0.00613	0.03006	0.00981	0.00859
28	0.04123	0.03136	0.03027	0.02395	0.03184	0.12611	0.01942	0.36668	0.04316	0.14024	0.02643	0.02599	0.01854	0.01244	0.01040	0.00311	0.01250	0.00923	0.01009	0.01699
29	0.09859	0.02016	0.02486	0.02155	0.06497	0.01880	0.01609	0.07663	0.07217	0.27400	0.03112	0.02972	0.02156	0.01135	0.00958	0.00288	0.00903	0.00908	0.00991	0.17796
30	0.02677	0.19085	0.35440	0.02574	0.03852	0.02871	0.03034	0.07699	0.02514	0.07949	0.02040	0.02243	0.01491	0.01029	0.00935	0.00306	0.01367	0.00767	0.00573	0.01553
31	0.02183	0.02006	0.03344	0.29619	0.25093	0.02215	0.02840	0.02820	0.02282	0.03069	0.02567	0.04324	0.02323	0.01337	0.01123	0.00361	0.01275	0.09311	0.00578	0.01331
32	0.01365	0.00975	0.01316	0.01561	0.01656	0.00925	0.01116	0.01606	0.02100	0.02786	0.05785	0.52811	0.06824	0.03240	0.01370	0.00440	0.00680	0.11584	0.00980	0.00880
33	0.04019	0.02962	0.03173	0.02433	0.03279	0.03279	0.02010	0.52721	0.04971	0.06663	0.02538	0.02538	0.01798	0.01269	0.01058	0.00317	0.01163	0.00952	0.01058	0.01798
34	0.02192	0.01879	0.02192	0.01566	0.02506	0.01409	0.01253	0.02662	0.02192	0.03445	0.01879	0.02192	0.01566	0.00783	0.00783	0.00157	0.00783	0.00626	0.00626	0.69305
35	0.01515	0.01115	0.01610	0.01610	0.01767	0.01273	0.01210	0.01831	0.01673	0.02388	0.02914	0.04607	0.02840	0.16941	0.49910	0.01589	0.02536	0.01199	0.00579	0.00894
36	0.02753	0.02497	0.04399	0.05480	0.39064	0.02512	0.11574	0.03380	0.02418	0.07893	0.02156	0.02719	0.01721	0.01030	0.01258	0.00333	0.05617	0.01004	0.00587	0.01605
37	0.01538	0.01025	0.01153	0.01153	0.01153	0.01025	0.00641	0.01538	0.01538	0.02050	0.03331	0.06919	0.03844	0.62842	0.05382	0.01025	0.01025	0.01538	0.00641	0.00641
38	0.01510	0.01133	0.01699	0.01699	0.01888	0.01322	0.01322	0.01888	0.01699	0.02454	0.02832	0.04154	0.02643	0.07930	0.58652	0.01699	0.02832	0.01133	0.00566	0.00944
39	0.02496	0.02852	0.06239	0.04456	0.05526	0.02674	0.52406	0.03387	0.02496	0.03387	0.02139	0.02852	0.01604	0.00891	0.01248	0.00357	0.01783	0.01248	0.00535	0.01426
40	0.02102	0.01315	0.01881	0.01754	0.02016	0.01467	0.01366	0.02440	0.01897	0.11415	0.02998	0.04191	0.02663	0.11528	0.40325	0.01323	0.06415	0.01145	0.00688	0.01072
41	0.01344	0.00954	0.01260	0.01485	0.01556	0.00903	0.01013	0.01538	0.02017	0.02682	0.05594	0.53201	0.06646	0.08396	0.01705	0.00485	0.00679	0.06740	0.00952	0.00850
42	0.01398	0.00966	0.01194	0.01332	0.01366	0.00932	0.00832	0.01501	0.01810	0.02414	0.04730	0.37865	0.05608	0.29489	0.03122	0.00691	0.00794	0.02360	0.00832	0.00763
43	0.03200	0.03082	0.04231	0.03811	0.13136	0.15298	0.19967	0.04026	0.07486	0.11366	0.02503	0.02808	0.01864	0.01059	0.01102	0.00326	0.01499	0.01032	0.00702	0.01502

[dist]
# distance from previous block
# <min> <max>
0	1

[block]
# block no. 5 follows, 13 sequences, length 24
# corresponding to MSA columns:
# 420-443
name=unknown_F
#
# <colnr> <probs for GDERKNQSTAVLIFYWHMCP>
#	G	D	E	R	K	N	Q	S	T	A	V	L	I	F	Y	W	H	M	C	P
0	0.02378	0.01876	0.02103	0.01846	0.02336	0.02037	0.01440	0.12089	0.23791	0.04726	0.26148	0.05409	0.05892	0.01720	0.01147	0.00340	0.00747	0.01463	0.01111	0.01403
1	0.09965	0.07552	0.02786	0.02374	0.07718	0.02404	0.01746	0.04788	0.24024	0.20167	0.03514	0.03295	0.02524	0.01258	0.00992	0.00330	0.00920	0.01014	0.00998	0.01632
2	0.02827	0.63478	0.05540	0.01809	0.02714	0.04184	0.01809	0.03166	0.02148	0.02488	0.01470	0.01696	0.01357	0.00905	0.00678	0.00226	0.01131	0.00565	0.00452	0.01357
3	0.09627	0.08657	0.07895	0.01941	0.02825	0.01982	0.01770	0.04607	0.02759	0.41927	0.03453	0.03116	0.02244	0.01211	0.00984	0.00317	0.00980	0.00944	0.01084	0.01677
4	0.02757	0.57756	0.10652	0.01928	0.02897	0.04013	0.02016	0.03184	0.02157	0.02572	0.01512	0.01749	0.01355	0.00914	0.00711	0.00237	0.01173	0.00587	0.00452	0.01377
5	0.01496	0.01081	0.01413	0.01330	0.01580	0.00998	0.00998	0.01995	0.02993	0.04240	0.55689	0.07898	0.09976	0.02162	0.01247	0.00333	0.00499	0.01912	0.01164	0.00998
6	0.01911	0.01173	0.01424	0.01341	0.01700	0.01028	0.01011	0.02256	0.02623	0.12281	0.21811	0.16214	0.26427	0.02396	0.01233	0.00356	0.00598	0.02060	0.01089	0.01069
7	0.02282	0.02170	0.03686	0.35560	0.29795	0.02424	0.03078	0.02951	0.02249	0.03048	0.01930	0.02726	0.01531	0.01004	0.01052	0.00335	0.01339	0.00941	0.00494	0.01405
8	0.01445	0.00999	0.01244	0.01377	0.01430	0.00972	0.00902	0.01578	0.01846	0.02453	0.04667	0.31728	0.05464	0.30366	0.03196	0.00707	0.00839	0.07191	0.00826	0.00772
9	0.01398	0.00999	0.01353	0.01598	0.01708	0.00954	0.01173	0.01663	0.02133	0.02822	0.05767	0.48840	0.06752	0.03209	0.01379	0.00445	0.00709	0.15231	0.00979	0.00889
10	0.02250	0.02137	0.03628	0.38350	0.27256	0.02416	0.03062	0.02923	0.02234	0.03009	0.01924	0.02736	0.01518	0.01010	0.01053	0.00337	0.01347	0.00941	0.00492	0.01379
11	0.02117	0.01385	0.01852	0.01961	0.02301	0.01396	0.01685	0.02849	0.07753	0.08955	0.05317	0.10242	0.05431	0.02601	0.01380	0.00457	0.00952	0.39217	0.01019	0.01131
12	0.01288	0.00920	0.01227	0.01472	0.01534	0.00859	0.00981	0.01472	0.02024	0.02699	0.05828	0.62152	0.06993	0.03312	0.01350	0.00429	0.00613	0.03006	0.00981	0.00859
