[name]
unknown

[dist]
# distance from previous block
# <min> <max>
0	15

[block]
# block no. 0 follows, 12 sequences, length 43
# corresponding to MSA columns:
# 15-57
name=unknown_A
#
# <colnr> <probs for GDERKNQSTAVLIFYWHMCP>
#	G	D	E	R	K	N	Q	S	T	A	V	L	I	F	Y	W	H	M	C	P
0	0.02211	0.02093	0.03544	0.46646	0.18739	0.02462	0.03104	0.02919	0.02252	0.02970	0.01965	0.02858	0.01518	0.01062	0.01088	0.00354	0.01416	0.00970	0.00498	0.01334
1	0.02195	0.02077	0.03516	0.47933	0.17575	0.02458	0.03096	0.02905	0.02245	0.02951	0.01962	0.02863	0.01512	0.01065	0.01088	0.00355	0.01420	0.00970	0.00496	0.01321
2	0.02931	0.03058	0.11657	0.04125	0.08894	0.02520	0.33125	0.03786	0.02627	0.12369	0.02520	0.02976	0.01805	0.01011	0.01208	0.00356	0.01614	0.01171	0.00675	0.01573
3	0.02288	0.02435	0.07769	0.24080	0.24138	0.02352	0.06430	0.02953	0.02259	0.03098	0.02184	0.03300	0.01871	0.08412	0.01640	0.00432	0.01386	0.01056	0.00530	0.01387
4	0.02187	0.05640	0.56031	0.03108	0.04719	0.02532	0.04029	0.03453	0.02302	0.03453	0.01957	0.02302	0.01381	0.01036	0.01036	0.00345	0.01611	0.00806	0.00460	0.01611
5	0.01328	0.00949	0.01265	0.01518	0.01581	0.00886	0.01012	0.01518	0.02088	0.02783	0.06010	0.60969	0.07212	0.03416	0.01392	0.00443	0.00633	0.03100	0.01012	0.00886
6	0.02305	0.14864	0.47845	0.02906	0.04407	0.02822	0.03677	0.03422	0.02288	0.03309	0.01885	0.02212	0.01384	0.01019	0.00981	0.00327	0.01539	0.00769	0.00461	0.01577
7	0.02187	0.05640	0.56031	0.03108	0.04719	0.02532	0.04029	0.03453	0.02302	0.03453	0.01957	0.02302	0.01381	0.01036	0.01036	0.00345	0.01611	0.00806	0.00460	0.01611
8	0.18595	0.01909	0.02333	0.01832	0.02640	0.01782	0.01513	0.04866	0.02852	0.44852	0.03710	0.03299	0.02376	0.01278	0.01007	0.00337	0.00910	0.00989	0.01206	0.01712
9	0.02059	0.01938	0.03270	0.59060	0.07510	0.02422	0.03028	0.02786	0.02180	0.02786	0.01938	0.02907	0.01453	0.01090	0.01090	0.00363	0.01453	0.00969	0.00484	0.01211
10	0.02699	0.02591	0.04426	0.06693	0.54879	0.02591	0.03346	0.03346	0.02483	0.03562	0.02051	0.02699	0.01727	0.00972	0.01079	0.00324	0.01295	0.00972	0.00540	0.01727
11	0.04625	0.01945	0.02761	0.02519	0.09131	0.01723	0.01815	0.05074	0.03043	0.49289	0.04027	0.03588	0.02581	0.01303	0.01094	0.00336	0.00973	0.01081	0.01251	0.01840
12	0.69383	0.02109	0.01603	0.01434	0.02109	0.02446	0.01181	0.03205	0.01856	0.04892	0.01518	0.01771	0.01181	0.01012	0.00675	0.00337	0.00843	0.00590	0.00675	0.01181
13	0.01325	0.00963	0.01251	0.01481	0.01572	0.00889	0.00995	0.01522	0.02124	0.02798	0.06467	0.56385	0.11500	0.03357	0.01382	0.00436	0.00625	0.03027	0.01012	0.00889
14	0.03687	0.01605	0.02054	0.01661	0.02345	0.01375	0.01344	0.04060	0.02908	0.38019	0.06556	0.05979	0.19997	0.01822	0.01161	0.00348	0.00802	0.01499	0.01237	0.01543
15	0.02582	0.01928	0.02294	0.01655	0.02608	0.01472	0.01330	0.03058	0.02366	0.09899	0.02226	0.02438	0.01747	0.00874	0.00843	0.00183	0.00822	0.00701	0.00732	0.60244
16	0.04024	0.01927	0.02545	0.01953	0.02744	0.01736	0.01605	0.04443	0.02776	0.38131	0.03462	0.03238	0.02319	0.01275	0.01269	0.00309	0.06615	0.00976	0.01098	0.17553
17	0.02663	0.04974	0.46614	0.02902	0.04378	0.02369	0.03602	0.03781	0.02446	0.12638	0.02369	0.02550	0.01613	0.01091	0.01047	0.00344	0.01491	0.00857	0.00617	0.01654
18	0.01382	0.01030	0.01287	0.01388	0.01572	0.00934	0.00978	0.01684	0.02461	0.03278	0.21058	0.34954	0.18137	0.02933	0.01339	0.00398	0.00581	0.02604	0.01067	0.00934
19	0.02915	0.62337	0.05714	0.01866	0.02799	0.04314	0.01866	0.03265	0.02215	0.02565	0.01516	0.01749	0.01399	0.00933	0.00700	0.00233	0.01166	0.00583	0.00466	0.01399
20	0.02499	0.05204	0.49868	0.02973	0.04496	0.02425	0.03749	0.03667	0.02396	0.09465	0.02227	0.02464	0.01533	0.01072	0.01043	0.00344	0.01533	0.00839	0.00563	0.01640
21	0.02977	0.37868	0.16836	0.02340	0.03357	0.14427	0.02414	0.03525	0.02409	0.02791	0.01652	0.01920	0.01396	0.00995	0.00834	0.00269	0.01428	0.00658	0.00484	0.01421
22	0.69383	0.02109	0.01603	0.01434	0.02109	0.02446	0.01181	0.03205	0.01856	0.04892	0.01518	0.01771	0.01181	0.01012	0.00675	0.00337	0.00843	0.00590	0.00675	0.01181
23	0.03197	0.03536	0.03941	0.05283	0.36186	0.22447	0.02896	0.03712	0.02703	0.03238	0.01918	0.02433	0.01610	0.01027	0.01044	0.00308	0.01539	0.00874	0.00548	0.01559
24	0.03091	0.04375	0.38144	0.02717	0.04072	0.02221	0.03217	0.04075	0.02576	0.20899	0.02741	0.02773	0.01822	0.01141	0.01056	0.00343	0.01383	0.00903	0.00758	0.01693
25	0.01318	0.01106	0.01145	0.01135	0.01491	0.00933	0.00852	0.01622	0.02555	0.03110	0.16029	0.10223	0.49350	0.02700	0.01288	0.00365	0.00548	0.02263	0.01034	0.00933
26	0.04073	0.05197	0.03090	0.02809	0.03371	0.57303	0.02107	0.04354	0.03090	0.02669	0.01685	0.01966	0.01404	0.01124	0.00983	0.00281	0.01966	0.00702	0.00562	0.01264
27	0.02261	0.01938	0.02261	0.01615	0.02584	0.01453	0.01292	0.02745	0.02261	0.03553	0.01938	0.02261	0.01615	0.00807	0.00807	0.00161	0.00807	0.00646	0.00646	0.68346
28	0.02385	0.02385	0.03340	0.02863	0.02863	0.03340	0.02385	0.02624	0.01670	0.02624	0.01431	0.02385	0.01431	0.01908	0.03578	0.00477	0.59685	0.00954	0.00477	0.01193
29	0.01289	0.01105	0.01105	0.01105	0.01473	0.00920	0.00828	0.01565	0.02485	0.02946	0.11046	0.10493	0.54437	0.02761	0.01289	0.00368	0.00552	0.02301	0.01013	0.00920
30	0.02261	0.01938	0.02261	0.01615	0.02584	0.01453	0.01292	0.02745	0.02261	0.03553	0.01938	0.02261	0.01615	0.00807	0.00807	0.00161	0.00807	0.00646	0.00646	0.68346
31	0.02869	0.07734	0.05459	0.10264	0.05250	0.02689	0.34289	0.03648	0.02575	0.10662	0.02411	0.02944	0.01756	0.01000	0.01187	0.00351	0.01609	0.01163	0.00649	0.01489
32	0.01572	0.01112	0.01469	0.01469	0.01565	0.01209	0.01009	0.01765	0.01668	0.02321	0.03180	0.05719	0.03349	0.35116	0.31274	0.01402	0.01982	0.01378	0.00623	0.00816
33	0.01757	0.01255	0.01757	0.02008	0.02259	0.01255	0.01757	0.02259	0.02510	0.03263	0.05773	0.12299	0.06275	0.03012	0.01506	0.00502	0.01004	0.47540	0.01004	0.01004
34	0.04347	0.02071	0.02584	0.02053	0.02849	0.02007	0.01672	0.09590	0.14192	0.40036	0.04178	0.03690	0.02760	0.01374	0.01099	0.00344	0.00938	0.01116	0.01274	0.01827
35	0.04127	0.06836	0.02915	0.02154	0.02940	0.07049	0.01764	0.12458	0.13259	0.29379	0.03636	0.03317	0.02485	0.01319	0.01060	0.00330	0.01064	0.01034	0.01129	0.01746
36	0.04892	0.01856	0.02530	0.01940	0.02783	0.01603	0.01603	0.05314	0.03121	0.55634	0.04302	0.03711	0.02699	0.01350	0.01096	0.00337	0.00928	0.01096	0.01350	0.01856
37	0.02261	0.01938	0.02261	0.01615	0.02584	0.01453	0.01292	0.02745	0.02261	0.03553	0.01938	0.02261	0.01615	0.00807	0.00807	0.00161	0.00807	0.00646	0.00646	0.68346
38	0.01894	0.00947	0.01420	0.01420	0.01420	0.00947	0.00947	0.01420	0.01420	0.01894	0.01894	0.03314	0.01894	0.03788	0.04261	0.68277	0.00947	0.00947	0.00473	0.00473
39	0.01558	0.01168	0.01752	0.01752	0.01947	0.01363	0.01363	0.01947	0.01752	0.02531	0.02921	0.04283	0.02726	0.08178	0.57360	0.01752	0.02921	0.01168	0.00584	0.00974
40	0.01763	0.01059	0.01419	0.01570	0.01728	0.00973	0.01084	0.01981	0.02213	0.09223	0.05801	0.53992	0.06662	0.03164	0.01356	0.00430	0.00669	0.02856	0.01053	0.01004
41	0.03953	0.04526	0.03255	0.03128	0.08383	0.41477	0.02221	0.13390	0.03428	0.03574	0.01903	0.02164	0.01523	0.01145	0.01013	0.00294	0.01752	0.00783	0.00663	0.01424
42	0.03261	0.03396	0.10876	0.03681	0.08729	0.07752	0.20115	0.16402	0.03299	0.08120	0.02378	0.02724	0.01734	0.01092	0.01145	0.00340	0.01540	0.01053	0.00742	0.01621

[dist]
# distance from previous block
# <min> <max>
0	2

[block]
# block no. 1 follows, 12 sequences, length 15
# corresponding to MSA columns:
# 60-74
name=unknown_B
#
# <colnr> <probs for GDERKNQSTAVLIFYWHMCP>
#	G	D	E	R	K	N	Q	S	T	A	V	L	I	F	Y	W	H	M	C	P
0	0.17639	0.39765	0.04383	0.01926	0.02742	0.12625	0.01756	0.03431	0.02281	0.03091	0.01544	0.01790	0.01352	0.00982	0.00741	0.00264	0.01227	0.00604	0.00528	0.01329
1	0.14678	0.02495	0.04078	0.04983	0.32735	0.02501	0.10547	0.03527	0.02445	0.08586	0.02189	0.02667	0.01708	0.01005	0.01043	0.00335	0.01270	0.00967	0.00640	0.01601
2	0.02316	0.02021	0.02535	0.02257	0.09198	0.01597	0.01552	0.02821	0.02289	0.03554	0.01952	0.02316	0.01629	0.00828	0.00842	0.00182	0.00869	0.00687	0.00633	0.59921
3	0.34276	0.02414	0.02267	0.01925	0.02634	0.02758	0.01559	0.16171	0.16836	0.05305	0.02608	0.02623	0.01948	0.01217	0.00901	0.00344	0.00940	0.00868	0.00901	0.01504
4	0.01328	0.00949	0.01265	0.01518	0.01581	0.00886	0.01012	0.01518	0.02088	0.02783	0.06010	0.60969	0.07212	0.03416	0.01392	0.00443	0.00633	0.03100	0.01012	0.00886
5	0.02686	0.02626	0.04631	0.06479	0.49862	0.02608	0.08199	0.03361	0.02492	0.03555	0.02067	0.02723	0.01720	0.00966	0.01101	0.00328	0.01351	0.01004	0.00541	0.01701
6	0.02385	0.02385	0.03340	0.02863	0.02863	0.03340	0.02385	0.02624	0.01670	0.02624	0.01431	0.02385	0.01431	0.01908	0.03578	0.00477	0.59685	0.00954	0.00477	0.01193
7	0.02574	0.02941	0.06434	0.04596	0.05699	0.02757	0.50919	0.03493	0.02574	0.03493	0.02206	0.02941	0.01654	0.00919	0.01287	0.00368	0.01838	0.01287	0.00551	0.01471
8	0.02462	0.02350	0.03999	0.26030	0.37387	0.02529	0.03229	0.03139	0.02371	0.03276	0.02009	0.02776	0.01626	0.01015	0.01083	0.00338	0.01354	0.00971	0.00519	0.01537
9	0.04095	0.16759	0.03482	0.02303	0.03043	0.26502	0.01881	0.04440	0.02906	0.20732	0.02541	0.02514	0.01845	0.01158	0.00959	0.00290	0.01434	0.00810	0.00810	0.01496
10	0.01869	0.01154	0.01502	0.01388	0.01559	0.01069	0.00925	0.01703	0.01617	0.02252	0.02350	0.04240	0.02447	0.20109	0.04025	0.36663	0.00954	0.01080	0.00558	0.12536
11	0.02975	0.03619	0.08603	0.16676	0.22104	0.21130	0.02919	0.03574	0.02605	0.03076	0.01893	0.02459	0.01524	0.01056	0.01045	0.00320	0.01588	0.00864	0.00527	0.01444
12	0.02495	0.22574	0.09413	0.03434	0.18599	0.02892	0.02382	0.03264	0.07143	0.03185	0.02743	0.12061	0.02638	0.01416	0.01002	0.00320	0.01134	0.01200	0.00639	0.01467
13	0.02869	0.03019	0.08664	0.04105	0.21149	0.09392	0.07080	0.03685	0.06724	0.07772	0.06631	0.03205	0.02535	0.01258	0.01343	0.00346	0.06927	0.01063	0.00698	0.01536
14	0.14471	0.02711	0.12005	0.03077	0.09962	0.02164	0.11759	0.03513	0.02571	0.13168	0.10688	0.03566	0.03096	0.01246	0.01078	0.00344	0.01185	0.01121	0.00802	0.01474

[dist]
# distance from previous block
# <min> <max>
2	22

[block]
# block no. 2 follows, 12 sequences, length 6
# corresponding to MSA columns:
# 97-102
name=unknown_C
#
# <colnr> <probs for GDERKNQSTAVLIFYWHMCP>
#	G	D	E	R	K	N	Q	S	T	A	V	L	I	F	Y	W	H	M	C	P
0	0.18103	0.06642	0.02528	0.02035	0.02677	0.07048	0.01660	0.07484	0.20141	0.08862	0.03367	0.04050	0.02739	0.01463	0.01016	0.00355	0.01016	0.06411	0.00928	0.01477
1	0.02545	0.10230	0.09330	0.10483	0.13584	0.06669	0.19149	0.03256	0.02474	0.03201	0.02733	0.03246	0.05929	0.01127	0.01112	0.00335	0.01499	0.01107	0.00562	0.01428
2	0.01899	0.01181	0.01811	0.14319	0.02761	0.01289	0.01384	0.01744	0.01608	0.02117	0.02065	0.03623	0.02012	0.09250	0.03685	0.46005	0.01072	0.01019	0.00496	0.00659
3	0.01558	0.01168	0.01752	0.01752	0.01947	0.01363	0.01363	0.01947	0.01752	0.02531	0.02921	0.04283	0.02726	0.08178	0.57360	0.01752	0.02921	0.01168	0.00584	0.00974
4	0.03114	0.32636	0.04761	0.03442	0.17649	0.15708	0.02338	0.03532	0.02487	0.02870	0.01705	0.02066	0.01493	0.00987	0.00871	0.00270	0.01382	0.00720	0.00509	0.01462
5	0.02202	0.02084	0.03529	0.47319	0.18130	0.02460	0.03099	0.02912	0.02248	0.02960	0.01963	0.02860	0.01515	0.01064	0.01088	0.00355	0.01418	0.00970	0.00497	0.01327

[dist]
# distance from previous block
# <min> <max>
0	13

[block]
# block no. 3 follows, 12 sequences, length 51
# corresponding to MSA columns:
# 116-166
name=unknown_D
#
# <colnr> <probs for GDERKNQSTAVLIFYWHMCP>
#	G	D	E	R	K	N	Q	S	T	A	V	L	I	F	Y	W	H	M	C	P
0	0.59296	0.01952	0.01541	0.01397	0.01972	0.02239	0.01103	0.02964	0.01815	0.04479	0.01803	0.02569	0.01595	0.10038	0.01400	0.00444	0.00875	0.00738	0.00673	0.01103
1	0.13188	0.01606	0.01976	0.01644	0.02235	0.01506	0.01317	0.03738	0.02919	0.28212	0.23272	0.05141	0.05415	0.01640	0.01107	0.00340	0.00755	0.01361	0.01191	0.01435
2	0.12768	0.02545	0.03725	0.05111	0.37446	0.02660	0.02759	0.08404	0.06864	0.04180	0.02228	0.02667	0.01792	0.01054	0.01023	0.00330	0.01182	0.00938	0.00663	0.01659
3	0.12148	0.01736	0.01869	0.01671	0.02140	0.01851	0.01302	0.08044	0.14288	0.04657	0.27257	0.05863	0.09273	0.01819	0.01136	0.00348	0.00714	0.01520	0.01079	0.01286
4	0.01931	0.01594	0.01530	0.01481	0.01604	0.06942	0.00948	0.02245	0.06031	0.02405	0.03304	0.06146	0.03561	0.46613	0.08475	0.00971	0.01269	0.01436	0.00682	0.00834
5	0.02340	0.02537	0.05152	0.09794	0.09356	0.02436	0.34625	0.03122	0.02513	0.03345	0.03481	0.04041	0.09493	0.01215	0.01250	0.00364	0.01562	0.01379	0.00612	0.01384
6	0.04568	0.01928	0.02521	0.01981	0.02791	0.01768	0.01621	0.05385	0.10528	0.48036	0.04322	0.03764	0.02793	0.01369	0.01098	0.00342	0.00918	0.01117	0.01314	0.01836
7	0.02935	0.02830	0.02715	0.02651	0.06825	0.11670	0.01910	0.05374	0.40945	0.04175	0.03807	0.03620	0.02892	0.01383	0.01086	0.00352	0.01077	0.01126	0.00977	0.01650
8	0.02700	0.02565	0.04226	0.06237	0.49582	0.02603	0.03181	0.03595	0.07615	0.03664	0.02294	0.02838	0.01890	0.01023	0.01083	0.00329	0.01251	0.00998	0.00598	0.01727
9	0.01650	0.01051	0.01333	0.01333	0.01365	0.01083	0.00840	0.01608	0.01576	0.02134	0.03008	0.05817	0.03300	0.40010	0.13774	0.16128	0.01339	0.01375	0.00606	0.00670
10	0.02059	0.01938	0.03270	0.59060	0.07510	0.02422	0.03028	0.02786	0.02180	0.02786	0.01938	0.02907	0.01453	0.01090	0.01090	0.00363	0.01453	0.00969	0.00484	0.01211
11	0.02634	0.02524	0.04308	0.12022	0.50058	0.02574	0.03314	0.03289	0.02452	0.03483	0.02039	0.02720	0.01699	0.00984	0.01081	0.00328	0.01311	0.00971	0.00534	0.01675
12	0.69383	0.02109	0.01603	0.01434	0.02109	0.02446	0.01181	0.03205	0.01856	0.04892	0.01518	0.01771	0.01181	0.01012	0.00675	0.00337	0.00843	0.00590	0.00675	0.01181
13	0.04825	0.01962	0.02596	0.01991	0.02837	0.01761	0.01644	0.09406	0.03300	0.51289	0.04152	0.03614	0.02624	0.01346	0.01096	0.00336	0.00952	0.01086	0.01326	0.01855
14	0.02033	0.01016	0.01016	0.01016	0.01270	0.01016	0.00762	0.02541	0.02287	0.04065	0.03557	0.04065	0.02795	0.01270	0.00762	0.00254	0.00508	0.01016	0.67734	0.01016
15	0.02220	0.05411	0.51816	0.03234	0.04802	0.02551	0.08014	0.03456	0.02325	0.03456	0.01978	0.02356	0.01404	0.01026	0.01057	0.00347	0.01631	0.00847	0.00468	0.01599
16	0.04073	0.05197	0.03090	0.02809	0.03371	0.57303	0.02107	0.04354	0.03090	0.02669	0.01685	0.01966	0.01404	0.01124	0.00983	0.00281	0.01966	0.00702	0.00562	0.01264
17	0.02033	0.01016	0.01016	0.01016	0.01270	0.01016	0.00762	0.02541	0.02287	0.04065	0.03557	0.04065	0.02795	0.01270	0.00762	0.00254	0.00508	0.01016	0.67734	0.01016
18	0.69383	0.02109	0.01603	0.01434	0.02109	0.02446	0.01181	0.03205	0.01856	0.04892	0.01518	0.01771	0.01181	0.01012	0.00675	0.00337	0.00843	0.00590	0.00675	0.01181
19	0.04592	0.02338	0.02829	0.02169	0.03024	0.02318	0.01792	0.23784	0.03927	0.36024	0.03624	0.03271	0.02359	0.01333	0.01094	0.00333	0.01037	0.01050	0.01245	0.01855
20	0.01715	0.01242	0.01699	0.01928	0.02189	0.01225	0.01674	0.02197	0.02508	0.03235	0.06243	0.12138	0.10567	0.02990	0.01487	0.00490	0.00964	0.43509	0.01005	0.00997
21	0.08330	0.02489	0.02585	0.02224	0.02905	0.02847	0.01763	0.16158	0.37751	0.05125	0.03783	0.03549	0.02815	0.01403	0.01071	0.00357	0.00940	0.01123	0.01071	0.01713
22	0.02385	0.02385	0.03340	0.02863	0.02863	0.03340	0.02385	0.02624	0.01670	0.02624	0.01431	0.02385	0.01431	0.01908	0.03578	0.00477	0.59685	0.00954	0.00477	0.01193
23	0.02810	0.02661	0.04507	0.06150	0.46120	0.02673	0.07477	0.07430	0.02716	0.03837	0.02113	0.02713	0.01731	0.00996	0.01099	0.00328	0.01336	0.01000	0.00588	0.01715
24	0.02706	0.02460	0.03398	0.04347	0.27589	0.02654	0.02497	0.04630	0.28925	0.04086	0.03303	0.03417	0.02567	0.01238	0.01095	0.00348	0.01069	0.01108	0.00838	0.01726
25	0.02648	0.02539	0.04334	0.10844	0.51124	0.02577	0.03321	0.03302	0.02459	0.03501	0.02042	0.02715	0.01705	0.00981	0.01080	0.00327	0.01308	0.00971	0.00535	0.01686
26	0.02915	0.62337	0.05714	0.01866	0.02799	0.04314	0.01866	0.03265	0.02215	0.02565	0.01516	0.01749	0.01399	0.00933	0.00700	0.00233	0.01166	0.00583	0.00466	0.01399
27	0.02033	0.01016	0.01016	0.01016	0.01270	0.01016	0.00762	0.02541	0.02287	0.04065	0.03557	0.04065	0.02795	0.01270	0.00762	0.00254	0.00508	0.01016	0.67734	0.01016
28	0.01541	0.01102	0.01501	0.01705	0.01876	0.01063	0.01331	0.01909	0.02408	0.03212	0.12752	0.32829	0.07250	0.03076	0.01425	0.00454	0.00773	0.21801	0.01035	0.00956
29	0.02187	0.05640	0.56031	0.03108	0.04719	0.02532	0.04029	0.03453	0.02302	0.03453	0.01957	0.02302	0.01381	0.01036	0.01036	0.00345	0.01611	0.00806	0.00460	0.01611
30	0.02059	0.01938	0.03270	0.59060	0.07510	0.02422	0.03028	0.02786	0.02180	0.02786	0.01938	0.02907	0.01453	0.01090	0.01090	0.00363	0.01453	0.00969	0.00484	0.01211
31	0.02261	0.01938	0.02261	0.01615	0.02584	0.01453	0.01292	0.02745	0.02261	0.03553	0.01938	0.02261	0.01615	0.00807	0.00807	0.00161	0.00807	0.00646	0.00646	0.68346
32	0.02059	0.01938	0.03270	0.59060	0.07510	0.02422	0.03028	0.02786	0.02180	0.02786	0.01938	0.02907	0.01453	0.01090	0.01090	0.00363	0.01453	0.00969	0.00484	0.01211
33	0.08150	0.02352	0.03081	0.03448	0.17946	0.02455	0.02206	0.13509	0.11366	0.14095	0.03265	0.03883	0.02561	0.01377	0.01098	0.00351	0.01079	0.05162	0.00944	0.01672
34	0.02691	0.02360	0.03845	0.09822	0.35772	0.02524	0.02940	0.03258	0.02384	0.07092	0.02371	0.03410	0.02047	0.01290	0.01483	0.00363	0.09949	0.04218	0.00616	0.01564
35	0.59666	0.02568	0.01824	0.01638	0.02296	0.10607	0.01319	0.03376	0.02039	0.04561	0.01543	0.01800	0.01214	0.01029	0.00721	0.00329	0.01011	0.00607	0.00658	0.01193
36	0.04892	0.01856	0.02530	0.01940	0.02783	0.01603	0.01603	0.05314	0.03121	0.55634	0.04302	0.03711	0.02699	0.01350	0.01096	0.00337	0.00928	0.01096	0.01350	0.01856
37	0.03223	0.02517	0.03845	0.09696	0.33935	0.02583	0.02836	0.12447	0.03037	0.11487	0.02465	0.02845	0.01865	0.01098	0.01085	0.00330	0.01239	0.00991	0.00752	0.01725
38	0.02252	0.01745	0.02874	0.03952	0.26886	0.01759	0.02118	0.02375	0.01950	0.02734	0.02043	0.03092	0.01875	0.02767	0.06602	0.31127	0.01256	0.00975	0.00513	0.01106
39	0.02712	0.02342	0.02465	0.02219	0.02835	0.02712	0.01726	0.05794	0.52909	0.04561	0.04438	0.04068	0.03328	0.01479	0.01109	0.00370	0.00863	0.01233	0.01109	0.01726
40	0.22770	0.03721	0.03291	0.02718	0.03436	0.27226	0.10874	0.07376	0.02788	0.03782	0.01803	0.02139	0.01420	0.01067	0.00958	0.00317	0.01559	0.00799	0.00632	0.01322
41	0.02699	0.02591	0.04426	0.06693	0.54879	0.02591	0.03346	0.03346	0.02483	0.03562	0.02051	0.02699	0.01727	0.00972	0.01079	0.00324	0.01295	0.00972	0.00540	0.01727
42	0.03560	0.24068	0.03985	0.02498	0.03142	0.35562	0.02047	0.03861	0.02691	0.02631	0.01610	0.01925	0.01405	0.01119	0.01083	0.00280	0.06026	0.00681	0.00524	0.01304
43	0.01295	0.01081	0.01128	0.01166	0.01489	0.00915	0.00856	0.01558	0.02426	0.02921	0.10296	0.18003	0.47411	0.02859	0.01304	0.00379	0.00564	0.02420	0.01012	0.00915
44	0.04566	0.01965	0.02812	0.02647	0.10534	0.01750	0.01862	0.05021	0.03026	0.47887	0.03967	0.03561	0.02554	0.01293	0.01094	0.00335	0.00982	0.01078	0.01229	0.01836
45	0.03769	0.01739	0.02281	0.01804	0.02560	0.01462	0.01445	0.04171	0.02773	0.36042	0.04023	0.11903	0.03126	0.01535	0.01075	0.00313	0.00857	0.01293	0.01141	0.16686
46	0.02915	0.62337	0.05714	0.01866	0.02799	0.04314	0.01866	0.03265	0.02215	0.02565	0.01516	0.01749	0.01399	0.00933	0.00700	0.00233	0.01166	0.00583	0.00466	0.01399
47	0.02187	0.05640	0.56031	0.03108	0.04719	0.02532	0.04029	0.03453	0.02302	0.03453	0.01957	0.02302	0.01381	0.01036	0.01036	0.00345	0.01611	0.00806	0.00460	0.01611
48	0.02121	0.01875	0.03041	0.04253	0.29604	0.01889	0.02304	0.02636	0.02381	0.03381	0.10547	0.12058	0.03963	0.02839	0.11576	0.00608	0.01386	0.01458	0.00713	0.01364
49	0.01508	0.01104	0.01361	0.01302	0.01538	0.01016	0.00942	0.01908	0.02766	0.03806	0.39762	0.08373	0.16465	0.11160	0.01921	0.00453	0.00601	0.01968	0.01090	0.00957
50	0.02424	0.04064	0.27723	0.04260	0.12589	0.02635	0.23432	0.03454	0.02442	0.03486	0.02074	0.02627	0.01546	0.00978	0.01147	0.00351	0.01659	0.01030	0.00510	0.01570

[dist]
# distance from previous block
# <min> <max>
2	5

[block]
# block no. 4 follows, 12 sequences, length 41
# corresponding to MSA columns:
# 172-212
name=unknown_E
#
# <colnr> <probs for GDERKNQSTAVLIFYWHMCP>
#	G	D	E	R	K	N	Q	S	T	A	V	L	I	F	Y	W	H	M	C	P
0	0.02261	0.02567	0.11834	0.09296	0.18289	0.02096	0.02503	0.07881	0.02689	0.03707	0.07908	0.13561	0.07430	0.01691	0.01161	0.00357	0.01118	0.01493	0.00753	0.01403
1	0.02258	0.06968	0.02466	0.02588	0.10967	0.07361	0.01639	0.02566	0.02350	0.07015	0.04377	0.35498	0.04836	0.02393	0.01215	0.00380	0.00951	0.02121	0.00866	0.01187
2	0.02123	0.01994	0.07960	0.17461	0.03802	0.01793	0.02030	0.02999	0.08990	0.07753	0.07527	0.22728	0.04338	0.02011	0.01201	0.00385	0.01008	0.01776	0.00865	0.01256
3	0.32796	0.02480	0.02131	0.01916	0.02554	0.07244	0.01513	0.04508	0.25716	0.04549	0.02891	0.02857	0.02199	0.01239	0.00903	0.00348	0.00948	0.00899	0.00867	0.01442
4	0.01604	0.01080	0.01376	0.01376	0.01433	0.01138	0.00893	0.01678	0.01621	0.02219	0.03150	0.05963	0.03419	0.40867	0.20768	0.07050	0.01599	0.01407	0.00622	0.00737
5	0.02491	0.29340	0.34998	0.02589	0.03916	0.03277	0.03124	0.03374	0.02266	0.03082	0.01772	0.02071	0.01389	0.00993	0.00895	0.00298	0.01425	0.00713	0.00463	0.01523
6	0.14911	0.02454	0.03058	0.02343	0.03197	0.02520	0.06813	0.21836	0.03602	0.23841	0.03005	0.02909	0.02029	0.01235	0.01045	0.00337	0.01109	0.00991	0.01061	0.01705
7	0.02630	0.02521	0.04302	0.12304	0.49803	0.02573	0.03312	0.03286	0.02450	0.03479	0.02039	0.02721	0.01698	0.00984	0.01081	0.00328	0.01312	0.00971	0.00534	0.01672
8	0.02059	0.01938	0.03270	0.59060	0.07510	0.02422	0.03028	0.02786	0.02180	0.02786	0.01938	0.02907	0.01453	0.01090	0.01090	0.00363	0.01453	0.00969	0.00484	0.01211
9	0.02915	0.62337	0.05714	0.01866	0.02799	0.04314	0.01866	0.03265	0.02215	0.02565	0.01516	0.01749	0.01399	0.00933	0.00700	0.00233	0.01166	0.00583	0.00466	0.01399
10	0.02059	0.01938	0.03270	0.59060	0.07510	0.02422	0.03028	0.02786	0.02180	0.02786	0.01938	0.02907	0.01453	0.01090	0.01090	0.00363	0.01453	0.00969	0.00484	0.01211
11	0.01747	0.01043	0.01565	0.01565	0.01650	0.01128	0.01128	0.01650	0.01565	0.02172	0.02341	0.03737	0.02256	0.05701	0.27401	0.39286	0.01807	0.01043	0.00522	0.00691
12	0.03931	0.04927	0.03228	0.03211	0.08702	0.51640	0.02235	0.04250	0.03027	0.02761	0.01723	0.02042	0.01438	0.01108	0.00993	0.00285	0.01897	0.00730	0.00560	0.01312
13	0.69383	0.02109	0.01603	0.01434	0.02109	0.02446	0.01181	0.03205	0.01856	0.04892	0.01518	0.01771	0.01181	0.01012	0.00675	0.00337	0.00843	0.00590	0.00675	0.01181
14	0.01570	0.01119	0.01502	0.01502	0.01611	0.01227	0.01051	0.01787	0.01678	0.02346	0.03149	0.05549	0.03275	0.31919	0.34370	0.01444	0.02094	0.01353	0.00618	0.00835
15	0.02946	0.46352	0.04811	0.01989	0.02769	0.12891	0.01818	0.03268	0.02350	0.02605	0.02010	0.07915	0.02002	0.01222	0.00819	0.00263	0.01246	0.00864	0.00539	0.01323
16	0.09661	0.01933	0.02383	0.01887	0.02622	0.01845	0.01541	0.11511	0.03311	0.35337	0.12259	0.04131	0.03725	0.01463	0.01092	0.00337	0.00892	0.01184	0.01228	0.01659
17	0.02982	0.13955	0.18171	0.03641	0.15017	0.07532	0.06290	0.12668	0.02954	0.03921	0.02024	0.02372	0.01572	0.01056	0.01012	0.00314	0.01432	0.00863	0.00615	0.01609
18	0.02680	0.44005	0.21983	0.02267	0.03420	0.03738	0.02565	0.03326	0.02243	0.02852	0.01658	0.01928	0.01393	0.00966	0.00808	0.00269	0.01310	0.00655	0.00464	0.01468
19	0.01614	0.01131	0.01696	0.01696	0.01858	0.01293	0.01293	0.01858	0.01696	0.02424	0.02748	0.04120	0.02586	0.07438	0.48410	0.12965	0.02588	0.01131	0.00565	0.00889
20	0.08377	0.02605	0.07879	0.02070	0.02786	0.06810	0.01804	0.11254	0.08573	0.15548	0.16131	0.04263	0.04205	0.01503	0.01096	0.00337	0.01011	0.01213	0.01033	0.01502
21	0.02396	0.02282	0.03879	0.31459	0.32477	0.02511	0.03196	0.03081	0.02340	0.03195	0.01998	0.02797	0.01598	0.01028	0.01084	0.00343	0.01370	0.00970	0.00514	0.01483
22	0.01682	0.01421	0.02248	0.01878	0.02293	0.01305	0.09410	0.02232	0.02917	0.04028	0.39580	0.07590	0.14898	0.02081	0.01287	0.00351	0.00743	0.01902	0.01065	0.01088
23	0.02146	0.01264	0.01692	0.01581	0.01936	0.01166	0.01255	0.02642	0.02990	0.12815	0.37245	0.08136	0.08295	0.02220	0.01293	0.00370	0.00671	0.09928	0.01191	0.01164
24	0.02531	0.32454	0.32234	0.02520	0.03811	0.03375	0.03006	0.03364	0.02261	0.03033	0.01748	0.02041	0.01390	0.00987	0.00877	0.00292	0.01401	0.00700	0.00463	0.01511
25	0.02059	0.01938	0.03270	0.59060	0.07510	0.02422	0.03028	0.02786	0.02180	0.02786	0.01938	0.02907	0.01453	0.01090	0.01090	0.00363	0.01453	0.00969	0.00484	0.01211
26	0.01570	0.01118	0.01495	0.01495	0.01601	0.01223	0.01043	0.01782	0.01676	0.02341	0.03155	0.05584	0.03291	0.32584	0.33726	0.01435	0.02070	0.01359	0.00619	0.00831
27	0.02310	0.15239	0.47513	0.02897	0.04394	0.02834	0.03662	0.03421	0.02287	0.03303	0.01882	0.02208	0.01384	0.01018	0.00979	0.00326	0.01536	0.00768	0.00461	0.01575
28	0.02980	0.02883	0.10026	0.04914	0.26698	0.02466	0.16847	0.03732	0.02598	0.12327	0.02466	0.02899	0.01835	0.01027	0.01138	0.00341	0.01423	0.01066	0.00672	0.01663
29	0.02336	0.01264	0.01695	0.01608	0.01956	0.01150	0.01227	0.02733	0.02759	0.16642	0.23876	0.22618	0.07173	0.02416	0.01287	0.00383	0.00692	0.05825	0.01167	0.01192
30	0.02250	0.10556	0.51669	0.03000	0.04553	0.02687	0.03841	0.03437	0.02295	0.03376	0.01918	0.02254	0.01383	0.01027	0.01007	0.00336	0.01573	0.00786	0.00461	0.01593
31	0.03775	0.03419	0.24630	0.02422	0.03583	0.01987	0.02605	0.04545	0.02783	0.34080	0.03333	0.03129	0.02155	0.01220	0.01071	0.00341	0.01210	0.00976	0.00982	0.01755
32	0.01849	0.01188	0.01533	0.01636	0.01919	0.01098	0.01290	0.02192	0.02437	0.08650	0.06920	0.26248	0.17424	0.02902	0.01376	0.00435	0.00774	0.18046	0.01046	0.01039
33	0.02406	0.02292	0.03898	0.30627	0.33229	0.02514	0.03201	0.03090	0.02344	0.03207	0.01999	0.02794	0.01602	0.01026	0.01084	0.00342	0.01368	0.00970	0.00514	0.01491
34	0.03366	0.02352	0.04148	0.10106	0.19061	0.02269	0.14791	0.04012	0.02697	0.21698	0.02866	0.03137	0.02020	0.01103	0.01139	0.00344	0.01322	0.01095	0.00820	0.01652
35	0.02626	0.09601	0.37249	0.03481	0.12819	0.02596	0.03467	0.03618	0.02413	0.08986	0.02186	0.02472	0.01582	0.01050	0.01021	0.00331	0.01446	0.00846	0.00570	0.01639
36	0.01856	0.01241	0.01509	0.01509	0.01835	0.01152	0.01146	0.02371	0.05829	0.08730	0.15136	0.22055	0.21342	0.02639	0.01306	0.00394	0.00674	0.07104	0.01083	0.01087
37	0.03433	0.02044	0.03200	0.22761	0.15768	0.02102	0.02476	0.04010	0.02656	0.25986	0.02993	0.03212	0.02056	0.01177	0.01091	0.00343	0.01190	0.01025	0.00874	0.01604
38	0.02580	0.02511	0.04404	0.15338	0.42661	0.02577	0.07389	0.03264	0.02440	0.03425	0.02045	0.02755	0.01675	0.00987	0.01099	0.00334	0.01369	0.00998	0.00531	0.01618
39	0.02596	0.02821	0.08752	0.10309	0.42789	0.02587	0.07502	0.03324	0.02452	0.03486	0.02048	0.02703	0.01671	0.00982	0.01095	0.00332	0.01381	0.00985	0.00530	0.01655
40	0.02584	0.03787	0.27599	0.14058	0.17766	0.02428	0.03413	0.03504	0.02414	0.08951	0.02229	0.02664	0.01623	0.01063	0.01063	0.00342	0.01429	0.00909	0.00580	0.01594

[dist]
# distance from previous block
# <min> <max>
0	62

[block]
# block no. 5 follows, 12 sequences, length 68
# corresponding to MSA columns:
# 275-342
name=unknown_F
#
# <colnr> <probs for GDERKNQSTAVLIFYWHMCP>
#	G	D	E	R	K	N	Q	S	T	A	V	L	I	F	Y	W	H	M	C	P
0	0.03307	0.07981	0.16110	0.02984	0.08257	0.07464	0.06531	0.04363	0.10032	0.17694	0.02928	0.02960	0.02082	0.01171	0.01057	0.00332	0.01304	0.00976	0.00822	0.01645
1	0.02751	0.14866	0.32405	0.02589	0.03883	0.02749	0.02992	0.07984	0.02620	0.08335	0.02150	0.02356	0.01569	0.01051	0.00966	0.00306	0.01359	0.00794	0.00617	0.07659
2	0.03020	0.17575	0.19589	0.07395	0.03698	0.02563	0.02482	0.03718	0.02564	0.17313	0.07365	0.03148	0.02578	0.01212	0.00999	0.00317	0.01203	0.00954	0.00772	0.01535
3	0.03613	0.02387	0.07866	0.02442	0.03302	0.02024	0.09723	0.04688	0.12027	0.28443	0.03708	0.03557	0.02535	0.01268	0.01094	0.00341	0.01087	0.01119	0.07105	0.01672
4	0.63289	0.02093	0.01754	0.06650	0.02598	0.02444	0.01348	0.03167	0.01885	0.04701	0.01556	0.01874	0.01206	0.01019	0.00712	0.00340	0.00899	0.00625	0.00658	0.01184
5	0.01586	0.01057	0.01189	0.01189	0.01189	0.01057	0.00661	0.01586	0.01586	0.02114	0.03436	0.07135	0.03964	0.61681	0.05550	0.01057	0.01057	0.01586	0.00661	0.00661
6	0.35821	0.07517	0.02233	0.01697	0.02360	0.02208	0.01448	0.03540	0.02306	0.16389	0.02938	0.04112	0.02472	0.01442	0.00926	0.00357	0.00922	0.09110	0.00874	0.01329
7	0.02743	0.04312	0.25204	0.04519	0.24984	0.12615	0.03397	0.03575	0.02521	0.03354	0.01945	0.02403	0.01527	0.01026	0.01044	0.00325	0.01547	0.00855	0.00511	0.01595
8	0.01473	0.01112	0.01360	0.01298	0.01586	0.00999	0.00974	0.01922	0.02921	0.03980	0.42413	0.08790	0.22424	0.02375	0.01287	0.00350	0.00525	0.02062	0.01149	0.00999
9	0.02536	0.03547	0.20807	0.05148	0.34200	0.02583	0.03422	0.03596	0.06871	0.03615	0.02231	0.02692	0.01757	0.01037	0.01068	0.00335	0.01359	0.00941	0.00565	0.01690
10	0.02581	0.02471	0.04214	0.16310	0.46180	0.02560	0.03288	0.03243	0.02427	0.03420	0.02030	0.02737	0.01677	0.00993	0.01081	0.00331	0.01324	0.00971	0.00530	0.01632
11	0.02579	0.01923	0.03134	0.48570	0.06642	0.02272	0.02766	0.03250	0.02353	0.12492	0.02372	0.03055	0.01682	0.01138	0.01091	0.00359	0.01357	0.00992	0.00643	0.01330
12	0.01503	0.01101	0.01410	0.01359	0.01611	0.01008	0.01009	0.01971	0.02954	0.04119	0.46614	0.12453	0.14077	0.02370	0.01294	0.00353	0.00527	0.02089	0.01169	0.01008
13	0.02059	0.01938	0.03270	0.59060	0.07510	0.02422	0.03028	0.02786	0.02180	0.02786	0.01938	0.02907	0.01453	0.01090	0.01090	0.00363	0.01453	0.00969	0.00484	0.01211
14	0.03568	0.02336	0.02628	0.02194	0.02919	0.02527	0.01754	0.13794	0.30674	0.19014	0.04075	0.03710	0.02892	0.01413	0.01103	0.00353	0.00941	0.01150	0.01172	0.01784
15	0.03262	0.02042	0.02415	0.01915	0.02730	0.01908	0.01533	0.04564	0.18870	0.20815	0.03513	0.03315	0.02520	0.01200	0.00999	0.00286	0.00864	0.00982	0.01024	0.25244
16	0.48590	0.02027	0.01902	0.01597	0.02326	0.02174	0.01317	0.03885	0.02264	0.21252	0.02416	0.02397	0.01670	0.01121	0.00811	0.00337	0.00871	0.00754	0.00892	0.01398
17	0.69383	0.02109	0.01603	0.01434	0.02109	0.02446	0.01181	0.03205	0.01856	0.04892	0.01518	0.01771	0.01181	0.01012	0.00675	0.00337	0.00843	0.00590	0.00675	0.01181
18	0.69383	0.02109	0.01603	0.01434	0.02109	0.02446	0.01181	0.03205	0.01856	0.04892	0.01518	0.01771	0.01181	0.01012	0.00675	0.00337	0.00843	0.00590	0.00675	0.01181
19	0.04604	0.02318	0.02816	0.02159	0.03014	0.02288	0.01784	0.23016	0.03894	0.36840	0.03653	0.03290	0.02373	0.01334	0.01094	0.00333	0.01033	0.01052	0.01250	0.01855
20	0.03482	0.02725	0.02899	0.02375	0.03129	0.03071	0.01912	0.30203	0.27247	0.05802	0.03460	0.03289	0.02537	0.01388	0.01099	0.00347	0.01044	0.01098	0.01099	0.01795
21	0.57283	0.01956	0.01630	0.01537	0.02136	0.02233	0.01284	0.03036	0.01973	0.04601	0.02280	0.03655	0.02092	0.01370	0.00823	0.00367	0.00872	0.08991	0.00734	0.01149
22	0.03384	0.02676	0.02844	0.02355	0.03091	0.03026	0.01888	0.27096	0.30514	0.05644	0.03585	0.03388	0.02637	0.01399	0.01101	0.00350	0.01021	0.01115	0.01101	0.01786
23	0.01543	0.01115	0.01457	0.01372	0.01629	0.01029	0.01029	0.02058	0.03086	0.04372	0.54304	0.08145	0.10288	0.02229	0.01286	0.00343	0.00514	0.01972	0.01200	0.01029
24	0.02059	0.01938	0.03270	0.59060	0.07510	0.02422	0.03028	0.02786	0.02180	0.02786	0.01938	0.02907	0.01453	0.01090	0.01090	0.00363	0.01453	0.00969	0.00484	0.01211
25	0.04073	0.05197	0.03090	0.02809	0.03371	0.57303	0.02107	0.04354	0.03090	0.02669	0.01685	0.01966	0.01404	0.01124	0.00983	0.00281	0.01966	0.00702	0.00562	0.01264
26	0.01328	0.00949	0.01265	0.01518	0.01581	0.00886	0.01012	0.01518	0.02088	0.02783	0.06010	0.60969	0.07212	0.03416	0.01392	0.00443	0.00633	0.03100	0.01012	0.00886
27	0.02059	0.01938	0.03270	0.59060	0.07510	0.02422	0.03028	0.02786	0.02180	0.02786	0.01938	0.02907	0.01453	0.01090	0.01090	0.00363	0.01453	0.00969	0.00484	0.01211
28	0.01300	0.01062	0.01149	0.01218	0.01503	0.00911	0.00879	0.01552	0.02376	0.02901	0.09661	0.24368	0.41455	0.02941	0.01317	0.00389	0.00574	0.02521	0.01012	0.00911
29	0.02059	0.01938	0.03270	0.59060	0.07510	0.02422	0.03028	0.02786	0.02180	0.02786	0.01938	0.02907	0.01453	0.01090	0.01090	0.00363	0.01453	0.00969	0.00484	0.01211
30	0.02187	0.05640	0.56031	0.03108	0.04719	0.02532	0.04029	0.03453	0.02302	0.03453	0.01957	0.02302	0.01381	0.01036	0.01036	0.00345	0.01611	0.00806	0.00460	0.01611
31	0.02915	0.62337	0.05714	0.01866	0.02799	0.04314	0.01866	0.03265	0.02215	0.02565	0.01516	0.01749	0.01399	0.00933	0.00700	0.00233	0.01166	0.00583	0.00466	0.01399
32	0.02372	0.02046	0.02140	0.01952	0.02509	0.02284	0.01511	0.04783	0.40850	0.04175	0.06018	0.05605	0.15551	0.01786	0.01152	0.00369	0.00789	0.01488	0.01086	0.01533
33	0.04892	0.01856	0.02530	0.01940	0.02783	0.01603	0.01603	0.05314	0.03121	0.55634	0.04302	0.03711	0.02699	0.01350	0.01096	0.00337	0.00928	0.01096	0.01350	0.01856
34	0.02699	0.02591	0.04426	0.06693	0.54879	0.02591	0.03346	0.03346	0.02483	0.03562	0.02051	0.02699	0.01727	0.00972	0.01079	0.00324	0.01295	0.00972	0.00540	0.01727
35	0.01558	0.01168	0.01752	0.01752	0.01947	0.01363	0.01363	0.01947	0.01752	0.02531	0.02921	0.04283	0.02726	0.08178	0.57360	0.01752	0.02921	0.01168	0.00584	0.00974
36	0.01328	0.00949	0.01265	0.01518	0.01581	0.00886	0.01012	0.01518	0.02088	0.02783	0.06010	0.60969	0.07212	0.03416	0.01392	0.00443	0.00633	0.03100	0.01012	0.00886
37	0.01660	0.01398	0.02175	0.27631	0.04272	0.01583	0.01927	0.02093	0.02130	0.02785	0.04162	0.34620	0.04599	0.02360	0.01255	0.00407	0.01005	0.02133	0.00773	0.01033
38	0.04073	0.05197	0.03090	0.02809	0.03371	0.57303	0.02107	0.04354	0.03090	0.02669	0.01685	0.01966	0.01404	0.01124	0.00983	0.00281	0.01966	0.00702	0.00562	0.01264
39	0.01328	0.00949	0.01265	0.01518	0.01581	0.00886	0.01012	0.01518	0.02088	0.02783	0.06010	0.60969	0.07212	0.03416	0.01392	0.00443	0.00633	0.03100	0.01012	0.00886
40	0.02915	0.62337	0.05714	0.01866	0.02799	0.04314	0.01866	0.03265	0.02215	0.02565	0.01516	0.01749	0.01399	0.00933	0.00700	0.00233	0.01166	0.00583	0.00466	0.01399
41	0.01902	0.01282	0.01645	0.01485	0.01874	0.01121	0.01117	0.02345	0.02775	0.08222	0.32890	0.16260	0.07680	0.02134	0.01210	0.00331	0.00618	0.01883	0.01088	0.12140
42	0.03736	0.15101	0.03909	0.02745	0.03480	0.32948	0.06510	0.12465	0.03247	0.03477	0.01869	0.02132	0.01507	0.01103	0.00978	0.00288	0.01671	0.00784	0.00638	0.01413
43	0.04145	0.03054	0.03272	0.02509	0.03381	0.03381	0.02072	0.51243	0.05127	0.06872	0.02618	0.02618	0.01854	0.01309	0.01091	0.00327	0.01200	0.00982	0.01091	0.01854
44	0.04892	0.01856	0.02530	0.01940	0.02783	0.01603	0.01603	0.05314	0.03121	0.55634	0.04302	0.03711	0.02699	0.01350	0.01096	0.00337	0.00928	0.01096	0.01350	0.01856
45	0.01768	0.01464	0.02100	0.01980	0.02108	0.01832	0.01556	0.02084	0.01716	0.02516	0.02593	0.04067	0.02514	0.11483	0.39119	0.01368	0.17015	0.01153	0.00564	0.01000
46	0.01558	0.01168	0.01752	0.01752	0.01947	0.01363	0.01363	0.01947	0.01752	0.02531	0.02921	0.04283	0.02726	0.08178	0.57360	0.01752	0.02921	0.01168	0.00584	0.00974
47	0.02915	0.62337	0.05714	0.01866	0.02799	0.04314	0.01866	0.03265	0.02215	0.02565	0.01516	0.01749	0.01399	0.00933	0.00700	0.00233	0.01166	0.00583	0.00466	0.01399
48	0.02261	0.01938	0.02261	0.01615	0.02584	0.01453	0.01292	0.02745	0.02261	0.03553	0.01938	0.02261	0.01615	0.00807	0.00807	0.00161	0.00807	0.00646	0.00646	0.68346
49	0.02699	0.02591	0.04426	0.06693	0.54879	0.02591	0.03346	0.03346	0.02483	0.03562	0.02051	0.02699	0.01727	0.00972	0.01079	0.00324	0.01295	0.00972	0.00540	0.01727
50	0.03495	0.02731	0.02906	0.02377	0.03134	0.03078	0.01915	0.30618	0.26811	0.05823	0.03444	0.03276	0.02523	0.01386	0.01099	0.00347	0.01047	0.01096	0.01099	0.01796
51	0.02059	0.01938	0.03270	0.59060	0.07510	0.02422	0.03028	0.02786	0.02180	0.02786	0.01938	0.02907	0.01453	0.01090	0.01090	0.00363	0.01453	0.00969	0.00484	0.01211
52	0.04145	0.03054	0.03272	0.02509	0.03381	0.03381	0.02072	0.51243	0.05127	0.06872	0.02618	0.02618	0.01854	0.01309	0.01091	0.00327	0.01200	0.00982	0.01091	0.01854
53	0.01757	0.01255	0.01757	0.02008	0.02259	0.01255	0.01757	0.02259	0.02510	0.03263	0.05773	0.12299	0.06275	0.03012	0.01506	0.00502	0.01004	0.47540	0.01004	0.01004
54	0.02059	0.01938	0.03270	0.59060	0.07510	0.02422	0.03028	0.02786	0.02180	0.02786	0.01938	0.02907	0.01453	0.01090	0.01090	0.00363	0.01453	0.00969	0.00484	0.01211
55	0.02187	0.05640	0.56031	0.03108	0.04719	0.02532	0.04029	0.03453	0.02302	0.03453	0.01957	0.02302	0.01381	0.01036	0.01036	0.00345	0.01611	0.00806	0.00460	0.01611
56	0.03441	0.36406	0.04523	0.02294	0.03058	0.28361	0.01975	0.03759	0.02612	0.02612	0.01593	0.01848	0.01402	0.01019	0.00828	0.00255	0.01529	0.00637	0.00510	0.01338
57	0.02261	0.01938	0.02261	0.01615	0.02584	0.01453	0.01292	0.02745	0.02261	0.03553	0.01938	0.02261	0.01615	0.00807	0.00807	0.00161	0.00807	0.00646	0.00646	0.68346
58	0.02752	0.02833	0.03713	0.02999	0.03716	0.10560	0.17299	0.04499	0.25451	0.03798	0.03459	0.08142	0.02840	0.01411	0.01171	0.00362	0.01314	0.01328	0.00845	0.01508
59	0.02261	0.01938	0.02261	0.01615	0.02584	0.01453	0.01292	0.02745	0.02261	0.03553	0.01938	0.02261	0.01615	0.00807	0.00807	0.00161	0.00807	0.00646	0.00646	0.68346
60	0.03177	0.18377	0.11607	0.02654	0.03461	0.26986	0.06639	0.03653	0.02593	0.02787	0.01877	0.02482	0.01636	0.06089	0.01331	0.00351	0.01636	0.00815	0.00531	0.01316
61	0.03442	0.08040	0.03904	0.04606	0.31291	0.07300	0.02623	0.03969	0.02687	0.17707	0.02589	0.02826	0.01936	0.01085	0.01041	0.00316	0.01242	0.00947	0.00758	0.01692
62	0.02708	0.43211	0.04620	0.01786	0.02731	0.03408	0.01684	0.03100	0.02230	0.02878	0.01650	0.01911	0.01468	0.00893	0.00734	0.00211	0.01053	0.00603	0.00523	0.22598
63	0.03251	0.02159	0.02411	0.01811	0.02708	0.05755	0.01455	0.03699	0.02602	0.20348	0.02684	0.02708	0.01950	0.01007	0.00914	0.00228	0.00935	0.00796	0.00867	0.41710
64	0.03935	0.03222	0.03386	0.03276	0.12783	0.12174	0.02270	0.30378	0.04116	0.09968	0.02509	0.02622	0.01831	0.01219	0.01071	0.00320	0.01322	0.00943	0.00924	0.01731
65	0.02653	0.20371	0.26028	0.03053	0.04295	0.03151	0.14020	0.07747	0.02597	0.03528	0.01953	0.02325	0.01492	0.01006	0.01006	0.00318	0.01504	0.00871	0.00540	0.01543
66	0.03054	0.03370	0.04418	0.05250	0.31921	0.17660	0.11517	0.03649	0.02666	0.03304	0.01978	0.02541	0.01625	0.01004	0.01090	0.00320	0.01577	0.00954	0.00548	0.01554
67	0.02051	0.01385	0.01605	0.01561	0.01784	0.01432	0.01062	0.02822	0.13319	0.07278	0.04348	0.19038	0.04493	0.29251	0.03191	0.00696	0.00901	0.01828	0.00903	0.01052

[dist]
# distance from previous block
# <min> <max>
0	3

[block]
# block no. 6 follows, 12 sequences, length 30
# corresponding to MSA columns:
# 346-375
name=unknown_G
#
# <colnr> <probs for GDERKNQSTAVLIFYWHMCP>
#	G	D	E	R	K	N	Q	S	T	A	V	L	I	F	Y	W	H	M	C	P
0	0.01580	0.01080	0.01303	0.01303	0.01342	0.01119	0.00802	0.01659	0.01619	0.02198	0.03332	0.06560	0.03714	0.50887	0.16002	0.01197	0.01433	0.01501	0.00645	0.00724
1	0.02147	0.02133	0.03918	0.20570	0.04979	0.02367	0.18048	0.02805	0.02260	0.03098	0.06764	0.03522	0.02491	0.02295	0.09859	0.00584	0.09149	0.01189	0.00584	0.01241
2	0.69383	0.02109	0.01603	0.01434	0.02109	0.02446	0.01181	0.03205	0.01856	0.04892	0.01518	0.01771	0.01181	0.01012	0.00675	0.00337	0.00843	0.00590	0.00675	0.01181
3	0.02915	0.62337	0.05714	0.01866	0.02799	0.04314	0.01866	0.03265	0.02215	0.02565	0.01516	0.01749	0.01399	0.00933	0.00700	0.00233	0.01166	0.00583	0.00466	0.01399
4	0.04073	0.05197	0.03090	0.02809	0.03371	0.57303	0.02107	0.04354	0.03090	0.02669	0.01685	0.01966	0.01404	0.01124	0.00983	0.00281	0.01966	0.00702	0.00562	0.01264
5	0.02605	0.01314	0.01648	0.01451	0.01754	0.01222	0.01012	0.02818	0.02303	0.19088	0.11852	0.06234	0.04584	0.33431	0.03484	0.00719	0.00930	0.01496	0.00961	0.01091
6	0.02770	0.01541	0.01952	0.01684	0.02181	0.01477	0.01319	0.03667	0.11078	0.20314	0.30796	0.06116	0.06818	0.01836	0.01199	0.00346	0.00699	0.01582	0.01232	0.01397
7	0.01977	0.01826	0.03044	0.52570	0.06841	0.02249	0.02801	0.02643	0.02170	0.02786	0.02397	0.09456	0.02103	0.01352	0.01124	0.00372	0.01361	0.01209	0.00544	0.01175
8	0.03305	0.03726	0.03962	0.09528	0.17402	0.26075	0.09774	0.07003	0.02907	0.03319	0.01945	0.02436	0.01560	0.01063	0.01071	0.00316	0.01672	0.00904	0.00583	0.01449
9	0.22139	0.07834	0.02797	0.02069	0.02822	0.03018	0.01708	0.21145	0.16815	0.05308	0.02699	0.02692	0.02020	0.01237	0.00943	0.00333	0.01005	0.00903	0.00923	0.01589
