[name]
unknown

[dist]
# distance from previous block
# <min> <max>
5	129

[block]
# block no. 0 follows, 12 sequences, length 10
# corresponding to MSA columns:
# 174-183
name=unknown_A
#
# <colnr> <probs for GDERKNQSTAVLIFYWHMCP>
#	G	D	E	R	K	N	Q	S	T	A	V	L	I	F	Y	W	H	M	C	P
0	0.03005	0.02962	0.10034	0.03931	0.05026	0.02506	0.36869	0.03855	0.02659	0.13962	0.02605	0.03039	0.01840	0.01016	0.01226	0.00360	0.01635	0.01206	0.00704	0.01560
1	0.02998	0.01832	0.02200	0.01840	0.02403	0.01847	0.01460	0.13170	0.09758	0.16918	0.25938	0.05483	0.05941	0.01744	0.01180	0.00342	0.00793	0.01475	0.01202	0.01476
2	0.01894	0.00947	0.01420	0.01420	0.01420	0.00947	0.00947	0.01420	0.01420	0.01894	0.01894	0.03314	0.01894	0.03788	0.04261	0.68277	0.00947	0.00947	0.00473	0.00473
3	0.01431	0.01078	0.01324	0.01331	0.01578	0.00970	0.00972	0.01815	0.02720	0.03665	0.32833	0.19670	0.21395	0.02616	0.01309	0.00370	0.00549	0.02292	0.01112	0.00970
4	0.03133	0.12316	0.14240	0.03007	0.09837	0.02968	0.02548	0.12371	0.06754	0.10661	0.02445	0.02654	0.01840	0.01252	0.01351	0.00341	0.08994	0.00914	0.00753	0.01622
5	0.03861	0.01804	0.02327	0.01855	0.02538	0.01672	0.01503	0.10335	0.03370	0.35036	0.18036	0.04807	0.04707	0.01590	0.01149	0.00338	0.00848	0.01326	0.01274	0.01625
6	0.03215	0.03048	0.11127	0.11355	0.04031	0.02827	0.02400	0.30596	0.03994	0.05416	0.08426	0.03258	0.02701	0.01340	0.01105	0.00337	0.01223	0.01068	0.00912	0.01620
7	0.01396	0.01016	0.01316	0.01436	0.01588	0.00936	0.01003	0.01700	0.02449	0.03321	0.22353	0.39452	0.12051	0.02971	0.01348	0.00404	0.00587	0.02663	0.01074	0.00936
8	0.02917	0.43046	0.15923	0.02206	0.03273	0.03825	0.02344	0.09327	0.02599	0.03291	0.01746	0.01974	0.01453	0.01002	0.00819	0.00268	0.01263	0.00680	0.00544	0.01501
9	0.17582	0.02467	0.08677	0.09142	0.03480	0.02117	0.01971	0.07668	0.02687	0.21480	0.02698	0.02758	0.01858	0.01135	0.00961	0.00318	0.01062	0.00871	0.00882	0.10186

[dist]
# distance from previous block
# <min> <max>
0	10

[block]
# block no. 1 follows, 12 sequences, length 40
# corresponding to MSA columns:
# 194-233
name=unknown_B
#
# <colnr> <probs for GDERKNQSTAVLIFYWHMCP>
#	G	D	E	R	K	N	Q	S	T	A	V	L	I	F	Y	W	H	M	C	P
0	0.03622	0.12962	0.06543	0.02260	0.03098	0.06470	0.01971	0.15840	0.15684	0.15757	0.03147	0.03006	0.02267	0.01267	0.01020	0.00322	0.01127	0.00972	0.00973	0.01692
1	0.59707	0.02249	0.01850	0.01593	0.02297	0.02585	0.01313	0.10330	0.02341	0.05186	0.01681	0.01897	0.01281	0.01056	0.00736	0.00336	0.00896	0.00648	0.00736	0.01281
2	0.02953	0.02034	0.03152	0.25049	0.16653	0.02183	0.02511	0.03725	0.05819	0.16294	0.02824	0.03212	0.02039	0.01164	0.01069	0.00341	0.01184	0.01022	0.05259	0.01512
3	0.01584	0.01186	0.01518	0.01453	0.01756	0.01048	0.01063	0.01994	0.02657	0.03762	0.31692	0.23510	0.08056	0.02383	0.01248	0.00347	0.00594	0.02122	0.01060	0.10969
4	0.02347	0.02020	0.03470	0.37599	0.05999	0.02344	0.09072	0.02990	0.02268	0.07565	0.02471	0.07620	0.02053	0.01343	0.01340	0.00377	0.06040	0.01193	0.00612	0.01275
5	0.02097	0.01173	0.01470	0.01455	0.01675	0.01083	0.00994	0.02276	0.02157	0.12771	0.05283	0.27778	0.09474	0.22075	0.02690	0.00617	0.00822	0.02146	0.00962	0.01002
6	0.02770	0.02105	0.03513	0.33347	0.05786	0.02316	0.09731	0.06564	0.02627	0.12773	0.02686	0.03613	0.02031	0.01244	0.01146	0.00365	0.01371	0.03891	0.00724	0.01397
7	0.24629	0.01952	0.02055	0.01686	0.02367	0.02020	0.01377	0.10924	0.02857	0.22406	0.03028	0.03004	0.02112	0.01222	0.00898	0.00320	0.00861	0.00904	0.13900	0.01480
8	0.09912	0.12480	0.02857	0.01900	0.02496	0.02293	0.01590	0.03746	0.05715	0.21311	0.02911	0.03140	0.02197	0.02503	0.09782	0.05965	0.05989	0.00951	0.00856	0.01404
9	0.04220	0.02934	0.03198	0.02452	0.03322	0.03203	0.02025	0.46648	0.04926	0.11750	0.02786	0.02727	0.01939	0.01313	0.01091	0.00328	0.01173	0.00993	0.01117	0.01854
10	0.02775	0.51402	0.15418	0.02105	0.03169	0.03971	0.02283	0.03301	0.02232	0.02737	0.01601	0.01856	0.01396	0.00953	0.00764	0.00255	0.01252	0.00626	0.00465	0.01440
11	0.04271	0.02851	0.03147	0.02412	0.03280	0.03080	0.01993	0.43459	0.04787	0.15136	0.02903	0.02803	0.01997	0.01316	0.01092	0.00329	0.01154	0.01001	0.01135	0.01855
12	0.03112	0.18896	0.21333	0.02749	0.03908	0.02800	0.10814	0.03873	0.02529	0.16190	0.02467	0.02617	0.01759	0.01067	0.01007	0.00318	0.01365	0.00902	0.00698	0.01593
13	0.01649	0.01130	0.01313	0.01322	0.01637	0.00983	0.00970	0.01939	0.02494	0.07774	0.13505	0.23656	0.32131	0.02762	0.01300	0.00384	0.00604	0.02381	0.01062	0.01006
14	0.02890	0.02451	0.02671	0.02326	0.02918	0.02873	0.01843	0.12150	0.40767	0.04707	0.03870	0.03687	0.02922	0.01497	0.01354	0.00374	0.06797	0.01168	0.01043	0.01691
15	0.02784	0.02028	0.03066	0.39978	0.05969	0.02354	0.02591	0.06684	0.06639	0.13182	0.02631	0.03134	0.01866	0.01185	0.01093	0.00357	0.01290	0.01015	0.00738	0.01417
16	0.69383	0.02109	0.01603	0.01434	0.02109	0.02446	0.01181	0.03205	0.01856	0.04892	0.01518	0.01771	0.01181	0.01012	0.00675	0.00337	0.00843	0.00590	0.00675	0.01181
17	0.01454	0.01026	0.01335	0.01459	0.01527	0.01032	0.00968	0.01622	0.01863	0.02522	0.04596	0.32929	0.05314	0.22850	0.13507	0.00891	0.01209	0.02246	0.00818	0.00831
18	0.16342	0.01655	0.01977	0.01673	0.02281	0.01574	0.01332	0.03898	0.02665	0.30462	0.07960	0.12207	0.03688	0.01656	0.01052	0.00348	0.00807	0.01360	0.05606	0.01459
19	0.24817	0.02322	0.02362	0.07784	0.03120	0.07627	0.01677	0.04330	0.07084	0.24177	0.02924	0.02869	0.02015	0.01205	0.00952	0.00337	0.01053	0.00895	0.00946	0.01504
20	0.01464	0.01053	0.01387	0.01426	0.01611	0.00976	0.01023	0.01859	0.02718	0.03786	0.36484	0.27637	0.09153	0.02667	0.01325	0.00380	0.00558	0.02388	0.01131	0.00976
21	0.01378	0.01004	0.01299	0.01445	0.01584	0.00924	0.01000	0.01656	0.02371	0.03192	0.18452	0.43363	0.12174	0.03063	0.01356	0.00411	0.00596	0.02749	0.01059	0.00924
22	0.02357	0.01387	0.01684	0.01540	0.01930	0.01359	0.01176	0.03203	0.10228	0.12870	0.23815	0.11287	0.06217	0.01903	0.01137	0.00339	0.00647	0.01642	0.14025	0.01256
23	0.09963	0.08037	0.17459	0.08071	0.11479	0.02670	0.02692	0.11559	0.02855	0.11684	0.02341	0.02574	0.01691	0.01112	0.01001	0.00330	0.01267	0.00877	0.00732	0.01608
24	0.27241	0.01861	0.02020	0.01747	0.02383	0.01913	0.01446	0.06811	0.02704	0.21084	0.08565	0.04672	0.03410	0.01563	0.01025	0.00362	0.00884	0.07885	0.01023	0.01401
25	0.01367	0.00965	0.01254	0.01469	0.01523	0.00911	0.00960	0.01528	0.02013	0.02684	0.05628	0.52985	0.06730	0.12058	0.02008	0.00534	0.00696	0.02875	0.00960	0.00852
26	0.08962	0.08964	0.03363	0.10776	0.03832	0.08820	0.02125	0.30548	0.03925	0.05242	0.02222	0.02438	0.01649	0.01196	0.01007	0.00319	0.01284	0.00880	0.00850	0.01598
27	0.69383	0.02109	0.01603	0.01434	0.02109	0.02446	0.01181	0.03205	0.01856	0.04892	0.01518	0.01771	0.01181	0.01012	0.00675	0.00337	0.00843	0.00590	0.00675	0.01181
28	0.07813	0.01308	0.01555	0.01607	0.01844	0.01364	0.01169	0.06944	0.02346	0.03459	0.04603	0.36690	0.05100	0.03518	0.09547	0.00601	0.01039	0.02203	0.06253	0.01035
29	0.03223	0.02610	0.07437	0.02564	0.06523	0.02516	0.02042	0.08987	0.31064	0.14960	0.03883	0.03630	0.02801	0.01366	0.01097	0.00355	0.00999	0.01129	0.01061	0.01752
30	0.02137	0.01565	0.01919	0.01574	0.02206	0.01264	0.01207	0.02561	0.02452	0.07707	0.13079	0.15813	0.04547	0.01672	0.01045	0.00269	0.00724	0.01452	0.00886	0.35920
31	0.02660	0.12323	0.29683	0.08324	0.11924	0.02774	0.03249	0.06642	0.02547	0.06936	0.02105	0.02451	0.01559	0.01056	0.01008	0.00326	0.01416	0.00845	0.00575	0.01596
32	0.02739	0.20140	0.26316	0.02972	0.04212	0.02973	0.13260	0.03596	0.02419	0.08440	0.02125	0.02429	0.01577	0.01014	0.01004	0.00319	0.01470	0.00877	0.00571	0.01548
33	0.01882	0.01171	0.01464	0.01368	0.01690	0.01062	0.01033	0.02331	0.02868	0.09324	0.35221	0.10904	0.15193	0.02204	0.01226	0.00344	0.00569	0.01914	0.07144	0.01088
34	0.01456	0.01645	0.09388	0.01754	0.02047	0.01130	0.01460	0.01805	0.02119	0.02883	0.05409	0.52268	0.06347	0.03063	0.01339	0.00428	0.00778	0.02759	0.00930	0.00993
35	0.08422	0.15733	0.12481	0.02778	0.03790	0.02807	0.14711	0.03996	0.07693	0.13363	0.02590	0.02754	0.01889	0.01087	0.01018	0.00327	0.01306	0.00964	0.00737	0.01553
36	0.01710	0.01155	0.01431	0.01406	0.01684	0.01054	0.01056	0.02079	0.02647	0.06914	0.26335	0.13477	0.18940	0.08433	0.01733	0.00445	0.00666	0.06756	0.01074	0.01005
37	0.09236	0.36746	0.04464	0.02022	0.02852	0.03686	0.01857	0.12595	0.02778	0.07841	0.01944	0.02117	0.01573	0.01110	0.00995	0.00285	0.05005	0.00726	0.00676	0.01490
38	0.02932	0.27783	0.03740	0.01861	0.02565	0.02877	0.01655	0.06173	0.02649	0.11966	0.10520	0.03732	0.06491	0.01410	0.01150	0.00297	0.05645	0.01045	0.00806	0.04704
39	0.10046	0.18370	0.11277	0.02147	0.03055	0.02972	0.02059	0.14747	0.06399	0.10084	0.06553	0.02917	0.02461	0.01230	0.00956	0.00312	0.01108	0.00920	0.00831	0.01557

[dist]
# distance from previous block
# <min> <max>
9	29

[block]
# block no. 2 follows, 12 sequences, length 26
# corresponding to MSA columns:
# 264-289
name=unknown_C
#
# <colnr> <probs for GDERKNQSTAVLIFYWHMCP>
#	G	D	E	R	K	N	Q	S	T	A	V	L	I	F	Y	W	H	M	C	P
0	0.26552	0.02339	0.02416	0.01960	0.02728	0.02525	0.01606	0.17721	0.08949	0.18509	0.02883	0.02775	0.02010	0.01237	0.00952	0.00338	0.00969	0.00906	0.01017	0.01609
1	0.03155	0.02045	0.02641	0.02629	0.10346	0.02060	0.01799	0.17309	0.03528	0.15452	0.17471	0.08656	0.04742	0.01676	0.01166	0.00342	0.00926	0.01433	0.01086	0.01536
2	0.01783	0.01089	0.01452	0.01534	0.01729	0.00999	0.01083	0.02071	0.02426	0.09175	0.16490	0.42748	0.07376	0.02917	0.01335	0.00409	0.00640	0.02621	0.01092	0.01028
3	0.02555	0.02649	0.10593	0.02297	0.03133	0.02234	0.05497	0.04346	0.25497	0.07644	0.04311	0.04186	0.08480	0.01419	0.01090	0.00335	0.01008	0.01206	0.00915	0.10604
4	0.03009	0.08918	0.03301	0.16916	0.11721	0.02231	0.02179	0.03548	0.02484	0.16290	0.02499	0.02793	0.01838	0.01053	0.00979	0.00289	0.01114	0.00881	0.00745	0.17210
5	0.10187	0.02967	0.03118	0.02409	0.03263	0.03295	0.01990	0.46795	0.04824	0.06688	0.02516	0.02539	0.01792	0.01281	0.01052	0.00328	0.01167	0.00945	0.01052	0.01792
6	0.02059	0.01938	0.03270	0.59060	0.07510	0.02422	0.03028	0.02786	0.02180	0.02786	0.01938	0.02907	0.01453	0.01090	0.01090	0.00363	0.01453	0.00969	0.00484	0.01211
7	0.03379	0.02037	0.02795	0.02255	0.02963	0.02031	0.07196	0.04786	0.20176	0.24485	0.11547	0.04405	0.03925	0.01476	0.01151	0.00353	0.00948	0.01295	0.01154	0.01644
8	0.04073	0.05197	0.03090	0.02809	0.03371	0.57303	0.02107	0.04354	0.03090	0.02669	0.01685	0.01966	0.01404	0.01124	0.00983	0.00281	0.01966	0.00702	0.00562	0.01264
9	0.69383	0.02109	0.01603	0.01434	0.02109	0.02446	0.01181	0.03205	0.01856	0.04892	0.01518	0.01771	0.01181	0.01012	0.00675	0.00337	0.00843	0.00590	0.00675	0.01181
10	0.01540	0.01038	0.01203	0.01248	0.01259	0.01026	0.00724	0.01574	0.01675	0.02234	0.03896	0.16771	0.04545	0.51252	0.04805	0.00947	0.00981	0.01857	0.00724	0.00701
11	0.03247	0.02002	0.02985	0.10906	0.17040	0.01997	0.02232	0.07160	0.02810	0.21450	0.03565	0.10497	0.02982	0.01566	0.01153	0.00360	0.01087	0.04462	0.00937	0.01563
12	0.04220	0.04599	0.02990	0.02653	0.03266	0.47333	0.02016	0.04526	0.03095	0.12149	0.02154	0.02279	0.01636	0.01164	0.01003	0.00291	0.01780	0.00773	0.00703	0.01370
13	0.02039	0.01269	0.01757	0.01913	0.02198	0.01229	0.01606	0.02476	0.02504	0.09163	0.05647	0.20029	0.06034	0.02894	0.01439	0.00473	0.00929	0.34277	0.01045	0.01080
14	0.01325	0.00963	0.01250	0.01480	0.01571	0.00889	0.00995	0.01523	0.02124	0.02798	0.06476	0.56294	0.11585	0.03355	0.01382	0.00436	0.00625	0.03026	0.01012	0.00889
15	0.14214	0.05008	0.46289	0.02808	0.04252	0.02517	0.03519	0.03409	0.02222	0.03711	0.01878	0.02207	0.01345	0.01032	0.00971	0.00344	0.01474	0.00767	0.00499	0.01534
16	0.03806	0.02385	0.02710	0.02210	0.02970	0.02544	0.01783	0.18266	0.23748	0.21501	0.03889	0.03551	0.02718	0.01391	0.01100	0.00348	0.00977	0.01120	0.01181	0.01803
17	0.02969	0.01453	0.01938	0.01761	0.02264	0.01310	0.01442	0.03394	0.02817	0.25409	0.12324	0.10859	0.10872	0.02202	0.01272	0.00392	0.00832	0.13962	0.01178	0.01349
18	0.02493	0.02381	0.04055	0.23493	0.39683	0.02537	0.03244	0.03166	0.02386	0.03313	0.02015	0.02765	0.01639	0.01010	0.01083	0.00337	0.01346	0.00971	0.00522	0.01562
19	0.02887	0.02251	0.03718	0.22564	0.30428	0.02360	0.02933	0.03519	0.02500	0.12635	0.02418	0.02946	0.01814	0.01077	0.01086	0.00339	0.01280	0.00993	0.00667	0.01585
20	0.02771	0.02324	0.04400	0.27105	0.05941	0.02409	0.21881	0.03520	0.02506	0.12527	0.02468	0.03065	0.01757	0.01068	0.01170	0.00360	0.01513	0.01119	0.00666	0.01430
21	0.04019	0.01698	0.02237	0.01835	0.02507	0.01533	0.01467	0.04596	0.06346	0.40795	0.04517	0.12327	0.03424	0.01662	0.01119	0.00350	0.00851	0.01400	0.05667	0.01646
22	0.02432	0.02138	0.03271	0.48938	0.06771	0.02594	0.02857	0.11459	0.02708	0.03517	0.02060	0.02855	0.01525	0.01129	0.01090	0.00357	0.01408	0.00971	0.00593	0.01326
23	0.02743	0.01723	0.02310	0.12166	0.03329	0.01804	0.01815	0.08709	0.06432	0.15052	0.04361	0.18114	0.04123	0.02090	0.01240	0.00398	0.00995	0.10239	0.01006	0.01350
24	0.02242	0.01181	0.01589	0.01626	0.01890	0.01069	0.01163	0.02491	0.02352	0.16330	0.05572	0.46292	0.06055	0.02886	0.01316	0.00416	0.00708	0.02586	0.01099	0.01134
25	0.02359	0.01575	0.02053	0.09884	0.02908	0.01652	0.01564	0.06312	0.10022	0.11166	0.04714	0.31801	0.04783	0.02348	0.01243	0.00397	0.00866	0.02078	0.01007	0.01267

[dist]
# distance from previous block
# <min> <max>
0	6

[block]
# block no. 3 follows, 12 sequences, length 72
# corresponding to MSA columns:
# 296-367
name=unknown_D
#
# <colnr> <probs for GDERKNQSTAVLIFYWHMCP>
#	G	D	E	R	K	N	Q	S	T	A	V	L	I	F	Y	W	H	M	C	P
0	0.19656	0.16410	0.07402	0.02157	0.02937	0.02872	0.06595	0.03796	0.15051	0.03793	0.02520	0.02944	0.02068	0.06025	0.01275	0.00383	0.01098	0.00919	0.00708	0.01390
1	0.12741	0.01722	0.01999	0.01851	0.02238	0.01884	0.01458	0.07632	0.06720	0.08128	0.11861	0.18085	0.04889	0.02136	0.01418	0.00394	0.06713	0.05917	0.00977	0.01237
2	0.02657	0.17327	0.03464	0.01982	0.02884	0.02285	0.05534	0.03138	0.02374	0.08103	0.02375	0.03116	0.02033	0.01073	0.00901	0.00240	0.01009	0.04439	0.00686	0.34379
3	0.02373	0.01806	0.02381	0.14853	0.03585	0.01707	0.01710	0.03097	0.06498	0.08705	0.07564	0.08015	0.03085	0.01325	0.01018	0.00282	0.00931	0.01135	0.00798	0.29131
4	0.01586	0.01057	0.01189	0.01189	0.01189	0.01057	0.00661	0.01586	0.01586	0.02114	0.03436	0.07135	0.03964	0.61681	0.05550	0.01057	0.01057	0.01586	0.00661	0.00661
5	0.02261	0.01938	0.02261	0.01615	0.02584	0.01453	0.01292	0.02745	0.02261	0.03553	0.01938	0.02261	0.01615	0.00807	0.00807	0.00161	0.00807	0.00646	0.00646	0.68346
6	0.04214	0.02943	0.03203	0.02456	0.03326	0.03216	0.02029	0.46985	0.04941	0.11393	0.02774	0.02719	0.01933	0.01313	0.01091	0.00328	0.01175	0.00992	0.01115	0.01854
7	0.01328	0.00949	0.01265	0.01518	0.01581	0.00886	0.01012	0.01518	0.02088	0.02783	0.06010	0.60969	0.07212	0.03416	0.01392	0.00443	0.00633	0.03100	0.01012	0.00886
8	0.01501	0.01253	0.01723	0.16054	0.03057	0.01289	0.01465	0.01857	0.02245	0.02838	0.06662	0.29217	0.21597	0.02603	0.01280	0.00398	0.00815	0.02288	0.00878	0.00980
9	0.01421	0.01110	0.01288	0.01243	0.01554	0.00977	0.00932	0.01821	0.02797	0.03687	0.33511	0.09274	0.31509	0.02485	0.01287	0.00355	0.00533	0.02130	0.01110	0.00977
10	0.08388	0.02449	0.02538	0.02206	0.02873	0.02809	0.01743	0.13640	0.40287	0.04998	0.03878	0.03624	0.02892	0.01411	0.01071	0.00360	0.00921	0.01136	0.01071	0.01704
11	0.04437	0.02096	0.02933	0.02830	0.12013	0.01941	0.01953	0.09226	0.03194	0.41943	0.03749	0.03432	0.02450	0.01279	0.01093	0.00334	0.01018	0.01064	0.01183	0.01833
12	0.03129	0.27696	0.12314	0.08044	0.03762	0.07908	0.02386	0.15698	0.03046	0.03841	0.01923	0.02191	0.01520	0.01077	0.00914	0.00292	0.01337	0.00768	0.00636	0.01519
13	0.31578	0.07973	0.15220	0.06733	0.03437	0.02775	0.02211	0.11377	0.02571	0.04528	0.01842	0.02131	0.01382	0.01068	0.00866	0.00331	0.01161	0.00738	0.00662	0.01417
14	0.01696	0.01250	0.01491	0.01481	0.01753	0.01240	0.01089	0.02502	0.10321	0.03859	0.26110	0.20547	0.11207	0.02359	0.01234	0.00365	0.00600	0.02073	0.07732	0.01090
15	0.02877	0.03669	0.25663	0.11395	0.04405	0.02454	0.02923	0.07936	0.10867	0.12779	0.02813	0.02950	0.01974	0.01192	0.01071	0.00349	0.01314	0.00965	0.00774	0.01630
16	0.03642	0.02077	0.02529	0.01888	0.02790	0.01814	0.01542	0.11332	0.03061	0.25616	0.03021	0.02916	0.02101	0.01110	0.00971	0.00260	0.00918	0.00884	0.01006	0.30521
17	0.02330	0.02422	0.04771	0.22779	0.10859	0.02488	0.26105	0.03125	0.02474	0.03334	0.06334	0.03328	0.02296	0.01088	0.01200	0.00360	0.01548	0.01205	0.00581	0.01373
18	0.69383	0.02109	0.01603	0.01434	0.02109	0.02446	0.01181	0.03205	0.01856	0.04892	0.01518	0.01771	0.01181	0.01012	0.00675	0.00337	0.00843	0.00590	0.00675	0.01181
19	0.04161	0.02204	0.02671	0.02059	0.02875	0.02141	0.01689	0.20265	0.03723	0.30974	0.07610	0.03589	0.02946	0.01364	0.01087	0.00320	0.00976	0.01093	0.01195	0.07056
20	0.01583	0.01068	0.01246	0.01246	0.01265	0.01088	0.00731	0.01622	0.01602	0.02156	0.03384	0.06849	0.03840	0.56305	0.10755	0.01127	0.01244	0.01544	0.00653	0.00692
21	0.04892	0.01856	0.02530	0.01940	0.02783	0.01603	0.01603	0.05314	0.03121	0.55634	0.04302	0.03711	0.02699	0.01350	0.01096	0.00337	0.00928	0.01096	0.01350	0.01856
22	0.02523	0.04384	0.38991	0.07310	0.04382	0.02248	0.03311	0.03534	0.02434	0.11453	0.03056	0.03234	0.05893	0.01229	0.01070	0.00347	0.01407	0.00985	0.00645	0.01561
23	0.04776	0.02042	0.02645	0.02028	0.02876	0.01879	0.01675	0.12439	0.03432	0.48069	0.04040	0.03542	0.02568	0.01343	0.01096	0.00336	0.00970	0.01079	0.01309	0.01855
24	0.02574	0.02941	0.06434	0.04596	0.05699	0.02757	0.50919	0.03493	0.02574	0.03493	0.02206	0.02941	0.01654	0.00919	0.01287	0.00368	0.01838	0.01287	0.00551	0.01471
25	0.04767	0.02366	0.02616	0.02073	0.02873	0.10113	0.01680	0.05167	0.03116	0.47542	0.03902	0.03445	0.02501	0.01315	0.01079	0.00329	0.01086	0.01036	0.01229	0.01765
26	0.03300	0.03006	0.08362	0.08935	0.13112	0.06888	0.14133	0.11206	0.03036	0.13374	0.02538	0.02857	0.01827	0.01108	0.01124	0.00339	0.01437	0.01036	0.00765	0.01615
27	0.01564	0.01142	0.01621	0.01621	0.01770	0.01291	0.01199	0.01863	0.01713	0.02434	0.03041	0.04950	0.03015	0.20690	0.45243	0.01590	0.02485	0.01266	0.00602	0.00900
28	0.01328	0.00949	0.01265	0.01518	0.01581	0.00886	0.01012	0.01518	0.02088	0.02783	0.06010	0.60969	0.07212	0.03416	0.01392	0.00443	0.00633	0.03100	0.01012	0.00886
29	0.02491	0.09509	0.24306	0.20832	0.05081	0.02618	0.03063	0.03603	0.07347	0.07497	0.02343	0.02731	0.01707	0.01113	0.01032	0.00342	0.01386	0.00902	0.00605	0.01492
30	0.02261	0.01938	0.02261	0.01615	0.02584	0.01453	0.01292	0.02745	0.02261	0.03553	0.01938	0.02261	0.01615	0.00807	0.00807	0.00161	0.00807	0.00646	0.00646	0.68346
31	0.03208	0.51617	0.05181	0.01950	0.02843	0.08347	0.01859	0.03559	0.02377	0.07906	0.01810	0.01964	0.01530	0.00990	0.00763	0.00248	0.01207	0.00644	0.00563	0.01434
32	0.08356	0.07978	0.03217	0.02184	0.03009	0.02015	0.10006	0.03471	0.02610	0.16099	0.10534	0.03540	0.03159	0.01204	0.01012	0.00289	0.01009	0.01058	0.00867	0.18384
33	0.13627	0.07757	0.13163	0.02961	0.07819	0.02423	0.11607	0.03976	0.02547	0.19830	0.02637	0.02767	0.01842	0.01094	0.01023	0.00335	0.01262	0.00950	0.00794	0.01586
34	0.03051	0.02278	0.04039	0.03553	0.11726	0.02163	0.19270	0.03903	0.06645	0.17327	0.10860	0.03986	0.03386	0.01283	0.01191	0.00349	0.01239	0.01289	0.00900	0.01563
35	0.01543	0.01115	0.01457	0.01372	0.01629	0.01029	0.01029	0.02058	0.03086	0.04372	0.54304	0.08145	0.10288	0.02229	0.01286	0.00343	0.00514	0.01972	0.01200	0.01029
36	0.02926	0.32148	0.09113	0.03028	0.11328	0.03383	0.07166	0.03712	0.07072	0.07275	0.02196	0.02431	0.01756	0.01029	0.00914	0.00291	0.01243	0.00833	0.00615	0.01541
37	0.03833	0.02102	0.03351	0.12075	0.13206	0.02018	0.06716	0.04390	0.02806	0.33043	0.03327	0.03330	0.02230	0.01200	0.01110	0.00342	0.01162	0.01071	0.00993	0.01695
38	0.01328	0.00949	0.01265	0.01518	0.01581	0.00886	0.01012	0.01518	0.02088	0.02783	0.06010	0.60969	0.07212	0.03416	0.01392	0.00443	0.00633	0.03100	0.01012	0.00886
39	0.02780	0.01388	0.01854	0.01582	0.02055	0.01241	0.01241	0.03260	0.03099	0.23303	0.35838	0.06507	0.07485	0.01904	0.01216	0.00341	0.00667	0.01649	0.01255	0.01334
40	0.03197	0.23914	0.12665	0.03334	0.16622	0.02961	0.02534	0.03786	0.02506	0.15144	0.02364	0.02534	0.01780	0.01055	0.00943	0.00299	0.01216	0.00837	0.00687	0.01623
41	0.02708	0.02372	0.11290	0.02381	0.03125	0.01783	0.09330	0.03516	0.06524	0.16903	0.12059	0.15110	0.04475	0.01783	0.01204	0.00367	0.01048	0.01616	0.00977	0.01427
42	0.01328	0.00949	0.01265	0.01518	0.01581	0.00886	0.01012	0.01518	0.02088	0.02783	0.06010	0.60969	0.07212	0.03416	0.01392	0.00443	0.00633	0.03100	0.01012	0.00886
43	0.03029	0.02441	0.07340	0.11409	0.07906	0.02258	0.05663	0.14799	0.03143	0.13558	0.03843	0.09058	0.07602	0.01545	0.01148	0.00354	0.01159	0.01335	0.00896	0.01516
44	0.03547	0.03353	0.21300	0.02438	0.03517	0.02244	0.02509	0.08468	0.10722	0.25492	0.03366	0.03185	0.02267	0.01257	0.01077	0.00344	0.01179	0.01007	0.00980	0.01750
45	0.02844	0.02637	0.04310	0.06272	0.49705	0.02670	0.03218	0.08159	0.02748	0.03895	0.02108	0.02690	0.01740	0.01005	0.01081	0.00324	0.01286	0.00973	0.00595	0.01740
46	0.02505	0.02464	0.04407	0.20745	0.34596	0.02569	0.10311	0.03214	0.02413	0.03339	0.02043	0.02792	0.01641	0.00996	0.01113	0.00341	0.01419	0.01018	0.00526	0.01548
47	0.01447	0.01110	0.01213	0.01218	0.01545	0.00977	0.00934	0.01808	0.02577	0.03342	0.17738	0.09575	0.37370	0.02537	0.01254	0.00363	0.00578	0.05788	0.07672	0.00956
48	0.69383	0.02109	0.01603	0.01434	0.02109	0.02446	0.01181	0.03205	0.01856	0.04892	0.01518	0.01771	0.01181	0.01012	0.00675	0.00337	0.00843	0.00590	0.00675	0.01181
49	0.01440	0.01098	0.01323	0.01294	0.01573	0.00981	0.00960	0.01848	0.02804	0.03765	0.35866	0.13216	0.24860	0.02504	0.01295	0.00360	0.00537	0.02174	0.01122	0.00981
50	0.01543	0.01115	0.01457	0.01372	0.01629	0.01029	0.01029	0.02058	0.03086	0.04372	0.54304	0.08145	0.10288	0.02229	0.01286	0.00343	0.00514	0.01972	0.01200	0.01029
51	0.04892	0.01856	0.02530	0.01940	0.02783	0.01603	0.01603	0.05314	0.03121	0.55634	0.04302	0.03711	0.02699	0.01350	0.01096	0.00337	0.00928	0.01096	0.01350	0.01856
52	0.02385	0.02385	0.03340	0.02863	0.02863	0.03340	0.02385	0.02624	0.01670	0.02624	0.01431	0.02385	0.01431	0.01908	0.03578	0.00477	0.59685	0.00954	0.00477	0.01193
53	0.01586	0.01057	0.01189	0.01189	0.01189	0.01057	0.00661	0.01586	0.01586	0.02114	0.03436	0.07135	0.03964	0.61681	0.05550	0.01057	0.01057	0.01586	0.00661	0.00661
54	0.01558	0.01168	0.01752	0.01752	0.01947	0.01363	0.01363	0.01947	0.01752	0.02531	0.02921	0.04283	0.02726	0.08178	0.57360	0.01752	0.02921	0.01168	0.00584	0.00974
55	0.01757	0.01255	0.01757	0.02008	0.02259	0.01255	0.01757	0.02259	0.02510	0.03263	0.05773	0.12299	0.06275	0.03012	0.01506	0.00502	0.01004	0.47540	0.01004	0.01004
56	0.02915	0.62337	0.05714	0.01866	0.02799	0.04314	0.01866	0.03265	0.02215	0.02565	0.01516	0.01749	0.01399	0.00933	0.00700	0.00233	0.01166	0.00583	0.00466	0.01399
57	0.02261	0.01938	0.02261	0.01615	0.02584	0.01453	0.01292	0.02745	0.02261	0.03553	0.01938	0.02261	0.01615	0.00807	0.00807	0.00161	0.00807	0.00646	0.00646	0.68346
58	0.02310	0.04781	0.40243	0.03581	0.05031	0.02604	0.18956	0.03466	0.02388	0.03466	0.02036	0.02505	0.01468	0.00999	0.01116	0.00352	0.01684	0.00959	0.00489	0.01567
59	0.01543	0.01115	0.01457	0.01372	0.01629	0.01029	0.01029	0.02058	0.03086	0.04372	0.54304	0.08145	0.10288	0.02229	0.01286	0.00343	0.00514	0.01972	0.01200	0.01029
60	0.02574	0.02941	0.06434	0.04596	0.05699	0.02757	0.50919	0.03493	0.02574	0.03493	0.02206	0.02941	0.01654	0.00919	0.01287	0.00368	0.01838	0.01287	0.00551	0.01471
61	0.69383	0.02109	0.01603	0.01434	0.02109	0.02446	0.01181	0.03205	0.01856	0.04892	0.01518	0.01771	0.01181	0.01012	0.00675	0.00337	0.00843	0.00590	0.00675	0.01181
62	0.01504	0.01113	0.01403	0.01330	0.01605	0.01012	0.00998	0.01981	0.02993	0.04151	0.47593	0.08509	0.17137	0.02312	0.01286	0.00347	0.00520	0.02023	0.01171	0.01012
63	0.01328	0.00949	0.01265	0.01518	0.01581	0.00886	0.01012	0.01518	0.02088	0.02783	0.06010	0.60969	0.07212	0.03416	0.01392	0.00443	0.00633	0.03100	0.01012	0.00886
64	0.03035	0.02041	0.02446	0.02203	0.02764	0.02148	0.01869	0.22325	0.03627	0.09981	0.04353	0.07531	0.04133	0.02158	0.01297	0.00415	0.01075	0.24094	0.01074	0.01433
65	0.04436	0.02144	0.02777	0.07746	0.03393	0.02100	0.01854	0.15810	0.03497	0.38975	0.03673	0.03375	0.02378	0.01314	0.01095	0.00338	0.01044	0.01057	0.01203	0.01791
66	0.04608	0.01772	0.02380	0.01848	0.02633	0.01544	0.01519	0.05038	0.03038	0.50513	0.04228	0.03746	0.02709	0.01342	0.01063	0.00329	0.00886	0.01089	0.07943	0.01772
67	0.10314	0.02066	0.02927	0.03102	0.15977	0.01932	0.02007	0.04618	0.02841	0.37679	0.03471	0.03274	0.02311	0.01222	0.01053	0.00334	0.01014	0.01018	0.01081	0.01760
68	0.02945	0.03816	0.28835	0.09008	0.12557	0.02294	0.03201	0.03842	0.02527	0.16681	0.02567	0.02785	0.01779	0.01111	0.01064	0.00342	0.01371	0.00923	0.00702	0.01652
69	0.02562	0.02646	0.11619	0.25443	0.10292	0.02332	0.06489	0.06915	0.02575	0.08650	0.02641	0.08236	0.02175	0.01316	0.01124	0.00359	0.01343	0.01179	0.00674	0.01430
70	0.01837	0.01160	0.01716	0.01668	0.01730	0.01316	0.01221	0.01706	0.01550	0.02168	0.02172	0.03528	0.02111	0.04987	0.20953	0.40547	0.07403	0.01018	0.00509	0.00703
71	0.02249	0.02532	0.10890	0.01855	0.02927	0.01627	0.01731	0.02859	0.02268	0.03537	0.01941	0.02268	0.01577	0.00844	0.00844	0.00191	0.00937	0.00672	0.00616	0.57637

[dist]
# distance from previous block
# <min> <max>
0	4

[block]
# block no. 4 follows, 12 sequences, length 18
# corresponding to MSA columns:
# 372-389
name=unknown_E
#
# <colnr> <probs for GDERKNQSTAVLIFYWHMCP>
#	G	D	E	R	K	N	Q	S	T	A	V	L	I	F	Y	W	H	M	C	P
0	0.02351	0.02339	0.03332	0.08716	0.03347	0.03244	0.02452	0.02641	0.01723	0.02641	0.01484	0.02440	0.01434	0.01823	0.03319	0.00465	0.53619	0.00956	0.00478	0.01195
1	0.01352	0.01107	0.01192	0.01171	0.01511	0.00947	0.00878	0.01687	0.02634	0.03298	0.21745	0.09912	0.43517	0.02630	0.01288	0.00362	0.00543	0.02220	0.01059	0.00947
2	0.03201	0.02190	0.02326	0.02008	0.02393	0.10366	0.01536	0.03456	0.02359	0.20165	0.03086	0.04187	0.02633	0.18058	0.07347	0.00661	0.10775	0.01149	0.00839	0.01265
3	0.01289	0.01105	0.01105	0.01105	0.01473	0.00920	0.00828	0.01565	0.02485	0.02946	0.11046	0.10493	0.54437	0.02761	0.01289	0.00368	0.00552	0.02301	0.01013	0.00920
4	0.04145	0.03054	0.03272	0.02509	0.03381	0.03381	0.02072	0.51243	0.05127	0.06872	0.02618	0.02618	0.01854	0.01309	0.01091	0.00327	0.01200	0.00982	0.01091	0.01854
5	0.02915	0.62337	0.05714	0.01866	0.02799	0.04314	0.01866	0.03265	0.02215	0.02565	0.01516	0.01749	0.01399	0.00933	0.00700	0.00233	0.01166	0.00583	0.00466	0.01399
6	0.04145	0.03054	0.03272	0.02509	0.03381	0.03381	0.02072	0.51243	0.05127	0.06872	0.02618	0.02618	0.01854	0.01309	0.01091	0.00327	0.01200	0.00982	0.01091	0.01854
7	0.01328	0.00949	0.01265	0.01518	0.01581	0.00886	0.01012	0.01518	0.02088	0.02783	0.06010	0.60969	0.07212	0.03416	0.01392	0.00443	0.00633	0.03100	0.01012	0.00886
8	0.01543	0.01115	0.01457	0.01372	0.01629	0.01029	0.01029	0.02058	0.03086	0.04372	0.54304	0.08145	0.10288	0.02229	0.01286	0.00343	0.00514	0.01972	0.01200	0.01029
9	0.01757	0.01255	0.01757	0.02008	0.02259	0.01255	0.01757	0.02259	0.02510	0.03263	0.05773	0.12299	0.06275	0.03012	0.01506	0.00502	0.01004	0.47540	0.01004	0.01004
10	0.04892	0.01856	0.02530	0.01940	0.02783	0.01603	0.01603	0.05314	0.03121	0.55634	0.04302	0.03711	0.02699	0.01350	0.01096	0.00337	0.00928	0.01096	0.01350	0.01856
11	0.02915	0.62337	0.05714	0.01866	0.02799	0.04314	0.01866	0.03265	0.02215	0.02565	0.01516	0.01749	0.01399	0.00933	0.00700	0.00233	0.01166	0.00583	0.00466	0.01399
12	0.13659	0.01949	0.02317	0.07359	0.03007	0.02042	0.01644	0.08200	0.11218	0.21834	0.03782	0.12053	0.03067	0.01607	0.01077	0.00361	0.00932	0.01325	0.01048	0.01519
13	0.04892	0.01856	0.02530	0.01940	0.02783	0.01603	0.01603	0.05314	0.03121	0.55634	0.04302	0.03711	0.02699	0.01350	0.01096	0.00337	0.00928	0.01096	0.01350	0.01856
14	0.01543	0.01115	0.01457	0.01372	0.01629	0.01029	0.01029	0.02058	0.03086	0.04372	0.54304	0.08145	0.10288	0.02229	0.01286	0.00343	0.00514	0.01972	0.01200	0.01029
15	0.02733	0.02341	0.03926	0.20648	0.36859	0.02450	0.03092	0.03380	0.02461	0.08331	0.02235	0.02853	0.01745	0.01040	0.01084	0.00336	0.01304	0.00983	0.00602	0.01597
16	0.01757	0.01255	0.01757	0.02008	0.02259	0.01255	0.01757	0.02259	0.02510	0.03263	0.05773	0.12299	0.06275	0.03012	0.01506	0.00502	0.01004	0.47540	0.01004	0.01004
17	0.03487	0.01545	0.02080	0.01702	0.02299	0.01362	0.01362	0.03948	0.03106	0.34129	0.25278	0.05571	0.05883	0.01719	0.01176	0.00340	0.00754	0.01464	0.01287	0.01509

[dist]
# distance from previous block
# <min> <max>
0	1

[block]
# block no. 5 follows, 12 sequences, length 52
# corresponding to MSA columns:
# 391-442
name=unknown_F
#
# <colnr> <probs for GDERKNQSTAVLIFYWHMCP>
#	G	D	E	R	K	N	Q	S	T	A	V	L	I	F	Y	W	H	M	C	P
0	0.02302	0.10843	0.39485	0.09656	0.10014	0.02712	0.03619	0.03347	0.02298	0.03296	0.01918	0.02353	0.01427	0.01025	0.01011	0.00333	0.01514	0.00818	0.00472	0.01556
1	0.09748	0.07150	0.13865	0.02176	0.03174	0.02201	0.02125	0.08073	0.02926	0.32811	0.03241	0.03024	0.02134	0.01222	0.01018	0.00331	0.01101	0.00946	0.01022	0.01713
2	0.62402	0.02159	0.01898	0.01984	0.07633	0.02461	0.01408	0.03220	0.01921	0.04753	0.01574	0.01868	0.01238	0.01008	0.00717	0.00336	0.00891	0.00630	0.00661	0.01238
3	0.02033	0.01016	0.01016	0.01016	0.01270	0.01016	0.00762	0.02541	0.02287	0.04065	0.03557	0.04065	0.02795	0.01270	0.00762	0.00254	0.00508	0.01016	0.67734	0.01016
4	0.02300	0.07600	0.21366	0.24353	0.08986	0.02647	0.03129	0.03502	0.09239	0.03298	0.02267	0.02764	0.01703	0.01106	0.01046	0.00346	0.01394	0.00923	0.00565	0.01469
5	0.03958	0.02496	0.02678	0.02190	0.02911	0.08003	0.01762	0.16024	0.10849	0.25253	0.03499	0.03377	0.02456	0.02041	0.06897	0.00480	0.01298	0.01055	0.01090	0.01683
6	0.01415	0.01110	0.01279	0.01237	0.01550	0.00974	0.00928	0.01809	0.02783	0.03653	0.32488	0.09329	0.32553	0.02498	0.01287	0.00356	0.00534	0.02138	0.01106	0.00974
7	0.18546	0.01622	0.01794	0.01504	0.02105	0.01591	0.01215	0.03872	0.02544	0.26210	0.03411	0.03393	0.02387	0.01245	0.00885	0.00308	0.00763	0.00954	0.24239	0.01411
8	0.01543	0.01115	0.01457	0.01372	0.01629	0.01029	0.01029	0.02058	0.03086	0.04372	0.54304	0.08145	0.10288	0.02229	0.01286	0.00343	0.00514	0.01972	0.01200	0.01029
9	0.01328	0.00949	0.01265	0.01518	0.01581	0.00886	0.01012	0.01518	0.02088	0.02783	0.06010	0.60969	0.07212	0.03416	0.01392	0.00443	0.00633	0.03100	0.01012	0.00886
10	0.69383	0.02109	0.01603	0.01434	0.02109	0.02446	0.01181	0.03205	0.01856	0.04892	0.01518	0.01771	0.01181	0.01012	0.00675	0.00337	0.00843	0.00590	0.00675	0.01181
11	0.01543	0.01115	0.01457	0.01372	0.01629	0.01029	0.01029	0.02058	0.03086	0.04372	0.54304	0.08145	0.10288	0.02229	0.01286	0.00343	0.00514	0.01972	0.01200	0.01029
12	0.02915	0.62337	0.05714	0.01866	0.02799	0.04314	0.01866	0.03265	0.02215	0.02565	0.01516	0.01749	0.01399	0.00933	0.00700	0.00233	0.01166	0.00583	0.00466	0.01399
13	0.01586	0.01057	0.01189	0.01189	0.01189	0.01057	0.00661	0.01586	0.01586	0.02114	0.03436	0.07135	0.03964	0.61681	0.05550	0.01057	0.01057	0.01586	0.00661	0.00661
14	0.01757	0.01255	0.01757	0.02008	0.02259	0.01255	0.01757	0.02259	0.02510	0.03263	0.05773	0.12299	0.06275	0.03012	0.01506	0.00502	0.01004	0.47540	0.01004	0.01004
15	0.04229	0.02919	0.03189	0.02445	0.03314	0.03181	0.02019	0.46066	0.04900	0.12369	0.02808	0.02741	0.01950	0.01313	0.01091	0.00328	0.01169	0.00995	0.01120	0.01854
16	0.02187	0.05640	0.56031	0.03108	0.04719	0.02532	0.04029	0.03453	0.02302	0.03453	0.01957	0.02302	0.01381	0.01036	0.01036	0.00345	0.01611	0.00806	0.00460	0.01611
17	0.04073	0.05197	0.03090	0.02809	0.03371	0.57303	0.02107	0.04354	0.03090	0.02669	0.01685	0.01966	0.01404	0.01124	0.00983	0.00281	0.01966	0.00702	0.00562	0.01264
18	0.01543	0.01115	0.01457	0.01372	0.01629	0.01029	0.01029	0.02058	0.03086	0.04372	0.54304	0.08145	0.10288	0.02229	0.01286	0.00343	0.00514	0.01972	0.01200	0.01029
19	0.02059	0.01938	0.03270	0.59060	0.07510	0.02422	0.03028	0.02786	0.02180	0.02786	0.01938	0.02907	0.01453	0.01090	0.01090	0.00363	0.01453	0.00969	0.00484	0.01211
20	0.04892	0.01856	0.02530	0.01940	0.02783	0.01603	0.01603	0.05314	0.03121	0.55634	0.04302	0.03711	0.02699	0.01350	0.01096	0.00337	0.00928	0.01096	0.01350	0.01856
21	0.01341	0.01122	0.01178	0.01206	0.01561	0.00958	0.00933	0.01643	0.02488	0.02981	0.10451	0.10697	0.49007	0.02790	0.01313	0.00383	0.00603	0.07401	0.01012	0.00930
22	0.01318	0.00988	0.01225	0.01414	0.01554	0.00894	0.00966	0.01530	0.02188	0.02824	0.07284	0.48195	0.19163	0.03250	0.01366	0.00424	0.00612	0.02898	0.01012	0.00894
23	0.02915	0.62337	0.05714	0.01866	0.02799	0.04314	0.01866	0.03265	0.02215	0.02565	0.01516	0.01749	0.01399	0.00933	0.00700	0.00233	0.01166	0.00583	0.00466	0.01399
24	0.02378	0.20551	0.42798	0.02781	0.04214	0.03001	0.03460	0.03404	0.02279	0.03220	0.01841	0.02157	0.01386	0.01009	0.00947	0.00316	0.01494	0.00747	0.00462	0.01556
25	0.04892	0.01856	0.02530	0.01940	0.02783	0.01603	0.01603	0.05314	0.03121	0.55634	0.04302	0.03711	0.02699	0.01350	0.01096	0.00337	0.00928	0.01096	0.01350	0.01856
26	0.69383	0.02109	0.01603	0.01434	0.02109	0.02446	0.01181	0.03205	0.01856	0.04892	0.01518	0.01771	0.01181	0.01012	0.00675	0.00337	0.00843	0.00590	0.00675	0.01181
27	0.02065	0.01908	0.02656	0.02376	0.02415	0.02541	0.01906	0.02300	0.01712	0.02568	0.02301	0.08319	0.02427	0.09395	0.13016	0.00758	0.38458	0.01245	0.00562	0.01072
28	0.03232	0.02475	0.07701	0.02657	0.06958	0.02081	0.07453	0.08850	0.06910	0.18700	0.07315	0.03455	0.02802	0.01229	0.01076	0.00311	0.01083	0.01075	0.00939	0.13699
29	0.02891	0.46942	0.14580	0.02146	0.03196	0.03912	0.02274	0.07479	0.02485	0.03101	0.01691	0.01925	0.01436	0.00984	0.00794	0.00262	0.01249	0.00658	0.00520	0.01477
30	0.02921	0.01419	0.01899	0.01606	0.02104	0.01265	0.01265	0.03397	0.03101	0.25462	0.33733	0.06321	0.07166	0.01867	0.01208	0.00341	0.00684	0.01612	0.01262	0.01369
31	0.03410	0.02532	0.03538	0.10110	0.19569	0.07907	0.06207	0.03965	0.02700	0.19675	0.02707	0.02945	0.01952	0.01101	0.01069	0.00318	0.01270	0.00980	0.00799	0.07244
32	0.01543	0.01115	0.01457	0.01372	0.01629	0.01029	0.01029	0.02058	0.03086	0.04372	0.54304	0.08145	0.10288	0.02229	0.01286	0.00343	0.00514	0.01972	0.01200	0.01029
33	0.01532	0.01143	0.01697	0.01726	0.01906	0.01309	0.01323	0.01899	0.01790	0.02560	0.03269	0.10674	0.03232	0.07641	0.51050	0.01605	0.02663	0.01386	0.00632	0.00964
34	0.02059	0.01938	0.03270	0.59060	0.07510	0.02422	0.03028	0.02786	0.02180	0.02786	0.01938	0.02907	0.01453	0.01090	0.01090	0.00363	0.01453	0.00969	0.00484	0.01211
35	0.01721	0.01229	0.01716	0.01967	0.02202	0.01224	0.01694	0.02197	0.02475	0.03223	0.05793	0.16393	0.06354	0.03046	0.01496	0.00497	0.00973	0.43802	0.01005	0.00994
36	0.04404	0.09099	0.03152	0.02133	0.02997	0.02539	0.01799	0.21360	0.03730	0.32371	0.03391	0.03103	0.02253	0.01288	0.01050	0.00322	0.01051	0.00998	0.01158	0.01804
37	0.04256	0.02402	0.07139	0.02109	0.03035	0.01992	0.01861	0.13315	0.03331	0.36922	0.03551	0.03242	0.02321	0.01260	0.01060	0.00318	0.01023	0.01004	0.01155	0.08704
38	0.10307	0.20402	0.28117	0.02448	0.03654	0.03015	0.02787	0.07266	0.02508	0.07301	0.02002	0.02213	0.01493	0.01048	0.00911	0.00312	0.01322	0.00754	0.00598	0.01541
39	0.03444	0.29961	0.04073	0.01988	0.02863	0.03204	0.01778	0.10627	0.08059	0.14988	0.02610	0.02577	0.01962	0.01123	0.00891	0.00277	0.01059	0.00822	0.00826	0.06865
40	0.01289	0.01105	0.01105	0.01105	0.01473	0.00920	0.00828	0.01565	0.02485	0.02946	0.11046	0.10493	0.54437	0.02761	0.01289	0.00368	0.00552	0.02301	0.01013	0.00920
41	0.62643	0.02206	0.01775	0.01545	0.02240	0.02543	0.01273	0.08168	0.02194	0.05097	0.01632	0.01859	0.01250	0.01043	0.00718	0.00336	0.00880	0.00631	0.00718	0.01250
42	0.02033	0.01016	0.01016	0.01016	0.01270	0.01016	0.00762	0.02541	0.02287	0.04065	0.03557	0.04065	0.02795	0.01270	0.00762	0.00254	0.00508	0.01016	0.67734	0.01016
43	0.04145	0.03054	0.03272	0.02509	0.03381	0.03381	0.02072	0.51243	0.05127	0.06872	0.02618	0.02618	0.01854	0.01309	0.01091	0.00327	0.01200	0.00982	0.01091	0.01854
44	0.01328	0.00949	0.01265	0.01518	0.01581	0.00886	0.01012	0.01518	0.02088	0.02783	0.06010	0.60969	0.07212	0.03416	0.01392	0.00443	0.00633	0.03100	0.01012	0.00886
45	0.04892	0.01856	0.02530	0.01940	0.02783	0.01603	0.01603	0.05314	0.03121	0.55634	0.04302	0.03711	0.02699	0.01350	0.01096	0.00337	0.00928	0.01096	0.01350	0.01856
46	0.02120	0.05172	0.50394	0.02928	0.04400	0.02377	0.03719	0.03309	0.02383	0.03548	0.07364	0.02906	0.02301	0.01159	0.01062	0.00345	0.01498	0.00926	0.00537	0.01551
47	0.04892	0.01856	0.02530	0.01940	0.02783	0.01603	0.01603	0.05314	0.03121	0.55634	0.04302	0.03711	0.02699	0.01350	0.01096	0.00337	0.00928	0.01096	0.01350	0.01856
48	0.04892	0.01856	0.02530	0.01940	0.02783	0.01603	0.01603	0.05314	0.03121	0.55634	0.04302	0.03711	0.02699	0.01350	0.01096	0.00337	0.00928	0.01096	0.01350	0.01856
49	0.02346	0.04530	0.35627	0.03720	0.05122	0.02625	0.23319	0.03469	0.02414	0.03469	0.02059	0.02565	0.01494	0.00988	0.01139	0.00354	0.01705	0.01004	0.00498	0.01553
50	0.11358	0.07853	0.03098	0.02213	0.03038	0.03013	0.01845	0.29804	0.09197	0.13555	0.02848	0.02767	0.02023	0.01267	0.01013	0.00326	0.01079	0.00947	0.01031	0.01725
51	0.02931	0.12364	0.16869	0.03061	0.13154	0.02416	0.02524	0.03611	0.02471	0.13347	0.02351	0.02553	0.01751	0.01020	0.00956	0.00284	0.01183	0.00825	0.00686	0.15644

[dist]
# distance from previous block
# <min> <max>
0	15

[block]
# block no. 6 follows, 12 sequences, length 67
# corresponding to MSA columns:
# 458-524
name=unknown_G
#
# <colnr> <probs for GDERKNQSTAVLIFYWHMCP>
#	G	D	E	R	K	N	Q	S	T	A	V	L	I	F	Y	W	H	M	C	P
0	0.09529	0.02488	0.02805	0.02194	0.03019	0.02610	0.01803	0.27106	0.08032	0.24131	0.03286	0.03063	0.02225	0.01314	0.01061	0.00335	0.01046	0.01012	0.01152	0.01790
1	0.01412	0.01013	0.01340	0.01461	0.01600	0.00941	0.01019	0.01728	0.02476	0.03401	0.24782	0.40436	0.08407	0.02955	0.01351	0.00404	0.00587	0.02661	0.01085	0.00941
2	0.02385	0.02385	0.03340	0.02863	0.02863	0.03340	0.02385	0.02624	0.01670	0.02624	0.01431	0.02385	0.01431	0.01908	0.03578	0.00477	0.59685	0.00954	0.00477	0.01193
3	0.01543	0.01115	0.01457	0.01372	0.01629	0.01029	0.01029	0.02058	0.03086	0.04372	0.54304	0.08145	0.10288	0.02229	0.01286	0.00343	0.00514	0.01972	0.01200	0.01029
4	0.01441	0.01111	0.01315	0.01264	0.01566	0.00985	0.00948	0.01859	0.02844	0.03798	0.36895	0.09090	0.28055	0.02443	0.01287	0.00353	0.00530	0.02104	0.01125	0.00985
5	0.01558	0.01168	0.01752	0.01752	0.01947	0.01363	0.01363	0.01947	0.01752	0.02531	0.02921	0.04283	0.02726	0.08178	0.57360	0.01752	0.02921	0.01168	0.00584	0.00974
6	0.01289	0.01105	0.01105	0.01105	0.01473	0.00920	0.00828	0.01565	0.02485	0.02946	0.11046	0.10493	0.54437	0.02761	0.01289	0.00368	0.00552	0.02301	0.01013	0.00920
7	0.04073	0.05197	0.03090	0.02809	0.03371	0.57303	0.02107	0.04354	0.03090	0.02669	0.01685	0.01966	0.01404	0.01124	0.00983	0.00281	0.01966	0.00702	0.00562	0.01264
8	0.02712	0.02342	0.02465	0.02219	0.02835	0.02712	0.01726	0.05794	0.52909	0.04561	0.04438	0.04068	0.03328	0.01479	0.01109	0.00370	0.00863	0.01233	0.01109	0.01726
9	0.20725	0.02636	0.02739	0.02152	0.02970	0.02878	0.01777	0.32227	0.04000	0.13687	0.02593	0.02568	0.01811	0.01240	0.00987	0.00331	0.01069	0.00900	0.01025	0.01684
10	0.01328	0.00949	0.01265	0.01518	0.01581	0.00886	0.01012	0.01518	0.02088	0.02783	0.06010	0.60969	0.07212	0.03416	0.01392	0.00443	0.00633	0.03100	0.01012	0.00886
11	0.02397	0.26194	0.04116	0.19229	0.11548	0.02974	0.02286	0.02901	0.02304	0.02937	0.06307	0.07458	0.02639	0.01286	0.00971	0.00310	0.01174	0.01064	0.00585	0.01321
12	0.02712	0.02342	0.02465	0.02219	0.02835	0.02712	0.01726	0.05794	0.52909	0.04561	0.04438	0.04068	0.03328	0.01479	0.01109	0.00370	0.00863	0.01233	0.01109	0.01726
13	0.02699	0.02591	0.04426	0.06693	0.54879	0.02591	0.03346	0.03346	0.02483	0.03562	0.02051	0.02699	0.01727	0.00972	0.01079	0.00324	0.01295	0.00972	0.00540	0.01727
14	0.04892	0.01856	0.02530	0.01940	0.02783	0.01603	0.01603	0.05314	0.03121	0.55634	0.04302	0.03711	0.02699	0.01350	0.01096	0.00337	0.00928	0.01096	0.01350	0.01856
15	0.08047	0.02289	0.02283	0.08743	0.03057	0.10240	0.01689	0.07937	0.10724	0.07682	0.03814	0.21448	0.03698	0.01935	0.01141	0.00370	0.01060	0.01633	0.00904	0.01306
