[name]
unknown

[dist]
# distance from previous block
# <min> <max>
0	16

[block]
# block no. 0 follows, 14 sequences, length 24
# corresponding to MSA columns:
# 16-39
name=unknown_A
#
# <colnr> <probs for GDERKNQSTAVLIFYWHMCP>
#	G	D	E	R	K	N	Q	S	T	A	V	L	I	F	Y	W	H	M	C	P
0	0.15222	0.02813	0.17195	0.02213	0.03112	0.02053	0.04670	0.08466	0.02605	0.19369	0.02931	0.03731	0.02270	0.01315	0.01005	0.00340	0.01105	0.07301	0.00834	0.01451
1	0.02720	0.10402	0.03845	0.08183	0.20004	0.02661	0.08709	0.06556	0.15489	0.07251	0.02595	0.02842	0.01993	0.01070	0.01003	0.00313	0.01151	0.00972	0.00707	0.01532
2	0.01439	0.01077	0.01355	0.01493	0.01641	0.01065	0.01038	0.01996	0.08776	0.03022	0.12125	0.48658	0.06707	0.02843	0.01264	0.00396	0.00608	0.02561	0.00987	0.00949
3	0.01680	0.01022	0.01326	0.01432	0.01622	0.00925	0.01003	0.01897	0.02137	0.09847	0.06038	0.48870	0.12505	0.02886	0.01262	0.00395	0.00622	0.02579	0.00994	0.00956
4	0.02665	0.42950	0.11458	0.09731	0.03489	0.09317	0.02174	0.03141	0.02175	0.02555	0.01546	0.01873	0.01322	0.00928	0.00773	0.00253	0.01262	0.00633	0.00450	0.01306
5	0.02050	0.09013	0.01840	0.01317	0.01539	0.01458	0.00912	0.02161	0.01761	0.09353	0.03089	0.05529	0.03216	0.45075	0.06915	0.00844	0.01082	0.01295	0.00679	0.00869
6	0.08276	0.02579	0.02421	0.02006	0.02611	0.12494	0.01596	0.22651	0.03557	0.10840	0.16266	0.03733	0.03730	0.01405	0.01027	0.00306	0.01041	0.01099	0.00962	0.01402
7	0.02318	0.02394	0.09500	0.03555	0.13268	0.01993	0.21241	0.02952	0.02314	0.08425	0.03126	0.18110	0.02967	0.01521	0.01160	0.00352	0.01247	0.01529	0.00691	0.01335
8	0.02511	0.10213	0.06943	0.01697	0.02637	0.01813	0.01521	0.03000	0.02226	0.10053	0.02051	0.02239	0.01604	0.00855	0.00797	0.00195	0.00876	0.00665	0.00655	0.47450
9	0.19081	0.01239	0.01240	0.01246	0.01523	0.01259	0.00890	0.01904	0.01993	0.03179	0.10140	0.18946	0.16529	0.14310	0.01875	0.00480	0.00696	0.01763	0.00824	0.00883
10	0.02823	0.60181	0.05197	0.01821	0.02673	0.08146	0.01773	0.03148	0.02145	0.02422	0.01438	0.01661	0.01317	0.00891	0.00678	0.00223	0.01153	0.00557	0.00446	0.01308
11	0.01452	0.01049	0.01372	0.01291	0.01533	0.00968	0.00968	0.01937	0.02905	0.04115	0.56992	0.07666	0.09683	0.02098	0.01210	0.00323	0.00484	0.01856	0.01130	0.00968
12	0.20413	0.02676	0.13462	0.02366	0.08127	0.02114	0.02017	0.06363	0.05787	0.16364	0.02427	0.02495	0.01729	0.01048	0.00890	0.00302	0.01011	0.00802	0.00771	0.08837
13	0.02147	0.01142	0.01541	0.01557	0.01828	0.01040	0.01149	0.02423	0.02302	0.16885	0.08490	0.40553	0.05824	0.02620	0.01241	0.00390	0.00686	0.06055	0.01044	0.01083
14	0.01250	0.00893	0.01191	0.01429	0.01488	0.00834	0.00953	0.01429	0.01965	0.02620	0.05656	0.63265	0.06787	0.03215	0.01310	0.00417	0.00595	0.02917	0.00953	0.00834
15	0.02744	0.64552	0.05378	0.01756	0.02634	0.04061	0.01756	0.03073	0.02085	0.02414	0.01427	0.01646	0.01317	0.00878	0.00658	0.00219	0.01097	0.00549	0.00439	0.01317
16	0.03328	0.02293	0.09868	0.09513	0.03449	0.01892	0.04822	0.06492	0.06725	0.29002	0.03229	0.03473	0.02300	0.07230	0.01439	0.00390	0.01085	0.01041	0.00927	0.01503
17	0.02063	0.01437	0.01604	0.01472	0.01872	0.01482	0.01131	0.03261	0.19175	0.07545	0.19226	0.05762	0.12970	0.01719	0.01049	0.00317	0.00617	0.01452	0.14636	0.01208
18	0.01452	0.01049	0.01372	0.01291	0.01533	0.00968	0.00968	0.01937	0.02905	0.04115	0.56992	0.07666	0.09683	0.02098	0.01210	0.00323	0.00484	0.01856	0.01130	0.00968
19	0.08762	0.03924	0.16850	0.02411	0.03279	0.23754	0.02265	0.07363	0.02765	0.15764	0.02256	0.02330	0.01605	0.01088	0.00947	0.00299	0.01414	0.00779	0.00714	0.01430
20	0.03476	0.02089	0.02998	0.09677	0.03572	0.02111	0.08513	0.13199	0.08133	0.26518	0.03332	0.06503	0.02418	0.01301	0.01070	0.00331	0.01071	0.01139	0.00988	0.01561
21	0.02152	0.01509	0.01656	0.01459	0.01684	0.01594	0.00985	0.15895	0.02405	0.03215	0.03023	0.05552	0.03187	0.46773	0.04075	0.00807	0.01032	0.01337	0.00733	0.00929
22	0.01734	0.01285	0.01788	0.01761	0.02015	0.01448	0.01413	0.06926	0.02082	0.02898	0.03197	0.05218	0.03079	0.06211	0.43832	0.01311	0.02273	0.09862	0.00666	0.01001
23	0.34036	0.02483	0.07841	0.02081	0.02854	0.02409	0.07359	0.06954	0.13862	0.07360	0.02349	0.02459	0.01738	0.01076	0.00867	0.00327	0.00996	0.00829	0.00752	0.01368

[dist]
# distance from previous block
# <min> <max>
1	4

[block]
# block no. 1 follows, 14 sequences, length 44
# corresponding to MSA columns:
# 44-87
name=unknown_B
#
# <colnr> <probs for GDERKNQSTAVLIFYWHMCP>
#	G	D	E	R	K	N	Q	S	T	A	V	L	I	F	Y	W	H	M	C	P
0	0.14386	0.20733	0.03295	0.01942	0.02688	0.07291	0.01663	0.14485	0.10886	0.09835	0.02353	0.02364	0.01779	0.01098	0.00851	0.00287	0.01044	0.00781	0.00782	0.01456
1	0.10104	0.03106	0.11508	0.02043	0.02930	0.13847	0.01855	0.06644	0.02499	0.07949	0.01958	0.02161	0.01498	0.00949	0.00856	0.00245	0.01146	0.00693	0.00647	0.27362
2	0.07372	0.07473	0.09987	0.02930	0.03854	0.02487	0.22379	0.10997	0.02790	0.11002	0.06503	0.02972	0.02264	0.01086	0.01055	0.00321	0.01300	0.01052	0.00732	0.01444
3	0.02311	0.03278	0.23719	0.03142	0.07475	0.02168	0.16431	0.03319	0.06465	0.07491	0.06683	0.07597	0.02668	0.01249	0.01094	0.00337	0.01305	0.01187	0.00663	0.01421
4	0.01938	0.01824	0.03078	0.61468	0.07068	0.02280	0.02850	0.02622	0.02052	0.02622	0.01824	0.02736	0.01368	0.01026	0.01026	0.00342	0.01368	0.00912	0.00456	0.01140
5	0.08774	0.01871	0.02600	0.02103	0.02805	0.01805	0.07056	0.04364	0.10947	0.32713	0.03839	0.04380	0.02857	0.01425	0.01073	0.00345	0.00958	0.07485	0.01064	0.01536
6	0.03228	0.03288	0.23536	0.02556	0.03628	0.02152	0.07933	0.07974	0.06695	0.24151	0.02915	0.02874	0.01963	0.01125	0.01030	0.00325	0.01216	0.00951	0.00847	0.01614
7	0.04555	0.01825	0.02430	0.01863	0.02659	0.01625	0.01539	0.08414	0.03068	0.54646	0.03938	0.03421	0.02485	0.01267	0.01032	0.00317	0.00891	0.01024	0.01253	0.01746
8	0.02058	0.05308	0.58618	0.02925	0.04442	0.02383	0.03792	0.03250	0.02167	0.03250	0.01842	0.02167	0.01300	0.00975	0.00975	0.00325	0.01517	0.00758	0.00433	0.01517
9	0.03062	0.07069	0.04284	0.04208	0.24285	0.02468	0.15594	0.07696	0.02666	0.14867	0.02411	0.02722	0.01784	0.00998	0.01043	0.00312	0.01262	0.00988	0.00705	0.01575
10	0.01379	0.01093	0.01251	0.01273	0.01542	0.01009	0.00930	0.01870	0.06383	0.03166	0.19771	0.21927	0.29590	0.02541	0.01223	0.00358	0.00552	0.02201	0.01001	0.00939
11	0.01342	0.00959	0.01296	0.01534	0.01633	0.00913	0.01112	0.01587	0.02055	0.02722	0.05605	0.51510	0.06587	0.03129	0.01334	0.00429	0.00675	0.13768	0.00951	0.00859
12	0.02087	0.01941	0.03187	0.12435	0.19119	0.02022	0.09421	0.02977	0.10318	0.03179	0.03278	0.19123	0.03194	0.01616	0.01128	0.00353	0.01084	0.01532	0.00703	0.01305
13	0.13252	0.02823	0.12613	0.03822	0.21246	0.02356	0.10569	0.06778	0.02478	0.11165	0.02185	0.02506	0.01616	0.00992	0.00985	0.00318	0.01230	0.00897	0.00654	0.01516
14	0.01407	0.00997	0.01246	0.01329	0.01424	0.00981	0.00899	0.01583	0.01862	0.02485	0.07851	0.23662	0.09027	0.27238	0.09036	0.00766	0.00993	0.05643	0.00791	0.00779
15	0.02422	0.02768	0.06055	0.04325	0.05363	0.02595	0.53806	0.03287	0.02422	0.03287	0.02076	0.02768	0.01557	0.00865	0.01211	0.00346	0.01730	0.01211	0.00519	0.01384
16	0.02058	0.05308	0.58618	0.02925	0.04442	0.02383	0.03792	0.03250	0.02167	0.03250	0.01842	0.02167	0.01300	0.00975	0.00975	0.00325	0.01517	0.00758	0.00433	0.01517
17	0.02378	0.02484	0.03349	0.02815	0.02935	0.07355	0.06179	0.02655	0.01737	0.02536	0.01421	0.02256	0.01361	0.01669	0.03019	0.00427	0.52912	0.00904	0.00460	0.01148
18	0.02303	0.03101	0.22958	0.02062	0.03187	0.01753	0.02188	0.03025	0.02208	0.07763	0.02011	0.02253	0.01522	0.00881	0.00861	0.00229	0.01048	0.00698	0.00597	0.39351
19	0.02319	0.17196	0.11846	0.03052	0.03915	0.02735	0.23371	0.02994	0.02237	0.02985	0.02350	0.03729	0.02113	0.01252	0.01246	0.00341	0.05981	0.08489	0.00549	0.01299
20	0.03813	0.01810	0.02315	0.01913	0.02594	0.01732	0.01580	0.08328	0.10426	0.38348	0.04158	0.04692	0.03076	0.01522	0.01092	0.00345	0.00895	0.08584	0.01170	0.01607
21	0.01783	0.00891	0.01337	0.01337	0.01337	0.00891	0.00891	0.01337	0.01337	0.01783	0.01783	0.03119	0.01783	0.03565	0.04011	0.70143	0.00891	0.00891	0.00446	0.00446
22	0.02539	0.02264	0.02716	0.02325	0.02954	0.02557	0.07153	0.05224	0.50036	0.04186	0.03954	0.03716	0.02966	0.01336	0.01062	0.00348	0.00909	0.01166	0.00989	0.01599
23	0.02034	0.01970	0.03475	0.51274	0.10674	0.02325	0.08272	0.02732	0.02113	0.02747	0.01859	0.02725	0.01407	0.01001	0.01045	0.00340	0.01395	0.00944	0.00467	0.01202
24	0.01932	0.01155	0.01525	0.01372	0.01698	0.01050	0.01050	0.02403	0.02910	0.12347	0.48941	0.07031	0.08597	0.01972	0.01183	0.00322	0.00543	0.01731	0.01151	0.01087
25	0.02744	0.64552	0.05378	0.01756	0.02634	0.04061	0.01756	0.03073	0.02085	0.02414	0.01427	0.01646	0.01317	0.00878	0.00658	0.00219	0.01097	0.00549	0.00439	0.01317
26	0.13202	0.02001	0.02351	0.06341	0.02922	0.02095	0.01620	0.08648	0.17035	0.27795	0.03418	0.03185	0.02345	0.01237	0.00978	0.00327	0.00903	0.00981	0.01039	0.01578
27	0.01213	0.01040	0.01040	0.01040	0.01386	0.00866	0.00780	0.01473	0.02339	0.02772	0.10396	0.09876	0.57117	0.02599	0.01213	0.00347	0.00520	0.02166	0.00953	0.00866
28	0.01250	0.00893	0.01191	0.01429	0.01488	0.00834	0.00953	0.01429	0.01965	0.02620	0.05656	0.63265	0.06787	0.03215	0.01310	0.00417	0.00595	0.02917	0.00953	0.00834
29	0.02254	0.05050	0.52733	0.02865	0.04308	0.02468	0.03596	0.08639	0.02448	0.03591	0.01908	0.02198	0.01347	0.01002	0.00980	0.00323	0.01476	0.00776	0.00496	0.01541
30	0.02381	0.02253	0.03481	0.07308	0.03632	0.02539	0.15480	0.07038	0.16917	0.03648	0.08462	0.03454	0.02822	0.01376	0.01593	0.00363	0.13996	0.01158	0.00744	0.01355
31	0.03901	0.02874	0.03080	0.02361	0.03182	0.03182	0.01951	0.54111	0.04825	0.06468	0.02464	0.02464	0.01745	0.01232	0.01027	0.00308	0.01129	0.00924	0.01027	0.01745
32	0.02650	0.02506	0.04681	0.04812	0.27338	0.02441	0.24125	0.03523	0.06421	0.07623	0.02323	0.02806	0.01780	0.00957	0.01101	0.00326	0.01376	0.01066	0.00612	0.01534
33	0.03766	0.09104	0.03162	0.02484	0.03132	0.37704	0.01954	0.19548	0.03437	0.03732	0.01846	0.02024	0.01453	0.01097	0.00935	0.00274	0.01565	0.00734	0.00676	0.01373
34	0.02969	0.02412	0.04422	0.03199	0.04147	0.02221	0.30290	0.07674	0.02684	0.15441	0.02496	0.02803	0.01779	0.00966	0.01089	0.00307	0.01348	0.01057	0.00736	0.11958
35	0.10180	0.03313	0.03775	0.02934	0.03721	0.23442	0.20567	0.03443	0.02482	0.03150	0.01786	0.02209	0.01417	0.00928	0.00971	0.00281	0.01517	0.00841	0.00549	0.12494
36	0.02757	0.02306	0.02436	0.02130	0.02746	0.02648	0.01674	0.12830	0.47970	0.04623	0.03917	0.03622	0.02922	0.01368	0.01042	0.00342	0.00860	0.01124	0.01042	0.01643
37	0.02540	0.02438	0.04165	0.06299	0.57533	0.02438	0.03149	0.03149	0.02337	0.03353	0.01930	0.02540	0.01626	0.00914	0.01016	0.00305	0.01219	0.00914	0.00508	0.01626
38	0.01485	0.01023	0.01262	0.01262	0.01311	0.01072	0.00799	0.01584	0.01535	0.02095	0.03103	0.05994	0.03418	0.48816	0.19914	0.01171	0.01466	0.01387	0.00602	0.00701
39	0.01492	0.00995	0.01119	0.01119	0.01119	0.00995	0.00622	0.01492	0.01492	0.01990	0.03233	0.06716	0.03731	0.63935	0.05223	0.00995	0.00995	0.01492	0.00622	0.00622
40	0.18369	0.01796	0.02201	0.01727	0.02488	0.01672	0.01426	0.04591	0.02691	0.47154	0.03507	0.03115	0.02245	0.01204	0.00950	0.00318	0.00857	0.00934	0.01139	0.01615
41	0.01250	0.00893	0.01191	0.01429	0.01488	0.00834	0.00953	0.01429	0.01965	0.02620	0.05656	0.63265	0.06787	0.03215	0.01310	0.00417	0.00595	0.02917	0.00953	0.00834
42	0.02422	0.02768	0.06055	0.04325	0.05363	0.02595	0.53806	0.03287	0.02422	0.03287	0.02076	0.02768	0.01557	0.00865	0.01211	0.00346	0.01730	0.01211	0.00519	0.01384
43	0.01365	0.01046	0.01250	0.01199	0.01479	0.00931	0.00899	0.01767	0.02698	0.03624	0.39943	0.08474	0.27039	0.02281	0.01211	0.00331	0.00497	0.01969	0.01065	0.00931

[dist]
# distance from previous block
# <min> <max>
0	1

[block]
# block no. 2 follows, 14 sequences, length 100
# corresponding to MSA columns:
# 89-188
name=unknown_C
#
# <colnr> <probs for GDERKNQSTAVLIFYWHMCP>
#	G	D	E	R	K	N	Q	S	T	A	V	L	I	F	Y	W	H	M	C	P
0	0.01250	0.00893	0.01191	0.01429	0.01488	0.00834	0.00953	0.01429	0.01965	0.02620	0.05656	0.63265	0.06787	0.03215	0.01310	0.00417	0.00595	0.02917	0.00953	0.00834
1	0.02308	0.26888	0.39225	0.02499	0.03783	0.02994	0.03050	0.03185	0.02137	0.02946	0.01690	0.01977	0.01306	0.00940	0.00860	0.00287	0.01364	0.00682	0.00435	0.01444
2	0.17409	0.03129	0.07856	0.02209	0.03013	0.11069	0.01923	0.27967	0.03529	0.09166	0.02189	0.02264	0.01574	0.01129	0.00928	0.00306	0.01183	0.00804	0.00838	0.01514
3	0.01434	0.01034	0.01355	0.01304	0.01529	0.00956	0.00967	0.01889	0.02817	0.03976	0.52210	0.12845	0.09413	0.02202	0.01220	0.00332	0.00495	0.01955	0.01113	0.00956
4	0.01261	0.01041	0.01106	0.01090	0.01416	0.00887	0.00818	0.01566	0.02453	0.03042	0.19763	0.09432	0.47582	0.02498	0.01212	0.00342	0.00513	0.02104	0.00988	0.00887
5	0.02349	0.02243	0.03820	0.23798	0.41526	0.02388	0.03054	0.02982	0.02246	0.03121	0.01897	0.02602	0.01544	0.00950	0.01019	0.00317	0.01266	0.00914	0.00491	0.01472
6	0.01751	0.01377	0.01704	0.01633	0.01805	0.01578	0.01185	0.02473	0.12520	0.02656	0.03294	0.09184	0.03291	0.25298	0.19162	0.00953	0.07106	0.01367	0.00696	0.00969
7	0.02098	0.01987	0.03367	0.46787	0.20498	0.02322	0.02930	0.02762	0.02128	0.02816	0.01852	0.02684	0.01437	0.00996	0.01023	0.00332	0.01328	0.00913	0.00470	0.01269
8	0.01783	0.00891	0.01337	0.01337	0.01337	0.00891	0.00891	0.01337	0.01337	0.01783	0.01783	0.03119	0.01783	0.03565	0.04011	0.70143	0.00891	0.00891	0.00446	0.00446
9	0.60975	0.02425	0.01720	0.01546	0.02165	0.11020	0.01243	0.03180	0.01923	0.04287	0.01453	0.01695	0.01143	0.00969	0.00679	0.00309	0.00954	0.00572	0.00619	0.01123
10	0.04117	0.01734	0.02289	0.01821	0.02523	0.01565	0.01475	0.08731	0.02974	0.46742	0.04118	0.11023	0.03014	0.01515	0.01067	0.00329	0.00860	0.01263	0.01209	0.01630
11	0.01247	0.00907	0.01177	0.01393	0.01479	0.00837	0.00937	0.01433	0.02000	0.02634	0.06098	0.58292	0.11476	0.03158	0.01301	0.00410	0.00588	0.02847	0.00953	0.00837
12	0.02185	0.07667	0.02431	0.01542	0.02451	0.01619	0.01266	0.02630	0.02124	0.03257	0.01787	0.02083	0.01501	0.00771	0.00751	0.00158	0.00791	0.00602	0.00592	0.63791
13	0.02355	0.34594	0.03580	0.01725	0.02292	0.10035	0.01490	0.02629	0.02176	0.02510	0.03290	0.19297	0.07033	0.01676	0.00914	0.00289	0.01011	0.01339	0.00631	0.01133
14	0.02561	0.17311	0.35206	0.02666	0.03910	0.02652	0.07726	0.03437	0.02270	0.10028	0.02054	0.02279	0.01484	0.00981	0.00936	0.00303	0.01365	0.00790	0.00548	0.01491
15	0.02422	0.02768	0.06055	0.04325	0.05363	0.02595	0.53806	0.03287	0.02422	0.03287	0.02076	0.02768	0.01557	0.00865	0.01211	0.00346	0.01730	0.01211	0.00519	0.01384
16	0.01938	0.01824	0.03078	0.61468	0.07068	0.02280	0.02850	0.02622	0.02052	0.02622	0.01824	0.02736	0.01368	0.01026	0.01026	0.00342	0.01368	0.00912	0.00456	0.01140
17	0.02107	0.09491	0.54859	0.02842	0.04314	0.02502	0.03648	0.03237	0.02161	0.03191	0.01812	0.02130	0.01301	0.00968	0.00953	0.00318	0.01487	0.00744	0.00434	0.01503
18	0.65921	0.01914	0.01498	0.01345	0.01951	0.02201	0.01101	0.02935	0.01834	0.04567	0.05622	0.02120	0.01758	0.01039	0.00678	0.00318	0.00770	0.00654	0.00672	0.01101
19	0.01216	0.01029	0.01051	0.01069	0.01394	0.00864	0.00793	0.01469	0.02311	0.02761	0.10038	0.13905	0.53319	0.02645	0.01220	0.00352	0.00525	0.02223	0.00953	0.00864
20	0.02495	0.02392	0.04083	0.10458	0.53729	0.02426	0.03127	0.03110	0.02315	0.03298	0.01922	0.02555	0.01606	0.00923	0.01017	0.00308	0.01230	0.00914	0.00504	0.01589
21	0.03479	0.04148	0.02746	0.02490	0.03033	0.43983	0.01884	0.04473	0.17499	0.03004	0.02303	0.02398	0.01823	0.01150	0.00958	0.00288	0.01564	0.00799	0.00671	0.01310
22	0.01478	0.01054	0.01416	0.01416	0.01519	0.01156	0.00992	0.01683	0.01580	0.02210	0.02962	0.05211	0.03078	0.32420	0.35845	0.01362	0.01978	0.01272	0.00581	0.00787
23	0.01345	0.00978	0.01126	0.01201	0.01418	0.00879	0.00858	0.01632	0.02253	0.03022	0.13741	0.28010	0.26100	0.02579	0.01185	0.00355	0.00537	0.02243	0.09660	0.00879
24	0.03901	0.02874	0.03080	0.02361	0.03182	0.03182	0.01951	0.54111	0.04825	0.06468	0.02464	0.02464	0.01745	0.01232	0.01027	0.00308	0.01129	0.00924	0.01027	0.01745
25	0.03833	0.04891	0.02908	0.02644	0.03173	0.59815	0.01983	0.04098	0.02908	0.02512	0.01586	0.01851	0.01322	0.01058	0.00925	0.00264	0.01851	0.00661	0.00529	0.01190
26	0.01250	0.00893	0.01191	0.01429	0.01488	0.00834	0.00953	0.01429	0.01965	0.02620	0.05656	0.63265	0.06787	0.03215	0.01310	0.00417	0.00595	0.02917	0.00953	0.00834
27	0.01233	0.01040	0.01068	0.01061	0.01399	0.00875	0.00796	0.01512	0.02387	0.02887	0.14367	0.09688	0.53075	0.02556	0.01213	0.00345	0.00517	0.02139	0.00968	0.00875
28	0.01213	0.01040	0.01040	0.01040	0.01386	0.00866	0.00780	0.01473	0.02339	0.02772	0.10396	0.09876	0.57117	0.02599	0.01213	0.00347	0.00520	0.02166	0.00953	0.00866
29	0.02496	0.02312	0.03784	0.20645	0.39472	0.02460	0.02968	0.07352	0.02473	0.03424	0.01947	0.02586	0.01567	0.00971	0.01020	0.00315	0.01251	0.00915	0.00538	0.01507
30	0.01304	0.00963	0.01127	0.01232	0.01360	0.00886	0.00814	0.01459	0.01949	0.02497	0.06406	0.32511	0.20780	0.19193	0.02323	0.00550	0.00679	0.02317	0.00865	0.00787
31	0.03799	0.02824	0.03023	0.02341	0.03144	0.03135	0.01926	0.50444	0.08658	0.06304	0.02593	0.02567	0.01850	0.01244	0.01028	0.00311	0.01105	0.00942	0.01028	0.01736
32	0.08681	0.02131	0.02508	0.02126	0.02753	0.02330	0.05230	0.09264	0.31815	0.11201	0.03730	0.07880	0.02920	0.01424	0.01038	0.00343	0.00896	0.01206	0.00993	0.01531
33	0.02869	0.52741	0.04886	0.01852	0.02702	0.03849	0.01770	0.09372	0.06198	0.03034	0.01745	0.01899	0.01497	0.00957	0.00730	0.00239	0.01081	0.00637	0.00552	0.01390
34	0.02111	0.09832	0.54552	0.02836	0.04304	0.02511	0.03636	0.03236	0.02160	0.03186	0.01810	0.02127	0.01301	0.00968	0.00951	0.00317	0.01485	0.00742	0.00434	0.01501
35	0.07877	0.02564	0.13402	0.02724	0.09920	0.01997	0.06503	0.03683	0.09811	0.15558	0.11939	0.03670	0.03282	0.01267	0.01036	0.00325	0.01033	0.01101	0.00848	0.01461
36	0.02867	0.01719	0.02056	0.01825	0.02318	0.01755	0.01406	0.11290	0.14517	0.18951	0.04401	0.24411	0.04043	0.01975	0.01131	0.00358	0.00801	0.01706	0.01072	0.01399
37	0.01453	0.00978	0.01131	0.01170	0.01180	0.00968	0.00676	0.01482	0.01570	0.02093	0.03630	0.15976	0.04231	0.53992	0.04582	0.00900	0.00929	0.01726	0.00676	0.00656
38	0.01938	0.01824	0.03078	0.61468	0.07068	0.02280	0.02850	0.02622	0.02052	0.02622	0.01824	0.02736	0.01368	0.01026	0.01026	0.00342	0.01368	0.00912	0.00456	0.01140
39	0.07721	0.02138	0.03439	0.29838	0.19951	0.02357	0.06499	0.06252	0.02366	0.06787	0.02023	0.02633	0.01532	0.01006	0.01008	0.00326	0.01264	0.00916	0.00576	0.01367
40	0.02225	0.17121	0.43814	0.02795	0.04146	0.02739	0.07198	0.03217	0.02170	0.03083	0.01775	0.02107	0.01323	0.00947	0.00929	0.00305	0.01448	0.00750	0.00441	0.01466
41	0.02516	0.02161	0.03180	0.40600	0.10735	0.02535	0.02639	0.16373	0.02816	0.03713	0.02004	0.02645	0.01492	0.01070	0.01025	0.00329	0.01291	0.00915	0.00613	0.01346
42	0.03032	0.01757	0.02112	0.01799	0.02375	0.01787	0.01423	0.04433	0.23634	0.23901	0.16974	0.04640	0.04510	0.01519	0.01080	0.00331	0.00755	0.01283	0.01147	0.01509
43	0.01487	0.01017	0.01232	0.01232	0.01271	0.01056	0.00762	0.01565	0.01526	0.02073	0.03130	0.06145	0.03483	0.51975	0.16844	0.01134	0.01368	0.01409	0.00606	0.00684
44	0.01311	0.00989	0.01212	0.01272	0.01476	0.00890	0.00910	0.01620	0.02399	0.03188	0.25015	0.28834	0.21848	0.02651	0.01248	0.00364	0.00535	0.02335	0.01015	0.00890
45	0.03734	0.04380	0.02882	0.02557	0.03131	0.47028	0.01948	0.11196	0.07673	0.03216	0.01930	0.02105	0.01535	0.01110	0.00950	0.00278	0.01661	0.00740	0.00642	0.01304
46	0.02540	0.02438	0.04165	0.06299	0.57533	0.02438	0.03149	0.03149	0.02337	0.03353	0.01930	0.02540	0.01626	0.00914	0.01016	0.00305	0.01219	0.00914	0.00508	0.01626
47	0.01237	0.00946	0.01136	0.01287	0.01451	0.00845	0.00890	0.01445	0.02101	0.02675	0.07383	0.43818	0.25120	0.02991	0.01275	0.00391	0.00568	0.02644	0.00953	0.00845
48	0.03833	0.04891	0.02908	0.02644	0.03173	0.59815	0.01983	0.04098	0.02908	0.02512	0.01586	0.01851	0.01322	0.01058	0.00925	0.00264	0.01851	0.00661	0.00529	0.01190
49	0.02183	0.02248	0.01775	0.01710	0.02066	0.18005	0.01263	0.06236	0.02589	0.02937	0.05944	0.21761	0.22911	0.02221	0.01143	0.00339	0.00970	0.01846	0.00836	0.01017
50	0.01380	0.00993	0.01307	0.01341	0.01517	0.00920	0.00963	0.01754	0.02567	0.03578	0.38548	0.27641	0.08643	0.02499	0.01246	0.00357	0.00524	0.02237	0.01066	0.00920
51	0.01250	0.00893	0.01191	0.01429	0.01488	0.00834	0.00953	0.01429	0.01965	0.02620	0.05656	0.63265	0.06787	0.03215	0.01310	0.00417	0.00595	0.02917	0.00953	0.00834
52	0.01452	0.01049	0.01372	0.01291	0.01533	0.00968	0.00968	0.01937	0.02905	0.04115	0.56992	0.07666	0.09683	0.02098	0.01210	0.00323	0.00484	0.01856	0.01130	0.00968
53	0.02597	0.15251	0.05697	0.03660	0.04650	0.02935	0.39430	0.07034	0.02533	0.03348	0.01974	0.02519	0.01523	0.00895	0.01086	0.00318	0.01558	0.01056	0.00541	0.01397
54	0.01253	0.01041	0.01095	0.01082	0.01411	0.00883	0.00811	0.01551	0.02434	0.02997	0.18211	0.09505	0.49161	0.02515	0.01212	0.00343	0.00514	0.02114	0.00983	0.00883
55	0.01268	0.00906	0.01206	0.01417	0.01492	0.00845	0.00954	0.01472	0.02045	0.02747	0.10031	0.58527	0.07034	0.03120	0.01301	0.00409	0.00586	0.02827	0.00968	0.00845
56	0.02540	0.02438	0.04165	0.06299	0.57533	0.02438	0.03149	0.03149	0.02337	0.03353	0.01930	0.02540	0.01626	0.00914	0.01016	0.00305	0.01219	0.00914	0.00508	0.01626
57	0.02311	0.02438	0.04220	0.03297	0.03681	0.02941	0.21304	0.02772	0.01886	0.02772	0.01617	0.02438	0.01425	0.01452	0.02571	0.00411	0.39758	0.01014	0.00475	0.01219
58	0.02744	0.64552	0.05378	0.01756	0.02634	0.04061	0.01756	0.03073	0.02085	0.02414	0.01427	0.01646	0.01317	0.00878	0.00658	0.00219	0.01097	0.00549	0.00439	0.01317
59	0.01783	0.00891	0.01337	0.01337	0.01337	0.00891	0.00891	0.01337	0.01337	0.01783	0.01783	0.03119	0.01783	0.03565	0.04011	0.70143	0.00891	0.00891	0.00446	0.00446
60	0.02128	0.01824	0.02128	0.01520	0.02432	0.01368	0.01216	0.02584	0.02128	0.03344	0.01824	0.02128	0.01520	0.00760	0.00760	0.00152	0.00760	0.00608	0.00608	0.70208
61	0.02889	0.02151	0.03159	0.02585	0.02875	0.02665	0.05927	0.03207	0.02000	0.17428	0.02123	0.02618	0.01682	0.01586	0.02582	0.00406	0.41177	0.00957	0.00674	0.01309
62	0.02161	0.02052	0.03481	0.41031	0.25762	0.02339	0.02961	0.02817	0.02157	0.02893	0.01863	0.02663	0.01463	0.00985	0.01022	0.00328	0.01313	0.00913	0.00475	0.01320
63	0.01783	0.00891	0.01337	0.01337	0.01337	0.00891	0.00891	0.01337	0.01337	0.01783	0.01783	0.03119	0.01783	0.03565	0.04011	0.70143	0.00891	0.00891	0.00446	0.00446
64	0.07650	0.02139	0.03286	0.03011	0.13517	0.01902	0.12266	0.03052	0.02261	0.07621	0.02036	0.02406	0.01595	0.00864	0.00912	0.00246	0.01056	0.00817	0.00623	0.32742
65	0.03588	0.02719	0.02904	0.02298	0.03063	0.03036	0.01875	0.42832	0.16613	0.05963	0.02861	0.02780	0.02067	0.01269	0.01031	0.00317	0.01056	0.00979	0.01031	0.01717
66	0.01492	0.00995	0.01119	0.01119	0.01119	0.00995	0.00622	0.01492	0.01492	0.01990	0.03233	0.06716	0.03731	0.63935	0.05223	0.00995	0.00995	0.01492	0.00622	0.00622
67	0.01231	0.01040	0.01065	0.01059	0.01397	0.00874	0.00794	0.01508	0.02382	0.02873	0.13901	0.09710	0.53549	0.02561	0.01213	0.00345	0.00517	0.02143	0.00966	0.00874
68	0.07322	0.01836	0.02081	0.01507	0.02398	0.01438	0.01208	0.02617	0.02099	0.03439	0.01794	0.02093	0.01489	0.00774	0.00751	0.00164	0.00763	0.00604	0.00610	0.65011
69	0.02744	0.64552	0.05378	0.01756	0.02634	0.04061	0.01756	0.03073	0.02085	0.02414	0.01427	0.01646	0.01317	0.00878	0.00658	0.00219	0.01097	0.00549	0.00439	0.01317
70	0.01234	0.00958	0.01123	0.01256	0.01443	0.00848	0.00876	0.01448	0.02131	0.02688	0.07765	0.39506	0.29185	0.02941	0.01267	0.00386	0.00562	0.02583	0.00953	0.00848
71	0.01437	0.01037	0.01358	0.01301	0.01530	0.00958	0.00967	0.01899	0.02835	0.04004	0.53164	0.11812	0.09467	0.02181	0.01218	0.00330	0.00492	0.01935	0.01116	0.00958
72	0.52282	0.01917	0.01756	0.01485	0.02165	0.02077	0.01224	0.03580	0.02084	0.19832	0.02173	0.02185	0.01517	0.01043	0.00748	0.00318	0.00816	0.00691	0.00815	0.01292
73	0.04604	0.01746	0.02382	0.01826	0.02620	0.01508	0.01508	0.05001	0.02937	0.58244	0.04049	0.03493	0.02540	0.01270	0.01032	0.00318	0.00873	0.01032	0.01270	0.01746
74	0.04157	0.02464	0.02825	0.02166	0.02977	0.02573	0.01789	0.36223	0.04137	0.25327	0.03041	0.02839	0.02035	0.01246	0.01029	0.00311	0.01036	0.00963	0.01115	0.01746
75	0.02243	0.02144	0.03592	0.31185	0.30382	0.02419	0.02945	0.02858	0.02149	0.02953	0.01838	0.02607	0.01487	0.01032	0.01198	0.00333	0.05878	0.00912	0.00480	0.01366
76	0.02456	0.02203	0.02830	0.02411	0.03031	0.02442	0.09536	0.04841	0.43063	0.04036	0.03965	0.04328	0.03130	0.01435	0.01101	0.00358	0.00963	0.05383	0.00956	0.01530
77	0.08244	0.03374	0.02930	0.02374	0.03102	0.18783	0.01905	0.36971	0.04095	0.05253	0.02154	0.02243	0.01587	0.01166	0.00973	0.00297	0.01307	0.00827	0.00864	0.01551
78	0.02220	0.04732	0.50126	0.02765	0.04131	0.02228	0.03460	0.03298	0.02239	0.07387	0.02276	0.02968	0.01737	0.01136	0.01012	0.00335	0.01425	0.04498	0.00535	0.01491
79	0.08279	0.02597	0.02562	0.02120	0.02820	0.06923	0.01693	0.22624	0.24162	0.04887	0.02933	0.02863	0.02189	0.01217	0.00972	0.00307	0.00999	0.00940	0.00928	0.07986
80	0.01250	0.00893	0.01191	0.01429	0.01488	0.00834	0.00953	0.01429	0.01965	0.02620	0.05656	0.63265	0.06787	0.03215	0.01310	0.00417	0.00595	0.02917	0.00953	0.00834
81	0.01913	0.00956	0.00956	0.00956	0.01196	0.00956	0.00717	0.02391	0.02152	0.03826	0.03348	0.03826	0.02630	0.01196	0.00717	0.00239	0.00478	0.00956	0.69632	0.00956
82	0.02058	0.05308	0.58618	0.02925	0.04442	0.02383	0.03792	0.03250	0.02167	0.03250	0.01842	0.02167	0.01300	0.00975	0.00975	0.00325	0.01517	0.00758	0.00433	0.01517
83	0.03833	0.04891	0.02908	0.02644	0.03173	0.59815	0.01983	0.04098	0.02908	0.02512	0.01586	0.01851	0.01322	0.01058	0.00925	0.00264	0.01851	0.00661	0.00529	0.01190
84	0.03075	0.02125	0.02249	0.01829	0.02420	0.02324	0.01477	0.31605	0.07685	0.05341	0.02915	0.03063	0.02172	0.01231	0.00915	0.00286	0.00868	0.00954	0.26017	0.01449
85	0.01619	0.01157	0.01614	0.01851	0.02072	0.01152	0.01594	0.02067	0.02329	0.03033	0.05452	0.15980	0.05981	0.02867	0.01408	0.00468	0.00915	0.46561	0.00946	0.00935
86	0.03341	0.02636	0.02984	0.03227	0.17339	0.11543	0.02070	0.14064	0.07085	0.15072	0.07707	0.03179	0.02648	0.01220	0.01027	0.00306	0.01134	0.01005	0.00868	0.01542
87	0.01213	0.01040	0.01040	0.01040	0.01386	0.00866	0.00780	0.01473	0.02339	0.02772	0.10396	0.09876	0.57117	0.02599	0.01213	0.00347	0.00520	0.02166	0.00953	0.00866
88	0.01250	0.00893	0.01191	0.01429	0.01488	0.00834	0.00953	0.01429	0.01965	0.02620	0.05656	0.63265	0.06787	0.03215	0.01310	0.00417	0.00595	0.02917	0.00953	0.00834
89	0.02283	0.02176	0.03701	0.29861	0.35980	0.02371	0.03022	0.02924	0.02215	0.03041	0.01885	0.02624	0.01516	0.00962	0.01020	0.00321	0.01283	0.00913	0.00486	0.01418
90	0.01250	0.00893	0.01191	0.01429	0.01488	0.00834	0.00953	0.01429	0.01965	0.02620	0.05656	0.63265	0.06787	0.03215	0.01310	0.00417	0.00595	0.02917	0.00953	0.00834
91	0.01250	0.00893	0.01191	0.01429	0.01488	0.00834	0.00953	0.01429	0.01965	0.02620	0.05656	0.63265	0.06787	0.03215	0.01310	0.00417	0.00595	0.02917	0.00953	0.00834
92	0.03901	0.02874	0.03080	0.02361	0.03182	0.03182	0.01951	0.54111	0.04825	0.06468	0.02464	0.02464	0.01745	0.01232	0.01027	0.00308	0.01129	0.00924	0.01027	0.01745
93	0.02058	0.05308	0.58618	0.02925	0.04442	0.02383	0.03792	0.03250	0.02167	0.03250	0.01842	0.02167	0.01300	0.00975	0.00975	0.00325	0.01517	0.00758	0.00433	0.01517
94	0.02058	0.05308	0.58618	0.02925	0.04442	0.02383	0.03792	0.03250	0.02167	0.03250	0.01842	0.02167	0.01300	0.00975	0.00975	0.00325	0.01517	0.00758	0.00433	0.01517
95	0.01430	0.01048	0.01341	0.01268	0.01519	0.00959	0.00951	0.01893	0.02852	0.03990	0.52651	0.07872	0.14101	0.02145	0.01211	0.00325	0.00487	0.01885	0.01113	0.00959
96	0.01492	0.00995	0.01119	0.01119	0.01119	0.00995	0.00622	0.01492	0.01492	0.01990	0.03233	0.06716	0.03731	0.63935	0.05223	0.00995	0.00995	0.01492	0.00622	0.00622
97	0.02744	0.64552	0.05378	0.01756	0.02634	0.04061	0.01756	0.03073	0.02085	0.02414	0.01427	0.01646	0.01317	0.00878	0.00658	0.00219	0.01097	0.00549	0.00439	0.01317
98	0.01492	0.00995	0.01119	0.01119	0.01119	0.00995	0.00622	0.01492	0.01492	0.01990	0.03233	0.06716	0.03731	0.63935	0.05223	0.00995	0.00995	0.01492	0.00622	0.00622
99	0.04035	0.02659	0.02947	0.02259	0.03075	0.02863	0.01866	0.44744	0.04465	0.16343	0.02766	0.02660	0.01897	0.01239	0.01028	0.00310	0.01080	0.00945	0.01073	0.01745

[dist]
# distance from previous block
# <min> <max>
0	1

[block]
# block no. 3 follows, 14 sequences, length 32
# corresponding to MSA columns:
# 190-221
name=unknown_D
#
# <colnr> <probs for GDERKNQSTAVLIFYWHMCP>
#	G	D	E	R	K	N	Q	S	T	A	V	L	I	F	Y	W	H	M	C	P
0	0.30911	0.16839	0.02486	0.01594	0.02134	0.08077	0.01312	0.02744	0.01996	0.03385	0.02492	0.16957	0.02589	0.01506	0.00837	0.00314	0.00922	0.01150	0.00657	0.01099
1	0.02665	0.19424	0.32245	0.02501	0.03695	0.02989	0.02850	0.15266	0.02777	0.03806	0.01886	0.02108	0.01410	0.01012	0.00909	0.00295	0.01321	0.00746	0.00575	0.01521
2	0.01336	0.00954	0.01289	0.01527	0.01623	0.00907	0.01101	0.01577	0.02049	0.02715	0.05609	0.52321	0.06601	0.03135	0.01333	0.00429	0.00669	0.13018	0.00951	0.00857
3	0.02553	0.02204	0.02320	0.02088	0.02669	0.02553	0.01624	0.05453	0.55679	0.04293	0.04177	0.03829	0.03133	0.01392	0.01044	0.00348	0.00812	0.01160	0.01044	0.01624
4	0.02780	0.02601	0.05453	0.03916	0.04914	0.02417	0.45234	0.03568	0.02507	0.12295	0.02399	0.02887	0.01718	0.00931	0.01182	0.00341	0.01590	0.01182	0.00642	0.01443
5	0.04210	0.15044	0.03016	0.01811	0.02623	0.02049	0.01561	0.04593	0.02757	0.46424	0.03493	0.03102	0.02281	0.01187	0.00953	0.00297	0.00921	0.00930	0.01094	0.01656
6	0.02540	0.02438	0.04165	0.06299	0.57533	0.02438	0.03149	0.03149	0.02337	0.03353	0.01930	0.02540	0.01626	0.00914	0.01016	0.00305	0.01219	0.00914	0.00508	0.01626
7	0.01977	0.01704	0.01770	0.01638	0.02118	0.01828	0.01261	0.03743	0.32766	0.03640	0.06848	0.06426	0.26322	0.01911	0.01117	0.00347	0.00687	0.01592	0.01005	0.01299
8	0.02273	0.02115	0.03552	0.18329	0.37931	0.02220	0.02864	0.02880	0.02275	0.03144	0.02413	0.03892	0.02186	0.01218	0.01076	0.00338	0.01214	0.08104	0.00559	0.01416
9	0.02501	0.04709	0.46807	0.02766	0.04133	0.02427	0.03369	0.10344	0.02588	0.07805	0.02092	0.02307	0.01454	0.01032	0.00986	0.00322	0.01415	0.00801	0.00577	0.01565
10	0.01250	0.00893	0.01191	0.01429	0.01488	0.00834	0.00953	0.01429	0.01965	0.02620	0.05656	0.63265	0.06787	0.03215	0.01310	0.00417	0.00595	0.02917	0.00953	0.00834
11	0.02540	0.02438	0.04165	0.06299	0.57533	0.02438	0.03149	0.03149	0.02337	0.03353	0.01930	0.02540	0.01626	0.00914	0.01016	0.00305	0.01219	0.00914	0.00508	0.01626
12	0.09937	0.02992	0.03226	0.02604	0.03320	0.14347	0.11310	0.16075	0.17724	0.04292	0.02584	0.02692	0.01944	0.01145	0.01006	0.00318	0.01266	0.00952	0.00798	0.01469
13	0.03621	0.02522	0.02764	0.02206	0.02955	0.02762	0.01794	0.33228	0.18954	0.13341	0.03178	0.02999	0.02253	0.01283	0.01032	0.00321	0.01002	0.01006	0.01067	0.01711
14	0.01332	0.00927	0.01167	0.01325	0.01364	0.00888	0.00841	0.01450	0.01806	0.02408	0.04841	0.44230	0.05758	0.23654	0.02627	0.00611	0.00730	0.02438	0.00841	0.00762
15	0.03598	0.04397	0.02800	0.02542	0.03080	0.49296	0.01917	0.04347	0.12602	0.02839	0.02062	0.02214	0.01655	0.01119	0.00947	0.00280	0.01660	0.00753	0.00623	0.01270
16	0.02928	0.08018	0.11372	0.02277	0.03056	0.05991	0.05058	0.11030	0.10545	0.12953	0.06476	0.04127	0.02936	0.01408	0.01054	0.00331	0.01116	0.07007	0.00864	0.01454
17	0.02280	0.13022	0.33224	0.03227	0.04490	0.02697	0.20333	0.03237	0.02241	0.03142	0.01861	0.02294	0.01389	0.00924	0.01009	0.00317	0.01528	0.00880	0.00463	0.01443
18	0.01492	0.00995	0.01119	0.01119	0.01119	0.00995	0.00622	0.01492	0.01492	0.01990	0.03233	0.06716	0.03731	0.63935	0.05223	0.00995	0.00995	0.01492	0.00622	0.00622
19	0.03188	0.02077	0.03067	0.10644	0.21201	0.02011	0.02202	0.07346	0.02652	0.21642	0.02641	0.02814	0.01890	0.01047	0.00986	0.00292	0.01050	0.00909	0.00806	0.11534
20	0.02983	0.01626	0.02586	0.02163	0.02736	0.01483	0.09806	0.03428	0.02545	0.27025	0.04336	0.16627	0.03915	0.01912	0.01196	0.00374	0.00972	0.11925	0.01020	0.01343
21	0.01294	0.01043	0.01151	0.01124	0.01436	0.00901	0.00843	0.01629	0.02530	0.03224	0.26081	0.09132	0.41150	0.02430	0.01212	0.00339	0.00508	0.02061	0.01012	0.00901
22	0.02168	0.02131	0.02995	0.02590	0.02608	0.02958	0.02149	0.02406	0.01579	0.02461	0.01487	0.02423	0.01468	0.02383	0.08989	0.00568	0.56156	0.00918	0.00459	0.01102
23	0.02058	0.05308	0.58618	0.02925	0.04442	0.02383	0.03792	0.03250	0.02167	0.03250	0.01842	0.02167	0.01300	0.00975	0.00975	0.00325	0.01517	0.00758	0.00433	0.01517
24	0.01250	0.00893	0.01191	0.01429	0.01488	0.00834	0.00953	0.01429	0.01965	0.02620	0.05656	0.63265	0.06787	0.03215	0.01310	0.00417	0.00595	0.02917	0.00953	0.00834
25	0.01913	0.00956	0.00956	0.00956	0.01196	0.00956	0.00717	0.02391	0.02152	0.03826	0.03348	0.03826	0.02630	0.01196	0.00717	0.00239	0.00478	0.00956	0.69632	0.00956
26	0.01588	0.02505	0.21700	0.01928	0.02552	0.01419	0.01968	0.02204	0.02270	0.03215	0.17028	0.27703	0.05550	0.02140	0.01166	0.00361	0.00896	0.01885	0.00811	0.01110
27	0.02092	0.01162	0.01434	0.01367	0.01549	0.01118	0.00942	0.02237	0.01891	0.12544	0.03718	0.06859	0.03841	0.43079	0.03871	0.00790	0.00965	0.08872	0.00791	0.00879
28	0.01452	0.01049	0.01372	0.01291	0.01533	0.00968	0.00968	0.01937	0.02905	0.04115	0.56992	0.07666	0.09683	0.02098	0.01210	0.00323	0.00484	0.01856	0.01130	0.00968
29	0.01250	0.00893	0.01191	0.01429	0.01488	0.00834	0.00953	0.01429	0.01965	0.02620	0.05656	0.63265	0.06787	0.03215	0.01310	0.00417	0.00595	0.02917	0.00953	0.00834
30	0.09933	0.03289	0.02772	0.02414	0.03010	0.25462	0.05654	0.08121	0.17724	0.03627	0.02653	0.03131	0.02156	0.01255	0.00991	0.00316	0.01329	0.04066	0.00750	0.01347
31	0.09148	0.02948	0.02687	0.02320	0.02766	0.20536	0.01849	0.03860	0.07679	0.14612	0.02281	0.02492	0.01748	0.01340	0.01641	0.00342	0.18855	0.00848	0.00722	0.01324

[dist]
# distance from previous block
# <min> <max>
0	6

[block]
# block no. 4 follows, 14 sequences, length 125
# corresponding to MSA columns:
# 228-352
name=unknown_E
#
# <colnr> <probs for GDERKNQSTAVLIFYWHMCP>
#	G	D	E	R	K	N	Q	S	T	A	V	L	I	F	Y	W	H	M	C	P
0	0.03614	0.02746	0.02788	0.02255	0.02984	0.07644	0.01819	0.31635	0.17943	0.11168	0.03015	0.02885	0.02163	0.01264	0.01023	0.00316	0.01079	0.00976	0.01015	0.01666
1	0.02770	0.02260	0.04169	0.22893	0.05275	0.02314	0.23513	0.06423	0.02541	0.13880	0.02396	0.02879	0.01695	0.01019	0.01103	0.00337	0.01407	0.01059	0.00673	0.01394
2	0.02858	0.02222	0.03674	0.12849	0.40133	0.02237	0.02792	0.03437	0.02415	0.13868	0.02326	0.02751	0.01768	0.00998	0.01020	0.00312	0.01172	0.00937	0.00648	0.01584
3	0.02091	0.01793	0.02166	0.06635	0.02775	0.01499	0.01365	0.02740	0.05941	0.03407	0.06110	0.02713	0.02230	0.00927	0.00836	0.00195	0.00795	0.00766	0.00665	0.54352
4	0.02462	0.23589	0.37774	0.02477	0.03740	0.02843	0.02985	0.03325	0.02198	0.07074	0.01876	0.02102	0.01397	0.00967	0.00880	0.00291	0.01338	0.00713	0.00497	0.01471
5	0.01250	0.00893	0.01191	0.01429	0.01488	0.00834	0.00953	0.01429	0.01965	0.02620	0.05656	0.63265	0.06787	0.03215	0.01310	0.00417	0.00595	0.02917	0.00953	0.00834
6	0.01276	0.01042	0.01127	0.01106	0.01425	0.00893	0.00829	0.01595	0.02488	0.03126	0.22679	0.09293	0.44613	0.02467	0.01212	0.00340	0.00510	0.02084	0.01000	0.00893
7	0.02275	0.02163	0.03728	0.37674	0.16722	0.02425	0.10209	0.06654	0.02369	0.03152	0.01929	0.02681	0.01475	0.00996	0.01051	0.00333	0.01373	0.00957	0.00518	0.01318
8	0.03651	0.02055	0.03039	0.02573	0.06897	0.01981	0.09426	0.04723	0.15246	0.33505	0.03637	0.03397	0.02469	0.01214	0.01060	0.00328	0.01011	0.01081	0.01052	0.01655
9	0.02553	0.02204	0.02320	0.02088	0.02669	0.02553	0.01624	0.05453	0.55679	0.04293	0.04177	0.03829	0.03133	0.01392	0.01044	0.00348	0.00812	0.01160	0.01044	0.01624
10	0.01250	0.00893	0.01191	0.01429	0.01488	0.00834	0.00953	0.01429	0.01965	0.02620	0.05656	0.63265	0.06787	0.03215	0.01310	0.00417	0.00595	0.02917	0.00953	0.00834
11	0.02911	0.06990	0.13975	0.02320	0.03168	0.02388	0.05905	0.15941	0.09788	0.12110	0.06970	0.07353	0.02851	0.01360	0.01042	0.00323	0.01085	0.01142	0.00872	0.01507
12	0.02553	0.02204	0.02320	0.02088	0.02669	0.02553	0.01624	0.05453	0.55679	0.04293	0.04177	0.03829	0.03133	0.01392	0.01044	0.00348	0.00812	0.01160	0.01044	0.01624
13	0.01250	0.00893	0.01191	0.01429	0.01488	0.00834	0.00953	0.01429	0.01965	0.02620	0.05656	0.63265	0.06787	0.03215	0.01310	0.00417	0.00595	0.02917	0.00953	0.00834
14	0.02881	0.02899	0.03084	0.02621	0.02884	0.14593	0.02136	0.12636	0.02461	0.03240	0.01608	0.02207	0.01418	0.01540	0.02429	0.00385	0.38294	0.00855	0.00575	0.01255
15	0.03768	0.01561	0.02114	0.01684	0.02332	0.01365	0.01365	0.04188	0.02929	0.43890	0.18089	0.04599	0.04434	0.01490	0.01079	0.00319	0.00770	0.01250	0.01233	0.01540
16	0.01489	0.01010	0.01194	0.01194	0.01219	0.01035	0.00715	0.01540	0.01514	0.02045	0.03165	0.06339	0.03567	0.56042	0.12892	0.01087	0.01241	0.01437	0.00612	0.00663
17	0.01250	0.00893	0.01191	0.01429	0.01488	0.00834	0.00953	0.01429	0.01965	0.02620	0.05656	0.63265	0.06787	0.03215	0.01310	0.00417	0.00595	0.02917	0.00953	0.00834
18	0.03443	0.02647	0.02822	0.02269	0.03008	0.02969	0.01840	0.37589	0.22093	0.05729	0.03045	0.02927	0.02216	0.01286	0.01033	0.00322	0.01022	0.01004	0.01033	0.01704
19	0.01783	0.00891	0.01337	0.01337	0.01337	0.00891	0.00891	0.01337	0.01337	0.01783	0.01783	0.03119	0.01783	0.03565	0.04011	0.70143	0.00891	0.00891	0.00446	0.00446
20	0.01370	0.01046	0.01257	0.01204	0.01482	0.00933	0.00903	0.01776	0.02709	0.03650	0.40864	0.08431	0.26101	0.02271	0.01211	0.00331	0.00496	0.01963	0.01069	0.00933
21	0.02128	0.01824	0.02128	0.01520	0.02432	0.01368	0.01216	0.02584	0.02128	0.03344	0.01824	0.02128	0.01520	0.00760	0.00760	0.00152	0.00760	0.00608	0.00608	0.70208
22	0.01278	0.00913	0.01222	0.01460	0.01532	0.00857	0.01000	0.01476	0.01992	0.02650	0.05641	0.59773	0.06728	0.03189	0.01317	0.00421	0.00619	0.06140	0.00952	0.00841
23	0.66147	0.01967	0.01574	0.01386	0.02033	0.02242	0.01141	0.03167	0.01837	0.08662	0.01627	0.01805	0.01219	0.00977	0.00665	0.00318	0.00800	0.00592	0.00683	0.01159
24	0.01466	0.01100	0.01649	0.01649	0.01833	0.01283	0.01283	0.01833	0.01649	0.02382	0.02749	0.04032	0.02566	0.07697	0.59868	0.01649	0.02749	0.01100	0.00550	0.00916
25	0.01239	0.01041	0.01076	0.01067	0.01402	0.00877	0.00800	0.01523	0.02400	0.02918	0.15448	0.09636	0.51974	0.02545	0.01213	0.00344	0.00516	0.02132	0.00972	0.00877
26	0.01492	0.00995	0.01119	0.01119	0.01119	0.00995	0.00622	0.01492	0.01492	0.01990	0.03233	0.06716	0.03731	0.63935	0.05223	0.00995	0.00995	0.01492	0.00622	0.00622
27	0.02193	0.05277	0.54403	0.02904	0.04346	0.06728	0.03655	0.03314	0.02223	0.03194	0.01822	0.02143	0.01302	0.00981	0.00971	0.00320	0.01542	0.00751	0.00441	0.01492
28	0.16718	0.02705	0.02780	0.02168	0.02954	0.03015	0.01791	0.44378	0.04239	0.06113	0.02267	0.02312	0.01624	0.01179	0.00952	0.00310	0.01065	0.00854	0.00952	0.01624
29	0.03452	0.03757	0.02757	0.02396	0.03014	0.33807	0.01846	0.12880	0.14154	0.03625	0.02294	0.02388	0.01786	0.01135	0.00955	0.00281	0.01429	0.00806	0.00728	0.06509
30	0.01288	0.00941	0.01211	0.01358	0.01486	0.00865	0.00937	0.01538	0.02198	0.02942	0.16674	0.46100	0.12836	0.02920	0.01279	0.00390	0.00564	0.02619	0.00989	0.00865
31	0.01395	0.01034	0.01311	0.01397	0.01568	0.00984	0.00988	0.01846	0.05510	0.03243	0.23497	0.37406	0.10590	0.02686	0.01254	0.00376	0.00566	0.02403	0.01019	0.00929
32	0.02377	0.32863	0.33855	0.02381	0.03601	0.03163	0.02845	0.03168	0.02129	0.02861	0.01649	0.01925	0.01308	0.00930	0.00828	0.00276	0.01322	0.00661	0.00436	0.01424
33	0.01947	0.01578	0.01803	0.01722	0.02110	0.01698	0.01338	0.03490	0.26718	0.03866	0.19655	0.10707	0.09132	0.01986	0.01168	0.00362	0.00701	0.07728	0.01043	0.01247
34	0.01250	0.00893	0.01191	0.01429	0.01488	0.00834	0.00953	0.01429	0.01965	0.02620	0.05656	0.63265	0.06787	0.03215	0.01310	0.00417	0.00595	0.02917	0.00953	0.00834
35	0.01250	0.00893	0.01191	0.01429	0.01488	0.00834	0.00953	0.01429	0.01965	0.02620	0.05656	0.63265	0.06787	0.03215	0.01310	0.00417	0.00595	0.02917	0.00953	0.00834
36	0.02785	0.02148	0.03866	0.23989	0.13135	0.02205	0.16092	0.03438	0.02401	0.16014	0.02431	0.02893	0.01733	0.01024	0.01075	0.00332	0.01325	0.01020	0.00672	0.01420
