[name]
unknown

[dist]
# distance from previous block
# <min> <max>
0	1257

[block]
# block no. 0 follows, 12 sequences, length 34
# corresponding to MSA columns:
# 1322-1355
name=unknown_A
#
# <colnr> <probs for GDERKNQSTAVLIFYWHMCP>
#	G	D	E	R	K	N	Q	S	T	A	V	L	I	F	Y	W	H	M	C	P
0	0.01434	0.01072	0.01293	0.01309	0.01531	0.00973	0.00932	0.01763	0.02561	0.03421	0.27256	0.19480	0.21139	0.08798	0.01752	0.00445	0.00605	0.02253	0.01054	0.00932
1	0.04073	0.05197	0.03090	0.02809	0.03371	0.57303	0.02107	0.04354	0.03090	0.02669	0.01685	0.01966	0.01404	0.01124	0.00983	0.00281	0.01966	0.00702	0.00562	0.01264
2	0.02261	0.01938	0.02261	0.01615	0.02584	0.01453	0.01292	0.02745	0.02261	0.03553	0.01938	0.02261	0.01615	0.00807	0.00807	0.00161	0.00807	0.00646	0.00646	0.68346
3	0.01435	0.01096	0.01399	0.01422	0.01659	0.01060	0.01056	0.01788	0.02378	0.03185	0.19452	0.17466	0.20421	0.04171	0.16123	0.00741	0.01183	0.02061	0.00949	0.00957
4	0.03283	0.14301	0.13306	0.02500	0.03419	0.11488	0.06154	0.09116	0.02977	0.12790	0.07779	0.03088	0.02620	0.01231	0.01029	0.00313	0.01325	0.00979	0.00789	0.01515
5	0.01373	0.00998	0.01306	0.01535	0.01648	0.00930	0.01079	0.01606	0.02171	0.02852	0.06444	0.50888	0.11424	0.03311	0.01395	0.00443	0.00667	0.08018	0.01011	0.00902
6	0.69383	0.02109	0.01603	0.01434	0.02109	0.02446	0.01181	0.03205	0.01856	0.04892	0.01518	0.01771	0.01181	0.01012	0.00675	0.00337	0.00843	0.00590	0.00675	0.01181
7	0.02059	0.01938	0.03270	0.59060	0.07510	0.02422	0.03028	0.02786	0.02180	0.02786	0.01938	0.02907	0.01453	0.01090	0.01090	0.00363	0.01453	0.00969	0.00484	0.01211
8	0.02538	0.02593	0.04913	0.15545	0.29096	0.02618	0.19844	0.03295	0.02459	0.03396	0.02084	0.02821	0.01652	0.00975	0.01154	0.00346	0.01513	0.01081	0.00534	0.01543
9	0.04383	0.02453	0.02874	0.02227	0.03068	0.02517	0.01832	0.26890	0.07679	0.29054	0.03522	0.03224	0.02349	0.01340	0.01095	0.00335	0.01051	0.01053	0.01211	0.01846
10	0.02059	0.01938	0.03270	0.59060	0.07510	0.02422	0.03028	0.02786	0.02180	0.02786	0.01938	0.02907	0.01453	0.01090	0.01090	0.00363	0.01453	0.00969	0.00484	0.01211
11	0.02960	0.03148	0.15288	0.08436	0.08597	0.02423	0.23280	0.03807	0.02596	0.14655	0.02573	0.02956	0.01812	0.01054	0.01163	0.00353	0.01524	0.01098	0.00698	0.01579
12	0.03575	0.01572	0.02142	0.01851	0.02441	0.01404	0.01514	0.04002	0.02903	0.34781	0.10362	0.11157	0.04665	0.01963	0.01225	0.00380	0.00869	0.10453	0.01234	0.01507
13	0.01960	0.01241	0.01458	0.01401	0.01562	0.01239	0.00911	0.02343	0.06622	0.07459	0.07983	0.12219	0.04639	0.39795	0.03959	0.00807	0.00940	0.01697	0.00845	0.00920
14	0.03199	0.40901	0.08976	0.02244	0.03122	0.19831	0.02110	0.03602	0.02481	0.02667	0.01601	0.01858	0.01399	0.00997	0.00810	0.00256	0.01438	0.00636	0.00494	0.01376
15	0.21401	0.25903	0.08105	0.02101	0.02922	0.17708	0.01923	0.03553	0.02356	0.03306	0.01598	0.01859	0.01339	0.01014	0.00796	0.00284	0.01327	0.00635	0.00548	0.01321
16	0.01538	0.01085	0.01368	0.01333	0.01504	0.01025	0.00926	0.01885	0.02594	0.03624	0.36444	0.12134	0.08304	0.18640	0.02465	0.00547	0.00673	0.01957	0.01037	0.00916
17	0.01760	0.00995	0.01320	0.01320	0.01320	0.00995	0.00822	0.01492	0.01492	0.01990	0.02566	0.04979	0.02796	0.29013	0.04823	0.38987	0.00995	0.01225	0.00555	0.00555
18	0.12829	0.03085	0.14045	0.04283	0.26433	0.02580	0.02834	0.03826	0.12238	0.03940	0.02418	0.02745	0.01887	0.01090	0.01014	0.00339	0.01205	0.00931	0.00656	0.01620
19	0.08865	0.02875	0.05702	0.04115	0.05157	0.02785	0.41899	0.07809	0.02740	0.03929	0.02180	0.02804	0.01629	0.00963	0.01213	0.00361	0.01689	0.01195	0.00612	0.01479
20	0.01392	0.01007	0.01215	0.01352	0.01453	0.00939	0.00881	0.01545	0.02022	0.02628	0.06223	0.36853	0.14980	0.19374	0.02520	0.00599	0.00735	0.02535	0.00915	0.00830
21	0.03195	0.02657	0.03192	0.02587	0.03347	0.02950	0.07372	0.21353	0.30627	0.05245	0.03554	0.03437	0.02627	0.01357	0.01123	0.00355	0.01090	0.01151	0.01040	0.01742
22	0.15075	0.02306	0.03291	0.24187	0.10203	0.02571	0.06456	0.11504	0.02767	0.08281	0.02203	0.02696	0.01618	0.01108	0.01030	0.00347	0.01272	0.00939	0.00705	0.01443
23	0.01381	0.01010	0.01298	0.01433	0.01582	0.00927	0.00996	0.01666	0.02396	0.03221	0.19337	0.41342	0.13328	0.03029	0.01352	0.00408	0.00592	0.02712	0.01062	0.00927
24	0.17432	0.02299	0.02343	0.02045	0.02713	0.02602	0.01622	0.08493	0.33868	0.09446	0.03662	0.03434	0.02700	0.01354	0.01013	0.00357	0.00889	0.01063	0.01036	0.01629
25	0.03719	0.03075	0.03770	0.08049	0.04133	0.09092	0.11064	0.29099	0.03999	0.09346	0.02512	0.02719	0.01799	0.01200	0.01115	0.00334	0.01404	0.01014	0.00898	0.01659
26	0.01893	0.01529	0.01837	0.01535	0.02120	0.01231	0.01143	0.02260	0.02226	0.03293	0.07420	0.19240	0.04042	0.06523	0.01387	0.00325	0.00756	0.01502	0.00793	0.38945
27	0.03199	0.02222	0.03383	0.02649	0.03418	0.02221	0.14050	0.04682	0.20306	0.19353	0.09017	0.04102	0.03443	0.01377	0.01169	0.00357	0.01092	0.01283	0.01049	0.01627
28	0.02394	0.02252	0.03669	0.31299	0.26791	0.02523	0.03026	0.03332	0.07579	0.03294	0.02245	0.02941	0.01763	0.01081	0.01088	0.00348	0.01326	0.00997	0.00573	0.01480
29	0.03854	0.02903	0.03207	0.07223	0.03683	0.03247	0.02124	0.43500	0.08753	0.06342	0.02708	0.02760	0.01940	0.01304	0.01092	0.00334	0.01194	0.01001	0.01041	0.01790
30	0.02246	0.01986	0.01968	0.01748	0.02180	0.07408	0.01277	0.03223	0.15015	0.03331	0.08917	0.04882	0.03747	0.19313	0.05552	0.00598	0.01102	0.01252	0.00817	0.13437
31	0.08888	0.02132	0.02741	0.06799	0.03229	0.02238	0.07149	0.15783	0.07344	0.08554	0.04602	0.10320	0.12133	0.01723	0.01144	0.00360	0.01032	0.01472	0.00943	0.01415
32	0.02222	0.01715	0.01745	0.01604	0.02006	0.06406	0.01187	0.02717	0.06421	0.08823	0.05611	0.11163	0.17420	0.12510	0.07725	0.00604	0.01106	0.01637	0.00885	0.06492
33	0.02823	0.29232	0.08252	0.01971	0.02779	0.03045	0.01854	0.08701	0.06702	0.07643	0.03475	0.09193	0.07163	0.01487	0.00963	0.00307	0.01052	0.01159	0.00766	0.01434

[dist]
# distance from previous block
# <min> <max>
6	19

[block]
# block no. 1 follows, 12 sequences, length 6
# corresponding to MSA columns:
# 1377-1382
name=unknown_B
#
# <colnr> <probs for GDERKNQSTAVLIFYWHMCP>
#	G	D	E	R	K	N	Q	S	T	A	V	L	I	F	Y	W	H	M	C	P
0	0.08434	0.08548	0.05882	0.02123	0.02936	0.02610	0.01841	0.15980	0.13140	0.18876	0.06096	0.03344	0.02725	0.01330	0.01034	0.00331	0.01015	0.01039	0.01043	0.01675
1	0.02241	0.21946	0.07030	0.01886	0.02499	0.02564	0.01689	0.03196	0.12227	0.03323	0.10870	0.12871	0.04154	0.02295	0.06147	0.00456	0.01116	0.01389	0.00800	0.01303
2	0.17489	0.13912	0.03309	0.02089	0.02916	0.02527	0.06056	0.04357	0.07665	0.24777	0.03000	0.02889	0.02097	0.01172	0.00950	0.00323	0.01033	0.00922	0.00939	0.01578
3	0.02172	0.08956	0.34117	0.02592	0.03796	0.02285	0.03042	0.03110	0.02330	0.03356	0.02666	0.04211	0.02373	0.01385	0.01070	0.00342	0.01349	0.09928	0.00592	0.10328
4	0.01862	0.01349	0.01539	0.01437	0.01656	0.01387	0.00993	0.08227	0.02258	0.02975	0.04737	0.06740	0.13381	0.33594	0.12381	0.00936	0.01274	0.01579	0.00774	0.00920
5	0.02846	0.15532	0.24355	0.02922	0.04112	0.02988	0.11187	0.10007	0.05649	0.06890	0.02282	0.02531	0.01684	0.01076	0.01028	0.00326	0.01426	0.00910	0.00651	0.01599

[dist]
# distance from previous block
# <min> <max>
0	4

[block]
# block no. 2 follows, 12 sequences, length 39
# corresponding to MSA columns:
# 1387-1425
name=unknown_C
#
# <colnr> <probs for GDERKNQSTAVLIFYWHMCP>
#	G	D	E	R	K	N	Q	S	T	A	V	L	I	F	Y	W	H	M	C	P
0	0.04892	0.01856	0.02530	0.01940	0.02783	0.01603	0.01603	0.05314	0.03121	0.55634	0.04302	0.03711	0.02699	0.01350	0.01096	0.00337	0.00928	0.01096	0.01350	0.01856
1	0.03659	0.02115	0.03154	0.11885	0.17732	0.02101	0.02306	0.04440	0.07524	0.28594	0.03343	0.03347	0.02305	0.01219	0.01092	0.00341	0.01101	0.01056	0.00975	0.01711
2	0.02200	0.06302	0.02103	0.01713	0.01986	0.07962	0.01254	0.06837	0.02187	0.02784	0.02866	0.04885	0.02920	0.28880	0.19475	0.01043	0.01729	0.01231	0.00653	0.00989
3	0.02712	0.02342	0.02465	0.02219	0.02835	0.02712	0.01726	0.05794	0.52909	0.04561	0.04438	0.04068	0.03328	0.01479	0.01109	0.00370	0.00863	0.01233	0.01109	0.01726
4	0.02650	0.02304	0.02542	0.07607	0.03278	0.02685	0.01849	0.05509	0.48101	0.04393	0.04201	0.03958	0.03151	0.01442	0.01108	0.00369	0.00919	0.01208	0.01050	0.01677
5	0.01543	0.01115	0.01457	0.01372	0.01629	0.01029	0.01029	0.02058	0.03086	0.04372	0.54304	0.08145	0.10288	0.02229	0.01286	0.00343	0.00514	0.01972	0.01200	0.01029
6	0.01366	0.00976	0.01308	0.01561	0.01641	0.00918	0.01077	0.01583	0.02125	0.02825	0.05989	0.56707	0.07130	0.03381	0.01402	0.00448	0.00665	0.06992	0.01011	0.00896
7	0.01543	0.01115	0.01457	0.01372	0.01629	0.01029	0.01029	0.02058	0.03086	0.04372	0.54304	0.08145	0.10288	0.02229	0.01286	0.00343	0.00514	0.01972	0.01200	0.01029
8	0.02081	0.01680	0.01922	0.01762	0.02184	0.01804	0.01350	0.03778	0.26027	0.04459	0.31343	0.06268	0.07084	0.01884	0.01205	0.00355	0.00675	0.01632	0.01158	0.01350
9	0.69383	0.02109	0.01603	0.01434	0.02109	0.02446	0.01181	0.03205	0.01856	0.04892	0.01518	0.01771	0.01181	0.01012	0.00675	0.00337	0.00843	0.00590	0.00675	0.01181
10	0.04892	0.01856	0.02530	0.01940	0.02783	0.01603	0.01603	0.05314	0.03121	0.55634	0.04302	0.03711	0.02699	0.01350	0.01096	0.00337	0.00928	0.01096	0.01350	0.01856
11	0.03041	0.02269	0.02475	0.02177	0.02827	0.02545	0.01707	0.05721	0.45396	0.12269	0.04417	0.04014	0.03233	0.01460	0.01108	0.00365	0.00873	0.01212	0.01146	0.01745
12	0.69383	0.02109	0.01603	0.01434	0.02109	0.02446	0.01181	0.03205	0.01856	0.04892	0.01518	0.01771	0.01181	0.01012	0.00675	0.00337	0.00843	0.00590	0.00675	0.01181
13	0.02059	0.01938	0.03270	0.59060	0.07510	0.02422	0.03028	0.02786	0.02180	0.02786	0.01938	0.02907	0.01453	0.01090	0.01090	0.00363	0.01453	0.00969	0.00484	0.01211
14	0.01501	0.01113	0.01398	0.01327	0.01603	0.01011	0.00995	0.01975	0.02986	0.04133	0.47046	0.08539	0.17695	0.02318	0.01286	0.00347	0.00521	0.02027	0.01169	0.01011
15	0.69383	0.02109	0.01603	0.01434	0.02109	0.02446	0.01181	0.03205	0.01856	0.04892	0.01518	0.01771	0.01181	0.01012	0.00675	0.00337	0.00843	0.00590	0.00675	0.01181
16	0.02127	0.02007	0.03392	0.53541	0.12502	0.02440	0.03062	0.02845	0.02212	0.02868	0.01950	0.02885	0.01482	0.01078	0.01089	0.00359	0.01437	0.00969	0.00490	0.01266
17	0.01462	0.01111	0.01346	0.01287	0.01579	0.00994	0.00965	0.01901	0.02896	0.03920	0.40586	0.08890	0.24289	0.02398	0.01287	0.00351	0.00526	0.02076	0.01141	0.00994
18	0.01324	0.00965	0.01248	0.01475	0.01570	0.00889	0.00993	0.01523	0.02129	0.02800	0.06540	0.55650	0.12188	0.03347	0.01381	0.00435	0.00624	0.03016	0.01012	0.00889
19	0.01846	0.01401	0.01656	0.01506	0.01871	0.01376	0.01153	0.06954	0.07396	0.04386	0.37927	0.07670	0.16306	0.02168	0.01253	0.00348	0.00615	0.01871	0.01151	0.01148
20	0.02059	0.01938	0.03270	0.59060	0.07510	0.02422	0.03028	0.02786	0.02180	0.02786	0.01938	0.02907	0.01453	0.01090	0.01090	0.00363	0.01453	0.00969	0.00484	0.01211
21	0.02699	0.02591	0.04426	0.06693	0.54879	0.02591	0.03346	0.03346	0.02483	0.03562	0.02051	0.02699	0.01727	0.00972	0.01079	0.00324	0.01295	0.00972	0.00540	0.01727
22	0.01328	0.00949	0.01265	0.01518	0.01581	0.00886	0.01012	0.01518	0.02088	0.02783	0.06010	0.60969	0.07212	0.03416	0.01392	0.00443	0.00633	0.03100	0.01012	0.00886
23	0.01353	0.00968	0.01287	0.01502	0.01587	0.00902	0.01014	0.01579	0.02200	0.02963	0.11464	0.55003	0.07559	0.03282	0.01380	0.00432	0.00619	0.02972	0.01033	0.00902
24	0.01328	0.00949	0.01265	0.01518	0.01581	0.00886	0.01012	0.01518	0.02088	0.02783	0.06010	0.60969	0.07212	0.03416	0.01392	0.00443	0.00633	0.03100	0.01012	0.00886
25	0.02059	0.01938	0.03270	0.59060	0.07510	0.02422	0.03028	0.02786	0.02180	0.02786	0.01938	0.02907	0.01453	0.01090	0.01090	0.00363	0.01453	0.00969	0.00484	0.01211
26	0.69383	0.02109	0.01603	0.01434	0.02109	0.02446	0.01181	0.03205	0.01856	0.04892	0.01518	0.01771	0.01181	0.01012	0.00675	0.00337	0.00843	0.00590	0.00675	0.01181
27	0.01558	0.01168	0.01752	0.01752	0.01947	0.01363	0.01363	0.01947	0.01752	0.02531	0.02921	0.04283	0.02726	0.08178	0.57360	0.01752	0.02921	0.01168	0.00584	0.00974
28	0.09676	0.02405	0.03406	0.09145	0.28723	0.02600	0.02575	0.04064	0.18461	0.03955	0.02746	0.03055	0.02157	0.01148	0.01047	0.00343	0.01123	0.01014	0.00731	0.01625
29	0.01543	0.01115	0.01457	0.01372	0.01629	0.01029	0.01029	0.02058	0.03086	0.04372	0.54304	0.08145	0.10288	0.02229	0.01286	0.00343	0.00514	0.01972	0.01200	0.01029
30	0.02518	0.02377	0.03875	0.21102	0.35510	0.02556	0.03073	0.03463	0.08092	0.03454	0.02288	0.02913	0.01830	0.01063	0.01086	0.00340	0.01292	0.01000	0.00588	0.01580
31	0.04514	0.01772	0.02409	0.01876	0.02653	0.01538	0.01538	0.04946	0.03117	0.49845	0.09949	0.04212	0.03556	0.01449	0.01118	0.00338	0.00881	0.01195	0.01333	0.01762
32	0.01328	0.00949	0.01265	0.01518	0.01581	0.00886	0.01012	0.01518	0.02088	0.02783	0.06010	0.60969	0.07212	0.03416	0.01392	0.00443	0.00633	0.03100	0.01012	0.00886
33	0.01903	0.01185	0.01485	0.01370	0.01651	0.01088	0.00995	0.02275	0.02713	0.09539	0.33455	0.07680	0.12760	0.14624	0.02157	0.00494	0.00679	0.01827	0.01084	0.01034
34	0.02059	0.01938	0.03270	0.59060	0.07510	0.02422	0.03028	0.02786	0.02180	0.02786	0.01938	0.02907	0.01453	0.01090	0.01090	0.00363	0.01453	0.00969	0.00484	0.01211
35	0.02899	0.03218	0.03723	0.24400	0.17339	0.20168	0.06368	0.03477	0.02575	0.02986	0.01903	0.02557	0.01518	0.01060	0.01068	0.00328	0.01610	0.00907	0.00528	0.01371
36	0.02198	0.03347	0.21765	0.31020	0.10414	0.02501	0.07240	0.03119	0.02279	0.03138	0.01975	0.02684	0.01468	0.01048	0.01086	0.00354	0.01525	0.00939	0.00486	0.01413
37	0.03155	0.04130	0.31256	0.02687	0.03930	0.02501	0.02993	0.12684	0.06608	0.15247	0.02753	0.02785	0.01886	0.01184	0.01064	0.00342	0.01338	0.00930	0.00810	0.01716
38	0.33607	0.28048	0.09493	0.01806	0.02696	0.03248	0.01793	0.03258	0.02059	0.03743	0.01567	0.01822	0.01296	0.00981	0.00726	0.00294	0.01067	0.00612	0.00562	0.01322

[dist]
# distance from previous block
# <min> <max>
0	27

[block]
# block no. 3 follows, 12 sequences, length 71
# corresponding to MSA columns:
# 1453-1523
name=unknown_D
#
# <colnr> <probs for GDERKNQSTAVLIFYWHMCP>
#	G	D	E	R	K	N	Q	S	T	A	V	L	I	F	Y	W	H	M	C	P
0	0.02820	0.02058	0.03409	0.08858	0.21945	0.02008	0.07118	0.03422	0.02745	0.14770	0.15036	0.04260	0.03951	0.01358	0.01154	0.00339	0.01098	0.01269	0.00866	0.01516
1	0.02331	0.12466	0.43017	0.03149	0.04607	0.02788	0.10028	0.03434	0.02327	0.03346	0.01934	0.02317	0.01420	0.01007	0.01027	0.00334	0.01585	0.00842	0.00473	0.01566
2	0.20613	0.02148	0.02760	0.02699	0.10717	0.02203	0.05855	0.09770	0.02714	0.13691	0.03339	0.03749	0.06666	0.06813	0.01423	0.00405	0.01054	0.01097	0.00851	0.01433
3	0.01356	0.01005	0.01267	0.01418	0.01569	0.00915	0.00981	0.01615	0.02324	0.03074	0.14850	0.43070	0.16358	0.03102	0.01356	0.00413	0.00599	0.02769	0.01043	0.00915
4	0.02261	0.01938	0.02261	0.01615	0.02584	0.01453	0.01292	0.02745	0.02261	0.03553	0.01938	0.02261	0.01615	0.00807	0.00807	0.00161	0.00807	0.00646	0.00646	0.68346
5	0.08736	0.23426	0.04030	0.02203	0.03089	0.03044	0.06603	0.10186	0.06458	0.12663	0.02456	0.02534	0.01848	0.01087	0.00915	0.00289	0.01116	0.00847	0.00788	0.07684
6	0.03905	0.02318	0.02697	0.02468	0.07389	0.07024	0.01796	0.13192	0.03355	0.28215	0.07925	0.08307	0.03346	0.01531	0.01124	0.00338	0.01048	0.01265	0.01116	0.01640
7	0.01876	0.01188	0.01564	0.01428	0.01744	0.01086	0.01086	0.02381	0.03090	0.09464	0.49337	0.07704	0.09534	0.02142	0.01267	0.00342	0.00555	0.01885	0.01215	0.01111
8	0.02270	0.04156	0.32295	0.15223	0.09715	0.02553	0.11766	0.03313	0.02339	0.03331	0.02003	0.02570	0.01472	0.01022	0.01094	0.00351	0.01591	0.00936	0.00488	0.01515
9	0.01809	0.01140	0.01433	0.01383	0.01672	0.01038	0.01027	0.02223	0.02757	0.08423	0.30869	0.17443	0.14317	0.02359	0.01244	0.00357	0.00577	0.02065	0.06801	0.01060
10	0.01531	0.01108	0.01408	0.01352	0.01567	0.01055	0.00977	0.01924	0.02654	0.03694	0.37221	0.07815	0.12105	0.13294	0.07027	0.00596	0.00827	0.01859	0.01035	0.00950
11	0.01936	0.02693	0.18903	0.02062	0.02774	0.01712	0.02094	0.06338	0.02782	0.03962	0.24429	0.09951	0.05787	0.02470	0.06770	0.00491	0.01165	0.01540	0.00880	0.01261
12	0.69383	0.02109	0.01603	0.01434	0.02109	0.02446	0.01181	0.03205	0.01856	0.04892	0.01518	0.01771	0.01181	0.01012	0.00675	0.00337	0.00843	0.00590	0.00675	0.01181
13	0.02915	0.62337	0.05714	0.01866	0.02799	0.04314	0.01866	0.03265	0.02215	0.02565	0.01516	0.01749	0.01399	0.00933	0.00700	0.00233	0.01166	0.00583	0.00466	0.01399
14	0.01509	0.01113	0.01410	0.01336	0.01608	0.01014	0.01002	0.01992	0.03006	0.04182	0.48517	0.08459	0.16195	0.02300	0.01286	0.00346	0.00519	0.02016	0.01175	0.01014
15	0.36739	0.02366	0.02253	0.01874	0.02611	0.02646	0.01532	0.16513	0.09680	0.10414	0.02477	0.02496	0.01798	0.01187	0.00885	0.00339	0.00949	0.00830	0.00910	0.01500
16	0.02736	0.48409	0.18074	0.02171	0.03270	0.03877	0.02397	0.03311	0.02237	0.02783	0.01624	0.01885	0.01395	0.00958	0.00782	0.00261	0.01275	0.00638	0.00465	0.01451
17	0.02360	0.01510	0.02218	0.02564	0.10300	0.01468	0.01771	0.02832	0.02575	0.12446	0.11173	0.12430	0.05221	0.02853	0.06877	0.00543	0.01127	0.17500	0.00978	0.01253
18	0.08692	0.12605	0.08580	0.04044	0.21665	0.02806	0.09049	0.06488	0.02621	0.10073	0.02241	0.02583	0.01716	0.01034	0.01010	0.00320	0.01283	0.00920	0.00667	0.01607
19	0.03217	0.11826	0.02850	0.01935	0.02612	0.02355	0.01595	0.04610	0.21069	0.19825	0.12223	0.04258	0.03979	0.01475	0.01068	0.00333	0.00874	0.01208	0.01093	0.01596
20	0.01749	0.01062	0.01192	0.01224	0.01479	0.01014	0.00930	0.02194	0.02451	0.03755	0.13461	0.11544	0.12712	0.02008	0.01054	0.00326	0.00572	0.05819	0.34463	0.00991
21	0.02519	0.02993	0.09225	0.22322	0.13598	0.07233	0.19705	0.03310	0.02451	0.03200	0.02029	0.02753	0.01555	0.01010	0.01143	0.00350	0.01620	0.01042	0.00521	0.01421
22	0.02455	0.03365	0.17294	0.11487	0.14360	0.06902	0.07680	0.03558	0.09163	0.03410	0.02668	0.07956	0.02267	0.01298	0.01114	0.00353	0.01392	0.01161	0.00633	0.01486
23	0.04892	0.01856	0.02530	0.01940	0.02783	0.01603	0.01603	0.05314	0.03121	0.55634	0.04302	0.03711	0.02699	0.01350	0.01096	0.00337	0.00928	0.01096	0.01350	0.01856
24	0.01540	0.01147	0.01453	0.01468	0.01748	0.01060	0.01162	0.01999	0.02815	0.03790	0.33032	0.09670	0.18965	0.02536	0.01340	0.00387	0.00642	0.13136	0.01111	0.00999
25	0.08454	0.02221	0.03521	0.12597	0.13844	0.02269	0.11096	0.07554	0.02761	0.10805	0.06904	0.03860	0.06692	0.01303	0.01120	0.00347	0.01207	0.01195	0.00788	0.01461
26	0.60309	0.01983	0.01623	0.01476	0.02087	0.02301	0.01205	0.03037	0.01842	0.04576	0.01706	0.02107	0.01388	0.01971	0.08258	0.00527	0.01121	0.00668	0.00663	0.01153
27	0.02036	0.01205	0.01561	0.01415	0.01751	0.01104	0.01081	0.02537	0.03018	0.11202	0.42965	0.07178	0.08586	0.02024	0.01213	0.00334	0.00569	0.01767	0.07315	0.01138
28	0.03696	0.22266	0.03835	0.02355	0.03101	0.25073	0.01953	0.09951	0.06694	0.08141	0.02187	0.02291	0.01717	0.01133	0.00927	0.00283	0.01447	0.00774	0.00709	0.01466
29	0.02699	0.02591	0.04426	0.06693	0.54879	0.02591	0.03346	0.03346	0.02483	0.03562	0.02051	0.02699	0.01727	0.00972	0.01079	0.00324	0.01295	0.00972	0.00540	0.01727
30	0.01500	0.01113	0.01397	0.01326	0.01602	0.01010	0.00995	0.01973	0.02984	0.04129	0.46915	0.08546	0.17829	0.02320	0.01286	0.00347	0.00521	0.02028	0.01168	0.01010
31	0.01410	0.01121	0.01273	0.01270	0.01593	0.00984	0.00975	0.01780	0.02672	0.03414	0.23870	0.09936	0.36443	0.02621	0.01308	0.00373	0.00582	0.06344	0.01069	0.00961
32	0.01612	0.01124	0.01532	0.01532	0.01681	0.01248	0.01119	0.01911	0.01762	0.02574	0.03119	0.05010	0.03057	0.21520	0.38153	0.01421	0.02192	0.01263	0.07274	0.00896
33	0.01994	0.01024	0.01051	0.01044	0.01299	0.01017	0.00783	0.02502	0.02350	0.04089	0.07576	0.04388	0.03388	0.01346	0.00804	0.00261	0.00509	0.01092	0.62465	0.01017
34	0.04818	0.01975	0.02604	0.01996	0.02843	0.01779	0.01649	0.09876	0.03320	0.50791	0.04134	0.03603	0.02615	0.01345	0.01096	0.00336	0.00955	0.01085	0.01324	0.01855
35	0.20626	0.02140	0.02696	0.24699	0.04585	0.02427	0.02133	0.10843	0.02722	0.13643	0.02365	0.02710	0.01672	0.01151	0.00982	0.00346	0.01157	0.00895	0.00787	0.01420
36	0.04892	0.01856	0.02530	0.01940	0.02783	0.01603	0.01603	0.05314	0.03121	0.55634	0.04302	0.03711	0.02699	0.01350	0.01096	0.00337	0.00928	0.01096	0.01350	0.01856
37	0.02560	0.02444	0.03553	0.36405	0.18935	0.06547	0.02955	0.07482	0.02594	0.03350	0.02011	0.02759	0.01557	0.01082	0.01080	0.00344	0.01427	0.00951	0.00560	0.01406
38	0.03445	0.02706	0.02878	0.02367	0.03115	0.03054	0.01903	0.29035	0.28475	0.05743	0.03507	0.03326	0.02575	0.01392	0.01100	0.00348	0.01035	0.01104	0.01100	0.01792
39	0.02862	0.02117	0.02305	0.01963	0.02516	0.02301	0.01516	0.17553	0.20119	0.07534	0.07559	0.04942	0.07487	0.12040	0.01901	0.00473	0.00950	0.01348	0.01038	0.01475
40	0.01828	0.01327	0.01546	0.01523	0.01757	0.01319	0.01092	0.08307	0.02532	0.03337	0.09536	0.21138	0.13177	0.19590	0.02528	0.00589	0.00841	0.06118	0.00937	0.00978
41	0.02837	0.02194	0.02358	0.02070	0.02695	0.02430	0.01624	0.09043	0.37678	0.09085	0.05155	0.04773	0.09985	0.01625	0.01131	0.00363	0.00856	0.01342	0.01116	0.01641
42	0.14798	0.02907	0.09847	0.02252	0.03183	0.02612	0.02055	0.24000	0.03646	0.19857	0.02824	0.02745	0.01919	0.01235	0.01017	0.00334	0.01120	0.00926	0.01011	0.01712
43	0.02727	0.47674	0.18727	0.02187	0.03295	0.03853	0.02425	0.03314	0.02238	0.02795	0.01630	0.01892	0.01395	0.00959	0.00787	0.00262	0.01281	0.00641	0.00465	0.01454
44	0.01357	0.00971	0.01291	0.01499	0.01588	0.00905	0.01014	0.01590	0.02221	0.02996	0.12471	0.53902	0.07623	0.03257	0.01378	0.00429	0.00617	0.02949	0.01037	0.00905
45	0.02490	0.01752	0.02155	0.02396	0.09101	0.06143	0.01542	0.02801	0.02295	0.12697	0.03913	0.20387	0.03925	0.11095	0.11513	0.00702	0.01343	0.01698	0.00853	0.01198
46	0.03284	0.03295	0.03096	0.27798	0.05139	0.25358	0.02450	0.03782	0.02688	0.09807	0.02148	0.02620	0.01600	0.01139	0.01046	0.00325	0.01598	0.00874	0.00633	0.01320
47	0.01543	0.01115	0.01457	0.01372	0.01629	0.01029	0.01029	0.02058	0.03086	0.04372	0.54304	0.08145	0.10288	0.02229	0.01286	0.00343	0.00514	0.01972	0.01200	0.01029
48	0.02664	0.25309	0.33931	0.02575	0.03884	0.03084	0.03068	0.03539	0.02338	0.07403	0.01993	0.02222	0.01495	0.01025	0.00922	0.00305	0.01399	0.00751	0.00535	0.01557
49	0.08367	0.29584	0.15519	0.02138	0.03107	0.03266	0.02212	0.07643	0.06231	0.03651	0.06759	0.02704	0.02372	0.01154	0.00889	0.00295	0.01157	0.00842	0.00652	0.01457
50	0.02328	0.10921	0.12879	0.17499	0.04636	0.07120	0.09982	0.03020	0.02426	0.03129	0.07479	0.08412	0.02866	0.01362	0.01097	0.00342	0.01377	0.01210	0.00614	0.01303
51	0.69383	0.02109	0.01603	0.01434	0.02109	0.02446	0.01181	0.03205	0.01856	0.04892	0.01518	0.01771	0.01181	0.01012	0.00675	0.00337	0.00843	0.00590	0.00675	0.01181
52	0.01543	0.01115	0.01457	0.01372	0.01629	0.01029	0.01029	0.02058	0.03086	0.04372	0.54304	0.08145	0.10288	0.02229	0.01286	0.00343	0.00514	0.01972	0.01200	0.01029
53	0.02449	0.01941	0.03070	0.17626	0.12074	0.02019	0.06714	0.05850	0.02642	0.08585	0.04248	0.05850	0.09723	0.01706	0.01218	0.00381	0.01186	0.10584	0.00797	0.01337
54	0.03364	0.04051	0.02830	0.10085	0.03622	0.40178	0.02043	0.03745	0.02968	0.02980	0.10867	0.03166	0.02955	0.01311	0.01050	0.00303	0.01645	0.00959	0.00662	0.01216
55	0.02400	0.01298	0.01722	0.01651	0.02026	0.01180	0.01294	0.02791	0.02706	0.17286	0.17224	0.20241	0.10565	0.02461	0.01301	0.00396	0.00745	0.10370	0.01144	0.01201
56	0.02766	0.01448	0.01848	0.01594	0.02070	0.01355	0.01248	0.03467	0.07248	0.20871	0.29323	0.05997	0.06567	0.01794	0.01162	0.00335	0.00677	0.01540	0.07336	0.01353
57	0.02968	0.02397	0.03677	0.04899	0.35029	0.02413	0.02680	0.10752	0.03030	0.08952	0.09335	0.03508	0.02981	0.01226	0.01110	0.00328	0.01142	0.01118	0.00787	0.01665
58	0.04088	0.02232	0.09454	0.01954	0.02809	0.01636	0.01797	0.04637	0.02882	0.40688	0.03873	0.03577	0.02538	0.01295	0.01037	0.00326	0.00954	0.01045	0.11484	0.01693
59	0.01560	0.01100	0.01462	0.01668	0.01800	0.01076	0.01267	0.01848	0.02176	0.02866	0.05434	0.30175	0.06212	0.13970	0.02206	0.00581	0.00870	0.21889	0.00944	0.00895
60	0.02492	0.02774	0.05969	0.04339	0.05357	0.02608	0.46036	0.03370	0.02567	0.03470	0.02560	0.03871	0.02113	0.01127	0.01309	0.00381	0.01755	0.05881	0.00596	0.01424
61	0.02915	0.62337	0.05714	0.01866	0.02799	0.04314	0.01866	0.03265	0.02215	0.02565	0.01516	0.01749	0.01399	0.00933	0.00700	0.00233	0.01166	0.00583	0.00466	0.01399
62	0.01865	0.03176	0.25978	0.02391	0.03226	0.01870	0.02605	0.02661	0.02099	0.03041	0.02872	0.04472	0.02601	0.04299	0.24750	0.00957	0.02080	0.07210	0.00585	0.01262
63	0.02285	0.02139	0.02278	0.14118	0.03369	0.11344	0.01789	0.06614	0.02467	0.03039	0.03376	0.16768	0.03475	0.08392	0.10263	0.00650	0.01502	0.04301	0.00729	0.01103
64	0.02763	0.03112	0.03148	0.02686	0.03085	0.21690	0.08415	0.03112	0.02364	0.02739	0.02746	0.03536	0.06264	0.06265	0.08572	0.00571	0.16083	0.01091	0.00587	0.01171
65	0.02595	0.01995	0.02821	0.29512	0.05037	0.02297	0.02375	0.07798	0.11540	0.08786	0.03267	0.04617	0.02688	0.01501	0.01158	0.00380	0.01205	0.08222	0.00815	0.01391
66	0.01848	0.01640	0.02633	0.25779	0.04497	0.01828	0.06138	0.02552	0.06192	0.02985	0.03868	0.27383	0.04037	0.02083	0.01235	0.00398	0.01095	0.01912	0.00761	0.01137
67	0.04843	0.01935	0.02580	0.01978	0.02823	0.01720	0.01634	0.08358	0.03254	0.52403	0.04190	0.03639	0.02643	0.01347	0.01096	0.00337	0.00946	0.01089	0.01332	0.01856
68	0.03386	0.02491	0.07505	0.12943	0.10248	0.02326	0.02376	0.12157	0.07337	0.19572	0.03218	0.03687	0.02371	0.01335	0.01113	0.00352	0.01170	0.03835	0.00935	0.01641
69	0.02199	0.01968	0.03142	0.49745	0.06738	0.02399	0.02845	0.06579	0.02442	0.03150	0.02317	0.03680	0.01894	0.01270	0.01125	0.00372	0.01395	0.04918	0.00577	0.01245
70	0.02470	0.07315	0.03739	0.38433	0.06139	0.02747	0.07489	0.08753	0.05928	0.03432	0.02174	0.02855	0.01640	0.01111	0.01078	0.00349	0.01399	0.00987	0.00602	0.01362

[dist]
# distance from previous block
# <min> <max>
0	10

[block]
# block no. 4 follows, 12 sequences, length 17
# corresponding to MSA columns:
# 1546-1562
name=unknown_E
#
# <colnr> <probs for GDERKNQSTAVLIFYWHMCP>
#	G	D	E	R	K	N	Q	S	T	A	V	L	I	F	Y	W	H	M	C	P
0	0.10447	0.02521	0.06824	0.06806	0.15229	0.02354	0.02295	0.10471	0.06665	0.21056	0.02964	0.03006	0.02079	0.01193	0.01044	0.00338	0.01117	0.00981	0.00922	0.01688
1	0.37999	0.02204	0.02727	0.02870	0.13382	0.02315	0.06789	0.03113	0.02113	0.04211	0.02026	0.05908	0.01769	0.01128	0.00880	0.00328	0.01023	0.00907	0.00653	0.07654
2	0.01910	0.01629	0.02480	0.22586	0.04027	0.01817	0.05609	0.02542	0.06543	0.02756	0.03152	0.10582	0.03151	0.23451	0.02765	0.00626	0.01201	0.01464	0.00665	0.01043
3	0.04076	0.03374	0.03158	0.02545	0.03279	0.15607	0.02055	0.32094	0.04194	0.10651	0.02490	0.02564	0.01807	0.01315	0.01250	0.00329	0.05665	0.00927	0.00951	0.01670
4	0.03134	0.02650	0.03279	0.02480	0.03343	0.07221	0.09895	0.17082	0.03334	0.07900	0.06434	0.03009	0.02426	0.01146	0.01042	0.00280	0.01182	0.00989	0.00840	0.22333
5	0.03350	0.02611	0.03441	0.04265	0.26796	0.07555	0.02478	0.04419	0.13255	0.15993	0.03048	0.03156	0.02262	0.01182	0.01081	0.00333	0.01181	0.01030	0.00853	0.01713
6	0.13114	0.02465	0.02728	0.02149	0.02962	0.02606	0.01765	0.25446	0.08313	0.22529	0.03189	0.02995	0.02175	0.01297	0.01038	0.00336	0.01031	0.00989	0.01122	0.01752
7	0.02699	0.02591	0.04426	0.06693	0.54879	0.02591	0.03346	0.03346	0.02483	0.03562	0.02051	0.02699	0.01727	0.00972	0.01079	0.00324	0.01295	0.00972	0.00540	0.01727
8	0.02064	0.01890	0.03205	0.17418	0.19539	0.01966	0.06723	0.02634	0.02410	0.03301	0.10083	0.16658	0.04062	0.01719	0.01199	0.00367	0.01127	0.01616	0.00724	0.01292
9	0.02086	0.03491	0.27547	0.03159	0.10550	0.02035	0.03037	0.02966	0.02409	0.03393	0.03480	0.06313	0.03365	0.01809	0.01228	0.00404	0.01328	0.19327	0.00686	0.01387
10	0.01365	0.00977	0.01298	0.01493	0.01590	0.00910	0.01015	0.01611	0.02259	0.03056	0.14295	0.51907	0.07739	0.03212	0.01374	0.00426	0.00612	0.02906	0.01044	0.00910
11	0.03925	0.01942	0.02440	0.02008	0.02724	0.01920	0.01619	0.05156	0.18207	0.35234	0.04218	0.03872	0.02894	0.02006	0.06183	0.00475	0.01088	0.01145	0.01207	0.01736
12	0.03248	0.36095	0.11685	0.02244	0.03200	0.12034	0.02197	0.07940	0.02691	0.06873	0.01900	0.02076	0.01531	0.01040	0.00853	0.00272	0.01337	0.00704	0.00600	0.01481
13	0.02034	0.01165	0.01371	0.01291	0.01405	0.01131	0.00788	0.02091	0.01794	0.09375	0.03553	0.06671	0.03792	0.53496	0.04946	0.00959	0.01040	0.01519	0.00754	0.00823
14	0.10138	0.02902	0.03077	0.10885	0.14700	0.14683	0.02256	0.10289	0.02997	0.08638	0.06877	0.03036	0.02436	0.01221	0.01039	0.00324	0.01303	0.00974	0.00761	0.01464
15	0.03099	0.03144	0.03726	0.04121	0.20766	0.15780	0.06228	0.09543	0.02782	0.03511	0.01951	0.02537	0.01633	0.01398	0.01666	0.05689	0.09451	0.00928	0.00603	0.01441
16	0.02117	0.01944	0.07638	0.13506	0.03302	0.01598	0.01733	0.02547	0.02087	0.06958	0.02984	0.09602	0.02914	0.20406	0.02465	0.00546	0.01096	0.01293	0.00688	0.14574

[dist]
# distance from previous block
# <min> <max>
24	62

[block]
# block no. 5 follows, 12 sequences, length 18
# corresponding to MSA columns:
# 1673-1683,1719-1725
name=unknown_F
#
# <colnr> <probs for GDERKNQSTAVLIFYWHMCP>
#	G	D	E	R	K	N	Q	S	T	A	V	L	I	F	Y	W	H	M	C	P
0	0.02141	0.01723	0.02011	0.06851	0.02661	0.01851	0.01489	0.09453	0.15998	0.03928	0.08749	0.20820	0.13451	0.02228	0.01226	0.00382	0.00820	0.01924	0.01014	0.01280
1	0.01669	0.01120	0.01405	0.06347	0.01780	0.01163	0.00909	0.01670	0.01616	0.02144	0.03096	0.06249	0.03465	0.48564	0.04982	0.09993	0.01077	0.01446	0.00620	0.00684
2	0.09076	0.04248	0.22805	0.02668	0.03729	0.11980	0.02707	0.17952	0.06864	0.04544	0.02247	0.02419	0.01648	0.01161	0.01017	0.00330	0.01427	0.00852	0.00730	0.01595
3	0.69383	0.02109	0.01603	0.01434	0.02109	0.02446	0.01181	0.03205	0.01856	0.04892	0.01518	0.01771	0.01181	0.01012	0.00675	0.00337	0.00843	0.00590	0.00675	0.01181
4	0.02604	0.02013	0.01987	0.01813	0.02172	0.09605	0.01330	0.03335	0.10959	0.10509	0.07256	0.04983	0.03582	0.20720	0.11629	0.00783	0.01400	0.01289	0.00850	0.01180
5	0.01443	0.01052	0.01358	0.01405	0.01599	0.00967	0.01007	0.01818	0.02667	0.03668	0.32901	0.27960	0.12675	0.02713	0.01325	0.00382	0.00561	0.02417	0.01115	0.00967
6	0.02104	0.01808	0.01877	0.01843	0.02135	0.07098	0.01400	0.02999	0.13065	0.03198	0.08377	0.06772	0.04456	0.17378	0.10137	0.00747	0.01307	0.11343	0.00858	0.01099
7	0.03654	0.02550	0.03097	0.02392	0.03243	0.02631	0.05529	0.24595	0.12728	0.14679	0.03129	0.03054	0.02225	0.01250	0.01072	0.00318	0.01086	0.01026	0.01041	0.10702
8	0.02184	0.02065	0.03495	0.48861	0.16736	0.02455	0.03090	0.02895	0.02239	0.02937	0.01960	0.02866	0.01507	0.01067	0.01088	0.00356	0.01423	0.00969	0.00495	0.01312
9	0.33210	0.02462	0.02122	0.01908	0.02546	0.06914	0.01508	0.04500	0.25692	0.04562	0.02889	0.02855	0.02197	0.01238	0.00901	0.00348	0.00941	0.00898	0.00868	0.01441
10	0.45421	0.02015	0.01947	0.01622	0.02359	0.02133	0.01338	0.03989	0.02326	0.23745	0.02552	0.02492	0.01745	0.01138	0.00831	0.00337	0.00875	0.00778	0.00925	0.01432
11	0.01750	0.01459	0.01927	0.02291	0.10632	0.01408	0.01426	0.02429	0.07638	0.03623	0.21385	0.14672	0.20637	0.02260	0.01249	0.00363	0.00707	0.01979	0.01000	0.01164
12	0.04892	0.01856	0.02530	0.01940	0.02783	0.01603	0.01603	0.05314	0.03121	0.55634	0.04302	0.03711	0.02699	0.01350	0.01096	0.00337	0.00928	0.01096	0.01350	0.01856
13	0.02359	0.04489	0.35819	0.03380	0.04725	0.02615	0.16051	0.03777	0.09147	0.03612	0.02354	0.02706	0.01714	0.01065	0.01112	0.00354	0.01571	0.00989	0.00571	0.01590
14	0.01767	0.01156	0.01468	0.01398	0.01698	0.01042	0.01044	0.02191	0.02858	0.08429	0.36383	0.15210	0.16420	0.02398	0.01284	0.00360	0.00573	0.02100	0.01158	0.01065
15	0.38666	0.02287	0.02089	0.01746	0.02445	0.02552	0.01429	0.18892	0.03023	0.05287	0.03158	0.03219	0.08532	0.01345	0.00895	0.00338	0.00922	0.00949	0.00858	0.01369
16	0.04135	0.02253	0.02645	0.02083	0.02859	0.02294	0.01703	0.21538	0.08720	0.28186	0.03642	0.03389	0.02468	0.01340	0.01064	0.00329	0.00979	0.01061	0.07548	0.01762
17	0.03059	0.07861	0.03354	0.10804	0.07836	0.10760	0.05494	0.03568	0.02555	0.11720	0.02276	0.02584	0.01729	0.01018	0.00969	0.00272	0.01245	0.00841	0.00693	0.21362

[dist]
# distance from previous block
# <min> <max>
4	13

[block]
# block no. 6 follows, 12 sequences, length 26
# corresponding to MSA columns:
# 1756-1765,1769-1780,1782-1785
name=unknown_G
#
# <colnr> <probs for GDERKNQSTAVLIFYWHMCP>
#	G	D	E	R	K	N	Q	S	T	A	V	L	I	F	Y	W	H	M	C	P
0	0.02621	0.07717	0.02543	0.01881	0.02292	0.02041	0.01550	0.02997	0.02577	0.15330	0.18665	0.05396	0.11520	0.01892	0.01747	0.00367	0.15198	0.01427	0.00958	0.01281
1	0.02984	0.18566	0.03707	0.21706	0.04439	0.02903	0.02208	0.11894	0.02907	0.10215	0.06226	0.03038	0.02339	0.01206	0.00999	0.00316	0.01192	0.00958	0.00752	0.01445
2	0.01727	0.01324	0.01580	0.01650	0.01848	0.01395	0.01152	0.02608	0.14450	0.03090	0.04980	0.34085	0.05407	0.13100	0.05809	0.00617	0.00915	0.02255	0.00948	0.01060
3	0.17172	0.09695	0.02868	0.06247	0.03043	0.02499	0.01711	0.13629	0.03087	0.20689	0.06654	0.03120	0.02534	0.01267	0.00973	0.00325	0.01005	0.00962	0.00971	0.01549
4	0.29984	0.13277	0.02921	0.06214	0.02998	0.06610	0.01695	0.10150	0.06016	0.07904	0.02100	0.02271	0.01598	0.01107	0.00847	0.00318	0.01080	0.00757	0.00748	0.01404
5	0.02703	0.01870	0.02380	0.02483	0.09402	0.02074	0.01704	0.03810	0.14746	0.10372	0.03338	0.03580	0.02561	0.01388	0.01361	0.00336	0.09750	0.01064	0.23661	0.01420
6	0.02187	0.05640	0.56031	0.03108	0.04719	0.02532	0.04029	0.03453	0.02302	0.03453	0.01957	0.02302	0.01381	0.01036	0.01036	0.00345	0.01611	0.00806	0.00460	0.01611
7	0.54839	0.02052	0.01812	0.01548	0.02261	0.02256	0.01276	0.03681	0.02141	0.16335	0.02146	0.02209	0.01523	0.01088	0.00770	0.00337	0.00862	0.00705	0.00827	0.01333
8	0.01354	0.01000	0.01268	0.01427	0.01571	0.00913	0.00984	0.01608	0.02306	0.03052	0.14192	0.44506	0.15570	0.03126	0.01358	0.00415	0.00601	0.02795	0.01041	0.00913
9	0.01759	0.01363	0.01671	0.01654	0.01934	0.01421	0.01224	0.02775	0.14453	0.03767	0.23228	0.22017	0.06967	0.03012	0.07103	0.00525	0.00881	0.02039	0.01060	0.01147
10	0.01457	0.01057	0.01340	0.01481	0.01633	0.00994	0.01066	0.01726	0.02270	0.02994	0.12369	0.31905	0.13453	0.11061	0.01951	0.00514	0.00727	0.10117	0.00986	0.00898
11	0.02059	0.01938	0.03270	0.59060	0.07510	0.02422	0.03028	0.02786	0.02180	0.02786	0.01938	0.02907	0.01453	0.01090	0.01090	0.00363	0.01453	0.00969	0.00484	0.01211
12	0.02001	0.01166	0.01584	0.01589	0.01842	0.01101	0.01162	0.02326	0.02428	0.11920	0.15637	0.32348	0.06503	0.03468	0.08971	0.00583	0.00969	0.02260	0.01050	0.01090
13	0.02306	0.02050	0.03365	0.22349	0.27475	0.02205	0.02776	0.02946	0.02369	0.03327	0.02638	0.04113	0.02321	0.01297	0.01103	0.00352	0.01228	0.06821	0.07564	0.01397
14	0.52080	0.01928	0.01639	0.01440	0.02079	0.02145	0.01177	0.03379	0.02073	0.11148	0.02146	0.02328	0.01592	0.01090	0.00740	0.00326	0.00808	0.00712	0.09927	0.01243
15	0.02842	0.56668	0.10745	0.01990	0.02991	0.04136	0.02082	0.03284	0.02224	0.02654	0.01560	0.01804	0.01397	0.00943	0.00733	0.00244	0.01211	0.00605	0.00466	0.01420
16	0.44193	0.02486	0.08676	0.01775	0.02612	0.02238	0.01648	0.03784	0.02240	0.17894	0.02296	0.02342	0.01600	0.01103	0.00830	0.00338	0.00962	0.00749	0.00823	0.01410
17	0.02560	0.02544	0.04197	0.04932	0.28822	0.02910	0.07904	0.03071	0.02165	0.03177	0.01818	0.02598	0.01600	0.01343	0.02107	0.00390	0.24863	0.00997	0.00516	0.01485
18	0.02695	0.02438	0.03766	0.19612	0.11857	0.02580	0.10799	0.11864	0.07894	0.04011	0.02370	0.02868	0.01804	0.01087	0.01089	0.00328	0.01313	0.01012	0.00694	0.09919
19	0.01558	0.01168	0.01752	0.01752	0.01947	0.01363	0.01363	0.01947	0.01752	0.02531	0.02921	0.04283	0.02726	0.08178	0.57360	0.01752	0.02921	0.01168	0.00584	0.00974
20	0.03321	0.02189	0.02502	0.02083	0.02711	0.02311	0.01654	0.23892	0.10036	0.13800	0.09103	0.13895	0.04007	0.01806	0.01168	0.00356	0.00940	0.01511	0.01134	0.01581
21	0.01669	0.01048	0.01268	0.01279	0.01497	0.00996	0.00934	0.02117	0.02616	0.03955	0.27414	0.17135	0.07115	0.02134	0.01127	0.00332	0.00535	0.01866	0.23966	0.00996
22	0.01887	0.01442	0.01992	0.01729	0.02122	0.01384	0.06247	0.05901	0.02830	0.03945	0.23553	0.07260	0.14840	0.06096	0.01506	0.00396	0.00781	0.04864	0.10137	0.01090
23	0.01358	0.00972	0.01291	0.01498	0.01588	0.00905	0.01014	0.01592	0.02224	0.03001	0.12612	0.53747	0.07632	0.03254	0.01377	0.00429	0.00616	0.02946	0.01038	0.00905
24	0.02401	0.02747	0.12126	0.14001	0.07516	0.02420	0.02410	0.07486	0.19757	0.03894	0.04097	0.04196	0.09371	0.01450	0.01114	0.00358	0.01127	0.01213	0.00815	0.01502
25	0.02627	0.11189	0.12005	0.02877	0.03805	0.02915	0.13922	0.04539	0.26185	0.03863	0.03125	0.03212	0.02366	0.01203	0.01085	0.00347	0.01253	0.01092	0.00789	0.01602

[dist]
# distance from previous block
# <min> <max>
0	2

[block]
# block no. 7 follows, 12 sequences, length 30
# corresponding to MSA columns:
# 1788-1802,1810-1824
name=unknown_H
#
# <colnr> <probs for GDERKNQSTAVLIFYWHMCP>
#	G	D	E	R	K	N	Q	S	T	A	V	L	I	F	Y	W	H	M	C	P
0	0.02580	0.15773	0.10321	0.07431	0.03333	0.02744	0.02085	0.10454	0.12430	0.04104	0.13829	0.03890	0.03770	0.01402	0.01043	0.00324	0.01058	0.01133	0.00840	0.01457
1	0.23924	0.32412	0.13957	0.01964	0.02944	0.03382	0.02058	0.03282	0.02117	0.03474	0.01600	0.01861	0.01326	0.00978	0.00756	0.00288	0.01148	0.00628	0.00532	0.01370
2	0.69383	0.02109	0.01603	0.01434	0.02109	0.02446	0.01181	0.03205	0.01856	0.04892	0.01518	0.01771	0.01181	0.01012	0.00675	0.00337	0.00843	0.00590	0.00675	0.01181
3	0.08748	0.03005	0.09880	0.10895	0.03705	0.09534	0.02302	0.10794	0.02671	0.03686	0.02795	0.03248	0.06499	0.01830	0.04740	0.00443	0.12223	0.01014	0.00661	0.01329
4	0.02608	0.02006	0.02909	0.21768	0.12684	0.02215	0.02316	0.03786	0.14687	0.10416	0.03398	0.10637	0.02852	0.01496	0.01132	0.00365	0.01109	0.01321	0.00828	0.01465
5	0.01572	0.01112	0.01467	0.01467	0.01563	0.01208	0.01007	0.01764	0.01668	0.02320	0.03182	0.05730	0.03354	0.35323	0.31073	0.01400	0.01975	0.01380	0.00623	0.00815
6	0.13757	0.01804	0.02184	0.18235	0.03666	0.02046	0.01763	0.03244	0.13844	0.03833	0.12118	0.04942	0.11176	0.01596	0.01083	0.00358	0.00929	0.01322	0.00853	0.01250
7	0.04355	0.01726	0.02312	0.01818	0.02524	0.01514	0.01450	0.04708	0.02871	0.46938	0.04161	0.04268	0.02905	0.11153	0.01820	0.00454	0.00949	0.01176	0.01238	0.01661
8	0.02693	0.02261	0.03120	0.34081	0.05576	0.02555	0.02491	0.16808	0.03045	0.04084	0.02135	0.02726	0.01594	0.01111	0.01048	0.00323	0.01283	0.00924	0.00684	0.11458
9	0.01568	0.01089	0.01250	0.01282	0.01363	0.01064	0.00822	0.01668	0.01823	0.02371	0.04751	0.08241	0.11012	0.46345	0.04466	0.00894	0.00983	0.07518	0.00751	0.00739
10	0.03343	0.02996	0.02770	0.09397	0.03547	0.18328	0.01873	0.08145	0.02893	0.11308	0.02281	0.02506	0.01717	0.01065	0.00965	0.00264	0.01288	0.00803	0.00748	0.23764
11	0.02842	0.02407	0.02539	0.02245	0.02885	0.02773	0.01757	0.09924	0.48567	0.04771	0.04272	0.03936	0.03194	0.01464	0.01108	0.00366	0.00894	0.01210	0.01108	0.01738
12	0.11390	0.02207	0.03009	0.23939	0.14061	0.02547	0.02433	0.03885	0.18037	0.03765	0.02683	0.03079	0.02053	0.01179	0.01039	0.00355	0.01158	0.01001	0.00715	0.01463
13	0.23004	0.02415	0.11285	0.01995	0.02594	0.02076	0.01869	0.02925	0.05618	0.03873	0.07722	0.11584	0.03660	0.01815	0.01297	0.00390	0.06443	0.07433	0.00783	0.01219
14	0.44299	0.02180	0.02466	0.12201	0.13916	0.02472	0.01938	0.03164	0.02040	0.04264	0.01699	0.02154	0.01339	0.01017	0.00828	0.00339	0.01039	0.00733	0.00615	0.01299
15	0.01709	0.01056	0.01531	0.01531	0.01614	0.01139	0.01086	0.01667	0.01584	0.02195	0.02538	0.04239	0.02526	0.13409	0.27098	0.30886	0.01804	0.01127	0.00546	0.00712
16	0.02461	0.02409	0.03700	0.03413	0.10058	0.07236	0.17195	0.07250	0.02716	0.03529	0.03575	0.18114	0.03624	0.01866	0.01269	0.00387	0.01319	0.07794	0.00772	0.01314
17	0.02448	0.02345	0.02295	0.02077	0.02510	0.09557	0.01615	0.03948	0.23917	0.03783	0.12771	0.05193	0.11614	0.01802	0.01470	0.00367	0.08568	0.01406	0.00954	0.01361
18	0.01638	0.01337	0.01996	0.01713	0.02062	0.01235	0.07283	0.02097	0.02723	0.03727	0.33851	0.07730	0.15519	0.10105	0.01857	0.00446	0.00761	0.01887	0.01015	0.01018
19	0.02324	0.02080	0.03271	0.51878	0.06985	0.02544	0.02907	0.08940	0.02554	0.03305	0.02024	0.02870	0.01504	0.01118	0.01090	0.00359	0.01421	0.00971	0.00561	0.01293
20	0.01407	0.01042	0.01328	0.01504	0.01674	0.00964	0.01098	0.01689	0.02313	0.03016	0.10702	0.38905	0.16729	0.03128	0.01382	0.00430	0.00668	0.10074	0.01025	0.00923
