[name]
unknown

[dist]
# distance from previous block
# <min> <max>
1	452

[block]
# block no. 0 follows, 13 sequences, length 14
# corresponding to MSA columns:
# 490-503
name=unknown_A
#
# <colnr> <probs for GDERKNQSTAVLIFYWHMCP>
#	G	D	E	R	K	N	Q	S	T	A	V	L	I	F	Y	W	H	M	C	P
0	0.01778	0.07576	0.01887	0.01495	0.01774	0.01531	0.01155	0.02309	0.05537	0.03083	0.11077	0.09660	0.04144	0.09761	0.20570	0.00839	0.01421	0.01371	0.12020	0.01013
1	0.06837	0.08345	0.02566	0.06911	0.02754	0.05944	0.01619	0.11036	0.02834	0.07232	0.13954	0.08795	0.03925	0.01597	0.01229	0.00329	0.05889	0.01258	0.05689	0.01257
2	0.13075	0.01710	0.06405	0.01610	0.02103	0.01418	0.01360	0.02880	0.02352	0.15387	0.09290	0.21866	0.04405	0.01932	0.01063	0.00350	0.00765	0.01643	0.09184	0.01202
3	0.01841	0.01665	0.07352	0.06607	0.02450	0.01292	0.01472	0.02373	0.02711	0.08445	0.30788	0.06996	0.17934	0.01985	0.01190	0.00339	0.00732	0.01706	0.01002	0.01120
4	0.02984	0.02460	0.08912	0.25601	0.08803	0.02289	0.06705	0.08358	0.02687	0.16926	0.02552	0.02916	0.01779	0.01114	0.01068	0.00338	0.01293	0.00981	0.00745	0.01489
5	0.20556	0.15156	0.02804	0.01799	0.02459	0.11141	0.01504	0.07667	0.02626	0.10734	0.06959	0.02780	0.02381	0.01174	0.00852	0.00291	0.01037	0.00835	0.05928	0.01317
6	0.01478	0.01000	0.01171	0.01230	0.01245	0.00985	0.00723	0.01522	0.01655	0.02206	0.03932	0.20201	0.04601	0.48527	0.04412	0.00882	0.00926	0.01891	0.00723	0.00693
7	0.23147	0.07738	0.07999	0.06998	0.06365	0.02551	0.01934	0.10861	0.02510	0.04098	0.02571	0.02842	0.06121	0.01213	0.01039	0.00319	0.04572	0.00874	0.00673	0.05575
8	0.02591	0.02497	0.11219	0.13285	0.03913	0.02207	0.06062	0.10141	0.02624	0.10483	0.03056	0.14925	0.02772	0.01645	0.01373	0.00369	0.07331	0.01379	0.00770	0.01358
9	0.01343	0.00962	0.01276	0.01435	0.01546	0.00895	0.00986	0.01610	0.02279	0.03105	0.18957	0.47866	0.07779	0.03009	0.01323	0.00404	0.00583	0.02718	0.01030	0.00895
10	0.07681	0.15807	0.03599	0.02217	0.03075	0.02859	0.06636	0.17705	0.07578	0.09135	0.02393	0.02494	0.01801	0.01076	0.00926	0.00282	0.01083	0.00852	0.00805	0.11996
11	0.14649	0.02501	0.09674	0.01985	0.02878	0.02056	0.01814	0.09158	0.07034	0.23926	0.02933	0.02821	0.02017	0.01145	0.00948	0.00305	0.00980	0.00881	0.00942	0.11354
12	0.11823	0.01783	0.02183	0.01799	0.02414	0.01715	0.06205	0.09044	0.02674	0.03891	0.08232	0.05918	0.19685	0.01748	0.01079	0.00323	0.00856	0.05315	0.00853	0.12459
13	0.07247	0.03110	0.16726	0.11677	0.12810	0.02471	0.02700	0.13926	0.02923	0.12754	0.02387	0.02637	0.01697	0.01106	0.01018	0.00329	0.01251	0.00900	0.00744	0.01586

[dist]
# distance from previous block
# <min> <max>
0	1

[block]
# block no. 1 follows, 13 sequences, length 26
# corresponding to MSA columns:
# 505-530
name=unknown_B
#
# <colnr> <probs for GDERKNQSTAVLIFYWHMCP>
#	G	D	E	R	K	N	Q	S	T	A	V	L	I	F	Y	W	H	M	C	P
0	0.02160	0.01662	0.02653	0.39874	0.05418	0.01924	0.02322	0.02745	0.02306	0.08932	0.08786	0.10696	0.03205	0.01486	0.01115	0.00357	0.01151	0.01316	0.00705	0.01186
1	0.07905	0.01883	0.02749	0.08776	0.12684	0.01921	0.06913	0.03110	0.08736	0.07526	0.08437	0.05277	0.14250	0.01596	0.01118	0.00349	0.00987	0.03646	0.00823	0.01312
2	0.02265	0.09058	0.04387	0.24561	0.11684	0.02553	0.18447	0.02936	0.02268	0.02987	0.02258	0.07608	0.01962	0.01161	0.01099	0.00341	0.01412	0.01168	0.00538	0.01310
3	0.01334	0.00945	0.01232	0.01423	0.01491	0.00889	0.00941	0.01519	0.02037	0.02735	0.09244	0.51395	0.06833	0.10459	0.01832	0.00495	0.00655	0.02746	0.00954	0.00843
4	0.02744	0.01597	0.01916	0.01684	0.02188	0.01563	0.01336	0.08321	0.09188	0.18106	0.12856	0.10181	0.12338	0.01919	0.01151	0.00350	0.00763	0.05116	0.05338	0.01345
5	0.02783	0.42135	0.04420	0.01865	0.02651	0.03529	0.01722	0.08857	0.08900	0.03389	0.08152	0.02775	0.02622	0.01154	0.00834	0.00265	0.01026	0.00839	0.00677	0.01403
6	0.22036	0.02482	0.08463	0.01973	0.02835	0.02182	0.01787	0.12852	0.02952	0.27944	0.02898	0.02750	0.01931	0.01179	0.00945	0.00326	0.00998	0.00879	0.00991	0.01596
7	0.01362	0.00995	0.01298	0.01514	0.01645	0.00931	0.01097	0.01614	0.02149	0.02806	0.06377	0.46309	0.12752	0.03161	0.01358	0.00431	0.00672	0.11662	0.00980	0.00885
8	0.02509	0.01501	0.01959	0.01623	0.02081	0.01500	0.06724	0.08895	0.02650	0.08616	0.03252	0.03621	0.02468	0.01205	0.00861	0.00274	0.00752	0.01017	0.47289	0.01201
9	0.03535	0.02732	0.03598	0.03124	0.09500	0.02990	0.07776	0.31899	0.03849	0.09183	0.02413	0.02634	0.01774	0.01263	0.01371	0.00340	0.08481	0.00989	0.00885	0.01665
10	0.11365	0.04318	0.02868	0.02521	0.03134	0.42027	0.01937	0.13126	0.03230	0.03587	0.01785	0.02003	0.01419	0.01111	0.00939	0.00287	0.01647	0.00719	0.00652	0.01323
11	0.01309	0.00936	0.01246	0.01458	0.01538	0.00873	0.00983	0.01525	0.02122	0.02854	0.10854	0.56683	0.07294	0.03196	0.01339	0.00420	0.00602	0.02896	0.01000	0.00873
12	0.10775	0.02547	0.02756	0.02216	0.02907	0.02864	0.01809	0.27617	0.13143	0.05235	0.02550	0.02648	0.01921	0.01286	0.01265	0.00327	0.07878	0.00919	0.00904	0.08433
13	0.02081	0.01274	0.01536	0.01404	0.01731	0.01247	0.01053	0.02804	0.08595	0.09868	0.29046	0.06130	0.06411	0.07927	0.01529	0.00389	0.00634	0.01525	0.13692	0.01126
14	0.01312	0.00939	0.01248	0.01456	0.01539	0.00875	0.00983	0.01532	0.02135	0.02876	0.11546	0.55929	0.07335	0.03180	0.01338	0.00418	0.00600	0.02880	0.01002	0.00875
15	0.07943	0.02431	0.02451	0.02010	0.02668	0.08048	0.01612	0.20370	0.07793	0.16276	0.09399	0.03521	0.03067	0.01360	0.01022	0.00315	0.01002	0.01062	0.06121	0.01528
16	0.03604	0.02192	0.02528	0.02084	0.02783	0.02307	0.01670	0.16785	0.21281	0.22753	0.03924	0.07300	0.02915	0.01474	0.01085	0.00342	0.00924	0.01209	0.01144	0.01694
17	0.03658	0.02509	0.02794	0.02202	0.02889	0.02732	0.01778	0.40197	0.04181	0.08903	0.02510	0.02730	0.01856	0.01719	0.01630	0.13148	0.01101	0.00953	0.00962	0.01549
18	0.25880	0.01610	0.01569	0.01406	0.01940	0.01651	0.01115	0.02952	0.06646	0.11199	0.10014	0.05614	0.21109	0.01751	0.01002	0.00341	0.00706	0.01380	0.00937	0.01179
19	0.07022	0.13169	0.02638	0.01824	0.02308	0.02222	0.01472	0.06831	0.08786	0.10917	0.03787	0.23365	0.03744	0.01955	0.01216	0.00355	0.04592	0.01613	0.00892	0.01291
20	0.02953	0.02555	0.09960	0.14276	0.09677	0.02325	0.08205	0.03842	0.07720	0.17387	0.02724	0.03000	0.01952	0.01205	0.01318	0.00352	0.07260	0.01013	0.00762	0.01516
21	0.02385	0.02913	0.21280	0.06601	0.03392	0.01883	0.02369	0.07910	0.02557	0.10471	0.03602	0.20046	0.03454	0.01848	0.01148	0.00370	0.01119	0.04492	0.00807	0.01352
22	0.01560	0.01421	0.05558	0.01604	0.01867	0.01182	0.01254	0.02164	0.07438	0.03189	0.10870	0.41280	0.06209	0.02664	0.01239	0.00391	0.00685	0.02381	0.06024	0.01019
23	0.11176	0.01874	0.02288	0.06201	0.02821	0.01892	0.01570	0.12876	0.03076	0.25561	0.09871	0.09556	0.03548	0.01551	0.01066	0.00338	0.00900	0.01277	0.01073	0.01484
24	0.10963	0.02581	0.12651	0.02009	0.02858	0.01999	0.01908	0.10266	0.05677	0.22505	0.07264	0.03949	0.07978	0.01409	0.01036	0.00332	0.00984	0.01120	0.00982	0.01529
25	0.19495	0.10423	0.13258	0.07115	0.03484	0.06820	0.05465	0.03117	0.02104	0.03404	0.01673	0.02108	0.01347	0.01064	0.01153	0.00314	0.08077	0.00740	0.00535	0.08304

[dist]
# distance from previous block
# <min> <max>
0	6

[block]
# block no. 2 follows, 13 sequences, length 40
# corresponding to MSA columns:
# 537-576
name=unknown_C
#
# <colnr> <probs for GDERKNQSTAVLIFYWHMCP>
#	G	D	E	R	K	N	Q	S	T	A	V	L	I	F	Y	W	H	M	C	P
0	0.07825	0.07444	0.16407	0.09092	0.16681	0.02588	0.10113	0.03326	0.02285	0.07490	0.02034	0.02503	0.01553	0.01047	0.01167	0.00334	0.05167	0.00902	0.00565	0.01478
1	0.29794	0.15324	0.07264	0.02124	0.02854	0.02850	0.06481	0.03240	0.02039	0.07761	0.01762	0.02089	0.01396	0.01110	0.01181	0.00329	0.09756	0.00739	0.00608	0.01299
2	0.03379	0.12973	0.15044	0.02252	0.03239	0.07671	0.02195	0.12200	0.02948	0.16924	0.02472	0.02501	0.01763	0.01091	0.00946	0.00287	0.01205	0.00819	0.00794	0.09298
3	0.02674	0.15970	0.18950	0.02127	0.03113	0.02371	0.02201	0.03493	0.06311	0.12002	0.02728	0.08067	0.02262	0.01246	0.00947	0.00292	0.01092	0.00996	0.00716	0.12440
4	0.09907	0.02539	0.11321	0.02046	0.02874	0.02055	0.01899	0.11724	0.07074	0.23386	0.10842	0.03683	0.03262	0.01356	0.01041	0.00330	0.00978	0.01087	0.01025	0.01570
5	0.02364	0.01382	0.01761	0.01607	0.02030	0.01308	0.01281	0.03061	0.07834	0.16136	0.27181	0.07340	0.11165	0.02056	0.01221	0.00359	0.00699	0.08837	0.01143	0.01235
6	0.03205	0.01786	0.02413	0.08767	0.06690	0.01782	0.01703	0.08142	0.06293	0.24819	0.08425	0.09494	0.03559	0.06316	0.01442	0.00395	0.00948	0.01336	0.01024	0.01460
7	0.08071	0.02747	0.08705	0.06909	0.04036	0.02533	0.17345	0.17525	0.02992	0.04265	0.02117	0.02597	0.01605	0.01274	0.01336	0.06531	0.01328	0.00969	0.00685	0.06430
8	0.02204	0.02115	0.02894	0.02540	0.02613	0.02859	0.02080	0.02691	0.06404	0.02718	0.02091	0.07020	0.02065	0.02394	0.07394	0.00547	0.46524	0.01119	0.00564	0.01165
9	0.01932	0.01791	0.02993	0.54916	0.06756	0.02213	0.02757	0.02589	0.02106	0.02701	0.02241	0.08250	0.01921	0.01264	0.01084	0.00359	0.01337	0.01129	0.00517	0.01146
10	0.03671	0.03575	0.11387	0.02677	0.03593	0.12363	0.06181	0.28993	0.03859	0.09754	0.02405	0.02505	0.01714	0.01173	0.01047	0.00316	0.01374	0.00913	0.00861	0.01637
11	0.04744	0.01799	0.02454	0.01881	0.02699	0.01554	0.01554	0.05153	0.03026	0.56979	0.04171	0.03599	0.02617	0.01309	0.01063	0.00327	0.00900	0.01063	0.01309	0.01799
12	0.01364	0.00986	0.01250	0.01364	0.01492	0.00915	0.00930	0.01612	0.02243	0.03018	0.18242	0.37694	0.11931	0.09738	0.01773	0.00467	0.00625	0.02498	0.00988	0.00871
13	0.02487	0.02457	0.04196	0.10451	0.30627	0.02653	0.10986	0.03257	0.05754	0.03283	0.02057	0.02713	0.01694	0.01131	0.01490	0.00353	0.11360	0.01006	0.00547	0.01498
14	0.04172	0.01876	0.02698	0.02079	0.02862	0.01701	0.06258	0.04831	0.06888	0.44109	0.03940	0.03580	0.02576	0.01274	0.01058	0.00327	0.00948	0.01085	0.06041	0.01697
15	0.01588	0.01247	0.01848	0.01803	0.01974	0.01507	0.01418	0.01952	0.01691	0.02463	0.02692	0.03976	0.02522	0.07341	0.53310	0.01580	0.08454	0.01113	0.00556	0.00965
16	0.02694	0.01621	0.01969	0.01684	0.02181	0.01594	0.01322	0.10375	0.07902	0.16672	0.25959	0.08600	0.09251	0.01858	0.01166	0.00338	0.00727	0.01585	0.01153	0.01348
17	0.07974	0.01425	0.01600	0.01531	0.01770	0.01581	0.01082	0.02688	0.13573	0.02927	0.03265	0.05118	0.03175	0.30268	0.16663	0.00972	0.01394	0.01277	0.00723	0.00993
18	0.01460	0.00993	0.01176	0.01252	0.01271	0.00974	0.00746	0.01517	0.01688	0.02251	0.04104	0.24022	0.04819	0.44409	0.04133	0.00841	0.00898	0.01992	0.00746	0.00708
19	0.01295	0.00969	0.01204	0.01365	0.01512	0.00878	0.00940	0.01523	0.02192	0.02856	0.10855	0.45506	0.18917	0.03071	0.01318	0.00405	0.00586	0.02736	0.00996	0.00878
20	0.07380	0.01946	0.02287	0.01921	0.02426	0.02116	0.01514	0.15239	0.07665	0.15459	0.03083	0.03806	0.02507	0.12648	0.10506	0.00659	0.05458	0.01098	0.00903	0.01378
21	0.01876	0.01616	0.05950	0.01832	0.01993	0.01597	0.01491	0.01913	0.01815	0.02582	0.11069	0.07836	0.03422	0.02760	0.03063	0.31281	0.15241	0.01223	0.00614	0.00826
22	0.01325	0.01012	0.01217	0.01297	0.01508	0.00904	0.00923	0.01615	0.02394	0.03127	0.19599	0.30751	0.24890	0.02811	0.01290	0.00381	0.00558	0.02469	0.01026	0.00904
23	0.02931	0.01720	0.02089	0.01808	0.02284	0.01796	0.01484	0.13371	0.03028	0.15765	0.08671	0.05155	0.03661	0.01673	0.01253	0.00343	0.05429	0.09040	0.17157	0.01342
24	0.10173	0.03213	0.20733	0.16493	0.08397	0.02419	0.07420	0.03275	0.02221	0.08320	0.02048	0.02529	0.01505	0.01090	0.01190	0.00347	0.05758	0.00886	0.00571	0.01412
25	0.07098	0.01822	0.02576	0.07417	0.02999	0.02058	0.06550	0.03109	0.10874	0.07476	0.07356	0.14144	0.03575	0.02267	0.05921	0.00483	0.10770	0.01458	0.00808	0.01237
26	0.03388	0.01648	0.02037	0.01691	0.02223	0.01592	0.01323	0.11665	0.02871	0.26413	0.03622	0.08163	0.02843	0.05976	0.01629	0.07040	0.00864	0.01200	0.12433	0.01380
27	0.02521	0.13819	0.24221	0.02627	0.03573	0.02628	0.07203	0.03226	0.02222	0.09121	0.02411	0.08166	0.02066	0.01359	0.01373	0.00345	0.10040	0.01056	0.00608	0.01414
28	0.03330	0.06689	0.07297	0.05879	0.12231	0.06543	0.05381	0.08521	0.02818	0.20127	0.03014	0.08359	0.02389	0.01325	0.01060	0.00326	0.01182	0.01136	0.00851	0.01544
29	0.02473	0.08173	0.30489	0.07170	0.04194	0.02449	0.07594	0.07753	0.02528	0.07233	0.02486	0.08221	0.02049	0.01260	0.01050	0.00337	0.01366	0.01072	0.00625	0.01475
30	0.03429	0.01856	0.02362	0.07528	0.02937	0.01865	0.01612	0.14993	0.03081	0.25791	0.03771	0.13434	0.03161	0.07363	0.01513	0.00410	0.00974	0.01396	0.01052	0.01472
31	0.02852	0.02307	0.08260	0.18240	0.15715	0.02102	0.02480	0.03680	0.07121	0.17009	0.03014	0.07566	0.02362	0.01298	0.01075	0.00342	0.01147	0.01138	0.00788	0.01503
32	0.09129	0.19842	0.16602	0.02419	0.06433	0.06768	0.02250	0.07512	0.02512	0.03498	0.05770	0.08046	0.02499	0.01294	0.00934	0.00306	0.01181	0.01004	0.00633	0.01366
33	0.03448	0.08154	0.07832	0.02229	0.06416	0.02080	0.01815	0.07803	0.06562	0.26135	0.03297	0.03488	0.02410	0.06759	0.01384	0.00375	0.01004	0.01018	0.06242	0.01549
34	0.08489	0.07552	0.03433	0.02413	0.03230	0.02065	0.12768	0.04167	0.02688	0.31596	0.03418	0.03890	0.02493	0.01304	0.01076	0.00339	0.01116	0.05424	0.00983	0.01555
35	0.20761	0.02066	0.02563	0.02544	0.11562	0.02027	0.01742	0.07321	0.02677	0.27210	0.02833	0.02777	0.01949	0.01121	0.00935	0.00311	0.00948	0.00877	0.00941	0.06835
36	0.03350	0.02343	0.06041	0.02482	0.07750	0.06253	0.01925	0.08690	0.06462	0.23015	0.08333	0.04860	0.03501	0.01564	0.01127	0.00348	0.01050	0.08369	0.01017	0.01522
37	0.12593	0.13967	0.11345	0.02230	0.03186	0.02499	0.06822	0.07089	0.02598	0.19434	0.02496	0.02543	0.01765	0.01064	0.00925	0.00300	0.01123	0.00841	0.00793	0.06387
38	0.02998	0.05973	0.02350	0.01697	0.02413	0.01859	0.01387	0.10068	0.06850	0.17652	0.04319	0.04176	0.11146	0.01394	0.00982	0.00283	0.00828	0.01119	0.06244	0.16262
39	0.13172	0.01980	0.02606	0.02037	0.02765	0.01929	0.06125	0.11029	0.03079	0.28805	0.11811	0.03816	0.03405	0.01358	0.01052	0.00329	0.00941	0.01134	0.01085	0.01541

[dist]
# distance from previous block
# <min> <max>
14	33

[block]
# block no. 3 follows, 13 sequences, length 27
# corresponding to MSA columns:
# 610-636
name=unknown_D
#
# <colnr> <probs for GDERKNQSTAVLIFYWHMCP>
#	G	D	E	R	K	N	Q	S	T	A	V	L	I	F	Y	W	H	M	C	P
0	0.16675	0.07322	0.08053	0.01797	0.02338	0.01957	0.01594	0.07953	0.02438	0.03772	0.06828	0.22395	0.04157	0.02016	0.01077	0.00367	0.00895	0.06376	0.00826	0.01164
1	0.09064	0.01644	0.02025	0.01722	0.02277	0.01575	0.01357	0.08859	0.02915	0.26920	0.12516	0.16397	0.04527	0.01839	0.01118	0.00349	0.00795	0.01558	0.01132	0.01413
2	0.12065	0.02901	0.16320	0.02383	0.03327	0.02128	0.07202	0.09209	0.02744	0.21186	0.03011	0.07875	0.02293	0.01317	0.01038	0.00340	0.01147	0.01103	0.00875	0.01536
3	0.02118	0.01487	0.07008	0.01600	0.01881	0.01147	0.01300	0.02085	0.01885	0.08719	0.08318	0.08758	0.03209	0.02940	0.02914	0.41020	0.00908	0.01210	0.00678	0.00816
4	0.10681	0.29674	0.03948	0.05105	0.11332	0.02956	0.01899	0.03241	0.02249	0.09963	0.02350	0.08097	0.02103	0.01216	0.00868	0.00291	0.01046	0.00948	0.00651	0.01383
5	0.02090	0.01155	0.01586	0.01500	0.01598	0.01192	0.01045	0.07334	0.01794	0.02397	0.01918	0.03136	0.01832	0.03394	0.03776	0.61242	0.00947	0.00922	0.00529	0.00614
6	0.12940	0.20738	0.12277	0.01892	0.02768	0.02531	0.01867	0.03312	0.02196	0.12754	0.02105	0.02333	0.01618	0.01264	0.01150	0.07067	0.01056	0.00733	0.00654	0.08744
7	0.15947	0.08989	0.16295	0.02141	0.03111	0.02448	0.02145	0.09423	0.05945	0.19671	0.02664	0.02625	0.01848	0.01136	0.00935	0.00320	0.01097	0.00848	0.00846	0.01567
8	0.02021	0.02059	0.03725	0.02837	0.03553	0.01948	0.25667	0.02909	0.08251	0.03404	0.09772	0.05776	0.20035	0.01639	0.01229	0.00355	0.01164	0.01617	0.00794	0.01244
9	0.01794	0.01519	0.02377	0.33641	0.04758	0.01768	0.02154	0.02301	0.02095	0.02712	0.03298	0.12127	0.03345	0.09788	0.01740	0.00477	0.01176	0.11248	0.00656	0.01026
10	0.08926	0.10082	0.33034	0.02375	0.03628	0.02363	0.02768	0.03137	0.02171	0.03423	0.01808	0.02118	0.01378	0.00938	0.00883	0.00279	0.01253	0.00701	0.00512	0.18222
11	0.02243	0.02102	0.03394	0.38516	0.20440	0.02427	0.02876	0.03192	0.08255	0.03112	0.02191	0.02893	0.01695	0.01069	0.01056	0.00342	0.01300	0.00970	0.00555	0.01372
12	0.01984	0.01208	0.01455	0.01318	0.01719	0.01054	0.01015	0.02366	0.02744	0.13310	0.26588	0.08104	0.28654	0.02231	0.01214	0.00342	0.00588	0.01896	0.01111	0.01099
13	0.02181	0.01272	0.01664	0.01604	0.01934	0.01202	0.01226	0.02737	0.06119	0.14188	0.22035	0.22972	0.06766	0.02360	0.01252	0.00378	0.00686	0.07150	0.01113	0.01160
14	0.02228	0.02143	0.03464	0.32740	0.18250	0.02610	0.02858	0.02797	0.02064	0.02848	0.01784	0.02643	0.01470	0.01226	0.01653	0.00370	0.16140	0.00937	0.00481	0.01294
15	0.03545	0.01667	0.02165	0.01746	0.02369	0.01535	0.01407	0.08844	0.03210	0.33632	0.21868	0.04983	0.05086	0.01600	0.01126	0.00328	0.00787	0.01346	0.01233	0.01521
16	0.01841	0.01126	0.01506	0.01591	0.01805	0.01061	0.01200	0.02152	0.02327	0.09258	0.11886	0.31027	0.06378	0.07970	0.01678	0.00471	0.00757	0.13959	0.01012	0.00996
17	0.11077	0.02003	0.02242	0.01821	0.02486	0.05533	0.01469	0.08650	0.03065	0.31894	0.14333	0.04080	0.03836	0.01433	0.01049	0.00324	0.00899	0.01151	0.01132	0.01522
18	0.19483	0.01966	0.02669	0.13395	0.03583	0.02110	0.08273	0.08006	0.02573	0.10278	0.07730	0.03248	0.02554	0.01197	0.00967	0.00327	0.01035	0.01007	0.08305	0.01295
19	0.02820	0.01693	0.01977	0.01687	0.02221	0.01703	0.01333	0.09352	0.13104	0.17089	0.16776	0.05260	0.09745	0.01660	0.01091	0.00327	0.00741	0.01386	0.08630	0.01404
20	0.01664	0.01029	0.01383	0.01546	0.01696	0.00953	0.01088	0.01891	0.02153	0.08192	0.05645	0.52839	0.06491	0.03084	0.01328	0.00423	0.00667	0.05953	0.01014	0.00961
21	0.03073	0.24558	0.04185	0.08903	0.15101	0.21764	0.02313	0.03489	0.02484	0.02754	0.01679	0.02079	0.01434	0.00989	0.00888	0.00273	0.01444	0.00723	0.00500	0.01365
22	0.02719	0.01579	0.01889	0.01640	0.02158	0.01548	0.01287	0.03772	0.15553	0.19557	0.18769	0.05784	0.12347	0.01758	0.01125	0.00337	0.00705	0.01484	0.04605	0.01384
23	0.02949	0.57119	0.05264	0.01909	0.02774	0.10104	0.01835	0.03281	0.02241	0.02498	0.01488	0.01719	0.01357	0.00925	0.00708	0.00231	0.01215	0.00578	0.00462	0.01343
24	0.01364	0.00927	0.01200	0.01418	0.01500	0.00873	0.00955	0.01582	0.02046	0.02837	0.05564	0.55706	0.06519	0.03082	0.01282	0.00409	0.00600	0.02782	0.08481	0.00873
25	0.02347	0.19528	0.02820	0.01643	0.02015	0.02166	0.01328	0.07622	0.02023	0.02604	0.01874	0.02757	0.01746	0.02881	0.06453	0.36791	0.01137	0.00833	0.00531	0.00904
26	0.09860	0.02614	0.08801	0.06572	0.08695	0.07236	0.06439	0.03754	0.02578	0.21198	0.03593	0.03618	0.07842	0.01284	0.01041	0.00329	0.01165	0.01073	0.00840	0.01468

[dist]
# distance from previous block
# <min> <max>
0	1

[block]
# block no. 4 follows, 13 sequences, length 21
# corresponding to MSA columns:
# 638-658
name=unknown_E
#
# <colnr> <probs for GDERKNQSTAVLIFYWHMCP>
#	G	D	E	R	K	N	Q	S	T	A	V	L	I	F	Y	W	H	M	C	P
0	0.01332	0.00954	0.01266	0.01443	0.01543	0.00888	0.00985	0.01581	0.02226	0.03020	0.16225	0.50839	0.07615	0.03072	0.01328	0.00409	0.00590	0.02778	0.01020	0.00888
1	0.01583	0.01144	0.01452	0.01421	0.01475	0.01261	0.00950	0.01707	0.01590	0.02200	0.03056	0.05811	0.03332	0.42911	0.20555	0.01180	0.05624	0.01380	0.00607	0.00763
2	0.02310	0.09516	0.03461	0.47106	0.06306	0.02670	0.02702	0.07988	0.02417	0.03090	0.01898	0.02652	0.01444	0.01061	0.01011	0.00333	0.01350	0.00895	0.00529	0.01262
3	0.10776	0.02015	0.02214	0.01679	0.02495	0.01827	0.01352	0.11836	0.02738	0.04277	0.07532	0.02790	0.02430	0.01040	0.00866	0.00225	0.00828	0.00813	0.00765	0.41504
4	0.02950	0.02132	0.02990	0.14022	0.14761	0.02082	0.02142	0.09548	0.02727	0.13708	0.02413	0.02707	0.01784	0.01028	0.00977	0.00279	0.01071	0.00875	0.00757	0.21047
5	0.11507	0.02151	0.03279	0.02479	0.03256	0.02097	0.13409	0.03757	0.02441	0.22507	0.02645	0.02803	0.01875	0.01150	0.01303	0.00322	0.08405	0.00957	0.00831	0.12827
6	0.02226	0.13921	0.15194	0.01915	0.02923	0.02116	0.01930	0.02846	0.02270	0.03323	0.06928	0.02653	0.02277	0.00987	0.00858	0.00226	0.00996	0.00773	0.00605	0.35033
7	0.02591	0.17371	0.17314	0.03788	0.18903	0.02886	0.08882	0.06217	0.02458	0.03390	0.01892	0.02310	0.01513	0.00952	0.00961	0.00295	0.01331	0.00835	0.00528	0.05582
8	0.02504	0.04089	0.29907	0.02700	0.03750	0.09153	0.07505	0.08321	0.02561	0.03514	0.02227	0.02908	0.01785	0.07515	0.01464	0.00393	0.01443	0.00926	0.05944	0.01391
9	0.03158	0.05904	0.06545	0.18308	0.04520	0.02462	0.08509	0.13812	0.02973	0.15777	0.02538	0.02805	0.01786	0.01109	0.01042	0.00321	0.01248	0.00960	0.00794	0.05428
10	0.01449	0.01011	0.01293	0.01458	0.01534	0.00982	0.01007	0.01630	0.01942	0.02574	0.04964	0.34456	0.05786	0.22788	0.02695	0.00636	0.00817	0.11300	0.00868	0.00809
11	0.02013	0.01107	0.01452	0.01484	0.01724	0.01015	0.01065	0.02306	0.02345	0.12969	0.11387	0.39239	0.06147	0.02606	0.01226	0.00381	0.00640	0.02323	0.07508	0.01060
12	0.06329	0.02864	0.13585	0.11165	0.03746	0.07931	0.05824	0.03283	0.10838	0.03312	0.03544	0.10951	0.06341	0.01587	0.01100	0.00358	0.01208	0.04035	0.00714	0.01287
13	0.01789	0.01474	0.02270	0.02432	0.08944	0.01441	0.06723	0.02405	0.06112	0.03408	0.14712	0.26619	0.05760	0.02237	0.01228	0.00374	0.00823	0.04831	0.05298	0.01122
14	0.02088	0.01115	0.01344	0.01263	0.01479	0.01088	0.00887	0.02334	0.02082	0.09770	0.08764	0.05248	0.03757	0.22180	0.06344	0.05572	0.00901	0.01277	0.21570	0.00935
15	0.01889	0.01520	0.01950	0.01752	0.02139	0.01539	0.04276	0.05950	0.13126	0.04000	0.26407	0.15470	0.11474	0.02118	0.01218	0.00356	0.00709	0.01875	0.01055	0.01178
16	0.02338	0.02369	0.03624	0.12908	0.04160	0.07607	0.17140	0.05764	0.02502	0.03275	0.08107	0.11717	0.03182	0.01559	0.01461	0.00366	0.08612	0.01405	0.00677	0.01226
17	0.02293	0.07986	0.02197	0.01742	0.02152	0.01822	0.01342	0.06597	0.12967	0.09086	0.09401	0.28604	0.05103	0.02219	0.01164	0.00366	0.00771	0.01933	0.01002	0.01253
18	0.18696	0.01778	0.02150	0.01717	0.02440	0.01675	0.01407	0.04380	0.02755	0.40125	0.08927	0.03635	0.03060	0.01326	0.00993	0.00328	0.00840	0.01044	0.01151	0.01574
19	0.09798	0.02069	0.02389	0.01993	0.02619	0.02223	0.05094	0.12333	0.20080	0.08668	0.04222	0.04128	0.08964	0.01438	0.01021	0.00332	0.00886	0.01184	0.09106	0.01454
20	0.03214	0.01995	0.02562	0.12682	0.03506	0.02108	0.01890	0.18746	0.03268	0.18066	0.03623	0.11806	0.03112	0.01698	0.01143	0.00360	0.01046	0.06712	0.00996	0.01467

[dist]
# distance from previous block
# <min> <max>
5	29

[block]
# block no. 5 follows, 13 sequences, length 9
# corresponding to MSA columns:
# 688-696
name=unknown_F
#
# <colnr> <probs for GDERKNQSTAVLIFYWHMCP>
#	G	D	E	R	K	N	Q	S	T	A	V	L	I	F	Y	W	H	M	C	P
0	0.02928	0.02294	0.03005	0.02457	0.03137	0.02458	0.09442	0.13254	0.26825	0.09734	0.03802	0.09664	0.03060	0.01508	0.01127	0.00355	0.01023	0.01339	0.01003	0.01584
1	0.02417	0.01775	0.02799	0.09767	0.22964	0.01764	0.02135	0.02891	0.02429	0.11476	0.08681	0.18883	0.04011	0.01752	0.01150	0.00352	0.00974	0.01597	0.00822	0.01359
2	0.17025	0.08760	0.02852	0.13763	0.07913	0.06286	0.01908	0.03550	0.02375	0.17446	0.02620	0.06701	0.02073	0.01240	0.00947	0.00323	0.01091	0.00981	0.00772	0.01376
3	0.11078	0.02493	0.02295	0.01960	0.02552	0.15989	0.01527	0.04041	0.02642	0.27939	0.03103	0.06979	0.02360	0.01607	0.01337	0.07631	0.01128	0.01032	0.00932	0.01376
4	0.03716	0.01654	0.02061	0.01686	0.02323	0.01560	0.01358	0.04516	0.10172	0.35576	0.04001	0.03738	0.02729	0.01307	0.00980	0.00311	0.00784	0.01062	0.18899	0.01569
5	0.09219	0.01817	0.02019	0.01755	0.02097	0.07474	0.05334	0.02685	0.02062	0.10973	0.03174	0.08980	0.03161	0.31206	0.03141	0.00670	0.01112	0.01359	0.00750	0.01012
6	0.02648	0.21132	0.14358	0.02458	0.03215	0.02986	0.06039	0.03191	0.02212	0.08747	0.05760	0.02692	0.02134	0.01296	0.01574	0.00335	0.16347	0.00900	0.00603	0.01373
7	0.01522	0.01121	0.01450	0.01480	0.01744	0.01049	0.01185	0.01982	0.02731	0.03696	0.33363	0.09488	0.15821	0.02474	0.01313	0.00384	0.00651	0.16493	0.01077	0.00974
8	0.01387	0.00994	0.01329	0.01498	0.01625	0.00935	0.01074	0.01681	0.02298	0.03111	0.17275	0.43471	0.07568	0.02999	0.01340	0.00414	0.00631	0.08442	0.01022	0.00905

[dist]
# distance from previous block
# <min> <max>
0	4

[block]
# block no. 6 follows, 13 sequences, length 19
# corresponding to MSA columns:
# 701-719
name=unknown_G
#
# <colnr> <probs for GDERKNQSTAVLIFYWHMCP>
#	G	D	E	R	K	N	Q	S	T	A	V	L	I	F	Y	W	H	M	C	P
0	0.17620	0.02037	0.02166	0.01809	0.02469	0.02176	0.01459	0.11917	0.15113	0.18576	0.03281	0.03163	0.02335	0.01253	0.00936	0.00322	0.00855	0.00963	0.10029	0.01523
1	0.03165	0.02223	0.03035	0.08579	0.11126	0.02341	0.04956	0.11252	0.16997	0.16201	0.06359	0.03533	0.02786	0.01285	0.01084	0.00337	0.01050	0.01114	0.00959	0.01616
2	0.02096	0.01568	0.02080	0.01888	0.02059	0.01885	0.01517	0.02459	0.02190	0.06404	0.13575	0.09307	0.04215	0.01930	0.01996	0.00380	0.23639	0.04165	0.15559	0.01090
3	0.03889	0.01582	0.02100	0.01677	0.02334	0.01395	0.01361	0.04322	0.02910	0.41986	0.11557	0.04271	0.03699	0.01422	0.01045	0.00317	0.00785	0.01176	0.10603	0.01570
4	0.11306	0.02209	0.01851	0.01803	0.02140	0.14918	0.01328	0.05960	0.02569	0.03442	0.11274	0.27855	0.04957	0.02168	0.01128	0.00357	0.00968	0.01831	0.00866	0.01069
5	0.12430	0.01965	0.02839	0.03825	0.28171	0.01989	0.02081	0.03078	0.02238	0.08799	0.02509	0.03338	0.02122	0.09246	0.01525	0.00402	0.01021	0.00985	0.10059	0.01377
6	0.01980	0.01621	0.01797	0.01802	0.02036	0.06997	0.01366	0.02539	0.09552	0.02754	0.03498	0.12481	0.03485	0.04106	0.17559	0.15303	0.01495	0.07934	0.00727	0.00968
7	0.44125	0.10819	0.02829	0.02384	0.09614	0.05927	0.04599	0.03215	0.02039	0.04055	0.01589	0.01912	0.01284	0.00967	0.00762	0.00310	0.01040	0.00667	0.00596	0.01266
8	0.02622	0.01983	0.03528	0.15049	0.04297	0.01947	0.18676	0.03244	0.02484	0.14329	0.03879	0.04171	0.09759	0.01306	0.01119	0.00339	0.01211	0.01261	0.07467	0.01329
9	0.01378	0.01332	0.05797	0.01523	0.01773	0.01012	0.01197	0.01701	0.02223	0.02978	0.12806	0.42887	0.13677	0.02884	0.01294	0.00399	0.00665	0.02573	0.00962	0.00939
10	0.02416	0.28490	0.29043	0.02333	0.03547	0.03017	0.02704	0.03183	0.02193	0.03013	0.01722	0.02010	0.01377	0.00935	0.00843	0.00267	0.01284	0.00673	0.00473	0.10477
11	0.02525	0.06423	0.02490	0.01992	0.02415	0.12258	0.05094	0.06772	0.02637	0.07248	0.10983	0.17644	0.04407	0.10298	0.01719	0.00432	0.01082	0.01601	0.00841	0.01140
12	0.01461	0.01079	0.01364	0.01293	0.01558	0.00982	0.00969	0.01926	0.02908	0.04039	0.49153	0.08229	0.16637	0.02237	0.01247	0.00336	0.00504	0.01959	0.01137	0.00982
13	0.10334	0.02057	0.02376	0.01941	0.02650	0.02114	0.01569	0.11428	0.16486	0.27592	0.07275	0.03654	0.03026	0.01363	0.01038	0.00334	0.00884	0.01092	0.01139	0.01647
14	0.08112	0.02809	0.14965	0.02110	0.02962	0.02207	0.02037	0.10863	0.13747	0.14876	0.03140	0.03118	0.02240	0.01224	0.00974	0.00322	0.01011	0.00962	0.10770	0.01550
15	0.09192	0.01976	0.02342	0.01892	0.02588	0.01979	0.01533	0.12617	0.10341	0.29314	0.11180	0.03939	0.03513	0.01417	0.01057	0.00331	0.00871	0.01146	0.01160	0.01612
16	0.01548	0.00986	0.01319	0.01503	0.01621	0.00911	0.01024	0.01749	0.02100	0.06776	0.05703	0.57754	0.06664	0.03162	0.01328	0.00422	0.00635	0.02860	0.01006	0.00929
17	0.01946	0.01188	0.01574	0.01515	0.01804	0.01136	0.01165	0.02326	0.02482	0.10702	0.22325	0.11116	0.09932	0.09082	0.10006	0.00628	0.01019	0.08016	0.00994	0.01045
18	0.17132	0.18615	0.07872	0.07871	0.03261	0.03156	0.02082	0.09574	0.02340	0.03627	0.01670	0.02097	0.01381	0.01193	0.01378	0.00331	0.13766	0.00749	0.00579	0.01327

[dist]
# distance from previous block
# <min> <max>
4	6

[block]
# block no. 7 follows, 13 sequences, length 21
# corresponding to MSA columns:
# 727-747
name=unknown_H
#
# <colnr> <probs for GDERKNQSTAVLIFYWHMCP>
#	G	D	E	R	K	N	Q	S	T	A	V	L	I	F	Y	W	H	M	C	P
0	0.02396	0.02419	0.02567	0.07188	0.02882	0.14090	0.01901	0.02739	0.02032	0.02688	0.02053	0.02896	0.01832	0.03071	0.16170	0.00698	0.22807	0.00933	0.07536	0.01102
1	0.02362	0.25267	0.39677	0.02602	0.03941	0.03045	0.03191	0.03286	0.02204	0.03055	0.01752	0.02049	0.01345	0.00970	0.00893	0.00298	0.01415	0.00708	0.00448	0.01492
2	0.02313	0.02313	0.03238	0.02776	0.02776	0.03238	0.02313	0.02545	0.01619	0.02545	0.01388	0.02313	0.01388	0.01851	0.03470	0.00463	0.60907	0.00925	0.00463	0.01157
3	0.19898	0.01643	0.01719	0.01693	0.02084	0.01791	0.01299	0.07006	0.10951	0.03905	0.04129	0.26499	0.04301	0.02176	0.01108	0.00387	0.00787	0.06546	0.00917	0.01161
4	0.02624	0.01938	0.02275	0.01689	0.02540	0.01630	0.01358	0.09394	0.02714	0.09341	0.07197	0.02910	0.02484	0.01028	0.00890	0.00211	0.00818	0.00833	0.00802	0.47324
5	0.21700	0.13598	0.13100	0.01876	0.02695	0.02424	0.01852	0.03384	0.06411	0.09231	0.11060	0.03205	0.03001	0.01237	0.00899	0.00314	0.00974	0.00933	0.00762	0.01346
6	0.02197	0.01394	0.01736	0.01503	0.02014	0.01167	0.01144	0.02566	0.02464	0.12954	0.13687	0.19510	0.10533	0.01967	0.01109	0.00309	0.00684	0.01709	0.00972	0.20379
7	0.02232	0.01249	0.01536	0.01389	0.01810	0.01089	0.01067	0.02587	0.02679	0.17391	0.19789	0.13122	0.25426	0.02253	0.01210	0.00350	0.00630	0.01923	0.01113	0.01153
8	0.11325	0.01697	0.02168	0.01728	0.02426	0.01543	0.01409	0.04361	0.02886	0.41772	0.13154	0.04167	0.03782	0.01426	0.01052	0.00328	0.00819	0.01163	0.01211	0.01583
9	0.13905	0.18907	0.19900	0.02441	0.03409	0.02915	0.06769	0.03326	0.02160	0.07690	0.01870	0.02185	0.01445	0.01083	0.01158	0.00321	0.07779	0.00771	0.00563	0.01404
10	0.01877	0.01228	0.01504	0.01575	0.01809	0.01226	0.01123	0.02576	0.10825	0.07835	0.05205	0.41869	0.05581	0.02629	0.01221	0.00391	0.00664	0.02345	0.07430	0.01088
11	0.03658	0.01515	0.02030	0.01708	0.02291	0.01335	0.01346	0.04017	0.02711	0.39174	0.04530	0.18320	0.03723	0.01805	0.01110	0.00346	0.00796	0.01545	0.06542	0.01499
12	0.08123	0.02679	0.13014	0.16998	0.04406	0.02232	0.07853	0.08459	0.02694	0.13471	0.07364	0.03213	0.02453	0.01194	0.01055	0.00338	0.01229	0.01029	0.00765	0.01432
13	0.02573	0.11829	0.02772	0.06709	0.02743	0.05003	0.01678	0.02945	0.02209	0.12969	0.05431	0.08460	0.02864	0.03255	0.16673	0.00700	0.08061	0.01167	0.00734	0.01226
14	0.04424	0.02057	0.02582	0.02007	0.02811	0.01969	0.01649	0.14024	0.07896	0.43021	0.03880	0.03432	0.02519	0.01312	0.01063	0.00328	0.00943	0.01054	0.01242	0.01788
15	0.03451	0.08465	0.02855	0.01952	0.02680	0.01797	0.06540	0.03886	0.02771	0.32151	0.09124	0.04773	0.11843	0.01522	0.01086	0.00324	0.00920	0.01294	0.01070	0.01495
16	0.02998	0.25705	0.03982	0.02449	0.07758	0.02789	0.05737	0.07637	0.02673	0.13299	0.07288	0.07821	0.02900	0.01322	0.00967	0.00297	0.01055	0.01099	0.00783	0.01440
17	0.02773	0.02256	0.03918	0.19910	0.20260	0.02384	0.11395	0.03399	0.02389	0.12544	0.02320	0.02862	0.01732	0.01100	0.01278	0.00346	0.06001	0.01015	0.00643	0.01474
18	0.02108	0.01442	0.02039	0.01863	0.01994	0.01718	0.01434	0.02201	0.01704	0.07348	0.02377	0.03665	0.02231	0.10297	0.19560	0.18125	0.17321	0.01059	0.00589	0.00927
19	0.20197	0.29418	0.14819	0.02228	0.03215	0.03206	0.07581	0.03211	0.02112	0.03343	0.01628	0.01934	0.01325	0.00943	0.00799	0.00288	0.01206	0.00684	0.00513	0.01350
20	0.03203	0.24046	0.03700	0.02131	0.02852	0.14218	0.01809	0.16573	0.07452	0.03964	0.07945	0.02824	0.02571	0.01219	0.00928	0.00282	0.01199	0.00890	0.00760	0.01435

[dist]
# distance from previous block
# <min> <max>
0	2

[block]
# block no. 8 follows, 13 sequences, length 13
# corresponding to MSA columns:
# 750-762
name=unknown_I
#
# <colnr> <probs for GDERKNQSTAVLIFYWHMCP>
#	G	D	E	R	K	N	Q	S	T	A	V	L	I	F	Y	W	H	M	C	P
0	0.12034	0.01781	0.02167	0.01755	0.02468	0.01645	0.01410	0.04200	0.06681	0.33285	0.03723	0.09629	0.02822	0.01428	0.01008	0.00318	0.00838	0.01168	0.01082	0.10559
1	0.07418	0.02097	0.02837	0.25667	0.04558	0.02431	0.02217	0.13907	0.02857	0.11008	0.06422	0.03130	0.02299	0.01296	0.01284	0.00349	0.07063	0.01008	0.00775	0.01376
2	0.01288	0.00920	0.01227	0.01472	0.01534	0.00859	0.00981	0.01472	0.02024	0.02699	0.05828	0.62152	0.06993	0.03312	0.01350	0.00429	0.00613	0.03006	0.00981	0.00859
3	0.23172	0.01932	0.02189	0.01777	0.02519	0.01930	0.01453	0.04631	0.09482	0.35103	0.03419	0.03108	0.02278	0.01232	0.00948	0.00331	0.00868	0.00941	0.01091	0.01596
4	0.03354	0.01950	0.02781	0.03039	0.16734	0.01868	0.01925	0.09089	0.03065	0.25170	0.15251	0.04210	0.03969	0.01403	0.01100	0.00324	0.00931	0.01214	0.01039	0.01582
5	0.04215	0.02300	0.08029	0.02528	0.08789	0.01844	0.01994	0.07456	0.02991	0.43055	0.03619	0.03298	0.02343	0.01237	0.01055	0.00326	0.01018	0.01016	0.01125	0.01763
6	0.01375	0.00996	0.01306	0.01459	0.01601	0.00928	0.01044	0.01667	0.02316	0.03114	0.17763	0.41170	0.10837	0.02964	0.01330	0.00408	0.00616	0.07179	0.01023	0.00905
7	0.01338	0.01014	0.01234	0.01306	0.01515	0.00910	0.00931	0.01641	0.02431	0.03205	0.22140	0.29980	0.22969	0.02775	0.01288	0.00378	0.00555	0.02442	0.01036	0.00910
8	0.23728	0.02153	0.02432	0.17761	0.03736	0.06633	0.01956	0.03107	0.02142	0.08631	0.02299	0.03413	0.01951	0.01370	0.01288	0.00365	0.09058	0.06102	0.00669	0.01206
9	0.09662	0.04311	0.37196	0.03761	0.18032	0.02461	0.03431	0.03295	0.02232	0.03528	0.01876	0.02279	0.01407	0.00985	0.00978	0.00328	0.01400	0.00801	0.00489	0.01547
10	0.01459	0.01040	0.01247	0.01243	0.01386	0.00980	0.00829	0.01697	0.02235	0.03028	0.23805	0.13687	0.12924	0.26525	0.02906	0.00622	0.00725	0.01922	0.00913	0.00827
11	0.21356	0.01554	0.01682	0.01437	0.01983	0.01551	0.01153	0.03465	0.02474	0.21725	0.10081	0.03750	0.03219	0.01313	0.00891	0.00306	0.00716	0.01022	0.19024	0.01299
12	0.07800	0.03054	0.17327	0.08581	0.10739	0.04875	0.02537	0.03996	0.02560	0.24106	0.02746	0.02820	0.01874	0.01122	0.01012	0.00327	0.01218	0.00909	0.00811	0.01586

[dist]
# distance from previous block
# <min> <max>
0	68

[block]
# block no. 9 follows, 13 sequences, length 13
# corresponding to MSA columns:
# 831-843
name=unknown_J
#
# <colnr> <probs for GDERKNQSTAVLIFYWHMCP>
#	G	D	E	R	K	N	Q	S	T	A	V	L	I	F	Y	W	H	M	C	P
0	0.01939	0.01443	0.01852	0.01667	0.01957	0.01547	0.01299	0.02702	0.09139	0.07063	0.38713	0.06374	0.07507	0.01979	0.01529	0.00354	0.09088	0.01635	0.01062	0.01150
1	0.02767	0.32945	0.23681	0.02341	0.03471	0.03419	0.02591	0.11254	0.02635	0.03471	0.01796	0.02024	0.01422	0.00999	0.00856	0.00280	0.01290	0.00705	0.00548	0.01502
2	0.02192	0.01879	0.02192	0.01566	0.02506	0.01409	0.01253	0.02662	0.02192	0.03445	0.01879	0.02192	0.01566	0.00783	0.00783	0.00157	0.00783	0.00626	0.00626	0.69305
3	0.02973	0.11487	0.14582	0.06027	0.03834	0.02551	0.11314	0.06530	0.02534	0.15672	0.02471	0.02767	0.01805	0.01570	0.04974	0.00420	0.05340	0.00952	0.00709	0.01488
4	0.17243	0.11967	0.32649	0.02384	0.03584	0.02569	0.02784	0.03464	0.02212	0.09229	0.01991	0.02195	0.01435	0.01019	0.00892	0.00318	0.01274	0.00738	0.00584	0.01470
5	0.01514	0.01118	0.01622	0.01622	0.01784	0.01280	0.01226	0.01839	0.01676	0.02397	0.02903	0.04544	0.02813	0.15679	0.51134	0.01604	0.02577	0.01190	0.00577	0.00901
6	0.02790	0.31226	0.13807	0.03378	0.18558	0.03205	0.02565	0.03370	0.02304	0.07023	0.01897	0.02198	0.01541	0.00963	0.00870	0.00278	0.01224	0.00749	0.00536	0.01518
7	0.02391	0.02587	0.13990	0.26017	0.05127	0.02111	0.08785	0.03133	0.02365	0.10675	0.06036	0.07051	0.02520	0.01283	0.01103	0.00350	0.01302	0.01163	0.00671	0.01339
8	0.02515	0.02718	0.11116	0.14892	0.05149	0.02328	0.26462	0.03322	0.02438	0.08913	0.02594	0.03691	0.02056	0.01171	0.01180	0.00362	0.01512	0.05557	0.00634	0.01390
9	0.10040	0.02296	0.04282	0.03185	0.04032	0.02209	0.28756	0.03528	0.02424	0.14992	0.02606	0.03077	0.01921	0.01984	0.09246	0.00537	0.01637	0.01120	0.00719	0.01409
10	0.03275	0.02583	0.03297	0.03995	0.25581	0.08756	0.02350	0.11864	0.02985	0.13941	0.02841	0.08715	0.02374	0.01323	0.01072	0.00324	0.01183	0.01145	0.00810	0.01585
11	0.03130	0.13176	0.03376	0.16522	0.03949	0.02801	0.02105	0.12296	0.08655	0.14019	0.02592	0.02800	0.01905	0.01232	0.01217	0.00330	0.06680	0.00926	0.00799	0.01491
12	0.03186	0.44278	0.04649	0.01916	0.02780	0.03638	0.01791	0.09306	0.06516	0.09841	0.02140	0.02198	0.01704	0.01036	0.00800	0.00259	0.01084	0.00719	0.00675	0.01486

[dist]
# distance from previous block
# <min> <max>
0	3

[block]
# block no. 10 follows, 13 sequences, length 36
# corresponding to MSA columns:
# 847-882
name=unknown_K
#
# <colnr> <probs for GDERKNQSTAVLIFYWHMCP>
#	G	D	E	R	K	N	Q	S	T	A	V	L	I	F	Y	W	H	M	C	P
0	0.03061	0.01991	0.02615	0.02730	0.12462	0.02022	0.01815	0.08508	0.15349	0.18293	0.15015	0.04352	0.04138	0.01455	0.01103	0.00333	0.00886	0.01250	0.01053	0.01569
1	0.09215	0.01860	0.02577	0.02793	0.15202	0.01731	0.01777	0.03598	0.02663	0.22784	0.13260	0.03873	0.03581	0.01297	0.01025	0.00305	0.00885	0.01105	0.00953	0.09516
2	0.39210	0.02096	0.01963	0.01573	0.02348	0.02150	0.01284	0.08808	0.02308	0.04526	0.01737	0.01977	0.01366	0.00948	0.00746	0.00268	0.00847	0.00636	0.00692	0.24518
3	0.01496	0.01081	0.01413	0.01330	0.01580	0.00998	0.00998	0.01995	0.02993	0.04240	0.55689	0.07898	0.09976	0.02162	0.01247	0.00333	0.00499	0.01912	0.01164	0.00998
4	0.02393	0.02161	0.03432	0.40579	0.18161	0.02503	0.02892	0.09066	0.02539	0.03371	0.01987	0.02737	0.01520	0.01057	0.01055	0.00339	0.01343	0.00942	0.00556	0.01369
5	0.02713	0.02455	0.02722	0.22013	0.04184	0.11246	0.02118	0.12167	0.02746	0.03645	0.02214	0.02784	0.01727	0.01230	0.01263	0.00325	0.08280	0.00908	0.14002	0.01259
6	0.02671	0.01414	0.01817	0.01596	0.02054	0.01313	0.01237	0.03315	0.07495	0.22027	0.25203	0.12591	0.08903	0.01967	0.01181	0.00346	0.00682	0.01703	0.01174	0.01311
7	0.21984	0.02001	0.02301	0.01817	0.02595	0.01974	0.01500	0.10223	0.02931	0.37240	0.03265	0.02977	0.02132	0.01218	0.00955	0.00326	0.00909	0.00920	0.01106	0.01626
8	0.02888	0.02982	0.15613	0.08474	0.15640	0.05904	0.02586	0.03684	0.05005	0.15423	0.08528	0.03369	0.02762	0.01218	0.01059	0.00327	0.01201	0.01034	0.00775	0.01525
9	0.01470	0.01011	0.01242	0.01354	0.01403	0.00990	0.00880	0.01590	0.01808	0.02402	0.04453	0.26565	0.05188	0.35429	0.03541	0.00758	0.00877	0.07490	0.00796	0.00754
10	0.01352	0.00993	0.01244	0.01349	0.01503	0.00911	0.00934	0.01618	0.02305	0.03079	0.19296	0.36043	0.15578	0.06801	0.01570	0.00431	0.00598	0.02501	0.01006	0.00886
11	0.03413	0.03125	0.15153	0.02894	0.09752	0.02541	0.02440	0.19369	0.09779	0.16357	0.02909	0.02889	0.02040	0.01200	0.01048	0.00328	0.01165	0.00968	0.00914	0.01715
12	0.10233	0.03392	0.26807	0.02235	0.03210	0.02077	0.02445	0.08213	0.02508	0.08679	0.02793	0.10003	0.02346	0.01371	0.00987	0.00333	0.01132	0.01102	0.08730	0.01405
13	0.01422	0.01046	0.01361	0.01564	0.01737	0.00985	0.01195	0.01722	0.02229	0.02883	0.06587	0.36300	0.15049	0.03072	0.01370	0.00436	0.00722	0.18438	0.00979	0.00903
14	0.04480	0.01858	0.02446	0.01915	0.02705	0.01688	0.01569	0.05211	0.09426	0.50424	0.04188	0.03642	0.02693	0.01324	0.01065	0.00331	0.00892	0.01080	0.01280	0.01784
15	0.02992	0.09008	0.25521	0.02353	0.03377	0.05944	0.02520	0.03699	0.02489	0.19235	0.03014	0.10045	0.02431	0.01380	0.01032	0.00330	0.01230	0.01117	0.00779	0.01504
16	0.02351	0.01939	0.03344	0.34430	0.10894	0.02138	0.08536	0.02975	0.02284	0.09071	0.02650	0.09890	0.02257	0.01320	0.01114	0.00355	0.01286	0.01235	0.00639	0.01290
17	0.01602	0.01232	0.01922	0.01906	0.02151	0.01179	0.07216	0.01977	0.02206	0.03015	0.05117	0.36630	0.05731	0.02736	0.01312	0.00419	0.00836	0.14804	0.07041	0.00967
18	0.02401	0.02003	0.02305	0.01665	0.02594	0.01623	0.01339	0.08390	0.02510	0.03814	0.01955	0.02232	0.01593	0.00839	0.00814	0.00175	0.00827	0.00664	0.00676	0.61582
19	0.02696	0.09582	0.09562	0.17666	0.21889	0.02554	0.07302	0.03368	0.02375	0.09823	0.02180	0.02664	0.01652	0.01013	0.01023	0.00321	0.01313	0.00925	0.00594	0.01501
20	0.01816	0.01898	0.08598	0.01796	0.02250	0.01572	0.01535	0.02977	0.16198	0.03752	0.21639	0.21121	0.06292	0.02143	0.01200	0.00366	0.00752	0.01884	0.01001	0.01208
21	0.02163	0.01472	0.01768	0.01689	0.02078	0.01489	0.01308	0.03227	0.16263	0.10317	0.16075	0.16787	0.10976	0.02214	0.01223	0.00377	0.00720	0.07532	0.01084	0.01238
22	0.03269	0.02233	0.02538	0.02232	0.02689	0.09053	0.01848	0.06651	0.02682	0.21025	0.03526	0.05243	0.03059	0.01822	0.01677	0.00391	0.14086	0.13680	0.00926	0.01370
23	0.03208	0.08385	0.03177	0.10382	0.10008	0.02463	0.02090	0.04162	0.12652	0.20606	0.03008	0.03090	0.02182	0.01278	0.01313	0.00341	0.08249	0.00990	0.00864	0.01553
24	0.03335	0.03761	0.03586	0.03296	0.08886	0.29257	0.08278	0.09251	0.02840	0.03231	0.01788	0.02243	0.01478	0.01216	0.01489	0.00328	0.12953	0.00853	0.00584	0.01348
