[name]
unknown

[dist]
# distance from previous block
# <min> <max>
0	256

[block]
# block no. 0 follows, 12 sequences, length 24
# corresponding to MSA columns:
# 256-279
name=unknown_A
#
# <colnr> <probs for GDERKNQSTAVLIFYWHMCP>
#	G	D	E	R	K	N	Q	S	T	A	V	L	I	F	Y	W	H	M	C	P
0	0.07782	0.02055	0.02718	0.07159	0.03262	0.02186	0.05329	0.12070	0.02828	0.04053	0.03268	0.05699	0.03128	0.01776	0.01390	0.00380	0.06402	0.16188	0.00816	0.11513
1	0.09337	0.01956	0.03090	0.52830	0.06926	0.02425	0.02828	0.02831	0.02145	0.03014	0.01893	0.02784	0.01424	0.01082	0.01045	0.00361	0.01388	0.00928	0.00505	0.01208
2	0.02915	0.62337	0.05714	0.01866	0.02799	0.04314	0.01866	0.03265	0.02215	0.02565	0.01516	0.01749	0.01399	0.00933	0.00700	0.00233	0.01166	0.00583	0.00466	0.01399
3	0.01531	0.01051	0.01263	0.01289	0.01358	0.01020	0.00806	0.01681	0.02014	0.02744	0.15415	0.16855	0.05969	0.37939	0.03851	0.00787	0.00859	0.01940	0.00845	0.00784
4	0.02782	0.02595	0.03300	0.20974	0.10085	0.07166	0.02541	0.11408	0.08681	0.03721	0.02234	0.02790	0.01764	0.01334	0.01604	0.00371	0.13565	0.00978	0.00671	0.01436
5	0.01586	0.01057	0.01189	0.01189	0.01189	0.01057	0.00661	0.01586	0.01586	0.02114	0.03436	0.07135	0.03964	0.61681	0.05550	0.01057	0.01057	0.01586	0.00661	0.00661
6	0.03155	0.02099	0.02215	0.01809	0.02392	0.02273	0.01458	0.28419	0.03796	0.05556	0.03058	0.03296	0.02295	0.01291	0.00937	0.00293	0.00876	0.00998	0.32323	0.01462
7	0.01310	0.01105	0.01135	0.01127	0.01486	0.00930	0.00846	0.01607	0.02537	0.03068	0.14756	0.10292	0.50650	0.02716	0.01288	0.00366	0.00549	0.02273	0.01029	0.00930
8	0.02915	0.62337	0.05714	0.01866	0.02799	0.04314	0.01866	0.03265	0.02215	0.02565	0.01516	0.01749	0.01399	0.00933	0.00700	0.00233	0.01166	0.00583	0.00466	0.01399
9	0.02059	0.01938	0.03270	0.59060	0.07510	0.02422	0.03028	0.02786	0.02180	0.02786	0.01938	0.02907	0.01453	0.01090	0.01090	0.00363	0.01453	0.00969	0.00484	0.01211
10	0.69383	0.02109	0.01603	0.01434	0.02109	0.02446	0.01181	0.03205	0.01856	0.04892	0.01518	0.01771	0.01181	0.01012	0.00675	0.00337	0.00843	0.00590	0.00675	0.01181
11	0.69383	0.02109	0.01603	0.01434	0.02109	0.02446	0.01181	0.03205	0.01856	0.04892	0.01518	0.01771	0.01181	0.01012	0.00675	0.00337	0.00843	0.00590	0.00675	0.01181
12	0.02712	0.02342	0.02465	0.02219	0.02835	0.02712	0.01726	0.05794	0.52909	0.04561	0.04438	0.04068	0.03328	0.01479	0.01109	0.00370	0.00863	0.01233	0.01109	0.01726
13	0.01586	0.01057	0.01189	0.01189	0.01189	0.01057	0.00661	0.01586	0.01586	0.02114	0.03436	0.07135	0.03964	0.61681	0.05550	0.01057	0.01057	0.01586	0.00661	0.00661
14	0.02712	0.02342	0.02465	0.02219	0.02835	0.02712	0.01726	0.05794	0.52909	0.04561	0.04438	0.04068	0.03328	0.01479	0.01109	0.00370	0.00863	0.01233	0.01109	0.01726
15	0.02915	0.62337	0.05714	0.01866	0.02799	0.04314	0.01866	0.03265	0.02215	0.02565	0.01516	0.01749	0.01399	0.00933	0.00700	0.00233	0.01166	0.00583	0.00466	0.01399
16	0.01543	0.01115	0.01457	0.01372	0.01629	0.01029	0.01029	0.02058	0.03086	0.04372	0.54304	0.08145	0.10288	0.02229	0.01286	0.00343	0.00514	0.01972	0.01200	0.01029
17	0.01570	0.01118	0.01497	0.01497	0.01603	0.01224	0.01044	0.01783	0.01677	0.02342	0.03155	0.05579	0.03288	0.32484	0.33823	0.01436	0.02074	0.01358	0.00619	0.00831
18	0.04553	0.01756	0.02351	0.01831	0.02604	0.01533	0.01503	0.04985	0.03022	0.49525	0.04213	0.03753	0.02710	0.01340	0.01057	0.00328	0.00878	0.01087	0.09214	0.01756
19	0.02187	0.05640	0.56031	0.03108	0.04719	0.02532	0.04029	0.03453	0.02302	0.03453	0.01957	0.02302	0.01381	0.01036	0.01036	0.00345	0.01611	0.00806	0.00460	0.01611
20	0.01502	0.01110	0.01383	0.01337	0.01569	0.01052	0.00973	0.01877	0.02583	0.03533	0.32073	0.07989	0.16993	0.12097	0.08579	0.00624	0.00890	0.01882	0.01009	0.00945
21	0.02051	0.02039	0.06904	0.06051	0.02849	0.01496	0.01557	0.02605	0.02349	0.03515	0.07091	0.03875	0.08586	0.01225	0.00939	0.00239	0.00854	0.01010	0.05994	0.38770
22	0.02727	0.33815	0.10794	0.12853	0.03963	0.03581	0.02404	0.07261	0.02420	0.03087	0.01734	0.02163	0.01449	0.01095	0.01106	0.00301	0.06566	0.00749	0.00524	0.01410
23	0.16963	0.02560	0.08285	0.02162	0.02947	0.02354	0.01952	0.13829	0.03034	0.21286	0.03026	0.03513	0.02257	0.01415	0.01232	0.00360	0.05692	0.04592	0.00967	0.01574

[dist]
# distance from previous block
# <min> <max>
1	10

[block]
# block no. 1 follows, 12 sequences, length 36
# corresponding to MSA columns:
# 290-325
name=unknown_B
#
# <colnr> <probs for GDERKNQSTAVLIFYWHMCP>
#	G	D	E	R	K	N	Q	S	T	A	V	L	I	F	Y	W	H	M	C	P
0	0.02008	0.01591	0.02185	0.02319	0.08665	0.01634	0.04868	0.02734	0.10439	0.03042	0.03555	0.09779	0.03557	0.29216	0.03152	0.00675	0.01027	0.01495	0.06976	0.01084
1	0.01964	0.01644	0.02619	0.22871	0.12663	0.01796	0.02210	0.02460	0.02366	0.03191	0.12550	0.09129	0.04212	0.01941	0.01494	0.06690	0.01089	0.07232	0.00730	0.01145
2	0.02570	0.01559	0.01929	0.01692	0.02163	0.01537	0.01316	0.03639	0.14270	0.16120	0.31701	0.06218	0.06994	0.01860	0.01203	0.00348	0.00687	0.01606	0.01214	0.01374
3	0.01323	0.00969	0.01245	0.01466	0.01568	0.00890	0.00989	0.01524	0.02138	0.02804	0.06651	0.54544	0.13223	0.03333	0.01379	0.00433	0.00622	0.02998	0.01012	0.00890
4	0.02699	0.02591	0.04426	0.06693	0.54879	0.02591	0.03346	0.03346	0.02483	0.03562	0.02051	0.02699	0.01727	0.00972	0.01079	0.00324	0.01295	0.00972	0.00540	0.01727
5	0.01328	0.00949	0.01265	0.01518	0.01581	0.00886	0.01012	0.01518	0.02088	0.02783	0.06010	0.60969	0.07212	0.03416	0.01392	0.00443	0.00633	0.03100	0.01012	0.00886
6	0.01328	0.00949	0.01265	0.01518	0.01581	0.00886	0.01012	0.01518	0.02088	0.02783	0.06010	0.60969	0.07212	0.03416	0.01392	0.00443	0.00633	0.03100	0.01012	0.00886
7	0.04145	0.03054	0.03272	0.02509	0.03381	0.03381	0.02072	0.51243	0.05127	0.06872	0.02618	0.02618	0.01854	0.01309	0.01091	0.00327	0.01200	0.00982	0.01091	0.01854
8	0.02029	0.04531	0.42658	0.02682	0.03962	0.02164	0.03293	0.03111	0.02494	0.03678	0.14785	0.03734	0.03564	0.01328	0.01097	0.00345	0.01343	0.01091	0.00642	0.01469
9	0.02915	0.62337	0.05714	0.01866	0.02799	0.04314	0.01866	0.03265	0.02215	0.02565	0.01516	0.01749	0.01399	0.00933	0.00700	0.00233	0.01166	0.00583	0.00466	0.01399
10	0.09044	0.01955	0.02194	0.01597	0.02536	0.01554	0.01281	0.02792	0.02220	0.03688	0.01896	0.02211	0.01571	0.00828	0.00794	0.00179	0.00811	0.00640	0.00649	0.61559
11	0.09486	0.02311	0.02934	0.03054	0.14672	0.06355	0.02007	0.04619	0.02871	0.35443	0.03356	0.03185	0.02252	0.01218	0.01050	0.00330	0.01088	0.00996	0.01048	0.01725
12	0.04073	0.05197	0.03090	0.02809	0.03371	0.57303	0.02107	0.04354	0.03090	0.02669	0.01685	0.01966	0.01404	0.01124	0.00983	0.00281	0.01966	0.00702	0.00562	0.01264
13	0.01558	0.01168	0.01752	0.01752	0.01947	0.01363	0.01363	0.01947	0.01752	0.02531	0.02921	0.04283	0.02726	0.08178	0.57360	0.01752	0.02921	0.01168	0.00584	0.00974
14	0.02890	0.02816	0.10554	0.02743	0.07076	0.02209	0.08297	0.11986	0.02915	0.08643	0.02310	0.02574	0.01733	0.01002	0.00995	0.00270	0.01165	0.00872	0.00742	0.28207
15	0.03472	0.35503	0.04609	0.02157	0.03062	0.03892	0.01959	0.24982	0.03533	0.04515	0.02015	0.02142	0.01605	0.01103	0.00877	0.00276	0.01181	0.00763	0.00749	0.01605
16	0.04892	0.01856	0.02530	0.01940	0.02783	0.01603	0.01603	0.05314	0.03121	0.55634	0.04302	0.03711	0.02699	0.01350	0.01096	0.00337	0.00928	0.01096	0.01350	0.01856
17	0.02261	0.01938	0.02261	0.01615	0.02584	0.01453	0.01292	0.02745	0.02261	0.03553	0.01938	0.02261	0.01615	0.00807	0.00807	0.00161	0.00807	0.00646	0.00646	0.68346
18	0.02059	0.01938	0.03270	0.59060	0.07510	0.02422	0.03028	0.02786	0.02180	0.02786	0.01938	0.02907	0.01453	0.01090	0.01090	0.00363	0.01453	0.00969	0.00484	0.01211
19	0.02187	0.05640	0.56031	0.03108	0.04719	0.02532	0.04029	0.03453	0.02302	0.03453	0.01957	0.02302	0.01381	0.01036	0.01036	0.00345	0.01611	0.00806	0.00460	0.01611
20	0.69383	0.02109	0.01603	0.01434	0.02109	0.02446	0.01181	0.03205	0.01856	0.04892	0.01518	0.01771	0.01181	0.01012	0.00675	0.00337	0.00843	0.00590	0.00675	0.01181
21	0.01289	0.01105	0.01105	0.01105	0.01473	0.00920	0.00828	0.01565	0.02485	0.02946	0.11046	0.10493	0.54437	0.02761	0.01289	0.00368	0.00552	0.02301	0.01013	0.00920
22	0.02059	0.01938	0.03270	0.59060	0.07510	0.02422	0.03028	0.02786	0.02180	0.02786	0.01938	0.02907	0.01453	0.01090	0.01090	0.00363	0.01453	0.00969	0.00484	0.01211
23	0.02059	0.01938	0.03270	0.59060	0.07510	0.02422	0.03028	0.02786	0.02180	0.02786	0.01938	0.02907	0.01453	0.01090	0.01090	0.00363	0.01453	0.00969	0.00484	0.01211
24	0.01896	0.01206	0.01492	0.01366	0.01731	0.01070	0.01044	0.02329	0.02916	0.10484	0.35377	0.08262	0.22142	0.02272	0.01263	0.00350	0.00578	0.01956	0.01165	0.01103
25	0.01328	0.00949	0.01265	0.01518	0.01581	0.00886	0.01012	0.01518	0.02088	0.02783	0.06010	0.60969	0.07212	0.03416	0.01392	0.00443	0.00633	0.03100	0.01012	0.00886
26	0.02187	0.05640	0.56031	0.03108	0.04719	0.02532	0.04029	0.03453	0.02302	0.03453	0.01957	0.02302	0.01381	0.01036	0.01036	0.00345	0.01611	0.00806	0.00460	0.01611
27	0.02518	0.03825	0.30903	0.08251	0.04129	0.02190	0.02950	0.03632	0.06820	0.11382	0.03685	0.03774	0.08512	0.01347	0.01089	0.00351	0.01291	0.01094	0.00725	0.01530
28	0.01609	0.01804	0.09743	0.01603	0.02081	0.01245	0.01461	0.02208	0.02890	0.04050	0.40807	0.07552	0.14548	0.02115	0.01248	0.00347	0.00687	0.01836	0.01063	0.01104
29	0.02682	0.02284	0.02534	0.02251	0.02792	0.02684	0.01774	0.08768	0.39479	0.04373	0.03879	0.03828	0.02985	0.02180	0.07006	0.00515	0.06191	0.01182	0.01000	0.01614
30	0.60894	0.02170	0.01962	0.02103	0.08826	0.02464	0.01456	0.03223	0.01935	0.04723	0.01586	0.01889	0.01250	0.01007	0.00726	0.00336	0.00901	0.00639	0.00658	0.01250
31	0.02385	0.02740	0.13219	0.13329	0.08097	0.05784	0.05760	0.03062	0.02574	0.08209	0.11835	0.07998	0.07285	0.01548	0.01152	0.00351	0.01210	0.01356	0.00767	0.01340
32	0.02714	0.02408	0.07283	0.07724	0.08530	0.02055	0.02002	0.09413	0.06155	0.07636	0.02513	0.02795	0.01916	0.01058	0.00954	0.00268	0.01023	0.00869	0.06565	0.26120
33	0.01691	0.01493	0.01890	0.01769	0.01997	0.01692	0.01423	0.02007	0.02247	0.02973	0.10896	0.07629	0.26747	0.02927	0.06456	0.00521	0.17782	0.06001	0.00840	0.01020
34	0.02451	0.02027	0.02536	0.07434	0.07537	0.01799	0.01664	0.07684	0.02564	0.03862	0.02157	0.02552	0.01736	0.00939	0.00882	0.00219	0.00923	0.00770	0.06490	0.43772
35	0.02169	0.01957	0.03069	0.48763	0.06590	0.02366	0.02741	0.06879	0.02464	0.03155	0.02844	0.03587	0.06414	0.01264	0.01109	0.00361	0.01348	0.01094	0.00586	0.01240

[dist]
# distance from previous block
# <min> <max>
0	47

[block]
# block no. 2 follows, 12 sequences, length 17
# corresponding to MSA columns:
# 373-389
name=unknown_C
#
# <colnr> <probs for GDERKNQSTAVLIFYWHMCP>
#	G	D	E	R	K	N	Q	S	T	A	V	L	I	F	Y	W	H	M	C	P
0	0.07705	0.16211	0.09268	0.02158	0.02816	0.02655	0.04680	0.10853	0.02444	0.03426	0.01903	0.02536	0.01624	0.01928	0.02063	0.20857	0.04234	0.00847	0.00595	0.01197
1	0.23141	0.02434	0.08778	0.02341	0.05840	0.02108	0.05512	0.06310	0.02618	0.15585	0.08523	0.06591	0.03016	0.01373	0.01013	0.00346	0.01025	0.01124	0.00883	0.01437
2	0.02362	0.02088	0.02758	0.02782	0.14600	0.01715	0.01764	0.02884	0.02312	0.03555	0.01964	0.02362	0.01641	0.00845	0.00870	0.00199	0.00920	0.00721	0.00622	0.53039
3	0.01546	0.01154	0.01456	0.01555	0.01736	0.01133	0.01097	0.02156	0.08094	0.03444	0.19839	0.39248	0.07667	0.02854	0.01329	0.00406	0.00624	0.02563	0.01078	0.01022
4	0.22781	0.23355	0.03283	0.01649	0.02516	0.02766	0.01461	0.03068	0.02122	0.03608	0.01662	0.01932	0.01407	0.00914	0.00729	0.00240	0.00945	0.00607	0.00591	0.24362
5	0.02553	0.03339	0.18657	0.02488	0.03405	0.02658	0.02422	0.05086	0.37613	0.04226	0.03688	0.03534	0.02740	0.01345	0.01087	0.00362	0.01089	0.01104	0.00913	0.01691
6	0.23403	0.06383	0.12063	0.02215	0.03091	0.02799	0.02104	0.16811	0.02992	0.10596	0.02207	0.02363	0.01605	0.01200	0.01122	0.00341	0.05548	0.00821	0.00802	0.01533
7	0.22409	0.01990	0.02766	0.41642	0.05877	0.02430	0.02470	0.02913	0.02082	0.03422	0.01811	0.02564	0.01371	0.01067	0.00965	0.00356	0.01269	0.00855	0.00542	0.01202
8	0.01366	0.01108	0.01211	0.01185	0.01520	0.00953	0.00889	0.01714	0.02667	0.03377	0.24121	0.09783	0.41092	0.02601	0.01288	0.00361	0.00541	0.02202	0.01069	0.00953
9	0.02782	0.02609	0.14625	0.02464	0.08594	0.01871	0.02094	0.06042	0.05589	0.13556	0.03586	0.03729	0.05264	0.01297	0.00991	0.00316	0.00990	0.01062	0.21071	0.01470
10	0.03229	0.02267	0.02530	0.02113	0.02704	0.02487	0.01655	0.22513	0.18570	0.08716	0.03217	0.03521	0.02492	0.05281	0.01905	0.12189	0.01025	0.01095	0.00984	0.01507
11	0.01743	0.01555	0.02148	0.02824	0.17633	0.01437	0.01612	0.02159	0.02552	0.03292	0.13193	0.07873	0.33538	0.02161	0.01225	0.00352	0.00773	0.01862	0.00891	0.01176
12	0.02690	0.02275	0.03271	0.41967	0.06262	0.02712	0.02739	0.17433	0.03071	0.04021	0.02143	0.02820	0.01575	0.01156	0.01090	0.00352	0.01377	0.00973	0.00668	0.01406
13	0.01887	0.02580	0.18162	0.02340	0.03003	0.01641	0.02444	0.02620	0.02447	0.03320	0.04620	0.09277	0.04796	0.02415	0.01364	0.00455	0.01188	0.33414	0.00840	0.01188
14	0.49889	0.02032	0.01883	0.01587	0.02313	0.02191	0.01308	0.03842	0.02238	0.20230	0.02360	0.02358	0.01640	0.01114	0.00802	0.00337	0.00869	0.00743	0.00879	0.01385
15	0.02712	0.02342	0.02465	0.02219	0.02835	0.02712	0.01726	0.05794	0.52909	0.04561	0.04438	0.04068	0.03328	0.01479	0.01109	0.00370	0.00863	0.01233	0.01109	0.01726
16	0.02359	0.01971	0.02161	0.01963	0.02471	0.02203	0.01515	0.04665	0.37850	0.04504	0.19511	0.05300	0.05432	0.01706	0.01163	0.00362	0.00758	0.01456	0.01137	0.01515

[dist]
# distance from previous block
# <min> <max>
0	8

[block]
# block no. 3 follows, 12 sequences, length 15
# corresponding to MSA columns:
# 398-412
name=unknown_D
#
# <colnr> <probs for GDERKNQSTAVLIFYWHMCP>
#	G	D	E	R	K	N	Q	S	T	A	V	L	I	F	Y	W	H	M	C	P
0	0.22082	0.01989	0.02774	0.41922	0.05903	0.02429	0.02479	0.02911	0.02084	0.03412	0.01813	0.02569	0.01372	0.01067	0.00967	0.00356	0.01272	0.00856	0.00541	0.01202
1	0.03326	0.05946	0.06958	0.04402	0.27285	0.02409	0.05834	0.04083	0.05540	0.19039	0.02831	0.03017	0.02064	0.01111	0.01076	0.00330	0.01208	0.01013	0.00805	0.01723
2	0.50203	0.02033	0.01878	0.01584	0.02309	0.02195	0.01306	0.03832	0.02232	0.19983	0.02346	0.02348	0.01632	0.01112	0.00800	0.00337	0.00869	0.00741	0.00875	0.01382
3	0.23079	0.03320	0.21892	0.02218	0.03293	0.02195	0.02368	0.04004	0.02444	0.21390	0.02613	0.02617	0.01764	0.01134	0.00949	0.00340	0.01154	0.00839	0.00822	0.01565
4	0.02318	0.01999	0.03244	0.44575	0.11567	0.02294	0.02803	0.02994	0.02277	0.06187	0.02095	0.02872	0.01574	0.01066	0.01062	0.00338	0.01342	0.00945	0.00559	0.07889
5	0.02414	0.01675	0.01871	0.01668	0.02049	0.01779	0.01230	0.08786	0.15725	0.07191	0.12216	0.05476	0.04426	0.19462	0.02423	0.00551	0.00870	0.01403	0.07540	0.01245
6	0.04270	0.01698	0.02272	0.01791	0.02517	0.01487	0.01462	0.04710	0.03035	0.45348	0.09328	0.04198	0.03482	0.01431	0.01083	0.00330	0.00844	0.01178	0.07846	0.01689
7	0.01568	0.01260	0.01881	0.18617	0.03349	0.01357	0.01613	0.01950	0.02217	0.02946	0.09724	0.38314	0.05813	0.02603	0.01291	0.00409	0.00865	0.02351	0.00874	0.00997
8	0.02036	0.01251	0.01684	0.01634	0.01964	0.01170	0.01319	0.02535	0.02919	0.10614	0.33461	0.08812	0.08122	0.02349	0.01327	0.00390	0.00713	0.15412	0.01161	0.01127
9	0.02570	0.01958	0.02216	0.01894	0.02412	0.02093	0.01490	0.17496	0.14494	0.05157	0.28122	0.05617	0.06271	0.01793	0.01190	0.00344	0.00794	0.01517	0.01148	0.01425
10	0.22540	0.02273	0.02209	0.01985	0.02619	0.02633	0.01564	0.05024	0.37726	0.04660	0.03570	0.03385	0.02690	0.01340	0.00980	0.00360	0.00857	0.01042	0.00980	0.01564
11	0.02779	0.02742	0.10269	0.19300	0.27885	0.02472	0.03093	0.05880	0.02585	0.09166	0.02283	0.02810	0.01724	0.01069	0.01079	0.00339	0.01331	0.00964	0.00631	0.01597
12	0.50203	0.02033	0.01878	0.01584	0.02309	0.02195	0.01306	0.03832	0.02232	0.19983	0.02346	0.02348	0.01632	0.01112	0.00800	0.00337	0.00869	0.00741	0.00875	0.01382
13	0.01573	0.01074	0.01269	0.01244	0.01320	0.01049	0.00770	0.01726	0.02032	0.02786	0.18564	0.07436	0.05845	0.43999	0.04282	0.00845	0.00896	0.01700	0.00821	0.00770
14	0.14288	0.02414	0.03925	0.08540	0.12193	0.02469	0.16620	0.03136	0.02252	0.03614	0.01912	0.02516	0.01535	0.01036	0.01267	0.00329	0.07031	0.00938	0.00575	0.13409

[dist]
# distance from previous block
# <min> <max>
0	1

[block]
# block no. 4 follows, 12 sequences, length 33
# corresponding to MSA columns:
# 414-446
name=unknown_E
#
# <colnr> <probs for GDERKNQSTAVLIFYWHMCP>
#	G	D	E	R	K	N	Q	S	T	A	V	L	I	F	Y	W	H	M	C	P
0	0.03212	0.53260	0.05236	0.01877	0.02796	0.03907	0.01826	0.03572	0.02351	0.10530	0.01934	0.02044	0.01594	0.00995	0.00759	0.00249	0.01130	0.00660	0.00599	0.01468
1	0.01328	0.00949	0.01265	0.01518	0.01581	0.00886	0.01012	0.01518	0.02088	0.02783	0.06010	0.60969	0.07212	0.03416	0.01392	0.00443	0.00633	0.03100	0.01012	0.00886
2	0.01534	0.01195	0.01740	0.02295	0.09580	0.01142	0.01362	0.01793	0.02147	0.02900	0.05416	0.52224	0.06388	0.03049	0.01345	0.00425	0.00732	0.02780	0.00941	0.01012
3	0.03296	0.02440	0.06919	0.02467	0.02971	0.02581	0.02143	0.04074	0.09398	0.21556	0.02899	0.03080	0.02138	0.01586	0.02170	0.00403	0.26445	0.01032	0.00870	0.01532
4	0.01865	0.01219	0.01368	0.01267	0.01691	0.01038	0.00973	0.02196	0.02665	0.11052	0.16088	0.09147	0.40493	0.02475	0.01259	0.00360	0.00603	0.02074	0.01089	0.01076
5	0.46820	0.11098	0.02401	0.01597	0.02344	0.02562	0.01366	0.03626	0.02157	0.14447	0.02061	0.02147	0.01510	0.01066	0.00761	0.00322	0.00908	0.00688	0.00775	0.01345
6	0.03790	0.05263	0.11035	0.02854	0.03573	0.49084	0.02395	0.04219	0.02972	0.02786	0.01726	0.02017	0.01401	0.01110	0.00991	0.00291	0.01913	0.00718	0.00547	0.01316
7	0.02425	0.02658	0.05647	0.04084	0.05022	0.02502	0.43377	0.03206	0.02425	0.03286	0.02390	0.03571	0.02001	0.10038	0.01927	0.00471	0.01721	0.01332	0.00568	0.01349
8	0.04351	0.02723	0.03067	0.02352	0.03216	0.02890	0.01943	0.38548	0.04572	0.20350	0.03083	0.02920	0.02088	0.01320	0.01092	0.00330	0.01125	0.01013	0.01162	0.01855
9	0.02059	0.01938	0.03270	0.59060	0.07510	0.02422	0.03028	0.02786	0.02180	0.02786	0.01938	0.02907	0.01453	0.01090	0.01090	0.00363	0.01453	0.00969	0.00484	0.01211
10	0.02261	0.01938	0.02261	0.01615	0.02584	0.01453	0.01292	0.02745	0.02261	0.03553	0.01938	0.02261	0.01615	0.00807	0.00807	0.00161	0.00807	0.00646	0.00646	0.68346
11	0.03539	0.20312	0.15009	0.02411	0.03365	0.18047	0.02334	0.04082	0.02687	0.15070	0.02302	0.02382	0.01698	0.01104	0.00942	0.00295	0.01429	0.00783	0.00696	0.01513
12	0.01289	0.01105	0.01105	0.01105	0.01473	0.00920	0.00828	0.01565	0.02485	0.02946	0.11046	0.10493	0.54437	0.02761	0.01289	0.00368	0.00552	0.02301	0.01013	0.00920
13	0.01586	0.01057	0.01189	0.01189	0.01189	0.01057	0.00661	0.01586	0.01586	0.02114	0.03436	0.07135	0.03964	0.61681	0.05550	0.01057	0.01057	0.01586	0.00661	0.00661
14	0.02885	0.53975	0.05533	0.02541	0.10088	0.04073	0.02073	0.03276	0.02253	0.02705	0.01591	0.01882	0.01445	0.00938	0.00753	0.00246	0.01184	0.00637	0.00477	0.01445
15	0.01328	0.00949	0.01265	0.01518	0.01581	0.00886	0.01012	0.01518	0.02088	0.02783	0.06010	0.60969	0.07212	0.03416	0.01392	0.00443	0.00633	0.03100	0.01012	0.00886
16	0.02671	0.12864	0.38292	0.03057	0.07998	0.02668	0.03366	0.03655	0.02408	0.09964	0.02200	0.02434	0.01577	0.01056	0.01000	0.00327	0.01438	0.00824	0.00580	0.01621
17	0.01831	0.01211	0.01357	0.01262	0.01680	0.01032	0.00967	0.02163	0.02664	0.10534	0.16594	0.09192	0.40570	0.02484	0.01261	0.00360	0.00599	0.02083	0.01088	0.01068
18	0.02497	0.02932	0.14047	0.33964	0.09717	0.02625	0.03087	0.11441	0.02743	0.03693	0.02069	0.02718	0.01529	0.01109	0.01078	0.00350	0.01429	0.00938	0.00590	0.01443
19	0.02844	0.02130	0.02839	0.25785	0.04710	0.02420	0.02225	0.16721	0.06406	0.08198	0.07858	0.03562	0.02756	0.01322	0.01091	0.00343	0.01151	0.01103	0.05095	0.01442
20	0.02261	0.01938	0.02261	0.01615	0.02584	0.01453	0.01292	0.02745	0.02261	0.03553	0.01938	0.02261	0.01615	0.00807	0.00807	0.00161	0.00807	0.00646	0.00646	0.68346
21	0.11642	0.20959	0.10601	0.02229	0.03056	0.03179	0.02133	0.10641	0.02661	0.11056	0.02116	0.02324	0.01624	0.01217	0.01286	0.00326	0.09937	0.00800	0.00711	0.01500
22	0.02667	0.02046	0.02720	0.10992	0.09967	0.02042	0.01930	0.12637	0.03109	0.07679	0.14726	0.03982	0.03791	0.01346	0.01075	0.00301	0.00984	0.01149	0.00876	0.15982
23	0.01328	0.00949	0.01265	0.01518	0.01581	0.00886	0.01012	0.01518	0.02088	0.02783	0.06010	0.60969	0.07212	0.03416	0.01392	0.00443	0.00633	0.03100	0.01012	0.00886
24	0.02024	0.01264	0.01861	0.01779	0.02064	0.01396	0.01396	0.02418	0.01944	0.09963	0.03114	0.04203	0.02722	0.07222	0.49485	0.01554	0.02642	0.01158	0.00691	0.01097
25	0.02385	0.05379	0.50700	0.03047	0.04584	0.02618	0.03831	0.08282	0.02587	0.03799	0.02024	0.02334	0.01429	0.01063	0.01041	0.00343	0.01570	0.00823	0.00524	0.01636
26	0.02237	0.03134	0.18293	0.30041	0.05901	0.02527	0.07970	0.03458	0.09221	0.03288	0.02314	0.02900	0.01711	0.01111	0.01097	0.00360	0.01456	0.00991	0.00570	0.01420
27	0.11269	0.01308	0.01534	0.01405	0.01771	0.01263	0.01080	0.02427	0.02878	0.08143	0.40430	0.07076	0.11299	0.02028	0.01187	0.00343	0.00593	0.01735	0.01126	0.01104
28	0.01477	0.01090	0.01381	0.01355	0.01600	0.00993	0.00998	0.01912	0.02860	0.03946	0.41359	0.16010	0.16028	0.02473	0.01301	0.00361	0.00537	0.02179	0.01147	0.00993
29	0.02187	0.05640	0.56031	0.03108	0.04719	0.02532	0.04029	0.03453	0.02302	0.03453	0.01957	0.02302	0.01381	0.01036	0.01036	0.00345	0.01611	0.00806	0.00460	0.01611
30	0.02378	0.01343	0.01809	0.07274	0.02421	0.01291	0.01317	0.02893	0.02892	0.15126	0.31356	0.06108	0.06744	0.01794	0.01154	0.00332	0.00697	0.01552	0.10297	0.01222
31	0.12885	0.37099	0.15278	0.02063	0.03091	0.03465	0.02191	0.03446	0.02246	0.07014	0.01813	0.02012	0.01459	0.00997	0.00795	0.00280	0.01192	0.00668	0.00562	0.01444
32	0.02385	0.05379	0.50700	0.03047	0.04584	0.02618	0.03831	0.08282	0.02587	0.03799	0.02024	0.02334	0.01429	0.01063	0.01041	0.00343	0.01570	0.00823	0.00524	0.01636

[dist]
# distance from previous block
# <min> <max>
6	31

[block]
# block no. 5 follows, 12 sequences, length 15
# corresponding to MSA columns:
# 478-492
name=unknown_F
#
# <colnr> <probs for GDERKNQSTAVLIFYWHMCP>
#	G	D	E	R	K	N	Q	S	T	A	V	L	I	F	Y	W	H	M	C	P
0	0.52188	0.01840	0.01546	0.01433	0.01982	0.02073	0.01141	0.02860	0.02065	0.04599	0.09964	0.08762	0.03173	0.01441	0.00840	0.00349	0.00772	0.01055	0.00789	0.01128
1	0.03001	0.11282	0.03399	0.15966	0.09205	0.02622	0.02178	0.11810	0.05737	0.10872	0.06838	0.03228	0.02562	0.01226	0.01030	0.00316	0.01127	0.01008	0.00813	0.05781
2	0.13835	0.01558	0.01775	0.05403	0.02389	0.01585	0.01368	0.05746	0.02553	0.07054	0.09036	0.12667	0.12103	0.02026	0.01127	0.00366	0.00816	0.08489	0.05189	0.04913
3	0.02822	0.01880	0.05750	0.18629	0.03926	0.01719	0.01990	0.03416	0.02782	0.20489	0.19401	0.04800	0.04670	0.01534	0.01151	0.00347	0.00993	0.01320	0.00992	0.01387
4	0.14433	0.02058	0.02659	0.03088	0.16564	0.02142	0.01916	0.03879	0.13331	0.11776	0.13001	0.04040	0.03787	0.01388	0.01058	0.00342	0.00918	0.01174	0.00932	0.01514
5	0.40308	0.01884	0.01851	0.01572	0.02233	0.01986	0.01281	0.03646	0.02411	0.19611	0.10318	0.03302	0.03002	0.01295	0.00890	0.00338	0.00818	0.00947	0.00951	0.01355
6	0.02293	0.01885	0.02584	0.12495	0.11090	0.02020	0.01950	0.09379	0.08978	0.04328	0.24491	0.05189	0.05506	0.01629	0.01174	0.00345	0.00929	0.01426	0.00950	0.01359
7	0.03092	0.02257	0.02477	0.02170	0.02826	0.02518	0.01704	0.05710	0.44221	0.13474	0.04414	0.04006	0.03219	0.01457	0.01107	0.00364	0.00874	0.01209	0.01151	0.01748
8	0.48114	0.02741	0.02119	0.01830	0.02522	0.10911	0.01477	0.11762	0.02613	0.04901	0.01735	0.01948	0.01332	0.01081	0.00794	0.00327	0.01076	0.00676	0.00730	0.01311
9	0.02075	0.04850	0.46508	0.02805	0.04180	0.02270	0.03505	0.03210	0.02439	0.03613	0.11092	0.03322	0.02936	0.01244	0.01080	0.00345	0.01420	0.01009	0.00590	0.01510
10	0.02691	0.07487	0.13408	0.01978	0.02703	0.01970	0.01873	0.03579	0.09241	0.14934	0.12555	0.04708	0.04005	0.11956	0.01864	0.00461	0.01028	0.01256	0.00913	0.01391
11	0.01505	0.01126	0.01405	0.01374	0.01656	0.01026	0.01056	0.01962	0.02886	0.03924	0.39198	0.09120	0.20254	0.02434	0.01309	0.00365	0.00573	0.06688	0.01136	0.01001
12	0.01906	0.02876	0.23253	0.01993	0.02758	0.01604	0.02154	0.02661	0.02350	0.03617	0.09360	0.14390	0.03930	0.01687	0.01051	0.00336	0.00976	0.01431	0.20433	0.01233
13	0.01455	0.01111	0.01335	0.01279	0.01575	0.00991	0.00959	0.01886	0.02877	0.03875	0.39232	0.08963	0.25670	0.02415	0.01287	0.00352	0.00528	0.02087	0.01135	0.00991
14	0.01820	0.02234	0.12248	0.22279	0.04341	0.01842	0.02352	0.02484	0.02253	0.03105	0.10581	0.11571	0.03767	0.02799	0.10969	0.00610	0.01487	0.01409	0.00676	0.01173

[dist]
# distance from previous block
# <min> <max>
0	1

[block]
# block no. 6 follows, 12 sequences, length 53
# corresponding to MSA columns:
# 494-504,510-551
name=unknown_G
#
# <colnr> <probs for GDERKNQSTAVLIFYWHMCP>
#	G	D	E	R	K	N	Q	S	T	A	V	L	I	F	Y	W	H	M	C	P
0	0.02907	0.07124	0.11899	0.06967	0.08888	0.02045	0.02203	0.03537	0.02574	0.16316	0.07624	0.03259	0.02674	0.01168	0.01007	0.00292	0.01074	0.00969	0.00805	0.16668
1	0.01700	0.01381	0.01771	0.07138	0.02477	0.01224	0.01284	0.02045	0.02189	0.03049	0.04741	0.31655	0.09081	0.02281	0.01163	0.00337	0.00763	0.02022	0.00842	0.22860
2	0.02936	0.41478	0.08744	0.02087	0.02939	0.13543	0.01997	0.03361	0.02467	0.02830	0.06743	0.02457	0.02268	0.01102	0.00835	0.00261	0.01283	0.00758	0.00555	0.01355
3	0.01872	0.01793	0.09829	0.01711	0.02144	0.01246	0.01504	0.02360	0.02475	0.07695	0.17171	0.28422	0.06291	0.02373	0.01225	0.00376	0.00765	0.02096	0.07525	0.01125
4	0.09110	0.04972	0.42503	0.02832	0.04211	0.06735	0.03415	0.03641	0.02382	0.07499	0.02071	0.02331	0.01464	0.01064	0.01001	0.00339	0.01512	0.00799	0.00557	0.01561
5	0.10137	0.06997	0.03106	0.15339	0.04015	0.02678	0.02069	0.19652	0.03376	0.18043	0.02704	0.02818	0.01879	0.01210	0.01021	0.00332	0.01151	0.00939	0.00928	0.01604
6	0.01373	0.00974	0.01275	0.01473	0.01547	0.00915	0.00979	0.01574	0.02129	0.02862	0.10136	0.50917	0.07173	0.09005	0.01789	0.00494	0.00663	0.02849	0.00995	0.00877
7	0.02059	0.01938	0.03270	0.59060	0.07510	0.02422	0.03028	0.02786	0.02180	0.02786	0.01938	0.02907	0.01453	0.01090	0.01090	0.00363	0.01453	0.00969	0.00484	0.01211
8	0.08256	0.02350	0.06919	0.07369	0.03558	0.01976	0.07063	0.03808	0.06411	0.16881	0.02730	0.02865	0.01961	0.01068	0.00988	0.00290	0.01075	0.00911	0.00824	0.22694
9	0.07770	0.12136	0.07740	0.26655	0.08535	0.07817	0.02621	0.08302	0.02588	0.03442	0.01899	0.02462	0.01476	0.01074	0.00983	0.00326	0.01383	0.00844	0.00570	0.01378
10	0.01677	0.01038	0.01389	0.01559	0.01699	0.00956	0.01070	0.01889	0.02189	0.07951	0.05843	0.55371	0.06770	0.03214	0.01363	0.00433	0.00661	0.02904	0.01045	0.00980
11	0.02177	0.02215	0.04355	0.12293	0.09308	0.02209	0.25208	0.02856	0.02335	0.03166	0.02922	0.13752	0.02760	0.02120	0.06740	0.00512	0.01613	0.01532	0.00628	0.01298
12	0.14047	0.02693	0.12375	0.06617	0.03455	0.02108	0.02134	0.08038	0.02858	0.30218	0.03122	0.03004	0.02058	0.01216	0.01019	0.00340	0.01104	0.00946	0.00993	0.01656
13	0.01833	0.01141	0.01511	0.01479	0.01737	0.01045	0.01085	0.02235	0.02774	0.09346	0.33695	0.24370	0.08505	0.02510	0.01299	0.00374	0.00596	0.02235	0.01157	0.01072
14	0.01532	0.01201	0.01759	0.06541	0.07736	0.01187	0.01418	0.01812	0.02137	0.02867	0.05270	0.50234	0.06178	0.02974	0.01335	0.00424	0.00767	0.02707	0.00921	0.01001
15	0.03250	0.31441	0.08632	0.02725	0.08710	0.08560	0.02266	0.15469	0.03063	0.03835	0.01900	0.02132	0.01548	0.01057	0.00891	0.00280	0.01296	0.00753	0.00640	0.01553
16	0.08868	0.28558	0.07751	0.16414	0.04144	0.03402	0.02275	0.10655	0.02635	0.03565	0.01825	0.02216	0.01463	0.01045	0.00880	0.00298	0.01245	0.00758	0.00587	0.01418
17	0.69383	0.02109	0.01603	0.01434	0.02109	0.02446	0.01181	0.03205	0.01856	0.04892	0.01518	0.01771	0.01181	0.01012	0.00675	0.00337	0.00843	0.00590	0.00675	0.01181
18	0.01341	0.01100	0.01142	0.01135	0.01455	0.00944	0.00827	0.01607	0.02438	0.02972	0.13738	0.09944	0.45467	0.09013	0.01744	0.00440	0.00603	0.02198	0.00990	0.00901
19	0.02676	0.02139	0.03096	0.25703	0.14027	0.02407	0.02482	0.07407	0.11890	0.07778	0.02783	0.03214	0.02082	0.01192	0.01066	0.00344	0.01181	0.01033	0.06017	0.01484
20	0.04145	0.03054	0.03272	0.02509	0.03381	0.03381	0.02072	0.51243	0.05127	0.06872	0.02618	0.02618	0.01854	0.01309	0.01091	0.00327	0.01200	0.00982	0.01091	0.01854
21	0.01376	0.01029	0.01278	0.01382	0.01568	0.00932	0.00973	0.01671	0.02445	0.03241	0.19930	0.35106	0.19194	0.02948	0.01339	0.00399	0.00582	0.02614	0.01062	0.00932
22	0.04774	0.02045	0.02648	0.02030	0.02878	0.01884	0.01677	0.12588	0.03438	0.47911	0.04035	0.03538	0.02565	0.01343	0.01096	0.00336	0.00971	0.01078	0.01309	0.01855
23	0.01543	0.01115	0.01457	0.01372	0.01629	0.01029	0.01029	0.02058	0.03086	0.04372	0.54304	0.08145	0.10288	0.02229	0.01286	0.00343	0.00514	0.01972	0.01200	0.01029
24	0.01543	0.01115	0.01457	0.01372	0.01629	0.01029	0.01029	0.02058	0.03086	0.04372	0.54304	0.08145	0.10288	0.02229	0.01286	0.00343	0.00514	0.01972	0.01200	0.01029
25	0.01375	0.00968	0.01251	0.01459	0.01511	0.00917	0.00949	0.01530	0.01997	0.02662	0.05545	0.51242	0.06625	0.13944	0.02143	0.00554	0.00709	0.02826	0.00949	0.00845
26	0.02232	0.01977	0.03219	0.04634	0.32516	0.01967	0.02556	0.02769	0.02427	0.03360	0.03663	0.14468	0.03799	0.01899	0.01242	0.00390	0.01113	0.13630	0.00737	0.01403
27	0.02385	0.02385	0.03340	0.02863	0.02863	0.03340	0.02385	0.02624	0.01670	0.02624	0.01431	0.02385	0.01431	0.01908	0.03578	0.00477	0.59685	0.00954	0.00477	0.01193
28	0.04527	0.02441	0.02893	0.02218	0.03076	0.02472	0.01832	0.27763	0.04101	0.31800	0.03479	0.03177	0.02286	0.01330	0.01094	0.00332	0.01061	0.01040	0.01223	0.01855
29	0.03482	0.01565	0.02201	0.01861	0.02430	0.01501	0.01501	0.03890	0.02542	0.33174	0.03717	0.03953	0.02710	0.04238	0.24894	0.00936	0.01771	0.01127	0.01026	0.01483
30	0.02467	0.01499	0.01697	0.01502	0.02035	0.01385	0.01175	0.03227	0.10640	0.17142	0.08215	0.07681	0.32653	0.02185	0.01209	0.00360	0.00701	0.01813	0.01117	0.01295
31	0.01576	0.01095	0.01380	0.01380	0.01447	0.01161	0.00899	0.01708	0.01642	0.02256	0.03261	0.06167	0.03544	0.43512	0.23144	0.01293	0.01690	0.01444	0.00635	0.00767
32	0.02365	0.11504	0.02808	0.01655	0.02618	0.01907	0.01383	0.02828	0.02254	0.03397	0.01871	0.02180	0.01581	0.00827	0.00790	0.00173	0.00864	0.00636	0.00618	0.57743
33	0.03493	0.22145	0.17502	0.02299	0.03345	0.07712	0.02362	0.04099	0.02621	0.20613	0.02581	0.02571	0.01831	0.01117	0.00946	0.00302	0.01274	0.00824	0.00770	0.01595
34	0.02385	0.02385	0.03340	0.02863	0.02863	0.03340	0.02385	0.02624	0.01670	0.02624	0.01431	0.02385	0.01431	0.01908	0.03578	0.00477	0.59685	0.00954	0.00477	0.01193
35	0.02187	0.05640	0.56031	0.03108	0.04719	0.02532	0.04029	0.03453	0.02302	0.03453	0.01957	0.02302	0.01381	0.01036	0.01036	0.00345	0.01611	0.00806	0.00460	0.01611
36	0.02738	0.02007	0.03422	0.29746	0.05427	0.02127	0.10908	0.03378	0.02505	0.15428	0.03517	0.03914	0.07444	0.01300	0.01148	0.00358	0.01301	0.01198	0.00757	0.01378
37	0.03614	0.01839	0.02844	0.10973	0.03646	0.01748	0.06614	0.04121	0.02776	0.32640	0.04024	0.08936	0.03142	0.01608	0.01181	0.00370	0.01083	0.06215	0.01075	0.01551
38	0.01777	0.01179	0.01460	0.01352	0.01691	0.01052	0.01027	0.02220	0.02930	0.08610	0.38329	0.08368	0.21314	0.02291	0.01270	0.00349	0.00562	0.01980	0.01164	0.01075
39	0.69383	0.02109	0.01603	0.01434	0.02109	0.02446	0.01181	0.03205	0.01856	0.04892	0.01518	0.01771	0.01181	0.01012	0.00675	0.00337	0.00843	0.00590	0.00675	0.01181
40	0.03178	0.12985	0.13570	0.12373	0.07756	0.02700	0.06380	0.08413	0.02769	0.15768	0.02520	0.02750	0.01797	0.01114	0.01031	0.00326	0.01306	0.00930	0.00748	0.01586
41	0.01359	0.01001	0.01273	0.01430	0.01573	0.00915	0.00987	0.01616	0.02317	0.03077	0.14939	0.44275	0.15006	0.03115	0.01358	0.00414	0.00600	0.02786	0.01044	0.00915
42	0.04892	0.01856	0.02530	0.01940	0.02783	0.01603	0.01603	0.05314	0.03121	0.55634	0.04302	0.03711	0.02699	0.01350	0.01096	0.00337	0.00928	0.01096	0.01350	0.01856
43	0.02248	0.02329	0.08948	0.40487	0.06289	0.02285	0.06626	0.02985	0.02280	0.06490	0.02437	0.07410	0.01993	0.01269	0.01124	0.00366	0.01401	0.01151	0.00587	0.01293
44	0.02421	0.09869	0.47321	0.02956	0.04448	0.02749	0.03682	0.07741	0.02550	0.03691	0.01982	0.02287	0.01425	0.01052	0.01014	0.00335	0.01539	0.00804	0.00518	0.01617
45	0.01607	0.01148	0.01584	0.01836	0.02021	0.01125	0.01495	0.01999	0.02362	0.03095	0.05856	0.29391	0.06604	0.03154	0.01466	0.00481	0.00874	0.31934	0.01007	0.00962
46	0.69383	0.02109	0.01603	0.01434	0.02109	0.02446	0.01181	0.03205	0.01856	0.04892	0.01518	0.01771	0.01181	0.01012	0.00675	0.00337	0.00843	0.00590	0.00675	0.01181
47	0.01586	0.01057	0.01189	0.01189	0.01189	0.01057	0.00661	0.01586	0.01586	0.02114	0.03436	0.07135	0.03964	0.61681	0.05550	0.01057	0.01057	0.01586	0.00661	0.00661
48	0.02456	0.03908	0.27005	0.02985	0.04122	0.02639	0.10405	0.04391	0.22480	0.03900	0.02983	0.03104	0.02198	0.01194	0.01104	0.00359	0.01349	0.01050	0.00733	0.01635
49	0.02497	0.02763	0.05659	0.09225	0.05412	0.02819	0.38920	0.03291	0.02395	0.03291	0.02059	0.02850	0.01601	0.01091	0.01632	0.00385	0.10966	0.01205	0.00534	0.01403
50	0.01496	0.01113	0.01392	0.01322	0.01600	0.01009	0.00992	0.01966	0.02975	0.04108	0.46300	0.08579	0.18456	0.02328	0.01286	0.00348	0.00521	0.02033	0.01166	0.01009
51	0.03843	0.02514	0.02797	0.02212	0.02959	0.02689	0.01800	0.35661	0.04312	0.14005	0.03265	0.08193	0.02547	0.01503	0.01093	0.00334	0.01051	0.01195	0.06325	0.01701
52	0.01725	0.01278	0.01570	0.01660	0.01861	0.01287	0.01174	0.06453	0.07017	0.03438	0.09329	0.46434	0.06616	0.02958	0.01331	0.00418	0.00696	0.02652	0.01043	0.01060

[dist]
# distance from previous block
# <min> <max>
0	6

[block]
# block no. 7 follows, 12 sequences, length 37
# corresponding to MSA columns:
# 558-594
name=unknown_H
#
# <colnr> <probs for GDERKNQSTAVLIFYWHMCP>
#	G	D	E	R	K	N	Q	S	T	A	V	L	I	F	Y	W	H	M	C	P
0	0.01807	0.01212	0.01623	0.01829	0.02080	0.01212	0.01577	0.02310	0.02470	0.03408	0.05372	0.10810	0.05646	0.02697	0.01372	0.00457	0.00914	0.39126	0.13072	0.01006
1	0.02001	0.01310	0.01666	0.01512	0.01865	0.01251	0.01155	0.02755	0.07909	0.09675	0.44326	0.07293	0.08833	0.02066	0.01249	0.00345	0.00591	0.01810	0.01207	0.01181
2	0.02386	0.02282	0.03810	0.29482	0.28898	0.02589	0.03113	0.03029	0.02270	0.03128	0.01941	0.02760	0.01577	0.01115	0.01326	0.00356	0.07013	0.00969	0.00509	0.01447
3	0.02564	0.01396	0.01892	0.01864	0.02288	0.01305	0.01579	0.03027	0.02724	0.17734	0.09825	0.09446	0.09504	0.02470	0.01358	0.00433	0.00906	0.27337	0.01116	0.01234
4	0.01543	0.01115	0.01457	0.01372	0.01629	0.01029	0.01029	0.02058	0.03086	0.04372	0.54304	0.08145	0.10288	0.02229	0.01286	0.00343	0.00514	0.01972	0.01200	0.01029
5	0.02261	0.01938	0.02261	0.01615	0.02584	0.01453	0.01292	0.02745	0.02261	0.03553	0.01938	0.02261	0.01615	0.00807	0.00807	0.00161	0.00807	0.00646	0.00646	0.68346
6	0.02059	0.01938	0.03270	0.59060	0.07510	0.02422	0.03028	0.02786	0.02180	0.02786	0.01938	0.02907	0.01453	0.01090	0.01090	0.00363	0.01453	0.00969	0.00484	0.01211
7	0.69383	0.02109	0.01603	0.01434	0.02109	0.02446	0.01181	0.03205	0.01856	0.04892	0.01518	0.01771	0.01181	0.01012	0.00675	0.00337	0.00843	0.00590	0.00675	0.01181
8	0.01934	0.01650	0.02183	0.01974	0.01992	0.02086	0.01481	0.02074	0.01638	0.02375	0.02510	0.04794	0.02741	0.30630	0.09362	0.00865	0.26944	0.01271	0.00573	0.00922
9	0.02712	0.02342	0.02465	0.02219	0.02835	0.02712	0.01726	0.05794	0.52909	0.04561	0.04438	0.04068	0.03328	0.01479	0.01109	0.00370	0.00863	0.01233	0.01109	0.01726
10	0.15536	0.01897	0.02377	0.01856	0.02672	0.01742	0.01533	0.04966	0.02912	0.47259	0.03842	0.03391	0.02448	0.01294	0.01027	0.00337	0.00914	0.01013	0.01238	0.01744
11	0.04493	0.02205	0.02711	0.02111	0.02939	0.02159	0.01733	0.16957	0.08443	0.38382	0.03890	0.03470	0.02547	0.01352	0.01096	0.00338	0.00990	0.01081	0.01261	0.01843
12	0.03423	0.01531	0.02060	0.01691	0.02277	0.01351	0.01351	0.03885	0.03106	0.33147	0.26236	0.05656	0.06028	0.01735	0.01180	0.00340	0.00746	0.01480	0.01284	0.01493
13	0.02915	0.62337	0.05714	0.01866	0.02799	0.04314	0.01866	0.03265	0.02215	0.02565	0.01516	0.01749	0.01399	0.00933	0.00700	0.00233	0.01166	0.00583	0.00466	0.01399
14	0.04825	0.01963	0.02597	0.01991	0.02837	0.01763	0.01645	0.09447	0.03301	0.51246	0.04150	0.03613	0.02623	0.01346	0.01096	0.00336	0.00952	0.01086	0.01326	0.01855
15	0.01558	0.01168	0.01752	0.01752	0.01947	0.01363	0.01363	0.01947	0.01752	0.02531	0.02921	0.04283	0.02726	0.08178	0.57360	0.01752	0.02921	0.01168	0.00584	0.00974
16	0.01328	0.00949	0.01265	0.01518	0.01581	0.00886	0.01012	0.01518	0.02088	0.02783	0.06010	0.60969	0.07212	0.03416	0.01392	0.00443	0.00633	0.03100	0.01012	0.00886
17	0.02712	0.02342	0.02465	0.02219	0.02835	0.02712	0.01726	0.05794	0.52909	0.04561	0.04438	0.04068	0.03328	0.01479	0.01109	0.00370	0.00863	0.01233	0.01109	0.01726
18	0.02261	0.01938	0.02261	0.01615	0.02584	0.01453	0.01292	0.02745	0.02261	0.03553	0.01938	0.02261	0.01615	0.00807	0.00807	0.00161	0.00807	0.00646	0.00646	0.68346
19	0.02299	0.01947	0.02672	0.02638	0.07691	0.02483	0.01940	0.02671	0.01961	0.03204	0.02208	0.02981	0.01919	0.01598	0.02376	0.00386	0.33807	0.00977	0.23054	0.01189
20	0.01289	0.01105	0.01105	0.01105	0.01473	0.00920	0.00828	0.01565	0.02485	0.02946	0.11046	0.10493	0.54437	0.02761	0.01289	0.00368	0.00552	0.02301	0.01013	0.00920
21	0.02062	0.01838	0.03001	0.26345	0.18222	0.02025	0.02577	0.02645	0.02302	0.03073	0.03267	0.13594	0.03259	0.01754	0.01206	0.00389	0.01205	0.09302	0.00671	0.01261
22	0.02293	0.02823	0.13513	0.30602	0.13826	0.02518	0.03061	0.03494	0.10496	0.03328	0.02366	0.02945	0.01788	0.01124	0.01081	0.00355	0.01363	0.00981	0.00590	0.01455
23	0.01558	0.01168	0.01752	0.01752	0.01947	0.01363	0.01363	0.01947	0.01752	0.02531	0.02921	0.04283	0.02726	0.08178	0.57360	0.01752	0.02921	0.01168	0.00584	0.00974
24	0.01325	0.01066	0.01182	0.01237	0.01517	0.00923	0.00896	0.01604	0.02446	0.03051	0.14223	0.23105	0.37860	0.02873	0.01315	0.00385	0.00569	0.02471	0.01032	0.00923
25	0.03095	0.18148	0.12637	0.03326	0.09258	0.02969	0.15170	0.07404	0.02716	0.11590	0.02335	0.02613	0.01734	0.01042	0.01035	0.00318	0.01388	0.00951	0.00680	0.01590
26	0.08973	0.11249	0.03019	0.02099	0.02850	0.02841	0.01736	0.12617	0.24386	0.13728	0.03434	0.03228	0.02507	0.01308	0.01007	0.00334	0.00973	0.01017	0.01017	0.01676
27	0.01586	0.01057	0.01189	0.01189	0.01189	0.01057	0.00661	0.01586	0.01586	0.02114	0.03436	0.07135	0.03964	0.61681	0.05550	0.01057	0.01057	0.01586	0.00661	0.00661
28	0.02153	0.01804	0.03184	0.02585	0.03127	0.01713	0.17528	0.02865	0.06103	0.07544	0.13556	0.23528	0.05335	0.02075	0.01295	0.00386	0.01046	0.02005	0.00929	0.01240
29	0.14216	0.07868	0.12855	0.07354	0.03612	0.02657	0.02254	0.15817	0.03111	0.16304	0.02549	0.02626	0.01776	0.01169	0.00982	0.00330	0.01177	0.00878	0.00859	0.01605
30	0.69383	0.02109	0.01603	0.01434	0.02109	0.02446	0.01181	0.03205	0.01856	0.04892	0.01518	0.01771	0.01181	0.01012	0.00675	0.00337	0.00843	0.00590	0.00675	0.01181
31	0.01586	0.01057	0.01189	0.01189	0.01189	0.01057	0.00661	0.01586	0.01586	0.02114	0.03436	0.07135	0.03964	0.61681	0.05550	0.01057	0.01057	0.01586	0.00661	0.00661
32	0.02915	0.62337	0.05714	0.01866	0.02799	0.04314	0.01866	0.03265	0.02215	0.02565	0.01516	0.01749	0.01399	0.00933	0.00700	0.00233	0.01166	0.00583	0.00466	0.01399
33	0.03215	0.20006	0.24822	0.02429	0.03605	0.02849	0.02679	0.07454	0.02697	0.16619	0.02477	0.02530	0.01754	0.01107	0.00963	0.00311	0.01286	0.00831	0.00733	0.01633
34	0.69383	0.02109	0.01603	0.01434	0.02109	0.02446	0.01181	0.03205	0.01856	0.04892	0.01518	0.01771	0.01181	0.01012	0.00675	0.00337	0.00843	0.00590	0.00675	0.01181
35	0.01325	0.00963	0.01251	0.01481	0.01572	0.00889	0.00996	0.01522	0.02123	0.02798	0.06464	0.56412	0.11475	0.03357	0.01382	0.00436	0.00625	0.03028	0.01012	0.00889
36	0.02492	0.02286	0.03704	0.22384	0.21349	0.02483	0.07142	0.06863	0.06835	0.03604	0.02655	0.03887	0.02245	0.01284	0.01149	0.00363	0.01322	0.05823	0.00660	0.01471

[dist]
# distance from previous block
# <min> <max>
0	4

[block]
# block no. 8 follows, 12 sequences, length 11
# corresponding to MSA columns:
# 599-609
name=unknown_I
#
# <colnr> <probs for GDERKNQSTAVLIFYWHMCP>
#	G	D	E	R	K	N	Q	S	T	A	V	L	I	F	Y	W	H	M	C	P
0	0.09103	0.40679	0.04794	0.02628	0.11293	0.03576	0.02019	0.03489	0.02322	0.08546	0.01898	0.02114	0.01571	0.00990	0.00802	0.00269	0.01133	0.00702	0.00591	0.01482
