[name]
unknown

[dist]
# distance from previous block
# <min> <max>
0	104

[block]
# block no. 0 follows, 12 sequences, length 12
# corresponding to MSA columns:
# 134-145
name=unknown_A
#
# <colnr> <probs for GDERKNQSTAVLIFYWHMCP>
#	G	D	E	R	K	N	Q	S	T	A	V	L	I	F	Y	W	H	M	C	P
0	0.01553	0.01149	0.01472	0.01489	0.01764	0.01068	0.01182	0.02021	0.02829	0.03828	0.33918	0.09646	0.17194	0.02528	0.01344	0.00389	0.00648	0.13861	0.01116	0.01003
1	0.03620	0.02634	0.02859	0.02329	0.03092	0.02920	0.01879	0.27517	0.24956	0.10862	0.03552	0.03337	0.02558	0.01384	0.01099	0.00346	0.01031	0.01099	0.01125	0.01801
2	0.01543	0.01115	0.01457	0.01372	0.01629	0.01029	0.01029	0.02058	0.03086	0.04372	0.54304	0.08145	0.10288	0.02229	0.01286	0.00343	0.00514	0.01972	0.01200	0.01029
3	0.04759	0.02069	0.02663	0.02041	0.02890	0.01920	0.01686	0.13508	0.03479	0.46935	0.04001	0.03516	0.02548	0.01342	0.01095	0.00336	0.00976	0.01076	0.01303	0.01855
4	0.02275	0.02266	0.04164	0.38585	0.14525	0.02524	0.13866	0.03033	0.02316	0.03067	0.02016	0.02882	0.01542	0.01033	0.01133	0.00358	0.01515	0.01041	0.00508	0.01351
5	0.02059	0.01938	0.03270	0.59060	0.07510	0.02422	0.03028	0.02786	0.02180	0.02786	0.01938	0.02907	0.01453	0.01090	0.01090	0.00363	0.01453	0.00969	0.00484	0.01211
6	0.01543	0.01115	0.01457	0.01372	0.01629	0.01029	0.01029	0.02058	0.03086	0.04372	0.54304	0.08145	0.10288	0.02229	0.01286	0.00343	0.00514	0.01972	0.01200	0.01029
7	0.04775	0.02043	0.02647	0.02029	0.02877	0.01881	0.01676	0.12512	0.03435	0.47993	0.04038	0.03540	0.02567	0.01343	0.01096	0.00336	0.00970	0.01078	0.01309	0.01855
8	0.02630	0.19080	0.26107	0.03156	0.04377	0.07719	0.15441	0.03493	0.02418	0.03174	0.01888	0.02300	0.01458	0.00987	0.01012	0.00318	0.01589	0.00865	0.00494	0.01492
9	0.02187	0.05640	0.56031	0.03108	0.04719	0.02532	0.04029	0.03453	0.02302	0.03453	0.01957	0.02302	0.01381	0.01036	0.01036	0.00345	0.01611	0.00806	0.00460	0.01611
10	0.01929	0.01511	0.01837	0.01921	0.02284	0.01577	0.01603	0.03058	0.15445	0.03547	0.06257	0.09903	0.13066	0.02579	0.01370	0.00447	0.00897	0.28562	0.01032	0.01176
11	0.69383	0.02109	0.01603	0.01434	0.02109	0.02446	0.01181	0.03205	0.01856	0.04892	0.01518	0.01771	0.01181	0.01012	0.00675	0.00337	0.00843	0.00590	0.00675	0.01181

[dist]
# distance from previous block
# <min> <max>
0	2

[block]
# block no. 1 follows, 12 sequences, length 71
# corresponding to MSA columns:
# 148-218
name=unknown_B
#
# <colnr> <probs for GDERKNQSTAVLIFYWHMCP>
#	G	D	E	R	K	N	Q	S	T	A	V	L	I	F	Y	W	H	M	C	P
0	0.08839	0.02062	0.02138	0.01940	0.02488	0.02345	0.01508	0.04838	0.37913	0.04525	0.09468	0.04291	0.03827	0.01496	0.01055	0.00353	0.00790	0.01231	0.07361	0.01532
1	0.02702	0.08036	0.21967	0.04524	0.24680	0.02639	0.08470	0.03548	0.02462	0.07565	0.02174	0.02601	0.01655	0.01015	0.01060	0.00330	0.01422	0.00931	0.00573	0.01646
2	0.01492	0.01201	0.01576	0.01676	0.01772	0.01284	0.01207	0.01702	0.02076	0.02780	0.05977	0.44536	0.12868	0.03083	0.01728	0.00438	0.10093	0.02644	0.00926	0.00940
3	0.69383	0.02109	0.01603	0.01434	0.02109	0.02446	0.01181	0.03205	0.01856	0.04892	0.01518	0.01771	0.01181	0.01012	0.00675	0.00337	0.00843	0.00590	0.00675	0.01181
4	0.08182	0.13863	0.03746	0.02745	0.07251	0.02995	0.05443	0.08236	0.06563	0.13141	0.02432	0.02679	0.01867	0.01317	0.01564	0.00352	0.14406	0.00931	0.00767	0.01520
5	0.02141	0.02400	0.09221	0.04140	0.22627	0.02012	0.10412	0.02739	0.02339	0.03265	0.03459	0.23200	0.03608	0.01830	0.01219	0.00375	0.01185	0.01754	0.00699	0.01376
6	0.01543	0.01115	0.01457	0.01372	0.01629	0.01029	0.01029	0.02058	0.03086	0.04372	0.54304	0.08145	0.10288	0.02229	0.01286	0.00343	0.00514	0.01972	0.01200	0.01029
7	0.69383	0.02109	0.01603	0.01434	0.02109	0.02446	0.01181	0.03205	0.01856	0.04892	0.01518	0.01771	0.01181	0.01012	0.00675	0.00337	0.00843	0.00590	0.00675	0.01181
8	0.01558	0.01168	0.01752	0.01752	0.01947	0.01363	0.01363	0.01947	0.01752	0.02531	0.02921	0.04283	0.02726	0.08178	0.57360	0.01752	0.02921	0.01168	0.00584	0.00974
9	0.10559	0.02080	0.02473	0.01937	0.02716	0.02042	0.01593	0.15557	0.03390	0.34598	0.03575	0.03306	0.02367	0.01301	0.01024	0.00327	0.00944	0.01014	0.07486	0.01712
10	0.01362	0.01107	0.01206	0.01181	0.01517	0.00951	0.00886	0.01706	0.02657	0.03354	0.23435	0.09821	0.41792	0.02609	0.01288	0.00361	0.00541	0.02207	0.01066	0.00951
11	0.02059	0.01938	0.03270	0.59060	0.07510	0.02422	0.03028	0.02786	0.02180	0.02786	0.01938	0.02907	0.01453	0.01090	0.01090	0.00363	0.01453	0.00969	0.00484	0.01211
12	0.01586	0.01057	0.01189	0.01189	0.01189	0.01057	0.00661	0.01586	0.01586	0.02114	0.03436	0.07135	0.03964	0.61681	0.05550	0.01057	0.01057	0.01586	0.00661	0.00661
13	0.02573	0.35701	0.29353	0.02449	0.03701	0.03477	0.02882	0.03353	0.02256	0.02982	0.01723	0.02009	0.01391	0.00981	0.00858	0.00286	0.01375	0.00688	0.00464	0.01499
14	0.02915	0.62337	0.05714	0.01866	0.02799	0.04314	0.01866	0.03265	0.02215	0.02565	0.01516	0.01749	0.01399	0.00933	0.00700	0.00233	0.01166	0.00583	0.00466	0.01399
15	0.01837	0.01455	0.02164	0.17751	0.07255	0.01549	0.01791	0.02418	0.02666	0.03751	0.27024	0.06251	0.06157	0.01795	0.01185	0.00352	0.00873	0.05358	0.07240	0.01128
16	0.03491	0.02729	0.02904	0.02377	0.03132	0.03076	0.01914	0.30517	0.26917	0.05818	0.03448	0.03279	0.02527	0.01387	0.01099	0.00347	0.01046	0.01096	0.01099	0.01796
17	0.10297	0.02965	0.03115	0.02407	0.03261	0.03293	0.01988	0.46713	0.04818	0.06685	0.02514	0.02538	0.01791	0.01281	0.01052	0.00328	0.01166	0.00945	0.01052	0.01791
18	0.07768	0.02878	0.15986	0.02049	0.03134	0.01833	0.02046	0.03486	0.02417	0.14294	0.02396	0.02532	0.01745	0.00992	0.00915	0.00257	0.01040	0.00775	0.00745	0.32711
19	0.03709	0.08622	0.12241	0.02699	0.03725	0.02607	0.10482	0.14929	0.03266	0.22364	0.02926	0.02922	0.01996	0.01178	0.01080	0.00332	0.01276	0.01008	0.00930	0.01708
20	0.02712	0.02342	0.02465	0.02219	0.02835	0.02712	0.01726	0.05794	0.52909	0.04561	0.04438	0.04068	0.03328	0.01479	0.01109	0.00370	0.00863	0.01233	0.01109	0.01726
21	0.02151	0.01937	0.03102	0.50083	0.06709	0.02364	0.02789	0.06229	0.02388	0.03085	0.02330	0.07764	0.01967	0.01302	0.01116	0.00367	0.01366	0.01149	0.00573	0.01231
22	0.01289	0.01105	0.01105	0.01105	0.01473	0.00920	0.00828	0.01565	0.02485	0.02946	0.11046	0.10493	0.54437	0.02761	0.01289	0.00368	0.00552	0.02301	0.01013	0.00920
23	0.02699	0.02591	0.04426	0.06693	0.54879	0.02591	0.03346	0.03346	0.02483	0.03562	0.02051	0.02699	0.01727	0.00972	0.01079	0.00324	0.01295	0.00972	0.00540	0.01727
24	0.01567	0.01129	0.01554	0.01554	0.01680	0.01255	0.01116	0.01820	0.01694	0.02384	0.03102	0.05287	0.03162	0.27004	0.39129	0.01508	0.02265	0.01315	0.00611	0.00863
25	0.01484	0.01053	0.01409	0.01637	0.01752	0.01015	0.01208	0.01752	0.02170	0.02867	0.05693	0.40927	0.06616	0.08813	0.01821	0.00519	0.00787	0.16599	0.00976	0.00901
26	0.02712	0.02342	0.02465	0.02219	0.02835	0.02712	0.01726	0.05794	0.52909	0.04561	0.04438	0.04068	0.03328	0.01479	0.01109	0.00370	0.00863	0.01233	0.01109	0.01726
27	0.02915	0.62337	0.05714	0.01866	0.02799	0.04314	0.01866	0.03265	0.02215	0.02565	0.01516	0.01749	0.01399	0.00933	0.00700	0.00233	0.01166	0.00583	0.00466	0.01399
28	0.69383	0.02109	0.01603	0.01434	0.02109	0.02446	0.01181	0.03205	0.01856	0.04892	0.01518	0.01771	0.01181	0.01012	0.00675	0.00337	0.00843	0.00590	0.00675	0.01181
29	0.01666	0.01190	0.01652	0.01904	0.02115	0.01176	0.01599	0.02101	0.02420	0.03161	0.05823	0.22650	0.06474	0.03098	0.01482	0.00489	0.00925	0.38089	0.01006	0.00979
30	0.01328	0.00949	0.01265	0.01518	0.01581	0.00886	0.01012	0.01518	0.02088	0.02783	0.06010	0.60969	0.07212	0.03416	0.01392	0.00443	0.00633	0.03100	0.01012	0.00886
31	0.01352	0.00967	0.01286	0.01502	0.01587	0.00901	0.01014	0.01577	0.02196	0.02955	0.11229	0.55260	0.07544	0.03288	0.01380	0.00432	0.00620	0.02978	0.01032	0.00901
32	0.02059	0.01938	0.03270	0.59060	0.07510	0.02422	0.03028	0.02786	0.02180	0.02786	0.01938	0.02907	0.01453	0.01090	0.01090	0.00363	0.01453	0.00969	0.00484	0.01211
33	0.02187	0.05640	0.56031	0.03108	0.04719	0.02532	0.04029	0.03453	0.02302	0.03453	0.01957	0.02302	0.01381	0.01036	0.01036	0.00345	0.01611	0.00806	0.00460	0.01611
34	0.04555	0.01872	0.02444	0.01897	0.02686	0.01690	0.01559	0.08777	0.03203	0.46684	0.04093	0.03657	0.02640	0.01339	0.01064	0.00328	0.00909	0.01079	0.07750	0.01774
35	0.01404	0.01005	0.01344	0.01542	0.01655	0.00944	0.01087	0.01676	0.02289	0.03085	0.13732	0.47789	0.07614	0.03187	0.01386	0.00433	0.00650	0.07218	0.01042	0.00920
36	0.07083	0.01574	0.01539	0.01511	0.01840	0.06450	0.01151	0.02205	0.02691	0.03640	0.25313	0.12994	0.19525	0.02344	0.01238	0.00366	0.00740	0.05762	0.01015	0.01020
37	0.02915	0.62337	0.05714	0.01866	0.02799	0.04314	0.01866	0.03265	0.02215	0.02565	0.01516	0.01749	0.01399	0.00933	0.00700	0.00233	0.01166	0.00583	0.00466	0.01399
38	0.02516	0.01930	0.02287	0.01646	0.02603	0.01468	0.01322	0.02994	0.02344	0.08591	0.02167	0.02401	0.01720	0.00860	0.00835	0.00179	0.00819	0.00690	0.00714	0.61914
39	0.01663	0.01676	0.06929	0.02135	0.06005	0.01370	0.01556	0.02304	0.07631	0.03099	0.05152	0.44788	0.05818	0.02794	0.01303	0.00417	0.00802	0.02517	0.00934	0.01110
40	0.01328	0.00949	0.01265	0.01518	0.01581	0.00886	0.01012	0.01518	0.02088	0.02783	0.06010	0.60969	0.07212	0.03416	0.01392	0.00443	0.00633	0.03100	0.01012	0.00886
41	0.03643	0.03169	0.03971	0.03554	0.11947	0.08367	0.10514	0.31052	0.04079	0.05370	0.02368	0.02622	0.01757	0.01172	0.01112	0.00329	0.01397	0.01004	0.00861	0.01712
42	0.02277	0.02161	0.03664	0.41195	0.23669	0.02480	0.03137	0.02977	0.02283	0.03051	0.01977	0.02836	0.01547	0.01050	0.01086	0.00350	0.01400	0.00970	0.00503	0.01387
43	0.01558	0.01168	0.01752	0.01752	0.01947	0.01363	0.01363	0.01947	0.01752	0.02531	0.02921	0.04283	0.02726	0.08178	0.57360	0.01752	0.02921	0.01168	0.00584	0.00974
44	0.26027	0.02282	0.03187	0.15979	0.26236	0.02504	0.02517	0.03177	0.02198	0.03865	0.01839	0.02417	0.01477	0.01011	0.00939	0.00337	0.01170	0.00837	0.00575	0.01425
45	0.01814	0.01183	0.01495	0.01377	0.01710	0.01064	0.01047	0.02277	0.02981	0.08971	0.41722	0.08151	0.17575	0.02242	0.01269	0.00347	0.00560	0.01949	0.01180	0.01087
46	0.01478	0.01112	0.01367	0.01304	0.01589	0.01001	0.00978	0.01932	0.02933	0.04008	0.43267	0.08744	0.21552	0.02365	0.01287	0.00349	0.00524	0.02056	0.01152	0.01001
47	0.01514	0.01132	0.01427	0.01482	0.01747	0.01046	0.01164	0.01934	0.02692	0.03578	0.26366	0.14809	0.20072	0.02677	0.01353	0.00400	0.00661	0.13878	0.01085	0.00982
48	0.01348	0.01052	0.01224	0.01298	0.01539	0.00928	0.00929	0.01637	0.02453	0.03144	0.17009	0.27812	0.29948	0.02896	0.01324	0.00390	0.00574	0.02523	0.01046	0.00928
49	0.02915	0.62337	0.05714	0.01866	0.02799	0.04314	0.01866	0.03265	0.02215	0.02565	0.01516	0.01749	0.01399	0.00933	0.00700	0.00233	0.01166	0.00583	0.00466	0.01399
50	0.02187	0.05640	0.56031	0.03108	0.04719	0.02532	0.04029	0.03453	0.02302	0.03453	0.01957	0.02302	0.01381	0.01036	0.01036	0.00345	0.01611	0.00806	0.00460	0.01611
51	0.04892	0.01856	0.02530	0.01940	0.02783	0.01603	0.01603	0.05314	0.03121	0.55634	0.04302	0.03711	0.02699	0.01350	0.01096	0.00337	0.00928	0.01096	0.01350	0.01856
52	0.02385	0.02385	0.03340	0.02863	0.02863	0.03340	0.02385	0.02624	0.01670	0.02624	0.01431	0.02385	0.01431	0.01908	0.03578	0.00477	0.59685	0.00954	0.00477	0.01193
53	0.02187	0.05640	0.56031	0.03108	0.04719	0.02532	0.04029	0.03453	0.02302	0.03453	0.01957	0.02302	0.01381	0.01036	0.01036	0.00345	0.01611	0.00806	0.00460	0.01611
54	0.02059	0.01938	0.03270	0.59060	0.07510	0.02422	0.03028	0.02786	0.02180	0.02786	0.01938	0.02907	0.01453	0.01090	0.01090	0.00363	0.01453	0.00969	0.00484	0.01211
55	0.02712	0.02342	0.02465	0.02219	0.02835	0.02712	0.01726	0.05794	0.52909	0.04561	0.04438	0.04068	0.03328	0.01479	0.01109	0.00370	0.00863	0.01233	0.01109	0.01726
56	0.01444	0.01038	0.01369	0.01439	0.01607	0.00963	0.01021	0.01810	0.02627	0.03642	0.32091	0.32442	0.08873	0.02775	0.01335	0.00389	0.00569	0.02491	0.01114	0.00963
57	0.03064	0.02450	0.04375	0.03259	0.04049	0.02459	0.23232	0.03670	0.02481	0.16003	0.02522	0.02937	0.01857	0.01222	0.01676	0.00361	0.13808	0.01100	0.00740	0.08733
58	0.02712	0.02342	0.02465	0.02219	0.02835	0.02712	0.01726	0.05794	0.52909	0.04561	0.04438	0.04068	0.03328	0.01479	0.01109	0.00370	0.00863	0.01233	0.01109	0.01726
59	0.02836	0.56209	0.11152	0.02000	0.03006	0.04122	0.02099	0.03285	0.02225	0.02661	0.01564	0.01809	0.01397	0.00944	0.00736	0.00245	0.01214	0.00607	0.00466	0.01422
60	0.01531	0.01093	0.01325	0.01279	0.01457	0.01027	0.00878	0.01838	0.02493	0.03424	0.31729	0.08043	0.12834	0.23206	0.02787	0.00597	0.00709	0.01872	0.00990	0.00888
61	0.01328	0.00949	0.01265	0.01518	0.01581	0.00886	0.01012	0.01518	0.02088	0.02783	0.06010	0.60969	0.07212	0.03416	0.01392	0.00443	0.00633	0.03100	0.01012	0.00886
62	0.01413	0.00985	0.01240	0.01410	0.01452	0.00942	0.00896	0.01540	0.01922	0.02562	0.05159	0.43183	0.06139	0.22666	0.02765	0.00646	0.00773	0.02599	0.00896	0.00811
63	0.69383	0.02109	0.01603	0.01434	0.02109	0.02446	0.01181	0.03205	0.01856	0.04892	0.01518	0.01771	0.01181	0.01012	0.00675	0.00337	0.00843	0.00590	0.00675	0.01181
64	0.01815	0.01439	0.01688	0.01765	0.02023	0.01528	0.01263	0.03023	0.19970	0.03409	0.05457	0.40947	0.05845	0.02735	0.01292	0.00417	0.00714	0.02443	0.01046	0.01181
65	0.01362	0.01033	0.01266	0.01436	0.01619	0.00937	0.01033	0.01614	0.02263	0.02888	0.07631	0.39201	0.22555	0.03158	0.01370	0.00425	0.00646	0.07642	0.01011	0.00910
66	0.02637	0.02528	0.04314	0.11759	0.50297	0.02574	0.03316	0.03292	0.02453	0.03487	0.02040	0.02719	0.01701	0.00983	0.01080	0.00328	0.01311	0.00971	0.00534	0.01677
67	0.39565	0.02202	0.02775	0.02175	0.02976	0.02284	0.10846	0.03816	0.02327	0.17986	0.02383	0.02507	0.01672	0.01083	0.00903	0.00343	0.01057	0.00857	0.00829	0.01414
68	0.01807	0.01182	0.01487	0.01371	0.01706	0.01061	0.01042	0.02265	0.02968	0.08917	0.40814	0.08203	0.18527	0.02254	0.01269	0.00348	0.00561	0.01956	0.01176	0.01085
69	0.02607	0.02385	0.04824	0.03553	0.04418	0.02232	0.34600	0.03357	0.02542	0.08436	0.02924	0.08057	0.02390	0.01222	0.01199	0.00354	0.01453	0.01381	0.10679	0.01390
70	0.03336	0.07823	0.13416	0.15532	0.08501	0.02398	0.02587	0.07244	0.02762	0.21584	0.02783	0.02936	0.01917	0.01162	0.01048	0.00334	0.01247	0.00951	0.00825	0.01614

[dist]
# distance from previous block
# <min> <max>
2	32

[block]
# block no. 2 follows, 12 sequences, length 64
# corresponding to MSA columns:
# 251-314
name=unknown_C
#
# <colnr> <probs for GDERKNQSTAVLIFYWHMCP>
#	G	D	E	R	K	N	Q	S	T	A	V	L	I	F	Y	W	H	M	C	P
0	0.16063	0.14361	0.07887	0.02331	0.08546	0.02378	0.01831	0.02900	0.02173	0.03510	0.02372	0.10620	0.02285	0.01292	0.00895	0.00288	0.00991	0.01029	0.00640	0.17607
1	0.16695	0.18320	0.02970	0.01631	0.02429	0.02413	0.01416	0.03375	0.02307	0.12056	0.02301	0.02458	0.01775	0.01024	0.00792	0.00256	0.00898	0.00732	0.08262	0.17890
2	0.10277	0.35254	0.04089	0.01733	0.02648	0.03144	0.01596	0.03084	0.02190	0.03161	0.01657	0.01923	0.01447	0.00900	0.00733	0.00221	0.01009	0.00605	0.00550	0.23779
3	0.01495	0.01033	0.01286	0.01423	0.01479	0.01006	0.00936	0.01634	0.01905	0.02531	0.04801	0.30712	0.05614	0.30109	0.03313	0.00731	0.00870	0.07474	0.00850	0.00796
4	0.02253	0.02136	0.03621	0.43151	0.21900	0.02474	0.03125	0.02956	0.02272	0.03022	0.01972	0.02844	0.01537	0.01054	0.01087	0.00351	0.01405	0.00970	0.00501	0.01368
5	0.01356	0.00987	0.01279	0.01461	0.01579	0.00909	0.00998	0.01601	0.02267	0.03028	0.13453	0.48864	0.11820	0.03186	0.01367	0.00422	0.00608	0.02866	0.01039	0.00909
6	0.01393	0.01098	0.01256	0.01239	0.01542	0.00961	0.00921	0.01758	0.02698	0.03503	0.27931	0.12967	0.33667	0.02594	0.01295	0.00363	0.00543	0.02224	0.01087	0.00961
7	0.01488	0.01112	0.01381	0.01314	0.01595	0.01005	0.00986	0.01951	0.02957	0.04065	0.44975	0.08651	0.19809	0.02344	0.01287	0.00348	0.00523	0.02043	0.01160	0.01005
8	0.01757	0.01255	0.01757	0.02008	0.02259	0.01255	0.01757	0.02259	0.02510	0.03263	0.05773	0.12299	0.06275	0.03012	0.01506	0.00502	0.01004	0.47540	0.01004	0.01004
9	0.04145	0.03054	0.03272	0.02509	0.03381	0.03381	0.02072	0.51243	0.05127	0.06872	0.02618	0.02618	0.01854	0.01309	0.01091	0.00327	0.01200	0.00982	0.01091	0.01854
10	0.04892	0.01856	0.02530	0.01940	0.02783	0.01603	0.01603	0.05314	0.03121	0.55634	0.04302	0.03711	0.02699	0.01350	0.01096	0.00337	0.00928	0.01096	0.01350	0.01856
11	0.02712	0.02342	0.02465	0.02219	0.02835	0.02712	0.01726	0.05794	0.52909	0.04561	0.04438	0.04068	0.03328	0.01479	0.01109	0.00370	0.00863	0.01233	0.01109	0.01726
12	0.01328	0.00949	0.01265	0.01518	0.01581	0.00886	0.01012	0.01518	0.02088	0.02783	0.06010	0.60969	0.07212	0.03416	0.01392	0.00443	0.00633	0.03100	0.01012	0.00886
13	0.02745	0.49123	0.17441	0.02155	0.03246	0.03899	0.02370	0.03309	0.02236	0.02772	0.01619	0.01878	0.01395	0.00957	0.00778	0.00259	0.01270	0.00635	0.00465	0.01449
14	0.04691	0.01901	0.02524	0.01966	0.02788	0.01705	0.01614	0.05358	0.07719	0.50917	0.04314	0.03744	0.02757	0.01362	0.01098	0.00340	0.00922	0.01109	0.01327	0.01844
15	0.04428	0.02357	0.03139	0.02376	0.03253	0.02305	0.06314	0.20517	0.03741	0.34500	0.03545	0.03274	0.02320	0.01296	0.01112	0.00337	0.01103	0.01076	0.01189	0.01820
16	0.03254	0.02455	0.03474	0.15336	0.20523	0.02631	0.02582	0.16130	0.06980	0.11701	0.02672	0.02966	0.01962	0.01175	0.01089	0.00338	0.01219	0.01011	0.00829	0.01672
17	0.01562	0.01047	0.01196	0.01220	0.01225	0.01041	0.00693	0.01579	0.01632	0.02176	0.03673	0.12107	0.04264	0.56300	0.05166	0.01000	0.01018	0.01725	0.00693	0.00681
18	0.03069	0.02135	0.02423	0.02015	0.02629	0.02275	0.01606	0.19763	0.15421	0.11100	0.19646	0.04836	0.04973	0.01646	0.01158	0.00343	0.00872	0.01368	0.01159	0.01562
19	0.02970	0.20740	0.04036	0.10871	0.11074	0.03173	0.02282	0.07838	0.08228	0.08253	0.02326	0.02642	0.01835	0.01205	0.01255	0.00326	0.07847	0.00892	0.00690	0.01516
20	0.01570	0.01118	0.01500	0.01500	0.01607	0.01226	0.01048	0.01785	0.01678	0.02344	0.03152	0.05563	0.03281	0.32186	0.34111	0.01440	0.02084	0.01356	0.00618	0.00833
21	0.01557	0.01045	0.01198	0.01226	0.01233	0.01038	0.00700	0.01578	0.01642	0.02189	0.03725	0.13189	0.04329	0.55128	0.05082	0.00988	0.01009	0.01756	0.00700	0.00686
22	0.10202	0.24362	0.07941	0.02261	0.03131	0.06735	0.06423	0.03204	0.02235	0.03193	0.01703	0.02078	0.01444	0.01021	0.01071	0.00276	0.06363	0.00719	0.00541	0.15097
23	0.49720	0.07363	0.02163	0.01580	0.02314	0.02430	0.01331	0.03662	0.02158	0.15549	0.02114	0.02185	0.01525	0.01077	0.00767	0.00328	0.00890	0.00698	0.00801	0.01345
24	0.04448	0.02016	0.02528	0.01963	0.02752	0.01907	0.01613	0.14439	0.03447	0.40408	0.03881	0.03523	0.02536	0.01333	0.01061	0.00327	0.00941	0.01065	0.08041	0.01770
25	0.02288	0.02124	0.03342	0.02909	0.09109	0.01942	0.13123	0.03190	0.08224	0.03821	0.13032	0.03880	0.03608	0.01219	0.01083	0.00289	0.01050	0.01171	0.00778	0.23819
26	0.03363	0.01522	0.02013	0.01658	0.02250	0.01334	0.01325	0.03803	0.03044	0.32487	0.22344	0.05939	0.10590	0.01798	0.01182	0.00342	0.00746	0.01523	0.01263	0.01474
27	0.03317	0.01520	0.01948	0.01609	0.02221	0.01314	0.01288	0.03712	0.02934	0.32224	0.14385	0.06371	0.18713	0.01896	0.01182	0.00347	0.00753	0.01583	0.01229	0.01454
28	0.01511	0.01123	0.01652	0.01704	0.01872	0.01265	0.01291	0.01859	0.01821	0.02583	0.03554	0.15906	0.03646	0.07201	0.45884	0.01484	0.02451	0.01564	0.00672	0.00955
29	0.07793	0.01461	0.01597	0.01472	0.01869	0.01443	0.01127	0.09067	0.02966	0.04139	0.22693	0.13565	0.22159	0.02296	0.01217	0.00360	0.00668	0.01942	0.01056	0.01111
30	0.02546	0.02565	0.08148	0.28315	0.11147	0.02470	0.17085	0.03333	0.02422	0.08003	0.02248	0.02925	0.01650	0.01048	0.01143	0.00357	0.01514	0.01062	0.00588	0.01429
31	0.69383	0.02109	0.01603	0.01434	0.02109	0.02446	0.01181	0.03205	0.01856	0.04892	0.01518	0.01771	0.01181	0.01012	0.00675	0.00337	0.00843	0.00590	0.00675	0.01181
32	0.02059	0.01938	0.03270	0.59060	0.07510	0.02422	0.03028	0.02786	0.02180	0.02786	0.01938	0.02907	0.01453	0.01090	0.01090	0.00363	0.01453	0.00969	0.00484	0.01211
33	0.02797	0.02753	0.04750	0.03566	0.04480	0.02812	0.28963	0.09633	0.19706	0.04230	0.02999	0.03282	0.02237	0.01150	0.01205	0.00364	0.01440	0.01234	0.00799	0.01599
34	0.01580	0.01080	0.01305	0.01305	0.01344	0.01120	0.00805	0.01660	0.01620	0.02200	0.03330	0.06551	0.03710	0.50723	0.16161	0.01199	0.01439	0.01500	0.00645	0.00725
35	0.02476	0.02065	0.02376	0.01717	0.02675	0.01673	0.01381	0.08277	0.02588	0.03932	0.02016	0.02302	0.01642	0.00865	0.00840	0.00180	0.00852	0.00684	0.00697	0.60762
36	0.01515	0.01113	0.01418	0.01342	0.01611	0.01017	0.01006	0.02002	0.03019	0.04212	0.49439	0.08409	0.15253	0.02289	0.01286	0.00346	0.00519	0.02009	0.01179	0.01017
37	0.02714	0.14884	0.18821	0.03458	0.04635	0.03063	0.23976	0.08809	0.02722	0.03687	0.02057	0.02513	0.01558	0.00996	0.01089	0.00332	0.01580	0.00994	0.00572	0.01537
38	0.01905	0.01489	0.01785	0.01738	0.02081	0.01557	0.01344	0.03161	0.18026	0.04090	0.26690	0.13449	0.07246	0.02248	0.01276	0.00385	0.00705	0.08479	0.01123	0.01221
39	0.01650	0.01158	0.01529	0.01668	0.01815	0.01174	0.01291	0.01948	0.02087	0.02761	0.04691	0.12791	0.05175	0.23834	0.08571	0.00817	0.01193	0.24128	0.00843	0.00875
40	0.01558	0.01168	0.01752	0.01752	0.01947	0.01363	0.01363	0.01947	0.01752	0.02531	0.02921	0.04283	0.02726	0.08178	0.57360	0.01752	0.02921	0.01168	0.00584	0.00974
41	0.02335	0.01952	0.02140	0.01976	0.02464	0.02186	0.01512	0.04604	0.37672	0.04342	0.14680	0.10673	0.05130	0.01828	0.01174	0.00372	0.00769	0.01572	0.01118	0.01500
42	0.03445	0.02910	0.15187	0.02666	0.08527	0.02009	0.02313	0.07252	0.02823	0.24138	0.02925	0.02907	0.02012	0.01123	0.01021	0.00301	0.01118	0.00915	0.00897	0.15510
43	0.02644	0.03611	0.26673	0.10960	0.07441	0.02281	0.02974	0.03808	0.08176	0.11900	0.06481	0.03269	0.02501	0.01228	0.01083	0.00348	0.01295	0.01020	0.00739	0.01570
44	0.02400	0.02020	0.02336	0.01681	0.02643	0.01596	0.01350	0.06329	0.02473	0.03798	0.01988	0.02287	0.01633	0.00845	0.00828	0.00174	0.00836	0.00671	0.00679	0.63434
45	0.02114	0.05124	0.49807	0.02910	0.04367	0.02361	0.03686	0.03294	0.02391	0.03558	0.07927	0.02968	0.02397	0.01172	0.01064	0.00345	0.01486	0.00939	0.00545	0.01545
46	0.02586	0.36747	0.28424	0.02426	0.03665	0.03510	0.02842	0.03350	0.02255	0.02966	0.01715	0.01999	0.01391	0.00979	0.00851	0.00284	0.01367	0.00684	0.00464	0.01495
47	0.03719	0.23333	0.04052	0.02355	0.03184	0.14750	0.02010	0.25572	0.03735	0.04569	0.02058	0.02193	0.01610	0.01145	0.00938	0.00286	0.01346	0.00791	0.00773	0.01581
48	0.01558	0.01168	0.01752	0.01752	0.01947	0.01363	0.01363	0.01947	0.01752	0.02531	0.02921	0.04283	0.02726	0.08178	0.57360	0.01752	0.02921	0.01168	0.00584	0.00974
49	0.01499	0.01173	0.01717	0.01735	0.01958	0.01092	0.04767	0.01838	0.02371	0.03160	0.13936	0.37634	0.11986	0.02930	0.01369	0.00420	0.00736	0.07702	0.01007	0.00969
50	0.02915	0.62337	0.05714	0.01866	0.02799	0.04314	0.01866	0.03265	0.02215	0.02565	0.01516	0.01749	0.01399	0.00933	0.00700	0.00233	0.01166	0.00583	0.00466	0.01399
51	0.04892	0.01856	0.02530	0.01940	0.02783	0.01603	0.01603	0.05314	0.03121	0.55634	0.04302	0.03711	0.02699	0.01350	0.01096	0.00337	0.00928	0.01096	0.01350	0.01856
52	0.04510	0.01771	0.02408	0.01875	0.02652	0.01537	0.01537	0.04942	0.03117	0.49787	0.10005	0.04217	0.03565	0.01450	0.01118	0.00338	0.00881	0.01196	0.01333	0.01761
53	0.01440	0.01101	0.01301	0.01414	0.01648	0.01006	0.01066	0.01719	0.02304	0.02891	0.07875	0.21422	0.27351	0.09587	0.01841	0.00493	0.00732	0.12937	0.00971	0.00903
54	0.02593	0.02278	0.02096	0.08344	0.02800	0.13104	0.01548	0.03539	0.14148	0.03434	0.02953	0.03395	0.02351	0.01633	0.01433	0.10158	0.01061	0.00987	0.20967	0.01177
55	0.04050	0.02148	0.02583	0.02096	0.02862	0.02173	0.01694	0.10149	0.20817	0.32736	0.04178	0.03725	0.02834	0.01391	0.01100	0.00348	0.00933	0.01133	0.01239	0.01810
56	0.02537	0.01538	0.01875	0.01648	0.02129	0.01496	0.01283	0.03529	0.13243	0.16234	0.27525	0.06537	0.12052	0.01930	0.01206	0.00350	0.00687	0.01653	0.01195	0.01353
57	0.01430	0.01003	0.01275	0.01477	0.01611	0.00939	0.01045	0.01689	0.02193	0.02963	0.06336	0.45333	0.12038	0.03112	0.01336	0.00424	0.00650	0.07341	0.06892	0.00913
58	0.02574	0.02941	0.06434	0.04596	0.05699	0.02757	0.50919	0.03493	0.02574	0.03493	0.02206	0.02941	0.01654	0.00919	0.01287	0.00368	0.01838	0.01287	0.00551	0.01471
59	0.01533	0.06028	0.01633	0.01286	0.01649	0.01242	0.01002	0.01922	0.02733	0.03555	0.29683	0.08738	0.30375	0.02376	0.01240	0.00346	0.00585	0.02015	0.01053	0.01008
60	0.02975	0.03343	0.03343	0.03152	0.07211	0.21339	0.02369	0.03261	0.02210	0.02714	0.01566	0.02270	0.01446	0.01570	0.02509	0.00399	0.35678	0.00871	0.00510	0.01260
61	0.06369	0.02645	0.16015	0.02374	0.06581	0.01975	0.02123	0.02951	0.05382	0.03721	0.08699	0.08207	0.03334	0.01537	0.01300	0.00346	0.07562	0.01214	0.16377	0.01289
62	0.02626	0.36275	0.24306	0.02359	0.03521	0.03518	0.02665	0.03539	0.06320	0.03058	0.01916	0.02143	0.01547	0.01015	0.00859	0.00286	0.01309	0.00719	0.00516	0.01505
63	0.02344	0.05432	0.51793	0.03060	0.04612	0.02600	0.03871	0.07292	0.02529	0.03728	0.02010	0.02327	0.01419	0.01058	0.01040	0.00344	0.01578	0.00820	0.00511	0.01631

[dist]
# distance from previous block
# <min> <max>
0	7

[block]
# block no. 3 follows, 12 sequences, length 11
# corresponding to MSA columns:
# 322-332
name=unknown_D
#
# <colnr> <probs for GDERKNQSTAVLIFYWHMCP>
#	G	D	E	R	K	N	Q	S	T	A	V	L	I	F	Y	W	H	M	C	P
0	0.01328	0.00949	0.01265	0.01518	0.01581	0.00886	0.01012	0.01518	0.02088	0.02783	0.06010	0.60969	0.07212	0.03416	0.01392	0.00443	0.00633	0.03100	0.01012	0.00886
1	0.01822	0.01156	0.01460	0.01361	0.01585	0.01083	0.00961	0.02171	0.02628	0.07741	0.34716	0.07483	0.07744	0.20421	0.02581	0.00562	0.00714	0.01784	0.01046	0.00981
2	0.01507	0.01024	0.01213	0.01290	0.01310	0.01004	0.00769	0.01565	0.01740	0.02320	0.04226	0.23671	0.04962	0.43784	0.04273	0.00868	0.00927	0.02051	0.00769	0.00730
3	0.01753	0.01377	0.01634	0.01733	0.01967	0.01447	0.01231	0.02832	0.17698	0.03329	0.05527	0.43491	0.06019	0.02821	0.01305	0.00420	0.00703	0.02526	0.01042	0.01144
4	0.02886	0.02429	0.02564	0.02254	0.02902	0.02793	0.01768	0.11320	0.47100	0.04842	0.04217	0.03892	0.03149	0.01459	0.01107	0.00365	0.00904	0.01202	0.01107	0.01741
5	0.69383	0.02109	0.01603	0.01434	0.02109	0.02446	0.01181	0.03205	0.01856	0.04892	0.01518	0.01771	0.01181	0.01012	0.00675	0.00337	0.00843	0.00590	0.00675	0.01181
6	0.02448	0.02394	0.04521	0.03352	0.04167	0.02302	0.29656	0.08857	0.03041	0.04174	0.18259	0.04500	0.04331	0.01369	0.01263	0.00355	0.01354	0.01460	0.00816	0.01382
7	0.03275	0.24532	0.21799	0.02310	0.03445	0.02877	0.02518	0.03958	0.02523	0.19167	0.02521	0.02539	0.01792	0.01096	0.00936	0.00303	0.01244	0.00816	0.00736	0.01611
8	0.02210	0.04503	0.39515	0.02649	0.04063	0.02201	0.03188	0.03236	0.02289	0.03484	0.01951	0.02289	0.01453	0.00966	0.00966	0.00289	0.01364	0.00757	0.00517	0.22110
9	0.22205	0.01413	0.01258	0.01206	0.01668	0.01389	0.00937	0.02069	0.02292	0.03543	0.08119	0.07814	0.38078	0.02224	0.01100	0.00359	0.00642	0.01776	0.00909	0.01000
10	0.02502	0.30209	0.34227	0.02570	0.03887	0.03304	0.03091	0.03372	0.02265	0.03068	0.01766	0.02062	0.01389	0.00991	0.00890	0.00297	0.01418	0.00709	0.00463	0.01519

[dist]
# distance from previous block
# <min> <max>
6	18

[block]
# block no. 4 follows, 12 sequences, length 38
# corresponding to MSA columns:
# 355-392
name=unknown_E
#
# <colnr> <probs for GDERKNQSTAVLIFYWHMCP>
#	G	D	E	R	K	N	Q	S	T	A	V	L	I	F	Y	W	H	M	C	P
0	0.08486	0.13451	0.03254	0.05758	0.03234	0.17015	0.01873	0.08656	0.07712	0.12210	0.02462	0.02546	0.01846	0.01147	0.00946	0.00296	0.01279	0.00829	0.00788	0.06211
1	0.02178	0.01514	0.02164	0.17533	0.03517	0.01553	0.01695	0.02694	0.02456	0.09408	0.14336	0.09850	0.04331	0.02252	0.06506	0.00464	0.01101	0.01391	0.05569	0.09490
2	0.08515	0.01756	0.02261	0.17078	0.03635	0.01795	0.01728	0.06202	0.02372	0.03510	0.03123	0.19324	0.03160	0.01693	0.01061	0.00326	0.00965	0.01460	0.00745	0.19290
3	0.02834	0.03215	0.14572	0.08095	0.13031	0.02633	0.17731	0.08690	0.06676	0.07915	0.02490	0.02888	0.01829	0.01080	0.01141	0.00349	0.01464	0.01067	0.00688	0.01610
4	0.01328	0.00949	0.01265	0.01518	0.01581	0.00886	0.01012	0.01518	0.02088	0.02783	0.06010	0.60969	0.07212	0.03416	0.01392	0.00443	0.00633	0.03100	0.01012	0.00886
5	0.02515	0.02202	0.02013	0.01946	0.02235	0.14843	0.01451	0.02809	0.02381	0.07958	0.03847	0.24344	0.03964	0.02878	0.07835	0.00528	0.05627	0.01727	0.07781	0.01117
6	0.01931	0.01200	0.01582	0.01437	0.01762	0.01095	0.01095	0.02434	0.03090	0.10302	0.48520	0.07632	0.09410	0.02127	0.01264	0.00342	0.00562	0.01871	0.01218	0.01124
7	0.01442	0.01036	0.01367	0.01441	0.01607	0.00961	0.01021	0.01803	0.02615	0.03622	0.31488	0.33101	0.08835	0.02790	0.01336	0.00390	0.00570	0.02505	0.01111	0.00961
8	0.02018	0.01672	0.01970	0.01654	0.02296	0.01420	0.01254	0.02710	0.08064	0.03426	0.03514	0.21027	0.03582	0.01710	0.01027	0.00275	0.00759	0.01489	0.00815	0.39317
9	0.01351	0.01054	0.01235	0.01366	0.01594	0.00938	0.00995	0.01612	0.02321	0.02908	0.08421	0.31869	0.29945	0.03061	0.01353	0.00412	0.00630	0.07010	0.01012	0.00914
10	0.01566	0.01133	0.01574	0.01574	0.01708	0.01266	0.01141	0.01833	0.01700	0.02399	0.03083	0.05185	0.03117	0.25089	0.40984	0.01533	0.02332	0.01300	0.00608	0.00875
11	0.04892	0.01856	0.02530	0.01940	0.02783	0.01603	0.01603	0.05314	0.03121	0.55634	0.04302	0.03711	0.02699	0.01350	0.01096	0.00337	0.00928	0.01096	0.01350	0.01856
12	0.04806	0.01994	0.02616	0.02006	0.02853	0.01808	0.01657	0.10626	0.03353	0.49994	0.04107	0.03585	0.02601	0.01345	0.01096	0.00336	0.00959	0.01083	0.01320	0.01855
13	0.01419	0.01014	0.01369	0.01622	0.01725	0.00964	0.01170	0.01675	0.02177	0.02885	0.05960	0.50668	0.07013	0.03330	0.01416	0.00455	0.00711	0.12506	0.01010	0.00911
14	0.02291	0.02034	0.02661	0.01901	0.02882	0.01578	0.06047	0.02817	0.02291	0.03547	0.01964	0.02326	0.01619	0.00818	0.00853	0.00181	0.00906	0.00707	0.00637	0.61939
15	0.02514	0.01930	0.02287	0.01646	0.02603	0.01468	0.01322	0.02992	0.02344	0.08552	0.02165	0.02400	0.01719	0.00860	0.00835	0.00178	0.00819	0.00689	0.00714	0.61964
16	0.02187	0.05640	0.56031	0.03108	0.04719	0.02532	0.04029	0.03453	0.02302	0.03453	0.01957	0.02302	0.01381	0.01036	0.01036	0.00345	0.01611	0.00806	0.00460	0.01611
17	0.02916	0.03576	0.21328	0.03593	0.04804	0.02455	0.26204	0.03845	0.02598	0.13941	0.02548	0.02894	0.01778	0.01042	0.01169	0.00355	0.01584	0.01097	0.00683	0.01592
18	0.02574	0.02941	0.06434	0.04596	0.05699	0.02757	0.50919	0.03493	0.02574	0.03493	0.02206	0.02941	0.01654	0.00919	0.01287	0.00368	0.01838	0.01287	0.00551	0.01471
19	0.01938	0.01227	0.01694	0.01865	0.02121	0.01186	0.01535	0.02346	0.02451	0.08148	0.05698	0.25009	0.06193	0.02965	0.01435	0.00470	0.00893	0.30734	0.01039	0.01053
20	0.02424	0.02310	0.03929	0.29197	0.34522	0.02518	0.03210	0.03105	0.02353	0.03229	0.02002	0.02788	0.01610	0.01022	0.01084	0.00341	0.01363	0.00970	0.00516	0.01505
21	0.01543	0.01115	0.01457	0.01372	0.01629	0.01029	0.01029	0.02058	0.03086	0.04372	0.54304	0.08145	0.10288	0.02229	0.01286	0.00343	0.00514	0.01972	0.01200	0.01029
22	0.01586	0.01057	0.01189	0.01189	0.01189	0.01057	0.00661	0.01586	0.01586	0.02114	0.03436	0.07135	0.03964	0.61681	0.05550	0.01057	0.01057	0.01586	0.00661	0.00661
23	0.02224	0.05379	0.51236	0.03252	0.04814	0.02554	0.08562	0.03457	0.02328	0.03457	0.01981	0.02364	0.01408	0.01025	0.01060	0.00347	0.01633	0.00852	0.00469	0.01598
24	0.02257	0.02371	0.07850	0.07959	0.03542	0.01759	0.05572	0.02875	0.02281	0.03459	0.01960	0.02385	0.01579	0.00867	0.00896	0.00216	0.01031	0.00744	0.00604	0.49792
25	0.03825	0.02094	0.02499	0.02076	0.02809	0.02145	0.01663	0.05549	0.27484	0.30643	0.04368	0.03886	0.03007	0.01413	0.01103	0.00353	0.00896	0.01163	0.01232	0.01792
26	0.02534	0.01929	0.02289	0.01649	0.02605	0.01469	0.01324	0.03012	0.02350	0.08966	0.02184	0.02412	0.01728	0.00864	0.00838	0.00180	0.00820	0.00693	0.00719	0.61435
27	0.02512	0.02646	0.12457	0.02452	0.07971	0.01836	0.02043	0.03333	0.06277	0.08551	0.02651	0.06605	0.02201	0.01148	0.00967	0.00264	0.01008	0.00963	0.00730	0.33386
28	0.50323	0.09613	0.02337	0.01723	0.02408	0.12214	0.01421	0.03412	0.02112	0.04236	0.01547	0.01803	0.01245	0.01022	0.00731	0.00315	0.01076	0.00609	0.00631	0.01221
29	0.02828	0.02412	0.02923	0.02493	0.03083	0.02768	0.05339	0.13030	0.30081	0.04549	0.03736	0.04324	0.03010	0.01606	0.01442	0.00387	0.07809	0.05596	0.00983	0.01600
30	0.02059	0.01938	0.03270	0.59060	0.07510	0.02422	0.03028	0.02786	0.02180	0.02786	0.01938	0.02907	0.01453	0.01090	0.01090	0.00363	0.01453	0.00969	0.00484	0.01211
31	0.02632	0.02523	0.04306	0.12136	0.49956	0.02573	0.03313	0.03288	0.02451	0.03481	0.02039	0.02720	0.01699	0.00984	0.01081	0.00328	0.01312	0.00971	0.00534	0.01673
32	0.02111	0.01255	0.01551	0.01395	0.01803	0.01105	0.01075	0.02530	0.02898	0.13873	0.30520	0.08046	0.23166	0.02231	0.01250	0.00350	0.00607	0.01909	0.01168	0.01154
33	0.01396	0.01109	0.01253	0.01217	0.01538	0.00966	0.00913	0.01772	0.02738	0.03545	0.29215	0.09507	0.35893	0.02538	0.01288	0.00358	0.00536	0.02163	0.01091	0.00966
34	0.01328	0.00949	0.01265	0.01518	0.01581	0.00886	0.01012	0.01518	0.02088	0.02783	0.06010	0.60969	0.07212	0.03416	0.01392	0.00443	0.00633	0.03100	0.01012	0.00886
35	0.04762	0.02064	0.02660	0.02039	0.02888	0.01912	0.01684	0.13311	0.03470	0.47144	0.04008	0.03521	0.02552	0.01342	0.01095	0.00336	0.00975	0.01077	0.01304	0.01855
36	0.02712	0.02342	0.02465	0.02219	0.02835	0.02712	0.01726	0.05794	0.52909	0.04561	0.04438	0.04068	0.03328	0.01479	0.01109	0.00370	0.00863	0.01233	0.01109	0.01726
37	0.04073	0.05197	0.03090	0.02809	0.03371	0.57303	0.02107	0.04354	0.03090	0.02669	0.01685	0.01966	0.01404	0.01124	0.00983	0.00281	0.01966	0.00702	0.00562	0.01264

[dist]
# distance from previous block
# <min> <max>
0	35

[block]
# block no. 5 follows, 12 sequences, length 87
# corresponding to MSA columns:
# 428-514
name=unknown_F
#
# <colnr> <probs for GDERKNQSTAVLIFYWHMCP>
#	G	D	E	R	K	N	Q	S	T	A	V	L	I	F	Y	W	H	M	C	P
0	0.01289	0.01105	0.01105	0.01105	0.01473	0.00920	0.00828	0.01565	0.02485	0.02946	0.11046	0.10493	0.54437	0.02761	0.01289	0.00368	0.00552	0.02301	0.01013	0.00920
1	0.04892	0.01856	0.02530	0.01940	0.02783	0.01603	0.01603	0.05314	0.03121	0.55634	0.04302	0.03711	0.02699	0.01350	0.01096	0.00337	0.00928	0.01096	0.01350	0.01856
2	0.02187	0.05640	0.56031	0.03108	0.04719	0.02532	0.04029	0.03453	0.02302	0.03453	0.01957	0.02302	0.01381	0.01036	0.01036	0.00345	0.01611	0.00806	0.00460	0.01611
3	0.02712	0.02342	0.02465	0.02219	0.02835	0.02712	0.01726	0.05794	0.52909	0.04561	0.04438	0.04068	0.03328	0.01479	0.01109	0.00370	0.00863	0.01233	0.01109	0.01726
4	0.04145	0.03054	0.03272	0.02509	0.03381	0.03381	0.02072	0.51243	0.05127	0.06872	0.02618	0.02618	0.01854	0.01309	0.01091	0.00327	0.01200	0.00982	0.01091	0.01854
5	0.01325	0.01047	0.01195	0.01282	0.01527	0.00917	0.00914	0.01589	0.02388	0.03006	0.12847	0.29127	0.33060	0.02960	0.01327	0.00394	0.00579	0.02571	0.01028	0.00917
6	0.02712	0.02342	0.02465	0.02219	0.02835	0.02712	0.01726	0.05794	0.52909	0.04561	0.04438	0.04068	0.03328	0.01479	0.01109	0.00370	0.00863	0.01233	0.01109	0.01726
7	0.01337	0.01106	0.01172	0.01156	0.01503	0.00941	0.00867	0.01659	0.02600	0.03218	0.19310	0.10045	0.46002	0.02660	0.01288	0.00363	0.00545	0.02238	0.01048	0.00941
8	0.03049	0.03075	0.02983	0.02320	0.03175	0.17196	0.05819	0.10030	0.02916	0.03768	0.01986	0.02287	0.01594	0.00974	0.00936	0.00235	0.01268	0.00763	0.00677	0.34948
9	0.69383	0.02109	0.01603	0.01434	0.02109	0.02446	0.01181	0.03205	0.01856	0.04892	0.01518	0.01771	0.01181	0.01012	0.00675	0.00337	0.00843	0.00590	0.00675	0.01181
10	0.01448	0.01111	0.01326	0.01272	0.01571	0.00988	0.00954	0.01874	0.02862	0.03840	0.38164	0.09021	0.26761	0.02428	0.01287	0.00352	0.00529	0.02095	0.01130	0.00988
11	0.02127	0.02007	0.03392	0.53538	0.12504	0.02440	0.03062	0.02845	0.02212	0.02868	0.01950	0.02885	0.01482	0.01078	0.01089	0.00359	0.01437	0.00969	0.00490	0.01266
12	0.01560	0.01159	0.01704	0.01704	0.01883	0.01337	0.01303	0.01916	0.01738	0.02496	0.02964	0.04526	0.02831	0.12729	0.52952	0.01693	0.02762	0.01204	0.00591	0.00947
13	0.01543	0.01115	0.01457	0.01372	0.01629	0.01029	0.01029	0.02058	0.03086	0.04372	0.54304	0.08145	0.10288	0.02229	0.01286	0.00343	0.00514	0.01972	0.01200	0.01029
14	0.01432	0.01110	0.01304	0.01255	0.01561	0.00982	0.00941	0.01843	0.02824	0.03751	0.35451	0.09168	0.29529	0.02461	0.01287	0.00354	0.00531	0.02115	0.01118	0.00982
15	0.02915	0.62337	0.05714	0.01866	0.02799	0.04314	0.01866	0.03265	0.02215	0.02565	0.01516	0.01749	0.01399	0.00933	0.00700	0.00233	0.01166	0.00583	0.00466	0.01399
16	0.03236	0.02332	0.02525	0.02136	0.02804	0.02586	0.01699	0.16977	0.30124	0.10510	0.03867	0.03661	0.02830	0.01400	0.01067	0.00343	0.00918	0.01132	0.08155	0.01697
17	0.69383	0.02109	0.01603	0.01434	0.02109	0.02446	0.01181	0.03205	0.01856	0.04892	0.01518	0.01771	0.01181	0.01012	0.00675	0.00337	0.00843	0.00590	0.00675	0.01181
18	0.01670	0.01319	0.01743	0.01751	0.01818	0.01490	0.01281	0.01877	0.01996	0.02760	0.08470	0.26741	0.05371	0.17281	0.02877	0.00598	0.13251	0.05959	0.00828	0.00917
19	0.02222	0.01693	0.01970	0.01737	0.02172	0.01770	0.01348	0.11162	0.13570	0.04835	0.35389	0.06378	0.07441	0.01920	0.01217	0.00346	0.00702	0.01654	0.01163	0.01311
20	0.02699	0.02591	0.04426	0.06693	0.54879	0.02591	0.03346	0.03346	0.02483	0.03562	0.02051	0.02699	0.01727	0.00972	0.01079	0.00324	0.01295	0.00972	0.00540	0.01727
21	0.03604	0.02052	0.02859	0.02323	0.03026	0.01998	0.06885	0.14541	0.03313	0.25140	0.04117	0.09906	0.03438	0.01775	0.01215	0.00377	0.01073	0.09667	0.01116	0.01576
22	0.02059	0.01938	0.03270	0.59060	0.07510	0.02422	0.03028	0.02786	0.02180	0.02786	0.01938	0.02907	0.01453	0.01090	0.01090	0.00363	0.01453	0.00969	0.00484	0.01211
23	0.08777	0.15017	0.03140	0.02008	0.02752	0.02910	0.01689	0.15723	0.16575	0.08909	0.03811	0.03674	0.07712	0.01406	0.00999	0.00325	0.00981	0.01080	0.00942	0.01568
24	0.01702	0.01366	0.01969	0.01887	0.02030	0.01671	0.01469	0.02028	0.01722	0.02506	0.02716	0.04238	0.02626	0.12349	0.43069	0.01466	0.12460	0.01172	0.00573	0.00980
25	0.03490	0.03686	0.03331	0.03137	0.08283	0.24971	0.02297	0.14322	0.03098	0.03689	0.01861	0.02300	0.01545	0.01366	0.01731	0.00349	0.17605	0.00861	0.00655	0.01423
26	0.03577	0.01897	0.02396	0.01777	0.02684	0.01528	0.01447	0.04030	0.02691	0.29598	0.03120	0.02986	0.02157	0.01079	0.00952	0.00249	0.00868	0.00871	0.00998	0.35096
27	0.02311	0.02195	0.03726	0.38422	0.26178	0.02489	0.03153	0.03007	0.02299	0.03092	0.01983	0.02825	0.01561	0.01043	0.01086	0.00348	0.01391	0.00970	0.00506	0.01415
28	0.02379	0.01734	0.02014	0.01888	0.02253	0.01817	0.01408	0.20071	0.03221	0.04309	0.04744	0.39197	0.05213	0.02630	0.01279	0.00400	0.00844	0.02309	0.01041	0.01247
29	0.62302	0.02197	0.02115	0.01769	0.02489	0.02479	0.06452	0.03236	0.01932	0.04744	0.01591	0.01895	0.01231	0.01002	0.00740	0.00341	0.00949	0.00664	0.00662	0.01212
30	0.02508	0.01438	0.01834	0.01663	0.02060	0.01365	0.01263	0.07843	0.03015	0.15693	0.23285	0.22201	0.06777	0.02285	0.01254	0.00370	0.00715	0.02004	0.01167	0.01260
31	0.02690	0.44784	0.21291	0.02250	0.03393	0.03763	0.02535	0.03323	0.02242	0.02840	0.01652	0.01920	0.01394	0.00965	0.00804	0.00268	0.01304	0.00652	0.00465	0.01465
32	0.02939	0.03561	0.22450	0.02397	0.03406	0.02533	0.02508	0.22461	0.03434	0.04965	0.02582	0.02825	0.01889	0.01198	0.00996	0.00318	0.01198	0.00924	0.15840	0.01575
33	0.01328	0.00949	0.01265	0.01518	0.01581	0.00886	0.01012	0.01518	0.02088	0.02783	0.06010	0.60969	0.07212	0.03416	0.01392	0.00443	0.00633	0.03100	0.01012	0.00886
34	0.02704	0.02230	0.04062	0.03417	0.08818	0.02121	0.22129	0.06590	0.02792	0.11092	0.08655	0.13396	0.03676	0.01574	0.01244	0.00366	0.01267	0.01587	0.00848	0.01431
35	0.01543	0.01115	0.01457	0.01372	0.01629	0.01029	0.01029	0.02058	0.03086	0.04372	0.54304	0.08145	0.10288	0.02229	0.01286	0.00343	0.00514	0.01972	0.01200	0.01029
36	0.02298	0.01758	0.02028	0.01778	0.02232	0.01853	0.01383	0.12167	0.14757	0.04886	0.33274	0.06180	0.07123	0.01886	0.01209	0.00346	0.00722	0.01618	0.01159	0.01342
37	0.02261	0.01938	0.02261	0.01615	0.02584	0.01453	0.01292	0.02745	0.02261	0.03553	0.01938	0.02261	0.01615	0.00807	0.00807	0.00161	0.00807	0.00646	0.00646	0.68346
38	0.01430	0.01110	0.01301	0.01253	0.01560	0.00981	0.00940	0.01839	0.02819	0.03739	0.35091	0.09188	0.29897	0.02466	0.01287	0.00354	0.00531	0.02118	0.01117	0.00981
39	0.04424	0.02607	0.02995	0.02297	0.03158	0.02718	0.01897	0.34106	0.04378	0.25066	0.03246	0.03026	0.02169	0.01324	0.01093	0.00331	0.01098	0.01025	0.01187	0.01855
