[name]
unknown

[dist]
# distance from previous block
# <min> <max>
3	27

[block]
# block no. 0 follows, 11 sequences, length 26
# corresponding to MSA columns:
# 27-52
name=unknown_A
#
# <colnr> <probs for GDERKNQSTAVLIFYWHMCP>
#	G	D	E	R	K	N	Q	S	T	A	V	L	I	F	Y	W	H	M	C	P
0	0.01736	0.01165	0.01611	0.01611	0.01828	0.01314	0.01245	0.02169	0.01952	0.03025	0.03186	0.04363	0.02832	0.06585	0.41612	0.01406	0.02366	0.01165	0.17812	0.01016
1	0.02485	0.02802	0.09005	0.21044	0.05621	0.02701	0.17837	0.03985	0.15189	0.03654	0.02764	0.03266	0.02065	0.01167	0.01191	0.00377	0.01485	0.01162	0.00688	0.01514
2	0.03321	0.02421	0.03961	0.09799	0.36516	0.02394	0.02959	0.03936	0.02709	0.16768	0.02712	0.03075	0.02021	0.01114	0.01120	0.00341	0.01252	0.01036	0.00770	0.01774
3	0.01371	0.00979	0.01306	0.01567	0.01632	0.00914	0.01045	0.01567	0.02155	0.02873	0.06203	0.59710	0.07444	0.03526	0.01437	0.00457	0.00653	0.03200	0.01045	0.00914
4	0.02427	0.02300	0.07489	0.02536	0.03378	0.01812	0.13865	0.03112	0.02777	0.08637	0.18616	0.04607	0.04636	0.01406	0.01167	0.00314	0.01090	0.01333	0.00878	0.17620
5	0.02658	0.01614	0.01928	0.01613	0.02233	0.01423	0.01270	0.03336	0.07395	0.16888	0.14602	0.06476	0.18840	0.01898	0.01174	0.00330	0.00740	0.01590	0.01113	0.12878
6	0.02497	0.02380	0.04048	0.29112	0.33474	0.02598	0.03311	0.03202	0.02426	0.03327	0.02066	0.02880	0.01659	0.01056	0.01119	0.00352	0.01408	0.01002	0.00532	0.01550
7	0.02591	0.02696	0.04914	0.09104	0.13422	0.02940	0.22195	0.03427	0.05332	0.03388	0.02157	0.02911	0.01748	0.01275	0.01878	0.00401	0.16412	0.01150	0.00576	0.01483
8	0.01886	0.01664	0.02972	0.02478	0.02891	0.01730	0.13769	0.02364	0.02002	0.02801	0.02909	0.04541	0.02734	0.14967	0.33561	0.01320	0.02410	0.01308	0.00607	0.01086
9	0.03211	0.02281	0.06936	0.16508	0.04241	0.01904	0.02140	0.03819	0.02622	0.20896	0.02844	0.03028	0.01990	0.01122	0.01032	0.00299	0.01117	0.00928	0.00859	0.22225
10	0.03673	0.02274	0.02691	0.02010	0.02945	0.02066	0.01642	0.15843	0.03376	0.20062	0.02932	0.02889	0.02075	0.01140	0.01001	0.00267	0.00977	0.00900	0.01009	0.30228
11	0.02255	0.02237	0.04143	0.33910	0.10957	0.02458	0.14993	0.02997	0.02376	0.03140	0.02479	0.08321	0.02140	0.01294	0.01206	0.00380	0.01509	0.01293	0.00575	0.01338
12	0.03352	0.03226	0.14161	0.02502	0.03456	0.02702	0.02353	0.13978	0.23406	0.13279	0.03624	0.03441	0.02585	0.01369	0.01123	0.00362	0.01140	0.01101	0.01036	0.01804
13	0.01753	0.01520	0.02290	0.21853	0.08271	0.01636	0.01954	0.02204	0.02305	0.02977	0.05384	0.25041	0.13820	0.02323	0.01277	0.00402	0.00996	0.02067	0.00810	0.01116
14	0.06264	0.01746	0.02724	0.39433	0.05794	0.02089	0.02459	0.02563	0.02204	0.03017	0.03067	0.17690	0.03030	0.01745	0.01178	0.00395	0.01239	0.01547	0.00655	0.01161
15	0.02277	0.04827	0.41000	0.02807	0.04297	0.02324	0.03423	0.03374	0.02365	0.03591	0.02015	0.02365	0.01489	0.01008	0.01008	0.00307	0.01447	0.00789	0.00525	0.18761
16	0.02417	0.02085	0.02179	0.01991	0.02561	0.02318	0.01540	0.04844	0.38677	0.04274	0.06357	0.05926	0.16333	0.01872	0.01193	0.00381	0.00807	0.01560	0.01119	0.01565
17	0.09074	0.01627	0.02108	0.01887	0.02458	0.01519	0.01553	0.03834	0.02841	0.27832	0.08719	0.11562	0.04689	0.02083	0.01249	0.00403	0.00907	0.12997	0.01195	0.01463
18	0.02784	0.05127	0.41272	0.03047	0.04512	0.02842	0.03633	0.15570	0.03135	0.04483	0.02198	0.02461	0.01553	0.01143	0.01084	0.00352	0.01553	0.00879	0.00645	0.01729
19	0.62149	0.02064	0.01637	0.01479	0.02110	0.02379	0.01196	0.03135	0.01873	0.04759	0.01604	0.01978	0.01288	0.01314	0.01045	0.06638	0.00881	0.00644	0.00677	0.01150
20	0.02516	0.02399	0.04081	0.27706	0.34737	0.02603	0.03320	0.03218	0.02435	0.03349	0.02069	0.02874	0.01667	0.01053	0.01119	0.00351	0.01404	0.01002	0.00534	0.01565
21	0.01743	0.01413	0.02217	0.16372	0.03505	0.01692	0.01854	0.02235	0.01924	0.02681	0.02751	0.04052	0.02472	0.06536	0.41700	0.01436	0.02620	0.01152	0.00576	0.01069
22	0.02230	0.16638	0.02620	0.01586	0.01837	0.01883	0.01224	0.01962	0.01680	0.02135	0.01853	0.03001	0.01822	0.03143	0.03441	0.49804	0.01036	0.00880	0.00487	0.00738
23	0.19483	0.02150	0.03111	0.35261	0.13335	0.02534	0.02680	0.03078	0.02211	0.03565	0.01906	0.02662	0.01471	0.01085	0.01012	0.00362	0.01311	0.00899	0.00560	0.01324
24	0.02796	0.03018	0.07920	0.35020	0.06193	0.12477	0.05704	0.03494	0.02541	0.07114	0.02168	0.02834	0.01601	0.01138	0.01113	0.00356	0.01594	0.00964	0.00589	0.01366
25	0.01629	0.01121	0.01379	0.01379	0.01432	0.01174	0.00871	0.01734	0.01682	0.02295	0.03408	0.06597	0.03758	0.46863	0.18854	0.01279	0.01594	0.01524	0.00661	0.00766

[dist]
# distance from previous block
# <min> <max>
0	5

[block]
# block no. 1 follows, 11 sequences, length 15
# corresponding to MSA columns:
# 58-72
name=unknown_B
#
# <colnr> <probs for GDERKNQSTAVLIFYWHMCP>
#	G	D	E	R	K	N	Q	S	T	A	V	L	I	F	Y	W	H	M	C	P
0	0.03972	0.02244	0.03167	0.02465	0.03260	0.02175	0.08271	0.15870	0.03510	0.27549	0.03964	0.11808	0.03114	0.01641	0.01203	0.00366	0.01113	0.01439	0.01159	0.01710
1	0.03153	0.12328	0.13967	0.04381	0.24310	0.10176	0.02994	0.03821	0.02642	0.08705	0.02209	0.02566	0.01724	0.01072	0.01035	0.00320	0.01435	0.00885	0.00621	0.01657
2	0.02828	0.03048	0.06297	0.04517	0.05630	0.02914	0.44356	0.08465	0.02935	0.03973	0.02322	0.03001	0.01730	0.00991	0.01307	0.00375	0.01828	0.01295	0.00628	0.01560
3	0.02063	0.01343	0.01609	0.01418	0.01819	0.01177	0.01037	0.02401	0.02577	0.09461	0.19731	0.07283	0.15755	0.15855	0.02277	0.00507	0.00764	0.01715	0.01006	0.10201
4	0.46478	0.02934	0.02207	0.01919	0.02623	0.12909	0.01540	0.10484	0.02666	0.04916	0.01770	0.01998	0.01367	0.01113	0.00822	0.00336	0.01148	0.00692	0.00739	0.01340
5	0.11245	0.02012	0.02885	0.02212	0.03044	0.01825	0.08618	0.04245	0.02838	0.30595	0.04588	0.04351	0.09301	0.01451	0.01119	0.00345	0.01027	0.01243	0.01094	0.05963
6	0.01593	0.01150	0.01504	0.01416	0.01681	0.01062	0.01062	0.02124	0.03186	0.04513	0.52830	0.08407	0.10620	0.02301	0.01327	0.00354	0.00531	0.02035	0.01239	0.01062
7	0.03322	0.02946	0.02822	0.02435	0.03128	0.09299	0.01914	0.16301	0.34568	0.05048	0.03791	0.03581	0.02833	0.01441	0.01125	0.00360	0.01110	0.01145	0.01073	0.01757
8	0.03018	0.10500	0.03314	0.02350	0.02843	0.03105	0.01975	0.18750	0.03098	0.04344	0.02323	0.02870	0.01930	0.02321	0.08333	0.00538	0.18261	0.00975	0.07705	0.01448
9	0.01461	0.01126	0.01335	0.01323	0.01611	0.01000	0.00977	0.01854	0.02814	0.03727	0.30655	0.15496	0.27226	0.02667	0.01342	0.00377	0.00561	0.02311	0.01138	0.01000
10	0.03279	0.26251	0.10085	0.02121	0.03009	0.03166	0.02020	0.12349	0.02924	0.11271	0.02542	0.03117	0.02099	0.09329	0.01594	0.00407	0.01213	0.00930	0.00769	0.01526
11	0.01627	0.01129	0.01419	0.01419	0.01486	0.01195	0.00921	0.01760	0.01694	0.02324	0.03371	0.06394	0.03670	0.43291	0.22305	0.01328	0.01726	0.01495	0.00656	0.00789
12	0.15928	0.02046	0.02120	0.01752	0.02386	0.02179	0.01418	0.17751	0.03312	0.12751	0.03083	0.03225	0.02250	0.01285	0.00926	0.00315	0.00877	0.00966	0.23950	0.01479
13	0.24281	0.11099	0.03394	0.02180	0.03098	0.02515	0.09739	0.03205	0.02245	0.03960	0.01840	0.02210	0.01493	0.00943	0.00858	0.00275	0.01086	0.00753	0.00632	0.24194
14	0.02640	0.02033	0.03162	0.02528	0.03165	0.02001	0.12640	0.09618	0.06309	0.09324	0.21976	0.06077	0.05743	0.01797	0.01291	0.00375	0.01059	0.05796	0.01057	0.01410

[dist]
# distance from previous block
# <min> <max>
0	5

[block]
# block no. 2 follows, 11 sequences, length 22
# corresponding to MSA columns:
# 78-99
name=unknown_C
#
# <colnr> <probs for GDERKNQSTAVLIFYWHMCP>
#	G	D	E	R	K	N	Q	S	T	A	V	L	I	F	Y	W	H	M	C	P
0	0.11535	0.02263	0.08213	0.06980	0.03232	0.02094	0.05946	0.07500	0.02339	0.03584	0.02583	0.03770	0.02291	0.10925	0.20882	0.00956	0.01917	0.01106	0.00655	0.01228
1	0.02282	0.02001	0.02595	0.15732	0.03943	0.01751	0.01783	0.02844	0.02313	0.03469	0.02001	0.02501	0.01625	0.00907	0.00907	0.00219	0.01001	0.00750	0.00625	0.50751
2	0.09470	0.01386	0.01773	0.01668	0.02011	0.01499	0.01296	0.02693	0.02076	0.10335	0.03174	0.04227	0.02731	0.09312	0.32010	0.01205	0.02054	0.01140	0.08800	0.01140
3	0.03700	0.03515	0.03058	0.02658	0.03146	0.24048	0.02097	0.04414	0.09615	0.12793	0.02584	0.02794	0.01992	0.01473	0.01773	0.00368	0.16763	0.00949	0.00791	0.01468
4	0.01438	0.01028	0.01381	0.01572	0.01652	0.01014	0.01067	0.01647	0.02044	0.02758	0.05401	0.45141	0.06332	0.10272	0.10873	0.00746	0.01088	0.02708	0.00934	0.00905
5	0.04775	0.01977	0.02604	0.02038	0.02880	0.01794	0.01670	0.05546	0.09103	0.48160	0.04458	0.03876	0.02865	0.01409	0.01133	0.00352	0.00950	0.01149	0.01363	0.01899
6	0.02542	0.01506	0.01877	0.01652	0.02120	0.01435	0.01283	0.03404	0.09953	0.15923	0.31234	0.06962	0.11438	0.02029	0.01257	0.00359	0.00684	0.01748	0.01245	0.01352
7	0.02800	0.02418	0.02545	0.02291	0.02927	0.02800	0.01782	0.05981	0.51390	0.04708	0.04581	0.04199	0.03436	0.01527	0.01145	0.00382	0.00891	0.01273	0.01145	0.01782
8	0.04634	0.02583	0.03025	0.02319	0.03206	0.02644	0.01916	0.29312	0.04338	0.28799	0.03503	0.03222	0.02316	0.01370	0.01129	0.00343	0.01109	0.01068	0.01249	0.01915
9	0.20442	0.02779	0.02866	0.02250	0.03096	0.03057	0.01858	0.33434	0.04229	0.11493	0.02599	0.02601	0.01831	0.01279	0.01019	0.00342	0.01117	0.00924	0.01046	0.01740
10	0.03820	0.02190	0.02575	0.02160	0.02902	0.02280	0.01724	0.05756	0.29550	0.27150	0.04517	0.04032	0.03141	0.01466	0.01139	0.00367	0.00921	0.01209	0.01258	0.01842
11	0.02126	0.02001	0.03376	0.57739	0.07752	0.02501	0.03126	0.02876	0.02251	0.02876	0.02001	0.03001	0.01500	0.01125	0.01125	0.00375	0.01500	0.01000	0.00500	0.01250
12	0.01593	0.01150	0.01504	0.01416	0.01681	0.01062	0.01062	0.02124	0.03186	0.04513	0.52830	0.08407	0.10620	0.02301	0.01327	0.00354	0.00531	0.02035	0.01239	0.01062
13	0.02000	0.01706	0.01791	0.01698	0.02168	0.01786	0.01291	0.03591	0.24668	0.03782	0.07863	0.12021	0.26601	0.02308	0.01255	0.00387	0.00723	0.01946	0.01091	0.01324
14	0.01475	0.01084	0.01394	0.01530	0.01714	0.01003	0.01116	0.01808	0.02527	0.03372	0.18686	0.34055	0.14613	0.03070	0.01408	0.00428	0.00657	0.07996	0.01093	0.00972
15	0.01729	0.01383	0.02040	0.01971	0.02143	0.01695	0.01556	0.02109	0.01797	0.02626	0.02798	0.04145	0.02625	0.07527	0.48594	0.01623	0.10840	0.01175	0.00587	0.01037
16	0.03992	0.24288	0.04006	0.02329	0.03118	0.24045	0.01956	0.04344	0.02877	0.15622	0.02355	0.02402	0.01783	0.01148	0.00940	0.00287	0.01468	0.00783	0.00749	0.01508
17	0.33657	0.02295	0.02648	0.02056	0.02913	0.02316	0.07231	0.07128	0.02485	0.08556	0.02080	0.02330	0.01570	0.01032	0.00877	0.00306	0.01023	0.00785	0.00763	0.17948
18	0.03233	0.08871	0.03704	0.02700	0.03374	0.09231	0.09759	0.14945	0.03223	0.08409	0.03119	0.13588	0.02875	0.01689	0.01366	0.00365	0.05798	0.01415	0.00857	0.01479
19	0.27603	0.02455	0.02360	0.07781	0.03188	0.06790	0.01727	0.04475	0.17577	0.11022	0.02941	0.02967	0.02162	0.01258	0.00964	0.00357	0.01047	0.00934	0.00898	0.01496
20	0.02899	0.01979	0.02985	0.33010	0.05554	0.02097	0.02413	0.03522	0.02510	0.15902	0.02613	0.03081	0.01855	0.01137	0.01071	0.00328	0.01236	0.00969	0.00756	0.14082
21	0.03063	0.02706	0.09093	0.21866	0.15157	0.02500	0.06914	0.07644	0.02809	0.13372	0.02578	0.03029	0.01849	0.01150	0.01136	0.00357	0.01392	0.01038	0.00740	0.01608

[dist]
# distance from previous block
# <min> <max>
0	1

[block]
# block no. 3 follows, 11 sequences, length 32
# corresponding to MSA columns:
# 101-132
name=unknown_D
#
# <colnr> <probs for GDERKNQSTAVLIFYWHMCP>
#	G	D	E	R	K	N	Q	S	T	A	V	L	I	F	Y	W	H	M	C	P
0	0.02389	0.01600	0.02219	0.02401	0.10126	0.01442	0.01550	0.02869	0.02836	0.12053	0.22825	0.11507	0.09791	0.01939	0.01213	0.00340	0.00780	0.01706	0.01052	0.09363
1	0.17267	0.01966	0.01959	0.06641	0.02600	0.07338	0.01504	0.02506	0.02220	0.03366	0.04460	0.23697	0.09812	0.02261	0.01415	0.00402	0.06851	0.01830	0.00813	0.01091
2	0.02278	0.02123	0.03402	0.45549	0.12047	0.02556	0.02997	0.03316	0.08271	0.03185	0.02327	0.03124	0.01766	0.01161	0.01127	0.00372	0.01409	0.01034	0.00585	0.01372
3	0.02800	0.02418	0.02545	0.02291	0.02927	0.02800	0.01782	0.05981	0.51390	0.04708	0.04581	0.04199	0.03436	0.01527	0.01145	0.00382	0.00891	0.01273	0.01145	0.01782
4	0.01444	0.01103	0.01191	0.01223	0.01430	0.00996	0.00817	0.01617	0.02185	0.02715	0.07975	0.15554	0.30039	0.23415	0.02907	0.00642	0.00766	0.02213	0.00916	0.00850
5	0.04612	0.02833	0.03020	0.02362	0.03216	0.08076	0.01928	0.25479	0.04160	0.27481	0.03372	0.03132	0.02252	0.01350	0.01117	0.00337	0.01196	0.01036	0.01188	0.01852
6	0.02126	0.02001	0.03376	0.57739	0.07752	0.02501	0.03126	0.02876	0.02251	0.02876	0.02001	0.03001	0.01500	0.01125	0.01125	0.00375	0.01500	0.01000	0.00500	0.01250
7	0.01637	0.01091	0.01228	0.01228	0.01228	0.01091	0.00682	0.01637	0.01637	0.02182	0.03546	0.07365	0.04092	0.60445	0.05729	0.01091	0.01091	0.01637	0.00682	0.00682
8	0.02786	0.02674	0.04568	0.06908	0.53424	0.02674	0.03454	0.03454	0.02563	0.03677	0.02117	0.02786	0.01783	0.01003	0.01114	0.00334	0.01337	0.01003	0.00557	0.01783
9	0.03009	0.61122	0.05898	0.01926	0.02889	0.04454	0.01926	0.03370	0.02287	0.02648	0.01565	0.01805	0.01444	0.00963	0.00722	0.00241	0.01204	0.00602	0.00481	0.01444
10	0.01956	0.01612	0.02328	0.03025	0.17719	0.01537	0.01731	0.02472	0.02764	0.03881	0.22450	0.06782	0.16824	0.01922	0.01206	0.00344	0.00790	0.01691	0.07705	0.01259
11	0.05050	0.01915	0.02612	0.02003	0.02873	0.01654	0.01654	0.05485	0.03221	0.54203	0.04440	0.03831	0.02786	0.01393	0.01132	0.00348	0.00958	0.01132	0.01393	0.01915
12	0.01614	0.01182	0.01687	0.01687	0.01846	0.01341	0.01255	0.01932	0.01773	0.02523	0.03126	0.05039	0.03082	0.19343	0.45449	0.01658	0.02612	0.01296	0.00620	0.00937
13	0.15682	0.02979	0.03071	0.02392	0.03257	0.03319	0.01976	0.41425	0.04691	0.06730	0.02500	0.02547	0.01790	0.01297	0.01050	0.00340	0.01173	0.00942	0.01050	0.01790
14	0.56387	0.02127	0.01836	0.01579	0.02309	0.02360	0.01301	0.03721	0.02163	0.14368	0.02112	0.02208	0.01516	0.01111	0.00779	0.00348	0.00887	0.00708	0.00829	0.01351
15	0.02237	0.01597	0.01809	0.01635	0.02042	0.01671	0.01260	0.07937	0.13261	0.04747	0.26293	0.05973	0.06445	0.01814	0.01144	0.00337	0.00677	0.01544	0.16278	0.01297
16	0.01572	0.01052	0.01340	0.01433	0.01477	0.01049	0.00916	0.01633	0.01821	0.02449	0.04273	0.25272	0.04933	0.29041	0.09228	0.07750	0.01121	0.02080	0.00783	0.00778
17	0.02126	0.02001	0.03376	0.57739	0.07752	0.02501	0.03126	0.02876	0.02251	0.02876	0.02001	0.03001	0.01500	0.01125	0.01125	0.00375	0.01500	0.01000	0.00500	0.01250
18	0.09314	0.12000	0.07831	0.02662	0.08431	0.02892	0.02131	0.18811	0.03421	0.09892	0.03537	0.03569	0.08030	0.01387	0.01043	0.00331	0.01136	0.01073	0.00886	0.01624
19	0.03009	0.61122	0.05898	0.01926	0.02889	0.04454	0.01926	0.03370	0.02287	0.02648	0.01565	0.01805	0.01444	0.00963	0.00722	0.00241	0.01204	0.00602	0.00481	0.01444
20	0.55843	0.02125	0.01844	0.01584	0.02315	0.02352	0.01305	0.03740	0.02174	0.14790	0.02137	0.02225	0.01529	0.01114	0.00783	0.00348	0.00888	0.00713	0.00835	0.01357
21	0.02626	0.02512	0.04281	0.19173	0.42404	0.02632	0.03375	0.03315	0.02487	0.03484	0.02089	0.02838	0.01715	0.01032	0.01117	0.00344	0.01377	0.01002	0.00543	0.01654
22	0.02310	0.01231	0.01652	0.01659	0.01946	0.01114	0.01198	0.02601	0.02530	0.15815	0.10750	0.40327	0.06625	0.02865	0.01349	0.00419	0.00716	0.02561	0.01152	0.01179
23	0.01422	0.01019	0.01352	0.01532	0.01644	0.00948	0.01049	0.01695	0.02392	0.03251	0.16939	0.47898	0.08175	0.03244	0.01411	0.00433	0.00625	0.02932	0.01090	0.00948
24	0.02864	0.01414	0.01861	0.01594	0.02075	0.01272	0.01250	0.03361	0.03130	0.22158	0.31562	0.06432	0.07195	0.01896	0.01213	0.00344	0.00682	0.01633	0.06699	0.01364
25	0.03820	0.01643	0.02218	0.01794	0.02449	0.01444	0.01444	0.04290	0.03209	0.36532	0.21649	0.05458	0.05572	0.01716	0.01201	0.00350	0.00806	0.01453	0.01338	0.01612
26	0.68395	0.02177	0.01654	0.01480	0.02177	0.02525	0.01219	0.03309	0.01915	0.05050	0.01567	0.01828	0.01219	0.01045	0.00697	0.00348	0.00871	0.00609	0.00697	0.01219
27	0.61809	0.02277	0.01831	0.01594	0.02312	0.02624	0.01313	0.08071	0.02262	0.05260	0.01684	0.01918	0.01290	0.01076	0.00741	0.00347	0.00908	0.00651	0.00741	0.01290
28	0.02608	0.03375	0.12486	0.04557	0.05759	0.02818	0.43832	0.03600	0.02622	0.03600	0.02246	0.02956	0.01673	0.00963	0.01297	0.00377	0.01869	0.01268	0.00558	0.01536
29	0.03602	0.33497	0.04811	0.02359	0.03268	0.10023	0.05818	0.08830	0.02904	0.11813	0.02246	0.02367	0.01741	0.01099	0.00919	0.00286	0.01324	0.00809	0.00722	0.01562
30	0.68395	0.02177	0.01654	0.01480	0.02177	0.02525	0.01219	0.03309	0.01915	0.05050	0.01567	0.01828	0.01219	0.01045	0.00697	0.00348	0.00871	0.00609	0.00697	0.01219
31	0.01524	0.01167	0.01369	0.01398	0.01681	0.01061	0.01070	0.01879	0.02606	0.03353	0.19334	0.10189	0.27830	0.09786	0.01909	0.00487	0.00715	0.10635	0.01046	0.00961

[dist]
# distance from previous block
# <min> <max>
0	2

[block]
# block no. 4 follows, 11 sequences, length 29
# corresponding to MSA columns:
# 135-163
name=unknown_E
#
# <colnr> <probs for GDERKNQSTAVLIFYWHMCP>
#	G	D	E	R	K	N	Q	S	T	A	V	L	I	F	Y	W	H	M	C	P
0	0.01483	0.01066	0.01406	0.01491	0.01657	0.00989	0.01053	0.01847	0.02674	0.03699	0.29670	0.33890	0.09042	0.02910	0.01382	0.00405	0.00592	0.02614	0.01143	0.00989
1	0.01637	0.01091	0.01228	0.01228	0.01228	0.01091	0.00682	0.01637	0.01637	0.02182	0.03546	0.07365	0.04092	0.60445	0.05729	0.01091	0.01091	0.01637	0.00682	0.00682
2	0.03009	0.61122	0.05898	0.01926	0.02889	0.04454	0.01926	0.03370	0.02287	0.02648	0.01565	0.01805	0.01444	0.00963	0.00722	0.00241	0.01204	0.00602	0.00481	0.01444
3	0.02874	0.01674	0.02028	0.01736	0.02306	0.01588	0.01393	0.06964	0.06690	0.15622	0.14213	0.05534	0.04678	0.01683	0.01117	0.00330	0.00797	0.05891	0.13106	0.09775
4	0.25884	0.03362	0.03030	0.03392	0.15644	0.18712	0.02166	0.08514	0.02812	0.04226	0.01876	0.02221	0.01503	0.01101	0.00942	0.00326	0.01375	0.00785	0.00671	0.01459
5	0.04093	0.03060	0.03273	0.02552	0.03420	0.03404	0.02094	0.44183	0.11082	0.06794	0.02938	0.02890	0.02105	0.01373	0.01128	0.00343	0.01195	0.01046	0.01128	0.01897
6	0.02193	0.02132	0.03790	0.51016	0.07515	0.02544	0.08989	0.02968	0.02302	0.02968	0.02036	0.03005	0.01527	0.01103	0.01151	0.00376	0.01551	0.01042	0.00509	0.01284
7	0.04216	0.03310	0.03092	0.02511	0.03304	0.14368	0.02013	0.26330	0.10310	0.14451	0.03050	0.02953	0.02166	0.01340	0.01106	0.00335	0.01314	0.01006	0.01059	0.01766
8	0.01486	0.01112	0.01379	0.01385	0.01634	0.01005	0.01011	0.01889	0.02825	0.03828	0.33453	0.19827	0.19662	0.02686	0.01351	0.00382	0.00566	0.02360	0.01153	0.01005
9	0.01371	0.00979	0.01306	0.01567	0.01632	0.00914	0.01045	0.01567	0.02155	0.02873	0.06203	0.59710	0.07444	0.03526	0.01437	0.00457	0.00653	0.03200	0.01045	0.00914
10	0.02126	0.02001	0.03376	0.57739	0.07752	0.02501	0.03126	0.02876	0.02251	0.02876	0.02001	0.03001	0.01500	0.01125	0.01125	0.00375	0.01500	0.01000	0.00500	0.01250
11	0.02710	0.02887	0.05788	0.05635	0.25462	0.02775	0.30440	0.03543	0.02618	0.03635	0.02211	0.02933	0.01739	0.00971	0.01240	0.00361	0.01667	0.01194	0.00564	0.01627
12	0.01579	0.01067	0.01245	0.01301	0.01315	0.01053	0.00761	0.01622	0.01749	0.02332	0.04122	0.18712	0.04819	0.48106	0.04798	0.00954	0.00996	0.01976	0.00761	0.00732
13	0.02931	0.02638	0.03814	0.05035	0.32680	0.02791	0.02799	0.08611	0.18329	0.04326	0.02955	0.03227	0.02320	0.01202	0.01125	0.00350	0.01186	0.01089	0.00798	0.01795
14	0.17620	0.01951	0.02563	0.02115	0.02798	0.01924	0.06402	0.04101	0.06923	0.23960	0.03948	0.14200	0.03297	0.01698	0.01118	0.00376	0.00971	0.01453	0.01067	0.01517
15	0.02462	0.02462	0.03447	0.02955	0.02955	0.03447	0.02462	0.02709	0.01724	0.02709	0.01477	0.02462	0.01477	0.01970	0.03694	0.00492	0.58385	0.00985	0.00492	0.01231
16	0.03451	0.02757	0.10057	0.03810	0.18235	0.02274	0.06109	0.08081	0.03056	0.20170	0.07688	0.03609	0.02896	0.01285	0.01152	0.00347	0.01215	0.01145	0.00929	0.01734
17	0.10983	0.02007	0.03020	0.40504	0.06162	0.02349	0.02618	0.03406	0.02386	0.12513	0.02391	0.03005	0.01700	0.01164	0.01073	0.00367	0.01322	0.00975	0.00688	0.01368
18	0.03786	0.02047	0.02546	0.01898	0.02828	0.01724	0.01548	0.07643	0.02984	0.28206	0.03226	0.03081	0.02223	0.01141	0.00999	0.00267	0.00924	0.00916	0.01050	0.30962
19	0.01939	0.01514	0.01803	0.01667	0.02038	0.01560	0.01268	0.03229	0.16997	0.04569	0.39006	0.07202	0.08562	0.02079	0.01275	0.00362	0.00634	0.01817	0.01212	0.01268
20	0.02253	0.02175	0.03403	0.37057	0.05941	0.02858	0.02875	0.02813	0.02052	0.02813	0.01803	0.02798	0.01492	0.01444	0.02095	0.00419	0.22975	0.00994	0.00497	0.01243
21	0.03481	0.01695	0.02192	0.01821	0.02437	0.01580	0.01450	0.04300	0.09320	0.29469	0.22429	0.05577	0.05778	0.01747	0.01206	0.00355	0.00791	0.01485	0.01304	0.01581
22	0.03170	0.01702	0.02142	0.01819	0.02393	0.01643	0.01436	0.04201	0.12973	0.23703	0.24398	0.05790	0.06144	0.01794	0.01215	0.00357	0.00768	0.01533	0.01279	0.01537
23	0.02126	0.02001	0.03376	0.57739	0.07752	0.02501	0.03126	0.02876	0.02251	0.02876	0.02001	0.03001	0.01500	0.01125	0.01125	0.00375	0.01500	0.01000	0.00500	0.01250
24	0.01735	0.01056	0.01301	0.01301	0.01301	0.01056	0.00773	0.01584	0.01584	0.02112	0.03056	0.06150	0.03434	0.43029	0.05319	0.21473	0.01056	0.01434	0.00622	0.00622
25	0.12906	0.07829	0.03290	0.02331	0.03206	0.03277	0.01953	0.35502	0.04394	0.10675	0.02609	0.02609	0.01859	0.01281	0.01034	0.00332	0.01161	0.00934	0.01037	0.01780
26	0.09378	0.02625	0.09015	0.02066	0.03045	0.02085	0.01868	0.08100	0.07856	0.15490	0.02838	0.02853	0.02050	0.01127	0.00976	0.00286	0.01011	0.00880	0.00899	0.25554
27	0.08657	0.35362	0.04874	0.02311	0.03220	0.03793	0.06796	0.09592	0.08843	0.03774	0.02162	0.02350	0.01762	0.01089	0.00887	0.00294	0.01213	0.00814	0.00674	0.01535
28	0.02859	0.02590	0.04000	0.14770	0.33929	0.02759	0.03058	0.09421	0.07919	0.04073	0.02426	0.02959	0.01922	0.01122	0.01121	0.00347	0.01307	0.01032	0.00680	0.01706

[dist]
# distance from previous block
# <min> <max>
0	1

[block]
# block no. 5 follows, 11 sequences, length 51
# corresponding to MSA columns:
# 165-215
name=unknown_F
#
# <colnr> <probs for GDERKNQSTAVLIFYWHMCP>
#	G	D	E	R	K	N	Q	S	T	A	V	L	I	F	Y	W	H	M	C	P
0	0.02151	0.01466	0.02141	0.02061	0.02408	0.01420	0.05511	0.02779	0.06933	0.09485	0.05451	0.33621	0.05820	0.02777	0.01386	0.00442	0.00895	0.11007	0.01054	0.01193
1	0.02510	0.02371	0.03158	0.02695	0.02834	0.03146	0.02233	0.07381	0.02192	0.03198	0.02818	0.03511	0.07824	0.02014	0.03142	0.00463	0.45460	0.01158	0.00625	0.01267
2	0.01558	0.01137	0.01476	0.01500	0.01739	0.01055	0.01133	0.02007	0.02877	0.03957	0.35283	0.18264	0.13142	0.02664	0.01375	0.00395	0.00618	0.07634	0.01163	0.01023
3	0.22664	0.01438	0.01532	0.01579	0.01914	0.01484	0.01154	0.02464	0.02176	0.08167	0.04595	0.36585	0.05079	0.02558	0.01178	0.00413	0.00748	0.02204	0.00967	0.01099
4	0.04279	0.03153	0.03378	0.02590	0.03490	0.03490	0.02139	0.49671	0.05292	0.07093	0.02702	0.02702	0.01914	0.01351	0.01126	0.00338	0.01239	0.01013	0.01126	0.01914
5	0.36727	0.02095	0.02063	0.01711	0.02441	0.02227	0.01404	0.08644	0.02694	0.19940	0.02739	0.02736	0.01914	0.01205	0.00879	0.00339	0.00903	0.00848	0.07007	0.01484
6	0.16551	0.02966	0.03048	0.02377	0.03239	0.03306	0.01963	0.40796	0.04646	0.06702	0.02485	0.02535	0.01781	0.01292	0.01044	0.00340	0.01168	0.00936	0.01044	0.01781
7	0.03009	0.61122	0.05898	0.01926	0.02889	0.04454	0.01926	0.03370	0.02287	0.02648	0.01565	0.01805	0.01444	0.00963	0.00722	0.00241	0.01204	0.00602	0.00481	0.01444
8	0.03009	0.61122	0.05898	0.01926	0.02889	0.04454	0.01926	0.03370	0.02287	0.02648	0.01565	0.01805	0.01444	0.00963	0.00722	0.00241	0.01204	0.00602	0.00481	0.01444
9	0.03160	0.01722	0.02153	0.01832	0.02408	0.01674	0.01446	0.04251	0.14033	0.23182	0.23849	0.05746	0.06069	0.01787	0.01213	0.00358	0.00772	0.01525	0.01276	0.01544
10	0.02800	0.02418	0.02545	0.02291	0.02927	0.02800	0.01782	0.05981	0.51390	0.04708	0.04581	0.04199	0.03436	0.01527	0.01145	0.00382	0.00891	0.01273	0.01145	0.01782
11	0.01886	0.01215	0.01598	0.01466	0.01783	0.01112	0.01112	0.02409	0.03189	0.08730	0.48723	0.08019	0.09955	0.02224	0.01311	0.00354	0.00567	0.01959	0.01252	0.01134
12	0.02126	0.02001	0.03376	0.57739	0.07752	0.02501	0.03126	0.02876	0.02251	0.02876	0.02001	0.03001	0.01500	0.01125	0.01125	0.00375	0.01500	0.01000	0.00500	0.01250
13	0.01707	0.01029	0.01350	0.01373	0.01498	0.00963	0.00945	0.01522	0.01872	0.02377	0.05291	0.10798	0.18403	0.03544	0.03173	0.40335	0.00821	0.01614	0.00713	0.00671
14	0.01955	0.00978	0.01466	0.01466	0.01466	0.00978	0.00978	0.01466	0.01466	0.01955	0.01955	0.03421	0.01955	0.03910	0.04399	0.67253	0.00978	0.00978	0.00489	0.00489
15	0.03009	0.61122	0.05898	0.01926	0.02889	0.04454	0.01926	0.03370	0.02287	0.02648	0.01565	0.01805	0.01444	0.00963	0.00722	0.00241	0.01204	0.00602	0.00481	0.01444
16	0.01452	0.01116	0.01329	0.01336	0.01610	0.00993	0.00979	0.01829	0.02764	0.03654	0.28574	0.18407	0.26434	0.02730	0.01348	0.00382	0.00568	0.02373	0.01130	0.00993
17	0.03840	0.02736	0.02984	0.02410	0.03212	0.03017	0.01951	0.28519	0.21650	0.12000	0.03592	0.03380	0.02569	0.01420	0.01134	0.00355	0.01079	0.01121	0.01166	0.01866
18	0.03955	0.02744	0.07959	0.02345	0.03236	0.02514	0.02057	0.16109	0.17136	0.23905	0.03819	0.03516	0.02622	0.01388	0.01128	0.00356	0.01077	0.01113	0.01168	0.01852
19	0.68395	0.02177	0.01654	0.01480	0.02177	0.02525	0.01219	0.03309	0.01915	0.05050	0.01567	0.01828	0.01219	0.01045	0.00697	0.00348	0.00871	0.00609	0.00697	0.01219
20	0.03343	0.03644	0.08250	0.03399	0.12918	0.17597	0.02440	0.14785	0.06883	0.04397	0.08522	0.03302	0.02884	0.01332	0.01113	0.00331	0.01409	0.01056	0.00816	0.01580
21	0.02432	0.02236	0.04390	0.03256	0.04042	0.02123	0.29789	0.03210	0.02537	0.03843	0.02839	0.03503	0.02182	0.01095	0.01110	0.00332	0.01345	0.01216	0.27193	0.01329
22	0.02197	0.01600	0.01926	0.01680	0.02088	0.01608	0.01304	0.12810	0.03659	0.05093	0.41564	0.07125	0.08663	0.02088	0.01282	0.00350	0.00690	0.01806	0.01214	0.01253
23	0.02150	0.01758	0.02693	0.18825	0.04082	0.01908	0.06729	0.07131	0.02554	0.03466	0.03679	0.16951	0.03693	0.07623	0.01669	0.00462	0.01157	0.05465	0.06830	0.01177
24	0.02126	0.02001	0.03376	0.57739	0.07752	0.02501	0.03126	0.02876	0.02251	0.02876	0.02001	0.03001	0.01500	0.01125	0.01125	0.00375	0.01500	0.01000	0.00500	0.01250
25	0.01784	0.01436	0.01957	0.01939	0.01972	0.01699	0.01427	0.01907	0.01904	0.02662	0.04089	0.31554	0.04762	0.08923	0.02849	0.07188	0.18066	0.02153	0.00786	0.00943
26	0.02861	0.50232	0.15491	0.02178	0.03279	0.04091	0.02366	0.03408	0.02305	0.02829	0.01654	0.01918	0.01441	0.00984	0.00791	0.00264	0.01294	0.00647	0.00480	0.01488
27	0.68395	0.02177	0.01654	0.01480	0.02177	0.02525	0.01219	0.03309	0.01915	0.05050	0.01567	0.01828	0.01219	0.01045	0.00697	0.00348	0.00871	0.00609	0.00697	0.01219
28	0.02462	0.02462	0.03447	0.02955	0.02955	0.03447	0.02462	0.02709	0.01724	0.02709	0.01477	0.02462	0.01477	0.01970	0.03694	0.00492	0.58385	0.00985	0.00492	0.01231
29	0.02933	0.02585	0.03578	0.11877	0.13733	0.02852	0.06733	0.12232	0.22231	0.04536	0.03185	0.03384	0.02407	0.01282	0.01150	0.00364	0.01221	0.01140	0.00878	0.01699
30	0.03009	0.61122	0.05898	0.01926	0.02889	0.04454	0.01926	0.03370	0.02287	0.02648	0.01565	0.01805	0.01444	0.00963	0.00722	0.00241	0.01204	0.00602	0.00481	0.01444
31	0.01608	0.01206	0.01809	0.01809	0.02010	0.01407	0.01407	0.02010	0.01809	0.02613	0.03015	0.04422	0.02814	0.08441	0.55984	0.01809	0.03015	0.01206	0.00603	0.01005
32	0.02016	0.01244	0.01640	0.01488	0.01827	0.01134	0.01134	0.02535	0.03190	0.10595	0.46907	0.07847	0.09661	0.02190	0.01304	0.00353	0.00583	0.01925	0.01258	0.01166
33	0.02126	0.02001	0.03376	0.57739	0.07752	0.02501	0.03126	0.02876	0.02251	0.02876	0.02001	0.03001	0.01500	0.01125	0.01125	0.00375	0.01500	0.01000	0.00500	0.01250
34	0.04755	0.02388	0.02904	0.02227	0.03109	0.02355	0.01839	0.22357	0.04012	0.36215	0.03777	0.03400	0.02453	0.01377	0.01130	0.00344	0.01065	0.01087	0.01291	0.01915
35	0.03489	0.01679	0.02140	0.01832	0.02420	0.01539	0.01433	0.08213	0.03044	0.28973	0.05617	0.20237	0.10148	0.02165	0.01241	0.00382	0.00852	0.01852	0.01227	0.01517
36	0.04201	0.03117	0.17251	0.02391	0.03486	0.02082	0.02398	0.08765	0.03164	0.35942	0.03612	0.03326	0.02330	0.01299	0.01114	0.00350	0.01180	0.01038	0.01113	0.01845
37	0.02934	0.01936	0.02458	0.11775	0.03403	0.01993	0.01759	0.13568	0.03340	0.12241	0.15724	0.04501	0.04277	0.01509	0.01119	0.00327	0.00954	0.01263	0.07421	0.07497
38	0.04049	0.03288	0.03368	0.02665	0.03424	0.08709	0.02182	0.39422	0.04646	0.06124	0.02456	0.02606	0.01814	0.01408	0.01429	0.00352	0.08312	0.00981	0.00994	0.01770
39	0.02375	0.02037	0.02352	0.01722	0.02690	0.01615	0.01373	0.03111	0.06652	0.03759	0.02228	0.02498	0.01823	0.00895	0.00861	0.00186	0.00839	0.00720	0.00709	0.61556
40	0.03440	0.02250	0.07630	0.02000	0.02769	0.01839	0.01767	0.08570	0.07337	0.25308	0.13328	0.05259	0.10125	0.01704	0.01184	0.00356	0.00930	0.01411	0.01183	0.01611
41	0.04176	0.03412	0.03602	0.02807	0.03672	0.12585	0.06928	0.32504	0.04441	0.10657	0.02660	0.02729	0.01897	0.01280	0.01127	0.00335	0.01419	0.01006	0.00998	0.01765
42	0.08556	0.02498	0.02845	0.02361	0.02962	0.07795	0.05911	0.07421	0.06084	0.03818	0.03611	0.04441	0.08418	0.01625	0.01532	0.00356	0.10671	0.04966	0.00777	0.13352
43	0.09325	0.40634	0.18350	0.02220	0.03342	0.03775	0.02445	0.03415	0.02274	0.03130	0.01685	0.01959	0.01417	0.00999	0.00811	0.00282	0.01292	0.00663	0.00501	0.01480
44	0.02180	0.01812	0.02192	0.08766	0.03046	0.01999	0.01729	0.03829	0.23194	0.04065	0.14483	0.06934	0.09571	0.02021	0.01266	0.00399	0.00892	0.09193	0.01057	0.01373
45	0.01955	0.00978	0.01466	0.01466	0.01466	0.00978	0.00978	0.01466	0.01466	0.01955	0.01955	0.03421	0.01955	0.03910	0.04399	0.67253	0.00978	0.00978	0.00489	0.00489
46	0.04167	0.01701	0.02309	0.01883	0.02573	0.01486	0.01506	0.04573	0.03049	0.41758	0.08902	0.13101	0.04203	0.01810	0.01197	0.00366	0.00872	0.01538	0.01324	0.01683
47	0.03318	0.02675	0.02837	0.02395	0.03124	0.03042	0.01907	0.21298	0.35228	0.05544	0.03922	0.03674	0.02902	0.01465	0.01138	0.00366	0.01013	0.01182	0.01138	0.01828
48	0.68395	0.02177	0.01654	0.01480	0.02177	0.02525	0.01219	0.03309	0.01915	0.05050	0.01567	0.01828	0.01219	0.01045	0.00697	0.00348	0.00871	0.00609	0.00697	0.01219
49	0.26035	0.08460	0.03035	0.02146	0.02984	0.03255	0.01804	0.29344	0.03847	0.05964	0.02204	0.02317	0.01631	0.01209	0.00940	0.00332	0.01110	0.00835	0.00917	0.01631
50	0.01691	0.01328	0.01968	0.01920	0.02102	0.01605	0.01510	0.02078	0.01801	0.02622	0.02865	0.04231	0.02684	0.07812	0.50897	0.01681	0.08402	0.01184	0.00592	0.01027

[dist]
# distance from previous block
# <min> <max>
1	29

[block]
# block no. 6 follows, 11 sequences, length 39
# corresponding to MSA columns:
# 245-266,282-298
name=unknown_G
#
# <colnr> <probs for GDERKNQSTAVLIFYWHMCP>
#	G	D	E	R	K	N	Q	S	T	A	V	L	I	F	Y	W	H	M	C	P
0	0.03855	0.01908	0.02401	0.01910	0.02587	0.01853	0.01559	0.08739	0.03024	0.29492	0.03611	0.03536	0.02500	0.01372	0.01260	0.00325	0.06053	0.01046	0.15261	0.07708
1	0.02603	0.01860	0.02413	0.02013	0.02552	0.01885	0.04667	0.11123	0.10041	0.09505	0.29897	0.06083	0.06843	0.01860	0.01251	0.00356	0.00832	0.01627	0.01176	0.01414
2	0.01637	0.01169	0.01611	0.01871	0.02053	0.01143	0.01507	0.02027	0.02417	0.03171	0.06057	0.31443	0.06863	0.03275	0.01508	0.00494	0.00884	0.28842	0.01040	0.00988
3	0.07095	0.02387	0.02511	0.02157	0.02814	0.02674	0.01709	0.16356	0.28705	0.05210	0.08828	0.04504	0.06925	0.01613	0.01141	0.00366	0.00924	0.01310	0.01114	0.01657
4	0.01478	0.01050	0.01390	0.01594	0.01701	0.00997	0.01123	0.01735	0.02274	0.03046	0.10549	0.43613	0.07338	0.08175	0.01806	0.00509	0.00732	0.08929	0.01032	0.00926
5	0.03017	0.44232	0.09042	0.02495	0.03495	0.08740	0.08743	0.03518	0.02426	0.02854	0.01711	0.02037	0.01481	0.00986	0.00857	0.00272	0.01406	0.00730	0.00502	0.01457
6	0.02462	0.02462	0.03447	0.02955	0.02955	0.03447	0.02462	0.02709	0.01724	0.02709	0.01477	0.02462	0.01477	0.01970	0.03694	0.00492	0.58385	0.00985	0.00492	0.01231
7	0.53636	0.02253	0.02026	0.02054	0.06629	0.02576	0.01487	0.03695	0.08904	0.04886	0.02036	0.02242	0.01577	0.01109	0.00795	0.00352	0.00913	0.00736	0.00748	0.01346
8	0.13572	0.01987	0.02446	0.01927	0.02724	0.01874	0.01582	0.08461	0.03203	0.39297	0.08002	0.03847	0.03161	0.01418	0.01087	0.00348	0.00932	0.01126	0.01261	0.01745
9	0.02334	0.02001	0.02334	0.01667	0.02667	0.01500	0.01334	0.02834	0.02334	0.03668	0.02001	0.02334	0.01667	0.00834	0.00834	0.00167	0.00834	0.00667	0.00667	0.67325
10	0.01567	0.01149	0.01469	0.01389	0.01666	0.01051	0.01042	0.02074	0.03125	0.04368	0.48738	0.08647	0.14803	0.02355	0.01328	0.00357	0.00535	0.02069	0.01220	0.01051
11	0.02257	0.05822	0.54613	0.03208	0.04871	0.02614	0.04158	0.03564	0.02376	0.03564	0.02020	0.02376	0.01426	0.01069	0.01069	0.00356	0.01663	0.00832	0.00475	0.01663
12	0.09526	0.41809	0.04736	0.01903	0.02819	0.03620	0.01797	0.03860	0.02472	0.14946	0.02239	0.02282	0.01738	0.01071	0.00816	0.00276	0.01115	0.00727	0.00715	0.01534
13	0.01656	0.01305	0.01515	0.01460	0.01795	0.01250	0.01093	0.02442	0.09439	0.03945	0.29532	0.12683	0.22735	0.02467	0.01312	0.00374	0.00602	0.02132	0.01150	0.01112
14	0.04098	0.01802	0.02312	0.01842	0.02548	0.01655	0.01496	0.08608	0.03282	0.36220	0.10731	0.04400	0.03783	0.01501	0.01109	0.00336	0.00864	0.01232	0.10500	0.01678
15	0.01763	0.01046	0.01322	0.01322	0.01322	0.01046	0.00799	0.01569	0.01569	0.02092	0.02917	0.05805	0.03246	0.38071	0.05202	0.27275	0.01046	0.01376	0.00606	0.00606
16	0.01568	0.01101	0.01423	0.01482	0.01558	0.01148	0.00985	0.01735	0.01806	0.02470	0.03983	0.18271	0.04457	0.31711	0.20123	0.01168	0.01580	0.01858	0.00740	0.00833
17	0.02371	0.02034	0.02351	0.01717	0.02688	0.01604	0.01369	0.03084	0.06237	0.03750	0.02206	0.02482	0.01808	0.00889	0.00858	0.00184	0.00838	0.00715	0.00705	0.62110
18	0.18716	0.03609	0.02932	0.02434	0.03191	0.19302	0.01943	0.25404	0.03888	0.05306	0.02152	0.02300	0.01615	0.01224	0.00995	0.00326	0.01397	0.00834	0.00862	0.01571
19	0.59517	0.02140	0.01788	0.01553	0.02274	0.02403	0.01280	0.03614	0.02098	0.11939	0.01970	0.02109	0.01439	0.01094	0.00758	0.00348	0.00883	0.00683	0.00794	0.01317
20	0.04029	0.03442	0.03259	0.10344	0.04028	0.16585	0.02242	0.27484	0.04137	0.09744	0.02518	0.02676	0.01818	0.01274	0.01098	0.00332	0.01452	0.00949	0.00923	0.01665
21	0.01979	0.01178	0.01590	0.01694	0.01923	0.01093	0.01255	0.02293	0.02476	0.10308	0.10523	0.39300	0.06951	0.03040	0.01402	0.00441	0.00745	0.09609	0.01111	0.01089
22	0.02440	0.01251	0.01685	0.01694	0.01993	0.01129	0.01222	0.02705	0.02465	0.17781	0.05691	0.43481	0.06091	0.02907	0.01348	0.00425	0.00742	0.02599	0.01146	0.01205
23	0.02061	0.01254	0.01655	0.01495	0.01843	0.01142	0.01142	0.02579	0.03191	0.11245	0.46274	0.07787	0.09559	0.02178	0.01301	0.00353	0.00589	0.01913	0.01260	0.01178
24	0.03603	0.02817	0.02997	0.02453	0.03233	0.03175	0.01976	0.29707	0.26356	0.06004	0.03561	0.03386	0.02609	0.01431	0.01135	0.00358	0.01080	0.01132	0.01135	0.01854
25	0.03753	0.01599	0.02110	0.01719	0.02350	0.01418	0.01381	0.04225	0.03092	0.34494	0.16701	0.05052	0.04802	0.01614	0.01134	0.00338	0.00788	0.01351	0.10505	0.01576
26	0.68395	0.02177	0.01654	0.01480	0.02177	0.02525	0.01219	0.03309	0.01915	0.05050	0.01567	0.01828	0.01219	0.01045	0.00697	0.00348	0.00871	0.00609	0.00697	0.01219
27	0.68395	0.02177	0.01654	0.01480	0.02177	0.02525	0.01219	0.03309	0.01915	0.05050	0.01567	0.01828	0.01219	0.01045	0.00697	0.00348	0.00871	0.00609	0.00697	0.01219
28	0.03151	0.04069	0.11742	0.02801	0.03683	0.22248	0.06541	0.04376	0.14178	0.03551	0.02537	0.02729	0.01965	0.01166	0.01057	0.00313	0.01523	0.00917	0.00706	0.10748
29	0.02442	0.18231	0.18338	0.02792	0.03799	0.02904	0.10880	0.03437	0.06818	0.03255	0.02383	0.02922	0.01941	0.02523	0.11911	0.00621	0.01784	0.00976	0.00581	0.01462
30	0.01472	0.01101	0.01366	0.01395	0.01631	0.00995	0.01010	0.01853	0.02758	0.03722	0.30446	0.23204	0.19386	0.02766	0.01358	0.00389	0.00574	0.02436	0.01141	0.00995
31	0.01997	0.01285	0.01607	0.14341	0.02849	0.01375	0.01344	0.02541	0.02363	0.03725	0.04364	0.04846	0.09580	0.01483	0.00942	0.00305	0.00759	0.01224	0.41987	0.01082
32	0.01557	0.01149	0.01455	0.01379	0.01660	0.01047	0.01034	0.02055	0.03102	0.04314	0.47218	0.08736	0.16357	0.02375	0.01328	0.00358	0.00536	0.02082	0.01213	0.01047
33	0.01955	0.00978	0.01466	0.01466	0.01466	0.00978	0.00978	0.01466	0.01466	0.01955	0.01955	0.03421	0.01955	0.03910	0.04399	0.67253	0.00978	0.00978	0.00489	0.00489
34	0.03181	0.53269	0.05557	0.02016	0.02970	0.04323	0.01955	0.09643	0.02694	0.03250	0.01719	0.01927	0.01508	0.01016	0.00777	0.00254	0.01208	0.00658	0.00569	0.01508
35	0.01818	0.01168	0.01561	0.01609	0.01847	0.01086	0.01205	0.02214	0.02720	0.07751	0.25024	0.27930	0.08231	0.02798	0.01384	0.00415	0.00680	0.08336	0.01151	0.01072
36	0.01458	0.01053	0.01342	0.01456	0.01598	0.00977	0.00999	0.01738	0.02433	0.03290	0.19764	0.35848	0.11700	0.08741	0.01821	0.00484	0.00655	0.02644	0.01065	0.00937
37	0.29478	0.02533	0.02761	0.02678	0.09886	0.02746	0.01895	0.18911	0.03296	0.12190	0.02408	0.02522	0.01739	0.01187	0.00956	0.00343	0.01069	0.00869	0.00913	0.01622
38	0.68395	0.02177	0.01654	0.01480	0.02177	0.02525	0.01219	0.03309	0.01915	0.05050	0.01567	0.01828	0.01219	0.01045	0.00697	0.00348	0.00871	0.00609	0.00697	0.01219

[dist]
# distance from previous block
# <min> <max>
2	17

[block]
# block no. 7 follows, 11 sequences, length 16
# corresponding to MSA columns:
# 318-331,333,334
name=unknown_H
#
# <colnr> <probs for GDERKNQSTAVLIFYWHMCP>
#	G	D	E	R	K	N	Q	S	T	A	V	L	I	F	Y	W	H	M	C	P
0	0.01599	0.01700	0.07691	0.11214	0.03030	0.01374	0.01748	0.02014	0.02196	0.02952	0.05022	0.43667	0.05762	0.02844	0.01343	0.00432	0.00910	0.02561	0.00889	0.01056
1	0.01367	0.00995	0.01290	0.01526	0.01622	0.00918	0.01027	0.01572	0.02194	0.02889	0.06702	0.55020	0.11812	0.03461	0.01426	0.00450	0.00645	0.03121	0.01045	0.00918
2	0.03001	0.02250	0.03785	0.17173	0.22609	0.02295	0.06944	0.03649	0.02640	0.14141	0.02979	0.04068	0.02390	0.01319	0.01184	0.00369	0.01316	0.05531	0.00769	0.01587
3	0.02211	0.01983	0.03272	0.44501	0.13150	0.02360	0.02905	0.02925	0.02305	0.03133	0.02205	0.03107	0.01695	0.01130	0.01085	0.00357	0.01368	0.01006	0.08003	0.01299
4	0.01371	0.00979	0.01306	0.01567	0.01632	0.00914	0.01045	0.01567	0.02155	0.02873	0.06203	0.59710	0.07444	0.03526	0.01437	0.00457	0.00653	0.03200	0.01045	0.00914
5	0.03076	0.06592	0.08144	0.20378	0.04735	0.02689	0.02476	0.09429	0.14327	0.12173	0.03056	0.03243	0.02200	0.01272	0.01098	0.00357	0.01235	0.01044	0.00864	0.01611
6	0.03936	0.04363	0.02938	0.02592	0.03191	0.38542	0.01982	0.12878	0.03480	0.03777	0.02183	0.02449	0.01731	0.01217	0.01005	0.00295	0.01677	0.00824	0.09554	0.01387
7	0.02162	0.01964	0.02641	0.02327	0.02327	0.02591	0.01815	0.02319	0.01692	0.02517	0.02229	0.04244	0.02428	0.23220	0.04433	0.00710	0.37564	0.01222	0.00561	0.01032
8	0.02657	0.03036	0.06641	0.04744	0.05882	0.02846	0.49336	0.03605	0.02657	0.03605	0.02277	0.03036	0.01708	0.00949	0.01328	0.00380	0.01898	0.01328	0.00569	0.01518
9	0.02786	0.02674	0.04568	0.06908	0.53424	0.02674	0.03454	0.03454	0.02563	0.03677	0.02117	0.02786	0.01783	0.01003	0.01114	0.00334	0.01337	0.01003	0.00557	0.01783
10	0.02800	0.02418	0.02545	0.02291	0.02927	0.02800	0.01782	0.05981	0.51390	0.04708	0.04581	0.04199	0.03436	0.01527	0.01145	0.00382	0.00891	0.01273	0.01145	0.01782
11	0.01508	0.01147	0.01386	0.01326	0.01629	0.01026	0.00995	0.01959	0.02984	0.04034	0.39354	0.09196	0.24395	0.02480	0.01328	0.00362	0.00544	0.02146	0.01176	0.01026
12	0.02569	0.02155	0.02374	0.02240	0.02788	0.02448	0.01789	0.05127	0.39977	0.04395	0.04903	0.06187	0.04147	0.01897	0.01241	0.00414	0.00925	0.11698	0.01120	0.01607
13	0.02517	0.01654	0.01713	0.01562	0.01995	0.01798	0.01209	0.08226	0.16909	0.04630	0.03841	0.04050	0.02950	0.01378	0.00924	0.00304	0.00701	0.01111	0.41180	0.01347
14	0.01612	0.01119	0.01387	0.01354	0.01611	0.01034	0.01002	0.02084	0.02911	0.04160	0.37444	0.13134	0.13568	0.02344	0.01266	0.00354	0.00546	0.02052	0.09982	0.01034
15	0.09636	0.02422	0.02842	0.15213	0.03939	0.07833	0.02159	0.03732	0.07908	0.11592	0.02783	0.06725	0.02287	0.01559	0.01670	0.00392	0.14005	0.01129	0.00781	0.01394

[dist]
# distance from previous block
# <min> <max>
6	23

[block]
# block no. 8 follows, 11 sequences, length 16
# corresponding to MSA columns:
# 360-375
name=unknown_I
#
# <colnr> <probs for GDERKNQSTAVLIFYWHMCP>
#	G	D	E	R	K	N	Q	S	T	A	V	L	I	F	Y	W	H	M	C	P
0	0.03636	0.02514	0.08627	0.02185	0.02995	0.02128	0.01940	0.14410	0.07162	0.23430	0.10394	0.08299	0.03885	0.01640	0.01174	0.00358	0.01018	0.01359	0.01160	0.01685
