[name]
unknown

[dist]
# distance from previous block
# <min> <max>
0	94

[block]
# block no. 0 follows, 13 sequences, length 22
# corresponding to MSA columns:
# 202-219,222-225
name=unknown_A
#
# <colnr> <probs for GDERKNQSTAVLIFYWHMCP>
#	G	D	E	R	K	N	Q	S	T	A	V	L	I	F	Y	W	H	M	C	P
0	0.34399	0.13411	0.02610	0.01617	0.02407	0.02562	0.01382	0.08081	0.02284	0.04206	0.01681	0.01914	0.01354	0.00948	0.00732	0.00266	0.00902	0.00623	0.00652	0.17969
1	0.03193	0.44748	0.04782	0.02033	0.02890	0.09406	0.01875	0.13846	0.02835	0.03389	0.01714	0.01897	0.01452	0.01001	0.00787	0.00250	0.01215	0.00659	0.00591	0.01438
2	0.03177	0.02543	0.02699	0.02262	0.02958	0.02886	0.01806	0.24179	0.34884	0.05306	0.03608	0.03391	0.02664	0.01369	0.01069	0.00342	0.00966	0.01099	0.01069	0.01723
3	0.01632	0.01368	0.01688	0.01826	0.07151	0.01186	0.01211	0.01965	0.02263	0.02986	0.06613	0.14142	0.26588	0.06069	0.01425	0.00372	0.00729	0.04999	0.00841	0.14946
4	0.01510	0.01133	0.01699	0.01699	0.01888	0.01322	0.01322	0.01888	0.01699	0.02454	0.02832	0.04154	0.02643	0.07930	0.58652	0.01699	0.02832	0.01133	0.00566	0.00944
5	0.03767	0.07543	0.02761	0.02013	0.02763	0.02302	0.01654	0.08782	0.21322	0.29613	0.03853	0.03471	0.02659	0.01314	0.01033	0.00329	0.00918	0.01057	0.01131	0.01715
6	0.04019	0.02962	0.03173	0.02433	0.03279	0.03279	0.02010	0.52721	0.04971	0.06663	0.02538	0.02538	0.01798	0.01269	0.01058	0.00317	0.01163	0.00952	0.01058	0.01798
7	0.04744	0.01799	0.02454	0.01881	0.02699	0.01554	0.01554	0.05153	0.03026	0.56979	0.04171	0.03599	0.02617	0.01309	0.01063	0.00327	0.00900	0.01063	0.01309	0.01799
8	0.02924	0.02441	0.04210	0.04458	0.24542	0.02456	0.15502	0.03809	0.08069	0.12490	0.02602	0.02965	0.01962	0.01107	0.01275	0.00342	0.05468	0.01068	0.00714	0.01595
9	0.02910	0.02444	0.02933	0.07060	0.11706	0.02744	0.02093	0.16131	0.30718	0.04674	0.03346	0.03322	0.02514	0.01290	0.01066	0.00341	0.01021	0.01079	0.00940	0.01667
10	0.01538	0.01025	0.01153	0.01153	0.01153	0.01025	0.00641	0.01538	0.01538	0.02050	0.03331	0.06919	0.03844	0.62842	0.05382	0.01025	0.01025	0.01538	0.00641	0.00641
11	0.02191	0.11243	0.52206	0.02894	0.04391	0.02627	0.03698	0.03330	0.02224	0.03263	0.01855	0.02179	0.01341	0.00995	0.00972	0.00324	0.01520	0.00760	0.00447	0.01542
12	0.02413	0.29471	0.35921	0.02515	0.03806	0.03171	0.03039	0.03273	0.02198	0.02992	0.01721	0.02010	0.01347	0.00963	0.00870	0.00290	0.01384	0.00692	0.00449	0.01477
13	0.01288	0.00920	0.01227	0.01472	0.01534	0.00859	0.00981	0.01472	0.02024	0.02699	0.05828	0.62152	0.06993	0.03312	0.01350	0.00429	0.00613	0.03006	0.00981	0.00859
14	0.40297	0.01972	0.01940	0.07791	0.02762	0.02049	0.01374	0.02916	0.01964	0.04092	0.01651	0.01994	0.01314	0.00924	0.00740	0.00273	0.00870	0.00630	0.00625	0.23822
15	0.01288	0.00920	0.01227	0.01472	0.01534	0.00859	0.00981	0.01472	0.02024	0.02699	0.05828	0.62152	0.06993	0.03312	0.01350	0.00429	0.00613	0.03006	0.00981	0.00859
16	0.03695	0.02715	0.02899	0.02275	0.03043	0.03008	0.01862	0.43435	0.09772	0.06192	0.02800	0.02807	0.02025	0.01283	0.01031	0.00315	0.01070	0.00980	0.07078	0.01713
17	0.03029	0.02396	0.08757	0.02237	0.03201	0.01813	0.08397	0.03784	0.05941	0.19767	0.02773	0.02827	0.01976	0.01024	0.00973	0.00267	0.01038	0.00895	0.00832	0.28072
18	0.02197	0.11714	0.51785	0.02884	0.04376	0.02642	0.03681	0.03329	0.02223	0.03256	0.01851	0.02175	0.01341	0.00994	0.00969	0.00323	0.01516	0.00758	0.00447	0.01540
19	0.01284	0.00936	0.01211	0.01431	0.01523	0.00862	0.00963	0.01477	0.02064	0.02715	0.06327	0.56839	0.11984	0.03248	0.01339	0.00422	0.00605	0.02927	0.00982	0.00862
20	0.01288	0.00920	0.01227	0.01472	0.01534	0.00859	0.00981	0.01472	0.02024	0.02699	0.05828	0.62152	0.06993	0.03312	0.01350	0.00429	0.00613	0.03006	0.00981	0.00859
21	0.02464	0.02595	0.05133	0.13283	0.22930	0.02572	0.28575	0.03239	0.02410	0.03310	0.02050	0.02768	0.01600	0.00933	0.01152	0.00342	0.01550	0.01100	0.00521	0.01473

[dist]
# distance from previous block
# <min> <max>
0	2

[block]
# block no. 1 follows, 13 sequences, length 93
# corresponding to MSA columns:
# 228-253,258-324
name=unknown_B
#
# <colnr> <probs for GDERKNQSTAVLIFYWHMCP>
#	G	D	E	R	K	N	Q	S	T	A	V	L	I	F	Y	W	H	M	C	P
0	0.70310	0.02045	0.01554	0.01390	0.02045	0.02372	0.01145	0.03108	0.01799	0.04744	0.01472	0.01718	0.01145	0.00981	0.00654	0.00327	0.00818	0.00573	0.00654	0.01145
1	0.01285	0.00934	0.01213	0.01436	0.01524	0.00862	0.00965	0.01476	0.02059	0.02713	0.06270	0.57438	0.11421	0.03255	0.01340	0.00423	0.00606	0.02936	0.00982	0.00862
2	0.01510	0.01133	0.01699	0.01699	0.01888	0.01322	0.01322	0.01888	0.01699	0.02454	0.02832	0.04154	0.02643	0.07930	0.58652	0.01699	0.02832	0.01133	0.00566	0.00944
3	0.11626	0.01862	0.01959	0.01751	0.02258	0.02045	0.01368	0.07889	0.24131	0.04487	0.19226	0.05133	0.08674	0.01662	0.01079	0.00343	0.00741	0.01375	0.01035	0.01357
4	0.02121	0.05469	0.57364	0.03014	0.04576	0.02455	0.03906	0.03348	0.02232	0.03348	0.01897	0.02232	0.01339	0.01005	0.01005	0.00335	0.01563	0.00781	0.00446	0.01563
5	0.01704	0.01217	0.01704	0.01947	0.02191	0.01217	0.01704	0.02191	0.02434	0.03164	0.05598	0.11926	0.06085	0.02921	0.01460	0.00487	0.00974	0.49130	0.00974	0.00974
6	0.07434	0.02479	0.04097	0.06127	0.52390	0.02502	0.03095	0.03235	0.02364	0.03546	0.01952	0.02553	0.01637	0.00945	0.01019	0.00315	0.01225	0.00916	0.00533	0.01637
7	0.01538	0.01025	0.01153	0.01153	0.01153	0.01025	0.00641	0.01538	0.01538	0.02050	0.03331	0.06919	0.03844	0.62842	0.05382	0.01025	0.01025	0.01538	0.00641	0.00641
8	0.02121	0.05469	0.57364	0.03014	0.04576	0.02455	0.03906	0.03348	0.02232	0.03348	0.01897	0.02232	0.01339	0.01005	0.01005	0.00335	0.01563	0.00781	0.00446	0.01563
9	0.02188	0.02074	0.03516	0.43743	0.22349	0.02399	0.03031	0.02869	0.02204	0.02933	0.01913	0.02757	0.01491	0.01022	0.01054	0.00341	0.01362	0.00940	0.00486	0.01328
10	0.02192	0.01879	0.02192	0.01566	0.02506	0.01409	0.01253	0.02662	0.02192	0.03445	0.01879	0.02192	0.01566	0.00783	0.00783	0.00157	0.00783	0.00626	0.00626	0.69305
11	0.04019	0.02962	0.03173	0.02433	0.03279	0.03279	0.02010	0.52721	0.04971	0.06663	0.02538	0.02538	0.01798	0.01269	0.01058	0.00317	0.01163	0.00952	0.01058	0.01798
12	0.02453	0.02385	0.04181	0.19637	0.39789	0.02486	0.07371	0.03122	0.02342	0.03262	0.01975	0.02687	0.01603	0.00966	0.01066	0.00327	0.01339	0.00968	0.00511	0.01530
13	0.01267	0.01072	0.01095	0.01089	0.01439	0.00900	0.00817	0.01551	0.02451	0.02954	0.13883	0.10015	0.52585	0.02641	0.01249	0.00355	0.00533	0.02209	0.00995	0.00900
14	0.02496	0.02852	0.06239	0.04456	0.05526	0.02674	0.52406	0.03387	0.02496	0.03387	0.02139	0.02852	0.01604	0.00891	0.01248	0.00357	0.01783	0.01248	0.00535	0.01426
15	0.10277	0.01820	0.02378	0.01840	0.02644	0.01623	0.01519	0.04980	0.02923	0.52570	0.03943	0.03440	0.02493	0.01281	0.01029	0.00327	0.00893	0.01022	0.01253	0.01744
16	0.01847	0.03025	0.23234	0.07514	0.03784	0.01873	0.10299	0.02585	0.02216	0.03064	0.03838	0.21021	0.07559	0.01822	0.01171	0.00370	0.01215	0.01655	0.00667	0.01242
17	0.02630	0.02271	0.02391	0.02152	0.02749	0.02630	0.01674	0.05618	0.54336	0.04423	0.04303	0.03945	0.03228	0.01434	0.01076	0.00359	0.00837	0.01195	0.01076	0.01674
18	0.01288	0.00920	0.01227	0.01472	0.01534	0.00859	0.00981	0.01472	0.02024	0.02699	0.05828	0.62152	0.06993	0.03312	0.01350	0.00429	0.00613	0.03006	0.00981	0.00859
19	0.02192	0.01879	0.02192	0.01566	0.02506	0.01409	0.01253	0.02662	0.02192	0.03445	0.01879	0.02192	0.01566	0.00783	0.00783	0.00157	0.00783	0.00626	0.00626	0.69305
20	0.01616	0.01154	0.01603	0.01847	0.02052	0.01141	0.01551	0.02039	0.02347	0.03066	0.05647	0.22547	0.06277	0.03004	0.01437	0.00475	0.00897	0.39377	0.00975	0.00949
21	0.01270	0.01072	0.01099	0.01092	0.01441	0.00901	0.00819	0.01557	0.02458	0.02970	0.14406	0.09988	0.52052	0.02635	0.01249	0.00355	0.00533	0.02205	0.00997	0.00901
22	0.01288	0.00920	0.01227	0.01472	0.01534	0.00859	0.00981	0.01472	0.02024	0.02699	0.05828	0.62152	0.06993	0.03312	0.01350	0.00429	0.00613	0.03006	0.00981	0.00859
23	0.02610	0.02234	0.02688	0.02342	0.02952	0.02495	0.05988	0.08985	0.38601	0.04354	0.04148	0.04830	0.03361	0.01579	0.01142	0.00373	0.00963	0.07774	0.01015	0.01567
24	0.02387	0.01873	0.02212	0.01590	0.02520	0.01420	0.01276	0.02852	0.02256	0.07522	0.02054	0.02300	0.01646	0.00823	0.00804	0.00170	0.00792	0.00660	0.00678	0.64165
25	0.02192	0.01879	0.02192	0.01566	0.02506	0.01409	0.01253	0.02662	0.02192	0.03445	0.01879	0.02192	0.01566	0.00783	0.00783	0.00157	0.00783	0.00626	0.00626	0.69305
26	0.02059	0.01903	0.02603	0.02291	0.02305	0.02543	0.01822	0.02244	0.01605	0.02415	0.01981	0.03597	0.02093	0.17461	0.08146	0.00696	0.41613	0.01093	0.00515	0.01012
27	0.02134	0.02019	0.03419	0.48400	0.18111	0.02385	0.03005	0.02822	0.02179	0.02868	0.01903	0.02774	0.01468	0.01032	0.01055	0.00344	0.01376	0.00940	0.00482	0.01285
28	0.03650	0.21239	0.03810	0.02339	0.03111	0.20217	0.01961	0.23649	0.03553	0.04217	0.01954	0.02102	0.01538	0.01109	0.00916	0.00277	0.01378	0.00758	0.00727	0.01497
29	0.01324	0.00946	0.01268	0.01513	0.01590	0.00889	0.01043	0.01534	0.02059	0.02739	0.05808	0.57859	0.06915	0.03279	0.01359	0.00434	0.00644	0.06948	0.00981	0.00869
30	0.01250	0.01071	0.01071	0.01071	0.01428	0.00893	0.00803	0.01517	0.02410	0.02856	0.10711	0.10175	0.55817	0.02678	0.01250	0.00357	0.00536	0.02231	0.00982	0.00893
31	0.04744	0.01799	0.02454	0.01881	0.02699	0.01554	0.01554	0.05153	0.03026	0.56979	0.04171	0.03599	0.02617	0.01309	0.01063	0.00327	0.00900	0.01063	0.01309	0.01799
32	0.02496	0.02852	0.06239	0.04456	0.05526	0.02674	0.52406	0.03387	0.02496	0.03387	0.02139	0.02852	0.01604	0.00891	0.01248	0.00357	0.01783	0.01248	0.00535	0.01426
33	0.04744	0.01799	0.02454	0.01881	0.02699	0.01554	0.01554	0.05153	0.03026	0.56979	0.04171	0.03599	0.02617	0.01309	0.01063	0.00327	0.00900	0.01063	0.01309	0.01799
34	0.02313	0.02313	0.03238	0.02776	0.02776	0.03238	0.02313	0.02545	0.01619	0.02545	0.01388	0.02313	0.01388	0.01851	0.03470	0.00463	0.60907	0.00925	0.00463	0.01157
35	0.03950	0.05039	0.02996	0.02724	0.03269	0.58597	0.02043	0.04222	0.02996	0.02588	0.01634	0.01907	0.01362	0.01090	0.00953	0.00272	0.01907	0.00681	0.00545	0.01226
36	0.70310	0.02045	0.01554	0.01390	0.02045	0.02372	0.01145	0.03108	0.01799	0.04744	0.01472	0.01718	0.01145	0.00981	0.00654	0.00327	0.00818	0.00573	0.00654	0.01145
37	0.04019	0.02962	0.03173	0.02433	0.03279	0.03279	0.02010	0.52721	0.04971	0.06663	0.02538	0.02538	0.01798	0.01269	0.01058	0.00317	0.01163	0.00952	0.01058	0.01798
38	0.70310	0.02045	0.01554	0.01390	0.02045	0.02372	0.01145	0.03108	0.01799	0.04744	0.01472	0.01718	0.01145	0.00981	0.00654	0.00327	0.00818	0.00573	0.00654	0.01145
39	0.02617	0.02512	0.04292	0.06490	0.56246	0.02512	0.03245	0.03245	0.02407	0.03454	0.01989	0.02617	0.01675	0.00942	0.01047	0.00314	0.01256	0.00942	0.00523	0.01675
40	0.02630	0.02271	0.02391	0.02152	0.02749	0.02630	0.01674	0.05618	0.54336	0.04423	0.04303	0.03945	0.03228	0.01434	0.01076	0.00359	0.00837	0.01195	0.01076	0.01674
41	0.02630	0.02271	0.02391	0.02152	0.02749	0.02630	0.01674	0.05618	0.54336	0.04423	0.04303	0.03945	0.03228	0.01434	0.01076	0.00359	0.00837	0.01195	0.01076	0.01674
42	0.01971	0.00985	0.00985	0.00985	0.01232	0.00985	0.00739	0.02464	0.02217	0.03942	0.03449	0.03942	0.02710	0.01232	0.00739	0.00246	0.00493	0.00985	0.68712	0.00985
43	0.01538	0.01025	0.01153	0.01153	0.01153	0.01025	0.00641	0.01538	0.01538	0.02050	0.03331	0.06919	0.03844	0.62842	0.05382	0.01025	0.01025	0.01538	0.00641	0.00641
44	0.02299	0.01924	0.02106	0.01912	0.02408	0.02154	0.01476	0.04562	0.39361	0.04370	0.19291	0.05098	0.05196	0.01647	0.01126	0.00351	0.00738	0.01404	0.01102	0.01476
45	0.01288	0.00920	0.01227	0.01472	0.01534	0.00859	0.00981	0.01472	0.02024	0.02699	0.05828	0.62152	0.06993	0.03312	0.01350	0.00429	0.00613	0.03006	0.00981	0.00859
46	0.34581	0.02251	0.02251	0.01817	0.02568	0.02432	0.01499	0.18090	0.03031	0.18364	0.02458	0.02427	0.01704	0.01147	0.00874	0.00324	0.00939	0.00806	0.00936	0.01499
47	0.01668	0.01205	0.01654	0.01878	0.02130	0.01191	0.01632	0.02137	0.02432	0.03140	0.06004	0.11787	0.10036	0.02901	0.01444	0.00476	0.00939	0.45404	0.00974	0.00967
48	0.01288	0.00920	0.01227	0.01472	0.01534	0.00859	0.00981	0.01472	0.02024	0.02699	0.05828	0.62152	0.06993	0.03312	0.01350	0.00429	0.00613	0.03006	0.00981	0.00859
49	0.14419	0.02818	0.02919	0.02269	0.03085	0.03137	0.01874	0.44938	0.04474	0.06362	0.02371	0.02410	0.01696	0.01224	0.00994	0.00319	0.01109	0.00892	0.00994	0.01696
50	0.01997	0.01879	0.03171	0.60301	0.07282	0.02349	0.02936	0.02701	0.02114	0.02701	0.01879	0.02819	0.01409	0.01057	0.01057	0.00352	0.01409	0.00940	0.00470	0.01175
51	0.01462	0.01079	0.01366	0.01295	0.01559	0.00983	0.00971	0.01930	0.02913	0.04050	0.49501	0.08211	0.16283	0.02233	0.01247	0.00336	0.00504	0.01956	0.01139	0.00983
52	0.02992	0.54870	0.05166	0.01944	0.02795	0.12199	0.01844	0.03322	0.02273	0.02502	0.01494	0.01727	0.01358	0.00932	0.00719	0.00233	0.01245	0.00582	0.00466	0.01338
53	0.02112	0.01778	0.02080	0.01572	0.02373	0.01435	0.01243	0.02778	0.06294	0.03650	0.10880	0.03261	0.03071	0.01058	0.00881	0.00201	0.00741	0.00880	0.00749	0.52964
54	0.09176	0.02788	0.03183	0.03008	0.11212	0.10802	0.05834	0.15059	0.07606	0.16696	0.02734	0.02780	0.01959	0.01164	0.01025	0.00320	0.01217	0.00948	0.00887	0.01602
55	0.01745	0.01828	0.06097	0.01933	0.05780	0.06033	0.01439	0.02184	0.02582	0.03405	0.24601	0.18840	0.15008	0.02232	0.01212	0.00352	0.00787	0.01943	0.00939	0.01061
56	0.02739	0.02624	0.04269	0.07552	0.11483	0.06957	0.21456	0.03369	0.02432	0.08091	0.02146	0.02660	0.01650	0.01017	0.01254	0.00316	0.05819	0.00996	0.00609	0.12562
57	0.13405	0.01912	0.02671	0.02398	0.07121	0.01863	0.06196	0.04075	0.06094	0.28722	0.03441	0.07365	0.02583	0.01814	0.05137	0.00436	0.01110	0.01149	0.00986	0.01523
58	0.02258	0.01938	0.02222	0.01654	0.02542	0.01592	0.01316	0.03106	0.10012	0.03592	0.02243	0.02455	0.01815	0.00881	0.00827	0.00187	0.00791	0.00712	0.00694	0.59163
59	0.02496	0.02852	0.06239	0.04456	0.05526	0.02674	0.52406	0.03387	0.02496	0.03387	0.02139	0.02852	0.01604	0.00891	0.01248	0.00357	0.01783	0.01248	0.00535	0.01426
60	0.18973	0.01853	0.02258	0.01775	0.02557	0.01731	0.01465	0.04709	0.02760	0.45643	0.03586	0.03190	0.02298	0.01238	0.00975	0.00327	0.00882	0.00957	0.01167	0.01657
61	0.01285	0.00934	0.01213	0.01436	0.01524	0.00862	0.00965	0.01476	0.02059	0.02713	0.06270	0.57438	0.11421	0.03255	0.01340	0.00423	0.00606	0.02936	0.00982	0.00862
62	0.01913	0.01036	0.01141	0.01194	0.01440	0.01036	0.00948	0.02404	0.02264	0.03773	0.03916	0.05675	0.03442	0.01598	0.00896	0.00299	0.00597	0.11434	0.54011	0.00983
63	0.01390	0.01077	0.01273	0.01276	0.01560	0.00960	0.00968	0.01764	0.02623	0.03434	0.28261	0.12919	0.29766	0.02531	0.01273	0.00363	0.00562	0.06007	0.01055	0.00940
64	0.01971	0.00985	0.00985	0.00985	0.01232	0.00985	0.00739	0.02464	0.02217	0.03942	0.03449	0.03942	0.02710	0.01232	0.00739	0.00246	0.00493	0.00985	0.68712	0.00985
65	0.02192	0.01879	0.02192	0.01566	0.02506	0.01409	0.01253	0.02662	0.02192	0.03445	0.01879	0.02192	0.01566	0.00783	0.00783	0.00157	0.00783	0.00626	0.00626	0.69305
66	0.02630	0.02271	0.02391	0.02152	0.02749	0.02630	0.01674	0.05618	0.54336	0.04423	0.04303	0.03945	0.03228	0.01434	0.01076	0.00359	0.00837	0.01195	0.01076	0.01674
67	0.01997	0.01879	0.03171	0.60301	0.07282	0.02349	0.02936	0.02701	0.02114	0.02701	0.01879	0.02819	0.01409	0.01057	0.01057	0.00352	0.01409	0.00940	0.00470	0.01175
68	0.02121	0.05469	0.57364	0.03014	0.04576	0.02455	0.03906	0.03348	0.02232	0.03348	0.01897	0.02232	0.01339	0.01005	0.01005	0.00335	0.01563	0.00781	0.00446	0.01563
69	0.01288	0.00920	0.01227	0.01472	0.01534	0.00859	0.00981	0.01472	0.02024	0.02699	0.05828	0.62152	0.06993	0.03312	0.01350	0.00429	0.00613	0.03006	0.00981	0.00859
70	0.01771	0.01141	0.01501	0.01377	0.01674	0.01045	0.01045	0.02262	0.02996	0.08691	0.51341	0.07535	0.09355	0.02090	0.01232	0.00332	0.00533	0.01840	0.01176	0.01065
71	0.01804	0.01241	0.01477	0.01364	0.01728	0.01148	0.01041	0.02425	0.07025	0.08590	0.32259	0.07919	0.23570	0.02191	0.01217	0.00342	0.00575	0.01879	0.01111	0.01092
72	0.02496	0.02852	0.06239	0.04456	0.05526	0.02674	0.52406	0.03387	0.02496	0.03387	0.02139	0.02852	0.01604	0.00891	0.01248	0.00357	0.01783	0.01248	0.00535	0.01426
73	0.03950	0.05039	0.02996	0.02724	0.03269	0.58597	0.02043	0.04222	0.02996	0.02588	0.01634	0.01907	0.01362	0.01090	0.00953	0.00272	0.01907	0.00681	0.00545	0.01226
74	0.01813	0.01350	0.02176	0.01916	0.02264	0.01249	0.09097	0.02247	0.02547	0.07413	0.24417	0.27533	0.06979	0.02339	0.01273	0.00373	0.00774	0.02163	0.01006	0.01071
75	0.14231	0.02316	0.02351	0.02083	0.02670	0.06862	0.01735	0.20267	0.03300	0.08567	0.03425	0.05546	0.03138	0.01758	0.01117	0.00372	0.01085	0.16868	0.00940	0.01370
76	0.01496	0.01081	0.01413	0.01330	0.01580	0.00998	0.00998	0.01995	0.02993	0.04240	0.55689	0.07898	0.09976	0.02162	0.01247	0.00333	0.00499	0.01912	0.01164	0.00998
77	0.01413	0.01010	0.01371	0.01615	0.01732	0.00967	0.01199	0.01689	0.02148	0.02839	0.05758	0.47013	0.06719	0.03194	0.01383	0.00447	0.00722	0.16908	0.00979	0.00893
78	0.02275	0.04474	0.37481	0.15108	0.05111	0.07062	0.07403	0.03288	0.02291	0.03153	0.01891	0.02378	0.01377	0.01014	0.01031	0.00335	0.01576	0.00843	0.00466	0.01443
79	0.02105	0.01990	0.03367	0.50879	0.15855	0.02378	0.02990	0.02797	0.02166	0.02833	0.01898	0.02784	0.01456	0.01037	0.01055	0.00346	0.01383	0.00940	0.00479	0.01262
80	0.01634	0.01183	0.01614	0.01837	0.02077	0.01163	0.01573	0.02080	0.02402	0.03103	0.06052	0.15487	0.10403	0.02929	0.01434	0.00471	0.00910	0.41714	0.00975	0.00958
81	0.50627	0.01971	0.01824	0.01538	0.02241	0.02126	0.01268	0.03722	0.02168	0.20425	0.02282	0.02282	0.01587	0.01080	0.00777	0.00327	0.00842	0.00720	0.00851	0.01341
82	0.02520	0.02413	0.04116	0.14918	0.48577	0.02487	0.03197	0.03160	0.02362	0.03336	0.01972	0.02648	0.01633	0.00960	0.01048	0.00320	0.01280	0.00942	0.00515	0.01596
83	0.01590	0.01214	0.01706	0.01665	0.01790	0.01424	0.01247	0.01863	0.01653	0.02365	0.02822	0.04657	0.02820	0.20687	0.40737	0.01424	0.07661	0.01212	0.00575	0.00890
84	0.03092	0.02242	0.02459	0.02126	0.02780	0.02495	0.01678	0.09019	0.41973	0.13516	0.04151	0.03782	0.03018	0.01401	0.01072	0.00350	0.00872	0.01155	0.01114	0.01704
85	0.33470	0.02667	0.02357	0.02250	0.07078	0.10883	0.01634	0.10373	0.07269	0.04438	0.01980	0.02179	0.01538	0.01058	0.00838	0.00305	0.01065	0.00734	0.00719	0.07167
86	0.06863	0.01151	0.01163	0.01137	0.01501	0.01028	0.00861	0.01720	0.02451	0.03223	0.16918	0.09141	0.44317	0.02461	0.01201	0.00351	0.00553	0.02048	0.00984	0.00929
87	0.02905	0.02424	0.02812	0.07388	0.08098	0.02749	0.01999	0.16283	0.33683	0.04723	0.03478	0.03400	0.02600	0.01320	0.01067	0.00344	0.00999	0.01094	0.00972	0.01662
88	0.08168	0.01598	0.01810	0.01565	0.02100	0.01549	0.01261	0.09937	0.02909	0.16798	0.10147	0.06288	0.19310	0.01875	0.01106	0.00341	0.00761	0.04977	0.06217	0.01282
89	0.03203	0.02020	0.02328	0.02008	0.02623	0.02167	0.01577	0.05136	0.34595	0.20055	0.04064	0.03781	0.02931	0.01577	0.01319	0.05910	0.00862	0.01133	0.01096	0.01613
90	0.03607	0.02651	0.02886	0.02268	0.02990	0.02932	0.01841	0.44299	0.04418	0.05936	0.02627	0.03028	0.02035	0.06802	0.06268	0.00491	0.01293	0.01014	0.00983	0.01633
91	0.08220	0.02316	0.02394	0.02116	0.02741	0.02668	0.01661	0.09687	0.45618	0.04652	0.03915	0.03637	0.02930	0.01383	0.01040	0.00352	0.00865	0.01123	0.01040	0.01642
92	0.04209	0.01726	0.02400	0.06560	0.02963	0.01555	0.01614	0.04621	0.02862	0.47674	0.04136	0.08846	0.02917	0.01470	0.01089	0.00338	0.00915	0.01229	0.01211	0.01664

[dist]
# distance from previous block
# <min> <max>
2	9

[block]
# block no. 2 follows, 13 sequences, length 62
# corresponding to MSA columns:
# 339-400
name=unknown_C
#
# <colnr> <probs for GDERKNQSTAVLIFYWHMCP>
#	G	D	E	R	K	N	Q	S	T	A	V	L	I	F	Y	W	H	M	C	P
0	0.02492	0.01962	0.02275	0.06636	0.02815	0.02205	0.01630	0.14666	0.19986	0.04084	0.03604	0.08093	0.03198	0.10842	0.07282	0.00584	0.01171	0.04222	0.00901	0.01352
1	0.02533	0.02762	0.03409	0.40722	0.06114	0.16493	0.07257	0.03146	0.02371	0.02736	0.01842	0.02593	0.01415	0.01050	0.01049	0.00333	0.01568	0.00903	0.00495	0.01210
2	0.07758	0.02292	0.03219	0.40984	0.14961	0.07547	0.02764	0.02968	0.02221	0.02985	0.01843	0.02612	0.01430	0.01034	0.01013	0.00336	0.01381	0.00887	0.00501	0.01263
3	0.08365	0.19438	0.13755	0.02286	0.03108	0.11585	0.02196	0.03800	0.09283	0.07782	0.02180	0.02353	0.01699	0.01151	0.01123	0.00310	0.06740	0.00785	0.00639	0.01421
4	0.07666	0.02081	0.03294	0.21339	0.17471	0.02139	0.07188	0.02848	0.02208	0.03266	0.02153	0.06380	0.01864	0.01097	0.01005	0.00307	0.01184	0.01011	0.00568	0.14932
5	0.01341	0.01137	0.01284	0.05851	0.01917	0.01023	0.00999	0.01674	0.02462	0.03022	0.15810	0.09292	0.45539	0.02481	0.01234	0.00353	0.00601	0.02087	0.00964	0.00929
6	0.07153	0.02585	0.02331	0.05777	0.02814	0.15829	0.01651	0.03583	0.14491	0.03637	0.15618	0.03952	0.03926	0.01450	0.01194	0.00319	0.05028	0.01125	0.00823	0.06715
7	0.09130	0.26859	0.28043	0.02355	0.03524	0.03166	0.02695	0.07213	0.02378	0.03424	0.01746	0.02004	0.01364	0.00986	0.00852	0.00292	0.01295	0.00693	0.00518	0.01463
8	0.02457	0.02704	0.05648	0.04115	0.05095	0.02579	0.45180	0.03491	0.06646	0.03456	0.02528	0.03505	0.02014	0.01061	0.01247	0.00365	0.01656	0.04228	0.00605	0.01418
9	0.01976	0.01191	0.01544	0.01393	0.01739	0.01074	0.01067	0.02441	0.02948	0.12258	0.43885	0.07430	0.12770	0.02074	0.01219	0.00334	0.00564	0.01809	0.01171	0.01112
10	0.01445	0.01079	0.01342	0.01276	0.01548	0.00976	0.00957	0.01896	0.02872	0.03952	0.46337	0.08371	0.19507	0.02269	0.01248	0.00338	0.00506	0.01979	0.01126	0.00976
11	0.01334	0.01074	0.01188	0.01160	0.01480	0.00928	0.00870	0.01681	0.02609	0.03329	0.26073	0.09398	0.40160	0.02501	0.01249	0.00349	0.00523	0.02122	0.01044	0.00928
12	0.70310	0.02045	0.01554	0.01390	0.02045	0.02372	0.01145	0.03108	0.01799	0.04744	0.01472	0.01718	0.01145	0.00981	0.00654	0.00327	0.00818	0.00573	0.00654	0.01145
13	0.02791	0.02235	0.02396	0.02131	0.02746	0.02548	0.01664	0.05583	0.50423	0.08432	0.04293	0.03918	0.03181	0.01425	0.01075	0.00356	0.00842	0.01185	0.01094	0.01683
14	0.02272	0.02164	0.02879	0.02360	0.02683	0.02610	0.01949	0.02585	0.01816	0.02854	0.01557	0.02272	0.01449	0.01483	0.02546	0.00357	0.40233	0.00823	0.00519	0.24590
15	0.70310	0.02045	0.01554	0.01390	0.02045	0.02372	0.01145	0.03108	0.01799	0.04744	0.01472	0.01718	0.01145	0.00981	0.00654	0.00327	0.00818	0.00573	0.00654	0.01145
16	0.02558	0.02429	0.04009	0.11292	0.46599	0.02507	0.03071	0.03410	0.07150	0.03470	0.02191	0.02758	0.01792	0.00998	0.01050	0.00322	0.01232	0.00965	0.00569	0.01626
17	0.01321	0.00971	0.01247	0.01454	0.01578	0.00897	0.01021	0.01546	0.02122	0.02767	0.06560	0.49466	0.14441	0.03178	0.01344	0.00424	0.00635	0.07173	0.00981	0.00875
18	0.01974	0.01775	0.02902	0.20896	0.22755	0.01895	0.02374	0.02472	0.02188	0.02969	0.03276	0.23149	0.03424	0.01792	0.01154	0.00365	0.01081	0.01651	0.00665	0.01244
19	0.09189	0.21275	0.03623	0.16730	0.03956	0.18677	0.02085	0.03527	0.06326	0.02927	0.01835	0.02210	0.01494	0.01042	0.00879	0.00290	0.01367	0.00740	0.00549	0.01279
20	0.01837	0.00918	0.01377	0.01377	0.01377	0.00918	0.00918	0.01377	0.01377	0.01837	0.01837	0.03214	0.01837	0.03673	0.04132	0.69238	0.00918	0.00918	0.00459	0.00459
21	0.01897	0.01236	0.01706	0.01826	0.02114	0.01201	0.01559	0.02380	0.02584	0.07471	0.14917	0.10533	0.06553	0.02655	0.01390	0.00446	0.00879	0.36576	0.01035	0.01041
22	0.02814	0.02553	0.04198	0.23008	0.05407	0.02757	0.19193	0.19012	0.03160	0.04205	0.02178	0.02740	0.01600	0.01070	0.01121	0.00342	0.01455	0.01047	0.00681	0.01459
23	0.02446	0.03529	0.22541	0.05294	0.38479	0.02493	0.03472	0.03280	0.02347	0.03418	0.01957	0.02485	0.01559	0.00964	0.01032	0.00321	0.01361	0.00887	0.00497	0.01636
24	0.02114	0.01999	0.03384	0.50099	0.16565	0.02380	0.02995	0.02804	0.02170	0.02844	0.01900	0.02781	0.01460	0.01035	0.01055	0.00345	0.01380	0.00940	0.00480	0.01269
25	0.01778	0.01659	0.03006	0.02408	0.02914	0.01538	0.18654	0.02331	0.02586	0.03529	0.23758	0.16584	0.10748	0.01989	0.01267	0.00361	0.00965	0.01919	0.00897	0.01109
26	0.01288	0.00920	0.01227	0.01472	0.01534	0.00859	0.00981	0.01472	0.02024	0.02699	0.05828	0.62152	0.06993	0.03312	0.01350	0.00429	0.00613	0.03006	0.00981	0.00859
27	0.03425	0.38599	0.04463	0.01979	0.02855	0.03548	0.01821	0.16053	0.03000	0.11954	0.02158	0.02203	0.01663	0.01059	0.00834	0.00265	0.01103	0.00740	0.00738	0.01537
28	0.06262	0.01066	0.01202	0.01237	0.01440	0.01052	0.00882	0.02051	0.02256	0.03563	0.16061	0.20379	0.05528	0.07642	0.01439	0.00392	0.00597	0.01758	0.24260	0.00934
29	0.02952	0.14391	0.07767	0.20438	0.09367	0.11417	0.02481	0.08168	0.02647	0.07798	0.02036	0.02443	0.01553	0.01061	0.00965	0.00306	0.01364	0.00829	0.00610	0.01407
30	0.17856	0.02513	0.02453	0.02373	0.07715	0.10895	0.01681	0.10840	0.06672	0.12158	0.02592	0.03047	0.02054	0.07252	0.05062	0.00471	0.01242	0.00928	0.00809	0.01386
31	0.01773	0.01177	0.01479	0.01454	0.01785	0.01071	0.01162	0.02193	0.02693	0.08426	0.25876	0.09131	0.21675	0.02415	0.01282	0.00376	0.00660	0.13259	0.01079	0.01035
32	0.03136	0.02639	0.03307	0.17289	0.21190	0.11985	0.02518	0.03828	0.05911	0.14106	0.02496	0.02827	0.01850	0.01101	0.01038	0.00321	0.01305	0.00937	0.00710	0.01505
33	0.01340	0.01064	0.01092	0.01085	0.01422	0.00911	0.00814	0.01650	0.02441	0.03080	0.13864	0.09378	0.46755	0.02494	0.01200	0.00344	0.00528	0.02084	0.07544	0.00911
34	0.01288	0.00920	0.01227	0.01472	0.01534	0.00859	0.00981	0.01472	0.02024	0.02699	0.05828	0.62152	0.06993	0.03312	0.01350	0.00429	0.00613	0.03006	0.00981	0.00859
35	0.01496	0.01081	0.01413	0.01330	0.01580	0.00998	0.00998	0.01995	0.02993	0.04240	0.55689	0.07898	0.09976	0.02162	0.01247	0.00333	0.00499	0.01912	0.01164	0.00998
36	0.01538	0.01025	0.01153	0.01153	0.01153	0.01025	0.00641	0.01538	0.01538	0.02050	0.03331	0.06919	0.03844	0.62842	0.05382	0.01025	0.01025	0.01538	0.00641	0.00641
37	0.02827	0.63478	0.05540	0.01809	0.02714	0.04184	0.01809	0.03166	0.02148	0.02488	0.01470	0.01696	0.01357	0.00905	0.00678	0.00226	0.01131	0.00565	0.00452	0.01357
38	0.02121	0.05469	0.57364	0.03014	0.04576	0.02455	0.03906	0.03348	0.02232	0.03348	0.01897	0.02232	0.01339	0.01005	0.01005	0.00335	0.01563	0.00781	0.00446	0.01563
39	0.04744	0.01799	0.02454	0.01881	0.02699	0.01554	0.01554	0.05153	0.03026	0.56979	0.04171	0.03599	0.02617	0.01309	0.01063	0.00327	0.00900	0.01063	0.01309	0.01799
40	0.02827	0.63478	0.05540	0.01809	0.02714	0.04184	0.01809	0.03166	0.02148	0.02488	0.01470	0.01696	0.01357	0.00905	0.00678	0.00226	0.01131	0.00565	0.00452	0.01357
41	0.02362	0.04697	0.39008	0.03083	0.04260	0.08023	0.07988	0.03312	0.02236	0.03154	0.01816	0.02271	0.01374	0.01133	0.01403	0.00351	0.10772	0.00837	0.00467	0.01455
42	0.01704	0.01217	0.01704	0.01947	0.02191	0.01217	0.01704	0.02191	0.02434	0.03164	0.05598	0.11926	0.06085	0.02921	0.01460	0.00487	0.00974	0.49130	0.00974	0.00974
43	0.01391	0.00994	0.01345	0.01590	0.01696	0.00947	0.01160	0.01650	0.02126	0.02814	0.05771	0.49736	0.06769	0.03216	0.01377	0.00444	0.00702	0.14408	0.00980	0.00887
44	0.09507	0.08023	0.03860	0.04851	0.37772	0.02506	0.02648	0.03519	0.02420	0.11747	0.02227	0.02596	0.01739	0.00999	0.00977	0.00309	0.01147	0.00890	0.00651	0.01613
45	0.03064	0.02224	0.03498	0.02752	0.03517	0.02229	0.16853	0.04511	0.20456	0.17897	0.03739	0.04259	0.02842	0.01375	0.01159	0.00361	0.01149	0.05580	0.00966	0.01568
46	0.02766	0.58506	0.09983	0.01912	0.02873	0.04035	0.01989	0.03182	0.02156	0.02561	0.01507	0.01742	0.01355	0.00913	0.00706	0.00235	0.01168	0.00584	0.00452	0.01374
47	0.65964	0.02028	0.01614	0.01423	0.02088	0.02318	0.01172	0.03244	0.01881	0.08207	0.01651	0.01842	0.01243	0.01003	0.00681	0.00327	0.00823	0.00605	0.00698	0.01188
48	0.01804	0.01468	0.01870	0.01711	0.01711	0.01786	0.01216	0.01884	0.01566	0.02220	0.02663	0.05335	0.02999	0.41870	0.04724	0.00832	0.21616	0.01327	0.00579	0.00818
49	0.03503	0.01751	0.02595	0.21934	0.04175	0.01768	0.01980	0.03994	0.02627	0.33662	0.03525	0.08350	0.02577	0.01394	0.01086	0.00345	0.01050	0.01187	0.00992	0.01504
50	0.02479	0.36462	0.03904	0.01702	0.02376	0.03005	0.01549	0.07316	0.02698	0.03474	0.20212	0.03906	0.04361	0.01370	0.00909	0.00271	0.00916	0.01064	0.00753	0.01274
51	0.02827	0.63478	0.05540	0.01809	0.02714	0.04184	0.01809	0.03166	0.02148	0.02488	0.01470	0.01696	0.01357	0.00905	0.00678	0.00226	0.01131	0.00565	0.00452	0.01357
52	0.03722	0.02814	0.03006	0.02373	0.03166	0.03140	0.01938	0.42638	0.15538	0.06184	0.02916	0.02840	0.02104	0.01305	0.01062	0.00326	0.01094	0.01004	0.01062	0.01771
53	0.01761	0.01365	0.01641	0.01550	0.01869	0.01394	0.01166	0.02856	0.15786	0.04143	0.38161	0.11948	0.08006	0.02086	0.01214	0.00348	0.00594	0.01834	0.01125	0.01154
54	0.02210	0.02097	0.03556	0.41797	0.24119	0.02405	0.03042	0.02888	0.02215	0.02960	0.01917	0.02749	0.01501	0.01018	0.01054	0.00339	0.01357	0.00940	0.00488	0.01347
55	0.01438	0.01088	0.01360	0.01520	0.01755	0.01011	0.01203	0.01769	0.02317	0.02935	0.07417	0.24609	0.23426	0.02941	0.01359	0.00427	0.00728	0.20804	0.00979	0.00915
56	0.01340	0.01059	0.01223	0.01328	0.01591	0.00942	0.01009	0.01626	0.02317	0.02872	0.08572	0.23531	0.34681	0.02880	0.01312	0.00398	0.00633	0.10804	0.00980	0.00899
57	0.08741	0.02372	0.03868	0.14273	0.43758	0.02474	0.03005	0.03149	0.02307	0.03457	0.01925	0.02565	0.01585	0.00963	0.01012	0.00321	0.01239	0.00908	0.00527	0.01549
58	0.02569	0.02546	0.07738	0.02942	0.03504	0.02630	0.13859	0.06448	0.07125	0.06997	0.02653	0.03874	0.02295	0.01584	0.01979	0.00403	0.21809	0.06993	0.00693	0.01360
59	0.01278	0.00960	0.01186	0.01366	0.01506	0.00868	0.00934	0.01484	0.02126	0.02741	0.07119	0.48405	0.19907	0.03145	0.01323	0.00410	0.00593	0.02801	0.00982	0.00868
60	0.02457	0.02282	0.03835	0.36188	0.10894	0.02567	0.11844	0.10594	0.02652	0.03508	0.02039	0.02763	0.01530	0.01049	0.01091	0.00344	0.01425	0.00998	0.00577	0.01363
61	0.03004	0.02086	0.03243	0.03765	0.21899	0.02047	0.05675	0.08031	0.02802	0.16101	0.03462	0.05189	0.03007	0.01551	0.01169	0.00364	0.01129	0.13084	0.00869	0.01522

[dist]
# distance from previous block
# <min> <max>
2	3

[block]
# block no. 3 follows, 13 sequences, length 26
# corresponding to MSA columns:
# 404-409,411-430
name=unknown_D
#
# <colnr> <probs for GDERKNQSTAVLIFYWHMCP>
#	G	D	E	R	K	N	Q	S	T	A	V	L	I	F	Y	W	H	M	C	P
0	0.02379	0.02267	0.03654	0.03595	0.18600	0.01995	0.12669	0.02983	0.02319	0.03435	0.01966	0.02454	0.01605	0.00852	0.00957	0.00244	0.01131	0.00849	0.00577	0.35468
1	0.02961	0.07911	0.03735	0.08016	0.15651	0.06242	0.08519	0.03474	0.02446	0.13714	0.02639	0.03588	0.02174	0.01320	0.01356	0.00348	0.08161	0.05596	0.00708	0.01442
2	0.01567	0.01099	0.01409	0.01353	0.01603	0.00987	0.00980	0.01795	0.02371	0.03272	0.26353	0.15367	0.12775	0.02574	0.01787	0.13906	0.00632	0.01807	0.00922	0.07443
3	0.02496	0.02852	0.06239	0.04456	0.05526	0.02674	0.52406	0.03387	0.02496	0.03387	0.02139	0.02852	0.01604	0.00891	0.01248	0.00357	0.01783	0.01248	0.00535	0.01426
4	0.01351	0.01028	0.01243	0.01288	0.01515	0.00920	0.00928	0.01677	0.02503	0.03309	0.25509	0.25325	0.24199	0.02686	0.01279	0.00370	0.00546	0.02354	0.01048	0.00920
5	0.01288	0.00920	0.01227	0.01472	0.01534	0.00859	0.00981	0.01472	0.02024	0.02699	0.05828	0.62152	0.06993	0.03312	0.01350	0.00429	0.00613	0.03006	0.00981	0.00859
6	0.01288	0.00920	0.01227	0.01472	0.01534	0.00859	0.00981	0.01472	0.02024	0.02699	0.05828	0.62152	0.06993	0.03312	0.01350	0.00429	0.00613	0.03006	0.00981	0.00859
7	0.01538	0.01025	0.01153	0.01153	0.01153	0.01025	0.00641	0.01538	0.01538	0.02050	0.03331	0.06919	0.03844	0.62842	0.05382	0.01025	0.01025	0.01538	0.00641	0.00641
8	0.04019	0.02962	0.03173	0.02433	0.03279	0.03279	0.02010	0.52721	0.04971	0.06663	0.02538	0.02538	0.01798	0.01269	0.01058	0.00317	0.01163	0.00952	0.01058	0.01798
9	0.04744	0.01799	0.02454	0.01881	0.02699	0.01554	0.01554	0.05153	0.03026	0.56979	0.04171	0.03599	0.02617	0.01309	0.01063	0.00327	0.00900	0.01063	0.01309	0.01799
10	0.02630	0.02271	0.02391	0.02152	0.02749	0.02630	0.01674	0.05618	0.54336	0.04423	0.04303	0.03945	0.03228	0.01434	0.01076	0.00359	0.00837	0.01195	0.01076	0.01674
11	0.01538	0.01025	0.01153	0.01153	0.01153	0.01025	0.00641	0.01538	0.01538	0.02050	0.03331	0.06919	0.03844	0.62842	0.05382	0.01025	0.01025	0.01538	0.00641	0.00641
12	0.03950	0.05039	0.02996	0.02724	0.03269	0.58597	0.02043	0.04222	0.02996	0.02588	0.01634	0.01907	0.01362	0.01090	0.00953	0.00272	0.01907	0.00681	0.00545	0.01226
13	0.02386	0.27301	0.37860	0.02560	0.03875	0.03106	0.03117	0.03280	0.02201	0.03024	0.01737	0.02030	0.01346	0.00967	0.00882	0.00294	0.01400	0.00700	0.00449	0.01485
14	0.02778	0.01916	0.02733	0.20527	0.10132	0.02034	0.02106	0.10504	0.02907	0.14310	0.11131	0.04241	0.07294	0.01417	0.01101	0.00335	0.01051	0.01212	0.00872	0.01400
15	0.01496	0.01081	0.01413	0.01330	0.01580	0.00998	0.00998	0.01995	0.02993	0.04240	0.55689	0.07898	0.09976	0.02162	0.01247	0.00333	0.00499	0.01912	0.01164	0.00998
16	0.02617	0.02512	0.04292	0.06490	0.56246	0.02512	0.03245	0.03245	0.02407	0.03454	0.01989	0.02617	0.01675	0.00942	0.01047	0.00314	0.01256	0.00942	0.00523	0.01675
17	0.07377	0.08397	0.03145	0.27257	0.04781	0.09191	0.02281	0.09873	0.10839	0.03593	0.02253	0.02671	0.01719	0.01128	0.00984	0.00326	0.01277	0.00890	0.00661	0.01356
18	0.01534	0.01038	0.01216	0.01216	0.01238	0.01059	0.00719	0.01578	0.01556	0.02097	0.03274	0.06600	0.03705	0.56497	0.11537	0.01103	0.01234	0.01491	0.00632	0.00676
19	0.04674	0.01911	0.02523	0.01934	0.02755	0.01720	0.01598	0.09739	0.03214	0.52127	0.04014	0.03497	0.02538	0.01305	0.01063	0.00326	0.00925	0.01053	0.01284	0.01799
20	0.02090	0.01913	0.03057	0.02534	0.03083	0.01944	0.15835	0.03370	0.17689	0.03676	0.12042	0.15823	0.04749	0.01865	0.01233	0.00378	0.01022	0.05498	0.00910	0.01289
21	0.02748	0.02516	0.04004	0.11601	0.34448	0.02631	0.06838	0.10851	0.06725	0.03921	0.02248	0.02748	0.01775	0.01038	0.01068	0.00326	0.01270	0.00987	0.00641	0.01616
22	0.01667	0.01141	0.01336	0.01250	0.01605	0.00995	0.00951	0.02042	0.02704	0.08326	0.28511	0.08648	0.32251	0.02343	0.01232	0.00344	0.00554	0.01995	0.01086	0.01018
23	0.02495	0.01302	0.01733	0.01500	0.01924	0.01169	0.01169	0.02966	0.03003	0.20449	0.39854	0.06577	0.07714	0.01899	0.01191	0.00331	0.00622	0.01651	0.01208	0.01244
24	0.02208	0.01937	0.02496	0.08799	0.07927	0.01618	0.01628	0.02720	0.02203	0.03360	0.01889	0.02303	0.01558	0.00829	0.00839	0.00193	0.00898	0.00691	0.00599	0.55305
25	0.03075	0.27608	0.04407	0.02531	0.03307	0.19677	0.09502	0.03892	0.10603	0.02955	0.02062	0.02284	0.01688	0.01040	0.00907	0.00280	0.01411	0.00801	0.00589	0.01378

[dist]
# distance from previous block
# <min> <max>
0	5

[block]
# block no. 4 follows, 13 sequences, length 110
# corresponding to MSA columns:
# 436-545
name=unknown_E
#
# <colnr> <probs for GDERKNQSTAVLIFYWHMCP>
#	G	D	E	R	K	N	Q	S	T	A	V	L	I	F	Y	W	H	M	C	P
0	0.04744	0.01799	0.02454	0.01881	0.02699	0.01554	0.01554	0.05153	0.03026	0.56979	0.04171	0.03599	0.02617	0.01309	0.01063	0.00327	0.00900	0.01063	0.01309	0.01799
1	0.03950	0.05039	0.02996	0.02724	0.03269	0.58597	0.02043	0.04222	0.02996	0.02588	0.01634	0.01907	0.01362	0.01090	0.00953	0.00272	0.01907	0.00681	0.00545	0.01226
2	0.02496	0.02852	0.06239	0.04456	0.05526	0.02674	0.52406	0.03387	0.02496	0.03387	0.02139	0.02852	0.01604	0.00891	0.01248	0.00357	0.01783	0.01248	0.00535	0.01426
3	0.01399	0.01065	0.01286	0.01256	0.01526	0.00952	0.00933	0.01797	0.02725	0.03663	0.36965	0.12944	0.24797	0.02422	0.01256	0.00348	0.00520	0.02104	0.01090	0.00952
4	0.01538	0.01025	0.01153	0.01153	0.01153	0.01025	0.00641	0.01538	0.01538	0.02050	0.03331	0.06919	0.03844	0.62842	0.05382	0.01025	0.01025	0.01538	0.00641	0.00641
5	0.01406	0.01050	0.01306	0.01300	0.01539	0.00950	0.00953	0.01799	0.02694	0.03666	0.37086	0.18072	0.19334	0.02478	0.01266	0.00355	0.00527	0.02176	0.01092	0.00950
6	0.02962	0.01855	0.02271	0.01661	0.02564	0.01453	0.01344	0.03413	0.02444	0.19585	0.02570	0.02616	0.01883	0.00941	0.00868	0.00208	0.00818	0.00758	0.00832	0.48953
7	0.03262	0.02223	0.03591	0.09646	0.34408	0.02183	0.02663	0.03824	0.02585	0.20970	0.02696	0.02957	0.01961	0.01072	0.01053	0.00322	0.01152	0.00982	0.00777	0.01672
8	0.02231	0.04426	0.39458	0.02842	0.03981	0.02621	0.03287	0.03545	0.09938	0.03366	0.02167	0.02504	0.01631	0.01220	0.01455	0.00361	0.12045	0.00869	0.00544	0.01507
9	0.02370	0.18515	0.33826	0.03051	0.04350	0.02910	0.14194	0.03314	0.02271	0.03155	0.01851	0.02244	0.01402	0.00956	0.00982	0.00314	0.01510	0.00834	0.00467	0.01484
10	0.01288	0.00920	0.01227	0.01472	0.01534	0.00859	0.00981	0.01472	0.02024	0.02699	0.05828	0.62152	0.06993	0.03312	0.01350	0.00429	0.00613	0.03006	0.00981	0.00859
11	0.04019	0.02962	0.03173	0.02433	0.03279	0.03279	0.02010	0.52721	0.04971	0.06663	0.02538	0.02538	0.01798	0.01269	0.01058	0.00317	0.01163	0.00952	0.01058	0.01798
12	0.01288	0.00920	0.01227	0.01472	0.01534	0.00859	0.00981	0.01472	0.02024	0.02699	0.05828	0.62152	0.06993	0.03312	0.01350	0.00429	0.00613	0.03006	0.00981	0.00859
13	0.02827	0.63478	0.05540	0.01809	0.02714	0.04184	0.01809	0.03166	0.02148	0.02488	0.01470	0.01696	0.01357	0.00905	0.00678	0.00226	0.01131	0.00565	0.00452	0.01357
14	0.01496	0.01081	0.01413	0.01330	0.01580	0.00998	0.00998	0.01995	0.02993	0.04240	0.55689	0.07898	0.09976	0.02162	0.01247	0.00333	0.00499	0.01912	0.01164	0.00998
15	0.01250	0.01071	0.01071	0.01071	0.01428	0.00893	0.00803	0.01517	0.02410	0.02856	0.10711	0.10175	0.55817	0.02678	0.01250	0.00357	0.00536	0.02231	0.00982	0.00893
16	0.03258	0.02297	0.03738	0.05100	0.40103	0.02223	0.02735	0.03820	0.02594	0.19591	0.02647	0.02913	0.01959	0.01053	0.01052	0.00318	0.01149	0.00979	0.00760	0.01712
17	0.02496	0.02852	0.06239	0.04456	0.05526	0.02674	0.52406	0.03387	0.02496	0.03387	0.02139	0.02852	0.01604	0.00891	0.01248	0.00357	0.01783	0.01248	0.00535	0.01426
18	0.01704	0.01417	0.02070	0.01959	0.02102	0.01784	0.01561	0.02046	0.01680	0.02476	0.02484	0.03710	0.02341	0.06464	0.45349	0.01401	0.16832	0.01083	0.00541	0.00995
19	0.02585	0.02832	0.03118	0.42942	0.06072	0.19307	0.02667	0.03160	0.02380	0.02667	0.01805	0.02544	0.01395	0.01067	0.01026	0.00328	0.01559	0.00862	0.00492	0.01190
20	0.01496	0.01081	0.01413	0.01330	0.01580	0.00998	0.00998	0.01995	0.02993	0.04240	0.55689	0.07898	0.09976	0.02162	0.01247	0.00333	0.00499	0.01912	0.01164	0.00998
21	0.02210	0.07138	0.02572	0.19410	0.03698	0.06824	0.01861	0.02681	0.02286	0.06922	0.10281	0.07866	0.03409	0.02997	0.14595	0.00651	0.01538	0.01223	0.00697	0.01140
22	0.01815	0.01017	0.01126	0.01099	0.01346	0.00989	0.00824	0.02310	0.02472	0.04040	0.20608	0.05241	0.05097	0.01537	0.00906	0.00275	0.00495	0.01290	0.46524	0.00989
23	0.02643	0.02726	0.02740	0.02098	0.02954	0.15306	0.05914	0.03102	0.02413	0.03233	0.01843	0.02181	0.01520	0.00866	0.00865	0.00202	0.01141	0.00694	0.00599	0.46961
24	0.03154	0.11675	0.03248	0.06130	0.03260	0.11854	0.01964	0.16567	0.19145	0.04179	0.02666	0.02757	0.02055	0.01266	0.01160	0.00322	0.05336	0.00926	0.00815	0.01520
25	0.16338	0.02190	0.02405	0.19425	0.03862	0.07084	0.01866	0.06982	0.07245	0.03872	0.10118	0.03301	0.02846	0.01237	0.00972	0.00318	0.01069	0.00985	0.00733	0.07153
26	0.02893	0.17904	0.16862	0.02366	0.03330	0.06687	0.05813	0.06845	0.02570	0.10985	0.02504	0.07539	0.02086	0.01225	0.00966	0.00299	0.01239	0.00990	0.00687	0.06210
27	0.08513	0.24733	0.03863	0.02045	0.02905	0.02683	0.06064	0.04117	0.02568	0.28406	0.02802	0.02695	0.01957	0.01099	0.00908	0.00292	0.01057	0.00860	0.00877	0.01556
28	0.02617	0.02512	0.04292	0.06490	0.56246	0.02512	0.03245	0.03245	0.02407	0.03454	0.01989	0.02617	0.01675	0.00942	0.01047	0.00314	0.01256	0.00942	0.00523	0.01675
29	0.02121	0.16558	0.07706	0.01780	0.02382	0.02250	0.01605	0.03202	0.14135	0.03783	0.26497	0.05031	0.05643	0.01596	0.01052	0.00313	0.00821	0.01330	0.00910	0.01285
30	0.02136	0.01857	0.02827	0.24463	0.15543	0.02030	0.02329	0.06900	0.02611	0.03491	0.11160	0.04979	0.08149	0.01527	0.01136	0.00350	0.01101	0.05417	0.00727	0.01266
31	0.01428	0.01028	0.01352	0.01377	0.01564	0.00952	0.00992	0.01823	0.02675	0.03734	0.39311	0.25719	0.08996	0.02540	0.01281	0.00364	0.00536	0.02271	0.01104	0.00952
32	0.01288	0.00920	0.01227	0.01472	0.01534	0.00859	0.00981	0.01472	0.02024	0.02699	0.05828	0.62152	0.06993	0.03312	0.01350	0.00429	0.00613	0.03006	0.00981	0.00859
33	0.02667	0.02494	0.04126	0.10410	0.48713	0.02553	0.03134	0.06666	0.02564	0.03620	0.02019	0.02627	0.01663	0.00974	0.01048	0.00317	0.01262	0.00943	0.00557	0.01644
