[name]
unknown

[dist]
# distance from previous block
# <min> <max>
15	167

[block]
# block no. 0 follows, 15 sequences, length 26
# corresponding to MSA columns:
# 185-210
name=unknown_A
#
# <colnr> <probs for GDERKNQSTAVLIFYWHMCP>
#	G	D	E	R	K	N	Q	S	T	A	V	L	I	F	Y	W	H	M	C	P
0	0.02730	0.05417	0.02346	0.13463	0.03144	0.01717	0.01660	0.06698	0.02481	0.19759	0.03401	0.10313	0.02943	0.01532	0.01022	0.00321	0.00923	0.08487	0.04904	0.06738
1	0.02800	0.15538	0.03294	0.02700	0.13231	0.02337	0.04351	0.08559	0.05711	0.14072	0.03327	0.07831	0.05816	0.01383	0.00985	0.00307	0.00986	0.04589	0.00788	0.01395
2	0.07027	0.02496	0.06500	0.06667	0.03141	0.05071	0.01859	0.23116	0.06492	0.19912	0.05566	0.02934	0.02269	0.01204	0.00981	0.00307	0.01039	0.00943	0.00944	0.01533
3	0.19886	0.02564	0.02550	0.05912	0.07285	0.11106	0.01763	0.17753	0.02976	0.15593	0.02262	0.02345	0.01613	0.01078	0.00893	0.00299	0.01095	0.00794	0.00810	0.01424
4	0.02295	0.02377	0.09403	0.06458	0.03182	0.02319	0.07329	0.07512	0.20101	0.03601	0.02753	0.03054	0.02134	0.01601	0.04753	0.00406	0.09553	0.00991	0.08841	0.01337
5	0.01327	0.00960	0.01246	0.01370	0.01513	0.00899	0.00990	0.01609	0.02189	0.02940	0.18742	0.35544	0.10939	0.06310	0.01474	0.00417	0.00614	0.09121	0.00949	0.00847
6	0.01713	0.01360	0.01629	0.01527	0.01857	0.01444	0.01169	0.02845	0.18654	0.03656	0.28771	0.05886	0.10030	0.02820	0.11568	0.00547	0.00951	0.01497	0.00961	0.01114
7	0.01391	0.01004	0.01315	0.01268	0.01485	0.00927	0.00939	0.01831	0.02729	0.03850	0.52867	0.13221	0.09121	0.02148	0.01186	0.00323	0.00481	0.01908	0.01080	0.00927
8	0.02794	0.03079	0.02402	0.02184	0.02440	0.31264	0.01643	0.02872	0.02118	0.02237	0.01660	0.02516	0.01570	0.06711	0.02367	0.15839	0.14075	0.00801	0.00487	0.00941
9	0.01999	0.05157	0.59800	0.02841	0.04315	0.02315	0.03683	0.03157	0.02105	0.03157	0.01789	0.02105	0.01263	0.00947	0.00947	0.00316	0.01473	0.00737	0.00421	0.01473
10	0.02079	0.02251	0.10048	0.01728	0.02619	0.01599	0.01568	0.02940	0.09452	0.03398	0.04990	0.02571	0.02065	0.00916	0.00827	0.00205	0.00833	0.00745	0.00650	0.48515
11	0.02368	0.02267	0.03866	0.15736	0.49908	0.02342	0.03010	0.02972	0.02223	0.03136	0.01858	0.02500	0.01536	0.00907	0.00989	0.00302	0.01209	0.00888	0.00485	0.01499
12	0.01635	0.01363	0.02122	0.01778	0.02159	0.01299	0.09628	0.02326	0.06479	0.03881	0.45521	0.06431	0.07708	0.01800	0.01165	0.00319	0.00685	0.01656	0.00997	0.01049
13	0.02647	0.02426	0.03903	0.05600	0.51193	0.02467	0.02901	0.10166	0.02598	0.03668	0.01945	0.02457	0.01595	0.00930	0.00988	0.00296	0.01172	0.00889	0.00562	0.01595
14	0.01411	0.01019	0.01333	0.01254	0.01489	0.00941	0.00941	0.01881	0.02822	0.03998	0.58221	0.07447	0.09406	0.02038	0.01176	0.00314	0.00470	0.01803	0.01097	0.00941
15	0.02665	0.65565	0.05224	0.01706	0.02559	0.03945	0.01706	0.02985	0.02026	0.02345	0.01386	0.01599	0.01279	0.00853	0.00640	0.00213	0.01066	0.00533	0.00426	0.01279
16	0.01268	0.00906	0.01218	0.01449	0.01530	0.00856	0.01018	0.01480	0.01961	0.02604	0.05465	0.57112	0.06477	0.03073	0.01287	0.00412	0.00624	0.09512	0.00924	0.00824
17	0.02657	0.02230	0.02354	0.02065	0.02660	0.02563	0.01621	0.12100	0.49853	0.04457	0.03832	0.03539	0.02860	0.01331	0.01012	0.00333	0.00831	0.01096	0.01012	0.01594
18	0.02308	0.02250	0.03965	0.20214	0.40177	0.02345	0.08273	0.02943	0.02208	0.03071	0.01863	0.02538	0.01509	0.00911	0.01009	0.00309	0.01271	0.00917	0.00482	0.01436
19	0.01493	0.01138	0.01660	0.09746	0.02295	0.01307	0.01290	0.01800	0.01617	0.02249	0.02668	0.04407	0.02621	0.21179	0.38680	0.01269	0.02056	0.01140	0.00539	0.00847
20	0.01883	0.01453	0.01660	0.01535	0.01895	0.01522	0.01168	0.06867	0.18235	0.03964	0.26878	0.11928	0.09736	0.01881	0.01102	0.00327	0.00622	0.01626	0.04558	0.01159
21	0.01999	0.05157	0.59800	0.02841	0.04315	0.02315	0.03683	0.03157	0.02105	0.03157	0.01789	0.02105	0.01263	0.00947	0.00947	0.00316	0.01473	0.00737	0.00421	0.01473
22	0.02539	0.02251	0.03335	0.20790	0.25063	0.02521	0.02576	0.13157	0.06886	0.03653	0.02078	0.02585	0.01627	0.01074	0.01151	0.00320	0.05441	0.00907	0.00613	0.01434
23	0.02525	0.02312	0.03040	0.02548	0.02719	0.03062	0.02120	0.13745	0.02203	0.03230	0.01541	0.02226	0.01391	0.01628	0.02785	0.00407	0.49865	0.00878	0.00556	0.01220
24	0.03397	0.02529	0.13117	0.02335	0.03228	0.01936	0.09062	0.04406	0.12089	0.32152	0.03313	0.03124	0.02224	0.01150	0.01018	0.00319	0.01062	0.01000	0.00952	0.01589
25	0.01450	0.00966	0.01087	0.01087	0.01087	0.00966	0.00604	0.01450	0.01450	0.01933	0.03141	0.06524	0.03624	0.64965	0.05074	0.00966	0.00966	0.01450	0.00604	0.00604

[dist]
# distance from previous block
# <min> <max>
0	10

[block]
# block no. 1 follows, 15 sequences, length 30
# corresponding to MSA columns:
# 221-250
name=unknown_B
#
# <colnr> <probs for GDERKNQSTAVLIFYWHMCP>
#	G	D	E	R	K	N	Q	S	T	A	V	L	I	F	Y	W	H	M	C	P
0	0.02830	0.02164	0.02684	0.14918	0.13570	0.09213	0.02011	0.07567	0.02642	0.15412	0.08760	0.08244	0.02961	0.01337	0.01026	0.00312	0.01082	0.01143	0.00789	0.01333
1	0.01450	0.00966	0.01087	0.01087	0.01087	0.00966	0.00604	0.01450	0.01450	0.01933	0.03141	0.06524	0.03624	0.64965	0.05074	0.00966	0.00966	0.01450	0.00604	0.00604
2	0.02665	0.65565	0.05224	0.01706	0.02559	0.03945	0.01706	0.02985	0.02026	0.02345	0.01386	0.01599	0.01279	0.00853	0.00640	0.00213	0.01066	0.00533	0.00426	0.01279
3	0.08567	0.31022	0.21165	0.02032	0.03042	0.02887	0.02220	0.03347	0.02161	0.12324	0.01936	0.02056	0.01456	0.00952	0.00793	0.00269	0.01130	0.00675	0.00576	0.01392
4	0.02571	0.01340	0.01751	0.01484	0.01930	0.01230	0.01168	0.05659	0.02929	0.22896	0.36943	0.05812	0.06657	0.01722	0.01108	0.00311	0.00631	0.01485	0.01138	0.01236
5	0.01362	0.00948	0.01197	0.01280	0.01330	0.00957	0.00825	0.01483	0.01638	0.02214	0.03899	0.26615	0.04491	0.33462	0.13007	0.00873	0.01111	0.01878	0.00707	0.00725
6	0.21522	0.42971	0.03940	0.01579	0.02371	0.03264	0.01492	0.02931	0.01939	0.03000	0.01418	0.01643	0.01241	0.00863	0.00642	0.00234	0.00959	0.00540	0.00492	0.06961
7	0.09863	0.04514	0.48606	0.02585	0.03905	0.02235	0.03213	0.03275	0.02123	0.08015	0.01925	0.02160	0.01344	0.00969	0.00916	0.00314	0.01344	0.00737	0.00510	0.01449
8	0.02763	0.17988	0.03397	0.02164	0.02755	0.09327	0.05054	0.17231	0.02789	0.03569	0.04590	0.02622	0.01995	0.02211	0.11164	0.00507	0.07073	0.00866	0.00648	0.01286
9	0.01915	0.01214	0.01509	0.01349	0.01676	0.01163	0.01038	0.06660	0.02901	0.08790	0.43001	0.06277	0.07432	0.01805	0.01094	0.00303	0.00554	0.01565	0.08690	0.01066
10	0.03284	0.20559	0.03522	0.02089	0.02869	0.03248	0.01796	0.33406	0.11330	0.04863	0.02342	0.02355	0.01768	0.01121	0.00898	0.00280	0.01045	0.00826	0.00837	0.01560
11	0.03608	0.11402	0.03087	0.02474	0.03025	0.54727	0.01902	0.03872	0.02738	0.02429	0.01524	0.01776	0.01284	0.01008	0.00871	0.00252	0.01718	0.00630	0.00504	0.01169
12	0.02559	0.42789	0.18488	0.02045	0.03031	0.03398	0.02202	0.06447	0.05516	0.02903	0.01710	0.01902	0.01407	0.00928	0.00761	0.00252	0.01153	0.00642	0.00496	0.01372
13	0.02789	0.11306	0.21591	0.09190	0.04060	0.02330	0.12033	0.03523	0.02324	0.17815	0.02340	0.02544	0.01635	0.00996	0.00968	0.00306	0.01277	0.00876	0.00653	0.01444
14	0.01333	0.00987	0.01243	0.01241	0.01457	0.00898	0.00907	0.01707	0.02546	0.03487	0.39568	0.19307	0.16958	0.02338	0.01196	0.00336	0.00498	0.02061	0.01034	0.00898
15	0.01424	0.01068	0.01602	0.01602	0.01780	0.01246	0.01246	0.01780	0.01602	0.02314	0.02670	0.03916	0.02492	0.07477	0.61015	0.01602	0.02670	0.01068	0.00534	0.00890
16	0.02737	0.09159	0.06844	0.13671	0.03791	0.05616	0.11580	0.03305	0.02398	0.16203	0.07101	0.03118	0.02389	0.01107	0.00974	0.00299	0.01149	0.00984	0.06271	0.01305
17	0.02566	0.02118	0.02874	0.02666	0.08901	0.02281	0.08263	0.18722	0.11729	0.04154	0.03119	0.14015	0.02806	0.01525	0.01183	0.00332	0.04584	0.01322	0.05466	0.01373
18	0.03057	0.02562	0.11948	0.02109	0.02900	0.02203	0.01919	0.08151	0.28821	0.19948	0.03532	0.03268	0.02491	0.01240	0.00999	0.00323	0.00941	0.01011	0.00977	0.01602
19	0.01392	0.01018	0.01307	0.01235	0.01478	0.00933	0.00926	0.01845	0.02778	0.03894	0.54391	0.07618	0.13301	0.02077	0.01176	0.00315	0.00473	0.01827	0.01084	0.00933
20	0.22986	0.02445	0.08158	0.02836	0.07084	0.02278	0.18262	0.03318	0.02151	0.12909	0.02067	0.02389	0.01513	0.01017	0.01125	0.00327	0.06278	0.00881	0.00646	0.01332
21	0.02067	0.01772	0.02067	0.01477	0.02362	0.01329	0.01181	0.02510	0.02067	0.03248	0.01772	0.02067	0.01477	0.00738	0.00738	0.00148	0.00738	0.00591	0.00591	0.71059
22	0.01215	0.00868	0.01157	0.01388	0.01446	0.00810	0.00925	0.01388	0.01909	0.02545	0.05495	0.64315	0.06593	0.03123	0.01272	0.00405	0.00578	0.02834	0.00925	0.00810
23	0.01373	0.01018	0.01280	0.01215	0.01466	0.00925	0.00911	0.01808	0.02733	0.03787	0.50435	0.07794	0.17323	0.02117	0.01176	0.00317	0.00476	0.01852	0.01070	0.00925
24	0.16863	0.02437	0.07342	0.24752	0.04282	0.07194	0.02181	0.07241	0.02286	0.09317	0.01924	0.02352	0.01417	0.01071	0.01059	0.00321	0.05312	0.00795	0.00610	0.01245
25	0.02345	0.01909	0.02048	0.01847	0.02299	0.02154	0.01395	0.09808	0.37339	0.03891	0.03842	0.09115	0.03290	0.12126	0.01713	0.00445	0.00835	0.01299	0.00936	0.01364
26	0.01566	0.01019	0.01219	0.01230	0.01489	0.00910	0.00898	0.01866	0.02300	0.07726	0.16891	0.24956	0.23679	0.02392	0.01152	0.00342	0.00546	0.02079	0.06808	0.00930
27	0.01365	0.00931	0.01112	0.01196	0.01217	0.00910	0.00720	0.01428	0.01615	0.02153	0.03989	0.27349	0.04694	0.42680	0.03704	0.00764	0.00827	0.01949	0.00720	0.00678
28	0.02380	0.02600	0.12229	0.28347	0.04655	0.07006	0.02438	0.07284	0.02335	0.06365	0.02064	0.02599	0.01543	0.01089	0.01099	0.00315	0.05365	0.00852	0.08198	0.01235
29	0.24628	0.02497	0.02444	0.21855	0.03940	0.12701	0.01915	0.09957	0.05056	0.03702	0.01802	0.02195	0.01373	0.01023	0.00860	0.00307	0.01179	0.00747	0.00610	0.01207

[dist]
# distance from previous block
# <min> <max>
0	2

[block]
# block no. 2 follows, 15 sequences, length 33
# corresponding to MSA columns:
# 253-285
name=unknown_C
#
# <colnr> <probs for GDERKNQSTAVLIFYWHMCP>
#	G	D	E	R	K	N	Q	S	T	A	V	L	I	F	Y	W	H	M	C	P
0	0.47427	0.01782	0.01659	0.01410	0.02039	0.01915	0.01157	0.03421	0.02052	0.19799	0.02251	0.02286	0.01588	0.01031	0.00731	0.00302	0.00768	0.00701	0.06442	0.01240
1	0.02534	0.02662	0.03430	0.17083	0.28118	0.13556	0.02643	0.03019	0.02198	0.02813	0.01700	0.02336	0.01426	0.01073	0.01333	0.00319	0.11121	0.00839	0.00477	0.01320
2	0.12164	0.01669	0.02134	0.01677	0.02387	0.01513	0.01377	0.04391	0.02715	0.48491	0.08025	0.03512	0.02866	0.01263	0.00971	0.00309	0.00809	0.01013	0.01150	0.01563
3	0.02850	0.02325	0.02463	0.02104	0.02733	0.02653	0.01668	0.19469	0.42171	0.04767	0.03587	0.03344	0.02662	0.01308	0.01010	0.00327	0.00876	0.01062	0.01010	0.01611
4	0.01858	0.00929	0.00929	0.00929	0.01161	0.00929	0.00697	0.02323	0.02091	0.03717	0.03252	0.03717	0.02555	0.01161	0.00697	0.00232	0.00465	0.00929	0.70499	0.00929
5	0.01450	0.00966	0.01087	0.01087	0.01087	0.00966	0.00604	0.01450	0.01450	0.01933	0.03141	0.06524	0.03624	0.64965	0.05074	0.00966	0.00966	0.01450	0.00604	0.00604
6	0.04473	0.01697	0.02313	0.01774	0.02545	0.01465	0.01465	0.04858	0.02853	0.59437	0.03933	0.03393	0.02468	0.01234	0.01003	0.00308	0.00848	0.01003	0.01234	0.01697
7	0.01424	0.01068	0.01602	0.01602	0.01780	0.01246	0.01246	0.01780	0.01602	0.02314	0.02670	0.03916	0.02492	0.07477	0.61015	0.01602	0.02670	0.01068	0.00534	0.00890
8	0.72007	0.01928	0.01465	0.01311	0.01928	0.02236	0.01080	0.02930	0.01697	0.04473	0.01388	0.01619	0.01080	0.00925	0.00617	0.00308	0.00771	0.00540	0.00617	0.01080
9	0.02353	0.02689	0.05882	0.04202	0.05210	0.02521	0.55126	0.03193	0.02353	0.03193	0.02017	0.02689	0.01513	0.00840	0.01176	0.00336	0.01681	0.01176	0.00504	0.01345
10	0.02480	0.02141	0.02254	0.02029	0.02592	0.02480	0.01578	0.05297	0.56946	0.04170	0.04057	0.03719	0.03043	0.01352	0.01014	0.00338	0.00789	0.01127	0.01014	0.01578
11	0.72007	0.01928	0.01465	0.01311	0.01928	0.02236	0.01080	0.02930	0.01697	0.04473	0.01388	0.01619	0.01080	0.00925	0.00617	0.00308	0.00771	0.00540	0.00617	0.01080
12	0.03790	0.02792	0.02992	0.02294	0.03091	0.03091	0.01895	0.55423	0.04687	0.06283	0.02393	0.02393	0.01695	0.01197	0.00997	0.00299	0.01097	0.00898	0.00997	0.01695
13	0.72007	0.01928	0.01465	0.01311	0.01928	0.02236	0.01080	0.02930	0.01697	0.04473	0.01388	0.01619	0.01080	0.00925	0.00617	0.00308	0.00771	0.00540	0.00617	0.01080
14	0.02467	0.02369	0.04046	0.06119	0.58747	0.02369	0.03059	0.03059	0.02270	0.03257	0.01875	0.02467	0.01579	0.00888	0.00987	0.00296	0.01184	0.00888	0.00493	0.01579
15	0.02480	0.02141	0.02254	0.02029	0.02592	0.02480	0.01578	0.05297	0.56946	0.04170	0.04057	0.03719	0.03043	0.01352	0.01014	0.00338	0.00789	0.01127	0.01014	0.01578
16	0.01429	0.01050	0.01508	0.01508	0.01654	0.01195	0.01129	0.01720	0.01574	0.02245	0.02756	0.04391	0.02698	0.17946	0.50827	0.01486	0.02360	0.01138	0.00547	0.00838
17	0.02480	0.02141	0.02254	0.02029	0.02592	0.02480	0.01578	0.05297	0.56946	0.04170	0.04057	0.03719	0.03043	0.01352	0.01014	0.00338	0.00789	0.01127	0.01014	0.01578
18	0.01606	0.01147	0.01606	0.01836	0.02065	0.01147	0.01606	0.02065	0.02295	0.02983	0.05278	0.11245	0.05737	0.02754	0.01377	0.00459	0.00918	0.52037	0.00918	0.00918
19	0.03161	0.02559	0.03793	0.07337	0.12599	0.02674	0.14640	0.27898	0.03452	0.08426	0.02286	0.02560	0.01662	0.01053	0.01038	0.00310	0.01247	0.00968	0.00781	0.01555
20	0.02447	0.01760	0.02106	0.01524	0.02391	0.01350	0.01226	0.02881	0.02191	0.12126	0.02113	0.02277	0.01633	0.00817	0.00780	0.00173	0.00756	0.00656	0.00692	0.60100
21	0.01316	0.00877	0.01121	0.01316	0.01401	0.00829	0.00889	0.01536	0.01937	0.02730	0.05140	0.54740	0.05955	0.02813	0.01181	0.00378	0.00560	0.02533	0.11918	0.00829
22	0.01966	0.01661	0.01994	0.01496	0.02270	0.01316	0.01191	0.02395	0.01994	0.03101	0.01914	0.02359	0.01637	0.01803	0.10262	0.00377	0.01044	0.00666	0.00582	0.59972
23	0.10144	0.01378	0.01619	0.11028	0.02507	0.01471	0.01287	0.02385	0.10234	0.03159	0.08973	0.19152	0.18910	0.02020	0.01078	0.00347	0.00724	0.01724	0.00836	0.01021
24	0.02292	0.01760	0.02883	0.52963	0.06183	0.02096	0.02563	0.02912	0.02129	0.11536	0.02113	0.02774	0.01509	0.01034	0.00998	0.00328	0.01253	0.00904	0.00568	0.01201
25	0.03989	0.01589	0.02158	0.01692	0.02378	0.01382	0.01382	0.04388	0.02848	0.50677	0.12511	0.04034	0.03564	0.01361	0.01030	0.00309	0.00789	0.01129	0.01212	0.01577
26	0.04325	0.01933	0.02460	0.01886	0.02663	0.01816	0.01558	0.15777	0.03249	0.47959	0.03600	0.03177	0.02301	0.01226	0.01001	0.00306	0.00902	0.00980	0.01183	0.01696
27	0.08900	0.02274	0.11466	0.09580	0.07040	0.01781	0.02018	0.03843	0.02495	0.31873	0.06398	0.03149	0.02402	0.01162	0.00972	0.00312	0.00998	0.00951	0.00900	0.01484
28	0.02461	0.47044	0.21956	0.02054	0.03097	0.03445	0.02312	0.03038	0.02050	0.02594	0.01510	0.01754	0.01274	0.00882	0.00734	0.00245	0.01191	0.00595	0.00425	0.01339
29	0.01246	0.00976	0.01112	0.01187	0.01410	0.00865	0.00858	0.01486	0.02153	0.02702	0.11090	0.24871	0.33983	0.06632	0.01463	0.00402	0.00578	0.05242	0.00916	0.00828
30	0.01352	0.00936	0.01153	0.01231	0.01291	0.00901	0.00783	0.01494	0.01846	0.02498	0.12764	0.29271	0.05699	0.30837	0.02971	0.00644	0.00736	0.02047	0.00808	0.00738
31	0.03167	0.02927	0.14825	0.02627	0.06995	0.02424	0.05279	0.19749	0.12011	0.15506	0.02789	0.02771	0.01961	0.01136	0.01000	0.00313	0.01115	0.00938	0.00865	0.01602
32	0.17746	0.01648	0.06222	0.01510	0.01967	0.01485	0.01285	0.02456	0.01955	0.09944	0.06881	0.04363	0.09195	0.10086	0.18278	0.00749	0.01343	0.01124	0.00718	0.01045

[dist]
# distance from previous block
# <min> <max>
0	34

[block]
# block no. 3 follows, 15 sequences, length 47
# corresponding to MSA columns:
# 320-366
name=unknown_D
#
# <colnr> <probs for GDERKNQSTAVLIFYWHMCP>
#	G	D	E	R	K	N	Q	S	T	A	V	L	I	F	Y	W	H	M	C	P
0	0.02802	0.16340	0.06813	0.02089	0.02992	0.02265	0.08961	0.06355	0.02407	0.14058	0.02175	0.02326	0.01629	0.00913	0.00855	0.00238	0.01027	0.00765	0.00681	0.24309
1	0.02534	0.06943	0.17848	0.02664	0.03582	0.02345	0.14981	0.11373	0.05893	0.07952	0.07107	0.03030	0.02368	0.01527	0.05003	0.00397	0.01344	0.01012	0.00694	0.01403
2	0.07858	0.01679	0.02125	0.17431	0.03183	0.05706	0.01684	0.02231	0.01748	0.02500	0.02096	0.03316	0.01945	0.10939	0.19440	0.04627	0.09083	0.00960	0.00508	0.00944
3	0.08090	0.02089	0.06478	0.16982	0.03796	0.02045	0.06498	0.08244	0.02460	0.17263	0.02506	0.02799	0.01784	0.01119	0.01089	0.00315	0.04987	0.00909	0.09218	0.01328
4	0.26760	0.25573	0.07397	0.02145	0.07354	0.10804	0.01776	0.03119	0.02046	0.03231	0.01478	0.01744	0.01235	0.00911	0.00719	0.00267	0.01102	0.00595	0.00510	0.01233
5	0.01237	0.00942	0.01139	0.01239	0.01421	0.00843	0.00872	0.01489	0.02191	0.02851	0.16340	0.36105	0.24265	0.02733	0.01224	0.00366	0.00535	0.02409	0.00956	0.00843
6	0.07764	0.02806	0.08043	0.05426	0.03509	0.05732	0.09253	0.26918	0.03428	0.13679	0.02399	0.02502	0.01679	0.01096	0.00989	0.00307	0.01198	0.00902	0.00841	0.01531
7	0.01215	0.00868	0.01157	0.01388	0.01446	0.00810	0.00925	0.01388	0.01909	0.02545	0.05495	0.64315	0.06593	0.03123	0.01272	0.00405	0.00578	0.02834	0.00925	0.00810
8	0.01819	0.01181	0.01618	0.01523	0.01577	0.01382	0.01129	0.01766	0.01522	0.02293	0.02056	0.03216	0.01941	0.06241	0.06632	0.34494	0.14460	0.00923	0.13519	0.00705
9	0.01396	0.01008	0.01319	0.01264	0.01486	0.00931	0.00939	0.01844	0.02753	0.03887	0.54217	0.11765	0.09193	0.02120	0.01183	0.00320	0.00479	0.01881	0.01084	0.00931
10	0.03790	0.02792	0.02992	0.02294	0.03091	0.03091	0.01895	0.55423	0.04687	0.06283	0.02393	0.02393	0.01695	0.01197	0.00997	0.00299	0.01097	0.00898	0.00997	0.01695
11	0.02363	0.01107	0.01267	0.01147	0.01455	0.01055	0.00850	0.02723	0.02140	0.15781	0.03383	0.04172	0.02737	0.13162	0.01587	0.00387	0.00644	0.01043	0.41958	0.01039
12	0.01439	0.01010	0.01306	0.01306	0.01382	0.01085	0.00877	0.01590	0.01514	0.02095	0.02941	0.05416	0.03143	0.40537	0.28844	0.01237	0.01690	0.01288	0.00574	0.00726
13	0.02080	0.12496	0.53169	0.02703	0.04101	0.02513	0.03443	0.03136	0.02095	0.03058	0.01740	0.02043	0.01265	0.00936	0.00910	0.00303	0.01424	0.00712	0.00422	0.01450
14	0.01178	0.01010	0.01010	0.01010	0.01347	0.00842	0.00757	0.01431	0.02272	0.02693	0.10099	0.09594	0.58342	0.02525	0.01178	0.00337	0.00505	0.02104	0.00926	0.00842
15	0.01424	0.01068	0.01602	0.01602	0.01780	0.01246	0.01246	0.01780	0.01602	0.02314	0.02670	0.03916	0.02492	0.07477	0.61015	0.01602	0.02670	0.01068	0.00534	0.00890
16	0.63802	0.01900	0.01568	0.01367	0.02003	0.02143	0.01126	0.03165	0.01837	0.11151	0.01697	0.01835	0.01248	0.00963	0.00664	0.00308	0.00781	0.00596	0.00692	0.01155
17	0.51489	0.02776	0.01874	0.01689	0.02275	0.19883	0.01334	0.03246	0.02036	0.03862	0.01434	0.01673	0.01141	0.00956	0.00702	0.00293	0.01080	0.00571	0.00586	0.01102
18	0.02387	0.02287	0.03902	0.13840	0.51650	0.02348	0.03020	0.02989	0.02232	0.03160	0.01861	0.02493	0.01545	0.00903	0.00988	0.00301	0.01204	0.00888	0.00487	0.01515
19	0.01427	0.00979	0.01249	0.01241	0.01441	0.00914	0.00908	0.01839	0.02556	0.03681	0.41299	0.18041	0.08027	0.02142	0.01136	0.00321	0.00491	0.01897	0.09496	0.00914
20	0.01440	0.01006	0.01287	0.01287	0.01355	0.01075	0.00853	0.01578	0.01509	0.02081	0.02959	0.05514	0.03186	0.42712	0.26728	0.01213	0.01626	0.01302	0.00577	0.00715
21	0.02665	0.65565	0.05224	0.01706	0.02559	0.03945	0.01706	0.02985	0.02026	0.02345	0.01386	0.01599	0.01279	0.00853	0.00640	0.00213	0.01066	0.00533	0.00426	0.01279
22	0.01215	0.00868	0.01157	0.01388	0.01446	0.00810	0.00925	0.01388	0.01909	0.02545	0.05495	0.64315	0.06593	0.03123	0.01272	0.00405	0.00578	0.02834	0.00925	0.00810
23	0.01215	0.00868	0.01157	0.01388	0.01446	0.00810	0.00925	0.01388	0.01909	0.02545	0.05495	0.64315	0.06593	0.03123	0.01272	0.00405	0.00578	0.02834	0.00925	0.00810
24	0.03796	0.04251	0.02801	0.02467	0.03037	0.48831	0.01883	0.10306	0.03054	0.07794	0.01850	0.02007	0.01436	0.01066	0.00920	0.00266	0.01631	0.00704	0.00634	0.01268
25	0.31501	0.02319	0.05877	0.01989	0.02767	0.02268	0.06661	0.14291	0.02669	0.17290	0.02266	0.02319	0.01579	0.01046	0.00858	0.00310	0.00985	0.00793	0.00815	0.01398
26	0.01883	0.01772	0.02990	0.62569	0.06866	0.02215	0.02769	0.02547	0.01993	0.02547	0.01772	0.02658	0.01329	0.00997	0.00997	0.00332	0.01329	0.00886	0.00443	0.01107
27	0.02418	0.02699	0.08736	0.13198	0.39640	0.06057	0.06723	0.03066	0.02259	0.03095	0.01843	0.02436	0.01494	0.00913	0.00993	0.00303	0.01303	0.00880	0.00482	0.01462
28	0.07423	0.02376	0.04085	0.05542	0.48181	0.02378	0.09244	0.03066	0.02239	0.03336	0.01858	0.02434	0.01535	0.00885	0.00984	0.00302	0.01215	0.00898	0.00504	0.01515
29	0.01215	0.00868	0.01157	0.01388	0.01446	0.00810	0.00925	0.01388	0.01909	0.02545	0.05495	0.64315	0.06593	0.03123	0.01272	0.00405	0.00578	0.02834	0.00925	0.00810
30	0.02554	0.03269	0.15045	0.15733	0.03945	0.16335	0.02336	0.09522	0.05935	0.03405	0.09711	0.03021	0.02564	0.01182	0.00988	0.00304	0.01295	0.00937	0.00647	0.01275
31	0.01712	0.01107	0.01353	0.01269	0.01606	0.00983	0.00985	0.02091	0.02586	0.10182	0.30189	0.08013	0.26252	0.02170	0.01170	0.00332	0.00561	0.05406	0.01038	0.00995
32	0.01452	0.01189	0.01808	0.23137	0.03373	0.01309	0.01581	0.01800	0.01939	0.02546	0.04171	0.42396	0.04722	0.02367	0.01174	0.00379	0.00845	0.02141	0.00754	0.00916
33	0.01999	0.05157	0.59800	0.02841	0.04315	0.02315	0.03683	0.03157	0.02105	0.03157	0.01789	0.02105	0.01263	0.00947	0.00947	0.00316	0.01473	0.00737	0.00421	0.01473
34	0.02665	0.65565	0.05224	0.01706	0.02559	0.03945	0.01706	0.02985	0.02026	0.02345	0.01386	0.01599	0.01279	0.00853	0.00640	0.00213	0.01066	0.00533	0.00426	0.01279
35	0.39931	0.02051	0.02167	0.02127	0.09121	0.02206	0.01513	0.10534	0.02420	0.16208	0.02123	0.02204	0.01518	0.01023	0.00796	0.00306	0.00882	0.00729	0.00785	0.01355
36	0.02267	0.02164	0.03685	0.25443	0.40986	0.02316	0.02960	0.02884	0.02175	0.03014	0.01840	0.02533	0.01493	0.00925	0.00990	0.00308	0.01234	0.00887	0.00476	0.01418
37	0.16161	0.02352	0.02920	0.18225	0.18665	0.07367	0.02242	0.10267	0.02507	0.07384	0.01934	0.02345	0.01470	0.01000	0.00913	0.00305	0.01159	0.00808	0.00624	0.01352
38	0.02153	0.02198	0.04180	0.32007	0.15975	0.02349	0.20792	0.02864	0.02168	0.02901	0.01875	0.02633	0.01439	0.00923	0.01057	0.00327	0.01423	0.00986	0.00473	0.01277
39	0.01409	0.01037	0.01330	0.01309	0.01557	0.00959	0.01017	0.01848	0.02667	0.03665	0.43587	0.08318	0.15542	0.02213	0.01207	0.00339	0.00543	0.09483	0.01047	0.00924
40	0.01923	0.01583	0.02762	0.09475	0.03148	0.01571	0.17512	0.02527	0.02303	0.03471	0.13533	0.04011	0.03440	0.01217	0.00973	0.00292	0.00940	0.01171	0.27069	0.01079
41	0.01350	0.00999	0.01260	0.01232	0.01462	0.00909	0.00910	0.01750	0.02625	0.03616	0.44250	0.14693	0.16758	0.02246	0.01188	0.00328	0.00489	0.01975	0.01050	0.00909
42	0.01456	0.01091	0.01491	0.07099	0.02002	0.01062	0.01115	0.01945	0.02743	0.03859	0.52840	0.06990	0.08636	0.01939	0.01159	0.00315	0.00552	0.01715	0.01035	0.00957
43	0.65351	0.01952	0.01617	0.01435	0.01994	0.02314	0.01185	0.02880	0.01680	0.04275	0.01381	0.01673	0.01101	0.01004	0.00870	0.00321	0.06717	0.00572	0.00600	0.01081
44	0.01276	0.00873	0.01135	0.01344	0.01419	0.00821	0.00904	0.01477	0.01926	0.02657	0.05281	0.58538	0.06208	0.02936	0.01218	0.00388	0.00568	0.02652	0.07558	0.00821
45	0.02237	0.02081	0.03566	0.11254	0.24294	0.02120	0.13006	0.07157	0.02338	0.03204	0.02496	0.10430	0.02349	0.07298	0.01452	0.00386	0.01201	0.01237	0.00596	0.01297
46	0.02235	0.04827	0.54320	0.02740	0.04146	0.02234	0.03472	0.03319	0.02176	0.08522	0.01993	0.02228	0.01378	0.00974	0.00952	0.00315	0.01414	0.00762	0.00498	0.01495

[dist]
# distance from previous block
# <min> <max>
0	4

[block]
# block no. 4 follows, 15 sequences, length 37
# corresponding to MSA columns:
# 371-407
name=unknown_E
#
# <colnr> <probs for GDERKNQSTAVLIFYWHMCP>
#	G	D	E	R	K	N	Q	S	T	A	V	L	I	F	Y	W	H	M	C	P
0	0.07919	0.17512	0.03093	0.07489	0.02956	0.11415	0.01704	0.16472	0.02893	0.07399	0.04614	0.02494	0.01932	0.01090	0.00854	0.00272	0.01094	0.00797	0.06684	0.01318
1	0.02345	0.05465	0.01910	0.01483	0.01891	0.01436	0.01158	0.07448	0.02774	0.15481	0.29925	0.09301	0.06039	0.07174	0.01428	0.00366	0.00695	0.01505	0.01020	0.01154
2	0.02449	0.17294	0.29860	0.10835	0.04072	0.02793	0.02807	0.12449	0.02537	0.03460	0.01809	0.02125	0.01354	0.00979	0.00897	0.00293	0.01297	0.00743	0.00529	0.01420
3	0.11336	0.02382	0.15290	0.01864	0.02520	0.01784	0.01778	0.05384	0.10892	0.07625	0.12533	0.15258	0.04025	0.01642	0.01021	0.00334	0.00870	0.01381	0.00835	0.01246
4	0.01344	0.00972	0.01225	0.01244	0.01411	0.00901	0.00874	0.01655	0.02352	0.03226	0.32815	0.22120	0.12418	0.10850	0.01727	0.00427	0.00568	0.02048	0.00971	0.00852
5	0.02273	0.16400	0.09456	0.09111	0.19171	0.02553	0.11677	0.02890	0.02193	0.02932	0.02249	0.03523	0.02029	0.01148	0.00995	0.00313	0.01248	0.07985	0.00528	0.01326
6	0.02635	0.02330	0.08475	0.09958	0.07669	0.02121	0.13748	0.03817	0.15126	0.13365	0.02880	0.03070	0.02089	0.01089	0.01011	0.00318	0.01124	0.01017	0.06732	0.01426
7	0.01727	0.01061	0.01475	0.06682	0.02064	0.01022	0.01159	0.01972	0.02048	0.10486	0.04958	0.50530	0.05567	0.02677	0.01211	0.00385	0.00680	0.02412	0.00927	0.00959
8	0.01364	0.01073	0.01288	0.06363	0.01858	0.01000	0.00990	0.01742	0.02430	0.03205	0.25884	0.07869	0.32679	0.02136	0.01131	0.00321	0.00561	0.01819	0.05383	0.00905
9	0.02200	0.08336	0.45981	0.02514	0.03785	0.02215	0.03102	0.03155	0.02183	0.08257	0.02673	0.02833	0.06264	0.01103	0.00952	0.00310	0.01307	0.00865	0.00540	0.01427
10	0.02177	0.02938	0.18840	0.20914	0.04425	0.02596	0.02754	0.07197	0.02101	0.02988	0.01676	0.02323	0.01335	0.01248	0.01736	0.00359	0.21817	0.00841	0.00482	0.01254
11	0.27927	0.02153	0.02248	0.01789	0.02516	0.02292	0.01477	0.21485	0.03075	0.21968	0.02513	0.02429	0.01717	0.01113	0.00865	0.00305	0.00906	0.00804	0.00936	0.01480
12	0.10227	0.02225	0.02257	0.01926	0.02548	0.10207	0.01564	0.08641	0.09276	0.26872	0.03414	0.04042	0.02622	0.01398	0.01004	0.00325	0.01000	0.08036	0.00981	0.01437
13	0.03173	0.02020	0.02896	0.03539	0.25177	0.04821	0.02090	0.03619	0.02499	0.25592	0.03192	0.09083	0.02600	0.01338	0.01035	0.00317	0.01011	0.03649	0.00852	0.01499
14	0.03288	0.02283	0.08211	0.05391	0.06041	0.04412	0.08906	0.06694	0.02638	0.27646	0.02975	0.03012	0.02041	0.01103	0.00972	0.00300	0.01062	0.00957	0.10606	0.01462
15	0.01883	0.01772	0.02990	0.62569	0.06866	0.02215	0.02769	0.02547	0.01993	0.02547	0.01772	0.02658	0.01329	0.00997	0.00997	0.00332	0.01329	0.00886	0.00443	0.01107
16	0.03056	0.02203	0.02552	0.02440	0.10311	0.02376	0.01717	0.33013	0.03611	0.05131	0.02565	0.02780	0.01924	0.01144	0.00910	0.00280	0.00929	0.00905	0.20691	0.01461
17	0.02234	0.01884	0.02043	0.01851	0.02339	0.02127	0.01432	0.04514	0.44531	0.04131	0.16481	0.04574	0.04503	0.01510	0.01051	0.00332	0.00716	0.01282	0.01033	0.01432
18	0.62485	0.02049	0.01678	0.01448	0.02090	0.02356	0.01193	0.10258	0.02114	0.04725	0.01528	0.01727	0.01166	0.00963	0.00670	0.00307	0.00817	0.00590	0.00670	0.01166
19	0.03251	0.02509	0.03119	0.10791	0.03682	0.02763	0.06962	0.39362	0.03907	0.05288	0.02332	0.02552	0.01688	0.01133	0.00993	0.00303	0.01140	0.00924	0.05775	0.01526
20	0.02480	0.02141	0.02254	0.02029	0.02592	0.02480	0.01578	0.05297	0.56946	0.04170	0.04057	0.03719	0.03043	0.01352	0.01014	0.00338	0.00789	0.01127	0.01014	0.01578
21	0.43511	0.10746	0.02226	0.01495	0.02188	0.02260	0.01274	0.03475	0.02065	0.19490	0.02097	0.02111	0.01494	0.01001	0.00728	0.00295	0.00834	0.00668	0.00762	0.01279
22	0.04095	0.01787	0.02318	0.01798	0.02524	0.01644	0.01477	0.11642	0.03106	0.46903	0.08726	0.03627	0.03000	0.01303	0.01018	0.00308	0.00848	0.01062	0.01188	0.01627
23	0.03724	0.04751	0.02825	0.02568	0.03082	0.60963	0.01926	0.03981	0.02825	0.02440	0.01541	0.01798	0.01284	0.01027	0.00899	0.00257	0.01798	0.00642	0.00514	0.01156
24	0.03270	0.15308	0.08252	0.01920	0.02705	0.02400	0.01757	0.16984	0.03084	0.21041	0.10392	0.03213	0.02881	0.01232	0.00946	0.00288	0.00962	0.00966	0.00913	0.01485
25	0.02426	0.21931	0.36641	0.02487	0.03653	0.10956	0.02887	0.03224	0.02183	0.02831	0.01642	0.01921	0.01270	0.00932	0.00855	0.00279	0.01405	0.00667	0.00435	0.01375
26	0.03790	0.02792	0.02992	0.02294	0.03091	0.03091	0.01895	0.55423	0.04687	0.06283	0.02393	0.02393	0.01695	0.01197	0.00997	0.00299	0.01097	0.00898	0.00997	0.01695
27	0.03790	0.02792	0.02992	0.02294	0.03091	0.03091	0.01895	0.55423	0.04687	0.06283	0.02393	0.02393	0.01695	0.01197	0.00997	0.00299	0.01097	0.00898	0.00997	0.01695
28	0.01883	0.01772	0.02990	0.62569	0.06866	0.02215	0.02769	0.02547	0.01993	0.02547	0.01772	0.02658	0.01329	0.00997	0.00997	0.00332	0.01329	0.00886	0.00443	0.01107
29	0.03790	0.02792	0.02992	0.02294	0.03091	0.03091	0.01895	0.55423	0.04687	0.06283	0.02393	0.02393	0.01695	0.01197	0.00997	0.00299	0.01097	0.00898	0.00997	0.01695
30	0.02181	0.02181	0.03053	0.02617	0.02617	0.03053	0.02181	0.02399	0.01527	0.02399	0.01309	0.02181	0.01309	0.01745	0.03272	0.00436	0.63141	0.00872	0.00436	0.01091
31	0.03984	0.02481	0.02799	0.02146	0.02936	0.02629	0.01773	0.41044	0.04166	0.21398	0.02831	0.02678	0.01915	0.01207	0.00999	0.00302	0.01026	0.00927	0.01065	0.01696
32	0.01200	0.01011	0.01040	0.01033	0.01360	0.00851	0.00775	0.01473	0.02324	0.02816	0.14646	0.09391	0.53718	0.02479	0.01178	0.00334	0.00502	0.02075	0.00942	0.00851
33	0.01411	0.01014	0.01325	0.01501	0.01651	0.00979	0.01155	0.01690	0.02044	0.02661	0.05509	0.28437	0.10703	0.11541	0.01839	0.00500	0.00770	0.23562	0.00877	0.00830
34	0.02227	0.02333	0.04889	0.03548	0.04398	0.02195	0.43973	0.02990	0.02340	0.03316	0.05334	0.03108	0.02108	0.00955	0.01105	0.00319	0.01431	0.01174	0.10997	0.01260
35	0.01593	0.01114	0.01317	0.01307	0.01430	0.01114	0.00861	0.06471	0.02070	0.02796	0.11430	0.22706	0.05098	0.32713	0.03073	0.00654	0.00799	0.01842	0.00801	0.00810
36	0.03169	0.07384	0.02254	0.01609	0.02169	0.01583	0.01310	0.06313	0.02722	0.30578	0.18306	0.04251	0.04151	0.01628	0.01290	0.06980	0.00780	0.01160	0.01033	0.01331

[dist]
# distance from previous block
# <min> <max>
0	44

[block]
# block no. 5 follows, 15 sequences, length 22
# corresponding to MSA columns:
# 452-473
name=unknown_F
#
# <colnr> <probs for GDERKNQSTAVLIFYWHMCP>
#	G	D	E	R	K	N	Q	S	T	A	V	L	I	F	Y	W	H	M	C	P
0	0.02090	0.02289	0.09296	0.12860	0.21258	0.01983	0.02358	0.02657	0.02074	0.03010	0.02106	0.07819	0.01904	0.01130	0.01101	0.00285	0.05260	0.00967	0.00536	0.19016
1	0.02010	0.01315	0.01744	0.01481	0.01955	0.01131	0.04041	0.02384	0.02439	0.13277	0.17648	0.12261	0.21394	0.01916	0.01098	0.00308	0.00663	0.01662	0.00951	0.10322
2	0.01493	0.01129	0.01477	0.01456	0.01637	0.01154	0.01121	0.01855	0.02369	0.03275	0.31361	0.11353	0.09963	0.09284	0.01841	0.00431	0.06171	0.10802	0.00930	0.00898
3	0.59734	0.02083	0.01740	0.01488	0.02137	0.02390	0.01226	0.12374	0.02235	0.04798	0.01569	0.01759	0.01190	0.00974	0.00685	0.00307	0.00830	0.00604	0.00685	0.01190
4	0.02362	0.02261	0.03856	0.16275	0.49413	0.02341	0.03007	0.02967	0.02220	0.03129	0.01857	0.02502	0.01534	0.00908	0.00989	0.00303	0.01210	0.00888	0.00484	0.01494
5	0.01237	0.00936	0.01091	0.01200	0.01354	0.00846	0.00813	0.01413	0.01975	0.02507	0.06860	0.34944	0.25540	0.12374	0.01820	0.00465	0.00610	0.02348	0.00876	0.00790
6	0.03693	0.02744	0.02937	0.02274	0.03055	0.03046	0.01871	0.51725	0.08542	0.06127	0.02516	0.02491	0.01795	0.01208	0.00999	0.00302	0.01074	0.00914	0.00999	0.01687
7	0.01407	0.00949	0.01100	0.01141	0.01152	0.00938	0.00662	0.01439	0.01532	0.02043	0.03564	0.16921	0.04158	0.53839	0.04390	0.00865	0.00897	0.01699	0.00662	0.00641
8	0.01236	0.01012	0.01090	0.01070	0.01382	0.00866	0.00803	0.01542	0.02408	0.03016	0.22009	0.09062	0.46231	0.02404	0.01178	0.00331	0.00496	0.02029	0.00968	0.00866
9	0.02665	0.65565	0.05224	0.01706	0.02559	0.03945	0.01706	0.02985	0.02026	0.02345	0.01386	0.01599	0.01279	0.00853	0.00640	0.00213	0.01066	0.00533	0.00426	0.01279
10	0.01215	0.00868	0.01157	0.01388	0.01446	0.00810	0.00925	0.01388	0.01909	0.02545	0.05495	0.64315	0.06593	0.03123	0.01272	0.00405	0.00578	0.02834	0.00925	0.00810
11	0.04473	0.01697	0.02313	0.01774	0.02545	0.01465	0.01465	0.04858	0.02853	0.59437	0.03933	0.03393	0.02468	0.01234	0.01003	0.00308	0.00848	0.01003	0.01234	0.01697
12	0.72007	0.01928	0.01465	0.01311	0.01928	0.02236	0.01080	0.02930	0.01697	0.04473	0.01388	0.01619	0.01080	0.00925	0.00617	0.00308	0.00771	0.00540	0.00617	0.01080
13	0.03790	0.02792	0.02992	0.02294	0.03091	0.03091	0.01895	0.55423	0.04687	0.06283	0.02393	0.02393	0.01695	0.01197	0.00997	0.00299	0.01097	0.00898	0.00997	0.01695
14	0.01999	0.05157	0.59800	0.02841	0.04315	0.02315	0.03683	0.03157	0.02105	0.03157	0.01789	0.02105	0.01263	0.00947	0.00947	0.00316	0.01473	0.00737	0.00421	0.01473
15	0.01883	0.01772	0.02990	0.62569	0.06866	0.02215	0.02769	0.02547	0.01993	0.02547	0.01772	0.02658	0.01329	0.00997	0.00997	0.00332	0.01329	0.00886	0.00443	0.01107
16	0.72007	0.01928	0.01465	0.01311	0.01928	0.02236	0.01080	0.02930	0.01697	0.04473	0.01388	0.01619	0.01080	0.00925	0.00617	0.00308	0.00771	0.00540	0.00617	0.01080
17	0.04473	0.01697	0.02313	0.01774	0.02545	0.01465	0.01465	0.04858	0.02853	0.59437	0.03933	0.03393	0.02468	0.01234	0.01003	0.00308	0.00848	0.01003	0.01234	0.01697
18	0.02665	0.65565	0.05224	0.01706	0.02559	0.03945	0.01706	0.02985	0.02026	0.02345	0.01386	0.01599	0.01279	0.00853	0.00640	0.00213	0.01066	0.00533	0.00426	0.01279
19	0.02372	0.02075	0.02387	0.12920	0.03361	0.02432	0.01792	0.04802	0.47059	0.03878	0.03646	0.03528	0.02735	0.01288	0.01011	0.00337	0.00886	0.01084	0.00912	0.01493
20	0.14427	0.07099	0.01855	0.01476	0.01806	0.01795	0.01118	0.02613	0.11379	0.02916	0.02715	0.04064	0.02576	0.22298	0.17013	0.00828	0.01331	0.01053	0.00646	0.00992
21	0.02602	0.48621	0.05070	0.02721	0.12902	0.03535	0.06685	0.03017	0.02099	0.02585	0.01530	0.01852	0.01354	0.00858	0.00750	0.00239	0.01142	0.00654	0.00445	0.01339

[dist]
# distance from previous block
# <min> <max>
0	1

[block]
# block no. 6 follows, 15 sequences, length 28
# corresponding to MSA columns:
# 475-502
name=unknown_G
#
# <colnr> <probs for GDERKNQSTAVLIFYWHMCP>
#	G	D	E	R	K	N	Q	S	T	A	V	L	I	F	Y	W	H	M	C	P
0	0.03312	0.04037	0.02578	0.02348	0.02828	0.48136	0.01766	0.03807	0.07243	0.02790	0.09351	0.02712	0.02517	0.01189	0.00945	0.00271	0.01537	0.00837	0.00633	0.01161
1	0.03110	0.39989	0.04215	0.02068	0.02779	0.27925	0.01798	0.03404	0.02362	0.02385	0.01451	0.01683	0.01281	0.00926	0.00749	0.00232	0.01374	0.00579	0.00463	0.01227
2	0.11397	0.01901	0.02977	0.44113	0.15612	0.02246	0.02595	0.02691	0.02004	0.02934	0.01739	0.02484	0.01341	0.00967	0.00944	0.00322	0.01228	0.00840	0.00475	0.01189
3	0.02368	0.02646	0.05636	0.04459	0.12393	0.02501	0.48141	0.03175	0.02342	0.03202	0.01998	0.02659	0.01522	0.00847	0.01151	0.00331	0.01614	0.01138	0.00503	0.01376
4	0.02305	0.01990	0.02087	0.01892	0.02425	0.02260	0.01468	0.04779	0.49611	0.03972	0.04868	0.04508	0.10462	0.01510	0.01036	0.00338	0.00751	0.01258	0.01002	0.01479
5	0.01883	0.01772	0.02990	0.62569	0.06866	0.02215	0.02769	0.02547	0.01993	0.02547	0.01772	0.02658	0.01329	0.00997	0.00997	0.00332	0.01329	0.00886	0.00443	0.01107
6	0.01661	0.01219	0.01905	0.01789	0.02079	0.01124	0.08277	0.01974	0.02120	0.07329	0.05426	0.40283	0.11615	0.02562	0.01235	0.00384	0.00767	0.06390	0.00893	0.00966
7	0.01999	0.05157	0.59800	0.02841	0.04315	0.02315	0.03683	0.03157	0.02105	0.03157	0.01789	0.02105	0.01263	0.00947	0.00947	0.00316	0.01473	0.00737	0.00421	0.01473
8	0.72007	0.01928	0.01465	0.01311	0.01928	0.02236	0.01080	0.02930	0.01697	0.04473	0.01388	0.01619	0.01080	0.00925	0.00617	0.00308	0.00771	0.00540	0.00617	0.01080
9	0.04473	0.01697	0.02313	0.01774	0.02545	0.01465	0.01465	0.04858	0.02853	0.59437	0.03933	0.03393	0.02468	0.01234	0.01003	0.00308	0.00848	0.01003	0.01234	0.01697
10	0.02028	0.04955	0.55401	0.02952	0.04388	0.02332	0.07880	0.03160	0.02125	0.03160	0.01808	0.02152	0.01283	0.00938	0.00966	0.00317	0.01490	0.00773	0.00428	0.01463
11	0.01178	0.01010	0.01010	0.01010	0.01347	0.00842	0.00757	0.01431	0.02272	0.02693	0.10099	0.09594	0.58342	0.02525	0.01178	0.00337	0.00505	0.02104	0.00926	0.00842
12	0.03724	0.04751	0.02825	0.02568	0.03082	0.60963	0.01926	0.03981	0.02825	0.02440	0.01541	0.01798	0.01284	0.01027	0.00899	0.00257	0.01798	0.00642	0.00514	0.01156
13	0.02467	0.02369	0.04046	0.06119	0.58747	0.02369	0.03059	0.03059	0.02270	0.03257	0.01875	0.02467	0.01579	0.00888	0.00987	0.00296	0.01184	0.00888	0.00493	0.01579
14	0.03790	0.02792	0.02992	0.02294	0.03091	0.03091	0.01895	0.55423	0.04687	0.06283	0.02393	0.02393	0.01695	0.01197	0.00997	0.00299	0.01097	0.00898	0.00997	0.01695
15	0.01215	0.00868	0.01157	0.01388	0.01446	0.00810	0.00925	0.01388	0.01909	0.02545	0.05495	0.64315	0.06593	0.03123	0.01272	0.00405	0.00578	0.02834	0.00925	0.00810
16	0.01215	0.00868	0.01157	0.01388	0.01446	0.00810	0.00925	0.01388	0.01909	0.02545	0.05495	0.64315	0.06593	0.03123	0.01272	0.00405	0.00578	0.02834	0.00925	0.00810
17	0.04473	0.01697	0.02313	0.01774	0.02545	0.01465	0.01465	0.04858	0.02853	0.59437	0.03933	0.03393	0.02468	0.01234	0.01003	0.00308	0.00848	0.01003	0.01234	0.01697
18	0.01215	0.00868	0.01157	0.01388	0.01446	0.00810	0.00925	0.01388	0.01909	0.02545	0.05495	0.64315	0.06593	0.03123	0.01272	0.00405	0.00578	0.02834	0.00925	0.00810
19	0.02467	0.02369	0.04046	0.06119	0.58747	0.02369	0.03059	0.03059	0.02270	0.03257	0.01875	0.02467	0.01579	0.00888	0.00987	0.00296	0.01184	0.00888	0.00493	0.01579
20	0.01999	0.05157	0.59800	0.02841	0.04315	0.02315	0.03683	0.03157	0.02105	0.03157	0.01789	0.02105	0.01263	0.00947	0.00947	0.00316	0.01473	0.00737	0.00421	0.01473
21	0.01858	0.00929	0.00929	0.00929	0.01161	0.00929	0.00697	0.02323	0.02091	0.03717	0.03252	0.03717	0.02555	0.01161	0.00697	0.00232	0.00465	0.00929	0.70499	0.00929
22	0.01178	0.01010	0.01010	0.01010	0.01347	0.00842	0.00757	0.01431	0.02272	0.02693	0.10099	0.09594	0.58342	0.02525	0.01178	0.00337	0.00505	0.02104	0.00926	0.00842
23	0.01883	0.01772	0.02990	0.62569	0.06866	0.02215	0.02769	0.02547	0.01993	0.02547	0.01772	0.02658	0.01329	0.00997	0.00997	0.00332	0.01329	0.00886	0.00443	0.01107
24	0.04473	0.01697	0.02313	0.01774	0.02545	0.01465	0.01465	0.04858	0.02853	0.59437	0.03933	0.03393	0.02468	0.01234	0.01003	0.00308	0.00848	0.01003	0.01234	0.01697
25	0.01215	0.00868	0.01157	0.01388	0.01446	0.00810	0.00925	0.01388	0.01909	0.02545	0.05495	0.64315	0.06593	0.03123	0.01272	0.00405	0.00578	0.02834	0.00925	0.00810
26	0.02816	0.57143	0.04924	0.01785	0.02630	0.03830	0.01731	0.10020	0.02383	0.02874	0.01521	0.01706	0.01335	0.00899	0.00688	0.00225	0.01070	0.00582	0.00503	0.01335
27	0.09357	0.02393	0.02640	0.02078	0.02819	0.02565	0.01722	0.37402	0.03915	0.16760	0.02810	0.03102	0.02062	0.01282	0.00992	0.00312	0.01008	0.04174	0.01009	0.01595

[dist]
# distance from previous block
# <min> <max>
0	22

[block]
# block no. 7 follows, 15 sequences, length 23
# corresponding to MSA columns:
# 525-547
name=unknown_H
#
# <colnr> <probs for GDERKNQSTAVLIFYWHMCP>
#	G	D	E	R	K	N	Q	S	T	A	V	L	I	F	Y	W	H	M	C	P
0	0.20834	0.43866	0.04062	0.01651	0.02438	0.03430	0.01558	0.07239	0.02156	0.03220	0.01468	0.01669	0.01261	0.00900	0.00663	0.00245	0.00992	0.00564	0.00523	0.01261
1	0.04186	0.10029	0.02742	0.01805	0.02589	0.01911	0.01530	0.08529	0.02888	0.47952	0.03485	0.03084	0.02254	0.01182	0.00955	0.00295	0.00896	0.00934	0.01111	0.01643
2	0.02257	0.02186	0.03125	0.42095	0.05687	0.06873	0.06767	0.06423	0.08816	0.03024	0.02086	0.02704	0.01568	0.01042	0.01006	0.00325	0.01315	0.00920	0.00557	0.01224
3	0.02181	0.02181	0.03053	0.02617	0.02617	0.03053	0.02181	0.02399	0.01527	0.02399	0.01309	0.02181	0.01309	0.01745	0.03272	0.00436	0.63141	0.00872	0.00436	0.01091
4	0.01367	0.01017	0.01271	0.01208	0.01462	0.00922	0.00906	0.01796	0.02717	0.03749	0.49065	0.07855	0.18717	0.02131	0.01176	0.00318	0.00477	0.01860	0.01065	0.00922
5	0.02067	0.01772	0.02067	0.01477	0.02362	0.01329	0.01181	0.02510	0.02067	0.03248	0.01772	0.02067	0.01477	0.00738	0.00738	0.00148	0.00738	0.00591	0.00591	0.71059
6	0.01450	0.00966	0.01087	0.01087	0.01087	0.00966	0.00604	0.01450	0.01450	0.01933	0.03141	0.06524	0.03624	0.64965	0.05074	0.00966	0.00966	0.01450	0.00604	0.00604
7	0.01883	0.01772	0.02990	0.62569	0.06866	0.02215	0.02769	0.02547	0.01993	0.02547	0.01772	0.02658	0.01329	0.00997	0.00997	0.00332	0.01329	0.00886	0.00443	0.01107
8	0.72007	0.01928	0.01465	0.01311	0.01928	0.02236	0.01080	0.02930	0.01697	0.04473	0.01388	0.01619	0.01080	0.00925	0.00617	0.00308	0.00771	0.00540	0.00617	0.01080
9	0.03790	0.02792	0.02992	0.02294	0.03091	0.03091	0.01895	0.55423	0.04687	0.06283	0.02393	0.02393	0.01695	0.01197	0.00997	0.00299	0.01097	0.00898	0.00997	0.01695
