[name]
unknown

[dist]
# distance from previous block
# <min> <max>
0	0

[block]
# block no. 0 follows, 11 sequences, length 62
# corresponding to MSA columns:
# 0-61
name=unknown_A
#
# <colnr> <probs for GDERKNQSTAVLIFYWHMCP>
#	G	D	E	R	K	N	Q	S	T	A	V	L	I	F	Y	W	H	M	C	P
0	0.01814	0.01296	0.01814	0.02073	0.02332	0.01296	0.01814	0.02332	0.02591	0.03368	0.05959	0.12696	0.06478	0.03109	0.01555	0.00518	0.01036	0.45848	0.01036	0.01036
1	0.02716	0.02603	0.04442	0.12297	0.48582	0.02656	0.03419	0.03393	0.02530	0.03592	0.02105	0.02808	0.01753	0.01016	0.01115	0.00339	0.01354	0.01003	0.00551	0.01726
2	0.01517	0.01148	0.01399	0.01336	0.01635	0.01030	0.01002	0.01977	0.03006	0.04087	0.40829	0.09110	0.22887	0.02460	0.01328	0.00362	0.00542	0.02134	0.01183	0.01030
3	0.02786	0.02674	0.04568	0.06908	0.53424	0.02674	0.03454	0.03454	0.02563	0.03677	0.02117	0.02786	0.01783	0.01003	0.01114	0.00334	0.01337	0.01003	0.00557	0.01783
4	0.02493	0.01632	0.01977	0.01758	0.02226	0.01648	0.01361	0.03756	0.16783	0.12617	0.31388	0.06480	0.07325	0.01936	0.01244	0.00361	0.00702	0.01674	0.01238	0.01403
5	0.01330	0.01140	0.01140	0.01140	0.01520	0.00950	0.00855	0.01615	0.02565	0.03041	0.11402	0.10832	0.52967	0.02850	0.01330	0.00380	0.00570	0.02375	0.01045	0.00950
6	0.04245	0.04142	0.03294	0.02728	0.03486	0.26944	0.02155	0.29464	0.04352	0.05153	0.02272	0.02401	0.01706	0.01266	0.01076	0.00316	0.01592	0.00884	0.00882	0.01642
7	0.02126	0.02001	0.03376	0.57739	0.07752	0.02501	0.03126	0.02876	0.02251	0.02876	0.02001	0.03001	0.01500	0.01125	0.01125	0.00375	0.01500	0.01000	0.00500	0.01250
8	0.02873	0.02144	0.02360	0.01942	0.02547	0.02246	0.01554	0.25657	0.04104	0.05489	0.19274	0.06076	0.15117	0.01943	0.01228	0.00351	0.00891	0.01598	0.01142	0.01462
9	0.02540	0.05426	0.49347	0.03086	0.04669	0.02517	0.03905	0.03759	0.02462	0.08693	0.02265	0.02524	0.01564	0.01102	0.01076	0.00356	0.01592	0.00862	0.00568	0.01689
10	0.02462	0.05552	0.49424	0.03145	0.04732	0.02703	0.03954	0.08234	0.02672	0.03922	0.02089	0.02409	0.01475	0.01098	0.01075	0.00355	0.01620	0.00850	0.00541	0.01689
11	0.07986	0.31146	0.18872	0.02270	0.03397	0.03320	0.02462	0.03774	0.02441	0.11704	0.02175	0.02308	0.01647	0.01071	0.00887	0.00300	0.01268	0.00756	0.00648	0.01569
12	0.01740	0.01153	0.01549	0.01549	0.01745	0.01280	0.01168	0.02132	0.01936	0.02983	0.03243	0.04671	0.02966	0.12014	0.36233	0.01328	0.02160	0.01210	0.17960	0.00983
13	0.02800	0.02418	0.02545	0.02291	0.02927	0.02800	0.01782	0.05981	0.51390	0.04708	0.04581	0.04199	0.03436	0.01527	0.01145	0.00382	0.00891	0.01273	0.01145	0.01782
14	0.02195	0.02071	0.03501	0.52417	0.12534	0.02519	0.03160	0.02936	0.02283	0.02960	0.02013	0.02978	0.01530	0.01112	0.01124	0.00371	0.01483	0.01001	0.00506	0.01306
15	0.02305	0.05526	0.50080	0.03128	0.04702	0.02630	0.03952	0.03775	0.06644	0.03664	0.02243	0.02535	0.01601	0.01109	0.01076	0.00359	0.01596	0.00870	0.00534	0.01674
16	0.02190	0.01859	0.02839	0.41001	0.06003	0.02250	0.02533	0.03149	0.07368	0.03322	0.02592	0.03357	0.01969	0.01203	0.01062	0.00354	0.01248	0.01038	0.13397	0.01266
17	0.03534	0.02685	0.03948	0.04997	0.32274	0.02735	0.02825	0.16126	0.03394	0.12384	0.02632	0.02925	0.01973	0.01156	0.01120	0.00337	0.01252	0.01026	0.00838	0.01838
18	0.03464	0.02914	0.04682	0.03470	0.04446	0.02968	0.23169	0.20555	0.08818	0.09417	0.02864	0.03109	0.02060	0.01193	0.01219	0.00362	0.01472	0.01192	0.00902	0.01723
19	0.02931	0.55387	0.10950	0.02059	0.03094	0.04263	0.02157	0.03390	0.02296	0.02743	0.01612	0.01865	0.01442	0.00974	0.00758	0.00253	0.01251	0.00626	0.00481	0.01467
20	0.02589	0.01329	0.01779	0.01650	0.02034	0.01194	0.01240	0.02974	0.02839	0.19363	0.21630	0.24795	0.07087	0.02445	0.01305	0.00388	0.00706	0.02159	0.01219	0.01276
21	0.01960	0.01857	0.03314	0.11578	0.09075	0.01841	0.13938	0.02493	0.02383	0.03162	0.04662	0.25433	0.09188	0.02162	0.01316	0.00404	0.01165	0.02066	0.00788	0.01215
22	0.02649	0.02535	0.04322	0.17410	0.43988	0.02638	0.03386	0.03335	0.02498	0.03512	0.02093	0.02830	0.01724	0.01028	0.01117	0.00343	0.01371	0.01002	0.00545	0.01673
23	0.01566	0.01149	0.01467	0.01387	0.01665	0.01050	0.01041	0.02071	0.03122	0.04361	0.48534	0.08659	0.15012	0.02358	0.01328	0.00357	0.00535	0.02071	0.01219	0.01050
24	0.02492	0.02551	0.03941	0.03231	0.03407	0.03354	0.09709	0.02847	0.01868	0.02847	0.01601	0.02551	0.01513	0.01812	0.03328	0.00475	0.49652	0.01038	0.00504	0.01276
25	0.02192	0.02069	0.03497	0.52592	0.12377	0.02518	0.03159	0.02934	0.02282	0.02957	0.02012	0.02979	0.01529	0.01113	0.01124	0.00371	0.01484	0.01001	0.00506	0.01304
26	0.04204	0.05364	0.03190	0.02900	0.03480	0.55926	0.02175	0.04494	0.03190	0.02755	0.01740	0.02030	0.01450	0.01160	0.01015	0.00290	0.02030	0.00725	0.00580	0.01305
27	0.01436	0.01026	0.01376	0.01569	0.01648	0.01009	0.01063	0.01643	0.02047	0.02761	0.05432	0.45682	0.06377	0.10245	0.10319	0.00732	0.01064	0.02728	0.00939	0.00904
28	0.03214	0.55166	0.05567	0.01934	0.02887	0.04172	0.01899	0.03583	0.02381	0.07834	0.01854	0.02009	0.01579	0.01006	0.00763	0.00252	0.01179	0.00655	0.00573	0.01492
29	0.02334	0.02001	0.02334	0.01667	0.02667	0.01500	0.01334	0.02834	0.02334	0.03668	0.02001	0.02334	0.01667	0.00834	0.00834	0.00167	0.00834	0.00667	0.00667	0.67325
30	0.03451	0.03047	0.13355	0.08105	0.03713	0.07655	0.02323	0.07647	0.02944	0.21324	0.03538	0.11804	0.02882	0.01600	0.01153	0.00363	0.01247	0.01324	0.00950	0.01576
31	0.01367	0.00996	0.01289	0.01522	0.01621	0.00918	0.01025	0.01572	0.02198	0.02891	0.06748	0.54593	0.12210	0.03455	0.01425	0.00449	0.00644	0.03113	0.01045	0.00918
32	0.02328	0.02279	0.03419	0.24766	0.04865	0.03070	0.02727	0.02775	0.01933	0.02775	0.01686	0.02677	0.01487	0.01634	0.02671	0.00446	0.35738	0.00991	0.00496	0.01239
33	0.02393	0.02191	0.03126	0.02233	0.03258	0.01748	0.10155	0.02976	0.02393	0.03656	0.02051	0.02463	0.01675	0.00855	0.00924	0.00206	0.01029	0.00788	0.00649	0.55231
34	0.01648	0.01136	0.01422	0.01545	0.01636	0.01126	0.01092	0.01841	0.02018	0.02663	0.04729	0.17569	0.05380	0.33356	0.03732	0.00810	0.01003	0.15611	0.00851	0.00830
35	0.08992	0.04516	0.34401	0.03149	0.04340	0.02789	0.08327	0.03379	0.02235	0.03554	0.01898	0.02408	0.01445	0.01227	0.01562	0.00384	0.12472	0.00891	0.00511	0.01521
36	0.02523	0.02406	0.04094	0.27146	0.35241	0.02605	0.03323	0.03224	0.02439	0.03358	0.02071	0.02871	0.01670	0.01052	0.01119	0.00351	0.01402	0.01002	0.00534	0.01571
37	0.05050	0.01915	0.02612	0.02003	0.02873	0.01654	0.01654	0.05485	0.03221	0.54203	0.04440	0.03831	0.02786	0.01393	0.01132	0.00348	0.00958	0.01132	0.01393	0.01915
38	0.02610	0.02401	0.03424	0.04193	0.23239	0.02692	0.02511	0.03967	0.17623	0.03904	0.07900	0.03734	0.03135	0.01475	0.01620	0.00380	0.11601	0.01188	0.00797	0.01608
39	0.02257	0.05822	0.54613	0.03208	0.04871	0.02614	0.04158	0.03564	0.02376	0.03564	0.02020	0.02376	0.01426	0.01069	0.01069	0.00356	0.01663	0.00832	0.00475	0.01663
40	0.01608	0.01206	0.01809	0.01809	0.02010	0.01407	0.01407	0.02010	0.01809	0.02613	0.03015	0.04422	0.02814	0.08441	0.55984	0.01809	0.03015	0.01206	0.00603	0.01005
41	0.02794	0.02520	0.03351	0.04129	0.23031	0.02750	0.02447	0.04975	0.31951	0.04298	0.03600	0.03636	0.02778	0.01318	0.01133	0.00363	0.01068	0.01165	0.00911	0.01782
42	0.02126	0.02001	0.03376	0.57739	0.07752	0.02501	0.03126	0.02876	0.02251	0.02876	0.02001	0.03001	0.01500	0.01125	0.01125	0.00375	0.01500	0.01000	0.00500	0.01250
43	0.05050	0.01915	0.02612	0.02003	0.02873	0.01654	0.01654	0.05485	0.03221	0.54203	0.04440	0.03831	0.02786	0.01393	0.01132	0.00348	0.00958	0.01132	0.01393	0.01915
44	0.01371	0.00979	0.01306	0.01567	0.01632	0.00914	0.01045	0.01567	0.02155	0.02873	0.06203	0.59710	0.07444	0.03526	0.01437	0.00457	0.00653	0.03200	0.01045	0.00914
45	0.04204	0.05364	0.03190	0.02900	0.03480	0.55926	0.02175	0.04494	0.03190	0.02755	0.01740	0.02030	0.01450	0.01160	0.01015	0.00290	0.02030	0.00725	0.00580	0.01305
46	0.05050	0.01915	0.02612	0.02003	0.02873	0.01654	0.01654	0.05485	0.03221	0.54203	0.04440	0.03831	0.02786	0.01393	0.01132	0.00348	0.00958	0.01132	0.01393	0.01915
47	0.03920	0.01870	0.02384	0.01948	0.02653	0.01773	0.01565	0.04935	0.13055	0.34460	0.13848	0.04793	0.04437	0.01596	0.01173	0.00356	0.00861	0.01336	0.01313	0.01723
48	0.02786	0.02674	0.04568	0.06908	0.53424	0.02674	0.03454	0.03454	0.02563	0.03677	0.02117	0.02786	0.01783	0.01003	0.01114	0.00334	0.01337	0.01003	0.00557	0.01783
49	0.01371	0.00979	0.01306	0.01567	0.01632	0.00914	0.01045	0.01567	0.02155	0.02873	0.06203	0.59710	0.07444	0.03526	0.01437	0.00457	0.00653	0.03200	0.01045	0.00914
50	0.02870	0.50903	0.14900	0.02163	0.03255	0.04114	0.02338	0.03406	0.02303	0.02817	0.01649	0.01911	0.01441	0.00983	0.00786	0.00262	0.01289	0.00644	0.00480	0.01485
51	0.02388	0.02269	0.03851	0.37502	0.25935	0.02570	0.03257	0.03106	0.02375	0.03195	0.02047	0.02915	0.01613	0.01077	0.01121	0.00359	0.01435	0.01001	0.00523	0.01462
52	0.01612	0.01244	0.01484	0.01434	0.01745	0.01173	0.01070	0.02282	0.07168	0.04006	0.33791	0.13133	0.20693	0.02482	0.01322	0.00372	0.00583	0.02158	0.01164	0.01083
53	0.01637	0.01091	0.01228	0.01228	0.01228	0.01091	0.00682	0.01637	0.01637	0.02182	0.03546	0.07365	0.04092	0.60445	0.05729	0.01091	0.01091	0.01637	0.00682	0.00682
54	0.05050	0.01915	0.02612	0.02003	0.02873	0.01654	0.01654	0.05485	0.03221	0.54203	0.04440	0.03831	0.02786	0.01393	0.01132	0.00348	0.00958	0.01132	0.01393	0.01915
55	0.02728	0.02616	0.04465	0.11334	0.49447	0.02659	0.03426	0.03404	0.02536	0.03607	0.02107	0.02804	0.01758	0.01014	0.01115	0.00338	0.01351	0.01003	0.00552	0.01736
56	0.02334	0.02001	0.02334	0.01667	0.02667	0.01500	0.01334	0.02834	0.02334	0.03668	0.02001	0.02334	0.01667	0.00834	0.00834	0.00167	0.00834	0.00667	0.00667	0.67325
57	0.01609	0.01079	0.01236	0.01264	0.01271	0.01072	0.00720	0.01629	0.01692	0.02256	0.03828	0.12915	0.04447	0.54411	0.05274	0.01024	0.01045	0.01802	0.00720	0.00707
58	0.01829	0.01144	0.01385	0.01421	0.01698	0.01028	0.01028	0.02143	0.02508	0.08395	0.12170	0.29135	0.19654	0.02762	0.01297	0.00393	0.00634	0.02413	0.07909	0.01055
59	0.30191	0.02145	0.02308	0.01854	0.02658	0.02187	0.01530	0.09093	0.02911	0.29863	0.03120	0.02919	0.02074	0.01250	0.00958	0.00347	0.00952	0.00912	0.01089	0.01638
60	0.04494	0.02246	0.03506	0.02616	0.03544	0.02048	0.11544	0.08635	0.03271	0.39977	0.03854	0.03576	0.02493	0.01298	0.01172	0.00354	0.01174	0.01163	0.01201	0.01833
61	0.01543	0.01065	0.01320	0.01456	0.01509	0.01037	0.00949	0.01677	0.01951	0.02593	0.04908	0.29953	0.05744	0.30699	0.03501	0.00766	0.00901	0.06742	0.00870	0.00815

[dist]
# distance from previous block
# <min> <max>
0	1

[block]
# block no. 1 follows, 11 sequences, length 81
# corresponding to MSA columns:
# 63-143
name=unknown_B
#
# <colnr> <probs for GDERKNQSTAVLIFYWHMCP>
#	G	D	E	R	K	N	Q	S	T	A	V	L	I	F	Y	W	H	M	C	P
0	0.31407	0.02110	0.02052	0.01633	0.02472	0.02052	0.01318	0.03287	0.05965	0.04356	0.02011	0.02257	0.01608	0.00980	0.00798	0.00263	0.00854	0.00689	0.00717	0.33171
1	0.02462	0.02462	0.03447	0.02955	0.02955	0.03447	0.02462	0.02709	0.01724	0.02709	0.01477	0.02462	0.01477	0.01970	0.03694	0.00492	0.58385	0.00985	0.00492	0.01231
2	0.03632	0.25585	0.08456	0.02275	0.03200	0.08956	0.02103	0.10249	0.07439	0.13892	0.02625	0.02621	0.01956	0.01182	0.00957	0.00303	0.01258	0.00856	0.00820	0.01635
3	0.03009	0.61122	0.05898	0.01926	0.02889	0.04454	0.01926	0.03370	0.02287	0.02648	0.01565	0.01805	0.01444	0.00963	0.00722	0.00241	0.01204	0.00602	0.00481	0.01444
4	0.68395	0.02177	0.01654	0.01480	0.02177	0.02525	0.01219	0.03309	0.01915	0.05050	0.01567	0.01828	0.01219	0.01045	0.00697	0.00348	0.00871	0.00609	0.00697	0.01219
5	0.01449	0.01145	0.01304	0.01264	0.01593	0.01001	0.00948	0.01844	0.02845	0.03704	0.30051	0.09741	0.33904	0.02603	0.01329	0.00368	0.00552	0.02222	0.01132	0.01001
6	0.02324	0.01939	0.02133	0.02050	0.02496	0.02172	0.01536	0.04512	0.35010	0.04098	0.05121	0.22667	0.04769	0.02192	0.01242	0.00407	0.00812	0.01914	0.01112	0.01493
7	0.02869	0.01624	0.01737	0.01497	0.01963	0.01682	0.01183	0.14070	0.03132	0.09141	0.03506	0.03809	0.02645	0.01328	0.00897	0.00288	0.00731	0.01048	0.45523	0.01329
8	0.01460	0.01043	0.01408	0.01669	0.01773	0.00991	0.01200	0.01721	0.02243	0.02973	0.06154	0.50241	0.07249	0.03442	0.01460	0.00469	0.00730	0.11789	0.01043	0.00939
9	0.04799	0.01842	0.02479	0.01921	0.02740	0.01603	0.01580	0.05242	0.03148	0.49948	0.04375	0.03862	0.02795	0.01386	0.01102	0.00341	0.00921	0.01125	0.06950	0.01842
10	0.02416	0.02297	0.03900	0.35397	0.27826	0.02577	0.03270	0.03130	0.02388	0.03228	0.02052	0.02906	0.01625	0.01071	0.01120	0.00357	0.01429	0.01001	0.00525	0.01484
11	0.04234	0.04481	0.03265	0.02776	0.03484	0.34994	0.02161	0.22528	0.04029	0.04487	0.02124	0.02298	0.01635	0.01236	0.01059	0.00309	0.01714	0.00840	0.00798	0.01548
12	0.02395	0.02055	0.02362	0.01749	0.02701	0.01671	0.01392	0.03247	0.08774	0.03804	0.02339	0.02579	0.01899	0.00925	0.00874	0.00195	0.00841	0.00746	0.00730	0.58720
13	0.03107	0.02422	0.03867	0.12347	0.20166	0.02501	0.08736	0.04301	0.12770	0.13463	0.03077	0.03344	0.02266	0.01198	0.01154	0.00359	0.01270	0.01126	0.00833	0.01693
14	0.02770	0.02536	0.02822	0.15674	0.03979	0.09483	0.02131	0.12506	0.07188	0.04003	0.07711	0.11255	0.03436	0.01746	0.01450	0.00379	0.07333	0.01393	0.00837	0.01370
15	0.01399	0.01017	0.01319	0.01510	0.01630	0.00938	0.01031	0.01649	0.02333	0.03115	0.13125	0.48421	0.11759	0.03298	0.01412	0.00436	0.00629	0.02968	0.01072	0.00938
16	0.03743	0.04181	0.03261	0.03270	0.09926	0.32632	0.02260	0.09484	0.13040	0.03733	0.02464	0.02638	0.01943	0.01234	0.01066	0.00319	0.01625	0.00903	0.00749	0.01529
17	0.09298	0.03177	0.13549	0.02626	0.03566	0.02656	0.08416	0.20550	0.03545	0.05190	0.07845	0.03342	0.02741	0.01310	0.01091	0.00343	0.01235	0.01092	0.06855	0.01575
18	0.01444	0.01075	0.01357	0.01522	0.01704	0.00988	0.01105	0.01738	0.02414	0.03151	0.12318	0.37105	0.17857	0.03189	0.01417	0.00437	0.00672	0.08490	0.01065	0.00954
19	0.02300	0.01265	0.01687	0.01602	0.01935	0.01145	0.01190	0.02693	0.02835	0.15213	0.25642	0.25208	0.07739	0.02521	0.01321	0.00389	0.00670	0.02235	0.01206	0.01204
20	0.04459	0.02863	0.03198	0.02452	0.03346	0.03060	0.02026	0.39310	0.04806	0.18140	0.03110	0.02967	0.02119	0.01361	0.01127	0.00340	0.01173	0.01041	0.01189	0.01914
21	0.68395	0.02177	0.01654	0.01480	0.02177	0.02525	0.01219	0.03309	0.01915	0.05050	0.01567	0.01828	0.01219	0.01045	0.00697	0.00348	0.00871	0.00609	0.00697	0.01219
22	0.03993	0.07928	0.02767	0.01936	0.02689	0.02203	0.01608	0.11368	0.07660	0.28497	0.03768	0.03559	0.02599	0.01341	0.01029	0.00323	0.00940	0.01059	0.13034	0.01699
23	0.05050	0.01915	0.02612	0.02003	0.02873	0.01654	0.01654	0.05485	0.03221	0.54203	0.04440	0.03831	0.02786	0.01393	0.01132	0.00348	0.00958	0.01132	0.01393	0.01915
24	0.03136	0.55306	0.05645	0.01992	0.02949	0.04357	0.01947	0.08015	0.02588	0.03094	0.01679	0.01895	0.01492	0.01002	0.00763	0.00250	0.01207	0.00643	0.00546	0.01492
25	0.68395	0.02177	0.01654	0.01480	0.02177	0.02525	0.01219	0.03309	0.01915	0.05050	0.01567	0.01828	0.01219	0.01045	0.00697	0.00348	0.00871	0.00609	0.00697	0.01219
26	0.02572	0.17251	0.34325	0.02625	0.03944	0.02779	0.03137	0.03499	0.02447	0.07621	0.03022	0.03182	0.06469	0.01244	0.01023	0.00332	0.01397	0.00954	0.00609	0.01568
27	0.01416	0.01144	0.01259	0.01230	0.01573	0.00987	0.00923	0.01781	0.02768	0.03521	0.24906	0.10042	0.39163	0.02671	0.01329	0.00372	0.00557	0.02265	0.01108	0.00987
28	0.02189	0.02065	0.03490	0.52884	0.12115	0.02517	0.03157	0.02931	0.02280	0.02952	0.02012	0.02980	0.01527	0.01114	0.01124	0.00371	0.01485	0.01000	0.00506	0.01301
29	0.01409	0.01071	0.01298	0.01394	0.01607	0.00960	0.00987	0.01712	0.02528	0.03309	0.18724	0.31933	0.22949	0.03022	0.01377	0.00408	0.00598	0.02662	0.01090	0.00960
30	0.01955	0.00978	0.01466	0.01466	0.01466	0.00978	0.00978	0.01466	0.01466	0.01955	0.01955	0.03421	0.01955	0.03910	0.04399	0.67253	0.00978	0.00978	0.00489	0.00489
31	0.03009	0.61122	0.05898	0.01926	0.02889	0.04454	0.01926	0.03370	0.02287	0.02648	0.01565	0.01805	0.01444	0.00963	0.00722	0.00241	0.01204	0.00602	0.00481	0.01444
32	0.01623	0.01150	0.01395	0.01375	0.01666	0.01060	0.01059	0.02096	0.02872	0.04013	0.31918	0.08866	0.18821	0.02383	0.01281	0.00365	0.00593	0.06665	0.09766	0.01032
33	0.02862	0.02030	0.02405	0.01793	0.02731	0.01666	0.01438	0.03637	0.07732	0.12675	0.02706	0.02797	0.02053	0.01006	0.00919	0.00222	0.00862	0.00813	0.00846	0.48808
34	0.10188	0.02662	0.03529	0.06579	0.03885	0.02787	0.09236	0.24226	0.03851	0.17412	0.02898	0.02963	0.01997	0.01254	0.01117	0.00350	0.01255	0.01051	0.01020	0.01740
35	0.02274	0.02388	0.07186	0.31601	0.21842	0.02405	0.03096	0.02981	0.02352	0.03186	0.02465	0.08619	0.02188	0.01324	0.01149	0.00369	0.01373	0.01211	0.00572	0.01419
36	0.02345	0.02225	0.03773	0.40828	0.22947	0.02558	0.03235	0.03068	0.02354	0.03142	0.02039	0.02929	0.01594	0.01085	0.01122	0.00362	0.01446	0.01001	0.00519	0.01427
37	0.03225	0.02171	0.02362	0.02014	0.02645	0.02367	0.01598	0.13948	0.23928	0.11566	0.03963	0.03847	0.02910	0.01422	0.01053	0.00340	0.00882	0.01148	0.16963	0.01649
38	0.01394	0.00997	0.01326	0.01552	0.01637	0.00929	0.01047	0.01623	0.02259	0.03039	0.10917	0.54524	0.07765	0.03402	0.01426	0.00447	0.00641	0.03082	0.01064	0.00929
39	0.02126	0.02001	0.03376	0.57739	0.07752	0.02501	0.03126	0.02876	0.02251	0.02876	0.02001	0.03001	0.01500	0.01125	0.01125	0.00375	0.01500	0.01000	0.00500	0.01250
40	0.01866	0.01688	0.02544	0.28034	0.09392	0.01847	0.02180	0.02428	0.02482	0.03174	0.10332	0.06177	0.19868	0.01816	0.01214	0.00371	0.01072	0.01571	0.00765	0.01181
41	0.01403	0.01002	0.01343	0.01604	0.01683	0.00942	0.01100	0.01622	0.02186	0.02909	0.06186	0.56317	0.07374	0.03496	0.01445	0.00462	0.00681	0.06277	0.01044	0.00923
42	0.02327	0.02065	0.02256	0.02326	0.07365	0.08708	0.01595	0.07327	0.03188	0.04254	0.30645	0.06004	0.06815	0.02581	0.07084	0.00497	0.01146	0.01568	0.01004	0.01246
43	0.59977	0.02305	0.01881	0.01626	0.02349	0.02652	0.01340	0.09395	0.02359	0.05318	0.01716	0.01943	0.01310	0.01085	0.00753	0.00347	0.00919	0.00662	0.00753	0.01310
44	0.02462	0.02462	0.03447	0.02955	0.02955	0.03447	0.02462	0.02709	0.01724	0.02709	0.01477	0.02462	0.01477	0.01970	0.03694	0.00492	0.58385	0.00985	0.00492	0.01231
45	0.03303	0.02331	0.02835	0.13441	0.03962	0.02604	0.02074	0.10993	0.25914	0.14441	0.03787	0.03688	0.02718	0.01397	0.01136	0.00368	0.01072	0.01156	0.01062	0.01718
46	0.59508	0.02140	0.01789	0.01553	0.02274	0.02403	0.01280	0.03614	0.02099	0.11946	0.01970	0.02109	0.01439	0.01094	0.00758	0.00348	0.00883	0.00683	0.00794	0.01317
47	0.04864	0.02003	0.02925	0.02216	0.03107	0.01747	0.05363	0.05339	0.03178	0.50268	0.04272	0.03769	0.02702	0.01359	0.01147	0.00351	0.01031	0.01147	0.01329	0.01885
48	0.01712	0.01265	0.01489	0.01411	0.01736	0.01212	0.01064	0.02458	0.07812	0.04201	0.34591	0.08053	0.17733	0.02235	0.01255	0.00353	0.00574	0.01928	0.07807	0.01110
49	0.02441	0.02297	0.03759	0.33156	0.24871	0.02595	0.03130	0.03380	0.06839	0.03350	0.02280	0.03027	0.01785	0.01115	0.01123	0.00360	0.01382	0.01026	0.00581	0.01503
50	0.68395	0.02177	0.01654	0.01480	0.02177	0.02525	0.01219	0.03309	0.01915	0.05050	0.01567	0.01828	0.01219	0.01045	0.00697	0.00348	0.00871	0.00609	0.00697	0.01219
51	0.01439	0.01092	0.01326	0.01378	0.01615	0.00979	0.00992	0.01784	0.02658	0.03521	0.24768	0.25750	0.22873	0.02869	0.01364	0.00395	0.00583	0.02518	0.01115	0.00979
52	0.04130	0.02829	0.03075	0.02382	0.03216	0.03079	0.01959	0.40933	0.04810	0.11087	0.02958	0.02955	0.02091	0.01351	0.01092	0.00331	0.01141	0.01028	0.07728	0.01827
53	0.01933	0.01206	0.01483	0.01382	0.01625	0.01122	0.00967	0.02242	0.02580	0.08567	0.26468	0.07806	0.11553	0.22923	0.02872	0.00618	0.00777	0.01835	0.01038	0.01003
54	0.04049	0.10067	0.03180	0.02185	0.03013	0.02686	0.01820	0.14234	0.15885	0.25237	0.03749	0.03432	0.02601	0.01363	0.01080	0.00341	0.01029	0.01075	0.01156	0.01819
55	0.02463	0.02323	0.02725	0.09694	0.08439	0.07241	0.01875	0.02982	0.02376	0.03360	0.02094	0.02659	0.01757	0.01735	0.06811	0.00399	0.01326	0.00808	0.00618	0.38315
56	0.03218	0.42606	0.04988	0.02098	0.03006	0.04057	0.01947	0.12346	0.09294	0.03747	0.02173	0.02287	0.01793	0.01109	0.00853	0.00277	0.01169	0.00767	0.00689	0.01576
57	0.68395	0.02177	0.01654	0.01480	0.02177	0.02525	0.01219	0.03309	0.01915	0.05050	0.01567	0.01828	0.01219	0.01045	0.00697	0.00348	0.00871	0.00609	0.00697	0.01219
58	0.17805	0.14562	0.22728	0.08765	0.09054	0.02930	0.02878	0.03384	0.02258	0.03676	0.01837	0.02250	0.01425	0.01043	0.00928	0.00333	0.01343	0.00772	0.00539	0.01487
59	0.03048	0.01963	0.02669	0.08539	0.09744	0.02009	0.01935	0.07749	0.09788	0.16784	0.12946	0.10019	0.04461	0.01712	0.01197	0.00365	0.00970	0.01486	0.01067	0.01549
60	0.02621	0.01293	0.01617	0.01469	0.01863	0.01192	0.01124	0.03082	0.02793	0.17046	0.18287	0.12596	0.05674	0.01907	0.01116	0.00336	0.00655	0.01635	0.22433	0.01259
61	0.01565	0.01149	0.01466	0.01387	0.01664	0.01050	0.01040	0.02070	0.03120	0.04356	0.48403	0.08666	0.15144	0.02360	0.01328	0.00357	0.00535	0.02072	0.01218	0.01050
62	0.04164	0.03095	0.03313	0.02566	0.03447	0.03437	0.02111	0.46273	0.08877	0.06908	0.02848	0.02819	0.02032	0.01365	0.01127	0.00341	0.01211	0.01033	0.01127	0.01904
63	0.02777	0.01248	0.01408	0.01268	0.01670	0.01188	0.00986	0.03281	0.02558	0.15693	0.03848	0.04112	0.02862	0.01330	0.00866	0.00282	0.00624	0.01068	0.51680	0.01248
64	0.29873	0.02763	0.02690	0.02147	0.02966	0.03105	0.01772	0.31163	0.03944	0.06278	0.02249	0.02353	0.01637	0.01229	0.00955	0.00342	0.01092	0.00852	0.00955	0.01637
65	0.03096	0.28175	0.04025	0.02104	0.02905	0.03422	0.01833	0.04788	0.25427	0.08304	0.03242	0.03114	0.02501	0.01267	0.00958	0.00317	0.01034	0.00965	0.00876	0.01646
66	0.03009	0.61122	0.05898	0.01926	0.02889	0.04454	0.01926	0.03370	0.02287	0.02648	0.01565	0.01805	0.01444	0.00963	0.00722	0.00241	0.01204	0.00602	0.00481	0.01444
67	0.16219	0.01692	0.02006	0.08901	0.02860	0.01738	0.01475	0.03766	0.02551	0.21213	0.03298	0.03447	0.02340	0.01262	0.00931	0.00323	0.00869	0.00984	0.22723	0.01404
68	0.03135	0.02584	0.02734	0.02358	0.03055	0.02956	0.01863	0.15890	0.40935	0.05249	0.04155	0.03860	0.03091	0.01487	0.01141	0.00372	0.00970	0.01214	0.01141	0.01812
69	0.01818	0.01217	0.01482	0.01376	0.01735	0.01078	0.01046	0.02257	0.02979	0.08532	0.34376	0.08814	0.24272	0.02405	0.01311	0.00362	0.00583	0.02069	0.01187	0.01102
70	0.02372	0.02252	0.03822	0.38729	0.24833	0.02566	0.03249	0.03092	0.02367	0.03175	0.02044	0.02920	0.01606	0.01079	0.01121	0.00360	0.01439	0.01001	0.00521	0.01449
71	0.01366	0.01001	0.01284	0.01511	0.01618	0.00919	0.01020	0.01574	0.02209	0.02895	0.06886	0.53293	0.13421	0.03437	0.01423	0.00447	0.00642	0.03091	0.01045	0.00919
72	0.01925	0.00988	0.01443	0.01443	0.01443	0.00988	0.00949	0.01483	0.01483	0.01977	0.02107	0.03798	0.02159	0.09310	0.04526	0.60933	0.00988	0.01040	0.00507	0.00507
73	0.02803	0.02778	0.03519	0.14370	0.22757	0.09533	0.02662	0.03926	0.12397	0.03613	0.02530	0.02963	0.02007	0.01134	0.01080	0.00328	0.01315	0.00984	0.00680	0.08623
74	0.01595	0.01147	0.01530	0.01582	0.01807	0.01082	0.01215	0.02058	0.02860	0.03954	0.33952	0.19347	0.09137	0.02709	0.01396	0.00408	0.00660	0.11373	0.01159	0.01028
75	0.02334	0.02001	0.02334	0.01667	0.02667	0.01500	0.01334	0.02834	0.02334	0.03668	0.02001	0.02334	0.01667	0.00834	0.00834	0.00167	0.00834	0.00667	0.00667	0.67325
76	0.01995	0.02154	0.09269	0.08800	0.13091	0.01831	0.02120	0.02472	0.02025	0.02835	0.02774	0.04662	0.02714	0.22687	0.14956	0.00927	0.01691	0.01239	0.00593	0.01166
77	0.05050	0.01915	0.02612	0.02003	0.02873	0.01654	0.01654	0.05485	0.03221	0.54203	0.04440	0.03831	0.02786	0.01393	0.01132	0.00348	0.00958	0.01132	0.01393	0.01915
78	0.09324	0.02615	0.09591	0.02195	0.03252	0.01902	0.06543	0.03339	0.02424	0.09187	0.02248	0.02519	0.01714	0.00957	0.00932	0.00251	0.01066	0.00799	0.00712	0.38432
79	0.01587	0.01096	0.01371	0.01508	0.01581	0.01075	0.01027	0.01754	0.01996	0.02645	0.04891	0.25358	0.05656	0.30499	0.03501	0.00771	0.00939	0.11047	0.00871	0.00828
80	0.24801	0.11828	0.14443	0.02157	0.03106	0.02741	0.02178	0.08433	0.02618	0.08884	0.02470	0.03261	0.02018	0.01300	0.00951	0.00349	0.01161	0.05070	0.00756	0.01473

[dist]
# distance from previous block
# <min> <max>
0	1

[block]
# block no. 2 follows, 11 sequences, length 6
# corresponding to MSA columns:
# 145-150
name=unknown_C
#
# <colnr> <probs for GDERKNQSTAVLIFYWHMCP>
#	G	D	E	R	K	N	Q	S	T	A	V	L	I	F	Y	W	H	M	C	P
0	0.16177	0.01613	0.01948	0.01867	0.02368	0.01599	0.01547	0.03349	0.02581	0.18448	0.04660	0.14003	0.04463	0.02246	0.01243	0.00426	0.00930	0.18145	0.01073	0.01314
1	0.43813	0.02468	0.01948	0.01721	0.02319	0.08317	0.01343	0.08310	0.02387	0.04576	0.02020	0.02809	0.01768	0.10331	0.01562	0.00456	0.01074	0.00827	0.00729	0.01222
2	0.03006	0.18460	0.03615	0.02079	0.02899	0.03012	0.01792	0.16225	0.03126	0.04227	0.02774	0.02976	0.05702	0.01281	0.01191	0.00283	0.06365	0.00912	0.00761	0.19317
3	0.02207	0.01747	0.02180	0.08939	0.02952	0.01704	0.01540	0.09695	0.03080	0.04282	0.20607	0.09499	0.09037	0.01809	0.01169	0.00322	0.00846	0.01552	0.00970	0.15863
4	0.12777	0.03720	0.21394	0.03167	0.04306	0.02706	0.15850	0.04071	0.13230	0.04060	0.02588	0.02880	0.01918	0.01133	0.01101	0.00367	0.01435	0.01034	0.00684	0.01580
5	0.18102	0.06862	0.13301	0.17425	0.04458	0.02622	0.02495	0.03794	0.08654	0.08505	0.02434	0.02751	0.01785	0.01161	0.00989	0.00354	0.01236	0.00895	0.00706	0.01470

[dist]
# distance from previous block
# <min> <max>
2	8

[block]
# block no. 3 follows, 11 sequences, length 108
# corresponding to MSA columns:
# 159-266
name=unknown_D
#
# <colnr> <probs for GDERKNQSTAVLIFYWHMCP>
#	G	D	E	R	K	N	Q	S	T	A	V	L	I	F	Y	W	H	M	C	P
0	0.02796	0.03533	0.17528	0.09788	0.09506	0.02891	0.10251	0.12047	0.07864	0.04190	0.02405	0.02841	0.01810	0.01224	0.01358	0.00371	0.06245	0.01035	0.00688	0.01627
1	0.03015	0.01965	0.02346	0.01869	0.02671	0.01749	0.01478	0.04020	0.12631	0.16445	0.03554	0.08716	0.02877	0.01380	0.01031	0.00285	0.00859	0.01156	0.00984	0.30969
2	0.02493	0.01684	0.02021	0.01769	0.02240	0.01709	0.01377	0.08196	0.12451	0.10474	0.33038	0.06501	0.07472	0.01953	0.01250	0.00357	0.00721	0.01683	0.01227	0.01383
3	0.02002	0.01641	0.07026	0.01733	0.02077	0.01253	0.01434	0.02375	0.02270	0.08215	0.04870	0.28556	0.05229	0.12265	0.02032	0.00529	0.00893	0.07125	0.07394	0.01082
4	0.02180	0.09498	0.28308	0.02725	0.03823	0.02345	0.07354	0.03111	0.02591	0.03662	0.13339	0.04759	0.03960	0.01525	0.01166	0.00364	0.01332	0.05818	0.00708	0.01433
5	0.01805	0.01218	0.01496	0.01461	0.01575	0.01266	0.00967	0.02123	0.06674	0.02695	0.08887	0.06089	0.04216	0.31483	0.09766	0.14048	0.01186	0.01472	0.00744	0.00829
6	0.03119	0.02467	0.03815	0.03276	0.08543	0.02489	0.14436	0.14647	0.08016	0.10336	0.08448	0.08585	0.03478	0.01519	0.01229	0.00366	0.01233	0.01429	0.00960	0.01609
7	0.42334	0.02643	0.07870	0.02121	0.02974	0.02510	0.06496	0.03836	0.07013	0.09421	0.02257	0.02432	0.01657	0.01118	0.00885	0.00356	0.01068	0.00820	0.00771	0.01417
8	0.09341	0.08876	0.09688	0.13358	0.20721	0.02954	0.02862	0.11874	0.02900	0.04188	0.02084	0.02567	0.01629	0.01096	0.01033	0.00336	0.01325	0.00906	0.00649	0.01613
9	0.16165	0.03700	0.02847	0.02513	0.03028	0.26851	0.01972	0.08922	0.02837	0.03675	0.01873	0.02325	0.01569	0.01861	0.05706	0.00458	0.10909	0.00815	0.00652	0.01322
10	0.24147	0.01994	0.02323	0.01845	0.02663	0.01917	0.01523	0.04829	0.02828	0.39384	0.03574	0.03227	0.02314	0.01288	0.01001	0.00348	0.00931	0.00974	0.01183	0.01705
11	0.01582	0.01083	0.01309	0.01360	0.01395	0.01093	0.00835	0.01666	0.01757	0.02365	0.04001	0.17173	0.04596	0.43499	0.10616	0.01050	0.01225	0.01891	0.00743	0.00764
12	0.02126	0.02001	0.03376	0.57739	0.07752	0.02501	0.03126	0.02876	0.02251	0.02876	0.02001	0.03001	0.01500	0.01125	0.01125	0.00375	0.01500	0.01000	0.00500	0.01250
13	0.26154	0.26920	0.03769	0.01880	0.02733	0.03412	0.01691	0.10718	0.02698	0.08216	0.01968	0.02112	0.01544	0.01086	0.00808	0.00302	0.01074	0.00710	0.00728	0.01476
14	0.01589	0.01125	0.01261	0.01227	0.01539	0.01013	0.00920	0.02017	0.02761	0.03842	0.25680	0.08538	0.26442	0.02323	0.01217	0.00346	0.00546	0.01972	0.14626	0.01013
15	0.03009	0.61122	0.05898	0.01926	0.02889	0.04454	0.01926	0.03370	0.02287	0.02648	0.01565	0.01805	0.01444	0.00963	0.00722	0.00241	0.01204	0.00602	0.00481	0.01444
16	0.02918	0.02051	0.02768	0.02355	0.02590	0.02571	0.01941	0.03262	0.02167	0.13618	0.02552	0.03111	0.02045	0.01712	0.02551	0.00414	0.34315	0.01029	0.14700	0.01333
17	0.02462	0.02462	0.03447	0.02955	0.02955	0.03447	0.02462	0.02709	0.01724	0.02709	0.01477	0.02462	0.01477	0.01970	0.03694	0.00492	0.58385	0.00985	0.00492	0.01231
18	0.01955	0.00978	0.01466	0.01466	0.01466	0.00978	0.00978	0.01466	0.01466	0.01955	0.01955	0.03421	0.01955	0.03910	0.04399	0.67253	0.00978	0.00978	0.00489	0.00489
19	0.35526	0.16683	0.03000	0.01798	0.02588	0.03015	0.01556	0.07476	0.06671	0.09302	0.02193	0.02289	0.01671	0.01124	0.00818	0.00324	0.00992	0.00747	0.00784	0.01445
20	0.02401	0.02282	0.03874	0.36515	0.26822	0.02573	0.03263	0.03117	0.02381	0.03210	0.02049	0.02911	0.01618	0.01074	0.01121	0.00358	0.01432	0.01001	0.00524	0.01473
21	0.03530	0.10359	0.08894	0.03173	0.08859	0.17115	0.06314	0.12099	0.03208	0.07720	0.02228	0.02481	0.01704	0.01121	0.01038	0.00306	0.01501	0.00879	0.00721	0.06751
22	0.02485	0.03012	0.14122	0.03002	0.03893	0.02396	0.14116	0.07524	0.11832	0.04122	0.07580	0.05404	0.03647	0.01645	0.01268	0.00396	0.01329	0.09880	0.00849	0.01499
23	0.01637	0.01091	0.01228	0.01228	0.01228	0.01091	0.00682	0.01637	0.01637	0.02182	0.03546	0.07365	0.04092	0.60445	0.05729	0.01091	0.01091	0.01637	0.00682	0.00682
24	0.05050	0.01915	0.02612	0.02003	0.02873	0.01654	0.01654	0.05485	0.03221	0.54203	0.04440	0.03831	0.02786	0.01393	0.01132	0.00348	0.00958	0.01132	0.01393	0.01915
25	0.02800	0.02418	0.02545	0.02291	0.02927	0.02800	0.01782	0.05981	0.51390	0.04708	0.04581	0.04199	0.03436	0.01527	0.01145	0.00382	0.00891	0.01273	0.01145	0.01782
26	0.05050	0.01915	0.02612	0.02003	0.02873	0.01654	0.01654	0.05485	0.03221	0.54203	0.04440	0.03831	0.02786	0.01393	0.01132	0.00348	0.00958	0.01132	0.01393	0.01915
27	0.57889	0.02337	0.01937	0.01662	0.02392	0.02683	0.01370	0.10906	0.02469	0.05385	0.01753	0.01972	0.01333	0.01095	0.00767	0.00347	0.00931	0.00676	0.00767	0.01333
28	0.04236	0.02372	0.02914	0.02308	0.03092	0.07968	0.05781	0.04928	0.07024	0.35262	0.08591	0.04025	0.03343	0.01426	0.01155	0.00348	0.01115	0.01200	0.01195	0.01719
29	0.15562	0.02372	0.02663	0.02160	0.02899	0.07630	0.05659	0.04553	0.07716	0.24936	0.03383	0.03294	0.02349	0.01272	0.01021	0.00338	0.01079	0.01017	0.08518	0.01580
30	0.01571	0.01150	0.01474	0.01393	0.01668	0.01053	0.01045	0.02082	0.03135	0.04392	0.49403	0.08608	0.14123	0.02346	0.01328	0.00356	0.00534	0.02064	0.01223	0.01053
31	0.02660	0.29492	0.17856	0.02745	0.03853	0.03334	0.12133	0.03396	0.02393	0.03224	0.02028	0.02431	0.01632	0.01020	0.00941	0.00300	0.01397	0.00852	0.06837	0.01477
32	0.01478	0.01128	0.01357	0.01339	0.01621	0.01007	0.00989	0.01886	0.02856	0.03822	0.33320	0.15077	0.24777	0.02629	0.01341	0.00375	0.00558	0.02285	0.01150	0.01007
33	0.01955	0.00978	0.01466	0.01466	0.01466	0.00978	0.00978	0.01466	0.01466	0.01955	0.01955	0.03421	0.01955	0.03910	0.04399	0.67253	0.00978	0.00978	0.00489	0.00489
34	0.03387	0.43737	0.05113	0.02159	0.03070	0.09472	0.01994	0.12859	0.02987	0.03559	0.01813	0.02010	0.01540	0.01061	0.00834	0.00265	0.01294	0.00698	0.00622	0.01525
35	0.02235	0.02419	0.07940	0.02698	0.02944	0.02678	0.02421	0.02672	0.02065	0.03003	0.02963	0.05724	0.03070	0.02246	0.02753	0.00487	0.34501	0.15305	0.00665	0.01211
36	0.09565	0.04594	0.30062	0.02785	0.04028	0.08726	0.03069	0.11505	0.02990	0.09054	0.02289	0.02477	0.01620	0.01155	0.01042	0.00344	0.01489	0.00857	0.00705	0.01645
37	0.02201	0.02077	0.03512	0.51955	0.12949	0.02520	0.03163	0.02942	0.02286	0.02967	0.02014	0.02976	0.01533	0.01111	0.01124	0.00370	0.01482	0.01001	0.00507	0.01311
38	0.10483	0.09578	0.03408	0.02372	0.03234	0.03434	0.01987	0.35424	0.09126	0.06147	0.02642	0.02658	0.01939	0.01293	0.01038	0.00332	0.01163	0.00951	0.01011	0.01777
39	0.02722	0.10002	0.33618	0.03296	0.09171	0.02774	0.03411	0.03664	0.02415	0.09161	0.02205	0.02538	0.01624	0.01183	0.01322	0.00356	0.07431	0.00877	0.00590	0.01638
40	0.02618	0.01992	0.02363	0.01702	0.02689	0.01516	0.01367	0.03111	0.02427	0.08946	0.02255	0.02490	0.01784	0.00892	0.00865	0.00186	0.00847	0.00715	0.00743	0.60493
41	0.01909	0.01221	0.01593	0.01533	0.01846	0.01119	0.01177	0.02374	0.02970	0.08975	0.35042	0.13953	0.12604	0.02467	0.01343	0.00383	0.00640	0.06534	0.01197	0.01118
42	0.03126	0.02686	0.04125	0.03221	0.03762	0.03135	0.13662	0.12594	0.02810	0.08850	0.02206	0.02783	0.01749	0.01542	0.02356	0.00420	0.27653	0.01088	0.00726	0.01504
43	0.03407	0.02632	0.03182	0.02586	0.03366	0.02884	0.06529	0.17709	0.29331	0.09994	0.03825	0.03639	0.02786	0.01409	0.01157	0.00366	0.01091	0.01193	0.01107	0.01805
44	0.01637	0.01091	0.01228	0.01228	0.01228	0.01091	0.00682	0.01637	0.01637	0.02182	0.03546	0.07365	0.04092	0.60445	0.05729	0.01091	0.01091	0.01637	0.00682	0.00682
45	0.03192	0.04327	0.24503	0.02824	0.03971	0.07407	0.02923	0.19626	0.11410	0.04876	0.02644	0.02754	0.01920	0.01247	0.01096	0.00349	0.01425	0.00956	0.00813	0.01737
46	0.01955	0.00978	0.01466	0.01466	0.01466	0.00978	0.00978	0.01466	0.01466	0.01955	0.01955	0.03421	0.01955	0.03910	0.04399	0.67253	0.00978	0.00978	0.00489	0.00489
47	0.68395	0.02177	0.01654	0.01480	0.02177	0.02525	0.01219	0.03309	0.01915	0.05050	0.01567	0.01828	0.01219	0.01045	0.00697	0.00348	0.00871	0.00609	0.00697	0.01219
48	0.03814	0.02003	0.02423	0.01938	0.02627	0.01969	0.01570	0.16572	0.03683	0.25727	0.13521	0.04476	0.04120	0.01553	0.01130	0.00337	0.00900	0.01270	0.08720	0.01646
49	0.03009	0.61122	0.05898	0.01926	0.02889	0.04454	0.01926	0.03370	0.02287	0.02648	0.01565	0.01805	0.01444	0.00963	0.00722	0.00241	0.01204	0.00602	0.00481	0.01444
50	0.02927	0.02481	0.02617	0.02316	0.02975	0.02859	0.01812	0.09750	0.47413	0.04914	0.04419	0.04070	0.03304	0.01512	0.01144	0.00378	0.00921	0.01250	0.01144	0.01793
51	0.01556	0.01137	0.01461	0.01406	0.01665	0.01042	0.01044	0.02042	0.03060	0.04274	0.46064	0.12471	0.13698	0.02437	0.01336	0.00364	0.00543	0.02150	0.01209	0.01042
52	0.02301	0.01667	0.01922	0.01869	0.02269	0.01755	0.01388	0.03741	0.22310	0.08547	0.05791	0.27874	0.09014	0.02455	0.01280	0.00410	0.00772	0.02152	0.01119	0.01366
53	0.04279	0.03153	0.03378	0.02590	0.03490	0.03490	0.02139	0.49671	0.05292	0.07093	0.02702	0.02702	0.01914	0.01351	0.01126	0.00338	0.01239	0.01013	0.01126	0.01914
54	0.01879	0.01214	0.01596	0.01465	0.01780	0.01111	0.01111	0.02402	0.03189	0.08624	0.48827	0.08029	0.09972	0.02226	0.01311	0.00354	0.00566	0.01961	0.01252	0.01133
55	0.02126	0.02001	0.03376	0.57739	0.07752	0.02501	0.03126	0.02876	0.02251	0.02876	0.02001	0.03001	0.01500	0.01125	0.01125	0.00375	0.01500	0.01000	0.00500	0.01250
56	0.01666	0.01092	0.01312	0.01312	0.01333	0.01113	0.00788	0.01658	0.01637	0.02204	0.03330	0.06659	0.03742	0.49287	0.10844	0.07867	0.01281	0.01525	0.00654	0.00696
57	0.04204	0.05364	0.03190	0.02900	0.03480	0.55926	0.02175	0.04494	0.03190	0.02755	0.01740	0.02030	0.01450	0.01160	0.01015	0.00290	0.02030	0.00725	0.00580	0.01305
58	0.02334	0.02001	0.02334	0.01667	0.02667	0.01500	0.01334	0.02834	0.02334	0.03668	0.02001	0.02334	0.01667	0.00834	0.00834	0.00167	0.00834	0.00667	0.00667	0.67325
59	0.04000	0.01683	0.02276	0.01824	0.02511	0.01474	0.01474	0.04464	0.03211	0.39110	0.19139	0.05221	0.05166	0.01669	0.01191	0.00350	0.00828	0.01406	0.01346	0.01656
60	0.02257	0.05822	0.54613	0.03208	0.04871	0.02614	0.04158	0.03564	0.02376	0.03564	0.02020	0.02376	0.01426	0.01069	0.01069	0.00356	0.01663	0.00832	0.00475	0.01663
61	0.02797	0.02154	0.02484	0.01853	0.02794	0.01850	0.01488	0.08119	0.07829	0.08171	0.02537	0.02686	0.01966	0.01003	0.00920	0.00221	0.00890	0.00802	0.00821	0.48615
62	0.02924	0.54829	0.11441	0.02072	0.03114	0.04244	0.02180	0.03392	0.02297	0.02752	0.01617	0.01870	0.01442	0.00975	0.00762	0.00254	0.01256	0.00628	0.00481	0.01469
63	0.01448	0.01115	0.01323	0.01333	0.01608	0.00990	0.00976	0.01819	0.02750	0.03626	0.27787	0.18714	0.26965	0.02744	0.01348	0.00383	0.00569	0.02383	0.01126	0.00990
64	0.01588	0.01071	0.01242	0.01289	0.01301	0.01059	0.00748	0.01624	0.01731	0.02308	0.04030	0.16893	0.04702	0.50084	0.04947	0.00976	0.01011	0.01921	0.00748	0.00724
65	0.05050	0.01915	0.02612	0.02003	0.02873	0.01654	0.01654	0.05485	0.03221	0.54203	0.04440	0.03831	0.02786	0.01393	0.01132	0.00348	0.00958	0.01132	0.01393	0.01915
66	0.03933	0.02981	0.03183	0.02520	0.03359	0.03329	0.02056	0.39450	0.16076	0.06535	0.03142	0.03052	0.02270	0.01392	0.01130	0.00348	0.01157	0.01074	0.01130	0.01883
67	0.02755	0.01644	0.01832	0.01642	0.02124	0.01717	0.01277	0.04129	0.18510	0.12483	0.08798	0.04541	0.03788	0.01489	0.01011	0.00324	0.00714	0.01229	0.28563	0.01428
68	0.68395	0.02177	0.01654	0.01480	0.02177	0.02525	0.01219	0.03309	0.01915	0.05050	0.01567	0.01828	0.01219	0.01045	0.00697	0.00348	0.00871	0.00609	0.00697	0.01219
69	0.15638	0.02903	0.02984	0.02360	0.03197	0.03247	0.01938	0.36923	0.09355	0.06485	0.02689	0.02697	0.01943	0.01314	0.01051	0.00344	0.01137	0.00967	0.01051	0.01776
70	0.03009	0.61122	0.05898	0.01926	0.02889	0.04454	0.01926	0.03370	0.02287	0.02648	0.01565	0.01805	0.01444	0.00963	0.00722	0.00241	0.01204	0.00602	0.00481	0.01444
71	0.02126	0.02001	0.03376	0.57739	0.07752	0.02501	0.03126	0.02876	0.02251	0.02876	0.02001	0.03001	0.01500	0.01125	0.01125	0.00375	0.01500	0.01000	0.00500	0.01250
72	0.14143	0.03002	0.03113	0.02419	0.03288	0.03342	0.01998	0.42538	0.04772	0.06779	0.02528	0.02568	0.01807	0.01304	0.01060	0.00339	0.01182	0.00951	0.01060	0.01807
73	0.01405	0.01130	0.01253	0.01251	0.01574	0.00978	0.00927	0.01750	0.02700	0.03428	0.22257	0.14266	0.37613	0.02757	0.01338	0.00379	0.00566	0.02352	0.01098	0.00978
74	0.05050	0.01915	0.02612	0.02003	0.02873	0.01654	0.01654	0.05485	0.03221	0.54203	0.04440	0.03831	0.02786	0.01393	0.01132	0.00348	0.00958	0.01132	0.01393	0.01915
75	0.01371	0.00979	0.01306	0.01567	0.01632	0.00914	0.01045	0.01567	0.02155	0.02873	0.06203	0.59710	0.07444	0.03526	0.01437	0.00457	0.00653	0.03200	0.01045	0.00914
76	0.01608	0.01206	0.01809	0.01809	0.02010	0.01407	0.01407	0.02010	0.01809	0.02613	0.03015	0.04422	0.02814	0.08441	0.55984	0.01809	0.03015	0.01206	0.00603	0.01005
77	0.03009	0.61122	0.05898	0.01926	0.02889	0.04454	0.01926	0.03370	0.02287	0.02648	0.01565	0.01805	0.01444	0.00963	0.00722	0.00241	0.01204	0.00602	0.00481	0.01444
78	0.01521	0.01039	0.01337	0.01462	0.01611	0.00974	0.01021	0.01856	0.02491	0.03522	0.20078	0.37810	0.07890	0.02902	0.01330	0.00404	0.00601	0.02601	0.08574	0.00974
79	0.02126	0.02001	0.03376	0.57739	0.07752	0.02501	0.03126	0.02876	0.02251	0.02876	0.02001	0.03001	0.01500	0.01125	0.01125	0.00375	0.01500	0.01000	0.00500	0.01250
80	0.02864	0.02262	0.02700	0.11486	0.03684	0.02524	0.02058	0.19038	0.13775	0.04795	0.04350	0.05776	0.07195	0.01833	0.01234	0.00394	0.01113	0.10399	0.01001	0.01518
81	0.03869	0.03604	0.09055	0.03043	0.04002	0.13019	0.11820	0.19108	0.03690	0.13603	0.02672	0.02809	0.01889	0.01212	0.01141	0.00341	0.01517	0.01024	0.00890	0.01692
82	0.02800	0.02418	0.02545	0.02291	0.02927	0.02800	0.01782	0.05981	0.51390	0.04708	0.04581	0.04199	0.03436	0.01527	0.01145	0.00382	0.00891	0.01273	0.01145	0.01782
83	0.02334	0.02001	0.02334	0.01667	0.02667	0.01500	0.01334	0.02834	0.02334	0.03668	0.02001	0.02334	0.01667	0.00834	0.00834	0.00167	0.00834	0.00667	0.00667	0.67325
84	0.01538	0.01211	0.01407	0.01493	0.01746	0.01153	0.01066	0.02130	0.07979	0.03270	0.11511	0.32757	0.22636	0.02972	0.01359	0.00414	0.00642	0.02608	0.01072	0.01037
85	0.02194	0.02071	0.03500	0.52430	0.12523	0.02519	0.03160	0.02936	0.02283	0.02959	0.02013	0.02978	0.01530	0.01112	0.01124	0.00371	0.01483	0.01001	0.00506	0.01306
86	0.02786	0.02674	0.04568	0.06908	0.53424	0.02674	0.03454	0.03454	0.02563	0.03677	0.02117	0.02786	0.01783	0.01003	0.01114	0.00334	0.01337	0.01003	0.00557	0.01783
87	0.01359	0.01026	0.01258	0.01443	0.01600	0.00925	0.00989	0.01581	0.02275	0.02922	0.07722	0.45437	0.20738	0.03329	0.01406	0.00435	0.00629	0.02959	0.01045	0.00925
88	0.01486	0.01146	0.01357	0.01304	0.01616	0.01017	0.00978	0.01918	0.02934	0.03916	0.36018	0.09391	0.27805	0.02524	0.01329	0.00365	0.00547	0.02173	0.01160	0.01017
89	0.01814	0.01296	0.01814	0.02073	0.02332	0.01296	0.01814	0.02332	0.02591	0.03368	0.05959	0.12696	0.06478	0.03109	0.01555	0.00518	0.01036	0.45848	0.01036	0.01036
