[name]
unknown

[dist]
# distance from previous block
# <min> <max>
0	53

[block]
# block no. 0 follows, 12 sequences, length 9
# corresponding to MSA columns:
# 101-109
name=unknown_A
#
# <colnr> <probs for GDERKNQSTAVLIFYWHMCP>
#	G	D	E	R	K	N	Q	S	T	A	V	L	I	F	Y	W	H	M	C	P
0	0.02948	0.01390	0.01772	0.01591	0.01997	0.01293	0.01227	0.03277	0.02444	0.23031	0.04193	0.06241	0.03698	0.18775	0.02380	0.00557	0.00911	0.09334	0.11707	0.01233
1	0.01425	0.01045	0.01352	0.01516	0.01682	0.00972	0.01108	0.01728	0.02368	0.03135	0.14375	0.37986	0.13943	0.03074	0.01379	0.00426	0.00662	0.09851	0.01041	0.00932
2	0.03195	0.11707	0.06099	0.07938	0.03253	0.02377	0.01900	0.11249	0.05670	0.17834	0.03550	0.14229	0.03065	0.01641	0.01087	0.00345	0.01042	0.01364	0.00948	0.01506
3	0.10137	0.15547	0.40541	0.02687	0.04066	0.02847	0.03304	0.03390	0.02234	0.03459	0.01825	0.02140	0.01361	0.01014	0.00933	0.00324	0.01441	0.00740	0.00486	0.01523
4	0.02038	0.01261	0.01521	0.01442	0.01855	0.01112	0.01147	0.02419	0.02710	0.12457	0.16905	0.09168	0.29737	0.02458	0.01289	0.00379	0.00683	0.09197	0.01104	0.01117
5	0.02473	0.16144	0.16825	0.14315	0.04751	0.02966	0.11625	0.03655	0.10325	0.03308	0.02296	0.02702	0.01759	0.01073	0.01032	0.00333	0.01406	0.00947	0.00586	0.01477
6	0.02192	0.10277	0.33748	0.02665	0.03734	0.02608	0.03067	0.03080	0.02316	0.03374	0.10120	0.03184	0.02802	0.01354	0.01447	0.00354	0.10676	0.00991	0.00581	0.01430
7	0.04033	0.01647	0.02235	0.01823	0.02492	0.01438	0.01459	0.04426	0.02953	0.42756	0.08894	0.13249	0.04076	0.01756	0.01160	0.00355	0.00845	0.01492	0.01283	0.01629
8	0.03286	0.01909	0.02675	0.02102	0.02788	0.01801	0.07185	0.11160	0.03281	0.23544	0.15538	0.05335	0.11158	0.01676	0.01185	0.00345	0.00936	0.01455	0.01137	0.01504

[dist]
# distance from previous block
# <min> <max>
0	5

[block]
# block no. 1 follows, 12 sequences, length 17
# corresponding to MSA columns:
# 115-131
name=unknown_B
#
# <colnr> <probs for GDERKNQSTAVLIFYWHMCP>
#	G	D	E	R	K	N	Q	S	T	A	V	L	I	F	Y	W	H	M	C	P
0	0.03715	0.07694	0.07463	0.06535	0.03306	0.08664	0.01974	0.04474	0.07681	0.27521	0.07111	0.03519	0.02851	0.01318	0.01059	0.00328	0.01134	0.01050	0.01003	0.01602
1	0.09196	0.02912	0.09190	0.02564	0.06968	0.06820	0.02053	0.17261	0.07996	0.08338	0.02981	0.08104	0.02535	0.06516	0.01442	0.00403	0.01173	0.01168	0.00869	0.01509
2	0.61376	0.02088	0.01801	0.08287	0.02751	0.02443	0.01401	0.03155	0.01894	0.04642	0.01568	0.01906	0.01213	0.01021	0.00724	0.00340	0.00916	0.00635	0.00652	0.01184
3	0.04015	0.01741	0.02318	0.01806	0.02565	0.01488	0.01469	0.04460	0.03013	0.40811	0.12439	0.04285	0.03848	0.01433	0.01094	0.00317	0.00844	0.01190	0.01241	0.09623
4	0.02915	0.62337	0.05714	0.01866	0.02799	0.04314	0.01866	0.03265	0.02215	0.02565	0.01516	0.01749	0.01399	0.00933	0.00700	0.00233	0.01166	0.00583	0.00466	0.01399
5	0.01357	0.01088	0.01212	0.01222	0.01525	0.00943	0.00901	0.01681	0.02586	0.03280	0.21168	0.16108	0.37675	0.02710	0.01301	0.00371	0.00553	0.02317	0.01059	0.00943
6	0.01480	0.01097	0.01380	0.01341	0.01598	0.00997	0.00993	0.01923	0.02889	0.03979	0.42379	0.13618	0.17425	0.02433	0.01297	0.00357	0.00532	0.02136	0.01151	0.00997
7	0.02187	0.05640	0.56031	0.03108	0.04719	0.02532	0.04029	0.03453	0.02302	0.03453	0.01957	0.02302	0.01381	0.01036	0.01036	0.00345	0.01611	0.00806	0.00460	0.01611
8	0.01324	0.00968	0.01245	0.01467	0.01568	0.00890	0.00990	0.01524	0.02136	0.02803	0.06628	0.54771	0.13011	0.03336	0.01379	0.00434	0.00623	0.03002	0.01012	0.00890
9	0.02059	0.01938	0.03270	0.59060	0.07510	0.02422	0.03028	0.02786	0.02180	0.02786	0.01938	0.02907	0.01453	0.01090	0.01090	0.00363	0.01453	0.00969	0.00484	0.01211
10	0.01461	0.01060	0.01393	0.01529	0.01703	0.00993	0.01131	0.01803	0.02477	0.03334	0.20224	0.33699	0.11457	0.02957	0.01373	0.00419	0.00656	0.10318	0.01065	0.00950
11	0.02915	0.62337	0.05714	0.01866	0.02799	0.04314	0.01866	0.03265	0.02215	0.02565	0.01516	0.01749	0.01399	0.00933	0.00700	0.00233	0.01166	0.00583	0.00466	0.01399
12	0.01989	0.01164	0.01399	0.01326	0.01445	0.01148	0.00832	0.02072	0.01787	0.08719	0.03501	0.06488	0.03710	0.50007	0.09133	0.01024	0.01190	0.01492	0.00739	0.00832
13	0.01321	0.00978	0.01235	0.01441	0.01561	0.00892	0.00978	0.01527	0.02162	0.02814	0.06953	0.51512	0.16059	0.03293	0.01372	0.00429	0.00618	0.02950	0.01012	0.00892
14	0.02408	0.03263	0.18388	0.11653	0.08737	0.02496	0.07406	0.03964	0.17055	0.03697	0.02706	0.02999	0.02036	0.01136	0.01073	0.00339	0.01291	0.01001	0.00685	0.07668
15	0.08338	0.32308	0.04334	0.07392	0.09346	0.03318	0.02043	0.03711	0.06951	0.09587	0.02225	0.02416	0.01761	0.01058	0.00863	0.00289	0.01124	0.00786	0.00660	0.01490
16	0.01985	0.06098	0.01966	0.06425	0.02180	0.01676	0.01173	0.07717	0.02229	0.02904	0.03939	0.11012	0.07864	0.34271	0.03519	0.00732	0.01035	0.01582	0.00743	0.00950

[dist]
# distance from previous block
# <min> <max>
2	13

[block]
# block no. 2 follows, 12 sequences, length 10
# corresponding to MSA columns:
# 145-154
name=unknown_C
#
# <colnr> <probs for GDERKNQSTAVLIFYWHMCP>
#	G	D	E	R	K	N	Q	S	T	A	V	L	I	F	Y	W	H	M	C	P
0	0.02809	0.07399	0.09583	0.16264	0.10256	0.07659	0.18301	0.03545	0.02521	0.07969	0.02200	0.02741	0.01644	0.01033	0.01109	0.00340	0.01555	0.01015	0.00594	0.01463
1	0.02814	0.26941	0.03712	0.01955	0.02495	0.02908	0.01691	0.03101	0.02192	0.11563	0.02760	0.10752	0.02651	0.07086	0.01842	0.00400	0.11952	0.01174	0.00710	0.01301
2	0.01500	0.01144	0.01395	0.01487	0.01694	0.01097	0.01054	0.02052	0.07259	0.03317	0.16882	0.36010	0.15281	0.02871	0.01325	0.00402	0.00617	0.02550	0.01061	0.01003
3	0.02503	0.03800	0.22676	0.07392	0.08083	0.07411	0.09064	0.03599	0.07489	0.03472	0.02215	0.02599	0.01684	0.01035	0.01040	0.00314	0.01428	0.00899	0.00585	0.12711
4	0.03260	0.01946	0.03015	0.19691	0.07323	0.01928	0.05286	0.03833	0.02681	0.24525	0.06848	0.03557	0.02665	0.01237	0.01094	0.00331	0.01126	0.01087	0.00912	0.07654
5	0.01456	0.01033	0.01235	0.01381	0.01576	0.00950	0.01000	0.01745	0.02271	0.03052	0.07096	0.33869	0.20054	0.02896	0.01288	0.00402	0.00630	0.07050	0.10090	0.00925
6	0.01600	0.01765	0.08840	0.01744	0.02161	0.01295	0.01532	0.02206	0.05552	0.03210	0.10091	0.27384	0.16803	0.02678	0.01310	0.00409	0.00805	0.08585	0.00956	0.01073
7	0.03106	0.12838	0.09456	0.09131	0.17697	0.02937	0.06308	0.13169	0.02991	0.08755	0.02274	0.02616	0.01721	0.01082	0.01032	0.00320	0.01309	0.00927	0.00701	0.01629
8	0.03237	0.02456	0.08002	0.08505	0.08599	0.02231	0.05896	0.09823	0.02995	0.19438	0.09850	0.03710	0.03111	0.01381	0.01311	0.00351	0.05459	0.01153	0.00925	0.01566
9	0.02926	0.01617	0.01761	0.01498	0.01980	0.01661	0.01189	0.14547	0.03078	0.11752	0.03434	0.03671	0.02557	0.01290	0.00886	0.00283	0.00730	0.01019	0.42787	0.01331

[dist]
# distance from previous block
# <min> <max>
0	3

[block]
# block no. 3 follows, 12 sequences, length 53
# corresponding to MSA columns:
# 158-210
name=unknown_D
#
# <colnr> <probs for GDERKNQSTAVLIFYWHMCP>
#	G	D	E	R	K	N	Q	S	T	A	V	L	I	F	Y	W	H	M	C	P
0	0.02430	0.02445	0.07624	0.12471	0.10280	0.02022	0.02163	0.06902	0.02515	0.03686	0.02010	0.02462	0.01600	0.00939	0.00935	0.00247	0.01086	0.00785	0.00625	0.36772
1	0.01439	0.01096	0.01470	0.06603	0.02111	0.01061	0.01174	0.01763	0.02377	0.03172	0.17448	0.37182	0.13348	0.02850	0.01327	0.00403	0.00669	0.02547	0.01008	0.00952
2	0.02261	0.01938	0.02261	0.01615	0.02584	0.01453	0.01292	0.02745	0.02261	0.03553	0.01938	0.02261	0.01615	0.00807	0.00807	0.00161	0.00807	0.00646	0.00646	0.68346
3	0.02515	0.01292	0.01658	0.01500	0.01900	0.01256	0.01176	0.02943	0.02437	0.16782	0.08564	0.05045	0.08764	0.03472	0.16891	0.00717	0.01301	0.01293	0.19283	0.01211
4	0.01321	0.01106	0.01149	0.01138	0.01492	0.00934	0.00854	0.01627	0.02561	0.03125	0.16489	0.10198	0.48881	0.02694	0.01288	0.00365	0.00548	0.02260	0.01036	0.00934
5	0.01827	0.01182	0.01520	0.01397	0.01720	0.01071	0.01061	0.02308	0.03027	0.08977	0.45152	0.07979	0.14193	0.02203	0.01269	0.00345	0.00557	0.01925	0.01195	0.01094
6	0.02712	0.02342	0.02465	0.02219	0.02835	0.02712	0.01726	0.05794	0.52909	0.04561	0.04438	0.04068	0.03328	0.01479	0.01109	0.00370	0.00863	0.01233	0.01109	0.01726
7	0.01974	0.01820	0.01820	0.01798	0.02003	0.10923	0.01314	0.02246	0.01985	0.02498	0.03132	0.10370	0.03213	0.17162	0.31409	0.01222	0.02144	0.01373	0.00640	0.00952
8	0.02059	0.01938	0.03270	0.59060	0.07510	0.02422	0.03028	0.02786	0.02180	0.02786	0.01938	0.02907	0.01453	0.01090	0.01090	0.00363	0.01453	0.00969	0.00484	0.01211
9	0.02261	0.01938	0.02261	0.01615	0.02584	0.01453	0.01292	0.02745	0.02261	0.03553	0.01938	0.02261	0.01615	0.00807	0.00807	0.00161	0.00807	0.00646	0.00646	0.68346
10	0.02363	0.02131	0.02309	0.02378	0.07629	0.06126	0.01644	0.04037	0.25967	0.04124	0.18271	0.05471	0.09527	0.01723	0.01162	0.00351	0.00864	0.01466	0.01028	0.01428
11	0.01894	0.00947	0.01420	0.01420	0.01420	0.00947	0.00947	0.01420	0.01420	0.01894	0.01894	0.03314	0.01894	0.03788	0.04261	0.68277	0.00947	0.00947	0.00473	0.00473
12	0.02187	0.05640	0.56031	0.03108	0.04719	0.02532	0.04029	0.03453	0.02302	0.03453	0.01957	0.02302	0.01381	0.01036	0.01036	0.00345	0.01611	0.00806	0.00460	0.01611
13	0.62630	0.01992	0.01584	0.01433	0.02040	0.02296	0.01157	0.03027	0.01812	0.04592	0.01556	0.01926	0.01252	0.01290	0.01034	0.07135	0.00854	0.00626	0.00655	0.01110
14	0.69383	0.02109	0.01603	0.01434	0.02109	0.02446	0.01181	0.03205	0.01856	0.04892	0.01518	0.01771	0.01181	0.01012	0.00675	0.00337	0.00843	0.00590	0.00675	0.01181
15	0.02725	0.02944	0.05054	0.10105	0.24257	0.08122	0.23713	0.03460	0.02555	0.03373	0.02071	0.02749	0.01639	0.00975	0.01160	0.00342	0.01611	0.01080	0.00542	0.01524
16	0.02337	0.14502	0.02859	0.01950	0.02403	0.07216	0.01609	0.07584	0.02321	0.03004	0.02485	0.03372	0.02239	0.05314	0.34587	0.01154	0.02289	0.00985	0.00610	0.01180
17	0.03022	0.38276	0.13510	0.02571	0.07481	0.08999	0.02355	0.03546	0.02399	0.06287	0.01833	0.02070	0.01509	0.01000	0.00841	0.00271	0.01315	0.00698	0.00539	0.01478
18	0.62279	0.01988	0.01567	0.01443	0.02054	0.02283	0.01163	0.03029	0.01880	0.04672	0.01987	0.07951	0.01810	0.01263	0.00750	0.00348	0.00821	0.00852	0.00710	0.01150
19	0.02498	0.25587	0.12485	0.01958	0.03019	0.02723	0.01964	0.03061	0.02250	0.03160	0.01780	0.02073	0.01494	0.00893	0.00804	0.00219	0.01077	0.00648	0.00547	0.31758
20	0.02187	0.05640	0.56031	0.03108	0.04719	0.02532	0.04029	0.03453	0.02302	0.03453	0.01957	0.02302	0.01381	0.01036	0.01036	0.00345	0.01611	0.00806	0.00460	0.01611
21	0.02995	0.08233	0.13345	0.02307	0.03374	0.02214	0.06096	0.07511	0.02694	0.13756	0.02438	0.02588	0.01783	0.01018	0.00960	0.00268	0.01135	0.00839	0.00759	0.25688
22	0.02481	0.02991	0.17050	0.08276	0.03700	0.02258	0.02410	0.03743	0.13714	0.07864	0.02964	0.07233	0.02412	0.01380	0.01264	0.00341	0.05972	0.01101	0.00755	0.12093
23	0.02059	0.01938	0.03270	0.59060	0.07510	0.02422	0.03028	0.02786	0.02180	0.02786	0.01938	0.02907	0.01453	0.01090	0.01090	0.00363	0.01453	0.00969	0.00484	0.01211
24	0.01328	0.00949	0.01265	0.01518	0.01581	0.00886	0.01012	0.01518	0.02088	0.02783	0.06010	0.60969	0.07212	0.03416	0.01392	0.00443	0.00633	0.03100	0.01012	0.00886
25	0.04072	0.07714	0.07413	0.09265	0.03590	0.02174	0.02046	0.08455	0.03019	0.35851	0.03420	0.03226	0.02246	0.01250	0.01055	0.00331	0.01095	0.01001	0.01066	0.01713
26	0.03113	0.01655	0.02037	0.01710	0.02261	0.01605	0.01357	0.08037	0.08166	0.22300	0.20998	0.05194	0.05267	0.01647	0.01119	0.00331	0.00753	0.01386	0.09605	0.01457
27	0.01328	0.00949	0.01265	0.01518	0.01581	0.00886	0.01012	0.01518	0.02088	0.02783	0.06010	0.60969	0.07212	0.03416	0.01392	0.00443	0.00633	0.03100	0.01012	0.00886
28	0.02280	0.01795	0.02975	0.09192	0.26591	0.01840	0.02244	0.02433	0.01980	0.02745	0.01970	0.02993	0.01776	0.02241	0.02503	0.30702	0.01154	0.00960	0.00505	0.01119
29	0.01920	0.02382	0.13775	0.07190	0.06575	0.01831	0.02275	0.02768	0.06354	0.03143	0.03504	0.10333	0.03375	0.03642	0.16861	0.00777	0.01679	0.09669	0.00706	0.01240
30	0.13007	0.01887	0.02414	0.01876	0.02698	0.01709	0.01549	0.05048	0.02962	0.49249	0.03951	0.03467	0.02508	0.01307	0.01043	0.00337	0.00917	0.01033	0.01265	0.01771
31	0.03472	0.01627	0.02200	0.01821	0.02343	0.01572	0.01442	0.03836	0.02679	0.32126	0.11245	0.04741	0.03881	0.09731	0.06946	0.00568	0.05940	0.01282	0.01100	0.01448
32	0.01879	0.02768	0.19264	0.09329	0.03511	0.01828	0.02357	0.02815	0.07039	0.03346	0.08134	0.15488	0.09319	0.01983	0.01206	0.00385	0.01092	0.06201	0.00791	0.01264
33	0.01888	0.01106	0.01464	0.01590	0.01790	0.01032	0.01157	0.02172	0.02286	0.09599	0.05562	0.43066	0.06162	0.02928	0.01316	0.00421	0.00705	0.08129	0.06593	0.01033
34	0.69383	0.02109	0.01603	0.01434	0.02109	0.02446	0.01181	0.03205	0.01856	0.04892	0.01518	0.01771	0.01181	0.01012	0.00675	0.00337	0.00843	0.00590	0.00675	0.01181
35	0.04582	0.01787	0.02431	0.01887	0.02676	0.01549	0.01549	0.05012	0.03118	0.50881	0.08938	0.04122	0.03403	0.01431	0.01114	0.00338	0.00889	0.01178	0.01336	0.01779
36	0.03681	0.01946	0.02426	0.01859	0.02719	0.01689	0.01508	0.04460	0.09080	0.30672	0.03478	0.03240	0.02392	0.01173	0.00995	0.00279	0.00877	0.00953	0.01069	0.25503
37	0.01563	0.01146	0.01637	0.01637	0.01792	0.01300	0.01219	0.01873	0.01718	0.02446	0.03026	0.04867	0.02979	0.19116	0.46768	0.01610	0.02540	0.01254	0.00600	0.00910
38	0.01518	0.01114	0.01422	0.01345	0.01613	0.01018	0.01009	0.02008	0.03026	0.04230	0.49976	0.08380	0.14705	0.02282	0.01286	0.00345	0.00518	0.02005	0.01181	0.01018
39	0.02915	0.62337	0.05714	0.01866	0.02799	0.04314	0.01866	0.03265	0.02215	0.02565	0.01516	0.01749	0.01399	0.00933	0.00700	0.00233	0.01166	0.00583	0.00466	0.01399
40	0.01738	0.01070	0.01228	0.01188	0.01454	0.01013	0.00891	0.02228	0.02673	0.04103	0.27609	0.06539	0.11032	0.01850	0.01052	0.00306	0.00515	0.01575	0.30923	0.01013
41	0.02187	0.05640	0.56031	0.03108	0.04719	0.02532	0.04029	0.03453	0.02302	0.03453	0.01957	0.02302	0.01381	0.01036	0.01036	0.00345	0.01611	0.00806	0.00460	0.01611
42	0.01741	0.01082	0.01377	0.01444	0.01557	0.01047	0.00951	0.01891	0.01955	0.06894	0.04645	0.31225	0.05250	0.26094	0.07124	0.00768	0.00991	0.02206	0.00873	0.00886
43	0.02045	0.01817	0.02944	0.08754	0.27592	0.01829	0.02297	0.02498	0.02284	0.03157	0.03777	0.28266	0.04109	0.02053	0.01217	0.00379	0.01018	0.01904	0.00742	0.01315
44	0.04232	0.01710	0.02319	0.01828	0.02556	0.01489	0.01489	0.04672	0.03114	0.45530	0.14158	0.04585	0.04195	0.01523	0.01134	0.00338	0.00846	0.01269	0.01320	0.01693
45	0.04303	0.01979	0.02486	0.01938	0.02727	0.01840	0.01591	0.13186	0.03405	0.40146	0.04844	0.04366	0.09056	0.01520	0.01120	0.00339	0.00930	0.01227	0.01260	0.01738
46	0.08223	0.09740	0.22326	0.02407	0.03509	0.06676	0.02519	0.08558	0.07295	0.03903	0.02152	0.02367	0.01641	0.01058	0.00940	0.00296	0.01271	0.00787	0.00646	0.13688
47	0.01925	0.01654	0.02439	0.22691	0.04052	0.01994	0.02007	0.02677	0.07131	0.02975	0.07394	0.04173	0.03009	0.07824	0.17743	0.00820	0.06513	0.01190	0.00654	0.01135
48	0.01586	0.01057	0.01189	0.01189	0.01189	0.01057	0.00661	0.01586	0.01586	0.02114	0.03436	0.07135	0.03964	0.61681	0.05550	0.01057	0.01057	0.01586	0.00661	0.00661
49	0.02002	0.01158	0.01358	0.01284	0.01390	0.01126	0.00779	0.02055	0.01779	0.08849	0.03545	0.06704	0.03805	0.54089	0.04989	0.00967	0.01041	0.01524	0.00747	0.00811
50	0.04334	0.02343	0.08354	0.02660	0.09541	0.01824	0.02075	0.04872	0.02955	0.43635	0.03774	0.03437	0.02439	0.01269	0.01088	0.00337	0.01045	0.01050	0.01155	0.01814
51	0.08097	0.09752	0.03113	0.07222	0.03334	0.08180	0.01871	0.12613	0.03196	0.27361	0.03017	0.02911	0.02055	0.01225	0.01009	0.00319	0.01155	0.00931	0.00997	0.01640
52	0.03190	0.02514	0.10205	0.06798	0.18855	0.02008	0.02422	0.03772	0.02549	0.20960	0.02930	0.03436	0.02220	0.07442	0.01530	0.00400	0.01168	0.01035	0.00819	0.05746

[dist]
# distance from previous block
# <min> <max>
4	12

[block]
# block no. 4 follows, 12 sequences, length 30
# corresponding to MSA columns:
# 223-252
name=unknown_E
#
# <colnr> <probs for GDERKNQSTAVLIFYWHMCP>
#	G	D	E	R	K	N	Q	S	T	A	V	L	I	F	Y	W	H	M	C	P
0	0.10828	0.01751	0.01985	0.01706	0.02275	0.01677	0.01317	0.10039	0.02758	0.08714	0.08617	0.20197	0.04201	0.01865	0.01079	0.00325	0.00802	0.01583	0.00943	0.17337
1	0.19289	0.02496	0.02754	0.02657	0.09328	0.02751	0.01894	0.18635	0.16042	0.09133	0.02877	0.02879	0.02118	0.01242	0.00995	0.00341	0.01020	0.00959	0.00947	0.01644
2	0.02625	0.02292	0.02866	0.02426	0.03073	0.02549	0.08390	0.05153	0.40944	0.04365	0.04043	0.03913	0.03045	0.01381	0.01099	0.00358	0.00962	0.01219	0.07677	0.01620
3	0.02504	0.02340	0.03941	0.11402	0.42806	0.02390	0.03095	0.03140	0.02456	0.03442	0.02551	0.04039	0.02324	0.01264	0.01139	0.00352	0.01271	0.07370	0.00598	0.01575
4	0.01425	0.01082	0.01274	0.01275	0.01520	0.00972	0.00915	0.01754	0.02575	0.03399	0.26583	0.16163	0.25431	0.08665	0.01737	0.00439	0.00600	0.02208	0.01050	0.00932
5	0.01289	0.01105	0.01105	0.01105	0.01473	0.00920	0.00828	0.01565	0.02485	0.02946	0.11046	0.10493	0.54437	0.02761	0.01289	0.00368	0.00552	0.02301	0.01013	0.00920
6	0.01466	0.00990	0.01268	0.01421	0.01548	0.00931	0.00981	0.01762	0.02306	0.03263	0.14902	0.43055	0.07193	0.02894	0.01285	0.00398	0.00593	0.02598	0.10217	0.00931
7	0.04145	0.03054	0.03272	0.02509	0.03381	0.03381	0.02072	0.51243	0.05127	0.06872	0.02618	0.02618	0.01854	0.01309	0.01091	0.00327	0.01200	0.00982	0.01091	0.01854
8	0.03525	0.02477	0.02877	0.02317	0.02973	0.02767	0.01898	0.32251	0.03930	0.10468	0.02758	0.03066	0.02093	0.02836	0.13376	0.00646	0.06139	0.01031	0.00959	0.01613
9	0.02385	0.02385	0.03340	0.02863	0.02863	0.03340	0.02385	0.02624	0.01670	0.02624	0.01431	0.02385	0.01431	0.01908	0.03578	0.00477	0.59685	0.00954	0.00477	0.01193
10	0.03167	0.37182	0.11831	0.02323	0.03236	0.20172	0.02236	0.03622	0.02493	0.02719	0.01628	0.01891	0.01398	0.01005	0.00832	0.00263	0.01470	0.00650	0.00495	0.01387
11	0.01569	0.01122	0.01518	0.01518	0.01631	0.01235	0.01070	0.01796	0.01683	0.02357	0.03135	0.05472	0.03242	0.30477	0.35766	0.01463	0.02144	0.01342	0.00616	0.00843
12	0.02738	0.21589	0.19451	0.03083	0.07471	0.08581	0.09700	0.03724	0.07580	0.03236	0.02094	0.02404	0.01652	0.01038	0.00977	0.00310	0.01448	0.00854	0.00557	0.01513
13	0.02640	0.07378	0.14552	0.02879	0.03779	0.02180	0.16955	0.03325	0.02473	0.12572	0.03379	0.16618	0.03084	0.01613	0.01182	0.00365	0.01292	0.01531	0.00778	0.01424
14	0.02533	0.02154	0.02311	0.02089	0.02650	0.02454	0.01619	0.05221	0.45270	0.04532	0.12084	0.04693	0.04396	0.01594	0.01137	0.00366	0.00809	0.01346	0.01123	0.01619
15	0.02495	0.01931	0.02285	0.01644	0.02602	0.01467	0.01320	0.02974	0.02337	0.08182	0.02148	0.02390	0.01711	0.00856	0.00833	0.00177	0.00818	0.00686	0.00709	0.62436
16	0.03631	0.11727	0.07313	0.02389	0.03313	0.06857	0.02107	0.32861	0.04078	0.05391	0.02281	0.02391	0.01701	0.01172	0.00995	0.00295	0.01236	0.00859	0.00875	0.08529
17	0.02742	0.14531	0.11653	0.01979	0.02740	0.02108	0.01875	0.03236	0.02386	0.15696	0.03479	0.16738	0.03221	0.02192	0.05369	0.00439	0.01163	0.01397	0.00832	0.06221
18	0.03233	0.15832	0.15750	0.02236	0.03205	0.02683	0.02245	0.13275	0.03136	0.15288	0.09561	0.03338	0.02965	0.01297	0.01022	0.00316	0.01138	0.01013	0.00880	0.01589
19	0.01915	0.03476	0.28896	0.02267	0.03246	0.01891	0.02557	0.02959	0.06226	0.03717	0.18093	0.05255	0.11725	0.01653	0.01148	0.00350	0.01096	0.01380	0.00795	0.01356
20	0.01328	0.00949	0.01265	0.01518	0.01581	0.00886	0.01012	0.01518	0.02088	0.02783	0.06010	0.60969	0.07212	0.03416	0.01392	0.00443	0.00633	0.03100	0.01012	0.00886
21	0.03091	0.11732	0.12798	0.07694	0.08627	0.06145	0.02335	0.03663	0.02547	0.17441	0.03080	0.10738	0.02589	0.01438	0.01057	0.00335	0.01202	0.01191	0.00798	0.01499
22	0.02830	0.09314	0.20703	0.11846	0.17931	0.02554	0.03080	0.03621	0.02461	0.12036	0.02328	0.02676	0.01706	0.01069	0.01032	0.00330	0.01346	0.00900	0.00634	0.01604
23	0.01668	0.01982	0.09474	0.02066	0.02524	0.01559	0.06493	0.02107	0.02233	0.02975	0.06007	0.27084	0.18409	0.02504	0.01527	0.00405	0.06901	0.02162	0.00836	0.01085
24	0.02965	0.01870	0.02721	0.07005	0.10009	0.01997	0.01955	0.03429	0.02659	0.19912	0.16718	0.04439	0.04261	0.01628	0.01645	0.00367	0.12756	0.01277	0.00956	0.01432
25	0.08169	0.02226	0.07232	0.02397	0.06849	0.01973	0.01910	0.07391	0.06210	0.23529	0.03275	0.03447	0.02385	0.02893	0.14402	0.00674	0.01499	0.01042	0.00941	0.01556
26	0.02932	0.02800	0.14695	0.12600	0.12758	0.02119	0.06373	0.03638	0.02534	0.17544	0.03043	0.08899	0.02428	0.01354	0.01124	0.00354	0.01263	0.01211	0.00784	0.01546
27	0.02016	0.01326	0.01776	0.02186	0.09026	0.01326	0.01508	0.02541	0.02401	0.03681	0.04221	0.07115	0.04016	0.01914	0.01098	0.00361	0.00811	0.19301	0.32265	0.01109
28	0.01678	0.01380	0.02018	0.19683	0.03497	0.01521	0.01669	0.02163	0.02347	0.03149	0.18067	0.05999	0.11630	0.07736	0.12135	0.00675	0.01314	0.01517	0.00789	0.01032
29	0.15756	0.02349	0.03274	0.14350	0.08163	0.06209	0.10312	0.03612	0.02539	0.14426	0.06398	0.03179	0.02389	0.01180	0.01052	0.00343	0.01246	0.01035	0.00776	0.01413

[dist]
# distance from previous block
# <min> <max>
2	5

[block]
# block no. 5 follows, 12 sequences, length 25
# corresponding to MSA columns:
# 260-284
name=unknown_F
#
# <colnr> <probs for GDERKNQSTAVLIFYWHMCP>
#	G	D	E	R	K	N	Q	S	T	A	V	L	I	F	Y	W	H	M	C	P
0	0.04209	0.01782	0.02335	0.01797	0.02599	0.01520	0.01470	0.04649	0.02908	0.42626	0.03875	0.03533	0.02548	0.01261	0.01019	0.00303	0.00867	0.01022	0.08057	0.11621
1	0.02680	0.53241	0.05055	0.01814	0.02618	0.03806	0.01739	0.03006	0.02197	0.02598	0.02182	0.10523	0.02260	0.01301	0.00802	0.00264	0.01087	0.00956	0.00547	0.01323
2	0.01348	0.01107	0.01186	0.01167	0.01509	0.00946	0.00875	0.01679	0.02625	0.03277	0.21084	0.09948	0.44192	0.02638	0.01288	0.00362	0.00543	0.02225	0.01056	0.00946
3	0.02240	0.01269	0.01681	0.01490	0.01869	0.01148	0.01148	0.02735	0.03094	0.15032	0.43906	0.07223	0.08710	0.02046	0.01247	0.00342	0.00600	0.01790	0.01231	0.01201
4	0.02699	0.02591	0.04426	0.06693	0.54879	0.02591	0.03346	0.03346	0.02483	0.03562	0.02051	0.02699	0.01727	0.00972	0.01079	0.00324	0.01295	0.00972	0.00540	0.01727
5	0.01365	0.01077	0.01211	0.01297	0.01552	0.00954	0.00948	0.01620	0.02322	0.02873	0.08742	0.22801	0.34527	0.07390	0.01656	0.00451	0.00652	0.06678	0.00985	0.00900
6	0.04396	0.01746	0.02371	0.01856	0.02612	0.01518	0.01518	0.04831	0.03116	0.48039	0.11710	0.04368	0.03823	0.01480	0.01125	0.00338	0.00867	0.01226	0.01327	0.01733
7	0.03591	0.01977	0.02306	0.01919	0.02584	0.02029	0.01536	0.09272	0.19536	0.24991	0.04055	0.03790	0.02844	0.01374	0.01040	0.00332	0.00856	0.01116	0.13190	0.01662
8	0.01941	0.01492	0.01855	0.01887	0.02233	0.01562	0.01550	0.03100	0.15444	0.03896	0.18709	0.09076	0.06626	0.02409	0.01345	0.00425	0.00834	0.23337	0.01084	0.01194
9	0.03524	0.01496	0.01929	0.01588	0.02168	0.01342	0.01272	0.03986	0.02887	0.32561	0.12845	0.04584	0.04053	0.01482	0.01038	0.00316	0.00741	0.01228	0.19482	0.01481
10	0.02913	0.03243	0.03809	0.03928	0.16546	0.20012	0.12381	0.03600	0.06138	0.03214	0.02718	0.11242	0.02532	0.01407	0.01140	0.00340	0.01496	0.01284	0.00659	0.01400
11	0.02954	0.45930	0.09049	0.07993	0.03442	0.03723	0.02131	0.03421	0.02303	0.07625	0.01855	0.02097	0.01525	0.00996	0.00804	0.00265	0.01208	0.00689	0.00551	0.01439
12	0.01846	0.01217	0.01349	0.01253	0.01682	0.01032	0.00962	0.02166	0.02636	0.10886	0.14096	0.09269	0.42638	0.02502	0.01260	0.00361	0.00604	0.02092	0.01080	0.01069
13	0.06591	0.03331	0.17210	0.02355	0.03260	0.07882	0.02289	0.04451	0.16769	0.14483	0.07470	0.03512	0.02935	0.01332	0.01065	0.00343	0.01166	0.01060	0.00907	0.01586
14	0.02884	0.56929	0.05779	0.02114	0.03063	0.04173	0.06332	0.03286	0.02248	0.02650	0.01579	0.01858	0.01422	0.00932	0.00753	0.00245	0.01227	0.00647	0.00474	0.01406
15	0.03288	0.01649	0.02095	0.01721	0.02314	0.01523	0.01376	0.08647	0.03262	0.27379	0.22610	0.05798	0.10033	0.01788	0.01181	0.00341	0.00775	0.01507	0.01238	0.01475
16	0.10426	0.02057	0.06368	0.01973	0.02688	0.01753	0.01731	0.04248	0.06886	0.30295	0.03883	0.04676	0.02963	0.01732	0.01349	0.05490	0.00979	0.07904	0.01074	0.01526
17	0.02301	0.02075	0.03151	0.46714	0.06531	0.02532	0.02769	0.06594	0.09901	0.03332	0.02356	0.03059	0.01759	0.01163	0.01093	0.00362	0.01348	0.01009	0.00619	0.01332
18	0.01549	0.01107	0.01514	0.01740	0.01908	0.01072	0.01368	0.01912	0.02364	0.03132	0.09540	0.33813	0.06998	0.03134	0.01438	0.00463	0.00801	0.24173	0.01022	0.00953
19	0.02023	0.02438	0.16176	0.02236	0.02872	0.01548	0.06050	0.02580	0.02291	0.08441	0.04454	0.34857	0.04755	0.02371	0.01259	0.00400	0.01020	0.02141	0.00864	0.01224
20	0.13129	0.11828	0.03463	0.07387	0.13418	0.07822	0.02157	0.10711	0.07061	0.09513	0.02367	0.02575	0.01801	0.01126	0.00959	0.00317	0.01193	0.00867	0.00759	0.01546
21	0.01391	0.00995	0.01327	0.01520	0.01628	0.00932	0.01057	0.01656	0.02289	0.03093	0.14595	0.48845	0.07707	0.03182	0.01379	0.00428	0.00632	0.05382	0.01045	0.00918
22	0.01427	0.01053	0.01370	0.01528	0.01687	0.00945	0.01042	0.01647	0.02106	0.02864	0.05581	0.54785	0.06622	0.03141	0.01330	0.00413	0.00651	0.02841	0.00974	0.07991
23	0.09468	0.02708	0.13087	0.33575	0.05864	0.02394	0.06214	0.03234	0.02282	0.07993	0.02131	0.02750	0.01539	0.01084	0.01050	0.00355	0.01398	0.00932	0.00583	0.01359
24	0.03321	0.11835	0.07724	0.08490	0.16540	0.05474	0.02438	0.04123	0.07331	0.17929	0.02784	0.02914	0.02030	0.01143	0.01021	0.00321	0.01207	0.00944	0.00798	0.01632

[dist]
# distance from previous block
# <min> <max>
1	5

[block]
# block no. 6 follows, 12 sequences, length 58
# corresponding to MSA columns:
# 290-347
name=unknown_G
#
# <colnr> <probs for GDERKNQSTAVLIFYWHMCP>
#	G	D	E	R	K	N	Q	S	T	A	V	L	I	F	Y	W	H	M	C	P
0	0.24130	0.15383	0.15559	0.05905	0.03335	0.02700	0.02170	0.03415	0.02208	0.08672	0.01946	0.02190	0.01468	0.01024	0.00843	0.00307	0.01139	0.00718	0.00630	0.06257
1	0.16317	0.02049	0.03143	0.07954	0.07084	0.02173	0.11933	0.03056	0.02310	0.08555	0.06667	0.03786	0.06234	0.02082	0.07309	0.00510	0.05658	0.01159	0.00725	0.01295
2	0.02327	0.06631	0.10376	0.02220	0.06757	0.01887	0.01875	0.02927	0.02280	0.03472	0.01920	0.02264	0.01575	0.00861	0.00853	0.00205	0.00983	0.00689	0.00599	0.49297
3	0.02150	0.01613	0.01866	0.01851	0.02242	0.01746	0.01499	0.03637	0.21715	0.04004	0.09359	0.07298	0.04898	0.02042	0.01201	0.00392	0.00816	0.17315	0.13071	0.01283
4	0.01676	0.01185	0.01258	0.01194	0.01614	0.00994	0.00912	0.01968	0.02554	0.08612	0.10320	0.09764	0.48872	0.02610	0.01268	0.00365	0.00593	0.02172	0.01049	0.01021
5	0.12725	0.01766	0.02126	0.01740	0.02374	0.01705	0.01404	0.08353	0.03125	0.27374	0.19884	0.04767	0.04855	0.01582	0.01098	0.00338	0.00809	0.01297	0.01183	0.01495
6	0.01328	0.00949	0.01265	0.01518	0.01581	0.00886	0.01012	0.01518	0.02088	0.02783	0.06010	0.60969	0.07212	0.03416	0.01392	0.00443	0.00633	0.03100	0.01012	0.00886
7	0.30004	0.02318	0.02390	0.01913	0.02699	0.02473	0.01579	0.18393	0.03231	0.20932	0.02698	0.02618	0.01847	0.01205	0.00929	0.00334	0.00977	0.00863	0.01006	0.01590
8	0.01757	0.01255	0.01757	0.02008	0.02259	0.01255	0.01757	0.02259	0.02510	0.03263	0.05773	0.12299	0.06275	0.03012	0.01506	0.00502	0.01004	0.47540	0.01004	0.01004
9	0.52999	0.02346	0.02022	0.01704	0.02428	0.02681	0.01405	0.15269	0.02677	0.05389	0.01794	0.01984	0.01350	0.01087	0.00779	0.00335	0.00933	0.00689	0.00779	0.01350
10	0.02187	0.05640	0.56031	0.03108	0.04719	0.02532	0.04029	0.03453	0.02302	0.03453	0.01957	0.02302	0.01381	0.01036	0.01036	0.00345	0.01611	0.00806	0.00460	0.01611
11	0.03146	0.02240	0.03456	0.11824	0.20453	0.02477	0.02570	0.03638	0.02415	0.17853	0.02512	0.02934	0.01887	0.01330	0.01713	0.00372	0.15878	0.01002	0.00744	0.01556
12	0.69383	0.02109	0.01603	0.01434	0.02109	0.02446	0.01181	0.03205	0.01856	0.04892	0.01518	0.01771	0.01181	0.01012	0.00675	0.00337	0.00843	0.00590	0.00675	0.01181
13	0.02181	0.02288	0.04706	0.03531	0.04308	0.02142	0.33981	0.02898	0.02548	0.03473	0.10225	0.15279	0.03969	0.01601	0.01308	0.00379	0.01413	0.01745	0.00734	0.01292
14	0.01629	0.01338	0.01492	0.01355	0.01798	0.01192	0.01033	0.02261	0.07294	0.03587	0.21509	0.08081	0.29748	0.02219	0.01204	0.00332	0.00606	0.01878	0.01024	0.10419
15	0.03269	0.02485	0.02707	0.02205	0.02890	0.02736	0.01775	0.30375	0.15921	0.05811	0.13762	0.04104	0.03949	0.01540	0.01136	0.00340	0.00979	0.01246	0.01118	0.01653
16	0.02059	0.01938	0.03270	0.59060	0.07510	0.02422	0.03028	0.02786	0.02180	0.02786	0.01938	0.02907	0.01453	0.01090	0.01090	0.00363	0.01453	0.00969	0.00484	0.01211
17	0.01348	0.00964	0.01283	0.01505	0.01586	0.00899	0.01014	0.01568	0.02180	0.02931	0.10481	0.56078	0.07496	0.03306	0.01382	0.00434	0.00622	0.02995	0.01030	0.00899
18	0.01328	0.00949	0.01265	0.01518	0.01581	0.00886	0.01012	0.01518	0.02088	0.02783	0.06010	0.60969	0.07212	0.03416	0.01392	0.00443	0.00633	0.03100	0.01012	0.00886
19	0.04821	0.01970	0.02601	0.01994	0.02840	0.01772	0.01647	0.09697	0.03312	0.50980	0.04141	0.03607	0.02618	0.01346	0.01096	0.00336	0.00954	0.01086	0.01325	0.01855
20	0.13129	0.02276	0.02403	0.01929	0.02718	0.07131	0.01554	0.04556	0.08155	0.29424	0.03289	0.03074	0.02253	0.01205	0.00981	0.00306	0.00988	0.00929	0.01038	0.12661
21	0.02681	0.02640	0.04705	0.06400	0.48028	0.02614	0.09974	0.03367	0.02495	0.03552	0.02073	0.02732	0.01717	0.00964	0.01108	0.00330	0.01371	0.01015	0.00541	0.01691
22	0.02011	0.01188	0.01542	0.01487	0.01665	0.01200	0.01026	0.02199	0.01900	0.09759	0.03689	0.11650	0.03791	0.32042	0.18977	0.01085	0.01515	0.01564	0.00773	0.00939
23	0.69383	0.02109	0.01603	0.01434	0.02109	0.02446	0.01181	0.03205	0.01856	0.04892	0.01518	0.01771	0.01181	0.01012	0.00675	0.00337	0.00843	0.00590	0.00675	0.01181
24	0.34766	0.02445	0.02388	0.01927	0.02703	0.02696	0.01590	0.22373	0.03317	0.12739	0.02338	0.02374	0.01657	0.01176	0.00897	0.00333	0.00995	0.00815	0.00932	0.01539
25	0.01651	0.01263	0.01688	0.01658	0.01732	0.01453	0.01187	0.01842	0.01724	0.02419	0.03342	0.13010	0.03646	0.27134	0.22291	0.01127	0.09735	0.01568	0.00658	0.00872
26	0.01328	0.00949	0.01265	0.01518	0.01581	0.00886	0.01012	0.01518	0.02088	0.02783	0.06010	0.60969	0.07212	0.03416	0.01392	0.00443	0.00633	0.03100	0.01012	0.00886
27	0.02912	0.02441	0.02578	0.02259	0.02911	0.02805	0.01774	0.12125	0.46253	0.04883	0.04184	0.03866	0.03123	0.01456	0.01107	0.00364	0.00910	0.01198	0.01107	0.01744
28	0.01586	0.01057	0.01189	0.01189	0.01189	0.01057	0.00661	0.01586	0.01586	0.02114	0.03436	0.07135	0.03964	0.61681	0.05550	0.01057	0.01057	0.01586	0.00661	0.00661
29	0.40871	0.01997	0.02013	0.01658	0.02407	0.02073	0.01367	0.04137	0.02415	0.27326	0.02749	0.02629	0.01852	0.01161	0.00861	0.00337	0.00881	0.00814	0.00973	0.01479
30	0.04508	0.02052	0.02601	0.02040	0.02855	0.01948	0.01670	0.10320	0.10272	0.43275	0.04140	0.03643	0.02696	0.01363	0.01098	0.00341	0.00948	0.01103	0.01288	0.01837
31	0.01407	0.01051	0.01327	0.01516	0.01695	0.00971	0.01120	0.01684	0.02275	0.02924	0.07225	0.38201	0.18877	0.03168	0.01390	0.00436	0.00689	0.12114	0.01011	0.00919
32	0.03154	0.10874	0.03612	0.24638	0.04922	0.03135	0.02419	0.25520	0.03563	0.04666	0.02197	0.02610	0.01633	0.01171	0.01036	0.00328	0.01295	0.00921	0.00766	0.01538
33	0.02924	0.10420	0.03009	0.10021	0.03415	0.02159	0.01733	0.06847	0.02605	0.12698	0.02344	0.02563	0.01770	0.00998	0.00905	0.00244	0.01000	0.00787	0.00754	0.32803
34	0.38200	0.03410	0.22110	0.02109	0.03151	0.02400	0.02288	0.03493	0.02140	0.09050	0.01940	0.02150	0.01397	0.01052	0.00849	0.00340	0.01139	0.00718	0.00657	0.01405
35	0.02828	0.02311	0.07134	0.19480	0.21129	0.02165	0.02649	0.03425	0.02424	0.14224	0.02639	0.03420	0.02072	0.07619	0.01564	0.00418	0.01259	0.01051	0.00703	0.01487
36	0.03829	0.03342	0.23551	0.02399	0.03544	0.01968	0.02556	0.04583	0.02799	0.35132	0.03380	0.03158	0.02181	0.01226	0.01073	0.00340	0.01196	0.00982	0.01000	0.01760
37	0.04145	0.03054	0.03272	0.02509	0.03381	0.03381	0.02072	0.51243	0.05127	0.06872	0.02618	0.02618	0.01854	0.01309	0.01091	0.00327	0.01200	0.00982	0.01091	0.01854
38	0.04892	0.01856	0.02530	0.01940	0.02783	0.01603	0.01603	0.05314	0.03121	0.55634	0.04302	0.03711	0.02699	0.01350	0.01096	0.00337	0.00928	0.01096	0.01350	0.01856
39	0.02261	0.01938	0.02261	0.01615	0.02584	0.01453	0.01292	0.02745	0.02261	0.03553	0.01938	0.02261	0.01615	0.00807	0.00807	0.00161	0.00807	0.00646	0.00646	0.68346
40	0.69383	0.02109	0.01603	0.01434	0.02109	0.02446	0.01181	0.03205	0.01856	0.04892	0.01518	0.01771	0.01181	0.01012	0.00675	0.00337	0.00843	0.00590	0.00675	0.01181
41	0.02574	0.02941	0.06434	0.04596	0.05699	0.02757	0.50919	0.03493	0.02574	0.03493	0.02206	0.02941	0.01654	0.00919	0.01287	0.00368	0.01838	0.01287	0.00551	0.01471
42	0.02261	0.01938	0.02261	0.01615	0.02584	0.01453	0.01292	0.02745	0.02261	0.03553	0.01938	0.02261	0.01615	0.00807	0.00807	0.00161	0.00807	0.00646	0.00646	0.68346
43	0.02399	0.14403	0.02789	0.01902	0.02418	0.02551	0.01504	0.04069	0.27951	0.03551	0.03918	0.12185	0.03575	0.10031	0.01684	0.00448	0.00920	0.01415	0.00900	0.01389
44	0.01366	0.01034	0.01261	0.01359	0.01560	0.00929	0.00960	0.01657	0.02440	0.03201	0.18734	0.33436	0.22225	0.02943	0.01336	0.00397	0.00581	0.02596	0.01056	0.00929
45	0.21352	0.02700	0.07131	0.12512	0.04190	0.02724	0.10303	0.13668	0.07489	0.04573	0.02244	0.02599	0.01665	0.01118	0.01006	0.00348	0.01252	0.00932	0.00734	0.01460
46	0.02779	0.09652	0.16950	0.11254	0.08399	0.02653	0.17791	0.03605	0.02486	0.10554	0.02317	0.02748	0.01685	0.01035	0.01096	0.00340	0.01495	0.01005	0.00622	0.01532
47	0.01328	0.00949	0.01265	0.01518	0.01581	0.00886	0.01012	0.01518	0.02088	0.02783	0.06010	0.60969	0.07212	0.03416	0.01392	0.00443	0.00633	0.03100	0.01012	0.00886
48	0.03112	0.02295	0.02821	0.23654	0.04566	0.07449	0.02192	0.12003	0.02979	0.14468	0.03094	0.11021	0.02581	0.01510	0.01123	0.00355	0.01233	0.01269	0.00854	0.01420
49	0.21261	0.19750	0.09392	0.10133	0.03740	0.03039	0.06597	0.03464	0.06991	0.03619	0.01966	0.02308	0.01552	0.01039	0.00877	0.00318	0.01197	0.00790	0.00596	0.01373
50	0.01488	0.01142	0.01603	0.09574	0.02496	0.01155	0.01386	0.01804	0.02190	0.02864	0.05780	0.42217	0.09754	0.02986	0.01358	0.00435	0.00794	0.09086	0.00938	0.00950
51	0.01566	0.01135	0.01582	0.01582	0.01718	0.01270	0.01150	0.01838	0.01702	0.02405	0.03076	0.05147	0.03101	0.24378	0.41672	0.01542	0.02356	0.01295	0.00607	0.00879
52	0.11927	0.02475	0.03120	0.38131	0.10694	0.10028	0.02670	0.03115	0.02289	0.03142	0.01854	0.02596	0.01434	0.01072	0.01016	0.00345	0.01423	0.00879	0.00527	0.01263
53	0.01469	0.01058	0.01420	0.01489	0.01635	0.01047	0.01057	0.01786	0.02289	0.03175	0.20541	0.27213	0.06954	0.09585	0.13360	0.00741	0.01110	0.02195	0.00950	0.00928
54	0.02511	0.02565	0.03757	0.23005	0.13672	0.08204	0.10576	0.03158	0.02411	0.03183	0.01974	0.02640	0.01562	0.00986	0.01050	0.00306	0.01409	0.00925	0.00547	0.15559
55	0.02594	0.03021	0.10519	0.15053	0.11581	0.07723	0.02651	0.04049	0.18471	0.03530	0.02683	0.03027	0.02074	0.01271	0.01315	0.00360	0.06870	0.01005	0.00695	0.01508
56	0.02743	0.02953	0.06094	0.04371	0.05449	0.02824	0.45666	0.08628	0.02848	0.03856	0.02250	0.02906	0.01676	0.00961	0.01266	0.00363	0.01770	0.01254	0.00609	0.01512
57	0.12264	0.02597	0.03440	0.10553	0.04082	0.02865	0.10800	0.19654	0.13921	0.04932	0.02683	0.02907	0.01982	0.01203	0.01073	0.00350	0.01230	0.01034	0.00856	0.01576

[dist]
# distance from previous block
# <min> <max>
1	2

[block]
# block no. 7 follows, 12 sequences, length 30
# corresponding to MSA columns:
# 350-379
name=unknown_H
#
# <colnr> <probs for GDERKNQSTAVLIFYWHMCP>
#	G	D	E	R	K	N	Q	S	T	A	V	L	I	F	Y	W	H	M	C	P
0	0.03752	0.08673	0.13791	0.02922	0.10284	0.07102	0.02421	0.07788	0.02934	0.25209	0.02926	0.02883	0.02013	0.01175	0.01035	0.00322	0.01244	0.00932	0.00896	0.01697
1	0.02712	0.02342	0.02465	0.02219	0.02835	0.02712	0.01726	0.05794	0.52909	0.04561	0.04438	0.04068	0.03328	0.01479	0.01109	0.00370	0.00863	0.01233	0.01109	0.01726
2	0.02815	0.02435	0.04095	0.13311	0.43679	0.02477	0.03142	0.03453	0.02501	0.08271	0.02244	0.02820	0.01780	0.01022	0.01082	0.00330	0.01283	0.00983	0.00607	0.01669
3	0.01495	0.01100	0.01399	0.01351	0.01606	0.01004	0.01003	0.01953	0.02931	0.04068	0.45066	0.12753	0.15432	0.02391	0.01295	0.00354	0.00529	0.02104	0.01162	0.01004
4	0.01659	0.01113	0.01490	0.01618	0.01736	0.01120	0.01216	0.01841	0.01992	0.02639	0.04400	0.14964	0.04874	0.20179	0.07258	0.09881	0.01112	0.19283	0.00804	0.00818
5	0.69383	0.02109	0.01603	0.01434	0.02109	0.02446	0.01181	0.03205	0.01856	0.04892	0.01518	0.01771	0.01181	0.01012	0.00675	0.00337	0.00843	0.00590	0.00675	0.01181
6	0.01428	0.01110	0.01298	0.01251	0.01558	0.00980	0.00938	0.01835	0.02815	0.03728	0.34759	0.09206	0.30235	0.02470	0.01287	0.00354	0.00532	0.02121	0.01115	0.00980
7	0.01420	0.01126	0.01288	0.01293	0.01615	0.00993	0.01001	0.01794	0.02664	0.03402	0.23076	0.10026	0.35615	0.02636	0.01314	0.00377	0.00596	0.07734	0.01066	0.00962
8	0.69383	0.02109	0.01603	0.01434	0.02109	0.02446	0.01181	0.03205	0.01856	0.04892	0.01518	0.01771	0.01181	0.01012	0.00675	0.00337	0.00843	0.00590	0.00675	0.01181
9	0.03802	0.04757	0.03114	0.10390	0.03929	0.49907	0.02231	0.04143	0.02967	0.02684	0.01719	0.02093	0.01411	0.01119	0.00998	0.00292	0.01897	0.00738	0.00551	0.01257
10	0.02261	0.01938	0.02261	0.01615	0.02584	0.01453	0.01292	0.02745	0.02261	0.03553	0.01938	0.02261	0.01615	0.00807	0.00807	0.00161	0.00807	0.00646	0.00646	0.68346
11	0.01438	0.01110	0.01312	0.01261	0.01564	0.00984	0.00946	0.01854	0.02838	0.03783	0.36420	0.09116	0.28540	0.02449	0.01287	0.00353	0.00530	0.02108	0.01123	0.00984
12	0.22149	0.02488	0.02626	0.02069	0.02880	0.02670	0.01708	0.26343	0.03719	0.18841	0.02750	0.02667	0.01887	0.01238	0.00979	0.00333	0.01033	0.00904	0.01044	0.01671
13	0.02450	0.02576	0.04400	0.03457	0.03835	0.03140	0.19020	0.02922	0.01980	0.02922	0.01697	0.02576	0.01508	0.01569	0.02793	0.00440	0.39859	0.01068	0.00503	0.01288
14	0.04145	0.03054	0.03272	0.02509	0.03381	0.03381	0.02072	0.51243	0.05127	0.06872	0.02618	0.02618	0.01854	0.01309	0.01091	0.00327	0.01200	0.00982	0.01091	0.01854
15	0.02545	0.02434	0.04148	0.19263	0.43508	0.02550	0.03270	0.03212	0.02410	0.03376	0.02024	0.02749	0.01661	0.01000	0.01082	0.00333	0.01333	0.00971	0.00526	0.01603
16	0.12937	0.02927	0.03047	0.02364	0.03210	0.03255	0.01952	0.44769	0.04686	0.06605	0.02470	0.02504	0.01764	0.01269	0.01035	0.00329	0.01152	0.00929	0.01035	0.01764
17	0.02261	0.01938	0.02261	0.01615	0.02584	0.01453	0.01292	0.02745	0.02261	0.03553	0.01938	0.02261	0.01615	0.00807	0.00807	0.00161	0.00807	0.00646	0.00646	0.68346
18	0.02794	0.01536	0.02373	0.02035	0.02525	0.01387	0.07328	0.03185	0.02608	0.22205	0.09087	0.28526	0.05158	0.02258	0.01263	0.00387	0.00877	0.02053	0.01095	0.01322
19	0.01308	0.01030	0.01182	0.01303	0.01525	0.00904	0.00916	0.01542	0.02295	0.02868	0.08632	0.34681	0.31806	0.03075	0.01338	0.00404	0.00591	0.02684	0.01012	0.00904
20	0.02385	0.02385	0.03340	0.02863	0.02863	0.03340	0.02385	0.02624	0.01670	0.02624	0.01431	0.02385	0.01431	0.01908	0.03578	0.00477	0.59685	0.00954	0.00477	0.01193
21	0.04073	0.05197	0.03090	0.02809	0.03371	0.57303	0.02107	0.04354	0.03090	0.02669	0.01685	0.01966	0.01404	0.01124	0.00983	0.00281	0.01966	0.00702	0.00562	0.01264
22	0.03134	0.02040	0.02565	0.02464	0.09012	0.01960	0.01721	0.04365	0.17428	0.19058	0.04163	0.03979	0.07002	0.01352	0.01056	0.00312	0.00897	0.01133	0.01007	0.15353
23	0.03960	0.01842	0.02330	0.01908	0.02595	0.01747	0.01579	0.11543	0.03230	0.33988	0.04139	0.04750	0.03065	0.01556	0.01105	0.00346	0.00922	0.07327	0.10442	0.01625
24	0.01404	0.00981	0.01243	0.01422	0.01466	0.00936	0.00909	0.01538	0.01940	0.02587	0.05254	0.45165	0.06258	0.20521	0.02612	0.00623	0.00757	0.02655	0.00909	0.00820
25	0.03028	0.02608	0.08729	0.03604	0.10937	0.02178	0.20989	0.03727	0.02675	0.17552	0.03811	0.03985	0.08374	0.01278	0.01186	0.00352	0.01342	0.01275	0.00814	0.01554
26	0.03894	0.07163	0.03414	0.02444	0.03144	0.02516	0.06407	0.10022	0.02934	0.29287	0.03066	0.03065	0.02124	0.01389	0.01606	0.00360	0.13508	0.01028	0.00987	0.01642
27	0.03524	0.01552	0.02022	0.01676	0.02299	0.01344	0.01336	0.03900	0.02884	0.35389	0.09730	0.10817	0.14947	0.01915	0.01180	0.00354	0.00787	0.01610	0.01234	0.01500
28	0.47623	0.02811	0.02258	0.02363	0.08821	0.13895	0.01638	0.03462	0.02189	0.04266	0.01618	0.01925	0.01294	0.01030	0.00788	0.00324	0.01133	0.00660	0.00635	0.01265
29	0.01467	0.01063	0.01323	0.01356	0.01519	0.01008	0.00937	0.01745	0.02332	0.03157	0.21701	0.20882	0.13545	0.16401	0.06092	0.00628	0.00835	0.02150	0.00965	0.00892

[dist]
# distance from previous block
# <min> <max>
0	1

[block]
# block no. 8 follows, 12 sequences, length 20
# corresponding to MSA columns:
# 381-400
name=unknown_I
#
