[name]
unknown

[dist]
# distance from previous block
# <min> <max>
0	105

[block]
# block no. 0 follows, 12 sequences, length 24
# corresponding to MSA columns:
# 105-128
name=unknown_A
#
# <colnr> <probs for GDERKNQSTAVLIFYWHMCP>
#	G	D	E	R	K	N	Q	S	T	A	V	L	I	F	Y	W	H	M	C	P
0	0.03730	0.02848	0.03038	0.02425	0.03223	0.03187	0.01972	0.38074	0.18972	0.06202	0.03145	0.03038	0.02281	0.01358	0.01096	0.00340	0.01102	0.01054	0.01096	0.01817
1	0.01298	0.01069	0.01141	0.01200	0.01498	0.00912	0.00871	0.01554	0.02394	0.02908	0.09890	0.22080	0.43597	0.02912	0.01312	0.00385	0.00571	0.02484	0.01012	0.00912
2	0.01459	0.01158	0.01431	0.01452	0.01661	0.01130	0.01067	0.01771	0.02460	0.03266	0.20741	0.25540	0.22634	0.02757	0.01502	0.00394	0.05231	0.02361	0.01023	0.00961
3	0.01894	0.00947	0.01420	0.01420	0.01420	0.00947	0.00947	0.01420	0.01420	0.01894	0.01894	0.03314	0.01894	0.03788	0.04261	0.68277	0.00947	0.00947	0.00473	0.00473
4	0.01586	0.01057	0.01189	0.01189	0.01189	0.01057	0.00661	0.01586	0.01586	0.02114	0.03436	0.07135	0.03964	0.61681	0.05550	0.01057	0.01057	0.01586	0.00661	0.00661
5	0.02059	0.01938	0.03270	0.59060	0.07510	0.02422	0.03028	0.02786	0.02180	0.02786	0.01938	0.02907	0.01453	0.01090	0.01090	0.00363	0.01453	0.00969	0.00484	0.01211
6	0.02699	0.02591	0.04426	0.06693	0.54879	0.02591	0.03346	0.03346	0.02483	0.03562	0.02051	0.02699	0.01727	0.00972	0.01079	0.00324	0.01295	0.00972	0.00540	0.01727
7	0.54579	0.02051	0.01816	0.01550	0.02264	0.02252	0.01278	0.03689	0.02146	0.16539	0.02157	0.02217	0.01529	0.01090	0.00772	0.00337	0.00863	0.00707	0.00830	0.01336
8	0.01328	0.00949	0.01265	0.01518	0.01581	0.00886	0.01012	0.01518	0.02088	0.02783	0.06010	0.60969	0.07212	0.03416	0.01392	0.00443	0.00633	0.03100	0.01012	0.00886
9	0.02059	0.01938	0.03270	0.59060	0.07510	0.02422	0.03028	0.02786	0.02180	0.02786	0.01938	0.02907	0.01453	0.01090	0.01090	0.00363	0.01453	0.00969	0.00484	0.01211
10	0.01419	0.01064	0.01316	0.01350	0.01577	0.00961	0.00976	0.01781	0.02649	0.03563	0.29734	0.24207	0.20001	0.02705	0.01318	0.00378	0.00558	0.02382	0.01100	0.00961
11	0.02385	0.02385	0.03340	0.02863	0.02863	0.03340	0.02385	0.02624	0.01670	0.02624	0.01431	0.02385	0.01431	0.01908	0.03578	0.00477	0.59685	0.00954	0.00477	0.01193
12	0.02915	0.62337	0.05714	0.01866	0.02799	0.04314	0.01866	0.03265	0.02215	0.02565	0.01516	0.01749	0.01399	0.00933	0.00700	0.00233	0.01166	0.00583	0.00466	0.01399
13	0.04073	0.05197	0.03090	0.02809	0.03371	0.57303	0.02107	0.04354	0.03090	0.02669	0.01685	0.01966	0.01404	0.01124	0.00983	0.00281	0.01966	0.00702	0.00562	0.01264
14	0.02261	0.01938	0.02261	0.01615	0.02584	0.01453	0.01292	0.02745	0.02261	0.03553	0.01938	0.02261	0.01615	0.00807	0.00807	0.00161	0.00807	0.00646	0.00646	0.68346
15	0.04826	0.01962	0.02596	0.01991	0.02837	0.01761	0.01644	0.09404	0.03299	0.51292	0.04152	0.03614	0.02624	0.01346	0.01096	0.00336	0.00952	0.01086	0.01326	0.01855
16	0.01328	0.00949	0.01265	0.01518	0.01581	0.00886	0.01012	0.01518	0.02088	0.02783	0.06010	0.60969	0.07212	0.03416	0.01392	0.00443	0.00633	0.03100	0.01012	0.00886
17	0.02318	0.01515	0.01830	0.01711	0.02078	0.01499	0.01281	0.12184	0.03011	0.09552	0.13322	0.30577	0.09666	0.02523	0.01274	0.00386	0.00755	0.02210	0.01095	0.01213
18	0.03251	0.12911	0.18923	0.09653	0.08248	0.02499	0.02673	0.03963	0.02566	0.20942	0.02686	0.02797	0.01869	0.01127	0.01012	0.00325	0.01261	0.00902	0.00773	0.01620
19	0.19695	0.01914	0.02317	0.01824	0.02629	0.01796	0.01506	0.04830	0.02830	0.43987	0.03663	0.03266	0.02351	0.01272	0.01000	0.00337	0.00908	0.00980	0.01195	0.01701
20	0.02321	0.01310	0.01448	0.01354	0.01744	0.01278	0.01034	0.03060	0.08624	0.11181	0.05442	0.09948	0.13342	0.01776	0.01008	0.00318	0.00630	0.01477	0.31510	0.01194
21	0.02949	0.02486	0.07432	0.11054	0.11795	0.06598	0.05830	0.03504	0.02597	0.16508	0.03805	0.10681	0.06874	0.01545	0.01144	0.00353	0.01205	0.01359	0.00831	0.01450
22	0.28274	0.20669	0.03368	0.08031	0.03096	0.07754	0.01812	0.03204	0.02081	0.03495	0.01566	0.01978	0.01326	0.01116	0.01108	0.00321	0.08303	0.00683	0.00557	0.01259
23	0.04892	0.01856	0.02530	0.01940	0.02783	0.01603	0.01603	0.05314	0.03121	0.55634	0.04302	0.03711	0.02699	0.01350	0.01096	0.00337	0.00928	0.01096	0.01350	0.01856

[dist]
# distance from previous block
# <min> <max>
0	9

[block]
# block no. 1 follows, 12 sequences, length 7
# corresponding to MSA columns:
# 138-144
name=unknown_B
#
# <colnr> <probs for GDERKNQSTAVLIFYWHMCP>
#	G	D	E	R	K	N	Q	S	T	A	V	L	I	F	Y	W	H	M	C	P
0	0.03076	0.12936	0.03773	0.08896	0.18876	0.02842	0.02371	0.07905	0.13869	0.10470	0.02808	0.02978	0.02133	0.01164	0.01023	0.00324	0.01137	0.00978	0.00796	0.01647
1	0.03228	0.02359	0.03280	0.03105	0.09754	0.02827	0.02288	0.08802	0.02513	0.16008	0.02338	0.02772	0.01823	0.01583	0.02372	0.00406	0.31285	0.00994	0.00764	0.01497
2	0.01930	0.01163	0.01522	0.01499	0.01775	0.01080	0.01135	0.02356	0.02729	0.09593	0.28214	0.20173	0.07671	0.02402	0.01265	0.00373	0.00635	0.06396	0.07006	0.01084
3	0.01970	0.01738	0.03211	0.02595	0.03104	0.01731	0.18702	0.02541	0.02180	0.03174	0.03187	0.11239	0.02951	0.03772	0.20230	0.00827	0.01812	0.01438	0.12452	0.01145
4	0.02261	0.01938	0.02261	0.01615	0.02584	0.01453	0.01292	0.02745	0.02261	0.03553	0.01938	0.02261	0.01615	0.00807	0.00807	0.00161	0.00807	0.00646	0.00646	0.68346
5	0.01438	0.01075	0.01335	0.01344	0.01583	0.00972	0.00980	0.01826	0.02727	0.03695	0.33727	0.20495	0.19572	0.02615	0.01310	0.00371	0.00549	0.02299	0.01116	0.00972
6	0.01586	0.01057	0.01189	0.01189	0.01189	0.01057	0.00661	0.01586	0.01586	0.02114	0.03436	0.07135	0.03964	0.61681	0.05550	0.01057	0.01057	0.01586	0.00661	0.00661

[dist]
# distance from previous block
# <min> <max>
3	11

[block]
# block no. 2 follows, 12 sequences, length 23
# corresponding to MSA columns:
# 156-178
name=unknown_C
#
# <colnr> <probs for GDERKNQSTAVLIFYWHMCP>
#	G	D	E	R	K	N	Q	S	T	A	V	L	I	F	Y	W	H	M	C	P
0	0.02661	0.17660	0.07279	0.02715	0.09899	0.02799	0.02103	0.13198	0.02736	0.03681	0.02311	0.02923	0.01969	0.03365	0.19153	0.00764	0.01789	0.00927	0.00648	0.01420
1	0.02561	0.02285	0.03584	0.24649	0.25897	0.02498	0.02850	0.09571	0.02788	0.03805	0.06755	0.03250	0.02410	0.01173	0.01103	0.00340	0.01270	0.01061	0.00654	0.01495
2	0.01501	0.01113	0.01399	0.01328	0.01603	0.01011	0.00996	0.01976	0.02987	0.04137	0.47153	0.08533	0.17586	0.02317	0.01286	0.00347	0.00521	0.02026	0.01169	0.01011
3	0.57207	0.02225	0.01845	0.01609	0.02299	0.02564	0.01317	0.08380	0.06355	0.05070	0.01870	0.02046	0.01425	0.01081	0.00753	0.00339	0.00882	0.00683	0.00753	0.01295
4	0.02958	0.01428	0.01911	0.01612	0.02117	0.01271	0.01271	0.03433	0.03101	0.26030	0.33178	0.06272	0.07082	0.01857	0.01206	0.00341	0.00689	0.01602	0.01263	0.01378
5	0.04073	0.05197	0.03090	0.02809	0.03371	0.57303	0.02107	0.04354	0.03090	0.02669	0.01685	0.01966	0.01404	0.01124	0.00983	0.00281	0.01966	0.00702	0.00562	0.01264
6	0.02059	0.01938	0.03270	0.59060	0.07510	0.02422	0.03028	0.02786	0.02180	0.02786	0.01938	0.02907	0.01453	0.01090	0.01090	0.00363	0.01453	0.00969	0.00484	0.01211
7	0.01554	0.01145	0.01578	0.01677	0.01891	0.01169	0.01325	0.01953	0.02283	0.03092	0.12665	0.16714	0.09804	0.04605	0.19470	0.00861	0.01453	0.14888	0.00900	0.00972
8	0.03249	0.03892	0.03694	0.19185	0.04939	0.32597	0.10439	0.03763	0.02744	0.02838	0.01844	0.02396	0.01460	0.01080	0.01064	0.00319	0.01799	0.00875	0.00538	0.01283
9	0.01586	0.01057	0.01189	0.01189	0.01189	0.01057	0.00661	0.01586	0.01586	0.02114	0.03436	0.07135	0.03964	0.61681	0.05550	0.01057	0.01057	0.01586	0.00661	0.00661
10	0.01328	0.00949	0.01265	0.01518	0.01581	0.00886	0.01012	0.01518	0.02088	0.02783	0.06010	0.60969	0.07212	0.03416	0.01392	0.00443	0.00633	0.03100	0.01012	0.00886
11	0.01328	0.00949	0.01265	0.01518	0.01581	0.00886	0.01012	0.01518	0.02088	0.02783	0.06010	0.60969	0.07212	0.03416	0.01392	0.00443	0.00633	0.03100	0.01012	0.00886
12	0.02323	0.04690	0.38573	0.03631	0.05064	0.02611	0.20534	0.03467	0.02398	0.03467	0.02044	0.02527	0.01477	0.00995	0.01124	0.00353	0.01691	0.00975	0.00492	0.01562
13	0.04145	0.03054	0.03272	0.02509	0.03381	0.03381	0.02072	0.51243	0.05127	0.06872	0.02618	0.02618	0.01854	0.01309	0.01091	0.00327	0.01200	0.00982	0.01091	0.01854
14	0.01328	0.00949	0.01265	0.01518	0.01581	0.00886	0.01012	0.01518	0.02088	0.02783	0.06010	0.60969	0.07212	0.03416	0.01392	0.00443	0.00633	0.03100	0.01012	0.00886
15	0.02640	0.02571	0.08545	0.18984	0.04604	0.02520	0.06120	0.04461	0.24886	0.08137	0.03272	0.03432	0.02401	0.01266	0.01109	0.00363	0.01192	0.01105	0.00838	0.01556
16	0.03073	0.54531	0.05355	0.01995	0.02877	0.11553	0.01899	0.03414	0.02335	0.02579	0.01539	0.01779	0.01400	0.00959	0.00738	0.00240	0.01275	0.00599	0.00479	0.01381
17	0.01328	0.00949	0.01265	0.01518	0.01581	0.00886	0.01012	0.01518	0.02088	0.02783	0.06010	0.60969	0.07212	0.03416	0.01392	0.00443	0.00633	0.03100	0.01012	0.00886
18	0.02962	0.42998	0.05211	0.07386	0.03597	0.11223	0.07071	0.03394	0.02369	0.02695	0.01648	0.02005	0.01431	0.00972	0.00834	0.00265	0.01371	0.00707	0.00490	0.01371
19	0.04039	0.02853	0.10084	0.08167	0.03684	0.06650	0.02201	0.12360	0.03243	0.30616	0.03244	0.03111	0.02144	0.01255	0.01077	0.00335	0.01205	0.00992	0.01031	0.01707
20	0.03752	0.03200	0.03421	0.07038	0.03829	0.10578	0.05740	0.34210	0.07968	0.05562	0.02542	0.02682	0.01856	0.01251	0.01092	0.00330	0.01346	0.00984	0.00933	0.01686
21	0.01434	0.00993	0.01234	0.01383	0.01420	0.00956	0.00868	0.01546	0.01881	0.02508	0.04951	0.38834	0.05876	0.27373	0.03101	0.00695	0.00807	0.02477	0.00868	0.00793
22	0.11355	0.02155	0.03652	0.40694	0.06423	0.02490	0.12003	0.02979	0.02212	0.03210	0.01932	0.02758	0.01455	0.01047	0.01071	0.00361	0.01444	0.00978	0.00523	0.01257

[dist]
# distance from previous block
# <min> <max>
0	9

[block]
# block no. 3 follows, 12 sequences, length 15
# corresponding to MSA columns:
# 188-202
name=unknown_D
#
# <colnr> <probs for GDERKNQSTAVLIFYWHMCP>
#	G	D	E	R	K	N	Q	S	T	A	V	L	I	F	Y	W	H	M	C	P
0	0.03953	0.17270	0.11445	0.02135	0.03118	0.02519	0.02064	0.07463	0.02904	0.31676	0.03159	0.02949	0.02129	0.01198	0.00990	0.00312	0.01107	0.00920	0.00983	0.01707
1	0.02751	0.01918	0.03090	0.45115	0.06356	0.02222	0.02680	0.03403	0.02410	0.15688	0.02515	0.03103	0.01758	0.01153	0.01092	0.00357	0.01325	0.01000	0.00696	0.01369
2	0.53438	0.02863	0.01966	0.01770	0.02417	0.15839	0.01407	0.03486	0.02157	0.04349	0.01559	0.01819	0.01235	0.01039	0.00750	0.00324	0.01118	0.00618	0.00647	0.01201
3	0.04127	0.03577	0.03228	0.02582	0.03379	0.16546	0.02081	0.39796	0.04629	0.05846	0.02390	0.02459	0.01744	0.01264	0.01064	0.00316	0.01387	0.00913	0.00962	0.01710
4	0.02824	0.02300	0.02706	0.23852	0.04448	0.06751	0.02122	0.17021	0.03141	0.04284	0.02512	0.03030	0.01894	0.01201	0.01002	0.00320	0.01190	0.00963	0.17086	0.01356
5	0.01328	0.00949	0.01265	0.01518	0.01581	0.00886	0.01012	0.01518	0.02088	0.02783	0.06010	0.60969	0.07212	0.03416	0.01392	0.00443	0.00633	0.03100	0.01012	0.00886
6	0.01666	0.01289	0.01558	0.01689	0.01888	0.01332	0.01186	0.02562	0.14495	0.03217	0.05626	0.47077	0.06264	0.02943	0.01323	0.00425	0.00689	0.02644	0.01036	0.01091
7	0.01543	0.01115	0.01457	0.01372	0.01629	0.01029	0.01029	0.02058	0.03086	0.04372	0.54304	0.08145	0.10288	0.02229	0.01286	0.00343	0.00514	0.01972	0.01200	0.01029
8	0.01414	0.01013	0.01350	0.01520	0.01645	0.00949	0.01074	0.01707	0.02364	0.03208	0.17782	0.44312	0.07890	0.03095	0.01375	0.00423	0.00632	0.06258	0.01057	0.00930
9	0.02257	0.02283	0.04058	0.33249	0.06033	0.02708	0.14577	0.02922	0.02163	0.02922	0.01891	0.02799	0.01498	0.01231	0.01692	0.00390	0.14514	0.01043	0.00499	0.01270
10	0.69383	0.02109	0.01603	0.01434	0.02109	0.02446	0.01181	0.03205	0.01856	0.04892	0.01518	0.01771	0.01181	0.01012	0.00675	0.00337	0.00843	0.00590	0.00675	0.01181
11	0.02711	0.12180	0.11718	0.09893	0.31507	0.07205	0.03092	0.03379	0.02438	0.03255	0.01917	0.02460	0.01578	0.00998	0.01009	0.00313	0.01389	0.00868	0.00514	0.01577
12	0.02432	0.02039	0.02353	0.01696	0.02656	0.01628	0.01363	0.07142	0.02521	0.03854	0.02000	0.02293	0.01637	0.00853	0.00833	0.00177	0.00843	0.00676	0.00686	0.62319
13	0.02600	0.03492	0.21416	0.12262	0.20832	0.02490	0.09724	0.03481	0.02444	0.07626	0.02207	0.02712	0.01643	0.01033	0.01096	0.00343	0.01465	0.00969	0.00573	0.01592
14	0.02566	0.27194	0.20097	0.06816	0.03602	0.02961	0.02485	0.03256	0.02426	0.06812	0.09356	0.03055	0.02748	0.01190	0.00945	0.00301	0.01217	0.00915	0.00632	0.01428

[dist]
# distance from previous block
# <min> <max>
0	8

[block]
# block no. 4 follows, 12 sequences, length 18
# corresponding to MSA columns:
# 211-228
name=unknown_E
#
# <colnr> <probs for GDERKNQSTAVLIFYWHMCP>
#	G	D	E	R	K	N	Q	S	T	A	V	L	I	F	Y	W	H	M	C	P
0	0.01788	0.01297	0.01628	0.01479	0.01794	0.01250	0.01127	0.06681	0.03278	0.04607	0.49445	0.07625	0.09495	0.02143	0.01268	0.00341	0.00579	0.01879	0.01190	0.01106
1	0.01375	0.00992	0.01258	0.01425	0.01528	0.00923	0.00953	0.01580	0.02157	0.02863	0.10574	0.44757	0.11760	0.10221	0.01870	0.00500	0.00665	0.02737	0.00987	0.00875
2	0.02261	0.01938	0.02261	0.01615	0.02584	0.01453	0.01292	0.02745	0.02261	0.03553	0.01938	0.02261	0.01615	0.00807	0.00807	0.00161	0.00807	0.00646	0.00646	0.68346
3	0.09271	0.02450	0.02974	0.27237	0.08863	0.09991	0.02370	0.03566	0.02485	0.13077	0.02319	0.02763	0.01688	0.01110	0.01019	0.00329	0.01317	0.00900	0.00691	0.05583
4	0.03328	0.01510	0.02029	0.01675	0.02244	0.01335	0.01335	0.03793	0.03105	0.31699	0.27648	0.05781	0.06242	0.01760	0.01185	0.00340	0.00735	0.01505	0.01280	0.01470
5	0.01571	0.01018	0.01186	0.01258	0.01372	0.00974	0.00823	0.01716	0.01964	0.02742	0.05147	0.22041	0.11671	0.22031	0.02844	0.05718	0.00762	0.01969	0.12385	0.00808
6	0.02459	0.02743	0.09384	0.20694	0.32145	0.02554	0.07797	0.03215	0.02389	0.03329	0.02025	0.02740	0.01610	0.01006	0.01098	0.00341	0.01421	0.00984	0.00518	0.01548
7	0.02972	0.12586	0.21823	0.03393	0.14813	0.02658	0.02869	0.03979	0.07359	0.13324	0.02593	0.02741	0.01896	0.01108	0.01013	0.00324	0.01273	0.00904	0.00709	0.01662
8	0.01850	0.00963	0.01388	0.01388	0.01388	0.00963	0.00906	0.01444	0.01444	0.01925	0.02112	0.03855	0.02187	0.11983	0.04444	0.58761	0.00963	0.01037	0.00500	0.00500
9	0.27629	0.07425	0.02911	0.15998	0.08806	0.14502	0.02083	0.03373	0.02289	0.03600	0.01706	0.02172	0.01364	0.01045	0.00882	0.00322	0.01301	0.00741	0.00576	0.01276
10	0.01827	0.01145	0.01398	0.01306	0.01617	0.01050	0.00989	0.02301	0.02854	0.07578	0.35331	0.07399	0.14474	0.02062	0.01174	0.00329	0.00546	0.01778	0.13776	0.01067
11	0.02986	0.24199	0.04039	0.02779	0.10423	0.03369	0.02060	0.10958	0.20502	0.04021	0.02777	0.02825	0.02190	0.01184	0.00954	0.00308	0.01083	0.00924	0.00792	0.01626
12	0.02540	0.02274	0.03670	0.30988	0.05699	0.02546	0.11594	0.13360	0.02887	0.03809	0.02529	0.08445	0.02133	0.01330	0.01156	0.00364	0.01391	0.01237	0.00680	0.01369
13	0.01396	0.01001	0.01326	0.01472	0.01596	0.00931	0.01017	0.01688	0.02402	0.03283	0.21191	0.44364	0.08179	0.03043	0.01358	0.00411	0.00595	0.02745	0.01071	0.00931
14	0.02144	0.01387	0.01502	0.01437	0.01778	0.01512	0.01101	0.03314	0.15545	0.03979	0.03699	0.04097	0.02926	0.02303	0.08866	0.00497	0.00943	0.01095	0.40679	0.01197
15	0.01706	0.01178	0.01523	0.01480	0.01514	0.01299	0.00990	0.01715	0.01594	0.02196	0.02897	0.05544	0.03159	0.36862	0.14251	0.12741	0.06678	0.01345	0.00598	0.00732
16	0.02187	0.05640	0.56031	0.03108	0.04719	0.02532	0.04029	0.03453	0.02302	0.03453	0.01957	0.02302	0.01381	0.01036	0.01036	0.00345	0.01611	0.00806	0.00460	0.01611
17	0.02399	0.01906	0.02655	0.02703	0.09720	0.02191	0.01868	0.05703	0.02525	0.07493	0.17778	0.04731	0.04487	0.07688	0.02392	0.00453	0.19891	0.01335	0.00824	0.01258

[dist]
# distance from previous block
# <min> <max>
0	1

[block]
# block no. 5 follows, 12 sequences, length 42
# corresponding to MSA columns:
# 230-271
name=unknown_F
#
# <colnr> <probs for GDERKNQSTAVLIFYWHMCP>
#	G	D	E	R	K	N	Q	S	T	A	V	L	I	F	Y	W	H	M	C	P
0	0.02866	0.53799	0.05817	0.02258	0.03215	0.04091	0.08917	0.03298	0.02267	0.02699	0.01615	0.01920	0.01436	0.00931	0.00784	0.00253	0.01263	0.00684	0.00479	0.01410
1	0.02324	0.01974	0.02110	0.01925	0.02451	0.02193	0.01487	0.04603	0.37956	0.04284	0.12627	0.05647	0.12226	0.01785	0.01163	0.00366	0.00765	0.01504	0.01108	0.01501
2	0.02187	0.05640	0.56031	0.03108	0.04719	0.02532	0.04029	0.03453	0.02302	0.03453	0.01957	0.02302	0.01381	0.01036	0.01036	0.00345	0.01611	0.00806	0.00460	0.01611
3	0.02330	0.08271	0.02623	0.01641	0.02606	0.01753	0.01352	0.02800	0.02256	0.03449	0.01894	0.02207	0.01592	0.00821	0.00796	0.00169	0.00845	0.00639	0.00627	0.61327
4	0.01562	0.01152	0.01671	0.01671	0.01838	0.01319	0.01262	0.01895	0.01728	0.02471	0.02995	0.04693	0.02904	0.15868	0.49912	0.01652	0.02653	0.01228	0.00595	0.00929
5	0.14162	0.01892	0.02397	0.01867	0.02686	0.01724	0.01542	0.05011	0.02939	0.48340	0.03902	0.03432	0.02481	0.01301	0.01036	0.00337	0.00916	0.01024	0.01253	0.01759
6	0.02598	0.02789	0.09552	0.11258	0.31725	0.02528	0.07032	0.07029	0.02650	0.03697	0.02404	0.03513	0.02052	0.01188	0.01130	0.00350	0.01358	0.04952	0.00610	0.01585
7	0.02696	0.02305	0.08772	0.06559	0.07798	0.01889	0.11795	0.03355	0.02710	0.15285	0.12359	0.05212	0.07688	0.01569	0.01205	0.00361	0.01153	0.04968	0.00896	0.01423
8	0.02059	0.01938	0.03270	0.59060	0.07510	0.02422	0.03028	0.02786	0.02180	0.02786	0.01938	0.02907	0.01453	0.01090	0.01090	0.00363	0.01453	0.00969	0.00484	0.01211
9	0.02915	0.62337	0.05714	0.01866	0.02799	0.04314	0.01866	0.03265	0.02215	0.02565	0.01516	0.01749	0.01399	0.00933	0.00700	0.00233	0.01166	0.00583	0.00466	0.01399
10	0.03654	0.02763	0.14702	0.02221	0.03161	0.01981	0.02143	0.04763	0.12057	0.30972	0.07057	0.03744	0.03008	0.01359	0.01097	0.00346	0.01045	0.01112	0.01092	0.01722
11	0.03439	0.02526	0.10516	0.12429	0.09287	0.02077	0.02369	0.07880	0.02935	0.25228	0.07449	0.03553	0.02772	0.01292	0.01101	0.00341	0.01142	0.01085	0.00954	0.01626
12	0.01452	0.01111	0.01330	0.01276	0.01573	0.00990	0.00957	0.01880	0.02870	0.03858	0.38722	0.08991	0.26191	0.02421	0.01287	0.00352	0.00528	0.02090	0.01133	0.00990
13	0.02313	0.02321	0.03316	0.26235	0.09371	0.06828	0.07834	0.03171	0.07656	0.03121	0.03498	0.03997	0.09307	0.01394	0.01283	0.00362	0.04849	0.01201	0.00644	0.01300
14	0.20642	0.07898	0.15413	0.05849	0.03891	0.02661	0.11137	0.07612	0.02545	0.09497	0.02151	0.02442	0.01562	0.01059	0.00973	0.00337	0.01297	0.00873	0.00683	0.01478
15	0.02889	0.01374	0.01868	0.01766	0.02185	0.01240	0.01368	0.03222	0.02583	0.25088	0.05257	0.29883	0.05178	0.02489	0.01284	0.00407	0.00810	0.08645	0.01153	0.01311
16	0.03930	0.01595	0.02117	0.01742	0.02380	0.01408	0.01391	0.04329	0.02841	0.40055	0.04458	0.12610	0.03410	0.01657	0.01094	0.00342	0.00822	0.01395	0.10840	0.01585
17	0.02897	0.10037	0.18596	0.08309	0.15700	0.02722	0.08018	0.07652	0.02688	0.09744	0.02285	0.02638	0.01690	0.01062	0.01051	0.00329	0.01387	0.00931	0.00648	0.01615
18	0.02780	0.03567	0.25400	0.16489	0.12190	0.02326	0.03204	0.03659	0.02466	0.13903	0.02442	0.02787	0.01715	0.01103	0.01067	0.00345	0.01390	0.00927	0.00658	0.01584
19	0.03822	0.01592	0.02160	0.01800	0.02420	0.01395	0.01424	0.04199	0.02885	0.39636	0.08670	0.16973	0.04321	0.01885	0.01178	0.00362	0.00828	0.01618	0.01262	0.01571
20	0.54250	0.02459	0.01766	0.01596	0.02219	0.10210	0.01278	0.03314	0.02070	0.04502	0.01716	0.01995	0.01351	0.01050	0.00727	0.00322	0.00976	0.00643	0.06378	0.01179
21	0.01783	0.01173	0.01506	0.01389	0.01705	0.01063	0.01053	0.02265	0.03026	0.08306	0.45785	0.08038	0.14312	0.02215	0.01271	0.00345	0.00551	0.01937	0.01192	0.01083
22	0.02656	0.18203	0.38535	0.02693	0.04063	0.02837	0.03262	0.03618	0.02374	0.09074	0.02117	0.02333	0.01532	0.01047	0.00966	0.00319	0.01433	0.00787	0.00561	0.01590
23	0.01619	0.01099	0.01389	0.01317	0.01574	0.01027	0.00988	0.02132	0.02963	0.04325	0.46462	0.07514	0.09130	0.02081	0.01205	0.00329	0.00513	0.01824	0.11481	0.01027
24	0.02721	0.02554	0.02627	0.02555	0.06658	0.14700	0.01847	0.02974	0.02405	0.07033	0.09291	0.04077	0.08241	0.01949	0.02146	0.07949	0.17211	0.01174	0.00714	0.01175
25	0.03673	0.02375	0.02677	0.02209	0.02951	0.02558	0.01774	0.16529	0.27365	0.19593	0.03964	0.03620	0.02797	0.01402	0.01101	0.00350	0.00962	0.01134	0.01173	0.01793
26	0.02930	0.01715	0.02083	0.01702	0.02281	0.01625	0.01324	0.09571	0.02677	0.16589	0.03174	0.03953	0.02587	0.12158	0.09824	0.00613	0.01204	0.01072	0.07908	0.15009
27	0.02657	0.01578	0.01927	0.01636	0.02135	0.01505	0.01290	0.10315	0.03324	0.16007	0.28992	0.06634	0.13571	0.01966	0.01214	0.00343	0.00718	0.01670	0.01190	0.01326
28	0.14226	0.02908	0.03014	0.02343	0.03185	0.03237	0.01935	0.43820	0.04621	0.06566	0.02448	0.02487	0.01750	0.01263	0.01026	0.00329	0.01145	0.00921	0.01026	0.01750
29	0.02385	0.02385	0.03340	0.02863	0.02863	0.03340	0.02385	0.02624	0.01670	0.02624	0.01431	0.02385	0.01431	0.01908	0.03578	0.00477	0.59685	0.00954	0.00477	0.01193
30	0.02712	0.02342	0.02465	0.02219	0.02835	0.02712	0.01726	0.05794	0.52909	0.04561	0.04438	0.04068	0.03328	0.01479	0.01109	0.00370	0.00863	0.01233	0.01109	0.01726
31	0.01328	0.00949	0.01265	0.01518	0.01581	0.00886	0.01012	0.01518	0.02088	0.02783	0.06010	0.60969	0.07212	0.03416	0.01392	0.00443	0.00633	0.03100	0.01012	0.00886
32	0.01585	0.01150	0.01725	0.01725	0.01904	0.01329	0.01329	0.01904	0.01725	0.02479	0.02837	0.04204	0.02658	0.07819	0.53022	0.07187	0.02759	0.01150	0.00575	0.00933
33	0.02762	0.55503	0.05239	0.01811	0.02668	0.03948	0.01772	0.03130	0.02313	0.02767	0.07408	0.02463	0.02391	0.01078	0.00765	0.00245	0.01093	0.00738	0.00548	0.01358
34	0.09710	0.01963	0.02605	0.02195	0.02801	0.02011	0.08520	0.03596	0.17968	0.04044	0.11428	0.09365	0.04268	0.01661	0.01132	0.00353	0.00933	0.05053	0.00922	0.09472
35	0.02730	0.16372	0.23003	0.02682	0.03770	0.02768	0.08501	0.08371	0.02658	0.08001	0.02614	0.08963	0.02231	0.01321	0.01045	0.00332	0.01333	0.01116	0.00676	0.01514
36	0.01949	0.08744	0.15240	0.11184	0.03401	0.01984	0.02149	0.02509	0.02154	0.02911	0.06380	0.08411	0.03537	0.16964	0.02253	0.00542	0.01200	0.06697	0.00659	0.01132
37	0.01496	0.01021	0.01334	0.01523	0.01656	0.00972	0.01101	0.01803	0.02280	0.03167	0.10763	0.41558	0.06896	0.02990	0.01328	0.00420	0.00664	0.09616	0.08478	0.00934
38	0.01709	0.01235	0.01548	0.01584	0.01797	0.01208	0.01136	0.07235	0.02734	0.03728	0.20482	0.38212	0.07560	0.02816	0.01326	0.00399	0.00660	0.02516	0.01079	0.01038
39	0.03862	0.02451	0.07014	0.02632	0.07529	0.02165	0.05169	0.14836	0.03323	0.27166	0.03335	0.03263	0.02270	0.01247	0.01064	0.00327	0.01085	0.01042	0.08513	0.01707
40	0.02548	0.02407	0.03931	0.18689	0.37767	0.02564	0.03089	0.03486	0.08039	0.03488	0.02290	0.02901	0.01841	0.01056	0.01085	0.00338	0.01285	0.01000	0.00590	0.01604
41	0.03536	0.02853	0.02307	0.02024	0.02527	0.22041	0.01570	0.03922	0.02758	0.16633	0.02929	0.03100	0.02176	0.01275	0.01099	0.00299	0.04725	0.00917	0.21976	0.01333

[dist]
# distance from previous block
# <min> <max>
0	2

[block]
# block no. 6 follows, 12 sequences, length 14
# corresponding to MSA columns:
# 274-287
name=unknown_G
#
# <colnr> <probs for GDERKNQSTAVLIFYWHMCP>
#	G	D	E	R	K	N	Q	S	T	A	V	L	I	F	Y	W	H	M	C	P
0	0.41571	0.02232	0.02577	0.08051	0.15223	0.02556	0.01969	0.03150	0.02018	0.04187	0.01676	0.02149	0.01357	0.01087	0.01061	0.00349	0.06117	0.00747	0.00608	0.01315
1	0.52655	0.02066	0.02017	0.15752	0.03451	0.02440	0.01640	0.03101	0.01936	0.04369	0.01623	0.02053	0.01249	0.01032	0.00778	0.00344	0.00995	0.00684	0.00627	0.01188
2	0.02858	0.02490	0.07990	0.08950	0.14944	0.02444	0.02495	0.05772	0.02490	0.13157	0.03222	0.03565	0.07009	0.01488	0.01722	0.00375	0.15700	0.01108	0.00739	0.01483
3	0.19438	0.01965	0.02149	0.01632	0.02504	0.01728	0.01323	0.03347	0.02324	0.13777	0.02283	0.02415	0.01713	0.00961	0.00829	0.00239	0.00839	0.00718	0.00787	0.39029
4	0.02261	0.01938	0.02261	0.01615	0.02584	0.01453	0.01292	0.02745	0.02261	0.03553	0.01938	0.02261	0.01615	0.00807	0.00807	0.00161	0.00807	0.00646	0.00646	0.68346
5	0.02099	0.01640	0.01892	0.01802	0.02169	0.01747	0.01347	0.07935	0.18731	0.04146	0.17175	0.24042	0.06215	0.02299	0.01246	0.00383	0.00732	0.02018	0.01097	0.01283
6	0.02670	0.02003	0.02231	0.02040	0.02558	0.02206	0.01562	0.07972	0.32301	0.08932	0.04685	0.18069	0.04129	0.01936	0.01177	0.00382	0.00836	0.01666	0.01106	0.01538
7	0.18479	0.01432	0.01717	0.01762	0.02095	0.01595	0.01454	0.02367	0.02040	0.03371	0.03558	0.06429	0.03568	0.04612	0.23975	0.00969	0.01742	0.17049	0.00752	0.01036
8	0.26321	0.02453	0.03664	0.03069	0.08166	0.02500	0.17091	0.07824	0.02627	0.12789	0.02331	0.02610	0.01684	0.01060	0.01007	0.00345	0.01240	0.00959	0.00770	0.01489
9	0.13800	0.02158	0.02582	0.02041	0.02744	0.02249	0.05759	0.18612	0.03301	0.15014	0.02970	0.03085	0.02129	0.01227	0.00962	0.00316	0.00975	0.00978	0.17588	0.01508
10	0.01662	0.01030	0.01247	0.01247	0.01247	0.01030	0.00732	0.01545	0.01545	0.02059	0.03052	0.06186	0.03450	0.47296	0.05230	0.17759	0.01030	0.01427	0.00614	0.00614
11	0.01887	0.01916	0.06959	0.02116	0.02553	0.01680	0.06380	0.02945	0.14646	0.03307	0.04712	0.32370	0.04967	0.06360	0.01557	0.00450	0.00925	0.02154	0.00918	0.01201
12	0.02499	0.02182	0.03679	0.05383	0.41596	0.02182	0.02750	0.02868	0.02219	0.03148	0.02012	0.02852	0.01769	0.01671	0.01870	0.17208	0.01209	0.00965	0.00523	0.01416
13	0.01996	0.01504	0.02132	0.02696	0.14902	0.01399	0.01588	0.02380	0.02503	0.07906	0.11255	0.20158	0.20706	0.02299	0.01245	0.00370	0.00786	0.02027	0.00944	0.01207

[dist]
# distance from previous block
# <min> <max>
7	15

[block]
# block no. 7 follows, 12 sequences, length 9
# corresponding to MSA columns:
# 303-311
name=unknown_H
#
# <colnr> <probs for GDERKNQSTAVLIFYWHMCP>
#	G	D	E	R	K	N	Q	S	T	A	V	L	I	F	Y	W	H	M	C	P
0	0.12494	0.02587	0.09610	0.03078	0.14847	0.02201	0.02218	0.09194	0.02829	0.18837	0.02829	0.02947	0.02013	0.01163	0.00990	0.00325	0.01073	0.00939	0.08215	0.01610
1	0.03022	0.02455	0.02890	0.10847	0.15082	0.10045	0.02135	0.07487	0.02873	0.12982	0.04441	0.04531	0.13547	0.01506	0.01117	0.00336	0.01174	0.01251	0.00836	0.01444
2	0.02507	0.01744	0.02240	0.09805	0.03120	0.01853	0.01794	0.10042	0.08516	0.09529	0.04801	0.14961	0.07032	0.02193	0.01270	0.00408	0.00989	0.14891	0.00997	0.01308
3	0.11627	0.01808	0.02055	0.01612	0.02395	0.01523	0.01270	0.02912	0.02275	0.09343	0.02732	0.10895	0.02489	0.01275	0.00906	0.00246	0.00800	0.01045	0.00780	0.42012
4	0.13210	0.01847	0.02212	0.09961	0.03128	0.01704	0.01522	0.02906	0.02237	0.07998	0.02529	0.09002	0.02243	0.01221	0.00917	0.00266	0.00898	0.00998	0.00728	0.34472
5	0.03101	0.02087	0.02420	0.01953	0.02628	0.02067	0.01554	0.21439	0.03574	0.11979	0.10756	0.12292	0.03960	0.01674	0.01114	0.00318	0.00906	0.01399	0.01049	0.13732
6	0.02626	0.08276	0.02151	0.01508	0.01995	0.01649	0.01179	0.05339	0.02411	0.13356	0.04172	0.04851	0.10072	0.11431	0.02073	0.07878	0.00869	0.01221	0.10032	0.06911
7	0.10208	0.08023	0.15055	0.02055	0.03092	0.02187	0.02041	0.03578	0.06630	0.10015	0.02359	0.02502	0.01771	0.01017	0.00897	0.00269	0.01049	0.00776	0.00716	0.25761
8	0.18281	0.18467	0.03975	0.02526	0.03318	0.18553	0.09734	0.07244	0.02661	0.03597	0.01760	0.02074	0.01427	0.01031	0.00899	0.00299	0.01431	0.00763	0.00602	0.01358

[dist]
# distance from previous block
# <min> <max>
7	17

[block]
# block no. 8 follows, 12 sequences, length 17
# corresponding to MSA columns:
# 331-347
name=unknown_I
#
# <colnr> <probs for GDERKNQSTAVLIFYWHMCP>
#	G	D	E	R	K	N	Q	S	T	A	V	L	I	F	Y	W	H	M	C	P
0	0.11096	0.08356	0.06331	0.02060	0.02906	0.02401	0.01810	0.09276	0.12165	0.27293	0.03428	0.03171	0.02351	0.01270	0.01009	0.00333	0.01002	0.00985	0.01060	0.01696
1	0.02743	0.02353	0.02405	0.02120	0.02662	0.07013	0.01659	0.13031	0.24404	0.04515	0.11746	0.04310	0.03934	0.02486	0.09078	0.00545	0.01254	0.01252	0.01000	0.01491
2	0.44548	0.02058	0.01884	0.01595	0.02278	0.02259	0.01308	0.08672	0.02468	0.13766	0.02319	0.02425	0.01676	0.01128	0.00801	0.00328	0.00863	0.00762	0.07509	0.01353
3	0.01458	0.01111	0.01339	0.01282	0.01577	0.00992	0.00962	0.01892	0.02885	0.03893	0.39780	0.08933	0.25111	0.02408	0.01287	0.00351	0.00527	0.02082	0.01137	0.00992
4	0.02261	0.01938	0.02261	0.01615	0.02584	0.01453	0.01292	0.02745	0.02261	0.03553	0.01938	0.02261	0.01615	0.00807	0.00807	0.00161	0.00807	0.00646	0.00646	0.68346
5	0.03273	0.02621	0.02781	0.02332	0.03049	0.02974	0.01861	0.23580	0.34210	0.05465	0.03726	0.03501	0.02752	0.01413	0.01102	0.00353	0.00995	0.01134	0.01102	0.01776
6	0.01507	0.00948	0.01314	0.01487	0.01531	0.00905	0.00992	0.01487	0.01877	0.02502	0.04708	0.42729	0.05529	0.03534	0.02300	0.21903	0.00732	0.02419	0.00842	0.00755
7	0.02557	0.03775	0.25327	0.09422	0.04997	0.02537	0.18344	0.03765	0.07322	0.07566	0.02456	0.02850	0.01766	0.01072	0.01133	0.00356	0.01541	0.01039	0.00624	0.01554
8	0.02410	0.23685	0.33888	0.08821	0.04399	0.03100	0.03215	0.03319	0.02261	0.03091	0.01811	0.02188	0.01395	0.01008	0.00932	0.00311	0.01449	0.00751	0.00465	0.01499
9	0.01411	0.01042	0.01328	0.01463	0.01640	0.00960	0.01058	0.01717	0.02416	0.03204	0.17337	0.35868	0.16021	0.03004	0.01362	0.00414	0.00630	0.07138	0.01052	0.00935
10	0.69383	0.02109	0.01603	0.01434	0.02109	0.02446	0.01181	0.03205	0.01856	0.04892	0.01518	0.01771	0.01181	0.01012	0.00675	0.00337	0.00843	0.00590	0.00675	0.01181
11	0.01566	0.01133	0.01574	0.01574	0.01707	0.01266	0.01141	0.01833	0.01700	0.02399	0.03083	0.05186	0.03118	0.25104	0.40969	0.01532	0.02331	0.01300	0.00608	0.00875
12	0.02420	0.03091	0.16320	0.03359	0.16333	0.02199	0.02561	0.03530	0.09894	0.03681	0.02345	0.02652	0.01841	0.01006	0.00978	0.00280	0.01140	0.00856	0.00642	0.24874
13	0.02994	0.09463	0.17906	0.02148	0.03263	0.02105	0.02208	0.03669	0.02491	0.16953	0.02512	0.02594	0.01807	0.01026	0.00936	0.00267	0.01105	0.00801	0.00757	0.24993
14	0.02664	0.02139	0.08016	0.02300	0.07050	0.01673	0.01821	0.03423	0.07387	0.15289	0.04550	0.12209	0.08876	0.01758	0.01132	0.00341	0.00932	0.04889	0.00937	0.12613
15	0.18899	0.02170	0.02536	0.02332	0.08298	0.02139	0.01672	0.07311	0.02479	0.09692	0.02123	0.02387	0.01646	0.01059	0.01069	0.00278	0.05354	0.00768	0.00742	0.27046
16	0.02992	0.14571	0.03056	0.02006	0.02655	0.02659	0.01653	0.13704	0.15646	0.09925	0.07349	0.12222	0.03658	0.01667	0.01075	0.00338	0.00942	0.01370	0.00990	0.01520

[dist]
# distance from previous block
# <min> <max>
0	3

[block]
# block no. 9 follows, 12 sequences, length 20
# corresponding to MSA columns:
# 351-370
name=unknown_J
#
# <colnr> <probs for GDERKNQSTAVLIFYWHMCP>
#	G	D	E	R	K	N	Q	S	T	A	V	L	I	F	Y	W	H	M	C	P
0	0.02356	0.01964	0.02266	0.02357	0.07687	0.02179	0.01558	0.04217	0.31560	0.03688	0.03876	0.04892	0.03363	0.20366	0.02503	0.00581	0.00969	0.01317	0.00909	0.01391
1	0.08965	0.06508	0.02471	0.01758	0.02462	0.01717	0.05303	0.02539	0.02327	0.03512	0.08151	0.10101	0.10409	0.01524	0.00996	0.00277	0.00844	0.01297	0.00766	0.28074
2	0.14846	0.01441	0.01572	0.01403	0.01753	0.01430	0.00990	0.02752	0.02064	0.15174	0.03884	0.05612	0.07137	0.31766	0.03275	0.00702	0.00948	0.01344	0.00852	0.01056
3	0.02392	0.02250	0.03736	0.13690	0.39000	0.02300	0.02902	0.03010	0.02486	0.03460	0.07029	0.03816	0.06732	0.01239	0.01115	0.00335	0.01194	0.01162	0.00624	0.01526
4	0.69383	0.02109	0.01603	0.01434	0.02109	0.02446	0.01181	0.03205	0.01856	0.04892	0.01518	0.01771	0.01181	0.01012	0.00675	0.00337	0.00843	0.00590	0.00675	0.01181
5	0.69383	0.02109	0.01603	0.01434	0.02109	0.02446	0.01181	0.03205	0.01856	0.04892	0.01518	0.01771	0.01181	0.01012	0.00675	0.00337	0.00843	0.00590	0.00675	0.01181
6	0.02187	0.05640	0.56031	0.03108	0.04719	0.02532	0.04029	0.03453	0.02302	0.03453	0.01957	0.02302	0.01381	0.01036	0.01036	0.00345	0.01611	0.00806	0.00460	0.01611
7	0.02849	0.02410	0.02543	0.02247	0.02888	0.02776	0.01759	0.10149	0.48330	0.04783	0.04263	0.03929	0.03187	0.01463	0.01108	0.00366	0.00895	0.01209	0.01108	0.01738
8	0.02644	0.05001	0.46994	0.02910	0.04392	0.02375	0.03619	0.03767	0.02440	0.12268	0.02353	0.02540	0.01604	0.01089	0.01046	0.00344	0.01496	0.00855	0.00611	0.01653
9	0.31834	0.01961	0.02143	0.01729	0.02502	0.01955	0.01426	0.04433	0.02592	0.34436	0.03139	0.02901	0.02065	0.01209	0.00920	0.00337	0.00893	0.00885	0.01068	0.01574
10	0.01328	0.00949	0.01265	0.01518	0.01581	0.00886	0.01012	0.01518	0.02088	0.02783	0.06010	0.60969	0.07212	0.03416	0.01392	0.00443	0.00633	0.03100	0.01012	0.00886
11	0.03391	0.06746	0.03362	0.22177	0.13503	0.02266	0.02413	0.03950	0.02619	0.24413	0.02887	0.03107	0.02004	0.01163	0.01060	0.00336	0.01189	0.00991	0.00845	0.01578
12	0.02059	0.01938	0.03270	0.59060	0.07510	0.02422	0.03028	0.02786	0.02180	0.02786	0.01938	0.02907	0.01453	0.01090	0.01090	0.00363	0.01453	0.00969	0.00484	0.01211
13	0.01472	0.01044	0.01391	0.01617	0.01724	0.01004	0.01178	0.01727	0.02150	0.02843	0.05674	0.42046	0.06614	0.09453	0.01861	0.00524	0.00778	0.15032	0.00973	0.00894
14	0.03034	0.06817	0.08176	0.26219	0.05276	0.02468	0.07663	0.06943	0.02672	0.16282	0.02570	0.02953	0.01801	0.01135	0.01079	0.00344	0.01339	0.00993	0.00745	0.01491
15	0.09764	0.12326	0.07264	0.11468	0.07249	0.02329	0.02119	0.03423	0.02427	0.15223	0.03110	0.08432	0.02693	0.01494	0.01046	0.00350	0.01108	0.05968	0.00799	0.01408
16	0.03042	0.02072	0.03033	0.02494	0.03139	0.02108	0.09674	0.15118	0.03156	0.14017	0.03655	0.05406	0.03156	0.02809	0.10725	0.00617	0.01496	0.11889	0.00947	0.01446
17	0.01415	0.00998	0.01305	0.01517	0.01590	0.00952	0.01035	0.01607	0.02052	0.02727	0.05574	0.47247	0.06595	0.12668	0.02067	0.00547	0.00739	0.07547	0.00955	0.00862
18	0.04012	0.02479	0.03094	0.02367	0.03188	0.02557	0.06036	0.28481	0.04018	0.20722	0.03177	0.03119	0.02184	0.01283	0.01076	0.00326	0.01103	0.01046	0.07997	0.01735
19	0.02557	0.37104	0.04693	0.25760	0.04767	0.03524	0.02351	0.03065	0.02201	0.02657	0.01692	0.02233	0.01422	0.00999	0.00863	0.00288	0.01286	0.00744	0.00474	0.01321

[dist]
# distance from previous block
# <min> <max>
0	4

[block]
# block no. 10 follows, 12 sequences, length 15
# corresponding to MSA columns:
# 375-389
name=unknown_K
#
# <colnr> <probs for GDERKNQSTAVLIFYWHMCP>
#	G	D	E	R	K	N	Q	S	T	A	V	L	I	F	Y	W	H	M	C	P
0	0.02773	0.02229	0.03156	0.03788	0.22691	0.02263	0.02255	0.07497	0.11369	0.08162	0.02810	0.03189	0.02228	0.02155	0.09316	0.00521	0.01356	0.01014	0.00771	0.10459
1	0.11771	0.07549	0.12872	0.03877	0.21829	0.02776	0.02683	0.07723	0.11119	0.04092	0.02374	0.02657	0.01849	0.01100	0.00994	0.00331	0.01199	0.00906	0.00681	0.01618
2	0.01814	0.01000	0.01500	0.01500	0.01546	0.01046	0.01046	0.01546	0.01500	0.02046	0.02139	0.03545	0.02092	0.04834	0.16919	0.52418	0.01417	0.01000	0.00500	0.00593
3	0.01476	0.01112	0.01364	0.01301	0.01588	0.01000	0.00976	0.01927	0.02927	0.03994	0.42840	0.08767	0.21988	0.02370	0.01287	0.00350	0.00524	0.02059	0.01151	0.01000
4	0.10083	0.01961	0.02863	0.02224	0.02935	0.01910	0.08747	0.04223	0.02680	0.31326	0.03385	0.03355	0.02311	0.01289	0.01240	0.00341	0.05818	0.01053	0.10697	0.01559
5	0.12017	0.08089	0.19963	0.02513	0.03590	0.02428	0.07049	0.04147	0.06658	0.18969	0.02778	0.02807	0.01929	0.01142	0.01009	0.00337	0.01234	0.00926	0.00812	0.01605
6	0.01586	0.01057	0.01189	0.01189	0.01189	0.01057	0.00661	0.01586	0.01586	0.02114	0.03436	0.07135	0.03964	0.61681	0.05550	0.01057	0.01057	0.01586	0.00661	0.00661
7	0.02495	0.12652	0.25258	0.03977	0.13344	0.02870	0.17317	0.03419	0.02400	0.03353	0.01981	0.02476	0.01523	0.00976	0.01067	0.00332	0.01558	0.00942	0.00502	0.01559
8	0.02699	0.02591	0.04426	0.06693	0.54879	0.02591	0.03346	0.03346	0.02483	0.03562	0.02051	0.02699	0.01727	0.00972	0.01079	0.00324	0.01295	0.00972	0.00540	0.01727
9	0.02261	0.01938	0.02261	0.01615	0.02584	0.01453	0.01292	0.02745	0.02261	0.03553	0.01938	0.02261	0.01615	0.00807	0.00807	0.00161	0.00807	0.00646	0.00646	0.68346
10	0.02719	0.20121	0.04745	0.03616	0.14418	0.02999	0.13873	0.07750	0.02682	0.03519	0.02583	0.04014	0.02357	0.01308	0.01087	0.00337	0.01331	0.08428	0.00648	0.01465
11	0.16951	0.02398	0.02402	0.02096	0.02763	0.02754	0.01662	0.11924	0.35149	0.04970	0.03556	0.03372	0.02660	0.01356	0.01015	0.00357	0.00908	0.01061	0.01015	0.01630
12	0.03744	0.21752	0.03913	0.02460	0.03203	0.29373	0.02027	0.14578	0.03287	0.03583	0.01845	0.02048	0.01504	0.01108	0.00923	0.00277	0.01555	0.00730	0.00652	0.01437
13	0.02261	0.01938	0.02261	0.01615	0.02584	0.01453	0.01292	0.02745	0.02261	0.03553	0.01938	0.02261	0.01615	0.00807	0.00807	0.00161	0.00807	0.00646	0.00646	0.68346
14	0.03458	0.02116	0.02394	0.02006	0.02674	0.02245	0.01602	0.12088	0.23863	0.19557	0.03992	0.03744	0.02845	0.01385	0.01052	0.00337	0.00881	0.01124	0.10960	0.01679

[dist]
# distance from previous block
# <min> <max>
0	39

[block]
# block no. 11 follows, 12 sequences, length 33
# corresponding to MSA columns:
# 433-465
name=unknown_L
#
# <colnr> <probs for GDERKNQSTAVLIFYWHMCP>
#	G	D	E	R	K	N	Q	S	T	A	V	L	I	F	Y	W	H	M	C	P
0	0.04222	0.01879	0.02451	0.01984	0.02714	0.01737	0.01629	0.10523	0.03234	0.40395	0.04362	0.08966	0.03285	0.01664	0.01157	0.00360	0.00945	0.05535	0.01258	0.01699
1	0.01532	0.01016	0.01230	0.01306	0.01325	0.00997	0.00788	0.01553	0.01724	0.02299	0.04093	0.23055	0.04784	0.39709	0.04199	0.06011	0.00921	0.01993	0.00752	0.00714
2	0.01698	0.02392	0.16996	0.02051	0.02647	0.01465	0.02051	0.02309	0.02371	0.03235	0.08915	0.22963	0.09785	0.02483	0.01303	0.00416	0.00992	0.13923	0.00867	0.01137
3	0.02660	0.01921	0.02931	0.19870	0.16141	0.02041	0.02299	0.03346	0.07026	0.11899	0.03338	0.03778	0.06328	0.01620	0.01507	0.08922	0.01135	0.01123	0.00743	0.01371
4	0.02261	0.01938	0.02261	0.01615	0.02584	0.01453	0.01292	0.02745	0.02261	0.03553	0.01938	0.02261	0.01615	0.00807	0.00807	0.00161	0.00807	0.00646	0.00646	0.68346
5	0.04550	0.02405	0.02870	0.02200	0.03057	0.02417	0.01818	0.26350	0.04039	0.33300	0.03530	0.03210	0.02312	0.01331	0.01094	0.00333	0.01052	0.01044	0.01231	0.01855
6	0.02712	0.02342	0.02465	0.02219	0.02835	0.02712	0.01726	0.05794	0.52909	0.04561	0.04438	0.04068	0.03328	0.01479	0.01109	0.00370	0.00863	0.01233	0.01109	0.01726
7	0.02712	0.02342	0.02465	0.02219	0.02835	0.02712	0.01726	0.05794	0.52909	0.04561	0.04438	0.04068	0.03328	0.01479	0.01109	0.00370	0.00863	0.01233	0.01109	0.01726
8	0.03114	0.01462	0.01961	0.01638	0.02170	0.01298	0.01298	0.03584	0.03103	0.28410	0.30857	0.06066	0.06729	0.01817	0.01197	0.00340	0.00708	0.01561	0.01270	0.01416
9	0.01328	0.00949	0.01265	0.01518	0.01581	0.00886	0.01012	0.01518	0.02088	0.02783	0.06010	0.60969	0.07212	0.03416	0.01392	0.00443	0.00633	0.03100	0.01012	0.00886
10	0.04145	0.03054	0.03272	0.02509	0.03381	0.03381	0.02072	0.51243	0.05127	0.06872	0.02618	0.02618	0.01854	0.01309	0.01091	0.00327	0.01200	0.00982	0.01091	0.01854
11	0.02261	0.01938	0.02261	0.01615	0.02584	0.01453	0.01292	0.02745	0.02261	0.03553	0.01938	0.02261	0.01615	0.00807	0.00807	0.00161	0.00807	0.00646	0.00646	0.68346
12	0.01737	0.01431	0.02095	0.01992	0.02145	0.01790	0.01584	0.02093	0.01735	0.02551	0.02599	0.03873	0.02446	0.06823	0.45736	0.01477	0.15189	0.01122	0.00561	0.01021
13	0.01419	0.01015	0.01365	0.01593	0.01704	0.00961	0.01144	0.01688	0.02235	0.02985	0.09545	0.48543	0.07276	0.03257	0.01404	0.00446	0.00689	0.10790	0.01025	0.00917
14	0.02699	0.02591	0.04426	0.06693	0.54879	0.02591	0.03346	0.03346	0.02483	0.03562	0.02051	0.02699	0.01727	0.00972	0.01079	0.00324	0.01295	0.00972	0.00540	0.01727
15	0.01586	0.01057	0.01189	0.01189	0.01189	0.01057	0.00661	0.01586	0.01586	0.02114	0.03436	0.07135	0.03964	0.61681	0.05550	0.01057	0.01057	0.01586	0.00661	0.00661
16	0.69383	0.02109	0.01603	0.01434	0.02109	0.02446	0.01181	0.03205	0.01856	0.04892	0.01518	0.01771	0.01181	0.01012	0.00675	0.00337	0.00843	0.00590	0.00675	0.01181
17	0.02118	0.01184	0.01199	0.01168	0.01468	0.01230	0.00884	0.02951	0.08675	0.04128	0.03668	0.04065	0.02862	0.01297	0.00806	0.00269	0.00553	0.01044	0.59325	0.01106
18	0.01429	0.01027	0.01355	0.01450	0.01604	0.00953	0.01020	0.01771	0.02556	0.03529	0.28655	0.36199	0.08654	0.02859	0.01342	0.00396	0.00577	0.02571	0.01100	0.00953
19	0.04145	0.03054	0.03272	0.02509	0.03381	0.03381	0.02072	0.51243	0.05127	0.06872	0.02618	0.02618	0.01854	0.01309	0.01091	0.00327	0.01200	0.00982	0.01091	0.01854
20	0.02725	0.01817	0.02216	0.01653	0.02505	0.01431	0.01324	0.03200	0.02546	0.14636	0.09045	0.03309	0.02938	0.01101	0.00929	0.00221	0.00796	0.00908	0.00864	0.45833
21	0.02059	0.01938	0.03270	0.59060	0.07510	0.02422	0.03028	0.02786	0.02180	0.02786	0.01938	0.02907	0.01453	0.01090	0.01090	0.00363	0.01453	0.00969	0.00484	0.01211
22	0.01755	0.01463	0.02153	0.01999	0.02320	0.01453	0.07433	0.02579	0.10850	0.03449	0.13714	0.34858	0.06397	0.02568	0.01313	0.00404	0.00803	0.02360	0.01003	0.01125
