[name]
unknown

[dist]
# distance from previous block
# <min> <max>
0	37

[block]
# block no. 0 follows, 14 sequences, length 42
# corresponding to MSA columns:
# 37-78
name=unknown_A
#
# <colnr> <probs for GDERKNQSTAVLIFYWHMCP>
#	G	D	E	R	K	N	Q	S	T	A	V	L	I	F	Y	W	H	M	C	P
0	0.02183	0.01629	0.01958	0.01832	0.02242	0.01685	0.01460	0.13172	0.08457	0.03728	0.03978	0.17264	0.04023	0.02553	0.04901	0.04731	0.00986	0.14334	0.00886	0.07997
1	0.01569	0.01131	0.01360	0.01313	0.01323	0.01234	0.00828	0.01613	0.01510	0.02062	0.03010	0.06098	0.03417	0.54277	0.08142	0.00975	0.07438	0.01408	0.00600	0.00691
2	0.03840	0.04691	0.02925	0.02616	0.03173	0.54201	0.01980	0.09056	0.03098	0.02904	0.01673	0.01911	0.01364	0.01075	0.00935	0.00269	0.01779	0.00687	0.00578	0.01245
3	0.01849	0.01335	0.01657	0.06692	0.02259	0.01263	0.01209	0.02449	0.06923	0.08242	0.19260	0.12373	0.19768	0.01992	0.01131	0.00326	0.00673	0.01713	0.00957	0.07930
4	0.02492	0.02396	0.04071	0.05713	0.49100	0.02341	0.05843	0.03101	0.02321	0.03348	0.01928	0.02512	0.01611	0.00896	0.01002	0.00292	0.01203	0.00901	0.00519	0.08411
5	0.03095	0.41278	0.04405	0.02018	0.02742	0.14512	0.01819	0.03409	0.02283	0.07973	0.01710	0.01922	0.01442	0.01033	0.00987	0.00258	0.06609	0.00649	0.00540	0.01318
6	0.64583	0.01961	0.01595	0.01397	0.02048	0.02223	0.01151	0.03213	0.01864	0.09922	0.01689	0.01848	0.01253	0.00984	0.00674	0.00318	0.00802	0.00603	0.00698	0.01174
7	0.01485	0.01013	0.01209	0.01201	0.01247	0.01027	0.00737	0.01578	0.01652	0.02248	0.08504	0.06483	0.04179	0.50952	0.11484	0.01008	0.01158	0.01481	0.00663	0.00692
8	0.01734	0.01255	0.01538	0.01586	0.01793	0.01260	0.01131	0.10835	0.02531	0.03396	0.08240	0.49032	0.06068	0.02794	0.01253	0.00392	0.00684	0.02497	0.00977	0.01004
9	0.02208	0.14727	0.44455	0.02879	0.04242	0.02679	0.08655	0.03225	0.02180	0.03117	0.01798	0.02144	0.01329	0.00948	0.00948	0.00310	0.01470	0.00771	0.00443	0.01470
10	0.18850	0.01797	0.02195	0.01724	0.02484	0.01678	0.01423	0.04577	0.02682	0.46767	0.03488	0.03102	0.02235	0.01202	0.00947	0.00318	0.00856	0.00930	0.01134	0.01611
11	0.01999	0.01488	0.02102	0.01784	0.02163	0.01498	0.06370	0.02613	0.06949	0.09024	0.24627	0.06213	0.13818	0.07350	0.01727	0.00401	0.06240	0.01581	0.00943	0.01111
12	0.01411	0.01017	0.01334	0.01319	0.01524	0.00941	0.00965	0.01832	0.02711	0.03807	0.46420	0.19115	0.09087	0.02328	0.01231	0.00342	0.00507	0.02074	0.01093	0.00941
13	0.01938	0.01824	0.03078	0.61468	0.07068	0.02280	0.02850	0.02622	0.02052	0.02622	0.01824	0.02736	0.01368	0.01026	0.01026	0.00342	0.01368	0.00912	0.00456	0.01140
14	0.67097	0.02039	0.01604	0.01411	0.02057	0.02356	0.01162	0.06120	0.01933	0.04717	0.01492	0.01715	0.01150	0.00970	0.00659	0.00317	0.00814	0.00578	0.00659	0.01150
15	0.01897	0.01412	0.01793	0.01642	0.01747	0.01733	0.01267	0.02183	0.01775	0.02861	0.02593	0.03894	0.02413	0.14645	0.08207	0.00598	0.21553	0.01058	0.25788	0.00941
16	0.02154	0.02082	0.03492	0.25897	0.18518	0.02405	0.07216	0.02730	0.02137	0.02964	0.06405	0.03007	0.02143	0.01221	0.01506	0.00352	0.12957	0.01016	0.00530	0.01268
17	0.08410	0.02158	0.02670	0.14355	0.03642	0.02427	0.04414	0.19485	0.13434	0.04374	0.03028	0.11612	0.02613	0.01469	0.01048	0.00341	0.01040	0.01242	0.00844	0.01393
18	0.58969	0.02065	0.01981	0.02230	0.11869	0.02326	0.01474	0.03040	0.01851	0.04382	0.01518	0.01822	0.01203	0.00946	0.00703	0.00315	0.00870	0.00620	0.00612	0.01203
19	0.01417	0.01085	0.01549	0.12115	0.02489	0.01126	0.01305	0.01689	0.01965	0.02595	0.04758	0.44617	0.05513	0.07890	0.01594	0.00455	0.00788	0.05339	0.00836	0.00877
20	0.01246	0.00908	0.01175	0.01389	0.01478	0.00837	0.00935	0.01433	0.02003	0.02635	0.06140	0.57817	0.11923	0.03152	0.01300	0.00410	0.00588	0.02841	0.00953	0.00837
21	0.02979	0.02410	0.02653	0.07161	0.03219	0.02753	0.01843	0.22478	0.33145	0.04924	0.03372	0.03253	0.02493	0.01305	0.01036	0.00333	0.00971	0.01056	0.00989	0.01627
22	0.02539	0.01922	0.02440	0.02608	0.12145	0.02028	0.01723	0.07016	0.23138	0.09715	0.18215	0.04539	0.04524	0.01479	0.01083	0.00328	0.00820	0.01281	0.00994	0.01464
23	0.06595	0.02374	0.07895	0.07722	0.03670	0.02130	0.11879	0.05957	0.02482	0.20511	0.02528	0.02738	0.01785	0.01121	0.01250	0.00319	0.07485	0.00938	0.00774	0.09849
24	0.02771	0.53164	0.10589	0.01955	0.02867	0.08883	0.01984	0.03183	0.02167	0.02508	0.01483	0.01718	0.01316	0.00904	0.00715	0.00234	0.01208	0.00580	0.00446	0.01326
25	0.01466	0.01100	0.01649	0.01649	0.01833	0.01283	0.01283	0.01833	0.01649	0.02382	0.02749	0.04032	0.02566	0.07697	0.59868	0.01649	0.02749	0.01100	0.00550	0.00916
26	0.03565	0.03955	0.07835	0.08545	0.03635	0.33018	0.02183	0.13340	0.03118	0.08322	0.02018	0.02231	0.01513	0.01099	0.00969	0.00291	0.01549	0.00778	0.00673	0.01368
27	0.03383	0.04710	0.12952	0.03074	0.09046	0.43635	0.02426	0.03848	0.02717	0.02730	0.01667	0.01978	0.01350	0.01028	0.00944	0.00279	0.01726	0.00705	0.00510	0.01293
28	0.01250	0.00893	0.01191	0.01429	0.01488	0.00834	0.00953	0.01429	0.01965	0.02620	0.05656	0.63265	0.06787	0.03215	0.01310	0.00417	0.00595	0.02917	0.00953	0.00834
29	0.15639	0.01841	0.02206	0.01871	0.02410	0.01977	0.05734	0.13251	0.05881	0.06764	0.02937	0.03862	0.02433	0.01959	0.06776	0.00451	0.01087	0.06085	0.15585	0.01252
30	0.02235	0.02422	0.05039	0.14178	0.05269	0.02370	0.39250	0.03029	0.02406	0.03255	0.07736	0.03271	0.02368	0.01022	0.01178	0.00343	0.01536	0.01225	0.00571	0.01297
31	0.01913	0.00956	0.00956	0.00956	0.01196	0.00956	0.00717	0.02391	0.02152	0.03826	0.03348	0.03826	0.02630	0.01196	0.00717	0.00239	0.00478	0.00956	0.69632	0.00956
32	0.02250	0.21895	0.43711	0.02598	0.03935	0.02853	0.03222	0.03200	0.02144	0.03016	0.01725	0.02021	0.01305	0.00948	0.00886	0.00295	0.01399	0.00700	0.00435	0.01461
33	0.03144	0.02409	0.02587	0.02167	0.02844	0.02708	0.01730	0.22286	0.34870	0.08307	0.03575	0.03335	0.02616	0.01329	0.01037	0.00332	0.00926	0.01071	0.01052	0.01674
34	0.01267	0.00906	0.01206	0.01417	0.01492	0.00845	0.00954	0.01471	0.02044	0.02745	0.09957	0.58606	0.07030	0.03121	0.01302	0.00409	0.00586	0.02828	0.00967	0.00845
35	0.02272	0.23805	0.41995	0.02560	0.03877	0.02907	0.03156	0.03195	0.02141	0.02989	0.01712	0.02004	0.01305	0.00945	0.00876	0.00292	0.01386	0.00693	0.00435	0.01454
36	0.02744	0.64552	0.05378	0.01756	0.02634	0.04061	0.01756	0.03073	0.02085	0.02414	0.01427	0.01646	0.01317	0.00878	0.00658	0.00219	0.01097	0.00549	0.00439	0.01317
37	0.01286	0.01027	0.01152	0.01153	0.01439	0.00893	0.00852	0.01603	0.02466	0.03148	0.23491	0.14680	0.38159	0.02516	0.01222	0.00347	0.00517	0.02152	0.01004	0.00893
38	0.02540	0.02438	0.04165	0.06299	0.57533	0.02438	0.03149	0.03149	0.02337	0.03353	0.01930	0.02540	0.01626	0.00914	0.01016	0.00305	0.01219	0.00914	0.00508	0.01626
39	0.01638	0.01278	0.01533	0.01639	0.01854	0.01336	0.01178	0.02599	0.17124	0.03115	0.05228	0.43845	0.05712	0.02682	0.01241	0.00400	0.00675	0.04886	0.00978	0.01062
40	0.02339	0.02526	0.02475	0.02235	0.02609	0.21096	0.06844	0.02702	0.02185	0.02543	0.02590	0.09321	0.02482	0.04296	0.27935	0.00922	0.02118	0.01152	0.00581	0.01048
41	0.01250	0.00893	0.01191	0.01429	0.01488	0.00834	0.00953	0.01429	0.01965	0.02620	0.05656	0.63265	0.06787	0.03215	0.01310	0.00417	0.00595	0.02917	0.00953	0.00834

[dist]
# distance from previous block
# <min> <max>
0	8

[block]
# block no. 1 follows, 14 sequences, length 37
# corresponding to MSA columns:
# 87-123
name=unknown_B
#
# <colnr> <probs for GDERKNQSTAVLIFYWHMCP>
#	G	D	E	R	K	N	Q	S	T	A	V	L	I	F	Y	W	H	M	C	P
0	0.02682	0.02064	0.02172	0.01894	0.02447	0.02327	0.01490	0.14534	0.33695	0.04626	0.03651	0.03554	0.02744	0.01317	0.00969	0.00316	0.00802	0.01068	0.16147	0.01501
1	0.15497	0.02401	0.02256	0.01929	0.02542	0.09940	0.01568	0.18599	0.03146	0.11813	0.03687	0.04411	0.08728	0.01528	0.01015	0.00331	0.01036	0.07317	0.00903	0.01351
2	0.02883	0.02369	0.02507	0.02155	0.02794	0.02707	0.01704	0.17379	0.43215	0.04826	0.03757	0.03494	0.02793	0.01353	0.01040	0.00338	0.00890	0.01102	0.01040	0.01654
3	0.02744	0.64552	0.05378	0.01756	0.02634	0.04061	0.01756	0.03073	0.02085	0.02414	0.01427	0.01646	0.01317	0.00878	0.00658	0.00219	0.01097	0.00549	0.00439	0.01317
4	0.01470	0.01085	0.01577	0.01577	0.01736	0.01244	0.01193	0.01786	0.01628	0.02329	0.02814	0.04395	0.02723	0.15316	0.52464	0.01561	0.02511	0.01153	0.00560	0.00876
5	0.36594	0.02677	0.09831	0.06950	0.03093	0.02564	0.01863	0.17713	0.02715	0.04789	0.01816	0.02055	0.01341	0.01042	0.00827	0.00318	0.01037	0.00719	0.00705	0.01351
6	0.03052	0.09928	0.10142	0.02115	0.03048	0.02354	0.04081	0.14778	0.05582	0.13550	0.02440	0.02502	0.01779	0.01032	0.00916	0.00264	0.01042	0.00818	0.00793	0.19784
7	0.01576	0.01719	0.09361	0.01819	0.02129	0.01481	0.01581	0.01975	0.01752	0.02510	0.03056	0.14055	0.03131	0.10995	0.31851	0.01095	0.06953	0.01387	0.00602	0.00972
8	0.01321	0.00959	0.01199	0.01307	0.01434	0.00888	0.00888	0.01550	0.02147	0.02869	0.16740	0.36937	0.13559	0.11126	0.01806	0.00466	0.00616	0.02403	0.00945	0.00837
9	0.02953	0.01852	0.03014	0.16824	0.04010	0.01854	0.10734	0.05987	0.02594	0.22737	0.05549	0.11407	0.02923	0.01438	0.01106	0.00342	0.01100	0.01318	0.00880	0.01379
10	0.03512	0.22492	0.03637	0.02382	0.03014	0.43367	0.01916	0.03795	0.02665	0.02483	0.01539	0.01790	0.01320	0.01005	0.00847	0.00251	0.01628	0.00628	0.00502	0.01227
11	0.01765	0.03517	0.34955	0.02280	0.03232	0.01771	0.02623	0.02600	0.02272	0.03290	0.13708	0.16234	0.04145	0.01675	0.01093	0.00344	0.01114	0.01437	0.00683	0.01262
12	0.03347	0.02073	0.03228	0.02419	0.03265	0.01891	0.14290	0.04208	0.09812	0.27607	0.03183	0.03116	0.02196	0.01096	0.01029	0.00299	0.01055	0.01017	0.00937	0.13933
13	0.03877	0.02454	0.02784	0.02121	0.02946	0.02529	0.01748	0.35136	0.04011	0.19713	0.02805	0.02695	0.01928	0.01186	0.00997	0.00292	0.01018	0.00915	0.01041	0.09801
14	0.02368	0.01966	0.02257	0.01634	0.02534	0.01614	0.01316	0.09565	0.02493	0.03767	0.01911	0.02173	0.01551	0.00824	0.00796	0.00173	0.00810	0.00651	0.00665	0.60932
15	0.01447	0.01092	0.01358	0.01446	0.01650	0.01054	0.01060	0.01976	0.06946	0.03195	0.18709	0.32464	0.13683	0.02665	0.01260	0.00384	0.00611	0.07043	0.01003	0.00950
16	0.02066	0.01951	0.02895	0.10350	0.09479	0.02518	0.02183	0.02411	0.01733	0.02556	0.01814	0.02863	0.01708	0.05395	0.13121	0.00660	0.33725	0.00964	0.00483	0.01125
17	0.02526	0.02135	0.02321	0.01923	0.02634	0.02213	0.01516	0.08625	0.33594	0.04162	0.03251	0.03149	0.02480	0.01169	0.00948	0.00280	0.00822	0.00957	0.00898	0.24399
18	0.03208	0.02653	0.09161	0.02169	0.02949	0.02467	0.01922	0.25796	0.13691	0.12154	0.09873	0.03486	0.03072	0.01348	0.01048	0.00321	0.00999	0.01082	0.01005	0.01596
19	0.02616	0.17531	0.03038	0.01989	0.02608	0.05435	0.01632	0.07001	0.32799	0.03719	0.03423	0.08291	0.02849	0.01401	0.00966	0.00317	0.00928	0.01128	0.00863	0.01467
20	0.01257	0.01007	0.01078	0.01120	0.01368	0.00878	0.00789	0.01468	0.02157	0.02639	0.08572	0.19058	0.40824	0.11020	0.01774	0.00447	0.00598	0.02210	0.00908	0.00827
21	0.01411	0.01028	0.01280	0.01247	0.01455	0.00948	0.00896	0.01775	0.02564	0.03532	0.39519	0.12423	0.14681	0.10632	0.01763	0.00425	0.00567	0.01934	0.01024	0.00897
22	0.03004	0.17293	0.22814	0.07417	0.03693	0.02600	0.02515	0.07910	0.02559	0.17201	0.02358	0.02459	0.01661	0.01054	0.00927	0.00299	0.01213	0.00808	0.00699	0.01516
23	0.02681	0.02020	0.02248	0.09941	0.10364	0.09517	0.01685	0.03370	0.06910	0.10817	0.02881	0.03194	0.02181	0.01143	0.00897	0.00285	0.00963	0.00932	0.26702	0.01268
24	0.01913	0.00956	0.00956	0.00956	0.01196	0.00956	0.00717	0.02391	0.02152	0.03826	0.03348	0.03826	0.02630	0.01196	0.00717	0.00239	0.00478	0.00956	0.69632	0.00956
25	0.02542	0.02160	0.02639	0.10131	0.09652	0.02440	0.01946	0.11064	0.31015	0.04119	0.03509	0.08513	0.02860	0.01426	0.01059	0.00343	0.00955	0.01220	0.00896	0.01510
26	0.02464	0.02754	0.06346	0.24082	0.19418	0.10190	0.13842	0.03132	0.02328	0.02971	0.01875	0.02547	0.01468	0.00964	0.01047	0.00322	0.01478	0.00937	0.00492	0.01344
27	0.02343	0.02237	0.03809	0.24390	0.40985	0.02386	0.03051	0.02976	0.02243	0.03113	0.01895	0.02604	0.01541	0.00951	0.01019	0.00317	0.01268	0.00914	0.00491	0.01466
28	0.01548	0.01328	0.02067	0.01952	0.02169	0.01362	0.07885	0.01851	0.02043	0.02739	0.05085	0.39359	0.09775	0.02663	0.01540	0.00410	0.07995	0.06441	0.00837	0.00950
29	0.01422	0.01048	0.01329	0.01259	0.01514	0.00955	0.00944	0.01877	0.02833	0.03944	0.51054	0.07947	0.15728	0.02162	0.01211	0.00326	0.00489	0.01895	0.01107	0.00955
30	0.03499	0.19703	0.03840	0.02727	0.09443	0.14983	0.06411	0.03914	0.02583	0.19786	0.02383	0.02461	0.01751	0.01040	0.00921	0.00280	0.01260	0.00822	0.00729	0.01464
31	0.02730	0.44830	0.18179	0.02048	0.03076	0.03438	0.02234	0.03276	0.02176	0.07243	0.01746	0.01927	0.01414	0.00934	0.00767	0.00253	0.01182	0.00640	0.00506	0.01401
32	0.01622	0.00948	0.01217	0.01217	0.01217	0.00948	0.00742	0.01423	0.01423	0.01897	0.02584	0.05105	0.02858	0.36899	0.04680	0.31962	0.00948	0.01223	0.00543	0.00543
33	0.03418	0.04048	0.03123	0.08408	0.03651	0.41600	0.06305	0.08120	0.02951	0.03011	0.04521	0.02359	0.01804	0.01106	0.00982	0.00285	0.01662	0.00814	0.00594	0.01238
34	0.01794	0.01572	0.02345	0.10295	0.07967	0.01666	0.05911	0.02515	0.08353	0.02884	0.04443	0.05394	0.14123	0.08442	0.14886	0.00701	0.01403	0.03510	0.00698	0.01100
35	0.01557	0.01023	0.01225	0.01331	0.01510	0.00989	0.01003	0.01868	0.02087	0.02949	0.05257	0.17917	0.11827	0.12953	0.01852	0.00478	0.00719	0.14868	0.17727	0.00862
36	0.02062	0.07270	0.03358	0.41849	0.05734	0.02303	0.08479	0.02710	0.02111	0.02836	0.02013	0.02784	0.01547	0.01016	0.00977	0.00319	0.01274	0.00921	0.09277	0.01161

[dist]
# distance from previous block
# <min> <max>
0	1

[block]
# block no. 2 follows, 14 sequences, length 98
# corresponding to MSA columns:
# 125-192,194-223
name=unknown_C
#
# <colnr> <probs for GDERKNQSTAVLIFYWHMCP>
#	G	D	E	R	K	N	Q	S	T	A	V	L	I	F	Y	W	H	M	C	P
0	0.02453	0.02606	0.13063	0.02380	0.03067	0.02233	0.07522	0.12021	0.07713	0.06397	0.08605	0.03445	0.02806	0.02153	0.08904	0.00506	0.07682	0.01077	0.04010	0.01357
1	0.02828	0.03321	0.04969	0.04079	0.10590	0.18482	0.33736	0.03497	0.02548	0.03079	0.01924	0.02488	0.01499	0.00924	0.01110	0.00319	0.01706	0.01025	0.00520	0.01357
2	0.04604	0.01746	0.02382	0.01826	0.02620	0.01508	0.01508	0.05001	0.02937	0.58244	0.04049	0.03493	0.02540	0.01270	0.01032	0.00318	0.00873	0.01032	0.01270	0.01746
3	0.16146	0.19959	0.03357	0.01943	0.02743	0.03079	0.01690	0.24752	0.03270	0.10771	0.02157	0.02201	0.01596	0.01085	0.00851	0.00286	0.01029	0.00762	0.00816	0.01507
4	0.02467	0.04398	0.42283	0.02630	0.03951	0.02292	0.03143	0.08723	0.02507	0.08048	0.02084	0.02301	0.01470	0.01004	0.00963	0.00305	0.01345	0.00782	0.00582	0.08722
5	0.02346	0.02186	0.02401	0.02100	0.07672	0.06991	0.01488	0.02914	0.04757	0.03312	0.01923	0.02221	0.01588	0.00832	0.00813	0.00186	0.00907	0.00668	0.00612	0.54082
6	0.01298	0.00928	0.01239	0.01435	0.01528	0.00869	0.00992	0.01531	0.02107	0.02837	0.12289	0.53349	0.07116	0.03050	0.01303	0.00408	0.00599	0.05291	0.00975	0.00857
7	0.22820	0.02414	0.02510	0.01978	0.02742	0.02622	0.01633	0.30603	0.03610	0.15691	0.02473	0.02435	0.01718	0.01161	0.00918	0.00312	0.00987	0.00841	0.00963	0.01568
8	0.02737	0.02447	0.03020	0.09014	0.10430	0.08444	0.06858	0.04323	0.25844	0.08088	0.03223	0.03581	0.02500	0.01267	0.01058	0.00336	0.01129	0.03391	0.00825	0.01483
9	0.01492	0.00995	0.01119	0.01119	0.01119	0.00995	0.00622	0.01492	0.01492	0.01990	0.03233	0.06716	0.03731	0.63935	0.05223	0.00995	0.00995	0.01492	0.00622	0.00622
10	0.01307	0.00934	0.01256	0.01494	0.01578	0.00883	0.01051	0.01527	0.02021	0.02683	0.05625	0.55982	0.06663	0.03161	0.01325	0.00425	0.00645	0.09639	0.00952	0.00849
11	0.02649	0.32661	0.20644	0.02499	0.03536	0.10624	0.08200	0.03281	0.02253	0.02768	0.01641	0.01950	0.01339	0.00928	0.00847	0.00270	0.01388	0.00698	0.00458	0.01366
12	0.01473	0.01072	0.01512	0.01512	0.01648	0.01208	0.01112	0.01744	0.01609	0.02281	0.02874	0.04726	0.02867	0.22253	0.45724	0.01480	0.02295	0.01201	0.00568	0.00840
13	0.01559	0.00923	0.01082	0.01209	0.01352	0.00891	0.00843	0.01877	0.02052	0.03182	0.04580	0.35559	0.04850	0.02274	0.01034	0.00334	0.00541	0.02003	0.32966	0.00891
14	0.02551	0.02231	0.02527	0.02559	0.08806	0.02540	0.01795	0.05195	0.49713	0.04188	0.03926	0.03685	0.02964	0.01339	0.01041	0.00343	0.00858	0.01133	0.00984	0.01624
15	0.01567	0.01248	0.01843	0.01785	0.01944	0.01524	0.01407	0.01915	0.01639	0.02394	0.02567	0.03800	0.02408	0.06933	0.52555	0.01494	0.10425	0.01073	0.00537	0.00943
16	0.71184	0.01985	0.01508	0.01350	0.01985	0.02302	0.01111	0.03017	0.01746	0.04604	0.01429	0.01667	0.01111	0.00953	0.00635	0.00318	0.00794	0.00556	0.00635	0.01111
17	0.02011	0.01901	0.02695	0.02381	0.02436	0.02585	0.01956	0.02278	0.01595	0.02443	0.01768	0.02781	0.01713	0.03567	0.20327	0.00809	0.44254	0.00959	0.00479	0.01061
18	0.01654	0.01181	0.01654	0.01890	0.02126	0.01181	0.01654	0.02126	0.02362	0.03071	0.05433	0.11576	0.05906	0.02835	0.01417	0.00472	0.00945	0.50626	0.00945	0.00945
19	0.01213	0.01040	0.01040	0.01040	0.01386	0.00866	0.00780	0.01473	0.02339	0.02772	0.10396	0.09876	0.57117	0.02599	0.01213	0.00347	0.00520	0.02166	0.00953	0.00866
20	0.02744	0.64552	0.05378	0.01756	0.02634	0.04061	0.01756	0.03073	0.02085	0.02414	0.01427	0.01646	0.01317	0.00878	0.00658	0.00219	0.01097	0.00549	0.00439	0.01317
21	0.03833	0.04891	0.02908	0.02644	0.03173	0.59815	0.01983	0.04098	0.02908	0.02512	0.01586	0.01851	0.01322	0.01058	0.00925	0.00264	0.01851	0.00661	0.00529	0.01190
22	0.01383	0.01015	0.01296	0.01292	0.01507	0.00929	0.00944	0.01778	0.02644	0.03650	0.40975	0.19615	0.14379	0.02389	0.01232	0.00345	0.00512	0.02114	0.01073	0.00929
23	0.01442	0.01062	0.01358	0.01321	0.01576	0.00977	0.01015	0.01896	0.02775	0.03833	0.45585	0.08359	0.15428	0.02240	0.01232	0.00341	0.00537	0.06981	0.01088	0.00953
24	0.01250	0.00893	0.01191	0.01429	0.01488	0.00834	0.00953	0.01429	0.01965	0.02620	0.05656	0.63265	0.06787	0.03215	0.01310	0.00417	0.00595	0.02917	0.00953	0.00834
25	0.02062	0.01218	0.01511	0.01422	0.01819	0.01084	0.01141	0.02439	0.02589	0.14789	0.17961	0.08393	0.25727	0.02259	0.01214	0.00360	0.00669	0.11200	0.01056	0.01088
26	0.01379	0.01015	0.01291	0.01288	0.01505	0.00927	0.00941	0.01770	0.02634	0.03627	0.40157	0.19654	0.15213	0.02398	0.01232	0.00346	0.00512	0.02119	0.01070	0.00927
27	0.02997	0.02857	0.02542	0.02241	0.02841	0.14686	0.01742	0.11466	0.37991	0.04199	0.03410	0.03236	0.02572	0.01301	0.01017	0.00325	0.01072	0.01025	0.00933	0.01548
28	0.71184	0.01985	0.01508	0.01350	0.01985	0.02302	0.01111	0.03017	0.01746	0.04604	0.01429	0.01667	0.01111	0.00953	0.00635	0.00318	0.00794	0.00556	0.00635	0.01111
29	0.02501	0.01873	0.02348	0.02497	0.09557	0.02002	0.01761	0.04115	0.27321	0.09934	0.08473	0.05570	0.03993	0.01678	0.01131	0.00363	0.00873	0.11582	0.00986	0.01441
30	0.01630	0.01443	0.01465	0.01638	0.01778	0.08506	0.01164	0.01852	0.02131	0.02656	0.05104	0.49535	0.05981	0.02893	0.01272	0.00403	0.00797	0.07962	0.00897	0.00892
31	0.02213	0.02200	0.03136	0.08936	0.03159	0.03052	0.02309	0.02486	0.01623	0.02486	0.01398	0.02297	0.01349	0.01714	0.03119	0.00438	0.55612	0.00900	0.00450	0.01124
32	0.16607	0.04609	0.46598	0.02593	0.03924	0.02366	0.03227	0.03201	0.02078	0.03535	0.01755	0.02061	0.01260	0.00970	0.00903	0.00323	0.01365	0.00716	0.00476	0.01431
33	0.01849	0.01703	0.02834	0.53698	0.06346	0.02093	0.02604	0.02468	0.02041	0.02622	0.02320	0.10570	0.02069	0.01309	0.01063	0.00352	0.01268	0.01172	0.00520	0.01100
34	0.13921	0.34677	0.10138	0.01919	0.02791	0.03335	0.01885	0.08658	0.08016	0.03487	0.01874	0.02025	0.01519	0.00993	0.00769	0.00270	0.01068	0.00677	0.00596	0.01383
35	0.01887	0.01435	0.01704	0.01570	0.01912	0.01478	0.01191	0.07969	0.12855	0.04200	0.34783	0.13602	0.07255	0.02020	0.01173	0.00338	0.00627	0.01766	0.01080	0.01155
36	0.02529	0.03047	0.15782	0.03623	0.11053	0.02508	0.19991	0.03537	0.08246	0.07738	0.02308	0.02722	0.01740	0.01107	0.01382	0.00348	0.09247	0.01017	0.00610	0.01466
37	0.02250	0.04379	0.45236	0.02597	0.03872	0.02107	0.03184	0.03266	0.02344	0.09202	0.09214	0.03019	0.02517	0.01152	0.01011	0.00324	0.01315	0.00929	0.00612	0.01470
38	0.01242	0.00924	0.01159	0.01347	0.01467	0.00840	0.00916	0.01438	0.02044	0.02652	0.06654	0.52028	0.17380	0.03085	0.01289	0.00402	0.00579	0.02759	0.00953	0.00840
39	0.01250	0.00893	0.01191	0.01429	0.01488	0.00834	0.00953	0.01429	0.01965	0.02620	0.05656	0.63265	0.06787	0.03215	0.01310	0.00417	0.00595	0.02917	0.00953	0.00834
40	0.02508	0.41981	0.16414	0.07040	0.03596	0.03444	0.06546	0.03091	0.02127	0.02678	0.01599	0.01936	0.01337	0.00909	0.00800	0.00262	0.01259	0.00676	0.00446	0.01350
41	0.02540	0.02438	0.04165	0.06299	0.57533	0.02438	0.03149	0.03149	0.02337	0.03353	0.01930	0.02540	0.01626	0.00914	0.01016	0.00305	0.01219	0.00914	0.00508	0.01626
42	0.02131	0.01020	0.01072	0.01027	0.01311	0.01001	0.00781	0.02602	0.02216	0.08226	0.03404	0.03799	0.02623	0.01202	0.00743	0.00245	0.00510	0.00963	0.64105	0.01020
43	0.02758	0.02652	0.03106	0.02619	0.02846	0.09020	0.02156	0.13507	0.02395	0.03315	0.01607	0.02250	0.01428	0.01601	0.02622	0.00400	0.42999	0.00879	0.00579	0.01261
44	0.02128	0.01824	0.02128	0.01520	0.02432	0.01368	0.01216	0.02584	0.02128	0.03344	0.01824	0.02128	0.01520	0.00760	0.00760	0.00152	0.00760	0.00608	0.00608	0.70208
45	0.01242	0.00924	0.01159	0.01347	0.01467	0.00840	0.00916	0.01438	0.02044	0.02652	0.06654	0.52028	0.17380	0.03085	0.01289	0.00402	0.00579	0.02759	0.00953	0.00840
46	0.71184	0.01985	0.01508	0.01350	0.01985	0.02302	0.01111	0.03017	0.01746	0.04604	0.01429	0.01667	0.01111	0.00953	0.00635	0.00318	0.00794	0.00556	0.00635	0.01111
47	0.01789	0.01361	0.01962	0.01936	0.02219	0.01359	0.05621	0.06259	0.02384	0.03147	0.04737	0.21679	0.05188	0.09121	0.01748	0.00491	0.00947	0.26182	0.00885	0.00986
48	0.01492	0.00995	0.01119	0.01119	0.01119	0.00995	0.00622	0.01492	0.01492	0.01990	0.03233	0.06716	0.03731	0.63935	0.05223	0.00995	0.00995	0.01492	0.00622	0.00622
49	0.02688	0.59762	0.09682	0.01850	0.02780	0.03925	0.01921	0.03087	0.02092	0.02482	0.01460	0.01688	0.01316	0.00886	0.00684	0.00228	0.01131	0.00566	0.00439	0.01333
50	0.04064	0.02613	0.02918	0.02237	0.03052	0.02795	0.01848	0.42738	0.04388	0.18458	0.02831	0.02702	0.01929	0.01241	0.01028	0.00310	0.01070	0.00949	0.01083	0.01745
51	0.01260	0.01009	0.01134	0.01223	0.01477	0.00883	0.00902	0.01514	0.02232	0.02752	0.08608	0.25569	0.38250	0.02798	0.01258	0.00377	0.00577	0.06364	0.00952	0.00863
52	0.04124	0.02112	0.02576	0.01963	0.02778	0.02023	0.01618	0.20291	0.03450	0.36134	0.03315	0.03025	0.02182	0.01205	0.01002	0.00297	0.00942	0.00954	0.01124	0.08885
53	0.03596	0.02566	0.02792	0.02227	0.02978	0.02827	0.01812	0.35188	0.18951	0.11353	0.03115	0.02958	0.02221	0.01281	0.01032	0.00320	0.01013	0.01002	0.01057	0.01711
54	0.01290	0.00938	0.01216	0.01368	0.01489	0.00865	0.00942	0.01539	0.02193	0.02947	0.16850	0.47179	0.11530	0.02929	0.01281	0.00391	0.00566	0.02632	0.00990	0.00865
55	0.11123	0.01686	0.02063	0.01694	0.02326	0.01619	0.01365	0.04193	0.09624	0.33869	0.14915	0.04210	0.03960	0.01425	0.01027	0.00323	0.00775	0.01169	0.01140	0.01496
56	0.01780	0.01126	0.01450	0.01325	0.01639	0.01018	0.01009	0.02231	0.02849	0.10030	0.46211	0.07429	0.13830	0.02058	0.01191	0.00325	0.00531	0.01796	0.01127	0.01045
57	0.03783	0.01916	0.02383	0.01839	0.02592	0.01782	0.01503	0.14682	0.03226	0.34187	0.09349	0.03566	0.03040	0.01289	0.01016	0.00295	0.00869	0.01047	0.01117	0.10520
58	0.15920	0.02844	0.03643	0.02770	0.03596	0.07499	0.16926	0.25718	0.03397	0.04870	0.02087	0.02355	0.01538	0.01059	0.01000	0.00317	0.01302	0.00918	0.00765	0.01477
59	0.03680	0.04166	0.02864	0.02519	0.03109	0.41811	0.01930	0.13628	0.10097	0.03482	0.02086	0.02221	0.01635	0.01133	0.00960	0.00283	0.01581	0.00775	0.00689	0.01350
60	0.01566	0.01121	0.01543	0.01712	0.01930	0.01097	0.01431	0.02008	0.02432	0.03240	0.16310	0.16535	0.06799	0.02722	0.01362	0.00435	0.00809	0.35025	0.00985	0.00937
61	0.02285	0.02420	0.03683	0.41828	0.06205	0.09793	0.13462	0.02953	0.02241	0.02748	0.01846	0.02628	0.01402	0.00996	0.01052	0.00333	0.01507	0.00942	0.00479	0.01198
62	0.02273	0.23901	0.41909	0.02558	0.03874	0.02910	0.03153	0.03194	0.02141	0.02988	0.01711	0.02003	0.01305	0.00945	0.00876	0.00292	0.01385	0.00693	0.00435	0.01454
63	0.01250	0.00893	0.01191	0.01429	0.01488	0.00834	0.00953	0.01429	0.01965	0.02620	0.05656	0.63265	0.06787	0.03215	0.01310	0.00417	0.00595	0.02917	0.00953	0.00834
64	0.01553	0.01228	0.01816	0.01766	0.01929	0.01491	0.01390	0.01904	0.01641	0.02392	0.02592	0.03832	0.02429	0.07037	0.53548	0.01515	0.09383	0.01077	0.00538	0.00939
65	0.01938	0.01824	0.03078	0.61468	0.07068	0.02280	0.02850	0.02622	0.02052	0.02622	0.01824	0.02736	0.01368	0.01026	0.01026	0.00342	0.01368	0.00912	0.00456	0.01140
66	0.01279	0.00933	0.01212	0.01423	0.01529	0.00866	0.00991	0.01491	0.02039	0.02674	0.06168	0.53049	0.12345	0.03115	0.01308	0.00413	0.00616	0.06751	0.00952	0.00846
67	0.01787	0.01123	0.01479	0.01348	0.01649	0.01026	0.01026	0.02262	0.02908	0.09863	0.51370	0.07222	0.08924	0.02010	0.01191	0.00322	0.00525	0.01768	0.01145	0.01051
68	0.01247	0.00905	0.01178	0.01397	0.01480	0.00836	0.00938	0.01433	0.01995	0.02632	0.06045	0.58881	0.10920	0.03164	0.01302	0.00411	0.00589	0.02856	0.00953	0.00836
69	0.01860	0.01139	0.01502	0.01360	0.01674	0.01038	0.01038	0.02333	0.02909	0.11121	0.50140	0.07126	0.08758	0.01991	0.01187	0.00322	0.00535	0.01749	0.01148	0.01069
70	0.02744	0.64552	0.05378	0.01756	0.02634	0.04061	0.01756	0.03073	0.02085	0.02414	0.01427	0.01646	0.01317	0.00878	0.00658	0.00219	0.01097	0.00549	0.00439	0.01317
71	0.02727	0.02291	0.02419	0.02124	0.02735	0.02634	0.01667	0.11751	0.49097	0.04574	0.03955	0.03652	0.02953	0.01372	0.01042	0.00343	0.00853	0.01130	0.01042	0.01640
72	0.02128	0.01824	0.02128	0.01520	0.02432	0.01368	0.01216	0.02584	0.02128	0.03344	0.01824	0.02128	0.01520	0.00760	0.00760	0.00152	0.00760	0.00608	0.00608	0.70208
73	0.01246	0.00909	0.01174	0.01385	0.01477	0.00837	0.00933	0.01434	0.02007	0.02637	0.06186	0.57293	0.12417	0.03146	0.01299	0.00409	0.00587	0.02833	0.00953	0.00837
74	0.04435	0.02019	0.02550	0.01955	0.02755	0.01912	0.01615	0.16851	0.03393	0.45751	0.03666	0.03245	0.02348	0.01261	0.01031	0.00315	0.00935	0.01006	0.01211	0.01746
75	0.02636	0.01991	0.02470	0.02142	0.08278	0.01688	0.01528	0.08385	0.02527	0.09818	0.02152	0.02359	0.01669	0.00883	0.00845	0.00203	0.00860	0.00721	0.00716	0.48129
76	0.01466	0.01100	0.01649	0.01649	0.01833	0.01283	0.01283	0.01833	0.01649	0.02382	0.02749	0.04032	0.02566	0.07697	0.59868	0.01649	0.02749	0.01100	0.00550	0.00916
77	0.01467	0.00984	0.01127	0.01152	0.01158	0.00978	0.00656	0.01486	0.01542	0.02055	0.03486	0.12612	0.04050	0.57603	0.04815	0.00935	0.00953	0.01641	0.00656	0.00644
78	0.20135	0.02660	0.02701	0.02117	0.02893	0.02970	0.01748	0.41783	0.04082	0.06018	0.02214	0.02272	0.01592	0.01165	0.00932	0.00310	0.01048	0.00835	0.00932	0.01592
79	0.09563	0.10630	0.36935	0.02695	0.03940	0.02651	0.07213	0.08612	0.02418	0.03649	0.01841	0.02142	0.01350	0.00981	0.00932	0.00313	0.01374	0.00770	0.00525	0.01467
80	0.08748	0.02746	0.02135	0.01865	0.02381	0.21364	0.01449	0.11224	0.02867	0.09524	0.02535	0.02740	0.01920	0.01143	0.00861	0.00273	0.01109	0.00827	0.23039	0.01251
81	0.01681	0.01269	0.01487	0.01500	0.01733	0.01284	0.01068	0.06341	0.09237	0.03254	0.10788	0.32787	0.11205	0.09426	0.01669	0.00446	0.00692	0.02176	0.00952	0.01005
82	0.03195	0.02590	0.02903	0.09291	0.09193	0.07334	0.02050	0.20667	0.18777	0.08933	0.02891	0.02933	0.02125	0.01211	0.01023	0.00320	0.01112	0.00978	0.00892	0.01584
83	0.08646	0.17204	0.03590	0.02252	0.02847	0.02832	0.06065	0.06009	0.02297	0.17270	0.02186	0.02429	0.01666	0.01266	0.01595	0.00333	0.18574	0.00848	0.00708	0.01382
84	0.02214	0.04384	0.45302	0.02566	0.03856	0.02096	0.03164	0.03203	0.02269	0.08922	0.03179	0.03303	0.08654	0.01216	0.01012	0.00327	0.01321	0.00969	0.00588	0.01456
85	0.02951	0.45367	0.09086	0.02065	0.02910	0.17378	0.01975	0.03334	0.02290	0.02505	0.01499	0.01738	0.01317	0.00929	0.00748	0.00239	0.01313	0.00593	0.00460	0.01302
86	0.01250	0.00893	0.01191	0.01429	0.01488	0.00834	0.00953	0.01429	0.01965	0.02620	0.05656	0.63265	0.06787	0.03215	0.01310	0.00417	0.00595	0.02917	0.00953	0.00834
87	0.02744	0.64552	0.05378	0.01756	0.02634	0.04061	0.01756	0.03073	0.02085	0.02414	0.01427	0.01646	0.01317	0.00878	0.00658	0.00219	0.01097	0.00549	0.00439	0.01317
88	0.02058	0.05308	0.58618	0.02925	0.04442	0.02383	0.03792	0.03250	0.02167	0.03250	0.01842	0.02167	0.01300	0.00975	0.00975	0.00325	0.01517	0.00758	0.00433	0.01517
89	0.01461	0.01045	0.01427	0.01628	0.01791	0.01011	0.01281	0.01811	0.02255	0.02997	0.11295	0.32952	0.06700	0.02913	0.01349	0.00432	0.00746	0.25037	0.00969	0.00901
90	0.03833	0.04891	0.02908	0.02644	0.03173	0.59815	0.01983	0.04098	0.02908	0.02512	0.01586	0.01851	0.01322	0.01058	0.00925	0.00264	0.01851	0.00661	0.00529	0.01190
91	0.01282	0.01023	0.01148	0.01157	0.01439	0.00889	0.00852	0.01591	0.02442	0.03111	0.22235	0.16195	0.37927	0.02545	0.01225	0.00349	0.00520	0.02180	0.01000	0.00889
92	0.02058	0.05308	0.58618	0.02925	0.04442	0.02383	0.03792	0.03250	0.02167	0.03250	0.01842	0.02167	0.01300	0.00975	0.00975	0.00325	0.01517	0.00758	0.00433	0.01517
93	0.01301	0.01005	0.01143	0.01178	0.01400	0.00895	0.00830	0.01552	0.02255	0.02887	0.17064	0.20296	0.30867	0.10575	0.01752	0.00441	0.00591	0.02180	0.00943	0.00847
94	0.01483	0.01096	0.01435	0.01622	0.01848	0.01048	0.01335	0.01854	0.02281	0.02921	0.06521	0.21179	0.16854	0.02858	0.01354	0.00435	0.00788	0.31233	0.00948	0.00907
95	0.01938	0.01824	0.03078	0.61468	0.07068	0.02280	0.02850	0.02622	0.02052	0.02622	0.01824	0.02736	0.01368	0.01026	0.01026	0.00342	0.01368	0.00912	0.00456	0.01140
96	0.03842	0.04630	0.02930	0.02607	0.03174	0.52485	0.01979	0.10571	0.03156	0.03024	0.01700	0.01930	0.01377	0.01080	0.00938	0.00270	0.01757	0.00695	0.00593	0.01262
97	0.02360	0.01971	0.02339	0.02410	0.09483	0.02136	0.01651	0.09531	0.27599	0.04252	0.15321	0.04813	0.08594	0.01560	0.01087	0.00333	0.00807	0.01331	0.00983	0.01438

[dist]
# distance from previous block
# <min> <max>
0	9

[block]
# block no. 3 follows, 14 sequences, length 86
# corresponding to MSA columns:
# 233-299,301-319
name=unknown_D
#
# <colnr> <probs for GDERKNQSTAVLIFYWHMCP>
#	G	D	E	R	K	N	Q	S	T	A	V	L	I	F	Y	W	H	M	C	P
0	0.01250	0.00893	0.01191	0.01429	0.01488	0.00834	0.00953	0.01429	0.01965	0.02620	0.05656	0.63265	0.06787	0.03215	0.01310	0.00417	0.00595	0.02917	0.00953	0.00834
1	0.01912	0.01192	0.01753	0.01674	0.01944	0.01315	0.01315	0.02283	0.01832	0.10327	0.02934	0.03955	0.02562	0.06783	0.51500	0.01460	0.02482	0.01090	0.00652	0.01034
2	0.02351	0.02239	0.03721	0.05551	0.49548	0.02215	0.02812	0.02911	0.02337	0.03270	0.03134	0.03583	0.09518	0.01154	0.01044	0.00311	0.01120	0.01092	0.00571	0.01518
3	0.04087	0.02470	0.13812	0.02049	0.02990	0.01686	0.01972	0.04645	0.02781	0.47066	0.03600	0.03223	0.02288	0.01210	0.01020	0.00319	0.01004	0.00976	0.01100	0.01700
4	0.01466	0.01100	0.01649	0.01649	0.01833	0.01283	0.01283	0.01833	0.01649	0.02382	0.02749	0.04032	0.02566	0.07697	0.59868	0.01649	0.02749	0.01100	0.00550	0.00916
5	0.01250	0.00893	0.01191	0.01429	0.01488	0.00834	0.00953	0.01429	0.01965	0.02620	0.05656	0.63265	0.06787	0.03215	0.01310	0.00417	0.00595	0.02917	0.00953	0.00834
6	0.02574	0.30117	0.04974	0.03473	0.16365	0.03271	0.12725	0.03067	0.02156	0.02823	0.01671	0.02156	0.01443	0.00987	0.01160	0.00291	0.08081	0.00810	0.00473	0.01383
7	0.02646	0.56126	0.12950	0.01922	0.02891	0.03822	0.02045	0.03098	0.02097	0.02533	0.01486	0.01720	0.01315	0.00892	0.00703	0.00234	0.01157	0.00579	0.00438	0.01345
8	0.01492	0.00995	0.01119	0.01119	0.01119	0.00995	0.00622	0.01492	0.01492	0.01990	0.03233	0.06716	0.03731	0.63935	0.05223	0.00995	0.00995	0.01492	0.00622	0.00622
9	0.02893	0.01373	0.01859	0.01721	0.02157	0.01259	0.01389	0.03244	0.02477	0.27447	0.04634	0.14857	0.04322	0.08160	0.01602	0.00447	0.00868	0.16979	0.01059	0.01254
10	0.07951	0.01950	0.02739	0.08605	0.14748	0.01992	0.01972	0.06280	0.05177	0.24175	0.08298	0.03413	0.02779	0.01259	0.01125	0.00325	0.03760	0.01039	0.00908	0.01505
11	0.01486	0.00988	0.01192	0.01215	0.01238	0.00999	0.00735	0.01508	0.01543	0.02074	0.03324	0.11735	0.03784	0.48501	0.09933	0.05786	0.01115	0.01553	0.00635	0.00658
12	0.02062	0.01153	0.01204	0.01126	0.01423	0.01175	0.00862	0.07398	0.02486	0.04112	0.08487	0.04067	0.03231	0.01287	0.00796	0.00254	0.00542	0.01041	0.56259	0.01035
13	0.02660	0.03142	0.12136	0.05434	0.03698	0.10982	0.11931	0.11953	0.05310	0.03527	0.02151	0.02665	0.01707	0.02070	0.09636	0.00519	0.07570	0.00946	0.00615	0.01347
14	0.10139	0.02207	0.03289	0.09790	0.27821	0.02344	0.04988	0.05660	0.10222	0.03672	0.02569	0.03541	0.02185	0.01200	0.01028	0.00335	0.01121	0.05780	0.00663	0.01447
15	0.01349	0.00974	0.01290	0.01466	0.01598	0.00916	0.01065	0.01630	0.02201	0.02942	0.14045	0.42982	0.09608	0.02942	0.01307	0.00408	0.00633	0.10788	0.00980	0.00876
16	0.47539	0.23601	0.02845	0.01490	0.02209	0.02910	0.01334	0.03036	0.01863	0.03848	0.01428	0.01660	0.01182	0.00927	0.00643	0.00284	0.00899	0.00553	0.00567	0.01182
17	0.54007	0.01991	0.02003	0.01702	0.02326	0.02220	0.06408	0.05218	0.01977	0.04353	0.01977	0.08168	0.01771	0.01190	0.00780	0.00330	0.00882	0.00882	0.00674	0.01139
18	0.12270	0.02114	0.02130	0.07992	0.02830	0.07803	0.01567	0.03861	0.22390	0.07537	0.09333	0.09421	0.03531	0.01507	0.01016	0.00336	0.00917	0.01239	0.00890	0.01316
19	0.02553	0.02204	0.02320	0.02088	0.02669	0.02553	0.01624	0.05453	0.55679	0.04293	0.04177	0.03829	0.03133	0.01392	0.01044	0.00348	0.00812	0.01160	0.01044	0.01624
20	0.13689	0.02273	0.02480	0.07889	0.03111	0.07952	0.01698	0.11371	0.02944	0.31885	0.02971	0.02840	0.01980	0.01173	0.00963	0.00313	0.01049	0.00898	0.00987	0.01537
21	0.02512	0.04200	0.39054	0.02815	0.04076	0.02299	0.08231	0.03749	0.08294	0.11192	0.02440	0.02602	0.01707	0.01053	0.01014	0.00329	0.01368	0.00888	0.00629	0.01548
22	0.01656	0.01192	0.01427	0.01401	0.01659	0.01155	0.01030	0.07572	0.02667	0.03661	0.23154	0.26324	0.13703	0.02392	0.01190	0.00351	0.00599	0.02098	0.05774	0.00994
23	0.01654	0.01181	0.01654	0.01890	0.02126	0.01181	0.01654	0.02126	0.02362	0.03071	0.05433	0.11576	0.05906	0.02835	0.01417	0.00472	0.00945	0.50626	0.00945	0.00945
24	0.26112	0.02299	0.08114	0.14028	0.14402	0.02220	0.02206	0.03013	0.04719	0.03653	0.02231	0.03313	0.01920	0.01194	0.00928	0.00339	0.01079	0.06352	0.00610	0.01268
25	0.02912	0.29184	0.14926	0.02686	0.08641	0.17210	0.02358	0.05811	0.02459	0.02889	0.01647	0.01926	0.01366	0.00962	0.00839	0.00264	0.01378	0.00672	0.00495	0.01376
26	0.01294	0.00985	0.01202	0.01356	0.01542	0.00894	0.00990	0.01542	0.02152	0.02736	0.07293	0.37256	0.24373	0.02945	0.01291	0.00400	0.00618	0.09321	0.00952	0.00861
27	0.01250	0.00893	0.01191	0.01429	0.01488	0.00834	0.00953	0.01429	0.01965	0.02620	0.05656	0.63265	0.06787	0.03215	0.01310	0.00417	0.00595	0.02917	0.00953	0.00834
28	0.10985	0.08359	0.02521	0.01787	0.02437	0.02185	0.01489	0.15927	0.02919	0.20513	0.02843	0.02955	0.02071	0.02091	0.09285	0.00487	0.01178	0.00905	0.07627	0.01436
29	0.01484	0.01003	0.01180	0.01228	0.01258	0.00997	0.00759	0.01549	0.01628	0.02163	0.03704	0.13035	0.04264	0.51555	0.04439	0.00883	0.00949	0.06558	0.00688	0.00676
30	0.02106	0.09408	0.54933	0.02844	0.04316	0.02499	0.03651	0.03238	0.02161	0.03192	0.01813	0.02131	0.01301	0.00968	0.00953	0.00318	0.01488	0.00744	0.00434	0.01503
31	0.04234	0.01829	0.02370	0.01873	0.02628	0.01697	0.01529	0.05083	0.12462	0.48501	0.04072	0.03554	0.02647	0.01292	0.01034	0.00323	0.00862	0.01055	0.01229	0.01724
32	0.02744	0.64552	0.05378	0.01756	0.02634	0.04061	0.01756	0.03073	0.02085	0.02414	0.01427	0.01646	0.01317	0.00878	0.00658	0.00219	0.01097	0.00549	0.00439	0.01317
33	0.02005	0.01893	0.03200	0.55291	0.12719	0.02298	0.02884	0.02681	0.02084	0.02704	0.01836	0.02714	0.01397	0.01013	0.01025	0.00338	0.01351	0.00912	0.00462	0.01194
34	0.02000	0.01910	0.03091	0.49522	0.06179	0.02455	0.02727	0.02591	0.01954	0.02591	0.01727	0.02636	0.01364	0.01183	0.01502	0.00364	0.13703	0.00909	0.00455	0.01136
35	0.04604	0.01746	0.02382	0.01826	0.02620	0.01508	0.01508	0.05001	0.02937	0.58244	0.04049	0.03493	0.02540	0.01270	0.01032	0.00318	0.00873	0.01032	0.01270	0.01746
36	0.01253	0.00975	0.01139	0.01237	0.01446	0.00862	0.00875	0.01499	0.02228	0.02836	0.12838	0.33412	0.30094	0.02824	0.01256	0.00375	0.00550	0.02470	0.00970	0.00862
37	0.03305	0.03967	0.02877	0.14538	0.03908	0.41709	0.02119	0.03950	0.08643	0.02733	0.01925	0.02252	0.01534	0.01089	0.00959	0.00290	0.01636	0.00768	0.00572	0.01228
38	0.01213	0.01040	0.01040	0.01040	0.01386	0.00866	0.00780	0.01473	0.02339	0.02772	0.10396	0.09876	0.57117	0.02599	0.01213	0.00347	0.00520	0.02166	0.00953	0.00866
39	0.02553	0.02204	0.02320	0.02088	0.02669	0.02553	0.01624	0.05453	0.55679	0.04293	0.04177	0.03829	0.03133	0.01392	0.01044	0.00348	0.00812	0.01160	0.01044	0.01624
40	0.01347	0.00982	0.01281	0.01427	0.01579	0.00915	0.01039	0.01642	0.02260	0.03021	0.17131	0.38739	0.12200	0.02861	0.01294	0.00398	0.00614	0.09401	0.00990	0.00882
41	0.03833	0.04891	0.02908	0.02644	0.03173	0.59815	0.01983	0.04098	0.02908	0.02512	0.01586	0.01851	0.01322	0.01058	0.00925	0.00264	0.01851	0.00661	0.00529	0.01190
42	0.03901	0.02874	0.03080	0.02361	0.03182	0.03182	0.01951	0.54111	0.04825	0.06468	0.02464	0.02464	0.01745	0.01232	0.01027	0.00308	0.01129	0.00924	0.01027	0.01745
43	0.01656	0.01275	0.01363	0.01287	0.01599	0.01218	0.00933	0.08958	0.02479	0.03122	0.07281	0.14157	0.32755	0.14941	0.02012	0.00481	0.00712	0.01936	0.00896	0.00938
44	0.71184	0.01985	0.01508	0.01350	0.01985	0.02302	0.01111	0.03017	0.01746	0.04604	0.01429	0.01667	0.01111	0.00953	0.00635	0.00318	0.00794	0.00556	0.00635	0.01111
45	0.02362	0.02039	0.02138	0.01939	0.02486	0.02313	0.01504	0.04887	0.48093	0.04077	0.05061	0.04689	0.10811	0.01564	0.01068	0.00348	0.00771	0.01303	0.01031	0.01517
46	0.02181	0.13558	0.47408	0.02856	0.04248	0.02636	0.06963	0.03227	0.02173	0.03134	0.01799	0.02134	0.01320	0.00954	0.00946	0.00311	0.01472	0.00760	0.00440	0.01479
47	0.01250	0.00893	0.01191	0.01429	0.01488	0.00834	0.00953	0.01429	0.01965	0.02620	0.05656	0.63265	0.06787	0.03215	0.01310	0.00417	0.00595	0.02917	0.00953	0.00834
48	0.03301	0.02576	0.02742	0.02240	0.02954	0.02902	0.01805	0.32464	0.27449	0.05500	0.03226	0.03071	0.02362	0.01303	0.01034	0.00326	0.00988	0.01029	0.01034	0.01691
49	0.02087	0.01949	0.03164	0.41728	0.16666	0.02182	0.02678	0.02724	0.02121	0.02873	0.01846	0.02610	0.01442	0.00965	0.00986	0.00307	0.01251	0.00869	0.00488	0.11062
50	0.03079	0.37235	0.11742	0.02082	0.02993	0.09731	0.02051	0.08669	0.02556	0.08545	0.01870	0.02008	0.01482	0.00987	0.00806	0.00258	0.01219	0.00677	0.00592	0.01417
51	0.02775	0.49229	0.04638	0.01794	0.02598	0.03617	0.01702	0.10215	0.02559	0.03166	0.07306	0.02383	0.02241	0.01054	0.00768	0.00243	0.01039	0.00737	0.00594	0.01342
52	0.01938	0.01824	0.03078	0.61468	0.07068	0.02280	0.02850	0.02622	0.02052	0.02622	0.01824	0.02736	0.01368	0.01026	0.01026	0.00342	0.01368	0.00912	0.00456	0.01140
53	0.09937	0.01992	0.03064	0.21715	0.16669	0.02190	0.07271	0.03112	0.07666	0.03421	0.02288	0.02842	0.01779	0.01038	0.00956	0.00317	0.01121	0.00934	0.10393	0.01296
54	0.02598	0.02446	0.03229	0.08183	0.28883	0.08038	0.02408	0.08907	0.08102	0.03559	0.02710	0.11246	0.02480	0.01348	0.01053	0.00324	0.01152	0.01200	0.00683	0.01449
55	0.01279	0.00915	0.01217	0.01409	0.01495	0.00853	0.00955	0.01501	0.02098	0.02832	0.12957	0.55357	0.07199	0.03056	0.01296	0.00403	0.00580	0.02766	0.00978	0.00853
56	0.01441	0.01048	0.01473	0.01507	0.01634	0.01159	0.01097	0.01704	0.01661	0.02334	0.03264	0.13019	0.03410	0.18848	0.40084	0.01337	0.02075	0.01440	0.00622	0.00843
57	0.03546	0.02433	0.02703	0.02122	0.02900	0.02572	0.01728	0.30269	0.14545	0.14303	0.03004	0.02875	0.02134	0.01218	0.01001	0.00300	0.00981	0.00955	0.01024	0.09387
58	0.03344	0.10415	0.09566	0.03108	0.10994	0.39779	0.02329	0.03768	0.02663	0.02704	0.01648	0.01964	0.01362	0.01010	0.00918	0.00273	0.01650	0.00697	0.00506	0.01301
59	0.01462	0.00998	0.01203	0.01229	0.01262	0.01018	0.00753	0.01534	0.01568	0.02116	0.03436	0.12666	0.03907	0.49137	0.12557	0.01023	0.01200	0.01596	0.00649	0.00687
60	0.71184	0.01985	0.01508	0.01350	0.01985	0.02302	0.01111	0.03017	0.01746	0.04604	0.01429	0.01667	0.01111	0.00953	0.00635	0.00318	0.00794	0.00556	0.00635	0.01111
61	0.02094	0.01700	0.01983	0.01885	0.02204	0.01916	0.01423	0.08820	0.20804	0.03614	0.04367	0.29964	0.04429	0.02225	0.01387	0.00384	0.06732	0.01890	0.00943	0.01237
