[name]
unknown

[dist]
# distance from previous block
# <min> <max>
1	113

[block]
# block no. 0 follows, 11 sequences, length 77
# corresponding to MSA columns:
# 134-210
name=unknown_A
#
# <colnr> <probs for GDERKNQSTAVLIFYWHMCP>
#	G	D	E	R	K	N	Q	S	T	A	V	L	I	F	Y	W	H	M	C	P
0	0.39224	0.02351	0.02871	0.02661	0.08047	0.02541	0.09091	0.07711	0.02446	0.04688	0.02256	0.07333	0.01973	0.01275	0.00946	0.00360	0.01096	0.01031	0.00735	0.01364
1	0.32455	0.02458	0.02452	0.02093	0.02635	0.06972	0.01715	0.03712	0.02248	0.14689	0.02168	0.02436	0.01638	0.01370	0.01597	0.00381	0.15996	0.00828	0.00782	0.01377
2	0.04204	0.05364	0.03190	0.02900	0.03480	0.55926	0.02175	0.04494	0.03190	0.02755	0.01740	0.02030	0.01450	0.01160	0.01015	0.00290	0.02030	0.00725	0.00580	0.01305
3	0.01454	0.01044	0.01380	0.01511	0.01651	0.00970	0.01051	0.01776	0.02541	0.03487	0.23660	0.40503	0.08633	0.03067	0.01396	0.00418	0.00607	0.02764	0.01118	0.00970
4	0.01569	0.01150	0.01471	0.01391	0.01667	0.01052	0.01043	0.02078	0.03129	0.04379	0.49052	0.08629	0.14481	0.02351	0.01328	0.00356	0.00535	0.02066	0.01221	0.01052
5	0.02334	0.02001	0.02334	0.01667	0.02667	0.01500	0.01334	0.02834	0.02334	0.03668	0.02001	0.02334	0.01667	0.00834	0.00834	0.00167	0.00834	0.00667	0.00667	0.67325
6	0.01436	0.01029	0.01364	0.01523	0.01647	0.00957	0.01050	0.01730	0.02456	0.03352	0.19826	0.44721	0.08372	0.03168	0.01405	0.00427	0.00617	0.02860	0.01102	0.00957
7	0.01959	0.01384	0.01795	0.01708	0.01954	0.01541	0.01287	0.07280	0.02218	0.03188	0.03148	0.04769	0.02965	0.16829	0.34747	0.01353	0.02199	0.01251	0.07378	0.01049
8	0.02230	0.03426	0.21311	0.33166	0.06557	0.02578	0.08598	0.03193	0.02339	0.03193	0.02038	0.02790	0.01498	0.01087	0.01129	0.00369	0.01600	0.00979	0.00499	0.01422
9	0.02126	0.02001	0.03376	0.57739	0.07752	0.02501	0.03126	0.02876	0.02251	0.02876	0.02001	0.03001	0.01500	0.01125	0.01125	0.00375	0.01500	0.01000	0.00500	0.01250
10	0.01401	0.01128	0.01248	0.01249	0.01571	0.00975	0.00925	0.01740	0.02686	0.03400	0.21463	0.14672	0.38047	0.02772	0.01339	0.00380	0.00568	0.02364	0.01094	0.00975
11	0.01665	0.01123	0.01320	0.01361	0.01401	0.01123	0.00860	0.01746	0.01787	0.02369	0.03926	0.08204	0.04467	0.51423	0.05072	0.01001	0.01083	0.08593	0.00738	0.00738
12	0.04013	0.23552	0.04064	0.02239	0.03125	0.08160	0.01948	0.18306	0.03528	0.16715	0.02640	0.02601	0.01920	0.01207	0.00974	0.00302	0.01229	0.00871	0.00914	0.01693
13	0.03009	0.61122	0.05898	0.01926	0.02889	0.04454	0.01926	0.03370	0.02287	0.02648	0.01565	0.01805	0.01444	0.00963	0.00722	0.00241	0.01204	0.00602	0.00481	0.01444
14	0.02635	0.02973	0.06288	0.04546	0.05558	0.02913	0.44144	0.03506	0.02553	0.03506	0.02188	0.02973	0.01682	0.01062	0.01590	0.00392	0.08154	0.01290	0.00561	0.01486
15	0.01371	0.00979	0.01306	0.01567	0.01632	0.00914	0.01045	0.01567	0.02155	0.02873	0.06203	0.59710	0.07444	0.03526	0.01437	0.00457	0.00653	0.03200	0.01045	0.00914
16	0.02800	0.02418	0.02545	0.02291	0.02927	0.02800	0.01782	0.05981	0.51390	0.04708	0.04581	0.04199	0.03436	0.01527	0.01145	0.00382	0.00891	0.01273	0.01145	0.01782
17	0.02334	0.02001	0.02334	0.01667	0.02667	0.01500	0.01334	0.02834	0.02334	0.03668	0.02001	0.02334	0.01667	0.00834	0.00834	0.00167	0.00834	0.00667	0.00667	0.67325
18	0.01476	0.01146	0.01342	0.01293	0.01610	0.01012	0.00970	0.01898	0.02910	0.03858	0.34401	0.09486	0.29458	0.02545	0.01329	0.00366	0.00548	0.02187	0.01153	0.01012
19	0.02124	0.01576	0.01866	0.01828	0.02138	0.01632	0.01339	0.12007	0.07277	0.04079	0.10061	0.37743	0.06262	0.02773	0.01335	0.00415	0.00783	0.02457	0.01090	0.01214
20	0.05050	0.01915	0.02612	0.02003	0.02873	0.01654	0.01654	0.05485	0.03221	0.54203	0.04440	0.03831	0.02786	0.01393	0.01132	0.00348	0.00958	0.01132	0.01393	0.01915
21	0.01608	0.01206	0.01809	0.01809	0.02010	0.01407	0.01407	0.02010	0.01809	0.02613	0.03015	0.04422	0.02814	0.08441	0.55984	0.01809	0.03015	0.01206	0.00603	0.01005
22	0.02126	0.02001	0.03376	0.57739	0.07752	0.02501	0.03126	0.02876	0.02251	0.02876	0.02001	0.03001	0.01500	0.01125	0.01125	0.00375	0.01500	0.01000	0.00500	0.01250
23	0.01900	0.01030	0.01119	0.01190	0.01399	0.01012	0.00857	0.02334	0.02304	0.03835	0.04363	0.19351	0.04129	0.01916	0.00964	0.00315	0.00560	0.01636	0.48772	0.01012
24	0.01371	0.00979	0.01306	0.01567	0.01632	0.00914	0.01045	0.01567	0.02155	0.02873	0.06203	0.59710	0.07444	0.03526	0.01437	0.00457	0.00653	0.03200	0.01045	0.00914
25	0.01566	0.01149	0.01468	0.01388	0.01665	0.01051	0.01041	0.02072	0.03123	0.04364	0.48629	0.08653	0.14914	0.02357	0.01328	0.00357	0.00535	0.02070	0.01219	0.01051
26	0.02859	0.02504	0.04242	0.10602	0.34070	0.02454	0.07681	0.03525	0.02575	0.08071	0.02315	0.02875	0.01824	0.01025	0.01108	0.00326	0.01320	0.01010	0.00639	0.08976
27	0.02681	0.16671	0.39680	0.02831	0.04275	0.02894	0.03462	0.03711	0.02440	0.08288	0.02162	0.02401	0.01561	0.01079	0.01005	0.00332	0.01502	0.00814	0.00566	0.01643
28	0.10373	0.48938	0.05153	0.01975	0.02870	0.09460	0.01873	0.03477	0.02337	0.02925	0.01583	0.01831	0.01420	0.00992	0.00749	0.00258	0.01251	0.00615	0.00515	0.01405
29	0.03026	0.41054	0.17942	0.02259	0.03391	0.03702	0.02466	0.03635	0.02405	0.08120	0.01973	0.02156	0.01576	0.01034	0.00852	0.00281	0.01295	0.00714	0.00573	0.01548
30	0.02310	0.02042	0.03186	0.45919	0.06664	0.02464	0.02807	0.07983	0.02682	0.03509	0.07233	0.03516	0.02471	0.01270	0.01146	0.00369	0.01373	0.01107	0.00644	0.01305
31	0.02628	0.14971	0.35712	0.03126	0.04501	0.08362	0.08578	0.03630	0.02474	0.03329	0.01942	0.02316	0.01463	0.01047	0.01033	0.00332	0.01647	0.00836	0.00497	0.01573
32	0.04642	0.01812	0.02467	0.01954	0.02736	0.01572	0.01587	0.05051	0.03103	0.48518	0.04636	0.10020	0.03302	0.01629	0.01166	0.00360	0.00924	0.01361	0.01354	0.01805
33	0.02334	0.02001	0.02334	0.01667	0.02667	0.01500	0.01334	0.02834	0.02334	0.03668	0.02001	0.02334	0.01667	0.00834	0.00834	0.00167	0.00834	0.00667	0.00667	0.67325
34	0.04279	0.03153	0.03378	0.02590	0.03490	0.03490	0.02139	0.49671	0.05292	0.07093	0.02702	0.02702	0.01914	0.01351	0.01126	0.00338	0.01239	0.01013	0.01126	0.01914
35	0.01637	0.01091	0.01228	0.01228	0.01228	0.01091	0.00682	0.01637	0.01637	0.02182	0.03546	0.07365	0.04092	0.60445	0.05729	0.01091	0.01091	0.01637	0.00682	0.00682
36	0.01371	0.00979	0.01306	0.01567	0.01632	0.00914	0.01045	0.01567	0.02155	0.02873	0.06203	0.59710	0.07444	0.03526	0.01437	0.00457	0.00653	0.03200	0.01045	0.00914
37	0.01489	0.01029	0.01271	0.01416	0.01452	0.00993	0.00883	0.01598	0.01925	0.02566	0.05022	0.36438	0.05954	0.28832	0.03345	0.00739	0.00848	0.02505	0.00883	0.00811
38	0.02257	0.05822	0.54613	0.03208	0.04871	0.02614	0.04158	0.03564	0.02376	0.03564	0.02020	0.02376	0.01426	0.01069	0.01069	0.00356	0.01663	0.00832	0.00475	0.01663
39	0.04279	0.03153	0.03378	0.02590	0.03490	0.03490	0.02139	0.49671	0.05292	0.07093	0.02702	0.02702	0.01914	0.01351	0.01126	0.00338	0.01239	0.01013	0.01126	0.01914
40	0.01593	0.01150	0.01504	0.01416	0.01681	0.01062	0.01062	0.02124	0.03186	0.04513	0.52830	0.08407	0.10620	0.02301	0.01327	0.00354	0.00531	0.02035	0.01239	0.01062
41	0.01757	0.01349	0.01633	0.01527	0.01862	0.01325	0.01155	0.02682	0.10710	0.04401	0.41221	0.07980	0.13596	0.02232	0.01299	0.00361	0.00591	0.01948	0.01205	0.01164
42	0.32759	0.03946	0.02507	0.02268	0.02900	0.32171	0.01750	0.03967	0.02623	0.03776	0.01663	0.01940	0.01347	0.01109	0.00873	0.00316	0.01514	0.00674	0.00632	0.01267
43	0.68395	0.02177	0.01654	0.01480	0.02177	0.02525	0.01219	0.03309	0.01915	0.05050	0.01567	0.01828	0.01219	0.01045	0.00697	0.00348	0.00871	0.00609	0.00697	0.01219
44	0.03092	0.14997	0.03396	0.02263	0.03013	0.03266	0.01872	0.12761	0.33234	0.04672	0.03626	0.03440	0.02758	0.01378	0.01052	0.00344	0.01016	0.01087	0.01001	0.01732
45	0.02657	0.03036	0.06641	0.04744	0.05882	0.02846	0.49336	0.03605	0.02657	0.03605	0.02277	0.03036	0.01708	0.00949	0.01328	0.00380	0.01898	0.01328	0.00569	0.01518
46	0.02355	0.02358	0.04105	0.03146	0.03936	0.02326	0.23730	0.03726	0.15384	0.03870	0.09061	0.05251	0.12376	0.01570	0.01281	0.00378	0.01269	0.01569	0.00867	0.01442
47	0.68395	0.02177	0.01654	0.01480	0.02177	0.02525	0.01219	0.03309	0.01915	0.05050	0.01567	0.01828	0.01219	0.01045	0.00697	0.00348	0.00871	0.00609	0.00697	0.01219
48	0.02126	0.02001	0.03376	0.57739	0.07752	0.02501	0.03126	0.02876	0.02251	0.02876	0.02001	0.03001	0.01500	0.01125	0.01125	0.00375	0.01500	0.01000	0.00500	0.01250
49	0.01615	0.01176	0.01657	0.01657	0.01806	0.01324	0.01218	0.01912	0.01764	0.02500	0.03154	0.05190	0.03147	0.22014	0.42868	0.01622	0.02513	0.01318	0.00624	0.00921
50	0.04279	0.03153	0.03378	0.02590	0.03490	0.03490	0.02139	0.49671	0.05292	0.07093	0.02702	0.02702	0.01914	0.01351	0.01126	0.00338	0.01239	0.01013	0.01126	0.01914
51	0.01637	0.01091	0.01228	0.01228	0.01228	0.01091	0.00682	0.01637	0.01637	0.02182	0.03546	0.07365	0.04092	0.60445	0.05729	0.01091	0.01091	0.01637	0.00682	0.00682
52	0.01470	0.01055	0.01394	0.01500	0.01654	0.00980	0.01052	0.01815	0.02613	0.03602	0.26924	0.36912	0.08855	0.02982	0.01388	0.00411	0.00599	0.02682	0.01131	0.00980
53	0.68395	0.02177	0.01654	0.01480	0.02177	0.02525	0.01219	0.03309	0.01915	0.05050	0.01567	0.01828	0.01219	0.01045	0.00697	0.00348	0.00871	0.00609	0.00697	0.01219
54	0.04034	0.02288	0.03037	0.17384	0.04379	0.02404	0.02193	0.17261	0.03542	0.26877	0.03283	0.03285	0.02189	0.01308	0.01128	0.00353	0.01185	0.01062	0.01074	0.01733
55	0.02518	0.02259	0.03383	0.27250	0.05340	0.02658	0.06705	0.08541	0.10339	0.03730	0.02860	0.04090	0.02372	0.01481	0.01439	0.00398	0.06879	0.05620	0.00731	0.01408
56	0.02334	0.02001	0.02334	0.01667	0.02667	0.01500	0.01334	0.02834	0.02334	0.03668	0.02001	0.02334	0.01667	0.00834	0.00834	0.00167	0.00834	0.00667	0.00667	0.67325
57	0.03342	0.02167	0.06646	0.02519	0.07874	0.01867	0.01937	0.08239	0.03040	0.23138	0.11893	0.04387	0.03840	0.02691	0.10585	0.00598	0.01359	0.01251	0.01048	0.01579
58	0.01594	0.01140	0.01556	0.01781	0.01954	0.01102	0.01395	0.01970	0.02457	0.03264	0.10831	0.33217	0.07329	0.03213	0.01479	0.00474	0.00814	0.22385	0.01061	0.00985
59	0.02257	0.05822	0.54613	0.03208	0.04871	0.02614	0.04158	0.03564	0.02376	0.03564	0.02020	0.02376	0.01426	0.01069	0.01069	0.00356	0.01663	0.00832	0.00475	0.01663
60	0.01547	0.01149	0.01441	0.01368	0.01653	0.01042	0.01026	0.02035	0.03077	0.04255	0.45556	0.08833	0.18055	0.02397	0.01328	0.00359	0.00538	0.02095	0.01205	0.01042
61	0.01749	0.01362	0.01624	0.01591	0.01920	0.01346	0.01214	0.02655	0.11175	0.04008	0.28006	0.13732	0.16399	0.02467	0.01329	0.00389	0.00658	0.06080	0.01149	0.01148
62	0.05050	0.01915	0.02612	0.02003	0.02873	0.01654	0.01654	0.05485	0.03221	0.54203	0.04440	0.03831	0.02786	0.01393	0.01132	0.00348	0.00958	0.01132	0.01393	0.01915
63	0.02747	0.02482	0.03616	0.17612	0.21506	0.02816	0.02789	0.08472	0.13042	0.03952	0.02609	0.03099	0.02048	0.01273	0.01375	0.00370	0.06804	0.01059	0.00719	0.01611
64	0.19012	0.13432	0.18016	0.02772	0.03889	0.02864	0.12395	0.03663	0.02389	0.08692	0.02120	0.02425	0.01570	0.01051	0.00979	0.00339	0.01371	0.00872	0.00640	0.01510
65	0.09745	0.09702	0.03678	0.02731	0.03363	0.18231	0.09362	0.07171	0.02680	0.03431	0.02060	0.02645	0.01740	0.02428	0.10666	0.00587	0.06902	0.00923	0.00619	0.01336
66	0.02978	0.03116	0.12724	0.15162	0.09964	0.02764	0.10237	0.11330	0.02929	0.08866	0.02367	0.02858	0.01742	0.01217	0.01381	0.00370	0.06664	0.01037	0.00704	0.01592
67	0.01634	0.01142	0.01468	0.01386	0.01652	0.01061	0.01040	0.02164	0.03119	0.04488	0.48864	0.08068	0.09996	0.02221	0.01284	0.00347	0.00530	0.01956	0.06520	0.01061
68	0.02460	0.02078	0.02543	0.07801	0.03108	0.02425	0.01847	0.08004	0.20262	0.04368	0.17789	0.04900	0.04896	0.01767	0.01596	0.00386	0.09925	0.01399	0.01003	0.01442
69	0.01625	0.01243	0.01505	0.01458	0.01756	0.01179	0.01084	0.02308	0.07249	0.04065	0.35377	0.14182	0.17792	0.02474	0.01324	0.00373	0.00584	0.02162	0.01172	0.01088
70	0.01692	0.01297	0.01595	0.01744	0.01970	0.01309	0.01293	0.02466	0.10707	0.03292	0.06342	0.37385	0.10619	0.03048	0.01399	0.00448	0.00756	0.10488	0.01061	0.01088
71	0.03009	0.45365	0.05197	0.06706	0.03355	0.09434	0.02098	0.03385	0.02325	0.02683	0.01611	0.01985	0.01452	0.01086	0.01050	0.00279	0.06409	0.00681	0.00494	0.01395
72	0.02631	0.02744	0.03422	0.02950	0.03006	0.08536	0.02435	0.02882	0.01866	0.02713	0.01503	0.02420	0.01475	0.01891	0.03434	0.00473	0.52920	0.00960	0.00501	0.01238
73	0.08682	0.09565	0.17551	0.11093	0.04035	0.02522	0.02589	0.03526	0.02394	0.12991	0.02724	0.07874	0.02233	0.01422	0.01264	0.00364	0.05866	0.01098	0.00728	0.01479
74	0.08894	0.02388	0.03403	0.08300	0.22579	0.02447	0.02477	0.08287	0.07263	0.18221	0.02983	0.03134	0.02153	0.01202	0.01089	0.00347	0.01157	0.01031	0.00900	0.01743
75	0.55853	0.02235	0.02166	0.01789	0.02555	0.02449	0.05497	0.03287	0.02024	0.04781	0.01674	0.01987	0.01308	0.01015	0.00766	0.00333	0.00958	0.00679	0.00682	0.07963
76	0.08180	0.03153	0.13040	0.07594	0.03995	0.02795	0.06570	0.09647	0.24065	0.04519	0.03197	0.03277	0.02372	0.01293	0.01106	0.00368	0.01220	0.01085	0.00868	0.01656

[dist]
# distance from previous block
# <min> <max>
0	2

[block]
# block no. 1 follows, 11 sequences, length 57
# corresponding to MSA columns:
# 213-241,243-270
name=unknown_B
#
# <colnr> <probs for GDERKNQSTAVLIFYWHMCP>
#	G	D	E	R	K	N	Q	S	T	A	V	L	I	F	Y	W	H	M	C	P
0	0.02736	0.02399	0.03518	0.30661	0.15640	0.02754	0.02850	0.11973	0.08756	0.04033	0.02462	0.03046	0.01865	0.01190	0.01126	0.00361	0.01346	0.01036	0.00704	0.01544
1	0.02659	0.08187	0.22099	0.09617	0.08162	0.02870	0.02979	0.07946	0.16296	0.04032	0.02762	0.02975	0.02065	0.01214	0.01079	0.00354	0.01333	0.00986	0.00726	0.01660
2	0.02780	0.08653	0.03044	0.12270	0.03696	0.02758	0.01987	0.13037	0.19636	0.04584	0.11818	0.04159	0.03819	0.01493	0.01124	0.00352	0.01042	0.01232	0.00968	0.01549
3	0.02663	0.02194	0.02789	0.06923	0.03309	0.02441	0.05432	0.12297	0.20338	0.04281	0.03653	0.04750	0.03094	0.09337	0.07700	0.00623	0.01347	0.04435	0.00922	0.01472
4	0.02638	0.07896	0.09191	0.02362	0.03121	0.02655	0.05322	0.08688	0.23762	0.04128	0.04111	0.04433	0.06915	0.07885	0.01624	0.00439	0.01112	0.01270	0.00904	0.01543
5	0.02698	0.04278	0.35480	0.02730	0.03999	0.02184	0.03215	0.03702	0.02621	0.13307	0.06758	0.04116	0.02880	0.01423	0.01148	0.00370	0.01381	0.05341	0.00764	0.01605
6	0.03506	0.07462	0.08637	0.07176	0.03571	0.02429	0.02111	0.08782	0.11881	0.20307	0.03292	0.03213	0.02316	0.01252	0.01057	0.00326	0.01103	0.01003	0.00981	0.09596
7	0.03009	0.61122	0.05898	0.01926	0.02889	0.04454	0.01926	0.03370	0.02287	0.02648	0.01565	0.01805	0.01444	0.00963	0.00722	0.00241	0.01204	0.00602	0.00481	0.01444
8	0.02334	0.02001	0.02334	0.01667	0.02667	0.01500	0.01334	0.02834	0.02334	0.03668	0.02001	0.02334	0.01667	0.00834	0.00834	0.00167	0.00834	0.00667	0.00667	0.67325
9	0.01718	0.01244	0.01693	0.01930	0.02176	0.01219	0.01637	0.02177	0.02537	0.03280	0.06471	0.18159	0.10716	0.03136	0.01521	0.00499	0.00949	0.36887	0.01038	0.01014
10	0.02803	0.03552	0.18246	0.03593	0.04747	0.02663	0.23429	0.04240	0.12259	0.08554	0.02866	0.03164	0.02075	0.01137	0.01205	0.00371	0.01548	0.01166	0.00735	0.01646
11	0.01985	0.01226	0.01618	0.01501	0.01819	0.01119	0.01131	0.02472	0.03090	0.10304	0.42521	0.12828	0.09374	0.02311	0.01315	0.00363	0.00594	0.02040	0.01239	0.01150
12	0.03085	0.01765	0.02401	0.08614	0.03248	0.01613	0.01798	0.03598	0.02702	0.20754	0.03993	0.05959	0.03438	0.01726	0.01182	0.00357	0.01015	0.14093	0.01003	0.17656
13	0.08368	0.03153	0.18239	0.03294	0.12680	0.02160	0.06984	0.03326	0.02583	0.09232	0.07877	0.04375	0.10048	0.01445	0.01136	0.00356	0.01223	0.01251	0.00766	0.01504
14	0.02655	0.11235	0.08966	0.18132	0.14467	0.02620	0.07072	0.03231	0.02349	0.06995	0.02170	0.02838	0.01714	0.01409	0.01469	0.08351	0.01373	0.00964	0.00580	0.01410
15	0.01405	0.01092	0.01290	0.01430	0.01664	0.00977	0.01049	0.01681	0.02397	0.03010	0.08582	0.31441	0.28414	0.03163	0.01401	0.00429	0.00661	0.07924	0.01044	0.00945
16	0.16796	0.02591	0.02686	0.02130	0.02911	0.02835	0.01750	0.30709	0.04078	0.10756	0.02756	0.02814	0.01974	0.01290	0.01001	0.00332	0.01054	0.00949	0.08916	0.01673
17	0.03377	0.03341	0.17806	0.12200	0.04422	0.02545	0.02736	0.13202	0.07730	0.16848	0.02993	0.03082	0.02062	0.01258	0.01113	0.00356	0.01304	0.01013	0.00899	0.01714
18	0.02830	0.07894	0.08354	0.07879	0.08348	0.08099	0.02486	0.07566	0.06333	0.03556	0.02080	0.02576	0.01711	0.01332	0.01702	0.00353	0.15999	0.00903	0.00633	0.09367
19	0.01955	0.00978	0.01466	0.01466	0.01466	0.00978	0.00978	0.01466	0.01466	0.01955	0.01955	0.03421	0.01955	0.03910	0.04399	0.67253	0.00978	0.00978	0.00489	0.00489
20	0.02671	0.02553	0.03496	0.35608	0.11383	0.07464	0.02897	0.08669	0.02683	0.03441	0.02025	0.02805	0.01574	0.01221	0.01355	0.00370	0.06829	0.00976	0.00588	0.01391
21	0.02834	0.01985	0.02385	0.01729	0.02705	0.01529	0.01393	0.03322	0.02497	0.12964	0.02449	0.02609	0.01873	0.00936	0.00888	0.00200	0.00856	0.00752	0.00800	0.55293
22	0.02555	0.01399	0.01706	0.01519	0.01942	0.01343	0.01176	0.03313	0.07485	0.14665	0.24954	0.05924	0.06227	0.01772	0.01123	0.00330	0.00651	0.01509	0.19106	0.01301
23	0.02752	0.02056	0.03047	0.21299	0.14330	0.02148	0.02387	0.03584	0.07175	0.12234	0.03818	0.04099	0.08139	0.01368	0.01127	0.00346	0.01149	0.01187	0.00807	0.06950
24	0.02661	0.02053	0.02421	0.02129	0.02661	0.02229	0.01697	0.07500	0.20038	0.07805	0.08709	0.09150	0.04141	0.01848	0.01462	0.00378	0.07132	0.05578	0.01024	0.09381
25	0.02829	0.18938	0.22367	0.02488	0.03673	0.07675	0.02660	0.07814	0.02693	0.03612	0.01939	0.02222	0.01527	0.01030	0.00934	0.00282	0.01373	0.00748	0.00586	0.14612
26	0.61280	0.08591	0.02116	0.01529	0.02254	0.02735	0.01296	0.03315	0.01956	0.04788	0.01567	0.01826	0.01243	0.01036	0.00699	0.00337	0.00907	0.00609	0.00673	0.01243
27	0.01367	0.00995	0.01290	0.01526	0.01622	0.00918	0.01026	0.01572	0.02195	0.02889	0.06707	0.54976	0.11853	0.03461	0.01426	0.00450	0.00645	0.03120	0.01045	0.00918
28	0.02334	0.02001	0.02334	0.01667	0.02667	0.01500	0.01334	0.02834	0.02334	0.03668	0.02001	0.02334	0.01667	0.00834	0.00834	0.00167	0.00834	0.00667	0.00667	0.67325
29	0.03018	0.15098	0.17895	0.02521	0.03570	0.07762	0.06027	0.03680	0.02528	0.11027	0.02411	0.02882	0.01897	0.05619	0.01354	0.00361	0.01374	0.00902	0.00674	0.09399
30	0.02154	0.01197	0.01458	0.01345	0.01676	0.01122	0.01026	0.02672	0.02887	0.09804	0.29556	0.06367	0.06934	0.01840	0.01108	0.00320	0.00575	0.01576	0.25234	0.01150
31	0.01637	0.01091	0.01228	0.01228	0.01228	0.01091	0.00682	0.01637	0.01637	0.02182	0.03546	0.07365	0.04092	0.60445	0.05729	0.01091	0.01091	0.01637	0.00682	0.00682
32	0.03385	0.02388	0.02637	0.02262	0.02969	0.02638	0.01790	0.10015	0.37484	0.14743	0.04375	0.03985	0.03163	0.01484	0.01141	0.00371	0.00937	0.01220	0.01193	0.01821
33	0.68395	0.02177	0.01654	0.01480	0.02177	0.02525	0.01219	0.03309	0.01915	0.05050	0.01567	0.01828	0.01219	0.01045	0.00697	0.00348	0.00871	0.00609	0.00697	0.01219
34	0.68395	0.02177	0.01654	0.01480	0.02177	0.02525	0.01219	0.03309	0.01915	0.05050	0.01567	0.01828	0.01219	0.01045	0.00697	0.00348	0.00871	0.00609	0.00697	0.01219
35	0.01955	0.00978	0.01466	0.01466	0.01466	0.00978	0.00978	0.01466	0.01466	0.01955	0.01955	0.03421	0.01955	0.03910	0.04399	0.67253	0.00978	0.00978	0.00489	0.00489
36	0.01593	0.01150	0.01504	0.01416	0.01681	0.01062	0.01062	0.02124	0.03186	0.04513	0.52830	0.08407	0.10620	0.02301	0.01327	0.00354	0.00531	0.02035	0.01239	0.01062
37	0.68395	0.02177	0.01654	0.01480	0.02177	0.02525	0.01219	0.03309	0.01915	0.05050	0.01567	0.01828	0.01219	0.01045	0.00697	0.00348	0.00871	0.00609	0.00697	0.01219
38	0.01616	0.01172	0.01639	0.01639	0.01781	0.01314	0.01195	0.01901	0.01758	0.02487	0.03170	0.05284	0.03188	0.23666	0.41271	0.01599	0.02452	0.01332	0.00626	0.00910
39	0.03560	0.02003	0.02383	0.02053	0.02719	0.02060	0.01651	0.05180	0.23609	0.24480	0.04571	0.04804	0.03398	0.01596	0.01147	0.00370	0.00900	0.05150	0.06656	0.01709
40	0.68395	0.02177	0.01654	0.01480	0.02177	0.02525	0.01219	0.03309	0.01915	0.05050	0.01567	0.01828	0.01219	0.01045	0.00697	0.00348	0.00871	0.00609	0.00697	0.01219
41	0.01608	0.01206	0.01809	0.01809	0.02010	0.01407	0.01407	0.02010	0.01809	0.02613	0.03015	0.04422	0.02814	0.08441	0.55984	0.01809	0.03015	0.01206	0.00603	0.01005
42	0.03009	0.61122	0.05898	0.01926	0.02889	0.04454	0.01926	0.03370	0.02287	0.02648	0.01565	0.01805	0.01444	0.00963	0.00722	0.00241	0.01204	0.00602	0.00481	0.01444
43	0.02800	0.02418	0.02545	0.02291	0.02927	0.02800	0.01782	0.05981	0.51390	0.04708	0.04581	0.04199	0.03436	0.01527	0.01145	0.00382	0.00891	0.01273	0.01145	0.01782
44	0.01593	0.01150	0.01504	0.01416	0.01681	0.01062	0.01062	0.02124	0.03186	0.04513	0.52830	0.08407	0.10620	0.02301	0.01327	0.00354	0.00531	0.02035	0.01239	0.01062
45	0.02126	0.02001	0.03376	0.57739	0.07752	0.02501	0.03126	0.02876	0.02251	0.02876	0.02001	0.03001	0.01500	0.01125	0.01125	0.00375	0.01500	0.01000	0.00500	0.01250
46	0.01608	0.01206	0.01809	0.01809	0.02010	0.01407	0.01407	0.02010	0.01809	0.02613	0.03015	0.04422	0.02814	0.08441	0.55984	0.01809	0.03015	0.01206	0.00603	0.01005
47	0.02098	0.02046	0.03945	0.02997	0.03678	0.01910	0.24000	0.02828	0.02934	0.04082	0.28809	0.05855	0.06385	0.01658	0.01328	0.00366	0.01180	0.01699	0.00921	0.01279
48	0.01608	0.01206	0.01809	0.01809	0.02010	0.01407	0.01407	0.02010	0.01809	0.02613	0.03015	0.04422	0.02814	0.08441	0.55984	0.01809	0.03015	0.01206	0.00603	0.01005
49	0.09118	0.02249	0.02869	0.02629	0.07649	0.02278	0.05956	0.17082	0.03248	0.04640	0.04000	0.13893	0.08350	0.01750	0.01145	0.00348	0.01043	0.01507	0.00902	0.09343
50	0.24114	0.03348	0.02700	0.02268	0.03008	0.18242	0.01808	0.16933	0.03391	0.10840	0.02280	0.02372	0.01669	0.01206	0.00962	0.00328	0.01322	0.00819	0.00867	0.01523
51	0.02786	0.02674	0.04568	0.06908	0.53424	0.02674	0.03454	0.03454	0.02563	0.03677	0.02117	0.02786	0.01783	0.01003	0.01114	0.00334	0.01337	0.01003	0.00557	0.01783
52	0.01371	0.00979	0.01306	0.01567	0.01632	0.00914	0.01045	0.01567	0.02155	0.02873	0.06203	0.59710	0.07444	0.03526	0.01437	0.00457	0.00653	0.03200	0.01045	0.00914
53	0.08301	0.07609	0.02610	0.01675	0.02644	0.01871	0.01379	0.02927	0.02292	0.03695	0.01921	0.02239	0.01606	0.00865	0.00811	0.00190	0.00872	0.00656	0.00652	0.55186
54	0.01637	0.01091	0.01228	0.01228	0.01228	0.01091	0.00682	0.01637	0.01637	0.02182	0.03546	0.07365	0.04092	0.60445	0.05729	0.01091	0.01091	0.01637	0.00682	0.00682
55	0.15264	0.15983	0.24525	0.02497	0.03684	0.03148	0.02748	0.12562	0.02846	0.04351	0.01975	0.02220	0.01487	0.01098	0.00939	0.00327	0.01336	0.00778	0.00646	0.01584
56	0.15398	0.09324	0.20101	0.02466	0.03529	0.08543	0.02535	0.07829	0.06504	0.10110	0.02407	0.02525	0.01750	0.01162	0.00979	0.00336	0.01333	0.00842	0.00744	0.01581

[dist]
# distance from previous block
# <min> <max>
0	1

[block]
# block no. 2 follows, 11 sequences, length 33
# corresponding to MSA columns:
# 272-304
name=unknown_C
#
# <colnr> <probs for GDERKNQSTAVLIFYWHMCP>
#	G	D	E	R	K	N	Q	S	T	A	V	L	I	F	Y	W	H	M	C	P
0	0.04685	0.01926	0.02707	0.08953	0.03482	0.01760	0.01838	0.05160	0.03100	0.47803	0.04136	0.03727	0.02626	0.01360	0.01131	0.00352	0.01025	0.01115	0.01282	0.01833
1	0.02324	0.02477	0.08853	0.01859	0.02942	0.01639	0.01686	0.02925	0.02339	0.03655	0.02003	0.02339	0.01637	0.00863	0.00863	0.00190	0.00937	0.00687	0.00643	0.59137
2	0.06599	0.03694	0.20722	0.04203	0.15653	0.02631	0.15773	0.03643	0.05534	0.03770	0.02243	0.02726	0.01710	0.01035	0.01118	0.00348	0.01507	0.01009	0.00586	0.05495
3	0.20246	0.45583	0.04779	0.01808	0.02701	0.03945	0.01739	0.03354	0.02189	0.03281	0.01565	0.01812	0.01385	0.00985	0.00715	0.00269	0.01116	0.00604	0.00538	0.01385
4	0.02928	0.55157	0.11153	0.02064	0.03103	0.04255	0.02167	0.03391	0.02297	0.02747	0.01614	0.01867	0.01442	0.00974	0.00760	0.00253	0.01253	0.00627	0.00481	0.01468
5	0.02221	0.08378	0.03648	0.51719	0.07227	0.02711	0.02996	0.02929	0.02254	0.02851	0.01953	0.02872	0.01494	0.01108	0.01082	0.00361	0.01468	0.00957	0.00498	0.01271
6	0.40340	0.09678	0.02626	0.01809	0.02599	0.02838	0.01534	0.12285	0.02758	0.11242	0.02137	0.02238	0.01572	0.01135	0.00834	0.00333	0.00992	0.00749	0.00837	0.01464
7	0.01430	0.01025	0.01358	0.01527	0.01645	0.00953	0.01049	0.01714	0.02427	0.03306	0.18495	0.46186	0.08281	0.03203	0.01408	0.00430	0.00621	0.02893	0.01096	0.00953
8	0.20197	0.01919	0.02100	0.01675	0.02468	0.01739	0.01338	0.03362	0.02385	0.14233	0.02836	0.08694	0.02400	0.01294	0.00923	0.00283	0.00849	0.01020	0.00863	0.29421
9	0.02776	0.45537	0.05233	0.16639	0.04171	0.03939	0.02242	0.03240	0.02277	0.02708	0.01680	0.02121	0.01459	0.01006	0.00828	0.00276	0.01282	0.00707	0.00486	0.01393
10	0.01481	0.01109	0.01381	0.01443	0.01678	0.01010	0.01064	0.01854	0.02689	0.03589	0.25560	0.24256	0.19724	0.02854	0.01377	0.00403	0.00615	0.05805	0.01120	0.00990
11	0.02321	0.01914	0.02517	0.02216	0.02317	0.02517	0.01812	0.02675	0.01971	0.03286	0.02329	0.03135	0.02023	0.01714	0.02566	0.00403	0.35941	0.01010	0.26171	0.01161
12	0.01426	0.01019	0.01369	0.01630	0.01720	0.00962	0.01141	0.01663	0.02209	0.02935	0.06173	0.53847	0.07324	0.03474	0.01451	0.00465	0.00701	0.08518	0.01044	0.00929
13	0.28242	0.02011	0.02261	0.01811	0.02618	0.01973	0.01495	0.04688	0.02743	0.36207	0.03388	0.03098	0.02212	0.01266	0.00972	0.00348	0.00926	0.00941	0.01138	0.01660
14	0.01430	0.01025	0.01358	0.01527	0.01645	0.00953	0.01049	0.01714	0.02427	0.03306	0.18495	0.46186	0.08281	0.03203	0.01408	0.00430	0.00621	0.02893	0.01096	0.00953
15	0.01546	0.01146	0.01676	0.01745	0.01910	0.01277	0.01311	0.01893	0.01900	0.02681	0.03855	0.18996	0.04034	0.07146	0.41605	0.01453	0.02392	0.01731	0.00719	0.00981
16	0.03519	0.04067	0.09769	0.13016	0.07455	0.22568	0.02662	0.15932	0.03435	0.04077	0.02098	0.02472	0.01599	0.01183	0.01077	0.00329	0.01638	0.00881	0.00695	0.01529
17	0.02671	0.32402	0.10522	0.02056	0.02881	0.08882	0.02003	0.03187	0.02632	0.03266	0.15155	0.03641	0.03861	0.01350	0.00957	0.00290	0.01173	0.01022	0.00691	0.01356
18	0.01506	0.01104	0.01413	0.01426	0.01651	0.01011	0.01035	0.01922	0.02847	0.03922	0.36070	0.22193	0.14351	0.02683	0.01357	0.00384	0.00567	0.02379	0.01167	0.01011
19	0.02428	0.01349	0.01690	0.01490	0.01949	0.01186	0.01158	0.02862	0.03015	0.17183	0.28001	0.07908	0.20895	0.02222	0.01277	0.00360	0.00655	0.01896	0.01223	0.01254
20	0.01593	0.01150	0.01504	0.01416	0.01681	0.01062	0.01062	0.02124	0.03186	0.04513	0.52830	0.08407	0.10620	0.02301	0.01327	0.00354	0.00531	0.02035	0.01239	0.01062
21	0.01766	0.01331	0.01794	0.16125	0.02947	0.01463	0.01326	0.01963	0.01799	0.02365	0.03139	0.06215	0.03409	0.44807	0.04515	0.00902	0.01199	0.01469	0.00634	0.00832
22	0.20246	0.45583	0.04779	0.01808	0.02701	0.03945	0.01739	0.03354	0.02189	0.03281	0.01565	0.01812	0.01385	0.00985	0.00715	0.00269	0.01116	0.00604	0.00538	0.01385
23	0.20062	0.02771	0.03189	0.02696	0.03035	0.09306	0.05683	0.03145	0.02017	0.03400	0.01593	0.02288	0.01424	0.01553	0.02409	0.00422	0.32305	0.00882	0.00562	0.01259
24	0.04847	0.02242	0.02814	0.02157	0.03036	0.02138	0.01782	0.17133	0.03767	0.41784	0.03982	0.03533	0.02556	0.01382	0.01130	0.00346	0.01032	0.01101	0.01323	0.01915
25	0.02657	0.03315	0.16271	0.02532	0.03439	0.02751	0.02408	0.05344	0.38469	0.04407	0.03906	0.03719	0.02906	0.01406	0.01125	0.00375	0.01094	0.01156	0.00969	0.01750
26	0.20081	0.02543	0.03800	0.05477	0.39914	0.02635	0.02865	0.03416	0.02392	0.04039	0.01972	0.02533	0.01634	0.01014	0.01004	0.00338	0.01214	0.00899	0.00594	0.01634
27	0.02235	0.02125	0.03601	0.02909	0.03533	0.02130	0.18921	0.03519	0.15396	0.03750	0.07901	0.20407	0.04530	0.01962	0.01312	0.00401	0.01162	0.01918	0.00912	0.01375
28	0.02867	0.01678	0.02041	0.01825	0.02339	0.01659	0.01407	0.03990	0.15672	0.18760	0.14390	0.15310	0.09092	0.02091	0.01242	0.00380	0.00776	0.01803	0.01210	0.01467
29	0.01610	0.01198	0.01768	0.01768	0.01955	0.01385	0.01356	0.01984	0.01797	0.02582	0.03052	0.04629	0.02904	0.12106	0.52443	0.01758	0.02879	0.01236	0.00609	0.00982
30	0.11272	0.01735	0.02045	0.01637	0.02342	0.01547	0.01312	0.03581	0.02725	0.20116	0.12356	0.04077	0.03763	0.01362	0.00998	0.00292	0.00788	0.01103	0.08130	0.18819
31	0.01842	0.01482	0.01683	0.01574	0.01967	0.01491	0.01197	0.03007	0.15730	0.04178	0.29240	0.07934	0.19838	0.02241	0.01280	0.00368	0.00636	0.01924	0.01163	0.01222
32	0.03192	0.02136	0.02945	0.02937	0.09132	0.02353	0.02178	0.09348	0.02875	0.16080	0.03615	0.05564	0.03207	0.01931	0.01859	0.00425	0.14926	0.12853	0.00943	0.01502

[dist]
# distance from previous block
# <min> <max>
7	15

[block]
# block no. 3 follows, 11 sequences, length 22
# corresponding to MSA columns:
# 346-367
name=unknown_D
#
# <colnr> <probs for GDERKNQSTAVLIFYWHMCP>
#	G	D	E	R	K	N	Q	S	T	A	V	L	I	F	Y	W	H	M	C	P
0	0.02550	0.01400	0.01838	0.01634	0.02087	0.01230	0.01244	0.02975	0.02877	0.17524	0.24146	0.18384	0.06913	0.02197	0.01252	0.00358	0.00704	0.01928	0.01182	0.07579
1	0.02699	0.13007	0.26175	0.08021	0.11398	0.02718	0.03149	0.03569	0.02451	0.07968	0.02178	0.02528	0.01630	0.01057	0.01012	0.00320	0.01395	0.00848	0.00590	0.07288
2	0.12761	0.03624	0.22505	0.02954	0.08913	0.02410	0.02775	0.08058	0.02823	0.18513	0.02714	0.02783	0.01863	0.01175	0.01043	0.00349	0.01278	0.00919	0.00833	0.01706
3	0.04478	0.01928	0.02529	0.01977	0.02763	0.01751	0.01617	0.09373	0.03421	0.42424	0.11203	0.04375	0.03822	0.01519	0.01159	0.00348	0.00924	0.01250	0.01345	0.01793
4	0.01566	0.01152	0.01658	0.01708	0.01864	0.01283	0.01269	0.01890	0.01858	0.02621	0.03669	0.15172	0.03813	0.12470	0.40862	0.01484	0.02384	0.01625	0.00694	0.00957
5	0.02573	0.03094	0.12064	0.02403	0.03016	0.09902	0.02137	0.08250	0.10796	0.03720	0.03766	0.20953	0.03737	0.02044	0.01410	0.00392	0.05829	0.01676	0.00853	0.01384
6	0.03656	0.17119	0.13747	0.02640	0.07379	0.02689	0.02366	0.04469	0.06397	0.23973	0.03092	0.02998	0.02162	0.01204	0.01020	0.00325	0.01181	0.00945	0.00906	0.01731
7	0.68395	0.02177	0.01654	0.01480	0.02177	0.02525	0.01219	0.03309	0.01915	0.05050	0.01567	0.01828	0.01219	0.01045	0.00697	0.00348	0.00871	0.00609	0.00697	0.01219
8	0.02093	0.02599	0.12804	0.11944	0.11979	0.02022	0.06637	0.02836	0.02580	0.03527	0.10940	0.05968	0.09058	0.01740	0.01248	0.00385	0.01230	0.08306	0.00758	0.01345
9	0.02853	0.12294	0.13419	0.20837	0.10289	0.03073	0.02938	0.13902	0.03012	0.04022	0.02110	0.02606	0.01603	0.01129	0.01051	0.00338	0.01407	0.00910	0.00642	0.01566
10	0.10010	0.02009	0.02779	0.27697	0.04959	0.02244	0.02247	0.07763	0.02737	0.16066	0.02775	0.03170	0.01957	0.01221	0.01048	0.00351	0.01182	0.00997	0.07340	0.01448
11	0.01421	0.01018	0.01351	0.01533	0.01643	0.00947	0.01049	0.01692	0.02386	0.03241	0.16673	0.48191	0.08157	0.03251	0.01412	0.00434	0.00626	0.02938	0.01088	0.00947
12	0.03675	0.23387	0.11304	0.02242	0.03173	0.02955	0.02189	0.04190	0.02623	0.23693	0.02787	0.02774	0.01989	0.01252	0.01232	0.00326	0.06824	0.00888	0.00851	0.01646
13	0.04262	0.14088	0.03403	0.02123	0.02888	0.02483	0.01826	0.04655	0.02816	0.36293	0.03428	0.03221	0.02325	0.01388	0.01415	0.00347	0.09237	0.01003	0.01078	0.01721
14	0.01775	0.01365	0.01676	0.01817	0.02047	0.01415	0.01340	0.02718	0.13686	0.03380	0.05786	0.39205	0.06355	0.02994	0.01388	0.00449	0.00770	0.09630	0.01067	0.01136
15	0.02588	0.01561	0.01918	0.01730	0.02217	0.01507	0.01371	0.03515	0.11362	0.15763	0.21811	0.07446	0.13743	0.02127	0.01275	0.00379	0.00752	0.06363	0.01207	0.01365
16	0.12905	0.16475	0.03740	0.07954	0.13544	0.02743	0.02159	0.04009	0.02585	0.19691	0.02636	0.02764	0.01915	0.01135	0.00966	0.00322	0.01131	0.00890	0.00821	0.01614
17	0.03150	0.11632	0.08923	0.07954	0.14655	0.02389	0.02403	0.03711	0.02602	0.17707	0.03257	0.11062	0.02765	0.01487	0.01100	0.00347	0.01159	0.01273	0.00840	0.01585
18	0.01361	0.01021	0.01264	0.01458	0.01604	0.00923	0.00996	0.01579	0.02260	0.02916	0.07531	0.47227	0.19070	0.03354	0.01409	0.00437	0.00632	0.02989	0.01045	0.00923
19	0.03159	0.02640	0.04555	0.08665	0.04760	0.02668	0.23375	0.08296	0.13013	0.12188	0.03111	0.03372	0.02236	0.01191	0.01222	0.00371	0.01444	0.01227	0.00862	0.01645
20	0.03406	0.02413	0.02627	0.01982	0.02905	0.05875	0.01598	0.11007	0.03071	0.15765	0.02654	0.02714	0.01948	0.01069	0.00962	0.00245	0.01015	0.00833	0.00900	0.37014
21	0.08849	0.08607	0.13752	0.02610	0.03580	0.03005	0.05817	0.21887	0.06604	0.05033	0.02753	0.07509	0.02271	0.01402	0.01084	0.00350	0.01265	0.01133	0.00853	0.01637

[dist]
# distance from previous block
# <min> <max>
0	10

[block]
# block no. 4 follows, 11 sequences, length 20
# corresponding to MSA columns:
# 378-387,389-398
name=unknown_E
#
# <colnr> <probs for GDERKNQSTAVLIFYWHMCP>
#	G	D	E	R	K	N	Q	S	T	A	V	L	I	F	Y	W	H	M	C	P
0	0.03433	0.03061	0.03228	0.09555	0.12357	0.14342	0.02295	0.10274	0.09373	0.09757	0.02669	0.02882	0.02009	0.01191	0.01069	0.00318	0.01338	0.00954	0.00816	0.09080
1	0.03174	0.01843	0.02263	0.02008	0.02555	0.01849	0.01595	0.11645	0.08809	0.18849	0.07933	0.17860	0.04763	0.02168	0.01269	0.00397	0.00911	0.07422	0.01183	0.01502
2	0.11071	0.02155	0.02366	0.01749	0.02698	0.01860	0.01411	0.08262	0.02619	0.04238	0.02025	0.02311	0.01638	0.00920	0.00849	0.00210	0.00885	0.00699	0.00723	0.51310
3	0.10580	0.03040	0.08642	0.02398	0.03258	0.08571	0.04785	0.04585	0.19570	0.09441	0.03097	0.03096	0.02300	0.01230	0.01035	0.00330	0.01166	0.00985	0.00876	0.11013
4	0.01452	0.01061	0.01383	0.01610	0.01753	0.00993	0.01169	0.01721	0.02292	0.02990	0.06826	0.44323	0.13125	0.03359	0.01446	0.00459	0.00716	0.11336	0.01043	0.00942
5	0.02309	0.01904	0.02492	0.02642	0.11169	0.01731	0.01694	0.07826	0.02649	0.03790	0.03514	0.21755	0.03658	0.01827	0.01118	0.00313	0.00906	0.01616	0.00827	0.26260
6	0.09252	0.02134	0.02601	0.02165	0.02655	0.07902	0.09465	0.02669	0.02337	0.03313	0.08626	0.10994	0.03919	0.17029	0.02335	0.00534	0.01172	0.01483	0.00756	0.08661
7	0.61659	0.02149	0.01756	0.01536	0.02251	0.02432	0.01265	0.03540	0.02054	0.10277	0.01873	0.02041	0.01386	0.01082	0.00743	0.00348	0.00880	0.00665	0.00771	0.01293
8	0.02821	0.02658	0.10081	0.15535	0.15745	0.02371	0.02685	0.09250	0.02752	0.09495	0.02620	0.03421	0.02092	0.06862	0.06280	0.00541	0.01485	0.01067	0.00717	0.01520
9	0.01962	0.01238	0.01591	0.01452	0.01800	0.01118	0.01107	0.02453	0.03119	0.10077	0.42501	0.08157	0.14568	0.02259	0.01305	0.00356	0.00585	0.01970	0.01235	0.01148
10	0.03780	0.17729	0.03840	0.02481	0.03277	0.18266	0.02056	0.20816	0.09295	0.04531	0.02375	0.02470	0.01846	0.01224	0.00999	0.00306	0.01411	0.00863	0.00820	0.01615
11	0.01530	0.01114	0.01474	0.01705	0.01878	0.01059	0.01307	0.01855	0.02362	0.03075	0.06703	0.36835	0.12250	0.03296	0.01468	0.00471	0.00785	0.18829	0.01042	0.00963
12	0.03397	0.16441	0.08686	0.09785	0.04227	0.03451	0.06432	0.25134	0.03736	0.04931	0.02257	0.02537	0.01694	0.01175	0.01046	0.00326	0.01358	0.00929	0.00794	0.01666
13	0.01371	0.00979	0.01306	0.01567	0.01632	0.00914	0.01045	0.01567	0.02155	0.02873	0.06203	0.59710	0.07444	0.03526	0.01437	0.00457	0.00653	0.03200	0.01045	0.00914
14	0.10596	0.08523	0.03144	0.02438	0.03156	0.19811	0.01945	0.15682	0.15483	0.04536	0.02649	0.02693	0.02032	0.01269	0.01016	0.00326	0.01359	0.00909	0.00858	0.01575
15	0.11184	0.02570	0.04740	0.16568	0.11021	0.02625	0.24075	0.03510	0.02495	0.07061	0.02250	0.02898	0.01679	0.01038	0.01163	0.00367	0.01547	0.01110	0.00624	0.01475
16	0.02300	0.02207	0.03767	0.37592	0.12744	0.02429	0.08260	0.03029	0.02349	0.03169	0.02047	0.02888	0.01583	0.01050	0.01108	0.00343	0.01436	0.00994	0.00538	0.10167
17	0.02334	0.02001	0.02334	0.01667	0.02667	0.01500	0.01334	0.02834	0.02334	0.03668	0.02001	0.02334	0.01667	0.00834	0.00834	0.00167	0.00834	0.00667	0.00667	0.67325
18	0.03338	0.03244	0.15710	0.09439	0.09868	0.02573	0.02742	0.12171	0.09613	0.15386	0.03020	0.03115	0.02127	0.01249	0.01115	0.00354	0.01275	0.01027	0.00891	0.01744
19	0.02747	0.02321	0.06873	0.01984	0.02811	0.01891	0.01705	0.08680	0.08494	0.09945	0.07456	0.09387	0.03387	0.01469	0.01064	0.00295	0.00927	0.01230	0.00930	0.26403

[dist]
# distance from previous block
# <min> <max>
0	2

[block]
# block no. 5 follows, 11 sequences, length 48
# corresponding to MSA columns:
# 401-407,424-464
name=unknown_F
#
# <colnr> <probs for GDERKNQSTAVLIFYWHMCP>
#	G	D	E	R	K	N	Q	S	T	A	V	L	I	F	Y	W	H	M	C	P
0	0.16916	0.02222	0.03077	0.03544	0.19692	0.02170	0.02171	0.04370	0.02740	0.27457	0.03088	0.03081	0.02137	0.01193	0.01039	0.00344	0.01068	0.00984	0.00974	0.01732
1	0.03255	0.27490	0.04033	0.02165	0.02959	0.08513	0.01867	0.04682	0.21009	0.08733	0.03016	0.02939	0.02335	0.01239	0.00952	0.00310	0.01140	0.00921	0.00835	0.01607
2	0.04279	0.03153	0.03378	0.02590	0.03490	0.03490	0.02139	0.49671	0.05292	0.07093	0.02702	0.02702	0.01914	0.01351	0.01126	0.00338	0.01239	0.01013	0.01126	0.01914
3	0.03729	0.04367	0.02971	0.02693	0.03292	0.37939	0.02042	0.04998	0.19509	0.03416	0.02702	0.02764	0.02122	0.01284	0.01059	0.00321	0.01644	0.00910	0.00771	0.01466
4	0.01814	0.01296	0.01814	0.02073	0.02332	0.01296	0.01814	0.02332	0.02591	0.03368	0.05959	0.12696	0.06478	0.03109	0.01555	0.00518	0.01036	0.45848	0.01036	0.01036
5	0.03495	0.02763	0.02937	0.02431	0.03192	0.03125	0.01950	0.26533	0.29705	0.05830	0.03697	0.03495	0.02720	0.01444	0.01136	0.00361	0.01054	0.01151	0.01136	0.01844
6	0.02653	0.02917	0.09568	0.12576	0.43002	0.02647	0.03488	0.03397	0.02507	0.03570	0.02093	0.02769	0.01713	0.01024	0.01111	0.00341	0.01390	0.00985	0.00542	0.01707
7	0.02963	0.13982	0.31799	0.02909	0.04252	0.02756	0.07665	0.03909	0.02552	0.13239	0.02439	0.02627	0.01720	0.01103	0.01049	0.00338	0.01473	0.00900	0.00663	0.01662
8	0.02826	0.10361	0.30783	0.03245	0.04594	0.02845	0.13043	0.07614	0.02744	0.08070	0.02290	0.02607	0.01644	0.01084	0.01098	0.00347	0.01570	0.00953	0.00628	0.01653
9	0.01633	0.01105	0.01297	0.01297	0.01321	0.01129	0.00768	0.01681	0.01657	0.02234	0.03483	0.07015	0.03940	0.54258	0.11707	0.01177	0.01320	0.01586	0.00673	0.00720
10	0.01495	0.01090	0.01434	0.01663	0.01822	0.01029	0.01246	0.01795	0.02330	0.03037	0.06751	0.40234	0.12579	0.03325	0.01458	0.00466	0.00755	0.15494	0.01042	0.00954
11	0.19977	0.12995	0.03024	0.01938	0.02758	0.06974	0.01642	0.04490	0.02733	0.28578	0.02993	0.02826	0.02050	0.01211	0.00942	0.00324	0.01072	0.00875	0.00990	0.01609
12	0.04699	0.01812	0.02426	0.01889	0.02687	0.01582	0.01551	0.05145	0.03119	0.48254	0.04349	0.03874	0.02798	0.01383	0.01091	0.00338	0.00906	0.01122	0.09162	0.01812
13	0.01566	0.01149	0.01467	0.01388	0.01665	0.01051	0.01041	0.02072	0.03122	0.04362	0.48574	0.08657	0.14970	0.02357	0.01328	0.00357	0.00535	0.02070	0.01219	0.01051
14	0.10272	0.15019	0.11931	0.02138	0.03144	0.02487	0.02089	0.04509	0.02757	0.30144	0.03153	0.02969	0.02125	0.01215	0.00993	0.00327	0.01119	0.00920	0.00981	0.01707
15	0.03209	0.08166	0.14066	0.08056	0.08580	0.02579	0.06483	0.04422	0.11793	0.16606	0.03107	0.03189	0.02215	0.01218	0.01100	0.00351	0.01273	0.01043	0.00854	0.01692
16	0.02656	0.02267	0.02421	0.02186	0.02779	0.02593	0.01696	0.05522	0.45655	0.04685	0.10321	0.04700	0.04290	0.01619	0.01167	0.00378	0.00848	0.01363	0.01156	0.01696
17	0.02786	0.02674	0.04568	0.06908	0.53424	0.02674	0.03454	0.03454	0.02563	0.03677	0.02117	0.02786	0.01783	0.01003	0.01114	0.00334	0.01337	0.01003	0.00557	0.01783
18	0.02257	0.05822	0.54613	0.03208	0.04871	0.02614	0.04158	0.03564	0.02376	0.03564	0.02020	0.02376	0.01426	0.01069	0.01069	0.00356	0.01663	0.00832	0.00475	0.01663
19	0.02319	0.02252	0.03173	0.02763	0.02797	0.03106	0.02286	0.02592	0.01738	0.02693	0.01735	0.02790	0.01701	0.03053	0.12444	0.00713	0.49119	0.01022	0.00511	0.01193
20	0.01330	0.01140	0.01140	0.01140	0.01520	0.00950	0.00855	0.01615	0.02565	0.03041	0.11402	0.10832	0.52967	0.02850	0.01330	0.00380	0.00570	0.02375	0.01045	0.00950
21	0.02777	0.02766	0.05169	0.04973	0.21366	0.02703	0.24871	0.08161	0.02940	0.04065	0.06553	0.03372	0.02510	0.01123	0.01235	0.00358	0.01524	0.01246	0.00679	0.01610
22	0.04980	0.02028	0.02682	0.02056	0.02929	0.01821	0.01698	0.09500	0.03410	0.49923	0.04282	0.03728	0.02707	0.01389	0.01131	0.00347	0.00983	0.01121	0.01369	0.01915
23	0.68395	0.02177	0.01654	0.01480	0.02177	0.02525	0.01219	0.03309	0.01915	0.05050	0.01567	0.01828	0.01219	0.01045	0.00697	0.00348	0.00871	0.00609	0.00697	0.01219
24	0.03009	0.61122	0.05898	0.01926	0.02889	0.04454	0.01926	0.03370	0.02287	0.02648	0.01565	0.01805	0.01444	0.00963	0.00722	0.00241	0.01204	0.00602	0.00481	0.01444
25	0.01378	0.01142	0.01207	0.01190	0.01550	0.00971	0.00893	0.01708	0.02678	0.03309	0.18946	0.10390	0.45255	0.02750	0.01330	0.00375	0.00563	0.02314	0.01080	0.00971
26	0.01637	0.01091	0.01228	0.01228	0.01228	0.01091	0.00682	0.01637	0.01637	0.02182	0.03546	0.07365	0.04092	0.60445	0.05729	0.01091	0.01091	0.01637	0.00682	0.00682
