[name]
unknown

[dist]
# distance from previous block
# <min> <max>
6	35

[block]
# block no. 0 follows, 14 sequences, length 16
# corresponding to MSA columns:
# 39-54
name=unknown_A
#
# <colnr> <probs for GDERKNQSTAVLIFYWHMCP>
#	G	D	E	R	K	N	Q	S	T	A	V	L	I	F	Y	W	H	M	C	P
0	0.03293	0.02284	0.03474	0.03639	0.20177	0.02276	0.08779	0.09536	0.10928	0.20304	0.02985	0.03044	0.02134	0.01122	0.01051	0.00321	0.01109	0.01026	0.00876	0.01644
1	0.12302	0.02081	0.02810	0.02095	0.02947	0.01912	0.09335	0.08918	0.02627	0.18547	0.02474	0.02565	0.01768	0.00989	0.00913	0.00265	0.00982	0.00840	0.00820	0.24810
2	0.03511	0.02854	0.02838	0.02277	0.02987	0.19711	0.06730	0.07475	0.02899	0.20095	0.06939	0.02990	0.02446	0.01159	0.00993	0.00281	0.01231	0.00936	0.00848	0.10797
3	0.02376	0.01768	0.02297	0.02012	0.02381	0.02051	0.01616	0.03283	0.13860	0.10511	0.02831	0.03330	0.02311	0.03440	0.20407	0.00769	0.16191	0.01016	0.00738	0.06814
4	0.03833	0.04891	0.02908	0.02644	0.03173	0.59815	0.01983	0.04098	0.02908	0.02512	0.01586	0.01851	0.01322	0.01058	0.00925	0.00264	0.01851	0.00661	0.00529	0.01190
5	0.02393	0.01816	0.02155	0.01553	0.02452	0.01383	0.01247	0.02843	0.02215	0.09227	0.02062	0.02274	0.01629	0.00815	0.00789	0.00170	0.00772	0.00653	0.00679	0.62872
6	0.03833	0.04891	0.02908	0.02644	0.03173	0.59815	0.01983	0.04098	0.02908	0.02512	0.01586	0.01851	0.01322	0.01058	0.00925	0.00264	0.01851	0.00661	0.00529	0.01190
7	0.28828	0.03036	0.02769	0.03287	0.19545	0.20375	0.02015	0.03397	0.02293	0.03561	0.01633	0.01995	0.01336	0.00974	0.00844	0.00297	0.01257	0.00700	0.00562	0.01295
8	0.02744	0.64552	0.05378	0.01756	0.02634	0.04061	0.01756	0.03073	0.02085	0.02414	0.01427	0.01646	0.01317	0.00878	0.00658	0.00219	0.01097	0.00549	0.00439	0.01317
9	0.01987	0.01222	0.01519	0.01504	0.01737	0.01202	0.01080	0.02489	0.07832	0.10656	0.08223	0.23540	0.05056	0.19657	0.02343	0.00556	0.00796	0.06663	0.00927	0.01009
10	0.02015	0.04002	0.37666	0.02824	0.03968	0.02175	0.10393	0.03119	0.06023	0.03228	0.02662	0.12283	0.02359	0.01352	0.01068	0.00345	0.01347	0.01203	0.00574	0.01394
11	0.01452	0.01049	0.01372	0.01291	0.01533	0.00968	0.00968	0.01937	0.02905	0.04115	0.56992	0.07666	0.09683	0.02098	0.01210	0.00323	0.00484	0.01856	0.01130	0.00968
12	0.03330	0.01975	0.02921	0.02173	0.03030	0.01723	0.10276	0.04001	0.06320	0.28289	0.03041	0.02975	0.02102	0.01054	0.00980	0.00274	0.00979	0.00941	0.00924	0.22692
13	0.03817	0.03273	0.02795	0.02326	0.03010	0.22114	0.01839	0.21792	0.10801	0.13893	0.02677	0.02622	0.01930	0.01201	0.00995	0.00300	0.01287	0.00886	0.00902	0.01539
14	0.02628	0.01917	0.02255	0.01643	0.02530	0.01564	0.01327	0.07953	0.02499	0.10883	0.02180	0.02341	0.01676	0.00873	0.00822	0.00189	0.00811	0.00695	0.00736	0.54477
15	0.10012	0.01899	0.02333	0.01705	0.02587	0.01562	0.04678	0.02832	0.02156	0.06973	0.01938	0.02205	0.01542	0.00821	0.00793	0.00194	0.00835	0.00669	0.00647	0.53620

[dist]
# distance from previous block
# <min> <max>
0	1

[block]
# block no. 1 follows, 14 sequences, length 32
# corresponding to MSA columns:
# 56-87
name=unknown_B
#
# <colnr> <probs for GDERKNQSTAVLIFYWHMCP>
#	G	D	E	R	K	N	Q	S	T	A	V	L	I	F	Y	W	H	M	C	P
0	0.02825	0.02557	0.02658	0.02283	0.02804	0.13242	0.06236	0.20943	0.03234	0.04060	0.03400	0.20918	0.03412	0.01858	0.01133	0.00346	0.01152	0.04798	0.00858	0.01284
1	0.02744	0.64552	0.05378	0.01756	0.02634	0.04061	0.01756	0.03073	0.02085	0.02414	0.01427	0.01646	0.01317	0.00878	0.00658	0.00219	0.01097	0.00549	0.00439	0.01317
2	0.47671	0.02296	0.02057	0.01703	0.02403	0.02610	0.01405	0.20873	0.02822	0.05255	0.01791	0.01946	0.01333	0.01050	0.00772	0.00314	0.00911	0.00684	0.00772	0.01333
3	0.01233	0.01040	0.01068	0.01061	0.01398	0.00875	0.00796	0.01512	0.02387	0.02885	0.14319	0.09690	0.53123	0.02557	0.01213	0.00345	0.00517	0.02140	0.00968	0.00875
4	0.03782	0.02815	0.03013	0.02337	0.03137	0.03127	0.01922	0.49801	0.09330	0.06275	0.02616	0.02585	0.01868	0.01246	0.01028	0.00312	0.01101	0.00945	0.01028	0.01734
5	0.03901	0.02874	0.03080	0.02361	0.03182	0.03182	0.01951	0.54111	0.04825	0.06468	0.02464	0.02464	0.01745	0.01232	0.01027	0.00308	0.01129	0.00924	0.01027	0.01745
6	0.01284	0.00917	0.01229	0.01467	0.01541	0.00862	0.01011	0.01487	0.01998	0.02657	0.05638	0.58981	0.06714	0.03184	0.01319	0.00421	0.00624	0.06871	0.00952	0.00843
7	0.02945	0.02813	0.06397	0.06852	0.12083	0.07494	0.02201	0.17558	0.22308	0.04394	0.02843	0.02918	0.02140	0.01195	0.01019	0.00322	0.01129	0.00975	0.00833	0.01581
8	0.01592	0.00959	0.01194	0.01194	0.01194	0.00959	0.00714	0.01439	0.01439	0.01919	0.02735	0.05480	0.03062	0.43197	0.04807	0.24748	0.00959	0.01286	0.00561	0.00561
9	0.03901	0.02874	0.03080	0.02361	0.03182	0.03182	0.01951	0.54111	0.04825	0.06468	0.02464	0.02464	0.01745	0.01232	0.01027	0.00308	0.01129	0.00924	0.01027	0.01745
10	0.02128	0.01824	0.02128	0.01520	0.02432	0.01368	0.01216	0.02584	0.02128	0.03344	0.01824	0.02128	0.01520	0.00760	0.00760	0.00152	0.00760	0.00608	0.00608	0.70208
11	0.02791	0.01741	0.02059	0.01783	0.02323	0.01803	0.01400	0.04299	0.25798	0.18994	0.19613	0.04861	0.04889	0.01566	0.01090	0.00332	0.00733	0.01329	0.01131	0.01466
12	0.18219	0.02360	0.02547	0.01993	0.02768	0.02512	0.01646	0.29132	0.03631	0.21112	0.02707	0.02596	0.01843	0.01184	0.00946	0.00313	0.00985	0.00878	0.01015	0.01613
13	0.03531	0.21431	0.03593	0.02398	0.03023	0.44358	0.01920	0.03814	0.02680	0.02485	0.01542	0.01794	0.01321	0.01008	0.00851	0.00252	0.01642	0.00630	0.00504	0.01225
14	0.01584	0.01199	0.01509	0.01466	0.01487	0.01356	0.00989	0.01673	0.01582	0.02186	0.03216	0.13595	0.03668	0.40991	0.08316	0.00870	0.11362	0.01561	0.00633	0.00757
15	0.01341	0.00953	0.01189	0.01341	0.01420	0.00904	0.00893	0.01496	0.01892	0.02488	0.05370	0.39672	0.10131	0.19972	0.02394	0.00575	0.00723	0.05604	0.00860	0.00785
16	0.02289	0.01241	0.01600	0.01400	0.01811	0.01102	0.01088	0.02714	0.02825	0.18911	0.35015	0.06855	0.15134	0.01947	0.01161	0.00325	0.00598	0.01676	0.01141	0.01168
17	0.03680	0.01633	0.02151	0.01716	0.02359	0.01478	0.01390	0.07649	0.03063	0.39551	0.18613	0.04576	0.04464	0.01497	0.01081	0.00318	0.00784	0.01253	0.01214	0.01531
18	0.02650	0.02253	0.02375	0.02108	0.02706	0.02598	0.01648	0.08980	0.51994	0.04450	0.04053	0.03730	0.03032	0.01381	0.01043	0.00345	0.00835	0.01143	0.01043	0.01633
19	0.09990	0.02588	0.02812	0.02173	0.02973	0.02797	0.01795	0.40563	0.04205	0.15815	0.02663	0.02582	0.01835	0.01214	0.00993	0.00311	0.01053	0.00911	0.01037	0.01689
20	0.01783	0.00891	0.01337	0.01337	0.01337	0.00891	0.00891	0.01337	0.01337	0.01783	0.01783	0.03119	0.01783	0.03565	0.04011	0.70143	0.00891	0.00891	0.00446	0.00446
21	0.03395	0.29246	0.03973	0.02212	0.02951	0.24029	0.01881	0.14805	0.02993	0.03352	0.01715	0.01902	0.01414	0.01022	0.00837	0.00255	0.01377	0.00673	0.00602	0.01366
22	0.31068	0.03263	0.02215	0.01974	0.02550	0.27562	0.01536	0.07682	0.02541	0.03783	0.01720	0.01968	0.01365	0.01039	0.00801	0.00288	0.01264	0.00661	0.05534	0.01187
23	0.02793	0.14281	0.08253	0.03132	0.08454	0.06540	0.17331	0.13925	0.02798	0.03645	0.02075	0.02708	0.01709	0.06295	0.01356	0.00359	0.01372	0.00958	0.00614	0.01402
24	0.02685	0.01399	0.01817	0.01552	0.02022	0.01297	0.01219	0.03341	0.07360	0.23706	0.33398	0.05833	0.06548	0.01739	0.01132	0.00323	0.00652	0.01499	0.01173	0.01305
25	0.01433	0.01088	0.01610	0.05902	0.02104	0.01215	0.01293	0.01764	0.01777	0.02473	0.03587	0.22370	0.03793	0.05820	0.37395	0.01171	0.01979	0.01652	0.00668	0.00907
26	0.01785	0.00982	0.01072	0.01049	0.01289	0.00960	0.00787	0.02265	0.02361	0.03906	0.18220	0.04890	0.04586	0.01446	0.00854	0.00262	0.00480	0.01206	0.50641	0.00960
27	0.01651	0.00978	0.01467	0.01467	0.01543	0.01054	0.01054	0.01543	0.01467	0.02032	0.02184	0.03499	0.02108	0.05283	0.27233	0.41667	0.01664	0.00978	0.00489	0.00641
28	0.02421	0.27272	0.23675	0.02866	0.04005	0.03084	0.16878	0.03193	0.02206	0.02941	0.01748	0.02134	0.01378	0.00907	0.00919	0.00290	0.01415	0.00804	0.00459	0.01403
29	0.01436	0.01062	0.01421	0.01369	0.01604	0.01047	0.01040	0.01869	0.02509	0.03521	0.38020	0.06845	0.11714	0.03692	0.17473	0.00693	0.01115	0.01672	0.00954	0.00945
30	0.07502	0.03193	0.04202	0.03204	0.04028	0.18358	0.25428	0.07993	0.02780	0.10083	0.02172	0.02507	0.01599	0.01004	0.01059	0.00315	0.01550	0.00972	0.00663	0.01388
31	0.03369	0.02602	0.03526	0.02647	0.03501	0.09156	0.16030	0.11694	0.02947	0.18659	0.02570	0.02695	0.01819	0.01038	0.01021	0.00289	0.01250	0.00946	0.00820	0.13422

[dist]
# distance from previous block
# <min> <max>
0	1

[block]
# block no. 2 follows, 14 sequences, length 9
# corresponding to MSA columns:
# 89-97
name=unknown_C
#
# <colnr> <probs for GDERKNQSTAVLIFYWHMCP>
#	G	D	E	R	K	N	Q	S	T	A	V	L	I	F	Y	W	H	M	C	P
0	0.03250	0.03783	0.03948	0.03150	0.03880	0.31031	0.19651	0.07891	0.07279	0.03238	0.02038	0.02377	0.01586	0.01033	0.01041	0.00303	0.01666	0.00911	0.00608	0.01336
1	0.71184	0.01985	0.01508	0.01350	0.01985	0.02302	0.01111	0.03017	0.01746	0.04604	0.01429	0.01667	0.01111	0.00953	0.00635	0.00318	0.00794	0.00556	0.00635	0.01111
2	0.02422	0.02768	0.06055	0.04325	0.05363	0.02595	0.53806	0.03287	0.02422	0.03287	0.02076	0.02768	0.01557	0.00865	0.01211	0.00346	0.01730	0.01211	0.00519	0.01384
3	0.03927	0.02027	0.02457	0.01972	0.02708	0.02028	0.01600	0.11665	0.18202	0.35997	0.03874	0.03452	0.02603	0.01300	0.01035	0.00325	0.00890	0.01054	0.01173	0.01712
4	0.02051	0.01279	0.01564	0.01458	0.01772	0.01223	0.01103	0.06303	0.02561	0.10648	0.18193	0.11034	0.12979	0.14867	0.02029	0.00487	0.00761	0.07677	0.00976	0.01036
5	0.12022	0.01823	0.02118	0.01584	0.02426	0.01532	0.01285	0.03330	0.02308	0.19139	0.02405	0.02455	0.01756	0.00931	0.00821	0.00221	0.00797	0.00722	0.00800	0.41526
6	0.02540	0.02438	0.04165	0.06299	0.57533	0.02438	0.03149	0.03149	0.02337	0.03353	0.01930	0.02540	0.01626	0.00914	0.01016	0.00305	0.01219	0.00914	0.00508	0.01626
7	0.04604	0.01746	0.02382	0.01826	0.02620	0.01508	0.01508	0.05001	0.02937	0.58244	0.04049	0.03493	0.02540	0.01270	0.01032	0.00318	0.00873	0.01032	0.01270	0.01746
8	0.03693	0.02362	0.03802	0.02806	0.03690	0.02276	0.19476	0.16037	0.03208	0.27221	0.03000	0.03002	0.02016	0.01123	0.01092	0.00325	0.01226	0.01068	0.00956	0.01622

[dist]
# distance from previous block
# <min> <max>
1	2

[block]
# block no. 3 follows, 14 sequences, length 56
# corresponding to MSA columns:
# 100-155
name=unknown_D
#
# <colnr> <probs for GDERKNQSTAVLIFYWHMCP>
#	G	D	E	R	K	N	Q	S	T	A	V	L	I	F	Y	W	H	M	C	P
0	0.03086	0.07709	0.03489	0.03451	0.19280	0.02486	0.05987	0.08114	0.16211	0.15104	0.02949	0.02998	0.02176	0.01128	0.01011	0.00314	0.01065	0.00992	0.00837	0.01615
1	0.19970	0.02046	0.02459	0.02156	0.02388	0.02624	0.01760	0.06326	0.01911	0.03337	0.02022	0.10195	0.02037	0.01725	0.02218	0.00400	0.33611	0.01079	0.00607	0.01128
2	0.02492	0.25326	0.16252	0.02525	0.03492	0.03064	0.10873	0.03759	0.15945	0.03225	0.02333	0.02508	0.01820	0.01029	0.00919	0.00297	0.01221	0.00862	0.00607	0.01451
3	0.08425	0.02346	0.04111	0.03955	0.18883	0.02340	0.19550	0.03527	0.02382	0.15260	0.02348	0.02728	0.01735	0.01055	0.01259	0.00335	0.06584	0.01009	0.00682	0.01486
4	0.02128	0.01824	0.02128	0.01520	0.02432	0.01368	0.01216	0.02584	0.02128	0.03344	0.01824	0.02128	0.01520	0.00760	0.00760	0.00152	0.00760	0.00608	0.00608	0.70208
5	0.01665	0.01086	0.01430	0.01342	0.01609	0.00996	0.01006	0.02116	0.02825	0.07944	0.48645	0.12207	0.08908	0.02135	0.01206	0.00331	0.00522	0.01888	0.01125	0.01013
6	0.01307	0.00934	0.01256	0.01494	0.01579	0.00883	0.01052	0.01528	0.02021	0.02684	0.05625	0.55947	0.06663	0.03161	0.01325	0.00425	0.00645	0.09671	0.00952	0.00849
7	0.02548	0.01272	0.01418	0.01274	0.01670	0.01265	0.00992	0.03305	0.08843	0.15140	0.03594	0.03757	0.02673	0.01235	0.00822	0.00269	0.00601	0.00997	0.47125	0.01201
8	0.03901	0.02874	0.03080	0.02361	0.03182	0.03182	0.01951	0.54111	0.04825	0.06468	0.02464	0.02464	0.01745	0.01232	0.01027	0.00308	0.01129	0.00924	0.01027	0.01745
9	0.03474	0.11689	0.02635	0.01703	0.02373	0.02044	0.01435	0.11970	0.02962	0.27097	0.07037	0.03393	0.02745	0.01247	0.00927	0.00286	0.00850	0.00983	0.13671	0.01477
10	0.01783	0.00891	0.01337	0.01337	0.01337	0.00891	0.00891	0.01337	0.01337	0.01783	0.01783	0.03119	0.01783	0.03565	0.04011	0.70143	0.00891	0.00891	0.00446	0.00446
11	0.03376	0.02965	0.03227	0.03385	0.17084	0.12007	0.02242	0.29109	0.03695	0.04778	0.02402	0.03051	0.01950	0.01239	0.01036	0.00312	0.01256	0.04514	0.00807	0.01566
12	0.07991	0.02341	0.02971	0.02382	0.02909	0.06593	0.06335	0.07314	0.02430	0.18981	0.02323	0.02586	0.01730	0.01335	0.01780	0.00348	0.21666	0.00903	0.00763	0.06320
13	0.02744	0.64552	0.05378	0.01756	0.02634	0.04061	0.01756	0.03073	0.02085	0.02414	0.01427	0.01646	0.01317	0.00878	0.00658	0.00219	0.01097	0.00549	0.00439	0.01317
14	0.71184	0.01985	0.01508	0.01350	0.01985	0.02302	0.01111	0.03017	0.01746	0.04604	0.01429	0.01667	0.01111	0.00953	0.00635	0.00318	0.00794	0.00556	0.00635	0.01111
15	0.03886	0.02652	0.02912	0.02260	0.03056	0.02884	0.01858	0.42734	0.08983	0.13802	0.02843	0.02732	0.01982	0.01251	0.01029	0.00313	0.01064	0.00960	0.01064	0.01735
16	0.20943	0.02086	0.02519	0.02040	0.02750	0.02175	0.06056	0.11340	0.10246	0.20675	0.03087	0.03423	0.02290	0.01274	0.00973	0.00334	0.00961	0.04398	0.00951	0.01478
17	0.01391	0.01047	0.01286	0.01226	0.01495	0.00942	0.00920	0.01817	0.02759	0.03770	0.45006	0.08234	0.21884	0.02227	0.01211	0.00329	0.00493	0.01936	0.01084	0.00942
18	0.01492	0.00995	0.01119	0.01119	0.01119	0.00995	0.00622	0.01492	0.01492	0.01990	0.03233	0.06716	0.03731	0.63935	0.05223	0.00995	0.00995	0.01492	0.00622	0.00622
19	0.03089	0.01891	0.02218	0.01907	0.02467	0.01963	0.01493	0.15236	0.15807	0.19305	0.04137	0.18718	0.03597	0.01791	0.01105	0.00348	0.00845	0.01524	0.01079	0.01482
20	0.66311	0.01967	0.01572	0.01384	0.02031	0.02244	0.01140	0.03162	0.01834	0.08530	0.01621	0.01801	0.01216	0.00976	0.00664	0.00318	0.00800	0.00591	0.00682	0.01158
21	0.71184	0.01985	0.01508	0.01350	0.01985	0.02302	0.01111	0.03017	0.01746	0.04604	0.01429	0.01667	0.01111	0.00953	0.00635	0.00318	0.00794	0.00556	0.00635	0.01111
22	0.01913	0.00956	0.00956	0.00956	0.01196	0.00956	0.00717	0.02391	0.02152	0.03826	0.03348	0.03826	0.02630	0.01196	0.00717	0.00239	0.00478	0.00956	0.69632	0.00956
23	0.02744	0.64552	0.05378	0.01756	0.02634	0.04061	0.01756	0.03073	0.02085	0.02414	0.01427	0.01646	0.01317	0.00878	0.00658	0.00219	0.01097	0.00549	0.00439	0.01317
24	0.03388	0.04046	0.03341	0.03903	0.21894	0.40054	0.02385	0.03771	0.02711	0.02801	0.01705	0.02088	0.01426	0.01008	0.00957	0.00278	0.01633	0.00748	0.00522	0.01340
25	0.16935	0.01766	0.02274	0.02136	0.06791	0.01757	0.05174	0.03395	0.07071	0.17764	0.08377	0.04861	0.10888	0.01530	0.01031	0.00337	0.00864	0.04805	0.00923	0.01321
26	0.02636	0.01311	0.01751	0.01492	0.01941	0.01171	0.01171	0.03087	0.02917	0.24435	0.37117	0.06099	0.07002	0.01787	0.01143	0.00321	0.00630	0.01547	0.01182	0.01260
27	0.02323	0.02253	0.03942	0.25141	0.35971	0.02396	0.07107	0.02979	0.02245	0.03096	0.01905	0.02626	0.01531	0.00949	0.01035	0.00321	0.01311	0.00937	0.00491	0.01439
28	0.01843	0.01547	0.02424	0.03363	0.22418	0.01527	0.01966	0.02265	0.02216	0.03020	0.04213	0.26032	0.04625	0.02255	0.01232	0.00391	0.00926	0.15792	0.00786	0.01159
29	0.01783	0.00891	0.01337	0.01337	0.01337	0.00891	0.00891	0.01337	0.01337	0.01783	0.01783	0.03119	0.01783	0.03565	0.04011	0.70143	0.00891	0.00891	0.00446	0.00446
30	0.03150	0.42325	0.04458	0.02087	0.02835	0.24833	0.01840	0.03455	0.02392	0.02451	0.01486	0.01722	0.01319	0.00945	0.00758	0.00236	0.01378	0.00591	0.00472	0.01270
31	0.01250	0.00893	0.01191	0.01429	0.01488	0.00834	0.00953	0.01429	0.01965	0.02620	0.05656	0.63265	0.06787	0.03215	0.01310	0.00417	0.00595	0.02917	0.00953	0.00834
32	0.17340	0.01945	0.02755	0.02103	0.02902	0.01825	0.09187	0.04358	0.02627	0.39572	0.03242	0.03027	0.02114	0.01148	0.00981	0.00322	0.00985	0.00965	0.01034	0.01568
33	0.03097	0.02475	0.02627	0.02199	0.02876	0.02807	0.01756	0.25113	0.35132	0.05171	0.03485	0.03277	0.02572	0.01327	0.01037	0.00332	0.00940	0.01065	0.01037	0.01673
34	0.08800	0.04524	0.03023	0.02664	0.03237	0.51478	0.05550	0.03960	0.02787	0.02723	0.01609	0.01901	0.01323	0.01036	0.00924	0.00274	0.01763	0.00692	0.00536	0.01197
35	0.02442	0.02682	0.05483	0.03982	0.04950	0.02589	0.45806	0.03619	0.10587	0.03441	0.02398	0.02931	0.01799	0.00946	0.01185	0.00346	0.01589	0.01203	0.00600	0.01421
36	0.03355	0.02216	0.03204	0.02420	0.03255	0.02132	0.12380	0.12066	0.10910	0.22217	0.03069	0.03022	0.02144	0.01120	0.01028	0.00301	0.01064	0.01006	0.00941	0.12149
37	0.02209	0.02108	0.03457	0.02725	0.03378	0.02153	0.20896	0.03711	0.22205	0.03782	0.13873	0.07785	0.04055	0.01445	0.01155	0.00346	0.01077	0.01422	0.00860	0.01358
38	0.02346	0.02633	0.05688	0.04088	0.05063	0.02468	0.49667	0.03181	0.02460	0.03352	0.06378	0.03152	0.02194	0.00962	0.01211	0.00344	0.01633	0.01262	0.00567	0.01352
39	0.01417	0.01048	0.01322	0.01254	0.01511	0.00953	0.00940	0.01868	0.02821	0.03916	0.50079	0.07994	0.16720	0.02172	0.01211	0.00326	0.00489	0.01902	0.01103	0.00953
40	0.04604	0.01746	0.02382	0.01826	0.02620	0.01508	0.01508	0.05001	0.02937	0.58244	0.04049	0.03493	0.02540	0.01270	0.01032	0.00318	0.00873	0.01032	0.01270	0.01746
41	0.02684	0.02094	0.03946	0.03280	0.07980	0.01961	0.24986	0.03308	0.02488	0.15181	0.03372	0.08383	0.02950	0.01487	0.01203	0.00366	0.01280	0.10898	0.00792	0.01362
42	0.02245	0.02245	0.03143	0.02694	0.02694	0.03143	0.02245	0.02470	0.01572	0.02470	0.01347	0.02245	0.01347	0.01796	0.03368	0.00449	0.62057	0.00898	0.00449	0.01123
43	0.03129	0.51547	0.04757	0.01770	0.02631	0.03532	0.01705	0.03472	0.02262	0.13975	0.01970	0.02029	0.01570	0.00959	0.00736	0.00240	0.01051	0.00649	0.00611	0.01406
44	0.13894	0.02064	0.06412	0.01846	0.02619	0.01758	0.01611	0.07760	0.02766	0.38568	0.03506	0.07426	0.02493	0.01341	0.00989	0.00325	0.00907	0.01072	0.01074	0.01569
45	0.02488	0.01813	0.02165	0.01564	0.02459	0.01388	0.01258	0.02935	0.02246	0.11321	0.02147	0.02326	0.01668	0.00834	0.00800	0.00176	0.00776	0.00670	0.00704	0.60260
46	0.01324	0.01044	0.01194	0.01156	0.01454	0.00914	0.00867	0.01688	0.02602	0.03396	0.32030	0.08850	0.35093	0.02366	0.01212	0.00335	0.00503	0.02022	0.01035	0.00914
47	0.02030	0.01918	0.03245	0.53008	0.14807	0.02304	0.02896	0.02703	0.02096	0.02734	0.01840	0.02706	0.01407	0.01009	0.01024	0.00336	0.01345	0.00912	0.00464	0.01214
48	0.02435	0.02550	0.08071	0.02949	0.03320	0.02862	0.11805	0.02868	0.01876	0.06764	0.01719	0.02426	0.01469	0.01520	0.02608	0.00411	0.41623	0.00954	0.00521	0.01248
49	0.01773	0.01070	0.01369	0.01415	0.01652	0.01018	0.01095	0.02177	0.02403	0.07265	0.18183	0.20240	0.06112	0.02256	0.01155	0.00358	0.00636	0.12420	0.16420	0.00984
50	0.03335	0.01487	0.01887	0.01562	0.02061	0.01375	0.01188	0.03774	0.05685	0.33806	0.03757	0.04500	0.02939	0.19942	0.02256	0.00515	0.00874	0.01171	0.06543	0.01341
51	0.01859	0.01094	0.01495	0.01439	0.01533	0.01148	0.01002	0.05572	0.01681	0.02274	0.02184	0.03692	0.02164	0.12046	0.12975	0.44433	0.01224	0.01007	0.00531	0.00647
52	0.01753	0.01090	0.01224	0.01178	0.01513	0.00981	0.00911	0.02128	0.02431	0.08103	0.14847	0.07531	0.27890	0.02060	0.01082	0.00321	0.00561	0.04735	0.18674	0.00987
53	0.02420	0.02310	0.07404	0.10747	0.12362	0.01921	0.09409	0.03039	0.02266	0.08020	0.02072	0.02486	0.01594	0.00895	0.00940	0.00256	0.01118	0.00831	0.00604	0.29305
54	0.02255	0.03355	0.21111	0.03362	0.04448	0.02389	0.27018	0.03110	0.02238	0.03223	0.01913	0.02452	0.01458	0.00952	0.01233	0.00318	0.06023	0.00961	0.00501	0.11677
55	0.01606	0.01196	0.01642	0.01734	0.01942	0.01232	0.01439	0.02042	0.02438	0.03306	0.20554	0.13597	0.06773	0.02569	0.01487	0.00422	0.05156	0.28943	0.00965	0.00956

[dist]
# distance from previous block
# <min> <max>
0	1

[block]
# block no. 4 follows, 14 sequences, length 61
# corresponding to MSA columns:
# 157-217
name=unknown_E
#
# <colnr> <probs for GDERKNQSTAVLIFYWHMCP>
#	G	D	E	R	K	N	Q	S	T	A	V	L	I	F	Y	W	H	M	C	P
0	0.12531	0.04324	0.02744	0.02450	0.03020	0.47011	0.01867	0.08711	0.02940	0.03158	0.01649	0.01885	0.01335	0.01061	0.00897	0.00275	0.01646	0.00672	0.00590	0.01232
1	0.01412	0.01024	0.01366	0.01582	0.01740	0.00979	0.01223	0.01718	0.02161	0.02818	0.05996	0.37283	0.11003	0.03004	0.01345	0.00433	0.00731	0.22349	0.00950	0.00882
2	0.01250	0.00893	0.01191	0.01429	0.01488	0.00834	0.00953	0.01429	0.01965	0.02620	0.05656	0.63265	0.06787	0.03215	0.01310	0.00417	0.00595	0.02917	0.00953	0.00834
3	0.01627	0.01069	0.01306	0.01252	0.01536	0.00966	0.00936	0.02022	0.02611	0.07215	0.32548	0.13287	0.19220	0.02192	0.01165	0.00330	0.00529	0.01901	0.07308	0.00981
4	0.02553	0.02204	0.02320	0.02088	0.02669	0.02553	0.01624	0.05453	0.55679	0.04293	0.04177	0.03829	0.03133	0.01392	0.01044	0.00348	0.00812	0.01160	0.01044	0.01624
5	0.71184	0.01985	0.01508	0.01350	0.01985	0.02302	0.01111	0.03017	0.01746	0.04604	0.01429	0.01667	0.01111	0.00953	0.00635	0.00318	0.00794	0.00556	0.00635	0.01111
6	0.10844	0.02783	0.02918	0.02257	0.03059	0.03092	0.01864	0.48839	0.04507	0.06275	0.02357	0.02382	0.01680	0.01203	0.00986	0.00309	0.01095	0.00886	0.00986	0.01680
7	0.01783	0.00891	0.01337	0.01337	0.01337	0.00891	0.00891	0.01337	0.01337	0.01783	0.01783	0.03119	0.01783	0.03565	0.04011	0.70143	0.00891	0.00891	0.00446	0.00446
8	0.02744	0.64552	0.05378	0.01756	0.02634	0.04061	0.01756	0.03073	0.02085	0.02414	0.01427	0.01646	0.01317	0.00878	0.00658	0.00219	0.01097	0.00549	0.00439	0.01317
9	0.02402	0.02297	0.03916	0.18968	0.45945	0.02402	0.03081	0.03028	0.02271	0.03185	0.01906	0.02585	0.01566	0.00940	0.01018	0.00313	0.01253	0.00914	0.00496	0.01514
10	0.02553	0.02204	0.02320	0.02088	0.02669	0.02553	0.01624	0.05453	0.55679	0.04293	0.04177	0.03829	0.03133	0.01392	0.01044	0.00348	0.00812	0.01160	0.01044	0.01624
11	0.01332	0.00949	0.01189	0.01311	0.01402	0.00892	0.00866	0.01518	0.02014	0.02695	0.12623	0.38661	0.10032	0.17033	0.02193	0.00532	0.00667	0.02387	0.00901	0.00806
12	0.02212	0.02104	0.03573	0.36361	0.30035	0.02352	0.02986	0.02862	0.02182	0.02954	0.01872	0.02647	0.01485	0.00975	0.01021	0.00325	0.01300	0.00913	0.00480	0.01361
13	0.01469	0.01089	0.01595	0.01595	0.01759	0.01253	0.01215	0.01797	0.01633	0.02342	0.02799	0.04308	0.02686	0.13500	0.54229	0.01582	0.02568	0.01140	0.00557	0.00886
14	0.01783	0.00891	0.01337	0.01337	0.01337	0.00891	0.00891	0.01337	0.01337	0.01783	0.01783	0.03119	0.01783	0.03565	0.04011	0.70143	0.00891	0.00891	0.00446	0.00446
15	0.02744	0.64552	0.05378	0.01756	0.02634	0.04061	0.01756	0.03073	0.02085	0.02414	0.01427	0.01646	0.01317	0.00878	0.00658	0.00219	0.01097	0.00549	0.00439	0.01317
16	0.02416	0.01602	0.01844	0.01728	0.02148	0.01696	0.01307	0.03835	0.25333	0.12336	0.04523	0.21935	0.04103	0.01909	0.01090	0.00353	0.00721	0.01656	0.08130	0.01333
17	0.01938	0.01824	0.03078	0.61468	0.07068	0.02280	0.02850	0.02622	0.02052	0.02622	0.01824	0.02736	0.01368	0.01026	0.01026	0.00342	0.01368	0.00912	0.00456	0.01140
18	0.03031	0.02757	0.04500	0.03321	0.04228	0.02828	0.27935	0.23990	0.08452	0.04665	0.02432	0.02746	0.01783	0.01063	0.01121	0.00331	0.01401	0.01090	0.00774	0.01553
19	0.02325	0.01888	0.02437	0.01750	0.02662	0.01469	0.05133	0.02807	0.02207	0.07230	0.02000	0.02272	0.01595	0.00804	0.00813	0.00178	0.00840	0.00683	0.00648	0.60258
20	0.03144	0.03445	0.02592	0.02345	0.02901	0.28999	0.01790	0.04827	0.31307	0.03470	0.02980	0.02915	0.02296	0.01238	0.00989	0.00309	0.01292	0.00930	0.00806	0.01424
21	0.02384	0.01816	0.02154	0.01552	0.02451	0.01382	0.01246	0.02833	0.02211	0.09009	0.02054	0.02269	0.01625	0.00813	0.00788	0.00169	0.00772	0.00652	0.00676	0.63144
22	0.03432	0.01550	0.02047	0.01669	0.02267	0.01403	0.01340	0.04029	0.06541	0.36834	0.21382	0.04881	0.04918	0.01549	0.01091	0.00321	0.00742	0.01310	0.01209	0.01483
23	0.02292	0.02211	0.02587	0.02318	0.02463	0.08372	0.01843	0.07053	0.02111	0.02878	0.02634	0.18668	0.02847	0.02051	0.02348	0.00408	0.33742	0.01420	0.00645	0.01108
24	0.02426	0.02227	0.03101	0.02765	0.07157	0.02408	0.11873	0.04539	0.36523	0.04011	0.08402	0.03875	0.03309	0.01318	0.01090	0.00342	0.00992	0.01215	0.00910	0.01518
25	0.18234	0.02031	0.03409	0.02593	0.03302	0.01990	0.22647	0.03017	0.02443	0.08811	0.16904	0.03900	0.03733	0.01254	0.01062	0.00331	0.01100	0.01217	0.00779	0.01242
26	0.02536	0.02640	0.05558	0.03978	0.04992	0.02444	0.46956	0.03344	0.02433	0.06663	0.02180	0.02768	0.01615	0.00883	0.01169	0.00331	0.01610	0.01158	0.00571	0.06172
27	0.01307	0.00933	0.01256	0.01493	0.01578	0.00882	0.01051	0.01527	0.02020	0.02683	0.05625	0.56023	0.06664	0.03162	0.01325	0.00425	0.00644	0.09601	0.00952	0.00849
28	0.02128	0.01824	0.02128	0.01520	0.02432	0.01368	0.01216	0.02584	0.02128	0.03344	0.01824	0.02128	0.01520	0.00760	0.00760	0.00152	0.00760	0.00608	0.00608	0.70208
29	0.02123	0.10938	0.53559	0.02814	0.04270	0.02543	0.03598	0.03233	0.02159	0.03171	0.01802	0.02117	0.01302	0.00966	0.00945	0.00315	0.01477	0.00738	0.00434	0.01498
30	0.01995	0.01882	0.03181	0.56226	0.11863	0.02295	0.02878	0.02672	0.02079	0.02691	0.01834	0.02717	0.01392	0.01015	0.01025	0.00338	0.01354	0.00912	0.00461	0.01186
31	0.01662	0.01007	0.01183	0.01139	0.01379	0.00963	0.00854	0.02144	0.02562	0.03983	0.32561	0.05917	0.06471	0.01687	0.00986	0.00285	0.00481	0.01446	0.32327	0.00963
32	0.01466	0.01100	0.01649	0.01649	0.01833	0.01283	0.01283	0.01833	0.01649	0.02382	0.02749	0.04032	0.02566	0.07697	0.59868	0.01649	0.02749	0.01100	0.00550	0.00916
33	0.04604	0.01746	0.02382	0.01826	0.02620	0.01508	0.01508	0.05001	0.02937	0.58244	0.04049	0.03493	0.02540	0.01270	0.01032	0.00318	0.00873	0.01032	0.01270	0.01746
34	0.01470	0.01050	0.01443	0.01680	0.01836	0.01023	0.01334	0.01809	0.02181	0.02866	0.05535	0.35116	0.06307	0.03008	0.01368	0.00447	0.00786	0.28898	0.00948	0.00894
35	0.03010	0.50373	0.04849	0.01895	0.02760	0.03859	0.01801	0.14806	0.02715	0.03346	0.01665	0.01834	0.01415	0.00959	0.00743	0.00240	0.01105	0.00635	0.00574	0.01415
36	0.01572	0.01110	0.01364	0.01354	0.01585	0.01086	0.00993	0.02215	0.07601	0.03748	0.32887	0.19619	0.07441	0.02167	0.01151	0.00336	0.00540	0.01914	0.10319	0.00998
37	0.02510	0.02369	0.02896	0.20622	0.13048	0.08290	0.02256	0.07062	0.18225	0.03584	0.06461	0.03265	0.02540	0.01208	0.01032	0.00326	0.01151	0.01027	0.00731	0.01396
38	0.08796	0.14852	0.13283	0.02464	0.03076	0.02867	0.06903	0.02785	0.01878	0.02864	0.01668	0.02291	0.01455	0.01917	0.07793	0.00484	0.22090	0.00822	0.00479	0.01231
39	0.02443	0.17162	0.11236	0.02140	0.03106	0.07563	0.06769	0.02995	0.02222	0.03035	0.01737	0.02058	0.01428	0.00854	0.00825	0.00220	0.01135	0.00677	0.00529	0.31865
40	0.01250	0.00893	0.01191	0.01429	0.01488	0.00834	0.00953	0.01429	0.01965	0.02620	0.05656	0.63265	0.06787	0.03215	0.01310	0.00417	0.00595	0.02917	0.00953	0.00834
41	0.01653	0.01021	0.01378	0.01534	0.01695	0.00952	0.01108	0.01895	0.02121	0.08423	0.05459	0.49855	0.06226	0.02961	0.01296	0.00414	0.00673	0.09407	0.00984	0.00943
42	0.01452	0.01049	0.01372	0.01291	0.01533	0.00968	0.00968	0.01937	0.02905	0.04115	0.56992	0.07666	0.09683	0.02098	0.01210	0.00323	0.00484	0.01856	0.01130	0.00968
43	0.01439	0.01038	0.01257	0.01203	0.01468	0.00944	0.00902	0.01871	0.02706	0.03779	0.41357	0.07827	0.19992	0.02132	0.01166	0.00321	0.00492	0.01846	0.07317	0.00944
44	0.64313	0.01960	0.01598	0.01399	0.02050	0.02220	0.01152	0.03221	0.01869	0.10139	0.01699	0.01855	0.01259	0.00985	0.00676	0.00318	0.00802	0.00605	0.00701	0.01177
45	0.02359	0.01879	0.01996	0.01844	0.02331	0.02132	0.01442	0.04597	0.41051	0.04112	0.04097	0.04374	0.03226	0.01454	0.01004	0.00335	0.00754	0.04602	0.14970	0.01441
46	0.04604	0.01746	0.02382	0.01826	0.02620	0.01508	0.01508	0.05001	0.02937	0.58244	0.04049	0.03493	0.02540	0.01270	0.01032	0.00318	0.00873	0.01032	0.01270	0.01746
47	0.02573	0.38999	0.24391	0.02240	0.03323	0.07382	0.02506	0.03209	0.02172	0.02722	0.01587	0.01848	0.01311	0.00926	0.00791	0.00261	0.01302	0.00632	0.00443	0.01380
48	0.01938	0.01824	0.03078	0.61468	0.07068	0.02280	0.02850	0.02622	0.02052	0.02622	0.01824	0.02736	0.01368	0.01026	0.01026	0.00342	0.01368	0.00912	0.00456	0.01140
49	0.02739	0.02781	0.03721	0.07082	0.03787	0.11869	0.16238	0.11842	0.02744	0.03559	0.07100	0.02913	0.02263	0.01298	0.01607	0.00347	0.15123	0.01042	0.00646	0.01299
50	0.01227	0.00986	0.01095	0.01183	0.01424	0.00854	0.00843	0.01457	0.02201	0.02716	0.08649	0.29557	0.38564	0.02826	0.01249	0.00372	0.00548	0.02443	0.00953	0.00854
51	0.02256	0.02423	0.04640	0.03517	0.04119	0.02618	0.31776	0.02845	0.02096	0.02953	0.02158	0.08094	0.01963	0.01390	0.01941	0.00387	0.21779	0.01262	0.00535	0.01247
52	0.02107	0.01207	0.01503	0.01337	0.01739	0.01062	0.01035	0.02502	0.02739	0.16200	0.30495	0.07379	0.22565	0.02060	0.01170	0.00329	0.00585	0.01761	0.01108	0.01117
53	0.01427	0.01009	0.01324	0.01379	0.01458	0.01060	0.00933	0.01599	0.01657	0.02275	0.03620	0.18817	0.04022	0.29926	0.23745	0.01094	0.01526	0.01682	0.00673	0.00775
54	0.03269	0.12584	0.02941	0.02251	0.02736	0.41649	0.01712	0.03496	0.02544	0.02406	0.01853	0.02677	0.01745	0.12082	0.01643	0.00386	0.01594	0.00791	0.00532	0.01108
55	0.01362	0.00976	0.01307	0.01471	0.01602	0.00921	0.01069	0.01659	0.02246	0.03038	0.17472	0.42089	0.07314	0.02896	0.01304	0.00404	0.00626	0.10370	0.00992	0.00883
56	0.12651	0.02999	0.03554	0.02795	0.03554	0.13923	0.16776	0.13925	0.12197	0.04129	0.02333	0.02558	0.01761	0.01080	0.01008	0.00319	0.01343	0.00945	0.00730	0.01422
57	0.03206	0.03470	0.03881	0.07448	0.04106	0.26932	0.19289	0.03897	0.06339	0.08198	0.02181	0.02516	0.01645	0.01034	0.01047	0.00308	0.01610	0.00933	0.00626	0.01334
58	0.02128	0.01824	0.02128	0.01520	0.02432	0.01368	0.01216	0.02584	0.02128	0.03344	0.01824	0.02128	0.01520	0.00760	0.00760	0.00152	0.00760	0.00608	0.00608	0.70208
59	0.12192	0.07293	0.04603	0.03273	0.04141	0.06452	0.31357	0.03610	0.10268	0.03505	0.02218	0.02628	0.01696	0.00970	0.01046	0.00328	0.01423	0.01026	0.00608	0.01364
60	0.02690	0.02281	0.04266	0.03171	0.03996	0.02181	0.30340	0.03705	0.09977	0.13104	0.10104	0.03701	0.03041	0.01175	0.01157	0.00338	0.01286	0.01260	0.00805	0.01425

[dist]
# distance from previous block
# <min> <max>
0	1

[block]
# block no. 5 follows, 14 sequences, length 41
# corresponding to MSA columns:
# 219-259
name=unknown_F
#
# <colnr> <probs for GDERKNQSTAVLIFYWHMCP>
#	G	D	E	R	K	N	Q	S	T	A	V	L	I	F	Y	W	H	M	C	P
0	0.01404	0.01065	0.01392	0.01392	0.01586	0.01120	0.01030	0.01676	0.01804	0.02415	0.04863	0.06065	0.17236	0.16482	0.34470	0.01186	0.01842	0.01453	0.00670	0.00850
1	0.02494	0.02391	0.04082	0.10538	0.53655	0.02426	0.03126	0.03109	0.02315	0.03296	0.01922	0.02555	0.01606	0.00923	0.01017	0.00308	0.01231	0.00914	0.00504	0.01588
2	0.02894	0.07023	0.03784	0.02792	0.03568	0.06817	0.16463	0.14524	0.22816	0.04198	0.02860	0.02960	0.02151	0.01151	0.01053	0.00324	0.01229	0.01049	0.00814	0.01529
3	0.01254	0.00944	0.01162	0.01313	0.01464	0.00852	0.00907	0.01476	0.02133	0.02766	0.10549	0.44836	0.20685	0.02969	0.01276	0.00391	0.00567	0.02638	0.00965	0.00852
4	0.02826	0.02131	0.06929	0.02434	0.03154	0.01844	0.12680	0.03360	0.02368	0.19938	0.03058	0.07100	0.02497	0.01782	0.05075	0.00416	0.06506	0.04580	0.00806	0.10516
5	0.03901	0.02874	0.03080	0.02361	0.03182	0.03182	0.01951	0.54111	0.04825	0.06468	0.02464	0.02464	0.01745	0.01232	0.01027	0.00308	0.01129	0.00924	0.01027	0.01745
6	0.02206	0.02074	0.03169	0.02264	0.03209	0.01693	0.15157	0.02770	0.02206	0.03329	0.01891	0.02298	0.01530	0.00788	0.00880	0.00203	0.01017	0.00768	0.00584	0.51964
7	0.01250	0.00893	0.01191	0.01429	0.01488	0.00834	0.00953	0.01429	0.01965	0.02620	0.05656	0.63265	0.06787	0.03215	0.01310	0.00417	0.00595	0.02917	0.00953	0.00834
8	0.02540	0.02438	0.04165	0.06299	0.57533	0.02438	0.03149	0.03149	0.02337	0.03353	0.01930	0.02540	0.01626	0.00914	0.01016	0.00305	0.01219	0.00914	0.00508	0.01626
9	0.01588	0.01005	0.01450	0.01450	0.01536	0.01092	0.01033	0.01594	0.01508	0.02097	0.02464	0.04110	0.02455	0.14946	0.30462	0.27130	0.01781	0.01083	0.00522	0.00694
10	0.02422	0.02768	0.06055	0.04325	0.05363	0.02595	0.53806	0.03287	0.02422	0.03287	0.02076	0.02768	0.01557	0.00865	0.01211	0.00346	0.01730	0.01211	0.00519	0.01384
11	0.02553	0.02204	0.02320	0.02088	0.02669	0.02553	0.01624	0.05453	0.55679	0.04293	0.04177	0.03829	0.03133	0.01392	0.01044	0.00348	0.00812	0.01160	0.01044	0.01624
12	0.01938	0.01824	0.03078	0.61468	0.07068	0.02280	0.02850	0.02622	0.02052	0.02622	0.01824	0.02736	0.01368	0.01026	0.01026	0.00342	0.01368	0.00912	0.00456	0.01140
13	0.01959	0.01046	0.01054	0.01038	0.01301	0.01071	0.00783	0.02611	0.05997	0.03859	0.03407	0.03826	0.02666	0.01210	0.00741	0.00247	0.00502	0.00971	0.64705	0.01004
14	0.01389	0.01034	0.01292	0.01255	0.01501	0.00937	0.00931	0.01803	0.02715	0.03727	0.43585	0.12918	0.18542	0.02291	0.01219	0.00335	0.00501	0.02008	0.01080	0.00937
15	0.04007	0.02006	0.02457	0.01960	0.02705	0.01983	0.01594	0.11499	0.16180	0.38216	0.03874	0.03442	0.02583	0.01295	0.01034	0.00324	0.00891	0.01050	0.01183	0.01716
16	0.02290	0.01346	0.01542	0.01397	0.01783	0.01364	0.01079	0.03258	0.13499	0.11421	0.17835	0.04799	0.04591	0.01486	0.00958	0.00294	0.00603	0.01247	0.28002	0.01205
17	0.01492	0.00995	0.01119	0.01119	0.01119	0.00995	0.00622	0.01492	0.01492	0.01990	0.03233	0.06716	0.03731	0.63935	0.05223	0.00995	0.00995	0.01492	0.00622	0.00622
18	0.02128	0.01824	0.02128	0.01520	0.02432	0.01368	0.01216	0.02584	0.02128	0.03344	0.01824	0.02128	0.01520	0.00760	0.00760	0.00152	0.00760	0.00608	0.00608	0.70208
19	0.02744	0.64552	0.05378	0.01756	0.02634	0.04061	0.01756	0.03073	0.02085	0.02414	0.01427	0.01646	0.01317	0.00878	0.00658	0.00219	0.01097	0.00549	0.00439	0.01317
20	0.02728	0.02350	0.03916	0.12649	0.39088	0.02399	0.06156	0.06794	0.02530	0.08236	0.02147	0.02657	0.01676	0.00979	0.01032	0.00314	0.01235	0.00944	0.00604	0.01566
21	0.03011	0.02496	0.03070	0.03298	0.17388	0.02738	0.02140	0.21515	0.24114	0.04789	0.02994	0.03019	0.02258	0.01211	0.01031	0.00323	0.01029	0.01014	0.00896	0.01666
22	0.71184	0.01985	0.01508	0.01350	0.01985	0.02302	0.01111	0.03017	0.01746	0.04604	0.01429	0.01667	0.01111	0.00953	0.00635	0.00318	0.00794	0.00556	0.00635	0.01111
23	0.01476	0.01060	0.01451	0.01451	0.01566	0.01175	0.01036	0.01705	0.01591	0.02236	0.02930	0.05034	0.03001	0.28702	0.39458	0.01405	0.02094	0.01246	0.00577	0.00806
24	0.01250	0.00893	0.01191	0.01429	0.01488	0.00834	0.00953	0.01429	0.01965	0.02620	0.05656	0.63265	0.06787	0.03215	0.01310	0.00417	0.00595	0.02917	0.00953	0.00834
25	0.01380	0.01036	0.01278	0.01238	0.01494	0.00934	0.00921	0.01789	0.02703	0.03685	0.42108	0.11847	0.21229	0.02295	0.01217	0.00335	0.00500	0.02002	0.01074	0.00934
26	0.63889	0.02081	0.01679	0.01459	0.02114	0.02398	0.01202	0.08556	0.02080	0.04806	0.01541	0.01753	0.01180	0.00983	0.00678	0.00316	0.00830	0.00596	0.00678	0.01180
27	0.03901	0.02874	0.03080	0.02361	0.03182	0.03182	0.01951	0.54111	0.04825	0.06468	0.02464	0.02464	0.01745	0.01232	0.01027	0.00308	0.01129	0.00924	0.01027	0.01745
28	0.01234	0.01040	0.01068	0.01061	0.01399	0.00875	0.00796	0.01513	0.02388	0.02889	0.14442	0.09684	0.52998	0.02555	0.01213	0.00344	0.00517	0.02139	0.00968	0.00875
29	0.02058	0.05308	0.58618	0.02925	0.04442	0.02383	0.03792	0.03250	0.02167	0.03250	0.01842	0.02167	0.01300	0.00975	0.00975	0.00325	0.01517	0.00758	0.00433	0.01517
30	0.71184	0.01985	0.01508	0.01350	0.01985	0.02302	0.01111	0.03017	0.01746	0.04604	0.01429	0.01667	0.01111	0.00953	0.00635	0.00318	0.00794	0.00556	0.00635	0.01111
31	0.01938	0.01824	0.03078	0.61468	0.07068	0.02280	0.02850	0.02622	0.02052	0.02622	0.01824	0.02736	0.01368	0.01026	0.01026	0.00342	0.01368	0.00912	0.00456	0.01140
32	0.01452	0.01049	0.01372	0.01291	0.01533	0.00968	0.00968	0.01937	0.02905	0.04115	0.56992	0.07666	0.09683	0.02098	0.01210	0.00323	0.00484	0.01856	0.01130	0.00968
33	0.11823	0.01772	0.02287	0.01774	0.02551	0.01594	0.01465	0.04786	0.02808	0.52428	0.03765	0.03295	0.02385	0.01236	0.00989	0.00318	0.00865	0.00980	0.01201	0.01678
34	0.01452	0.01049	0.01372	0.01291	0.01533	0.00968	0.00968	0.01937	0.02905	0.04115	0.56992	0.07666	0.09683	0.02098	0.01210	0.00323	0.00484	0.01856	0.01130	0.00968
35	0.02872	0.02811	0.04198	0.03212	0.03859	0.07303	0.21442	0.16590	0.02855	0.03839	0.01934	0.02469	0.01529	0.01241	0.01752	0.00359	0.18704	0.01004	0.00634	0.01391
36	0.02264	0.02302	0.03459	0.02871	0.02984	0.03084	0.07836	0.02558	0.01664	0.02558	0.01426	0.02302	0.01370	0.01695	0.03134	0.00438	0.55516	0.00932	0.00457	0.01151
37	0.01399	0.01008	0.01324	0.01328	0.01521	0.00933	0.00964	0.01802	0.02656	0.03719	0.43384	0.22404	0.08915	0.02394	0.01237	0.00348	0.00514	0.02137	0.01083	0.00933
38	0.02823	0.04277	0.37798	0.02656	0.03910	0.02500	0.03056	0.16922	0.02955	0.10066	0.02246	0.02389	0.01552	0.01075	0.00995	0.00320	0.01344	0.00832	0.00681	0.01602
39	0.02502	0.43704	0.24113	0.02167	0.03270	0.03470	0.02472	0.03135	0.02114	0.02708	0.01573	0.01829	0.01311	0.00912	0.00770	0.00257	0.01245	0.00622	0.00437	0.01387
40	0.03438	0.09971	0.03697	0.02643	0.03420	0.21250	0.12024	0.12033	0.02988	0.11004	0.02163	0.02354	0.01618	0.01038	0.00972	0.00282	0.01418	0.00847	0.00706	0.06136

[dist]
# distance from previous block
# <min> <max>
0	2

[block]
# block no. 6 follows, 14 sequences, length 14
# corresponding to MSA columns:
# 262-275
name=unknown_G
#
# <colnr> <probs for GDERKNQSTAVLIFYWHMCP>
#	G	D	E	R	K	N	Q	S	T	A	V	L	I	F	Y	W	H	M	C	P
0	0.02071	0.01913	0.03451	0.02786	0.03354	0.01855	0.22769	0.07758	0.02514	0.03366	0.03826	0.23608	0.03981	0.01986	0.01258	0.00386	0.01173	0.09993	0.00782	0.01171
1	0.02664	0.02504	0.04717	0.05209	0.33858	0.02421	0.21680	0.03350	0.02417	0.07781	0.02156	0.02701	0.01675	0.00925	0.01089	0.00321	0.01379	0.01033	0.00574	0.01546
2	0.03513	0.19230	0.08288	0.02194	0.03085	0.03173	0.02008	0.31286	0.03683	0.10487	0.02302	0.02330	0.01677	0.01121	0.00926	0.00287	0.01127	0.00822	0.00847	0.01613
3	0.02744	0.02370	0.03989	0.05856	0.52095	0.02346	0.02987	0.03333	0.02396	0.08788	0.02140	0.02634	0.01716	0.00950	0.01018	0.00306	0.01185	0.00926	0.00583	0.01637
4	0.03833	0.04891	0.02908	0.02644	0.03173	0.59815	0.01983	0.04098	0.02908	0.02512	0.01586	0.01851	0.01322	0.01058	0.00925	0.00264	0.01851	0.00661	0.00529	0.01190
5	0.01492	0.00995	0.01119	0.01119	0.01119	0.00995	0.00622	0.01492	0.01492	0.01990	0.03233	0.06716	0.03731	0.63935	0.05223	0.00995	0.00995	0.01492	0.00622	0.00622
6	0.02553	0.02204	0.02320	0.02088	0.02669	0.02553	0.01624	0.05453	0.55679	0.04293	0.04177	0.03829	0.03133	0.01392	0.01044	0.00348	0.00812	0.01160	0.01044	0.01624
7	0.01492	0.00995	0.01119	0.01119	0.01119	0.00995	0.00622	0.01492	0.01492	0.01990	0.03233	0.06716	0.03731	0.63935	0.05223	0.00995	0.00995	0.01492	0.00622	0.00622
8	0.02540	0.02438	0.04165	0.06299	0.57533	0.02438	0.03149	0.03149	0.02337	0.03353	0.01930	0.02540	0.01626	0.00914	0.01016	0.00305	0.01219	0.00914	0.00508	0.01626
9	0.01913	0.00956	0.00956	0.00956	0.01196	0.00956	0.00717	0.02391	0.02152	0.03826	0.03348	0.03826	0.02630	0.01196	0.00717	0.00239	0.00478	0.00956	0.69632	0.00956
10	0.02245	0.02245	0.03143	0.02694	0.02694	0.03143	0.02245	0.02470	0.01572	0.02470	0.01347	0.02245	0.01347	0.01796	0.03368	0.00449	0.62057	0.00898	0.00449	0.01123
11	0.01938	0.01824	0.03078	0.61468	0.07068	0.02280	0.02850	0.02622	0.02052	0.02622	0.01824	0.02736	0.01368	0.01026	0.01026	0.00342	0.01368	0.00912	0.00456	0.01140
12	0.09168	0.11373	0.25978	0.02201	0.03091	0.02288	0.02387	0.02738	0.02021	0.03100	0.02438	0.13841	0.02361	0.01446	0.01149	0.00326	0.06251	0.01128	0.00569	0.06145
13	0.23536	0.13793	0.19290	0.02578	0.03599	0.02696	0.14664	0.03157	0.02085	0.03533	0.01700	0.02069	0.01307	0.00925	0.00873	0.00310	0.01274	0.00769	0.00517	0.01326

[dist]
# distance from previous block
# <min> <max>
0	3

[block]
# block no. 7 follows, 14 sequences, length 44
# corresponding to MSA columns:
# 279-322
name=unknown_H
#
# <colnr> <probs for GDERKNQSTAVLIFYWHMCP>
#	G	D	E	R	K	N	Q	S	T	A	V	L	I	F	Y	W	H	M	C	P
0	0.03220	0.03116	0.03559	0.03266	0.11005	0.17779	0.11956	0.11122	0.12701	0.08132	0.02524	0.02703	0.01899	0.01104	0.01037	0.00311	0.01370	0.00960	0.00748	0.01490
1	0.02612	0.53194	0.15584	0.01980	0.02980	0.03739	0.02146	0.03107	0.02101	0.02575	0.01506	0.01746	0.01314	0.00897	0.00719	0.00240	0.01178	0.00589	0.00438	0.01355
2	0.01276	0.01042	0.01127	0.01106	0.01425	0.00893	0.00829	0.01595	0.02488	0.03125	0.22628	0.09296	0.44665	0.02467	0.01212	0.00340	0.00510	0.02084	0.00999	0.00893
3	0.01472	0.01077	0.01533	0.01533	0.01676	0.01220	0.01138	0.01758	0.01615	0.02296	0.02855	0.04621	0.02821	0.20043	0.47871	0.01506	0.02364	0.01186	0.00566	0.00852
