[name]
unknown

[dist]
# distance from previous block
# <min> <max>
0	900

[block]
# block no. 0 follows, 13 sequences, length 13
# corresponding to MSA columns:
# 900-912
name=unknown_A
#
# <colnr> <probs for GDERKNQSTAVLIFYWHMCP>
#	G	D	E	R	K	N	Q	S	T	A	V	L	I	F	Y	W	H	M	C	P
0	0.02989	0.08269	0.02996	0.02183	0.02887	0.02344	0.05582	0.14825	0.10542	0.11669	0.03453	0.08440	0.02973	0.01545	0.01082	0.00332	0.01018	0.07273	0.00932	0.08666
1	0.11873	0.09124	0.09802	0.02951	0.12216	0.06775	0.02251	0.14651	0.08538	0.08407	0.02374	0.02513	0.01779	0.01115	0.00954	0.00313	0.01177	0.00857	0.00764	0.01566
2	0.06040	0.06561	0.02832	0.11818	0.03460	0.06635	0.05099	0.03584	0.17766	0.03449	0.06164	0.09670	0.03248	0.01585	0.01218	0.00358	0.04472	0.03952	0.00787	0.01301
3	0.07523	0.02656	0.03260	0.20782	0.21292	0.12038	0.02559	0.06815	0.02545	0.03365	0.02147	0.06330	0.01857	0.01182	0.01026	0.00327	0.01333	0.01004	0.00590	0.01368
4	0.17560	0.01977	0.02403	0.02596	0.11658	0.02036	0.01772	0.03690	0.12533	0.10980	0.03228	0.04364	0.02734	0.01419	0.01011	0.00340	0.00931	0.09170	0.00853	0.08746
5	0.01489	0.01030	0.01197	0.01202	0.01277	0.00997	0.00741	0.01610	0.01892	0.02538	0.13086	0.11550	0.09161	0.43223	0.04044	0.00809	0.00865	0.01768	0.00783	0.00738
6	0.02882	0.02671	0.05589	0.04014	0.05040	0.02481	0.43671	0.03690	0.02587	0.12592	0.02488	0.02980	0.01778	0.00963	0.01216	0.00351	0.01631	0.01216	0.00668	0.01490
7	0.01341	0.01041	0.01221	0.01247	0.01502	0.00920	0.00908	0.01668	0.02521	0.03287	0.24749	0.20909	0.29607	0.02645	0.01271	0.00365	0.00540	0.02295	0.01043	0.00920
8	0.01496	0.01081	0.01413	0.01330	0.01580	0.00998	0.00998	0.01995	0.02993	0.04240	0.55689	0.07898	0.09976	0.02162	0.01247	0.00333	0.00499	0.01912	0.01164	0.00998
9	0.01475	0.01080	0.01383	0.01307	0.01566	0.00988	0.00980	0.01953	0.02941	0.04118	0.51721	0.08099	0.14020	0.02207	0.01247	0.00335	0.00502	0.01940	0.01148	0.00988
10	0.04744	0.01799	0.02454	0.01881	0.02699	0.01554	0.01554	0.05153	0.03026	0.56979	0.04171	0.03599	0.02617	0.01309	0.01063	0.00327	0.00900	0.01063	0.01309	0.01799
11	0.04149	0.01816	0.02397	0.01948	0.02670	0.01669	0.01625	0.09415	0.03120	0.42689	0.04253	0.04923	0.03131	0.01582	0.01131	0.00354	0.00939	0.09309	0.01226	0.01657
12	0.02551	0.12751	0.02700	0.01891	0.02482	0.02619	0.01537	0.04648	0.36260	0.04002	0.03661	0.03551	0.02812	0.01307	0.00949	0.00316	0.00829	0.01049	0.12585	0.01500

[dist]
# distance from previous block
# <min> <max>
0	4

[block]
# block no. 1 follows, 13 sequences, length 10
# corresponding to MSA columns:
# 917-926
name=unknown_B
#
# <colnr> <probs for GDERKNQSTAVLIFYWHMCP>
#	G	D	E	R	K	N	Q	S	T	A	V	L	I	F	Y	W	H	M	C	P
0	0.18751	0.02375	0.08494	0.15955	0.15867	0.02181	0.02317	0.02928	0.02201	0.03654	0.06405	0.02806	0.02148	0.01070	0.00936	0.00312	0.01098	0.00882	0.00601	0.09019
1	0.02746	0.13643	0.14518	0.08464	0.07170	0.06250	0.05920	0.14386	0.02887	0.03788	0.02390	0.08641	0.02092	0.01290	0.01019	0.00320	0.01299	0.01070	0.00663	0.01445
2	0.21483	0.01312	0.01424	0.01494	0.01748	0.01389	0.01123	0.02076	0.01904	0.03204	0.03758	0.22091	0.04147	0.08481	0.01927	0.09384	0.00821	0.10561	0.00784	0.00890
3	0.70310	0.02045	0.01554	0.01390	0.02045	0.02372	0.01145	0.03108	0.01799	0.04744	0.01472	0.01718	0.01145	0.00981	0.00654	0.00327	0.00818	0.00573	0.00654	0.01145
4	0.01250	0.01071	0.01071	0.01071	0.01428	0.00893	0.00803	0.01517	0.02410	0.02856	0.10711	0.10175	0.55817	0.02678	0.01250	0.00357	0.00536	0.02231	0.00982	0.00893
5	0.70310	0.02045	0.01554	0.01390	0.02045	0.02372	0.01145	0.03108	0.01799	0.04744	0.01472	0.01718	0.01145	0.00981	0.00654	0.00327	0.00818	0.00573	0.00654	0.01145
6	0.02267	0.02109	0.03542	0.16206	0.36312	0.02216	0.02793	0.02846	0.02244	0.03139	0.02385	0.07966	0.02181	0.01880	0.06925	0.00472	0.01391	0.01140	0.00557	0.01431
7	0.16105	0.21170	0.09167	0.02407	0.03231	0.20780	0.07101	0.03530	0.02394	0.03131	0.01633	0.01938	0.01341	0.00987	0.00851	0.00284	0.01426	0.00694	0.00528	0.01302
8	0.50908	0.02682	0.02315	0.01960	0.02638	0.12777	0.06723	0.03343	0.02094	0.04203	0.01573	0.01872	0.01234	0.00992	0.00772	0.00320	0.01121	0.00664	0.00621	0.01190
9	0.15830	0.02183	0.02514	0.02423	0.08649	0.02332	0.01728	0.13450	0.14602	0.14538	0.08218	0.03435	0.02941	0.01311	0.01005	0.00331	0.00922	0.01050	0.00983	0.01555

[dist]
# distance from previous block
# <min> <max>
4	5

[block]
# block no. 2 follows, 13 sequences, length 12
# corresponding to MSA columns:
# 959-970
name=unknown_C
#
# <colnr> <probs for GDERKNQSTAVLIFYWHMCP>
#	G	D	E	R	K	N	Q	S	T	A	V	L	I	F	Y	W	H	M	C	P
0	0.01284	0.00938	0.01209	0.01426	0.01521	0.00863	0.00961	0.01477	0.02069	0.02717	0.06394	0.56121	0.12658	0.03239	0.01338	0.00421	0.00604	0.02916	0.00982	0.00863
1	0.02717	0.02169	0.02889	0.02135	0.03039	0.01928	0.08183	0.09352	0.07345	0.08568	0.02412	0.02602	0.01841	0.00961	0.00929	0.00236	0.00977	0.00838	0.00767	0.40115
2	0.29779	0.02151	0.02758	0.03338	0.21617	0.02219	0.01999	0.03665	0.02322	0.17260	0.02328	0.02507	0.01701	0.01049	0.00896	0.00322	0.00995	0.00827	0.00770	0.01497
3	0.02741	0.56396	0.11867	0.01956	0.02941	0.03973	0.02065	0.03188	0.02159	0.02593	0.01522	0.01762	0.01355	0.00917	0.00718	0.00239	0.01183	0.00592	0.00452	0.01382
4	0.01704	0.01217	0.01704	0.01947	0.02191	0.01217	0.01704	0.02191	0.02434	0.03164	0.05598	0.11926	0.06085	0.02921	0.01460	0.00487	0.00974	0.49130	0.00974	0.00974
5	0.15478	0.02281	0.03302	0.03259	0.15336	0.02267	0.08657	0.09638	0.02822	0.22492	0.02733	0.02818	0.01911	0.01107	0.01011	0.00327	0.01115	0.00960	0.00881	0.01605
6	0.01745	0.01482	0.02221	0.09688	0.02791	0.01864	0.01746	0.02135	0.01737	0.02506	0.02399	0.03586	0.02213	0.05729	0.39314	0.01258	0.14969	0.01063	0.00532	0.01020
7	0.01538	0.01025	0.01153	0.01153	0.01153	0.01025	0.00641	0.01538	0.01538	0.02050	0.03331	0.06919	0.03844	0.62842	0.05382	0.01025	0.01025	0.01538	0.00641	0.00641
8	0.02394	0.02285	0.03889	0.25824	0.38654	0.02454	0.03134	0.03050	0.02302	0.03184	0.01949	0.02689	0.01579	0.00983	0.01050	0.00328	0.01311	0.00941	0.00504	0.01495
9	0.03027	0.03849	0.26216	0.03352	0.13156	0.02657	0.02994	0.19298	0.03205	0.08714	0.02301	0.02508	0.01648	0.01103	0.01034	0.00325	0.01327	0.00887	0.00725	0.01677
10	0.01310	0.00977	0.01220	0.01364	0.01517	0.00886	0.00945	0.01558	0.02250	0.02958	0.14172	0.42840	0.18134	0.03005	0.01313	0.00399	0.00580	0.02676	0.01008	0.00886
11	0.02630	0.02271	0.02391	0.02152	0.02749	0.02630	0.01674	0.05618	0.54336	0.04423	0.04303	0.03945	0.03228	0.01434	0.01076	0.00359	0.00837	0.01195	0.01076	0.01674

[dist]
# distance from previous block
# <min> <max>
0	8

[block]
# block no. 3 follows, 13 sequences, length 35
# corresponding to MSA columns:
# 979-1013
name=unknown_D
#
# <colnr> <probs for GDERKNQSTAVLIFYWHMCP>
#	G	D	E	R	K	N	Q	S	T	A	V	L	I	F	Y	W	H	M	C	P
0	0.03117	0.02222	0.02913	0.07245	0.17719	0.05916	0.02118	0.03964	0.09903	0.17301	0.02989	0.03167	0.02207	0.01218	0.01169	0.00325	0.04916	0.00996	0.09072	0.01525
1	0.11102	0.02401	0.04436	0.07441	0.08223	0.02397	0.29049	0.03272	0.05745	0.03624	0.05634	0.03688	0.02456	0.01169	0.01147	0.00357	0.01401	0.04459	0.00648	0.01350
2	0.12500	0.04653	0.02810	0.02552	0.03111	0.51353	0.01927	0.04078	0.02842	0.02865	0.01613	0.01882	0.01334	0.01076	0.00915	0.00279	0.01766	0.00667	0.00559	0.01215
3	0.12324	0.01639	0.02060	0.01671	0.02316	0.01511	0.01353	0.04046	0.02859	0.36162	0.17583	0.04505	0.04393	0.01494	0.01060	0.00329	0.00782	0.01227	0.01186	0.01501
4	0.01890	0.01168	0.01540	0.01397	0.01715	0.01065	0.01065	0.02378	0.02997	0.10639	0.49438	0.07376	0.09083	0.02058	0.01225	0.00332	0.00547	0.01809	0.01181	0.01095
5	0.01332	0.01074	0.01185	0.01157	0.01479	0.00928	0.00868	0.01677	0.02604	0.03318	0.25708	0.09416	0.40532	0.02506	0.01249	0.00349	0.00523	0.02125	0.01043	0.00928
6	0.01704	0.01217	0.01704	0.01947	0.02191	0.01217	0.01704	0.02191	0.02434	0.03164	0.05598	0.11926	0.06085	0.02921	0.01460	0.00487	0.00974	0.49130	0.00974	0.00974
7	0.70310	0.02045	0.01554	0.01390	0.02045	0.02372	0.01145	0.03108	0.01799	0.04744	0.01472	0.01718	0.01145	0.00981	0.00654	0.00327	0.00818	0.00573	0.00654	0.01145
8	0.01997	0.01879	0.03171	0.60301	0.07282	0.02349	0.02936	0.02701	0.02114	0.02701	0.01879	0.02819	0.01409	0.01057	0.01057	0.00352	0.01409	0.00940	0.00470	0.01175
9	0.02617	0.02512	0.04292	0.06490	0.56246	0.02512	0.03245	0.03245	0.02407	0.03454	0.01989	0.02617	0.01675	0.00942	0.01047	0.00314	0.01256	0.00942	0.00523	0.01675
10	0.02630	0.02271	0.02391	0.02152	0.02749	0.02630	0.01674	0.05618	0.54336	0.04423	0.04303	0.03945	0.03228	0.01434	0.01076	0.00359	0.00837	0.01195	0.01076	0.01674
11	0.01798	0.00932	0.01349	0.01349	0.01349	0.00932	0.00883	0.01398	0.01398	0.01864	0.02029	0.03691	0.02095	0.11297	0.04293	0.60449	0.00932	0.00998	0.00483	0.00483
12	0.02212	0.12943	0.50686	0.02858	0.04336	0.02678	0.03636	0.03325	0.02221	0.03237	0.01842	0.02163	0.01342	0.00992	0.00963	0.00321	0.01507	0.00753	0.00447	0.01536
13	0.04019	0.02962	0.03173	0.02433	0.03279	0.03279	0.02010	0.52721	0.04971	0.06663	0.02538	0.02538	0.01798	0.01269	0.01058	0.00317	0.01163	0.00952	0.01058	0.01798
14	0.01250	0.01071	0.01071	0.01071	0.01428	0.00893	0.00803	0.01517	0.02410	0.02856	0.10711	0.10175	0.55817	0.02678	0.01250	0.00357	0.00536	0.02231	0.00982	0.00893
15	0.02192	0.01879	0.02192	0.01566	0.02506	0.01409	0.01253	0.02662	0.02192	0.03445	0.01879	0.02192	0.01566	0.00783	0.00783	0.00157	0.00783	0.00626	0.00626	0.69305
16	0.08303	0.02950	0.13332	0.02131	0.03070	0.08691	0.02011	0.04200	0.02666	0.28801	0.02912	0.02800	0.01966	0.01127	0.00972	0.00299	0.01132	0.00867	0.00906	0.10864
17	0.02720	0.02837	0.10985	0.05679	0.45375	0.02429	0.03197	0.03408	0.02434	0.07653	0.02149	0.02645	0.01706	0.00979	0.01043	0.00318	0.01268	0.00931	0.00575	0.01670
18	0.01699	0.01292	0.01586	0.01490	0.01490	0.01484	0.00988	0.01747	0.01555	0.02153	0.02928	0.05963	0.03334	0.50184	0.04985	0.00908	0.13453	0.01411	0.00604	0.00748
19	0.01997	0.01879	0.03171	0.60301	0.07282	0.02349	0.02936	0.02701	0.02114	0.02701	0.01879	0.02819	0.01409	0.01057	0.01057	0.00352	0.01409	0.00940	0.00470	0.01175
20	0.02192	0.01879	0.02192	0.01566	0.02506	0.01409	0.01253	0.02662	0.02192	0.03445	0.01879	0.02192	0.01566	0.00783	0.00783	0.00157	0.00783	0.00626	0.00626	0.69305
21	0.01288	0.00920	0.01227	0.01472	0.01534	0.00859	0.00981	0.01472	0.02024	0.02699	0.05828	0.62152	0.06993	0.03312	0.01350	0.00429	0.00613	0.03006	0.00981	0.00859
22	0.02724	0.02162	0.03198	0.03885	0.27392	0.01939	0.02214	0.03259	0.02401	0.10475	0.02231	0.02573	0.01754	0.00926	0.00942	0.00252	0.01017	0.00830	0.00668	0.29160
23	0.70310	0.02045	0.01554	0.01390	0.02045	0.02372	0.01145	0.03108	0.01799	0.04744	0.01472	0.01718	0.01145	0.00981	0.00654	0.00327	0.00818	0.00573	0.00654	0.01145
24	0.01997	0.01879	0.03171	0.60301	0.07282	0.02349	0.02936	0.02701	0.02114	0.02701	0.01879	0.02819	0.01409	0.01057	0.01057	0.00352	0.01409	0.00940	0.00470	0.01175
25	0.01305	0.00993	0.01201	0.01319	0.01505	0.00889	0.00925	0.01560	0.02288	0.02967	0.14423	0.37342	0.23584	0.02941	0.01302	0.00392	0.00572	0.02596	0.01007	0.00889
26	0.03950	0.05039	0.02996	0.02724	0.03269	0.58597	0.02043	0.04222	0.02996	0.02588	0.01634	0.01907	0.01362	0.01090	0.00953	0.00272	0.01907	0.00681	0.00545	0.01226
27	0.01397	0.01077	0.01275	0.01226	0.01519	0.00955	0.00919	0.01803	0.02758	0.03683	0.37573	0.08815	0.28440	0.02369	0.01248	0.00342	0.00514	0.02041	0.01091	0.00955
28	0.01466	0.01080	0.01372	0.01299	0.01561	0.00985	0.00974	0.01937	0.02922	0.04072	0.50231	0.08174	0.15538	0.02224	0.01247	0.00336	0.00503	0.01951	0.01142	0.00985
29	0.01707	0.01027	0.01376	0.01522	0.01675	0.00943	0.01051	0.01919	0.02146	0.09285	0.05627	0.55047	0.06462	0.03069	0.01315	0.00417	0.00648	0.02770	0.01021	0.00973
30	0.03502	0.02695	0.03020	0.09399	0.03661	0.03039	0.02056	0.37424	0.14296	0.05744	0.02804	0.02848	0.02031	0.01276	0.01061	0.00330	0.01129	0.00998	0.00990	0.01698
31	0.02230	0.01916	0.03196	0.52613	0.10244	0.02304	0.02860	0.02909	0.02198	0.06543	0.02047	0.02860	0.01512	0.01067	0.01057	0.00348	0.01364	0.00948	0.00532	0.01252
32	0.23000	0.02871	0.02639	0.02132	0.02885	0.09613	0.01735	0.29371	0.03691	0.09102	0.02237	0.02301	0.01615	0.01168	0.00930	0.00315	0.01137	0.00818	0.00898	0.01542
33	0.29408	0.02056	0.02129	0.01767	0.02358	0.02261	0.01418	0.13026	0.02632	0.15566	0.02491	0.03012	0.01961	0.09442	0.01656	0.00428	0.05285	0.00905	0.00855	0.01344
34	0.07921	0.02010	0.06539	0.05909	0.02895	0.01697	0.01688	0.03957	0.06474	0.27842	0.13547	0.04079	0.03741	0.01386	0.01049	0.00322	0.00892	0.01146	0.01048	0.05858

[dist]
# distance from previous block
# <min> <max>
0	51

[block]
# block no. 4 follows, 13 sequences, length 12
# corresponding to MSA columns:
# 1065-1076
name=unknown_E
#
# <colnr> <probs for GDERKNQSTAVLIFYWHMCP>
#	G	D	E	R	K	N	Q	S	T	A	V	L	I	F	Y	W	H	M	C	P
0	0.17315	0.07919	0.03092	0.02742	0.12122	0.02718	0.01918	0.20666	0.03184	0.08865	0.02184	0.02353	0.01641	0.01074	0.00911	0.00295	0.01047	0.00813	0.00802	0.08339
1	0.03635	0.02709	0.02920	0.02318	0.03069	0.02997	0.01884	0.43411	0.09651	0.06084	0.03010	0.08022	0.02407	0.01469	0.01086	0.00331	0.01081	0.01160	0.01053	0.01701
2	0.01321	0.00976	0.01175	0.01317	0.01442	0.00896	0.00879	0.01495	0.02039	0.02628	0.06632	0.39670	0.18747	0.13282	0.02010	0.00513	0.00664	0.02561	0.00924	0.00830
3	0.07234	0.40036	0.22434	0.02179	0.03285	0.03487	0.02458	0.03222	0.02152	0.02928	0.01612	0.01875	0.01336	0.00943	0.00785	0.00269	0.01252	0.00637	0.00464	0.01410
4	0.03563	0.13819	0.16744	0.02299	0.03323	0.02708	0.02304	0.17356	0.03208	0.20456	0.02691	0.02639	0.01857	0.01152	0.00980	0.00309	0.01176	0.00876	0.00877	0.01663
5	0.04156	0.01650	0.02245	0.01812	0.02501	0.01436	0.01457	0.04526	0.02856	0.47743	0.04453	0.13562	0.03362	0.01650	0.01112	0.00345	0.00851	0.01394	0.01253	0.01639
6	0.01604	0.11603	0.02022	0.01591	0.01819	0.01471	0.01216	0.01853	0.02098	0.02723	0.05056	0.45374	0.05917	0.02852	0.01250	0.00402	0.00748	0.08551	0.00890	0.00958
7	0.08332	0.07455	0.16129	0.02422	0.03435	0.02543	0.05482	0.16912	0.03168	0.19837	0.02682	0.02675	0.01836	0.01147	0.01003	0.00321	0.01195	0.00908	0.00879	0.01640
8	0.02155	0.01315	0.01683	0.01666	0.01984	0.01280	0.01262	0.02837	0.09301	0.12745	0.13793	0.29018	0.06131	0.02472	0.01259	0.00393	0.00716	0.07741	0.01081	0.01168
9	0.01332	0.00985	0.01245	0.01368	0.01526	0.00898	0.00954	0.01606	0.02326	0.03098	0.18714	0.39962	0.16259	0.02924	0.01307	0.00393	0.00572	0.02606	0.01026	0.00898
10	0.22721	0.03263	0.15361	0.02408	0.03379	0.02783	0.05796	0.23458	0.03245	0.05111	0.02053	0.02252	0.01489	0.01098	0.00942	0.00327	0.01199	0.00824	0.00763	0.01528
11	0.10767	0.11180	0.07200	0.02525	0.03343	0.02799	0.10507	0.12355	0.06772	0.13150	0.02471	0.02631	0.01813	0.01176	0.01207	0.00331	0.06536	0.00930	0.00790	0.01518

[dist]
# distance from previous block
# <min> <max>
0	4

[block]
# block no. 5 follows, 13 sequences, length 34
# corresponding to MSA columns:
# 1081-1114
name=unknown_F
#
# <colnr> <probs for GDERKNQSTAVLIFYWHMCP>
#	G	D	E	R	K	N	Q	S	T	A	V	L	I	F	Y	W	H	M	C	P
0	0.17002	0.06713	0.11262	0.06740	0.09505	0.02757	0.02338	0.10309	0.02478	0.07146	0.01927	0.02317	0.01496	0.01202	0.01385	0.00346	0.12189	0.00822	0.00645	0.01422
1	0.10776	0.17690	0.03368	0.25247	0.04425	0.07046	0.02114	0.03114	0.02248	0.07394	0.02464	0.02867	0.04952	0.01137	0.00917	0.00309	0.01208	0.00874	0.00596	0.01255
2	0.01584	0.01296	0.01670	0.01555	0.01767	0.01381	0.01201	0.01967	0.02559	0.03549	0.33401	0.10971	0.17267	0.02284	0.01665	0.00368	0.11665	0.01867	0.00986	0.00997
3	0.02015	0.08615	0.43441	0.02646	0.03887	0.02279	0.03222	0.02990	0.02188	0.03169	0.02594	0.13256	0.02384	0.01424	0.01046	0.00345	0.01358	0.01177	0.00546	0.01419
4	0.07045	0.02473	0.03117	0.03516	0.19871	0.02677	0.02182	0.19718	0.14947	0.04697	0.02755	0.03135	0.02185	0.05415	0.01331	0.00375	0.01089	0.01022	0.00838	0.01612
5	0.01672	0.01189	0.01494	0.01415	0.01667	0.01165	0.01047	0.02267	0.08639	0.03710	0.36244	0.06750	0.11263	0.02396	0.01760	0.13057	0.00619	0.01670	0.01009	0.00969
6	0.01681	0.01263	0.01538	0.01453	0.01453	0.01434	0.00949	0.01723	0.01553	0.02141	0.02973	0.06069	0.03391	0.51583	0.05029	0.00921	0.12079	0.01425	0.00608	0.00736
7	0.01461	0.01079	0.01364	0.01293	0.01558	0.00983	0.00970	0.01927	0.02910	0.04043	0.49273	0.08223	0.16515	0.02235	0.01247	0.00336	0.00504	0.01958	0.01138	0.00983
8	0.01269	0.01072	0.01098	0.01091	0.01440	0.00901	0.00818	0.01555	0.02455	0.02964	0.14220	0.09998	0.52241	0.02637	0.01249	0.00355	0.00533	0.02207	0.00996	0.00901
9	0.70310	0.02045	0.01554	0.01390	0.02045	0.02372	0.01145	0.03108	0.01799	0.04744	0.01472	0.01718	0.01145	0.00981	0.00654	0.00327	0.00818	0.00573	0.00654	0.01145
10	0.70310	0.02045	0.01554	0.01390	0.02045	0.02372	0.01145	0.03108	0.01799	0.04744	0.01472	0.01718	0.01145	0.00981	0.00654	0.00327	0.00818	0.00573	0.00654	0.01145
11	0.32143	0.01771	0.01877	0.01570	0.02213	0.01801	0.01277	0.03697	0.02496	0.24938	0.12528	0.03589	0.03347	0.01326	0.00923	0.00328	0.00791	0.01010	0.01003	0.01372
12	0.02762	0.03043	0.09644	0.04242	0.11984	0.02745	0.32345	0.12471	0.02919	0.03998	0.02172	0.02711	0.01628	0.00977	0.01165	0.00342	0.01578	0.01113	0.00622	0.01540
13	0.01468	0.01080	0.01373	0.01300	0.01562	0.00985	0.00975	0.01940	0.02925	0.04079	0.50441	0.08164	0.15324	0.02222	0.01247	0.00335	0.00503	0.01949	0.01143	0.00985
14	0.01510	0.01133	0.01699	0.01699	0.01888	0.01322	0.01322	0.01888	0.01699	0.02454	0.02832	0.04154	0.02643	0.07930	0.58652	0.01699	0.02832	0.01133	0.00566	0.00944
15	0.03222	0.03073	0.17465	0.03599	0.14799	0.02188	0.11888	0.03973	0.02599	0.22382	0.02767	0.02911	0.01911	0.01078	0.01079	0.00332	0.01305	0.01001	0.00784	0.01645
16	0.02218	0.09937	0.42861	0.02865	0.04082	0.02750	0.03430	0.03184	0.02112	0.03125	0.01766	0.02201	0.01350	0.01152	0.01431	0.00349	0.12480	0.00789	0.00450	0.01470
17	0.03807	0.01555	0.02031	0.01635	0.02231	0.01386	0.01284	0.04151	0.02651	0.40239	0.03926	0.04254	0.02855	0.12658	0.01820	0.00446	0.00872	0.01141	0.09573	0.01484
18	0.01394	0.01011	0.01339	0.01562	0.01697	0.00956	0.01156	0.01665	0.02166	0.02835	0.06192	0.44402	0.11005	0.03154	0.01370	0.00438	0.00701	0.15083	0.00979	0.00892
19	0.03097	0.03376	0.19951	0.07004	0.10220	0.07026	0.05699	0.03828	0.02548	0.18356	0.02538	0.02710	0.01779	0.01071	0.01024	0.00314	0.01315	0.00899	0.00727	0.06516
20	0.03251	0.02685	0.03399	0.03284	0.12906	0.03125	0.02328	0.28616	0.03498	0.04842	0.02094	0.02486	0.01653	0.01382	0.01775	0.00360	0.19008	0.00942	0.00782	0.01584
21	0.02196	0.07635	0.12627	0.12690	0.03779	0.02002	0.02090	0.02835	0.02182	0.03211	0.01849	0.02274	0.01479	0.00884	0.00865	0.00231	0.01068	0.00707	0.00551	0.38847
22	0.02939	0.07510	0.03525	0.11026	0.07025	0.05948	0.08679	0.15646	0.02991	0.08041	0.02701	0.10335	0.02361	0.01432	0.01229	0.00341	0.04870	0.01214	0.00765	0.01421
23	0.01798	0.00995	0.01094	0.01110	0.01334	0.00972	0.00817	0.02254	0.02336	0.03842	0.13388	0.11916	0.04584	0.01662	0.00909	0.00285	0.00509	0.01408	0.47814	0.00972
24	0.03153	0.02986	0.13031	0.02637	0.03561	0.02550	0.09168	0.14114	0.19254	0.13459	0.03197	0.03147	0.02275	0.01227	0.01081	0.00341	0.01175	0.01057	0.00923	0.01665
25	0.04341	0.01954	0.02500	0.01937	0.02713	0.01826	0.01592	0.13672	0.03382	0.43319	0.08140	0.03759	0.03076	0.01372	0.01077	0.00326	0.00915	0.01113	0.01250	0.01733
26	0.01449	0.01093	0.01355	0.01376	0.01645	0.00999	0.01070	0.01859	0.02659	0.03540	0.30167	0.12613	0.22572	0.02524	0.01293	0.00374	0.00604	0.10789	0.01064	0.00954
27	0.02165	0.02095	0.02954	0.02577	0.02612	0.02885	0.02130	0.02423	0.01634	0.02528	0.01655	0.02653	0.01620	0.02973	0.13656	0.00691	0.50187	0.00964	0.00482	0.01117
28	0.01338	0.00982	0.01230	0.01357	0.01497	0.00902	0.00930	0.01581	0.02231	0.02962	0.15656	0.39530	0.15374	0.07334	0.01608	0.00443	0.00609	0.02569	0.00990	0.00874
29	0.02630	0.02271	0.02391	0.02152	0.02749	0.02630	0.01674	0.05618	0.54336	0.04423	0.04303	0.03945	0.03228	0.01434	0.01076	0.00359	0.00837	0.01195	0.01076	0.01674
30	0.02159	0.02896	0.20265	0.07782	0.07288	0.01925	0.08756	0.02824	0.02168	0.06883	0.02913	0.11742	0.02749	0.12751	0.01903	0.00478	0.01276	0.01337	0.00639	0.01268
31	0.01457	0.01079	0.01359	0.01289	0.01555	0.00981	0.00967	0.01919	0.02900	0.04019	0.48494	0.08262	0.17309	0.02244	0.01247	0.00336	0.00505	0.01963	0.01135	0.00981
32	0.02285	0.09886	0.41813	0.03012	0.07476	0.02634	0.03371	0.03641	0.09471	0.03429	0.02200	0.02448	0.01625	0.01052	0.00989	0.00327	0.01405	0.00830	0.00539	0.01567
33	0.27039	0.02194	0.02675	0.03054	0.18443	0.02220	0.01882	0.06548	0.02364	0.08032	0.01978	0.02275	0.01540	0.00973	0.00855	0.00288	0.00971	0.00755	0.00684	0.15233

[dist]
# distance from previous block
# <min> <max>
1	9

[block]
# block no. 6 follows, 13 sequences, length 8
# corresponding to MSA columns:
# 1124-1131
name=unknown_G
#
# <colnr> <probs for GDERKNQSTAVLIFYWHMCP>
#	G	D	E	R	K	N	Q	S	T	A	V	L	I	F	Y	W	H	M	C	P
0	0.01962	0.01148	0.01414	0.01349	0.01524	0.01119	0.00901	0.02105	0.01878	0.10237	0.04126	0.10436	0.07621	0.37739	0.11108	0.00917	0.01176	0.01577	0.00779	0.00885
1	0.02627	0.10502	0.34882	0.03335	0.12370	0.07284	0.03252	0.03527	0.02377	0.07368	0.02023	0.02318	0.01495	0.01015	0.00979	0.00315	0.01448	0.00799	0.00534	0.01550
2	0.01971	0.00985	0.00985	0.00985	0.01232	0.00985	0.00739	0.02464	0.02217	0.03942	0.03449	0.03942	0.02710	0.01232	0.00739	0.00246	0.00493	0.00985	0.68712	0.00985
3	0.02827	0.63478	0.05540	0.01809	0.02714	0.04184	0.01809	0.03166	0.02148	0.02488	0.01470	0.01696	0.01357	0.00905	0.00678	0.00226	0.01131	0.00565	0.00452	0.01357
4	0.03291	0.01995	0.02327	0.01981	0.02627	0.02097	0.01570	0.05128	0.31287	0.23340	0.08824	0.04172	0.03608	0.01454	0.01087	0.00345	0.00829	0.01212	0.01168	0.01659
5	0.01684	0.01268	0.01546	0.01459	0.01459	0.01442	0.00956	0.01727	0.01553	0.02143	0.02965	0.06051	0.03381	0.51343	0.05021	0.00919	0.12315	0.01422	0.00607	0.00738
6	0.01428	0.01045	0.01289	0.01429	0.01586	0.00984	0.01041	0.01664	0.02106	0.02710	0.06346	0.27542	0.16970	0.15271	0.02179	0.00549	0.00765	0.13337	0.00910	0.00849
7	0.02171	0.01879	0.02298	0.07902	0.03021	0.01511	0.01434	0.02667	0.02184	0.03365	0.01879	0.02260	0.01549	0.00813	0.00813	0.00178	0.00851	0.00660	0.00610	0.61956

[dist]
# distance from previous block
# <min> <max>
0	10

[block]
# block no. 7 follows, 13 sequences, length 18
# corresponding to MSA columns:
# 1142-1159
name=unknown_H
#
# <colnr> <probs for GDERKNQSTAVLIFYWHMCP>
#	G	D	E	R	K	N	Q	S	T	A	V	L	I	F	Y	W	H	M	C	P
0	0.02470	0.02506	0.09245	0.02810	0.10154	0.02063	0.05792	0.03037	0.02221	0.07250	0.02008	0.02425	0.01608	0.01042	0.01315	0.00273	0.10346	0.00811	0.00610	0.32014
1	0.01554	0.01336	0.02048	0.01830	0.02204	0.01221	0.08988	0.01976	0.02472	0.03233	0.17281	0.19071	0.22415	0.02446	0.01293	0.00381	0.00787	0.07515	0.00950	0.01000
2	0.02763	0.46886	0.04590	0.01778	0.02536	0.03590	0.01651	0.08566	0.02376	0.02896	0.01881	0.02603	0.01793	0.10556	0.01451	0.00360	0.01118	0.00760	0.00551	0.01296
3	0.02484	0.02164	0.09156	0.01917	0.02614	0.01651	0.01700	0.09459	0.02657	0.10747	0.03641	0.19366	0.03537	0.01802	0.01093	0.00324	0.00920	0.05342	0.00876	0.18551
4	0.03433	0.13943	0.11733	0.02443	0.03401	0.02978	0.05561	0.22928	0.06948	0.12493	0.02586	0.02615	0.01856	0.01156	0.00997	0.00311	0.01198	0.00910	0.00861	0.01651
5	0.02336	0.02236	0.03740	0.11997	0.31122	0.02417	0.06078	0.02913	0.02330	0.03315	0.08905	0.03301	0.02676	0.01254	0.01464	0.00347	0.10467	0.01086	0.00592	0.01425
6	0.01594	0.01005	0.01195	0.01195	0.01195	0.01005	0.00693	0.01507	0.01507	0.02010	0.03050	0.06222	0.03467	0.51718	0.05147	0.13850	0.01005	0.01421	0.00607	0.00607
7	0.14529	0.02733	0.11762	0.18118	0.26605	0.02439	0.02896	0.03104	0.02200	0.03486	0.01855	0.02445	0.01463	0.00987	0.00972	0.00329	0.01262	0.00850	0.00522	0.01441
8	0.01333	0.00983	0.01249	0.01375	0.01529	0.00898	0.00958	0.01608	0.02323	0.03103	0.18859	0.40732	0.15302	0.02931	0.01309	0.00394	0.00573	0.02616	0.01026	0.00898
9	0.01844	0.01205	0.01649	0.01612	0.01772	0.01327	0.01179	0.02217	0.09709	0.02458	0.02574	0.03662	0.02340	0.04841	0.23066	0.34508	0.01587	0.01038	0.00593	0.00820
10	0.12616	0.02491	0.02846	0.11187	0.03646	0.02746	0.01968	0.30979	0.03805	0.13618	0.02549	0.02638	0.01779	0.01204	0.01005	0.00326	0.01115	0.00917	0.00952	0.01615
11	0.03931	0.02703	0.09433	0.02516	0.03461	0.02318	0.08707	0.18850	0.03443	0.28795	0.03157	0.03029	0.02094	0.01207	0.01079	0.00329	0.01171	0.01022	0.01033	0.01722
12	0.04132	0.02781	0.03061	0.02347	0.03189	0.03011	0.01939	0.45324	0.04669	0.14488	0.02792	0.02703	0.01925	0.01275	0.01059	0.00319	0.01122	0.00969	0.01097	0.01798
13	0.03331	0.02730	0.13038	0.03496	0.17907	0.02042	0.05814	0.03984	0.02611	0.24725	0.02842	0.02920	0.01976	0.01083	0.01038	0.00313	0.01166	0.00956	0.00831	0.07200
14	0.01991	0.01665	0.01977	0.01545	0.02289	0.01287	0.01192	0.02397	0.02155	0.03279	0.02759	0.15558	0.02776	0.01347	0.00909	0.00217	0.00745	0.01157	0.00706	0.54048
15	0.01682	0.01364	0.02080	0.12044	0.02985	0.01396	0.04970	0.02174	0.02451	0.03273	0.18556	0.11942	0.09192	0.05659	0.01518	0.00430	0.00923	0.15458	0.00890	0.01013
16	0.02700	0.02487	0.03267	0.17583	0.07883	0.07054	0.08377	0.14038	0.10141	0.03935	0.03169	0.06221	0.05743	0.01350	0.01102	0.00341	0.01255	0.01183	0.00759	0.01413
17	0.02623	0.21821	0.29070	0.02489	0.03616	0.09326	0.02780	0.06611	0.02525	0.03288	0.05083	0.02407	0.01907	0.01074	0.00922	0.00295	0.01385	0.00788	0.00544	0.01446

[dist]
# distance from previous block
# <min> <max>
0	2

[block]
# block no. 8 follows, 13 sequences, length 15
# corresponding to MSA columns:
# 1162-1176
name=unknown_I
#
# <colnr> <probs for GDERKNQSTAVLIFYWHMCP>
#	G	D	E	R	K	N	Q	S	T	A	V	L	I	F	Y	W	H	M	C	P
0	0.20679	0.10875	0.15205	0.02545	0.06628	0.15184	0.02273	0.08844	0.02589	0.03812	0.01753	0.02021	0.01368	0.01030	0.00872	0.00303	0.01330	0.00708	0.00595	0.01387
1	0.44194	0.13499	0.10541	0.01788	0.02613	0.06332	0.01725	0.03225	0.02001	0.04005	0.01545	0.01802	0.01225	0.00978	0.00729	0.00307	0.01052	0.00609	0.00581	0.01249
2	0.02904	0.01770	0.02075	0.01874	0.02412	0.01856	0.01511	0.04412	0.24134	0.17540	0.04380	0.05309	0.03516	0.01643	0.01093	0.00357	0.00827	0.09858	0.11049	0.01477
3	0.02703	0.02318	0.03284	0.28795	0.14645	0.02650	0.02606	0.15954	0.09078	0.04057	0.02355	0.02843	0.01772	0.01135	0.01058	0.00337	0.01251	0.00973	0.00702	0.01484
4	0.01463	0.01103	0.01483	0.01483	0.01674	0.01187	0.01105	0.01756	0.01815	0.02468	0.04493	0.05817	0.13495	0.15958	0.38343	0.01319	0.02073	0.01420	0.00662	0.00884
5	0.02828	0.02517	0.03830	0.09224	0.04173	0.02649	0.18089	0.19400	0.10858	0.04470	0.03417	0.03642	0.07318	0.01290	0.01140	0.00344	0.01278	0.01209	0.00821	0.01502
6	0.01698	0.01208	0.01335	0.01300	0.01388	0.01261	0.00792	0.02137	0.09291	0.02399	0.03474	0.06482	0.03753	0.53825	0.04749	0.00927	0.00997	0.01487	0.00705	0.00792
7	0.01544	0.01291	0.02137	0.01956	0.02235	0.01204	0.09885	0.01922	0.02326	0.03168	0.16521	0.39559	0.06738	0.02632	0.01309	0.00395	0.00790	0.02453	0.00946	0.00989
8	0.02486	0.08469	0.02204	0.01643	0.02146	0.02156	0.01320	0.07879	0.22514	0.04192	0.03487	0.03583	0.02687	0.01277	0.00888	0.00293	0.00750	0.01018	0.29649	0.01358
9	0.01510	0.01133	0.01699	0.01699	0.01888	0.01322	0.01322	0.01888	0.01699	0.02454	0.02832	0.04154	0.02643	0.07930	0.58652	0.01699	0.02832	0.01133	0.00566	0.00944
10	0.02023	0.01622	0.01832	0.01687	0.02067	0.01752	0.01266	0.03607	0.26433	0.04065	0.25863	0.05964	0.06147	0.09006	0.01657	0.00426	0.00716	0.01538	0.01062	0.01266
11	0.11001	0.02036	0.02651	0.22899	0.04320	0.02228	0.02041	0.08671	0.08849	0.16024	0.02713	0.02929	0.01923	0.01152	0.00993	0.00327	0.01084	0.00934	0.00827	0.06399
12	0.02825	0.02017	0.03179	0.12540	0.11001	0.02017	0.09381	0.08220	0.02835	0.15526	0.09837	0.04345	0.08738	0.01402	0.01129	0.00337	0.01102	0.01270	0.00869	0.01429
13	0.20076	0.22353	0.03415	0.01984	0.02729	0.11394	0.01697	0.12151	0.08375	0.04001	0.01989	0.02124	0.01585	0.01072	0.00822	0.00288	0.01140	0.00720	0.00689	0.01396
14	0.13020	0.02440	0.08108	0.02160	0.02986	0.02129	0.05969	0.11718	0.06201	0.15990	0.05451	0.06145	0.02562	0.01283	0.01004	0.00316	0.01018	0.01062	0.00900	0.09537

[dist]
# distance from previous block
# <min> <max>
2	24

[block]
# block no. 9 follows, 13 sequences, length 42
# corresponding to MSA columns:
# 1257-1298
name=unknown_J
#
# <colnr> <probs for GDERKNQSTAVLIFYWHMCP>
#	G	D	E	R	K	N	Q	S	T	A	V	L	I	F	Y	W	H	M	C	P
0	0.02453	0.32760	0.32983	0.02447	0.03700	0.03269	0.02920	0.03263	0.02193	0.02943	0.01696	0.01980	0.01348	0.00957	0.00851	0.00284	0.01359	0.00680	0.00449	0.01466
1	0.02121	0.05469	0.57364	0.03014	0.04576	0.02455	0.03906	0.03348	0.02232	0.03348	0.01897	0.02232	0.01339	0.01005	0.01005	0.00335	0.01563	0.00781	0.00446	0.01563
2	0.01740	0.01508	0.02330	0.12869	0.03198	0.01693	0.05281	0.02156	0.02106	0.02814	0.04320	0.21368	0.07686	0.02705	0.05353	0.00504	0.09309	0.11277	0.00755	0.01029
3	0.02348	0.02548	0.05396	0.03990	0.04906	0.02403	0.42989	0.03165	0.02484	0.03345	0.02782	0.04538	0.02437	0.01268	0.01287	0.00381	0.01632	0.10142	0.00616	0.01342
4	0.01510	0.01133	0.01699	0.01699	0.01888	0.01322	0.01322	0.01888	0.01699	0.02454	0.02832	0.04154	0.02643	0.07930	0.58652	0.01699	0.02832	0.01133	0.00566	0.00944
5	0.01288	0.00920	0.01227	0.01472	0.01534	0.00859	0.00981	0.01472	0.02024	0.02699	0.05828	0.62152	0.06993	0.03312	0.01350	0.00429	0.00613	0.03006	0.00981	0.00859
6	0.02784	0.20664	0.29501	0.02620	0.03743	0.17562	0.02867	0.03528	0.02409	0.02923	0.01716	0.02006	0.01350	0.01000	0.00905	0.00290	0.01538	0.00698	0.00474	0.01420
7	0.01430	0.01021	0.01389	0.01634	0.01757	0.00981	0.01228	0.01717	0.02164	0.02858	0.05749	0.45042	0.06684	0.03179	0.01387	0.00449	0.00736	0.18719	0.00979	0.00898
8	0.01423	0.01102	0.01312	0.01327	0.01624	0.00991	0.01041	0.01814	0.02624	0.03411	0.25949	0.09681	0.30081	0.02537	0.01288	0.00372	0.00604	0.10828	0.01046	0.00945
9	0.02315	0.15434	0.08228	0.29824	0.09027	0.02817	0.11976	0.03010	0.02220	0.02880	0.01849	0.02531	0.01447	0.00983	0.01008	0.00323	0.01420	0.00906	0.00480	0.01321
10	0.02434	0.31706	0.29673	0.06706	0.03926	0.03237	0.02876	0.03217	0.02185	0.02907	0.01701	0.02031	0.01353	0.00963	0.00859	0.00286	0.01354	0.00694	0.00451	0.01440
11	0.01291	0.01041	0.01150	0.01191	0.01471	0.00900	0.00867	0.01572	0.02407	0.03010	0.15759	0.20816	0.39339	0.02742	0.01270	0.00369	0.00547	0.02351	0.01006	0.00900
12	0.01448	0.01159	0.01323	0.01400	0.01697	0.01077	0.01080	0.01941	0.06094	0.03002	0.08312	0.19732	0.32943	0.02755	0.01298	0.00397	0.00660	0.11737	0.00987	0.00959
13	0.02667	0.14378	0.10226	0.10531	0.07559	0.02781	0.02265	0.04246	0.22924	0.07397	0.02937	0.03016	0.02218	0.01180	0.00985	0.00324	0.01100	0.00958	0.00768	0.01539
14	0.03202	0.03526	0.10272	0.02759	0.03598	0.14561	0.08741	0.17529	0.16708	0.04372	0.02673	0.02773	0.01994	0.01191	0.01058	0.00326	0.01367	0.00975	0.00808	0.01567
15	0.70310	0.02045	0.01554	0.01390	0.02045	0.02372	0.01145	0.03108	0.01799	0.04744	0.01472	0.01718	0.01145	0.00981	0.00654	0.00327	0.00818	0.00573	0.00654	0.01145
16	0.02694	0.02318	0.02324	0.02049	0.02431	0.12595	0.01607	0.03439	0.09965	0.10513	0.21450	0.04613	0.04845	0.01688	0.01556	0.00348	0.12085	0.01285	0.00923	0.01270
17	0.01985	0.01403	0.01611	0.01447	0.01684	0.01435	0.01009	0.11191	0.02640	0.03606	0.19898	0.06418	0.05422	0.32035	0.03259	0.00673	0.00883	0.01548	0.00885	0.00970
18	0.02195	0.02081	0.03529	0.43123	0.22913	0.02401	0.03035	0.02875	0.02208	0.02942	0.01914	0.02754	0.01494	0.01020	0.01054	0.00340	0.01360	0.00940	0.00487	0.01334
19	0.38382	0.13409	0.02476	0.01518	0.02300	0.02434	0.01299	0.02992	0.01976	0.03955	0.01588	0.01849	0.01304	0.00911	0.00695	0.00260	0.00866	0.00587	0.00609	0.20590
20	0.02827	0.63478	0.05540	0.01809	0.02714	0.04184	0.01809	0.03166	0.02148	0.02488	0.01470	0.01696	0.01357	0.00905	0.00678	0.00226	0.01131	0.00565	0.00452	0.01357
21	0.01997	0.01879	0.03171	0.60301	0.07282	0.02349	0.02936	0.02701	0.02114	0.02701	0.01879	0.02819	0.01409	0.01057	0.01057	0.00352	0.01409	0.00940	0.00470	0.01175
22	0.02630	0.02271	0.02391	0.02152	0.02749	0.02630	0.01674	0.05618	0.54336	0.04423	0.04303	0.03945	0.03228	0.01434	0.01076	0.00359	0.00837	0.01195	0.01076	0.01674
23	0.57739	0.02087	0.01709	0.01532	0.02176	0.02420	0.01243	0.03574	0.11558	0.04684	0.01998	0.02131	0.01532	0.01066	0.00733	0.00333	0.00821	0.00688	0.00733	0.01243
24	0.02458	0.02075	0.02263	0.02114	0.02646	0.02367	0.01679	0.04982	0.44696	0.04189	0.04544	0.05427	0.03758	0.01711	0.01147	0.00382	0.00862	0.10099	0.01057	0.01544
25	0.70310	0.02045	0.01554	0.01390	0.02045	0.02372	0.01145	0.03108	0.01799	0.04744	0.01472	0.01718	0.01145	0.00981	0.00654	0.00327	0.00818	0.00573	0.00654	0.01145
26	0.02630	0.02271	0.02391	0.02152	0.02749	0.02630	0.01674	0.05618	0.54336	0.04423	0.04303	0.03945	0.03228	0.01434	0.01076	0.00359	0.00837	0.01195	0.01076	0.01674
27	0.01388	0.01066	0.01370	0.01415	0.01620	0.01076	0.01042	0.01666	0.01974	0.02598	0.05941	0.17057	0.20516	0.09525	0.25678	0.00984	0.01551	0.01862	0.00782	0.00889
28	0.04049	0.02694	0.02981	0.02309	0.03131	0.02910	0.01900	0.40343	0.08322	0.15841	0.02974	0.02841	0.02058	0.01289	0.01060	0.00322	0.01090	0.00991	0.01106	0.01789
29	0.02181	0.01964	0.03046	0.15929	0.24753	0.02089	0.02390	0.03076	0.09195	0.03512	0.12526	0.08223	0.03757	0.01433	0.01112	0.00340	0.01045	0.01308	0.00737	0.01383
30	0.01538	0.01025	0.01153	0.01153	0.01153	0.01025	0.00641	0.01538	0.01538	0.02050	0.03331	0.06919	0.03844	0.62842	0.05382	0.01025	0.01025	0.01538	0.00641	0.00641
31	0.70310	0.02045	0.01554	0.01390	0.02045	0.02372	0.01145	0.03108	0.01799	0.04744	0.01472	0.01718	0.01145	0.00981	0.00654	0.00327	0.00818	0.00573	0.00654	0.01145
32	0.02569	0.02181	0.02498	0.25019	0.04302	0.09402	0.02024	0.03605	0.12648	0.07195	0.02811	0.03207	0.02114	0.01190	0.00983	0.00320	0.01138	0.00975	0.14532	0.01287
33	0.02842	0.02673	0.04305	0.03261	0.04124	0.02778	0.24944	0.13870	0.20907	0.04390	0.02966	0.03168	0.02204	0.01153	0.01151	0.00350	0.01334	0.01171	0.00825	0.01585
34	0.02216	0.01366	0.01824	0.01884	0.02216	0.01342	0.01570	0.06010	0.02619	0.10892	0.05226	0.19427	0.05466	0.02651	0.01356	0.00442	0.00910	0.30430	0.01028	0.01126
35	0.02112	0.01997	0.03379	0.50306	0.16377	0.02379	0.02994	0.02802	0.02169	0.02841	0.01900	0.02781	0.01459	0.01036	0.01055	0.00345	0.01381	0.00940	0.00480	0.01267
36	0.01530	0.01054	0.01302	0.01302	0.01354	0.01106	0.00826	0.01633	0.01582	0.02160	0.03195	0.06165	0.03517	0.47872	0.19904	0.01209	0.01518	0.01427	0.00620	0.00723
37	0.03299	0.38877	0.04469	0.02194	0.02947	0.27090	0.01908	0.03611	0.02505	0.02530	0.01539	0.01785	0.01359	0.00982	0.00794	0.00246	0.01457	0.00614	0.00491	0.01302
38	0.01288	0.00920	0.01227	0.01472	0.01534	0.00859	0.00981	0.01472	0.02024	0.02699	0.05828	0.62152	0.06993	0.03312	0.01350	0.00429	0.00613	0.03006	0.00981	0.00859
39	0.02114	0.01952	0.03026	0.49500	0.06440	0.02401	0.02702	0.03243	0.11814	0.03021	0.02330	0.03028	0.01747	0.01127	0.01061	0.00354	0.01303	0.00987	0.00582	0.01267
40	0.02516	0.02681	0.03172	0.21129	0.04306	0.13237	0.02462	0.02906	0.02033	0.02603	0.01591	0.02399	0.01390	0.01456	0.02232	0.00392	0.30955	0.00884	0.00480	0.01175
41	0.15935	0.02594	0.02649	0.02159	0.02898	0.02925	0.01753	0.30041	0.18493	0.05666	0.02845	0.02788	0.02085	0.01263	0.00988	0.00331	0.01006	0.00951	0.00988	0.01641

[dist]
# distance from previous block
# <min> <max>
0	1

[block]
# block no. 10 follows, 13 sequences, length 127
# corresponding to MSA columns:
# 1300-1426
name=unknown_K
#
# <colnr> <probs for GDERKNQSTAVLIFYWHMCP>
#	G	D	E	R	K	N	Q	S	T	A	V	L	I	F	Y	W	H	M	C	P
0	0.01494	0.01007	0.01166	0.01209	0.01220	0.00996	0.00701	0.01526	0.01623	0.02165	0.03772	0.16662	0.04399	0.52341	0.04670	0.00920	0.00952	0.01797	0.00701	0.00679
1	0.02192	0.01879	0.02192	0.01566	0.02506	0.01409	0.01253	0.02662	0.02192	0.03445	0.01879	0.02192	0.01566	0.00783	0.00783	0.00157	0.00783	0.00626	0.00626	0.69305
2	0.01361	0.00972	0.01311	0.01556	0.01649	0.00922	0.01109	0.01599	0.02097	0.02781	0.05787	0.53292	0.06833	0.03243	0.01369	0.00440	0.00677	0.11142	0.00980	0.00879
3	0.01325	0.00948	0.01260	0.01447	0.01542	0.00883	0.00984	0.01564	0.02195	0.02971	0.14623	0.52582	0.07519	0.03109	0.01331	0.00412	0.00593	0.02813	0.01014	0.00883
4	0.02630	0.02271	0.02391	0.02152	0.02749	0.02630	0.01674	0.05618	0.54336	0.04423	0.04303	0.03945	0.03228	0.01434	0.01076	0.00359	0.00837	0.01195	0.01076	0.01674
5	0.03015	0.02463	0.02608	0.02230	0.02896	0.02810	0.01767	0.18679	0.40648	0.05044	0.03814	0.03555	0.02831	0.01389	0.01071	0.00347	0.00927	0.01128	0.01071	0.01708
6	0.02507	0.02401	0.04094	0.15982	0.47609	0.02483	0.03190	0.03149	0.02356	0.03321	0.01969	0.02652	0.01628	0.00962	0.01049	0.00321	0.01283	0.00942	0.00514	0.01587
7	0.01916	0.01729	0.02815	0.49867	0.06201	0.02116	0.02531	0.02496	0.02012	0.02587	0.02135	0.03542	0.01839	0.11956	0.01820	0.00471	0.01342	0.01045	0.00500	0.01080
8	0.01784	0.01383	0.01661	0.01539	0.01876	0.01412	0.01169	0.02915	0.16022	0.04286	0.42649	0.06895	0.08264	0.01977	0.01204	0.00339	0.00585	0.01730	0.01142	0.01169
9	0.01975	0.01367	0.01509	0.01379	0.01528	0.01423	0.00882	0.10566	0.02143	0.02864	0.03192	0.06146	0.03483	0.51981	0.04619	0.00900	0.01049	0.01434	0.00714	0.00845
10	0.01784	0.00937	0.01338	0.01338	0.01338	0.00937	0.00869	0.01406	0.01406	0.01874	0.02100	0.03868	0.02191	0.14110	0.04353	0.57205	0.00937	0.01028	0.00491	0.00491
11	0.02176	0.02063	0.03496	0.44708	0.21470	0.02396	0.03026	0.02859	0.02199	0.02920	0.01911	0.02760	0.01486	0.01024	0.01054	0.00341	0.01365	0.00940	0.00485	0.01319
12	0.58208	0.01899	0.01580	0.01489	0.02070	0.02168	0.01244	0.02946	0.01911	0.04465	0.02200	0.03518	0.02016	0.01324	0.00797	0.00355	0.00845	0.09138	0.00711	0.01115
13	0.01496	0.01081	0.01413	0.01330	0.01580	0.00998	0.00998	0.01995	0.02993	0.04240	0.55689	0.07898	0.09976	0.02162	0.01247	0.00333	0.00499	0.01912	0.01164	0.00998
14	0.03625	0.01523	0.02065	0.01736	0.02320	0.01336	0.01367	0.03984	0.02772	0.39268	0.08573	0.18635	0.04285	0.01878	0.01149	0.00353	0.00797	0.01617	0.01215	0.01501
15	0.01974	0.04667	0.47461	0.02742	0.04039	0.02174	0.03391	0.03017	0.02196	0.03234	0.02591	0.12802	0.02337	0.01412	0.01065	0.00352	0.01395	0.01174	0.00541	0.01438
16	0.02121	0.05469	0.57364	0.03014	0.04576	0.02455	0.03906	0.03348	0.02232	0.03348	0.01897	0.02232	0.01339	0.01005	0.01005	0.00335	0.01563	0.00781	0.00446	0.01563
17	0.01288	0.00920	0.01227	0.01472	0.01534	0.00859	0.00981	0.01472	0.02024	0.02699	0.05828	0.62152	0.06993	0.03312	0.01350	0.00429	0.00613	0.03006	0.00981	0.00859
18	0.01286	0.00930	0.01217	0.01446	0.01527	0.00861	0.00970	0.01475	0.02050	0.02709	0.06149	0.58725	0.10212	0.03271	0.01343	0.00425	0.00608	0.02955	0.00981	0.00861
19	0.01837	0.00918	0.01377	0.01377	0.01377	0.00918	0.00918	0.01377	0.01377	0.01837	0.01837	0.03214	0.01837	0.03673	0.04132	0.69238	0.00918	0.00918	0.00459	0.00459
20	0.01538	0.01025	0.01153	0.01153	0.01153	0.01025	0.00641	0.01538	0.01538	0.02050	0.03331	0.06919	0.03844	0.62842	0.05382	0.01025	0.01025	0.01538	0.00641	0.00641
21	0.01478	0.01103	0.01388	0.01381	0.01653	0.01013	0.01079	0.01923	0.02764	0.03740	0.36779	0.09119	0.19557	0.02411	0.01285	0.00365	0.00591	0.10313	0.01090	0.00970
22	0.07987	0.02497	0.03400	0.08216	0.23771	0.02634	0.02437	0.20512	0.03306	0.11356	0.02410	0.02667	0.01780	0.01113	0.01026	0.00321	0.01160	0.00935	0.00812	0.01659
23	0.70310	0.02045	0.01554	0.01390	0.02045	0.02372	0.01145	0.03108	0.01799	0.04744	0.01472	0.01718	0.01145	0.00981	0.00654	0.00327	0.00818	0.00573	0.00654	0.01145
24	0.03141	0.02590	0.09380	0.06065	0.03127	0.02372	0.01939	0.26142	0.03550	0.08820	0.02773	0.02972	0.02017	0.01214	0.00966	0.00304	0.01032	0.00946	0.19145	0.01507
25	0.02630	0.02271	0.02391	0.02152	0.02749	0.02630	0.01674	0.05618	0.54336	0.04423	0.04303	0.03945	0.03228	0.01434	0.01076	0.00359	0.00837	0.01195	0.01076	0.01674
26	0.03672	0.19577	0.03647	0.02475	0.03130	0.41286	0.01982	0.07154	0.02914	0.02831	0.01653	0.01895	0.01389	0.01055	0.00891	0.00264	0.01663	0.00670	0.00555	0.01296
27	0.04371	0.01883	0.02443	0.01929	0.02708	0.01744	0.01575	0.05235	0.12077	0.47708	0.04195	0.03660	0.02725	0.01331	0.01065	0.00333	0.00889	0.01087	0.01268	0.01777
28	0.03069	0.03540	0.03308	0.21651	0.15045	0.29711	0.02563	0.03548	0.02601	0.02795	0.01782	0.02336	0.01439	0.01050	0.01005	0.00306	0.01621	0.00814	0.00517	0.01299
