[name]
unknown

[dist]
# distance from previous block
# <min> <max>
27	228

[block]
# block no. 0 follows, 12 sequences, length 10
# corresponding to MSA columns:
# 229-238
name=unknown_A
#
# <colnr> <probs for GDERKNQSTAVLIFYWHMCP>
#	G	D	E	R	K	N	Q	S	T	A	V	L	I	F	Y	W	H	M	C	P
0	0.03596	0.02851	0.03386	0.02649	0.03477	0.03136	0.07086	0.34055	0.17683	0.05898	0.03063	0.03041	0.02229	0.01314	0.01116	0.00343	0.01176	0.01081	0.01039	0.01780
1	0.02977	0.02270	0.02724	0.08520	0.03389	0.02404	0.01861	0.12449	0.16039	0.09691	0.02918	0.03031	0.02186	0.01250	0.01224	0.00312	0.05767	0.00968	0.00888	0.19132
2	0.02187	0.05640	0.56031	0.03108	0.04719	0.02532	0.04029	0.03453	0.02302	0.03453	0.01957	0.02302	0.01381	0.01036	0.01036	0.00345	0.01611	0.00806	0.00460	0.01611
3	0.02373	0.08394	0.02264	0.01666	0.02184	0.01877	0.01336	0.03463	0.15466	0.10477	0.21768	0.06250	0.14389	0.01877	0.01152	0.00341	0.00735	0.01576	0.01081	0.01332
4	0.01586	0.01057	0.01189	0.01189	0.01189	0.01057	0.00661	0.01586	0.01586	0.02114	0.03436	0.07135	0.03964	0.61681	0.05550	0.01057	0.01057	0.01586	0.00661	0.00661
5	0.10189	0.01228	0.01432	0.01411	0.01563	0.01337	0.00965	0.01914	0.01676	0.02608	0.03018	0.05488	0.03191	0.35853	0.22477	0.01201	0.01661	0.01318	0.00637	0.00833
6	0.02134	0.02083	0.03729	0.51163	0.07247	0.02471	0.09972	0.02888	0.02237	0.02888	0.01977	0.02912	0.01483	0.01065	0.01119	0.00364	0.01509	0.01015	0.00494	0.01249
7	0.02979	0.02749	0.03024	0.10146	0.10016	0.12454	0.02217	0.09011	0.09858	0.06857	0.02836	0.08887	0.02466	0.01539	0.01465	0.00363	0.09739	0.01188	0.00770	0.01434
8	0.02231	0.01343	0.01688	0.01556	0.01922	0.01291	0.01180	0.02971	0.08485	0.12593	0.29771	0.14319	0.07265	0.02102	0.01212	0.00353	0.00638	0.01839	0.06018	0.01222
9	0.02569	0.02620	0.04134	0.19021	0.25360	0.06490	0.09083	0.03187	0.02341	0.03156	0.01926	0.02686	0.01582	0.01142	0.01464	0.00359	0.09918	0.00990	0.00520	0.01453

[dist]
# distance from previous block
# <min> <max>
4	41

[block]
# block no. 1 follows, 12 sequences, length 105
# corresponding to MSA columns:
# 280-384
name=unknown_B
#
# <colnr> <probs for GDERKNQSTAVLIFYWHMCP>
#	G	D	E	R	K	N	Q	S	T	A	V	L	I	F	Y	W	H	M	C	P
0	0.08641	0.22278	0.10941	0.07501	0.07915	0.03125	0.02295	0.11469	0.02723	0.03842	0.01894	0.02213	0.01513	0.01022	0.00888	0.00285	0.01200	0.00756	0.00619	0.08882
1	0.04015	0.01780	0.02350	0.01833	0.02623	0.01501	0.01482	0.04426	0.02847	0.40057	0.04009	0.09204	0.02941	0.01451	0.01069	0.00313	0.00874	0.01210	0.01177	0.14835
2	0.02261	0.01938	0.02261	0.01615	0.02584	0.01453	0.01292	0.02745	0.02261	0.03553	0.01938	0.02261	0.01615	0.00807	0.00807	0.00161	0.00807	0.00646	0.00646	0.68346
3	0.03171	0.01910	0.02354	0.01727	0.02653	0.01505	0.01399	0.03633	0.02558	0.21559	0.02755	0.02762	0.01990	0.00995	0.00907	0.00222	0.00849	0.00802	0.00889	0.45358
4	0.02738	0.01379	0.01840	0.01575	0.02041	0.01234	0.01234	0.03220	0.03099	0.22667	0.36459	0.06562	0.07580	0.01915	0.01218	0.00341	0.00662	0.01659	0.01254	0.01324
5	0.01581	0.01063	0.01216	0.01208	0.01234	0.01054	0.00698	0.01633	0.01737	0.02342	0.08569	0.07237	0.04602	0.55681	0.05119	0.00985	0.01002	0.01625	0.00715	0.00698
6	0.10103	0.03534	0.07898	0.07664	0.03884	0.18563	0.07616	0.11087	0.02959	0.08347	0.02123	0.02453	0.01597	0.01193	0.01242	0.00337	0.06372	0.00886	0.00700	0.01441
7	0.01847	0.07631	0.16114	0.06822	0.03024	0.01812	0.02032	0.02537	0.02669	0.03697	0.27278	0.05862	0.10902	0.01763	0.01154	0.00338	0.00940	0.01496	0.00864	0.01217
8	0.10216	0.50581	0.05322	0.02053	0.02972	0.03974	0.06014	0.03278	0.02207	0.02902	0.01576	0.01854	0.01397	0.00940	0.00747	0.00256	0.01188	0.00644	0.00497	0.01381
9	0.62188	0.02213	0.01787	0.01552	0.02249	0.02549	0.01279	0.08503	0.02216	0.05110	0.01639	0.01865	0.01255	0.01045	0.00721	0.00336	0.00883	0.00634	0.00721	0.01255
10	0.01672	0.01250	0.01569	0.01465	0.01762	0.01214	0.01106	0.02470	0.08581	0.04393	0.48805	0.07695	0.09521	0.02146	0.01267	0.00346	0.00553	0.01890	0.01190	0.01106
11	0.03219	0.03559	0.03987	0.03201	0.03907	0.21637	0.16437	0.07766	0.12824	0.03599	0.02431	0.02755	0.01895	0.01216	0.01333	0.00345	0.06711	0.01023	0.00700	0.01454
12	0.01561	0.01156	0.01690	0.01690	0.01863	0.01329	0.01285	0.01907	0.01734	0.02485	0.02977	0.04598	0.02862	0.14078	0.51646	0.01676	0.02715	0.01214	0.00593	0.00939
13	0.01682	0.01066	0.01445	0.01568	0.01730	0.01013	0.01104	0.01941	0.02225	0.07484	0.09629	0.45247	0.06586	0.03661	0.07529	0.00570	0.00901	0.02617	0.01010	0.00992
14	0.02270	0.02215	0.03118	0.02707	0.02735	0.03063	0.02242	0.02529	0.01681	0.02611	0.01640	0.02651	0.01612	0.02785	0.11099	0.00655	0.51747	0.00984	0.00492	0.01162
15	0.01567	0.01180	0.01460	0.01412	0.01687	0.01115	0.01049	0.02192	0.06329	0.04026	0.39964	0.13993	0.15165	0.02377	0.01286	0.00359	0.00556	0.02088	0.01149	0.01047
16	0.02700	0.02563	0.04210	0.06199	0.49140	0.02604	0.03168	0.03616	0.08044	0.03672	0.02314	0.02850	0.01904	0.01028	0.01083	0.00329	0.01248	0.01000	0.00603	0.01727
17	0.02912	0.06861	0.12927	0.01966	0.02724	0.01757	0.01883	0.03495	0.02767	0.21670	0.17290	0.10794	0.04883	0.01721	0.01138	0.00344	0.00937	0.01457	0.01030	0.01443
18	0.41242	0.02787	0.02229	0.01902	0.02606	0.12068	0.01532	0.11910	0.02745	0.09166	0.01975	0.02117	0.01466	0.01112	0.00836	0.00326	0.01107	0.00721	0.00785	0.01369
19	0.62675	0.08187	0.02017	0.01477	0.02178	0.02635	0.01250	0.03211	0.01892	0.04657	0.01518	0.01769	0.01203	0.01004	0.00677	0.00327	0.00876	0.00590	0.00654	0.01203
20	0.01391	0.00997	0.01321	0.01476	0.01595	0.00927	0.01017	0.01675	0.02378	0.03245	0.20036	0.45627	0.08105	0.03071	0.01361	0.00414	0.00598	0.02772	0.01067	0.00927
21	0.01834	0.01604	0.02665	0.02274	0.02565	0.01733	0.11071	0.02195	0.01898	0.02654	0.03054	0.10237	0.03131	0.18842	0.21834	0.01033	0.08273	0.01467	0.00628	0.01010
22	0.01576	0.00995	0.01331	0.01407	0.01474	0.00958	0.00935	0.01593	0.01975	0.02677	0.12618	0.25608	0.05608	0.13420	0.02940	0.20521	0.00779	0.02010	0.00825	0.00750
23	0.02122	0.01243	0.01643	0.01470	0.01828	0.01128	0.01128	0.02620	0.03092	0.13227	0.45667	0.07379	0.08977	0.02077	0.01253	0.00342	0.00586	0.01821	0.01226	0.01172
24	0.04701	0.01898	0.02525	0.01964	0.02788	0.01700	0.01613	0.05356	0.07485	0.51158	0.04314	0.03742	0.02754	0.01361	0.01098	0.00340	0.00922	0.01108	0.01328	0.01844
25	0.02614	0.02240	0.02381	0.02148	0.02735	0.02572	0.01668	0.05482	0.48751	0.04545	0.08600	0.04408	0.03909	0.01542	0.01124	0.00368	0.00834	0.01294	0.01117	0.01668
26	0.02870	0.02421	0.02554	0.02251	0.02896	0.02786	0.01764	0.10806	0.47640	0.04816	0.04237	0.03908	0.03166	0.01460	0.01107	0.00365	0.00900	0.01205	0.01107	0.01740
27	0.02172	0.02008	0.03131	0.49209	0.06700	0.02473	0.02802	0.03307	0.10972	0.03094	0.02371	0.03108	0.01778	0.01158	0.01093	0.00364	0.01351	0.01015	0.00593	0.01300
28	0.10331	0.11576	0.07287	0.07756	0.12205	0.02588	0.02195	0.07740	0.05971	0.11756	0.07709	0.03223	0.02692	0.01231	0.01001	0.00324	0.01093	0.00995	0.00806	0.01523
29	0.04081	0.04960	0.03110	0.02776	0.03372	0.51357	0.02103	0.09525	0.03314	0.03132	0.01788	0.02038	0.01454	0.01144	0.00995	0.00286	0.01882	0.00733	0.00620	0.01329
30	0.07665	0.01200	0.01460	0.01446	0.01724	0.01151	0.01063	0.02298	0.02574	0.08305	0.24598	0.24829	0.07150	0.02369	0.01208	0.00368	0.00618	0.02078	0.06832	0.01064
31	0.04145	0.03054	0.03272	0.02509	0.03381	0.03381	0.02072	0.51243	0.05127	0.06872	0.02618	0.02618	0.01854	0.01309	0.01091	0.00327	0.01200	0.00982	0.01091	0.01854
32	0.08094	0.01953	0.02204	0.01599	0.02543	0.01540	0.01282	0.02785	0.02226	0.03669	0.01902	0.02218	0.01577	0.00825	0.00796	0.00177	0.00811	0.00641	0.00648	0.62509
33	0.04145	0.03054	0.03272	0.02509	0.03381	0.03381	0.02072	0.51243	0.05127	0.06872	0.02618	0.02618	0.01854	0.01309	0.01091	0.00327	0.01200	0.00982	0.01091	0.01854
34	0.01821	0.01198	0.01551	0.01566	0.01690	0.01224	0.01085	0.02009	0.02084	0.07284	0.08927	0.31010	0.05660	0.19547	0.02729	0.00602	0.05944	0.02211	0.00911	0.00945
35	0.01500	0.01113	0.01397	0.01326	0.01602	0.01010	0.00995	0.01974	0.02984	0.04129	0.46934	0.08545	0.17810	0.02320	0.01286	0.00347	0.00521	0.02028	0.01168	0.01010
36	0.01728	0.01278	0.01568	0.01677	0.01868	0.01290	0.01179	0.06893	0.06636	0.03344	0.05536	0.50331	0.06347	0.03042	0.01338	0.00425	0.00709	0.02730	0.01028	0.01054
37	0.02187	0.05640	0.56031	0.03108	0.04719	0.02532	0.04029	0.03453	0.02302	0.03453	0.01957	0.02302	0.01381	0.01036	0.01036	0.00345	0.01611	0.00806	0.00460	0.01611
38	0.01379	0.00970	0.01250	0.01453	0.01504	0.00920	0.00943	0.01532	0.01988	0.02651	0.05500	0.50318	0.06569	0.14944	0.02214	0.00564	0.00717	0.02800	0.00943	0.00841
39	0.01328	0.00949	0.01265	0.01518	0.01581	0.00886	0.01012	0.01518	0.02088	0.02783	0.06010	0.60969	0.07212	0.03416	0.01392	0.00443	0.00633	0.03100	0.01012	0.00886
40	0.07881	0.01909	0.02709	0.13775	0.07320	0.02348	0.02140	0.02556	0.02117	0.03185	0.08241	0.09834	0.03401	0.01878	0.02000	0.00415	0.21298	0.05144	0.00678	0.01171
41	0.02059	0.01938	0.03270	0.59060	0.07510	0.02422	0.03028	0.02786	0.02180	0.02786	0.01938	0.02907	0.01453	0.01090	0.01090	0.00363	0.01453	0.00969	0.00484	0.01211
42	0.01379	0.01060	0.01269	0.01365	0.01594	0.00949	0.00994	0.01681	0.02445	0.03154	0.16306	0.28740	0.26160	0.02927	0.01341	0.00400	0.00606	0.05652	0.01044	0.00932
43	0.08446	0.01754	0.02082	0.01762	0.02374	0.01764	0.01411	0.04427	0.13262	0.26389	0.03858	0.03758	0.02739	0.01906	0.05698	0.00446	0.00991	0.01077	0.14319	0.01538
44	0.07384	0.01808	0.02654	0.12834	0.16568	0.01904	0.02039	0.02897	0.05532	0.06667	0.08153	0.04024	0.06330	0.01848	0.01706	0.13506	0.01040	0.01155	0.00716	0.01236
45	0.01361	0.01080	0.01224	0.01245	0.01532	0.00942	0.00912	0.01684	0.02572	0.03287	0.21369	0.18633	0.34825	0.02737	0.01306	0.00375	0.00556	0.02354	0.01061	0.00942
46	0.01585	0.01082	0.01185	0.01159	0.01460	0.00981	0.00869	0.02001	0.02608	0.03707	0.21916	0.07889	0.25873	0.02161	0.01133	0.00327	0.00528	0.01823	0.20730	0.00981
47	0.02510	0.02398	0.04085	0.22124	0.40921	0.02541	0.03253	0.03181	0.02394	0.03333	0.02018	0.02760	0.01646	0.01006	0.01083	0.00335	0.01342	0.00971	0.00523	0.01575
48	0.02915	0.62337	0.05714	0.01866	0.02799	0.04314	0.01866	0.03265	0.02215	0.02565	0.01516	0.01749	0.01399	0.00933	0.00700	0.00233	0.01166	0.00583	0.00466	0.01399
49	0.01558	0.01168	0.01752	0.01752	0.01947	0.01363	0.01363	0.01947	0.01752	0.02531	0.02921	0.04283	0.02726	0.08178	0.57360	0.01752	0.02921	0.01168	0.00584	0.00974
50	0.01901	0.01028	0.01067	0.01067	0.01246	0.01028	0.00732	0.02259	0.02080	0.03490	0.03521	0.04970	0.03139	0.19072	0.02173	0.00491	0.00670	0.01184	0.47969	0.00911
51	0.69383	0.02109	0.01603	0.01434	0.02109	0.02446	0.01181	0.03205	0.01856	0.04892	0.01518	0.01771	0.01181	0.01012	0.00675	0.00337	0.00843	0.00590	0.00675	0.01181
52	0.02673	0.01588	0.02313	0.01961	0.02434	0.01522	0.06265	0.03300	0.06885	0.18163	0.12758	0.13176	0.04775	0.10120	0.06463	0.00570	0.01083	0.01637	0.01021	0.01295
53	0.01429	0.01025	0.01365	0.01518	0.01655	0.00960	0.01082	0.01742	0.02419	0.03294	0.20220	0.41138	0.08036	0.03031	0.01371	0.00419	0.00630	0.06662	0.01067	0.00938
54	0.03647	0.02998	0.02979	0.02436	0.03193	0.07878	0.01957	0.31541	0.21342	0.05711	0.03161	0.03058	0.02321	0.01351	0.01088	0.00338	0.01151	0.01043	0.01051	0.01758
55	0.02187	0.05640	0.56031	0.03108	0.04719	0.02532	0.04029	0.03453	0.02302	0.03453	0.01957	0.02302	0.01381	0.01036	0.01036	0.00345	0.01611	0.00806	0.00460	0.01611
56	0.02726	0.47611	0.18782	0.02188	0.03297	0.03851	0.02427	0.03314	0.02238	0.02796	0.01630	0.01893	0.01395	0.00960	0.00787	0.00262	0.01282	0.00641	0.00465	0.01454
57	0.04324	0.01709	0.02288	0.01799	0.02534	0.01496	0.01470	0.04762	0.03034	0.46151	0.08400	0.04117	0.03342	0.01415	0.01079	0.00329	0.00851	0.01161	0.08037	0.01702
58	0.01452	0.01084	0.01349	0.01340	0.01588	0.00981	0.00983	0.01860	0.02786	0.03795	0.36771	0.17768	0.19137	0.02547	0.01305	0.00366	0.00543	0.02237	0.01128	0.00981
59	0.02059	0.01938	0.03270	0.59060	0.07510	0.02422	0.03028	0.02786	0.02180	0.02786	0.01938	0.02907	0.01453	0.01090	0.01090	0.00363	0.01453	0.00969	0.00484	0.01211
60	0.02564	0.02453	0.04182	0.17753	0.44875	0.02555	0.03279	0.03228	0.02419	0.03398	0.02027	0.02743	0.01669	0.00997	0.01082	0.00332	0.01329	0.00971	0.00528	0.01618
61	0.04073	0.05197	0.03090	0.02809	0.03371	0.57303	0.02107	0.04354	0.03090	0.02669	0.01685	0.01966	0.01404	0.01124	0.00983	0.00281	0.01966	0.00702	0.00562	0.01264
62	0.02789	0.01709	0.02003	0.01718	0.02129	0.01733	0.01272	0.15152	0.03013	0.12965	0.10195	0.10935	0.04342	0.22050	0.02654	0.00589	0.00959	0.01547	0.00996	0.01247
63	0.01782	0.01433	0.01671	0.01543	0.01964	0.01346	0.01157	0.02633	0.11285	0.03714	0.20009	0.17076	0.14571	0.02179	0.01195	0.00340	0.00654	0.01894	0.01022	0.12532
64	0.01328	0.00949	0.01265	0.01518	0.01581	0.00886	0.01012	0.01518	0.02088	0.02783	0.06010	0.60969	0.07212	0.03416	0.01392	0.00443	0.00633	0.03100	0.01012	0.00886
65	0.02156	0.01334	0.01645	0.01501	0.01898	0.01241	0.01147	0.02804	0.07188	0.12841	0.29176	0.11472	0.16881	0.02207	0.01247	0.00357	0.00632	0.01907	0.01167	0.01199
66	0.01781	0.01331	0.01884	0.01818	0.02071	0.01537	0.01424	0.06206	0.02044	0.02906	0.02894	0.04140	0.02651	0.07584	0.52498	0.01629	0.02772	0.01152	0.00628	0.01050
67	0.02187	0.05640	0.56031	0.03108	0.04719	0.02532	0.04029	0.03453	0.02302	0.03453	0.01957	0.02302	0.01381	0.01036	0.01036	0.00345	0.01611	0.00806	0.00460	0.01611
68	0.01366	0.00978	0.01299	0.01493	0.01590	0.00910	0.01015	0.01612	0.02261	0.03059	0.14379	0.51814	0.07745	0.03210	0.01373	0.00426	0.00612	0.02904	0.01045	0.00910
69	0.01318	0.00989	0.01224	0.01411	0.01553	0.00895	0.00965	0.01530	0.02190	0.02825	0.07311	0.47927	0.19414	0.03247	0.01365	0.00424	0.00612	0.02893	0.01012	0.00895
70	0.02915	0.62337	0.05714	0.01866	0.02799	0.04314	0.01866	0.03265	0.02215	0.02565	0.01516	0.01749	0.01399	0.00933	0.00700	0.00233	0.01166	0.00583	0.00466	0.01399
71	0.02187	0.05640	0.56031	0.03108	0.04719	0.02532	0.04029	0.03453	0.02302	0.03453	0.01957	0.02302	0.01381	0.01036	0.01036	0.00345	0.01611	0.00806	0.00460	0.01611
72	0.02179	0.01279	0.01721	0.01635	0.01992	0.01187	0.01317	0.02674	0.02943	0.12969	0.33077	0.08452	0.07934	0.02279	0.01310	0.00383	0.00713	0.13614	0.01175	0.01166
73	0.01580	0.01163	0.01519	0.01629	0.01885	0.01102	0.01325	0.02023	0.02642	0.03502	0.21142	0.14905	0.15402	0.02772	0.01395	0.00428	0.00753	0.22781	0.01065	0.00988
74	0.02915	0.62337	0.05714	0.01866	0.02799	0.04314	0.01866	0.03265	0.02215	0.02565	0.01516	0.01749	0.01399	0.00933	0.00700	0.00233	0.01166	0.00583	0.00466	0.01399
75	0.01672	0.01339	0.02020	0.06870	0.02512	0.01624	0.01596	0.02078	0.01783	0.02561	0.02708	0.04001	0.02504	0.07023	0.47852	0.01522	0.07621	0.01133	0.00566	0.01013
76	0.69383	0.02109	0.01603	0.01434	0.02109	0.02446	0.01181	0.03205	0.01856	0.04892	0.01518	0.01771	0.01181	0.01012	0.00675	0.00337	0.00843	0.00590	0.00675	0.01181
77	0.01541	0.01118	0.01467	0.01452	0.01612	0.01169	0.01037	0.01821	0.02002	0.02766	0.12986	0.06404	0.08921	0.23413	0.26250	0.01163	0.01702	0.01541	0.00755	0.00881
78	0.03171	0.01909	0.02354	0.01727	0.02653	0.01505	0.01399	0.03634	0.02559	0.21575	0.02756	0.02763	0.01990	0.00995	0.00907	0.00222	0.00849	0.00802	0.00889	0.45338
79	0.02574	0.02941	0.06434	0.04596	0.05699	0.02757	0.50919	0.03493	0.02574	0.03493	0.02206	0.02941	0.01654	0.00919	0.01287	0.00368	0.01838	0.01287	0.00551	0.01471
80	0.03748	0.03663	0.02996	0.02545	0.03236	0.23160	0.01996	0.22150	0.16720	0.04719	0.02743	0.02751	0.02069	0.01284	0.01056	0.00321	0.01396	0.00943	0.00900	0.01603
81	0.03242	0.02606	0.02764	0.02326	0.03037	0.02960	0.01854	0.22611	0.35229	0.05416	0.03764	0.03531	0.02783	0.01416	0.01103	0.00354	0.00988	0.01140	0.01103	0.01773
82	0.04132	0.08091	0.03372	0.02401	0.03254	0.06944	0.01997	0.38008	0.04480	0.12506	0.02677	0.02640	0.01894	0.01269	0.01051	0.00317	0.01215	0.00943	0.01035	0.01775
83	0.02820	0.02396	0.02526	0.02241	0.02876	0.02762	0.01752	0.09218	0.49310	0.04735	0.04301	0.03959	0.03217	0.01466	0.01108	0.00367	0.00888	0.01214	0.01108	0.01736
84	0.02420	0.05314	0.51425	0.03007	0.04552	0.02452	0.03820	0.03613	0.02373	0.07946	0.02159	0.02423	0.01495	0.01063	0.01041	0.00345	0.01553	0.00831	0.00537	0.01632
85	0.03328	0.01817	0.02609	0.18807	0.04090	0.01878	0.02060	0.04080	0.06974	0.26640	0.03872	0.04993	0.03005	0.01572	0.01167	0.00376	0.01090	0.09120	0.01014	0.01507
86	0.01328	0.00949	0.01265	0.01518	0.01581	0.00886	0.01012	0.01518	0.02088	0.02783	0.06010	0.60969	0.07212	0.03416	0.01392	0.00443	0.00633	0.03100	0.01012	0.00886
87	0.02473	0.02668	0.08541	0.21235	0.37127	0.02538	0.03315	0.03197	0.02381	0.03333	0.02011	0.02724	0.01620	0.01011	0.01079	0.00337	0.01367	0.00957	0.00517	0.01571
88	0.02453	0.03453	0.18043	0.09016	0.09651	0.02655	0.27579	0.03567	0.05930	0.03500	0.02261	0.02836	0.01690	0.01006	0.01177	0.00358	0.01634	0.01108	0.00560	0.01523
89	0.01847	0.01516	0.02101	0.16433	0.03113	0.01806	0.01572	0.02076	0.01754	0.02376	0.02700	0.05217	0.02875	0.35640	0.04055	0.00777	0.11346	0.01317	0.00583	0.00895
90	0.01468	0.01112	0.01353	0.01292	0.01583	0.00997	0.00969	0.01911	0.02908	0.03948	0.41443	0.08843	0.23414	0.02387	0.01287	0.00350	0.00526	0.02070	0.01144	0.00997
91	0.02297	0.01201	0.01494	0.01416	0.01686	0.01123	0.01005	0.02584	0.02339	0.14200	0.10788	0.18266	0.05049	0.17535	0.02283	0.00534	0.00768	0.01778	0.12580	0.01073
92	0.03302	0.03801	0.02593	0.02402	0.02890	0.36054	0.01825	0.07636	0.03046	0.03122	0.03529	0.10253	0.07842	0.01715	0.01112	0.00330	0.01530	0.05062	0.00740	0.01217
93	0.02289	0.10249	0.46694	0.03151	0.04653	0.02708	0.08575	0.03441	0.02322	0.03381	0.01944	0.02319	0.01410	0.01015	0.01032	0.00338	0.01596	0.00835	0.00470	0.01579
94	0.02261	0.01938	0.02261	0.01615	0.02584	0.01453	0.01292	0.02745	0.02261	0.03553	0.01938	0.02261	0.01615	0.00807	0.00807	0.00161	0.00807	0.00646	0.00646	0.68346
95	0.02352	0.01707	0.02309	0.01950	0.02462	0.01680	0.06285	0.07276	0.10011	0.09836	0.21527	0.10837	0.13214	0.01993	0.01233	0.00359	0.00818	0.01759	0.01085	0.01306
96	0.02291	0.02335	0.11377	0.02050	0.02659	0.01885	0.01898	0.03390	0.12601	0.09072	0.18550	0.05897	0.09230	0.01861	0.01400	0.00374	0.05890	0.04909	0.00977	0.01354
97	0.02371	0.01508	0.01858	0.01587	0.02120	0.01345	0.01229	0.03039	0.07107	0.13518	0.22932	0.09987	0.10164	0.01855	0.01149	0.00318	0.00692	0.01596	0.01080	0.14547
98	0.15015	0.02174	0.02786	0.08423	0.11459	0.02226	0.01981	0.08211	0.07059	0.21335	0.02937	0.02976	0.02067	0.01177	0.01002	0.00328	0.01035	0.00949	0.00929	0.05930
99	0.08784	0.08006	0.11927	0.02081	0.03099	0.02352	0.01982	0.12380	0.02864	0.09936	0.02257	0.02408	0.01683	0.01030	0.00911	0.00265	0.01066	0.00776	0.00763	0.25430
100	0.16436	0.12573	0.03063	0.06733	0.03116	0.02796	0.01773	0.18555	0.03171	0.11280	0.02715	0.08356	0.02260	0.01386	0.00973	0.00329	0.01053	0.01064	0.00877	0.01492
101	0.02350	0.01719	0.02118	0.02107	0.06167	0.01722	0.01467	0.06458	0.12479	0.08272	0.08772	0.14608	0.08411	0.06171	0.05068	0.00483	0.00969	0.01619	0.00959	0.08080
102	0.08810	0.02131	0.02437	0.01932	0.02702	0.02106	0.01563	0.14563	0.07409	0.13414	0.02814	0.02972	0.02115	0.02044	0.08233	0.00469	0.01199	0.00915	0.00905	0.21266
103	0.27062	0.02477	0.03039	0.02948	0.11320	0.06144	0.08139	0.03985	0.06857	0.14281	0.02506	0.02667	0.01831	0.01108	0.00961	0.00338	0.01140	0.00905	0.00800	0.01492
104	0.19334	0.01757	0.01969	0.01704	0.02289	0.01752	0.01372	0.07323	0.02772	0.16690	0.12951	0.09547	0.04299	0.01713	0.01069	0.00349	0.00826	0.05304	0.01026	0.05955

[dist]
# distance from previous block
# <min> <max>
14	99

[block]
# block no. 2 follows, 12 sequences, length 7
# corresponding to MSA columns:
# 484-490
name=unknown_C
#
# <colnr> <probs for GDERKNQSTAVLIFYWHMCP>
#	G	D	E	R	K	N	Q	S	T	A	V	L	I	F	Y	W	H	M	C	P
0	0.17448	0.02351	0.03561	0.16157	0.33482	0.02524	0.02798	0.03201	0.02281	0.03701	0.01909	0.02534	0.01550	0.01005	0.00991	0.00335	0.01227	0.00886	0.00559	0.01500
1	0.04145	0.03054	0.03272	0.02509	0.03381	0.03381	0.02072	0.51243	0.05127	0.06872	0.02618	0.02618	0.01854	0.01309	0.01091	0.00327	0.01200	0.00982	0.01091	0.01854
2	0.02269	0.01279	0.01667	0.01476	0.01874	0.01148	0.01140	0.02743	0.03044	0.15691	0.39539	0.07351	0.12277	0.02077	0.01244	0.00344	0.00610	0.01804	0.01218	0.01204
3	0.01667	0.01306	0.01545	0.01599	0.01856	0.01321	0.01151	0.02566	0.13641	0.03461	0.14205	0.33334	0.12722	0.02708	0.01299	0.00401	0.00655	0.02399	0.01065	0.01101
4	0.03730	0.23930	0.07320	0.02277	0.03142	0.15319	0.02039	0.11804	0.03077	0.14132	0.02329	0.02374	0.01738	0.01128	0.00929	0.00288	0.01330	0.00794	0.00769	0.01550
5	0.02809	0.01988	0.02251	0.01984	0.02558	0.02155	0.01550	0.04881	0.33628	0.12894	0.15542	0.04919	0.04778	0.01625	0.01147	0.00359	0.00796	0.01375	0.01169	0.01592
6	0.03834	0.06570	0.03157	0.02263	0.03131	0.02928	0.01879	0.33185	0.07429	0.12347	0.02798	0.02753	0.02000	0.01238	0.01032	0.00305	0.01092	0.00945	0.01030	0.10084

[dist]
# distance from previous block
# <min> <max>
2	7

[block]
# block no. 3 follows, 12 sequences, length 43
# corresponding to MSA columns:
# 498-540
name=unknown_D
#
# <colnr> <probs for GDERKNQSTAVLIFYWHMCP>
#	G	D	E	R	K	N	Q	S	T	A	V	L	I	F	Y	W	H	M	C	P
0	0.29462	0.02235	0.02628	0.03011	0.16250	0.02366	0.01889	0.03826	0.10402	0.09262	0.02431	0.02612	0.01852	0.01093	0.00903	0.00325	0.00971	0.00848	0.00772	0.06863
1	0.15029	0.02042	0.02478	0.12803	0.03536	0.02200	0.01816	0.08395	0.10918	0.19892	0.07240	0.03531	0.02828	0.01328	0.01038	0.00347	0.00994	0.01065	0.00992	0.01526
2	0.12794	0.02127	0.03295	0.37006	0.18421	0.02468	0.02817	0.02991	0.02204	0.03309	0.01900	0.02677	0.01479	0.01048	0.01022	0.00349	0.01318	0.00910	0.00528	0.01335
3	0.02822	0.30068	0.25301	0.02520	0.03660	0.12597	0.02768	0.03525	0.02398	0.02936	0.01720	0.02006	0.01393	0.01006	0.00882	0.00286	0.01479	0.00692	0.00480	0.01461
4	0.02612	0.05045	0.47627	0.02924	0.04415	0.02386	0.03647	0.03745	0.02431	0.11650	0.02325	0.02523	0.01588	0.01085	0.01045	0.00344	0.01504	0.00851	0.00600	0.01650
5	0.01289	0.01105	0.01105	0.01105	0.01473	0.00920	0.00828	0.01565	0.02485	0.02946	0.11046	0.10493	0.54437	0.02761	0.01289	0.00368	0.00552	0.02301	0.01013	0.00920
6	0.01586	0.01057	0.01189	0.01189	0.01189	0.01057	0.00661	0.01586	0.01586	0.02114	0.03436	0.07135	0.03964	0.61681	0.05550	0.01057	0.01057	0.01586	0.00661	0.00661
7	0.01543	0.01115	0.01457	0.01372	0.01629	0.01029	0.01029	0.02058	0.03086	0.04372	0.54304	0.08145	0.10288	0.02229	0.01286	0.00343	0.00514	0.01972	0.01200	0.01029
8	0.02915	0.62337	0.05714	0.01866	0.02799	0.04314	0.01866	0.03265	0.02215	0.02565	0.01516	0.01749	0.01399	0.00933	0.00700	0.00233	0.01166	0.00583	0.00466	0.01399
9	0.01445	0.01111	0.01321	0.01269	0.01569	0.00987	0.00951	0.01867	0.02854	0.03821	0.37601	0.09052	0.27335	0.02435	0.01287	0.00353	0.00529	0.02099	0.01128	0.00987
10	0.01462	0.01111	0.01345	0.01287	0.01579	0.00994	0.00965	0.01901	0.02895	0.03918	0.40538	0.08892	0.24337	0.02398	0.01287	0.00351	0.00526	0.02077	0.01141	0.00994
11	0.02301	0.14547	0.48127	0.02913	0.04417	0.02812	0.03689	0.03423	0.02288	0.03314	0.01887	0.02215	0.01384	0.01020	0.00983	0.00328	0.01541	0.00771	0.00461	0.01578
12	0.02464	0.02351	0.04001	0.25925	0.37483	0.02529	0.03229	0.03140	0.02372	0.03277	0.02009	0.02775	0.01627	0.01015	0.01083	0.00338	0.01353	0.00971	0.00519	0.01538
13	0.01348	0.01018	0.01246	0.01377	0.01557	0.00916	0.00961	0.01610	0.02348	0.03061	0.14468	0.38635	0.21396	0.03054	0.01346	0.00407	0.00592	0.02704	0.01039	0.00916
14	0.03487	0.03595	0.02845	0.02501	0.03137	0.24562	0.01934	0.12612	0.25298	0.04183	0.03046	0.02995	0.02322	0.01310	0.01056	0.00327	0.01357	0.00981	0.00888	0.01563
15	0.02504	0.01273	0.01607	0.01419	0.01821	0.01168	0.01101	0.02993	0.02884	0.17018	0.28503	0.05968	0.06427	0.01758	0.01101	0.00318	0.00615	0.01502	0.18789	0.01231
16	0.02253	0.01823	0.01982	0.01816	0.02291	0.02005	0.01398	0.04252	0.32125	0.04353	0.17465	0.05562	0.08717	0.01743	0.01136	0.00353	0.00720	0.01477	0.07101	0.01428
17	0.01581	0.01075	0.01278	0.01278	0.01308	0.01105	0.00771	0.01642	0.01612	0.02180	0.03355	0.06687	0.03770	0.53276	0.13689	0.01166	0.01350	0.01520	0.00649	0.00710
18	0.14195	0.18005	0.03440	0.02166	0.02932	0.17891	0.01811	0.11185	0.02993	0.12619	0.02203	0.02277	0.01656	0.01125	0.00900	0.00295	0.01299	0.00764	0.00770	0.01475
19	0.10491	0.02151	0.02717	0.10987	0.03590	0.02196	0.01887	0.14613	0.03284	0.31940	0.03300	0.03163	0.02175	0.01268	0.01054	0.00339	0.01061	0.01003	0.01093	0.01689
20	0.03533	0.17802	0.08820	0.02461	0.03326	0.16031	0.02192	0.20700	0.07521	0.04357	0.02222	0.02346	0.01714	0.01164	0.00969	0.00299	0.01383	0.00825	0.00760	0.01575
21	0.69383	0.02109	0.01603	0.01434	0.02109	0.02446	0.01181	0.03205	0.01856	0.04892	0.01518	0.01771	0.01181	0.01012	0.00675	0.00337	0.00843	0.00590	0.00675	0.01181
22	0.02746	0.12492	0.11559	0.06883	0.03364	0.06683	0.02255	0.06976	0.02413	0.07810	0.02257	0.02966	0.01893	0.06056	0.08813	0.00567	0.11349	0.00937	0.00632	0.01349
23	0.01784	0.01605	0.02587	0.02182	0.02640	0.01524	0.12627	0.02495	0.07068	0.03510	0.17251	0.20400	0.15307	0.02260	0.01298	0.00381	0.00890	0.02095	0.00958	0.01137
24	0.02316	0.01694	0.02678	0.03014	0.15290	0.01603	0.05315	0.02852	0.02814	0.10541	0.26785	0.10582	0.06283	0.01815	0.01220	0.00348	0.00868	0.01662	0.00991	0.01328
25	0.03670	0.03160	0.02982	0.02462	0.03203	0.11636	0.01966	0.29163	0.20277	0.05463	0.03061	0.02985	0.02261	0.01335	0.01080	0.00334	0.01211	0.01019	0.01014	0.01720
26	0.04358	0.02712	0.03061	0.02346	0.03211	0.02874	0.01938	0.38136	0.04554	0.20788	0.03098	0.02930	0.02095	0.01320	0.01092	0.00330	0.01122	0.01014	0.01165	0.01855
27	0.02961	0.13077	0.21873	0.03102	0.04286	0.02911	0.15528	0.10880	0.02868	0.08864	0.02279	0.02567	0.01655	0.01061	0.01063	0.00330	0.01473	0.00952	0.00667	0.01601
28	0.01364	0.01092	0.01219	0.01219	0.01527	0.00948	0.00902	0.01699	0.02616	0.03330	0.22697	0.14691	0.37507	0.02675	0.01298	0.00368	0.00549	0.02286	0.01065	0.00948
29	0.02855	0.38029	0.04315	0.01963	0.02697	0.12172	0.01753	0.03440	0.06567	0.03046	0.10650	0.03045	0.03049	0.01225	0.00877	0.00270	0.01161	0.00888	0.00657	0.01341
30	0.69383	0.02109	0.01603	0.01434	0.02109	0.02446	0.01181	0.03205	0.01856	0.04892	0.01518	0.01771	0.01181	0.01012	0.00675	0.00337	0.00843	0.00590	0.00675	0.01181
31	0.03723	0.01830	0.02346	0.01906	0.02471	0.01880	0.01559	0.07871	0.02842	0.30465	0.03521	0.03497	0.02451	0.01417	0.01413	0.00339	0.10314	0.01045	0.17571	0.01542
32	0.01420	0.01110	0.01287	0.01243	0.01554	0.00977	0.00932	0.01820	0.02797	0.03684	0.33446	0.09277	0.31575	0.02486	0.01287	0.00355	0.00533	0.02131	0.01110	0.00977
33	0.02593	0.02886	0.06118	0.04925	0.13425	0.02731	0.43446	0.03470	0.02559	0.03504	0.02182	0.02903	0.01666	0.00927	0.01254	0.00361	0.01753	0.01237	0.00550	0.01511
34	0.01433	0.01110	0.01305	0.01256	0.01561	0.00982	0.00942	0.01844	0.02826	0.03755	0.35590	0.09161	0.29387	0.02459	0.01287	0.00354	0.00531	0.02114	0.01119	0.00982
35	0.02387	0.02272	0.03862	0.32244	0.31766	0.02509	0.03191	0.03073	0.02335	0.03183	0.01996	0.02800	0.01594	0.01029	0.01085	0.00343	0.01373	0.00970	0.00513	0.01475
36	0.04110	0.04100	0.03183	0.02655	0.03376	0.29691	0.02089	0.28365	0.04133	0.04821	0.02163	0.02300	0.01635	0.01218	0.01038	0.00305	0.01574	0.00845	0.00833	0.01566
37	0.01571	0.01114	0.01478	0.01478	0.01577	0.01214	0.01020	0.01771	0.01671	0.02328	0.03172	0.05675	0.03330	0.34283	0.32080	0.01413	0.02011	0.01372	0.00621	0.00821
38	0.01328	0.00949	0.01265	0.01518	0.01581	0.00886	0.01012	0.01518	0.02088	0.02783	0.06010	0.60969	0.07212	0.03416	0.01392	0.00443	0.00633	0.03100	0.01012	0.00886
39	0.03375	0.02351	0.03521	0.11605	0.04104	0.02564	0.09986	0.11186	0.06575	0.18794	0.02859	0.03096	0.02037	0.01338	0.01547	0.00371	0.11165	0.01075	0.00880	0.01570
40	0.47538	0.12683	0.02473	0.01589	0.02336	0.02643	0.01368	0.03547	0.02118	0.12453	0.01955	0.02072	0.01458	0.01051	0.00745	0.00319	0.00914	0.00669	0.00744	0.01325
41	0.03812	0.03775	0.07665	0.07275	0.03899	0.25179	0.06913	0.08503	0.03093	0.15698	0.02479	0.02633	0.01776	0.01164	0.01062	0.00319	0.01570	0.00906	0.00780	0.01501
42	0.07678	0.07021	0.02833	0.02419	0.10779	0.01946	0.01653	0.02919	0.02260	0.03579	0.01888	0.02249	0.01581	0.00860	0.00831	0.00207	0.00916	0.00688	0.00617	0.47076

[dist]
# distance from previous block
# <min> <max>
0	2

[block]
# block no. 4 follows, 12 sequences, length 19
# corresponding to MSA columns:
# 543-561
name=unknown_E
#
# <colnr> <probs for GDERKNQSTAVLIFYWHMCP>
#	G	D	E	R	K	N	Q	S	T	A	V	L	I	F	Y	W	H	M	C	P
0	0.02439	0.02196	0.06286	0.09136	0.11278	0.01852	0.02012	0.03206	0.05931	0.07763	0.09660	0.03469	0.03017	0.01169	0.01008	0.00276	0.00984	0.01006	0.00763	0.26549
1	0.01360	0.01095	0.01212	0.01209	0.01523	0.00947	0.00897	0.01694	0.02616	0.03317	0.22312	0.13787	0.38864	0.02669	0.01296	0.00367	0.00548	0.02275	0.01063	0.00947
2	0.02639	0.02335	0.04044	0.24389	0.30068	0.02468	0.07142	0.03319	0.02435	0.07405	0.02203	0.02872	0.01702	0.01038	0.01102	0.00342	0.01368	0.01007	0.00586	0.01536
3	0.01377	0.01036	0.01283	0.01427	0.01612	0.00942	0.01024	0.01653	0.02346	0.03049	0.12929	0.37049	0.20509	0.03066	0.01360	0.00416	0.00627	0.06342	0.01033	0.00921
4	0.25008	0.02081	0.02607	0.02713	0.12810	0.02066	0.01811	0.04255	0.02592	0.29231	0.02972	0.02894	0.02024	0.01168	0.00959	0.00335	0.00973	0.00911	0.00975	0.01615
5	0.01378	0.00984	0.01322	0.01575	0.01659	0.00928	0.01098	0.01603	0.02136	0.02839	0.05982	0.55376	0.07104	0.03370	0.01405	0.00450	0.00675	0.08207	0.01011	0.00899
6	0.03405	0.03497	0.02755	0.02315	0.02985	0.25831	0.01798	0.15362	0.03443	0.04111	0.09343	0.03048	0.02801	0.01267	0.01020	0.00279	0.01361	0.00939	0.00798	0.13642
7	0.02388	0.21271	0.42159	0.02765	0.04190	0.03024	0.03432	0.03401	0.02278	0.03208	0.01835	0.02150	0.01386	0.01007	0.00943	0.00314	0.01489	0.00744	0.00462	0.01553
8	0.12388	0.40166	0.08120	0.02053	0.02932	0.13067	0.01959	0.03457	0.02322	0.02970	0.01576	0.01827	0.01368	0.00984	0.00768	0.00264	0.01289	0.00620	0.00512	0.01360
9	0.01328	0.00949	0.01265	0.01518	0.01581	0.00886	0.01012	0.01518	0.02088	0.02783	0.06010	0.60969	0.07212	0.03416	0.01392	0.00443	0.00633	0.03100	0.01012	0.00886
10	0.02255	0.02019	0.08199	0.09841	0.03119	0.01699	0.01802	0.03189	0.10350	0.10612	0.12972	0.12199	0.13424	0.01932	0.01190	0.00366	0.00903	0.01656	0.00965	0.01305
11	0.01328	0.01091	0.01169	0.01181	0.01505	0.00932	0.00874	0.01630	0.02532	0.03131	0.16643	0.14874	0.43837	0.02748	0.01298	0.00372	0.00554	0.02330	0.01039	0.00932
12	0.54113	0.01931	0.01697	0.06345	0.02494	0.02225	0.01314	0.02933	0.01916	0.04417	0.02184	0.10171	0.02050	0.01356	0.00811	0.00354	0.00866	0.00975	0.00706	0.01142
13	0.35111	0.01995	0.02355	0.15550	0.10493	0.02261	0.01885	0.02966	0.02189	0.04148	0.09093	0.03056	0.02596	0.01195	0.00912	0.00342	0.01001	0.00924	0.00686	0.01241
14	0.02158	0.02039	0.03449	0.50964	0.14833	0.02448	0.03077	0.02872	0.02227	0.02906	0.01955	0.02875	0.01496	0.01072	0.01088	0.00357	0.01429	0.00969	0.00493	0.01291
15	0.13160	0.28890	0.18776	0.02236	0.03310	0.03397	0.02392	0.10038	0.02592	0.03777	0.01794	0.02029	0.01424	0.01027	0.00844	0.00294	0.01245	0.00702	0.00585	0.01489
16	0.17670	0.02229	0.02558	0.08652	0.03244	0.06450	0.06201	0.03700	0.13375	0.07653	0.06104	0.07461	0.03004	0.05506	0.01347	0.00402	0.01084	0.01207	0.00831	0.01322
17	0.22868	0.02234	0.02447	0.07191	0.03127	0.02313	0.01661	0.14687	0.02961	0.14172	0.02406	0.02526	0.01727	0.01110	0.00914	0.00303	0.00992	0.00821	0.00872	0.14668
18	0.17625	0.02144	0.02139	0.01890	0.02476	0.08172	0.01517	0.03608	0.05822	0.15193	0.03064	0.03900	0.02507	0.02710	0.12066	0.00612	0.01413	0.05259	0.00852	0.07031

[dist]
# distance from previous block
# <min> <max>
0	15

[block]
# block no. 5 follows, 12 sequences, length 31
# corresponding to MSA columns:
# 577-607
name=unknown_F
#
# <colnr> <probs for GDERKNQSTAVLIFYWHMCP>
#	G	D	E	R	K	N	Q	S	T	A	V	L	I	F	Y	W	H	M	C	P
0	0.27650	0.01978	0.02158	0.05658	0.02670	0.02245	0.01534	0.03637	0.08280	0.14080	0.02677	0.03248	0.02134	0.08773	0.01789	0.00449	0.07939	0.00960	0.00822	0.01319
1	0.20035	0.07054	0.05953	0.07345	0.03374	0.02763	0.01953	0.20344	0.03307	0.14207	0.02464	0.02548	0.01741	0.01179	0.00957	0.00329	0.01108	0.00864	0.00895	0.01581
2	0.14139	0.08909	0.03096	0.05433	0.03235	0.06570	0.01863	0.23918	0.03577	0.12051	0.02421	0.02497	0.01750	0.01177	0.00963	0.00311	0.01149	0.00857	0.00901	0.05184
3	0.31813	0.02139	0.02153	0.01777	0.02486	0.02293	0.01450	0.13358	0.02715	0.10100	0.02273	0.02537	0.01734	0.02011	0.08152	0.00496	0.01192	0.00807	0.00817	0.09698
4	0.02566	0.20931	0.03520	0.02137	0.02557	0.02954	0.01840	0.03032	0.05200	0.06321	0.02622	0.04190	0.02535	0.08944	0.02333	0.00458	0.19213	0.06741	0.00660	0.01247
5	0.20121	0.01909	0.02149	0.01830	0.02485	0.01950	0.01501	0.07562	0.07474	0.23429	0.08838	0.04591	0.03498	0.01550	0.01057	0.00359	0.00886	0.06232	0.01085	0.01494
6	0.01844	0.01439	0.01740	0.01556	0.01966	0.01387	0.01188	0.02820	0.12018	0.04305	0.38766	0.06676	0.07950	0.01917	0.01195	0.00325	0.00614	0.01673	0.01115	0.09505
7	0.01836	0.01612	0.01625	0.01641	0.01905	0.07888	0.01247	0.02210	0.02660	0.03398	0.23014	0.15013	0.13277	0.06879	0.01622	0.00435	0.00847	0.10900	0.00996	0.00993
8	0.01324	0.00968	0.01246	0.01468	0.01568	0.00890	0.00990	0.01524	0.02136	0.02803	0.06622	0.54830	0.12955	0.03336	0.01379	0.00434	0.00623	0.03003	0.01012	0.00890
9	0.02828	0.55584	0.11707	0.02014	0.03027	0.04102	0.02123	0.03287	0.02226	0.02671	0.01568	0.01815	0.01397	0.00945	0.00740	0.00247	0.01219	0.00610	0.00466	0.01425
10	0.03022	0.41618	0.04687	0.02024	0.02879	0.03842	0.01860	0.09780	0.13870	0.03544	0.02304	0.02373	0.01885	0.01101	0.00839	0.00275	0.01103	0.00777	0.00687	0.01528
11	0.01923	0.01044	0.01147	0.01137	0.01385	0.01054	0.00858	0.02419	0.02330	0.03944	0.09786	0.04594	0.03717	0.02105	0.06695	0.00420	0.00759	0.01151	0.52519	0.01013
12	0.04098	0.04454	0.03153	0.02705	0.03374	0.38602	0.02095	0.20616	0.03796	0.04126	0.02009	0.02192	0.01560	0.01188	0.01020	0.00297	0.01700	0.00799	0.00745	0.01469
13	0.01492	0.01036	0.01199	0.01260	0.01314	0.01001	0.00764	0.01567	0.01801	0.02363	0.04850	0.20573	0.09986	0.41405	0.04097	0.00836	0.00902	0.02028	0.00783	0.00742
14	0.02385	0.02385	0.03340	0.02863	0.02863	0.03340	0.02385	0.02624	0.01670	0.02624	0.01431	0.02385	0.01431	0.01908	0.03578	0.00477	0.59685	0.00954	0.00477	0.01193
15	0.02359	0.12102	0.39307	0.03268	0.04688	0.02801	0.13671	0.03438	0.02349	0.03351	0.01955	0.02369	0.01441	0.00998	0.01047	0.00336	0.01604	0.00880	0.00480	0.01555
16	0.03617	0.02265	0.02574	0.02080	0.02784	0.02389	0.01681	0.22651	0.12965	0.17818	0.09181	0.03872	0.03338	0.01450	0.01093	0.00334	0.00944	0.01168	0.06117	0.01677
17	0.03074	0.01428	0.01875	0.01578	0.02092	0.01279	0.01248	0.03547	0.03004	0.26855	0.26166	0.05701	0.06043	0.01726	0.01139	0.00330	0.00695	0.01471	0.09358	0.01390
18	0.03300	0.38704	0.04753	0.02484	0.06509	0.17216	0.02044	0.07966	0.02718	0.03055	0.01696	0.01947	0.01465	0.01017	0.00831	0.00260	0.01376	0.00676	0.00553	0.01430
19	0.02251	0.01273	0.01672	0.01626	0.01975	0.01117	0.01180	0.02529	0.02343	0.14910	0.05136	0.40938	0.05517	0.02635	0.01255	0.00385	0.00721	0.02351	0.01045	0.09142
20	0.02805	0.16331	0.26317	0.09367	0.04324	0.03098	0.02979	0.15097	0.02965	0.04031	0.02026	0.02337	0.01510	0.01088	0.00986	0.00320	0.01399	0.00822	0.00620	0.01579
21	0.02852	0.02692	0.03639	0.20624	0.04913	0.08999	0.11729	0.15102	0.03211	0.04125	0.08625	0.03381	0.02683	0.01257	0.01140	0.00343	0.01409	0.01127	0.00747	0.01406
22	0.01592	0.01031	0.01226	0.01257	0.01264	0.01023	0.00737	0.01558	0.01625	0.02167	0.03555	0.13083	0.04099	0.47700	0.04898	0.09159	0.00993	0.01688	0.00680	0.00665
23	0.02848	0.57106	0.10356	0.01980	0.02976	0.04150	0.02065	0.03282	0.02223	0.02647	0.01557	0.01800	0.01398	0.00942	0.00731	0.00244	0.01207	0.00604	0.00466	0.01419
24	0.02187	0.02227	0.08699	0.09019	0.03161	0.01977	0.01885	0.08176	0.13584	0.04275	0.22871	0.05495	0.08492	0.01722	0.01174	0.00351	0.00911	0.01467	0.00979	0.01349
25	0.02823	0.37246	0.21494	0.02378	0.03483	0.10189	0.02587	0.03458	0.02350	0.02862	0.01678	0.01952	0.01394	0.00989	0.00842	0.00275	0.01406	0.00669	0.00476	0.01451
26	0.02059	0.01938	0.03270	0.59060	0.07510	0.02422	0.03028	0.02786	0.02180	0.02786	0.01938	0.02907	0.01453	0.01090	0.01090	0.00363	0.01453	0.00969	0.00484	0.01211
27	0.02413	0.01969	0.02176	0.01947	0.02457	0.02178	0.01510	0.07873	0.32082	0.04667	0.21597	0.05374	0.05633	0.01727	0.01169	0.00357	0.00767	0.01470	0.01140	0.01494
28	0.01337	0.01037	0.01218	0.01319	0.01539	0.00918	0.00933	0.01604	0.02384	0.03048	0.14096	0.32370	0.28332	0.02984	0.01334	0.00398	0.00583	0.02612	0.01035	0.00918
29	0.03134	0.03395	0.15508	0.03003	0.04038	0.02820	0.12978	0.18651	0.13156	0.07840	0.02837	0.02966	0.02044	0.01199	0.01125	0.00349	0.01348	0.01064	0.00853	0.01692
30	0.01356	0.00969	0.01297	0.01550	0.01625	0.00910	0.01060	0.01566	0.02115	0.02814	0.05994	0.57815	0.07151	0.03390	0.01399	0.00447	0.00657	0.05979	0.01012	0.00893

[dist]
# distance from previous block
# <min> <max>
0	1

[block]
# block no. 6 follows, 12 sequences, length 15
# corresponding to MSA columns:
# 609-623
name=unknown_G
#
# <colnr> <probs for GDERKNQSTAVLIFYWHMCP>
#	G	D	E	R	K	N	Q	S	T	A	V	L	I	F	Y	W	H	M	C	P
0	0.02324	0.01728	0.02554	0.11269	0.03336	0.01781	0.06617	0.03334	0.11254	0.10112	0.26227	0.05557	0.05911	0.01681	0.01202	0.00353	0.00909	0.01512	0.01020	0.01318
1	0.02261	0.01938	0.02261	0.01615	0.02584	0.01453	0.01292	0.02745	0.02261	0.03553	0.01938	0.02261	0.01615	0.00807	0.00807	0.00161	0.00807	0.00646	0.00646	0.68346
2	0.02261	0.01938	0.02261	0.01615	0.02584	0.01453	0.01292	0.02745	0.02261	0.03553	0.01938	0.02261	0.01615	0.00807	0.00807	0.00161	0.00807	0.00646	0.00646	0.68346
3	0.02960	0.24298	0.09145	0.08901	0.10114	0.08260	0.10300	0.03552	0.02467	0.07389	0.02020	0.02404	0.01593	0.01013	0.00968	0.00302	0.01412	0.00855	0.00573	0.01474
4	0.69383	0.02109	0.01603	0.01434	0.02109	0.02446	0.01181	0.03205	0.01856	0.04892	0.01518	0.01771	0.01181	0.01012	0.00675	0.00337	0.00843	0.00590	0.00675	0.01181
5	0.02242	0.04738	0.41434	0.03040	0.04205	0.02756	0.03573	0.03223	0.02127	0.03223	0.01811	0.02325	0.01395	0.01278	0.01740	0.00382	0.17699	0.00847	0.00465	0.01495
6	0.01586	0.01057	0.01189	0.01189	0.01189	0.01057	0.00661	0.01586	0.01586	0.02114	0.03436	0.07135	0.03964	0.61681	0.05550	0.01057	0.01057	0.01586	0.00661	0.00661
7	0.04229	0.02403	0.02643	0.02101	0.02854	0.07644	0.01702	0.16143	0.03608	0.32178	0.09526	0.03788	0.03256	0.01420	0.01106	0.00330	0.01052	0.01131	0.01188	0.01697
8	0.01680	0.01047	0.01399	0.01546	0.01698	0.00964	0.01069	0.01917	0.02263	0.07867	0.09655	0.51435	0.07031	0.03129	0.01356	0.00425	0.00651	0.02823	0.01059	0.00988
9	0.01714	0.01241	0.01697	0.01926	0.02187	0.01224	0.01672	0.02196	0.02508	0.03234	0.06255	0.12134	0.10673	0.02989	0.01486	0.00490	0.00963	0.43409	0.01005	0.00996
10	0.03928	0.04687	0.03134	0.02778	0.03326	0.46017	0.02128	0.09734	0.03201	0.03161	0.01772	0.02081	0.01460	0.01217	0.01232	0.00304	0.07135	0.00758	0.00617	0.01327
11	0.01558	0.01168	0.01752	0.01752	0.01947	0.01363	0.01363	0.01947	0.01752	0.02531	0.02921	0.04283	0.02726	0.08178	0.57360	0.01752	0.02921	0.01168	0.00584	0.00974
12	0.02059	0.01938	0.03270	0.59060	0.07510	0.02422	0.03028	0.02786	0.02180	0.02786	0.01938	0.02907	0.01453	0.01090	0.01090	0.00363	0.01453	0.00969	0.00484	0.01211
13	0.03442	0.02457	0.02732	0.02253	0.02954	0.02676	0.01840	0.28627	0.14663	0.09902	0.07799	0.04466	0.03395	0.01599	0.01154	0.00356	0.01028	0.05868	0.01117	0.01671
14	0.03863	0.02528	0.02828	0.02275	0.03057	0.02726	0.01844	0.25172	0.20161	0.18120	0.03624	0.03358	0.02541	0.01374	0.01098	0.00344	0.01023	0.01092	0.01161	0.01813

[dist]
# distance from previous block
# <min> <max>
0	1

[block]
# block no. 7 follows, 12 sequences, length 16
# corresponding to MSA columns:
# 625-640
name=unknown_H
#
# <colnr> <probs for GDERKNQSTAVLIFYWHMCP>
#	G	D	E	R	K	N	Q	S	T	A	V	L	I	F	Y	W	H	M	C	P
0	0.15640	0.07380	0.02828	0.15784	0.03647	0.02646	0.01986	0.07177	0.02261	0.03633	0.02015	0.02668	0.01659	0.01783	0.05545	0.00456	0.13207	0.00878	0.07568	0.01239
1	0.16646	0.19941	0.08568	0.02052	0.02957	0.08469	0.01900	0.10739	0.02697	0.03964	0.01814	0.02046	0.01458	0.01017	0.00834	0.00273	0.01172	0.00690	0.00644	0.12120
2	0.01586	0.01057	0.01189	0.01189	0.01189	0.01057	0.00661	0.01586	0.01586	0.02114	0.03436	0.07135	0.03964	0.61681	0.05550	0.01057	0.01057	0.01586	0.00661	0.00661
