[name]
unknown

[dist]
# distance from previous block
# <min> <max>
0	252

[block]
# block no. 0 follows, 13 sequences, length 13
# corresponding to MSA columns:
# 252-264
name=unknown_A
#
# <colnr> <probs for GDERKNQSTAVLIFYWHMCP>
#	G	D	E	R	K	N	Q	S	T	A	V	L	I	F	Y	W	H	M	C	P
0	0.39927	0.02767	0.02058	0.01847	0.02461	0.17392	0.01475	0.03579	0.02309	0.10066	0.02121	0.02714	0.01726	0.01187	0.00840	0.00324	0.01133	0.04122	0.00723	0.01230
1	0.02354	0.01337	0.01921	0.12556	0.02921	0.01325	0.01501	0.02696	0.02312	0.17370	0.04643	0.35259	0.04769	0.02350	0.01218	0.00387	0.00839	0.02095	0.00974	0.01172
2	0.02860	0.19453	0.04679	0.03610	0.14480	0.12056	0.14615	0.03693	0.08510	0.03150	0.02098	0.02466	0.01702	0.01001	0.00985	0.00299	0.01408	0.00903	0.00575	0.01455
3	0.02691	0.02141	0.02064	0.01838	0.02329	0.10592	0.01417	0.03792	0.16824	0.12408	0.20978	0.05395	0.09689	0.01705	0.01125	0.00331	0.00880	0.01416	0.01050	0.01336
4	0.02203	0.01571	0.01811	0.01611	0.01878	0.01695	0.01150	0.15443	0.02499	0.03380	0.03015	0.05168	0.03045	0.34938	0.15138	0.00972	0.01433	0.01296	0.00738	0.01016
5	0.01289	0.01031	0.01153	0.01210	0.01474	0.00896	0.00874	0.01561	0.02374	0.02975	0.14637	0.23958	0.37275	0.02789	0.01276	0.00374	0.00552	0.02403	0.01003	0.00896
6	0.02518	0.02293	0.04221	0.03208	0.03958	0.02219	0.28176	0.10543	0.02776	0.06428	0.03301	0.18869	0.03142	0.01625	0.01237	0.00369	0.01327	0.01668	0.00775	0.01349
7	0.02574	0.40146	0.10606	0.01882	0.02872	0.03235	0.01900	0.03051	0.02170	0.02846	0.01630	0.01892	0.01411	0.00883	0.00744	0.00220	0.01086	0.00607	0.00499	0.19746
8	0.01383	0.01043	0.01182	0.01193	0.01397	0.00946	0.00820	0.01616	0.02250	0.02905	0.17402	0.14815	0.26719	0.18906	0.02377	0.00541	0.00669	0.02067	0.00927	0.00842
9	0.02132	0.02142	0.04000	0.45207	0.06807	0.02437	0.16307	0.02887	0.02217	0.02887	0.01949	0.02828	0.01462	0.01012	0.01109	0.00353	0.01510	0.01023	0.00487	0.01243
10	0.03453	0.03319	0.02392	0.02134	0.02585	0.31854	0.01568	0.03679	0.02608	0.13105	0.02590	0.03593	0.02279	0.17823	0.02172	0.00487	0.01471	0.00987	0.00720	0.01180
11	0.02353	0.01220	0.01286	0.01179	0.01520	0.01231	0.00911	0.07130	0.02521	0.08012	0.03420	0.03792	0.02622	0.01241	0.00791	0.00259	0.00582	0.00988	0.57826	0.01117
12	0.03057	0.02556	0.03702	0.03120	0.08312	0.02642	0.14386	0.16794	0.17151	0.07907	0.02923	0.03045	0.02161	0.01159	0.01089	0.00327	0.01192	0.01073	0.00871	0.06534

[dist]
# distance from previous block
# <min> <max>
0	2

[block]
# block no. 1 follows, 13 sequences, length 24
# corresponding to MSA columns:
# 267-290
name=unknown_B
#
# <colnr> <probs for GDERKNQSTAVLIFYWHMCP>
#	G	D	E	R	K	N	Q	S	T	A	V	L	I	F	Y	W	H	M	C	P
0	0.03802	0.03642	0.02999	0.02503	0.03202	0.23828	0.01976	0.28147	0.11026	0.04835	0.02444	0.02496	0.01832	0.01225	0.01021	0.00306	0.01396	0.00884	0.00869	0.01567
1	0.02597	0.02567	0.04608	0.06159	0.47994	0.02538	0.11244	0.03268	0.02422	0.03443	0.02013	0.02655	0.01663	0.00934	0.01079	0.00321	0.01342	0.00992	0.00525	0.01634
2	0.02121	0.05469	0.57364	0.03014	0.04576	0.02455	0.03906	0.03348	0.02232	0.03348	0.01897	0.02232	0.01339	0.01005	0.01005	0.00335	0.01563	0.00781	0.00446	0.01563
3	0.02790	0.03063	0.13701	0.03667	0.04692	0.02498	0.32247	0.03606	0.02472	0.12137	0.02376	0.02832	0.01711	0.01053	0.01351	0.00356	0.06202	0.01116	0.00642	0.01489
4	0.02121	0.05469	0.57364	0.03014	0.04576	0.02455	0.03906	0.03348	0.02232	0.03348	0.01897	0.02232	0.01339	0.01005	0.01005	0.00335	0.01563	0.00781	0.00446	0.01563
5	0.02324	0.02336	0.04376	0.16723	0.25025	0.02374	0.18282	0.03009	0.02337	0.03204	0.02371	0.08291	0.02093	0.01172	0.01140	0.00346	0.01392	0.01229	0.00558	0.01416
6	0.02680	0.03238	0.19714	0.09788	0.14472	0.02429	0.02809	0.11466	0.06944	0.07616	0.02644	0.06834	0.02124	0.01258	0.01061	0.00338	0.01248	0.01067	0.00712	0.01556
7	0.01875	0.01748	0.02830	0.50664	0.06330	0.02112	0.02589	0.02509	0.02162	0.02727	0.03316	0.04016	0.10262	0.01321	0.01088	0.00353	0.01267	0.01150	0.00553	0.01129
8	0.01496	0.01081	0.01413	0.01330	0.01580	0.00998	0.00998	0.01995	0.02993	0.04240	0.55689	0.07898	0.09976	0.02162	0.01247	0.00333	0.00499	0.01912	0.01164	0.00998
9	0.02328	0.30112	0.25607	0.02213	0.03274	0.02974	0.02516	0.03049	0.02319	0.03117	0.10463	0.02920	0.02752	0.01149	0.00901	0.00287	0.01201	0.00871	0.00566	0.01381
10	0.02536	0.02993	0.12927	0.05924	0.47839	0.02503	0.03353	0.03262	0.02379	0.03437	0.01974	0.02554	0.01620	0.00952	0.01040	0.00317	0.01306	0.00916	0.00511	0.01657
11	0.02121	0.05469	0.57364	0.03014	0.04576	0.02455	0.03906	0.03348	0.02232	0.03348	0.01897	0.02232	0.01339	0.01005	0.01005	0.00335	0.01563	0.00781	0.00446	0.01563
12	0.01288	0.00920	0.01227	0.01472	0.01534	0.00859	0.00981	0.01472	0.02024	0.02699	0.05828	0.62152	0.06993	0.03312	0.01350	0.00429	0.00613	0.03006	0.00981	0.00859
13	0.23958	0.01871	0.02190	0.01737	0.02507	0.01794	0.01434	0.04554	0.02667	0.41671	0.03380	0.03047	0.02186	0.01213	0.00943	0.00327	0.00876	0.00919	0.01117	0.01608
14	0.03031	0.03297	0.03889	0.05320	0.39793	0.19930	0.02872	0.03548	0.02590	0.03185	0.01879	0.02396	0.01578	0.00988	0.01018	0.00301	0.01458	0.00861	0.00530	0.01535
15	0.01274	0.01047	0.01122	0.01156	0.01457	0.00895	0.00847	0.01546	0.02391	0.02934	0.13280	0.18462	0.44445	0.02742	0.01266	0.00367	0.00545	0.02334	0.00995	0.00895
16	0.01997	0.01879	0.03171	0.60301	0.07282	0.02349	0.02936	0.02701	0.02114	0.02701	0.01879	0.02819	0.01409	0.01057	0.01057	0.00352	0.01409	0.00940	0.00470	0.01175
17	0.02884	0.02439	0.07057	0.21365	0.24121	0.02370	0.02797	0.08026	0.02650	0.12481	0.02366	0.02809	0.01742	0.01073	0.01051	0.00329	0.01254	0.00952	0.00683	0.01549
18	0.02617	0.02512	0.04292	0.06490	0.56246	0.02512	0.03245	0.03245	0.02407	0.03454	0.01989	0.02617	0.01675	0.00942	0.01047	0.00314	0.01256	0.00942	0.00523	0.01675
19	0.01532	0.01048	0.01269	0.01269	0.01309	0.01088	0.00785	0.01612	0.01572	0.02136	0.03225	0.06332	0.03589	0.51180	0.16694	0.01168	0.01409	0.01452	0.00625	0.00705
20	0.18748	0.02597	0.02832	0.07667	0.16704	0.10232	0.02093	0.03965	0.13402	0.08100	0.02478	0.02685	0.01893	0.01115	0.00950	0.00325	0.01139	0.00883	0.00733	0.01459
21	0.03187	0.07611	0.12710	0.03764	0.19458	0.12438	0.02693	0.17923	0.03213	0.04165	0.02040	0.02347	0.01580	0.01071	0.01002	0.00306	0.01383	0.00848	0.00666	0.01594
22	0.08026	0.29405	0.03794	0.02309	0.07580	0.03061	0.01843	0.03543	0.13526	0.03290	0.02806	0.03937	0.02545	0.01357	0.00924	0.00314	0.01028	0.08640	0.00695	0.01376
23	0.09052	0.17308	0.04085	0.04066	0.26583	0.07527	0.02477	0.03194	0.02226	0.03145	0.01703	0.02212	0.01484	0.01075	0.01252	0.00311	0.09552	0.00794	0.00512	0.01440

[dist]
# distance from previous block
# <min> <max>
1	3

[block]
# block no. 2 follows, 13 sequences, length 42
# corresponding to MSA columns:
# 311-352
name=unknown_C
#
# <colnr> <probs for GDERKNQSTAVLIFYWHMCP>
#	G	D	E	R	K	N	Q	S	T	A	V	L	I	F	Y	W	H	M	C	P
0	0.03230	0.07195	0.03058	0.02312	0.02984	0.03094	0.01895	0.26028	0.23343	0.05087	0.03021	0.02992	0.02272	0.01362	0.01272	0.00340	0.06884	0.01013	0.00961	0.01654
1	0.21670	0.02330	0.06044	0.01901	0.02741	0.02133	0.01662	0.12900	0.02930	0.25938	0.02815	0.02698	0.01904	0.01151	0.00926	0.00312	0.00961	0.00858	0.00975	0.07149
2	0.01510	0.01133	0.01699	0.01699	0.01888	0.01322	0.01322	0.01888	0.01699	0.02454	0.02832	0.04154	0.02643	0.07930	0.58652	0.01699	0.02832	0.01133	0.00566	0.00944
3	0.02658	0.49583	0.17954	0.02098	0.03160	0.03770	0.02312	0.03210	0.02168	0.02694	0.01572	0.01825	0.01353	0.00929	0.00757	0.00252	0.01234	0.00617	0.00451	0.01406
4	0.02254	0.02141	0.03635	0.38014	0.27561	0.02417	0.03064	0.02927	0.02236	0.03013	0.01925	0.02735	0.01519	0.01009	0.01053	0.00336	0.01346	0.00941	0.00492	0.01382
5	0.02307	0.02196	0.03732	0.33344	0.31811	0.02431	0.03091	0.02974	0.02261	0.03079	0.01934	0.02718	0.01542	0.00999	0.01052	0.00333	0.01333	0.00941	0.00497	0.01425
6	0.02617	0.02512	0.04292	0.06490	0.56246	0.02512	0.03245	0.03245	0.02407	0.03454	0.01989	0.02617	0.01675	0.00942	0.01047	0.00314	0.01256	0.00942	0.00523	0.01675
7	0.01510	0.01133	0.01699	0.01699	0.01888	0.01322	0.01322	0.01888	0.01699	0.02454	0.02832	0.04154	0.02643	0.07930	0.58652	0.01699	0.02832	0.01133	0.00566	0.00944
8	0.01455	0.01109	0.01356	0.01380	0.01667	0.01011	0.01091	0.01867	0.02651	0.03486	0.27648	0.09665	0.25753	0.02526	0.01298	0.00377	0.00623	0.13030	0.01053	0.00954
9	0.01646	0.00919	0.01325	0.01410	0.01432	0.00898	0.00940	0.01410	0.01602	0.02137	0.03225	0.23711	0.03630	0.03548	0.03164	0.45308	0.00812	0.01644	0.00641	0.00598
10	0.02617	0.02512	0.04292	0.06490	0.56246	0.02512	0.03245	0.03245	0.02407	0.03454	0.01989	0.02617	0.01675	0.00942	0.01047	0.00314	0.01256	0.00942	0.00523	0.01675
11	0.01288	0.00920	0.01227	0.01472	0.01534	0.00859	0.00981	0.01472	0.02024	0.02699	0.05828	0.62152	0.06993	0.03312	0.01350	0.00429	0.00613	0.03006	0.00981	0.00859
12	0.01288	0.00920	0.01227	0.01472	0.01534	0.00859	0.00981	0.01472	0.02024	0.02699	0.05828	0.62152	0.06993	0.03312	0.01350	0.00429	0.00613	0.03006	0.00981	0.00859
13	0.01510	0.01133	0.01699	0.01699	0.01888	0.01322	0.01322	0.01888	0.01699	0.02454	0.02832	0.04154	0.02643	0.07930	0.58652	0.01699	0.02832	0.01133	0.00566	0.00944
14	0.01659	0.01366	0.01501	0.01453	0.01836	0.01347	0.01127	0.02623	0.14616	0.03500	0.16823	0.08482	0.30552	0.02318	0.01229	0.00365	0.00641	0.06424	0.01036	0.01101
15	0.01653	0.01311	0.01910	0.11088	0.02637	0.01550	0.01482	0.01978	0.01720	0.02399	0.02700	0.04501	0.02656	0.20171	0.32032	0.01224	0.06317	0.01188	0.00562	0.00920
16	0.01637	0.01169	0.01627	0.01871	0.02085	0.01159	0.01587	0.02075	0.02368	0.03089	0.05635	0.20024	0.06231	0.02984	0.01443	0.00478	0.00916	0.41693	0.00975	0.00955
17	0.01288	0.00920	0.01227	0.01472	0.01534	0.00859	0.00981	0.01472	0.02024	0.02699	0.05828	0.62152	0.06993	0.03312	0.01350	0.00429	0.00613	0.03006	0.00981	0.00859
18	0.70310	0.02045	0.01554	0.01390	0.02045	0.02372	0.01145	0.03108	0.01799	0.04744	0.01472	0.01718	0.01145	0.00981	0.00654	0.00327	0.00818	0.00573	0.00654	0.01145
19	0.01516	0.01112	0.01595	0.01595	0.01748	0.01265	0.01192	0.01821	0.01668	0.02377	0.02927	0.04681	0.02872	0.18400	0.48494	0.01571	0.02487	0.01210	0.00581	0.00886
20	0.02903	0.35714	0.17976	0.02318	0.03307	0.16041	0.02388	0.03450	0.02361	0.02726	0.01614	0.01878	0.01354	0.00971	0.00822	0.00264	0.01414	0.00646	0.00472	0.01379
21	0.01454	0.01068	0.01248	0.01203	0.01491	0.00958	0.00902	0.01868	0.02706	0.03710	0.34301	0.08335	0.25851	0.02257	0.01198	0.00333	0.00512	0.01937	0.07710	0.00958
22	0.02661	0.49829	0.17734	0.02093	0.03152	0.03777	0.02303	0.03209	0.02168	0.02690	0.01571	0.01822	0.01353	0.00928	0.00755	0.00252	0.01232	0.00616	0.00451	0.01405
23	0.01534	0.01031	0.01179	0.01171	0.01195	0.01022	0.00676	0.01582	0.01680	0.02264	0.08457	0.07015	0.04444	0.56902	0.04977	0.00957	0.00974	0.01574	0.00692	0.00676
24	0.70310	0.02045	0.01554	0.01390	0.02045	0.02372	0.01145	0.03108	0.01799	0.04744	0.01472	0.01718	0.01145	0.00981	0.00654	0.00327	0.00818	0.00573	0.00654	0.01145
25	0.02182	0.02114	0.02944	0.02543	0.02583	0.02877	0.02101	0.02456	0.01841	0.02818	0.10143	0.03214	0.02773	0.01901	0.03111	0.00442	0.51167	0.01084	0.00576	0.01131
26	0.02704	0.02224	0.03331	0.08623	0.29329	0.02325	0.02532	0.03894	0.15425	0.08854	0.03081	0.03855	0.02512	0.01279	0.01092	0.00344	0.01104	0.05132	0.00773	0.01589
27	0.02560	0.03708	0.18166	0.03573	0.04603	0.11496	0.27208	0.03397	0.02504	0.03227	0.02328	0.03412	0.01928	0.01146	0.01159	0.00350	0.01670	0.05624	0.00556	0.01385
28	0.04155	0.01669	0.02265	0.01781	0.02496	0.01453	0.01453	0.04581	0.03020	0.47424	0.13504	0.04378	0.03950	0.01463	0.01097	0.00328	0.00827	0.01217	0.01282	0.01654
29	0.02211	0.01392	0.01617	0.01498	0.01861	0.01385	0.01161	0.10405	0.02869	0.07692	0.14609	0.14535	0.09402	0.01988	0.01100	0.00335	0.00686	0.05038	0.19071	0.01146
30	0.08789	0.37116	0.04549	0.02616	0.11017	0.03596	0.02013	0.12770	0.02705	0.03638	0.01757	0.02003	0.01473	0.00988	0.00807	0.00266	0.01130	0.00699	0.00598	0.01473
31	0.01288	0.00920	0.01227	0.01472	0.01534	0.00859	0.00981	0.01472	0.02024	0.02699	0.05828	0.62152	0.06993	0.03312	0.01350	0.00429	0.00613	0.03006	0.00981	0.00859
32	0.01271	0.01072	0.01101	0.01093	0.01441	0.00902	0.00820	0.01559	0.02460	0.02975	0.14582	0.09979	0.51872	0.02633	0.01249	0.00355	0.00532	0.02204	0.00998	0.00902
33	0.03572	0.02528	0.02661	0.02043	0.02885	0.07550	0.01654	0.20283	0.03401	0.16922	0.02612	0.02610	0.01870	0.01099	0.00957	0.00262	0.01046	0.00843	0.00923	0.24279
34	0.03784	0.01845	0.02820	0.02493	0.06915	0.01672	0.06688	0.04271	0.02815	0.37437	0.04080	0.05040	0.03108	0.01548	0.01156	0.00359	0.01027	0.10238	0.01110	0.01596
35	0.02898	0.02383	0.02821	0.02178	0.03012	0.02387	0.05010	0.19233	0.16069	0.04700	0.02708	0.02782	0.02055	0.01106	0.00974	0.00271	0.00983	0.00912	0.00868	0.26651
36	0.18491	0.02416	0.03417	0.04653	0.35411	0.02544	0.02538	0.06973	0.06712	0.04065	0.02098	0.02511	0.01688	0.01015	0.00958	0.00321	0.01113	0.00877	0.00638	0.01560
37	0.01515	0.01113	0.01600	0.01600	0.01755	0.01268	0.01198	0.01825	0.01670	0.02381	0.02923	0.04655	0.02861	0.17878	0.49001	0.01577	0.02505	0.01206	0.00580	0.00889
38	0.09575	0.02446	0.07914	0.02402	0.06972	0.02109	0.01960	0.13739	0.03174	0.33927	0.03256	0.03037	0.02147	0.01218	0.01022	0.00325	0.01034	0.00966	0.01065	0.01713
39	0.02309	0.20903	0.43576	0.02693	0.04081	0.02915	0.03348	0.03300	0.02210	0.03119	0.01784	0.02090	0.01344	0.00978	0.00918	0.00306	0.01448	0.00724	0.00448	0.01508
40	0.02617	0.02512	0.04292	0.06490	0.56246	0.02512	0.03245	0.03245	0.02407	0.03454	0.01989	0.02617	0.01675	0.00942	0.01047	0.00314	0.01256	0.00942	0.00523	0.01675
41	0.02496	0.02852	0.06239	0.04456	0.05526	0.02674	0.52406	0.03387	0.02496	0.03387	0.02139	0.02852	0.01604	0.00891	0.01248	0.00357	0.01783	0.01248	0.00535	0.01426

[dist]
# distance from previous block
# <min> <max>
0	12

[block]
# block no. 3 follows, 13 sequences, length 77
# corresponding to MSA columns:
# 365-441
name=unknown_D
#
# <colnr> <probs for GDERKNQSTAVLIFYWHMCP>
#	G	D	E	R	K	N	Q	S	T	A	V	L	I	F	Y	W	H	M	C	P
0	0.09814	0.02993	0.03315	0.12142	0.14012	0.14686	0.05566	0.12610	0.07725	0.03952	0.02169	0.02530	0.01676	0.01097	0.01007	0.00320	0.01354	0.00894	0.00682	0.01455
1	0.02990	0.37909	0.04497	0.02211	0.02856	0.16747	0.01962	0.03293	0.02244	0.02522	0.01493	0.01865	0.01364	0.01132	0.01285	0.00283	0.12922	0.00662	0.00476	0.01287
2	0.02178	0.10169	0.53165	0.02916	0.04425	0.02596	0.03737	0.03334	0.02225	0.03279	0.01863	0.02189	0.01341	0.00996	0.00978	0.00326	0.01528	0.00764	0.00447	0.01546
3	0.01538	0.01025	0.01153	0.01153	0.01153	0.01025	0.00641	0.01538	0.01538	0.02050	0.03331	0.06919	0.03844	0.62842	0.05382	0.01025	0.01025	0.01538	0.00641	0.00641
4	0.01288	0.00920	0.01227	0.01472	0.01534	0.00859	0.00981	0.01472	0.02024	0.02699	0.05828	0.62152	0.06993	0.03312	0.01350	0.00429	0.00613	0.03006	0.00981	0.00859
5	0.01997	0.01879	0.03171	0.60301	0.07282	0.02349	0.02936	0.02701	0.02114	0.02701	0.01879	0.02819	0.01409	0.01057	0.01057	0.00352	0.01409	0.00940	0.00470	0.01175
6	0.01428	0.01020	0.01387	0.01632	0.01754	0.00979	0.01224	0.01713	0.02162	0.02855	0.05751	0.45297	0.06688	0.03181	0.01387	0.00449	0.00734	0.18485	0.00979	0.00897
7	0.03260	0.01475	0.01959	0.01613	0.02183	0.01295	0.01288	0.03692	0.02967	0.33087	0.24010	0.05710	0.09399	0.01732	0.01146	0.00331	0.00722	0.01470	0.01230	0.01430
8	0.01250	0.01071	0.01071	0.01071	0.01428	0.00893	0.00803	0.01517	0.02410	0.02856	0.10711	0.10175	0.55817	0.02678	0.01250	0.00357	0.00536	0.02231	0.00982	0.00893
9	0.03950	0.05039	0.02996	0.02724	0.03269	0.58597	0.02043	0.04222	0.02996	0.02588	0.01634	0.01907	0.01362	0.01090	0.00953	0.00272	0.01907	0.00681	0.00545	0.01226
10	0.10792	0.02620	0.02857	0.02210	0.03031	0.02818	0.01825	0.37547	0.04237	0.17284	0.02783	0.02684	0.01909	0.01249	0.01019	0.00320	0.01072	0.00938	0.01071	0.01733
11	0.01399	0.01077	0.01279	0.01228	0.01520	0.00956	0.00921	0.01807	0.02764	0.03696	0.38009	0.08793	0.27995	0.02364	0.01248	0.00342	0.00513	0.02038	0.01092	0.00956
12	0.02065	0.01973	0.03186	0.47939	0.06314	0.02540	0.02802	0.02668	0.02008	0.02668	0.01774	0.02710	0.01405	0.01228	0.01576	0.00376	0.14195	0.00937	0.00468	0.01171
13	0.02838	0.03618	0.13226	0.06814	0.03503	0.21218	0.02313	0.08399	0.06852	0.03384	0.02872	0.08151	0.02633	0.01538	0.01092	0.00344	0.01417	0.07766	0.00706	0.01317
14	0.02827	0.63478	0.05540	0.01809	0.02714	0.04184	0.01809	0.03166	0.02148	0.02488	0.01470	0.01696	0.01357	0.00905	0.00678	0.00226	0.01131	0.00565	0.00452	0.01357
15	0.01359	0.01009	0.01275	0.01395	0.01571	0.00924	0.01003	0.01655	0.02356	0.03124	0.18440	0.35723	0.17109	0.02891	0.01314	0.00397	0.00597	0.05927	0.01024	0.00906
16	0.01566	0.01330	0.01382	0.01324	0.01724	0.01274	0.01006	0.02437	0.13615	0.03305	0.12978	0.08652	0.40802	0.02369	0.01212	0.00355	0.00597	0.01983	0.01017	0.01069
17	0.16894	0.02783	0.02859	0.02230	0.03039	0.03103	0.01842	0.43085	0.04355	0.06291	0.02331	0.02379	0.01671	0.01213	0.00979	0.00319	0.01096	0.00878	0.00979	0.01671
18	0.02316	0.02109	0.03317	0.41599	0.15558	0.02473	0.02825	0.06939	0.06301	0.03278	0.02132	0.02844	0.01624	0.01081	0.01057	0.00343	0.01319	0.00960	0.00571	0.01352
19	0.03553	0.04379	0.02832	0.02570	0.03009	0.47621	0.01926	0.03794	0.02721	0.02529	0.01783	0.02452	0.01616	0.07418	0.01636	0.00366	0.07298	0.00790	0.00547	0.01160
20	0.02121	0.05469	0.57364	0.03014	0.04576	0.02455	0.03906	0.03348	0.02232	0.03348	0.01897	0.02232	0.01339	0.01005	0.01005	0.00335	0.01563	0.00781	0.00446	0.01563
21	0.04048	0.02126	0.02649	0.02109	0.02815	0.02190	0.01728	0.13232	0.11084	0.34659	0.03626	0.03337	0.02444	0.01376	0.01308	0.00344	0.07017	0.01050	0.01144	0.01715
22	0.02224	0.02167	0.01816	0.01704	0.01842	0.15887	0.01153	0.02314	0.01916	0.02233	0.02719	0.05215	0.02984	0.41456	0.04077	0.00781	0.06812	0.01263	0.00600	0.00838
23	0.02458	0.03113	0.11342	0.04312	0.05431	0.02652	0.47565	0.03383	0.02469	0.03383	0.02115	0.02790	0.01578	0.00903	0.01223	0.00354	0.01761	0.01201	0.00526	0.01440
24	0.02567	0.01160	0.01301	0.01178	0.01547	0.01108	0.00914	0.03042	0.02391	0.15339	0.03604	0.03868	0.02690	0.01248	0.00809	0.00264	0.00580	0.01002	0.54228	0.01160
25	0.01288	0.00920	0.01227	0.01472	0.01534	0.00859	0.00981	0.01472	0.02024	0.02699	0.05828	0.62152	0.06993	0.03312	0.01350	0.00429	0.00613	0.03006	0.00981	0.00859
26	0.14791	0.01837	0.02316	0.01806	0.02599	0.01679	0.01491	0.04839	0.02838	0.48974	0.03758	0.03310	0.02392	0.01259	0.01001	0.00327	0.00887	0.00988	0.01208	0.01699
27	0.01288	0.00920	0.01227	0.01472	0.01534	0.00859	0.00981	0.01472	0.02024	0.02699	0.05828	0.62152	0.06993	0.03312	0.01350	0.00429	0.00613	0.03006	0.00981	0.00859
28	0.08942	0.13651	0.03349	0.02140	0.02977	0.03060	0.01825	0.31315	0.03865	0.14937	0.02562	0.02517	0.01818	0.01189	0.00959	0.00303	0.01083	0.00873	0.00963	0.01669
29	0.01614	0.01005	0.01121	0.01146	0.01210	0.00999	0.00698	0.01748	0.01746	0.02559	0.03612	0.11819	0.03897	0.42377	0.03885	0.00782	0.00859	0.01557	0.16621	0.00744
30	0.01459	0.01154	0.01323	0.01267	0.01588	0.01057	0.00954	0.02017	0.06080	0.03629	0.32091	0.08665	0.30170	0.02346	0.01237	0.00345	0.00537	0.02009	0.01076	0.00994
31	0.30330	0.01895	0.02103	0.01690	0.02444	0.01873	0.01394	0.04355	0.02547	0.36595	0.03118	0.02865	0.02043	0.01181	0.00904	0.00327	0.00868	0.00872	0.01053	0.01544
32	0.03957	0.04832	0.03014	0.02695	0.03270	0.53076	0.02040	0.09063	0.03193	0.02995	0.01725	0.01970	0.01405	0.01107	0.00964	0.00277	0.01833	0.00708	0.00596	0.01283
33	0.01443	0.01079	0.01340	0.01275	0.01547	0.00975	0.00956	0.01893	0.02868	0.03943	0.46024	0.08387	0.19827	0.02272	0.01248	0.00338	0.00507	0.01981	0.01125	0.00975
34	0.70310	0.02045	0.01554	0.01390	0.02045	0.02372	0.01145	0.03108	0.01799	0.04744	0.01472	0.01718	0.01145	0.00981	0.00654	0.00327	0.00818	0.00573	0.00654	0.01145
35	0.70310	0.02045	0.01554	0.01390	0.02045	0.02372	0.01145	0.03108	0.01799	0.04744	0.01472	0.01718	0.01145	0.00981	0.00654	0.00327	0.00818	0.00573	0.00654	0.01145
36	0.09751	0.02220	0.03537	0.22766	0.04921	0.02361	0.13340	0.09225	0.02695	0.15165	0.02465	0.02851	0.01731	0.01091	0.01061	0.00341	0.01295	0.00999	0.00751	0.01434
37	0.02121	0.05469	0.57364	0.03014	0.04576	0.02455	0.03906	0.03348	0.02232	0.03348	0.01897	0.02232	0.01339	0.01005	0.01005	0.00335	0.01563	0.00781	0.00446	0.01563
38	0.01602	0.01100	0.01368	0.01463	0.01558	0.01100	0.01056	0.01792	0.01887	0.02485	0.04216	0.08873	0.04718	0.39459	0.03851	0.00815	0.01005	0.20110	0.00771	0.00771
39	0.04586	0.02052	0.02610	0.02001	0.02825	0.01929	0.01653	0.15493	0.03449	0.46041	0.03816	0.03368	0.02439	0.01300	0.01062	0.00325	0.00957	0.01039	0.01254	0.01799
40	0.02577	0.24961	0.25996	0.02813	0.04003	0.03158	0.11827	0.07021	0.02458	0.03307	0.01841	0.02181	0.01428	0.00969	0.00939	0.00300	0.01422	0.00804	0.00511	0.01484
41	0.03335	0.02119	0.02441	0.02039	0.02653	0.02222	0.01614	0.24636	0.08724	0.16234	0.03910	0.18217	0.03451	0.01819	0.01136	0.00352	0.00933	0.01528	0.01094	0.01545
42	0.01284	0.00935	0.01211	0.01432	0.01523	0.00862	0.00963	0.01477	0.02063	0.02715	0.06322	0.56885	0.11941	0.03248	0.01339	0.00422	0.00606	0.02927	0.00982	0.00862
43	0.03422	0.01950	0.02320	0.01954	0.02611	0.02006	0.01555	0.05057	0.27226	0.26924	0.09376	0.04191	0.03640	0.01453	0.01088	0.00343	0.00830	0.01210	0.01184	0.01660
44	0.22277	0.01698	0.01815	0.01561	0.02153	0.01669	0.01225	0.03129	0.06225	0.11988	0.10056	0.11948	0.03646	0.01524	0.00955	0.00311	0.00752	0.01240	0.00895	0.14933
45	0.02827	0.63478	0.05540	0.01809	0.02714	0.04184	0.01809	0.03166	0.02148	0.02488	0.01470	0.01696	0.01357	0.00905	0.00678	0.00226	0.01131	0.00565	0.00452	0.01357
46	0.01472	0.01080	0.01379	0.01304	0.01564	0.00987	0.00978	0.01948	0.02935	0.04102	0.51199	0.08125	0.14552	0.02213	0.01247	0.00335	0.00502	0.01944	0.01146	0.00987
47	0.01771	0.02093	0.10928	0.02369	0.02940	0.01562	0.11591	0.02362	0.02360	0.03188	0.08853	0.20291	0.08721	0.02247	0.01290	0.00402	0.01063	0.14023	0.00826	0.01120
48	0.07232	0.02937	0.03088	0.09439	0.20031	0.17653	0.02299	0.03695	0.10510	0.03447	0.07190	0.03079	0.02537	0.01185	0.01020	0.00316	0.01286	0.00975	0.00676	0.01404
49	0.01332	0.01015	0.01226	0.01299	0.01511	0.00908	0.00926	0.01631	0.02419	0.03174	0.21137	0.29834	0.24196	0.02784	0.01288	0.00379	0.00556	0.02446	0.01032	0.00908
50	0.01305	0.00933	0.01241	0.01461	0.01537	0.00870	0.00983	0.01513	0.02100	0.02820	0.09735	0.57900	0.07227	0.03222	0.01341	0.00422	0.00604	0.02920	0.00996	0.00870
51	0.02630	0.01656	0.01920	0.01782	0.02251	0.01744	0.01412	0.04038	0.22359	0.13521	0.04429	0.09821	0.03756	0.01751	0.01087	0.00356	0.00782	0.08621	0.14700	0.01385
52	0.03775	0.03790	0.02974	0.02521	0.03193	0.28046	0.01973	0.23702	0.11648	0.04488	0.02402	0.02470	0.01821	0.01214	0.01014	0.00303	0.01448	0.00867	0.00830	0.01522
53	0.41328	0.02106	0.01935	0.01594	0.02334	0.02232	0.01296	0.07806	0.06451	0.04566	0.01904	0.02095	0.01482	0.00994	0.00759	0.00285	0.00843	0.00672	0.00719	0.18600
54	0.04034	0.01958	0.02433	0.01972	0.02716	0.01915	0.01594	0.05309	0.20246	0.39341	0.04216	0.03715	0.02822	0.01351	0.01067	0.00338	0.00879	0.01108	0.01231	0.01757
55	0.02252	0.01760	0.01889	0.01683	0.02167	0.01876	0.01310	0.10631	0.21008	0.04305	0.14113	0.05864	0.16422	0.01803	0.01109	0.00336	0.00722	0.01502	0.07920	0.01325
56	0.01925	0.01782	0.02974	0.54339	0.06700	0.02198	0.02738	0.02577	0.02105	0.02701	0.02279	0.08831	0.01975	0.01286	0.01087	0.00360	0.01329	0.01149	0.00522	0.01143
57	0.02192	0.01879	0.02192	0.01566	0.02506	0.01409	0.01253	0.02662	0.02192	0.03445	0.01879	0.02192	0.01566	0.00783	0.00783	0.00157	0.00783	0.00626	0.00626	0.69305
58	0.01372	0.01016	0.01282	0.01343	0.01536	0.00925	0.00959	0.01708	0.02511	0.03397	0.28382	0.29751	0.16516	0.02704	0.01288	0.00375	0.00550	0.02399	0.01061	0.00925
59	0.01443	0.01079	0.01340	0.01275	0.01547	0.00975	0.00956	0.01893	0.02868	0.03943	0.46024	0.08387	0.19827	0.02272	0.01248	0.00338	0.00507	0.01981	0.01125	0.00975
60	0.02192	0.02078	0.03524	0.43366	0.22691	0.02400	0.03033	0.02872	0.02206	0.02938	0.01914	0.02755	0.01493	0.01021	0.01054	0.00340	0.01361	0.00940	0.00487	0.01332
61	0.02617	0.02512	0.04292	0.06490	0.56246	0.02512	0.03245	0.03245	0.02407	0.03454	0.01989	0.02617	0.01675	0.00942	0.01047	0.00314	0.01256	0.00942	0.00523	0.01675
62	0.02422	0.02313	0.03939	0.23424	0.40837	0.02461	0.03148	0.03074	0.02315	0.03217	0.01954	0.02680	0.01591	0.00978	0.01050	0.00326	0.01304	0.00941	0.00507	0.01517
63	0.04744	0.01799	0.02454	0.01881	0.02699	0.01554	0.01554	0.05153	0.03026	0.56979	0.04171	0.03599	0.02617	0.01309	0.01063	0.00327	0.00900	0.01063	0.01309	0.01799
64	0.04588	0.02049	0.02608	0.02000	0.02824	0.01925	0.01652	0.15374	0.03444	0.46167	0.03820	0.03371	0.02441	0.01300	0.01062	0.00325	0.00956	0.01039	0.01255	0.01799
65	0.01390	0.01022	0.01315	0.01524	0.01625	0.00993	0.01034	0.01785	0.05976	0.02829	0.05712	0.57755	0.06709	0.03171	0.01329	0.00424	0.00630	0.02869	0.00989	0.00920
66	0.02228	0.01061	0.01122	0.01069	0.01368	0.01038	0.00815	0.02713	0.02292	0.08868	0.03516	0.03910	0.02701	0.01239	0.00769	0.00254	0.00531	0.00993	0.62451	0.01061
67	0.01288	0.00920	0.01227	0.01472	0.01534	0.00859	0.00981	0.01472	0.02024	0.02699	0.05828	0.62152	0.06993	0.03312	0.01350	0.00429	0.00613	0.03006	0.00981	0.00859
68	0.01288	0.00920	0.01227	0.01472	0.01534	0.00859	0.00981	0.01472	0.02024	0.02699	0.05828	0.62152	0.06993	0.03312	0.01350	0.00429	0.00613	0.03006	0.00981	0.00859
69	0.02059	0.01942	0.03283	0.54929	0.12170	0.02365	0.02967	0.02756	0.02143	0.02777	0.01890	0.02799	0.01436	0.01046	0.01056	0.00349	0.01394	0.00940	0.00475	0.01224
70	0.01361	0.00972	0.01310	0.01555	0.01648	0.00921	0.01107	0.01597	0.02096	0.02780	0.05788	0.53402	0.06835	0.03244	0.01369	0.00439	0.00676	0.11041	0.00980	0.00879
71	0.01381	0.01021	0.01204	0.01271	0.01414	0.00970	0.00851	0.01549	0.01947	0.02509	0.06167	0.22671	0.20115	0.23065	0.08445	0.00731	0.00950	0.02104	0.00828	0.00806
72	0.01997	0.01879	0.03171	0.60301	0.07282	0.02349	0.02936	0.02701	0.02114	0.02701	0.01879	0.02819	0.01409	0.01057	0.01057	0.00352	0.01409	0.00940	0.00470	0.01175
73	0.02559	0.02453	0.04188	0.11488	0.51698	0.02497	0.03216	0.03194	0.02380	0.03384	0.01979	0.02636	0.01650	0.00953	0.01048	0.00318	0.01270	0.00942	0.00518	0.01628
74	0.03502	0.03114	0.02616	0.02306	0.02915	0.21816	0.01808	0.08329	0.19262	0.13380	0.03324	0.03714	0.02592	0.01400	0.01061	0.00330	0.01256	0.04858	0.00924	0.01493
75	0.02349	0.02180	0.02556	0.07607	0.08452	0.05890	0.01670	0.02842	0.02267	0.03313	0.01872	0.02272	0.01547	0.00848	0.00848	0.00199	0.00973	0.00692	0.00595	0.51027
76	0.02731	0.03335	0.25833	0.02258	0.03377	0.01857	0.02446	0.03492	0.02404	0.16544	0.02709	0.06468	0.02082	0.01172	0.00984	0.00293	0.01135	0.00956	0.00741	0.19181

[dist]
# distance from previous block
# <min> <max>
1	5

[block]
# block no. 4 follows, 13 sequences, length 15
# corresponding to MSA columns:
# 447-461
name=unknown_E
#
# <colnr> <probs for GDERKNQSTAVLIFYWHMCP>
#	G	D	E	R	K	N	Q	S	T	A	V	L	I	F	Y	W	H	M	C	P
0	0.01444	0.01035	0.01391	0.01545	0.01701	0.00982	0.01156	0.01788	0.02392	0.03239	0.19708	0.35142	0.07613	0.02898	0.01347	0.00416	0.00666	0.13581	0.01031	0.00925
1	0.02939	0.02477	0.02905	0.02348	0.02992	0.10879	0.09515	0.12787	0.03061	0.10398	0.07577	0.12406	0.06526	0.01610	0.01120	0.00325	0.01144	0.01404	0.00883	0.06705
2	0.03069	0.01852	0.02282	0.01674	0.02572	0.01459	0.01356	0.03518	0.02479	0.21831	0.02666	0.02675	0.01927	0.00964	0.00879	0.00215	0.00823	0.00776	0.00861	0.46121
3	0.10553	0.21267	0.36141	0.02481	0.03750	0.02928	0.02987	0.03268	0.02157	0.03276	0.01727	0.02020	0.01321	0.00974	0.00871	0.00304	0.01352	0.00696	0.00473	0.01455
4	0.02171	0.02074	0.06162	0.01935	0.02466	0.02024	0.01599	0.04114	0.32029	0.04156	0.18525	0.09496	0.05258	0.01752	0.01140	0.00355	0.00780	0.01506	0.01046	0.01413
5	0.01667	0.00979	0.01250	0.01250	0.01250	0.00979	0.00761	0.01468	0.01468	0.01957	0.02683	0.05312	0.02973	0.37176	0.04840	0.30614	0.00979	0.01269	0.00562	0.00562
6	0.22445	0.02216	0.02370	0.01893	0.02628	0.02340	0.01554	0.21001	0.03364	0.20454	0.07113	0.03060	0.02530	0.01274	0.00963	0.00324	0.00936	0.00958	0.01027	0.01551
7	0.02789	0.01963	0.02560	0.01955	0.02706	0.01792	0.05483	0.12474	0.03062	0.12395	0.15068	0.03871	0.03757	0.01290	0.01025	0.00271	0.00886	0.01108	0.00932	0.24614
8	0.02605	0.02234	0.03454	0.20214	0.27683	0.02420	0.02711	0.03723	0.13031	0.07416	0.02595	0.03018	0.01990	0.01102	0.01057	0.00335	0.01186	0.01002	0.00680	0.01545
9	0.01521	0.01087	0.01494	0.01738	0.01902	0.01060	0.01386	0.01875	0.02254	0.02960	0.05699	0.33997	0.06484	0.03093	0.01412	0.00462	0.00815	0.28861	0.00977	0.00923
10	0.12805	0.01964	0.02128	0.01793	0.02411	0.06330	0.01423	0.04094	0.06344	0.29970	0.10886	0.08515	0.03726	0.01533	0.01047	0.00334	0.00889	0.01247	0.01093	0.01467
11	0.11448	0.15378	0.03125	0.02258	0.06745	0.07014	0.01730	0.04086	0.10605	0.18151	0.02815	0.02849	0.02094	0.01654	0.05254	0.00408	0.01183	0.00883	0.00832	0.01486
12	0.01404	0.01003	0.01359	0.01604	0.01716	0.00958	0.01182	0.01672	0.02138	0.02828	0.05764	0.48192	0.06741	0.03204	0.01380	0.00445	0.00714	0.15826	0.00979	0.00891
13	0.01288	0.00920	0.01227	0.01472	0.01534	0.00859	0.00981	0.01472	0.02024	0.02699	0.05828	0.62152	0.06993	0.03312	0.01350	0.00429	0.00613	0.03006	0.00981	0.00859
14	0.02641	0.21771	0.35773	0.02529	0.03812	0.02845	0.03017	0.03514	0.02304	0.09576	0.02049	0.02243	0.01499	0.01012	0.00917	0.00303	0.01358	0.00753	0.00552	0.01532

[dist]
# distance from previous block
# <min> <max>
0	1

[block]
# block no. 5 follows, 13 sequences, length 20
# corresponding to MSA columns:
# 463-482
name=unknown_F
#
# <colnr> <probs for GDERKNQSTAVLIFYWHMCP>
#	G	D	E	R	K	N	Q	S	T	A	V	L	I	F	Y	W	H	M	C	P
0	0.02233	0.14697	0.49120	0.02822	0.04280	0.02730	0.03573	0.03319	0.02219	0.03211	0.01829	0.02147	0.01342	0.00989	0.00953	0.00318	0.01494	0.00747	0.00447	0.01530
1	0.02174	0.06617	0.03379	0.39072	0.11221	0.02498	0.02662	0.02775	0.02108	0.02822	0.01813	0.02605	0.01447	0.01082	0.01231	0.00330	0.06972	0.00880	0.00489	0.07823
2	0.02827	0.63478	0.05540	0.01809	0.02714	0.04184	0.01809	0.03166	0.02148	0.02488	0.01470	0.01696	0.01357	0.00905	0.00678	0.00226	0.01131	0.00565	0.00452	0.01357
3	0.01423	0.01048	0.01370	0.01501	0.01677	0.00950	0.01060	0.01686	0.02163	0.02952	0.10254	0.47682	0.06701	0.02933	0.01294	0.00398	0.00644	0.05908	0.00965	0.07392
4	0.70310	0.02045	0.01554	0.01390	0.02045	0.02372	0.01145	0.03108	0.01799	0.04744	0.01472	0.01718	0.01145	0.00981	0.00654	0.00327	0.00818	0.00573	0.00654	0.01145
5	0.01370	0.01030	0.01269	0.01306	0.01527	0.00929	0.00943	0.01715	0.02552	0.03420	0.29108	0.24767	0.20922	0.02640	0.01278	0.00368	0.00543	0.02323	0.01062	0.00929
6	0.01360	0.00927	0.01201	0.01421	0.01502	0.00872	0.00956	0.01577	0.02045	0.02830	0.05576	0.56003	0.06541	0.03093	0.01285	0.00410	0.00601	0.02792	0.08136	0.00872
7	0.01422	0.01061	0.01342	0.01530	0.01671	0.01027	0.01078	0.01854	0.06143	0.02882	0.06089	0.49419	0.10604	0.03084	0.01329	0.00423	0.00653	0.06466	0.00988	0.00934
8	0.39653	0.01936	0.01770	0.01512	0.02128	0.02134	0.01232	0.10470	0.02480	0.10379	0.02319	0.02493	0.01717	0.01110	0.00774	0.00309	0.00811	0.00765	0.14731	0.01277
9	0.02010	0.01333	0.01667	0.01554	0.01871	0.01295	0.01166	0.08629	0.02979	0.08129	0.30921	0.22112	0.07525	0.02305	0.01237	0.00357	0.00647	0.02031	0.01110	0.01123
10	0.01869	0.01418	0.01659	0.01539	0.01887	0.01419	0.01165	0.08913	0.07972	0.04120	0.28790	0.15880	0.14759	0.02237	0.01222	0.00352	0.00644	0.01940	0.01084	0.01131
11	0.13728	0.02340	0.02376	0.02072	0.02717	0.02687	0.01640	0.12406	0.38349	0.04817	0.03579	0.03372	0.02674	0.01336	0.01005	0.00347	0.00884	0.01058	0.01005	0.01608
12	0.01288	0.00920	0.01227	0.01472	0.01534	0.00859	0.00981	0.01472	0.02024	0.02699	0.05828	0.62152	0.06993	0.03312	0.01350	0.00429	0.00613	0.03006	0.00981	0.00859
13	0.01288	0.00920	0.01227	0.01472	0.01534	0.00859	0.00981	0.01472	0.02024	0.02699	0.05828	0.62152	0.06993	0.03312	0.01350	0.00429	0.00613	0.03006	0.00981	0.00859
14	0.02313	0.08180	0.02448	0.01915	0.02252	0.02101	0.01520	0.06718	0.06374	0.08277	0.04281	0.24660	0.07787	0.02208	0.01633	0.00385	0.13108	0.01771	0.00864	0.01204
15	0.70310	0.02045	0.01554	0.01390	0.02045	0.02372	0.01145	0.03108	0.01799	0.04744	0.01472	0.01718	0.01145	0.00981	0.00654	0.00327	0.00818	0.00573	0.00654	0.01145
16	0.01330	0.01053	0.01198	0.01207	0.01489	0.00920	0.00888	0.01657	0.02533	0.03256	0.23742	0.16898	0.34858	0.02611	0.01263	0.00360	0.00535	0.02244	0.01037	0.00920
17	0.02018	0.01185	0.01569	0.01436	0.01762	0.01077	0.01089	0.02472	0.02906	0.12888	0.42354	0.12343	0.08465	0.02129	0.01226	0.00341	0.00577	0.01875	0.01171	0.01118
18	0.03788	0.02514	0.03338	0.02544	0.03366	0.02586	0.09660	0.29555	0.03897	0.18726	0.03109	0.06772	0.02318	0.01355	0.01108	0.00333	0.01156	0.01161	0.01035	0.01679
19	0.02016	0.01909	0.03115	0.31704	0.05061	0.02354	0.06216	0.02576	0.02087	0.02860	0.07547	0.03349	0.02425	0.01905	0.06340	0.00486	0.15267	0.01078	0.00554	0.01152

[dist]
# distance from previous block
# <min> <max>
2	18

[block]
# block no. 6 follows, 13 sequences, length 18
# corresponding to MSA columns:
# 501-518
name=unknown_G
#
# <colnr> <probs for GDERKNQSTAVLIFYWHMCP>
#	G	D	E	R	K	N	Q	S	T	A	V	L	I	F	Y	W	H	M	C	P
0	0.11948	0.02863	0.15622	0.23274	0.08693	0.02401	0.02682	0.08833	0.02523	0.03782	0.05859	0.02849	0.02050	0.01132	0.01001	0.00336	0.01254	0.00923	0.00615	0.01360
1	0.70310	0.02045	0.01554	0.01390	0.02045	0.02372	0.01145	0.03108	0.01799	0.04744	0.01472	0.01718	0.01145	0.00981	0.00654	0.00327	0.00818	0.00573	0.00654	0.01145
2	0.01510	0.01133	0.01699	0.01699	0.01888	0.01322	0.01322	0.01888	0.01699	0.02454	0.02832	0.04154	0.02643	0.07930	0.58652	0.01699	0.02832	0.01133	0.00566	0.00944
3	0.02121	0.05469	0.57364	0.03014	0.04576	0.02455	0.03906	0.03348	0.02232	0.03348	0.01897	0.02232	0.01339	0.01005	0.01005	0.00335	0.01563	0.00781	0.00446	0.01563
4	0.10693	0.02384	0.02464	0.02002	0.02748	0.08074	0.01609	0.09796	0.12166	0.26730	0.03286	0.03059	0.02268	0.01227	0.00988	0.00312	0.01006	0.00948	0.01036	0.07203
5	0.01898	0.00978	0.01011	0.01037	0.01264	0.00972	0.00765	0.02358	0.02197	0.03809	0.03703	0.10151	0.03167	0.01454	0.00804	0.00266	0.00506	0.01201	0.61487	0.00972
6	0.01708	0.01540	0.02602	0.02093	0.02577	0.01413	0.14336	0.02265	0.02750	0.03749	0.33018	0.07027	0.16703	0.01931	0.01248	0.00344	0.00840	0.01801	0.00965	0.01089
7	0.14657	0.02113	0.02264	0.01698	0.02570	0.01934	0.01377	0.12190	0.02647	0.04284	0.01931	0.02173	0.01535	0.00910	0.00812	0.00217	0.00861	0.00678	0.00713	0.44437
8	0.02362	0.02131	0.03317	0.36134	0.17286	0.02380	0.02731	0.07928	0.02480	0.03353	0.01971	0.02678	0.01525	0.01024	0.01026	0.00319	0.01283	0.00908	0.00558	0.08604
9	0.01384	0.01036	0.01284	0.01307	0.01532	0.00937	0.00948	0.01746	0.02602	0.03511	0.32060	0.22652	0.19958	0.02584	0.01275	0.00364	0.00537	0.02274	0.01073	0.00937
10	0.01474	0.01058	0.01171	0.01143	0.01442	0.00946	0.00857	0.01864	0.02571	0.03539	0.24650	0.08187	0.29857	0.02221	0.01150	0.00327	0.00515	0.01880	0.14201	0.00946
11	0.03317	0.07855	0.03440	0.11950	0.18686	0.02452	0.02322	0.09162	0.06699	0.19350	0.02797	0.02941	0.02012	0.01135	0.01023	0.00319	0.01122	0.00963	0.00837	0.01621
12	0.01344	0.01021	0.01238	0.01297	0.01515	0.00915	0.00930	0.01659	0.02467	0.03257	0.23810	0.27677	0.23574	0.02731	0.01284	0.00374	0.00551	0.02398	0.01042	0.00915
13	0.01400	0.01000	0.01355	0.01600	0.01711	0.00955	0.01176	0.01666	0.02135	0.02824	0.05766	0.48619	0.06748	0.03207	0.01379	0.00445	0.00710	0.15434	0.00979	0.00890
14	0.02356	0.12531	0.34164	0.02792	0.03981	0.07727	0.08095	0.03264	0.02399	0.03261	0.07578	0.02797	0.02292	0.01111	0.01006	0.00316	0.01445	0.00911	0.00542	0.01430
15	0.01997	0.01879	0.03171	0.60301	0.07282	0.02349	0.02936	0.02701	0.02114	0.02701	0.01879	0.02819	0.01409	0.01057	0.01057	0.00352	0.01409	0.00940	0.00470	0.01175
16	0.01406	0.00946	0.01213	0.01389	0.01496	0.00891	0.00949	0.01666	0.02154	0.03037	0.10804	0.48242	0.06712	0.02899	0.01253	0.00394	0.00584	0.02607	0.10465	0.00891
17	0.02743	0.02086	0.02464	0.02712	0.13133	0.07760	0.01742	0.03533	0.09556	0.14061	0.18667	0.05029	0.08843	0.01583	0.01117	0.00327	0.00927	0.01353	0.00970	0.01394

[dist]
# distance from previous block
# <min> <max>
5	29

[block]
# block no. 7 follows, 13 sequences, length 7
# corresponding to MSA columns:
# 548-554
name=unknown_H
#
# <colnr> <probs for GDERKNQSTAVLIFYWHMCP>
#	G	D	E	R	K	N	Q	S	T	A	V	L	I	F	Y	W	H	M	C	P
0	0.02411	0.02166	0.03328	0.02494	0.03320	0.01959	0.15713	0.10155	0.02667	0.03794	0.02661	0.11702	0.02451	0.01277	0.01042	0.00279	0.01095	0.01218	0.00720	0.29547
1	0.02428	0.30758	0.34771	0.02488	0.03764	0.03209	0.02992	0.03269	0.02196	0.02973	0.01711	0.01999	0.01347	0.00961	0.00862	0.00287	0.01374	0.00687	0.00449	0.01473
2	0.01510	0.01133	0.01699	0.01699	0.01888	0.01322	0.01322	0.01888	0.01699	0.02454	0.02832	0.04154	0.02643	0.07930	0.58652	0.01699	0.02832	0.01133	0.00566	0.00944
3	0.01912	0.01300	0.01599	0.01660	0.01911	0.01313	0.01188	0.02731	0.13572	0.08262	0.05336	0.43816	0.05751	0.02710	0.01262	0.00404	0.00690	0.02424	0.01033	0.01127
4	0.01514	0.01117	0.01618	0.01618	0.01778	0.01277	0.01220	0.01836	0.01675	0.02394	0.02907	0.04567	0.02823	0.16128	0.50699	0.01599	0.02562	0.01193	0.00577	0.00899
5	0.01510	0.01133	0.01699	0.01699	0.01888	0.01322	0.01322	0.01888	0.01699	0.02454	0.02832	0.04154	0.02643	0.07930	0.58652	0.01699	0.02832	0.01133	0.00566	0.00944
6	0.60171	0.02007	0.01693	0.01466	0.02146	0.02245	0.01208	0.03424	0.01989	0.12822	0.01890	0.02009	0.01373	0.01032	0.00718	0.00327	0.00831	0.00648	0.00756	0.01246

[dist]
# distance from previous block
# <min> <max>
3	49

[block]
# block no. 8 follows, 13 sequences, length 25
# corresponding to MSA columns:
# 604-628
name=unknown_I
#
# <colnr> <probs for GDERKNQSTAVLIFYWHMCP>
#	G	D	E	R	K	N	Q	S	T	A	V	L	I	F	Y	W	H	M	C	P
0	0.10346	0.02063	0.01831	0.01664	0.02063	0.13089	0.01271	0.02813	0.02855	0.07743	0.34444	0.05624	0.06629	0.01740	0.01103	0.00319	0.00856	0.01439	0.00986	0.01120
1	0.03024	0.02070	0.03260	0.09719	0.29207	0.02022	0.02428	0.03552	0.02562	0.19124	0.03651	0.03817	0.08309	0.01266	0.01077	0.00327	0.01081	0.01130	0.00804	0.01571
2	0.03950	0.05039	0.02996	0.02724	0.03269	0.58597	0.02043	0.04222	0.02996	0.02588	0.01634	0.01907	0.01362	0.01090	0.00953	0.00272	0.01907	0.00681	0.00545	0.01226
3	0.01990	0.01386	0.01724	0.01452	0.01942	0.01171	0.01102	0.02413	0.02563	0.08252	0.26501	0.09486	0.05964	0.06061	0.01384	0.00331	0.00671	0.01474	0.00952	0.23181
4	0.03950	0.05039	0.02996	0.02724	0.03269	0.58597	0.02043	0.04222	0.02996	0.02588	0.01634	0.01907	0.01362	0.01090	0.00953	0.00272	0.01907	0.00681	0.00545	0.01226
5	0.02731	0.02730	0.04180	0.06166	0.51689	0.07337	0.03141	0.03329	0.02458	0.03380	0.01958	0.02556	0.01648	0.00955	0.01039	0.00310	0.01312	0.00920	0.00525	0.01636
6	0.03913	0.04054	0.02812	0.02488	0.03091	0.40249	0.01901	0.04589	0.10146	0.12911	0.02475	0.02504	0.01854	0.01178	0.00991	0.00295	0.01571	0.00823	0.00760	0.01394
7	0.03950	0.05039	0.02996	0.02724	0.03269	0.58597	0.02043	0.04222	0.02996	0.02588	0.01634	0.01907	0.01362	0.01090	0.00953	0.00272	0.01907	0.00681	0.00545	0.01226
8	0.04744	0.01799	0.02454	0.01881	0.02699	0.01554	0.01554	0.05153	0.03026	0.56979	0.04171	0.03599	0.02617	0.01309	0.01063	0.00327	0.00900	0.01063	0.01309	0.01799
9	0.01414	0.01110	0.01607	0.01609	0.01817	0.01022	0.04655	0.01724	0.02306	0.03089	0.16562	0.40428	0.12984	0.02823	0.01309	0.00395	0.00664	0.02560	0.00988	0.00933
10	0.02702	0.02979	0.02986	0.02634	0.02817	0.19368	0.02116	0.02963	0.02035	0.02547	0.01631	0.02410	0.01528	0.02342	0.09230	0.00552	0.36631	0.00878	0.00499	0.01152
11	0.04673	0.01912	0.02524	0.01935	0.02755	0.01722	0.01598	0.09775	0.03215	0.52089	0.04013	0.03496	0.02538	0.01305	0.01063	0.00326	0.00925	0.01052	0.01284	0.01799
12	0.01312	0.01074	0.01157	0.01136	0.01466	0.00919	0.00852	0.01638	0.02557	0.03205	0.22042	0.09602	0.44268	0.02548	0.01249	0.00351	0.00526	0.02151	0.01028	0.00919
13	0.01396	0.01000	0.01335	0.01488	0.01624	0.00940	0.01071	0.01704	0.02345	0.03187	0.19803	0.40996	0.07724	0.02943	0.01334	0.00409	0.00624	0.08135	0.01032	0.00911
14	0.01538	0.01025	0.01153	0.01153	0.01153	0.01025	0.00641	0.01538	0.01538	0.02050	0.03331	0.06919	0.03844	0.62842	0.05382	0.01025	0.01025	0.01538	0.00641	0.00641
