[name]
unknown

[dist]
# distance from previous block
# <min> <max>
0	704

[block]
# block no. 0 follows, 13 sequences, length 27
# corresponding to MSA columns:
# 814-840
name=unknown_A
#
# <colnr> <probs for GDERKNQSTAVLIFYWHMCP>
#	G	D	E	R	K	N	Q	S	T	A	V	L	I	F	Y	W	H	M	C	P
0	0.01704	0.01217	0.01704	0.01947	0.02191	0.01217	0.01704	0.02191	0.02434	0.03164	0.05598	0.11926	0.06085	0.02921	0.01460	0.00487	0.00974	0.49130	0.00974	0.00974
1	0.02448	0.02264	0.03556	0.05065	0.39600	0.02321	0.02672	0.03443	0.11688	0.03531	0.02898	0.10510	0.02638	0.01335	0.01091	0.00337	0.01098	0.01253	0.00682	0.01570
2	0.14628	0.25916	0.28520	0.02285	0.03445	0.03068	0.02649	0.03239	0.02124	0.03287	0.01666	0.01945	0.01311	0.00964	0.00823	0.00294	0.01272	0.00665	0.00486	0.01413
3	0.02750	0.02331	0.02459	0.02176	0.02795	0.02686	0.01703	0.09706	0.50052	0.04617	0.04150	0.03823	0.03103	0.01420	0.01074	0.00355	0.00865	0.01174	0.01074	0.01684
4	0.02767	0.52586	0.05666	0.02285	0.03219	0.03912	0.10900	0.03206	0.02211	0.02649	0.01590	0.01904	0.01401	0.00902	0.00781	0.00250	0.01248	0.00688	0.00467	0.01369
5	0.01510	0.01133	0.01699	0.01699	0.01888	0.01322	0.01322	0.01888	0.01699	0.02454	0.02832	0.04154	0.02643	0.07930	0.58652	0.01699	0.02832	0.01133	0.00566	0.00944
6	0.02815	0.01391	0.01911	0.01836	0.02271	0.01284	0.01516	0.03217	0.02591	0.24077	0.05083	0.17701	0.04895	0.02362	0.01286	0.00414	0.00880	0.22089	0.01106	0.01275
7	0.02549	0.03240	0.13543	0.03484	0.10670	0.08809	0.16398	0.03750	0.13137	0.03390	0.02576	0.03200	0.02079	0.06708	0.01486	0.00399	0.01424	0.01076	0.00640	0.01439
8	0.02505	0.02398	0.04090	0.16158	0.47449	0.02483	0.03189	0.03147	0.02355	0.03319	0.01969	0.02653	0.01627	0.00963	0.01049	0.00321	0.01284	0.00942	0.00514	0.01585
9	0.02600	0.15331	0.10858	0.02663	0.06460	0.02497	0.11062	0.03382	0.05661	0.07024	0.02165	0.02448	0.01687	0.00944	0.00927	0.00264	0.01173	0.00830	0.00621	0.21404
10	0.02005	0.01766	0.02553	0.02123	0.02637	0.01794	0.10426	0.03323	0.18708	0.04025	0.26361	0.05965	0.10302	0.01753	0.01195	0.00347	0.00837	0.01599	0.01008	0.01274
11	0.01538	0.01025	0.01153	0.01153	0.01153	0.01025	0.00641	0.01538	0.01538	0.02050	0.03331	0.06919	0.03844	0.62842	0.05382	0.01025	0.01025	0.01538	0.00641	0.00641
12	0.01631	0.01349	0.02134	0.02347	0.08947	0.01279	0.05971	0.02031	0.02406	0.03319	0.19900	0.32868	0.06709	0.02443	0.01271	0.00379	0.00769	0.02253	0.00936	0.01057
13	0.02700	0.17104	0.04606	0.08571	0.32208	0.06549	0.07294	0.03266	0.02373	0.03112	0.01849	0.02388	0.01555	0.00946	0.00972	0.00297	0.01327	0.00864	0.00505	0.01514
14	0.03950	0.05039	0.02996	0.02724	0.03269	0.58597	0.02043	0.04222	0.02996	0.02588	0.01634	0.01907	0.01362	0.01090	0.00953	0.00272	0.01907	0.00681	0.00545	0.01226
15	0.01538	0.01025	0.01153	0.01153	0.01153	0.01025	0.00641	0.01538	0.01538	0.02050	0.03331	0.06919	0.03844	0.62842	0.05382	0.01025	0.01025	0.01538	0.00641	0.00641
16	0.01778	0.01001	0.01439	0.01499	0.01560	0.01001	0.01089	0.01593	0.01653	0.02184	0.02897	0.05690	0.03061	0.08539	0.03577	0.46372	0.00941	0.12921	0.00602	0.00602
17	0.02827	0.24141	0.30228	0.02409	0.03618	0.02869	0.02785	0.03612	0.02347	0.12697	0.02163	0.02299	0.01575	0.01026	0.00906	0.00297	0.01300	0.00760	0.00603	0.01537
18	0.58186	0.13082	0.02270	0.01466	0.02165	0.02697	0.01264	0.03118	0.01862	0.04338	0.01472	0.01714	0.01183	0.00968	0.00659	0.00309	0.00874	0.00571	0.00618	0.01183
19	0.01591	0.01006	0.01193	0.01193	0.01193	0.01006	0.00691	0.01509	0.01509	0.02012	0.03063	0.06253	0.03483	0.52212	0.05157	0.13280	0.01006	0.01426	0.00608	0.00608
20	0.02696	0.02504	0.04134	0.12981	0.40154	0.02593	0.06212	0.09130	0.02683	0.03736	0.02050	0.02649	0.01650	0.00993	0.01062	0.00322	0.01299	0.00963	0.00581	0.01608
21	0.02497	0.03871	0.30564	0.09264	0.21296	0.02386	0.03401	0.03413	0.02347	0.07978	0.02123	0.02528	0.01565	0.01016	0.01028	0.00329	0.01392	0.00872	0.00548	0.01584
22	0.02079	0.01294	0.01628	0.01463	0.01841	0.01215	0.01125	0.02755	0.07329	0.12388	0.39128	0.07095	0.12432	0.02013	0.01204	0.00336	0.00594	0.01747	0.01162	0.01171
23	0.01288	0.00920	0.01227	0.01472	0.01534	0.00859	0.00981	0.01472	0.02024	0.02699	0.05828	0.62152	0.06993	0.03312	0.01350	0.00429	0.00613	0.03006	0.00981	0.00859
24	0.43959	0.02087	0.02334	0.10716	0.12488	0.02337	0.01802	0.03217	0.02038	0.07869	0.01811	0.02166	0.01380	0.01008	0.00810	0.00328	0.00986	0.00725	0.00650	0.01289
25	0.12380	0.02791	0.02623	0.02504	0.09170	0.15974	0.01744	0.03175	0.02325	0.03360	0.01742	0.02113	0.01457	0.00976	0.01013	0.00249	0.05023	0.00690	0.00587	0.30103
26	0.37332	0.02261	0.02760	0.06818	0.22610	0.02474	0.02081	0.05936	0.02223	0.04252	0.01749	0.02164	0.01395	0.00987	0.00847	0.00323	0.01035	0.00753	0.00617	0.01381

[dist]
# distance from previous block
# <min> <max>
2	5

[block]
# block no. 1 follows, 13 sequences, length 29
# corresponding to MSA columns:
# 846-874
name=unknown_B
#
# <colnr> <probs for GDERKNQSTAVLIFYWHMCP>
#	G	D	E	R	K	N	Q	S	T	A	V	L	I	F	Y	W	H	M	C	P
0	0.01301	0.01073	0.01143	0.01125	0.01460	0.00915	0.00844	0.01617	0.02532	0.03145	0.20109	0.09700	0.46239	0.02570	0.01249	0.00352	0.00528	0.02165	0.01020	0.00915
1	0.02574	0.02426	0.03801	0.08405	0.34075	0.02548	0.06160	0.03915	0.17581	0.03686	0.02669	0.03034	0.02108	0.01090	0.01070	0.00332	0.01179	0.01037	0.00682	0.01626
2	0.02960	0.33206	0.08020	0.01960	0.02774	0.07161	0.01855	0.13125	0.02793	0.03626	0.02036	0.02269	0.01655	0.01049	0.00808	0.00259	0.01124	0.00733	0.11195	0.01394
3	0.01401	0.00968	0.01193	0.01328	0.01361	0.00934	0.00827	0.01502	0.01804	0.02405	0.04697	0.37146	0.05567	0.30264	0.03175	0.00699	0.00800	0.02341	0.00827	0.00760
4	0.02550	0.17279	0.17509	0.12943	0.19007	0.02917	0.02932	0.06978	0.02454	0.03330	0.01871	0.02335	0.01484	0.00993	0.00954	0.00305	0.01321	0.00815	0.00520	0.01502
5	0.02617	0.02512	0.04292	0.06490	0.56246	0.02512	0.03245	0.03245	0.02407	0.03454	0.01989	0.02617	0.01675	0.00942	0.01047	0.00314	0.01256	0.00942	0.00523	0.01675
6	0.01971	0.00985	0.00985	0.00985	0.01232	0.00985	0.00739	0.02464	0.02217	0.03942	0.03449	0.03942	0.02710	0.01232	0.00739	0.00246	0.00493	0.00985	0.68712	0.00985
7	0.02964	0.56321	0.05229	0.01921	0.02782	0.10848	0.01838	0.03295	0.02252	0.02500	0.01490	0.01722	0.01357	0.00927	0.00712	0.00232	0.01226	0.00580	0.00464	0.01341
8	0.01538	0.01025	0.01153	0.01153	0.01153	0.01025	0.00641	0.01538	0.01538	0.02050	0.03331	0.06919	0.03844	0.62842	0.05382	0.01025	0.01025	0.01538	0.00641	0.00641
9	0.02454	0.02203	0.02839	0.07410	0.03387	0.02473	0.07942	0.04769	0.39389	0.04013	0.03948	0.08255	0.03165	0.01482	0.01117	0.00363	0.00985	0.01321	0.00950	0.01536
10	0.02385	0.02166	0.03143	0.03795	0.26836	0.01909	0.02155	0.02926	0.02290	0.03449	0.01929	0.02385	0.01615	0.00855	0.00902	0.00228	0.00997	0.00769	0.00580	0.38687
11	0.01454	0.01126	0.01331	0.01428	0.01712	0.01033	0.01151	0.01788	0.02351	0.02917	0.08089	0.10622	0.31862	0.07470	0.01656	0.00461	0.00749	0.20943	0.00952	0.00905
12	0.01512	0.01126	0.01663	0.01663	0.01839	0.01302	0.01276	0.01865	0.01688	0.02427	0.02865	0.04338	0.02723	0.11596	0.55096	0.01654	0.02711	0.01160	0.00571	0.00924
13	0.02552	0.22233	0.18915	0.02340	0.03213	0.12289	0.02420	0.03167	0.02385	0.02910	0.02599	0.04313	0.02475	0.01443	0.01004	0.00327	0.01349	0.12175	0.00590	0.01302
14	0.01951	0.01252	0.01823	0.01712	0.01712	0.01474	0.01252	0.01657	0.01435	0.02006	0.01729	0.02998	0.01729	0.03237	0.03974	0.52764	0.15287	0.00920	0.00460	0.00626
15	0.02331	0.09730	0.03000	0.02264	0.02422	0.07594	0.01828	0.02524	0.01783	0.02423	0.01885	0.03306	0.01970	0.16278	0.03369	0.00552	0.34159	0.01007	0.00511	0.01064
16	0.01837	0.01164	0.01602	0.01770	0.02001	0.01119	0.01430	0.02207	0.02342	0.07995	0.05548	0.29227	0.06090	0.02912	0.01384	0.00451	0.00837	0.28067	0.01008	0.01009
17	0.04195	0.02009	0.03087	0.02873	0.11886	0.01811	0.06218	0.04682	0.02877	0.43421	0.03632	0.03370	0.02373	0.01211	0.01076	0.00327	0.01035	0.01059	0.01111	0.01746
18	0.02033	0.03753	0.30826	0.09991	0.04564	0.02221	0.13062	0.02966	0.02301	0.03193	0.03442	0.03779	0.10661	0.01272	0.01102	0.00345	0.01414	0.01141	0.00558	0.01374
19	0.01997	0.01879	0.03171	0.60301	0.07282	0.02349	0.02936	0.02701	0.02114	0.02701	0.01879	0.02819	0.01409	0.01057	0.01057	0.00352	0.01409	0.00940	0.00470	0.01175
20	0.02121	0.05469	0.57364	0.03014	0.04576	0.02455	0.03906	0.03348	0.02232	0.03348	0.01897	0.02232	0.01339	0.01005	0.01005	0.00335	0.01563	0.00781	0.00446	0.01563
21	0.02534	0.02380	0.08337	0.16492	0.25707	0.02132	0.02693	0.03158	0.02349	0.09404	0.02532	0.07854	0.02146	0.01208	0.01053	0.00323	0.01184	0.01094	0.00643	0.06777
22	0.02480	0.02337	0.03939	0.05858	0.49551	0.02327	0.02970	0.03092	0.02479	0.03550	0.08565	0.03264	0.02691	0.01091	0.01071	0.00316	0.01163	0.01061	0.00602	0.01592
23	0.02520	0.02414	0.04117	0.14858	0.48632	0.02487	0.03197	0.03160	0.02362	0.03337	0.01972	0.02648	0.01634	0.00960	0.01048	0.00320	0.01280	0.00942	0.00515	0.01597
24	0.07967	0.02893	0.07177	0.02396	0.03244	0.11406	0.06580	0.11368	0.03116	0.28653	0.02997	0.02883	0.02014	0.01185	0.01033	0.00320	0.01231	0.00951	0.00970	0.01613
25	0.01866	0.01551	0.05611	0.08893	0.02733	0.01334	0.01663	0.02333	0.02391	0.07729	0.09807	0.19326	0.12028	0.02404	0.01275	0.00403	0.00887	0.15763	0.00923	0.01078
26	0.03064	0.02464	0.02642	0.02174	0.02905	0.02699	0.01737	0.21902	0.30015	0.05088	0.03360	0.03217	0.02503	0.01290	0.01031	0.00317	0.00945	0.01034	0.01010	0.10600
27	0.03309	0.02770	0.03710	0.04627	0.32215	0.06812	0.02649	0.17950	0.03254	0.08940	0.02311	0.02626	0.01769	0.01080	0.01044	0.00313	0.01247	0.00936	0.00749	0.01688
28	0.02121	0.05469	0.57364	0.03014	0.04576	0.02455	0.03906	0.03348	0.02232	0.03348	0.01897	0.02232	0.01339	0.01005	0.01005	0.00335	0.01563	0.00781	0.00446	0.01563

[dist]
# distance from previous block
# <min> <max>
0	5

[block]
# block no. 2 follows, 13 sequences, length 55
# corresponding to MSA columns:
# 880-934
name=unknown_C
#
# <colnr> <probs for GDERKNQSTAVLIFYWHMCP>
#	G	D	E	R	K	N	Q	S	T	A	V	L	I	F	Y	W	H	M	C	P
0	0.02126	0.09603	0.48958	0.02788	0.04196	0.02474	0.03516	0.03228	0.02286	0.03352	0.06099	0.02637	0.02021	0.01088	0.00998	0.00326	0.01446	0.00854	0.00503	0.01502
1	0.02617	0.02512	0.04292	0.06490	0.56246	0.02512	0.03245	0.03245	0.02407	0.03454	0.01989	0.02617	0.01675	0.00942	0.01047	0.00314	0.01256	0.00942	0.00523	0.01675
2	0.02780	0.15954	0.07495	0.09415	0.20008	0.02608	0.06384	0.03345	0.02381	0.11149	0.02484	0.07027	0.02090	0.01178	0.01004	0.00314	0.01203	0.01045	0.00651	0.01485
3	0.02479	0.02407	0.07446	0.27945	0.17964	0.02389	0.07232	0.03419	0.07409	0.07454	0.02349	0.02903	0.01759	0.01068	0.01070	0.00341	0.01320	0.00991	0.00613	0.01444
4	0.01909	0.01180	0.01466	0.01463	0.01799	0.01057	0.01137	0.02243	0.02488	0.11479	0.12285	0.20144	0.23852	0.02588	0.01278	0.00388	0.00682	0.10459	0.01050	0.01052
5	0.02617	0.02512	0.04292	0.06490	0.56246	0.02512	0.03245	0.03245	0.02407	0.03454	0.01989	0.02617	0.01675	0.00942	0.01047	0.00314	0.01256	0.00942	0.00523	0.01675
6	0.03231	0.02494	0.11350	0.07502	0.18505	0.01961	0.02446	0.03830	0.02574	0.24777	0.03182	0.08242	0.02454	0.01317	0.01074	0.00335	0.01114	0.01149	0.00863	0.01600
7	0.02647	0.09665	0.36935	0.02934	0.04252	0.02499	0.10231	0.03620	0.02386	0.11663	0.02249	0.02486	0.01578	0.01027	0.01019	0.00327	0.01452	0.00872	0.00594	0.01562
8	0.02509	0.02449	0.04315	0.14568	0.43606	0.02503	0.08144	0.03176	0.02371	0.03332	0.01987	0.02672	0.01627	0.00955	0.01069	0.00324	0.01333	0.00972	0.00516	0.01573
9	0.02786	0.38102	0.22357	0.02214	0.03328	0.03348	0.02477	0.03426	0.02264	0.08254	0.01883	0.02065	0.01478	0.00978	0.00825	0.00272	0.01250	0.00687	0.00537	0.01469
10	0.03216	0.03173	0.22254	0.02975	0.11960	0.01984	0.02615	0.03943	0.02599	0.25345	0.03467	0.03415	0.05758	0.01237	0.01053	0.00330	0.01168	0.01025	0.00851	0.01631
11	0.03965	0.06602	0.07438	0.02738	0.09702	0.02016	0.05988	0.04497	0.02784	0.38126	0.03374	0.03178	0.02233	0.01178	0.01044	0.00321	0.01081	0.01006	0.01023	0.01705
12	0.02121	0.05469	0.57364	0.03014	0.04576	0.02455	0.03906	0.03348	0.02232	0.03348	0.01897	0.02232	0.01339	0.01005	0.01005	0.00335	0.01563	0.00781	0.00446	0.01563
13	0.03667	0.03305	0.24989	0.02346	0.03469	0.01924	0.02519	0.04412	0.02700	0.34968	0.03238	0.03038	0.02093	0.01184	0.01039	0.00330	0.01172	0.00948	0.00955	0.01702
14	0.07330	0.06849	0.03686	0.04706	0.36364	0.02367	0.02576	0.03065	0.02315	0.03451	0.02162	0.03104	0.01921	0.01064	0.00982	0.00298	0.01124	0.04381	0.00576	0.11681
15	0.01513	0.01122	0.01646	0.01646	0.01816	0.01293	0.01255	0.01854	0.01683	0.02415	0.02881	0.04424	0.02761	0.13302	0.53440	0.01633	0.02655	0.01172	0.00574	0.00914
16	0.02576	0.02404	0.03356	0.04618	0.34129	0.06591	0.02537	0.03490	0.09912	0.03550	0.02761	0.03712	0.02369	0.01229	0.01049	0.00326	0.01144	0.05233	0.07505	0.01508
17	0.01809	0.01250	0.01823	0.01934	0.05927	0.01349	0.01288	0.01845	0.01866	0.02621	0.12984	0.04434	0.03692	0.07974	0.10705	0.28860	0.06996	0.01198	0.00636	0.00812
18	0.04744	0.01799	0.02454	0.01881	0.02699	0.01554	0.01554	0.05153	0.03026	0.56979	0.04171	0.03599	0.02617	0.01309	0.01063	0.00327	0.00900	0.01063	0.01309	0.01799
19	0.01945	0.01594	0.01953	0.06182	0.02531	0.01791	0.01478	0.03366	0.23201	0.03466	0.08158	0.18205	0.04400	0.03233	0.12842	0.00645	0.01205	0.01654	0.00911	0.01240
20	0.01398	0.01088	0.01277	0.01263	0.01562	0.00967	0.00968	0.01787	0.02668	0.03491	0.30008	0.09330	0.31280	0.02473	0.01267	0.00358	0.00558	0.06248	0.01061	0.00946
21	0.02926	0.58299	0.05315	0.01890	0.02763	0.09006	0.01830	0.03260	0.02223	0.02496	0.01484	0.01715	0.01357	0.00921	0.00703	0.00230	0.01199	0.00576	0.00460	0.01345
22	0.63708	0.08055	0.01944	0.01431	0.02110	0.02549	0.01210	0.03114	0.01834	0.04523	0.01472	0.01715	0.01166	0.00974	0.00657	0.00317	0.00848	0.00572	0.00635	0.01166
23	0.02147	0.02033	0.03443	0.47271	0.19138	0.02389	0.03011	0.02833	0.02185	0.02884	0.01906	0.02770	0.01474	0.01029	0.01055	0.00343	0.01372	0.00940	0.00483	0.01296
24	0.02147	0.01973	0.03250	0.26545	0.10040	0.02038	0.09233	0.02790	0.02242	0.03144	0.02290	0.03387	0.01912	0.01107	0.01031	0.00309	0.01220	0.04354	0.04850	0.16138
25	0.02121	0.05469	0.57364	0.03014	0.04576	0.02455	0.03906	0.03348	0.02232	0.03348	0.01897	0.02232	0.01339	0.01005	0.01005	0.00335	0.01563	0.00781	0.00446	0.01563
26	0.02540	0.07094	0.04267	0.13749	0.12107	0.02373	0.18948	0.03201	0.02388	0.07438	0.02368	0.03279	0.01922	0.01078	0.01082	0.00321	0.01344	0.04064	0.00616	0.09820
27	0.01496	0.01081	0.01413	0.01330	0.01580	0.00998	0.00998	0.01995	0.02993	0.04240	0.55689	0.07898	0.09976	0.02162	0.01247	0.00333	0.00499	0.01912	0.01164	0.00998
28	0.70310	0.02045	0.01554	0.01390	0.02045	0.02372	0.01145	0.03108	0.01799	0.04744	0.01472	0.01718	0.01145	0.00981	0.00654	0.00327	0.00818	0.00573	0.00654	0.01145
29	0.03950	0.05039	0.02996	0.02724	0.03269	0.58597	0.02043	0.04222	0.02996	0.02588	0.01634	0.01907	0.01362	0.01090	0.00953	0.00272	0.01907	0.00681	0.00545	0.01226
30	0.01535	0.01036	0.01208	0.01208	0.01227	0.01055	0.00709	0.01573	0.01554	0.02091	0.03281	0.06641	0.03723	0.57317	0.10741	0.01093	0.01207	0.01497	0.00633	0.00671
31	0.02059	0.01943	0.03284	0.54887	0.12208	0.02365	0.02967	0.02756	0.02144	0.02777	0.01890	0.02799	0.01436	0.01046	0.01056	0.00349	0.01394	0.00940	0.00475	0.01225
32	0.01478	0.01080	0.01388	0.01311	0.01568	0.00990	0.00983	0.01960	0.02950	0.04138	0.52384	0.08065	0.13345	0.02199	0.01247	0.00334	0.00502	0.01936	0.01151	0.00990
33	0.02121	0.05469	0.57364	0.03014	0.04576	0.02455	0.03906	0.03348	0.02232	0.03348	0.01897	0.02232	0.01339	0.01005	0.01005	0.00335	0.01563	0.00781	0.00446	0.01563
34	0.02192	0.01879	0.02192	0.01566	0.02506	0.01409	0.01253	0.02662	0.02192	0.03445	0.01879	0.02192	0.01566	0.00783	0.00783	0.00157	0.00783	0.00626	0.00626	0.69305
35	0.02192	0.01879	0.02192	0.01566	0.02506	0.01409	0.01253	0.02662	0.02192	0.03445	0.01879	0.02192	0.01566	0.00783	0.00783	0.00157	0.00783	0.00626	0.00626	0.69305
36	0.70310	0.02045	0.01554	0.01390	0.02045	0.02372	0.01145	0.03108	0.01799	0.04744	0.01472	0.01718	0.01145	0.00981	0.00654	0.00327	0.00818	0.00573	0.00654	0.01145
37	0.01288	0.00920	0.01227	0.01472	0.01534	0.00859	0.00981	0.01472	0.02024	0.02699	0.05828	0.62152	0.06993	0.03312	0.01350	0.00429	0.00613	0.03006	0.00981	0.00859
38	0.01538	0.01025	0.01153	0.01153	0.01153	0.01025	0.00641	0.01538	0.01538	0.02050	0.03331	0.06919	0.03844	0.62842	0.05382	0.01025	0.01025	0.01538	0.00641	0.00641
39	0.01997	0.01879	0.03171	0.60301	0.07282	0.02349	0.02936	0.02701	0.02114	0.02701	0.01879	0.02819	0.01409	0.01057	0.01057	0.00352	0.01409	0.00940	0.00470	0.01175
40	0.70310	0.02045	0.01554	0.01390	0.02045	0.02372	0.01145	0.03108	0.01799	0.04744	0.01472	0.01718	0.01145	0.00981	0.00654	0.00327	0.00818	0.00573	0.00654	0.01145
41	0.01997	0.01879	0.03171	0.60301	0.07282	0.02349	0.02936	0.02701	0.02114	0.02701	0.01879	0.02819	0.01409	0.01057	0.01057	0.00352	0.01409	0.00940	0.00470	0.01175
42	0.70310	0.02045	0.01554	0.01390	0.02045	0.02372	0.01145	0.03108	0.01799	0.04744	0.01472	0.01718	0.01145	0.00981	0.00654	0.00327	0.00818	0.00573	0.00654	0.01145
43	0.02190	0.11144	0.52294	0.02896	0.04394	0.02625	0.03701	0.03331	0.02224	0.03264	0.01856	0.02180	0.01341	0.00995	0.00973	0.00324	0.01520	0.00760	0.00447	0.01542
44	0.02313	0.02313	0.03238	0.02776	0.02776	0.03238	0.02313	0.02545	0.01619	0.02545	0.01388	0.02313	0.01388	0.01851	0.03470	0.00463	0.60907	0.00925	0.00463	0.01157
45	0.02192	0.01879	0.02192	0.01566	0.02506	0.01409	0.01253	0.02662	0.02192	0.03445	0.01879	0.02192	0.01566	0.00783	0.00783	0.00157	0.00783	0.00626	0.00626	0.69305
46	0.02519	0.02412	0.04115	0.14984	0.48517	0.02486	0.03196	0.03159	0.02361	0.03335	0.01972	0.02649	0.01633	0.00960	0.01048	0.00320	0.01280	0.00942	0.00515	0.01596
47	0.01704	0.01217	0.01704	0.01947	0.02191	0.01217	0.01704	0.02191	0.02434	0.03164	0.05598	0.11926	0.06085	0.02921	0.01460	0.00487	0.00974	0.49130	0.00974	0.00974
48	0.70310	0.02045	0.01554	0.01390	0.02045	0.02372	0.01145	0.03108	0.01799	0.04744	0.01472	0.01718	0.01145	0.00981	0.00654	0.00327	0.00818	0.00573	0.00654	0.01145
49	0.02403	0.02293	0.03904	0.25086	0.39325	0.02456	0.03138	0.03057	0.02306	0.03194	0.01951	0.02687	0.01583	0.00982	0.01050	0.00327	0.01309	0.00941	0.00505	0.01502
50	0.01303	0.01068	0.01114	0.01105	0.01416	0.00916	0.00807	0.01567	0.02383	0.02917	0.14514	0.09628	0.46120	0.08512	0.01654	0.00420	0.00580	0.02131	0.00967	0.00879
51	0.02617	0.02512	0.04292	0.06490	0.56246	0.02512	0.03245	0.03245	0.02407	0.03454	0.01989	0.02617	0.01675	0.00942	0.01047	0.00314	0.01256	0.00942	0.00523	0.01675
52	0.02363	0.02253	0.03833	0.28529	0.36193	0.02445	0.03119	0.03022	0.02287	0.03146	0.01944	0.02700	0.01566	0.00989	0.01051	0.00330	0.01319	0.00941	0.00501	0.01470
53	0.01997	0.01879	0.03171	0.60301	0.07282	0.02349	0.02936	0.02701	0.02114	0.02701	0.01879	0.02819	0.01409	0.01057	0.01057	0.00352	0.01409	0.00940	0.00470	0.01175
54	0.01335	0.01074	0.01190	0.01161	0.01481	0.00929	0.00871	0.01683	0.02612	0.03336	0.26298	0.09386	0.39931	0.02499	0.01249	0.00349	0.00523	0.02121	0.01045	0.00929

[dist]
# distance from previous block
# <min> <max>
0	462

[block]
# block no. 3 follows, 13 sequences, length 17
# corresponding to MSA columns:
# 1397-1413
name=unknown_D
#
# <colnr> <probs for GDERKNQSTAVLIFYWHMCP>
#	G	D	E	R	K	N	Q	S	T	A	V	L	I	F	Y	W	H	M	C	P
0	0.01641	0.01299	0.02074	0.01970	0.02253	0.01390	0.05834	0.02098	0.02040	0.02838	0.07393	0.06166	0.03920	0.05696	0.35775	0.01192	0.02125	0.12594	0.00705	0.00997
1	0.02192	0.01879	0.02192	0.01566	0.02506	0.01409	0.01253	0.02662	0.02192	0.03445	0.01879	0.02192	0.01566	0.00783	0.00783	0.00157	0.00783	0.00626	0.00626	0.69305
2	0.02046	0.03313	0.24816	0.37420	0.06201	0.02392	0.03324	0.02960	0.02161	0.02960	0.01887	0.02585	0.01381	0.01036	0.01036	0.00345	0.01471	0.00876	0.00460	0.01330
3	0.02827	0.63478	0.05540	0.01809	0.02714	0.04184	0.01809	0.03166	0.02148	0.02488	0.01470	0.01696	0.01357	0.00905	0.00678	0.00226	0.01131	0.00565	0.00452	0.01357
4	0.01250	0.01071	0.01071	0.01071	0.01428	0.00893	0.00803	0.01517	0.02410	0.02856	0.10711	0.10175	0.55817	0.02678	0.01250	0.00357	0.00536	0.02231	0.00982	0.00893
5	0.02409	0.02079	0.02179	0.01979	0.02538	0.02352	0.01534	0.04961	0.46019	0.04172	0.05330	0.04943	0.11651	0.01634	0.01104	0.00358	0.00789	0.01361	0.01061	0.01548
6	0.01254	0.01052	0.01090	0.01121	0.01441	0.00888	0.00825	0.01512	0.02362	0.02837	0.10107	0.16598	0.49784	0.02756	0.01262	0.00366	0.00545	0.02327	0.00982	0.00888
7	0.03950	0.05039	0.02996	0.02724	0.03269	0.58597	0.02043	0.04222	0.02996	0.02588	0.01634	0.01907	0.01362	0.01090	0.00953	0.00272	0.01907	0.00681	0.00545	0.01226
8	0.01254	0.01052	0.01090	0.01121	0.01441	0.00888	0.00825	0.01512	0.02362	0.02837	0.10107	0.16598	0.49784	0.02756	0.01262	0.00366	0.00545	0.02327	0.00982	0.00888
9	0.70310	0.02045	0.01554	0.01390	0.02045	0.02372	0.01145	0.03108	0.01799	0.04744	0.01472	0.01718	0.01145	0.00981	0.00654	0.00327	0.00818	0.00573	0.00654	0.01145
10	0.02420	0.02979	0.14563	0.09099	0.35713	0.02353	0.03109	0.03154	0.02325	0.03377	0.01949	0.02502	0.01575	0.00943	0.01006	0.00302	0.01270	0.00871	0.00517	0.09973
11	0.45074	0.17501	0.02720	0.01668	0.02369	0.10178	0.01425	0.03268	0.02042	0.03908	0.01493	0.01737	0.01225	0.00977	0.00699	0.00295	0.01037	0.00585	0.00590	0.01208
12	0.02955	0.02778	0.20076	0.02059	0.02951	0.01682	0.02137	0.03658	0.02694	0.23670	0.14584	0.04115	0.03809	0.01389	0.01058	0.00324	0.00996	0.01150	0.06433	0.01482
13	0.02448	0.02023	0.02785	0.07630	0.15555	0.01757	0.01882	0.02971	0.02293	0.07005	0.02060	0.02439	0.01650	0.00879	0.00887	0.00221	0.00954	0.00756	0.00635	0.43169
14	0.01691	0.01124	0.01411	0.01332	0.01635	0.01010	0.01001	0.02109	0.02796	0.08101	0.38101	0.12402	0.18709	0.02293	0.01241	0.00345	0.00548	0.01998	0.01123	0.01029
15	0.02192	0.01879	0.02192	0.01566	0.02506	0.01409	0.01253	0.02662	0.02192	0.03445	0.01879	0.02192	0.01566	0.00783	0.00783	0.00157	0.00783	0.00626	0.00626	0.69305
16	0.07033	0.08718	0.27430	0.03442	0.11329	0.02553	0.12755	0.03253	0.02268	0.03405	0.01892	0.02324	0.01444	0.00946	0.00989	0.00312	0.01413	0.00850	0.00504	0.07140

[dist]
# distance from previous block
# <min> <max>
0	1

[block]
# block no. 4 follows, 13 sequences, length 115
# corresponding to MSA columns:
# 1415-1529
name=unknown_E
#
# <colnr> <probs for GDERKNQSTAVLIFYWHMCP>
#	G	D	E	R	K	N	Q	S	T	A	V	L	I	F	Y	W	H	M	C	P
0	0.02433	0.01872	0.02217	0.01596	0.02524	0.01423	0.01281	0.02897	0.02271	0.08488	0.02095	0.02325	0.01665	0.00833	0.00809	0.00173	0.00794	0.00668	0.00691	0.62947
1	0.07371	0.01357	0.01692	0.01547	0.01920	0.01350	0.01168	0.02094	0.01832	0.02849	0.02808	0.08712	0.02788	0.12823	0.27657	0.01012	0.01733	0.01176	0.00633	0.17479
2	0.02829	0.01998	0.02345	0.01743	0.02630	0.01699	0.01406	0.08145	0.06186	0.12836	0.02496	0.02583	0.01880	0.00963	0.00877	0.00215	0.00843	0.00771	0.00814	0.46740
3	0.70310	0.02045	0.01554	0.01390	0.02045	0.02372	0.01145	0.03108	0.01799	0.04744	0.01472	0.01718	0.01145	0.00981	0.00654	0.00327	0.00818	0.00573	0.00654	0.01145
4	0.02421	0.02632	0.05012	0.03769	0.04401	0.02905	0.31917	0.03042	0.02137	0.03042	0.01832	0.02632	0.01516	0.01284	0.02157	0.00400	0.25966	0.01116	0.00505	0.01316
5	0.02870	0.08463	0.03913	0.08989	0.16204	0.02874	0.09193	0.14493	0.14343	0.04192	0.02577	0.02854	0.01978	0.01122	0.01048	0.00325	0.01218	0.01005	0.00751	0.01589
6	0.01837	0.00918	0.01377	0.01377	0.01377	0.00918	0.00918	0.01377	0.01377	0.01837	0.01837	0.03214	0.01837	0.03673	0.04132	0.69238	0.00918	0.00918	0.00459	0.00459
7	0.02780	0.02399	0.04035	0.09781	0.47646	0.02408	0.03059	0.03392	0.02447	0.08599	0.02193	0.02726	0.01748	0.00986	0.01049	0.00318	0.01232	0.00954	0.00596	0.01652
8	0.02599	0.09521	0.40649	0.02867	0.04223	0.02484	0.07443	0.03604	0.02365	0.11226	0.02219	0.02442	0.01552	0.01032	0.01007	0.00326	0.01447	0.00844	0.00582	0.01569
9	0.01455	0.01079	0.01356	0.01287	0.01554	0.00980	0.00965	0.01916	0.02896	0.04010	0.48199	0.08277	0.17609	0.02247	0.01247	0.00337	0.00505	0.01965	0.01134	0.00980
10	0.01897	0.01764	0.02756	0.29861	0.16169	0.01926	0.02332	0.02448	0.02272	0.02915	0.04684	0.05091	0.18597	0.01542	0.01115	0.00345	0.01101	0.01347	0.00643	0.01195
11	0.02331	0.02366	0.03530	0.02939	0.03043	0.03184	0.07177	0.02626	0.01704	0.02626	0.01461	0.02366	0.01409	0.01757	0.03254	0.00452	0.55166	0.00957	0.00470	0.01183
12	0.03180	0.45079	0.04739	0.02097	0.02888	0.21315	0.01883	0.03498	0.02415	0.02519	0.01522	0.01762	0.01358	0.00963	0.00765	0.00241	0.01375	0.00602	0.00481	0.01316
13	0.02843	0.17147	0.04388	0.03070	0.07159	0.15251	0.13775	0.03312	0.02358	0.02887	0.01725	0.02216	0.01462	0.01075	0.01327	0.00302	0.10419	0.00836	0.00515	0.07933
14	0.02860	0.02386	0.02520	0.02198	0.02837	0.02737	0.01729	0.13428	0.46151	0.04794	0.04011	0.03712	0.02991	0.01407	0.01073	0.00352	0.00891	0.01155	0.01073	0.01694
15	0.01978	0.01187	0.01567	0.01412	0.01745	0.01080	0.01080	0.02463	0.02998	0.12053	0.48056	0.07261	0.08886	0.02035	0.01220	0.00332	0.00558	0.01786	0.01185	0.01116
16	0.02630	0.02271	0.02391	0.02152	0.02749	0.02630	0.01674	0.05618	0.54336	0.04423	0.04303	0.03945	0.03228	0.01434	0.01076	0.00359	0.00837	0.01195	0.01076	0.01674
17	0.01837	0.00918	0.01377	0.01377	0.01377	0.00918	0.00918	0.01377	0.01377	0.01837	0.01837	0.03214	0.01837	0.03673	0.04132	0.69238	0.00918	0.00918	0.00459	0.00459
18	0.01327	0.00948	0.01272	0.01517	0.01595	0.00893	0.01050	0.01540	0.02063	0.02743	0.05806	0.57421	0.06907	0.03276	0.01360	0.00435	0.00647	0.07350	0.00981	0.00870
19	0.04282	0.01664	0.02209	0.01732	0.02454	0.01459	0.01418	0.04705	0.02891	0.48138	0.04051	0.03656	0.02633	0.01296	0.01009	0.00314	0.00832	0.01050	0.12543	0.01664
20	0.29659	0.01476	0.01490	0.01423	0.01751	0.01670	0.01063	0.02291	0.01696	0.03280	0.02413	0.03915	0.02359	0.20134	0.20333	0.00953	0.01513	0.01015	0.00623	0.00943
21	0.01837	0.00918	0.01377	0.01377	0.01377	0.00918	0.00918	0.01377	0.01377	0.01837	0.01837	0.03214	0.01837	0.03673	0.04132	0.69238	0.00918	0.00918	0.00459	0.00459
22	0.03005	0.03396	0.03428	0.15695	0.19280	0.25490	0.02599	0.03464	0.02511	0.02856	0.01763	0.02339	0.01464	0.01114	0.01246	0.00319	0.07345	0.00833	0.00515	0.01338
23	0.02827	0.63478	0.05540	0.01809	0.02714	0.04184	0.01809	0.03166	0.02148	0.02488	0.01470	0.01696	0.01357	0.00905	0.00678	0.00226	0.01131	0.00565	0.00452	0.01357
24	0.02430	0.02014	0.02246	0.01839	0.02535	0.01996	0.01449	0.08421	0.22727	0.04244	0.10850	0.03748	0.03476	0.01285	0.00991	0.00276	0.00798	0.01067	0.00920	0.26685
25	0.01301	0.01073	0.01142	0.01125	0.01459	0.00914	0.00843	0.01616	0.02530	0.03142	0.19994	0.09705	0.46356	0.02571	0.01249	0.00352	0.00528	0.02166	0.01019	0.00914
26	0.03970	0.04442	0.03047	0.02640	0.03272	0.42694	0.02033	0.18165	0.03564	0.03759	0.01894	0.02088	0.01487	0.01141	0.00983	0.00285	0.01693	0.00759	0.00692	0.01390
27	0.02527	0.02247	0.06048	0.02015	0.02676	0.02185	0.01680	0.04605	0.34578	0.07782	0.11505	0.04218	0.03894	0.01441	0.01067	0.00331	0.00836	0.01209	0.01017	0.08141
28	0.02617	0.02512	0.04292	0.06490	0.56246	0.02512	0.03245	0.03245	0.02407	0.03454	0.01989	0.02617	0.01675	0.00942	0.01047	0.00314	0.01256	0.00942	0.00523	0.01675
29	0.02563	0.41846	0.24866	0.02258	0.03408	0.03539	0.02591	0.03234	0.02180	0.02809	0.01629	0.01896	0.01350	0.00942	0.00800	0.00267	0.01292	0.00646	0.00450	0.01434
30	0.01646	0.01035	0.01515	0.01515	0.01608	0.01128	0.01091	0.01645	0.01552	0.02162	0.02473	0.04038	0.02430	0.11520	0.31180	0.29259	0.01874	0.01084	0.00530	0.00716
31	0.02617	0.02512	0.04292	0.06490	0.56246	0.02512	0.03245	0.03245	0.02407	0.03454	0.01989	0.02617	0.01675	0.00942	0.01047	0.00314	0.01256	0.00942	0.00523	0.01675
32	0.01510	0.01133	0.01699	0.01699	0.01888	0.01322	0.01322	0.01888	0.01699	0.02454	0.02832	0.04154	0.02643	0.07930	0.58652	0.01699	0.02832	0.01133	0.00566	0.00944
33	0.01496	0.01081	0.01413	0.01330	0.01580	0.00998	0.00998	0.01995	0.02993	0.04240	0.55689	0.07898	0.09976	0.02162	0.01247	0.00333	0.00499	0.01912	0.01164	0.00998
34	0.01950	0.01765	0.03249	0.02519	0.02957	0.01692	0.21833	0.02283	0.01919	0.02582	0.02743	0.05005	0.02792	0.33499	0.03606	0.05366	0.01328	0.01377	0.00585	0.00950
35	0.01390	0.00963	0.01197	0.01342	0.01378	0.00927	0.00842	0.01499	0.01825	0.02434	0.04807	0.39560	0.05705	0.27662	0.02999	0.00673	0.00782	0.02405	0.00842	0.00770
36	0.45977	0.01954	0.01888	0.01573	0.02288	0.02068	0.01297	0.03867	0.02255	0.24130	0.02474	0.02416	0.01691	0.01103	0.00806	0.00327	0.00848	0.00755	0.00897	0.01388
37	0.04744	0.01799	0.02454	0.01881	0.02699	0.01554	0.01554	0.05153	0.03026	0.56979	0.04171	0.03599	0.02617	0.01309	0.01063	0.00327	0.00900	0.01063	0.01309	0.01799
38	0.02732	0.02560	0.02416	0.02212	0.02774	0.10115	0.01726	0.05144	0.43054	0.04069	0.04048	0.04330	0.03211	0.01511	0.01091	0.00358	0.00993	0.05104	0.00995	0.01555
39	0.04019	0.02962	0.03173	0.02433	0.03279	0.03279	0.02010	0.52721	0.04971	0.06663	0.02538	0.02538	0.01798	0.01269	0.01058	0.00317	0.01163	0.00952	0.01058	0.01798
40	0.02901	0.02359	0.02515	0.02179	0.02805	0.02678	0.01714	0.17623	0.37891	0.04890	0.03947	0.07547	0.03111	0.01519	0.01090	0.00353	0.00907	0.01255	0.01065	0.01650
41	0.01570	0.01014	0.01271	0.01250	0.01370	0.00964	0.00839	0.01597	0.01987	0.02650	0.16796	0.06575	0.13384	0.20151	0.03312	0.21447	0.00784	0.01556	0.00769	0.00714
42	0.02617	0.02512	0.04292	0.06490	0.56246	0.02512	0.03245	0.03245	0.02407	0.03454	0.01989	0.02617	0.01675	0.00942	0.01047	0.00314	0.01256	0.00942	0.00523	0.01675
43	0.04477	0.02227	0.02719	0.02084	0.02913	0.02189	0.01722	0.22669	0.03742	0.38451	0.03570	0.03208	0.02316	0.01294	0.01061	0.00324	0.00997	0.01022	0.01216	0.01799
44	0.02324	0.22146	0.42465	0.02667	0.04041	0.02952	0.03304	0.03296	0.02208	0.03101	0.01775	0.02078	0.01344	0.00976	0.00911	0.00304	0.01438	0.00719	0.00448	0.01503
45	0.04019	0.02962	0.03173	0.02433	0.03279	0.03279	0.02010	0.52721	0.04971	0.06663	0.02538	0.02538	0.01798	0.01269	0.01058	0.00317	0.01163	0.00952	0.01058	0.01798
46	0.02827	0.63478	0.05540	0.01809	0.02714	0.04184	0.01809	0.03166	0.02148	0.02488	0.01470	0.01696	0.01357	0.00905	0.00678	0.00226	0.01131	0.00565	0.00452	0.01357
47	0.01606	0.01397	0.02250	0.02306	0.07266	0.01303	0.08785	0.01981	0.02289	0.03048	0.10574	0.33827	0.14121	0.02513	0.01279	0.00386	0.00823	0.02316	0.00890	0.01039
48	0.03294	0.02263	0.04146	0.03560	0.11676	0.02093	0.21993	0.03912	0.02654	0.23959	0.03155	0.07224	0.02379	0.01228	0.01154	0.00344	0.01284	0.01254	0.00862	0.01567
49	0.02617	0.02512	0.04292	0.06490	0.56246	0.02512	0.03245	0.03245	0.02407	0.03454	0.01989	0.02617	0.01675	0.00942	0.01047	0.00314	0.01256	0.00942	0.00523	0.01675
50	0.01513	0.01123	0.01648	0.01648	0.01819	0.01294	0.01257	0.01855	0.01684	0.02416	0.02879	0.04414	0.02756	0.13102	0.53634	0.01636	0.02662	0.01171	0.00573	0.00915
51	0.02121	0.05469	0.57364	0.03014	0.04576	0.02455	0.03906	0.03348	0.02232	0.03348	0.01897	0.02232	0.01339	0.01005	0.01005	0.00335	0.01563	0.00781	0.00446	0.01563
52	0.02617	0.02512	0.04292	0.06490	0.56246	0.02512	0.03245	0.03245	0.02407	0.03454	0.01989	0.02617	0.01675	0.00942	0.01047	0.00314	0.01256	0.00942	0.00523	0.01675
53	0.04744	0.01799	0.02454	0.01881	0.02699	0.01554	0.01554	0.05153	0.03026	0.56979	0.04171	0.03599	0.02617	0.01309	0.01063	0.00327	0.00900	0.01063	0.01309	0.01799
54	0.01997	0.01879	0.03171	0.60301	0.07282	0.02349	0.02936	0.02701	0.02114	0.02701	0.01879	0.02819	0.01409	0.01057	0.01057	0.00352	0.01409	0.00940	0.00470	0.01175
55	0.02766	0.02495	0.03838	0.10705	0.38606	0.02621	0.02884	0.10746	0.07650	0.03948	0.02278	0.02750	0.01814	0.01048	0.01052	0.00322	0.01218	0.00967	0.00649	0.01644
56	0.01288	0.00920	0.01227	0.01472	0.01534	0.00859	0.00981	0.01472	0.02024	0.02699	0.05828	0.62152	0.06993	0.03312	0.01350	0.00429	0.00613	0.03006	0.00981	0.00859
57	0.02750	0.02395	0.03858	0.05142	0.38089	0.02595	0.02855	0.03260	0.02277	0.08430	0.02055	0.02639	0.01697	0.01198	0.01636	0.00351	0.15678	0.00950	0.00585	0.01561
58	0.02406	0.28691	0.12714	0.02675	0.10753	0.02951	0.02210	0.03163	0.07247	0.02993	0.02617	0.12214	0.02522	0.01379	0.00936	0.00303	0.01104	0.01124	0.00611	0.01385
59	0.02285	0.01490	0.01939	0.01778	0.02040	0.01621	0.01352	0.05892	0.02241	0.11880	0.04151	0.18914	0.07226	0.11708	0.10319	0.00670	0.10858	0.01674	0.00850	0.01112
60	0.01291	0.01073	0.01128	0.01114	0.01453	0.00910	0.00836	0.01597	0.02507	0.03087	0.18208	0.09796	0.48177	0.02592	0.01249	0.00353	0.00529	0.02178	0.01012	0.00910
61	0.22724	0.18527	0.10906	0.01762	0.02539	0.02503	0.01725	0.03056	0.02303	0.07460	0.13641	0.03278	0.03273	0.01247	0.00871	0.00303	0.00946	0.00930	0.00728	0.01276
62	0.18836	0.19922	0.03707	0.03177	0.19179	0.02803	0.02057	0.03508	0.02294	0.12397	0.02082	0.02304	0.01616	0.01002	0.00851	0.00294	0.01058	0.00767	0.00664	0.01480
63	0.01287	0.01073	0.01123	0.01110	0.01451	0.00908	0.00833	0.01589	0.02498	0.03064	0.17476	0.09833	0.48923	0.02600	0.01249	0.00353	0.00530	0.02183	0.01009	0.00908
64	0.01997	0.01879	0.03171	0.60301	0.07282	0.02349	0.02936	0.02701	0.02114	0.02701	0.01879	0.02819	0.01409	0.01057	0.01057	0.00352	0.01409	0.00940	0.00470	0.01175
65	0.03026	0.12369	0.07485	0.13351	0.22957	0.02523	0.02598	0.03608	0.02453	0.16041	0.02405	0.02711	0.01783	0.01048	0.00990	0.00311	0.01196	0.00898	0.00687	0.01562
66	0.03327	0.32234	0.07856	0.02129	0.02965	0.15486	0.01955	0.03907	0.06072	0.11679	0.02176	0.02248	0.01693	0.01055	0.00852	0.00270	0.01273	0.00731	0.00656	0.01437
67	0.01510	0.01133	0.01699	0.01699	0.01888	0.01322	0.01322	0.01888	0.01699	0.02454	0.02832	0.04154	0.02643	0.07930	0.58652	0.01699	0.02832	0.01133	0.00566	0.00944
68	0.02240	0.02982	0.18344	0.08353	0.11361	0.02268	0.02495	0.03659	0.17944	0.03413	0.02878	0.03645	0.02386	0.11438	0.01767	0.00456	0.01193	0.01072	0.00683	0.01423
69	0.02391	0.02082	0.03489	0.38566	0.23050	0.02347	0.02942	0.03050	0.02274	0.06717	0.02074	0.02807	0.01580	0.01037	0.01054	0.00338	0.01324	0.00949	0.00546	0.01382
70	0.09848	0.21128	0.03804	0.02959	0.11821	0.28147	0.02089	0.03647	0.02538	0.02913	0.01630	0.01946	0.01392	0.01001	0.00861	0.00271	0.01469	0.00681	0.00525	0.01330
71	0.01782	0.01040	0.01511	0.01610	0.01710	0.01040	0.01240	0.01710	0.01810	0.02380	0.03375	0.06778	0.03574	0.03365	0.03039	0.41117	0.00941	0.20638	0.00670	0.00670
72	0.02626	0.24655	0.11687	0.08529	0.12544	0.03078	0.06196	0.07915	0.02521	0.03308	0.02112	0.02954	0.01824	0.01123	0.00957	0.00305	0.01276	0.04381	0.00569	0.01440
73	0.03893	0.02668	0.03094	0.02700	0.08128	0.02865	0.02022	0.36228	0.08503	0.14556	0.02905	0.02839	0.02042	0.01259	0.01059	0.00322	0.01101	0.00990	0.01051	0.01776
74	0.14129	0.08473	0.11011	0.14108	0.03924	0.02601	0.02215	0.14067	0.02780	0.07733	0.02076	0.02373	0.01532	0.01059	0.00920	0.00305	0.01158	0.00800	0.00697	0.08038
75	0.03217	0.33812	0.04217	0.02050	0.02864	0.08787	0.01829	0.19453	0.03175	0.03896	0.02467	0.02571	0.05216	0.01163	0.00868	0.00269	0.01174	0.00817	0.00696	0.01458
76	0.02411	0.01954	0.03142	0.19519	0.16741	0.02072	0.05766	0.03220	0.06745	0.08538	0.07409	0.04739	0.03175	0.01447	0.01146	0.00360	0.01159	0.08335	0.00753	0.01367
77	0.02329	0.02606	0.15828	0.24576	0.04726	0.02037	0.02569	0.03191	0.05879	0.10409	0.03024	0.12751	0.02615	0.01481	0.01095	0.00358	0.01204	0.01280	0.00706	0.01336
78	0.02468	0.03367	0.23995	0.03386	0.15130	0.02238	0.02878	0.03671	0.10799	0.07969	0.03044	0.04144	0.02528	0.01370	0.01098	0.00356	0.01235	0.08070	0.00715	0.01538
79	0.02756	0.01994	0.03347	0.37003	0.10088	0.02197	0.06767	0.03398	0.02391	0.15975	0.02466	0.02994	0.01740	0.01095	0.01074	0.00343	0.01304	0.00996	0.00683	0.01389
80	0.02496	0.02852	0.06239	0.04456	0.05526	0.02674	0.52406	0.03387	0.02496	0.03387	0.02139	0.02852	0.01604	0.00891	0.01248	0.00357	0.01783	0.01248	0.00535	0.01426
81	0.01534	0.01096	0.01509	0.01753	0.01922	0.01070	0.01408	0.01897	0.02266	0.02974	0.05692	0.32470	0.06456	0.03081	0.01415	0.00463	0.00826	0.30264	0.00977	0.00927
82	0.08970	0.01862	0.02387	0.01874	0.02660	0.01714	0.01538	0.05060	0.07925	0.48346	0.04002	0.03505	0.02577	0.01299	0.01037	0.00330	0.00888	0.01043	0.01242	0.01743
83	0.01840	0.01442	0.01710	0.01579	0.01935	0.01493	0.01203	0.03095	0.18574	0.04295	0.40094	0.06698	0.07928	0.01941	0.01195	0.00340	0.00601	0.01695	0.01137	0.01203
84	0.04036	0.01957	0.02433	0.01972	0.02716	0.01914	0.01594	0.05309	0.20210	0.39378	0.04216	0.03715	0.02822	0.01351	0.01067	0.00338	0.00879	0.01108	0.01231	0.01757
85	0.01899	0.01517	0.01775	0.01822	0.02130	0.01637	0.01373	0.03276	0.23483	0.03474	0.05170	0.30789	0.05316	0.02485	0.01254	0.00409	0.00759	0.09203	0.01019	0.01209
86	0.01510	0.01133	0.01699	0.01699	0.01888	0.01322	0.01322	0.01888	0.01699	0.02454	0.02832	0.04154	0.02643	0.07930	0.58652	0.01699	0.02832	0.01133	0.00566	0.00944
87	0.01436	0.00982	0.01183	0.01284	0.01309	0.00957	0.00780	0.01511	0.01737	0.02316	0.04352	0.29511	0.05132	0.38493	0.03732	0.00781	0.00857	0.02138	0.00780	0.00730
88	0.01353	0.01065	0.01222	0.01205	0.01497	0.00933	0.00895	0.01710	0.02622	0.03411	0.28769	0.12853	0.33677	0.02511	0.01255	0.00352	0.00526	0.02155	0.01056	0.00933
89	0.02827	0.63478	0.05540	0.01809	0.02714	0.04184	0.01809	0.03166	0.02148	0.02488	0.01470	0.01696	0.01357	0.00905	0.00678	0.00226	0.01131	0.00565	0.00452	0.01357
90	0.02557	0.02451	0.04183	0.11714	0.51492	0.02496	0.03215	0.03192	0.02379	0.03381	0.01978	0.02636	0.01649	0.00953	0.01048	0.00318	0.01271	0.00942	0.00518	0.01626
91	0.01288	0.00920	0.01227	0.01472	0.01534	0.00859	0.00981	0.01472	0.02024	0.02699	0.05828	0.62152	0.06993	0.03312	0.01350	0.00429	0.00613	0.03006	0.00981	0.00859
92	0.04744	0.01799	0.02454	0.01881	0.02699	0.01554	0.01554	0.05153	0.03026	0.56979	0.04171	0.03599	0.02617	0.01309	0.01063	0.00327	0.00900	0.01063	0.01309	0.01799
93	0.01288	0.00920	0.01227	0.01472	0.01534	0.00859	0.00981	0.01472	0.02024	0.02699	0.05828	0.62152	0.06993	0.03312	0.01350	0.00429	0.00613	0.03006	0.00981	0.00859
94	0.01997	0.01879	0.03171	0.60301	0.07282	0.02349	0.02936	0.02701	0.02114	0.02701	0.01879	0.02819	0.01409	0.01057	0.01057	0.00352	0.01409	0.00940	0.00470	0.01175
95	0.04744	0.01799	0.02454	0.01881	0.02699	0.01554	0.01554	0.05153	0.03026	0.56979	0.04171	0.03599	0.02617	0.01309	0.01063	0.00327	0.00900	0.01063	0.01309	0.01799
96	0.70310	0.02045	0.01554	0.01390	0.02045	0.02372	0.01145	0.03108	0.01799	0.04744	0.01472	0.01718	0.01145	0.00981	0.00654	0.00327	0.00818	0.00573	0.00654	0.01145
97	0.30126	0.02203	0.02549	0.02209	0.02477	0.02884	0.01835	0.02775	0.01693	0.03444	0.01422	0.02070	0.01289	0.01495	0.02318	0.00407	0.36329	0.00781	0.00541	0.01152
98	0.02121	0.05469	0.57364	0.03014	0.04576	0.02455	0.03906	0.03348	0.02232	0.03348	0.01897	0.02232	0.01339	0.01005	0.01005	0.00335	0.01563	0.00781	0.00446	0.01563
99	0.02617	0.02512	0.04292	0.06490	0.56246	0.02512	0.03245	0.03245	0.02407	0.03454	0.01989	0.02617	0.01675	0.00942	0.01047	0.00314	0.01256	0.00942	0.00523	0.01675
100	0.02827	0.63478	0.05540	0.01809	0.02714	0.04184	0.01809	0.03166	0.02148	0.02488	0.01470	0.01696	0.01357	0.00905	0.00678	0.00226	0.01131	0.00565	0.00452	0.01357
101	0.02180	0.10323	0.53027	0.02913	0.04420	0.02600	0.03731	0.03333	0.02225	0.03276	0.01862	0.02187	0.01341	0.00996	0.00977	0.00326	0.01526	0.00763	0.00447	0.01545
102	0.02827	0.63478	0.05540	0.01809	0.02714	0.04184	0.01809	0.03166	0.02148	0.02488	0.01470	0.01696	0.01357	0.00905	0.00678	0.00226	0.01131	0.00565	0.00452	0.01357
103	0.01780	0.03608	0.34402	0.02383	0.03332	0.01802	0.02710	0.02581	0.02147	0.03083	0.03505	0.26741	0.03652	0.01949	0.01146	0.00374	0.01174	0.01691	0.00665	0.01275
104	0.04744	0.01799	0.02454	0.01881	0.02699	0.01554	0.01554	0.05153	0.03026	0.56979	0.04171	0.03599	0.02617	0.01309	0.01063	0.00327	0.00900	0.01063	0.01309	0.01799
105	0.02827	0.63478	0.05540	0.01809	0.02714	0.04184	0.01809	0.03166	0.02148	0.02488	0.01470	0.01696	0.01357	0.00905	0.00678	0.00226	0.01131	0.00565	0.00452	0.01357
106	0.02630	0.02271	0.02391	0.02152	0.02749	0.02630	0.01674	0.05618	0.54336	0.04423	0.04303	0.03945	0.03228	0.01434	0.01076	0.00359	0.00837	0.01195	0.01076	0.01674
107	0.01496	0.01081	0.01413	0.01330	0.01580	0.00998	0.00998	0.01995	0.02993	0.04240	0.55689	0.07898	0.09976	0.02162	0.01247	0.00333	0.00499	0.01912	0.01164	0.00998
108	0.64663	0.02328	0.06176	0.01525	0.02254	0.02379	0.01374	0.03128	0.01835	0.04628	0.01507	0.01760	0.01161	0.00983	0.00683	0.00328	0.00880	0.00590	0.00637	0.01180
