[name]
unknown

[dist]
# distance from previous block
# <min> <max>
0	230

[block]
# block no. 0 follows, 13 sequences, length 52
# corresponding to MSA columns:
# 236-287
name=unknown_A
#
# <colnr> <probs for GDERKNQSTAVLIFYWHMCP>
#	G	D	E	R	K	N	Q	S	T	A	V	L	I	F	Y	W	H	M	C	P
0	0.01775	0.09256	0.02082	0.01785	0.02065	0.01534	0.01512	0.02153	0.02252	0.02902	0.04872	0.17146	0.05378	0.08574	0.01727	0.00497	0.00949	0.31692	0.00874	0.00975
1	0.01457	0.01071	0.01507	0.09108	0.02292	0.01108	0.01250	0.01752	0.02020	0.02775	0.04830	0.44083	0.05497	0.03303	0.06867	0.00529	0.00924	0.02391	0.06317	0.00918
2	0.14732	0.09861	0.02715	0.01795	0.02599	0.02024	0.01523	0.04575	0.02720	0.41734	0.03398	0.03058	0.02223	0.01205	0.00949	0.00314	0.00917	0.00922	0.01095	0.01640
3	0.01791	0.01257	0.01429	0.01354	0.01710	0.01197	0.01024	0.02504	0.09326	0.06923	0.21346	0.11053	0.24164	0.02182	0.01171	0.00342	0.00588	0.01861	0.07691	0.01088
4	0.02331	0.02409	0.02958	0.08141	0.03228	0.09755	0.05244	0.02681	0.02058	0.02752	0.02654	0.07498	0.06218	0.01677	0.02141	0.00377	0.27838	0.01147	0.00577	0.08318
5	0.02286	0.09472	0.02039	0.01369	0.01873	0.01710	0.01118	0.07833	0.02570	0.03991	0.07960	0.03616	0.02970	0.01214	0.00821	0.00246	0.00692	0.00962	0.35470	0.11788
6	0.02894	0.02419	0.04053	0.05890	0.49281	0.02388	0.03025	0.03493	0.02488	0.10417	0.02273	0.02745	0.01797	0.00990	0.01049	0.00316	0.01210	0.00958	0.00626	0.01691
7	0.02573	0.02547	0.04447	0.05397	0.36883	0.02605	0.13377	0.03462	0.07454	0.03476	0.02208	0.02777	0.01793	0.01038	0.01249	0.00337	0.05183	0.01030	0.00576	0.01589
8	0.34736	0.02197	0.02124	0.01798	0.02491	0.02446	0.01459	0.11287	0.15016	0.12642	0.02704	0.02648	0.01956	0.01180	0.00875	0.00333	0.00885	0.00849	0.00911	0.01464
9	0.02085	0.08665	0.46720	0.02716	0.04065	0.02378	0.03392	0.03161	0.02326	0.03408	0.08867	0.02934	0.02464	0.01149	0.01015	0.00327	0.01396	0.00914	0.00540	0.01476
10	0.06928	0.06702	0.02686	0.01901	0.02635	0.02136	0.04563	0.11561	0.07699	0.04009	0.05819	0.03261	0.02510	0.07584	0.01386	0.00336	0.00952	0.00948	0.00764	0.25622
11	0.01953	0.01380	0.01683	0.01576	0.01918	0.01389	0.01188	0.02969	0.14560	0.07758	0.33382	0.14301	0.07505	0.02097	0.01210	0.00352	0.00620	0.01843	0.01128	0.01188
12	0.02773	0.59031	0.09513	0.01901	0.02856	0.04051	0.01970	0.03180	0.02155	0.02554	0.01503	0.01737	0.01356	0.00912	0.00703	0.00234	0.01164	0.00582	0.00452	0.01373
13	0.01323	0.00991	0.01201	0.01316	0.01480	0.00899	0.00907	0.01556	0.02219	0.02889	0.13345	0.36332	0.20938	0.07551	0.01617	0.00442	0.00608	0.02535	0.00979	0.00869
14	0.02564	0.01983	0.03037	0.08171	0.26081	0.02003	0.02266	0.03385	0.08083	0.10662	0.16145	0.04241	0.04049	0.01360	0.01104	0.00328	0.00985	0.01231	0.00842	0.01481
15	0.17652	0.02392	0.02542	0.02345	0.06741	0.02648	0.01735	0.16931	0.22542	0.04934	0.02886	0.02873	0.02171	0.01211	0.00957	0.00324	0.00945	0.00938	0.00907	0.06327
16	0.02895	0.01857	0.02264	0.01653	0.02559	0.01449	0.01336	0.03348	0.02422	0.18185	0.02510	0.02580	0.01855	0.00928	0.00860	0.00204	0.00815	0.00747	0.00814	0.50719
17	0.01305	0.00987	0.01206	0.01333	0.01508	0.00888	0.00931	0.01558	0.02272	0.02958	0.14137	0.39217	0.21940	0.02965	0.01306	0.00395	0.00574	0.02625	0.01007	0.00888
18	0.02019	0.02194	0.07998	0.12122	0.03219	0.06114	0.01919	0.02637	0.06362	0.03016	0.10644	0.14031	0.03920	0.04969	0.01852	0.04877	0.08833	0.01453	0.00720	0.01103
19	0.03421	0.02911	0.10821	0.02737	0.08745	0.06019	0.02205	0.11430	0.16727	0.18936	0.03249	0.03128	0.02296	0.01239	0.01048	0.00330	0.01120	0.01004	0.00953	0.01681
20	0.01615	0.01286	0.01899	0.01839	0.02004	0.01571	0.01451	0.01973	0.01689	0.02466	0.02644	0.03914	0.02480	0.07139	0.51474	0.01538	0.10387	0.01106	0.00553	0.00972
21	0.01802	0.01170	0.01386	0.01279	0.01653	0.01020	0.00978	0.02179	0.02721	0.10444	0.27648	0.08419	0.30767	0.02295	0.01224	0.00343	0.00568	0.01953	0.01096	0.01052
22	0.03422	0.02400	0.07118	0.19602	0.08415	0.02292	0.02364	0.14160	0.03060	0.22274	0.02815	0.02968	0.01921	0.01175	0.01055	0.00332	0.01183	0.00973	0.00884	0.01588
23	0.18886	0.03561	0.19157	0.02297	0.03258	0.10115	0.02295	0.08674	0.05223	0.13439	0.02347	0.02424	0.01662	0.01112	0.00935	0.00323	0.01245	0.00806	0.00752	0.01490
24	0.03109	0.02311	0.02514	0.02158	0.02821	0.02585	0.01707	0.12467	0.40421	0.11588	0.04027	0.03693	0.02938	0.01394	0.01072	0.00348	0.00893	0.01142	0.01103	0.01708
25	0.01467	0.01056	0.01449	0.01505	0.01615	0.01139	0.01066	0.01702	0.01731	0.02404	0.03645	0.18094	0.03948	0.21234	0.31666	0.01234	0.01854	0.01665	0.00680	0.00845
26	0.25711	0.02662	0.02643	0.02092	0.02875	0.02982	0.01727	0.36487	0.03933	0.06035	0.02190	0.02270	0.01584	0.01175	0.00926	0.00321	0.01050	0.00828	0.00926	0.01584
27	0.02830	0.12476	0.12046	0.02137	0.03101	0.02228	0.05439	0.06426	0.02598	0.13272	0.06340	0.02872	0.02336	0.01076	0.00938	0.00265	0.01060	0.00882	0.00754	0.20925
28	0.09174	0.11152	0.18208	0.08823	0.07848	0.02673	0.17172	0.03355	0.02305	0.06667	0.02016	0.02459	0.01508	0.00976	0.01010	0.00326	0.01422	0.00912	0.00554	0.01440
29	0.02888	0.17704	0.30049	0.02581	0.03797	0.02663	0.06056	0.03710	0.02406	0.15056	0.02320	0.02454	0.01644	0.01042	0.00959	0.00310	0.01331	0.00825	0.00645	0.01559
30	0.09406	0.01726	0.02256	0.01800	0.02526	0.01543	0.01462	0.04608	0.02827	0.47258	0.04139	0.09621	0.02965	0.01495	0.01062	0.00338	0.00863	0.01230	0.01224	0.01650
31	0.03172	0.24575	0.12164	0.02174	0.03083	0.06645	0.02096	0.07523	0.12018	0.12778	0.02606	0.02591	0.01944	0.01124	0.00913	0.00294	0.01157	0.00834	0.00762	0.01546
32	0.11732	0.30452	0.11423	0.02076	0.02931	0.03285	0.02054	0.07068	0.02359	0.08551	0.01866	0.02088	0.01487	0.01095	0.01080	0.00296	0.07424	0.00712	0.00608	0.01413
33	0.04418	0.01808	0.02365	0.01835	0.02599	0.01629	0.01509	0.08494	0.03094	0.47979	0.03977	0.03552	0.02564	0.01298	0.01031	0.00319	0.00880	0.01047	0.07882	0.01720
34	0.15433	0.02591	0.12546	0.02208	0.03153	0.01949	0.05996	0.04330	0.02628	0.33922	0.03129	0.02966	0.02050	0.01163	0.00997	0.00331	0.01077	0.00942	0.00977	0.01613
35	0.11682	0.27502	0.19404	0.02172	0.03220	0.03145	0.02326	0.08589	0.02495	0.07847	0.01923	0.02094	0.01472	0.01014	0.00840	0.00288	0.01199	0.00709	0.00609	0.01470
36	0.02952	0.57105	0.05291	0.01875	0.02773	0.04088	0.01830	0.08385	0.02446	0.02927	0.01582	0.01785	0.01403	0.00943	0.00718	0.00236	0.01134	0.00606	0.00516	0.01403
37	0.01372	0.00982	0.01230	0.01393	0.01485	0.00927	0.00939	0.01546	0.01985	0.02603	0.05756	0.40313	0.11349	0.16782	0.02266	0.00562	0.00726	0.06059	0.00903	0.00821
38	0.09805	0.03023	0.16087	0.02421	0.03377	0.02357	0.05987	0.09493	0.14207	0.17872	0.03058	0.02990	0.02134	0.01195	0.01025	0.00337	0.01133	0.00978	0.00899	0.01622
39	0.02391	0.03600	0.27465	0.10455	0.12270	0.02340	0.03071	0.03619	0.09878	0.06767	0.02640	0.03325	0.02060	0.01207	0.01061	0.00347	0.01312	0.04029	0.00640	0.01524
40	0.01899	0.01274	0.01538	0.01458	0.01768	0.01231	0.01073	0.02579	0.09289	0.08757	0.24375	0.15650	0.13679	0.08626	0.01659	0.00427	0.00660	0.01912	0.01058	0.01090
41	0.07846	0.02426	0.04537	0.03386	0.04244	0.02340	0.31624	0.07286	0.02657	0.09328	0.02860	0.08001	0.02419	0.01300	0.01191	0.00363	0.01420	0.04641	0.00732	0.01399
42	0.02618	0.07209	0.04089	0.20132	0.04933	0.02565	0.17849	0.09388	0.05119	0.06853	0.02566	0.07302	0.02099	0.01224	0.01110	0.00344	0.01353	0.01183	0.00682	0.01384
43	0.01284	0.00936	0.01210	0.01430	0.01522	0.00862	0.00963	0.01477	0.02065	0.02716	0.06342	0.56678	0.12135	0.03246	0.01339	0.00422	0.00605	0.02924	0.00982	0.00862
44	0.01997	0.01879	0.03171	0.60301	0.07282	0.02349	0.02936	0.02701	0.02114	0.02701	0.01879	0.02819	0.01409	0.01057	0.01057	0.00352	0.01409	0.00940	0.00470	0.01175
45	0.03542	0.27437	0.03954	0.06712	0.03228	0.06598	0.01893	0.13856	0.02992	0.16641	0.02390	0.02436	0.01759	0.01102	0.00898	0.00282	0.01152	0.00803	0.00792	0.01532
46	0.09795	0.12850	0.22947	0.02338	0.03408	0.06495	0.02481	0.07751	0.02638	0.16191	0.02359	0.02424	0.01662	0.01086	0.00935	0.00310	0.01260	0.00801	0.00727	0.01542
47	0.02770	0.01560	0.01861	0.01598	0.02113	0.01493	0.01257	0.08438	0.06859	0.19528	0.14564	0.09329	0.15343	0.01872	0.01128	0.00336	0.00726	0.01573	0.06317	0.01336
48	0.02335	0.01441	0.01793	0.01607	0.02022	0.01414	0.01236	0.03279	0.12930	0.14436	0.32160	0.10090	0.07020	0.01934	0.01185	0.00343	0.00651	0.01684	0.01162	0.01276
49	0.08036	0.02800	0.02727	0.02270	0.02953	0.14741	0.04108	0.11535	0.13016	0.18884	0.03207	0.05875	0.02410	0.01337	0.01037	0.00326	0.01172	0.01061	0.00963	0.01541
50	0.06250	0.02582	0.03029	0.08101	0.03511	0.11007	0.09184	0.14858	0.03074	0.09888	0.03396	0.11443	0.05945	0.01533	0.01104	0.00339	0.01231	0.01317	0.00837	0.01372
51	0.03127	0.07194	0.03558	0.02572	0.03352	0.02463	0.13558	0.08100	0.19237	0.16158	0.06727	0.03578	0.02886	0.01270	0.01091	0.00336	0.01100	0.01155	0.00956	0.01584

[dist]
# distance from previous block
# <min> <max>
0	11

[block]
# block no. 1 follows, 13 sequences, length 30
# corresponding to MSA columns:
# 299-328
name=unknown_B
#
# <colnr> <probs for GDERKNQSTAVLIFYWHMCP>
#	G	D	E	R	K	N	Q	S	T	A	V	L	I	F	Y	W	H	M	C	P
0	0.38736	0.02906	0.10887	0.02060	0.02885	0.07594	0.05023	0.03615	0.05534	0.08954	0.02025	0.02204	0.01494	0.01048	0.00840	0.00327	0.01107	0.00744	0.00690	0.01330
1	0.08715	0.02650	0.07867	0.11322	0.03750	0.02539	0.02116	0.22268	0.06677	0.12945	0.02606	0.02716	0.01843	0.01169	0.01002	0.00318	0.01122	0.00913	0.00884	0.06579
2	0.14569	0.01849	0.02528	0.02211	0.02515	0.02167	0.07198	0.02618	0.06053	0.03178	0.02909	0.18001	0.03005	0.02073	0.02013	0.05814	0.18058	0.01458	0.00689	0.01094
3	0.03129	0.02632	0.10062	0.02354	0.03346	0.02057	0.08558	0.11783	0.02898	0.16574	0.02566	0.02674	0.01828	0.01031	0.00985	0.00273	0.01107	0.00886	0.00824	0.24435
4	0.15232	0.07699	0.16764	0.11482	0.03990	0.02460	0.08333	0.02967	0.02173	0.03436	0.05330	0.03320	0.02225	0.01259	0.01172	0.00350	0.05504	0.04436	0.00585	0.01283
5	0.02206	0.07534	0.03164	0.15042	0.03735	0.02184	0.08664	0.02674	0.02243	0.07187	0.08811	0.15435	0.03626	0.01751	0.01508	0.00370	0.10469	0.01486	0.00724	0.01187
6	0.02352	0.02090	0.07689	0.25174	0.08762	0.02009	0.02455	0.02979	0.02377	0.10333	0.07777	0.04731	0.03119	0.01515	0.01263	0.00370	0.04395	0.08598	0.00728	0.01285
7	0.02336	0.11759	0.37952	0.06705	0.04127	0.02464	0.03140	0.03290	0.02341	0.07217	0.06889	0.02822	0.02224	0.01123	0.00994	0.00322	0.01353	0.00889	0.00577	0.01476
8	0.03507	0.02924	0.02565	0.02197	0.02866	0.18567	0.01713	0.04826	0.21712	0.17038	0.03272	0.03104	0.02379	0.01243	0.01010	0.00307	0.01160	0.00961	0.00939	0.07710
9	0.01441	0.01126	0.01687	0.01695	0.01867	0.01094	0.05107	0.01699	0.01986	0.02664	0.05092	0.40349	0.08216	0.09365	0.10708	0.00675	0.01089	0.02392	0.00849	0.00899
10	0.03003	0.01635	0.02042	0.06268	0.02579	0.01641	0.01434	0.10049	0.05410	0.20430	0.08512	0.11419	0.03693	0.01609	0.01048	0.00326	0.00813	0.01356	0.15356	0.01378
11	0.02661	0.02904	0.13049	0.13782	0.32815	0.02465	0.03122	0.06500	0.02537	0.06960	0.02131	0.02640	0.01644	0.01016	0.01043	0.00325	0.01304	0.00922	0.00587	0.01593
12	0.01510	0.01133	0.01699	0.01699	0.01888	0.01322	0.01322	0.01888	0.01699	0.02454	0.02832	0.04154	0.02643	0.07930	0.58652	0.01699	0.02832	0.01133	0.00566	0.00944
13	0.01493	0.01116	0.01661	0.01681	0.01860	0.01285	0.01294	0.01855	0.01725	0.02474	0.03072	0.08793	0.02991	0.07560	0.54068	0.01598	0.02655	0.01283	0.00600	0.00937
14	0.02484	0.01924	0.03160	0.46248	0.11004	0.02239	0.02747	0.03136	0.02284	0.11291	0.02249	0.02923	0.01623	0.01086	0.01057	0.00345	0.01316	0.00959	0.00606	0.01318
15	0.08566	0.01625	0.02028	0.01750	0.02299	0.01586	0.01406	0.08020	0.02716	0.26830	0.03928	0.11917	0.03273	0.02399	0.07517	0.00498	0.01068	0.04699	0.06475	0.01402
16	0.01321	0.00945	0.01256	0.01450	0.01541	0.00881	0.00984	0.01554	0.02176	0.02941	0.13655	0.53634	0.07461	0.03132	0.01333	0.00414	0.00595	0.02834	0.01010	0.00881
17	0.03002	0.02164	0.02324	0.07376	0.02959	0.05731	0.01651	0.09906	0.22615	0.12250	0.03520	0.03499	0.02584	0.01300	0.00996	0.00321	0.00937	0.01050	0.14318	0.01496
18	0.02853	0.01471	0.01903	0.01668	0.02129	0.01371	0.01288	0.07610	0.02933	0.23247	0.19179	0.19934	0.05783	0.02069	0.01190	0.00354	0.00735	0.01800	0.01160	0.01326
19	0.01448	0.01089	0.01307	0.01382	0.01612	0.01008	0.01053	0.01753	0.02318	0.02973	0.13565	0.14676	0.24283	0.12179	0.01962	0.00499	0.00729	0.14330	0.00950	0.00884
20	0.12826	0.04931	0.48602	0.02759	0.04179	0.02442	0.03473	0.03311	0.02164	0.03567	0.01831	0.02151	0.01309	0.01001	0.00950	0.00334	0.01446	0.00749	0.00479	0.01497
21	0.03605	0.02644	0.02857	0.02298	0.03058	0.02934	0.01863	0.33376	0.21439	0.09607	0.03252	0.03090	0.02339	0.01328	0.01064	0.00332	0.01034	0.01042	0.01082	0.01756
22	0.01997	0.01879	0.03171	0.60301	0.07282	0.02349	0.02936	0.02701	0.02114	0.02701	0.01879	0.02819	0.01409	0.01057	0.01057	0.00352	0.01409	0.00940	0.00470	0.01175
23	0.01488	0.01033	0.01139	0.01139	0.01200	0.01002	0.00669	0.01534	0.01688	0.02189	0.04600	0.07479	0.12779	0.52499	0.04671	0.00910	0.00941	0.01657	0.00699	0.00684
24	0.02240	0.02032	0.02828	0.02020	0.02980	0.01608	0.09284	0.02776	0.02240	0.03436	0.01920	0.02296	0.01572	0.00800	0.00856	0.00188	0.00940	0.00724	0.00612	0.58649
25	0.01306	0.01062	0.01157	0.01156	0.01469	0.00913	0.00858	0.01618	0.02510	0.03147	0.20173	0.13378	0.42345	0.02610	0.01256	0.00357	0.00533	0.02217	0.01022	0.00913
26	0.07895	0.02734	0.03070	0.11452	0.03829	0.03076	0.02100	0.41730	0.04322	0.05920	0.02368	0.02531	0.01696	0.01218	0.01032	0.00323	0.01180	0.00926	0.00940	0.01659
27	0.13092	0.12184	0.08640	0.14776	0.17446	0.02820	0.02540	0.06959	0.02351	0.03540	0.01803	0.02312	0.01451	0.01052	0.01075	0.00321	0.04865	0.00810	0.00553	0.01411
28	0.09335	0.20881	0.15029	0.02489	0.03506	0.03077	0.08713	0.13578	0.02827	0.08130	0.02075	0.02279	0.01555	0.01037	0.00924	0.00301	0.01262	0.00816	0.00672	0.01513
29	0.03064	0.06116	0.03322	0.03304	0.17860	0.02227	0.05567	0.10399	0.02739	0.14773	0.02702	0.03412	0.02196	0.10765	0.01703	0.00415	0.01127	0.01036	0.00785	0.06487

[dist]
# distance from previous block
# <min> <max>
0	31

[block]
# block no. 2 follows, 13 sequences, length 17
# corresponding to MSA columns:
# 360-376
name=unknown_C
#
# <colnr> <probs for GDERKNQSTAVLIFYWHMCP>
#	G	D	E	R	K	N	Q	S	T	A	V	L	I	F	Y	W	H	M	C	P
0	0.47023	0.02649	0.10134	0.01801	0.02597	0.02479	0.01685	0.06845	0.08714	0.04625	0.01966	0.02132	0.01482	0.01062	0.00788	0.00332	0.00955	0.00708	0.00704	0.01319
1	0.15686	0.02344	0.03373	0.02764	0.03059	0.02981	0.09848	0.02786	0.01790	0.03107	0.01521	0.02280	0.01374	0.01531	0.02573	0.00420	0.39950	0.00906	0.00511	0.01196
2	0.02987	0.01403	0.01836	0.01572	0.02087	0.01230	0.01232	0.03368	0.02798	0.29080	0.17875	0.13038	0.13065	0.01977	0.01172	0.00346	0.00711	0.01693	0.01182	0.01348
3	0.02457	0.07183	0.03860	0.19712	0.08518	0.09836	0.12745	0.02982	0.02213	0.02785	0.01959	0.02947	0.01696	0.07179	0.01783	0.00410	0.08994	0.00999	0.00512	0.01230
4	0.01400	0.01024	0.01315	0.01354	0.01549	0.00939	0.00973	0.01767	0.02599	0.03569	0.33959	0.26956	0.13446	0.02612	0.01283	0.00369	0.00542	0.02323	0.01083	0.00939
5	0.02889	0.03478	0.17492	0.02380	0.03379	0.07343	0.02307	0.17111	0.10558	0.04367	0.02393	0.02526	0.01790	0.01097	0.00975	0.00288	0.01203	0.00844	0.00754	0.16825
6	0.01538	0.01025	0.01153	0.01153	0.01153	0.01025	0.00641	0.01538	0.01538	0.02050	0.03331	0.06919	0.03844	0.62842	0.05382	0.01025	0.01025	0.01538	0.00641	0.00641
7	0.07183	0.02902	0.14119	0.02211	0.03082	0.02362	0.02103	0.19625	0.07863	0.13670	0.10785	0.03532	0.03157	0.01351	0.01053	0.00329	0.01055	0.01078	0.00963	0.01578
8	0.01837	0.00918	0.01377	0.01377	0.01377	0.00918	0.00918	0.01377	0.01377	0.01837	0.01837	0.03214	0.01837	0.03673	0.04132	0.69238	0.00918	0.00918	0.00459	0.00459
9	0.02532	0.01723	0.02129	0.06828	0.09135	0.04598	0.01512	0.05761	0.02331	0.10976	0.03015	0.04275	0.02641	0.18568	0.06587	0.00605	0.01162	0.01132	0.13321	0.01170
10	0.02827	0.63478	0.05540	0.01809	0.02714	0.04184	0.01809	0.03166	0.02148	0.02488	0.01470	0.01696	0.01357	0.00905	0.00678	0.00226	0.01131	0.00565	0.00452	0.01357
11	0.10909	0.01762	0.02276	0.01786	0.02539	0.01587	0.01466	0.04681	0.02903	0.47317	0.08329	0.03783	0.03104	0.01350	0.01039	0.00328	0.00857	0.01088	0.01232	0.01666
12	0.12936	0.01194	0.01220	0.01193	0.01301	0.01248	0.00724	0.01798	0.01581	0.02497	0.03023	0.06057	0.03397	0.52589	0.04598	0.00909	0.00991	0.01378	0.00643	0.00724
13	0.02584	0.02155	0.03704	0.30941	0.22144	0.02329	0.07153	0.03244	0.02356	0.09854	0.02226	0.02856	0.01663	0.01038	0.01071	0.00337	0.01329	0.00983	0.00598	0.01435
14	0.13525	0.01970	0.02182	0.01674	0.02468	0.01802	0.01348	0.02951	0.06040	0.03666	0.01958	0.02256	0.01609	0.00947	0.00990	0.00224	0.05397	0.00684	0.00653	0.47658
15	0.03224	0.02618	0.03199	0.02797	0.07751	0.07970	0.07200	0.16710	0.07183	0.11045	0.07125	0.03173	0.02590	0.01283	0.01246	0.00321	0.05697	0.01043	0.00869	0.06958
16	0.11144	0.02359	0.03637	0.16367	0.35618	0.02519	0.02826	0.06796	0.02462	0.03704	0.01942	0.02538	0.01564	0.00994	0.01000	0.00324	0.01225	0.00896	0.00569	0.01516

[dist]
# distance from previous block
# <min> <max>
0	4

[block]
# block no. 3 follows, 13 sequences, length 20
# corresponding to MSA columns:
# 381-400
name=unknown_D
#
# <colnr> <probs for GDERKNQSTAVLIFYWHMCP>
#	G	D	E	R	K	N	Q	S	T	A	V	L	I	F	Y	W	H	M	C	P
0	0.02459	0.01961	0.02910	0.27106	0.13780	0.02174	0.02365	0.03479	0.11702	0.09549	0.03576	0.03887	0.07910	0.01313	0.01081	0.00344	0.01124	0.01143	0.00743	0.01394
1	0.03060	0.01583	0.01986	0.01655	0.02217	0.01477	0.01317	0.06925	0.06401	0.26152	0.21830	0.05771	0.11551	0.01763	0.01147	0.00334	0.00737	0.01487	0.01189	0.01416
2	0.03383	0.06667	0.14079	0.02364	0.05756	0.02150	0.02138	0.07518	0.08804	0.25419	0.07964	0.03498	0.02901	0.01289	0.01043	0.00325	0.01045	0.01051	0.00978	0.01628
3	0.02580	0.02439	0.04323	0.03219	0.04034	0.02394	0.28215	0.14468	0.03097	0.04175	0.09324	0.07260	0.06587	0.01387	0.01209	0.00349	0.01337	0.01424	0.00786	0.01394
4	0.03558	0.02265	0.02621	0.09156	0.03323	0.05189	0.01784	0.16306	0.06732	0.21437	0.03035	0.03026	0.02119	0.01198	0.01002	0.00302	0.01039	0.00952	0.05379	0.09578
5	0.03838	0.11415	0.03376	0.02500	0.03204	0.30777	0.02001	0.22630	0.03647	0.04133	0.01960	0.02122	0.01528	0.01136	0.00960	0.00284	0.01527	0.00770	0.00729	0.01461
6	0.01744	0.01142	0.01345	0.01289	0.01635	0.00994	0.00967	0.02073	0.02573	0.09810	0.20120	0.16066	0.31378	0.02473	0.01240	0.00358	0.00582	0.02119	0.01066	0.01025
7	0.02620	0.07673	0.10333	0.02826	0.03307	0.02967	0.08282	0.03080	0.01995	0.08726	0.01852	0.02458	0.01540	0.01497	0.02414	0.00400	0.35210	0.00932	0.00561	0.01325
8	0.01646	0.01230	0.01708	0.01950	0.07496	0.01303	0.01189	0.01860	0.01695	0.02360	0.02992	0.05382	0.03143	0.34909	0.25397	0.01206	0.01746	0.01316	0.00599	0.00871
9	0.02121	0.05469	0.57364	0.03014	0.04576	0.02455	0.03906	0.03348	0.02232	0.03348	0.01897	0.02232	0.01339	0.01005	0.01005	0.00335	0.01563	0.00781	0.00446	0.01563
10	0.02566	0.02461	0.04201	0.10859	0.52271	0.02499	0.03220	0.03201	0.02384	0.03393	0.01980	0.02633	0.01653	0.00951	0.01048	0.00317	0.01269	0.00942	0.00519	0.01634
11	0.03697	0.01507	0.01966	0.01621	0.02218	0.01341	0.01295	0.04101	0.02722	0.38256	0.04180	0.10122	0.03121	0.01511	0.01017	0.00319	0.00770	0.01258	0.17478	0.01500
12	0.04494	0.01726	0.02321	0.01800	0.02567	0.01503	0.01481	0.04910	0.02953	0.52197	0.04106	0.03630	0.02626	0.01302	0.01034	0.00320	0.00863	0.01056	0.07386	0.01726
13	0.01445	0.01076	0.01353	0.01360	0.01610	0.00984	0.01033	0.01859	0.02702	0.03662	0.35275	0.14884	0.18719	0.02481	0.01283	0.00365	0.00571	0.07295	0.01085	0.00958
14	0.01525	0.01010	0.01328	0.01487	0.01635	0.00932	0.01046	0.01767	0.02198	0.06004	0.09429	0.48662	0.10169	0.03052	0.01326	0.00415	0.00638	0.05432	0.01012	0.00932
15	0.01528	0.01063	0.01345	0.01345	0.01411	0.01129	0.00879	0.01660	0.01594	0.02192	0.03156	0.05950	0.03423	0.43599	0.24049	0.01261	0.01658	0.01396	0.00615	0.00747
16	0.03950	0.05039	0.02996	0.02724	0.03269	0.58597	0.02043	0.04222	0.02996	0.02588	0.01634	0.01907	0.01362	0.01090	0.00953	0.00272	0.01907	0.00681	0.00545	0.01226
17	0.01342	0.00971	0.01340	0.01527	0.01619	0.00970	0.01063	0.01572	0.01946	0.02640	0.05107	0.48207	0.05947	0.04423	0.15127	0.00735	0.01147	0.02555	0.00882	0.00879
18	0.41046	0.01935	0.01956	0.01609	0.02337	0.02007	0.01328	0.04021	0.02347	0.28058	0.02677	0.02557	0.01802	0.01127	0.00837	0.00327	0.00854	0.00792	0.00946	0.01437
19	0.04296	0.01820	0.02396	0.01866	0.02620	0.01644	0.01530	0.09070	0.03198	0.46233	0.10089	0.04009	0.03410	0.01405	0.01084	0.00327	0.00876	0.01153	0.01269	0.01705

[dist]
# distance from previous block
# <min> <max>
5	9

[block]
# block no. 4 follows, 13 sequences, length 18
# corresponding to MSA columns:
# 410-427
name=unknown_E
#
# <colnr> <probs for GDERKNQSTAVLIFYWHMCP>
#	G	D	E	R	K	N	Q	S	T	A	V	L	I	F	Y	W	H	M	C	P
0	0.10754	0.02605	0.03349	0.02863	0.07571	0.10436	0.12039	0.04321	0.06169	0.24795	0.02935	0.02944	0.02037	0.01136	0.01041	0.00326	0.01243	0.00992	0.00892	0.01552
1	0.03366	0.02199	0.02230	0.01838	0.02427	0.07412	0.01468	0.19631	0.03420	0.15603	0.07082	0.03515	0.02812	0.01317	0.00969	0.00295	0.00933	0.01031	0.21008	0.01443
2	0.02881	0.46790	0.14836	0.02039	0.03057	0.03610	0.02173	0.03391	0.02249	0.07903	0.01810	0.01979	0.01475	0.00962	0.00776	0.00256	0.01188	0.00653	0.00534	0.01438
3	0.08599	0.02273	0.08714	0.48594	0.06492	0.02362	0.02866	0.02809	0.02096	0.02966	0.01842	0.02651	0.01377	0.01044	0.01013	0.00348	0.01368	0.00888	0.00485	0.01212
4	0.15180	0.02295	0.02807	0.14562	0.10307	0.02578	0.02097	0.14270	0.13717	0.07970	0.02620	0.02823	0.01939	0.01170	0.00987	0.00335	0.01077	0.00938	0.00818	0.01510
5	0.03135	0.08948	0.02995	0.02214	0.02930	0.03020	0.01805	0.21784	0.31636	0.05001	0.03390	0.03218	0.02532	0.01321	0.01028	0.00330	0.00982	0.01044	0.01004	0.01684
6	0.11132	0.20289	0.09165	0.01884	0.02748	0.02560	0.01778	0.06662	0.02466	0.13553	0.02504	0.07075	0.02077	0.01200	0.00878	0.00282	0.01008	0.00913	0.00745	0.11083
7	0.07124	0.16044	0.30129	0.02414	0.03591	0.02657	0.02749	0.03765	0.06065	0.12421	0.02342	0.02446	0.01682	0.01065	0.00932	0.00313	0.01264	0.00802	0.00652	0.01543
8	0.70310	0.02045	0.01554	0.01390	0.02045	0.02372	0.01145	0.03108	0.01799	0.04744	0.01472	0.01718	0.01145	0.00981	0.00654	0.00327	0.00818	0.00573	0.00654	0.01145
9	0.01349	0.01052	0.01339	0.05561	0.01919	0.00991	0.01069	0.01629	0.02250	0.02909	0.12279	0.36307	0.21820	0.02836	0.01287	0.00392	0.00635	0.02506	0.00964	0.00906
10	0.02552	0.02390	0.03754	0.11425	0.39196	0.02520	0.02868	0.03704	0.13729	0.03584	0.02483	0.02929	0.01985	0.01062	0.01054	0.00328	0.01181	0.00997	0.00638	0.01620
11	0.02464	0.03006	0.19727	0.14295	0.04423	0.02133	0.09444	0.03433	0.05926	0.11087	0.10310	0.03576	0.02966	0.01241	0.01097	0.00341	0.01263	0.01111	0.00734	0.01424
12	0.04575	0.02071	0.02622	0.02010	0.02834	0.01957	0.01660	0.16261	0.03480	0.45229	0.03790	0.03351	0.02426	0.01299	0.01062	0.00325	0.00961	0.01037	0.01250	0.01799
13	0.03457	0.01532	0.01860	0.01528	0.02095	0.01440	0.01229	0.07763	0.02823	0.29450	0.03721	0.03666	0.02593	0.01271	0.00919	0.00291	0.00740	0.01020	0.31163	0.01439
14	0.03100	0.02237	0.03631	0.10457	0.25587	0.02331	0.05621	0.03638	0.02450	0.18316	0.02520	0.02889	0.01869	0.01176	0.01388	0.00344	0.09153	0.00992	0.00731	0.01571
15	0.02793	0.01323	0.01742	0.01564	0.01947	0.01195	0.01154	0.03069	0.02450	0.25255	0.10103	0.21106	0.04887	0.14024	0.02010	0.00493	0.00800	0.01793	0.01070	0.01221
16	0.01535	0.01034	0.01199	0.01199	0.01214	0.01050	0.00697	0.01567	0.01551	0.02084	0.03290	0.06689	0.03744	0.58271	0.09815	0.01081	0.01175	0.01504	0.00634	0.00666
17	0.02496	0.02852	0.06239	0.04456	0.05526	0.02674	0.52406	0.03387	0.02496	0.03387	0.02139	0.02852	0.01604	0.00891	0.01248	0.00357	0.01783	0.01248	0.00535	0.01426

[dist]
# distance from previous block
# <min> <max>
0	6

[block]
# block no. 5 follows, 13 sequences, length 19
# corresponding to MSA columns:
# 434-452
name=unknown_F
#
# <colnr> <probs for GDERKNQSTAVLIFYWHMCP>
#	G	D	E	R	K	N	Q	S	T	A	V	L	I	F	Y	W	H	M	C	P
0	0.02288	0.04355	0.37614	0.09656	0.04794	0.02578	0.09595	0.06373	0.02384	0.03435	0.01931	0.02401	0.01413	0.01072	0.01216	0.00347	0.05682	0.00878	0.00500	0.01488
1	0.12848	0.02165	0.02547	0.01978	0.02783	0.02154	0.01633	0.18587	0.03431	0.35872	0.03359	0.03055	0.02195	0.01256	0.01010	0.00324	0.00965	0.00969	0.01153	0.01716
2	0.04261	0.01832	0.02338	0.01825	0.02566	0.01693	0.01497	0.10804	0.03159	0.43119	0.03862	0.03513	0.02526	0.01293	0.01017	0.00315	0.00876	0.01038	0.10783	0.01684
3	0.70310	0.02045	0.01554	0.01390	0.02045	0.02372	0.01145	0.03108	0.01799	0.04744	0.01472	0.01718	0.01145	0.00981	0.00654	0.00327	0.00818	0.00573	0.00654	0.01145
4	0.02754	0.01698	0.02054	0.01790	0.02315	0.01751	0.01416	0.06872	0.15889	0.17516	0.09992	0.05005	0.10231	0.02883	0.12265	0.00605	0.01187	0.01339	0.01033	0.01404
5	0.01533	0.01045	0.01254	0.01254	0.01289	0.01080	0.00767	0.01602	0.01567	0.02125	0.03239	0.06408	0.03622	0.52694	0.15226	0.01150	0.01359	0.01463	0.00627	0.00697
6	0.03819	0.02595	0.07468	0.02744	0.03685	0.02300	0.14782	0.15519	0.03282	0.27954	0.03117	0.03068	0.02080	0.01172	0.01105	0.00333	0.01232	0.01065	0.00993	0.01687
7	0.01900	0.01541	0.05206	0.01762	0.02045	0.01421	0.01420	0.02403	0.05652	0.07096	0.04137	0.20861	0.04335	0.14058	0.11377	0.00730	0.04554	0.07640	0.00823	0.01041
8	0.01342	0.00981	0.01274	0.01488	0.01613	0.00914	0.01061	0.01579	0.02131	0.02785	0.06414	0.48478	0.13055	0.03177	0.01352	0.00428	0.00654	0.09413	0.00980	0.00879
9	0.10107	0.01832	0.02768	0.35915	0.08888	0.02102	0.02366	0.02988	0.02212	0.10287	0.02557	0.08913	0.02137	0.01307	0.01042	0.00351	0.01181	0.01128	0.00660	0.01257
10	0.02629	0.27046	0.26178	0.02658	0.03840	0.03225	0.08427	0.08383	0.02513	0.03367	0.01828	0.02130	0.01424	0.00981	0.00913	0.00294	0.01382	0.00770	0.00522	0.01493
11	0.12559	0.09576	0.02342	0.01716	0.02149	0.09159	0.01390	0.02874	0.02483	0.06625	0.19634	0.04185	0.04379	0.01509	0.01213	0.00314	0.07064	0.01135	0.08541	0.01153
12	0.02644	0.10206	0.23064	0.02239	0.03251	0.02304	0.02389	0.09867	0.02820	0.09976	0.12240	0.03423	0.03180	0.01262	0.01009	0.00305	0.01123	0.01011	0.00776	0.06910
13	0.02824	0.09288	0.09839	0.01881	0.02572	0.02187	0.01732	0.15903	0.02988	0.09730	0.03146	0.10233	0.02653	0.01438	0.00960	0.00305	0.00941	0.01159	0.18837	0.01385
14	0.23042	0.01901	0.01840	0.09469	0.02713	0.07541	0.01423	0.02693	0.02189	0.07232	0.04030	0.18644	0.09745	0.01841	0.01023	0.00355	0.00927	0.01505	0.00791	0.01099
15	0.02528	0.02421	0.04131	0.14211	0.49221	0.02489	0.03201	0.03167	0.02365	0.03346	0.01973	0.02646	0.01637	0.00959	0.01048	0.00320	0.01278	0.00942	0.00516	0.01603
16	0.01744	0.01348	0.01745	0.02024	0.07900	0.01345	0.01301	0.02485	0.09720	0.03525	0.16836	0.24471	0.10009	0.02246	0.01182	0.00359	0.00673	0.01992	0.07981	0.01114
17	0.19841	0.21449	0.21100	0.02043	0.03025	0.02785	0.02236	0.03078	0.02182	0.03552	0.07779	0.02584	0.02277	0.01100	0.00844	0.00300	0.01120	0.00791	0.00583	0.01329
18	0.11417	0.02924	0.03282	0.07232	0.03693	0.15840	0.11162	0.07615	0.06396	0.16279	0.02578	0.02719	0.01842	0.01126	0.01023	0.00323	0.01351	0.00939	0.00804	0.01457

[dist]
# distance from previous block
# <min> <max>
1	23

[block]
# block no. 6 follows, 13 sequences, length 56
# corresponding to MSA columns:
# 476-531
name=unknown_G
#
# <colnr> <probs for GDERKNQSTAVLIFYWHMCP>
#	G	D	E	R	K	N	Q	S	T	A	V	L	I	F	Y	W	H	M	C	P
0	0.02617	0.01736	0.02578	0.24720	0.07801	0.01788	0.02041	0.03151	0.02481	0.16689	0.08079	0.04267	0.09048	0.01379	0.01074	0.00325	0.01034	0.01182	0.00820	0.07190
1	0.02704	0.02642	0.09137	0.02046	0.02985	0.02188	0.01826	0.15598	0.10958	0.04382	0.02420	0.02554	0.01853	0.01031	0.00923	0.00249	0.00980	0.00814	0.00781	0.33928
2	0.02772	0.01410	0.01881	0.01676	0.02163	0.01250	0.01332	0.03176	0.02679	0.23599	0.15216	0.16191	0.05371	0.02046	0.01189	0.00356	0.00766	0.08775	0.01112	0.07041
3	0.02827	0.63478	0.05540	0.01809	0.02714	0.04184	0.01809	0.03166	0.02148	0.02488	0.01470	0.01696	0.01357	0.00905	0.00678	0.00226	0.01131	0.00565	0.00452	0.01357
4	0.01322	0.00968	0.01243	0.01398	0.01529	0.00889	0.00963	0.01575	0.02251	0.03004	0.15677	0.45818	0.13424	0.03022	0.01318	0.00403	0.00583	0.02709	0.01015	0.00889
5	0.15729	0.02502	0.02545	0.02122	0.02828	0.02839	0.01708	0.23778	0.25075	0.05368	0.03081	0.02976	0.02276	0.01285	0.00991	0.00336	0.00962	0.00984	0.00991	0.01625
6	0.10341	0.02149	0.06424	0.12797	0.03633	0.01897	0.06053	0.02903	0.05446	0.03523	0.05837	0.06288	0.02456	0.01163	0.00955	0.00283	0.01017	0.01001	0.00665	0.25170
7	0.02251	0.10867	0.45805	0.03314	0.10639	0.02634	0.03618	0.03318	0.02245	0.03276	0.01866	0.02226	0.01382	0.00987	0.00977	0.00322	0.01483	0.00779	0.00456	0.01556
8	0.02592	0.01342	0.01650	0.01497	0.01882	0.01314	0.01178	0.05829	0.02534	0.16095	0.07258	0.05324	0.03636	0.08209	0.06408	0.00507	0.00940	0.06952	0.23668	0.01185
9	0.07325	0.01577	0.01906	0.01567	0.02158	0.01478	0.01262	0.06824	0.02834	0.29745	0.08525	0.04311	0.06688	0.01432	0.00988	0.00309	0.00753	0.01159	0.17726	0.01433
10	0.13732	0.13017	0.08302	0.02010	0.02806	0.07353	0.01817	0.06888	0.09139	0.16825	0.05975	0.02952	0.02426	0.01207	0.00932	0.00310	0.01062	0.00905	0.00858	0.01484
11	0.01620	0.01219	0.01553	0.01691	0.01939	0.01211	0.01353	0.02255	0.07528	0.03230	0.10462	0.22970	0.12374	0.02775	0.01351	0.00431	0.00777	0.23251	0.01003	0.01007
12	0.01390	0.00993	0.01344	0.01589	0.01694	0.00947	0.01158	0.01648	0.02125	0.02813	0.05771	0.49853	0.06771	0.03217	0.01377	0.00443	0.00702	0.14300	0.00980	0.00887
13	0.01870	0.03171	0.26886	0.02090	0.02986	0.01779	0.02322	0.02868	0.06811	0.03568	0.14152	0.05076	0.13366	0.01591	0.01080	0.00333	0.01018	0.01318	0.06421	0.01292
14	0.03066	0.02479	0.03809	0.04995	0.37119	0.02576	0.02772	0.11077	0.02814	0.10347	0.02288	0.02698	0.01784	0.01113	0.01252	0.00328	0.06166	0.00957	0.00696	0.01666
15	0.01323	0.00945	0.01267	0.01512	0.01588	0.00889	0.01042	0.01532	0.02058	0.02738	0.05808	0.57969	0.06917	0.03280	0.01359	0.00434	0.00643	0.06847	0.00981	0.00868
16	0.01967	0.01542	0.02077	0.02030	0.02191	0.01857	0.01711	0.02368	0.02112	0.03115	0.03720	0.06999	0.03787	0.02206	0.01994	0.00429	0.21266	0.22741	0.14852	0.01038
17	0.01288	0.00920	0.01227	0.01472	0.01534	0.00859	0.00981	0.01472	0.02024	0.02699	0.05828	0.62152	0.06993	0.03312	0.01350	0.00429	0.00613	0.03006	0.00981	0.00859
18	0.10853	0.01912	0.02353	0.01883	0.02644	0.01837	0.01536	0.05037	0.12516	0.41951	0.03928	0.03477	0.02586	0.01300	0.01025	0.00333	0.00880	0.01039	0.01200	0.01711
19	0.02496	0.02852	0.06239	0.04456	0.05526	0.02674	0.52406	0.03387	0.02496	0.03387	0.02139	0.02852	0.01604	0.00891	0.01248	0.00357	0.01783	0.01248	0.00535	0.01426
20	0.04744	0.01799	0.02454	0.01881	0.02699	0.01554	0.01554	0.05153	0.03026	0.56979	0.04171	0.03599	0.02617	0.01309	0.01063	0.00327	0.00900	0.01063	0.01309	0.01799
21	0.02496	0.02852	0.06239	0.04456	0.05526	0.02674	0.52406	0.03387	0.02496	0.03387	0.02139	0.02852	0.01604	0.00891	0.01248	0.00357	0.01783	0.01248	0.00535	0.01426
22	0.02121	0.05469	0.57364	0.03014	0.04576	0.02455	0.03906	0.03348	0.02232	0.03348	0.01897	0.02232	0.01339	0.01005	0.01005	0.00335	0.01563	0.00781	0.00446	0.01563
23	0.02178	0.01233	0.01287	0.01190	0.01509	0.01264	0.00915	0.08500	0.02617	0.04297	0.07860	0.04115	0.03229	0.01317	0.00822	0.00262	0.00574	0.01062	0.54686	0.01085
24	0.01611	0.01161	0.01392	0.01329	0.01507	0.01150	0.00911	0.02122	0.06843	0.03364	0.29921	0.07157	0.06895	0.26809	0.02916	0.00617	0.00742	0.01698	0.00943	0.00911
25	0.01489	0.01085	0.01530	0.01560	0.01695	0.01204	0.01141	0.01766	0.01706	0.02402	0.03300	0.11809	0.03420	0.18578	0.40769	0.01406	0.02192	0.01444	0.00632	0.00872
26	0.02206	0.13279	0.31144	0.02636	0.03581	0.02779	0.02936	0.02960	0.02050	0.02961	0.02044	0.07334	0.01841	0.01397	0.01592	0.00358	0.16059	0.00975	0.00497	0.01370
27	0.02874	0.02426	0.04069	0.05933	0.49772	0.02396	0.03040	0.03476	0.02482	0.09926	0.02253	0.02736	0.01789	0.00986	0.01049	0.00316	0.01213	0.00957	0.00618	0.01690
28	0.04466	0.01732	0.02341	0.01818	0.02565	0.01508	0.01475	0.04840	0.02897	0.52225	0.04099	0.03886	0.02723	0.06633	0.01437	0.00388	0.00911	0.01104	0.01251	0.01699
29	0.02626	0.01758	0.02653	0.08113	0.19067	0.01698	0.01963	0.03133	0.02674	0.16254	0.16817	0.05095	0.10544	0.01552	0.01126	0.00330	0.00910	0.01368	0.00920	0.01398
30	0.08762	0.01607	0.01940	0.01696	0.02251	0.01546	0.01348	0.03772	0.09567	0.25714	0.08483	0.12140	0.10206	0.01858	0.01123	0.00357	0.00783	0.04329	0.01114	0.01402
31	0.02853	0.44745	0.04800	0.02361	0.08049	0.03653	0.01967	0.09081	0.02540	0.03147	0.02006	0.02771	0.01849	0.01126	0.00828	0.00268	0.01134	0.04836	0.00577	0.01409
32	0.13370	0.09915	0.03655	0.08892	0.28104	0.07431	0.02471	0.03418	0.02362	0.08031	0.01995	0.02407	0.01587	0.00998	0.00936	0.00306	0.01211	0.00827	0.00600	0.01485
33	0.02877	0.02595	0.04084	0.05737	0.46425	0.02654	0.03016	0.12419	0.02883	0.04049	0.02091	0.02602	0.01698	0.01003	0.01049	0.00315	0.01239	0.00944	0.00622	0.01698
34	0.04108	0.02819	0.03085	0.02365	0.03208	0.03068	0.01954	0.46905	0.04733	0.12815	0.02738	0.02668	0.01898	0.01274	0.01058	0.00319	0.01131	0.00966	0.01088	0.01798
35	0.08645	0.02432	0.02453	0.01946	0.02680	0.08842	0.01558	0.07481	0.06158	0.07290	0.02146	0.02376	0.01694	0.01065	0.01122	0.00255	0.06931	0.00755	0.00716	0.33455
36	0.25861	0.02229	0.02209	0.01819	0.02529	0.05429	0.01478	0.11512	0.05930	0.22396	0.03298	0.03147	0.05278	0.01275	0.00934	0.00326	0.00945	0.00943	0.00976	0.01486
37	0.01433	0.01066	0.01334	0.01294	0.01548	0.00967	0.00960	0.01863	0.02804	0.03855	0.43181	0.12839	0.18243	0.02353	0.01256	0.00345	0.00515	0.02063	0.01115	0.00967
38	0.01484	0.01000	0.01270	0.01335	0.01507	0.00939	0.00951	0.01853	0.02475	0.03560	0.27104	0.29588	0.07625	0.02491	0.01211	0.00359	0.00545	0.02218	0.11547	0.00939
39	0.03930	0.01733	0.02237	0.01773	0.02457	0.01590	0.01443	0.09152	0.03144	0.39249	0.11923	0.04189	0.03683	0.01430	0.01063	0.00320	0.00829	0.01177	0.07072	0.01605
40	0.02320	0.02209	0.03755	0.32287	0.32773	0.02434	0.03097	0.02984	0.02267	0.03093	0.01936	0.02714	0.01548	0.00997	0.01052	0.00332	0.01330	0.00941	0.00498	0.01435
41	0.01301	0.00930	0.01239	0.01463	0.01536	0.00868	0.00983	0.01506	0.02086	0.02797	0.09003	0.58697	0.07183	0.03239	0.01343	0.00423	0.00606	0.02936	0.00993	0.00868
42	0.04501	0.01937	0.02508	0.01951	0.02752	0.01791	0.01602	0.09154	0.07628	0.48241	0.04047	0.03540	0.02602	0.01316	0.01064	0.00329	0.00916	0.01065	0.01268	0.01788
43	0.02406	0.02767	0.08526	0.13132	0.24572	0.07051	0.11194	0.03068	0.02412	0.03173	0.03014	0.03509	0.08113	0.01179	0.01095	0.00331	0.01363	0.01114	0.00568	0.01414
44	0.02767	0.02725	0.05781	0.04145	0.05184	0.02538	0.46258	0.03600	0.02560	0.09867	0.02385	0.02942	0.01727	0.00942	0.01225	0.00353	0.01676	0.01225	0.00628	0.01471
45	0.03004	0.01575	0.01918	0.01658	0.02178	0.01544	0.01301	0.03988	0.13943	0.23463	0.12929	0.08387	0.04309	0.01601	0.01058	0.00327	0.00726	0.01352	0.13309	0.01427
46	0.11600	0.02084	0.02716	0.17746	0.03961	0.02278	0.02009	0.12139	0.02864	0.23669	0.02755	0.02891	0.01888	0.01233	0.01181	0.00342	0.05294	0.00942	0.00901	0.01507
47	0.02343	0.09176	0.02406	0.01762	0.02241	0.02082	0.01407	0.14234	0.09238	0.04372	0.23057	0.13841	0.05784	0.01896	0.01130	0.00334	0.00787	0.01612	0.01015	0.01285
48	0.01539	0.01098	0.01492	0.01582	0.01716	0.01158	0.01186	0.01815	0.01875	0.02547	0.04015	0.13851	0.04351	0.21350	0.22850	0.01060	0.01604	0.13316	0.00738	0.00857
49	0.01510	0.01133	0.01699	0.01699	0.01888	0.01322	0.01322	0.01888	0.01699	0.02454	0.02832	0.04154	0.02643	0.07930	0.58652	0.01699	0.02832	0.01133	0.00566	0.00944
50	0.06630	0.19281	0.27109	0.09503	0.04076	0.02879	0.02813	0.06627	0.02403	0.06689	0.01945	0.02242	0.01451	0.01021	0.00914	0.00307	0.01321	0.00762	0.00558	0.01468
51	0.02309	0.20955	0.43529	0.02692	0.04079	0.02917	0.03347	0.03300	0.02210	0.03119	0.01783	0.02089	0.01344	0.00978	0.00917	0.00306	0.01447	0.00724	0.00448	0.01508
52	0.02470	0.01255	0.01606	0.01408	0.01810	0.01145	0.01095	0.02944	0.02842	0.18412	0.31047	0.05924	0.06497	0.01740	0.01093	0.00313	0.00606	0.01493	0.15086	0.01212
53	0.02862	0.03069	0.17781	0.07628	0.07377	0.02417	0.02560	0.13213	0.02810	0.11863	0.02701	0.08531	0.02220	0.01435	0.01364	0.00355	0.08429	0.01121	0.00761	0.01502
54	0.02520	0.03120	0.14986	0.28204	0.05270	0.07274	0.02798	0.09507	0.09299	0.03544	0.02256	0.02723	0.01672	0.01123	0.01039	0.00338	0.01381	0.00917	0.00622	0.01405
55	0.09592	0.01634	0.02147	0.02262	0.08685	0.01580	0.01520	0.06101	0.02552	0.21009	0.04193	0.26234	0.04028	0.02017	0.01133	0.00365	0.00838	0.01756	0.01005	0.01350

[dist]
# distance from previous block
# <min> <max>
3	14

[block]
# block no. 7 follows, 13 sequences, length 36
# corresponding to MSA columns:
# 546-581
name=unknown_H
#
# <colnr> <probs for GDERKNQSTAVLIFYWHMCP>
#	G	D	E	R	K	N	Q	S	T	A	V	L	I	F	Y	W	H	M	C	P
0	0.01443	0.01168	0.01871	0.01856	0.02047	0.01092	0.07593	0.01718	0.02085	0.02787	0.05353	0.54528	0.06300	0.03001	0.01336	0.00420	0.00764	0.02780	0.00924	0.00932
1	0.02795	0.02718	0.09766	0.02526	0.06500	0.05418	0.05170	0.16843	0.06809	0.07664	0.12220	0.04419	0.09497	0.01504	0.01111	0.00330	0.01082	0.01263	0.00907	0.01458
2	0.22641	0.02831	0.06951	0.10071	0.04000	0.08956	0.13932	0.06840	0.02502	0.08743	0.02051	0.02414	0.01506	0.01034	0.00970	0.00331	0.01330	0.00877	0.00663	0.01357
3	0.01936	0.01758	0.02515	0.02270	0.02358	0.02337	0.01847	0.02236	0.01657	0.02502	0.02067	0.03179	0.01978	0.04709	0.29418	0.01044	0.33599	0.01023	0.00511	0.01057
4	0.01449	0.01017	0.01229	0.01267	0.01367	0.00970	0.00820	0.01633	0.02068	0.02795	0.17265	0.20553	0.09514	0.29789	0.03133	0.00669	0.00765	0.02025	0.00873	0.00797
5	0.02633	0.46370	0.13319	0.01969	0.02982	0.03553	0.02070	0.03130	0.02167	0.02747	0.01590	0.01845	0.01381	0.00905	0.00744	0.00234	0.01154	0.00607	0.00474	0.10125
6	0.02479	0.09852	0.10012	0.14935	0.35843	0.02673	0.03095	0.03152	0.02307	0.03199	0.01899	0.02503	0.01555	0.00964	0.01001	0.00313	0.01301	0.00880	0.00497	0.01538
7	0.03585	0.09135	0.03106	0.02220	0.02975	0.02868	0.01873	0.32182	0.07353	0.11496	0.03122	0.03870	0.02491	0.01457	0.01070	0.00333	0.01083	0.07133	0.01012	0.01636
8	0.01713	0.00919	0.01343	0.01399	0.01413	0.00905	0.00933	0.01399	0.01523	0.02031	0.02737	0.16513	0.03000	0.03592	0.03504	0.53712	0.00849	0.01389	0.00577	0.00549
9	0.06790	0.01586	0.01953	0.01757	0.02186	0.01631	0.01359	0.03470	0.11488	0.18344	0.13783	0.18297	0.04964	0.01984	0.01301	0.00367	0.04682	0.01670	0.01068	0.01321
10	0.03807	0.02582	0.03426	0.02644	0.03461	0.08772	0.13097	0.09074	0.09678	0.27199	0.03285	0.03180	0.02246	0.01202	0.01093	0.00330	0.01232	0.01067	0.00992	0.01632
11	0.02173	0.02041	0.02782	0.02453	0.02572	0.02728	0.02007	0.02792	0.08414	0.02766	0.02089	0.02938	0.01908	0.03169	0.15614	0.00728	0.40080	0.01007	0.00565	0.01175
12	0.02721	0.01546	0.01928	0.01696	0.02176	0.01513	0.01316	0.03707	0.14213	0.20310	0.23122	0.11605	0.05905	0.01864	0.01164	0.00347	0.00709	0.01612	0.01169	0.01378
13	0.07796	0.02533	0.03373	0.03004	0.09442	0.08349	0.12404	0.09313	0.05694	0.14193	0.02742	0.03340	0.02156	0.09045	0.01615	0.00416	0.01273	0.01069	0.00799	0.01443
14	0.01882	0.01152	0.01480	0.01479	0.01746	0.01062	0.01113	0.02210	0.02452	0.10274	0.18015	0.20779	0.12931	0.09098	0.01730	0.00457	0.00714	0.09380	0.01031	0.01015
15	0.02617	0.02512	0.04292	0.06490	0.56246	0.02512	0.03245	0.03245	0.02407	0.03454	0.01989	0.02617	0.01675	0.00942	0.01047	0.00314	0.01256	0.00942	0.00523	0.01675
16	0.10046	0.01997	0.02630	0.15093	0.03751	0.02041	0.01890	0.10826	0.02970	0.33151	0.03186	0.03107	0.02099	0.01217	0.01024	0.00332	0.01043	0.00975	0.01025	0.01598
17	0.03960	0.01978	0.02463	0.01990	0.02693	0.01922	0.01625	0.17444	0.03403	0.33699	0.04008	0.10314	0.03113	0.01628	0.01120	0.00347	0.00945	0.04526	0.01182	0.01639
18	0.01375	0.01061	0.01334	0.01432	0.01655	0.01020	0.01081	0.01671	0.02146	0.02760	0.06948	0.23457	0.24139	0.04069	0.14256	0.00696	0.01129	0.07980	0.00887	0.00905
19	0.01470	0.01055	0.01427	0.01469	0.01589	0.01112	0.01038	0.01721	0.01866	0.02594	0.09334	0.17389	0.04662	0.20661	0.26555	0.01110	0.01644	0.01714	0.00737	0.00853
20	0.10263	0.20712	0.09974	0.02521	0.03318	0.10386	0.07958	0.09053	0.02529	0.03440	0.01730	0.02099	0.01417	0.01114	0.01227	0.00312	0.09230	0.00777	0.00567	0.01373
