[name]
unknown

[dist]
# distance from previous block
# <min> <max>
0	68

[block]
# block no. 0 follows, 11 sequences, length 25
# corresponding to MSA columns:
# 73-97
name=unknown_A
#
# <colnr> <probs for GDERKNQSTAVLIFYWHMCP>
#	G	D	E	R	K	N	Q	S	T	A	V	L	I	F	Y	W	H	M	C	P
0	0.02576	0.01925	0.02003	0.01856	0.02270	0.07035	0.01397	0.07684	0.06896	0.10275	0.15835	0.21960	0.09055	0.02320	0.01269	0.00380	0.00876	0.01999	0.01101	0.01285
1	0.03667	0.03329	0.12100	0.02571	0.03542	0.02994	0.02363	0.27194	0.15020	0.10714	0.03185	0.03099	0.02262	0.01346	0.01121	0.00352	0.01206	0.01052	0.01043	0.01840
2	0.01945	0.01867	0.06784	0.01823	0.02301	0.01482	0.01499	0.07987	0.02636	0.03592	0.05337	0.34540	0.10032	0.02595	0.01272	0.00386	0.00839	0.02281	0.00951	0.09851
3	0.09559	0.08953	0.10753	0.03111	0.07246	0.02812	0.12053	0.09895	0.07842	0.12733	0.02743	0.02901	0.01984	0.01163	0.01081	0.00346	0.01317	0.01020	0.00826	0.01663
4	0.31506	0.14826	0.09689	0.01884	0.02816	0.02724	0.01819	0.03581	0.02260	0.10407	0.02032	0.02199	0.01535	0.01054	0.00820	0.00309	0.01051	0.00709	0.00708	0.08072
5	0.02031	0.01323	0.01616	0.01565	0.01909	0.01246	0.01161	0.02669	0.07619	0.10009	0.19760	0.22805	0.16754	0.02578	0.01317	0.00391	0.00664	0.02253	0.01152	0.01176
6	0.03323	0.22664	0.20347	0.02496	0.03655	0.03294	0.02649	0.14453	0.03131	0.10463	0.02335	0.02450	0.01717	0.01141	0.00978	0.00314	0.01327	0.00837	0.00744	0.01682
7	0.02877	0.13817	0.03688	0.10373	0.18222	0.02477	0.02307	0.03359	0.02507	0.12334	0.03217	0.14027	0.02977	0.01578	0.01104	0.00347	0.01128	0.01379	0.00782	0.01501
8	0.02705	0.31457	0.19058	0.02315	0.03355	0.03362	0.02474	0.07854	0.02598	0.03389	0.02420	0.09677	0.02276	0.01370	0.00957	0.00312	0.01267	0.01051	0.00619	0.01485
9	0.01374	0.01049	0.01263	0.01406	0.01597	0.00938	0.00980	0.01626	0.02377	0.03056	0.11546	0.38696	0.23648	0.03197	0.01391	0.00422	0.00615	0.02823	0.01060	0.00938
10	0.02108	0.11562	0.17982	0.02172	0.02958	0.02220	0.02198	0.03117	0.08920	0.03609	0.13254	0.16717	0.04870	0.01913	0.01162	0.00365	0.01041	0.01630	0.00844	0.01358
11	0.03132	0.02717	0.10056	0.16423	0.20852	0.02382	0.02908	0.04015	0.05982	0.16107	0.02825	0.03139	0.02036	0.01172	0.01118	0.00353	0.01291	0.01031	0.00782	0.01680
12	0.01642	0.01150	0.01580	0.01599	0.01754	0.01271	0.01171	0.01956	0.01851	0.02691	0.03427	0.09184	0.03435	0.18187	0.36302	0.01414	0.02206	0.01431	0.06814	0.00935
13	0.10548	0.02245	0.03137	0.02381	0.03273	0.02129	0.07759	0.10855	0.03300	0.36971	0.03668	0.03394	0.02388	0.01298	0.01116	0.00351	0.01106	0.01093	0.01188	0.01800
14	0.16190	0.23673	0.15897	0.02359	0.03347	0.15302	0.02366	0.03658	0.02438	0.03369	0.01712	0.01995	0.01396	0.01049	0.00865	0.00301	0.01432	0.00685	0.00545	0.01419
15	0.02632	0.02527	0.03441	0.02921	0.03005	0.03451	0.02432	0.07087	0.02056	0.03117	0.01592	0.02485	0.01518	0.01912	0.03454	0.00478	0.53057	0.00988	0.00552	0.01295
16	0.02502	0.23776	0.38796	0.02792	0.04228	0.03211	0.03434	0.03501	0.02347	0.03267	0.01872	0.02191	0.01432	0.01035	0.00957	0.00319	0.01514	0.00757	0.00477	0.01592
17	0.01562	0.01144	0.01434	0.01365	0.01624	0.01050	0.01004	0.02018	0.02981	0.04134	0.43448	0.08643	0.15669	0.07012	0.01679	0.00416	0.00581	0.02048	0.01169	0.01017
18	0.01430	0.01093	0.01313	0.01366	0.01609	0.00976	0.00983	0.01767	0.02639	0.03472	0.23370	0.25535	0.24613	0.02884	0.01363	0.00396	0.00584	0.02525	0.01109	0.00976
19	0.02307	0.02137	0.03578	0.33723	0.22350	0.02407	0.03070	0.03001	0.02398	0.03206	0.02538	0.04150	0.02222	0.01334	0.01176	0.00379	0.01387	0.06649	0.00587	0.01402
20	0.17439	0.09042	0.09444	0.02212	0.03121	0.09554	0.02022	0.08674	0.02943	0.21130	0.02727	0.02682	0.01895	0.01202	0.00976	0.00330	0.01221	0.00867	0.00908	0.01611
21	0.01399	0.01106	0.01261	0.01300	0.01582	0.00967	0.00945	0.01720	0.02613	0.03337	0.19636	0.21361	0.33027	0.02879	0.01354	0.00392	0.00580	0.02485	0.01089	0.00967
22	0.01459	0.01042	0.01406	0.01667	0.01770	0.00989	0.01196	0.01718	0.02241	0.02971	0.06155	0.50442	0.07254	0.03444	0.01460	0.00469	0.00729	0.11607	0.01043	0.00938
23	0.02393	0.17692	0.26238	0.20799	0.05346	0.03013	0.03290	0.03292	0.02314	0.03121	0.01905	0.02446	0.01455	0.01062	0.01005	0.00335	0.01501	0.00832	0.00485	0.01476
24	0.02800	0.02822	0.04655	0.13430	0.05146	0.07690	0.25307	0.08104	0.02863	0.03824	0.02402	0.03052	0.01821	0.01089	0.01170	0.00350	0.01591	0.01143	0.09312	0.01428

[dist]
# distance from previous block
# <min> <max>
1	15

[block]
# block no. 1 follows, 11 sequences, length 32
# corresponding to MSA columns:
# 113-144
name=unknown_B
#
# <colnr> <probs for GDERKNQSTAVLIFYWHMCP>
#	G	D	E	R	K	N	Q	S	T	A	V	L	I	F	Y	W	H	M	C	P
0	0.02181	0.03244	0.21296	0.09892	0.04084	0.02189	0.05872	0.03427	0.10099	0.03721	0.07820	0.09674	0.03403	0.01540	0.01148	0.00368	0.01230	0.01343	0.06040	0.01430
1	0.02891	0.28568	0.11429	0.02150	0.03059	0.03298	0.02117	0.13166	0.03131	0.04118	0.12224	0.03414	0.03395	0.01332	0.00981	0.00301	0.01141	0.01013	0.00773	0.01500
2	0.01712	0.01321	0.01658	0.01549	0.01940	0.01126	0.01132	0.02097	0.02525	0.03606	0.19469	0.27607	0.06797	0.02386	0.01232	0.00343	0.00666	0.02124	0.00998	0.19712
3	0.02903	0.15571	0.04418	0.15529	0.26120	0.10635	0.02874	0.03468	0.02530	0.03161	0.01920	0.02509	0.01605	0.01041	0.01017	0.00316	0.01440	0.00876	0.00532	0.01534
4	0.02291	0.04559	0.36020	0.15249	0.05653	0.02626	0.11003	0.03422	0.02393	0.03422	0.02056	0.02615	0.01486	0.01063	0.01122	0.00364	0.01665	0.00946	0.00495	0.01551
5	0.01969	0.01712	0.02788	0.23392	0.11499	0.01996	0.02340	0.02539	0.02081	0.02863	0.02508	0.03658	0.02177	0.04650	0.27687	0.01064	0.02210	0.01100	0.00558	0.01208
6	0.16878	0.02081	0.02504	0.01960	0.02801	0.01991	0.01618	0.09251	0.03172	0.40517	0.03736	0.03348	0.02409	0.01324	0.01050	0.00347	0.00968	0.01023	0.01237	0.01784
7	0.02724	0.02381	0.03599	0.36073	0.15342	0.02752	0.02969	0.13312	0.02980	0.03956	0.02177	0.02895	0.01644	0.01152	0.01123	0.00359	0.01412	0.01004	0.00649	0.01496
8	0.02644	0.11188	0.18138	0.08588	0.04111	0.02695	0.07051	0.06858	0.02645	0.07485	0.03521	0.03784	0.08979	0.01424	0.01310	0.00357	0.05915	0.01136	0.00693	0.01478
9	0.01981	0.01271	0.01596	0.01495	0.01877	0.01197	0.01158	0.02359	0.02543	0.10463	0.14520	0.07642	0.25008	0.04135	0.16734	0.00775	0.01310	0.01814	0.01000	0.01121
10	0.02687	0.16919	0.37430	0.02905	0.04272	0.10605	0.03424	0.03658	0.02474	0.03264	0.01888	0.02212	0.01433	0.01061	0.00991	0.00324	0.01623	0.00770	0.00491	0.01568
11	0.03218	0.33188	0.04129	0.01922	0.02689	0.03022	0.01750	0.03597	0.02542	0.15771	0.03268	0.09756	0.02977	0.01581	0.00993	0.00321	0.01064	0.05916	0.00833	0.01462
12	0.02581	0.02863	0.09687	0.17857	0.38005	0.02629	0.03457	0.03337	0.02473	0.03486	0.02081	0.02790	0.01681	0.01037	0.01112	0.00346	0.01409	0.00984	0.00536	0.01651
13	0.01371	0.00979	0.01306	0.01567	0.01632	0.00914	0.01045	0.01567	0.02155	0.02873	0.06203	0.59710	0.07444	0.03526	0.01437	0.00457	0.00653	0.03200	0.01045	0.00914
14	0.02515	0.02127	0.03612	0.29493	0.05589	0.02443	0.09878	0.03167	0.02445	0.08692	0.07737	0.03605	0.02656	0.01375	0.01547	0.00387	0.09529	0.01176	0.00686	0.01341
15	0.03024	0.15490	0.05130	0.03781	0.11263	0.03264	0.18820	0.11055	0.09446	0.04101	0.02472	0.02836	0.01923	0.01099	0.01111	0.00337	0.01430	0.01068	0.00712	0.01637
16	0.02776	0.01395	0.01865	0.01644	0.02093	0.01249	0.01268	0.03226	0.03051	0.21742	0.29160	0.14132	0.07413	0.02157	0.01274	0.00367	0.00698	0.01884	0.01265	0.01341
17	0.02257	0.05822	0.54613	0.03208	0.04871	0.02614	0.04158	0.03564	0.02376	0.03564	0.02020	0.02376	0.01426	0.01069	0.01069	0.00356	0.01663	0.00832	0.00475	0.01663
18	0.02055	0.01911	0.02151	0.14007	0.03375	0.09216	0.01823	0.02485	0.02514	0.03118	0.09010	0.24282	0.05394	0.02463	0.01324	0.00419	0.01104	0.11390	0.00877	0.01083
19	0.02793	0.04206	0.33017	0.14765	0.05091	0.02395	0.03429	0.03804	0.02520	0.13649	0.02505	0.02805	0.01717	0.01147	0.01094	0.00359	0.01486	0.00929	0.00666	0.01625
20	0.04279	0.03153	0.03378	0.02590	0.03490	0.03490	0.02139	0.49671	0.05292	0.07093	0.02702	0.02702	0.01914	0.01351	0.01126	0.00338	0.01239	0.01013	0.01126	0.01914
21	0.01330	0.01140	0.01140	0.01140	0.01520	0.00950	0.00855	0.01615	0.02565	0.03041	0.11402	0.10832	0.52967	0.02850	0.01330	0.00380	0.00570	0.02375	0.01045	0.00950
22	0.02729	0.15797	0.11021	0.04617	0.19359	0.03118	0.20479	0.03505	0.02518	0.03415	0.02047	0.02624	0.01643	0.00981	0.01105	0.00333	0.01554	0.01020	0.00537	0.01597
23	0.03047	0.36610	0.14280	0.02564	0.03666	0.03595	0.09068	0.03667	0.02457	0.08530	0.02059	0.02302	0.01624	0.01026	0.00915	0.00293	0.01358	0.00804	0.00592	0.01545
24	0.01915	0.01657	0.02398	0.02221	0.02349	0.02140	0.01786	0.02261	0.01778	0.02647	0.02462	0.03718	0.02334	0.06116	0.37195	0.01336	0.22911	0.01127	0.00563	0.01086
25	0.02711	0.01407	0.01739	0.01527	0.02041	0.01218	0.01190	0.03082	0.02865	0.21642	0.14965	0.11861	0.24655	0.02295	0.01267	0.00371	0.00710	0.01942	0.01200	0.01312
26	0.03932	0.08978	0.03661	0.03056	0.10438	0.06180	0.05230	0.11428	0.08503	0.22237	0.03230	0.03161	0.02277	0.01254	0.01091	0.00335	0.01207	0.01040	0.01000	0.01764
27	0.02257	0.05822	0.54613	0.03208	0.04871	0.02614	0.04158	0.03564	0.02376	0.03564	0.02020	0.02376	0.01426	0.01069	0.01069	0.00356	0.01663	0.00832	0.00475	0.01663
28	0.03578	0.02264	0.02459	0.01973	0.02641	0.02416	0.01601	0.28011	0.04016	0.11121	0.03238	0.03360	0.02357	0.01341	0.01005	0.00312	0.00952	0.01039	0.24715	0.01603
29	0.02846	0.49155	0.16440	0.02203	0.03318	0.04055	0.02409	0.03412	0.02306	0.02846	0.01663	0.01929	0.01440	0.00986	0.00797	0.00266	0.01303	0.00652	0.00480	0.01492
30	0.04060	0.04838	0.03138	0.02805	0.03421	0.45255	0.02129	0.08923	0.08574	0.03375	0.02136	0.02327	0.01707	0.01217	0.01039	0.00304	0.01832	0.00811	0.00692	0.01414
31	0.01495	0.01068	0.01448	0.01709	0.01829	0.01021	0.01260	0.01782	0.02277	0.03012	0.06135	0.46522	0.07173	0.03409	0.01470	0.00474	0.00761	0.15163	0.01042	0.00948

[dist]
# distance from previous block
# <min> <max>
0	6

[block]
# block no. 2 follows, 11 sequences, length 75
# corresponding to MSA columns:
# 151-225
name=unknown_C
#
# <colnr> <probs for GDERKNQSTAVLIFYWHMCP>
#	G	D	E	R	K	N	Q	S	T	A	V	L	I	F	Y	W	H	M	C	P
0	0.01382	0.01142	0.01212	0.01194	0.01552	0.00972	0.00896	0.01715	0.02687	0.03330	0.19542	0.10355	0.44646	0.02743	0.01330	0.00375	0.00562	0.02309	0.01083	0.00972
1	0.02734	0.03272	0.13536	0.04819	0.25404	0.02917	0.06834	0.07255	0.02583	0.03727	0.02020	0.02652	0.01655	0.01255	0.01695	0.00377	0.14063	0.00994	0.00577	0.01629
2	0.08673	0.10651	0.12785	0.02327	0.03232	0.07853	0.02227	0.11320	0.03122	0.14064	0.06294	0.03769	0.02782	0.01413	0.01066	0.00342	0.01243	0.04385	0.00886	0.01565
3	0.02098	0.01049	0.01049	0.01049	0.01311	0.01049	0.00787	0.02623	0.02360	0.04196	0.03672	0.04196	0.02885	0.01311	0.00787	0.00262	0.00525	0.01049	0.66693	0.01049
4	0.02932	0.55460	0.10885	0.02057	0.03092	0.04265	0.02154	0.03390	0.02296	0.02742	0.01611	0.01864	0.01442	0.00974	0.00758	0.00253	0.01251	0.00625	0.00481	0.01467
5	0.26887	0.08730	0.09340	0.02076	0.02983	0.02747	0.01932	0.11419	0.06212	0.13917	0.02542	0.02567	0.01820	0.01186	0.00927	0.00339	0.01082	0.00844	0.00874	0.01577
6	0.01517	0.01303	0.01319	0.01287	0.01699	0.01186	0.00973	0.02171	0.08781	0.03253	0.10534	0.09988	0.46662	0.02682	0.01307	0.00380	0.00611	0.02235	0.01058	0.01056
7	0.01371	0.00979	0.01306	0.01567	0.01632	0.00914	0.01045	0.01567	0.02155	0.02873	0.06203	0.59710	0.07444	0.03526	0.01437	0.00457	0.00653	0.03200	0.01045	0.00914
8	0.21769	0.02491	0.02888	0.06736	0.03420	0.06095	0.06542	0.11650	0.03069	0.15313	0.06952	0.03206	0.02577	0.01285	0.01038	0.00348	0.01157	0.01026	0.00928	0.01510
9	0.19289	0.12822	0.07658	0.02400	0.03203	0.03039	0.06108	0.08319	0.06736	0.09298	0.02316	0.02548	0.01768	0.01249	0.01293	0.00353	0.08449	0.00886	0.00757	0.01509
10	0.01693	0.01249	0.01645	0.01816	0.02101	0.01202	0.01542	0.02165	0.02646	0.03417	0.11810	0.11882	0.16366	0.02975	0.01486	0.00473	0.00890	0.32560	0.01059	0.01021
11	0.02257	0.05822	0.54613	0.03208	0.04871	0.02614	0.04158	0.03564	0.02376	0.03564	0.02020	0.02376	0.01426	0.01069	0.01069	0.00356	0.01663	0.00832	0.00475	0.01663
12	0.09146	0.08233	0.04453	0.03146	0.04072	0.09763	0.17966	0.15888	0.03374	0.09566	0.02416	0.02691	0.01773	0.01135	0.01109	0.00339	0.01499	0.01025	0.00802	0.01603
13	0.01901	0.01484	0.01787	0.01850	0.02144	0.01560	0.01399	0.03083	0.17016	0.03713	0.11614	0.28562	0.06489	0.02703	0.01356	0.00432	0.00774	0.09821	0.01098	0.01212
14	0.01371	0.00979	0.01306	0.01567	0.01632	0.00914	0.01045	0.01567	0.02155	0.02873	0.06203	0.59710	0.07444	0.03526	0.01437	0.00457	0.00653	0.03200	0.01045	0.00914
15	0.32817	0.02368	0.02470	0.02355	0.07387	0.02586	0.01712	0.16125	0.03054	0.10279	0.02595	0.07025	0.02123	0.01360	0.00957	0.00353	0.01007	0.01019	0.00900	0.01509
16	0.13238	0.02756	0.03225	0.12538	0.16442	0.09504	0.02454	0.03890	0.11998	0.03751	0.02382	0.02818	0.01899	0.01250	0.01304	0.00363	0.07061	0.00956	0.00682	0.01489
17	0.01637	0.01091	0.01228	0.01228	0.01228	0.01091	0.00682	0.01637	0.01637	0.02182	0.03546	0.07365	0.04092	0.60445	0.05729	0.01091	0.01091	0.01637	0.00682	0.00682
18	0.02677	0.02979	0.06312	0.05087	0.13425	0.02819	0.42056	0.03581	0.02642	0.03617	0.02252	0.02996	0.01720	0.00957	0.01294	0.00372	0.01809	0.01277	0.00567	0.01560
19	0.03558	0.08729	0.08525	0.02474	0.03349	0.07348	0.02178	0.19799	0.18496	0.09243	0.03172	0.03085	0.02323	0.01328	0.01080	0.00341	0.01212	0.01022	0.00983	0.01755
20	0.03003	0.41382	0.16466	0.02297	0.03409	0.03920	0.02452	0.09307	0.02689	0.03419	0.01811	0.02047	0.01500	0.01036	0.00851	0.00279	0.01311	0.00706	0.00562	0.01553
21	0.01371	0.00979	0.01306	0.01567	0.01632	0.00914	0.01045	0.01567	0.02155	0.02873	0.06203	0.59710	0.07444	0.03526	0.01437	0.00457	0.00653	0.03200	0.01045	0.00914
22	0.68395	0.02177	0.01654	0.01480	0.02177	0.02525	0.01219	0.03309	0.01915	0.05050	0.01567	0.01828	0.01219	0.01045	0.00697	0.00348	0.00871	0.00609	0.00697	0.01219
23	0.03054	0.03056	0.03981	0.15586	0.30964	0.11892	0.03038	0.08197	0.02887	0.03709	0.02089	0.02689	0.01684	0.01089	0.01100	0.00335	0.01478	0.00956	0.00608	0.01611
24	0.01394	0.01143	0.01229	0.01208	0.01560	0.00977	0.00906	0.01740	0.02717	0.03400	0.21519	0.10240	0.42625	0.02716	0.01330	0.00374	0.00561	0.02292	0.01093	0.00977
25	0.13604	0.03011	0.03127	0.02428	0.03299	0.03350	0.02005	0.42928	0.04801	0.06796	0.02537	0.02575	0.01813	0.01307	0.01063	0.00339	0.01185	0.00955	0.01063	0.01813
26	0.11297	0.03242	0.15229	0.02379	0.03306	0.02633	0.02325	0.19723	0.07216	0.05020	0.03735	0.04401	0.07481	0.01576	0.01120	0.00368	0.01181	0.05297	0.00897	0.01573
27	0.02257	0.05822	0.54613	0.03208	0.04871	0.02614	0.04158	0.03564	0.02376	0.03564	0.02020	0.02376	0.01426	0.01069	0.01069	0.00356	0.01663	0.00832	0.00475	0.01663
28	0.01330	0.01140	0.01140	0.01140	0.01520	0.00950	0.00855	0.01615	0.02565	0.03041	0.11402	0.10832	0.52967	0.02850	0.01330	0.00380	0.00570	0.02375	0.01045	0.00950
29	0.02453	0.02201	0.03472	0.46624	0.10889	0.02641	0.03027	0.08879	0.02663	0.03477	0.02099	0.02945	0.01576	0.01144	0.01124	0.00367	0.01454	0.01002	0.00584	0.01378
30	0.03697	0.09361	0.09088	0.03036	0.04027	0.09682	0.13748	0.15359	0.03413	0.13678	0.02619	0.02786	0.01873	0.01170	0.01116	0.00336	0.01484	0.01016	0.00843	0.01668
31	0.01371	0.00979	0.01306	0.01567	0.01632	0.00914	0.01045	0.01567	0.02155	0.02873	0.06203	0.59710	0.07444	0.03526	0.01437	0.00457	0.00653	0.03200	0.01045	0.00914
32	0.02657	0.03036	0.06641	0.04744	0.05882	0.02846	0.49336	0.03605	0.02657	0.03605	0.02277	0.03036	0.01708	0.00949	0.01328	0.00380	0.01898	0.01328	0.00569	0.01518
33	0.02728	0.11969	0.12064	0.13081	0.03966	0.02519	0.02335	0.09110	0.02992	0.09088	0.14684	0.04070	0.03888	0.01433	0.01102	0.00338	0.01156	0.01176	0.00843	0.01458
34	0.03220	0.03229	0.10359	0.03831	0.04942	0.02843	0.29434	0.13993	0.03270	0.09554	0.02567	0.02977	0.01835	0.01096	0.01237	0.00365	0.01632	0.01188	0.00767	0.01661
35	0.04355	0.03030	0.03302	0.02532	0.03429	0.03309	0.02091	0.45306	0.05087	0.11746	0.02874	0.02814	0.02000	0.01355	0.01127	0.00339	0.01211	0.01025	0.01152	0.01914
36	0.02928	0.03554	0.15032	0.03781	0.04929	0.02930	0.26509	0.13380	0.07392	0.04418	0.02515	0.02938	0.01846	0.01106	0.01219	0.00366	0.01627	0.01160	0.00717	0.01652
37	0.03533	0.14323	0.03732	0.02452	0.03203	0.03550	0.02074	0.26760	0.12515	0.05234	0.02660	0.02764	0.02039	0.01385	0.01377	0.00346	0.08444	0.00975	0.00922	0.01711
38	0.01699	0.01215	0.01675	0.01890	0.02112	0.01191	0.01567	0.02155	0.02581	0.03417	0.11974	0.21388	0.07195	0.03088	0.01503	0.00485	0.00897	0.31891	0.01064	0.01016
39	0.29490	0.02663	0.02558	0.12972	0.03726	0.08124	0.01920	0.11666	0.08989	0.04699	0.02249	0.02531	0.01699	0.01186	0.00944	0.00350	0.01178	0.00852	0.00777	0.01425
40	0.02449	0.01879	0.02580	0.02161	0.02729	0.01905	0.07484	0.03865	0.18730	0.09373	0.22594	0.06083	0.09666	0.01829	0.01249	0.00368	0.00868	0.01633	0.01124	0.01431
41	0.02526	0.02409	0.04099	0.26915	0.35448	0.02606	0.03325	0.03227	0.02440	0.03362	0.02071	0.02870	0.01672	0.01051	0.01119	0.00350	0.01401	0.01002	0.00535	0.01573
42	0.01757	0.01336	0.01720	0.01805	0.01943	0.01416	0.01293	0.06211	0.02406	0.03254	0.05390	0.48484	0.06313	0.03162	0.01638	0.00449	0.06619	0.02767	0.00996	0.01041
43	0.02772	0.02026	0.03266	0.26683	0.17654	0.02177	0.02655	0.03369	0.02509	0.13165	0.03045	0.10328	0.02582	0.01452	0.01163	0.00370	0.01244	0.01307	0.00759	0.01474
44	0.03843	0.10845	0.10028	0.02810	0.03598	0.38753	0.02399	0.08724	0.03202	0.03275	0.01853	0.02118	0.01492	0.01147	0.01003	0.00298	0.01821	0.00755	0.00611	0.01425
45	0.02122	0.01879	0.03080	0.50523	0.06932	0.02316	0.02828	0.02843	0.02265	0.03044	0.02213	0.03153	0.01677	0.01149	0.01082	0.00361	0.01376	0.01006	0.08926	0.01225
46	0.02945	0.02234	0.03668	0.27925	0.23741	0.02399	0.02959	0.03603	0.02557	0.13258	0.02523	0.03084	0.01858	0.01132	0.01122	0.00355	0.01333	0.01027	0.00697	0.01579
47	0.10180	0.02499	0.09281	0.13081	0.04022	0.02128	0.02230	0.04556	0.06987	0.28508	0.03381	0.03317	0.02262	0.01276	0.01081	0.00357	0.01140	0.01028	0.01010	0.01672
48	0.03868	0.01868	0.02368	0.01973	0.02656	0.01787	0.01570	0.04908	0.14000	0.33496	0.08863	0.09966	0.04086	0.01718	0.01183	0.00367	0.00875	0.01452	0.01288	0.01710
49	0.02346	0.05261	0.45374	0.03716	0.09871	0.02640	0.08020	0.03557	0.02420	0.03579	0.02052	0.02475	0.01486	0.01052	0.01096	0.00356	0.01651	0.00892	0.00492	0.01663
50	0.07060	0.02524	0.12388	0.22932	0.04795	0.02097	0.02547	0.03220	0.02360	0.11425	0.02985	0.10270	0.02537	0.02048	0.05546	0.00491	0.01414	0.01259	0.00731	0.01371
51	0.08270	0.02464	0.03759	0.08623	0.17725	0.02526	0.09211	0.11936	0.03142	0.10842	0.07681	0.03460	0.02760	0.01255	0.01140	0.00350	0.01248	0.01143	0.00844	0.01621
52	0.01415	0.01011	0.01356	0.01617	0.01702	0.00952	0.01121	0.01643	0.02198	0.02922	0.06179	0.55067	0.07349	0.03485	0.01448	0.00463	0.00691	0.07412	0.01044	0.00926
53	0.50940	0.02939	0.11757	0.01892	0.02786	0.02617	0.01844	0.06977	0.02266	0.04930	0.01741	0.02000	0.01312	0.01073	0.00800	0.00349	0.01049	0.00683	0.00688	0.01357
54	0.03760	0.14512	0.15250	0.02334	0.03387	0.02659	0.02330	0.08049	0.07104	0.24692	0.03202	0.03046	0.02200	0.01243	0.01038	0.00331	0.01184	0.00962	0.00963	0.01754
55	0.01923	0.01188	0.01423	0.01366	0.01512	0.01170	0.00883	0.02044	0.01903	0.07221	0.04367	0.07013	0.08810	0.42371	0.11243	0.01040	0.01270	0.01610	0.00776	0.00867
56	0.01486	0.01132	0.01366	0.01337	0.01623	0.01012	0.00991	0.01906	0.02890	0.03881	0.34988	0.13587	0.24530	0.02589	0.01338	0.00372	0.00554	0.02248	0.01158	0.01012
57	0.09110	0.14204	0.36566	0.02976	0.04375	0.02928	0.07959	0.03511	0.02343	0.03569	0.01925	0.02293	0.01436	0.01038	0.01001	0.00339	0.01531	0.00821	0.00508	0.01568
58	0.03417	0.07905	0.04370	0.08736	0.04419	0.12758	0.15083	0.12088	0.03131	0.08611	0.02304	0.02713	0.01737	0.01210	0.01352	0.00351	0.06536	0.01020	0.00728	0.01530
59	0.01471	0.01069	0.01397	0.01543	0.01706	0.00994	0.01111	0.01796	0.02507	0.03376	0.19118	0.37460	0.11757	0.03103	0.01411	0.00429	0.00652	0.07035	0.01096	0.00969
60	0.03481	0.02432	0.02697	0.02272	0.02978	0.02661	0.01805	0.17896	0.26632	0.13443	0.04151	0.07957	0.03205	0.01608	0.01160	0.00370	0.00982	0.01323	0.01173	0.01775
61	0.01440	0.01089	0.01330	0.01388	0.01618	0.00978	0.00996	0.01784	0.02650	0.03519	0.24701	0.26809	0.21837	0.02883	0.01366	0.00397	0.00584	0.02536	0.01116	0.00978
62	0.03314	0.02855	0.08118	0.02258	0.03242	0.02498	0.01993	0.20841	0.08471	0.09107	0.02721	0.02784	0.02003	0.01165	0.01022	0.00286	0.01085	0.00911	0.00925	0.24401
63	0.02425	0.10977	0.08016	0.01857	0.02917	0.02040	0.01699	0.02984	0.02331	0.03509	0.01939	0.02261	0.01611	0.00876	0.00841	0.00196	0.00969	0.00674	0.00621	0.51258
64	0.02970	0.25936	0.16894	0.07803	0.03896	0.03219	0.02543	0.07860	0.02672	0.07794	0.02110	0.02368	0.01623	0.01067	0.00931	0.00295	0.01297	0.00788	0.00636	0.07299
65	0.01415	0.01011	0.01356	0.01617	0.01702	0.00952	0.01121	0.01643	0.02198	0.02922	0.06179	0.55067	0.07349	0.03485	0.01448	0.00463	0.00691	0.07412	0.01044	0.00926
66	0.01436	0.01144	0.01287	0.01251	0.01585	0.00995	0.00938	0.01820	0.02815	0.03634	0.28092	0.09855	0.35907	0.02629	0.01329	0.00370	0.00554	0.02238	0.01123	0.00995
67	0.03232	0.07636	0.02912	0.06569	0.03149	0.12896	0.01865	0.04062	0.11122	0.13153	0.03264	0.07976	0.02779	0.06684	0.01760	0.00424	0.07017	0.01217	0.00861	0.01423
68	0.21781	0.02289	0.03056	0.02800	0.09462	0.02280	0.06511	0.07822	0.02883	0.25739	0.03013	0.02986	0.02057	0.01201	0.01030	0.00349	0.01097	0.00983	0.00994	0.01669
69	0.01393	0.01126	0.01238	0.01245	0.01567	0.00971	0.00920	0.01723	0.02661	0.03350	0.20042	0.15299	0.38930	0.02798	0.01341	0.00382	0.00570	0.02385	0.01088	0.00971
70	0.02083	0.01206	0.01574	0.01580	0.01812	0.01123	0.01132	0.02366	0.02450	0.11228	0.14159	0.27311	0.06570	0.14109	0.02220	0.00550	0.00794	0.05604	0.01065	0.01065
71	0.02922	0.16679	0.13551	0.03339	0.09002	0.08064	0.11376	0.09304	0.02857	0.03691	0.02392	0.07303	0.02096	0.01269	0.01078	0.00332	0.01465	0.01105	0.00644	0.01533
72	0.20712	0.02885	0.06673	0.02251	0.03027	0.06360	0.01948	0.13542	0.09250	0.14008	0.02751	0.02781	0.01983	0.01313	0.01201	0.00358	0.05500	0.00926	0.00928	0.01602
73	0.02546	0.26275	0.31858	0.02595	0.03939	0.03210	0.03079	0.03429	0.02339	0.03229	0.01847	0.02158	0.01453	0.01009	0.00919	0.00297	0.01420	0.00731	0.00494	0.07171
74	0.02033	0.01308	0.01689	0.01537	0.01901	0.01183	0.01175	0.02501	0.02919	0.09210	0.34830	0.07697	0.08081	0.07626	0.01699	0.00421	0.00697	0.05603	0.01136	0.06752

[dist]
# distance from previous block
# <min> <max>
2	5

[block]
# block no. 3 follows, 11 sequences, length 18
# corresponding to MSA columns:
# 231-248
name=unknown_D
#
# <colnr> <probs for GDERKNQSTAVLIFYWHMCP>
#	G	D	E	R	K	N	Q	S	T	A	V	L	I	F	Y	W	H	M	C	P
0	0.14832	0.08220	0.26142	0.08160	0.04147	0.02543	0.02873	0.03799	0.02434	0.13347	0.02363	0.02575	0.01657	0.01124	0.00993	0.00347	0.01333	0.00848	0.00693	0.01572
1	0.01623	0.01144	0.01496	0.01496	0.01589	0.01237	0.01017	0.01809	0.01716	0.02381	0.03301	0.06006	0.03502	0.36425	0.28941	0.01423	0.01980	0.01438	0.00645	0.00831
2	0.01742	0.01145	0.01491	0.01581	0.01812	0.01054	0.01171	0.02080	0.02561	0.07077	0.16705	0.32615	0.13095	0.02971	0.01393	0.00426	0.00689	0.08242	0.01111	0.01040
3	0.08705	0.03956	0.23804	0.08748	0.04876	0.02818	0.13637	0.12490	0.02955	0.04328	0.02169	0.02603	0.01574	0.01100	0.01111	0.00359	0.01545	0.00977	0.00646	0.01598
4	0.17122	0.01930	0.02408	0.07529	0.03004	0.02121	0.01730	0.03460	0.02427	0.16848	0.08599	0.03584	0.02969	0.01992	0.05622	0.00474	0.10493	0.01065	0.00880	0.05745
5	0.01506	0.01025	0.01318	0.01473	0.01605	0.00962	0.01018	0.01813	0.02401	0.03384	0.15943	0.42034	0.07584	0.02998	0.01336	0.00412	0.00611	0.02692	0.08923	0.00962
6	0.02767	0.02443	0.07777	0.08923	0.09639	0.02201	0.06587	0.11609	0.03134	0.09406	0.11348	0.11754	0.04080	0.01686	0.01215	0.00367	0.01152	0.01509	0.00915	0.01488
7	0.03411	0.14574	0.18228	0.02884	0.08875	0.02683	0.02623	0.04359	0.07202	0.19849	0.02961	0.02949	0.02093	0.01189	0.01034	0.00331	0.01240	0.00944	0.00844	0.01726
8	0.01371	0.00979	0.01306	0.01567	0.01632	0.00914	0.01045	0.01567	0.02155	0.02873	0.06203	0.59710	0.07444	0.03526	0.01437	0.00457	0.00653	0.03200	0.01045	0.00914
9	0.16312	0.26775	0.09534	0.02137	0.03036	0.03427	0.02066	0.09048	0.02624	0.08421	0.02004	0.02210	0.01577	0.01150	0.01058	0.00315	0.05365	0.00753	0.00684	0.01506
10	0.09355	0.02545	0.09391	0.26927	0.17097	0.02403	0.02900	0.03062	0.02405	0.03560	0.07475	0.03333	0.02514	0.01208	0.01092	0.00358	0.01308	0.01051	0.00612	0.01404
11	0.02686	0.02584	0.04334	0.11725	0.43678	0.02734	0.03321	0.03320	0.02447	0.03498	0.02041	0.02775	0.01723	0.01112	0.01374	0.00354	0.07075	0.01001	0.00545	0.01673
12	0.01371	0.00979	0.01306	0.01567	0.01632	0.00914	0.01045	0.01567	0.02155	0.02873	0.06203	0.59710	0.07444	0.03526	0.01437	0.00457	0.00653	0.03200	0.01045	0.00914
13	0.02850	0.20971	0.12908	0.06576	0.12434	0.06420	0.02526	0.03449	0.02529	0.07845	0.03223	0.03436	0.07780	0.01277	0.01008	0.00316	0.01282	0.01008	0.00654	0.01506
14	0.02606	0.01741	0.02089	0.01816	0.02104	0.01903	0.01329	0.11584	0.02546	0.08821	0.03206	0.05279	0.03128	0.31545	0.08657	0.00864	0.07469	0.01351	0.00817	0.01144
15	0.02016	0.01370	0.01948	0.02235	0.08020	0.01291	0.01473	0.02459	0.02765	0.08450	0.24456	0.22186	0.07528	0.02488	0.01337	0.00397	0.00752	0.06550	0.01097	0.01183
16	0.03136	0.02829	0.08604	0.26363	0.10681	0.06536	0.02819	0.08665	0.02875	0.12881	0.02518	0.02960	0.01799	0.01182	0.01111	0.00353	0.01412	0.00988	0.00741	0.01548
17	0.18717	0.13322	0.06337	0.07143	0.03232	0.02770	0.01898	0.08636	0.07640	0.09475	0.07893	0.03216	0.02773	0.01291	0.00969	0.00334	0.01055	0.00976	0.00845	0.01478

[dist]
# distance from previous block
# <min> <max>
6	11

[block]
# block no. 4 follows, 11 sequences, length 23
# corresponding to MSA columns:
# 261-283
name=unknown_E
#
# <colnr> <probs for GDERKNQSTAVLIFYWHMCP>
#	G	D	E	R	K	N	Q	S	T	A	V	L	I	F	Y	W	H	M	C	P
0	0.10073	0.02553	0.02742	0.02258	0.02951	0.02834	0.01818	0.31313	0.07827	0.05773	0.03182	0.09717	0.02709	0.02263	0.06297	0.00495	0.01272	0.01272	0.01025	0.01628
1	0.03075	0.01940	0.03024	0.08391	0.09563	0.01810	0.06734	0.03602	0.02713	0.19875	0.07423	0.12238	0.03608	0.01602	0.01175	0.00348	0.01061	0.01453	0.00964	0.09403
2	0.04971	0.02042	0.02690	0.02063	0.02936	0.01842	0.01704	0.10014	0.03434	0.49375	0.04262	0.03715	0.02697	0.01389	0.01131	0.00347	0.00987	0.01120	0.01366	0.01915
3	0.02430	0.01532	0.02218	0.12216	0.06763	0.01550	0.01711	0.02830	0.02454	0.12994	0.09039	0.16378	0.04697	0.12494	0.02061	0.00519	0.01010	0.04956	0.00932	0.01216
4	0.02757	0.03355	0.09661	0.24482	0.10329	0.14450	0.02900	0.03658	0.07103	0.03176	0.02162	0.02761	0.01690	0.01213	0.01282	0.00359	0.05719	0.00944	0.00581	0.01416
5	0.02919	0.54501	0.11730	0.02079	0.03126	0.04233	0.02193	0.03393	0.02298	0.02758	0.01619	0.01874	0.01442	0.00976	0.00764	0.00255	0.01259	0.00629	0.00481	0.01471
6	0.01532	0.01124	0.01390	0.01363	0.01595	0.01032	0.00980	0.01923	0.02791	0.03820	0.35216	0.13946	0.16602	0.09480	0.01866	0.00457	0.00617	0.02164	0.01120	0.00983
7	0.03651	0.03187	0.20645	0.02352	0.03425	0.01917	0.02457	0.04402	0.02922	0.30423	0.09523	0.03883	0.03271	0.01391	0.01134	0.00352	0.01152	0.01138	0.01054	0.01723
8	0.07899	0.02208	0.02455	0.01807	0.02766	0.01915	0.01460	0.10721	0.02796	0.04351	0.02084	0.02356	0.01673	0.00937	0.00872	0.00210	0.00904	0.00720	0.00746	0.51120
9	0.03304	0.04358	0.35125	0.02756	0.04123	0.02254	0.03220	0.04284	0.02693	0.22542	0.02927	0.02921	0.01936	0.01191	0.01093	0.00353	0.01399	0.00944	0.00819	0.01758
10	0.01371	0.00979	0.01306	0.01567	0.01632	0.00914	0.01045	0.01567	0.02155	0.02873	0.06203	0.59710	0.07444	0.03526	0.01437	0.00457	0.00653	0.03200	0.01045	0.00914
11	0.02257	0.05822	0.54613	0.03208	0.04871	0.02614	0.04158	0.03564	0.02376	0.03564	0.02020	0.02376	0.01426	0.01069	0.01069	0.00356	0.01663	0.00832	0.00475	0.01663
12	0.02424	0.02305	0.03915	0.34740	0.28417	0.02579	0.03274	0.03137	0.02392	0.03238	0.02053	0.02903	0.01628	0.01070	0.01120	0.00357	0.01427	0.01001	0.00526	0.01491
13	0.01371	0.00979	0.01306	0.01567	0.01632	0.00914	0.01045	0.01567	0.02155	0.02873	0.06203	0.59710	0.07444	0.03526	0.01437	0.00457	0.00653	0.03200	0.01045	0.00914
14	0.02262	0.02140	0.03622	0.47236	0.17190	0.02537	0.03194	0.02995	0.02315	0.03041	0.02025	0.02956	0.01559	0.01100	0.01123	0.00367	0.01467	0.01001	0.00512	0.01360
15	0.02395	0.01350	0.01630	0.01444	0.01925	0.01168	0.01124	0.02785	0.02905	0.17119	0.20516	0.08316	0.28321	0.02315	0.01276	0.00365	0.00663	0.01953	0.01190	0.01238
16	0.02787	0.02643	0.04321	0.06343	0.47237	0.02690	0.03249	0.03764	0.08545	0.03803	0.02419	0.02959	0.01985	0.01067	0.01118	0.00340	0.01282	0.01036	0.00629	0.01783
17	0.05050	0.01915	0.02612	0.02003	0.02873	0.01654	0.01654	0.05485	0.03221	0.54203	0.04440	0.03831	0.02786	0.01393	0.01132	0.00348	0.00958	0.01132	0.01393	0.01915
18	0.01879	0.01192	0.01494	0.01387	0.01707	0.01092	0.01051	0.02379	0.03029	0.07911	0.39417	0.07791	0.13104	0.02166	0.01247	0.00345	0.00565	0.01882	0.09251	0.01111
19	0.03164	0.15320	0.03950	0.02524	0.03339	0.02816	0.10220	0.04583	0.18716	0.13666	0.07224	0.03717	0.03119	0.01333	0.01096	0.00341	0.01125	0.01166	0.00951	0.01630
20	0.02584	0.02469	0.04204	0.22431	0.39477	0.02621	0.03354	0.03278	0.02467	0.03432	0.02082	0.02851	0.01697	0.01040	0.01118	0.00347	0.01387	0.01002	0.00540	0.01620
21	0.03235	0.02151	0.02450	0.01990	0.02612	0.02250	0.01600	0.24614	0.04099	0.10731	0.20474	0.04936	0.05126	0.01684	0.01168	0.00338	0.00903	0.01386	0.06709	0.01544
22	0.02088	0.01774	0.02953	0.45289	0.06361	0.02164	0.02650	0.02564	0.02077	0.02672	0.01990	0.03094	0.01601	0.01741	0.01850	0.15171	0.01385	0.00995	0.00498	0.01082

[dist]
# distance from previous block
# <min> <max>
0	12

[block]
# block no. 5 follows, 11 sequences, length 19
# corresponding to MSA columns:
# 296-314
name=unknown_F
#
# <colnr> <probs for GDERKNQSTAVLIFYWHMCP>
#	G	D	E	R	K	N	Q	S	T	A	V	L	I	F	Y	W	H	M	C	P
0	0.03209	0.35301	0.12012	0.07991	0.03683	0.03433	0.02321	0.03762	0.02480	0.12934	0.02241	0.02411	0.01711	0.01080	0.00895	0.00293	0.01253	0.00781	0.00662	0.01548
1	0.01703	0.01228	0.01471	0.01440	0.01445	0.01328	0.00902	0.01745	0.01689	0.02296	0.03547	0.11208	0.04093	0.49465	0.05154	0.00974	0.07162	0.01698	0.00692	0.00760
2	0.01467	0.01039	0.01374	0.01608	0.01695	0.00991	0.01123	0.01690	0.02166	0.02875	0.05884	0.47020	0.06941	0.09524	0.01911	0.00534	0.00758	0.09489	0.01005	0.00908
3	0.01634	0.01191	0.01601	0.01756	0.01959	0.01200	0.01395	0.02001	0.02268	0.02986	0.05751	0.17699	0.10615	0.10078	0.12635	0.00806	0.01321	0.21222	0.00917	0.00966
4	0.21322	0.09092	0.09035	0.02560	0.03505	0.06573	0.10777	0.04039	0.02569	0.16666	0.02490	0.02633	0.01771	0.01118	0.00991	0.00339	0.01291	0.00908	0.00795	0.01529
5	0.02512	0.03119	0.14094	0.19278	0.32116	0.02618	0.03508	0.03327	0.02446	0.03448	0.02068	0.02761	0.01640	0.01047	0.01108	0.00349	0.01443	0.00969	0.00526	0.01622
6	0.01505	0.01124	0.01257	0.01236	0.01449	0.01028	0.00839	0.01741	0.02365	0.03064	0.18089	0.08985	0.25040	0.24070	0.02960	0.00638	0.00754	0.02023	0.00955	0.00877
7	0.02411	0.01456	0.02106	0.01934	0.02224	0.01629	0.01524	0.02711	0.02042	0.12692	0.03022	0.03994	0.02578	0.05902	0.34346	0.08096	0.08298	0.01144	0.00735	0.01155
8	0.03631	0.14704	0.04274	0.02697	0.03591	0.02780	0.12941	0.11982	0.03168	0.19212	0.03170	0.07512	0.02475	0.01363	0.01116	0.00340	0.01254	0.01213	0.00934	0.01643
9	0.01446	0.01025	0.01352	0.01586	0.01665	0.00973	0.01090	0.01656	0.02148	0.02855	0.05905	0.49328	0.06997	0.09322	0.01890	0.00529	0.00739	0.07585	0.01007	0.00903
10	0.02408	0.02289	0.03887	0.35975	0.27307	0.02575	0.03266	0.03123	0.02384	0.03219	0.02050	0.02909	0.01621	0.01073	0.01121	0.00358	0.01430	0.01001	0.00525	0.01478
11	0.02714	0.02732	0.04025	0.23479	0.32908	0.08212	0.03210	0.03370	0.02524	0.03312	0.02038	0.02778	0.01653	0.01060	0.01108	0.00343	0.01464	0.00973	0.00540	0.01555
12	0.02334	0.02001	0.02334	0.01667	0.02667	0.01500	0.01334	0.02834	0.02334	0.03668	0.02001	0.02334	0.01667	0.00834	0.00834	0.00167	0.00834	0.00667	0.00667	0.67325
13	0.02588	0.02473	0.04212	0.22112	0.39764	0.02622	0.03356	0.03281	0.02469	0.03437	0.02082	0.02850	0.01698	0.01039	0.01118	0.00346	0.01386	0.01002	0.00540	0.01624
14	0.03047	0.02362	0.02552	0.02259	0.02921	0.02673	0.01768	0.05926	0.46087	0.10157	0.04566	0.04159	0.03364	0.01512	0.01144	0.00378	0.00898	0.01257	0.01173	0.01796
15	0.04204	0.05364	0.03190	0.02900	0.03480	0.55926	0.02175	0.04494	0.03190	0.02755	0.01740	0.02030	0.01450	0.01160	0.01015	0.00290	0.02030	0.00725	0.00580	0.01305
16	0.01502	0.01117	0.01398	0.01392	0.01642	0.01013	0.01020	0.01923	0.02875	0.03927	0.36249	0.18457	0.18067	0.02634	0.01348	0.00378	0.00561	0.02318	0.01166	0.01013
17	0.02657	0.03036	0.06641	0.04744	0.05882	0.02846	0.49336	0.03605	0.02657	0.03605	0.02277	0.03036	0.01708	0.00949	0.01328	0.00380	0.01898	0.01328	0.00569	0.01518
18	0.01370	0.01093	0.01229	0.01299	0.01571	0.00951	0.00934	0.01654	0.02506	0.03145	0.14180	0.25386	0.34725	0.02997	0.01362	0.00401	0.00591	0.02589	0.01065	0.00951

[dist]
# distance from previous block
# <min> <max>
0	1

[block]
# block no. 6 follows, 11 sequences, length 57
# corresponding to MSA columns:
# 316-372
name=unknown_G
#
# <colnr> <probs for GDERKNQSTAVLIFYWHMCP>
#	G	D	E	R	K	N	Q	S	T	A	V	L	I	F	Y	W	H	M	C	P
0	0.02682	0.02964	0.06227	0.05176	0.15375	0.02812	0.40174	0.03575	0.02638	0.03620	0.02245	0.02986	0.01723	0.00960	0.01286	0.00370	0.01786	0.01263	0.00567	0.01571
1	0.02598	0.03479	0.14907	0.04227	0.05411	0.02800	0.36527	0.03830	0.07368	0.03706	0.02456	0.03031	0.01826	0.01027	0.01264	0.00376	0.01757	0.01233	0.00609	0.01570
2	0.04041	0.04174	0.03174	0.02655	0.03400	0.30313	0.02075	0.21585	0.03905	0.04506	0.02134	0.02318	0.01649	0.01199	0.01039	0.00296	0.01605	0.00829	0.00797	0.08305
3	0.02553	0.01866	0.02174	0.01835	0.02328	0.01930	0.01447	0.19113	0.03938	0.05435	0.34918	0.06369	0.07509	0.01962	0.01255	0.00348	0.00784	0.01670	0.01199	0.01366
4	0.01367	0.00994	0.01291	0.01527	0.01622	0.00918	0.01027	0.01572	0.02193	0.02889	0.06687	0.55159	0.11683	0.03463	0.01427	0.00450	0.00645	0.03123	0.01045	0.00918
5	0.02215	0.01344	0.01908	0.02215	0.06983	0.01255	0.01462	0.02531	0.02428	0.12271	0.05463	0.39675	0.05959	0.02855	0.01361	0.00431	0.00811	0.06582	0.01059	0.01191
6	0.02553	0.02417	0.04016	0.21083	0.35523	0.02515	0.03162	0.03230	0.02451	0.03445	0.02073	0.02806	0.01691	0.01022	0.01091	0.00330	0.01337	0.00971	0.00551	0.07732
7	0.01907	0.01664	0.02562	0.02307	0.02513	0.02053	0.04751	0.02301	0.01840	0.02702	0.02550	0.03801	0.02381	0.06207	0.38305	0.01360	0.17972	0.01154	0.00571	0.01099
8	0.03131	0.02472	0.04099	0.10962	0.39853	0.02473	0.03097	0.03765	0.02651	0.12727	0.02525	0.02995	0.01937	0.01085	0.01119	0.00341	0.01284	0.01026	0.00703	0.01755
9	0.02084	0.01627	0.02116	0.01849	0.02345	0.01646	0.01462	0.07124	0.02312	0.03366	0.02700	0.03664	0.02402	0.05597	0.35009	0.01201	0.02226	0.01036	0.00674	0.19560
10	0.01490	0.01042	0.01333	0.01520	0.01585	0.01002	0.01016	0.01661	0.02050	0.02724	0.05423	0.40228	0.06395	0.19701	0.02671	0.00644	0.00815	0.06899	0.00941	0.00860
11	0.01904	0.01251	0.01578	0.01532	0.01886	0.01137	0.01216	0.02358	0.02906	0.08723	0.27745	0.09467	0.20213	0.02521	0.01355	0.00393	0.00685	0.10859	0.01162	0.01110
12	0.03093	0.13717	0.08326	0.13614	0.04300	0.02812	0.06239	0.04349	0.14145	0.13638	0.03042	0.03172	0.02216	0.01223	0.01067	0.00345	0.01239	0.01028	0.00831	0.01605
13	0.01637	0.01091	0.01228	0.01228	0.01228	0.01091	0.00682	0.01637	0.01637	0.02182	0.03546	0.07365	0.04092	0.60445	0.05729	0.01091	0.01091	0.01637	0.00682	0.00682
14	0.01407	0.01005	0.01347	0.01608	0.01689	0.00945	0.01106	0.01628	0.02190	0.02913	0.06184	0.55942	0.07367	0.03493	0.01446	0.00462	0.00684	0.06618	0.01044	0.00924
15	0.09306	0.02177	0.03563	0.36665	0.10982	0.02475	0.07341	0.03291	0.02377	0.08027	0.02222	0.02940	0.01639	0.01113	0.01101	0.00366	0.01408	0.01005	0.00616	0.01387
16	0.03307	0.03044	0.09110	0.03922	0.16738	0.07359	0.10087	0.07727	0.03039	0.14108	0.07570	0.03466	0.02780	0.01250	0.01160	0.00345	0.01362	0.01140	0.00835	0.01651
17	0.02732	0.02921	0.03397	0.07809	0.03471	0.12391	0.02472	0.03031	0.02023	0.02731	0.01569	0.02436	0.01475	0.01756	0.03005	0.00447	0.43640	0.00942	0.00508	0.01246
18	0.39479	0.02057	0.02091	0.01719	0.02495	0.02127	0.01418	0.04302	0.02512	0.27488	0.02879	0.02743	0.01934	0.01204	0.00895	0.00348	0.00910	0.00848	0.01014	0.01537
19	0.02641	0.02126	0.02918	0.02098	0.03103	0.01690	0.07577	0.03193	0.02462	0.08598	0.02275	0.02571	0.01782	0.00903	0.00927	0.00212	0.00983	0.00798	0.00725	0.52418
20	0.03071	0.32240	0.21142	0.02444	0.03588	0.08598	0.02649	0.03739	0.02491	0.07756	0.01997	0.02201	0.01564	0.01057	0.00901	0.00293	0.01410	0.00738	0.00574	0.01546
21	0.01472	0.01132	0.01346	0.01321	0.01614	0.01006	0.00980	0.01879	0.02858	0.03801	0.32756	0.13641	0.26891	0.02618	0.01338	0.00373	0.00556	0.02266	0.01147	0.01006
22	0.01577	0.01127	0.01520	0.01565	0.01673	0.01212	0.01092	0.01803	0.01809	0.02508	0.03752	0.15024	0.04060	0.25665	0.29066	0.01325	0.01937	0.01701	0.00707	0.00877
23	0.09264	0.01831	0.02396	0.07481	0.03046	0.01956	0.04658	0.03551	0.14314	0.08494	0.04133	0.05242	0.07111	0.02134	0.01764	0.12473	0.01027	0.06975	0.00883	0.01269
24	0.02257	0.05822	0.54613	0.03208	0.04871	0.02614	0.04158	0.03564	0.02376	0.03564	0.02020	0.02376	0.01426	0.01069	0.01069	0.00356	0.01663	0.00832	0.00475	0.01663
25	0.01526	0.01148	0.01412	0.01346	0.01641	0.01034	0.01010	0.01995	0.03029	0.04141	0.42340	0.09021	0.21343	0.02440	0.01328	0.00361	0.00541	0.02122	0.01190	0.01034
26	0.10820	0.02145	0.03369	0.41276	0.15281	0.02535	0.02938	0.03036	0.02264	0.03302	0.01965	0.02810	0.01515	0.01093	0.01068	0.00364	0.01389	0.00950	0.00536	0.01342
27	0.18806	0.02752	0.02583	0.02120	0.02865	0.10692	0.01708	0.15370	0.03424	0.19567	0.06823	0.03188	0.02638	0.01340	0.01029	0.00337	0.01139	0.00994	0.01031	0.01594
28	0.03464	0.02325	0.10317	0.02030	0.02812	0.01722	0.01860	0.04272	0.07179	0.27698	0.08623	0.09552	0.03816	0.01639	0.01139	0.00356	0.00952	0.01375	0.07260	0.01607
29	0.01744	0.01443	0.02434	0.02189	0.02511	0.01593	0.07609	0.02216	0.01919	0.02741	0.02919	0.04242	0.02671	0.07472	0.48912	0.01624	0.02870	0.01222	0.00599	0.01071
30	0.02656	0.01399	0.01836	0.01624	0.02089	0.01254	0.01287	0.03131	0.03084	0.19674	0.29663	0.07595	0.12185	0.02143	0.01286	0.00369	0.00710	0.05451	0.01250	0.01313
31	0.11708	0.29418	0.13309	0.02240	0.03246	0.08303	0.02247	0.07007	0.02632	0.07759	0.01984	0.02164	0.01558	0.01074	0.00871	0.00296	0.01300	0.00729	0.00640	0.01514
32	0.02502	0.02159	0.02695	0.02999	0.12706	0.02350	0.01940	0.04534	0.29865	0.04455	0.15875	0.04945	0.04861	0.01611	0.01184	0.00365	0.00892	0.01405	0.01051	0.01606
33	0.01633	0.01170	0.01590	0.01749	0.01959	0.01127	0.01393	0.02069	0.02647	0.03567	0.19544	0.23924	0.07929	0.02987	0.01458	0.00455	0.00789	0.21902	0.01097	0.01011
34	0.28039	0.02546	0.02528	0.02106	0.02847	0.02844	0.01752	0.26133	0.03674	0.05844	0.02697	0.03667	0.02244	0.01464	0.01020	0.00365	0.01074	0.06663	0.00953	0.01539
35	0.11532	0.02233	0.03258	0.20023	0.18383	0.02411	0.02554	0.03900	0.07003	0.13799	0.02701	0.03065	0.01977	0.01171	0.01070	0.00355	0.01209	0.01002	0.00779	0.01577
36	0.01813	0.01430	0.02021	0.02451	0.11946	0.01345	0.01478	0.02179	0.02686	0.03651	0.25872	0.07239	0.18209	0.02386	0.01683	0.09014	0.00759	0.01776	0.00958	0.01104
37	0.01552	0.01654	0.08274	0.01813	0.02125	0.01186	0.01524	0.01957	0.02332	0.03179	0.10417	0.42463	0.06897	0.03042	0.01389	0.00439	0.00809	0.06919	0.00990	0.01038
38	0.02772	0.02235	0.03394	0.13659	0.24175	0.02340	0.02593	0.09933	0.02877	0.07516	0.03166	0.14253	0.02956	0.01607	0.01184	0.00367	0.01187	0.01452	0.00789	0.01546
39	0.03172	0.14409	0.04588	0.02988	0.03898	0.03178	0.16251	0.11502	0.16595	0.07491	0.02980	0.03113	0.02237	0.01203	0.01112	0.00344	0.01316	0.01106	0.00851	0.01664
40	0.11874	0.01996	0.02481	0.02111	0.02610	0.02181	0.01698	0.07872	0.02701	0.21973	0.03611	0.14326	0.03146	0.01897	0.01698	0.00401	0.13504	0.01434	0.01011	0.01475
41	0.10247	0.01265	0.01407	0.01445	0.01645	0.01278	0.01029	0.02006	0.02113	0.03115	0.09217	0.13083	0.09601	0.26806	0.03139	0.00702	0.00911	0.09230	0.00864	0.00894
