[name]
unknown

[dist]
# distance from previous block
# <min> <max>
0	14

[block]
# block no. 0 follows, 15 sequences, length 13
# corresponding to MSA columns:
# 14-26
name=unknown_A
#
# <colnr> <probs for GDERKNQSTAVLIFYWHMCP>
#	G	D	E	R	K	N	Q	S	T	A	V	L	I	F	Y	W	H	M	C	P
0	0.02368	0.01986	0.02850	0.08361	0.07040	0.02064	0.08923	0.14351	0.08052	0.03943	0.08414	0.04971	0.03364	0.01508	0.01102	0.00336	0.01048	0.12073	0.00808	0.06440
1	0.01655	0.01293	0.01703	0.01819	0.07179	0.01281	0.01212	0.02417	0.09727	0.03838	0.42768	0.06429	0.07510	0.05192	0.01344	0.00350	0.00608	0.01607	0.01002	0.01068
2	0.02624	0.02769	0.03454	0.15449	0.24409	0.15244	0.06445	0.03497	0.10252	0.03068	0.02108	0.02554	0.01673	0.01003	0.00988	0.00303	0.01327	0.00890	0.00564	0.01378
3	0.01312	0.01002	0.01204	0.01182	0.01436	0.00894	0.00875	0.01679	0.02546	0.03409	0.36569	0.13474	0.26184	0.02308	0.01186	0.00330	0.00492	0.02003	0.01022	0.00894
4	0.18252	0.08252	0.11594	0.02302	0.03113	0.17005	0.07102	0.07443	0.02504	0.10752	0.01954	0.02128	0.01443	0.01000	0.00872	0.00291	0.01279	0.00743	0.00644	0.01326
5	0.01383	0.01003	0.01271	0.01228	0.01436	0.00926	0.00892	0.01770	0.02583	0.03595	0.45486	0.11388	0.12515	0.08270	0.01562	0.00385	0.00529	0.01862	0.01024	0.00891
6	0.02467	0.02369	0.04046	0.06119	0.58747	0.02369	0.03059	0.03059	0.02270	0.03257	0.01875	0.02467	0.01579	0.00888	0.00987	0.00296	0.01184	0.00888	0.00493	0.01579
7	0.01775	0.00993	0.01469	0.01426	0.01426	0.01078	0.00993	0.01405	0.01321	0.01796	0.01691	0.02948	0.01691	0.03297	0.03836	0.64160	0.06899	0.00866	0.00433	0.00497
8	0.62177	0.02035	0.02089	0.01719	0.02391	0.02277	0.08707	0.02968	0.01789	0.04292	0.01477	0.01770	0.01141	0.00913	0.00696	0.00312	0.00900	0.00630	0.00601	0.01117
9	0.02728	0.02281	0.03821	0.05554	0.51444	0.02251	0.02852	0.03293	0.02346	0.10556	0.02143	0.02588	0.01695	0.00933	0.00989	0.00298	0.01141	0.00903	0.00590	0.01594
10	0.02187	0.04764	0.48360	0.03247	0.11296	0.06642	0.03473	0.03205	0.02179	0.03117	0.01782	0.02129	0.01305	0.00945	0.00949	0.00309	0.01460	0.00749	0.00437	0.01464
11	0.02802	0.02233	0.02352	0.02133	0.05256	0.06204	0.01599	0.16776	0.22703	0.08516	0.09505	0.04128	0.08506	0.01445	0.01033	0.00316	0.00897	0.01181	0.00967	0.01450
12	0.01563	0.01226	0.01681	0.01606	0.01694	0.01464	0.01194	0.01777	0.01539	0.02202	0.02592	0.04483	0.02664	0.25552	0.32543	0.01191	0.12498	0.01161	0.00540	0.00830

[dist]
# distance from previous block
# <min> <max>
0	1

[block]
# block no. 1 follows, 15 sequences, length 8
# corresponding to MSA columns:
# 28-35
name=unknown_B
#
# <colnr> <probs for GDERKNQSTAVLIFYWHMCP>
#	G	D	E	R	K	N	Q	S	T	A	V	L	I	F	Y	W	H	M	C	P
0	0.09125	0.42925	0.04198	0.01795	0.02587	0.07903	0.01657	0.07627	0.02372	0.09200	0.01765	0.01882	0.01429	0.00944	0.00728	0.00243	0.01076	0.00625	0.00587	0.01333
1	0.01357	0.01001	0.01268	0.01235	0.01464	0.00912	0.00913	0.01764	0.02644	0.03654	0.45647	0.14024	0.15965	0.02226	0.01187	0.00327	0.00487	0.01959	0.01054	0.00912
2	0.02172	0.20836	0.45634	0.02547	0.03859	0.02738	0.03170	0.03112	0.02084	0.02946	0.01684	0.01973	0.01267	0.00923	0.00867	0.00289	0.01368	0.00684	0.00422	0.01423
3	0.01347	0.00994	0.01259	0.01240	0.01462	0.00906	0.00912	0.01740	0.02602	0.03586	0.43174	0.16510	0.16021	0.02275	0.01191	0.00331	0.00492	0.02005	0.01046	0.00906
4	0.02665	0.65565	0.05224	0.01706	0.02559	0.03945	0.01706	0.02985	0.02026	0.02345	0.01386	0.01599	0.01279	0.00853	0.00640	0.00213	0.01066	0.00533	0.00426	0.01279
5	0.01852	0.01516	0.01707	0.01681	0.02032	0.01637	0.01276	0.03321	0.27961	0.03445	0.08170	0.21933	0.10708	0.02131	0.01144	0.00366	0.00694	0.06258	0.00976	0.01192
6	0.03355	0.10343	0.09372	0.02351	0.03200	0.07413	0.05045	0.29038	0.07071	0.09540	0.02367	0.02415	0.01714	0.01110	0.00954	0.00293	0.01180	0.00858	0.00825	0.01554
7	0.09252	0.02491	0.10305	0.02923	0.03751	0.02113	0.26012	0.03272	0.06794	0.09513	0.02791	0.11208	0.02377	0.01263	0.01076	0.00338	0.01249	0.01269	0.00687	0.01318

[dist]
# distance from previous block
# <min> <max>
0	1

[block]
# block no. 2 follows, 15 sequences, length 23
# corresponding to MSA columns:
# 37-59
name=unknown_C
#
# <colnr> <probs for GDERKNQSTAVLIFYWHMCP>
#	G	D	E	R	K	N	Q	S	T	A	V	L	I	F	Y	W	H	M	C	P
0	0.02344	0.01969	0.02318	0.02035	0.06752	0.01845	0.01480	0.09085	0.14980	0.03848	0.05957	0.02854	0.02371	0.01024	0.00877	0.00230	0.00807	0.00848	0.00758	0.37618
1	0.36727	0.01849	0.01769	0.01394	0.02147	0.01779	0.01131	0.02718	0.01884	0.03855	0.01582	0.01845	0.01280	0.00831	0.00678	0.00227	0.00755	0.00565	0.00604	0.36379
2	0.02633	0.01377	0.01768	0.01626	0.02016	0.01302	0.01224	0.08920	0.02558	0.22474	0.04596	0.36175	0.04605	0.02250	0.01148	0.00359	0.00732	0.01979	0.01040	0.01217
3	0.02125	0.10335	0.02209	0.01554	0.01962	0.01732	0.01262	0.02811	0.08703	0.10370	0.33998	0.05384	0.06200	0.01679	0.01196	0.00310	0.04649	0.01393	0.00968	0.01160
4	0.01363	0.00930	0.01113	0.01199	0.01220	0.00908	0.00723	0.01427	0.01620	0.02160	0.04013	0.27947	0.04725	0.42040	0.03665	0.00758	0.00823	0.01963	0.00723	0.00680
5	0.02397	0.02297	0.03919	0.12927	0.52489	0.02350	0.03024	0.02998	0.02237	0.03171	0.01863	0.02490	0.01549	0.00901	0.00988	0.00300	0.01202	0.00888	0.00487	0.01522
6	0.03330	0.02249	0.02484	0.02077	0.02683	0.05722	0.01679	0.14944	0.20067	0.20366	0.03381	0.03521	0.02504	0.01373	0.01198	0.00331	0.05848	0.03711	0.00995	0.01538
7	0.02425	0.02528	0.04899	0.10341	0.04918	0.02525	0.38725	0.07368	0.09075	0.03475	0.02264	0.02787	0.01691	0.00947	0.01123	0.00333	0.01489	0.01117	0.00597	0.01373
8	0.01208	0.00892	0.01132	0.01324	0.01429	0.00815	0.00897	0.01395	0.01970	0.02570	0.06275	0.55045	0.15360	0.03022	0.01256	0.00393	0.00566	0.02710	0.00925	0.00815
9	0.01857	0.01064	0.01288	0.01223	0.01367	0.01061	0.00807	0.02004	0.01712	0.09121	0.03184	0.05473	0.03209	0.42212	0.11788	0.00892	0.01130	0.01285	0.08511	0.00812
10	0.03969	0.02505	0.02814	0.02157	0.02948	0.02665	0.01782	0.42150	0.04206	0.20235	0.02798	0.02656	0.01898	0.01206	0.00999	0.00302	0.01032	0.00925	0.01059	0.01696
11	0.01215	0.00868	0.01157	0.01388	0.01446	0.00810	0.00925	0.01388	0.01909	0.02545	0.05495	0.64315	0.06593	0.03123	0.01272	0.00405	0.00578	0.02834	0.00925	0.00810
12	0.02513	0.02087	0.02196	0.01959	0.02511	0.02396	0.01528	0.08197	0.49356	0.04267	0.03890	0.03636	0.02920	0.01328	0.00988	0.00327	0.00783	0.01097	0.06488	0.01534
13	0.51980	0.02132	0.02028	0.02026	0.08510	0.02404	0.01448	0.12353	0.02297	0.04661	0.01623	0.01853	0.01246	0.00970	0.00727	0.00305	0.00876	0.00643	0.00671	0.01246
14	0.01411	0.01019	0.01333	0.01254	0.01489	0.00941	0.00941	0.01881	0.02822	0.03998	0.58221	0.07447	0.09406	0.02038	0.01176	0.00314	0.00470	0.01803	0.01097	0.00941
15	0.02220	0.01767	0.02083	0.01495	0.02374	0.01338	0.01199	0.02660	0.02117	0.06828	0.01910	0.02152	0.01540	0.00770	0.00755	0.00158	0.00745	0.00617	0.00632	0.66640
16	0.02040	0.01546	0.01837	0.01408	0.02107	0.01216	0.01113	0.02462	0.02287	0.07747	0.12956	0.03977	0.09350	0.01210	0.00887	0.00211	0.00673	0.01009	0.00769	0.45197
17	0.02352	0.37134	0.30910	0.02240	0.03385	0.03178	0.02636	0.03066	0.02063	0.02727	0.01576	0.01837	0.01272	0.00897	0.00784	0.00261	0.01258	0.00629	0.00424	0.01371
18	0.01883	0.01772	0.02990	0.62569	0.06866	0.02215	0.02769	0.02547	0.01993	0.02547	0.01772	0.02658	0.01329	0.00997	0.00997	0.00332	0.01329	0.00886	0.00443	0.01107
19	0.01868	0.01957	0.03793	0.02837	0.03540	0.01799	0.31401	0.02478	0.02384	0.03132	0.11351	0.05446	0.20433	0.01517	0.01177	0.00334	0.01163	0.01545	0.00709	0.01137
20	0.02467	0.02369	0.04046	0.06119	0.58747	0.02369	0.03059	0.03059	0.02270	0.03257	0.01875	0.02467	0.01579	0.00888	0.00987	0.00296	0.01184	0.00888	0.00493	0.01579
21	0.01299	0.00994	0.01190	0.01184	0.01431	0.00886	0.00872	0.01648	0.02494	0.03318	0.33288	0.16189	0.26863	0.02367	0.01190	0.00335	0.00498	0.02057	0.01011	0.00886
22	0.01726	0.01319	0.01661	0.01785	0.02056	0.01386	0.01455	0.02673	0.14934	0.03166	0.05040	0.20808	0.05293	0.02506	0.01270	0.00419	0.00816	0.29695	0.00942	0.01049

[dist]
# distance from previous block
# <min> <max>
9	12

[block]
# block no. 3 follows, 15 sequences, length 6
# corresponding to MSA columns:
# 72-77
name=unknown_D
#
# <colnr> <probs for GDERKNQSTAVLIFYWHMCP>
#	G	D	E	R	K	N	Q	S	T	A	V	L	I	F	Y	W	H	M	C	P
0	0.02464	0.46137	0.15571	0.01902	0.02880	0.03314	0.02032	0.02963	0.02046	0.02612	0.01511	0.01754	0.01299	0.00858	0.00712	0.00226	0.01107	0.00580	0.00445	0.09588
1	0.01509	0.00900	0.01278	0.01398	0.01449	0.00877	0.00978	0.01426	0.01662	0.02208	0.03668	0.28688	0.04165	0.03242	0.02541	0.34203	0.00756	0.07723	0.00689	0.00642
2	0.26926	0.05363	0.02375	0.12134	0.03147	0.02255	0.01630	0.10046	0.05724	0.17791	0.02367	0.02456	0.01670	0.01069	0.00850	0.00308	0.00944	0.00793	0.00800	0.01354
3	0.02588	0.09884	0.03938	0.04150	0.28581	0.02658	0.08989	0.07854	0.14372	0.03588	0.02353	0.02659	0.01864	0.01005	0.00976	0.00301	0.01139	0.00935	0.00642	0.01524
4	0.02219	0.01439	0.02013	0.01756	0.02157	0.01418	0.07473	0.06223	0.06836	0.10586	0.03936	0.23310	0.03726	0.01793	0.01027	0.00324	0.00764	0.01606	0.20253	0.01141
5	0.45663	0.02253	0.01907	0.01646	0.02238	0.09482	0.01334	0.03400	0.02051	0.14750	0.01896	0.02024	0.01390	0.01053	0.00906	0.00311	0.05111	0.00665	0.00712	0.01210

[dist]
# distance from previous block
# <min> <max>
0	4

[block]
# block no. 4 follows, 15 sequences, length 17
# corresponding to MSA columns:
# 82-98
name=unknown_E
#
# <colnr> <probs for GDERKNQSTAVLIFYWHMCP>
#	G	D	E	R	K	N	Q	S	T	A	V	L	I	F	Y	W	H	M	C	P
0	0.02501	0.01373	0.01749	0.01485	0.02008	0.01160	0.01147	0.02847	0.02397	0.21707	0.10842	0.18742	0.09051	0.01788	0.01045	0.00299	0.00684	0.01544	0.00974	0.16657
1	0.02638	0.02121	0.03523	0.19045	0.37528	0.02191	0.02742	0.03215	0.02294	0.11802	0.02170	0.02657	0.01657	0.00968	0.00992	0.00307	0.01167	0.00905	0.00596	0.01484
2	0.02444	0.11510	0.17158	0.13677	0.16381	0.02399	0.02613	0.03251	0.05422	0.08383	0.02087	0.02430	0.01582	0.00967	0.00918	0.00290	0.01179	0.00808	0.00565	0.05935
3	0.50509	0.02614	0.01993	0.02000	0.06915	0.15766	0.01439	0.03183	0.02004	0.03904	0.01464	0.01731	0.01168	0.00946	0.00713	0.00296	0.01042	0.00592	0.00583	0.01139
4	0.02572	0.02201	0.03794	0.04155	0.25671	0.02167	0.15034	0.07738	0.02560	0.08297	0.02759	0.04209	0.02415	0.01277	0.01106	0.00337	0.01218	0.10383	0.00683	0.01422
5	0.02321	0.02101	0.03160	0.15305	0.30048	0.02276	0.02450	0.03519	0.16977	0.03400	0.02535	0.02923	0.01991	0.01052	0.00977	0.00310	0.01058	0.00955	0.05194	0.01448
6	0.01202	0.00919	0.01104	0.01252	0.01410	0.00821	0.00865	0.01403	0.02039	0.02598	0.07149	0.44647	0.25193	0.02908	0.01239	0.00380	0.00552	0.02572	0.00926	0.00821
7	0.01869	0.01417	0.01763	0.01839	0.02149	0.01497	0.01519	0.06081	0.13609	0.03376	0.04873	0.16910	0.05048	0.02420	0.01263	0.00416	0.00853	0.31066	0.00944	0.01088
8	0.01478	0.01058	0.01452	0.01633	0.01821	0.01031	0.01333	0.01868	0.02281	0.03032	0.13596	0.23885	0.06523	0.02734	0.01319	0.00423	0.00763	0.31927	0.00948	0.00895
9	0.01526	0.01083	0.01480	0.01687	0.01866	0.01074	0.01394	0.01892	0.02147	0.02807	0.05102	0.19581	0.05670	0.08976	0.01726	0.00500	0.00866	0.38865	0.00888	0.00869
10	0.72007	0.01928	0.01465	0.01311	0.01928	0.02236	0.01080	0.02930	0.01697	0.04473	0.01388	0.01619	0.01080	0.00925	0.00617	0.00308	0.00771	0.00540	0.00617	0.01080
11	0.03359	0.02578	0.02749	0.02207	0.02927	0.02890	0.01791	0.38930	0.21882	0.05588	0.02941	0.02830	0.02139	0.01248	0.01003	0.00312	0.00996	0.00973	0.01003	0.01657
12	0.03966	0.01810	0.02298	0.01839	0.02557	0.01723	0.01494	0.04970	0.16603	0.45389	0.03965	0.03476	0.02614	0.01264	0.01006	0.00316	0.00833	0.01034	0.01178	0.01666
13	0.09179	0.14399	0.21739	0.06328	0.03378	0.02314	0.02296	0.03626	0.02294	0.21703	0.02388	0.02435	0.01653	0.01026	0.00884	0.00295	0.01120	0.00781	0.00710	0.01451
14	0.03157	0.02765	0.15608	0.02862	0.12805	0.02132	0.02300	0.08591	0.12242	0.22679	0.02980	0.02913	0.02076	0.01127	0.00989	0.00312	0.01059	0.00936	0.00863	0.01605
15	0.01673	0.01163	0.01581	0.01704	0.06474	0.01074	0.01141	0.02086	0.02598	0.07601	0.37537	0.14657	0.12697	0.02077	0.01160	0.00326	0.00577	0.01836	0.01015	0.01022
16	0.02260	0.02296	0.11770	0.01763	0.02614	0.01592	0.01638	0.07756	0.02392	0.07726	0.03013	0.08190	0.06704	0.01210	0.00902	0.00241	0.00873	0.00996	0.00707	0.35358

[dist]
# distance from previous block
# <min> <max>
2	4

[block]
# block no. 5 follows, 15 sequences, length 20
# corresponding to MSA columns:
# 103-122
name=unknown_F
#
# <colnr> <probs for GDERKNQSTAVLIFYWHMCP>
#	G	D	E	R	K	N	Q	S	T	A	V	L	I	F	Y	W	H	M	C	P
0	0.07581	0.02557	0.11134	0.03401	0.19765	0.02182	0.05667	0.03931	0.13455	0.16086	0.02743	0.02834	0.01993	0.01068	0.00977	0.00314	0.01073	0.00935	0.00764	0.01541
1	0.07494	0.15089	0.08607	0.02713	0.06654	0.17972	0.09159	0.03565	0.09722	0.03008	0.01936	0.02222	0.01557	0.01037	0.01044	0.00293	0.05272	0.00791	0.00557	0.01307
2	0.03028	0.02483	0.15752	0.02262	0.03114	0.01693	0.08648	0.03634	0.02486	0.28306	0.03763	0.07379	0.05881	0.01425	0.01068	0.00333	0.01067	0.05348	0.00894	0.01437
3	0.01829	0.01664	0.02448	0.01858	0.02547	0.01390	0.11254	0.02312	0.02286	0.03242	0.12662	0.04631	0.14690	0.01342	0.00984	0.00250	0.00824	0.01214	0.00726	0.31847
4	0.02533	0.01937	0.02870	0.03180	0.18848	0.01959	0.06117	0.03663	0.16644	0.12155	0.15148	0.04044	0.03808	0.01310	0.01053	0.00316	0.00914	0.01191	0.00874	0.01438
5	0.01450	0.00966	0.01087	0.01087	0.01087	0.00966	0.00604	0.01450	0.01450	0.01933	0.03141	0.06524	0.03624	0.64965	0.05074	0.00966	0.00966	0.01450	0.00604	0.00604
6	0.01418	0.01020	0.01358	0.01389	0.01594	0.00960	0.01068	0.01839	0.02574	0.03569	0.39527	0.17240	0.08245	0.02350	0.01230	0.00356	0.00575	0.11738	0.01035	0.00915
7	0.01999	0.05157	0.59800	0.02841	0.04315	0.02315	0.03683	0.03157	0.02105	0.03157	0.01789	0.02105	0.01263	0.00947	0.00947	0.00316	0.01473	0.00737	0.00421	0.01473
8	0.02665	0.65565	0.05224	0.01706	0.02559	0.03945	0.01706	0.02985	0.02026	0.02345	0.01386	0.01599	0.01279	0.00853	0.00640	0.00213	0.01066	0.00533	0.00426	0.01279
9	0.01215	0.00868	0.01157	0.01388	0.01446	0.00810	0.00925	0.01388	0.01909	0.02545	0.05495	0.64315	0.06593	0.03123	0.01272	0.00405	0.00578	0.02834	0.00925	0.00810
10	0.02067	0.01772	0.02067	0.01477	0.02362	0.01329	0.01181	0.02510	0.02067	0.03248	0.01772	0.02067	0.01477	0.00738	0.00738	0.00148	0.00738	0.00591	0.00591	0.71059
11	0.01999	0.05157	0.59800	0.02841	0.04315	0.02315	0.03683	0.03157	0.02105	0.03157	0.01789	0.02105	0.01263	0.00947	0.00947	0.00316	0.01473	0.00737	0.00421	0.01473
12	0.08868	0.25290	0.14411	0.06594	0.03385	0.02983	0.04905	0.12808	0.02568	0.06856	0.01860	0.02084	0.01422	0.00973	0.00837	0.00277	0.01161	0.00727	0.00601	0.01391
13	0.02054	0.04776	0.51491	0.03051	0.04453	0.02347	0.11611	0.03163	0.02143	0.03163	0.01824	0.02195	0.01301	0.00931	0.00982	0.00319	0.01505	0.00804	0.00434	0.01453
14	0.02245	0.02479	0.05219	0.17583	0.05590	0.02451	0.43123	0.03045	0.02271	0.03045	0.01961	0.02682	0.01470	0.00876	0.01135	0.00335	0.01600	0.01110	0.00490	0.01290
15	0.02365	0.38340	0.19907	0.02041	0.02989	0.03154	0.02210	0.03128	0.06554	0.02720	0.01821	0.02100	0.01517	0.01448	0.05567	0.00363	0.01285	0.00682	0.00482	0.01327
16	0.08468	0.02064	0.02350	0.01998	0.02418	0.06944	0.01614	0.03579	0.09170	0.19627	0.10439	0.03390	0.02981	0.01463	0.01625	0.00344	0.18329	0.01027	0.00855	0.01312
17	0.03045	0.01661	0.02063	0.01801	0.02319	0.01641	0.01437	0.13245	0.06631	0.24520	0.04203	0.19359	0.03787	0.01891	0.01115	0.00351	0.00832	0.07666	0.01059	0.01372
18	0.25573	0.12929	0.15269	0.01950	0.02789	0.07652	0.01923	0.03531	0.09211	0.07662	0.02024	0.02143	0.01527	0.01006	0.00798	0.00294	0.01071	0.00702	0.00631	0.01315
19	0.02294	0.01529	0.01826	0.01749	0.02136	0.01603	0.01358	0.03516	0.22333	0.12351	0.04512	0.18283	0.04258	0.06368	0.01416	0.00414	0.00790	0.11040	0.00984	0.01241

[dist]
# distance from previous block
# <min> <max>
0	1

[block]
# block no. 6 follows, 15 sequences, length 37
# corresponding to MSA columns:
# 124-160
name=unknown_G
#
# <colnr> <probs for GDERKNQSTAVLIFYWHMCP>
#	G	D	E	R	K	N	Q	S	T	A	V	L	I	F	Y	W	H	M	C	P
0	0.11033	0.10260	0.12941	0.03167	0.18564	0.02427	0.02321	0.09152	0.02530	0.15081	0.02223	0.02384	0.01626	0.01003	0.00900	0.00294	0.01093	0.00804	0.00694	0.01504
1	0.07524	0.02793	0.09901	0.22122	0.19954	0.10935	0.02625	0.03162	0.02245	0.06813	0.01888	0.02386	0.01444	0.00976	0.00947	0.00306	0.01302	0.00816	0.00531	0.01329
2	0.01439	0.01009	0.01304	0.01304	0.01379	0.01084	0.00874	0.01589	0.01514	0.02093	0.02943	0.05426	0.03148	0.40763	0.28625	0.01234	0.01684	0.01289	0.00575	0.00724
3	0.41525	0.02011	0.02134	0.19245	0.03534	0.02357	0.01691	0.10606	0.02226	0.04182	0.01649	0.02036	0.01243	0.00986	0.00784	0.00314	0.00981	0.00693	0.00623	0.01179
4	0.03371	0.01804	0.02252	0.01679	0.02502	0.01516	0.01370	0.07269	0.02633	0.31169	0.02880	0.02743	0.01980	0.01014	0.00886	0.00237	0.00817	0.00815	0.00936	0.32127
5	0.72007	0.01928	0.01465	0.01311	0.01928	0.02236	0.01080	0.02930	0.01697	0.04473	0.01388	0.01619	0.01080	0.00925	0.00617	0.00308	0.00771	0.00540	0.00617	0.01080
6	0.01261	0.00901	0.01211	0.01442	0.01520	0.00850	0.01007	0.01469	0.01955	0.02597	0.05469	0.57968	0.06491	0.03079	0.01285	0.00411	0.00619	0.08718	0.00925	0.00823
7	0.02309	0.02676	0.13965	0.02870	0.06465	0.02318	0.13083	0.03286	0.10450	0.07148	0.08977	0.03232	0.02667	0.01302	0.01530	0.00347	0.14293	0.01069	0.00672	0.01339
8	0.03724	0.04751	0.02825	0.02568	0.03082	0.60963	0.01926	0.03981	0.02825	0.02440	0.01541	0.01798	0.01284	0.01027	0.00899	0.00257	0.01798	0.00642	0.00514	0.01156
9	0.01215	0.00868	0.01157	0.01388	0.01446	0.00810	0.00925	0.01388	0.01909	0.02545	0.05495	0.64315	0.06593	0.03123	0.01272	0.00405	0.00578	0.02834	0.00925	0.00810
10	0.72007	0.01928	0.01465	0.01311	0.01928	0.02236	0.01080	0.02930	0.01697	0.04473	0.01388	0.01619	0.01080	0.00925	0.00617	0.00308	0.00771	0.00540	0.00617	0.01080
11	0.03724	0.04751	0.02825	0.02568	0.03082	0.60963	0.01926	0.03981	0.02825	0.02440	0.01541	0.01798	0.01284	0.01027	0.00899	0.00257	0.01798	0.00642	0.00514	0.01156
12	0.02480	0.02141	0.02254	0.02029	0.02592	0.02480	0.01578	0.05297	0.56946	0.04170	0.04057	0.03719	0.03043	0.01352	0.01014	0.00338	0.00789	0.01127	0.01014	0.01578
13	0.01858	0.00929	0.00929	0.00929	0.01161	0.00929	0.00697	0.02323	0.02091	0.03717	0.03252	0.03717	0.02555	0.01161	0.00697	0.00232	0.00465	0.00929	0.70499	0.00929
14	0.01424	0.01068	0.01602	0.01602	0.01780	0.01246	0.01246	0.01780	0.01602	0.02314	0.02670	0.03916	0.02492	0.07477	0.61015	0.01602	0.02670	0.01068	0.00534	0.00890
15	0.02154	0.01252	0.01742	0.01824	0.02157	0.01208	0.01579	0.02599	0.02402	0.13770	0.05021	0.09745	0.05113	0.02463	0.01305	0.00430	0.00905	0.42286	0.00978	0.01067
16	0.03724	0.04751	0.02825	0.02568	0.03082	0.60963	0.01926	0.03981	0.02825	0.02440	0.01541	0.01798	0.01284	0.01027	0.00899	0.00257	0.01798	0.00642	0.00514	0.01156
17	0.03844	0.02705	0.02938	0.02252	0.03048	0.02963	0.01861	0.51413	0.04542	0.10498	0.02516	0.02473	0.01757	0.01200	0.00998	0.00300	0.01077	0.00906	0.01016	0.01695
18	0.02214	0.01807	0.01946	0.01772	0.02239	0.02032	0.01369	0.04349	0.41157	0.04092	0.14326	0.04431	0.04210	0.01465	0.01014	0.00323	0.00696	0.01237	0.07931	0.01392
19	0.01307	0.00963	0.01229	0.01307	0.01484	0.00884	0.00946	0.01623	0.02336	0.03150	0.26415	0.31272	0.15300	0.02596	0.01227	0.00363	0.00546	0.05190	0.00991	0.00871
20	0.02353	0.02689	0.05882	0.04202	0.05210	0.02521	0.55126	0.03193	0.02353	0.03193	0.02017	0.02689	0.01513	0.00840	0.01176	0.00336	0.01681	0.01176	0.00504	0.01345
21	0.01858	0.00929	0.00929	0.00929	0.01161	0.00929	0.00697	0.02323	0.02091	0.03717	0.03252	0.03717	0.02555	0.01161	0.00697	0.00232	0.00465	0.00929	0.70499	0.00929
22	0.01298	0.00927	0.01252	0.01483	0.01577	0.00881	0.01070	0.01532	0.01990	0.02638	0.05449	0.53076	0.06412	0.03045	0.01295	0.00416	0.00650	0.13254	0.00924	0.00833
23	0.01719	0.01302	0.01797	0.08852	0.02372	0.01486	0.01357	0.07129	0.01923	0.02655	0.02635	0.04167	0.02514	0.18253	0.36030	0.01186	0.01993	0.01110	0.00584	0.00935
24	0.16779	0.01792	0.02266	0.05172	0.02678	0.01810	0.01537	0.04123	0.02456	0.40271	0.03074	0.02899	0.02028	0.01213	0.01155	0.00322	0.07047	0.00896	0.00995	0.01488
25	0.01463	0.01016	0.01282	0.01239	0.01480	0.00947	0.00945	0.01918	0.02663	0.03811	0.44942	0.07397	0.11492	0.02013	0.01132	0.00315	0.00502	0.05136	0.09373	0.00931
26	0.09348	0.02632	0.14089	0.02339	0.03324	0.01880	0.13117	0.03103	0.02192	0.10060	0.02047	0.02320	0.01522	0.00878	0.00891	0.00256	0.01097	0.00787	0.00619	0.27499
27	0.15441	0.07763	0.28731	0.02089	0.03191	0.02137	0.02349	0.02921	0.02011	0.03378	0.01680	0.01967	0.01289	0.00878	0.00804	0.00260	0.01105	0.00644	0.00506	0.20857
28	0.01215	0.00868	0.01157	0.01388	0.01446	0.00810	0.00925	0.01388	0.01909	0.02545	0.05495	0.64315	0.06593	0.03123	0.01272	0.00405	0.00578	0.02834	0.00925	0.00810
29	0.01836	0.01697	0.02825	0.56480	0.06332	0.02088	0.02587	0.02481	0.02076	0.02691	0.07378	0.03133	0.02131	0.01100	0.01014	0.00330	0.01244	0.00977	0.00508	0.01091
30	0.02506	0.12979	0.38066	0.02615	0.03842	0.02602	0.05819	0.10084	0.02493	0.07082	0.01962	0.02186	0.01413	0.00979	0.00926	0.00300	0.01338	0.00770	0.00554	0.01483
31	0.03410	0.05472	0.02428	0.01811	0.02482	0.02105	0.01487	0.19338	0.09700	0.23817	0.03770	0.03559	0.06681	0.01311	0.00966	0.00299	0.00862	0.01040	0.07947	0.01515
32	0.01238	0.00886	0.01178	0.01372	0.01451	0.00825	0.00927	0.01447	0.02018	0.02719	0.11800	0.57514	0.06930	0.02993	0.01261	0.00394	0.00565	0.02711	0.00946	0.00825
33	0.07463	0.02288	0.11570	0.01825	0.02450	0.06254	0.01670	0.03099	0.05098	0.16049	0.06788	0.07912	0.09428	0.02474	0.10624	0.00524	0.01233	0.01206	0.00808	0.01236
34	0.16366	0.07487	0.02870	0.05938	0.11837	0.08691	0.01877	0.13181	0.08132	0.10961	0.02272	0.02403	0.01693	0.01059	0.00886	0.00296	0.01072	0.00807	0.00748	0.01425
35	0.02292	0.01576	0.02397	0.05475	0.08151	0.01684	0.05008	0.05565	0.02046	0.11025	0.02511	0.03492	0.02165	0.09591	0.19230	0.09210	0.05815	0.01028	0.00641	0.01097
36	0.10342	0.02320	0.07978	0.01898	0.02712	0.02026	0.01676	0.11625	0.12395	0.19835	0.02842	0.02740	0.02005	0.01095	0.00908	0.00283	0.00908	0.00857	0.00894	0.14662

[dist]
# distance from previous block
# <min> <max>
2	26

[block]
# block no. 7 follows, 15 sequences, length 44
# corresponding to MSA columns:
# 187-230
name=unknown_H
#
# <colnr> <probs for GDERKNQSTAVLIFYWHMCP>
#	G	D	E	R	K	N	Q	S	T	A	V	L	I	F	Y	W	H	M	C	P
0	0.17239	0.01954	0.02207	0.05934	0.02730	0.02006	0.01494	0.14288	0.05928	0.17975	0.02759	0.06987	0.02136	0.01220	0.00905	0.00294	0.00879	0.00959	0.00878	0.11227
1	0.17544	0.36528	0.03803	0.06926	0.02832	0.07315	0.01659	0.03174	0.02084	0.07894	0.01657	0.01868	0.01347	0.00927	0.00716	0.00255	0.01059	0.00614	0.00546	0.01250
2	0.43781	0.01929	0.01792	0.01456	0.02168	0.01998	0.01191	0.06579	0.02085	0.08189	0.01742	0.01919	0.01327	0.00916	0.00703	0.00265	0.00790	0.00611	0.00680	0.19879
3	0.12820	0.02869	0.02396	0.02070	0.02689	0.17716	0.01620	0.12442	0.22608	0.04032	0.02589	0.02587	0.01975	0.01137	0.00905	0.00292	0.01095	0.00841	0.00794	0.06522
4	0.17245	0.01901	0.02251	0.06243	0.02675	0.02197	0.01612	0.03667	0.14579	0.15550	0.06727	0.03094	0.02499	0.01343	0.01401	0.00343	0.13571	0.00958	0.00825	0.01319
5	0.03326	0.02042	0.02834	0.12335	0.14033	0.02107	0.02048	0.10978	0.09960	0.25325	0.03008	0.03009	0.02090	0.01141	0.00999	0.00313	0.01014	0.00965	0.00907	0.01565
6	0.01215	0.00868	0.01157	0.01388	0.01446	0.00810	0.00925	0.01388	0.01909	0.02545	0.05495	0.64315	0.06593	0.03123	0.01272	0.00405	0.00578	0.02834	0.00925	0.00810
7	0.02554	0.01635	0.01933	0.01708	0.02192	0.01697	0.01328	0.03966	0.25404	0.16825	0.19338	0.08874	0.04942	0.01640	0.01075	0.00329	0.00699	0.01406	0.01082	0.01373
8	0.07793	0.06669	0.02566	0.06395	0.07695	0.06264	0.01689	0.10585	0.12793	0.09423	0.10225	0.07696	0.03260	0.01381	0.00983	0.00310	0.00941	0.01137	0.00847	0.01346
9	0.04473	0.01697	0.02313	0.01774	0.02545	0.01465	0.01465	0.04858	0.02853	0.59437	0.03933	0.03393	0.02468	0.01234	0.01003	0.00308	0.00848	0.01003	0.01234	0.01697
10	0.02386	0.01839	0.02018	0.01848	0.02339	0.02036	0.01419	0.04429	0.40454	0.08744	0.04617	0.13428	0.06725	0.01684	0.01063	0.00346	0.00745	0.01437	0.01015	0.01427
11	0.02515	0.02028	0.03204	0.34549	0.20147	0.02263	0.02618	0.08224	0.02432	0.09310	0.02097	0.02660	0.01558	0.01013	0.00995	0.00316	0.01214	0.00900	0.00598	0.01359
12	0.02629	0.27855	0.19828	0.02416	0.03341	0.10876	0.06139	0.06207	0.02297	0.02878	0.01617	0.01933	0.01319	0.00987	0.01012	0.00278	0.05884	0.00696	0.00476	0.01332
13	0.01231	0.00881	0.01172	0.01377	0.01450	0.00821	0.00927	0.01431	0.01987	0.02670	0.10030	0.59423	0.06835	0.03030	0.01264	0.00397	0.00569	0.02745	0.00940	0.00821
14	0.01450	0.00966	0.01087	0.01087	0.01087	0.00966	0.00604	0.01450	0.01450	0.01933	0.03141	0.06524	0.03624	0.64965	0.05074	0.00966	0.00966	0.01450	0.00604	0.00604
15	0.18390	0.02275	0.02865	0.08671	0.09233	0.06329	0.08864	0.13358	0.02627	0.03962	0.06851	0.02745	0.02141	0.01259	0.01149	0.05348	0.01110	0.00912	0.00670	0.01242
16	0.02670	0.34920	0.17203	0.06553	0.03382	0.03278	0.02276	0.13053	0.02552	0.03303	0.01700	0.01946	0.01359	0.00951	0.00805	0.00262	0.01185	0.00676	0.00536	0.01391
17	0.01298	0.00940	0.01237	0.01404	0.01533	0.00880	0.01012	0.01563	0.02130	0.02842	0.13963	0.44207	0.10507	0.02861	0.01266	0.00394	0.00604	0.09560	0.00951	0.00847
18	0.02377	0.03351	0.23901	0.03555	0.19904	0.02422	0.02807	0.06784	0.17591	0.03652	0.02482	0.02679	0.01878	0.01057	0.00981	0.00315	0.01175	0.00900	0.00642	0.01547
19	0.06073	0.02394	0.02945	0.28374	0.04707	0.09441	0.06077	0.09040	0.14290	0.03432	0.02304	0.02705	0.01735	0.01084	0.00983	0.00320	0.01241	0.00914	0.00648	0.01294
20	0.22903	0.02303	0.02414	0.01903	0.02644	0.02485	0.01571	0.29353	0.03440	0.17849	0.02464	0.02405	0.01700	0.01130	0.00893	0.00304	0.00950	0.00822	0.00945	0.01524
21	0.22233	0.02163	0.02547	0.07928	0.15666	0.06166	0.01861	0.07037	0.02450	0.14559	0.06247	0.02737	0.02148	0.01090	0.00896	0.00304	0.01002	0.00863	0.00747	0.01355
22	0.03183	0.06804	0.08504	0.07032	0.03769	0.02260	0.15935	0.08500	0.06591	0.22970	0.02782	0.02854	0.01920	0.01067	0.01018	0.00313	0.01189	0.00984	0.00821	0.01504
23	0.02602	0.01725	0.02095	0.01614	0.02393	0.01423	0.01311	0.03197	0.06059	0.16071	0.02733	0.03299	0.02189	0.01073	0.00874	0.00225	0.00783	0.05293	0.00795	0.44245
24	0.01422	0.01004	0.01264	0.01208	0.01378	0.00948	0.00847	0.01761	0.02441	0.03424	0.42913	0.07190	0.07799	0.19526	0.02259	0.00495	0.00608	0.01705	0.00960	0.00847
25	0.02043	0.01698	0.01995	0.01682	0.02339	0.01529	0.01369	0.02995	0.13799	0.03380	0.03114	0.04658	0.02849	0.01361	0.00953	0.00264	0.00793	0.13257	0.00761	0.39162
26	0.02067	0.01772	0.02067	0.01477	0.02362	0.01329	0.01181	0.02510	0.02067	0.03248	0.01772	0.02067	0.01477	0.00738	0.00738	0.00148	0.00738	0.00591	0.00591	0.71059
27	0.01454	0.01041	0.01419	0.01520	0.01680	0.01057	0.01179	0.01783	0.02051	0.02783	0.12678	0.16837	0.05465	0.12489	0.14309	0.00738	0.01168	0.18672	0.00822	0.00854
28	0.07421	0.02418	0.14354	0.25402	0.04500	0.01961	0.02410	0.03283	0.02247	0.18050	0.02577	0.03281	0.01917	0.01170	0.00989	0.00330	0.01162	0.04509	0.00696	0.01325
29	0.01450	0.00966	0.01087	0.01087	0.01087	0.00966	0.00604	0.01450	0.01450	0.01933	0.03141	0.06524	0.03624	0.64965	0.05074	0.00966	0.00966	0.01450	0.00604	0.00604
30	0.01210	0.00887	0.01137	0.01338	0.01433	0.00814	0.00903	0.01394	0.01957	0.02565	0.06108	0.57019	0.13492	0.03043	0.01260	0.00396	0.00569	0.02737	0.00925	0.00814
31	0.02213	0.01697	0.01760	0.01772	0.02074	0.10377	0.01392	0.02548	0.02336	0.10782	0.07433	0.22025	0.04798	0.02654	0.05328	0.00463	0.01050	0.17379	0.00886	0.01036
32	0.02923	0.01734	0.02140	0.01788	0.02280	0.01782	0.01424	0.16657	0.03096	0.19928	0.16811	0.12654	0.04460	0.01724	0.01243	0.00330	0.05224	0.01420	0.01038	0.01343
33	0.01215	0.00868	0.01157	0.01388	0.01446	0.00810	0.00925	0.01388	0.01909	0.02545	0.05495	0.64315	0.06593	0.03123	0.01272	0.00405	0.00578	0.02834	0.00925	0.00810
34	0.01883	0.01772	0.02990	0.62569	0.06866	0.02215	0.02769	0.02547	0.01993	0.02547	0.01772	0.02658	0.01329	0.00997	0.00997	0.00332	0.01329	0.00886	0.00443	0.01107
35	0.02839	0.02829	0.12173	0.03758	0.14671	0.02366	0.22820	0.09902	0.02671	0.12491	0.02308	0.02639	0.01664	0.00971	0.01058	0.00317	0.01352	0.00997	0.00667	0.01507
36	0.01987	0.01787	0.02890	0.08056	0.25576	0.01814	0.05314	0.02651	0.06215	0.03160	0.08097	0.16807	0.03773	0.01660	0.01112	0.00343	0.00982	0.05814	0.00710	0.01255
37	0.01506	0.01099	0.01397	0.01360	0.01409	0.01223	0.00915	0.01622	0.01498	0.02077	0.02855	0.05436	0.03115	0.43792	0.20231	0.01095	0.06781	0.01296	0.00570	0.00724
38	0.02067	0.01772	0.02067	0.01477	0.02362	0.01329	0.01181	0.02510	0.02067	0.03248	0.01772	0.02067	0.01477	0.00738	0.00738	0.00148	0.00738	0.00591	0.00591	0.71059
39	0.02353	0.02689	0.05882	0.04202	0.05210	0.02521	0.55126	0.03193	0.02353	0.03193	0.02017	0.02689	0.01513	0.00840	0.01176	0.00336	0.01681	0.01176	0.00504	0.01345
40	0.01450	0.00966	0.01087	0.01087	0.01087	0.00966	0.00604	0.01450	0.01450	0.01933	0.03141	0.06524	0.03624	0.64965	0.05074	0.00966	0.00966	0.01450	0.00604	0.00604
41	0.09395	0.01713	0.02252	0.01740	0.02500	0.01521	0.01437	0.04718	0.02769	0.55431	0.03747	0.03264	0.02367	0.01211	0.00974	0.00308	0.00843	0.00969	0.01189	0.01652
42	0.08543	0.02621	0.05490	0.03945	0.04918	0.02496	0.50323	0.03170	0.02295	0.03307	0.01961	0.02594	0.01474	0.00848	0.01127	0.00334	0.01600	0.01120	0.00514	0.01321
43	0.02168	0.02219	0.04059	0.08436	0.04080	0.02347	0.27455	0.03108	0.09537	0.03257	0.10109	0.03418	0.02785	0.01232	0.01464	0.00348	0.10893	0.01186	0.00640	0.01258

[dist]
# distance from previous block
# <min> <max>
1	6

[block]
# block no. 8 follows, 15 sequences, length 25
# corresponding to MSA columns:
# 238-262
name=unknown_I
#
# <colnr> <probs for GDERKNQSTAVLIFYWHMCP>
#	G	D	E	R	K	N	Q	S	T	A	V	L	I	F	Y	W	H	M	C	P
0	0.26245	0.03141	0.19958	0.02472	0.03435	0.02417	0.12388	0.08521	0.05824	0.03997	0.01904	0.02185	0.01407	0.00971	0.00888	0.00317	0.01190	0.00796	0.00601	0.01343
1	0.72007	0.01928	0.01465	0.01311	0.01928	0.02236	0.01080	0.02930	0.01697	0.04473	0.01388	0.01619	0.01080	0.00925	0.00617	0.00308	0.00771	0.00540	0.00617	0.01080
2	0.06829	0.01151	0.01407	0.01298	0.01583	0.01110	0.00966	0.02166	0.02409	0.09291	0.32818	0.06335	0.09852	0.11812	0.06234	0.00510	0.00775	0.01539	0.00949	0.00969
3	0.01551	0.01127	0.01538	0.01455	0.01681	0.01166	0.01076	0.01771	0.01608	0.02314	0.02539	0.04065	0.02488	0.17114	0.36032	0.08308	0.01889	0.01053	0.00545	0.10680
4	0.02464	0.01524	0.01965	0.01905	0.02324	0.01538	0.01633	0.11784	0.02803	0.12999	0.04553	0.08397	0.04490	0.02230	0.01248	0.00406	0.00937	0.34633	0.00985	0.01183
5	0.02353	0.02689	0.05882	0.04202	0.05210	0.02521	0.55126	0.03193	0.02353	0.03193	0.02017	0.02689	0.01513	0.00840	0.01176	0.00336	0.01681	0.01176	0.00504	0.01345
6	0.02353	0.02689	0.05882	0.04202	0.05210	0.02521	0.55126	0.03193	0.02353	0.03193	0.02017	0.02689	0.01513	0.00840	0.01176	0.00336	0.01681	0.01176	0.00504	0.01345
7	0.02665	0.65565	0.05224	0.01706	0.02559	0.03945	0.01706	0.02985	0.02026	0.02345	0.01386	0.01599	0.01279	0.00853	0.00640	0.00213	0.01066	0.00533	0.00426	0.01279
8	0.04473	0.01697	0.02313	0.01774	0.02545	0.01465	0.01465	0.04858	0.02853	0.59437	0.03933	0.03393	0.02468	0.01234	0.01003	0.00308	0.00848	0.01003	0.01234	0.01697
9	0.02056	0.10279	0.55172	0.02745	0.04166	0.02453	0.03516	0.03142	0.02098	0.03088	0.01755	0.02062	0.01264	0.00939	0.00921	0.00307	0.01439	0.00719	0.00421	0.01457
10	0.01999	0.05157	0.59800	0.02841	0.04315	0.02315	0.03683	0.03157	0.02105	0.03157	0.01789	0.02105	0.01263	0.00947	0.00947	0.00316	0.01473	0.00737	0.00421	0.01473
11	0.01858	0.00929	0.00929	0.00929	0.01161	0.00929	0.00697	0.02323	0.02091	0.03717	0.03252	0.03717	0.02555	0.01161	0.00697	0.00232	0.00465	0.00929	0.70499	0.00929
12	0.01732	0.00866	0.01299	0.01299	0.01299	0.00866	0.00866	0.01299	0.01299	0.01732	0.01732	0.03030	0.01732	0.03463	0.03896	0.70996	0.00866	0.00866	0.00433	0.00433
13	0.13448	0.02347	0.02404	0.02017	0.02674	0.02666	0.01618	0.23225	0.29546	0.04986	0.03048	0.02919	0.02255	0.01231	0.00948	0.00319	0.00899	0.00955	0.00948	0.01546
14	0.03718	0.03541	0.03129	0.02563	0.03239	0.31874	0.08483	0.12470	0.03076	0.14963	0.02235	0.02337	0.01625	0.01074	0.00971	0.00284	0.01472	0.00825	0.00741	0.01379
15	0.01300	0.00984	0.01200	0.01211	0.01438	0.00883	0.00883	0.01643	0.02465	0.03303	0.32784	0.20242	0.23203	0.02413	0.01197	0.00340	0.00504	0.02112	0.01010	0.00883
16	0.01375	0.00983	0.01336	0.01535	0.01673	0.00944	0.01172	0.01681	0.02140	0.02850	0.10760	0.39493	0.06571	0.02881	0.01300	0.00415	0.00689	0.20399	0.00940	0.00862
17	0.01966	0.01885	0.02492	0.02175	0.02500	0.07793	0.08055	0.02568	0.06581	0.02715	0.06073	0.03523	0.02587	0.04323	0.30411	0.00954	0.10679	0.01064	0.00592	0.01063
18	0.03535	0.02102	0.02440	0.01962	0.02650	0.02190	0.01589	0.20767	0.16728	0.24809	0.07584	0.03463	0.02889	0.01312	0.01017	0.00313	0.00884	0.01060	0.01095	0.01610
19	0.01242	0.00887	0.01188	0.01419	0.01489	0.00833	0.00973	0.01435	0.01935	0.02575	0.05479	0.60632	0.06534	0.03098	0.01280	0.00409	0.00602	0.06249	0.00925	0.00817
20	0.02588	0.01868	0.02821	0.25598	0.14401	0.02080	0.02241	0.06756	0.02361	0.12817	0.02353	0.02825	0.01745	0.01106	0.01124	0.00314	0.05569	0.00911	0.09208	0.01314
21	0.02141	0.13089	0.30738	0.15924	0.04378	0.02562	0.02883	0.03296	0.09798	0.03041	0.02044	0.02380	0.01531	0.01001	0.00921	0.00307	0.01283	0.00794	0.00510	0.01377
22	0.07510	0.02915	0.18112	0.10827	0.24222	0.02244	0.02773	0.03367	0.06349	0.08997	0.02179	0.02522	0.01631	0.00989	0.00954	0.00311	0.01184	0.00852	0.00592	0.01471
23	0.01516	0.01143	0.01602	0.01538	0.01776	0.01105	0.04742	0.02055	0.06180	0.03319	0.22884	0.30188	0.06535	0.02269	0.01156	0.00347	0.00622	0.02053	0.08011	0.00958
24	0.02279	0.02377	0.07496	0.04043	0.30190	0.01997	0.06359	0.02876	0.02190	0.03242	0.01842	0.02312	0.01514	0.00834	0.00908	0.00246	0.01080	0.00791	0.00524	0.26899

[dist]
# distance from previous block
# <min> <max>
4	17

[block]
# block no. 9 follows, 15 sequences, length 15
# corresponding to MSA columns:
# 280-294
name=unknown_J
#
# <colnr> <probs for GDERKNQSTAVLIFYWHMCP>
#	G	D	E	R	K	N	Q	S	T	A	V	L	I	F	Y	W	H	M	C	P
0	0.01373	0.00966	0.01210	0.01256	0.01429	0.00890	0.00904	0.01554	0.02131	0.02805	0.18759	0.19913	0.19796	0.06193	0.01852	0.11365	0.00622	0.05323	0.00872	0.00787
1	0.17085	0.02477	0.09436	0.19550	0.07781	0.02369	0.05934	0.11129	0.05214	0.03812	0.01930	0.02349	0.01450	0.00995	0.00911	0.00309	0.01151	0.00816	0.00607	0.04694
2	0.01682	0.01308	0.01591	0.01691	0.01939	0.01380	0.01293	0.02693	0.17862	0.03129	0.05024	0.32866	0.05345	0.02516	0.01226	0.00400	0.00729	0.15318	0.00949	0.01060
3	0.02301	0.02885	0.18341	0.23167	0.09263	0.02388	0.06008	0.05876	0.02209	0.06599	0.01909	0.02464	0.01433	0.01093	0.01302	0.00336	0.09705	0.00870	0.00525	0.01326
4	0.02311	0.01602	0.02202	0.08802	0.09445	0.01647	0.01664	0.09028	0.05406	0.11018	0.12169	0.18271	0.04459	0.01848	0.01119	0.00345	0.00853	0.05680	0.00901	0.01229
5	0.02436	0.02534	0.11668	0.13890	0.05975	0.02299	0.02185	0.16901	0.13123	0.03963	0.02953	0.12271	0.02567	0.01435	0.01035	0.00332	0.01066	0.01214	0.00770	0.01383
6	0.01245	0.00891	0.01184	0.01367	0.01453	0.00830	0.00928	0.01465	0.02050	0.02771	0.13685	0.55481	0.07030	0.02955	0.01257	0.00391	0.00562	0.02674	0.00952	0.00830
7	0.02264	0.02341	0.06826	0.11371	0.33717	0.02374	0.02704	0.02973	0.05609	0.03138	0.05334	0.02805	0.02058	0.01137	0.01354	0.00327	0.10774	0.00947	0.00544	0.01403
8	0.02495	0.01471	0.01410	0.01269	0.01636	0.06050	0.00982	0.06377	0.02429	0.11331	0.03147	0.03427	0.02382	0.01163	0.00775	0.00249	0.00668	0.00914	0.50723	0.01103
9	0.18413	0.12027	0.25831	0.02117	0.03151	0.02404	0.02330	0.05922	0.02264	0.13801	0.02065	0.02175	0.01465	0.00994	0.00843	0.00298	0.01126	0.00721	0.00643	0.01409
10	0.02594	0.03884	0.39696	0.02438	0.03609	0.01966	0.02867	0.03466	0.02288	0.18100	0.02663	0.07529	0.02019	0.01201	0.00988	0.00321	0.01234	0.00979	0.00679	0.01479
11	0.12730	0.02304	0.02452	0.01998	0.02695	0.02534	0.01620	0.24995	0.20120	0.13643	0.03010	0.02853	0.02148	0.01214	0.00952	0.00314	0.00919	0.00936	0.00988	0.01576
12	0.38479	0.06419	0.06113	0.01634	0.02374	0.05642	0.01447	0.03412	0.02098	0.16272	0.02019	0.02089	0.01455	0.00984	0.00753	0.00288	0.00916	0.00666	0.00720	0.06220
13	0.02028	0.08910	0.47109	0.12039	0.04587	0.02415	0.03401	0.03050	0.02082	0.03005	0.01758	0.02155	0.01274	0.00948	0.00933	0.00311	0.01422	0.00745	0.00425	0.01403
14	0.02591	0.02738	0.12933	0.02526	0.06416	0.02422	0.04651	0.07825	0.34573	0.07380	0.03307	0.03200	0.02441	0.01210	0.01007	0.00327	0.01002	0.01023	0.00864	0.01563

[dist]
# distance from previous block
# <min> <max>
2	7

[block]
# block no. 10 follows, 15 sequences, length 31
# corresponding to MSA columns:
# 302-332
name=unknown_K
#
# <colnr> <probs for GDERKNQSTAVLIFYWHMCP>
#	G	D	E	R	K	N	Q	S	T	A	V	L	I	F	Y	W	H	M	C	P
0	0.02753	0.02908	0.17346	0.02448	0.03337	0.02223	0.09575	0.16577	0.06600	0.11290	0.11491	0.03390	0.02990	0.01234	0.01040	0.00315	0.01121	0.01070	0.00830	0.01461
1	0.01720	0.01967	0.09800	0.01797	0.02165	0.06862	0.01566	0.02133	0.01765	0.02394	0.02504	0.03808	0.02357	0.13479	0.39751	0.01215	0.02200	0.01032	0.00525	0.00959
2	0.02457	0.02396	0.06445	0.02659	0.10515	0.06529	0.01968	0.09845	0.21561	0.03736	0.03277	0.04341	0.02800	0.02003	0.06582	0.00456	0.01197	0.09045	0.00802	0.01386
3	0.01261	0.00887	0.01143	0.01329	0.01376	0.00840	0.00862	0.01400	0.01819	0.02425	0.05033	0.52981	0.06011	0.15252	0.02018	0.00515	0.00654	0.02563	0.00862	0.00769
4	0.02319	0.02180	0.03666	0.05437	0.50725	0.02169	0.02763	0.02894	0.02347	0.03361	0.09769	0.03165	0.02676	0.01049	0.01013	0.00299	0.01084	0.01016	0.00578	0.01490
5	0.01754	0.00950	0.01023	0.01005	0.01238	0.00932	0.00754	0.02220	0.02262	0.03782	0.16100	0.04588	0.04157	0.01366	0.00809	0.00251	0.00466	0.01133	0.54278	0.00932
6	0.03724	0.04751	0.02825	0.02568	0.03082	0.60963	0.01926	0.03981	0.02825	0.02440	0.01541	0.01798	0.01284	0.01027	0.00899	0.00257	0.01798	0.00642	0.00514	0.01156
7	0.01178	0.01010	0.01010	0.01010	0.01347	0.00842	0.00757	0.01431	0.02272	0.02693	0.10099	0.09594	0.58342	0.02525	0.01178	0.00337	0.00505	0.02104	0.00926	0.00842
8	0.02854	0.08510	0.16224	0.02286	0.03171	0.02786	0.02195	0.22593	0.20666	0.04536	0.02701	0.02684	0.01992	0.01159	0.00960	0.00308	0.01083	0.00903	0.00819	0.01570
9	0.08011	0.12304	0.05849	0.01467	0.02010	0.01683	0.01305	0.02440	0.02263	0.10118	0.09640	0.10007	0.22360	0.01858	0.01021	0.00319	0.00758	0.04659	0.00834	0.01096
10	0.02604	0.14627	0.24914	0.03355	0.16467	0.15602	0.02814	0.03288	0.02290	0.02884	0.01686	0.02036	0.01344	0.00935	0.00894	0.00281	0.01409	0.00717	0.00459	0.01395
11	0.01752	0.01377	0.01627	0.01502	0.01842	0.01432	0.01144	0.02972	0.20106	0.04053	0.40924	0.06256	0.07374	0.01819	0.01124	0.00321	0.00572	0.01587	0.01071	0.01144
12	0.03899	0.04037	0.02705	0.02383	0.02956	0.47056	0.01818	0.04186	0.02832	0.15762	0.02100	0.02171	0.01561	0.01076	0.00923	0.00269	0.01576	0.00726	0.00682	0.01282
13	0.02298	0.02225	0.03049	0.02594	0.02652	0.03056	0.02160	0.06241	0.01756	0.02681	0.01387	0.02196	0.01337	0.01705	0.03107	0.00426	0.58645	0.00874	0.00477	0.01134
14	0.01283	0.00921	0.01218	0.01341	0.01461	0.00856	0.00931	0.01561	0.02229	0.03054	0.23966	0.44392	0.07579	0.02743	0.01239	0.00373	0.00541	0.02473	0.00986	0.00856
15	0.03558	0.02379	0.02712	0.02158	0.02839	0.02619	0.01766	0.30510	0.13716	0.17193	0.02946	0.02840	0.02081	0.01281	0.01196	0.00320	0.06297	0.00961	0.01004	0.01622
16	0.02138	0.17750	0.48423	0.02605	0.03949	0.02655	0.03271	0.03121	0.02088	0.02988	0.01705	0.01999	0.01266	0.00927	0.00883	0.00294	0.01388	0.00694	0.00422	0.01433
17	0.72007	0.01928	0.01465	0.01311	0.01928	0.02236	0.01080	0.02930	0.01697	0.04473	0.01388	0.01619	0.01080	0.00925	0.00617	0.00308	0.00771	0.00540	0.00617	0.01080
18	0.01344	0.00985	0.01145	0.01141	0.01308	0.00911	0.00773	0.01567	0.02121	0.02806	0.21594	0.12582	0.20516	0.23960	0.02529	0.00553	0.00660	0.01851	0.00866	0.00786
19	0.02560	0.01816	0.02875	0.28522	0.14712	0.02006	0.02319	0.03073	0.02206	0.15965	0.02583	0.08040	0.02091	0.01266	0.01177	0.00333	0.05393	0.01079	0.00678	0.01306
