[name]
unknown

[dist]
# distance from previous block
# <min> <max>
0	39

[block]
# block no. 0 follows, 14 sequences, length 21
# corresponding to MSA columns:
# 40-60
name=unknown_A
#
# <colnr> <probs for GDERKNQSTAVLIFYWHMCP>
#	G	D	E	R	K	N	Q	S	T	A	V	L	I	F	Y	W	H	M	C	P
0	0.02179	0.01561	0.02259	0.11418	0.09296	0.01630	0.01854	0.07055	0.02496	0.07209	0.07822	0.10501	0.04092	0.02115	0.01456	0.06614	0.00987	0.17505	0.00820	0.01132
1	0.06014	0.02596	0.02896	0.11865	0.07726	0.13970	0.05757	0.09883	0.02727	0.08145	0.02604	0.07460	0.02272	0.01329	0.01030	0.00316	0.01248	0.04758	0.00717	0.06688
2	0.06881	0.01769	0.02594	0.37734	0.05126	0.01952	0.02175	0.02582	0.02121	0.03063	0.06511	0.02936	0.02097	0.01049	0.00950	0.00293	0.01106	0.00895	0.00563	0.17601
3	0.02667	0.02052	0.02664	0.16067	0.07578	0.02130	0.01935	0.11781	0.10937	0.08984	0.02682	0.05468	0.02110	0.01166	0.00978	0.00291	0.01007	0.00981	0.00780	0.17741
4	0.05673	0.01782	0.02421	0.22360	0.03985	0.01922	0.01919	0.07657	0.06416	0.12176	0.05634	0.08350	0.02888	0.01444	0.01049	0.00333	0.01014	0.04985	0.00809	0.07181
5	0.02533	0.13989	0.09296	0.03141	0.08285	0.02585	0.19236	0.03087	0.02188	0.06968	0.01962	0.02476	0.01563	0.01191	0.01432	0.05591	0.06769	0.00915	0.00545	0.06246
6	0.01305	0.00936	0.01240	0.01391	0.01501	0.00870	0.00957	0.01568	0.02221	0.03028	0.19674	0.48083	0.07578	0.02910	0.01283	0.00391	0.00565	0.02628	0.01001	0.00870
7	0.08907	0.01701	0.02345	0.06263	0.02747	0.01730	0.06085	0.07019	0.06418	0.17307	0.03141	0.10271	0.02679	0.06003	0.01795	0.11330	0.00973	0.01227	0.00841	0.01217
8	0.07863	0.01283	0.01652	0.01902	0.08106	0.01230	0.01225	0.02103	0.02379	0.06050	0.20915	0.22332	0.14664	0.02215	0.01156	0.00350	0.00653	0.01940	0.00941	0.01040
9	0.01297	0.00927	0.01245	0.01483	0.01563	0.00874	0.01034	0.01510	0.02011	0.02672	0.05630	0.57250	0.06685	0.03171	0.01322	0.00423	0.00636	0.08469	0.00952	0.00846
10	0.20611	0.01868	0.02053	0.01728	0.02375	0.01943	0.01391	0.04346	0.16903	0.25218	0.08172	0.03496	0.02980	0.01297	0.00951	0.00326	0.00802	0.01020	0.01036	0.01483
11	0.01960	0.01140	0.01450	0.01381	0.01702	0.01015	0.01030	0.02298	0.02537	0.13952	0.23058	0.22512	0.17282	0.02346	0.01203	0.00352	0.00598	0.02050	0.01072	0.01062
12	0.08501	0.01347	0.01600	0.01463	0.01832	0.01322	0.01097	0.02904	0.06946	0.15601	0.17293	0.14871	0.05122	0.09075	0.01556	0.00412	0.00704	0.01574	0.05636	0.01145
13	0.30942	0.01595	0.01490	0.01336	0.01821	0.01724	0.01061	0.06758	0.02245	0.09128	0.02704	0.06804	0.02206	0.01240	0.00775	0.00296	0.00702	0.00927	0.25105	0.01143
14	0.01631	0.01013	0.01319	0.01405	0.01526	0.00973	0.00947	0.01800	0.01905	0.07431	0.04649	0.38501	0.05270	0.18817	0.07283	0.00660	0.00906	0.02232	0.00863	0.00869
15	0.14772	0.01379	0.01653	0.01535	0.01952	0.01326	0.01165	0.02924	0.02317	0.21384	0.08261	0.28470	0.04603	0.02089	0.01091	0.00359	0.00714	0.01798	0.01014	0.01193
16	0.07393	0.01700	0.01928	0.01534	0.02248	0.01436	0.01192	0.02631	0.06148	0.03386	0.02652	0.13065	0.02545	0.01259	0.00869	0.00227	0.00737	0.01056	0.00704	0.47289
17	0.02561	0.01841	0.02101	0.01688	0.02349	0.01765	0.01341	0.10781	0.12562	0.09046	0.11439	0.03643	0.03335	0.01242	0.00943	0.00261	0.00765	0.01023	0.07086	0.24228
18	0.03256	0.01572	0.02031	0.01713	0.02254	0.01463	0.01347	0.09414	0.02930	0.30923	0.12632	0.17691	0.04551	0.01841	0.01123	0.00340	0.00778	0.01581	0.01147	0.01414
19	0.01497	0.00935	0.01210	0.01306	0.01421	0.00906	0.00907	0.01589	0.01855	0.02592	0.04660	0.28338	0.10430	0.03274	0.06454	0.17947	0.00811	0.01883	0.11221	0.00765
20	0.03058	0.01497	0.02124	0.01718	0.02269	0.01328	0.05030	0.03364	0.02526	0.30015	0.08865	0.05203	0.13542	0.06653	0.01686	0.06614	0.00850	0.01349	0.01019	0.01288

[dist]
# distance from previous block
# <min> <max>
6	20

[block]
# block no. 1 follows, 14 sequences, length 33
# corresponding to MSA columns:
# 81-113
name=unknown_B
#
# <colnr> <probs for GDERKNQSTAVLIFYWHMCP>
#	G	D	E	R	K	N	Q	S	T	A	V	L	I	F	Y	W	H	M	C	P
0	0.02227	0.07452	0.22191	0.02444	0.03354	0.02102	0.10177	0.06053	0.02442	0.05957	0.10457	0.06047	0.03122	0.06792	0.01409	0.00374	0.01194	0.01146	0.00672	0.04387
1	0.15316	0.02390	0.02937	0.28762	0.13057	0.08390	0.02378	0.08953	0.02453	0.03541	0.01817	0.02383	0.01399	0.01022	0.00941	0.00320	0.01261	0.00822	0.00572	0.01286
2	0.09731	0.01873	0.02116	0.01818	0.02416	0.01980	0.01441	0.04551	0.26823	0.20276	0.11816	0.04094	0.03744	0.01419	0.01025	0.00332	0.00779	0.01168	0.01084	0.01511
3	0.02177	0.01750	0.03057	0.21949	0.07678	0.01858	0.11445	0.02658	0.02087	0.08123	0.02617	0.08527	0.02318	0.06235	0.07685	0.05476	0.01394	0.01211	0.00614	0.01141
4	0.02646	0.02184	0.07986	0.06650	0.08147	0.01941	0.11429	0.03481	0.07542	0.15340	0.02878	0.03268	0.02162	0.02374	0.12424	0.00580	0.01482	0.01043	0.05056	0.01387
5	0.02267	0.01643	0.01867	0.01687	0.02079	0.01707	0.01286	0.20569	0.03151	0.04269	0.10787	0.26611	0.09465	0.02195	0.01152	0.00350	0.00762	0.01891	0.05074	0.01189
6	0.01393	0.01134	0.01248	0.01246	0.01554	0.01045	0.00923	0.01940	0.07620	0.03140	0.17439	0.16935	0.35712	0.02483	0.01210	0.00353	0.00553	0.02125	0.00994	0.00954
7	0.01778	0.01194	0.01469	0.01489	0.01735	0.01143	0.01074	0.07209	0.02472	0.07131	0.10816	0.40221	0.12937	0.02681	0.01238	0.00380	0.00650	0.02374	0.01000	0.01010
8	0.02778	0.01524	0.01886	0.01683	0.02163	0.01483	0.01296	0.03688	0.14596	0.23321	0.10090	0.19153	0.08030	0.01947	0.01133	0.00351	0.00729	0.01682	0.01106	0.01359
9	0.02883	0.01823	0.01963	0.01619	0.02158	0.01908	0.01300	0.23744	0.03340	0.09551	0.03871	0.03945	0.08633	0.01381	0.00930	0.00287	0.00785	0.01091	0.27450	0.01339
10	0.04222	0.01795	0.02355	0.01829	0.02571	0.01629	0.01501	0.09801	0.03130	0.47554	0.09080	0.03796	0.03159	0.01347	0.01049	0.00317	0.00862	0.01102	0.01231	0.01670
11	0.02381	0.01408	0.01720	0.01503	0.01967	0.01286	0.01143	0.02977	0.07976	0.17072	0.13776	0.13170	0.11923	0.07291	0.01460	0.00379	0.00713	0.01583	0.01003	0.09270
12	0.01854	0.01229	0.01485	0.01357	0.01721	0.01143	0.01039	0.02480	0.07379	0.10108	0.33845	0.07427	0.20825	0.02072	0.01176	0.00331	0.00568	0.01781	0.01092	0.01090
13	0.03974	0.02757	0.03007	0.02306	0.03124	0.03009	0.01905	0.49011	0.04629	0.11845	0.02628	0.02571	0.01828	0.01236	0.01027	0.00309	0.01103	0.00935	0.01052	0.01745
14	0.01484	0.01008	0.01244	0.01260	0.01434	0.00990	0.00898	0.01799	0.02145	0.03076	0.18047	0.14964	0.10595	0.13402	0.11158	0.00649	0.00950	0.01717	0.12311	0.00870
15	0.02019	0.01113	0.01448	0.01453	0.01714	0.01004	0.01043	0.02264	0.02253	0.15102	0.08713	0.38243	0.11085	0.05705	0.01429	0.00411	0.00663	0.02284	0.01017	0.01038
16	0.51032	0.01913	0.01773	0.01494	0.02177	0.02062	0.01232	0.03617	0.02107	0.20840	0.02222	0.02220	0.01544	0.01049	0.00755	0.00318	0.00818	0.00700	0.00827	0.01304
17	0.01446	0.01010	0.01291	0.01329	0.01394	0.01056	0.00875	0.01585	0.01615	0.02209	0.03473	0.14910	0.03865	0.37242	0.21140	0.01101	0.01462	0.01600	0.00653	0.00745
18	0.01880	0.01065	0.01393	0.01389	0.01567	0.00995	0.00959	0.02039	0.02093	0.10808	0.12690	0.27440	0.05469	0.15980	0.02369	0.07357	0.00734	0.01963	0.00906	0.00905
19	0.19470	0.01544	0.01708	0.01562	0.02052	0.01561	0.01242	0.03174	0.06997	0.17350	0.07946	0.13630	0.09338	0.01836	0.01045	0.00353	0.00752	0.06244	0.00973	0.01223
20	0.02928	0.02121	0.02332	0.02040	0.02660	0.02361	0.01603	0.05370	0.46024	0.14170	0.04153	0.03767	0.03024	0.01370	0.01042	0.00342	0.00823	0.01137	0.01086	0.01647
21	0.02320	0.01770	0.02610	0.10645	0.18026	0.01814	0.02018	0.07959	0.02605	0.08280	0.08564	0.14319	0.06477	0.01751	0.01135	0.00350	0.00967	0.06282	0.00817	0.01291
22	0.02436	0.01542	0.02370	0.23356	0.03873	0.01745	0.01894	0.02777	0.02023	0.14767	0.02450	0.03175	0.01916	0.02781	0.12448	0.12445	0.05267	0.00969	0.00652	0.01115
23	0.01263	0.00909	0.01177	0.01385	0.01459	0.00846	0.00921	0.01436	0.01959	0.02590	0.05804	0.56350	0.09778	0.06977	0.01549	0.00449	0.00616	0.02781	0.00932	0.00822
24	0.01461	0.01179	0.01317	0.01259	0.01592	0.01103	0.00951	0.02116	0.08796	0.03465	0.27525	0.08322	0.32624	0.02266	0.01192	0.00338	0.00540	0.01929	0.01031	0.00994
25	0.02106	0.01824	0.02239	0.08533	0.02974	0.01475	0.01407	0.02588	0.02119	0.03260	0.01824	0.02199	0.01502	0.00791	0.00791	0.00174	0.00831	0.00644	0.00590	0.62128
26	0.01806	0.01546	0.02152	0.02774	0.17646	0.01530	0.01592	0.02454	0.08475	0.03130	0.09759	0.16630	0.15962	0.08067	0.01548	0.00410	0.00812	0.01738	0.00819	0.01152
27	0.01472	0.01103	0.01373	0.01321	0.01579	0.01038	0.00984	0.02046	0.05886	0.03837	0.43873	0.12607	0.14588	0.02213	0.01210	0.00335	0.00518	0.01945	0.01088	0.00983
28	0.10884	0.02066	0.03004	0.02894	0.13423	0.01972	0.06431	0.07392	0.02772	0.33958	0.03094	0.02990	0.02078	0.01130	0.01003	0.00317	0.01024	0.00969	0.00975	0.01625
29	0.02969	0.01877	0.02791	0.21660	0.04192	0.01919	0.05366	0.08053	0.02708	0.21040	0.08341	0.03414	0.02667	0.01200	0.01036	0.00313	0.01066	0.01042	0.00856	0.07488
30	0.02098	0.01841	0.02854	0.08910	0.27369	0.01900	0.02174	0.05665	0.02280	0.03131	0.03331	0.10783	0.07380	0.06665	0.08580	0.00539	0.01263	0.01323	0.00640	0.01273
31	0.02616	0.02399	0.02435	0.02181	0.02707	0.06668	0.01705	0.05093	0.47156	0.04005	0.03743	0.03549	0.02846	0.01404	0.01241	0.00351	0.06295	0.01102	0.00955	0.01549
32	0.01465	0.01236	0.02081	0.01959	0.02197	0.01156	0.10622	0.01769	0.02048	0.02742	0.05001	0.52197	0.05830	0.02785	0.01292	0.00404	0.00803	0.02605	0.00873	0.00934

[dist]
# distance from previous block
# <min> <max>
0	1

[block]
# block no. 2 follows, 14 sequences, length 34
# corresponding to MSA columns:
# 115-148
name=unknown_C
#
# <colnr> <probs for GDERKNQSTAVLIFYWHMCP>
#	G	D	E	R	K	N	Q	S	T	A	V	L	I	F	Y	W	H	M	C	P
0	0.03185	0.02206	0.03151	0.20730	0.15900	0.02365	0.02374	0.16411	0.03025	0.16636	0.02525	0.02800	0.01791	0.01111	0.01025	0.00320	0.01161	0.00943	0.00801	0.01539
1	0.02634	0.01804	0.02896	0.45900	0.05907	0.02079	0.02500	0.03243	0.02283	0.17140	0.02405	0.02934	0.01674	0.01090	0.01028	0.00336	0.01239	0.00943	0.00669	0.01298
2	0.53388	0.02753	0.01878	0.01691	0.02298	0.17498	0.01342	0.03302	0.02053	0.04051	0.01470	0.01716	0.01167	0.00980	0.00712	0.00303	0.01073	0.00583	0.00607	0.01132
3	0.01334	0.01019	0.01240	0.01357	0.01578	0.00926	0.01024	0.01629	0.02273	0.02907	0.12273	0.27674	0.26022	0.02801	0.01284	0.00392	0.00624	0.11794	0.00968	0.00880
4	0.02046	0.01350	0.01511	0.01373	0.01573	0.01476	0.00990	0.08969	0.02197	0.03332	0.02995	0.04625	0.02821	0.25813	0.02773	0.00564	0.06595	0.01156	0.26893	0.00947
5	0.71184	0.01985	0.01508	0.01350	0.01985	0.02302	0.01111	0.03017	0.01746	0.04604	0.01429	0.01667	0.01111	0.00953	0.00635	0.00318	0.00794	0.00556	0.00635	0.01111
6	0.01920	0.01678	0.02701	0.03844	0.28816	0.01669	0.02091	0.02340	0.02150	0.02990	0.03625	0.26138	0.03922	0.02385	0.05277	0.00452	0.01073	0.04990	0.00708	0.01232
7	0.02744	0.64552	0.05378	0.01756	0.02634	0.04061	0.01756	0.03073	0.02085	0.02414	0.01427	0.01646	0.01317	0.00878	0.00658	0.00219	0.01097	0.00549	0.00439	0.01317
8	0.01254	0.00969	0.01145	0.01253	0.01450	0.00860	0.00882	0.01495	0.02211	0.02825	0.12500	0.35636	0.28147	0.02851	0.01260	0.00378	0.00553	0.02502	0.00970	0.00860
9	0.03833	0.04891	0.02908	0.02644	0.03173	0.59815	0.01983	0.04098	0.02908	0.02512	0.01586	0.01851	0.01322	0.01058	0.00925	0.00264	0.01851	0.00661	0.00529	0.01190
10	0.02540	0.02438	0.04165	0.06299	0.57533	0.02438	0.03149	0.03149	0.02337	0.03353	0.01930	0.02540	0.01626	0.00914	0.01016	0.00305	0.01219	0.00914	0.00508	0.01626
11	0.02628	0.02305	0.03998	0.14553	0.39368	0.02339	0.07668	0.03253	0.02356	0.08424	0.02127	0.02683	0.01664	0.00961	0.01037	0.00316	0.01258	0.00953	0.00573	0.01536
12	0.71184	0.01985	0.01508	0.01350	0.01985	0.02302	0.01111	0.03017	0.01746	0.04604	0.01429	0.01667	0.01111	0.00953	0.00635	0.00318	0.00794	0.00556	0.00635	0.01111
13	0.02807	0.02331	0.02464	0.02140	0.02765	0.02671	0.01686	0.14632	0.46086	0.04703	0.03854	0.03571	0.02871	0.01362	0.01041	0.00341	0.00872	0.01116	0.01041	0.01647
14	0.02256	0.01996	0.02833	0.22014	0.12835	0.01966	0.02113	0.06298	0.02325	0.03327	0.01886	0.02417	0.01503	0.00905	0.00907	0.00250	0.01059	0.00779	0.00571	0.31760
15	0.14127	0.02871	0.20039	0.08441	0.03522	0.01968	0.02321	0.03618	0.02354	0.21329	0.02808	0.03405	0.02086	0.01236	0.00982	0.00336	0.01123	0.05212	0.00787	0.01435
16	0.64978	0.01962	0.01590	0.01394	0.02044	0.02228	0.01148	0.03202	0.01857	0.09604	0.01673	0.01837	0.01245	0.00982	0.00672	0.00318	0.00801	0.00600	0.00694	0.01171
17	0.02303	0.26464	0.39606	0.02507	0.03796	0.02982	0.03065	0.03187	0.02138	0.02952	0.01693	0.01981	0.01306	0.00940	0.00862	0.00287	0.01367	0.00683	0.00435	0.01445
18	0.02141	0.01933	0.02838	0.07358	0.26545	0.01993	0.02141	0.03141	0.13046	0.03521	0.11913	0.04687	0.11509	0.01449	0.01081	0.00325	0.00931	0.01294	0.00772	0.01382
19	0.02414	0.01976	0.02868	0.14828	0.17635	0.01840	0.02070	0.02950	0.02238	0.08025	0.02047	0.02477	0.01606	0.00898	0.00904	0.00244	0.01011	0.00786	0.00610	0.32573
20	0.01338	0.01045	0.01214	0.01171	0.01463	0.00920	0.00879	0.01716	0.02636	0.03476	0.34810	0.08718	0.32264	0.02336	0.01212	0.00334	0.00501	0.02003	0.01046	0.00920
21	0.02128	0.01824	0.02128	0.01520	0.02432	0.01368	0.01216	0.02584	0.02128	0.03344	0.01824	0.02128	0.01520	0.00760	0.00760	0.00152	0.00760	0.00608	0.00608	0.70208
22	0.02058	0.05308	0.58618	0.02925	0.04442	0.02383	0.03792	0.03250	0.02167	0.03250	0.01842	0.02167	0.01300	0.00975	0.00975	0.00325	0.01517	0.00758	0.00433	0.01517
23	0.04150	0.02474	0.02832	0.02171	0.02983	0.02589	0.01794	0.36692	0.04155	0.24832	0.03026	0.02829	0.02027	0.01245	0.01029	0.00311	0.01038	0.00962	0.01113	0.01746
24	0.07025	0.01404	0.01759	0.01621	0.02042	0.01341	0.01228	0.03230	0.07443	0.23057	0.07875	0.28711	0.04731	0.02128	0.01136	0.00362	0.00722	0.01855	0.01067	0.01264
25	0.71184	0.01985	0.01508	0.01350	0.01985	0.02302	0.01111	0.03017	0.01746	0.04604	0.01429	0.01667	0.01111	0.00953	0.00635	0.00318	0.00794	0.00556	0.00635	0.01111
26	0.01250	0.00893	0.01191	0.01429	0.01488	0.00834	0.00953	0.01429	0.01965	0.02620	0.05656	0.63265	0.06787	0.03215	0.01310	0.00417	0.00595	0.02917	0.00953	0.00834
27	0.04376	0.01696	0.02308	0.01787	0.02541	0.01469	0.01469	0.04779	0.02935	0.54326	0.07881	0.03795	0.03057	0.01330	0.01045	0.00318	0.00845	0.01092	0.01260	0.01690
28	0.02553	0.01973	0.02219	0.01678	0.02451	0.01801	0.01350	0.16770	0.02925	0.04308	0.05657	0.02752	0.02217	0.01022	0.00858	0.00215	0.00815	0.00811	0.08093	0.39533
29	0.64978	0.01962	0.01590	0.01394	0.02044	0.02228	0.01148	0.03202	0.01857	0.09604	0.01673	0.01837	0.01245	0.00982	0.00672	0.00318	0.00801	0.00600	0.00694	0.01171
30	0.09123	0.01096	0.01153	0.01109	0.01391	0.01103	0.00842	0.02307	0.02358	0.04004	0.20905	0.04868	0.04804	0.01469	0.00872	0.00275	0.00514	0.01212	0.39618	0.00977
31	0.02358	0.01249	0.01662	0.01445	0.01845	0.01123	0.01123	0.02817	0.02914	0.19669	0.41779	0.06467	0.07630	0.01860	0.01159	0.00321	0.00596	0.01619	0.01170	0.01192
32	0.01484	0.01021	0.01248	0.01241	0.01299	0.01050	0.00785	0.01600	0.01648	0.02255	0.07859	0.06260	0.04020	0.47203	0.15850	0.01067	0.01302	0.01445	0.00652	0.00711
33	0.01607	0.00984	0.01317	0.01471	0.01609	0.00905	0.01012	0.01809	0.02068	0.08532	0.05485	0.56912	0.06336	0.03008	0.01280	0.00406	0.00625	0.02717	0.00986	0.00931

[dist]
# distance from previous block
# <min> <max>
0	69

[block]
# block no. 3 follows, 14 sequences, length 8
# corresponding to MSA columns:
# 220-227
name=unknown_D
#
# <colnr> <probs for GDERKNQSTAVLIFYWHMCP>
#	G	D	E	R	K	N	Q	S	T	A	V	L	I	F	Y	W	H	M	C	P
0	0.04031	0.02398	0.02924	0.02560	0.08536	0.02466	0.01904	0.30104	0.03848	0.25955	0.03015	0.02865	0.02037	0.01214	0.01028	0.00311	0.01041	0.00964	0.01067	0.01733
1	0.20357	0.01184	0.01383	0.01340	0.01510	0.01269	0.00950	0.01786	0.01447	0.02538	0.01688	0.02731	0.01603	0.02866	0.03107	0.51455	0.00865	0.00801	0.00496	0.00624
2	0.02328	0.01865	0.11001	0.01765	0.02264	0.01287	0.01553	0.02722	0.02235	0.18063	0.04418	0.32826	0.04500	0.06406	0.01442	0.00413	0.00851	0.01943	0.00932	0.01185
3	0.01827	0.01327	0.01627	0.01488	0.01799	0.01314	0.01128	0.10479	0.03081	0.04280	0.40308	0.15121	0.07939	0.02122	0.01195	0.00334	0.00607	0.01861	0.01086	0.01076
4	0.02441	0.38383	0.28895	0.02272	0.03432	0.03320	0.02655	0.03151	0.02121	0.02783	0.01610	0.01876	0.01309	0.00921	0.00798	0.00266	0.01283	0.00641	0.00436	0.01405
5	0.02022	0.01678	0.02262	0.02030	0.02223	0.02088	0.01622	0.08647	0.02017	0.02900	0.02307	0.03467	0.02163	0.09140	0.30609	0.01053	0.21081	0.01043	0.00584	0.01065
6	0.03833	0.04891	0.02908	0.02644	0.03173	0.59815	0.01983	0.04098	0.02908	0.02512	0.01586	0.01851	0.01322	0.01058	0.00925	0.00264	0.01851	0.00661	0.00529	0.01190
7	0.04410	0.02058	0.02575	0.01974	0.02775	0.01971	0.01631	0.18582	0.03459	0.43926	0.03610	0.03208	0.02320	0.01260	0.01030	0.00315	0.00944	0.01002	0.01203	0.01746

[dist]
# distance from previous block
# <min> <max>
0	11

[block]
# block no. 4 follows, 14 sequences, length 55
# corresponding to MSA columns:
# 239-293
name=unknown_E
#
# <colnr> <probs for GDERKNQSTAVLIFYWHMCP>
#	G	D	E	R	K	N	Q	S	T	A	V	L	I	F	Y	W	H	M	C	P
0	0.04350	0.01754	0.02355	0.01794	0.02600	0.01494	0.01478	0.04753	0.02854	0.52608	0.03820	0.03353	0.02436	0.01218	0.01004	0.00301	0.00862	0.00988	0.01202	0.08774
1	0.01250	0.00893	0.01191	0.01429	0.01488	0.00834	0.00953	0.01429	0.01965	0.02620	0.05656	0.63265	0.06787	0.03215	0.01310	0.00417	0.00595	0.02917	0.00953	0.00834
2	0.04604	0.01746	0.02382	0.01826	0.02620	0.01508	0.01508	0.05001	0.02937	0.58244	0.04049	0.03493	0.02540	0.01270	0.01032	0.00318	0.00873	0.01032	0.01270	0.01746
3	0.02644	0.02030	0.02174	0.01942	0.02502	0.02293	0.01515	0.05078	0.45584	0.08506	0.04075	0.03802	0.03030	0.01361	0.01007	0.00334	0.00780	0.01128	0.08655	0.01560
4	0.01278	0.01042	0.01130	0.01108	0.01426	0.00894	0.00831	0.01600	0.02494	0.03139	0.23132	0.09272	0.44152	0.02462	0.01212	0.00340	0.00510	0.02081	0.01001	0.00894
5	0.41632	0.01590	0.01356	0.01233	0.01731	0.01758	0.00989	0.02903	0.01967	0.07498	0.02293	0.02573	0.01758	0.01061	0.00689	0.00289	0.00682	0.00732	0.26174	0.01092
6	0.01489	0.01006	0.01178	0.01178	0.01198	0.01027	0.00695	0.01530	0.01510	0.02033	0.03180	0.06418	0.03602	0.57709	0.11273	0.01067	0.01189	0.01449	0.00614	0.00654
7	0.08791	0.01264	0.01639	0.01834	0.02112	0.01296	0.01598	0.02218	0.02299	0.03228	0.05022	0.10559	0.05414	0.02642	0.01337	0.00457	0.00929	0.45486	0.00913	0.00962
8	0.01336	0.00958	0.01276	0.01428	0.01551	0.00897	0.01012	0.01620	0.02248	0.03056	0.19394	0.44280	0.07494	0.02886	0.01292	0.00396	0.00593	0.06405	0.00999	0.00878
9	0.01492	0.00995	0.01119	0.01119	0.01119	0.00995	0.00622	0.01492	0.01492	0.01990	0.03233	0.06716	0.03731	0.63935	0.05223	0.00995	0.00995	0.01492	0.00622	0.00622
10	0.01250	0.00893	0.01191	0.01429	0.01488	0.00834	0.00953	0.01429	0.01965	0.02620	0.05656	0.63265	0.06787	0.03215	0.01310	0.00417	0.00595	0.02917	0.00953	0.00834
11	0.71184	0.01985	0.01508	0.01350	0.01985	0.02302	0.01111	0.03017	0.01746	0.04604	0.01429	0.01667	0.01111	0.00953	0.00635	0.00318	0.00794	0.00556	0.00635	0.01111
12	0.01492	0.00995	0.01119	0.01119	0.01119	0.00995	0.00622	0.01492	0.01492	0.01990	0.03233	0.06716	0.03731	0.63935	0.05223	0.00995	0.00995	0.01492	0.00622	0.00622
13	0.03321	0.01639	0.02091	0.01714	0.02308	0.01548	0.01373	0.07041	0.08722	0.31773	0.21098	0.04817	0.04867	0.01549	0.01091	0.00322	0.00756	0.01306	0.01186	0.01481
14	0.02744	0.64552	0.05378	0.01756	0.02634	0.04061	0.01756	0.03073	0.02085	0.02414	0.01427	0.01646	0.01317	0.00878	0.00658	0.00219	0.01097	0.00549	0.00439	0.01317
15	0.02744	0.64552	0.05378	0.01756	0.02634	0.04061	0.01756	0.03073	0.02085	0.02414	0.01427	0.01646	0.01317	0.00878	0.00658	0.00219	0.01097	0.00549	0.00439	0.01317
16	0.01452	0.01049	0.01372	0.01291	0.01533	0.00968	0.00968	0.01937	0.02905	0.04115	0.56992	0.07666	0.09683	0.02098	0.01210	0.00323	0.00484	0.01856	0.01130	0.00968
17	0.01250	0.00893	0.01191	0.01429	0.01488	0.00834	0.00953	0.01429	0.01965	0.02620	0.05656	0.63265	0.06787	0.03215	0.01310	0.00417	0.00595	0.02917	0.00953	0.00834
18	0.02744	0.64552	0.05378	0.01756	0.02634	0.04061	0.01756	0.03073	0.02085	0.02414	0.01427	0.01646	0.01317	0.00878	0.00658	0.00219	0.01097	0.00549	0.00439	0.01317
19	0.01246	0.01008	0.01107	0.01151	0.01424	0.00870	0.00837	0.01511	0.02314	0.02876	0.14132	0.21445	0.41128	0.02684	0.01234	0.00360	0.00533	0.02300	0.00971	0.00870
20	0.02059	0.01824	0.02471	0.23186	0.04107	0.01698	0.01807	0.02598	0.02101	0.03083	0.01824	0.02348	0.01465	0.00856	0.00856	0.00221	0.00980	0.00718	0.00553	0.45247
21	0.01783	0.00891	0.01337	0.01337	0.01337	0.00891	0.00891	0.01337	0.01337	0.01783	0.01783	0.03119	0.01783	0.03565	0.04011	0.70143	0.00891	0.00891	0.00446	0.00446
22	0.02093	0.01907	0.03078	0.56796	0.06761	0.02351	0.02779	0.06693	0.02271	0.02926	0.01875	0.02714	0.01398	0.01042	0.01026	0.00339	0.01349	0.00913	0.00501	0.01188
23	0.02472	0.01275	0.01698	0.01464	0.01885	0.01143	0.01143	0.02928	0.02915	0.21631	0.39860	0.06315	0.07372	0.01830	0.01153	0.00321	0.00610	0.01589	0.01175	0.01220
24	0.02540	0.02438	0.04165	0.06299	0.57533	0.02438	0.03149	0.03149	0.02337	0.03353	0.01930	0.02540	0.01626	0.00914	0.01016	0.00305	0.01219	0.00914	0.00508	0.01626
25	0.01364	0.00993	0.01309	0.01520	0.01663	0.00939	0.01138	0.01637	0.02122	0.02768	0.06116	0.42264	0.12102	0.03036	0.01331	0.00425	0.00689	0.16762	0.00950	0.00870
26	0.01481	0.01050	0.01221	0.01230	0.01516	0.00917	0.00902	0.01769	0.02384	0.06523	0.16936	0.22267	0.32927	0.02579	0.01225	0.00358	0.00555	0.02225	0.01004	0.00932
27	0.01564	0.01128	0.01418	0.01518	0.01681	0.01107	0.01065	0.07313	0.02378	0.03199	0.10573	0.50827	0.06526	0.02881	0.01268	0.00395	0.00643	0.02588	0.00979	0.00948
28	0.02128	0.01824	0.02128	0.01520	0.02432	0.01368	0.01216	0.02584	0.02128	0.03344	0.01824	0.02128	0.01520	0.00760	0.00760	0.00152	0.00760	0.00608	0.00608	0.70208
29	0.17502	0.01395	0.01526	0.01468	0.01859	0.01431	0.01135	0.02869	0.05558	0.12764	0.03911	0.20689	0.03744	0.01867	0.00995	0.00345	0.00705	0.05374	0.13732	0.01130
30	0.01441	0.00982	0.01164	0.01200	0.01241	0.00961	0.00728	0.01535	0.01758	0.02374	0.10365	0.17632	0.05053	0.44669	0.03978	0.00801	0.00855	0.01810	0.00748	0.00705
31	0.04604	0.01746	0.02382	0.01826	0.02620	0.01508	0.01508	0.05001	0.02937	0.58244	0.04049	0.03493	0.02540	0.01270	0.01032	0.00318	0.00873	0.01032	0.01270	0.01746
32	0.04236	0.02337	0.02747	0.02106	0.02914	0.02384	0.01740	0.30700	0.03925	0.31150	0.03219	0.02954	0.02124	0.01250	0.01029	0.00313	0.01007	0.00975	0.01143	0.01746
33	0.01394	0.01038	0.01315	0.01502	0.01619	0.01023	0.01027	0.01873	0.07886	0.02804	0.05493	0.56713	0.06384	0.03014	0.01281	0.00409	0.00619	0.02724	0.00963	0.00921
34	0.02076	0.01753	0.02076	0.01561	0.02398	0.01347	0.01264	0.02534	0.02154	0.03314	0.02222	0.03169	0.02003	0.00989	0.00832	0.00187	0.00780	0.06122	0.00645	0.62573
35	0.01250	0.00893	0.01191	0.01429	0.01488	0.00834	0.00953	0.01429	0.01965	0.02620	0.05656	0.63265	0.06787	0.03215	0.01310	0.00417	0.00595	0.02917	0.00953	0.00834
36	0.01631	0.01007	0.01324	0.01439	0.01610	0.00919	0.01004	0.01859	0.02157	0.08859	0.09132	0.49627	0.09733	0.02888	0.01267	0.00395	0.00614	0.02592	0.00999	0.00945
37	0.02001	0.01324	0.01941	0.01685	0.02097	0.01187	0.06836	0.02391	0.02515	0.12731	0.19191	0.18819	0.18781	0.02182	0.01201	0.00350	0.00721	0.01946	0.01005	0.01094
38	0.04377	0.02111	0.02607	0.01999	0.02802	0.02050	0.01651	0.20893	0.03548	0.41490	0.03536	0.03160	0.02283	0.01258	0.01030	0.00314	0.00956	0.00997	0.01191	0.01746
39	0.01466	0.01100	0.01649	0.01649	0.01833	0.01283	0.01283	0.01833	0.01649	0.02382	0.02749	0.04032	0.02566	0.07697	0.59868	0.01649	0.02749	0.01100	0.00550	0.00916
40	0.15693	0.02518	0.03015	0.02310	0.03118	0.02684	0.07445	0.31330	0.03704	0.14422	0.02503	0.02529	0.01746	0.01149	0.00979	0.00315	0.01094	0.00909	0.00942	0.01594
41	0.71184	0.01985	0.01508	0.01350	0.01985	0.02302	0.01111	0.03017	0.01746	0.04604	0.01429	0.01667	0.01111	0.00953	0.00635	0.00318	0.00794	0.00556	0.00635	0.01111
42	0.56396	0.02056	0.01778	0.01514	0.02187	0.02311	0.01248	0.08869	0.02218	0.10748	0.01833	0.01957	0.01339	0.01019	0.00722	0.00316	0.00840	0.00649	0.00749	0.01252
43	0.02553	0.02204	0.02320	0.02088	0.02669	0.02553	0.01624	0.05453	0.55679	0.04293	0.04177	0.03829	0.03133	0.01392	0.01044	0.00348	0.00812	0.01160	0.01044	0.01624
44	0.44851	0.02186	0.01955	0.01683	0.02339	0.02508	0.01367	0.12414	0.13788	0.04862	0.02195	0.02267	0.01653	0.01095	0.00790	0.00322	0.00856	0.00749	0.00790	0.01331
45	0.01325	0.01044	0.01195	0.01158	0.01455	0.00914	0.00868	0.01690	0.02604	0.03402	0.32248	0.08839	0.34871	0.02364	0.01212	0.00335	0.00503	0.02020	0.01036	0.00914
46	0.02708	0.01387	0.01810	0.01584	0.02024	0.01279	0.01224	0.06340	0.02841	0.23512	0.23347	0.17681	0.05966	0.01981	0.01155	0.00340	0.00691	0.01724	0.01136	0.01271
47	0.01412	0.01018	0.01336	0.01318	0.01524	0.00941	0.00965	0.01836	0.02718	0.03817	0.46771	0.18736	0.09106	0.02320	0.01230	0.00341	0.00506	0.02067	0.01094	0.00941
48	0.02128	0.01824	0.02128	0.01520	0.02432	0.01368	0.01216	0.02584	0.02128	0.03344	0.01824	0.02128	0.01520	0.00760	0.00760	0.00152	0.00760	0.00608	0.00608	0.70208
49	0.02358	0.02117	0.03361	0.20516	0.30323	0.02270	0.02651	0.08423	0.02485	0.03401	0.02440	0.10405	0.02232	0.01277	0.01058	0.00330	0.01170	0.01173	0.00608	0.01402
50	0.01968	0.01639	0.01961	0.01550	0.02283	0.01282	0.01232	0.02392	0.02134	0.03225	0.02690	0.10638	0.02647	0.01289	0.00900	0.00220	0.00760	0.06404	0.00687	0.54098
51	0.01360	0.00962	0.01246	0.01375	0.01475	0.00911	0.00943	0.01591	0.02110	0.02860	0.16183	0.38563	0.06830	0.13287	0.01961	0.00499	0.00661	0.05416	0.00934	0.00833
52	0.02050	0.01790	0.03118	0.40181	0.05638	0.02034	0.09262	0.02656	0.02141	0.06089	0.02633	0.12895	0.02370	0.01385	0.01098	0.00354	0.01257	0.01294	0.00597	0.01158
53	0.15450	0.06373	0.08690	0.01946	0.02723	0.02274	0.01756	0.16607	0.02910	0.20068	0.02537	0.02605	0.01792	0.01383	0.01237	0.07478	0.01012	0.00845	0.00866	0.01448
54	0.06670	0.01622	0.01714	0.01697	0.02025	0.07614	0.01276	0.02688	0.02314	0.15061	0.04565	0.33746	0.04797	0.02365	0.01176	0.00378	0.00846	0.07387	0.00955	0.01104

[dist]
# distance from previous block
# <min> <max>
1	24

[block]
# block no. 5 follows, 14 sequences, length 59
# corresponding to MSA columns:
# 318-376
name=unknown_F
#
# <colnr> <probs for GDERKNQSTAVLIFYWHMCP>
#	G	D	E	R	K	N	Q	S	T	A	V	L	I	F	Y	W	H	M	C	P
0	0.09463	0.07618	0.02407	0.02347	0.09837	0.01667	0.05164	0.02144	0.02038	0.02972	0.03986	0.37427	0.04513	0.02240	0.01122	0.00365	0.00836	0.02016	0.00773	0.01063
1	0.12339	0.02291	0.02260	0.01802	0.02487	0.08364	0.01440	0.10008	0.02577	0.03884	0.07214	0.02631	0.02260	0.01093	0.01030	0.00248	0.05325	0.00794	0.00702	0.31250
2	0.12811	0.02330	0.02465	0.11164	0.03325	0.08489	0.01721	0.10284	0.05321	0.15536	0.02419	0.02547	0.01744	0.01065	0.00910	0.00283	0.01057	0.00814	0.00798	0.14919
3	0.01763	0.01337	0.01756	0.06070	0.02230	0.01478	0.01317	0.07123	0.05724	0.02939	0.03547	0.19081	0.03655	0.12432	0.23713	0.00934	0.01580	0.01583	0.00734	0.01003
4	0.01303	0.00948	0.01241	0.01456	0.01568	0.00886	0.01034	0.01532	0.02058	0.02698	0.06090	0.50735	0.11604	0.03101	0.01315	0.00418	0.00637	0.09570	0.00952	0.00852
5	0.02345	0.30114	0.36325	0.02435	0.03685	0.03086	0.02939	0.03176	0.02133	0.02900	0.01668	0.01949	0.01307	0.00934	0.00842	0.00281	0.01341	0.00671	0.00436	0.01433
6	0.01275	0.00929	0.01201	0.01371	0.01485	0.00856	0.00938	0.01505	0.02134	0.02846	0.13360	0.50184	0.12137	0.02997	0.01286	0.00397	0.00572	0.02694	0.00978	0.00856
7	0.71184	0.01985	0.01508	0.01350	0.01985	0.02302	0.01111	0.03017	0.01746	0.04604	0.01429	0.01667	0.01111	0.00953	0.00635	0.00318	0.00794	0.00556	0.00635	0.01111
8	0.01827	0.01171	0.01544	0.01451	0.01762	0.01071	0.01076	0.02089	0.02183	0.08369	0.15031	0.19732	0.07815	0.03101	0.09741	0.08299	0.00954	0.01679	0.00861	0.10244
9	0.01619	0.01009	0.01302	0.01418	0.01600	0.00913	0.00990	0.01834	0.02126	0.08845	0.06145	0.49071	0.13410	0.02911	0.01265	0.00396	0.00616	0.02601	0.00988	0.00940
10	0.01466	0.01100	0.01649	0.01649	0.01833	0.01283	0.01283	0.01833	0.01649	0.02382	0.02749	0.04032	0.02566	0.07697	0.59868	0.01649	0.02749	0.01100	0.00550	0.00916
11	0.02058	0.01893	0.03146	0.04118	0.30067	0.01890	0.05969	0.02578	0.02218	0.03058	0.03631	0.04755	0.10040	0.02597	0.12036	0.00580	0.01415	0.06027	0.00622	0.01302
12	0.03093	0.01402	0.01864	0.01575	0.02097	0.01233	0.01241	0.03477	0.02765	0.32745	0.18951	0.12421	0.09038	0.01830	0.01127	0.00333	0.00708	0.01569	0.01170	0.01360
13	0.01472	0.01074	0.01519	0.01519	0.01658	0.01212	0.01121	0.01749	0.01611	0.02286	0.02868	0.04689	0.02851	0.21478	0.46477	0.01489	0.02319	0.01196	0.00567	0.00844
14	0.01569	0.01146	0.01536	0.01703	0.01956	0.01113	0.01454	0.02013	0.02420	0.03145	0.11884	0.10900	0.13548	0.02719	0.01365	0.00438	0.00834	0.38354	0.00967	0.00936
15	0.01522	0.01005	0.01316	0.01268	0.01432	0.00947	0.00900	0.01717	0.02340	0.03243	0.35107	0.06600	0.09861	0.09375	0.02328	0.17098	0.00641	0.01602	0.00899	0.00799
16	0.02052	0.01147	0.01562	0.01636	0.01895	0.01067	0.01257	0.02355	0.02273	0.14222	0.05264	0.36929	0.05672	0.02711	0.01282	0.00411	0.00747	0.15450	0.01016	0.01052
17	0.01250	0.00893	0.01191	0.01429	0.01488	0.00834	0.00953	0.01429	0.01965	0.02620	0.05656	0.63265	0.06787	0.03215	0.01310	0.00417	0.00595	0.02917	0.00953	0.00834
18	0.05960	0.01527	0.01792	0.01597	0.02035	0.01568	0.01239	0.03431	0.17912	0.11824	0.31464	0.05660	0.06345	0.01718	0.01107	0.00329	0.00649	0.01471	0.01098	0.01273
19	0.01270	0.01042	0.01119	0.01100	0.01421	0.00891	0.00825	0.01584	0.02474	0.03093	0.21541	0.09347	0.45772	0.02479	0.01212	0.00341	0.00511	0.02092	0.00995	0.00891
20	0.01492	0.00995	0.01119	0.01119	0.01119	0.00995	0.00622	0.01492	0.01492	0.01990	0.03233	0.06716	0.03731	0.63935	0.05223	0.00995	0.00995	0.01492	0.00622	0.00622
21	0.01820	0.00948	0.00990	0.01023	0.01237	0.00939	0.00751	0.02256	0.02126	0.03656	0.03673	0.12207	0.03216	0.01480	0.00801	0.00264	0.00495	0.01233	0.59948	0.00939
22	0.03493	0.02297	0.02572	0.02107	0.02816	0.02483	0.01696	0.20480	0.26465	0.18666	0.03611	0.03319	0.02551	0.01311	0.01036	0.00328	0.00926	0.01054	0.01096	0.01693
23	0.03833	0.04891	0.02908	0.02644	0.03173	0.59815	0.01983	0.04098	0.02908	0.02512	0.01586	0.01851	0.01322	0.01058	0.00925	0.00264	0.01851	0.00661	0.00529	0.01190
24	0.04090	0.02572	0.02892	0.02218	0.03031	0.02733	0.01832	0.40935	0.04318	0.20360	0.02889	0.02740	0.01959	0.01242	0.01028	0.00311	0.01061	0.00953	0.01092	0.01746
25	0.01213	0.01040	0.01040	0.01040	0.01386	0.00866	0.00780	0.01473	0.02339	0.02772	0.10396	0.09876	0.57117	0.02599	0.01213	0.00347	0.00520	0.02166	0.00953	0.00866
26	0.03833	0.04891	0.02908	0.02644	0.03173	0.59815	0.01983	0.04098	0.02908	0.02512	0.01586	0.01851	0.01322	0.01058	0.00925	0.00264	0.01851	0.00661	0.00529	0.01190
27	0.01213	0.01040	0.01040	0.01040	0.01386	0.00866	0.00780	0.01473	0.02339	0.02772	0.10396	0.09876	0.57117	0.02599	0.01213	0.00347	0.00520	0.02166	0.00953	0.00866
28	0.01599	0.01367	0.01876	0.01873	0.01911	0.01644	0.01406	0.01794	0.01827	0.02567	0.04145	0.41864	0.04879	0.02717	0.02032	0.00428	0.22151	0.02209	0.00776	0.00935
29	0.04604	0.01746	0.02382	0.01826	0.02620	0.01508	0.01508	0.05001	0.02937	0.58244	0.04049	0.03493	0.02540	0.01270	0.01032	0.00318	0.00873	0.01032	0.01270	0.01746
30	0.71184	0.01985	0.01508	0.01350	0.01985	0.02302	0.01111	0.03017	0.01746	0.04604	0.01429	0.01667	0.01111	0.00953	0.00635	0.00318	0.00794	0.00556	0.00635	0.01111
31	0.01377	0.01011	0.01291	0.01296	0.01506	0.00925	0.00944	0.01763	0.02617	0.03608	0.39516	0.21210	0.14281	0.02421	0.01234	0.00348	0.00515	0.02144	0.01068	0.00925
32	0.03833	0.04891	0.02908	0.02644	0.03173	0.59815	0.01983	0.04098	0.02908	0.02512	0.01586	0.01851	0.01322	0.01058	0.00925	0.00264	0.01851	0.00661	0.00529	0.01190
33	0.71184	0.01985	0.01508	0.01350	0.01985	0.02302	0.01111	0.03017	0.01746	0.04604	0.01429	0.01667	0.01111	0.00953	0.00635	0.00318	0.00794	0.00556	0.00635	0.01111
34	0.01250	0.00893	0.01191	0.01429	0.01488	0.00834	0.00953	0.01429	0.01965	0.02620	0.05656	0.63265	0.06787	0.03215	0.01310	0.00417	0.00595	0.02917	0.00953	0.00834
35	0.02058	0.05308	0.58618	0.02925	0.04442	0.02383	0.03792	0.03250	0.02167	0.03250	0.01842	0.02167	0.01300	0.00975	0.00975	0.00325	0.01517	0.00758	0.00433	0.01517
36	0.03612	0.01504	0.01956	0.01576	0.02201	0.01319	0.01275	0.04012	0.02757	0.40361	0.08593	0.04562	0.09171	0.01469	0.01021	0.00310	0.00749	0.01209	0.10863	0.01479
37	0.71184	0.01985	0.01508	0.01350	0.01985	0.02302	0.01111	0.03017	0.01746	0.04604	0.01429	0.01667	0.01111	0.00953	0.00635	0.00318	0.00794	0.00556	0.00635	0.01111
38	0.02422	0.02768	0.06055	0.04325	0.05363	0.02595	0.53806	0.03287	0.02422	0.03287	0.02076	0.02768	0.01557	0.00865	0.01211	0.00346	0.01730	0.01211	0.00519	0.01384
39	0.03025	0.02439	0.02587	0.02184	0.02849	0.02773	0.01739	0.22518	0.37844	0.05056	0.03576	0.03350	0.02646	0.01336	0.01038	0.00334	0.00923	0.01077	0.01038	0.01667
40	0.01639	0.01032	0.01269	0.01273	0.01387	0.00986	0.00826	0.01798	0.01966	0.06361	0.13860	0.20198	0.05487	0.33657	0.03256	0.00686	0.00796	0.01869	0.00839	0.00813
41	0.01348	0.01045	0.01226	0.01181	0.01469	0.00924	0.00886	0.01734	0.02657	0.03528	0.36611	0.08632	0.30430	0.02317	0.01211	0.00333	0.00500	0.01991	0.01052	0.00924
42	0.01293	0.01043	0.01151	0.01124	0.01435	0.00901	0.00843	0.01628	0.02529	0.03222	0.26015	0.09135	0.41217	0.02431	0.01212	0.00339	0.00508	0.02062	0.01012	0.00901
43	0.04604	0.01746	0.02382	0.01826	0.02620	0.01508	0.01508	0.05001	0.02937	0.58244	0.04049	0.03493	0.02540	0.01270	0.01032	0.00318	0.00873	0.01032	0.01270	0.01746
44	0.19112	0.01487	0.01502	0.01311	0.01788	0.01543	0.01045	0.06854	0.02395	0.13978	0.02949	0.03149	0.02185	0.01154	0.00777	0.00277	0.00673	0.00872	0.35757	0.01194
45	0.13992	0.01780	0.02258	0.01759	0.02530	0.01620	0.01452	0.04721	0.02769	0.50681	0.03679	0.03235	0.02339	0.01225	0.00976	0.00318	0.00862	0.00965	0.01181	0.01657
46	0.01363	0.01037	0.01253	0.01218	0.01483	0.00927	0.00906	0.01756	0.02665	0.03590	0.38787	0.11722	0.24903	0.02328	0.01217	0.00336	0.00502	0.02020	0.01062	0.00927
47	0.01467	0.00982	0.01260	0.01382	0.01546	0.00893	0.00963	0.01704	0.02180	0.06107	0.11955	0.45991	0.13955	0.02888	0.01269	0.00390	0.00589	0.02581	0.00991	0.00907
48	0.01648	0.01207	0.01489	0.01490	0.01685	0.01237	0.01060	0.05796	0.06127	0.03207	0.15311	0.26754	0.05771	0.13388	0.08437	0.00619	0.00935	0.01979	0.00901	0.00960
49	0.01896	0.01771	0.02458	0.02250	0.02271	0.02333	0.01792	0.02105	0.01709	0.02522	0.02858	0.23646	0.03255	0.02294	0.02646	0.00438	0.40501	0.01606	0.00626	0.01021
50	0.03833	0.04891	0.02908	0.02644	0.03173	0.59815	0.01983	0.04098	0.02908	0.02512	0.01586	0.01851	0.01322	0.01058	0.00925	0.00264	0.01851	0.00661	0.00529	0.01190
51	0.01332	0.00962	0.01241	0.01341	0.01478	0.00892	0.00930	0.01613	0.02291	0.03119	0.23809	0.37507	0.10621	0.06106	0.01483	0.00411	0.00574	0.02423	0.00997	0.00871
52	0.01813	0.01250	0.01624	0.01637	0.01810	0.01306	0.01232	0.07463	0.02184	0.02903	0.04259	0.24708	0.07439	0.02903	0.02134	0.19120	0.04330	0.10220	0.00795	0.00869
53	0.03299	0.02660	0.09752	0.02502	0.03357	0.02365	0.09369	0.17557	0.11806	0.18108	0.03182	0.03477	0.02330	0.01277	0.01073	0.00334	0.01134	0.03873	0.00943	0.01601
54	0.01285	0.00952	0.01201	0.01329	0.01479	0.00867	0.00924	0.01542	0.02228	0.02957	0.17161	0.41948	0.16625	0.02871	0.01271	0.00384	0.00558	0.02560	0.00989	0.00867
55	0.08328	0.01894	0.02276	0.01861	0.02525	0.01876	0.01495	0.13389	0.08243	0.31987	0.03820	0.11641	0.02955	0.01528	0.01044	0.00333	0.00869	0.01258	0.01115	0.01562
56	0.42384	0.02068	0.02015	0.08293	0.02811	0.02364	0.01489	0.08476	0.09773	0.08384	0.02151	0.02301	0.01590	0.01073	0.00803	0.00324	0.00899	0.00751	0.00757	0.01295
57	0.07319	0.16733	0.02689	0.05654	0.02423	0.06328	0.01392	0.02590	0.02074	0.05944	0.08040	0.03177	0.02573	0.05396	0.01764	0.14780	0.00983	0.00890	0.00617	0.08633
58	0.14505	0.01669	0.01890	0.01489	0.02196	0.01480	0.01199	0.03209	0.02347	0.19042	0.05934	0.03413	0.06365	0.01173	0.00869	0.00256	0.00745	0.00923	0.05821	0.25474

[dist]
# distance from previous block
# <min> <max>
0	10

[block]
# block no. 6 follows, 14 sequences, length 32
# corresponding to MSA columns:
# 430-461
name=unknown_G
#
# <colnr> <probs for GDERKNQSTAVLIFYWHMCP>
#	G	D	E	R	K	N	Q	S	T	A	V	L	I	F	Y	W	H	M	C	P
0	0.02956	0.09651	0.11244	0.01841	0.02591	0.01858	0.01737	0.06089	0.02694	0.23592	0.11878	0.07879	0.08557	0.01541	0.01038	0.00316	0.00907	0.01269	0.00957	0.01405
1	0.01849	0.01365	0.01671	0.01583	0.01881	0.01420	0.01194	0.02752	0.13824	0.06684	0.26532	0.18126	0.09337	0.02147	0.01304	0.00356	0.03965	0.01849	0.01036	0.01126
2	0.02172	0.01814	0.03115	0.40129	0.05626	0.02051	0.08537	0.02821	0.02306	0.08098	0.10276	0.03544	0.02738	0.01189	0.01076	0.00337	0.01234	0.01099	0.00640	0.01200
3	0.19241	0.41967	0.04174	0.01770	0.02484	0.03526	0.01658	0.02987	0.01942	0.02951	0.01418	0.01723	0.01271	0.01006	0.00977	0.00271	0.08311	0.00592	0.00488	0.01244
4	0.42803	0.01896	0.01838	0.01504	0.02224	0.01947	0.01235	0.03492	0.02127	0.18997	0.02200	0.02232	0.01561	0.01010	0.00762	0.00293	0.00810	0.00693	0.00804	0.11573
5	0.02245	0.02245	0.03143	0.02694	0.02694	0.03143	0.02245	0.02470	0.01572	0.02470	0.01347	0.02245	0.01347	0.01796	0.03368	0.00449	0.62057	0.00898	0.00449	0.01123
6	0.01305	0.00935	0.01239	0.01392	0.01500	0.00870	0.00957	0.01565	0.02217	0.03021	0.19437	0.48339	0.07565	0.02915	0.01283	0.00392	0.00566	0.02632	0.01000	0.00870
7	0.01492	0.00995	0.01119	0.01119	0.01119	0.00995	0.00622	0.01492	0.01492	0.01990	0.03233	0.06716	0.03731	0.63935	0.05223	0.00995	0.00995	0.01492	0.00622	0.00622
8	0.03901	0.02874	0.03080	0.02361	0.03182	0.03182	0.01951	0.54111	0.04825	0.06468	0.02464	0.02464	0.01745	0.01232	0.01027	0.00308	0.01129	0.00924	0.01027	0.01745
9	0.02950	0.01474	0.01880	0.01645	0.02130	0.01362	0.01272	0.08123	0.02749	0.26859	0.08141	0.23546	0.09335	0.02067	0.01149	0.00352	0.00752	0.01785	0.01106	0.01323
10	0.05588	0.01257	0.01576	0.01536	0.01775	0.01384	0.01159	0.06737	0.02043	0.03058	0.03197	0.12791	0.03150	0.10327	0.30407	0.01040	0.01740	0.01342	0.08924	0.00970
11	0.01250	0.00893	0.01191	0.01429	0.01488	0.00834	0.00953	0.01429	0.01965	0.02620	0.05656	0.63265	0.06787	0.03215	0.01310	0.00417	0.00595	0.02917	0.00953	0.00834
12	0.01910	0.01208	0.01606	0.01664	0.01985	0.01141	0.01402	0.02344	0.02510	0.09781	0.13858	0.09761	0.13704	0.02500	0.01309	0.00412	0.00803	0.30055	0.01013	0.01033
13	0.10193	0.01210	0.01501	0.01574	0.01848	0.01181	0.01199	0.02294	0.02165	0.11233	0.04866	0.36346	0.05295	0.02577	0.01210	0.00402	0.00733	0.12188	0.00960	0.01026
14	0.02128	0.01824	0.02128	0.01520	0.02432	0.01368	0.01216	0.02584	0.02128	0.03344	0.01824	0.02128	0.01520	0.00760	0.00760	0.00152	0.00760	0.00608	0.00608	0.70208
15	0.01338	0.00930	0.01165	0.01317	0.01355	0.00892	0.00833	0.01452	0.01794	0.02392	0.04780	0.42824	0.05683	0.25163	0.02724	0.00626	0.00740	0.02402	0.00833	0.00757
16	0.02896	0.01343	0.01730	0.01512	0.01962	0.01188	0.01143	0.03166	0.02423	0.29348	0.05279	0.17508	0.12337	0.11221	0.01743	0.00444	0.00777	0.01677	0.01056	0.01247
17	0.11595	0.01904	0.02346	0.01840	0.02605	0.01814	0.01513	0.09228	0.06509	0.44188	0.03632	0.03226	0.02354	0.01241	0.00989	0.00319	0.00884	0.00979	0.01165	0.01670
18	0.02635	0.01819	0.02021	0.01792	0.02315	0.01979	0.01399	0.04527	0.33853	0.12239	0.10353	0.04237	0.03756	0.01430	0.01015	0.00325	0.00734	0.01195	0.10908	0.01468
19	0.02804	0.02329	0.02462	0.02139	0.02764	0.02670	0.01685	0.14528	0.46195	0.04698	0.03857	0.03574	0.02874	0.01362	0.01041	0.00341	0.00871	0.01116	0.01041	0.01647
20	0.01380	0.00973	0.01262	0.01404	0.01502	0.00930	0.00977	0.01605	0.02060	0.02773	0.12786	0.37122	0.06494	0.15177	0.02093	0.00526	0.00703	0.08495	0.00912	0.00825
21	0.50902	0.02080	0.01877	0.01574	0.02261	0.02311	0.01298	0.10931	0.02388	0.13150	0.01987	0.02067	0.01426	0.01043	0.00755	0.00316	0.00856	0.00684	0.00791	0.01304
22	0.01250	0.00893	0.01191	0.01429	0.01488	0.00834	0.00953	0.01429	0.01965	0.02620	0.05656	0.63265	0.06787	0.03215	0.01310	0.00417	0.00595	0.02917	0.00953	0.00834
23	0.01250	0.00893	0.01191	0.01429	0.01488	0.00834	0.00953	0.01429	0.01965	0.02620	0.05656	0.63265	0.06787	0.03215	0.01310	0.00417	0.00595	0.02917	0.00953	0.00834
