[name]
unknown

[dist]
# distance from previous block
# <min> <max>
0	193

[block]
# block no. 0 follows, 11 sequences, length 31
# corresponding to MSA columns:
# 448-478
name=unknown_A
#
# <colnr> <probs for GDERKNQSTAVLIFYWHMCP>
#	G	D	E	R	K	N	Q	S	T	A	V	L	I	F	Y	W	H	M	C	P
0	0.01916	0.01379	0.01800	0.01926	0.02195	0.01387	0.01565	0.06828	0.02787	0.03697	0.09652	0.24657	0.06644	0.02984	0.01459	0.00469	0.00905	0.25592	0.01065	0.01092
1	0.03116	0.02320	0.04140	0.03164	0.03811	0.02403	0.19601	0.03565	0.02415	0.15984	0.02598	0.03166	0.01966	0.01727	0.02262	0.10266	0.14194	0.01150	0.00749	0.01403
2	0.02126	0.02001	0.03376	0.57739	0.07752	0.02501	0.03126	0.02876	0.02251	0.02876	0.02001	0.03001	0.01500	0.01125	0.01125	0.00375	0.01500	0.01000	0.00500	0.01250
3	0.02103	0.01263	0.01668	0.01503	0.01857	0.01149	0.01149	0.02620	0.03191	0.11846	0.45689	0.07732	0.09464	0.02167	0.01299	0.00353	0.00594	0.01902	0.01262	0.01188
4	0.02701	0.02588	0.04415	0.13439	0.47556	0.02652	0.03412	0.03380	0.02523	0.03574	0.02102	0.02813	0.01747	0.01019	0.01116	0.00340	0.01358	0.01003	0.00550	0.01714
5	0.01534	0.01105	0.01452	0.01456	0.01669	0.01023	0.01057	0.01977	0.02914	0.04081	0.40523	0.21948	0.09782	0.02624	0.01356	0.00381	0.00563	0.02343	0.01188	0.01023
6	0.01608	0.01206	0.01809	0.01809	0.02010	0.01407	0.01407	0.02010	0.01809	0.02613	0.03015	0.04422	0.02814	0.08441	0.55984	0.01809	0.03015	0.01206	0.00603	0.01005
7	0.02487	0.02385	0.03960	0.26184	0.29164	0.02706	0.03199	0.03133	0.02333	0.03241	0.01990	0.02828	0.01634	0.01175	0.01450	0.00370	0.08730	0.01000	0.00527	0.01505
8	0.01371	0.00979	0.01306	0.01567	0.01632	0.00914	0.01045	0.01567	0.02155	0.02873	0.06203	0.59710	0.07444	0.03526	0.01437	0.00457	0.00653	0.03200	0.01045	0.00914
9	0.04204	0.05364	0.03190	0.02900	0.03480	0.55926	0.02175	0.04494	0.03190	0.02755	0.01740	0.02030	0.01450	0.01160	0.01015	0.00290	0.02030	0.00725	0.00580	0.01305
10	0.12869	0.16163	0.18526	0.02223	0.03280	0.02644	0.02349	0.03884	0.02569	0.16946	0.06155	0.02986	0.02420	0.01216	0.00973	0.00327	0.01178	0.00914	0.00805	0.01572
11	0.02762	0.04814	0.33185	0.11455	0.04947	0.09565	0.03471	0.09838	0.02857	0.03834	0.02074	0.02472	0.01507	0.01128	0.01079	0.00348	0.01628	0.00869	0.00581	0.01588
12	0.68395	0.02177	0.01654	0.01480	0.02177	0.02525	0.01219	0.03309	0.01915	0.05050	0.01567	0.01828	0.01219	0.01045	0.00697	0.00348	0.00871	0.00609	0.00697	0.01219
13	0.02571	0.02406	0.03759	0.03037	0.03454	0.02840	0.12671	0.09649	0.02512	0.03563	0.02480	0.08564	0.02337	0.02520	0.08334	0.00586	0.25396	0.01312	0.00671	0.01340
14	0.01955	0.00978	0.01466	0.01466	0.01466	0.00978	0.00978	0.01466	0.01466	0.01955	0.01955	0.03421	0.01955	0.03910	0.04399	0.67253	0.00978	0.00978	0.00489	0.00489
15	0.02593	0.39866	0.16123	0.02098	0.03132	0.03524	0.02269	0.03155	0.02348	0.02912	0.03119	0.03266	0.09044	0.01265	0.00890	0.00287	0.01213	0.00915	0.00563	0.01421
16	0.03009	0.61122	0.05898	0.01926	0.02889	0.04454	0.01926	0.03370	0.02287	0.02648	0.01565	0.01805	0.01444	0.00963	0.00722	0.00241	0.01204	0.00602	0.00481	0.01444
17	0.02634	0.02490	0.04069	0.18183	0.37259	0.02648	0.03193	0.03599	0.07883	0.03605	0.02362	0.02992	0.01900	0.01089	0.01120	0.00349	0.01326	0.01032	0.00609	0.01659
18	0.68395	0.02177	0.01654	0.01480	0.02177	0.02525	0.01219	0.03309	0.01915	0.05050	0.01567	0.01828	0.01219	0.01045	0.00697	0.00348	0.00871	0.00609	0.00697	0.01219
19	0.02800	0.02418	0.02545	0.02291	0.02927	0.02800	0.01782	0.05981	0.51390	0.04708	0.04581	0.04199	0.03436	0.01527	0.01145	0.00382	0.00891	0.01273	0.01145	0.01782
20	0.68395	0.02177	0.01654	0.01480	0.02177	0.02525	0.01219	0.03309	0.01915	0.05050	0.01567	0.01828	0.01219	0.01045	0.00697	0.00348	0.00871	0.00609	0.00697	0.01219
21	0.02003	0.01765	0.02361	0.02161	0.02276	0.02186	0.01736	0.02293	0.02119	0.02994	0.10150	0.06413	0.09478	0.11254	0.03125	0.00558	0.27309	0.07994	0.00759	0.01065
22	0.01992	0.01263	0.01492	0.01368	0.01784	0.01097	0.01049	0.02385	0.02881	0.11404	0.24673	0.08918	0.30606	0.02437	0.01299	0.00366	0.00616	0.02067	0.01166	0.01137
23	0.03765	0.02781	0.03187	0.02917	0.09584	0.03025	0.02109	0.36790	0.04509	0.06227	0.02770	0.02933	0.02040	0.01301	0.01074	0.00326	0.01146	0.01017	0.10729	0.01770
24	0.01869	0.01095	0.01255	0.01215	0.01479	0.01055	0.00911	0.02397	0.02734	0.04340	0.25927	0.06103	0.06387	0.01759	0.01032	0.00304	0.00527	0.01496	0.37060	0.01055
25	0.02368	0.13983	0.47424	0.03019	0.04579	0.02885	0.03829	0.03536	0.02363	0.03429	0.01953	0.02292	0.01429	0.01054	0.01018	0.00339	0.01596	0.00798	0.00476	0.01631
26	0.01789	0.01305	0.01803	0.01796	0.02010	0.01473	0.01355	0.02396	0.08163	0.02811	0.03378	0.09771	0.03230	0.06393	0.35875	0.11148	0.02205	0.01380	0.00700	0.01019
27	0.02083	0.01273	0.01737	0.01812	0.02107	0.01206	0.01462	0.02521	0.02699	0.10029	0.15679	0.21264	0.07093	0.02813	0.01426	0.00448	0.00833	0.21262	0.01127	0.01127
28	0.02340	0.11929	0.49233	0.03066	0.04652	0.02817	0.03912	0.03543	0.02366	0.03463	0.01970	0.02313	0.01428	0.01058	0.01031	0.00344	0.01613	0.00806	0.00476	0.01639
29	0.02475	0.02438	0.04655	0.03453	0.04286	0.02334	0.29018	0.07730	0.03091	0.04247	0.18657	0.04739	0.04609	0.01426	0.01308	0.00367	0.01390	0.01525	0.00841	0.01410
30	0.10132	0.02167	0.02616	0.09201	0.03382	0.02289	0.01846	0.17023	0.03337	0.19041	0.03366	0.04335	0.02667	0.07978	0.01629	0.00445	0.01121	0.04852	0.01023	0.01550

[dist]
# distance from previous block
# <min> <max>
12	80

[block]
# block no. 1 follows, 11 sequences, length 6
# corresponding to MSA columns:
# 559-564
name=unknown_B
#
# <colnr> <probs for GDERKNQSTAVLIFYWHMCP>
#	G	D	E	R	K	N	Q	S	T	A	V	L	I	F	Y	W	H	M	C	P
0	0.02364	0.02328	0.03427	0.18934	0.04354	0.03171	0.02656	0.02757	0.01877	0.02757	0.01630	0.02619	0.01484	0.01724	0.02945	0.00458	0.41793	0.00989	0.00495	0.01237
1	0.03267	0.02608	0.03668	0.14241	0.12358	0.02833	0.06923	0.17444	0.11905	0.08843	0.02902	0.03161	0.02130	0.01247	0.01147	0.00357	0.01284	0.01094	0.00885	0.01702
2	0.02461	0.01368	0.01633	0.01440	0.01943	0.01175	0.01124	0.02833	0.02865	0.18221	0.16621	0.08366	0.30920	0.02329	0.01272	0.00366	0.00676	0.01953	0.01181	0.01251
3	0.03126	0.03575	0.17959	0.02611	0.03600	0.02844	0.02551	0.23537	0.12180	0.05205	0.03199	0.08843	0.02617	0.01528	0.01145	0.00363	0.01240	0.01235	0.00931	0.01713
4	0.21684	0.02765	0.09030	0.12975	0.10597	0.02536	0.12852	0.03304	0.02302	0.03908	0.01952	0.02520	0.01505	0.01018	0.01014	0.00344	0.01347	0.00914	0.00591	0.06842
5	0.18312	0.03820	0.26783	0.18693	0.05056	0.02559	0.03142	0.03301	0.02227	0.03725	0.01904	0.02425	0.01397	0.01080	0.00995	0.00360	0.01423	0.00827	0.00536	0.01435

[dist]
# distance from previous block
# <min> <max>
4	75

[block]
# block no. 2 follows, 11 sequences, length 17
# corresponding to MSA columns:
# 640-656
name=unknown_C
#
# <colnr> <probs for GDERKNQSTAVLIFYWHMCP>
#	G	D	E	R	K	N	Q	S	T	A	V	L	I	F	Y	W	H	M	C	P
0	0.02090	0.01953	0.03176	0.45624	0.06570	0.02453	0.02838	0.02725	0.02179	0.02856	0.02361	0.08634	0.02095	0.01466	0.01460	0.00397	0.08135	0.01219	0.00554	0.01214
1	0.03740	0.03337	0.04428	0.03326	0.04273	0.08547	0.17603	0.30042	0.04217	0.05515	0.02466	0.02744	0.01800	0.01200	0.01181	0.00347	0.01534	0.01088	0.00889	0.01723
2	0.44029	0.02699	0.10286	0.01869	0.02757	0.02349	0.01782	0.03825	0.02274	0.15559	0.02267	0.02353	0.01594	0.01125	0.00851	0.00350	0.01016	0.00759	0.00814	0.01442
3	0.25240	0.16978	0.15589	0.02258	0.03249	0.02900	0.06507	0.03350	0.02221	0.03919	0.01928	0.02276	0.01516	0.01046	0.00857	0.00320	0.01201	0.00766	0.06487	0.01390
4	0.03428	0.20619	0.12123	0.02537	0.03478	0.15360	0.02371	0.14507	0.08125	0.04042	0.02240	0.02392	0.01750	0.01170	0.00978	0.00307	0.01439	0.00828	0.00717	0.01589
5	0.02971	0.02562	0.03099	0.03365	0.14359	0.02853	0.02200	0.10574	0.34954	0.04758	0.03804	0.03704	0.02884	0.01388	0.01136	0.00366	0.01032	0.01181	0.01011	0.01797
6	0.01994	0.01593	0.01644	0.01466	0.01964	0.01522	0.01144	0.12431	0.03179	0.03953	0.09444	0.09002	0.41476	0.02513	0.01284	0.00371	0.00721	0.02069	0.01063	0.01167
7	0.01994	0.01593	0.01644	0.01466	0.01964	0.01522	0.01144	0.12431	0.03179	0.03953	0.09444	0.09002	0.41476	0.02513	0.01284	0.00371	0.00721	0.02069	0.01063	0.01167
8	0.03371	0.02849	0.03129	0.14941	0.04290	0.06935	0.02263	0.23483	0.17459	0.05152	0.03003	0.03142	0.02216	0.01336	0.01123	0.00355	0.01258	0.01062	0.00950	0.01682
9	0.01883	0.01003	0.01413	0.01413	0.01413	0.01003	0.00911	0.01505	0.01505	0.02006	0.02313	0.04309	0.02436	0.16635	0.04698	0.52362	0.01003	0.01126	0.00532	0.00532
10	0.02729	0.02259	0.02666	0.02308	0.02742	0.02657	0.01840	0.14020	0.17041	0.04577	0.11402	0.09102	0.04155	0.01897	0.01799	0.00400	0.14483	0.01443	0.00993	0.01487
11	0.02800	0.36303	0.15874	0.03318	0.14681	0.03665	0.02741	0.03430	0.02368	0.03073	0.01785	0.02146	0.01517	0.00994	0.00884	0.00286	0.01331	0.00741	0.00497	0.01567
12	0.03239	0.01971	0.02666	0.14405	0.03884	0.01779	0.01849	0.03773	0.02626	0.21200	0.02856	0.03009	0.02022	0.01095	0.01004	0.00277	0.01027	0.00905	0.00884	0.29530
13	0.03084	0.15227	0.22870	0.07808	0.04282	0.03259	0.02939	0.19287	0.03348	0.04535	0.02164	0.02436	0.01604	0.01151	0.01027	0.00329	0.01414	0.00865	0.00702	0.01669
14	0.01787	0.01787	0.06415	0.01588	0.02092	0.01406	0.01356	0.07497	0.02843	0.03633	0.11258	0.16710	0.32275	0.02581	0.01299	0.00384	0.00761	0.02181	0.01014	0.01131
15	0.20034	0.03779	0.18024	0.02527	0.03527	0.06112	0.02519	0.18682	0.03227	0.05008	0.02079	0.02327	0.01538	0.01215	0.01146	0.00352	0.04728	0.00837	0.00754	0.01585
16	0.02847	0.15370	0.03071	0.01962	0.02658	0.02730	0.01634	0.07646	0.22334	0.08498	0.05190	0.04916	0.13264	0.01654	0.01086	0.00343	0.00925	0.01322	0.00995	0.01552

[dist]
# distance from previous block
# <min> <max>
2	9

[block]
# block no. 3 follows, 11 sequences, length 7
# corresponding to MSA columns:
# 666-672
name=unknown_D
#
# <colnr> <probs for GDERKNQSTAVLIFYWHMCP>
#	G	D	E	R	K	N	Q	S	T	A	V	L	I	F	Y	W	H	M	C	P
0	0.06795	0.05490	0.02021	0.05040	0.02256	0.01679	0.01321	0.05370	0.02686	0.03826	0.22659	0.06979	0.06206	0.15715	0.02272	0.00536	0.00893	0.06238	0.00943	0.01075
1	0.53000	0.02233	0.01863	0.01670	0.02353	0.02589	0.01351	0.03936	0.13527	0.04970	0.02275	0.02385	0.01739	0.01158	0.00802	0.00356	0.00875	0.00765	0.00802	0.01351
2	0.02560	0.01996	0.01519	0.01455	0.01787	0.13088	0.01091	0.03033	0.02542	0.03880	0.03248	0.03721	0.02570	0.01278	0.00837	0.00268	0.00855	0.00978	0.52189	0.01105
3	0.17562	0.15520	0.07196	0.02268	0.03049	0.17035	0.01973	0.04280	0.13974	0.03757	0.02354	0.02475	0.01862	0.01173	0.00919	0.00319	0.01310	0.00811	0.00710	0.01454
4	0.02248	0.02069	0.03250	0.02675	0.03127	0.02301	0.12771	0.03296	0.12843	0.03246	0.03047	0.04258	0.02710	0.13090	0.14727	0.00841	0.10226	0.01290	0.00711	0.01274
5	0.01392	0.01143	0.01226	0.01205	0.01558	0.00976	0.00904	0.01735	0.02711	0.03386	0.21125	0.10263	0.43028	0.02722	0.01330	0.00374	0.00561	0.02296	0.01091	0.00976
6	0.01992	0.01202	0.01885	0.13812	0.02845	0.01312	0.01449	0.01775	0.01638	0.02157	0.01965	0.03329	0.01855	0.03299	0.03681	0.52581	0.01092	0.00983	0.00491	0.00656

[dist]
# distance from previous block
# <min> <max>
0	2

[block]
# block no. 4 follows, 11 sequences, length 12
# corresponding to MSA columns:
# 675-686
name=unknown_E
#
# <colnr> <probs for GDERKNQSTAVLIFYWHMCP>
#	G	D	E	R	K	N	Q	S	T	A	V	L	I	F	Y	W	H	M	C	P
0	0.01416	0.01133	0.01200	0.01189	0.01488	0.00988	0.00850	0.01680	0.02477	0.03067	0.15016	0.09929	0.39250	0.12928	0.02105	0.00502	0.00657	0.02204	0.01005	0.00916
1	0.02930	0.02894	0.04055	0.05155	0.32024	0.09466	0.06670	0.07755	0.02861	0.03778	0.02630	0.09568	0.02429	0.01356	0.01159	0.00347	0.01382	0.01260	0.00674	0.01607
2	0.10954	0.02937	0.03801	0.12665	0.04487	0.08026	0.11461	0.17007	0.03212	0.04488	0.02122	0.02624	0.01622	0.01253	0.01414	0.00368	0.08339	0.00994	0.00728	0.01498
3	0.02337	0.01303	0.01692	0.01508	0.01855	0.01193	0.01121	0.02754	0.02921	0.14687	0.33843	0.07249	0.07802	0.12348	0.02061	0.00483	0.00721	0.01773	0.01174	0.01177
4	0.02304	0.02450	0.05093	0.03790	0.04636	0.02295	0.35110	0.03071	0.02631	0.03584	0.08959	0.13654	0.03774	0.01563	0.01347	0.00390	0.01516	0.01742	0.00732	0.01358
5	0.18851	0.14522	0.09879	0.16953	0.04452	0.03028	0.05791	0.03202	0.02169	0.03490	0.01778	0.02345	0.01423	0.01133	0.01189	0.00351	0.06725	0.00825	0.00546	0.01349
6	0.03122	0.07403	0.15581	0.07629	0.03898	0.02576	0.02461	0.12075	0.07637	0.11414	0.02692	0.02825	0.01948	0.01165	0.01034	0.00314	0.01219	0.00919	0.00822	0.13265
7	0.07990	0.02742	0.09119	0.03050	0.11750	0.07275	0.02252	0.08548	0.02571	0.03673	0.02456	0.03233	0.02091	0.04066	0.23154	0.00928	0.02068	0.01006	0.00648	0.01379
8	0.02477	0.02428	0.08648	0.06562	0.07897	0.02129	0.02104	0.15248	0.03181	0.04241	0.04963	0.16451	0.12217	0.02085	0.01244	0.00385	0.01067	0.04366	0.00913	0.01396
9	0.02360	0.06900	0.12294	0.02866	0.07999	0.02202	0.07711	0.06681	0.02562	0.03551	0.03150	0.11116	0.03100	0.08568	0.01699	0.00439	0.01240	0.05527	0.00719	0.09316
10	0.10565	0.02442	0.03282	0.09328	0.03821	0.02623	0.07530	0.11830	0.02764	0.04206	0.02022	0.02531	0.01612	0.01206	0.01471	0.00329	0.11258	0.00900	0.00695	0.19585
11	0.06262	0.07964	0.06805	0.06895	0.03272	0.02623	0.05360	0.08415	0.05409	0.03556	0.03264	0.04230	0.06970	0.11895	0.02346	0.00503	0.11021	0.01209	0.00708	0.01295

[dist]
# distance from previous block
# <min> <max>
3	102

[block]
# block no. 5 follows, 11 sequences, length 21
# corresponding to MSA columns:
# 789-809
name=unknown_F
#
# <colnr> <probs for GDERKNQSTAVLIFYWHMCP>
#	G	D	E	R	K	N	Q	S	T	A	V	L	I	F	Y	W	H	M	C	P
0	0.12630	0.02624	0.12483	0.08434	0.03538	0.02213	0.07486	0.02742	0.02055	0.03252	0.02607	0.08163	0.02547	0.15408	0.02473	0.00557	0.07710	0.01267	0.00620	0.01191
1	0.02691	0.02257	0.02756	0.24488	0.04674	0.07932	0.02200	0.06952	0.02667	0.07804	0.02963	0.08370	0.02663	0.06163	0.01505	0.00414	0.01297	0.04127	0.00748	0.07331
2	0.03762	0.18080	0.12251	0.02263	0.03270	0.02810	0.02198	0.08356	0.07844	0.23429	0.03157	0.03004	0.02202	0.01237	0.01016	0.00324	0.01157	0.00948	0.00955	0.01737
3	0.25867	0.02599	0.02730	0.02244	0.02902	0.10052	0.06764	0.03530	0.02489	0.09702	0.07884	0.03065	0.02617	0.01302	0.01218	0.00343	0.06382	0.00966	0.00785	0.06560
4	0.14408	0.06544	0.11124	0.02217	0.03203	0.02162	0.07267	0.03247	0.02399	0.07980	0.03159	0.03348	0.07232	0.01198	0.00975	0.00297	0.01100	0.00979	0.00720	0.20442
5	0.02808	0.02160	0.07827	0.02027	0.02659	0.01776	0.01793	0.11217	0.03145	0.14390	0.09226	0.15322	0.10197	0.02200	0.01275	0.00394	0.00964	0.08124	0.01083	0.01410
6	0.02457	0.14732	0.34750	0.03231	0.09744	0.02821	0.03380	0.03438	0.02377	0.03428	0.01949	0.02318	0.01496	0.01017	0.00988	0.00313	0.01456	0.00793	0.00506	0.08806
7	0.01371	0.00979	0.01306	0.01567	0.01632	0.00914	0.01045	0.01567	0.02155	0.02873	0.06203	0.59710	0.07444	0.03526	0.01437	0.00457	0.00653	0.03200	0.01045	0.00914
8	0.02334	0.02001	0.02334	0.01667	0.02667	0.01500	0.01334	0.02834	0.02334	0.03668	0.02001	0.02334	0.01667	0.00834	0.00834	0.00167	0.00834	0.00667	0.00667	0.67325
9	0.03160	0.03577	0.24358	0.02420	0.03657	0.02016	0.02620	0.03978	0.02632	0.19588	0.02779	0.02825	0.01919	0.01109	0.01027	0.00304	0.01221	0.00883	0.00816	0.19112
10	0.03301	0.01970	0.02433	0.01787	0.02741	0.01555	0.01448	0.03778	0.02650	0.21660	0.02869	0.02867	0.02065	0.01033	0.00940	0.00231	0.00878	0.00832	0.00925	0.44038
11	0.02318	0.05439	0.48757	0.03105	0.04653	0.02635	0.03891	0.03836	0.07889	0.03693	0.02308	0.02581	0.01652	0.01121	0.01078	0.00359	0.01577	0.00881	0.00551	0.01677
12	0.01651	0.01320	0.01761	0.10522	0.02741	0.01385	0.01442	0.02284	0.07840	0.03098	0.05811	0.40041	0.10069	0.02857	0.01344	0.00429	0.00807	0.02557	0.00970	0.01070
13	0.27781	0.02472	0.02864	0.15040	0.09665	0.02811	0.02164	0.16416	0.03025	0.04986	0.02050	0.02450	0.01544	0.01145	0.00963	0.00350	0.01170	0.00857	0.00759	0.01488
14	0.03558	0.04373	0.08875	0.03058	0.07827	0.31574	0.02359	0.07720	0.07973	0.03566	0.02316	0.02576	0.01825	0.01199	0.01033	0.00312	0.01634	0.00864	0.05899	0.01461
15	0.01416	0.01011	0.01357	0.01618	0.01703	0.00952	0.01122	0.01644	0.02199	0.02923	0.06179	0.54993	0.07347	0.03484	0.01448	0.00463	0.00691	0.07479	0.01044	0.00926
16	0.03018	0.09214	0.26328	0.02654	0.03887	0.02804	0.02885	0.13640	0.07145	0.08175	0.02520	0.02654	0.01824	0.01161	0.01040	0.00326	0.01338	0.00895	0.00757	0.07735
17	0.03212	0.23003	0.13632	0.03198	0.09201	0.12669	0.07930	0.03834	0.02621	0.07768	0.02081	0.02379	0.01632	0.01059	0.00985	0.00306	0.01503	0.00840	0.00600	0.01547
18	0.01368	0.01077	0.01235	0.01333	0.01578	0.00945	0.00947	0.01636	0.02451	0.03091	0.12615	0.30174	0.31409	0.03077	0.01373	0.00409	0.00600	0.02678	0.01060	0.00945
19	0.03393	0.01654	0.02175	0.01862	0.02435	0.01570	0.01469	0.04124	0.08354	0.28381	0.13006	0.10845	0.04750	0.02607	0.07477	0.00532	0.01077	0.01541	0.01210	0.01537
20	0.02729	0.02753	0.03927	0.10472	0.37864	0.08563	0.02994	0.03320	0.02606	0.03429	0.03077	0.03597	0.07306	0.01234	0.01127	0.00338	0.01348	0.01121	0.00608	0.01589

[dist]
# distance from previous block
# <min> <max>
0	9

[block]
# block no. 6 follows, 11 sequences, length 8
# corresponding to MSA columns:
# 819-826
name=unknown_G
#
# <colnr> <probs for GDERKNQSTAVLIFYWHMCP>
#	G	D	E	R	K	N	Q	S	T	A	V	L	I	F	Y	W	H	M	C	P
0	0.02126	0.02001	0.03376	0.57739	0.07752	0.02501	0.03126	0.02876	0.02251	0.02876	0.02001	0.03001	0.01500	0.01125	0.01125	0.00375	0.01500	0.01000	0.00500	0.01250
1	0.02464	0.21050	0.41199	0.02855	0.04325	0.03120	0.03544	0.03511	0.02352	0.03312	0.01895	0.02219	0.01431	0.01040	0.00974	0.00325	0.01537	0.00768	0.00477	0.01603
2	0.02535	0.02291	0.03641	0.39707	0.17376	0.02660	0.03078	0.08724	0.02692	0.03569	0.02112	0.02916	0.01614	0.01126	0.01123	0.00361	0.01432	0.01002	0.00589	0.01450
3	0.01743	0.01190	0.01353	0.01333	0.01694	0.01025	0.00991	0.02046	0.02606	0.08394	0.13123	0.19241	0.35609	0.02784	0.01330	0.00389	0.00623	0.02377	0.01097	0.01052
4	0.04215	0.01845	0.02443	0.01882	0.02707	0.01563	0.01535	0.04671	0.03069	0.40278	0.09371	0.04086	0.03463	0.01400	0.01104	0.00319	0.00890	0.01154	0.01255	0.12749
5	0.03720	0.02618	0.03095	0.02536	0.03187	0.08547	0.05718	0.14433	0.03339	0.19188	0.03504	0.08558	0.02898	0.01706	0.01476	0.00381	0.07538	0.04965	0.01013	0.01580
6	0.02514	0.02251	0.04452	0.03430	0.04195	0.02105	0.27895	0.03190	0.02595	0.08619	0.03822	0.16888	0.03676	0.01831	0.01360	0.00410	0.01419	0.07165	0.00817	0.01366
7	0.01808	0.01152	0.01430	0.01478	0.01749	0.01026	0.01062	0.02093	0.02507	0.09027	0.12474	0.33645	0.20414	0.02954	0.01359	0.00411	0.00651	0.02598	0.01106	0.01056

[dist]
# distance from previous block
# <min> <max>
0	1

[block]
# block no. 7 follows, 11 sequences, length 68
# corresponding to MSA columns:
# 828-895
name=unknown_H
#
# <colnr> <probs for GDERKNQSTAVLIFYWHMCP>
#	G	D	E	R	K	N	Q	S	T	A	V	L	I	F	Y	W	H	M	C	P
0	0.02970	0.02287	0.02549	0.02621	0.07266	0.08095	0.01928	0.12708	0.03215	0.09619	0.04328	0.15190	0.04284	0.02211	0.01299	0.00409	0.01148	0.15481	0.01000	0.01393
1	0.03238	0.02599	0.03936	0.10448	0.23709	0.02713	0.06624	0.12289	0.08686	0.10210	0.02776	0.03099	0.02075	0.01180	0.01141	0.00350	0.01289	0.01078	0.00819	0.01741
2	0.02790	0.02946	0.04000	0.09680	0.12731	0.11600	0.13447	0.03416	0.02589	0.03408	0.02041	0.02598	0.01640	0.00979	0.01062	0.00290	0.01453	0.00928	0.00592	0.21810
3	0.34470	0.15124	0.07909	0.02183	0.03036	0.11041	0.05311	0.03546	0.02281	0.03970	0.01686	0.01992	0.01355	0.01041	0.00830	0.00320	0.01262	0.00698	0.00605	0.01340
4	0.01608	0.01206	0.01809	0.01809	0.02010	0.01407	0.01407	0.02010	0.01809	0.02613	0.03015	0.04422	0.02814	0.08441	0.55984	0.01809	0.03015	0.01206	0.00603	0.01005
5	0.01368	0.00994	0.01291	0.01529	0.01622	0.00917	0.01028	0.01572	0.02192	0.02888	0.06672	0.55301	0.11551	0.03465	0.01427	0.00450	0.00646	0.03125	0.01045	0.00917
6	0.10525	0.02135	0.02849	0.11572	0.09304	0.02157	0.02033	0.03399	0.02380	0.12086	0.02316	0.02701	0.01768	0.01144	0.01262	0.00307	0.07367	0.00866	0.00733	0.23095
7	0.08077	0.02318	0.03619	0.26134	0.14928	0.02528	0.06387	0.07685	0.02734	0.11193	0.02434	0.02966	0.01776	0.01141	0.01107	0.00358	0.01348	0.01017	0.00720	0.01530
8	0.01371	0.00979	0.01306	0.01567	0.01632	0.00914	0.01045	0.01567	0.02155	0.02873	0.06203	0.59710	0.07444	0.03526	0.01437	0.00457	0.00653	0.03200	0.01045	0.00914
9	0.01445	0.01020	0.01315	0.01488	0.01565	0.00963	0.00981	0.01645	0.02181	0.02939	0.11159	0.44259	0.07208	0.13680	0.02200	0.00560	0.00718	0.02781	0.01002	0.00889
10	0.10559	0.31527	0.19296	0.02323	0.03452	0.03583	0.02518	0.08710	0.02613	0.03703	0.01827	0.02077	0.01466	0.01048	0.00866	0.00298	0.01303	0.00717	0.00578	0.01536
11	0.01453	0.01182	0.01647	0.01667	0.01910	0.01068	0.04543	0.01732	0.02321	0.02980	0.07550	0.40154	0.21347	0.03124	0.01395	0.00427	0.00719	0.02802	0.01010	0.00970
12	0.01637	0.01091	0.01228	0.01228	0.01228	0.01091	0.00682	0.01637	0.01637	0.02182	0.03546	0.07365	0.04092	0.60445	0.05729	0.01091	0.01091	0.01637	0.00682	0.00682
13	0.02459	0.02309	0.03743	0.31690	0.24913	0.02602	0.03100	0.03455	0.07987	0.03396	0.02341	0.03054	0.01831	0.01124	0.01123	0.00360	0.01367	0.01032	0.00596	0.01518
14	0.02479	0.02453	0.04375	0.03382	0.04182	0.02454	0.25293	0.03950	0.16215	0.03991	0.09216	0.05049	0.03751	0.01505	0.01302	0.00392	0.01364	0.06301	0.00858	0.01485
15	0.02098	0.01049	0.01049	0.01049	0.01311	0.01049	0.00787	0.02623	0.02360	0.04196	0.03672	0.04196	0.02885	0.01311	0.00787	0.00262	0.00525	0.01049	0.66693	0.01049
16	0.02257	0.05822	0.54613	0.03208	0.04871	0.02614	0.04158	0.03564	0.02376	0.03564	0.02020	0.02376	0.01426	0.01069	0.01069	0.00356	0.01663	0.00832	0.00475	0.01663
17	0.03009	0.61122	0.05898	0.01926	0.02889	0.04454	0.01926	0.03370	0.02287	0.02648	0.01565	0.01805	0.01444	0.00963	0.00722	0.00241	0.01204	0.00602	0.00481	0.01444
18	0.01411	0.01010	0.01342	0.01540	0.01641	0.00941	0.01048	0.01668	0.02341	0.03170	0.14638	0.50429	0.08019	0.03305	0.01417	0.00438	0.00631	0.02989	0.01080	0.00941
19	0.02516	0.24830	0.37868	0.02767	0.04190	0.03246	0.03391	0.03498	0.02346	0.03249	0.01863	0.02180	0.01432	0.01033	0.00950	0.00317	0.01505	0.00753	0.00477	0.01588
20	0.03015	0.50335	0.11367	0.02151	0.03166	0.08244	0.02206	0.03480	0.02368	0.02763	0.01631	0.01889	0.01443	0.00991	0.00785	0.00258	0.01322	0.00638	0.00488	0.01459
21	0.02603	0.03685	0.20516	0.02683	0.03669	0.07181	0.06500	0.10176	0.06768	0.03993	0.04324	0.04935	0.11403	0.01628	0.01186	0.00369	0.01346	0.04761	0.00788	0.01486
22	0.02655	0.16198	0.40471	0.02851	0.04307	0.02884	0.03499	0.03700	0.02435	0.07955	0.02150	0.02397	0.01552	0.01078	0.01008	0.00333	0.01511	0.00814	0.00559	0.01644
23	0.31398	0.02940	0.02632	0.02148	0.02934	0.07821	0.01753	0.25973	0.03673	0.05837	0.02135	0.02272	0.01578	0.01204	0.00934	0.00338	0.01154	0.00816	0.00895	0.01565
24	0.01371	0.00979	0.01306	0.01567	0.01632	0.00914	0.01045	0.01567	0.02155	0.02873	0.06203	0.59710	0.07444	0.03526	0.01437	0.00457	0.00653	0.03200	0.01045	0.00914
25	0.03348	0.02356	0.03138	0.02609	0.02969	0.02898	0.02159	0.07201	0.06271	0.17622	0.02640	0.02999	0.02029	0.01728	0.02588	0.00432	0.33603	0.01051	0.00842	0.01516
26	0.02196	0.02450	0.08914	0.02725	0.03171	0.02402	0.07684	0.03004	0.07600	0.03269	0.03559	0.14733	0.03608	0.02166	0.02081	0.00449	0.19200	0.08745	0.00760	0.01286
27	0.01665	0.01176	0.01570	0.01757	0.01926	0.01155	0.01379	0.02017	0.02363	0.03126	0.09024	0.22079	0.06570	0.13516	0.02266	0.00596	0.00922	0.24957	0.00989	0.00946
28	0.01711	0.01340	0.01936	0.01878	0.02034	0.01610	0.01450	0.02050	0.01780	0.02577	0.02894	0.04518	0.02799	0.13418	0.44349	0.01576	0.09259	0.01228	0.00599	0.00996
29	0.03155	0.02074	0.02742	0.18121	0.04200	0.02265	0.02079	0.07719	0.15753	0.17138	0.09288	0.04139	0.03436	0.01454	0.01156	0.00365	0.01067	0.01228	0.01033	0.01589
30	0.01858	0.01194	0.01328	0.01300	0.01672	0.01038	0.00971	0.02174	0.02552	0.09111	0.08860	0.17216	0.33981	0.02615	0.01262	0.00375	0.00624	0.02213	0.08587	0.01068
31	0.01600	0.01126	0.01429	0.01438	0.01602	0.01074	0.01017	0.01936	0.02561	0.03540	0.28819	0.14473	0.07976	0.19442	0.02642	0.00595	0.00754	0.06007	0.01036	0.00932
32	0.02333	0.02213	0.03751	0.41744	0.22124	0.02555	0.03229	0.03058	0.02349	0.03128	0.02037	0.02933	0.01589	0.01087	0.01122	0.00362	0.01449	0.01001	0.00518	0.01418
33	0.27899	0.02413	0.02876	0.02245	0.03088	0.02519	0.06858	0.14420	0.03145	0.19958	0.02755	0.02753	0.01895	0.01207	0.00992	0.00349	0.01092	0.00935	0.00986	0.01615
34	0.03046	0.01466	0.01956	0.01812	0.02299	0.01316	0.01444	0.03421	0.02750	0.25157	0.05965	0.20574	0.10252	0.02445	0.01317	0.00414	0.00854	0.10944	0.01194	0.01376
35	0.01480	0.01146	0.01347	0.01297	0.01612	0.01014	0.00973	0.01904	0.02918	0.03877	0.34941	0.09454	0.28905	0.02538	0.01329	0.00365	0.00548	0.02182	0.01155	0.01014
36	0.01909	0.01578	0.01800	0.02010	0.02245	0.06137	0.01636	0.02319	0.02526	0.03178	0.05644	0.24566	0.06286	0.03047	0.01474	0.00481	0.01022	0.30119	0.00997	0.01027
37	0.01371	0.00979	0.01306	0.01567	0.01632	0.00914	0.01045	0.01567	0.02155	0.02873	0.06203	0.59710	0.07444	0.03526	0.01437	0.00457	0.00653	0.03200	0.01045	0.00914
38	0.04204	0.05364	0.03190	0.02900	0.03480	0.55926	0.02175	0.04494	0.03190	0.02755	0.01740	0.02030	0.01450	0.01160	0.01015	0.00290	0.02030	0.00725	0.00580	0.01305
39	0.02923	0.54803	0.11465	0.02072	0.03115	0.04243	0.02181	0.03392	0.02297	0.02753	0.01617	0.01871	0.01442	0.00975	0.00762	0.00254	0.01256	0.00628	0.00481	0.01469
40	0.04137	0.02265	0.02727	0.02106	0.02981	0.02166	0.01719	0.15002	0.08835	0.29007	0.03623	0.03347	0.02459	0.01297	0.01078	0.00317	0.00991	0.01037	0.01174	0.13733
41	0.18933	0.03344	0.02800	0.02324	0.03082	0.17834	0.01856	0.18645	0.03569	0.13596	0.02474	0.02510	0.01776	0.01235	0.00998	0.00328	0.01331	0.00861	0.00920	0.01584
42	0.01421	0.01018	0.01351	0.01533	0.01644	0.00947	0.01049	0.01692	0.02387	0.03242	0.16694	0.48167	0.08159	0.03251	0.01412	0.00434	0.00626	0.02938	0.01088	0.00947
43	0.01512	0.01082	0.01347	0.01430	0.01531	0.01076	0.00948	0.01680	0.01939	0.02578	0.05204	0.23736	0.10616	0.26381	0.12954	0.00938	0.01240	0.02138	0.00824	0.00845
44	0.02616	0.32228	0.31351	0.02596	0.03925	0.03492	0.03092	0.03472	0.02334	0.03127	0.01803	0.02104	0.01435	0.01019	0.00904	0.00301	0.01444	0.00722	0.00478	0.01559
45	0.02432	0.03556	0.27008	0.02370	0.03396	0.02002	0.02624	0.03503	0.06895	0.09521	0.04033	0.10002	0.07262	0.01608	0.01115	0.00360	0.01171	0.01332	0.08324	0.01486
46	0.01521	0.01087	0.01478	0.01739	0.01870	0.01044	0.01306	0.01827	0.02303	0.03041	0.06121	0.43760	0.07116	0.03385	0.01477	0.00478	0.00783	0.17669	0.01042	0.00956
47	0.01431	0.01005	0.01288	0.01491	0.01542	0.00954	0.00963	0.01583	0.02039	0.02718	0.05607	0.47960	0.06692	0.16303	0.02400	0.00599	0.00751	0.02849	0.00963	0.00862
48	0.03025	0.08999	0.03855	0.25331	0.13521	0.03063	0.02732	0.18060	0.03284	0.04340	0.02198	0.02737	0.01675	0.01159	0.01079	0.00341	0.01356	0.00961	0.00709	0.01574
49	0.02380	0.14826	0.46681	0.02999	0.04549	0.02913	0.03795	0.03533	0.02362	0.03415	0.01946	0.02283	0.01429	0.01052	0.01013	0.00338	0.01589	0.00794	0.00476	0.01628
50	0.02673	0.09328	0.34362	0.02927	0.04320	0.02554	0.07456	0.03678	0.02482	0.09084	0.02269	0.02544	0.01631	0.01058	0.01043	0.00326	0.01472	0.00871	0.00608	0.09316
51	0.02608	0.02744	0.02678	0.02426	0.02580	0.15965	0.01860	0.02809	0.02128	0.02632	0.02518	0.10031	0.02701	0.13913	0.03168	0.00560	0.25651	0.01311	0.00618	0.01101
52	0.01593	0.01150	0.01504	0.01416	0.01681	0.01062	0.01062	0.02124	0.03186	0.04513	0.52830	0.08407	0.10620	0.02301	0.01327	0.00354	0.00531	0.02035	0.01239	0.01062
53	0.01784	0.01206	0.01622	0.01784	0.01946	0.01206	0.01424	0.02052	0.02214	0.02899	0.04875	0.10251	0.05341	0.18104	0.02965	0.08293	0.01044	0.29229	0.00882	0.00882
54	0.02923	0.54803	0.11465	0.02072	0.03115	0.04243	0.02181	0.03392	0.02297	0.02753	0.01617	0.01871	0.01442	0.00975	0.00762	0.00254	0.01256	0.00628	0.00481	0.01469
55	0.01606	0.01133	0.01424	0.01361	0.01549	0.01070	0.00951	0.01982	0.02735	0.03835	0.38483	0.08104	0.08720	0.19227	0.02609	0.00569	0.00694	0.01919	0.01077	0.00951
56	0.01543	0.01112	0.01460	0.01450	0.01670	0.01029	0.01058	0.01999	0.02954	0.04144	0.42339	0.19950	0.09905	0.02577	0.01352	0.00377	0.00558	0.02297	0.01195	0.01029
57	0.68395	0.02177	0.01654	0.01480	0.02177	0.02525	0.01219	0.03309	0.01915	0.05050	0.01567	0.01828	0.01219	0.01045	0.00697	0.00348	0.00871	0.00609	0.00697	0.01219
58	0.04555	0.02148	0.02687	0.02122	0.02953	0.02071	0.01733	0.10624	0.12164	0.39875	0.04267	0.03769	0.02804	0.01412	0.01134	0.00353	0.00978	0.01144	0.01318	0.01891
59	0.01371	0.00979	0.01306	0.01567	0.01632	0.00914	0.01045	0.01567	0.02155	0.02873	0.06203	0.59710	0.07444	0.03526	0.01437	0.00457	0.00653	0.03200	0.01045	0.00914
60	0.02257	0.05822	0.54613	0.03208	0.04871	0.02614	0.04158	0.03564	0.02376	0.03564	0.02020	0.02376	0.01426	0.01069	0.01069	0.00356	0.01663	0.00832	0.00475	0.01663
61	0.01608	0.01206	0.01809	0.01809	0.02010	0.01407	0.01407	0.02010	0.01809	0.02613	0.03015	0.04422	0.02814	0.08441	0.55984	0.01809	0.03015	0.01206	0.00603	0.01005
62	0.02839	0.48580	0.16946	0.02217	0.03338	0.04036	0.02432	0.03414	0.02307	0.02856	0.01668	0.01935	0.01440	0.00987	0.00801	0.00267	0.01308	0.00654	0.00480	0.01494
63	0.02334	0.02001	0.02334	0.01667	0.02667	0.01500	0.01334	0.02834	0.02334	0.03668	0.02001	0.02334	0.01667	0.00834	0.00834	0.00167	0.00834	0.00667	0.00667	0.67325
64	0.10355	0.33790	0.23426	0.02348	0.03539	0.03548	0.02669	0.03435	0.02277	0.03267	0.01733	0.02019	0.01411	0.01012	0.00848	0.00296	0.01335	0.00688	0.00504	0.01499
65	0.01772	0.01476	0.02416	0.02045	0.02422	0.01402	0.09786	0.02292	0.02755	0.03851	0.31395	0.11326	0.07536	0.07889	0.06053	0.00549	0.01035	0.01904	0.01001	0.01093
66	0.02819	0.02198	0.03199	0.03952	0.24151	0.02072	0.02267	0.06883	0.02773	0.09706	0.03620	0.08692	0.07026	0.01438	0.01110	0.00318	0.01054	0.01275	0.00810	0.14637
67	0.02677	0.03183	0.16873	0.02833	0.03928	0.02191	0.12923	0.03725	0.07016	0.09566	0.06839	0.03351	0.02651	0.01170	0.01110	0.00320	0.01283	0.01081	0.00769	0.16512

[dist]
# distance from previous block
# <min> <max>
1	6

[block]
# block no. 8 follows, 11 sequences, length 86
# corresponding to MSA columns:
# 902-987
name=unknown_I
#
# <colnr> <probs for GDERKNQSTAVLIFYWHMCP>
#	G	D	E	R	K	N	Q	S	T	A	V	L	I	F	Y	W	H	M	C	P
0	0.02662	0.06520	0.03802	0.02720	0.03532	0.02300	0.16018	0.03803	0.12099	0.08379	0.12870	0.04206	0.03881	0.01352	0.01160	0.00331	0.01145	0.01292	0.00893	0.11035
1	0.07294	0.02443	0.03887	0.16927	0.19570	0.02879	0.06441	0.03087	0.02187	0.03281	0.01862	0.02684	0.01574	0.01334	0.01912	0.00398	0.19289	0.00993	0.00535	0.01424
2	0.02462	0.02462	0.03447	0.02955	0.02955	0.03447	0.02462	0.02709	0.01724	0.02709	0.01477	0.02462	0.01477	0.01970	0.03694	0.00492	0.58385	0.00985	0.00492	0.01231
3	0.02126	0.02001	0.03376	0.57739	0.07752	0.02501	0.03126	0.02876	0.02251	0.02876	0.02001	0.03001	0.01500	0.01125	0.01125	0.00375	0.01500	0.01000	0.00500	0.01250
4	0.02626	0.14695	0.28325	0.03054	0.04320	0.02806	0.12314	0.03566	0.02540	0.07163	0.06081	0.02974	0.02293	0.01144	0.01082	0.00339	0.01488	0.01003	0.00621	0.01567
5	0.01683	0.01075	0.01262	0.01262	0.01262	0.01075	0.00725	0.01612	0.01612	0.02149	0.03316	0.06794	0.03783	0.52260	0.05536	0.10670	0.01075	0.01541	0.00654	0.00654
6	0.01371	0.00979	0.01306	0.01567	0.01632	0.00914	0.01045	0.01567	0.02155	0.02873	0.06203	0.59710	0.07444	0.03526	0.01437	0.00457	0.00653	0.03200	0.01045	0.00914
7	0.02418	0.02449	0.04605	0.31535	0.16265	0.02640	0.17228	0.03212	0.02436	0.03257	0.02108	0.02969	0.01620	0.01047	0.01185	0.00368	0.01589	0.01100	0.00532	0.01438
8	0.03239	0.25703	0.09760	0.07798	0.08522	0.09632	0.02485	0.13389	0.03066	0.03825	0.01967	0.02283	0.01581	0.01098	0.00952	0.00300	0.01393	0.00802	0.00639	0.01566
9	0.02950	0.02977	0.03439	0.10804	0.03950	0.13423	0.06501	0.10138	0.02878	0.03687	0.07767	0.03225	0.02613	0.01540	0.01920	0.00386	0.18654	0.01091	0.00699	0.01357
10	0.02794	0.01416	0.01889	0.01620	0.02096	0.01268	0.01268	0.03292	0.03198	0.21784	0.36012	0.06817	0.07897	0.01985	0.01259	0.00352	0.00679	0.01721	0.01293	0.01359
11	0.02417	0.02060	0.03615	0.07649	0.03788	0.02132	0.16165	0.03043	0.02735	0.08546	0.20988	0.05006	0.05046	0.01653	0.01634	0.00383	0.09447	0.01492	0.00877	0.01323
12	0.01598	0.01075	0.01239	0.01277	0.01286	0.01066	0.00735	0.01627	0.01712	0.02282	0.03931	0.14944	0.04577	0.52204	0.05107	0.00999	0.01028	0.01863	0.00735	0.00716
13	0.02631	0.02516	0.04289	0.18832	0.42710	0.02634	0.03377	0.03319	0.02490	0.03489	0.02090	0.02836	0.01717	0.01032	0.01117	0.00344	0.01375	0.01002	0.00544	0.01658
14	0.02257	0.05822	0.54613	0.03208	0.04871	0.02614	0.04158	0.03564	0.02376	0.03564	0.02020	0.02376	0.01426	0.01069	0.01069	0.00356	0.01663	0.00832	0.00475	0.01663
15	0.01700	0.01274	0.01625	0.01452	0.01824	0.01125	0.01101	0.02227	0.03063	0.04391	0.45471	0.07528	0.09324	0.02089	0.01256	0.00327	0.00575	0.01837	0.01156	0.10655
16	0.01575	0.01137	0.01489	0.01428	0.01678	0.01050	0.01061	0.02079	0.03103	0.04382	0.49096	0.12515	0.10366	0.02399	0.01336	0.00362	0.00541	0.02129	0.01223	0.01050
17	0.02334	0.02001	0.02334	0.01667	0.02667	0.01500	0.01334	0.02834	0.02334	0.03668	0.02001	0.02334	0.01667	0.00834	0.00834	0.00167	0.00834	0.00667	0.00667	0.67325
18	0.01330	0.01140	0.01140	0.01140	0.01520	0.00950	0.00855	0.01615	0.02565	0.03041	0.11402	0.10832	0.52967	0.02850	0.01330	0.00380	0.00570	0.02375	0.01045	0.00950
19	0.03580	0.02766	0.03316	0.02681	0.03465	0.08126	0.08951	0.09278	0.23734	0.16064	0.03739	0.03579	0.02683	0.01355	0.01154	0.00360	0.01207	0.01168	0.01056	0.01736
20	0.03640	0.31693	0.04468	0.02440	0.03201	0.31621	0.02057	0.03964	0.02763	0.02704	0.01657	0.01924	0.01447	0.01067	0.00877	0.00267	0.01640	0.00667	0.00533	0.01371
21	0.03066	0.02568	0.08680	0.02580	0.08292	0.02025	0.02034	0.04157	0.11620	0.15166	0.03038	0.03065	0.02229	0.01132	0.01014	0.00286	0.01020	0.00937	0.00884	0.26208
22	0.12464	0.06513	0.03250	0.02401	0.03100	0.02072	0.11697	0.03512	0.02665	0.16413	0.09232	0.10392	0.03961	0.01703	0.01174	0.00375	0.01092	0.05618	0.00958	0.01408
23	0.01604	0.01291	0.01447	0.01383	0.01746	0.01208	0.01044	0.02321	0.08429	0.03821	0.27166	0.09101	0.30355	0.02479	0.01308	0.00370	0.00591	0.02113	0.01134	0.01090
24	0.01969	0.01782	0.02869	0.34793	0.11136	0.02042	0.02514	0.02549	0.02294	0.02982	0.03757	0.15812	0.07426	0.01780	0.01209	0.00388	0.01217	0.01595	0.00672	0.01213
25	0.04297	0.02736	0.12946	0.02267	0.03275	0.01946	0.02163	0.05147	0.07282	0.39790	0.03971	0.03574	0.02573	0.01340	0.01121	0.00353	0.01092	0.01085	0.01189	0.01854
26	0.02786	0.02674	0.04568	0.06908	0.53424	0.02674	0.03454	0.03454	0.02563	0.03677	0.02117	0.02786	0.01783	0.01003	0.01114	0.00334	0.01337	0.01003	0.00557	0.01783
27	0.01330	0.01140	0.01140	0.01140	0.01520	0.00950	0.00855	0.01615	0.02565	0.03041	0.11402	0.10832	0.52967	0.02850	0.01330	0.00380	0.00570	0.02375	0.01045	0.00950
28	0.02462	0.02462	0.03447	0.02955	0.02955	0.03447	0.02462	0.02709	0.01724	0.02709	0.01477	0.02462	0.01477	0.01970	0.03694	0.00492	0.58385	0.00985	0.00492	0.01231
29	0.02708	0.11445	0.06534	0.04336	0.05449	0.03079	0.42472	0.03571	0.02603	0.03467	0.02174	0.02858	0.01670	0.00951	0.01241	0.00359	0.01797	0.01223	0.00557	0.01507
30	0.02800	0.02418	0.02545	0.02291	0.02927	0.02800	0.01782	0.05981	0.51390	0.04708	0.04581	0.04199	0.03436	0.01527	0.01145	0.00382	0.00891	0.01273	0.01145	0.01782
31	0.01705	0.01175	0.01658	0.01658	0.01871	0.01336	0.01284	0.02132	0.01919	0.02928	0.03145	0.04377	0.02828	0.07024	0.45009	0.01501	0.02520	0.01175	0.13744	0.01014
32	0.02126	0.02001	0.03376	0.57739	0.07752	0.02501	0.03126	0.02876	0.02251	0.02876	0.02001	0.03001	0.01500	0.01125	0.01125	0.00375	0.01500	0.01000	0.00500	0.01250
33	0.01387	0.01099	0.01256	0.01369	0.01630	0.00968	0.01004	0.01662	0.02427	0.03012	0.09138	0.27791	0.33244	0.03105	0.01386	0.00419	0.00640	0.06475	0.01044	0.00945
34	0.40866	0.02537	0.03743	0.02847	0.03728	0.02660	0.21368	0.03433	0.02226	0.04445	0.01864	0.02334	0.01424	0.01005	0.00961	0.00361	0.01301	0.00910	0.00643	0.01344
35	0.01608	0.01206	0.01809	0.01809	0.02010	0.01407	0.01407	0.02010	0.01809	0.02613	0.03015	0.04422	0.02814	0.08441	0.55984	0.01809	0.03015	0.01206	0.00603	0.01005
36	0.01400	0.01019	0.01320	0.01507	0.01630	0.00939	0.01030	0.01652	0.02341	0.03126	0.13421	0.47893	0.11992	0.03288	0.01411	0.00435	0.00628	0.02957	0.01073	0.00939
37	0.02690	0.02577	0.04396	0.14267	0.46812	0.02649	0.03407	0.03370	0.02518	0.03561	0.02100	0.02817	0.01742	0.01021	0.01116	0.00340	0.01361	0.01002	0.00549	0.01706
38	0.03009	0.61122	0.05898	0.01926	0.02889	0.04454	0.01926	0.03370	0.02287	0.02648	0.01565	0.01805	0.01444	0.00963	0.00722	0.00241	0.01204	0.00602	0.00481	0.01444
39	0.01978	0.01247	0.01655	0.01553	0.01880	0.01150	0.01210	0.02497	0.03121	0.09548	0.42408	0.08425	0.09329	0.02300	0.01333	0.00372	0.00633	0.06980	0.01232	0.01148
40	0.01391	0.01143	0.01225	0.01204	0.01558	0.00976	0.00903	0.01734	0.02710	0.03383	0.21036	0.10268	0.43119	0.02723	0.01330	0.00374	0.00561	0.02296	0.01090	0.00976
41	0.01435	0.01025	0.01379	0.01640	0.01734	0.00969	0.01156	0.01678	0.02218	0.02945	0.06168	0.52904	0.07304	0.03466	0.01454	0.00466	0.00709	0.09374	0.01044	0.00932
42	0.02334	0.02001	0.02334	0.01667	0.02667	0.01500	0.01334	0.02834	0.02334	0.03668	0.02001	0.02334	0.01667	0.00834	0.00834	0.00167	0.00834	0.00667	0.00667	0.67325
43	0.02373	0.02133	0.03376	0.51397	0.07262	0.02614	0.03012	0.08257	0.02600	0.03361	0.02081	0.02966	0.01548	0.01151	0.01125	0.00371	0.01470	0.01002	0.00572	0.01327
44	0.02743	0.01823	0.02138	0.01801	0.02278	0.01860	0.01390	0.16815	0.03605	0.09673	0.25878	0.06089	0.06287	0.10344	0.01885	0.00455	0.00867	0.01582	0.01139	0.01347
45	0.01371	0.00979	0.01306	0.01567	0.01632	0.00914	0.01045	0.01567	0.02155	0.02873	0.06203	0.59710	0.07444	0.03526	0.01437	0.00457	0.00653	0.03200	0.01045	0.00914
46	0.03009	0.61122	0.05898	0.01926	0.02889	0.04454	0.01926	0.03370	0.02287	0.02648	0.01565	0.01805	0.01444	0.00963	0.00722	0.00241	0.01204	0.00602	0.00481	0.01444
47	0.02923	0.54762	0.11500	0.02073	0.03117	0.04242	0.02183	0.03393	0.02297	0.02753	0.01617	0.01871	0.01442	0.00975	0.00762	0.00254	0.01257	0.00628	0.00481	0.01470
48	0.04701	0.02162	0.03148	0.02373	0.03278	0.01966	0.07184	0.09460	0.03353	0.43915	0.04027	0.03632	0.02579	0.01338	0.01154	0.00351	0.01092	0.01143	0.01273	0.01870
49	0.02934	0.01989	0.02288	0.02006	0.02593	0.02120	0.01569	0.04880	0.29290	0.14499	0.17087	0.05219	0.05173	0.01701	0.01190	0.00368	0.00811	0.01443	0.01219	0.01621
50	0.01590	0.01110	0.01415	0.01453	0.01524	0.01161	0.00955	0.01740	0.01764	0.02413	0.03770	0.14049	0.04189	0.36408	0.20373	0.01217	0.01612	0.01732	0.00711	0.00814
51	0.13911	0.02375	0.03078	0.02382	0.03242	0.02390	0.07181	0.13773	0.07698	0.27207	0.03428	0.03248	0.02312	0.01293	0.01089	0.00353	0.01103	0.01065	0.01119	0.01753
52	0.02800	0.02418	0.02545	0.02291	0.02927	0.02800	0.01782	0.05981	0.51390	0.04708	0.04581	0.04199	0.03436	0.01527	0.01145	0.00382	0.00891	0.01273	0.01145	0.01782
53	0.01371	0.00979	0.01306	0.01567	0.01632	0.00914	0.01045	0.01567	0.02155	0.02873	0.06203	0.59710	0.07444	0.03526	0.01437	0.00457	0.00653	0.03200	0.01045	0.00914
54	0.03242	0.02650	0.03095	0.10512	0.03849	0.03101	0.02195	0.22261	0.20515	0.05147	0.03115	0.03240	0.02335	0.01451	0.01428	0.00376	0.07727	0.01099	0.00969	0.01693
55	0.04125	0.03076	0.03291	0.02559	0.03432	0.03419	0.02102	0.45128	0.10085	0.06845	0.02898	0.02858	0.02072	0.01369	0.01128	0.00342	0.01202	0.01040	0.01128	0.01900
56	0.01445	0.01099	0.01348	0.01516	0.01732	0.01003	0.01130	0.01736	0.02387	0.03031	0.07999	0.33027	0.23397	0.03204	0.01422	0.00442	0.00700	0.11388	0.01043	0.00951
57	0.03265	0.01574	0.02172	0.02041	0.02575	0.01456	0.01742	0.03746	0.02874	0.26169	0.05278	0.08720	0.04822	0.02339	0.01365	0.00442	0.01001	0.25791	0.01196	0.01431
58	0.01459	0.01042	0.01407	0.01668	0.01772	0.00990	0.01198	0.01719	0.02242	0.02972	0.06155	0.50362	0.07252	0.03443	0.01460	0.00469	0.00729	0.11680	0.01043	0.00938
59	0.01729	0.01083	0.01192	0.01192	0.01244	0.01083	0.00703	0.01833	0.01781	0.02583	0.03571	0.06735	0.03852	0.48687	0.04746	0.00926	0.00979	0.01520	0.13808	0.00755
60	0.04204	0.05364	0.03190	0.02900	0.03480	0.55926	0.02175	0.04494	0.03190	0.02755	0.01740	0.02030	0.01450	0.01160	0.01015	0.00290	0.02030	0.00725	0.00580	0.01305
