[name]
unknown

[dist]
# distance from previous block
# <min> <max>
7	55

[block]
# block no. 0 follows, 12 sequences, length 7
# corresponding to MSA columns:
# 55-61
name=unknown_A
#
# <colnr> <probs for GDERKNQSTAVLIFYWHMCP>
#	G	D	E	R	K	N	Q	S	T	A	V	L	I	F	Y	W	H	M	C	P
0	0.21273	0.03033	0.13095	0.02367	0.03294	0.02606	0.05579	0.12011	0.12420	0.09985	0.02680	0.02737	0.01932	0.01184	0.00985	0.00346	0.01136	0.00922	0.00846	0.01571
1	0.01379	0.01011	0.01266	0.01401	0.01542	0.00929	0.00958	0.01623	0.02283	0.03029	0.14870	0.39656	0.15096	0.07609	0.01678	0.00461	0.00632	0.02661	0.01017	0.00898
2	0.03978	0.10160	0.03372	0.02662	0.03319	0.41943	0.02077	0.13273	0.03399	0.03468	0.01849	0.02071	0.01491	0.01141	0.00977	0.00285	0.01744	0.00745	0.00655	0.01390
3	0.03156	0.02449	0.03082	0.03118	0.13027	0.02676	0.02127	0.28443	0.03690	0.05041	0.02590	0.03089	0.02068	0.03119	0.16458	0.00716	0.01688	0.01031	0.00845	0.01589
4	0.01946	0.01401	0.01680	0.01646	0.01892	0.01418	0.01179	0.11311	0.02789	0.03769	0.13280	0.33965	0.06294	0.09956	0.01825	0.00479	0.00775	0.02308	0.01016	0.01071
5	0.02381	0.01408	0.01886	0.01934	0.02300	0.01376	0.01607	0.03013	0.06372	0.13633	0.05419	0.17630	0.05493	0.02631	0.01377	0.00450	0.00920	0.27880	0.01082	0.01208
6	0.56812	0.02059	0.01783	0.01533	0.02240	0.02282	0.01263	0.03616	0.02102	0.14783	0.02061	0.02149	0.01477	0.01078	0.00757	0.00337	0.00860	0.00689	0.00806	0.01312

[dist]
# distance from previous block
# <min> <max>
3	10

[block]
# block no. 1 follows, 12 sequences, length 8
# corresponding to MSA columns:
# 72-79
name=unknown_B
#
# <colnr> <probs for GDERKNQSTAVLIFYWHMCP>
#	G	D	E	R	K	N	Q	S	T	A	V	L	I	F	Y	W	H	M	C	P
0	0.18838	0.18657	0.03155	0.01843	0.02579	0.02752	0.01581	0.11428	0.02780	0.14410	0.02819	0.09728	0.02413	0.01409	0.00925	0.00320	0.00982	0.01069	0.00863	0.01450
1	0.08492	0.14922	0.16469	0.02587	0.03611	0.09740	0.06692	0.10082	0.02865	0.11352	0.02256	0.02417	0.01650	0.01097	0.00976	0.00314	0.01378	0.00842	0.00712	0.01549
2	0.24382	0.02817	0.09949	0.10797	0.17324	0.02631	0.02503	0.10339	0.02608	0.04367	0.01935	0.02361	0.01487	0.01059	0.00946	0.00337	0.01197	0.00827	0.00647	0.01486
3	0.12608	0.10851	0.02974	0.01939	0.02778	0.02334	0.01649	0.10710	0.03090	0.35204	0.03328	0.03040	0.02209	0.01241	0.00985	0.00321	0.00987	0.00943	0.01103	0.01704
4	0.31993	0.02664	0.09530	0.02640	0.09979	0.02497	0.02066	0.03106	0.02023	0.03983	0.01689	0.02131	0.01378	0.01129	0.01264	0.00337	0.10509	0.00738	0.00592	0.09752
5	0.03483	0.03139	0.10081	0.03259	0.13541	0.09533	0.02401	0.08713	0.13199	0.16813	0.03084	0.03074	0.02218	0.01227	0.01073	0.00334	0.01237	0.01000	0.00897	0.01695
6	0.41962	0.10620	0.02163	0.01481	0.02084	0.02348	0.01241	0.02914	0.02230	0.04417	0.15322	0.03435	0.03594	0.01319	0.00838	0.00324	0.00804	0.00951	0.00782	0.01173
7	0.02884	0.12016	0.18243	0.03583	0.15068	0.02722	0.07444	0.03966	0.09035	0.10685	0.02582	0.02794	0.01921	0.01096	0.01039	0.00328	0.01307	0.00952	0.00694	0.01641

[dist]
# distance from previous block
# <min> <max>
1	6

[block]
# block no. 2 follows, 12 sequences, length 11
# corresponding to MSA columns:
# 86-96
name=unknown_C
#
# <colnr> <probs for GDERKNQSTAVLIFYWHMCP>
#	G	D	E	R	K	N	Q	S	T	A	V	L	I	F	Y	W	H	M	C	P
0	0.03172	0.13533	0.11750	0.02379	0.07014	0.02190	0.02052	0.03695	0.02586	0.22252	0.03962	0.10956	0.06722	0.01566	0.01065	0.00334	0.01046	0.01295	0.00907	0.01524
1	0.02831	0.07306	0.02750	0.02076	0.02665	0.06084	0.06616	0.03476	0.07541	0.16258	0.05163	0.16501	0.12270	0.01938	0.01169	0.00358	0.00992	0.01680	0.00975	0.01353
2	0.03019	0.09614	0.14964	0.02874	0.03843	0.09256	0.14390	0.03728	0.02710	0.13123	0.08936	0.03356	0.02816	0.01215	0.01099	0.00329	0.01400	0.01089	0.00755	0.01483
3	0.08777	0.24852	0.17673	0.02629	0.03697	0.07477	0.08726	0.08128	0.02605	0.03545	0.01837	0.02146	0.01453	0.01016	0.00918	0.00301	0.01401	0.00779	0.00563	0.01477
4	0.08761	0.12225	0.28541	0.03033	0.10153	0.02621	0.02972	0.03711	0.02414	0.12436	0.02271	0.02469	0.01636	0.01065	0.00973	0.00325	0.01324	0.00826	0.00643	0.01600
5	0.02169	0.02050	0.03469	0.50062	0.15649	0.02451	0.03083	0.02882	0.02232	0.02919	0.01957	0.02871	0.01501	0.01070	0.01088	0.00357	0.01426	0.00969	0.00494	0.01300
6	0.02790	0.02523	0.04068	0.05088	0.34197	0.02549	0.07850	0.11431	0.03022	0.04225	0.08692	0.03391	0.02811	0.01181	0.01129	0.00331	0.01239	0.01131	0.00718	0.01635
7	0.03451	0.02357	0.03840	0.03227	0.09064	0.02271	0.15900	0.12071	0.03237	0.20454	0.09422	0.03750	0.03101	0.01289	0.01172	0.00344	0.01222	0.01227	0.00973	0.01628
8	0.03333	0.01535	0.02108	0.01925	0.02463	0.01398	0.01604	0.03763	0.02784	0.30253	0.05037	0.12641	0.04521	0.02193	0.01283	0.00411	0.00928	0.19202	0.01183	0.01432
9	0.01745	0.01000	0.01309	0.01309	0.01309	0.01000	0.00809	0.01500	0.01500	0.02000	0.02637	0.05156	0.02892	0.31697	0.04882	0.35871	0.01000	0.01255	0.00564	0.00564
10	0.21230	0.02966	0.02740	0.02536	0.07053	0.12135	0.01869	0.17900	0.09533	0.08263	0.02458	0.02540	0.01827	0.01195	0.00963	0.00328	0.01185	0.00868	0.00864	0.01548

[dist]
# distance from previous block
# <min> <max>
0	2

[block]
# block no. 3 follows, 12 sequences, length 52
# corresponding to MSA columns:
# 99-150
name=unknown_D
#
# <colnr> <probs for GDERKNQSTAVLIFYWHMCP>
#	G	D	E	R	K	N	Q	S	T	A	V	L	I	F	Y	W	H	M	C	P
0	0.02983	0.03086	0.05182	0.03831	0.04796	0.07482	0.33132	0.11926	0.08529	0.04113	0.02475	0.02926	0.01849	0.01064	0.01208	0.00354	0.01635	0.01180	0.00705	0.01546
1	0.01475	0.01050	0.01391	0.01479	0.01581	0.01066	0.01015	0.01703	0.01985	0.02724	0.09834	0.27297	0.05590	0.19100	0.16672	0.00919	0.01309	0.02106	0.00836	0.00867
2	0.02598	0.02607	0.04803	0.11866	0.37400	0.02614	0.15233	0.03322	0.02473	0.03460	0.02077	0.02782	0.01679	0.00971	0.01133	0.00339	0.01449	0.01050	0.00537	0.01607
3	0.08349	0.31270	0.15353	0.02755	0.03841	0.03418	0.14521	0.03354	0.02291	0.03169	0.01775	0.02157	0.01441	0.00956	0.00910	0.00298	0.01394	0.00803	0.00504	0.01440
4	0.01585	0.01166	0.01697	0.01794	0.01989	0.01278	0.01429	0.01981	0.01996	0.02758	0.04049	0.13025	0.04204	0.06231	0.35789	0.01263	0.02138	0.13909	0.00747	0.00972
5	0.01437	0.01091	0.01339	0.01430	0.01672	0.00993	0.01082	0.01782	0.02518	0.03277	0.18518	0.23826	0.23581	0.02860	0.01353	0.00405	0.00643	0.10190	0.01053	0.00950
6	0.69383	0.02109	0.01603	0.01434	0.02109	0.02446	0.01181	0.03205	0.01856	0.04892	0.01518	0.01771	0.01181	0.01012	0.00675	0.00337	0.00843	0.00590	0.00675	0.01181
7	0.03908	0.02111	0.02872	0.02862	0.11662	0.02046	0.02009	0.13003	0.03291	0.29869	0.03831	0.04635	0.02918	0.01529	0.01154	0.00358	0.01052	0.08072	0.01112	0.01705
8	0.02915	0.62337	0.05714	0.01866	0.02799	0.04314	0.01866	0.03265	0.02215	0.02565	0.01516	0.01749	0.01399	0.00933	0.00700	0.00233	0.01166	0.00583	0.00466	0.01399
9	0.01427	0.01097	0.01305	0.01281	0.01565	0.00975	0.00950	0.01822	0.02771	0.03689	0.33576	0.13526	0.27003	0.02534	0.01296	0.00361	0.00539	0.02194	0.01112	0.00975
10	0.02193	0.01771	0.02061	0.02061	0.02476	0.01951	0.01660	0.03964	0.27926	0.03867	0.05124	0.13438	0.04888	0.02282	0.01293	0.00429	0.00892	0.19309	0.01058	0.01356
11	0.04145	0.03054	0.03272	0.02509	0.03381	0.03381	0.02072	0.51243	0.05127	0.06872	0.02618	0.02618	0.01854	0.01309	0.01091	0.00327	0.01200	0.00982	0.01091	0.01854
12	0.01548	0.01184	0.01697	0.02154	0.07838	0.01132	0.01358	0.01850	0.02261	0.03058	0.09685	0.44858	0.06748	0.02990	0.01358	0.00426	0.00736	0.07139	0.00973	0.01007
13	0.01460	0.01024	0.01291	0.01382	0.01476	0.00974	0.00911	0.01676	0.02191	0.02987	0.17531	0.31327	0.07018	0.20639	0.02615	0.00602	0.00730	0.02357	0.00954	0.00854
14	0.03538	0.02663	0.02836	0.02246	0.03011	0.02907	0.01832	0.38954	0.08729	0.06009	0.04203	0.04078	0.10909	0.01570	0.01126	0.00338	0.01061	0.01227	0.01079	0.01685
15	0.01419	0.01041	0.01332	0.01405	0.01590	0.00953	0.00998	0.01763	0.02578	0.03509	0.28066	0.31626	0.14060	0.02812	0.01333	0.00390	0.00571	0.02506	0.01096	0.00953
16	0.02261	0.01938	0.02261	0.01615	0.02584	0.01453	0.01292	0.02745	0.02261	0.03553	0.01938	0.02261	0.01615	0.00807	0.00807	0.00161	0.00807	0.00646	0.00646	0.68346
17	0.01730	0.01340	0.01603	0.01497	0.01834	0.01327	0.01134	0.02691	0.12221	0.04242	0.40071	0.07664	0.14126	0.02152	0.01254	0.00351	0.00583	0.01874	0.01162	0.01145
18	0.01741	0.01001	0.01306	0.01306	0.01306	0.01001	0.00805	0.01502	0.01502	0.02003	0.02657	0.05205	0.02918	0.32433	0.04899	0.35016	0.01001	0.01263	0.00566	0.00566
19	0.01301	0.01058	0.01153	0.01229	0.01505	0.00910	0.00884	0.01551	0.02366	0.02897	0.09531	0.25676	0.40232	0.02958	0.01320	0.00391	0.00576	0.02541	0.01012	0.00910
20	0.01757	0.01255	0.01757	0.02008	0.02259	0.01255	0.01757	0.02259	0.02510	0.03263	0.05773	0.12299	0.06275	0.03012	0.01506	0.00502	0.01004	0.47540	0.01004	0.01004
21	0.02253	0.05182	0.47608	0.03360	0.04885	0.02570	0.11992	0.03460	0.02348	0.03460	0.01999	0.02411	0.01428	0.01016	0.01079	0.00349	0.01650	0.00887	0.00476	0.01588
22	0.02261	0.01938	0.02261	0.01615	0.02584	0.01453	0.01292	0.02745	0.02261	0.03553	0.01938	0.02261	0.01615	0.00807	0.00807	0.00161	0.00807	0.00646	0.00646	0.68346
23	0.01538	0.01095	0.01345	0.01378	0.01517	0.01069	0.00957	0.01769	0.02125	0.02845	0.14146	0.12617	0.11413	0.27977	0.07865	0.00791	0.01014	0.06835	0.00862	0.00842
24	0.03299	0.02634	0.02796	0.02338	0.03059	0.02986	0.01868	0.24411	0.33336	0.05508	0.03692	0.03474	0.02725	0.01409	0.01102	0.00352	0.01001	0.01130	0.01102	0.01778
25	0.01833	0.01482	0.01695	0.01688	0.02078	0.01510	0.01353	0.02957	0.16172	0.03636	0.12813	0.08990	0.22097	0.02423	0.01301	0.00403	0.00758	0.14581	0.01058	0.01174
26	0.01328	0.00949	0.01265	0.01518	0.01581	0.00886	0.01012	0.01518	0.02088	0.02783	0.06010	0.60969	0.07212	0.03416	0.01392	0.00443	0.00633	0.03100	0.01012	0.00886
27	0.02574	0.02941	0.06434	0.04596	0.05699	0.02757	0.50919	0.03493	0.02574	0.03493	0.02206	0.02941	0.01654	0.00919	0.01287	0.00368	0.01838	0.01287	0.00551	0.01471
28	0.02932	0.03033	0.04199	0.06033	0.46131	0.11883	0.03136	0.03517	0.02586	0.03410	0.01989	0.02574	0.01672	0.00997	0.01063	0.00317	0.01409	0.00926	0.00543	0.01648
29	0.02635	0.01520	0.02008	0.01962	0.02404	0.01492	0.01653	0.03418	0.08561	0.16632	0.09363	0.08840	0.05377	0.02351	0.01339	0.00432	0.00927	0.26665	0.01119	0.01303
30	0.17204	0.01949	0.02344	0.01867	0.02657	0.01868	0.01532	0.04949	0.07443	0.41104	0.03774	0.03368	0.02462	0.01296	0.01016	0.00340	0.00905	0.01011	0.01197	0.01713
31	0.02187	0.05640	0.56031	0.03108	0.04719	0.02532	0.04029	0.03453	0.02302	0.03453	0.01957	0.02302	0.01381	0.01036	0.01036	0.00345	0.01611	0.00806	0.00460	0.01611
32	0.01639	0.01581	0.01373	0.01331	0.01710	0.07475	0.00999	0.01942	0.02621	0.03069	0.14667	0.09248	0.43478	0.02513	0.01253	0.00355	0.00712	0.02080	0.00981	0.00972
33	0.01710	0.01222	0.01704	0.01955	0.02185	0.01215	0.01676	0.02178	0.02464	0.03211	0.05799	0.17596	0.06377	0.03056	0.01494	0.00496	0.00964	0.42704	0.01005	0.00991
34	0.02320	0.04551	0.36625	0.03534	0.04856	0.02669	0.17993	0.03394	0.02330	0.03394	0.01987	0.02501	0.01468	0.01075	0.01328	0.00363	0.06626	0.00963	0.00489	0.01533
35	0.01558	0.01168	0.01752	0.01752	0.01947	0.01363	0.01363	0.01947	0.01752	0.02531	0.02921	0.04283	0.02726	0.08178	0.57360	0.01752	0.02921	0.01168	0.00584	0.00974
36	0.02987	0.02088	0.02920	0.02360	0.03039	0.02157	0.10595	0.04618	0.23437	0.14508	0.03821	0.03788	0.02786	0.01308	0.01070	0.00340	0.00985	0.01172	0.14461	0.01562
37	0.02496	0.16658	0.30848	0.13128	0.04707	0.02965	0.03209	0.07674	0.02520	0.03456	0.01921	0.02326	0.01442	0.01049	0.00980	0.00323	0.01451	0.00805	0.00524	0.01515
38	0.02033	0.01295	0.01894	0.01790	0.02119	0.01171	0.05316	0.02337	0.02363	0.11843	0.06142	0.38858	0.12961	0.02757	0.01317	0.00407	0.00773	0.02488	0.01030	0.01105
39	0.01328	0.00949	0.01265	0.01518	0.01581	0.00886	0.01012	0.01518	0.02088	0.02783	0.06010	0.60969	0.07212	0.03416	0.01392	0.00443	0.00633	0.03100	0.01012	0.00886
40	0.02843	0.56745	0.10677	0.01988	0.02988	0.04139	0.02079	0.03283	0.02224	0.02653	0.01559	0.01804	0.01397	0.00943	0.00733	0.00244	0.01210	0.00605	0.00466	0.01420
41	0.02839	0.07789	0.08716	0.27951	0.12618	0.05921	0.02776	0.03496	0.02454	0.11800	0.02300	0.02793	0.01687	0.01100	0.01044	0.00335	0.01365	0.00925	0.00638	0.01453
42	0.04892	0.01856	0.02530	0.01940	0.02783	0.01603	0.01603	0.05314	0.03121	0.55634	0.04302	0.03711	0.02699	0.01350	0.01096	0.00337	0.00928	0.01096	0.01350	0.01856
43	0.03532	0.20252	0.03299	0.01950	0.02631	0.16264	0.01637	0.03914	0.02680	0.16405	0.02678	0.02769	0.02012	0.01155	0.00884	0.00276	0.01174	0.00831	0.14251	0.01404
44	0.03140	0.08866	0.23381	0.02373	0.03448	0.02300	0.02533	0.04212	0.08769	0.20416	0.07062	0.03377	0.02740	0.01275	0.01053	0.00335	0.01173	0.01022	0.00885	0.01639
45	0.02669	0.03681	0.26413	0.02508	0.03571	0.02398	0.02682	0.04475	0.21424	0.09589	0.03251	0.03237	0.02351	0.01252	0.01052	0.00348	0.01182	0.01012	0.05263	0.01642
46	0.02778	0.08051	0.35413	0.03099	0.08743	0.02502	0.03261	0.03906	0.05810	0.12429	0.02504	0.02662	0.01769	0.01107	0.01034	0.00337	0.01388	0.00885	0.00664	0.01658
47	0.02831	0.55757	0.11553	0.02010	0.03021	0.04108	0.02117	0.03287	0.02226	0.02668	0.01567	0.01813	0.01397	0.00945	0.00739	0.00246	0.01218	0.00609	0.00466	0.01424
48	0.02492	0.03357	0.23016	0.02222	0.03427	0.01884	0.02378	0.03272	0.02362	0.08651	0.02178	0.02420	0.01632	0.00949	0.00924	0.00250	0.01129	0.00752	0.00644	0.36062
49	0.01800	0.07633	0.06730	0.01780	0.02080	0.01779	0.01480	0.02109	0.01825	0.02524	0.03063	0.10727	0.03229	0.21864	0.20690	0.01021	0.06661	0.01397	0.00622	0.00986
50	0.02383	0.14420	0.25822	0.02331	0.03344	0.02355	0.02606	0.03181	0.02525	0.07882	0.12189	0.04560	0.03710	0.01493	0.01080	0.00342	0.01198	0.06428	0.00737	0.01415
51	0.02059	0.01938	0.03270	0.59060	0.07510	0.02422	0.03028	0.02786	0.02180	0.02786	0.01938	0.02907	0.01453	0.01090	0.01090	0.00363	0.01453	0.00969	0.00484	0.01211

[dist]
# distance from previous block
# <min> <max>
0	8

[block]
# block no. 4 follows, 12 sequences, length 34
# corresponding to MSA columns:
# 159-192
name=unknown_E
#
# <colnr> <probs for GDERKNQSTAVLIFYWHMCP>
#	G	D	E	R	K	N	Q	S	T	A	V	L	I	F	Y	W	H	M	C	P
0	0.01437	0.01007	0.01294	0.01481	0.01547	0.00966	0.00994	0.01608	0.01999	0.02658	0.05322	0.42310	0.06282	0.18418	0.02476	0.00607	0.00779	0.07057	0.00921	0.00839
1	0.04892	0.01856	0.02530	0.01940	0.02783	0.01603	0.01603	0.05314	0.03121	0.55634	0.04302	0.03711	0.02699	0.01350	0.01096	0.00337	0.00928	0.01096	0.01350	0.01856
2	0.01797	0.01241	0.01895	0.02357	0.10354	0.01238	0.01407	0.01824	0.01860	0.02541	0.03450	0.23337	0.03795	0.03625	0.07954	0.26960	0.01089	0.01721	0.00682	0.00873
3	0.01512	0.01113	0.01414	0.01339	0.01610	0.01016	0.01004	0.01997	0.03013	0.04198	0.49017	0.08432	0.15684	0.02294	0.01286	0.00346	0.00519	0.02012	0.01177	0.01016
4	0.04216	0.01866	0.02418	0.01932	0.02683	0.01732	0.01569	0.05086	0.11337	0.42369	0.09039	0.04188	0.03519	0.01454	0.01117	0.00343	0.00878	0.01202	0.01296	0.01756
5	0.21082	0.02028	0.02276	0.01871	0.02620	0.02065	0.01521	0.04874	0.13750	0.31279	0.03612	0.03288	0.02445	0.01291	0.00990	0.00345	0.00892	0.00996	0.01122	0.01653
6	0.01519	0.01072	0.01404	0.01460	0.01543	0.01127	0.00986	0.01698	0.01755	0.02409	0.03821	0.17996	0.04243	0.29981	0.22894	0.01167	0.01620	0.01772	0.00711	0.00821
7	0.03234	0.01661	0.01983	0.01719	0.02271	0.01649	0.01349	0.04315	0.15112	0.23943	0.04302	0.09497	0.03322	0.01562	0.01039	0.00333	0.00770	0.01305	0.19131	0.01503
8	0.01531	0.01138	0.01440	0.01433	0.01711	0.01048	0.01120	0.01995	0.02862	0.03886	0.36887	0.09364	0.18433	0.02477	0.01326	0.00377	0.00610	0.10234	0.01127	0.01003
9	0.21204	0.02495	0.02646	0.02081	0.02895	0.02672	0.01718	0.26750	0.03754	0.19181	0.02776	0.02686	0.01902	0.01243	0.00985	0.00333	0.01036	0.00911	0.01051	0.01681
10	0.02127	0.01771	0.02074	0.01625	0.02363	0.01495	0.01276	0.02937	0.08669	0.03892	0.16031	0.04031	0.04108	0.01264	0.00970	0.00235	0.00737	0.01067	0.00849	0.42480
11	0.01575	0.01100	0.01406	0.01406	0.01481	0.01175	0.00931	0.01725	0.01650	0.02275	0.03237	0.06036	0.03487	0.41054	0.25523	0.01325	0.01775	0.01425	0.00631	0.00781
12	0.44232	0.02473	0.02246	0.01848	0.02599	0.02807	0.01525	0.21725	0.03117	0.05655	0.01942	0.02098	0.01440	0.01127	0.00835	0.00333	0.00981	0.00741	0.00835	0.01440
13	0.09180	0.01971	0.02335	0.01889	0.02613	0.01955	0.01533	0.09399	0.11336	0.32122	0.03849	0.03553	0.02612	0.01331	0.01024	0.00332	0.00886	0.01058	0.09345	0.01678
14	0.03512	0.02359	0.02366	0.02047	0.02651	0.11498	0.01653	0.09621	0.03197	0.22308	0.08791	0.05706	0.08485	0.01787	0.01178	0.00357	0.01086	0.08869	0.01077	0.01451
15	0.02187	0.05640	0.56031	0.03108	0.04719	0.02532	0.04029	0.03453	0.02302	0.03453	0.01957	0.02302	0.01381	0.01036	0.01036	0.00345	0.01611	0.00806	0.00460	0.01611
16	0.02059	0.01938	0.03270	0.59060	0.07510	0.02422	0.03028	0.02786	0.02180	0.02786	0.01938	0.02907	0.01453	0.01090	0.01090	0.00363	0.01453	0.00969	0.00484	0.01211
17	0.03731	0.01984	0.02446	0.01917	0.02743	0.01809	0.01549	0.04756	0.13873	0.30914	0.03721	0.03415	0.02558	0.01238	0.01025	0.00299	0.00882	0.01010	0.01115	0.19014
18	0.02204	0.01581	0.02579	0.03453	0.22030	0.01581	0.01872	0.02163	0.01830	0.02537	0.01954	0.03077	0.01830	0.02702	0.03035	0.42080	0.01081	0.00956	0.00499	0.00957
19	0.02699	0.02591	0.04426	0.06693	0.54879	0.02591	0.03346	0.03346	0.02483	0.03562	0.02051	0.02699	0.01727	0.00972	0.01079	0.00324	0.01295	0.00972	0.00540	0.01727
20	0.02261	0.01938	0.02261	0.01615	0.02584	0.01453	0.01292	0.02745	0.02261	0.03553	0.01938	0.02261	0.01615	0.00807	0.00807	0.00161	0.00807	0.00646	0.00646	0.68346
21	0.01586	0.01057	0.01189	0.01189	0.01189	0.01057	0.00661	0.01586	0.01586	0.02114	0.03436	0.07135	0.03964	0.61681	0.05550	0.01057	0.01057	0.01586	0.00661	0.00661
22	0.04073	0.05197	0.03090	0.02809	0.03371	0.57303	0.02107	0.04354	0.03090	0.02669	0.01685	0.01966	0.01404	0.01124	0.00983	0.00281	0.01966	0.00702	0.00562	0.01264
23	0.02261	0.01938	0.02261	0.01615	0.02584	0.01453	0.01292	0.02745	0.02261	0.03553	0.01938	0.02261	0.01615	0.00807	0.00807	0.00161	0.00807	0.00646	0.00646	0.68346
24	0.01334	0.01119	0.01168	0.01193	0.01550	0.00953	0.00919	0.01633	0.02488	0.02977	0.10530	0.10670	0.49725	0.02786	0.01310	0.00381	0.00596	0.06727	0.01012	0.00929
25	0.01328	0.00949	0.01265	0.01518	0.01581	0.00886	0.01012	0.01518	0.02088	0.02783	0.06010	0.60969	0.07212	0.03416	0.01392	0.00443	0.00633	0.03100	0.01012	0.00886
26	0.69383	0.02109	0.01603	0.01434	0.02109	0.02446	0.01181	0.03205	0.01856	0.04892	0.01518	0.01771	0.01181	0.01012	0.00675	0.00337	0.00843	0.00590	0.00675	0.01181
27	0.02187	0.05640	0.56031	0.03108	0.04719	0.02532	0.04029	0.03453	0.02302	0.03453	0.01957	0.02302	0.01381	0.01036	0.01036	0.00345	0.01611	0.00806	0.00460	0.01611
28	0.02712	0.02342	0.02465	0.02219	0.02835	0.02712	0.01726	0.05794	0.52909	0.04561	0.04438	0.04068	0.03328	0.01479	0.01109	0.00370	0.00863	0.01233	0.01109	0.01726
29	0.01654	0.01033	0.01240	0.01240	0.01240	0.01033	0.00724	0.01549	0.01549	0.02066	0.03096	0.06293	0.03508	0.48920	0.05266	0.15874	0.01033	0.01445	0.00619	0.00619
30	0.02187	0.05640	0.56031	0.03108	0.04719	0.02532	0.04029	0.03453	0.02302	0.03453	0.01957	0.02302	0.01381	0.01036	0.01036	0.00345	0.01611	0.00806	0.00460	0.01611
31	0.01464	0.01056	0.01461	0.01668	0.01797	0.01053	0.01239	0.01759	0.02120	0.02844	0.05402	0.40046	0.06198	0.04183	0.11483	0.00691	0.01126	0.12548	0.00933	0.00928
32	0.03110	0.11660	0.15365	0.03048	0.11758	0.02515	0.02528	0.03729	0.02445	0.17989	0.02606	0.02864	0.01935	0.01793	0.06071	0.00456	0.06888	0.00928	0.00739	0.01575
33	0.08361	0.06563	0.02084	0.02053	0.06876	0.01583	0.01436	0.02233	0.02400	0.03438	0.14320	0.23102	0.09228	0.02401	0.01225	0.00389	0.00795	0.09506	0.00922	0.01087

[dist]
# distance from previous block
# <min> <max>
3	6

[block]
# block no. 5 follows, 12 sequences, length 112
# corresponding to MSA columns:
# 199-310
name=unknown_F
#
# <colnr> <probs for GDERKNQSTAVLIFYWHMCP>
#	G	D	E	R	K	N	Q	S	T	A	V	L	I	F	Y	W	H	M	C	P
0	0.23107	0.01737	0.01766	0.01552	0.02049	0.01842	0.01228	0.10327	0.02981	0.04816	0.25772	0.05464	0.09864	0.01746	0.01064	0.00341	0.00731	0.01409	0.01003	0.01200
1	0.02223	0.02070	0.03115	0.29824	0.13419	0.02435	0.02582	0.03223	0.10413	0.03200	0.03238	0.03782	0.07197	0.01385	0.01359	0.00370	0.07024	0.01146	0.00648	0.01347
2	0.01565	0.01137	0.01595	0.01595	0.01735	0.01277	0.01166	0.01846	0.01706	0.02414	0.03065	0.05082	0.03073	0.23165	0.42846	0.01558	0.02399	0.01285	0.00606	0.00886
3	0.01397	0.01006	0.01283	0.01420	0.01539	0.00936	0.00962	0.01638	0.02264	0.03042	0.15833	0.40450	0.11144	0.09582	0.01823	0.00485	0.00650	0.02643	0.01011	0.00892
4	0.04605	0.01792	0.02438	0.01891	0.02685	0.01553	0.01553	0.05035	0.03118	0.51244	0.08584	0.04091	0.03349	0.01425	0.01113	0.00338	0.00892	0.01171	0.01337	0.01785
5	0.02187	0.05640	0.56031	0.03108	0.04719	0.02532	0.04029	0.03453	0.02302	0.03453	0.01957	0.02302	0.01381	0.01036	0.01036	0.00345	0.01611	0.00806	0.00460	0.01611
6	0.02574	0.02941	0.06434	0.04596	0.05699	0.02757	0.50919	0.03493	0.02574	0.03493	0.02206	0.02941	0.01654	0.00919	0.01287	0.00368	0.01838	0.01287	0.00551	0.01471
7	0.01543	0.01115	0.01457	0.01372	0.01629	0.01029	0.01029	0.02058	0.03086	0.04372	0.54304	0.08145	0.10288	0.02229	0.01286	0.00343	0.00514	0.01972	0.01200	0.01029
8	0.03561	0.02565	0.02729	0.02176	0.02896	0.02831	0.01770	0.36409	0.09849	0.06051	0.03008	0.03070	0.02207	0.01320	0.01027	0.00317	0.01023	0.01016	0.14501	0.01671
9	0.02663	0.02327	0.03250	0.02760	0.02854	0.03147	0.02299	0.02922	0.01831	0.08497	0.01749	0.02532	0.01572	0.01846	0.03303	0.00462	0.53175	0.00970	0.00574	0.01266
10	0.02580	0.02460	0.03332	0.02823	0.02920	0.03344	0.02351	0.08011	0.02053	0.03095	0.01563	0.02411	0.01478	0.01842	0.03303	0.00460	0.53205	0.00957	0.00545	0.01266
11	0.02261	0.01938	0.02261	0.01615	0.02584	0.01453	0.01292	0.02745	0.02261	0.03553	0.01938	0.02261	0.01615	0.00807	0.00807	0.00161	0.00807	0.00646	0.00646	0.68346
12	0.02261	0.01938	0.02261	0.01615	0.02584	0.01453	0.01292	0.02745	0.02261	0.03553	0.01938	0.02261	0.01615	0.00807	0.00807	0.00161	0.00807	0.00646	0.00646	0.68346
13	0.01340	0.01107	0.01176	0.01159	0.01504	0.00942	0.00869	0.01665	0.02607	0.03234	0.19799	0.10018	0.45503	0.02654	0.01288	0.00363	0.00545	0.02235	0.01051	0.00942
14	0.45136	0.01899	0.01596	0.01419	0.01998	0.02144	0.01149	0.07423	0.02272	0.04849	0.02172	0.02471	0.01680	0.01109	0.00737	0.00314	0.00785	0.00742	0.18907	0.01198
15	0.04521	0.01773	0.02411	0.01877	0.02655	0.01539	0.01539	0.04953	0.03117	0.49955	0.09841	0.04202	0.03540	0.01447	0.01117	0.00338	0.00882	0.01193	0.01333	0.01764
16	0.33019	0.02182	0.02257	0.01820	0.02595	0.02292	0.01502	0.12641	0.02927	0.24637	0.02779	0.02665	0.01882	0.01194	0.00911	0.00336	0.00940	0.00854	0.01007	0.01560
17	0.02385	0.02385	0.03340	0.02863	0.02863	0.03340	0.02385	0.02624	0.01670	0.02624	0.01431	0.02385	0.01431	0.01908	0.03578	0.00477	0.59685	0.00954	0.00477	0.01193
18	0.03976	0.01783	0.02285	0.01817	0.02509	0.01647	0.01476	0.09593	0.03252	0.36689	0.12125	0.04343	0.03842	0.01479	0.01092	0.00329	0.00848	0.01217	0.08059	0.01636
19	0.02294	0.04976	0.44549	0.03782	0.12892	0.02556	0.06884	0.03438	0.02348	0.03473	0.01988	0.02407	0.01454	0.01018	0.01059	0.00343	0.01575	0.00863	0.00479	0.01621
20	0.03593	0.03740	0.02899	0.02536	0.03179	0.26900	0.01962	0.14087	0.21570	0.04181	0.02867	0.02857	0.02191	0.01289	0.01050	0.00322	0.01415	0.00950	0.00864	0.01548
21	0.12074	0.08040	0.07341	0.02668	0.11268	0.02372	0.01983	0.09167	0.02603	0.04066	0.01946	0.02265	0.01564	0.00957	0.00877	0.00255	0.01040	0.00741	0.00658	0.28117
22	0.02589	0.02498	0.03414	0.15694	0.17799	0.06966	0.02615	0.06945	0.02432	0.03282	0.02216	0.07584	0.02044	0.01500	0.01780	0.00381	0.17159	0.01128	0.00599	0.01375
23	0.01760	0.00995	0.01320	0.01320	0.01320	0.00995	0.00823	0.01492	0.01492	0.01989	0.02561	0.04969	0.02790	0.28857	0.04819	0.39168	0.00995	0.01224	0.00555	0.00555
24	0.02410	0.02111	0.02848	0.13101	0.03802	0.02370	0.07281	0.04361	0.29016	0.04048	0.08209	0.04096	0.03381	0.01395	0.01113	0.00356	0.01022	0.01239	0.06362	0.01478
25	0.01560	0.01157	0.01695	0.01695	0.01870	0.01332	0.01291	0.01910	0.01735	0.02489	0.02973	0.04574	0.02852	0.13628	0.52082	0.01682	0.02731	0.01211	0.00592	0.00942
26	0.08085	0.57652	0.05394	0.01832	0.02745	0.04169	0.01812	0.03260	0.02187	0.02746	0.01516	0.01751	0.01382	0.00939	0.00698	0.00241	0.01141	0.00584	0.00483	0.01382
27	0.01310	0.01021	0.01191	0.01327	0.01531	0.00902	0.00927	0.01540	0.02272	0.02859	0.08343	0.37580	0.29095	0.03113	0.01344	0.00408	0.00595	0.02730	0.01012	0.00902
28	0.01967	0.01560	0.01823	0.01679	0.02067	0.01640	0.01282	0.03414	0.21168	0.04441	0.36207	0.06665	0.07762	0.01957	0.01222	0.00353	0.00641	0.01704	0.01167	0.01282
29	0.04145	0.03054	0.03272	0.02509	0.03381	0.03381	0.02072	0.51243	0.05127	0.06872	0.02618	0.02618	0.01854	0.01309	0.01091	0.00327	0.01200	0.00982	0.01091	0.01854
30	0.04892	0.01856	0.02530	0.01940	0.02783	0.01603	0.01603	0.05314	0.03121	0.55634	0.04302	0.03711	0.02699	0.01350	0.01096	0.00337	0.00928	0.01096	0.01350	0.01856
31	0.02000	0.01639	0.01969	0.01527	0.02237	0.01299	0.01196	0.02496	0.02561	0.03850	0.20942	0.04396	0.04763	0.01323	0.00981	0.00227	0.00701	0.01127	0.00847	0.43916
32	0.02722	0.02408	0.03264	0.13780	0.19118	0.02685	0.02471	0.08691	0.24507	0.04158	0.03116	0.03322	0.02383	0.01244	0.01095	0.00351	0.01128	0.01085	0.00827	0.01646
33	0.02712	0.02342	0.02465	0.02219	0.02835	0.02712	0.01726	0.05794	0.52909	0.04561	0.04438	0.04068	0.03328	0.01479	0.01109	0.00370	0.00863	0.01233	0.01109	0.01726
34	0.02454	0.02341	0.03984	0.26703	0.36779	0.02526	0.03225	0.03132	0.02367	0.03266	0.02008	0.02778	0.01623	0.01017	0.01084	0.00339	0.01356	0.00971	0.00519	0.01530
35	0.01586	0.01057	0.01189	0.01189	0.01189	0.01057	0.00661	0.01586	0.01586	0.02114	0.03436	0.07135	0.03964	0.61681	0.05550	0.01057	0.01057	0.01586	0.00661	0.00661
36	0.01484	0.01060	0.01444	0.01696	0.01827	0.01020	0.01282	0.01787	0.02241	0.02957	0.05924	0.43306	0.06872	0.03269	0.01433	0.00464	0.00767	0.19227	0.01009	0.00929
37	0.69383	0.02109	0.01603	0.01434	0.02109	0.02446	0.01181	0.03205	0.01856	0.04892	0.01518	0.01771	0.01181	0.01012	0.00675	0.00337	0.00843	0.00590	0.00675	0.01181
38	0.04073	0.05197	0.03090	0.02809	0.03371	0.57303	0.02107	0.04354	0.03090	0.02669	0.01685	0.01966	0.01404	0.01124	0.00983	0.00281	0.01966	0.00702	0.00562	0.01264
39	0.03041	0.02080	0.02432	0.02030	0.02511	0.02274	0.01585	0.27701	0.03408	0.04584	0.02389	0.03055	0.01965	0.02970	0.08476	0.25144	0.01299	0.00990	0.00811	0.01256
40	0.01438	0.01050	0.01352	0.01403	0.01597	0.00964	0.01004	0.01806	0.02650	0.03635	0.31890	0.28545	0.13154	0.02731	0.01327	0.00383	0.00563	0.02433	0.01111	0.00964
41	0.02451	0.26216	0.37771	0.02657	0.04022	0.03179	0.03244	0.03385	0.02271	0.03131	0.01797	0.02101	0.01388	0.00999	0.00914	0.00305	0.01450	0.00725	0.00463	0.01534
42	0.01495	0.01113	0.01390	0.01321	0.01599	0.01008	0.00991	0.01964	0.02972	0.04100	0.46047	0.08593	0.18715	0.02331	0.01287	0.00348	0.00522	0.02035	0.01164	0.01008
43	0.01600	0.01115	0.01565	0.01565	0.01687	0.01237	0.01129	0.01795	0.01673	0.02353	0.02956	0.04962	0.02979	0.22310	0.37832	0.08340	0.02212	0.01259	0.00594	0.00837
44	0.02261	0.01938	0.02261	0.01615	0.02584	0.01453	0.01292	0.02745	0.02261	0.03553	0.01938	0.02261	0.01615	0.00807	0.00807	0.00161	0.00807	0.00646	0.00646	0.68346
45	0.01902	0.01714	0.01971	0.02168	0.07315	0.07490	0.01456	0.02318	0.02513	0.03321	0.20708	0.11306	0.09855	0.03756	0.16456	0.00729	0.01423	0.01651	0.00860	0.01088
46	0.69383	0.02109	0.01603	0.01434	0.02109	0.02446	0.01181	0.03205	0.01856	0.04892	0.01518	0.01771	0.01181	0.01012	0.00675	0.00337	0.00843	0.00590	0.00675	0.01181
47	0.02059	0.01938	0.03270	0.59060	0.07510	0.02422	0.03028	0.02786	0.02180	0.02786	0.01938	0.02907	0.01453	0.01090	0.01090	0.00363	0.01453	0.00969	0.00484	0.01211
48	0.02843	0.02407	0.02539	0.02245	0.02885	0.02773	0.01758	0.09955	0.48535	0.04773	0.04271	0.03935	0.03193	0.01464	0.01108	0.00366	0.00894	0.01210	0.01108	0.01738
49	0.02059	0.01938	0.03270	0.59060	0.07510	0.02422	0.03028	0.02786	0.02180	0.02786	0.01938	0.02907	0.01453	0.01090	0.01090	0.00363	0.01453	0.00969	0.00484	0.01211
50	0.01292	0.01092	0.01118	0.01138	0.01482	0.00918	0.00843	0.01561	0.02453	0.02932	0.10636	0.14603	0.50591	0.02815	0.01297	0.00374	0.00559	0.02366	0.01012	0.00918
51	0.02553	0.02542	0.07137	0.08061	0.13830	0.02588	0.02364	0.07028	0.21246	0.04050	0.08080	0.03696	0.03098	0.01416	0.01364	0.00364	0.07038	0.01153	0.00834	0.01558
52	0.01328	0.00949	0.01265	0.01518	0.01581	0.00886	0.01012	0.01518	0.02088	0.02783	0.06010	0.60969	0.07212	0.03416	0.01392	0.00443	0.00633	0.03100	0.01012	0.00886
53	0.02166	0.01982	0.03136	0.13548	0.22257	0.02197	0.02437	0.02685	0.02370	0.03344	0.12292	0.10174	0.03865	0.01653	0.01559	0.00372	0.10543	0.01394	0.00698	0.01326
54	0.09972	0.02499	0.08455	0.24567	0.13138	0.02444	0.02648	0.03688	0.10573	0.07806	0.02513	0.02941	0.01868	0.01141	0.01041	0.00351	0.01237	0.00964	0.00685	0.01469
55	0.02956	0.02380	0.02581	0.02218	0.02808	0.02749	0.01764	0.15996	0.32235	0.04901	0.03671	0.03586	0.02770	0.01452	0.01271	0.00357	0.05696	0.01128	0.07840	0.01641
56	0.47754	0.08020	0.02318	0.01806	0.02476	0.15992	0.01465	0.03491	0.02188	0.04150	0.01559	0.01817	0.01254	0.01033	0.00752	0.00315	0.01145	0.00617	0.00629	0.01220
57	0.02261	0.11416	0.50905	0.02981	0.04523	0.02714	0.03808	0.03434	0.02293	0.03363	0.01912	0.02246	0.01383	0.01025	0.01002	0.00334	0.01566	0.00783	0.00461	0.01590
58	0.02174	0.01521	0.01810	0.01638	0.02059	0.01535	0.01260	0.03358	0.16590	0.09404	0.32388	0.06780	0.11102	0.01980	0.01219	0.00352	0.00653	0.01710	0.01176	0.01292
59	0.01576	0.01097	0.01390	0.01390	0.01460	0.01166	0.00912	0.01715	0.01645	0.02263	0.03252	0.06116	0.03522	0.42562	0.24064	0.01306	0.01723	0.01436	0.00633	0.00772
60	0.03571	0.03560	0.02898	0.02507	0.03169	0.22694	0.01952	0.16860	0.22646	0.04463	0.02975	0.02936	0.02254	0.01307	0.01059	0.00327	0.01349	0.00976	0.00906	0.01591
61	0.01435	0.01149	0.01453	0.01559	0.01695	0.01167	0.01116	0.01653	0.02145	0.02808	0.06817	0.41302	0.18899	0.03078	0.01607	0.00427	0.07154	0.02654	0.00953	0.00929
62	0.01496	0.01097	0.01403	0.01360	0.01609	0.01003	0.01007	0.01954	0.02925	0.04069	0.45087	0.13759	0.14360	0.02403	0.01297	0.00356	0.00530	0.02119	0.01162	0.01003
63	0.02306	0.01978	0.02281	0.01675	0.02609	0.01578	0.01335	0.03048	0.07292	0.03653	0.02186	0.02440	0.01785	0.00874	0.00837	0.00182	0.00813	0.00704	0.00692	0.61729
64	0.02261	0.01938	0.02261	0.01615	0.02584	0.01453	0.01292	0.02745	0.02261	0.03553	0.01938	0.02261	0.01615	0.00807	0.00807	0.00161	0.00807	0.00646	0.00646	0.68346
65	0.03805	0.03928	0.02884	0.02540	0.03171	0.32791	0.01952	0.08738	0.16353	0.08912	0.02753	0.02751	0.02079	0.01256	0.01037	0.00314	0.01507	0.00905	0.00830	0.01495
66	0.03917	0.02443	0.02790	0.02200	0.02971	0.02572	0.01795	0.28818	0.09103	0.19596	0.08982	0.03671	0.03164	0.01439	0.01116	0.00336	0.01017	0.01147	0.01175	0.01750
67	0.02343	0.02034	0.03177	0.24043	0.18697	0.02240	0.02683	0.07233	0.02622	0.03502	0.03072	0.05372	0.02873	0.01599	0.01200	0.00387	0.01265	0.13607	0.00696	0.01355
68	0.02372	0.01303	0.01696	0.01490	0.01908	0.01164	0.01155	0.02839	0.03035	0.17301	0.37258	0.07248	0.12738	0.02058	0.01238	0.00344	0.00624	0.01781	0.01220	0.01229
69	0.03274	0.03865	0.03208	0.02834	0.03130	0.31743	0.02239	0.03535	0.02417	0.02647	0.01565	0.02165	0.01417	0.01495	0.02212	0.00374	0.29306	0.00822	0.00522	0.01230
70	0.04073	0.05197	0.03090	0.02809	0.03371	0.57303	0.02107	0.04354	0.03090	0.02669	0.01685	0.01966	0.01404	0.01124	0.00983	0.00281	0.01966	0.00702	0.00562	0.01264
71	0.01349	0.01034	0.01237	0.01341	0.01549	0.00922	0.00947	0.01624	0.02398	0.03103	0.15769	0.33627	0.25218	0.02979	0.01336	0.00399	0.00584	0.02619	0.01043	0.00922
72	0.01412	0.01109	0.01275	0.01234	0.01548	0.00973	0.00925	0.01803	0.02776	0.03636	0.31982	0.09357	0.33069	0.02504	0.01287	0.00356	0.00534	0.02142	0.01103	0.00973
73	0.01371	0.01077	0.01239	0.01264	0.01540	0.00945	0.00923	0.01700	0.02583	0.03331	0.22720	0.19721	0.32236	0.02734	0.01308	0.00375	0.00557	0.02362	0.01067	0.00945
74	0.69383	0.02109	0.01603	0.01434	0.02109	0.02446	0.01181	0.03205	0.01856	0.04892	0.01518	0.01771	0.01181	0.01012	0.00675	0.00337	0.00843	0.00590	0.00675	0.01181
75	0.02591	0.02223	0.03271	0.44641	0.06457	0.02667	0.02784	0.15141	0.02931	0.03828	0.02111	0.02833	0.01556	0.01146	0.01090	0.00354	0.01389	0.00972	0.00639	0.01375
76	0.02341	0.02000	0.02123	0.01967	0.02487	0.02236	0.01508	0.04674	0.39578	0.04119	0.05667	0.10904	0.11989	0.01884	0.01167	0.00377	0.00789	0.01596	0.01084	0.01510
77	0.01894	0.00947	0.01420	0.01420	0.01420	0.00947	0.00947	0.01420	0.01420	0.01894	0.01894	0.03314	0.01894	0.03788	0.04261	0.68277	0.00947	0.00947	0.00473	0.00473
78	0.01475	0.01125	0.01364	0.01341	0.01637	0.01013	0.01031	0.01905	0.02819	0.03762	0.34331	0.09380	0.25354	0.02493	0.01309	0.00368	0.00576	0.06614	0.01115	0.00988
79	0.02915	0.62337	0.05714	0.01866	0.02799	0.04314	0.01866	0.03265	0.02215	0.02565	0.01516	0.01749	0.01399	0.00933	0.00700	0.00233	0.01166	0.00583	0.00466	0.01399
80	0.03352	0.02045	0.02350	0.01985	0.02632	0.02153	0.01578	0.09562	0.24501	0.20087	0.08196	0.04148	0.03511	0.01465	0.01086	0.00343	0.00855	0.01207	0.07287	0.01656
81	0.01716	0.01726	0.07661	0.01754	0.02001	0.01538	0.01440	0.02015	0.01732	0.02457	0.02906	0.05157	0.03009	0.30586	0.23175	0.01171	0.07144	0.01294	0.00595	0.00925
82	0.69383	0.02109	0.01603	0.01434	0.02109	0.02446	0.01181	0.03205	0.01856	0.04892	0.01518	0.01771	0.01181	0.01012	0.00675	0.00337	0.00843	0.00590	0.00675	0.01181
83	0.02342	0.14392	0.28312	0.02366	0.03632	0.02471	0.02688	0.03172	0.02272	0.03331	0.01872	0.02190	0.01466	0.00938	0.00896	0.00261	0.01251	0.00710	0.00526	0.24911
84	0.01612	0.01145	0.01552	0.01712	0.01869	0.01166	0.01336	0.01938	0.02123	0.02824	0.04877	0.18742	0.05397	0.15800	0.11432	0.00808	0.01261	0.22630	0.00867	0.00908
85	0.02900	0.02466	0.03267	0.09551	0.21336	0.05941	0.02426	0.08245	0.13174	0.07873	0.02835	0.03205	0.02209	0.01957	0.07318	0.00494	0.01407	0.01041	0.00772	0.01583
86	0.01423	0.01057	0.01326	0.01370	0.01583	0.00960	0.00985	0.01783	0.02636	0.03567	0.29843	0.26361	0.17637	0.02729	0.01322	0.00381	0.00561	0.02414	0.01101	0.00960
87	0.02527	0.02402	0.01952	0.01892	0.02257	0.18496	0.01431	0.02852	0.02543	0.06275	0.04769	0.15181	0.11727	0.02752	0.07377	0.00505	0.01322	0.05163	0.07474	0.01102
88	0.03293	0.03599	0.02298	0.02124	0.02568	0.35795	0.01593	0.03661	0.02783	0.03202	0.02401	0.02768	0.01936	0.01180	0.00899	0.00271	0.01409	0.00822	0.26229	0.01169
89	0.01848	0.01581	0.02127	0.01918	0.02311	0.01582	0.05293	0.02661	0.10862	0.03374	0.09467	0.25482	0.11360	0.02316	0.01387	0.00377	0.04504	0.02031	0.00933	0.08586
90	0.02784	0.02798	0.08674	0.02800	0.08396	0.02741	0.02178	0.09446	0.37791	0.04548	0.03753	0.03600	0.02815	0.01363	0.01097	0.00359	0.01021	0.01136	0.00978	0.01725
91	0.03280	0.02497	0.02691	0.02275	0.02980	0.02804	0.01810	0.18140	0.35834	0.09349	0.03931	0.03644	0.02875	0.01422	0.01103	0.00356	0.00960	0.01153	0.01124	0.01771
92	0.69383	0.02109	0.01603	0.01434	0.02109	0.02446	0.01181	0.03205	0.01856	0.04892	0.01518	0.01771	0.01181	0.01012	0.00675	0.00337	0.00843	0.00590	0.00675	0.01181
93	0.04344	0.01813	0.02406	0.01900	0.02660	0.01629	0.01549	0.04992	0.07171	0.45796	0.09853	0.04231	0.03591	0.01458	0.01119	0.00341	0.00877	0.01205	0.01313	0.01753
94	0.02638	0.02296	0.03424	0.16861	0.25138	0.02451	0.02627	0.12609	0.02996	0.04071	0.07199	0.03794	0.06535	0.01311	0.01118	0.00339	0.01189	0.01161	0.00730	0.01514
95	0.03506	0.01464	0.01841	0.01525	0.02090	0.01326	0.01221	0.03969	0.02777	0.31227	0.07179	0.04138	0.03221	0.01373	0.00971	0.00304	0.00729	0.01119	0.28559	0.01459
96	0.02035	0.02288	0.10925	0.12817	0.03499	0.01941	0.02089	0.06933	0.02804	0.03885	0.23112	0.05397	0.09234	0.01751	0.01387	0.00359	0.06003	0.01442	0.00857	0.01238
97	0.01395	0.01014	0.01330	0.01557	0.01681	0.00949	0.01116	0.01644	0.02196	0.02878	0.06471	0.48001	0.11749	0.03285	0.01400	0.00445	0.00685	0.10283	0.01011	0.00908
98	0.02870	0.20454	0.07772	0.02666	0.08093	0.16813	0.02111	0.03599	0.07668	0.03115	0.06594	0.02958	0.02511	0.01823	0.06115	0.00425	0.01492	0.00908	0.00637	0.01376
99	0.01583	0.01067	0.01237	0.01237	0.01254	0.01083	0.00721	0.01617	0.01600	0.02150	0.03391	0.06891	0.03858	0.57099	0.09987	0.01117	0.01217	0.01550	0.00654	0.00687
100	0.02703	0.02501	0.03717	0.05075	0.36062	0.02635	0.02760	0.04231	0.20715	0.03923	0.02914	0.03194	0.02306	0.01155	0.01090	0.00340	0.01139	0.01066	0.00746	0.01727
101	0.02659	0.03274	0.21911	0.02212	0.03395	0.01871	0.02340	0.03419	0.02415	0.11939	0.02327	0.02510	0.01705	0.00978	0.00938	0.00257	0.01120	0.00777	0.00692	0.33261
102	0.02033	0.01016	0.01016	0.01016	0.01270	0.01016	0.00762	0.02541	0.02287	0.04065	0.03557	0.04065	0.02795	0.01270	0.00762	0.00254	0.00508	0.01016	0.67734	0.01016
103	0.62730	0.02423	0.01754	0.01574	0.02237	0.08034	0.01275	0.03322	0.01981	0.04666	0.01535	0.01791	0.01204	0.01023	0.00706	0.00332	0.00958	0.00602	0.00663	0.01189
104	0.01763	0.01016	0.01439	0.01510	0.01592	0.00994	0.01090	0.01593	0.01772	0.02317	0.03765	0.11259	0.07590	0.03526	0.03232	0.43664	0.00893	0.09672	0.00668	0.00647
105	0.01588	0.01078	0.01289	0.01354	0.01401	0.01072	0.00873	0.01688	0.01785	0.02366	0.04069	0.13318	0.04660	0.46406	0.04483	0.00906	0.01006	0.09167	0.00751	0.00739
106	0.45625	0.02690	0.02190	0.01858	0.02571	0.08761	0.01509	0.15499	0.02821	0.05147	0.01815	0.02007	0.01376	0.01100	0.00814	0.00329	0.01058	0.00702	0.00768	0.01361
107	0.09486	0.01775	0.02205	0.06287	0.02736	0.01899	0.01565	0.11524	0.02697	0.14833	0.03230	0.08190	0.02768	0.08331	0.16713	0.00790	0.01537	0.01233	0.00878	0.01323
108	0.64008	0.02088	0.01680	0.01476	0.02165	0.02376	0.01216	0.03381	0.01961	0.09121	0.01750	0.01933	0.01307	0.01040	0.00710	0.00337	0.00850	0.00633	0.00731	0.01237
109	0.02059	0.01938	0.03270	0.59060	0.07510	0.02422	0.03028	0.02786	0.02180	0.02786	0.01938	0.02907	0.01453	0.01090	0.01090	0.00363	0.01453	0.00969	0.00484	0.01211
110	0.01693	0.01223	0.01815	0.01776	0.01916	0.01440	0.01363	0.01896	0.01679	0.02411	0.02593	0.03934	0.02453	0.06784	0.42297	0.15033	0.07146	0.01106	0.00553	0.00891
111	0.02107	0.04738	0.44082	0.02921	0.04281	0.02303	0.06497	0.03230	0.02446	0.03604	0.10437	0.03287	0.02839	0.01222	0.01092	0.00346	0.01448	0.01025	0.00586	0.01508

[dist]
# distance from previous block
# <min> <max>
0	12

[block]
# block no. 6 follows, 12 sequences, length 32
# corresponding to MSA columns:
# 323-354
name=unknown_G
#
# <colnr> <probs for GDERKNQSTAVLIFYWHMCP>
#	G	D	E	R	K	N	Q	S	T	A	V	L	I	F	Y	W	H	M	C	P
0	0.01571	0.01082	0.01263	0.01230	0.01406	0.01023	0.00836	0.01857	0.02358	0.03290	0.24060	0.07699	0.13433	0.24591	0.02840	0.00607	0.00723	0.01780	0.07477	0.00874
1	0.03789	0.07722	0.13624	0.02518	0.03506	0.08000	0.02369	0.26846	0.03861	0.13303	0.02594	0.02609	0.01823	0.01218	0.01044	0.00321	0.01306	0.00912	0.00916	0.01720
2	0.69383	0.02109	0.01603	0.01434	0.02109	0.02446	0.01181	0.03205	0.01856	0.04892	0.01518	0.01771	0.01181	0.01012	0.00675	0.00337	0.00843	0.00590	0.00675	0.01181
3	0.01964	0.08491	0.13484	0.02114	0.02624	0.02156	0.02006	0.02466	0.02008	0.02865	0.07426	0.04057	0.03003	0.11377	0.18871	0.00869	0.11337	0.01132	0.00599	0.01149
4	0.01448	0.01111	0.01326	0.01272	0.01571	0.00988	0.00954	0.01873	0.02862	0.03839	0.38139	0.09022	0.26785	0.02428	0.01287	0.00352	0.00529	0.02095	0.01130	0.00988
5	0.01810	0.01496	0.02167	0.02631	0.12012	0.01581	0.01653	0.02445	0.06775	0.03007	0.04274	0.16664	0.08110	0.04682	0.24456	0.00949	0.01720	0.01651	0.00754	0.01164
6	0.09522	0.29680	0.04187	0.20952	0.04360	0.09468	0.02210	0.03222	0.02266	0.02887	0.01676	0.02161	0.01396	0.01015	0.00859	0.00292	0.01319	0.00726	0.00504	0.01299
7	0.02962	0.03007	0.15056	0.03727	0.18215	0.02164	0.07143	0.03690	0.02546	0.14696	0.02506	0.02768	0.01832	0.01030	0.01041	0.00305	0.01243	0.00929	0.00717	0.14421
8	0.08891	0.42126	0.12169	0.02013	0.03010	0.03590	0.02084	0.03517	0.02298	0.08879	0.01893	0.02051	0.01524	0.01001	0.00790	0.00270	0.01174	0.00673	0.00583	0.01462
9	0.65057	0.06029	0.01870	0.01462	0.02154	0.02568	0.01225	0.03209	0.01879	0.04741	0.01518	0.01770	0.01195	0.01007	0.00676	0.00331	0.00864	0.00590	0.00661	0.01195
