[name]
unknown

[dist]
# distance from previous block
# <min> <max>
36	284

[block]
# block no. 0 follows, 10 sequences, length 6
# corresponding to MSA columns:
# 318-323
name=unknown_A
#
# <colnr> <probs for GDERKNQSTAVLIFYWHMCP>
#	G	D	E	R	K	N	Q	S	T	A	V	L	I	F	Y	W	H	M	C	P
0	0.02737	0.01799	0.02741	0.08835	0.03359	0.01662	0.06291	0.02971	0.02275	0.10949	0.02487	0.03208	0.01994	0.02098	0.02268	0.22951	0.01132	0.00990	0.00715	0.18539
1	0.02196	0.02067	0.03488	0.56331	0.08010	0.02584	0.03230	0.02972	0.02326	0.02972	0.02067	0.03101	0.01550	0.01163	0.01163	0.00388	0.01550	0.01034	0.00517	0.01292
2	0.01591	0.01226	0.01638	0.06919	0.02408	0.01198	0.01387	0.01967	0.02532	0.03302	0.12617	0.29554	0.16176	0.03030	0.01438	0.00445	0.00794	0.09704	0.01048	0.01026
3	0.02274	0.02143	0.03566	0.31195	0.05947	0.02264	0.09233	0.03000	0.02500	0.03429	0.06801	0.03485	0.02520	0.01184	0.01146	0.00338	0.01362	0.01109	0.00639	0.15867
4	0.01454	0.01041	0.01383	0.01594	0.01695	0.00969	0.01082	0.01712	0.02398	0.03242	0.13636	0.50363	0.08221	0.03440	0.01466	0.00455	0.00654	0.03113	0.01112	0.00969
5	0.02935	0.02401	0.02918	0.12330	0.03990	0.02323	0.01962	0.15580	0.03253	0.04628	0.02271	0.02649	0.01762	0.01068	0.01003	0.00263	0.01109	0.00855	0.00790	0.35911

[dist]
# distance from previous block
# <min> <max>
0	4

[block]
# block no. 1 follows, 10 sequences, length 13
# corresponding to MSA columns:
# 328-340
name=unknown_B
#
# <colnr> <probs for GDERKNQSTAVLIFYWHMCP>
#	G	D	E	R	K	N	Q	S	T	A	V	L	I	F	Y	W	H	M	C	P
0	0.43528	0.03007	0.11144	0.02240	0.03169	0.02685	0.06227	0.03772	0.06958	0.04777	0.02084	0.02352	0.01575	0.01125	0.00895	0.00368	0.01143	0.00809	0.00715	0.01427
1	0.03218	0.04187	0.26908	0.03495	0.11208	0.02642	0.03272	0.09015	0.07164	0.13211	0.02873	0.02997	0.02025	0.01230	0.01137	0.00364	0.01417	0.01003	0.00812	0.01824
2	0.02362	0.02260	0.02057	0.02049	0.02384	0.11643	0.01491	0.03377	0.14211	0.03593	0.09939	0.29040	0.05847	0.02534	0.01315	0.00409	0.00993	0.02201	0.01035	0.01258
3	0.67341	0.02249	0.01709	0.01529	0.02249	0.02609	0.01260	0.03419	0.01979	0.05218	0.01619	0.01889	0.01260	0.01080	0.00720	0.00360	0.00900	0.00630	0.00720	0.01260
4	0.03912	0.03018	0.03727	0.03552	0.12287	0.07916	0.06580	0.17084	0.10582	0.14511	0.03185	0.03230	0.02295	0.01308	0.01174	0.00356	0.01332	0.01110	0.01006	0.01833
5	0.02333	0.06016	0.53100	0.03315	0.05034	0.02701	0.04297	0.03683	0.02455	0.03683	0.02087	0.02455	0.01473	0.01105	0.01105	0.00368	0.01719	0.00859	0.00491	0.01719
6	0.01459	0.01115	0.01339	0.01424	0.01658	0.00996	0.01014	0.01780	0.02642	0.03451	0.19440	0.29278	0.24044	0.03082	0.01417	0.00418	0.00613	0.02705	0.01130	0.00996
7	0.25557	0.03916	0.25360	0.02450	0.03661	0.02476	0.02734	0.03978	0.02460	0.13770	0.02412	0.02551	0.01673	0.01161	0.00983	0.00364	0.01291	0.00840	0.00756	0.01610
8	0.02196	0.02067	0.03488	0.56331	0.08010	0.02584	0.03230	0.02972	0.02326	0.02972	0.02067	0.03101	0.01550	0.01163	0.01163	0.00388	0.01550	0.01034	0.00517	0.01292
9	0.01646	0.01189	0.01555	0.01463	0.01738	0.01097	0.01097	0.02195	0.03292	0.04664	0.51257	0.08688	0.10974	0.02378	0.01372	0.00366	0.00549	0.02103	0.01280	0.01097
10	0.01417	0.01012	0.01350	0.01619	0.01687	0.00945	0.01080	0.01619	0.02227	0.02969	0.06410	0.58367	0.07692	0.03644	0.01484	0.00472	0.00675	0.03306	0.01080	0.00945
11	0.58092	0.02397	0.01971	0.01698	0.02449	0.02756	0.01399	0.09972	0.02492	0.05529	0.01792	0.02022	0.01365	0.01126	0.00785	0.00358	0.00956	0.00691	0.00785	0.01365
12	0.67341	0.02249	0.01709	0.01529	0.02249	0.02609	0.01260	0.03419	0.01979	0.05218	0.01619	0.01889	0.01260	0.01080	0.00720	0.00360	0.00900	0.00630	0.00720	0.01260

[dist]
# distance from previous block
# <min> <max>
0	4

[block]
# block no. 2 follows, 10 sequences, length 29
# corresponding to MSA columns:
# 345-373
name=unknown_C
#
# <colnr> <probs for GDERKNQSTAVLIFYWHMCP>
#	G	D	E	R	K	N	Q	S	T	A	V	L	I	F	Y	W	H	M	C	P
0	0.67341	0.02249	0.01709	0.01529	0.02249	0.02609	0.01260	0.03419	0.01979	0.05218	0.01619	0.01889	0.01260	0.01080	0.00720	0.00360	0.00900	0.00630	0.00720	0.01260
1	0.01611	0.01187	0.01506	0.01427	0.01716	0.01083	0.01070	0.02127	0.03210	0.04469	0.46203	0.09008	0.16150	0.02450	0.01372	0.00369	0.00554	0.02148	0.01255	0.01083
2	0.01646	0.01189	0.01555	0.01463	0.01738	0.01097	0.01097	0.02195	0.03292	0.04664	0.51257	0.08688	0.10974	0.02378	0.01372	0.00366	0.00549	0.02103	0.01280	0.01097
3	0.02698	0.02237	0.02566	0.01859	0.02878	0.01844	0.01497	0.09359	0.02848	0.04295	0.02171	0.02466	0.01759	0.00938	0.00904	0.00197	0.00921	0.00740	0.00757	0.57067
4	0.67341	0.02249	0.01709	0.01529	0.02249	0.02609	0.01260	0.03419	0.01979	0.05218	0.01619	0.01889	0.01260	0.01080	0.00720	0.00360	0.00900	0.00630	0.00720	0.01260
5	0.27538	0.02725	0.02738	0.02179	0.03029	0.02999	0.01799	0.26270	0.03918	0.12364	0.02593	0.02611	0.01831	0.01286	0.01002	0.00354	0.01104	0.00910	0.01037	0.01715
6	0.01607	0.01138	0.01506	0.01700	0.01835	0.01097	0.01251	0.01909	0.02383	0.03179	0.10402	0.33491	0.07244	0.11314	0.02140	0.00573	0.00838	0.14389	0.01044	0.00961
7	0.02196	0.01785	0.02031	0.01951	0.02389	0.01920	0.01514	0.03932	0.24202	0.04299	0.16314	0.12436	0.10349	0.02297	0.01328	0.00414	0.00801	0.07265	0.01172	0.01407
8	0.01417	0.01012	0.01350	0.01619	0.01687	0.00945	0.01080	0.01619	0.02227	0.02969	0.06410	0.58367	0.07692	0.03644	0.01484	0.00472	0.00675	0.03306	0.01080	0.00945
9	0.01646	0.01189	0.01555	0.01463	0.01738	0.01097	0.01097	0.02195	0.03292	0.04664	0.51257	0.08688	0.10974	0.02378	0.01372	0.00366	0.00549	0.02103	0.01280	0.01097
10	0.67341	0.02249	0.01709	0.01529	0.02249	0.02609	0.01260	0.03419	0.01979	0.05218	0.01619	0.01889	0.01260	0.01080	0.00720	0.00360	0.00900	0.00630	0.00720	0.01260
11	0.67341	0.02249	0.01709	0.01529	0.02249	0.02609	0.01260	0.03419	0.01979	0.05218	0.01619	0.01889	0.01260	0.01080	0.00720	0.00360	0.00900	0.00630	0.00720	0.01260
12	0.02894	0.44869	0.19160	0.02358	0.03555	0.04074	0.02631	0.03538	0.02389	0.03000	0.01748	0.02030	0.01487	0.01026	0.00846	0.00282	0.01376	0.00688	0.00496	0.01555
13	0.02412	0.02067	0.02412	0.01723	0.02756	0.01550	0.01378	0.02929	0.02412	0.03790	0.02067	0.02412	0.01723	0.00861	0.00861	0.00172	0.00861	0.00689	0.00689	0.66236
14	0.67341	0.02249	0.01709	0.01529	0.02249	0.02609	0.01260	0.03419	0.01979	0.05218	0.01619	0.01889	0.01260	0.01080	0.00720	0.00360	0.00900	0.00630	0.00720	0.01260
15	0.01607	0.01187	0.01501	0.01423	0.01714	0.01081	0.01067	0.02120	0.03201	0.04447	0.45625	0.09045	0.16742	0.02459	0.01372	0.00370	0.00554	0.02153	0.01252	0.01081
16	0.67341	0.02249	0.01709	0.01529	0.02249	0.02609	0.01260	0.03419	0.01979	0.05218	0.01619	0.01889	0.01260	0.01080	0.00720	0.00360	0.00900	0.00630	0.00720	0.01260
17	0.02879	0.02763	0.04721	0.07139	0.51871	0.02763	0.03569	0.03569	0.02648	0.03800	0.02188	0.02879	0.01842	0.01036	0.01151	0.00345	0.01382	0.01036	0.00576	0.01842
18	0.04421	0.03258	0.03490	0.02676	0.03607	0.03607	0.02211	0.47993	0.05468	0.07330	0.02792	0.02792	0.01978	0.01396	0.01163	0.00349	0.01280	0.01047	0.01163	0.01978
19	0.02893	0.02498	0.02630	0.02367	0.03024	0.02893	0.01841	0.06180	0.49770	0.04865	0.04734	0.04339	0.03550	0.01578	0.01183	0.00394	0.00920	0.01315	0.01183	0.01841
20	0.01401	0.01073	0.01287	0.01458	0.01644	0.00958	0.01008	0.01638	0.02382	0.03032	0.08375	0.41112	0.23679	0.03388	0.01444	0.00443	0.00643	0.02995	0.01080	0.00958
21	0.01512	0.01081	0.01451	0.01674	0.01797	0.01020	0.01195	0.01806	0.02427	0.03259	0.12116	0.45550	0.07970	0.03420	0.01487	0.00468	0.00715	0.08965	0.01104	0.00982
22	0.01417	0.01012	0.01350	0.01619	0.01687	0.00945	0.01080	0.01619	0.02227	0.02969	0.06410	0.58367	0.07692	0.03644	0.01484	0.00472	0.00675	0.03306	0.01080	0.00945
23	0.02745	0.03137	0.06863	0.04902	0.06078	0.02941	0.47647	0.03725	0.02745	0.03725	0.02353	0.03137	0.01765	0.00980	0.01373	0.00392	0.01961	0.01373	0.00588	0.01569
24	0.01536	0.01124	0.01459	0.01627	0.01811	0.01048	0.01200	0.01873	0.02559	0.03396	0.15344	0.35060	0.13717	0.03243	0.01471	0.00454	0.00711	0.10251	0.01115	0.01000
25	0.05218	0.01979	0.02699	0.02069	0.02969	0.01709	0.01709	0.05668	0.03329	0.52677	0.04588	0.03959	0.02879	0.01439	0.01170	0.00360	0.00990	0.01170	0.01439	0.01979
26	0.28851	0.13451	0.02983	0.01845	0.02694	0.02626	0.01590	0.04368	0.02617	0.24492	0.02855	0.02746	0.01980	0.01213	0.00912	0.00338	0.01005	0.00853	0.00976	0.01605
27	0.08597	0.01248	0.01554	0.01775	0.01976	0.01247	0.01351	0.02062	0.02343	0.03371	0.05819	0.37993	0.06689	0.03233	0.01442	0.00480	0.00824	0.15937	0.01038	0.01018
28	0.01855	0.01141	0.01523	0.01645	0.01831	0.01048	0.01149	0.02134	0.02496	0.08515	0.12615	0.45472	0.07647	0.03228	0.01435	0.00445	0.00690	0.02907	0.01147	0.01077

[dist]
# distance from previous block
# <min> <max>
1	68

[block]
# block no. 3 follows, 10 sequences, length 27
# corresponding to MSA columns:
# 520-546
name=unknown_D
#
# <colnr> <probs for GDERKNQSTAVLIFYWHMCP>
#	G	D	E	R	K	N	Q	S	T	A	V	L	I	F	Y	W	H	M	C	P
0	0.09440	0.11967	0.03704	0.03064	0.12233	0.02912	0.02144	0.14850	0.03326	0.13011	0.02588	0.02723	0.01927	0.01168	0.01012	0.00310	0.01151	0.00909	0.00886	0.10674
1	0.27124	0.02014	0.02102	0.01786	0.02483	0.02032	0.01419	0.07129	0.02667	0.15277	0.03335	0.13114	0.02950	0.01637	0.01019	0.00354	0.00903	0.01295	0.00979	0.10382
2	0.22815	0.02435	0.07461	0.17100	0.04229	0.02261	0.02155	0.03355	0.02411	0.08468	0.06149	0.03094	0.02360	0.01213	0.00995	0.00343	0.01137	0.00942	0.00746	0.10330
3	0.19221	0.02463	0.02574	0.02059	0.02877	0.02582	0.01673	0.18248	0.07724	0.10290	0.06438	0.03214	0.02678	0.01327	0.01024	0.00329	0.01001	0.01003	0.01015	0.12260
4	0.01646	0.01189	0.01555	0.01463	0.01738	0.01097	0.01097	0.02195	0.03292	0.04664	0.51257	0.08688	0.10974	0.02378	0.01372	0.00366	0.00549	0.02103	0.01280	0.01097
5	0.01480	0.01057	0.01422	0.01692	0.01787	0.00999	0.01189	0.01728	0.02289	0.03040	0.06375	0.52125	0.07555	0.03584	0.01501	0.00481	0.00729	0.08926	0.01078	0.00962
6	0.01661	0.01246	0.01869	0.01869	0.02077	0.01454	0.01454	0.02077	0.01869	0.02700	0.03115	0.04569	0.02908	0.08723	0.54517	0.01869	0.03115	0.01246	0.00623	0.01038
7	0.02728	0.01438	0.01847	0.01602	0.02097	0.01270	0.01251	0.03198	0.03183	0.19606	0.29031	0.07659	0.16009	0.02187	0.01308	0.00369	0.00696	0.01873	0.01293	0.01355
8	0.04421	0.03258	0.03490	0.02676	0.03607	0.03607	0.02211	0.47993	0.05468	0.07330	0.02792	0.02792	0.01978	0.01396	0.01163	0.00349	0.01280	0.01047	0.01163	0.01978
9	0.61199	0.02223	0.01807	0.01583	0.02320	0.02520	0.01304	0.03641	0.02113	0.09910	0.01913	0.02094	0.01420	0.01115	0.00764	0.00360	0.00909	0.00683	0.00791	0.01331
10	0.02333	0.06016	0.53100	0.03315	0.05034	0.02701	0.04297	0.03683	0.02455	0.03683	0.02087	0.02455	0.01473	0.01105	0.01105	0.00368	0.01719	0.00859	0.00491	0.01719
11	0.02333	0.06016	0.53100	0.03315	0.05034	0.02701	0.04297	0.03683	0.02455	0.03683	0.02087	0.02455	0.01473	0.01105	0.01105	0.00368	0.01719	0.00859	0.00491	0.01719
12	0.04131	0.03165	0.03722	0.03515	0.12684	0.03448	0.02466	0.39638	0.04938	0.06666	0.02679	0.02809	0.01952	0.01328	0.01161	0.00348	0.01299	0.01045	0.01053	0.01952
13	0.02035	0.12336	0.02507	0.01645	0.02090	0.01921	0.01333	0.02802	0.07373	0.04320	0.37662	0.07007	0.08511	0.02044	0.01237	0.00346	0.00713	0.01753	0.01124	0.01240
14	0.02153	0.05106	0.43335	0.02913	0.04383	0.02378	0.03655	0.03304	0.02492	0.03581	0.03910	0.04099	0.10863	0.01451	0.01156	0.00373	0.01506	0.01159	0.00602	0.01580
15	0.02814	0.13798	0.06718	0.04354	0.05497	0.03254	0.39061	0.03680	0.02673	0.03539	0.02215	0.02898	0.01714	0.00983	0.01255	0.00365	0.01826	0.01231	0.00571	0.01554
16	0.01544	0.01162	0.01429	0.01411	0.01688	0.01047	0.01040	0.01980	0.02980	0.04038	0.34889	0.16188	0.20948	0.02699	0.01388	0.00387	0.00577	0.02360	0.01201	0.01047
17	0.31219	0.01935	0.02005	0.01687	0.02340	0.01986	0.01327	0.03955	0.02442	0.22824	0.03140	0.03757	0.02438	0.12134	0.01870	0.00504	0.00977	0.01036	0.00992	0.01431
18	0.27046	0.02797	0.03073	0.03098	0.12189	0.03085	0.02120	0.23405	0.03667	0.05897	0.02251	0.02480	0.01691	0.01213	0.01000	0.00352	0.01161	0.00893	0.00891	0.01691
19	0.02196	0.02067	0.03488	0.56331	0.08010	0.02584	0.03230	0.02972	0.02326	0.02972	0.02067	0.03101	0.01550	0.01163	0.01163	0.00388	0.01550	0.01034	0.00517	0.01292
20	0.05218	0.01979	0.02699	0.02069	0.02969	0.01709	0.01709	0.05668	0.03329	0.52677	0.04588	0.03959	0.02879	0.01439	0.01170	0.00360	0.00990	0.01170	0.01439	0.01979
21	0.02479	0.16136	0.44260	0.03066	0.04648	0.03059	0.03863	0.03646	0.02438	0.03505	0.01999	0.02345	0.01477	0.01084	0.01038	0.00346	0.01630	0.00815	0.00492	0.01676
22	0.02196	0.02067	0.03488	0.56331	0.08010	0.02584	0.03230	0.02972	0.02326	0.02972	0.02067	0.03101	0.01550	0.01163	0.01163	0.00388	0.01550	0.01034	0.00517	0.01292
23	0.01811	0.01294	0.01802	0.02070	0.02310	0.01284	0.01765	0.02301	0.02615	0.03410	0.06193	0.19362	0.06831	0.03272	0.01590	0.00527	0.01016	0.38423	0.01072	0.01054
24	0.61429	0.02592	0.06383	0.01692	0.02502	0.02617	0.01536	0.03443	0.02023	0.05079	0.01662	0.01941	0.01279	0.01082	0.00755	0.00361	0.00974	0.00651	0.00699	0.01301
25	0.01570	0.01202	0.01480	0.01547	0.01828	0.01065	0.01134	0.01901	0.02535	0.03366	0.13498	0.30787	0.18214	0.03008	0.01397	0.00417	0.00689	0.06426	0.01071	0.06864
26	0.21366	0.15552	0.03442	0.07485	0.03338	0.07755	0.01962	0.03789	0.02417	0.11780	0.02160	0.02457	0.01669	0.01271	0.01302	0.00353	0.08905	0.00822	0.00729	0.01445

[dist]
# distance from previous block
# <min> <max>
0	3

[block]
# block no. 4 follows, 10 sequences, length 145
# corresponding to MSA columns:
# 550-694
name=unknown_E
#
# <colnr> <probs for GDERKNQSTAVLIFYWHMCP>
#	G	D	E	R	K	N	Q	S	T	A	V	L	I	F	Y	W	H	M	C	P
0	0.10736	0.02732	0.02727	0.02192	0.02954	0.11864	0.05287	0.07148	0.02897	0.09346	0.02634	0.02903	0.02007	0.01155	0.00969	0.00288	0.01175	0.00902	0.12870	0.17213
1	0.03467	0.21991	0.04657	0.03113	0.08689	0.13362	0.06565	0.11976	0.03192	0.03919	0.02044	0.02363	0.01669	0.01099	0.00996	0.00294	0.01462	0.00848	0.00676	0.07618
2	0.24718	0.02997	0.02821	0.02323	0.03045	0.08987	0.01894	0.19641	0.03487	0.09987	0.02334	0.02504	0.01727	0.01343	0.01289	0.00365	0.07145	0.00886	0.00911	0.01597
3	0.01460	0.01117	0.01339	0.01420	0.01658	0.00997	0.01013	0.01783	0.02650	0.03460	0.19701	0.28664	0.24404	0.03070	0.01416	0.00416	0.00612	0.02693	0.01131	0.00997
4	0.01711	0.01212	0.01607	0.01648	0.01792	0.01272	0.01207	0.01999	0.02080	0.02851	0.08290	0.07726	0.04865	0.26815	0.20821	0.01194	0.01724	0.09469	0.00798	0.00919
5	0.01524	0.01095	0.01445	0.01547	0.01711	0.01016	0.01088	0.01888	0.02724	0.03759	0.27321	0.35203	0.09222	0.03053	0.01432	0.00423	0.00616	0.02745	0.01173	0.01016
6	0.01728	0.01202	0.01803	0.01803	0.01972	0.01371	0.01371	0.01972	0.01803	0.02573	0.02911	0.04377	0.02742	0.07851	0.45210	0.13843	0.02723	0.01202	0.00601	0.00939
7	0.04421	0.03258	0.03490	0.02676	0.03607	0.03607	0.02211	0.47993	0.05468	0.07330	0.02792	0.02792	0.01978	0.01396	0.01163	0.00349	0.01280	0.01047	0.01163	0.01978
8	0.04650	0.01813	0.02398	0.01886	0.02668	0.01593	0.01542	0.05117	0.03163	0.43674	0.04440	0.04029	0.02898	0.01424	0.01103	0.00343	0.00906	0.01154	0.13385	0.01813
9	0.03326	0.02402	0.02643	0.02311	0.03014	0.02672	0.01816	0.06085	0.41121	0.13770	0.04707	0.04268	0.03425	0.01552	0.01181	0.00388	0.00933	0.01288	0.01231	0.01867
10	0.02191	0.01884	0.03041	0.46042	0.06771	0.02305	0.02780	0.02923	0.02347	0.03226	0.02389	0.03331	0.01817	0.01199	0.01098	0.00366	0.01363	0.01043	0.12635	0.01253
11	0.01502	0.01073	0.01447	0.01717	0.01822	0.01018	0.01228	0.01767	0.02311	0.03064	0.06363	0.49940	0.07506	0.03563	0.01507	0.00484	0.00749	0.10893	0.01078	0.00968
12	0.02641	0.31915	0.24549	0.02468	0.03678	0.03464	0.02825	0.03427	0.02499	0.03323	0.07082	0.02828	0.02493	0.01186	0.00957	0.00309	0.01361	0.00875	0.00578	0.01542
13	0.04078	0.14563	0.09042	0.02604	0.03522	0.19191	0.02310	0.13689	0.03499	0.13044	0.02519	0.02582	0.01850	0.01237	0.01045	0.00319	0.01521	0.00878	0.00843	0.01664
14	0.01425	0.01180	0.01248	0.01231	0.01602	0.01003	0.00923	0.01766	0.02769	0.03423	0.19064	0.10731	0.43942	0.02841	0.01374	0.00388	0.00582	0.02390	0.01117	0.01003
15	0.01468	0.01034	0.01334	0.01554	0.01609	0.00979	0.01010	0.01633	0.02127	0.02836	0.05899	0.48914	0.07047	0.13977	0.02310	0.00594	0.00759	0.03006	0.01010	0.00900
16	0.03295	0.19688	0.20376	0.02922	0.04084	0.12764	0.07600	0.04042	0.02719	0.08952	0.02224	0.02476	0.01677	0.01118	0.01034	0.00325	0.01602	0.00865	0.00633	0.01603
17	0.03410	0.03519	0.23255	0.02595	0.03713	0.02048	0.02803	0.04246	0.02849	0.23383	0.03853	0.05047	0.03012	0.01632	0.01224	0.00396	0.01304	0.09027	0.00981	0.01703
18	0.01535	0.01184	0.01400	0.01346	0.01669	0.01050	0.01010	0.01979	0.03029	0.04039	0.35037	0.09717	0.27584	0.02611	0.01373	0.00377	0.00565	0.02248	0.01198	0.01050
19	0.03202	0.12929	0.02987	0.01934	0.02613	0.06568	0.01605	0.10174	0.03336	0.13591	0.14112	0.05540	0.13129	0.01800	0.01159	0.00340	0.01008	0.01442	0.01054	0.01475
20	0.02727	0.02324	0.03900	0.32644	0.06344	0.02605	0.11126	0.03895	0.09844	0.08688	0.02801	0.03390	0.02041	0.01222	0.01206	0.00387	0.01470	0.01155	0.00731	0.01501
21	0.01634	0.01564	0.06226	0.01927	0.02204	0.01220	0.01606	0.02039	0.02379	0.03184	0.05942	0.40028	0.06833	0.03286	0.01486	0.00481	0.00886	0.14999	0.01023	0.01052
22	0.02902	0.03397	0.09010	0.10177	0.24955	0.08783	0.16449	0.03695	0.02707	0.03582	0.02172	0.02850	0.01723	0.01056	0.01202	0.00360	0.01678	0.01088	0.00570	0.01644
23	0.02737	0.02057	0.02445	0.01763	0.02781	0.01569	0.01417	0.03246	0.02518	0.09453	0.02359	0.02591	0.01857	0.00928	0.00897	0.00194	0.00876	0.00745	0.00776	0.58792
24	0.03959	0.02418	0.03776	0.14747	0.04770	0.02436	0.10682	0.11459	0.03339	0.25285	0.03326	0.03429	0.02233	0.01286	0.01205	0.00370	0.01341	0.01158	0.01032	0.01750
25	0.04553	0.01832	0.02486	0.01956	0.02740	0.01595	0.01595	0.05021	0.03322	0.43735	0.13280	0.04839	0.04387	0.01614	0.01207	0.00361	0.00908	0.01343	0.01410	0.01815
26	0.01503	0.01116	0.01402	0.01473	0.01686	0.01014	0.01050	0.01865	0.02744	0.03698	0.25838	0.29168	0.17181	0.02993	0.01418	0.00414	0.00607	0.02653	0.01162	0.01014
27	0.01509	0.01183	0.01365	0.01320	0.01654	0.01039	0.00990	0.01930	0.02969	0.03897	0.31355	0.09951	0.31355	0.02664	0.01373	0.00379	0.00569	0.02280	0.01179	0.01039
28	0.01617	0.01188	0.01515	0.01433	0.01720	0.01085	0.01075	0.02139	0.03224	0.04502	0.47062	0.08954	0.15271	0.02438	0.01372	0.00369	0.00553	0.02141	0.01259	0.01085
29	0.03109	0.59826	0.06095	0.01990	0.02985	0.04602	0.01990	0.03483	0.02363	0.02736	0.01617	0.01866	0.01493	0.00995	0.00746	0.00249	0.01244	0.00622	0.00498	0.01493
30	0.04421	0.03258	0.03490	0.02676	0.03607	0.03607	0.02211	0.47993	0.05468	0.07330	0.02792	0.02792	0.01978	0.01396	0.01163	0.00349	0.01280	0.01047	0.01163	0.01978
31	0.01375	0.01178	0.01178	0.01178	0.01571	0.00982	0.00884	0.01669	0.02651	0.03142	0.11782	0.11193	0.51399	0.02946	0.01375	0.00393	0.00589	0.02455	0.01080	0.00982
32	0.02745	0.03137	0.06863	0.04902	0.06078	0.02941	0.47647	0.03725	0.02745	0.03725	0.02353	0.03137	0.01765	0.00980	0.01373	0.00392	0.01961	0.01373	0.00588	0.01569
33	0.02893	0.02498	0.02630	0.02367	0.03024	0.02893	0.01841	0.06180	0.49770	0.04865	0.04734	0.04339	0.03550	0.01578	0.01183	0.00394	0.00920	0.01315	0.01183	0.01841
34	0.01689	0.01217	0.01614	0.01590	0.01863	0.01142	0.01242	0.02235	0.03178	0.04444	0.42858	0.09513	0.10177	0.02533	0.01415	0.00397	0.00646	0.09914	0.01241	0.01092
35	0.01674	0.01198	0.01627	0.01627	0.01751	0.01322	0.01152	0.01922	0.01798	0.02521	0.03337	0.05795	0.03440	0.29029	0.34939	0.01570	0.02314	0.01425	0.00656	0.00904
36	0.01502	0.01073	0.01447	0.01717	0.01822	0.01018	0.01228	0.01767	0.02311	0.03064	0.06363	0.49940	0.07506	0.03563	0.01507	0.00484	0.00749	0.10893	0.01078	0.00968
37	0.02797	0.38148	0.25031	0.02524	0.03810	0.03836	0.02919	0.03563	0.02400	0.03118	0.01806	0.02103	0.01485	0.01039	0.00891	0.00297	0.01435	0.00718	0.00495	0.01584
38	0.02873	0.43435	0.20413	0.02394	0.03609	0.04023	0.02693	0.03544	0.02391	0.03025	0.01760	0.02045	0.01487	0.01029	0.00856	0.00285	0.01388	0.00694	0.00496	0.01561
39	0.03003	0.01504	0.01902	0.01621	0.02183	0.01309	0.01279	0.03435	0.03113	0.23547	0.20531	0.07539	0.19925	0.02171	0.01291	0.00372	0.00739	0.01833	0.01284	0.01418
40	0.03410	0.02733	0.02927	0.02408	0.03212	0.03005	0.01926	0.21483	0.27670	0.05665	0.03697	0.03536	0.02749	0.01427	0.01139	0.00352	0.01048	0.01142	0.01119	0.09352
41	0.48175	0.02556	0.02252	0.01879	0.02663	0.02913	0.01549	0.16996	0.03042	0.05861	0.01977	0.02164	0.01478	0.01176	0.00855	0.00357	0.01015	0.00757	0.00855	0.01478
42	0.04421	0.03258	0.03490	0.02676	0.03607	0.03607	0.02211	0.47993	0.05468	0.07330	0.02792	0.02792	0.01978	0.01396	0.01163	0.00349	0.01280	0.01047	0.01163	0.01978
43	0.03565	0.02031	0.02530	0.01865	0.02844	0.01616	0.01514	0.04054	0.02789	0.23877	0.03103	0.03047	0.02198	0.01099	0.00988	0.00249	0.00914	0.00887	0.00997	0.39833
44	0.67341	0.02249	0.01709	0.01529	0.02249	0.02609	0.01260	0.03419	0.01979	0.05218	0.01619	0.01889	0.01260	0.01080	0.00720	0.00360	0.00900	0.00630	0.00720	0.01260
45	0.04421	0.03258	0.03490	0.02676	0.03607	0.03607	0.02211	0.47993	0.05468	0.07330	0.02792	0.02792	0.01978	0.01396	0.01163	0.00349	0.01280	0.01047	0.01163	0.01978
46	0.01789	0.01352	0.01714	0.01512	0.01927	0.01182	0.01150	0.02331	0.03128	0.04501	0.42096	0.07519	0.09251	0.02095	0.01277	0.00330	0.00607	0.01840	0.01170	0.13229
47	0.03836	0.02901	0.03125	0.02495	0.03306	0.03217	0.02027	0.34875	0.14510	0.06560	0.07841	0.03680	0.03168	0.01528	0.01188	0.00360	0.01135	0.01204	0.01179	0.01865
48	0.02745	0.03137	0.06863	0.04902	0.06078	0.02941	0.47647	0.03725	0.02745	0.03725	0.02353	0.03137	0.01765	0.00980	0.01373	0.00392	0.01961	0.01373	0.00588	0.01569
49	0.01646	0.01189	0.01555	0.01463	0.01738	0.01097	0.01097	0.02195	0.03292	0.04664	0.51257	0.08688	0.10974	0.02378	0.01372	0.00366	0.00549	0.02103	0.01280	0.01097
50	0.02323	0.02197	0.03718	0.47169	0.16179	0.02617	0.03293	0.03083	0.02386	0.03126	0.02090	0.03059	0.01605	0.01139	0.01161	0.00380	0.01519	0.01034	0.00528	0.01394
51	0.02333	0.06016	0.53100	0.03315	0.05034	0.02701	0.04297	0.03683	0.02455	0.03683	0.02087	0.02455	0.01473	0.01105	0.01105	0.00368	0.01719	0.00859	0.00491	0.01719
52	0.02168	0.01084	0.01084	0.01084	0.01355	0.01084	0.00813	0.02710	0.02439	0.04336	0.03794	0.04336	0.02981	0.01355	0.00813	0.00271	0.00542	0.01084	0.65583	0.01084
53	0.04949	0.02039	0.02691	0.02104	0.02975	0.01847	0.01725	0.05727	0.08709	0.47138	0.04605	0.04003	0.02957	0.01456	0.01171	0.00364	0.00982	0.01186	0.01410	0.01963
54	0.02865	0.02617	0.03418	0.02839	0.03593	0.02902	0.10372	0.05723	0.41012	0.04653	0.04290	0.04115	0.03218	0.01467	0.01219	0.00394	0.01114	0.01326	0.01073	0.01790
55	0.05218	0.01979	0.02699	0.02069	0.02969	0.01709	0.01709	0.05668	0.03329	0.52677	0.04588	0.03959	0.02879	0.01439	0.01170	0.00360	0.00990	0.01170	0.01439	0.01979
56	0.01417	0.01012	0.01350	0.01619	0.01687	0.00945	0.01080	0.01619	0.02227	0.02969	0.06410	0.58367	0.07692	0.03644	0.01484	0.00472	0.00675	0.03306	0.01080	0.00945
57	0.01562	0.01209	0.01748	0.11809	0.02865	0.01250	0.01480	0.01871	0.02245	0.02969	0.05601	0.48074	0.06548	0.03182	0.01425	0.00457	0.00838	0.02883	0.00975	0.01009
58	0.02579	0.02712	0.04791	0.09919	0.04762	0.03216	0.19537	0.03166	0.02206	0.03166	0.01899	0.02831	0.01619	0.01539	0.02593	0.00451	0.29935	0.01153	0.00540	0.01386
59	0.03035	0.01505	0.01946	0.01654	0.02203	0.01322	0.01304	0.03496	0.03188	0.23723	0.25104	0.07249	0.15241	0.02105	0.01291	0.00368	0.00734	0.01793	0.01307	0.01431
60	0.05070	0.02217	0.02846	0.02182	0.03088	0.02063	0.01803	0.13551	0.03727	0.44231	0.04254	0.03741	0.02711	0.01431	0.01168	0.00358	0.01044	0.01147	0.01388	0.01979
61	0.03152	0.03281	0.04455	0.06367	0.42880	0.12391	0.03323	0.03770	0.02769	0.03622	0.02115	0.02733	0.01778	0.01066	0.01132	0.00337	0.01515	0.00983	0.00580	0.01750
62	0.22296	0.02365	0.02684	0.18064	0.04314	0.02781	0.02109	0.08215	0.17292	0.04638	0.02829	0.03093	0.02125	0.01288	0.01035	0.00378	0.01133	0.01001	0.00845	0.01516
63	0.02715	0.02833	0.12357	0.02648	0.03450	0.02269	0.07053	0.07516	0.13689	0.08571	0.04287	0.14775	0.03915	0.01972	0.01291	0.00413	0.01189	0.06521	0.00979	0.01557
64	0.55045	0.02215	0.02045	0.11874	0.03337	0.02604	0.01631	0.03334	0.02045	0.04794	0.01704	0.02118	0.01314	0.01095	0.00803	0.00365	0.01023	0.00706	0.00681	0.01266
65	0.01597	0.01233	0.01488	0.01554	0.01880	0.01123	0.01253	0.02026	0.02802	0.03590	0.18725	0.11262	0.27904	0.02906	0.01449	0.00433	0.00737	0.15879	0.01122	0.01036
66	0.02501	0.02147	0.02452	0.01843	0.02806	0.01800	0.01464	0.03534	0.11232	0.03990	0.02564	0.02771	0.02063	0.00995	0.00921	0.00214	0.00872	0.00806	0.00781	0.54243
67	0.01786	0.01326	0.01690	0.01624	0.01933	0.01289	0.01255	0.02583	0.07463	0.04545	0.41787	0.08804	0.09801	0.02401	0.01382	0.00388	0.00643	0.06890	0.01247	0.01162
68	0.01691	0.01128	0.01268	0.01268	0.01268	0.01128	0.00705	0.01691	0.01691	0.02255	0.03665	0.07611	0.04228	0.59126	0.05920	0.01128	0.01128	0.01691	0.00705	0.00705
69	0.01400	0.01079	0.01281	0.01442	0.01640	0.00960	0.01001	0.01639	0.02398	0.03039	0.08574	0.39362	0.25300	0.03362	0.01440	0.00440	0.00640	0.02963	0.01080	0.00960
70	0.01529	0.01184	0.01392	0.01340	0.01666	0.01047	0.01005	0.01968	0.03015	0.04006	0.34201	0.09770	0.28441	0.02623	0.01373	0.00377	0.00566	0.02255	0.01194	0.01047
71	0.67341	0.02249	0.01709	0.01529	0.02249	0.02609	0.01260	0.03419	0.01979	0.05218	0.01619	0.01889	0.01260	0.01080	0.00720	0.00360	0.00900	0.00630	0.00720	0.01260
72	0.02545	0.02545	0.03562	0.03053	0.03053	0.03562	0.02545	0.02799	0.01781	0.02799	0.01527	0.02545	0.01527	0.02036	0.03817	0.00509	0.56997	0.01018	0.00509	0.01272
73	0.01646	0.01189	0.01555	0.01463	0.01738	0.01097	0.01097	0.02195	0.03292	0.04664	0.51257	0.08688	0.10974	0.02378	0.01372	0.00366	0.00549	0.02103	0.01280	0.01097
74	0.02893	0.02498	0.02630	0.02367	0.03024	0.02893	0.01841	0.06180	0.49770	0.04865	0.04734	0.04339	0.03550	0.01578	0.01183	0.00394	0.00920	0.01315	0.01183	0.01841
75	0.02879	0.02763	0.04721	0.07139	0.51871	0.02763	0.03569	0.03569	0.02648	0.03800	0.02188	0.02879	0.01842	0.01036	0.01151	0.00345	0.01382	0.01036	0.00576	0.01842
76	0.04194	0.03099	0.04034	0.03026	0.03999	0.03281	0.10619	0.35250	0.04734	0.11478	0.02901	0.02981	0.02034	0.01323	0.01203	0.00358	0.01376	0.01121	0.01086	0.01902
77	0.67341	0.02249	0.01709	0.01529	0.02249	0.02609	0.01260	0.03419	0.01979	0.05218	0.01619	0.01889	0.01260	0.01080	0.00720	0.00360	0.00900	0.00630	0.00720	0.01260
78	0.02875	0.43571	0.20294	0.02390	0.03604	0.04028	0.02687	0.03543	0.02391	0.03022	0.01759	0.02044	0.01487	0.01028	0.00855	0.00285	0.01387	0.00694	0.00496	0.01561
79	0.01429	0.01164	0.01265	0.01274	0.01613	0.01000	0.00942	0.01762	0.02730	0.03409	0.18619	0.15246	0.39683	0.02907	0.01385	0.00395	0.00590	0.02471	0.01117	0.01000
80	0.05218	0.01979	0.02699	0.02069	0.02969	0.01709	0.01709	0.05668	0.03329	0.52677	0.04588	0.03959	0.02879	0.01439	0.01170	0.00360	0.00990	0.01170	0.01439	0.01979
81	0.67341	0.02249	0.01709	0.01529	0.02249	0.02609	0.01260	0.03419	0.01979	0.05218	0.01619	0.01889	0.01260	0.01080	0.00720	0.00360	0.00900	0.00630	0.00720	0.01260
82	0.02412	0.02067	0.02412	0.01723	0.02756	0.01550	0.01378	0.02929	0.02412	0.03790	0.02067	0.02412	0.01723	0.00861	0.00861	0.00172	0.00861	0.00689	0.00689	0.66236
83	0.02323	0.02197	0.03718	0.47169	0.16179	0.02617	0.03293	0.03083	0.02386	0.03126	0.02090	0.03059	0.01605	0.01139	0.01161	0.00380	0.01519	0.01034	0.00528	0.01394
84	0.01689	0.01217	0.01614	0.01590	0.01863	0.01142	0.01242	0.02235	0.03178	0.04444	0.42858	0.09513	0.10177	0.02533	0.01415	0.00397	0.00646	0.09914	0.01241	0.01092
85	0.01417	0.01012	0.01350	0.01619	0.01687	0.00945	0.01080	0.01619	0.02227	0.02969	0.06410	0.58367	0.07692	0.03644	0.01484	0.00472	0.00675	0.03306	0.01080	0.00945
86	0.02333	0.06016	0.53100	0.03315	0.05034	0.02701	0.04297	0.03683	0.02455	0.03683	0.02087	0.02455	0.01473	0.01105	0.01105	0.00368	0.01719	0.00859	0.00491	0.01719
87	0.02545	0.02545	0.03562	0.03053	0.03053	0.03562	0.02545	0.02799	0.01781	0.02799	0.01527	0.02545	0.01527	0.02036	0.03817	0.00509	0.56997	0.01018	0.00509	0.01272
88	0.01375	0.01178	0.01178	0.01178	0.01571	0.00982	0.00884	0.01669	0.02651	0.03142	0.11782	0.11193	0.51399	0.02946	0.01375	0.00393	0.00589	0.02455	0.01080	0.00982
89	0.01646	0.01189	0.01555	0.01463	0.01738	0.01097	0.01097	0.02195	0.03292	0.04664	0.51257	0.08688	0.10974	0.02378	0.01372	0.00366	0.00549	0.02103	0.01280	0.01097
90	0.03109	0.59826	0.06095	0.01990	0.02985	0.04602	0.01990	0.03483	0.02363	0.02736	0.01617	0.01866	0.01493	0.00995	0.00746	0.00249	0.01244	0.00622	0.00498	0.01493
91	0.02246	0.01819	0.02072	0.01898	0.02357	0.01962	0.01455	0.04113	0.25661	0.04761	0.28866	0.06595	0.07401	0.01993	0.01281	0.00380	0.00728	0.01724	0.01234	0.01455
92	0.01646	0.01189	0.01555	0.01463	0.01738	0.01097	0.01097	0.02195	0.03292	0.04664	0.51257	0.08688	0.10974	0.02378	0.01372	0.00366	0.00549	0.02103	0.01280	0.01097
93	0.01459	0.01063	0.01375	0.01547	0.01686	0.00979	0.01065	0.01740	0.02481	0.03328	0.15973	0.43942	0.12419	0.03323	0.01451	0.00443	0.00641	0.02984	0.01120	0.00979
94	0.01667	0.01224	0.01757	0.01757	0.01926	0.01393	0.01314	0.02005	0.01836	0.02617	0.03218	0.05136	0.03154	0.18110	0.45466	0.01731	0.02745	0.01329	0.00638	0.00976
95	0.01605	0.01146	0.01565	0.01834	0.01984	0.01107	0.01406	0.01944	0.02412	0.03179	0.06307	0.39775	0.07282	0.03467	0.01535	0.00498	0.00838	0.20045	0.01076	0.00997
96	0.02333	0.06016	0.53100	0.03315	0.05034	0.02701	0.04297	0.03683	0.02455	0.03683	0.02087	0.02455	0.01473	0.01105	0.01105	0.00368	0.01719	0.00859	0.00491	0.01719
97	0.67341	0.02249	0.01709	0.01529	0.02249	0.02609	0.01260	0.03419	0.01979	0.05218	0.01619	0.01889	0.01260	0.01080	0.00720	0.00360	0.00900	0.00630	0.00720	0.01260
98	0.22448	0.26547	0.18509	0.02237	0.03360	0.03439	0.02442	0.03522	0.02273	0.03769	0.01755	0.02045	0.01416	0.01053	0.00843	0.00318	0.01278	0.00694	0.00563	0.01488
99	0.03768	0.02350	0.03231	0.24524	0.05207	0.02566	0.02465	0.15647	0.03477	0.20375	0.03082	0.03301	0.02097	0.01314	0.01165	0.00368	0.01296	0.01082	0.00988	0.01697
100	0.14901	0.25747	0.05243	0.02904	0.03798	0.03614	0.15820	0.03472	0.02346	0.03507	0.01832	0.02330	0.01536	0.01117	0.01258	0.00341	0.07324	0.00894	0.00568	0.01449
101	0.02641	0.03256	0.13724	0.25067	0.06376	0.02830	0.16416	0.08542	0.02838	0.03831	0.02239	0.02956	0.01649	0.01125	0.01214	0.00381	0.01672	0.01103	0.00608	0.01533
102	0.15933	0.02056	0.02427	0.01863	0.02770	0.01829	0.01525	0.04415	0.02798	0.28947	0.03267	0.03102	0.02225	0.01196	0.00992	0.00303	0.00934	0.00923	0.01077	0.21418
103	0.01753	0.01346	0.01884	0.11661	0.02856	0.01377	0.01453	0.02286	0.02942	0.04093	0.37038	0.07533	0.08502	0.08183	0.01816	0.00451	0.00797	0.01860	0.01077	0.01092
104	0.02196	0.02067	0.03488	0.56331	0.08010	0.02584	0.03230	0.02972	0.02326	0.02972	0.02067	0.03101	0.01550	0.01163	0.01163	0.00388	0.01550	0.01034	0.00517	0.01292
105	0.01425	0.01080	0.01315	0.01468	0.01655	0.00970	0.01020	0.01687	0.02456	0.03178	0.12177	0.39134	0.21611	0.03311	0.01440	0.00438	0.00637	0.02931	0.01098	0.00970
106	0.01480	0.01084	0.01390	0.01522	0.01688	0.00994	0.01062	0.01795	0.02590	0.03489	0.20265	0.38244	0.13724	0.03189	0.01438	0.00432	0.00628	0.02853	0.01139	0.00994
107	0.02196	0.02067	0.03488	0.56331	0.08010	0.02584	0.03230	0.02972	0.02326	0.02972	0.02067	0.03101	0.01550	0.01163	0.01163	0.00388	0.01550	0.01034	0.00517	0.01292
108	0.43306	0.02120	0.01941	0.01675	0.02349	0.02334	0.01361	0.07550	0.02677	0.09858	0.11257	0.03438	0.03291	0.01385	0.00926	0.00360	0.00878	0.00995	0.00934	0.01365
109	0.02143	0.02000	0.02693	0.02408	0.02544	0.02550	0.01982	0.02467	0.02215	0.03149	0.09775	0.05992	0.13053	0.02369	0.02835	0.00472	0.33861	0.05552	0.00766	0.01175
110	0.02879	0.02763	0.04721	0.07139	0.51871	0.02763	0.03569	0.03569	0.02648	0.03800	0.02188	0.02879	0.01842	0.01036	0.01151	0.00345	0.01382	0.01036	0.00576	0.01842
111	0.04345	0.05543	0.03296	0.02996	0.03596	0.54457	0.02247	0.04644	0.03296	0.02846	0.01798	0.02097	0.01498	0.01199	0.01049	0.00300	0.02097	0.00749	0.00599	0.01348
112	0.02196	0.02067	0.03488	0.56331	0.08010	0.02584	0.03230	0.02972	0.02326	0.02972	0.02067	0.03101	0.01550	0.01163	0.01163	0.00388	0.01550	0.01034	0.00517	0.01292
113	0.01826	0.01488	0.02184	0.02090	0.02259	0.01846	0.01657	0.02211	0.01853	0.02718	0.02819	0.04192	0.02650	0.07477	0.45075	0.01616	0.13150	0.01204	0.00602	0.01082
114	0.67341	0.02249	0.01709	0.01529	0.02249	0.02609	0.01260	0.03419	0.01979	0.05218	0.01619	0.01889	0.01260	0.01080	0.00720	0.00360	0.00900	0.00630	0.00720	0.01260
115	0.03919	0.02974	0.03065	0.02357	0.03283	0.07513	0.01912	0.25877	0.04124	0.11131	0.02696	0.02751	0.01963	0.01226	0.01065	0.00294	0.01200	0.00929	0.01004	0.20717
116	0.02893	0.02498	0.02630	0.02367	0.03024	0.02893	0.01841	0.06180	0.49770	0.04865	0.04734	0.04339	0.03550	0.01578	0.01183	0.00394	0.00920	0.01315	0.01183	0.01841
117	0.03019	0.53592	0.11540	0.02144	0.03222	0.04382	0.02257	0.03506	0.02374	0.02846	0.01671	0.01934	0.01490	0.01008	0.00788	0.00263	0.01299	0.00649	0.00497	0.01519
118	0.02333	0.06016	0.53100	0.03315	0.05034	0.02701	0.04297	0.03683	0.02455	0.03683	0.02087	0.02455	0.01473	0.01105	0.01105	0.00368	0.01719	0.00859	0.00491	0.01719
119	0.01646	0.01189	0.01555	0.01463	0.01738	0.01097	0.01097	0.02195	0.03292	0.04664	0.51257	0.08688	0.10974	0.02378	0.01372	0.00366	0.00549	0.02103	0.01280	0.01097
120	0.67341	0.02249	0.01709	0.01529	0.02249	0.02609	0.01260	0.03419	0.01979	0.05218	0.01619	0.01889	0.01260	0.01080	0.00720	0.00360	0.00900	0.00630	0.00720	0.01260
121	0.01646	0.01189	0.01555	0.01463	0.01738	0.01097	0.01097	0.02195	0.03292	0.04664	0.51257	0.08688	0.10974	0.02378	0.01372	0.00366	0.00549	0.02103	0.01280	0.01097
122	0.01691	0.01128	0.01268	0.01268	0.01268	0.01128	0.00705	0.01691	0.01691	0.02255	0.03665	0.07611	0.04228	0.59126	0.05920	0.01128	0.01128	0.01691	0.00705	0.00705
123	0.02527	0.03744	0.19182	0.14036	0.06146	0.02807	0.27236	0.03573	0.02586	0.03573	0.02225	0.02940	0.01643	0.01049	0.01259	0.00385	0.01817	0.01166	0.00548	0.01559
124	0.01874	0.01339	0.01874	0.02142	0.02410	0.01339	0.01874	0.02410	0.02677	0.03481	0.06158	0.13119	0.06693	0.03213	0.01606	0.00535	0.01071	0.44043	0.01071	0.01071
125	0.03071	0.13411	0.08729	0.02338	0.03030	0.03006	0.02118	0.13429	0.03005	0.07949	0.03327	0.03957	0.06593	0.08244	0.02151	0.00458	0.11733	0.01155	0.00806	0.01488
126	0.14989	0.43384	0.10274	0.02045	0.03066	0.04029	0.02099	0.03492	0.02302	0.03299	0.01667	0.01933	0.01447	0.01022	0.00779	0.00282	0.01230	0.00649	0.00538	0.01473
127	0.08028	0.20488	0.11984	0.12596	0.04496	0.03277	0.06231	0.08363	0.02790	0.08242	0.02229	0.02581	0.01683	0.01132	0.01011	0.00334	0.01387	0.00892	0.00681	0.01574
128	0.67341	0.02249	0.01709	0.01529	0.02249	0.02609	0.01260	0.03419	0.01979	0.05218	0.01619	0.01889	0.01260	0.01080	0.00720	0.00360	0.00900	0.00630	0.00720	0.01260
129	0.01747	0.01248	0.01728	0.01996	0.02208	0.01229	0.01653	0.02189	0.02552	0.03338	0.06228	0.25738	0.06972	0.03333	0.01572	0.00518	0.00960	0.32682	0.01073	0.01036
130	0.02599	0.02685	0.05015	0.09487	0.15883	0.02833	0.21258	0.03324	0.02549	0.03578	0.06112	0.03415	0.02468	0.01320	0.01758	0.00401	0.11925	0.01258	0.00620	0.01513
131	0.02999	0.01774	0.02235	0.01745	0.02508	0.01459	0.01390	0.03506	0.02948	0.18357	0.17788	0.04776	0.04879	0.01492	0.01107	0.00286	0.00804	0.01260	0.01089	0.27598
132	0.01646	0.01189	0.01555	0.01463	0.01738	0.01097	0.01097	0.02195	0.03292	0.04664	0.51257	0.08688	0.10974	0.02378	0.01372	0.00366	0.00549	0.02103	0.01280	0.01097
133	0.03811	0.12784	0.03228	0.01929	0.02895	0.02191	0.01642	0.04271	0.02818	0.25710	0.03124	0.03010	0.02203	0.01148	0.00979	0.00271	0.00991	0.00894	0.00993	0.25108
134	0.04232	0.10911	0.03698	0.02751	0.03529	0.28195	0.02203	0.21973	0.04063	0.04640	0.02177	0.02351	0.01691	0.01255	0.01060	0.00314	0.01669	0.00854	0.00815	0.01619
135	0.02412	0.02067	0.02412	0.01723	0.02756	0.01550	0.01378	0.02929	0.02412	0.03790	0.02067	0.02412	0.01723	0.00861	0.00861	0.00172	0.00861	0.00689	0.00689	0.66236
136	0.04421	0.03258	0.03490	0.02676	0.03607	0.03607	0.02211	0.47993	0.05468	0.07330	0.02792	0.02792	0.01978	0.01396	0.01163	0.00349	0.01280	0.01047	0.01163	0.01978
137	0.04827	0.02607	0.03087	0.02367	0.03282	0.02641	0.01955	0.26443	0.04379	0.30418	0.03707	0.03386	0.02437	0.01418	0.01167	0.00355	0.01132	0.01109	0.01304	0.01979
138	0.01409	0.01043	0.01317	0.01536	0.01665	0.00952	0.01043	0.01629	0.02307	0.03002	0.07424	0.49462	0.15942	0.03512	0.01464	0.00457	0.00659	0.03146	0.01080	0.00952
139	0.01691	0.01128	0.01268	0.01268	0.01268	0.01128	0.00705	0.01691	0.01691	0.02255	0.03665	0.07611	0.04228	0.59126	0.05920	0.01128	0.01128	0.01691	0.00705	0.00705
140	0.01451	0.01073	0.01366	0.01585	0.01731	0.00988	0.01116	0.01701	0.02347	0.03048	0.07388	0.45452	0.15741	0.03474	0.01475	0.00463	0.00695	0.06866	0.01079	0.00963
141	0.29204	0.03277	0.11912	0.02297	0.03258	0.02953	0.02173	0.16939	0.08634	0.05514	0.02413	0.02545	0.01777	0.01235	0.00976	0.00362	0.01167	0.00875	0.00862	0.01624
142	0.02948	0.31594	0.24730	0.02603	0.03882	0.03721	0.02945	0.08720	0.02760	0.03650	0.01943	0.02211	0.01541	0.01086	0.00939	0.00309	0.01439	0.00767	0.00572	0.01640
143	0.02759	0.02051	0.03341	0.46225	0.07071	0.02421	0.02947	0.03474	0.02512	0.12229	0.02537	0.03261	0.01798	0.01214	0.01164	0.00382	0.01446	0.01059	0.00689	0.01420
144	0.02206	0.12816	0.03485	0.08513	0.03367	0.02559	0.06680	0.02679	0.02514	0.03298	0.12417	0.05610	0.14891	0.01898	0.01686	0.00382	0.11468	0.01503	0.00780	0.01250

[dist]
# distance from previous block
# <min> <max>
0	11

[block]
# block no. 5 follows, 10 sequences, length 32
# corresponding to MSA columns:
# 707-738
name=unknown_F
#
# <colnr> <probs for GDERKNQSTAVLIFYWHMCP>
#	G	D	E	R	K	N	Q	S	T	A	V	L	I	F	Y	W	H	M	C	P
0	0.01503	0.01114	0.01414	0.01567	0.01758	0.01025	0.01138	0.01824	0.02552	0.03365	0.15419	0.35070	0.16633	0.03232	0.01457	0.00445	0.00682	0.07692	0.01114	0.00994
1	0.04531	0.02785	0.03162	0.02457	0.03352	0.02944	0.02019	0.30818	0.08874	0.21379	0.03537	0.03302	0.02406	0.01427	0.01167	0.00357	0.01155	0.01110	0.01252	0.01966
2	0.02401	0.07186	0.03540	0.08690	0.03869	0.02121	0.09867	0.02984	0.02437	0.03503	0.02542	0.08538	0.02326	0.01226	0.01044	0.00275	0.01151	0.01124	0.00676	0.34498
3	0.14952	0.32470	0.04432	0.02225	0.03046	0.19942	0.01941	0.03837	0.02588	0.03214	0.01674	0.01943	0.01453	0.01074	0.00837	0.00285	0.01451	0.00663	0.00569	0.01406
4	0.13779	0.01470	0.01716	0.01546	0.01973	0.01439	0.01198	0.02819	0.03062	0.10379	0.36947	0.06922	0.08295	0.02036	0.01232	0.00364	0.00663	0.01731	0.01199	0.01229
5	0.04563	0.03030	0.03349	0.02568	0.03493	0.03268	0.02121	0.40446	0.05087	0.15416	0.03113	0.03000	0.02139	0.01404	0.01165	0.00351	0.01228	0.01069	0.01213	0.01978
6	0.04882	0.02518	0.03033	0.02325	0.03238	0.02509	0.01921	0.23504	0.04230	0.33568	0.03832	0.03467	0.02499	0.01421	0.01167	0.00355	0.01112	0.01118	0.01323	0.01979
7	0.04581	0.01838	0.02495	0.01961	0.02749	0.01600	0.01600	0.05049	0.03322	0.44115	0.12910	0.04802	0.04322	0.01607	0.01206	0.00361	0.00911	0.01336	0.01411	0.01822
8	0.01912	0.01509	0.01861	0.01595	0.02136	0.01251	0.01207	0.02386	0.02750	0.04012	0.23570	0.15034	0.06686	0.01996	0.01188	0.00307	0.00696	0.01752	0.01008	0.27144
9	0.14845	0.02351	0.02479	0.02159	0.02875	0.02608	0.01711	0.05586	0.32061	0.14387	0.04150	0.03827	0.03009	0.01462	0.01098	0.00381	0.00930	0.01164	0.01151	0.01765
10	0.01646	0.01189	0.01555	0.01463	0.01738	0.01097	0.01097	0.02195	0.03292	0.04664	0.51257	0.08688	0.10974	0.02378	0.01372	0.00366	0.00549	0.02103	0.01280	0.01097
11	0.03333	0.02086	0.02438	0.02100	0.02753	0.02188	0.01655	0.05240	0.26861	0.18944	0.13895	0.05087	0.04821	0.01695	0.01217	0.00379	0.00867	0.01428	0.01278	0.01735
12	0.01672	0.01199	0.01625	0.01780	0.01993	0.01151	0.01404	0.02117	0.02741	0.03705	0.20347	0.24632	0.08318	0.03074	0.01498	0.00464	0.00795	0.19301	0.01139	0.01043
13	0.02416	0.04030	0.25457	0.03741	0.04984	0.02554	0.21217	0.03473	0.02611	0.03664	0.02919	0.04630	0.02521	0.01431	0.01301	0.00408	0.01700	0.08765	0.00633	0.01543
14	0.67341	0.02249	0.01709	0.01529	0.02249	0.02609	0.01260	0.03419	0.01979	0.05218	0.01619	0.01889	0.01260	0.01080	0.00720	0.00360	0.00900	0.00630	0.00720	0.01260
