[name]
unknown

[dist]
# distance from previous block
# <min> <max>
0	196

[block]
# block no. 0 follows, 9 sequences, length 41
# corresponding to MSA columns:
# 242-282
name=unknown_A
#
# <colnr> <probs for GDERKNQSTAVLIFYWHMCP>
#	G	D	E	R	K	N	Q	S	T	A	V	L	I	F	Y	W	H	M	C	P
0	0.01488	0.01084	0.01402	0.01613	0.01739	0.00998	0.01099	0.01746	0.02468	0.03283	0.11932	0.47209	0.12393	0.03554	0.01512	0.00468	0.00675	0.03197	0.01140	0.00998
1	0.03368	0.02837	0.08271	0.14694	0.04588	0.02815	0.02613	0.08707	0.12960	0.13896	0.03285	0.03493	0.02376	0.01499	0.01583	0.00408	0.08796	0.01143	0.00946	0.01722
2	0.03032	0.02777	0.08776	0.09000	0.18417	0.02378	0.02740	0.07798	0.02972	0.09780	0.03192	0.10492	0.02801	0.01532	0.01202	0.00363	0.01260	0.01351	0.00835	0.09302
3	0.01466	0.01047	0.01396	0.01675	0.01745	0.00977	0.01117	0.01675	0.02304	0.03071	0.06631	0.56931	0.07958	0.03769	0.01536	0.00489	0.00698	0.03420	0.01117	0.00977
4	0.09576	0.01478	0.01777	0.01638	0.02071	0.01411	0.01249	0.03155	0.02919	0.14695	0.19376	0.16289	0.06570	0.02219	0.01243	0.00385	0.00734	0.01904	0.09989	0.01321
5	0.03722	0.02866	0.03254	0.08882	0.09448	0.07990	0.02332	0.09405	0.19451	0.14206	0.03726	0.03682	0.02704	0.01428	0.01198	0.00379	0.01261	0.01173	0.01062	0.01832
6	0.03035	0.02582	0.02789	0.13883	0.04067	0.09312	0.02105	0.04524	0.17630	0.09282	0.13145	0.04778	0.04444	0.01640	0.01239	0.00383	0.01193	0.01368	0.01038	0.01564
7	0.01466	0.01047	0.01396	0.01675	0.01745	0.00977	0.01117	0.01675	0.02304	0.03071	0.06631	0.56931	0.07958	0.03769	0.01536	0.00489	0.00698	0.03420	0.01117	0.00977
8	0.22235	0.02378	0.02887	0.14014	0.04107	0.02730	0.02161	0.08608	0.02821	0.15270	0.02607	0.02926	0.01876	0.01395	0.01449	0.00399	0.08706	0.00977	0.00889	0.01566
9	0.02652	0.09169	0.04334	0.26784	0.19829	0.03120	0.03197	0.03303	0.02435	0.03283	0.02044	0.02904	0.01686	0.01267	0.01528	0.00388	0.08978	0.01017	0.00550	0.01533
10	0.01674	0.01208	0.01583	0.01533	0.01791	0.01116	0.01133	0.02199	0.03274	0.04615	0.44435	0.14728	0.10946	0.02616	0.01433	0.00392	0.00583	0.02325	0.01300	0.01116
11	0.02622	0.19773	0.39760	0.03074	0.04657	0.03304	0.03826	0.03756	0.02515	0.03556	0.02033	0.02382	0.01529	0.01114	0.01047	0.00349	0.01651	0.00825	0.00510	0.01717
12	0.03123	0.08561	0.03538	0.02598	0.03369	0.02879	0.07148	0.05318	0.28507	0.09451	0.08657	0.04464	0.03905	0.01559	0.01216	0.00385	0.01088	0.01354	0.01110	0.01770
13	0.01750	0.01166	0.01312	0.01312	0.01312	0.01166	0.00729	0.01750	0.01750	0.02333	0.03791	0.07873	0.04374	0.57717	0.06124	0.01166	0.01166	0.01750	0.00729	0.00729
14	0.01719	0.01289	0.01934	0.01934	0.02148	0.01504	0.01504	0.02148	0.01934	0.02793	0.03223	0.04727	0.03008	0.09024	0.52949	0.01934	0.03223	0.01289	0.00645	0.01074
15	0.03394	0.51142	0.05904	0.02203	0.03175	0.11425	0.02096	0.03769	0.02578	0.02846	0.01699	0.01963	0.01545	0.01058	0.00815	0.00265	0.01409	0.00662	0.00529	0.01523
16	0.03421	0.02504	0.02858	0.02448	0.03119	0.02700	0.02042	0.27518	0.04501	0.06030	0.09548	0.06899	0.04658	0.02143	0.01370	0.00422	0.01167	0.13814	0.01189	0.01649
17	0.01503	0.01146	0.01382	0.01483	0.01716	0.01025	0.01052	0.01824	0.02697	0.03520	0.18022	0.30814	0.23004	0.03233	0.01471	0.00436	0.00639	0.02844	0.01163	0.01025
18	0.66215	0.02327	0.01768	0.01582	0.02327	0.02699	0.01303	0.03537	0.02048	0.05398	0.01675	0.01954	0.01303	0.01117	0.00745	0.00372	0.00931	0.00651	0.00745	0.01303
19	0.66215	0.02327	0.01768	0.01582	0.02327	0.02699	0.01303	0.03537	0.02048	0.05398	0.01675	0.01954	0.01303	0.01117	0.00745	0.00372	0.00931	0.00651	0.00745	0.01303
20	0.01538	0.01123	0.01447	0.01578	0.01750	0.01032	0.01103	0.01872	0.02702	0.03653	0.20997	0.37016	0.13187	0.03277	0.01487	0.00445	0.00647	0.02933	0.01184	0.01032
21	0.02161	0.01323	0.01722	0.01683	0.02027	0.01206	0.01290	0.02608	0.03029	0.10530	0.24872	0.18990	0.13556	0.02768	0.01444	0.00425	0.00728	0.07173	0.01254	0.01212
22	0.66215	0.02327	0.01768	0.01582	0.02327	0.02699	0.01303	0.03537	0.02048	0.05398	0.01675	0.01954	0.01303	0.01117	0.00745	0.00372	0.00931	0.00651	0.00745	0.01303
23	0.01719	0.01289	0.01934	0.01934	0.02148	0.01504	0.01504	0.02148	0.01934	0.02793	0.03223	0.04727	0.03008	0.09024	0.52949	0.01934	0.03223	0.01289	0.00645	0.01074
24	0.02840	0.03245	0.07099	0.05071	0.06288	0.03043	0.45842	0.03854	0.02840	0.03854	0.02434	0.03245	0.01826	0.01014	0.01420	0.00406	0.02028	0.01420	0.00609	0.01623
25	0.02219	0.01355	0.01585	0.01587	0.01883	0.01317	0.01135	0.02831	0.06985	0.08520	0.06031	0.23929	0.10622	0.09198	0.01862	0.00496	0.00774	0.02200	0.14284	0.01186
26	0.03129	0.02585	0.04100	0.04896	0.25190	0.02605	0.07430	0.04391	0.12324	0.09881	0.07813	0.04050	0.03329	0.01370	0.01248	0.00377	0.01261	0.01296	0.00907	0.01815
27	0.04349	0.02249	0.02645	0.02093	0.02873	0.02248	0.01708	0.18245	0.03937	0.25366	0.03938	0.03799	0.02701	0.01453	0.01117	0.00346	0.01007	0.01147	0.16963	0.01818
28	0.01518	0.01084	0.01456	0.01735	0.01828	0.01022	0.01208	0.01766	0.02355	0.03130	0.06602	0.52125	0.07843	0.03720	0.01550	0.00496	0.00743	0.07709	0.01116	0.00992
29	0.02552	0.05253	0.37026	0.03964	0.05559	0.02875	0.17929	0.03824	0.02638	0.03824	0.02249	0.02770	0.01622	0.01101	0.01233	0.00389	0.01860	0.01062	0.00541	0.01727
30	0.01677	0.01260	0.01579	0.01782	0.01937	0.01256	0.01226	0.02329	0.08637	0.03343	0.06391	0.49669	0.07364	0.03473	0.01493	0.00477	0.00733	0.03135	0.01132	0.01106
31	0.02070	0.01322	0.01574	0.01598	0.01983	0.01193	0.01267	0.02466	0.02757	0.08732	0.08573	0.15476	0.25291	0.02859	0.01411	0.00434	0.00779	0.11750	0.07306	0.01158
32	0.03130	0.01765	0.02410	0.02148	0.02527	0.01864	0.01680	0.03477	0.02714	0.20106	0.09154	0.21649	0.05148	0.02471	0.01937	0.00445	0.12792	0.01999	0.01140	0.01444
33	0.03815	0.03975	0.24095	0.03045	0.04372	0.02360	0.08244	0.04744	0.02985	0.25174	0.03362	0.03329	0.02218	0.01284	0.01207	0.00380	0.01467	0.01098	0.00964	0.01881
34	0.23191	0.02736	0.03296	0.02638	0.03374	0.03103	0.07159	0.18225	0.03364	0.05418	0.02328	0.02786	0.01824	0.02107	0.06447	0.00543	0.08027	0.01004	0.00852	0.01580
35	0.09749	0.01709	0.02135	0.01986	0.02350	0.01804	0.01557	0.03196	0.02463	0.14556	0.04361	0.12308	0.04292	0.14453	0.02694	0.00615	0.07620	0.09867	0.01006	0.01278
36	0.16895	0.03194	0.09071	0.03570	0.08762	0.02988	0.13661	0.08907	0.12335	0.04846	0.02784	0.03082	0.02096	0.01231	0.01156	0.00387	0.01401	0.01112	0.00819	0.01702
37	0.29952	0.02910	0.12122	0.02071	0.03006	0.02262	0.02002	0.03634	0.02421	0.10952	0.02850	0.09082	0.02438	0.01470	0.01002	0.00367	0.01085	0.01119	0.00841	0.08413
38	0.02542	0.02998	0.12922	0.02928	0.07946	0.02309	0.02441	0.08138	0.02794	0.04023	0.03278	0.15857	0.03253	0.01861	0.01501	0.00374	0.07088	0.01526	0.00796	0.15425
39	0.09629	0.02908	0.09572	0.07811	0.03815	0.02465	0.02263	0.07496	0.02680	0.04220	0.02098	0.02573	0.01677	0.01186	0.01344	0.00311	0.07746	0.00846	0.00696	0.28666
40	0.04032	0.02673	0.08419	0.02595	0.03688	0.02013	0.08070	0.04688	0.03037	0.28216	0.03527	0.03429	0.02378	0.01243	0.01155	0.00331	0.01210	0.01086	0.01078	0.17133

[dist]
# distance from previous block
# <min> <max>
6	41

[block]
# block no. 1 follows, 9 sequences, length 20
# corresponding to MSA columns:
# 330-349
name=unknown_B
#
# <colnr> <probs for GDERKNQSTAVLIFYWHMCP>
#	G	D	E	R	K	N	Q	S	T	A	V	L	I	F	Y	W	H	M	C	P
0	0.16859	0.02514	0.07651	0.02040	0.02903	0.02102	0.01855	0.07338	0.02881	0.13238	0.03259	0.04163	0.02611	0.01452	0.01051	0.00347	0.01044	0.05443	0.08388	0.12861
1	0.14435	0.02203	0.02405	0.01959	0.02718	0.02196	0.01569	0.13561	0.03313	0.13665	0.03436	0.09386	0.02848	0.01563	0.01067	0.00338	0.00965	0.01243	0.08024	0.13108
2	0.03155	0.26822	0.18755	0.07709	0.04339	0.09535	0.02934	0.07382	0.02856	0.03560	0.01986	0.02342	0.01587	0.01139	0.00996	0.00322	0.01568	0.00809	0.00586	0.01618
3	0.02180	0.02267	0.08011	0.07843	0.03346	0.01843	0.02003	0.03215	0.08496	0.04238	0.19782	0.06348	0.05928	0.01871	0.01268	0.00367	0.00990	0.05923	0.00993	0.13086
4	0.03107	0.07954	0.09799	0.13762	0.13171	0.07683	0.02922	0.08930	0.12664	0.04204	0.02771	0.03121	0.02129	0.01279	0.01152	0.00367	0.01450	0.01049	0.00769	0.01717
5	0.01659	0.01128	0.01339	0.01428	0.01450	0.01106	0.00853	0.01726	0.01926	0.02568	0.04697	0.23515	0.05517	0.40517	0.04661	0.00950	0.01017	0.02282	0.00853	0.00808
6	0.02213	0.02043	0.02869	0.02613	0.02668	0.02700	0.02098	0.02495	0.01959	0.02915	0.02972	0.14737	0.03219	0.03737	0.12441	0.00777	0.34065	0.01607	0.00676	0.01198
7	0.01746	0.01258	0.01669	0.01643	0.01925	0.01181	0.01283	0.02311	0.03289	0.04600	0.41629	0.09830	0.10538	0.02619	0.01464	0.00411	0.00667	0.09522	0.01285	0.01130
8	0.02495	0.02138	0.02495	0.01782	0.02851	0.01604	0.01426	0.03029	0.02495	0.03921	0.02138	0.02495	0.01782	0.00891	0.00891	0.00178	0.00891	0.00713	0.00713	0.65072
9	0.02608	0.02337	0.03715	0.12656	0.09519	0.02321	0.10216	0.07825	0.03136	0.04377	0.13736	0.04425	0.04110	0.01429	0.01240	0.00349	0.01258	0.01341	0.00850	0.12551
10	0.59527	0.02296	0.01881	0.01644	0.02409	0.02597	0.01354	0.03793	0.02201	0.10418	0.02013	0.02190	0.01487	0.01158	0.00796	0.00372	0.00941	0.00713	0.00826	0.01385
11	0.01832	0.01395	0.01776	0.01692	0.02087	0.01217	0.01273	0.02281	0.02798	0.03962	0.21426	0.22722	0.07708	0.02590	0.01358	0.00384	0.00733	0.06060	0.01101	0.15605
12	0.03217	0.58441	0.06305	0.02059	0.03088	0.04761	0.02059	0.03603	0.02445	0.02831	0.01673	0.01930	0.01544	0.01029	0.00772	0.00257	0.01287	0.00643	0.00515	0.01544
13	0.01458	0.01079	0.01363	0.01591	0.01723	0.00984	0.01080	0.01685	0.02384	0.03104	0.07653	0.48589	0.15640	0.03637	0.01515	0.00473	0.00682	0.03258	0.01117	0.00984
14	0.04145	0.02084	0.03119	0.23257	0.05162	0.02131	0.02399	0.04745	0.03028	0.31817	0.03701	0.03739	0.02427	0.01374	0.01207	0.00384	0.01256	0.01154	0.01107	0.01763
15	0.26916	0.09382	0.08284	0.02147	0.03118	0.02815	0.01991	0.09530	0.02992	0.18142	0.02750	0.02739	0.01923	0.01256	0.00981	0.00358	0.01141	0.00889	0.00960	0.01687
16	0.17494	0.04178	0.16961	0.02666	0.03678	0.11997	0.02624	0.07225	0.02774	0.04251	0.01998	0.02370	0.01558	0.01237	0.01273	0.00352	0.06438	0.00823	0.00666	0.09435
17	0.10919	0.24336	0.04279	0.02910	0.11501	0.03194	0.02093	0.04008	0.02669	0.13584	0.02641	0.02824	0.02030	0.01179	0.00944	0.00315	0.01146	0.00888	0.06892	0.01647
18	0.46996	0.03068	0.02732	0.02294	0.03075	0.11973	0.07019	0.03809	0.02396	0.04755	0.01803	0.02154	0.01413	0.01127	0.00891	0.00365	0.01295	0.00770	0.00705	0.01360
19	0.03335	0.03411	0.14774	0.18395	0.05608	0.02781	0.08403	0.11635	0.03259	0.12487	0.02769	0.03157	0.01932	0.01259	0.01218	0.00385	0.01545	0.01099	0.00825	0.01724

[dist]
# distance from previous block
# <min> <max>
0	1

[block]
# block no. 2 follows, 9 sequences, length 34
# corresponding to MSA columns:
# 351-384
name=unknown_C
#
# <colnr> <probs for GDERKNQSTAVLIFYWHMCP>
#	G	D	E	R	K	N	Q	S	T	A	V	L	I	F	Y	W	H	M	C	P
0	0.02257	0.01927	0.07869	0.01745	0.02175	0.01432	0.01456	0.02679	0.02611	0.09233	0.19134	0.07126	0.06201	0.25231	0.03322	0.00707	0.01024	0.01721	0.00994	0.01156
1	0.18188	0.02106	0.02577	0.02023	0.02915	0.01964	0.01670	0.05374	0.03150	0.41446	0.04101	0.03645	0.02626	0.01411	0.01112	0.00372	0.01004	0.01092	0.01333	0.01891
2	0.03834	0.01879	0.02721	0.14886	0.04071	0.01840	0.02017	0.04367	0.03071	0.29437	0.09202	0.09747	0.04061	0.01756	0.01264	0.00392	0.01083	0.01504	0.01201	0.01666
3	0.03815	0.02128	0.02936	0.08530	0.09018	0.02128	0.02110	0.04873	0.11586	0.25423	0.04437	0.10639	0.03465	0.01725	0.01251	0.00395	0.01080	0.01487	0.01182	0.01790
4	0.05398	0.02048	0.02792	0.02141	0.03071	0.01768	0.01768	0.05863	0.03444	0.51045	0.04747	0.04095	0.02978	0.01489	0.01210	0.00372	0.01024	0.01210	0.01489	0.02048
5	0.04936	0.01945	0.02644	0.02062	0.02912	0.01689	0.01689	0.05414	0.03439	0.45261	0.10356	0.04707	0.04026	0.01611	0.01236	0.00373	0.00967	0.01331	0.01469	0.01933
6	0.04112	0.02227	0.03589	0.18718	0.05083	0.02208	0.07839	0.04751	0.03048	0.30307	0.03651	0.03714	0.02409	0.01341	0.01234	0.00385	0.01330	0.01193	0.01084	0.01775
7	0.03294	0.02159	0.03568	0.03238	0.08836	0.02095	0.11062	0.03962	0.08050	0.15363	0.03190	0.03702	0.02427	0.02164	0.02301	0.19758	0.01280	0.01207	0.00877	0.01467
8	0.66215	0.02327	0.01768	0.01582	0.02327	0.02699	0.01303	0.03537	0.02048	0.05398	0.01675	0.01954	0.01303	0.01117	0.00745	0.00372	0.00931	0.00651	0.00745	0.01303
9	0.01479	0.01107	0.01375	0.01548	0.01721	0.01003	0.01070	0.01748	0.02521	0.03292	0.12324	0.41083	0.18429	0.03462	0.01496	0.00458	0.00663	0.03081	0.01138	0.01003
10	0.03486	0.04396	0.29244	0.03498	0.10195	0.02458	0.03452	0.04484	0.02868	0.19669	0.03040	0.03117	0.02060	0.01250	0.01172	0.00375	0.01481	0.01020	0.00848	0.01885
11	0.04225	0.03745	0.17668	0.02739	0.03934	0.02737	0.02746	0.18843	0.03919	0.22233	0.03345	0.03222	0.02228	0.01370	0.01188	0.00371	0.01351	0.01071	0.01099	0.01966
12	0.01526	0.01090	0.01465	0.01744	0.01840	0.01029	0.01221	0.01779	0.02363	0.03138	0.06598	0.51435	0.07827	0.03713	0.01552	0.00497	0.00750	0.08325	0.01116	0.00994
13	0.02495	0.02138	0.02495	0.01782	0.02851	0.01604	0.01426	0.03029	0.02495	0.03921	0.02138	0.02495	0.01782	0.00891	0.00891	0.00178	0.00891	0.00713	0.00713	0.65072
14	0.02901	0.02924	0.08261	0.02791	0.07963	0.11474	0.02066	0.03339	0.02571	0.09042	0.03476	0.10992	0.03347	0.14377	0.08491	0.00730	0.01629	0.01478	0.00802	0.01346
15	0.01995	0.01474	0.01956	0.02174	0.02469	0.01510	0.01832	0.02817	0.07661	0.03691	0.06242	0.18004	0.06698	0.03194	0.01598	0.00530	0.01040	0.32815	0.01122	0.01179
16	0.05028	0.01939	0.02596	0.02021	0.02875	0.01692	0.01660	0.05504	0.03336	0.45580	0.04650	0.04141	0.02991	0.01479	0.01167	0.00361	0.00969	0.01200	0.08872	0.01939
17	0.02413	0.06223	0.51483	0.03429	0.05207	0.02794	0.04445	0.03810	0.02540	0.03810	0.02159	0.02540	0.01524	0.01143	0.01143	0.00381	0.01778	0.00889	0.00508	0.01778
18	0.01453	0.01220	0.01262	0.01251	0.01644	0.01029	0.00938	0.01786	0.02815	0.03423	0.16286	0.11295	0.45518	0.02983	0.01422	0.00403	0.00605	0.02499	0.01140	0.01029
19	0.01688	0.01260	0.01869	0.01902	0.02100	0.01440	0.01457	0.02091	0.01978	0.02827	0.03634	0.11023	0.03605	0.08390	0.46748	0.01759	0.02918	0.01546	0.00702	0.01063
20	0.02495	0.02138	0.02495	0.01782	0.02851	0.01604	0.01426	0.03029	0.02495	0.03921	0.02138	0.02495	0.01782	0.00891	0.00891	0.00178	0.00891	0.00713	0.00713	0.65072
21	0.01546	0.01109	0.01468	0.01621	0.01763	0.01030	0.01123	0.01876	0.02675	0.03662	0.21106	0.40772	0.09102	0.03328	0.01496	0.00451	0.00654	0.03001	0.01187	0.01030
22	0.66215	0.02327	0.01768	0.01582	0.02327	0.02699	0.01303	0.03537	0.02048	0.05398	0.01675	0.01954	0.01303	0.01117	0.00745	0.00372	0.00931	0.00651	0.00745	0.01303
23	0.66215	0.02327	0.01768	0.01582	0.02327	0.02699	0.01303	0.03537	0.02048	0.05398	0.01675	0.01954	0.01303	0.01117	0.00745	0.00372	0.00931	0.00651	0.00745	0.01303
24	0.05398	0.02048	0.02792	0.02141	0.03071	0.01768	0.01768	0.05863	0.03444	0.51045	0.04747	0.04095	0.02978	0.01489	0.01210	0.00372	0.01024	0.01210	0.01489	0.02048
25	0.66215	0.02327	0.01768	0.01582	0.02327	0.02699	0.01303	0.03537	0.02048	0.05398	0.01675	0.01954	0.01303	0.01117	0.00745	0.00372	0.00931	0.00651	0.00745	0.01303
26	0.03217	0.58441	0.06305	0.02059	0.03088	0.04761	0.02059	0.03603	0.02445	0.02831	0.01673	0.01930	0.01544	0.01029	0.00772	0.00257	0.01287	0.00643	0.00515	0.01544
27	0.02272	0.02138	0.03609	0.54825	0.08287	0.02673	0.03341	0.03074	0.02406	0.03074	0.02138	0.03208	0.01604	0.01203	0.01203	0.00401	0.01604	0.01069	0.00535	0.01337
28	0.01466	0.01047	0.01396	0.01675	0.01745	0.00977	0.01117	0.01675	0.02304	0.03071	0.06631	0.56931	0.07958	0.03769	0.01536	0.00489	0.00698	0.03420	0.01117	0.00977
29	0.66215	0.02327	0.01768	0.01582	0.02327	0.02699	0.01303	0.03537	0.02048	0.05398	0.01675	0.01954	0.01303	0.01117	0.00745	0.00372	0.00931	0.00651	0.00745	0.01303
30	0.01466	0.01047	0.01396	0.01675	0.01745	0.00977	0.01117	0.01675	0.02304	0.03071	0.06631	0.56931	0.07958	0.03769	0.01536	0.00489	0.00698	0.03420	0.01117	0.00977
31	0.02113	0.01833	0.03184	0.02978	0.07743	0.01738	0.12344	0.02717	0.02833	0.04031	0.17718	0.18179	0.06321	0.02168	0.01361	0.00399	0.01045	0.02067	0.07937	0.01293
32	0.02977	0.44355	0.05031	0.01828	0.02674	0.03866	0.01759	0.03406	0.02464	0.03237	0.02226	0.02558	0.01922	0.01121	0.00789	0.00263	0.01108	0.00761	0.16213	0.01440
33	0.03096	0.10800	0.25652	0.02645	0.04011	0.02566	0.02963	0.03999	0.02690	0.12703	0.02588	0.02752	0.01862	0.01138	0.01054	0.00318	0.01374	0.00880	0.00742	0.16166

[dist]
# distance from previous block
# <min> <max>
0	4

[block]
# block no. 3 follows, 9 sequences, length 34
# corresponding to MSA columns:
# 389-422
name=unknown_D
#
# <colnr> <probs for GDERKNQSTAVLIFYWHMCP>
#	G	D	E	R	K	N	Q	S	T	A	V	L	I	F	Y	W	H	M	C	P
0	0.04435	0.02927	0.03214	0.02493	0.03376	0.03154	0.02050	0.35485	0.04985	0.13582	0.03275	0.03242	0.02298	0.01446	0.01164	0.00354	0.01195	0.01106	0.08275	0.01943
1	0.01499	0.01072	0.01426	0.01653	0.01752	0.00999	0.01119	0.01758	0.02457	0.03315	0.12606	0.50261	0.08430	0.03587	0.01519	0.00473	0.00680	0.03247	0.01146	0.00999
2	0.02495	0.02138	0.02495	0.01782	0.02851	0.01604	0.01426	0.03029	0.02495	0.03921	0.02138	0.02495	0.01782	0.00891	0.00891	0.00178	0.00891	0.00713	0.00713	0.65072
3	0.04770	0.02188	0.02773	0.02221	0.03086	0.02088	0.01804	0.06002	0.15096	0.39022	0.04786	0.04198	0.03160	0.01527	0.01214	0.00382	0.01005	0.01249	0.01420	0.02010
4	0.05398	0.02048	0.02792	0.02141	0.03071	0.01768	0.01768	0.05863	0.03444	0.51045	0.04747	0.04095	0.02978	0.01489	0.01210	0.00372	0.01024	0.01210	0.01489	0.02048
5	0.01744	0.01235	0.01648	0.01840	0.02017	0.01203	0.01424	0.02118	0.02562	0.03410	0.11349	0.24851	0.07395	0.11288	0.02247	0.00603	0.00931	0.20035	0.01082	0.01018
6	0.01466	0.01047	0.01396	0.01675	0.01745	0.00977	0.01117	0.01675	0.02304	0.03071	0.06631	0.56931	0.07958	0.03769	0.01536	0.00489	0.00698	0.03420	0.01117	0.00977
7	0.02513	0.02274	0.03176	0.07818	0.03848	0.01893	0.07055	0.03135	0.02528	0.03822	0.02175	0.02662	0.01768	0.00939	0.00989	0.00230	0.01106	0.00837	0.00681	0.50551
8	0.01719	0.01289	0.01934	0.01934	0.02148	0.01504	0.01504	0.02148	0.01934	0.02793	0.03223	0.04727	0.03008	0.09024	0.52949	0.01934	0.03223	0.01289	0.00645	0.01074
9	0.03827	0.03318	0.02440	0.02181	0.02733	0.23927	0.01667	0.04259	0.03086	0.12622	0.03175	0.03397	0.02392	0.01347	0.01018	0.00311	0.01353	0.00986	0.24544	0.01416
10	0.66215	0.02327	0.01768	0.01582	0.02327	0.02699	0.01303	0.03537	0.02048	0.05398	0.01675	0.01954	0.01303	0.01117	0.00745	0.00372	0.00931	0.00651	0.00745	0.01303
11	0.02272	0.02138	0.03609	0.54825	0.08287	0.02673	0.03341	0.03074	0.02406	0.03074	0.02138	0.03208	0.01604	0.01203	0.01203	0.00401	0.01604	0.01069	0.00535	0.01337
12	0.03240	0.02642	0.02878	0.02311	0.03194	0.02725	0.01845	0.15678	0.21844	0.05330	0.03456	0.03409	0.02620	0.01337	0.01108	0.00319	0.01029	0.01073	0.01049	0.22912
13	0.01518	0.01085	0.01456	0.01735	0.01828	0.01023	0.01208	0.01766	0.02355	0.03130	0.06602	0.52108	0.07843	0.03720	0.01550	0.00496	0.00744	0.07725	0.01116	0.00992
14	0.01581	0.01168	0.01498	0.01685	0.01883	0.01085	0.01251	0.01917	0.02599	0.03400	0.12173	0.34436	0.15874	0.03404	0.01528	0.00475	0.00752	0.11125	0.01137	0.01028
15	0.02714	0.05826	0.44822	0.03337	0.05002	0.02925	0.04145	0.09708	0.02974	0.04335	0.02261	0.02589	0.01597	0.01185	0.01151	0.00378	0.01715	0.00916	0.00605	0.01815
16	0.34168	0.02466	0.02126	0.01857	0.02527	0.08337	0.01480	0.03864	0.02751	0.13451	0.12085	0.03819	0.03704	0.01476	0.01011	0.00366	0.01025	0.01083	0.00986	0.01418
17	0.01460	0.01071	0.01371	0.01612	0.01728	0.00983	0.01089	0.01682	0.02365	0.03096	0.07404	0.50621	0.13769	0.03669	0.01520	0.00477	0.00686	0.03298	0.01117	0.00983
18	0.01464	0.01162	0.01316	0.01402	0.01682	0.01014	0.01004	0.01761	0.02657	0.03341	0.13891	0.26733	0.31854	0.03236	0.01460	0.00432	0.00635	0.02804	0.01137	0.01014
19	0.02272	0.02138	0.03609	0.54825	0.08287	0.02673	0.03341	0.03074	0.02406	0.03074	0.02138	0.03208	0.01604	0.01203	0.01203	0.00401	0.01604	0.01069	0.00535	0.01337
20	0.03217	0.58441	0.06305	0.02059	0.03088	0.04761	0.02059	0.03603	0.02445	0.02831	0.01673	0.01930	0.01544	0.01029	0.00772	0.00257	0.01287	0.00643	0.00515	0.01544
21	0.01500	0.01074	0.01427	0.01652	0.01753	0.01000	0.01120	0.01762	0.02464	0.03327	0.12900	0.49933	0.08453	0.03578	0.01519	0.00473	0.00679	0.03239	0.01147	0.01000
22	0.02802	0.02891	0.05310	0.11567	0.05656	0.02974	0.26798	0.04482	0.15985	0.04085	0.03111	0.03603	0.02333	0.01222	0.01331	0.00406	0.01652	0.01351	0.00778	0.01663
23	0.05398	0.02048	0.02792	0.02141	0.03071	0.01768	0.01768	0.05863	0.03444	0.51045	0.04747	0.04095	0.02978	0.01489	0.01210	0.00372	0.01024	0.01210	0.01489	0.02048
24	0.02272	0.02138	0.03609	0.54825	0.08287	0.02673	0.03341	0.03074	0.02406	0.03074	0.02138	0.03208	0.01604	0.01203	0.01203	0.00401	0.01604	0.01069	0.00535	0.01337
25	0.02413	0.06223	0.51483	0.03429	0.05207	0.02794	0.04445	0.03810	0.02540	0.03810	0.02159	0.02540	0.01524	0.01143	0.01143	0.00381	0.01778	0.00889	0.00508	0.01778
26	0.01881	0.01182	0.01773	0.01773	0.01894	0.01303	0.01303	0.01894	0.01773	0.02485	0.02726	0.04258	0.02606	0.06901	0.31807	0.29567	0.02268	0.01182	0.00591	0.00832
27	0.01466	0.01047	0.01396	0.01675	0.01745	0.00977	0.01117	0.01675	0.02304	0.03071	0.06631	0.56931	0.07958	0.03769	0.01536	0.00489	0.00698	0.03420	0.01117	0.00977
28	0.01719	0.01289	0.01934	0.01934	0.02148	0.01504	0.01504	0.02148	0.01934	0.02793	0.03223	0.04727	0.03008	0.09024	0.52949	0.01934	0.03223	0.01289	0.00645	0.01074
29	0.01773	0.01222	0.01702	0.01702	0.01826	0.01346	0.01215	0.01958	0.01834	0.02569	0.03255	0.05542	0.03306	0.23064	0.32984	0.09407	0.02339	0.01398	0.00655	0.00903
30	0.02952	0.02932	0.05303	0.06947	0.41899	0.02893	0.11669	0.03723	0.02759	0.03916	0.02295	0.03028	0.01891	0.01061	0.01234	0.00366	0.01543	0.01138	0.00598	0.01852
31	0.01518	0.01117	0.01422	0.01569	0.01740	0.01022	0.01092	0.01829	0.02638	0.03528	0.17979	0.38549	0.14887	0.03343	0.01490	0.00450	0.00653	0.02986	0.01168	0.01022
32	0.02731	0.02455	0.03147	0.03260	0.09871	0.02924	0.02276	0.04610	0.24461	0.04072	0.03522	0.03877	0.02844	0.02687	0.09038	0.00640	0.13799	0.01238	0.00892	0.01655
33	0.57338	0.02286	0.01918	0.01664	0.02435	0.02563	0.01371	0.03876	0.02251	0.12061	0.02124	0.02267	0.01548	0.01171	0.00812	0.00372	0.00944	0.00733	0.00853	0.01412

[dist]
# distance from previous block
# <min> <max>
1	15

[block]
# block no. 4 follows, 9 sequences, length 35
# corresponding to MSA columns:
# 438-472
name=unknown_E
#
# <colnr> <probs for GDERKNQSTAVLIFYWHMCP>
#	G	D	E	R	K	N	Q	S	T	A	V	L	I	F	Y	W	H	M	C	P
0	0.02754	0.02947	0.05713	0.10250	0.11687	0.03115	0.26592	0.03547	0.02570	0.03579	0.02199	0.03076	0.01761	0.01273	0.01901	0.00424	0.13207	0.01259	0.00582	0.01565
1	0.02106	0.02275	0.07405	0.02447	0.02702	0.02343	0.02097	0.02532	0.02363	0.03439	0.13061	0.18353	0.05318	0.02525	0.02498	0.00471	0.24083	0.01900	0.00849	0.01234
2	0.02277	0.01924	0.02475	0.08241	0.07823	0.02058	0.01860	0.03759	0.17350	0.04451	0.21635	0.06571	0.10705	0.01976	0.01311	0.00391	0.00895	0.01719	0.01111	0.01468
3	0.02993	0.02585	0.02721	0.02448	0.03129	0.02993	0.01904	0.06393	0.48038	0.05033	0.04897	0.04489	0.03673	0.01632	0.01224	0.00408	0.00952	0.01360	0.01224	0.01904
4	0.02495	0.02138	0.02495	0.01782	0.02851	0.01604	0.01426	0.03029	0.02495	0.03921	0.02138	0.02495	0.01782	0.00891	0.00891	0.00178	0.00891	0.00713	0.00713	0.65072
5	0.01665	0.01228	0.01556	0.01474	0.01775	0.01119	0.01106	0.02198	0.03317	0.04615	0.44598	0.09332	0.16462	0.02538	0.01419	0.00382	0.00573	0.02224	0.01297	0.01119
6	0.05398	0.02048	0.02792	0.02141	0.03071	0.01768	0.01768	0.05863	0.03444	0.51045	0.04747	0.04095	0.02978	0.01489	0.01210	0.00372	0.01024	0.01210	0.01489	0.02048
7	0.01511	0.01222	0.01342	0.01312	0.01680	0.01054	0.00984	0.01899	0.02953	0.03750	0.24054	0.10756	0.37546	0.02861	0.01421	0.00397	0.00596	0.02424	0.01183	0.01054
8	0.01939	0.01385	0.01939	0.02216	0.02493	0.01385	0.01939	0.02493	0.02770	0.03601	0.06370	0.13572	0.06924	0.03324	0.01662	0.00554	0.01108	0.42113	0.01108	0.01108
9	0.02993	0.02585	0.02721	0.02448	0.03129	0.02993	0.01904	0.06393	0.48038	0.05033	0.04897	0.04489	0.03673	0.01632	0.01224	0.00408	0.00952	0.01360	0.01224	0.01904
10	0.04574	0.03370	0.03611	0.02768	0.03731	0.03731	0.02287	0.46200	0.05657	0.07583	0.02889	0.02889	0.02046	0.01444	0.01204	0.00361	0.01324	0.01083	0.01204	0.02046
11	0.04085	0.14359	0.09841	0.02303	0.03280	0.02481	0.02205	0.04669	0.03025	0.28364	0.03976	0.04697	0.03010	0.01591	0.01169	0.00373	0.01190	0.06495	0.01104	0.01781
12	0.05398	0.02048	0.02792	0.02141	0.03071	0.01768	0.01768	0.05863	0.03444	0.51045	0.04747	0.04095	0.02978	0.01489	0.01210	0.00372	0.01024	0.01210	0.01489	0.02048
13	0.02978	0.02859	0.04884	0.07385	0.50211	0.02859	0.03692	0.03692	0.02740	0.03931	0.02263	0.02978	0.01906	0.01072	0.01191	0.00357	0.01429	0.01072	0.00596	0.01906
14	0.59181	0.02306	0.01971	0.07439	0.02982	0.02696	0.01527	0.03486	0.02087	0.05142	0.01726	0.02092	0.01336	0.01126	0.00795	0.00375	0.01005	0.00697	0.00721	0.01307
15	0.04494	0.05734	0.03410	0.03100	0.03719	0.52886	0.02325	0.04804	0.03410	0.02945	0.01860	0.02170	0.01550	0.01240	0.01085	0.00310	0.02170	0.00775	0.00620	0.01395
16	0.02709	0.09996	0.04031	0.03014	0.03149	0.03827	0.02557	0.02989	0.01922	0.02887	0.01592	0.02540	0.01575	0.01964	0.03529	0.00491	0.48359	0.00999	0.00525	0.01346
17	0.09233	0.08668	0.08063	0.20122	0.04832	0.02684	0.02496	0.03834	0.08432	0.08784	0.02689	0.03190	0.02036	0.01578	0.01484	0.07340	0.01309	0.01014	0.00746	0.01465
18	0.02272	0.02138	0.03609	0.54825	0.08287	0.02673	0.03341	0.03074	0.02406	0.03074	0.02138	0.03208	0.01604	0.01203	0.01203	0.00401	0.01604	0.01069	0.00535	0.01337
19	0.01607	0.01245	0.01476	0.01473	0.01812	0.01114	0.01142	0.02055	0.03023	0.03954	0.27032	0.10760	0.28055	0.02838	0.01452	0.00414	0.00658	0.07609	0.01203	0.01078
20	0.03181	0.03535	0.13869	0.03038	0.03946	0.03078	0.06967	0.18272	0.08132	0.05031	0.03130	0.08923	0.02666	0.01699	0.01613	0.00410	0.08535	0.01356	0.00899	0.01718
21	0.09627	0.02834	0.04845	0.10164	0.15728	0.02871	0.17637	0.08561	0.03060	0.09134	0.02570	0.03096	0.01908	0.01154	0.01230	0.00382	0.01553	0.01165	0.00766	0.01715
22	0.01504	0.01063	0.01385	0.01627	0.01687	0.01002	0.01065	0.01685	0.02230	0.02973	0.06253	0.50399	0.07480	0.10953	0.02147	0.00579	0.00760	0.03198	0.01065	0.00944
23	0.01617	0.01168	0.01512	0.01731	0.01884	0.01110	0.01271	0.01905	0.02414	0.03151	0.06845	0.35341	0.11725	0.09389	0.02052	0.00570	0.00848	0.13405	0.01073	0.00989
24	0.03657	0.04091	0.20202	0.08836	0.09234	0.09140	0.03140	0.04489	0.02942	0.18260	0.02929	0.03088	0.02025	0.01262	0.01167	0.00369	0.01543	0.01011	0.00839	0.01777
25	0.03194	0.34730	0.15115	0.02752	0.03944	0.04044	0.07288	0.09292	0.02930	0.03765	0.02013	0.02321	0.01637	0.01105	0.00973	0.00312	0.01470	0.00834	0.00614	0.01666
26	0.03748	0.03709	0.03434	0.02913	0.03575	0.23348	0.07748	0.09648	0.03405	0.08893	0.03386	0.14121	0.03153	0.01796	0.01253	0.00374	0.01606	0.01504	0.00894	0.01494
27	0.03747	0.16255	0.04459	0.09918	0.04469	0.30507	0.07173	0.04215	0.03008	0.03037	0.01919	0.02373	0.01586	0.01165	0.01070	0.00321	0.01891	0.00856	0.00585	0.01444
28	0.02090	0.01045	0.01567	0.01567	0.01567	0.01045	0.01045	0.01567	0.01567	0.02090	0.02090	0.03657	0.02090	0.04180	0.04702	0.64995	0.01045	0.01045	0.00522	0.00522
29	0.09184	0.01382	0.01511	0.01425	0.01600	0.01395	0.00896	0.02359	0.01953	0.07563	0.03655	0.06845	0.03897	0.45862	0.05040	0.01000	0.01126	0.01575	0.00807	0.00924
30	0.66215	0.02327	0.01768	0.01582	0.02327	0.02699	0.01303	0.03537	0.02048	0.05398	0.01675	0.01954	0.01303	0.01117	0.00745	0.00372	0.00931	0.00651	0.00745	0.01303
31	0.02272	0.02138	0.03609	0.54825	0.08287	0.02673	0.03341	0.03074	0.02406	0.03074	0.02138	0.03208	0.01604	0.01203	0.01203	0.00401	0.01604	0.01069	0.00535	0.01337
32	0.66215	0.02327	0.01768	0.01582	0.02327	0.02699	0.01303	0.03537	0.02048	0.05398	0.01675	0.01954	0.01303	0.01117	0.00745	0.00372	0.00931	0.00651	0.00745	0.01303
33	0.03462	0.03747	0.18805	0.03808	0.14731	0.02590	0.03095	0.09769	0.03185	0.14189	0.02817	0.03007	0.02013	0.01211	0.01149	0.00349	0.01383	0.01005	0.00848	0.08839
34	0.03090	0.30364	0.19667	0.02602	0.03820	0.03851	0.02808	0.08554	0.07654	0.03881	0.02297	0.02494	0.01818	0.01173	0.00982	0.00323	0.01408	0.00843	0.00662	0.01709

[dist]
# distance from previous block
# <min> <max>
0	3

[block]
# block no. 5 follows, 9 sequences, length 21
# corresponding to MSA columns:
# 476-496
name=unknown_F
#
# <colnr> <probs for GDERKNQSTAVLIFYWHMCP>
#	G	D	E	R	K	N	Q	S	T	A	V	L	I	F	Y	W	H	M	C	P
0	0.01466	0.01047	0.01396	0.01675	0.01745	0.00977	0.01117	0.01675	0.02304	0.03071	0.06631	0.56931	0.07958	0.03769	0.01536	0.00489	0.00698	0.03420	0.01117	0.00977
1	0.01750	0.01166	0.01312	0.01312	0.01312	0.01166	0.00729	0.01750	0.01750	0.02333	0.03791	0.07873	0.04374	0.57717	0.06124	0.01166	0.01166	0.01750	0.00729	0.00729
2	0.02429	0.04631	0.31545	0.18660	0.06252	0.02792	0.09678	0.03601	0.02541	0.03601	0.02190	0.02830	0.01588	0.01143	0.01198	0.00390	0.01761	0.01013	0.00529	0.01628
3	0.02840	0.03245	0.07099	0.05071	0.06288	0.03043	0.45842	0.03854	0.02840	0.03854	0.02434	0.03245	0.01826	0.01014	0.01420	0.00406	0.02028	0.01420	0.00609	0.01623
4	0.02495	0.02138	0.02495	0.01782	0.02851	0.01604	0.01426	0.03029	0.02495	0.03921	0.02138	0.02495	0.01782	0.00891	0.00891	0.00178	0.00891	0.00713	0.00713	0.65072
5	0.01596	0.01140	0.01546	0.01824	0.01951	0.01089	0.01343	0.01900	0.02432	0.03217	0.06559	0.44990	0.07673	0.03647	0.01570	0.00507	0.00811	0.14076	0.01114	0.01013
6	0.01703	0.01230	0.01608	0.01514	0.01797	0.01135	0.01135	0.02270	0.03406	0.04825	0.49577	0.08987	0.11352	0.02460	0.01419	0.00378	0.00568	0.02176	0.01324	0.01135
7	0.02495	0.02138	0.02495	0.01782	0.02851	0.01604	0.01426	0.03029	0.02495	0.03921	0.02138	0.02495	0.01782	0.00891	0.00891	0.00178	0.00891	0.00713	0.00713	0.65072
8	0.01735	0.01251	0.01653	0.01608	0.01891	0.01169	0.01243	0.02300	0.03320	0.04660	0.43779	0.09602	0.10758	0.02576	0.01452	0.00402	0.00640	0.07535	0.01295	0.01132
9	0.01666	0.01222	0.01573	0.01585	0.01852	0.01129	0.01202	0.02152	0.03103	0.04259	0.34294	0.16446	0.14757	0.02809	0.01464	0.00417	0.00654	0.07075	0.01247	0.01097
10	0.23209	0.03127	0.02794	0.02360	0.03144	0.08994	0.01891	0.18138	0.14952	0.05721	0.02899	0.02919	0.02168	0.01367	0.01053	0.00370	0.01208	0.00983	0.00999	0.01704
11	0.02923	0.01781	0.02204	0.01977	0.02511	0.01780	0.01570	0.04178	0.14582	0.15592	0.22849	0.07230	0.06945	0.02122	0.01349	0.00405	0.00833	0.06316	0.01313	0.01540
12	0.02693	0.16429	0.23620	0.10897	0.10425	0.03253	0.09234	0.03655	0.02563	0.03511	0.02097	0.02642	0.01623	0.01101	0.01112	0.00357	0.01639	0.00952	0.00537	0.01659
13	0.26344	0.25690	0.04015	0.07639	0.03438	0.09429	0.01950	0.03663	0.02408	0.03811	0.01745	0.02103	0.01463	0.01105	0.00845	0.00321	0.01294	0.00707	0.00613	0.01416
14	0.66215	0.02327	0.01768	0.01582	0.02327	0.02699	0.01303	0.03537	0.02048	0.05398	0.01675	0.01954	0.01303	0.01117	0.00745	0.00372	0.00931	0.00651	0.00745	0.01303
15	0.02536	0.03259	0.15579	0.25401	0.11273	0.02651	0.03317	0.07524	0.02795	0.03814	0.02713	0.08715	0.02342	0.01471	0.01222	0.00396	0.01502	0.01277	0.00665	0.01548
16	0.02090	0.01045	0.01567	0.01567	0.01567	0.01045	0.01045	0.01567	0.01567	0.02090	0.02090	0.03657	0.02090	0.04180	0.04702	0.64995	0.01045	0.01045	0.00522	0.00522
17	0.01539	0.01132	0.01443	0.01558	0.01746	0.01035	0.01095	0.01882	0.02733	0.03683	0.21782	0.34608	0.14865	0.03231	0.01481	0.00440	0.00642	0.02882	0.01186	0.01035
18	0.02191	0.01734	0.02316	0.13597	0.03592	0.01804	0.01806	0.08290	0.02811	0.03792	0.04609	0.31391	0.05033	0.02553	0.01343	0.00416	0.01007	0.02269	0.00954	0.08491
19	0.03414	0.03414	0.14192	0.02913	0.03995	0.02633	0.08318	0.16159	0.03584	0.11371	0.03273	0.09131	0.02675	0.01535	0.01226	0.00369	0.01363	0.01331	0.00950	0.08153
20	0.10451	0.16304	0.14238	0.11756	0.04537	0.10054	0.02775	0.09594	0.02986	0.04049	0.02052	0.02451	0.01593	0.01180	0.01025	0.00343	0.01530	0.00850	0.00652	0.01580

[dist]
# distance from previous block
# <min> <max>
0	9

[block]
# block no. 6 follows, 9 sequences, length 29
# corresponding to MSA columns:
# 506-534
name=unknown_G
#
# <colnr> <probs for GDERKNQSTAVLIFYWHMCP>
#	G	D	E	R	K	N	Q	S	T	A	V	L	I	F	Y	W	H	M	C	P
0	0.02978	0.02225	0.03028	0.02281	0.03119	0.01984	0.07275	0.08531	0.02886	0.09483	0.02913	0.03940	0.02495	0.12803	0.02119	0.00458	0.01167	0.01124	0.00853	0.28338
1	0.02012	0.01333	0.01570	0.01632	0.01838	0.01334	0.01140	0.06836	0.02657	0.03794	0.05295	0.33758	0.05819	0.09229	0.01877	0.00507	0.00791	0.02463	0.15018	0.01098
2	0.15237	0.09830	0.08940	0.08757	0.04463	0.03061	0.12403	0.03778	0.02500	0.09264	0.02290	0.02780	0.01738	0.01268	0.01468	0.00390	0.08580	0.01014	0.00696	0.01544
3	0.02028	0.01654	0.01968	0.01705	0.02358	0.01362	0.01375	0.02516	0.02720	0.03803	0.11109	0.07737	0.15456	0.02098	0.01241	0.00334	0.00830	0.09891	0.00965	0.28851
4	0.03254	0.01924	0.02433	0.02256	0.02809	0.01928	0.01882	0.12473	0.03489	0.15470	0.05280	0.13863	0.05080	0.02545	0.01445	0.00463	0.01089	0.19584	0.01218	0.01512
5	0.01867	0.01392	0.01800	0.02005	0.02243	0.01415	0.01568	0.02642	0.08521	0.03553	0.06293	0.31713	0.06957	0.03300	0.01548	0.00506	0.00905	0.19492	0.01127	0.01154
6	0.02978	0.02859	0.04884	0.07385	0.50211	0.02859	0.03692	0.03692	0.02740	0.03931	0.02263	0.02978	0.01906	0.01072	0.01191	0.00357	0.01429	0.01072	0.00596	0.01906
7	0.02495	0.02138	0.02495	0.01782	0.02851	0.01604	0.01426	0.03029	0.02495	0.03921	0.02138	0.02495	0.01782	0.00891	0.00891	0.00178	0.00891	0.00713	0.00713	0.65072
8	0.66215	0.02327	0.01768	0.01582	0.02327	0.02699	0.01303	0.03537	0.02048	0.05398	0.01675	0.01954	0.01303	0.01117	0.00745	0.00372	0.00931	0.00651	0.00745	0.01303
9	0.66215	0.02327	0.01768	0.01582	0.02327	0.02699	0.01303	0.03537	0.02048	0.05398	0.01675	0.01954	0.01303	0.01117	0.00745	0.00372	0.00931	0.00651	0.00745	0.01303
10	0.02632	0.02632	0.03685	0.03159	0.03159	0.03685	0.02632	0.02895	0.01843	0.02895	0.01579	0.02632	0.01579	0.02106	0.03948	0.00526	0.55515	0.01053	0.00526	0.01316
11	0.66215	0.02327	0.01768	0.01582	0.02327	0.02699	0.01303	0.03537	0.02048	0.05398	0.01675	0.01954	0.01303	0.01117	0.00745	0.00372	0.00931	0.00651	0.00745	0.01303
12	0.04955	0.01949	0.02650	0.02065	0.02918	0.01692	0.01692	0.05432	0.03439	0.45499	0.10126	0.04682	0.03983	0.01606	0.01235	0.00373	0.00969	0.01326	0.01469	0.01938
13	0.01427	0.01198	0.01241	0.01275	0.01640	0.01011	0.00939	0.01720	0.02688	0.03228	0.11502	0.17178	0.44567	0.03136	0.01436	0.00416	0.00620	0.02648	0.01117	0.01011
14	0.02090	0.01045	0.01567	0.01567	0.01567	0.01045	0.01045	0.01567	0.01567	0.02090	0.02090	0.03657	0.02090	0.04180	0.04702	0.64995	0.01045	0.01045	0.00522	0.00522
15	0.02978	0.02859	0.04884	0.07385	0.50211	0.02859	0.03692	0.03692	0.02740	0.03931	0.02263	0.02978	0.01906	0.01072	0.01191	0.00357	0.01429	0.01072	0.00596	0.01906
16	0.01466	0.01047	0.01396	0.01675	0.01745	0.00977	0.01117	0.01675	0.02304	0.03071	0.06631	0.56931	0.07958	0.03769	0.01536	0.00489	0.00698	0.03420	0.01117	0.00977
17	0.01877	0.01340	0.01867	0.02145	0.02394	0.01331	0.01831	0.02385	0.02708	0.03531	0.06405	0.19280	0.07060	0.03382	0.01645	0.00545	0.01054	0.37019	0.01109	0.01091
18	0.02187	0.01847	0.02672	0.02862	0.08583	0.02181	0.01954	0.02378	0.02078	0.02926	0.03800	0.10185	0.08376	0.03519	0.09211	0.13055	0.18841	0.01522	0.00685	0.01138
19	0.03217	0.58441	0.06305	0.02059	0.03088	0.04761	0.02059	0.03603	0.02445	0.02831	0.01673	0.01930	0.01544	0.01029	0.00772	0.00257	0.01287	0.00643	0.00515	0.01544
20	0.02909	0.11129	0.35534	0.03313	0.04843	0.02916	0.08647	0.04039	0.02673	0.09375	0.02448	0.02741	0.01736	0.01157	0.01142	0.00369	0.01662	0.00962	0.00638	0.01767
21	0.66215	0.02327	0.01768	0.01582	0.02327	0.02699	0.01303	0.03537	0.02048	0.05398	0.01675	0.01954	0.01303	0.01117	0.00745	0.00372	0.00931	0.00651	0.00745	0.01303
22	0.01703	0.01230	0.01608	0.01514	0.01797	0.01135	0.01135	0.02270	0.03406	0.04825	0.49577	0.08987	0.11352	0.02460	0.01419	0.00378	0.00568	0.02176	0.01324	0.01135
23	0.01750	0.01166	0.01312	0.01312	0.01312	0.01166	0.00729	0.01750	0.01750	0.02333	0.03791	0.07873	0.04374	0.57717	0.06124	0.01166	0.01166	0.01750	0.00729	0.00729
24	0.03190	0.28543	0.13828	0.02504	0.03589	0.03848	0.02513	0.09880	0.13177	0.04142	0.02654	0.02751	0.02087	0.01242	0.01002	0.00329	0.01311	0.00910	0.00764	0.01736
25	0.02090	0.01045	0.01567	0.01567	0.01567	0.01045	0.01045	0.01567	0.01567	0.02090	0.02090	0.03657	0.02090	0.04180	0.04702	0.64995	0.01045	0.01045	0.00522	0.00522
26	0.01466	0.01047	0.01396	0.01675	0.01745	0.00977	0.01117	0.01675	0.02304	0.03071	0.06631	0.56931	0.07958	0.03769	0.01536	0.00489	0.00698	0.03420	0.01117	0.00977
27	0.18020	0.04241	0.25130	0.02704	0.03961	0.02798	0.02966	0.08860	0.07324	0.09159	0.02638	0.02778	0.01877	0.01251	0.01070	0.00379	0.01376	0.00931	0.00803	0.01733
28	0.04290	0.02904	0.03805	0.03327	0.08258	0.08129	0.07631	0.09337	0.03329	0.24166	0.03278	0.03343	0.02286	0.01438	0.01580	0.00387	0.08521	0.01140	0.01039	0.01813

[dist]
# distance from previous block
# <min> <max>
0	1

[block]
# block no. 7 follows, 9 sequences, length 33
# corresponding to MSA columns:
# 536-568
name=unknown_H
#
# <colnr> <probs for GDERKNQSTAVLIFYWHMCP>
#	G	D	E	R	K	N	Q	S	T	A	V	L	I	F	Y	W	H	M	C	P
0	0.02816	0.03032	0.04965	0.21766	0.11089	0.08194	0.18219	0.03580	0.02646	0.03410	0.02173	0.03032	0.01706	0.01213	0.01530	0.00400	0.06989	0.01161	0.00575	0.01503
1	0.36818	0.08777	0.03446	0.09242	0.09550	0.02983	0.06548	0.03540	0.02305	0.04481	0.01884	0.02367	0.01497	0.01101	0.00930	0.00364	0.01229	0.00834	0.00660	0.01443
2	0.02272	0.02138	0.03609	0.54825	0.08287	0.02673	0.03341	0.03074	0.02406	0.03074	0.02138	0.03208	0.01604	0.01203	0.01203	0.00401	0.01604	0.01069	0.00535	0.01337
3	0.02613	0.03442	0.15674	0.19461	0.10576	0.02837	0.07750	0.04192	0.13368	0.03894	0.02844	0.03327	0.02132	0.01257	0.01215	0.00394	0.01517	0.01131	0.00706	0.01671
4	0.32655	0.02173	0.02333	0.01890	0.02738	0.02185	0.01560	0.04821	0.02818	0.30587	0.03370	0.03136	0.02227	0.01322	0.01001	0.00372	0.00982	0.00960	0.01155	0.01714
5	0.19856	0.02114	0.02549	0.02008	0.02894	0.01990	0.01658	0.05310	0.03112	0.40193	0.04016	0.03586	0.02580	0.01401	0.01099	0.00372	0.01002	0.01077	0.01312	0.01871
6	0.01496	0.01187	0.01345	0.01379	0.01689	0.01036	0.01006	0.01843	0.02808	0.03580	0.19750	0.20109	0.32405	0.03056	0.01444	0.00416	0.00618	0.02632	0.01165	0.01036
7	0.01668	0.01228	0.01560	0.01477	0.01776	0.01120	0.01108	0.02203	0.03324	0.04630	0.44958	0.09307	0.16093	0.02532	0.01419	0.00382	0.00573	0.02221	0.01299	0.01120
8	0.02272	0.02138	0.03609	0.54825	0.08287	0.02673	0.03341	0.03074	0.02406	0.03074	0.02138	0.03208	0.01604	0.01203	0.01203	0.00401	0.01604	0.01069	0.00535	0.01337
9	0.02840	0.03245	0.07099	0.05071	0.06288	0.03043	0.45842	0.03854	0.02840	0.03854	0.02434	0.03245	0.01826	0.01014	0.01420	0.00406	0.02028	0.01420	0.00609	0.01623
10	0.01422	0.01219	0.01219	0.01219	0.01625	0.01016	0.00914	0.01727	0.02742	0.03250	0.12188	0.11579	0.49723	0.03047	0.01422	0.00406	0.00609	0.02539	0.01117	0.01016
11	0.04029	0.03099	0.03304	0.02658	0.03523	0.03477	0.02155	0.32481	0.20263	0.06704	0.03581	0.03440	0.02607	0.01509	0.01211	0.00377	0.01196	0.01179	0.01211	0.01997
12	0.04494	0.05734	0.03410	0.03100	0.03719	0.52886	0.02325	0.04804	0.03410	0.02945	0.01860	0.02170	0.01550	0.01240	0.01085	0.00310	0.02170	0.00775	0.00620	0.01395
13	0.02495	0.02138	0.02495	0.01782	0.02851	0.01604	0.01426	0.03029	0.02495	0.03921	0.02138	0.02495	0.01782	0.00891	0.00891	0.00178	0.00891	0.00713	0.00713	0.65072
14	0.01827	0.01326	0.01797	0.02045	0.02310	0.01296	0.01731	0.02312	0.02710	0.03499	0.07013	0.18671	0.11545	0.03349	0.01621	0.00530	0.01005	0.33221	0.01110	0.01082
15	0.05398	0.02048	0.02792	0.02141	0.03071	0.01768	0.01768	0.05863	0.03444	0.51045	0.04747	0.04095	0.02978	0.01489	0.01210	0.00372	0.01024	0.01210	0.01489	0.02048
16	0.66215	0.02327	0.01768	0.01582	0.02327	0.02699	0.01303	0.03537	0.02048	0.05398	0.01675	0.01954	0.01303	0.01117	0.00745	0.00372	0.00931	0.00651	0.00745	0.01303
17	0.02833	0.02417	0.02583	0.02333	0.02964	0.02763	0.01809	0.05884	0.42524	0.05007	0.10417	0.05045	0.04621	0.01735	0.01248	0.00404	0.00905	0.01461	0.01237	0.01809
18	0.03217	0.58441	0.06305	0.02059	0.03088	0.04761	0.02059	0.03603	0.02445	0.02831	0.01673	0.01930	0.01544	0.01029	0.00772	0.00257	0.01287	0.00643	0.00515	0.01544
