[name]
unknown

[dist]
# distance from previous block
# <min> <max>
0	37

[block]
# block no. 0 follows, 13 sequences, length 77
# corresponding to MSA columns:
# 37-113
name=unknown_A
#
# <colnr> <probs for GDERKNQSTAVLIFYWHMCP>
#	G	D	E	R	K	N	Q	S	T	A	V	L	I	F	Y	W	H	M	C	P
0	0.01946	0.01595	0.06846	0.01737	0.02076	0.01341	0.01475	0.02321	0.02001	0.08094	0.03647	0.06472	0.03642	0.21538	0.18990	0.00963	0.01572	0.11994	0.00743	0.01007
1	0.04018	0.04760	0.02949	0.02651	0.03220	0.53680	0.02001	0.04302	0.02999	0.07276	0.01853	0.02053	0.01470	0.01108	0.00963	0.00277	0.01820	0.00714	0.00611	0.01275
2	0.01804	0.00940	0.01410	0.01410	0.01429	0.00959	0.00959	0.01429	0.01410	0.01899	0.01937	0.03309	0.01918	0.04104	0.09646	0.62407	0.01112	0.00940	0.00470	0.00508
3	0.01538	0.01025	0.01153	0.01153	0.01153	0.01025	0.00641	0.01538	0.01538	0.02050	0.03331	0.06919	0.03844	0.62842	0.05382	0.01025	0.01025	0.01538	0.00641	0.00641
4	0.01288	0.00920	0.01227	0.01472	0.01534	0.00859	0.00981	0.01472	0.02024	0.02699	0.05828	0.62152	0.06993	0.03312	0.01350	0.00429	0.00613	0.03006	0.00981	0.00859
5	0.01250	0.01071	0.01071	0.01071	0.01428	0.00893	0.00803	0.01517	0.02410	0.02856	0.10711	0.10175	0.55817	0.02678	0.01250	0.00357	0.00536	0.02231	0.00982	0.00893
6	0.01416	0.01100	0.01321	0.01328	0.01611	0.00957	0.00959	0.01728	0.02383	0.03180	0.18498	0.27782	0.21874	0.02597	0.01238	0.00357	0.00580	0.02277	0.00988	0.07824
7	0.01455	0.01079	0.01356	0.01287	0.01554	0.00980	0.00965	0.01915	0.02895	0.04007	0.48125	0.08281	0.17685	0.02248	0.01247	0.00337	0.00505	0.01966	0.01133	0.00980
8	0.03550	0.01830	0.02280	0.01925	0.02576	0.01805	0.01559	0.04760	0.18625	0.31605	0.08528	0.04836	0.03727	0.01568	0.01119	0.00352	0.00855	0.05688	0.01194	0.01618
9	0.01841	0.01172	0.01439	0.01319	0.01677	0.01036	0.01008	0.02254	0.02809	0.10686	0.34442	0.08071	0.23807	0.02217	0.01224	0.00340	0.00563	0.01904	0.01124	0.01069
10	0.01439	0.01079	0.01333	0.01270	0.01544	0.00973	0.00952	0.01884	0.02857	0.03916	0.45173	0.08430	0.20693	0.02282	0.01248	0.00338	0.00507	0.01987	0.01121	0.00973
11	0.02031	0.01206	0.01544	0.01388	0.01754	0.01080	0.01066	0.02479	0.02909	0.13326	0.39706	0.07489	0.15710	0.02090	0.01215	0.00335	0.00575	0.01811	0.01161	0.01123
12	0.10283	0.02390	0.02668	0.02111	0.02894	0.02528	0.01728	0.25429	0.11256	0.22800	0.03237	0.03018	0.02217	0.01279	0.01024	0.00328	0.00996	0.00989	0.01105	0.01719
13	0.02625	0.01324	0.01678	0.01488	0.01953	0.01155	0.01150	0.02968	0.02671	0.23638	0.14517	0.16118	0.20050	0.02183	0.01195	0.00354	0.00681	0.01868	0.01135	0.01248
14	0.01300	0.00947	0.01225	0.01421	0.01526	0.00873	0.00965	0.01516	0.02136	0.02831	0.10070	0.52816	0.12155	0.03162	0.01332	0.00415	0.00597	0.02845	0.00995	0.00873
15	0.02288	0.01336	0.01716	0.01537	0.01928	0.01261	0.01180	0.02978	0.07750	0.15522	0.35996	0.10677	0.07530	0.01996	0.01199	0.00341	0.00626	0.01744	0.01173	0.01224
16	0.01662	0.01062	0.01420	0.01513	0.01702	0.00985	0.01100	0.01976	0.02398	0.07553	0.18761	0.38439	0.07336	0.02811	0.01310	0.00401	0.00640	0.06894	0.01055	0.00982
17	0.02897	0.01342	0.01786	0.01630	0.02069	0.01186	0.01234	0.03193	0.02523	0.28030	0.05451	0.30622	0.08915	0.02326	0.01208	0.00376	0.00741	0.02037	0.01134	0.01300
18	0.16509	0.01759	0.01807	0.01563	0.02096	0.01851	0.01243	0.11752	0.07322	0.08787	0.11788	0.04874	0.12669	0.01599	0.00996	0.00324	0.00750	0.01271	0.09766	0.01273
19	0.03627	0.03431	0.02577	0.02224	0.02802	0.28670	0.01724	0.15454	0.03307	0.08523	0.02442	0.02622	0.01852	0.01180	0.00943	0.00282	0.01352	0.00841	0.14785	0.01362
20	0.01376	0.01013	0.01289	0.01353	0.01540	0.00926	0.00964	0.01713	0.02513	0.03413	0.28896	0.30567	0.15117	0.02707	0.01290	0.00376	0.00551	0.02407	0.01063	0.00926
21	0.01510	0.01133	0.01699	0.01699	0.01888	0.01322	0.01322	0.01888	0.01699	0.02454	0.02832	0.04154	0.02643	0.07930	0.58652	0.01699	0.02832	0.01133	0.00566	0.00944
22	0.01344	0.01006	0.01249	0.01334	0.01523	0.00910	0.00945	0.01646	0.02417	0.03216	0.22522	0.33078	0.19338	0.02805	0.01294	0.00382	0.00559	0.02484	0.01038	0.00910
23	0.01318	0.00943	0.01254	0.01452	0.01540	0.00879	0.00984	0.01547	0.02163	0.02920	0.12982	0.54367	0.07421	0.03147	0.01335	0.00415	0.00597	0.02849	0.01008	0.00879
24	0.01416	0.01078	0.01302	0.01246	0.01530	0.00963	0.00934	0.01840	0.02803	0.03790	0.41051	0.08639	0.24895	0.02330	0.01248	0.00341	0.00511	0.02016	0.01105	0.00963
25	0.02748	0.03326	0.14286	0.02733	0.03214	0.11246	0.02530	0.03208	0.02085	0.07830	0.01791	0.02356	0.01489	0.01511	0.02357	0.00395	0.34161	0.00872	0.00551	0.01311
26	0.01526	0.01073	0.01396	0.01396	0.01480	0.01157	0.00944	0.01693	0.01609	0.02230	0.03109	0.05689	0.03310	0.38420	0.29073	0.01325	0.01829	0.01358	0.00608	0.00776
27	0.02554	0.02720	0.05593	0.04072	0.05052	0.02599	0.43846	0.07386	0.02696	0.03640	0.02470	0.03608	0.02007	0.01098	0.01250	0.00364	0.01661	0.05350	0.00616	0.01418
28	0.02313	0.02313	0.03238	0.02776	0.02776	0.03238	0.02313	0.02545	0.01619	0.02545	0.01388	0.02313	0.01388	0.01851	0.03470	0.00463	0.60907	0.00925	0.00463	0.01157
29	0.02192	0.01879	0.02192	0.01566	0.02506	0.01409	0.01253	0.02662	0.02192	0.03445	0.01879	0.02192	0.01566	0.00783	0.00783	0.00157	0.00783	0.00626	0.00626	0.69305
30	0.02397	0.12943	0.45149	0.02828	0.04203	0.08358	0.03446	0.03413	0.02299	0.03160	0.01815	0.02130	0.01344	0.01000	0.00957	0.00314	0.01541	0.00743	0.00457	0.01502
31	0.02827	0.63478	0.05540	0.01809	0.02714	0.04184	0.01809	0.03166	0.02148	0.02488	0.01470	0.01696	0.01357	0.00905	0.00678	0.00226	0.01131	0.00565	0.00452	0.01357
32	0.02259	0.02244	0.03336	0.46881	0.14804	0.07052	0.02912	0.02915	0.02235	0.02813	0.01876	0.02711	0.01448	0.01041	0.01047	0.00340	0.01426	0.00919	0.00485	0.01259
33	0.03950	0.05039	0.02996	0.02724	0.03269	0.58597	0.02043	0.04222	0.02996	0.02588	0.01634	0.01907	0.01362	0.01090	0.00953	0.00272	0.01907	0.00681	0.00545	0.01226
34	0.02496	0.02852	0.06239	0.04456	0.05526	0.02674	0.52406	0.03387	0.02496	0.03387	0.02139	0.02852	0.01604	0.00891	0.01248	0.00357	0.01783	0.01248	0.00535	0.01426
35	0.04671	0.01917	0.02526	0.01937	0.02758	0.01728	0.01600	0.09964	0.03223	0.51890	0.04006	0.03492	0.02534	0.01305	0.01063	0.00326	0.00926	0.01052	0.01283	0.01799
36	0.01804	0.00940	0.01410	0.01410	0.01429	0.00959	0.00959	0.01429	0.01410	0.01899	0.01937	0.03309	0.01918	0.04104	0.09646	0.62407	0.01112	0.00940	0.00470	0.00508
37	0.01490	0.01033	0.01211	0.01210	0.01295	0.00997	0.00757	0.01633	0.01957	0.02640	0.15657	0.11462	0.09039	0.40779	0.03878	0.00781	0.00844	0.01778	0.00806	0.00754
38	0.02192	0.01879	0.02192	0.01566	0.02506	0.01409	0.01253	0.02662	0.02192	0.03445	0.01879	0.02192	0.01566	0.00783	0.00783	0.00157	0.00783	0.00626	0.00626	0.69305
39	0.02617	0.02512	0.04292	0.06490	0.56246	0.02512	0.03245	0.03245	0.02407	0.03454	0.01989	0.02617	0.01675	0.00942	0.01047	0.00314	0.01256	0.00942	0.00523	0.01675
40	0.01275	0.01034	0.01132	0.01188	0.01464	0.00891	0.00860	0.01537	0.02351	0.02906	0.12384	0.23051	0.40633	0.02804	0.01274	0.00374	0.00553	0.02405	0.00993	0.00891
41	0.01441	0.01079	0.01337	0.01272	0.01546	0.00974	0.00954	0.01888	0.02862	0.03930	0.45621	0.08408	0.20237	0.02277	0.01248	0.00338	0.00507	0.01984	0.01123	0.00974
42	0.01496	0.01081	0.01413	0.01330	0.01580	0.00998	0.00998	0.01995	0.02993	0.04240	0.55689	0.07898	0.09976	0.02162	0.01247	0.00333	0.00499	0.01912	0.01164	0.00998
43	0.01419	0.01045	0.01218	0.01221	0.01484	0.00937	0.00898	0.01785	0.02563	0.03473	0.26800	0.16163	0.26016	0.02432	0.01215	0.00348	0.00528	0.02101	0.07415	0.00937
44	0.01828	0.01404	0.01634	0.01636	0.01906	0.01457	0.01179	0.06567	0.13468	0.03487	0.09676	0.33242	0.08916	0.06608	0.01523	0.00432	0.00718	0.02212	0.01001	0.01108
45	0.56644	0.02234	0.01888	0.01605	0.02299	0.02559	0.01323	0.13336	0.02453	0.05140	0.01692	0.01887	0.01280	0.01041	0.00737	0.00325	0.00889	0.00651	0.00737	0.01280
46	0.01403	0.01024	0.01287	0.01452	0.01595	0.00963	0.01049	0.01638	0.02108	0.02730	0.06302	0.34510	0.15149	0.11659	0.01933	0.00514	0.00733	0.12164	0.00931	0.00857
47	0.03211	0.02250	0.02458	0.02071	0.02728	0.02477	0.01650	0.16680	0.30041	0.12527	0.03776	0.03553	0.02744	0.01357	0.01038	0.00333	0.00893	0.01097	0.07459	0.01657
48	0.01309	0.00978	0.01218	0.01360	0.01516	0.00886	0.00943	0.01558	0.02251	0.02956	0.14099	0.42480	0.18588	0.03002	0.01312	0.00399	0.00579	0.02672	0.01008	0.00886
49	0.04636	0.01972	0.02560	0.01963	0.02785	0.01810	0.01622	0.12209	0.03315	0.49515	0.03929	0.03441	0.02496	0.01303	0.01062	0.00326	0.00939	0.01047	0.01271	0.01799
50	0.01773	0.01672	0.05692	0.01504	0.01941	0.01421	0.01241	0.06331	0.07855	0.03539	0.17247	0.07376	0.24808	0.10835	0.01790	0.00443	0.00757	0.01746	0.00947	0.01082
51	0.07268	0.01033	0.01384	0.01441	0.01526	0.01046	0.01009	0.01599	0.01629	0.02356	0.02939	0.16286	0.03197	0.03321	0.03057	0.43837	0.00849	0.04959	0.00625	0.00639
52	0.03402	0.02405	0.02640	0.02193	0.02903	0.02652	0.01757	0.19951	0.30804	0.13744	0.03742	0.03458	0.02690	0.01363	0.01068	0.00341	0.00947	0.01099	0.01109	0.01732
53	0.01365	0.01076	0.01232	0.01193	0.01499	0.00942	0.00895	0.01742	0.02684	0.03506	0.31825	0.09106	0.34298	0.02435	0.01248	0.00346	0.00518	0.02082	0.01067	0.00942
54	0.01288	0.00920	0.01227	0.01472	0.01534	0.00859	0.00981	0.01472	0.02024	0.02699	0.05828	0.62152	0.06993	0.03312	0.01350	0.00429	0.00613	0.03006	0.00981	0.00859
55	0.01382	0.00987	0.01335	0.01579	0.01682	0.00940	0.01145	0.01634	0.02117	0.02804	0.05776	0.50811	0.06788	0.03224	0.01375	0.00442	0.00695	0.13421	0.00980	0.00885
56	0.01439	0.00993	0.01227	0.01322	0.01362	0.00985	0.00829	0.01541	0.01739	0.02335	0.04256	0.28069	0.04963	0.35233	0.08250	0.00851	0.01016	0.02072	0.00766	0.00750
57	0.02192	0.01879	0.02192	0.01566	0.02506	0.01409	0.01253	0.02662	0.02192	0.03445	0.01879	0.02192	0.01566	0.00783	0.00783	0.00157	0.00783	0.00626	0.00626	0.69305
58	0.01288	0.00920	0.01227	0.01472	0.01534	0.00859	0.00981	0.01472	0.02024	0.02699	0.05828	0.62152	0.06993	0.03312	0.01350	0.00429	0.00613	0.03006	0.00981	0.00859
59	0.02827	0.63478	0.05540	0.01809	0.02714	0.04184	0.01809	0.03166	0.02148	0.02488	0.01470	0.01696	0.01357	0.00905	0.00678	0.00226	0.01131	0.00565	0.00452	0.01357
60	0.01756	0.01142	0.01475	0.01356	0.01663	0.01037	0.01029	0.02228	0.02947	0.08671	0.47508	0.07717	0.13153	0.02131	0.01231	0.00334	0.00536	0.01866	0.01161	0.01058
61	0.09692	0.01818	0.02386	0.01844	0.02650	0.01616	0.01523	0.04998	0.02934	0.53037	0.03968	0.03457	0.02506	0.01284	0.01032	0.00327	0.00894	0.01026	0.01259	0.01750
62	0.03950	0.05039	0.02996	0.02724	0.03269	0.58597	0.02043	0.04222	0.02996	0.02588	0.01634	0.01907	0.01362	0.01090	0.00953	0.00272	0.01907	0.00681	0.00545	0.01226
63	0.02512	0.02607	0.03253	0.24150	0.04820	0.12692	0.09427	0.03615	0.13180	0.03278	0.07426	0.03365	0.02608	0.01221	0.01087	0.00338	0.01351	0.01080	0.00683	0.01306
64	0.03558	0.02650	0.03615	0.06748	0.08299	0.11129	0.12650	0.04068	0.02666	0.23888	0.02746	0.02918	0.01931	0.01189	0.01309	0.00338	0.06945	0.01010	0.00824	0.01519
65	0.04612	0.02011	0.02585	0.01982	0.02805	0.01868	0.01637	0.13825	0.03381	0.47805	0.03874	0.03405	0.02468	0.01301	0.01062	0.00325	0.00948	0.01043	0.01263	0.01799
66	0.01971	0.00985	0.00985	0.00985	0.01232	0.00985	0.00739	0.02464	0.02217	0.03942	0.03449	0.03942	0.02710	0.01232	0.00739	0.00246	0.00493	0.00985	0.68712	0.00985
67	0.03828	0.15713	0.07479	0.02208	0.03091	0.06637	0.01981	0.21872	0.03489	0.19522	0.02668	0.02596	0.01874	0.01172	0.00968	0.00299	0.01161	0.00871	0.00921	0.01650
68	0.07312	0.12906	0.06534	0.02003	0.02743	0.02171	0.04843	0.07041	0.02571	0.17261	0.03272	0.15140	0.02922	0.01544	0.01013	0.00318	0.00984	0.01300	0.00863	0.07260
69	0.03749	0.22509	0.03806	0.02161	0.02999	0.07459	0.01871	0.25112	0.03585	0.13374	0.02396	0.02395	0.01759	0.01144	0.00928	0.00286	0.01165	0.00825	0.00865	0.01612
70	0.01340	0.01048	0.01214	0.01230	0.01498	0.00922	0.00900	0.01671	0.02539	0.03296	0.25038	0.18610	0.31688	0.02616	0.01266	0.00362	0.00537	0.02261	0.01043	0.00922
71	0.02599	0.02034	0.02238	0.01755	0.02474	0.01952	0.01410	0.20893	0.03332	0.04561	0.08206	0.04592	0.14802	0.01504	0.01027	0.00276	0.00845	0.01214	0.00909	0.23375
72	0.01747	0.01898	0.08994	0.07637	0.02794	0.01388	0.01638	0.02229	0.02192	0.03132	0.08074	0.26363	0.04383	0.01954	0.01103	0.00322	0.00856	0.01726	0.00773	0.20795
73	0.04087	0.02852	0.03106	0.02381	0.03224	0.03117	0.01967	0.48253	0.04788	0.11390	0.02692	0.02638	0.01875	0.01273	0.01058	0.00318	0.01139	0.00962	0.01081	0.01798
74	0.03916	0.08074	0.08336	0.02052	0.02904	0.02120	0.01861	0.11327	0.03028	0.34517	0.03338	0.03178	0.02254	0.01805	0.05984	0.00435	0.01193	0.00978	0.01041	0.01660
75	0.01971	0.00985	0.00985	0.00985	0.01232	0.00985	0.00739	0.02464	0.02217	0.03942	0.03449	0.03942	0.02710	0.01232	0.00739	0.00246	0.00493	0.00985	0.68712	0.00985
76	0.02824	0.09216	0.11257	0.09873	0.03736	0.07041	0.02271	0.12467	0.22291	0.04081	0.02843	0.02924	0.02138	0.01214	0.01010	0.00327	0.01185	0.00957	0.00797	0.01547

[dist]
# distance from previous block
# <min> <max>
0	1

[block]
# block no. 1 follows, 13 sequences, length 78
# corresponding to MSA columns:
# 115-192
name=unknown_B
#
# <colnr> <probs for GDERKNQSTAVLIFYWHMCP>
#	G	D	E	R	K	N	Q	S	T	A	V	L	I	F	Y	W	H	M	C	P
0	0.02987	0.02192	0.02401	0.02106	0.02741	0.02448	0.01653	0.05540	0.45679	0.13290	0.04281	0.03886	0.03125	0.01413	0.01074	0.00353	0.00847	0.01173	0.01115	0.01695
1	0.01318	0.00956	0.01251	0.01475	0.01576	0.00890	0.01023	0.01532	0.02089	0.02749	0.06227	0.53771	0.11091	0.03228	0.01350	0.00428	0.00635	0.06560	0.00981	0.00871
2	0.02192	0.01879	0.02192	0.01566	0.02506	0.01409	0.01253	0.02662	0.02192	0.03445	0.01879	0.02192	0.01566	0.00783	0.00783	0.00157	0.00783	0.00626	0.00626	0.69305
3	0.01783	0.01307	0.01762	0.01965	0.02238	0.01338	0.01701	0.02483	0.06866	0.03272	0.05488	0.11245	0.05841	0.02794	0.01428	0.00476	0.00962	0.45036	0.00982	0.01033
4	0.02321	0.14525	0.21779	0.07712	0.07881	0.02781	0.02719	0.03374	0.09343	0.03144	0.02181	0.02609	0.01743	0.01668	0.05695	0.00437	0.07241	0.00867	0.00554	0.01428
5	0.02534	0.08209	0.19389	0.03184	0.04266	0.02501	0.22570	0.03550	0.06474	0.08070	0.03000	0.03279	0.05739	0.01135	0.01105	0.00338	0.01425	0.01115	0.00647	0.01471
6	0.01304	0.00945	0.01204	0.01402	0.01491	0.00876	0.00934	0.01482	0.02027	0.02664	0.06164	0.51963	0.12117	0.08053	0.01664	0.00470	0.00638	0.02802	0.00954	0.00845
7	0.01837	0.00918	0.01377	0.01377	0.01377	0.00918	0.00918	0.01377	0.01377	0.01837	0.01837	0.03214	0.01837	0.03673	0.04132	0.69238	0.00918	0.00918	0.00459	0.00459
8	0.01539	0.01453	0.05996	0.01782	0.02067	0.01370	0.01494	0.01966	0.01769	0.02545	0.03015	0.08957	0.02913	0.06996	0.49266	0.01484	0.02544	0.01265	0.00593	0.00985
9	0.04392	0.01871	0.02425	0.01879	0.02664	0.01692	0.01546	0.10110	0.03192	0.47218	0.04501	0.03994	0.06673	0.01411	0.01077	0.00328	0.00900	0.01142	0.01256	0.01729
10	0.01723	0.01278	0.01480	0.01423	0.01750	0.01270	0.01096	0.02598	0.11412	0.03891	0.27690	0.07428	0.15985	0.02067	0.01166	0.00342	0.00599	0.05430	0.10283	0.01089
11	0.01522	0.01088	0.01470	0.01470	0.01579	0.01197	0.01035	0.01741	0.01631	0.02284	0.03042	0.05316	0.03148	0.31016	0.36256	0.01416	0.02072	0.01303	0.00598	0.00816
12	0.01515	0.01178	0.01356	0.01390	0.01689	0.01108	0.01070	0.02013	0.06924	0.03057	0.11526	0.13410	0.31246	0.02700	0.01502	0.05751	0.00669	0.09989	0.00961	0.00946
13	0.03791	0.02136	0.02500	0.01998	0.02736	0.02164	0.01624	0.18650	0.12193	0.27519	0.04440	0.04074	0.08343	0.01469	0.01084	0.00333	0.00926	0.01182	0.01160	0.01678
14	0.02725	0.02634	0.02213	0.02159	0.02589	0.20468	0.01737	0.03394	0.08377	0.06715	0.04419	0.07022	0.07645	0.02021	0.01207	0.00381	0.01232	0.21014	0.00865	0.01184
15	0.01718	0.01090	0.01383	0.01451	0.01628	0.01025	0.01036	0.01950	0.02154	0.07368	0.09151	0.27445	0.10227	0.17797	0.02331	0.00564	0.00778	0.09053	0.00937	0.00915
16	0.02192	0.01228	0.01602	0.01445	0.01816	0.01102	0.01105	0.02622	0.02862	0.15935	0.35580	0.11982	0.12083	0.02117	0.01215	0.00342	0.00603	0.01846	0.01164	0.01158
17	0.01445	0.01074	0.01452	0.01592	0.01777	0.01080	0.01226	0.01769	0.02089	0.02767	0.05648	0.26189	0.12681	0.04414	0.17357	0.00787	0.01309	0.13566	0.00864	0.00915
18	0.02263	0.01486	0.01814	0.01680	0.02105	0.01485	0.01334	0.03302	0.14732	0.12001	0.23998	0.07176	0.10717	0.02031	0.01214	0.00365	0.00717	0.09199	0.01119	0.01263
19	0.01884	0.01120	0.01340	0.01263	0.01395	0.01079	0.00802	0.02013	0.01947	0.08471	0.12258	0.06718	0.04743	0.45825	0.04208	0.00831	0.00922	0.01549	0.00803	0.00829
20	0.02177	0.01224	0.01539	0.01416	0.01800	0.01080	0.01076	0.02538	0.02678	0.16329	0.22506	0.16650	0.20259	0.02292	0.01221	0.00354	0.00625	0.01980	0.01118	0.01139
21	0.01869	0.01153	0.01445	0.01374	0.01697	0.01026	0.01028	0.02238	0.02669	0.11298	0.27548	0.18194	0.19649	0.02384	0.01240	0.00356	0.00588	0.02076	0.01105	0.01062
22	0.01347	0.01075	0.01206	0.01174	0.01488	0.00934	0.00880	0.01706	0.02640	0.03403	0.28495	0.09275	0.37692	0.02474	0.01249	0.00347	0.00521	0.02105	0.01054	0.00934
23	0.02192	0.01879	0.02192	0.01566	0.02506	0.01409	0.01253	0.02662	0.02192	0.03445	0.01879	0.02192	0.01566	0.00783	0.00783	0.00157	0.00783	0.00626	0.00626	0.69305
24	0.01615	0.00997	0.01211	0.01211	0.01211	0.00997	0.00712	0.01496	0.01496	0.01995	0.02945	0.05961	0.03325	0.47546	0.05059	0.18659	0.00997	0.01377	0.00594	0.00594
25	0.03195	0.02100	0.02349	0.02012	0.02654	0.02278	0.01593	0.08430	0.34215	0.17548	0.04085	0.03764	0.02939	0.01376	0.01045	0.00339	0.00847	0.01130	0.06441	0.01659
26	0.01488	0.01126	0.01366	0.01501	0.01674	0.01104	0.01063	0.02003	0.07835	0.02894	0.06129	0.38922	0.13341	0.08310	0.01675	0.00469	0.00694	0.06501	0.00961	0.00944
27	0.01538	0.01025	0.01153	0.01153	0.01153	0.01025	0.00641	0.01538	0.01538	0.02050	0.03331	0.06919	0.03844	0.62842	0.05382	0.01025	0.01025	0.01538	0.00641	0.00641
28	0.01553	0.01081	0.01523	0.01523	0.01642	0.01201	0.01101	0.01741	0.01622	0.02282	0.02851	0.04765	0.02865	0.21655	0.38877	0.08965	0.02154	0.01214	0.00574	0.00812
29	0.01510	0.01133	0.01699	0.01699	0.01888	0.01322	0.01322	0.01888	0.01699	0.02454	0.02832	0.04154	0.02643	0.07930	0.58652	0.01699	0.02832	0.01133	0.00566	0.00944
30	0.02121	0.05469	0.57364	0.03014	0.04576	0.02455	0.03906	0.03348	0.02232	0.03348	0.01897	0.02232	0.01339	0.01005	0.01005	0.00335	0.01563	0.00781	0.00446	0.01563
31	0.08721	0.02360	0.03781	0.02803	0.03698	0.02270	0.18769	0.12049	0.03069	0.26930	0.03023	0.03037	0.02035	0.01137	0.01094	0.00335	0.01234	0.01071	0.00959	0.01625
32	0.02764	0.58283	0.10181	0.01917	0.02880	0.04029	0.01997	0.03182	0.02156	0.02565	0.01508	0.01744	0.01355	0.00914	0.00708	0.00236	0.01169	0.00585	0.00452	0.01375
33	0.03441	0.02921	0.07808	0.02371	0.03121	0.02954	0.02053	0.38689	0.04082	0.05532	0.02477	0.02976	0.01950	0.08075	0.01720	0.00408	0.05914	0.00999	0.00910	0.01599
34	0.02594	0.44349	0.22630	0.02206	0.03328	0.03614	0.02501	0.03226	0.02176	0.02771	0.01611	0.01873	0.01351	0.00938	0.00786	0.00262	0.01273	0.00637	0.00450	0.01425
35	0.02834	0.07009	0.02267	0.01729	0.02162	0.01690	0.01377	0.07139	0.02364	0.17925	0.03098	0.04265	0.02637	0.07830	0.11800	0.15769	0.01289	0.04831	0.00820	0.01165
36	0.03007	0.02443	0.02607	0.02184	0.02886	0.02716	0.01737	0.19444	0.34976	0.05007	0.03562	0.03370	0.02654	0.01328	0.01045	0.00328	0.00930	0.01072	0.01031	0.07674
37	0.02190	0.01416	0.02007	0.01812	0.02149	0.01369	0.05646	0.02728	0.06906	0.11849	0.08400	0.21047	0.04883	0.16550	0.02222	0.00537	0.00899	0.05350	0.00938	0.01104
38	0.18491	0.01593	0.01719	0.06693	0.02306	0.01712	0.01228	0.07871	0.02220	0.03718	0.02691	0.08575	0.02526	0.11143	0.01834	0.05877	0.00874	0.01113	0.12189	0.05628
39	0.07787	0.02465	0.04520	0.16631	0.13958	0.02547	0.24620	0.03390	0.06984	0.03448	0.02198	0.02813	0.01682	0.00992	0.01109	0.00346	0.01450	0.01070	0.00576	0.01413
40	0.02428	0.02319	0.03950	0.22918	0.41298	0.02462	0.03151	0.03079	0.02318	0.03224	0.01955	0.02679	0.01594	0.00977	0.01050	0.00326	0.01303	0.00941	0.00507	0.01522
41	0.02027	0.01341	0.01631	0.01523	0.01857	0.01306	0.01141	0.06321	0.06804	0.08458	0.21881	0.17086	0.13841	0.02385	0.01469	0.06240	0.00677	0.01876	0.01039	0.01097
42	0.01847	0.01544	0.02397	0.03190	0.20046	0.01531	0.01846	0.02305	0.02393	0.03348	0.16559	0.17983	0.05387	0.02705	0.07544	0.00511	0.01076	0.05773	0.00826	0.01187
43	0.20230	0.02909	0.02760	0.02237	0.02930	0.09146	0.01826	0.30846	0.03684	0.05389	0.02077	0.02247	0.01554	0.01228	0.01153	0.00327	0.06262	0.00826	0.00851	0.01519
44	0.13991	0.02345	0.02638	0.02052	0.02858	0.02431	0.01694	0.25740	0.03701	0.27267	0.03061	0.02859	0.02043	0.01244	0.01001	0.00323	0.01004	0.00943	0.01103	0.01703
45	0.07640	0.01564	0.01792	0.01689	0.02048	0.01623	0.01254	0.11030	0.07238	0.08019	0.08180	0.29747	0.04978	0.06384	0.01462	0.00421	0.00785	0.01971	0.00993	0.01183
46	0.01732	0.01089	0.01436	0.01551	0.01731	0.01031	0.01155	0.01947	0.02134	0.06921	0.05443	0.29726	0.09609	0.09591	0.02012	0.05943	0.00792	0.14323	0.00926	0.00909
47	0.01837	0.00918	0.01377	0.01377	0.01377	0.00918	0.00918	0.01377	0.01377	0.01837	0.01837	0.03214	0.01837	0.03673	0.04132	0.69238	0.00918	0.00918	0.00459	0.00459
48	0.02774	0.02250	0.06916	0.01980	0.02642	0.02095	0.01695	0.11600	0.20394	0.12185	0.14575	0.04813	0.08267	0.01597	0.01113	0.00340	0.00867	0.01328	0.01063	0.01505
49	0.07920	0.01456	0.01733	0.01552	0.02011	0.01395	0.01206	0.03160	0.07209	0.18637	0.15013	0.10576	0.13187	0.06064	0.01431	0.00399	0.00742	0.04000	0.01068	0.01243
50	0.40632	0.01906	0.01837	0.01632	0.02239	0.02071	0.01338	0.07594	0.02370	0.13261	0.02809	0.07937	0.02447	0.01457	0.00901	0.00352	0.00863	0.06226	0.00859	0.01270
51	0.02311	0.01832	0.02029	0.01869	0.02289	0.02022	0.01424	0.09168	0.26728	0.04007	0.08779	0.09886	0.04324	0.12132	0.01872	0.00481	0.00869	0.05658	0.00992	0.01327
52	0.07872	0.01199	0.01482	0.01478	0.01745	0.01154	0.01095	0.02251	0.02421	0.09342	0.21055	0.24965	0.06649	0.06892	0.01531	0.00427	0.00685	0.05712	0.01021	0.01025
53	0.01712	0.01120	0.01361	0.01298	0.01569	0.01013	0.00940	0.02037	0.02530	0.08125	0.26851	0.12722	0.19786	0.11984	0.01899	0.00457	0.00638	0.01954	0.01031	0.00973
54	0.07783	0.01245	0.01378	0.01311	0.01565	0.01259	0.00935	0.02274	0.06762	0.03560	0.24462	0.06618	0.09932	0.18901	0.02296	0.00523	0.00706	0.01583	0.05950	0.00960
55	0.01400	0.01039	0.01287	0.01390	0.01580	0.00960	0.01018	0.01692	0.02318	0.03039	0.16146	0.27276	0.19014	0.07968	0.01666	0.00453	0.00661	0.09215	0.00986	0.00891
56	0.13748	0.01608	0.01802	0.01556	0.02084	0.01578	0.01229	0.08405	0.02825	0.17216	0.14924	0.10090	0.15042	0.01859	0.01093	0.00342	0.00740	0.01532	0.01052	0.01275
57	0.01352	0.00996	0.01281	0.01485	0.01627	0.00925	0.01074	0.01601	0.02158	0.02804	0.06609	0.44932	0.15044	0.03140	0.01351	0.00427	0.00661	0.10669	0.00980	0.00884
58	0.01873	0.01173	0.01365	0.01295	0.01675	0.01011	0.00978	0.02178	0.02522	0.12131	0.13848	0.16396	0.34655	0.02482	0.01232	0.00360	0.00604	0.02112	0.01057	0.01052
59	0.01340	0.01041	0.01235	0.01365	0.01595	0.00935	0.01020	0.01615	0.02274	0.02851	0.08068	0.29405	0.29628	0.02950	0.01322	0.00405	0.00638	0.10438	0.00980	0.00894
60	0.29748	0.01437	0.01382	0.01336	0.01692	0.01541	0.00999	0.02345	0.02127	0.03925	0.15718	0.14154	0.04681	0.08494	0.01442	0.00417	0.00707	0.01443	0.05419	0.00995
61	0.01263	0.01017	0.01127	0.01215	0.01466	0.00880	0.00867	0.01501	0.02271	0.02800	0.08954	0.28871	0.38256	0.02906	0.01286	0.00383	0.00564	0.02510	0.00982	0.00880
62	0.02390	0.01354	0.01639	0.01465	0.01945	0.01204	0.01172	0.02838	0.02370	0.12566	0.03774	0.09384	0.03347	0.01594	0.00973	0.00295	0.00716	0.09210	0.25630	0.16134
63	0.01546	0.01109	0.01664	0.01664	0.01832	0.01277	0.01277	0.01832	0.01664	0.02386	0.02722	0.04050	0.02554	0.07461	0.52646	0.09140	0.02621	0.01109	0.00555	0.00891
64	0.08259	0.01499	0.02026	0.05873	0.02551	0.01501	0.01458	0.03312	0.02393	0.24551	0.07395	0.09587	0.03394	0.03372	0.17147	0.00722	0.01411	0.01288	0.00947	0.01313
65	0.01586	0.01433	0.05399	0.01566	0.01796	0.01259	0.01204	0.02059	0.05772	0.02745	0.08084	0.20308	0.04698	0.22484	0.14003	0.00850	0.01260	0.01791	0.00775	0.00929
66	0.13626	0.01450	0.01580	0.01471	0.01905	0.01441	0.01127	0.02836	0.08143	0.11434	0.13712	0.15513	0.17606	0.02081	0.01119	0.00356	0.00677	0.01747	0.01013	0.01164
67	0.65639	0.02027	0.01618	0.01425	0.02091	0.02314	0.01174	0.03254	0.01887	0.08465	0.01665	0.01852	0.01250	0.01005	0.00683	0.00327	0.00824	0.00607	0.00701	0.01192
68	0.01882	0.02267	0.11391	0.02059	0.02523	0.06029	0.05282	0.02336	0.01907	0.02580	0.02658	0.04263	0.02553	0.19675	0.26756	0.01090	0.02011	0.01149	0.00561	0.01028
69	0.02862	0.01375	0.01842	0.01574	0.02052	0.01224	0.01233	0.03300	0.02938	0.26545	0.30240	0.09936	0.06636	0.01881	0.01176	0.00337	0.00677	0.01629	0.01212	0.01328
70	0.02392	0.14876	0.22230	0.02770	0.07393	0.02636	0.06478	0.06780	0.06631	0.03663	0.10956	0.03298	0.02994	0.01215	0.01014	0.00315	0.01215	0.01020	0.00671	0.01453
71	0.06427	0.01123	0.01426	0.01436	0.01564	0.01217	0.01003	0.01772	0.01652	0.02446	0.03105	0.10091	0.03293	0.26365	0.26053	0.06509	0.01693	0.01389	0.00628	0.00804
72	0.02550	0.11388	0.07692	0.02201	0.03093	0.02441	0.06250	0.08593	0.06574	0.03660	0.02072	0.02366	0.01664	0.01009	0.01071	0.00254	0.05314	0.00787	0.00650	0.30372
73	0.01659	0.01252	0.01514	0.01474	0.01748	0.01246	0.01087	0.02451	0.11730	0.03688	0.29384	0.16283	0.12749	0.02392	0.01440	0.05265	0.00612	0.01935	0.01047	0.01044
74	0.02819	0.02369	0.04146	0.03675	0.12753	0.02332	0.21904	0.03939	0.12841	0.11894	0.02959	0.03469	0.02276	0.05978	0.01478	0.00398	0.01306	0.01180	0.00771	0.01514
75	0.13086	0.02396	0.02944	0.06409	0.03356	0.02536	0.06692	0.25066	0.03442	0.09181	0.02626	0.07169	0.02106	0.01296	0.01017	0.00321	0.01095	0.01066	0.00883	0.07314
76	0.02569	0.01383	0.01790	0.01628	0.02024	0.01292	0.01234	0.06747	0.02820	0.19246	0.19003	0.25241	0.06141	0.02246	0.01214	0.00364	0.00708	0.01972	0.01134	0.01246
77	0.02317	0.02165	0.02868	0.15818	0.18464	0.06548	0.02228	0.03225	0.11485	0.03291	0.07812	0.03993	0.07233	0.01523	0.01310	0.05433	0.01114	0.01159	0.00701	0.01314

[dist]
# distance from previous block
# <min> <max>
2	107

[block]
# block no. 2 follows, 13 sequences, length 7
# corresponding to MSA columns:
# 300-306
name=unknown_C
#
# <colnr> <probs for GDERKNQSTAVLIFYWHMCP>
#	G	D	E	R	K	N	Q	S	T	A	V	L	I	F	Y	W	H	M	C	P
0	0.02141	0.01790	0.02268	0.01974	0.02366	0.05130	0.07360	0.07673	0.06202	0.03685	0.15296	0.12309	0.05005	0.10783	0.01791	0.00450	0.00960	0.05450	0.06246	0.01120
1	0.06971	0.02237	0.02441	0.02287	0.06758	0.05637	0.01651	0.16357	0.09367	0.07375	0.10753	0.10371	0.03714	0.01558	0.01063	0.00320	0.00945	0.01294	0.00940	0.07960
2	0.36568	0.08363	0.08834	0.01750	0.02573	0.02442	0.01624	0.03396	0.08679	0.04120	0.01948	0.02135	0.01520	0.01005	0.00772	0.00296	0.00934	0.00685	0.00660	0.11693
3	0.02150	0.04856	0.01978	0.01674	0.02073	0.01571	0.01305	0.02841	0.09428	0.09423	0.04278	0.12543	0.07358	0.09207	0.14930	0.00728	0.01300	0.05327	0.00848	0.06181
4	0.03456	0.08300	0.10874	0.02886	0.03821	0.13123	0.14677	0.09849	0.02949	0.16047	0.02480	0.02637	0.01764	0.01087	0.01049	0.00316	0.01445	0.00947	0.00762	0.01532
5	0.01971	0.00985	0.00985	0.00985	0.01232	0.00985	0.00739	0.02464	0.02217	0.03942	0.03449	0.03942	0.02710	0.01232	0.00739	0.00246	0.00493	0.00985	0.68712	0.00985
6	0.03201	0.26036	0.03780	0.02062	0.02825	0.11075	0.01783	0.20501	0.03292	0.04015	0.03053	0.03108	0.08493	0.01286	0.00923	0.00281	0.01175	0.00931	0.00746	0.01434

[dist]
# distance from previous block
# <min> <max>
3	7

[block]
# block no. 3 follows, 13 sequences, length 85
# corresponding to MSA columns:
# 314-398
name=unknown_D
#
# <colnr> <probs for GDERKNQSTAVLIFYWHMCP>
#	G	D	E	R	K	N	Q	S	T	A	V	L	I	F	Y	W	H	M	C	P
0	0.14574	0.09511	0.12874	0.02397	0.03186	0.26816	0.02165	0.03955	0.09076	0.03315	0.01978	0.02173	0.01557	0.01083	0.00903	0.00300	0.01454	0.00736	0.00604	0.01342
1	0.07511	0.01450	0.01971	0.06060	0.02411	0.01410	0.04297	0.02696	0.02490	0.13667	0.20633	0.05931	0.09717	0.12964	0.01913	0.00464	0.00847	0.01492	0.00949	0.01127
2	0.17772	0.01802	0.02247	0.06344	0.13631	0.01870	0.01685	0.02817	0.06971	0.03680	0.07655	0.11962	0.09087	0.01605	0.01018	0.00334	0.00863	0.01357	0.00772	0.06528
3	0.02961	0.02255	0.02423	0.02059	0.02683	0.02496	0.01622	0.18127	0.29707	0.08003	0.04323	0.04262	0.07551	0.05025	0.01333	0.00383	0.00916	0.01232	0.01052	0.01586
4	0.02776	0.08777	0.28572	0.03283	0.09931	0.06018	0.07007	0.14061	0.02903	0.03971	0.02018	0.02331	0.01500	0.01043	0.01012	0.00319	0.01446	0.00851	0.00600	0.01580
5	0.02608	0.02693	0.07593	0.02251	0.02912	0.08884	0.05618	0.12257	0.14974	0.04258	0.15495	0.04608	0.08169	0.01548	0.01117	0.00333	0.01059	0.01303	0.00923	0.01397
6	0.01764	0.00944	0.01323	0.01323	0.01323	0.00944	0.00851	0.01416	0.01416	0.01888	0.02198	0.04109	0.02322	0.17968	0.04434	0.52758	0.00944	0.01068	0.00503	0.00503
7	0.02838	0.02665	0.08128	0.03706	0.21121	0.02547	0.02429	0.08234	0.24426	0.07931	0.03151	0.03203	0.02373	0.01206	0.01057	0.00336	0.01075	0.01043	0.00846	0.01683
8	0.01551	0.01311	0.02099	0.01873	0.02198	0.01209	0.09497	0.01963	0.02460	0.03327	0.21815	0.28552	0.13020	0.02464	0.01288	0.00377	0.00761	0.02269	0.00966	0.01002
9	0.02090	0.08767	0.03436	0.53761	0.06771	0.02554	0.02810	0.02753	0.02118	0.02678	0.01833	0.02693	0.01404	0.01040	0.01015	0.00338	0.01378	0.00898	0.00468	0.01195
10	0.01919	0.01488	0.01738	0.01541	0.01981	0.01461	0.01182	0.03026	0.15459	0.04141	0.30715	0.05744	0.06460	0.01699	0.01094	0.00305	0.00625	0.01467	0.06425	0.11529
11	0.03573	0.02740	0.02922	0.02343	0.03109	0.03071	0.01902	0.37603	0.20815	0.05944	0.03105	0.02990	0.02257	0.01322	0.01064	0.00331	0.01059	0.01030	0.01064	0.01758
12	0.01426	0.01016	0.01148	0.01193	0.01286	0.00964	0.00740	0.01521	0.01825	0.02352	0.05463	0.17826	0.16199	0.38251	0.03703	0.00764	0.00838	0.01965	0.00781	0.00738
13	0.02077	0.01577	0.01806	0.01413	0.02129	0.01233	0.01116	0.02467	0.02347	0.08039	0.05314	0.05238	0.21497	0.01523	0.00979	0.00245	0.00703	0.01253	0.00818	0.38227
14	0.01834	0.01170	0.01494	0.01396	0.01726	0.01059	0.01081	0.02282	0.02855	0.09820	0.38451	0.08114	0.16612	0.02212	0.01243	0.00348	0.00586	0.05515	0.01135	0.01068
15	0.01510	0.01133	0.01699	0.01699	0.01888	0.01322	0.01322	0.01888	0.01699	0.02454	0.02832	0.04154	0.02643	0.07930	0.58652	0.01699	0.02832	0.01133	0.00566	0.00944
16	0.01892	0.01187	0.01489	0.01387	0.01742	0.01064	0.01079	0.02317	0.02799	0.11000	0.32776	0.08233	0.20738	0.02242	0.01240	0.00351	0.00601	0.05666	0.01120	0.01078
17	0.01791	0.01201	0.01436	0.01453	0.01824	0.01075	0.01187	0.02148	0.02487	0.09010	0.08278	0.10023	0.33313	0.02606	0.01299	0.00397	0.00722	0.17714	0.01016	0.01021
18	0.04497	0.01745	0.02375	0.01839	0.02614	0.01512	0.01512	0.04913	0.03024	0.52966	0.08091	0.03926	0.03177	0.01374	0.01077	0.00328	0.00869	0.01128	0.01298	0.01738
19	0.01423	0.01093	0.01324	0.01393	0.01664	0.00993	0.01091	0.01789	0.02507	0.03233	0.19220	0.15899	0.27503	0.02691	0.01312	0.00392	0.00644	0.13876	0.01022	0.00933
20	0.08172	0.02204	0.03314	0.02555	0.03288	0.02220	0.15425	0.12013	0.08848	0.12483	0.14159	0.04025	0.03728	0.01359	0.01122	0.00338	0.01087	0.01253	0.00946	0.01460
21	0.04176	0.02710	0.03018	0.02313	0.03154	0.02906	0.01911	0.42440	0.04551	0.17538	0.02891	0.02768	0.01975	0.01278	0.01059	0.00319	0.01106	0.00976	0.01112	0.01798
22	0.01732	0.01420	0.01530	0.01445	0.01813	0.01436	0.01076	0.02810	0.17649	0.03480	0.16287	0.07565	0.26142	0.08945	0.01660	0.00428	0.00672	0.01791	0.01005	0.01113
23	0.01927	0.01136	0.01460	0.01442	0.01728	0.01019	0.01055	0.02244	0.02507	0.12397	0.19250	0.29894	0.14702	0.02572	0.01258	0.00375	0.00620	0.02268	0.01085	0.01061
24	0.49101	0.02233	0.02008	0.01675	0.02388	0.02505	0.01381	0.14682	0.02640	0.09960	0.01964	0.02078	0.01430	0.01077	0.00784	0.00325	0.00905	0.00704	0.00807	0.01355
25	0.01837	0.00918	0.01377	0.01377	0.01377	0.00918	0.00918	0.01377	0.01377	0.01837	0.01837	0.03214	0.01837	0.03673	0.04132	0.69238	0.00918	0.00918	0.00459	0.00459
26	0.01434	0.01017	0.01240	0.01281	0.01400	0.00961	0.00847	0.01649	0.02161	0.02920	0.19629	0.22046	0.11097	0.24392	0.02765	0.00610	0.00722	0.02094	0.00911	0.00823
27	0.01296	0.00953	0.01215	0.01402	0.01521	0.00873	0.00955	0.01513	0.02146	0.02823	0.09814	0.50733	0.14596	0.03141	0.01328	0.00412	0.00594	0.02817	0.00993	0.00873
28	0.01515	0.01015	0.01160	0.01182	0.01188	0.01010	0.00672	0.01532	0.01582	0.02109	0.03560	0.11969	0.04132	0.57399	0.05013	0.00971	0.00987	0.01672	0.00672	0.00661
29	0.01899	0.01192	0.01612	0.01746	0.02014	0.01135	0.01426	0.02280	0.02390	0.09034	0.05897	0.24133	0.09805	0.02825	0.01370	0.00444	0.00836	0.27918	0.01014	0.01029
30	0.01787	0.01224	0.01526	0.01358	0.01746	0.01070	0.01038	0.02238	0.02812	0.08029	0.38406	0.07293	0.15863	0.02024	0.01181	0.00316	0.00568	0.01754	0.01086	0.08681
31	0.01530	0.01053	0.01297	0.01297	0.01347	0.01103	0.00820	0.01630	0.01580	0.02157	0.03200	0.06190	0.03527	0.48369	0.19422	0.01203	0.01501	0.01431	0.00621	0.00721
32	0.29861	0.01893	0.02109	0.01693	0.02448	0.01867	0.01397	0.04369	0.02556	0.36969	0.03137	0.02878	0.02053	0.01183	0.00907	0.00327	0.00868	0.00875	0.01058	0.01549
33	0.60263	0.02007	0.01692	0.01466	0.02145	0.02247	0.01208	0.03421	0.01987	0.12748	0.01886	0.02006	0.01371	0.01032	0.00717	0.00327	0.00830	0.00648	0.00755	0.01245
34	0.01435	0.01078	0.01328	0.01266	0.01542	0.00972	0.00949	0.01876	0.02848	0.03896	0.44510	0.08464	0.21369	0.02290	0.01248	0.00339	0.00508	0.01991	0.01119	0.00972
35	0.70310	0.02045	0.01554	0.01390	0.02045	0.02372	0.01145	0.03108	0.01799	0.04744	0.01472	0.01718	0.01145	0.00981	0.00654	0.00327	0.00818	0.00573	0.00654	0.01145
36	0.01455	0.01063	0.01364	0.01502	0.01686	0.01003	0.01141	0.01773	0.02311	0.03039	0.13771	0.26822	0.14552	0.07654	0.01671	0.00468	0.00722	0.16123	0.00979	0.00901
37	0.02332	0.01349	0.01716	0.01529	0.01895	0.01274	0.01155	0.06478	0.02907	0.14767	0.30447	0.12977	0.06939	0.07507	0.01579	0.00404	0.00693	0.01761	0.01116	0.01174
38	0.04457	0.01845	0.02452	0.01929	0.02705	0.01661	0.01601	0.08598	0.03131	0.49002	0.04154	0.04151	0.02818	0.01428	0.01093	0.00339	0.00926	0.04712	0.01264	0.01736
39	0.06793	0.01663	0.01676	0.01624	0.01986	0.07564	0.01200	0.02662	0.02393	0.14183	0.05556	0.30459	0.13330	0.02386	0.01183	0.00372	0.00818	0.02051	0.00980	0.01121
40	0.02192	0.01879	0.02192	0.01566	0.02506	0.01409	0.01253	0.02662	0.02192	0.03445	0.01879	0.02192	0.01566	0.00783	0.00783	0.00157	0.00783	0.00626	0.00626	0.69305
41	0.01343	0.01070	0.01216	0.01284	0.01569	0.00944	0.00980	0.01648	0.02400	0.02988	0.12798	0.18389	0.37154	0.02772	0.01296	0.00386	0.00609	0.09252	0.00995	0.00908
42	0.02934	0.58041	0.05328	0.01865	0.02764	0.04102	0.01827	0.07618	0.02402	0.02863	0.01566	0.01772	0.01396	0.00937	0.00712	0.00234	0.01134	0.00600	0.00507	0.01396
43	0.01952	0.01050	0.01458	0.01492	0.01623	0.01003	0.01051	0.01907	0.01866	0.08401	0.03792	0.23112	0.04070	0.07798	0.02780	0.28726	0.00831	0.05517	0.00777	0.00792
44	0.01307	0.01031	0.01179	0.01231	0.01486	0.00903	0.00889	0.01596	0.02414	0.03075	0.17892	0.24065	0.33674	0.02755	0.01277	0.00372	0.00550	0.02384	0.01016	0.00903
45	0.02403	0.02393	0.04284	0.21230	0.22009	0.02522	0.16446	0.03390	0.08152	0.03323	0.02257	0.02889	0.01751	0.01017	0.01108	0.00342	0.01398	0.01053	0.00573	0.01460
46	0.12898	0.08624	0.29485	0.08928	0.04074	0.02550	0.02850	0.07230	0.02432	0.08581	0.02055	0.02326	0.01472	0.01047	0.00941	0.00325	0.01307	0.00789	0.00607	0.01479
47	0.01535	0.01035	0.01203	0.01203	0.01220	0.01052	0.00703	0.01570	0.01552	0.02087	0.03286	0.06666	0.03734	0.57821	0.10252	0.01087	0.01190	0.01501	0.00634	0.00668
48	0.01389	0.01105	0.01395	0.06622	0.02065	0.01048	0.01145	0.01706	0.02308	0.02940	0.11964	0.27068	0.26197	0.02720	0.01283	0.00389	0.00672	0.06109	0.00952	0.00923
49	0.42551	0.02377	0.02404	0.01986	0.02671	0.06871	0.07064	0.07722	0.02325	0.07596	0.01917	0.02222	0.01469	0.01523	0.04956	0.00423	0.01193	0.00761	0.00702	0.01267
50	0.01997	0.01879	0.03171	0.60301	0.07282	0.02349	0.02936	0.02701	0.02114	0.02701	0.01879	0.02819	0.01409	0.01057	0.01057	0.00352	0.01409	0.00940	0.00470	0.01175
51	0.02192	0.01879	0.02192	0.01566	0.02506	0.01409	0.01253	0.02662	0.02192	0.03445	0.01879	0.02192	0.01566	0.00783	0.00783	0.00157	0.00783	0.00626	0.00626	0.69305
52	0.02274	0.02173	0.03779	0.29234	0.27171	0.02362	0.06943	0.02946	0.02290	0.03103	0.02212	0.03389	0.01870	0.01129	0.01097	0.00346	0.01344	0.04414	0.00533	0.01389
53	0.03594	0.02267	0.03456	0.04281	0.30056	0.02198	0.02457	0.08453	0.02885	0.25165	0.02912	0.03003	0.02063	0.01118	0.01054	0.00320	0.01105	0.00991	0.00886	0.01736
54	0.02048	0.01655	0.01896	0.01759	0.02173	0.01787	0.01362	0.03729	0.27363	0.04261	0.28184	0.06267	0.06529	0.01863	0.01179	0.00354	0.00689	0.04475	0.01110	0.01317
55	0.01250	0.01071	0.01071	0.01071	0.01428	0.00893	0.00803	0.01517	0.02410	0.02856	0.10711	0.10175	0.55817	0.02678	0.01250	0.00357	0.00536	0.02231	0.00982	0.00893
56	0.10327	0.02178	0.02286	0.01999	0.02647	0.02419	0.01571	0.05064	0.40291	0.08467	0.03782	0.03528	0.02814	0.01322	0.01004	0.00336	0.00835	0.01070	0.01011	0.07047
57	0.02412	0.02312	0.03881	0.21889	0.37720	0.02522	0.03081	0.03031	0.02259	0.03162	0.01909	0.02652	0.01575	0.01048	0.01242	0.00337	0.06038	0.00940	0.00503	0.01488
58	0.04019	0.02962	0.03173	0.02433	0.03279	0.03279	0.02010	0.52721	0.04971	0.06663	0.02538	0.02538	0.01798	0.01269	0.01058	0.00317	0.01163	0.00952	0.01058	0.01798
59	0.02201	0.04909	0.46429	0.03322	0.04779	0.02502	0.14280	0.03357	0.02289	0.03357	0.01949	0.02365	0.01396	0.00980	0.01057	0.00339	0.01610	0.00881	0.00465	0.01533
60	0.01510	0.01133	0.01699	0.01699	0.01888	0.01322	0.01322	0.01888	0.01699	0.02454	0.02832	0.04154	0.02643	0.07930	0.58652	0.01699	0.02832	0.01133	0.00566	0.00944
61	0.01636	0.08186	0.01808	0.01414	0.01833	0.01479	0.01161	0.02201	0.07133	0.03015	0.08151	0.08980	0.35764	0.02411	0.01209	0.00366	0.00710	0.10585	0.00930	0.01031
62	0.02169	0.10629	0.07766	0.43610	0.10337	0.02621	0.02882	0.02858	0.02151	0.02782	0.01833	0.02604	0.01418	0.01023	0.01000	0.00331	0.01371	0.00876	0.00470	0.01269
63	0.02093	0.01728	0.02484	0.34808	0.04926	0.02000	0.02138	0.08058	0.02499	0.03359	0.03685	0.04203	0.10856	0.01382	0.01041	0.00333	0.01095	0.01167	0.10978	0.01168
64	0.14902	0.01837	0.02314	0.01805	0.02598	0.01681	0.01491	0.04836	0.02836	0.48886	0.03753	0.03307	0.02389	0.01258	0.01000	0.00327	0.00887	0.00987	0.01207	0.01698
65	0.14014	0.02205	0.03460	0.16058	0.08531	0.02359	0.14082	0.03579	0.10189	0.07746	0.02640	0.03379	0.02070	0.01180	0.01060	0.00353	0.01235	0.03772	0.00706	0.01382
66	0.02239	0.14906	0.03274	0.02625	0.11547	0.02119	0.07277	0.02656	0.02377	0.07222	0.05342	0.10411	0.20336	0.01753	0.01087	0.00326	0.00960	0.01524	0.00767	0.01253
67	0.01264	0.01015	0.01129	0.01221	0.01468	0.00880	0.00870	0.01501	0.02266	0.02798	0.08887	0.29588	0.37582	0.02915	0.01287	0.00384	0.00565	0.02521	0.00982	0.00880
68	0.15010	0.01838	0.02313	0.01804	0.02597	0.01682	0.01490	0.04833	0.02834	0.48800	0.03749	0.03304	0.02387	0.01257	0.00999	0.00327	0.00887	0.00986	0.01206	0.01697
69	0.02031	0.02599	0.12806	0.24004	0.05236	0.02186	0.16260	0.02810	0.02341	0.03138	0.07214	0.03955	0.08215	0.01272	0.01137	0.00349	0.01368	0.01219	0.00596	0.01264
70	0.02539	0.11401	0.03759	0.30500	0.11101	0.02623	0.06407	0.03372	0.06957	0.07924	0.02277	0.02801	0.01720	0.01065	0.01016	0.00327	0.01281	0.00941	0.00609	0.01380
71	0.04150	0.01932	0.02436	0.01957	0.02713	0.01856	0.01588	0.05284	0.17445	0.42210	0.04208	0.03696	0.02789	0.01344	0.01067	0.00336	0.00882	0.01100	0.01243	0.01764
72	0.02441	0.02412	0.04395	0.05463	0.38518	0.02364	0.14246	0.03079	0.02385	0.03354	0.02452	0.09327	0.02253	0.01195	0.01127	0.00337	0.01305	0.01243	0.00577	0.01527
73	0.03285	0.11532	0.18934	0.02701	0.03786	0.02494	0.11640	0.07457	0.02726	0.21108	0.02677	0.02744	0.01844	0.01089	0.01028	0.00320	0.01298	0.00943	0.00791	0.01604
74	0.01376	0.01066	0.01148	0.01128	0.01448	0.00927	0.00846	0.01721	0.02538	0.03298	0.21240	0.09049	0.39650	0.02420	0.01203	0.00341	0.00523	0.02040	0.07112	0.00927
75	0.02095	0.01675	0.02441	0.02725	0.10657	0.01884	0.01893	0.02474	0.02222	0.06362	0.08380	0.16817	0.04469	0.02238	0.01860	0.00419	0.16697	0.12723	0.00808	0.01162
76	0.03281	0.03339	0.13216	0.02453	0.03248	0.17338	0.06120	0.03838	0.02743	0.18516	0.07717	0.07725	0.02958	0.01390	0.01076	0.00324	0.01314	0.01147	0.00834	0.01421
