[name]
unknown

[dist]
# distance from previous block
# <min> <max>
0	33

[block]
# block no. 0 follows, 13 sequences, length 53
# corresponding to MSA columns:
# 33-85
name=unknown_A
#
# <colnr> <probs for GDERKNQSTAVLIFYWHMCP>
#	G	D	E	R	K	N	Q	S	T	A	V	L	I	F	Y	W	H	M	C	P
0	0.01972	0.02154	0.11947	0.06527	0.07034	0.01598	0.05156	0.02506	0.02246	0.06675	0.04385	0.20082	0.08049	0.06541	0.01522	0.00433	0.01053	0.08166	0.00784	0.01170
1	0.02827	0.63478	0.05540	0.01809	0.02714	0.04184	0.01809	0.03166	0.02148	0.02488	0.01470	0.01696	0.01357	0.00905	0.00678	0.00226	0.01131	0.00565	0.00452	0.01357
2	0.01921	0.02042	0.06087	0.02548	0.11572	0.07962	0.01679	0.02283	0.02277	0.02931	0.07851	0.28280	0.08938	0.06878	0.01517	0.00417	0.00963	0.01963	0.00797	0.01092
3	0.02651	0.02348	0.03892	0.14997	0.33765	0.02441	0.06636	0.03569	0.08405	0.07226	0.02403	0.02893	0.01869	0.01041	0.01068	0.00330	0.01250	0.01003	0.00634	0.01576
4	0.02060	0.02065	0.03658	0.07669	0.03703	0.02313	0.18501	0.02534	0.02062	0.02878	0.02920	0.19305	0.03032	0.01879	0.01946	0.00409	0.19653	0.01616	0.00632	0.01163
5	0.03520	0.02714	0.02892	0.02332	0.03089	0.03046	0.01889	0.35809	0.22696	0.05859	0.03172	0.03043	0.02311	0.01329	0.01064	0.00332	0.01046	0.01039	0.01064	0.01753
6	0.03334	0.02126	0.06602	0.10120	0.15701	0.01856	0.02212	0.03861	0.02601	0.27947	0.03419	0.09946	0.02668	0.01403	0.01088	0.00340	0.01057	0.01225	0.00927	0.01569
7	0.02816	0.28734	0.21601	0.02321	0.03322	0.03136	0.02509	0.03440	0.02241	0.10639	0.01989	0.02216	0.01537	0.01105	0.01162	0.00303	0.08143	0.00749	0.00575	0.01464
8	0.01288	0.00920	0.01227	0.01472	0.01534	0.00859	0.00981	0.01472	0.02024	0.02699	0.05828	0.62152	0.06993	0.03312	0.01350	0.00429	0.00613	0.03006	0.00981	0.00859
9	0.02208	0.18081	0.39180	0.02547	0.03809	0.02678	0.03096	0.03151	0.02301	0.03257	0.08015	0.02766	0.02341	0.01116	0.00959	0.00310	0.01342	0.00863	0.00531	0.01451
10	0.02787	0.07576	0.16424	0.03426	0.10091	0.02475	0.17045	0.07475	0.02639	0.10821	0.02608	0.07195	0.02098	0.01196	0.01095	0.00335	0.01364	0.01141	0.00689	0.01519
11	0.01799	0.01435	0.02091	0.10179	0.10211	0.01577	0.01590	0.02119	0.01891	0.02668	0.03104	0.12590	0.03224	0.20470	0.10989	0.00752	0.05063	0.01436	0.05815	0.00997
12	0.01288	0.00920	0.01227	0.01472	0.01534	0.00859	0.00981	0.01472	0.02024	0.02699	0.05828	0.62152	0.06993	0.03312	0.01350	0.00429	0.00613	0.03006	0.00981	0.00859
13	0.02138	0.02055	0.03282	0.39462	0.09999	0.02617	0.02784	0.02701	0.01997	0.02718	0.01748	0.02658	0.01425	0.01274	0.01746	0.00381	0.18398	0.00936	0.00472	0.01210
14	0.02665	0.16355	0.17482	0.02139	0.02996	0.02436	0.02154	0.07217	0.06197	0.11185	0.03212	0.15505	0.02931	0.01581	0.01025	0.00331	0.01081	0.01302	0.00783	0.01425
15	0.02597	0.03667	0.26535	0.03437	0.10217	0.02356	0.13316	0.07189	0.02581	0.08889	0.02543	0.07290	0.02041	0.01206	0.01097	0.00342	0.01402	0.01114	0.00649	0.01533
16	0.41465	0.16551	0.02751	0.01758	0.02447	0.14291	0.01479	0.03349	0.02123	0.03792	0.01505	0.01751	0.01237	0.00986	0.00721	0.00293	0.01112	0.00593	0.00586	0.01209
17	0.01364	0.00978	0.01294	0.01421	0.01550	0.00909	0.00987	0.01662	0.02375	0.03257	0.23882	0.42507	0.08073	0.02896	0.01312	0.00394	0.00572	0.02610	0.01048	0.00909
18	0.01516	0.01110	0.01582	0.01582	0.01730	0.01258	0.01175	0.01813	0.01665	0.02368	0.02939	0.04748	0.02901	0.19725	0.47210	0.01554	0.02444	0.01220	0.00582	0.00879
19	0.02121	0.05469	0.57364	0.03014	0.04576	0.02455	0.03906	0.03348	0.02232	0.03348	0.01897	0.02232	0.01339	0.01005	0.01005	0.00335	0.01563	0.00781	0.00446	0.01563
20	0.03636	0.18409	0.03584	0.02102	0.02969	0.03071	0.01814	0.27778	0.03672	0.12772	0.02439	0.02444	0.01783	0.01132	0.00933	0.00279	0.01078	0.00836	0.00895	0.08374
21	0.02681	0.08239	0.03323	0.06300	0.03327	0.06301	0.11872	0.03139	0.02344	0.11155	0.02695	0.07691	0.02369	0.08304	0.01517	0.00374	0.01183	0.01128	0.00706	0.15353
22	0.02743	0.13756	0.34569	0.02705	0.03936	0.09334	0.03070	0.11354	0.02748	0.03663	0.01906	0.02163	0.01418	0.01042	0.00958	0.00308	0.01473	0.00765	0.00557	0.01531
23	0.02191	0.11218	0.52227	0.02894	0.04392	0.02627	0.03699	0.03330	0.02224	0.03263	0.01855	0.02179	0.01341	0.00995	0.00972	0.00324	0.01520	0.00760	0.00447	0.01542
24	0.03740	0.01505	0.01922	0.01557	0.02168	0.01348	0.01259	0.04179	0.02733	0.37774	0.03910	0.03723	0.02651	0.01281	0.00946	0.00298	0.00752	0.01035	0.25715	0.01505
25	0.02228	0.02787	0.17354	0.02381	0.03197	0.02009	0.07926	0.03489	0.14019	0.07111	0.11434	0.04427	0.07505	0.02096	0.06821	0.00479	0.01270	0.01262	0.00814	0.01389
26	0.01852	0.01743	0.02135	0.22918	0.03816	0.08069	0.01812	0.02235	0.02169	0.02687	0.03913	0.33708	0.04321	0.02239	0.01198	0.00383	0.01051	0.01989	0.00746	0.01016
27	0.01997	0.01879	0.03171	0.60301	0.07282	0.02349	0.02936	0.02701	0.02114	0.02701	0.01879	0.02819	0.01409	0.01057	0.01057	0.00352	0.01409	0.00940	0.00470	0.01175
28	0.02158	0.05210	0.52297	0.03157	0.04670	0.02477	0.08713	0.03352	0.02258	0.03352	0.01921	0.02294	0.01366	0.00993	0.01029	0.00337	0.01584	0.00828	0.00455	0.01549
29	0.02052	0.04568	0.44255	0.02765	0.03993	0.02362	0.03356	0.03062	0.02220	0.03283	0.05757	0.03068	0.05104	0.01274	0.01319	0.00351	0.08291	0.00955	0.00525	0.01440
30	0.01496	0.01081	0.01413	0.01330	0.01580	0.00998	0.00998	0.01995	0.02993	0.04240	0.55689	0.07898	0.09976	0.02162	0.01247	0.00333	0.00499	0.01912	0.01164	0.00998
31	0.01288	0.00920	0.01227	0.01472	0.01534	0.00859	0.00981	0.01472	0.02024	0.02699	0.05828	0.62152	0.06993	0.03312	0.01350	0.00429	0.00613	0.03006	0.00981	0.00859
32	0.70310	0.02045	0.01554	0.01390	0.02045	0.02372	0.01145	0.03108	0.01799	0.04744	0.01472	0.01718	0.01145	0.00981	0.00654	0.00327	0.00818	0.00573	0.00654	0.01145
33	0.02288	0.02922	0.22176	0.13817	0.04024	0.01877	0.02596	0.03022	0.02313	0.11001	0.03350	0.14238	0.03087	0.01688	0.01137	0.00371	0.01199	0.06832	0.00734	0.01328
34	0.01341	0.00983	0.01196	0.01321	0.01448	0.00906	0.00885	0.01534	0.02096	0.02739	0.10342	0.37251	0.16894	0.13588	0.02032	0.00512	0.00661	0.02498	0.00936	0.00838
35	0.02961	0.26499	0.03760	0.02197	0.02774	0.23307	0.01848	0.03274	0.02334	0.02522	0.01763	0.02254	0.01588	0.02285	0.11223	0.00521	0.06426	0.00736	0.00507	0.01221
36	0.07110	0.03267	0.20319	0.13704	0.04433	0.02442	0.06538	0.10435	0.06277	0.11589	0.02468	0.02717	0.01739	0.01114	0.01032	0.00337	0.01303	0.00927	0.00723	0.01526
37	0.01785	0.01090	0.01405	0.01497	0.01727	0.00988	0.01087	0.02039	0.02261	0.10143	0.06436	0.41014	0.14844	0.02897	0.01302	0.00408	0.00668	0.06379	0.01025	0.01002
38	0.01517	0.01128	0.01428	0.01474	0.01675	0.01098	0.01057	0.02124	0.07655	0.03579	0.28609	0.31430	0.07992	0.02597	0.01275	0.00378	0.00583	0.02323	0.01075	0.01003
39	0.02542	0.02722	0.05494	0.05234	0.24936	0.02612	0.33593	0.03332	0.02462	0.03413	0.02082	0.02762	0.01631	0.00911	0.01171	0.00340	0.01581	0.01131	0.00530	0.01521
40	0.02515	0.17916	0.25574	0.02531	0.03633	0.02867	0.06153	0.09096	0.07725	0.03601	0.02808	0.02969	0.05811	0.01176	0.00977	0.00313	0.01280	0.00936	0.00628	0.01491
41	0.01837	0.00918	0.01377	0.01377	0.01377	0.00918	0.00918	0.01377	0.01377	0.01837	0.01837	0.03214	0.01837	0.03673	0.04132	0.69238	0.00918	0.00918	0.00459	0.00459
42	0.01524	0.01155	0.01332	0.01273	0.01585	0.01076	0.00959	0.02117	0.06376	0.03745	0.32548	0.08139	0.25102	0.02226	0.01200	0.00337	0.00535	0.01908	0.05853	0.01008
43	0.02212	0.02130	0.03618	0.28366	0.21414	0.02418	0.06587	0.02814	0.02171	0.02969	0.02166	0.07056	0.01914	0.01266	0.01369	0.00359	0.08205	0.01114	0.00528	0.01324
44	0.33381	0.02121	0.02180	0.06220	0.02831	0.02343	0.01548	0.09620	0.10472	0.15696	0.02624	0.02630	0.01867	0.01158	0.00882	0.00333	0.00923	0.00842	0.00888	0.01440
45	0.02254	0.01353	0.01899	0.10424	0.02683	0.01320	0.01410	0.02765	0.02866	0.15073	0.36685	0.06222	0.07128	0.01814	0.01180	0.00334	0.00722	0.01586	0.01089	0.01193
46	0.03382	0.01913	0.02202	0.01807	0.02404	0.01955	0.01447	0.21273	0.03410	0.19093	0.03589	0.10066	0.02850	0.01506	0.01012	0.00315	0.00859	0.01228	0.18205	0.01485
47	0.03424	0.02527	0.12911	0.12408	0.03812	0.01944	0.02231	0.07830	0.02787	0.28866	0.03344	0.07909	0.02456	0.01368	0.01074	0.00341	0.01112	0.01138	0.00951	0.01567
48	0.02981	0.01926	0.02732	0.15803	0.08909	0.02076	0.02042	0.10727	0.02707	0.16978	0.03013	0.10197	0.02512	0.01671	0.01494	0.05605	0.05185	0.01223	0.00837	0.01382
49	0.02166	0.01991	0.03247	0.12422	0.30891	0.02103	0.02526	0.02682	0.02285	0.03203	0.06903	0.14457	0.03292	0.01571	0.01289	0.00353	0.05196	0.01413	0.00650	0.01359
50	0.58607	0.02573	0.01808	0.01626	0.02261	0.12288	0.01303	0.03304	0.02010	0.04364	0.01501	0.01751	0.01183	0.01001	0.00707	0.00317	0.01010	0.00592	0.00635	0.01159
51	0.01595	0.01404	0.01993	0.01857	0.02073	0.01532	0.04778	0.01883	0.02045	0.02731	0.05691	0.24600	0.18662	0.03203	0.08367	0.00558	0.13226	0.02027	0.00797	0.00978
52	0.07959	0.03119	0.09927	0.02138	0.03011	0.12103	0.01893	0.09274	0.10159	0.03893	0.02234	0.02404	0.01734	0.01033	0.00907	0.00262	0.01142	0.00773	0.00704	0.25332

[dist]
# distance from previous block
# <min> <max>
0	3

[block]
# block no. 1 follows, 13 sequences, length 52
# corresponding to MSA columns:
# 89-127,141-153
name=unknown_B
#
# <colnr> <probs for GDERKNQSTAVLIFYWHMCP>
#	G	D	E	R	K	N	Q	S	T	A	V	L	I	F	Y	W	H	M	C	P
0	0.02375	0.25376	0.07719	0.01730	0.02489	0.02543	0.01628	0.06039	0.02541	0.03504	0.13808	0.03443	0.03443	0.01223	0.00878	0.00255	0.00915	0.00953	0.06553	0.12586
1	0.01895	0.03876	0.37108	0.02511	0.03571	0.01939	0.02951	0.02813	0.02294	0.03304	0.07326	0.12402	0.03500	0.01692	0.01137	0.00369	0.01261	0.08061	0.00654	0.01335
2	0.02718	0.39924	0.12866	0.10376	0.03703	0.03570	0.02309	0.08002	0.02434	0.03060	0.01698	0.02020	0.01405	0.00977	0.00819	0.00270	0.01239	0.00690	0.00513	0.01406
3	0.03232	0.01727	0.02150	0.01687	0.02427	0.01488	0.01357	0.03860	0.06883	0.27800	0.08614	0.04248	0.08237	0.01379	0.01020	0.00285	0.00791	0.01139	0.01053	0.20622
4	0.02972	0.03033	0.02982	0.24808	0.04727	0.19095	0.02318	0.10783	0.12034	0.03537	0.02330	0.02710	0.01773	0.01164	0.01030	0.00325	0.01419	0.00911	0.00683	0.01367
5	0.03691	0.01490	0.01896	0.01541	0.02142	0.01338	0.01245	0.04132	0.02719	0.36842	0.03897	0.03729	0.02652	0.01279	0.00940	0.00296	0.00745	0.01034	0.26900	0.01490
6	0.03136	0.03602	0.03299	0.03739	0.18674	0.29671	0.02361	0.03523	0.02618	0.02956	0.05626	0.02611	0.02083	0.01237	0.01376	0.00317	0.10383	0.00884	0.00571	0.01331
7	0.01301	0.01015	0.01181	0.01262	0.01491	0.00895	0.00900	0.01571	0.02350	0.03002	0.15542	0.29571	0.30466	0.02842	0.01287	0.00381	0.00560	0.02478	0.01009	0.00895
8	0.01518	0.01101	0.01538	0.01538	0.01672	0.01234	0.01121	0.01785	0.01652	0.02335	0.02979	0.04968	0.02997	0.24100	0.42965	0.01501	0.02300	0.01252	0.00588	0.00855
9	0.02630	0.02271	0.02391	0.02152	0.02749	0.02630	0.01674	0.05618	0.54336	0.04423	0.04303	0.03945	0.03228	0.01434	0.01076	0.00359	0.00837	0.01195	0.01076	0.01674
10	0.01538	0.01025	0.01153	0.01153	0.01153	0.01025	0.00641	0.01538	0.01538	0.02050	0.03331	0.06919	0.03844	0.62842	0.05382	0.01025	0.01025	0.01538	0.00641	0.00641
11	0.70310	0.02045	0.01554	0.01390	0.02045	0.02372	0.01145	0.03108	0.01799	0.04744	0.01472	0.01718	0.01145	0.00981	0.00654	0.00327	0.00818	0.00573	0.00654	0.01145
12	0.04019	0.02962	0.03173	0.02433	0.03279	0.03279	0.02010	0.52721	0.04971	0.06663	0.02538	0.02538	0.01798	0.01269	0.01058	0.00317	0.01163	0.00952	0.01058	0.01798
13	0.01510	0.01133	0.01699	0.01699	0.01888	0.01322	0.01322	0.01888	0.01699	0.02454	0.02832	0.04154	0.02643	0.07930	0.58652	0.01699	0.02832	0.01133	0.00566	0.00944
14	0.01997	0.01879	0.03171	0.60301	0.07282	0.02349	0.02936	0.02701	0.02114	0.02701	0.01879	0.02819	0.01409	0.01057	0.01057	0.00352	0.01409	0.00940	0.00470	0.01175
15	0.01288	0.00920	0.01227	0.01472	0.01534	0.00859	0.00981	0.01472	0.02024	0.02699	0.05828	0.62152	0.06993	0.03312	0.01350	0.00429	0.00613	0.03006	0.00981	0.00859
16	0.70310	0.02045	0.01554	0.01390	0.02045	0.02372	0.01145	0.03108	0.01799	0.04744	0.01472	0.01718	0.01145	0.00981	0.00654	0.00327	0.00818	0.00573	0.00654	0.01145
17	0.01496	0.01081	0.01413	0.01330	0.01580	0.00998	0.00998	0.01995	0.02993	0.04240	0.55689	0.07898	0.09976	0.02162	0.01247	0.00333	0.00499	0.01912	0.01164	0.00998
18	0.02313	0.02313	0.03238	0.02776	0.02776	0.03238	0.02313	0.02545	0.01619	0.02545	0.01388	0.02313	0.01388	0.01851	0.03470	0.00463	0.60907	0.00925	0.00463	0.01157
19	0.63251	0.08471	0.01971	0.01434	0.02115	0.02561	0.01215	0.03114	0.01836	0.04508	0.01472	0.01715	0.01167	0.00973	0.00657	0.00317	0.00851	0.00572	0.00633	0.01167
20	0.02192	0.01879	0.02192	0.01566	0.02506	0.01409	0.01253	0.02662	0.02192	0.03445	0.01879	0.02192	0.01566	0.00783	0.00783	0.00157	0.00783	0.00626	0.00626	0.69305
21	0.45416	0.01952	0.01896	0.01577	0.02293	0.02061	0.01300	0.03884	0.02265	0.24576	0.02497	0.02432	0.01704	0.01106	0.00810	0.00327	0.00849	0.00759	0.00903	0.01393
22	0.11545	0.01917	0.02417	0.01874	0.02677	0.01777	0.01547	0.08719	0.03052	0.47517	0.03759	0.03318	0.02398	0.01271	0.01020	0.00326	0.00912	0.01003	0.01220	0.01731
23	0.02827	0.63478	0.05540	0.01809	0.02714	0.04184	0.01809	0.03166	0.02148	0.02488	0.01470	0.01696	0.01357	0.00905	0.00678	0.00226	0.01131	0.00565	0.00452	0.01357
24	0.01317	0.01093	0.01165	0.01201	0.01541	0.00941	0.00937	0.01617	0.02414	0.02902	0.09951	0.10436	0.48425	0.02714	0.01281	0.00376	0.00601	0.09202	0.00981	0.00905
25	0.02827	0.63478	0.05540	0.01809	0.02714	0.04184	0.01809	0.03166	0.02148	0.02488	0.01470	0.01696	0.01357	0.00905	0.00678	0.00226	0.01131	0.00565	0.00452	0.01357
26	0.02766	0.02339	0.02468	0.02179	0.02801	0.02694	0.01707	0.10251	0.49481	0.04643	0.04130	0.03806	0.03087	0.01418	0.01074	0.00355	0.00869	0.01171	0.01074	0.01686
27	0.01288	0.00920	0.01227	0.01472	0.01534	0.00859	0.00981	0.01472	0.02024	0.02699	0.05828	0.62152	0.06993	0.03312	0.01350	0.00429	0.00613	0.03006	0.00981	0.00859
28	0.01813	0.01017	0.01128	0.01100	0.01348	0.00990	0.00825	0.02308	0.02476	0.04041	0.20848	0.05259	0.05130	0.01541	0.00908	0.00275	0.00495	0.01294	0.46214	0.00990
29	0.01408	0.01056	0.01306	0.01289	0.01537	0.00953	0.00949	0.01807	0.02717	0.03692	0.37917	0.16158	0.20435	0.02448	0.01262	0.00352	0.00524	0.02144	0.01095	0.00953
30	0.70310	0.02045	0.01554	0.01390	0.02045	0.02372	0.01145	0.03108	0.01799	0.04744	0.01472	0.01718	0.01145	0.00981	0.00654	0.00327	0.00818	0.00573	0.00654	0.01145
31	0.02192	0.01879	0.02192	0.01566	0.02506	0.01409	0.01253	0.02662	0.02192	0.03445	0.01879	0.02192	0.01566	0.00783	0.00783	0.00157	0.00783	0.00626	0.00626	0.69305
32	0.02674	0.02271	0.03282	0.37380	0.10878	0.02648	0.02684	0.17993	0.03013	0.03982	0.02091	0.02714	0.01554	0.01110	0.01056	0.00338	0.01319	0.00944	0.00654	0.01414
33	0.02159	0.01734	0.02473	0.02211	0.02367	0.02225	0.01798	0.02471	0.01777	0.07189	0.02282	0.03258	0.02063	0.04559	0.28275	0.01011	0.29418	0.01031	0.00582	0.01116
34	0.02403	0.01254	0.01644	0.01513	0.01893	0.01118	0.01143	0.02763	0.02673	0.19736	0.21543	0.22075	0.11404	0.02276	0.01220	0.00361	0.00657	0.01993	0.01139	0.01192
35	0.03069	0.08294	0.03096	0.02270	0.02955	0.02602	0.06037	0.18398	0.17054	0.10045	0.03531	0.11831	0.02979	0.01553	0.01086	0.00340	0.01017	0.01321	0.00973	0.01550
36	0.01997	0.01879	0.03171	0.60301	0.07282	0.02349	0.02936	0.02701	0.02114	0.02701	0.01879	0.02819	0.01409	0.01057	0.01057	0.00352	0.01409	0.00940	0.00470	0.01175
37	0.02898	0.18110	0.26790	0.02651	0.03831	0.02796	0.07958	0.07133	0.02567	0.12289	0.02245	0.02419	0.01616	0.01038	0.00966	0.00309	0.01345	0.00838	0.00644	0.01556
38	0.13897	0.07340	0.23299	0.02275	0.03251	0.02367	0.02426	0.10208	0.02611	0.08543	0.02697	0.07895	0.02318	0.01397	0.01002	0.00343	0.01173	0.04803	0.00727	0.01430
39	0.02741	0.53261	0.05156	0.01971	0.02724	0.04026	0.01893	0.03062	0.02060	0.02497	0.01456	0.01799	0.01362	0.01063	0.01145	0.00266	0.11116	0.00625	0.00454	0.01323
40	0.01569	0.01014	0.01177	0.01177	0.01177	0.01014	0.00670	0.01521	0.01521	0.02028	0.03175	0.06532	0.03634	0.56653	0.05251	0.08160	0.01014	0.01473	0.00622	0.00622
41	0.01538	0.01025	0.01153	0.01153	0.01153	0.01025	0.00641	0.01538	0.01538	0.02050	0.03331	0.06919	0.03844	0.62842	0.05382	0.01025	0.01025	0.01538	0.00641	0.00641
42	0.70310	0.02045	0.01554	0.01390	0.02045	0.02372	0.01145	0.03108	0.01799	0.04744	0.01472	0.01718	0.01145	0.00981	0.00654	0.00327	0.00818	0.00573	0.00654	0.01145
43	0.02995	0.02781	0.08224	0.02140	0.02820	0.06850	0.01820	0.23926	0.07485	0.04452	0.02575	0.03325	0.02158	0.11645	0.01973	0.05523	0.01169	0.01004	0.00809	0.06327
44	0.09722	0.08819	0.38980	0.02575	0.03876	0.02432	0.03089	0.03596	0.02307	0.11940	0.02182	0.02356	0.01523	0.01043	0.00953	0.00325	0.01348	0.00788	0.00605	0.01541
45	0.02333	0.03463	0.25990	0.02963	0.11286	0.02112	0.02699	0.07171	0.02367	0.03459	0.01954	0.02444	0.01543	0.01345	0.01406	0.09875	0.01237	0.00808	0.00548	0.14997
46	0.02641	0.08711	0.03313	0.02587	0.02836	0.11123	0.02136	0.03272	0.09197	0.02806	0.01836	0.02422	0.01637	0.01591	0.02504	0.00398	0.38280	0.00893	0.00559	0.01258
47	0.07029	0.16693	0.06451	0.01583	0.02190	0.02292	0.01440	0.06718	0.07825	0.03852	0.02752	0.03027	0.02169	0.01144	0.00796	0.00270	0.00829	0.00861	0.30821	0.01258
48	0.01419	0.01021	0.01402	0.01554	0.01665	0.01043	0.01119	0.01671	0.01928	0.02615	0.04715	0.35149	0.05365	0.10425	0.17879	0.00851	0.01316	0.07159	0.00830	0.00873
49	0.02295	0.04252	0.33587	0.03685	0.05018	0.02557	0.26462	0.03366	0.02355	0.03366	0.02010	0.02521	0.01463	0.00952	0.01118	0.00345	0.01665	0.00998	0.00488	0.01499
50	0.28617	0.02038	0.02215	0.02136	0.06734	0.02237	0.01565	0.08777	0.09618	0.12171	0.02618	0.02824	0.01985	0.02152	0.09468	0.00533	0.01204	0.00884	0.00828	0.01396
51	0.02451	0.01812	0.02093	0.01926	0.02388	0.01896	0.01573	0.21165	0.03331	0.04375	0.05248	0.15733	0.12149	0.02316	0.01259	0.00394	0.00924	0.16701	0.01008	0.01257

[dist]
# distance from previous block
# <min> <max>
1	14

[block]
# block no. 2 follows, 13 sequences, length 28
# corresponding to MSA columns:
# 168-195
name=unknown_C
#
# <colnr> <probs for GDERKNQSTAVLIFYWHMCP>
#	G	D	E	R	K	N	Q	S	T	A	V	L	I	F	Y	W	H	M	C	P
0	0.01979	0.01852	0.03223	0.22396	0.04550	0.01965	0.13863	0.02804	0.05938	0.03521	0.21162	0.04700	0.04610	0.01434	0.01171	0.00347	0.01138	0.01374	0.00771	0.01204
1	0.03808	0.01829	0.02358	0.01766	0.02628	0.01501	0.01443	0.04239	0.02720	0.37336	0.03330	0.03083	0.02232	0.01116	0.00960	0.00265	0.00857	0.00903	0.01058	0.26569
2	0.01496	0.01081	0.01413	0.01330	0.01580	0.00998	0.00998	0.01995	0.02993	0.04240	0.55689	0.07898	0.09976	0.02162	0.01247	0.00333	0.00499	0.01912	0.01164	0.00998
3	0.02170	0.01867	0.02281	0.09297	0.03084	0.01676	0.01512	0.03044	0.09937	0.03562	0.06966	0.03034	0.02530	0.01036	0.00903	0.00227	0.00848	0.00864	0.00719	0.44443
4	0.12259	0.38665	0.10142	0.01895	0.02823	0.03317	0.01906	0.03504	0.02254	0.11827	0.01960	0.02070	0.01533	0.00992	0.00774	0.00268	0.01097	0.00672	0.00620	0.01423
5	0.04680	0.01902	0.02517	0.01930	0.02750	0.01706	0.01594	0.09333	0.03197	0.52557	0.04028	0.03506	0.02545	0.01305	0.01063	0.00326	0.00923	0.01053	0.01287	0.01799
6	0.01480	0.01088	0.01424	0.01406	0.01585	0.01123	0.01020	0.01781	0.02043	0.02811	0.15805	0.06431	0.11508	0.18936	0.25722	0.01059	0.01583	0.01546	0.00772	0.00878
7	0.01496	0.01081	0.01413	0.01330	0.01580	0.00998	0.00998	0.01995	0.02993	0.04240	0.55689	0.07898	0.09976	0.02162	0.01247	0.00333	0.00499	0.01912	0.01164	0.00998
8	0.02192	0.01879	0.02192	0.01566	0.02506	0.01409	0.01253	0.02662	0.02192	0.03445	0.01879	0.02192	0.01566	0.00783	0.00783	0.00157	0.00783	0.00626	0.00626	0.69305
9	0.01721	0.02655	0.21240	0.01990	0.02715	0.01535	0.02112	0.02452	0.02577	0.03613	0.24288	0.06738	0.11337	0.01921	0.01193	0.00359	0.00950	0.08560	0.00862	0.01183
10	0.01333	0.01029	0.01230	0.01369	0.01585	0.00926	0.01011	0.01598	0.02251	0.02836	0.07906	0.32272	0.27974	0.02980	0.01323	0.00407	0.00633	0.09468	0.00980	0.00890
11	0.12787	0.03059	0.16143	0.04414	0.30227	0.02374	0.02904	0.03457	0.02343	0.09457	0.02129	0.02500	0.01620	0.01003	0.00980	0.00322	0.01224	0.00863	0.00610	0.01583
12	0.01595	0.01227	0.01444	0.01523	0.01766	0.01215	0.01147	0.02221	0.09184	0.02982	0.06445	0.20670	0.18367	0.11907	0.01930	0.00506	0.00771	0.13189	0.00940	0.00971
13	0.02138	0.02573	0.12782	0.09082	0.27164	0.02048	0.02681	0.02826	0.02478	0.03499	0.14220	0.04230	0.07098	0.01347	0.01098	0.00328	0.01110	0.01212	0.00675	0.01411
14	0.01512	0.01032	0.01241	0.01262	0.01296	0.01055	0.00772	0.01584	0.01604	0.02167	0.03475	0.11334	0.03941	0.49485	0.12942	0.01073	0.01257	0.01606	0.00659	0.00705
15	0.02476	0.02281	0.02997	0.32202	0.12874	0.08388	0.02479	0.07309	0.02520	0.03332	0.02158	0.02830	0.01670	0.01088	0.00997	0.00319	0.01284	0.00920	0.10595	0.01281
16	0.70310	0.02045	0.01554	0.01390	0.02045	0.02372	0.01145	0.03108	0.01799	0.04744	0.01472	0.01718	0.01145	0.00981	0.00654	0.00327	0.00818	0.00573	0.00654	0.01145
17	0.01432	0.01058	0.01211	0.01184	0.01380	0.00974	0.00809	0.01679	0.02290	0.03019	0.22660	0.08284	0.22563	0.23824	0.02713	0.00586	0.00697	0.01882	0.00920	0.00837
18	0.02977	0.04005	0.28672	0.02954	0.04163	0.02657	0.10334	0.18363	0.03165	0.09037	0.02325	0.02536	0.01628	0.01094	0.01062	0.00332	0.01417	0.00927	0.00719	0.01634
19	0.01338	0.01089	0.01193	0.01207	0.01535	0.00944	0.00932	0.01665	0.02503	0.03105	0.17160	0.10012	0.43254	0.02624	0.01272	0.00367	0.00578	0.07296	0.01009	0.00918
20	0.02827	0.63478	0.05540	0.01809	0.02714	0.04184	0.01809	0.03166	0.02148	0.02488	0.01470	0.01696	0.01357	0.00905	0.00678	0.00226	0.01131	0.00565	0.00452	0.01357
21	0.01394	0.01026	0.01323	0.01482	0.01654	0.00955	0.01099	0.01697	0.02306	0.03037	0.13696	0.36041	0.15095	0.02968	0.01341	0.00415	0.00656	0.11900	0.01006	0.00907
22	0.02512	0.01232	0.01661	0.01617	0.01946	0.01105	0.01184	0.02776	0.02379	0.21928	0.05241	0.41409	0.05443	0.02603	0.01248	0.00393	0.00715	0.02318	0.01097	0.01192
23	0.01510	0.01133	0.01699	0.01699	0.01888	0.01322	0.01322	0.01888	0.01699	0.02454	0.02832	0.04154	0.02643	0.07930	0.58652	0.01699	0.02832	0.01133	0.00566	0.00944
24	0.03851	0.01775	0.02250	0.01826	0.02511	0.01681	0.01474	0.04787	0.13174	0.38312	0.08611	0.04064	0.03383	0.01402	0.01059	0.00328	0.00824	0.01158	0.05881	0.01649
25	0.03144	0.02602	0.03788	0.11367	0.04281	0.02784	0.15264	0.28047	0.03662	0.04984	0.02415	0.02784	0.01769	0.01136	0.01080	0.00327	0.01304	0.01031	0.06695	0.01538
26	0.01370	0.00978	0.01320	0.01565	0.01662	0.00929	0.01123	0.01613	0.02104	0.02790	0.05783	0.52324	0.06815	0.03236	0.01371	0.00441	0.00684	0.12031	0.00980	0.00881
27	0.09441	0.02046	0.02774	0.02077	0.02943	0.01841	0.07018	0.07763	0.02788	0.28426	0.02977	0.02897	0.02035	0.01091	0.00973	0.00284	0.00978	0.00915	0.00966	0.19768

[dist]
# distance from previous block
# <min> <max>
0	1

[block]
# block no. 3 follows, 13 sequences, length 92
# corresponding to MSA columns:
# 197-237,242-292
name=unknown_D
#
# <colnr> <probs for GDERKNQSTAVLIFYWHMCP>
#	G	D	E	R	K	N	Q	S	T	A	V	L	I	F	Y	W	H	M	C	P
0	0.01568	0.01177	0.01541	0.01596	0.01809	0.01224	0.01213	0.02123	0.06434	0.03032	0.12156	0.18206	0.08923	0.08052	0.17982	0.00815	0.01326	0.08975	0.00874	0.00976
1	0.02675	0.02276	0.02559	0.02038	0.02750	0.07938	0.05551	0.07623	0.09650	0.08232	0.10424	0.03894	0.06533	0.01309	0.01019	0.00277	0.00980	0.01103	0.00860	0.22312
2	0.02844	0.02211	0.02439	0.07585	0.03018	0.07008	0.01742	0.10271	0.16241	0.11088	0.07842	0.11975	0.03593	0.01687	0.01276	0.00356	0.05080	0.01377	0.00954	0.01414
3	0.01424	0.01044	0.01335	0.01334	0.01553	0.00956	0.00973	0.01828	0.02716	0.03750	0.39803	0.20139	0.14272	0.02472	0.01270	0.00357	0.00528	0.02188	0.01104	0.00956
4	0.02151	0.01879	0.02401	0.14094	0.03524	0.01610	0.01612	0.02671	0.02176	0.03287	0.01879	0.02326	0.01533	0.00841	0.00841	0.00198	0.00917	0.00693	0.00593	0.54773
5	0.02240	0.04481	0.43461	0.02665	0.03987	0.02156	0.03239	0.03249	0.02266	0.07066	0.02393	0.07474	0.01936	0.01203	0.01017	0.00326	0.01361	0.00978	0.00570	0.07933
6	0.07727	0.38890	0.04882	0.02353	0.03197	0.14190	0.09442	0.03396	0.02338	0.02801	0.01602	0.01912	0.01380	0.00943	0.00815	0.00262	0.01355	0.00691	0.00497	0.01327
7	0.01333	0.00952	0.01278	0.01524	0.01605	0.00898	0.01060	0.01550	0.02069	0.02749	0.05803	0.56723	0.06895	0.03270	0.01362	0.00436	0.00652	0.07992	0.00981	0.00871
8	0.02760	0.57986	0.10447	0.01923	0.02890	0.04020	0.02008	0.03183	0.02156	0.02569	0.01510	0.01747	0.01355	0.00914	0.00709	0.00236	0.01172	0.00586	0.00452	0.01376
9	0.01383	0.01039	0.01282	0.01300	0.01530	0.00937	0.00945	0.01747	0.02609	0.03514	0.32145	0.21793	0.20759	0.02574	0.01273	0.00362	0.00536	0.02261	0.01073	0.00937
10	0.24462	0.01969	0.01908	0.01633	0.02192	0.02173	0.01308	0.19129	0.02973	0.04988	0.02721	0.07771	0.02277	0.01343	0.00869	0.00311	0.00828	0.01016	0.18835	0.01293
11	0.08393	0.02750	0.03346	0.02567	0.03400	0.10764	0.11855	0.13509	0.03128	0.19527	0.02658	0.02723	0.01863	0.01112	0.01027	0.00307	0.01263	0.00945	0.00879	0.07983
12	0.02917	0.02115	0.02463	0.02087	0.02656	0.02345	0.01671	0.07833	0.25747	0.13593	0.04075	0.03928	0.06953	0.01520	0.01427	0.00352	0.09907	0.01159	0.00985	0.06268
13	0.03968	0.02365	0.02934	0.02568	0.07527	0.02478	0.01934	0.22624	0.07068	0.25996	0.03177	0.03047	0.02181	0.01311	0.01238	0.00334	0.05438	0.01010	0.01069	0.01732
14	0.01648	0.01345	0.01490	0.01406	0.01780	0.01321	0.01068	0.02611	0.14321	0.03699	0.25174	0.07965	0.27749	0.02215	0.01210	0.00349	0.00590	0.01885	0.01067	0.01106
15	0.01317	0.00940	0.01259	0.01505	0.01578	0.00883	0.01031	0.01521	0.02052	0.02731	0.05812	0.58720	0.06931	0.03286	0.01357	0.00433	0.00638	0.06158	0.00981	0.00867
16	0.02024	0.01938	0.03357	0.40208	0.05945	0.02295	0.09211	0.02665	0.02138	0.02810	0.02379	0.07215	0.02112	0.01376	0.01336	0.00377	0.06491	0.04405	0.00545	0.01172
17	0.26336	0.03167	0.02573	0.02280	0.02695	0.22154	0.01816	0.03321	0.02159	0.03318	0.01503	0.01967	0.01295	0.01287	0.01625	0.00350	0.19702	0.00719	0.00557	0.01177
18	0.02222	0.01107	0.01330	0.01315	0.01597	0.01042	0.00968	0.02592	0.02293	0.12893	0.04411	0.24296	0.04196	0.01975	0.01011	0.00325	0.00607	0.01708	0.33028	0.01085
19	0.02827	0.63478	0.05540	0.01809	0.02714	0.04184	0.01809	0.03166	0.02148	0.02488	0.01470	0.01696	0.01357	0.00905	0.00678	0.00226	0.01131	0.00565	0.00452	0.01357
20	0.02577	0.42962	0.23869	0.02235	0.03372	0.03572	0.02551	0.03231	0.02178	0.02792	0.01621	0.01886	0.01351	0.00940	0.00794	0.00265	0.01283	0.00642	0.00450	0.01430
21	0.03247	0.02239	0.03858	0.03084	0.08043	0.01989	0.19218	0.03854	0.02614	0.22614	0.02800	0.02960	0.01965	0.01022	0.01066	0.00300	0.01209	0.01024	0.00831	0.16063
22	0.18297	0.02657	0.02701	0.02163	0.02929	0.02983	0.01770	0.34771	0.11727	0.05906	0.02572	0.02571	0.01871	0.01231	0.00972	0.00326	0.01039	0.00906	0.00972	0.01637
23	0.01470	0.01080	0.01376	0.01302	0.01563	0.00986	0.00977	0.01944	0.02930	0.04090	0.50827	0.08144	0.14932	0.02217	0.01247	0.00335	0.00503	0.01947	0.01144	0.00986
24	0.02214	0.02101	0.03564	0.41428	0.24455	0.02406	0.03045	0.02892	0.02217	0.02965	0.01918	0.02748	0.01503	0.01017	0.01053	0.00339	0.01356	0.00940	0.00489	0.01350
25	0.04078	0.02868	0.03115	0.02388	0.03232	0.03140	0.01973	0.48879	0.04814	0.10727	0.02670	0.02624	0.01864	0.01272	0.01058	0.00318	0.01142	0.00961	0.01078	0.01798
26	0.01288	0.00920	0.01227	0.01472	0.01534	0.00859	0.00981	0.01472	0.02024	0.02699	0.05828	0.62152	0.06993	0.03312	0.01350	0.00429	0.00613	0.03006	0.00981	0.00859
27	0.04018	0.04761	0.02950	0.02651	0.03220	0.53695	0.02001	0.04302	0.02999	0.07262	0.01852	0.02052	0.01470	0.01108	0.00963	0.00277	0.01820	0.00714	0.00610	0.01275
28	0.70310	0.02045	0.01554	0.01390	0.02045	0.02372	0.01145	0.03108	0.01799	0.04744	0.01472	0.01718	0.01145	0.00981	0.00654	0.00327	0.00818	0.00573	0.00654	0.01145
29	0.01971	0.00985	0.00985	0.00985	0.01232	0.00985	0.00739	0.02464	0.02217	0.03942	0.03449	0.03942	0.02710	0.01232	0.00739	0.00246	0.00493	0.00985	0.68712	0.00985
30	0.01997	0.01879	0.03171	0.60301	0.07282	0.02349	0.02936	0.02701	0.02114	0.02701	0.01879	0.02819	0.01409	0.01057	0.01057	0.00352	0.01409	0.00940	0.00470	0.01175
31	0.01496	0.01081	0.01413	0.01330	0.01580	0.00998	0.00998	0.01995	0.02993	0.04240	0.55689	0.07898	0.09976	0.02162	0.01247	0.00333	0.00499	0.01912	0.01164	0.00998
32	0.03371	0.02106	0.02413	0.02057	0.02732	0.02253	0.01632	0.05455	0.36341	0.22855	0.04257	0.03823	0.03014	0.01390	0.01071	0.00348	0.00859	0.01149	0.01157	0.01718
33	0.02827	0.63478	0.05540	0.01809	0.02714	0.04184	0.01809	0.03166	0.02148	0.02488	0.01470	0.01696	0.01357	0.00905	0.00678	0.00226	0.01131	0.00565	0.00452	0.01357
34	0.02513	0.02291	0.03463	0.09043	0.03940	0.02465	0.15276	0.08270	0.23295	0.03975	0.03502	0.04555	0.02887	0.01448	0.01173	0.00372	0.01197	0.08020	0.00851	0.01465
35	0.01370	0.01020	0.01283	0.01386	0.01577	0.00933	0.01006	0.01683	0.02404	0.03191	0.20461	0.32202	0.18145	0.02831	0.01309	0.00392	0.00595	0.06267	0.01031	0.00913
36	0.01288	0.00920	0.01227	0.01472	0.01534	0.00859	0.00981	0.01472	0.02024	0.02699	0.05828	0.62152	0.06993	0.03312	0.01350	0.00429	0.00613	0.03006	0.00981	0.00859
37	0.02740	0.02354	0.03276	0.34804	0.14248	0.07032	0.02683	0.08556	0.02631	0.08385	0.02166	0.02754	0.01606	0.01087	0.01047	0.00333	0.01350	0.00932	0.00628	0.01389
38	0.01857	0.02929	0.22674	0.02355	0.03129	0.01803	0.06379	0.02812	0.07862	0.03289	0.07304	0.24967	0.04242	0.01972	0.01176	0.00374	0.01079	0.01763	0.00768	0.01265
39	0.01496	0.01081	0.01413	0.01330	0.01580	0.00998	0.00998	0.01995	0.02993	0.04240	0.55689	0.07898	0.09976	0.02162	0.01247	0.00333	0.00499	0.01912	0.01164	0.00998
40	0.02270	0.02277	0.06978	0.02268	0.08506	0.01720	0.01723	0.03036	0.06701	0.03522	0.02101	0.02392	0.01702	0.00874	0.00855	0.00206	0.00903	0.00722	0.00639	0.50606
41	0.03618	0.14095	0.03457	0.07178	0.03503	0.36461	0.02071	0.11484	0.03093	0.03216	0.01768	0.02044	0.01433	0.01084	0.00933	0.00278	0.01623	0.00725	0.00603	0.01332
42	0.02083	0.01990	0.03119	0.02862	0.08557	0.02220	0.09461	0.02540	0.02269	0.03262	0.15280	0.04394	0.07987	0.01675	0.01973	0.00369	0.21983	0.01297	0.00701	0.05977
43	0.03004	0.19584	0.18289	0.07724	0.03682	0.02722	0.02409	0.07799	0.02593	0.14302	0.02298	0.02445	0.01668	0.01051	0.00922	0.00291	0.01204	0.00799	0.00692	0.06521
44	0.03416	0.02258	0.07473	0.02263	0.03006	0.01977	0.06582	0.07270	0.07148	0.27762	0.11258	0.03925	0.03429	0.01419	0.01281	0.00343	0.05405	0.01178	0.01042	0.01565
45	0.01535	0.01034	0.01200	0.01200	0.01216	0.01051	0.00699	0.01568	0.01551	0.02085	0.03288	0.06681	0.03741	0.58122	0.09960	0.01083	0.01180	0.01503	0.00634	0.00667
46	0.01997	0.01879	0.03171	0.60301	0.07282	0.02349	0.02936	0.02701	0.02114	0.02701	0.01879	0.02819	0.01409	0.01057	0.01057	0.00352	0.01409	0.00940	0.00470	0.01175
47	0.02253	0.01563	0.01790	0.01657	0.02099	0.01592	0.01263	0.03495	0.20410	0.11118	0.12747	0.15373	0.16128	0.02094	0.01180	0.00362	0.00698	0.01796	0.01084	0.01297
48	0.04597	0.01832	0.02449	0.01900	0.02703	0.01629	0.01562	0.05185	0.06596	0.53323	0.04180	0.03623	0.02660	0.01317	0.01064	0.00329	0.00895	0.01072	0.01292	0.01791
49	0.01288	0.00920	0.01227	0.01472	0.01534	0.00859	0.00981	0.01472	0.02024	0.02699	0.05828	0.62152	0.06993	0.03312	0.01350	0.00429	0.00613	0.03006	0.00981	0.00859
50	0.02064	0.01948	0.03292	0.54484	0.12575	0.02367	0.02970	0.02760	0.02146	0.02783	0.01891	0.02797	0.01438	0.01045	0.01056	0.00348	0.01393	0.00940	0.00476	0.01229
51	0.03557	0.01625	0.02063	0.01715	0.02322	0.01521	0.01367	0.04311	0.09641	0.34269	0.08442	0.08158	0.03624	0.01525	0.01054	0.00327	0.00780	0.01276	0.10889	0.01534
52	0.01332	0.00988	0.01243	0.01361	0.01525	0.00899	0.00952	0.01609	0.02336	0.03107	0.19002	0.38932	0.17022	0.02909	0.01305	0.00392	0.00570	0.02590	0.01026	0.00899
53	0.02399	0.02290	0.03899	0.25362	0.39074	0.02455	0.03137	0.03054	0.02305	0.03190	0.01950	0.02688	0.01582	0.00982	0.01050	0.00327	0.01310	0.00941	0.00505	0.01499
54	0.01561	0.01265	0.01790	0.07244	0.02310	0.01427	0.01406	0.01864	0.02065	0.02853	0.11050	0.34065	0.05543	0.03225	0.07823	0.00552	0.10011	0.02149	0.00834	0.00961
55	0.01837	0.00918	0.01377	0.01377	0.01377	0.00918	0.00918	0.01377	0.01377	0.01837	0.01837	0.03214	0.01837	0.03673	0.04132	0.69238	0.00918	0.00918	0.00459	0.00459
56	0.04744	0.01799	0.02454	0.01881	0.02699	0.01554	0.01554	0.05153	0.03026	0.56979	0.04171	0.03599	0.02617	0.01309	0.01063	0.00327	0.00900	0.01063	0.01309	0.01799
57	0.03140	0.03392	0.21548	0.06765	0.07706	0.02380	0.09354	0.11207	0.02884	0.17270	0.02602	0.02767	0.01791	0.01105	0.01066	0.00333	0.01335	0.00961	0.00773	0.01622
58	0.01913	0.02239	0.10206	0.32232	0.05327	0.02045	0.07934	0.02609	0.02241	0.03006	0.07600	0.12179	0.03075	0.01477	0.01133	0.00360	0.01264	0.01356	0.00617	0.01189
59	0.01997	0.01879	0.03171	0.60301	0.07282	0.02349	0.02936	0.02701	0.02114	0.02701	0.01879	0.02819	0.01409	0.01057	0.01057	0.00352	0.01409	0.00940	0.00470	0.01175
60	0.63137	0.02368	0.01710	0.01535	0.02177	0.08450	0.01242	0.03228	0.01929	0.04511	0.01490	0.01738	0.01168	0.00993	0.00687	0.00321	0.00936	0.00584	0.00642	0.01154
61	0.01423	0.01078	0.01312	0.01253	0.01535	0.00966	0.00940	0.01853	0.02819	0.03828	0.42309	0.08575	0.23613	0.02315	0.01248	0.00340	0.00510	0.02007	0.01110	0.00966
62	0.01889	0.01409	0.01922	0.01810	0.02098	0.01617	0.01425	0.09558	0.02193	0.03090	0.02788	0.03910	0.02516	0.06925	0.49961	0.01491	0.02580	0.01106	0.00641	0.01073
63	0.04019	0.02962	0.03173	0.02433	0.03279	0.03279	0.02010	0.52721	0.04971	0.06663	0.02538	0.02538	0.01798	0.01269	0.01058	0.00317	0.01163	0.00952	0.01058	0.01798
64	0.03950	0.05039	0.02996	0.02724	0.03269	0.58597	0.02043	0.04222	0.02996	0.02588	0.01634	0.01907	0.01362	0.01090	0.00953	0.00272	0.01907	0.00681	0.00545	0.01226
65	0.01496	0.01081	0.01413	0.01330	0.01580	0.00998	0.00998	0.01995	0.02993	0.04240	0.55689	0.07898	0.09976	0.02162	0.01247	0.00333	0.00499	0.01912	0.01164	0.00998
66	0.02089	0.01745	0.02192	0.01985	0.02434	0.01869	0.04700	0.03733	0.26395	0.04048	0.19866	0.09864	0.05717	0.01906	0.01199	0.00369	0.00796	0.06719	0.01050	0.01323
67	0.70310	0.02045	0.01554	0.01390	0.02045	0.02372	0.01145	0.03108	0.01799	0.04744	0.01472	0.01718	0.01145	0.00981	0.00654	0.00327	0.00818	0.00573	0.00654	0.01145
68	0.01518	0.01102	0.01545	0.01545	0.01680	0.01238	0.01129	0.01789	0.01653	0.02340	0.02973	0.04936	0.02983	0.23473	0.43573	0.01508	0.02321	0.01247	0.00587	0.00858
69	0.01376	0.00957	0.01201	0.01360	0.01400	0.00917	0.00862	0.01495	0.01854	0.02471	0.04952	0.42781	0.05889	0.24190	0.02764	0.00638	0.00758	0.02491	0.00862	0.00782
70	0.70310	0.02045	0.01554	0.01390	0.02045	0.02372	0.01145	0.03108	0.01799	0.04744	0.01472	0.01718	0.01145	0.00981	0.00654	0.00327	0.00818	0.00573	0.00654	0.01145
71	0.70310	0.02045	0.01554	0.01390	0.02045	0.02372	0.01145	0.03108	0.01799	0.04744	0.01472	0.01718	0.01145	0.00981	0.00654	0.00327	0.00818	0.00573	0.00654	0.01145
72	0.01473	0.01080	0.01381	0.01306	0.01565	0.00988	0.00979	0.01950	0.02938	0.04109	0.51430	0.08114	0.14316	0.02210	0.01247	0.00335	0.00502	0.01942	0.01147	0.00988
73	0.03950	0.05039	0.02996	0.02724	0.03269	0.58597	0.02043	0.04222	0.02996	0.02588	0.01634	0.01907	0.01362	0.01090	0.00953	0.00272	0.01907	0.00681	0.00545	0.01226
74	0.01561	0.00919	0.01302	0.01425	0.01456	0.00888	0.00950	0.01425	0.01702	0.02269	0.03838	0.32778	0.04423	0.03492	0.02736	0.34723	0.00765	0.01965	0.00721	0.00660
75	0.04744	0.01799	0.02454	0.01881	0.02699	0.01554	0.01554	0.05153	0.03026	0.56979	0.04171	0.03599	0.02617	0.01309	0.01063	0.00327	0.00900	0.01063	0.01309	0.01799
76	0.01252	0.01061	0.01082	0.01098	0.01435	0.00890	0.00815	0.01514	0.02384	0.02846	0.10381	0.13692	0.52514	0.02721	0.01256	0.00362	0.00541	0.02284	0.00982	0.00890
77	0.01351	0.00965	0.01299	0.01544	0.01633	0.00913	0.01090	0.01581	0.02086	0.02769	0.05793	0.54573	0.06856	0.03253	0.01366	0.00438	0.00668	0.09966	0.00980	0.00876
78	0.01496	0.01081	0.01413	0.01330	0.01580	0.00998	0.00998	0.01995	0.02993	0.04240	0.55689	0.07898	0.09976	0.02162	0.01247	0.00333	0.00499	0.01912	0.01164	0.00998
79	0.04744	0.01799	0.02454	0.01881	0.02699	0.01554	0.01554	0.05153	0.03026	0.56979	0.04171	0.03599	0.02617	0.01309	0.01063	0.00327	0.00900	0.01063	0.01309	0.01799
80	0.01968	0.01752	0.02887	0.23492	0.17858	0.01990	0.02386	0.02525	0.02028	0.02800	0.02279	0.03288	0.01960	0.03710	0.23533	0.00868	0.01925	0.01016	0.00521	0.01214
81	0.01513	0.01159	0.01398	0.01356	0.01638	0.01094	0.01009	0.02132	0.06986	0.03783	0.36153	0.13939	0.19204	0.02340	0.01245	0.00351	0.00547	0.02042	0.01097	0.01015
82	0.02233	0.01063	0.01124	0.01070	0.01371	0.01039	0.00816	0.02718	0.02294	0.08963	0.03517	0.03909	0.02701	0.01239	0.00770	0.00254	0.00531	0.00993	0.62330	0.01063
83	0.02441	0.02615	0.05294	0.14122	0.17249	0.02584	0.33168	0.03242	0.02413	0.03289	0.02062	0.02794	0.01588	0.00930	0.01171	0.00346	0.01602	0.01128	0.00521	0.01441
84	0.01347	0.00920	0.01243	0.01462	0.01517	0.00865	0.00975	0.01462	0.01954	0.02606	0.05396	0.55781	0.06436	0.03351	0.01650	0.07868	0.00646	0.02780	0.00925	0.00816
85	0.01583	0.01259	0.02033	0.01902	0.02156	0.01421	0.05079	0.01998	0.01758	0.02523	0.02781	0.04058	0.02567	0.07412	0.54430	0.01600	0.02755	0.01141	0.00564	0.00979
86	0.02192	0.01879	0.02192	0.01566	0.02506	0.01409	0.01253	0.02662	0.02192	0.03445	0.01879	0.02192	0.01566	0.00783	0.00783	0.00157	0.00783	0.00626	0.00626	0.69305
87	0.02678	0.02848	0.02769	0.30863	0.04932	0.21864	0.02281	0.03198	0.02440	0.02855	0.02038	0.02674	0.01595	0.01096	0.00971	0.00308	0.01441	0.00856	0.11132	0.01163
88	0.14119	0.01709	0.02146	0.01784	0.02459	0.01591	0.01466	0.04251	0.02702	0.39236	0.04037	0.08519	0.03090	0.01581	0.01065	0.00352	0.00874	0.06328	0.01149	0.01542
89	0.03191	0.02636	0.10559	0.02026	0.02807	0.07847	0.01830	0.07843	0.02865	0.21498	0.07440	0.08132	0.07332	0.01505	0.01065	0.00316	0.01041	0.01227	0.00949	0.07893
90	0.03994	0.01896	0.02428	0.01830	0.02683	0.01625	0.01500	0.07523	0.02921	0.38984	0.03434	0.03143	0.02275	0.01161	0.00986	0.00279	0.00884	0.00936	0.01104	0.20414
91	0.04088	0.02852	0.03105	0.02380	0.03224	0.03116	0.01966	0.48217	0.04787	0.11427	0.02693	0.02639	0.01876	0.01273	0.01058	0.00318	0.01138	0.00962	0.01081	0.01798

[dist]
# distance from previous block
# <min> <max>
0	6

[block]
# block no. 4 follows, 13 sequences, length 7
# corresponding to MSA columns:
# 299-305
name=unknown_E
#
# <colnr> <probs for GDERKNQSTAVLIFYWHMCP>
#	G	D	E	R	K	N	Q	S	T	A	V	L	I	F	Y	W	H	M	C	P
0	0.03012	0.01638	0.02079	0.01846	0.02384	0.01606	0.01503	0.04011	0.13957	0.23982	0.14547	0.06273	0.04917	0.01843	0.01186	0.00369	0.00824	0.11423	0.01159	0.01441
1	0.01588	0.01258	0.01520	0.01400	0.01807	0.01054	0.01033	0.01937	0.02348	0.03274	0.16272	0.24205	0.14430	0.02224	0.01146	0.00317	0.00624	0.01949	0.00918	0.20695
2	0.01588	0.01018	0.01249	0.01262	0.01469	0.00964	0.00919	0.02016	0.02556	0.03816	0.29638	0.18656	0.07220	0.02145	0.01123	0.00329	0.00522	0.01884	0.20664	0.00964
3	0.02233	0.06562	0.02123	0.01748	0.02106	0.01705	0.01347	0.10738	0.02556	0.08114	0.04128	0.29565	0.04336	0.03565	0.13338	0.00653	0.01244	0.01887	0.00892	0.01161
4	0.02579	0.02208	0.03065	0.22572	0.12787	0.02300	0.02302	0.13355	0.02787	0.03873	0.02036	0.02546	0.01579	0.01005	0.00976	0.00282	0.01152	0.00852	0.00648	0.21095
5	0.01526	0.01041	0.01228	0.01204	0.01277	0.01017	0.00744	0.01670	0.01959	0.02684	0.18478	0.07202	0.05618	0.45288	0.04185	0.00825	0.00873	0.01646	0.00792	0.00744
6	0.01727	0.01272	0.01454	0.01273	0.01544	0.01136	0.00818	0.01863	0.01727	0.02454	0.02911	0.05552	0.03185	0.44889	0.04051	0.00774	0.00955	0.01274	0.00637	0.20504

[dist]
# distance from previous block
# <min> <max>
0	7

[block]
# block no. 5 follows, 13 sequences, length 12
# corresponding to MSA columns:
# 313-324
name=unknown_F
#
# <colnr> <probs for GDERKNQSTAVLIFYWHMCP>
#	G	D	E	R	K	N	Q	S	T	A	V	L	I	F	Y	W	H	M	C	P
0	0.02662	0.02220	0.03964	0.03119	0.07280	0.01983	0.22672	0.03311	0.02557	0.11844	0.08687	0.03386	0.02743	0.01083	0.01092	0.00298	0.01215	0.01125	0.00751	0.18010
1	0.01837	0.00918	0.01377	0.01377	0.01377	0.00918	0.00918	0.01377	0.01377	0.01837	0.01837	0.03214	0.01837	0.03673	0.04132	0.69238	0.00918	0.00918	0.00459	0.00459
2	0.02551	0.02126	0.02376	0.01834	0.02673	0.01977	0.01463	0.10160	0.16057	0.04131	0.02595	0.02692	0.02027	0.01017	0.00896	0.00230	0.00848	0.00817	0.00801	0.42727
3	0.02507	0.02230	0.02807	0.13911	0.11123	0.02559	0.02136	0.04726	0.37037	0.03957	0.03514	0.03543	0.02661	0.01293	0.01068	0.00351	0.01005	0.01111	0.00882	0.01578
