[name]
unknown

[dist]
# distance from previous block
# <min> <max>
0	123

[block]
# block no. 0 follows, 13 sequences, length 29
# corresponding to MSA columns:
# 124-152
name=unknown_A
#
# <colnr> <probs for GDERKNQSTAVLIFYWHMCP>
#	G	D	E	R	K	N	Q	S	T	A	V	L	I	F	Y	W	H	M	C	P
0	0.02397	0.08652	0.02949	0.26138	0.09404	0.02138	0.02199	0.02963	0.02295	0.08651	0.02772	0.04010	0.02315	0.01303	0.01011	0.00331	0.01113	0.06616	0.11490	0.01254
1	0.03042	0.03054	0.11938	0.15171	0.04452	0.08997	0.08513	0.11290	0.02900	0.12150	0.02611	0.03336	0.01995	0.01236	0.01089	0.00340	0.01388	0.04299	0.00744	0.01456
2	0.10589	0.22658	0.04495	0.09142	0.03937	0.03095	0.15911	0.03559	0.10513	0.03337	0.02154	0.02505	0.01705	0.01012	0.00940	0.00310	0.01260	0.00899	0.00600	0.01381
3	0.15328	0.02768	0.02633	0.02206	0.02887	0.09331	0.01812	0.30191	0.03774	0.05286	0.02731	0.03815	0.02314	0.01460	0.01038	0.00341	0.01160	0.08527	0.00913	0.01484
4	0.02178	0.02885	0.20840	0.05188	0.03293	0.01887	0.05725	0.03236	0.08320	0.06576	0.14194	0.04069	0.03730	0.01351	0.01046	0.00325	0.01052	0.01161	0.11600	0.01344
5	0.03216	0.01904	0.02707	0.24704	0.04458	0.02041	0.02098	0.07064	0.07695	0.24204	0.06479	0.03535	0.02623	0.01275	0.01073	0.00340	0.01084	0.01075	0.00934	0.01492
6	0.04203	0.01958	0.02740	0.02641	0.11234	0.01809	0.01835	0.04893	0.07831	0.43430	0.03836	0.03475	0.02525	0.01262	0.01062	0.00328	0.00950	0.01057	0.01161	0.01767
7	0.01288	0.00920	0.01227	0.01472	0.01534	0.00859	0.00981	0.01472	0.02024	0.02699	0.05828	0.62152	0.06993	0.03312	0.01350	0.00429	0.00613	0.03006	0.00981	0.00859
8	0.02877	0.03010	0.12255	0.19892	0.09960	0.08628	0.10749	0.03585	0.02488	0.12862	0.02324	0.02751	0.01670	0.01060	0.01068	0.00333	0.01443	0.00958	0.00643	0.01444
9	0.02299	0.02979	0.13312	0.16919	0.05448	0.02632	0.27202	0.03121	0.02260	0.03121	0.01950	0.02681	0.01491	0.01064	0.01434	0.00365	0.08807	0.01063	0.00497	0.01357
10	0.02314	0.14143	0.38044	0.03134	0.04485	0.02778	0.14069	0.03328	0.02276	0.03220	0.01882	0.02281	0.01399	0.00964	0.01005	0.00322	0.01541	0.00848	0.00466	0.01500
11	0.01284	0.00935	0.01212	0.01434	0.01523	0.00862	0.00964	0.01477	0.02061	0.02714	0.06294	0.57185	0.11659	0.03252	0.01340	0.00422	0.00606	0.02932	0.00982	0.00862
12	0.14536	0.02375	0.06547	0.09451	0.09369	0.02318	0.02130	0.11455	0.02783	0.18122	0.02681	0.03136	0.01993	0.01266	0.01155	0.00344	0.04784	0.03204	0.00843	0.01506
13	0.01785	0.00952	0.01429	0.01429	0.01459	0.00983	0.00983	0.01459	0.01429	0.01935	0.01995	0.03364	0.01965	0.04351	0.12817	0.58479	0.01223	0.00952	0.00476	0.00536
14	0.04744	0.01799	0.02454	0.01881	0.02699	0.01554	0.01554	0.05153	0.03026	0.56979	0.04171	0.03599	0.02617	0.01309	0.01063	0.00327	0.00900	0.01063	0.01309	0.01799
15	0.22691	0.02086	0.02314	0.01852	0.02613	0.02131	0.01521	0.12195	0.06569	0.30795	0.03171	0.02931	0.02120	0.01220	0.00950	0.00328	0.00915	0.00918	0.01071	0.01609
16	0.02313	0.02313	0.03238	0.02776	0.02776	0.03238	0.02313	0.02545	0.01619	0.02545	0.01388	0.02313	0.01388	0.01851	0.03470	0.00463	0.60907	0.00925	0.00463	0.01157
17	0.01336	0.00957	0.01270	0.01439	0.01544	0.00891	0.00985	0.01593	0.02248	0.03055	0.17342	0.49623	0.07682	0.03047	0.01326	0.00407	0.00587	0.02753	0.01024	0.00891
18	0.37186	0.02834	0.02335	0.01957	0.02660	0.11637	0.01582	0.20165	0.03069	0.05053	0.01861	0.02027	0.01402	0.01097	0.00839	0.00315	0.01109	0.00719	0.00774	0.01380
19	0.02163	0.01247	0.01831	0.01757	0.02058	0.01135	0.04401	0.02445	0.02286	0.15278	0.05209	0.44839	0.05638	0.02695	0.01277	0.00401	0.00754	0.02445	0.01028	0.01112
20	0.02407	0.02591	0.04786	0.03643	0.04194	0.02947	0.28153	0.02979	0.02071	0.02979	0.01775	0.02591	0.01500	0.01356	0.02324	0.00408	0.30408	0.01092	0.00500	0.01296
21	0.04744	0.01799	0.02454	0.01881	0.02699	0.01554	0.01554	0.05153	0.03026	0.56979	0.04171	0.03599	0.02617	0.01309	0.01063	0.00327	0.00900	0.01063	0.01309	0.01799
22	0.01973	0.01147	0.01453	0.01328	0.01644	0.01061	0.01013	0.02460	0.02845	0.10418	0.39393	0.06617	0.07687	0.01879	0.01126	0.00315	0.00545	0.01631	0.14375	0.01090
23	0.01858	0.01153	0.01375	0.01334	0.01679	0.01004	0.00993	0.02154	0.02478	0.11825	0.13370	0.22003	0.29694	0.02557	0.01244	0.00368	0.00611	0.02201	0.01055	0.01044
24	0.01353	0.00997	0.01278	0.01445	0.01596	0.00921	0.01036	0.01622	0.02246	0.02959	0.12475	0.41797	0.15021	0.03031	0.01334	0.00413	0.00628	0.07951	0.01002	0.00894
25	0.02443	0.09549	0.02908	0.11166	0.03396	0.08459	0.01750	0.02896	0.02225	0.03054	0.01769	0.02210	0.01481	0.00950	0.01021	0.00230	0.05238	0.00696	0.00560	0.38000
26	0.07005	0.01762	0.02033	0.01730	0.02354	0.01706	0.01357	0.03887	0.16187	0.18476	0.04611	0.11279	0.09051	0.01637	0.01052	0.00324	0.00783	0.01368	0.01020	0.12378
27	0.02425	0.02082	0.02170	0.01784	0.02446	0.07954	0.01397	0.03154	0.08498	0.06688	0.07574	0.03312	0.02780	0.02197	0.10117	0.00467	0.01222	0.00930	0.00754	0.32051
28	0.07047	0.02030	0.02571	0.13872	0.03576	0.02075	0.01812	0.11373	0.02770	0.12783	0.05738	0.02952	0.02245	0.01168	0.01107	0.00291	0.04421	0.00913	0.00806	0.20451

[dist]
# distance from previous block
# <min> <max>
1	41

[block]
# block no. 1 follows, 13 sequences, length 13
# corresponding to MSA columns:
# 194-206
name=unknown_B
#
# <colnr> <probs for GDERKNQSTAVLIFYWHMCP>
#	G	D	E	R	K	N	Q	S	T	A	V	L	I	F	Y	W	H	M	C	P
0	0.03252	0.01743	0.02239	0.01875	0.02482	0.01683	0.01528	0.04053	0.10259	0.27506	0.10930	0.04963	0.03919	0.01606	0.01251	0.00342	0.04404	0.06617	0.01099	0.08247
1	0.02753	0.09485	0.03213	0.14494	0.09754	0.21795	0.02204	0.03144	0.02398	0.02711	0.02295	0.10958	0.02229	0.01437	0.01235	0.00328	0.06661	0.01111	0.00574	0.01221
2	0.01582	0.01187	0.01691	0.01577	0.01836	0.01223	0.03999	0.01963	0.02065	0.02934	0.11215	0.05732	0.11454	0.11054	0.26973	0.01005	0.01663	0.01431	0.08471	0.00944
3	0.14227	0.01938	0.02386	0.01858	0.02655	0.01825	0.01535	0.09047	0.03019	0.44938	0.03634	0.03231	0.02331	0.01258	0.01003	0.00326	0.00911	0.00982	0.01191	0.01704
4	0.02125	0.02110	0.03760	0.43603	0.06470	0.02505	0.12246	0.02815	0.02134	0.02815	0.01876	0.02771	0.01444	0.01110	0.01350	0.00365	0.07803	0.00997	0.00481	0.01220
5	0.01624	0.01097	0.01379	0.01341	0.01615	0.00987	0.00992	0.02011	0.02696	0.07177	0.33874	0.18215	0.18173	0.02424	0.01255	0.00355	0.00554	0.02125	0.01103	0.01004
6	0.01367	0.01005	0.01281	0.01361	0.01538	0.00919	0.00964	0.01690	0.02468	0.03343	0.26634	0.33199	0.14805	0.02762	0.01295	0.00380	0.00557	0.02459	0.01055	0.00919
7	0.12878	0.03414	0.02653	0.02364	0.02869	0.31325	0.06098	0.03386	0.02529	0.03048	0.02386	0.10352	0.02259	0.01771	0.04412	0.00393	0.01545	0.01072	0.04092	0.01153
8	0.02845	0.02465	0.04403	0.03336	0.04110	0.02502	0.26667	0.10513	0.02807	0.09838	0.02810	0.04057	0.02329	0.01379	0.01483	0.00377	0.08271	0.07625	0.00750	0.01431
9	0.03251	0.02243	0.02493	0.02112	0.02531	0.09652	0.01676	0.03691	0.04993	0.22087	0.08507	0.03828	0.03058	0.07410	0.02107	0.00424	0.16571	0.01118	0.00895	0.01353
10	0.01386	0.01007	0.01275	0.01411	0.01553	0.00941	0.00998	0.01638	0.02206	0.02920	0.13440	0.35594	0.13579	0.09794	0.01792	0.00479	0.00671	0.07477	0.00968	0.00871
11	0.12357	0.10976	0.09387	0.02355	0.03069	0.07433	0.07061	0.03465	0.04643	0.11088	0.02638	0.06494	0.02259	0.01397	0.01255	0.00345	0.07536	0.04176	0.00715	0.01349
12	0.26696	0.09181	0.02622	0.01841	0.02590	0.02591	0.01542	0.13174	0.09226	0.16877	0.02646	0.02579	0.01890	0.01158	0.00879	0.00318	0.00939	0.00833	0.00910	0.01508

[dist]
# distance from previous block
# <min> <max>
1	3

[block]
# block no. 2 follows, 13 sequences, length 8
# corresponding to MSA columns:
# 210-217
name=unknown_C
#
# <colnr> <probs for GDERKNQSTAVLIFYWHMCP>
#	G	D	E	R	K	N	Q	S	T	A	V	L	I	F	Y	W	H	M	C	P
0	0.03183	0.03143	0.10641	0.02324	0.03159	0.09675	0.02062	0.14026	0.20302	0.09988	0.03032	0.02963	0.02218	0.01223	0.01018	0.00314	0.01146	0.00956	0.00897	0.07730
1	0.12467	0.02704	0.02839	0.02387	0.02861	0.08028	0.01944	0.17857	0.10447	0.04330	0.02183	0.02498	0.01740	0.01431	0.01798	0.00369	0.21031	0.00901	0.00760	0.01424
2	0.02152	0.01727	0.02036	0.02046	0.02461	0.01900	0.01689	0.03848	0.27536	0.03773	0.04972	0.08066	0.04703	0.02202	0.01274	0.00425	0.00907	0.25946	0.01023	0.01312
3	0.03785	0.01890	0.02829	0.18343	0.09145	0.01865	0.02097	0.04296	0.02716	0.36912	0.03331	0.03290	0.02195	0.01204	0.01060	0.00333	0.01074	0.01018	0.01003	0.01616
4	0.01397	0.01016	0.01324	0.01428	0.01597	0.00943	0.01034	0.01730	0.02448	0.03322	0.24692	0.33756	0.11851	0.02803	0.01313	0.00393	0.00595	0.06388	0.01049	0.00923
5	0.01837	0.00918	0.01377	0.01377	0.01377	0.00918	0.00918	0.01377	0.01377	0.01837	0.01837	0.03214	0.01837	0.03673	0.04132	0.69238	0.00918	0.00918	0.00459	0.00459
6	0.01867	0.01106	0.01472	0.01481	0.01720	0.01010	0.01071	0.02196	0.02515	0.11175	0.23301	0.34322	0.07414	0.02611	0.01271	0.00380	0.00615	0.02333	0.01094	0.01046
7	0.02184	0.02445	0.09900	0.37233	0.05709	0.02439	0.02719	0.03573	0.16257	0.03250	0.02537	0.03048	0.01892	0.01152	0.01055	0.00352	0.01274	0.00989	0.00631	0.01359

[dist]
# distance from previous block
# <min> <max>
5	40

[block]
# block no. 3 follows, 13 sequences, length 19
# corresponding to MSA columns:
# 258-276
name=unknown_D
#
# <colnr> <probs for GDERKNQSTAVLIFYWHMCP>
#	G	D	E	R	K	N	Q	S	T	A	V	L	I	F	Y	W	H	M	C	P
0	0.05915	0.22253	0.13832	0.02250	0.03012	0.02769	0.05669	0.02955	0.02194	0.05968	0.05860	0.10103	0.02713	0.01451	0.01263	0.00328	0.08411	0.01123	0.00629	0.01303
1	0.02827	0.63478	0.05540	0.01809	0.02714	0.04184	0.01809	0.03166	0.02148	0.02488	0.01470	0.01696	0.01357	0.00905	0.00678	0.00226	0.01131	0.00565	0.00452	0.01357
2	0.16320	0.02072	0.02311	0.01769	0.02604	0.01953	0.01446	0.11967	0.02826	0.19463	0.02565	0.02560	0.01823	0.01053	0.00885	0.00265	0.00888	0.00796	0.00899	0.25535
3	0.01796	0.01142	0.01638	0.01582	0.01617	0.01291	0.01131	0.01636	0.01487	0.02066	0.02153	0.03734	0.02180	0.11472	0.14536	0.39738	0.08606	0.01035	0.00502	0.00658
4	0.02671	0.04334	0.40334	0.08320	0.04436	0.02252	0.03308	0.03673	0.02391	0.14791	0.02383	0.02582	0.01620	0.01075	0.01022	0.00335	0.01406	0.00857	0.00634	0.01576
5	0.02590	0.01797	0.05933	0.22703	0.04041	0.01690	0.01987	0.02945	0.02208	0.16227	0.03266	0.03750	0.06848	0.01873	0.01785	0.16295	0.01096	0.01075	0.00724	0.01166
6	0.01837	0.00918	0.01377	0.01377	0.01377	0.00918	0.00918	0.01377	0.01377	0.01837	0.01837	0.03214	0.01837	0.03673	0.04132	0.69238	0.00918	0.00918	0.00459	0.00459
7	0.03231	0.02878	0.03276	0.09735	0.03686	0.16516	0.06796	0.03631	0.02412	0.14563	0.02188	0.02605	0.01673	0.01357	0.01816	0.00362	0.20333	0.00926	0.00676	0.01342
8	0.02718	0.02533	0.04196	0.03498	0.08814	0.05829	0.24430	0.03802	0.12205	0.08613	0.02965	0.06476	0.02421	0.04876	0.01413	0.00389	0.01371	0.01268	0.00741	0.01442
9	0.01679	0.01276	0.01520	0.01530	0.01750	0.01311	0.01081	0.02531	0.13650	0.03385	0.18526	0.25734	0.06457	0.12354	0.01923	0.00485	0.00699	0.02074	0.00995	0.01039
10	0.02231	0.09392	0.03238	0.40118	0.05617	0.02492	0.02464	0.07515	0.02506	0.03253	0.08688	0.03296	0.02523	0.01199	0.01035	0.00331	0.01237	0.01018	0.00612	0.01235
11	0.03073	0.01896	0.08576	0.01725	0.02322	0.01411	0.01505	0.03494	0.02441	0.27185	0.03864	0.11443	0.03237	0.12100	0.01793	0.00450	0.00913	0.01346	0.09883	0.01346
12	0.03287	0.01689	0.02369	0.02019	0.02609	0.01591	0.04835	0.04023	0.09207	0.29638	0.04549	0.15471	0.03896	0.01881	0.01183	0.00373	0.00907	0.07873	0.01123	0.01476
13	0.10699	0.01310	0.01266	0.01210	0.01560	0.01405	0.00929	0.03014	0.09918	0.04115	0.03327	0.03661	0.02589	0.01230	0.00778	0.00273	0.00585	0.00965	0.50056	0.01108
14	0.10914	0.20678	0.16922	0.02218	0.03029	0.05957	0.02249	0.03164	0.02095	0.06512	0.01779	0.02175	0.01451	0.01326	0.01467	0.05649	0.09833	0.00738	0.00539	0.01306
15	0.17095	0.02359	0.07903	0.09324	0.03270	0.02519	0.02126	0.03045	0.01961	0.09981	0.01970	0.02533	0.01579	0.01851	0.05967	0.00479	0.23290	0.00870	0.00617	0.01262
16	0.02826	0.02957	0.02898	0.09567	0.03372	0.18987	0.02106	0.08902	0.02532	0.03087	0.02218	0.09840	0.02140	0.01647	0.01886	0.00372	0.21700	0.01122	0.00624	0.01218
17	0.03114	0.02998	0.07814	0.02326	0.03062	0.10216	0.02002	0.14574	0.11817	0.08219	0.02521	0.02656	0.01911	0.01239	0.01298	0.00311	0.08704	0.00888	0.00802	0.13529
18	0.02696	0.02949	0.03212	0.15979	0.08246	0.19748	0.08286	0.03500	0.09040	0.03025	0.02691	0.10810	0.02435	0.01395	0.01090	0.00336	0.01416	0.01213	0.00652	0.01280

[dist]
# distance from previous block
# <min> <max>
1	57

[block]
# block no. 4 follows, 13 sequences, length 24
# corresponding to MSA columns:
# 334-357
name=unknown_E
#
# <colnr> <probs for GDERKNQSTAVLIFYWHMCP>
#	G	D	E	R	K	N	Q	S	T	A	V	L	I	F	Y	W	H	M	C	P
0	0.03049	0.07918	0.02991	0.09743	0.03394	0.02191	0.04611	0.09545	0.07182	0.16842	0.08331	0.03394	0.02831	0.01222	0.01010	0.00297	0.01005	0.01025	0.00896	0.12524
1	0.01854	0.09849	0.05998	0.01655	0.02228	0.01595	0.01385	0.02227	0.02112	0.02967	0.03648	0.29797	0.04027	0.01982	0.01046	0.00304	0.00805	0.01727	0.00755	0.24040
2	0.02529	0.10205	0.02882	0.02128	0.07281	0.02133	0.01585	0.10812	0.02676	0.03791	0.02708	0.02913	0.06295	0.01057	0.00877	0.00223	0.00911	0.00838	0.00695	0.37460
3	0.09490	0.02453	0.07322	0.02012	0.02913	0.02110	0.01777	0.16327	0.03168	0.23849	0.02846	0.02754	0.01951	0.01134	0.00963	0.00290	0.00993	0.00877	0.00970	0.15801
4	0.02794	0.06559	0.12441	0.12681	0.07460	0.02519	0.02391	0.10358	0.13683	0.09036	0.02686	0.02859	0.01978	0.01140	0.01006	0.00317	0.01153	0.00931	0.00768	0.07240
5	0.09865	0.05426	0.11096	0.07189	0.03328	0.01951	0.06097	0.03021	0.02160	0.09404	0.02098	0.02530	0.01622	0.01321	0.01337	0.09415	0.01094	0.00810	0.00628	0.19608
6	0.02773	0.11568	0.18939	0.02930	0.03947	0.05543	0.14817	0.13623	0.02827	0.03775	0.02017	0.02448	0.01548	0.01255	0.01301	0.06300	0.01436	0.00910	0.00604	0.01439
7	0.01969	0.01114	0.01492	0.01492	0.01727	0.01049	0.01082	0.02115	0.02089	0.11357	0.05199	0.26853	0.12144	0.03566	0.09368	0.12582	0.00995	0.01961	0.00888	0.00958
8	0.03022	0.03391	0.25237	0.05771	0.03692	0.02133	0.02607	0.10183	0.02852	0.18848	0.06385	0.05880	0.02604	0.01313	0.01063	0.00336	0.01199	0.01072	0.00844	0.01567
9	0.02111	0.01963	0.03161	0.43628	0.12996	0.02218	0.02704	0.02767	0.02166	0.02922	0.01894	0.02690	0.01470	0.00997	0.01011	0.00315	0.01287	0.00889	0.00502	0.12308
10	0.01788	0.00936	0.01341	0.01341	0.01341	0.00936	0.00873	0.01403	0.01403	0.01871	0.02079	0.03816	0.02163	0.13284	0.04335	0.58158	0.00936	0.01019	0.00489	0.00489
11	0.01900	0.01580	0.02156	0.13830	0.07502	0.01593	0.01623	0.05052	0.02297	0.03120	0.06974	0.09912	0.10951	0.10164	0.05484	0.00500	0.01072	0.01412	0.00724	0.12153
12	0.50970	0.01972	0.01819	0.01535	0.02238	0.02131	0.01266	0.03711	0.02161	0.20152	0.02268	0.02272	0.01579	0.01078	0.00775	0.00327	0.00842	0.00717	0.00847	0.01338
13	0.02547	0.04873	0.48444	0.02830	0.04271	0.02309	0.03524	0.03641	0.02361	0.12060	0.02267	0.02454	0.01547	0.01054	0.01014	0.00334	0.01455	0.00827	0.00587	0.01601
14	0.02380	0.02277	0.02465	0.11965	0.03436	0.08773	0.01646	0.02865	0.02280	0.03207	0.01848	0.02266	0.01513	0.00869	0.00852	0.00205	0.01034	0.00688	0.00589	0.48841
15	0.01969	0.01170	0.01523	0.01421	0.01741	0.01056	0.01069	0.02382	0.02789	0.12436	0.35318	0.16352	0.12127	0.02256	0.01234	0.00350	0.00586	0.01982	0.01142	0.01096
16	0.19595	0.02250	0.03302	0.11847	0.31639	0.02372	0.02533	0.03307	0.02272	0.08374	0.02037	0.02505	0.01591	0.00999	0.00952	0.00323	0.01136	0.00860	0.00618	0.01488
17	0.04316	0.01789	0.02319	0.01809	0.02553	0.01623	0.01484	0.08780	0.03082	0.45736	0.03939	0.03555	0.02561	0.01295	0.01020	0.00316	0.00868	0.01044	0.10221	0.01691
18	0.02043	0.01168	0.01426	0.01317	0.01667	0.01055	0.01002	0.02458	0.02681	0.12372	0.25784	0.10581	0.16587	0.02042	0.01136	0.00328	0.00578	0.01750	0.12930	0.01095
19	0.02635	0.01288	0.01677	0.01523	0.01914	0.01177	0.01171	0.03015	0.02600	0.21490	0.16037	0.15285	0.05347	0.06184	0.01435	0.00394	0.00720	0.04805	0.10086	0.01217
20	0.01922	0.01119	0.01491	0.01489	0.01739	0.01020	0.01080	0.02252	0.02523	0.12051	0.22872	0.33801	0.07318	0.02587	0.01267	0.00379	0.00620	0.02310	0.01098	0.01060
21	0.03313	0.14650	0.03144	0.01904	0.02770	0.05659	0.01611	0.12151	0.02902	0.15761	0.02411	0.02451	0.01788	0.01028	0.00883	0.00244	0.01011	0.00772	0.00815	0.24731
22	0.03013	0.02124	0.05629	0.01983	0.02643	0.02022	0.01659	0.04711	0.27295	0.19551	0.13087	0.04429	0.04112	0.01498	0.01098	0.00343	0.00841	0.01257	0.01120	0.01585
23	0.03220	0.14836	0.03328	0.07389	0.07500	0.02622	0.01882	0.13296	0.02826	0.15984	0.02631	0.03208	0.02100	0.09351	0.01690	0.00405	0.04504	0.00972	0.00805	0.01452

[dist]
# distance from previous block
# <min> <max>
0	3

[block]
# block no. 5 follows, 13 sequences, length 13
# corresponding to MSA columns:
# 361-373
name=unknown_F
#
# <colnr> <probs for GDERKNQSTAVLIFYWHMCP>
#	G	D	E	R	K	N	Q	S	T	A	V	L	I	F	Y	W	H	M	C	P
0	0.03213	0.02370	0.02616	0.02308	0.06561	0.06544	0.01704	0.09630	0.14935	0.15400	0.02997	0.02948	0.02196	0.01137	0.00974	0.00278	0.00985	0.00916	0.00911	0.21378
1	0.04119	0.04347	0.02880	0.02544	0.03147	0.46412	0.01938	0.04421	0.03003	0.14206	0.02176	0.02268	0.01630	0.01136	0.00977	0.00284	0.01692	0.00763	0.00708	0.01348
2	0.02817	0.02332	0.03896	0.13101	0.42537	0.02363	0.02978	0.03426	0.02451	0.10485	0.02265	0.02775	0.01765	0.01006	0.01050	0.00321	0.01229	0.00958	0.00621	0.01624
3	0.02202	0.02114	0.03426	0.35638	0.16710	0.02588	0.02860	0.02782	0.02064	0.02826	0.01790	0.02660	0.01461	0.01214	0.01607	0.00369	0.14996	0.00937	0.00480	0.01277
4	0.49342	0.02086	0.02134	0.01718	0.02473	0.02195	0.06019	0.03039	0.01949	0.04338	0.01622	0.01926	0.01278	0.00931	0.00738	0.00294	0.00902	0.00648	0.00637	0.15731
5	0.02316	0.01404	0.01918	0.01733	0.01980	0.01548	0.01318	0.02578	0.01928	0.14003	0.03061	0.04544	0.02798	0.20718	0.24371	0.01056	0.09723	0.01201	0.00731	0.01072
6	0.02145	0.01750	0.02083	0.01541	0.02354	0.01343	0.01208	0.02490	0.02083	0.03229	0.01874	0.02330	0.01602	0.01171	0.01233	0.09433	0.00801	0.00666	0.00604	0.60061
7	0.02514	0.01438	0.01826	0.01592	0.02040	0.01375	0.01240	0.03340	0.10234	0.18206	0.34833	0.06205	0.07081	0.01834	0.01174	0.00335	0.00652	0.01587	0.01190	0.01305
8	0.01288	0.00920	0.01227	0.01472	0.01534	0.00859	0.00981	0.01472	0.02024	0.02699	0.05828	0.62152	0.06993	0.03312	0.01350	0.00429	0.00613	0.03006	0.00981	0.00859
9	0.03311	0.02213	0.02553	0.01935	0.02794	0.02089	0.01574	0.18198	0.07322	0.15908	0.02755	0.02734	0.01991	0.01090	0.00947	0.00256	0.00924	0.00861	0.00935	0.29608
10	0.02449	0.02298	0.03704	0.12146	0.38663	0.02256	0.02781	0.03053	0.02325	0.03358	0.01952	0.02551	0.01618	0.00922	0.00992	0.00285	0.01174	0.00874	0.00539	0.16059
11	0.17054	0.02470	0.10047	0.21541	0.11633	0.02230	0.02443	0.03260	0.02224	0.10304	0.02102	0.02538	0.01544	0.01033	0.00946	0.00324	0.01178	0.00836	0.00630	0.05664
12	0.02746	0.01789	0.02474	0.02187	0.02454	0.02100	0.01778	0.03042	0.02176	0.18120	0.03451	0.15355	0.03284	0.02085	0.02178	0.00420	0.26307	0.05935	0.00854	0.01264

[dist]
# distance from previous block
# <min> <max>
20	85

[block]
# block no. 6 follows, 13 sequences, length 17
# corresponding to MSA columns:
# 462-478
name=unknown_G
#
# <colnr> <probs for GDERKNQSTAVLIFYWHMCP>
#	G	D	E	R	K	N	Q	S	T	A	V	L	I	F	Y	W	H	M	C	P
0	0.02146	0.09738	0.03446	0.31259	0.15944	0.02435	0.02571	0.02730	0.02106	0.02787	0.02018	0.02870	0.01676	0.02230	0.11199	0.00567	0.01594	0.00927	0.00496	0.01261
1	0.10736	0.02082	0.09977	0.04985	0.02650	0.01613	0.01662	0.04824	0.02364	0.06813	0.09570	0.21666	0.04230	0.01862	0.01076	0.00339	0.00875	0.01595	0.00830	0.10253
2	0.01735	0.09173	0.02359	0.08488	0.02617	0.01806	0.01570	0.02145	0.01804	0.02487	0.02548	0.03686	0.02337	0.06239	0.44598	0.01356	0.02451	0.01038	0.00541	0.01023
3	0.14018	0.01341	0.01721	0.01973	0.08453	0.01399	0.01202	0.02018	0.01663	0.02730	0.02120	0.03469	0.02048	0.11419	0.03080	0.33563	0.00931	0.00956	0.05096	0.00798
4	0.02290	0.03666	0.32424	0.11053	0.04198	0.02042	0.02946	0.03151	0.02279	0.09980	0.02880	0.13097	0.02513	0.01460	0.01081	0.00353	0.01287	0.01234	0.00655	0.01411
5	0.01508	0.01124	0.01649	0.01634	0.01833	0.01264	0.01264	0.01907	0.01928	0.02770	0.12186	0.04816	0.03941	0.06909	0.48493	0.01457	0.02419	0.01271	0.00672	0.00954
6	0.01309	0.00963	0.01228	0.01395	0.01524	0.00881	0.00957	0.01546	0.02205	0.02919	0.12909	0.47558	0.14581	0.03072	0.01322	0.00406	0.00587	0.02752	0.01005	0.00881
7	0.02736	0.01682	0.01950	0.01639	0.02092	0.01710	0.01262	0.16375	0.03185	0.12266	0.17579	0.05115	0.04635	0.12411	0.01835	0.00439	0.00833	0.01339	0.09647	0.01271
8	0.01635	0.01283	0.01805	0.01736	0.01855	0.01538	0.01316	0.01907	0.01651	0.02377	0.02730	0.04500	0.02726	0.19296	0.38609	0.01366	0.11001	0.01193	0.00568	0.00908
9	0.01301	0.00948	0.01226	0.01421	0.01527	0.00873	0.00965	0.01519	0.02141	0.02840	0.10358	0.52580	0.12092	0.03156	0.01331	0.00414	0.00596	0.02840	0.00996	0.00873
10	0.01533	0.01044	0.01250	0.01250	0.01283	0.01078	0.00761	0.01600	0.01566	0.02122	0.03243	0.06430	0.03631	0.53125	0.14808	0.01144	0.01345	0.01466	0.00628	0.00694
11	0.01929	0.02277	0.10911	0.41474	0.05928	0.02183	0.02794	0.02653	0.02058	0.02753	0.02051	0.02969	0.01617	0.02266	0.11242	0.00588	0.01684	0.00950	0.00483	0.01191
12	0.08932	0.02791	0.03760	0.09834	0.39515	0.10765	0.02851	0.03333	0.02415	0.03383	0.01881	0.02446	0.01559	0.00977	0.00998	0.00312	0.01325	0.00870	0.00534	0.01520
13	0.05185	0.01169	0.01375	0.01359	0.01675	0.01053	0.00996	0.01973	0.02378	0.06487	0.16093	0.26465	0.20394	0.02502	0.01210	0.00361	0.00609	0.02176	0.00995	0.05547
14	0.02574	0.11082	0.20514	0.02215	0.03334	0.02430	0.02310	0.11805	0.02691	0.03861	0.01950	0.02203	0.01508	0.00956	0.00889	0.00251	0.01145	0.00726	0.00623	0.26932
15	0.02980	0.05285	0.02454	0.01783	0.02545	0.01852	0.01470	0.11957	0.02960	0.15892	0.07558	0.04070	0.05642	0.01346	0.00996	0.00274	0.00872	0.04212	0.00930	0.24923
16	0.02301	0.01388	0.01706	0.01541	0.01973	0.01274	0.01172	0.04915	0.05307	0.14773	0.16262	0.19717	0.14552	0.02184	0.01186	0.00348	0.00683	0.01890	0.01073	0.05755

[dist]
# distance from previous block
# <min> <max>
1	11

[block]
# block no. 7 follows, 13 sequences, length 50
# corresponding to MSA columns:
# 490-539
name=unknown_H
#
# <colnr> <probs for GDERKNQSTAVLIFYWHMCP>
#	G	D	E	R	K	N	Q	S	T	A	V	L	I	F	Y	W	H	M	C	P
0	0.01687	0.01312	0.01808	0.01770	0.02024	0.01527	0.01377	0.02475	0.09980	0.02764	0.03064	0.04121	0.02735	0.06908	0.49595	0.01488	0.02518	0.01143	0.00647	0.01059
1	0.02350	0.02118	0.03388	0.47263	0.06529	0.02518	0.06276	0.10618	0.02590	0.03373	0.02001	0.02777	0.01484	0.01079	0.01071	0.00347	0.01397	0.00963	0.00567	0.01290
2	0.02727	0.53788	0.05014	0.01771	0.02681	0.03747	0.01722	0.03087	0.02155	0.02638	0.01534	0.01774	0.01390	0.00885	0.00695	0.00215	0.01076	0.00575	0.00480	0.12046
3	0.02066	0.01965	0.02243	0.02398	0.07785	0.10567	0.01659	0.02419	0.01961	0.02560	0.02490	0.03693	0.02333	0.09265	0.36356	0.01202	0.06368	0.01054	0.00556	0.01059
4	0.01417	0.00947	0.01208	0.01381	0.01491	0.00893	0.00945	0.01683	0.02156	0.03055	0.10651	0.47339	0.06630	0.02865	0.01243	0.00391	0.00582	0.02574	0.11655	0.00893
5	0.02417	0.02699	0.05756	0.13241	0.05802	0.02623	0.44624	0.03279	0.02436	0.03279	0.02098	0.02847	0.01574	0.00917	0.01218	0.00356	0.01724	0.01199	0.00525	0.01386
6	0.03770	0.01916	0.02375	0.01923	0.02587	0.01861	0.01544	0.16953	0.03382	0.31232	0.07778	0.12844	0.03628	0.01676	0.01120	0.00341	0.00895	0.01402	0.01180	0.01592
7	0.02211	0.01948	0.02357	0.01756	0.02548	0.01697	0.01420	0.02644	0.02102	0.03304	0.01802	0.02211	0.01538	0.00951	0.01206	0.00205	0.10241	0.00673	0.00601	0.58585
8	0.01449	0.01139	0.01543	0.01677	0.01729	0.01233	0.01191	0.01641	0.01961	0.02675	0.05129	0.52739	0.06111	0.03083	0.01683	0.00435	0.10098	0.02678	0.00900	0.00906
9	0.02306	0.02548	0.05450	0.03987	0.04898	0.02388	0.44317	0.03086	0.02421	0.03279	0.02719	0.12181	0.02452	0.01272	0.01264	0.00368	0.01599	0.01524	0.00605	0.01337
10	0.02192	0.01879	0.02192	0.01566	0.02506	0.01409	0.01253	0.02662	0.02192	0.03445	0.01879	0.02192	0.01566	0.00783	0.00783	0.00157	0.00783	0.00626	0.00626	0.69305
11	0.01400	0.01071	0.01533	0.10727	0.02438	0.01093	0.01289	0.01666	0.02038	0.02699	0.05206	0.52818	0.06115	0.02958	0.01304	0.00417	0.00739	0.02681	0.00901	0.00908
12	0.02528	0.02325	0.04686	0.03547	0.04379	0.02185	0.34153	0.03265	0.02535	0.08917	0.03235	0.05248	0.02854	0.01453	0.01283	0.00387	0.01484	0.13460	0.00728	0.01349
13	0.02827	0.63478	0.05540	0.01809	0.02714	0.04184	0.01809	0.03166	0.02148	0.02488	0.01470	0.01696	0.01357	0.00905	0.00678	0.00226	0.01131	0.00565	0.00452	0.01357
14	0.03950	0.05039	0.02996	0.02724	0.03269	0.58597	0.02043	0.04222	0.02996	0.02588	0.01634	0.01907	0.01362	0.01090	0.00953	0.00272	0.01907	0.00681	0.00545	0.01226
15	0.01288	0.00920	0.01227	0.01472	0.01534	0.00859	0.00981	0.01472	0.02024	0.02699	0.05828	0.62152	0.06993	0.03312	0.01350	0.00429	0.00613	0.03006	0.00981	0.00859
16	0.02121	0.05469	0.57364	0.03014	0.04576	0.02455	0.03906	0.03348	0.02232	0.03348	0.01897	0.02232	0.01339	0.01005	0.01005	0.00335	0.01563	0.00781	0.00446	0.01563
17	0.03848	0.02832	0.03064	0.02397	0.03198	0.03126	0.01987	0.48978	0.04783	0.06404	0.02765	0.03234	0.02116	0.01392	0.01088	0.00330	0.01149	0.04520	0.01051	0.01737
18	0.02996	0.02389	0.04528	0.03317	0.04207	0.02242	0.30493	0.07093	0.02857	0.16138	0.09498	0.03649	0.02925	0.01177	0.01192	0.00344	0.01370	0.01269	0.00831	0.01484
19	0.02630	0.02271	0.02391	0.02152	0.02749	0.02630	0.01674	0.05618	0.54336	0.04423	0.04303	0.03945	0.03228	0.01434	0.01076	0.00359	0.00837	0.01195	0.01076	0.01674
20	0.01510	0.01133	0.01699	0.01699	0.01888	0.01322	0.01322	0.01888	0.01699	0.02454	0.02832	0.04154	0.02643	0.07930	0.58652	0.01699	0.02832	0.01133	0.00566	0.00944
21	0.02121	0.05469	0.57364	0.03014	0.04576	0.02455	0.03906	0.03348	0.02232	0.03348	0.01897	0.02232	0.01339	0.01005	0.01005	0.00335	0.01563	0.00781	0.00446	0.01563
22	0.02358	0.01986	0.02157	0.01955	0.02469	0.02239	0.01512	0.04751	0.42042	0.04379	0.16607	0.04891	0.04843	0.01609	0.01117	0.00352	0.00756	0.01367	0.01097	0.01512
23	0.01538	0.01025	0.01153	0.01153	0.01153	0.01025	0.00641	0.01538	0.01538	0.02050	0.03331	0.06919	0.03844	0.62842	0.05382	0.01025	0.01025	0.01538	0.00641	0.00641
24	0.02121	0.05469	0.57364	0.03014	0.04576	0.02455	0.03906	0.03348	0.02232	0.03348	0.01897	0.02232	0.01339	0.01005	0.01005	0.00335	0.01563	0.00781	0.00446	0.01563
25	0.02600	0.02250	0.03778	0.23246	0.36085	0.02379	0.03003	0.03234	0.02367	0.07771	0.02140	0.02765	0.01670	0.01010	0.01051	0.00327	0.01275	0.00952	0.00573	0.01526
26	0.02827	0.63478	0.05540	0.01809	0.02714	0.04184	0.01809	0.03166	0.02148	0.02488	0.01470	0.01696	0.01357	0.00905	0.00678	0.00226	0.01131	0.00565	0.00452	0.01357
27	0.07249	0.08050	0.02390	0.01709	0.02324	0.01777	0.01396	0.03868	0.06545	0.28338	0.15597	0.08631	0.04444	0.01599	0.01063	0.00328	0.00802	0.01329	0.01107	0.01453
28	0.02858	0.02411	0.03356	0.02665	0.03394	0.02538	0.13427	0.21242	0.13305	0.04689	0.03887	0.04778	0.07195	0.01553	0.01175	0.00360	0.01165	0.07578	0.00923	0.01502
29	0.02617	0.02512	0.04292	0.06490	0.56246	0.02512	0.03245	0.03245	0.02407	0.03454	0.01989	0.02617	0.01675	0.00942	0.01047	0.00314	0.01256	0.00942	0.00523	0.01675
30	0.01510	0.01133	0.01699	0.01699	0.01888	0.01322	0.01322	0.01888	0.01699	0.02454	0.02832	0.04154	0.02643	0.07930	0.58652	0.01699	0.02832	0.01133	0.00566	0.00944
31	0.02647	0.08727	0.02904	0.02663	0.11009	0.06145	0.01834	0.10197	0.21008	0.03937	0.04479	0.04389	0.12624	0.01498	0.01053	0.00327	0.00987	0.01225	0.00869	0.01477
32	0.02572	0.02085	0.03406	0.02695	0.03350	0.02076	0.18587	0.07673	0.11966	0.09315	0.03707	0.16847	0.03331	0.01645	0.01173	0.00360	0.01117	0.01583	0.05129	0.01383
33	0.01510	0.01133	0.01699	0.01699	0.01888	0.01322	0.01322	0.01888	0.01699	0.02454	0.02832	0.04154	0.02643	0.07930	0.58652	0.01699	0.02832	0.01133	0.00566	0.00944
34	0.02121	0.05469	0.57364	0.03014	0.04576	0.02455	0.03906	0.03348	0.02232	0.03348	0.01897	0.02232	0.01339	0.01005	0.01005	0.00335	0.01563	0.00781	0.00446	0.01563
35	0.02389	0.11245	0.47894	0.02804	0.04243	0.02569	0.03514	0.03463	0.02282	0.07231	0.02021	0.02278	0.01436	0.01017	0.00975	0.00323	0.01468	0.00780	0.00511	0.01559
36	0.04744	0.01799	0.02454	0.01881	0.02699	0.01554	0.01554	0.05153	0.03026	0.56979	0.04171	0.03599	0.02617	0.01309	0.01063	0.00327	0.00900	0.01063	0.01309	0.01799
37	0.01450	0.01079	0.01349	0.01281	0.01551	0.00978	0.00961	0.01905	0.02882	0.03978	0.47171	0.08329	0.18657	0.02259	0.01248	0.00337	0.00506	0.01973	0.01129	0.00978
38	0.01933	0.01785	0.07790	0.09398	0.02937	0.01652	0.01835	0.02408	0.01960	0.07260	0.03043	0.11543	0.02860	0.04739	0.28957	0.01014	0.05809	0.01308	0.00655	0.01113
39	0.02374	0.01962	0.06646	0.22582	0.12435	0.01863	0.02253	0.02973	0.02296	0.10019	0.02904	0.09245	0.02433	0.01336	0.01022	0.00329	0.01072	0.01168	0.13797	0.01292
40	0.04071	0.01602	0.02098	0.01664	0.02343	0.01416	0.01356	0.04500	0.02830	0.44113	0.03996	0.03682	0.02640	0.01290	0.00985	0.00308	0.00801	0.01044	0.17660	0.01602
41	0.01288	0.00920	0.01227	0.01472	0.01534	0.00859	0.00981	0.01472	0.02024	0.02699	0.05828	0.62152	0.06993	0.03312	0.01350	0.00429	0.00613	0.03006	0.00981	0.00859
42	0.01697	0.01414	0.02185	0.15293	0.11461	0.01483	0.01822	0.02107	0.02196	0.02951	0.07562	0.32618	0.05051	0.02339	0.01238	0.00392	0.00908	0.05403	0.00808	0.01074
43	0.02827	0.63478	0.05540	0.01809	0.02714	0.04184	0.01809	0.03166	0.02148	0.02488	0.01470	0.01696	0.01357	0.00905	0.00678	0.00226	0.01131	0.00565	0.00452	0.01357
44	0.01896	0.01716	0.02649	0.41630	0.05553	0.02040	0.02357	0.02705	0.06645	0.02969	0.06914	0.07581	0.08155	0.01469	0.01109	0.00357	0.01160	0.01286	0.00653	0.01157
45	0.01734	0.01432	0.02108	0.11263	0.08259	0.01521	0.01632	0.02232	0.02610	0.03660	0.33398	0.10757	0.06879	0.01936	0.01368	0.00352	0.05162	0.01679	0.00921	0.01096
46	0.02446	0.12509	0.02947	0.05652	0.02840	0.02277	0.01650	0.03000	0.05402	0.07015	0.02387	0.07483	0.02135	0.01284	0.01292	0.00278	0.10339	0.00953	0.00669	0.27441
47	0.02852	0.15295	0.17691	0.02423	0.03438	0.02837	0.05160	0.11578	0.12577	0.07384	0.02529	0.02619	0.01887	0.01105	0.00963	0.00303	0.01189	0.00877	0.00737	0.06557
48	0.11444	0.06900	0.13148	0.07370	0.07267	0.02357	0.02221	0.11226	0.02843	0.14639	0.07979	0.03119	0.02572	0.01217	0.00991	0.00322	0.01100	0.00966	0.00822	0.01497
49	0.03127	0.14757	0.17769	0.02494	0.03557	0.02909	0.05809	0.19530	0.03193	0.08844	0.02235	0.02387	0.01636	0.01074	0.00966	0.00297	0.01253	0.00841	0.00740	0.06581

[dist]
# distance from previous block
# <min> <max>
0	49

[block]
# block no. 8 follows, 13 sequences, length 26
# corresponding to MSA columns:
# 589-614
name=unknown_I
#
# <colnr> <probs for GDERKNQSTAVLIFYWHMCP>
#	G	D	E	R	K	N	Q	S	T	A	V	L	I	F	Y	W	H	M	C	P
0	0.02211	0.06563	0.18821	0.05888	0.03164	0.01899	0.02145	0.03048	0.05729	0.08743	0.14792	0.04673	0.10235	0.01498	0.01064	0.00320	0.01005	0.01242	0.00805	0.06156
1	0.11545	0.01801	0.01903	0.01705	0.02241	0.01928	0.01334	0.03964	0.24909	0.09858	0.12178	0.05318	0.13658	0.01693	0.01074	0.00347	0.00738	0.01390	0.01039	0.01377
2	0.01888	0.01498	0.01873	0.08859	0.02577	0.01571	0.01395	0.06211	0.10943	0.04099	0.32316	0.06516	0.12257	0.01903	0.01184	0.00341	0.00716	0.01646	0.01036	0.01170
3	0.01385	0.00995	0.01314	0.01406	0.01555	0.00924	0.00989	0.01716	0.02476	0.03418	0.29082	0.36848	0.08384	0.02776	0.01302	0.00384	0.00560	0.02496	0.01067	0.00924
4	0.02413	0.01353	0.01879	0.01932	0.02309	0.01296	0.01669	0.02882	0.02572	0.15720	0.05265	0.09984	0.05276	0.02545	0.01368	0.00450	0.00956	0.37915	0.01052	0.01166
5	0.01496	0.01081	0.01413	0.01330	0.01580	0.00998	0.00998	0.01995	0.02993	0.04240	0.55689	0.07898	0.09976	0.02162	0.01247	0.00333	0.00499	0.01912	0.01164	0.00998
6	0.01496	0.01081	0.01413	0.01330	0.01580	0.00998	0.00998	0.01995	0.02993	0.04240	0.55689	0.07898	0.09976	0.02162	0.01247	0.00333	0.00499	0.01912	0.01164	0.00998
7	0.70310	0.02045	0.01554	0.01390	0.02045	0.02372	0.01145	0.03108	0.01799	0.04744	0.01472	0.01718	0.01145	0.00981	0.00654	0.00327	0.00818	0.00573	0.00654	0.01145
8	0.04744	0.01799	0.02454	0.01881	0.02699	0.01554	0.01554	0.05153	0.03026	0.56979	0.04171	0.03599	0.02617	0.01309	0.01063	0.00327	0.00900	0.01063	0.01309	0.01799
9	0.70310	0.02045	0.01554	0.01390	0.02045	0.02372	0.01145	0.03108	0.01799	0.04744	0.01472	0.01718	0.01145	0.00981	0.00654	0.00327	0.00818	0.00573	0.00654	0.01145
10	0.01997	0.01879	0.03171	0.60301	0.07282	0.02349	0.02936	0.02701	0.02114	0.02701	0.01879	0.02819	0.01409	0.01057	0.01057	0.00352	0.01409	0.00940	0.00470	0.01175
11	0.70310	0.02045	0.01554	0.01390	0.02045	0.02372	0.01145	0.03108	0.01799	0.04744	0.01472	0.01718	0.01145	0.00981	0.00654	0.00327	0.00818	0.00573	0.00654	0.01145
12	0.02192	0.01879	0.02192	0.01566	0.02506	0.01409	0.01253	0.02662	0.02192	0.03445	0.01879	0.02192	0.01566	0.00783	0.00783	0.00157	0.00783	0.00626	0.00626	0.69305
13	0.01284	0.00935	0.01211	0.01433	0.01523	0.00862	0.00964	0.01477	0.02062	0.02715	0.06309	0.57026	0.11808	0.03250	0.01340	0.00422	0.00606	0.02929	0.00982	0.00862
14	0.01496	0.01081	0.01413	0.01330	0.01580	0.00998	0.00998	0.01995	0.02993	0.04240	0.55689	0.07898	0.09976	0.02162	0.01247	0.00333	0.00499	0.01912	0.01164	0.00998
15	0.02974	0.01932	0.03076	0.34457	0.11885	0.02109	0.02522	0.03572	0.02449	0.20575	0.02644	0.03049	0.01838	0.01125	0.01058	0.00339	0.01223	0.00980	0.00751	0.01442
16	0.04677	0.01907	0.02520	0.01932	0.02753	0.01713	0.01596	0.09544	0.03206	0.52334	0.04021	0.03501	0.02542	0.01305	0.01063	0.00326	0.00924	0.01053	0.01285	0.01799
17	0.03723	0.02554	0.02782	0.02195	0.02948	0.02784	0.01793	0.36724	0.10642	0.11583	0.03026	0.02967	0.02155	0.01290	0.01029	0.00317	0.01028	0.00998	0.07760	0.01703
18	0.01379	0.01007	0.01317	0.01531	0.01671	0.00945	0.01125	0.01643	0.02167	0.02826	0.06384	0.44126	0.12870	0.03143	0.01363	0.00434	0.00687	0.13513	0.00980	0.00889
19	0.03088	0.02595	0.03159	0.28292	0.08748	0.09539	0.02466	0.16355	0.03088	0.09138	0.02256	0.02694	0.01644	0.01134	0.01044	0.00328	0.01345	0.00923	0.00721	0.01442
20	0.04744	0.01799	0.02454	0.01881	0.02699	0.01554	0.01554	0.05153	0.03026	0.56979	0.04171	0.03599	0.02617	0.01309	0.01063	0.00327	0.00900	0.01063	0.01309	0.01799
21	0.04451	0.02270	0.02745	0.02104	0.02934	0.02252	0.01738	0.24404	0.03813	0.36616	0.03510	0.03170	0.02286	0.01293	0.01061	0.00323	0.01006	0.01018	0.01207	0.01799
22	0.02662	0.06721	0.17027	0.02770	0.08189	0.02199	0.07255	0.08613	0.02862	0.11266	0.15461	0.03904	0.03739	0.01335	0.01085	0.00325	0.01134	0.01163	0.00823	0.01466
23	0.02141	0.02027	0.03433	0.47746	0.18706	0.02387	0.03008	0.02828	0.02183	0.02877	0.01905	0.02772	0.01471	0.01030	0.01055	0.00343	0.01374	0.00940	0.00482	0.01291
24	0.04112	0.01860	0.02336	0.01853	0.02581	0.01761	0.01511	0.09269	0.08683	0.40216	0.03948	0.03580	0.02619	0.01309	0.01025	0.00320	0.00868	0.01058	0.09404	0.01687
25	0.29487	0.02515	0.02770	0.10198	0.14903	0.06582	0.02059	0.12658	0.02664	0.04418	0.01852	0.02223	0.01435	0.01045	0.00889	0.00322	0.01132	0.00780	0.00672	0.01396

[dist]
# distance from previous block
# <min> <max>
0	2

[block]
# block no. 9 follows, 13 sequences, length 23
# corresponding to MSA columns:
# 617-639
name=unknown_J
#
# <colnr> <probs for GDERKNQSTAVLIFYWHMCP>
#	G	D	E	R	K	N	Q	S	T	A	V	L	I	F	Y	W	H	M	C	P
0	0.02107	0.02060	0.02725	0.39213	0.05427	0.08680	0.02361	0.02711	0.02431	0.03060	0.14873	0.03940	0.03477	0.01328	0.01091	0.00338	0.01248	0.01144	0.00647	0.01138
1	0.02556	0.02185	0.03170	0.23127	0.22553	0.06173	0.02530	0.03144	0.02433	0.07981	0.06202	0.03221	0.02345	0.01138	0.01034	0.00321	0.01204	0.01008	0.06298	0.01377
2	0.01344	0.01005	0.01255	0.01382	0.01560	0.00916	0.00990	0.01626	0.02320	0.03048	0.16061	0.36487	0.19174	0.02925	0.01314	0.00398	0.00598	0.05681	0.01014	0.00900
3	0.02174	0.02067	0.03381	0.31636	0.23013	0.02365	0.02803	0.02772	0.02193	0.02956	0.02616	0.03323	0.06087	0.01229	0.01295	0.00350	0.06843	0.01048	0.00531	0.01319
4	0.01494	0.01092	0.01411	0.01363	0.01621	0.01008	0.01044	0.01973	0.02895	0.04029	0.47504	0.08445	0.13447	0.02272	0.01266	0.00348	0.00544	0.06125	0.01132	0.00987
5	0.01548	0.01106	0.01566	0.01566	0.01731	0.01253	0.01178	0.01877	0.01712	0.02501	0.02951	0.04552	0.02828	0.15663	0.46510	0.01494	0.02393	0.01183	0.05486	0.00902
6	0.04359	0.01714	0.02331	0.01816	0.02567	0.01488	0.01488	0.04779	0.03022	0.50736	0.10269	0.04108	0.03488	0.01410	0.01085	0.00328	0.00852	0.01164	0.01292	0.01704
7	0.01479	0.01067	0.01398	0.01342	0.01576	0.00986	0.00996	0.01951	0.02911	0.04110	0.51483	0.12474	0.09725	0.02259	0.01256	0.00341	0.00508	0.02004	0.01149	0.00986
8	0.02121	0.05469	0.57364	0.03014	0.04576	0.02455	0.03906	0.03348	0.02232	0.03348	0.01897	0.02232	0.01339	0.01005	0.01005	0.00335	0.01563	0.00781	0.00446	0.01563
9	0.02617	0.02512	0.04292	0.06490	0.56246	0.02512	0.03245	0.03245	0.02407	0.03454	0.01989	0.02617	0.01675	0.00942	0.01047	0.00314	0.01256	0.00942	0.00523	0.01675
10	0.03950	0.05039	0.02996	0.02724	0.03269	0.58597	0.02043	0.04222	0.02996	0.02588	0.01634	0.01907	0.01362	0.01090	0.00953	0.00272	0.01907	0.00681	0.00545	0.01226
11	0.02192	0.01879	0.02192	0.01566	0.02506	0.01409	0.01253	0.02662	0.02192	0.03445	0.01879	0.02192	0.01566	0.00783	0.00783	0.00157	0.00783	0.00626	0.00626	0.69305
12	0.03950	0.05039	0.02996	0.02724	0.03269	0.58597	0.02043	0.04222	0.02996	0.02588	0.01634	0.01907	0.01362	0.01090	0.00953	0.00272	0.01907	0.00681	0.00545	0.01226
13	0.04744	0.01799	0.02454	0.01881	0.02699	0.01554	0.01554	0.05153	0.03026	0.56979	0.04171	0.03599	0.02617	0.01309	0.01063	0.00327	0.00900	0.01063	0.01309	0.01799
14	0.01397	0.01077	0.01275	0.01225	0.01518	0.00955	0.00919	0.01802	0.02757	0.03680	0.37480	0.08820	0.28534	0.02371	0.01248	0.00342	0.00514	0.02041	0.01090	0.00955
15	0.01523	0.01210	0.01542	0.01462	0.01686	0.01228	0.01112	0.01914	0.02621	0.03612	0.35408	0.12772	0.18052	0.02338	0.01520	0.00362	0.07667	0.01963	0.01027	0.00982
16	0.02672	0.02338	0.02652	0.02320	0.02800	0.02825	0.01850	0.08827	0.38007	0.04174	0.03481	0.03450	0.02682	0.01517	0.01629	0.00379	0.14788	0.01113	0.00932	0.01564
17	0.01279	0.00955	0.01191	0.01379	0.01509	0.00867	0.00940	0.01483	0.02114	0.02735	0.06959	0.50104	0.18310	0.03165	0.01326	0.00413	0.00595	0.02826	0.00982	0.00867
18	0.02572	0.02747	0.05604	0.10887	0.05535	0.02689	0.42083	0.07679	0.02670	0.03596	0.02144	0.02820	0.01598	0.00944	0.01208	0.00353	0.01683	0.01185	0.00573	0.01429
19	0.02992	0.03148	0.03321	0.02794	0.03170	0.17762	0.05901	0.09386	0.06841	0.03274	0.01891	0.02409	0.01600	0.01473	0.02148	0.00378	0.28672	0.00911	0.00613	0.01316
20	0.01673	0.01380	0.02130	0.25549	0.04028	0.01549	0.01945	0.02140	0.02156	0.02808	0.04166	0.26338	0.04508	0.02303	0.01256	0.00411	0.01021	0.12855	0.00771	0.01014
21	0.01868	0.01242	0.01607	0.01520	0.01788	0.01223	0.01150	0.02219	0.02546	0.09735	0.25416	0.19884	0.15238	0.02386	0.01457	0.00371	0.06223	0.02027	0.01043	0.01058
22	0.02908	0.02745	0.11433	0.11058	0.03893	0.06746	0.08120	0.08063	0.02878	0.14942	0.12729	0.03765	0.03347	0.01316	0.01101	0.00331	0.01214	0.01143	0.00844	0.01424

[dist]
# distance from previous block
# <min> <max>
6	8

[block]
# block no. 10 follows, 13 sequences, length 49
# corresponding to MSA columns:
# 648-696
name=unknown_K
#
# <colnr> <probs for GDERKNQSTAVLIFYWHMCP>
#	G	D	E	R	K	N	Q	S	T	A	V	L	I	F	Y	W	H	M	C	P
0	0.01856	0.01160	0.01529	0.01391	0.01704	0.01059	0.01059	0.02345	0.02997	0.10081	0.49982	0.07422	0.09161	0.02067	0.01227	0.00332	0.00543	0.01818	0.01180	0.01086
1	0.02867	0.02844	0.09069	0.02565	0.03320	0.02819	0.06438	0.16154	0.27975	0.04594	0.03189	0.03191	0.02386	0.01335	0.01275	0.00355	0.06019	0.01074	0.00905	0.01627
2	0.01282	0.01024	0.01148	0.01218	0.01474	0.00891	0.00875	0.01543	0.02337	0.02921	0.12900	0.26309	0.36692	0.02834	0.01281	0.00378	0.00557	0.02448	0.00997	0.00891
3	0.01501	0.01080	0.01358	0.01325	0.01534	0.01013	0.00970	0.01882	0.02612	0.03605	0.37519	0.08226	0.12217	0.14232	0.02080	0.00484	0.00645	0.05772	0.01030	0.00917
4	0.02977	0.02095	0.02528	0.01949	0.02691	0.02032	0.01588	0.13787	0.02832	0.12896	0.02416	0.02653	0.01847	0.01596	0.05257	0.00362	0.07688	0.00838	0.00811	0.31158
5	0.21758	0.02174	0.02409	0.01899	0.02682	0.02228	0.01568	0.17295	0.03223	0.29859	0.03028	0.02822	0.02013	0.01212	0.00954	0.00325	0.00949	0.00905	0.01070	0.01627
