[name]
unknown

[dist]
# distance from previous block
# <min> <max>
0	73

[block]
# block no. 0 follows, 14 sequences, length 116
# corresponding to MSA columns:
# 87-202
name=unknown_A
#
# <colnr> <probs for GDERKNQSTAVLIFYWHMCP>
#	G	D	E	R	K	N	Q	S	T	A	V	L	I	F	Y	W	H	M	C	P
0	0.01591	0.01137	0.01582	0.01819	0.02027	0.01127	0.01545	0.02018	0.02301	0.03001	0.05468	0.19572	0.06042	0.02894	0.01401	0.00464	0.00891	0.43246	0.00946	0.00928
1	0.01452	0.01049	0.01372	0.01291	0.01533	0.00968	0.00968	0.01937	0.02905	0.04115	0.56992	0.07666	0.09683	0.02098	0.01210	0.00323	0.00484	0.01856	0.01130	0.00968
2	0.02258	0.15929	0.07407	0.01685	0.02639	0.02043	0.01543	0.02746	0.02122	0.03132	0.01738	0.02025	0.01457	0.00803	0.00755	0.00181	0.00895	0.00607	0.00557	0.49478
3	0.01492	0.00995	0.01119	0.01119	0.01119	0.00995	0.00622	0.01492	0.01492	0.01990	0.03233	0.06716	0.03731	0.63935	0.05223	0.00995	0.00995	0.01492	0.00622	0.00622
4	0.04604	0.01746	0.02382	0.01826	0.02620	0.01508	0.01508	0.05001	0.02937	0.58244	0.04049	0.03493	0.02540	0.01270	0.01032	0.00318	0.00873	0.01032	0.01270	0.01746
5	0.71184	0.01985	0.01508	0.01350	0.01985	0.02302	0.01111	0.03017	0.01746	0.04604	0.01429	0.01667	0.01111	0.00953	0.00635	0.00318	0.00794	0.00556	0.00635	0.01111
6	0.01727	0.01055	0.01534	0.01498	0.01538	0.01168	0.01065	0.01550	0.01437	0.01986	0.02076	0.03539	0.02076	0.09203	0.16290	0.43903	0.06268	0.00986	0.00483	0.00618
7	0.04056	0.02626	0.02926	0.02243	0.03058	0.02813	0.01853	0.43289	0.04409	0.17878	0.02813	0.02691	0.01920	0.01240	0.01028	0.00310	0.01073	0.00948	0.01080	0.01745
8	0.01565	0.01118	0.01552	0.01788	0.01986	0.01105	0.01499	0.01972	0.02275	0.02972	0.05483	0.22967	0.06100	0.02919	0.01394	0.00460	0.00868	0.40112	0.00947	0.00920
9	0.02128	0.01824	0.02128	0.01520	0.02432	0.01368	0.01216	0.02584	0.02128	0.03344	0.01824	0.02128	0.01520	0.00760	0.00760	0.00152	0.00760	0.00608	0.00608	0.70208
10	0.01217	0.01025	0.01055	0.01079	0.01396	0.00863	0.00797	0.01468	0.02301	0.02757	0.09918	0.15255	0.52046	0.02661	0.01223	0.00354	0.00527	0.02242	0.00953	0.00863
11	0.02422	0.02768	0.06055	0.04325	0.05363	0.02595	0.53806	0.03287	0.02422	0.03287	0.02076	0.02768	0.01557	0.00865	0.01211	0.00346	0.01730	0.01211	0.00519	0.01384
12	0.01466	0.01100	0.01649	0.01649	0.01833	0.01283	0.01283	0.01833	0.01649	0.02382	0.02749	0.04032	0.02566	0.07697	0.59868	0.01649	0.02749	0.01100	0.00550	0.00916
13	0.07915	0.02671	0.08090	0.05259	0.43656	0.02499	0.02922	0.08281	0.02529	0.03755	0.01939	0.02436	0.01573	0.00954	0.00985	0.00308	0.01201	0.00876	0.00564	0.01590
14	0.02744	0.64552	0.05378	0.01756	0.02634	0.04061	0.01756	0.03073	0.02085	0.02414	0.01427	0.01646	0.01317	0.00878	0.00658	0.00219	0.01097	0.00549	0.00439	0.01317
15	0.03901	0.02874	0.03080	0.02361	0.03182	0.03182	0.01951	0.54111	0.04825	0.06468	0.02464	0.02464	0.01745	0.01232	0.01027	0.00308	0.01129	0.00924	0.01027	0.01745
16	0.01213	0.01040	0.01040	0.01040	0.01386	0.00866	0.00780	0.01473	0.02339	0.02772	0.10396	0.09876	0.57117	0.02599	0.01213	0.00347	0.00520	0.02166	0.00953	0.00866
17	0.01562	0.01152	0.01525	0.01712	0.01972	0.01115	0.01471	0.01990	0.02358	0.03009	0.06469	0.11221	0.16596	0.02786	0.01375	0.00446	0.00856	0.40510	0.00947	0.00929
18	0.02354	0.30863	0.35653	0.02421	0.03662	0.03107	0.02913	0.03174	0.02131	0.02890	0.01663	0.01942	0.01307	0.00933	0.00838	0.00279	0.01336	0.00668	0.00436	0.01430
19	0.04220	0.02362	0.02763	0.02118	0.02927	0.02422	0.01750	0.31818	0.03968	0.29971	0.03183	0.02931	0.02106	0.01249	0.01029	0.00312	0.01013	0.00973	0.01137	0.01746
20	0.02553	0.02204	0.02320	0.02088	0.02669	0.02553	0.01624	0.05453	0.55679	0.04293	0.04177	0.03829	0.03133	0.01392	0.01044	0.00348	0.00812	0.01160	0.01044	0.01624
21	0.01964	0.01870	0.03139	0.02758	0.06690	0.01847	0.17947	0.02944	0.12943	0.03233	0.04533	0.21874	0.09958	0.01880	0.01194	0.00365	0.01031	0.01803	0.00804	0.01223
22	0.02143	0.02003	0.02799	0.02433	0.02433	0.02737	0.01981	0.02271	0.01538	0.02356	0.01513	0.02619	0.01542	0.05699	0.03557	0.09124	0.50852	0.00932	0.00459	0.01009
23	0.01913	0.00956	0.00956	0.00956	0.01196	0.00956	0.00717	0.02391	0.02152	0.03826	0.03348	0.03826	0.02630	0.01196	0.00717	0.00239	0.00478	0.00956	0.69632	0.00956
24	0.01938	0.01824	0.03078	0.61468	0.07068	0.02280	0.02850	0.02622	0.02052	0.02622	0.01824	0.02736	0.01368	0.01026	0.01026	0.00342	0.01368	0.00912	0.00456	0.01140
25	0.03207	0.02984	0.10162	0.02914	0.09673	0.07020	0.05602	0.17232	0.14710	0.11679	0.02815	0.02843	0.02039	0.01164	0.01028	0.00319	0.01181	0.00966	0.00855	0.01609
26	0.03051	0.03606	0.07634	0.03613	0.17457	0.24803	0.02479	0.07375	0.02590	0.03091	0.01718	0.02181	0.01438	0.01171	0.01437	0.00319	0.13335	0.00802	0.00539	0.01360
27	0.13748	0.01779	0.02262	0.01760	0.02532	0.01617	0.01454	0.04729	0.02774	0.50877	0.03689	0.03242	0.02344	0.01227	0.00977	0.00318	0.00862	0.00967	0.01183	0.01659
28	0.03901	0.02874	0.03080	0.02361	0.03182	0.03182	0.01951	0.54111	0.04825	0.06468	0.02464	0.02464	0.01745	0.01232	0.01027	0.00308	0.01129	0.00924	0.01027	0.01745
29	0.01253	0.00944	0.01160	0.01312	0.01463	0.00851	0.00905	0.01474	0.02129	0.02758	0.10278	0.44815	0.20996	0.02972	0.01276	0.00391	0.00567	0.02640	0.00964	0.00851
30	0.01492	0.00995	0.01119	0.01119	0.01119	0.00995	0.00622	0.01492	0.01492	0.01990	0.03233	0.06716	0.03731	0.63935	0.05223	0.00995	0.00995	0.01492	0.00622	0.00622
31	0.02744	0.64552	0.05378	0.01756	0.02634	0.04061	0.01756	0.03073	0.02085	0.02414	0.01427	0.01646	0.01317	0.00878	0.00658	0.00219	0.01097	0.00549	0.00439	0.01317
32	0.01452	0.01049	0.01372	0.01291	0.01533	0.00968	0.00968	0.01937	0.02905	0.04115	0.56992	0.07666	0.09683	0.02098	0.01210	0.00323	0.00484	0.01856	0.01130	0.00968
33	0.03943	0.02807	0.03038	0.02329	0.03149	0.03082	0.01924	0.51179	0.04712	0.09559	0.02558	0.02525	0.01793	0.01234	0.01027	0.00309	0.01114	0.00930	0.01041	0.01745
34	0.02245	0.02245	0.03143	0.02694	0.02694	0.03143	0.02245	0.02470	0.01572	0.02470	0.01347	0.02245	0.01347	0.01796	0.03368	0.00449	0.62057	0.00898	0.00449	0.01123
35	0.01654	0.01181	0.01654	0.01890	0.02126	0.01181	0.01654	0.02126	0.02362	0.03071	0.05433	0.11576	0.05906	0.02835	0.01417	0.00472	0.00945	0.50626	0.00945	0.00945
36	0.01703	0.00936	0.01031	0.01106	0.01288	0.00918	0.00792	0.02087	0.02093	0.03444	0.04079	0.22644	0.03946	0.01835	0.00905	0.00295	0.00515	0.01577	0.47888	0.00918
37	0.71184	0.01985	0.01508	0.01350	0.01985	0.02302	0.01111	0.03017	0.01746	0.04604	0.01429	0.01667	0.01111	0.00953	0.00635	0.00318	0.00794	0.00556	0.00635	0.01111
38	0.02119	0.01550	0.01788	0.01666	0.01997	0.01601	0.01236	0.18155	0.02939	0.03924	0.08833	0.32195	0.08761	0.06444	0.01463	0.00408	0.00777	0.02057	0.00968	0.01121
39	0.03244	0.02548	0.02710	0.02228	0.02932	0.02875	0.01791	0.30386	0.29621	0.05407	0.03299	0.03129	0.02422	0.01310	0.01035	0.00328	0.00975	0.01039	0.01035	0.01686
40	0.01315	0.00948	0.01225	0.01401	0.01506	0.00888	0.00971	0.01533	0.02061	0.02734	0.09803	0.46073	0.10563	0.07955	0.01619	0.00455	0.00642	0.06532	0.00939	0.00838
41	0.02399	0.02270	0.03723	0.18885	0.40105	0.02412	0.02925	0.03257	0.07644	0.03275	0.02132	0.02716	0.01717	0.00989	0.01021	0.00318	0.01213	0.00939	0.00550	0.01511
42	0.71184	0.01985	0.01508	0.01350	0.01985	0.02302	0.01111	0.03017	0.01746	0.04604	0.01429	0.01667	0.01111	0.00953	0.00635	0.00318	0.00794	0.00556	0.00635	0.01111
43	0.02479	0.02376	0.04056	0.11857	0.52449	0.02422	0.03119	0.03096	0.02308	0.03279	0.01920	0.02560	0.01600	0.00926	0.01017	0.00309	0.01234	0.00914	0.00503	0.01577
44	0.02744	0.64552	0.05378	0.01756	0.02634	0.04061	0.01756	0.03073	0.02085	0.02414	0.01427	0.01646	0.01317	0.00878	0.00658	0.00219	0.01097	0.00549	0.00439	0.01317
45	0.04604	0.01746	0.02382	0.01826	0.02620	0.01508	0.01508	0.05001	0.02937	0.58244	0.04049	0.03493	0.02540	0.01270	0.01032	0.00318	0.00873	0.01032	0.01270	0.01746
46	0.01485	0.01222	0.01328	0.01270	0.01625	0.01155	0.00962	0.02215	0.10745	0.03373	0.22115	0.08339	0.35857	0.02276	0.01186	0.00340	0.00555	0.01926	0.01015	0.01011
47	0.03106	0.02263	0.07462	0.02874	0.13770	0.01793	0.05366	0.03658	0.02480	0.22898	0.02656	0.02741	0.01889	0.00997	0.00955	0.00268	0.01016	0.00872	0.00804	0.22134
48	0.01515	0.00987	0.01136	0.01136	0.01136	0.00987	0.00643	0.01480	0.01480	0.01974	0.03120	0.06434	0.03579	0.59216	0.05128	0.06400	0.00987	0.01445	0.00608	0.00608
49	0.01368	0.01037	0.01273	0.01383	0.01560	0.00982	0.00972	0.01802	0.05967	0.03007	0.14711	0.40525	0.16003	0.02796	0.01258	0.00384	0.00579	0.02487	0.00988	0.00917
50	0.02058	0.05308	0.58618	0.02925	0.04442	0.02383	0.03792	0.03250	0.02167	0.03250	0.01842	0.02167	0.01300	0.00975	0.00975	0.00325	0.01517	0.00758	0.00433	0.01517
51	0.24389	0.02538	0.02754	0.02621	0.10699	0.02804	0.01866	0.31009	0.03518	0.05443	0.02068	0.02230	0.01533	0.01100	0.00905	0.00310	0.01039	0.00809	0.00831	0.01533
52	0.01244	0.00917	0.01166	0.01366	0.01472	0.00839	0.00925	0.01436	0.02025	0.02644	0.06423	0.54621	0.14936	0.03115	0.01294	0.00405	0.00583	0.02796	0.00953	0.00839
53	0.01541	0.01142	0.01448	0.01355	0.01625	0.01096	0.01021	0.02221	0.07168	0.04130	0.52725	0.07356	0.09154	0.02041	0.01197	0.00325	0.00511	0.01800	0.01123	0.01021
54	0.01452	0.01049	0.01372	0.01291	0.01533	0.00968	0.00968	0.01937	0.02905	0.04115	0.56992	0.07666	0.09683	0.02098	0.01210	0.00323	0.00484	0.01856	0.01130	0.00968
55	0.48798	0.01905	0.01802	0.01510	0.02198	0.02035	0.01245	0.03684	0.02147	0.22639	0.02310	0.02281	0.01592	0.01059	0.00769	0.00318	0.00821	0.00716	0.00849	0.01325
56	0.02744	0.64552	0.05378	0.01756	0.02634	0.04061	0.01756	0.03073	0.02085	0.02414	0.01427	0.01646	0.01317	0.00878	0.00658	0.00219	0.01097	0.00549	0.00439	0.01317
57	0.01280	0.01011	0.01154	0.01185	0.01444	0.00885	0.00863	0.01579	0.02400	0.03073	0.20964	0.20685	0.34626	0.02606	0.01233	0.00356	0.00527	0.02249	0.00997	0.00885
58	0.03857	0.01988	0.02903	0.07752	0.15948	0.01898	0.02032	0.07530	0.02845	0.37476	0.03267	0.03141	0.02179	0.01164	0.01027	0.00316	0.01011	0.00988	0.01009	0.01669
59	0.62440	0.02033	0.01671	0.01449	0.02107	0.02316	0.01194	0.06735	0.02035	0.07962	0.01659	0.01833	0.01242	0.00991	0.00687	0.00317	0.00822	0.00610	0.00701	0.01194
60	0.01248	0.00903	0.01181	0.01403	0.01482	0.00836	0.00941	0.01432	0.01990	0.02630	0.05973	0.59693	0.10155	0.03174	0.01303	0.00412	0.00590	0.02867	0.00953	0.00836
61	0.03224	0.02299	0.03583	0.04717	0.37509	0.02267	0.02594	0.08774	0.02746	0.18209	0.02545	0.02785	0.01880	0.01041	0.01021	0.00308	0.01118	0.00946	0.00762	0.01670
62	0.03035	0.41170	0.04321	0.01936	0.02734	0.16180	0.01738	0.03366	0.02324	0.05770	0.01655	0.01848	0.01410	0.00929	0.00750	0.00228	0.01220	0.00608	0.00524	0.08254
63	0.71184	0.01985	0.01508	0.01350	0.01985	0.02302	0.01111	0.03017	0.01746	0.04604	0.01429	0.01667	0.01111	0.00953	0.00635	0.00318	0.00794	0.00556	0.00635	0.01111
64	0.02720	0.02312	0.02601	0.02547	0.08260	0.02620	0.01819	0.11301	0.43951	0.04470	0.03736	0.03528	0.02807	0.01324	0.01039	0.00339	0.00893	0.01106	0.00988	0.01640
65	0.71184	0.01985	0.01508	0.01350	0.01985	0.02302	0.01111	0.03017	0.01746	0.04604	0.01429	0.01667	0.01111	0.00953	0.00635	0.00318	0.00794	0.00556	0.00635	0.01111
66	0.03071	0.02462	0.02613	0.02193	0.02866	0.02795	0.01750	0.24169	0.36119	0.05129	0.03518	0.03304	0.02599	0.01331	0.01037	0.00333	0.00934	0.01069	0.01037	0.01671
67	0.01250	0.00893	0.01191	0.01429	0.01488	0.00834	0.00953	0.01429	0.01965	0.02620	0.05656	0.63265	0.06787	0.03215	0.01310	0.00417	0.00595	0.02917	0.00953	0.00834
68	0.03765	0.02807	0.03003	0.02334	0.03131	0.03119	0.01918	0.49209	0.09948	0.06248	0.02636	0.02601	0.01885	0.01248	0.01028	0.00312	0.01097	0.00948	0.01028	0.01733
69	0.01671	0.01073	0.01391	0.01316	0.01576	0.00989	0.00984	0.02119	0.02759	0.07499	0.44565	0.12723	0.08425	0.02093	0.01174	0.00326	0.00520	0.01845	0.05946	0.01005
70	0.01468	0.01014	0.01256	0.01322	0.01408	0.00991	0.00897	0.01651	0.01940	0.02614	0.12711	0.17739	0.05578	0.33608	0.03285	0.00702	0.00833	0.09407	0.00813	0.00766
71	0.02553	0.02204	0.02320	0.02088	0.02669	0.02553	0.01624	0.05453	0.55679	0.04293	0.04177	0.03829	0.03133	0.01392	0.01044	0.00348	0.00812	0.01160	0.01044	0.01624
72	0.03833	0.04891	0.02908	0.02644	0.03173	0.59815	0.01983	0.04098	0.02908	0.02512	0.01586	0.01851	0.01322	0.01058	0.00925	0.00264	0.01851	0.00661	0.00529	0.01190
73	0.02169	0.14900	0.49998	0.02736	0.04149	0.02655	0.03462	0.03221	0.02153	0.03115	0.01774	0.02082	0.01303	0.00959	0.00924	0.00308	0.01449	0.00724	0.00434	0.01484
74	0.02580	0.07489	0.04417	0.10819	0.34155	0.02640	0.12245	0.07099	0.02498	0.03435	0.01947	0.02524	0.01571	0.00938	0.01025	0.00309	0.01311	0.00940	0.00540	0.01517
75	0.71184	0.01985	0.01508	0.01350	0.01985	0.02302	0.01111	0.03017	0.01746	0.04604	0.01429	0.01667	0.01111	0.00953	0.00635	0.00318	0.00794	0.00556	0.00635	0.01111
76	0.71184	0.01985	0.01508	0.01350	0.01985	0.02302	0.01111	0.03017	0.01746	0.04604	0.01429	0.01667	0.01111	0.00953	0.00635	0.00318	0.00794	0.00556	0.00635	0.01111
77	0.01213	0.01040	0.01040	0.01040	0.01386	0.00866	0.00780	0.01473	0.02339	0.02772	0.10396	0.09876	0.57117	0.02599	0.01213	0.00347	0.00520	0.02166	0.00953	0.00866
78	0.01213	0.01040	0.01040	0.01040	0.01386	0.00866	0.00780	0.01473	0.02339	0.02772	0.10396	0.09876	0.57117	0.02599	0.01213	0.00347	0.00520	0.02166	0.00953	0.00866
79	0.02744	0.64552	0.05378	0.01756	0.02634	0.04061	0.01756	0.03073	0.02085	0.02414	0.01427	0.01646	0.01317	0.00878	0.00658	0.00219	0.01097	0.00549	0.00439	0.01317
80	0.02744	0.64552	0.05378	0.01756	0.02634	0.04061	0.01756	0.03073	0.02085	0.02414	0.01427	0.01646	0.01317	0.00878	0.00658	0.00219	0.01097	0.00549	0.00439	0.01317
81	0.02759	0.02158	0.02327	0.02062	0.02664	0.02447	0.01613	0.05408	0.50366	0.09728	0.04164	0.03795	0.03073	0.01380	0.01043	0.00345	0.00818	0.01147	0.01067	0.01637
82	0.01454	0.01062	0.01374	0.01332	0.01581	0.00982	0.01023	0.01919	0.02806	0.03905	0.48155	0.08232	0.13010	0.02211	0.01231	0.00340	0.00533	0.06793	0.01097	0.00958
83	0.01309	0.01043	0.01173	0.01140	0.01445	0.00907	0.00855	0.01659	0.02566	0.03311	0.29079	0.08990	0.38098	0.02398	0.01212	0.00337	0.00506	0.02042	0.01024	0.00907
84	0.02553	0.02204	0.02320	0.02088	0.02669	0.02553	0.01624	0.05453	0.55679	0.04293	0.04177	0.03829	0.03133	0.01392	0.01044	0.00348	0.00812	0.01160	0.01044	0.01624
85	0.02432	0.02328	0.03971	0.16170	0.48504	0.02410	0.03096	0.03055	0.02286	0.03222	0.01911	0.02575	0.01579	0.00934	0.01018	0.00311	0.01246	0.00914	0.00499	0.01539
86	0.01395	0.01032	0.01302	0.01266	0.01506	0.00939	0.00937	0.01814	0.02722	0.03756	0.44596	0.13610	0.16745	0.02288	0.01221	0.00336	0.00501	0.02011	0.01084	0.00939
87	0.10570	0.03822	0.02729	0.02579	0.06210	0.38428	0.01873	0.04150	0.06154	0.10973	0.02115	0.02239	0.01612	0.01091	0.00925	0.00285	0.01498	0.00752	0.00679	0.01317
88	0.15416	0.29335	0.13625	0.01984	0.02905	0.07120	0.01997	0.07108	0.02311	0.03351	0.01619	0.01852	0.01323	0.00942	0.00765	0.00262	0.01150	0.00628	0.00537	0.05769
89	0.02665	0.16105	0.16903	0.02745	0.03664	0.07397	0.11899	0.08620	0.09024	0.03420	0.02090	0.02386	0.01625	0.01081	0.01147	0.00313	0.06024	0.00868	0.00593	0.01432
90	0.02236	0.18542	0.34090	0.02604	0.03715	0.02723	0.06498	0.03005	0.02059	0.02886	0.01723	0.02168	0.01364	0.01208	0.01319	0.05950	0.05358	0.00761	0.00443	0.01348
91	0.01286	0.00994	0.01169	0.01240	0.01445	0.00906	0.00878	0.01525	0.02144	0.02740	0.11483	0.26432	0.28489	0.07926	0.06065	0.00518	0.00750	0.02252	0.00910	0.00849
92	0.01466	0.01100	0.01649	0.01649	0.01833	0.01283	0.01283	0.01833	0.01649	0.02382	0.02749	0.04032	0.02566	0.07697	0.59868	0.01649	0.02749	0.01100	0.00550	0.00916
93	0.01438	0.01103	0.01334	0.01364	0.01618	0.01038	0.01026	0.01954	0.05966	0.03344	0.24934	0.20049	0.21140	0.02496	0.01242	0.00366	0.00585	0.07030	0.01020	0.00953
94	0.01452	0.01049	0.01372	0.01291	0.01533	0.00968	0.00968	0.01937	0.02905	0.04115	0.56992	0.07666	0.09683	0.02098	0.01210	0.00323	0.00484	0.01856	0.01130	0.00968
95	0.01373	0.00987	0.01300	0.01345	0.01515	0.00915	0.00962	0.01736	0.02534	0.03525	0.36726	0.29615	0.08540	0.02539	0.01250	0.00360	0.00528	0.02275	0.01060	0.00915
96	0.03833	0.04891	0.02908	0.02644	0.03173	0.59815	0.01983	0.04098	0.02908	0.02512	0.01586	0.01851	0.01322	0.01058	0.00925	0.00264	0.01851	0.00661	0.00529	0.01190
97	0.10005	0.01766	0.02311	0.01787	0.02568	0.01573	0.01476	0.04840	0.02841	0.53893	0.03836	0.03345	0.02424	0.01244	0.01000	0.00318	0.00867	0.00993	0.01219	0.01695
98	0.65783	0.01965	0.01579	0.01388	0.02036	0.02238	0.01144	0.03178	0.01843	0.08956	0.01641	0.01815	0.01227	0.00978	0.00667	0.00318	0.00800	0.00594	0.00687	0.01163
99	0.01913	0.00956	0.00956	0.00956	0.01196	0.00956	0.00717	0.02391	0.02152	0.03826	0.03348	0.03826	0.02630	0.01196	0.00717	0.00239	0.00478	0.00956	0.69632	0.00956
100	0.02725	0.01891	0.02914	0.42629	0.05705	0.02171	0.02461	0.07359	0.02485	0.16032	0.02400	0.02892	0.01675	0.01100	0.01027	0.00333	0.01232	0.00941	0.00694	0.01332
101	0.02407	0.35443	0.31537	0.02330	0.03522	0.03236	0.02756	0.03160	0.02125	0.02825	0.01631	0.01902	0.01309	0.00926	0.00814	0.00271	0.01303	0.00652	0.00436	0.01415
102	0.02540	0.02438	0.04165	0.06299	0.57533	0.02438	0.03149	0.03149	0.02337	0.03353	0.01930	0.02540	0.01626	0.00914	0.01016	0.00305	0.01219	0.00914	0.00508	0.01626
103	0.02744	0.64552	0.05378	0.01756	0.02634	0.04061	0.01756	0.03073	0.02085	0.02414	0.01427	0.01646	0.01317	0.00878	0.00658	0.00219	0.01097	0.00549	0.00439	0.01317
104	0.01631	0.01460	0.02578	0.02505	0.06929	0.01379	0.13594	0.02006	0.02103	0.02836	0.04511	0.44093	0.05137	0.02475	0.01263	0.00391	0.00913	0.02353	0.00814	0.01027
105	0.04446	0.01800	0.02519	0.02170	0.06840	0.01580	0.01634	0.04859	0.02891	0.54025	0.03886	0.03420	0.02470	0.01243	0.01031	0.00317	0.00900	0.01023	0.01212	0.01737
106	0.02245	0.02245	0.03143	0.02694	0.02694	0.03143	0.02245	0.02470	0.01572	0.02470	0.01347	0.02245	0.01347	0.01796	0.03368	0.00449	0.62057	0.00898	0.00449	0.01123
107	0.01225	0.00993	0.01088	0.01165	0.01419	0.00856	0.00835	0.01459	0.02219	0.02723	0.08875	0.27007	0.40968	0.02797	0.01244	0.00369	0.00544	0.02407	0.00953	0.00856
108	0.29008	0.06994	0.08160	0.06708	0.03123	0.20679	0.01887	0.06710	0.02403	0.03643	0.01619	0.01910	0.01271	0.01008	0.00819	0.00297	0.01286	0.00661	0.00581	0.01233
109	0.03083	0.02460	0.03686	0.05062	0.41678	0.06276	0.02708	0.03622	0.02508	0.15315	0.02370	0.02700	0.01804	0.01002	0.01013	0.00305	0.01188	0.00922	0.00676	0.01621
110	0.02429	0.02206	0.03084	0.02627	0.02688	0.03016	0.02188	0.02667	0.01678	0.06811	0.01557	0.02342	0.01440	0.01755	0.03186	0.00439	0.57294	0.00908	0.00513	0.01171
111	0.01250	0.00893	0.01191	0.01429	0.01488	0.00834	0.00953	0.01429	0.01965	0.02620	0.05656	0.63265	0.06787	0.03215	0.01310	0.00417	0.00595	0.02917	0.00953	0.00834
112	0.03306	0.11702	0.13423	0.03125	0.14962	0.02299	0.05405	0.03909	0.02516	0.25255	0.02701	0.02740	0.01886	0.01060	0.00975	0.00304	0.01146	0.00898	0.00792	0.01596
113	0.03647	0.13193	0.03457	0.03166	0.19228	0.02246	0.02049	0.04096	0.02603	0.31657	0.02939	0.02874	0.02045	0.01092	0.00960	0.00296	0.01018	0.00910	0.00891	0.01633
114	0.03053	0.01386	0.01821	0.01542	0.01964	0.01289	0.01151	0.03299	0.02239	0.30321	0.03582	0.04756	0.02985	0.25310	0.10035	0.00737	0.01156	0.01211	0.00939	0.01224
115	0.02635	0.07568	0.04624	0.05159	0.36565	0.02664	0.14872	0.07159	0.02531	0.03505	0.01966	0.02515	0.01594	0.00925	0.01034	0.00308	0.01323	0.00955	0.00546	0.01553

[dist]
# distance from previous block
# <min> <max>
0	21

[block]
# block no. 1 follows, 14 sequences, length 28
# corresponding to MSA columns:
# 224-251
name=unknown_B
#
# <colnr> <probs for GDERKNQSTAVLIFYWHMCP>
#	G	D	E	R	K	N	Q	S	T	A	V	L	I	F	Y	W	H	M	C	P
0	0.27689	0.01708	0.02074	0.02584	0.14255	0.01816	0.01658	0.02560	0.02056	0.03624	0.03204	0.15133	0.03327	0.01775	0.01018	0.00368	0.00887	0.12393	0.00734	0.01138
1	0.02789	0.47067	0.05339	0.02324	0.03232	0.03579	0.13161	0.03241	0.02212	0.06098	0.01733	0.02008	0.01446	0.00900	0.00803	0.00253	0.01222	0.00724	0.00509	0.01359
2	0.01508	0.01020	0.01290	0.01250	0.01475	0.00954	0.00927	0.01964	0.02702	0.03937	0.43910	0.11972	0.08304	0.02053	0.01141	0.00318	0.00493	0.01807	0.12022	0.00954
3	0.03031	0.16189	0.14232	0.02596	0.08174	0.02840	0.02270	0.14689	0.11754	0.10520	0.02548	0.02590	0.01883	0.01109	0.00941	0.00300	0.01122	0.00863	0.00771	0.01579
4	0.01397	0.00976	0.01252	0.01416	0.01489	0.00945	0.00977	0.01573	0.01891	0.02507	0.04872	0.36634	0.05690	0.21803	0.02532	0.00604	0.00781	0.11023	0.00850	0.00788
5	0.01928	0.06343	0.12367	0.01982	0.02663	0.01907	0.05777	0.03088	0.15295	0.03502	0.15165	0.05519	0.16939	0.01673	0.01093	0.00330	0.00894	0.01432	0.00849	0.01255
6	0.01446	0.01421	0.06582	0.01422	0.01774	0.01066	0.01199	0.01923	0.02630	0.03641	0.38292	0.14680	0.15629	0.02214	0.01202	0.00339	0.00599	0.01938	0.01016	0.00986
7	0.02115	0.02045	0.02858	0.02524	0.02549	0.02789	0.02092	0.02358	0.01672	0.02535	0.02046	0.07852	0.02177	0.01999	0.03034	0.00449	0.51835	0.05455	0.00532	0.01084
8	0.07602	0.45542	0.04566	0.01874	0.02722	0.03732	0.01760	0.15335	0.02721	0.03535	0.01676	0.01844	0.01406	0.00968	0.00745	0.00247	0.01085	0.00639	0.00593	0.01406
9	0.02835	0.59569	0.05171	0.01830	0.02679	0.08717	0.01775	0.03158	0.02154	0.02423	0.01440	0.01663	0.01317	0.00893	0.00681	0.00223	0.01160	0.00558	0.00446	0.01306
10	0.01991	0.01878	0.03174	0.56589	0.11531	0.02294	0.02876	0.02669	0.02077	0.02687	0.01833	0.02719	0.01391	0.01016	0.01025	0.00339	0.01355	0.00912	0.00461	0.01183
11	0.04002	0.02713	0.02980	0.02284	0.03102	0.02943	0.01887	0.47075	0.04555	0.13886	0.02691	0.02611	0.01859	0.01237	0.01027	0.00309	0.01093	0.00939	0.01061	0.01745
12	0.01250	0.00893	0.01191	0.01429	0.01488	0.00834	0.00953	0.01429	0.01965	0.02620	0.05656	0.63265	0.06787	0.03215	0.01310	0.00417	0.00595	0.02917	0.00953	0.00834
13	0.01273	0.00902	0.01184	0.01400	0.01454	0.00848	0.00922	0.01435	0.01921	0.02562	0.05432	0.58046	0.06505	0.08820	0.01671	0.00470	0.00632	0.02786	0.00922	0.00814
14	0.04604	0.01746	0.02382	0.01826	0.02620	0.01508	0.01508	0.05001	0.02937	0.58244	0.04049	0.03493	0.02540	0.01270	0.01032	0.00318	0.00873	0.01032	0.01270	0.01746
15	0.01321	0.00929	0.01192	0.01350	0.01413	0.00880	0.00883	0.01488	0.01948	0.02619	0.09759	0.46102	0.06391	0.16166	0.02142	0.00533	0.00671	0.02515	0.00897	0.00800
16	0.02422	0.02768	0.06055	0.04325	0.05363	0.02595	0.53806	0.03287	0.02422	0.03287	0.02076	0.02768	0.01557	0.00865	0.01211	0.00346	0.01730	0.01211	0.00519	0.01384
17	0.71184	0.01985	0.01508	0.01350	0.01985	0.02302	0.01111	0.03017	0.01746	0.04604	0.01429	0.01667	0.01111	0.00953	0.00635	0.00318	0.00794	0.00556	0.00635	0.01111
18	0.02128	0.01824	0.02128	0.01520	0.02432	0.01368	0.01216	0.02584	0.02128	0.03344	0.01824	0.02128	0.01520	0.00760	0.00760	0.00152	0.00760	0.00608	0.00608	0.70208
19	0.03139	0.08069	0.07711	0.03962	0.23478	0.02322	0.11014	0.03740	0.02501	0.20075	0.02553	0.02764	0.01845	0.01016	0.01018	0.00309	0.01207	0.00956	0.00732	0.01587
20	0.04301	0.01814	0.02372	0.01865	0.02627	0.01663	0.01525	0.05068	0.10744	0.50258	0.04068	0.03543	0.02628	0.01288	0.01034	0.00322	0.00864	0.01051	0.01237	0.01728
21	0.02537	0.01465	0.01984	0.01955	0.05563	0.01394	0.01472	0.06232	0.02872	0.17874	0.24019	0.06875	0.05921	0.01932	0.01190	0.00355	0.00783	0.13246	0.01076	0.01254
22	0.02740	0.17028	0.23597	0.03125	0.12030	0.02826	0.05932	0.10582	0.02623	0.07250	0.02017	0.02280	0.01517	0.00994	0.00938	0.00297	0.01294	0.00807	0.00593	0.01530
23	0.02154	0.01345	0.01689	0.01505	0.01892	0.01305	0.01161	0.02997	0.11083	0.13260	0.39896	0.06369	0.07465	0.01849	0.01155	0.00326	0.00600	0.01609	0.01140	0.01201
24	0.01292	0.00925	0.01228	0.01400	0.01498	0.00861	0.00956	0.01534	0.02159	0.02929	0.16262	0.51778	0.07386	0.02984	0.01289	0.00397	0.00572	0.02698	0.00989	0.00861
25	0.06890	0.02450	0.04946	0.03607	0.04514	0.02332	0.39686	0.03339	0.02370	0.09692	0.02326	0.02898	0.01735	0.01533	0.06438	0.00458	0.01663	0.01139	0.00617	0.01367
26	0.20494	0.02033	0.02842	0.11200	0.08496	0.02025	0.08456	0.03214	0.02198	0.11936	0.02103	0.02427	0.01562	0.00955	0.00890	0.00288	0.01044	0.00810	0.00673	0.16353
27	0.01302	0.00915	0.01176	0.01363	0.01410	0.00868	0.00882	0.01442	0.01864	0.02486	0.05140	0.51227	0.06137	0.16141	0.02143	0.00540	0.00680	0.02614	0.00882	0.00788

[dist]
# distance from previous block
# <min> <max>
1	3

[block]
# block no. 2 follows, 14 sequences, length 53
# corresponding to MSA columns:
# 255-307
name=unknown_C
#
# <colnr> <probs for GDERKNQSTAVLIFYWHMCP>
#	G	D	E	R	K	N	Q	S	T	A	V	L	I	F	Y	W	H	M	C	P
0	0.15479	0.24123	0.04203	0.02894	0.12107	0.02987	0.10245	0.06593	0.02361	0.07466	0.01875	0.02168	0.01487	0.00948	0.00854	0.00285	0.01149	0.00777	0.00599	0.01401
1	0.02206	0.06544	0.11284	0.01934	0.02487	0.01800	0.04991	0.02663	0.02241	0.10609	0.13455	0.04922	0.07859	0.14309	0.02139	0.00468	0.06880	0.01290	0.00767	0.01151
2	0.02744	0.64552	0.05378	0.01756	0.02634	0.04061	0.01756	0.03073	0.02085	0.02414	0.01427	0.01646	0.01317	0.00878	0.00658	0.00219	0.01097	0.00549	0.00439	0.01317
3	0.01250	0.00893	0.01191	0.01429	0.01488	0.00834	0.00953	0.01429	0.01965	0.02620	0.05656	0.63265	0.06787	0.03215	0.01310	0.00417	0.00595	0.02917	0.00953	0.00834
4	0.03708	0.10687	0.03402	0.02499	0.06479	0.03151	0.01975	0.41536	0.04209	0.08755	0.02389	0.02423	0.01729	0.01169	0.00979	0.00297	0.01116	0.00882	0.00933	0.01683
5	0.02921	0.02382	0.03725	0.05104	0.42073	0.02406	0.02736	0.08445	0.06143	0.10331	0.02384	0.02732	0.01846	0.01019	0.01021	0.00309	0.01142	0.00946	0.00685	0.01652
6	0.01372	0.00973	0.01272	0.01414	0.01523	0.00924	0.00994	0.01622	0.02132	0.02881	0.15392	0.38256	0.06827	0.11370	0.01846	0.00485	0.00671	0.08261	0.00941	0.00844
7	0.01466	0.01100	0.01649	0.01649	0.01833	0.01283	0.01283	0.01833	0.01649	0.02382	0.02749	0.04032	0.02566	0.07697	0.59868	0.01649	0.02749	0.01100	0.00550	0.00916
8	0.01492	0.00995	0.01119	0.01119	0.01119	0.00995	0.00622	0.01492	0.01492	0.01990	0.03233	0.06716	0.03731	0.63935	0.05223	0.00995	0.00995	0.01492	0.00622	0.00622
9	0.40656	0.02388	0.02221	0.01809	0.02528	0.02702	0.01492	0.26199	0.03143	0.05450	0.01898	0.02029	0.01399	0.01079	0.00813	0.00313	0.00946	0.00723	0.00813	0.01399
10	0.02788	0.18379	0.03127	0.02081	0.02648	0.14111	0.01777	0.12709	0.02823	0.03393	0.02879	0.04808	0.02780	0.02017	0.05199	0.00418	0.01330	0.14774	0.00720	0.01240
11	0.01485	0.01003	0.01178	0.01223	0.01252	0.00998	0.00753	0.01548	0.01621	0.02154	0.03676	0.12564	0.04232	0.52258	0.04483	0.00889	0.00952	0.06373	0.00684	0.00673
12	0.02600	0.01941	0.02721	0.17535	0.11100	0.02168	0.02099	0.03764	0.17176	0.12620	0.03205	0.08867	0.02609	0.01416	0.01218	0.00349	0.05196	0.01192	0.00812	0.01414
13	0.02382	0.03182	0.20175	0.11459	0.16316	0.02408	0.02803	0.07132	0.12781	0.03624	0.02356	0.02672	0.01785	0.01054	0.00995	0.00315	0.01217	0.00895	0.00625	0.05823
14	0.01910	0.01287	0.01582	0.01612	0.01901	0.01282	0.01250	0.02587	0.10097	0.08231	0.05507	0.18976	0.11621	0.10531	0.01777	0.00481	0.00802	0.16568	0.00951	0.01047
15	0.09389	0.18727	0.16752	0.02510	0.07014	0.06870	0.02305	0.10762	0.09707	0.03727	0.02088	0.02258	0.01619	0.01042	0.00880	0.00293	0.01195	0.00768	0.00632	0.01460
16	0.01330	0.01015	0.01221	0.01232	0.01474	0.00906	0.00900	0.01676	0.02523	0.03355	0.30731	0.19492	0.25439	0.02493	0.01231	0.00350	0.00519	0.02174	0.01034	0.00906
17	0.12111	0.02484	0.02982	0.08988	0.19241	0.09752	0.02165	0.07444	0.02657	0.18733	0.02435	0.02614	0.01756	0.01070	0.00961	0.00308	0.01160	0.00868	0.00771	0.01498
18	0.71184	0.01985	0.01508	0.01350	0.01985	0.02302	0.01111	0.03017	0.01746	0.04604	0.01429	0.01667	0.01111	0.00953	0.00635	0.00318	0.00794	0.00556	0.00635	0.01111
19	0.06607	0.01579	0.02156	0.02016	0.06434	0.01488	0.05132	0.03041	0.06072	0.16714	0.17063	0.05870	0.18139	0.01732	0.01107	0.00329	0.00775	0.01494	0.00990	0.01261
20	0.02178	0.06307	0.02574	0.07617	0.06238	0.01712	0.01529	0.02657	0.02130	0.03209	0.01802	0.02178	0.01497	0.00803	0.00794	0.00184	0.00870	0.00652	0.00575	0.54493
21	0.01817	0.00976	0.01043	0.01026	0.01266	0.00959	0.00770	0.02296	0.02309	0.03886	0.14527	0.04626	0.04100	0.01384	0.00820	0.00257	0.00479	0.01144	0.55357	0.00959
22	0.01661	0.00932	0.01360	0.01383	0.01419	0.00956	0.00944	0.01437	0.01459	0.01975	0.02407	0.09307	0.02518	0.08054	0.12970	0.47792	0.01173	0.01159	0.00523	0.00571
23	0.01357	0.01005	0.01267	0.01287	0.01496	0.00915	0.00933	0.01721	0.02554	0.03483	0.35215	0.23236	0.16770	0.02487	0.01238	0.00352	0.00520	0.02198	0.01052	0.00915
24	0.02946	0.02117	0.02332	0.02038	0.02659	0.02352	0.01602	0.05366	0.45569	0.14635	0.04152	0.03764	0.03019	0.01369	0.01042	0.00342	0.00824	0.01136	0.01088	0.01648
25	0.01938	0.01824	0.03078	0.61468	0.07068	0.02280	0.02850	0.02622	0.02052	0.02622	0.01824	0.02736	0.01368	0.01026	0.01026	0.00342	0.01368	0.00912	0.00456	0.01140
26	0.02681	0.02268	0.02393	0.02114	0.02717	0.02612	0.01655	0.10081	0.50842	0.04500	0.04014	0.03699	0.03001	0.01377	0.01043	0.00344	0.00842	0.01138	0.01043	0.01636
27	0.71184	0.01985	0.01508	0.01350	0.01985	0.02302	0.01111	0.03017	0.01746	0.04604	0.01429	0.01667	0.01111	0.00953	0.00635	0.00318	0.00794	0.00556	0.00635	0.01111
28	0.01466	0.01100	0.01649	0.01649	0.01833	0.01283	0.01283	0.01833	0.01649	0.02382	0.02749	0.04032	0.02566	0.07697	0.59868	0.01649	0.02749	0.01100	0.00550	0.00916
29	0.02553	0.02204	0.02320	0.02088	0.02669	0.02553	0.01624	0.05453	0.55679	0.04293	0.04177	0.03829	0.03133	0.01392	0.01044	0.00348	0.00812	0.01160	0.01044	0.01624
30	0.71184	0.01985	0.01508	0.01350	0.01985	0.02302	0.01111	0.03017	0.01746	0.04604	0.01429	0.01667	0.01111	0.00953	0.00635	0.00318	0.00794	0.00556	0.00635	0.01111
31	0.02058	0.05308	0.58618	0.02925	0.04442	0.02383	0.03792	0.03250	0.02167	0.03250	0.01842	0.02167	0.01300	0.00975	0.00975	0.00325	0.01517	0.00758	0.00433	0.01517
32	0.02744	0.64552	0.05378	0.01756	0.02634	0.04061	0.01756	0.03073	0.02085	0.02414	0.01427	0.01646	0.01317	0.00878	0.00658	0.00219	0.01097	0.00549	0.00439	0.01317
33	0.71184	0.01985	0.01508	0.01350	0.01985	0.02302	0.01111	0.03017	0.01746	0.04604	0.01429	0.01667	0.01111	0.00953	0.00635	0.00318	0.00794	0.00556	0.00635	0.01111
34	0.01492	0.00995	0.01119	0.01119	0.01119	0.00995	0.00622	0.01492	0.01492	0.01990	0.03233	0.06716	0.03731	0.63935	0.05223	0.00995	0.00995	0.01492	0.00622	0.00622
35	0.02058	0.05308	0.58618	0.02925	0.04442	0.02383	0.03792	0.03250	0.02167	0.03250	0.01842	0.02167	0.01300	0.00975	0.00975	0.00325	0.01517	0.00758	0.00433	0.01517
36	0.01242	0.00993	0.01112	0.01182	0.01429	0.00863	0.00848	0.01492	0.02260	0.02819	0.12187	0.26796	0.37651	0.02760	0.01244	0.00367	0.00541	0.02384	0.00965	0.00863
37	0.03901	0.02874	0.03080	0.02361	0.03182	0.03182	0.01951	0.54111	0.04825	0.06468	0.02464	0.02464	0.01745	0.01232	0.01027	0.00308	0.01129	0.00924	0.01027	0.01745
38	0.01576	0.01082	0.01321	0.01258	0.01557	0.00962	0.00944	0.01959	0.02654	0.07282	0.34519	0.12352	0.24143	0.02287	0.01207	0.00337	0.00531	0.01980	0.01069	0.00979
39	0.02160	0.01871	0.02284	0.01887	0.06659	0.01450	0.01364	0.02627	0.02144	0.03345	0.01832	0.02160	0.01528	0.00772	0.00780	0.00164	0.00795	0.00631	0.00600	0.64947
40	0.03440	0.07488	0.03360	0.02776	0.07348	0.21596	0.06934	0.16716	0.03258	0.09084	0.06161	0.02718	0.02204	0.01157	0.00999	0.00293	0.01360	0.00916	0.00763	0.01431
41	0.03003	0.18776	0.10557	0.02142	0.03003	0.06571	0.01988	0.13915	0.13898	0.07751	0.02484	0.02509	0.01879	0.01099	0.00904	0.00282	0.01107	0.00823	0.00758	0.06551
42	0.07695	0.15125	0.03532	0.16281	0.10954	0.02825	0.02229	0.06387	0.02248	0.08415	0.01891	0.02365	0.01507	0.01161	0.01374	0.00326	0.12942	0.00820	0.00587	0.01334
43	0.03935	0.01793	0.02295	0.01843	0.02551	0.01692	0.01494	0.04873	0.14198	0.42762	0.07951	0.03870	0.03190	0.01357	0.01048	0.00324	0.00832	0.01120	0.01212	0.01663
44	0.01476	0.01137	0.01680	0.01597	0.01842	0.01062	0.04879	0.01895	0.02546	0.03526	0.33725	0.24473	0.07941	0.02399	0.01255	0.00364	0.00642	0.05588	0.01018	0.00956
45	0.03163	0.08890	0.18356	0.03212	0.14549	0.02255	0.06307	0.03844	0.02489	0.22954	0.02630	0.02714	0.01833	0.01051	0.00991	0.00310	0.01200	0.00902	0.00756	0.01593
46	0.01270	0.00908	0.01208	0.01416	0.01493	0.00847	0.00954	0.01478	0.02056	0.02764	0.10614	0.57895	0.07067	0.03107	0.01300	0.00408	0.00585	0.02815	0.00970	0.00847
47	0.03799	0.01824	0.02291	0.01860	0.02554	0.01761	0.01501	0.04904	0.17701	0.39181	0.07956	0.03892	0.03228	0.01365	0.01048	0.00326	0.00828	0.01128	0.01197	0.01655
48	0.02272	0.08655	0.36197	0.03576	0.16981	0.02535	0.03281	0.03422	0.07292	0.03313	0.02055	0.02377	0.01554	0.00993	0.00968	0.00315	0.01347	0.00819	0.00510	0.01539
49	0.03444	0.06624	0.03371	0.07857	0.25147	0.02126	0.02285	0.03943	0.02569	0.28018	0.02842	0.02919	0.01998	0.01080	0.00998	0.00307	0.01065	0.00941	0.00843	0.01623
50	0.01289	0.00909	0.01179	0.01380	0.01430	0.00859	0.00900	0.01439	0.01889	0.02519	0.05270	0.54242	0.06300	0.12904	0.01934	0.00509	0.00659	0.02690	0.00900	0.00800
51	0.01796	0.01886	0.09147	0.01832	0.02286	0.01556	0.01611	0.02911	0.15735	0.03555	0.17142	0.18632	0.05708	0.02133	0.01192	0.00374	0.00800	0.09584	0.00949	0.01172
52	0.21413	0.02563	0.10565	0.02267	0.06709	0.02187	0.01926	0.12247	0.02784	0.23712	0.02628	0.02583	0.01789	0.01112	0.00918	0.00316	0.01013	0.00841	0.00888	0.01538

[dist]
# distance from previous block
# <min> <max>
0	3

[block]
# block no. 3 follows, 14 sequences, length 65
# corresponding to MSA columns:
# 311-375
name=unknown_D
#
# <colnr> <probs for GDERKNQSTAVLIFYWHMCP>
#	G	D	E	R	K	N	Q	S	T	A	V	L	I	F	Y	W	H	M	C	P
0	0.10677	0.20534	0.07576	0.02289	0.02989	0.18161	0.05699	0.06466	0.02433	0.03090	0.01918	0.06414	0.01740	0.01187	0.01018	0.00293	0.04831	0.00860	0.00566	0.01260
1	0.02507	0.13826	0.13404	0.05993	0.10321	0.02245	0.02161	0.03103	0.02228	0.08409	0.01984	0.02269	0.01546	0.00906	0.00856	0.00243	0.01066	0.00724	0.00587	0.25622
2	0.07194	0.07798	0.14403	0.27666	0.04787	0.07826	0.02530	0.02824	0.02129	0.02869	0.02179	0.09247	0.01943	0.01250	0.00980	0.00328	0.01294	0.01029	0.00526	0.01200
3	0.01705	0.01114	0.01452	0.01361	0.01654	0.01021	0.01049	0.02167	0.02830	0.08309	0.45873	0.07762	0.11974	0.02118	0.01211	0.00335	0.00552	0.05375	0.01116	0.01022
4	0.01938	0.01824	0.03078	0.61468	0.07068	0.02280	0.02850	0.02622	0.02052	0.02622	0.01824	0.02736	0.01368	0.01026	0.01026	0.00342	0.01368	0.00912	0.00456	0.01140
5	0.01409	0.01002	0.01348	0.01568	0.01685	0.00967	0.01174	0.01678	0.02069	0.02732	0.05400	0.40993	0.06254	0.07547	0.01635	0.00479	0.00747	0.19531	0.00926	0.00857
6	0.02954	0.01262	0.01508	0.01293	0.01747	0.01170	0.01023	0.03401	0.02456	0.24886	0.03619	0.03697	0.02595	0.01224	0.00839	0.00269	0.00631	0.00986	0.43176	0.01262
7	0.61500	0.01950	0.01635	0.01419	0.02077	0.02187	0.01169	0.03305	0.01920	0.12406	0.01810	0.01933	0.01319	0.00999	0.00693	0.00318	0.00805	0.00625	0.00727	0.01204
8	0.01250	0.00893	0.01191	0.01429	0.01488	0.00834	0.00953	0.01429	0.01965	0.02620	0.05656	0.63265	0.06787	0.03215	0.01310	0.00417	0.00595	0.02917	0.00953	0.00834
9	0.71184	0.01985	0.01508	0.01350	0.01985	0.02302	0.01111	0.03017	0.01746	0.04604	0.01429	0.01667	0.01111	0.00953	0.00635	0.00318	0.00794	0.00556	0.00635	0.01111
10	0.03193	0.01791	0.02237	0.01651	0.02513	0.01428	0.01342	0.03623	0.02476	0.26945	0.02780	0.02715	0.01959	0.00979	0.00877	0.00223	0.00809	0.00790	0.00893	0.40777
11	0.01938	0.01824	0.03078	0.61468	0.07068	0.02280	0.02850	0.02622	0.02052	0.02622	0.01824	0.02736	0.01368	0.01026	0.01026	0.00342	0.01368	0.00912	0.00456	0.01140
12	0.02744	0.64552	0.05378	0.01756	0.02634	0.04061	0.01756	0.03073	0.02085	0.02414	0.01427	0.01646	0.01317	0.00878	0.00658	0.00219	0.01097	0.00549	0.00439	0.01317
13	0.03981	0.02746	0.03000	0.02300	0.03118	0.02992	0.01900	0.48529	0.04610	0.12353	0.02644	0.02581	0.01836	0.01236	0.01027	0.00309	0.01100	0.00936	0.01054	0.01745
14	0.01250	0.00893	0.01191	0.01429	0.01488	0.00834	0.00953	0.01429	0.01965	0.02620	0.05656	0.63265	0.06787	0.03215	0.01310	0.00417	0.00595	0.02917	0.00953	0.00834
15	0.01938	0.01824	0.03078	0.61468	0.07068	0.02280	0.02850	0.02622	0.02052	0.02622	0.01824	0.02736	0.01368	0.01026	0.01026	0.00342	0.01368	0.00912	0.00456	0.01140
16	0.01250	0.00893	0.01191	0.01429	0.01488	0.00834	0.00953	0.01429	0.01965	0.02620	0.05656	0.63265	0.06787	0.03215	0.01310	0.00417	0.00595	0.02917	0.00953	0.00834
17	0.02058	0.05308	0.58618	0.02925	0.04442	0.02383	0.03792	0.03250	0.02167	0.03250	0.01842	0.02167	0.01300	0.00975	0.00975	0.00325	0.01517	0.00758	0.00433	0.01517
18	0.04604	0.01746	0.02382	0.01826	0.02620	0.01508	0.01508	0.05001	0.02937	0.58244	0.04049	0.03493	0.02540	0.01270	0.01032	0.00318	0.00873	0.01032	0.01270	0.01746
19	0.71184	0.01985	0.01508	0.01350	0.01985	0.02302	0.01111	0.03017	0.01746	0.04604	0.01429	0.01667	0.01111	0.00953	0.00635	0.00318	0.00794	0.00556	0.00635	0.01111
20	0.01250	0.00893	0.01191	0.01429	0.01488	0.00834	0.00953	0.01429	0.01965	0.02620	0.05656	0.63265	0.06787	0.03215	0.01310	0.00417	0.00595	0.02917	0.00953	0.00834
21	0.01913	0.00956	0.00956	0.00956	0.01196	0.00956	0.00717	0.02391	0.02152	0.03826	0.03348	0.03826	0.02630	0.01196	0.00717	0.00239	0.00478	0.00956	0.69632	0.00956
22	0.01250	0.00893	0.01191	0.01429	0.01488	0.00834	0.00953	0.01429	0.01965	0.02620	0.05656	0.63265	0.06787	0.03215	0.01310	0.00417	0.00595	0.02917	0.00953	0.00834
23	0.01466	0.01100	0.01649	0.01649	0.01833	0.01283	0.01283	0.01833	0.01649	0.02382	0.02749	0.04032	0.02566	0.07697	0.59868	0.01649	0.02749	0.01100	0.00550	0.00916
24	0.71184	0.01985	0.01508	0.01350	0.01985	0.02302	0.01111	0.03017	0.01746	0.04604	0.01429	0.01667	0.01111	0.00953	0.00635	0.00318	0.00794	0.00556	0.00635	0.01111
25	0.03833	0.04891	0.02908	0.02644	0.03173	0.59815	0.01983	0.04098	0.02908	0.02512	0.01586	0.01851	0.01322	0.01058	0.00925	0.00264	0.01851	0.00661	0.00529	0.01190
26	0.02744	0.64552	0.05378	0.01756	0.02634	0.04061	0.01756	0.03073	0.02085	0.02414	0.01427	0.01646	0.01317	0.00878	0.00658	0.00219	0.01097	0.00549	0.00439	0.01317
27	0.01250	0.00893	0.01191	0.01429	0.01488	0.00834	0.00953	0.01429	0.01965	0.02620	0.05656	0.63265	0.06787	0.03215	0.01310	0.00417	0.00595	0.02917	0.00953	0.00834
28	0.03644	0.15430	0.03369	0.02457	0.03077	0.44327	0.01939	0.08733	0.02945	0.02875	0.01642	0.01873	0.01362	0.01042	0.00887	0.00261	0.01646	0.00666	0.00561	0.01266
29	0.02058	0.05308	0.58618	0.02925	0.04442	0.02383	0.03792	0.03250	0.02167	0.03250	0.01842	0.02167	0.01300	0.00975	0.00975	0.00325	0.01517	0.00758	0.00433	0.01517
30	0.14985	0.36791	0.15835	0.01970	0.02936	0.03332	0.02084	0.06353	0.02216	0.03244	0.01581	0.01813	0.01304	0.00935	0.00745	0.00265	0.01134	0.00618	0.00511	0.01350
31	0.01607	0.01343	0.01574	0.01718	0.05409	0.01324	0.01168	0.02440	0.13491	0.03183	0.10490	0.20694	0.26965	0.02348	0.01187	0.00359	0.00643	0.02030	0.00954	0.01075
32	0.08331	0.02312	0.02397	0.02080	0.02709	0.02650	0.01644	0.14344	0.41838	0.04724	0.03636	0.03400	0.02711	0.01327	0.01008	0.00338	0.00870	0.01067	0.01008	0.01606
33	0.02128	0.01824	0.02128	0.01520	0.02432	0.01368	0.01216	0.02584	0.02128	0.03344	0.01824	0.02128	0.01520	0.00760	0.00760	0.00152	0.00760	0.00608	0.00608	0.70208
34	0.01554	0.01234	0.01469	0.01281	0.01712	0.01039	0.00979	0.01973	0.02571	0.03581	0.31599	0.06898	0.19978	0.01904	0.01102	0.00288	0.00560	0.01634	0.00958	0.17685
35	0.02058	0.05308	0.58618	0.02925	0.04442	0.02383	0.03792	0.03250	0.02167	0.03250	0.01842	0.02167	0.01300	0.00975	0.00975	0.00325	0.01517	0.00758	0.00433	0.01517
36	0.04604	0.01746	0.02382	0.01826	0.02620	0.01508	0.01508	0.05001	0.02937	0.58244	0.04049	0.03493	0.02540	0.01270	0.01032	0.00318	0.00873	0.01032	0.01270	0.01746
37	0.71184	0.01985	0.01508	0.01350	0.01985	0.02302	0.01111	0.03017	0.01746	0.04604	0.01429	0.01667	0.01111	0.00953	0.00635	0.00318	0.00794	0.00556	0.00635	0.01111
38	0.01250	0.00893	0.01191	0.01429	0.01488	0.00834	0.00953	0.01429	0.01965	0.02620	0.05656	0.63265	0.06787	0.03215	0.01310	0.00417	0.00595	0.02917	0.00953	0.00834
39	0.03346	0.02027	0.02344	0.01987	0.02650	0.02149	0.01579	0.05278	0.35292	0.25148	0.04127	0.03699	0.02904	0.01345	0.01039	0.00336	0.00836	0.01111	0.01132	0.01672
40	0.01783	0.00891	0.01337	0.01337	0.01337	0.00891	0.00891	0.01337	0.01337	0.01783	0.01783	0.03119	0.01783	0.03565	0.04011	0.70143	0.00891	0.00891	0.00446	0.00446
41	0.02506	0.02113	0.02221	0.02006	0.02561	0.02436	0.01558	0.05229	0.51767	0.04259	0.04116	0.03829	0.03096	0.01378	0.01020	0.00340	0.00788	0.01145	0.06057	0.01576
