[name]
unknown

[dist]
# distance from previous block
# <min> <max>
0	72

[block]
# block no. 0 follows, 12 sequences, length 64
# corresponding to MSA columns:
# 85-148
name=unknown_A
#
# <colnr> <probs for GDERKNQSTAVLIFYWHMCP>
#	G	D	E	R	K	N	Q	S	T	A	V	L	I	F	Y	W	H	M	C	P
0	0.01640	0.01282	0.01837	0.14368	0.03054	0.01356	0.01634	0.02031	0.02218	0.02876	0.05182	0.24503	0.09010	0.08267	0.01746	0.00495	0.00960	0.15705	0.00859	0.00975
1	0.01682	0.01361	0.02130	0.01807	0.02179	0.01262	0.07767	0.02251	0.03017	0.04254	0.47268	0.07442	0.09122	0.02052	0.01286	0.00346	0.00693	0.01879	0.01113	0.01088
2	0.11919	0.02793	0.02983	0.02311	0.03157	0.03049	0.01909	0.39852	0.04491	0.12728	0.02699	0.02655	0.01880	0.01279	0.01042	0.00330	0.01124	0.00950	0.01074	0.01775
3	0.10519	0.01106	0.01311	0.01507	0.01653	0.01096	0.01035	0.01746	0.02056	0.03068	0.05403	0.52974	0.06397	0.03091	0.01295	0.00429	0.00661	0.02761	0.00967	0.00925
4	0.69383	0.02109	0.01603	0.01434	0.02109	0.02446	0.01181	0.03205	0.01856	0.04892	0.01518	0.01771	0.01181	0.01012	0.00675	0.00337	0.00843	0.00590	0.00675	0.01181
5	0.02036	0.01141	0.01321	0.08855	0.02113	0.01206	0.01068	0.02574	0.02272	0.03892	0.03338	0.03909	0.02614	0.01246	0.00806	0.00269	0.00636	0.01010	0.58651	0.01043
6	0.02515	0.02089	0.02398	0.01736	0.02692	0.01714	0.01397	0.09295	0.02648	0.04001	0.02030	0.02309	0.01647	0.00875	0.00846	0.00184	0.00860	0.00691	0.00706	0.59366
7	0.02700	0.02557	0.04161	0.06088	0.47850	0.02607	0.03127	0.03677	0.09293	0.03697	0.02373	0.02884	0.01943	0.01040	0.01084	0.00330	0.01237	0.01007	0.00617	0.01727
8	0.04184	0.04745	0.03014	0.02692	0.03291	0.49781	0.02039	0.04484	0.03094	0.09822	0.02039	0.02202	0.01579	0.01154	0.00998	0.00289	0.01826	0.00755	0.00668	0.01344
9	0.02446	0.01688	0.01991	0.01775	0.02250	0.01756	0.01375	0.03939	0.22310	0.11368	0.28315	0.05973	0.06578	0.01821	0.01192	0.00353	0.00705	0.01569	0.01185	0.01409
10	0.01995	0.01215	0.01602	0.01448	0.01785	0.01106	0.01106	0.02497	0.03091	0.11296	0.47551	0.07546	0.09263	0.02110	0.01260	0.00342	0.00570	0.01854	0.01220	0.01140
11	0.03182	0.54168	0.05284	0.01876	0.02796	0.03948	0.01830	0.03542	0.02338	0.09733	0.01892	0.02014	0.01575	0.00989	0.00753	0.00247	0.01134	0.00652	0.00586	0.01461
12	0.56126	0.02161	0.01857	0.01587	0.02299	0.02428	0.01308	0.07624	0.02289	0.11038	0.01941	0.02073	0.01418	0.01078	0.00761	0.00337	0.00884	0.00684	0.00790	0.01319
13	0.02187	0.05640	0.56031	0.03108	0.04719	0.02532	0.04029	0.03453	0.02302	0.03453	0.01957	0.02302	0.01381	0.01036	0.01036	0.00345	0.01611	0.00806	0.00460	0.01611
14	0.01543	0.01115	0.01457	0.01372	0.01629	0.01029	0.01029	0.02058	0.03086	0.04372	0.54304	0.08145	0.10288	0.02229	0.01286	0.00343	0.00514	0.01972	0.01200	0.01029
15	0.01599	0.01157	0.01567	0.01800	0.02006	0.01124	0.01474	0.01995	0.02388	0.03102	0.06246	0.25976	0.10244	0.03107	0.01457	0.00475	0.00864	0.31446	0.01007	0.00964
16	0.01328	0.00949	0.01265	0.01518	0.01581	0.00886	0.01012	0.01518	0.02088	0.02783	0.06010	0.60969	0.07212	0.03416	0.01392	0.00443	0.00633	0.03100	0.01012	0.00886
17	0.69383	0.02109	0.01603	0.01434	0.02109	0.02446	0.01181	0.03205	0.01856	0.04892	0.01518	0.01771	0.01181	0.01012	0.00675	0.00337	0.00843	0.00590	0.00675	0.01181
18	0.03016	0.57376	0.05486	0.01948	0.02848	0.08915	0.01887	0.03359	0.02291	0.02574	0.01531	0.01768	0.01400	0.00949	0.00724	0.00237	0.01236	0.00593	0.00475	0.01388
19	0.01379	0.00985	0.01323	0.01576	0.01661	0.00929	0.01100	0.01605	0.02137	0.02840	0.05982	0.55239	0.07101	0.03368	0.01405	0.00450	0.00676	0.08332	0.01011	0.00900
20	0.02666	0.02151	0.07349	0.02309	0.02853	0.01975	0.07510	0.03310	0.05611	0.14734	0.09945	0.04471	0.03525	0.10946	0.06540	0.00582	0.10073	0.01277	0.00850	0.01324
21	0.07752	0.02009	0.03117	0.35783	0.11624	0.02260	0.02608	0.03452	0.02403	0.14922	0.02452	0.02979	0.01746	0.01129	0.01060	0.00351	0.01271	0.00970	0.00700	0.01415
22	0.04098	0.03662	0.03424	0.02773	0.03533	0.26434	0.08561	0.12200	0.03363	0.17389	0.02596	0.02664	0.01852	0.01186	0.01072	0.00315	0.01550	0.00931	0.00854	0.01544
23	0.69383	0.02109	0.01603	0.01434	0.02109	0.02446	0.01181	0.03205	0.01856	0.04892	0.01518	0.01771	0.01181	0.01012	0.00675	0.00337	0.00843	0.00590	0.00675	0.01181
24	0.01582	0.01070	0.01256	0.01256	0.01278	0.01093	0.00743	0.01628	0.01605	0.02163	0.03375	0.06800	0.03818	0.55382	0.11649	0.01139	0.01276	0.01536	0.00652	0.00698
25	0.03195	0.23481	0.11642	0.02508	0.03498	0.03468	0.06033	0.20239	0.08087	0.04449	0.02292	0.02441	0.01758	0.01129	0.00967	0.00305	0.01263	0.00869	0.00750	0.01624
26	0.01475	0.01112	0.01363	0.01300	0.01587	0.01000	0.00975	0.01926	0.02925	0.03990	0.42722	0.08774	0.22108	0.02372	0.01287	0.00350	0.00525	0.02060	0.01150	0.01000
27	0.02309	0.01957	0.02098	0.01915	0.02435	0.02170	0.01478	0.04553	0.37251	0.04291	0.13615	0.05690	0.12040	0.01792	0.01165	0.00365	0.00760	0.01512	0.01110	0.01492
28	0.02917	0.45283	0.09925	0.02075	0.03031	0.03884	0.02071	0.07304	0.08418	0.03219	0.01987	0.02142	0.01660	0.01036	0.00810	0.00267	0.01175	0.00712	0.00590	0.01493
29	0.02887	0.42815	0.16760	0.02257	0.03299	0.10151	0.02382	0.03436	0.02338	0.02778	0.01635	0.01899	0.01396	0.00979	0.00809	0.00264	0.01361	0.00647	0.00476	0.01431
30	0.02354	0.02343	0.03333	0.08205	0.03304	0.03253	0.02447	0.02639	0.01718	0.02639	0.01479	0.02435	0.01433	0.01831	0.03342	0.00466	0.54150	0.00956	0.00478	0.01195
31	0.02105	0.05194	0.50825	0.02957	0.04421	0.02376	0.03742	0.03269	0.02282	0.03389	0.02342	0.07879	0.01935	0.01262	0.01070	0.00355	0.01518	0.01024	0.00513	0.01542
32	0.02842	0.13155	0.32814	0.02833	0.04133	0.02876	0.06205	0.11255	0.02824	0.07886	0.02194	0.02420	0.01579	0.01081	0.01016	0.00327	0.01441	0.00854	0.00637	0.01629
33	0.04693	0.02175	0.02728	0.02091	0.02943	0.02076	0.01728	0.17550	0.03655	0.42643	0.03853	0.03420	0.02474	0.01339	0.01095	0.00335	0.01000	0.01066	0.01281	0.01855
34	0.02915	0.62337	0.05714	0.01866	0.02799	0.04314	0.01866	0.03265	0.02215	0.02565	0.01516	0.01749	0.01399	0.00933	0.00700	0.00233	0.01166	0.00583	0.00466	0.01399
35	0.04620	0.01776	0.02386	0.01852	0.02640	0.01547	0.01523	0.05050	0.03041	0.50732	0.04231	0.03745	0.02708	0.01342	0.01065	0.00329	0.00888	0.01089	0.07660	0.01776
36	0.01342	0.01107	0.01179	0.01161	0.01506	0.00943	0.00871	0.01668	0.02612	0.03245	0.20130	0.10000	0.45165	0.02650	0.01288	0.00363	0.00544	0.02232	0.01052	0.00943
37	0.01354	0.01107	0.01195	0.01173	0.01513	0.00948	0.00880	0.01691	0.02639	0.03311	0.22113	0.09892	0.43141	0.02625	0.01288	0.00362	0.00543	0.02217	0.01061	0.00948
38	0.01434	0.01110	0.01306	0.01257	0.01562	0.00982	0.00943	0.01846	0.02828	0.03758	0.35687	0.09155	0.29288	0.02458	0.01287	0.00354	0.00531	0.02114	0.01119	0.00982
39	0.04073	0.05197	0.03090	0.02809	0.03371	0.57303	0.02107	0.04354	0.03090	0.02669	0.01685	0.01966	0.01404	0.01124	0.00983	0.00281	0.01966	0.00702	0.00562	0.01264
40	0.03097	0.02533	0.02682	0.02297	0.02982	0.02892	0.01819	0.18001	0.40075	0.05182	0.03949	0.03679	0.02932	0.01434	0.01104	0.00358	0.00953	0.01165	0.01104	0.01760
41	0.02033	0.01016	0.01016	0.01016	0.01270	0.01016	0.00762	0.02541	0.02287	0.04065	0.03557	0.04065	0.02795	0.01270	0.00762	0.00254	0.00508	0.01016	0.67734	0.01016
42	0.36767	0.01981	0.02072	0.01690	0.02450	0.02019	0.01394	0.04272	0.02495	0.30554	0.02926	0.02752	0.01949	0.01183	0.00888	0.00337	0.00886	0.00846	0.01016	0.01522
43	0.01586	0.01057	0.01189	0.01189	0.01189	0.01057	0.00661	0.01586	0.01586	0.02114	0.03436	0.07135	0.03964	0.61681	0.05550	0.01057	0.01057	0.01586	0.00661	0.00661
44	0.01513	0.01113	0.01416	0.01340	0.01611	0.01016	0.01005	0.02000	0.03016	0.04204	0.49211	0.08421	0.15486	0.02292	0.01286	0.00346	0.00519	0.02011	0.01178	0.01016
45	0.02273	0.12315	0.50107	0.02962	0.04493	0.02742	0.03774	0.03431	0.02292	0.03349	0.01905	0.02237	0.01383	0.01024	0.00996	0.00332	0.01559	0.00779	0.00461	0.01586
46	0.02915	0.62337	0.05714	0.01866	0.02799	0.04314	0.01866	0.03265	0.02215	0.02565	0.01516	0.01749	0.01399	0.00933	0.00700	0.00233	0.01166	0.00583	0.00466	0.01399
47	0.04892	0.01856	0.02530	0.01940	0.02783	0.01603	0.01603	0.05314	0.03121	0.55634	0.04302	0.03711	0.02699	0.01350	0.01096	0.00337	0.00928	0.01096	0.01350	0.01856
48	0.02699	0.02591	0.04426	0.06693	0.54879	0.02591	0.03346	0.03346	0.02483	0.03562	0.02051	0.02699	0.01727	0.00972	0.01079	0.00324	0.01295	0.00972	0.00540	0.01727
49	0.04249	0.03259	0.02920	0.02396	0.03146	0.18884	0.01907	0.19143	0.07590	0.20890	0.03014	0.02882	0.02102	0.01280	0.01062	0.00320	0.01317	0.00954	0.01016	0.01668
50	0.02187	0.05640	0.56031	0.03108	0.04719	0.02532	0.04029	0.03453	0.02302	0.03453	0.01957	0.02302	0.01381	0.01036	0.01036	0.00345	0.01611	0.00806	0.00460	0.01611
51	0.04145	0.03054	0.03272	0.02509	0.03381	0.03381	0.02072	0.51243	0.05127	0.06872	0.02618	0.02618	0.01854	0.01309	0.01091	0.00327	0.01200	0.00982	0.01091	0.01854
52	0.01413	0.01039	0.01324	0.01401	0.01587	0.00950	0.00994	0.01749	0.02557	0.03467	0.26812	0.32143	0.14871	0.02833	0.01334	0.00391	0.00573	0.02522	0.01091	0.00950
53	0.02358	0.18957	0.44213	0.02816	0.04268	0.02951	0.03521	0.03409	0.02282	0.03245	0.01853	0.02172	0.01385	0.01012	0.00957	0.00319	0.01507	0.00753	0.00462	0.01562
54	0.04892	0.01856	0.02530	0.01940	0.02783	0.01603	0.01603	0.05314	0.03121	0.55634	0.04302	0.03711	0.02699	0.01350	0.01096	0.00337	0.00928	0.01096	0.01350	0.01856
55	0.01289	0.01105	0.01105	0.01105	0.01473	0.00920	0.00828	0.01565	0.02485	0.02946	0.11046	0.10493	0.54437	0.02761	0.01289	0.00368	0.00552	0.02301	0.01013	0.00920
56	0.01475	0.01081	0.01407	0.01562	0.01752	0.01013	0.01184	0.01819	0.02439	0.03230	0.15747	0.31550	0.13927	0.02999	0.01387	0.00429	0.00696	0.14310	0.01046	0.00948
57	0.02797	0.04786	0.43958	0.02844	0.04282	0.02322	0.03481	0.03873	0.02487	0.15229	0.02486	0.02620	0.01679	0.01107	0.01050	0.00344	0.01457	0.00871	0.00661	0.01667
58	0.04892	0.01856	0.02530	0.01940	0.02783	0.01603	0.01603	0.05314	0.03121	0.55634	0.04302	0.03711	0.02699	0.01350	0.01096	0.00337	0.00928	0.01096	0.01350	0.01856
59	0.04489	0.02242	0.02737	0.02127	0.02959	0.02209	0.01748	0.18526	0.08018	0.37217	0.03831	0.03429	0.02511	0.01349	0.01096	0.00337	0.01000	0.01075	0.01254	0.01844
60	0.03535	0.03014	0.08910	0.03631	0.13815	0.02783	0.10291	0.22900	0.03636	0.12579	0.02628	0.02817	0.01878	0.01161	0.01116	0.00336	0.01320	0.01029	0.00875	0.01745
61	0.01392	0.00994	0.01338	0.01591	0.01682	0.00940	0.01122	0.01628	0.02150	0.02854	0.05975	0.53763	0.07073	0.03356	0.01409	0.00452	0.00688	0.09680	0.01011	0.00903
62	0.03534	0.03587	0.03525	0.08316	0.20641	0.24563	0.02545	0.09492	0.03062	0.07385	0.02129	0.02486	0.01663	0.01109	0.01044	0.00311	0.01538	0.00874	0.00669	0.01526
63	0.03111	0.03816	0.24449	0.03506	0.14693	0.06392	0.02994	0.04114	0.06482	0.15760	0.02698	0.02828	0.01916	0.01136	0.01061	0.00336	0.01352	0.00934	0.00744	0.01676

[dist]
# distance from previous block
# <min> <max>
0	6

[block]
# block no. 1 follows, 12 sequences, length 50
# corresponding to MSA columns:
# 155-204
name=unknown_B
#
# <colnr> <probs for GDERKNQSTAVLIFYWHMCP>
#	G	D	E	R	K	N	Q	S	T	A	V	L	I	F	Y	W	H	M	C	P
0	0.14714	0.02458	0.03770	0.08681	0.28386	0.02537	0.07300	0.07195	0.02624	0.08884	0.02219	0.02663	0.01705	0.01044	0.01032	0.00335	0.01238	0.00947	0.00679	0.01589
1	0.02364	0.06735	0.03439	0.24600	0.19034	0.02422	0.02573	0.06495	0.02663	0.03598	0.11998	0.03738	0.03245	0.01279	0.01094	0.00336	0.01188	0.01132	0.00681	0.01385
2	0.02424	0.02428	0.04422	0.25353	0.18862	0.02585	0.16872	0.03369	0.06308	0.03329	0.02239	0.02953	0.01728	0.01040	0.01146	0.00355	0.01478	0.01082	0.00567	0.01460
3	0.02587	0.02477	0.04225	0.15801	0.46640	0.02561	0.03291	0.03249	0.02430	0.03427	0.02031	0.02735	0.01680	0.00992	0.01081	0.00331	0.01323	0.00971	0.00530	0.01637
4	0.01422	0.01087	0.01305	0.01299	0.01567	0.00970	0.00956	0.01805	0.02729	0.03638	0.32011	0.16691	0.25389	0.02590	0.01302	0.00366	0.00545	0.02253	0.01107	0.00970
5	0.01434	0.01110	0.01306	0.01257	0.01562	0.00982	0.00943	0.01845	0.02828	0.03758	0.35679	0.09156	0.29296	0.02458	0.01287	0.00354	0.00531	0.02114	0.01119	0.00982
6	0.01507	0.01113	0.01407	0.01333	0.01606	0.01013	0.01000	0.01987	0.03000	0.04167	0.48066	0.08483	0.16654	0.02306	0.01286	0.00347	0.00520	0.02019	0.01173	0.01013
7	0.02712	0.02342	0.02465	0.02219	0.02835	0.02712	0.01726	0.05794	0.52909	0.04561	0.04438	0.04068	0.03328	0.01479	0.01109	0.00370	0.00863	0.01233	0.01109	0.01726
8	0.69383	0.02109	0.01603	0.01434	0.02109	0.02446	0.01181	0.03205	0.01856	0.04892	0.01518	0.01771	0.01181	0.01012	0.00675	0.00337	0.00843	0.00590	0.00675	0.01181
9	0.02033	0.01016	0.01016	0.01016	0.01270	0.01016	0.00762	0.02541	0.02287	0.04065	0.03557	0.04065	0.02795	0.01270	0.00762	0.00254	0.00508	0.01016	0.67734	0.01016
10	0.01328	0.00949	0.01265	0.01518	0.01581	0.00886	0.01012	0.01518	0.02088	0.02783	0.06010	0.60969	0.07212	0.03416	0.01392	0.00443	0.00633	0.03100	0.01012	0.00886
11	0.04892	0.01856	0.02530	0.01940	0.02783	0.01603	0.01603	0.05314	0.03121	0.55634	0.04302	0.03711	0.02699	0.01350	0.01096	0.00337	0.00928	0.01096	0.01350	0.01856
12	0.02574	0.02941	0.06434	0.04596	0.05699	0.02757	0.50919	0.03493	0.02574	0.03493	0.02206	0.02941	0.01654	0.00919	0.01287	0.00368	0.01838	0.01287	0.00551	0.01471
13	0.02059	0.01938	0.03270	0.59060	0.07510	0.02422	0.03028	0.02786	0.02180	0.02786	0.01938	0.02907	0.01453	0.01090	0.01090	0.00363	0.01453	0.00969	0.00484	0.01211
14	0.01558	0.01168	0.01752	0.01752	0.01947	0.01363	0.01363	0.01947	0.01752	0.02531	0.02921	0.04283	0.02726	0.08178	0.57360	0.01752	0.02921	0.01168	0.00584	0.00974
15	0.11047	0.02446	0.02787	0.02157	0.02997	0.02527	0.01782	0.26766	0.03939	0.27513	0.03227	0.03000	0.02147	0.01296	0.01051	0.00333	0.01048	0.00991	0.01159	0.01787
16	0.02851	0.19024	0.26415	0.02625	0.03757	0.11431	0.02833	0.07323	0.07527	0.03476	0.02097	0.02309	0.01614	0.01087	0.00956	0.00309	0.01453	0.00790	0.00587	0.01535
17	0.02782	0.29937	0.14749	0.02944	0.04044	0.03462	0.16722	0.07201	0.02569	0.03342	0.01886	0.02269	0.01508	0.00977	0.00964	0.00300	0.01447	0.00862	0.00540	0.01495
18	0.01328	0.00949	0.01265	0.01518	0.01581	0.00886	0.01012	0.01518	0.02088	0.02783	0.06010	0.60969	0.07212	0.03416	0.01392	0.00443	0.00633	0.03100	0.01012	0.00886
19	0.04658	0.01965	0.02924	0.02208	0.03078	0.01719	0.06579	0.05130	0.03066	0.50373	0.04090	0.03634	0.02594	0.01306	0.01116	0.00340	0.01020	0.01116	0.01269	0.01817
20	0.03633	0.08288	0.13725	0.03178	0.12519	0.10832	0.02518	0.07611	0.02914	0.20227	0.02694	0.02749	0.01904	0.01150	0.01031	0.00319	0.01325	0.00907	0.00821	0.01657
21	0.02686	0.26371	0.27397	0.02724	0.03962	0.03303	0.07436	0.08029	0.02570	0.03456	0.01879	0.02186	0.01460	0.01013	0.00939	0.00304	0.01426	0.00785	0.00532	0.01542
22	0.01406	0.01004	0.01354	0.01607	0.01704	0.00952	0.01147	0.01652	0.02164	0.02870	0.05967	0.52189	0.07043	0.03343	0.01412	0.00453	0.00700	0.11117	0.01011	0.00907
23	0.02446	0.02048	0.02360	0.01703	0.02662	0.01643	0.01369	0.07514	0.02543	0.03879	0.02005	0.02296	0.01639	0.00857	0.00835	0.00178	0.00846	0.00679	0.00690	0.61808
24	0.02187	0.05640	0.56031	0.03108	0.04719	0.02532	0.04029	0.03453	0.02302	0.03453	0.01957	0.02302	0.01381	0.01036	0.01036	0.00345	0.01611	0.00806	0.00460	0.01611
25	0.03948	0.01651	0.02201	0.01758	0.02451	0.01434	0.01425	0.04372	0.03052	0.41428	0.13769	0.05159	0.09123	0.01643	0.01149	0.00341	0.00818	0.01369	0.01290	0.01618
26	0.02915	0.62337	0.05714	0.01866	0.02799	0.04314	0.01866	0.03265	0.02215	0.02565	0.01516	0.01749	0.01399	0.00933	0.00700	0.00233	0.01166	0.00583	0.00466	0.01399
27	0.01422	0.01025	0.01377	0.01492	0.01633	0.00980	0.01052	0.01740	0.02388	0.03289	0.21811	0.37851	0.07801	0.03483	0.06794	0.00537	0.00815	0.02536	0.01033	0.00942
28	0.01479	0.01112	0.01368	0.01304	0.01589	0.01001	0.00978	0.01932	0.02934	0.04010	0.43321	0.08741	0.21497	0.02364	0.01287	0.00349	0.00524	0.02055	0.01153	0.01001
29	0.01582	0.01140	0.01512	0.01487	0.01743	0.01070	0.01160	0.02094	0.02982	0.04172	0.45549	0.08894	0.09564	0.02370	0.01326	0.00372	0.00603	0.10193	0.01165	0.01024
30	0.69383	0.02109	0.01603	0.01434	0.02109	0.02446	0.01181	0.03205	0.01856	0.04892	0.01518	0.01771	0.01181	0.01012	0.00675	0.00337	0.00843	0.00590	0.00675	0.01181
31	0.01586	0.01057	0.01189	0.01189	0.01189	0.01057	0.00661	0.01586	0.01586	0.02114	0.03436	0.07135	0.03964	0.61681	0.05550	0.01057	0.01057	0.01586	0.00661	0.00661
32	0.02340	0.04572	0.36412	0.03696	0.05107	0.02621	0.22577	0.03469	0.02409	0.03469	0.02055	0.02555	0.01489	0.00990	0.01135	0.00354	0.01701	0.00996	0.00496	0.01556
33	0.03490	0.04414	0.08677	0.08521	0.07798	0.34640	0.06186	0.07464	0.02995	0.03196	0.01871	0.02263	0.01483	0.01099	0.01036	0.00308	0.01768	0.00822	0.00581	0.01386
34	0.01558	0.01168	0.01752	0.01752	0.01947	0.01363	0.01363	0.01947	0.01752	0.02531	0.02921	0.04283	0.02726	0.08178	0.57360	0.01752	0.02921	0.01168	0.00584	0.00974
35	0.29969	0.02296	0.02633	0.02695	0.12018	0.02424	0.01831	0.12080	0.02851	0.17647	0.02499	0.02569	0.01775	0.01140	0.00925	0.00333	0.01008	0.00853	0.00891	0.01564
36	0.08213	0.14250	0.03596	0.02577	0.03254	0.28780	0.05861	0.08355	0.02945	0.03344	0.02188	0.03098	0.01943	0.01274	0.00999	0.00310	0.01563	0.05473	0.00648	0.01329
37	0.01328	0.00949	0.01265	0.01518	0.01581	0.00886	0.01012	0.01518	0.02088	0.02783	0.06010	0.60969	0.07212	0.03416	0.01392	0.00443	0.00633	0.03100	0.01012	0.00886
38	0.08592	0.02011	0.02370	0.01770	0.02669	0.01726	0.01440	0.07277	0.02715	0.20188	0.02695	0.02702	0.01937	0.01031	0.00909	0.00243	0.00878	0.00808	0.00902	0.37138
39	0.03682	0.08472	0.03455	0.07087	0.07410	0.06868	0.06567	0.04588	0.10624	0.25034	0.03277	0.03215	0.02292	0.01220	0.01065	0.00331	0.01181	0.01032	0.00955	0.01645
40	0.03242	0.02970	0.07916	0.02356	0.03103	0.07757	0.02010	0.18524	0.20072	0.08673	0.03540	0.08978	0.02860	0.01537	0.01112	0.00351	0.01122	0.01244	0.00997	0.01635
41	0.01376	0.01019	0.01285	0.01407	0.01574	0.00928	0.00984	0.01663	0.02412	0.03216	0.19169	0.38560	0.16411	0.02998	0.01346	0.00404	0.00588	0.02671	0.01060	0.00928
42	0.24661	0.02630	0.08736	0.17019	0.04595	0.02601	0.12917	0.03132	0.02122	0.03695	0.01811	0.02426	0.01397	0.01098	0.01223	0.00365	0.06824	0.00894	0.00559	0.01296
43	0.18148	0.09078	0.17162	0.11053	0.08025	0.08011	0.07391	0.03365	0.02289	0.03544	0.01816	0.02273	0.01401	0.01021	0.00951	0.00330	0.01401	0.00808	0.00539	0.01394
44	0.03478	0.02389	0.02961	0.02356	0.03086	0.02511	0.05770	0.24202	0.11215	0.14230	0.08262	0.07969	0.03400	0.01555	0.01152	0.00349	0.01048	0.01317	0.01099	0.01653
45	0.01422	0.01016	0.01373	0.01625	0.01730	0.00966	0.01175	0.01680	0.02180	0.02888	0.05958	0.50335	0.07007	0.03328	0.01417	0.00456	0.00714	0.12810	0.01010	0.00911
46	0.56099	0.02172	0.02240	0.07556	0.03002	0.02474	0.06199	0.03191	0.01958	0.04544	0.01627	0.02000	0.01254	0.01011	0.00776	0.00343	0.01002	0.00696	0.00644	0.01212
47	0.01753	0.02083	0.12209	0.01897	0.02457	0.01392	0.01798	0.02359	0.02573	0.03625	0.20873	0.15403	0.06349	0.02213	0.01256	0.00376	0.00884	0.11915	0.00930	0.07655
48	0.07667	0.09896	0.31384	0.08308	0.04248	0.02620	0.03046	0.03751	0.07241	0.08420	0.02340	0.02572	0.01688	0.01102	0.00994	0.00337	0.01356	0.00853	0.00626	0.01551
49	0.03019	0.06537	0.02794	0.02387	0.07828	0.02102	0.01737	0.03887	0.10582	0.17701	0.11946	0.03966	0.03654	0.01418	0.01256	0.00320	0.05581	0.01141	0.00966	0.11179

[dist]
# distance from previous block
# <min> <max>
8	63

[block]
# block no. 2 follows, 12 sequences, length 43
# corresponding to MSA columns:
# 269-311
name=unknown_C
#
# <colnr> <probs for GDERKNQSTAVLIFYWHMCP>
#	G	D	E	R	K	N	Q	S	T	A	V	L	I	F	Y	W	H	M	C	P
0	0.02401	0.03120	0.13917	0.28262	0.13740	0.06380	0.10354	0.03215	0.02373	0.03130	0.01981	0.02699	0.01509	0.01038	0.01100	0.00349	0.01553	0.00967	0.00504	0.01409
1	0.02861	0.02285	0.03186	0.02688	0.02848	0.03010	0.02237	0.03134	0.01945	0.12680	0.01976	0.02637	0.01672	0.01802	0.03107	0.00451	0.48539	0.00981	0.00643	0.01318
2	0.03172	0.02442	0.02711	0.02262	0.02915	0.02754	0.01819	0.27398	0.18393	0.05267	0.03215	0.03398	0.02472	0.02827	0.13127	0.00644	0.01469	0.01095	0.00988	0.01628
3	0.04892	0.01856	0.02530	0.01940	0.02783	0.01603	0.01603	0.05314	0.03121	0.55634	0.04302	0.03711	0.02699	0.01350	0.01096	0.00337	0.00928	0.01096	0.01350	0.01856
4	0.01558	0.01168	0.01752	0.01752	0.01947	0.01363	0.01363	0.01947	0.01752	0.02531	0.02921	0.04283	0.02726	0.08178	0.57360	0.01752	0.02921	0.01168	0.00584	0.00974
5	0.01328	0.00949	0.01265	0.01518	0.01581	0.00886	0.01012	0.01518	0.02088	0.02783	0.06010	0.60969	0.07212	0.03416	0.01392	0.00443	0.00633	0.03100	0.01012	0.00886
6	0.02059	0.01938	0.03270	0.59060	0.07510	0.02422	0.03028	0.02786	0.02180	0.02786	0.01938	0.02907	0.01453	0.01090	0.01090	0.00363	0.01453	0.00969	0.00484	0.01211
7	0.01543	0.01115	0.01457	0.01372	0.01629	0.01029	0.01029	0.02058	0.03086	0.04372	0.54304	0.08145	0.10288	0.02229	0.01286	0.00343	0.00514	0.01972	0.01200	0.01029
8	0.04892	0.01856	0.02530	0.01940	0.02783	0.01603	0.01603	0.05314	0.03121	0.55634	0.04302	0.03711	0.02699	0.01350	0.01096	0.00337	0.00928	0.01096	0.01350	0.01856
9	0.02187	0.05640	0.56031	0.03108	0.04719	0.02532	0.04029	0.03453	0.02302	0.03453	0.01957	0.02302	0.01381	0.01036	0.01036	0.00345	0.01611	0.00806	0.00460	0.01611
10	0.69383	0.02109	0.01603	0.01434	0.02109	0.02446	0.01181	0.03205	0.01856	0.04892	0.01518	0.01771	0.01181	0.01012	0.00675	0.00337	0.00843	0.00590	0.00675	0.01181
11	0.02033	0.01016	0.01016	0.01016	0.01270	0.01016	0.00762	0.02541	0.02287	0.04065	0.03557	0.04065	0.02795	0.01270	0.00762	0.00254	0.00508	0.01016	0.67734	0.01016
12	0.03645	0.26329	0.04060	0.02460	0.03159	0.37706	0.02018	0.03951	0.02766	0.02630	0.01623	0.01886	0.01403	0.01053	0.00878	0.00263	0.01670	0.00658	0.00527	0.01314
13	0.02385	0.02385	0.03340	0.02863	0.02863	0.03340	0.02385	0.02624	0.01670	0.02624	0.01431	0.02385	0.01431	0.01908	0.03578	0.00477	0.59685	0.00954	0.00477	0.01193
14	0.04021	0.02223	0.03290	0.03743	0.22098	0.02109	0.02285	0.08238	0.03044	0.32499	0.03335	0.03250	0.02272	0.01206	0.01090	0.00332	0.01085	0.01041	0.01029	0.01808
15	0.02033	0.01016	0.01016	0.01016	0.01270	0.01016	0.00762	0.02541	0.02287	0.04065	0.03557	0.04065	0.02795	0.01270	0.00762	0.00254	0.00508	0.01016	0.67734	0.01016
16	0.02712	0.02342	0.02465	0.02219	0.02835	0.02712	0.01726	0.05794	0.52909	0.04561	0.04438	0.04068	0.03328	0.01479	0.01109	0.00370	0.00863	0.01233	0.01109	0.01726
17	0.01586	0.01057	0.01189	0.01189	0.01189	0.01057	0.00661	0.01586	0.01586	0.02114	0.03436	0.07135	0.03964	0.61681	0.05550	0.01057	0.01057	0.01586	0.00661	0.00661
18	0.02033	0.01016	0.01016	0.01016	0.01270	0.01016	0.00762	0.02541	0.02287	0.04065	0.03557	0.04065	0.02795	0.01270	0.00762	0.00254	0.00508	0.01016	0.67734	0.01016
19	0.04827	0.01960	0.02595	0.01989	0.02835	0.01757	0.01643	0.09308	0.03295	0.51394	0.04155	0.03616	0.02626	0.01346	0.01096	0.00336	0.00951	0.01087	0.01327	0.01855
20	0.01289	0.01105	0.01105	0.01105	0.01473	0.00920	0.00828	0.01565	0.02485	0.02946	0.11046	0.10493	0.54437	0.02761	0.01289	0.00368	0.00552	0.02301	0.01013	0.00920
21	0.02261	0.01938	0.02261	0.01615	0.02584	0.01453	0.01292	0.02745	0.02261	0.03553	0.01938	0.02261	0.01615	0.00807	0.00807	0.00161	0.00807	0.00646	0.00646	0.68346
22	0.54400	0.02326	0.01986	0.01681	0.02401	0.02661	0.01386	0.14238	0.02607	0.05347	0.01771	0.01966	0.01336	0.01080	0.00770	0.00335	0.00925	0.00680	0.00770	0.01336
23	0.01586	0.01057	0.01189	0.01189	0.01189	0.01057	0.00661	0.01586	0.01586	0.02114	0.03436	0.07135	0.03964	0.61681	0.05550	0.01057	0.01057	0.01586	0.00661	0.00661
24	0.02059	0.01938	0.03270	0.59060	0.07510	0.02422	0.03028	0.02786	0.02180	0.02786	0.01938	0.02907	0.01453	0.01090	0.01090	0.00363	0.01453	0.00969	0.00484	0.01211
25	0.56607	0.01901	0.01491	0.01355	0.01950	0.02175	0.01101	0.03079	0.01937	0.04735	0.01905	0.02206	0.01487	0.01061	0.00691	0.00322	0.00780	0.00671	0.13395	0.01150
26	0.02476	0.02325	0.03764	0.17132	0.34645	0.02338	0.02887	0.03110	0.02375	0.03391	0.02005	0.02661	0.01646	0.00966	0.01030	0.00302	0.01237	0.00909	0.00548	0.14252
27	0.01799	0.01301	0.01431	0.01385	0.01501	0.01371	0.00863	0.02384	0.11321	0.02578	0.03626	0.06553	0.03843	0.50261	0.04707	0.00927	0.01020	0.01519	0.00746	0.00863
28	0.01921	0.01750	0.02890	0.48145	0.06385	0.02131	0.02646	0.02545	0.02163	0.02785	0.02710	0.13921	0.02546	0.01531	0.01147	0.00378	0.01298	0.01373	0.00585	0.01149
29	0.03873	0.02919	0.03119	0.02454	0.03278	0.03254	0.02007	0.42622	0.14191	0.06433	0.02963	0.02893	0.02134	0.01341	0.01094	0.00335	0.01136	0.01029	0.01094	0.01830
30	0.02572	0.02292	0.03779	0.05616	0.44710	0.02292	0.02856	0.03193	0.02446	0.03658	0.02337	0.02958	0.01930	0.01028	0.01019	0.00311	0.01146	0.00980	0.13286	0.01592
31	0.02298	0.01994	0.02446	0.02049	0.07051	0.01551	0.01467	0.02797	0.02280	0.03554	0.01948	0.02298	0.01625	0.00822	0.00831	0.00175	0.00849	0.00674	0.00637	0.62655
32	0.02027	0.01302	0.01644	0.01549	0.01738	0.01337	0.01075	0.02374	0.11276	0.02557	0.02625	0.03988	0.02475	0.12339	0.03615	0.39697	0.00938	0.01081	0.00637	0.05730
33	0.12845	0.22472	0.09113	0.02688	0.03675	0.03026	0.15716	0.03656	0.02412	0.11528	0.02183	0.02441	0.01640	0.01014	0.00952	0.00312	0.01309	0.00881	0.00658	0.01477
34	0.02961	0.01931	0.02352	0.01943	0.02551	0.01890	0.01533	0.13128	0.02947	0.14650	0.03597	0.18095	0.03346	0.01798	0.01300	0.00332	0.05550	0.01479	0.00967	0.17653
35	0.01905	0.01464	0.01629	0.01482	0.01888	0.01415	0.01136	0.11122	0.03120	0.04076	0.21121	0.12732	0.27994	0.02394	0.01259	0.00360	0.00671	0.02028	0.01080	0.01125
36	0.01511	0.01196	0.01667	0.12342	0.02702	0.01215	0.01373	0.01889	0.02390	0.03171	0.17024	0.30748	0.13457	0.02611	0.01296	0.00394	0.00750	0.02325	0.00955	0.00985
37	0.02396	0.33716	0.19936	0.02172	0.03143	0.03130	0.02351	0.02990	0.02217	0.02872	0.02500	0.13148	0.02496	0.01435	0.00932	0.00307	0.01198	0.01127	0.00568	0.01365
38	0.02260	0.05128	0.46623	0.03390	0.04905	0.02575	0.12923	0.03461	0.02354	0.03461	0.02004	0.02423	0.01433	0.01014	0.01083	0.00350	0.01654	0.00897	0.00478	0.01585
39	0.04892	0.01856	0.02530	0.01940	0.02783	0.01603	0.01603	0.05314	0.03121	0.55634	0.04302	0.03711	0.02699	0.01350	0.01096	0.00337	0.00928	0.01096	0.01350	0.01856
40	0.02413	0.02631	0.08379	0.20546	0.27179	0.02680	0.03133	0.03059	0.02227	0.03154	0.01893	0.02664	0.01563	0.01189	0.01553	0.00366	0.12444	0.00953	0.00505	0.01469
41	0.03523	0.02117	0.03050	0.11241	0.03773	0.02261	0.05872	0.04512	0.12184	0.26588	0.03415	0.03418	0.02374	0.01373	0.01439	0.00368	0.08788	0.01099	0.00991	0.01613
42	0.01529	0.01221	0.01659	0.01773	0.01824	0.01351	0.01273	0.01728	0.02008	0.02753	0.05141	0.49856	0.06115	0.03130	0.01806	0.00449	0.11834	0.02693	0.00911	0.00944

[dist]
# distance from previous block
# <min> <max>
0	1

[block]
# block no. 3 follows, 12 sequences, length 22
# corresponding to MSA columns:
# 313-334
name=unknown_D
#
# <colnr> <probs for GDERKNQSTAVLIFYWHMCP>
#	G	D	E	R	K	N	Q	S	T	A	V	L	I	F	Y	W	H	M	C	P
0	0.03292	0.16602	0.06490	0.02264	0.03101	0.02793	0.04998	0.04794	0.21881	0.17317	0.03431	0.03257	0.02493	0.01256	0.01017	0.00328	0.01056	0.01023	0.00949	0.01660
1	0.10339	0.02578	0.02871	0.02440	0.02856	0.05811	0.01983	0.15826	0.09316	0.04249	0.02445	0.06317	0.02127	0.01652	0.02013	0.00396	0.23504	0.01081	0.00780	0.01417
2	0.43866	0.02198	0.01933	0.01734	0.02387	0.02548	0.01389	0.04196	0.21395	0.04765	0.02636	0.02650	0.02003	0.01191	0.00841	0.00350	0.00851	0.00836	0.00841	0.01389
3	0.02884	0.01826	0.02504	0.02115	0.02452	0.02088	0.01722	0.03264	0.02555	0.19290	0.18865	0.04593	0.04591	0.01839	0.02106	0.00393	0.23286	0.01316	0.00969	0.01343
4	0.02392	0.02131	0.02977	0.12816	0.18199	0.02340	0.02286	0.03944	0.21774	0.03858	0.08856	0.07228	0.03543	0.01464	0.01133	0.00357	0.01033	0.01303	0.00848	0.01516
5	0.02936	0.04650	0.35839	0.02878	0.04207	0.02857	0.03280	0.21743	0.03383	0.04761	0.02210	0.02423	0.01562	0.01140	0.01057	0.00338	0.01454	0.00873	0.00702	0.01704
6	0.01427	0.00990	0.01236	0.01392	0.01431	0.00951	0.00878	0.01544	0.01895	0.02527	0.05024	0.40366	0.05969	0.25715	0.02983	0.00678	0.00795	0.02520	0.00878	0.00800
7	0.03158	0.03297	0.02450	0.02237	0.02760	0.25540	0.01701	0.04555	0.22002	0.03663	0.03100	0.03176	0.02409	0.01288	0.00989	0.00310	0.01262	0.00966	0.13744	0.01393
8	0.01733	0.01499	0.02059	0.02033	0.02072	0.01825	0.01538	0.01941	0.01928	0.02722	0.04257	0.38548	0.04999	0.02839	0.02229	0.00456	0.23233	0.02279	0.00807	0.01003
9	0.02668	0.01392	0.01650	0.01424	0.01974	0.01182	0.01125	0.03000	0.02728	0.23111	0.08465	0.07898	0.34636	0.02221	0.01215	0.00356	0.00696	0.01840	0.01141	0.01278
10	0.03933	0.02058	0.02840	0.02293	0.02814	0.02267	0.01902	0.04284	0.02565	0.35346	0.03203	0.03204	0.02214	0.01563	0.02046	0.00391	0.23415	0.01042	0.01016	0.01602
11	0.01843	0.03904	0.35010	0.02341	0.03477	0.01915	0.02804	0.02730	0.02372	0.03259	0.05435	0.05437	0.21687	0.01696	0.01133	0.00354	0.01206	0.01378	0.00672	0.01347
12	0.02390	0.38906	0.04085	0.01677	0.02351	0.03057	0.01545	0.02803	0.02549	0.03257	0.21719	0.04197	0.04801	0.01429	0.00924	0.00275	0.00917	0.01115	0.00747	0.01257
13	0.02587	0.02359	0.02800	0.02465	0.02846	0.02952	0.01978	0.04581	0.33299	0.03820	0.03287	0.03424	0.02602	0.01644	0.02054	0.00411	0.23375	0.01126	0.00867	0.01522
14	0.03552	0.04104	0.02851	0.02583	0.03166	0.36410	0.01961	0.04905	0.22157	0.03393	0.02739	0.02771	0.02141	0.01260	0.01031	0.00315	0.01544	0.00905	0.00771	0.01441
15	0.02502	0.02729	0.05250	0.03932	0.04613	0.02980	0.32344	0.03160	0.02228	0.03160	0.01909	0.02729	0.01569	0.01298	0.02164	0.00410	0.23977	0.01159	0.00523	0.01364
16	0.02118	0.01539	0.01908	0.01814	0.02101	0.01732	0.01355	0.03233	0.21214	0.03083	0.03139	0.03859	0.02663	0.04065	0.17092	0.24701	0.01437	0.01115	0.00746	0.01085
17	0.43741	0.02215	0.02267	0.01981	0.02397	0.02788	0.01642	0.02983	0.01785	0.04024	0.01485	0.02006	0.01277	0.01355	0.01786	0.00391	0.23363	0.00730	0.00599	0.01185
18	0.03059	0.01744	0.02758	0.02340	0.02960	0.01607	0.09454	0.03584	0.02752	0.23325	0.04951	0.07420	0.06980	0.02029	0.01302	0.00410	0.01081	0.19780	0.01065	0.01399
19	0.02588	0.39221	0.04779	0.23755	0.04602	0.03590	0.02311	0.03082	0.02202	0.02650	0.01677	0.02192	0.01420	0.00993	0.00849	0.00283	0.01276	0.00731	0.00473	0.01327
20	0.01870	0.01663	0.02703	0.41833	0.05779	0.01987	0.02475	0.02457	0.02182	0.02819	0.03143	0.16933	0.03116	0.01760	0.01189	0.00391	0.01233	0.04705	0.00642	0.01122
21	0.02174	0.02056	0.03478	0.49631	0.16039	0.02453	0.03085	0.02887	0.02235	0.02926	0.01958	0.02869	0.01503	0.01069	0.01088	0.00356	0.01425	0.00969	0.00494	0.01304

[dist]
# distance from previous block
# <min> <max>
0	2

[block]
# block no. 4 follows, 12 sequences, length 44
# corresponding to MSA columns:
# 337-380
name=unknown_E
#
# <colnr> <probs for GDERKNQSTAVLIFYWHMCP>
#	G	D	E	R	K	N	Q	S	T	A	V	L	I	F	Y	W	H	M	C	P
0	0.09605	0.56274	0.05300	0.01822	0.02729	0.04126	0.01797	0.03259	0.02179	0.02799	0.01516	0.01751	0.01377	0.00941	0.00697	0.00244	0.01134	0.00584	0.00487	0.01377
1	0.69383	0.02109	0.01603	0.01434	0.02109	0.02446	0.01181	0.03205	0.01856	0.04892	0.01518	0.01771	0.01181	0.01012	0.00675	0.00337	0.00843	0.00590	0.00675	0.01181
2	0.02359	0.02321	0.03284	0.43522	0.11184	0.07191	0.02848	0.03277	0.07393	0.03028	0.02179	0.02923	0.01664	0.01121	0.01082	0.00353	0.01423	0.00973	0.00559	0.01317
3	0.41142	0.15827	0.02833	0.01790	0.02525	0.09652	0.01522	0.07493	0.02367	0.04278	0.01633	0.01863	0.01314	0.01034	0.00754	0.00307	0.01083	0.00636	0.00651	0.01297
4	0.01328	0.00949	0.01265	0.01518	0.01581	0.00886	0.01012	0.01518	0.02088	0.02783	0.06010	0.60969	0.07212	0.03416	0.01392	0.00443	0.00633	0.03100	0.01012	0.00886
5	0.04892	0.01856	0.02530	0.01940	0.02783	0.01603	0.01603	0.05314	0.03121	0.55634	0.04302	0.03711	0.02699	0.01350	0.01096	0.00337	0.00928	0.01096	0.01350	0.01856
6	0.09109	0.04260	0.32926	0.03316	0.08158	0.02583	0.10188	0.03712	0.08504	0.03747	0.02259	0.02587	0.01665	0.01066	0.01048	0.00349	0.01451	0.00918	0.00581	0.01570
7	0.01328	0.00949	0.01265	0.01518	0.01581	0.00886	0.01012	0.01518	0.02088	0.02783	0.06010	0.60969	0.07212	0.03416	0.01392	0.00443	0.00633	0.03100	0.01012	0.00886
8	0.01406	0.01004	0.01354	0.01607	0.01704	0.00953	0.01147	0.01652	0.02164	0.02870	0.05967	0.52156	0.07042	0.03343	0.01412	0.00454	0.00700	0.11147	0.01011	0.00907
9	0.02544	0.02657	0.14984	0.27173	0.05172	0.02139	0.02746	0.03287	0.02321	0.12769	0.02528	0.03121	0.01856	0.02167	0.09343	0.00558	0.01607	0.00985	0.00655	0.01388
10	0.09397	0.03881	0.25481	0.06881	0.03974	0.07834	0.02772	0.04061	0.06311	0.15231	0.02598	0.02712	0.01811	0.01150	0.01020	0.00340	0.01353	0.00885	0.00741	0.01568
11	0.01328	0.00949	0.01265	0.01518	0.01581	0.00886	0.01012	0.01518	0.02088	0.02783	0.06010	0.60969	0.07212	0.03416	0.01392	0.00443	0.00633	0.03100	0.01012	0.00886
12	0.21113	0.02242	0.02494	0.01964	0.02772	0.02296	0.01622	0.17131	0.03338	0.29597	0.03140	0.02923	0.02085	0.01253	0.00988	0.00335	0.00979	0.00937	0.01108	0.01683
13	0.02303	0.03260	0.20498	0.03402	0.11934	0.02228	0.10729	0.06668	0.02806	0.03989	0.16522	0.04109	0.03978	0.01356	0.01158	0.00344	0.01265	0.01247	0.00740	0.01464
14	0.01381	0.01045	0.01274	0.01350	0.01563	0.00939	0.00962	0.01693	0.02505	0.03307	0.21942	0.30044	0.22307	0.02865	0.01329	0.00391	0.00573	0.02523	0.01068	0.00939
15	0.02423	0.21907	0.28868	0.02400	0.03664	0.02829	0.02766	0.03239	0.02267	0.03208	0.01820	0.02126	0.01439	0.00954	0.00884	0.00271	0.01298	0.00703	0.00504	0.16433
16	0.69383	0.02109	0.01603	0.01434	0.02109	0.02446	0.01181	0.03205	0.01856	0.04892	0.01518	0.01771	0.01181	0.01012	0.00675	0.00337	0.00843	0.00590	0.00675	0.01181
17	0.01353	0.01009	0.01259	0.01404	0.01565	0.00915	0.00974	0.01612	0.02329	0.03064	0.14556	0.41643	0.18164	0.03088	0.01353	0.00411	0.00597	0.02749	0.01041	0.00915
18	0.02183	0.03433	0.23110	0.24964	0.05380	0.02677	0.03255	0.02999	0.02107	0.02999	0.01827	0.02558	0.01421	0.01260	0.01649	0.00383	0.15060	0.00904	0.00474	0.01357
19	0.01856	0.00960	0.01392	0.01392	0.01392	0.00960	0.00912	0.01441	0.01441	0.01921	0.02083	0.03782	0.02147	0.10874	0.04419	0.60049	0.00960	0.01025	0.00496	0.00496
20	0.01442	0.01154	0.01319	0.01401	0.01731	0.01030	0.01133	0.01792	0.02493	0.03050	0.09317	0.11086	0.38643	0.02844	0.01360	0.00412	0.00700	0.17137	0.01010	0.00948
21	0.02059	0.01938	0.03270	0.59060	0.07510	0.02422	0.03028	0.02786	0.02180	0.02786	0.01938	0.02907	0.01453	0.01090	0.01090	0.00363	0.01453	0.00969	0.00484	0.01211
22	0.01294	0.01086	0.01124	0.01155	0.01486	0.00916	0.00851	0.01559	0.02437	0.02926	0.10429	0.16672	0.48656	0.02842	0.01301	0.00377	0.00562	0.02399	0.01012	0.00916
23	0.01328	0.00949	0.01265	0.01518	0.01581	0.00886	0.01012	0.01518	0.02088	0.02783	0.06010	0.60969	0.07212	0.03416	0.01392	0.00443	0.00633	0.03100	0.01012	0.00886
24	0.01558	0.01168	0.01752	0.01752	0.01947	0.01363	0.01363	0.01947	0.01752	0.02531	0.02921	0.04283	0.02726	0.08178	0.57360	0.01752	0.02921	0.01168	0.00584	0.00974
25	0.04542	0.01753	0.02345	0.01827	0.02598	0.01531	0.01500	0.04974	0.03019	0.49322	0.04210	0.03755	0.02711	0.01340	0.01056	0.00327	0.00876	0.01087	0.09475	0.01753
26	0.01558	0.01168	0.01752	0.01752	0.01947	0.01363	0.01363	0.01947	0.01752	0.02531	0.02921	0.04283	0.02726	0.08178	0.57360	0.01752	0.02921	0.01168	0.00584	0.00974
27	0.02261	0.01938	0.02261	0.01615	0.02584	0.01453	0.01292	0.02745	0.02261	0.03553	0.01938	0.02261	0.01615	0.00807	0.00807	0.00161	0.00807	0.00646	0.00646	0.68346
28	0.04145	0.03054	0.03272	0.02509	0.03381	0.03381	0.02072	0.51243	0.05127	0.06872	0.02618	0.02618	0.01854	0.01309	0.01091	0.00327	0.01200	0.00982	0.01091	0.01854
29	0.01558	0.01168	0.01752	0.01752	0.01947	0.01363	0.01363	0.01947	0.01752	0.02531	0.02921	0.04283	0.02726	0.08178	0.57360	0.01752	0.02921	0.01168	0.00584	0.00974
30	0.01586	0.01057	0.01189	0.01189	0.01189	0.01057	0.00661	0.01586	0.01586	0.02114	0.03436	0.07135	0.03964	0.61681	0.05550	0.01057	0.01057	0.01586	0.00661	0.00661
31	0.03673	0.03299	0.02975	0.02483	0.03205	0.15039	0.01970	0.26465	0.19876	0.05212	0.02991	0.02936	0.02224	0.01322	0.01073	0.00331	0.01261	0.01000	0.00980	0.01683
32	0.02717	0.46895	0.19418	0.02204	0.03322	0.03829	0.02455	0.03316	0.02239	0.02807	0.01636	0.01900	0.01394	0.00961	0.00791	0.00264	0.01287	0.00644	0.00465	0.01457
33	0.02895	0.10181	0.34373	0.02596	0.03911	0.02412	0.03035	0.03812	0.02481	0.15511	0.02456	0.02571	0.01708	0.01081	0.00999	0.00318	0.01346	0.00839	0.00682	0.06794
34	0.01328	0.00949	0.01265	0.01518	0.01581	0.00886	0.01012	0.01518	0.02088	0.02783	0.06010	0.60969	0.07212	0.03416	0.01392	0.00443	0.00633	0.03100	0.01012	0.00886
35	0.01313	0.01106	0.01138	0.01130	0.01488	0.00931	0.00847	0.01612	0.02542	0.03081	0.15156	0.10270	0.50242	0.02711	0.01288	0.00366	0.00549	0.02270	0.01030	0.00931
36	0.02619	0.30732	0.16353	0.06882	0.04071	0.03396	0.10911	0.03499	0.06098	0.03085	0.01982	0.02336	0.01588	0.01006	0.00934	0.00301	0.01378	0.00831	0.00529	0.01468
37	0.03203	0.04218	0.35929	0.02669	0.03992	0.02183	0.03117	0.04152	0.02610	0.23059	0.02838	0.02831	0.01876	0.01154	0.01059	0.00342	0.01355	0.00915	0.00794	0.01703
38	0.01289	0.01105	0.01105	0.01105	0.01473	0.00920	0.00828	0.01565	0.02485	0.02946	0.11046	0.10493	0.54437	0.02761	0.01289	0.00368	0.00552	0.02301	0.01013	0.00920
39	0.04892	0.01856	0.02530	0.01940	0.02783	0.01603	0.01603	0.05314	0.03121	0.55634	0.04302	0.03711	0.02699	0.01350	0.01096	0.00337	0.00928	0.01096	0.01350	0.01856
40	0.03187	0.25242	0.03900	0.02190	0.02975	0.07470	0.01879	0.14212	0.20237	0.04154	0.02758	0.02740	0.02155	0.01212	0.00942	0.00303	0.01128	0.00897	0.00824	0.01596
41	0.03083	0.03661	0.02422	0.02228	0.02692	0.36143	0.01671	0.03415	0.02996	0.03089	0.14802	0.04649	0.11533	0.01621	0.01097	0.00308	0.01427	0.01230	0.00773	0.01159
42	0.02252	0.02391	0.08842	0.01798	0.02845	0.01586	0.01627	0.02832	0.02266	0.03541	0.01940	0.02266	0.01586	0.00835	0.00835	0.00184	0.00906	0.00666	0.00623	0.60178
43	0.02652	0.02722	0.05180	0.05905	0.36401	0.02653	0.21221	0.03401	0.02517	0.03536	0.02109	0.02790	0.01700	0.00952	0.01157	0.00340	0.01499	0.01090	0.00544	0.01631

[dist]
# distance from previous block
# <min> <max>
0	10

[block]
# block no. 5 follows, 12 sequences, length 137
# corresponding to MSA columns:
# 391-527
name=unknown_F
#
# <colnr> <probs for GDERKNQSTAVLIFYWHMCP>
#	G	D	E	R	K	N	Q	S	T	A	V	L	I	F	Y	W	H	M	C	P
0	0.01543	0.01115	0.01457	0.01372	0.01629	0.01029	0.01029	0.02058	0.03086	0.04372	0.54304	0.08145	0.10288	0.02229	0.01286	0.00343	0.00514	0.01972	0.01200	0.01029
1	0.02516	0.01158	0.01272	0.01172	0.01526	0.01115	0.00904	0.03009	0.02428	0.12778	0.03683	0.04005	0.02779	0.01284	0.00819	0.00268	0.00579	0.01030	0.56518	0.01158
2	0.02699	0.02591	0.04426	0.06693	0.54879	0.02591	0.03346	0.03346	0.02483	0.03562	0.02051	0.02699	0.01727	0.00972	0.01079	0.00324	0.01295	0.00972	0.00540	0.01727
3	0.01558	0.01168	0.01752	0.01752	0.01947	0.01363	0.01363	0.01947	0.01752	0.02531	0.02921	0.04283	0.02726	0.08178	0.57360	0.01752	0.02921	0.01168	0.00584	0.00974
4	0.01302	0.01052	0.01158	0.01243	0.01509	0.00909	0.00890	0.01549	0.02352	0.02891	0.09356	0.27431	0.38590	0.02981	0.01323	0.00393	0.00579	0.02569	0.01012	0.00909
5	0.02915	0.62337	0.05714	0.01866	0.02799	0.04314	0.01866	0.03265	0.02215	0.02565	0.01516	0.01749	0.01399	0.00933	0.00700	0.00233	0.01166	0.00583	0.00466	0.01399
6	0.01488	0.01169	0.01383	0.01490	0.01808	0.01063	0.01225	0.01861	0.02496	0.03081	0.08797	0.11264	0.33892	0.02868	0.01381	0.00425	0.00745	0.21599	0.01009	0.00956
7	0.02261	0.01938	0.02261	0.01615	0.02584	0.01453	0.01292	0.02745	0.02261	0.03553	0.01938	0.02261	0.01615	0.00807	0.00807	0.00161	0.00807	0.00646	0.00646	0.68346
8	0.01328	0.00949	0.01265	0.01518	0.01581	0.00886	0.01012	0.01518	0.02088	0.02783	0.06010	0.60969	0.07212	0.03416	0.01392	0.00443	0.00633	0.03100	0.01012	0.00886
9	0.02574	0.02941	0.06434	0.04596	0.05699	0.02757	0.50919	0.03493	0.02574	0.03493	0.02206	0.02941	0.01654	0.00919	0.01287	0.00368	0.01838	0.01287	0.00551	0.01471
10	0.02385	0.02385	0.03340	0.02863	0.02863	0.03340	0.02385	0.02624	0.01670	0.02624	0.01431	0.02385	0.01431	0.01908	0.03578	0.00477	0.59685	0.00954	0.00477	0.01193
11	0.01289	0.01105	0.01105	0.01105	0.01473	0.00920	0.00828	0.01565	0.02485	0.02946	0.11046	0.10493	0.54437	0.02761	0.01289	0.00368	0.00552	0.02301	0.01013	0.00920
12	0.03547	0.08326	0.03115	0.02330	0.03076	0.09010	0.01891	0.21132	0.22359	0.08954	0.03227	0.03095	0.02381	0.01321	0.01051	0.00330	0.01134	0.01018	0.01003	0.01700
