[name]
unknown

[dist]
# distance from previous block
# <min> <max>
10	82

[block]
# block no. 0 follows, 12 sequences, length 21
# corresponding to MSA columns:
# 83-103
name=unknown_A
#
# <colnr> <probs for GDERKNQSTAVLIFYWHMCP>
#	G	D	E	R	K	N	Q	S	T	A	V	L	I	F	Y	W	H	M	C	P
0	0.02802	0.02207	0.03263	0.18818	0.08221	0.02381	0.07599	0.15328	0.03100	0.07828	0.07710	0.03833	0.02828	0.07431	0.01586	0.00418	0.01248	0.01180	0.00803	0.01415
1	0.02458	0.02167	0.09046	0.11331	0.03680	0.01811	0.07420	0.03211	0.06314	0.12946	0.04013	0.23153	0.03836	0.01947	0.01212	0.00385	0.01088	0.01766	0.00881	0.01336
2	0.10243	0.02219	0.03346	0.14545	0.08449	0.02361	0.10946	0.11410	0.02744	0.07007	0.02677	0.07696	0.02329	0.07454	0.01557	0.00427	0.01262	0.01222	0.00739	0.01368
3	0.10325	0.02370	0.02427	0.06221	0.03015	0.10415	0.01659	0.04178	0.06685	0.23394	0.08779	0.03559	0.03036	0.01314	0.01029	0.00316	0.01057	0.01037	0.00988	0.08195
4	0.08619	0.01779	0.02506	0.02020	0.02701	0.01587	0.06847	0.03443	0.02516	0.21588	0.03810	0.18012	0.03410	0.01702	0.01102	0.00333	0.00922	0.01505	0.00978	0.14619
5	0.03177	0.02143	0.02854	0.02343	0.02975	0.02221	0.07130	0.16087	0.11776	0.13647	0.03619	0.08361	0.03014	0.01900	0.01554	0.08500	0.01075	0.05152	0.00993	0.01480
6	0.02391	0.02472	0.04780	0.03949	0.10063	0.02395	0.30317	0.03434	0.08600	0.03657	0.08099	0.08607	0.03225	0.01342	0.01251	0.00367	0.01422	0.01472	0.00723	0.01434
7	0.02336	0.01551	0.02450	0.14602	0.03498	0.01575	0.07073	0.02819	0.02366	0.11759	0.03980	0.22418	0.03813	0.01913	0.01156	0.00367	0.00976	0.01737	0.12407	0.01205
8	0.07968	0.02243	0.04299	0.03233	0.04010	0.02128	0.29966	0.02880	0.02513	0.03586	0.09757	0.10223	0.09094	0.01544	0.01245	0.00370	0.01327	0.01606	0.00738	0.01272
9	0.03036	0.02670	0.05368	0.03902	0.04858	0.02568	0.36657	0.03795	0.02610	0.14180	0.02573	0.03053	0.01851	0.01091	0.01440	0.00371	0.06519	0.01220	0.00710	0.01527
10	0.01942	0.01867	0.02303	0.13717	0.03362	0.07234	0.05284	0.02531	0.05952	0.02986	0.05397	0.23901	0.14724	0.02239	0.01238	0.00383	0.01028	0.01978	0.00830	0.01102
11	0.02059	0.01938	0.03270	0.59060	0.07510	0.02422	0.03028	0.02786	0.02180	0.02786	0.01938	0.02907	0.01453	0.01090	0.01090	0.00363	0.01453	0.00969	0.00484	0.01211
12	0.02466	0.01763	0.02517	0.07731	0.02889	0.01877	0.06468	0.07964	0.02367	0.09352	0.03183	0.08797	0.03103	0.26142	0.03172	0.00656	0.06226	0.01421	0.00771	0.01137
13	0.01373	0.00968	0.01252	0.01461	0.01514	0.00915	0.00952	0.01530	0.02001	0.02668	0.05566	0.51684	0.06651	0.13465	0.02109	0.00549	0.00706	0.02839	0.00952	0.00847
14	0.03871	0.04860	0.03120	0.02815	0.03310	0.50842	0.02140	0.04147	0.02920	0.02663	0.01655	0.02016	0.01408	0.01218	0.01294	0.00304	0.08877	0.00732	0.00552	0.01256
15	0.01472	0.01112	0.01359	0.01297	0.01585	0.00999	0.00973	0.01920	0.02918	0.03974	0.42212	0.08801	0.22629	0.02378	0.01287	0.00350	0.00525	0.02064	0.01148	0.00999
16	0.02385	0.02385	0.03340	0.02863	0.02863	0.03340	0.02385	0.02624	0.01670	0.02624	0.01431	0.02385	0.01431	0.01908	0.03578	0.00477	0.59685	0.00954	0.00477	0.01193
17	0.02187	0.05640	0.56031	0.03108	0.04719	0.02532	0.04029	0.03453	0.02302	0.03453	0.01957	0.02302	0.01381	0.01036	0.01036	0.00345	0.01611	0.00806	0.00460	0.01611
18	0.01558	0.01168	0.01752	0.01752	0.01947	0.01363	0.01363	0.01947	0.01752	0.02531	0.02921	0.04283	0.02726	0.08178	0.57360	0.01752	0.02921	0.01168	0.00584	0.00974
19	0.02574	0.02941	0.06434	0.04596	0.05699	0.02757	0.50919	0.03493	0.02574	0.03493	0.02206	0.02941	0.01654	0.00919	0.01287	0.00368	0.01838	0.01287	0.00551	0.01471
20	0.62932	0.02083	0.01695	0.01484	0.02176	0.02362	0.01223	0.03416	0.01982	0.09968	0.01797	0.01965	0.01333	0.01046	0.00717	0.00337	0.00852	0.00641	0.00742	0.01248

[dist]
# distance from previous block
# <min> <max>
0	2

[block]
# block no. 1 follows, 12 sequences, length 32
# corresponding to MSA columns:
# 106-137
name=unknown_B
#
# <colnr> <probs for GDERKNQSTAVLIFYWHMCP>
#	G	D	E	R	K	N	Q	S	T	A	V	L	I	F	Y	W	H	M	C	P
0	0.04892	0.01856	0.02530	0.01940	0.02783	0.01603	0.01603	0.05314	0.03121	0.55634	0.04302	0.03711	0.02699	0.01350	0.01096	0.00337	0.00928	0.01096	0.01350	0.01856
1	0.02414	0.11137	0.31829	0.03518	0.04863	0.02820	0.21208	0.03446	0.02393	0.03366	0.01999	0.02476	0.01485	0.00981	0.01091	0.00341	0.01645	0.00959	0.00495	0.01535
2	0.01307	0.01032	0.01179	0.01296	0.01523	0.00904	0.00913	0.01543	0.02301	0.02870	0.08714	0.33860	0.32575	0.03064	0.01336	0.00403	0.00589	0.02671	0.01012	0.00904
3	0.01709	0.01220	0.01701	0.01953	0.02182	0.01213	0.01673	0.02175	0.02462	0.03209	0.05800	0.17804	0.06381	0.03058	0.01493	0.00495	0.00962	0.42514	0.01005	0.00991
4	0.03782	0.02356	0.03002	0.09126	0.07903	0.02468	0.02118	0.23188	0.03714	0.20447	0.03298	0.03907	0.02472	0.01429	0.01131	0.00351	0.01137	0.05438	0.01044	0.01689
5	0.02533	0.03019	0.12233	0.11786	0.35089	0.02587	0.10176	0.03320	0.02435	0.03448	0.02046	0.02698	0.01635	0.00987	0.01104	0.00338	0.01437	0.00991	0.00523	0.01615
6	0.01904	0.01633	0.01777	0.01696	0.01806	0.06749	0.01197	0.02071	0.01787	0.02346	0.02893	0.05278	0.03075	0.33624	0.19943	0.01120	0.08316	0.01309	0.00608	0.00869
7	0.69383	0.02109	0.01603	0.01434	0.02109	0.02446	0.01181	0.03205	0.01856	0.04892	0.01518	0.01771	0.01181	0.01012	0.00675	0.00337	0.00843	0.00590	0.00675	0.01181
8	0.01477	0.01112	0.01366	0.01302	0.01588	0.01001	0.00977	0.01930	0.02930	0.04002	0.43075	0.08754	0.21748	0.02367	0.01287	0.00349	0.00524	0.02057	0.01152	0.01001
9	0.03099	0.03621	0.03177	0.30013	0.05372	0.30762	0.02552	0.03596	0.02650	0.02725	0.01808	0.02421	0.01428	0.01107	0.01035	0.00321	0.01718	0.00831	0.00524	0.01239
10	0.01543	0.01115	0.01457	0.01372	0.01629	0.01029	0.01029	0.02058	0.03086	0.04372	0.54304	0.08145	0.10288	0.02229	0.01286	0.00343	0.00514	0.01972	0.01200	0.01029
11	0.02261	0.01938	0.02261	0.01615	0.02584	0.01453	0.01292	0.02745	0.02261	0.03553	0.01938	0.02261	0.01615	0.00807	0.00807	0.00161	0.00807	0.00646	0.00646	0.68346
12	0.02042	0.09306	0.12563	0.01825	0.02702	0.01827	0.01763	0.02589	0.02284	0.03225	0.03986	0.10326	0.11644	0.01510	0.00991	0.00274	0.00936	0.01243	0.00697	0.28267
13	0.61903	0.02217	0.01794	0.01557	0.02255	0.02553	0.01283	0.08713	0.02231	0.05119	0.01644	0.01868	0.01258	0.01046	0.00722	0.00336	0.00884	0.00635	0.00722	0.01258
14	0.02045	0.01503	0.01762	0.01799	0.06039	0.01394	0.01250	0.07581	0.02889	0.08000	0.12941	0.08208	0.35877	0.02289	0.01234	0.00355	0.00711	0.01917	0.01030	0.01177
15	0.03742	0.01892	0.02413	0.01798	0.02696	0.01537	0.01467	0.04191	0.02745	0.32865	0.03268	0.03077	0.02225	0.01113	0.00970	0.00260	0.00875	0.00900	0.01042	0.30924
16	0.02793	0.01291	0.01569	0.01372	0.01805	0.01196	0.01073	0.03276	0.02710	0.19734	0.14633	0.04830	0.04368	0.01499	0.00975	0.00298	0.00636	0.01245	0.33422	0.01273
17	0.08235	0.02089	0.03015	0.03239	0.15450	0.02153	0.07368	0.03636	0.13218	0.08475	0.03095	0.04131	0.02662	0.16025	0.02175	0.00521	0.01131	0.01194	0.00783	0.01402
18	0.02969	0.02504	0.02875	0.02873	0.09940	0.02816	0.02007	0.13662	0.37502	0.04843	0.03788	0.03622	0.02847	0.01380	0.01102	0.00356	0.00982	0.01152	0.01029	0.01749
19	0.01868	0.01196	0.01536	0.01535	0.01838	0.01066	0.01135	0.02197	0.02475	0.09163	0.14921	0.31306	0.12013	0.02663	0.01291	0.00387	0.00675	0.05473	0.01056	0.06206
20	0.02902	0.45005	0.15177	0.02211	0.03234	0.09849	0.02312	0.03422	0.02329	0.02749	0.01620	0.01880	0.01396	0.00974	0.00796	0.00260	0.01341	0.00639	0.00476	0.01425
21	0.02407	0.16828	0.36629	0.03123	0.04502	0.02940	0.12127	0.03422	0.02334	0.03277	0.01911	0.02305	0.01435	0.00993	0.01012	0.00326	0.01561	0.00847	0.00478	0.01542
22	0.01543	0.01115	0.01457	0.01372	0.01629	0.01029	0.01029	0.02058	0.03086	0.04372	0.54304	0.08145	0.10288	0.02229	0.01286	0.00343	0.00514	0.01972	0.01200	0.01029
23	0.03256	0.12924	0.03655	0.02628	0.06201	0.02571	0.07466	0.08861	0.02766	0.17913	0.03160	0.11225	0.02703	0.01560	0.01369	0.00351	0.07731	0.01280	0.00874	0.01506
24	0.03294	0.07122	0.03343	0.03151	0.15574	0.02058	0.04959	0.03815	0.02726	0.21991	0.08594	0.03533	0.02973	0.01215	0.01050	0.00302	0.01030	0.01066	0.00910	0.11293
25	0.04892	0.01856	0.02530	0.01940	0.02783	0.01603	0.01603	0.05314	0.03121	0.55634	0.04302	0.03711	0.02699	0.01350	0.01096	0.00337	0.00928	0.01096	0.01350	0.01856
26	0.03893	0.01771	0.02266	0.01809	0.02487	0.01641	0.01467	0.09692	0.03265	0.35323	0.13617	0.04469	0.04065	0.01506	0.01100	0.00329	0.00840	0.01243	0.07599	0.01617
27	0.02715	0.16803	0.19165	0.08116	0.14889	0.02886	0.02869	0.03734	0.07990	0.07344	0.02331	0.02617	0.01782	0.01077	0.00987	0.00319	0.01295	0.00874	0.00621	0.01586
28	0.03227	0.02508	0.04551	0.04822	0.26357	0.02386	0.17464	0.03899	0.02675	0.16996	0.02680	0.03035	0.01956	0.01053	0.01147	0.00341	0.01367	0.01100	0.00753	0.01682
29	0.01579	0.01134	0.01577	0.01801	0.01978	0.01133	0.01442	0.01955	0.02272	0.03007	0.05543	0.29125	0.06222	0.03732	0.07663	0.00619	0.01082	0.26218	0.00960	0.00958
30	0.03512	0.02137	0.03231	0.19752	0.15965	0.02202	0.02449	0.07653	0.02856	0.24699	0.02974	0.03164	0.02051	0.01185	0.01090	0.00341	0.01185	0.01022	0.00894	0.01638
31	0.19960	0.33191	0.03847	0.01731	0.02513	0.03353	0.01587	0.08593	0.02461	0.03820	0.01875	0.02119	0.01555	0.01034	0.00745	0.00273	0.01012	0.00680	0.08303	0.01351

[dist]
# distance from previous block
# <min> <max>
2	20

[block]
# block no. 2 follows, 12 sequences, length 18
# corresponding to MSA columns:
# 159-176
name=unknown_C
#
# <colnr> <probs for GDERKNQSTAVLIFYWHMCP>
#	G	D	E	R	K	N	Q	S	T	A	V	L	I	F	Y	W	H	M	C	P
0	0.01517	0.01114	0.01421	0.01344	0.01613	0.01018	0.01008	0.02006	0.03024	0.04224	0.49815	0.08388	0.14869	0.02284	0.01286	0.00346	0.00518	0.02006	0.01181	0.01018
1	0.01543	0.01115	0.01457	0.01372	0.01629	0.01029	0.01029	0.02058	0.03086	0.04372	0.54304	0.08145	0.10288	0.02229	0.01286	0.00343	0.00514	0.01972	0.01200	0.01029
2	0.01409	0.01055	0.01308	0.01359	0.01576	0.00954	0.00976	0.01756	0.02601	0.03490	0.27512	0.26896	0.19591	0.02763	0.01323	0.00383	0.00564	0.02438	0.01091	0.00954
3	0.02699	0.02591	0.04426	0.06693	0.54879	0.02591	0.03346	0.03346	0.02483	0.03562	0.02051	0.02699	0.01727	0.00972	0.01079	0.00324	0.01295	0.00972	0.00540	0.01727
4	0.04145	0.03054	0.03272	0.02509	0.03381	0.03381	0.02072	0.51243	0.05127	0.06872	0.02618	0.02618	0.01854	0.01309	0.01091	0.00327	0.01200	0.00982	0.01091	0.01854
5	0.02574	0.02941	0.06434	0.04596	0.05699	0.02757	0.50919	0.03493	0.02574	0.03493	0.02206	0.02941	0.01654	0.00919	0.01287	0.00368	0.01838	0.01287	0.00551	0.01471
6	0.01314	0.01106	0.01140	0.01131	0.01488	0.00931	0.00848	0.01614	0.02545	0.03087	0.15350	0.10260	0.50044	0.02708	0.01288	0.00366	0.00549	0.02268	0.01031	0.00931
7	0.01328	0.00949	0.01265	0.01518	0.01581	0.00886	0.01012	0.01518	0.02088	0.02783	0.06010	0.60969	0.07212	0.03416	0.01392	0.00443	0.00633	0.03100	0.01012	0.00886
8	0.04892	0.01856	0.02530	0.01940	0.02783	0.01603	0.01603	0.05314	0.03121	0.55634	0.04302	0.03711	0.02699	0.01350	0.01096	0.00337	0.00928	0.01096	0.01350	0.01856
9	0.69383	0.02109	0.01603	0.01434	0.02109	0.02446	0.01181	0.03205	0.01856	0.04892	0.01518	0.01771	0.01181	0.01012	0.00675	0.00337	0.00843	0.00590	0.00675	0.01181
10	0.69383	0.02109	0.01603	0.01434	0.02109	0.02446	0.01181	0.03205	0.01856	0.04892	0.01518	0.01771	0.01181	0.01012	0.00675	0.00337	0.00843	0.00590	0.00675	0.01181
11	0.02059	0.01938	0.03270	0.59060	0.07510	0.02422	0.03028	0.02786	0.02180	0.02786	0.01938	0.02907	0.01453	0.01090	0.01090	0.00363	0.01453	0.00969	0.00484	0.01211
12	0.69383	0.02109	0.01603	0.01434	0.02109	0.02446	0.01181	0.03205	0.01856	0.04892	0.01518	0.01771	0.01181	0.01012	0.00675	0.00337	0.00843	0.00590	0.00675	0.01181
13	0.01328	0.00949	0.01265	0.01518	0.01581	0.00886	0.01012	0.01518	0.02088	0.02783	0.06010	0.60969	0.07212	0.03416	0.01392	0.00443	0.00633	0.03100	0.01012	0.00886
14	0.69383	0.02109	0.01603	0.01434	0.02109	0.02446	0.01181	0.03205	0.01856	0.04892	0.01518	0.01771	0.01181	0.01012	0.00675	0.00337	0.00843	0.00590	0.00675	0.01181
15	0.02550	0.02648	0.07602	0.08228	0.15471	0.02760	0.02524	0.04196	0.23314	0.03732	0.02915	0.03196	0.02288	0.01371	0.01549	0.00376	0.11887	0.01063	0.00754	0.01575
16	0.01586	0.01057	0.01189	0.01189	0.01189	0.01057	0.00661	0.01586	0.01586	0.02114	0.03436	0.07135	0.03964	0.61681	0.05550	0.01057	0.01057	0.01586	0.00661	0.00661
17	0.03058	0.02342	0.03091	0.03578	0.19161	0.02495	0.02215	0.04948	0.29075	0.12462	0.03667	0.03581	0.02725	0.01299	0.01098	0.00350	0.01009	0.01129	0.00969	0.01747

[dist]
# distance from previous block
# <min> <max>
0	1

[block]
# block no. 3 follows, 12 sequences, length 65
# corresponding to MSA columns:
# 178-242
name=unknown_D
#
# <colnr> <probs for GDERKNQSTAVLIFYWHMCP>
#	G	D	E	R	K	N	Q	S	T	A	V	L	I	F	Y	W	H	M	C	P
0	0.10558	0.03777	0.03038	0.02517	0.03252	0.23820	0.01997	0.28648	0.04028	0.05076	0.02154	0.02286	0.01617	0.01209	0.01009	0.00311	0.01456	0.00837	0.00848	0.01563
1	0.69383	0.02109	0.01603	0.01434	0.02109	0.02446	0.01181	0.03205	0.01856	0.04892	0.01518	0.01771	0.01181	0.01012	0.00675	0.00337	0.00843	0.00590	0.00675	0.01181
2	0.01425	0.00990	0.01237	0.01394	0.01434	0.00950	0.00880	0.01544	0.01899	0.02532	0.05041	0.40719	0.05990	0.25333	0.02956	0.00674	0.00792	0.02530	0.00880	0.00801
3	0.02799	0.02961	0.09851	0.04951	0.22643	0.02570	0.25326	0.03608	0.02568	0.08388	0.02325	0.02870	0.01753	0.00988	0.01173	0.00347	0.01542	0.01115	0.00614	0.01610
4	0.69383	0.02109	0.01603	0.01434	0.02109	0.02446	0.01181	0.03205	0.01856	0.04892	0.01518	0.01771	0.01181	0.01012	0.00675	0.00337	0.00843	0.00590	0.00675	0.01181
5	0.69383	0.02109	0.01603	0.01434	0.02109	0.02446	0.01181	0.03205	0.01856	0.04892	0.01518	0.01771	0.01181	0.01012	0.00675	0.00337	0.00843	0.00590	0.00675	0.01181
6	0.01543	0.01115	0.01457	0.01372	0.01629	0.01029	0.01029	0.02058	0.03086	0.04372	0.54304	0.08145	0.10288	0.02229	0.01286	0.00343	0.00514	0.01972	0.01200	0.01029
7	0.02385	0.02385	0.03340	0.02863	0.02863	0.03340	0.02385	0.02624	0.01670	0.02624	0.01431	0.02385	0.01431	0.01908	0.03578	0.00477	0.59685	0.00954	0.00477	0.01193
8	0.01639	0.01173	0.01267	0.01205	0.01606	0.00992	0.00917	0.01950	0.02599	0.07848	0.14479	0.09660	0.45627	0.02584	0.01271	0.00363	0.00583	0.02161	0.01061	0.01015
9	0.01713	0.01195	0.01466	0.01382	0.01667	0.01159	0.01041	0.02427	0.06868	0.04338	0.42333	0.07177	0.08552	0.02018	0.01189	0.00331	0.00541	0.01762	0.11760	0.01081
10	0.03126	0.02217	0.02851	0.02704	0.11856	0.01991	0.01833	0.11172	0.02922	0.13674	0.02503	0.02662	0.01873	0.01017	0.00954	0.00249	0.00978	0.00840	0.00829	0.33751
11	0.03024	0.02400	0.03138	0.03830	0.23395	0.07511	0.02246	0.07756	0.03035	0.12293	0.15607	0.04155	0.04022	0.01395	0.01126	0.00327	0.01097	0.01218	0.00888	0.01537
12	0.09276	0.13620	0.16511	0.02227	0.03224	0.02597	0.02246	0.04380	0.11800	0.19094	0.02991	0.02899	0.02115	0.01190	0.00975	0.00327	0.01123	0.00912	0.00864	0.01628
13	0.02397	0.03531	0.21006	0.16676	0.18108	0.06693	0.03247	0.03226	0.02404	0.03249	0.02333	0.03504	0.01973	0.01233	0.01102	0.00354	0.01461	0.05492	0.00548	0.01463
14	0.04892	0.01856	0.02530	0.01940	0.02783	0.01603	0.01603	0.05314	0.03121	0.55634	0.04302	0.03711	0.02699	0.01350	0.01096	0.00337	0.00928	0.01096	0.01350	0.01856
15	0.02193	0.01967	0.03047	0.23926	0.08806	0.02060	0.06578	0.06421	0.02492	0.03366	0.03248	0.11773	0.06050	0.01492	0.01120	0.00338	0.01171	0.01351	0.00682	0.11921
16	0.02923	0.03782	0.29231	0.02896	0.08005	0.02193	0.02921	0.04007	0.06702	0.17146	0.06880	0.03302	0.02608	0.01241	0.01081	0.00343	0.01261	0.01021	0.00808	0.01648
17	0.01759	0.01373	0.01640	0.01689	0.01945	0.01428	0.01217	0.02826	0.16638	0.03578	0.14436	0.35180	0.06679	0.02650	0.01292	0.00404	0.00676	0.02365	0.01074	0.01149
18	0.10650	0.01976	0.02507	0.01940	0.02771	0.01823	0.01603	0.08855	0.03170	0.47095	0.03914	0.03447	0.02493	0.01316	0.01058	0.00337	0.00942	0.01042	0.01268	0.01795
19	0.03003	0.03974	0.30567	0.03610	0.15479	0.02304	0.03246	0.03912	0.02555	0.17012	0.02586	0.02757	0.01801	0.01103	0.01061	0.00338	0.01363	0.00918	0.00709	0.01701
20	0.02616	0.02654	0.04964	0.09662	0.36465	0.02630	0.17973	0.03353	0.02490	0.03487	0.02091	0.02788	0.01686	0.00964	0.01144	0.00340	0.01473	0.01068	0.00540	0.01613
21	0.01757	0.01255	0.01757	0.02008	0.02259	0.01255	0.01757	0.02259	0.02510	0.03263	0.05773	0.12299	0.06275	0.03012	0.01506	0.00502	0.01004	0.47540	0.01004	0.01004
22	0.01328	0.00949	0.01265	0.01518	0.01581	0.00886	0.01012	0.01518	0.02088	0.02783	0.06010	0.60969	0.07212	0.03416	0.01392	0.00443	0.00633	0.03100	0.01012	0.00886
23	0.69383	0.02109	0.01603	0.01434	0.02109	0.02446	0.01181	0.03205	0.01856	0.04892	0.01518	0.01771	0.01181	0.01012	0.00675	0.00337	0.00843	0.00590	0.00675	0.01181
24	0.35670	0.02671	0.03432	0.02663	0.03482	0.07900	0.17883	0.03578	0.02315	0.08138	0.01980	0.02331	0.01478	0.01018	0.00942	0.00342	0.01292	0.00873	0.00675	0.01338
25	0.02374	0.01993	0.02174	0.02001	0.02502	0.02241	0.01535	0.04728	0.39251	0.04366	0.13661	0.09944	0.04946	0.01791	0.01167	0.00372	0.00779	0.01536	0.01117	0.01523
26	0.01328	0.00949	0.01265	0.01518	0.01581	0.00886	0.01012	0.01518	0.02088	0.02783	0.06010	0.60969	0.07212	0.03416	0.01392	0.00443	0.00633	0.03100	0.01012	0.00886
27	0.01543	0.01115	0.01457	0.01372	0.01629	0.01029	0.01029	0.02058	0.03086	0.04372	0.54304	0.08145	0.10288	0.02229	0.01286	0.00343	0.00514	0.01972	0.01200	0.01029
28	0.02712	0.02342	0.02465	0.02219	0.02835	0.02712	0.01726	0.05794	0.52909	0.04561	0.04438	0.04068	0.03328	0.01479	0.01109	0.00370	0.00863	0.01233	0.01109	0.01726
29	0.02699	0.02591	0.04426	0.06693	0.54879	0.02591	0.03346	0.03346	0.02483	0.03562	0.02051	0.02699	0.01727	0.00972	0.01079	0.00324	0.01295	0.00972	0.00540	0.01727
30	0.02574	0.02941	0.06434	0.04596	0.05699	0.02757	0.50919	0.03493	0.02574	0.03493	0.02206	0.02941	0.01654	0.00919	0.01287	0.00368	0.01838	0.01287	0.00551	0.01471
31	0.03251	0.02610	0.02769	0.02328	0.03041	0.02964	0.01856	0.22890	0.34935	0.05430	0.03753	0.03523	0.02774	0.01415	0.01102	0.00354	0.00990	0.01138	0.01102	0.01774
32	0.69383	0.02109	0.01603	0.01434	0.02109	0.02446	0.01181	0.03205	0.01856	0.04892	0.01518	0.01771	0.01181	0.01012	0.00675	0.00337	0.00843	0.00590	0.00675	0.01181
33	0.02705	0.02270	0.07332	0.01810	0.02818	0.01580	0.01601	0.03252	0.02412	0.12474	0.02345	0.02513	0.01779	0.00922	0.00878	0.00209	0.00903	0.00738	0.00749	0.50708
34	0.04255	0.02353	0.08132	0.02858	0.11772	0.01861	0.02137	0.04798	0.02932	0.41689	0.03690	0.03401	0.02405	0.01255	0.01088	0.00336	0.01057	0.01047	0.01125	0.01810
35	0.69383	0.02109	0.01603	0.01434	0.02109	0.02446	0.01181	0.03205	0.01856	0.04892	0.01518	0.01771	0.01181	0.01012	0.00675	0.00337	0.00843	0.00590	0.00675	0.01181
36	0.02699	0.02591	0.04426	0.06693	0.54879	0.02591	0.03346	0.03346	0.02483	0.03562	0.02051	0.02699	0.01727	0.00972	0.01079	0.00324	0.01295	0.00972	0.00540	0.01727
37	0.02261	0.01938	0.02261	0.01615	0.02584	0.01453	0.01292	0.02745	0.02261	0.03553	0.01938	0.02261	0.01615	0.00807	0.00807	0.00161	0.00807	0.00646	0.00646	0.68346
38	0.01543	0.01115	0.01457	0.01372	0.01629	0.01029	0.01029	0.02058	0.03086	0.04372	0.54304	0.08145	0.10288	0.02229	0.01286	0.00343	0.00514	0.01972	0.01200	0.01029
39	0.04073	0.05197	0.03090	0.02809	0.03371	0.57303	0.02107	0.04354	0.03090	0.02669	0.01685	0.01966	0.01404	0.01124	0.00983	0.00281	0.01966	0.00702	0.00562	0.01264
40	0.02712	0.02068	0.02286	0.02036	0.02608	0.02293	0.01585	0.05059	0.38828	0.09568	0.13599	0.04783	0.04547	0.01604	0.01141	0.00362	0.00805	0.01355	0.01150	0.01610
41	0.01367	0.00979	0.01300	0.01492	0.01590	0.00912	0.01015	0.01616	0.02268	0.03071	0.14738	0.51422	0.07768	0.03201	0.01373	0.00425	0.00611	0.02896	0.01046	0.00912
42	0.01481	0.01087	0.01556	0.01679	0.01825	0.01161	0.01253	0.01799	0.01949	0.02693	0.04400	0.27838	0.04827	0.05834	0.30208	0.01122	0.01840	0.05716	0.00791	0.00940
43	0.01428	0.01095	0.01308	0.01286	0.01566	0.00975	0.00952	0.01823	0.02768	0.03690	0.33615	0.13960	0.26509	0.02539	0.01297	0.00362	0.00540	0.02200	0.01112	0.00975
44	0.04834	0.01948	0.02588	0.01984	0.02830	0.01740	0.01639	0.08873	0.03276	0.51855	0.04171	0.03626	0.02634	0.01346	0.01096	0.00337	0.00949	0.01088	0.01329	0.01855
45	0.02432	0.03418	0.17720	0.22210	0.13297	0.07154	0.07539	0.03233	0.02333	0.03126	0.01925	0.02599	0.01489	0.01106	0.01271	0.00354	0.05940	0.00931	0.00499	0.01424
46	0.02699	0.02591	0.04426	0.06693	0.54879	0.02591	0.03346	0.03346	0.02483	0.03562	0.02051	0.02699	0.01727	0.00972	0.01079	0.00324	0.01295	0.00972	0.00540	0.01727
47	0.01717	0.01226	0.01711	0.01962	0.02196	0.01220	0.01687	0.02190	0.02471	0.03218	0.05795	0.16849	0.06363	0.03050	0.01495	0.00496	0.00969	0.43386	0.01005	0.00993
48	0.03025	0.02538	0.03975	0.05495	0.41005	0.02575	0.02930	0.07746	0.07327	0.08795	0.02525	0.02910	0.01973	0.01081	0.01085	0.00330	0.01214	0.01008	0.00713	0.01750
49	0.01375	0.00969	0.01251	0.01458	0.01510	0.00917	0.00948	0.01530	0.01996	0.02662	0.05541	0.51165	0.06620	0.14027	0.02149	0.00555	0.00710	0.02824	0.00948	0.00845
50	0.02811	0.02398	0.07955	0.07348	0.18750	0.02148	0.02375	0.03905	0.11943	0.13304	0.11843	0.04046	0.03616	0.01364	0.01120	0.00343	0.01055	0.01198	0.00894	0.01584
51	0.02636	0.02833	0.03338	0.39554	0.11131	0.16426	0.02825	0.03241	0.02442	0.02833	0.01885	0.02647	0.01468	0.01087	0.01062	0.00338	0.01569	0.00901	0.00510	0.01276
52	0.02187	0.05640	0.56031	0.03108	0.04719	0.02532	0.04029	0.03453	0.02302	0.03453	0.01957	0.02302	0.01381	0.01036	0.01036	0.00345	0.01611	0.00806	0.00460	0.01611
53	0.01757	0.01255	0.01757	0.02008	0.02259	0.01255	0.01757	0.02259	0.02510	0.03263	0.05773	0.12299	0.06275	0.03012	0.01506	0.00502	0.01004	0.47540	0.01004	0.01004
54	0.01558	0.01168	0.01752	0.01752	0.01947	0.01363	0.01363	0.01947	0.01752	0.02531	0.02921	0.04283	0.02726	0.08178	0.57360	0.01752	0.02921	0.01168	0.00584	0.00974
55	0.01586	0.01057	0.01189	0.01189	0.01189	0.01057	0.00661	0.01586	0.01586	0.02114	0.03436	0.07135	0.03964	0.61681	0.05550	0.01057	0.01057	0.01586	0.00661	0.00661
56	0.04892	0.01856	0.02530	0.01940	0.02783	0.01603	0.01603	0.05314	0.03121	0.55634	0.04302	0.03711	0.02699	0.01350	0.01096	0.00337	0.00928	0.01096	0.01350	0.01856
57	0.01295	0.01078	0.01132	0.01174	0.01491	0.00915	0.00859	0.01557	0.02418	0.02918	0.10195	0.19019	0.46460	0.02872	0.01306	0.00381	0.00566	0.02436	0.01012	0.00915
58	0.01494	0.01104	0.01420	0.01627	0.01758	0.01085	0.01146	0.01974	0.06727	0.02989	0.05845	0.51270	0.06773	0.03203	0.01377	0.00442	0.00688	0.07085	0.01020	0.00973
59	0.01328	0.00949	0.01265	0.01518	0.01581	0.00886	0.01012	0.01518	0.02088	0.02783	0.06010	0.60969	0.07212	0.03416	0.01392	0.00443	0.00633	0.03100	0.01012	0.00886
60	0.02915	0.62337	0.05714	0.01866	0.02799	0.04314	0.01866	0.03265	0.02215	0.02565	0.01516	0.01749	0.01399	0.00933	0.00700	0.00233	0.01166	0.00583	0.00466	0.01399
61	0.02059	0.01938	0.03270	0.59060	0.07510	0.02422	0.03028	0.02786	0.02180	0.02786	0.01938	0.02907	0.01453	0.01090	0.01090	0.00363	0.01453	0.00969	0.00484	0.01211
62	0.03661	0.02268	0.03594	0.04607	0.32017	0.02157	0.02581	0.04210	0.02763	0.26414	0.03039	0.03143	0.02154	0.01137	0.01087	0.00330	0.01134	0.01026	0.00895	0.01784
63	0.03802	0.02884	0.03079	0.02439	0.03251	0.03221	0.01989	0.40357	0.16572	0.06318	0.03054	0.02965	0.02207	0.01350	0.01095	0.00337	0.01119	0.01042	0.01095	0.01824
64	0.04822	0.01968	0.02600	0.01993	0.02839	0.01769	0.01646	0.09606	0.03308	0.51077	0.04144	0.03609	0.02620	0.01346	0.01096	0.00336	0.00953	0.01086	0.01325	0.01855

[dist]
# distance from previous block
# <min> <max>
0	25

[block]
# block no. 4 follows, 12 sequences, length 34
# corresponding to MSA columns:
# 268-301
name=unknown_E
#
# <colnr> <probs for GDERKNQSTAVLIFYWHMCP>
#	G	D	E	R	K	N	Q	S	T	A	V	L	I	F	Y	W	H	M	C	P
0	0.62461	0.02159	0.01896	0.01980	0.07586	0.02461	0.01406	0.03220	0.01921	0.04754	0.01574	0.01868	0.01238	0.01008	0.00717	0.00336	0.00890	0.00630	0.00661	0.01238
1	0.02261	0.01938	0.02261	0.01615	0.02584	0.01453	0.01292	0.02745	0.02261	0.03553	0.01938	0.02261	0.01615	0.00807	0.00807	0.00161	0.00807	0.00646	0.00646	0.68346
2	0.01545	0.01121	0.01493	0.01648	0.01854	0.01068	0.01299	0.01941	0.02516	0.03352	0.17412	0.25601	0.11135	0.02932	0.01405	0.00438	0.00747	0.20472	0.01052	0.00968
3	0.01538	0.01163	0.01452	0.01520	0.01811	0.01077	0.01233	0.01969	0.02672	0.03486	0.21879	0.10470	0.23465	0.02697	0.01369	0.00410	0.00709	0.19031	0.01065	0.00984
4	0.01289	0.01105	0.01105	0.01105	0.01473	0.00920	0.00828	0.01565	0.02485	0.02946	0.11046	0.10493	0.54437	0.02761	0.01289	0.00368	0.00552	0.02301	0.01013	0.00920
5	0.28880	0.01950	0.02185	0.01752	0.02532	0.01916	0.01446	0.04529	0.02650	0.36760	0.03266	0.02990	0.02134	0.01224	0.00940	0.00337	0.00896	0.00908	0.01099	0.01605
6	0.02675	0.01636	0.01702	0.01470	0.01912	0.01735	0.01161	0.17346	0.03150	0.04918	0.03271	0.03625	0.02509	0.01282	0.00862	0.00276	0.00718	0.01006	0.47474	0.01271
7	0.04372	0.02690	0.03047	0.02336	0.03200	0.02841	0.01930	0.37281	0.04517	0.21696	0.03130	0.02950	0.02111	0.01321	0.01092	0.00330	0.01117	0.01017	0.01169	0.01855
8	0.02187	0.05640	0.56031	0.03108	0.04719	0.02532	0.04029	0.03453	0.02302	0.03453	0.01957	0.02302	0.01381	0.01036	0.01036	0.00345	0.01611	0.00806	0.00460	0.01611
9	0.69383	0.02109	0.01603	0.01434	0.02109	0.02446	0.01181	0.03205	0.01856	0.04892	0.01518	0.01771	0.01181	0.01012	0.00675	0.00337	0.00843	0.00590	0.00675	0.01181
10	0.69383	0.02109	0.01603	0.01434	0.02109	0.02446	0.01181	0.03205	0.01856	0.04892	0.01518	0.01771	0.01181	0.01012	0.00675	0.00337	0.00843	0.00590	0.00675	0.01181
11	0.02712	0.02342	0.02465	0.02219	0.02835	0.02712	0.01726	0.05794	0.52909	0.04561	0.04438	0.04068	0.03328	0.01479	0.01109	0.00370	0.00863	0.01233	0.01109	0.01726
12	0.04145	0.03054	0.03272	0.02509	0.03381	0.03381	0.02072	0.51243	0.05127	0.06872	0.02618	0.02618	0.01854	0.01309	0.01091	0.00327	0.01200	0.00982	0.01091	0.01854
13	0.01289	0.01105	0.01105	0.01105	0.01473	0.00920	0.00828	0.01565	0.02485	0.02946	0.11046	0.10493	0.54437	0.02761	0.01289	0.00368	0.00552	0.02301	0.01013	0.00920
14	0.02187	0.05640	0.56031	0.03108	0.04719	0.02532	0.04029	0.03453	0.02302	0.03453	0.01957	0.02302	0.01381	0.01036	0.01036	0.00345	0.01611	0.00806	0.00460	0.01611
15	0.02915	0.62337	0.05714	0.01866	0.02799	0.04314	0.01866	0.03265	0.02215	0.02565	0.01516	0.01749	0.01399	0.00933	0.00700	0.00233	0.01166	0.00583	0.00466	0.01399
16	0.01328	0.00949	0.01265	0.01518	0.01581	0.00886	0.01012	0.01518	0.02088	0.02783	0.06010	0.60969	0.07212	0.03416	0.01392	0.00443	0.00633	0.03100	0.01012	0.00886
17	0.04892	0.01856	0.02530	0.01940	0.02783	0.01603	0.01603	0.05314	0.03121	0.55634	0.04302	0.03711	0.02699	0.01350	0.01096	0.00337	0.00928	0.01096	0.01350	0.01856
18	0.02507	0.04986	0.45692	0.03127	0.04610	0.02456	0.08246	0.03652	0.02414	0.08928	0.02226	0.02511	0.01545	0.01058	0.01066	0.00347	0.01561	0.00882	0.00562	0.01624
19	0.03098	0.02668	0.03717	0.04650	0.30338	0.02832	0.02672	0.16961	0.13312	0.04669	0.02685	0.02951	0.02083	0.01166	0.01089	0.00334	0.01183	0.01027	0.00805	0.01762
20	0.02156	0.02054	0.02593	0.02245	0.02448	0.07726	0.06645	0.02404	0.01893	0.02515	0.02514	0.04464	0.02595	0.25028	0.11959	0.00855	0.17098	0.01232	0.00579	0.00997
21	0.02261	0.01938	0.02261	0.01615	0.02584	0.01453	0.01292	0.02745	0.02261	0.03553	0.01938	0.02261	0.01615	0.00807	0.00807	0.00161	0.00807	0.00646	0.00646	0.68346
22	0.02297	0.14183	0.48449	0.02921	0.04430	0.02801	0.03703	0.03425	0.02289	0.03319	0.01890	0.02219	0.01384	0.01020	0.00985	0.00328	0.01544	0.00772	0.00461	0.01579
23	0.02699	0.02591	0.04426	0.06693	0.54879	0.02591	0.03346	0.03346	0.02483	0.03562	0.02051	0.02699	0.01727	0.00972	0.01079	0.00324	0.01295	0.00972	0.00540	0.01727
24	0.01289	0.01105	0.01105	0.01105	0.01473	0.00920	0.00828	0.01565	0.02485	0.02946	0.11046	0.10493	0.54437	0.02761	0.01289	0.00368	0.00552	0.02301	0.01013	0.00920
25	0.01465	0.01224	0.01290	0.01253	0.01627	0.01109	0.00946	0.02046	0.07398	0.03324	0.17206	0.09511	0.42621	0.02555	0.01271	0.00364	0.00576	0.02147	0.01051	0.01014
26	0.02638	0.02528	0.04315	0.11696	0.50353	0.02575	0.03316	0.03293	0.02454	0.03488	0.02040	0.02719	0.01701	0.00983	0.01080	0.00328	0.01310	0.00971	0.00534	0.01678
27	0.01686	0.01318	0.01799	0.02101	0.07355	0.01251	0.01495	0.02158	0.02678	0.03564	0.21395	0.09635	0.17607	0.02506	0.01347	0.00405	0.00785	0.18829	0.01018	0.01068
28	0.02400	0.02258	0.02860	0.14135	0.12497	0.06363	0.02094	0.03127	0.06053	0.03299	0.02225	0.02785	0.01827	0.01732	0.06816	0.00420	0.01335	0.00868	0.00617	0.26288
29	0.01375	0.01076	0.01245	0.01270	0.01543	0.00947	0.00927	0.01707	0.02591	0.03352	0.23349	0.19876	0.31396	0.02729	0.01308	0.00375	0.00557	0.02360	0.01070	0.00947
30	0.02915	0.62337	0.05714	0.01866	0.02799	0.04314	0.01866	0.03265	0.02215	0.02565	0.01516	0.01749	0.01399	0.00933	0.00700	0.00233	0.01166	0.00583	0.00466	0.01399
31	0.01568	0.01258	0.01354	0.01275	0.01656	0.01136	0.00971	0.05525	0.02828	0.03578	0.20355	0.09343	0.40198	0.02526	0.01273	0.00359	0.00594	0.02123	0.01062	0.01018
32	0.02304	0.02652	0.07760	0.28736	0.04917	0.11882	0.02386	0.02869	0.02358	0.02892	0.07615	0.03880	0.02750	0.10519	0.01771	0.00451	0.01401	0.01106	0.00598	0.01155
33	0.02248	0.02919	0.16177	0.16981	0.09758	0.02340	0.02699	0.03661	0.15082	0.03708	0.10114	0.03778	0.03205	0.01325	0.01108	0.00353	0.01194	0.01139	0.00744	0.01468

[dist]
# distance from previous block
# <min> <max>
0	3

[block]
# block no. 5 follows, 12 sequences, length 20
# corresponding to MSA columns:
# 305-324
name=unknown_F
#
# <colnr> <probs for GDERKNQSTAVLIFYWHMCP>
#	G	D	E	R	K	N	Q	S	T	A	V	L	I	F	Y	W	H	M	C	P
0	0.69383	0.02109	0.01603	0.01434	0.02109	0.02446	0.01181	0.03205	0.01856	0.04892	0.01518	0.01771	0.01181	0.01012	0.00675	0.00337	0.00843	0.00590	0.00675	0.01181
1	0.01392	0.01092	0.01278	0.01397	0.01658	0.00977	0.01062	0.01689	0.02381	0.02964	0.08620	0.24715	0.31945	0.02991	0.01360	0.00415	0.00664	0.11463	0.01011	0.00927
2	0.02710	0.02383	0.02789	0.02958	0.11429	0.02692	0.01993	0.05390	0.44583	0.04396	0.04044	0.03842	0.03064	0.01395	0.01105	0.00362	0.00934	0.01190	0.01015	0.01726
3	0.02537	0.24281	0.08832	0.16517	0.10289	0.03078	0.02453	0.03368	0.07067	0.03096	0.02038	0.02460	0.01653	0.01026	0.00919	0.00292	0.01230	0.00811	0.00556	0.07498
4	0.03436	0.14009	0.15416	0.02203	0.03223	0.02440	0.02200	0.04360	0.08610	0.23597	0.03074	0.02951	0.02144	0.01173	0.00988	0.00310	0.01112	0.00915	0.00897	0.06945
5	0.02630	0.12749	0.06315	0.04145	0.05220	0.03014	0.42819	0.03455	0.02514	0.03340	0.02092	0.02744	0.01612	0.00921	0.01190	0.00345	0.01727	0.01171	0.00537	0.01459
6	0.04892	0.01856	0.02530	0.01940	0.02783	0.01603	0.01603	0.05314	0.03121	0.55634	0.04302	0.03711	0.02699	0.01350	0.01096	0.00337	0.00928	0.01096	0.01350	0.01856
7	0.02420	0.13918	0.02903	0.12202	0.03309	0.09236	0.01849	0.02817	0.02395	0.06043	0.03686	0.19326	0.03840	0.02015	0.01150	0.00370	0.01140	0.09436	0.00771	0.01174
8	0.02495	0.18957	0.24676	0.06864	0.07535	0.03032	0.11368	0.03508	0.05493	0.03267	0.02047	0.02446	0.01581	0.01017	0.01005	0.00322	0.01461	0.00880	0.00525	0.01521
9	0.01709	0.01129	0.01498	0.01641	0.01857	0.01059	0.01257	0.02044	0.02407	0.06610	0.10644	0.33470	0.11125	0.02993	0.01387	0.00438	0.00744	0.15939	0.01049	0.01001
10	0.02414	0.01307	0.01737	0.01520	0.01929	0.01178	0.01178	0.02905	0.03095	0.17707	0.41297	0.06991	0.08314	0.02000	0.01237	0.00341	0.00622	0.01744	0.01239	0.01244
11	0.02839	0.04218	0.31969	0.08621	0.10510	0.05784	0.03297	0.03768	0.02508	0.12729	0.02370	0.02639	0.01667	0.01095	0.01054	0.00339	0.01458	0.00887	0.00638	0.01609
12	0.34836	0.02214	0.02706	0.09723	0.15739	0.02502	0.02064	0.03279	0.02115	0.07500	0.01876	0.02317	0.01470	0.01114	0.01110	0.00350	0.06281	0.00795	0.00647	0.01364
13	0.01328	0.00949	0.01265	0.01518	0.01581	0.00886	0.01012	0.01518	0.02088	0.02783	0.06010	0.60969	0.07212	0.03416	0.01392	0.00443	0.00633	0.03100	0.01012	0.00886
14	0.38943	0.02209	0.02642	0.09359	0.17583	0.02429	0.02022	0.03336	0.02150	0.07594	0.01896	0.02285	0.01464	0.01031	0.00862	0.00336	0.01044	0.00773	0.00660	0.01382
15	0.01594	0.01097	0.01343	0.01281	0.01551	0.01014	0.00961	0.02079	0.02883	0.04152	0.40787	0.07750	0.14294	0.02134	0.01200	0.00331	0.00518	0.01853	0.12164	0.01014
16	0.03070	0.02251	0.03092	0.08165	0.12100	0.02376	0.04861	0.11743	0.15000	0.12768	0.03554	0.10134	0.02913	0.01508	0.01141	0.00358	0.01082	0.01327	0.00951	0.01607
17	0.35409	0.12183	0.02966	0.02660	0.12760	0.02822	0.01802	0.03624	0.09557	0.04196	0.02053	0.02289	0.01641	0.01060	0.00823	0.00322	0.00989	0.00759	0.00678	0.01405
18	0.03001	0.29700	0.04582	0.02978	0.11518	0.03665	0.02251	0.11990	0.02688	0.03535	0.01790	0.02192	0.01544	0.01201	0.01403	0.00314	0.12761	0.00794	0.00596	0.01496
19	0.02543	0.02658	0.11954	0.04083	0.25842	0.02059	0.02625	0.03228	0.02619	0.08659	0.13107	0.03822	0.03533	0.01265	0.01092	0.00318	0.01106	0.01135	0.00751	0.07601

[dist]
# distance from previous block
# <min> <max>
0	1

[block]
# block no. 6 follows, 12 sequences, length 29
# corresponding to MSA columns:
# 326,328-355
name=unknown_G
#
# <colnr> <probs for GDERKNQSTAVLIFYWHMCP>
#	G	D	E	R	K	N	Q	S	T	A	V	L	I	F	Y	W	H	M	C	P
0	0.03726	0.25321	0.08789	0.02375	0.06867	0.02796	0.02056	0.04215	0.02653	0.26716	0.02856	0.02758	0.02010	0.01134	0.00938	0.00297	0.01109	0.00865	0.00871	0.01650
1	0.04892	0.01856	0.02530	0.01940	0.02783	0.01603	0.01603	0.05314	0.03121	0.55634	0.04302	0.03711	0.02699	0.01350	0.01096	0.00337	0.00928	0.01096	0.01350	0.01856
2	0.04487	0.01766	0.02401	0.01871	0.02644	0.01533	0.01533	0.04920	0.03117	0.49438	0.10346	0.04247	0.03616	0.01456	0.01119	0.00338	0.00878	0.01202	0.01331	0.01756
3	0.03005	0.06965	0.12688	0.08578	0.21767	0.02509	0.10027	0.03734	0.02554	0.13927	0.02469	0.02827	0.01813	0.01057	0.01082	0.00333	0.01356	0.00990	0.00683	0.01634
4	0.02574	0.02941	0.06434	0.04596	0.05699	0.02757	0.50919	0.03493	0.02574	0.03493	0.02206	0.02941	0.01654	0.00919	0.01287	0.00368	0.01838	0.01287	0.00551	0.01471
5	0.01359	0.01062	0.01196	0.01250	0.01491	0.00938	0.00883	0.01615	0.02369	0.02995	0.14249	0.22700	0.32153	0.08645	0.01733	0.00452	0.00618	0.02394	0.01001	0.00899
6	0.02429	0.02347	0.04194	0.09530	0.33270	0.02347	0.11485	0.03081	0.02446	0.03399	0.02732	0.08368	0.02555	0.01357	0.01182	0.00361	0.01324	0.05468	0.00618	0.01507
7	0.25963	0.01938	0.02227	0.01775	0.02563	0.01878	0.01465	0.04625	0.02707	0.39056	0.03392	0.03077	0.02203	0.01239	0.00959	0.00337	0.00900	0.00931	0.01129	0.01635
8	0.01328	0.00949	0.01265	0.01518	0.01581	0.00886	0.01012	0.01518	0.02088	0.02783	0.06010	0.60969	0.07212	0.03416	0.01392	0.00443	0.00633	0.03100	0.01012	0.00886
9	0.01558	0.01168	0.01752	0.01752	0.01947	0.01363	0.01363	0.01947	0.01752	0.02531	0.02921	0.04283	0.02726	0.08178	0.57360	0.01752	0.02921	0.01168	0.00584	0.00974
10	0.02960	0.17655	0.17258	0.11654	0.04167	0.13502	0.02625	0.03796	0.06130	0.07300	0.02167	0.02447	0.01649	0.01095	0.00966	0.00311	0.01441	0.00814	0.00604	0.01458
11	0.01840	0.01454	0.01710	0.01726	0.02015	0.01533	0.01257	0.03074	0.19486	0.03706	0.15235	0.31043	0.06519	0.02521	0.01275	0.00398	0.00687	0.02240	0.01083	0.01199
12	0.01586	0.01057	0.01189	0.01189	0.01189	0.01057	0.00661	0.01586	0.01586	0.02114	0.03436	0.07135	0.03964	0.61681	0.05550	0.01057	0.01057	0.01586	0.00661	0.00661
13	0.02307	0.06268	0.06632	0.02139	0.07383	0.01781	0.01641	0.07098	0.02906	0.08170	0.19618	0.05943	0.14847	0.01787	0.01128	0.00329	0.00830	0.01505	0.06396	0.01292
14	0.02850	0.07749	0.08546	0.05506	0.40381	0.02822	0.03127	0.09138	0.02766	0.03872	0.02068	0.02580	0.01688	0.01014	0.01046	0.00319	0.01299	0.00928	0.00594	0.01707
15	0.08616	0.02316	0.02679	0.06991	0.07327	0.02546	0.01881	0.20134	0.12897	0.08819	0.03040	0.03155	0.02242	0.01269	0.01010	0.00328	0.01010	0.01009	0.11144	0.01585
16	0.02915	0.62337	0.05714	0.01866	0.02799	0.04314	0.01866	0.03265	0.02215	0.02565	0.01516	0.01749	0.01399	0.00933	0.00700	0.00233	0.01166	0.00583	0.00466	0.01399
17	0.02033	0.01016	0.01016	0.01016	0.01270	0.01016	0.00762	0.02541	0.02287	0.04065	0.03557	0.04065	0.02795	0.01270	0.00762	0.00254	0.00508	0.01016	0.67734	0.01016
18	0.02712	0.02342	0.02465	0.02219	0.02835	0.02712	0.01726	0.05794	0.52909	0.04561	0.04438	0.04068	0.03328	0.01479	0.01109	0.00370	0.00863	0.01233	0.01109	0.01726
19	0.01757	0.01255	0.01757	0.02008	0.02259	0.01255	0.01757	0.02259	0.02510	0.03263	0.05773	0.12299	0.06275	0.03012	0.01506	0.00502	0.01004	0.47540	0.01004	0.01004
20	0.01452	0.01079	0.01352	0.01351	0.01590	0.00979	0.00987	0.01855	0.02771	0.03781	0.36337	0.19263	0.18045	0.02570	0.01308	0.00368	0.00545	0.02262	0.01127	0.00979
21	0.02187	0.05640	0.56031	0.03108	0.04719	0.02532	0.04029	0.03453	0.02302	0.03453	0.01957	0.02302	0.01381	0.01036	0.01036	0.00345	0.01611	0.00806	0.00460	0.01611
22	0.01512	0.01113	0.01415	0.01339	0.01610	0.01016	0.01005	0.01998	0.03014	0.04200	0.49075	0.08429	0.15625	0.02293	0.01286	0.00346	0.00519	0.02012	0.01178	0.01016
23	0.04073	0.05197	0.03090	0.02809	0.03371	0.57303	0.02107	0.04354	0.03090	0.02669	0.01685	0.01966	0.01404	0.01124	0.00983	0.00281	0.01966	0.00702	0.00562	0.01264
24	0.02261	0.01938	0.02261	0.01615	0.02584	0.01453	0.01292	0.02745	0.02261	0.03553	0.01938	0.02261	0.01615	0.00807	0.00807	0.00161	0.00807	0.00646	0.00646	0.68346
25	0.01370	0.00979	0.01313	0.01566	0.01648	0.00922	0.01085	0.01591	0.02129	0.02830	0.05986	0.56193	0.07120	0.03376	0.01403	0.00449	0.00669	0.07460	0.01011	0.00897
26	0.04892	0.01856	0.02530	0.01940	0.02783	0.01603	0.01603	0.05314	0.03121	0.55634	0.04302	0.03711	0.02699	0.01350	0.01096	0.00337	0.00928	0.01096	0.01350	0.01856
27	0.02187	0.05640	0.56031	0.03108	0.04719	0.02532	0.04029	0.03453	0.02302	0.03453	0.01957	0.02302	0.01381	0.01036	0.01036	0.00345	0.01611	0.00806	0.00460	0.01611
28	0.12656	0.12786	0.03024	0.02088	0.02807	0.03052	0.01724	0.11908	0.29444	0.04617	0.03231	0.03112	0.02458	0.01291	0.00973	0.00335	0.00964	0.00989	0.00932	0.01610

[dist]
# distance from previous block
# <min> <max>
0	1

[block]
# block no. 7 follows, 12 sequences, length 180
# corresponding to MSA columns:
# 357-536
name=unknown_H
#
# <colnr> <probs for GDERKNQSTAVLIFYWHMCP>
#	G	D	E	R	K	N	Q	S	T	A	V	L	I	F	Y	W	H	M	C	P
0	0.02847	0.38454	0.21992	0.02281	0.03429	0.03494	0.02554	0.03504	0.02322	0.07446	0.01902	0.02101	0.01506	0.01003	0.00845	0.00279	0.01292	0.00701	0.00541	0.01509
1	0.47229	0.02238	0.02562	0.02612	0.11128	0.02425	0.05873	0.03431	0.02127	0.08836	0.01900	0.02188	0.01439	0.01026	0.00830	0.00338	0.01011	0.00756	0.00699	0.01352
2	0.08186	0.02416	0.07662	0.12263	0.08331	0.02267	0.10160	0.10311	0.02785	0.03996	0.07845	0.12623	0.03340	0.01563	0.01149	0.00362	0.01199	0.01420	0.00765	0.01358
3	0.01347	0.00963	0.01281	0.01506	0.01586	0.00898	0.01014	0.01564	0.02172	0.02918	0.10105	0.56490	0.07472	0.03315	0.01383	0.00434	0.00623	0.03004	0.01028	0.00898
4	0.01399	0.01114	0.01285	0.01256	0.01571	0.01000	0.00947	0.01766	0.02613	0.03378	0.24589	0.09107	0.34745	0.03115	0.06773	0.00495	0.00771	0.02081	0.01033	0.00962
5	0.04892	0.01856	0.02530	0.01940	0.02783	0.01603	0.01603	0.05314	0.03121	0.55634	0.04302	0.03711	0.02699	0.01350	0.01096	0.00337	0.00928	0.01096	0.01350	0.01856
6	0.04892	0.01856	0.02530	0.01940	0.02783	0.01603	0.01603	0.05314	0.03121	0.55634	0.04302	0.03711	0.02699	0.01350	0.01096	0.00337	0.00928	0.01096	0.01350	0.01856
7	0.02915	0.62337	0.05714	0.01866	0.02799	0.04314	0.01866	0.03265	0.02215	0.02565	0.01516	0.01749	0.01399	0.00933	0.00700	0.00233	0.01166	0.00583	0.00466	0.01399
8	0.04892	0.01856	0.02530	0.01940	0.02783	0.01603	0.01603	0.05314	0.03121	0.55634	0.04302	0.03711	0.02699	0.01350	0.01096	0.00337	0.00928	0.01096	0.01350	0.01856
9	0.02699	0.02591	0.04426	0.06693	0.54879	0.02591	0.03346	0.03346	0.02483	0.03562	0.02051	0.02699	0.01727	0.00972	0.01079	0.00324	0.01295	0.00972	0.00540	0.01727
10	0.01362	0.00973	0.01304	0.01557	0.01635	0.00915	0.01070	0.01576	0.02121	0.02821	0.05991	0.57157	0.07138	0.03384	0.01401	0.00447	0.00662	0.06581	0.01012	0.00895
11	0.41360	0.03434	0.02241	0.02024	0.02650	0.25984	0.01578	0.03698	0.02385	0.03938	0.01590	0.01855	0.01277	0.01060	0.00807	0.00313	0.01325	0.00638	0.00626	0.01217
12	0.01586	0.01057	0.01189	0.01189	0.01189	0.01057	0.00661	0.01586	0.01586	0.02114	0.03436	0.07135	0.03964	0.61681	0.05550	0.01057	0.01057	0.01586	0.00661	0.00661
13	0.02915	0.62337	0.05714	0.01866	0.02799	0.04314	0.01866	0.03265	0.02215	0.02565	0.01516	0.01749	0.01399	0.00933	0.00700	0.00233	0.01166	0.00583	0.00466	0.01399
