[name]
unknown

[dist]
# distance from previous block
# <min> <max>
8	13

[block]
# block no. 0 follows, 12 sequences, length 34
# corresponding to MSA columns:
# 15-48
name=unknown_A
#
# <colnr> <probs for GDERKNQSTAVLIFYWHMCP>
#	G	D	E	R	K	N	Q	S	T	A	V	L	I	F	Y	W	H	M	C	P
0	0.03937	0.01869	0.02677	0.02131	0.02846	0.01707	0.05729	0.08193	0.03037	0.36853	0.04318	0.14746	0.03422	0.01713	0.01170	0.00360	0.00970	0.01495	0.01194	0.01633
1	0.02373	0.02258	0.03837	0.33363	0.30755	0.02505	0.03184	0.03061	0.02329	0.03167	0.01993	0.02805	0.01588	0.01032	0.01085	0.00344	0.01376	0.00970	0.00512	0.01464
2	0.02261	0.01938	0.02261	0.01615	0.02584	0.01453	0.01292	0.02745	0.02261	0.03553	0.01938	0.02261	0.01615	0.00807	0.00807	0.00161	0.00807	0.00646	0.00646	0.68346
3	0.02187	0.05640	0.56031	0.03108	0.04719	0.02532	0.04029	0.03453	0.02302	0.03453	0.01957	0.02302	0.01381	0.01036	0.01036	0.00345	0.01611	0.00806	0.00460	0.01611
4	0.10462	0.04895	0.02944	0.02674	0.03247	0.51937	0.02016	0.04242	0.02969	0.02886	0.01669	0.01947	0.01383	0.01113	0.00953	0.00286	0.01856	0.00691	0.00573	0.01256
5	0.04819	0.01973	0.02603	0.01995	0.02842	0.01776	0.01648	0.09796	0.03317	0.50875	0.04137	0.03604	0.02617	0.01346	0.01096	0.00336	0.00954	0.01085	0.01324	0.01855
6	0.01322	0.00976	0.01237	0.01446	0.01563	0.00892	0.00980	0.01526	0.02157	0.02812	0.06888	0.52169	0.15445	0.03302	0.01374	0.00430	0.00619	0.02960	0.01012	0.00892
7	0.02699	0.02591	0.04426	0.06693	0.54879	0.02591	0.03346	0.03346	0.02483	0.03562	0.02051	0.02699	0.01727	0.00972	0.01079	0.00324	0.01295	0.00972	0.00540	0.01727
8	0.02059	0.01938	0.03270	0.59060	0.07510	0.02422	0.03028	0.02786	0.02180	0.02786	0.01938	0.02907	0.01453	0.01090	0.01090	0.00363	0.01453	0.00969	0.00484	0.01211
9	0.04822	0.01969	0.02600	0.01994	0.02840	0.01770	0.01647	0.09649	0.03310	0.51031	0.04143	0.03608	0.02619	0.01346	0.01096	0.00336	0.00953	0.01086	0.01325	0.01855
10	0.02431	0.24630	0.39178	0.02692	0.04076	0.03129	0.03304	0.03390	0.02273	0.03156	0.01809	0.02117	0.01387	0.01001	0.00923	0.00308	0.01462	0.00731	0.00462	0.01540
11	0.02187	0.05640	0.56031	0.03108	0.04719	0.02532	0.04029	0.03453	0.02302	0.03453	0.01957	0.02302	0.01381	0.01036	0.01036	0.00345	0.01611	0.00806	0.00460	0.01611
12	0.01328	0.00949	0.01265	0.01518	0.01581	0.00886	0.01012	0.01518	0.02088	0.02783	0.06010	0.60969	0.07212	0.03416	0.01392	0.00443	0.00633	0.03100	0.01012	0.00886
13	0.01593	0.02608	0.19518	0.01816	0.02571	0.01457	0.01918	0.02193	0.02385	0.03100	0.07509	0.12688	0.32046	0.02248	0.01214	0.00368	0.00915	0.01878	0.00828	0.01148
14	0.16838	0.03361	0.02512	0.02188	0.02820	0.27046	0.01701	0.04188	0.02857	0.17265	0.06829	0.02916	0.02460	0.01256	0.00979	0.00312	0.01348	0.00893	0.00847	0.01384
15	0.01476	0.01112	0.01364	0.01301	0.01588	0.01000	0.00976	0.01927	0.02927	0.03995	0.42856	0.08766	0.21971	0.02370	0.01287	0.00350	0.00524	0.02059	0.01151	0.01000
16	0.69383	0.02109	0.01603	0.01434	0.02109	0.02446	0.01181	0.03205	0.01856	0.04892	0.01518	0.01771	0.01181	0.01012	0.00675	0.00337	0.00843	0.00590	0.00675	0.01181
17	0.02574	0.02941	0.06434	0.04596	0.05699	0.02757	0.50919	0.03493	0.02574	0.03493	0.02206	0.02941	0.01654	0.00919	0.01287	0.00368	0.01838	0.01287	0.00551	0.01471
18	0.02552	0.02398	0.03873	0.10089	0.39857	0.02337	0.02888	0.03172	0.02410	0.03494	0.02018	0.02624	0.01680	0.00947	0.01023	0.00293	0.01206	0.00903	0.00557	0.15677
19	0.08689	0.02826	0.03983	0.03099	0.03847	0.09554	0.19929	0.08216	0.07326	0.07949	0.02747	0.07582	0.02277	0.01350	0.01316	0.00362	0.05517	0.01230	0.00761	0.01442
20	0.04460	0.02706	0.03055	0.02397	0.03212	0.12739	0.06214	0.08737	0.03230	0.36543	0.03462	0.03210	0.02282	0.01263	0.01091	0.00328	0.01236	0.01027	0.01102	0.01705
21	0.04892	0.01856	0.02530	0.01940	0.02783	0.01603	0.01603	0.05314	0.03121	0.55634	0.04302	0.03711	0.02699	0.01350	0.01096	0.00337	0.00928	0.01096	0.01350	0.01856
22	0.01328	0.00949	0.01265	0.01518	0.01581	0.00886	0.01012	0.01518	0.02088	0.02783	0.06010	0.60969	0.07212	0.03416	0.01392	0.00443	0.00633	0.03100	0.01012	0.00886
23	0.02470	0.02702	0.05594	0.04094	0.05056	0.02579	0.41820	0.03518	0.07095	0.03524	0.02762	0.08434	0.02322	0.01202	0.01280	0.00375	0.01638	0.01450	0.00645	0.01439
24	0.03418	0.02005	0.02377	0.01988	0.02644	0.02061	0.01584	0.09150	0.21233	0.23220	0.13451	0.04559	0.04252	0.01555	0.01136	0.00349	0.00853	0.01297	0.01211	0.01656
25	0.01328	0.00949	0.01265	0.01518	0.01581	0.00886	0.01012	0.01518	0.02088	0.02783	0.06010	0.60969	0.07212	0.03416	0.01392	0.00443	0.00633	0.03100	0.01012	0.00886
26	0.02385	0.02385	0.03340	0.02863	0.02863	0.03340	0.02385	0.02624	0.01670	0.02624	0.01431	0.02385	0.01431	0.01908	0.03578	0.00477	0.59685	0.00954	0.00477	0.01193
27	0.02788	0.52452	0.14486	0.02082	0.03133	0.04004	0.02243	0.03298	0.02231	0.02720	0.01593	0.01845	0.01396	0.00951	0.00758	0.00253	0.01244	0.00622	0.00465	0.01436
28	0.01709	0.01352	0.01568	0.01472	0.01826	0.01331	0.01116	0.02667	0.12676	0.04060	0.33975	0.07923	0.19729	0.02213	0.01252	0.00354	0.00592	0.01908	0.01137	0.01139
29	0.01401	0.01094	0.01271	0.01259	0.01550	0.00963	0.00932	0.01771	0.02703	0.03539	0.29017	0.14417	0.30985	0.02598	0.01298	0.00365	0.00544	0.02239	0.01093	0.00963
30	0.02594	0.02112	0.02213	0.02010	0.02563	0.02417	0.01558	0.05228	0.44106	0.04475	0.04285	0.04068	0.03236	0.01443	0.01049	0.00350	0.00801	0.01195	0.12696	0.01602
31	0.04125	0.03647	0.03222	0.02592	0.03378	0.18312	0.02082	0.38260	0.04563	0.05708	0.02360	0.02437	0.01730	0.01258	0.01061	0.00314	0.01412	0.00904	0.00944	0.01691
32	0.02535	0.02423	0.04129	0.20128	0.42726	0.02548	0.03265	0.03202	0.02405	0.03363	0.02022	0.02752	0.01657	0.01002	0.01082	0.00334	0.01336	0.00971	0.00526	0.01595
33	0.02273	0.02157	0.03657	0.41520	0.23376	0.02479	0.03135	0.02974	0.02282	0.03046	0.01976	0.02837	0.01545	0.01050	0.01087	0.00350	0.01401	0.00970	0.00503	0.01384

[dist]
# distance from previous block
# <min> <max>
0	1

[block]
# block no. 1 follows, 12 sequences, length 70
# corresponding to MSA columns:
# 50-119
name=unknown_B
#
# <colnr> <probs for GDERKNQSTAVLIFYWHMCP>
#	G	D	E	R	K	N	Q	S	T	A	V	L	I	F	Y	W	H	M	C	P
0	0.02696	0.02960	0.04025	0.03260	0.03607	0.11729	0.13706	0.03101	0.02106	0.02834	0.01653	0.02449	0.01479	0.01553	0.02632	0.00420	0.37022	0.00992	0.00508	0.01269
1	0.02127	0.02007	0.03393	0.53490	0.12548	0.02440	0.03062	0.02845	0.02212	0.02868	0.01950	0.02885	0.01483	0.01078	0.01089	0.00359	0.01437	0.00969	0.00490	0.01266
2	0.03020	0.03059	0.02933	0.02549	0.03192	0.15498	0.05795	0.05271	0.37171	0.04032	0.03613	0.03485	0.02742	0.01351	0.01094	0.00349	0.01200	0.01113	0.00936	0.01597
3	0.01894	0.00947	0.01420	0.01420	0.01420	0.00947	0.00947	0.01420	0.01420	0.01894	0.01894	0.03314	0.01894	0.03788	0.04261	0.68277	0.00947	0.00947	0.00473	0.00473
4	0.03648	0.03253	0.03447	0.02774	0.03499	0.15627	0.08467	0.18422	0.11401	0.09960	0.02727	0.02837	0.02015	0.01288	0.01272	0.00340	0.05535	0.01007	0.00882	0.01598
5	0.02700	0.02557	0.04164	0.06095	0.47922	0.02607	0.03130	0.03673	0.09224	0.03696	0.02370	0.02882	0.01941	0.01039	0.01083	0.00330	0.01238	0.01006	0.00616	0.01727
6	0.02760	0.01749	0.02098	0.01794	0.02365	0.01733	0.01407	0.04063	0.18793	0.16363	0.22210	0.05299	0.05546	0.01661	0.01144	0.00334	0.00747	0.01416	0.01158	0.07358
7	0.01433	0.01006	0.01293	0.01441	0.01499	0.00990	0.00940	0.01585	0.01896	0.02549	0.04881	0.38216	0.05726	0.22023	0.08636	0.00773	0.01008	0.02424	0.00857	0.00825
8	0.02187	0.05640	0.56031	0.03108	0.04719	0.02532	0.04029	0.03453	0.02302	0.03453	0.01957	0.02302	0.01381	0.01036	0.01036	0.00345	0.01611	0.00806	0.00460	0.01611
9	0.03035	0.03519	0.17302	0.03367	0.04486	0.02778	0.20485	0.15709	0.06674	0.07864	0.02542	0.02832	0.01823	0.01113	0.01151	0.00350	0.01495	0.01076	0.00756	0.01644
10	0.01725	0.01183	0.01351	0.01266	0.01650	0.01021	0.00965	0.02085	0.02724	0.08655	0.22985	0.09127	0.36362	0.02464	0.01269	0.00358	0.00579	0.02084	0.01101	0.01046
11	0.01757	0.01255	0.01757	0.02008	0.02259	0.01255	0.01757	0.02259	0.02510	0.03263	0.05773	0.12299	0.06275	0.03012	0.01506	0.00502	0.01004	0.47540	0.01004	0.01004
12	0.01567	0.01162	0.01619	0.01571	0.01679	0.01124	0.04641	0.01707	0.01846	0.02466	0.04288	0.26609	0.04981	0.35600	0.03694	0.00778	0.00961	0.02119	0.00782	0.00805
13	0.02519	0.02407	0.04101	0.21419	0.41559	0.02543	0.03257	0.03189	0.02398	0.03344	0.02019	0.02757	0.01650	0.01005	0.01082	0.00335	0.01340	0.00971	0.00524	0.01582
14	0.01930	0.01716	0.02467	0.02252	0.02359	0.02253	0.01823	0.02252	0.01715	0.02573	0.02250	0.03429	0.02143	0.05355	0.33146	0.01178	0.28477	0.01072	0.00536	0.01072
15	0.01464	0.01111	0.01348	0.01289	0.01580	0.00995	0.00966	0.01904	0.02899	0.03929	0.40848	0.08875	0.24021	0.02395	0.01287	0.00351	0.00526	0.02074	0.01142	0.00995
16	0.02487	0.28973	0.35324	0.02597	0.03929	0.03266	0.03138	0.03376	0.02266	0.03088	0.01775	0.02074	0.01389	0.00993	0.00898	0.00299	0.01428	0.00714	0.00463	0.01524
17	0.01324	0.00965	0.01249	0.01477	0.01571	0.00889	0.00994	0.01523	0.02128	0.02800	0.06516	0.55898	0.11956	0.03350	0.01381	0.00435	0.00625	0.03019	0.01012	0.00889
18	0.02105	0.01157	0.01170	0.01144	0.01437	0.01197	0.00865	0.02887	0.07671	0.04118	0.03651	0.04065	0.02851	0.01293	0.00799	0.00266	0.00546	0.01039	0.60647	0.01092
19	0.01509	0.01113	0.01411	0.01336	0.01608	0.01014	0.01002	0.01992	0.03007	0.04183	0.48575	0.08456	0.16135	0.02300	0.01286	0.00346	0.00519	0.02015	0.01175	0.01014
20	0.02504	0.28047	0.32538	0.02716	0.04022	0.03258	0.06419	0.03381	0.02286	0.03102	0.01798	0.02126	0.01407	0.00987	0.00919	0.00302	0.01450	0.00750	0.00469	0.01517
21	0.01692	0.01263	0.01631	0.01816	0.02032	0.01284	0.01418	0.02399	0.09058	0.03221	0.05701	0.33066	0.06302	0.02989	0.01402	0.00458	0.00818	0.21383	0.01022	0.01047
22	0.02689	0.02618	0.04580	0.06532	0.51110	0.02603	0.06992	0.03358	0.02490	0.03557	0.02063	0.02717	0.01722	0.00967	0.01095	0.00327	0.01337	0.00996	0.00541	0.01707
23	0.03112	0.02579	0.04081	0.05656	0.42761	0.02597	0.03001	0.09947	0.02900	0.09236	0.02353	0.02790	0.01842	0.01055	0.01083	0.00326	0.01246	0.00985	0.00695	0.01757
24	0.48140	0.02124	0.02253	0.14105	0.08857	0.02456	0.01799	0.03132	0.01991	0.04308	0.01663	0.02109	0.01296	0.01024	0.00805	0.00341	0.01020	0.00711	0.00620	0.01245
25	0.02324	0.02416	0.03417	0.41313	0.06302	0.09672	0.07830	0.02977	0.02367	0.02858	0.02631	0.03366	0.05529	0.01204	0.01112	0.00353	0.01494	0.01069	0.00542	0.01224
26	0.01751	0.01424	0.02194	0.02838	0.14224	0.01463	0.01721	0.02133	0.02101	0.02917	0.04077	0.25894	0.04427	0.04342	0.19259	0.00839	0.01546	0.04967	0.00764	0.01119
27	0.03771	0.01526	0.01937	0.01578	0.02190	0.01373	0.01273	0.04226	0.02794	0.35412	0.04010	0.03850	0.02737	0.01318	0.00965	0.00305	0.00763	0.01065	0.27381	0.01526
28	0.02699	0.02591	0.04426	0.06693	0.54879	0.02591	0.03346	0.03346	0.02483	0.03562	0.02051	0.02699	0.01727	0.00972	0.01079	0.00324	0.01295	0.00972	0.00540	0.01727
29	0.02685	0.44390	0.21642	0.02259	0.03406	0.03750	0.02550	0.03324	0.02243	0.02846	0.01655	0.01924	0.01394	0.00965	0.00806	0.00269	0.01307	0.00654	0.00465	0.01466
30	0.33868	0.01969	0.02114	0.01713	0.02480	0.01982	0.01413	0.04366	0.02552	0.32836	0.03051	0.02840	0.02017	0.01198	0.00907	0.00337	0.00890	0.00869	0.01046	0.01552
31	0.01328	0.00949	0.01265	0.01518	0.01581	0.00886	0.01012	0.01518	0.02088	0.02783	0.06010	0.60969	0.07212	0.03416	0.01392	0.00443	0.00633	0.03100	0.01012	0.00886
32	0.01675	0.01303	0.01472	0.01484	0.01823	0.01228	0.01146	0.06949	0.02687	0.03379	0.08258	0.20550	0.31309	0.02784	0.01324	0.00401	0.00709	0.09476	0.01019	0.01026
33	0.03158	0.03314	0.05016	0.03772	0.04642	0.15448	0.30797	0.03826	0.02688	0.08784	0.02252	0.02755	0.01691	0.01083	0.01358	0.00352	0.05880	0.01106	0.00633	0.01443
34	0.01558	0.01168	0.01752	0.01752	0.01947	0.01363	0.01363	0.01947	0.01752	0.02531	0.02921	0.04283	0.02726	0.08178	0.57360	0.01752	0.02921	0.01168	0.00584	0.00974
35	0.02059	0.01938	0.03270	0.59060	0.07510	0.02422	0.03028	0.02786	0.02180	0.02786	0.01938	0.02907	0.01453	0.01090	0.01090	0.00363	0.01453	0.00969	0.00484	0.01211
36	0.03460	0.04295	0.02653	0.02434	0.02953	0.44882	0.01825	0.03739	0.02957	0.02730	0.03747	0.03845	0.13087	0.01484	0.01050	0.00300	0.01655	0.01054	0.00661	0.01188
37	0.02582	0.01657	0.02048	0.01927	0.02398	0.01699	0.01571	0.03824	0.17442	0.13731	0.14981	0.07436	0.05559	0.02093	0.01268	0.00400	0.00849	0.16016	0.01140	0.01380
38	0.01967	0.01029	0.01075	0.01064	0.01318	0.01018	0.00798	0.02476	0.02394	0.04106	0.10341	0.04610	0.03796	0.01398	0.00832	0.00266	0.00509	0.01144	0.58840	0.01018
39	0.02337	0.02510	0.04967	0.03745	0.04452	0.02584	0.32834	0.02998	0.02307	0.03198	0.02644	0.11992	0.02485	0.01522	0.01785	0.00403	0.13806	0.01503	0.00609	0.01320
40	0.11554	0.02400	0.04556	0.03404	0.04258	0.02297	0.31140	0.03336	0.02459	0.09114	0.02938	0.12034	0.02580	0.01372	0.01201	0.00372	0.01418	0.01460	0.00726	0.01380
41	0.01572	0.01133	0.01498	0.01457	0.01713	0.01059	0.01126	0.02085	0.03009	0.04224	0.47816	0.08700	0.09752	0.02334	0.01315	0.00364	0.00580	0.08063	0.01174	0.01025
42	0.04073	0.05197	0.03090	0.02809	0.03371	0.57303	0.02107	0.04354	0.03090	0.02669	0.01685	0.01966	0.01404	0.01124	0.00983	0.00281	0.01966	0.00702	0.00562	0.01264
43	0.01445	0.01111	0.01321	0.01268	0.01568	0.00987	0.00951	0.01867	0.02853	0.03819	0.37538	0.09055	0.27399	0.02435	0.01287	0.00353	0.00529	0.02100	0.01128	0.00987
44	0.19015	0.03375	0.03610	0.02850	0.03650	0.17352	0.13881	0.15784	0.03191	0.04459	0.02011	0.02326	0.01528	0.01094	0.01013	0.00327	0.01477	0.00891	0.00720	0.01445
45	0.04145	0.03054	0.03272	0.02509	0.03381	0.03381	0.02072	0.51243	0.05127	0.06872	0.02618	0.02618	0.01854	0.01309	0.01091	0.00327	0.01200	0.00982	0.01091	0.01854
46	0.01328	0.00949	0.01265	0.01518	0.01581	0.00886	0.01012	0.01518	0.02088	0.02783	0.06010	0.60969	0.07212	0.03416	0.01392	0.00443	0.00633	0.03100	0.01012	0.00886
47	0.02187	0.05640	0.56031	0.03108	0.04719	0.02532	0.04029	0.03453	0.02302	0.03453	0.01957	0.02302	0.01381	0.01036	0.01036	0.00345	0.01611	0.00806	0.00460	0.01611
48	0.02072	0.05013	0.48710	0.02895	0.04300	0.02312	0.03625	0.03194	0.02273	0.03364	0.02499	0.10145	0.02161	0.01354	0.01083	0.00358	0.01481	0.01112	0.00534	0.01514
49	0.01543	0.01115	0.01457	0.01372	0.01629	0.01029	0.01029	0.02058	0.03086	0.04372	0.54304	0.08145	0.10288	0.02229	0.01286	0.00343	0.00514	0.01972	0.01200	0.01029
50	0.01332	0.01092	0.01174	0.01183	0.01507	0.00935	0.00876	0.01639	0.02545	0.03157	0.17437	0.14557	0.43313	0.02735	0.01297	0.00371	0.00553	0.02319	0.01042	0.00935
51	0.02728	0.10578	0.04598	0.06047	0.47917	0.02821	0.03148	0.03335	0.02447	0.03429	0.01979	0.02572	0.01683	0.00966	0.01029	0.00312	0.01278	0.00920	0.00530	0.01683
52	0.02131	0.01995	0.02983	0.11769	0.07913	0.02580	0.02287	0.02525	0.01845	0.02706	0.01980	0.03023	0.01820	0.03439	0.17909	0.00800	0.29583	0.01018	0.00514	0.01182
53	0.01525	0.01032	0.01207	0.01266	0.01281	0.01017	0.00743	0.01570	0.01703	0.02271	0.04038	0.19741	0.04724	0.48038	0.04576	0.00913	0.00958	0.01940	0.00743	0.00713
54	0.01354	0.00991	0.01279	0.01498	0.01615	0.00917	0.01040	0.01577	0.02171	0.02839	0.06666	0.50765	0.13458	0.03300	0.01386	0.00437	0.00648	0.06149	0.01012	0.00899
55	0.02643	0.02861	0.08900	0.05569	0.38574	0.02619	0.07969	0.03698	0.09217	0.03679	0.02377	0.02871	0.01903	0.01040	0.01100	0.00336	0.01320	0.01024	0.00610	0.01691
56	0.01933	0.01633	0.02288	0.14292	0.08758	0.01778	0.01832	0.02909	0.12653	0.03390	0.09263	0.25612	0.04932	0.02151	0.01227	0.00388	0.00911	0.01930	0.00890	0.01230
57	0.04774	0.02045	0.02648	0.02030	0.02878	0.01884	0.01677	0.12570	0.03438	0.47931	0.04036	0.03538	0.02566	0.01343	0.01096	0.00336	0.00971	0.01078	0.01309	0.01855
58	0.03506	0.02407	0.02668	0.02228	0.02952	0.02636	0.01781	0.16335	0.31256	0.15837	0.03983	0.03653	0.02851	0.01412	0.01102	0.00353	0.00955	0.01145	0.01156	0.01783
59	0.03070	0.20429	0.24820	0.02800	0.08133	0.02821	0.02792	0.03826	0.02485	0.15431	0.02390	0.02511	0.01725	0.01075	0.00959	0.00310	0.01298	0.00826	0.00677	0.01619
60	0.02497	0.02385	0.04062	0.23191	0.39955	0.02538	0.03246	0.03170	0.02387	0.03318	0.02015	0.02764	0.01641	0.01009	0.01083	0.00336	0.01345	0.00971	0.00522	0.01565
61	0.04598	0.01790	0.02436	0.01890	0.02682	0.01552	0.01552	0.05028	0.03118	0.51130	0.08695	0.04101	0.03366	0.01427	0.01113	0.00338	0.00891	0.01173	0.01336	0.01783
62	0.02187	0.05640	0.56031	0.03108	0.04719	0.02532	0.04029	0.03453	0.02302	0.03453	0.01957	0.02302	0.01381	0.01036	0.01036	0.00345	0.01611	0.00806	0.00460	0.01611
63	0.03173	0.08697	0.20275	0.02902	0.04028	0.02591	0.12439	0.07765	0.06859	0.16283	0.02784	0.02889	0.01949	0.01135	0.01082	0.00339	0.01362	0.01002	0.00794	0.01651
64	0.04892	0.01856	0.02530	0.01940	0.02783	0.01603	0.01603	0.05314	0.03121	0.55634	0.04302	0.03711	0.02699	0.01350	0.01096	0.00337	0.00928	0.01096	0.01350	0.01856
65	0.02633	0.02727	0.05226	0.03826	0.04790	0.02654	0.36378	0.08366	0.08176	0.03898	0.03261	0.03692	0.06490	0.01180	0.01248	0.00364	0.01557	0.01339	0.00706	0.01488
66	0.03726	0.02514	0.07403	0.02913	0.08561	0.02193	0.08590	0.12590	0.03273	0.26257	0.07709	0.03593	0.02877	0.01300	0.01131	0.00339	0.01151	0.01144	0.01034	0.01700
67	0.03687	0.02735	0.11786	0.03645	0.17941	0.02107	0.05897	0.04340	0.02774	0.29131	0.03153	0.03150	0.02145	0.01164	0.01095	0.00337	0.01202	0.01029	0.00926	0.01754
68	0.04290	0.01857	0.02397	0.01882	0.02595	0.01706	0.01504	0.09610	0.03092	0.41993	0.03986	0.04136	0.02809	0.10876	0.01799	0.00450	0.00977	0.01162	0.01213	0.01667
69	0.20389	0.02139	0.02871	0.02206	0.03045	0.02076	0.08121	0.07449	0.02863	0.33114	0.03231	0.03062	0.02133	0.01206	0.01018	0.00341	0.01046	0.00990	0.01061	0.01638

[dist]
# distance from previous block
# <min> <max>
1	5

[block]
# block no. 2 follows, 12 sequences, length 27
# corresponding to MSA columns:
# 125-151
name=unknown_C
#
# <colnr> <probs for GDERKNQSTAVLIFYWHMCP>
#	G	D	E	R	K	N	Q	S	T	A	V	L	I	F	Y	W	H	M	C	P
0	0.02580	0.02511	0.10204	0.02583	0.06748	0.02135	0.05130	0.08329	0.15006	0.08565	0.14856	0.08802	0.04492	0.01634	0.01167	0.00356	0.01005	0.01431	0.00972	0.01496
1	0.02106	0.01675	0.01906	0.01878	0.02227	0.01817	0.01383	0.07101	0.22844	0.03818	0.05112	0.33467	0.05228	0.02471	0.01254	0.00404	0.00770	0.02182	0.01058	0.01300
2	0.01931	0.20041	0.06655	0.01774	0.02267	0.02105	0.01581	0.02299	0.02235	0.02847	0.04733	0.27578	0.08823	0.02375	0.01163	0.00374	0.00912	0.08386	0.00805	0.01114
3	0.03398	0.30029	0.09716	0.02395	0.03390	0.03096	0.08933	0.03939	0.02550	0.18944	0.02505	0.02569	0.01829	0.01068	0.00936	0.00295	0.01232	0.00860	0.00747	0.01569
4	0.10000	0.08416	0.01885	0.01370	0.01786	0.01561	0.01095	0.02216	0.02681	0.03864	0.30670	0.07203	0.19285	0.02062	0.01143	0.00336	0.00641	0.01722	0.01002	0.01064
5	0.02682	0.09228	0.26579	0.02320	0.03375	0.02144	0.02578	0.03498	0.02658	0.14761	0.15008	0.03956	0.03808	0.01380	0.01076	0.00332	0.01158	0.01127	0.00829	0.01503
6	0.02915	0.62337	0.05714	0.01866	0.02799	0.04314	0.01866	0.03265	0.02215	0.02565	0.01516	0.01749	0.01399	0.00933	0.00700	0.00233	0.01166	0.00583	0.00466	0.01399
7	0.01328	0.00949	0.01265	0.01518	0.01581	0.00886	0.01012	0.01518	0.02088	0.02783	0.06010	0.60969	0.07212	0.03416	0.01392	0.00443	0.00633	0.03100	0.01012	0.00886
8	0.02187	0.05640	0.56031	0.03108	0.04719	0.02532	0.04029	0.03453	0.02302	0.03453	0.01957	0.02302	0.01381	0.01036	0.01036	0.00345	0.01611	0.00806	0.00460	0.01611
9	0.03431	0.02664	0.14324	0.02167	0.03030	0.01884	0.02075	0.09768	0.03036	0.26505	0.07690	0.11704	0.03527	0.01635	0.01139	0.00353	0.01040	0.01369	0.01060	0.01600
10	0.06563	0.23117	0.36966	0.02617	0.03959	0.03083	0.03178	0.03379	0.02247	0.03265	0.01792	0.02097	0.01374	0.01002	0.00909	0.00310	0.01425	0.00723	0.00476	0.01519
11	0.03595	0.02340	0.02423	0.02046	0.02517	0.11752	0.01578	0.03864	0.02541	0.25720	0.03216	0.04033	0.02591	0.15900	0.02498	0.00520	0.09457	0.01123	0.00919	0.01368
12	0.03228	0.02599	0.02756	0.02323	0.03032	0.02953	0.01851	0.22169	0.35694	0.05394	0.03782	0.03546	0.02797	0.01418	0.01103	0.00354	0.00984	0.01142	0.01103	0.01772
13	0.02261	0.01938	0.02261	0.01615	0.02584	0.01453	0.01292	0.02745	0.02261	0.03553	0.01938	0.02261	0.01615	0.00807	0.00807	0.00161	0.00807	0.00646	0.00646	0.68346
14	0.02187	0.05640	0.56031	0.03108	0.04719	0.02532	0.04029	0.03453	0.02302	0.03453	0.01957	0.02302	0.01381	0.01036	0.01036	0.00345	0.01611	0.00806	0.00460	0.01611
15	0.03201	0.08806	0.22793	0.02954	0.04070	0.12555	0.09619	0.09442	0.02908	0.10080	0.02275	0.02500	0.01643	0.01098	0.01050	0.00325	0.01540	0.00894	0.00676	0.01571
16	0.01417	0.01014	0.01360	0.01564	0.01681	0.00956	0.01116	0.01696	0.02287	0.03074	0.12808	0.46846	0.07519	0.03193	0.01392	0.00437	0.00667	0.09014	0.01038	0.00922
17	0.01654	0.01181	0.01639	0.01890	0.02096	0.01166	0.01578	0.02081	0.02408	0.03148	0.05830	0.24006	0.06500	0.03109	0.01479	0.00488	0.00915	0.36850	0.01006	0.00976
18	0.01799	0.01093	0.01474	0.01628	0.01806	0.01015	0.01173	0.02055	0.02261	0.09042	0.05780	0.48255	0.06567	0.03124	0.01371	0.00438	0.00713	0.08341	0.01051	0.01014
19	0.03332	0.02794	0.03921	0.04861	0.32331	0.02937	0.02789	0.24318	0.03640	0.05011	0.02299	0.02663	0.01783	0.01119	0.01084	0.00325	0.01254	0.00976	0.00781	0.01783
20	0.03297	0.01771	0.02323	0.01960	0.02525	0.01818	0.01582	0.12114	0.02883	0.23598	0.03394	0.03765	0.02559	0.04332	0.25730	0.00955	0.01849	0.01107	0.00968	0.01469
21	0.01549	0.01135	0.01570	0.01517	0.01750	0.01156	0.01156	0.02015	0.02577	0.03669	0.34676	0.06670	0.07399	0.04501	0.22706	0.00881	0.01434	0.01665	0.00965	0.01008
22	0.03456	0.03141	0.09660	0.09175	0.03953	0.03070	0.02377	0.33241	0.11192	0.05644	0.02714	0.02818	0.01957	0.01274	0.01087	0.00340	0.01233	0.00994	0.00945	0.01731
23	0.27755	0.01577	0.01661	0.01601	0.02052	0.01646	0.01267	0.02853	0.02302	0.11285	0.08703	0.18391	0.04448	0.02039	0.01084	0.00387	0.00796	0.08040	0.00949	0.01166
24	0.02479	0.22108	0.33425	0.02611	0.03879	0.03090	0.03057	0.03728	0.09434	0.03345	0.02176	0.02387	0.01662	0.01068	0.00946	0.00315	0.01373	0.00800	0.00554	0.01564
25	0.02815	0.02740	0.03633	0.04328	0.25691	0.07971	0.02598	0.07179	0.02535	0.03525	0.01898	0.02484	0.01619	0.01217	0.01634	0.00334	0.15328	0.00896	0.00588	0.10987
26	0.12017	0.14949	0.23609	0.02526	0.03613	0.12021	0.02667	0.10066	0.02742	0.03826	0.01863	0.02118	0.01426	0.01066	0.00925	0.00311	0.01429	0.00743	0.00594	0.01490

[dist]
# distance from previous block
# <min> <max>
0	2

[block]
# block no. 3 follows, 12 sequences, length 73
# corresponding to MSA columns:
# 154-226
name=unknown_D
#
# <colnr> <probs for GDERKNQSTAVLIFYWHMCP>
#	G	D	E	R	K	N	Q	S	T	A	V	L	I	F	Y	W	H	M	C	P
0	0.03169	0.03154	0.10887	0.04943	0.33271	0.08356	0.02993	0.03820	0.02638	0.12706	0.02399	0.02746	0.01818	0.01064	0.01066	0.00324	0.01345	0.00942	0.00675	0.01684
1	0.03032	0.42571	0.15606	0.02130	0.03190	0.03584	0.02274	0.03579	0.02355	0.09887	0.01981	0.02126	0.01570	0.01010	0.00822	0.00270	0.01225	0.00698	0.00584	0.01504
2	0.02404	0.02427	0.10191	0.39785	0.06146	0.02255	0.02840	0.03147	0.02307	0.08696	0.02198	0.02851	0.01595	0.01084	0.01056	0.00339	0.01355	0.00930	0.00591	0.07805
3	0.03000	0.10431	0.02966	0.02173	0.02867	0.02898	0.01761	0.08761	0.39020	0.08111	0.03901	0.03624	0.02916	0.01384	0.01052	0.00346	0.00933	0.01117	0.01039	0.01701
4	0.03182	0.42655	0.10525	0.02135	0.03083	0.10988	0.02108	0.03629	0.02430	0.07790	0.01855	0.02028	0.01523	0.01010	0.00813	0.00262	0.01299	0.00673	0.00564	0.01448
5	0.02332	0.01890	0.03081	0.40100	0.11414	0.02174	0.02656	0.02992	0.02426	0.08177	0.09223	0.03667	0.02792	0.01255	0.01116	0.00354	0.01259	0.01116	0.00670	0.01305
6	0.02187	0.05640	0.56031	0.03108	0.04719	0.02532	0.04029	0.03453	0.02302	0.03453	0.01957	0.02302	0.01381	0.01036	0.01036	0.00345	0.01611	0.00806	0.00460	0.01611
7	0.01982	0.01551	0.02060	0.01918	0.02256	0.01575	0.04729	0.08903	0.08227	0.03848	0.13366	0.33846	0.06205	0.02544	0.01295	0.00397	0.00798	0.02292	0.01033	0.01173
8	0.01640	0.01225	0.01566	0.01404	0.01757	0.01086	0.01064	0.02150	0.02975	0.04262	0.47259	0.07353	0.09121	0.02038	0.01222	0.00319	0.00554	0.01793	0.01126	0.10086
9	0.02712	0.02342	0.02465	0.02219	0.02835	0.02712	0.01726	0.05794	0.52909	0.04561	0.04438	0.04068	0.03328	0.01479	0.01109	0.00370	0.00863	0.01233	0.01109	0.01726
10	0.02261	0.01938	0.02261	0.01615	0.02584	0.01453	0.01292	0.02745	0.02261	0.03553	0.01938	0.02261	0.01615	0.00807	0.00807	0.00161	0.00807	0.00646	0.00646	0.68346
11	0.01894	0.00947	0.01420	0.01420	0.01420	0.00947	0.00947	0.01420	0.01420	0.01894	0.01894	0.03314	0.01894	0.03788	0.04261	0.68277	0.00947	0.00947	0.00473	0.00473
12	0.01586	0.01057	0.01189	0.01189	0.01189	0.01057	0.00661	0.01586	0.01586	0.02114	0.03436	0.07135	0.03964	0.61681	0.05550	0.01057	0.01057	0.01586	0.00661	0.00661
13	0.02513	0.02402	0.04091	0.21858	0.41161	0.02542	0.03254	0.03184	0.02395	0.03337	0.02018	0.02759	0.01648	0.01006	0.01083	0.00335	0.01341	0.00971	0.00524	0.01578
14	0.01586	0.01057	0.01189	0.01189	0.01189	0.01057	0.00661	0.01586	0.01586	0.02114	0.03436	0.07135	0.03964	0.61681	0.05550	0.01057	0.01057	0.01586	0.00661	0.00661
15	0.01328	0.00949	0.01265	0.01518	0.01581	0.00886	0.01012	0.01518	0.02088	0.02783	0.06010	0.60969	0.07212	0.03416	0.01392	0.00443	0.00633	0.03100	0.01012	0.00886
16	0.01894	0.00947	0.01420	0.01420	0.01420	0.00947	0.00947	0.01420	0.01420	0.01894	0.01894	0.03314	0.01894	0.03788	0.04261	0.68277	0.00947	0.00947	0.00473	0.00473
17	0.02187	0.05640	0.56031	0.03108	0.04719	0.02532	0.04029	0.03453	0.02302	0.03453	0.01957	0.02302	0.01381	0.01036	0.01036	0.00345	0.01611	0.00806	0.00460	0.01611
18	0.03188	0.02450	0.02638	0.02256	0.02945	0.02760	0.01788	0.15198	0.38908	0.09219	0.04049	0.03738	0.02971	0.01433	0.01105	0.00358	0.00938	0.01169	0.01125	0.01763
19	0.01558	0.01168	0.01752	0.01752	0.01947	0.01363	0.01363	0.01947	0.01752	0.02531	0.02921	0.04283	0.02726	0.08178	0.57360	0.01752	0.02921	0.01168	0.00584	0.00974
20	0.02059	0.01938	0.03270	0.59060	0.07510	0.02422	0.03028	0.02786	0.02180	0.02786	0.01938	0.02907	0.01453	0.01090	0.01090	0.00363	0.01453	0.00969	0.00484	0.01211
21	0.03739	0.03862	0.02899	0.02508	0.03144	0.29828	0.01944	0.17543	0.11340	0.04234	0.02504	0.02622	0.01926	0.01241	0.01017	0.00306	0.01479	0.00885	0.05496	0.01483
22	0.01528	0.01066	0.01308	0.01315	0.01548	0.00982	0.00960	0.01941	0.02687	0.03798	0.31301	0.18771	0.15048	0.02421	0.01238	0.00355	0.00543	0.02122	0.10086	0.00982
23	0.01328	0.00949	0.01265	0.01518	0.01581	0.00886	0.01012	0.01518	0.02088	0.02783	0.06010	0.60969	0.07212	0.03416	0.01392	0.00443	0.00633	0.03100	0.01012	0.00886
24	0.02501	0.30072	0.34348	0.02573	0.03892	0.03300	0.03097	0.03372	0.02265	0.03070	0.01767	0.02064	0.01389	0.00991	0.00891	0.00297	0.01419	0.00710	0.00463	0.01520
25	0.01344	0.01107	0.01181	0.01162	0.01506	0.00944	0.00872	0.01671	0.02615	0.03254	0.20385	0.09986	0.44905	0.02646	0.01288	0.00363	0.00544	0.02230	0.01053	0.00944
26	0.01328	0.00949	0.01265	0.01518	0.01581	0.00886	0.01012	0.01518	0.02088	0.02783	0.06010	0.60969	0.07212	0.03416	0.01392	0.00443	0.00633	0.03100	0.01012	0.00886
27	0.02059	0.01938	0.03270	0.59060	0.07510	0.02422	0.03028	0.02786	0.02180	0.02786	0.01938	0.02907	0.01453	0.01090	0.01090	0.00363	0.01453	0.00969	0.00484	0.01211
28	0.03562	0.04269	0.02798	0.02547	0.03104	0.41348	0.01923	0.04425	0.13392	0.03084	0.03023	0.03101	0.06143	0.01331	0.01034	0.00307	0.01621	0.00943	0.00712	0.01332
29	0.04073	0.05197	0.03090	0.02809	0.03371	0.57303	0.02107	0.04354	0.03090	0.02669	0.01685	0.01966	0.01404	0.01124	0.00983	0.00281	0.01966	0.00702	0.00562	0.01264
30	0.03564	0.03769	0.02891	0.02395	0.03145	0.28954	0.01863	0.14476	0.03310	0.03874	0.01969	0.02199	0.01567	0.01074	0.00957	0.00257	0.01458	0.00749	0.00706	0.20824
31	0.02554	0.02443	0.04165	0.18518	0.44183	0.02553	0.03274	0.03220	0.02414	0.03387	0.02025	0.02746	0.01665	0.00998	0.01082	0.00333	0.01331	0.00971	0.00527	0.01611
32	0.01386	0.00990	0.01331	0.01584	0.01673	0.00935	0.01112	0.01618	0.02144	0.02848	0.05978	0.54421	0.07086	0.03362	0.01407	0.00451	0.00683	0.09079	0.01011	0.00902
33	0.02187	0.05640	0.56031	0.03108	0.04719	0.02532	0.04029	0.03453	0.02302	0.03453	0.01957	0.02302	0.01381	0.01036	0.01036	0.00345	0.01611	0.00806	0.00460	0.01611
34	0.16230	0.01997	0.02376	0.01843	0.02675	0.01860	0.01516	0.07788	0.02912	0.35797	0.03351	0.03081	0.02214	0.01210	0.00979	0.00312	0.00915	0.00934	0.01111	0.10897
35	0.01328	0.00949	0.01265	0.01518	0.01581	0.00886	0.01012	0.01518	0.02088	0.02783	0.06010	0.60969	0.07212	0.03416	0.01392	0.00443	0.00633	0.03100	0.01012	0.00886
36	0.01558	0.01168	0.01752	0.01752	0.01947	0.01363	0.01363	0.01947	0.01752	0.02531	0.02921	0.04283	0.02726	0.08178	0.57360	0.01752	0.02921	0.01168	0.00584	0.00974
37	0.04580	0.02002	0.03056	0.02297	0.03176	0.01758	0.08238	0.05069	0.03047	0.48619	0.04020	0.03608	0.02559	0.01292	0.01122	0.00341	0.01050	0.01122	0.01242	0.01804
38	0.01894	0.01360	0.01814	0.01983	0.02259	0.01378	0.01682	0.06145	0.02666	0.03492	0.05548	0.18060	0.06041	0.02928	0.01457	0.00480	0.00970	0.37773	0.01012	0.01057
39	0.07653	0.01815	0.01978	0.01804	0.02277	0.01993	0.01393	0.04036	0.28124	0.04510	0.24850	0.05569	0.06036	0.01752	0.01147	0.00356	0.00717	0.01487	0.01112	0.01393
40	0.04205	0.01704	0.02310	0.01823	0.02547	0.01485	0.01485	0.04646	0.03114	0.45120	0.14557	0.04621	0.04256	0.01530	0.01135	0.00339	0.00843	0.01276	0.01319	0.01686
41	0.02773	0.07285	0.03062	0.03026	0.13361	0.06552	0.02015	0.04149	0.20628	0.07501	0.04172	0.04162	0.09395	0.01498	0.01260	0.00348	0.05222	0.01201	0.00860	0.01529
42	0.02437	0.15013	0.11205	0.24636	0.19886	0.02874	0.03016	0.03136	0.02291	0.03055	0.01887	0.02528	0.01512	0.01016	0.01000	0.00323	0.01370	0.00869	0.00494	0.01453
43	0.04528	0.01775	0.02414	0.01878	0.02658	0.01540	0.01540	0.04960	0.03117	0.50060	0.09739	0.04193	0.03524	0.01445	0.01117	0.00338	0.00883	0.01192	0.01333	0.01766
44	0.01594	0.01044	0.01184	0.01208	0.01233	0.01038	0.00702	0.01650	0.01686	0.02324	0.03693	0.12095	0.04190	0.51568	0.04793	0.00938	0.00975	0.01689	0.05688	0.00709
45	0.03178	0.03340	0.03984	0.03562	0.09279	0.19419	0.12819	0.03636	0.02504	0.07240	0.01977	0.02520	0.01607	0.01309	0.01820	0.00366	0.18496	0.00963	0.00597	0.01386
46	0.01586	0.01057	0.01189	0.01189	0.01189	0.01057	0.00661	0.01586	0.01586	0.02114	0.03436	0.07135	0.03964	0.61681	0.05550	0.01057	0.01057	0.01586	0.00661	0.00661
47	0.02033	0.01016	0.01016	0.01016	0.01270	0.01016	0.00762	0.02541	0.02287	0.04065	0.03557	0.04065	0.02795	0.01270	0.00762	0.00254	0.00508	0.01016	0.67734	0.01016
48	0.01388	0.00995	0.01319	0.01477	0.01595	0.00926	0.01017	0.01669	0.02367	0.03228	0.19507	0.46205	0.08071	0.03084	0.01362	0.00415	0.00600	0.02784	0.01065	0.00926
49	0.02667	0.02600	0.04280	0.04427	0.21341	0.02684	0.16522	0.04296	0.21205	0.03912	0.02981	0.03277	0.02300	0.01145	0.01151	0.00354	0.01292	0.01160	0.00754	0.01652
50	0.01822	0.01499	0.02180	0.02043	0.02166	0.01895	0.01622	0.02098	0.01702	0.02506	0.02410	0.03660	0.02287	0.06023	0.37609	0.06829	0.19021	0.01089	0.00544	0.00995
51	0.02699	0.02591	0.04426	0.06693	0.54879	0.02591	0.03346	0.03346	0.02483	0.03562	0.02051	0.02699	0.01727	0.00972	0.01079	0.00324	0.01295	0.00972	0.00540	0.01727
52	0.02059	0.01938	0.03270	0.59060	0.07510	0.02422	0.03028	0.02786	0.02180	0.02786	0.01938	0.02907	0.01453	0.01090	0.01090	0.00363	0.01453	0.00969	0.00484	0.01211
53	0.03129	0.02842	0.02681	0.02346	0.02996	0.10166	0.01834	0.13016	0.38410	0.04684	0.03771	0.03549	0.02829	0.01404	0.01089	0.00351	0.01066	0.01120	0.01033	0.01685
54	0.02905	0.02438	0.02574	0.02258	0.02909	0.02802	0.01772	0.11909	0.46481	0.04872	0.04193	0.03873	0.03130	0.01456	0.01107	0.00364	0.00908	0.01199	0.01107	0.01743
55	0.02187	0.05640	0.56031	0.03108	0.04719	0.02532	0.04029	0.03453	0.02302	0.03453	0.01957	0.02302	0.01381	0.01036	0.01036	0.00345	0.01611	0.00806	0.00460	0.01611
56	0.01586	0.01057	0.01189	0.01189	0.01189	0.01057	0.00661	0.01586	0.01586	0.02114	0.03436	0.07135	0.03964	0.61681	0.05550	0.01057	0.01057	0.01586	0.00661	0.00661
57	0.02192	0.02074	0.03510	0.48179	0.17352	0.02457	0.03094	0.02902	0.02243	0.02947	0.01961	0.02864	0.01510	0.01065	0.01088	0.00355	0.01421	0.00970	0.00496	0.01318
58	0.02059	0.01938	0.03270	0.59060	0.07510	0.02422	0.03028	0.02786	0.02180	0.02786	0.01938	0.02907	0.01453	0.01090	0.01090	0.00363	0.01453	0.00969	0.00484	0.01211
59	0.01737	0.01063	0.01421	0.01550	0.01717	0.00977	0.01078	0.01983	0.02296	0.08683	0.10478	0.49652	0.07017	0.03077	0.01349	0.00422	0.00653	0.02773	0.01067	0.01005
60	0.02033	0.01016	0.01016	0.01016	0.01270	0.01016	0.00762	0.02541	0.02287	0.04065	0.03557	0.04065	0.02795	0.01270	0.00762	0.00254	0.00508	0.01016	0.67734	0.01016
61	0.02712	0.46491	0.19777	0.02213	0.03335	0.03816	0.02470	0.03318	0.02240	0.02813	0.01639	0.01904	0.01394	0.00962	0.00794	0.00265	0.01291	0.00645	0.00465	0.01459
62	0.01671	0.01623	0.01405	0.01419	0.01750	0.08499	0.01038	0.01930	0.02485	0.02875	0.08753	0.19699	0.37616	0.02675	0.01269	0.00372	0.00759	0.02250	0.00952	0.00960
63	0.01391	0.00995	0.01333	0.01561	0.01659	0.00936	0.01094	0.01639	0.02208	0.02954	0.09579	0.51744	0.07339	0.03284	0.01396	0.00442	0.00664	0.07848	0.01025	0.00909
64	0.02059	0.01938	0.03270	0.59060	0.07510	0.02422	0.03028	0.02786	0.02180	0.02786	0.01938	0.02907	0.01453	0.01090	0.01090	0.00363	0.01453	0.00969	0.00484	0.01211
65	0.03507	0.03738	0.04032	0.03193	0.03989	0.23120	0.16193	0.15089	0.08828	0.04084	0.02351	0.02628	0.01790	0.01146	0.01110	0.00326	0.01632	0.00994	0.00740	0.01510
66	0.02385	0.02385	0.03340	0.02863	0.02863	0.03340	0.02385	0.02624	0.01670	0.02624	0.01431	0.02385	0.01431	0.01908	0.03578	0.00477	0.59685	0.00954	0.00477	0.01193
67	0.01328	0.00949	0.01265	0.01518	0.01581	0.00886	0.01012	0.01518	0.02088	0.02783	0.06010	0.60969	0.07212	0.03416	0.01392	0.00443	0.00633	0.03100	0.01012	0.00886
68	0.03908	0.03281	0.02807	0.02365	0.03047	0.21042	0.01859	0.15360	0.10448	0.15837	0.06526	0.03226	0.02681	0.01343	0.01072	0.00321	0.01305	0.01016	0.00979	0.01579
69	0.04073	0.05197	0.03090	0.02809	0.03371	0.57303	0.02107	0.04354	0.03090	0.02669	0.01685	0.01966	0.01404	0.01124	0.00983	0.00281	0.01966	0.00702	0.00562	0.01264
70	0.01518	0.01175	0.01789	0.01870	0.02057	0.01115	0.05248	0.01832	0.02214	0.02940	0.05650	0.46239	0.06565	0.03129	0.01407	0.00449	0.00807	0.12066	0.00973	0.00958
71	0.01707	0.01482	0.01853	0.01784	0.02062	0.05047	0.04798	0.02090	0.02578	0.03380	0.21182	0.27512	0.11855	0.02604	0.01320	0.00391	0.00796	0.05539	0.01006	0.01012
72	0.03097	0.03345	0.04039	0.05568	0.39963	0.18435	0.02987	0.03638	0.02659	0.03303	0.01945	0.02487	0.01634	0.01016	0.01052	0.00311	0.01490	0.00894	0.00546	0.01593

[dist]
# distance from previous block
# <min> <max>
5	10

[block]
# block no. 4 follows, 12 sequences, length 47
# corresponding to MSA columns:
# 238-262,271-292
name=unknown_E
#
# <colnr> <probs for GDERKNQSTAVLIFYWHMCP>
#	G	D	E	R	K	N	Q	S	T	A	V	L	I	F	Y	W	H	M	C	P
0	0.02677	0.45519	0.05033	0.17791	0.04110	0.03788	0.02189	0.03132	0.02206	0.02627	0.01633	0.02071	0.01414	0.00977	0.00808	0.00269	0.01246	0.00690	0.00471	0.01347
1	0.01790	0.13846	0.06360	0.01793	0.02182	0.01771	0.01541	0.02147	0.02203	0.02873	0.04750	0.36066	0.05429	0.02662	0.01244	0.00403	0.00879	0.10136	0.00858	0.01065
2	0.03800	0.03056	0.02810	0.02364	0.03074	0.14993	0.01868	0.16058	0.20272	0.15069	0.03360	0.03179	0.02418	0.01332	0.01074	0.00333	0.01205	0.01026	0.01030	0.01678
3	0.16116	0.02330	0.02306	0.02062	0.02535	0.11013	0.05109	0.09097	0.02738	0.03936	0.08193	0.22141	0.04190	0.01971	0.01121	0.00364	0.01050	0.01671	0.00863	0.01194
4	0.02627	0.02026	0.02504	0.09307	0.03320	0.01758	0.01615	0.07099	0.02570	0.08340	0.02205	0.02505	0.01710	0.00935	0.00894	0.00218	0.00937	0.00757	0.00725	0.47947
5	0.02545	0.09558	0.42402	0.02823	0.04223	0.02603	0.03431	0.03812	0.06673	0.08387	0.02353	0.02540	0.01672	0.01095	0.01021	0.00338	0.01448	0.00851	0.00600	0.01627
6	0.03253	0.02611	0.02770	0.02328	0.03041	0.02965	0.01857	0.22946	0.34877	0.05433	0.03751	0.03521	0.02772	0.01415	0.01102	0.00354	0.00990	0.01138	0.01102	0.01774
7	0.02092	0.01932	0.03782	0.03023	0.03593	0.01837	0.24216	0.02564	0.02279	0.03049	0.03467	0.13923	0.03500	0.02247	0.01880	0.12569	0.01322	0.10920	0.00701	0.01106
8	0.03078	0.11719	0.13325	0.02871	0.03790	0.16543	0.09918	0.08011	0.13056	0.03649	0.02428	0.02630	0.01866	0.01138	0.01037	0.00321	0.01490	0.00926	0.00684	0.01518
9	0.01485	0.01083	0.01418	0.01593	0.01755	0.01050	0.01196	0.01774	0.02185	0.02859	0.06116	0.31146	0.12515	0.08606	0.06715	0.00618	0.00964	0.15068	0.00942	0.00912
10	0.01758	0.01478	0.02130	0.02031	0.02154	0.01850	0.01601	0.02079	0.01774	0.02590	0.02914	0.11242	0.02958	0.05803	0.34992	0.01224	0.18424	0.01364	0.00611	0.01023
11	0.01452	0.01038	0.01402	0.01623	0.01749	0.00988	0.01193	0.01748	0.02284	0.03049	0.10498	0.44253	0.07275	0.03207	0.01409	0.00448	0.00711	0.13717	0.01028	0.00928
12	0.02345	0.17947	0.45109	0.02838	0.04302	0.02919	0.03559	0.03412	0.02283	0.03260	0.01861	0.02182	0.01385	0.01014	0.00963	0.00321	0.01515	0.00757	0.00462	0.01565
13	0.02462	0.01937	0.02165	0.01960	0.02475	0.02088	0.01574	0.13267	0.19710	0.04556	0.12975	0.06733	0.11395	0.02006	0.01228	0.00380	0.00861	0.09732	0.01088	0.01407
14	0.02059	0.01938	0.03270	0.59060	0.07510	0.02422	0.03028	0.02786	0.02180	0.02786	0.01938	0.02907	0.01453	0.01090	0.01090	0.00363	0.01453	0.00969	0.00484	0.01211
15	0.01586	0.01057	0.01189	0.01189	0.01189	0.01057	0.00661	0.01586	0.01586	0.02114	0.03436	0.07135	0.03964	0.61681	0.05550	0.01057	0.01057	0.01586	0.00661	0.00661
16	0.02287	0.04973	0.44438	0.03221	0.04671	0.02579	0.10005	0.03679	0.07101	0.03563	0.02223	0.02553	0.01601	0.01062	0.01076	0.00351	0.01571	0.00909	0.00534	0.01604
17	0.02574	0.02941	0.06434	0.04596	0.05699	0.02757	0.50919	0.03493	0.02574	0.03493	0.02206	0.02941	0.01654	0.00919	0.01287	0.00368	0.01838	0.01287	0.00551	0.01471
18	0.01328	0.00949	0.01265	0.01518	0.01581	0.00886	0.01012	0.01518	0.02088	0.02783	0.06010	0.60969	0.07212	0.03416	0.01392	0.00443	0.00633	0.03100	0.01012	0.00886
19	0.02335	0.02691	0.10707	0.30461	0.26325	0.02505	0.03289	0.03101	0.02319	0.03188	0.01986	0.02743	0.01555	0.01035	0.01079	0.00345	0.01410	0.00948	0.00504	0.01473
20	0.03419	0.01742	0.02205	0.01813	0.02427	0.01658	0.01450	0.08253	0.07972	0.28123	0.22105	0.05239	0.05406	0.01674	0.01165	0.00342	0.00797	0.01413	0.01250	0.01547
21	0.04793	0.02014	0.02628	0.02015	0.02862	0.01838	0.01665	0.11380	0.03386	0.49193	0.04079	0.03567	0.02587	0.01344	0.01096	0.00336	0.00964	0.01081	0.01315	0.01855
22	0.02915	0.01639	0.01804	0.01562	0.02057	0.01696	0.01232	0.09964	0.10720	0.13472	0.03700	0.03813	0.02737	0.01322	0.00918	0.00296	0.00728	0.01059	0.36984	0.01384
23	0.02539	0.18949	0.23922	0.02981	0.04152	0.03063	0.13460	0.03780	0.10251	0.03409	0.02287	0.02578	0.01750	0.01053	0.01017	0.00326	0.01431	0.00922	0.00583	0.01544
24	0.01328	0.00949	0.01265	0.01518	0.01581	0.00886	0.01012	0.01518	0.02088	0.02783	0.06010	0.60969	0.07212	0.03416	0.01392	0.00443	0.00633	0.03100	0.01012	0.00886
25	0.11280	0.04870	0.44544	0.02793	0.04219	0.02446	0.03458	0.03570	0.02309	0.07835	0.02087	0.02345	0.01461	0.01058	0.00993	0.00344	0.01455	0.00801	0.00560	0.01574
26	0.01452	0.01037	0.01407	0.01659	0.01777	0.00992	0.01227	0.01732	0.02209	0.02922	0.05941	0.46932	0.06941	0.03299	0.01425	0.00460	0.00740	0.15917	0.01010	0.00920
27	0.01894	0.00947	0.01420	0.01420	0.01420	0.00947	0.00947	0.01420	0.01420	0.01894	0.01894	0.03314	0.01894	0.03788	0.04261	0.68277	0.00947	0.00947	0.00473	0.00473
28	0.16956	0.02794	0.04017	0.03042	0.03920	0.09605	0.21822	0.04011	0.02635	0.16915	0.02530	0.02770	0.01790	0.01074	0.01074	0.00342	0.01421	0.01020	0.00781	0.01482
29	0.02187	0.05640	0.56031	0.03108	0.04719	0.02532	0.04029	0.03453	0.02302	0.03453	0.01957	0.02302	0.01381	0.01036	0.01036	0.00345	0.01611	0.00806	0.00460	0.01611
30	0.04892	0.01856	0.02530	0.01940	0.02783	0.01603	0.01603	0.05314	0.03121	0.55634	0.04302	0.03711	0.02699	0.01350	0.01096	0.00337	0.00928	0.01096	0.01350	0.01856
31	0.01586	0.01057	0.01189	0.01189	0.01189	0.01057	0.00661	0.01586	0.01586	0.02114	0.03436	0.07135	0.03964	0.61681	0.05550	0.01057	0.01057	0.01586	0.00661	0.00661
32	0.02059	0.01938	0.03270	0.59060	0.07510	0.02422	0.03028	0.02786	0.02180	0.02786	0.01938	0.02907	0.01453	0.01090	0.01090	0.00363	0.01453	0.00969	0.00484	0.01211
