[name]
unknown

[dist]
# distance from previous block
# <min> <max>
0	597

[block]
# block no. 0 follows, 12 sequences, length 115
# corresponding to MSA columns:
# 601-715
name=unknown_A
#
# <colnr> <probs for GDERKNQSTAVLIFYWHMCP>
#	G	D	E	R	K	N	Q	S	T	A	V	L	I	F	Y	W	H	M	C	P
0	0.03750	0.02369	0.03018	0.02410	0.03184	0.02447	0.05946	0.20767	0.11380	0.20635	0.03730	0.04288	0.02818	0.01506	0.01159	0.00360	0.01097	0.06311	0.01117	0.01707
1	0.02495	0.29615	0.34754	0.02583	0.03907	0.03286	0.03114	0.03373	0.02265	0.03078	0.01770	0.02068	0.01389	0.00992	0.00894	0.00298	0.01423	0.00712	0.00463	0.01522
2	0.02187	0.05640	0.56031	0.03108	0.04719	0.02532	0.04029	0.03453	0.02302	0.03453	0.01957	0.02302	0.01381	0.01036	0.01036	0.00345	0.01611	0.00806	0.00460	0.01611
3	0.02915	0.62337	0.05714	0.01866	0.02799	0.04314	0.01866	0.03265	0.02215	0.02565	0.01516	0.01749	0.01399	0.00933	0.00700	0.00233	0.01166	0.00583	0.00466	0.01399
4	0.03238	0.01888	0.03030	0.19756	0.04388	0.01896	0.07493	0.03824	0.02764	0.25519	0.11111	0.04066	0.03378	0.01358	0.01145	0.00350	0.01128	0.01215	0.00970	0.01485
5	0.01307	0.01105	0.01130	0.01124	0.01484	0.00928	0.00843	0.01601	0.02529	0.03050	0.14210	0.10322	0.51207	0.02722	0.01288	0.00366	0.00550	0.02277	0.01026	0.00928
6	0.01511	0.01154	0.01414	0.01466	0.01764	0.01057	0.01177	0.01929	0.02674	0.03475	0.22460	0.10345	0.26160	0.02679	0.01355	0.00402	0.00681	0.16250	0.01067	0.00979
7	0.15286	0.02148	0.03120	0.11678	0.09512	0.02284	0.09465	0.06792	0.06017	0.07951	0.02780	0.07836	0.02399	0.06380	0.01442	0.00415	0.01178	0.01200	0.00752	0.01365
8	0.02721	0.02192	0.03821	0.31918	0.15443	0.02367	0.09728	0.03410	0.02449	0.11738	0.02387	0.03005	0.01739	0.01086	0.01117	0.00352	0.01392	0.01036	0.00647	0.01452
9	0.02024	0.04752	0.45659	0.02807	0.04125	0.02220	0.03457	0.03087	0.02261	0.03326	0.02724	0.13413	0.02485	0.01487	0.01103	0.00364	0.01426	0.01240	0.00565	0.01474
10	0.02267	0.01471	0.01799	0.01611	0.02009	0.01425	0.01235	0.09888	0.03204	0.10157	0.29784	0.14969	0.11381	0.02212	0.01251	0.00357	0.00688	0.01919	0.01156	0.01218
11	0.02195	0.13187	0.25028	0.02536	0.03432	0.02518	0.02785	0.02958	0.02281	0.03156	0.03011	0.05325	0.02909	0.01731	0.01412	0.00390	0.07874	0.15298	0.00632	0.01341
12	0.01718	0.01331	0.01634	0.01745	0.01968	0.01398	0.01269	0.02658	0.14614	0.03239	0.05377	0.39138	0.05854	0.03260	0.05461	0.00526	0.00886	0.05813	0.01004	0.01108
13	0.01862	0.01348	0.01645	0.01706	0.01922	0.01358	0.01213	0.10936	0.02663	0.03558	0.05367	0.49918	0.06197	0.03017	0.01335	0.00421	0.00740	0.02699	0.01027	0.01069
14	0.02500	0.02388	0.04067	0.22954	0.40170	0.02538	0.03247	0.03172	0.02389	0.03321	0.02016	0.02763	0.01642	0.01008	0.01083	0.00336	0.01344	0.00971	0.00523	0.01567
15	0.03346	0.02332	0.03793	0.02880	0.03683	0.02315	0.16886	0.04321	0.10501	0.21485	0.03167	0.03265	0.02247	0.01257	0.01413	0.00353	0.07789	0.01125	0.00912	0.06930
16	0.01989	0.01818	0.03078	0.25050	0.14314	0.01968	0.06313	0.02557	0.02313	0.03108	0.06973	0.18740	0.03716	0.01759	0.01199	0.00376	0.01166	0.01638	0.00694	0.01230
17	0.01356	0.01003	0.01275	0.01480	0.01616	0.00922	0.01038	0.01588	0.02197	0.02853	0.06944	0.47435	0.16079	0.03259	0.01382	0.00434	0.00648	0.06578	0.01012	0.00902
18	0.03376	0.02916	0.07831	0.08746	0.12916	0.02843	0.06082	0.23799	0.07372	0.09193	0.02644	0.02855	0.01920	0.01195	0.01101	0.00339	0.01273	0.01015	0.00869	0.01714
19	0.07724	0.26367	0.14582	0.02654	0.03613	0.03412	0.09867	0.07177	0.02437	0.03408	0.01786	0.02182	0.01460	0.01096	0.01207	0.00318	0.07906	0.00809	0.00546	0.01448
20	0.15182	0.01964	0.02158	0.01607	0.02510	0.01653	0.01296	0.03037	0.02253	0.07948	0.02046	0.02284	0.01619	0.00889	0.00805	0.00209	0.00824	0.00671	0.00707	0.50338
21	0.02578	0.02467	0.04207	0.16610	0.45908	0.02559	0.03286	0.03240	0.02425	0.03415	0.02030	0.02738	0.01675	0.00994	0.01081	0.00331	0.01325	0.00971	0.00529	0.01629
22	0.01502	0.01192	0.01657	0.12324	0.02697	0.01210	0.01369	0.01869	0.02359	0.03115	0.15322	0.32049	0.13955	0.02646	0.01298	0.00397	0.00753	0.02356	0.00949	0.00980
23	0.02793	0.36320	0.22811	0.02401	0.03527	0.09651	0.02640	0.03452	0.02344	0.02884	0.01687	0.01965	0.01394	0.00990	0.00848	0.00277	0.01410	0.00673	0.00475	0.01457
24	0.02519	0.02368	0.03841	0.13640	0.37821	0.02350	0.02909	0.03148	0.02395	0.03443	0.02012	0.02647	0.01665	0.00958	0.01030	0.00299	0.01227	0.00909	0.00552	0.14266
25	0.03076	0.02601	0.02956	0.17651	0.04231	0.08777	0.02243	0.14460	0.11403	0.07948	0.02895	0.03640	0.02295	0.01434	0.01313	0.00365	0.05970	0.04431	0.00835	0.01478
26	0.08958	0.02329	0.03304	0.21076	0.20412	0.02613	0.02606	0.07475	0.12962	0.03919	0.02504	0.02951	0.01932	0.01144	0.01051	0.00347	0.01204	0.00989	0.00697	0.01526
27	0.22569	0.01733	0.02363	0.02051	0.02562	0.01757	0.10548	0.02480	0.02204	0.03632	0.04662	0.19972	0.11509	0.02068	0.01144	0.00389	0.00944	0.05489	0.00820	0.01102
28	0.02593	0.02483	0.04235	0.15317	0.47078	0.02563	0.03294	0.03254	0.02433	0.03434	0.02032	0.02733	0.01682	0.00991	0.01081	0.00330	0.01321	0.00971	0.00531	0.01642
29	0.02187	0.05640	0.56031	0.03108	0.04719	0.02532	0.04029	0.03453	0.02302	0.03453	0.01957	0.02302	0.01381	0.01036	0.01036	0.00345	0.01611	0.00806	0.00460	0.01611
30	0.01446	0.01071	0.01468	0.01552	0.01720	0.01093	0.01134	0.01769	0.02144	0.02944	0.12637	0.27108	0.09766	0.05004	0.22793	0.00923	0.01484	0.02123	0.00877	0.00944
31	0.01527	0.01090	0.01493	0.01745	0.01895	0.01056	0.01357	0.01861	0.02283	0.03005	0.05900	0.38460	0.06778	0.03229	0.01445	0.00470	0.00804	0.23653	0.01008	0.00940
32	0.01428	0.01068	0.01326	0.01350	0.01581	0.00966	0.00979	0.01802	0.02684	0.03625	0.31624	0.22760	0.19474	0.02666	0.01315	0.00375	0.00554	0.02347	0.01108	0.00966
33	0.01964	0.01792	0.02983	0.48207	0.06456	0.02222	0.02713	0.02627	0.02099	0.02738	0.02124	0.03168	0.01694	0.02432	0.11747	0.00626	0.01731	0.01007	0.00503	0.01166
34	0.01645	0.01038	0.01387	0.01542	0.01686	0.00957	0.01063	0.01881	0.02255	0.07354	0.09760	0.51897	0.07080	0.03147	0.01358	0.00426	0.00648	0.02840	0.01056	0.00979
35	0.01648	0.01274	0.01555	0.01643	0.01964	0.01230	0.01353	0.02279	0.06574	0.03382	0.12931	0.10557	0.23051	0.02716	0.01375	0.00428	0.00782	0.23184	0.01037	0.01035
36	0.01558	0.01168	0.01752	0.01752	0.01947	0.01363	0.01363	0.01947	0.01752	0.02531	0.02921	0.04283	0.02726	0.08178	0.57360	0.01752	0.02921	0.01168	0.00584	0.00974
37	0.01613	0.01057	0.01225	0.01234	0.01482	0.00982	0.00906	0.02030	0.02572	0.03762	0.23020	0.15481	0.15865	0.02217	0.01141	0.00336	0.00538	0.01914	0.21643	0.00982
38	0.02358	0.18980	0.44192	0.02815	0.04267	0.02952	0.03520	0.03409	0.02282	0.03244	0.01853	0.02172	0.01385	0.01012	0.00957	0.00319	0.01507	0.00753	0.00462	0.01561
39	0.01723	0.01244	0.01709	0.01942	0.02202	0.01231	0.01689	0.02208	0.02508	0.03240	0.06159	0.12167	0.09798	0.02994	0.01490	0.00492	0.00971	0.44231	0.01005	0.00998
40	0.01328	0.00949	0.01265	0.01518	0.01581	0.00886	0.01012	0.01518	0.02088	0.02783	0.06010	0.60969	0.07212	0.03416	0.01392	0.00443	0.00633	0.03100	0.01012	0.00886
41	0.61916	0.08874	0.02064	0.01482	0.02186	0.02656	0.01258	0.03212	0.01896	0.04631	0.01518	0.01769	0.01205	0.01003	0.00678	0.00326	0.00880	0.00590	0.00651	0.01205
42	0.02385	0.02385	0.03340	0.02863	0.02863	0.03340	0.02385	0.02624	0.01670	0.02624	0.01431	0.02385	0.01431	0.01908	0.03578	0.00477	0.59685	0.00954	0.00477	0.01193
43	0.02915	0.62337	0.05714	0.01866	0.02799	0.04314	0.01866	0.03265	0.02215	0.02565	0.01516	0.01749	0.01399	0.00933	0.00700	0.00233	0.01166	0.00583	0.00466	0.01399
44	0.03769	0.01861	0.02337	0.01920	0.02607	0.01799	0.01541	0.04904	0.16187	0.33792	0.12564	0.04534	0.04113	0.01528	0.01131	0.00347	0.00843	0.01276	0.01262	0.01686
45	0.09755	0.02771	0.03006	0.02322	0.03173	0.03001	0.01918	0.39414	0.04511	0.14978	0.02811	0.02732	0.01941	0.01291	0.01057	0.00330	0.01124	0.00968	0.01100	0.01798
46	0.01669	0.01027	0.01251	0.01251	0.01251	0.01027	0.00738	0.01541	0.01541	0.02055	0.03021	0.06108	0.03407	0.46113	0.05203	0.19133	0.01027	0.01414	0.00610	0.00610
47	0.37239	0.02067	0.02116	0.01726	0.02486	0.02152	0.01424	0.07487	0.02626	0.26710	0.02785	0.02660	0.01877	0.01177	0.00884	0.00337	0.00905	0.00834	0.00992	0.01517
48	0.02084	0.02393	0.09241	0.02796	0.03260	0.02387	0.11373	0.02624	0.01943	0.02846	0.02204	0.03203	0.01960	0.04008	0.23319	0.00927	0.20610	0.01082	0.00530	0.01209
49	0.02049	0.01250	0.01483	0.01345	0.01769	0.01083	0.01037	0.02426	0.02790	0.13362	0.23053	0.08488	0.31080	0.02331	0.01251	0.00355	0.00612	0.01972	0.01134	0.01131
50	0.02440	0.02267	0.03242	0.03692	0.18707	0.02617	0.02353	0.03380	0.11681	0.03343	0.02399	0.03003	0.02042	0.02155	0.08161	0.00528	0.19488	0.01011	0.00642	0.06848
51	0.04661	0.01788	0.02408	0.01865	0.02661	0.01555	0.01535	0.05090	0.03054	0.51476	0.04242	0.03740	0.02707	0.01343	0.01070	0.00331	0.00894	0.01090	0.06703	0.01788
52	0.01412	0.01048	0.01316	0.01378	0.01581	0.00953	0.00984	0.01755	0.02585	0.03486	0.27385	0.29072	0.17456	0.02790	0.01327	0.00386	0.00567	0.02472	0.01092	0.00953
53	0.02626	0.02793	0.05585	0.05482	0.26495	0.02687	0.30802	0.03431	0.02535	0.03522	0.02140	0.02839	0.01685	0.00941	0.01199	0.00349	0.01609	0.01153	0.00547	0.01579
54	0.03198	0.01438	0.01877	0.01629	0.02064	0.01299	0.01200	0.03446	0.02452	0.29129	0.04358	0.15611	0.03944	0.20336	0.02525	0.00579	0.00912	0.01627	0.01073	0.01304
55	0.03096	0.01631	0.01872	0.01624	0.02157	0.01652	0.01280	0.04269	0.16141	0.20093	0.04023	0.03957	0.02909	0.01351	0.00959	0.00311	0.00733	0.01099	0.29377	0.01466
56	0.03397	0.02785	0.02992	0.02424	0.03010	0.07033	0.01975	0.30726	0.03989	0.05349	0.10291	0.03377	0.03040	0.01553	0.01595	0.00355	0.12497	0.01108	0.00949	0.01555
57	0.02546	0.33596	0.31220	0.02495	0.03772	0.03411	0.02962	0.03360	0.02259	0.03015	0.01739	0.02029	0.01390	0.00985	0.00870	0.00290	0.01392	0.00696	0.00463	0.01507
58	0.03199	0.02590	0.03124	0.03045	0.12860	0.02672	0.02075	0.23500	0.11606	0.05095	0.02642	0.02782	0.02010	0.01155	0.01025	0.00294	0.01072	0.00941	0.00885	0.17429
59	0.03470	0.20567	0.12002	0.02603	0.03427	0.34620	0.02340	0.03923	0.02734	0.02763	0.01682	0.01960	0.01399	0.01059	0.00915	0.00278	0.01697	0.00686	0.00521	0.01354
60	0.01347	0.01034	0.01233	0.01337	0.01547	0.00921	0.00944	0.01620	0.02395	0.03092	0.15428	0.33443	0.25778	0.02981	0.01336	0.00399	0.00584	0.02619	0.01041	0.00921
61	0.03461	0.02032	0.02537	0.02122	0.02662	0.02155	0.01697	0.16337	0.03199	0.22021	0.03854	0.17210	0.03392	0.01923	0.01523	0.00380	0.09363	0.01534	0.01072	0.01523
62	0.01959	0.01588	0.01804	0.01722	0.02121	0.01673	0.01326	0.03407	0.22191	0.04016	0.20729	0.11206	0.13843	0.02173	0.01244	0.00378	0.00704	0.05542	0.01106	0.01270
63	0.02699	0.02591	0.04426	0.06693	0.54879	0.02591	0.03346	0.03346	0.02483	0.03562	0.02051	0.02699	0.01727	0.00972	0.01079	0.00324	0.01295	0.00972	0.00540	0.01727
64	0.02428	0.02315	0.03937	0.28837	0.34848	0.02520	0.03212	0.03109	0.02355	0.03234	0.02003	0.02787	0.01611	0.01022	0.01084	0.00341	0.01362	0.00970	0.00516	0.01509
65	0.03150	0.01618	0.02461	0.02036	0.02607	0.01450	0.06894	0.03579	0.02774	0.27551	0.12236	0.19828	0.04974	0.01997	0.01227	0.00370	0.00886	0.01796	0.01145	0.01422
66	0.24918	0.01934	0.02242	0.01783	0.02574	0.01864	0.01472	0.04659	0.02728	0.39877	0.03437	0.03109	0.02228	0.01245	0.00966	0.00337	0.00902	0.00939	0.01140	0.01646
67	0.01558	0.01168	0.01752	0.01752	0.01947	0.01363	0.01363	0.01947	0.01752	0.02531	0.02921	0.04283	0.02726	0.08178	0.57360	0.01752	0.02921	0.01168	0.00584	0.00974
68	0.01328	0.00949	0.01265	0.01518	0.01581	0.00886	0.01012	0.01518	0.02088	0.02783	0.06010	0.60969	0.07212	0.03416	0.01392	0.00443	0.00633	0.03100	0.01012	0.00886
69	0.04686	0.01902	0.02524	0.01966	0.02788	0.01707	0.01614	0.05359	0.07818	0.50816	0.04314	0.03745	0.02758	0.01362	0.01098	0.00340	0.00922	0.01109	0.01327	0.01843
70	0.02102	0.01588	0.01806	0.01730	0.02088	0.01693	0.01293	0.07017	0.18322	0.04105	0.14123	0.22263	0.05666	0.02181	0.01189	0.00371	0.00713	0.01904	0.08579	0.01265
71	0.08670	0.02650	0.02766	0.02289	0.03028	0.02997	0.01841	0.26403	0.26965	0.05646	0.03372	0.03221	0.02482	0.01364	0.01066	0.00348	0.01016	0.01067	0.01066	0.01741
72	0.02822	0.02191	0.03599	0.02836	0.03460	0.02235	0.16805	0.10515	0.02821	0.11874	0.03533	0.18554	0.03318	0.01829	0.01512	0.00389	0.07771	0.01660	0.00875	0.01401
73	0.01511	0.01034	0.01240	0.01299	0.01345	0.01008	0.00797	0.01620	0.01890	0.02549	0.09845	0.21785	0.05551	0.39269	0.03948	0.00811	0.00881	0.02038	0.00816	0.00763
74	0.01328	0.00949	0.01265	0.01518	0.01581	0.00886	0.01012	0.01518	0.02088	0.02783	0.06010	0.60969	0.07212	0.03416	0.01392	0.00443	0.00633	0.03100	0.01012	0.00886
75	0.03094	0.53522	0.05309	0.02011	0.02887	0.12489	0.01903	0.03433	0.02350	0.02581	0.01542	0.01783	0.01400	0.00962	0.00743	0.00241	0.01289	0.00601	0.00481	0.01378
76	0.02144	0.09657	0.19186	0.02157	0.02993	0.02192	0.02222	0.02784	0.02089	0.03097	0.02238	0.03052	0.01943	0.06992	0.10170	0.00576	0.06370	0.00896	0.05268	0.13976
77	0.03470	0.07559	0.03420	0.07754	0.13402	0.19122	0.02298	0.04111	0.06735	0.13023	0.02460	0.02700	0.01872	0.01213	0.01233	0.00326	0.06165	0.00905	0.00731	0.01503
78	0.03440	0.03280	0.03257	0.02715	0.03176	0.15637	0.02203	0.21554	0.03311	0.04254	0.01941	0.02379	0.01586	0.01501	0.02039	0.00375	0.24252	0.00907	0.00730	0.01461
79	0.02582	0.23303	0.32795	0.02799	0.04084	0.07117	0.06506	0.03462	0.02351	0.03118	0.01815	0.02148	0.01408	0.01002	0.00944	0.00307	0.01513	0.00762	0.00476	0.01509
80	0.01328	0.00949	0.01265	0.01518	0.01581	0.00886	0.01012	0.01518	0.02088	0.02783	0.06010	0.60969	0.07212	0.03416	0.01392	0.00443	0.00633	0.03100	0.01012	0.00886
81	0.01974	0.01490	0.01716	0.01556	0.01963	0.01459	0.01223	0.11237	0.03240	0.04315	0.27218	0.08159	0.22036	0.02283	0.01268	0.00361	0.00695	0.05553	0.01106	0.01150
82	0.01330	0.01058	0.01194	0.01262	0.01524	0.00922	0.00908	0.01606	0.02430	0.03056	0.14353	0.25787	0.34921	0.02903	0.01320	0.00388	0.00573	0.02510	0.01033	0.00922
83	0.01410	0.01007	0.01358	0.01611	0.01710	0.00956	0.01153	0.01659	0.02168	0.02874	0.05965	0.51752	0.07034	0.03339	0.01413	0.00454	0.00703	0.11516	0.01011	0.00908
84	0.01374	0.01042	0.01267	0.01350	0.01560	0.00935	0.00960	0.01678	0.02480	0.03261	0.20560	0.31090	0.22704	0.02894	0.01331	0.00393	0.00576	0.02548	0.01063	0.00935
85	0.01515	0.01113	0.01418	0.01342	0.01611	0.01017	0.01006	0.02002	0.03019	0.04212	0.49444	0.08409	0.15247	0.02289	0.01286	0.00346	0.00519	0.02009	0.01179	0.01017
86	0.04228	0.04564	0.02984	0.02644	0.03260	0.46754	0.02011	0.04536	0.03096	0.12700	0.02181	0.02297	0.01650	0.01166	0.01005	0.00292	0.01770	0.00777	0.00711	0.01376
87	0.02712	0.02342	0.02465	0.02219	0.02835	0.02712	0.01726	0.05794	0.52909	0.04561	0.04438	0.04068	0.03328	0.01479	0.01109	0.00370	0.00863	0.01233	0.01109	0.01726
88	0.01436	0.01064	0.01350	0.01449	0.01652	0.00978	0.01066	0.01778	0.02521	0.03361	0.21934	0.29539	0.17006	0.02878	0.01352	0.00404	0.00622	0.07590	0.01070	0.00950
89	0.02201	0.02279	0.04525	0.03458	0.04202	0.02177	0.31625	0.03067	0.06427	0.03359	0.03556	0.20916	0.03500	0.01733	0.01305	0.00391	0.01389	0.01841	0.00738	0.01311
90	0.03228	0.02473	0.03971	0.07565	0.04128	0.02587	0.17140	0.14764	0.03109	0.13956	0.02869	0.07191	0.02265	0.01400	0.01454	0.00370	0.07895	0.01249	0.00849	0.01539
91	0.02854	0.57571	0.09943	0.01970	0.02960	0.04165	0.02047	0.03281	0.02223	0.02640	0.01553	0.01796	0.01398	0.00941	0.00728	0.00243	0.01203	0.00602	0.00466	0.01417
92	0.01431	0.01022	0.01383	0.01635	0.01743	0.00974	0.01190	0.01695	0.02188	0.02898	0.05953	0.49357	0.06988	0.03320	0.01419	0.00457	0.00721	0.13703	0.01010	0.00914
93	0.02824	0.02384	0.03994	0.16077	0.40056	0.02448	0.03090	0.03461	0.02497	0.09265	0.02282	0.02852	0.01784	0.01036	0.01083	0.00333	0.01284	0.00985	0.00620	0.01644
94	0.04028	0.02996	0.03206	0.02485	0.03337	0.03327	0.02044	0.47532	0.09029	0.06683	0.02766	0.02736	0.01975	0.01323	0.01092	0.00331	0.01172	0.01002	0.01092	0.01844
95	0.02833	0.55968	0.11366	0.02005	0.03014	0.04114	0.02109	0.03286	0.02225	0.02665	0.01565	0.01811	0.01397	0.00944	0.00737	0.00246	0.01216	0.00608	0.00466	0.01423
96	0.03683	0.14061	0.09442	0.02697	0.03434	0.42976	0.02285	0.04085	0.02866	0.02741	0.01690	0.01970	0.01401	0.01084	0.00945	0.00281	0.01803	0.00695	0.00536	0.01324
97	0.01565	0.01138	0.01600	0.01600	0.01742	0.01280	0.01173	0.01849	0.01707	0.02419	0.03060	0.05054	0.03060	0.22625	0.43370	0.01565	0.02417	0.01281	0.00605	0.00889
98	0.01342	0.00975	0.01267	0.01472	0.01576	0.00900	0.00998	0.01566	0.02202	0.02925	0.10327	0.52467	0.11429	0.03265	0.01375	0.00428	0.00616	0.02942	0.01027	0.00900
99	0.02283	0.01468	0.01776	0.01588	0.02026	0.01427	0.01227	0.03234	0.12442	0.12698	0.30365	0.06975	0.14049	0.02018	0.01222	0.00351	0.00654	0.01734	0.01181	0.01282
100	0.01583	0.01107	0.01422	0.01343	0.01600	0.01028	0.01007	0.02097	0.03022	0.04348	0.50212	0.07816	0.09684	0.02152	0.01244	0.00336	0.00514	0.01895	0.06565	0.01028
101	0.02033	0.01016	0.01016	0.01016	0.01270	0.01016	0.00762	0.02541	0.02287	0.04065	0.03557	0.04065	0.02795	0.01270	0.00762	0.00254	0.00508	0.01016	0.67734	0.01016
102	0.03605	0.02425	0.02701	0.02234	0.02973	0.02640	0.01792	0.18111	0.28389	0.16943	0.03909	0.03589	0.02781	0.01403	0.01101	0.00351	0.00970	0.01133	0.01160	0.01791
103	0.10313	0.01877	0.02452	0.01897	0.02727	0.01673	0.01567	0.05137	0.03014	0.51369	0.04068	0.03548	0.02571	0.01321	0.01061	0.00337	0.00921	0.01054	0.01293	0.01799
104	0.01328	0.00949	0.01265	0.01518	0.01581	0.00886	0.01012	0.01518	0.02088	0.02783	0.06010	0.60969	0.07212	0.03416	0.01392	0.00443	0.00633	0.03100	0.01012	0.00886
105	0.02949	0.02381	0.02383	0.02057	0.02623	0.08364	0.01610	0.13050	0.18947	0.08789	0.19143	0.04785	0.04928	0.01628	0.01145	0.00341	0.00948	0.01343	0.01091	0.01494
106	0.04000	0.01810	0.02344	0.01890	0.02601	0.01681	0.01527	0.04853	0.10895	0.39211	0.12558	0.04497	0.04047	0.01515	0.01130	0.00343	0.00850	0.01262	0.01287	0.01699
107	0.02377	0.01470	0.01676	0.01492	0.02002	0.01361	0.01164	0.03131	0.10300	0.15779	0.11984	0.07726	0.30865	0.02190	0.01216	0.00359	0.00685	0.01828	0.01122	0.01272
108	0.07822	0.01536	0.01677	0.01580	0.02016	0.01619	0.01263	0.03602	0.13901	0.09913	0.04021	0.05114	0.03314	0.01575	0.00987	0.00335	0.00739	0.08218	0.29487	0.01283
109	0.02435	0.02382	0.04031	0.21677	0.26707	0.02695	0.06896	0.03051	0.02244	0.03144	0.01912	0.02722	0.01582	0.01181	0.01573	0.00368	0.12445	0.00993	0.00512	0.01449
110	0.01321	0.00978	0.01235	0.01440	0.01561	0.00892	0.00977	0.01527	0.02163	0.02814	0.06963	0.51410	0.16155	0.03292	0.01372	0.00429	0.00617	0.02948	0.01012	0.00892
111	0.01416	0.01110	0.01281	0.01238	0.01551	0.00975	0.00929	0.01811	0.02786	0.03659	0.32671	0.09319	0.32366	0.02495	0.01287	0.00356	0.00533	0.02137	0.01106	0.00975
112	0.29122	0.03206	0.02401	0.02125	0.02772	0.19625	0.01666	0.08663	0.13101	0.04321	0.02278	0.02387	0.01758	0.01172	0.00900	0.00326	0.01230	0.00795	0.00769	0.01383
113	0.02555	0.14429	0.15316	0.02030	0.03131	0.02264	0.02054	0.03189	0.02322	0.07005	0.02027	0.02274	0.01596	0.00922	0.00860	0.00230	0.01070	0.00702	0.00618	0.35406
114	0.02462	0.27042	0.37037	0.02639	0.03994	0.03205	0.03212	0.03382	0.02269	0.03118	0.01790	0.02093	0.01388	0.00997	0.00909	0.00303	0.01443	0.00722	0.00463	0.01531

[dist]
# distance from previous block
# <min> <max>
0	2

[block]
# block no. 1 follows, 12 sequences, length 40
# corresponding to MSA columns:
# 718-757
name=unknown_B
#
# <colnr> <probs for GDERKNQSTAVLIFYWHMCP>
#	G	D	E	R	K	N	Q	S	T	A	V	L	I	F	Y	W	H	M	C	P
0	0.02151	0.01466	0.01767	0.01774	0.02091	0.01509	0.01292	0.03222	0.17227	0.09436	0.05347	0.37514	0.05541	0.02604	0.01274	0.00409	0.00735	0.02316	0.01080	0.01246
1	0.01432	0.01110	0.01303	0.01255	0.01561	0.00981	0.00941	0.01842	0.02823	0.03748	0.35360	0.09173	0.29622	0.02462	0.01287	0.00354	0.00531	0.02116	0.01118	0.00981
2	0.16779	0.03220	0.02442	0.02034	0.02787	0.23023	0.01581	0.03455	0.02495	0.03490	0.01755	0.02047	0.01445	0.00971	0.00847	0.00243	0.01258	0.00656	0.00620	0.28850
3	0.04202	0.01703	0.02309	0.01823	0.02546	0.01484	0.01484	0.04643	0.03114	0.45076	0.14601	0.04624	0.04262	0.01531	0.01136	0.00339	0.00843	0.01277	0.01319	0.01685
4	0.01527	0.01084	0.01380	0.01351	0.01533	0.01018	0.00951	0.01898	0.02661	0.03723	0.38227	0.14061	0.08629	0.14612	0.02176	0.00502	0.00640	0.02023	0.01067	0.00936
5	0.01380	0.00999	0.01376	0.01571	0.01664	0.00994	0.01092	0.01615	0.02012	0.02726	0.05310	0.48123	0.06195	0.04495	0.14075	0.00740	0.01151	0.02662	0.00915	0.00906
6	0.02303	0.01976	0.02280	0.01671	0.02607	0.01571	0.01332	0.03029	0.06975	0.03647	0.02171	0.02429	0.01774	0.00870	0.00836	0.00181	0.00813	0.00701	0.00689	0.62146
7	0.02701	0.02406	0.04295	0.03206	0.04043	0.02330	0.26251	0.08979	0.06668	0.08343	0.10580	0.04436	0.07739	0.01385	0.01235	0.00357	0.01321	0.01416	0.00851	0.01456
8	0.01543	0.01115	0.01457	0.01372	0.01629	0.01029	0.01029	0.02058	0.03086	0.04372	0.54304	0.08145	0.10288	0.02229	0.01286	0.00343	0.00514	0.01972	0.01200	0.01029
9	0.02185	0.02251	0.08271	0.02012	0.02612	0.02037	0.01755	0.04025	0.27366	0.04151	0.16372	0.05977	0.09440	0.01827	0.01187	0.00370	0.00852	0.04844	0.01039	0.01427
10	0.08721	0.09278	0.21616	0.02962	0.09532	0.07397	0.02712	0.07092	0.02707	0.14411	0.02394	0.02535	0.01712	0.01108	0.00991	0.00323	0.01333	0.00849	0.00723	0.01606
11	0.01548	0.01246	0.01867	0.18777	0.03360	0.01347	0.01617	0.01898	0.02115	0.02784	0.04788	0.43554	0.05484	0.02718	0.01301	0.00419	0.00879	0.02461	0.00854	0.00983
12	0.01443	0.01064	0.01364	0.01576	0.01685	0.01037	0.01071	0.01871	0.06286	0.02930	0.05880	0.56269	0.06891	0.03256	0.01368	0.00437	0.00652	0.02945	0.01020	0.00955
13	0.02708	0.09531	0.03264	0.21890	0.04502	0.11212	0.02334	0.07781	0.07082	0.03329	0.02593	0.03880	0.02265	0.01441	0.01266	0.00359	0.05635	0.06937	0.00673	0.01318
14	0.02385	0.02385	0.03340	0.02863	0.02863	0.03340	0.02385	0.02624	0.01670	0.02624	0.01431	0.02385	0.01431	0.01908	0.03578	0.00477	0.59685	0.00954	0.00477	0.01193
15	0.02682	0.14369	0.03097	0.07051	0.03110	0.02150	0.01608	0.03154	0.02344	0.09316	0.02125	0.02384	0.01681	0.00922	0.00845	0.00215	0.00955	0.00715	0.00676	0.40600
16	0.02658	0.02765	0.03707	0.15929	0.25256	0.12331	0.06227	0.03258	0.02616	0.03339	0.08739	0.03331	0.02715	0.01183	0.01106	0.00330	0.01389	0.01074	0.00619	0.01427
17	0.03030	0.20752	0.24419	0.02382	0.03510	0.02725	0.02643	0.03768	0.02493	0.15990	0.02684	0.03218	0.02067	0.01227	0.00988	0.00322	0.01271	0.04224	0.00720	0.01566
18	0.02319	0.01976	0.02958	0.02555	0.02750	0.02424	0.06437	0.02623	0.02003	0.07429	0.03078	0.19460	0.03232	0.02202	0.02515	0.00445	0.32075	0.01617	0.00715	0.01188
19	0.01543	0.01115	0.01457	0.01372	0.01629	0.01029	0.01029	0.02058	0.03086	0.04372	0.54304	0.08145	0.10288	0.02229	0.01286	0.00343	0.00514	0.01972	0.01200	0.01029
20	0.02191	0.02072	0.03508	0.48274	0.17266	0.02457	0.03094	0.02901	0.02243	0.02946	0.01961	0.02864	0.01510	0.01066	0.01088	0.00355	0.01421	0.00970	0.00496	0.01317
21	0.02699	0.02591	0.04426	0.06693	0.54879	0.02591	0.03346	0.03346	0.02483	0.03562	0.02051	0.02699	0.01727	0.00972	0.01079	0.00324	0.01295	0.00972	0.00540	0.01727
22	0.02699	0.02591	0.04426	0.06693	0.54879	0.02591	0.03346	0.03346	0.02483	0.03562	0.02051	0.02699	0.01727	0.00972	0.01079	0.00324	0.01295	0.00972	0.00540	0.01727
23	0.04892	0.01856	0.02530	0.01940	0.02783	0.01603	0.01603	0.05314	0.03121	0.55634	0.04302	0.03711	0.02699	0.01350	0.01096	0.00337	0.00928	0.01096	0.01350	0.01856
24	0.01499	0.01080	0.01418	0.01402	0.01619	0.00999	0.01025	0.01947	0.02881	0.04045	0.44357	0.19025	0.09654	0.02474	0.01308	0.00364	0.00539	0.02204	0.01162	0.00999
25	0.01588	0.01134	0.01563	0.01815	0.01992	0.01109	0.01463	0.01967	0.02344	0.03074	0.05866	0.31479	0.06644	0.03171	0.01461	0.00479	0.00858	0.30027	0.01007	0.00957
26	0.04315	0.01704	0.02276	0.01791	0.02523	0.01493	0.01463	0.04754	0.03022	0.45897	0.07881	0.04077	0.03267	0.01405	0.01072	0.00328	0.00849	0.01151	0.09035	0.01698
27	0.01417	0.01012	0.01366	0.01619	0.01721	0.00962	0.01166	0.01671	0.02175	0.02882	0.05961	0.50945	0.07019	0.03333	0.01415	0.00455	0.00709	0.12253	0.01010	0.00910
28	0.02365	0.02418	0.04131	0.03310	0.03697	0.02882	0.17927	0.02856	0.02070	0.02986	0.02243	0.03848	0.02130	0.01733	0.02572	0.00445	0.33465	0.07094	0.00569	0.01258
29	0.02186	0.01964	0.03239	0.36231	0.15206	0.02331	0.02744	0.02689	0.02087	0.02795	0.01909	0.02878	0.01564	0.01513	0.01746	0.09764	0.06492	0.00965	0.00493	0.01205
30	0.01634	0.01053	0.01171	0.01171	0.01198	0.01053	0.00672	0.01689	0.01661	0.02324	0.03449	0.06804	0.03838	0.55170	0.05034	0.00971	0.00998	0.01524	0.07889	0.00699
31	0.06933	0.01839	0.02579	0.02186	0.02572	0.02057	0.05659	0.02878	0.02236	0.12891	0.04476	0.10110	0.12717	0.02401	0.05697	0.00494	0.18736	0.01474	0.00825	0.01241
32	0.02456	0.02520	0.05007	0.08727	0.04992	0.02462	0.33825	0.06590	0.02680	0.03596	0.02903	0.08235	0.02592	0.01387	0.01288	0.00385	0.01573	0.06732	0.00671	0.01379
33	0.01748	0.01420	0.02123	0.07853	0.12889	0.01423	0.01635	0.02125	0.02324	0.03191	0.14478	0.26645	0.05822	0.09215	0.01761	0.00462	0.00868	0.02063	0.00865	0.01090
34	0.03421	0.37943	0.04709	0.02130	0.03038	0.03930	0.01951	0.23007	0.03413	0.04337	0.01969	0.02107	0.01586	0.01088	0.00861	0.00272	0.01180	0.00747	0.00723	0.01586
35	0.02261	0.01938	0.02261	0.01615	0.02584	0.01453	0.01292	0.02745	0.02261	0.03553	0.01938	0.02261	0.01615	0.00807	0.00807	0.00161	0.00807	0.00646	0.00646	0.68346
36	0.16409	0.02794	0.09466	0.14659	0.04360	0.02799	0.08696	0.11060	0.02580	0.04039	0.01915	0.02470	0.01478	0.01222	0.01449	0.00370	0.11303	0.00913	0.00629	0.01389
37	0.02838	0.02265	0.02903	0.19266	0.04216	0.02606	0.02170	0.22562	0.03537	0.04781	0.12962	0.03824	0.03436	0.01482	0.01336	0.00354	0.05966	0.01180	0.00881	0.01437
38	0.02714	0.06942	0.14313	0.02083	0.02884	0.02062	0.02016	0.03888	0.13030	0.14635	0.18385	0.04640	0.04684	0.01536	0.01113	0.00340	0.00961	0.01281	0.00995	0.01498
39	0.28783	0.02351	0.02356	0.01861	0.02675	0.02461	0.01527	0.18603	0.03098	0.09969	0.02214	0.02322	0.01626	0.01096	0.00874	0.00298	0.00957	0.00774	0.00864	0.15292

[dist]
# distance from previous block
# <min> <max>
0	5

[block]
# block no. 2 follows, 12 sequences, length 13
# corresponding to MSA columns:
# 763-775
name=unknown_C
#
# <colnr> <probs for GDERKNQSTAVLIFYWHMCP>
#	G	D	E	R	K	N	Q	S	T	A	V	L	I	F	Y	W	H	M	C	P
0	0.02537	0.25834	0.17042	0.02545	0.03290	0.03512	0.02588	0.03068	0.02030	0.02803	0.01591	0.02125	0.01407	0.01328	0.01872	0.00353	0.23456	0.00778	0.00469	0.01373
1	0.01403	0.01020	0.01330	0.01491	0.01634	0.00947	0.01058	0.01691	0.02360	0.03164	0.16437	0.42114	0.11667	0.03085	0.01370	0.00420	0.00630	0.06203	0.01051	0.00927
2	0.11730	0.21780	0.20366	0.02436	0.03322	0.03262	0.02575	0.03161	0.02061	0.03179	0.01634	0.02079	0.01371	0.01211	0.01496	0.00342	0.15368	0.00743	0.00496	0.01386
3	0.18746	0.02612	0.03167	0.22738	0.18905	0.10048	0.02545	0.03260	0.02312	0.03495	0.01834	0.02445	0.01458	0.01043	0.00972	0.00335	0.01333	0.00842	0.00556	0.01356
4	0.02871	0.02299	0.03330	0.03521	0.15345	0.02731	0.02384	0.07107	0.02359	0.10505	0.02219	0.02848	0.01838	0.02166	0.07659	0.00533	0.27166	0.01001	0.00674	0.01446
5	0.01497	0.01032	0.01269	0.01353	0.01393	0.01030	0.00846	0.01598	0.01769	0.02377	0.04241	0.24746	0.04923	0.37118	0.09206	0.00921	0.01097	0.02048	0.00770	0.00766
6	0.01860	0.01723	0.02710	0.44079	0.05949	0.02034	0.02459	0.02470	0.02259	0.02827	0.04292	0.04868	0.15150	0.01522	0.01141	0.00365	0.01221	0.01313	0.00621	0.01136
7	0.02575	0.18366	0.11520	0.10572	0.04306	0.03071	0.12192	0.03941	0.15739	0.03433	0.02549	0.02840	0.01967	0.01111	0.01027	0.00330	0.01322	0.00981	0.00656	0.01503
8	0.02537	0.01703	0.02579	0.03207	0.15951	0.01660	0.02141	0.03063	0.02607	0.12297	0.04559	0.08349	0.04488	0.02200	0.01326	0.00428	0.01066	0.27559	0.00943	0.01337
9	0.01313	0.01010	0.01202	0.01355	0.01539	0.00899	0.00940	0.01537	0.02245	0.02847	0.07998	0.41040	0.25857	0.03158	0.01351	0.00413	0.00601	0.02784	0.01012	0.00899
10	0.19442	0.01299	0.01168	0.01124	0.01487	0.01386	0.00870	0.02712	0.02175	0.04279	0.03030	0.03472	0.02378	0.01204	0.00740	0.00276	0.00595	0.00906	0.50399	0.01059
11	0.02564	0.46525	0.04690	0.01836	0.02578	0.03551	0.01736	0.02924	0.02096	0.02556	0.01879	0.02404	0.01742	0.02806	0.15346	0.00626	0.01620	0.00734	0.00497	0.01289
12	0.02610	0.02501	0.04266	0.13918	0.48343	0.02567	0.03302	0.03269	0.02441	0.03455	0.02035	0.02727	0.01689	0.00988	0.01081	0.00329	0.01317	0.00971	0.00532	0.01656

[dist]
# distance from previous block
# <min> <max>
0	17

[block]
# block no. 3 follows, 12 sequences, length 37
# corresponding to MSA columns:
# 793-811,822-839
name=unknown_D
#
# <colnr> <probs for GDERKNQSTAVLIFYWHMCP>
#	G	D	E	R	K	N	Q	S	T	A	V	L	I	F	Y	W	H	M	C	P
0	0.02785	0.52193	0.14716	0.02088	0.03142	0.03996	0.02253	0.03299	0.02231	0.02724	0.01595	0.01848	0.01396	0.00951	0.00760	0.00253	0.01246	0.00623	0.00465	0.01437
1	0.02261	0.01938	0.02261	0.01615	0.02584	0.01453	0.01292	0.02745	0.02261	0.03553	0.01938	0.02261	0.01615	0.00807	0.00807	0.00161	0.00807	0.00646	0.00646	0.68346
2	0.11631	0.02849	0.03022	0.02340	0.03188	0.03131	0.01933	0.42055	0.04592	0.10597	0.02629	0.02610	0.01846	0.01278	0.01044	0.00329	0.01137	0.00946	0.01064	0.01778
3	0.01543	0.01115	0.01457	0.01372	0.01629	0.01029	0.01029	0.02058	0.03086	0.04372	0.54304	0.08145	0.10288	0.02229	0.01286	0.00343	0.00514	0.01972	0.01200	0.01029
4	0.01757	0.01255	0.01757	0.02008	0.02259	0.01255	0.01757	0.02259	0.02510	0.03263	0.05773	0.12299	0.06275	0.03012	0.01506	0.00502	0.01004	0.47540	0.01004	0.01004
5	0.03089	0.02257	0.02502	0.02024	0.02617	0.02426	0.01605	0.31143	0.04123	0.05594	0.17842	0.04754	0.04565	0.08510	0.01660	0.00416	0.00983	0.01341	0.01073	0.01476
6	0.04892	0.01856	0.02530	0.01940	0.02783	0.01603	0.01603	0.05314	0.03121	0.55634	0.04302	0.03711	0.02699	0.01350	0.01096	0.00337	0.00928	0.01096	0.01350	0.01856
7	0.04673	0.02208	0.02748	0.02107	0.02959	0.02125	0.01741	0.18805	0.03710	0.41311	0.03807	0.03390	0.02451	0.01338	0.01095	0.00334	0.01008	0.01063	0.01274	0.01855
8	0.01366	0.00978	0.01299	0.01493	0.01590	0.00910	0.01015	0.01612	0.02261	0.03059	0.14378	0.51815	0.07745	0.03210	0.01373	0.00426	0.00612	0.02904	0.01045	0.00910
9	0.02204	0.01181	0.01199	0.01137	0.01441	0.01208	0.00868	0.06486	0.02517	0.04292	0.03481	0.03948	0.02719	0.01273	0.00789	0.00260	0.00564	0.01013	0.62335	0.01084
10	0.16046	0.01816	0.02241	0.01784	0.02530	0.01688	0.01461	0.04563	0.02890	0.40670	0.09545	0.03873	0.03299	0.01390	0.01043	0.00338	0.00865	0.01106	0.01212	0.01640
11	0.01328	0.00949	0.01265	0.01518	0.01581	0.00886	0.01012	0.01518	0.02088	0.02783	0.06010	0.60969	0.07212	0.03416	0.01392	0.00443	0.00633	0.03100	0.01012	0.00886
12	0.02234	0.02213	0.03520	0.19469	0.04457	0.02825	0.07998	0.02690	0.01953	0.02782	0.02002	0.06873	0.01885	0.01665	0.02427	0.00429	0.31691	0.01153	0.00527	0.01207
13	0.02530	0.32351	0.32326	0.02523	0.03814	0.03372	0.03010	0.03364	0.02261	0.03035	0.01749	0.02042	0.01390	0.00987	0.00877	0.00292	0.01402	0.00701	0.00463	0.01511
14	0.01470	0.01001	0.01287	0.01419	0.01557	0.00940	0.00987	0.01785	0.02379	0.03362	0.18646	0.40012	0.07506	0.02841	0.01288	0.00393	0.00586	0.02548	0.09052	0.00940
15	0.01929	0.01273	0.01412	0.01313	0.01724	0.01158	0.01006	0.02493	0.06358	0.09412	0.15640	0.08144	0.31989	0.02252	0.01193	0.00348	0.00607	0.01886	0.08748	0.01114
16	0.03113	0.02332	0.08990	0.13156	0.14127	0.01953	0.02387	0.03704	0.02609	0.22056	0.03779	0.07800	0.06280	0.01443	0.01120	0.00350	0.01125	0.01248	0.00881	0.01548
17	0.02415	0.01763	0.02419	0.18669	0.03809	0.01970	0.01910	0.06511	0.06604	0.10197	0.04407	0.16883	0.09115	0.01949	0.01387	0.00385	0.05820	0.01635	0.00871	0.01278
18	0.03069	0.44120	0.10953	0.02202	0.03136	0.14966	0.02163	0.03510	0.02405	0.02688	0.01601	0.01857	0.01398	0.00984	0.00796	0.00256	0.01381	0.00633	0.00485	0.01396
19	0.02751	0.01923	0.02311	0.01676	0.02621	0.01481	0.01350	0.03224	0.02421	0.13258	0.02378	0.02531	0.01817	0.00908	0.00861	0.00194	0.00830	0.00730	0.00777	0.55956
20	0.21614	0.02740	0.11918	0.09592	0.11518	0.02329	0.02353	0.03831	0.05976	0.14414	0.02498	0.02698	0.01793	0.01121	0.00966	0.00342	0.01138	0.00880	0.00761	0.01518
21	0.02226	0.01923	0.02419	0.02189	0.08497	0.01532	0.01502	0.02703	0.02271	0.03484	0.02322	0.07657	0.02137	0.01064	0.00892	0.00206	0.00848	0.00907	0.00667	0.54555
22	0.01835	0.01597	0.02487	0.02234	0.02449	0.01950	0.05279	0.02227	0.01793	0.02625	0.02503	0.03720	0.02330	0.06106	0.40045	0.01338	0.16737	0.01125	0.00555	0.01064
23	0.02379	0.02230	0.03747	0.21412	0.34898	0.02362	0.02987	0.03034	0.02463	0.03428	0.08017	0.03385	0.02630	0.01151	0.01106	0.00338	0.01252	0.01086	0.00599	0.01496
24	0.04166	0.04816	0.03026	0.02710	0.03304	0.50963	0.02049	0.04463	0.03093	0.08697	0.01983	0.02165	0.01552	0.01149	0.00996	0.00287	0.01848	0.00747	0.00651	0.01331
25	0.01328	0.00949	0.01265	0.01518	0.01581	0.00886	0.01012	0.01518	0.02088	0.02783	0.06010	0.60969	0.07212	0.03416	0.01392	0.00443	0.00633	0.03100	0.01012	0.00886
26	0.01767	0.01382	0.01565	0.01441	0.01824	0.01335	0.01102	0.06256	0.07564	0.04056	0.29162	0.08207	0.25649	0.02286	0.01255	0.00354	0.00617	0.01948	0.01112	0.01119
27	0.02610	0.02211	0.02629	0.01993	0.02772	0.02125	0.01623	0.11128	0.02652	0.03962	0.01965	0.02345	0.01624	0.01091	0.01352	0.00247	0.11410	0.00759	0.00693	0.44809
28	0.03682	0.02717	0.03000	0.02373	0.03125	0.03020	0.01945	0.42424	0.04523	0.06095	0.02672	0.02916	0.02010	0.02538	0.11158	0.00582	0.01508	0.01015	0.01000	0.01697
29	0.01556	0.01045	0.01198	0.01227	0.01234	0.01038	0.00701	0.01578	0.01643	0.02190	0.03729	0.13263	0.04334	0.55049	0.05076	0.00987	0.01009	0.01758	0.00701	0.00686
30	0.02101	0.01720	0.01929	0.01770	0.02213	0.01852	0.01358	0.03866	0.27630	0.04362	0.26542	0.06304	0.10072	0.01898	0.01199	0.00358	0.00689	0.01631	0.01142	0.01365
31	0.04132	0.03437	0.03240	0.02562	0.03379	0.13029	0.02079	0.42854	0.04762	0.06120	0.02451	0.02501	0.01774	0.01276	0.01071	0.00319	0.01337	0.00932	0.00996	0.01749
32	0.01333	0.01106	0.01166	0.01151	0.01500	0.00939	0.00863	0.01650	0.02589	0.03193	0.18542	0.10086	0.46786	0.02669	0.01288	0.00364	0.00546	0.02244	0.01045	0.00939
33	0.01328	0.00949	0.01265	0.01518	0.01581	0.00886	0.01012	0.01518	0.02088	0.02783	0.06010	0.60969	0.07212	0.03416	0.01392	0.00443	0.00633	0.03100	0.01012	0.00886
34	0.02699	0.02591	0.04426	0.06693	0.54879	0.02591	0.03346	0.03346	0.02483	0.03562	0.02051	0.02699	0.01727	0.00972	0.01079	0.00324	0.01295	0.00972	0.00540	0.01727
35	0.02574	0.02941	0.06434	0.04596	0.05699	0.02757	0.50919	0.03493	0.02574	0.03493	0.02206	0.02941	0.01654	0.00919	0.01287	0.00368	0.01838	0.01287	0.00551	0.01471
36	0.02157	0.01263	0.01579	0.01414	0.01822	0.01116	0.01091	0.02587	0.02927	0.14460	0.32078	0.07890	0.20983	0.02197	0.01248	0.00349	0.00609	0.01884	0.01179	0.01168

[dist]
# distance from previous block
# <min> <max>
0	11

[block]
# block no. 4 follows, 12 sequences, length 6
# corresponding to MSA columns:
# 856-861
name=unknown_E
#
# <colnr> <probs for GDERKNQSTAVLIFYWHMCP>
#	G	D	E	R	K	N	Q	S	T	A	V	L	I	F	Y	W	H	M	C	P
0	0.02846	0.01737	0.02373	0.17460	0.03716	0.01783	0.01807	0.07829	0.02935	0.18567	0.12841	0.05330	0.12845	0.01672	0.01160	0.00350	0.00964	0.01410	0.01002	0.01375
1	0.03062	0.14829	0.32240	0.02562	0.03840	0.02598	0.02971	0.03931	0.02512	0.17643	0.02522	0.02590	0.01747	0.01104	0.00992	0.00323	0.01343	0.00845	0.00706	0.01640
2	0.13378	0.02114	0.03015	0.30943	0.05079	0.02729	0.02509	0.02802	0.01958	0.03083	0.01701	0.02546	0.01401	0.01347	0.01841	0.00397	0.20544	0.00901	0.00514	0.01200
3	0.01965	0.01775	0.02911	0.34515	0.13768	0.02028	0.02527	0.02531	0.02205	0.02914	0.03076	0.18839	0.03083	0.01710	0.01171	0.00379	0.01201	0.01555	0.00639	0.01208
4	0.02308	0.01198	0.01613	0.01634	0.01912	0.01083	0.01175	0.02562	0.02372	0.17317	0.05540	0.45223	0.05971	0.02848	0.01311	0.00414	0.00714	0.02549	0.01105	0.01152
5	0.13467	0.01718	0.01983	0.01682	0.02270	0.01613	0.01307	0.02745	0.02194	0.08956	0.03199	0.18485	0.03182	0.01695	0.01175	0.00309	0.04999	0.01381	0.00813	0.26828

[dist]
# distance from previous block
# <min> <max>
0	1

[block]
# block no. 5 follows, 12 sequences, length 8
# corresponding to MSA columns:
# 863-870
name=unknown_F
#
# <colnr> <probs for GDERKNQSTAVLIFYWHMCP>
#	G	D	E	R	K	N	Q	S	T	A	V	L	I	F	Y	W	H	M	C	P
0	0.03407	0.02346	0.02360	0.01945	0.02564	0.06346	0.01557	0.23242	0.07046	0.10700	0.03171	0.03276	0.02330	0.01298	0.00973	0.00303	0.00970	0.01002	0.23642	0.01518
1	0.01480	0.01094	0.01587	0.01673	0.01823	0.01201	0.01244	0.01802	0.01866	0.02617	0.03966	0.23474	0.04244	0.06566	0.38412	0.01309	0.02146	0.01822	0.00729	0.00944
2	0.02496	0.31812	0.13830	0.21449	0.04735	0.03357	0.02644	0.03136	0.02219	0.02798	0.01737	0.02239	0.01414	0.01004	0.00892	0.00297	0.01343	0.00753	0.00471	0.01373
3	0.01553	0.01150	0.01653	0.01623	0.01839	0.01250	0.01250	0.01984	0.02204	0.03155	0.20316	0.05591	0.05286	0.06164	0.38376	0.01275	0.02106	0.01440	0.00793	0.00992
4	0.25067	0.02292	0.02752	0.02379	0.02607	0.03037	0.01978	0.02821	0.01733	0.03392	0.01461	0.02178	0.01347	0.01605	0.02595	0.00430	0.39765	0.00831	0.00544	0.01189
5	0.02390	0.02276	0.03868	0.31961	0.32023	0.02510	0.03193	0.03076	0.02337	0.03188	0.01996	0.02799	0.01595	0.01029	0.01085	0.00343	0.01372	0.00970	0.00513	0.01478
6	0.02057	0.01335	0.01643	0.01500	0.01812	0.01305	0.01101	0.02774	0.08961	0.09447	0.32243	0.06954	0.07303	0.14306	0.02123	0.00493	0.00714	0.01706	0.01094	0.01128
7	0.02236	0.03191	0.20464	0.02120	0.03307	0.01819	0.02218	0.02985	0.02275	0.03519	0.01944	0.02275	0.01536	0.00885	0.00885	0.00224	0.01080	0.00700	0.00583	0.45754

[dist]
# distance from previous block
# <min> <max>
0	6

[block]
# block no. 6 follows, 12 sequences, length 31
# corresponding to MSA columns:
# 877-903,909-912
name=unknown_G
#
# <colnr> <probs for GDERKNQSTAVLIFYWHMCP>
#	G	D	E	R	K	N	Q	S	T	A	V	L	I	F	Y	W	H	M	C	P
0	0.09892	0.02738	0.08487	0.10972	0.40069	0.02553	0.03137	0.03285	0.02369	0.03622	0.01973	0.02583	0.01610	0.00993	0.01032	0.00331	0.01289	0.00915	0.00542	0.01606
1	0.08775	0.01095	0.01282	0.01458	0.01626	0.01061	0.01008	0.01709	0.02112	0.03034	0.06143	0.48218	0.12417	0.03071	0.01300	0.00422	0.00646	0.02726	0.00975	0.00922
2	0.01390	0.00949	0.01282	0.01508	0.01564	0.00892	0.01005	0.01508	0.02015	0.02686	0.05559	0.54657	0.06629	0.03457	0.01706	0.07870	0.00667	0.02864	0.00953	0.00841
3	0.09897	0.02433	0.03931	0.14516	0.41504	0.02548	0.03058	0.03241	0.02366	0.03583	0.01975	0.02631	0.01623	0.00995	0.01037	0.00332	0.01271	0.00929	0.00546	0.01585
4	0.01448	0.01177	0.01296	0.01313	0.01627	0.01075	0.00965	0.01969	0.06617	0.03240	0.15405	0.19560	0.34968	0.02713	0.01294	0.00380	0.00588	0.02326	0.01046	0.00994
5	0.01328	0.00949	0.01265	0.01518	0.01581	0.00886	0.01012	0.01518	0.02088	0.02783	0.06010	0.60969	0.07212	0.03416	0.01392	0.00443	0.00633	0.03100	0.01012	0.00886
6	0.19898	0.02020	0.02379	0.01872	0.02678	0.01956	0.01545	0.08845	0.03001	0.39504	0.03504	0.03162	0.02270	0.01267	0.00997	0.00336	0.00932	0.00968	0.01169	0.01698
7	0.03085	0.01573	0.02117	0.02046	0.06114	0.01425	0.01510	0.03488	0.02709	0.26646	0.06068	0.06529	0.17530	0.02498	0.06123	0.00487	0.01032	0.06516	0.01091	0.01413
8	0.01366	0.00975	0.01308	0.01561	0.01640	0.00918	0.01077	0.01583	0.02124	0.02825	0.05989	0.56740	0.07130	0.03381	0.01402	0.00448	0.00665	0.06961	0.01011	0.00896
9	0.69383	0.02109	0.01603	0.01434	0.02109	0.02446	0.01181	0.03205	0.01856	0.04892	0.01518	0.01771	0.01181	0.01012	0.00675	0.00337	0.00843	0.00590	0.00675	0.01181
10	0.04419	0.01996	0.02550	0.01997	0.02789	0.01874	0.01635	0.10852	0.07251	0.42382	0.07236	0.03881	0.03119	0.01410	0.01109	0.00339	0.00931	0.01148	0.01289	0.01794
11	0.47524	0.02107	0.02038	0.01746	0.02346	0.02437	0.01444	0.03487	0.02050	0.13502	0.01996	0.02210	0.01488	0.01212	0.01203	0.00359	0.10050	0.00737	0.00763	0.01302
12	0.02915	0.62337	0.05714	0.01866	0.02799	0.04314	0.01866	0.03265	0.02215	0.02565	0.01516	0.01749	0.01399	0.00933	0.00700	0.00233	0.01166	0.00583	0.00466	0.01399
13	0.02366	0.02298	0.04045	0.32721	0.26296	0.02523	0.07881	0.03080	0.02340	0.03166	0.02010	0.02827	0.01583	0.01026	0.01105	0.00348	0.01428	0.01001	0.00513	0.01443
14	0.09114	0.02835	0.13629	0.02650	0.08236	0.02216	0.02250	0.07210	0.10962	0.20896	0.06407	0.03422	0.02726	0.01292	0.01059	0.00343	0.01078	0.01050	0.00964	0.01661
