[name]
unknown

[dist]
# distance from previous block
# <min> <max>
0	209

[block]
# block no. 0 follows, 15 sequences, length 53
# corresponding to MSA columns:
# 246-298
name=unknown_A
#
# <colnr> <probs for GDERKNQSTAVLIFYWHMCP>
#	G	D	E	R	K	N	Q	S	T	A	V	L	I	F	Y	W	H	M	C	P
0	0.01506	0.01609	0.08740	0.01818	0.02195	0.01209	0.04975	0.01959	0.02204	0.02974	0.12092	0.28236	0.09273	0.02432	0.01233	0.00386	0.00825	0.14506	0.00857	0.00972
1	0.01215	0.00868	0.01157	0.01388	0.01446	0.00810	0.00925	0.01388	0.01909	0.02545	0.05495	0.64315	0.06593	0.03123	0.01272	0.00405	0.00578	0.02834	0.00925	0.00810
2	0.02522	0.01915	0.02781	0.14648	0.03409	0.02425	0.02086	0.02876	0.01894	0.13875	0.02034	0.02654	0.01636	0.01926	0.06754	0.00478	0.33363	0.00916	0.00605	0.01200
3	0.03754	0.01724	0.02217	0.01747	0.02414	0.01603	0.01424	0.11833	0.03122	0.40307	0.14638	0.04060	0.03750	0.01390	0.01037	0.00308	0.00809	0.01148	0.01171	0.01544
4	0.02282	0.01896	0.02031	0.01842	0.02335	0.02151	0.01426	0.04600	0.45370	0.04114	0.11874	0.04261	0.03935	0.01439	0.01016	0.00327	0.00721	0.01212	0.05727	0.01441
5	0.02617	0.01909	0.03008	0.38053	0.13394	0.02141	0.02491	0.06446	0.02380	0.14467	0.02266	0.02763	0.01621	0.01042	0.00996	0.00320	0.01195	0.00911	0.00647	0.01334
6	0.03386	0.08340	0.03056	0.02384	0.03021	0.28909	0.05539	0.07438	0.14088	0.10436	0.02447	0.02487	0.01843	0.01105	0.00942	0.00285	0.01356	0.00834	0.00733	0.01370
7	0.01450	0.00966	0.01087	0.01087	0.01087	0.00966	0.00604	0.01450	0.01450	0.01933	0.03141	0.06524	0.03624	0.64965	0.05074	0.00966	0.00966	0.01450	0.00604	0.00604
8	0.02654	0.02094	0.03537	0.03097	0.11096	0.02030	0.18577	0.10680	0.02872	0.12135	0.16438	0.03913	0.03670	0.01257	0.01098	0.00315	0.01100	0.01227	0.00831	0.01379
9	0.02939	0.02171	0.03576	0.11951	0.15017	0.02235	0.13148	0.06576	0.06359	0.17912	0.02573	0.02847	0.01854	0.01087	0.01176	0.00325	0.05048	0.00994	0.00743	0.01470
10	0.02067	0.01772	0.02067	0.01477	0.02362	0.01329	0.01181	0.02510	0.02067	0.03248	0.01772	0.02067	0.01477	0.00738	0.00738	0.00148	0.00738	0.00591	0.00591	0.71059
11	0.03790	0.02792	0.02992	0.02294	0.03091	0.03091	0.01895	0.55423	0.04687	0.06283	0.02393	0.02393	0.01695	0.01197	0.00997	0.00299	0.01097	0.00898	0.00997	0.01695
12	0.02067	0.01772	0.02067	0.01477	0.02362	0.01329	0.01181	0.02510	0.02067	0.03248	0.01772	0.02067	0.01477	0.00738	0.00738	0.00148	0.00738	0.00591	0.00591	0.71059
13	0.01178	0.01010	0.01010	0.01010	0.01347	0.00842	0.00757	0.01431	0.02272	0.02693	0.10099	0.09594	0.58342	0.02525	0.01178	0.00337	0.00505	0.02104	0.00926	0.00842
14	0.02353	0.02689	0.05882	0.04202	0.05210	0.02521	0.55126	0.03193	0.02353	0.03193	0.02017	0.02689	0.01513	0.00840	0.01176	0.00336	0.01681	0.01176	0.00504	0.01345
15	0.04367	0.01866	0.02419	0.01854	0.02630	0.01717	0.01532	0.12699	0.03138	0.51194	0.03694	0.03238	0.02348	0.01228	0.01002	0.00307	0.00887	0.00986	0.01197	0.01696
16	0.02353	0.02689	0.05882	0.04202	0.05210	0.02521	0.55126	0.03193	0.02353	0.03193	0.02017	0.02689	0.01513	0.00840	0.01176	0.00336	0.01681	0.01176	0.00504	0.01345
17	0.02470	0.01559	0.01650	0.01410	0.01832	0.01654	0.01116	0.20055	0.03015	0.04597	0.07157	0.03558	0.02790	0.01240	0.00834	0.00261	0.00677	0.00985	0.41953	0.01186
18	0.01593	0.00866	0.01261	0.01323	0.01338	0.00851	0.00882	0.01323	0.01462	0.01949	0.02737	0.19406	0.03031	0.03372	0.03195	0.52133	0.00789	0.01392	0.00565	0.00534
19	0.02067	0.01772	0.02067	0.01477	0.02362	0.01329	0.01181	0.02510	0.02067	0.03248	0.01772	0.02067	0.01477	0.00738	0.00738	0.00148	0.00738	0.00591	0.00591	0.71059
20	0.01183	0.00990	0.01031	0.01064	0.01361	0.00837	0.00781	0.01425	0.02221	0.02672	0.09445	0.17368	0.50991	0.02610	0.01192	0.00346	0.00515	0.02208	0.00926	0.00837
21	0.02123	0.01196	0.01447	0.01281	0.01706	0.01035	0.00997	0.02470	0.02579	0.18215	0.21684	0.07346	0.29955	0.02046	0.01131	0.00323	0.00587	0.01727	0.01055	0.01097
22	0.01404	0.01075	0.01617	0.01712	0.01885	0.01025	0.04962	0.01704	0.02047	0.02713	0.05188	0.45202	0.05995	0.02859	0.01295	0.00415	0.00751	0.16380	0.00893	0.00878
23	0.03818	0.07610	0.03053	0.02157	0.02955	0.02880	0.01806	0.42536	0.04159	0.15119	0.02578	0.02502	0.01795	0.01176	0.00970	0.00294	0.01052	0.00887	0.00992	0.01662
24	0.72007	0.01928	0.01465	0.01311	0.01928	0.02236	0.01080	0.02930	0.01697	0.04473	0.01388	0.01619	0.01080	0.00925	0.00617	0.00308	0.00771	0.00540	0.00617	0.01080
25	0.02067	0.01905	0.02899	0.36437	0.04989	0.02439	0.02419	0.06198	0.02021	0.02752	0.01755	0.02603	0.01441	0.01734	0.06373	0.00460	0.18996	0.00897	0.00488	0.01127
26	0.02665	0.65565	0.05224	0.01706	0.02559	0.03945	0.01706	0.02985	0.02026	0.02345	0.01386	0.01599	0.01279	0.00853	0.00640	0.00213	0.01066	0.00533	0.00426	0.01279
27	0.01559	0.01016	0.01383	0.01563	0.01725	0.00966	0.01189	0.01842	0.02100	0.06422	0.05320	0.42564	0.06036	0.02876	0.01290	0.00417	0.00710	0.19176	0.00943	0.00904
28	0.01335	0.01016	0.01227	0.01174	0.01443	0.00908	0.00881	0.01734	0.02642	0.03571	0.42474	0.08149	0.25419	0.02197	0.01177	0.00321	0.00482	0.01901	0.01041	0.00908
29	0.72007	0.01928	0.01465	0.01311	0.01928	0.02236	0.01080	0.02930	0.01697	0.04473	0.01388	0.01619	0.01080	0.00925	0.00617	0.00308	0.00771	0.00540	0.00617	0.01080
30	0.01178	0.01010	0.01010	0.01010	0.01347	0.00842	0.00757	0.01431	0.02272	0.02693	0.10099	0.09594	0.58342	0.02525	0.01178	0.00337	0.00505	0.02104	0.00926	0.00842
31	0.04473	0.01697	0.02313	0.01774	0.02545	0.01465	0.01465	0.04858	0.02853	0.59437	0.03933	0.03393	0.02468	0.01234	0.01003	0.00308	0.00848	0.01003	0.01234	0.01697
32	0.04473	0.01697	0.02313	0.01774	0.02545	0.01465	0.01465	0.04858	0.02853	0.59437	0.03933	0.03393	0.02468	0.01234	0.01003	0.00308	0.00848	0.01003	0.01234	0.01697
33	0.02480	0.02141	0.02254	0.02029	0.02592	0.02480	0.01578	0.05297	0.56946	0.04170	0.04057	0.03719	0.03043	0.01352	0.01014	0.00338	0.00789	0.01127	0.01014	0.01578
34	0.72007	0.01928	0.01465	0.01311	0.01928	0.02236	0.01080	0.02930	0.01697	0.04473	0.01388	0.01619	0.01080	0.00925	0.00617	0.00308	0.00771	0.00540	0.00617	0.01080
35	0.03790	0.02792	0.02992	0.02294	0.03091	0.03091	0.01895	0.55423	0.04687	0.06283	0.02393	0.02393	0.01695	0.01197	0.00997	0.00299	0.01097	0.00898	0.00997	0.01695
36	0.72007	0.01928	0.01465	0.01311	0.01928	0.02236	0.01080	0.02930	0.01697	0.04473	0.01388	0.01619	0.01080	0.00925	0.00617	0.00308	0.00771	0.00540	0.00617	0.01080
37	0.02467	0.02369	0.04046	0.06119	0.58747	0.02369	0.03059	0.03059	0.02270	0.03257	0.01875	0.02467	0.01579	0.00888	0.00987	0.00296	0.01184	0.00888	0.00493	0.01579
38	0.02480	0.02141	0.02254	0.02029	0.02592	0.02480	0.01578	0.05297	0.56946	0.04170	0.04057	0.03719	0.03043	0.01352	0.01014	0.00338	0.00789	0.01127	0.01014	0.01578
39	0.01242	0.00887	0.01188	0.01419	0.01489	0.00833	0.00973	0.01435	0.01936	0.02575	0.05479	0.60615	0.06534	0.03097	0.01280	0.00409	0.00602	0.06264	0.00925	0.00817
40	0.26571	0.01772	0.02036	0.01622	0.02343	0.01718	0.01339	0.04227	0.02475	0.41452	0.03100	0.02813	0.02014	0.01133	0.00876	0.00308	0.00823	0.00851	0.01032	0.01495
41	0.01450	0.00966	0.01087	0.01087	0.01087	0.00966	0.00604	0.01450	0.01450	0.01933	0.03141	0.06524	0.03624	0.64965	0.05074	0.00966	0.00966	0.01450	0.00604	0.00604
42	0.72007	0.01928	0.01465	0.01311	0.01928	0.02236	0.01080	0.02930	0.01697	0.04473	0.01388	0.01619	0.01080	0.00925	0.00617	0.00308	0.00771	0.00540	0.00617	0.01080
43	0.01264	0.00916	0.01206	0.01419	0.01521	0.00857	0.01004	0.01482	0.01988	0.02615	0.05817	0.53041	0.10425	0.03028	0.01279	0.00407	0.00618	0.09362	0.00924	0.00827
44	0.02067	0.01772	0.02067	0.01477	0.02362	0.01329	0.01181	0.02510	0.02067	0.03248	0.01772	0.02067	0.01477	0.00738	0.00738	0.00148	0.00738	0.00591	0.00591	0.71059
45	0.13934	0.01594	0.02008	0.01720	0.02332	0.01502	0.01443	0.03867	0.02539	0.36984	0.03887	0.05096	0.03079	0.01569	0.01038	0.00346	0.00854	0.13740	0.01062	0.01408
46	0.01267	0.00915	0.01211	0.01428	0.01526	0.00859	0.01010	0.01485	0.01984	0.02615	0.05739	0.53665	0.09558	0.03036	0.01281	0.00408	0.00621	0.09641	0.00924	0.00827
47	0.02841	0.01846	0.02570	0.20030	0.07784	0.01996	0.02001	0.03973	0.16847	0.20147	0.03278	0.03745	0.02450	0.01277	0.01029	0.00333	0.01003	0.04551	0.00869	0.01429
48	0.02239	0.02351	0.04000	0.03147	0.03485	0.02875	0.19895	0.02665	0.01803	0.02665	0.01546	0.02351	0.01377	0.01442	0.02571	0.00403	0.42577	0.00974	0.00459	0.01176
49	0.01197	0.01011	0.01036	0.01029	0.01358	0.00849	0.00772	0.01467	0.02316	0.02797	0.13937	0.09423	0.54439	0.02486	0.01178	0.00335	0.00502	0.02080	0.00939	0.00849
50	0.06699	0.01620	0.02361	0.13565	0.11088	0.01707	0.01810	0.02896	0.02178	0.17323	0.03341	0.20225	0.03135	0.01694	0.01213	0.00347	0.05312	0.01447	0.00800	0.01239
51	0.04338	0.01913	0.02447	0.01876	0.02653	0.01786	0.01550	0.14830	0.03215	0.48954	0.03629	0.03196	0.02315	0.01227	0.01001	0.00307	0.00897	0.00982	0.01187	0.01696
52	0.02461	0.02852	0.05641	0.04073	0.05042	0.07127	0.50934	0.03255	0.02390	0.03134	0.01979	0.02619	0.01495	0.00855	0.01155	0.00330	0.01690	0.01134	0.00505	0.01330

[dist]
# distance from previous block
# <min> <max>
3	15

[block]
# block no. 1 follows, 15 sequences, length 49
# corresponding to MSA columns:
# 314-362
name=unknown_B
#
# <colnr> <probs for GDERKNQSTAVLIFYWHMCP>
#	G	D	E	R	K	N	Q	S	T	A	V	L	I	F	Y	W	H	M	C	P
0	0.15066	0.02259	0.02829	0.03270	0.20944	0.02438	0.02021	0.12518	0.17106	0.07803	0.02586	0.02697	0.01955	0.01092	0.00932	0.00311	0.00971	0.00899	0.00785	0.01518
1	0.37993	0.01957	0.02107	0.02209	0.12069	0.01977	0.01460	0.02822	0.01913	0.03878	0.01593	0.01908	0.01291	0.00861	0.00720	0.00256	0.00834	0.00617	0.00587	0.22948
2	0.24257	0.02510	0.03100	0.04208	0.34563	0.09169	0.02311	0.03127	0.02156	0.03540	0.01685	0.02125	0.01389	0.00916	0.00861	0.00295	0.01127	0.00751	0.00534	0.01374
3	0.29213	0.02236	0.03210	0.03010	0.13520	0.02280	0.14889	0.06319	0.02201	0.03901	0.01744	0.02145	0.01366	0.00893	0.00863	0.00294	0.01091	0.00791	0.00587	0.09449
4	0.02067	0.01772	0.02067	0.01477	0.02362	0.01329	0.01181	0.02510	0.02067	0.03248	0.01772	0.02067	0.01477	0.00738	0.00738	0.00148	0.00738	0.00591	0.00591	0.71059
5	0.01889	0.01383	0.01861	0.08607	0.02397	0.01379	0.04573	0.06181	0.02283	0.07068	0.10682	0.06151	0.17418	0.21138	0.02324	0.00522	0.00885	0.01494	0.00791	0.00972
6	0.03024	0.01424	0.01767	0.01497	0.01997	0.01343	0.01210	0.07550	0.02716	0.26978	0.10041	0.04498	0.03498	0.01420	0.00956	0.00296	0.00710	0.05035	0.22732	0.01309
7	0.01260	0.00913	0.01190	0.01332	0.01450	0.00844	0.00919	0.01511	0.02154	0.02908	0.18635	0.47009	0.10538	0.02821	0.01243	0.00378	0.00547	0.02537	0.00967	0.00844
8	0.01411	0.01019	0.01333	0.01254	0.01489	0.00941	0.00941	0.01881	0.02822	0.03998	0.58221	0.07447	0.09406	0.02038	0.01176	0.00314	0.00470	0.01803	0.01097	0.00941
9	0.01305	0.00963	0.01240	0.01428	0.01581	0.00899	0.01062	0.01564	0.02072	0.02681	0.06304	0.40927	0.16086	0.02920	0.01281	0.00405	0.00649	0.14867	0.00924	0.00842
10	0.04473	0.01697	0.02313	0.01774	0.02545	0.01465	0.01465	0.04858	0.02853	0.59437	0.03933	0.03393	0.02468	0.01234	0.01003	0.00308	0.00848	0.01003	0.01234	0.01697
11	0.02067	0.01772	0.02067	0.01477	0.02362	0.01329	0.01181	0.02510	0.02067	0.03248	0.01772	0.02067	0.01477	0.00738	0.00738	0.00148	0.00738	0.00591	0.00591	0.71059
12	0.02480	0.02141	0.02254	0.02029	0.02592	0.02480	0.01578	0.05297	0.56946	0.04170	0.04057	0.03719	0.03043	0.01352	0.01014	0.00338	0.00789	0.01127	0.01014	0.01578
13	0.01883	0.01772	0.02990	0.62569	0.06866	0.02215	0.02769	0.02547	0.01993	0.02547	0.01772	0.02658	0.01329	0.00997	0.00997	0.00332	0.01329	0.00886	0.00443	0.01107
14	0.01999	0.05157	0.59800	0.02841	0.04315	0.02315	0.03683	0.03157	0.02105	0.03157	0.01789	0.02105	0.01263	0.00947	0.00947	0.00316	0.01473	0.00737	0.00421	0.01473
15	0.01215	0.00868	0.01157	0.01388	0.01446	0.00810	0.00925	0.01388	0.01909	0.02545	0.05495	0.64315	0.06593	0.03123	0.01272	0.00405	0.00578	0.02834	0.00925	0.00810
16	0.04115	0.01617	0.02199	0.01713	0.02422	0.01404	0.01404	0.04511	0.02850	0.52964	0.10271	0.03866	0.03278	0.01328	0.01023	0.00309	0.00804	0.01096	0.01218	0.01608
17	0.01787	0.01800	0.03535	0.02782	0.03342	0.01678	0.28326	0.02304	0.02162	0.02884	0.04096	0.28862	0.08074	0.01922	0.01217	0.00365	0.01130	0.01939	0.00712	0.01083
18	0.02353	0.02689	0.05882	0.04202	0.05210	0.02521	0.55126	0.03193	0.02353	0.03193	0.02017	0.02689	0.01513	0.00840	0.01176	0.00336	0.01681	0.01176	0.00504	0.01345
19	0.01583	0.01362	0.01397	0.01327	0.01734	0.01351	0.01013	0.02634	0.19288	0.03153	0.08219	0.07766	0.41131	0.02160	0.01127	0.00337	0.00593	0.01800	0.00953	0.01071
20	0.03766	0.02909	0.09170	0.02110	0.02881	0.14983	0.01852	0.12329	0.03008	0.28758	0.02871	0.02749	0.01947	0.01145	0.00955	0.00292	0.01150	0.00871	0.04744	0.01508
21	0.02875	0.02541	0.13532	0.06908	0.17271	0.01974	0.05697	0.03639	0.05423	0.20647	0.07026	0.03170	0.02468	0.01125	0.01013	0.00312	0.01097	0.00998	0.00782	0.01502
22	0.01411	0.01019	0.01333	0.01254	0.01489	0.00941	0.00941	0.01881	0.02822	0.03998	0.58221	0.07447	0.09406	0.02038	0.01176	0.00314	0.00470	0.01803	0.01097	0.00941
23	0.01288	0.00898	0.01135	0.01294	0.01334	0.00859	0.00825	0.01407	0.01766	0.02354	0.04762	0.46328	0.05669	0.22371	0.02456	0.00580	0.00699	0.02403	0.00825	0.00746
24	0.02326	0.19498	0.34985	0.02369	0.03511	0.02699	0.02766	0.09115	0.02444	0.03388	0.06275	0.02441	0.01969	0.01040	0.00895	0.00288	0.01248	0.00790	0.00544	0.01409
25	0.02283	0.30894	0.36547	0.02358	0.03566	0.03009	0.02841	0.03084	0.02071	0.02811	0.01617	0.01889	0.01270	0.00907	0.00816	0.00272	0.01300	0.00650	0.00423	0.01391
26	0.04473	0.01697	0.02313	0.01774	0.02545	0.01465	0.01465	0.04858	0.02853	0.59437	0.03933	0.03393	0.02468	0.01234	0.01003	0.00308	0.00848	0.01003	0.01234	0.01697
27	0.72007	0.01928	0.01465	0.01311	0.01928	0.02236	0.01080	0.02930	0.01697	0.04473	0.01388	0.01619	0.01080	0.00925	0.00617	0.00308	0.00771	0.00540	0.00617	0.01080
28	0.03157	0.07525	0.09984	0.02797	0.06867	0.02798	0.10416	0.28121	0.06912	0.07993	0.02358	0.02497	0.01712	0.01081	0.00994	0.00303	0.01199	0.00916	0.00798	0.01570
29	0.02960	0.02159	0.03536	0.16430	0.07300	0.02166	0.15419	0.10666	0.02694	0.17543	0.02466	0.02756	0.01736	0.01018	0.01023	0.00306	0.01211	0.00967	0.00747	0.06897
30	0.02325	0.01288	0.01367	0.01229	0.01592	0.01328	0.00956	0.08720	0.06475	0.08374	0.03267	0.03543	0.02487	0.01185	0.00778	0.00254	0.00590	0.00946	0.52173	0.01123
31	0.58064	0.02381	0.01753	0.01550	0.02164	0.10588	0.01251	0.06384	0.02044	0.04299	0.01473	0.01693	0.01147	0.00957	0.00681	0.00301	0.00937	0.00577	0.00626	0.01129
32	0.01348	0.01005	0.01252	0.01214	0.01456	0.00910	0.00902	0.01750	0.02637	0.03615	0.44173	0.12314	0.19302	0.02223	0.01184	0.00325	0.00486	0.01945	0.01049	0.00910
33	0.02632	0.02046	0.03074	0.35501	0.13619	0.02315	0.02497	0.12811	0.02641	0.09999	0.02157	0.02665	0.01569	0.01045	0.00996	0.00318	0.01207	0.00902	0.00647	0.01359
34	0.02230	0.01505	0.01560	0.01426	0.01820	0.01648	0.01103	0.07533	0.21733	0.04078	0.03470	0.03614	0.02661	0.01232	0.00833	0.00275	0.00629	0.00997	0.40435	0.01219
35	0.01381	0.00983	0.01249	0.01241	0.01450	0.00907	0.00909	0.01775	0.02557	0.03594	0.40851	0.18461	0.12368	0.02236	0.01166	0.00328	0.00494	0.01976	0.05169	0.00907
36	0.02164	0.01019	0.01091	0.01028	0.01323	0.00992	0.00787	0.02619	0.02180	0.10222	0.03332	0.03679	0.02545	0.01170	0.00733	0.00241	0.00509	0.00938	0.62412	0.01019
37	0.01630	0.01071	0.01383	0.01275	0.01560	0.00974	0.00967	0.02077	0.02780	0.08206	0.50148	0.07303	0.12782	0.02014	0.01162	0.00315	0.00502	0.01765	0.01094	0.00992
38	0.01424	0.01068	0.01602	0.01602	0.01780	0.01246	0.01246	0.01780	0.01602	0.02314	0.02670	0.03916	0.02492	0.07477	0.61015	0.01602	0.02670	0.01068	0.00534	0.00890
39	0.72007	0.01928	0.01465	0.01311	0.01928	0.02236	0.01080	0.02930	0.01697	0.04473	0.01388	0.01619	0.01080	0.00925	0.00617	0.00308	0.00771	0.00540	0.00617	0.01080
40	0.72007	0.01928	0.01465	0.01311	0.01928	0.02236	0.01080	0.02930	0.01697	0.04473	0.01388	0.01619	0.01080	0.00925	0.00617	0.00308	0.00771	0.00540	0.00617	0.01080
41	0.07329	0.01247	0.01575	0.01382	0.01772	0.01161	0.01076	0.02666	0.02747	0.17211	0.41137	0.06055	0.07145	0.01765	0.01094	0.00312	0.00582	0.01520	0.01095	0.01131
42	0.07790	0.02259	0.08832	0.01687	0.02613	0.01655	0.01521	0.06761	0.02247	0.03573	0.01792	0.02061	0.01437	0.00814	0.00773	0.00192	0.00855	0.00628	0.00605	0.51906
43	0.02399	0.02299	0.03923	0.12710	0.52689	0.02351	0.03025	0.03000	0.02238	0.03174	0.01863	0.02490	0.01550	0.00901	0.00988	0.00300	0.01201	0.00888	0.00488	0.01524
44	0.10396	0.01569	0.02219	0.24996	0.03812	0.01800	0.01806	0.02282	0.01782	0.02719	0.01862	0.02710	0.01583	0.02510	0.12576	0.09385	0.04723	0.00836	0.00498	0.09933
45	0.02339	0.11419	0.23960	0.02044	0.03070	0.02021	0.02197	0.03006	0.02156	0.09603	0.02253	0.06750	0.01863	0.01065	0.00873	0.00257	0.01057	0.00850	0.00605	0.22612
46	0.02353	0.02689	0.05882	0.04202	0.05210	0.02521	0.55126	0.03193	0.02353	0.03193	0.02017	0.02689	0.01513	0.00840	0.01176	0.00336	0.01681	0.01176	0.00504	0.01345
47	0.01758	0.01524	0.02158	0.02760	0.19355	0.01477	0.01598	0.02387	0.06706	0.03415	0.22974	0.06209	0.20200	0.01763	0.01105	0.00316	0.00727	0.01550	0.00855	0.01161
48	0.03191	0.02565	0.08221	0.03194	0.10546	0.05477	0.17910	0.03983	0.06803	0.23487	0.02803	0.02897	0.01952	0.01047	0.01043	0.00315	0.01239	0.01008	0.00799	0.01518

[dist]
# distance from previous block
# <min> <max>
5	18

[block]
# block no. 2 follows, 15 sequences, length 71
# corresponding to MSA columns:
# 381-451
name=unknown_C
#
# <colnr> <probs for GDERKNQSTAVLIFYWHMCP>
#	G	D	E	R	K	N	Q	S	T	A	V	L	I	F	Y	W	H	M	C	P
0	0.02696	0.01276	0.01660	0.01411	0.01845	0.01151	0.01098	0.03099	0.02651	0.26045	0.25962	0.05303	0.05391	0.05945	0.01317	0.00347	0.00655	0.01351	0.09577	0.01219
1	0.03187	0.12343	0.23137	0.02314	0.03361	0.02203	0.06180	0.03867	0.02433	0.27263	0.02669	0.02628	0.01802	0.01049	0.00943	0.00299	0.01160	0.00853	0.00778	0.01532
2	0.01350	0.01017	0.01248	0.01190	0.01452	0.00915	0.00892	0.01763	0.02677	0.03654	0.45549	0.08012	0.22292	0.02166	0.01176	0.00320	0.00479	0.01882	0.01052	0.00915
3	0.01333	0.01016	0.01225	0.01173	0.01442	0.00908	0.00880	0.01731	0.02639	0.03563	0.42189	0.08162	0.25710	0.02200	0.01177	0.00321	0.00482	0.01903	0.01040	0.00908
4	0.01411	0.01019	0.01333	0.01254	0.01489	0.00941	0.00941	0.01881	0.02822	0.03998	0.58221	0.07447	0.09406	0.02038	0.01176	0.00314	0.00470	0.01803	0.01097	0.00941
5	0.28130	0.01778	0.02016	0.01612	0.02329	0.01735	0.01330	0.04183	0.02448	0.40183	0.03041	0.02772	0.01981	0.01126	0.00867	0.00308	0.00821	0.00840	0.01018	0.01480
6	0.02480	0.02141	0.02254	0.02029	0.02592	0.02480	0.01578	0.05297	0.56946	0.04170	0.04057	0.03719	0.03043	0.01352	0.01014	0.00338	0.00789	0.01127	0.01014	0.01578
7	0.02067	0.01772	0.02067	0.01477	0.02362	0.01329	0.01181	0.02510	0.02067	0.03248	0.01772	0.02067	0.01477	0.00738	0.00738	0.00148	0.00738	0.00591	0.00591	0.71059
8	0.72007	0.01928	0.01465	0.01311	0.01928	0.02236	0.01080	0.02930	0.01697	0.04473	0.01388	0.01619	0.01080	0.00925	0.00617	0.00308	0.00771	0.00540	0.00617	0.01080
9	0.01883	0.01772	0.02990	0.62569	0.06866	0.02215	0.02769	0.02547	0.01993	0.02547	0.01772	0.02658	0.01329	0.00997	0.00997	0.00332	0.01329	0.00886	0.00443	0.01107
10	0.01291	0.00922	0.01245	0.01476	0.01567	0.00876	0.01058	0.01520	0.01984	0.02630	0.05452	0.53954	0.06426	0.03051	0.01293	0.00415	0.00645	0.12440	0.00924	0.00831
11	0.02182	0.03794	0.36989	0.21377	0.04954	0.02209	0.03201	0.03117	0.02136	0.07951	0.01974	0.02391	0.01390	0.00988	0.00967	0.00320	0.01373	0.00807	0.00500	0.01379
12	0.02665	0.65565	0.05224	0.01706	0.02559	0.03945	0.01706	0.02985	0.02026	0.02345	0.01386	0.01599	0.01279	0.00853	0.00640	0.00213	0.01066	0.00533	0.00426	0.01279
13	0.01288	0.00898	0.01135	0.01294	0.01334	0.00859	0.00825	0.01407	0.01765	0.02354	0.04760	0.46289	0.05667	0.22412	0.02458	0.00580	0.00699	0.02402	0.00825	0.00746
14	0.01434	0.01047	0.01390	0.01563	0.01764	0.01004	0.01264	0.01795	0.02241	0.02924	0.10652	0.24112	0.13156	0.02754	0.01307	0.00416	0.00738	0.28618	0.00937	0.00883
15	0.02936	0.04617	0.23191	0.02883	0.03799	0.32592	0.09667	0.03587	0.02509	0.02792	0.01692	0.02025	0.01307	0.00974	0.00953	0.00288	0.01668	0.00747	0.00480	0.01292
16	0.02509	0.48324	0.15828	0.02146	0.03133	0.03504	0.06819	0.03037	0.02070	0.02577	0.01520	0.01793	0.01297	0.00870	0.00747	0.00244	0.01199	0.00629	0.00432	0.01323
17	0.61382	0.02205	0.01691	0.01484	0.02108	0.06578	0.01209	0.07362	0.02027	0.04475	0.01483	0.01697	0.01146	0.00955	0.00669	0.00304	0.00873	0.00577	0.00641	0.01136
18	0.03173	0.13875	0.02686	0.01684	0.02339	0.02050	0.01423	0.11785	0.02936	0.24941	0.13850	0.04162	0.08048	0.01412	0.00979	0.00292	0.00831	0.01137	0.00991	0.01405
19	0.01725	0.01002	0.01195	0.01201	0.01442	0.00931	0.00879	0.02076	0.02264	0.07936	0.15262	0.22310	0.11757	0.02057	0.01035	0.00316	0.00535	0.01785	0.23340	0.00951
20	0.02261	0.02187	0.03807	0.25201	0.37579	0.02326	0.06379	0.02894	0.02181	0.03011	0.01849	0.02547	0.01490	0.00922	0.01003	0.00311	0.01266	0.00906	0.00477	0.01403
21	0.01215	0.00868	0.01157	0.01388	0.01446	0.00810	0.00925	0.01388	0.01909	0.02545	0.05495	0.64315	0.06593	0.03123	0.01272	0.00405	0.00578	0.02834	0.00925	0.00810
22	0.02749	0.34592	0.09147	0.02318	0.06510	0.07306	0.02031	0.09476	0.06941	0.03108	0.01801	0.02027	0.01496	0.01022	0.00971	0.00267	0.05617	0.00699	0.00554	0.01368
23	0.06325	0.07487	0.14273	0.23679	0.15057	0.07285	0.06331	0.02976	0.02145	0.02928	0.01742	0.02310	0.01354	0.00944	0.00942	0.00306	0.01341	0.00812	0.00467	0.01296
24	0.01395	0.01018	0.01310	0.01237	0.01480	0.00934	0.00928	0.01850	0.02784	0.03908	0.54932	0.07593	0.12751	0.02071	0.01176	0.00315	0.00473	0.01823	0.01086	0.00934
25	0.02846	0.02324	0.02461	0.02103	0.02732	0.02651	0.01667	0.19321	0.42325	0.04761	0.03592	0.03348	0.02666	0.01309	0.01010	0.00327	0.00875	0.01063	0.01010	0.01611
26	0.01507	0.01139	0.01571	0.01599	0.01810	0.01259	0.01259	0.02005	0.05180	0.02553	0.03769	0.05783	0.07032	0.09399	0.38973	0.01191	0.01984	0.10406	0.00665	0.00917
27	0.01868	0.01043	0.01398	0.01452	0.01664	0.00949	0.01032	0.02109	0.02174	0.13780	0.09859	0.47385	0.06037	0.02658	0.01211	0.00378	0.00621	0.02385	0.01001	0.00994
28	0.01395	0.01018	0.01310	0.01237	0.01479	0.00934	0.00928	0.01850	0.02784	0.03908	0.54904	0.07595	0.12779	0.02072	0.01176	0.00315	0.00473	0.01824	0.01086	0.00934
29	0.01215	0.00868	0.01157	0.01388	0.01446	0.00810	0.00925	0.01388	0.01909	0.02545	0.05495	0.64315	0.06593	0.03123	0.01272	0.00405	0.00578	0.02834	0.00925	0.00810
30	0.02665	0.65565	0.05224	0.01706	0.02559	0.03945	0.01706	0.02985	0.02026	0.02345	0.01386	0.01599	0.01279	0.00853	0.00640	0.00213	0.01066	0.00533	0.00426	0.01279
31	0.01999	0.05157	0.59800	0.02841	0.04315	0.02315	0.03683	0.03157	0.02105	0.03157	0.01789	0.02105	0.01263	0.00947	0.00947	0.00316	0.01473	0.00737	0.00421	0.01473
32	0.04473	0.01697	0.02313	0.01774	0.02545	0.01465	0.01465	0.04858	0.02853	0.59437	0.03933	0.03393	0.02468	0.01234	0.01003	0.00308	0.00848	0.01003	0.01234	0.01697
33	0.02665	0.65565	0.05224	0.01706	0.02559	0.03945	0.01706	0.02985	0.02026	0.02345	0.01386	0.01599	0.01279	0.00853	0.00640	0.00213	0.01066	0.00533	0.00426	0.01279
34	0.01883	0.01772	0.02990	0.62569	0.06866	0.02215	0.02769	0.02547	0.01993	0.02547	0.01772	0.02658	0.01329	0.00997	0.00997	0.00332	0.01329	0.00886	0.00443	0.01107
35	0.01606	0.01147	0.01606	0.01836	0.02065	0.01147	0.01606	0.02065	0.02295	0.02983	0.05278	0.11245	0.05737	0.02754	0.01377	0.00459	0.00918	0.52037	0.00918	0.00918
36	0.01215	0.00868	0.01157	0.01388	0.01446	0.00810	0.00925	0.01388	0.01909	0.02545	0.05495	0.64315	0.06593	0.03123	0.01272	0.00405	0.00578	0.02834	0.00925	0.00810
37	0.02665	0.65565	0.05224	0.01706	0.02559	0.03945	0.01706	0.02985	0.02026	0.02345	0.01386	0.01599	0.01279	0.00853	0.00640	0.00213	0.01066	0.00533	0.00426	0.01279
38	0.01215	0.00868	0.01157	0.01388	0.01446	0.00810	0.00925	0.01388	0.01909	0.02545	0.05495	0.64315	0.06593	0.03123	0.01272	0.00405	0.00578	0.02834	0.00925	0.00810
39	0.72007	0.01928	0.01465	0.01311	0.01928	0.02236	0.01080	0.02930	0.01697	0.04473	0.01388	0.01619	0.01080	0.00925	0.00617	0.00308	0.00771	0.00540	0.00617	0.01080
40	0.01450	0.00966	0.01087	0.01087	0.01087	0.00966	0.00604	0.01450	0.01450	0.01933	0.03141	0.06524	0.03624	0.64965	0.05074	0.00966	0.00966	0.01450	0.00604	0.00604
41	0.01999	0.05157	0.59800	0.02841	0.04315	0.02315	0.03683	0.03157	0.02105	0.03157	0.01789	0.02105	0.01263	0.00947	0.00947	0.00316	0.01473	0.00737	0.00421	0.01473
42	0.02067	0.01772	0.02067	0.01477	0.02362	0.01329	0.01181	0.02510	0.02067	0.03248	0.01772	0.02067	0.01477	0.00738	0.00738	0.00148	0.00738	0.00591	0.00591	0.71059
43	0.02140	0.03154	0.21004	0.02827	0.03376	0.02776	0.07339	0.02706	0.01780	0.02706	0.01521	0.02202	0.01312	0.01416	0.02361	0.00390	0.38463	0.00857	0.00437	0.01232
44	0.01178	0.01010	0.01010	0.01010	0.01347	0.00842	0.00757	0.01431	0.02272	0.02693	0.10099	0.09594	0.58342	0.02525	0.01178	0.00337	0.00505	0.02104	0.00926	0.00842
45	0.01883	0.01772	0.02990	0.62569	0.06866	0.02215	0.02769	0.02547	0.01993	0.02547	0.01772	0.02658	0.01329	0.00997	0.00997	0.00332	0.01329	0.00886	0.00443	0.01107
46	0.03817	0.02262	0.09780	0.02479	0.07659	0.01737	0.06620	0.04354	0.02669	0.42935	0.03331	0.03097	0.02163	0.01135	0.01010	0.00311	0.01026	0.00976	0.01009	0.01628
47	0.01178	0.01010	0.01010	0.01010	0.01347	0.00842	0.00757	0.01431	0.02272	0.02693	0.10099	0.09594	0.58342	0.02525	0.01178	0.00337	0.00505	0.02104	0.00926	0.00842
48	0.03237	0.01410	0.01874	0.01609	0.02143	0.01274	0.01327	0.03656	0.02623	0.34865	0.08898	0.05335	0.03734	0.01591	0.01044	0.00326	0.00769	0.11025	0.11902	0.01359
49	0.47501	0.02482	0.02229	0.01856	0.02518	0.09993	0.05791	0.10691	0.02330	0.04365	0.01606	0.01843	0.01231	0.00971	0.00755	0.00303	0.01027	0.00658	0.00649	0.01201
50	0.02827	0.01900	0.03092	0.03202	0.16890	0.01818	0.10392	0.03498	0.06929	0.20586	0.03423	0.14968	0.02944	0.01462	0.01080	0.00331	0.01009	0.01370	0.00852	0.01427
51	0.02297	0.01967	0.02088	0.01891	0.02411	0.02234	0.01466	0.04735	0.48513	0.04049	0.08987	0.04452	0.07559	0.01494	0.01040	0.00336	0.00742	0.01254	0.01015	0.01472
52	0.01883	0.01772	0.02990	0.62569	0.06866	0.02215	0.02769	0.02547	0.01993	0.02547	0.01772	0.02658	0.01329	0.00997	0.00997	0.00332	0.01329	0.00886	0.00443	0.01107
53	0.04419	0.01917	0.02350	0.01831	0.02584	0.05756	0.01498	0.04795	0.02851	0.55327	0.03760	0.03278	0.02382	0.01219	0.00995	0.00305	0.00917	0.00977	0.01182	0.01658
54	0.02665	0.65565	0.05224	0.01706	0.02559	0.03945	0.01706	0.02985	0.02026	0.02345	0.01386	0.01599	0.01279	0.00853	0.00640	0.00213	0.01066	0.00533	0.00426	0.01279
55	0.01883	0.01772	0.02990	0.62569	0.06866	0.02215	0.02769	0.02547	0.01993	0.02547	0.01772	0.02658	0.01329	0.00997	0.00997	0.00332	0.01329	0.00886	0.00443	0.01107
56	0.02353	0.02689	0.05882	0.04202	0.05210	0.02521	0.55126	0.03193	0.02353	0.03193	0.02017	0.02689	0.01513	0.00840	0.01176	0.00336	0.01681	0.01176	0.00504	0.01345
57	0.02480	0.02141	0.02254	0.02029	0.02592	0.02480	0.01578	0.05297	0.56946	0.04170	0.04057	0.03719	0.03043	0.01352	0.01014	0.00338	0.00789	0.01127	0.01014	0.01578
58	0.01276	0.00915	0.01212	0.01346	0.01459	0.00851	0.00930	0.01542	0.02193	0.02998	0.21940	0.46577	0.07471	0.02785	0.01242	0.00376	0.00545	0.02512	0.00979	0.00851
59	0.01606	0.01147	0.01606	0.01836	0.02065	0.01147	0.01606	0.02065	0.02295	0.02983	0.05278	0.11245	0.05737	0.02754	0.01377	0.00459	0.00918	0.52037	0.00918	0.00918
60	0.01450	0.00966	0.01087	0.01087	0.01087	0.00966	0.00604	0.01450	0.01450	0.01933	0.03141	0.06524	0.03624	0.64965	0.05074	0.00966	0.00966	0.01450	0.00604	0.00604
61	0.03790	0.02792	0.02992	0.02294	0.03091	0.03091	0.01895	0.55423	0.04687	0.06283	0.02393	0.02393	0.01695	0.01197	0.00997	0.00299	0.01097	0.00898	0.00997	0.01695
62	0.04473	0.01697	0.02313	0.01774	0.02545	0.01465	0.01465	0.04858	0.02853	0.59437	0.03933	0.03393	0.02468	0.01234	0.01003	0.00308	0.00848	0.01003	0.01234	0.01697
63	0.02480	0.02141	0.02254	0.02029	0.02592	0.02480	0.01578	0.05297	0.56946	0.04170	0.04057	0.03719	0.03043	0.01352	0.01014	0.00338	0.00789	0.01127	0.01014	0.01578
64	0.01732	0.00866	0.01299	0.01299	0.01299	0.00866	0.00866	0.01299	0.01299	0.01732	0.01732	0.03030	0.01732	0.03463	0.03896	0.70996	0.00866	0.00866	0.00433	0.00433
65	0.02067	0.01772	0.02067	0.01477	0.02362	0.01329	0.01181	0.02510	0.02067	0.03248	0.01772	0.02067	0.01477	0.00738	0.00738	0.00148	0.00738	0.00591	0.00591	0.71059
66	0.02735	0.02583	0.02511	0.02182	0.02771	0.15583	0.04882	0.04121	0.24600	0.07090	0.03229	0.03917	0.02653	0.01338	0.01009	0.00310	0.01089	0.07143	0.00822	0.09430
67	0.03916	0.02016	0.02450	0.01914	0.02641	0.01996	0.01568	0.20440	0.06714	0.35463	0.07408	0.03396	0.02766	0.01288	0.01014	0.00308	0.00895	0.01036	0.01137	0.01634
68	0.01318	0.01015	0.01204	0.01157	0.01432	0.00901	0.00868	0.01702	0.02603	0.03477	0.39028	0.08303	0.28923	0.02232	0.01177	0.00323	0.00484	0.01923	0.01029	0.00901
69	0.02221	0.02432	0.05073	0.20531	0.05673	0.02435	0.40478	0.03012	0.02252	0.03012	0.01948	0.02680	0.01461	0.00884	0.01126	0.00335	0.01582	0.01095	0.00487	0.01278
70	0.15887	0.02342	0.03420	0.04217	0.31750	0.02453	0.06729	0.09586	0.07302	0.03931	0.02050	0.02426	0.01622	0.00970	0.00936	0.00306	0.01101	0.00868	0.00625	0.01478

[dist]
# distance from previous block
# <min> <max>
4	9

[block]
# block no. 3 follows, 15 sequences, length 44
# corresponding to MSA columns:
# 461-504
name=unknown_D
#
# <colnr> <probs for GDERKNQSTAVLIFYWHMCP>
#	G	D	E	R	K	N	Q	S	T	A	V	L	I	F	Y	W	H	M	C	P
0	0.09135	0.07242	0.02913	0.02300	0.02780	0.21559	0.01862	0.12341	0.02653	0.08252	0.01812	0.02114	0.01447	0.01246	0.01517	0.00318	0.17824	0.00763	0.00642	0.01280
1	0.02420	0.01705	0.02035	0.01495	0.02322	0.01318	0.01200	0.02839	0.02218	0.12918	0.02737	0.02831	0.05690	0.00951	0.00815	0.00189	0.00741	0.00769	0.00726	0.54082
2	0.02096	0.01177	0.01517	0.01342	0.01717	0.01050	0.01038	0.02516	0.02752	0.16812	0.38733	0.06798	0.14654	0.01918	0.01135	0.00316	0.00564	0.01658	0.01105	0.01104
3	0.02315	0.02213	0.03771	0.20809	0.45246	0.02329	0.02984	0.02926	0.02198	0.03072	0.01848	0.02517	0.01514	0.00916	0.00989	0.00305	0.01222	0.00888	0.00480	0.01456
4	0.01443	0.01013	0.01304	0.01231	0.01466	0.00940	0.00923	0.01912	0.02770	0.03978	0.54340	0.07183	0.08923	0.01976	0.01142	0.00308	0.00470	0.01741	0.05996	0.00940
5	0.02313	0.02179	0.02467	0.21746	0.03951	0.07416	0.01945	0.04045	0.30891	0.03398	0.03468	0.03570	0.05770	0.01281	0.01009	0.00329	0.01036	0.01067	0.00779	0.01342
6	0.01222	0.01012	0.01070	0.01055	0.01373	0.00860	0.00792	0.01515	0.02375	0.02936	0.19066	0.09194	0.49224	0.02434	0.01178	0.00332	0.00498	0.02048	0.00958	0.00860
7	0.72007	0.01928	0.01465	0.01311	0.01928	0.02236	0.01080	0.02930	0.01697	0.04473	0.01388	0.01619	0.01080	0.00925	0.00617	0.00308	0.00771	0.00540	0.00617	0.01080
8	0.03970	0.02503	0.02813	0.02156	0.02947	0.02662	0.01781	0.42063	0.04203	0.20327	0.02800	0.02658	0.01899	0.01207	0.00999	0.00302	0.01031	0.00925	0.01060	0.01696
9	0.02355	0.03238	0.22694	0.03273	0.04328	0.02201	0.28313	0.03196	0.02285	0.08816	0.02433	0.07819	0.01961	0.01109	0.01092	0.00333	0.01435	0.01157	0.00587	0.01377
10	0.25211	0.39677	0.08647	0.01674	0.02503	0.03249	0.01670	0.02982	0.01925	0.03108	0.01421	0.01649	0.01213	0.00885	0.00658	0.00253	0.01005	0.00553	0.00488	0.01231
11	0.01215	0.00868	0.01157	0.01388	0.01446	0.00810	0.00925	0.01388	0.01909	0.02545	0.05495	0.64315	0.06593	0.03123	0.01272	0.00405	0.00578	0.02834	0.00925	0.00810
12	0.03711	0.02090	0.02986	0.03273	0.20951	0.02018	0.02053	0.12297	0.02954	0.32689	0.03018	0.02933	0.02055	0.01115	0.00997	0.00303	0.00997	0.00949	0.00955	0.01658
13	0.04473	0.01697	0.02313	0.01774	0.02545	0.01465	0.01465	0.04858	0.02853	0.59437	0.03933	0.03393	0.02468	0.01234	0.01003	0.00308	0.00848	0.01003	0.01234	0.01697
14	0.03790	0.02792	0.02992	0.02294	0.03091	0.03091	0.01895	0.55423	0.04687	0.06283	0.02393	0.02393	0.01695	0.01197	0.00997	0.00299	0.01097	0.00898	0.00997	0.01695
15	0.02204	0.02248	0.03426	0.02826	0.02959	0.02983	0.09150	0.02504	0.01635	0.02504	0.01402	0.02248	0.01335	0.01626	0.02996	0.00423	0.55051	0.00912	0.00445	0.01124
16	0.03675	0.02735	0.02927	0.02270	0.03048	0.03038	0.01867	0.51031	0.09266	0.06098	0.02539	0.02510	0.01813	0.01210	0.00999	0.00303	0.01070	0.00918	0.00999	0.01685
17	0.01293	0.01014	0.01169	0.01130	0.01417	0.00890	0.00848	0.01652	0.02543	0.03335	0.33772	0.08538	0.34269	0.02285	0.01177	0.00325	0.00488	0.01956	0.01010	0.00890
18	0.02796	0.02110	0.02873	0.07019	0.10573	0.02261	0.06530	0.04538	0.30916	0.14146	0.03403	0.03327	0.02486	0.01199	0.01021	0.00326	0.00969	0.01059	0.00901	0.01546
19	0.02353	0.02689	0.05882	0.04202	0.05210	0.02521	0.55126	0.03193	0.02353	0.03193	0.02017	0.02689	0.01513	0.00840	0.01176	0.00336	0.01681	0.01176	0.00504	0.01345
20	0.01606	0.01300	0.01599	0.07709	0.02183	0.01318	0.01198	0.06355	0.02612	0.03441	0.25531	0.07128	0.27174	0.02039	0.01243	0.00329	0.03618	0.01707	0.00920	0.00990
21	0.01396	0.01018	0.01312	0.01238	0.01480	0.00934	0.00929	0.01852	0.02786	0.03913	0.55084	0.07587	0.12596	0.02070	0.01176	0.00315	0.00473	0.01822	0.01086	0.00934
22	0.02023	0.08034	0.51144	0.08823	0.04479	0.02392	0.03485	0.03086	0.02089	0.03052	0.01766	0.02134	0.01270	0.00947	0.00936	0.00312	0.01437	0.00741	0.00423	0.01426
23	0.01411	0.01019	0.01333	0.01254	0.01489	0.00941	0.00941	0.01881	0.02822	0.03998	0.58221	0.07447	0.09406	0.02038	0.01176	0.00314	0.00470	0.01803	0.01097	0.00941
24	0.01258	0.00998	0.01130	0.01128	0.01403	0.00871	0.00834	0.01573	0.02415	0.03103	0.25319	0.14430	0.37156	0.02427	0.01187	0.00336	0.00501	0.02080	0.00982	0.00871
25	0.02180	0.21574	0.44968	0.02533	0.03837	0.02758	0.03146	0.03110	0.02083	0.02936	0.01679	0.01967	0.01267	0.00922	0.00864	0.00288	0.01363	0.00681	0.00422	0.01421
26	0.02529	0.09077	0.02470	0.01551	0.02415	0.01651	0.01288	0.02948	0.02191	0.12324	0.02081	0.02230	0.01616	0.00832	0.00770	0.00181	0.00794	0.00651	0.00677	0.51724
27	0.02745	0.02446	0.02988	0.09327	0.03366	0.12572	0.08829	0.03257	0.04983	0.11543	0.02236	0.02876	0.01816	0.06790	0.01845	0.00383	0.14853	0.00940	0.00638	0.05567
28	0.03377	0.15178	0.16222	0.02375	0.07740	0.02227	0.02157	0.03944	0.02468	0.30453	0.02762	0.02664	0.01881	0.01063	0.00917	0.00290	0.01063	0.00839	0.00825	0.01553
29	0.02073	0.01966	0.03334	0.44169	0.23777	0.02265	0.02863	0.02714	0.02084	0.02778	0.01806	0.02596	0.01410	0.00961	0.00993	0.00320	0.01282	0.00887	0.00459	0.01261
30	0.02758	0.60237	0.05014	0.01781	0.02604	0.08940	0.01725	0.03072	0.02096	0.02354	0.01400	0.01617	0.01280	0.00868	0.00662	0.00217	0.01130	0.00543	0.00434	0.01268
31	0.21244	0.13052	0.03385	0.14414	0.03753	0.02540	0.10913	0.06610	0.02263	0.10200	0.01945	0.02274	0.01446	0.00968	0.00865	0.00301	0.01122	0.00797	0.00628	0.01280
32	0.02242	0.01898	0.02942	0.36877	0.05044	0.02412	0.02445	0.02733	0.01928	0.08254	0.01839	0.02577	0.01437	0.01265	0.01739	0.00364	0.21428	0.00893	0.00521	0.01162
33	0.01215	0.00868	0.01157	0.01388	0.01446	0.00810	0.00925	0.01388	0.01909	0.02545	0.05495	0.64315	0.06593	0.03123	0.01272	0.00405	0.00578	0.02834	0.00925	0.00810
34	0.02307	0.01894	0.06489	0.02151	0.02544	0.01852	0.06194	0.02833	0.05684	0.13481	0.03508	0.23730	0.03458	0.01958	0.01668	0.00378	0.16285	0.01599	0.00797	0.01191
35	0.02288	0.09004	0.17443	0.22700	0.10527	0.02429	0.11880	0.03044	0.02167	0.06396	0.01926	0.02454	0.01436	0.00948	0.00980	0.00312	0.01354	0.00873	0.00501	0.01338
36	0.01252	0.00896	0.01190	0.01363	0.01454	0.00834	0.00928	0.01481	0.02081	0.02820	0.15472	0.53553	0.07126	0.02918	0.01254	0.00388	0.00558	0.02639	0.00958	0.00834
37	0.01276	0.00912	0.01225	0.01440	0.01530	0.00861	0.01016	0.01502	0.02006	0.02677	0.08159	0.54425	0.06624	0.03019	0.01281	0.00407	0.00618	0.09258	0.00933	0.00831
38	0.02477	0.09048	0.04925	0.08473	0.18581	0.06730	0.28948	0.03148	0.02306	0.03025	0.01866	0.02457	0.01477	0.00878	0.01041	0.00308	0.01475	0.00979	0.00490	0.01368
39	0.02329	0.02499	0.05063	0.11405	0.19610	0.02445	0.35301	0.03084	0.02290	0.03136	0.01951	0.02627	0.01509	0.00871	0.01106	0.00325	0.01509	0.01067	0.00494	0.01380
40	0.01631	0.01373	0.02000	0.01880	0.02009	0.01741	0.01502	0.01950	0.01581	0.02337	0.02297	0.03441	0.02168	0.05906	0.45196	0.01283	0.19236	0.01014	0.00507	0.00945
41	0.02140	0.01708	0.02345	0.02101	0.02209	0.02169	0.01684	0.02380	0.01797	0.08294	0.02790	0.18549	0.02881	0.02013	0.02352	0.00402	0.36439	0.01399	0.05277	0.01068
42	0.40555	0.02211	0.02230	0.02116	0.08057	0.02450	0.01544	0.18470	0.02707	0.08464	0.01898	0.02048	0.01401	0.01021	0.00791	0.00304	0.00914	0.00710	0.00756	0.01351
43	0.12208	0.02545	0.02808	0.02387	0.06782	0.02771	0.01832	0.40159	0.03963	0.11217	0.02388	0.02404	0.01689	0.01145	0.00950	0.00301	0.01038	0.00863	0.00939	0.01611

[dist]
# distance from previous block
# <min> <max>
0	14

[block]
# block no. 4 follows, 15 sequences, length 14
# corresponding to MSA columns:
# 519-532
name=unknown_E
#
# <colnr> <probs for GDERKNQSTAVLIFYWHMCP>
#	G	D	E	R	K	N	Q	S	T	A	V	L	I	F	Y	W	H	M	C	P
0	0.01878	0.07453	0.07320	0.32610	0.04656	0.02007	0.02175	0.02465	0.02112	0.02814	0.07238	0.03514	0.07598	0.01179	0.00957	0.00293	0.01082	0.00996	0.00562	0.11091
1	0.02209	0.01867	0.02523	0.03106	0.21102	0.01946	0.01840	0.06488	0.16756	0.03783	0.12167	0.04371	0.08834	0.01392	0.01018	0.00308	0.00836	0.01216	0.06881	0.01358
2	0.03079	0.03387	0.02543	0.02112	0.02800	0.31828	0.01630	0.08444	0.02709	0.03135	0.01715	0.01962	0.01400	0.00930	0.00845	0.00218	0.01312	0.00647	0.00591	0.28712
3	0.01883	0.01772	0.02990	0.62569	0.06866	0.02215	0.02769	0.02547	0.01993	0.02547	0.01772	0.02658	0.01329	0.00997	0.00997	0.00332	0.01329	0.00886	0.00443	0.01107
4	0.01884	0.01464	0.01615	0.01496	0.01877	0.01556	0.01145	0.03287	0.24766	0.03877	0.22744	0.05647	0.11530	0.01691	0.01043	0.00315	0.00604	0.01439	0.10834	0.01188
5	0.01195	0.00946	0.01076	0.01181	0.01391	0.00827	0.00833	0.01411	0.02108	0.02626	0.08021	0.34283	0.34994	0.02795	0.01221	0.00367	0.00538	0.02433	0.00926	0.00827
6	0.01264	0.01013	0.01129	0.01100	0.01399	0.00878	0.00825	0.01597	0.02476	0.03176	0.27906	0.08799	0.40234	0.02345	0.01177	0.00328	0.00492	0.01993	0.00989	0.00878
7	0.01450	0.00966	0.01087	0.01087	0.01087	0.00966	0.00604	0.01450	0.01450	0.01933	0.03141	0.06524	0.03624	0.64965	0.05074	0.00966	0.00966	0.01450	0.00604	0.00604
8	0.13952	0.01324	0.01576	0.01381	0.01801	0.01276	0.01082	0.02729	0.02640	0.16584	0.36434	0.05554	0.06443	0.01670	0.01043	0.00312	0.00606	0.01410	0.01048	0.01134
9	0.01215	0.00868	0.01157	0.01388	0.01446	0.00810	0.00925	0.01388	0.01909	0.02545	0.05495	0.64315	0.06593	0.03123	0.01272	0.00405	0.00578	0.02834	0.00925	0.00810
10	0.01424	0.01068	0.01602	0.01602	0.01780	0.01246	0.01246	0.01780	0.01602	0.02314	0.02670	0.03916	0.02492	0.07477	0.61015	0.01602	0.02670	0.01068	0.00534	0.00890
11	0.02467	0.02369	0.04046	0.06119	0.58747	0.02369	0.03059	0.03059	0.02270	0.03257	0.01875	0.02467	0.01579	0.00888	0.00987	0.00296	0.01184	0.00888	0.00493	0.01579
12	0.02467	0.02369	0.04046	0.06119	0.58747	0.02369	0.03059	0.03059	0.02270	0.03257	0.01875	0.02467	0.01579	0.00888	0.00987	0.00296	0.01184	0.00888	0.00493	0.01579
13	0.01999	0.05157	0.59800	0.02841	0.04315	0.02315	0.03683	0.03157	0.02105	0.03157	0.01789	0.02105	0.01263	0.00947	0.00947	0.00316	0.01473	0.00737	0.00421	0.01473

[dist]
# distance from previous block
# <min> <max>
1	10

[block]
# block no. 5 follows, 15 sequences, length 84
# corresponding to MSA columns:
# 543-626
name=unknown_F
#
# <colnr> <probs for GDERKNQSTAVLIFYWHMCP>
#	G	D	E	R	K	N	Q	S	T	A	V	L	I	F	Y	W	H	M	C	P
0	0.02390	0.02277	0.03920	0.21745	0.31714	0.02405	0.10314	0.07160	0.02398	0.03288	0.01908	0.02548	0.01507	0.00937	0.01018	0.00312	0.01290	0.00929	0.00521	0.01420
1	0.47673	0.02980	0.09752	0.01792	0.02504	0.14926	0.01619	0.03188	0.01996	0.03854	0.01476	0.01724	0.01149	0.00950	0.00723	0.00298	0.01089	0.00589	0.00568	0.01150
2	0.01732	0.00866	0.01299	0.01299	0.01299	0.00866	0.00866	0.01299	0.01299	0.01732	0.01732	0.03030	0.01732	0.03463	0.03896	0.70996	0.00866	0.00866	0.00433	0.00433
3	0.08358	0.02434	0.03394	0.04105	0.30534	0.06716	0.05855	0.06738	0.02452	0.07735	0.01996	0.02372	0.01573	0.00925	0.00931	0.00278	0.01139	0.00829	0.00609	0.11027
4	0.03822	0.01617	0.02094	0.01654	0.02310	0.01469	0.01349	0.07974	0.02879	0.43502	0.07903	0.03677	0.02957	0.01283	0.00973	0.00298	0.00784	0.01046	0.10877	0.01531
