[name]
unknown

[dist]
# distance from previous block
# <min> <max>
0	129

[block]
# block no. 0 follows, 14 sequences, length 50
# corresponding to MSA columns:
# 695-741,748-750
name=unknown_A
#
# <colnr> <probs for GDERKNQSTAVLIFYWHMCP>
#	G	D	E	R	K	N	Q	S	T	A	V	L	I	F	Y	W	H	M	C	P
0	0.01307	0.00933	0.01255	0.01493	0.01577	0.00882	0.01050	0.01526	0.02020	0.02683	0.05625	0.56048	0.06664	0.03162	0.01325	0.00425	0.00644	0.09578	0.00952	0.00849
1	0.01938	0.01824	0.03078	0.61468	0.07068	0.02280	0.02850	0.02622	0.02052	0.02622	0.01824	0.02736	0.01368	0.01026	0.01026	0.00342	0.01368	0.00912	0.00456	0.01140
2	0.01452	0.01049	0.01372	0.01291	0.01533	0.00968	0.00968	0.01937	0.02905	0.04115	0.56992	0.07666	0.09683	0.02098	0.01210	0.00323	0.00484	0.01856	0.01130	0.00968
3	0.04604	0.01746	0.02382	0.01826	0.02620	0.01508	0.01508	0.05001	0.02937	0.58244	0.04049	0.03493	0.02540	0.01270	0.01032	0.00318	0.00873	0.01032	0.01270	0.01746
4	0.03050	0.02451	0.02600	0.02189	0.02858	0.02785	0.01745	0.23394	0.36929	0.05095	0.03545	0.03325	0.02621	0.01333	0.01038	0.00333	0.00929	0.01073	0.01038	0.01669
5	0.02058	0.05308	0.58618	0.02925	0.04442	0.02383	0.03792	0.03250	0.02167	0.03250	0.01842	0.02167	0.01300	0.00975	0.00975	0.00325	0.01517	0.00758	0.00433	0.01517
6	0.03464	0.02340	0.06207	0.02130	0.02845	0.02289	0.01817	0.12198	0.20959	0.24528	0.03513	0.03275	0.02454	0.01325	0.01202	0.00337	0.05397	0.01032	0.01042	0.01644
7	0.01831	0.01502	0.01704	0.01546	0.01919	0.01576	0.01201	0.06392	0.13459	0.03741	0.22050	0.06876	0.23614	0.02043	0.01320	0.00344	0.05069	0.01684	0.00994	0.01135
8	0.02128	0.01824	0.02128	0.01520	0.02432	0.01368	0.01216	0.02584	0.02128	0.03344	0.01824	0.02128	0.01520	0.00760	0.00760	0.00152	0.00760	0.00608	0.00608	0.70208
9	0.01769	0.01475	0.01949	0.01782	0.01808	0.01836	0.01321	0.01905	0.01545	0.02225	0.02462	0.04664	0.02675	0.32676	0.12448	0.00887	0.23962	0.01214	0.00547	0.00851
10	0.04439	0.02012	0.02546	0.01952	0.02752	0.01902	0.01612	0.16557	0.03381	0.46061	0.03676	0.03251	0.02353	0.01261	0.01031	0.00315	0.00933	0.01007	0.01213	0.01746
11	0.02511	0.04558	0.41897	0.02898	0.04219	0.02584	0.07071	0.15000	0.02800	0.03996	0.02003	0.02280	0.01422	0.01026	0.01004	0.00323	0.01443	0.00830	0.00577	0.01560
12	0.02553	0.02204	0.02320	0.02088	0.02669	0.02553	0.01624	0.05453	0.55679	0.04293	0.04177	0.03829	0.03133	0.01392	0.01044	0.00348	0.00812	0.01160	0.01044	0.01624
13	0.04030	0.01875	0.02364	0.01899	0.02633	0.01801	0.01541	0.05128	0.17700	0.43143	0.04084	0.03587	0.02706	0.01304	0.01035	0.00326	0.00856	0.01068	0.01207	0.01712
14	0.02553	0.02204	0.02320	0.02088	0.02669	0.02553	0.01624	0.05453	0.55679	0.04293	0.04177	0.03829	0.03133	0.01392	0.01044	0.00348	0.00812	0.01160	0.01044	0.01624
15	0.01373	0.01014	0.01283	0.01283	0.01501	0.00924	0.00936	0.01758	0.02618	0.03592	0.38946	0.19933	0.16215	0.02413	0.01232	0.00347	0.00513	0.02130	0.01065	0.00924
16	0.71184	0.01985	0.01508	0.01350	0.01985	0.02302	0.01111	0.03017	0.01746	0.04604	0.01429	0.01667	0.01111	0.00953	0.00635	0.00318	0.00794	0.00556	0.00635	0.01111
17	0.01401	0.01047	0.01300	0.01237	0.01502	0.00946	0.00928	0.01837	0.02783	0.03827	0.46990	0.08140	0.19865	0.02206	0.01211	0.00328	0.00492	0.01922	0.01092	0.00946
18	0.01758	0.00907	0.01361	0.01361	0.01375	0.00921	0.00921	0.01375	0.01361	0.01829	0.01857	0.03190	0.01843	0.03884	0.08323	0.64854	0.01035	0.00907	0.00454	0.00482
19	0.01213	0.01040	0.01040	0.01040	0.01386	0.00866	0.00780	0.01473	0.02339	0.02772	0.10396	0.09876	0.57117	0.02599	0.01213	0.00347	0.00520	0.02166	0.00953	0.00866
20	0.03049	0.47853	0.04686	0.02004	0.02785	0.19666	0.01819	0.03360	0.02316	0.02442	0.01471	0.01703	0.01318	0.00928	0.00733	0.00232	0.01308	0.00580	0.00464	0.01281
21	0.04407	0.02062	0.02577	0.01976	0.02777	0.01977	0.01632	0.18747	0.03466	0.43752	0.03605	0.03205	0.02318	0.01259	0.01030	0.00315	0.00945	0.01002	0.01202	0.01746
22	0.71184	0.01985	0.01508	0.01350	0.01985	0.02302	0.01111	0.03017	0.01746	0.04604	0.01429	0.01667	0.01111	0.00953	0.00635	0.00318	0.00794	0.00556	0.00635	0.01111
23	0.03901	0.02874	0.03080	0.02361	0.03182	0.03182	0.01951	0.54111	0.04825	0.06468	0.02464	0.02464	0.01745	0.01232	0.01027	0.00308	0.01129	0.00924	0.01027	0.01745
24	0.01938	0.01824	0.03078	0.61468	0.07068	0.02280	0.02850	0.02622	0.02052	0.02622	0.01824	0.02736	0.01368	0.01026	0.01026	0.00342	0.01368	0.00912	0.00456	0.01140
25	0.01475	0.01062	0.01460	0.01460	0.01578	0.01180	0.01047	0.01711	0.01593	0.02242	0.02922	0.04990	0.02982	0.27780	0.40354	0.01416	0.02122	0.01240	0.00575	0.00811
26	0.02058	0.05308	0.58618	0.02925	0.04442	0.02383	0.03792	0.03250	0.02167	0.03250	0.01842	0.02167	0.01300	0.00975	0.00975	0.00325	0.01517	0.00758	0.00433	0.01517
27	0.02852	0.11031	0.02870	0.02138	0.02770	0.10411	0.01715	0.08686	0.37530	0.03969	0.03330	0.03167	0.02540	0.01266	0.00975	0.00317	0.01013	0.00993	0.00893	0.01534
28	0.03302	0.34411	0.08165	0.02213	0.06974	0.02958	0.01928	0.03738	0.02396	0.21260	0.02374	0.02372	0.01749	0.01019	0.00834	0.00267	0.01062	0.00754	0.00722	0.01499
29	0.03939	0.02378	0.11015	0.02178	0.03081	0.01783	0.05418	0.04654	0.06317	0.42688	0.03594	0.03268	0.02328	0.01207	0.01036	0.00323	0.01023	0.01012	0.01079	0.01679
30	0.03479	0.03649	0.02778	0.02418	0.03029	0.30187	0.01872	0.16041	0.18600	0.03940	0.02538	0.02564	0.01943	0.01195	0.00983	0.00299	0.01384	0.00866	0.00793	0.01444
31	0.03833	0.04891	0.02908	0.02644	0.03173	0.59815	0.01983	0.04098	0.02908	0.02512	0.01586	0.01851	0.01322	0.01058	0.00925	0.00264	0.01851	0.00661	0.00529	0.01190
32	0.71184	0.01985	0.01508	0.01350	0.01985	0.02302	0.01111	0.03017	0.01746	0.04604	0.01429	0.01667	0.01111	0.00953	0.00635	0.00318	0.00794	0.00556	0.00635	0.01111
33	0.02667	0.01870	0.02129	0.01849	0.02387	0.02007	0.01451	0.08566	0.28664	0.12501	0.18794	0.04736	0.04759	0.01558	0.01087	0.00333	0.00757	0.01316	0.01100	0.01469
34	0.04604	0.01746	0.02382	0.01826	0.02620	0.01508	0.01508	0.05001	0.02937	0.58244	0.04049	0.03493	0.02540	0.01270	0.01032	0.00318	0.00873	0.01032	0.01270	0.01746
35	0.02245	0.02245	0.03143	0.02694	0.02694	0.03143	0.02245	0.02470	0.01572	0.02470	0.01347	0.02245	0.01347	0.01796	0.03368	0.00449	0.62057	0.00898	0.00449	0.01123
36	0.01492	0.00995	0.01119	0.01119	0.01119	0.00995	0.00622	0.01492	0.01492	0.01990	0.03233	0.06716	0.03731	0.63935	0.05223	0.00995	0.00995	0.01492	0.00622	0.00622
37	0.01250	0.00893	0.01191	0.01429	0.01488	0.00834	0.00953	0.01429	0.01965	0.02620	0.05656	0.63265	0.06787	0.03215	0.01310	0.00417	0.00595	0.02917	0.00953	0.00834
38	0.02058	0.05308	0.58618	0.02925	0.04442	0.02383	0.03792	0.03250	0.02167	0.03250	0.01842	0.02167	0.01300	0.00975	0.00975	0.00325	0.01517	0.00758	0.00433	0.01517
39	0.02245	0.02245	0.03143	0.02694	0.02694	0.03143	0.02245	0.02470	0.01572	0.02470	0.01347	0.02245	0.01347	0.01796	0.03368	0.00449	0.62057	0.00898	0.00449	0.01123
40	0.01530	0.01142	0.01482	0.01652	0.01919	0.01093	0.01409	0.01943	0.02356	0.02987	0.06822	0.11100	0.20240	0.02769	0.01360	0.00437	0.00826	0.37062	0.00947	0.00923
41	0.03665	0.01508	0.02048	0.01715	0.02303	0.01319	0.01353	0.04001	0.02665	0.42675	0.04499	0.20223	0.03729	0.01815	0.01110	0.00345	0.00795	0.01560	0.01181	0.01491
42	0.01492	0.00995	0.01119	0.01119	0.01119	0.00995	0.00622	0.01492	0.01492	0.01990	0.03233	0.06716	0.03731	0.63935	0.05223	0.00995	0.00995	0.01492	0.00622	0.00622
43	0.02540	0.02438	0.04165	0.06299	0.57533	0.02438	0.03149	0.03149	0.02337	0.03353	0.01930	0.02540	0.01626	0.00914	0.01016	0.00305	0.01219	0.00914	0.00508	0.01626
44	0.71184	0.01985	0.01508	0.01350	0.01985	0.02302	0.01111	0.03017	0.01746	0.04604	0.01429	0.01667	0.01111	0.00953	0.00635	0.00318	0.00794	0.00556	0.00635	0.01111
45	0.02553	0.02204	0.02320	0.02088	0.02669	0.02553	0.01624	0.05453	0.55679	0.04293	0.04177	0.03829	0.03133	0.01392	0.01044	0.00348	0.00812	0.01160	0.01044	0.01624
46	0.03094	0.02281	0.03403	0.04364	0.32845	0.02306	0.02461	0.07611	0.11106	0.15776	0.02790	0.02948	0.02074	0.01091	0.01025	0.00315	0.01072	0.00980	0.00798	0.01661
47	0.02967	0.02510	0.03225	0.03877	0.25869	0.06587	0.02299	0.14304	0.10574	0.07821	0.07192	0.03160	0.02594	0.01185	0.01033	0.00311	0.01102	0.01021	0.00799	0.01571
48	0.07865	0.01838	0.02944	0.56323	0.06633	0.02282	0.02701	0.02656	0.02026	0.02792	0.01790	0.02644	0.01346	0.01020	0.00993	0.00340	0.01319	0.00881	0.00471	0.01138
49	0.08167	0.02265	0.02388	0.02044	0.02647	0.02569	0.01614	0.18675	0.32480	0.04717	0.03275	0.03215	0.02469	0.01499	0.01262	0.06308	0.00907	0.01024	0.00956	0.01518

[dist]
# distance from previous block
# <min> <max>
0	1

[block]
# block no. 1 follows, 14 sequences, length 150
# corresponding to MSA columns:
# 752-901
name=unknown_B
#
# <colnr> <probs for GDERKNQSTAVLIFYWHMCP>
#	G	D	E	R	K	N	Q	S	T	A	V	L	I	F	Y	W	H	M	C	P
0	0.03045	0.02190	0.03671	0.17064	0.18346	0.02219	0.11137	0.06893	0.02615	0.18640	0.02555	0.02883	0.01817	0.01051	0.01056	0.00324	0.01238	0.00997	0.00744	0.01515
1	0.21117	0.15744	0.19168	0.02307	0.03229	0.02845	0.06241	0.06752	0.02193	0.03611	0.01663	0.02001	0.01309	0.01035	0.01062	0.00313	0.06814	0.00721	0.00540	0.01336
2	0.01495	0.01076	0.01365	0.01515	0.01645	0.01050	0.01045	0.06293	0.02229	0.02975	0.05361	0.57652	0.06322	0.03032	0.01284	0.00407	0.00645	0.02733	0.00959	0.00918
3	0.02293	0.04979	0.53426	0.02823	0.04273	0.02302	0.03581	0.03412	0.02238	0.08327	0.02045	0.02289	0.01414	0.01002	0.00980	0.00324	0.01457	0.00784	0.00511	0.01538
4	0.01651	0.02314	0.17190	0.01947	0.02583	0.01450	0.05531	0.02312	0.02546	0.03592	0.30185	0.10828	0.10052	0.01839	0.01155	0.00335	0.00866	0.01627	0.00868	0.01128
5	0.02103	0.05043	0.53591	0.03236	0.09343	0.02388	0.03732	0.03241	0.02182	0.03259	0.01850	0.02201	0.01330	0.00969	0.00979	0.00323	0.01489	0.00773	0.00440	0.01527
6	0.01332	0.01056	0.01205	0.01200	0.01503	0.00929	0.00922	0.01685	0.02526	0.03239	0.25185	0.09310	0.36868	0.02457	0.01231	0.00350	0.00547	0.06538	0.01010	0.00907
7	0.02047	0.04987	0.53490	0.08330	0.04684	0.02374	0.03705	0.03192	0.02156	0.03192	0.01840	0.02219	0.01306	0.00980	0.00980	0.00327	0.01503	0.00773	0.00435	0.01482
8	0.03542	0.14146	0.03247	0.02451	0.03040	0.45647	0.01914	0.04060	0.07649	0.02661	0.01800	0.02001	0.01488	0.01060	0.00894	0.00265	0.01635	0.00689	0.00562	0.01250
9	0.01605	0.01111	0.01555	0.01770	0.01957	0.01102	0.01478	0.01948	0.02208	0.02884	0.05130	0.18565	0.05658	0.02959	0.01641	0.06896	0.00887	0.38863	0.00900	0.00882
10	0.71184	0.01985	0.01508	0.01350	0.01985	0.02302	0.01111	0.03017	0.01746	0.04604	0.01429	0.01667	0.01111	0.00953	0.00635	0.00318	0.00794	0.00556	0.00635	0.01111
11	0.61956	0.01952	0.01629	0.01416	0.02073	0.02192	0.01166	0.03292	0.01911	0.12038	0.01792	0.01920	0.01309	0.00997	0.00690	0.00318	0.00805	0.00622	0.00723	0.01199
12	0.02291	0.02380	0.03897	0.03116	0.03385	0.03001	0.15586	0.02681	0.01792	0.02681	0.01536	0.02380	0.01401	0.01555	0.02810	0.00422	0.46448	0.00979	0.00467	0.01190
13	0.01250	0.00893	0.01191	0.01429	0.01488	0.00834	0.00953	0.01429	0.01965	0.02620	0.05656	0.63265	0.06787	0.03215	0.01310	0.00417	0.00595	0.02917	0.00953	0.00834
14	0.03833	0.04891	0.02908	0.02644	0.03173	0.59815	0.01983	0.04098	0.02908	0.02512	0.01586	0.01851	0.01322	0.01058	0.00925	0.00264	0.01851	0.00661	0.00529	0.01190
15	0.04604	0.01746	0.02382	0.01826	0.02620	0.01508	0.01508	0.05001	0.02937	0.58244	0.04049	0.03493	0.02540	0.01270	0.01032	0.00318	0.00873	0.01032	0.01270	0.01746
16	0.01691	0.01263	0.01781	0.01715	0.01957	0.01458	0.01344	0.06659	0.01942	0.02759	0.02722	0.03887	0.02490	0.07100	0.54436	0.01525	0.02599	0.01083	0.00594	0.00993
17	0.02513	0.02169	0.02303	0.02036	0.02647	0.02443	0.01587	0.05188	0.50735	0.04205	0.03960	0.03672	0.02984	0.01334	0.01018	0.00330	0.00807	0.01109	0.01004	0.07956
18	0.21310	0.02644	0.02673	0.02099	0.02872	0.02955	0.01733	0.40891	0.04028	0.05985	0.02196	0.02258	0.01581	0.01160	0.00925	0.00310	0.01042	0.00829	0.00925	0.01581
19	0.08331	0.01839	0.02933	0.55918	0.06599	0.02282	0.02689	0.02658	0.02024	0.02805	0.01788	0.02637	0.01344	0.01019	0.00990	0.00340	0.01315	0.00879	0.00473	0.01137
20	0.02058	0.05308	0.58618	0.02925	0.04442	0.02383	0.03792	0.03250	0.02167	0.03250	0.01842	0.02167	0.01300	0.00975	0.00975	0.00325	0.01517	0.00758	0.00433	0.01517
21	0.02329	0.02635	0.05668	0.04071	0.05056	0.02462	0.49710	0.03147	0.02416	0.03247	0.02719	0.03317	0.05849	0.00999	0.01211	0.00346	0.01637	0.01285	0.00553	0.01344
22	0.02553	0.02204	0.02320	0.02088	0.02669	0.02553	0.01624	0.05453	0.55679	0.04293	0.04177	0.03829	0.03133	0.01392	0.01044	0.00348	0.00812	0.01160	0.01044	0.01624
23	0.02353	0.01450	0.01541	0.01416	0.01818	0.01550	0.01093	0.03656	0.20592	0.08441	0.03690	0.03800	0.02795	0.01269	0.00855	0.00283	0.00625	0.01033	0.40491	0.01250
24	0.01466	0.01100	0.01649	0.01649	0.01833	0.01283	0.01283	0.01833	0.01649	0.02382	0.02749	0.04032	0.02566	0.07697	0.59868	0.01649	0.02749	0.01100	0.00550	0.00916
25	0.01466	0.01100	0.01649	0.01649	0.01833	0.01283	0.01283	0.01833	0.01649	0.02382	0.02749	0.04032	0.02566	0.07697	0.59868	0.01649	0.02749	0.01100	0.00550	0.00916
26	0.04604	0.01746	0.02382	0.01826	0.02620	0.01508	0.01508	0.05001	0.02937	0.58244	0.04049	0.03493	0.02540	0.01270	0.01032	0.00318	0.00873	0.01032	0.01270	0.01746
27	0.02540	0.02438	0.04165	0.06299	0.57533	0.02438	0.03149	0.03149	0.02337	0.03353	0.01930	0.02540	0.01626	0.00914	0.01016	0.00305	0.01219	0.00914	0.00508	0.01626
28	0.01452	0.01049	0.01372	0.01291	0.01533	0.00968	0.00968	0.01937	0.02905	0.04115	0.56992	0.07666	0.09683	0.02098	0.01210	0.00323	0.00484	0.01856	0.01130	0.00968
29	0.01507	0.01072	0.01327	0.01387	0.01527	0.01015	0.00961	0.01687	0.01846	0.02491	0.04221	0.23620	0.04828	0.29492	0.02994	0.00657	0.00849	0.10936	0.00776	0.06806
30	0.16327	0.02709	0.11793	0.03984	0.26089	0.02278	0.06747	0.03424	0.02290	0.11717	0.02144	0.02471	0.01605	0.00980	0.00953	0.00316	0.01171	0.00862	0.00636	0.01506
31	0.07860	0.07815	0.04066	0.05521	0.48459	0.02569	0.02871	0.03133	0.02269	0.03368	0.01848	0.02395	0.01559	0.00914	0.00955	0.00298	0.01176	0.00855	0.00512	0.01559
32	0.02726	0.59141	0.05272	0.02152	0.07417	0.03919	0.01877	0.03080	0.02107	0.02496	0.01471	0.01724	0.01344	0.00881	0.00690	0.00227	0.01108	0.00581	0.00445	0.01344
33	0.01420	0.01037	0.01334	0.01283	0.01519	0.00951	0.00954	0.01866	0.02795	0.03909	0.49862	0.11905	0.12893	0.02216	0.01218	0.00331	0.00495	0.01956	0.01104	0.00951
34	0.35275	0.01964	0.02138	0.01666	0.02447	0.01914	0.05046	0.03012	0.02024	0.07791	0.01810	0.02051	0.01399	0.00895	0.00753	0.00257	0.00855	0.00657	0.00661	0.27385
35	0.02867	0.02525	0.03909	0.04980	0.37485	0.06318	0.06920	0.03412	0.02396	0.10488	0.02149	0.02612	0.01696	0.01044	0.01233	0.00320	0.06559	0.00935	0.00606	0.01548
36	0.09490	0.01764	0.02317	0.01791	0.02573	0.01567	0.01479	0.04856	0.02850	0.54308	0.03856	0.03359	0.02435	0.01247	0.01003	0.00318	0.00867	0.00997	0.01224	0.01700
37	0.01422	0.01025	0.01344	0.01312	0.01526	0.00948	0.00966	0.01860	0.02762	0.03888	0.49202	0.16102	0.09244	0.02267	0.01225	0.00337	0.00501	0.02017	0.01103	0.00948
38	0.02815	0.33272	0.21656	0.02241	0.03271	0.10248	0.02407	0.03414	0.02283	0.07260	0.01792	0.01987	0.01412	0.00963	0.00822	0.00266	0.01305	0.00668	0.00516	0.01399
39	0.01233	0.01027	0.01076	0.01091	0.01405	0.00871	0.00808	0.01501	0.02346	0.02853	0.13250	0.14373	0.49406	0.02618	0.01221	0.00351	0.00524	0.02210	0.00965	0.00871
40	0.01250	0.00893	0.01191	0.01429	0.01488	0.00834	0.00953	0.01429	0.01965	0.02620	0.05656	0.63265	0.06787	0.03215	0.01310	0.00417	0.00595	0.02917	0.00953	0.00834
41	0.09886	0.02600	0.02821	0.02180	0.02980	0.02814	0.01800	0.41106	0.04228	0.15323	0.02650	0.02574	0.01828	0.01214	0.00993	0.00310	0.01055	0.00911	0.01035	0.01690
42	0.02744	0.64552	0.05378	0.01756	0.02634	0.04061	0.01756	0.03073	0.02085	0.02414	0.01427	0.01646	0.01317	0.00878	0.00658	0.00219	0.01097	0.00549	0.00439	0.01317
43	0.01213	0.01040	0.01040	0.01040	0.01386	0.00866	0.00780	0.01473	0.02339	0.02772	0.10396	0.09876	0.57117	0.02599	0.01213	0.00347	0.00520	0.02166	0.00953	0.00866
44	0.01250	0.00893	0.01191	0.01429	0.01488	0.00834	0.00953	0.01429	0.01965	0.02620	0.05656	0.63265	0.06787	0.03215	0.01310	0.00417	0.00595	0.02917	0.00953	0.00834
45	0.02119	0.02283	0.04797	0.03576	0.04361	0.02139	0.40131	0.02806	0.02304	0.03114	0.03002	0.18421	0.02910	0.01473	0.01237	0.00364	0.01437	0.01653	0.00631	0.01242
46	0.03532	0.04402	0.02935	0.12014	0.03793	0.50650	0.02121	0.03863	0.02772	0.02529	0.01624	0.01992	0.01329	0.01052	0.00941	0.00277	0.01774	0.00701	0.00517	0.01182
47	0.03901	0.02874	0.03080	0.02361	0.03182	0.03182	0.01951	0.54111	0.04825	0.06468	0.02464	0.02464	0.01745	0.01232	0.01027	0.00308	0.01129	0.00924	0.01027	0.01745
48	0.03603	0.08041	0.02984	0.02550	0.07326	0.25900	0.01871	0.10869	0.03069	0.14669	0.07055	0.02819	0.02383	0.01190	0.00973	0.00286	0.01322	0.00890	0.00793	0.01407
49	0.01250	0.00893	0.01191	0.01429	0.01488	0.00834	0.00953	0.01429	0.01965	0.02620	0.05656	0.63265	0.06787	0.03215	0.01310	0.00417	0.00595	0.02917	0.00953	0.00834
50	0.02452	0.39365	0.28012	0.02253	0.03402	0.03347	0.02621	0.03148	0.02120	0.02770	0.01603	0.01867	0.01310	0.00919	0.00793	0.00264	0.01276	0.00638	0.00437	0.01402
51	0.02735	0.03826	0.29542	0.03028	0.07582	0.05931	0.10060	0.03582	0.02403	0.13414	0.02272	0.02499	0.01605	0.01000	0.01003	0.00309	0.01376	0.00866	0.00624	0.06344
52	0.08537	0.02008	0.03142	0.36487	0.08628	0.02272	0.06411	0.06525	0.02377	0.10678	0.02160	0.02718	0.01560	0.01047	0.01006	0.00332	0.01254	0.00921	0.00628	0.01308
53	0.03988	0.01951	0.02974	0.02277	0.02994	0.01879	0.08542	0.04423	0.02680	0.43231	0.03413	0.03224	0.02245	0.01289	0.01379	0.00340	0.09466	0.01037	0.01057	0.01612
54	0.01251	0.01041	0.01092	0.01079	0.01409	0.00882	0.00809	0.01546	0.02428	0.02983	0.17723	0.09529	0.49658	0.02520	0.01212	0.00343	0.00514	0.02117	0.00981	0.00882
55	0.02746	0.15657	0.35158	0.02502	0.03705	0.06761	0.02896	0.03575	0.02336	0.12334	0.02119	0.02271	0.01514	0.01013	0.00922	0.00300	0.01355	0.00759	0.00583	0.01494
56	0.02057	0.01945	0.03293	0.50567	0.17040	0.02311	0.02909	0.02726	0.02108	0.02766	0.01845	0.02697	0.01419	0.01004	0.01024	0.00335	0.01339	0.00912	0.00466	0.01236
57	0.02058	0.05308	0.58618	0.02925	0.04442	0.02383	0.03792	0.03250	0.02167	0.03250	0.01842	0.02167	0.01300	0.00975	0.00975	0.00325	0.01517	0.00758	0.00433	0.01517
58	0.01938	0.01824	0.03078	0.61468	0.07068	0.02280	0.02850	0.02622	0.02052	0.02622	0.01824	0.02736	0.01368	0.01026	0.01026	0.00342	0.01368	0.00912	0.00456	0.01140
59	0.26322	0.38465	0.03858	0.01685	0.02453	0.07764	0.01552	0.03133	0.02032	0.03174	0.01440	0.01669	0.01247	0.00917	0.00671	0.00257	0.01051	0.00560	0.00513	0.01237
60	0.01452	0.01049	0.01372	0.01291	0.01533	0.00968	0.00968	0.01937	0.02905	0.04115	0.56992	0.07666	0.09683	0.02098	0.01210	0.00323	0.00484	0.01856	0.01130	0.00968
61	0.01213	0.01040	0.01040	0.01040	0.01386	0.00866	0.00780	0.01473	0.02339	0.02772	0.10396	0.09876	0.57117	0.02599	0.01213	0.00347	0.00520	0.02166	0.00953	0.00866
62	0.01250	0.00893	0.01191	0.01429	0.01488	0.00834	0.00953	0.01429	0.01965	0.02620	0.05656	0.63265	0.06787	0.03215	0.01310	0.00417	0.00595	0.02917	0.00953	0.00834
63	0.01938	0.01824	0.03078	0.61468	0.07068	0.02280	0.02850	0.02622	0.02052	0.02622	0.01824	0.02736	0.01368	0.01026	0.01026	0.00342	0.01368	0.00912	0.00456	0.01140
64	0.02058	0.05308	0.58618	0.02925	0.04442	0.02383	0.03792	0.03250	0.02167	0.03250	0.01842	0.02167	0.01300	0.00975	0.00975	0.00325	0.01517	0.00758	0.00433	0.01517
65	0.01879	0.01433	0.02117	0.02123	0.02467	0.01441	0.05944	0.05973	0.02545	0.03334	0.04944	0.10197	0.05250	0.02558	0.01372	0.00450	0.01023	0.42995	0.00916	0.01039
66	0.02203	0.04297	0.37700	0.03482	0.04808	0.02468	0.23696	0.03265	0.02268	0.03265	0.01935	0.02406	0.01402	0.00931	0.01069	0.00333	0.01602	0.00938	0.00467	0.01464
67	0.02058	0.05308	0.58618	0.02925	0.04442	0.02383	0.03792	0.03250	0.02167	0.03250	0.01842	0.02167	0.01300	0.00975	0.00975	0.00325	0.01517	0.00758	0.00433	0.01517
68	0.01433	0.01048	0.01345	0.01270	0.01521	0.00960	0.00953	0.01899	0.02859	0.04005	0.53178	0.07847	0.13566	0.02139	0.01211	0.00325	0.00487	0.01881	0.01115	0.00960
69	0.02518	0.05200	0.44203	0.02852	0.04113	0.17243	0.03324	0.03469	0.02358	0.03059	0.01776	0.02085	0.01306	0.00996	0.00962	0.00309	0.01603	0.00733	0.00458	0.01432
70	0.29858	0.02258	0.03108	0.04329	0.35427	0.02384	0.02338	0.03097	0.02102	0.03851	0.01731	0.02193	0.01421	0.00930	0.00864	0.00310	0.01050	0.00772	0.00559	0.01421
71	0.01964	0.10817	0.15126	0.02476	0.03300	0.02092	0.15355	0.02622	0.02336	0.03089	0.08419	0.05299	0.15456	0.01562	0.01106	0.00334	0.01154	0.05606	0.00676	0.01212
72	0.02285	0.01698	0.01960	0.01638	0.02252	0.01588	0.01302	0.06239	0.13098	0.08516	0.11589	0.05071	0.11008	0.01536	0.01025	0.00287	0.00744	0.04525	0.00920	0.22720
73	0.02595	0.09840	0.39609	0.02677	0.03958	0.02736	0.03138	0.16395	0.02847	0.04010	0.01966	0.02198	0.01417	0.01033	0.00961	0.00311	0.01380	0.00783	0.00587	0.01558
74	0.02058	0.05308	0.58618	0.02925	0.04442	0.02383	0.03792	0.03250	0.02167	0.03250	0.01842	0.02167	0.01300	0.00975	0.00975	0.00325	0.01517	0.00758	0.00433	0.01517
75	0.01400	0.01009	0.01325	0.01327	0.01522	0.00933	0.00964	0.01805	0.02662	0.03728	0.43709	0.22052	0.08934	0.02387	0.01236	0.00347	0.00513	0.02131	0.01084	0.00933
76	0.01330	0.00981	0.01244	0.01312	0.01492	0.00896	0.00933	0.01650	0.02419	0.03276	0.28096	0.31639	0.15649	0.02649	0.01253	0.00366	0.00537	0.02354	0.01028	0.00896
77	0.01492	0.00995	0.01119	0.01119	0.01119	0.00995	0.00622	0.01492	0.01492	0.01990	0.03233	0.06716	0.03731	0.63935	0.05223	0.00995	0.00995	0.01492	0.00622	0.00622
78	0.02744	0.64552	0.05378	0.01756	0.02634	0.04061	0.01756	0.03073	0.02085	0.02414	0.01427	0.01646	0.01317	0.00878	0.00658	0.00219	0.01097	0.00549	0.00439	0.01317
79	0.02245	0.02245	0.03143	0.02694	0.02694	0.03143	0.02245	0.02470	0.01572	0.02470	0.01347	0.02245	0.01347	0.01796	0.03368	0.00449	0.62057	0.00898	0.00449	0.01123
80	0.01250	0.00893	0.01191	0.01429	0.01488	0.00834	0.00953	0.01429	0.01965	0.02620	0.05656	0.63265	0.06787	0.03215	0.01310	0.00417	0.00595	0.02917	0.00953	0.00834
81	0.02245	0.02245	0.03143	0.02694	0.02694	0.03143	0.02245	0.02470	0.01572	0.02470	0.01347	0.02245	0.01347	0.01796	0.03368	0.00449	0.62057	0.00898	0.00449	0.01123
82	0.04604	0.01746	0.02382	0.01826	0.02620	0.01508	0.01508	0.05001	0.02937	0.58244	0.04049	0.03493	0.02540	0.01270	0.01032	0.00318	0.00873	0.01032	0.01270	0.01746
83	0.02553	0.02204	0.02320	0.02088	0.02669	0.02553	0.01624	0.05453	0.55679	0.04293	0.04177	0.03829	0.03133	0.01392	0.01044	0.00348	0.00812	0.01160	0.01044	0.01624
84	0.04604	0.01746	0.02382	0.01826	0.02620	0.01508	0.01508	0.05001	0.02937	0.58244	0.04049	0.03493	0.02540	0.01270	0.01032	0.00318	0.00873	0.01032	0.01270	0.01746
85	0.01492	0.00995	0.01119	0.01119	0.01119	0.00995	0.00622	0.01492	0.01492	0.01990	0.03233	0.06716	0.03731	0.63935	0.05223	0.00995	0.00995	0.01492	0.00622	0.00622
86	0.02422	0.02768	0.06055	0.04325	0.05363	0.02595	0.53806	0.03287	0.02422	0.03287	0.02076	0.02768	0.01557	0.00865	0.01211	0.00346	0.01730	0.01211	0.00519	0.01384
87	0.02092	0.02091	0.03546	0.02866	0.03195	0.02513	0.15976	0.02526	0.01822	0.02669	0.01907	0.02849	0.01719	0.03070	0.17402	0.00732	0.30355	0.01035	0.00494	0.01140
88	0.03334	0.02593	0.02760	0.02246	0.02966	0.02918	0.01813	0.33649	0.26211	0.05553	0.03184	0.03038	0.02329	0.01299	0.01034	0.00325	0.00996	0.01023	0.01034	0.01694
89	0.16917	0.01997	0.02124	0.01596	0.02437	0.01805	0.01291	0.09504	0.02405	0.04024	0.01826	0.02075	0.01464	0.00863	0.00769	0.00208	0.00816	0.00639	0.00669	0.46572
90	0.01250	0.00893	0.01191	0.01429	0.01488	0.00834	0.00953	0.01429	0.01965	0.02620	0.05656	0.63265	0.06787	0.03215	0.01310	0.00417	0.00595	0.02917	0.00953	0.00834
91	0.71184	0.01985	0.01508	0.01350	0.01985	0.02302	0.01111	0.03017	0.01746	0.04604	0.01429	0.01667	0.01111	0.00953	0.00635	0.00318	0.00794	0.00556	0.00635	0.01111
92	0.02019	0.01874	0.02978	0.53599	0.06485	0.02316	0.02688	0.02997	0.09159	0.02843	0.02136	0.02881	0.01602	0.01075	0.01028	0.00343	0.01294	0.00945	0.00534	0.01204
93	0.02553	0.02204	0.02320	0.02088	0.02669	0.02553	0.01624	0.05453	0.55679	0.04293	0.04177	0.03829	0.03133	0.01392	0.01044	0.00348	0.00812	0.01160	0.01044	0.01624
94	0.01213	0.01040	0.01040	0.01040	0.01386	0.00866	0.00780	0.01473	0.02339	0.02772	0.10396	0.09876	0.57117	0.02599	0.01213	0.00347	0.00520	0.02166	0.00953	0.00866
95	0.01250	0.00893	0.01191	0.01429	0.01488	0.00834	0.00953	0.01429	0.01965	0.02620	0.05656	0.63265	0.06787	0.03215	0.01310	0.00417	0.00595	0.02917	0.00953	0.00834
96	0.71184	0.01985	0.01508	0.01350	0.01985	0.02302	0.01111	0.03017	0.01746	0.04604	0.01429	0.01667	0.01111	0.00953	0.00635	0.00318	0.00794	0.00556	0.00635	0.01111
97	0.02737	0.02185	0.02455	0.01809	0.02690	0.01991	0.01468	0.20273	0.03054	0.04416	0.02044	0.02243	0.01597	0.00922	0.00852	0.00206	0.00887	0.00716	0.00752	0.46706
98	0.03542	0.09890	0.02517	0.01678	0.02340	0.01707	0.01401	0.03953	0.02816	0.36839	0.17400	0.04328	0.04226	0.01432	0.01029	0.00306	0.00802	0.01181	0.01124	0.01488
99	0.02473	0.21144	0.31799	0.02999	0.10867	0.02925	0.02982	0.07619	0.02398	0.03312	0.01793	0.02098	0.01387	0.00962	0.00897	0.00292	0.01327	0.00735	0.00496	0.01496
100	0.03579	0.04370	0.02649	0.02420	0.02911	0.52014	0.01815	0.03872	0.02808	0.02686	0.01820	0.02112	0.01495	0.01076	0.00898	0.00261	0.01669	0.00700	0.09687	0.01159
101	0.01352	0.01045	0.01233	0.01186	0.01472	0.00926	0.00889	0.01743	0.02668	0.03554	0.37522	0.08589	0.29503	0.02307	0.01211	0.00333	0.00499	0.01985	0.01056	0.00926
102	0.02140	0.02030	0.03443	0.42932	0.24024	0.02333	0.02951	0.02799	0.02148	0.02867	0.01860	0.02670	0.01455	0.00988	0.01023	0.00329	0.01318	0.00913	0.00473	0.01303
103	0.03536	0.02722	0.02904	0.02553	0.06932	0.06709	0.01923	0.31067	0.16539	0.09962	0.02914	0.02844	0.02109	0.01239	0.01024	0.00315	0.01087	0.00971	0.00981	0.01670
104	0.01289	0.01030	0.01161	0.01209	0.01486	0.00902	0.00908	0.01584	0.02357	0.02952	0.15385	0.18226	0.38361	0.02651	0.01246	0.00366	0.00564	0.06466	0.00976	0.00881
105	0.02811	0.02587	0.02449	0.02177	0.02769	0.09712	0.01693	0.08855	0.45392	0.04231	0.03729	0.03483	0.02806	0.01339	0.01028	0.00335	0.00964	0.01081	0.00979	0.01579
106	0.02043	0.01991	0.03547	0.50118	0.10297	0.02333	0.09624	0.02746	0.02121	0.02760	0.01865	0.02727	0.01411	0.00997	0.01050	0.00340	0.01406	0.00952	0.00468	0.01206
107	0.07871	0.19482	0.23272	0.02745	0.03855	0.02790	0.14818	0.03338	0.02237	0.07649	0.01939	0.02246	0.01453	0.00946	0.00928	0.00302	0.01351	0.00819	0.00539	0.01421
108	0.02692	0.25414	0.04677	0.02768	0.03429	0.11190	0.15372	0.03126	0.02164	0.02667	0.01598	0.02108	0.01387	0.01119	0.01486	0.00313	0.15926	0.00819	0.00475	0.01270
109	0.01250	0.00893	0.01191	0.01429	0.01488	0.00834	0.00953	0.01429	0.01965	0.02620	0.05656	0.63265	0.06787	0.03215	0.01310	0.00417	0.00595	0.02917	0.00953	0.00834
110	0.02735	0.01918	0.06543	0.02044	0.02689	0.01599	0.08403	0.06699	0.02929	0.20295	0.26164	0.05015	0.05321	0.01547	0.01128	0.00323	0.00884	0.01381	0.01033	0.01349
111	0.02492	0.27868	0.18328	0.02638	0.07265	0.03104	0.06170	0.03618	0.12921	0.03137	0.02169	0.02365	0.01717	0.01008	0.00883	0.00288	0.01202	0.00800	0.00570	0.01457
112	0.01466	0.01100	0.01649	0.01649	0.01833	0.01283	0.01283	0.01833	0.01649	0.02382	0.02749	0.04032	0.02566	0.07697	0.59868	0.01649	0.02749	0.01100	0.00550	0.00916
113	0.01295	0.01066	0.01153	0.01197	0.01523	0.00925	0.00942	0.01594	0.02343	0.02828	0.09476	0.10191	0.47624	0.02643	0.01251	0.00370	0.00599	0.11149	0.00951	0.00881
114	0.03014	0.02261	0.03606	0.04930	0.40468	0.02235	0.02649	0.03762	0.06841	0.15999	0.02599	0.02864	0.01958	0.01035	0.01022	0.00311	0.01107	0.00961	0.00726	0.01653
115	0.02668	0.02305	0.02646	0.02267	0.02900	0.02614	0.05227	0.09797	0.47338	0.04425	0.03875	0.03630	0.02897	0.01341	0.01054	0.00344	0.00904	0.01142	0.01007	0.01619
116	0.02755	0.03094	0.03068	0.02678	0.02848	0.21319	0.02161	0.02992	0.02000	0.02483	0.01424	0.02119	0.01339	0.01559	0.02584	0.00390	0.42747	0.00822	0.00475	0.01144
117	0.01466	0.01100	0.01649	0.01649	0.01833	0.01283	0.01283	0.01833	0.01649	0.02382	0.02749	0.04032	0.02566	0.07697	0.59868	0.01649	0.02749	0.01100	0.00550	0.00916
118	0.02343	0.02075	0.02578	0.22313	0.04167	0.02460	0.02042	0.04489	0.37414	0.03724	0.03375	0.03457	0.02532	0.01268	0.01038	0.00346	0.01001	0.01076	0.00844	0.01459
119	0.21831	0.01808	0.02156	0.01703	0.02455	0.01714	0.01406	0.04488	0.02629	0.44365	0.03371	0.03020	0.02171	0.01188	0.00929	0.00318	0.00853	0.00909	0.01106	0.01582
120	0.02128	0.01824	0.02128	0.01520	0.02432	0.01368	0.01216	0.02584	0.02128	0.03344	0.01824	0.02128	0.01520	0.00760	0.00760	0.00152	0.00760	0.00608	0.00608	0.70208
121	0.01938	0.01824	0.03078	0.61468	0.07068	0.02280	0.02850	0.02622	0.02052	0.02622	0.01824	0.02736	0.01368	0.01026	0.01026	0.00342	0.01368	0.00912	0.00456	0.01140
122	0.01618	0.01170	0.01603	0.01820	0.02066	0.01155	0.01582	0.02073	0.02360	0.03047	0.05840	0.11437	0.10098	0.02816	0.01401	0.00462	0.00910	0.46659	0.00946	0.00939
123	0.01452	0.01049	0.01372	0.01291	0.01533	0.00968	0.00968	0.01937	0.02905	0.04115	0.56992	0.07666	0.09683	0.02098	0.01210	0.00323	0.00484	0.01856	0.01130	0.00968
124	0.01301	0.00974	0.01208	0.01295	0.01477	0.00881	0.00916	0.01590	0.02333	0.03100	0.22011	0.34026	0.19668	0.02737	0.01257	0.00372	0.00544	0.02423	0.01005	0.00881
125	0.03361	0.01765	0.02195	0.01765	0.02376	0.01706	0.01424	0.15195	0.03358	0.27806	0.21861	0.04690	0.04810	0.01546	0.01092	0.00317	0.00798	0.01290	0.01166	0.01479
126	0.32604	0.01847	0.02014	0.01626	0.02353	0.01842	0.01341	0.04167	0.02436	0.35686	0.02947	0.02725	0.01939	0.01137	0.00865	0.00318	0.00840	0.00832	0.01003	0.01479
127	0.04044	0.01872	0.02365	0.01898	0.02633	0.01794	0.01540	0.05125	0.17344	0.43506	0.04084	0.03585	0.02702	0.01304	0.01035	0.00326	0.00857	0.01067	0.01208	0.01713
128	0.71184	0.01985	0.01508	0.01350	0.01985	0.02302	0.01111	0.03017	0.01746	0.04604	0.01429	0.01667	0.01111	0.00953	0.00635	0.00318	0.00794	0.00556	0.00635	0.01111
129	0.04604	0.01746	0.02382	0.01826	0.02620	0.01508	0.01508	0.05001	0.02937	0.58244	0.04049	0.03493	0.02540	0.01270	0.01032	0.00318	0.00873	0.01032	0.01270	0.01746
130	0.01434	0.01048	0.01346	0.01272	0.01522	0.00960	0.00954	0.01901	0.02861	0.04011	0.53392	0.07836	0.13347	0.02137	0.01211	0.00325	0.00487	0.01880	0.01116	0.00960
131	0.03031	0.48801	0.04726	0.01990	0.02776	0.18781	0.01816	0.03343	0.02302	0.02440	0.01469	0.01700	0.01318	0.00925	0.00729	0.00231	0.01296	0.00578	0.00463	0.01283
132	0.02245	0.02245	0.03143	0.02694	0.02694	0.03143	0.02245	0.02470	0.01572	0.02470	0.01347	0.02245	0.01347	0.01796	0.03368	0.00449	0.62057	0.00898	0.00449	0.01123
133	0.03111	0.43668	0.09020	0.01911	0.02822	0.03397	0.01893	0.07376	0.02456	0.12814	0.02011	0.02083	0.01568	0.00984	0.00780	0.00253	0.01094	0.00682	0.00633	0.01443
134	0.03042	0.03641	0.28939	0.02753	0.03919	0.02220	0.10414	0.08216	0.02669	0.20148	0.02598	0.02683	0.01752	0.01070	0.01032	0.00324	0.01320	0.00923	0.00751	0.01586
135	0.01250	0.00893	0.01191	0.01429	0.01488	0.00834	0.00953	0.01429	0.01965	0.02620	0.05656	0.63265	0.06787	0.03215	0.01310	0.00417	0.00595	0.02917	0.00953	0.00834
136	0.01666	0.01208	0.01521	0.01384	0.01677	0.01161	0.01054	0.06482	0.03072	0.04320	0.52241	0.07212	0.08991	0.02023	0.01194	0.00321	0.00540	0.01775	0.01121	0.01036
137	0.02862	0.02539	0.08061	0.05259	0.43867	0.02272	0.02913	0.03480	0.02428	0.12905	0.02292	0.02677	0.01760	0.00981	0.01016	0.00309	0.01182	0.00923	0.00635	0.01638
138	0.02356	0.01188	0.01607	0.01590	0.01898	0.01075	0.01182	0.02626	0.02306	0.20493	0.05124	0.40302	0.05361	0.02563	0.01229	0.00389	0.00710	0.05814	0.01054	0.01134
139	0.04144	0.01810	0.02348	0.01842	0.02578	0.01669	0.01507	0.08577	0.06886	0.45920	0.08269	0.03779	0.03106	0.01344	0.01047	0.00319	0.00857	0.01100	0.01224	0.01674
140	0.02561	0.04500	0.40562	0.02877	0.04180	0.02605	0.06822	0.16413	0.02872	0.04085	0.02019	0.02286	0.01433	0.01034	0.01005	0.00322	0.01431	0.00833	0.00593	0.01566
141	0.12476	0.18447	0.03804	0.03499	0.23267	0.02862	0.02196	0.10379	0.02589	0.08500	0.01989	0.02260	0.01571	0.00986	0.00874	0.00286	0.01086	0.00782	0.00646	0.01502
142	0.09942	0.01946	0.02421	0.01872	0.02658	0.01840	0.01546	0.12677	0.03141	0.45590	0.03581	0.03179	0.02296	0.01238	0.00999	0.00316	0.00908	0.00976	0.01179	0.01694
143	0.01492	0.00995	0.01119	0.01119	0.01119	0.00995	0.00622	0.01492	0.01492	0.01990	0.03233	0.06716	0.03731	0.63935	0.05223	0.00995	0.00995	0.01492	0.00622	0.00622
144	0.32788	0.02130	0.02280	0.02055	0.06426	0.02258	0.01548	0.14093	0.02772	0.20719	0.02450	0.02432	0.01700	0.01101	0.00860	0.00315	0.00917	0.00798	0.00894	0.01466
145	0.12721	0.07067	0.03269	0.03356	0.19803	0.06565	0.02142	0.18095	0.03067	0.11056	0.02216	0.02404	0.01659	0.01062	0.00937	0.00300	0.01127	0.00839	0.00765	0.01552
146	0.01270	0.00932	0.01193	0.01359	0.01480	0.00855	0.00931	0.01498	0.02132	0.02826	0.12671	0.49176	0.13917	0.02993	0.01284	0.00396	0.00571	0.02684	0.00975	0.00855
147	0.02252	0.01898	0.02195	0.01579	0.02485	0.01495	0.01267	0.06197	0.02317	0.03563	0.01869	0.02152	0.01536	0.00793	0.00779	0.00163	0.00786	0.00630	0.00637	0.65407
148	0.03127	0.18597	0.03407	0.02109	0.02860	0.03188	0.01785	0.23774	0.22020	0.04653	0.02799	0.02733	0.02123	0.01197	0.00938	0.00299	0.01009	0.00910	0.00881	0.01592
149	0.17530	0.08832	0.29647	0.02479	0.03594	0.02587	0.06347	0.06924	0.06406	0.03789	0.01958	0.02207	0.01451	0.01004	0.00900	0.00317	0.01257	0.00772	0.00573	0.01426

[dist]
# distance from previous block
# <min> <max>
0	2

[block]
# block no. 2 follows, 14 sequences, length 109
# corresponding to MSA columns:
# 904-1012
name=unknown_C
#
# <colnr> <probs for GDERKNQSTAVLIFYWHMCP>
#	G	D	E	R	K	N	Q	S	T	A	V	L	I	F	Y	W	H	M	C	P
0	0.48033	0.01974	0.01765	0.01505	0.02160	0.02167	0.01225	0.06590	0.05569	0.07824	0.05123	0.02362	0.01908	0.01068	0.00756	0.00304	0.00801	0.00729	0.00752	0.07384
1	0.02493	0.06593	0.06540	0.02339	0.08851	0.01987	0.01754	0.03591	0.15679	0.10417	0.07966	0.08694	0.03235	0.01363	0.00992	0.00295	0.00879	0.01159	0.00842	0.14331
2	0.03654	0.02645	0.02862	0.02262	0.03028	0.02923	0.01847	0.39824	0.15925	0.09716	0.02956	0.02840	0.02109	0.01270	0.01031	0.00318	0.01041	0.00984	0.01048	0.01719
3	0.02861	0.01672	0.02034	0.01720	0.02254	0.01671	0.01361	0.08279	0.14457	0.20737	0.24730	0.05112	0.05402	0.01618	0.01104	0.00325	0.00730	0.01374	0.01145	0.01414
4	0.06830	0.07160	0.06636	0.21581	0.09210	0.09484	0.02354	0.11577	0.02725	0.09789	0.02113	0.02478	0.01558	0.01063	0.00962	0.00310	0.01275	0.00841	0.00663	0.01392
5	0.03177	0.24511	0.07279	0.02541	0.06981	0.07174	0.05793	0.12927	0.06366	0.10490	0.02248	0.02364	0.01709	0.01047	0.00902	0.00281	0.01190	0.00814	0.00708	0.01499
6	0.01549	0.00979	0.01288	0.01439	0.01583	0.00896	0.00991	0.01752	0.02077	0.07619	0.05827	0.54352	0.09755	0.03000	0.01278	0.00403	0.00615	0.02698	0.00981	0.00918
7	0.01363	0.01009	0.01273	0.01285	0.01498	0.00918	0.00934	0.01735	0.02579	0.03525	0.36639	0.21905	0.16631	0.02458	0.01236	0.00350	0.00518	0.02171	0.01057	0.00918
8	0.08106	0.06756	0.03278	0.03192	0.17213	0.02354	0.05446	0.10541	0.07578	0.17153	0.05993	0.03073	0.02422	0.01154	0.00995	0.00311	0.01037	0.00990	0.00852	0.01555
9	0.07669	0.02976	0.14941	0.04251	0.27828	0.02389	0.06490	0.07953	0.02558	0.09966	0.02177	0.02520	0.01633	0.00995	0.00997	0.00315	0.01239	0.00893	0.00636	0.01574
10	0.03190	0.18013	0.21361	0.02315	0.03331	0.09867	0.02402	0.08257	0.02655	0.15864	0.02275	0.02336	0.01631	0.01053	0.00913	0.00290	0.01279	0.00775	0.00692	0.01502
11	0.02128	0.01824	0.02128	0.01520	0.02432	0.01368	0.01216	0.02584	0.02128	0.03344	0.01824	0.02128	0.01520	0.00760	0.00760	0.00152	0.00760	0.00608	0.00608	0.70208
12	0.18402	0.02061	0.02304	0.01860	0.02568	0.02149	0.01522	0.15881	0.07747	0.26212	0.03042	0.02924	0.02101	0.01614	0.04703	0.00403	0.01030	0.00920	0.01010	0.01545
13	0.01910	0.01764	0.02635	0.13446	0.09390	0.02178	0.02054	0.02279	0.01857	0.02624	0.02822	0.11587	0.05479	0.02670	0.10612	0.00580	0.23159	0.01286	0.00571	0.01098
14	0.01486	0.01021	0.01254	0.01254	0.01300	0.01068	0.00790	0.01579	0.01532	0.02089	0.03110	0.06034	0.03435	0.49656	0.19098	0.01161	0.01440	0.01393	0.00604	0.00697
15	0.02553	0.02204	0.02320	0.02088	0.02669	0.02553	0.01624	0.05453	0.55679	0.04293	0.04177	0.03829	0.03133	0.01392	0.01044	0.00348	0.00812	0.01160	0.01044	0.01624
16	0.71184	0.01985	0.01508	0.01350	0.01985	0.02302	0.01111	0.03017	0.01746	0.04604	0.01429	0.01667	0.01111	0.00953	0.00635	0.00318	0.00794	0.00556	0.00635	0.01111
17	0.03901	0.02874	0.03080	0.02361	0.03182	0.03182	0.01951	0.54111	0.04825	0.06468	0.02464	0.02464	0.01745	0.01232	0.01027	0.00308	0.01129	0.00924	0.01027	0.01745
18	0.02108	0.21376	0.29010	0.02269	0.03268	0.02593	0.02577	0.02845	0.02014	0.02792	0.01948	0.02482	0.01621	0.02625	0.15588	0.00625	0.01703	0.00783	0.00464	0.01309
19	0.01452	0.01049	0.01372	0.01291	0.01533	0.00968	0.00968	0.01937	0.02905	0.04115	0.56992	0.07666	0.09683	0.02098	0.01210	0.00323	0.00484	0.01856	0.01130	0.00968
20	0.02015	0.01929	0.03094	0.46794	0.05976	0.02496	0.02699	0.02584	0.01932	0.02584	0.01705	0.02613	0.01363	0.01218	0.01611	0.00369	0.16521	0.00909	0.00454	0.01136
21	0.01595	0.16898	0.02123	0.01218	0.01698	0.01664	0.01023	0.01872	0.02276	0.02683	0.08156	0.07821	0.43185	0.02169	0.01074	0.00315	0.00664	0.01762	0.00825	0.00979
22	0.02162	0.01944	0.03078	0.54716	0.06624	0.02383	0.02747	0.08504	0.02369	0.03061	0.01897	0.02705	0.01411	0.01050	0.01026	0.00338	0.01341	0.00913	0.00521	0.01209
23	0.02389	0.43388	0.09081	0.01715	0.02431	0.03139	0.01672	0.02684	0.01934	0.02370	0.01822	0.02729	0.01794	0.12776	0.01749	0.04837	0.01103	0.00765	0.00473	0.01150
24	0.02349	0.24316	0.03293	0.01605	0.02504	0.02333	0.01410	0.02759	0.02113	0.03011	0.01682	0.01955	0.01447	0.00802	0.00724	0.00176	0.00881	0.00587	0.00547	0.45507
25	0.02744	0.64552	0.05378	0.01756	0.02634	0.04061	0.01756	0.03073	0.02085	0.02414	0.01427	0.01646	0.01317	0.00878	0.00658	0.00219	0.01097	0.00549	0.00439	0.01317
26	0.02499	0.01595	0.02623	0.02291	0.02802	0.01498	0.11373	0.03000	0.02482	0.16847	0.04476	0.12513	0.04326	0.02107	0.01273	0.00405	0.01044	0.24682	0.00947	0.01218
27	0.02732	0.02052	0.02462	0.02219	0.07519	0.01965	0.01601	0.06984	0.19272	0.11062	0.02906	0.02900	0.02185	0.01069	0.00924	0.00259	0.00855	0.00884	0.00849	0.29300
28	0.02621	0.11244	0.09828	0.02414	0.03107	0.17288	0.07835	0.03606	0.13010	0.03181	0.07497	0.08361	0.02941	0.01354	0.01012	0.00310	0.01259	0.01128	0.00698	0.01302
29	0.01945	0.01212	0.01423	0.01434	0.01708	0.01226	0.01069	0.02707	0.10811	0.07393	0.07805	0.24305	0.04726	0.02058	0.01062	0.00340	0.00627	0.04612	0.22457	0.01080
30	0.02794	0.02605	0.03029	0.02486	0.02902	0.11344	0.07800	0.13624	0.02662	0.03657	0.02068	0.02580	0.01686	0.01348	0.01770	0.00341	0.21866	0.00914	0.13261	0.01263
31	0.01543	0.01026	0.01265	0.01299	0.01370	0.01017	0.00874	0.01645	0.01799	0.02412	0.09648	0.07393	0.04635	0.40292	0.03960	0.06995	0.00918	0.10479	0.00723	0.00705
32	0.04219	0.01633	0.02178	0.01701	0.02416	0.01429	0.01395	0.04628	0.02825	0.50457	0.03948	0.03541	0.02553	0.01259	0.00987	0.00306	0.00817	0.01021	0.11052	0.01633
33	0.01397	0.01006	0.01322	0.01329	0.01521	0.00931	0.00964	0.01796	0.02645	0.03702	0.42791	0.23046	0.08882	0.02407	0.01238	0.00349	0.00515	0.02150	0.01081	0.00931
34	0.04604	0.01746	0.02382	0.01826	0.02620	0.01508	0.01508	0.05001	0.02937	0.58244	0.04049	0.03493	0.02540	0.01270	0.01032	0.00318	0.00873	0.01032	0.01270	0.01746
35	0.01490	0.01003	0.01158	0.01158	0.01171	0.01016	0.00670	0.01517	0.01504	0.02019	0.03198	0.06519	0.03646	0.59822	0.09220	0.01043	0.01123	0.01464	0.00617	0.00643
36	0.02431	0.02327	0.03969	0.16272	0.48411	0.02410	0.03095	0.03054	0.02285	0.03221	0.01911	0.02575	0.01579	0.00935	0.01018	0.00312	0.01246	0.00914	0.00499	0.01538
37	0.71184	0.01985	0.01508	0.01350	0.01985	0.02302	0.01111	0.03017	0.01746	0.04604	0.01429	0.01667	0.01111	0.00953	0.00635	0.00318	0.00794	0.00556	0.00635	0.01111
38	0.04604	0.01746	0.02382	0.01826	0.02620	0.01508	0.01508	0.05001	0.02937	0.58244	0.04049	0.03493	0.02540	0.01270	0.01032	0.00318	0.00873	0.01032	0.01270	0.01746
39	0.03981	0.02746	0.03000	0.02300	0.03118	0.02991	0.01900	0.48501	0.04609	0.12382	0.02645	0.02581	0.01836	0.01236	0.01027	0.00309	0.01100	0.00936	0.01054	0.01745
