[name]
unknown

[dist]
# distance from previous block
# <min> <max>
0	1938

[block]
# block no. 0 follows, 12 sequences, length 100
# corresponding to MSA columns:
# 2148-2247
name=unknown_A
#
# <colnr> <probs for GDERKNQSTAVLIFYWHMCP>
#	G	D	E	R	K	N	Q	S	T	A	V	L	I	F	Y	W	H	M	C	P
0	0.02751	0.11832	0.10576	0.02097	0.02856	0.02300	0.02009	0.11757	0.02980	0.10217	0.04565	0.06114	0.10575	0.01848	0.01154	0.00366	0.01078	0.12624	0.00900	0.01401
1	0.10108	0.07274	0.02662	0.07410	0.03097	0.06587	0.01765	0.12862	0.14227	0.04241	0.04164	0.04625	0.10158	0.01588	0.01068	0.00349	0.01053	0.04470	0.00884	0.01409
2	0.02973	0.22085	0.11746	0.02253	0.03121	0.14996	0.02122	0.08627	0.02853	0.03500	0.08254	0.02804	0.02556	0.01181	0.00937	0.00279	0.01305	0.00863	0.00660	0.06884
3	0.11201	0.08027	0.18154	0.02200	0.03283	0.02357	0.02256	0.08843	0.02687	0.13171	0.02350	0.02467	0.01694	0.01060	0.00931	0.00291	0.01138	0.00797	0.00755	0.16338
4	0.02534	0.10519	0.14459	0.09786	0.20213	0.02825	0.17442	0.03346	0.02415	0.03326	0.02004	0.02602	0.01576	0.00974	0.01088	0.00333	0.01514	0.00987	0.00515	0.01540
5	0.02231	0.13873	0.02761	0.01768	0.02301	0.01869	0.05305	0.02633	0.02590	0.09669	0.16355	0.14090	0.16277	0.02041	0.01159	0.00342	0.00833	0.01762	0.00946	0.01197
6	0.02447	0.02439	0.04464	0.24572	0.27434	0.02569	0.13733	0.03182	0.02397	0.03275	0.02046	0.02825	0.01615	0.01001	0.01129	0.00347	0.01471	0.01040	0.00523	0.01490
7	0.02695	0.03800	0.19889	0.05180	0.34033	0.08598	0.03416	0.03490	0.02495	0.03431	0.01982	0.02498	0.01587	0.01008	0.01056	0.00326	0.01465	0.00892	0.00518	0.01641
8	0.03568	0.02808	0.09343	0.03242	0.04272	0.02378	0.22854	0.09421	0.03031	0.23148	0.03003	0.03130	0.02037	0.01132	0.01171	0.00350	0.01410	0.01137	0.00897	0.01669
9	0.02261	0.01616	0.02537	0.02184	0.02617	0.01726	0.07528	0.06541	0.02280	0.08852	0.02960	0.03919	0.02520	0.05973	0.39680	0.01310	0.02428	0.01160	0.00706	0.01204
10	0.01397	0.01109	0.01255	0.01218	0.01539	0.00967	0.00914	0.01775	0.02741	0.03553	0.29456	0.09494	0.35648	0.02535	0.01288	0.00357	0.00536	0.02161	0.01092	0.00967
11	0.02275	0.01852	0.03152	0.02512	0.03096	0.01774	0.16250	0.03146	0.08299	0.08791	0.22388	0.12183	0.05813	0.01813	0.01262	0.00365	0.01007	0.01739	0.00985	0.01300
12	0.02699	0.02591	0.04426	0.06693	0.54879	0.02591	0.03346	0.03346	0.02483	0.03562	0.02051	0.02699	0.01727	0.00972	0.01079	0.00324	0.01295	0.00972	0.00540	0.01727
13	0.02574	0.02941	0.06434	0.04596	0.05699	0.02757	0.50919	0.03493	0.02574	0.03493	0.02206	0.02941	0.01654	0.00919	0.01287	0.00368	0.01838	0.01287	0.00551	0.01471
14	0.02574	0.02941	0.06434	0.04596	0.05699	0.02757	0.50919	0.03493	0.02574	0.03493	0.02206	0.02941	0.01654	0.00919	0.01287	0.00368	0.01838	0.01287	0.00551	0.01471
15	0.02059	0.01938	0.03270	0.59060	0.07510	0.02422	0.03028	0.02786	0.02180	0.02786	0.01938	0.02907	0.01453	0.01090	0.01090	0.00363	0.01453	0.00969	0.00484	0.01211
16	0.01894	0.00947	0.01420	0.01420	0.01420	0.00947	0.00947	0.01420	0.01420	0.01894	0.01894	0.03314	0.01894	0.03788	0.04261	0.68277	0.00947	0.00947	0.00473	0.00473
17	0.01328	0.00949	0.01265	0.01518	0.01581	0.00886	0.01012	0.01518	0.02088	0.02783	0.06010	0.60969	0.07212	0.03416	0.01392	0.00443	0.00633	0.03100	0.01012	0.00886
18	0.01328	0.00949	0.01265	0.01518	0.01581	0.00886	0.01012	0.01518	0.02088	0.02783	0.06010	0.60969	0.07212	0.03416	0.01392	0.00443	0.00633	0.03100	0.01012	0.00886
19	0.01586	0.01057	0.01189	0.01189	0.01189	0.01057	0.00661	0.01586	0.01586	0.02114	0.03436	0.07135	0.03964	0.61681	0.05550	0.01057	0.01057	0.01586	0.00661	0.00661
20	0.01328	0.00949	0.01265	0.01518	0.01581	0.00886	0.01012	0.01518	0.02088	0.02783	0.06010	0.60969	0.07212	0.03416	0.01392	0.00443	0.00633	0.03100	0.01012	0.00886
21	0.02059	0.01938	0.03270	0.59060	0.07510	0.02422	0.03028	0.02786	0.02180	0.02786	0.01938	0.02907	0.01453	0.01090	0.01090	0.00363	0.01453	0.00969	0.00484	0.01211
22	0.02385	0.02385	0.03340	0.02863	0.02863	0.03340	0.02385	0.02624	0.01670	0.02624	0.01431	0.02385	0.01431	0.01908	0.03578	0.00477	0.59685	0.00954	0.00477	0.01193
23	0.03090	0.01327	0.01576	0.01358	0.01830	0.01233	0.01073	0.03566	0.02595	0.23140	0.03832	0.03934	0.02759	0.01300	0.00886	0.00285	0.00663	0.01046	0.43179	0.01327
24	0.04616	0.02299	0.02805	0.02150	0.03005	0.02261	0.01776	0.22303	0.03863	0.37597	0.03679	0.03307	0.02387	0.01334	0.01094	0.00334	0.01028	0.01054	0.01254	0.01855
25	0.02620	0.02511	0.04284	0.13118	0.49067	0.02570	0.03307	0.03278	0.02446	0.03467	0.02037	0.02724	0.01694	0.00986	0.01081	0.00329	0.01315	0.00971	0.00533	0.01664
26	0.02033	0.01016	0.01016	0.01016	0.01270	0.01016	0.00762	0.02541	0.02287	0.04065	0.03557	0.04065	0.02795	0.01270	0.00762	0.00254	0.00508	0.01016	0.67734	0.01016
27	0.02361	0.02527	0.05128	0.27069	0.06446	0.02619	0.31158	0.03201	0.02411	0.03201	0.02095	0.02927	0.01572	0.00990	0.01206	0.00366	0.01679	0.01156	0.00524	0.01364
28	0.04199	0.01864	0.02805	0.02181	0.02957	0.01642	0.06961	0.04647	0.02934	0.43407	0.04280	0.10652	0.03138	0.01556	0.01154	0.00354	0.00992	0.01363	0.01220	0.01694
29	0.03113	0.02327	0.02589	0.10270	0.03467	0.07935	0.01762	0.03914	0.08760	0.15861	0.02779	0.02890	0.02036	0.01095	0.00974	0.00271	0.01065	0.00878	0.00837	0.27178
30	0.22543	0.04097	0.31887	0.02566	0.03659	0.02624	0.02928	0.03257	0.02075	0.03768	0.01747	0.02154	0.01328	0.01156	0.01297	0.00362	0.09843	0.00762	0.00528	0.01420
31	0.41864	0.03517	0.18231	0.02092	0.03037	0.08513	0.02144	0.03407	0.02127	0.04212	0.01669	0.01953	0.01266	0.01032	0.00818	0.00334	0.01199	0.00668	0.00597	0.01320
32	0.02505	0.13026	0.22046	0.03872	0.12208	0.02945	0.17027	0.03357	0.02348	0.03281	0.01935	0.02467	0.01519	0.01041	0.01251	0.00341	0.05859	0.00946	0.00501	0.01524
33	0.02033	0.01016	0.01016	0.01016	0.01270	0.01016	0.00762	0.02541	0.02287	0.04065	0.03557	0.04065	0.02795	0.01270	0.00762	0.00254	0.00508	0.01016	0.67734	0.01016
34	0.02534	0.02601	0.04715	0.03461	0.04435	0.02465	0.30062	0.03802	0.12820	0.03725	0.02605	0.03024	0.01989	0.01010	0.01146	0.00323	0.01415	0.01137	0.00686	0.16046
35	0.01445	0.01060	0.01512	0.01637	0.01767	0.01127	0.01190	0.01735	0.01918	0.02656	0.04445	0.32263	0.04940	0.05827	0.29734	0.01106	0.01791	0.02122	0.00795	0.00930
36	0.17206	0.02394	0.03087	0.03894	0.24152	0.02604	0.02276	0.04221	0.20999	0.04221	0.02818	0.03003	0.02201	0.01168	0.01003	0.00344	0.01037	0.00985	0.00780	0.01608
37	0.02835	0.02286	0.03276	0.09430	0.03878	0.02253	0.10421	0.07805	0.13812	0.09678	0.02853	0.03047	0.02119	0.01111	0.01048	0.00301	0.01125	0.01005	0.00826	0.20891
38	0.02852	0.03068	0.04830	0.03678	0.04374	0.09678	0.26278	0.07873	0.02618	0.03461	0.01957	0.02630	0.01578	0.01267	0.01893	0.00385	0.18507	0.01090	0.00582	0.01401
39	0.02033	0.01016	0.01016	0.01016	0.01270	0.01016	0.00762	0.02541	0.02287	0.04065	0.03557	0.04065	0.02795	0.01270	0.00762	0.00254	0.00508	0.01016	0.67734	0.01016
40	0.02586	0.02461	0.03598	0.04303	0.24320	0.02894	0.02638	0.03611	0.13149	0.03432	0.02341	0.02881	0.01966	0.01428	0.02010	0.00391	0.22799	0.01022	0.00640	0.01529
41	0.01561	0.01091	0.01347	0.01296	0.01448	0.01040	0.00877	0.01863	0.02467	0.03441	0.33314	0.07728	0.07679	0.26760	0.03045	0.00638	0.00738	0.01813	0.00978	0.00877
42	0.31502	0.01960	0.02148	0.01731	0.02505	0.01951	0.01429	0.04444	0.02599	0.34697	0.03153	0.02911	0.02073	0.01210	0.00922	0.00337	0.00893	0.00888	0.01071	0.01577
43	0.02699	0.02591	0.04426	0.06693	0.54879	0.02591	0.03346	0.03346	0.02483	0.03562	0.02051	0.02699	0.01727	0.00972	0.01079	0.00324	0.01295	0.00972	0.00540	0.01727
44	0.02653	0.08050	0.12013	0.03918	0.04975	0.02942	0.34222	0.06834	0.02630	0.03593	0.02094	0.02703	0.01599	0.01033	0.01358	0.00359	0.05841	0.01125	0.00567	0.01490
45	0.01328	0.00949	0.01265	0.01518	0.01581	0.00886	0.01012	0.01518	0.02088	0.02783	0.06010	0.60969	0.07212	0.03416	0.01392	0.00443	0.00633	0.03100	0.01012	0.00886
46	0.01894	0.00947	0.01420	0.01420	0.01420	0.00947	0.00947	0.01420	0.01420	0.01894	0.01894	0.03314	0.01894	0.03788	0.04261	0.68277	0.00947	0.00947	0.00473	0.00473
47	0.02914	0.03297	0.19099	0.08721	0.08614	0.02456	0.12752	0.03709	0.02472	0.14831	0.02473	0.02842	0.01768	0.01177	0.01389	0.00363	0.07862	0.01014	0.00686	0.01562
48	0.02385	0.02385	0.03340	0.02863	0.02863	0.03340	0.02385	0.02624	0.01670	0.02624	0.01431	0.02385	0.01431	0.01908	0.03578	0.00477	0.59685	0.00954	0.00477	0.01193
49	0.01388	0.01089	0.01255	0.01254	0.01544	0.00956	0.00925	0.01741	0.02659	0.03453	0.26429	0.15818	0.32312	0.02645	0.01300	0.00368	0.00548	0.02277	0.01082	0.00956
50	0.01355	0.00969	0.01289	0.01500	0.01587	0.00903	0.01014	0.01584	0.02210	0.02978	0.11936	0.54487	0.07589	0.03270	0.01379	0.00431	0.00618	0.02961	0.01035	0.00903
51	0.03379	0.02595	0.03684	0.03815	0.18252	0.02774	0.06329	0.17160	0.08011	0.12087	0.02709	0.02939	0.02018	0.01268	0.01380	0.00352	0.07648	0.01041	0.00860	0.01702
52	0.02033	0.01016	0.01016	0.01016	0.01270	0.01016	0.00762	0.02541	0.02287	0.04065	0.03557	0.04065	0.02795	0.01270	0.00762	0.00254	0.00508	0.01016	0.67734	0.01016
53	0.03003	0.02341	0.03823	0.03373	0.09975	0.02336	0.16723	0.04353	0.17178	0.14436	0.03569	0.08093	0.02811	0.01378	0.01180	0.00363	0.01206	0.01340	0.00912	0.01607
54	0.03144	0.09508	0.09459	0.02443	0.03095	0.27371	0.02078	0.08688	0.02917	0.03243	0.02744	0.14872	0.02712	0.01613	0.01063	0.00325	0.01473	0.01255	0.00696	0.01302
55	0.03029	0.02298	0.02581	0.01987	0.02853	0.02207	0.01601	0.15979	0.13025	0.08479	0.02780	0.02816	0.02094	0.01109	0.00961	0.00258	0.00928	0.00881	0.00904	0.33231
56	0.03230	0.02803	0.04143	0.07738	0.04366	0.07783	0.19921	0.09502	0.12727	0.11935	0.02935	0.03147	0.02122	0.01170	0.01157	0.00350	0.01420	0.01132	0.00837	0.01581
57	0.02033	0.01016	0.01016	0.01016	0.01270	0.01016	0.00762	0.02541	0.02287	0.04065	0.03557	0.04065	0.02795	0.01270	0.00762	0.00254	0.00508	0.01016	0.67734	0.01016
58	0.02661	0.16366	0.31294	0.03032	0.04284	0.10898	0.10036	0.03553	0.02439	0.03169	0.01866	0.02236	0.01427	0.01012	0.00998	0.00317	0.01608	0.00816	0.00489	0.01499
59	0.01561	0.01156	0.01690	0.01690	0.01864	0.01329	0.01286	0.01907	0.01734	0.02485	0.02977	0.04598	0.02862	0.14070	0.51654	0.01676	0.02715	0.01214	0.00593	0.00939
60	0.02261	0.01938	0.02261	0.01615	0.02584	0.01453	0.01292	0.02745	0.02261	0.03553	0.01938	0.02261	0.01615	0.00807	0.00807	0.00161	0.00807	0.00646	0.00646	0.68346
61	0.02059	0.01938	0.03270	0.59060	0.07510	0.02422	0.03028	0.02786	0.02180	0.02786	0.01938	0.02907	0.01453	0.01090	0.01090	0.00363	0.01453	0.00969	0.00484	0.01211
62	0.02033	0.01016	0.01016	0.01016	0.01270	0.01016	0.00762	0.02541	0.02287	0.04065	0.03557	0.04065	0.02795	0.01270	0.00762	0.00254	0.00508	0.01016	0.67734	0.01016
63	0.02498	0.02189	0.02120	0.01986	0.02410	0.08688	0.01490	0.12033	0.14383	0.03943	0.04902	0.25895	0.08448	0.02251	0.01213	0.00379	0.00947	0.01924	0.00994	0.01305
64	0.04040	0.02818	0.02762	0.02219	0.03009	0.12773	0.01777	0.14996	0.08171	0.23476	0.03151	0.02991	0.02191	0.01243	0.01039	0.00306	0.01166	0.00953	0.01032	0.09888
65	0.04145	0.03054	0.03272	0.02509	0.03381	0.03381	0.02072	0.51243	0.05127	0.06872	0.02618	0.02618	0.01854	0.01309	0.01091	0.00327	0.01200	0.00982	0.01091	0.01854
66	0.02323	0.02207	0.03747	0.37452	0.27055	0.02492	0.03159	0.03017	0.02305	0.03106	0.01985	0.02821	0.01566	0.01041	0.01086	0.00347	0.01388	0.00970	0.00507	0.01424
67	0.02327	0.16522	0.46373	0.02869	0.04351	0.02874	0.03613	0.03417	0.02285	0.03283	0.01872	0.02196	0.01385	0.01016	0.00971	0.00324	0.01526	0.00763	0.00462	0.01571
68	0.01328	0.00949	0.01265	0.01518	0.01581	0.00886	0.01012	0.01518	0.02088	0.02783	0.06010	0.60969	0.07212	0.03416	0.01392	0.00443	0.00633	0.03100	0.01012	0.00886
69	0.01328	0.00949	0.01265	0.01518	0.01581	0.00886	0.01012	0.01518	0.02088	0.02783	0.06010	0.60969	0.07212	0.03416	0.01392	0.00443	0.00633	0.03100	0.01012	0.00886
70	0.02620	0.02511	0.04284	0.13118	0.49067	0.02570	0.03307	0.03278	0.02446	0.03467	0.02037	0.02724	0.01694	0.00986	0.01081	0.00329	0.01315	0.00971	0.00533	0.01664
71	0.02385	0.02385	0.03340	0.02863	0.02863	0.03340	0.02385	0.02624	0.01670	0.02624	0.01431	0.02385	0.01431	0.01908	0.03578	0.00477	0.59685	0.00954	0.00477	0.01193
72	0.02385	0.02385	0.03340	0.02863	0.02863	0.03340	0.02385	0.02624	0.01670	0.02624	0.01431	0.02385	0.01431	0.01908	0.03578	0.00477	0.59685	0.00954	0.00477	0.01193
73	0.02574	0.02941	0.06434	0.04596	0.05699	0.02757	0.50919	0.03493	0.02574	0.03493	0.02206	0.02941	0.01654	0.00919	0.01287	0.00368	0.01838	0.01287	0.00551	0.01471
74	0.03009	0.03139	0.03841	0.05170	0.35748	0.14872	0.02832	0.03929	0.09968	0.03507	0.02317	0.02734	0.01888	0.01080	0.01062	0.00321	0.01383	0.00949	0.00628	0.01623
75	0.02033	0.01016	0.01016	0.01016	0.01270	0.01016	0.00762	0.02541	0.02287	0.04065	0.03557	0.04065	0.02795	0.01270	0.00762	0.00254	0.00508	0.01016	0.67734	0.01016
76	0.02715	0.02652	0.04831	0.04810	0.23220	0.02608	0.22600	0.09162	0.02902	0.04016	0.07137	0.03305	0.02524	0.01110	0.01186	0.00344	0.01434	0.01198	0.00675	0.01571
77	0.03552	0.31661	0.08580	0.02152	0.03078	0.08478	0.02033	0.09723	0.02862	0.14888	0.02318	0.02355	0.01741	0.01097	0.00890	0.00281	0.01230	0.00775	0.00746	0.01560
78	0.03531	0.02165	0.03183	0.02341	0.03275	0.01888	0.10241	0.07537	0.02881	0.25070	0.03002	0.03000	0.02083	0.01086	0.01031	0.00282	0.01068	0.00968	0.00950	0.24419
79	0.07942	0.02638	0.03239	0.25513	0.05045	0.09305	0.05971	0.11558	0.07008	0.07751	0.02390	0.02817	0.01755	0.01163	0.01063	0.00344	0.01370	0.00965	0.00730	0.01432
80	0.02033	0.01016	0.01016	0.01016	0.01270	0.01016	0.00762	0.02541	0.02287	0.04065	0.03557	0.04065	0.02795	0.01270	0.00762	0.00254	0.00508	0.01016	0.67734	0.01016
81	0.02261	0.01938	0.02261	0.01615	0.02584	0.01453	0.01292	0.02745	0.02261	0.03553	0.01938	0.02261	0.01615	0.00807	0.00807	0.00161	0.00807	0.00646	0.00646	0.68346
82	0.01459	0.01111	0.01341	0.01283	0.01577	0.00993	0.00963	0.01895	0.02888	0.03900	0.39994	0.08922	0.24893	0.02405	0.01287	0.00351	0.00527	0.02081	0.01138	0.00993
83	0.02033	0.01016	0.01016	0.01016	0.01270	0.01016	0.00762	0.02541	0.02287	0.04065	0.03557	0.04065	0.02795	0.01270	0.00762	0.00254	0.00508	0.01016	0.67734	0.01016
84	0.27752	0.01901	0.01995	0.01743	0.02373	0.02011	0.01417	0.04007	0.11035	0.18281	0.08922	0.04245	0.03372	0.01480	0.00997	0.00357	0.00846	0.04829	0.01015	0.01423
85	0.02261	0.01938	0.02261	0.01615	0.02584	0.01453	0.01292	0.02745	0.02261	0.03553	0.01938	0.02261	0.01615	0.00807	0.00807	0.00161	0.00807	0.00646	0.00646	0.68346
86	0.01543	0.01115	0.01457	0.01372	0.01629	0.01029	0.01029	0.02058	0.03086	0.04372	0.54304	0.08145	0.10288	0.02229	0.01286	0.00343	0.00514	0.01972	0.01200	0.01029
87	0.02462	0.02349	0.03998	0.26063	0.37357	0.02528	0.03229	0.03139	0.02371	0.03275	0.02009	0.02776	0.01626	0.01015	0.01083	0.00338	0.01354	0.00971	0.00519	0.01536
88	0.03151	0.17326	0.14239	0.02971	0.03998	0.11160	0.13015	0.14262	0.03089	0.03911	0.02019	0.02337	0.01554	0.01061	0.01018	0.00311	0.01519	0.00884	0.00638	0.01536
89	0.02791	0.01422	0.02040	0.01822	0.02256	0.01452	0.01452	0.03192	0.02259	0.22174	0.03431	0.04072	0.02716	0.05652	0.36548	0.01229	0.02183	0.01142	0.00867	0.01300
90	0.01622	0.01167	0.01568	0.01607	0.01862	0.01112	0.01298	0.02132	0.02873	0.03962	0.36353	0.09681	0.08804	0.02519	0.01367	0.00402	0.00696	0.18827	0.01128	0.01020
91	0.02354	0.02086	0.03292	0.04033	0.24176	0.02076	0.06821	0.08565	0.02702	0.03687	0.04007	0.20179	0.07588	0.01859	0.01208	0.00366	0.01083	0.01725	0.00783	0.01410
92	0.02628	0.02519	0.04298	0.12460	0.49663	0.02572	0.03311	0.03285	0.02449	0.03477	0.02039	0.02722	0.01697	0.00985	0.01081	0.00328	0.01313	0.00971	0.00534	0.01670
93	0.02631	0.02694	0.04796	0.03615	0.04517	0.02739	0.30621	0.04442	0.23343	0.03934	0.03127	0.03406	0.02345	0.01150	0.01214	0.00369	0.01436	0.01264	0.00782	0.01576
94	0.02059	0.01938	0.03270	0.59060	0.07510	0.02422	0.03028	0.02786	0.02180	0.02786	0.01938	0.02907	0.01453	0.01090	0.01090	0.00363	0.01453	0.00969	0.00484	0.01211
95	0.03002	0.02634	0.04782	0.03562	0.04484	0.02580	0.29695	0.11041	0.06776	0.09809	0.03004	0.03948	0.02363	0.01266	0.01243	0.00371	0.01489	0.05599	0.00806	0.01546
96	0.02775	0.02105	0.03839	0.02974	0.03657	0.02036	0.21230	0.03367	0.02609	0.15281	0.08291	0.11384	0.03720	0.01684	0.01458	0.00387	0.05979	0.04957	0.00879	0.01387
97	0.02879	0.02009	0.02959	0.02448	0.03099	0.02020	0.10548	0.04220	0.17976	0.15707	0.10343	0.05654	0.04227	0.01695	0.01226	0.00381	0.01035	0.09014	0.01056	0.01503
98	0.02269	0.02624	0.08597	0.03641	0.04501	0.02277	0.33828	0.03014	0.02393	0.03251	0.02901	0.08332	0.02691	0.08732	0.01817	0.00467	0.01572	0.05164	0.00628	0.01302
99	0.02457	0.02452	0.07739	0.03513	0.08707	0.02266	0.18903	0.03131	0.02455	0.07045	0.03293	0.05652	0.03068	0.01709	0.01582	0.00413	0.08555	0.14974	0.00727	0.01359

[dist]
# distance from previous block
# <min> <max>
2	47

[block]
# block no. 1 follows, 12 sequences, length 7
# corresponding to MSA columns:
# 2318-2324
name=unknown_B
#
# <colnr> <probs for GDERKNQSTAVLIFYWHMCP>
#	G	D	E	R	K	N	Q	S	T	A	V	L	I	F	Y	W	H	M	C	P
0	0.24694	0.10385	0.03052	0.02599	0.08912	0.16792	0.01874	0.07628	0.02685	0.09238	0.01998	0.02195	0.01540	0.01085	0.00882	0.00308	0.01263	0.00747	0.00707	0.01417
1	0.13026	0.02550	0.03155	0.02829	0.09250	0.07461	0.07287	0.08889	0.02911	0.20654	0.02723	0.02791	0.01922	0.01123	0.01012	0.00313	0.01174	0.00931	0.00889	0.09109
2	0.02842	0.02754	0.04100	0.03968	0.16148	0.05607	0.14047	0.09084	0.11951	0.03943	0.02492	0.02899	0.01960	0.01193	0.01395	0.00348	0.07896	0.01061	0.00708	0.05604
3	0.08906	0.01737	0.02335	0.16034	0.09459	0.01934	0.01855	0.02839	0.08251	0.03159	0.03101	0.05249	0.02993	0.19766	0.02452	0.00583	0.01129	0.06378	0.00699	0.01141
4	0.01973	0.01264	0.01702	0.01836	0.02141	0.01209	0.01545	0.02405	0.02523	0.08537	0.06294	0.16603	0.11910	0.02856	0.01425	0.00462	0.00900	0.32306	0.01041	0.01068
5	0.02419	0.01962	0.02916	0.10809	0.08432	0.01918	0.07284	0.03248	0.08349	0.07676	0.07992	0.04001	0.03069	0.08599	0.01617	0.00397	0.01081	0.01152	0.00772	0.16310
6	0.11768	0.02486	0.08761	0.02851	0.09195	0.02193	0.07508	0.03539	0.13294	0.03841	0.03251	0.09364	0.02931	0.01515	0.01093	0.00356	0.01091	0.05934	0.00779	0.08251

[dist]
# distance from previous block
# <min> <max>
1	119

[block]
# block no. 2 follows, 12 sequences, length 38
# corresponding to MSA columns:
# 2475-2512
name=unknown_C
#
# <colnr> <probs for GDERKNQSTAVLIFYWHMCP>
#	G	D	E	R	K	N	Q	S	T	A	V	L	I	F	Y	W	H	M	C	P
0	0.12281	0.02004	0.02929	0.02590	0.08202	0.01870	0.09894	0.03150	0.02373	0.10921	0.06608	0.03684	0.02728	0.09358	0.01623	0.00400	0.01067	0.01077	0.00768	0.16475
1	0.02545	0.02262	0.03390	0.04446	0.30964	0.02230	0.02453	0.06652	0.06419	0.04009	0.11167	0.03661	0.03298	0.01224	0.01079	0.00308	0.01055	0.01116	0.00748	0.10974
2	0.07958	0.02419	0.03687	0.16597	0.20365	0.02518	0.07545	0.10064	0.02726	0.03962	0.02066	0.02626	0.01618	0.01023	0.01036	0.00317	0.01271	0.00930	0.00633	0.10639
3	0.32887	0.02084	0.02264	0.09815	0.03133	0.02349	0.01668	0.03483	0.06106	0.10034	0.02166	0.02453	0.01638	0.01169	0.01130	0.00339	0.07004	0.00796	0.00737	0.08745
4	0.07862	0.02432	0.04038	0.04211	0.20564	0.02458	0.15757	0.07514	0.06817	0.03909	0.02872	0.11220	0.02600	0.01385	0.01153	0.00358	0.01270	0.01359	0.00718	0.01502
5	0.03145	0.02689	0.02770	0.10497	0.07238	0.13540	0.02005	0.08880	0.11630	0.11016	0.11649	0.03870	0.03502	0.01407	0.01105	0.00334	0.01189	0.01149	0.00914	0.01470
6	0.14112	0.06748	0.17704	0.02928	0.07335	0.02621	0.09076	0.04044	0.13131	0.08019	0.02611	0.02783	0.01930	0.01125	0.01012	0.00344	0.01249	0.00948	0.00724	0.01558
7	0.03063	0.35487	0.04740	0.02285	0.03063	0.03538	0.06193	0.03684	0.06500	0.10053	0.02187	0.02403	0.01763	0.01171	0.01244	0.00305	0.09387	0.00821	0.00649	0.01466
8	0.01856	0.01551	0.02369	0.15174	0.12031	0.01607	0.01871	0.02440	0.02781	0.03880	0.33682	0.06045	0.06852	0.01760	0.01207	0.00344	0.00858	0.01577	0.00928	0.01189
9	0.01818	0.01526	0.02381	0.12561	0.14598	0.01579	0.01979	0.02244	0.02249	0.03023	0.04398	0.31403	0.04875	0.02418	0.01286	0.00411	0.00971	0.08317	0.00815	0.01145
10	0.02489	0.02552	0.03729	0.15543	0.04640	0.07793	0.15502	0.03127	0.02415	0.03272	0.01986	0.02565	0.01568	0.00935	0.01022	0.00276	0.01358	0.00902	0.00575	0.27751
11	0.37973	0.02817	0.10428	0.02464	0.03361	0.02556	0.12876	0.03572	0.07345	0.04340	0.02036	0.02347	0.01537	0.01043	0.00909	0.00349	0.01178	0.00844	0.00662	0.01363
12	0.29816	0.03979	0.02504	0.02267	0.02873	0.35680	0.01742	0.03901	0.02603	0.03545	0.01619	0.01889	0.01316	0.01080	0.00862	0.00303	0.01524	0.00658	0.00606	0.01231
13	0.02326	0.03495	0.23599	0.02627	0.03501	0.02522	0.02728	0.03943	0.18899	0.03678	0.03238	0.04299	0.02716	0.01578	0.01473	0.00393	0.09195	0.07531	0.00753	0.01507
14	0.69383	0.02109	0.01603	0.01434	0.02109	0.02446	0.01181	0.03205	0.01856	0.04892	0.01518	0.01771	0.01181	0.01012	0.00675	0.00337	0.00843	0.00590	0.00675	0.01181
15	0.02712	0.02342	0.02465	0.02219	0.02835	0.02712	0.01726	0.05794	0.52909	0.04561	0.04438	0.04068	0.03328	0.01479	0.01109	0.00370	0.00863	0.01233	0.01109	0.01726
16	0.04145	0.03054	0.03272	0.02509	0.03381	0.03381	0.02072	0.51243	0.05127	0.06872	0.02618	0.02618	0.01854	0.01309	0.01091	0.00327	0.01200	0.00982	0.01091	0.01854
17	0.01328	0.00949	0.01265	0.01518	0.01581	0.00886	0.01012	0.01518	0.02088	0.02783	0.06010	0.60969	0.07212	0.03416	0.01392	0.00443	0.00633	0.03100	0.01012	0.00886
18	0.01492	0.01091	0.01437	0.01655	0.01834	0.01036	0.01281	0.01817	0.02308	0.02995	0.06603	0.34905	0.13279	0.03168	0.01423	0.00456	0.00768	0.20508	0.01009	0.00937
19	0.02187	0.05640	0.56031	0.03108	0.04719	0.02532	0.04029	0.03453	0.02302	0.03453	0.01957	0.02302	0.01381	0.01036	0.01036	0.00345	0.01611	0.00806	0.00460	0.01611
20	0.02579	0.01588	0.01803	0.01641	0.02087	0.01703	0.01278	0.03906	0.18984	0.11041	0.03859	0.04048	0.02948	0.02320	0.08871	0.00514	0.01021	0.01120	0.27330	0.01358
21	0.01573	0.01069	0.01277	0.01347	0.01390	0.01060	0.00859	0.01668	0.01782	0.02365	0.04116	0.15400	0.04735	0.45501	0.04415	0.00895	0.00990	0.08061	0.00757	0.00739
22	0.03274	0.22934	0.03774	0.02290	0.03017	0.18403	0.01906	0.08334	0.18475	0.03572	0.02564	0.02603	0.02039	0.01187	0.00938	0.00297	0.01296	0.00851	0.00745	0.01501
23	0.03196	0.02810	0.15456	0.02096	0.03176	0.01770	0.02071	0.03848	0.02582	0.22395	0.02799	0.02796	0.01951	0.01059	0.00968	0.00270	0.01047	0.00848	0.00856	0.28005
24	0.02149	0.08289	0.19369	0.03344	0.14825	0.02329	0.02681	0.02791	0.02211	0.03129	0.03007	0.18588	0.03080	0.01761	0.01377	0.00371	0.07219	0.01474	0.00633	0.01375
25	0.02368	0.04373	0.32743	0.03806	0.05179	0.02638	0.26045	0.03472	0.02430	0.03472	0.02074	0.02602	0.01509	0.00981	0.01154	0.00356	0.01718	0.01032	0.00503	0.01545
26	0.01332	0.01106	0.01165	0.01150	0.01499	0.00939	0.00863	0.01649	0.02588	0.03189	0.18428	0.10093	0.46902	0.02671	0.01288	0.00364	0.00546	0.02245	0.01045	0.00939
27	0.02201	0.02216	0.04146	0.43987	0.07008	0.02515	0.16282	0.02981	0.02289	0.02981	0.02012	0.02916	0.01509	0.01043	0.01145	0.00365	0.01560	0.01057	0.00503	0.01283
28	0.02222	0.01734	0.01983	0.01836	0.02245	0.01857	0.01392	0.09835	0.19190	0.04387	0.19413	0.18944	0.06145	0.02151	0.01228	0.00374	0.00749	0.01873	0.01110	0.01331
29	0.02385	0.02385	0.03340	0.02863	0.02863	0.03340	0.02385	0.02624	0.01670	0.02624	0.01431	0.02385	0.01431	0.01908	0.03578	0.00477	0.59685	0.00954	0.00477	0.01193
30	0.01403	0.01026	0.01319	0.01422	0.01588	0.00942	0.00999	0.01721	0.02495	0.03382	0.24224	0.36408	0.13209	0.02914	0.01342	0.00399	0.00581	0.02604	0.01081	0.00942
31	0.22000	0.15790	0.03449	0.02098	0.02944	0.02695	0.06665	0.07370	0.02653	0.20729	0.02565	0.02573	0.01817	0.01115	0.00909	0.00316	0.01072	0.00852	0.00862	0.01526
32	0.03147	0.02378	0.03099	0.02497	0.03182	0.02509	0.08612	0.23760	0.10447	0.08712	0.03697	0.16125	0.03299	0.01756	0.01189	0.00366	0.01096	0.01546	0.01019	0.01564
33	0.01346	0.01023	0.01239	0.01362	0.01552	0.00917	0.00954	0.01609	0.02359	0.03060	0.14450	0.36939	0.23185	0.03034	0.01343	0.00404	0.00590	0.02679	0.01039	0.00917
34	0.02097	0.01991	0.03472	0.38224	0.12946	0.02264	0.07727	0.02757	0.02249	0.02964	0.02553	0.11037	0.02320	0.01383	0.01151	0.00370	0.01356	0.01301	0.00573	0.01263
35	0.02963	0.02261	0.09690	0.02048	0.02697	0.01794	0.01801	0.12435	0.02986	0.18047	0.04320	0.25872	0.04129	0.02112	0.01203	0.00378	0.00960	0.01823	0.01042	0.01439
36	0.03818	0.02430	0.09959	0.02098	0.02954	0.01899	0.01916	0.08674	0.07110	0.33008	0.10650	0.04050	0.03524	0.01432	0.01114	0.00341	0.00986	0.01176	0.01163	0.01698
37	0.03813	0.16532	0.12350	0.02254	0.03253	0.02800	0.02179	0.15534	0.03259	0.23189	0.02874	0.02768	0.01981	0.01193	0.00995	0.00313	0.01161	0.00904	0.00938	0.01711

[dist]
# distance from previous block
# <min> <max>
13	29

[block]
# block no. 3 follows, 12 sequences, length 39
# corresponding to MSA columns:
# 2543-2581
name=unknown_D
#
# <colnr> <probs for GDERKNQSTAVLIFYWHMCP>
#	G	D	E	R	K	N	Q	S	T	A	V	L	I	F	Y	W	H	M	C	P
0	0.02794	0.09541	0.37090	0.02863	0.04188	0.06974	0.03306	0.13457	0.02943	0.04036	0.02039	0.02299	0.01483	0.01091	0.01017	0.00328	0.01517	0.00817	0.00600	0.01619
1	0.03510	0.33678	0.04533	0.02177	0.03080	0.03863	0.01966	0.26459	0.03623	0.04647	0.02049	0.02169	0.01619	0.01115	0.00889	0.00279	0.01182	0.00776	0.00768	0.01619
2	0.04093	0.02358	0.02605	0.02091	0.02869	0.07812	0.01708	0.11862	0.03277	0.31402	0.03614	0.03967	0.02627	0.01408	0.01087	0.00324	0.01075	0.05228	0.01110	0.09482
3	0.02033	0.01016	0.01016	0.01016	0.01270	0.01016	0.00762	0.02541	0.02287	0.04065	0.03557	0.04065	0.02795	0.01270	0.00762	0.00254	0.00508	0.01016	0.67734	0.01016
4	0.02883	0.02390	0.03983	0.22542	0.20867	0.02528	0.09565	0.08554	0.02755	0.09737	0.02359	0.02910	0.01755	0.01083	0.01115	0.00345	0.01370	0.01031	0.00677	0.01551
5	0.07907	0.01498	0.01919	0.01615	0.02149	0.01373	0.01281	0.03509	0.03011	0.25933	0.29453	0.05818	0.06436	0.01771	0.01162	0.00340	0.00712	0.01503	0.01225	0.01387
6	0.02033	0.01016	0.01016	0.01016	0.01270	0.01016	0.00762	0.02541	0.02287	0.04065	0.03557	0.04065	0.02795	0.01270	0.00762	0.00254	0.00508	0.01016	0.67734	0.01016
7	0.41522	0.01874	0.01901	0.02058	0.07705	0.02037	0.01408	0.03000	0.02076	0.08268	0.02826	0.15607	0.02743	0.01586	0.00916	0.00360	0.00850	0.01247	0.00791	0.01225
8	0.01513	0.01137	0.01575	0.07622	0.02241	0.01121	0.01237	0.01920	0.02590	0.03567	0.29378	0.28698	0.08110	0.02581	0.01307	0.00385	0.00662	0.02315	0.01048	0.00991
9	0.02825	0.03341	0.22454	0.02363	0.03352	0.02248	0.02457	0.04448	0.19059	0.13219	0.03377	0.03340	0.02421	0.01265	0.01039	0.00341	0.01115	0.01022	0.08692	0.01623
10	0.02315	0.02199	0.03732	0.38127	0.26445	0.02490	0.03155	0.03010	0.02301	0.03096	0.01983	0.02824	0.01563	0.01043	0.01086	0.00348	0.01390	0.00970	0.00507	0.01417
11	0.01401	0.01007	0.01375	0.01598	0.01697	0.00981	0.01133	0.01648	0.02094	0.02805	0.05623	0.49122	0.06587	0.03929	0.07943	0.00602	0.00940	0.07644	0.00961	0.00909
12	0.03154	0.02562	0.02714	0.02308	0.03004	0.02918	0.01833	0.19808	0.38176	0.05274	0.03877	0.03621	0.02874	0.01427	0.01104	0.00357	0.00967	0.01155	0.01104	0.01765
13	0.01586	0.01057	0.01189	0.01189	0.01189	0.01057	0.00661	0.01586	0.01586	0.02114	0.03436	0.07135	0.03964	0.61681	0.05550	0.01057	0.01057	0.01586	0.00661	0.00661
14	0.02187	0.05640	0.56031	0.03108	0.04719	0.02532	0.04029	0.03453	0.02302	0.03453	0.01957	0.02302	0.01381	0.01036	0.01036	0.00345	0.01611	0.00806	0.00460	0.01611
15	0.02261	0.01938	0.02261	0.01615	0.02584	0.01453	0.01292	0.02745	0.02261	0.03553	0.01938	0.02261	0.01615	0.00807	0.00807	0.00161	0.00807	0.00646	0.00646	0.68346
16	0.02261	0.01938	0.02261	0.01615	0.02584	0.01453	0.01292	0.02745	0.02261	0.03553	0.01938	0.02261	0.01615	0.00807	0.00807	0.00161	0.00807	0.00646	0.00646	0.68346
17	0.02356	0.01843	0.02120	0.01709	0.02364	0.01694	0.01344	0.13252	0.03092	0.04361	0.15032	0.09715	0.08505	0.01641	0.01072	0.00282	0.00792	0.01382	0.00935	0.26510
18	0.01348	0.01027	0.01247	0.01412	0.01596	0.00927	0.01006	0.01592	0.02260	0.02877	0.07753	0.39520	0.23662	0.03156	0.01365	0.00421	0.00633	0.06280	0.01012	0.00907
19	0.01561	0.01155	0.01687	0.01687	0.01859	0.01327	0.01281	0.01905	0.01733	0.02482	0.02981	0.04617	0.02871	0.14428	0.51307	0.01671	0.02703	0.01217	0.00593	0.00937
20	0.02033	0.01016	0.01016	0.01016	0.01270	0.01016	0.00762	0.02541	0.02287	0.04065	0.03557	0.04065	0.02795	0.01270	0.00762	0.00254	0.00508	0.01016	0.67734	0.01016
21	0.08571	0.01914	0.02224	0.01987	0.02463	0.02187	0.01579	0.13953	0.12730	0.04131	0.03027	0.03635	0.02508	0.04636	0.28259	0.01026	0.01932	0.01086	0.00812	0.01341
22	0.11121	0.02720	0.02915	0.02287	0.03111	0.02971	0.01879	0.35501	0.08862	0.13278	0.02902	0.02813	0.02035	0.01298	0.01049	0.00334	0.01093	0.00979	0.01084	0.01770
23	0.02033	0.01016	0.01016	0.01016	0.01270	0.01016	0.00762	0.02541	0.02287	0.04065	0.03557	0.04065	0.02795	0.01270	0.00762	0.00254	0.00508	0.01016	0.67734	0.01016
24	0.36246	0.01845	0.01743	0.01536	0.02077	0.02022	0.01228	0.08386	0.02701	0.04928	0.21499	0.04267	0.04685	0.01505	0.00953	0.00338	0.00761	0.01156	0.00921	0.01202
25	0.21961	0.01850	0.02619	0.02238	0.02760	0.01913	0.12306	0.02799	0.06123	0.03709	0.03697	0.25878	0.03867	0.01989	0.01133	0.00389	0.00984	0.01800	0.00816	0.01171
26	0.02264	0.02147	0.03641	0.42258	0.22708	0.02476	0.03130	0.02966	0.02277	0.03035	0.01974	0.02840	0.01541	0.01052	0.01087	0.00351	0.01403	0.00970	0.00502	0.01377
27	0.01289	0.01105	0.01105	0.01105	0.01473	0.00920	0.00828	0.01565	0.02485	0.02946	0.11046	0.10493	0.54437	0.02761	0.01289	0.00368	0.00552	0.02301	0.01013	0.00920
28	0.02699	0.02591	0.04426	0.06693	0.54879	0.02591	0.03346	0.03346	0.02483	0.03562	0.02051	0.02699	0.01727	0.00972	0.01079	0.00324	0.01295	0.00972	0.00540	0.01727
29	0.02059	0.01938	0.03270	0.59060	0.07510	0.02422	0.03028	0.02786	0.02180	0.02786	0.01938	0.02907	0.01453	0.01090	0.01090	0.00363	0.01453	0.00969	0.00484	0.01211
30	0.49230	0.02820	0.02007	0.01807	0.02452	0.14765	0.01433	0.03677	0.06354	0.04366	0.01797	0.02005	0.01409	0.01076	0.00780	0.00327	0.01097	0.00669	0.00685	0.01245
31	0.02574	0.02941	0.06434	0.04596	0.05699	0.02757	0.50919	0.03493	0.02574	0.03493	0.02206	0.02941	0.01654	0.00919	0.01287	0.00368	0.01838	0.01287	0.00551	0.01471
32	0.01465	0.01111	0.01349	0.01289	0.01581	0.00995	0.00967	0.01906	0.02901	0.03932	0.40966	0.08869	0.23901	0.02393	0.01287	0.00351	0.00526	0.02073	0.01142	0.00995
33	0.01568	0.01126	0.01536	0.01536	0.01656	0.01246	0.01094	0.01808	0.01688	0.02371	0.03118	0.05377	0.03201	0.28692	0.37495	0.01486	0.02206	0.01328	0.00613	0.00854
34	0.01689	0.01361	0.02003	0.01928	0.02092	0.01676	0.01525	0.02054	0.01739	0.02546	0.02685	0.03983	0.02521	0.07186	0.48852	0.01551	0.11901	0.01134	0.00567	0.01008
35	0.10140	0.02476	0.03064	0.02494	0.03019	0.02925	0.05797	0.18110	0.08870	0.04604	0.02414	0.02785	0.01899	0.01440	0.01771	0.00374	0.18452	0.00988	0.06914	0.01464
36	0.02517	0.01949	0.02145	0.01958	0.02501	0.02127	0.01539	0.04592	0.34044	0.08232	0.09340	0.05912	0.11213	0.01829	0.01179	0.00375	0.00809	0.05114	0.01113	0.01512
37	0.02261	0.01938	0.02261	0.01615	0.02584	0.01453	0.01292	0.02745	0.02261	0.03553	0.01938	0.02261	0.01615	0.00807	0.00807	0.00161	0.00807	0.00646	0.00646	0.68346
38	0.03170	0.02632	0.07397	0.02036	0.02968	0.06185	0.01771	0.07610	0.06732	0.15493	0.02701	0.02737	0.01974	0.01067	0.00953	0.00257	0.01034	0.00839	0.00852	0.31591

[dist]
# distance from previous block
# <min> <max>
1	5

[block]
# block no. 4 follows, 12 sequences, length 18
# corresponding to MSA columns:
# 2587-2604
name=unknown_E
#
# <colnr> <probs for GDERKNQSTAVLIFYWHMCP>
#	G	D	E	R	K	N	Q	S	T	A	V	L	I	F	Y	W	H	M	C	P
0	0.02916	0.04806	0.30112	0.02929	0.03997	0.15936	0.03115	0.09680	0.02776	0.03600	0.01912	0.02272	0.01453	0.01198	0.01340	0.00344	0.08718	0.00821	0.00567	0.01508
1	0.10316	0.17330	0.16318	0.02124	0.02992	0.02664	0.02173	0.03474	0.10812	0.03711	0.09987	0.04041	0.03353	0.01412	0.00998	0.00334	0.01082	0.04738	0.00745	0.01396
2	0.01667	0.01388	0.02042	0.23876	0.03838	0.01529	0.01734	0.02092	0.02227	0.02908	0.10448	0.18984	0.10666	0.09737	0.01780	0.00469	0.00984	0.01843	0.00784	0.01005
3	0.02592	0.02482	0.04233	0.15442	0.46965	0.02563	0.03293	0.03253	0.02432	0.03432	0.02032	0.02733	0.01681	0.00991	0.01081	0.00330	0.01322	0.00971	0.00530	0.01641
4	0.34756	0.25498	0.03189	0.01595	0.02317	0.02994	0.01429	0.03082	0.02153	0.03917	0.08267	0.02578	0.02431	0.01137	0.00763	0.00297	0.00927	0.00764	0.00661	0.01247
5	0.02815	0.01683	0.02547	0.02098	0.02629	0.01647	0.07679	0.03468	0.06555	0.19438	0.09699	0.04727	0.03698	0.10233	0.15231	0.00771	0.01484	0.01314	0.00944	0.01341
6	0.01747	0.00974	0.01345	0.01377	0.01385	0.00966	0.00886	0.01473	0.01546	0.02061	0.02792	0.11607	0.03073	0.17689	0.04205	0.43407	0.00933	0.01376	0.00587	0.00571
7	0.02033	0.01016	0.01016	0.01016	0.01270	0.01016	0.00762	0.02541	0.02287	0.04065	0.03557	0.04065	0.02795	0.01270	0.00762	0.00254	0.00508	0.01016	0.67734	0.01016
8	0.03044	0.03483	0.03242	0.02842	0.03061	0.24410	0.02277	0.03299	0.02224	0.02641	0.01531	0.02222	0.01421	0.01602	0.02565	0.00400	0.37149	0.00856	0.00510	0.01221
9	0.07548	0.02377	0.03364	0.02503	0.03426	0.02231	0.13389	0.09117	0.09124	0.04160	0.02372	0.02662	0.01840	0.00995	0.00986	0.00270	0.01112	0.00911	0.00737	0.30873
10	0.02033	0.01016	0.01016	0.01016	0.01270	0.01016	0.00762	0.02541	0.02287	0.04065	0.03557	0.04065	0.02795	0.01270	0.00762	0.00254	0.00508	0.01016	0.67734	0.01016
11	0.01571	0.01115	0.01484	0.01484	0.01585	0.01217	0.01028	0.01775	0.01673	0.02332	0.03166	0.05645	0.03317	0.33719	0.32627	0.01420	0.02031	0.01367	0.00621	0.00824
12	0.11885	0.03687	0.02898	0.02459	0.03155	0.24238	0.01934	0.21451	0.09855	0.04703	0.02345	0.02440	0.01779	0.01222	0.01000	0.00316	0.01414	0.00856	0.00836	0.01526
13	0.08712	0.25209	0.16769	0.02356	0.03403	0.03068	0.05669	0.03842	0.06464	0.11412	0.02337	0.02457	0.01751	0.01072	0.00914	0.00306	0.01231	0.00818	0.00677	0.01533
14	0.01893	0.01934	0.03336	0.02601	0.03197	0.01886	0.19488	0.02402	0.02421	0.03109	0.06642	0.06744	0.28666	0.01980	0.01560	0.00381	0.08060	0.01767	0.00779	0.01156
15	0.02574	0.02650	0.05072	0.12102	0.30042	0.02636	0.21883	0.03337	0.02482	0.03443	0.02098	0.02818	0.01666	0.00965	0.01162	0.00346	0.01526	0.01094	0.00538	0.01566
16	0.61262	0.02137	0.01708	0.01529	0.02197	0.02478	0.01247	0.03520	0.08074	0.04852	0.01874	0.02051	0.01442	0.01069	0.00728	0.00341	0.00846	0.00669	0.00728	0.01247
17	0.02501	0.03872	0.28393	0.02677	0.03641	0.02602	0.02884	0.12460	0.02655	0.03809	0.02211	0.02953	0.01813	0.07011	0.06401	0.00537	0.10544	0.00960	0.00614	0.01461

[dist]
# distance from previous block
# <min> <max>
4	6

[block]
# block no. 5 follows, 12 sequences, length 45
# corresponding to MSA columns:
# 2611,2612,2615-2657
name=unknown_F
#
# <colnr> <probs for GDERKNQSTAVLIFYWHMCP>
#	G	D	E	R	K	N	Q	S	T	A	V	L	I	F	Y	W	H	M	C	P
0	0.62989	0.02084	0.01695	0.01484	0.02176	0.02362	0.01223	0.03414	0.01981	0.09923	0.01794	0.01964	0.01331	0.01046	0.00717	0.00337	0.00852	0.00641	0.00742	0.01248
1	0.02285	0.01919	0.03329	0.02636	0.03236	0.01849	0.18075	0.03138	0.07667	0.07657	0.18784	0.05955	0.05157	0.06958	0.01651	0.00432	0.01123	0.05958	0.00916	0.01275
2	0.03106	0.02633	0.03338	0.22993	0.13548	0.07482	0.02568	0.15211	0.06925	0.07844	0.02459	0.02864	0.01825	0.01174	0.01081	0.00339	0.01327	0.00978	0.00758	0.01546
3	0.01493	0.01081	0.01251	0.01243	0.01424	0.01020	0.00845	0.01640	0.02072	0.02665	0.11051	0.07938	0.23453	0.24062	0.07877	0.06488	0.00964	0.01804	0.00824	0.00806
4	0.02382	0.02228	0.03492	0.13987	0.19048	0.02093	0.07131	0.03002	0.02342	0.03408	0.01997	0.02575	0.01622	0.00919	0.00986	0.00267	0.01171	0.00864	0.00576	0.29910
5	0.02699	0.02591	0.04426	0.06693	0.54879	0.02591	0.03346	0.03346	0.02483	0.03562	0.02051	0.02699	0.01727	0.00972	0.01079	0.00324	0.01295	0.00972	0.00540	0.01727
6	0.03810	0.03439	0.03150	0.02617	0.03336	0.22012	0.05794	0.12748	0.14389	0.13144	0.02951	0.02924	0.02152	0.01257	0.01073	0.00325	0.01400	0.00982	0.00910	0.01586
7	0.02848	0.20472	0.14019	0.02652	0.03644	0.02982	0.11270	0.07824	0.07112	0.07808	0.06774	0.03048	0.02508	0.01173	0.01022	0.00316	0.01275	0.01004	0.00724	0.01525
8	0.01328	0.00949	0.01265	0.01518	0.01581	0.00886	0.01012	0.01518	0.02088	0.02783	0.06010	0.60969	0.07212	0.03416	0.01392	0.00443	0.00633	0.03100	0.01012	0.00886
9	0.02234	0.02522	0.17029	0.01893	0.02663	0.01526	0.01927	0.02885	0.02717	0.12515	0.19926	0.06326	0.17672	0.01875	0.01183	0.00349	0.00906	0.01575	0.00968	0.01308
10	0.02699	0.02591	0.04426	0.06693	0.54879	0.02591	0.03346	0.03346	0.02483	0.03562	0.02051	0.02699	0.01727	0.00972	0.01079	0.00324	0.01295	0.00972	0.00540	0.01727
11	0.02394	0.02280	0.03876	0.31620	0.32331	0.02511	0.03195	0.03080	0.02339	0.03193	0.01997	0.02798	0.01597	0.01028	0.01085	0.00343	0.01371	0.00970	0.00513	0.01482
12	0.02699	0.02591	0.04426	0.06693	0.54879	0.02591	0.03346	0.03346	0.02483	0.03562	0.02051	0.02699	0.01727	0.00972	0.01079	0.00324	0.01295	0.00972	0.00540	0.01727
13	0.04073	0.05197	0.03090	0.02809	0.03371	0.57303	0.02107	0.04354	0.03090	0.02669	0.01685	0.01966	0.01404	0.01124	0.00983	0.00281	0.01966	0.00702	0.00562	0.01264
14	0.02843	0.56716	0.10702	0.01989	0.02989	0.04138	0.02080	0.03284	0.02224	0.02653	0.01560	0.01804	0.01397	0.00943	0.00733	0.00244	0.01210	0.00605	0.00466	0.01420
15	0.02613	0.38809	0.26594	0.02381	0.03596	0.03575	0.02763	0.03343	0.02251	0.02934	0.01699	0.01979	0.01392	0.00976	0.00839	0.00280	0.01351	0.00675	0.00464	0.01487
16	0.02568	0.35349	0.29665	0.02457	0.03713	0.03466	0.02895	0.03354	0.02257	0.02988	0.01726	0.02012	0.01391	0.00982	0.00860	0.00287	0.01378	0.00689	0.00464	0.01500
17	0.01469	0.01143	0.01351	0.01452	0.01675	0.01084	0.01029	0.01991	0.07189	0.03142	0.11581	0.36116	0.20877	0.02934	0.01325	0.00405	0.00621	0.02588	0.01038	0.00989
18	0.02187	0.05640	0.56031	0.03108	0.04719	0.02532	0.04029	0.03453	0.02302	0.03453	0.01957	0.02302	0.01381	0.01036	0.01036	0.00345	0.01611	0.00806	0.00460	0.01611
19	0.02187	0.05640	0.56031	0.03108	0.04719	0.02532	0.04029	0.03453	0.02302	0.03453	0.01957	0.02302	0.01381	0.01036	0.01036	0.00345	0.01611	0.00806	0.00460	0.01611
20	0.40866	0.02036	0.01882	0.01511	0.02311	0.02024	0.01228	0.03010	0.02028	0.04323	0.01697	0.01979	0.01365	0.00925	0.00731	0.00263	0.00828	0.00614	0.00663	0.29716
21	0.01894	0.00947	0.01420	0.01420	0.01420	0.00947	0.00947	0.01420	0.01420	0.01894	0.01894	0.03314	0.01894	0.03788	0.04261	0.68277	0.00947	0.00947	0.00473	0.00473
22	0.01543	0.01115	0.01457	0.01372	0.01629	0.01029	0.01029	0.02058	0.03086	0.04372	0.54304	0.08145	0.10288	0.02229	0.01286	0.00343	0.00514	0.01972	0.01200	0.01029
23	0.02574	0.02941	0.06434	0.04596	0.05699	0.02757	0.50919	0.03493	0.02574	0.03493	0.02206	0.02941	0.01654	0.00919	0.01287	0.00368	0.01838	0.01287	0.00551	0.01471
24	0.02033	0.01016	0.01016	0.01016	0.01270	0.01016	0.00762	0.02541	0.02287	0.04065	0.03557	0.04065	0.02795	0.01270	0.00762	0.00254	0.00508	0.01016	0.67734	0.01016
25	0.02915	0.62337	0.05714	0.01866	0.02799	0.04314	0.01866	0.03265	0.02215	0.02565	0.01516	0.01749	0.01399	0.00933	0.00700	0.00233	0.01166	0.00583	0.00466	0.01399
26	0.02095	0.01990	0.02689	0.02347	0.02575	0.06139	0.06014	0.02453	0.02010	0.02796	0.07291	0.04015	0.02961	0.09145	0.21277	0.00921	0.20393	0.01191	0.00612	0.01086
27	0.02033	0.01016	0.01016	0.01016	0.01270	0.01016	0.00762	0.02541	0.02287	0.04065	0.03557	0.04065	0.02795	0.01270	0.00762	0.00254	0.00508	0.01016	0.67734	0.01016
28	0.02745	0.10989	0.37492	0.02911	0.04185	0.16867	0.03323	0.03668	0.02497	0.03165	0.01844	0.02162	0.01389	0.01049	0.00990	0.00318	0.01660	0.00757	0.00487	0.01501
29	0.34783	0.12274	0.02451	0.01641	0.02289	0.07380	0.01375	0.07269	0.02380	0.04327	0.01998	0.02275	0.01588	0.01081	0.00757	0.00299	0.00964	0.00710	0.12907	0.01252
30	0.01894	0.00947	0.01420	0.01420	0.01420	0.00947	0.00947	0.01420	0.01420	0.01894	0.01894	0.03314	0.01894	0.03788	0.04261	0.68277	0.00947	0.00947	0.00473	0.00473
31	0.01549	0.01137	0.01583	0.01533	0.01764	0.01171	0.01171	0.02011	0.02520	0.03590	0.32473	0.06504	0.07075	0.04756	0.25109	0.00942	0.01537	0.01630	0.00938	0.01005
32	0.02385	0.02385	0.03340	0.02863	0.02863	0.03340	0.02385	0.02624	0.01670	0.02624	0.01431	0.02385	0.01431	0.01908	0.03578	0.00477	0.59685	0.00954	0.00477	0.01193
33	0.02574	0.02941	0.06434	0.04596	0.05699	0.02757	0.50919	0.03493	0.02574	0.03493	0.02206	0.02941	0.01654	0.00919	0.01287	0.00368	0.01838	0.01287	0.00551	0.01471
