[name]
unknown

[dist]
# distance from previous block
# <min> <max>
0	0

[block]
# block no. 0 follows, 13 sequences, length 9
# corresponding to MSA columns:
# 46-54
name=unknown_A
#
# <colnr> <probs for GDERKNQSTAVLIFYWHMCP>
#	G	D	E	R	K	N	Q	S	T	A	V	L	I	F	Y	W	H	M	C	P
0	0.01704	0.01217	0.01704	0.01947	0.02191	0.01217	0.01704	0.02191	0.02434	0.03164	0.05598	0.11926	0.06085	0.02921	0.01460	0.00487	0.00974	0.49130	0.00974	0.00974
1	0.02524	0.02418	0.04124	0.14530	0.48930	0.02488	0.03199	0.03164	0.02364	0.03342	0.01972	0.02647	0.01635	0.00959	0.01048	0.00320	0.01279	0.00942	0.00515	0.01600
2	0.01397	0.01127	0.01681	0.01697	0.01898	0.01037	0.05852	0.01661	0.02126	0.02788	0.06202	0.48779	0.13737	0.02988	0.01325	0.00412	0.00713	0.02723	0.00939	0.00918
3	0.01515	0.01160	0.01413	0.01513	0.01711	0.01146	0.01070	0.02171	0.09982	0.03201	0.13522	0.40382	0.11586	0.02800	0.01284	0.00397	0.00622	0.02499	0.01023	0.01004
4	0.03453	0.03075	0.08677	0.02394	0.03114	0.10942	0.02085	0.18628	0.08310	0.13718	0.02707	0.02831	0.01990	0.01769	0.05389	0.00431	0.07118	0.00947	0.00869	0.01552
5	0.02267	0.03258	0.20198	0.21223	0.19633	0.02467	0.09602	0.03132	0.02278	0.03189	0.01948	0.02591	0.01486	0.00989	0.01063	0.00337	0.01461	0.00932	0.00486	0.01460
6	0.13900	0.02518	0.03431	0.02911	0.08477	0.02602	0.10884	0.21731	0.03395	0.15885	0.02589	0.02696	0.01821	0.01134	0.01030	0.00328	0.01175	0.00969	0.00903	0.01620
7	0.01481	0.01053	0.01326	0.01350	0.01445	0.01092	0.00902	0.01640	0.01706	0.02306	0.04011	0.11712	0.07949	0.34821	0.21496	0.01126	0.01517	0.01609	0.00678	0.00778
8	0.02388	0.02740	0.16118	0.02402	0.03232	0.01965	0.09561	0.08259	0.05750	0.08929	0.09208	0.10200	0.11309	0.01660	0.01150	0.00349	0.01097	0.01466	0.00846	0.01372

[dist]
# distance from previous block
# <min> <max>
0	1

[block]
# block no. 1 follows, 13 sequences, length 42
# corresponding to MSA columns:
# 56-58,81-119
name=unknown_B
#
# <colnr> <probs for GDERKNQSTAVLIFYWHMCP>
#	G	D	E	R	K	N	Q	S	T	A	V	L	I	F	Y	W	H	M	C	P
0	0.02481	0.02373	0.04046	0.18289	0.45510	0.02476	0.03177	0.03126	0.02343	0.03289	0.01965	0.02661	0.01617	0.00967	0.01049	0.00322	0.01290	0.00942	0.00512	0.01565
1	0.32428	0.16599	0.09603	0.01977	0.02774	0.15243	0.01829	0.03397	0.02194	0.03600	0.01560	0.01818	0.01263	0.00991	0.00769	0.00294	0.01219	0.00621	0.00560	0.01261
2	0.34335	0.06384	0.02326	0.07143	0.02832	0.02257	0.01521	0.03868	0.05334	0.20889	0.02530	0.02545	0.01773	0.01113	0.00848	0.00324	0.00923	0.00798	0.00854	0.01401
3	0.08941	0.03387	0.22740	0.03700	0.20666	0.02249	0.02876	0.03385	0.02322	0.08795	0.02108	0.02438	0.01583	0.00985	0.00964	0.00305	0.01232	0.00823	0.00598	0.09904
4	0.70310	0.02045	0.01554	0.01390	0.02045	0.02372	0.01145	0.03108	0.01799	0.04744	0.01472	0.01718	0.01145	0.00981	0.00654	0.00327	0.00818	0.00573	0.00654	0.01145
5	0.02369	0.02051	0.05835	0.02103	0.02377	0.02214	0.01734	0.11847	0.02238	0.03143	0.02070	0.03230	0.01940	0.09576	0.06429	0.18831	0.19358	0.01002	0.00602	0.01049
6	0.01868	0.01231	0.01495	0.01398	0.01749	0.01138	0.01057	0.02443	0.06440	0.09844	0.29151	0.13052	0.20548	0.02261	0.01224	0.00350	0.00591	0.01955	0.01108	0.01098
7	0.02498	0.02391	0.04077	0.16821	0.46845	0.02481	0.03186	0.03141	0.02351	0.03310	0.01968	0.02656	0.01624	0.00964	0.01049	0.00321	0.01286	0.00942	0.00513	0.01579
8	0.01489	0.01007	0.01285	0.01410	0.01547	0.00963	0.01008	0.01790	0.02237	0.03141	0.15010	0.32464	0.06613	0.09049	0.01693	0.00458	0.00664	0.08056	0.09224	0.00893
9	0.01532	0.01195	0.01409	0.01385	0.01673	0.01144	0.01025	0.02218	0.08919	0.03626	0.28801	0.17375	0.20914	0.02410	0.01245	0.00359	0.00570	0.02099	0.01073	0.01028
10	0.02354	0.01874	0.02209	0.01586	0.02518	0.01419	0.01272	0.02820	0.02245	0.06842	0.02025	0.02282	0.01633	0.00816	0.00801	0.00167	0.00790	0.00654	0.00670	0.65022
11	0.02187	0.10907	0.52505	0.02901	0.04402	0.02617	0.03710	0.03331	0.02224	0.03268	0.01857	0.02182	0.01341	0.00995	0.00974	0.00325	0.01522	0.00761	0.00447	0.01543
12	0.02782	0.04420	0.29170	0.02707	0.03788	0.13320	0.02859	0.09209	0.14128	0.03788	0.02444	0.02579	0.01807	0.01143	0.01016	0.00326	0.01427	0.00871	0.00668	0.01547
13	0.21856	0.02412	0.08892	0.01864	0.02753	0.01984	0.01703	0.07318	0.02574	0.22274	0.02599	0.02572	0.01798	0.01079	0.00890	0.00295	0.00955	0.00803	0.00876	0.14505
14	0.02350	0.24291	0.40548	0.02623	0.03972	0.03016	0.03226	0.03289	0.02205	0.03069	0.01759	0.02058	0.01345	0.00972	0.00899	0.00300	0.01422	0.00711	0.00448	0.01496
15	0.02827	0.63478	0.05540	0.01809	0.02714	0.04184	0.01809	0.03166	0.02148	0.02488	0.01470	0.01696	0.01357	0.00905	0.00678	0.00226	0.01131	0.00565	0.00452	0.01357
16	0.01566	0.01139	0.01524	0.01678	0.01911	0.01097	0.01384	0.01997	0.02495	0.03296	0.16317	0.17105	0.11840	0.02791	0.01383	0.00436	0.00790	0.29283	0.01014	0.00956
17	0.01837	0.00918	0.01377	0.01377	0.01377	0.00918	0.00918	0.01377	0.01377	0.01837	0.01837	0.03214	0.01837	0.03673	0.04132	0.69238	0.00918	0.00918	0.00459	0.00459
18	0.02394	0.09811	0.03813	0.02823	0.03038	0.03298	0.07174	0.02703	0.01770	0.02620	0.01472	0.02291	0.01405	0.01641	0.02912	0.00423	0.47822	0.00913	0.00468	0.01207
19	0.02781	0.01476	0.01869	0.01598	0.02104	0.01375	0.01257	0.03507	0.08773	0.23291	0.26717	0.06111	0.11040	0.01820	0.01161	0.00336	0.00686	0.01554	0.01189	0.01355
20	0.01518	0.01102	0.01544	0.01544	0.01680	0.01238	0.01128	0.01789	0.01653	0.02340	0.02974	0.04938	0.02984	0.23505	0.43542	0.01508	0.02320	0.01248	0.00587	0.00858
21	0.03950	0.05039	0.02996	0.02724	0.03269	0.58597	0.02043	0.04222	0.02996	0.02588	0.01634	0.01907	0.01362	0.01090	0.00953	0.00272	0.01907	0.00681	0.00545	0.01226
22	0.01288	0.00920	0.01227	0.01472	0.01534	0.00859	0.00981	0.01472	0.02024	0.02699	0.05828	0.62152	0.06993	0.03312	0.01350	0.00429	0.00613	0.03006	0.00981	0.00859
23	0.01512	0.01098	0.01244	0.01222	0.01548	0.00950	0.00910	0.01827	0.02523	0.06315	0.19254	0.15632	0.37039	0.02565	0.01250	0.00359	0.00559	0.02189	0.01040	0.00964
24	0.02514	0.01993	0.03110	0.38262	0.12008	0.02282	0.02615	0.07828	0.02519	0.08890	0.02446	0.06579	0.01958	0.01232	0.01075	0.00346	0.01263	0.01084	0.00654	0.01342
25	0.02117	0.03273	0.28569	0.02198	0.03138	0.01757	0.02459	0.02960	0.02628	0.08991	0.24617	0.04736	0.05077	0.01518	0.01112	0.00333	0.01053	0.01282	0.00831	0.01350
26	0.42088	0.27737	0.03221	0.01566	0.02325	0.03130	0.01423	0.03132	0.01945	0.03800	0.01471	0.01709	0.01234	0.00949	0.00664	0.00285	0.00949	0.00570	0.00570	0.01234
27	0.02827	0.63478	0.05540	0.01809	0.02714	0.04184	0.01809	0.03166	0.02148	0.02488	0.01470	0.01696	0.01357	0.00905	0.00678	0.00226	0.01131	0.00565	0.00452	0.01357
28	0.02171	0.08423	0.09098	0.12735	0.03785	0.02766	0.05961	0.02653	0.01982	0.02750	0.02725	0.03329	0.08024	0.01561	0.02084	0.00386	0.26769	0.01060	0.00530	0.01209
29	0.01454	0.01079	0.01354	0.01286	0.01553	0.00980	0.00964	0.01913	0.02892	0.04002	0.47938	0.08290	0.17875	0.02250	0.01247	0.00337	0.00505	0.01967	0.01133	0.00980
30	0.02444	0.09055	0.20688	0.02476	0.03344	0.02793	0.02491	0.04275	0.26063	0.03663	0.02900	0.02978	0.02214	0.01295	0.01307	0.00351	0.08412	0.00969	0.00738	0.01545
31	0.04182	0.01634	0.02156	0.01700	0.02402	0.01439	0.01389	0.04608	0.02862	0.46225	0.04025	0.03668	0.02636	0.01293	0.00998	0.00311	0.00817	0.01047	0.14975	0.01634
32	0.02883	0.02178	0.02383	0.02074	0.02686	0.02427	0.01631	0.09858	0.39274	0.10155	0.08933	0.04141	0.03656	0.01473	0.01089	0.00349	0.00844	0.01225	0.01107	0.01636
33	0.02887	0.02214	0.02398	0.02119	0.02743	0.02499	0.01659	0.05562	0.48091	0.10820	0.04287	0.03903	0.03153	0.01419	0.01074	0.00355	0.00844	0.01179	0.01104	0.01689
34	0.01795	0.01318	0.01482	0.01456	0.01612	0.01397	0.00979	0.02501	0.13209	0.02688	0.03783	0.06794	0.03945	0.43073	0.04025	0.00822	0.00978	0.06470	0.00771	0.00902
35	0.01997	0.01879	0.03171	0.60301	0.07282	0.02349	0.02936	0.02701	0.02114	0.02701	0.01879	0.02819	0.01409	0.01057	0.01057	0.00352	0.01409	0.00940	0.00470	0.01175
36	0.02617	0.02512	0.04292	0.06490	0.56246	0.02512	0.03245	0.03245	0.02407	0.03454	0.01989	0.02617	0.01675	0.00942	0.01047	0.00314	0.01256	0.00942	0.00523	0.01675
37	0.01420	0.01062	0.01318	0.01287	0.01541	0.00960	0.00953	0.01834	0.02761	0.03770	0.40435	0.14113	0.19862	0.02397	0.01258	0.00348	0.00519	0.02098	0.01104	0.00960
38	0.02932	0.02516	0.04207	0.04228	0.20959	0.02526	0.17167	0.07523	0.12660	0.10085	0.02771	0.03050	0.02071	0.01088	0.01114	0.00337	0.01283	0.01096	0.00763	0.01625
39	0.09275	0.02230	0.02780	0.17070	0.14243	0.07989	0.02151	0.03360	0.05628	0.10012	0.11532	0.03613	0.03163	0.01274	0.01039	0.00328	0.01120	0.01075	0.00764	0.01352
40	0.09004	0.32448	0.15002	0.02058	0.02984	0.03228	0.02117	0.09064	0.02464	0.03403	0.02112	0.07807	0.01937	0.01211	0.00854	0.00289	0.01143	0.00895	0.00595	0.01384
41	0.09075	0.02923	0.14854	0.06533	0.12557	0.02453	0.02511	0.09157	0.06282	0.09066	0.02537	0.06354	0.02058	0.01320	0.01280	0.00350	0.07451	0.01031	0.00717	0.01491

[dist]
# distance from previous block
# <min> <max>
2	9

[block]
# block no. 2 follows, 13 sequences, length 89
# corresponding to MSA columns:
# 129-217
name=unknown_C
#
# <colnr> <probs for GDERKNQSTAVLIFYWHMCP>
#	G	D	E	R	K	N	Q	S	T	A	V	L	I	F	Y	W	H	M	C	P
0	0.36234	0.17534	0.07206	0.01714	0.02533	0.02681	0.01606	0.03510	0.02142	0.13486	0.01992	0.02093	0.01479	0.01023	0.00762	0.00303	0.00970	0.00676	0.00705	0.01349
1	0.04146	0.02289	0.02700	0.02121	0.02914	0.02341	0.01736	0.22174	0.11957	0.30616	0.03611	0.03277	0.02423	0.01315	0.01063	0.00329	0.00984	0.01045	0.01182	0.01779
2	0.02959	0.22218	0.23836	0.02458	0.03585	0.03250	0.02647	0.19536	0.03108	0.04178	0.01979	0.02171	0.01496	0.01061	0.00923	0.00296	0.01300	0.00772	0.00649	0.01578
3	0.03838	0.02738	0.02972	0.02335	0.03135	0.03013	0.01910	0.40252	0.13491	0.10687	0.02993	0.02879	0.02122	0.01302	0.01061	0.00325	0.01083	0.01005	0.01083	0.01776
4	0.02284	0.04496	0.39904	0.04157	0.21575	0.02474	0.03689	0.03314	0.02290	0.03383	0.01927	0.02359	0.01450	0.00984	0.01018	0.00328	0.01462	0.00834	0.00472	0.01599
5	0.01932	0.01721	0.02679	0.40972	0.05509	0.02048	0.02358	0.02787	0.06911	0.03224	0.15070	0.04143	0.03635	0.01357	0.01105	0.00348	0.01140	0.01197	0.00690	0.01176
6	0.01487	0.01175	0.01535	0.01734	0.06328	0.01076	0.01136	0.01876	0.02603	0.03502	0.29266	0.17640	0.21900	0.02405	0.01248	0.00355	0.00596	0.02111	0.01023	0.01002
7	0.02410	0.02301	0.03918	0.24417	0.39934	0.02458	0.03142	0.03064	0.02310	0.03203	0.01952	0.02684	0.01586	0.00980	0.01050	0.00327	0.01307	0.00941	0.00506	0.01508
8	0.01320	0.00972	0.01237	0.01385	0.01526	0.00889	0.00957	0.01573	0.02258	0.03001	0.15562	0.44425	0.14996	0.03008	0.01316	0.00401	0.00581	0.02690	0.01014	0.00889
9	0.02777	0.02820	0.03662	0.10027	0.34296	0.11522	0.02759	0.03752	0.11222	0.03410	0.02312	0.02745	0.01862	0.01059	0.01038	0.00318	0.01304	0.00943	0.00615	0.01557
10	0.01288	0.00920	0.01227	0.01472	0.01534	0.00859	0.00981	0.01472	0.02024	0.02699	0.05828	0.62152	0.06993	0.03312	0.01350	0.00429	0.00613	0.03006	0.00981	0.00859
11	0.13161	0.01969	0.02444	0.22280	0.04148	0.02317	0.02033	0.03778	0.21323	0.03720	0.03162	0.04174	0.02610	0.01413	0.01049	0.00367	0.01050	0.06888	0.00784	0.01329
12	0.01425	0.01037	0.01341	0.01351	0.01557	0.00954	0.00981	0.01825	0.02697	0.03739	0.39480	0.22509	0.12153	0.02502	0.01275	0.00360	0.00532	0.02224	0.01103	0.00954
13	0.02173	0.02473	0.12614	0.21387	0.13004	0.02043	0.05853	0.02843	0.02270	0.06508	0.03224	0.12361	0.05772	0.01484	0.01116	0.00354	0.01226	0.01340	0.00644	0.01314
14	0.01576	0.01065	0.01341	0.01272	0.01521	0.00996	0.00954	0.02074	0.02862	0.04190	0.46890	0.07232	0.08752	0.02005	0.01161	0.00318	0.00498	0.01756	0.12541	0.00996
15	0.02384	0.04566	0.41926	0.02901	0.04232	0.02443	0.06550	0.03824	0.10662	0.06745	0.02436	0.02629	0.01736	0.01084	0.01035	0.00340	0.01420	0.00895	0.00605	0.01586
16	0.27788	0.17927	0.02862	0.01699	0.02381	0.02717	0.01457	0.10995	0.02567	0.07391	0.05562	0.07761	0.02466	0.01310	0.00849	0.00309	0.00921	0.00962	0.00767	0.01309
17	0.01413	0.01078	0.01298	0.01243	0.01529	0.00962	0.00932	0.01834	0.02797	0.03774	0.40550	0.08664	0.25406	0.02335	0.01248	0.00341	0.00511	0.02020	0.01103	0.00962
18	0.02518	0.18226	0.40698	0.02639	0.03986	0.02764	0.03220	0.03471	0.02285	0.08011	0.02007	0.02235	0.01459	0.01010	0.00936	0.00310	0.01405	0.00758	0.00526	0.01538
19	0.01573	0.01059	0.01447	0.01447	0.01536	0.01148	0.01006	0.01677	0.01588	0.02206	0.02856	0.05021	0.02956	0.27457	0.30293	0.12294	0.01860	0.01247	0.00577	0.00755
20	0.02827	0.63478	0.05540	0.01809	0.02714	0.04184	0.01809	0.03166	0.02148	0.02488	0.01470	0.01696	0.01357	0.00905	0.00678	0.00226	0.01131	0.00565	0.00452	0.01357
21	0.15821	0.01867	0.02216	0.01701	0.02525	0.01659	0.01393	0.04061	0.02563	0.32014	0.03019	0.02851	0.02047	0.01097	0.00908	0.00278	0.00851	0.00848	0.00993	0.21290
22	0.02297	0.19985	0.44395	0.02712	0.04110	0.02888	0.03382	0.03303	0.02211	0.03133	0.01790	0.02098	0.01344	0.00980	0.00923	0.00308	0.01455	0.00727	0.00448	0.01511
23	0.59229	0.01864	0.01501	0.01404	0.01963	0.02129	0.01119	0.02845	0.01835	0.04416	0.02171	0.11420	0.02084	0.01356	0.00766	0.00344	0.00785	0.00963	0.00707	0.01099
24	0.23597	0.08274	0.08275	0.02448	0.03345	0.02759	0.11328	0.15674	0.02887	0.08848	0.02118	0.02330	0.01549	0.01057	0.00933	0.00322	0.01187	0.00851	0.00748	0.01469
25	0.02596	0.01799	0.02503	0.02097	0.02639	0.01806	0.07626	0.06788	0.14747	0.13594	0.16521	0.13954	0.05055	0.01811	0.01179	0.00355	0.00868	0.01625	0.01056	0.01380
26	0.01312	0.01074	0.01157	0.01136	0.01466	0.00919	0.00852	0.01637	0.02556	0.03204	0.22005	0.09604	0.44307	0.02548	0.01249	0.00351	0.00526	0.02151	0.01028	0.00919
27	0.01997	0.01879	0.03171	0.60301	0.07282	0.02349	0.02936	0.02701	0.02114	0.02701	0.01879	0.02819	0.01409	0.01057	0.01057	0.00352	0.01409	0.00940	0.00470	0.01175
28	0.01379	0.01028	0.01283	0.01321	0.01533	0.00932	0.00952	0.01731	0.02566	0.03466	0.30598	0.25449	0.18616	0.02632	0.01280	0.00368	0.00543	0.02323	0.01068	0.00932
29	0.02763	0.02504	0.03970	0.12682	0.41515	0.02615	0.03007	0.11119	0.02782	0.03874	0.02063	0.02630	0.01661	0.01009	0.01050	0.00319	0.01261	0.00943	0.00602	0.01631
30	0.70310	0.02045	0.01554	0.01390	0.02045	0.02372	0.01145	0.03108	0.01799	0.04744	0.01472	0.01718	0.01145	0.00981	0.00654	0.00327	0.00818	0.00573	0.00654	0.01145
31	0.02192	0.02116	0.03699	0.42350	0.19377	0.02416	0.07002	0.02893	0.02218	0.02945	0.01928	0.02771	0.01491	0.01015	0.01070	0.00343	0.01401	0.00965	0.00488	0.01320
32	0.03950	0.05039	0.02996	0.02724	0.03269	0.58597	0.02043	0.04222	0.02996	0.02588	0.01634	0.01907	0.01362	0.01090	0.00953	0.00272	0.01907	0.00681	0.00545	0.01226
33	0.01959	0.01798	0.02946	0.02743	0.07187	0.01785	0.14091	0.02882	0.11649	0.03278	0.04617	0.25997	0.07526	0.02119	0.01251	0.00388	0.01012	0.04699	0.00850	0.01221
34	0.02630	0.02271	0.02391	0.02152	0.02749	0.02630	0.01674	0.05618	0.54336	0.04423	0.04303	0.03945	0.03228	0.01434	0.01076	0.00359	0.00837	0.01195	0.01076	0.01674
35	0.02020	0.04765	0.48381	0.02743	0.04095	0.02221	0.03439	0.03131	0.02354	0.03492	0.10534	0.03142	0.02726	0.01190	0.01043	0.00334	0.01392	0.00963	0.00562	0.01472
36	0.03363	0.02733	0.02613	0.02163	0.02818	0.09540	0.01727	0.28048	0.15014	0.05217	0.02965	0.03004	0.02209	0.01277	0.00995	0.00309	0.01071	0.00977	0.12394	0.01564
37	0.02191	0.10400	0.47722	0.02775	0.04222	0.02518	0.03479	0.03270	0.02221	0.03279	0.01857	0.02180	0.01361	0.00976	0.00955	0.00309	0.01454	0.00748	0.00463	0.07620
38	0.02275	0.02624	0.11981	0.02521	0.02891	0.02652	0.02304	0.07042	0.02023	0.02993	0.01839	0.02674	0.01648	0.02750	0.11738	0.05085	0.32289	0.00936	0.00530	0.01204
39	0.01453	0.01079	0.01353	0.01285	0.01553	0.00979	0.00963	0.01911	0.02890	0.03996	0.47771	0.08299	0.18046	0.02252	0.01247	0.00337	0.00505	0.01968	0.01132	0.00979
40	0.02577	0.02471	0.04219	0.09978	0.53073	0.02502	0.03225	0.03210	0.02388	0.03405	0.01982	0.02630	0.01658	0.00950	0.01047	0.00317	0.01266	0.00942	0.00520	0.01642
41	0.01482	0.01230	0.02032	0.01951	0.02175	0.01150	0.09238	0.01780	0.02100	0.02809	0.05235	0.52631	0.06128	0.02924	0.01333	0.00418	0.00801	0.02724	0.00910	0.00950
42	0.59133	0.02549	0.01797	0.01615	0.02251	0.11842	0.01296	0.03296	0.02001	0.04381	0.01500	0.01749	0.01182	0.01000	0.00705	0.00318	0.01001	0.00591	0.00636	0.01159
43	0.04697	0.01875	0.02500	0.01917	0.02737	0.01666	0.01584	0.08236	0.03152	0.53717	0.04065	0.03530	0.02564	0.01306	0.01063	0.00327	0.00917	0.01056	0.01292	0.01799
44	0.01541	0.01146	0.01700	0.01739	0.01937	0.01305	0.01383	0.01937	0.01817	0.02568	0.03276	0.05402	0.03196	0.07126	0.49470	0.01505	0.02534	0.08839	0.00632	0.00949
45	0.02313	0.02313	0.03238	0.02776	0.02776	0.03238	0.02313	0.02545	0.01619	0.02545	0.01388	0.02313	0.01388	0.01851	0.03470	0.00463	0.60907	0.00925	0.00463	0.01157
46	0.02874	0.02393	0.02528	0.02201	0.02843	0.02744	0.01733	0.13910	0.45646	0.04817	0.03993	0.03697	0.02976	0.01405	0.01073	0.00351	0.00894	0.01153	0.01073	0.01695
47	0.01493	0.00997	0.01278	0.01435	0.01588	0.00906	0.00989	0.01704	0.02145	0.06038	0.06485	0.50500	0.14312	0.03091	0.01317	0.00412	0.00619	0.02767	0.01002	0.00921
48	0.02230	0.10383	0.47737	0.02827	0.04244	0.02626	0.03516	0.03538	0.06943	0.03368	0.02077	0.02339	0.01512	0.01034	0.00982	0.00327	0.01458	0.00799	0.00504	0.01554
49	0.01282	0.00946	0.01201	0.01405	0.01516	0.00864	0.00951	0.01480	0.02089	0.02726	0.06650	0.53397	0.15217	0.03206	0.01333	0.00417	0.00600	0.02875	0.00982	0.00864
50	0.07994	0.09560	0.34568	0.02537	0.03747	0.02553	0.02931	0.03836	0.10625	0.08265	0.02411	0.02538	0.01741	0.01089	0.00964	0.00328	0.01289	0.00836	0.00640	0.01549
51	0.01810	0.01571	0.02191	0.01894	0.02373	0.01477	0.07633	0.02621	0.10661	0.03344	0.09795	0.22327	0.13351	0.02100	0.01178	0.00345	0.00801	0.01893	0.00901	0.11733
52	0.26077	0.02847	0.03364	0.02709	0.03300	0.12777	0.14381	0.03251	0.02148	0.03520	0.01649	0.02169	0.01354	0.01174	0.01491	0.00355	0.14797	0.00840	0.00561	0.01232
53	0.02096	0.01981	0.03351	0.51661	0.15143	0.02375	0.02986	0.02789	0.02161	0.02822	0.01897	0.02786	0.01452	0.01039	0.01055	0.00346	0.01385	0.00940	0.00478	0.01255
54	0.10080	0.01870	0.02345	0.01834	0.02629	0.01709	0.01502	0.04789	0.07445	0.42831	0.03739	0.03337	0.02448	0.01244	0.01003	0.00315	0.00876	0.00992	0.01169	0.07843
55	0.01494	0.01053	0.01255	0.01220	0.01357	0.01002	0.00805	0.01728	0.02226	0.03041	0.25959	0.07622	0.11078	0.31988	0.03276	0.00675	0.00760	0.01757	0.00891	0.00813
56	0.02625	0.02355	0.03054	0.03664	0.21403	0.02589	0.02221	0.04791	0.36230	0.04085	0.03496	0.03482	0.02686	0.01263	0.01066	0.00343	0.00983	0.01107	0.00883	0.01674
57	0.01304	0.01008	0.01190	0.01282	0.01496	0.00894	0.00909	0.01572	0.02336	0.03003	0.15581	0.31963	0.27938	0.02868	0.01292	0.00384	0.00563	0.02512	0.01010	0.00894
58	0.02119	0.03998	0.34352	0.06807	0.07332	0.02410	0.06226	0.03011	0.02104	0.03087	0.01994	0.02738	0.01613	0.05321	0.04764	0.00469	0.08866	0.00914	0.00479	0.01395
59	0.02617	0.02512	0.04292	0.06490	0.56246	0.02512	0.03245	0.03245	0.02407	0.03454	0.01989	0.02617	0.01675	0.00942	0.01047	0.00314	0.01256	0.00942	0.00523	0.01675
60	0.03329	0.14058	0.08077	0.02129	0.02955	0.02765	0.01921	0.19118	0.10712	0.14104	0.07639	0.03230	0.02766	0.01289	0.01003	0.00311	0.01039	0.01006	0.00947	0.01604
61	0.03026	0.02926	0.20816	0.02153	0.03073	0.01826	0.02227	0.06859	0.02768	0.22448	0.09673	0.07191	0.03307	0.01425	0.01063	0.00331	0.01050	0.01178	0.05147	0.01513
62	0.01837	0.00918	0.01377	0.01377	0.01377	0.00918	0.00918	0.01377	0.01377	0.01837	0.01837	0.03214	0.01837	0.03673	0.04132	0.69238	0.00918	0.00918	0.00459	0.00459
63	0.02827	0.63478	0.05540	0.01809	0.02714	0.04184	0.01809	0.03166	0.02148	0.02488	0.01470	0.01696	0.01357	0.00905	0.00678	0.00226	0.01131	0.00565	0.00452	0.01357
64	0.14491	0.02021	0.02315	0.01851	0.02548	0.02048	0.01510	0.17025	0.03345	0.25580	0.12585	0.03787	0.03487	0.01399	0.01029	0.00325	0.00885	0.01108	0.01110	0.01549
65	0.01501	0.01712	0.10311	0.01666	0.02040	0.01168	0.01457	0.01973	0.02427	0.03390	0.24186	0.31869	0.07222	0.02504	0.01255	0.00377	0.00722	0.02232	0.00965	0.01025
66	0.02827	0.63478	0.05540	0.01809	0.02714	0.04184	0.01809	0.03166	0.02148	0.02488	0.01470	0.01696	0.01357	0.00905	0.00678	0.00226	0.01131	0.00565	0.00452	0.01357
67	0.01625	0.01120	0.01391	0.01300	0.01608	0.01005	0.00983	0.02063	0.02854	0.06960	0.41860	0.08198	0.20604	0.02237	0.01237	0.00338	0.00531	0.01940	0.01128	0.01019
68	0.07930	0.12768	0.26622	0.16826	0.04593	0.02603	0.02914	0.03303	0.02227	0.07980	0.01998	0.02378	0.01458	0.01028	0.00945	0.00321	0.01340	0.00796	0.00547	0.01423
69	0.01997	0.01879	0.03171	0.60301	0.07282	0.02349	0.02936	0.02701	0.02114	0.02701	0.01879	0.02819	0.01409	0.01057	0.01057	0.00352	0.01409	0.00940	0.00470	0.01175
70	0.01433	0.01030	0.01301	0.01322	0.01489	0.00959	0.00923	0.01756	0.02471	0.03401	0.31484	0.21894	0.11206	0.12234	0.01937	0.00470	0.00615	0.02155	0.01021	0.00898
71	0.02066	0.02748	0.15737	0.43592	0.09846	0.02384	0.03180	0.02886	0.02160	0.02900	0.01891	0.02671	0.01411	0.01037	0.01044	0.00346	0.01435	0.00903	0.00468	0.01297
72	0.02401	0.03639	0.23280	0.03997	0.12997	0.02566	0.21377	0.03624	0.08751	0.03511	0.02296	0.02732	0.01722	0.01006	0.01110	0.00342	0.01505	0.01030	0.00569	0.01544
73	0.04431	0.01720	0.02343	0.01844	0.02594	0.01491	0.01502	0.04819	0.02935	0.52064	0.04321	0.08901	0.03013	0.01490	0.01089	0.00336	0.00874	0.01239	0.01279	0.01714
74	0.02967	0.01724	0.01996	0.01730	0.02256	0.01752	0.01354	0.11304	0.12010	0.17873	0.04477	0.13368	0.06621	0.01717	0.01061	0.00334	0.00785	0.01439	0.13815	0.01417
75	0.02713	0.54165	0.13861	0.02003	0.03013	0.03906	0.02146	0.03195	0.02162	0.02626	0.01539	0.01782	0.01354	0.00921	0.00731	0.00244	0.01200	0.00600	0.00451	0.01390
76	0.02070	0.01739	0.02055	0.01525	0.02343	0.01337	0.01208	0.02545	0.02333	0.03585	0.11352	0.03197	0.03047	0.01026	0.00865	0.00188	0.00733	0.00853	0.00721	0.57280
77	0.04313	0.02631	0.02824	0.02441	0.06394	0.11168	0.01846	0.15749	0.03426	0.33279	0.03249	0.03021	0.02167	0.01241	0.01043	0.00315	0.01145	0.00969	0.01078	0.01699
78	0.02990	0.01459	0.01909	0.01693	0.02171	0.01349	0.01302	0.03572	0.07223	0.27453	0.12956	0.22058	0.05178	0.02064	0.01181	0.00362	0.00743	0.01800	0.01166	0.01375
79	0.03415	0.02765	0.03463	0.02685	0.03502	0.03014	0.10014	0.32601	0.17359	0.05557	0.02931	0.02953	0.02137	0.01251	0.01093	0.00334	0.01178	0.01062	0.00978	0.01706
80	0.04744	0.01799	0.02454	0.01881	0.02699	0.01554	0.01554	0.05153	0.03026	0.56979	0.04171	0.03599	0.02617	0.01309	0.01063	0.00327	0.00900	0.01063	0.01309	0.01799
81	0.02795	0.53651	0.05035	0.01864	0.02719	0.03934	0.01787	0.03560	0.10527	0.02798	0.01925	0.02057	0.01657	0.00990	0.00742	0.00247	0.01084	0.00667	0.00552	0.01408
82	0.01301	0.00959	0.01219	0.01395	0.01521	0.00877	0.00954	0.01526	0.02173	0.02863	0.11084	0.48941	0.15099	0.03107	0.01324	0.00409	0.00591	0.02783	0.00998	0.00877
83	0.04222	0.01684	0.02287	0.01793	0.02519	0.01465	0.01465	0.04646	0.03021	0.48512	0.12442	0.04289	0.03799	0.01446	0.01093	0.00328	0.00835	0.01200	0.01285	0.01671
84	0.03760	0.01582	0.02138	0.01714	0.02360	0.01385	0.01385	0.04196	0.03016	0.41001	0.19779	0.04901	0.04847	0.01567	0.01119	0.00329	0.00778	0.01320	0.01265	0.01556
85	0.01479	0.01063	0.01414	0.01464	0.01666	0.00999	0.01107	0.01898	0.02666	0.03690	0.35427	0.21840	0.08620	0.02565	0.01306	0.00381	0.00603	0.09761	0.01089	0.00960
86	0.01288	0.00920	0.01227	0.01472	0.01534	0.00859	0.00981	0.01472	0.02024	0.02699	0.05828	0.62152	0.06993	0.03312	0.01350	0.00429	0.00613	0.03006	0.00981	0.00859
87	0.01287	0.01073	0.01123	0.01110	0.01451	0.00909	0.00833	0.01590	0.02498	0.03066	0.17538	0.09830	0.48859	0.02599	0.01249	0.00353	0.00530	0.02183	0.01009	0.00909
88	0.02662	0.02182	0.02352	0.02058	0.02637	0.02459	0.01614	0.12570	0.37763	0.04752	0.12675	0.04385	0.04135	0.01530	0.01102	0.00348	0.00832	0.01277	0.01088	0.01580

[dist]
# distance from previous block
# <min> <max>
0	1

[block]
# block no. 3 follows, 13 sequences, length 31
# corresponding to MSA columns:
# 219-249
name=unknown_D
#
# <colnr> <probs for GDERKNQSTAVLIFYWHMCP>
#	G	D	E	R	K	N	Q	S	T	A	V	L	I	F	Y	W	H	M	C	P
0	0.02065	0.09486	0.42859	0.02607	0.03875	0.02333	0.03202	0.03087	0.02364	0.03439	0.11670	0.03221	0.02916	0.01207	0.01022	0.00325	0.01333	0.00970	0.00578	0.01442
1	0.70310	0.02045	0.01554	0.01390	0.02045	0.02372	0.01145	0.03108	0.01799	0.04744	0.01472	0.01718	0.01145	0.00981	0.00654	0.00327	0.00818	0.00573	0.00654	0.01145
2	0.01562	0.01944	0.11968	0.02054	0.02491	0.01333	0.06702	0.02007	0.02110	0.02887	0.04739	0.45245	0.05419	0.02647	0.01276	0.00405	0.00904	0.02423	0.00839	0.01044
3	0.04238	0.01651	0.02186	0.01718	0.02432	0.01450	0.01405	0.04662	0.02879	0.47309	0.04040	0.03661	0.02634	0.01295	0.01004	0.00312	0.00825	0.01049	0.13598	0.01651
4	0.03108	0.03669	0.03293	0.13345	0.04026	0.31485	0.05485	0.03489	0.02473	0.02649	0.01652	0.02231	0.01392	0.01254	0.01595	0.00338	0.15969	0.00823	0.00511	0.01213
5	0.01374	0.01031	0.01274	0.01308	0.01528	0.00931	0.00945	0.01723	0.02563	0.03443	0.29866	0.24428	0.20462	0.02628	0.01278	0.00367	0.00542	0.02313	0.01065	0.00931
6	0.02100	0.01242	0.01688	0.01465	0.01831	0.01174	0.04914	0.02618	0.02599	0.09022	0.22548	0.05274	0.05277	0.01553	0.00995	0.00294	0.00633	0.01353	0.32318	0.01101
7	0.01288	0.00920	0.01227	0.01472	0.01534	0.00859	0.00981	0.01472	0.02024	0.02699	0.05828	0.62152	0.06993	0.03312	0.01350	0.00429	0.00613	0.03006	0.00981	0.00859
8	0.01583	0.01063	0.01335	0.01267	0.01516	0.00995	0.00950	0.02081	0.02851	0.04186	0.46164	0.07177	0.08651	0.01992	0.01154	0.00317	0.00498	0.01743	0.13480	0.00995
9	0.63623	0.02137	0.01717	0.01496	0.02169	0.02463	0.01232	0.08113	0.02119	0.04937	0.01580	0.01800	0.01211	0.01011	0.00695	0.00326	0.00853	0.00611	0.00695	0.01211
10	0.31453	0.02266	0.02275	0.01815	0.02586	0.02408	0.01494	0.18650	0.03030	0.14478	0.02320	0.02351	0.01649	0.01108	0.00864	0.00307	0.00935	0.00782	0.00891	0.08337
11	0.03828	0.02374	0.02701	0.02168	0.02929	0.02522	0.01759	0.22905	0.19456	0.22262	0.03607	0.03312	0.02501	0.01333	0.01065	0.00333	0.00978	0.01063	0.01144	0.01760
12	0.02252	0.01939	0.02667	0.18591	0.03967	0.02199	0.06066	0.03879	0.24016	0.03773	0.08191	0.03909	0.03153	0.01326	0.01060	0.00340	0.01003	0.01169	0.09136	0.01364
13	0.02630	0.02271	0.02391	0.02152	0.02749	0.02630	0.01674	0.05618	0.54336	0.04423	0.04303	0.03945	0.03228	0.01434	0.01076	0.00359	0.00837	0.01195	0.01076	0.01674
14	0.01752	0.01445	0.01592	0.01591	0.01932	0.01497	0.01172	0.02955	0.20679	0.03358	0.06775	0.25689	0.20535	0.02454	0.01222	0.00382	0.00669	0.02128	0.01015	0.01158
15	0.01675	0.01307	0.01617	0.01517	0.01763	0.01359	0.01135	0.02377	0.08934	0.03748	0.34547	0.10034	0.10747	0.07883	0.01795	0.00418	0.05279	0.01794	0.01027	0.01044
16	0.02153	0.01986	0.03298	0.28066	0.25791	0.02168	0.02706	0.02790	0.02391	0.03282	0.11734	0.03664	0.03077	0.01213	0.01088	0.00333	0.01182	0.01118	0.00618	0.01342
17	0.16802	0.01844	0.02288	0.01791	0.02579	0.01704	0.01479	0.04777	0.02801	0.47372	0.03675	0.03253	0.02347	0.01248	0.00988	0.00327	0.00885	0.00973	0.01188	0.01679
18	0.02458	0.02350	0.04005	0.20251	0.43724	0.02470	0.03166	0.03106	0.02332	0.03262	0.01961	0.02669	0.01607	0.00971	0.01049	0.00324	0.01295	0.00941	0.00510	0.01547
19	0.01357	0.01075	0.01219	0.01183	0.01494	0.00938	0.00887	0.01724	0.02662	0.03456	0.30193	0.09189	0.35962	0.02454	0.01248	0.00346	0.00520	0.02093	0.01061	0.00938
20	0.02121	0.05469	0.57364	0.03014	0.04576	0.02455	0.03906	0.03348	0.02232	0.03348	0.01897	0.02232	0.01339	0.01005	0.01005	0.00335	0.01563	0.00781	0.00446	0.01563
21	0.03695	0.02043	0.02944	0.13379	0.12787	0.02046	0.02134	0.07526	0.06156	0.31221	0.03279	0.03240	0.02220	0.01205	0.01060	0.00331	0.01067	0.01021	0.00989	0.01656
22	0.04056	0.03811	0.03023	0.02515	0.03219	0.28658	0.01982	0.25830	0.03875	0.09539	0.02275	0.02347	0.01674	0.01190	0.01010	0.00297	0.01482	0.00837	0.00845	0.01534
23	0.01440	0.01072	0.01371	0.01535	0.01745	0.01003	0.01197	0.01772	0.02324	0.03000	0.10065	0.28300	0.18655	0.02947	0.01358	0.00426	0.00716	0.19167	0.00990	0.00917
24	0.02192	0.01879	0.02192	0.01566	0.02506	0.01409	0.01253	0.02662	0.02192	0.03445	0.01879	0.02192	0.01566	0.00783	0.00783	0.00157	0.00783	0.00626	0.00626	0.69305
25	0.02110	0.01995	0.03376	0.50489	0.16210	0.02379	0.02993	0.02801	0.02168	0.02839	0.01899	0.02782	0.01458	0.01036	0.01055	0.00345	0.01381	0.00940	0.00480	0.01266
26	0.02617	0.02512	0.04292	0.06490	0.56246	0.02512	0.03245	0.03245	0.02407	0.03454	0.01989	0.02617	0.01675	0.00942	0.01047	0.00314	0.01256	0.00942	0.00523	0.01675
27	0.02301	0.02097	0.03376	0.45018	0.15831	0.02467	0.02905	0.07530	0.02438	0.03213	0.01962	0.02756	0.01495	0.01056	0.01055	0.00342	0.01358	0.00941	0.00535	0.01325
28	0.70310	0.02045	0.01554	0.01390	0.02045	0.02372	0.01145	0.03108	0.01799	0.04744	0.01472	0.01718	0.01145	0.00981	0.00654	0.00327	0.00818	0.00573	0.00654	0.01145
29	0.03325	0.01493	0.02031	0.01761	0.02311	0.01337	0.01436	0.03747	0.02834	0.33260	0.13955	0.10451	0.04936	0.01916	0.01192	0.00365	0.00818	0.10209	0.01195	0.01428
30	0.16698	0.01844	0.02290	0.01792	0.02580	0.01703	0.01479	0.04780	0.02803	0.47455	0.03679	0.03256	0.02349	0.01249	0.00989	0.00327	0.00885	0.00974	0.01189	0.01680

[dist]
# distance from previous block
# <min> <max>
0	1

[block]
# block no. 4 follows, 13 sequences, length 20
# corresponding to MSA columns:
# 251-270
name=unknown_E
#
# <colnr> <probs for GDERKNQSTAVLIFYWHMCP>
#	G	D	E	R	K	N	Q	S	T	A	V	L	I	F	Y	W	H	M	C	P
0	0.03379	0.01735	0.02499	0.02011	0.02639	0.01599	0.06175	0.07837	0.02976	0.30285	0.12855	0.13361	0.04391	0.01726	0.01156	0.00346	0.00891	0.01520	0.01139	0.01480
1	0.02768	0.01390	0.01900	0.01786	0.02231	0.01281	0.01479	0.03208	0.02721	0.23282	0.13592	0.11545	0.05521	0.02220	0.01269	0.00397	0.00841	0.20160	0.01131	0.01276
2	0.70310	0.02045	0.01554	0.01390	0.02045	0.02372	0.01145	0.03108	0.01799	0.04744	0.01472	0.01718	0.01145	0.00981	0.00654	0.00327	0.00818	0.00573	0.00654	0.01145
3	0.01647	0.01333	0.01961	0.01882	0.02039	0.01647	0.01490	0.02000	0.01686	0.02470	0.02587	0.03841	0.02430	0.06897	0.49279	0.01489	0.12696	0.01098	0.00549	0.00980
4	0.02717	0.33904	0.26506	0.02310	0.03476	0.03228	0.02645	0.03427	0.02265	0.07949	0.01898	0.02094	0.01468	0.00983	0.00848	0.00280	0.01286	0.00701	0.00530	0.01483
5	0.02617	0.02512	0.04292	0.06490	0.56246	0.02512	0.03245	0.03245	0.02407	0.03454	0.01989	0.02617	0.01675	0.00942	0.01047	0.00314	0.01256	0.00942	0.00523	0.01675
6	0.04362	0.01978	0.03097	0.02319	0.03179	0.01744	0.10191	0.04853	0.02936	0.47876	0.03826	0.03472	0.02445	0.01238	0.01095	0.00332	0.01050	0.01095	0.01177	0.01736
7	0.01640	0.01673	0.10147	0.01748	0.02050	0.01175	0.01517	0.01833	0.01915	0.02601	0.03970	0.28248	0.04421	0.03008	0.02154	0.21299	0.00902	0.08100	0.00738	0.00863
8	0.14235	0.11232	0.20043	0.02335	0.03295	0.09171	0.02367	0.07194	0.13322	0.03840	0.02289	0.02420	0.01737	0.01106	0.00917	0.00317	0.01243	0.00806	0.00667	0.01467
9	0.02779	0.02444	0.03541	0.14483	0.27883	0.02652	0.02674	0.13103	0.12044	0.04111	0.02485	0.02873	0.01926	0.01113	0.01056	0.00329	0.01191	0.00988	0.00715	0.01610
10	0.01538	0.01025	0.01153	0.01153	0.01153	0.01025	0.00641	0.01538	0.01538	0.02050	0.03331	0.06919	0.03844	0.62842	0.05382	0.01025	0.01025	0.01538	0.00641	0.00641
11	0.01675	0.01388	0.02056	0.01909	0.02054	0.01582	0.04805	0.01934	0.01781	0.02504	0.03339	0.17923	0.03629	0.17252	0.19879	0.00943	0.12129	0.01631	0.00659	0.00929
12	0.02811	0.15265	0.22729	0.08345	0.08418	0.14317	0.02837	0.07505	0.02603	0.03257	0.01824	0.02179	0.01420	0.01025	0.00947	0.00301	0.01481	0.00763	0.00527	0.01448
13	0.03166	0.13619	0.03648	0.03216	0.13228	0.21613	0.02229	0.03706	0.06049	0.05949	0.01960	0.02317	0.01626	0.01201	0.01386	0.00315	0.11982	0.00812	0.00591	0.01386
14	0.01455	0.01079	0.01355	0.01286	0.01554	0.00980	0.00965	0.01914	0.02894	0.04005	0.48049	0.08285	0.17763	0.02249	0.01247	0.00337	0.00505	0.01966	0.01133	0.00980
15	0.02090	0.01136	0.01359	0.01282	0.01481	0.01085	0.00863	0.02300	0.02064	0.11253	0.08599	0.10586	0.04296	0.32070	0.03192	0.00669	0.00831	0.01527	0.12385	0.00933
16	0.03837	0.12935	0.06902	0.02105	0.02951	0.05715	0.01866	0.11328	0.09239	0.27567	0.03197	0.02977	0.02201	0.01216	0.00988	0.00310	0.01072	0.00937	0.00997	0.01660
17	0.04234	0.01687	0.02290	0.01795	0.02523	0.01467	0.01467	0.04657	0.03021	0.48701	0.12258	0.04274	0.03772	0.01443	0.01092	0.00328	0.00837	0.01197	0.01286	0.01674
18	0.01478	0.01080	0.01387	0.01310	0.01568	0.00990	0.00983	0.01959	0.02948	0.04134	0.52257	0.08072	0.13474	0.02201	0.01247	0.00334	0.00502	0.01936	0.01150	0.00990
19	0.01669	0.02213	0.15453	0.01838	0.02391	0.01427	0.01764	0.02423	0.05687	0.03637	0.26446	0.19972	0.06644	0.02119	0.01202	0.00359	0.00815	0.01862	0.00932	0.01145

[dist]
# distance from previous block
# <min> <max>
0	24

[block]
# block no. 5 follows, 13 sequences, length 25
# corresponding to MSA columns:
# 295-319
name=unknown_F
#
# <colnr> <probs for GDERKNQSTAVLIFYWHMCP>
#	G	D	E	R	K	N	Q	S	T	A	V	L	I	F	Y	W	H	M	C	P
0	0.02137	0.02022	0.03424	0.48154	0.18335	0.02386	0.03006	0.02824	0.02180	0.02871	0.01904	0.02773	0.01469	0.01031	0.01055	0.00344	0.01375	0.00940	0.00482	0.01287
1	0.02278	0.02176	0.03006	0.02591	0.02616	0.03006	0.02151	0.02536	0.01681	0.02689	0.01601	0.02481	0.01524	0.01787	0.03188	0.00440	0.54667	0.00931	0.07511	0.01139
2	0.01506	0.01068	0.01355	0.01290	0.01483	0.01004	0.00917	0.01892	0.02664	0.03746	0.43870	0.07677	0.08592	0.15859	0.02180	0.00489	0.00618	0.01828	0.01046	0.00917
3	0.02479	0.49356	0.04567	0.01733	0.02447	0.03433	0.01622	0.02784	0.02120	0.02535	0.02454	0.15343	0.02629	0.01448	0.00830	0.00272	0.01014	0.01116	0.00572	0.01244
4	0.01743	0.02002	0.13897	0.01629	0.01981	0.01322	0.01447	0.01907	0.01655	0.02290	0.02638	0.04945	0.02782	0.34254	0.04085	0.17734	0.01120	0.01214	0.00552	0.00804
5	0.07369	0.17368	0.07100	0.02228	0.03052	0.15534	0.01962	0.14936	0.03132	0.14280	0.02304	0.02342	0.01691	0.01118	0.00922	0.00290	0.01280	0.00791	0.00787	0.01515
6	0.01887	0.01498	0.02066	0.09378	0.12904	0.01518	0.01605	0.02516	0.05244	0.03522	0.13677	0.05672	0.15943	0.01660	0.01062	0.00319	0.00782	0.01431	0.16156	0.01161
7	0.01631	0.01260	0.01558	0.01360	0.01775	0.01081	0.01037	0.02102	0.02758	0.03933	0.39396	0.06820	0.12303	0.01898	0.01143	0.00295	0.00566	0.01651	0.01026	0.16408
8	0.02197	0.02073	0.03363	0.14950	0.35061	0.02117	0.02638	0.02757	0.02355	0.03184	0.03938	0.04359	0.13849	0.01355	0.01094	0.00331	0.01121	0.01233	0.00617	0.01408
9	0.01971	0.00985	0.00985	0.00985	0.01232	0.00985	0.00739	0.02464	0.02217	0.03942	0.03449	0.03942	0.02710	0.01232	0.00739	0.00246	0.00493	0.00985	0.68712	0.00985
10	0.01366	0.00960	0.01229	0.01386	0.01452	0.00911	0.00906	0.01541	0.02014	0.02712	0.10414	0.44080	0.06590	0.16632	0.02249	0.00554	0.00695	0.02561	0.00923	0.00824
11	0.01441	0.01079	0.01336	0.01272	0.01545	0.00974	0.00954	0.01887	0.02861	0.03928	0.45535	0.08412	0.20324	0.02278	0.01248	0.00338	0.00507	0.01984	0.01123	0.00974
12	0.01298	0.01073	0.01138	0.01122	0.01458	0.00913	0.00841	0.01611	0.02524	0.03127	0.19502	0.09730	0.46858	0.02577	0.01249	0.00352	0.00528	0.02169	0.01017	0.00913
13	0.04744	0.01799	0.02454	0.01881	0.02699	0.01554	0.01554	0.05153	0.03026	0.56979	0.04171	0.03599	0.02617	0.01309	0.01063	0.00327	0.00900	0.01063	0.01309	0.01799
14	0.70310	0.02045	0.01554	0.01390	0.02045	0.02372	0.01145	0.03108	0.01799	0.04744	0.01472	0.01718	0.01145	0.00981	0.00654	0.00327	0.00818	0.00573	0.00654	0.01145
15	0.02192	0.01879	0.02192	0.01566	0.02506	0.01409	0.01253	0.02662	0.02192	0.03445	0.01879	0.02192	0.01566	0.00783	0.00783	0.00157	0.00783	0.00626	0.00626	0.69305
16	0.70310	0.02045	0.01554	0.01390	0.02045	0.02372	0.01145	0.03108	0.01799	0.04744	0.01472	0.01718	0.01145	0.00981	0.00654	0.00327	0.00818	0.00573	0.00654	0.01145
17	0.01538	0.01025	0.01153	0.01153	0.01153	0.01025	0.00641	0.01538	0.01538	0.02050	0.03331	0.06919	0.03844	0.62842	0.05382	0.01025	0.01025	0.01538	0.00641	0.00641
18	0.19025	0.02255	0.07303	0.01910	0.02731	0.01963	0.01694	0.04586	0.09409	0.33348	0.03370	0.03094	0.02247	0.01223	0.00967	0.00332	0.00934	0.00944	0.01051	0.01613
19	0.02617	0.02512	0.04292	0.06490	0.56246	0.02512	0.03245	0.03245	0.02407	0.03454	0.01989	0.02617	0.01675	0.00942	0.01047	0.00314	0.01256	0.00942	0.00523	0.01675
20	0.02517	0.38032	0.28273	0.02337	0.03531	0.03426	0.02729	0.03246	0.02185	0.02865	0.01657	0.01931	0.01349	0.00948	0.00821	0.00274	0.01320	0.00660	0.00450	0.01447
21	0.03140	0.03449	0.10499	0.02991	0.03862	0.15186	0.15501	0.07548	0.13845	0.09178	0.02693	0.02850	0.01980	0.01135	0.01082	0.00330	0.01449	0.01011	0.00756	0.01514
22	0.01473	0.01035	0.01135	0.01135	0.01215	0.00995	0.00677	0.01533	0.01735	0.02232	0.04997	0.07654	0.15576	0.49261	0.04449	0.00874	0.00915	0.01694	0.00718	0.00698
23	0.02243	0.01744	0.02691	0.13595	0.18045	0.01825	0.02153	0.02883	0.05528	0.08054	0.03603	0.17317	0.03524	0.02176	0.04535	0.00450	0.01143	0.06422	0.00773	0.01297
24	0.02281	0.10683	0.21544	0.14519	0.08434	0.02593	0.14165	0.03069	0.02213	0.03032	0.01899	0.02514	0.01472	0.01152	0.01244	0.04965	0.01466	0.00912	0.00478	0.01364

[dist]
# distance from previous block
# <min> <max>
0	44

[block]
# block no. 6 follows, 13 sequences, length 41
# corresponding to MSA columns:
# 364-404
name=unknown_G
#
# <colnr> <probs for GDERKNQSTAVLIFYWHMCP>
#	G	D	E	R	K	N	Q	S	T	A	V	L	I	F	Y	W	H	M	C	P
0	0.04695	0.01878	0.02502	0.01918	0.02738	0.01670	0.01585	0.08363	0.03157	0.53583	0.04061	0.03527	0.02562	0.01306	0.01063	0.00326	0.00917	0.01056	0.01292	0.01799
1	0.08841	0.02895	0.03055	0.02357	0.03189	0.03213	0.01947	0.49112	0.04740	0.06524	0.02461	0.02479	0.01751	0.01248	0.01028	0.00318	0.01138	0.00924	0.01028	0.01751
2	0.03852	0.02768	0.02997	0.02348	0.03153	0.03051	0.01923	0.41797	0.12653	0.09968	0.02937	0.02838	0.02084	0.01298	0.01061	0.00325	0.01093	0.00999	0.01079	0.01778
3	0.04744	0.01799	0.02454	0.01881	0.02699	0.01554	0.01554	0.05153	0.03026	0.56979	0.04171	0.03599	0.02617	0.01309	0.01063	0.00327	0.00900	0.01063	0.01309	0.01799
4	0.01699	0.01386	0.01965	0.01859	0.01975	0.01714	0.01441	0.01983	0.01655	0.02411	0.02581	0.04171	0.02546	0.15240	0.37576	0.01309	0.15843	0.01149	0.00554	0.00945
5	0.02170	0.01954	0.03181	0.08811	0.33012	0.01961	0.02421	0.02758	0.02593	0.03676	0.21088	0.04512	0.04608	0.01385	0.01119	0.00324	0.00998	0.01287	0.00747	0.01395
6	0.28671	0.02248	0.02804	0.02361	0.02692	0.02862	0.05500	0.02824	0.01753	0.03458	0.01475	0.02122	0.01310	0.01444	0.02218	0.00402	0.33331	0.00812	0.00542	0.01172
7	0.04398	0.02354	0.02797	0.02144	0.02976	0.02377	0.01771	0.27840	0.03954	0.32981	0.03393	0.03093	0.02227	0.01290	0.01061	0.00322	0.01025	0.01010	0.01189	0.01799
8	0.01300	0.00954	0.01220	0.01405	0.01523	0.00875	0.00958	0.01521	0.02157	0.02846	0.10558	0.50495	0.14046	0.03130	0.01327	0.00411	0.00593	0.02809	0.00996	0.00875
9	0.02353	0.02065	0.03200	0.16742	0.26157	0.02195	0.02502	0.08995	0.02580	0.03522	0.02913	0.16283	0.02849	0.01552	0.01120	0.00349	0.01131	0.01415	0.00684	0.01393
10	0.02121	0.05469	0.57364	0.03014	0.04576	0.02455	0.03906	0.03348	0.02232	0.03348	0.01897	0.02232	0.01339	0.01005	0.01005	0.00335	0.01563	0.00781	0.00446	0.01563
11	0.02240	0.01245	0.01652	0.01456	0.01836	0.01125	0.01125	0.02718	0.03001	0.16315	0.43893	0.06914	0.08291	0.01966	0.01205	0.00331	0.00591	0.01718	0.01197	0.01181
12	0.01288	0.00920	0.01227	0.01472	0.01534	0.00859	0.00981	0.01472	0.02024	0.02699	0.05828	0.62152	0.06993	0.03312	0.01350	0.00429	0.00613	0.03006	0.00981	0.00859
13	0.03138	0.03570	0.22203	0.03487	0.15777	0.02576	0.02890	0.17561	0.03159	0.11793	0.02417	0.02598	0.01724	0.01108	0.01037	0.00324	0.01287	0.00906	0.00757	0.01688
14	0.07834	0.21515	0.03219	0.01883	0.02528	0.14062	0.01583	0.06915	0.02616	0.10564	0.02535	0.06765	0.02142	0.01248	0.00869	0.00280	0.01113	0.00920	0.10092	0.01319
15	0.02370	0.02044	0.02530	0.01850	0.02767	0.01705	0.04556	0.06436	0.06011	0.03736	0.02110	0.02379	0.01700	0.00869	0.00852	0.00194	0.00876	0.00728	0.00682	0.55606
16	0.18666	0.02197	0.02316	0.01910	0.02582	0.02383	0.01545	0.19080	0.12176	0.13048	0.10258	0.03500	0.03159	0.01362	0.00996	0.00330	0.00896	0.01058	0.01021	0.01516
17	0.01895	0.01400	0.01591	0.01467	0.01872	0.01373	0.01124	0.02878	0.14549	0.07447	0.24791	0.07484	0.23793	0.02115	0.01196	0.00347	0.00617	0.01800	0.01091	0.01171
