[name]
unknown

[dist]
# distance from previous block
# <min> <max>
0	298

[block]
# block no. 0 follows, 11 sequences, length 11
# corresponding to MSA columns:
# 334-344
name=unknown_A
#
# <colnr> <probs for GDERKNQSTAVLIFYWHMCP>
#	G	D	E	R	K	N	Q	S	T	A	V	L	I	F	Y	W	H	M	C	P
0	0.01505	0.01137	0.01421	0.01596	0.01828	0.01053	0.01239	0.01837	0.02434	0.03092	0.07815	0.28164	0.21946	0.03168	0.01441	0.00452	0.00753	0.17110	0.01042	0.00967
1	0.01415	0.01013	0.01345	0.01538	0.01642	0.00943	0.01048	0.01676	0.02357	0.03195	0.15340	0.49657	0.08066	0.03286	0.01415	0.00437	0.00629	0.02972	0.01083	0.00943
2	0.02893	0.02244	0.03753	0.28864	0.05771	0.02444	0.11709	0.03954	0.09258	0.13296	0.02885	0.03334	0.02058	0.01198	0.01169	0.00372	0.01389	0.01128	0.00777	0.01506
3	0.11422	0.01428	0.01772	0.01803	0.02174	0.01402	0.01435	0.02817	0.02470	0.13357	0.05145	0.25757	0.05370	0.02635	0.01313	0.00441	0.00866	0.16140	0.01062	0.01191
4	0.01441	0.00979	0.01325	0.01555	0.01613	0.00922	0.01037	0.01555	0.02073	0.02764	0.05697	0.52994	0.06789	0.03572	0.01790	0.08427	0.00692	0.02935	0.00978	0.00863
5	0.10427	0.01990	0.02383	0.12823	0.03436	0.02215	0.01809	0.15894	0.03014	0.04295	0.03439	0.13759	0.03405	0.09903	0.01798	0.00487	0.01109	0.05664	0.00870	0.01282
6	0.20548	0.02545	0.03753	0.03826	0.17174	0.02630	0.11748	0.06837	0.07157	0.09451	0.02503	0.02813	0.01880	0.01113	0.01052	0.00353	0.01241	0.01003	0.00772	0.01601
7	0.02317	0.02037	0.02712	0.14392	0.03678	0.02381	0.02014	0.03135	0.08822	0.03307	0.02470	0.03301	0.02103	0.05582	0.02095	0.00409	0.17321	0.01018	0.06741	0.14165
8	0.02163	0.01872	0.01866	0.01770	0.02157	0.06486	0.01324	0.07576	0.09621	0.03913	0.15500	0.19999	0.16499	0.02420	0.01281	0.00382	0.00830	0.02071	0.01063	0.01210
9	0.03190	0.21201	0.07223	0.02112	0.02919	0.07788	0.01905	0.06985	0.09562	0.11503	0.08479	0.03793	0.05976	0.01410	0.01021	0.00316	0.01126	0.01086	0.00877	0.01528
10	0.02708	0.07454	0.02862	0.12835	0.03665	0.02238	0.01852	0.03852	0.13701	0.09774	0.08141	0.03653	0.03085	0.01281	0.01039	0.00305	0.00995	0.01063	0.00873	0.18627

[dist]
# distance from previous block
# <min> <max>
0	11

[block]
# block no. 1 follows, 11 sequences, length 19
# corresponding to MSA columns:
# 356-374
name=unknown_B
#
# <colnr> <probs for GDERKNQSTAVLIFYWHMCP>
#	G	D	E	R	K	N	Q	S	T	A	V	L	I	F	Y	W	H	M	C	P
0	0.15243	0.03077	0.11440	0.02788	0.08296	0.02687	0.02318	0.17174	0.07394	0.14525	0.02815	0.02840	0.01989	0.01238	0.01042	0.00348	0.01171	0.00954	0.00937	0.01725
1	0.46933	0.02759	0.07184	0.01908	0.02746	0.02760	0.01720	0.14225	0.02753	0.05386	0.01878	0.02087	0.01402	0.01119	0.00833	0.00347	0.01034	0.00726	0.00776	0.01425
2	0.23389	0.02370	0.03679	0.08152	0.04071	0.02463	0.18066	0.03666	0.06334	0.08375	0.06506	0.03249	0.02487	0.01189	0.01079	0.00365	0.01267	0.01107	0.00771	0.01415
3	0.09828	0.01411	0.01576	0.01553	0.01763	0.01469	0.01066	0.07362	0.02256	0.03310	0.03984	0.23790	0.04458	0.21943	0.03004	0.06592	0.00921	0.01920	0.00843	0.00951
4	0.07803	0.03171	0.07222	0.12409	0.04181	0.13110	0.06275	0.11803	0.03127	0.08469	0.03406	0.03631	0.07798	0.01377	0.01111	0.00347	0.01403	0.01111	0.00790	0.01457
5	0.02717	0.02464	0.02885	0.08766	0.03397	0.08726	0.02038	0.03124	0.02248	0.07063	0.02096	0.02743	0.01764	0.02075	0.07329	0.00488	0.19814	0.00905	0.00632	0.18728
6	0.10448	0.02096	0.03043	0.17334	0.08397	0.02212	0.06303	0.07673	0.02643	0.07826	0.02996	0.12930	0.02726	0.01536	0.01122	0.00360	0.01170	0.01358	0.00779	0.07049
7	0.09942	0.02110	0.02997	0.21936	0.04703	0.02092	0.06084	0.02970	0.02283	0.03540	0.01974	0.02574	0.01559	0.00972	0.00964	0.00280	0.01167	0.00836	0.00602	0.30414
8	0.53071	0.02425	0.01767	0.01599	0.02232	0.08711	0.01283	0.03370	0.02119	0.04678	0.01832	0.02127	0.01439	0.01089	0.00745	0.00331	0.00969	0.00674	0.08330	0.01209
9	0.02785	0.03018	0.11576	0.18373	0.04741	0.02936	0.02736	0.13599	0.11598	0.04197	0.02531	0.02963	0.01919	0.01371	0.01529	0.00384	0.10426	0.01022	0.00745	0.01552
10	0.02387	0.01910	0.02147	0.12928	0.03266	0.07848	0.01690	0.03010	0.06643	0.08092	0.04336	0.27081	0.04404	0.02217	0.01219	0.00389	0.01020	0.01936	0.06270	0.01209
11	0.02720	0.02607	0.04450	0.11973	0.48873	0.02657	0.03422	0.03397	0.02532	0.03597	0.02105	0.02807	0.01755	0.01015	0.01115	0.00338	0.01353	0.01003	0.00551	0.01730
12	0.03895	0.01785	0.02332	0.01871	0.02554	0.01632	0.01511	0.08365	0.03395	0.34391	0.19492	0.05169	0.05170	0.01675	0.01193	0.00349	0.00849	0.01405	0.01321	0.01647
13	0.01498	0.01147	0.01373	0.01316	0.01623	0.01022	0.00987	0.01940	0.02962	0.03982	0.37871	0.09283	0.25911	0.02499	0.01328	0.00363	0.00545	0.02158	0.01169	0.01022
14	0.01608	0.01206	0.01809	0.01809	0.02010	0.01407	0.01407	0.02010	0.01809	0.02613	0.03015	0.04422	0.02814	0.08441	0.55984	0.01809	0.03015	0.01206	0.00603	0.01005
15	0.01483	0.01061	0.01424	0.01623	0.01755	0.01003	0.01173	0.01791	0.02410	0.03246	0.14472	0.42920	0.07853	0.03240	0.01436	0.00449	0.00694	0.09931	0.01078	0.00960
16	0.05050	0.01915	0.02612	0.02003	0.02873	0.01654	0.01654	0.05485	0.03221	0.54203	0.04440	0.03831	0.02786	0.01393	0.01132	0.00348	0.00958	0.01132	0.01393	0.01915
17	0.02334	0.02001	0.02334	0.01667	0.02667	0.01500	0.01334	0.02834	0.02334	0.03668	0.02001	0.02334	0.01667	0.00834	0.00834	0.00167	0.00834	0.00667	0.00667	0.67325
18	0.02740	0.02176	0.02150	0.01960	0.02419	0.08212	0.01484	0.15094	0.03262	0.07624	0.05468	0.25567	0.12436	0.02400	0.01264	0.00385	0.00982	0.02038	0.01036	0.01305

[dist]
# distance from previous block
# <min> <max>
3	30

[block]
# block no. 2 follows, 11 sequences, length 12
# corresponding to MSA columns:
# 405-416
name=unknown_C
#
# <colnr> <probs for GDERKNQSTAVLIFYWHMCP>
#	G	D	E	R	K	N	Q	S	T	A	V	L	I	F	Y	W	H	M	C	P
0	0.02257	0.05822	0.54613	0.03208	0.04871	0.02614	0.04158	0.03564	0.02376	0.03564	0.02020	0.02376	0.01426	0.01069	0.01069	0.00356	0.01663	0.00832	0.00475	0.01663
1	0.02667	0.02553	0.04353	0.16077	0.45185	0.02643	0.03395	0.03350	0.02506	0.03533	0.02096	0.02824	0.01732	0.01025	0.01116	0.00342	0.01367	0.01002	0.00547	0.01687
2	0.02930	0.01769	0.02536	0.02793	0.12437	0.01774	0.01805	0.03402	0.02710	0.17728	0.12705	0.09471	0.04345	0.01724	0.01401	0.00358	0.06661	0.01435	0.10571	0.01444
3	0.02361	0.03066	0.13578	0.28772	0.12811	0.07250	0.03084	0.03113	0.02397	0.03119	0.02422	0.08481	0.02122	0.01342	0.01134	0.00366	0.01472	0.01164	0.00566	0.01381
4	0.09842	0.28123	0.23630	0.02373	0.03565	0.03279	0.02673	0.03643	0.02372	0.08265	0.02018	0.02222	0.01544	0.01054	0.00891	0.00307	0.01319	0.00741	0.00591	0.01550
5	0.01955	0.00978	0.01466	0.01466	0.01466	0.00978	0.00978	0.01466	0.01466	0.01955	0.01955	0.03421	0.01955	0.03910	0.04399	0.67253	0.00978	0.00978	0.00489	0.00489
6	0.02698	0.02502	0.04052	0.08654	0.08432	0.02549	0.17808	0.12839	0.07023	0.04237	0.04335	0.04596	0.12133	0.01480	0.01235	0.00367	0.01330	0.01410	0.00818	0.01504
7	0.03745	0.03148	0.09219	0.03268	0.04289	0.07320	0.19466	0.09281	0.03153	0.21043	0.02982	0.03114	0.02045	0.01173	0.01187	0.00354	0.01498	0.01125	0.00900	0.01690
8	0.02605	0.02105	0.03305	0.47224	0.06887	0.02519	0.02894	0.07668	0.02636	0.08030	0.02294	0.03048	0.01659	0.01172	0.01126	0.00369	0.01425	0.01014	0.00644	0.01376
9	0.01589	0.01071	0.01242	0.01289	0.01300	0.01059	0.00747	0.01624	0.01730	0.02306	0.04024	0.16769	0.04694	0.50220	0.04958	0.00977	0.01012	0.01918	0.00747	0.00724
10	0.54785	0.02254	0.01941	0.01655	0.02392	0.02537	0.01364	0.08532	0.02417	0.10472	0.01994	0.02134	0.01460	0.01115	0.00789	0.00347	0.00919	0.00708	0.00816	0.01368
11	0.03029	0.01982	0.02661	0.17020	0.04065	0.02001	0.01960	0.04043	0.11048	0.17300	0.07154	0.03722	0.02941	0.01299	0.01086	0.00324	0.01033	0.01095	0.00945	0.15293

[dist]
# distance from previous block
# <min> <max>
0	3

[block]
# block no. 3 follows, 11 sequences, length 15
# corresponding to MSA columns:
# 420-434
name=unknown_D
#
# <colnr> <probs for GDERKNQSTAVLIFYWHMCP>
#	G	D	E	R	K	N	Q	S	T	A	V	L	I	F	Y	W	H	M	C	P
0	0.01359	0.01029	0.01255	0.01437	0.01598	0.00925	0.00987	0.01582	0.02280	0.02924	0.07789	0.44803	0.21328	0.03320	0.01404	0.00434	0.00628	0.02948	0.01045	0.00925
1	0.54621	0.08798	0.02269	0.01678	0.02391	0.08391	0.01396	0.03441	0.02090	0.04551	0.01585	0.01847	0.01267	0.01048	0.00733	0.00331	0.01029	0.00621	0.00661	0.01252
2	0.01393	0.01073	0.01274	0.01371	0.01596	0.00954	0.00972	0.01682	0.02495	0.03220	0.16246	0.31463	0.26127	0.03047	0.01376	0.00409	0.00599	0.02672	0.01078	0.00954
3	0.03409	0.02488	0.02728	0.02278	0.02991	0.02745	0.01819	0.19758	0.26951	0.10711	0.08332	0.04056	0.03525	0.01526	0.01154	0.00361	0.00978	0.01243	0.01174	0.01773
4	0.01759	0.01094	0.01215	0.01196	0.01387	0.01055	0.00820	0.02091	0.02330	0.03497	0.15166	0.06834	0.10267	0.20665	0.02548	0.00561	0.00713	0.01593	0.24286	0.00924
5	0.02413	0.01625	0.02420	0.06455	0.13030	0.01569	0.01793	0.02922	0.02846	0.12176	0.23956	0.13768	0.06407	0.01985	0.01254	0.00366	0.00852	0.01776	0.01044	0.01343
6	0.02251	0.11782	0.43226	0.02883	0.04294	0.02648	0.03565	0.03329	0.02342	0.03383	0.02412	0.08421	0.02069	0.01319	0.01068	0.00354	0.01502	0.01057	0.00537	0.01558
7	0.01423	0.01017	0.01365	0.01626	0.01714	0.00959	0.01135	0.01657	0.02206	0.02931	0.06175	0.54204	0.07331	0.03477	0.01450	0.00464	0.00698	0.08194	0.01044	0.00929
8	0.03025	0.02530	0.02672	0.02336	0.03013	0.02905	0.01836	0.12653	0.44350	0.05073	0.04294	0.03971	0.03203	0.01500	0.01142	0.00375	0.00944	0.01233	0.01142	0.01802
9	0.60079	0.02303	0.01878	0.01624	0.02347	0.02650	0.01338	0.09322	0.02353	0.05315	0.01714	0.01942	0.01309	0.01085	0.00752	0.00347	0.00918	0.00662	0.00752	0.01309
10	0.03009	0.61122	0.05898	0.01926	0.02889	0.04454	0.01926	0.03370	0.02287	0.02648	0.01565	0.01805	0.01444	0.00963	0.00722	0.00241	0.01204	0.00602	0.00481	0.01444
11	0.03158	0.02669	0.03137	0.02583	0.03295	0.07111	0.07943	0.10957	0.25633	0.08846	0.08921	0.04082	0.03551	0.01469	0.01174	0.00362	0.01132	0.01268	0.01051	0.01659
12	0.08300	0.40917	0.12466	0.02207	0.03204	0.10701	0.02234	0.03540	0.02388	0.02991	0.01655	0.01921	0.01424	0.01011	0.00810	0.00273	0.01353	0.00653	0.00511	0.01441
13	0.02275	0.08331	0.02564	0.05572	0.02662	0.07663	0.01531	0.02601	0.02177	0.02839	0.03180	0.04357	0.06884	0.14186	0.09276	0.00647	0.05974	0.01134	0.00642	0.15504
14	0.07767	0.03700	0.26944	0.09675	0.04162	0.02308	0.02888	0.03453	0.08221	0.03921	0.12273	0.03811	0.03462	0.01370	0.01105	0.00361	0.01262	0.01123	0.00726	0.01468

[dist]
# distance from previous block
# <min> <max>
1	8

[block]
# block no. 4 follows, 11 sequences, length 20
# corresponding to MSA columns:
# 443-462
name=unknown_E
#
# <colnr> <probs for GDERKNQSTAVLIFYWHMCP>
#	G	D	E	R	K	N	Q	S	T	A	V	L	I	F	Y	W	H	M	C	P
0	0.14631	0.03119	0.11019	0.13530	0.09334	0.02915	0.02609	0.20848	0.03395	0.05041	0.02205	0.02565	0.01625	0.01176	0.01041	0.00349	0.01299	0.00911	0.00774	0.01613
1	0.03140	0.14318	0.26882	0.02573	0.03793	0.02730	0.02859	0.04293	0.08527	0.15916	0.02842	0.02852	0.02006	0.01185	0.01032	0.00337	0.01315	0.00918	0.00782	0.01700
2	0.01386	0.01025	0.01297	0.01477	0.01618	0.00935	0.01013	0.01631	0.02329	0.03065	0.11741	0.46061	0.15730	0.03286	0.01407	0.00433	0.00626	0.02940	0.01064	0.00935
3	0.03061	0.19343	0.26378	0.02751	0.03941	0.13273	0.02975	0.09298	0.02862	0.03609	0.01935	0.02207	0.01494	0.01094	0.00978	0.00312	0.01565	0.00776	0.00576	0.01571
4	0.10056	0.03313	0.03072	0.02867	0.08160	0.16747	0.02075	0.16990	0.08459	0.13147	0.02769	0.02794	0.02015	0.01263	0.01059	0.00332	0.01340	0.00945	0.00933	0.01663
5	0.03790	0.01637	0.02208	0.01789	0.02439	0.01438	0.01438	0.04261	0.03209	0.36099	0.22070	0.05498	0.05640	0.01724	0.01203	0.00350	0.00802	0.01461	0.01337	0.01605
6	0.03009	0.61122	0.05898	0.01926	0.02889	0.04454	0.01926	0.03370	0.02287	0.02648	0.01565	0.01805	0.01444	0.00963	0.00722	0.00241	0.01204	0.00602	0.00481	0.01444
7	0.01790	0.01174	0.01467	0.01443	0.01740	0.01051	0.01062	0.02165	0.02769	0.08312	0.26164	0.22017	0.19268	0.02671	0.01339	0.00387	0.00612	0.02339	0.01156	0.01075
8	0.01345	0.01083	0.01200	0.01293	0.01560	0.00937	0.00923	0.01598	0.02418	0.02981	0.09539	0.28347	0.36654	0.03093	0.01368	0.00408	0.00600	0.02671	0.01045	0.00937
9	0.02030	0.01096	0.01311	0.01376	0.01603	0.01042	0.00986	0.02394	0.02344	0.08144	0.04915	0.29898	0.04989	0.02346	0.01120	0.00360	0.00624	0.02054	0.30303	0.01066
10	0.03760	0.02203	0.02574	0.02168	0.02904	0.02310	0.01727	0.05769	0.30821	0.25844	0.04521	0.04042	0.03158	0.01470	0.01140	0.00367	0.00919	0.01212	0.01251	0.01839
11	0.02800	0.02418	0.02545	0.02291	0.02927	0.02800	0.01782	0.05981	0.51390	0.04708	0.04581	0.04199	0.03436	0.01527	0.01145	0.00382	0.00891	0.01273	0.01145	0.01782
12	0.02334	0.02001	0.02334	0.01667	0.02667	0.01500	0.01334	0.02834	0.02334	0.03668	0.02001	0.02334	0.01667	0.00834	0.00834	0.00167	0.00834	0.00667	0.00667	0.67325
13	0.02257	0.05822	0.54613	0.03208	0.04871	0.02614	0.04158	0.03564	0.02376	0.03564	0.02020	0.02376	0.01426	0.01069	0.01069	0.00356	0.01663	0.00832	0.00475	0.01663
14	0.02786	0.02674	0.04568	0.06908	0.53424	0.02674	0.03454	0.03454	0.02563	0.03677	0.02117	0.02786	0.01783	0.01003	0.01114	0.00334	0.01337	0.01003	0.00557	0.01783
15	0.01533	0.01048	0.01258	0.01360	0.01385	0.01022	0.00823	0.01610	0.01839	0.02452	0.04582	0.27777	0.05399	0.38249	0.04055	0.00844	0.00920	0.02246	0.00823	0.00773
16	0.10960	0.53954	0.05382	0.01872	0.02802	0.04219	0.01840	0.03363	0.02242	0.02940	0.01565	0.01808	0.01417	0.00973	0.00719	0.00254	0.01163	0.00603	0.00508	0.01417
17	0.03895	0.02359	0.03502	0.12723	0.10270	0.02382	0.06657	0.12891	0.03307	0.25533	0.03204	0.03273	0.02175	0.01250	0.01146	0.00352	0.01239	0.01089	0.01008	0.01746
18	0.01618	0.01215	0.01523	0.01598	0.01830	0.01180	0.01180	0.02242	0.07153	0.03646	0.21770	0.28668	0.12032	0.02837	0.01376	0.00416	0.00667	0.06874	0.01117	0.01059
19	0.03514	0.02773	0.02947	0.02435	0.03199	0.03133	0.01954	0.27082	0.29126	0.05860	0.03674	0.03476	0.02701	0.01442	0.01136	0.00361	0.01059	0.01147	0.01136	0.01846

[dist]
# distance from previous block
# <min> <max>
0	9

[block]
# block no. 5 follows, 11 sequences, length 24
# corresponding to MSA columns:
# 472-495
name=unknown_F
#
# <colnr> <probs for GDERKNQSTAVLIFYWHMCP>
#	G	D	E	R	K	N	Q	S	T	A	V	L	I	F	Y	W	H	M	C	P
0	0.03005	0.02973	0.03572	0.28629	0.05597	0.15876	0.07057	0.03582	0.02567	0.07793	0.02146	0.02791	0.01628	0.01221	0.01356	0.00363	0.06908	0.00974	0.00611	0.01351
1	0.46743	0.02350	0.02337	0.07375	0.07604	0.02679	0.01738	0.10117	0.02504	0.05023	0.01825	0.02154	0.01399	0.01094	0.00838	0.00348	0.01026	0.00742	0.00729	0.01376
2	0.40315	0.02604	0.02409	0.01966	0.02752	0.02948	0.01622	0.23613	0.03394	0.05945	0.02064	0.02211	0.01523	0.01179	0.00885	0.00344	0.01032	0.00786	0.00885	0.01523
3	0.02999	0.01496	0.02021	0.01913	0.02361	0.01398	0.01576	0.03405	0.02677	0.22241	0.05010	0.08532	0.04717	0.11502	0.02054	0.00545	0.01016	0.22114	0.01114	0.01310
4	0.19912	0.02444	0.02794	0.15574	0.04080	0.02772	0.02067	0.18489	0.07751	0.09717	0.02580	0.02796	0.01859	0.01239	0.01019	0.00354	0.01151	0.00943	0.00892	0.01566
5	0.01637	0.01091	0.01228	0.01228	0.01228	0.01091	0.00682	0.01637	0.01637	0.02182	0.03546	0.07365	0.04092	0.60445	0.05729	0.01091	0.01091	0.01637	0.00682	0.00682
6	0.01537	0.01049	0.01257	0.01355	0.01379	0.01025	0.00818	0.01611	0.01831	0.02441	0.04543	0.26992	0.05349	0.39104	0.04119	0.00853	0.00927	0.02223	0.00818	0.00769
7	0.31736	0.02457	0.02471	0.01985	0.02792	0.02664	0.01638	0.19932	0.03386	0.16897	0.02613	0.02586	0.01816	0.01230	0.00945	0.00345	0.01018	0.00868	0.01004	0.01619
8	0.03138	0.46755	0.10108	0.02152	0.03171	0.04128	0.02171	0.10686	0.02769	0.03435	0.01787	0.02001	0.01517	0.01034	0.00819	0.00267	0.01253	0.00688	0.00582	0.01539
9	0.01519	0.01129	0.01220	0.01197	0.01529	0.00994	0.00898	0.01905	0.02693	0.03601	0.20855	0.09165	0.34194	0.02467	0.01244	0.00355	0.00553	0.02079	0.11410	0.00994
10	0.14051	0.02496	0.02806	0.02183	0.03041	0.02587	0.01802	0.24516	0.03936	0.26324	0.03256	0.03041	0.02173	0.01323	0.01065	0.00344	0.01068	0.01003	0.01173	0.01812
11	0.02005	0.01159	0.01550	0.01614	0.01842	0.01058	0.01147	0.02293	0.02491	0.11494	0.13265	0.42521	0.07186	0.02986	0.01370	0.00423	0.00683	0.02679	0.01132	0.01101
12	0.01530	0.01102	0.01449	0.01459	0.01668	0.01020	0.01057	0.01967	0.02895	0.04051	0.39684	0.22872	0.09725	0.02646	0.01358	0.00383	0.00565	0.02364	0.01184	0.01020
13	0.01441	0.01029	0.01386	0.01647	0.01742	0.00974	0.01166	0.01687	0.02223	0.02951	0.06165	0.52323	0.07292	0.03461	0.01455	0.00467	0.00713	0.09901	0.01043	0.00933
14	0.01330	0.01140	0.01140	0.01140	0.01520	0.00950	0.00855	0.01615	0.02565	0.03041	0.11402	0.10832	0.52967	0.02850	0.01330	0.00380	0.00570	0.02375	0.01045	0.00950
15	0.03009	0.61122	0.05898	0.01926	0.02889	0.04454	0.01926	0.03370	0.02287	0.02648	0.01565	0.01805	0.01444	0.00963	0.00722	0.00241	0.01204	0.00602	0.00481	0.01444
16	0.02257	0.05822	0.54613	0.03208	0.04871	0.02614	0.04158	0.03564	0.02376	0.03564	0.02020	0.02376	0.01426	0.01069	0.01069	0.00356	0.01663	0.00832	0.00475	0.01663
17	0.01552	0.01149	0.01447	0.01373	0.01656	0.01044	0.01029	0.02044	0.03088	0.04281	0.46301	0.08790	0.17294	0.02388	0.01328	0.00358	0.00537	0.02089	0.01208	0.01044
18	0.02462	0.02462	0.03447	0.02955	0.02955	0.03447	0.02462	0.02709	0.01724	0.02709	0.01477	0.02462	0.01477	0.01970	0.03694	0.00492	0.58385	0.00985	0.00492	0.01231
19	0.01406	0.01006	0.01337	0.01543	0.01640	0.00937	0.01048	0.01655	0.02317	0.03132	0.13552	0.51625	0.07945	0.03333	0.01419	0.00441	0.00634	0.03016	0.01075	0.00937
20	0.01400	0.01033	0.01310	0.01474	0.01622	0.00943	0.01017	0.01663	0.02384	0.03159	0.14399	0.43662	0.15361	0.03223	0.01402	0.00428	0.00620	0.02882	0.01075	0.00943
21	0.34698	0.03565	0.02481	0.02227	0.02807	0.25416	0.01746	0.03758	0.02441	0.03847	0.01632	0.01975	0.01342	0.01182	0.01118	0.00337	0.06850	0.00695	0.00627	0.01257
22	0.02616	0.32235	0.31345	0.02596	0.03924	0.03493	0.03092	0.03472	0.02334	0.03127	0.01802	0.02104	0.01435	0.01019	0.00904	0.00301	0.01444	0.00722	0.00478	0.01559
23	0.03750	0.08270	0.11275	0.02456	0.03380	0.11734	0.02249	0.18790	0.03622	0.13987	0.03376	0.03339	0.06043	0.01373	0.01083	0.00330	0.01329	0.01036	0.00923	0.01655

[dist]
# distance from previous block
# <min> <max>
0	1

[block]
# block no. 6 follows, 11 sequences, length 6
# corresponding to MSA columns:
# 497-502
name=unknown_G
#
# <colnr> <probs for GDERKNQSTAVLIFYWHMCP>
#	G	D	E	R	K	N	Q	S	T	A	V	L	I	F	Y	W	H	M	C	P
0	0.02126	0.02001	0.03376	0.57739	0.07752	0.02501	0.03126	0.02876	0.02251	0.02876	0.02001	0.03001	0.01500	0.01125	0.01125	0.00375	0.01500	0.01000	0.00500	0.01250
1	0.68395	0.02177	0.01654	0.01480	0.02177	0.02525	0.01219	0.03309	0.01915	0.05050	0.01567	0.01828	0.01219	0.01045	0.00697	0.00348	0.00871	0.00609	0.00697	0.01219
2	0.26477	0.02429	0.02546	0.02025	0.02846	0.02581	0.01671	0.19870	0.03483	0.21240	0.02861	0.02759	0.01951	0.01259	0.00981	0.00345	0.01024	0.00912	0.01063	0.01676
3	0.03438	0.01977	0.02268	0.01870	0.02495	0.02030	0.01500	0.15762	0.08941	0.17876	0.09251	0.04193	0.03542	0.01478	0.01064	0.00327	0.00861	0.01197	0.18352	0.01578
4	0.01371	0.00979	0.01306	0.01567	0.01632	0.00914	0.01045	0.01567	0.02155	0.02873	0.06203	0.59710	0.07444	0.03526	0.01437	0.00457	0.00653	0.03200	0.01045	0.00914
5	0.02257	0.05822	0.54613	0.03208	0.04871	0.02614	0.04158	0.03564	0.02376	0.03564	0.02020	0.02376	0.01426	0.01069	0.01069	0.00356	0.01663	0.00832	0.00475	0.01663

[dist]
# distance from previous block
# <min> <max>
0	1

[block]
# block no. 7 follows, 11 sequences, length 15
# corresponding to MSA columns:
# 504-518
name=unknown_H
#
# <colnr> <probs for GDERKNQSTAVLIFYWHMCP>
#	G	D	E	R	K	N	Q	S	T	A	V	L	I	F	Y	W	H	M	C	P
0	0.39122	0.02056	0.02097	0.01722	0.02499	0.02123	0.01420	0.04314	0.02519	0.27764	0.02895	0.02754	0.01943	0.01206	0.00898	0.00348	0.00911	0.00851	0.01018	0.01541
1	0.01637	0.01273	0.01503	0.01423	0.01758	0.01202	0.01074	0.02360	0.07786	0.04108	0.36093	0.08690	0.22127	0.02383	0.01310	0.00364	0.00578	0.02058	0.01174	0.01101
2	0.01593	0.01150	0.01504	0.01416	0.01681	0.01062	0.01062	0.02124	0.03186	0.04513	0.52830	0.08407	0.10620	0.02301	0.01327	0.00354	0.00531	0.02035	0.01239	0.01062
3	0.03900	0.02672	0.02925	0.02289	0.03070	0.02890	0.01874	0.37304	0.04651	0.10517	0.07179	0.03427	0.02819	0.01431	0.01110	0.00333	0.01085	0.01113	0.07658	0.01756
4	0.02126	0.02001	0.03376	0.57739	0.07752	0.02501	0.03126	0.02876	0.02251	0.02876	0.02001	0.03001	0.01500	0.01125	0.01125	0.00375	0.01500	0.01000	0.00500	0.01250
5	0.01415	0.01041	0.01250	0.01395	0.01524	0.00959	0.00926	0.01593	0.02150	0.02774	0.06924	0.37320	0.17774	0.14858	0.02278	0.00567	0.00721	0.02685	0.00972	0.00876
6	0.02891	0.02438	0.04062	0.05902	0.43352	0.02405	0.03043	0.03491	0.02594	0.08874	0.02738	0.08168	0.02412	0.01277	0.01146	0.00347	0.01234	0.01220	0.00690	0.01716
7	0.02217	0.01397	0.01831	0.01836	0.02185	0.01364	0.01477	0.02925	0.07283	0.10575	0.17760	0.16823	0.06915	0.02586	0.01383	0.00431	0.00823	0.17827	0.01148	0.01212
8	0.01400	0.01042	0.01305	0.01453	0.01617	0.00947	0.01008	0.01671	0.02414	0.03184	0.15117	0.40886	0.17487	0.03179	0.01396	0.00424	0.00615	0.02832	0.01077	0.00947
9	0.12881	0.02657	0.02989	0.07705	0.03604	0.02890	0.02013	0.29852	0.04118	0.15991	0.02834	0.02843	0.01957	0.01296	0.01069	0.00345	0.01157	0.00982	0.01061	0.01756
10	0.09391	0.03045	0.12565	0.12714	0.12189	0.02622	0.09056	0.07249	0.07783	0.08690	0.02563	0.02928	0.01882	0.01148	0.01102	0.00359	0.01362	0.01019	0.00730	0.01603
11	0.02443	0.01857	0.02338	0.07685	0.06619	0.01981	0.01675	0.15732	0.02998	0.04016	0.03949	0.23091	0.04178	0.13684	0.02138	0.00530	0.01043	0.01879	0.00907	0.01256
12	0.02511	0.01945	0.02549	0.15307	0.03836	0.01828	0.01814	0.06472	0.02585	0.07511	0.02809	0.10385	0.02512	0.01350	0.01031	0.00283	0.01011	0.01152	0.00769	0.32341
13	0.12090	0.09347	0.21985	0.02689	0.03860	0.02654	0.07534	0.07453	0.02748	0.15464	0.02543	0.02671	0.01776	0.01138	0.01031	0.00343	0.01343	0.00913	0.00774	0.01643
14	0.01685	0.01772	0.08725	0.02010	0.02376	0.01311	0.01802	0.02172	0.02376	0.03184	0.05532	0.31352	0.06208	0.03012	0.01439	0.00470	0.00958	0.21583	0.00964	0.01069

[dist]
# distance from previous block
# <min> <max>
0	1

[block]
# block no. 8 follows, 11 sequences, length 30
# corresponding to MSA columns:
# 520,521,534-561
name=unknown_I
#
# <colnr> <probs for GDERKNQSTAVLIFYWHMCP>
#	G	D	E	R	K	N	Q	S	T	A	V	L	I	F	Y	W	H	M	C	P
0	0.20362	0.03877	0.23787	0.03265	0.04486	0.02669	0.18841	0.03509	0.02347	0.03982	0.01985	0.02454	0.01466	0.01021	0.01057	0.00362	0.01528	0.00941	0.00568	0.01493
1	0.03550	0.02327	0.03425	0.02979	0.07445	0.02423	0.08353	0.12349	0.03115	0.20303	0.03398	0.10077	0.02768	0.01643	0.01585	0.00385	0.09912	0.01357	0.00983	0.01623
2	0.03274	0.02057	0.02634	0.02019	0.02790	0.01913	0.01651	0.03705	0.02520	0.20536	0.02727	0.02863	0.02009	0.01233	0.01464	0.00288	0.11543	0.00883	0.00879	0.33011
3	0.01401	0.01067	0.01289	0.01394	0.01604	0.00955	0.00984	0.01692	0.02494	0.03250	0.17057	0.33279	0.23348	0.03060	0.01380	0.00411	0.00601	0.02696	0.01083	0.00955
4	0.13215	0.02569	0.03014	0.18952	0.04502	0.02962	0.02252	0.23269	0.09440	0.05227	0.02546	0.02840	0.01868	0.01258	0.01063	0.00356	0.01219	0.00979	0.00875	0.01593
5	0.15856	0.03175	0.02996	0.20830	0.04655	0.17043	0.02301	0.13059	0.03066	0.04132	0.01992	0.02453	0.01518	0.01166	0.01013	0.00339	0.01467	0.00854	0.00689	0.01396
6	0.01585	0.01111	0.01377	0.01363	0.01612	0.01024	0.01002	0.02034	0.02857	0.04045	0.34959	0.16066	0.14442	0.02442	0.01282	0.00362	0.00554	0.02142	0.08716	0.01024
7	0.02126	0.02001	0.03376	0.57739	0.07752	0.02501	0.03126	0.02876	0.02251	0.02876	0.02001	0.03001	0.01500	0.01125	0.01125	0.00375	0.01500	0.01000	0.00500	0.01250
8	0.01664	0.01107	0.01362	0.01382	0.01471	0.01153	0.00910	0.01847	0.01809	0.02591	0.03633	0.10336	0.03881	0.35447	0.17719	0.01126	0.01483	0.01578	0.08675	0.00828
9	0.13916	0.01319	0.01464	0.01412	0.01748	0.01302	0.01064	0.02214	0.02750	0.04234	0.32603	0.13691	0.13691	0.02284	0.01224	0.00369	0.00614	0.01954	0.01091	0.01059
10	0.05050	0.01915	0.02612	0.02003	0.02873	0.01654	0.01654	0.05485	0.03221	0.54203	0.04440	0.03831	0.02786	0.01393	0.01132	0.00348	0.00958	0.01132	0.01393	0.01915
11	0.01646	0.01132	0.01383	0.01320	0.01599	0.01046	0.00990	0.02146	0.02971	0.04279	0.39461	0.07995	0.14514	0.02202	0.01237	0.00342	0.00535	0.01911	0.12246	0.01046
12	0.04279	0.03153	0.03378	0.02590	0.03490	0.03490	0.02139	0.49671	0.05292	0.07093	0.02702	0.02702	0.01914	0.01351	0.01126	0.00338	0.01239	0.01013	0.01126	0.01914
13	0.05050	0.01915	0.02612	0.02003	0.02873	0.01654	0.01654	0.05485	0.03221	0.54203	0.04440	0.03831	0.02786	0.01393	0.01132	0.00348	0.00958	0.01132	0.01393	0.01915
14	0.02800	0.02418	0.02545	0.02291	0.02927	0.02800	0.01782	0.05981	0.51390	0.04708	0.04581	0.04199	0.03436	0.01527	0.01145	0.00382	0.00891	0.01273	0.01145	0.01782
15	0.01834	0.01232	0.01415	0.01319	0.01723	0.01064	0.01007	0.02208	0.02821	0.09353	0.22594	0.09325	0.34935	0.02524	0.01307	0.00369	0.00603	0.02134	0.01141	0.01094
16	0.02374	0.02128	0.02863	0.02045	0.03062	0.01666	0.07225	0.02929	0.02374	0.03660	0.02034	0.02420	0.01672	0.00848	0.00894	0.00193	0.00964	0.00748	0.00655	0.59248
17	0.04204	0.05364	0.03190	0.02900	0.03480	0.55926	0.02175	0.04494	0.03190	0.02755	0.01740	0.02030	0.01450	0.01160	0.01015	0.00290	0.02030	0.00725	0.00580	0.01305
18	0.02073	0.01368	0.01665	0.01569	0.01940	0.01301	0.01181	0.02816	0.08818	0.09998	0.25518	0.16432	0.16105	0.02405	0.01300	0.00379	0.00655	0.02092	0.01177	0.01208
19	0.18411	0.12704	0.12796	0.18106	0.04483	0.02754	0.02484	0.03505	0.02318	0.09691	0.02123	0.02505	0.01566	0.01101	0.00946	0.00339	0.01265	0.00825	0.00647	0.01433
20	0.03144	0.44424	0.11001	0.02254	0.03226	0.13783	0.02229	0.03601	0.02465	0.02773	0.01650	0.01913	0.01443	0.01012	0.00816	0.00263	0.01410	0.00651	0.00499	0.01444
21	0.01450	0.01093	0.01341	0.01389	0.01622	0.00984	0.01000	0.01807	0.02686	0.03585	0.26572	0.25479	0.21202	0.02843	0.01363	0.00394	0.00581	0.02501	0.01124	0.00984
22	0.30675	0.02021	0.02225	0.01791	0.02591	0.02006	0.01478	0.04605	0.02693	0.34319	0.03278	0.03021	0.02152	0.01252	0.00956	0.00348	0.00923	0.00921	0.01111	0.01634
23	0.03066	0.14979	0.13978	0.07540	0.04205	0.08111	0.09682	0.04166	0.10067	0.09552	0.02625	0.02839	0.01953	0.01153	0.01059	0.00335	0.01426	0.00970	0.00717	0.01576
24	0.01955	0.00978	0.01466	0.01466	0.01466	0.00978	0.00978	0.01466	0.01466	0.01955	0.01955	0.03421	0.01955	0.03910	0.04399	0.67253	0.00978	0.00978	0.00489	0.00489
25	0.01398	0.01000	0.01330	0.01549	0.01638	0.00932	0.01047	0.01635	0.02280	0.03072	0.11843	0.53504	0.07828	0.03378	0.01423	0.00445	0.00638	0.03059	0.01068	0.00932
26	0.37083	0.07505	0.02847	0.10916	0.09533	0.02820	0.01953	0.08600	0.02467	0.04573	0.01831	0.02224	0.01431	0.01080	0.00865	0.00340	0.01096	0.00763	0.00680	0.01393
27	0.11385	0.01735	0.02197	0.01781	0.02465	0.01591	0.01441	0.04308	0.03061	0.34851	0.17449	0.04862	0.04765	0.01603	0.01136	0.00350	0.00830	0.01321	0.01270	0.01600
28	0.15925	0.02364	0.02279	0.01749	0.02647	0.07012	0.01392	0.03092	0.02332	0.03859	0.01887	0.02202	0.01555	0.00908	0.00823	0.00216	0.00958	0.00661	0.00664	0.47474
29	0.02569	0.02233	0.02967	0.08248	0.13282	0.02001	0.01997	0.06970	0.02624	0.03886	0.02084	0.02520	0.01695	0.00940	0.00943	0.00235	0.01033	0.00796	0.00668	0.42312

[dist]
# distance from previous block
# <min> <max>
0	3

[block]
# block no. 9 follows, 11 sequences, length 73
# corresponding to MSA columns:
# 565-637
name=unknown_J
#
# <colnr> <probs for GDERKNQSTAVLIFYWHMCP>
#	G	D	E	R	K	N	Q	S	T	A	V	L	I	F	Y	W	H	M	C	P
0	0.09061	0.14496	0.18554	0.02569	0.03663	0.02803	0.06591	0.04232	0.09152	0.14157	0.02762	0.02824	0.01989	0.01165	0.01016	0.00337	0.01274	0.00933	0.00785	0.01637
1	0.53502	0.02130	0.01789	0.01643	0.02292	0.02451	0.01349	0.03582	0.08673	0.04852	0.02372	0.03131	0.01994	0.01297	0.00835	0.00368	0.00888	0.04786	0.00788	0.01279
2	0.01946	0.01600	0.01915	0.06776	0.02605	0.01712	0.01453	0.03253	0.18692	0.03801	0.14470	0.20222	0.12405	0.02334	0.01278	0.00396	0.00774	0.02040	0.01064	0.01263
3	0.02101	0.01722	0.02692	0.13314	0.18657	0.01807	0.02057	0.02396	0.02058	0.02801	0.02840	0.09210	0.02910	0.18605	0.02906	0.09627	0.01188	0.01373	0.00616	0.01121
4	0.02143	0.01958	0.08908	0.01802	0.02286	0.01541	0.01625	0.02743	0.02833	0.08649	0.30165	0.06059	0.06775	0.01887	0.01417	0.00354	0.06003	0.01560	0.10061	0.01234
5	0.01629	0.01121	0.01380	0.01380	0.01433	0.01174	0.00873	0.01735	0.01682	0.02296	0.03407	0.06591	0.03756	0.46765	0.18949	0.01280	0.01597	0.01523	0.00661	0.00767
6	0.68395	0.02177	0.01654	0.01480	0.02177	0.02525	0.01219	0.03309	0.01915	0.05050	0.01567	0.01828	0.01219	0.01045	0.00697	0.00348	0.00871	0.00609	0.00697	0.01219
7	0.02257	0.05822	0.54613	0.03208	0.04871	0.02614	0.04158	0.03564	0.02376	0.03564	0.02020	0.02376	0.01426	0.01069	0.01069	0.00356	0.01663	0.00832	0.00475	0.01663
8	0.02257	0.05822	0.54613	0.03208	0.04871	0.02614	0.04158	0.03564	0.02376	0.03564	0.02020	0.02376	0.01426	0.01069	0.01069	0.00356	0.01663	0.00832	0.00475	0.01663
9	0.01760	0.01297	0.01716	0.01797	0.02003	0.01388	0.01391	0.02345	0.06397	0.02970	0.04457	0.12536	0.04672	0.15900	0.19559	0.01021	0.01626	0.15311	0.00840	0.01011
10	0.02126	0.02001	0.03376	0.57739	0.07752	0.02501	0.03126	0.02876	0.02251	0.02876	0.02001	0.03001	0.01500	0.01125	0.01125	0.00375	0.01500	0.01000	0.00500	0.01250
11	0.02334	0.02001	0.02334	0.01667	0.02667	0.01500	0.01334	0.02834	0.02334	0.03668	0.02001	0.02334	0.01667	0.00834	0.00834	0.00167	0.00834	0.00667	0.00667	0.67325
12	0.01593	0.01150	0.01504	0.01416	0.01681	0.01062	0.01062	0.02124	0.03186	0.04513	0.52830	0.08407	0.10620	0.02301	0.01327	0.00354	0.00531	0.02035	0.01239	0.01062
13	0.02636	0.02522	0.04298	0.18429	0.43072	0.02635	0.03380	0.03323	0.02492	0.03495	0.02091	0.02834	0.01719	0.01031	0.01117	0.00344	0.01374	0.01002	0.00544	0.01662
14	0.01371	0.00979	0.01306	0.01567	0.01632	0.00914	0.01045	0.01567	0.02155	0.02873	0.06203	0.59710	0.07444	0.03526	0.01437	0.00457	0.00653	0.03200	0.01045	0.00914
15	0.02254	0.03017	0.15370	0.25090	0.05761	0.02482	0.12085	0.03340	0.06789	0.03340	0.02661	0.07948	0.02220	0.01325	0.01181	0.00380	0.01486	0.01244	0.00614	0.01415
16	0.02800	0.02418	0.02545	0.02291	0.02927	0.02800	0.01782	0.05981	0.51390	0.04708	0.04581	0.04199	0.03436	0.01527	0.01145	0.00382	0.00891	0.01273	0.01145	0.01782
17	0.01836	0.01520	0.01975	0.02094	0.06585	0.01593	0.01423	0.02474	0.06912	0.03550	0.20296	0.07025	0.16385	0.08425	0.07335	0.00588	0.06171	0.01733	0.00941	0.01141
18	0.01661	0.01137	0.01443	0.01366	0.01631	0.01060	0.01025	0.02191	0.03074	0.04471	0.46176	0.07837	0.09573	0.02167	0.01254	0.00342	0.00530	0.01902	0.10099	0.01060
19	0.02050	0.01879	0.03054	0.34555	0.14337	0.02137	0.02645	0.02655	0.02319	0.03033	0.03544	0.12795	0.07140	0.01645	0.01192	0.00381	0.01251	0.01478	0.00647	0.01264
20	0.35995	0.10429	0.02810	0.01908	0.02714	0.03013	0.01620	0.17306	0.03064	0.08759	0.02106	0.02226	0.01566	0.01149	0.00858	0.00331	0.01032	0.00765	0.00844	0.01505
21	0.01680	0.01162	0.01592	0.01592	0.01762	0.01297	0.01181	0.02020	0.01850	0.02743	0.03208	0.04966	0.03073	0.17638	0.38693	0.01459	0.02302	0.01269	0.09564	0.00948
22	0.12481	0.13015	0.03440	0.07514	0.03480	0.06156	0.05057	0.04096	0.02653	0.21252	0.02720	0.02786	0.01930	0.01140	0.00974	0.00312	0.01169	0.00892	0.00863	0.08070
23	0.02396	0.13536	0.03337	0.02007	0.02904	0.02183	0.05669	0.02895	0.02282	0.03320	0.02077	0.02575	0.01782	0.01899	0.08320	0.00422	0.01294	0.00785	0.00613	0.39704
24	0.09836	0.02438	0.02748	0.02206	0.03015	0.02567	0.01796	0.19024	0.15116	0.23695	0.03686	0.03395	0.02533	0.01381	0.01095	0.00353	0.01021	0.01083	0.01191	0.01822
25	0.02788	0.02624	0.04173	0.06006	0.43557	0.02699	0.03127	0.03948	0.12104	0.03879	0.02599	0.03062	0.02106	0.01105	0.01120	0.00344	0.01250	0.01056	0.00672	0.01783
26	0.03896	0.04483	0.03063	0.02732	0.03356	0.38794	0.02083	0.09296	0.14237	0.03623	0.02474	0.02584	0.01942	0.01261	0.01055	0.00315	0.01695	0.00877	0.00761	0.01472
27	0.02840	0.48659	0.16877	0.02215	0.03336	0.04039	0.02429	0.03414	0.02307	0.02855	0.01667	0.01934	0.01440	0.00987	0.00800	0.00267	0.01307	0.00654	0.00480	0.01494
28	0.01662	0.01096	0.01328	0.01328	0.01355	0.01124	0.00807	0.01672	0.01645	0.02220	0.03329	0.06607	0.03724	0.48244	0.12410	0.07228	0.01341	0.01518	0.00654	0.00708
29	0.01452	0.01037	0.01398	0.01659	0.01759	0.00983	0.01184	0.01706	0.02234	0.02963	0.06159	0.51186	0.07269	0.03451	0.01458	0.00468	0.00723	0.10932	0.01043	0.00936
30	0.01637	0.01091	0.01228	0.01228	0.01228	0.01091	0.00682	0.01637	0.01637	0.02182	0.03546	0.07365	0.04092	0.60445	0.05729	0.01091	0.01091	0.01637	0.00682	0.00682
31	0.02713	0.10496	0.40198	0.03002	0.04422	0.08136	0.03566	0.08089	0.02730	0.03742	0.02017	0.02322	0.01477	0.01096	0.01038	0.00338	0.01617	0.00818	0.00549	0.01632
32	0.02461	0.02343	0.03982	0.31894	0.30974	0.02589	0.03293	0.03170	0.02409	0.03283	0.02060	0.02891	0.01644	0.01063	0.01120	0.00354	0.01417	0.01002	0.00529	0.01521
33	0.02165	0.01981	0.03187	0.34601	0.05737	0.02327	0.06590	0.03155	0.08835	0.03095	0.02624	0.03728	0.02161	0.07613	0.07014	0.00587	0.01563	0.01148	0.00621	0.01267
34	0.01371	0.00979	0.01306	0.01567	0.01632	0.00914	0.01045	0.01567	0.02155	0.02873	0.06203	0.59710	0.07444	0.03526	0.01437	0.00457	0.00653	0.03200	0.01045	0.00914
35	0.03727	0.14270	0.03944	0.03487	0.13137	0.31893	0.02379	0.08178	0.03101	0.03308	0.01870	0.02199	0.01556	0.01112	0.00994	0.00294	0.01680	0.00784	0.00608	0.01477
36	0.09739	0.16718	0.18032	0.02811	0.03934	0.02952	0.11671	0.03930	0.05892	0.10451	0.02426	0.02643	0.01788	0.01095	0.01016	0.00334	0.01374	0.00925	0.00689	0.01582
37	0.02217	0.02029	0.03381	0.08884	0.19565	0.02212	0.06584	0.02730	0.02144	0.03036	0.02471	0.03751	0.02262	0.09420	0.18021	0.00870	0.07378	0.01155	0.00573	0.01314
38	0.01429	0.01050	0.01340	0.01465	0.01631	0.00961	0.01024	0.01733	0.02506	0.03365	0.20239	0.38346	0.14597	0.03083	0.01391	0.00417	0.00607	0.02754	0.01100	0.00961
39	0.02226	0.01328	0.01815	0.06512	0.02339	0.01369	0.01299	0.02496	0.02079	0.11433	0.03789	0.12702	0.03765	0.23999	0.16841	0.00998	0.01538	0.01595	0.00818	0.01059
40	0.32312	0.16077	0.11510	0.02133	0.03091	0.02910	0.05196	0.03599	0.02253	0.09032	0.01972	0.02192	0.01491	0.01058	0.00848	0.00327	0.01152	0.00744	0.00673	0.01430
41	0.01507	0.01147	0.01385	0.01326	0.01629	0.01025	0.00994	0.01957	0.02982	0.04030	0.39243	0.09203	0.24508	0.02481	0.01328	0.00363	0.00544	0.02147	0.01175	0.01025
42	0.01496	0.01130	0.01381	0.01354	0.01631	0.01015	0.01002	0.01923	0.02904	0.03927	0.36296	0.14382	0.22281	0.02583	0.01340	0.00372	0.00555	0.02252	0.01164	0.01015
43	0.03446	0.01949	0.02827	0.07745	0.03412	0.01911	0.06308	0.07228	0.07195	0.25043	0.04283	0.16292	0.03608	0.01816	0.01220	0.00381	0.01046	0.01611	0.01106	0.01573
44	0.02771	0.16824	0.35367	0.02863	0.04215	0.07935	0.03340	0.07760	0.02695	0.03621	0.01963	0.02258	0.01476	0.01081	0.00999	0.00325	0.01565	0.00791	0.00545	0.01609
45	0.02188	0.02006	0.02709	0.02380	0.02380	0.02664	0.01870	0.02352	0.01695	0.02534	0.02166	0.04093	0.02347	0.21418	0.04370	0.00692	0.39330	0.01202	0.00556	0.01049
46	0.03154	0.02321	0.02663	0.02207	0.02794	0.02582	0.01764	0.29521	0.03806	0.05163	0.02883	0.03697	0.02410	0.09091	0.19691	0.00893	0.01813	0.01134	0.00912	0.01501
47	0.02752	0.08281	0.11172	0.18642	0.19007	0.02908	0.07333	0.09662	0.02813	0.03819	0.02118	0.02710	0.01640	0.01084	0.01097	0.00344	0.01450	0.00974	0.00603	0.01589
48	0.53571	0.02242	0.02045	0.09197	0.03051	0.02610	0.01561	0.07482	0.02269	0.04942	0.01729	0.02067	0.01320	0.01084	0.00794	0.00351	0.00989	0.00699	0.00709	0.01287
49	0.02633	0.02393	0.03984	0.10707	0.42244	0.02439	0.03063	0.03289	0.02507	0.03675	0.02317	0.02996	0.01906	0.01056	0.01071	0.00328	0.01242	0.01009	0.09504	0.01635
50	0.02397	0.02203	0.03176	0.02268	0.03296	0.01763	0.10713	0.02985	0.02397	0.03655	0.02055	0.02471	0.01675	0.00856	0.00930	0.00208	0.01041	0.00796	0.00648	0.54467
51	0.03742	0.02425	0.02734	0.02270	0.03026	0.02614	0.01818	0.14746	0.28279	0.19285	0.04158	0.03789	0.02941	0.01453	0.01138	0.00363	0.00981	0.01180	0.01212	0.01847
52	0.01367	0.00995	0.01290	0.01526	0.01622	0.00918	0.01026	0.01572	0.02195	0.02889	0.06705	0.54992	0.11838	0.03461	0.01426	0.00450	0.00645	0.03120	0.01045	0.00918
53	0.01534	0.01148	0.01423	0.01354	0.01646	0.01037	0.01016	0.02011	0.03048	0.04185	0.43589	0.08948	0.20066	0.02424	0.01328	0.00360	0.00540	0.02111	0.01196	0.01037
54	0.01637	0.01091	0.01228	0.01228	0.01228	0.01091	0.00682	0.01637	0.01637	0.02182	0.03546	0.07365	0.04092	0.60445	0.05729	0.01091	0.01091	0.01637	0.00682	0.00682
55	0.01956	0.01035	0.01099	0.01150	0.01374	0.01023	0.00837	0.02416	0.02320	0.03938	0.04166	0.15044	0.03776	0.01744	0.00914	0.00300	0.00550	0.01469	0.53865	0.01023
56	0.16378	0.02943	0.02911	0.08045	0.03596	0.07826	0.02016	0.25808	0.10369	0.05546	0.02576	0.02704	0.01900	0.01275	0.01035	0.00345	0.01218	0.00942	0.00931	0.01637
57	0.10687	0.02953	0.03087	0.02435	0.03279	0.03297	0.01996	0.38978	0.11184	0.06560	0.02840	0.02815	0.02048	0.01343	0.01084	0.00345	0.01154	0.01007	0.01084	0.01824
58	0.02340	0.02347	0.03357	0.52087	0.07312	0.08007	0.03028	0.03043	0.02347	0.02863	0.01974	0.02901	0.01495	0.01129	0.01114	0.00366	0.01555	0.00972	0.00508	0.01256
59	0.03391	0.21613	0.04220	0.07019	0.14704	0.08317	0.02313	0.04111	0.07052	0.13047	0.02564	0.02738	0.01964	0.01137	0.00985	0.00309	0.01260	0.00895	0.00746	0.01615
60	0.41368	0.08366	0.02507	0.01832	0.02586	0.07839	0.01523	0.07912	0.02557	0.11429	0.02075	0.02196	0.01538	0.01123	0.00828	0.00331	0.01060	0.00727	0.00797	0.01407
61	0.10143	0.02126	0.02338	0.02013	0.02689	0.02285	0.01598	0.05261	0.28068	0.18887	0.04148	0.03849	0.02971	0.01419	0.01063	0.00358	0.00875	0.01144	0.07070	0.01696
62	0.06923	0.02405	0.07532	0.02532	0.03223	0.02162	0.11312	0.10412	0.07329	0.04231	0.08578	0.17115	0.07541	0.01934	0.01238	0.00385	0.01106	0.01751	0.00914	0.01377
63	0.09495	0.08925	0.19324	0.03636	0.10886	0.02980	0.12049	0.07646	0.02608	0.03903	0.02009	0.02490	0.01559	0.01131	0.01298	0.00357	0.06608	0.00939	0.00589	0.01570
64	0.03567	0.02267	0.02602	0.02156	0.02922	0.02351	0.01720	0.08543	0.27870	0.20440	0.04140	0.03786	0.02942	0.01401	0.01108	0.00346	0.00930	0.01147	0.01173	0.08589
65	0.04970	0.02043	0.02691	0.02063	0.02937	0.01844	0.01704	0.10039	0.03435	0.49347	0.04261	0.03715	0.02696	0.01389	0.01131	0.00347	0.00987	0.01120	0.01366	0.01915
66	0.02804	0.02256	0.03824	0.15093	0.25337	0.02299	0.07030	0.03458	0.02606	0.10399	0.03032	0.04553	0.02598	0.01407	0.01207	0.00377	0.01320	0.08106	0.00737	0.01557
67	0.03067	0.03465	0.17990	0.03548	0.10650	0.02771	0.07541	0.08417	0.02716	0.11797	0.02391	0.02781	0.01780	0.01332	0.01710	0.00383	0.14308	0.01005	0.00712	0.01633
68	0.08272	0.01131	0.01312	0.01482	0.01669	0.01087	0.01029	0.01755	0.02203	0.03127	0.06651	0.45042	0.14907	0.03150	0.01341	0.00432	0.00661	0.02786	0.01009	0.00952
69	0.03103	0.02166	0.09219	0.01985	0.02732	0.01555	0.01805	0.03668	0.02858	0.23354	0.13608	0.10072	0.04758	0.01811	0.01196	0.00357	0.00937	0.05426	0.01101	0.08290
70	0.09337	0.02958	0.14945	0.07303	0.15177	0.02244	0.06865	0.03356	0.02620	0.08326	0.12158	0.03822	0.03432	0.01314	0.01124	0.00353	0.01234	0.01166	0.00757	0.01508
71	0.07931	0.16627	0.12110	0.03460	0.16744	0.02798	0.02570	0.03986	0.02600	0.17059	0.02557	0.02705	0.01876	0.01112	0.00991	0.00321	0.01224	0.00889	0.00760	0.01681
72	0.04249	0.02288	0.02709	0.02113	0.02928	0.02268	0.01733	0.22024	0.03932	0.29085	0.04711	0.04343	0.09242	0.01574	0.01156	0.00349	0.01014	0.01254	0.01243	0.01784

[dist]
# distance from previous block
# <min> <max>
1	16

[block]
# block no. 10 follows, 11 sequences, length 8
# corresponding to MSA columns:
# 690-697
name=unknown_K
#
# <colnr> <probs for GDERKNQSTAVLIFYWHMCP>
#	G	D	E	R	K	N	Q	S	T	A	V	L	I	F	Y	W	H	M	C	P
0	0.20488	0.03173	0.08004	0.09027	0.03587	0.12130	0.02135	0.09868	0.02746	0.07173	0.02145	0.02692	0.01702	0.04850	0.01454	0.00396	0.05445	0.00878	0.00715	0.01390
1	0.15403	0.02027	0.02654	0.02074	0.02853	0.01910	0.07197	0.03648	0.06250	0.14063	0.11451	0.03810	0.03492	0.01304	0.01035	0.00311	0.00946	0.01110	0.00938	0.17525
2	0.01625	0.01140	0.01474	0.01474	0.01559	0.01225	0.00989	0.01795	0.01710	0.02365	0.03321	0.06119	0.03551	0.38434	0.27000	0.01395	0.01905	0.01454	0.00649	0.00819
