[name]
unknown

[dist]
# distance from previous block
# <min> <max>
0	1071

[block]
# block no. 0 follows, 12 sequences, length 16
# corresponding to MSA columns:
# 1071-1086
name=unknown_A
#
# <colnr> <probs for GDERKNQSTAVLIFYWHMCP>
#	G	D	E	R	K	N	Q	S	T	A	V	L	I	F	Y	W	H	M	C	P
0	0.01606	0.01081	0.01257	0.01287	0.01317	0.01081	0.00792	0.01666	0.01696	0.02251	0.03715	0.07752	0.04240	0.54678	0.05067	0.00991	0.01051	0.07071	0.00702	0.00702
1	0.02684	0.02633	0.04665	0.06442	0.49009	0.02611	0.09025	0.03364	0.02494	0.03554	0.02069	0.02728	0.01718	0.00965	0.01104	0.00329	0.01360	0.01009	0.00541	0.01696
2	0.02558	0.02329	0.03396	0.04558	0.30779	0.02453	0.02525	0.04021	0.20328	0.03834	0.03316	0.09350	0.02875	0.01410	0.01123	0.00353	0.01072	0.01289	0.00792	0.01638
3	0.01987	0.01031	0.01087	0.01087	0.01335	0.01049	0.00820	0.02484	0.02235	0.03918	0.03496	0.04086	0.02788	0.01932	0.06187	0.00398	0.00739	0.01031	0.61298	0.01012
4	0.03569	0.02924	0.15069	0.03203	0.13799	0.02148	0.02523	0.04550	0.08815	0.27043	0.03328	0.03229	0.02278	0.01217	0.01081	0.00340	0.01150	0.01021	0.00954	0.01758
5	0.02789	0.33005	0.04877	0.02493	0.03363	0.03537	0.11185	0.04067	0.17491	0.03341	0.02524	0.02672	0.02027	0.01094	0.00935	0.00300	0.01203	0.00912	0.00676	0.01511
6	0.03525	0.02482	0.02738	0.02252	0.02962	0.02710	0.01804	0.27353	0.18320	0.11660	0.03704	0.09341	0.02947	0.01586	0.01129	0.00353	0.01010	0.01292	0.01119	0.01715
7	0.17609	0.02495	0.02706	0.02116	0.02940	0.02647	0.01748	0.27429	0.03849	0.21407	0.02911	0.02781	0.01976	0.01261	0.01008	0.00332	0.01044	0.00937	0.01086	0.01718
8	0.01586	0.01057	0.01189	0.01189	0.01189	0.01057	0.00661	0.01586	0.01586	0.02114	0.03436	0.07135	0.03964	0.61681	0.05550	0.01057	0.01057	0.01586	0.00661	0.00661
9	0.02033	0.01016	0.01016	0.01016	0.01270	0.01016	0.00762	0.02541	0.02287	0.04065	0.03557	0.04065	0.02795	0.01270	0.00762	0.00254	0.00508	0.01016	0.67734	0.01016
10	0.03497	0.03091	0.03518	0.08285	0.03990	0.14486	0.10368	0.13404	0.12554	0.11363	0.02852	0.02982	0.02075	0.01218	0.01105	0.00337	0.01399	0.01035	0.00865	0.01575
11	0.02059	0.01938	0.03270	0.59060	0.07510	0.02422	0.03028	0.02786	0.02180	0.02786	0.01938	0.02907	0.01453	0.01090	0.01090	0.00363	0.01453	0.00969	0.00484	0.01211
12	0.07000	0.02121	0.02038	0.02018	0.02208	0.12239	0.01498	0.02395	0.02181	0.02884	0.03975	0.34107	0.04550	0.02513	0.01683	0.00411	0.12294	0.02046	0.00798	0.01039
13	0.01971	0.01819	0.03028	0.52115	0.06794	0.02237	0.02785	0.02633	0.02169	0.02786	0.02429	0.09915	0.02148	0.01371	0.01127	0.00373	0.01354	0.01226	0.00548	0.01172
14	0.22713	0.21156	0.03381	0.02066	0.02778	0.20049	0.01726	0.03831	0.07302	0.03472	0.01853	0.02048	0.01524	0.01068	0.00820	0.00292	0.01290	0.00685	0.00619	0.01325
15	0.07488	0.02001	0.02411	0.06039	0.07840	0.05461	0.01760	0.03803	0.08767	0.18651	0.10111	0.10537	0.04074	0.01712	0.01142	0.00361	0.00975	0.04416	0.01012	0.01439

[dist]
# distance from previous block
# <min> <max>
12	29

[block]
# block no. 1 follows, 12 sequences, length 8
# corresponding to MSA columns:
# 1118-1125
name=unknown_B
#
# <colnr> <probs for GDERKNQSTAVLIFYWHMCP>
#	G	D	E	R	K	N	Q	S	T	A	V	L	I	F	Y	W	H	M	C	P
0	0.02728	0.02006	0.06843	0.12465	0.03453	0.01769	0.01925	0.07834	0.02823	0.16336	0.08976	0.13815	0.07750	0.01888	0.01194	0.00372	0.01002	0.04484	0.00975	0.01363
1	0.03359	0.10263	0.03873	0.12099	0.09001	0.27798	0.07139	0.07802	0.02917	0.03198	0.01872	0.02311	0.01505	0.01079	0.01017	0.00305	0.01658	0.00838	0.00581	0.01384
2	0.02793	0.03167	0.16547	0.03540	0.15014	0.02385	0.06293	0.08120	0.08228	0.08783	0.02833	0.03543	0.02247	0.01246	0.01099	0.00339	0.01260	0.04488	0.00754	0.07322
3	0.14221	0.06950	0.07699	0.11898	0.08590	0.02315	0.05275	0.03747	0.02461	0.18087	0.02525	0.02738	0.01795	0.01090	0.00979	0.00322	0.01159	0.00895	0.00775	0.06478
4	0.03851	0.06773	0.08000	0.02595	0.07439	0.08322	0.02070	0.13217	0.03198	0.23904	0.03040	0.03216	0.02198	0.05623	0.01374	0.00374	0.01213	0.00996	0.00955	0.01640
5	0.14210	0.06817	0.02700	0.01932	0.02764	0.07619	0.01587	0.10390	0.02899	0.17965	0.02540	0.02552	0.01831	0.01094	0.00912	0.00276	0.01040	0.00805	0.00878	0.19190
6	0.08324	0.07673	0.03579	0.23338	0.19367	0.08640	0.02652	0.03449	0.06638	0.03306	0.02083	0.02648	0.01657	0.01073	0.01008	0.00330	0.01338	0.00898	0.00576	0.01422
7	0.10227	0.07268	0.02990	0.02527	0.07781	0.02556	0.01883	0.07558	0.06390	0.11707	0.07195	0.03162	0.02635	0.01395	0.01529	0.00342	0.13328	0.00995	0.00818	0.07714

[dist]
# distance from previous block
# <min> <max>
3	24

[block]
# block no. 2 follows, 12 sequences, length 16
# corresponding to MSA columns:
# 1150-1165
name=unknown_C
#
# <colnr> <probs for GDERKNQSTAVLIFYWHMCP>
#	G	D	E	R	K	N	Q	S	T	A	V	L	I	F	Y	W	H	M	C	P
0	0.02205	0.01470	0.01917	0.07543	0.02583	0.01502	0.01426	0.03088	0.11174	0.10922	0.22749	0.18243	0.06471	0.02133	0.01234	0.00371	0.00753	0.01879	0.01090	0.01246
1	0.02530	0.02692	0.11057	0.06331	0.03208	0.07168	0.02044	0.07100	0.08130	0.07225	0.03680	0.17466	0.03526	0.01842	0.01152	0.00360	0.01116	0.04999	0.00847	0.07528
2	0.08681	0.02013	0.02472	0.02273	0.06588	0.02034	0.01679	0.10295	0.09877	0.24092	0.04278	0.04139	0.07793	0.02081	0.06268	0.00473	0.01121	0.01182	0.01064	0.01598
3	0.09080	0.01997	0.02541	0.02182	0.02552	0.02344	0.01781	0.08058	0.02418	0.14599	0.02827	0.03997	0.02441	0.07447	0.07651	0.00592	0.20700	0.04662	0.00812	0.01320
4	0.08929	0.07458	0.02744	0.02302	0.06636	0.02149	0.01753	0.09807	0.02788	0.19189	0.03265	0.04145	0.02635	0.02878	0.13092	0.00645	0.01441	0.05761	0.00914	0.01470
5	0.19165	0.13806	0.08179	0.02517	0.06990	0.08266	0.02075	0.15044	0.06890	0.04476	0.02105	0.02287	0.01630	0.01115	0.00906	0.00313	0.01200	0.00792	0.00730	0.01513
6	0.60256	0.10379	0.02167	0.01493	0.02203	0.02703	0.01275	0.03213	0.01905	0.04573	0.01518	0.01768	0.01211	0.01001	0.00678	0.00323	0.00888	0.00589	0.00646	0.01211
7	0.02850	0.01705	0.01988	0.01714	0.02194	0.01717	0.01293	0.07471	0.13290	0.17157	0.09273	0.05678	0.09094	0.17028	0.02275	0.00531	0.00892	0.01445	0.01054	0.01351
8	0.01458	0.01090	0.01354	0.01334	0.01588	0.00986	0.00983	0.01876	0.02819	0.03844	0.38270	0.15909	0.19462	0.02508	0.01301	0.00362	0.00539	0.02198	0.01134	0.00986
9	0.02059	0.01938	0.03270	0.59060	0.07510	0.02422	0.03028	0.02786	0.02180	0.02786	0.01938	0.02907	0.01453	0.01090	0.01090	0.00363	0.01453	0.00969	0.00484	0.01211
10	0.01391	0.00997	0.01321	0.01475	0.01595	0.00928	0.01017	0.01676	0.02380	0.03248	0.20143	0.45510	0.08112	0.03069	0.01361	0.00414	0.00598	0.02770	0.01067	0.00928
11	0.01875	0.01678	0.02696	0.26652	0.04506	0.01955	0.05480	0.02326	0.02050	0.02726	0.03163	0.18442	0.03298	0.10083	0.02049	0.00491	0.07187	0.01625	0.00649	0.01068
12	0.01472	0.01095	0.01336	0.01303	0.01547	0.00996	0.00946	0.01858	0.02730	0.03709	0.35848	0.12450	0.19760	0.08099	0.01700	0.00424	0.00584	0.02094	0.01091	0.00958
13	0.03265	0.39433	0.04622	0.02193	0.02983	0.20950	0.01931	0.03813	0.06570	0.02759	0.01805	0.02004	0.01556	0.01037	0.00822	0.00259	0.01395	0.00673	0.00548	0.01383
14	0.02319	0.15892	0.46932	0.02883	0.04372	0.02854	0.03637	0.03419	0.02286	0.03293	0.01877	0.02202	0.01384	0.01017	0.00975	0.00325	0.01531	0.00765	0.00461	0.01573
15	0.02125	0.10744	0.02766	0.10898	0.03091	0.02222	0.01732	0.05789	0.02417	0.03239	0.08066	0.16039	0.08504	0.01917	0.01447	0.00354	0.08989	0.01544	0.00761	0.07357

[dist]
# distance from previous block
# <min> <max>
2	8

[block]
# block no. 3 follows, 12 sequences, length 6
# corresponding to MSA columns:
# 1174-1179
name=unknown_D
#
# <colnr> <probs for GDERKNQSTAVLIFYWHMCP>
#	G	D	E	R	K	N	Q	S	T	A	V	L	I	F	Y	W	H	M	C	P
0	0.17530	0.02104	0.02413	0.02223	0.07052	0.02087	0.01615	0.04188	0.13934	0.16189	0.02976	0.02942	0.02173	0.01145	0.00938	0.00302	0.00898	0.00900	0.00912	0.17480
1	0.02059	0.01938	0.03270	0.59060	0.07510	0.02422	0.03028	0.02786	0.02180	0.02786	0.01938	0.02907	0.01453	0.01090	0.01090	0.00363	0.01453	0.00969	0.00484	0.01211
2	0.01570	0.01119	0.01502	0.01502	0.01610	0.01227	0.01051	0.01786	0.01678	0.02346	0.03149	0.05551	0.03276	0.31957	0.34333	0.01443	0.02092	0.01354	0.00618	0.00834
3	0.02540	0.02771	0.15163	0.11729	0.04323	0.02054	0.12899	0.03329	0.02662	0.12126	0.14840	0.04157	0.03786	0.01354	0.01168	0.00351	0.01262	0.01261	0.00806	0.01419
4	0.02180	0.01382	0.01721	0.01466	0.01965	0.01182	0.01138	0.02636	0.02848	0.12400	0.29833	0.06737	0.14514	0.01915	0.01170	0.00314	0.00641	0.01643	0.01095	0.13221
5	0.02606	0.02233	0.02976	0.12083	0.12898	0.02123	0.02069	0.10577	0.02744	0.03957	0.02066	0.02502	0.01647	0.00963	0.00948	0.00250	0.01063	0.00811	0.00671	0.34814

[dist]
# distance from previous block
# <min> <max>
0	3

[block]
# block no. 4 follows, 12 sequences, length 9
# corresponding to MSA columns:
# 1183-1191
name=unknown_E
#
# <colnr> <probs for GDERKNQSTAVLIFYWHMCP>
#	G	D	E	R	K	N	Q	S	T	A	V	L	I	F	Y	W	H	M	C	P
0	0.17865	0.29793	0.14171	0.02096	0.03094	0.03424	0.02158	0.09825	0.02548	0.03846	0.01752	0.01979	0.01409	0.01022	0.00812	0.00291	0.01184	0.00682	0.00597	0.01453
1	0.01502	0.01113	0.01400	0.01328	0.01604	0.01011	0.00996	0.01977	0.02988	0.04140	0.47257	0.08527	0.17480	0.02316	0.01286	0.00347	0.00521	0.02026	0.01170	0.01011
2	0.01517	0.01139	0.01429	0.01614	0.01752	0.01134	0.01109	0.02101	0.09012	0.03026	0.05795	0.53217	0.06682	0.03152	0.01353	0.00433	0.00664	0.02845	0.01025	0.01000
3	0.01603	0.01200	0.01512	0.01543	0.01793	0.01163	0.01164	0.02245	0.07108	0.03759	0.28878	0.21240	0.11670	0.02589	0.01324	0.00392	0.00639	0.08027	0.01108	0.01044
4	0.02636	0.07249	0.08651	0.10552	0.03731	0.02525	0.02162	0.11761	0.02701	0.03845	0.01968	0.02402	0.01571	0.01116	0.01271	0.00287	0.08611	0.00806	0.00649	0.25507
5	0.18262	0.11276	0.20787	0.02380	0.03462	0.03004	0.02494	0.18192	0.03065	0.04729	0.02005	0.02208	0.01484	0.01102	0.00927	0.00324	0.01251	0.00783	0.00706	0.01561
6	0.02040	0.01588	0.06027	0.01703	0.02021	0.01343	0.01355	0.02487	0.06506	0.07918	0.06792	0.18658	0.04250	0.11289	0.08280	0.13097	0.01110	0.01684	0.00828	0.01024
7	0.11442	0.04073	0.29924	0.02595	0.03796	0.02586	0.02882	0.12116	0.06937	0.09807	0.02464	0.02581	0.01735	0.01149	0.01012	0.00342	0.01309	0.00874	0.00744	0.01634
8	0.03160	0.02329	0.02423	0.02024	0.02635	0.06251	0.01571	0.15049	0.15558	0.11749	0.07506	0.04168	0.03281	0.10246	0.01737	0.00431	0.01028	0.01183	0.01005	0.06666

[dist]
# distance from previous block
# <min> <max>
0	2

[block]
# block no. 5 follows, 12 sequences, length 8
# corresponding to MSA columns:
# 1194-1201
name=unknown_F
#
# <colnr> <probs for GDERKNQSTAVLIFYWHMCP>
#	G	D	E	R	K	N	Q	S	T	A	V	L	I	F	Y	W	H	M	C	P
0	0.09225	0.07554	0.02998	0.16054	0.10621	0.02503	0.02077	0.09925	0.07494	0.03758	0.02709	0.07737	0.02445	0.08537	0.01569	0.00428	0.01140	0.01163	0.00719	0.01346
1	0.02994	0.02466	0.09101	0.03466	0.13532	0.02015	0.12783	0.03642	0.02685	0.18415	0.08223	0.09377	0.03340	0.01443	0.01176	0.00353	0.01198	0.01370	0.00877	0.01543
2	0.02756	0.09276	0.03661	0.11957	0.04006	0.02399	0.12226	0.03786	0.11399	0.12114	0.08279	0.07237	0.03267	0.01405	0.01128	0.00348	0.01165	0.01290	0.00854	0.01447
3	0.02973	0.02264	0.06085	0.07970	0.07160	0.05665	0.01879	0.03497	0.02703	0.18500	0.09818	0.04323	0.08441	0.01417	0.01076	0.00309	0.01021	0.01180	0.00911	0.12808
4	0.01869	0.01300	0.02126	0.07000	0.02470	0.01306	0.07063	0.01830	0.01764	0.02326	0.03009	0.08525	0.05701	0.10862	0.03393	0.35745	0.01067	0.01320	0.00582	0.00743
5	0.02710	0.08329	0.06846	0.02998	0.14116	0.02336	0.02053	0.08420	0.09722	0.08507	0.07101	0.08191	0.03338	0.08644	0.01618	0.00422	0.01062	0.01281	0.00839	0.01466
6	0.02570	0.02477	0.12832	0.07699	0.08655	0.01870	0.02202	0.03458	0.07553	0.13756	0.12879	0.08658	0.07460	0.01639	0.01152	0.00354	0.01021	0.01410	0.00916	0.01443
7	0.02040	0.02935	0.18809	0.02869	0.08676	0.01961	0.08161	0.03004	0.06251	0.03780	0.19071	0.05134	0.09500	0.01581	0.01177	0.00349	0.01113	0.01414	0.00806	0.01369

[dist]
# distance from previous block
# <min> <max>
11	30

[block]
# block no. 6 follows, 12 sequences, length 8
# corresponding to MSA columns:
# 1233-1240
name=unknown_G
#
# <colnr> <probs for GDERKNQSTAVLIFYWHMCP>
#	G	D	E	R	K	N	Q	S	T	A	V	L	I	F	Y	W	H	M	C	P
0	0.17446	0.02804	0.11767	0.02340	0.03214	0.02366	0.06513	0.07977	0.11846	0.04287	0.02809	0.03670	0.02323	0.01310	0.01018	0.00341	0.01115	0.05916	0.00777	0.10159
1	0.25275	0.25644	0.08236	0.01991	0.02852	0.09163	0.01871	0.07803	0.02466	0.03828	0.01675	0.01908	0.01367	0.01024	0.00787	0.00292	0.01187	0.00655	0.00603	0.01372
2	0.03596	0.01771	0.02247	0.01856	0.02504	0.01691	0.01484	0.04597	0.13523	0.32087	0.16882	0.04899	0.04736	0.01597	0.01147	0.00346	0.00810	0.01345	0.01262	0.01621
3	0.02415	0.10459	0.09989	0.25244	0.15929	0.02766	0.06337	0.03366	0.06922	0.03208	0.02156	0.02752	0.01681	0.01062	0.01047	0.00337	0.01374	0.00947	0.00553	0.01455
4	0.02459	0.01310	0.01758	0.01623	0.02012	0.01191	0.01268	0.02897	0.02878	0.18150	0.27638	0.15425	0.07269	0.02256	0.01275	0.00375	0.00702	0.07091	0.01191	0.01232
5	0.02429	0.02828	0.12811	0.13135	0.10177	0.02412	0.08079	0.07850	0.10974	0.03992	0.10818	0.03778	0.03248	0.01313	0.01136	0.00351	0.01238	0.01181	0.00766	0.01486
6	0.01377	0.01008	0.01295	0.01434	0.01581	0.00925	0.00995	0.01658	0.02383	0.03199	0.18641	0.41976	0.13416	0.03044	0.01353	0.00409	0.00594	0.02726	0.01059	0.00925
7	0.02887	0.03340	0.08941	0.09940	0.04038	0.15852	0.07825	0.08294	0.12841	0.03613	0.02586	0.02981	0.02016	0.01987	0.07563	0.00500	0.01666	0.01000	0.00701	0.01432

[dist]
# distance from previous block
# <min> <max>
0	1

[block]
# block no. 7 follows, 12 sequences, length 9
# corresponding to MSA columns:
# 1242-1250
name=unknown_H
#
# <colnr> <probs for GDERKNQSTAVLIFYWHMCP>
#	G	D	E	R	K	N	Q	S	T	A	V	L	I	F	Y	W	H	M	C	P
0	0.01993	0.01750	0.07596	0.01716	0.02005	0.01491	0.01392	0.02265	0.01872	0.07253	0.03287	0.09224	0.03390	0.32112	0.12447	0.00934	0.06148	0.01444	0.00698	0.00982
1	0.03816	0.07906	0.03785	0.02643	0.03529	0.02664	0.11623	0.16801	0.08914	0.22087	0.03206	0.03134	0.02221	0.01229	0.01099	0.00335	0.01195	0.01073	0.01016	0.01723
2	0.02638	0.01926	0.02300	0.01662	0.02613	0.01475	0.01337	0.03114	0.02384	0.11020	0.02277	0.02469	0.01770	0.00885	0.00849	0.00187	0.00825	0.00711	0.00747	0.58814
3	0.01810	0.01167	0.01384	0.01319	0.01472	0.01100	0.00834	0.01934	0.01903	0.05778	0.07579	0.12530	0.04549	0.42285	0.04124	0.00821	0.00941	0.01679	0.00782	0.06007
4	0.03596	0.02285	0.03490	0.08056	0.15701	0.02269	0.07432	0.07468	0.08843	0.24427	0.03267	0.03299	0.02279	0.01207	0.01113	0.00343	0.01163	0.01086	0.00960	0.01717
5	0.01478	0.01080	0.01401	0.01482	0.01687	0.01004	0.01106	0.01861	0.02619	0.03551	0.27214	0.25964	0.13434	0.02779	0.01352	0.00401	0.00627	0.08902	0.01092	0.00968
6	0.10177	0.02697	0.14133	0.02110	0.02935	0.02008	0.02021	0.10858	0.02961	0.17908	0.08953	0.11718	0.03593	0.01630	0.01100	0.00353	0.01025	0.01343	0.00975	0.01499
7	0.01463	0.01111	0.01347	0.01288	0.01580	0.00995	0.00966	0.01903	0.02898	0.03925	0.40733	0.08882	0.24138	0.02396	0.01287	0.00351	0.00526	0.02075	0.01141	0.00995
8	0.02556	0.02685	0.12422	0.06847	0.03317	0.02271	0.02156	0.16670	0.07027	0.04402	0.10281	0.04588	0.03572	0.06345	0.06535	0.00530	0.01306	0.04220	0.00859	0.01409

[dist]
# distance from previous block
# <min> <max>
3	6

[block]
# block no. 8 follows, 12 sequences, length 20
# corresponding to MSA columns:
# 1258-1277
name=unknown_I
#
# <colnr> <probs for GDERKNQSTAVLIFYWHMCP>
#	G	D	E	R	K	N	Q	S	T	A	V	L	I	F	Y	W	H	M	C	P
0	0.02217	0.02427	0.08484	0.03128	0.10969	0.02222	0.09435	0.03301	0.11656	0.03735	0.14446	0.04807	0.08731	0.01601	0.01447	0.00366	0.07432	0.01387	0.00816	0.01394
1	0.02249	0.03142	0.19261	0.02195	0.03280	0.01960	0.02249	0.02957	0.02221	0.03439	0.01899	0.02285	0.01525	0.00977	0.01125	0.00247	0.06282	0.00724	0.00573	0.41410
2	0.03036	0.01683	0.02070	0.01739	0.02305	0.01619	0.01379	0.08159	0.08639	0.22040	0.22562	0.05899	0.10569	0.01813	0.01184	0.00345	0.00762	0.01532	0.01212	0.01454
3	0.02241	0.01340	0.01738	0.01745	0.02066	0.01297	0.01333	0.02876	0.07972	0.13083	0.10323	0.30219	0.06091	0.02630	0.01316	0.00416	0.00766	0.10252	0.01103	0.01193
4	0.02522	0.01865	0.02612	0.07800	0.03137	0.01904	0.06891	0.10347	0.07556	0.09694	0.18926	0.08824	0.09665	0.01796	0.01208	0.00355	0.00941	0.01588	0.01020	0.01351
5	0.01618	0.01018	0.01275	0.01303	0.01348	0.00994	0.00819	0.01558	0.01749	0.02326	0.06878	0.13452	0.07061	0.30890	0.04139	0.19606	0.00909	0.01672	0.00708	0.00675
6	0.04073	0.05197	0.03090	0.02809	0.03371	0.57303	0.02107	0.04354	0.03090	0.02669	0.01685	0.01966	0.01404	0.01124	0.00983	0.00281	0.01966	0.00702	0.00562	0.01264
7	0.20702	0.02308	0.02811	0.14625	0.08672	0.02536	0.02079	0.15519	0.03031	0.14004	0.02437	0.02665	0.01734	0.01160	0.00982	0.00339	0.01121	0.00897	0.00848	0.01529
8	0.08230	0.08125	0.14291	0.33090	0.09862	0.02629	0.02992	0.03048	0.02204	0.03155	0.01876	0.02561	0.01432	0.01048	0.01006	0.00343	0.01393	0.00868	0.00499	0.01349
9	0.33461	0.03208	0.08373	0.02654	0.07707	0.11873	0.05458	0.08674	0.02574	0.04361	0.01809	0.02118	0.01395	0.01055	0.00890	0.00328	0.01264	0.00758	0.00657	0.01383
10	0.15022	0.02082	0.07203	0.02152	0.02636	0.01945	0.06034	0.02803	0.07460	0.03526	0.03833	0.24194	0.04014	0.02139	0.01382	0.00406	0.06160	0.05004	0.00817	0.01187
11	0.01586	0.01057	0.01189	0.01189	0.01189	0.01057	0.00661	0.01586	0.01586	0.02114	0.03436	0.07135	0.03964	0.61681	0.05550	0.01057	0.01057	0.01586	0.00661	0.00661
12	0.03920	0.07888	0.08603	0.02195	0.03019	0.15238	0.01939	0.04381	0.02895	0.28254	0.03796	0.03587	0.06764	0.01354	0.01048	0.00319	0.01237	0.01036	0.00962	0.01567
13	0.01643	0.01086	0.01336	0.01372	0.01439	0.01078	0.00914	0.01729	0.01865	0.02495	0.08236	0.07745	0.04726	0.40297	0.04332	0.07640	0.00988	0.09595	0.00750	0.00735
14	0.02187	0.05640	0.56031	0.03108	0.04719	0.02532	0.04029	0.03453	0.02302	0.03453	0.01957	0.02302	0.01381	0.01036	0.01036	0.00345	0.01611	0.00806	0.00460	0.01611
15	0.02261	0.02110	0.02799	0.02488	0.02637	0.02770	0.02015	0.03074	0.11863	0.03012	0.02619	0.08439	0.02492	0.02646	0.08722	0.00591	0.36318	0.01235	0.00664	0.01246
16	0.08754	0.01728	0.02345	0.11909	0.08738	0.01805	0.01774	0.03267	0.06898	0.13611	0.08891	0.13242	0.03925	0.06543	0.01483	0.00419	0.00963	0.01480	0.00906	0.01319
17	0.08376	0.08326	0.03374	0.47696	0.06513	0.02624	0.02735	0.02875	0.02154	0.02957	0.01855	0.02680	0.01423	0.01066	0.01011	0.00347	0.01367	0.00893	0.00500	0.01228
18	0.02455	0.21556	0.18827	0.02410	0.03433	0.02872	0.05808	0.03516	0.09846	0.03306	0.02536	0.07178	0.02194	0.01230	0.00966	0.00304	0.01213	0.01004	0.00630	0.08719
19	0.08870	0.02532	0.08387	0.10045	0.29252	0.02283	0.02745	0.03365	0.02510	0.09336	0.07739	0.03281	0.02625	0.01167	0.01063	0.00335	0.01177	0.01040	0.00697	0.01554

[dist]
# distance from previous block
# <min> <max>
0	6

[block]
# block no. 9 follows, 12 sequences, length 51
# corresponding to MSA columns:
# 1285-1309,1319-1322,1326-1347
name=unknown_J
#
# <colnr> <probs for GDERKNQSTAVLIFYWHMCP>
#	G	D	E	R	K	N	Q	S	T	A	V	L	I	F	Y	W	H	M	C	P
0	0.15627	0.08068	0.11885	0.02132	0.03089	0.02432	0.02039	0.11701	0.02993	0.25310	0.02894	0.02779	0.01956	0.01193	0.00975	0.00328	0.01093	0.00893	0.00959	0.01653
1	0.52177	0.08849	0.10424	0.01737	0.02582	0.02652	0.01691	0.03250	0.01962	0.04431	0.01586	0.01851	0.01234	0.01008	0.00733	0.00328	0.00995	0.00623	0.00620	0.01270
2	0.02344	0.06804	0.06380	0.01805	0.02176	0.07382	0.01485	0.05952	0.02130	0.02807	0.02266	0.03332	0.02065	0.06646	0.09408	0.27287	0.01350	0.00956	0.06482	0.00942
3	0.01978	0.01090	0.01528	0.01503	0.01566	0.01129	0.01027	0.01870	0.06717	0.02168	0.02156	0.03392	0.02041	0.03550	0.03937	0.61291	0.00938	0.00976	0.00539	0.00602
4	0.03087	0.03860	0.27907	0.02572	0.03725	0.02415	0.02805	0.15237	0.03216	0.13852	0.07928	0.03236	0.02651	0.01282	0.01086	0.00339	0.01275	0.01021	0.00851	0.01655
5	0.02187	0.05640	0.56031	0.03108	0.04719	0.02532	0.04029	0.03453	0.02302	0.03453	0.01957	0.02302	0.01381	0.01036	0.01036	0.00345	0.01611	0.00806	0.00460	0.01611
6	0.02881	0.02640	0.02687	0.09137	0.03494	0.08327	0.01948	0.08706	0.38101	0.04327	0.03718	0.03604	0.02795	0.01383	0.01093	0.00357	0.01072	0.01128	0.00977	0.01626
7	0.01642	0.01037	0.01231	0.01231	0.01231	0.01037	0.00713	0.01556	0.01556	0.02074	0.03155	0.06441	0.03588	0.51156	0.05315	0.13277	0.01037	0.01470	0.00627	0.00627
8	0.11082	0.03396	0.03030	0.03209	0.11858	0.26309	0.05146	0.03491	0.02648	0.03221	0.02627	0.08558	0.02539	0.01498	0.01080	0.00341	0.01477	0.06545	0.00663	0.01282
9	0.37082	0.02427	0.02698	0.08945	0.03432	0.02733	0.06038	0.16665	0.02876	0.05071	0.01938	0.02249	0.01444	0.01097	0.00895	0.00340	0.01105	0.00807	0.00758	0.01399
10	0.02315	0.02268	0.03150	0.02715	0.02715	0.03138	0.02233	0.02532	0.01662	0.02579	0.01608	0.02804	0.01655	0.07178	0.03752	0.00528	0.54516	0.01010	0.00493	0.01146
11	0.02439	0.02142	0.02488	0.02218	0.02635	0.02564	0.01754	0.04449	0.32973	0.04097	0.12294	0.04390	0.04096	0.01703	0.01690	0.00389	0.13911	0.01297	0.00984	0.01488
12	0.02915	0.62337	0.05714	0.01866	0.02799	0.04314	0.01866	0.03265	0.02215	0.02565	0.01516	0.01749	0.01399	0.00933	0.00700	0.00233	0.01166	0.00583	0.00466	0.01399
13	0.03661	0.02814	0.03000	0.02411	0.03197	0.03155	0.01955	0.35902	0.21256	0.06092	0.03232	0.03107	0.02352	0.01366	0.01097	0.00342	0.01086	0.01066	0.01097	0.01811
14	0.02370	0.02211	0.03716	0.23737	0.32624	0.02373	0.03048	0.03027	0.02384	0.03265	0.02461	0.03923	0.02182	0.01257	0.01134	0.00359	0.01313	0.06571	0.00577	0.01467
15	0.02330	0.02041	0.02603	0.02418	0.10851	0.01633	0.01617	0.02840	0.02296	0.03554	0.01956	0.02330	0.01633	0.00833	0.00850	0.00187	0.00885	0.00697	0.00629	0.57815
16	0.07891	0.02654	0.03297	0.13324	0.18374	0.11022	0.02525	0.03100	0.02231	0.03095	0.01893	0.02646	0.01628	0.01955	0.07345	0.00504	0.13728	0.00916	0.00536	0.01335
17	0.69383	0.02109	0.01603	0.01434	0.02109	0.02446	0.01181	0.03205	0.01856	0.04892	0.01518	0.01771	0.01181	0.01012	0.00675	0.00337	0.00843	0.00590	0.00675	0.01181
18	0.02447	0.02273	0.02346	0.01738	0.02665	0.07199	0.01376	0.02911	0.02346	0.03462	0.01912	0.02231	0.01593	0.00840	0.00826	0.00174	0.00927	0.00652	0.00637	0.61446
19	0.02596	0.03702	0.20726	0.09416	0.04089	0.08242	0.02700	0.04493	0.24575	0.03778	0.03015	0.03115	0.02247	0.01246	0.01069	0.00352	0.01301	0.01002	0.00759	0.01578
20	0.17747	0.01906	0.02345	0.01839	0.02649	0.01771	0.01519	0.04893	0.02869	0.45520	0.03747	0.03325	0.02396	0.01282	0.01012	0.00337	0.00911	0.00996	0.01215	0.01721
21	0.01435	0.01107	0.01329	0.01418	0.01684	0.01001	0.01091	0.01780	0.02508	0.03206	0.15790	0.20372	0.28089	0.02858	0.01354	0.00407	0.00657	0.11924	0.01040	0.00948
22	0.11131	0.02533	0.02838	0.02197	0.03039	0.02656	0.01814	0.30051	0.04080	0.23912	0.03100	0.02917	0.02084	0.01293	0.01050	0.00332	0.01067	0.00982	0.01139	0.01785
23	0.01534	0.01048	0.01268	0.01362	0.01405	0.01031	0.00868	0.01637	0.01816	0.02413	0.04370	0.22198	0.05078	0.39934	0.04012	0.00834	0.00937	0.06708	0.00791	0.00757
24	0.02915	0.62337	0.05714	0.01866	0.02799	0.04314	0.01866	0.03265	0.02215	0.02565	0.01516	0.01749	0.01399	0.00933	0.00700	0.00233	0.01166	0.00583	0.00466	0.01399
25	0.01827	0.01147	0.01456	0.01437	0.01722	0.01030	0.01054	0.02178	0.02648	0.09743	0.24163	0.25425	0.16785	0.02615	0.01298	0.00380	0.00610	0.02300	0.01121	0.01061
26	0.02909	0.02233	0.06301	0.02269	0.02954	0.02048	0.06738	0.08854	0.14722	0.15042	0.13052	0.10213	0.04407	0.01683	0.01179	0.00359	0.00975	0.01482	0.01063	0.01519
27	0.01559	0.01046	0.01197	0.01223	0.01230	0.01039	0.00697	0.01579	0.01637	0.02183	0.03701	0.12682	0.04299	0.55677	0.05121	0.00994	0.01013	0.01742	0.00697	0.00684
28	0.02274	0.01984	0.02372	0.01744	0.02613	0.01648	0.01405	0.02733	0.02200	0.03457	0.01886	0.02274	0.01596	0.00921	0.01093	0.00194	0.06874	0.00678	0.00629	0.61427
29	0.28025	0.17219	0.02979	0.01808	0.02517	0.08412	0.01525	0.07260	0.02460	0.10130	0.02108	0.02510	0.01713	0.05865	0.01182	0.00362	0.01094	0.00771	0.00725	0.01336
30	0.03550	0.01846	0.02233	0.01843	0.02423	0.01827	0.01418	0.09101	0.11424	0.27452	0.03918	0.04584	0.03061	0.17654	0.02300	0.00536	0.00980	0.01240	0.01096	0.01511
31	0.03068	0.03323	0.12859	0.03619	0.09506	0.02909	0.16827	0.19826	0.08560	0.04744	0.02518	0.02819	0.01857	0.01133	0.01140	0.00346	0.01430	0.01067	0.00775	0.01676
32	0.02524	0.18030	0.03959	0.02602	0.02846	0.03594	0.02250	0.02791	0.01812	0.02609	0.01453	0.02219	0.01423	0.01654	0.02827	0.00413	0.44415	0.00857	0.00474	0.01247
33	0.01808	0.01171	0.01553	0.01497	0.01780	0.01083	0.01147	0.02280	0.02927	0.08146	0.40407	0.13640	0.08960	0.02362	0.01305	0.00369	0.00610	0.06706	0.01173	0.01077
34	0.01660	0.01303	0.01885	0.01828	0.01979	0.01569	0.01414	0.01991	0.01725	0.02499	0.02795	0.04349	0.02698	0.12937	0.45553	0.01527	0.09555	0.01185	0.00579	0.00968
35	0.69383	0.02109	0.01603	0.01434	0.02109	0.02446	0.01181	0.03205	0.01856	0.04892	0.01518	0.01771	0.01181	0.01012	0.00675	0.00337	0.00843	0.00590	0.00675	0.01181
36	0.01311	0.01017	0.01195	0.01337	0.01534	0.00901	0.00932	0.01539	0.02262	0.02855	0.08219	0.38825	0.27930	0.03129	0.01346	0.00410	0.00597	0.02749	0.01012	0.00901
37	0.02261	0.01938	0.02261	0.01615	0.02584	0.01453	0.01292	0.02745	0.02261	0.03553	0.01938	0.02261	0.01615	0.00807	0.00807	0.00161	0.00807	0.00646	0.00646	0.68346
38	0.02187	0.05640	0.56031	0.03108	0.04719	0.02532	0.04029	0.03453	0.02302	0.03453	0.01957	0.02302	0.01381	0.01036	0.01036	0.00345	0.01611	0.00806	0.00460	0.01611
39	0.02144	0.02054	0.03288	0.44524	0.06308	0.02660	0.02862	0.02744	0.02048	0.02744	0.01807	0.02772	0.01448	0.01302	0.01734	0.00393	0.16516	0.00965	0.00483	0.01206
40	0.04892	0.01856	0.02530	0.01940	0.02783	0.01603	0.01603	0.05314	0.03121	0.55634	0.04302	0.03711	0.02699	0.01350	0.01096	0.00337	0.00928	0.01096	0.01350	0.01856
41	0.02821	0.02162	0.02387	0.02165	0.02761	0.02423	0.01717	0.05320	0.41741	0.09644	0.04584	0.05021	0.03618	0.01650	0.01156	0.00382	0.00887	0.06788	0.01121	0.01652
42	0.03677	0.08914	0.03680	0.02514	0.03427	0.03069	0.06961	0.32673	0.04094	0.08757	0.02487	0.02588	0.01811	0.01172	0.01037	0.00302	0.01198	0.00939	0.00934	0.09765
43	0.01405	0.00996	0.01309	0.01483	0.01550	0.00976	0.00987	0.01583	0.01951	0.02625	0.05146	0.43858	0.06051	0.15129	0.08918	0.00718	0.00989	0.02578	0.00893	0.00853
44	0.04287	0.02826	0.03131	0.02400	0.03267	0.03042	0.01983	0.42483	0.04744	0.16173	0.02939	0.02826	0.02015	0.01317	0.01092	0.00329	0.01148	0.01004	0.01140	0.01855
45	0.01328	0.00949	0.01265	0.01518	0.01581	0.00886	0.01012	0.01518	0.02088	0.02783	0.06010	0.60969	0.07212	0.03416	0.01392	0.00443	0.00633	0.03100	0.01012	0.00886
46	0.02862	0.02508	0.03692	0.13818	0.32043	0.06041	0.02784	0.03454	0.02514	0.08740	0.02226	0.02734	0.01748	0.01020	0.01044	0.00309	0.01270	0.00927	0.00628	0.09637
47	0.03497	0.02554	0.06698	0.02093	0.03049	0.02189	0.01823	0.18965	0.03391	0.17240	0.02730	0.02730	0.01937	0.01117	0.00986	0.00271	0.01023	0.00875	0.00945	0.25887
48	0.02712	0.02342	0.02465	0.02219	0.02835	0.02712	0.01726	0.05794	0.52909	0.04561	0.04438	0.04068	0.03328	0.01479	0.01109	0.00370	0.00863	0.01233	0.01109	0.01726
49	0.02558	0.02168	0.02317	0.11171	0.06969	0.11635	0.01735	0.02912	0.02608	0.09368	0.12230	0.05238	0.13949	0.01917	0.01467	0.07306	0.01087	0.01365	0.00826	0.01173
50	0.27419	0.16954	0.03470	0.02757	0.12097	0.02769	0.05656	0.03065	0.02143	0.03713	0.02209	0.09146	0.02097	0.01267	0.00889	0.00324	0.01058	0.01015	0.00630	0.01321

[dist]
# distance from previous block
# <min> <max>
0	25

[block]
# block no. 10 follows, 12 sequences, length 36
# corresponding to MSA columns:
# 1373-1408
name=unknown_K
#
# <colnr> <probs for GDERKNQSTAVLIFYWHMCP>
#	G	D	E	R	K	N	Q	S	T	A	V	L	I	F	Y	W	H	M	C	P
0	0.33011	0.02509	0.02387	0.01979	0.02719	0.02848	0.01614	0.21912	0.11964	0.05587	0.02443	0.02492	0.01810	0.01206	0.00908	0.00339	0.00982	0.00851	0.00908	0.01531
1	0.02187	0.05640	0.56031	0.03108	0.04719	0.02532	0.04029	0.03453	0.02302	0.03453	0.01957	0.02302	0.01381	0.01036	0.01036	0.00345	0.01611	0.00806	0.00460	0.01611
2	0.02261	0.01938	0.02261	0.01615	0.02584	0.01453	0.01292	0.02745	0.02261	0.03553	0.01938	0.02261	0.01615	0.00807	0.00807	0.00161	0.00807	0.00646	0.00646	0.68346
3	0.01558	0.01168	0.01752	0.01752	0.01947	0.01363	0.01363	0.01947	0.01752	0.02531	0.02921	0.04283	0.02726	0.08178	0.57360	0.01752	0.02921	0.01168	0.00584	0.00974
4	0.02059	0.01938	0.03270	0.59060	0.07510	0.02422	0.03028	0.02786	0.02180	0.02786	0.01938	0.02907	0.01453	0.01090	0.01090	0.00363	0.01453	0.00969	0.00484	0.01211
5	0.01400	0.01000	0.01347	0.01600	0.01694	0.00947	0.01136	0.01641	0.02158	0.02863	0.05970	0.52870	0.07056	0.03349	0.01411	0.00453	0.00694	0.10495	0.01011	0.00905
6	0.01558	0.01168	0.01752	0.01752	0.01947	0.01363	0.01363	0.01947	0.01752	0.02531	0.02921	0.04283	0.02726	0.08178	0.57360	0.01752	0.02921	0.01168	0.00584	0.00974
7	0.04073	0.05197	0.03090	0.02809	0.03371	0.57303	0.02107	0.04354	0.03090	0.02669	0.01685	0.01966	0.01404	0.01124	0.00983	0.00281	0.01966	0.00702	0.00562	0.01264
8	0.01328	0.00949	0.01265	0.01518	0.01581	0.00886	0.01012	0.01518	0.02088	0.02783	0.06010	0.60969	0.07212	0.03416	0.01392	0.00443	0.00633	0.03100	0.01012	0.00886
9	0.02915	0.62337	0.05714	0.01866	0.02799	0.04314	0.01866	0.03265	0.02215	0.02565	0.01516	0.01749	0.01399	0.00933	0.00700	0.00233	0.01166	0.00583	0.00466	0.01399
10	0.01543	0.01115	0.01457	0.01372	0.01629	0.01029	0.01029	0.02058	0.03086	0.04372	0.54304	0.08145	0.10288	0.02229	0.01286	0.00343	0.00514	0.01972	0.01200	0.01029
11	0.01586	0.01057	0.01189	0.01189	0.01189	0.01057	0.00661	0.01586	0.01586	0.02114	0.03436	0.07135	0.03964	0.61681	0.05550	0.01057	0.01057	0.01586	0.00661	0.00661
12	0.02187	0.05640	0.56031	0.03108	0.04719	0.02532	0.04029	0.03453	0.02302	0.03453	0.01957	0.02302	0.01381	0.01036	0.01036	0.00345	0.01611	0.00806	0.00460	0.01611
13	0.01648	0.01302	0.01926	0.01874	0.02047	0.01580	0.01475	0.02021	0.01743	0.02541	0.02757	0.04075	0.02584	0.07490	0.51461	0.01612	0.09146	0.01145	0.00572	0.00998
14	0.01833	0.01837	0.10693	0.01831	0.02235	0.01237	0.01584	0.02228	0.02228	0.08212	0.05150	0.45249	0.05768	0.02804	0.01302	0.00416	0.00829	0.02509	0.00952	0.01106
15	0.03387	0.29129	0.04134	0.02062	0.02890	0.03285	0.01845	0.12593	0.02884	0.12899	0.02254	0.02368	0.01740	0.01150	0.01104	0.00283	0.06165	0.00788	0.00760	0.08280
16	0.02938	0.36561	0.18679	0.02348	0.03417	0.09581	0.02485	0.06974	0.02549	0.03131	0.01733	0.01985	0.01429	0.01009	0.00849	0.00275	0.01375	0.00685	0.00521	0.01475
17	0.03786	0.02918	0.03286	0.02581	0.03275	0.03373	0.02136	0.41314	0.04421	0.06004	0.02375	0.02570	0.01768	0.01431	0.01599	0.00358	0.13144	0.00976	0.00965	0.01719
18	0.02495	0.01931	0.02285	0.01644	0.02602	0.01467	0.01320	0.02974	0.02337	0.08184	0.02148	0.02390	0.01711	0.00856	0.00833	0.00177	0.00818	0.00686	0.00709	0.62434
19	0.01586	0.01057	0.01189	0.01189	0.01189	0.01057	0.00661	0.01586	0.01586	0.02114	0.03436	0.07135	0.03964	0.61681	0.05550	0.01057	0.01057	0.01586	0.00661	0.00661
20	0.69383	0.02109	0.01603	0.01434	0.02109	0.02446	0.01181	0.03205	0.01856	0.04892	0.01518	0.01771	0.01181	0.01012	0.00675	0.00337	0.00843	0.00590	0.00675	0.01181
21	0.01328	0.00949	0.01265	0.01518	0.01581	0.00886	0.01012	0.01518	0.02088	0.02783	0.06010	0.60969	0.07212	0.03416	0.01392	0.00443	0.00633	0.03100	0.01012	0.00886
22	0.01558	0.01168	0.01752	0.01752	0.01947	0.01363	0.01363	0.01947	0.01752	0.02531	0.02921	0.04283	0.02726	0.08178	0.57360	0.01752	0.02921	0.01168	0.00584	0.00974
23	0.69383	0.02109	0.01603	0.01434	0.02109	0.02446	0.01181	0.03205	0.01856	0.04892	0.01518	0.01771	0.01181	0.01012	0.00675	0.00337	0.00843	0.00590	0.00675	0.01181
24	0.04145	0.03054	0.03272	0.02509	0.03381	0.03381	0.02072	0.51243	0.05127	0.06872	0.02618	0.02618	0.01854	0.01309	0.01091	0.00327	0.01200	0.00982	0.01091	0.01854
25	0.01289	0.01105	0.01105	0.01105	0.01473	0.00920	0.00828	0.01565	0.02485	0.02946	0.11046	0.10493	0.54437	0.02761	0.01289	0.00368	0.00552	0.02301	0.01013	0.00920
26	0.02261	0.01938	0.02261	0.01615	0.02584	0.01453	0.01292	0.02745	0.02261	0.03553	0.01938	0.02261	0.01615	0.00807	0.00807	0.00161	0.00807	0.00646	0.00646	0.68346
27	0.01603	0.01140	0.01518	0.01596	0.01778	0.01131	0.01228	0.01973	0.02382	0.03245	0.19167	0.13441	0.06694	0.14589	0.08330	0.00694	0.01050	0.16557	0.00950	0.00932
28	0.01519	0.01085	0.01484	0.01736	0.01883	0.01050	0.01343	0.01847	0.02275	0.02997	0.05905	0.39341	0.06795	0.03236	0.01443	0.00469	0.00798	0.22848	0.01009	0.00938
29	0.01646	0.01241	0.01483	0.01521	0.01763	0.01230	0.01092	0.02326	0.10817	0.03286	0.14248	0.27012	0.15800	0.02804	0.01595	0.07221	0.00668	0.02227	0.01005	0.01016
30	0.11965	0.01883	0.02429	0.01884	0.02709	0.01695	0.01556	0.05082	0.02982	0.50069	0.03996	0.03498	0.02533	0.01313	0.01050	0.00337	0.00919	0.01041	0.01276	0.01782
31	0.02375	0.02401	0.03645	0.08117	0.03568	0.03198	0.07324	0.02726	0.01807	0.02726	0.01555	0.02489	0.01456	0.01735	0.03123	0.00456	0.48604	0.00989	0.00485	0.01222
32	0.19414	0.02321	0.03230	0.14879	0.23318	0.02507	0.02481	0.07703	0.02563	0.08569	0.02144	0.02591	0.01634	0.01068	0.00984	0.00336	0.01174	0.00888	0.00683	0.01513
33	0.02627	0.02140	0.02851	0.03254	0.17692	0.02155	0.02001	0.16146	0.03261	0.04491	0.11812	0.10002	0.07882	0.01644	0.01141	0.00329	0.00974	0.01428	0.00895	0.07273
34	0.41121	0.02206	0.02246	0.07152	0.06954	0.02491	0.01655	0.11236	0.02597	0.04890	0.06377	0.02644	0.02155	0.01172	0.00868	0.00337	0.00965	0.00841	0.00763	0.01328
35	0.08105	0.07618	0.02920	0.11850	0.03496	0.11195	0.07102	0.02778	0.02415	0.03166	0.08249	0.19220	0.03928	0.01817	0.01127	0.00356	0.01180	0.01585	0.00738	0.01154

[dist]
# distance from previous block
# <min> <max>
1	19

[block]
# block no. 11 follows, 12 sequences, length 19
# corresponding to MSA columns:
# 1428-1446
name=unknown_L
#
# <colnr> <probs for GDERKNQSTAVLIFYWHMCP>
#	G	D	E	R	K	N	Q	S	T	A	V	L	I	F	Y	W	H	M	C	P
0	0.03041	0.01965	0.02283	0.01882	0.02477	0.02010	0.01504	0.18966	0.07230	0.14007	0.21862	0.05454	0.09077	0.01762	0.01177	0.00341	0.00838	0.01468	0.01170	0.01484
1	0.61488	0.02078	0.01716	0.01496	0.02191	0.02343	0.01232	0.03463	0.02010	0.11104	0.01859	0.02009	0.01367	0.01053	0.00726	0.00337	0.00854	0.00652	0.00757	0.01263
2	0.02410	0.01308	0.01753	0.01608	0.01998	0.01191	0.01263	0.02871	0.02939	0.17255	0.31412	0.12057	0.07588	0.02201	0.01273	0.00369	0.00690	0.07390	0.01199	0.01226
3	0.01572	0.01111	0.01460	0.01460	0.01554	0.01204	0.00999	0.01760	0.01666	0.02315	0.03187	0.05762	0.03368	0.35911	0.30504	0.01392	0.01955	0.01385	0.00624	0.00811
4	0.01766	0.00993	0.01324	0.01324	0.01324	0.00993	0.00828	0.01489	0.01489	0.01985	0.02534	0.04902	0.02754	0.27841	0.04797	0.40349	0.00993	0.01212	0.00551	0.00551
5	0.02156	0.02171	0.02217	0.02156	0.02294	0.12244	0.01621	0.02377	0.02154	0.02715	0.03852	0.32674	0.04422	0.02542	0.01955	0.00422	0.18190	0.02019	0.00770	0.01047
6	0.04073	0.05197	0.03090	0.02809	0.03371	0.57303	0.02107	0.04354	0.03090	0.02669	0.01685	0.01966	0.01404	0.01124	0.00983	0.00281	0.01966	0.00702	0.00562	0.01264
7	0.03799	0.01890	0.02418	0.01805	0.02701	0.01541	0.01474	0.04247	0.02764	0.33996	0.03320	0.03109	0.02249	0.01124	0.00976	0.00264	0.00878	0.00909	0.01057	0.29481
8	0.04232	0.02180	0.02642	0.02106	0.02899	0.02178	0.01713	0.13301	0.15619	0.34811	0.04046	0.03611	0.02708	0.01374	0.01099	0.00344	0.00959	0.01110	0.01247	0.01824
9	0.02187	0.05640	0.56031	0.03108	0.04719	0.02532	0.04029	0.03453	0.02302	0.03453	0.01957	0.02302	0.01381	0.01036	0.01036	0.00345	0.01611	0.00806	0.00460	0.01611
10	0.01990	0.01520	0.01930	0.02060	0.02400	0.01611	0.01749	0.03122	0.14814	0.03580	0.05447	0.10290	0.05556	0.02638	0.01409	0.00470	0.00970	0.36235	0.01030	0.01180
11	0.01565	0.01139	0.01606	0.01606	0.01751	0.01284	0.01181	0.01853	0.01709	0.02423	0.03054	0.05023	0.03047	0.22043	0.43933	0.01572	0.02438	0.01276	0.00604	0.00892
12	0.01519	0.01114	0.01423	0.01346	0.01614	0.01018	0.01009	0.02010	0.03028	0.04235	0.50127	0.08372	0.14551	0.02280	0.01286	0.00345	0.00518	0.02004	0.01182	0.01018
13	0.02915	0.62337	0.05714	0.01866	0.02799	0.04314	0.01866	0.03265	0.02215	0.02565	0.01516	0.01749	0.01399	0.00933	0.00700	0.00233	0.01166	0.00583	0.00466	0.01399
14	0.01512	0.01113	0.01415	0.01339	0.01610	0.01016	0.01004	0.01998	0.03013	0.04199	0.49039	0.08431	0.15661	0.02294	0.01286	0.00346	0.00519	0.02012	0.01177	0.01016
15	0.07331	0.02302	0.02107	0.01895	0.02360	0.11322	0.01457	0.07099	0.14064	0.04350	0.26618	0.05312	0.05941	0.01717	0.01136	0.00337	0.00915	0.01417	0.01025	0.01296
16	0.02731	0.07407	0.03845	0.04907	0.36244	0.02376	0.02653	0.03308	0.02625	0.08643	0.11176	0.03648	0.03260	0.01220	0.01084	0.00321	0.01115	0.01122	0.00725	0.01592
17	0.17627	0.13282	0.13531	0.02173	0.03070	0.02903	0.02111	0.15382	0.06536	0.04501	0.02478	0.07344	0.02101	0.01318	0.00948	0.00330	0.01124	0.00992	0.00762	0.01487
18	0.24556	0.03067	0.17922	0.12634	0.03914	0.02476	0.02483	0.03048	0.02109	0.03774	0.05436	0.02658	0.01962	0.01229	0.01254	0.00362	0.08358	0.00864	0.00591	0.01302

[dist]
# distance from previous block
# <min> <max>
0	10

[block]
# block no. 12 follows, 12 sequences, length 146
# corresponding to MSA columns:
# 1457-1523,1528-1544,1548-1609
name=unknown_M
#
# <colnr> <probs for GDERKNQSTAVLIFYWHMCP>
#	G	D	E	R	K	N	Q	S	T	A	V	L	I	F	Y	W	H	M	C	P
0	0.29882	0.07308	0.15181	0.02241	0.03076	0.07674	0.02199	0.07109	0.02331	0.04078	0.01713	0.02055	0.01347	0.01157	0.01180	0.00344	0.08431	0.00727	0.00609	0.01359
1	0.02249	0.01854	0.02408	0.07929	0.09223	0.01988	0.01775	0.07088	0.16379	0.04362	0.25482	0.05450	0.05867	0.01692	0.01179	0.00349	0.00848	0.01478	0.01017	0.01382
2	0.21835	0.02536	0.06664	0.02109	0.02747	0.02611	0.01821	0.13573	0.07587	0.09104	0.02476	0.02962	0.01970	0.06734	0.01748	0.00425	0.09914	0.00942	0.00817	0.01425
3	0.02962	0.02466	0.02606	0.02269	0.02930	0.02829	0.01786	0.13710	0.44586	0.04964	0.04121	0.03815	0.03072	0.01450	0.01106	0.00362	0.00922	0.01189	0.01106	0.01748
4	0.02585	0.02781	0.04617	0.15946	0.12816	0.07660	0.20676	0.03246	0.02364	0.03127	0.01943	0.02712	0.01561	0.01156	0.01590	0.00372	0.11877	0.01061	0.00523	0.01387
5	0.01894	0.00947	0.01420	0.01420	0.01420	0.00947	0.00947	0.01420	0.01420	0.01894	0.01894	0.03314	0.01894	0.03788	0.04261	0.68277	0.00947	0.00947	0.00473	0.00473
6	0.01470	0.01136	0.01370	0.01475	0.01758	0.01035	0.01173	0.01831	0.02498	0.03158	0.12581	0.17099	0.28875	0.02876	0.01372	0.00419	0.00707	0.17187	0.01027	0.00953
7	0.04892	0.01856	0.02530	0.01940	0.02783	0.01603	0.01603	0.05314	0.03121	0.55634	0.04302	0.03711	0.02699	0.01350	0.01096	0.00337	0.00928	0.01096	0.01350	0.01856
8	0.02187	0.05640	0.56031	0.03108	0.04719	0.02532	0.04029	0.03453	0.02302	0.03453	0.01957	0.02302	0.01381	0.01036	0.01036	0.00345	0.01611	0.00806	0.00460	0.01611
9	0.04145	0.03054	0.03272	0.02509	0.03381	0.03381	0.02072	0.51243	0.05127	0.06872	0.02618	0.02618	0.01854	0.01309	0.01091	0.00327	0.01200	0.00982	0.01091	0.01854
10	0.69383	0.02109	0.01603	0.01434	0.02109	0.02446	0.01181	0.03205	0.01856	0.04892	0.01518	0.01771	0.01181	0.01012	0.00675	0.00337	0.00843	0.00590	0.00675	0.01181
11	0.02500	0.01449	0.01756	0.01518	0.02005	0.01323	0.01190	0.06610	0.03066	0.16841	0.24041	0.07353	0.21770	0.02107	0.01224	0.00348	0.00683	0.01781	0.01169	0.01265
12	0.01467	0.01066	0.01396	0.01511	0.01695	0.00995	0.01119	0.01825	0.02533	0.03426	0.23251	0.31126	0.11732	0.02889	0.01365	0.00411	0.00643	0.09518	0.01077	0.00957
13	0.02915	0.62337	0.05714	0.01866	0.02799	0.04314	0.01866	0.03265	0.02215	0.02565	0.01516	0.01749	0.01399	0.00933	0.00700	0.00233	0.01166	0.00583	0.00466	0.01399
14	0.01404	0.01008	0.01333	0.01466	0.01598	0.00936	0.01018	0.01709	0.02441	0.03346	0.23106	0.42269	0.08301	0.02996	0.01354	0.00407	0.00591	0.02700	0.01079	0.00936
15	0.01684	0.01221	0.01454	0.01396	0.01396	0.01339	0.00873	0.01714	0.01596	0.02177	0.03188	0.06550	0.03652	0.54309	0.05307	0.00986	0.08288	0.01508	0.00638	0.00726
16	0.01451	0.01069	0.01280	0.01296	0.01490	0.00982	0.00900	0.01739	0.02438	0.03256	0.24140	0.18355	0.19005	0.15131	0.02207	0.00518	0.00660	0.02180	0.01006	0.00898
17	0.01743	0.01076	0.01326	0.01382	0.01475	0.01031	0.00878	0.01854	0.01911	0.06631	0.04550	0.28734	0.05183	0.33225	0.03507	0.00750	0.00874	0.02162	0.00858	0.00847
18	0.02041	0.01683	0.01945	0.01756	0.02279	0.01609	0.01314	0.03178	0.17099	0.03559	0.04214	0.24998	0.04236	0.01992	0.01117	0.00329	0.00758	0.01747	0.00921	0.23228
