[name]
unknown

[dist]
# distance from previous block
# <min> <max>
0	756

[block]
# block no. 0 follows, 11 sequences, length 53
# corresponding to MSA columns:
# 786-838
name=unknown_A
#
# <colnr> <probs for GDERKNQSTAVLIFYWHMCP>
#	G	D	E	R	K	N	Q	S	T	A	V	L	I	F	Y	W	H	M	C	P
0	0.02344	0.30130	0.10854	0.01947	0.02749	0.02890	0.01961	0.02865	0.02487	0.03148	0.09819	0.05351	0.10500	0.01681	0.01035	0.00325	0.01074	0.06811	0.00723	0.01306
1	0.11616	0.01884	0.02407	0.02423	0.08870	0.01863	0.01670	0.04030	0.08821	0.20983	0.17877	0.04818	0.04816	0.01579	0.01132	0.00352	0.00862	0.01328	0.01122	0.01544
2	0.10404	0.02216	0.09425	0.09024	0.03137	0.01878	0.01879	0.03075	0.09034	0.04262	0.26334	0.05477	0.06020	0.01715	0.01161	0.00360	0.00906	0.01452	0.00955	0.01285
3	0.01522	0.01131	0.01462	0.01562	0.01771	0.01007	0.01084	0.01798	0.02303	0.03175	0.11338	0.46099	0.07089	0.03031	0.01346	0.00407	0.00661	0.02733	0.01020	0.09460
4	0.02533	0.02520	0.04131	0.14957	0.04820	0.02906	0.16072	0.03841	0.14799	0.03516	0.02614	0.03188	0.02050	0.01380	0.01808	0.00406	0.15154	0.01162	0.00683	0.01459
5	0.03740	0.10750	0.03526	0.02604	0.03291	0.20153	0.02110	0.19674	0.09780	0.04455	0.02381	0.02547	0.01861	0.01324	0.01289	0.00331	0.06885	0.00902	0.00816	0.01582
6	0.04132	0.02357	0.02760	0.02229	0.03028	0.02443	0.01804	0.15483	0.19661	0.27300	0.04100	0.03702	0.02808	0.01428	0.01135	0.00357	0.00998	0.01152	0.01251	0.01871
7	0.03194	0.02768	0.03465	0.09809	0.03939	0.06660	0.07846	0.22073	0.03460	0.04566	0.02456	0.03364	0.02056	0.09713	0.02121	0.00471	0.08652	0.01114	0.00796	0.01476
8	0.03554	0.16040	0.04731	0.03492	0.10886	0.09338	0.14252	0.04120	0.02769	0.16226	0.02582	0.02805	0.01903	0.01099	0.01073	0.00323	0.01438	0.00995	0.00760	0.01615
9	0.01593	0.01098	0.01215	0.01215	0.01269	0.01071	0.00707	0.01634	0.01768	0.02304	0.04660	0.07857	0.11019	0.52282	0.05105	0.00990	0.01017	0.01741	0.00733	0.00720
10	0.01995	0.01776	0.02552	0.02329	0.02438	0.02332	0.01885	0.02327	0.01770	0.02656	0.02318	0.03533	0.02208	0.05507	0.32275	0.01212	0.28120	0.01106	0.00553	0.01108
11	0.03633	0.02088	0.03242	0.21747	0.14124	0.02134	0.02493	0.04219	0.02769	0.27280	0.03175	0.03352	0.02162	0.01229	0.01126	0.00355	0.01213	0.01063	0.00933	0.01666
12	0.01955	0.00978	0.01466	0.01466	0.01466	0.00978	0.00978	0.01466	0.01466	0.01955	0.01955	0.03421	0.01955	0.03910	0.04399	0.67253	0.00978	0.00978	0.00489	0.00489
13	0.01774	0.01477	0.02116	0.02048	0.02167	0.01819	0.01596	0.02089	0.01865	0.02696	0.03338	0.16349	0.03512	0.05678	0.30323	0.01168	0.16672	0.01598	0.00674	0.01043
14	0.08455	0.02565	0.02832	0.02280	0.03085	0.02762	0.01853	0.23018	0.17389	0.18326	0.03593	0.03348	0.02514	0.01390	0.01103	0.00353	0.01045	0.01088	0.01170	0.01830
15	0.02526	0.20275	0.35180	0.02752	0.04102	0.03131	0.03269	0.03806	0.08317	0.03457	0.02209	0.02445	0.01675	0.01096	0.00985	0.00328	0.01446	0.00824	0.00558	0.01619
16	0.01529	0.01168	0.01566	0.08661	0.02353	0.01166	0.01240	0.01822	0.02275	0.03004	0.11847	0.32540	0.12149	0.11046	0.01978	0.00514	0.00798	0.02447	0.00948	0.00948
17	0.02172	0.11297	0.34382	0.02624	0.03815	0.02467	0.03099	0.03136	0.02389	0.03440	0.08630	0.03371	0.02805	0.02259	0.08843	0.00548	0.01654	0.01011	0.00592	0.01466
18	0.03953	0.02501	0.09439	0.09448	0.03765	0.02139	0.02276	0.04512	0.02777	0.33877	0.03399	0.03345	0.02263	0.01399	0.01486	0.00373	0.09256	0.01056	0.01034	0.01701
19	0.03810	0.02650	0.09550	0.02924	0.10307	0.02207	0.02263	0.05074	0.15005	0.28225	0.03835	0.03588	0.02631	0.01330	0.01125	0.00356	0.01085	0.01110	0.01095	0.01831
20	0.02014	0.01592	0.02412	0.18620	0.10788	0.01718	0.02043	0.02585	0.02467	0.03513	0.09876	0.12025	0.04331	0.01839	0.01178	0.00373	0.01005	0.07112	0.13314	0.01195
21	0.09878	0.10321	0.10282	0.02581	0.03575	0.02699	0.08798	0.10253	0.06249	0.19912	0.02968	0.02961	0.02069	0.01204	0.01058	0.00341	0.01236	0.00998	0.00925	0.01691
22	0.03030	0.02875	0.09496	0.07767	0.03645	0.02778	0.02316	0.24273	0.03587	0.04888	0.03081	0.13757	0.02836	0.01792	0.01492	0.00386	0.08158	0.01411	0.00891	0.01541
23	0.02680	0.04921	0.41576	0.03530	0.10852	0.02500	0.03750	0.03794	0.02508	0.10016	0.02340	0.02614	0.01645	0.01102	0.01083	0.00353	0.01532	0.00892	0.00602	0.01711
24	0.02660	0.01991	0.02566	0.16285	0.03935	0.02231	0.02010	0.04322	0.22677	0.10140	0.10840	0.05047	0.04096	0.01630	0.01193	0.00382	0.01014	0.04457	0.01016	0.01507
25	0.02875	0.10539	0.22981	0.09433	0.04092	0.02382	0.02738	0.03658	0.02574	0.15298	0.03740	0.03817	0.08378	0.01369	0.01083	0.00346	0.01279	0.01095	0.00770	0.01552
26	0.02611	0.11339	0.26451	0.17691	0.05268	0.02744	0.06348	0.03540	0.02430	0.08088	0.02204	0.02653	0.01596	0.01094	0.01063	0.00347	0.01509	0.00909	0.00576	0.01539
27	0.02639	0.02128	0.03422	0.23022	0.23868	0.02240	0.02744	0.03252	0.02539	0.09733	0.03688	0.04133	0.09067	0.01357	0.01151	0.00357	0.01237	0.01213	0.00713	0.01498
28	0.01713	0.01351	0.02007	0.15936	0.03248	0.01546	0.01632	0.02085	0.01932	0.02620	0.03327	0.12556	0.03422	0.17566	0.22937	0.01090	0.01861	0.01533	0.00657	0.00982
29	0.08581	0.02636	0.10018	0.35720	0.15528	0.02550	0.03139	0.03115	0.02294	0.03324	0.01984	0.02768	0.01518	0.01087	0.01075	0.00362	0.01430	0.00942	0.00526	0.01402
30	0.02838	0.02485	0.03144	0.23623	0.08258	0.06173	0.02467	0.14899	0.07713	0.04115	0.02556	0.03163	0.01990	0.02251	0.08894	0.00561	0.01615	0.01041	0.00742	0.01472
31	0.01830	0.02007	0.08945	0.17095	0.03925	0.01856	0.02221	0.02441	0.02000	0.02805	0.02614	0.03778	0.02283	0.05528	0.34184	0.01237	0.02434	0.01103	0.00559	0.01155
32	0.12501	0.01946	0.02663	0.02074	0.02878	0.01781	0.06027	0.04476	0.02905	0.35765	0.04849	0.04488	0.09592	0.01512	0.01122	0.00356	0.00981	0.01259	0.01175	0.01651
33	0.07066	0.25751	0.17962	0.02383	0.03386	0.03258	0.02507	0.03685	0.02373	0.11492	0.02148	0.02373	0.01649	0.01190	0.01243	0.00327	0.08226	0.00798	0.00644	0.01541
34	0.03288	0.02069	0.07370	0.02570	0.08804	0.01624	0.01910	0.03755	0.02707	0.26204	0.04512	0.22101	0.04080	0.02022	0.01225	0.00383	0.00970	0.01774	0.01088	0.01543
35	0.01371	0.00979	0.01306	0.01567	0.01632	0.00914	0.01045	0.01567	0.02155	0.02873	0.06203	0.59710	0.07444	0.03526	0.01437	0.00457	0.00653	0.03200	0.01045	0.00914
36	0.03040	0.03191	0.10063	0.17610	0.15014	0.09660	0.02841	0.06602	0.08703	0.08469	0.02579	0.02954	0.01924	0.01184	0.01104	0.00349	0.01417	0.00989	0.00719	0.01588
37	0.30769	0.10770	0.02902	0.02408	0.08716	0.06459	0.01740	0.06304	0.02524	0.10692	0.02206	0.02407	0.01678	0.01115	0.00859	0.00321	0.01068	0.00781	0.04837	0.01443
38	0.02230	0.03075	0.16251	0.10615	0.03964	0.02792	0.02817	0.02812	0.02018	0.02971	0.02265	0.09483	0.02194	0.01809	0.02384	0.00437	0.28803	0.01217	0.00556	0.01306
39	0.01713	0.01228	0.01431	0.01428	0.01709	0.01161	0.01047	0.05266	0.02776	0.03804	0.19134	0.23042	0.18958	0.02610	0.01280	0.00378	0.00626	0.02269	0.09090	0.01049
40	0.03669	0.02728	0.09459	0.02376	0.03286	0.02306	0.04945	0.16148	0.06718	0.21803	0.04541	0.04319	0.09473	0.01529	0.01164	0.00355	0.01120	0.01260	0.01090	0.01713
41	0.03342	0.02185	0.02605	0.09139	0.03350	0.02353	0.01832	0.20978	0.06921	0.12805	0.03600	0.10551	0.02950	0.01615	0.01120	0.00352	0.01028	0.01334	0.10371	0.01570
42	0.02105	0.01292	0.01644	0.15536	0.02957	0.01420	0.01384	0.02687	0.02332	0.03859	0.03245	0.03891	0.02531	0.01264	0.00873	0.00291	0.00774	0.01037	0.49778	0.01100
43	0.03140	0.41281	0.14661	0.02241	0.03303	0.07247	0.02341	0.03683	0.02453	0.07740	0.01937	0.02122	0.01569	0.01037	0.00847	0.00276	0.01322	0.00704	0.00574	0.01522
44	0.13443	0.17499	0.03360	0.02067	0.02722	0.06835	0.01763	0.10136	0.05760	0.07516	0.02368	0.02611	0.01871	0.01276	0.01225	0.00325	0.08153	0.00850	0.08776	0.01445
45	0.02356	0.01290	0.01655	0.01561	0.01940	0.01145	0.01169	0.02709	0.02750	0.16410	0.17790	0.23987	0.15656	0.02562	0.01313	0.00390	0.00686	0.02239	0.01180	0.01212
46	0.01479	0.01624	0.08128	0.01717	0.02032	0.01138	0.01418	0.01830	0.02242	0.02986	0.06403	0.45421	0.13123	0.03115	0.01374	0.00433	0.00771	0.02779	0.00972	0.01016
47	0.06513	0.06752	0.11146	0.09285	0.03618	0.02600	0.02233	0.07256	0.14802	0.07164	0.02998	0.03216	0.02255	0.01312	0.01181	0.00350	0.04648	0.01006	0.10147	0.01519
48	0.03002	0.02660	0.04012	0.08208	0.28764	0.02772	0.06105	0.14442	0.06541	0.04464	0.02996	0.03385	0.05029	0.01238	0.01148	0.00347	0.01286	0.01131	0.00759	0.01711
49	0.01950	0.01491	0.01733	0.01556	0.01985	0.01401	0.01187	0.08732	0.03117	0.04222	0.24595	0.14149	0.18721	0.02320	0.01266	0.00353	0.00685	0.01993	0.01095	0.07448
50	0.02565	0.13442	0.10066	0.02850	0.09549	0.02576	0.05505	0.08955	0.02822	0.03944	0.09533	0.03689	0.03169	0.02163	0.07729	0.00499	0.01393	0.01107	0.07009	0.01436
51	0.02651	0.11099	0.27350	0.02908	0.04155	0.02662	0.09448	0.06517	0.02628	0.06554	0.02441	0.06047	0.01973	0.01206	0.01071	0.00332	0.01430	0.01033	0.00638	0.07856
52	0.10198	0.01787	0.01844	0.01666	0.02179	0.01879	0.01298	0.07613	0.15374	0.04376	0.15425	0.06806	0.21146	0.02045	0.01186	0.00368	0.00745	0.01684	0.01073	0.01309

[dist]
# distance from previous block
# <min> <max>
0	187

[block]
# block no. 1 follows, 11 sequences, length 18
# corresponding to MSA columns:
# 1039-1056
name=unknown_B
#
# <colnr> <probs for GDERKNQSTAVLIFYWHMCP>
#	G	D	E	R	K	N	Q	S	T	A	V	L	I	F	Y	W	H	M	C	P
0	0.19093	0.03458	0.21106	0.02351	0.03432	0.02374	0.02469	0.04336	0.09459	0.16984	0.02891	0.02873	0.02008	0.01211	0.01006	0.00356	0.01181	0.00917	0.00858	0.01637
1	0.02831	0.19331	0.32549	0.02766	0.04107	0.03246	0.03210	0.12260	0.02907	0.04001	0.02034	0.02293	0.01523	0.01096	0.00992	0.00324	0.01466	0.00808	0.00600	0.01655
2	0.33214	0.02940	0.09893	0.02241	0.02970	0.02911	0.02069	0.12014	0.02582	0.04743	0.01828	0.02203	0.01434	0.01297	0.01449	0.00377	0.12919	0.00795	0.00704	0.01417
3	0.12495	0.06242	0.02294	0.01700	0.02265	0.01905	0.01344	0.07031	0.02818	0.19493	0.13490	0.04918	0.04257	0.12694	0.01950	0.00481	0.00923	0.01290	0.01037	0.01370
4	0.02243	0.02837	0.18944	0.02078	0.02832	0.01760	0.02107	0.05523	0.02753	0.07781	0.20255	0.05558	0.05272	0.12801	0.02051	0.00493	0.01080	0.01438	0.00890	0.01302
5	0.03053	0.03210	0.09929	0.02370	0.03111	0.12454	0.02070	0.04705	0.22492	0.09641	0.11097	0.04136	0.03808	0.01497	0.01136	0.00353	0.01169	0.01208	0.00985	0.01578
6	0.04390	0.02278	0.02772	0.02139	0.03013	0.02194	0.01754	0.16482	0.07405	0.33008	0.03750	0.03414	0.02496	0.01333	0.01100	0.00329	0.01011	0.01063	0.01229	0.08841
7	0.02107	0.01224	0.01573	0.01615	0.01919	0.01102	0.01203	0.02401	0.02488	0.12695	0.06916	0.34043	0.15850	0.02938	0.01369	0.00427	0.00734	0.07160	0.01110	0.01124
8	0.02000	0.01157	0.01461	0.01495	0.01649	0.01090	0.00988	0.02153	0.02102	0.09909	0.04900	0.31026	0.05453	0.25760	0.03093	0.00693	0.00870	0.02286	0.00951	0.00965
9	0.02098	0.01307	0.01923	0.01836	0.02133	0.01442	0.01442	0.02505	0.02010	0.09959	0.03218	0.04338	0.02810	0.07438	0.48173	0.01601	0.02722	0.01195	0.00715	0.01135
10	0.01593	0.01150	0.01504	0.01416	0.01681	0.01062	0.01062	0.02124	0.03186	0.04513	0.52830	0.08407	0.10620	0.02301	0.01327	0.00354	0.00531	0.02035	0.01239	0.01062
11	0.02656	0.02777	0.03587	0.36852	0.16364	0.12669	0.03013	0.03302	0.02493	0.03018	0.01975	0.02772	0.01549	0.01107	0.01102	0.00351	0.01567	0.00949	0.00527	0.01371
12	0.01631	0.01115	0.01348	0.01348	0.01389	0.01156	0.00832	0.01714	0.01672	0.02271	0.03437	0.06758	0.03828	0.49716	0.16097	0.01239	0.01488	0.01548	0.00666	0.00749
13	0.02724	0.01803	0.02777	0.35489	0.05524	0.02051	0.02379	0.03366	0.02472	0.13715	0.02821	0.03399	0.02028	0.01216	0.01062	0.00348	0.01203	0.01037	0.13238	0.01349
14	0.04439	0.02254	0.02743	0.02173	0.03001	0.02239	0.01772	0.13968	0.13552	0.35057	0.04140	0.03693	0.02755	0.01413	0.01134	0.00353	0.00997	0.01138	0.01291	0.01888
15	0.08676	0.01656	0.02096	0.01719	0.02311	0.01520	0.01336	0.04047	0.02790	0.32653	0.10928	0.05059	0.04052	0.13679	0.02075	0.00502	0.00918	0.01325	0.01171	0.01486
16	0.04277	0.02053	0.02619	0.02137	0.02898	0.01965	0.01785	0.14003	0.03529	0.34843	0.04370	0.05279	0.03306	0.01710	0.01211	0.00378	0.01031	0.09588	0.01270	0.01748
17	0.03241	0.03999	0.26904	0.03155	0.04440	0.02472	0.12655	0.07597	0.02882	0.17388	0.02772	0.02926	0.01885	0.01153	0.01144	0.00358	0.01491	0.01028	0.00790	0.01720

[dist]
# distance from previous block
# <min> <max>
0	1

[block]
# block no. 2 follows, 11 sequences, length 14
# corresponding to MSA columns:
# 1058-1071
name=unknown_C
#
# <colnr> <probs for GDERKNQSTAVLIFYWHMCP>
#	G	D	E	R	K	N	Q	S	T	A	V	L	I	F	Y	W	H	M	C	P
0	0.09198	0.09741	0.13528	0.02469	0.03457	0.10918	0.02342	0.15151	0.03339	0.15495	0.02590	0.02618	0.01832	0.01209	0.01021	0.00327	0.01348	0.00883	0.00869	0.01665
1	0.01367	0.00995	0.01290	0.01527	0.01622	0.00918	0.01027	0.01572	0.02194	0.02889	0.06695	0.55086	0.11751	0.03462	0.01427	0.00450	0.00645	0.03122	0.01045	0.00918
2	0.08155	0.02498	0.04086	0.16599	0.40011	0.02627	0.03201	0.03327	0.02446	0.03632	0.02048	0.02748	0.01679	0.01031	0.01081	0.00344	0.01331	0.00969	0.00557	0.01629
3	0.33361	0.13788	0.02611	0.01585	0.02331	0.02527	0.01330	0.03038	0.02055	0.03956	0.01872	0.02519	0.01667	0.07203	0.01260	0.00363	0.00952	0.00729	0.00645	0.16209
4	0.01365	0.01002	0.01282	0.01506	0.01616	0.00919	0.01018	0.01574	0.02214	0.02897	0.06947	0.52717	0.13957	0.03430	0.01421	0.00446	0.00641	0.03082	0.01045	0.00919
5	0.01678	0.01294	0.01528	0.01634	0.01840	0.01311	0.01137	0.02460	0.11975	0.03190	0.06167	0.38440	0.11088	0.08570	0.01783	0.00495	0.00734	0.02577	0.01030	0.01069
6	0.19121	0.02895	0.13274	0.16253	0.04524	0.02477	0.05687	0.03592	0.02345	0.12134	0.02285	0.02689	0.01642	0.01186	0.01201	0.00369	0.05265	0.00913	0.00697	0.01452
7	0.22324	0.04716	0.38545	0.02684	0.04054	0.02587	0.03267	0.03487	0.02236	0.04015	0.01883	0.02210	0.01363	0.01062	0.00956	0.00354	0.01423	0.00764	0.00542	0.01529
8	0.01428	0.01088	0.01313	0.01374	0.01610	0.00973	0.00986	0.01761	0.02623	0.03453	0.22827	0.26808	0.23869	0.02907	0.01366	0.00398	0.00586	0.02549	0.01107	0.00973
9	0.02468	0.10196	0.38044	0.02784	0.04105	0.02540	0.03342	0.03482	0.02356	0.07523	0.02318	0.02734	0.01739	0.02140	0.08898	0.00552	0.01754	0.00888	0.00570	0.01569
10	0.03916	0.02488	0.03876	0.03960	0.18764	0.02408	0.08806	0.11340	0.03259	0.24721	0.03172	0.03232	0.02200	0.01207	0.01153	0.00347	0.01245	0.01101	0.00985	0.01820
11	0.02202	0.02149	0.03843	0.50157	0.07484	0.02550	0.09737	0.02980	0.02309	0.02980	0.02040	0.03006	0.01530	0.01100	0.01154	0.00376	0.01557	0.01047	0.00510	0.01289
12	0.10709	0.02621	0.07845	0.02213	0.03127	0.02308	0.01967	0.13589	0.08449	0.30039	0.03594	0.03308	0.02395	0.01332	0.01082	0.00351	0.01066	0.01042	0.01155	0.01807
13	0.18026	0.02435	0.04006	0.09090	0.11725	0.02597	0.17030	0.03206	0.02385	0.03883	0.06875	0.03172	0.02423	0.01230	0.01362	0.00374	0.07035	0.01111	0.00648	0.01388

[dist]
# distance from previous block
# <min> <max>
0	11

[block]
# block no. 3 follows, 11 sequences, length 26
# corresponding to MSA columns:
# 1083-1108
name=unknown_D
#
# <colnr> <probs for GDERKNQSTAVLIFYWHMCP>
#	G	D	E	R	K	N	Q	S	T	A	V	L	I	F	Y	W	H	M	C	P
0	0.02437	0.02234	0.03442	0.35523	0.11701	0.02648	0.02853	0.06656	0.02466	0.03347	0.02000	0.02826	0.01577	0.01220	0.01447	0.00367	0.09076	0.00973	0.00569	0.06641
1	0.02667	0.03161	0.17176	0.02479	0.03577	0.02088	0.06073	0.03397	0.02426	0.09469	0.02272	0.02587	0.01720	0.01064	0.01201	0.00283	0.05759	0.00845	0.00677	0.31081
2	0.02769	0.14110	0.39540	0.02834	0.04275	0.02773	0.03451	0.03803	0.02480	0.10516	0.02286	0.02489	0.01619	0.01098	0.01023	0.00337	0.01491	0.00837	0.00605	0.01664
3	0.01612	0.01190	0.01727	0.01727	0.01900	0.01363	0.01305	0.01958	0.01785	0.02552	0.03089	0.04834	0.02993	0.15731	0.48940	0.01708	0.02745	0.01266	0.00614	0.00960
4	0.03846	0.01782	0.02537	0.02503	0.08516	0.01609	0.01768	0.04273	0.02898	0.34721	0.04616	0.14590	0.03823	0.01878	0.01221	0.00381	0.00953	0.05238	0.01202	0.01645
5	0.02553	0.02106	0.03776	0.31563	0.05952	0.02280	0.13227	0.03241	0.02463	0.09962	0.02884	0.09754	0.02416	0.01402	0.01209	0.00382	0.01419	0.01350	0.00700	0.01362
6	0.01402	0.01003	0.01334	0.01546	0.01639	0.00935	0.01047	0.01645	0.02299	0.03103	0.12739	0.52519	0.07889	0.03354	0.01421	0.00443	0.00636	0.03036	0.01072	0.00935
7	0.01540	0.01156	0.01634	0.02067	0.05982	0.01104	0.01333	0.01812	0.02240	0.02997	0.05838	0.49520	0.06865	0.03269	0.01424	0.00454	0.00754	0.08007	0.01004	0.01000
8	0.03059	0.02778	0.07802	0.03770	0.17282	0.02558	0.07091	0.14237	0.07536	0.08681	0.03972	0.04097	0.09180	0.01421	0.01169	0.00353	0.01218	0.01250	0.00873	0.01671
9	0.02810	0.46455	0.18818	0.02266	0.03415	0.03966	0.02518	0.03422	0.02311	0.02891	0.01685	0.01957	0.01439	0.00991	0.00814	0.00271	0.01326	0.00663	0.00480	0.01502
10	0.02026	0.01042	0.01074	0.01100	0.01343	0.01036	0.00812	0.02518	0.02340	0.04065	0.03922	0.09694	0.03336	0.01531	0.00851	0.00282	0.00537	0.01262	0.60192	0.01036
11	0.02545	0.02706	0.04806	0.03716	0.04200	0.03192	0.22394	0.03090	0.02120	0.03090	0.01817	0.02706	0.01575	0.01536	0.02688	0.00444	0.34365	0.01131	0.00525	0.01353
12	0.09458	0.12322	0.03244	0.07105	0.03342	0.13596	0.01931	0.13943	0.08082	0.04363	0.09102	0.03285	0.02968	0.01347	0.01027	0.00323	0.01250	0.01014	0.00835	0.01464
13	0.02064	0.01816	0.01784	0.01838	0.02072	0.08883	0.01309	0.06599	0.02689	0.03402	0.09347	0.41692	0.06358	0.02880	0.01338	0.00413	0.00891	0.02543	0.01004	0.01077
14	0.01608	0.01206	0.01809	0.01809	0.02010	0.01407	0.01407	0.02010	0.01809	0.02613	0.03015	0.04422	0.02814	0.08441	0.55984	0.01809	0.03015	0.01206	0.00603	0.01005
15	0.08911	0.01233	0.01240	0.01172	0.01528	0.01246	0.00902	0.02930	0.02388	0.08471	0.03528	0.03931	0.02712	0.01292	0.00807	0.00278	0.00595	0.01012	0.54686	0.01138
16	0.08923	0.04672	0.29647	0.03408	0.04688	0.10140	0.15583	0.03681	0.02521	0.03603	0.02006	0.02451	0.01484	0.01048	0.01095	0.00352	0.01701	0.00927	0.00536	0.01532
17	0.03401	0.02693	0.09694	0.02892	0.03838	0.02225	0.15028	0.04527	0.10660	0.22086	0.07842	0.03904	0.03124	0.01334	0.01198	0.00364	0.01250	0.01253	0.01006	0.01680
18	0.02126	0.02001	0.03376	0.57739	0.07752	0.02501	0.03126	0.02876	0.02251	0.02876	0.02001	0.03001	0.01500	0.01125	0.01125	0.00375	0.01500	0.01000	0.00500	0.01250
19	0.02244	0.01376	0.01713	0.01698	0.01960	0.01340	0.01204	0.07732	0.02593	0.10190	0.05184	0.38171	0.05699	0.10963	0.01961	0.00517	0.00824	0.02446	0.01050	0.01134
20	0.09391	0.02076	0.02860	0.08698	0.03517	0.02078	0.05687	0.10435	0.03159	0.24805	0.08203	0.07658	0.03356	0.01523	0.01148	0.00361	0.01069	0.01300	0.01083	0.01593
21	0.01392	0.00996	0.01325	0.01553	0.01637	0.00928	0.01046	0.01620	0.02253	0.03029	0.10636	0.54833	0.07746	0.03410	0.01426	0.00447	0.00641	0.03089	0.01063	0.00928
22	0.01496	0.01123	0.01401	0.01490	0.01729	0.01028	0.01122	0.01865	0.02636	0.03478	0.21222	0.24184	0.20295	0.02921	0.01395	0.00416	0.00656	0.09453	0.01101	0.00987
23	0.15986	0.02562	0.03341	0.02544	0.03436	0.02627	0.09358	0.19790	0.03595	0.21137	0.02979	0.02955	0.02031	0.01244	0.01082	0.00350	0.01187	0.01027	0.01043	0.01724
24	0.19384	0.02903	0.14135	0.02025	0.03080	0.02037	0.02001	0.03544	0.02380	0.12066	0.02286	0.02455	0.01678	0.01030	0.00901	0.00285	0.01052	0.00764	0.00747	0.25249
25	0.02459	0.01659	0.02068	0.01763	0.02295	0.01610	0.01393	0.08966	0.02918	0.09905	0.15433	0.05289	0.08755	0.03509	0.15695	0.00709	0.01387	0.01383	0.00965	0.11839

[dist]
# distance from previous block
# <min> <max>
0	30

[block]
# block no. 4 follows, 11 sequences, length 18
# corresponding to MSA columns:
# 1139-1156
name=unknown_E
#
# <colnr> <probs for GDERKNQSTAVLIFYWHMCP>
#	G	D	E	R	K	N	Q	S	T	A	V	L	I	F	Y	W	H	M	C	P
0	0.01963	0.01208	0.01550	0.01494	0.01806	0.01088	0.01107	0.02360	0.02836	0.10569	0.28364	0.21309	0.14868	0.02573	0.01330	0.00383	0.00625	0.02262	0.01182	0.01123
1	0.10278	0.01315	0.01362	0.01247	0.01654	0.01315	0.00972	0.03146	0.02442	0.12048	0.03546	0.03864	0.02676	0.01293	0.00830	0.00286	0.00632	0.01011	0.48882	0.01203
2	0.02794	0.02510	0.05019	0.09347	0.05117	0.02410	0.30853	0.03587	0.02681	0.10306	0.03111	0.04637	0.02571	0.01361	0.01316	0.00396	0.01597	0.08170	0.00746	0.01470
3	0.03325	0.02194	0.08069	0.02396	0.03146	0.01710	0.08195	0.03868	0.02759	0.26196	0.04437	0.17487	0.03889	0.01937	0.01256	0.00392	0.01090	0.05043	0.01079	0.01532
4	0.02257	0.05822	0.54613	0.03208	0.04871	0.02614	0.04158	0.03564	0.02376	0.03564	0.02020	0.02376	0.01426	0.01069	0.01069	0.00356	0.01663	0.00832	0.00475	0.01663
5	0.02757	0.01581	0.02018	0.01780	0.02206	0.01573	0.01380	0.06229	0.02766	0.17841	0.11069	0.13647	0.12112	0.06702	0.06259	0.00551	0.05400	0.01753	0.01069	0.01306
6	0.08339	0.03017	0.11969	0.12003	0.05209	0.02530	0.23571	0.03782	0.02588	0.12213	0.02507	0.02971	0.01778	0.01077	0.01174	0.00368	0.01558	0.01113	0.00696	0.01540
7	0.01371	0.00979	0.01306	0.01567	0.01632	0.00914	0.01045	0.01567	0.02155	0.02873	0.06203	0.59710	0.07444	0.03526	0.01437	0.00457	0.00653	0.03200	0.01045	0.00914
8	0.02018	0.01389	0.01538	0.01424	0.01554	0.01438	0.00893	0.08576	0.02165	0.02892	0.03424	0.06692	0.03777	0.51908	0.05064	0.00982	0.01112	0.01547	0.00746	0.00860
9	0.02493	0.10912	0.28424	0.09733	0.19784	0.02835	0.03578	0.03438	0.02410	0.03422	0.01995	0.02498	0.01545	0.01042	0.01048	0.00338	0.01493	0.00874	0.00504	0.01632
10	0.02483	0.02576	0.04764	0.09726	0.11844	0.02827	0.21623	0.03140	0.02284	0.03222	0.02074	0.02958	0.01728	0.01863	0.06407	0.00520	0.16860	0.01147	0.00543	0.01411
11	0.01977	0.01372	0.01550	0.01477	0.01617	0.01410	0.00949	0.08565	0.02245	0.02999	0.03836	0.14807	0.04297	0.43083	0.04398	0.00884	0.01045	0.01789	0.00802	0.00896
12	0.01637	0.01091	0.01228	0.01228	0.01228	0.01091	0.00682	0.01637	0.01637	0.02182	0.03546	0.07365	0.04092	0.60445	0.05729	0.01091	0.01091	0.01637	0.00682	0.00682
13	0.10450	0.02008	0.02298	0.01697	0.02642	0.01644	0.01370	0.03300	0.02423	0.11663	0.02328	0.02507	0.01788	0.00945	0.00864	0.00216	0.00857	0.00732	0.00783	0.49484
14	0.07455	0.02505	0.06636	0.02340	0.03047	0.06386	0.05120	0.09083	0.03023	0.18752	0.03992	0.12706	0.03543	0.01866	0.01212	0.00387	0.01160	0.08273	0.01019	0.01494
15	0.03436	0.03166	0.03383	0.02768	0.03534	0.11245	0.07669	0.18341	0.24468	0.04976	0.03310	0.03282	0.02472	0.01349	0.01141	0.00354	0.01291	0.01118	0.00983	0.01715
16	0.03488	0.16200	0.04520	0.02830	0.03769	0.10442	0.14883	0.04035	0.02745	0.15225	0.02516	0.02717	0.01861	0.01074	0.01041	0.00303	0.01413	0.00952	0.00757	0.09230
17	0.03040	0.10897	0.04108	0.11269	0.04322	0.02705	0.12508	0.07401	0.08446	0.10570	0.02682	0.02964	0.01994	0.01119	0.01071	0.00320	0.01281	0.01016	0.00781	0.11507

[dist]
# distance from previous block
# <min> <max>
0	44

[block]
# block no. 5 follows, 11 sequences, length 49
# corresponding to MSA columns:
# 1202-1250
name=unknown_F
#
# <colnr> <probs for GDERKNQSTAVLIFYWHMCP>
#	G	D	E	R	K	N	Q	S	T	A	V	L	I	F	Y	W	H	M	C	P
0	0.12429	0.02674	0.02851	0.09889	0.03687	0.07565	0.01995	0.17027	0.08120	0.18097	0.03009	0.03009	0.02100	0.01290	0.01063	0.00347	0.01192	0.00988	0.01005	0.01662
1	0.20336	0.21793	0.11151	0.02101	0.03077	0.03181	0.02064	0.10174	0.02749	0.10780	0.02169	0.02286	0.01625	0.01111	0.00877	0.00313	0.01157	0.00765	0.00746	0.01546
2	0.04232	0.02039	0.02864	0.02246	0.03030	0.01890	0.05599	0.10561	0.03295	0.36605	0.04281	0.11479	0.03238	0.01651	0.01190	0.00365	0.01030	0.01424	0.01241	0.01741
3	0.01572	0.01182	0.01480	0.01669	0.01815	0.01179	0.01148	0.02188	0.09082	0.03131	0.05975	0.51900	0.06880	0.03245	0.01396	0.00446	0.00686	0.02929	0.01059	0.01036
4	0.12557	0.02136	0.02381	0.01957	0.02662	0.02209	0.01580	0.14264	0.10216	0.19698	0.10221	0.04504	0.07609	0.01588	0.01113	0.00354	0.00913	0.01268	0.01155	0.01615
5	0.02711	0.01927	0.02744	0.09700	0.03529	0.01697	0.05595	0.03228	0.02492	0.13015	0.03077	0.10841	0.02672	0.01368	0.01056	0.00288	0.01012	0.01212	0.00827	0.31009
6	0.01390	0.00994	0.01323	0.01555	0.01637	0.00926	0.01046	0.01614	0.02241	0.03010	0.10083	0.55442	0.07708	0.03424	0.01428	0.00449	0.00643	0.03103	0.01061	0.00926
7	0.01637	0.01173	0.01596	0.01762	0.01972	0.01132	0.01408	0.02073	0.02635	0.03545	0.18618	0.24005	0.07847	0.03003	0.01462	0.00458	0.00799	0.22772	0.01093	0.01011
8	0.02473	0.16011	0.28342	0.02520	0.03666	0.09236	0.02839	0.03271	0.02494	0.03181	0.03671	0.03821	0.11197	0.01396	0.01042	0.00329	0.01409	0.01065	0.00597	0.01440
9	0.02573	0.02142	0.02463	0.01781	0.02769	0.01746	0.01433	0.08604	0.02698	0.04090	0.02087	0.02379	0.01698	0.00897	0.00870	0.00188	0.00883	0.00710	0.00723	0.59267
10	0.01404	0.00993	0.01296	0.01525	0.01583	0.00936	0.01000	0.01576	0.02091	0.02788	0.05876	0.53262	0.07031	0.10538	0.01965	0.00535	0.00707	0.03007	0.01000	0.00886
11	0.26940	0.02085	0.01876	0.01627	0.02235	0.06857	0.01299	0.03795	0.02503	0.17479	0.02935	0.03046	0.02125	0.01223	0.00866	0.00318	0.00903	0.00882	0.19644	0.01361
12	0.10840	0.02560	0.03576	0.02874	0.03658	0.02779	0.14956	0.04990	0.31723	0.04443	0.03568	0.03583	0.02681	0.01307	0.01141	0.00377	0.01169	0.01206	0.00930	0.01639
13	0.01689	0.01346	0.01933	0.09500	0.02730	0.01487	0.01597	0.02077	0.02307	0.03147	0.12009	0.27511	0.05991	0.03283	0.06849	0.00571	0.06410	0.07623	0.00905	0.01037
14	0.01873	0.01128	0.01466	0.01575	0.01790	0.01021	0.01105	0.02113	0.02352	0.09967	0.06601	0.45988	0.12410	0.03149	0.01381	0.00433	0.00685	0.02813	0.01093	0.01057
15	0.02081	0.01543	0.02035	0.01923	0.02237	0.01732	0.01495	0.10977	0.02517	0.03498	0.03404	0.11875	0.03295	0.06407	0.37917	0.01340	0.02346	0.01450	0.00764	0.01164
16	0.03009	0.61122	0.05898	0.01926	0.02889	0.04454	0.01926	0.03370	0.02287	0.02648	0.01565	0.01805	0.01444	0.00963	0.00722	0.00241	0.01204	0.00602	0.00481	0.01444
17	0.02835	0.01606	0.02247	0.01863	0.02392	0.01502	0.04257	0.03295	0.02955	0.20915	0.22235	0.06610	0.14863	0.01994	0.01412	0.00367	0.04433	0.01684	0.01166	0.01369
18	0.01432	0.01026	0.01360	0.01526	0.01646	0.00954	0.01049	0.01718	0.02435	0.03319	0.18867	0.45777	0.08307	0.03193	0.01407	0.00429	0.00620	0.02884	0.01098	0.00954
19	0.02126	0.02001	0.03376	0.57739	0.07752	0.02501	0.03126	0.02876	0.02251	0.02876	0.02001	0.03001	0.01500	0.01125	0.01125	0.00375	0.01500	0.01000	0.00500	0.01250
20	0.02334	0.02001	0.02334	0.01667	0.02667	0.01500	0.01334	0.02834	0.02334	0.03668	0.02001	0.02334	0.01667	0.00834	0.00834	0.00167	0.00834	0.00667	0.00667	0.67325
21	0.02812	0.01939	0.03176	0.15555	0.08933	0.01926	0.08685	0.03383	0.02682	0.16292	0.07760	0.09261	0.09362	0.01652	0.01220	0.00371	0.01149	0.01506	0.00908	0.01431
22	0.01574	0.01149	0.01597	0.01601	0.01792	0.01201	0.01189	0.01965	0.02318	0.03273	0.20674	0.13242	0.06206	0.09339	0.26429	0.01079	0.01712	0.01784	0.00886	0.00990
23	0.01421	0.01144	0.01266	0.01235	0.01576	0.00989	0.00927	0.01791	0.02780	0.03549	0.25710	0.09995	0.38342	0.02661	0.01329	0.00371	0.00557	0.02258	0.01112	0.00989
24	0.11645	0.02430	0.03129	0.02583	0.03204	0.05678	0.09097	0.08149	0.07378	0.11067	0.06328	0.04631	0.03165	0.01644	0.01486	0.00394	0.08235	0.07401	0.00906	0.01451
25	0.01647	0.01758	0.08712	0.01689	0.02114	0.01235	0.01503	0.02011	0.02406	0.03168	0.12727	0.16047	0.20370	0.02818	0.01770	0.09811	0.00844	0.07454	0.00913	0.01003
26	0.10802	0.02726	0.04675	0.03532	0.04450	0.02791	0.27709	0.04353	0.18654	0.04147	0.02950	0.03271	0.02218	0.01152	0.01190	0.00376	0.01439	0.01221	0.00775	0.01568
27	0.03504	0.26892	0.13420	0.02424	0.03413	0.14811	0.02358	0.07200	0.02839	0.10253	0.02161	0.02299	0.01660	0.01111	0.00933	0.00294	0.01433	0.00772	0.00673	0.01551
28	0.01474	0.01080	0.01397	0.01551	0.01726	0.01003	0.01132	0.01796	0.02483	0.03303	0.16473	0.36110	0.13922	0.03126	0.01417	0.00434	0.00671	0.08852	0.01084	0.00967
29	0.02875	0.34597	0.09166	0.02081	0.02847	0.03416	0.01999	0.03266	0.02224	0.07635	0.02152	0.02917	0.01948	0.09507	0.01864	0.00413	0.08251	0.00867	0.00598	0.01377
30	0.03006	0.03471	0.23312	0.02453	0.03544	0.02115	0.02588	0.04160	0.09474	0.17275	0.03431	0.08535	0.02676	0.01435	0.01110	0.00350	0.01190	0.01187	0.00889	0.07799
31	0.01366	0.01002	0.01283	0.01507	0.01617	0.00919	0.01018	0.01574	0.02213	0.02897	0.06935	0.52833	0.13849	0.03431	0.01422	0.00446	0.00641	0.03084	0.01045	0.00919
32	0.03436	0.01442	0.01758	0.01481	0.02019	0.01323	0.01180	0.03920	0.02751	0.26866	0.04020	0.04031	0.02840	0.01348	0.00943	0.00301	0.00721	0.01087	0.37090	0.01442
33	0.07054	0.04708	0.37544	0.03416	0.10395	0.02641	0.03537	0.03866	0.09121	0.03841	0.02353	0.02639	0.01732	0.01122	0.01059	0.00357	0.01461	0.00898	0.00593	0.01663
34	0.01916	0.01124	0.01475	0.01579	0.01746	0.01041	0.01078	0.02117	0.02229	0.09850	0.05587	0.44645	0.06331	0.11241	0.01998	0.00531	0.00757	0.02695	0.01042	0.01020
35	0.02495	0.01350	0.01794	0.01569	0.01993	0.01217	0.01217	0.03001	0.03195	0.17482	0.40201	0.07213	0.08575	0.02064	0.01276	0.00353	0.00642	0.01800	0.01279	0.01285
36	0.02774	0.43833	0.21128	0.02327	0.03509	0.03878	0.02624	0.03431	0.02315	0.02935	0.01707	0.01984	0.01439	0.00996	0.00831	0.00277	0.01347	0.00674	0.00480	0.01513
37	0.02553	0.01371	0.01645	0.01482	0.01979	0.01176	0.01143	0.02875	0.02722	0.19760	0.08392	0.15418	0.30140	0.02469	0.01280	0.00380	0.00709	0.02084	0.01159	0.01261
38	0.01867	0.01151	0.01442	0.01515	0.01774	0.01026	0.01079	0.02120	0.02410	0.09991	0.07332	0.39111	0.18815	0.03054	0.01367	0.00422	0.00673	0.02697	0.01093	0.01062
39	0.03002	0.02507	0.04289	0.12733	0.37132	0.02523	0.06394	0.03669	0.02619	0.10530	0.02433	0.02975	0.01879	0.01069	0.01133	0.00345	0.01346	0.01043	0.00666	0.01713
40	0.23331	0.01999	0.02235	0.01960	0.02381	0.02366	0.01589	0.03406	0.05358	0.10888	0.02735	0.06557	0.02294	0.01581	0.01680	0.00386	0.16808	0.01061	0.10074	0.01311
41	0.02717	0.04841	0.40406	0.03563	0.11427	0.02490	0.03714	0.03814	0.02519	0.10559	0.02367	0.02634	0.01663	0.01105	0.01084	0.00352	0.01520	0.00897	0.00613	0.01715
42	0.01987	0.01253	0.01543	0.01411	0.01795	0.01109	0.01079	0.02428	0.02997	0.10901	0.33210	0.08535	0.22779	0.02348	0.01301	0.00361	0.00602	0.02017	0.01200	0.01145
43	0.01961	0.01203	0.01558	0.01649	0.01925	0.01101	0.01250	0.02272	0.02469	0.10079	0.06896	0.33156	0.15229	0.03019	0.01399	0.00440	0.00758	0.11462	0.01091	0.01084
44	0.15985	0.05065	0.43621	0.02849	0.04312	0.02595	0.03548	0.03511	0.02281	0.03873	0.01926	0.02263	0.01383	0.01064	0.00992	0.00355	0.01499	0.00786	0.00521	0.01571
45	0.16782	0.14484	0.27236	0.02478	0.03664	0.02950	0.02794	0.03807	0.09015	0.03879	0.02193	0.02407	0.01661	0.01108	0.00937	0.00337	0.01303	0.00803	0.00617	0.01544
46	0.02194	0.02302	0.04507	0.10947	0.04792	0.02217	0.27831	0.02932	0.02632	0.03470	0.09077	0.05235	0.13631	0.01515	0.01301	0.00377	0.01424	0.01578	0.00727	0.01314
47	0.10786	0.01312	0.01521	0.01672	0.01897	0.01353	0.01211	0.02303	0.06899	0.03396	0.05386	0.42010	0.06111	0.02953	0.01318	0.00441	0.00742	0.06635	0.01006	0.01051
48	0.25770	0.10587	0.03168	0.02737	0.11619	0.02700	0.01909	0.08341	0.02730	0.16834	0.02484	0.02574	0.01805	0.01142	0.00923	0.00330	0.01057	0.00846	0.00855	0.01589

[dist]
# distance from previous block
# <min> <max>
0	2

[block]
# block no. 6 follows, 11 sequences, length 56
# corresponding to MSA columns:
# 1253-1308
name=unknown_G
#
# <colnr> <probs for GDERKNQSTAVLIFYWHMCP>
#	G	D	E	R	K	N	Q	S	T	A	V	L	I	F	Y	W	H	M	C	P
0	0.41772	0.02506	0.07967	0.01789	0.02588	0.02327	0.01634	0.03701	0.06588	0.10606	0.03034	0.03077	0.05836	0.01279	0.00884	0.00355	0.00951	0.00901	0.00823	0.01383
1	0.02459	0.16995	0.17650	0.02658	0.08352	0.02586	0.02439	0.03167	0.02425	0.03466	0.05914	0.02744	0.02265	0.01061	0.00939	0.00268	0.01175	0.00838	0.00605	0.21994
2	0.16433	0.02759	0.02573	0.02164	0.02904	0.11461	0.01726	0.08477	0.13579	0.21631	0.03327	0.03134	0.02332	0.01313	0.01031	0.00345	0.01131	0.00984	0.01047	0.01649
3	0.21783	0.08786	0.02243	0.01614	0.02169	0.01980	0.01311	0.03127	0.02594	0.12721	0.18053	0.10883	0.05072	0.01762	0.01050	0.00350	0.00798	0.01429	0.00993	0.01282
4	0.02830	0.03294	0.22576	0.02406	0.03358	0.02001	0.02504	0.08059	0.02795	0.15016	0.03828	0.19172	0.03504	0.01874	0.01194	0.00382	0.01174	0.01596	0.00909	0.01530
5	0.03631	0.01727	0.02261	0.01831	0.02553	0.01456	0.01448	0.04028	0.02788	0.31582	0.04286	0.15853	0.03566	0.01740	0.01133	0.00332	0.00863	0.01485	0.01154	0.16283
6	0.01398	0.01000	0.01330	0.01549	0.01638	0.00932	0.01047	0.01634	0.02279	0.03071	0.11822	0.53528	0.07827	0.03379	0.01423	0.00445	0.00638	0.03059	0.01068	0.00932
7	0.02908	0.03512	0.20078	0.07727	0.13789	0.02505	0.07714	0.08978	0.02935	0.10126	0.06422	0.03253	0.02470	0.01217	0.01142	0.00353	0.01389	0.01078	0.00748	0.01653
8	0.02507	0.02103	0.02427	0.01749	0.02741	0.01678	0.01405	0.07007	0.02597	0.03973	0.02063	0.02367	0.01689	0.00880	0.00860	0.00182	0.00870	0.00698	0.00708	0.61497
9	0.08031	0.01538	0.01753	0.01719	0.02094	0.01583	0.01314	0.03087	0.12154	0.07750	0.09059	0.17210	0.10760	0.08230	0.01717	0.00480	0.00827	0.08449	0.01039	0.01205
10	0.01462	0.01036	0.01358	0.01552	0.01645	0.00981	0.01065	0.01694	0.02232	0.02995	0.10555	0.44419	0.07281	0.10228	0.01952	0.00528	0.00725	0.06361	0.01020	0.00911
11	0.10305	0.02103	0.02984	0.18417	0.04363	0.02300	0.05897	0.10582	0.02830	0.12487	0.02925	0.07308	0.02359	0.02211	0.07499	0.00535	0.01443	0.01193	0.00829	0.01432
12	0.02111	0.01969	0.03196	0.45700	0.06583	0.02466	0.02841	0.02781	0.02283	0.03021	0.07054	0.03482	0.02415	0.01342	0.01444	0.00387	0.08019	0.01103	0.00574	0.01229
13	0.02183	0.01677	0.01869	0.01776	0.02201	0.01769	0.01383	0.06965	0.17516	0.04190	0.11631	0.12292	0.13317	0.02193	0.01234	0.00385	0.00772	0.06886	0.08454	0.01308
14	0.01499	0.01108	0.01416	0.01632	0.01748	0.01082	0.01110	0.01960	0.06542	0.03037	0.06059	0.54764	0.07087	0.03348	0.01411	0.00450	0.00674	0.03028	0.01054	0.00991
15	0.04918	0.02126	0.02742	0.02103	0.02978	0.01967	0.01737	0.13014	0.03574	0.46176	0.04144	0.03639	0.02638	0.01386	0.01131	0.00346	0.01006	0.01112	0.01348	0.01915
16	0.03009	0.61122	0.05898	0.01926	0.02889	0.04454	0.01926	0.03370	0.02287	0.02648	0.01565	0.01805	0.01444	0.00963	0.00722	0.00241	0.01204	0.00602	0.00481	0.01444
17	0.01504	0.01147	0.01381	0.01322	0.01627	0.01024	0.00992	0.01951	0.02975	0.04014	0.38771	0.09230	0.24991	0.02487	0.01328	0.00363	0.00544	0.02151	0.01173	0.01024
18	0.02539	0.02807	0.05919	0.16462	0.06296	0.02770	0.39118	0.03444	0.02567	0.03444	0.02216	0.03028	0.01662	0.00988	0.01283	0.00379	0.01810	0.01256	0.00554	0.01459
19	0.15085	0.04820	0.40435	0.02784	0.04201	0.02522	0.03402	0.03666	0.02355	0.07822	0.02124	0.02386	0.01493	0.01090	0.01003	0.00354	0.01457	0.00813	0.00589	0.01598
20	0.02126	0.02001	0.03376	0.57739	0.07752	0.02501	0.03126	0.02876	0.02251	0.02876	0.02001	0.03001	0.01500	0.01125	0.01125	0.00375	0.01500	0.01000	0.00500	0.01250
21	0.01423	0.01016	0.01365	0.01626	0.01714	0.00959	0.01134	0.01656	0.02206	0.02931	0.06175	0.54242	0.07332	0.03478	0.01450	0.00464	0.00698	0.08160	0.01044	0.00928
22	0.01835	0.01579	0.01623	0.01535	0.02003	0.01586	0.01173	0.03115	0.19339	0.03613	0.09059	0.08553	0.35951	0.02396	0.01267	0.00381	0.00680	0.01997	0.01080	0.01236
23	0.01633	0.01105	0.01295	0.01295	0.01319	0.01128	0.00766	0.01680	0.01657	0.02232	0.03485	0.07023	0.03943	0.54396	0.11574	0.01175	0.01315	0.01587	0.00673	0.00720
24	0.02126	0.02001	0.03376	0.57739	0.07752	0.02501	0.03126	0.02876	0.02251	0.02876	0.02001	0.03001	0.01500	0.01125	0.01125	0.00375	0.01500	0.01000	0.00500	0.01250
25	0.03977	0.01742	0.02273	0.01839	0.02528	0.01587	0.01484	0.04660	0.07047	0.36798	0.13616	0.04762	0.04340	0.01571	0.01143	0.00345	0.00837	0.01309	0.06469	0.01674
26	0.02657	0.03036	0.06641	0.04744	0.05882	0.02846	0.49336	0.03605	0.02657	0.03605	0.02277	0.03036	0.01708	0.00949	0.01328	0.00380	0.01898	0.01328	0.00569	0.01518
27	0.04178	0.02110	0.02586	0.02114	0.02894	0.02098	0.01704	0.05677	0.21878	0.35032	0.04495	0.03974	0.03038	0.01445	0.01137	0.00361	0.00932	0.01186	0.01297	0.01864
28	0.01624	0.01142	0.01485	0.01485	0.01573	0.01231	0.01002	0.01802	0.01713	0.02373	0.03311	0.06064	0.03527	0.37459	0.27942	0.01408	0.01941	0.01446	0.00647	0.00825
29	0.01378	0.01107	0.01231	0.01274	0.01569	0.00959	0.00927	0.01681	0.02569	0.03225	0.16477	0.21072	0.36752	0.02915	0.01353	0.00393	0.00582	0.02503	0.01074	0.00959
30	0.02338	0.02218	0.03761	0.41344	0.22483	0.02557	0.03232	0.03062	0.02351	0.03134	0.02038	0.02931	0.01591	0.01086	0.01122	0.00362	0.01448	0.01001	0.00519	0.01422
31	0.02692	0.37783	0.26457	0.02467	0.03726	0.03677	0.02868	0.03452	0.02325	0.03035	0.01757	0.02046	0.01437	0.01008	0.00869	0.00290	0.01398	0.00699	0.00479	0.01537
32	0.02458	0.04748	0.34800	0.14732	0.05417	0.07973	0.07415	0.03517	0.02455	0.03342	0.02009	0.02526	0.01467	0.01080	0.01097	0.00356	0.01685	0.00897	0.00499	0.01529
33	0.01504	0.01147	0.01381	0.01322	0.01627	0.01024	0.00992	0.01951	0.02975	0.04013	0.38743	0.09232	0.25019	0.02488	0.01328	0.00363	0.00544	0.02151	0.01173	0.01024
34	0.22761	0.02485	0.02616	0.02091	0.02906	0.02667	0.01718	0.21235	0.07161	0.19046	0.02984	0.02867	0.02062	0.01288	0.01006	0.00347	0.01032	0.00949	0.01076	0.01705
35	0.38500	0.03488	0.02384	0.02117	0.02784	0.23284	0.01661	0.07407	0.02674	0.04321	0.01723	0.01975	0.01363	0.01113	0.00854	0.00325	0.01348	0.00686	0.00685	0.01307
36	0.01720	0.01323	0.01831	0.01772	0.01888	0.01558	0.01316	0.01982	0.01747	0.02495	0.02990	0.05073	0.03038	0.23342	0.34529	0.01434	0.09107	0.01309	0.00613	0.00935
37	0.02660	0.01872	0.02957	0.11741	0.03682	0.01951	0.08983	0.03211	0.02634	0.13702	0.11214	0.04940	0.09256	0.01639	0.01465	0.00370	0.07471	0.01392	0.07522	0.01340
38	0.03248	0.01941	0.02478	0.01924	0.02692	0.01728	0.01553	0.03673	0.02570	0.21656	0.03149	0.07400	0.02502	0.01374	0.01308	0.00291	0.07307	0.01069	0.00938	0.31197
39	0.03050	0.02544	0.03218	0.03378	0.14209	0.02839	0.02250	0.17493	0.15512	0.04936	0.08943	0.03754	0.03264	0.01501	0.01440	0.00367	0.07487	0.01196	0.00947	0.01673
40	0.04138	0.02303	0.03048	0.02285	0.03209	0.02136	0.05452	0.14890	0.03471	0.29287	0.03382	0.03209	0.02277	0.01236	0.01086	0.00312	0.01071	0.01027	0.01121	0.15062
41	0.02643	0.08776	0.22662	0.02633	0.03592	0.02681	0.02768	0.03998	0.13227	0.07734	0.03140	0.04057	0.02576	0.01525	0.01411	0.00385	0.07672	0.06186	0.00766	0.01569
42	0.03151	0.54632	0.05616	0.02000	0.02956	0.04346	0.01950	0.08554	0.02623	0.03146	0.01692	0.01906	0.01497	0.01006	0.00767	0.00252	0.01208	0.00648	0.00554	0.01497
43	0.01923	0.01230	0.01521	0.01582	0.01811	0.01171	0.01105	0.02367	0.06133	0.08701	0.06163	0.37093	0.11498	0.09910	0.01884	0.00506	0.00749	0.02532	0.01048	0.01071
44	0.03106	0.56608	0.05679	0.02005	0.02937	0.08621	0.01946	0.03461	0.02360	0.02657	0.01579	0.01824	0.01445	0.00979	0.00746	0.00245	0.01271	0.00612	0.00489	0.01433
45	0.09820	0.08003	0.02103	0.01638	0.01934	0.01804	0.01262	0.02226	0.01832	0.02803	0.02810	0.04549	0.02786	0.19656	0.30627	0.01279	0.02075	0.01174	0.00620	0.01000
46	0.02163	0.01810	0.02178	0.01656	0.02478	0.01440	0.01312	0.02655	0.02366	0.03635	0.07814	0.03265	0.02808	0.01915	0.07535	0.00386	0.01063	0.00885	0.00723	0.51915
47	0.08674	0.02643	0.06966	0.02694	0.08840	0.06054	0.02054	0.08580	0.02910	0.19964	0.02930	0.03092	0.02128	0.02059	0.07658	0.00498	0.01393	0.00967	0.00904	0.08993
48	0.02892	0.09175	0.04396	0.13424	0.34926	0.02946	0.03076	0.08928	0.02814	0.03854	0.02108	0.02698	0.01719	0.01059	0.01073	0.00330	0.01335	0.00959	0.00609	0.01681
49	0.08875	0.01114	0.01345	0.01557	0.01693	0.01095	0.01064	0.01762	0.02128	0.03117	0.05684	0.53230	0.06747	0.03248	0.01354	0.00445	0.00677	0.02910	0.01006	0.00948
50	0.02443	0.10133	0.12951	0.02800	0.03633	0.08325	0.12934	0.03160	0.02743	0.03581	0.14851	0.05091	0.04326	0.01577	0.01200	0.00359	0.01353	0.06435	0.00761	0.01344
51	0.17641	0.01911	0.02730	0.24332	0.04596	0.02153	0.05829	0.02938	0.02191	0.06871	0.02692	0.09001	0.02439	0.08252	0.01609	0.00459	0.01216	0.01240	0.00688	0.01210
52	0.03436	0.01859	0.02696	0.08735	0.03390	0.01699	0.05383	0.03953	0.02731	0.25897	0.03604	0.07574	0.02712	0.01379	0.01078	0.00321	0.01003	0.01196	0.08668	0.12686
53	0.11101	0.02325	0.02718	0.07094	0.03309	0.08111	0.05504	0.03692	0.02689	0.17011	0.06916	0.07891	0.03044	0.01414	0.01071	0.00325	0.01117	0.01186	0.00905	0.12577
54	0.03120	0.03000	0.07874	0.03162	0.04045	0.08553	0.19566	0.08335	0.03147	0.11470	0.12184	0.03977	0.03534	0.01346	0.01223	0.00354	0.01431	0.01296	0.00868	0.01515
55	0.11838	0.02122	0.02994	0.02338	0.03135	0.02027	0.08354	0.08946	0.03068	0.30381	0.03817	0.09863	0.02898	0.01532	0.01142	0.00364	0.01074	0.01325	0.01125	0.01658

[dist]
# distance from previous block
# <min> <max>
3	50

[block]
