[name]
unknown

[dist]
# distance from previous block
# <min> <max>
0	7

[block]
# block no. 0 follows, 15 sequences, length 21
# corresponding to MSA columns:
# 7-27
name=unknown_A
#
# <colnr> <probs for GDERKNQSTAVLIFYWHMCP>
#	G	D	E	R	K	N	Q	S	T	A	V	L	I	F	Y	W	H	M	C	P
0	0.10800	0.06414	0.19635	0.02221	0.03138	0.02258	0.05052	0.09570	0.08182	0.03759	0.02422	0.03245	0.02012	0.01175	0.00935	0.00304	0.01099	0.06348	0.00660	0.10770
1	0.10162	0.02259	0.02364	0.09300	0.03103	0.05657	0.01677	0.10993	0.26769	0.04068	0.02815	0.02852	0.02129	0.01141	0.00923	0.00299	0.00944	0.00903	0.00814	0.10829
2	0.01548	0.01130	0.01352	0.01294	0.01294	0.01248	0.00817	0.01578	0.01460	0.01996	0.02894	0.05938	0.03312	0.56439	0.04831	0.00895	0.09351	0.01372	0.00581	0.00670
3	0.01243	0.00880	0.01148	0.01351	0.01402	0.00829	0.00886	0.01396	0.01852	0.02470	0.05205	0.57207	0.06228	0.10729	0.01740	0.00474	0.00626	0.02664	0.00886	0.00784
4	0.01763	0.01220	0.01383	0.01288	0.01409	0.01274	0.00826	0.08753	0.01898	0.02548	0.03005	0.05772	0.03280	0.52080	0.08694	0.00924	0.01111	0.01347	0.00652	0.00773
5	0.02555	0.02057	0.02165	0.01913	0.02460	0.02345	0.01498	0.10988	0.43197	0.04366	0.03747	0.03558	0.02814	0.01308	0.00969	0.00319	0.00783	0.01072	0.10383	0.01505
6	0.03613	0.02705	0.02892	0.02258	0.03024	0.03009	0.01852	0.48663	0.11735	0.05998	0.02618	0.02572	0.01877	0.01218	0.01000	0.00304	0.01055	0.00928	0.01000	0.01680
7	0.01999	0.05157	0.59800	0.02841	0.04315	0.02315	0.03683	0.03157	0.02105	0.03157	0.01789	0.02105	0.01263	0.00947	0.00947	0.00316	0.01473	0.00737	0.00421	0.01473
8	0.03790	0.02792	0.02992	0.02294	0.03091	0.03091	0.01895	0.55423	0.04687	0.06283	0.02393	0.02393	0.01695	0.01197	0.00997	0.00299	0.01097	0.00898	0.00997	0.01695
9	0.01411	0.01019	0.01333	0.01254	0.01489	0.00941	0.00941	0.01881	0.02822	0.03998	0.58221	0.07447	0.09406	0.02038	0.01176	0.00314	0.00470	0.01803	0.01097	0.00941
10	0.03732	0.04513	0.02845	0.02535	0.03083	0.53930	0.01922	0.10233	0.03051	0.02907	0.01645	0.01870	0.01334	0.01048	0.00911	0.00262	0.01713	0.00673	0.00572	0.01221
11	0.01999	0.05157	0.59800	0.02841	0.04315	0.02315	0.03683	0.03157	0.02105	0.03157	0.01789	0.02105	0.01263	0.00947	0.00947	0.00316	0.01473	0.00737	0.00421	0.01473
12	0.72007	0.01928	0.01465	0.01311	0.01928	0.02236	0.01080	0.02930	0.01697	0.04473	0.01388	0.01619	0.01080	0.00925	0.00617	0.00308	0.00771	0.00540	0.00617	0.01080
13	0.02181	0.02181	0.03053	0.02617	0.02617	0.03053	0.02181	0.02399	0.01527	0.02399	0.01309	0.02181	0.01309	0.01745	0.03272	0.00436	0.63141	0.00872	0.00436	0.01091
14	0.02067	0.01772	0.02067	0.01477	0.02362	0.01329	0.01181	0.02510	0.02067	0.03248	0.01772	0.02067	0.01477	0.00738	0.00738	0.00148	0.00738	0.00591	0.00591	0.71059
15	0.02665	0.65565	0.05224	0.01706	0.02559	0.03945	0.01706	0.02985	0.02026	0.02345	0.01386	0.01599	0.01279	0.00853	0.00640	0.00213	0.01066	0.00533	0.00426	0.01279
16	0.02467	0.02369	0.04046	0.06119	0.58747	0.02369	0.03059	0.03059	0.02270	0.03257	0.01875	0.02467	0.01579	0.00888	0.00987	0.00296	0.01184	0.00888	0.00493	0.01579
17	0.01208	0.00895	0.01129	0.01316	0.01427	0.00816	0.00893	0.01396	0.01978	0.02573	0.06375	0.53845	0.16495	0.03009	0.01254	0.00392	0.00564	0.02694	0.00925	0.00816
18	0.03379	0.01376	0.01734	0.01420	0.01966	0.01241	0.01144	0.03798	0.02534	0.36126	0.03648	0.03528	0.02504	0.01204	0.00875	0.00277	0.00688	0.00972	0.30211	0.01376
19	0.02665	0.65565	0.05224	0.01706	0.02559	0.03945	0.01706	0.02985	0.02026	0.02345	0.01386	0.01599	0.01279	0.00853	0.00640	0.00213	0.01066	0.00533	0.00426	0.01279
20	0.02611	0.02568	0.05449	0.03907	0.04886	0.02393	0.48604	0.03396	0.02414	0.10029	0.02250	0.02775	0.01629	0.00888	0.01155	0.00333	0.01580	0.01155	0.00593	0.01387

[dist]
# distance from previous block
# <min> <max>
0	17

[block]
# block no. 1 follows, 15 sequences, length 96
# corresponding to MSA columns:
# 45-140
name=unknown_B
#
# <colnr> <probs for GDERKNQSTAVLIFYWHMCP>
#	G	D	E	R	K	N	Q	S	T	A	V	L	I	F	Y	W	H	M	C	P
0	0.01411	0.01019	0.01333	0.01254	0.01489	0.00941	0.00941	0.01881	0.02822	0.03998	0.58221	0.07447	0.09406	0.02038	0.01176	0.00314	0.00470	0.01803	0.01097	0.00941
1	0.04473	0.01697	0.02313	0.01774	0.02545	0.01465	0.01465	0.04858	0.02853	0.59437	0.03933	0.03393	0.02468	0.01234	0.01003	0.00308	0.00848	0.01003	0.01234	0.01697
2	0.01858	0.00929	0.00929	0.00929	0.01161	0.00929	0.00697	0.02323	0.02091	0.03717	0.03252	0.03717	0.02555	0.01161	0.00697	0.00232	0.00465	0.00929	0.70499	0.00929
3	0.01999	0.05157	0.59800	0.02841	0.04315	0.02315	0.03683	0.03157	0.02105	0.03157	0.01789	0.02105	0.01263	0.00947	0.00947	0.00316	0.01473	0.00737	0.00421	0.01473
4	0.02781	0.02074	0.02263	0.01990	0.02585	0.02326	0.01561	0.05231	0.48767	0.12527	0.04039	0.03670	0.02956	0.01335	0.01013	0.00334	0.00798	0.01108	0.01048	0.01596
5	0.03982	0.01552	0.02054	0.01615	0.02285	0.01365	0.01321	0.04382	0.02710	0.48973	0.03805	0.03454	0.02484	0.01220	0.00945	0.00294	0.00776	0.00989	0.14242	0.01552
6	0.02212	0.01765	0.01889	0.01724	0.02181	0.01982	0.01331	0.04273	0.39399	0.04067	0.12110	0.04282	0.03922	0.01424	0.00985	0.00316	0.00685	0.01195	0.12887	0.01371
7	0.02467	0.02369	0.04046	0.06119	0.58747	0.02369	0.03059	0.03059	0.02270	0.03257	0.01875	0.02467	0.01579	0.00888	0.00987	0.00296	0.01184	0.00888	0.00493	0.01579
8	0.02508	0.11731	0.02703	0.01980	0.02587	0.02701	0.01597	0.04948	0.48642	0.03894	0.03654	0.03399	0.02776	0.01277	0.00958	0.00319	0.00831	0.01037	0.00925	0.01533
9	0.23807	0.03921	0.02425	0.02198	0.02742	0.43691	0.01677	0.03672	0.02493	0.03038	0.01496	0.01745	0.01224	0.00997	0.00816	0.00272	0.01496	0.00612	0.00544	0.01133
10	0.01583	0.01120	0.01528	0.01723	0.01918	0.01120	0.01455	0.01972	0.02167	0.02825	0.04955	0.10531	0.05418	0.12160	0.01936	0.00536	0.00925	0.44388	0.00870	0.00870
11	0.01381	0.00996	0.01306	0.01274	0.01483	0.00921	0.00938	0.01807	0.02684	0.03778	0.50248	0.16045	0.08981	0.02202	0.01190	0.00327	0.00487	0.01959	0.01071	0.00921
12	0.01606	0.01147	0.01606	0.01836	0.02065	0.01147	0.01606	0.02065	0.02295	0.02983	0.05278	0.11245	0.05737	0.02754	0.01377	0.00459	0.00918	0.52037	0.00918	0.00918
13	0.01396	0.01018	0.01312	0.01239	0.01480	0.00934	0.00929	0.01853	0.02787	0.03914	0.55152	0.07584	0.12527	0.02069	0.01176	0.00315	0.00473	0.01822	0.01086	0.00934
14	0.01450	0.00966	0.01087	0.01087	0.01087	0.00966	0.00604	0.01450	0.01450	0.01933	0.03141	0.06524	0.03624	0.64965	0.05074	0.00966	0.00966	0.01450	0.00604	0.00604
15	0.72007	0.01928	0.01465	0.01311	0.01928	0.02236	0.01080	0.02930	0.01697	0.04473	0.01388	0.01619	0.01080	0.00925	0.00617	0.00308	0.00771	0.00540	0.00617	0.01080
16	0.01999	0.05157	0.59800	0.02841	0.04315	0.02315	0.03683	0.03157	0.02105	0.03157	0.01789	0.02105	0.01263	0.00947	0.00947	0.00316	0.01473	0.00737	0.00421	0.01473
17	0.01213	0.01011	0.01059	0.01047	0.01368	0.00857	0.00785	0.01499	0.02355	0.02890	0.17375	0.09269	0.50943	0.02451	0.01178	0.00333	0.00500	0.02058	0.00952	0.00857
18	0.02480	0.02141	0.02254	0.02029	0.02592	0.02480	0.01578	0.05297	0.56946	0.04170	0.04057	0.03719	0.03043	0.01352	0.01014	0.00338	0.00789	0.01127	0.01014	0.01578
19	0.02480	0.02141	0.02254	0.02029	0.02592	0.02480	0.01578	0.05297	0.56946	0.04170	0.04057	0.03719	0.03043	0.01352	0.01014	0.00338	0.00789	0.01127	0.01014	0.01578
20	0.02527	0.02298	0.03413	0.10629	0.30295	0.02560	0.02553	0.09692	0.09729	0.03548	0.02134	0.02603	0.01721	0.01130	0.01338	0.00327	0.10504	0.00919	0.00611	0.01469
21	0.04473	0.01697	0.02313	0.01774	0.02545	0.01465	0.01465	0.04858	0.02853	0.59437	0.03933	0.03393	0.02468	0.01234	0.01003	0.00308	0.00848	0.01003	0.01234	0.01697
22	0.02467	0.02369	0.04046	0.06119	0.58747	0.02369	0.03059	0.03059	0.02270	0.03257	0.01875	0.02467	0.01579	0.00888	0.00987	0.00296	0.01184	0.00888	0.00493	0.01579
23	0.01411	0.01019	0.01333	0.01254	0.01489	0.00941	0.00941	0.01881	0.02822	0.03998	0.58221	0.07447	0.09406	0.02038	0.01176	0.00314	0.00470	0.01803	0.01097	0.00941
24	0.02665	0.65565	0.05224	0.01706	0.02559	0.03945	0.01706	0.02985	0.02026	0.02345	0.01386	0.01599	0.01279	0.00853	0.00640	0.00213	0.01066	0.00533	0.00426	0.01279
25	0.01424	0.01068	0.01602	0.01602	0.01780	0.01246	0.01246	0.01780	0.01602	0.02314	0.02670	0.03916	0.02492	0.07477	0.61015	0.01602	0.02670	0.01068	0.00534	0.00890
26	0.01999	0.05157	0.59800	0.02841	0.04315	0.02315	0.03683	0.03157	0.02105	0.03157	0.01789	0.02105	0.01263	0.00947	0.00947	0.00316	0.01473	0.00737	0.00421	0.01473
27	0.04091	0.01842	0.02752	0.02464	0.09676	0.01643	0.05029	0.04531	0.02750	0.48948	0.03558	0.03234	0.02298	0.01166	0.01011	0.00309	0.00942	0.00999	0.01096	0.01660
28	0.01355	0.01017	0.01254	0.01195	0.01455	0.00917	0.00896	0.01772	0.02689	0.03681	0.46553	0.07967	0.21271	0.02156	0.01176	0.00319	0.00479	0.01876	0.01056	0.00917
29	0.01874	0.01121	0.01481	0.01333	0.01649	0.01020	0.01020	0.02331	0.02827	0.12380	0.50012	0.06834	0.08357	0.01916	0.01150	0.00313	0.00527	0.01682	0.01118	0.01055
30	0.01883	0.01772	0.02990	0.62569	0.06866	0.02215	0.02769	0.02547	0.01993	0.02547	0.01772	0.02658	0.01329	0.00997	0.00997	0.00332	0.01329	0.00886	0.00443	0.01107
31	0.02390	0.14227	0.04901	0.11010	0.20230	0.02708	0.24220	0.03042	0.02227	0.02979	0.01830	0.02419	0.01467	0.00874	0.01001	0.00301	0.01383	0.00940	0.00480	0.01372
32	0.02265	0.01532	0.01818	0.01616	0.02052	0.01583	0.01253	0.03581	0.22623	0.12443	0.30202	0.05470	0.06030	0.01666	0.01091	0.00322	0.00644	0.01435	0.01088	0.01288
33	0.01711	0.00959	0.01062	0.01036	0.01269	0.00933	0.00777	0.02177	0.02332	0.03809	0.21362	0.04945	0.04812	0.01450	0.00855	0.00259	0.00466	0.01217	0.47635	0.00933
34	0.02283	0.02317	0.03283	0.38404	0.21802	0.09511	0.02751	0.02876	0.02178	0.02745	0.01774	0.02495	0.01398	0.00968	0.00982	0.00312	0.01344	0.00857	0.00467	0.01253
35	0.02476	0.36098	0.24742	0.02445	0.06750	0.06686	0.02519	0.03112	0.02118	0.02702	0.01572	0.01848	0.01292	0.00900	0.00788	0.00258	0.01265	0.00636	0.00434	0.01361
36	0.01764	0.01117	0.01329	0.01217	0.01582	0.00973	0.00934	0.02119	0.02567	0.11765	0.27312	0.07847	0.31441	0.02146	0.01151	0.00324	0.00544	0.01824	0.01037	0.01008
37	0.72007	0.01928	0.01465	0.01311	0.01928	0.02236	0.01080	0.02930	0.01697	0.04473	0.01388	0.01619	0.01080	0.00925	0.00617	0.00308	0.00771	0.00540	0.00617	0.01080
38	0.01446	0.00982	0.01165	0.01165	0.01192	0.01009	0.00701	0.01500	0.01473	0.01991	0.03070	0.06129	0.03453	0.56273	0.13532	0.01063	0.01224	0.01392	0.00593	0.00647
39	0.02102	0.01921	0.01849	0.01702	0.02181	0.06035	0.01309	0.03821	0.33551	0.03519	0.06041	0.05685	0.22704	0.01749	0.01065	0.00332	0.00759	0.01442	0.00947	0.01285
40	0.03790	0.02792	0.02992	0.02294	0.03091	0.03091	0.01895	0.55423	0.04687	0.06283	0.02393	0.02393	0.01695	0.01197	0.00997	0.00299	0.01097	0.00898	0.00997	0.01695
41	0.02634	0.39764	0.21519	0.02106	0.03123	0.06624	0.02306	0.03209	0.02146	0.06055	0.01672	0.01873	0.01347	0.00915	0.00770	0.00253	0.01220	0.00630	0.00479	0.01356
42	0.03036	0.36612	0.14736	0.01939	0.02887	0.02956	0.02013	0.03532	0.02268	0.18177	0.02162	0.02187	0.01603	0.00975	0.00797	0.00259	0.01083	0.00700	0.00647	0.01431
43	0.01596	0.05700	0.01690	0.01398	0.01689	0.01315	0.01068	0.02288	0.09020	0.03681	0.39826	0.15191	0.07654	0.02037	0.01133	0.00323	0.00566	0.01789	0.01014	0.01020
44	0.72007	0.01928	0.01465	0.01311	0.01928	0.02236	0.01080	0.02930	0.01697	0.04473	0.01388	0.01619	0.01080	0.00925	0.00617	0.00308	0.00771	0.00540	0.00617	0.01080
45	0.01250	0.00883	0.01146	0.01343	0.01392	0.00833	0.00877	0.01397	0.01839	0.02452	0.05139	0.55576	0.06144	0.12474	0.01847	0.00490	0.00637	0.02625	0.00877	0.00779
46	0.02900	0.52063	0.04691	0.01897	0.02675	0.16604	0.01755	0.03206	0.02203	0.02366	0.01420	0.01643	0.01280	0.00892	0.00697	0.00223	0.01229	0.00557	0.00446	0.01252
47	0.25342	0.01774	0.01987	0.01597	0.02283	0.01758	0.01313	0.06875	0.02539	0.35326	0.03004	0.02807	0.01998	0.01130	0.00860	0.00302	0.00810	0.00847	0.05999	0.01449
48	0.02895	0.37436	0.12727	0.02147	0.02988	0.21508	0.02074	0.03322	0.02287	0.02498	0.01495	0.01738	0.01278	0.00922	0.00767	0.00242	0.01356	0.00598	0.00453	0.01270
49	0.02699	0.02737	0.03318	0.04318	0.32762	0.13049	0.02435	0.03859	0.17821	0.03366	0.02431	0.02699	0.01939	0.01045	0.00979	0.00301	0.01184	0.00911	0.00644	0.01502
50	0.02254	0.01045	0.01138	0.01057	0.01371	0.01010	0.00813	0.02706	0.02206	0.12142	0.03355	0.03668	0.02542	0.01172	0.00743	0.00244	0.00523	0.00940	0.60026	0.01045
51	0.02222	0.02843	0.16170	0.19026	0.34131	0.02320	0.03128	0.02957	0.02166	0.03063	0.01831	0.02433	0.01448	0.00927	0.00980	0.00309	0.01283	0.00854	0.00465	0.01442
52	0.01411	0.01019	0.01333	0.01254	0.01489	0.00941	0.00941	0.01881	0.02822	0.03998	0.58221	0.07447	0.09406	0.02038	0.01176	0.00314	0.00470	0.01803	0.01097	0.00941
53	0.01404	0.01095	0.01594	0.02103	0.10110	0.01045	0.01248	0.01641	0.01963	0.02652	0.04947	0.54963	0.05835	0.02785	0.01229	0.00388	0.00670	0.02540	0.00860	0.00926
54	0.01425	0.01028	0.01352	0.01296	0.01531	0.00955	0.00988	0.01894	0.02784	0.03925	0.54421	0.07719	0.09143	0.02089	0.01190	0.00324	0.00502	0.05408	0.01085	0.00939
55	0.01970	0.02672	0.16468	0.06731	0.03151	0.02476	0.02396	0.02440	0.01757	0.02615	0.02090	0.11591	0.02098	0.01708	0.02247	0.00395	0.34409	0.01137	0.00507	0.01142
56	0.01198	0.00933	0.01090	0.01215	0.01400	0.00824	0.00849	0.01408	0.02075	0.02613	0.07601	0.39283	0.30265	0.02849	0.01229	0.00374	0.00545	0.02500	0.00926	0.00824
57	0.02157	0.13361	0.33823	0.02600	0.03519	0.02792	0.02915	0.02894	0.01912	0.02798	0.01578	0.02052	0.01280	0.01182	0.01627	0.00338	0.20673	0.00748	0.00427	0.01324
58	0.02326	0.15422	0.38286	0.02777	0.04025	0.02586	0.10969	0.03237	0.02174	0.06499	0.01884	0.02182	0.01378	0.00932	0.00930	0.00300	0.01393	0.00783	0.00485	0.01433
59	0.02353	0.02689	0.05882	0.04202	0.05210	0.02521	0.55126	0.03193	0.02353	0.03193	0.02017	0.02689	0.01513	0.00840	0.01176	0.00336	0.01681	0.01176	0.00504	0.01345
60	0.03790	0.02792	0.02992	0.02294	0.03091	0.03091	0.01895	0.55423	0.04687	0.06283	0.02393	0.02393	0.01695	0.01197	0.00997	0.00299	0.01097	0.00898	0.00997	0.01695
61	0.02067	0.01772	0.02067	0.01477	0.02362	0.01329	0.01181	0.02510	0.02067	0.03248	0.01772	0.02067	0.01477	0.00738	0.00738	0.00148	0.00738	0.00591	0.00591	0.71059
62	0.02441	0.45186	0.23635	0.02089	0.03151	0.03395	0.02373	0.03043	0.02052	0.02619	0.01522	0.01770	0.01274	0.00885	0.00743	0.00248	0.01203	0.00602	0.00425	0.01345
63	0.01178	0.01010	0.01010	0.01010	0.01347	0.00842	0.00757	0.01431	0.02272	0.02693	0.10099	0.09594	0.58342	0.02525	0.01178	0.00337	0.00505	0.02104	0.00926	0.00842
64	0.61796	0.01893	0.01593	0.01381	0.02021	0.02120	0.01138	0.03222	0.01871	0.12783	0.01773	0.01888	0.01290	0.00972	0.00675	0.00308	0.00783	0.00610	0.00710	0.01173
65	0.02353	0.02689	0.05882	0.04202	0.05210	0.02521	0.55126	0.03193	0.02353	0.03193	0.02017	0.02689	0.01513	0.00840	0.01176	0.00336	0.01681	0.01176	0.00504	0.01345
66	0.56796	0.02121	0.01806	0.01530	0.02187	0.02427	0.01261	0.14635	0.02363	0.04876	0.01612	0.01792	0.01217	0.00986	0.00702	0.00306	0.00844	0.00620	0.00702	0.01217
67	0.01411	0.01019	0.01333	0.01254	0.01489	0.00941	0.00941	0.01881	0.02822	0.03998	0.58221	0.07447	0.09406	0.02038	0.01176	0.00314	0.00470	0.01803	0.01097	0.00941
68	0.02181	0.02181	0.03053	0.02617	0.02617	0.03053	0.02181	0.02399	0.01527	0.02399	0.01309	0.02181	0.01309	0.01745	0.03272	0.00436	0.63141	0.00872	0.00436	0.01091
69	0.72007	0.01928	0.01465	0.01311	0.01928	0.02236	0.01080	0.02930	0.01697	0.04473	0.01388	0.01619	0.01080	0.00925	0.00617	0.00308	0.00771	0.00540	0.00617	0.01080
70	0.01581	0.01130	0.01578	0.01807	0.02026	0.01126	0.01563	0.02022	0.02270	0.02955	0.05292	0.14630	0.05792	0.02777	0.01370	0.00456	0.00896	0.48899	0.00918	0.00911
71	0.67030	0.06495	0.01735	0.01339	0.01973	0.02359	0.01125	0.02934	0.01720	0.04320	0.01388	0.01618	0.01094	0.00920	0.00619	0.00302	0.00792	0.00539	0.00603	0.01094
72	0.02678	0.02240	0.02366	0.02069	0.02668	0.02572	0.01626	0.12876	0.49044	0.04490	0.03806	0.03519	0.02839	0.01329	0.01012	0.00332	0.00836	0.01092	0.01012	0.01596
73	0.02379	0.02278	0.03887	0.14654	0.50902	0.02345	0.03015	0.02982	0.02228	0.03150	0.01860	0.02496	0.01541	0.00905	0.00988	0.00302	0.01206	0.00888	0.00486	0.01508
74	0.03163	0.02214	0.02712	0.11467	0.06837	0.02429	0.01925	0.19955	0.19149	0.14913	0.03046	0.03016	0.02174	0.01200	0.01003	0.00317	0.01000	0.00982	0.00932	0.01565
75	0.01326	0.04753	0.01428	0.01435	0.01551	0.01018	0.01015	0.01526	0.01940	0.02560	0.05235	0.57236	0.06222	0.02964	0.01241	0.00397	0.00629	0.05783	0.00895	0.00845
76	0.01999	0.05157	0.59800	0.02841	0.04315	0.02315	0.03683	0.03157	0.02105	0.03157	0.01789	0.02105	0.01263	0.00947	0.00947	0.00316	0.01473	0.00737	0.00421	0.01473
77	0.02127	0.16704	0.49367	0.02624	0.03979	0.02627	0.03305	0.03124	0.02090	0.03002	0.01712	0.02008	0.01266	0.00929	0.00888	0.00296	0.01395	0.00698	0.00422	0.01436
78	0.01265	0.01046	0.01117	0.01155	0.01444	0.00933	0.00844	0.01654	0.05479	0.02749	0.08709	0.21442	0.43478	0.02588	0.01189	0.00352	0.00538	0.02208	0.00931	0.00879
79	0.72007	0.01928	0.01465	0.01311	0.01928	0.02236	0.01080	0.02930	0.01697	0.04473	0.01388	0.01619	0.01080	0.00925	0.00617	0.00308	0.00771	0.00540	0.00617	0.01080
80	0.04473	0.01697	0.02313	0.01774	0.02545	0.01465	0.01465	0.04858	0.02853	0.59437	0.03933	0.03393	0.02468	0.01234	0.01003	0.00308	0.00848	0.01003	0.01234	0.01697
81	0.72007	0.01928	0.01465	0.01311	0.01928	0.02236	0.01080	0.02930	0.01697	0.04473	0.01388	0.01619	0.01080	0.00925	0.00617	0.00308	0.00771	0.00540	0.00617	0.01080
82	0.02665	0.65565	0.05224	0.01706	0.02559	0.03945	0.01706	0.02985	0.02026	0.02345	0.01386	0.01599	0.01279	0.00853	0.00640	0.00213	0.01066	0.00533	0.00426	0.01279
83	0.02353	0.02689	0.05882	0.04202	0.05210	0.02521	0.55126	0.03193	0.02353	0.03193	0.02017	0.02689	0.01513	0.00840	0.01176	0.00336	0.01681	0.01176	0.00504	0.01345
84	0.72007	0.01928	0.01465	0.01311	0.01928	0.02236	0.01080	0.02930	0.01697	0.04473	0.01388	0.01619	0.01080	0.00925	0.00617	0.00308	0.00771	0.00540	0.00617	0.01080
85	0.01835	0.01776	0.02348	0.02062	0.02178	0.02289	0.01689	0.02065	0.01784	0.02501	0.04345	0.04742	0.21010	0.02014	0.02548	0.00402	0.41504	0.01298	0.00605	0.01005
86	0.01606	0.01147	0.01606	0.01836	0.02065	0.01147	0.01606	0.02065	0.02295	0.02983	0.05278	0.11245	0.05737	0.02754	0.01377	0.00459	0.00918	0.52037	0.00918	0.00918
87	0.01450	0.00966	0.01087	0.01087	0.01087	0.00966	0.00604	0.01450	0.01450	0.01933	0.03141	0.06524	0.03624	0.64965	0.05074	0.00966	0.00966	0.01450	0.00604	0.00604
88	0.72007	0.01928	0.01465	0.01311	0.01928	0.02236	0.01080	0.02930	0.01697	0.04473	0.01388	0.01619	0.01080	0.00925	0.00617	0.00308	0.00771	0.00540	0.00617	0.01080
89	0.01424	0.01068	0.01602	0.01602	0.01780	0.01246	0.01246	0.01780	0.01602	0.02314	0.02670	0.03916	0.02492	0.07477	0.61015	0.01602	0.02670	0.01068	0.00534	0.00890
90	0.04473	0.01697	0.02313	0.01774	0.02545	0.01465	0.01465	0.04858	0.02853	0.59437	0.03933	0.03393	0.02468	0.01234	0.01003	0.00308	0.00848	0.01003	0.01234	0.01697
91	0.02480	0.02141	0.02254	0.02029	0.02592	0.02480	0.01578	0.05297	0.56946	0.04170	0.04057	0.03719	0.03043	0.01352	0.01014	0.00338	0.00789	0.01127	0.01014	0.01578
92	0.02665	0.65565	0.05224	0.01706	0.02559	0.03945	0.01706	0.02985	0.02026	0.02345	0.01386	0.01599	0.01279	0.00853	0.00640	0.00213	0.01066	0.00533	0.00426	0.01279
93	0.01999	0.05157	0.59800	0.02841	0.04315	0.02315	0.03683	0.03157	0.02105	0.03157	0.01789	0.02105	0.01263	0.00947	0.00947	0.00316	0.01473	0.00737	0.00421	0.01473
94	0.02709	0.02412	0.02443	0.02142	0.02691	0.06793	0.01685	0.11184	0.42687	0.04181	0.03477	0.03309	0.02628	0.01338	0.01164	0.00334	0.05315	0.01046	0.00935	0.01528
95	0.02042	0.03050	0.23871	0.01992	0.03100	0.01701	0.02126	0.02754	0.02081	0.03214	0.01778	0.02081	0.01396	0.00817	0.00817	0.00211	0.01016	0.00646	0.00527	0.44779

[dist]
# distance from previous block
# <min> <max>
0	7

[block]
# block no. 2 follows, 15 sequences, length 19
# corresponding to MSA columns:
# 148-166
name=unknown_C
#
# <colnr> <probs for GDERKNQSTAVLIFYWHMCP>
#	G	D	E	R	K	N	Q	S	T	A	V	L	I	F	Y	W	H	M	C	P
0	0.02268	0.04342	0.42609	0.03484	0.15733	0.02400	0.03382	0.08083	0.02384	0.03474	0.01864	0.02209	0.01371	0.00958	0.00960	0.00310	0.01376	0.00784	0.00491	0.01517
1	0.01264	0.00889	0.01142	0.01324	0.01370	0.00843	0.00857	0.01401	0.01811	0.02415	0.04996	0.52068	0.05964	0.16228	0.02078	0.00524	0.00661	0.02541	0.00857	0.00766
2	0.01606	0.01147	0.01606	0.01836	0.02065	0.01147	0.01606	0.02065	0.02295	0.02983	0.05278	0.11245	0.05737	0.02754	0.01377	0.00459	0.00918	0.52037	0.00918	0.00918
3	0.02067	0.01772	0.02067	0.01477	0.02362	0.01329	0.01181	0.02510	0.02067	0.03248	0.01772	0.02067	0.01477	0.00738	0.00738	0.00148	0.00738	0.00591	0.00591	0.71059
4	0.01298	0.00927	0.01252	0.01483	0.01577	0.00881	0.01070	0.01532	0.01990	0.02638	0.05449	0.53069	0.06412	0.03045	0.01295	0.00416	0.00650	0.13260	0.00924	0.00833
5	0.02480	0.02141	0.02254	0.02029	0.02592	0.02480	0.01578	0.05297	0.56946	0.04170	0.04057	0.03719	0.03043	0.01352	0.01014	0.00338	0.00789	0.01127	0.01014	0.01578
6	0.01885	0.01778	0.02472	0.02240	0.02258	0.02366	0.01796	0.02089	0.01644	0.02444	0.02592	0.21228	0.02929	0.02167	0.02659	0.00427	0.43962	0.01474	0.00586	0.01004
7	0.01515	0.01034	0.01334	0.01332	0.01566	0.00983	0.01048	0.01982	0.02608	0.03744	0.39354	0.07733	0.07676	0.02068	0.01152	0.00333	0.00564	0.12326	0.10716	0.00934
8	0.01215	0.00868	0.01157	0.01388	0.01446	0.00810	0.00925	0.01388	0.01909	0.02545	0.05495	0.64315	0.06593	0.03123	0.01272	0.00405	0.00578	0.02834	0.00925	0.00810
9	0.04473	0.01697	0.02313	0.01774	0.02545	0.01465	0.01465	0.04858	0.02853	0.59437	0.03933	0.03393	0.02468	0.01234	0.01003	0.00308	0.00848	0.01003	0.01234	0.01697
10	0.02897	0.02789	0.02553	0.02236	0.02768	0.15012	0.01753	0.11718	0.32961	0.03930	0.03033	0.02982	0.02319	0.01299	0.01201	0.00325	0.06947	0.00968	0.00851	0.01459
11	0.02716	0.02198	0.04068	0.17731	0.16165	0.02194	0.20688	0.03367	0.02358	0.14974	0.02336	0.02785	0.01686	0.00970	0.01058	0.00321	0.01319	0.01012	0.00642	0.01412
12	0.01205	0.00906	0.01117	0.01286	0.01419	0.00818	0.00880	0.01400	0.02007	0.02585	0.06742	0.49491	0.20612	0.02961	0.01247	0.00386	0.00558	0.02636	0.00925	0.00818
13	0.62610	0.01896	0.01583	0.01375	0.02014	0.02129	0.01133	0.03199	0.01857	0.12120	0.01742	0.01866	0.01273	0.00968	0.00671	0.00308	0.00782	0.00604	0.00703	0.01165
14	0.01714	0.01514	0.02443	0.02118	0.02355	0.01769	0.08867	0.02069	0.01674	0.02412	0.02348	0.03671	0.02234	0.11680	0.34522	0.01113	0.14931	0.01084	0.00517	0.00964
15	0.02055	0.01948	0.03302	0.45893	0.22193	0.02260	0.02854	0.02698	0.02075	0.02757	0.01802	0.02602	0.01403	0.00965	0.00994	0.00322	0.01286	0.00887	0.00458	0.01247
16	0.01215	0.00868	0.01157	0.01388	0.01446	0.00810	0.00925	0.01388	0.01909	0.02545	0.05495	0.64315	0.06593	0.03123	0.01272	0.00405	0.00578	0.02834	0.00925	0.00810
17	0.02757	0.02080	0.02262	0.01993	0.02586	0.02338	0.01562	0.05236	0.49419	0.11860	0.04040	0.03674	0.02963	0.01336	0.01013	0.00334	0.00797	0.01110	0.01045	0.01594
18	0.01877	0.04295	0.47631	0.02511	0.03727	0.02029	0.03112	0.02892	0.02254	0.03332	0.13534	0.03216	0.02958	0.01174	0.00995	0.00315	0.01265	0.00959	0.00562	0.01362

[dist]
# distance from previous block
# <min> <max>
0	17

[block]
# block no. 3 follows, 15 sequences, length 8
# corresponding to MSA columns:
# 184-191
name=unknown_D
#
# <colnr> <probs for GDERKNQSTAVLIFYWHMCP>
#	G	D	E	R	K	N	Q	S	T	A	V	L	I	F	Y	W	H	M	C	P
0	0.01411	0.01019	0.01333	0.01254	0.01489	0.00941	0.00941	0.01881	0.02822	0.03998	0.58221	0.07447	0.09406	0.02038	0.01176	0.00314	0.00470	0.01803	0.01097	0.00941
1	0.02480	0.02141	0.02254	0.02029	0.02592	0.02480	0.01578	0.05297	0.56946	0.04170	0.04057	0.03719	0.03043	0.01352	0.01014	0.00338	0.00789	0.01127	0.01014	0.01578
2	0.01330	0.01016	0.01220	0.01169	0.01439	0.00906	0.00877	0.01724	0.02630	0.03541	0.41395	0.08197	0.26517	0.02208	0.01177	0.00322	0.00482	0.01908	0.01037	0.00906
3	0.01999	0.05157	0.59800	0.02841	0.04315	0.02315	0.03683	0.03157	0.02105	0.03157	0.01789	0.02105	0.01263	0.00947	0.00947	0.00316	0.01473	0.00737	0.00421	0.01473
4	0.01424	0.01068	0.01602	0.01602	0.01780	0.01246	0.01246	0.01780	0.01602	0.02314	0.02670	0.03916	0.02492	0.07477	0.61015	0.01602	0.02670	0.01068	0.00534	0.00890
5	0.02301	0.02738	0.12609	0.13605	0.38289	0.02351	0.07597	0.03012	0.02212	0.03134	0.01859	0.02458	0.01489	0.00909	0.00999	0.00308	0.01292	0.00889	0.00476	0.01475
6	0.02717	0.03008	0.03276	0.23224	0.22422	0.22806	0.02569	0.03215	0.02374	0.02740	0.01725	0.02295	0.01395	0.00972	0.00959	0.00294	0.01446	0.00801	0.00484	0.01278
7	0.02257	0.28565	0.38652	0.02401	0.03634	0.02947	0.02917	0.03090	0.02074	0.02843	0.01633	0.01909	0.01269	0.00911	0.00828	0.00276	0.01316	0.00658	0.00423	0.01398

[dist]
# distance from previous block
# <min> <max>
0	3

[block]
# block no. 4 follows, 15 sequences, length 46
# corresponding to MSA columns:
# 195-240
name=unknown_E
#
# <colnr> <probs for GDERKNQSTAVLIFYWHMCP>
#	G	D	E	R	K	N	Q	S	T	A	V	L	I	F	Y	W	H	M	C	P
0	0.62902	0.02100	0.01594	0.01404	0.02032	0.05980	0.01141	0.02970	0.01794	0.04259	0.01424	0.01661	0.01119	0.00919	0.00643	0.00294	0.00835	0.00550	0.00608	0.05769
1	0.72007	0.01928	0.01465	0.01311	0.01928	0.02236	0.01080	0.02930	0.01697	0.04473	0.01388	0.01619	0.01080	0.00925	0.00617	0.00308	0.00771	0.00540	0.00617	0.01080
2	0.04473	0.01697	0.02313	0.01774	0.02545	0.01465	0.01465	0.04858	0.02853	0.59437	0.03933	0.03393	0.02468	0.01234	0.01003	0.00308	0.00848	0.01003	0.01234	0.01697
3	0.01477	0.01060	0.01438	0.01540	0.01751	0.01020	0.01247	0.01906	0.02465	0.03349	0.27202	0.16198	0.07360	0.02503	0.01281	0.00392	0.00691	0.25211	0.00993	0.00914
4	0.01462	0.01175	0.01519	0.09882	0.02268	0.01171	0.01184	0.02012	0.05527	0.03355	0.30783	0.10946	0.20861	0.02056	0.01149	0.00330	0.00626	0.01786	0.00943	0.00964
5	0.02067	0.01772	0.02067	0.01477	0.02362	0.01329	0.01181	0.02510	0.02067	0.03248	0.01772	0.02067	0.01477	0.00738	0.00738	0.00148	0.00738	0.00591	0.00591	0.71059
6	0.01756	0.01734	0.03121	0.02780	0.08999	0.01607	0.20441	0.02255	0.02272	0.02981	0.08225	0.15198	0.20710	0.01817	0.01172	0.00342	0.01008	0.01744	0.00738	0.01102
7	0.01942	0.01854	0.03003	0.50583	0.06017	0.02383	0.02651	0.02517	0.01900	0.02517	0.01679	0.02562	0.01325	0.01146	0.01451	0.00353	0.13687	0.00883	0.00442	0.01104
8	0.01372	0.00989	0.01297	0.01281	0.01481	0.00914	0.00938	0.01783	0.02639	0.03707	0.47679	0.18816	0.08844	0.02255	0.01195	0.00332	0.00492	0.02009	0.01063	0.00914
9	0.02181	0.02181	0.03053	0.02617	0.02617	0.03053	0.02181	0.02399	0.01527	0.02399	0.01309	0.02181	0.01309	0.01745	0.03272	0.00436	0.63141	0.00872	0.00436	0.01091
10	0.02480	0.02141	0.02254	0.02029	0.02592	0.02480	0.01578	0.05297	0.56946	0.04170	0.04057	0.03719	0.03043	0.01352	0.01014	0.00338	0.00789	0.01127	0.01014	0.01578
11	0.01246	0.00984	0.01123	0.01149	0.01404	0.00861	0.00839	0.01540	0.02343	0.03004	0.21736	0.19974	0.35226	0.02517	0.01196	0.00344	0.00511	0.02171	0.00970	0.00861
12	0.01215	0.00868	0.01157	0.01388	0.01446	0.00810	0.00925	0.01388	0.01909	0.02545	0.05495	0.64315	0.06593	0.03123	0.01272	0.00405	0.00578	0.02834	0.00925	0.00810
13	0.01178	0.01010	0.01010	0.01010	0.01347	0.00842	0.00757	0.01431	0.02272	0.02693	0.10099	0.09594	0.58342	0.02525	0.01178	0.00337	0.00505	0.02104	0.00926	0.00842
14	0.03790	0.02792	0.02992	0.02294	0.03091	0.03091	0.01895	0.55423	0.04687	0.06283	0.02393	0.02393	0.01695	0.01197	0.00997	0.00299	0.01097	0.00898	0.00997	0.01695
15	0.02878	0.02052	0.02266	0.01978	0.02583	0.02277	0.01555	0.05210	0.46131	0.15220	0.04033	0.03654	0.02928	0.01329	0.01012	0.00332	0.00801	0.01102	0.01058	0.01602
16	0.02319	0.02588	0.05317	0.03885	0.04692	0.02627	0.44541	0.03035	0.02188	0.03035	0.01875	0.02588	0.01472	0.01021	0.01595	0.00356	0.13968	0.01116	0.00491	0.01294
17	0.02181	0.02181	0.03053	0.02617	0.02617	0.03053	0.02181	0.02399	0.01527	0.02399	0.01309	0.02181	0.01309	0.01745	0.03272	0.00436	0.63141	0.00872	0.00436	0.01091
18	0.03388	0.11491	0.02998	0.02256	0.06321	0.11250	0.01739	0.20959	0.03247	0.15193	0.03237	0.03181	0.07890	0.01255	0.00952	0.00286	0.01089	0.00960	0.00851	0.01456
19	0.02046	0.02837	0.20230	0.01906	0.02977	0.01639	0.01968	0.02714	0.02079	0.03220	0.01777	0.02079	0.01409	0.00804	0.00804	0.00201	0.00970	0.00637	0.00537	0.49168
20	0.28545	0.32852	0.03401	0.01604	0.02328	0.03100	0.01454	0.03291	0.09643	0.03397	0.01763	0.01906	0.01453	0.00950	0.00684	0.00266	0.00917	0.00619	0.00580	0.01247
21	0.01411	0.01019	0.01333	0.01254	0.01489	0.00941	0.00941	0.01881	0.02822	0.03998	0.58221	0.07447	0.09406	0.02038	0.01176	0.00314	0.00470	0.01803	0.01097	0.00941
22	0.03230	0.02227	0.02464	0.02049	0.02717	0.02441	0.01640	0.18669	0.32099	0.15787	0.03586	0.03298	0.02566	0.01287	0.01007	0.00322	0.00884	0.01041	0.01054	0.01633
23	0.03450	0.04339	0.03436	0.02895	0.03507	0.49279	0.12562	0.03823	0.02731	0.02590	0.01636	0.01976	0.01330	0.00990	0.00954	0.00273	0.01774	0.00749	0.00512	0.01193
24	0.02284	0.30990	0.36461	0.02356	0.03564	0.03012	0.02838	0.03084	0.02071	0.02810	0.01617	0.01889	0.01270	0.00907	0.00816	0.00272	0.01299	0.00650	0.00423	0.01390
25	0.02390	0.02387	0.04168	0.05085	0.38197	0.02532	0.11955	0.02951	0.02136	0.03074	0.01787	0.02449	0.01513	0.01051	0.01477	0.00331	0.13658	0.00935	0.00484	0.01441
26	0.01185	0.00981	0.01039	0.01086	0.01366	0.00835	0.00791	0.01422	0.02200	0.02663	0.09178	0.20534	0.47996	0.02644	0.01197	0.00350	0.00520	0.02250	0.00926	0.00835
27	0.02846	0.01989	0.02938	0.27641	0.09982	0.02255	0.02302	0.09837	0.02517	0.16912	0.02333	0.02729	0.01675	0.01155	0.01260	0.00331	0.08304	0.00914	0.00710	0.01370
28	0.02801	0.16161	0.28582	0.02597	0.07398	0.02570	0.02655	0.08803	0.02503	0.13588	0.02168	0.02294	0.01553	0.01002	0.00904	0.00291	0.01219	0.00772	0.00635	0.01506
29	0.02532	0.53488	0.16135	0.01933	0.02910	0.03619	0.02101	0.03019	0.02041	0.02508	0.01467	0.01700	0.01276	0.00872	0.00701	0.00234	0.01148	0.00574	0.00425	0.01318
30	0.01215	0.00868	0.01157	0.01388	0.01446	0.00810	0.00925	0.01388	0.01909	0.02545	0.05495	0.64315	0.06593	0.03123	0.01272	0.00405	0.00578	0.02834	0.00925	0.00810
31	0.01583	0.01131	0.01580	0.01809	0.02029	0.01127	0.01566	0.02025	0.02272	0.02957	0.05291	0.14400	0.05788	0.02776	0.01371	0.00456	0.00898	0.49112	0.00918	0.00912
32	0.02309	0.04200	0.34543	0.14679	0.04491	0.12492	0.03049	0.03327	0.06024	0.02981	0.01900	0.02274	0.01404	0.00999	0.00953	0.00310	0.01453	0.00777	0.00483	0.01352
33	0.02124	0.03117	0.20906	0.02688	0.03151	0.02821	0.02654	0.02638	0.01709	0.02638	0.01460	0.02157	0.01294	0.01494	0.02540	0.00398	0.43740	0.00830	0.00431	0.01211
34	0.01411	0.01019	0.01333	0.01254	0.01489	0.00941	0.00941	0.01881	0.02822	0.03998	0.58221	0.07447	0.09406	0.02038	0.01176	0.00314	0.00470	0.01803	0.01097	0.00941
35	0.01225	0.01012	0.01074	0.01059	0.01375	0.00861	0.00794	0.01521	0.02382	0.02954	0.19720	0.09165	0.48558	0.02427	0.01178	0.00332	0.00498	0.02044	0.00960	0.00861
36	0.02507	0.15004	0.04282	0.05237	0.47513	0.02684	0.02789	0.03045	0.02221	0.03075	0.01777	0.02294	0.01519	0.00881	0.00917	0.00280	0.01161	0.00817	0.00480	0.01519
37	0.02193	0.01960	0.02690	0.02937	0.20101	0.01656	0.01772	0.02683	0.02131	0.03251	0.01804	0.02193	0.01509	0.00785	0.00817	0.00194	0.00879	0.00684	0.00560	0.49201
38	0.01411	0.01019	0.01333	0.01254	0.01489	0.00941	0.00941	0.01881	0.02822	0.03998	0.58221	0.07447	0.09406	0.02038	0.01176	0.00314	0.00470	0.01803	0.01097	0.00941
39	0.01350	0.01017	0.01248	0.01190	0.01452	0.00915	0.00893	0.01764	0.02678	0.03657	0.45663	0.08007	0.22177	0.02165	0.01176	0.00320	0.00479	0.01881	0.01053	0.00915
40	0.02067	0.01772	0.02067	0.01477	0.02362	0.01329	0.01181	0.02510	0.02067	0.03248	0.01772	0.02067	0.01477	0.00738	0.00738	0.00148	0.00738	0.00591	0.00591	0.71059
41	0.03274	0.02821	0.18702	0.02954	0.14278	0.01938	0.02409	0.04048	0.05455	0.29505	0.02930	0.02866	0.01985	0.01091	0.00985	0.00310	0.01087	0.00912	0.00847	0.01604
42	0.02518	0.06759	0.03855	0.04839	0.39644	0.02667	0.02707	0.06658	0.02277	0.03238	0.01765	0.02344	0.01512	0.01079	0.01420	0.00319	0.13557	0.00861	0.00513	0.01469
43	0.01353	0.01000	0.01450	0.01529	0.01666	0.01097	0.01137	0.01647	0.01707	0.02393	0.03633	0.24504	0.03890	0.05993	0.40651	0.01194	0.01957	0.01670	0.00667	0.00863
44	0.01280	0.00917	0.01222	0.01391	0.01496	0.00858	0.00974	0.01532	0.02117	0.02865	0.16022	0.49393	0.07098	0.02882	0.01260	0.00390	0.00579	0.05921	0.00959	0.00843
45	0.02568	0.52893	0.04790	0.01888	0.02570	0.03766	0.01801	0.02868	0.01926	0.02356	0.01370	0.01715	0.01285	0.01031	0.01166	0.00258	0.13477	0.00601	0.00428	0.01242

[dist]
# distance from previous block
# <min> <max>
0	5

[block]
# block no. 5 follows, 15 sequences, length 131
# corresponding to MSA columns:
# 246-376
name=unknown_F
#
# <colnr> <probs for GDERKNQSTAVLIFYWHMCP>
#	G	D	E	R	K	N	Q	S	T	A	V	L	I	F	Y	W	H	M	C	P
0	0.11122	0.41617	0.04034	0.01678	0.02482	0.03103	0.01571	0.03466	0.02203	0.17446	0.02049	0.02068	0.01566	0.00960	0.00731	0.00249	0.00975	0.00656	0.00658	0.01365
1	0.02568	0.11082	0.10393	0.08224	0.34693	0.10277	0.02790	0.03151	0.02275	0.02976	0.01752	0.02238	0.01450	0.00916	0.00927	0.00285	0.01292	0.00793	0.00476	0.01443
2	0.02480	0.02141	0.02254	0.02029	0.02592	0.02480	0.01578	0.05297	0.56946	0.04170	0.04057	0.03719	0.03043	0.01352	0.01014	0.00338	0.00789	0.01127	0.01014	0.01578
3	0.01259	0.01098	0.01238	0.08100	0.01982	0.01000	0.00989	0.01559	0.02240	0.02676	0.09140	0.08795	0.51775	0.02349	0.01157	0.00336	0.00600	0.01964	0.00870	0.00872
4	0.01446	0.00980	0.01154	0.01154	0.01177	0.01003	0.00687	0.01493	0.01470	0.01983	0.03080	0.06185	0.03477	0.57493	0.12345	0.01049	0.01188	0.01400	0.00595	0.00641
5	0.02070	0.02030	0.02835	0.02476	0.02482	0.02795	0.02036	0.02283	0.01571	0.02416	0.01791	0.09338	0.01917	0.01904	0.03041	0.00433	0.55935	0.01098	0.00493	0.01058
6	0.01215	0.00868	0.01157	0.01388	0.01446	0.00810	0.00925	0.01388	0.01909	0.02545	0.05495	0.64315	0.06593	0.03123	0.01272	0.00405	0.00578	0.02834	0.00925	0.00810
7	0.03724	0.04751	0.02825	0.02568	0.03082	0.60963	0.01926	0.03981	0.02825	0.02440	0.01541	0.01798	0.01284	0.01027	0.00899	0.00257	0.01798	0.00642	0.00514	0.01156
8	0.02067	0.01772	0.02067	0.01477	0.02362	0.01329	0.01181	0.02510	0.02067	0.03248	0.01772	0.02067	0.01477	0.00738	0.00738	0.00148	0.00738	0.00591	0.00591	0.71059
9	0.03790	0.02792	0.02992	0.02294	0.03091	0.03091	0.01895	0.55423	0.04687	0.06283	0.02393	0.02393	0.01695	0.01197	0.00997	0.00299	0.01097	0.00898	0.00997	0.01695
10	0.72007	0.01928	0.01465	0.01311	0.01928	0.02236	0.01080	0.02930	0.01697	0.04473	0.01388	0.01619	0.01080	0.00925	0.00617	0.00308	0.00771	0.00540	0.00617	0.01080
11	0.02102	0.01889	0.02990	0.55627	0.06431	0.02316	0.02668	0.08637	0.02304	0.02977	0.01843	0.02627	0.01371	0.01020	0.00997	0.00328	0.01302	0.00887	0.00507	0.01175
12	0.01450	0.00966	0.01087	0.01087	0.01087	0.00966	0.00604	0.01450	0.01450	0.01933	0.03141	0.06524	0.03624	0.64965	0.05074	0.00966	0.00966	0.01450	0.00604	0.00604
13	0.01675	0.01296	0.01560	0.01445	0.01762	0.01321	0.01098	0.02725	0.16189	0.04040	0.44844	0.06526	0.07835	0.01869	0.01136	0.00320	0.00549	0.01636	0.01077	0.01098
14	0.01205	0.01011	0.01047	0.01038	0.01363	0.00853	0.00779	0.01483	0.02336	0.02843	0.15642	0.09347	0.52706	0.02469	0.01178	0.00334	0.00501	0.02069	0.00946	0.00853
15	0.72007	0.01928	0.01465	0.01311	0.01928	0.02236	0.01080	0.02930	0.01697	0.04473	0.01388	0.01619	0.01080	0.00925	0.00617	0.00308	0.00771	0.00540	0.00617	0.01080
16	0.72007	0.01928	0.01465	0.01311	0.01928	0.02236	0.01080	0.02930	0.01697	0.04473	0.01388	0.01619	0.01080	0.00925	0.00617	0.00308	0.00771	0.00540	0.00617	0.01080
17	0.02067	0.01772	0.02067	0.01477	0.02362	0.01329	0.01181	0.02510	0.02067	0.03248	0.01772	0.02067	0.01477	0.00738	0.00738	0.00148	0.00738	0.00591	0.00591	0.71059
18	0.02576	0.19222	0.03554	0.02274	0.02593	0.03111	0.01970	0.02840	0.01814	0.08954	0.01632	0.02164	0.01434	0.01445	0.02300	0.00361	0.39222	0.00796	0.00525	0.01211
19	0.64228	0.01901	0.01563	0.01364	0.01999	0.02148	0.01124	0.03152	0.01830	0.10804	0.01681	0.01824	0.01240	0.00961	0.00661	0.00308	0.00780	0.00593	0.00688	0.01151
20	0.02665	0.65565	0.05224	0.01706	0.02559	0.03945	0.01706	0.02985	0.02026	0.02345	0.01386	0.01599	0.01279	0.00853	0.00640	0.00213	0.01066	0.00533	0.00426	0.01279
21	0.04473	0.01697	0.02313	0.01774	0.02545	0.01465	0.01465	0.04858	0.02853	0.59437	0.03933	0.03393	0.02468	0.01234	0.01003	0.00308	0.00848	0.01003	0.01234	0.01697
22	0.72007	0.01928	0.01465	0.01311	0.01928	0.02236	0.01080	0.02930	0.01697	0.04473	0.01388	0.01619	0.01080	0.00925	0.00617	0.00308	0.00771	0.00540	0.00617	0.01080
23	0.01215	0.00868	0.01157	0.01388	0.01446	0.00810	0.00925	0.01388	0.01909	0.02545	0.05495	0.64315	0.06593	0.03123	0.01272	0.00405	0.00578	0.02834	0.00925	0.00810
24	0.02480	0.02141	0.02254	0.02029	0.02592	0.02480	0.01578	0.05297	0.56946	0.04170	0.04057	0.03719	0.03043	0.01352	0.01014	0.00338	0.00789	0.01127	0.01014	0.01578
25	0.72007	0.01928	0.01465	0.01311	0.01928	0.02236	0.01080	0.02930	0.01697	0.04473	0.01388	0.01619	0.01080	0.00925	0.00617	0.00308	0.00771	0.00540	0.00617	0.01080
26	0.01883	0.01772	0.02990	0.62569	0.06866	0.02215	0.02769	0.02547	0.01993	0.02547	0.01772	0.02658	0.01329	0.00997	0.00997	0.00332	0.01329	0.00886	0.00443	0.01107
27	0.02467	0.02369	0.04046	0.06119	0.58747	0.02369	0.03059	0.03059	0.02270	0.03257	0.01875	0.02467	0.01579	0.00888	0.00987	0.00296	0.01184	0.00888	0.00493	0.01579
28	0.01178	0.01010	0.01010	0.01010	0.01347	0.00842	0.00757	0.01431	0.02272	0.02693	0.10099	0.09594	0.58342	0.02525	0.01178	0.00337	0.00505	0.02104	0.00926	0.00842
29	0.01178	0.01010	0.01010	0.01010	0.01347	0.00842	0.00757	0.01431	0.02272	0.02693	0.10099	0.09594	0.58342	0.02525	0.01178	0.00337	0.00505	0.02104	0.00926	0.00842
30	0.01205	0.01011	0.01047	0.01038	0.01363	0.00853	0.00779	0.01483	0.02336	0.02843	0.15642	0.09347	0.52706	0.02469	0.01178	0.00334	0.00501	0.02069	0.00946	0.00853
31	0.02665	0.65565	0.05224	0.01706	0.02559	0.03945	0.01706	0.02985	0.02026	0.02345	0.01386	0.01599	0.01279	0.00853	0.00640	0.00213	0.01066	0.00533	0.00426	0.01279
32	0.02480	0.02141	0.02254	0.02029	0.02592	0.02480	0.01578	0.05297	0.56946	0.04170	0.04057	0.03719	0.03043	0.01352	0.01014	0.00338	0.00789	0.01127	0.01014	0.01578
33	0.01424	0.01068	0.01602	0.01602	0.01780	0.01246	0.01246	0.01780	0.01602	0.02314	0.02670	0.03916	0.02492	0.07477	0.61015	0.01602	0.02670	0.01068	0.00534	0.00890
34	0.72007	0.01928	0.01465	0.01311	0.01928	0.02236	0.01080	0.02930	0.01697	0.04473	0.01388	0.01619	0.01080	0.00925	0.00617	0.00308	0.00771	0.00540	0.00617	0.01080
35	0.72007	0.01928	0.01465	0.01311	0.01928	0.02236	0.01080	0.02930	0.01697	0.04473	0.01388	0.01619	0.01080	0.00925	0.00617	0.00308	0.00771	0.00540	0.00617	0.01080
36	0.01732	0.00866	0.01299	0.01299	0.01299	0.00866	0.00866	0.01299	0.01299	0.01732	0.01732	0.03030	0.01732	0.03463	0.03896	0.70996	0.00866	0.00866	0.00433	0.00433
37	0.72007	0.01928	0.01465	0.01311	0.01928	0.02236	0.01080	0.02930	0.01697	0.04473	0.01388	0.01619	0.01080	0.00925	0.00617	0.00308	0.00771	0.00540	0.00617	0.01080
38	0.04473	0.01697	0.02313	0.01774	0.02545	0.01465	0.01465	0.04858	0.02853	0.59437	0.03933	0.03393	0.02468	0.01234	0.01003	0.00308	0.00848	0.01003	0.01234	0.01697
39	0.02181	0.02181	0.03053	0.02617	0.02617	0.03053	0.02181	0.02399	0.01527	0.02399	0.01309	0.02181	0.01309	0.01745	0.03272	0.00436	0.63141	0.00872	0.00436	0.01091
40	0.72007	0.01928	0.01465	0.01311	0.01928	0.02236	0.01080	0.02930	0.01697	0.04473	0.01388	0.01619	0.01080	0.00925	0.00617	0.00308	0.00771	0.00540	0.00617	0.01080
41	0.72007	0.01928	0.01465	0.01311	0.01928	0.02236	0.01080	0.02930	0.01697	0.04473	0.01388	0.01619	0.01080	0.00925	0.00617	0.00308	0.00771	0.00540	0.00617	0.01080
42	0.72007	0.01928	0.01465	0.01311	0.01928	0.02236	0.01080	0.02930	0.01697	0.04473	0.01388	0.01619	0.01080	0.00925	0.00617	0.00308	0.00771	0.00540	0.00617	0.01080
43	0.04473	0.01697	0.02313	0.01774	0.02545	0.01465	0.01465	0.04858	0.02853	0.59437	0.03933	0.03393	0.02468	0.01234	0.01003	0.00308	0.00848	0.01003	0.01234	0.01697
44	0.01450	0.00966	0.01087	0.01087	0.01087	0.00966	0.00604	0.01450	0.01450	0.01933	0.03141	0.06524	0.03624	0.64965	0.05074	0.00966	0.00966	0.01450	0.00604	0.00604
45	0.03790	0.02792	0.02992	0.02294	0.03091	0.03091	0.01895	0.55423	0.04687	0.06283	0.02393	0.02393	0.01695	0.01197	0.00997	0.00299	0.01097	0.00898	0.00997	0.01695
