[name]
unknown

[dist]
# distance from previous block
# <min> <max>
0	81

[block]
# block no. 0 follows, 10 sequences, length 101
# corresponding to MSA columns:
# 94-190,206-209
name=unknown_A
#
# <colnr> <probs for GDERKNQSTAVLIFYWHMCP>
#	G	D	E	R	K	N	Q	S	T	A	V	L	I	F	Y	W	H	M	C	P
0	0.04345	0.05543	0.03296	0.02996	0.03596	0.54457	0.02247	0.04644	0.03296	0.02846	0.01798	0.02097	0.01498	0.01199	0.01049	0.00300	0.02097	0.00749	0.00599	0.01348
1	0.02196	0.02067	0.03488	0.56331	0.08010	0.02584	0.03230	0.02972	0.02326	0.02972	0.02067	0.03101	0.01550	0.01163	0.01163	0.00388	0.01550	0.01034	0.00517	0.01292
2	0.01621	0.01170	0.01533	0.01480	0.01732	0.01081	0.01095	0.02133	0.03178	0.04482	0.46434	0.14031	0.10621	0.02514	0.01384	0.00377	0.00562	0.02233	0.01259	0.01081
3	0.11770	0.02024	0.02539	0.01950	0.02852	0.01785	0.01603	0.04956	0.03023	0.39152	0.03832	0.03467	0.02503	0.01302	0.01067	0.00329	0.00958	0.01028	0.01233	0.12625
4	0.02779	0.02735	0.15937	0.02075	0.02951	0.01683	0.02098	0.03459	0.02919	0.17602	0.15125	0.06239	0.15748	0.01899	0.01242	0.00371	0.01004	0.01582	0.01061	0.01490
5	0.04006	0.02058	0.02512	0.02055	0.02790	0.01992	0.01648	0.11916	0.08490	0.29201	0.05306	0.10275	0.08784	0.01846	0.01226	0.00377	0.00953	0.01532	0.01288	0.01744
6	0.03530	0.02752	0.02980	0.02975	0.09239	0.08177	0.02075	0.05579	0.29183	0.14438	0.04066	0.03835	0.02975	0.01440	0.01162	0.00371	0.01120	0.01189	0.01097	0.01817
7	0.01625	0.01166	0.01590	0.01641	0.01760	0.01260	0.01157	0.01874	0.01883	0.02616	0.03901	0.15606	0.04206	0.22981	0.29873	0.01383	0.02056	0.01768	0.00734	0.00920
8	0.01417	0.01012	0.01350	0.01619	0.01687	0.00945	0.01080	0.01619	0.02227	0.02969	0.06410	0.58367	0.07692	0.03644	0.01484	0.00472	0.00675	0.03306	0.01080	0.00945
9	0.01399	0.01081	0.01278	0.01436	0.01639	0.00960	0.00998	0.01640	0.02403	0.03041	0.08639	0.38797	0.25824	0.03354	0.01439	0.00439	0.00639	0.02953	0.01080	0.00960
10	0.03054	0.28788	0.19268	0.02863	0.04084	0.03471	0.10240	0.03815	0.02557	0.08543	0.02194	0.02471	0.01682	0.01072	0.00999	0.00319	0.01472	0.00874	0.00612	0.01622
11	0.02573	0.02389	0.03850	0.19579	0.14854	0.02715	0.07593	0.07348	0.02639	0.03619	0.02651	0.09911	0.02447	0.01598	0.01667	0.00407	0.10679	0.01356	0.00669	0.01455
12	0.67341	0.02249	0.01709	0.01529	0.02249	0.02609	0.01260	0.03419	0.01979	0.05218	0.01619	0.01889	0.01260	0.01080	0.00720	0.00360	0.00900	0.00630	0.00720	0.01260
13	0.03963	0.01952	0.02428	0.01947	0.02650	0.01866	0.01576	0.12556	0.03631	0.28535	0.14462	0.04822	0.04506	0.01630	0.01176	0.00350	0.00900	0.01344	0.08017	0.01691
14	0.03835	0.16296	0.08657	0.02496	0.03316	0.08914	0.02271	0.08230	0.02954	0.18343	0.02672	0.02779	0.01960	0.01373	0.01494	0.00352	0.10621	0.00929	0.00855	0.01653
15	0.01597	0.01169	0.01498	0.01454	0.01717	0.01070	0.01076	0.02085	0.03119	0.04343	0.42841	0.14259	0.14300	0.02566	0.01384	0.00380	0.00566	0.02265	0.01240	0.01070
16	0.04225	0.10813	0.03568	0.02899	0.03536	0.49617	0.02222	0.04531	0.03205	0.02836	0.01780	0.02075	0.01498	0.01179	0.01019	0.00295	0.02015	0.00737	0.00589	0.01362
17	0.04492	0.01904	0.02665	0.08136	0.03406	0.01742	0.01815	0.04990	0.03212	0.41895	0.09323	0.04370	0.03600	0.01509	0.01191	0.00364	0.01006	0.01255	0.01318	0.01807
18	0.23800	0.02275	0.02360	0.02020	0.02765	0.02472	0.01621	0.05169	0.21748	0.18361	0.03714	0.03463	0.02642	0.01383	0.01034	0.00374	0.00933	0.01059	0.01109	0.01697
19	0.03109	0.59826	0.06095	0.01990	0.02985	0.04602	0.01990	0.03483	0.02363	0.02736	0.01617	0.01866	0.01493	0.00995	0.00746	0.00249	0.01244	0.00622	0.00498	0.01493
20	0.30287	0.10513	0.03029	0.02264	0.02864	0.17942	0.01851	0.03676	0.02374	0.03818	0.01655	0.02056	0.01402	0.01263	0.01335	0.00353	0.10653	0.00728	0.00622	0.01317
21	0.02756	0.14550	0.19334	0.02596	0.03656	0.03158	0.02650	0.04872	0.25689	0.04083	0.03298	0.03269	0.02498	0.01316	0.01075	0.00358	0.01236	0.01038	0.00833	0.01736
22	0.46741	0.02373	0.02403	0.09114	0.08052	0.02716	0.01829	0.07593	0.02420	0.04993	0.01844	0.02226	0.01422	0.01116	0.00861	0.00361	0.01066	0.00761	0.00722	0.01390
23	0.02745	0.03137	0.06863	0.04902	0.06078	0.02941	0.47647	0.03725	0.02745	0.03725	0.02353	0.03137	0.01765	0.00980	0.01373	0.00392	0.01961	0.01373	0.00588	0.01569
24	0.03052	0.02577	0.02719	0.02399	0.03085	0.02967	0.01879	0.10524	0.45167	0.05121	0.04532	0.04179	0.03387	0.01559	0.01181	0.00390	0.00958	0.01287	0.01181	0.01855
25	0.04938	0.01988	0.02670	0.02035	0.02948	0.01694	0.01676	0.05395	0.03237	0.47802	0.04337	0.03804	0.02764	0.01382	0.01139	0.00341	0.00977	0.01122	0.01365	0.08386
26	0.01505	0.01075	0.01450	0.01720	0.01825	0.01020	0.01232	0.01771	0.02313	0.03067	0.06362	0.49695	0.07501	0.03561	0.01508	0.00484	0.00751	0.11114	0.01078	0.00969
27	0.02545	0.02545	0.03562	0.03053	0.03053	0.03562	0.02545	0.02799	0.01781	0.02799	0.01527	0.02545	0.01527	0.02036	0.03817	0.00509	0.56997	0.01018	0.00509	0.01272
28	0.02020	0.01010	0.01515	0.01515	0.01515	0.01010	0.01010	0.01515	0.01515	0.02020	0.02020	0.03535	0.02020	0.04040	0.04545	0.66162	0.01010	0.01010	0.00505	0.00505
29	0.04714	0.02092	0.02684	0.02134	0.02981	0.01966	0.01738	0.05779	0.13402	0.42306	0.04620	0.04041	0.03025	0.01470	0.01173	0.00367	0.00975	0.01201	0.01384	0.01949
30	0.03985	0.01745	0.02148	0.01744	0.02406	0.01630	0.01409	0.08108	0.03169	0.30366	0.04133	0.04005	0.02842	0.01404	0.01033	0.00325	0.00843	0.01127	0.25943	0.01637
31	0.01646	0.01189	0.01555	0.01463	0.01738	0.01097	0.01097	0.02195	0.03292	0.04664	0.51257	0.08688	0.10974	0.02378	0.01372	0.00366	0.00549	0.02103	0.01280	0.01097
32	0.02196	0.02067	0.03488	0.56331	0.08010	0.02584	0.03230	0.02972	0.02326	0.02972	0.02067	0.03101	0.01550	0.01163	0.01163	0.00388	0.01550	0.01034	0.00517	0.01292
33	0.67341	0.02249	0.01709	0.01529	0.02249	0.02609	0.01260	0.03419	0.01979	0.05218	0.01619	0.01889	0.01260	0.01080	0.00720	0.00360	0.00900	0.00630	0.00720	0.01260
34	0.04599	0.02972	0.03314	0.02541	0.03464	0.03183	0.02099	0.38542	0.04991	0.17456	0.03193	0.03053	0.02179	0.01406	0.01165	0.00351	0.01215	0.01074	0.01225	0.01978
35	0.01570	0.01167	0.01483	0.01697	0.01826	0.01147	0.01159	0.02093	0.07166	0.03166	0.06236	0.52754	0.07262	0.03429	0.01453	0.00464	0.00700	0.03099	0.01090	0.01038
36	0.02299	0.01948	0.02292	0.01711	0.02635	0.01482	0.01344	0.02781	0.02391	0.03697	0.02558	0.08735	0.02397	0.01176	0.00932	0.00206	0.00840	0.00985	0.00733	0.58858
37	0.02689	0.01454	0.01769	0.01571	0.02016	0.01396	0.01219	0.03473	0.07450	0.15003	0.23075	0.05998	0.06216	0.01804	0.01149	0.00340	0.00678	0.01533	0.19812	0.01355
38	0.03768	0.01659	0.02141	0.01778	0.02452	0.01430	0.01417	0.04150	0.03028	0.33915	0.06752	0.11597	0.16698	0.02082	0.01259	0.00381	0.00847	0.01744	0.01303	0.01598
39	0.02333	0.06016	0.53100	0.03315	0.05034	0.02701	0.04297	0.03683	0.02455	0.03683	0.02087	0.02455	0.01473	0.01105	0.01105	0.00368	0.01719	0.00859	0.00491	0.01719
40	0.02672	0.01647	0.01967	0.01877	0.02302	0.01682	0.01403	0.03863	0.16443	0.13467	0.05310	0.26632	0.05079	0.02385	0.01270	0.00408	0.00797	0.02089	0.07282	0.01426
41	0.01417	0.01012	0.01350	0.01619	0.01687	0.00945	0.01080	0.01619	0.02227	0.02969	0.06410	0.58367	0.07692	0.03644	0.01484	0.00472	0.00675	0.03306	0.01080	0.00945
42	0.01417	0.01012	0.01350	0.01619	0.01687	0.00945	0.01080	0.01619	0.02227	0.02969	0.06410	0.58367	0.07692	0.03644	0.01484	0.00472	0.00675	0.03306	0.01080	0.00945
43	0.09628	0.02223	0.03713	0.43647	0.07115	0.02632	0.08613	0.03117	0.02339	0.03321	0.02053	0.02968	0.01545	0.01130	0.01139	0.00385	0.01529	0.01031	0.00549	0.01323
44	0.03350	0.03098	0.03499	0.15167	0.08766	0.13648	0.02606	0.08450	0.02853	0.08608	0.02218	0.02780	0.01744	0.01445	0.01847	0.00391	0.16346	0.00986	0.00703	0.01494
45	0.41913	0.03218	0.02525	0.02640	0.08882	0.16861	0.01822	0.03774	0.02425	0.04388	0.01740	0.02071	0.01399	0.01107	0.00865	0.00342	0.01289	0.00714	0.00668	0.01357
46	0.05218	0.01979	0.02699	0.02069	0.02969	0.01709	0.01709	0.05668	0.03329	0.52677	0.04588	0.03959	0.02879	0.01439	0.01170	0.00360	0.00990	0.01170	0.01439	0.01979
47	0.02952	0.31235	0.09421	0.13416	0.10377	0.08645	0.02665	0.03525	0.02491	0.03013	0.01837	0.02310	0.01547	0.01063	0.00940	0.00304	0.01447	0.00788	0.00520	0.01504
48	0.01544	0.01037	0.01433	0.01629	0.01700	0.01010	0.01108	0.01651	0.02069	0.02782	0.05323	0.43427	0.06231	0.04256	0.07700	0.11589	0.00993	0.02701	0.00935	0.00881
49	0.03173	0.15078	0.17504	0.08826	0.04237	0.12798	0.02853	0.03839	0.02587	0.08240	0.02128	0.02514	0.01643	0.01260	0.01380	0.00351	0.08580	0.00864	0.00616	0.01528
50	0.03655	0.02273	0.02730	0.02238	0.02931	0.08256	0.06120	0.04079	0.03005	0.25876	0.05673	0.11253	0.12945	0.01917	0.01252	0.00375	0.01110	0.01638	0.01135	0.01540
51	0.03135	0.02152	0.03617	0.23758	0.10435	0.02242	0.08232	0.03779	0.02693	0.17461	0.03253	0.08555	0.02572	0.01440	0.01220	0.00384	0.01340	0.01331	0.00851	0.01551
52	0.03109	0.59826	0.06095	0.01990	0.02985	0.04602	0.01990	0.03483	0.02363	0.02736	0.01617	0.01866	0.01493	0.00995	0.00746	0.00249	0.01244	0.00622	0.00498	0.01493
53	0.10936	0.03293	0.02751	0.02323	0.02990	0.16884	0.01833	0.20761	0.03901	0.05226	0.08604	0.03398	0.03000	0.01426	0.01073	0.00331	0.01295	0.01055	0.07396	0.01524
54	0.02196	0.02067	0.03488	0.56331	0.08010	0.02584	0.03230	0.02972	0.02326	0.02972	0.02067	0.03101	0.01550	0.01163	0.01163	0.00388	0.01550	0.01034	0.00517	0.01292
55	0.67341	0.02249	0.01709	0.01529	0.02249	0.02609	0.01260	0.03419	0.01979	0.05218	0.01619	0.01889	0.01260	0.01080	0.00720	0.00360	0.00900	0.00630	0.00720	0.01260
56	0.01661	0.01246	0.01869	0.01869	0.02077	0.01454	0.01454	0.02077	0.01869	0.02700	0.03115	0.04569	0.02908	0.08723	0.54517	0.01869	0.03115	0.01246	0.00623	0.01038
57	0.02680	0.07968	0.02773	0.02159	0.02778	0.02726	0.01716	0.05162	0.36301	0.04615	0.13174	0.04911	0.04741	0.01670	0.01175	0.00375	0.00883	0.01394	0.01133	0.01666
58	0.03155	0.01798	0.02248	0.01749	0.02540	0.01473	0.01399	0.03636	0.02915	0.20854	0.13005	0.04855	0.07967	0.01519	0.01107	0.00292	0.00824	0.01268	0.01093	0.26301
59	0.02825	0.01486	0.01773	0.01614	0.02093	0.01391	0.01238	0.03484	0.07180	0.18053	0.06264	0.15810	0.13927	0.02161	0.01195	0.00372	0.00744	0.01833	0.15186	0.01371
60	0.02545	0.02545	0.03562	0.03053	0.03053	0.03562	0.02545	0.02799	0.01781	0.02799	0.01527	0.02545	0.01527	0.02036	0.03817	0.00509	0.56997	0.01018	0.00509	0.01272
61	0.01646	0.01189	0.01555	0.01463	0.01738	0.01097	0.01097	0.02195	0.03292	0.04664	0.51257	0.08688	0.10974	0.02378	0.01372	0.00366	0.00549	0.02103	0.01280	0.01097
62	0.05218	0.01979	0.02699	0.02069	0.02969	0.01709	0.01709	0.05668	0.03329	0.52677	0.04588	0.03959	0.02879	0.01439	0.01170	0.00360	0.00990	0.01170	0.01439	0.01979
63	0.05218	0.01979	0.02699	0.02069	0.02969	0.01709	0.01709	0.05668	0.03329	0.52677	0.04588	0.03959	0.02879	0.01439	0.01170	0.00360	0.00990	0.01170	0.01439	0.01979
64	0.02745	0.03137	0.06863	0.04902	0.06078	0.02941	0.47647	0.03725	0.02745	0.03725	0.02353	0.03137	0.01765	0.00980	0.01373	0.00392	0.01961	0.01373	0.00588	0.01569
65	0.01661	0.01246	0.01869	0.01869	0.02077	0.01454	0.01454	0.02077	0.01869	0.02700	0.03115	0.04569	0.02908	0.08723	0.54517	0.01869	0.03115	0.01246	0.00623	0.01038
66	0.67341	0.02249	0.01709	0.01529	0.02249	0.02609	0.01260	0.03419	0.01979	0.05218	0.01619	0.01889	0.01260	0.01080	0.00720	0.00360	0.00900	0.00630	0.00720	0.01260
67	0.02643	0.02836	0.05184	0.03962	0.04540	0.03257	0.24708	0.03254	0.02255	0.03254	0.01933	0.02836	0.01644	0.01517	0.02616	0.00452	0.29952	0.01192	0.00548	0.01418
68	0.03186	0.02433	0.02639	0.02329	0.03017	0.02743	0.01824	0.06116	0.43908	0.10900	0.04715	0.04291	0.03466	0.01560	0.01182	0.00390	0.00929	0.01297	0.01216	0.01858
69	0.28786	0.02381	0.02506	0.02005	0.02843	0.02497	0.01655	0.14702	0.03313	0.23929	0.03033	0.02895	0.02049	0.01292	0.00996	0.00357	0.01023	0.00935	0.01100	0.01704
70	0.01897	0.01394	0.01797	0.01880	0.02160	0.01410	0.01525	0.02661	0.07628	0.03811	0.18108	0.10368	0.07263	0.09132	0.01985	0.00541	0.00918	0.23305	0.01099	0.01117
71	0.01396	0.01094	0.01265	0.01401	0.01629	0.00963	0.00983	0.01644	0.02437	0.03055	0.09071	0.34998	0.29344	0.03298	0.01430	0.00433	0.00632	0.02884	0.01080	0.00963
72	0.01661	0.01246	0.01869	0.01869	0.02077	0.01454	0.01454	0.02077	0.01869	0.02700	0.03115	0.04569	0.02908	0.08723	0.54517	0.01869	0.03115	0.01246	0.00623	0.01038
73	0.02469	0.02408	0.03372	0.02950	0.02981	0.03311	0.02469	0.02755	0.01882	0.02876	0.02050	0.03740	0.02111	0.02169	0.03567	0.00512	0.50677	0.05880	0.00572	0.01250
74	0.01582	0.01091	0.01331	0.01423	0.01480	0.01055	0.00891	0.01721	0.02075	0.02797	0.10082	0.26939	0.06301	0.31718	0.03727	0.00794	0.00891	0.02349	0.00912	0.00840
75	0.03844	0.02157	0.03302	0.03951	0.21506	0.02016	0.02341	0.04355	0.02929	0.27713	0.03900	0.10413	0.03090	0.01564	0.01202	0.00369	0.01100	0.01388	0.01064	0.01796
76	0.01688	0.01247	0.01622	0.01840	0.02021	0.01242	0.01380	0.02278	0.06853	0.03296	0.06179	0.40235	0.07013	0.03324	0.01491	0.00483	0.00812	0.14842	0.01087	0.01066
77	0.02341	0.02214	0.03749	0.45929	0.17285	0.02622	0.03302	0.03098	0.02394	0.03147	0.02093	0.03054	0.01612	0.01136	0.01160	0.00379	0.01515	0.01034	0.00529	0.01408
78	0.02020	0.01010	0.01515	0.01515	0.01515	0.01010	0.01010	0.01515	0.01515	0.02020	0.02020	0.03535	0.02020	0.04040	0.04545	0.66162	0.01010	0.01010	0.00505	0.00505
79	0.17358	0.09260	0.03288	0.02544	0.03194	0.24538	0.02042	0.11303	0.03121	0.04081	0.01878	0.02198	0.01530	0.01282	0.01283	0.00339	0.07831	0.00792	0.00699	0.01440
80	0.03658	0.01623	0.02156	0.01807	0.02428	0.01421	0.01430	0.04082	0.03121	0.32069	0.15023	0.12452	0.09559	0.02047	0.01269	0.00378	0.00823	0.01747	0.01329	0.01577
81	0.03032	0.54461	0.10781	0.02122	0.03189	0.04412	0.02220	0.03503	0.02372	0.02831	0.01664	0.01924	0.01491	0.01006	0.00782	0.00261	0.01291	0.00646	0.00497	0.01515
82	0.01773	0.01340	0.01663	0.01602	0.01927	0.01298	0.01237	0.02580	0.07991	0.04406	0.37637	0.08962	0.13773	0.02441	0.01378	0.00390	0.00648	0.06567	0.01228	0.01160
83	0.03265	0.52975	0.05741	0.02117	0.03062	0.10894	0.02023	0.03629	0.02481	0.02750	0.01640	0.01895	0.01493	0.01021	0.00784	0.00255	0.01352	0.00638	0.00510	0.01474
84	0.03660	0.02220	0.02961	0.02315	0.03056	0.02208	0.06570	0.16930	0.03779	0.18889	0.12495	0.04463	0.04029	0.01543	0.01183	0.00350	0.01040	0.01320	0.09332	0.01656
85	0.02610	0.01986	0.02416	0.02051	0.02702	0.01929	0.01644	0.03585	0.11358	0.08392	0.03721	0.10099	0.03404	0.01754	0.01405	0.00342	0.06489	0.06629	0.00924	0.26561
86	0.03109	0.59826	0.06095	0.01990	0.02985	0.04602	0.01990	0.03483	0.02363	0.02736	0.01617	0.01866	0.01493	0.00995	0.00746	0.00249	0.01244	0.00622	0.00498	0.01493
87	0.09118	0.03299	0.09139	0.02537	0.03149	0.11336	0.02221	0.12296	0.03103	0.04297	0.08003	0.08561	0.03248	0.01753	0.01677	0.00390	0.12358	0.01267	0.00818	0.01432
88	0.03109	0.59826	0.06095	0.01990	0.02985	0.04602	0.01990	0.03483	0.02363	0.02736	0.01617	0.01866	0.01493	0.00995	0.00746	0.00249	0.01244	0.00622	0.00498	0.01493
89	0.59119	0.02226	0.01934	0.08446	0.02976	0.02606	0.01508	0.03362	0.02023	0.04935	0.01676	0.02042	0.01296	0.01090	0.00776	0.00363	0.00982	0.00681	0.00694	0.01264
90	0.02196	0.02067	0.03488	0.56331	0.08010	0.02584	0.03230	0.02972	0.02326	0.02972	0.02067	0.03101	0.01550	0.01163	0.01163	0.00388	0.01550	0.01034	0.00517	0.01292
91	0.03113	0.02474	0.02610	0.02268	0.02932	0.02810	0.01786	0.14256	0.34776	0.05300	0.04220	0.04024	0.03158	0.01513	0.01133	0.00370	0.00946	0.01231	0.09307	0.01773
92	0.02940	0.02051	0.02466	0.01788	0.02796	0.01580	0.01440	0.03444	0.02584	0.12985	0.02541	0.02703	0.01940	0.00970	0.00919	0.00208	0.00885	0.00779	0.00830	0.54150
93	0.01417	0.01012	0.01350	0.01619	0.01687	0.00945	0.01080	0.01619	0.02227	0.02969	0.06410	0.58367	0.07692	0.03644	0.01484	0.00472	0.00675	0.03306	0.01080	0.00945
94	0.02545	0.02545	0.03562	0.03053	0.03053	0.03562	0.02545	0.02799	0.01781	0.02799	0.01527	0.02545	0.01527	0.02036	0.03817	0.00509	0.56997	0.01018	0.00509	0.01272
95	0.02020	0.01010	0.01515	0.01515	0.01515	0.01010	0.01010	0.01515	0.01515	0.02020	0.02020	0.03535	0.02020	0.04040	0.04545	0.66162	0.01010	0.01010	0.00505	0.00505
96	0.13059	0.02013	0.02574	0.02001	0.02878	0.01823	0.01653	0.05384	0.03159	0.46687	0.04214	0.03697	0.02675	0.01394	0.01113	0.00360	0.00978	0.01101	0.01349	0.01888
97	0.05051	0.02248	0.02865	0.02197	0.03103	0.02108	0.01815	0.14560	0.03778	0.43150	0.04211	0.03714	0.02690	0.01430	0.01168	0.00358	0.01051	0.01144	0.01382	0.01979
98	0.01661	0.01246	0.01869	0.01869	0.02077	0.01454	0.01454	0.02077	0.01869	0.02700	0.03115	0.04569	0.02908	0.08723	0.54517	0.01869	0.03115	0.01246	0.00623	0.01038
99	0.02879	0.02763	0.04721	0.07139	0.51871	0.02763	0.03569	0.03569	0.02648	0.03800	0.02188	0.02879	0.01842	0.01036	0.01151	0.00345	0.01382	0.01036	0.00576	0.01842
100	0.67341	0.02249	0.01709	0.01529	0.02249	0.02609	0.01260	0.03419	0.01979	0.05218	0.01619	0.01889	0.01260	0.01080	0.00720	0.00360	0.00900	0.00630	0.00720	0.01260

[dist]
# distance from previous block
# <min> <max>
0	10

[block]
# block no. 1 follows, 10 sequences, length 84
# corresponding to MSA columns:
# 220-245,249-284,289-310
name=unknown_B
#
# <colnr> <probs for GDERKNQSTAVLIFYWHMCP>
#	G	D	E	R	K	N	Q	S	T	A	V	L	I	F	Y	W	H	M	C	P
0	0.01685	0.01153	0.01396	0.01396	0.01440	0.01197	0.00864	0.01773	0.01729	0.02350	0.03548	0.06965	0.03948	0.48427	0.16235	0.01285	0.01549	0.01597	0.00687	0.00776
1	0.03562	0.02151	0.02878	0.02585	0.08527	0.01908	0.01850	0.04052	0.02745	0.22629	0.03015	0.03074	0.02169	0.01196	0.01243	0.00291	0.05324	0.00941	0.00952	0.28909
2	0.03257	0.53323	0.05759	0.02111	0.03058	0.10575	0.02021	0.03622	0.02475	0.02750	0.01639	0.01893	0.01493	0.01019	0.00783	0.00255	0.01346	0.00637	0.00510	0.01475
3	0.02884	0.02198	0.02465	0.02089	0.02811	0.02265	0.01639	0.04947	0.29087	0.09572	0.09494	0.04374	0.03932	0.01497	0.01132	0.00338	0.00872	0.01252	0.01112	0.16042
4	0.01529	0.01148	0.01417	0.01427	0.01685	0.01036	0.01041	0.01940	0.02902	0.03919	0.31751	0.20144	0.20214	0.02794	0.01397	0.00396	0.00586	0.02452	0.01187	0.01036
5	0.02497	0.02374	0.04032	0.34642	0.27348	0.02663	0.03380	0.03235	0.02468	0.03337	0.02120	0.03003	0.01679	0.01107	0.01158	0.00369	0.01476	0.01035	0.00543	0.01535
6	0.01417	0.01012	0.01350	0.01619	0.01687	0.00945	0.01080	0.01619	0.02227	0.02969	0.06410	0.58367	0.07692	0.03644	0.01484	0.00472	0.00675	0.03306	0.01080	0.00945
7	0.01417	0.01012	0.01350	0.01619	0.01687	0.00945	0.01080	0.01619	0.02227	0.02969	0.06410	0.58367	0.07692	0.03644	0.01484	0.00472	0.00675	0.03306	0.01080	0.00945
8	0.01434	0.01070	0.01335	0.01502	0.01667	0.00971	0.01037	0.01697	0.02446	0.03204	0.12811	0.41970	0.17939	0.03340	0.01447	0.00442	0.00641	0.02975	0.01103	0.00971
9	0.02183	0.01245	0.01526	0.01410	0.01702	0.01171	0.01027	0.02610	0.02789	0.09651	0.25904	0.06964	0.06929	0.13311	0.02128	0.00495	0.00713	0.01688	0.15436	0.01118
10	0.01988	0.01197	0.01557	0.01682	0.01886	0.01140	0.01244	0.02299	0.02391	0.07847	0.05593	0.31720	0.06126	0.09502	0.01924	0.00530	0.00831	0.11715	0.07771	0.01057
11	0.09254	0.42124	0.16179	0.02241	0.03371	0.03981	0.02434	0.03521	0.02346	0.03192	0.01722	0.02000	0.01465	0.01028	0.00824	0.00286	0.01316	0.00676	0.00518	0.01520
12	0.04323	0.01856	0.02337	0.01860	0.02593	0.01716	0.01514	0.08785	0.03287	0.35466	0.04208	0.03952	0.02823	0.01413	0.01073	0.00335	0.00896	0.01135	0.18687	0.01738
13	0.02952	0.27826	0.04977	0.15842	0.04608	0.03724	0.06866	0.08648	0.02708	0.03448	0.01932	0.02470	0.01595	0.01181	0.01251	0.00334	0.06671	0.00886	0.00592	0.01488
14	0.01619	0.01169	0.01486	0.01487	0.01744	0.01142	0.01112	0.02042	0.02602	0.03640	0.21440	0.13700	0.15918	0.04105	0.14419	0.00745	0.01203	0.02007	0.07380	0.01040
15	0.02780	0.07518	0.02688	0.02206	0.02727	0.07352	0.01804	0.03995	0.15477	0.08212	0.04097	0.05830	0.03641	0.03416	0.13042	0.00726	0.01592	0.10535	0.00938	0.01427
16	0.08829	0.01685	0.02454	0.19987	0.09025	0.01858	0.02059	0.02506	0.02375	0.03451	0.08196	0.24024	0.04706	0.02176	0.01254	0.00410	0.01046	0.01935	0.00824	0.01199
17	0.17283	0.02184	0.02833	0.02142	0.03074	0.01979	0.06285	0.04144	0.02699	0.22441	0.02948	0.02957	0.02063	0.01137	0.01000	0.00305	0.01032	0.00928	0.00967	0.21599
18	0.03109	0.59826	0.06095	0.01990	0.02985	0.04602	0.01990	0.03483	0.02363	0.02736	0.01617	0.01866	0.01493	0.00995	0.00746	0.00249	0.01244	0.00622	0.00498	0.01493
19	0.02878	0.02651	0.04303	0.18243	0.36542	0.02809	0.03348	0.08045	0.02865	0.03972	0.02222	0.02922	0.01788	0.01103	0.01155	0.00356	0.01411	0.01037	0.00623	0.01727
20	0.02333	0.06016	0.53100	0.03315	0.05034	0.02701	0.04297	0.03683	0.02455	0.03683	0.02087	0.02455	0.01473	0.01105	0.01105	0.00368	0.01719	0.00859	0.00491	0.01719
21	0.67341	0.02249	0.01709	0.01529	0.02249	0.02609	0.01260	0.03419	0.01979	0.05218	0.01619	0.01889	0.01260	0.01080	0.00720	0.00360	0.00900	0.00630	0.00720	0.01260
22	0.02168	0.01084	0.01084	0.01084	0.01355	0.01084	0.00813	0.02710	0.02439	0.04336	0.03794	0.04336	0.02981	0.01355	0.00813	0.00271	0.00542	0.01084	0.65583	0.01084
23	0.02893	0.02498	0.02630	0.02367	0.03024	0.02893	0.01841	0.06180	0.49770	0.04865	0.04734	0.04339	0.03550	0.01578	0.01183	0.00394	0.00920	0.01315	0.01183	0.01841
24	0.03274	0.02040	0.02500	0.01829	0.02822	0.01599	0.01480	0.03770	0.02694	0.18812	0.02842	0.02887	0.02078	0.01039	0.00956	0.00230	0.00901	0.00837	0.00920	0.46491
25	0.01417	0.01012	0.01350	0.01619	0.01687	0.00945	0.01080	0.01619	0.02227	0.02969	0.06410	0.58367	0.07692	0.03644	0.01484	0.00472	0.00675	0.03306	0.01080	0.00945
26	0.02545	0.02545	0.03562	0.03053	0.03053	0.03562	0.02545	0.02799	0.01781	0.02799	0.01527	0.02545	0.01527	0.02036	0.03817	0.00509	0.56997	0.01018	0.00509	0.01272
27	0.02020	0.01010	0.01515	0.01515	0.01515	0.01010	0.01010	0.01515	0.01515	0.02020	0.02020	0.03535	0.02020	0.04040	0.04545	0.66162	0.01010	0.01010	0.00505	0.00505
28	0.05038	0.02268	0.02878	0.02206	0.03113	0.02138	0.01823	0.15224	0.03812	0.42439	0.04183	0.03695	0.02676	0.01430	0.01168	0.00357	0.01055	0.01142	0.01377	0.01979
29	0.05218	0.01979	0.02699	0.02069	0.02969	0.01709	0.01709	0.05668	0.03329	0.52677	0.04588	0.03959	0.02879	0.01439	0.01170	0.00360	0.00990	0.01170	0.01439	0.01979
30	0.01428	0.01195	0.01252	0.01280	0.01660	0.01020	0.00989	0.01748	0.02654	0.03178	0.11186	0.11397	0.46662	0.02974	0.01399	0.00408	0.00640	0.06861	0.01079	0.00991
31	0.02516	0.02393	0.04065	0.33314	0.28533	0.02668	0.03389	0.03251	0.02477	0.03359	0.02124	0.02997	0.01687	0.01104	0.01157	0.00368	0.01471	0.01035	0.00544	0.01549
32	0.67341	0.02249	0.01709	0.01529	0.02249	0.02609	0.01260	0.03419	0.01979	0.05218	0.01619	0.01889	0.01260	0.01080	0.00720	0.00360	0.00900	0.00630	0.00720	0.01260
33	0.03382	0.03759	0.04085	0.05220	0.29396	0.21766	0.02985	0.03887	0.02800	0.03352	0.01980	0.02560	0.01685	0.01194	0.01376	0.00345	0.07115	0.00929	0.00578	0.01605
34	0.19941	0.02654	0.02794	0.02230	0.03075	0.02875	0.01830	0.23622	0.08498	0.16510	0.03088	0.02978	0.02153	0.01346	0.01057	0.00359	0.01087	0.00998	0.01117	0.01788
35	0.02333	0.06016	0.53100	0.03315	0.05034	0.02701	0.04297	0.03683	0.02455	0.03683	0.02087	0.02455	0.01473	0.01105	0.01105	0.00368	0.01719	0.00859	0.00491	0.01719
36	0.05218	0.01979	0.02699	0.02069	0.02969	0.01709	0.01709	0.05668	0.03329	0.52677	0.04588	0.03959	0.02879	0.01439	0.01170	0.00360	0.00990	0.01170	0.01439	0.01979
37	0.03555	0.01618	0.01942	0.01643	0.02225	0.01544	0.01307	0.04348	0.07836	0.25159	0.04235	0.04174	0.02998	0.01415	0.01005	0.00322	0.00774	0.01145	0.31204	0.01549
38	0.02706	0.02523	0.03129	0.02735	0.03040	0.03251	0.02218	0.04369	0.24070	0.03759	0.03016	0.03378	0.02467	0.01823	0.02594	0.00456	0.30952	0.01156	0.00822	0.01536
39	0.01699	0.01285	0.01585	0.01565	0.01844	0.01239	0.01150	0.02432	0.07825	0.04165	0.32747	0.19484	0.13302	0.02629	0.01377	0.00395	0.00619	0.02321	0.01207	0.01130
40	0.01412	0.01031	0.01330	0.01568	0.01673	0.00949	0.01057	0.01625	0.02276	0.02989	0.07032	0.52910	0.12748	0.03563	0.01472	0.00463	0.00665	0.03208	0.01080	0.00949
41	0.02661	0.01355	0.01819	0.01726	0.02101	0.01219	0.01281	0.03018	0.02809	0.18949	0.15778	0.30277	0.06909	0.02671	0.01361	0.00413	0.00746	0.02369	0.01237	0.01303
42	0.02528	0.02768	0.05836	0.10472	0.05795	0.02670	0.37138	0.03395	0.02637	0.03551	0.02788	0.09504	0.02424	0.01309	0.01361	0.00401	0.01765	0.01556	0.00637	0.01465
43	0.26277	0.01969	0.02172	0.01770	0.02535	0.01947	0.01451	0.04552	0.02761	0.30744	0.03474	0.03289	0.02333	0.01306	0.00973	0.00350	0.00907	0.00974	0.08590	0.01628
44	0.67341	0.02249	0.01709	0.01529	0.02249	0.02609	0.01260	0.03419	0.01979	0.05218	0.01619	0.01889	0.01260	0.01080	0.00720	0.00360	0.00900	0.00630	0.00720	0.01260
45	0.44403	0.02465	0.02267	0.01876	0.02670	0.02747	0.01548	0.14666	0.03000	0.11424	0.02264	0.02360	0.01630	0.01201	0.00883	0.00357	0.01004	0.00797	0.00915	0.01523
46	0.10596	0.02789	0.13046	0.02190	0.03004	0.02130	0.02079	0.08349	0.07367	0.12011	0.12999	0.10534	0.04515	0.01774	0.01179	0.00378	0.01035	0.01472	0.01024	0.01530
47	0.11316	0.03403	0.13330	0.02347	0.03275	0.08411	0.02232	0.12799	0.03264	0.14323	0.02897	0.03001	0.02062	0.01275	0.01032	0.00339	0.01252	0.00953	0.10865	0.01626
48	0.02363	0.01321	0.01757	0.01626	0.01990	0.01196	0.01225	0.02817	0.03076	0.14585	0.31850	0.18108	0.08552	0.02443	0.01352	0.00387	0.00670	0.02156	0.01272	0.01254
49	0.01470	0.01050	0.01410	0.01680	0.01771	0.00990	0.01172	0.01711	0.02279	0.03028	0.06381	0.53133	0.07577	0.03594	0.01499	0.00480	0.00721	0.08018	0.01079	0.00959
50	0.03321	0.03380	0.07902	0.03145	0.09035	0.09182	0.02396	0.13917	0.25327	0.04887	0.03445	0.03411	0.02593	0.01388	0.01152	0.00366	0.01263	0.01118	0.00974	0.01798
51	0.04354	0.02099	0.03054	0.02373	0.03197	0.01967	0.06235	0.08838	0.03245	0.35981	0.03976	0.03864	0.02690	0.02511	0.09394	0.00594	0.01439	0.01190	0.01205	0.01794
52	0.02742	0.02125	0.02829	0.13871	0.08324	0.02236	0.02098	0.08066	0.11515	0.08146	0.13728	0.04495	0.04192	0.01503	0.01176	0.00348	0.01047	0.01292	0.00967	0.09300
53	0.03109	0.59826	0.06095	0.01990	0.02985	0.04602	0.01990	0.03483	0.02363	0.02736	0.01617	0.01866	0.01493	0.00995	0.00746	0.00249	0.01244	0.00622	0.00498	0.01493
54	0.03200	0.01795	0.02233	0.01880	0.02462	0.01746	0.01488	0.08266	0.08879	0.20235	0.26265	0.06101	0.06655	0.01890	0.01265	0.00366	0.00804	0.01611	0.01308	0.01551
55	0.02935	0.28107	0.08935	0.02290	0.03197	0.03628	0.02139	0.04754	0.24390	0.03815	0.03109	0.03070	0.02446	0.01276	0.00983	0.00328	0.01139	0.00966	0.00815	0.01676
56	0.67341	0.02249	0.01709	0.01529	0.02249	0.02609	0.01260	0.03419	0.01979	0.05218	0.01619	0.01889	0.01260	0.01080	0.00720	0.00360	0.00900	0.00630	0.00720	0.01260
57	0.03804	0.03828	0.03013	0.02656	0.03281	0.25508	0.02082	0.19132	0.03876	0.04489	0.03092	0.08862	0.02860	0.01734	0.01196	0.00361	0.01559	0.06276	0.00896	0.01496
58	0.02743	0.02341	0.02501	0.02259	0.02870	0.02678	0.01752	0.05703	0.44202	0.04841	0.10307	0.04860	0.04440	0.01674	0.01206	0.00391	0.00876	0.01409	0.01195	0.01752
59	0.02736	0.02057	0.02445	0.01763	0.02781	0.01569	0.01416	0.03245	0.02518	0.09445	0.02359	0.02591	0.01856	0.00928	0.00897	0.00194	0.00876	0.00745	0.00776	0.58803
60	0.04117	0.03156	0.14009	0.02439	0.03541	0.02318	0.02356	0.13989	0.03497	0.27047	0.03388	0.03215	0.02255	0.01296	0.01122	0.00340	0.01200	0.01025	0.01092	0.08598
61	0.03293	0.02881	0.05940	0.04274	0.05389	0.02668	0.37466	0.04156	0.02874	0.14575	0.02848	0.03319	0.02012	0.01082	0.01328	0.00385	0.01746	0.01328	0.00777	0.01660
62	0.01417	0.01012	0.01350	0.01619	0.01687	0.00945	0.01080	0.01619	0.02227	0.02969	0.06410	0.58367	0.07692	0.03644	0.01484	0.00472	0.00675	0.03306	0.01080	0.00945
63	0.05218	0.01979	0.02699	0.02069	0.02969	0.01709	0.01709	0.05668	0.03329	0.52677	0.04588	0.03959	0.02879	0.01439	0.01170	0.00360	0.00990	0.01170	0.01439	0.01979
64	0.02002	0.01671	0.02013	0.08351	0.02906	0.01789	0.01611	0.03274	0.16876	0.03649	0.06705	0.18177	0.16602	0.02492	0.01341	0.00426	0.00879	0.06912	0.01043	0.01283
65	0.02615	0.25586	0.36005	0.02833	0.04289	0.03392	0.03458	0.03610	0.02422	0.03339	0.01916	0.02241	0.01480	0.01065	0.00975	0.00325	0.01546	0.00773	0.00493	0.01637
66	0.02879	0.02763	0.04721	0.07139	0.51871	0.02763	0.03569	0.03569	0.02648	0.03800	0.02188	0.02879	0.01842	0.01036	0.01151	0.00345	0.01382	0.01036	0.00576	0.01842
67	0.67341	0.02249	0.01709	0.01529	0.02249	0.02609	0.01260	0.03419	0.01979	0.05218	0.01619	0.01889	0.01260	0.01080	0.00720	0.00360	0.00900	0.00630	0.00720	0.01260
68	0.02545	0.02545	0.03562	0.03053	0.03053	0.03562	0.02545	0.02799	0.01781	0.02799	0.01527	0.02545	0.01527	0.02036	0.03817	0.00509	0.56997	0.01018	0.00509	0.01272
69	0.02731	0.02310	0.03682	0.28554	0.15599	0.02748	0.02991	0.03339	0.02377	0.08272	0.02235	0.03020	0.01744	0.01358	0.01749	0.00403	0.13746	0.01045	0.00623	0.01475
70	0.09310	0.01922	0.02182	0.01963	0.02398	0.02106	0.01503	0.16580	0.03073	0.04429	0.03629	0.15609	0.03625	0.10565	0.14896	0.00844	0.01545	0.01614	0.00911	0.01298
71	0.01417	0.01012	0.01350	0.01619	0.01687	0.00945	0.01080	0.01619	0.02227	0.02969	0.06410	0.58367	0.07692	0.03644	0.01484	0.00472	0.00675	0.03306	0.01080	0.00945
72	0.38872	0.02273	0.02253	0.01846	0.02652	0.02417	0.01523	0.09328	0.02843	0.21666	0.02768	0.02700	0.01895	0.01239	0.00925	0.00359	0.00974	0.00862	0.01017	0.01588
73	0.09131	0.02407	0.02149	0.02093	0.02352	0.13865	0.01548	0.02702	0.02306	0.03058	0.03653	0.22306	0.04019	0.08410	0.07623	0.00635	0.08076	0.01792	0.00779	0.01097
74	0.02003	0.01654	0.02201	0.02056	0.02112	0.02030	0.01563	0.02202	0.01857	0.02637	0.03150	0.06136	0.03423	0.26962	0.10520	0.00935	0.20615	0.06291	0.00670	0.00983
75	0.01417	0.01012	0.01350	0.01619	0.01687	0.00945	0.01080	0.01619	0.02227	0.02969	0.06410	0.58367	0.07692	0.03644	0.01484	0.00472	0.00675	0.03306	0.01080	0.00945
76	0.04321	0.02583	0.08821	0.02357	0.03232	0.02161	0.02123	0.05185	0.08417	0.36007	0.03981	0.03673	0.02645	0.01479	0.01444	0.00381	0.07004	0.01133	0.01198	0.01857
77	0.03088	0.05152	0.26740	0.04054	0.14864	0.19068	0.03490	0.03962	0.02763	0.03444	0.02018	0.02435	0.01562	0.01119	0.01097	0.00342	0.01764	0.00863	0.00544	0.01629
78	0.02087	0.02313	0.08875	0.02680	0.03291	0.01998	0.11941	0.02975	0.07126	0.03250	0.03358	0.09357	0.03131	0.09565	0.21522	0.01015	0.02055	0.01473	0.00709	0.01278
79	0.02856	0.02451	0.04289	0.10103	0.20862	0.02531	0.12186	0.03485	0.02576	0.09352	0.02915	0.09451	0.02561	0.01493	0.01522	0.00393	0.07286	0.01383	0.00727	0.01580
80	0.03107	0.02309	0.03043	0.14693	0.08582	0.02524	0.02309	0.15125	0.09090	0.09348	0.08900	0.04860	0.03646	0.01629	0.01233	0.00384	0.01174	0.05438	0.00999	0.01606
81	0.02852	0.02392	0.03959	0.26265	0.17449	0.02600	0.07684	0.03881	0.08038	0.09223	0.02726	0.03292	0.02029	0.01192	0.01185	0.00375	0.01415	0.01118	0.00722	0.01600
82	0.01979	0.01837	0.03007	0.02638	0.02899	0.02042	0.10367	0.02344	0.02204	0.03067	0.04300	0.32553	0.04874	0.02695	0.02101	0.00467	0.16331	0.02311	0.00830	0.01153
83	0.08717	0.08763	0.15369	0.02872	0.08829	0.02607	0.02467	0.08163	0.07733	0.04293	0.08749	0.09838	0.03624	0.01610	0.01129	0.00366	0.01165	0.01334	0.00829	0.01543

[dist]
# distance from previous block
# <min> <max>
5	19

[block]
# block no. 2 follows, 10 sequences, length 23
# corresponding to MSA columns:
# 330-352
name=unknown_C
#
# <colnr> <probs for GDERKNQSTAVLIFYWHMCP>
#	G	D	E	R	K	N	Q	S	T	A	V	L	I	F	Y	W	H	M	C	P
0	0.02858	0.02419	0.06320	0.07256	0.03379	0.02359	0.01999	0.09406	0.20646	0.09323	0.10889	0.10038	0.04451	0.01796	0.01230	0.00387	0.01008	0.01527	0.01095	0.01611
1	0.03402	0.03854	0.12872	0.04035	0.11338	0.08381	0.14725	0.18138	0.03622	0.04807	0.02370	0.02767	0.01768	0.01166	0.01195	0.00358	0.01631	0.01069	0.00758	0.01743
2	0.02677	0.02402	0.03351	0.04320	0.23911	0.02561	0.02479	0.04407	0.22699	0.04137	0.03873	0.11368	0.03400	0.01637	0.01212	0.00384	0.01085	0.01477	0.00907	0.01714
3	0.30588	0.02670	0.04171	0.03185	0.03997	0.02886	0.21239	0.03462	0.02278	0.04238	0.01919	0.02515	0.01513	0.01173	0.01437	0.00395	0.09305	0.01002	0.00634	0.01393
4	0.01582	0.01130	0.01539	0.01808	0.01948	0.01087	0.01367	0.01905	0.02390	0.03154	0.06319	0.42021	0.07331	0.03488	0.01529	0.00495	0.00818	0.18023	0.01076	0.00990
5	0.04241	0.01907	0.02353	0.01876	0.02602	0.01801	0.01526	0.10829	0.03380	0.32545	0.04109	0.03900	0.02780	0.01409	0.01068	0.00333	0.00904	0.01128	0.19583	0.01725
6	0.02050	0.01687	0.01999	0.01578	0.02298	0.01342	0.01232	0.02552	0.02718	0.03992	0.18758	0.05407	0.10356	0.01581	0.01082	0.00259	0.00731	0.01340	0.00921	0.38117
7	0.02506	0.01315	0.01681	0.01575	0.01891	0.01213	0.01134	0.02828	0.02628	0.15305	0.14895	0.19175	0.06113	0.14429	0.02270	0.00544	0.00809	0.02001	0.06501	0.01188
8	0.01717	0.01138	0.01138	0.01138	0.01478	0.01026	0.00853	0.02118	0.02560	0.03657	0.08335	0.08234	0.30508	0.02259	0.01132	0.00340	0.00569	0.01863	0.28911	0.01026
9	0.01732	0.01047	0.01442	0.01520	0.01582	0.01011	0.01018	0.01664	0.02027	0.02742	0.10715	0.23213	0.05429	0.08790	0.03182	0.28451	0.00841	0.02007	0.00829	0.00757
10	0.28990	0.02159	0.02227	0.01836	0.02540	0.02271	0.01466	0.10710	0.02892	0.19853	0.03014	0.03490	0.02298	0.09558	0.01673	0.00468	0.01019	0.01014	0.01009	0.01514
11	0.01472	0.01090	0.01423	0.01575	0.01732	0.01040	0.01108	0.01758	0.02358	0.03150	0.11849	0.38266	0.13579	0.04127	0.09056	0.00649	0.00998	0.02752	0.01037	0.00981
12	0.01471	0.01182	0.01312	0.01280	0.01630	0.01023	0.00960	0.01856	0.02879	0.03683	0.25822	0.10302	0.37021	0.02744	0.01374	0.00383	0.00575	0.02330	0.01151	0.01023
13	0.01793	0.01308	0.01573	0.01654	0.01910	0.01306	0.01222	0.02573	0.09317	0.03739	0.13610	0.27972	0.10635	0.02778	0.01349	0.00420	0.00706	0.06472	0.08533	0.01129
14	0.58106	0.02285	0.01841	0.01649	0.02360	0.02650	0.01343	0.03815	0.08828	0.05168	0.02066	0.02240	0.01588	0.01151	0.00786	0.00365	0.00903	0.00728	0.00786	0.01343
15	0.01547	0.01105	0.01499	0.01768	0.01893	0.01057	0.01306	0.01845	0.02355	0.03115	0.06338	0.45469	0.07408	0.03521	0.01519	0.00490	0.00788	0.14919	0.01077	0.00981
16	0.01767	0.01318	0.01675	0.01706	0.01973	0.01302	0.01294	0.02544	0.08277	0.04097	0.28253	0.20990	0.08683	0.02719	0.01413	0.00420	0.00700	0.08537	0.01189	0.01142
17	0.03006	0.01587	0.02045	0.01836	0.02305	0.01488	0.01400	0.07595	0.03137	0.20053	0.15255	0.24267	0.06274	0.02426	0.01325	0.00400	0.00809	0.02123	0.01250	0.01418
18	0.06921	0.01420	0.01704	0.01813	0.02134	0.01436	0.01458	0.02568	0.06979	0.03726	0.11152	0.18873	0.13002	0.02848	0.01418	0.00459	0.00849	0.19037	0.01078	0.01124
19	0.01689	0.01146	0.01363	0.01428	0.01473	0.01139	0.00909	0.01786	0.01886	0.02502	0.04300	0.13603	0.04933	0.45504	0.04853	0.00976	0.01073	0.07861	0.00795	0.00781
20	0.02726	0.01575	0.01970	0.01783	0.02207	0.01524	0.01340	0.06357	0.06705	0.15528	0.18491	0.18699	0.06509	0.07055	0.01701	0.00455	0.00811	0.02004	0.01206	0.01355
21	0.02507	0.02438	0.03017	0.08335	0.10237	0.08407	0.02265	0.03228	0.06769	0.03326	0.07467	0.03848	0.03040	0.03208	0.13770	0.00730	0.14181	0.01182	0.00697	0.01347
22	0.02444	0.02081	0.03221	0.08424	0.14355	0.02178	0.06559	0.09042	0.02727	0.03727	0.03336	0.13571	0.03299	0.09369	0.09710	0.00693	0.01542	0.01580	0.00766	0.01374

[dist]
# distance from previous block
# <min> <max>
10	20

[block]
# block no. 3 follows, 10 sequences, length 37
# corresponding to MSA columns:
# 373-383,387-412
name=unknown_D
#
# <colnr> <probs for GDERKNQSTAVLIFYWHMCP>
#	G	D	E	R	K	N	Q	S	T	A	V	L	I	F	Y	W	H	M	C	P
0	0.03364	0.02102	0.02953	0.06659	0.03438	0.02108	0.06444	0.12734	0.03290	0.18451	0.04655	0.10030	0.08569	0.02503	0.06681	0.00532	0.01332	0.01529	0.01060	0.01565
1	0.09348	0.01572	0.01906	0.01658	0.02103	0.01489	0.01208	0.03481	0.02446	0.23319	0.04130	0.10755	0.03746	0.24249	0.03021	0.00672	0.01003	0.01541	0.01046	0.01305
2	0.02356	0.01134	0.01627	0.01554	0.01658	0.01103	0.01060	0.02012	0.01742	0.07891	0.02482	0.03994	0.02341	0.09278	0.04294	0.52028	0.01020	0.01097	0.00633	0.00695
3	0.10402	0.02855	0.03034	0.02466	0.03270	0.03170	0.02037	0.33897	0.09322	0.06418	0.03260	0.04050	0.02610	0.01592	0.01171	0.00376	0.01180	0.05995	0.01109	0.01786
4	0.01844	0.01011	0.01467	0.01546	0.01565	0.00991	0.01030	0.01546	0.01723	0.02297	0.03300	0.19522	0.03674	0.03925	0.03653	0.47009	0.00912	0.01680	0.00673	0.00633
5	0.02458	0.01759	0.02031	0.01835	0.02281	0.01804	0.01449	0.15107	0.03567	0.04911	0.18696	0.13050	0.10593	0.02290	0.01296	0.00385	0.00832	0.06608	0.07734	0.01313
6	0.02136	0.01548	0.01835	0.01657	0.02044	0.01568	0.01272	0.07542	0.08800	0.04935	0.35915	0.07118	0.08350	0.02077	0.01271	0.00358	0.00668	0.01797	0.07836	0.01275
7	0.01922	0.01210	0.01540	0.01519	0.01777	0.01107	0.01088	0.02270	0.02735	0.08643	0.23877	0.22840	0.12529	0.09260	0.01909	0.00487	0.00702	0.02347	0.01151	0.01086
8	0.08591	0.01577	0.01941	0.01702	0.02262	0.01432	0.01326	0.03559	0.02863	0.24493	0.10778	0.16391	0.13869	0.02229	0.01254	0.00389	0.00798	0.01888	0.01223	0.01434
9	0.03034	0.02326	0.02542	0.02210	0.02777	0.02562	0.01701	0.20728	0.17567	0.05129	0.04246	0.15825	0.03918	0.07845	0.01726	0.00469	0.01026	0.01684	0.01104	0.01582
10	0.11255	0.02509	0.02909	0.02252	0.03146	0.02546	0.01860	0.22051	0.04031	0.30027	0.03580	0.03289	0.02360	0.01386	0.01121	0.00356	0.01094	0.01066	0.01258	0.01905
11	0.21131	0.02291	0.02311	0.01934	0.02607	0.02484	0.01535	0.16526	0.08064	0.09992	0.03962	0.04322	0.07870	0.08170	0.01616	0.00453	0.01013	0.01204	0.01008	0.01505
12	0.03216	0.01627	0.02062	0.01800	0.02347	0.01553	0.01412	0.03965	0.08161	0.23212	0.09900	0.10636	0.08165	0.02626	0.06639	0.00523	0.01042	0.01598	0.08017	0.01499
13	0.56018	0.02200	0.01890	0.01628	0.02380	0.02445	0.01342	0.03829	0.02225	0.13869	0.02161	0.02267	0.01555	0.01145	0.00802	0.00360	0.00916	0.00728	0.00851	0.01391
14	0.01445	0.01024	0.01341	0.01584	0.01645	0.00963	0.01042	0.01627	0.02173	0.02897	0.06134	0.53265	0.07344	0.09221	0.01930	0.00538	0.00720	0.03144	0.01042	0.00921
15	0.02634	0.01440	0.01994	0.01806	0.02237	0.01436	0.01425	0.03059	0.02516	0.17089	0.09431	0.05565	0.09199	0.05361	0.27993	0.01122	0.01966	0.01449	0.00973	0.01304
16	0.01603	0.01123	0.01435	0.01502	0.01589	0.01134	0.00993	0.01795	0.02041	0.02788	0.09192	0.21588	0.05651	0.27994	0.13411	0.01004	0.01317	0.02108	0.00855	0.00876
17	0.01625	0.01151	0.01543	0.01782	0.01919	0.01118	0.01344	0.01933	0.02340	0.03086	0.06003	0.35146	0.06915	0.09741	0.02032	0.00571	0.00879	0.18871	0.01034	0.00966
18	0.01875	0.01449	0.02266	0.06965	0.07769	0.01637	0.01776	0.02246	0.01950	0.02762	0.02806	0.04150	0.02581	0.06747	0.38755	0.08842	0.02563	0.01179	0.00596	0.01084
19	0.02311	0.02127	0.03409	0.34931	0.15686	0.02460	0.02919	0.03241	0.06886	0.03319	0.02846	0.09553	0.02508	0.01463	0.01200	0.00389	0.01355	0.01323	0.00657	0.01415
20	0.02021	0.01605	0.01867	0.01728	0.02134	0.01660	0.01317	0.03421	0.18034	0.04606	0.33289	0.07504	0.11848	0.02169	0.01312	0.00377	0.00670	0.01881	0.01233	0.01325
21	0.03746	0.02733	0.02970	0.02453	0.03243	0.03035	0.01969	0.22285	0.27402	0.11216	0.03967	0.03698	0.02867	0.01492	0.01174	0.00373	0.01067	0.01195	0.01205	0.01909
22	0.03097	0.03007	0.03157	0.02696	0.03340	0.12855	0.06723	0.09637	0.21105	0.04205	0.03361	0.03637	0.02649	0.02826	0.11676	0.00661	0.01736	0.01165	0.00893	0.01573
23	0.04210	0.02095	0.02517	0.02019	0.02774	0.02066	0.01639	0.12858	0.08787	0.29495	0.04121	0.03863	0.02811	0.01431	0.01100	0.00344	0.00947	0.01147	0.13990	0.01787
24	0.03109	0.59826	0.06095	0.01990	0.02985	0.04602	0.01990	0.03483	0.02363	0.02736	0.01617	0.01866	0.01493	0.00995	0.00746	0.00249	0.01244	0.00622	0.00498	0.01493
25	0.02412	0.02067	0.02412	0.01723	0.02756	0.01550	0.01378	0.02929	0.02412	0.03790	0.02067	0.02412	0.01723	0.00861	0.00861	0.00172	0.00861	0.00689	0.00689	0.66236
26	0.67341	0.02249	0.01709	0.01529	0.02249	0.02609	0.01260	0.03419	0.01979	0.05218	0.01619	0.01889	0.01260	0.01080	0.00720	0.00360	0.00900	0.00630	0.00720	0.01260
27	0.01687	0.01134	0.01299	0.01289	0.01318	0.01124	0.00746	0.01744	0.01860	0.02509	0.08689	0.07725	0.04940	0.53136	0.05440	0.01047	0.01066	0.01735	0.00765	0.00746
28	0.01493	0.01150	0.01364	0.01381	0.01661	0.01021	0.01009	0.01872	0.02827	0.03723	0.26688	0.19487	0.26425	0.02854	0.01395	0.00398	0.00590	0.02481	0.01161	0.01021
29	0.02844	0.07841	0.03160	0.02530	0.07930	0.02451	0.01841	0.08751	0.11758	0.04294	0.02624	0.02816	0.02088	0.01088	0.00975	0.00259	0.01009	0.00877	0.00807	0.34056
30	0.02865	0.01906	0.02275	0.07397	0.03042	0.02033	0.01665	0.04419	0.21060	0.13294	0.05254	0.11077	0.08518	0.01865	0.01195	0.00383	0.00896	0.01581	0.07731	0.01544
