[name]
unknown

[dist]
# distance from previous block
# <min> <max>
0	48

[block]
# block no. 0 follows, 12 sequences, length 8
# corresponding to MSA columns:
# 48-55
name=unknown_A
#
# <colnr> <probs for GDERKNQSTAVLIFYWHMCP>
#	G	D	E	R	K	N	Q	S	T	A	V	L	I	F	Y	W	H	M	C	P
0	0.01874	0.01161	0.01512	0.01504	0.01778	0.01090	0.01164	0.02330	0.02747	0.08002	0.28778	0.15838	0.07640	0.02353	0.01261	0.00374	0.00648	0.09710	0.09167	0.01068
1	0.02592	0.02522	0.09248	0.02960	0.14553	0.01851	0.02110	0.03201	0.02394	0.08326	0.02183	0.02497	0.01711	0.00921	0.00922	0.00236	0.01024	0.00779	0.00664	0.39302
2	0.03735	0.02851	0.03042	0.02426	0.03225	0.03190	0.01973	0.38247	0.18791	0.06211	0.03138	0.03033	0.02276	0.01358	0.01096	0.00339	0.01103	0.01053	0.01096	0.01818
3	0.02102	0.11262	0.35296	0.02491	0.03657	0.02343	0.02962	0.03055	0.02502	0.03593	0.15972	0.03806	0.03777	0.01344	0.01063	0.00331	0.01263	0.01092	0.00660	0.01429
4	0.02669	0.12766	0.12670	0.07701	0.10130	0.02869	0.07802	0.07600	0.12914	0.03779	0.02481	0.02762	0.01916	0.01098	0.01020	0.00318	0.01266	0.00945	0.00680	0.06614
5	0.01537	0.01135	0.01481	0.01681	0.01901	0.01079	0.01351	0.01902	0.02382	0.03059	0.06921	0.26050	0.16408	0.03078	0.01428	0.00457	0.00804	0.25383	0.01008	0.00953
6	0.02261	0.01938	0.02261	0.01615	0.02584	0.01453	0.01292	0.02745	0.02261	0.03553	0.01938	0.02261	0.01615	0.00807	0.00807	0.00161	0.00807	0.00646	0.00646	0.68346
7	0.03050	0.23218	0.26025	0.02455	0.03652	0.03032	0.02745	0.07957	0.02662	0.12193	0.02264	0.02386	0.01650	0.01079	0.00942	0.00306	0.01316	0.00798	0.00667	0.01605

[dist]
# distance from previous block
# <min> <max>
0	1

[block]
# block no. 1 follows, 12 sequences, length 11
# corresponding to MSA columns:
# 57-67
name=unknown_B
#
# <colnr> <probs for GDERKNQSTAVLIFYWHMCP>
#	G	D	E	R	K	N	Q	S	T	A	V	L	I	F	Y	W	H	M	C	P
0	0.04012	0.02226	0.02633	0.02132	0.02902	0.02286	0.01724	0.13228	0.20683	0.29740	0.04065	0.03650	0.02774	0.01388	0.01100	0.00347	0.00951	0.01124	0.01223	0.01810
1	0.02304	0.02175	0.08349	0.01768	0.02577	0.01575	0.01582	0.06107	0.02733	0.07450	0.14902	0.04537	0.08880	0.01422	0.01030	0.00268	0.00846	0.01183	0.00865	0.29447
2	0.01973	0.01623	0.01905	0.01796	0.02102	0.01800	0.01350	0.03213	0.19501	0.03692	0.16377	0.15178	0.09106	0.07491	0.01852	0.00448	0.06572	0.01799	0.01004	0.01217
3	0.01407	0.01109	0.01269	0.01229	0.01546	0.00971	0.00922	0.01794	0.02765	0.03611	0.31207	0.09399	0.33860	0.02513	0.01287	0.00356	0.00535	0.02148	0.01100	0.00971
4	0.02451	0.01990	0.03293	0.47416	0.11439	0.02342	0.02891	0.03135	0.02319	0.09048	0.02225	0.02981	0.01625	0.01109	0.01090	0.00357	0.01377	0.00984	0.00591	0.01336
5	0.69383	0.02109	0.01603	0.01434	0.02109	0.02446	0.01181	0.03205	0.01856	0.04892	0.01518	0.01771	0.01181	0.01012	0.00675	0.00337	0.00843	0.00590	0.00675	0.01181
6	0.01723	0.01385	0.01965	0.01873	0.01997	0.01694	0.01443	0.02017	0.01708	0.02479	0.02719	0.04397	0.02684	0.15988	0.38196	0.01388	0.13608	0.01197	0.00576	0.00963
7	0.02792	0.52773	0.14202	0.02075	0.03122	0.04014	0.02231	0.03297	0.02230	0.02715	0.01590	0.01842	0.01396	0.00950	0.00756	0.00252	0.01241	0.00621	0.00465	0.01435
8	0.01586	0.01057	0.01189	0.01189	0.01189	0.01057	0.00661	0.01586	0.01586	0.02114	0.03436	0.07135	0.03964	0.61681	0.05550	0.01057	0.01057	0.01586	0.00661	0.00661
9	0.19331	0.10929	0.12604	0.02345	0.03193	0.23022	0.02160	0.03873	0.02551	0.08063	0.01908	0.02111	0.01462	0.01079	0.00896	0.00306	0.01446	0.00715	0.00630	0.01376
10	0.14779	0.02400	0.03635	0.03901	0.20394	0.02417	0.11013	0.08721	0.02636	0.04101	0.02431	0.08305	0.02164	0.01237	0.01052	0.00332	0.01191	0.01143	0.00687	0.07463

[dist]
# distance from previous block
# <min> <max>
0	22

[block]
# block no. 2 follows, 12 sequences, length 39
# corresponding to MSA columns:
# 90-128
name=unknown_C
#
# <colnr> <probs for GDERKNQSTAVLIFYWHMCP>
#	G	D	E	R	K	N	Q	S	T	A	V	L	I	F	Y	W	H	M	C	P
0	0.38741	0.09465	0.02400	0.01627	0.02405	0.02371	0.01378	0.03667	0.02244	0.16559	0.02226	0.02282	0.01615	0.01061	0.00792	0.00306	0.00900	0.00716	0.00807	0.08439
1	0.01944	0.01489	0.01594	0.09834	0.02464	0.05845	0.01280	0.02357	0.02304	0.03308	0.04564	0.19515	0.08810	0.01952	0.01049	0.00334	0.00805	0.01666	0.27864	0.01021
2	0.02786	0.44175	0.04593	0.01852	0.02653	0.03664	0.01728	0.03700	0.12400	0.03116	0.02306	0.02446	0.01926	0.01076	0.00788	0.00263	0.01040	0.00757	0.07306	0.01427
3	0.01367	0.00999	0.01341	0.01532	0.01639	0.00974	0.01062	0.01598	0.02055	0.02749	0.05805	0.47301	0.09683	0.04225	0.11422	0.00672	0.01037	0.02698	0.00935	0.00904
4	0.02928	0.38212	0.10528	0.02621	0.03605	0.10690	0.11271	0.03467	0.02404	0.02840	0.01711	0.02055	0.01446	0.00965	0.00879	0.00276	0.01439	0.00752	0.00494	0.01416
5	0.34933	0.02201	0.02345	0.02275	0.08002	0.02364	0.01638	0.07963	0.07587	0.16978	0.02620	0.02631	0.01870	0.01159	0.00896	0.00338	0.00943	0.00848	0.00899	0.01509
6	0.01429	0.01050	0.01356	0.01529	0.01697	0.00978	0.01126	0.01730	0.02350	0.03094	0.12688	0.37735	0.14552	0.03095	0.01384	0.00430	0.00675	0.11137	0.01034	0.00931
7	0.01543	0.01102	0.01512	0.01764	0.01921	0.01071	0.01385	0.01889	0.02299	0.03024	0.05891	0.36594	0.06743	0.03214	0.01449	0.00472	0.00819	0.25357	0.01008	0.00945
8	0.07841	0.20428	0.18431	0.14057	0.04508	0.03098	0.06718	0.06943	0.02458	0.03444	0.01864	0.02302	0.01445	0.01027	0.00947	0.00317	0.01378	0.00812	0.00540	0.01443
9	0.03857	0.02700	0.02918	0.02289	0.03074	0.02957	0.01874	0.39283	0.08582	0.09714	0.02980	0.02963	0.02131	0.01321	0.01058	0.00324	0.01081	0.01014	0.08125	0.01756
10	0.01646	0.01176	0.01630	0.01882	0.02084	0.01160	0.01565	0.02068	0.02401	0.03139	0.05834	0.24858	0.06517	0.03116	0.01477	0.00487	0.00908	0.36073	0.01006	0.00973
11	0.01424	0.01021	0.01392	0.01625	0.01732	0.00990	0.01174	0.01685	0.02137	0.02849	0.05721	0.47721	0.06686	0.03722	0.05867	0.00558	0.00881	0.10923	0.00977	0.00914
12	0.02861	0.02399	0.02799	0.14368	0.03939	0.02785	0.02072	0.14279	0.32525	0.04647	0.03541	0.03530	0.02634	0.01362	0.01102	0.00360	0.01056	0.01126	0.00973	0.01642
13	0.02980	0.02475	0.02616	0.02273	0.02937	0.02837	0.01791	0.14279	0.43988	0.04993	0.04098	0.03797	0.03053	0.01447	0.01106	0.00362	0.00926	0.01186	0.01106	0.01750
14	0.69383	0.02109	0.01603	0.01434	0.02109	0.02446	0.01181	0.03205	0.01856	0.04892	0.01518	0.01771	0.01181	0.01012	0.00675	0.00337	0.00843	0.00590	0.00675	0.01181
15	0.01494	0.01041	0.01319	0.01403	0.01461	0.01056	0.00908	0.01630	0.01784	0.02415	0.04202	0.24631	0.04822	0.32284	0.13735	0.00980	0.01259	0.02015	0.00764	0.00794
16	0.02574	0.02941	0.06434	0.04596	0.05699	0.02757	0.50919	0.03493	0.02574	0.03493	0.02206	0.02941	0.01654	0.00919	0.01287	0.00368	0.01838	0.01287	0.00551	0.01471
17	0.04892	0.01856	0.02530	0.01940	0.02783	0.01603	0.01603	0.05314	0.03121	0.55634	0.04302	0.03711	0.02699	0.01350	0.01096	0.00337	0.00928	0.01096	0.01350	0.01856
18	0.03000	0.02485	0.02627	0.02277	0.02945	0.02846	0.01795	0.14919	0.43316	0.05025	0.04072	0.03777	0.03032	0.01445	0.01106	0.00361	0.00931	0.01182	0.01106	0.01752
19	0.03966	0.02434	0.03442	0.02621	0.03489	0.02430	0.10948	0.16891	0.10386	0.26291	0.03495	0.03334	0.02373	0.01277	0.01132	0.00345	0.01159	0.01121	0.01101	0.01766
20	0.01429	0.00997	0.01257	0.01400	0.01459	0.00953	0.00901	0.01585	0.02009	0.02700	0.09185	0.39281	0.06422	0.22051	0.02720	0.00632	0.00759	0.02519	0.00915	0.00825
21	0.69383	0.02109	0.01603	0.01434	0.02109	0.02446	0.01181	0.03205	0.01856	0.04892	0.01518	0.01771	0.01181	0.01012	0.00675	0.00337	0.00843	0.00590	0.00675	0.01181
22	0.02356	0.02507	0.05128	0.18792	0.05836	0.02519	0.33305	0.03182	0.02463	0.03282	0.02491	0.03866	0.02062	0.01173	0.01256	0.00380	0.01653	0.05816	0.00579	0.01355
23	0.04306	0.01684	0.02220	0.01751	0.02473	0.01482	0.01430	0.04745	0.02950	0.45062	0.04149	0.03784	0.02719	0.01333	0.01028	0.00320	0.00842	0.01080	0.14959	0.01684
24	0.01409	0.01109	0.01271	0.01231	0.01546	0.00972	0.00923	0.01797	0.02769	0.03619	0.31452	0.09385	0.33611	0.02510	0.01287	0.00356	0.00534	0.02146	0.01101	0.00972
25	0.08418	0.09486	0.08093	0.02184	0.02851	0.18331	0.01904	0.03550	0.02645	0.10918	0.07274	0.03781	0.08811	0.01465	0.01205	0.00325	0.05602	0.01064	0.00766	0.01328
26	0.02187	0.05640	0.56031	0.03108	0.04719	0.02532	0.04029	0.03453	0.02302	0.03453	0.01957	0.02302	0.01381	0.01036	0.01036	0.00345	0.01611	0.00806	0.00460	0.01611
27	0.01502	0.01113	0.01400	0.01329	0.01604	0.01011	0.00996	0.01978	0.02989	0.04142	0.47314	0.08524	0.17422	0.02315	0.01286	0.00347	0.00521	0.02025	0.01170	0.01011
28	0.04073	0.05197	0.03090	0.02809	0.03371	0.57303	0.02107	0.04354	0.03090	0.02669	0.01685	0.01966	0.01404	0.01124	0.00983	0.00281	0.01966	0.00702	0.00562	0.01264
29	0.02059	0.01938	0.03270	0.59060	0.07510	0.02422	0.03028	0.02786	0.02180	0.02786	0.01938	0.02907	0.01453	0.01090	0.01090	0.00363	0.01453	0.00969	0.00484	0.01211
30	0.01757	0.01255	0.01757	0.02008	0.02259	0.01255	0.01757	0.02259	0.02510	0.03263	0.05773	0.12299	0.06275	0.03012	0.01506	0.00502	0.01004	0.47540	0.01004	0.01004
31	0.01308	0.01029	0.01183	0.01305	0.01526	0.00904	0.00918	0.01542	0.02292	0.02867	0.08601	0.34993	0.31515	0.03079	0.01339	0.00404	0.00591	0.02689	0.01012	0.00904
32	0.02703	0.14791	0.03723	0.25154	0.10200	0.14836	0.02494	0.03221	0.02386	0.02777	0.01887	0.02554	0.01561	0.01611	0.05415	0.00424	0.01608	0.00849	0.00512	0.01296
33	0.01894	0.00947	0.01420	0.01420	0.01420	0.00947	0.00947	0.01420	0.01420	0.01894	0.01894	0.03314	0.01894	0.03788	0.04261	0.68277	0.00947	0.00947	0.00473	0.00473
34	0.02099	0.01993	0.03279	0.52123	0.06936	0.02536	0.02949	0.02766	0.02117	0.02766	0.01875	0.02843	0.01451	0.01191	0.01397	0.00377	0.08641	0.00967	0.00484	0.01209
35	0.01328	0.00949	0.01265	0.01518	0.01581	0.00886	0.01012	0.01518	0.02088	0.02783	0.06010	0.60969	0.07212	0.03416	0.01392	0.00443	0.00633	0.03100	0.01012	0.00886
36	0.12314	0.02751	0.02951	0.02288	0.03131	0.02989	0.01889	0.38163	0.04411	0.14219	0.02744	0.02684	0.01903	0.01279	0.01040	0.00330	0.01113	0.00951	0.01080	0.01771
37	0.02781	0.50358	0.05187	0.01963	0.02825	0.03792	0.05371	0.03192	0.02251	0.02819	0.01819	0.02123	0.01590	0.00973	0.00751	0.00246	0.01135	0.00689	0.08776	0.01357
38	0.02196	0.05183	0.49394	0.02923	0.04456	0.02399	0.03691	0.03366	0.02297	0.03465	0.01954	0.02297	0.01410	0.01008	0.01008	0.00323	0.01512	0.00786	0.00483	0.09849

[dist]
# distance from previous block
# <min> <max>
0	40

[block]
# block no. 3 follows, 12 sequences, length 101
# corresponding to MSA columns:
# 169-269
name=unknown_D
#
# <colnr> <probs for GDERKNQSTAVLIFYWHMCP>
#	G	D	E	R	K	N	Q	S	T	A	V	L	I	F	Y	W	H	M	C	P
0	0.02674	0.02245	0.03718	0.10522	0.37859	0.02263	0.02871	0.03265	0.02487	0.08235	0.02806	0.07675	0.02518	0.01343	0.01136	0.00350	0.01208	0.04574	0.00677	0.01577
1	0.01292	0.01092	0.01118	0.01139	0.01482	0.00918	0.00844	0.01561	0.02452	0.02932	0.10629	0.14668	0.50531	0.02816	0.01297	0.00374	0.00559	0.02367	0.01012	0.00918
2	0.01586	0.01057	0.01189	0.01189	0.01189	0.01057	0.00661	0.01586	0.01586	0.02114	0.03436	0.07135	0.03964	0.61681	0.05550	0.01057	0.01057	0.01586	0.00661	0.00661
3	0.01397	0.00955	0.01241	0.01469	0.01551	0.00898	0.00988	0.01618	0.02107	0.02909	0.05770	0.55410	0.06780	0.03206	0.01330	0.00424	0.00620	0.02896	0.07530	0.00898
4	0.69383	0.02109	0.01603	0.01434	0.02109	0.02446	0.01181	0.03205	0.01856	0.04892	0.01518	0.01771	0.01181	0.01012	0.00675	0.00337	0.00843	0.00590	0.00675	0.01181
5	0.01602	0.01095	0.01454	0.01454	0.01538	0.01179	0.00990	0.01726	0.01642	0.02274	0.03071	0.05551	0.03238	0.33237	0.27781	0.07584	0.01851	0.01346	0.00610	0.00778
6	0.02712	0.02342	0.02465	0.02219	0.02835	0.02712	0.01726	0.05794	0.52909	0.04561	0.04438	0.04068	0.03328	0.01479	0.01109	0.00370	0.00863	0.01233	0.01109	0.01726
7	0.04145	0.03054	0.03272	0.02509	0.03381	0.03381	0.02072	0.51243	0.05127	0.06872	0.02618	0.02618	0.01854	0.01309	0.01091	0.00327	0.01200	0.00982	0.01091	0.01854
8	0.04073	0.05197	0.03090	0.02809	0.03371	0.57303	0.02107	0.04354	0.03090	0.02669	0.01685	0.01966	0.01404	0.01124	0.00983	0.00281	0.01966	0.00702	0.00562	0.01264
9	0.01374	0.00981	0.01317	0.01570	0.01653	0.00925	0.01091	0.01597	0.02132	0.02834	0.05985	0.55803	0.07112	0.03373	0.01404	0.00449	0.00672	0.07817	0.01011	0.00898
10	0.02231	0.01603	0.01827	0.01654	0.02120	0.01629	0.01277	0.03542	0.19664	0.09544	0.22183	0.06854	0.17441	0.02008	0.01207	0.00357	0.00684	0.01708	0.01142	0.01325
11	0.04145	0.03054	0.03272	0.02509	0.03381	0.03381	0.02072	0.51243	0.05127	0.06872	0.02618	0.02618	0.01854	0.01309	0.01091	0.00327	0.01200	0.00982	0.01091	0.01854
12	0.04576	0.02363	0.02845	0.02181	0.03037	0.02356	0.01802	0.24763	0.03970	0.34985	0.03589	0.03248	0.02341	0.01332	0.01094	0.00333	0.01043	0.01048	0.01240	0.01855
13	0.69383	0.02109	0.01603	0.01434	0.02109	0.02446	0.01181	0.03205	0.01856	0.04892	0.01518	0.01771	0.01181	0.01012	0.00675	0.00337	0.00843	0.00590	0.00675	0.01181
14	0.01763	0.01345	0.01647	0.01531	0.01856	0.01345	0.01160	0.02759	0.12444	0.04408	0.44938	0.07379	0.08981	0.02088	0.01253	0.00348	0.00580	0.01833	0.01183	0.01160
15	0.02059	0.01938	0.03270	0.59060	0.07510	0.02422	0.03028	0.02786	0.02180	0.02786	0.01938	0.02907	0.01453	0.01090	0.01090	0.00363	0.01453	0.00969	0.00484	0.01211
16	0.02187	0.05640	0.56031	0.03108	0.04719	0.02532	0.04029	0.03453	0.02302	0.03453	0.01957	0.02302	0.01381	0.01036	0.01036	0.00345	0.01611	0.00806	0.00460	0.01611
17	0.02494	0.02515	0.03941	0.03170	0.03561	0.03076	0.14302	0.03443	0.11646	0.03208	0.02196	0.02844	0.01848	0.01581	0.02540	0.00430	0.34137	0.01090	0.00616	0.01363
18	0.01323	0.01050	0.01189	0.01273	0.01524	0.00916	0.00909	0.01586	0.02390	0.02998	0.12596	0.28320	0.34172	0.02954	0.01325	0.00393	0.00578	0.02561	0.01027	0.00916
19	0.02169	0.01962	0.03253	0.44208	0.15206	0.02315	0.02863	0.02860	0.02244	0.03047	0.02116	0.02984	0.01632	0.01087	0.01056	0.00346	0.01333	0.00974	0.07064	0.01283
20	0.01562	0.01150	0.01658	0.01658	0.01820	0.01312	0.01246	0.01887	0.01724	0.02462	0.03007	0.04760	0.02933	0.17112	0.48708	0.01636	0.02609	0.01238	0.00597	0.00921
21	0.01328	0.00949	0.01265	0.01518	0.01581	0.00886	0.01012	0.01518	0.02088	0.02783	0.06010	0.60969	0.07212	0.03416	0.01392	0.00443	0.00633	0.03100	0.01012	0.00886
22	0.01898	0.01164	0.01505	0.01407	0.01704	0.01072	0.01059	0.02375	0.02931	0.09218	0.40648	0.11786	0.08593	0.02154	0.01228	0.00343	0.00564	0.01893	0.07363	0.01096
23	0.02580	0.03078	0.10465	0.05174	0.22487	0.02679	0.30126	0.03439	0.02517	0.03513	0.02129	0.02797	0.01653	0.00948	0.01192	0.00350	0.01630	0.01133	0.00539	0.01572
24	0.03067	0.03522	0.03239	0.02841	0.03068	0.25147	0.02273	0.03323	0.02244	0.02642	0.01534	0.02216	0.01420	0.01591	0.02530	0.00398	0.36360	0.00852	0.00511	0.01222
25	0.02383	0.02268	0.03855	0.32554	0.31486	0.02508	0.03189	0.03070	0.02333	0.03179	0.01995	0.02802	0.01592	0.01030	0.01085	0.00343	0.01373	0.00970	0.00512	0.01472
26	0.01808	0.01409	0.02213	0.02242	0.02568	0.01384	0.06914	0.02329	0.02482	0.03248	0.05414	0.15331	0.05862	0.02823	0.01473	0.00483	0.01062	0.38956	0.00957	0.01044
27	0.01456	0.01111	0.01336	0.01280	0.01575	0.00992	0.00960	0.01888	0.02880	0.03883	0.39455	0.08951	0.25443	0.02412	0.01287	0.00352	0.00527	0.02085	0.01136	0.00992
28	0.02838	0.56319	0.11054	0.01998	0.03002	0.04125	0.02095	0.03285	0.02225	0.02660	0.01563	0.01808	0.01397	0.00944	0.00735	0.00245	0.01213	0.00607	0.00466	0.01422
29	0.01845	0.01172	0.01544	0.01438	0.01735	0.01072	0.01082	0.02324	0.03010	0.09124	0.45671	0.11960	0.09319	0.02241	0.01276	0.00350	0.00563	0.01979	0.01199	0.01096
30	0.01373	0.00989	0.01266	0.01439	0.01540	0.00920	0.00965	0.01586	0.02175	0.02899	0.11274	0.46197	0.10875	0.08931	0.01779	0.00486	0.00655	0.02770	0.00998	0.00882
31	0.01636	0.01096	0.01374	0.01304	0.01561	0.01026	0.00978	0.02150	0.02934	0.04314	0.44645	0.07368	0.08862	0.02047	0.01186	0.00326	0.00513	0.01790	0.13863	0.01026
32	0.02712	0.02342	0.02465	0.02219	0.02835	0.02712	0.01726	0.05794	0.52909	0.04561	0.04438	0.04068	0.03328	0.01479	0.01109	0.00370	0.00863	0.01233	0.01109	0.01726
33	0.02712	0.02342	0.02465	0.02219	0.02835	0.02712	0.01726	0.05794	0.52909	0.04561	0.04438	0.04068	0.03328	0.01479	0.01109	0.00370	0.00863	0.01233	0.01109	0.01726
34	0.04892	0.01856	0.02530	0.01940	0.02783	0.01603	0.01603	0.05314	0.03121	0.55634	0.04302	0.03711	0.02699	0.01350	0.01096	0.00337	0.00928	0.01096	0.01350	0.01856
35	0.69383	0.02109	0.01603	0.01434	0.02109	0.02446	0.01181	0.03205	0.01856	0.04892	0.01518	0.01771	0.01181	0.01012	0.00675	0.00337	0.00843	0.00590	0.00675	0.01181
36	0.69383	0.02109	0.01603	0.01434	0.02109	0.02446	0.01181	0.03205	0.01856	0.04892	0.01518	0.01771	0.01181	0.01012	0.00675	0.00337	0.00843	0.00590	0.00675	0.01181
37	0.01460	0.01111	0.01343	0.01285	0.01578	0.00994	0.00964	0.01897	0.02891	0.03908	0.40222	0.08909	0.24659	0.02402	0.01287	0.00351	0.00527	0.02079	0.01139	0.00994
38	0.02187	0.05640	0.56031	0.03108	0.04719	0.02532	0.04029	0.03453	0.02302	0.03453	0.01957	0.02302	0.01381	0.01036	0.01036	0.00345	0.01611	0.00806	0.00460	0.01611
39	0.02187	0.05640	0.56031	0.03108	0.04719	0.02532	0.04029	0.03453	0.02302	0.03453	0.01957	0.02302	0.01381	0.01036	0.01036	0.00345	0.01611	0.00806	0.00460	0.01611
40	0.02915	0.62337	0.05714	0.01866	0.02799	0.04314	0.01866	0.03265	0.02215	0.02565	0.01516	0.01749	0.01399	0.00933	0.00700	0.00233	0.01166	0.00583	0.00466	0.01399
41	0.01512	0.01044	0.01293	0.01361	0.01407	0.01056	0.00859	0.01621	0.01746	0.02357	0.04056	0.21284	0.04660	0.38027	0.12060	0.00993	0.01217	0.01934	0.00745	0.00768
42	0.01289	0.01105	0.01105	0.01105	0.01473	0.00920	0.00828	0.01565	0.02485	0.02946	0.11046	0.10493	0.54437	0.02761	0.01289	0.00368	0.00552	0.02301	0.01013	0.00920
43	0.02699	0.02591	0.04426	0.06693	0.54879	0.02591	0.03346	0.03346	0.02483	0.03562	0.02051	0.02699	0.01727	0.00972	0.01079	0.00324	0.01295	0.00972	0.00540	0.01727
44	0.02274	0.01087	0.01144	0.01094	0.01398	0.01066	0.00833	0.02774	0.02357	0.08412	0.03620	0.04035	0.02787	0.01277	0.00790	0.00261	0.00544	0.01023	0.62138	0.01087
45	0.01529	0.01092	0.01495	0.01747	0.01898	0.01058	0.01361	0.01865	0.02285	0.03008	0.05899	0.38199	0.06773	0.03227	0.01445	0.00471	0.00806	0.23891	0.01008	0.00941
46	0.26005	0.02107	0.02460	0.02260	0.07435	0.02121	0.01663	0.08231	0.02808	0.29957	0.03031	0.02884	0.02036	0.01199	0.00955	0.00335	0.00956	0.00908	0.01029	0.01620
47	0.02373	0.07852	0.03154	0.08516	0.08299	0.02369	0.01981	0.02830	0.02135	0.03167	0.01793	0.02352	0.01546	0.01116	0.01485	0.00278	0.14372	0.00776	0.00563	0.33041
48	0.02712	0.02342	0.02465	0.02219	0.02835	0.02712	0.01726	0.05794	0.52909	0.04561	0.04438	0.04068	0.03328	0.01479	0.01109	0.00370	0.00863	0.01233	0.01109	0.01726
49	0.01558	0.01154	0.01677	0.01668	0.01855	0.01304	0.01273	0.01931	0.01881	0.02694	0.08414	0.04914	0.03624	0.11686	0.47399	0.01549	0.02521	0.01286	0.00655	0.00955
50	0.01523	0.01140	0.01443	0.01604	0.01788	0.01108	0.01177	0.02031	0.06350	0.03145	0.10073	0.39285	0.11596	0.03038	0.01370	0.00432	0.00696	0.10182	0.01033	0.00987
51	0.69383	0.02109	0.01603	0.01434	0.02109	0.02446	0.01181	0.03205	0.01856	0.04892	0.01518	0.01771	0.01181	0.01012	0.00675	0.00337	0.00843	0.00590	0.00675	0.01181
52	0.02854	0.57558	0.09955	0.01970	0.02960	0.04164	0.02048	0.03281	0.02223	0.02640	0.01553	0.01796	0.01398	0.00942	0.00728	0.00243	0.01204	0.00602	0.00466	0.01417
53	0.01618	0.01045	0.01214	0.01214	0.01214	0.01045	0.00691	0.01568	0.01568	0.02091	0.03272	0.06730	0.03744	0.55536	0.05413	0.08192	0.01045	0.01518	0.00641	0.00641
54	0.03484	0.02490	0.04290	0.03205	0.04015	0.02518	0.21437	0.08517	0.02855	0.21487	0.02834	0.03082	0.01994	0.01266	0.01580	0.00371	0.10982	0.01138	0.00863	0.01593
55	0.01707	0.01045	0.01399	0.01563	0.01709	0.00962	0.01075	0.01921	0.02197	0.08393	0.05828	0.54892	0.06733	0.03197	0.01360	0.00432	0.00664	0.02887	0.01048	0.00989
56	0.02637	0.02624	0.04008	0.20456	0.38016	0.06934	0.03161	0.03276	0.02450	0.03282	0.01991	0.02696	0.01628	0.01016	0.01075	0.00331	0.01392	0.00949	0.00527	0.01551
57	0.69383	0.02109	0.01603	0.01434	0.02109	0.02446	0.01181	0.03205	0.01856	0.04892	0.01518	0.01771	0.01181	0.01012	0.00675	0.00337	0.00843	0.00590	0.00675	0.01181
58	0.04509	0.02212	0.02884	0.02517	0.07753	0.02122	0.01877	0.16169	0.03544	0.39092	0.03688	0.03355	0.02406	0.01305	0.01094	0.00334	0.01027	0.01057	0.01212	0.01843
59	0.02551	0.34023	0.30842	0.02486	0.03758	0.03424	0.02946	0.03359	0.02259	0.03009	0.01736	0.02025	0.01390	0.00984	0.00868	0.00289	0.01388	0.00694	0.00463	0.01505
60	0.01328	0.00949	0.01265	0.01518	0.01581	0.00886	0.01012	0.01518	0.02088	0.02783	0.06010	0.60969	0.07212	0.03416	0.01392	0.00443	0.00633	0.03100	0.01012	0.00886
61	0.02059	0.01938	0.03270	0.59060	0.07510	0.02422	0.03028	0.02786	0.02180	0.02786	0.01938	0.02907	0.01453	0.01090	0.01090	0.00363	0.01453	0.00969	0.00484	0.01211
62	0.08621	0.02470	0.08311	0.09907	0.23110	0.02272	0.02638	0.06931	0.02570	0.03760	0.02939	0.08366	0.02784	0.01541	0.01134	0.00370	0.01197	0.08944	0.00696	0.01439
63	0.02401	0.02406	0.04443	0.27979	0.22951	0.02562	0.15017	0.03149	0.02379	0.03222	0.02042	0.02846	0.01595	0.01008	0.01135	0.00351	0.01496	0.01049	0.00520	0.01449
64	0.69383	0.02109	0.01603	0.01434	0.02109	0.02446	0.01181	0.03205	0.01856	0.04892	0.01518	0.01771	0.01181	0.01012	0.00675	0.00337	0.00843	0.00590	0.00675	0.01181
65	0.01328	0.00949	0.01265	0.01518	0.01581	0.00886	0.01012	0.01518	0.02088	0.02783	0.06010	0.60969	0.07212	0.03416	0.01392	0.00443	0.00633	0.03100	0.01012	0.00886
66	0.04073	0.05197	0.03090	0.02809	0.03371	0.57303	0.02107	0.04354	0.03090	0.02669	0.01685	0.01966	0.01404	0.01124	0.00983	0.00281	0.01966	0.00702	0.00562	0.01264
67	0.02059	0.01938	0.03270	0.59060	0.07510	0.02422	0.03028	0.02786	0.02180	0.02786	0.01938	0.02907	0.01453	0.01090	0.01090	0.00363	0.01453	0.00969	0.00484	0.01211
68	0.01336	0.01106	0.01170	0.01154	0.01502	0.00941	0.00866	0.01657	0.02597	0.03211	0.19107	0.10056	0.46210	0.02662	0.01288	0.00363	0.00545	0.02240	0.01048	0.00941
69	0.69383	0.02109	0.01603	0.01434	0.02109	0.02446	0.01181	0.03205	0.01856	0.04892	0.01518	0.01771	0.01181	0.01012	0.00675	0.00337	0.00843	0.00590	0.00675	0.01181
70	0.04073	0.05197	0.03090	0.02809	0.03371	0.57303	0.02107	0.04354	0.03090	0.02669	0.01685	0.01966	0.01404	0.01124	0.00983	0.00281	0.01966	0.00702	0.00562	0.01264
71	0.01530	0.01093	0.01497	0.01749	0.01900	0.01059	0.01363	0.01867	0.02286	0.03009	0.05898	0.38075	0.06771	0.03226	0.01445	0.00471	0.00807	0.24004	0.01008	0.00941
72	0.01333	0.01005	0.01234	0.01390	0.01554	0.00906	0.00961	0.01571	0.02274	0.02947	0.11002	0.42780	0.20807	0.03143	0.01355	0.00414	0.00601	0.02790	0.01026	0.00906
73	0.01639	0.01284	0.01918	0.01670	0.02006	0.01189	0.05651	0.02191	0.03039	0.04291	0.49477	0.07663	0.09488	0.02108	0.01286	0.00345	0.00637	0.01908	0.01140	0.01070
74	0.02261	0.01938	0.02261	0.01615	0.02584	0.01453	0.01292	0.02745	0.02261	0.03553	0.01938	0.02261	0.01615	0.00807	0.00807	0.00161	0.00807	0.00646	0.00646	0.68346
75	0.04073	0.05197	0.03090	0.02809	0.03371	0.57303	0.02107	0.04354	0.03090	0.02669	0.01685	0.01966	0.01404	0.01124	0.00983	0.00281	0.01966	0.00702	0.00562	0.01264
76	0.03802	0.23276	0.04032	0.02228	0.03118	0.03513	0.01952	0.29899	0.03914	0.10569	0.02418	0.02436	0.01788	0.01184	0.00957	0.00296	0.01159	0.00857	0.00904	0.01698
77	0.04073	0.05197	0.03090	0.02809	0.03371	0.57303	0.02107	0.04354	0.03090	0.02669	0.01685	0.01966	0.01404	0.01124	0.00983	0.00281	0.01966	0.00702	0.00562	0.01264
78	0.01558	0.01168	0.01752	0.01752	0.01947	0.01363	0.01363	0.01947	0.01752	0.02531	0.02921	0.04283	0.02726	0.08178	0.57360	0.01752	0.02921	0.01168	0.00584	0.00974
79	0.01986	0.01026	0.01058	0.01050	0.01304	0.01017	0.00788	0.02495	0.02363	0.04094	0.08387	0.04453	0.03508	0.01362	0.00812	0.00263	0.00509	0.01107	0.61401	0.01017
80	0.08642	0.07949	0.03958	0.04925	0.35983	0.02554	0.02705	0.03694	0.02525	0.13283	0.02377	0.02723	0.01833	0.01042	0.01014	0.00319	0.01178	0.00927	0.00695	0.01676
81	0.01586	0.01057	0.01189	0.01189	0.01189	0.01057	0.00661	0.01586	0.01586	0.02114	0.03436	0.07135	0.03964	0.61681	0.05550	0.01057	0.01057	0.01586	0.00661	0.00661
82	0.02187	0.05640	0.56031	0.03108	0.04719	0.02532	0.04029	0.03453	0.02302	0.03453	0.01957	0.02302	0.01381	0.01036	0.01036	0.00345	0.01611	0.00806	0.00460	0.01611
83	0.02846	0.56941	0.10503	0.01984	0.02981	0.04145	0.02072	0.03283	0.02224	0.02650	0.01558	0.01802	0.01398	0.00943	0.00732	0.00244	0.01208	0.00604	0.00466	0.01419
84	0.01894	0.00947	0.01420	0.01420	0.01420	0.00947	0.00947	0.01420	0.01420	0.01894	0.01894	0.03314	0.01894	0.03788	0.04261	0.68277	0.00947	0.00947	0.00473	0.00473
85	0.01378	0.01093	0.01239	0.01235	0.01536	0.00953	0.00914	0.01726	0.02649	0.03409	0.25098	0.14635	0.34980	0.02646	0.01298	0.00367	0.00547	0.02268	0.01076	0.00953
86	0.01620	0.01211	0.01566	0.01744	0.02029	0.01157	0.01485	0.02056	0.02503	0.03170	0.07315	0.11771	0.20363	0.02939	0.01442	0.00463	0.00872	0.34307	0.01007	0.00980
87	0.02261	0.01938	0.02261	0.01615	0.02584	0.01453	0.01292	0.02745	0.02261	0.03553	0.01938	0.02261	0.01615	0.00807	0.00807	0.00161	0.00807	0.00646	0.00646	0.68346
88	0.01293	0.01089	0.01120	0.01145	0.01483	0.00917	0.00846	0.01560	0.02446	0.02930	0.10554	0.15424	0.49823	0.02825	0.01299	0.00375	0.00560	0.02379	0.01012	0.00917
89	0.01366	0.00965	0.01254	0.01470	0.01524	0.00911	0.00960	0.01528	0.02014	0.02685	0.05630	0.53035	0.06733	0.12003	0.02004	0.00533	0.00695	0.02877	0.00960	0.00852
90	0.02915	0.62337	0.05714	0.01866	0.02799	0.04314	0.01866	0.03265	0.02215	0.02565	0.01516	0.01749	0.01399	0.00933	0.00700	0.00233	0.01166	0.00583	0.00466	0.01399
91	0.04420	0.02288	0.07808	0.02515	0.08057	0.01788	0.02004	0.04944	0.02981	0.45581	0.03859	0.03478	0.02479	0.01283	0.01089	0.00337	0.01029	0.01057	0.01186	0.01820
92	0.01966	0.01256	0.01718	0.01891	0.02169	0.01233	0.01613	0.02438	0.02503	0.07017	0.05523	0.14982	0.05838	0.02797	0.01413	0.00467	0.00932	0.37229	0.05958	0.01056
93	0.01695	0.01413	0.02102	0.07266	0.10137	0.01503	0.01660	0.02002	0.02114	0.02884	0.04641	0.41826	0.05360	0.02713	0.01528	0.00422	0.06421	0.02399	0.00846	0.01068
94	0.02928	0.03194	0.17285	0.13548	0.16440	0.02481	0.02960	0.08435	0.06462	0.11744	0.02581	0.02879	0.01867	0.01138	0.01076	0.00342	0.01309	0.00967	0.00729	0.01637
95	0.02187	0.05640	0.56031	0.03108	0.04719	0.02532	0.04029	0.03453	0.02302	0.03453	0.01957	0.02302	0.01381	0.01036	0.01036	0.00345	0.01611	0.00806	0.00460	0.01611
96	0.02574	0.02941	0.06434	0.04596	0.05699	0.02757	0.50919	0.03493	0.02574	0.03493	0.02206	0.02941	0.01654	0.00919	0.01287	0.00368	0.01838	0.01287	0.00551	0.01471
97	0.10202	0.12852	0.08289	0.02898	0.03742	0.21238	0.13320	0.03932	0.07385	0.03321	0.02045	0.02364	0.01619	0.01062	0.00993	0.00313	0.01562	0.00865	0.00601	0.01395
98	0.02974	0.04581	0.34048	0.03116	0.07702	0.07101	0.03256	0.11249	0.02912	0.09473	0.02294	0.02501	0.01622	0.01115	0.01050	0.00335	0.01481	0.00867	0.00668	0.01655
99	0.02930	0.03127	0.12513	0.03455	0.09002	0.07501	0.17091	0.03806	0.06065	0.12119	0.03008	0.09086	0.02472	0.01338	0.01164	0.00355	0.01414	0.01279	0.00757	0.01519
100	0.69383	0.02109	0.01603	0.01434	0.02109	0.02446	0.01181	0.03205	0.01856	0.04892	0.01518	0.01771	0.01181	0.01012	0.00675	0.00337	0.00843	0.00590	0.00675	0.01181

[dist]
# distance from previous block
# <min> <max>
0	1

[block]
# block no. 4 follows, 12 sequences, length 51
# corresponding to MSA columns:
# 271-321
name=unknown_E
#
# <colnr> <probs for GDERKNQSTAVLIFYWHMCP>
#	G	D	E	R	K	N	Q	S	T	A	V	L	I	F	Y	W	H	M	C	P
0	0.09633	0.01725	0.01883	0.01723	0.02173	0.01872	0.01329	0.03705	0.23197	0.04507	0.28112	0.05772	0.06437	0.01788	0.01146	0.00353	0.00693	0.01516	0.01104	0.01329
1	0.02579	0.02524	0.03026	0.11814	0.12776	0.10662	0.02277	0.07097	0.02591	0.03368	0.06888	0.11314	0.03094	0.01685	0.01632	0.00373	0.12988	0.01316	0.00694	0.01303
2	0.01894	0.00947	0.01420	0.01420	0.01420	0.00947	0.00947	0.01420	0.01420	0.01894	0.01894	0.03314	0.01894	0.03788	0.04261	0.68277	0.00947	0.00947	0.00473	0.00473
3	0.02712	0.02342	0.02465	0.02219	0.02835	0.02712	0.01726	0.05794	0.52909	0.04561	0.04438	0.04068	0.03328	0.01479	0.01109	0.00370	0.00863	0.01233	0.01109	0.01726
4	0.02241	0.01857	0.02151	0.01562	0.02468	0.01415	0.01245	0.02727	0.02263	0.03598	0.02080	0.02420	0.01719	0.00848	0.00804	0.00170	0.00781	0.00679	0.06548	0.62423
5	0.04145	0.03054	0.03272	0.02509	0.03381	0.03381	0.02072	0.51243	0.05127	0.06872	0.02618	0.02618	0.01854	0.01309	0.01091	0.00327	0.01200	0.00982	0.01091	0.01854
6	0.02836	0.02552	0.04009	0.15615	0.37039	0.02699	0.03062	0.11707	0.02894	0.04004	0.02130	0.02723	0.01699	0.01053	0.01083	0.00332	0.01308	0.00973	0.00627	0.01654
7	0.01523	0.01104	0.01416	0.01445	0.01659	0.01032	0.01080	0.01920	0.02668	0.03649	0.31797	0.16821	0.12562	0.07842	0.01712	0.00446	0.00653	0.08630	0.01080	0.00962
8	0.01312	0.01105	0.01137	0.01129	0.01487	0.00930	0.00847	0.01610	0.02541	0.03077	0.15029	0.10277	0.50372	0.02712	0.01288	0.00366	0.00549	0.02271	0.01030	0.00930
9	0.03433	0.11169	0.03561	0.14169	0.12935	0.02496	0.02299	0.03928	0.02562	0.23469	0.02772	0.02965	0.01977	0.01216	0.01242	0.00336	0.06103	0.00960	0.00828	0.01580
10	0.02059	0.01938	0.03270	0.59060	0.07510	0.02422	0.03028	0.02786	0.02180	0.02786	0.01938	0.02907	0.01453	0.01090	0.01090	0.00363	0.01453	0.00969	0.00484	0.01211
11	0.01328	0.00949	0.01265	0.01518	0.01581	0.00886	0.01012	0.01518	0.02088	0.02783	0.06010	0.60969	0.07212	0.03416	0.01392	0.00443	0.00633	0.03100	0.01012	0.00886
12	0.69383	0.02109	0.01603	0.01434	0.02109	0.02446	0.01181	0.03205	0.01856	0.04892	0.01518	0.01771	0.01181	0.01012	0.00675	0.00337	0.00843	0.00590	0.00675	0.01181
13	0.02078	0.01943	0.03473	0.03881	0.19268	0.01878	0.13154	0.02605	0.02359	0.03231	0.03884	0.25248	0.04148	0.02047	0.01280	0.00394	0.01147	0.05931	0.00759	0.01293
14	0.02187	0.05640	0.56031	0.03108	0.04719	0.02532	0.04029	0.03453	0.02302	0.03453	0.01957	0.02302	0.01381	0.01036	0.01036	0.00345	0.01611	0.00806	0.00460	0.01611
15	0.01341	0.01121	0.01178	0.01206	0.01561	0.00958	0.00933	0.01643	0.02488	0.02981	0.10454	0.10696	0.49031	0.02790	0.01313	0.00383	0.00603	0.07379	0.01012	0.00930
16	0.08681	0.10852	0.03408	0.07790	0.08308	0.37369	0.02202	0.03916	0.02762	0.02921	0.01709	0.02075	0.01421	0.01077	0.00946	0.00291	0.01684	0.00728	0.00551	0.01311
17	0.02817	0.18863	0.03930	0.02587	0.02933	0.12896	0.02199	0.03093	0.02060	0.02616	0.01498	0.02143	0.01418	0.01513	0.02363	0.00378	0.34130	0.00812	0.00489	0.01260
18	0.02223	0.03850	0.30032	0.02386	0.03687	0.02011	0.02705	0.03111	0.02282	0.03501	0.01948	0.02282	0.01494	0.00925	0.00925	0.00256	0.01223	0.00728	0.00550	0.33880
19	0.02991	0.36691	0.13659	0.02225	0.03236	0.03699	0.02263	0.12064	0.07247	0.03662	0.02047	0.02205	0.01648	0.01066	0.00864	0.00281	0.01222	0.00750	0.00634	0.01546
20	0.04145	0.03054	0.03272	0.02509	0.03381	0.03381	0.02072	0.51243	0.05127	0.06872	0.02618	0.02618	0.01854	0.01309	0.01091	0.00327	0.01200	0.00982	0.01091	0.01854
21	0.01378	0.01108	0.01229	0.01198	0.01528	0.00959	0.00899	0.01738	0.02696	0.03447	0.26245	0.09668	0.38924	0.02574	0.01288	0.00359	0.00539	0.02185	0.01078	0.00959
22	0.01932	0.01159	0.01529	0.01499	0.01717	0.01218	0.01107	0.02263	0.01981	0.07449	0.03528	0.09565	0.03342	0.15213	0.26895	0.01087	0.01727	0.01371	0.14422	0.00997
23	0.01687	0.01300	0.01832	0.01805	0.02047	0.01514	0.01404	0.02379	0.07495	0.02759	0.03091	0.04259	0.02793	0.07426	0.51046	0.01597	0.02690	0.01175	0.00643	0.01058
24	0.01894	0.00947	0.01420	0.01420	0.01420	0.00947	0.00947	0.01420	0.01420	0.01894	0.01894	0.03314	0.01894	0.03788	0.04261	0.68277	0.00947	0.00947	0.00473	0.00473
25	0.04638	0.01781	0.02396	0.01858	0.02649	0.01551	0.01528	0.05068	0.03047	0.51058	0.04236	0.03743	0.02708	0.01342	0.01067	0.00330	0.00891	0.01089	0.07240	0.01781
26	0.03408	0.01765	0.02682	0.02169	0.02658	0.01776	0.06066	0.03582	0.02346	0.26846	0.02959	0.03322	0.02172	0.02120	0.02430	0.20578	0.09880	0.01048	0.00884	0.01309
27	0.02627	0.02517	0.04296	0.12571	0.49562	0.02572	0.03311	0.03283	0.02449	0.03475	0.02038	0.02722	0.01696	0.00985	0.01081	0.00328	0.01313	0.00971	0.00534	0.01669
28	0.03877	0.04863	0.02977	0.02741	0.03277	0.52563	0.02077	0.04177	0.03041	0.02719	0.02031	0.02840	0.01816	0.01283	0.01027	0.00300	0.01885	0.04664	0.00599	0.01242
29	0.17257	0.35106	0.04179	0.02014	0.02798	0.17368	0.01782	0.03529	0.02361	0.03083	0.01559	0.01809	0.01354	0.00998	0.00766	0.00267	0.01301	0.00615	0.00535	0.01319
30	0.01289	0.01105	0.01105	0.01105	0.01473	0.00920	0.00828	0.01565	0.02485	0.02946	0.11046	0.10493	0.54437	0.02761	0.01289	0.00368	0.00552	0.02301	0.01013	0.00920
31	0.02261	0.01938	0.02261	0.01615	0.02584	0.01453	0.01292	0.02745	0.02261	0.03553	0.01938	0.02261	0.01615	0.00807	0.00807	0.00161	0.00807	0.00646	0.00646	0.68346
32	0.01512	0.01103	0.01316	0.01262	0.01552	0.00996	0.00947	0.01956	0.02841	0.03929	0.37207	0.08472	0.22521	0.02300	0.01241	0.00342	0.00525	0.01984	0.06999	0.00996
33	0.01571	0.01116	0.01486	0.01486	0.01589	0.01218	0.01031	0.01776	0.01673	0.02334	0.03164	0.05633	0.03312	0.33489	0.32849	0.01423	0.02039	0.01366	0.00620	0.00826
34	0.02033	0.01016	0.01016	0.01016	0.01270	0.01016	0.00762	0.02541	0.02287	0.04065	0.03557	0.04065	0.02795	0.01270	0.00762	0.00254	0.00508	0.01016	0.67734	0.01016
35	0.02261	0.01938	0.02261	0.01615	0.02584	0.01453	0.01292	0.02745	0.02261	0.03553	0.01938	0.02261	0.01615	0.00807	0.00807	0.00161	0.00807	0.00646	0.00646	0.68346
36	0.04661	0.01863	0.02507	0.01911	0.02766	0.01589	0.01575	0.05089	0.03045	0.51068	0.04094	0.03584	0.02604	0.01302	0.01071	0.00322	0.00917	0.01057	0.01288	0.07686
37	0.01322	0.00972	0.01241	0.01456	0.01565	0.00891	0.00984	0.01525	0.02148	0.02808	0.06769	0.53356	0.14335	0.03317	0.01376	0.00432	0.00620	0.02979	0.01012	0.00891
38	0.02712	0.02342	0.02465	0.02219	0.02835	0.02712	0.01726	0.05794	0.52909	0.04561	0.04438	0.04068	0.03328	0.01479	0.01109	0.00370	0.00863	0.01233	0.01109	0.01726
39	0.02915	0.62337	0.05714	0.01866	0.02799	0.04314	0.01866	0.03265	0.02215	0.02565	0.01516	0.01749	0.01399	0.00933	0.00700	0.00233	0.01166	0.00583	0.00466	0.01399
40	0.69383	0.02109	0.01603	0.01434	0.02109	0.02446	0.01181	0.03205	0.01856	0.04892	0.01518	0.01771	0.01181	0.01012	0.00675	0.00337	0.00843	0.00590	0.00675	0.01181
41	0.04145	0.03054	0.03272	0.02509	0.03381	0.03381	0.02072	0.51243	0.05127	0.06872	0.02618	0.02618	0.01854	0.01309	0.01091	0.00327	0.01200	0.00982	0.01091	0.01854
42	0.01334	0.01052	0.01163	0.01239	0.01474	0.00925	0.00865	0.01553	0.02264	0.02803	0.08671	0.25359	0.34511	0.09573	0.01798	0.00468	0.00633	0.02462	0.00973	0.00881
43	0.69383	0.02109	0.01603	0.01434	0.02109	0.02446	0.01181	0.03205	0.01856	0.04892	0.01518	0.01771	0.01181	0.01012	0.00675	0.00337	0.00843	0.00590	0.00675	0.01181
44	0.02915	0.62337	0.05714	0.01866	0.02799	0.04314	0.01866	0.03265	0.02215	0.02565	0.01516	0.01749	0.01399	0.00933	0.00700	0.00233	0.01166	0.00583	0.00466	0.01399
45	0.01757	0.01255	0.01757	0.02008	0.02259	0.01255	0.01757	0.02259	0.02510	0.03263	0.05773	0.12299	0.06275	0.03012	0.01506	0.00502	0.01004	0.47540	0.01004	0.01004
46	0.01365	0.00975	0.01307	0.01560	0.01640	0.00917	0.01076	0.01582	0.02124	0.02825	0.05989	0.56785	0.07131	0.03381	0.01402	0.00448	0.00665	0.06920	0.01011	0.00896
47	0.01571	0.01116	0.01486	0.01486	0.01589	0.01218	0.01031	0.01776	0.01673	0.02334	0.03164	0.05633	0.03312	0.33489	0.32849	0.01423	0.02039	0.01366	0.00620	0.00826
48	0.01586	0.01057	0.01189	0.01189	0.01189	0.01057	0.00661	0.01586	0.01586	0.02114	0.03436	0.07135	0.03964	0.61681	0.05550	0.01057	0.01057	0.01586	0.00661	0.00661
49	0.02385	0.02385	0.03340	0.02863	0.02863	0.03340	0.02385	0.02624	0.01670	0.02624	0.01431	0.02385	0.01431	0.01908	0.03578	0.00477	0.59685	0.00954	0.00477	0.01193
50	0.03809	0.02887	0.03083	0.02441	0.03253	0.03224	0.01991	0.40582	0.16335	0.06330	0.03045	0.02958	0.02200	0.01349	0.01095	0.00337	0.01121	0.01041	0.01095	0.01824

[dist]
# distance from previous block
# <min> <max>
0	10

[block]
# block no. 5 follows, 12 sequences, length 16
# corresponding to MSA columns:
# 332-347
name=unknown_F
#
# <colnr> <probs for GDERKNQSTAVLIFYWHMCP>
#	G	D	E	R	K	N	Q	S	T	A	V	L	I	F	Y	W	H	M	C	P
0	0.01461	0.01074	0.01228	0.01239	0.01514	0.00960	0.00911	0.01825	0.02588	0.03495	0.22819	0.16632	0.27543	0.02520	0.01241	0.00358	0.00547	0.02169	0.08916	0.00960
1	0.02915	0.62337	0.05714	0.01866	0.02799	0.04314	0.01866	0.03265	0.02215	0.02565	0.01516	0.01749	0.01399	0.00933	0.00700	0.00233	0.01166	0.00583	0.00466	0.01399
2	0.01368	0.01054	0.01251	0.01315	0.01550	0.00937	0.00943	0.01677	0.02506	0.03260	0.20550	0.27065	0.26914	0.02846	0.01323	0.00387	0.00570	0.02488	0.01061	0.00937
3	0.01543	0.01115	0.01457	0.01372	0.01629	0.01029	0.01029	0.02058	0.03086	0.04372	0.54304	0.08145	0.10288	0.02229	0.01286	0.00343	0.00514	0.01972	0.01200	0.01029
4	0.03144	0.03496	0.21958	0.03573	0.10862	0.02317	0.14159	0.03999	0.02631	0.18917	0.02721	0.02919	0.01880	0.01093	0.01118	0.00345	0.01421	0.01025	0.00755	0.01666
5	0.02915	0.62337	0.05714	0.01866	0.02799	0.04314	0.01866	0.03265	0.02215	0.02565	0.01516	0.01749	0.01399	0.00933	0.00700	0.00233	0.01166	0.00583	0.00466	0.01399
6	0.01359	0.01089	0.01214	0.01222	0.01526	0.00944	0.00902	0.01686	0.02593	0.03294	0.21605	0.15823	0.37503	0.02701	0.01300	0.00370	0.00552	0.02310	0.01061	0.00944
7	0.02217	0.02099	0.03556	0.46130	0.19206	0.02464	0.03107	0.02924	0.02255	0.02978	0.01966	0.02856	0.01521	0.01061	0.01087	0.00354	0.01414	0.00970	0.00498	0.01339
8	0.03490	0.02178	0.02620	0.17607	0.03976	0.08926	0.01971	0.03943	0.02709	0.26607	0.03567	0.11639	0.02851	0.01552	0.01123	0.00353	0.01163	0.01304	0.00962	0.01461
9	0.01633	0.01173	0.01438	0.01571	0.01863	0.01110	0.01311	0.02058	0.02473	0.03258	0.07287	0.10618	0.22274	0.02701	0.01336	0.00424	0.00786	0.26073	0.09637	0.00977
10	0.04073	0.05197	0.03090	0.02809	0.03371	0.57303	0.02107	0.04354	0.03090	0.02669	0.01685	0.01966	0.01404	0.01124	0.00983	0.00281	0.01966	0.00702	0.00562	0.01264
11	0.02915	0.62337	0.05714	0.01866	0.02799	0.04314	0.01866	0.03265	0.02215	0.02565	0.01516	0.01749	0.01399	0.00933	0.00700	0.00233	0.01166	0.00583	0.00466	0.01399
12	0.02057	0.03958	0.33360	0.02739	0.03801	0.02210	0.06749	0.02936	0.02223	0.03184	0.03117	0.04343	0.06225	0.08509	0.01828	0.00454	0.05668	0.04703	0.00578	0.01357
13	0.04815	0.01980	0.02607	0.01999	0.02845	0.01787	0.01651	0.10068	0.03328	0.50587	0.04127	0.03598	0.02612	0.01345	0.01096	0.00336	0.00956	0.01085	0.01323	0.01855
14	0.01652	0.01262	0.01757	0.10518	0.02722	0.01305	0.01575	0.02042	0.02257	0.02918	0.05469	0.19168	0.10394	0.10353	0.01921	0.00527	0.00963	0.21353	0.00882	0.00961
15	0.02249	0.02061	0.03312	0.19600	0.26916	0.02211	0.02656	0.03026	0.06466	0.03275	0.03014	0.14603	0.02888	0.01538	0.01148	0.00362	0.01170	0.01421	0.00667	0.01417

[dist]
# distance from previous block
# <min> <max>
0	1

[block]
# block no. 6 follows, 12 sequences, length 93
# corresponding to MSA columns:
# 349-441
name=unknown_G
#
# <colnr> <probs for GDERKNQSTAVLIFYWHMCP>
#	G	D	E	R	K	N	Q	S	T	A	V	L	I	F	Y	W	H	M	C	P
0	0.09894	0.02143	0.02924	0.02968	0.13970	0.02047	0.01983	0.08823	0.03055	0.35722	0.03428	0.03229	0.02284	0.01236	0.01056	0.00334	0.01024	0.01016	0.01094	0.01770
1	0.03180	0.02091	0.03114	0.17860	0.04321	0.02202	0.07740	0.07642	0.09742	0.19301	0.03221	0.03684	0.02377	0.06828	0.01531	0.00418	0.01202	0.01139	0.00903	0.01506
2	0.02261	0.01938	0.02261	0.01615	0.02584	0.01453	0.01292	0.02745	0.02261	0.03553	0.01938	0.02261	0.01615	0.00807	0.00807	0.00161	0.00807	0.00646	0.00646	0.68346
3	0.02171	0.02053	0.03473	0.49872	0.15821	0.02452	0.03084	0.02884	0.02233	0.02922	0.01958	0.02870	0.01501	0.01069	0.01088	0.00356	0.01426	0.00969	0.00494	0.01302
4	0.02639	0.02530	0.04319	0.11540	0.50494	0.02575	0.03317	0.03294	0.02455	0.03490	0.02040	0.02718	0.01702	0.00982	0.01080	0.00327	0.01310	0.00971	0.00535	0.01679
5	0.02712	0.02342	0.02465	0.02219	0.02835	0.02712	0.01726	0.05794	0.52909	0.04561	0.04438	0.04068	0.03328	0.01479	0.01109	0.00370	0.00863	0.01233	0.01109	0.01726
6	0.69383	0.02109	0.01603	0.01434	0.02109	0.02446	0.01181	0.03205	0.01856	0.04892	0.01518	0.01771	0.01181	0.01012	0.00675	0.00337	0.00843	0.00590	0.00675	0.01181
7	0.02038	0.01264	0.01662	0.01723	0.02057	0.01180	0.01419	0.02451	0.02585	0.10502	0.10292	0.16158	0.15206	0.02722	0.01378	0.00435	0.00828	0.23935	0.01070	0.01095
