[name]
unknown

[dist]
# distance from previous block
# <min> <max>
4	693

[block]
# block no. 0 follows, 11 sequences, length 46
# corresponding to MSA columns:
# 697-742
name=unknown_A
#
# <colnr> <probs for GDERKNQSTAVLIFYWHMCP>
#	G	D	E	R	K	N	Q	S	T	A	V	L	I	F	Y	W	H	M	C	P
0	0.03452	0.08212	0.02802	0.02071	0.02730	0.09143	0.01671	0.08602	0.11283	0.17727	0.15457	0.04468	0.04415	0.01560	0.01126	0.00336	0.01032	0.01259	0.01095	0.01560
1	0.02892	0.01890	0.02436	0.12726	0.03493	0.01967	0.01762	0.04044	0.14949	0.15566	0.08152	0.04502	0.03491	0.09015	0.01716	0.00441	0.01012	0.01247	0.00982	0.07717
2	0.09289	0.02172	0.02464	0.07540	0.03062	0.06772	0.01771	0.07675	0.02823	0.14999	0.09526	0.09108	0.03641	0.02281	0.06022	0.00493	0.06716	0.01327	0.00936	0.01382
3	0.03305	0.02374	0.02721	0.12916	0.03787	0.06810	0.01986	0.08787	0.15830	0.16091	0.09847	0.04097	0.03521	0.01470	0.01149	0.00357	0.01108	0.01214	0.01041	0.01590
4	0.03027	0.02663	0.07131	0.14612	0.04047	0.07257	0.02183	0.11205	0.03187	0.11241	0.12174	0.03894	0.03503	0.01397	0.01122	0.00331	0.01194	0.01147	0.00894	0.07791
5	0.09816	0.02219	0.02584	0.07327	0.03261	0.02338	0.01784	0.12402	0.14300	0.15955	0.07941	0.03738	0.03137	0.01394	0.01083	0.00342	0.00985	0.01124	0.01060	0.07211
6	0.18071	0.07794	0.03256	0.07737	0.03571	0.02641	0.06327	0.10108	0.07202	0.18241	0.02880	0.02929	0.02030	0.01214	0.01016	0.00345	0.01134	0.00970	0.00932	0.01602
7	0.02860	0.02072	0.02775	0.22733	0.04540	0.02331	0.02158	0.09708	0.12311	0.11064	0.07170	0.04117	0.03065	0.06387	0.01536	0.00427	0.01159	0.01211	0.00906	0.01469
8	0.03009	0.02250	0.02697	0.07434	0.03373	0.02059	0.01721	0.13572	0.03073	0.09198	0.02391	0.02626	0.01813	0.01032	0.00956	0.00243	0.01002	0.00822	0.00823	0.39906
9	0.09485	0.02378	0.02752	0.07466	0.03430	0.02574	0.01904	0.15125	0.18221	0.19274	0.03608	0.03435	0.02529	0.01369	0.01096	0.00359	0.01044	0.01090	0.01111	0.01750
10	0.09655	0.01954	0.02497	0.07272	0.03127	0.01935	0.01706	0.10078	0.03128	0.29749	0.08112	0.03829	0.03086	0.01631	0.01387	0.06014	0.00999	0.01131	0.01121	0.01588
11	0.02713	0.07006	0.06576	0.17716	0.04127	0.02372	0.02159	0.12162	0.02971	0.08179	0.07683	0.09224	0.03357	0.07030	0.01566	0.00426	0.01179	0.01338	0.00836	0.01380
12	0.24077	0.02600	0.02496	0.07472	0.03211	0.07621	0.01739	0.15340	0.03129	0.04921	0.06844	0.02882	0.02401	0.01236	0.00959	0.00320	0.01103	0.00907	0.00826	0.09916
13	0.14584	0.02065	0.02391	0.01947	0.02661	0.02068	0.01574	0.14017	0.03352	0.26301	0.08396	0.08996	0.03533	0.01616	0.01107	0.00357	0.00935	0.01303	0.01173	0.01624
14	0.07258	0.09829	0.03235	0.21429	0.08603	0.07381	0.02249	0.03253	0.02612	0.07889	0.11947	0.03776	0.03370	0.01343	0.01072	0.00338	0.01218	0.01108	0.00745	0.01345
15	0.08456	0.09439	0.02643	0.01784	0.02468	0.02052	0.01477	0.07893	0.03102	0.18354	0.19348	0.04672	0.04878	0.01554	0.01081	0.00319	0.00858	0.01266	0.01079	0.07275
16	0.09318	0.02651	0.09332	0.07475	0.03537	0.02319	0.02123	0.12935	0.07188	0.20602	0.08095	0.03654	0.03010	0.01388	0.01104	0.00353	0.01099	0.01113	0.01043	0.01663
17	0.14596	0.02923	0.07693	0.08642	0.14510	0.09259	0.02339	0.07613	0.02797	0.04064	0.07631	0.03732	0.06932	0.01368	0.01063	0.00343	0.01235	0.01100	0.00734	0.01427
18	0.09552	0.02468	0.02432	0.02036	0.02708	0.09006	0.01619	0.12053	0.06557	0.14059	0.07165	0.04044	0.06866	0.02120	0.06177	0.00464	0.01252	0.01149	0.00980	0.07295
19	0.09148	0.07519	0.07612	0.02143	0.02927	0.02497	0.01894	0.18357	0.03463	0.14389	0.07315	0.11211	0.03415	0.01656	0.01110	0.00352	0.01050	0.01339	0.01022	0.01581
20	0.08928	0.31686	0.04438	0.02198	0.03000	0.03421	0.06250	0.07332	0.07366	0.03571	0.02624	0.09698	0.02458	0.01388	0.00945	0.00314	0.01140	0.01107	0.00702	0.01435
21	0.23615	0.02853	0.02489	0.02129	0.02743	0.14222	0.01700	0.08194	0.02865	0.13496	0.07287	0.03033	0.02576	0.01375	0.01234	0.00349	0.06603	0.00946	0.00874	0.01418
22	0.02214	0.07856	0.11946	0.01896	0.02568	0.01825	0.01801	0.02989	0.06198	0.08592	0.20754	0.10999	0.11935	0.01987	0.01201	0.00358	0.00889	0.01686	0.00990	0.01315
23	0.01908	0.01644	0.02768	0.08254	0.09561	0.01812	0.06294	0.02430	0.02028	0.02868	0.02731	0.03942	0.02449	0.06065	0.38426	0.01345	0.02545	0.01171	0.00584	0.01177
24	0.03009	0.61122	0.05898	0.01926	0.02889	0.04454	0.01926	0.03370	0.02287	0.02648	0.01565	0.01805	0.01444	0.00963	0.00722	0.00241	0.01204	0.00602	0.00481	0.01444
25	0.02522	0.01580	0.01948	0.01724	0.02187	0.01564	0.01336	0.03628	0.13979	0.14031	0.32808	0.06593	0.07519	0.01955	0.01249	0.00359	0.00693	0.01692	0.01247	0.01386
26	0.01520	0.01148	0.01403	0.01339	0.01636	0.01031	0.01004	0.01982	0.03013	0.04102	0.41260	0.09085	0.22446	0.02454	0.01328	0.00361	0.00542	0.02130	0.01185	0.01031
27	0.01491	0.01147	0.01364	0.01309	0.01619	0.01019	0.00982	0.01927	0.02946	0.03944	0.36821	0.09344	0.26984	0.02513	0.01329	0.00364	0.00546	0.02167	0.01164	0.01019
28	0.01543	0.01149	0.01435	0.01363	0.01651	0.01041	0.01023	0.02027	0.03068	0.04233	0.44931	0.08870	0.18694	0.02406	0.01328	0.00359	0.00538	0.02100	0.01202	0.01041
29	0.68395	0.02177	0.01654	0.01480	0.02177	0.02525	0.01219	0.03309	0.01915	0.05050	0.01567	0.01828	0.01219	0.01045	0.00697	0.00348	0.00871	0.00609	0.00697	0.01219
30	0.27236	0.02007	0.02277	0.01820	0.02629	0.01959	0.01502	0.04723	0.02764	0.36988	0.03434	0.03130	0.02237	0.01271	0.00979	0.00348	0.00927	0.00949	0.01149	0.01672
31	0.68395	0.02177	0.01654	0.01480	0.02177	0.02525	0.01219	0.03309	0.01915	0.05050	0.01567	0.01828	0.01219	0.01045	0.00697	0.00348	0.00871	0.00609	0.00697	0.01219
32	0.01449	0.01109	0.01329	0.01350	0.01613	0.00989	0.00984	0.01817	0.02734	0.03619	0.27573	0.20639	0.25183	0.02770	0.01353	0.00386	0.00572	0.02416	0.01126	0.00989
33	0.04279	0.03153	0.03378	0.02590	0.03490	0.03490	0.02139	0.49671	0.05292	0.07093	0.02702	0.02702	0.01914	0.01351	0.01126	0.00338	0.01239	0.01013	0.01126	0.01914
34	0.68395	0.02177	0.01654	0.01480	0.02177	0.02525	0.01219	0.03309	0.01915	0.05050	0.01567	0.01828	0.01219	0.01045	0.00697	0.00348	0.00871	0.00609	0.00697	0.01219
35	0.01371	0.00979	0.01306	0.01567	0.01632	0.00914	0.01045	0.01567	0.02155	0.02873	0.06203	0.59710	0.07444	0.03526	0.01437	0.00457	0.00653	0.03200	0.01045	0.00914
36	0.03151	0.02444	0.02663	0.02222	0.02887	0.02704	0.01772	0.23394	0.21444	0.05662	0.14477	0.04505	0.04390	0.01625	0.01178	0.00357	0.00957	0.01333	0.01158	0.01678
37	0.02800	0.02418	0.02545	0.02291	0.02927	0.02800	0.01782	0.05981	0.51390	0.04708	0.04581	0.04199	0.03436	0.01527	0.01145	0.00382	0.00891	0.01273	0.01145	0.01782
38	0.19073	0.01973	0.02400	0.01887	0.02719	0.01847	0.01558	0.05003	0.02932	0.43322	0.03804	0.03388	0.02439	0.01316	0.01035	0.00348	0.00938	0.01016	0.01239	0.01761
39	0.02230	0.02223	0.04378	0.03274	0.03936	0.02112	0.28993	0.02782	0.02230	0.03010	0.02808	0.04846	0.02705	0.25825	0.03168	0.00677	0.01560	0.01457	0.00616	0.01168
40	0.03949	0.02161	0.02579	0.02143	0.02899	0.02214	0.01716	0.05728	0.26780	0.29996	0.04509	0.04011	0.03104	0.01459	0.01138	0.00365	0.00925	0.01201	0.01272	0.01850
41	0.01428	0.01020	0.01371	0.01632	0.01723	0.00963	0.01144	0.01666	0.02211	0.02937	0.06172	0.53652	0.07320	0.03472	0.01452	0.00465	0.00702	0.08695	0.01044	0.00930
42	0.16159	0.02027	0.02547	0.02478	0.09092	0.01995	0.01737	0.07781	0.03049	0.25691	0.12046	0.04036	0.03679	0.01434	0.01081	0.00347	0.00937	0.01167	0.01104	0.01614
43	0.03708	0.02390	0.03287	0.13699	0.13378	0.02510	0.02389	0.14450	0.07451	0.20350	0.03168	0.03258	0.02215	0.01271	0.01127	0.00351	0.01189	0.01068	0.00987	0.01752
44	0.02827	0.03155	0.09923	0.05302	0.25442	0.02814	0.21475	0.07907	0.02841	0.03962	0.02227	0.02838	0.01733	0.01021	0.01196	0.00354	0.01579	0.01116	0.00608	0.01680
45	0.02991	0.02853	0.03168	0.02712	0.03039	0.09974	0.02204	0.12153	0.07498	0.03739	0.02186	0.02796	0.01868	0.02273	0.07210	0.00542	0.29686	0.01005	0.00699	0.01405

[dist]
# distance from previous block
# <min> <max>
1	3

[block]
# block no. 1 follows, 11 sequences, length 22
# corresponding to MSA columns:
# 746-767
name=unknown_B
#
# <colnr> <probs for GDERKNQSTAVLIFYWHMCP>
#	G	D	E	R	K	N	Q	S	T	A	V	L	I	F	Y	W	H	M	C	P
0	0.13642	0.02031	0.01964	0.01719	0.02242	0.06531	0.01347	0.09197	0.03155	0.08716	0.21626	0.05998	0.13736	0.01879	0.01151	0.00349	0.00860	0.01524	0.01053	0.01278
1	0.02962	0.02460	0.03423	0.02945	0.07700	0.05832	0.11962	0.08583	0.07015	0.08669	0.07104	0.03600	0.02870	0.01247	0.01096	0.00317	0.01179	0.01139	0.09817	0.10081
2	0.03261	0.11279	0.03662	0.23650	0.05032	0.19304	0.02498	0.11667	0.03078	0.03549	0.01985	0.02488	0.01550	0.01153	0.01037	0.00324	0.01576	0.00864	0.00632	0.01410
3	0.01664	0.01221	0.01433	0.01452	0.01633	0.01203	0.01006	0.02128	0.06299	0.03101	0.13759	0.15015	0.12454	0.25419	0.03078	0.00677	0.00845	0.05736	0.00943	0.00935
4	0.01471	0.01051	0.01420	0.01681	0.01790	0.01000	0.01218	0.01739	0.02253	0.02984	0.06149	0.49145	0.07227	0.03432	0.01463	0.00471	0.00739	0.12784	0.01043	0.00942
5	0.01569	0.01132	0.01483	0.01432	0.01676	0.01046	0.01060	0.02064	0.03076	0.04338	0.47843	0.13895	0.10280	0.02432	0.01339	0.00365	0.00544	0.02160	0.01218	0.01046
6	0.02800	0.02418	0.02545	0.02291	0.02927	0.02800	0.01782	0.05981	0.51390	0.04708	0.04581	0.04199	0.03436	0.01527	0.01145	0.00382	0.00891	0.01273	0.01145	0.01782
7	0.02257	0.05822	0.54613	0.03208	0.04871	0.02614	0.04158	0.03564	0.02376	0.03564	0.02020	0.02376	0.01426	0.01069	0.01069	0.00356	0.01663	0.00832	0.00475	0.01663
8	0.10068	0.01833	0.02328	0.01840	0.02628	0.01634	0.01508	0.04769	0.03018	0.42954	0.05137	0.04609	0.09478	0.01561	0.01121	0.00353	0.00897	0.01256	0.01285	0.01723
9	0.02126	0.02001	0.03376	0.57739	0.07752	0.02501	0.03126	0.02876	0.02251	0.02876	0.02001	0.03001	0.01500	0.01125	0.01125	0.00375	0.01500	0.01000	0.00500	0.01250
10	0.02713	0.39362	0.25067	0.02430	0.03669	0.03730	0.02804	0.03447	0.02322	0.03009	0.01744	0.02030	0.01437	0.01005	0.00859	0.00286	0.01385	0.00692	0.00479	0.01531
11	0.02122	0.01877	0.03073	0.50367	0.06914	0.02312	0.02822	0.02843	0.02265	0.03047	0.02218	0.03156	0.01680	0.01149	0.01081	0.00360	0.01373	0.01007	0.09108	0.01224
12	0.01593	0.01150	0.01504	0.01416	0.01681	0.01062	0.01062	0.02124	0.03186	0.04513	0.52830	0.08407	0.10620	0.02301	0.01327	0.00354	0.00531	0.02035	0.01239	0.01062
13	0.68395	0.02177	0.01654	0.01480	0.02177	0.02525	0.01219	0.03309	0.01915	0.05050	0.01567	0.01828	0.01219	0.01045	0.00697	0.00348	0.00871	0.00609	0.00697	0.01219
14	0.68395	0.02177	0.01654	0.01480	0.02177	0.02525	0.01219	0.03309	0.01915	0.05050	0.01567	0.01828	0.01219	0.01045	0.00697	0.00348	0.00871	0.00609	0.00697	0.01219
15	0.04204	0.05364	0.03190	0.02900	0.03480	0.55926	0.02175	0.04494	0.03190	0.02755	0.01740	0.02030	0.01450	0.01160	0.01015	0.00290	0.02030	0.00725	0.00580	0.01305
16	0.01366	0.01142	0.01190	0.01178	0.01542	0.00965	0.00883	0.01685	0.02650	0.03241	0.17040	0.10502	0.47204	0.02776	0.01330	0.00377	0.00565	0.02329	0.01072	0.00965
17	0.02608	0.02252	0.02362	0.02141	0.02744	0.02559	0.01661	0.05413	0.45041	0.04491	0.05468	0.05062	0.09877	0.01699	0.01169	0.00382	0.00849	0.01416	0.01132	0.01673
18	0.03714	0.02872	0.03060	0.02475	0.03275	0.03227	0.02003	0.32990	0.22892	0.06183	0.03420	0.03274	0.02495	0.01418	0.01133	0.00355	0.01106	0.01112	0.01133	0.01863
19	0.02143	0.01848	0.02946	0.15306	0.19197	0.01939	0.02472	0.02760	0.02612	0.03555	0.11950	0.06829	0.04673	0.01896	0.01288	0.00403	0.01142	0.14915	0.00809	0.01317
20	0.03824	0.03413	0.03247	0.09798	0.03982	0.14879	0.02237	0.28926	0.09362	0.05331	0.02599	0.02753	0.01920	0.01298	0.01103	0.00337	0.01410	0.00976	0.00926	0.01679
21	0.21937	0.23940	0.12276	0.02103	0.03065	0.07616	0.02090	0.03706	0.02371	0.09013	0.01964	0.02143	0.01521	0.01067	0.00841	0.00307	0.01228	0.00710	0.00648	0.01455

[dist]
# distance from previous block
# <min> <max>
0	2

[block]
# block no. 2 follows, 11 sequences, length 54
# corresponding to MSA columns:
# 770-823
name=unknown_C
#
# <colnr> <probs for GDERKNQSTAVLIFYWHMCP>
#	G	D	E	R	K	N	Q	S	T	A	V	L	I	F	Y	W	H	M	C	P
0	0.24027	0.22518	0.08293	0.02160	0.03001	0.17348	0.01972	0.03667	0.02417	0.03523	0.01654	0.01925	0.01373	0.01051	0.00824	0.00299	0.01359	0.00658	0.00575	0.01356
1	0.53804	0.02298	0.02301	0.01929	0.02667	0.02591	0.06557	0.03642	0.07567	0.04853	0.01984	0.02228	0.01522	0.01089	0.00816	0.00355	0.00985	0.00763	0.00733	0.01315
2	0.01586	0.01185	0.01763	0.01787	0.01975	0.01362	0.01374	0.01969	0.01841	0.02637	0.03307	0.09487	0.03238	0.07991	0.50987	0.01685	0.02798	0.01389	0.00643	0.00997
3	0.01696	0.01438	0.01946	0.01763	0.02157	0.01361	0.05674	0.02416	0.08151	0.03623	0.19249	0.17835	0.23331	0.02507	0.01328	0.00388	0.00738	0.02219	0.01060	0.01119
4	0.01955	0.00978	0.01466	0.01466	0.01466	0.00978	0.00978	0.01466	0.01466	0.01955	0.01955	0.03421	0.01955	0.03910	0.04399	0.67253	0.00978	0.00978	0.00489	0.00489
5	0.02257	0.05822	0.54613	0.03208	0.04871	0.02614	0.04158	0.03564	0.02376	0.03564	0.02020	0.02376	0.01426	0.01069	0.01069	0.00356	0.01663	0.00832	0.00475	0.01663
6	0.02257	0.05822	0.54613	0.03208	0.04871	0.02614	0.04158	0.03564	0.02376	0.03564	0.02020	0.02376	0.01426	0.01069	0.01069	0.00356	0.01663	0.00832	0.00475	0.01663
7	0.68395	0.02177	0.01654	0.01480	0.02177	0.02525	0.01219	0.03309	0.01915	0.05050	0.01567	0.01828	0.01219	0.01045	0.00697	0.00348	0.00871	0.00609	0.00697	0.01219
8	0.02334	0.02001	0.02334	0.01667	0.02667	0.01500	0.01334	0.02834	0.02334	0.03668	0.02001	0.02334	0.01667	0.00834	0.00834	0.00167	0.00834	0.00667	0.00667	0.67325
9	0.04211	0.05155	0.03207	0.02870	0.03481	0.50962	0.02171	0.08772	0.03389	0.03165	0.01831	0.02093	0.01494	0.01178	0.01025	0.00294	0.01955	0.00752	0.00632	0.01363
10	0.04279	0.03153	0.03378	0.02590	0.03490	0.03490	0.02139	0.49671	0.05292	0.07093	0.02702	0.02702	0.01914	0.01351	0.01126	0.00338	0.01239	0.01013	0.01126	0.01914
11	0.01625	0.01136	0.01456	0.01456	0.01535	0.01215	0.00967	0.01783	0.01704	0.02352	0.03337	0.06208	0.03589	0.39996	0.25490	0.01373	0.01848	0.01467	0.00651	0.00809
12	0.02657	0.03036	0.06641	0.04744	0.05882	0.02846	0.49336	0.03605	0.02657	0.03605	0.02277	0.03036	0.01708	0.00949	0.01328	0.00380	0.01898	0.01328	0.00569	0.01518
13	0.02334	0.02001	0.02334	0.01667	0.02667	0.01500	0.01334	0.02834	0.02334	0.03668	0.02001	0.02334	0.01667	0.00834	0.00834	0.00167	0.00834	0.00667	0.00667	0.67325
14	0.29452	0.03900	0.02604	0.02312	0.02968	0.29923	0.01795	0.08340	0.02889	0.04071	0.01764	0.02015	0.01403	0.01133	0.00900	0.00317	0.01498	0.00707	0.00678	0.01329
15	0.03009	0.61122	0.05898	0.01926	0.02889	0.04454	0.01926	0.03370	0.02287	0.02648	0.01565	0.01805	0.01444	0.00963	0.00722	0.00241	0.01204	0.00602	0.00481	0.01444
16	0.04211	0.02201	0.02642	0.02073	0.02808	0.02189	0.01657	0.19992	0.03665	0.29287	0.03694	0.04039	0.02707	0.11321	0.01904	0.00470	0.01077	0.01176	0.01182	0.01707
17	0.01587	0.01207	0.01498	0.01588	0.01894	0.01118	0.01300	0.02020	0.02703	0.03480	0.17613	0.11117	0.24770	0.02846	0.01424	0.00433	0.00758	0.20553	0.01081	0.01009
18	0.01371	0.00979	0.01306	0.01567	0.01632	0.00914	0.01045	0.01567	0.02155	0.02873	0.06203	0.59710	0.07444	0.03526	0.01437	0.00457	0.00653	0.03200	0.01045	0.00914
19	0.02673	0.02688	0.04745	0.09548	0.14935	0.02765	0.22066	0.04178	0.16419	0.03863	0.02871	0.03311	0.02193	0.01141	0.01213	0.00370	0.01460	0.01215	0.00724	0.01621
20	0.02474	0.01326	0.01712	0.01569	0.01980	0.01177	0.01191	0.02863	0.02864	0.17903	0.21947	0.18921	0.14750	0.02409	0.01297	0.00380	0.00685	0.02096	0.01207	0.01251
21	0.05050	0.01915	0.02612	0.02003	0.02873	0.01654	0.01654	0.05485	0.03221	0.54203	0.04440	0.03831	0.02786	0.01393	0.01132	0.00348	0.00958	0.01132	0.01393	0.01915
22	0.01792	0.01111	0.01325	0.01272	0.01536	0.01057	0.00954	0.02320	0.02861	0.04389	0.33500	0.06752	0.07578	0.01912	0.01115	0.00318	0.00528	0.01648	0.26976	0.01057
23	0.03009	0.61122	0.05898	0.01926	0.02889	0.04454	0.01926	0.03370	0.02287	0.02648	0.01565	0.01805	0.01444	0.00963	0.00722	0.00241	0.01204	0.00602	0.00481	0.01444
24	0.04981	0.02026	0.02681	0.02055	0.02928	0.01819	0.01698	0.09442	0.03407	0.49984	0.04285	0.03730	0.02708	0.01389	0.01131	0.00347	0.00983	0.01121	0.01369	0.01915
25	0.68395	0.02177	0.01654	0.01480	0.02177	0.02525	0.01219	0.03309	0.01915	0.05050	0.01567	0.01828	0.01219	0.01045	0.00697	0.00348	0.00871	0.00609	0.00697	0.01219
26	0.01700	0.01197	0.01551	0.01615	0.01889	0.01142	0.01313	0.02202	0.02819	0.03895	0.26075	0.09946	0.12308	0.02582	0.01369	0.00413	0.00733	0.19207	0.07003	0.01040
27	0.09338	0.07522	0.11896	0.18493	0.10067	0.02477	0.02668	0.03824	0.02533	0.16806	0.02584	0.02884	0.01827	0.01152	0.01043	0.00347	0.01283	0.00938	0.00755	0.01566
28	0.02850	0.35014	0.10782	0.03775	0.20439	0.03642	0.02695	0.03420	0.02391	0.03101	0.01804	0.02204	0.01558	0.00988	0.00895	0.00286	0.01300	0.00765	0.00507	0.01584
29	0.02825	0.45620	0.05532	0.11795	0.04000	0.03970	0.06476	0.03307	0.02315	0.02775	0.01705	0.02124	0.01478	0.00990	0.00847	0.00277	0.01318	0.00737	0.00493	0.01418
30	0.01355	0.01043	0.01241	0.01399	0.01588	0.00928	0.00970	0.01586	0.02316	0.02939	0.08248	0.40490	0.25344	0.03260	0.01395	0.00427	0.00620	0.02876	0.01045	0.00928
31	0.01530	0.01102	0.01448	0.01459	0.01668	0.01020	0.01057	0.01966	0.02894	0.04048	0.39607	0.22957	0.09719	0.02648	0.01358	0.00383	0.00566	0.02366	0.01184	0.01020
32	0.01442	0.01009	0.01285	0.01477	0.01525	0.00961	0.00948	0.01586	0.02017	0.02690	0.05497	0.45802	0.06554	0.18649	0.02577	0.00626	0.00769	0.02784	0.00948	0.00853
33	0.43487	0.02074	0.02031	0.01686	0.02451	0.02183	0.01390	0.04164	0.02429	0.24378	0.02697	0.02616	0.01835	0.01182	0.00868	0.00348	0.00905	0.00815	0.00970	0.01493
34	0.03140	0.55010	0.05601	0.02033	0.02954	0.10096	0.01953	0.03493	0.02386	0.02660	0.01584	0.01830	0.01445	0.00985	0.00754	0.00246	0.01294	0.00615	0.00492	0.01429
35	0.02334	0.02001	0.02334	0.01667	0.02667	0.01500	0.01334	0.02834	0.02334	0.03668	0.02001	0.02334	0.01667	0.00834	0.00834	0.00167	0.00834	0.00667	0.00667	0.67325
36	0.03311	0.09390	0.03736	0.03933	0.20628	0.11894	0.02434	0.04503	0.15307	0.09361	0.02889	0.03031	0.02228	0.01204	0.01064	0.00330	0.01283	0.00995	0.00799	0.01679
37	0.04747	0.02402	0.02913	0.02233	0.03116	0.02376	0.01845	0.22860	0.04036	0.35679	0.03757	0.03387	0.02443	0.01377	0.01130	0.00344	0.01068	0.01085	0.01288	0.01915
38	0.02734	0.18971	0.03430	0.01878	0.02821	0.08456	0.01595	0.03171	0.02417	0.03279	0.01849	0.02151	0.01580	0.00907	0.00823	0.00201	0.01072	0.00655	0.00605	0.41404
39	0.02126	0.02001	0.03376	0.57739	0.07752	0.02501	0.03126	0.02876	0.02251	0.02876	0.02001	0.03001	0.01500	0.01125	0.01125	0.00375	0.01500	0.01000	0.00500	0.01250
40	0.01623	0.01147	0.01512	0.01512	0.01610	0.01245	0.01036	0.01819	0.01721	0.02393	0.03287	0.05927	0.03467	0.35033	0.30286	0.01442	0.02031	0.01426	0.00643	0.00840
41	0.01593	0.01150	0.01504	0.01416	0.01681	0.01062	0.01062	0.02124	0.03186	0.04513	0.52830	0.08407	0.10620	0.02301	0.01327	0.00354	0.00531	0.02035	0.01239	0.01062
42	0.01581	0.01065	0.01501	0.01603	0.01698	0.01108	0.01126	0.01705	0.01868	0.02559	0.04117	0.26217	0.04580	0.09910	0.20938	0.13276	0.01554	0.01983	0.00762	0.00848
43	0.01955	0.00978	0.01466	0.01466	0.01466	0.00978	0.00978	0.01466	0.01466	0.01955	0.01955	0.03421	0.01955	0.03910	0.04399	0.67253	0.00978	0.00978	0.00489	0.00489
44	0.09149	0.32026	0.17364	0.02511	0.03599	0.08563	0.06099	0.03537	0.02388	0.03188	0.01749	0.02065	0.01439	0.01015	0.00880	0.00295	0.01418	0.00727	0.00517	0.01470
45	0.35337	0.02856	0.02914	0.03597	0.20245	0.11054	0.02150	0.03548	0.02343	0.04207	0.01786	0.02194	0.01452	0.01048	0.00893	0.00334	0.01217	0.00765	0.00629	0.01429
46	0.02574	0.03493	0.18499	0.10721	0.35439	0.02641	0.03621	0.03430	0.02481	0.03569	0.02079	0.02691	0.01656	0.01033	0.01103	0.00344	0.01444	0.00955	0.00529	0.01698
47	0.01371	0.00979	0.01306	0.01567	0.01632	0.00914	0.01045	0.01567	0.02155	0.02873	0.06203	0.59710	0.07444	0.03526	0.01437	0.00457	0.00653	0.03200	0.01045	0.00914
48	0.02126	0.02001	0.03376	0.57739	0.07752	0.02501	0.03126	0.02876	0.02251	0.02876	0.02001	0.03001	0.01500	0.01125	0.01125	0.00375	0.01500	0.01000	0.00500	0.01250
49	0.03451	0.01865	0.02325	0.01760	0.02631	0.01508	0.01425	0.03897	0.02762	0.26481	0.04164	0.03969	0.07949	0.01314	0.01025	0.00273	0.00860	0.01070	0.01038	0.30233
50	0.01938	0.01538	0.01799	0.01789	0.02109	0.01627	0.01313	0.03288	0.20061	0.03938	0.17199	0.27072	0.06796	0.02505	0.01305	0.00404	0.00708	0.02220	0.01129	0.01262
51	0.02334	0.02001	0.02334	0.01667	0.02667	0.01500	0.01334	0.02834	0.02334	0.03668	0.02001	0.02334	0.01667	0.00834	0.00834	0.00167	0.00834	0.00667	0.00667	0.67325
52	0.03655	0.02941	0.03720	0.03843	0.17443	0.03257	0.02545	0.31414	0.04124	0.05641	0.02400	0.02699	0.01828	0.01323	0.01412	0.00354	0.07700	0.01007	0.00895	0.01800
53	0.42827	0.18828	0.03039	0.01730	0.02524	0.03175	0.01521	0.08545	0.02400	0.04606	0.01694	0.01920	0.01360	0.01056	0.00752	0.00317	0.01006	0.00653	0.00685	0.01360

[dist]
# distance from previous block
# <min> <max>
0	1

[block]
# block no. 3 follows, 11 sequences, length 24
# corresponding to MSA columns:
# 825-848
name=unknown_D
#
# <colnr> <probs for GDERKNQSTAVLIFYWHMCP>
#	G	D	E	R	K	N	Q	S	T	A	V	L	I	F	Y	W	H	M	C	P
0	0.02232	0.02299	0.07678	0.01818	0.02796	0.01559	0.01600	0.02786	0.02321	0.03579	0.02414	0.07950	0.02207	0.01121	0.00917	0.00215	0.00902	0.00932	0.00684	0.53992
1	0.03085	0.39395	0.04739	0.02092	0.02962	0.03911	0.01910	0.08890	0.15724	0.03662	0.02489	0.02539	0.02026	0.01154	0.00877	0.00289	0.01124	0.00824	0.00726	0.01583
2	0.04018	0.01692	0.02253	0.01804	0.02510	0.01471	0.01461	0.04456	0.03148	0.39599	0.14294	0.05409	0.09381	0.01713	0.01189	0.00353	0.00838	0.01429	0.01328	0.01656
3	0.01480	0.01054	0.01372	0.01478	0.01611	0.00986	0.01016	0.01781	0.02487	0.03415	0.23261	0.35536	0.08296	0.08638	0.01816	0.00481	0.00651	0.02614	0.01081	0.00946
4	0.02269	0.01884	0.02085	0.02022	0.02446	0.02099	0.01508	0.04342	0.33103	0.04027	0.05184	0.24817	0.04925	0.02270	0.01253	0.00410	0.00802	0.01988	0.01108	0.01459
5	0.26432	0.01494	0.01386	0.01321	0.01580	0.01624	0.00881	0.02258	0.01740	0.03247	0.02811	0.05309	0.03025	0.38383	0.03860	0.00815	0.01009	0.01255	0.00687	0.00881
6	0.02971	0.50480	0.05290	0.01992	0.02896	0.04154	0.01900	0.03843	0.11188	0.03022	0.02112	0.02239	0.01805	0.01065	0.00799	0.00266	0.01147	0.00723	0.00602	0.01506
7	0.01470	0.01021	0.01277	0.01441	0.01482	0.00980	0.00910	0.01593	0.01962	0.02617	0.05217	0.40268	0.06199	0.24667	0.03031	0.00693	0.00816	0.02619	0.00910	0.00828
8	0.01521	0.01086	0.01477	0.01738	0.01869	0.01043	0.01304	0.01825	0.02302	0.03040	0.06121	0.43834	0.07118	0.03385	0.01476	0.00478	0.00782	0.17602	0.01042	0.00955
9	0.03729	0.02880	0.03068	0.02479	0.03281	0.03234	0.02006	0.33444	0.22414	0.06208	0.03400	0.03258	0.02479	0.01416	0.01133	0.00354	0.01109	0.01110	0.01133	0.01865
10	0.01597	0.01052	0.01329	0.01367	0.01537	0.00965	0.00956	0.01603	0.02146	0.02757	0.11171	0.16711	0.21435	0.03311	0.02489	0.25229	0.00732	0.01971	0.00858	0.00784
11	0.12954	0.01748	0.01937	0.01545	0.02243	0.01513	0.01199	0.02529	0.02125	0.03506	0.02879	0.03323	0.06877	0.01655	0.01536	0.12895	0.00840	0.00890	0.00677	0.37129
12	0.68395	0.02177	0.01654	0.01480	0.02177	0.02525	0.01219	0.03309	0.01915	0.05050	0.01567	0.01828	0.01219	0.01045	0.00697	0.00348	0.00871	0.00609	0.00697	0.01219
13	0.02786	0.02674	0.04568	0.06908	0.53424	0.02674	0.03454	0.03454	0.02563	0.03677	0.02117	0.02786	0.01783	0.01003	0.01114	0.00334	0.01337	0.01003	0.00557	0.01783
14	0.01335	0.01123	0.01158	0.01185	0.01532	0.00946	0.00875	0.01610	0.02522	0.03023	0.10855	0.15972	0.48180	0.02922	0.01341	0.00388	0.00579	0.02462	0.01045	0.00946
15	0.02126	0.02001	0.03376	0.57739	0.07752	0.02501	0.03126	0.02876	0.02251	0.02876	0.02001	0.03001	0.01500	0.01125	0.01125	0.00375	0.01500	0.01000	0.00500	0.01250
16	0.05050	0.01915	0.02612	0.02003	0.02873	0.01654	0.01654	0.05485	0.03221	0.54203	0.04440	0.03831	0.02786	0.01393	0.01132	0.00348	0.00958	0.01132	0.01393	0.01915
17	0.68395	0.02177	0.01654	0.01480	0.02177	0.02525	0.01219	0.03309	0.01915	0.05050	0.01567	0.01828	0.01219	0.01045	0.00697	0.00348	0.00871	0.00609	0.00697	0.01219
18	0.01371	0.00979	0.01306	0.01567	0.01632	0.00914	0.01045	0.01567	0.02155	0.02873	0.06203	0.59710	0.07444	0.03526	0.01437	0.00457	0.00653	0.03200	0.01045	0.00914
19	0.68395	0.02177	0.01654	0.01480	0.02177	0.02525	0.01219	0.03309	0.01915	0.05050	0.01567	0.01828	0.01219	0.01045	0.00697	0.00348	0.00871	0.00609	0.00697	0.01219
20	0.05050	0.01915	0.02612	0.02003	0.02873	0.01654	0.01654	0.05485	0.03221	0.54203	0.04440	0.03831	0.02786	0.01393	0.01132	0.00348	0.00958	0.01132	0.01393	0.01915
21	0.02086	0.01275	0.01501	0.01392	0.01816	0.01101	0.01061	0.02438	0.02771	0.12971	0.17425	0.13259	0.31609	0.02530	0.01301	0.00376	0.00643	0.02147	0.01147	0.01150
22	0.68395	0.02177	0.01654	0.01480	0.02177	0.02525	0.01219	0.03309	0.01915	0.05050	0.01567	0.01828	0.01219	0.01045	0.00697	0.00348	0.00871	0.00609	0.00697	0.01219
23	0.01425	0.01086	0.01206	0.01272	0.01468	0.00980	0.00855	0.01609	0.02207	0.02762	0.07933	0.22179	0.28070	0.18859	0.02567	0.00595	0.00734	0.02380	0.00945	0.00867

[dist]
# distance from previous block
# <min> <max>
2	3

[block]
# block no. 4 follows, 11 sequences, length 58
# corresponding to MSA columns:
# 852-909
name=unknown_E
#
# <colnr> <probs for GDERKNQSTAVLIFYWHMCP>
#	G	D	E	R	K	N	Q	S	T	A	V	L	I	F	Y	W	H	M	C	P
0	0.03119	0.02059	0.02678	0.02389	0.08843	0.01683	0.01676	0.03622	0.02600	0.17269	0.02671	0.02791	0.01982	0.01005	0.00948	0.00236	0.00928	0.00833	0.00849	0.41819
1	0.02406	0.01990	0.08277	0.01992	0.02607	0.01453	0.01781	0.02916	0.02514	0.12161	0.04584	0.20483	0.04630	0.02272	0.01264	0.00391	0.00961	0.13391	0.00968	0.12958
2	0.02318	0.02805	0.13338	0.01991	0.03131	0.01735	0.01928	0.02988	0.02343	0.03646	0.02005	0.02343	0.01616	0.00883	0.00883	0.00207	0.01008	0.00702	0.00627	0.53505
3	0.33799	0.03822	0.20368	0.02310	0.03350	0.07508	0.02411	0.07659	0.02494	0.04507	0.01842	0.02116	0.01374	0.01091	0.00894	0.00345	0.01285	0.00733	0.00647	0.01444
4	0.02118	0.01801	0.02804	0.08604	0.22014	0.01880	0.02091	0.02510	0.02077	0.02892	0.02768	0.04713	0.02754	0.23445	0.12045	0.00857	0.01548	0.01263	0.00604	0.01211
5	0.02257	0.05822	0.54613	0.03208	0.04871	0.02614	0.04158	0.03564	0.02376	0.03564	0.02020	0.02376	0.01426	0.01069	0.01069	0.00356	0.01663	0.00832	0.00475	0.01663
6	0.02257	0.05822	0.54613	0.03208	0.04871	0.02614	0.04158	0.03564	0.02376	0.03564	0.02020	0.02376	0.01426	0.01069	0.01069	0.00356	0.01663	0.00832	0.00475	0.01663
7	0.03969	0.02999	0.03204	0.02527	0.03373	0.03346	0.02065	0.40539	0.14927	0.06595	0.03095	0.03015	0.02232	0.01388	0.01130	0.00347	0.01166	0.01068	0.01130	0.01886
8	0.01593	0.01150	0.01504	0.01416	0.01681	0.01062	0.01062	0.02124	0.03186	0.04513	0.52830	0.08407	0.10620	0.02301	0.01327	0.00354	0.00531	0.02035	0.01239	0.01062
9	0.02508	0.04328	0.30863	0.04964	0.27913	0.02643	0.03824	0.03512	0.02465	0.03618	0.02066	0.02571	0.01595	0.01038	0.01091	0.00346	0.01509	0.00913	0.00514	0.01720
10	0.02467	0.04358	0.29408	0.04015	0.05403	0.02736	0.27896	0.03586	0.02524	0.03586	0.02155	0.02723	0.01574	0.01006	0.01205	0.00369	0.01786	0.01093	0.00525	0.01587
11	0.01632	0.01111	0.01329	0.01329	0.01364	0.01146	0.00808	0.01702	0.01667	0.02257	0.03454	0.06854	0.03870	0.51408	0.14462	0.01216	0.01425	0.01562	0.00668	0.00738
12	0.01501	0.01147	0.01376	0.01319	0.01625	0.01023	0.00989	0.01945	0.02968	0.03996	0.38262	0.09260	0.25511	0.02494	0.01328	0.00363	0.00545	0.02155	0.01171	0.01023
13	0.03014	0.02481	0.03302	0.31540	0.05679	0.02908	0.02625	0.21146	0.07849	0.04662	0.02503	0.02994	0.01834	0.01248	0.01127	0.00361	0.01345	0.01030	0.00799	0.01553
14	0.02126	0.02001	0.03376	0.57739	0.07752	0.02501	0.03126	0.02876	0.02251	0.02876	0.02001	0.03001	0.01500	0.01125	0.01125	0.00375	0.01500	0.01000	0.00500	0.01250
15	0.04204	0.05364	0.03190	0.02900	0.03480	0.55926	0.02175	0.04494	0.03190	0.02755	0.01740	0.02030	0.01450	0.01160	0.01015	0.00290	0.02030	0.00725	0.00580	0.01305
16	0.01371	0.00979	0.01306	0.01567	0.01632	0.00914	0.01045	0.01567	0.02155	0.02873	0.06203	0.59710	0.07444	0.03526	0.01437	0.00457	0.00653	0.03200	0.01045	0.00914
17	0.68395	0.02177	0.01654	0.01480	0.02177	0.02525	0.01219	0.03309	0.01915	0.05050	0.01567	0.01828	0.01219	0.01045	0.00697	0.00348	0.00871	0.00609	0.00697	0.01219
18	0.02723	0.24468	0.19115	0.02405	0.03423	0.07635	0.02505	0.03864	0.11012	0.03454	0.06848	0.03003	0.02611	0.01229	0.00978	0.00314	0.01294	0.00926	0.00671	0.01522
19	0.02257	0.05822	0.54613	0.03208	0.04871	0.02614	0.04158	0.03564	0.02376	0.03564	0.02020	0.02376	0.01426	0.01069	0.01069	0.00356	0.01663	0.00832	0.00475	0.01663
20	0.02922	0.01445	0.01930	0.01641	0.02140	0.01290	0.01290	0.03416	0.03200	0.23616	0.34227	0.06648	0.07608	0.01952	0.01252	0.00352	0.00695	0.01688	0.01298	0.01390
21	0.01637	0.01091	0.01228	0.01228	0.01228	0.01091	0.00682	0.01637	0.01637	0.02182	0.03546	0.07365	0.04092	0.60445	0.05729	0.01091	0.01091	0.01637	0.00682	0.00682
22	0.02286	0.04811	0.39722	0.03354	0.04758	0.02526	0.13367	0.03400	0.02369	0.03449	0.02211	0.02962	0.01724	0.06363	0.01541	0.00427	0.01661	0.01008	0.00514	0.01545
23	0.02126	0.02001	0.03376	0.57739	0.07752	0.02501	0.03126	0.02876	0.02251	0.02876	0.02001	0.03001	0.01500	0.01125	0.01125	0.00375	0.01500	0.01000	0.00500	0.01250
24	0.01371	0.00979	0.01306	0.01567	0.01632	0.00914	0.01045	0.01567	0.02155	0.02873	0.06203	0.59710	0.07444	0.03526	0.01437	0.00457	0.00653	0.03200	0.01045	0.00914
25	0.01330	0.01140	0.01140	0.01140	0.01520	0.00950	0.00855	0.01615	0.02565	0.03041	0.11402	0.10832	0.52967	0.02850	0.01330	0.00380	0.00570	0.02375	0.01045	0.00950
26	0.02257	0.05822	0.54613	0.03208	0.04871	0.02614	0.04158	0.03564	0.02376	0.03564	0.02020	0.02376	0.01426	0.01069	0.01069	0.00356	0.01663	0.00832	0.00475	0.01663
27	0.02334	0.02001	0.02334	0.01667	0.02667	0.01500	0.01334	0.02834	0.02334	0.03668	0.02001	0.02334	0.01667	0.00834	0.00834	0.00167	0.00834	0.00667	0.00667	0.67325
28	0.01637	0.01091	0.01228	0.01228	0.01228	0.01091	0.00682	0.01637	0.01637	0.02182	0.03546	0.07365	0.04092	0.60445	0.05729	0.01091	0.01091	0.01637	0.00682	0.00682
29	0.02098	0.01049	0.01049	0.01049	0.01311	0.01049	0.00787	0.02623	0.02360	0.04196	0.03672	0.04196	0.02885	0.01311	0.00787	0.00262	0.00525	0.01049	0.66693	0.01049
30	0.04279	0.03153	0.03378	0.02590	0.03490	0.03490	0.02139	0.49671	0.05292	0.07093	0.02702	0.02702	0.01914	0.01351	0.01126	0.00338	0.01239	0.01013	0.01126	0.01914
31	0.68395	0.02177	0.01654	0.01480	0.02177	0.02525	0.01219	0.03309	0.01915	0.05050	0.01567	0.01828	0.01219	0.01045	0.00697	0.00348	0.00871	0.00609	0.00697	0.01219
32	0.01593	0.01150	0.01504	0.01416	0.01681	0.01062	0.01062	0.02124	0.03186	0.04513	0.52830	0.08407	0.10620	0.02301	0.01327	0.00354	0.00531	0.02035	0.01239	0.01062
33	0.01608	0.01206	0.01809	0.01809	0.02010	0.01407	0.01407	0.02010	0.01809	0.02613	0.03015	0.04422	0.02814	0.08441	0.55984	0.01809	0.03015	0.01206	0.00603	0.01005
34	0.05050	0.01915	0.02612	0.02003	0.02873	0.01654	0.01654	0.05485	0.03221	0.54203	0.04440	0.03831	0.02786	0.01393	0.01132	0.00348	0.00958	0.01132	0.01393	0.01915
35	0.68395	0.02177	0.01654	0.01480	0.02177	0.02525	0.01219	0.03309	0.01915	0.05050	0.01567	0.01828	0.01219	0.01045	0.00697	0.00348	0.00871	0.00609	0.00697	0.01219
36	0.03009	0.61122	0.05898	0.01926	0.02889	0.04454	0.01926	0.03370	0.02287	0.02648	0.01565	0.01805	0.01444	0.00963	0.00722	0.00241	0.01204	0.00602	0.00481	0.01444
37	0.02334	0.02001	0.02334	0.01667	0.02667	0.01500	0.01334	0.02834	0.02334	0.03668	0.02001	0.02334	0.01667	0.00834	0.00834	0.00167	0.00834	0.00667	0.00667	0.67325
38	0.04386	0.02460	0.03042	0.02653	0.07409	0.02488	0.01990	0.20893	0.08153	0.28948	0.03643	0.03377	0.02451	0.01357	0.01129	0.00346	0.01083	0.01092	0.01206	0.01892
39	0.02908	0.02360	0.03715	0.05088	0.33930	0.02366	0.02838	0.07415	0.02863	0.08304	0.03179	0.04955	0.02870	0.01510	0.01209	0.00375	0.01232	0.10454	0.00780	0.01649
40	0.01371	0.00979	0.01306	0.01567	0.01632	0.00914	0.01045	0.01567	0.02155	0.02873	0.06203	0.59710	0.07444	0.03526	0.01437	0.00457	0.00653	0.03200	0.01045	0.00914
41	0.04279	0.03153	0.03378	0.02590	0.03490	0.03490	0.02139	0.49671	0.05292	0.07093	0.02702	0.02702	0.01914	0.01351	0.01126	0.00338	0.01239	0.01013	0.01126	0.01914
42	0.02854	0.01860	0.02323	0.02201	0.02703	0.01918	0.01880	0.15203	0.03380	0.10481	0.04917	0.08990	0.04828	0.02438	0.01391	0.00450	0.01080	0.28626	0.01103	0.01374
43	0.02407	0.02652	0.09794	0.05013	0.33916	0.02242	0.02908	0.03117	0.02705	0.03884	0.15487	0.04220	0.04072	0.01353	0.01165	0.00342	0.01164	0.01255	0.00727	0.01578
44	0.05050	0.01915	0.02612	0.02003	0.02873	0.01654	0.01654	0.05485	0.03221	0.54203	0.04440	0.03831	0.02786	0.01393	0.01132	0.00348	0.00958	0.01132	0.01393	0.01915
45	0.05050	0.01915	0.02612	0.02003	0.02873	0.01654	0.01654	0.05485	0.03221	0.54203	0.04440	0.03831	0.02786	0.01393	0.01132	0.00348	0.00958	0.01132	0.01393	0.01915
46	0.02084	0.01601	0.01734	0.01636	0.01881	0.01748	0.01105	0.03307	0.20764	0.03153	0.03944	0.06148	0.03840	0.37794	0.03967	0.00818	0.01014	0.01497	0.00860	0.01105
47	0.51410	0.03020	0.02060	0.01856	0.02521	0.16655	0.01472	0.03622	0.02253	0.04443	0.01613	0.01882	0.01280	0.01075	0.00781	0.00333	0.01177	0.00640	0.00666	0.01242
48	0.02357	0.02237	0.03794	0.39900	0.23781	0.02562	0.03241	0.03079	0.02360	0.03157	0.02041	0.02925	0.01600	0.01082	0.01121	0.00361	0.01443	0.01001	0.00520	0.01437
49	0.01501	0.01147	0.01376	0.01319	0.01625	0.01023	0.00989	0.01945	0.02968	0.03996	0.38262	0.09260	0.25511	0.02494	0.01328	0.00363	0.00545	0.02155	0.01171	0.01023
50	0.02329	0.01843	0.03153	0.02557	0.03019	0.01887	0.13991	0.07987	0.02332	0.03184	0.02410	0.03497	0.02111	0.04016	0.16808	0.24268	0.01789	0.01135	0.00617	0.01068
51	0.02271	0.17373	0.03224	0.16442	0.03717	0.02518	0.01874	0.06656	0.02721	0.03424	0.10563	0.05383	0.16239	0.01700	0.01098	0.00335	0.01036	0.01385	0.00783	0.01257
52	0.01371	0.00979	0.01306	0.01567	0.01632	0.00914	0.01045	0.01567	0.02155	0.02873	0.06203	0.59710	0.07444	0.03526	0.01437	0.00457	0.00653	0.03200	0.01045	0.00914
53	0.02257	0.05822	0.54613	0.03208	0.04871	0.02614	0.04158	0.03564	0.02376	0.03564	0.02020	0.02376	0.01426	0.01069	0.01069	0.00356	0.01663	0.00832	0.00475	0.01663
54	0.02967	0.02862	0.03709	0.04666	0.29662	0.08857	0.02626	0.07439	0.02816	0.03861	0.02092	0.02568	0.01724	0.01007	0.01029	0.00285	0.01279	0.00882	0.00638	0.19031
55	0.08547	0.08248	0.07683	0.03538	0.17643	0.11592	0.02317	0.03126	0.02464	0.03325	0.03022	0.17464	0.03106	0.01702	0.01105	0.00354	0.01251	0.01447	0.00688	0.01379
56	0.68395	0.02177	0.01654	0.01480	0.02177	0.02525	0.01219	0.03309	0.01915	0.05050	0.01567	0.01828	0.01219	0.01045	0.00697	0.00348	0.00871	0.00609	0.00697	0.01219
57	0.54588	0.02244	0.01893	0.01604	0.02356	0.02489	0.01317	0.07475	0.02274	0.05069	0.01723	0.01969	0.01336	0.01047	0.00752	0.00325	0.00900	0.00653	0.00732	0.09253

[dist]
# distance from previous block
# <min> <max>
0	2

[block]
# block no. 5 follows, 11 sequences, length 13
# corresponding to MSA columns:
# 912-924
name=unknown_F
#
# <colnr> <probs for GDERKNQSTAVLIFYWHMCP>
#	G	D	E	R	K	N	Q	S	T	A	V	L	I	F	Y	W	H	M	C	P
0	0.14317	0.03000	0.03108	0.02416	0.03285	0.03339	0.01995	0.42412	0.04763	0.06773	0.02525	0.02565	0.01805	0.01303	0.01059	0.00339	0.01181	0.00950	0.01059	0.01805
1	0.01359	0.01029	0.01255	0.01435	0.01598	0.00925	0.00986	0.01582	0.02282	0.02925	0.07815	0.44559	0.21555	0.03317	0.01404	0.00433	0.00627	0.02944	0.01045	0.00925
2	0.01548	0.01139	0.01389	0.01332	0.01578	0.01044	0.00961	0.01947	0.02820	0.03856	0.36889	0.08726	0.18006	0.11513	0.02017	0.00475	0.00626	0.02041	0.01113	0.00980
3	0.42651	0.01961	0.01787	0.01524	0.02192	0.02067	0.01216	0.03169	0.02167	0.08206	0.06437	0.03035	0.02432	0.05534	0.01177	0.00375	0.00858	0.00857	0.00789	0.11567
4	0.68395	0.02177	0.01654	0.01480	0.02177	0.02525	0.01219	0.03309	0.01915	0.05050	0.01567	0.01828	0.01219	0.01045	0.00697	0.00348	0.00871	0.00609	0.00697	0.01219
5	0.03876	0.01843	0.02370	0.01899	0.02586	0.01714	0.01535	0.10306	0.03485	0.32549	0.19209	0.05100	0.05099	0.01669	0.01192	0.00349	0.00863	0.01396	0.01310	0.01651
6	0.01359	0.01026	0.01258	0.01443	0.01600	0.00925	0.00990	0.01581	0.02274	0.02922	0.07717	0.45476	0.20701	0.03329	0.01406	0.00435	0.00629	0.02960	0.01045	0.00925
7	0.03266	0.02513	0.04153	0.05867	0.42694	0.02458	0.03072	0.03885	0.02703	0.14402	0.02610	0.03008	0.01996	0.01086	0.01118	0.00337	0.01257	0.01030	0.00735	0.01811
8	0.02910	0.01481	0.02091	0.09191	0.02930	0.01414	0.01559	0.03273	0.02585	0.22943	0.04956	0.30337	0.04834	0.02374	0.01276	0.00404	0.00885	0.02099	0.01109	0.01350
9	0.02043	0.01900	0.03460	0.02773	0.03311	0.01807	0.19962	0.02552	0.02329	0.03074	0.04330	0.07143	0.08442	0.19384	0.02692	0.00622	0.01344	0.10972	0.00749	0.01110
10	0.02733	0.02559	0.04998	0.04608	0.17337	0.02473	0.25807	0.03479	0.02549	0.07855	0.02539	0.03257	0.01994	0.02174	0.09813	0.00589	0.01846	0.01208	0.00643	0.01541
11	0.02827	0.05326	0.41995	0.03033	0.04464	0.09581	0.03616	0.03902	0.02578	0.09100	0.02252	0.02492	0.01581	0.01117	0.01069	0.00347	0.01633	0.00851	0.00591	0.01644
12	0.13340	0.02165	0.03206	0.23995	0.16400	0.02347	0.02559	0.03690	0.02499	0.15436	0.02532	0.02962	0.01824	0.01147	0.01057	0.00355	0.01236	0.00971	0.00754	0.01526

[dist]
# distance from previous block
# <min> <max>
2	7

[block]
# block no. 6 follows, 11 sequences, length 9
# corresponding to MSA columns:
# 932-940
name=unknown_G
#
# <colnr> <probs for GDERKNQSTAVLIFYWHMCP>
#	G	D	E	R	K	N	Q	S	T	A	V	L	I	F	Y	W	H	M	C	P
0	0.11003	0.02361	0.07262	0.09692	0.03554	0.01896	0.01882	0.03394	0.02417	0.11864	0.02341	0.02609	0.01746	0.01013	0.00927	0.00265	0.01028	0.00796	0.00747	0.33202
1	0.11650	0.03211	0.15713	0.02098	0.03064	0.06901	0.02045	0.03093	0.02278	0.03564	0.02114	0.02876	0.01825	0.08415	0.01505	0.00368	0.01196	0.00828	0.00615	0.26639
2	0.02381	0.02533	0.08750	0.02504	0.09279	0.01778	0.01931	0.02997	0.02368	0.03657	0.02017	0.02395	0.01653	0.00882	0.00896	0.00210	0.00994	0.00728	0.00631	0.51414
3	0.02126	0.02001	0.03376	0.57739	0.07752	0.02501	0.03126	0.02876	0.02251	0.02876	0.02001	0.03001	0.01500	0.01125	0.01125	0.00375	0.01500	0.01000	0.00500	0.01250
4	0.03158	0.39601	0.04741	0.02094	0.02980	0.15053	0.01884	0.03526	0.02489	0.02835	0.01673	0.01939	0.01481	0.00984	0.00803	0.00239	0.01322	0.00639	0.00533	0.12027
5	0.02765	0.02329	0.07063	0.01859	0.02898	0.01625	0.01638	0.03327	0.02481	0.11799	0.02395	0.02579	0.01826	0.00945	0.00903	0.00213	0.00928	0.00757	0.00767	0.50905
6	0.02897	0.11506	0.03618	0.36756	0.05919	0.02633	0.02616	0.03517	0.02465	0.13883	0.02455	0.02987	0.01768	0.01157	0.01062	0.00348	0.01336	0.00964	0.00689	0.01425
7	0.01371	0.00979	0.01306	0.01567	0.01632	0.00914	0.01045	0.01567	0.02155	0.02873	0.06203	0.59710	0.07444	0.03526	0.01437	0.00457	0.00653	0.03200	0.01045	0.00914
8	0.02334	0.02001	0.02334	0.01667	0.02667	0.01500	0.01334	0.02834	0.02334	0.03668	0.02001	0.02334	0.01667	0.00834	0.00834	0.00167	0.00834	0.00667	0.00667	0.67325

[dist]
# distance from previous block
# <min> <max>
0	1

[block]
# block no. 7 follows, 11 sequences, length 28
# corresponding to MSA columns:
# 942-969
name=unknown_H
#
# <colnr> <probs for GDERKNQSTAVLIFYWHMCP>
#	G	D	E	R	K	N	Q	S	T	A	V	L	I	F	Y	W	H	M	C	P
0	0.02600	0.02767	0.08529	0.05946	0.43171	0.02480	0.03235	0.03308	0.02620	0.03765	0.08050	0.03409	0.02787	0.01161	0.01135	0.00339	0.01271	0.01109	0.00630	0.01688
1	0.02029	0.01684	0.01984	0.01542	0.02283	0.01325	0.01209	0.02511	0.02577	0.03808	0.15981	0.04868	0.09946	0.01442	0.01017	0.00239	0.00726	0.01214	0.00856	0.42759
2	0.02862	0.03493	0.18596	0.05365	0.34557	0.02555	0.03474	0.03689	0.02576	0.08709	0.02322	0.02774	0.01782	0.01061	0.01103	0.00342	0.01392	0.00967	0.00618	0.01762
3	0.68395	0.02177	0.01654	0.01480	0.02177	0.02525	0.01219	0.03309	0.01915	0.05050	0.01567	0.01828	0.01219	0.01045	0.00697	0.00348	0.00871	0.00609	0.00697	0.01219
4	0.02657	0.03036	0.06641	0.04744	0.05882	0.02846	0.49336	0.03605	0.02657	0.03605	0.02277	0.03036	0.01708	0.00949	0.01328	0.00380	0.01898	0.01328	0.00569	0.01518
5	0.02800	0.02418	0.02545	0.02291	0.02927	0.02800	0.01782	0.05981	0.51390	0.04708	0.04581	0.04199	0.03436	0.01527	0.01145	0.00382	0.00891	0.01273	0.01145	0.01782
6	0.01593	0.01150	0.01504	0.01416	0.01681	0.01062	0.01062	0.02124	0.03186	0.04513	0.52830	0.08407	0.10620	0.02301	0.01327	0.00354	0.00531	0.02035	0.01239	0.01062
