[name]
unknown

[dist]
# distance from previous block
# <min> <max>
0	136

[block]
# block no. 0 follows, 13 sequences, length 50
# corresponding to MSA columns:
# 152-201
name=unknown_A
#
# <colnr> <probs for GDERKNQSTAVLIFYWHMCP>
#	G	D	E	R	K	N	Q	S	T	A	V	L	I	F	Y	W	H	M	C	P
0	0.01705	0.01097	0.01381	0.01430	0.01676	0.01066	0.01152	0.02198	0.02580	0.03799	0.23780	0.08043	0.06545	0.02134	0.01166	0.00357	0.00652	0.17098	0.21152	0.00986
1	0.01359	0.01075	0.01223	0.01186	0.01495	0.00939	0.00889	0.01729	0.02668	0.03470	0.30646	0.09166	0.35500	0.02449	0.01248	0.00346	0.00519	0.02090	0.01063	0.00939
2	0.02630	0.02271	0.02391	0.02152	0.02749	0.02630	0.01674	0.05618	0.54336	0.04423	0.04303	0.03945	0.03228	0.01434	0.01076	0.00359	0.00837	0.01195	0.01076	0.01674
3	0.04744	0.01799	0.02454	0.01881	0.02699	0.01554	0.01554	0.05153	0.03026	0.56979	0.04171	0.03599	0.02617	0.01309	0.01063	0.00327	0.00900	0.01063	0.01309	0.01799
4	0.04019	0.02962	0.03173	0.02433	0.03279	0.03279	0.02010	0.52721	0.04971	0.06663	0.02538	0.02538	0.01798	0.01269	0.01058	0.00317	0.01163	0.00952	0.01058	0.01798
5	0.02313	0.02313	0.03238	0.02776	0.02776	0.03238	0.02313	0.02545	0.01619	0.02545	0.01388	0.02313	0.01388	0.01851	0.03470	0.00463	0.60907	0.00925	0.00463	0.01157
6	0.03950	0.05039	0.02996	0.02724	0.03269	0.58597	0.02043	0.04222	0.02996	0.02588	0.01634	0.01907	0.01362	0.01090	0.00953	0.00272	0.01907	0.00681	0.00545	0.01226
7	0.02210	0.02480	0.10442	0.02035	0.03075	0.01673	0.06262	0.02826	0.02226	0.03426	0.01905	0.02258	0.01537	0.00824	0.00857	0.00200	0.00985	0.00705	0.00592	0.53482
8	0.03024	0.02062	0.10344	0.01828	0.02527	0.01464	0.01684	0.03594	0.02892	0.27383	0.24805	0.05142	0.05420	0.01610	0.01129	0.00331	0.00837	0.01366	0.01119	0.01437
9	0.06351	0.02886	0.13690	0.15415	0.04156	0.02425	0.02374	0.17938	0.03051	0.04351	0.05384	0.02774	0.02052	0.01133	0.00994	0.00306	0.01181	0.00903	0.00720	0.11917
10	0.02827	0.63478	0.05540	0.01809	0.02714	0.04184	0.01809	0.03166	0.02148	0.02488	0.01470	0.01696	0.01357	0.00905	0.00678	0.00226	0.01131	0.00565	0.00452	0.01357
11	0.03950	0.05039	0.02996	0.02724	0.03269	0.58597	0.02043	0.04222	0.02996	0.02588	0.01634	0.01907	0.01362	0.01090	0.00953	0.00272	0.01907	0.00681	0.00545	0.01226
12	0.70310	0.02045	0.01554	0.01390	0.02045	0.02372	0.01145	0.03108	0.01799	0.04744	0.01472	0.01718	0.01145	0.00981	0.00654	0.00327	0.00818	0.00573	0.00654	0.01145
13	0.01715	0.01113	0.01466	0.01393	0.01659	0.01020	0.01038	0.02162	0.02857	0.08049	0.44628	0.15322	0.08988	0.02261	0.01248	0.00346	0.00546	0.02004	0.01149	0.01039
14	0.02617	0.02512	0.04292	0.06490	0.56246	0.02512	0.03245	0.03245	0.02407	0.03454	0.01989	0.02617	0.01675	0.00942	0.01047	0.00314	0.01256	0.00942	0.00523	0.01675
15	0.01381	0.01012	0.01318	0.01527	0.01674	0.00948	0.01127	0.01649	0.02176	0.02832	0.06471	0.42825	0.13754	0.03129	0.01362	0.00433	0.00688	0.13823	0.00980	0.00891
16	0.01474	0.01080	0.01382	0.01307	0.01566	0.00988	0.00980	0.01952	0.02940	0.04115	0.51617	0.08104	0.14126	0.02208	0.01247	0.00335	0.00502	0.01941	0.01147	0.00988
17	0.02467	0.33908	0.31958	0.02423	0.03663	0.03303	0.02878	0.03259	0.02191	0.02926	0.01688	0.01969	0.01348	0.00956	0.00845	0.00282	0.01351	0.00675	0.00449	0.01462
18	0.11859	0.01771	0.01931	0.01466	0.02241	0.01486	0.01152	0.02625	0.02088	0.03561	0.02050	0.02617	0.01766	0.05587	0.01113	0.00254	0.00785	0.00715	0.05739	0.49195
19	0.02934	0.27219	0.03999	0.02233	0.02854	0.07699	0.01943	0.10441	0.10997	0.03407	0.02076	0.02332	0.01731	0.01263	0.01429	0.00316	0.14254	0.00810	0.00648	0.01416
20	0.70310	0.02045	0.01554	0.01390	0.02045	0.02372	0.01145	0.03108	0.01799	0.04744	0.01472	0.01718	0.01145	0.00981	0.00654	0.00327	0.00818	0.00573	0.00654	0.01145
21	0.38843	0.03010	0.10510	0.01950	0.02709	0.10417	0.01791	0.07698	0.02316	0.04212	0.01766	0.02092	0.01385	0.01581	0.05413	0.00429	0.01280	0.00699	0.00636	0.01264
22	0.01808	0.01350	0.01762	0.01889	0.02184	0.01390	0.01599	0.02658	0.10016	0.03500	0.12568	0.10197	0.06228	0.02597	0.01374	0.00446	0.00886	0.35454	0.01016	0.01078
23	0.01394	0.00995	0.01348	0.01593	0.01700	0.00950	0.01165	0.01655	0.02128	0.02817	0.05769	0.49406	0.06763	0.03213	0.01378	0.00444	0.00705	0.14710	0.00979	0.00888
24	0.11997	0.06785	0.02299	0.01568	0.02387	0.01840	0.01280	0.02998	0.06475	0.03671	0.02101	0.02355	0.01708	0.00907	0.00778	0.00210	0.00800	0.00687	0.05468	0.43687
25	0.02188	0.02701	0.11962	0.08080	0.04527	0.02183	0.26265	0.02992	0.02431	0.03361	0.06580	0.04401	0.02823	0.01302	0.01192	0.00355	0.01430	0.08079	0.00634	0.06513
26	0.03985	0.07952	0.06859	0.06562	0.03335	0.02368	0.01968	0.17102	0.03330	0.30944	0.03164	0.02993	0.02106	0.01221	0.01022	0.00318	0.01075	0.00960	0.01040	0.01694
27	0.01640	0.00974	0.01349	0.01384	0.01420	0.00993	0.00919	0.01502	0.01555	0.02100	0.02910	0.12746	0.03173	0.18248	0.11816	0.33480	0.01173	0.01397	0.00593	0.00629
28	0.02121	0.05469	0.57364	0.03014	0.04576	0.02455	0.03906	0.03348	0.02232	0.03348	0.01897	0.02232	0.01339	0.01005	0.01005	0.00335	0.01563	0.00781	0.00446	0.01563
29	0.07929	0.01943	0.02531	0.14532	0.03643	0.01874	0.01779	0.07383	0.02662	0.23130	0.02736	0.02835	0.01903	0.01085	0.00957	0.00285	0.00993	0.00875	0.00875	0.20049
30	0.02398	0.01443	0.01943	0.01733	0.02064	0.01503	0.01383	0.02720	0.02450	0.15714	0.17781	0.05955	0.10969	0.02562	0.05862	0.05959	0.10391	0.05070	0.00952	0.01149
31	0.04348	0.01683	0.02244	0.01753	0.02489	0.01473	0.01438	0.04769	0.02911	0.49400	0.04068	0.03648	0.02631	0.01298	0.01017	0.00316	0.00842	0.01052	0.10940	0.01683
32	0.02998	0.09101	0.26880	0.02539	0.03617	0.10912	0.02699	0.04125	0.10249	0.12889	0.02587	0.02638	0.01854	0.01127	0.00991	0.00319	0.01352	0.00860	0.00709	0.01554
33	0.03062	0.02958	0.19394	0.02657	0.07488	0.01980	0.02482	0.07777	0.02769	0.20612	0.03464	0.04778	0.02816	0.01524	0.01128	0.00362	0.01170	0.11150	0.00889	0.01541
34	0.01283	0.00942	0.01205	0.01415	0.01518	0.00864	0.00956	0.01479	0.02079	0.02722	0.06525	0.54725	0.13969	0.03222	0.01335	0.00419	0.00602	0.02895	0.00982	0.00864
35	0.04348	0.01683	0.02244	0.01753	0.02489	0.01473	0.01438	0.04769	0.02911	0.49400	0.04068	0.03648	0.02631	0.01298	0.01017	0.00316	0.00842	0.01052	0.10940	0.01683
36	0.03721	0.04116	0.03090	0.02651	0.03259	0.40750	0.06452	0.07090	0.03011	0.07364	0.02090	0.02336	0.01623	0.01112	0.00977	0.00285	0.01651	0.00805	0.06310	0.01305
37	0.03836	0.01533	0.01973	0.01588	0.02219	0.01368	0.01287	0.04272	0.02761	0.39612	0.03935	0.03711	0.02648	0.01283	0.00957	0.00301	0.00766	0.01038	0.23379	0.01533
38	0.07667	0.12565	0.14583	0.02828	0.10782	0.02751	0.02361	0.11813	0.09005	0.07327	0.02350	0.02506	0.01776	0.01076	0.00939	0.00300	0.01145	0.00840	0.00717	0.06665
39	0.13108	0.18929	0.07334	0.02049	0.02813	0.06443	0.01832	0.11338	0.14762	0.04007	0.02594	0.05947	0.02158	0.01256	0.00907	0.00309	0.01070	0.00939	0.00758	0.01445
40	0.07510	0.28041	0.15804	0.02054	0.02983	0.02938	0.02117	0.03546	0.06550	0.10444	0.02200	0.02380	0.01703	0.01240	0.01094	0.05459	0.01133	0.00761	0.00635	0.01408
41	0.03323	0.27784	0.08585	0.02144	0.03048	0.02788	0.06424	0.03821	0.02545	0.21742	0.05879	0.02894	0.02353	0.01131	0.00927	0.00289	0.01106	0.00902	0.00802	0.01512
42	0.08757	0.06866	0.19377	0.02541	0.03608	0.02209	0.09500	0.04080	0.02563	0.25905	0.02825	0.02820	0.01899	0.01108	0.01016	0.00327	0.01230	0.00936	0.00838	0.01596
43	0.01738	0.01872	0.09614	0.01764	0.02196	0.01452	0.01543	0.02621	0.10531	0.03548	0.21123	0.18271	0.06234	0.07234	0.01567	0.00427	0.00809	0.05381	0.00950	0.01124
44	0.02460	0.02057	0.09834	0.06220	0.02800	0.01638	0.01748	0.03376	0.10096	0.14569	0.14526	0.12826	0.04598	0.01726	0.01110	0.00344	0.00867	0.01485	0.06387	0.01333
45	0.04089	0.08066	0.03400	0.02400	0.03224	0.10206	0.09024	0.07370	0.02980	0.33582	0.03175	0.03015	0.02129	0.01178	0.01039	0.00314	0.01208	0.00984	0.00995	0.01623
46	0.03162	0.01572	0.02013	0.01657	0.02224	0.01446	0.01324	0.07966	0.03143	0.27995	0.24394	0.05657	0.09393	0.01737	0.01148	0.00331	0.00741	0.01469	0.01205	0.01422
47	0.01647	0.01097	0.01464	0.05494	0.01986	0.01052	0.01121	0.01922	0.02240	0.06981	0.13091	0.36974	0.10126	0.07739	0.01620	0.00446	0.00701	0.02372	0.00970	0.00957
48	0.03005	0.11262	0.11510	0.21372	0.04703	0.02412	0.06445	0.03660	0.02443	0.19256	0.02538	0.02811	0.01773	0.01091	0.01012	0.00324	0.01268	0.00925	0.00723	0.01467
49	0.07553	0.13013	0.10397	0.01878	0.02600	0.02254	0.01755	0.07829	0.06438	0.12230	0.03184	0.11382	0.02729	0.01456	0.00954	0.00315	0.00948	0.01171	0.10534	0.01380

[dist]
# distance from previous block
# <min> <max>
5	23

[block]
# block no. 1 follows, 13 sequences, length 22
# corresponding to MSA columns:
# 225-246
name=unknown_B
#
# <colnr> <probs for GDERKNQSTAVLIFYWHMCP>
#	G	D	E	R	K	N	Q	S	T	A	V	L	I	F	Y	W	H	M	C	P
0	0.08272	0.07303	0.02888	0.06178	0.03100	0.05809	0.04700	0.11673	0.02919	0.19464	0.02764	0.02844	0.01968	0.01135	0.00944	0.00294	0.01054	0.00901	0.08504	0.07287
1	0.02662	0.07407	0.09283	0.02622	0.08015	0.06255	0.06241	0.06700	0.02509	0.06868	0.02139	0.02515	0.01699	0.01543	0.05857	0.00376	0.01317	0.00819	0.00639	0.24533
2	0.20019	0.06266	0.02834	0.06812	0.07924	0.02323	0.04762	0.07496	0.06218	0.07950	0.05615	0.02788	0.02199	0.01099	0.00911	0.00298	0.00994	0.00882	0.00748	0.11863
3	0.02757	0.02347	0.02699	0.02441	0.06791	0.06116	0.01816	0.11016	0.07445	0.07154	0.03230	0.03434	0.07870	0.01430	0.01537	0.00320	0.13942	0.01031	0.00771	0.15853
4	0.06607	0.01613	0.01955	0.01663	0.02231	0.01464	0.01286	0.07176	0.02621	0.16972	0.07523	0.21194	0.04075	0.01835	0.01074	0.00318	0.00775	0.01576	0.00981	0.17061
5	0.08285	0.02165	0.02505	0.10815	0.03324	0.02539	0.01847	0.09670	0.27441	0.04271	0.07979	0.03658	0.03086	0.01422	0.01249	0.00357	0.05899	0.01120	0.00905	0.01463
6	0.01496	0.01081	0.01413	0.01330	0.01580	0.00998	0.00998	0.01995	0.02993	0.04240	0.55689	0.07898	0.09976	0.02162	0.01247	0.00333	0.00499	0.01912	0.01164	0.00998
7	0.01506	0.01117	0.01504	0.01583	0.01673	0.01204	0.01138	0.01725	0.01838	0.02517	0.04183	0.26558	0.04723	0.18181	0.16670	0.00891	0.05368	0.05999	0.00763	0.00859
8	0.01420	0.01029	0.01267	0.01291	0.01460	0.00955	0.00893	0.01708	0.02380	0.03226	0.26619	0.21051	0.14542	0.14896	0.02116	0.00501	0.00639	0.02144	0.00987	0.00876
9	0.35389	0.01914	0.02033	0.01652	0.02393	0.01936	0.01363	0.04197	0.02453	0.32565	0.02910	0.02720	0.01929	0.01156	0.00872	0.00327	0.00861	0.00834	0.01003	0.01494
10	0.02098	0.02009	0.03039	0.25462	0.04463	0.02671	0.02449	0.02533	0.01824	0.02597	0.01745	0.02720	0.01537	0.02218	0.08709	0.00558	0.30798	0.00954	0.00477	0.01140
11	0.02827	0.63478	0.05540	0.01809	0.02714	0.04184	0.01809	0.03166	0.02148	0.02488	0.01470	0.01696	0.01357	0.00905	0.00678	0.00226	0.01131	0.00565	0.00452	0.01357
12	0.02778	0.02582	0.02459	0.02216	0.02808	0.08913	0.01715	0.05462	0.48572	0.04217	0.04004	0.03716	0.03018	0.01396	0.01062	0.00349	0.00957	0.01138	0.01016	0.01623
13	0.01997	0.01879	0.03171	0.60301	0.07282	0.02349	0.02936	0.02701	0.02114	0.02701	0.01879	0.02819	0.01409	0.01057	0.01057	0.00352	0.01409	0.00940	0.00470	0.01175
14	0.02561	0.02459	0.11320	0.01851	0.02876	0.01603	0.01735	0.03146	0.02323	0.11403	0.02224	0.02408	0.01685	0.00898	0.00861	0.00211	0.00929	0.00717	0.00698	0.48090
15	0.03904	0.02904	0.03108	0.02409	0.03235	0.03225	0.01982	0.48822	0.09058	0.06478	0.02685	0.02655	0.01916	0.01283	0.01059	0.00321	0.01136	0.00972	0.01059	0.01788
16	0.34477	0.02009	0.02106	0.01705	0.02451	0.02072	0.01407	0.08247	0.02633	0.28986	0.02807	0.02654	0.01879	0.01157	0.00877	0.00326	0.00885	0.00831	0.00990	0.01502
17	0.02206	0.07729	0.11659	0.10631	0.03579	0.01959	0.01987	0.02824	0.02183	0.03236	0.01847	0.02251	0.01488	0.00871	0.00851	0.00221	0.01034	0.00694	0.00559	0.42192
18	0.13093	0.08818	0.02952	0.07349	0.03129	0.02189	0.04736	0.03907	0.02534	0.27750	0.06435	0.03199	0.02504	0.01265	0.01156	0.00330	0.05267	0.00985	0.00925	0.01476
19	0.01288	0.00920	0.01227	0.01472	0.01534	0.00859	0.00981	0.01472	0.02024	0.02699	0.05828	0.62152	0.06993	0.03312	0.01350	0.00429	0.00613	0.03006	0.00981	0.00859
20	0.02884	0.01352	0.01820	0.01621	0.02066	0.01203	0.01241	0.03244	0.02706	0.27344	0.17117	0.22878	0.05756	0.02139	0.01197	0.00360	0.00714	0.01873	0.01172	0.01313
21	0.03341	0.11785	0.12892	0.02942	0.13539	0.02257	0.02302	0.03934	0.02630	0.25004	0.06608	0.03185	0.02541	0.01183	0.01005	0.00311	0.01093	0.00975	0.00863	0.01609

[dist]
# distance from previous block
# <min> <max>
0	40

[block]
# block no. 2 follows, 13 sequences, length 10
# corresponding to MSA columns:
# 287-296
name=unknown_C
#
# <colnr> <probs for GDERKNQSTAVLIFYWHMCP>
#	G	D	E	R	K	N	Q	S	T	A	V	L	I	F	Y	W	H	M	C	P
0	0.04099	0.01761	0.02470	0.02212	0.07282	0.01561	0.01625	0.04540	0.02967	0.44825	0.11222	0.04116	0.03569	0.01396	0.01088	0.00327	0.00875	0.01172	0.01219	0.01676
1	0.04154	0.01856	0.02549	0.10122	0.03348	0.01769	0.01760	0.04853	0.07840	0.44285	0.03862	0.03522	0.02506	0.01285	0.01064	0.00334	0.00965	0.01059	0.01168	0.01699
2	0.02554	0.01555	0.02276	0.07116	0.12293	0.01483	0.01692	0.02948	0.02471	0.18002	0.07597	0.22204	0.09342	0.02019	0.01176	0.00361	0.00859	0.01789	0.00958	0.01305
3	0.03723	0.06549	0.15189	0.02124	0.03074	0.01981	0.02091	0.07069	0.02897	0.34204	0.07469	0.03446	0.02781	0.01279	0.01040	0.00322	0.01049	0.01028	0.01031	0.01654
4	0.70310	0.02045	0.01554	0.01390	0.02045	0.02372	0.01145	0.03108	0.01799	0.04744	0.01472	0.01718	0.01145	0.00981	0.00654	0.00327	0.00818	0.00573	0.00654	0.01145
5	0.02284	0.01266	0.01598	0.01408	0.01834	0.01117	0.01094	0.02700	0.02853	0.17694	0.30742	0.07353	0.19729	0.02070	0.01200	0.00337	0.00613	0.01771	0.01155	0.01181
6	0.02931	0.02233	0.08040	0.30403	0.05105	0.02187	0.02519	0.03543	0.02374	0.20372	0.02578	0.02968	0.01793	0.01210	0.01287	0.00353	0.06989	0.00964	0.00739	0.01412
7	0.04501	0.01728	0.02325	0.01803	0.02571	0.01504	0.01483	0.04918	0.02955	0.52341	0.04108	0.03629	0.02625	0.01302	0.01035	0.00320	0.00864	0.01056	0.07202	0.01728
8	0.01852	0.01116	0.01479	0.01585	0.01817	0.01030	0.01187	0.02135	0.02282	0.10438	0.06009	0.39150	0.10790	0.02894	0.01322	0.00420	0.00717	0.11734	0.01026	0.01017
9	0.63771	0.02340	0.01696	0.01522	0.02165	0.07913	0.01234	0.03218	0.01917	0.04531	0.01488	0.01736	0.01166	0.00992	0.00684	0.00322	0.00925	0.00583	0.00644	0.01153

[dist]
# distance from previous block
# <min> <max>
0	7

[block]
# block no. 3 follows, 13 sequences, length 25
# corresponding to MSA columns:
# 304-328
name=unknown_D
#
# <colnr> <probs for GDERKNQSTAVLIFYWHMCP>
#	G	D	E	R	K	N	Q	S	T	A	V	L	I	F	Y	W	H	M	C	P
0	0.02188	0.01351	0.01716	0.01528	0.01900	0.01285	0.01174	0.07287	0.03104	0.11918	0.38835	0.11481	0.07872	0.02053	0.01211	0.00339	0.00630	0.01793	0.01159	0.01178
1	0.02327	0.02938	0.15233	0.09834	0.09334	0.02420	0.11140	0.06957	0.02397	0.03397	0.02305	0.08245	0.02033	0.01327	0.01415	0.00349	0.09551	0.01130	0.00591	0.07076
2	0.02912	0.01760	0.02166	0.01778	0.02371	0.01724	0.01427	0.03712	0.10563	0.20387	0.08293	0.04283	0.08255	0.01489	0.01279	0.00313	0.07054	0.01169	0.05191	0.13874
3	0.02018	0.02126	0.07513	0.02340	0.02828	0.02030	0.10366	0.02769	0.06602	0.03493	0.16127	0.04810	0.09033	0.01673	0.01654	0.00362	0.14205	0.01362	0.07488	0.01199
4	0.03026	0.36420	0.04162	0.01920	0.02688	0.03268	0.01754	0.12368	0.02774	0.08584	0.02598	0.07228	0.02372	0.01358	0.00902	0.00290	0.01064	0.05081	0.00730	0.01413
5	0.01693	0.01199	0.01636	0.14682	0.02770	0.01284	0.01364	0.02142	0.02210	0.03237	0.09544	0.17771	0.07692	0.02303	0.04876	0.00425	0.00887	0.01625	0.21669	0.00992
6	0.70310	0.02045	0.01554	0.01390	0.02045	0.02372	0.01145	0.03108	0.01799	0.04744	0.01472	0.01718	0.01145	0.00981	0.00654	0.00327	0.00818	0.00573	0.00654	0.01145
7	0.01601	0.01166	0.01672	0.01577	0.01817	0.01101	0.05838	0.01953	0.02240	0.03210	0.13093	0.26580	0.08984	0.08656	0.01614	0.00427	0.00721	0.02043	0.14766	0.00941
8	0.01889	0.01150	0.01539	0.01528	0.01799	0.01064	0.01166	0.02290	0.02658	0.10463	0.28548	0.22407	0.07673	0.02468	0.01281	0.00380	0.00649	0.08880	0.01106	0.01060
9	0.02630	0.02271	0.02391	0.02152	0.02749	0.02630	0.01674	0.05618	0.54336	0.04423	0.04303	0.03945	0.03228	0.01434	0.01076	0.00359	0.00837	0.01195	0.01076	0.01674
10	0.02630	0.02271	0.02391	0.02152	0.02749	0.02630	0.01674	0.05618	0.54336	0.04423	0.04303	0.03945	0.03228	0.01434	0.01076	0.00359	0.00837	0.01195	0.01076	0.01674
11	0.02192	0.01879	0.02192	0.01566	0.02506	0.01409	0.01253	0.02662	0.02192	0.03445	0.01879	0.02192	0.01566	0.00783	0.00783	0.00157	0.00783	0.00626	0.00626	0.69305
12	0.02334	0.02519	0.05316	0.03946	0.04847	0.02377	0.42091	0.03143	0.02483	0.03342	0.02843	0.04698	0.02516	0.01304	0.01291	0.00383	0.01618	0.10990	0.00624	0.01334
13	0.01332	0.00951	0.01277	0.01522	0.01602	0.00896	0.01057	0.01547	0.02067	0.02748	0.05804	0.56896	0.06898	0.03271	0.01361	0.00435	0.00651	0.07832	0.00981	0.00871
14	0.02313	0.02313	0.03238	0.02776	0.02776	0.03238	0.02313	0.02545	0.01619	0.02545	0.01388	0.02313	0.01388	0.01851	0.03470	0.00463	0.60907	0.00925	0.00463	0.01157
15	0.01607	0.01037	0.01416	0.01416	0.01486	0.01107	0.00968	0.01625	0.01555	0.02143	0.02747	0.04903	0.02862	0.26661	0.24824	0.19486	0.01667	0.01222	0.00565	0.00705
16	0.01759	0.01126	0.01517	0.01556	0.01771	0.01093	0.01176	0.02102	0.02334	0.07618	0.17397	0.21649	0.06330	0.09264	0.09095	0.00630	0.01001	0.10635	0.00966	0.00983
17	0.01496	0.01081	0.01413	0.01330	0.01580	0.00998	0.00998	0.01995	0.02993	0.04240	0.55689	0.07898	0.09976	0.02162	0.01247	0.00333	0.00499	0.01912	0.01164	0.00998
18	0.02121	0.01682	0.02432	0.07753	0.02801	0.02096	0.01867	0.02478	0.01906	0.07155	0.02758	0.07614	0.02639	0.03790	0.19764	0.00822	0.23245	0.05323	0.00643	0.01112
19	0.03394	0.01908	0.03152	0.12282	0.03869	0.01828	0.11912	0.03940	0.02639	0.29572	0.03442	0.07506	0.02525	0.01319	0.01098	0.00339	0.01117	0.01212	0.05449	0.01497
20	0.03108	0.01803	0.02320	0.06957	0.02805	0.01930	0.01622	0.07773	0.10220	0.20682	0.06710	0.03648	0.02832	0.01653	0.01604	0.07550	0.06822	0.01083	0.07488	0.01391
21	0.10440	0.04249	0.02828	0.02526	0.03060	0.43738	0.01935	0.04053	0.02768	0.07353	0.01811	0.02063	0.01448	0.01159	0.01139	0.00298	0.06538	0.00722	0.00613	0.01260
22	0.02929	0.02326	0.03112	0.16100	0.09253	0.06254	0.05478	0.08667	0.05982	0.12342	0.06021	0.03161	0.02376	0.01216	0.01181	0.00324	0.04345	0.01017	0.00780	0.07137
23	0.43029	0.02251	0.01959	0.01628	0.02354	0.05909	0.01322	0.06620	0.02281	0.09662	0.01892	0.02054	0.01423	0.01005	0.00764	0.00293	0.00915	0.00663	0.00734	0.13243
24	0.02567	0.01892	0.06776	0.06319	0.07339	0.01597	0.01763	0.05573	0.02533	0.13932	0.08462	0.09776	0.03538	0.01759	0.01325	0.05961	0.00925	0.04214	0.07967	0.05782

[dist]
# distance from previous block
# <min> <max>
24	70

[block]
# block no. 4 follows, 13 sequences, length 27
# corresponding to MSA columns:
# 408-434
name=unknown_E
#
# <colnr> <probs for GDERKNQSTAVLIFYWHMCP>
#	G	D	E	R	K	N	Q	S	T	A	V	L	I	F	Y	W	H	M	C	P
0	0.06226	0.09546	0.11227	0.02534	0.06467	0.07620	0.02148	0.03660	0.12588	0.06352	0.02589	0.06327	0.02180	0.01350	0.01328	0.00332	0.09754	0.00996	0.00694	0.06080
1	0.27596	0.01838	0.01939	0.06385	0.02579	0.01970	0.01380	0.06532	0.05889	0.10482	0.02836	0.10119	0.02525	0.06914	0.01314	0.00393	0.00892	0.01120	0.00813	0.06484
2	0.14097	0.05958	0.10438	0.06933	0.03437	0.02177	0.07720	0.03337	0.06298	0.08052	0.05742	0.02843	0.02211	0.01074	0.00938	0.00295	0.01078	0.00897	0.00699	0.15775
3	0.07030	0.02031	0.02567	0.02049	0.02747	0.02010	0.06943	0.07514	0.16521	0.04210	0.13310	0.03866	0.03681	0.01297	0.01018	0.00292	0.00883	0.01125	0.00881	0.20023
4	0.01339	0.00974	0.01263	0.01402	0.01537	0.00898	0.00971	0.01612	0.02308	0.03114	0.19235	0.43755	0.11756	0.02960	0.01315	0.00398	0.00577	0.02657	0.01029	0.00898
5	0.01628	0.01313	0.01766	0.01680	0.01819	0.01502	0.01274	0.01929	0.02074	0.02926	0.16884	0.11836	0.08537	0.11638	0.15898	0.00787	0.13158	0.01622	0.00781	0.00947
6	0.01397	0.01077	0.01275	0.01226	0.01519	0.00955	0.00919	0.01803	0.02758	0.03682	0.37568	0.08815	0.28444	0.02369	0.01248	0.00342	0.00514	0.02041	0.01091	0.00955
7	0.02827	0.63478	0.05540	0.01809	0.02714	0.04184	0.01809	0.03166	0.02148	0.02488	0.01470	0.01696	0.01357	0.00905	0.00678	0.00226	0.01131	0.00565	0.00452	0.01357
8	0.01971	0.00985	0.00985	0.00985	0.01232	0.00985	0.00739	0.02464	0.02217	0.03942	0.03449	0.03942	0.02710	0.01232	0.00739	0.00246	0.00493	0.00985	0.68712	0.00985
9	0.04744	0.01799	0.02454	0.01881	0.02699	0.01554	0.01554	0.05153	0.03026	0.56979	0.04171	0.03599	0.02617	0.01309	0.01063	0.00327	0.00900	0.01063	0.01309	0.01799
10	0.03756	0.15092	0.03434	0.02567	0.03173	0.49237	0.02003	0.04040	0.02850	0.02570	0.01606	0.01870	0.01361	0.01058	0.00906	0.00264	0.01773	0.00661	0.00529	0.01248
11	0.70310	0.02045	0.01554	0.01390	0.02045	0.02372	0.01145	0.03108	0.01799	0.04744	0.01472	0.01718	0.01145	0.00981	0.00654	0.00327	0.00818	0.00573	0.00654	0.01145
12	0.01496	0.01081	0.01413	0.01330	0.01580	0.00998	0.00998	0.01995	0.02993	0.04240	0.55689	0.07898	0.09976	0.02162	0.01247	0.00333	0.00499	0.01912	0.01164	0.00998
13	0.70310	0.02045	0.01554	0.01390	0.02045	0.02372	0.01145	0.03108	0.01799	0.04744	0.01472	0.01718	0.01145	0.00981	0.00654	0.00327	0.00818	0.00573	0.00654	0.01145
14	0.15632	0.01747	0.02140	0.01708	0.02398	0.01630	0.01372	0.04360	0.02634	0.41299	0.03605	0.03680	0.02514	0.08752	0.01519	0.00412	0.00901	0.01037	0.01115	0.01546
15	0.02805	0.07530	0.06181	0.02027	0.02698	0.01941	0.04974	0.03302	0.02584	0.18248	0.16255	0.04060	0.03966	0.01430	0.01307	0.00313	0.07440	0.01155	0.00902	0.10882
16	0.02814	0.02484	0.04415	0.05041	0.31855	0.02513	0.14605	0.03435	0.02418	0.09863	0.02225	0.02759	0.01742	0.01074	0.01361	0.00342	0.07838	0.01028	0.00615	0.01574
17	0.01319	0.00933	0.01218	0.01433	0.01487	0.00879	0.00940	0.01480	0.01965	0.02620	0.05523	0.55420	0.06609	0.10568	0.01841	0.00502	0.00664	0.02827	0.00940	0.00832
18	0.07337	0.02470	0.09897	0.06630	0.03718	0.02069	0.14051	0.07478	0.02736	0.16289	0.08676	0.07970	0.03109	0.01376	0.01115	0.00345	0.01178	0.01265	0.00855	0.01434
19	0.09143	0.02123	0.02849	0.03159	0.18275	0.02061	0.01968	0.07692	0.06322	0.15805	0.06300	0.03128	0.02505	0.01144	0.00986	0.00295	0.00966	0.00965	0.00853	0.13460
20	0.01311	0.00938	0.01247	0.01457	0.01539	0.00874	0.00983	0.01529	0.02130	0.02867	0.11261	0.56240	0.07318	0.03187	0.01338	0.00419	0.00601	0.02887	0.01001	0.00874
21	0.08672	0.01797	0.02519	0.02048	0.02678	0.01725	0.06989	0.07962	0.02963	0.23250	0.15983	0.05303	0.04482	0.01632	0.01141	0.00350	0.00927	0.07093	0.01073	0.01414
22	0.07010	0.11951	0.17175	0.02371	0.03439	0.02425	0.07664	0.06809	0.02500	0.10105	0.02152	0.02368	0.01600	0.00979	0.00920	0.00276	0.01183	0.00797	0.00660	0.17615
23	0.03241	0.01717	0.02639	0.16846	0.03821	0.01694	0.04985	0.03712	0.02569	0.29393	0.03777	0.14571	0.03084	0.01602	0.01128	0.00355	0.01030	0.01415	0.00984	0.01437
24	0.01404	0.00978	0.01219	0.01339	0.01463	0.00915	0.00909	0.01650	0.02178	0.02994	0.14316	0.37358	0.10777	0.10158	0.01768	0.00465	0.00628	0.02420	0.06193	0.00869
25	0.13383	0.09662	0.07608	0.05774	0.02938	0.02250	0.01813	0.03739	0.06291	0.20580	0.02660	0.02813	0.01932	0.01467	0.01434	0.07838	0.04741	0.00881	0.00809	0.01388
26	0.14660	0.05933	0.02740	0.01954	0.02740	0.02187	0.05586	0.12901	0.02860	0.08473	0.08670	0.03005	0.02635	0.01139	0.00925	0.00274	0.00942	0.00919	0.00817	0.20641

[dist]
# distance from previous block
# <min> <max>
0	25

[block]
# block no. 5 follows, 13 sequences, length 10
# corresponding to MSA columns:
# 460-469
name=unknown_F
#
# <colnr> <probs for GDERKNQSTAVLIFYWHMCP>
#	G	D	E	R	K	N	Q	S	T	A	V	L	I	F	Y	W	H	M	C	P
0	0.45859	0.02373	0.09948	0.01678	0.02385	0.02121	0.01594	0.02932	0.02060	0.04332	0.08189	0.03437	0.02645	0.01298	0.00849	0.00343	0.00907	0.05164	0.00711	0.01175
1	0.01302	0.00979	0.01206	0.01349	0.01511	0.00884	0.00936	0.01544	0.02237	0.02916	0.12793	0.42095	0.20388	0.03012	0.01311	0.00399	0.00580	0.02675	0.01002	0.00884
2	0.03129	0.02834	0.12375	0.06512	0.03677	0.02413	0.06478	0.12890	0.08382	0.15422	0.02731	0.02858	0.01948	0.01206	0.01239	0.00330	0.06035	0.00965	0.00836	0.07742
3	0.01640	0.01053	0.01396	0.01553	0.01694	0.01000	0.01120	0.01876	0.02110	0.06409	0.05339	0.40796	0.06096	0.10970	0.01885	0.00513	0.00760	0.11916	0.00957	0.00917
4	0.02526	0.17563	0.09623	0.08714	0.03394	0.02577	0.04885	0.07684	0.06925	0.06854	0.14828	0.03781	0.03667	0.01328	0.01015	0.00310	0.01066	0.01104	0.00782	0.01371
5	0.01288	0.00920	0.01227	0.01472	0.01534	0.00859	0.00981	0.01472	0.02024	0.02699	0.05828	0.62152	0.06993	0.03312	0.01350	0.00429	0.00613	0.03006	0.00981	0.00859
6	0.02077	0.01938	0.03175	0.42531	0.13765	0.02334	0.02738	0.02672	0.02069	0.02747	0.01978	0.03094	0.01653	0.06322	0.01617	0.00412	0.06193	0.00989	0.00492	0.01203
7	0.03950	0.05039	0.02996	0.02724	0.03269	0.58597	0.02043	0.04222	0.02996	0.02588	0.01634	0.01907	0.01362	0.01090	0.00953	0.00272	0.01907	0.00681	0.00545	0.01226
8	0.12495	0.01939	0.02166	0.09558	0.03001	0.02217	0.01621	0.04107	0.28923	0.04206	0.14168	0.04277	0.04067	0.01467	0.01045	0.00348	0.00840	0.01216	0.00950	0.01388
9	0.52469	0.01991	0.01754	0.01474	0.02190	0.02132	0.01209	0.03278	0.02001	0.10597	0.01846	0.02007	0.01379	0.00990	0.00721	0.00301	0.00822	0.00637	0.00726	0.11476

[dist]
# distance from previous block
# <min> <max>
1	5

[block]
# block no. 6 follows, 13 sequences, length 20
# corresponding to MSA columns:
# 475-494
name=unknown_G
#
# <colnr> <probs for GDERKNQSTAVLIFYWHMCP>
#	G	D	E	R	K	N	Q	S	T	A	V	L	I	F	Y	W	H	M	C	P
0	0.48148	0.06945	0.06878	0.01739	0.02522	0.02667	0.01578	0.11713	0.02410	0.04794	0.01693	0.01902	0.01290	0.01028	0.00756	0.00319	0.00964	0.00655	0.00692	0.01309
1	0.08773	0.02239	0.03105	0.02396	0.03160	0.02233	0.11623	0.15599	0.06449	0.11848	0.07064	0.07221	0.02885	0.01338	0.01065	0.00320	0.01064	0.01187	0.00908	0.09520
2	0.01313	0.00939	0.01249	0.01455	0.01539	0.00875	0.00983	0.01534	0.02139	0.02881	0.11727	0.55733	0.07346	0.03176	0.01337	0.00418	0.00600	0.02876	0.01003	0.00875
3	0.03950	0.05039	0.02996	0.02724	0.03269	0.58597	0.02043	0.04222	0.02996	0.02588	0.01634	0.01907	0.01362	0.01090	0.00953	0.00272	0.01907	0.00681	0.00545	0.01226
4	0.12387	0.22398	0.03242	0.01923	0.02446	0.06917	0.01644	0.06156	0.02289	0.03207	0.02669	0.13721	0.02765	0.01668	0.01240	0.00337	0.08196	0.04924	0.00669	0.01201
5	0.24107	0.02698	0.07003	0.13710	0.07352	0.09004	0.05288	0.06813	0.02392	0.03880	0.01929	0.02379	0.01485	0.01045	0.00898	0.00320	0.01210	0.00805	0.06401	0.01282
6	0.01819	0.01016	0.01122	0.01095	0.01343	0.00989	0.00822	0.02314	0.02465	0.04037	0.20123	0.05205	0.05029	0.01529	0.00901	0.00274	0.00495	0.01281	0.47152	0.00989
7	0.70310	0.02045	0.01554	0.01390	0.02045	0.02372	0.01145	0.03108	0.01799	0.04744	0.01472	0.01718	0.01145	0.00981	0.00654	0.00327	0.00818	0.00573	0.00654	0.01145
8	0.04475	0.02230	0.02720	0.02085	0.02914	0.02193	0.01723	0.22774	0.03747	0.38339	0.03566	0.03206	0.02314	0.01294	0.01061	0.00324	0.00997	0.01022	0.01216	0.01799
9	0.02827	0.63478	0.05540	0.01809	0.02714	0.04184	0.01809	0.03166	0.02148	0.02488	0.01470	0.01696	0.01357	0.00905	0.00678	0.00226	0.01131	0.00565	0.00452	0.01357
10	0.01572	0.01140	0.01437	0.01421	0.01466	0.01247	0.00943	0.01684	0.01619	0.02228	0.03288	0.10699	0.03671	0.41591	0.15903	0.01069	0.06089	0.01531	0.00640	0.00763
11	0.01462	0.01054	0.01383	0.01354	0.01572	0.00975	0.00995	0.01909	0.02834	0.03987	0.47492	0.16817	0.09486	0.02351	0.01264	0.00348	0.00518	0.02092	0.01134	0.00975
12	0.02496	0.02852	0.06239	0.04456	0.05526	0.02674	0.52406	0.03387	0.02496	0.03387	0.02139	0.02852	0.01604	0.00891	0.01248	0.00357	0.01783	0.01248	0.00535	0.01426
13	0.02617	0.02512	0.04292	0.06490	0.56246	0.02512	0.03245	0.03245	0.02407	0.03454	0.01989	0.02617	0.01675	0.00942	0.01047	0.00314	0.01256	0.00942	0.00523	0.01675
14	0.08848	0.16101	0.27397	0.02426	0.03544	0.09297	0.02670	0.03668	0.02389	0.11352	0.02089	0.02249	0.01523	0.01039	0.00912	0.00304	0.01352	0.00751	0.00608	0.01481
15	0.02201	0.02142	0.03796	0.41113	0.18522	0.02426	0.08861	0.02910	0.02228	0.02959	0.01936	0.02776	0.01495	0.01011	0.01077	0.00344	0.01418	0.00977	0.00490	0.01321
16	0.01992	0.01777	0.02748	0.22743	0.07637	0.01971	0.06051	0.02973	0.11268	0.03253	0.07564	0.15274	0.03797	0.01738	0.01171	0.00373	0.01079	0.04599	0.00768	0.01226
17	0.02777	0.01560	0.01961	0.01609	0.02253	0.01287	0.01254	0.03143	0.02459	0.21607	0.04351	0.17216	0.07931	0.01713	0.01051	0.00296	0.00762	0.01466	0.00974	0.24329
18	0.02192	0.01879	0.02192	0.01566	0.02506	0.01409	0.01253	0.02662	0.02192	0.03445	0.01879	0.02192	0.01566	0.00783	0.00783	0.00157	0.00783	0.00626	0.00626	0.69305
19	0.03301	0.06781	0.09315	0.02264	0.03083	0.02636	0.02042	0.20456	0.15728	0.13160	0.03334	0.03752	0.02552	0.01400	0.01066	0.00339	0.01072	0.05095	0.00982	0.01641

[dist]
# distance from previous block
# <min> <max>
0	2

[block]
# block no. 7 follows, 13 sequences, length 28
# corresponding to MSA columns:
# 497-524
name=unknown_H
#
# <colnr> <probs for GDERKNQSTAVLIFYWHMCP>
#	G	D	E	R	K	N	Q	S	T	A	V	L	I	F	Y	W	H	M	C	P
0	0.36070	0.09446	0.09159	0.02097	0.02958	0.02785	0.06212	0.12891	0.02571	0.04592	0.01789	0.02035	0.01359	0.01024	0.00829	0.00318	0.01091	0.00730	0.00677	0.01369
1	0.01639	0.01166	0.01317	0.01322	0.01405	0.01202	0.00817	0.02036	0.08178	0.02436	0.03799	0.14227	0.04205	0.46922	0.04285	0.00859	0.00944	0.01699	0.00742	0.00800
2	0.06234	0.07579	0.33343	0.09911	0.04463	0.02425	0.06696	0.03290	0.02247	0.06206	0.01985	0.02360	0.01444	0.00995	0.00975	0.00317	0.01394	0.00813	0.00529	0.06795
3	0.18157	0.20748	0.07410	0.01902	0.02642	0.06371	0.01726	0.07158	0.06118	0.06778	0.02502	0.09620	0.02252	0.01331	0.00880	0.00308	0.01047	0.01000	0.00712	0.01338
4	0.02189	0.01358	0.01712	0.01594	0.01931	0.01310	0.01195	0.08565	0.02904	0.11333	0.24432	0.25652	0.06889	0.02335	0.01234	0.00364	0.00677	0.02058	0.01107	0.01160
5	0.16705	0.02129	0.06393	0.02004	0.06633	0.01745	0.01542	0.02934	0.02121	0.08244	0.02186	0.02841	0.01844	0.08626	0.01391	0.00342	0.00928	0.00804	0.00672	0.29917
6	0.02691	0.02023	0.06169	0.01715	0.02586	0.01468	0.01484	0.03205	0.02488	0.15923	0.09109	0.03231	0.02840	0.01092	0.00922	0.00231	0.00831	0.00899	0.00838	0.40256
7	0.42696	0.02539	0.02086	0.01800	0.02445	0.09479	0.01453	0.13597	0.02608	0.04700	0.01824	0.02105	0.01427	0.01601	0.05326	0.00426	0.01184	0.00710	0.00719	0.01277
8	0.03312	0.02112	0.03133	0.02466	0.03197	0.02123	0.11552	0.08191	0.14664	0.22888	0.03489	0.03526	0.02498	0.02173	0.09108	0.00530	0.01348	0.01131	0.00981	0.01578
9	0.02024	0.01879	0.03035	0.52135	0.06618	0.02218	0.02702	0.02696	0.02125	0.02805	0.01879	0.02732	0.01431	0.01019	0.01019	0.00325	0.01322	0.00896	0.00492	0.10646
10	0.01971	0.00985	0.00985	0.00985	0.01232	0.00985	0.00739	0.02464	0.02217	0.03942	0.03449	0.03942	0.02710	0.01232	0.00739	0.00246	0.00493	0.00985	0.68712	0.00985
11	0.02389	0.01172	0.01391	0.01256	0.01616	0.01101	0.00970	0.02867	0.02588	0.14483	0.17806	0.04951	0.04669	0.01500	0.00941	0.00286	0.00575	0.01253	0.37038	0.01149
12	0.04083	0.02859	0.03110	0.02384	0.03228	0.03127	0.01970	0.48540	0.04800	0.11086	0.02682	0.02632	0.01870	0.01273	0.01058	0.00318	0.01140	0.00962	0.01080	0.01798
13	0.01411	0.01036	0.01322	0.01337	0.01549	0.00948	0.00970	0.01797	0.02662	0.03659	0.36874	0.22773	0.14672	0.02533	0.01275	0.00362	0.00534	0.02245	0.01093	0.00948
14	0.02827	0.63478	0.05540	0.01809	0.02714	0.04184	0.01809	0.03166	0.02148	0.02488	0.01470	0.01696	0.01357	0.00905	0.00678	0.00226	0.01131	0.00565	0.00452	0.01357
15	0.70310	0.02045	0.01554	0.01390	0.02045	0.02372	0.01145	0.03108	0.01799	0.04744	0.01472	0.01718	0.01145	0.00981	0.00654	0.00327	0.00818	0.00573	0.00654	0.01145
16	0.02827	0.63478	0.05540	0.01809	0.02714	0.04184	0.01809	0.03166	0.02148	0.02488	0.01470	0.01696	0.01357	0.00905	0.00678	0.00226	0.01131	0.00565	0.00452	0.01357
17	0.04399	0.01698	0.02271	0.01770	0.02516	0.01483	0.01453	0.04818	0.02926	0.50377	0.04081	0.03641	0.02629	0.01299	0.01023	0.00317	0.00849	0.01054	0.09699	0.01698
18	0.02827	0.63478	0.05540	0.01809	0.02714	0.04184	0.01809	0.03166	0.02148	0.02488	0.01470	0.01696	0.01357	0.00905	0.00678	0.00226	0.01131	0.00565	0.00452	0.01357
19	0.01997	0.01879	0.03171	0.60301	0.07282	0.02349	0.02936	0.02701	0.02114	0.02701	0.01879	0.02819	0.01409	0.01057	0.01057	0.00352	0.01409	0.00940	0.00470	0.01175
20	0.01283	0.00941	0.01205	0.01416	0.01519	0.00863	0.00957	0.01478	0.02078	0.02721	0.06506	0.54926	0.13781	0.03224	0.01336	0.00419	0.00603	0.02898	0.00982	0.00863
21	0.01496	0.01092	0.01412	0.01364	0.01622	0.01009	0.01045	0.01975	0.02899	0.04038	0.47799	0.08429	0.13188	0.02268	0.01266	0.00348	0.00543	0.06087	0.01133	0.00987
22	0.01514	0.01118	0.01623	0.01623	0.01786	0.01280	0.01227	0.01839	0.01677	0.02398	0.02901	0.04538	0.02810	0.15564	0.51246	0.01606	0.02581	0.01189	0.00577	0.00902
23	0.01538	0.01025	0.01153	0.01153	0.01153	0.01025	0.00641	0.01538	0.01538	0.02050	0.03331	0.06919	0.03844	0.62842	0.05382	0.01025	0.01025	0.01538	0.00641	0.00641
24	0.02855	0.02647	0.07372	0.06677	0.03618	0.02602	0.08900	0.20901	0.15066	0.04833	0.10174	0.03640	0.03167	0.01343	0.01110	0.00338	0.01131	0.01167	0.00916	0.01545
25	0.02071	0.01799	0.02309	0.06479	0.09640	0.01666	0.01603	0.02896	0.09676	0.03476	0.07786	0.07459	0.09532	0.01407	0.01006	0.00275	0.00835	0.01210	0.00772	0.28104
26	0.11992	0.02445	0.09227	0.06757	0.09955	0.05196	0.02010	0.03288	0.05682	0.10602	0.05866	0.11544	0.02975	0.01453	0.01021	0.00329	0.01036	0.01217	0.00779	0.06627
27	0.16444	0.02866	0.17001	0.10052	0.03620	0.02171	0.02252	0.03587	0.09452	0.10176	0.02645	0.06082	0.02071	0.01222	0.00961	0.00331	0.01097	0.00970	0.00728	0.06273

[dist]
# distance from previous block
# <min> <max>
1	21

[block]
# block no. 8 follows, 13 sequences, length 15
# corresponding to MSA columns:
# 546-560
name=unknown_I
#
# <colnr> <probs for GDERKNQSTAVLIFYWHMCP>
#	G	D	E	R	K	N	Q	S	T	A	V	L	I	F	Y	W	H	M	C	P
0	0.16760	0.06938	0.07595	0.08627	0.03616	0.06710	0.07365	0.07559	0.06681	0.14552	0.02481	0.02629	0.01779	0.01108	0.00961	0.00324	0.01195	0.00886	0.00777	0.01456
1	0.23856	0.02746	0.06272	0.02301	0.06509	0.08381	0.01817	0.11192	0.06815	0.11565	0.02339	0.02430	0.01716	0.01099	0.00898	0.00308	0.01079	0.00802	0.00800	0.07075
2	0.01701	0.01125	0.01434	0.01427	0.01680	0.01042	0.01079	0.02069	0.02557	0.07151	0.26620	0.14949	0.14094	0.08932	0.01723	0.00445	0.00675	0.09273	0.01042	0.00981
3	0.07867	0.06737	0.06688	0.02091	0.02689	0.02333	0.01832	0.15307	0.06296	0.08526	0.03486	0.12938	0.03281	0.01827	0.01274	0.00370	0.05170	0.09024	0.00892	0.01373
4	0.01288	0.00920	0.01227	0.01472	0.01534	0.00859	0.00981	0.01472	0.02024	0.02699	0.05828	0.62152	0.06993	0.03312	0.01350	0.00429	0.00613	0.03006	0.00981	0.00859
5	0.01523	0.00989	0.01216	0.01279	0.01363	0.00957	0.00834	0.01676	0.01976	0.02779	0.12160	0.23641	0.05504	0.23815	0.02892	0.05803	0.00750	0.01946	0.08110	0.00787
6	0.02827	0.63478	0.05540	0.01809	0.02714	0.04184	0.01809	0.03166	0.02148	0.02488	0.01470	0.01696	0.01357	0.00905	0.00678	0.00226	0.01131	0.00565	0.00452	0.01357
7	0.70310	0.02045	0.01554	0.01390	0.02045	0.02372	0.01145	0.03108	0.01799	0.04744	0.01472	0.01718	0.01145	0.00981	0.00654	0.00327	0.00818	0.00573	0.00654	0.01145
8	0.02827	0.63478	0.05540	0.01809	0.02714	0.04184	0.01809	0.03166	0.02148	0.02488	0.01470	0.01696	0.01357	0.00905	0.00678	0.00226	0.01131	0.00565	0.00452	0.01357
9	0.02471	0.02435	0.04365	0.17193	0.38321	0.02504	0.10837	0.03156	0.02361	0.03290	0.01990	0.02695	0.01609	0.00958	0.01080	0.00328	0.01369	0.00989	0.00514	0.01534
10	0.01790	0.01145	0.01370	0.01316	0.01656	0.01002	0.00984	0.02118	0.02565	0.10501	0.19846	0.18106	0.28688	0.02481	0.01242	0.00360	0.00590	0.02135	0.01070	0.01035
11	0.04252	0.02002	0.02670	0.09893	0.03416	0.01947	0.01817	0.12681	0.03224	0.41305	0.03591	0.03318	0.02318	0.01268	0.01062	0.00329	0.01012	0.01028	0.01153	0.01714
12	0.02518	0.01617	0.01971	0.01766	0.02233	0.01607	0.01443	0.13307	0.03224	0.11780	0.20078	0.07364	0.11157	0.02090	0.01233	0.00369	0.00817	0.13066	0.01096	0.01265
13	0.01470	0.01103	0.01385	0.01564	0.01698	0.01099	0.01075	0.02034	0.09116	0.02933	0.05621	0.54260	0.06483	0.03058	0.01312	0.00420	0.00644	0.02760	0.00994	0.00969
14	0.03084	0.01660	0.02113	0.01769	0.02295	0.01651	0.01427	0.03641	0.06711	0.27245	0.09419	0.05506	0.17041	0.01816	0.01453	0.00356	0.08904	0.01426	0.01079	0.01403

[dist]
# distance from previous block
# <min> <max>
2	21

[block]
# block no. 9 follows, 13 sequences, length 20
# corresponding to MSA columns:
# 582-601
name=unknown_J
#
# <colnr> <probs for GDERKNQSTAVLIFYWHMCP>
#	G	D	E	R	K	N	Q	S	T	A	V	L	I	F	Y	W	H	M	C	P
0	0.01654	0.01620	0.04996	0.01489	0.02014	0.01284	0.01245	0.02061	0.02359	0.03222	0.13877	0.09836	0.25107	0.01990	0.01259	0.00311	0.04471	0.01641	0.00852	0.18711
1	0.11089	0.02122	0.02910	0.17878	0.08195	0.02373	0.05086	0.10879	0.08953	0.07967	0.02541	0.02987	0.01934	0.01973	0.08114	0.00506	0.01375	0.00979	0.00740	0.01400
2	0.01610	0.08740	0.01867	0.01391	0.01701	0.01361	0.01080	0.02024	0.02697	0.03685	0.38011	0.15552	0.11950	0.02221	0.01193	0.00336	0.00597	0.01937	0.01035	0.01013
3	0.45735	0.01774	0.01619	0.08550	0.02498	0.02041	0.01270	0.02906	0.01937	0.04303	0.01990	0.02379	0.01548	0.01050	0.00724	0.00311	0.00814	0.00715	0.16727	0.01111
4	0.01533	0.01055	0.01207	0.01169	0.01451	0.00963	0.00877	0.01960	0.02631	0.03746	0.29566	0.07659	0.22290	0.02100	0.01128	0.00320	0.00509	0.01791	0.17083	0.00963
5	0.10422	0.01307	0.01530	0.01377	0.01781	0.01233	0.01067	0.02530	0.02750	0.12078	0.33425	0.06876	0.15677	0.01976	0.01147	0.00335	0.00605	0.01673	0.01092	0.01120
6	0.02345	0.02552	0.05189	0.03816	0.04622	0.02553	0.38463	0.03087	0.02424	0.03364	0.08620	0.03392	0.02602	0.01193	0.01585	0.00370	0.10609	0.01281	0.00601	0.01332
7	0.02630	0.02271	0.02391	0.02152	0.02749	0.02630	0.01674	0.05618	0.54336	0.04423	0.04303	0.03945	0.03228	0.01434	0.01076	0.00359	0.00837	0.01195	0.01076	0.01674
8	0.04744	0.01799	0.02454	0.01881	0.02699	0.01554	0.01554	0.05153	0.03026	0.56979	0.04171	0.03599	0.02617	0.01309	0.01063	0.00327	0.00900	0.01063	0.01309	0.01799
9	0.01510	0.01133	0.01699	0.01699	0.01888	0.01322	0.01322	0.01888	0.01699	0.02454	0.02832	0.04154	0.02643	0.07930	0.58652	0.01699	0.02832	0.01133	0.00566	0.00944
10	0.04634	0.01976	0.02563	0.01965	0.02787	0.01816	0.01623	0.12381	0.03322	0.49333	0.03923	0.03438	0.02493	0.01303	0.01062	0.00326	0.00940	0.01046	0.01270	0.01799
11	0.03950	0.05039	0.02996	0.02724	0.03269	0.58597	0.02043	0.04222	0.02996	0.02588	0.01634	0.01907	0.01362	0.01090	0.00953	0.00272	0.01907	0.00681	0.00545	0.01226
12	0.70310	0.02045	0.01554	0.01390	0.02045	0.02372	0.01145	0.03108	0.01799	0.04744	0.01472	0.01718	0.01145	0.00981	0.00654	0.00327	0.00818	0.00573	0.00654	0.01145
13	0.04744	0.01799	0.02454	0.01881	0.02699	0.01554	0.01554	0.05153	0.03026	0.56979	0.04171	0.03599	0.02617	0.01309	0.01063	0.00327	0.00900	0.01063	0.01309	0.01799
14	0.03854	0.02327	0.02656	0.02077	0.02786	0.02431	0.01668	0.31016	0.03880	0.20693	0.03137	0.03515	0.02349	0.10638	0.01716	0.00428	0.01065	0.01074	0.01068	0.01623
15	0.02760	0.02336	0.02464	0.02178	0.02799	0.02691	0.01705	0.10045	0.49697	0.04634	0.04138	0.03813	0.03093	0.01419	0.01074	0.00355	0.00867	0.01173	0.01074	0.01685
16	0.03687	0.08071	0.06647	0.07405	0.14496	0.02255	0.02221	0.07999	0.02847	0.29173	0.03014	0.02986	0.02065	0.01152	0.01019	0.00317	0.01097	0.00955	0.00926	0.01669
17	0.01521	0.01090	0.01483	0.01483	0.01597	0.01204	0.01052	0.01749	0.01635	0.02294	0.03030	0.05249	0.03119	0.29669	0.37562	0.01432	0.02117	0.01293	0.00596	0.00824
18	0.01426	0.00995	0.01195	0.01284	0.01475	0.00913	0.00910	0.01738	0.02331	0.03232	0.16560	0.31294	0.17344	0.02629	0.01215	0.00367	0.00555	0.02313	0.11311	0.00913
19	0.02295	0.02910	0.14933	0.22176	0.09175	0.02496	0.08936	0.03712	0.15565	0.03422	0.02544	0.02971	0.01904	0.01113	0.01073	0.00348	0.01329	0.01010	0.00632	0.01455

[dist]
# distance from previous block
# <min> <max>
0	1

[block]
# block no. 10 follows, 13 sequences, length 11
# corresponding to MSA columns:
# 603-613
name=unknown_K
#
# <colnr> <probs for GDERKNQSTAVLIFYWHMCP>
#	G	D	E	R	K	N	Q	S	T	A	V	L	I	F	Y	W	H	M	C	P
0	0.02556	0.02536	0.08430	0.07994	0.14136	0.06863	0.06447	0.05906	0.02798	0.08481	0.18133	0.04206	0.04144	0.01380	0.01114	0.00326	0.01138	0.01229	0.00805	0.01379
