[name]
unknown

[dist]
# distance from previous block
# <min> <max>
9	447

[block]
# block no. 0 follows, 13 sequences, length 16
# corresponding to MSA columns:
# 550-565
name=unknown_A
#
# <colnr> <probs for GDERKNQSTAVLIFYWHMCP>
#	G	D	E	R	K	N	Q	S	T	A	V	L	I	F	Y	W	H	M	C	P
0	0.12310	0.02040	0.03104	0.02544	0.03058	0.02277	0.13184	0.03172	0.08243	0.06506	0.02618	0.03515	0.02211	0.02848	0.14467	0.00678	0.11836	0.03450	0.00679	0.01258
1	0.03615	0.02325	0.02619	0.02629	0.10438	0.10871	0.01795	0.04188	0.06130	0.28156	0.07795	0.08452	0.03283	0.01465	0.01083	0.00327	0.01054	0.01224	0.01016	0.01536
2	0.02689	0.30104	0.11848	0.01992	0.02995	0.03032	0.01981	0.09107	0.02518	0.03396	0.01779	0.02018	0.01468	0.00929	0.00802	0.00233	0.01099	0.00661	0.00575	0.20774
3	0.08000	0.02569	0.14208	0.01913	0.02799	0.01741	0.01842	0.05653	0.02424	0.07499	0.06545	0.09648	0.02828	0.01309	0.00957	0.00276	0.00947	0.01077	0.00743	0.27020
4	0.03072	0.02258	0.02376	0.01977	0.02576	0.08704	0.01567	0.07520	0.11228	0.16204	0.13405	0.03927	0.03717	0.01431	0.01219	0.00311	0.05208	0.01125	0.00974	0.11201
5	0.08568	0.09738	0.12108	0.09097	0.09935	0.02428	0.05485	0.07167	0.02631	0.13897	0.06712	0.03023	0.02374	0.01155	0.00999	0.00319	0.01167	0.00964	0.00751	0.01483
6	0.02351	0.01761	0.02829	0.42333	0.05790	0.02050	0.02535	0.02977	0.02299	0.10715	0.02815	0.04404	0.02341	0.01395	0.01123	0.00370	0.01264	0.08740	0.00674	0.01233
7	0.02502	0.01324	0.01736	0.01610	0.02040	0.01195	0.01299	0.02913	0.02721	0.20099	0.17812	0.11275	0.14011	0.02225	0.01245	0.00376	0.00745	0.12530	0.01125	0.01216
8	0.01547	0.01059	0.01287	0.01308	0.01359	0.01089	0.00840	0.01649	0.01639	0.02209	0.03440	0.06891	0.03837	0.48964	0.13656	0.01089	0.01313	0.05452	0.00657	0.00717
9	0.02625	0.20342	0.28646	0.02621	0.03665	0.12068	0.02868	0.03348	0.02263	0.02905	0.01683	0.02048	0.01353	0.01090	0.01195	0.00311	0.08372	0.00725	0.00466	0.01407
10	0.01641	0.01168	0.01265	0.01200	0.01534	0.01083	0.00911	0.04923	0.02669	0.03681	0.20044	0.07738	0.28979	0.02137	0.01123	0.00324	0.00554	0.01794	0.16240	0.00995
11	0.01317	0.00932	0.01218	0.01435	0.01490	0.00878	0.00942	0.01480	0.01968	0.02624	0.05539	0.55760	0.06629	0.10201	0.01816	0.00498	0.00661	0.02836	0.00942	0.00834
12	0.02097	0.01981	0.03352	0.51611	0.15189	0.02375	0.02986	0.02789	0.02162	0.02823	0.01897	0.02786	0.01452	0.01039	0.01055	0.00346	0.01385	0.00940	0.00478	0.01255
13	0.10918	0.12037	0.03561	0.10774	0.03759	0.02452	0.10593	0.03537	0.06559	0.11269	0.02344	0.02612	0.01755	0.01016	0.00937	0.00293	0.01131	0.00875	0.00700	0.12877
14	0.08113	0.16360	0.03033	0.01709	0.02606	0.02350	0.01461	0.08609	0.02472	0.03701	0.01827	0.02078	0.01510	0.00884	0.00780	0.00205	0.00911	0.00645	0.00638	0.40108
15	0.33728	0.02845	0.02716	0.03162	0.17637	0.14007	0.01972	0.06287	0.02403	0.04051	0.01714	0.02058	0.01377	0.01009	0.00850	0.00312	0.01185	0.00721	0.00619	0.01349

[dist]
# distance from previous block
# <min> <max>
0	11

[block]
# block no. 1 follows, 13 sequences, length 141
# corresponding to MSA columns:
# 577-717
name=unknown_B
#
# <colnr> <probs for GDERKNQSTAVLIFYWHMCP>
#	G	D	E	R	K	N	Q	S	T	A	V	L	I	F	Y	W	H	M	C	P
0	0.09032	0.02112	0.03387	0.06472	0.03630	0.02051	0.16550	0.07472	0.02745	0.21240	0.03446	0.03556	0.05672	0.01224	0.01069	0.00332	0.01151	0.01132	0.06263	0.01464
1	0.03022	0.21735	0.08325	0.11305	0.03887	0.11582	0.06567	0.03546	0.02443	0.10613	0.02070	0.02355	0.01582	0.01014	0.00919	0.00283	0.01330	0.00795	0.00612	0.06015
2	0.07726	0.01712	0.02159	0.01906	0.02279	0.01950	0.01512	0.07171	0.06268	0.12095	0.02879	0.03704	0.02426	0.09120	0.23063	0.00916	0.10038	0.01074	0.00768	0.01233
3	0.01375	0.00987	0.01304	0.01413	0.01553	0.00916	0.00988	0.01689	0.02426	0.03338	0.26499	0.39659	0.08230	0.02835	0.01307	0.00389	0.00566	0.02552	0.01057	0.00916
4	0.02283	0.02668	0.14370	0.02166	0.02877	0.02144	0.02038	0.08020	0.22385	0.04131	0.12413	0.08876	0.04292	0.01690	0.01135	0.00360	0.00963	0.04818	0.00935	0.01437
5	0.02092	0.01959	0.02990	0.02419	0.02766	0.02214	0.09983	0.02434	0.01847	0.02719	0.02127	0.03521	0.02082	0.15121	0.07501	0.00615	0.23692	0.01078	0.00548	0.12291
6	0.04014	0.02734	0.07978	0.02502	0.03402	0.06981	0.08995	0.12252	0.03190	0.32044	0.03208	0.03059	0.02124	0.01198	0.01074	0.00326	0.01210	0.01014	0.01019	0.01677
7	0.02827	0.63478	0.05540	0.01809	0.02714	0.04184	0.01809	0.03166	0.02148	0.02488	0.01470	0.01696	0.01357	0.00905	0.00678	0.00226	0.01131	0.00565	0.00452	0.01357
8	0.01396	0.00980	0.01181	0.01296	0.01355	0.00936	0.00814	0.01505	0.01840	0.02423	0.05126	0.33087	0.09717	0.29845	0.03142	0.00689	0.00791	0.02285	0.00829	0.00764
9	0.02094	0.01774	0.02769	0.25588	0.12487	0.02055	0.02253	0.02657	0.06033	0.02872	0.06216	0.03313	0.02346	0.01780	0.01927	0.15169	0.05942	0.01029	0.00576	0.01122
10	0.02651	0.07217	0.06982	0.01984	0.02873	0.02265	0.01751	0.13852	0.02763	0.04006	0.01956	0.02243	0.01570	0.01002	0.01066	0.00236	0.05716	0.00729	0.00682	0.38456
11	0.01446	0.01050	0.01375	0.01449	0.01646	0.00980	0.01085	0.01828	0.02567	0.03503	0.29545	0.25637	0.11565	0.02670	0.01311	0.00388	0.00608	0.09337	0.01066	0.00943
12	0.01378	0.00999	0.01320	0.01544	0.01671	0.00942	0.01127	0.01637	0.02149	0.02816	0.06197	0.46455	0.10998	0.03170	0.01366	0.00436	0.00687	0.13240	0.00980	0.00887
13	0.03018	0.07549	0.14607	0.15108	0.04085	0.02192	0.02408	0.03867	0.06469	0.20816	0.03078	0.03653	0.02290	0.01290	0.01050	0.00341	0.01175	0.04681	0.00824	0.01500
14	0.24989	0.02398	0.10336	0.01730	0.02455	0.02068	0.01626	0.10733	0.02573	0.09101	0.02483	0.02703	0.01837	0.01127	0.00829	0.00304	0.00902	0.00820	0.19664	0.01321
15	0.01393	0.01083	0.01279	0.01314	0.01598	0.00969	0.01013	0.01753	0.02545	0.03282	0.22232	0.14280	0.30957	0.02624	0.01290	0.00376	0.00599	0.09447	0.01032	0.00932
16	0.01438	0.01058	0.01367	0.01551	0.01681	0.01032	0.01092	0.01884	0.06136	0.02979	0.09318	0.49842	0.06851	0.03054	0.01330	0.00421	0.00650	0.06372	0.01001	0.00940
17	0.02197	0.15662	0.03522	0.14717	0.03783	0.06847	0.09597	0.02676	0.02333	0.02892	0.07698	0.13416	0.07249	0.01595	0.01074	0.00330	0.01168	0.01410	0.00665	0.01169
18	0.02756	0.02162	0.02443	0.02110	0.02669	0.02457	0.01680	0.19985	0.22579	0.04577	0.03289	0.03545	0.02586	0.03299	0.18074	0.00741	0.01533	0.01097	0.00919	0.01499
19	0.02313	0.02313	0.03238	0.02776	0.02776	0.03238	0.02313	0.02545	0.01619	0.02545	0.01388	0.02313	0.01388	0.01851	0.03470	0.00463	0.60907	0.00925	0.00463	0.01157
20	0.02192	0.01879	0.02192	0.01566	0.02506	0.01409	0.01253	0.02662	0.02192	0.03445	0.01879	0.02192	0.01566	0.00783	0.00783	0.00157	0.00783	0.00626	0.00626	0.69305
21	0.70310	0.02045	0.01554	0.01390	0.02045	0.02372	0.01145	0.03108	0.01799	0.04744	0.01472	0.01718	0.01145	0.00981	0.00654	0.00327	0.00818	0.00573	0.00654	0.01145
22	0.01288	0.00920	0.01227	0.01472	0.01534	0.00859	0.00981	0.01472	0.02024	0.02699	0.05828	0.62152	0.06993	0.03312	0.01350	0.00429	0.00613	0.03006	0.00981	0.00859
23	0.02175	0.09915	0.53392	0.02921	0.04433	0.02588	0.03746	0.03334	0.02226	0.03282	0.01865	0.02191	0.01341	0.00997	0.00980	0.00327	0.01529	0.00765	0.00447	0.01547
24	0.01538	0.01025	0.01153	0.01153	0.01153	0.01025	0.00641	0.01538	0.01538	0.02050	0.03331	0.06919	0.03844	0.62842	0.05382	0.01025	0.01025	0.01538	0.00641	0.00641
25	0.01288	0.00920	0.01227	0.01472	0.01534	0.00859	0.00981	0.01472	0.02024	0.02699	0.05828	0.62152	0.06993	0.03312	0.01350	0.00429	0.00613	0.03006	0.00981	0.00859
26	0.03197	0.02416	0.04397	0.04476	0.23916	0.02286	0.18952	0.03848	0.02617	0.19042	0.02675	0.02981	0.01926	0.01032	0.01118	0.00332	0.01326	0.01078	0.00756	0.01629
27	0.02403	0.22081	0.28757	0.02548	0.03583	0.03115	0.02846	0.03336	0.06100	0.03041	0.01870	0.02216	0.01497	0.01146	0.01316	0.00325	0.11104	0.00772	0.00499	0.01443
28	0.03228	0.02435	0.02629	0.02211	0.02902	0.02728	0.01763	0.19562	0.35163	0.09714	0.03768	0.03497	0.02749	0.01374	0.01069	0.00344	0.00939	0.01111	0.01091	0.01722
29	0.02816	0.01999	0.02982	0.11120	0.03719	0.01769	0.08866	0.03367	0.02423	0.16126	0.02464	0.02719	0.01799	0.00966	0.00959	0.00256	0.01050	0.00868	0.00752	0.32980
30	0.02121	0.05469	0.57364	0.03014	0.04576	0.02455	0.03906	0.03348	0.02232	0.03348	0.01897	0.02232	0.01339	0.01005	0.01005	0.00335	0.01563	0.00781	0.00446	0.01563
31	0.01538	0.01025	0.01153	0.01153	0.01153	0.01025	0.00641	0.01538	0.01538	0.02050	0.03331	0.06919	0.03844	0.62842	0.05382	0.01025	0.01025	0.01538	0.00641	0.00641
32	0.02496	0.02852	0.06239	0.04456	0.05526	0.02674	0.52406	0.03387	0.02496	0.03387	0.02139	0.02852	0.01604	0.00891	0.01248	0.00357	0.01783	0.01248	0.00535	0.01426
33	0.02405	0.26748	0.21537	0.15150	0.08591	0.03101	0.02839	0.03131	0.02189	0.02887	0.01737	0.02183	0.01388	0.00972	0.00894	0.00295	0.01339	0.00745	0.00460	0.01409
34	0.02180	0.02066	0.03502	0.44408	0.21743	0.02397	0.03027	0.02862	0.02201	0.02924	0.01912	0.02759	0.01488	0.01023	0.01054	0.00341	0.01364	0.00940	0.00486	0.01322
35	0.01510	0.01133	0.01699	0.01699	0.01888	0.01322	0.01322	0.01888	0.01699	0.02454	0.02832	0.04154	0.02643	0.07930	0.58652	0.01699	0.02832	0.01133	0.00566	0.00944
36	0.03476	0.01493	0.02021	0.01705	0.02268	0.01314	0.01341	0.03849	0.02799	0.36793	0.12491	0.17255	0.04724	0.01885	0.01155	0.00351	0.00774	0.01625	0.01214	0.01467
37	0.02121	0.05469	0.57364	0.03014	0.04576	0.02455	0.03906	0.03348	0.02232	0.03348	0.01897	0.02232	0.01339	0.01005	0.01005	0.00335	0.01563	0.00781	0.00446	0.01563
38	0.02630	0.02271	0.02391	0.02152	0.02749	0.02630	0.01674	0.05618	0.54336	0.04423	0.04303	0.03945	0.03228	0.01434	0.01076	0.00359	0.00837	0.01195	0.01076	0.01674
39	0.01496	0.01081	0.01413	0.01330	0.01580	0.00998	0.00998	0.01995	0.02993	0.04240	0.55689	0.07898	0.09976	0.02162	0.01247	0.00333	0.00499	0.01912	0.01164	0.00998
40	0.01457	0.01235	0.01278	0.01239	0.01620	0.01137	0.00937	0.02112	0.09504	0.03180	0.13452	0.09147	0.45000	0.02468	0.01226	0.00355	0.00573	0.02065	0.01009	0.01007
41	0.01798	0.01564	0.02246	0.02090	0.02197	0.02013	0.01671	0.02104	0.01695	0.02508	0.02521	0.08048	0.02511	0.05256	0.33164	0.01129	0.24705	0.01202	0.00560	0.01018
42	0.01997	0.01879	0.03171	0.60301	0.07282	0.02349	0.02936	0.02701	0.02114	0.02701	0.01879	0.02819	0.01409	0.01057	0.01057	0.00352	0.01409	0.00940	0.00470	0.01175
43	0.01250	0.01071	0.01071	0.01071	0.01428	0.00893	0.00803	0.01517	0.02410	0.02856	0.10711	0.10175	0.55817	0.02678	0.01250	0.00357	0.00536	0.02231	0.00982	0.00893
44	0.01538	0.01025	0.01153	0.01153	0.01153	0.01025	0.00641	0.01538	0.01538	0.02050	0.03331	0.06919	0.03844	0.62842	0.05382	0.01025	0.01025	0.01538	0.00641	0.00641
45	0.01510	0.01133	0.01699	0.01699	0.01888	0.01322	0.01322	0.01888	0.01699	0.02454	0.02832	0.04154	0.02643	0.07930	0.58652	0.01699	0.02832	0.01133	0.00566	0.00944
46	0.03661	0.02927	0.07294	0.02517	0.03307	0.07099	0.05478	0.22323	0.07948	0.16883	0.02817	0.02832	0.01991	0.01283	0.01273	0.00336	0.06465	0.00982	0.00942	0.01643
47	0.01723	0.01335	0.01373	0.01441	0.01630	0.06002	0.01025	0.02057	0.02380	0.03327	0.16621	0.31201	0.06246	0.02385	0.01155	0.00352	0.00674	0.02096	0.16027	0.00952
48	0.03766	0.14611	0.03413	0.02574	0.03178	0.49685	0.02005	0.04049	0.02857	0.02571	0.01607	0.01872	0.01361	0.01059	0.00908	0.00265	0.01780	0.00662	0.00530	0.01247
49	0.02290	0.02103	0.03216	0.27167	0.20638	0.02369	0.02617	0.03465	0.13860	0.03415	0.06110	0.03353	0.02476	0.01181	0.01071	0.00341	0.01174	0.01063	0.00668	0.01424
50	0.08297	0.07429	0.02655	0.01952	0.02633	0.02436	0.01597	0.19045	0.11236	0.16363	0.03355	0.08203	0.02635	0.01428	0.01003	0.00324	0.00931	0.01136	0.05787	0.01554
51	0.44546	0.01621	0.01488	0.01386	0.01794	0.01825	0.01060	0.02457	0.01641	0.03650	0.01609	0.02281	0.01405	0.01994	0.01963	0.26256	0.00856	0.00703	0.00581	0.00887
52	0.03515	0.08702	0.02977	0.02321	0.02955	0.23733	0.01832	0.14639	0.11325	0.08354	0.02780	0.07258	0.02300	0.01361	0.01011	0.00309	0.01323	0.01026	0.00829	0.01450
53	0.70310	0.02045	0.01554	0.01390	0.02045	0.02372	0.01145	0.03108	0.01799	0.04744	0.01472	0.01718	0.01145	0.00981	0.00654	0.00327	0.00818	0.00573	0.00654	0.01145
54	0.02233	0.01854	0.03052	0.47198	0.09773	0.02189	0.02692	0.02892	0.02278	0.07462	0.06201	0.03260	0.02186	0.01155	0.01071	0.00346	0.01286	0.01025	0.00598	0.01248
55	0.01406	0.01034	0.01344	0.01547	0.01713	0.00972	0.01168	0.01695	0.02212	0.02865	0.06575	0.38412	0.14885	0.03089	0.01366	0.00434	0.00708	0.16696	0.00979	0.00899
56	0.08686	0.02416	0.02506	0.02154	0.02815	0.02762	0.01709	0.16584	0.38176	0.04982	0.03645	0.03423	0.02712	0.01357	0.01036	0.00346	0.00913	0.01085	0.01036	0.01658
57	0.01483	0.01090	0.01608	0.01624	0.01744	0.01039	0.04841	0.01625	0.01899	0.02536	0.04657	0.40545	0.05449	0.15961	0.02454	0.06608	0.00818	0.02372	0.00828	0.00820
58	0.02033	0.01949	0.03392	0.56280	0.07156	0.02372	0.06498	0.02751	0.02142	0.02751	0.01898	0.02821	0.01423	0.01045	0.01071	0.00353	0.01436	0.00962	0.00474	0.01193
59	0.02177	0.10063	0.53260	0.02918	0.04429	0.02592	0.03740	0.03334	0.02226	0.03280	0.01864	0.02190	0.01341	0.00997	0.00979	0.00326	0.01528	0.00764	0.00447	0.01546
60	0.01392	0.00972	0.01237	0.01408	0.01463	0.00934	0.00927	0.01541	0.01905	0.02534	0.05055	0.41997	0.05977	0.21328	0.02579	0.00614	0.00763	0.05697	0.00878	0.00800
61	0.02380	0.02026	0.03383	0.42277	0.18797	0.02321	0.02894	0.03041	0.02263	0.07476	0.02100	0.02836	0.01576	0.01050	0.01055	0.00341	0.01329	0.00951	0.00554	0.01349
62	0.07451	0.02248	0.03413	0.30516	0.22041	0.02535	0.02773	0.10025	0.02592	0.03655	0.01979	0.02634	0.01531	0.01045	0.01025	0.00333	0.01282	0.00915	0.00584	0.01422
63	0.40046	0.02463	0.02293	0.01866	0.02608	0.02786	0.01540	0.25759	0.03247	0.05620	0.01959	0.02092	0.01443	0.01113	0.00838	0.00323	0.00976	0.00746	0.00838	0.01443
64	0.02929	0.51466	0.08841	0.02018	0.02920	0.11447	0.01988	0.03322	0.02269	0.02562	0.01522	0.01762	0.01356	0.00937	0.00739	0.00240	0.01266	0.00596	0.00464	0.01354
65	0.01344	0.00956	0.01253	0.01422	0.01511	0.00896	0.00957	0.01568	0.02152	0.02913	0.14234	0.48352	0.07255	0.07893	0.01656	0.00460	0.00627	0.02699	0.00986	0.00865
66	0.01385	0.01020	0.01316	0.01498	0.01660	0.00951	0.01108	0.01670	0.02242	0.02930	0.09967	0.39025	0.15127	0.03045	0.01350	0.00423	0.00670	0.12722	0.00992	0.00899
67	0.02820	0.17018	0.28552	0.02699	0.03901	0.02913	0.07231	0.11616	0.02751	0.07822	0.02107	0.02327	0.01540	0.01040	0.00969	0.00310	0.01372	0.00826	0.00623	0.01563
68	0.04383	0.01921	0.02808	0.02150	0.02925	0.01770	0.05565	0.04816	0.02877	0.48641	0.03800	0.03442	0.02444	0.01318	0.01262	0.00340	0.05568	0.01067	0.01184	0.01721
69	0.01430	0.01015	0.01359	0.01582	0.01691	0.00977	0.01162	0.01686	0.02101	0.02778	0.05546	0.42822	0.06458	0.08329	0.01729	0.00497	0.00753	0.16259	0.00950	0.00873
70	0.07459	0.02085	0.06535	0.07331	0.07358	0.05544	0.01780	0.02923	0.05770	0.07742	0.03759	0.12764	0.07070	0.02559	0.09293	0.00536	0.01260	0.01362	0.05651	0.01219
71	0.02822	0.07775	0.11722	0.02305	0.02985	0.02094	0.06307	0.03321	0.02350	0.18854	0.03401	0.16648	0.03068	0.01730	0.01429	0.00364	0.09180	0.01425	0.00836	0.01383
72	0.01994	0.01131	0.01478	0.01444	0.01717	0.01036	0.01061	0.02360	0.02569	0.12321	0.24029	0.27169	0.07021	0.02372	0.01211	0.00361	0.00607	0.02102	0.06941	0.01077
73	0.02597	0.44616	0.22391	0.02201	0.03319	0.03622	0.02491	0.03225	0.02176	0.02767	0.01609	0.01870	0.01351	0.00937	0.00784	0.00261	0.01271	0.00636	0.00450	0.01424
74	0.02418	0.07804	0.19540	0.15490	0.12697	0.02396	0.02810	0.03392	0.06763	0.07434	0.06888	0.03116	0.02411	0.01157	0.01029	0.00328	0.01243	0.00978	0.00645	0.01460
75	0.02170	0.04659	0.44179	0.03079	0.04450	0.02367	0.11622	0.03280	0.02274	0.03405	0.02068	0.02479	0.01499	0.01005	0.01022	0.00331	0.01508	0.00875	0.06236	0.01491
76	0.02624	0.14413	0.37599	0.02764	0.04005	0.14798	0.03179	0.03508	0.02383	0.03051	0.01774	0.02079	0.01347	0.01007	0.00943	0.00304	0.01569	0.00726	0.00469	0.01458
77	0.02827	0.63478	0.05540	0.01809	0.02714	0.04184	0.01809	0.03166	0.02148	0.02488	0.01470	0.01696	0.01357	0.00905	0.00678	0.00226	0.01131	0.00565	0.00452	0.01357
78	0.01269	0.01072	0.01098	0.01092	0.01440	0.00901	0.00819	0.01555	0.02456	0.02966	0.14273	0.09995	0.52187	0.02637	0.01249	0.00355	0.00533	0.02206	0.00996	0.00901
79	0.03950	0.05039	0.02996	0.02724	0.03269	0.58597	0.02043	0.04222	0.02996	0.02588	0.01634	0.01907	0.01362	0.01090	0.00953	0.00272	0.01907	0.00681	0.00545	0.01226
80	0.02421	0.02312	0.03938	0.23470	0.40796	0.02461	0.03148	0.03073	0.02315	0.03217	0.01954	0.02681	0.01591	0.00978	0.01050	0.00326	0.01304	0.00941	0.00506	0.01517
81	0.01443	0.01079	0.01340	0.01274	0.01547	0.00975	0.00956	0.01892	0.02868	0.03942	0.46016	0.08388	0.19835	0.02273	0.01248	0.00338	0.00507	0.01981	0.01125	0.00975
82	0.01666	0.01102	0.01419	0.01561	0.01726	0.01062	0.01084	0.02105	0.06527	0.07002	0.05572	0.52743	0.06339	0.03000	0.01304	0.00416	0.00654	0.02704	0.01015	0.01000
83	0.02518	0.02335	0.03829	0.24222	0.35708	0.02517	0.03045	0.06908	0.02508	0.03451	0.01995	0.02679	0.01595	0.01006	0.01051	0.00327	0.01300	0.00942	0.00547	0.01517
84	0.01589	0.01204	0.01670	0.01630	0.01745	0.01401	0.01204	0.01840	0.01643	0.02341	0.02855	0.04825	0.02894	0.23936	0.37748	0.01387	0.07400	0.01236	0.00580	0.00871
85	0.01538	0.01025	0.01153	0.01153	0.01153	0.01025	0.00641	0.01538	0.01538	0.02050	0.03331	0.06919	0.03844	0.62842	0.05382	0.01025	0.01025	0.01538	0.00641	0.00641
86	0.04019	0.02962	0.03173	0.02433	0.03279	0.03279	0.02010	0.52721	0.04971	0.06663	0.02538	0.02538	0.01798	0.01269	0.01058	0.00317	0.01163	0.00952	0.01058	0.01798
87	0.01510	0.01133	0.01699	0.01699	0.01888	0.01322	0.01322	0.01888	0.01699	0.02454	0.02832	0.04154	0.02643	0.07930	0.58652	0.01699	0.02832	0.01133	0.00566	0.00944
88	0.02121	0.05469	0.57364	0.03014	0.04576	0.02455	0.03906	0.03348	0.02232	0.03348	0.01897	0.02232	0.01339	0.01005	0.01005	0.00335	0.01563	0.00781	0.00446	0.01563
89	0.02313	0.02313	0.03238	0.02776	0.02776	0.03238	0.02313	0.02545	0.01619	0.02545	0.01388	0.02313	0.01388	0.01851	0.03470	0.00463	0.60907	0.00925	0.00463	0.01157
90	0.01538	0.01025	0.01153	0.01153	0.01153	0.01025	0.00641	0.01538	0.01538	0.02050	0.03331	0.06919	0.03844	0.62842	0.05382	0.01025	0.01025	0.01538	0.00641	0.00641
91	0.01510	0.01133	0.01699	0.01699	0.01888	0.01322	0.01322	0.01888	0.01699	0.02454	0.02832	0.04154	0.02643	0.07930	0.58652	0.01699	0.02832	0.01133	0.00566	0.00944
92	0.01496	0.01081	0.01413	0.01330	0.01580	0.00998	0.00998	0.01995	0.02993	0.04240	0.55689	0.07898	0.09976	0.02162	0.01247	0.00333	0.00499	0.01912	0.01164	0.00998
93	0.01271	0.01072	0.01101	0.01094	0.01441	0.00902	0.00820	0.01559	0.02461	0.02978	0.14670	0.09975	0.51782	0.02632	0.01249	0.00355	0.00532	0.02203	0.00998	0.00902
94	0.01510	0.01133	0.01699	0.01699	0.01888	0.01322	0.01322	0.01888	0.01699	0.02454	0.02832	0.04154	0.02643	0.07930	0.58652	0.01699	0.02832	0.01133	0.00566	0.00944
95	0.01971	0.00985	0.00985	0.00985	0.01232	0.00985	0.00739	0.02464	0.02217	0.03942	0.03449	0.03942	0.02710	0.01232	0.00739	0.00246	0.00493	0.00985	0.68712	0.00985
96	0.02617	0.02512	0.04292	0.06490	0.56246	0.02512	0.03245	0.03245	0.02407	0.03454	0.01989	0.02617	0.01675	0.00942	0.01047	0.00314	0.01256	0.00942	0.00523	0.01675
97	0.01538	0.01025	0.01153	0.01153	0.01153	0.01025	0.00641	0.01538	0.01538	0.02050	0.03331	0.06919	0.03844	0.62842	0.05382	0.01025	0.01025	0.01538	0.00641	0.00641
98	0.01837	0.00918	0.01377	0.01377	0.01377	0.00918	0.00918	0.01377	0.01377	0.01837	0.01837	0.03214	0.01837	0.03673	0.04132	0.69238	0.00918	0.00918	0.00459	0.00459
99	0.02297	0.19925	0.44449	0.02713	0.04112	0.02886	0.03384	0.03303	0.02211	0.03134	0.01791	0.02099	0.01344	0.00980	0.00923	0.00308	0.01455	0.00727	0.00448	0.01511
100	0.01307	0.00934	0.01243	0.01460	0.01538	0.00871	0.00983	0.01518	0.02110	0.02835	0.10216	0.57376	0.07256	0.03211	0.01341	0.00421	0.00603	0.02910	0.00998	0.00871
101	0.02827	0.63478	0.05540	0.01809	0.02714	0.04184	0.01809	0.03166	0.02148	0.02488	0.01470	0.01696	0.01357	0.00905	0.00678	0.00226	0.01131	0.00565	0.00452	0.01357
102	0.08605	0.02348	0.02930	0.02414	0.03120	0.02576	0.08865	0.08476	0.34859	0.08627	0.03617	0.03471	0.02668	0.01297	0.01062	0.00350	0.00999	0.01122	0.00980	0.01613
103	0.02827	0.63478	0.05540	0.01809	0.02714	0.04184	0.01809	0.03166	0.02148	0.02488	0.01470	0.01696	0.01357	0.00905	0.00678	0.00226	0.01131	0.00565	0.00452	0.01357
104	0.02313	0.02313	0.03238	0.02776	0.02776	0.03238	0.02313	0.02545	0.01619	0.02545	0.01388	0.02313	0.01388	0.01851	0.03470	0.00463	0.60907	0.00925	0.00463	0.01157
105	0.02827	0.63478	0.05540	0.01809	0.02714	0.04184	0.01809	0.03166	0.02148	0.02488	0.01470	0.01696	0.01357	0.00905	0.00678	0.00226	0.01131	0.00565	0.00452	0.01357
106	0.01538	0.01025	0.01153	0.01153	0.01153	0.01025	0.00641	0.01538	0.01538	0.02050	0.03331	0.06919	0.03844	0.62842	0.05382	0.01025	0.01025	0.01538	0.00641	0.00641
107	0.01881	0.01403	0.02282	0.07102	0.02708	0.01384	0.08921	0.02223	0.02087	0.07275	0.04162	0.29928	0.04491	0.12215	0.06366	0.00595	0.01120	0.02020	0.00811	0.01024
108	0.01264	0.01014	0.01130	0.01222	0.01468	0.00880	0.00870	0.01500	0.02265	0.02797	0.08874	0.29731	0.37448	0.02917	0.01287	0.00384	0.00565	0.02523	0.00982	0.00880
109	0.03025	0.38911	0.04329	0.01946	0.02735	0.07821	0.01764	0.11556	0.07099	0.03462	0.02055	0.02219	0.01695	0.01050	0.00800	0.00258	0.01120	0.00724	0.06017	0.01417
110	0.02263	0.02151	0.03653	0.37164	0.28335	0.02419	0.03069	0.02935	0.02240	0.03025	0.01926	0.02732	0.01524	0.01008	0.01053	0.00336	0.01344	0.00941	0.00493	0.01390
111	0.02805	0.24603	0.23883	0.02484	0.03529	0.15679	0.02627	0.03643	0.06041	0.02964	0.01864	0.02100	0.01483	0.01020	0.00889	0.00286	0.01444	0.00715	0.00515	0.01426
112	0.02827	0.63478	0.05540	0.01809	0.02714	0.04184	0.01809	0.03166	0.02148	0.02488	0.01470	0.01696	0.01357	0.00905	0.00678	0.00226	0.01131	0.00565	0.00452	0.01357
113	0.01288	0.00920	0.01227	0.01472	0.01534	0.00859	0.00981	0.01472	0.02024	0.02699	0.05828	0.62152	0.06993	0.03312	0.01350	0.00429	0.00613	0.03006	0.00981	0.00859
114	0.02309	0.01180	0.01589	0.01593	0.01878	0.01064	0.01151	0.02559	0.02320	0.18730	0.05338	0.44859	0.05701	0.02721	0.01265	0.00399	0.00698	0.02432	0.01078	0.01137
115	0.02139	0.02074	0.03201	0.34431	0.05256	0.02749	0.02656	0.02631	0.01892	0.02631	0.01658	0.02591	0.01400	0.01414	0.02142	0.00402	0.28166	0.00933	0.00467	0.01166
116	0.01510	0.01133	0.01699	0.01699	0.01888	0.01322	0.01322	0.01888	0.01699	0.02454	0.02832	0.04154	0.02643	0.07930	0.58652	0.01699	0.02832	0.01133	0.00566	0.00944
117	0.56054	0.02242	0.01902	0.01615	0.02310	0.02567	0.01331	0.13778	0.02481	0.05157	0.01702	0.01894	0.01285	0.01043	0.00741	0.00325	0.00892	0.00654	0.00741	0.01285
118	0.03833	0.04864	0.03257	0.02863	0.03450	0.54108	0.06086	0.04155	0.02956	0.02652	0.01675	0.01983	0.01381	0.01074	0.00977	0.00279	0.01897	0.00726	0.00544	0.01242
119	0.02212	0.01921	0.02573	0.02247	0.02320	0.02573	0.01848	0.02521	0.01796	0.02957	0.01997	0.02794	0.01778	0.01668	0.02663	0.00399	0.43064	0.00943	0.20619	0.01106
120	0.04623	0.01994	0.02574	0.01973	0.02796	0.01842	0.01630	0.13107	0.03351	0.48565	0.03898	0.03421	0.02480	0.01302	0.01062	0.00326	0.00944	0.01045	0.01267	0.01799
121	0.01288	0.00920	0.01227	0.01472	0.01534	0.00859	0.00981	0.01472	0.02024	0.02699	0.05828	0.62152	0.06993	0.03312	0.01350	0.00429	0.00613	0.03006	0.00981	0.00859
122	0.03040	0.02475	0.02622	0.02235	0.02906	0.02822	0.01773	0.19530	0.39757	0.05085	0.03782	0.03529	0.02805	0.01386	0.01070	0.00346	0.00933	0.01123	0.01070	0.01710
123	0.01515	0.01115	0.01611	0.01611	0.01770	0.01274	0.01212	0.01832	0.01673	0.02389	0.02913	0.04599	0.02837	0.16781	0.50066	0.01591	0.02541	0.01198	0.00578	0.00895
124	0.02166	0.01977	0.03264	0.38578	0.10258	0.02264	0.06591	0.06340	0.02503	0.03328	0.09617	0.03507	0.02696	0.01206	0.01099	0.00344	0.01279	0.01104	0.00621	0.01258
125	0.01724	0.01170	0.01259	0.01181	0.01601	0.00982	0.00905	0.02011	0.02494	0.10202	0.09823	0.09283	0.48597	0.02492	0.01224	0.00353	0.00585	0.02073	0.01026	0.01016
126	0.01563	0.01171	0.01461	0.01372	0.01657	0.01114	0.01034	0.02234	0.06878	0.04143	0.48143	0.07778	0.13140	0.02147	0.01234	0.00337	0.00528	0.01883	0.01143	0.01041
127	0.02966	0.41120	0.16532	0.02087	0.03124	0.03395	0.02234	0.03513	0.02302	0.11090	0.01982	0.02108	0.01548	0.00989	0.00810	0.00266	0.01191	0.00690	0.00583	0.01471
128	0.01997	0.01879	0.03171	0.60301	0.07282	0.02349	0.02936	0.02701	0.02114	0.02701	0.01879	0.02819	0.01409	0.01057	0.01057	0.00352	0.01409	0.00940	0.00470	0.01175
129	0.01325	0.01074	0.01176	0.01151	0.01475	0.00925	0.00863	0.01664	0.02589	0.03280	0.24496	0.09477	0.41767	0.02520	0.01249	0.00350	0.00524	0.02134	0.01038	0.00925
130	0.01516	0.01016	0.01160	0.01181	0.01186	0.01011	0.00670	0.01532	0.01580	0.02106	0.03547	0.11679	0.04115	0.57712	0.05034	0.00974	0.00990	0.01664	0.00670	0.00659
131	0.08996	0.12785	0.19294	0.02334	0.03380	0.02830	0.02395	0.18884	0.03155	0.12713	0.02348	0.02414	0.01667	0.01117	0.00950	0.00311	0.01206	0.00827	0.00789	0.01605
132	0.02383	0.03640	0.21640	0.04022	0.05240	0.02608	0.37796	0.03375	0.02416	0.03375	0.02066	0.02665	0.01524	0.00925	0.01174	0.00350	0.01716	0.01107	0.00508	0.01467
133	0.04186	0.01773	0.02308	0.01809	0.02535	0.01610	0.01480	0.08771	0.03123	0.43922	0.08105	0.03882	0.03145	0.01367	0.01050	0.00320	0.00856	0.01115	0.06978	0.01666
134	0.19257	0.01831	0.02033	0.01579	0.02361	0.01642	0.01277	0.03311	0.02367	0.16697	0.06969	0.02907	0.02441	0.01076	0.00859	0.00254	0.00795	0.00829	0.00843	0.30671
135	0.02098	0.01983	0.03355	0.51481	0.15307	0.02376	0.02987	0.02791	0.02162	0.02825	0.01897	0.02786	0.01453	0.01038	0.01055	0.00346	0.01384	0.00940	0.00479	0.01257
136	0.02264	0.02091	0.03174	0.15790	0.15350	0.01952	0.06028	0.02853	0.02245	0.03279	0.01923	0.02473	0.01558	0.00886	0.00936	0.00249	0.01100	0.00812	0.00563	0.34475
137	0.01538	0.01025	0.01153	0.01153	0.01153	0.01025	0.00641	0.01538	0.01538	0.02050	0.03331	0.06919	0.03844	0.62842	0.05382	0.01025	0.01025	0.01538	0.00641	0.00641
138	0.03008	0.02233	0.03168	0.03698	0.22431	0.02344	0.02252	0.11292	0.07396	0.12835	0.09867	0.03570	0.03084	0.01341	0.01294	0.00336	0.06295	0.01115	0.00865	0.01577
139	0.03541	0.02411	0.02764	0.07247	0.03288	0.02582	0.01844	0.30265	0.07800	0.12853	0.02873	0.02909	0.02046	0.01230	0.01014	0.00308	0.01041	0.00964	0.06443	0.06577
140	0.38430	0.07390	0.06880	0.02550	0.11133	0.06668	0.01886	0.07600	0.02322	0.04270	0.01693	0.01985	0.01334	0.01004	0.00803	0.00313	0.01078	0.00688	0.00629	0.01342

[dist]
# distance from previous block
# <min> <max>
0	18

[block]
# block no. 2 follows, 13 sequences, length 60
# corresponding to MSA columns:
# 736-795
name=unknown_C
#
# <colnr> <probs for GDERKNQSTAVLIFYWHMCP>
#	G	D	E	R	K	N	Q	S	T	A	V	L	I	F	Y	W	H	M	C	P
0	0.02442	0.02015	0.02514	0.02291	0.07052	0.06338	0.05311	0.06701	0.02912	0.07975	0.24466	0.04757	0.05152	0.01480	0.01090	0.00293	0.00912	0.01297	0.00912	0.14088
1	0.07645	0.12013	0.07258	0.02128	0.06566	0.02189	0.01741	0.03270	0.06288	0.07069	0.02136	0.02343	0.01691	0.00932	0.00835	0.00233	0.00949	0.00721	0.00660	0.33333
2	0.54929	0.02311	0.01859	0.01608	0.02283	0.06418	0.01311	0.07219	0.02234	0.09081	0.01791	0.01951	0.01334	0.01039	0.00741	0.00322	0.00930	0.00651	0.00732	0.01256
3	0.02689	0.02559	0.04287	0.05727	0.43887	0.02640	0.07167	0.06922	0.02546	0.03619	0.01996	0.02607	0.01656	0.01033	0.01253	0.00329	0.05934	0.00967	0.00560	0.01623
4	0.01704	0.01217	0.01704	0.01947	0.02191	0.01217	0.01704	0.02191	0.02434	0.03164	0.05598	0.11926	0.06085	0.02921	0.01460	0.00487	0.00974	0.49130	0.00974	0.00974
5	0.41058	0.01902	0.01657	0.01446	0.02020	0.02138	0.01172	0.10851	0.02420	0.04831	0.02183	0.02456	0.01677	0.01096	0.00742	0.00304	0.00784	0.00746	0.19313	0.01206
6	0.01510	0.01133	0.01699	0.01699	0.01888	0.01322	0.01322	0.01888	0.01699	0.02454	0.02832	0.04154	0.02643	0.07930	0.58652	0.01699	0.02832	0.01133	0.00566	0.00944
7	0.02229	0.08953	0.45549	0.03167	0.04605	0.02608	0.11659	0.03342	0.02269	0.03297	0.01908	0.02297	0.01384	0.00979	0.01022	0.00331	0.01569	0.00843	0.00461	0.01526
8	0.02827	0.63478	0.05540	0.01809	0.02714	0.04184	0.01809	0.03166	0.02148	0.02488	0.01470	0.01696	0.01357	0.00905	0.00678	0.00226	0.01131	0.00565	0.00452	0.01357
9	0.01538	0.01025	0.01153	0.01153	0.01153	0.01025	0.00641	0.01538	0.01538	0.02050	0.03331	0.06919	0.03844	0.62842	0.05382	0.01025	0.01025	0.01538	0.00641	0.00641
10	0.01515	0.01072	0.01349	0.01280	0.01538	0.00988	0.00960	0.01995	0.02880	0.04100	0.47597	0.07758	0.13182	0.02127	0.01205	0.00327	0.00501	0.01861	0.06776	0.00988
11	0.01786	0.00952	0.01427	0.01427	0.01457	0.00981	0.00981	0.01457	0.01427	0.01932	0.01991	0.03360	0.01962	0.04332	0.12578	0.58776	0.01215	0.00952	0.00476	0.00534
12	0.01538	0.01025	0.01153	0.01153	0.01153	0.01025	0.00641	0.01538	0.01538	0.02050	0.03331	0.06919	0.03844	0.62842	0.05382	0.01025	0.01025	0.01538	0.00641	0.00641
13	0.01294	0.01073	0.01132	0.01118	0.01455	0.00911	0.00838	0.01603	0.02515	0.03104	0.18779	0.09767	0.47595	0.02585	0.01249	0.00353	0.00529	0.02174	0.01014	0.00911
14	0.01288	0.00920	0.01227	0.01472	0.01534	0.00859	0.00981	0.01472	0.02024	0.02699	0.05828	0.62152	0.06993	0.03312	0.01350	0.00429	0.00613	0.03006	0.00981	0.00859
15	0.04019	0.02962	0.03173	0.02433	0.03279	0.03279	0.02010	0.52721	0.04971	0.06663	0.02538	0.02538	0.01798	0.01269	0.01058	0.00317	0.01163	0.00952	0.01058	0.01798
16	0.02121	0.05469	0.57364	0.03014	0.04576	0.02455	0.03906	0.03348	0.02232	0.03348	0.01897	0.02232	0.01339	0.01005	0.01005	0.00335	0.01563	0.00781	0.00446	0.01563
17	0.02121	0.05469	0.57364	0.03014	0.04576	0.02455	0.03906	0.03348	0.02232	0.03348	0.01897	0.02232	0.01339	0.01005	0.01005	0.00335	0.01563	0.00781	0.00446	0.01563
18	0.02752	0.47359	0.04761	0.01958	0.02687	0.08423	0.01825	0.03080	0.02132	0.02498	0.01608	0.02002	0.01483	0.01675	0.06508	0.00392	0.06438	0.00660	0.00472	0.01289
19	0.02617	0.02512	0.04292	0.06490	0.56246	0.02512	0.03245	0.03245	0.02407	0.03454	0.01989	0.02617	0.01675	0.00942	0.01047	0.00314	0.01256	0.00942	0.00523	0.01675
20	0.08940	0.02764	0.02688	0.02250	0.02948	0.07596	0.01796	0.24289	0.25715	0.05198	0.03130	0.03020	0.02320	0.01301	0.01023	0.00332	0.01057	0.01002	0.00989	0.01642
21	0.02883	0.02837	0.03062	0.02593	0.03145	0.11911	0.06741	0.08198	0.28344	0.03875	0.03034	0.03125	0.02348	0.01384	0.01477	0.00359	0.11302	0.01052	0.00832	0.01499
22	0.02710	0.38823	0.04251	0.01803	0.02690	0.07621	0.01647	0.03087	0.02230	0.02806	0.01616	0.01874	0.01425	0.00880	0.00734	0.00207	0.01080	0.00594	0.00516	0.23403
23	0.02346	0.01745	0.01966	0.01841	0.02277	0.01871	0.01391	0.07866	0.24583	0.07861	0.05166	0.23837	0.08517	0.02141	0.01179	0.00376	0.00770	0.01855	0.01053	0.01358
24	0.04450	0.02271	0.02746	0.02105	0.02934	0.02254	0.01739	0.24466	0.03816	0.36550	0.03508	0.03168	0.02285	0.01293	0.01061	0.00323	0.01007	0.01018	0.01207	0.01799
25	0.01284	0.00935	0.01212	0.01434	0.01523	0.00862	0.00964	0.01477	0.02061	0.02714	0.06297	0.57159	0.11683	0.03252	0.01340	0.00422	0.00606	0.02931	0.00982	0.00862
26	0.02493	0.23395	0.25110	0.02795	0.08592	0.03054	0.02742	0.03707	0.12031	0.03282	0.02221	0.02418	0.01733	0.01047	0.00916	0.00302	0.01256	0.00805	0.00574	0.01528
27	0.01510	0.01133	0.01699	0.01699	0.01888	0.01322	0.01322	0.01888	0.01699	0.02454	0.02832	0.04154	0.02643	0.07930	0.58652	0.01699	0.02832	0.01133	0.00566	0.00944
28	0.01837	0.00918	0.01377	0.01377	0.01377	0.00918	0.00918	0.01377	0.01377	0.01837	0.01837	0.03214	0.01837	0.03673	0.04132	0.69238	0.00918	0.00918	0.00459	0.00459
29	0.01551	0.01041	0.01199	0.01219	0.01240	0.01041	0.00729	0.01592	0.01612	0.02143	0.03520	0.07336	0.04031	0.57850	0.05055	0.00980	0.01021	0.05502	0.00668	0.00668
30	0.02211	0.02098	0.03558	0.41726	0.24183	0.02405	0.03043	0.02889	0.02215	0.02961	0.01917	0.02749	0.01501	0.01017	0.01054	0.00339	0.01357	0.00940	0.00488	0.01347
31	0.02187	0.01049	0.01100	0.01055	0.01346	0.01030	0.00803	0.02673	0.02280	0.08069	0.03505	0.03915	0.02703	0.01238	0.00764	0.00253	0.00524	0.00992	0.63467	0.01049
32	0.01510	0.01063	0.01260	0.01211	0.01487	0.00970	0.00908	0.01950	0.02725	0.03848	0.36213	0.07839	0.20246	0.02143	0.01167	0.00325	0.00507	0.01845	0.11813	0.00970
33	0.02827	0.63478	0.05540	0.01809	0.02714	0.04184	0.01809	0.03166	0.02148	0.02488	0.01470	0.01696	0.01357	0.00905	0.00678	0.00226	0.01131	0.00565	0.00452	0.01357
34	0.01394	0.01062	0.01297	0.01457	0.01617	0.01014	0.01008	0.01830	0.06511	0.02873	0.06583	0.47829	0.15513	0.03039	0.01308	0.00410	0.00618	0.02713	0.00990	0.00934
35	0.02740	0.53117	0.05151	0.01973	0.02724	0.04024	0.01895	0.03061	0.02059	0.02497	0.01456	0.01801	0.01362	0.01065	0.01151	0.00266	0.11256	0.00626	0.00454	0.01323
36	0.41983	0.02362	0.02054	0.01799	0.02314	0.07877	0.01462	0.06800	0.02156	0.04245	0.01711	0.02076	0.01381	0.01181	0.01197	0.00338	0.11101	0.00704	0.06068	0.01191
37	0.02827	0.63478	0.05540	0.01809	0.02714	0.04184	0.01809	0.03166	0.02148	0.02488	0.01470	0.01696	0.01357	0.00905	0.00678	0.00226	0.01131	0.00565	0.00452	0.01357
38	0.59874	0.02395	0.06311	0.01600	0.02344	0.02444	0.01437	0.06696	0.02063	0.04766	0.01584	0.01819	0.01208	0.01004	0.00712	0.00327	0.00905	0.00617	0.00666	0.01227
39	0.01704	0.01538	0.05601	0.05913	0.02216	0.01382	0.01371	0.02180	0.02449	0.03547	0.26390	0.06127	0.10101	0.07697	0.01719	0.00400	0.05719	0.01523	0.11402	0.01020
40	0.01271	0.00985	0.01159	0.01299	0.01488	0.00873	0.00904	0.01492	0.02191	0.02767	0.07941	0.39653	0.28127	0.03038	0.01306	0.00398	0.00580	0.02671	0.00982	0.00873
41	0.02843	0.02367	0.02987	0.22253	0.04481	0.02798	0.02271	0.19863	0.15785	0.04413	0.02648	0.02960	0.01980	0.01285	0.01262	0.00352	0.06135	0.01005	0.00811	0.01500
42	0.07990	0.02080	0.02505	0.11682	0.03433	0.01990	0.01689	0.11873	0.02713	0.08265	0.02148	0.02436	0.01632	0.00974	0.00891	0.00245	0.00969	0.00768	0.00734	0.34982
43	0.09557	0.17554	0.03582	0.17450	0.04076	0.07578	0.02124	0.18790	0.03066	0.04089	0.01929	0.02277	0.01490	0.01082	0.00918	0.00302	0.01246	0.00796	0.00675	0.01418
44	0.02188	0.11041	0.52385	0.02898	0.04397	0.02622	0.03705	0.03331	0.02224	0.03266	0.01856	0.02181	0.01341	0.00995	0.00973	0.00324	0.01521	0.00761	0.00447	0.01543
45	0.01530	0.01058	0.01327	0.01492	0.01694	0.01007	0.01162	0.01880	0.02260	0.03078	0.06207	0.27075	0.14287	0.02748	0.01276	0.00408	0.00705	0.18391	0.11492	0.00924
46	0.02196	0.01282	0.01679	0.01625	0.01890	0.01273	0.01187	0.06428	0.02294	0.11986	0.04261	0.28506	0.04441	0.08664	0.11432	0.05842	0.01137	0.01913	0.00905	0.01061
47	0.01517	0.01108	0.01573	0.01573	0.01719	0.01253	0.01165	0.01807	0.01662	0.02361	0.02947	0.04791	0.02920	0.20583	0.46377	0.01544	0.02416	0.01226	0.00584	0.00874
48	0.01538	0.01025	0.01153	0.01153	0.01153	0.01025	0.00641	0.01538	0.01538	0.02050	0.03331	0.06919	0.03844	0.62842	0.05382	0.01025	0.01025	0.01538	0.00641	0.00641
49	0.01510	0.01133	0.01699	0.01699	0.01888	0.01322	0.01322	0.01888	0.01699	0.02454	0.02832	0.04154	0.02643	0.07930	0.58652	0.01699	0.02832	0.01133	0.00566	0.00944
50	0.02121	0.05469	0.57364	0.03014	0.04576	0.02455	0.03906	0.03348	0.02232	0.03348	0.01897	0.02232	0.01339	0.01005	0.01005	0.00335	0.01563	0.00781	0.00446	0.01563
51	0.02121	0.05469	0.57364	0.03014	0.04576	0.02455	0.03906	0.03348	0.02232	0.03348	0.01897	0.02232	0.01339	0.01005	0.01005	0.00335	0.01563	0.00781	0.00446	0.01563
52	0.02496	0.02852	0.06239	0.04456	0.05526	0.02674	0.52406	0.03387	0.02496	0.03387	0.02139	0.02852	0.01604	0.00891	0.01248	0.00357	0.01783	0.01248	0.00535	0.01426
53	0.01282	0.00946	0.01200	0.01404	0.01516	0.00865	0.00951	0.01480	0.02090	0.02726	0.06655	0.53348	0.15263	0.03205	0.01333	0.00417	0.00600	0.02875	0.00982	0.00865
54	0.02353	0.02473	0.04567	0.14592	0.08803	0.02779	0.23573	0.02981	0.02140	0.02997	0.01842	0.02658	0.01505	0.01229	0.01899	0.00386	0.20348	0.01065	0.00499	0.01312
55	0.01997	0.01879	0.03171	0.60301	0.07282	0.02349	0.02936	0.02701	0.02114	0.02701	0.01879	0.02819	0.01409	0.01057	0.01057	0.00352	0.01409	0.00940	0.00470	0.01175
56	0.01626	0.01161	0.01614	0.01858	0.02067	0.01150	0.01568	0.02055	0.02357	0.03077	0.05641	0.21382	0.06256	0.02995	0.01440	0.00476	0.00906	0.40447	0.00975	0.00952
57	0.02121	0.05469	0.57364	0.03014	0.04576	0.02455	0.03906	0.03348	0.02232	0.03348	0.01897	0.02232	0.01339	0.01005	0.01005	0.00335	0.01563	0.00781	0.00446	0.01563
58	0.14985	0.01490	0.01244	0.01192	0.01538	0.05580	0.00914	0.02717	0.02197	0.03991	0.02940	0.03370	0.02314	0.01174	0.00739	0.00264	0.00660	0.00885	0.50772	0.01034
59	0.01391	0.00920	0.01255	0.01454	0.01504	0.00870	0.00970	0.01454	0.01903	0.02537	0.05076	0.51056	0.06022	0.03380	0.01873	0.13383	0.00671	0.02613	0.00883	0.00784

[dist]
# distance from previous block
# <min> <max>
0	1

[block]
# block no. 3 follows, 13 sequences, length 35
# corresponding to MSA columns:
# 797-831
name=unknown_D
#
# <colnr> <probs for GDERKNQSTAVLIFYWHMCP>
#	G	D	E	R	K	N	Q	S	T	A	V	L	I	F	Y	W	H	M	C	P
0	0.04175	0.03246	0.02951	0.02379	0.03136	0.17924	0.01909	0.28015	0.03963	0.17718	0.02687	0.02623	0.01877	0.01230	0.01031	0.00307	0.01302	0.00905	0.00979	0.01643
1	0.02730	0.02742	0.05843	0.04187	0.05231	0.02557	0.47094	0.03571	0.02551	0.08986	0.02351	0.02930	0.01710	0.00935	0.01228	0.00353	0.01690	0.01228	0.00616	0.01465
2	0.02121	0.05469	0.57364	0.03014	0.04576	0.02455	0.03906	0.03348	0.02232	0.03348	0.01897	0.02232	0.01339	0.01005	0.01005	0.00335	0.01563	0.00781	0.00446	0.01563
3	0.02755	0.02226	0.02490	0.01872	0.02750	0.02066	0.01511	0.17126	0.08426	0.04457	0.02319	0.02473	0.01805	0.00989	0.00891	0.00223	0.00896	0.00778	0.00795	0.43151
4	0.01496	0.01081	0.01413	0.01330	0.01580	0.00998	0.00998	0.01995	0.02993	0.04240	0.55689	0.07898	0.09976	0.02162	0.01247	0.00333	0.00499	0.01912	0.01164	0.00998
5	0.02462	0.01872	0.02755	0.02297	0.02735	0.01957	0.09964	0.12083	0.02667	0.08422	0.03703	0.23443	0.03781	0.08372	0.01891	0.00452	0.07283	0.01770	0.00861	0.01228
6	0.01535	0.01037	0.01212	0.01212	0.01233	0.01057	0.00715	0.01576	0.01555	0.02094	0.03277	0.06619	0.03714	0.56878	0.11167	0.01098	0.01221	0.01494	0.00633	0.00674
7	0.02104	0.04696	0.46265	0.02733	0.04038	0.02316	0.03349	0.03358	0.06890	0.03305	0.02272	0.02897	0.01783	0.07760	0.01486	0.00412	0.01438	0.00901	0.00525	0.01473
8	0.02827	0.63478	0.05540	0.01809	0.02714	0.04184	0.01809	0.03166	0.02148	0.02488	0.01470	0.01696	0.01357	0.00905	0.00678	0.00226	0.01131	0.00565	0.00452	0.01357
9	0.01350	0.01049	0.01227	0.01237	0.01503	0.00927	0.00907	0.01691	0.02567	0.03356	0.26979	0.18032	0.30209	0.02588	0.01265	0.00360	0.00535	0.02240	0.01051	0.00927
10	0.01449	0.01038	0.01401	0.01577	0.01729	0.00989	0.01189	0.01784	0.02342	0.03152	0.16159	0.36638	0.07358	0.02962	0.01360	0.00425	0.00691	0.15820	0.01017	0.00920
11	0.09750	0.01445	0.01428	0.01281	0.01677	0.01535	0.01004	0.11286	0.02652	0.04503	0.03076	0.03456	0.02381	0.01211	0.00785	0.00267	0.00645	0.00935	0.49537	0.01144
12	0.02496	0.02852	0.06239	0.04456	0.05526	0.02674	0.52406	0.03387	0.02496	0.03387	0.02139	0.02852	0.01604	0.00891	0.01248	0.00357	0.01783	0.01248	0.00535	0.01426
13	0.01502	0.01073	0.01473	0.01717	0.01872	0.01043	0.01354	0.01842	0.02235	0.02939	0.05709	0.36282	0.06525	0.03111	0.01407	0.00459	0.00799	0.26763	0.00977	0.00918
14	0.02356	0.02152	0.03033	0.02595	0.02847	0.02700	0.06212	0.05873	0.07529	0.03236	0.02542	0.03975	0.02358	0.01798	0.02431	0.00423	0.33832	0.07625	0.05249	0.01234
15	0.02827	0.63478	0.05540	0.01809	0.02714	0.04184	0.01809	0.03166	0.02148	0.02488	0.01470	0.01696	0.01357	0.00905	0.00678	0.00226	0.01131	0.00565	0.00452	0.01357
16	0.01704	0.01217	0.01704	0.01947	0.02191	0.01217	0.01704	0.02191	0.02434	0.03164	0.05598	0.11926	0.06085	0.02921	0.01460	0.00487	0.00974	0.49130	0.00974	0.00974
17	0.01294	0.00970	0.01202	0.01362	0.01511	0.00878	0.00938	0.01523	0.02194	0.02855	0.10830	0.45107	0.19358	0.03067	0.01317	0.00404	0.00585	0.02730	0.00995	0.00878
18	0.03212	0.03228	0.03671	0.03948	0.19715	0.18532	0.06254	0.08983	0.02770	0.06488	0.01988	0.02432	0.01602	0.01186	0.01435	0.00331	0.11239	0.00897	0.00624	0.01465
19	0.02192	0.01879	0.02192	0.01566	0.02506	0.01409	0.01253	0.02662	0.02192	0.03445	0.01879	0.02192	0.01566	0.00783	0.00783	0.00157	0.00783	0.00626	0.00626	0.69305
20	0.02885	0.09349	0.29951	0.03119	0.09419	0.02424	0.07134	0.03749	0.02452	0.15907	0.02423	0.02597	0.01699	0.01051	0.01013	0.00323	0.01354	0.00884	0.00665	0.01600
