[name]
unknown

[dist]
# distance from previous block
# <min> <max>
0	67

[block]
# block no. 0 follows, 12 sequences, length 35
# corresponding to MSA columns:
# 67-101
name=unknown_A
#
# <colnr> <probs for GDERKNQSTAVLIFYWHMCP>
#	G	D	E	R	K	N	Q	S	T	A	V	L	I	F	Y	W	H	M	C	P
0	0.02907	0.02585	0.02696	0.02382	0.02912	0.07179	0.01906	0.11960	0.29433	0.04371	0.03639	0.04226	0.02960	0.01631	0.01481	0.00384	0.09267	0.05553	0.00963	0.01564
1	0.02609	0.02499	0.04264	0.14036	0.48236	0.02567	0.03302	0.03268	0.02440	0.03453	0.02035	0.02728	0.01689	0.00988	0.01081	0.00329	0.01318	0.00971	0.00532	0.01655
2	0.02546	0.02691	0.05413	0.05045	0.20963	0.02581	0.31826	0.03345	0.02540	0.03496	0.02451	0.03636	0.02058	0.01108	0.01239	0.00365	0.01598	0.05001	0.00585	0.01513
3	0.01630	0.01253	0.01804	0.01765	0.01916	0.01482	0.01348	0.01952	0.01722	0.02480	0.02870	0.04528	0.02793	0.15166	0.45677	0.01550	0.07321	0.01209	0.00586	0.00948
4	0.02823	0.02827	0.09266	0.05969	0.45902	0.02507	0.03274	0.03512	0.02516	0.07676	0.02220	0.02740	0.01771	0.01008	0.01077	0.00327	0.01297	0.00965	0.00596	0.01726
5	0.02688	0.11211	0.08694	0.05732	0.43603	0.02828	0.03193	0.03343	0.02431	0.03414	0.01968	0.02534	0.01654	0.00971	0.01023	0.00313	0.01302	0.00904	0.00523	0.01672
6	0.45043	0.02013	0.01953	0.01625	0.02363	0.02128	0.01340	0.04001	0.02333	0.24043	0.02569	0.02503	0.01754	0.01139	0.00834	0.00337	0.00875	0.00781	0.00929	0.01436
7	0.01684	0.01119	0.01350	0.01377	0.01661	0.00988	0.00999	0.01975	0.02479	0.08135	0.14465	0.28499	0.25635	0.02799	0.01309	0.00390	0.00613	0.02441	0.01071	0.01012
8	0.03041	0.02433	0.03940	0.05319	0.38421	0.02522	0.02905	0.03591	0.02481	0.12591	0.02360	0.02833	0.01857	0.01169	0.01433	0.00348	0.09419	0.00991	0.00673	0.01675
9	0.04210	0.02456	0.02640	0.02154	0.02913	0.08421	0.01729	0.09091	0.15317	0.33194	0.03895	0.03507	0.02633	0.01352	0.01086	0.00338	0.01054	0.01075	0.01180	0.01756
10	0.04387	0.01750	0.02330	0.01823	0.02600	0.01507	0.01494	0.04788	0.03032	0.48246	0.05247	0.04662	0.09954	0.01548	0.01123	0.00342	0.00875	0.01265	0.01302	0.01724
11	0.02753	0.49753	0.16882	0.02141	0.03225	0.03919	0.02346	0.03307	0.02235	0.02762	0.01614	0.01872	0.01395	0.00956	0.00774	0.00258	0.01265	0.00632	0.00465	0.01446
12	0.03512	0.08065	0.03664	0.03026	0.10472	0.02399	0.09482	0.08697	0.07030	0.21848	0.03171	0.03466	0.02350	0.06151	0.01451	0.00391	0.01175	0.01099	0.00926	0.01625
13	0.01351	0.01107	0.01191	0.01170	0.01511	0.00947	0.00877	0.01685	0.02632	0.03295	0.21631	0.09919	0.43633	0.02631	0.01288	0.00362	0.00543	0.02221	0.01058	0.00947
14	0.01328	0.00949	0.01265	0.01518	0.01581	0.00886	0.01012	0.01518	0.02088	0.02783	0.06010	0.60969	0.07212	0.03416	0.01392	0.00443	0.00633	0.03100	0.01012	0.00886
15	0.02575	0.02465	0.04203	0.16779	0.45755	0.02558	0.03285	0.03238	0.02424	0.03413	0.02029	0.02739	0.01674	0.00994	0.01082	0.00331	0.01326	0.00971	0.00529	0.01628
16	0.02871	0.02786	0.04007	0.14045	0.37605	0.07931	0.03055	0.07951	0.02748	0.03673	0.02052	0.02652	0.01666	0.01037	0.01073	0.00326	0.01376	0.00946	0.00586	0.01614
17	0.01660	0.01194	0.01441	0.01396	0.01412	0.01301	0.00883	0.01715	0.01607	0.02197	0.03201	0.06447	0.03620	0.51576	0.09595	0.01058	0.06833	0.01491	0.00637	0.00737
18	0.02590	0.02013	0.02354	0.01704	0.02657	0.01605	0.01371	0.06463	0.02532	0.07597	0.02160	0.02393	0.01712	0.00884	0.00849	0.00186	0.00845	0.00703	0.00730	0.58651
19	0.02878	0.14813	0.31718	0.02813	0.03995	0.19433	0.03091	0.03695	0.02527	0.03069	0.01802	0.02109	0.01391	0.01046	0.00965	0.00307	0.01646	0.00738	0.00492	0.01471
20	0.02385	0.02385	0.03340	0.02863	0.02863	0.03340	0.02385	0.02624	0.01670	0.02624	0.01431	0.02385	0.01431	0.01908	0.03578	0.00477	0.59685	0.00954	0.00477	0.01193
21	0.69383	0.02109	0.01603	0.01434	0.02109	0.02446	0.01181	0.03205	0.01856	0.04892	0.01518	0.01771	0.01181	0.01012	0.00675	0.00337	0.00843	0.00590	0.00675	0.01181
22	0.02187	0.05640	0.56031	0.03108	0.04719	0.02532	0.04029	0.03453	0.02302	0.03453	0.01957	0.02302	0.01381	0.01036	0.01036	0.00345	0.01611	0.00806	0.00460	0.01611
23	0.02712	0.02342	0.02465	0.02219	0.02835	0.02712	0.01726	0.05794	0.52909	0.04561	0.04438	0.04068	0.03328	0.01479	0.01109	0.00370	0.00863	0.01233	0.01109	0.01726
24	0.01328	0.00949	0.01265	0.01518	0.01581	0.00886	0.01012	0.01518	0.02088	0.02783	0.06010	0.60969	0.07212	0.03416	0.01392	0.00443	0.00633	0.03100	0.01012	0.00886
25	0.04260	0.01670	0.02196	0.01736	0.02449	0.01473	0.01417	0.04701	0.02936	0.44233	0.04137	0.03789	0.02720	0.01332	0.01023	0.00319	0.00835	0.01079	0.16027	0.01670
26	0.01757	0.01255	0.01757	0.02008	0.02259	0.01255	0.01757	0.02259	0.02510	0.03263	0.05773	0.12299	0.06275	0.03012	0.01506	0.00502	0.01004	0.47540	0.01004	0.01004
27	0.02637	0.02528	0.04314	0.11757	0.50298	0.02574	0.03316	0.03292	0.02453	0.03487	0.02040	0.02719	0.01701	0.00983	0.01080	0.00328	0.01311	0.00971	0.00534	0.01677
28	0.69383	0.02109	0.01603	0.01434	0.02109	0.02446	0.01181	0.03205	0.01856	0.04892	0.01518	0.01771	0.01181	0.01012	0.00675	0.00337	0.00843	0.00590	0.00675	0.01181
29	0.01328	0.00949	0.01265	0.01518	0.01581	0.00886	0.01012	0.01518	0.02088	0.02783	0.06010	0.60969	0.07212	0.03416	0.01392	0.00443	0.00633	0.03100	0.01012	0.00886
30	0.01512	0.01172	0.01302	0.01315	0.01618	0.01087	0.00967	0.02061	0.06624	0.03383	0.16729	0.18558	0.29747	0.02576	0.01254	0.00369	0.00583	0.02211	0.05926	0.01006
31	0.01501	0.01173	0.01704	0.01650	0.01891	0.01082	0.04636	0.01880	0.02552	0.03479	0.25321	0.31612	0.11922	0.02709	0.01334	0.00392	0.00667	0.02454	0.01053	0.00988
32	0.08666	0.03296	0.03070	0.24534	0.04880	0.21909	0.02383	0.11938	0.02995	0.03640	0.01935	0.02432	0.01485	0.01134	0.01018	0.00326	0.01539	0.00846	0.00634	0.01341
33	0.03030	0.02741	0.02492	0.02162	0.02583	0.15317	0.01686	0.15425	0.03014	0.03946	0.02510	0.03271	0.02138	0.07688	0.06330	0.00509	0.09579	0.00991	0.13311	0.01279
34	0.01896	0.01161	0.01540	0.01689	0.01921	0.01118	0.01339	0.02281	0.02377	0.07439	0.05428	0.27811	0.05832	0.02777	0.01328	0.00433	0.00796	0.21408	0.10393	0.01032

[dist]
# distance from previous block
# <min> <max>
1	11

[block]
# block no. 1 follows, 12 sequences, length 86
# corresponding to MSA columns:
# 113-139,195-253
name=unknown_B
#
# <colnr> <probs for GDERKNQSTAVLIFYWHMCP>
#	G	D	E	R	K	N	Q	S	T	A	V	L	I	F	Y	W	H	M	C	P
0	0.02372	0.02376	0.03432	0.36799	0.13046	0.07049	0.02881	0.02962	0.02203	0.02857	0.01841	0.02706	0.01484	0.01226	0.01535	0.00372	0.12129	0.00945	0.00497	0.01285
1	0.02685	0.02680	0.03885	0.08908	0.36751	0.08041	0.02969	0.03245	0.02438	0.03296	0.02238	0.03374	0.02009	0.01260	0.01377	0.00353	0.07717	0.04675	0.00569	0.01531
2	0.02608	0.11063	0.38773	0.03286	0.10384	0.02638	0.03460	0.03612	0.02399	0.08756	0.02162	0.02435	0.01561	0.01049	0.01011	0.00330	0.01454	0.00832	0.00562	0.01627
3	0.02196	0.04896	0.45267	0.03398	0.10537	0.02415	0.03698	0.03325	0.02389	0.03542	0.06299	0.02833	0.02160	0.01127	0.01062	0.00343	0.01482	0.00922	0.00531	0.01577
4	0.04892	0.01856	0.02530	0.01940	0.02783	0.01603	0.01603	0.05314	0.03121	0.55634	0.04302	0.03711	0.02699	0.01350	0.01096	0.00337	0.00928	0.01096	0.01350	0.01856
5	0.01930	0.01729	0.02520	0.08104	0.02867	0.02244	0.01926	0.02276	0.01790	0.02616	0.02463	0.08052	0.02434	0.04478	0.24841	0.00977	0.25884	0.01220	0.00565	0.01081
6	0.02932	0.18758	0.32487	0.02559	0.03843	0.02775	0.02990	0.03796	0.02452	0.14158	0.02339	0.02461	0.01661	0.01076	0.00966	0.00316	0.01359	0.00812	0.00648	0.01610
7	0.01360	0.00962	0.01256	0.01478	0.01534	0.00906	0.00970	0.01526	0.02027	0.02702	0.05698	0.54451	0.06818	0.10471	0.01895	0.00517	0.00684	0.02916	0.00970	0.00858
8	0.01860	0.01162	0.01494	0.01378	0.01681	0.01073	0.01045	0.02367	0.03002	0.08374	0.44834	0.07351	0.08874	0.02055	0.01214	0.00333	0.00546	0.01799	0.08467	0.01093
9	0.02915	0.02364	0.03721	0.21901	0.28278	0.02527	0.02903	0.09187	0.02779	0.09401	0.02330	0.02864	0.01764	0.01090	0.01086	0.00338	0.01293	0.00986	0.00678	0.01597
10	0.02054	0.01955	0.03364	0.34064	0.08821	0.02266	0.08426	0.02661	0.02189	0.02907	0.02683	0.13502	0.02549	0.01555	0.01370	0.00385	0.06045	0.01397	0.00592	0.01214
11	0.69383	0.02109	0.01603	0.01434	0.02109	0.02446	0.01181	0.03205	0.01856	0.04892	0.01518	0.01771	0.01181	0.01012	0.00675	0.00337	0.00843	0.00590	0.00675	0.01181
12	0.01439	0.01088	0.01328	0.01316	0.01577	0.00977	0.00969	0.01837	0.02768	0.03730	0.34808	0.16518	0.22556	0.02555	0.01302	0.00365	0.00543	0.02231	0.01119	0.00977
13	0.02474	0.03109	0.15016	0.15544	0.35694	0.02548	0.03431	0.03266	0.02389	0.03397	0.02011	0.02654	0.01605	0.01007	0.01072	0.00336	0.01390	0.00936	0.00513	0.01608
14	0.03193	0.03104	0.02421	0.02170	0.02597	0.25068	0.01677	0.06586	0.02750	0.06452	0.02485	0.02915	0.01999	0.01840	0.05760	0.00419	0.07492	0.00893	0.18940	0.01239
15	0.03131	0.33644	0.04475	0.02341	0.02974	0.19081	0.02043	0.03438	0.02348	0.02607	0.01546	0.01944	0.01407	0.01191	0.01382	0.00298	0.13641	0.00694	0.00496	0.01318
16	0.01571	0.01213	0.01509	0.01516	0.01836	0.01050	0.01110	0.01884	0.02287	0.03131	0.09651	0.34399	0.11932	0.02662	0.01258	0.00372	0.00680	0.05960	0.00950	0.15032
17	0.09539	0.02408	0.08458	0.25133	0.19467	0.02319	0.02732	0.02914	0.02172	0.03224	0.02108	0.03175	0.01799	0.08379	0.01576	0.00431	0.01309	0.00987	0.00540	0.01329
18	0.04145	0.03054	0.03272	0.02509	0.03381	0.03381	0.02072	0.51243	0.05127	0.06872	0.02618	0.02618	0.01854	0.01309	0.01091	0.00327	0.01200	0.00982	0.01091	0.01854
19	0.02385	0.02385	0.03340	0.02863	0.02863	0.03340	0.02385	0.02624	0.01670	0.02624	0.01431	0.02385	0.01431	0.01908	0.03578	0.00477	0.59685	0.00954	0.00477	0.01193
20	0.01521	0.01097	0.01438	0.01387	0.01624	0.01014	0.01027	0.02002	0.02983	0.04208	0.49319	0.13597	0.09971	0.02352	0.01297	0.00353	0.00527	0.02088	0.01181	0.01014
21	0.02086	0.01121	0.01130	0.01111	0.01394	0.01150	0.00838	0.02797	0.06271	0.04104	0.03626	0.04065	0.02837	0.01287	0.00790	0.00263	0.00536	0.01033	0.62490	0.01072
22	0.01894	0.00947	0.01420	0.01420	0.01420	0.00947	0.00947	0.01420	0.01420	0.01894	0.01894	0.03314	0.01894	0.03788	0.04261	0.68277	0.00947	0.00947	0.00473	0.00473
23	0.02385	0.02385	0.03340	0.02863	0.02863	0.03340	0.02385	0.02624	0.01670	0.02624	0.01431	0.02385	0.01431	0.01908	0.03578	0.00477	0.59685	0.00954	0.00477	0.01193
24	0.01543	0.01115	0.01457	0.01372	0.01629	0.01029	0.01029	0.02058	0.03086	0.04372	0.54304	0.08145	0.10288	0.02229	0.01286	0.00343	0.00514	0.01972	0.01200	0.01029
25	0.01555	0.01144	0.01653	0.01706	0.01876	0.01275	0.01306	0.01902	0.01851	0.02598	0.03586	0.11505	0.03673	0.11567	0.41370	0.01427	0.02325	0.06063	0.00679	0.00941
26	0.69383	0.02109	0.01603	0.01434	0.02109	0.02446	0.01181	0.03205	0.01856	0.04892	0.01518	0.01771	0.01181	0.01012	0.00675	0.00337	0.00843	0.00590	0.00675	0.01181
27	0.01351	0.00966	0.01285	0.01503	0.01586	0.00900	0.01014	0.01574	0.02191	0.02947	0.10994	0.55517	0.07529	0.03293	0.01381	0.00433	0.00620	0.02983	0.01032	0.00900
28	0.01409	0.01027	0.01327	0.01426	0.01591	0.00945	0.01003	0.01734	0.02513	0.03421	0.25390	0.36050	0.12327	0.02896	0.01342	0.00397	0.00580	0.02591	0.01086	0.00945
29	0.02185	0.01980	0.02631	0.02308	0.02534	0.06535	0.05737	0.02488	0.01925	0.02745	0.02262	0.03277	0.02052	0.03909	0.20311	0.07639	0.19920	0.01036	0.07466	0.01060
30	0.02179	0.02100	0.03672	0.48213	0.13096	0.02471	0.07029	0.02912	0.02249	0.02938	0.01974	0.02885	0.01503	0.01062	0.01105	0.00359	0.01466	0.00996	0.00497	0.01295
31	0.16281	0.02286	0.02804	0.02166	0.03002	0.02298	0.04765	0.16919	0.03385	0.30258	0.03219	0.03021	0.02134	0.01250	0.01030	0.00337	0.01042	0.00986	0.01108	0.01708
32	0.02763	0.50469	0.16246	0.02126	0.03201	0.03941	0.02318	0.03304	0.02234	0.02751	0.01608	0.01865	0.01395	0.00954	0.00770	0.00257	0.01259	0.00630	0.00465	0.01444
33	0.09059	0.02341	0.07712	0.44196	0.06579	0.02460	0.06690	0.02940	0.02188	0.03114	0.01917	0.02742	0.01435	0.01064	0.01058	0.00360	0.01434	0.00941	0.00507	0.01262
34	0.03325	0.09968	0.21683	0.02836	0.03793	0.34005	0.02754	0.03953	0.02746	0.02933	0.01766	0.02065	0.01396	0.01078	0.00979	0.00299	0.01778	0.00729	0.00519	0.01396
35	0.01733	0.01414	0.02038	0.01938	0.02076	0.01751	0.01519	0.02059	0.01721	0.02516	0.02651	0.04122	0.02557	0.11292	0.41816	0.01428	0.14648	0.01158	0.00568	0.00994
36	0.02760	0.24953	0.04151	0.15631	0.13340	0.02944	0.02288	0.03274	0.02443	0.08767	0.07307	0.03041	0.02505	0.01151	0.00960	0.00302	0.01163	0.00937	0.00654	0.01430
37	0.02187	0.05640	0.56031	0.03108	0.04719	0.02532	0.04029	0.03453	0.02302	0.03453	0.01957	0.02302	0.01381	0.01036	0.01036	0.00345	0.01611	0.00806	0.00460	0.01611
38	0.04736	0.02106	0.02686	0.02059	0.02909	0.01975	0.01701	0.14928	0.03541	0.45427	0.03949	0.03482	0.02522	0.01341	0.01095	0.00335	0.00985	0.01072	0.01295	0.01855
39	0.02454	0.01511	0.01756	0.01552	0.02059	0.01400	0.01239	0.08473	0.03002	0.14623	0.12642	0.08027	0.28698	0.02256	0.01242	0.00365	0.00743	0.05598	0.01111	0.01247
40	0.02699	0.02591	0.04426	0.06693	0.54879	0.02591	0.03346	0.03346	0.02483	0.03562	0.02051	0.02699	0.01727	0.00972	0.01079	0.00324	0.01295	0.00972	0.00540	0.01727
41	0.02033	0.01016	0.01016	0.01016	0.01270	0.01016	0.00762	0.02541	0.02287	0.04065	0.03557	0.04065	0.02795	0.01270	0.00762	0.00254	0.00508	0.01016	0.67734	0.01016
42	0.01558	0.01168	0.01752	0.01752	0.01947	0.01363	0.01363	0.01947	0.01752	0.02531	0.02921	0.04283	0.02726	0.08178	0.57360	0.01752	0.02921	0.01168	0.00584	0.00974
43	0.03054	0.02178	0.03299	0.12957	0.23289	0.02234	0.02477	0.09233	0.02837	0.14638	0.03079	0.10397	0.02604	0.01424	0.01126	0.00349	0.01147	0.01271	0.00828	0.01579
44	0.03205	0.03817	0.03980	0.03270	0.03961	0.30260	0.18178	0.03732	0.02826	0.03037	0.02515	0.03952	0.02271	0.01360	0.01168	0.00345	0.01769	0.08434	0.00630	0.01290
45	0.04892	0.01856	0.02530	0.01940	0.02783	0.01603	0.01603	0.05314	0.03121	0.55634	0.04302	0.03711	0.02699	0.01350	0.01096	0.00337	0.00928	0.01096	0.01350	0.01856
46	0.01328	0.00949	0.01265	0.01518	0.01581	0.00886	0.01012	0.01518	0.02088	0.02783	0.06010	0.60969	0.07212	0.03416	0.01392	0.00443	0.00633	0.03100	0.01012	0.00886
47	0.02258	0.02140	0.03629	0.42812	0.22207	0.02475	0.03127	0.02960	0.02274	0.03027	0.01973	0.02842	0.01538	0.01053	0.01087	0.00351	0.01404	0.00970	0.00502	0.01371
48	0.01357	0.01068	0.01236	0.01353	0.01602	0.00947	0.01000	0.01629	0.02350	0.02926	0.08679	0.28294	0.32395	0.03019	0.01350	0.00410	0.00633	0.07823	0.01011	0.00918
49	0.02915	0.62337	0.05714	0.01866	0.02799	0.04314	0.01866	0.03265	0.02215	0.02565	0.01516	0.01749	0.01399	0.00933	0.00700	0.00233	0.01166	0.00583	0.00466	0.01399
50	0.02432	0.07326	0.07631	0.08146	0.20055	0.02218	0.02364	0.03041	0.02325	0.03405	0.01942	0.02418	0.01602	0.00912	0.00928	0.00251	0.01112	0.00785	0.00569	0.30536
51	0.08197	0.17549	0.24506	0.02717	0.03856	0.09663	0.06669	0.08436	0.02656	0.03630	0.01878	0.02179	0.01443	0.01040	0.00951	0.00312	0.01469	0.00783	0.00564	0.01501
52	0.04073	0.05197	0.03090	0.02809	0.03371	0.57303	0.02107	0.04354	0.03090	0.02669	0.01685	0.01966	0.01404	0.01124	0.00983	0.00281	0.01966	0.00702	0.00562	0.01264
53	0.02514	0.01700	0.02000	0.01767	0.02182	0.01751	0.01343	0.16354	0.03157	0.08414	0.12772	0.16402	0.08051	0.09828	0.06165	0.00557	0.01027	0.01749	0.01018	0.01250
54	0.02204	0.02102	0.03528	0.02861	0.03474	0.02125	0.19580	0.03535	0.17607	0.03581	0.04136	0.22454	0.03996	0.01913	0.01268	0.00393	0.01145	0.01869	0.00872	0.01354
55	0.01403	0.01109	0.01263	0.01225	0.01543	0.00969	0.00918	0.01786	0.02755	0.03587	0.30480	0.09438	0.34603	0.02522	0.01287	0.00357	0.00535	0.02153	0.01097	0.00969
56	0.01451	0.01038	0.01399	0.01611	0.01740	0.00986	0.01182	0.01750	0.02304	0.03084	0.11804	0.43624	0.07373	0.03181	0.01405	0.00444	0.00702	0.12960	0.01033	0.00930
57	0.02259	0.02142	0.03631	0.42693	0.22314	0.02475	0.03128	0.02961	0.02275	0.03028	0.01973	0.02842	0.01539	0.01053	0.01087	0.00351	0.01404	0.00970	0.00502	0.01372
58	0.02915	0.62337	0.05714	0.01866	0.02799	0.04314	0.01866	0.03265	0.02215	0.02565	0.01516	0.01749	0.01399	0.00933	0.00700	0.00233	0.01166	0.00583	0.00466	0.01399
59	0.01328	0.00949	0.01265	0.01518	0.01581	0.00886	0.01012	0.01518	0.02088	0.02783	0.06010	0.60969	0.07212	0.03416	0.01392	0.00443	0.00633	0.03100	0.01012	0.00886
60	0.04555	0.02397	0.02865	0.02197	0.03053	0.02406	0.01815	0.26055	0.04027	0.33614	0.03541	0.03217	0.02318	0.01331	0.01094	0.00333	0.01051	0.01045	0.01233	0.01855
61	0.02546	0.02264	0.02478	0.02188	0.02600	0.13840	0.07359	0.02874	0.02606	0.08518	0.12911	0.20505	0.04907	0.02200	0.01470	0.05850	0.01111	0.01757	0.00881	0.01134
62	0.01805	0.01093	0.01459	0.01539	0.01737	0.01002	0.01087	0.02091	0.02422	0.09516	0.15912	0.42979	0.07309	0.02917	0.01334	0.00409	0.00644	0.02621	0.01092	0.01033
63	0.02421	0.02625	0.05238	0.03902	0.04662	0.02734	0.34772	0.03132	0.02284	0.03196	0.02112	0.02965	0.01722	0.01930	0.07909	0.00543	0.14761	0.01200	0.00539	0.01355
64	0.01733	0.01154	0.01355	0.01332	0.01666	0.01005	0.00987	0.02046	0.02568	0.08895	0.16467	0.20532	0.30920	0.02663	0.01290	0.00377	0.00605	0.02291	0.01081	0.01033
65	0.02455	0.02680	0.05548	0.04103	0.04989	0.02636	0.39957	0.03254	0.02473	0.03375	0.02558	0.04017	0.02191	0.01275	0.01550	0.00395	0.07708	0.06853	0.00599	0.01385
66	0.01826	0.01391	0.01747	0.01840	0.02126	0.01441	0.01466	0.02800	0.13058	0.03606	0.13358	0.20824	0.06514	0.02656	0.01362	0.00435	0.00812	0.20545	0.01060	0.01133
67	0.02059	0.01938	0.03270	0.59060	0.07510	0.02422	0.03028	0.02786	0.02180	0.02786	0.01938	0.02907	0.01453	0.01090	0.01090	0.00363	0.01453	0.00969	0.00484	0.01211
68	0.03069	0.43511	0.11257	0.02214	0.03151	0.15190	0.02178	0.03516	0.02409	0.02694	0.01605	0.01861	0.01398	0.00985	0.00800	0.00257	0.01387	0.00635	0.00486	0.01397
69	0.01811	0.01141	0.01513	0.01622	0.01852	0.01060	0.01225	0.02136	0.02428	0.08531	0.11444	0.34552	0.10591	0.02932	0.01367	0.00428	0.00726	0.12544	0.01066	0.01030
70	0.02848	0.14672	0.09000	0.02733	0.08798	0.02562	0.05200	0.03394	0.02364	0.10798	0.02174	0.02476	0.01701	0.01073	0.01196	0.00283	0.07174	0.00822	0.00658	0.20074
71	0.37049	0.12177	0.09049	0.01812	0.02677	0.02581	0.01724	0.03686	0.02232	0.14965	0.02154	0.02238	0.01558	0.01073	0.00811	0.00322	0.01006	0.00721	0.00757	0.01409
72	0.01554	0.01067	0.01302	0.01328	0.01371	0.01096	0.00828	0.01646	0.01668	0.02261	0.03605	0.12162	0.04069	0.45717	0.14756	0.01123	0.01360	0.01664	0.00683	0.00742
73	0.01645	0.01170	0.01455	0.01432	0.01679	0.01134	0.01054	0.02300	0.06798	0.04040	0.35476	0.17890	0.08346	0.02306	0.01239	0.00356	0.00565	0.02038	0.08023	0.01055
74	0.02699	0.19070	0.32798	0.03037	0.09070	0.02886	0.03171	0.03588	0.02383	0.08629	0.02098	0.02349	0.01556	0.01036	0.00963	0.00314	0.01398	0.00797	0.00562	0.01595
75	0.02686	0.01992	0.02222	0.02038	0.02567	0.02195	0.01562	0.04841	0.36243	0.10373	0.04750	0.15935	0.04065	0.01869	0.01167	0.00381	0.00823	0.01607	0.01118	0.01566
76	0.02059	0.01938	0.03270	0.59060	0.07510	0.02422	0.03028	0.02786	0.02180	0.02786	0.01938	0.02907	0.01453	0.01090	0.01090	0.00363	0.01453	0.00969	0.00484	0.01211
77	0.02273	0.02123	0.03784	0.18883	0.04725	0.02355	0.16864	0.02929	0.06067	0.02932	0.02142	0.03027	0.01751	0.01739	0.02133	0.14595	0.08875	0.01079	0.00551	0.01173
78	0.03023	0.02418	0.03668	0.03941	0.20383	0.02451	0.09292	0.08940	0.13151	0.11239	0.03651	0.03769	0.06415	0.01298	0.01136	0.00345	0.01165	0.01195	0.00864	0.01656
79	0.01355	0.01002	0.01274	0.01479	0.01614	0.00921	0.01036	0.01585	0.02196	0.02852	0.06944	0.47589	0.16072	0.03260	0.01381	0.00433	0.00647	0.06447	0.01012	0.00902
80	0.01360	0.00962	0.01256	0.01478	0.01534	0.00906	0.00970	0.01526	0.02027	0.02702	0.05698	0.54451	0.06818	0.10471	0.01895	0.00517	0.00684	0.02916	0.00970	0.00858
81	0.02949	0.03916	0.25773	0.03184	0.08145	0.02683	0.06868	0.13897	0.09475	0.08430	0.02625	0.02789	0.01883	0.01160	0.01085	0.00344	0.01369	0.00972	0.00759	0.01694
82	0.07415	0.06438	0.02476	0.08156	0.02873	0.01852	0.05349	0.07074	0.02432	0.03402	0.04203	0.34689	0.04656	0.02361	0.01207	0.00391	0.00934	0.02108	0.00855	0.01129
83	0.02583	0.02473	0.04217	0.16140	0.46333	0.02560	0.03289	0.03245	0.02428	0.03422	0.02031	0.02736	0.01678	0.00993	0.01081	0.00331	0.01324	0.00971	0.00530	0.01634
84	0.07367	0.01976	0.02551	0.13857	0.03685	0.01956	0.01870	0.08967	0.02788	0.16411	0.03025	0.03972	0.02407	0.01336	0.01045	0.00318	0.01043	0.06536	0.00879	0.18011
85	0.16821	0.15206	0.03261	0.02094	0.02878	0.06221	0.01767	0.18723	0.11440	0.07852	0.02511	0.02531	0.01889	0.01190	0.00922	0.00315	0.01093	0.00852	0.00865	0.01569

[dist]
# distance from previous block
# <min> <max>
0	5

[block]
# block no. 2 follows, 12 sequences, length 8
# corresponding to MSA columns:
# 259-266
name=unknown_C
#
# <colnr> <probs for GDERKNQSTAVLIFYWHMCP>
#	G	D	E	R	K	N	Q	S	T	A	V	L	I	F	Y	W	H	M	C	P
0	0.03499	0.13582	0.04534	0.03118	0.03951	0.23979	0.17713	0.04015	0.02782	0.09511	0.02150	0.02461	0.01645	0.01054	0.01048	0.00308	0.01662	0.00920	0.00641	0.01427
1	0.02211	0.02093	0.03545	0.46600	0.18781	0.02463	0.03104	0.02919	0.02252	0.02971	0.01965	0.02857	0.01519	0.01062	0.01088	0.00354	0.01416	0.00970	0.00498	0.01334
2	0.03417	0.02504	0.03406	0.02719	0.03415	0.05798	0.11006	0.11441	0.09391	0.17429	0.03347	0.04088	0.02608	0.01500	0.01441	0.00375	0.07657	0.05936	0.00951	0.01569
3	0.03827	0.04344	0.03164	0.02759	0.03295	0.38443	0.02143	0.13256	0.03269	0.03484	0.01829	0.02158	0.01497	0.01281	0.01404	0.00320	0.10712	0.00796	0.00652	0.01368
4	0.01941	0.01323	0.02321	0.02015	0.02237	0.01330	0.09361	0.01869	0.01678	0.02285	0.02147	0.03442	0.02017	0.04168	0.14148	0.43945	0.01481	0.01047	0.00508	0.00738
5	0.01418	0.01106	0.01297	0.01340	0.01625	0.00985	0.01019	0.01772	0.02591	0.03330	0.20840	0.16700	0.30943	0.02741	0.01328	0.00388	0.00609	0.07953	0.01060	0.00954
6	0.11889	0.02272	0.02520	0.02028	0.02745	0.02399	0.01648	0.22480	0.07902	0.17464	0.11647	0.03812	0.03498	0.01449	0.01074	0.00337	0.00949	0.01146	0.01120	0.01622
7	0.01436	0.01023	0.01205	0.01303	0.01389	0.00968	0.00825	0.01556	0.01931	0.02513	0.05705	0.28626	0.13643	0.29203	0.03223	0.00703	0.00808	0.02294	0.00856	0.00791

[dist]
# distance from previous block
# <min> <max>
0	2

[block]
# block no. 3 follows, 12 sequences, length 23
# corresponding to MSA columns:
# 269-291
name=unknown_D
#
# <colnr> <probs for GDERKNQSTAVLIFYWHMCP>
#	G	D	E	R	K	N	Q	S	T	A	V	L	I	F	Y	W	H	M	C	P
0	0.25771	0.01938	0.02230	0.01776	0.02565	0.01876	0.01466	0.04631	0.02711	0.39206	0.03400	0.03083	0.02208	0.01240	0.00960	0.00337	0.00900	0.00933	0.01131	0.01637
1	0.02246	0.02224	0.02757	0.02825	0.07973	0.07889	0.02014	0.02516	0.02033	0.02779	0.03004	0.21343	0.03331	0.02219	0.02347	0.00430	0.28622	0.01625	0.00665	0.01157
2	0.02088	0.01892	0.02540	0.02240	0.02240	0.02491	0.01744	0.02238	0.01639	0.02434	0.02177	0.04152	0.02373	0.24135	0.04311	0.00693	0.37884	0.01189	0.00545	0.00995
3	0.01427	0.01033	0.01369	0.01602	0.01734	0.00976	0.01174	0.01697	0.02218	0.02909	0.06340	0.45573	0.10616	0.03270	0.01411	0.00451	0.00714	0.13558	0.01010	0.00916
4	0.03438	0.03484	0.03124	0.02634	0.03278	0.24112	0.07043	0.15401	0.07341	0.04111	0.02693	0.03416	0.02214	0.01338	0.01070	0.00323	0.01458	0.04585	0.07517	0.01420
5	0.53237	0.02768	0.10772	0.01794	0.02640	0.02532	0.01722	0.06915	0.02180	0.04804	0.01675	0.01924	0.01266	0.01039	0.00767	0.00338	0.00998	0.00656	0.00671	0.01304
6	0.03039	0.08144	0.08224	0.03961	0.17327	0.14325	0.07749	0.08156	0.02709	0.03452	0.01895	0.02406	0.01563	0.01187	0.01459	0.00340	0.11090	0.00903	0.00577	0.01493
7	0.02304	0.02147	0.03021	0.02623	0.02623	0.02942	0.02147	0.02424	0.01628	0.02503	0.01508	0.02540	0.01508	0.02221	0.03692	0.11741	0.49927	0.00953	0.00476	0.01073
8	0.02442	0.22960	0.29658	0.08748	0.04500	0.03108	0.07840	0.03327	0.02288	0.03105	0.01839	0.02253	0.01421	0.00997	0.00960	0.00314	0.01476	0.00800	0.00474	0.01488
9	0.02387	0.02401	0.10899	0.01996	0.02580	0.05940	0.01808	0.06625	0.02908	0.09325	0.20250	0.15018	0.05818	0.02039	0.01220	0.00366	0.00966	0.05197	0.00987	0.01270
10	0.04417	0.01716	0.02279	0.01786	0.02532	0.01505	0.01463	0.04853	0.02982	0.47067	0.04178	0.03770	0.02715	0.01336	0.01041	0.00324	0.00858	0.01083	0.12378	0.01716
11	0.02229	0.01234	0.01645	0.01552	0.01861	0.01146	0.01148	0.02586	0.02604	0.14933	0.22340	0.20867	0.06700	0.07518	0.06015	0.00536	0.00869	0.01986	0.01092	0.01140
12	0.02970	0.03614	0.20919	0.03607	0.11697	0.02706	0.10074	0.12009	0.02893	0.09490	0.02320	0.02668	0.01700	0.01176	0.01345	0.00354	0.07154	0.00978	0.00692	0.01635
13	0.02224	0.01284	0.01693	0.01570	0.01951	0.01172	0.01248	0.02700	0.02951	0.14261	0.32987	0.08135	0.11504	0.02225	0.01285	0.00370	0.00681	0.09394	0.01183	0.01181
14	0.01320	0.00981	0.01232	0.01433	0.01559	0.00893	0.00974	0.01528	0.02169	0.02817	0.07046	0.50585	0.16927	0.03281	0.01371	0.00427	0.00616	0.02935	0.01012	0.00893
15	0.02983	0.22574	0.22468	0.02935	0.08675	0.12119	0.02786	0.03676	0.02486	0.07043	0.01963	0.02221	0.01525	0.01036	0.00932	0.00297	0.01449	0.00758	0.00555	0.01518
16	0.03328	0.03218	0.12361	0.03544	0.14262	0.02831	0.06037	0.22092	0.08470	0.08902	0.02670	0.02831	0.01945	0.01186	0.01095	0.00337	0.01279	0.01005	0.00856	0.01748
17	0.01564	0.01142	0.01619	0.01619	0.01768	0.01291	0.01197	0.01861	0.01713	0.02432	0.03042	0.04959	0.03019	0.20842	0.45096	0.01588	0.02479	0.01267	0.00602	0.00899
18	0.06864	0.04591	0.40925	0.02749	0.04134	0.02322	0.03321	0.03848	0.02456	0.15050	0.02447	0.02581	0.01660	0.01104	0.01027	0.00343	0.01414	0.00857	0.00670	0.01639
19	0.03135	0.14598	0.04039	0.07931	0.24037	0.02855	0.02503	0.07486	0.07771	0.11398	0.02552	0.02802	0.01956	0.01105	0.01009	0.00315	0.01175	0.00938	0.00741	0.01653
20	0.02232	0.01763	0.01916	0.01772	0.02172	0.01905	0.01333	0.08205	0.21285	0.03747	0.05156	0.06575	0.11698	0.18152	0.02380	0.00565	0.00914	0.06017	0.00960	0.01252
21	0.01973	0.11653	0.03105	0.17006	0.03796	0.02092	0.06631	0.02482	0.02395	0.03146	0.12904	0.17265	0.04710	0.01899	0.01174	0.00365	0.01056	0.04430	0.00773	0.01148
22	0.02965	0.20844	0.13092	0.07203	0.08787	0.07318	0.02451	0.03990	0.10841	0.08763	0.02472	0.02641	0.01891	0.01117	0.00959	0.00310	0.01267	0.00863	0.00681	0.01546

[dist]
# distance from previous block
# <min> <max>
2	20

[block]
# block no. 4 follows, 12 sequences, length 23
# corresponding to MSA columns:
# 312-334
name=unknown_E
#
# <colnr> <probs for GDERKNQSTAVLIFYWHMCP>
#	G	D	E	R	K	N	Q	S	T	A	V	L	I	F	Y	W	H	M	C	P
0	0.06661	0.02201	0.02247	0.01765	0.02582	0.06268	0.01395	0.03389	0.08923	0.07254	0.03070	0.03166	0.05879	0.01119	0.00910	0.00237	0.00902	0.00880	0.00777	0.40377
1	0.02774	0.02061	0.06114	0.01956	0.02458	0.05729	0.01608	0.07020	0.02652	0.16632	0.04259	0.25275	0.04154	0.02975	0.08462	0.00556	0.01226	0.01808	0.00974	0.01309
2	0.02841	0.06173	0.09589	0.02307	0.02973	0.02381	0.02126	0.17226	0.03199	0.08213	0.03689	0.09832	0.03497	0.01952	0.01377	0.00395	0.05183	0.14702	0.00917	0.01428
3	0.02860	0.15175	0.27194	0.03440	0.14576	0.02736	0.03091	0.03689	0.02453	0.11545	0.02263	0.02503	0.01665	0.01052	0.00991	0.00318	0.01353	0.00844	0.00619	0.01634
4	0.02913	0.02445	0.07812	0.15060	0.15319	0.02195	0.02470	0.03876	0.09017	0.14352	0.02779	0.03031	0.02032	0.01123	0.01046	0.00319	0.01153	0.00969	0.00779	0.11310
5	0.01567	0.01131	0.01561	0.01561	0.01690	0.01259	0.01125	0.01825	0.01696	0.02390	0.03095	0.05250	0.03146	0.26317	0.39795	0.01517	0.02289	0.01310	0.00610	0.00867
6	0.02390	0.17190	0.39065	0.03039	0.04443	0.02935	0.09631	0.03419	0.02319	0.03272	0.01896	0.02269	0.01420	0.00999	0.00998	0.00325	0.01547	0.00821	0.00473	0.01549
7	0.02888	0.07526	0.09968	0.02461	0.02985	0.02733	0.02242	0.03525	0.05759	0.14118	0.06315	0.03153	0.02490	0.01593	0.02148	0.00393	0.26489	0.01031	0.00756	0.01427
8	0.04145	0.03054	0.03272	0.02509	0.03381	0.03381	0.02072	0.51243	0.05127	0.06872	0.02618	0.02618	0.01854	0.01309	0.01091	0.00327	0.01200	0.00982	0.01091	0.01854
9	0.02187	0.05640	0.56031	0.03108	0.04719	0.02532	0.04029	0.03453	0.02302	0.03453	0.01957	0.02302	0.01381	0.01036	0.01036	0.00345	0.01611	0.00806	0.00460	0.01611
10	0.01540	0.01126	0.01486	0.01656	0.01868	0.01071	0.01314	0.01924	0.02467	0.03243	0.13571	0.25680	0.13352	0.02984	0.01413	0.00444	0.00766	0.22097	0.01036	0.00962
11	0.01873	0.01242	0.01555	0.01587	0.01856	0.01207	0.01153	0.02449	0.07742	0.08544	0.10099	0.33615	0.12532	0.03171	0.05541	0.00505	0.00840	0.02348	0.01041	0.01098
12	0.01402	0.01001	0.01349	0.01602	0.01697	0.00949	0.01140	0.01645	0.02160	0.02866	0.05969	0.52637	0.07051	0.03347	0.01411	0.00453	0.00696	0.10708	0.01011	0.00906
13	0.01572	0.01113	0.01473	0.01473	0.01570	0.01211	0.01014	0.01767	0.01669	0.02324	0.03176	0.05701	0.03341	0.34764	0.31615	0.01407	0.01995	0.01376	0.00622	0.00818
14	0.02688	0.02398	0.04154	0.19568	0.34830	0.02488	0.07048	0.03361	0.02460	0.07237	0.02202	0.02847	0.01724	0.01026	0.01100	0.00339	0.01353	0.01006	0.00587	0.01584
15	0.04698	0.01899	0.02525	0.01965	0.02788	0.01701	0.01614	0.05356	0.07550	0.51091	0.04314	0.03743	0.02755	0.01361	0.01098	0.00340	0.00922	0.01109	0.01328	0.01844
16	0.02114	0.02137	0.06928	0.02884	0.08350	0.01921	0.09690	0.03190	0.11676	0.03670	0.10588	0.12476	0.04793	0.01987	0.01279	0.00399	0.01082	0.12629	0.00889	0.01319
17	0.01421	0.01077	0.01310	0.01322	0.01572	0.00966	0.00965	0.01795	0.02695	0.03606	0.31057	0.19943	0.23024	0.02640	0.01309	0.00372	0.00551	0.02308	0.01104	0.00966
18	0.01548	0.01224	0.01805	0.08208	0.07698	0.01225	0.01468	0.01842	0.02138	0.02864	0.05167	0.48762	0.06031	0.02916	0.01327	0.00422	0.00789	0.02653	0.00907	0.01007
19	0.02399	0.04007	0.32202	0.18933	0.05205	0.02448	0.03357	0.03609	0.06830	0.07248	0.02347	0.02737	0.01673	0.01114	0.01062	0.00352	0.01449	0.00912	0.00591	0.01525
20	0.02875	0.08675	0.34389	0.03233	0.10648	0.02477	0.03270	0.03816	0.02491	0.14352	0.02428	0.02608	0.01704	0.01086	0.01029	0.00333	0.01394	0.00872	0.00658	0.01662
21	0.36852	0.02034	0.02043	0.01755	0.02440	0.02172	0.01461	0.08773	0.02620	0.18124	0.02911	0.03727	0.02307	0.01390	0.00937	0.00358	0.00924	0.06828	0.00938	0.01406
22	0.63882	0.07093	0.01943	0.01470	0.02166	0.02601	0.01238	0.03210	0.01885	0.04699	0.01518	0.01769	0.01199	0.01006	0.00677	0.00329	0.00870	0.00590	0.00658	0.01199

[dist]
# distance from previous block
# <min> <max>
2	13

[block]
# block no. 5 follows, 12 sequences, length 29
# corresponding to MSA columns:
# 348-376
name=unknown_F
#
# <colnr> <probs for GDERKNQSTAVLIFYWHMCP>
#	G	D	E	R	K	N	Q	S	T	A	V	L	I	F	Y	W	H	M	C	P
0	0.12899	0.07987	0.03291	0.12538	0.10034	0.08957	0.02242	0.07258	0.02539	0.09622	0.02073	0.02492	0.01610	0.01231	0.01377	0.00346	0.10552	0.00862	0.00674	0.01416
1	0.02841	0.03766	0.24440	0.04193	0.19634	0.02529	0.09173	0.06992	0.02683	0.09817	0.02336	0.02687	0.01706	0.01058	0.01091	0.00339	0.01436	0.00961	0.00643	0.01674
2	0.17486	0.12787	0.12252	0.12591	0.09730	0.06547	0.02444	0.03469	0.02318	0.08151	0.01987	0.02348	0.01512	0.01050	0.00918	0.00321	0.01270	0.00788	0.00609	0.01423
3	0.02338	0.02117	0.03352	0.07884	0.33609	0.02169	0.02532	0.03064	0.06795	0.03322	0.02972	0.11393	0.02884	0.08831	0.01676	0.00437	0.01145	0.01363	0.00667	0.01451
4	0.01326	0.01048	0.01195	0.01281	0.01527	0.00917	0.00914	0.01592	0.02393	0.03014	0.13078	0.28849	0.33101	0.02954	0.01326	0.00393	0.00578	0.02565	0.01029	0.00917
5	0.01958	0.01699	0.02684	0.21458	0.14873	0.01819	0.02178	0.02571	0.02660	0.03679	0.25997	0.05267	0.05567	0.01588	0.01178	0.00346	0.00989	0.01430	0.00825	0.01237
6	0.02915	0.62337	0.05714	0.01866	0.02799	0.04314	0.01866	0.03265	0.02215	0.02565	0.01516	0.01749	0.01399	0.00933	0.00700	0.00233	0.01166	0.00583	0.00466	0.01399
7	0.02556	0.08827	0.03312	0.19924	0.13359	0.02257	0.02259	0.03124	0.02412	0.08306	0.05809	0.03029	0.02274	0.01088	0.00991	0.00289	0.01121	0.00931	0.00665	0.17466
8	0.01837	0.01140	0.01441	0.01411	0.01691	0.01024	0.01033	0.02114	0.02545	0.09208	0.21276	0.20976	0.18788	0.02695	0.01556	0.06412	0.00638	0.02144	0.01059	0.01011
9	0.44808	0.02012	0.01956	0.01627	0.02366	0.02125	0.01342	0.04009	0.02338	0.24227	0.02579	0.02510	0.01759	0.01141	0.00835	0.00337	0.00876	0.00783	0.00932	0.01438
10	0.02216	0.01507	0.02039	0.08223	0.02700	0.01599	0.01526	0.08395	0.02727	0.08721	0.15960	0.13564	0.05015	0.03678	0.16256	0.00736	0.01408	0.01611	0.00926	0.01194
11	0.02586	0.01454	0.02083	0.02329	0.08262	0.01355	0.01585	0.02951	0.02504	0.18119	0.05016	0.29172	0.05112	0.02467	0.01291	0.00409	0.00860	0.10108	0.01052	0.01283
12	0.02426	0.09514	0.25911	0.09562	0.04217	0.02754	0.02890	0.04173	0.20002	0.03673	0.02781	0.02941	0.02074	0.01188	0.01036	0.00345	0.01287	0.00954	0.00691	0.01582
13	0.06340	0.02149	0.03769	0.02969	0.03535	0.02237	0.20285	0.02992	0.02271	0.08235	0.03075	0.11064	0.02924	0.07023	0.02052	0.00463	0.11749	0.04883	0.00723	0.01262
14	0.02086	0.02002	0.03589	0.32264	0.10185	0.02202	0.11822	0.02762	0.02353	0.03133	0.07163	0.09940	0.02962	0.01412	0.01179	0.00368	0.01336	0.01361	0.00626	0.01254
15	0.21234	0.01826	0.02119	0.01705	0.02438	0.01754	0.01398	0.04455	0.02699	0.36682	0.03498	0.03250	0.02318	0.01253	0.00950	0.00328	0.00858	0.00957	0.08692	0.01586
16	0.07310	0.02712	0.12587	0.39705	0.06239	0.02529	0.02984	0.07244	0.02440	0.03426	0.01970	0.02688	0.01456	0.01094	0.01049	0.00355	0.01414	0.00913	0.00548	0.01338
17	0.01385	0.01007	0.01315	0.01515	0.01641	0.00937	0.01069	0.01642	0.02253	0.02986	0.10743	0.47020	0.11636	0.03212	0.01384	0.00433	0.00651	0.07226	0.01028	0.00913
18	0.01736	0.01520	0.02611	0.02685	0.08400	0.01476	0.10252	0.02134	0.02176	0.02966	0.04480	0.36628	0.05014	0.03311	0.08604	0.00586	0.01220	0.02284	0.00821	0.01097
19	0.01630	0.01296	0.01682	0.08616	0.02468	0.01338	0.01334	0.02324	0.08834	0.03314	0.14519	0.31366	0.11903	0.02595	0.01288	0.00397	0.00733	0.02306	0.00993	0.01063
20	0.03719	0.02538	0.09712	0.07722	0.18284	0.02061	0.02507	0.04332	0.02767	0.30353	0.03192	0.03188	0.02165	0.01183	0.01084	0.00336	0.01156	0.01015	0.00944	0.01741
21	0.01666	0.01334	0.01770	0.02139	0.07764	0.01318	0.01348	0.02296	0.08500	0.03225	0.09472	0.38530	0.10911	0.02749	0.01304	0.00406	0.00719	0.02467	0.00985	0.01098
22	0.58075	0.02409	0.06493	0.01597	0.02378	0.02375	0.01443	0.03191	0.01928	0.04658	0.01591	0.01857	0.01233	0.00998	0.00717	0.00324	0.00909	0.00614	0.00653	0.06558
23	0.02574	0.14567	0.03673	0.25484	0.04855	0.02537	0.06188	0.03159	0.02394	0.09385	0.02848	0.04446	0.02474	0.01419	0.01099	0.00358	0.01279	0.09262	0.00685	0.01314
24	0.07423	0.02343	0.03227	0.08398	0.15965	0.07017	0.07759	0.03417	0.05424	0.09353	0.07607	0.03882	0.02934	0.08657	0.01641	0.00426	0.01229	0.01159	0.00751	0.01387
25	0.09477	0.03036	0.15556	0.02471	0.03480	0.02288	0.06122	0.09036	0.08602	0.24061	0.03182	0.03077	0.02157	0.01221	0.01061	0.00344	0.01174	0.01002	0.00962	0.01692
26	0.09625	0.07227	0.26657	0.02474	0.03592	0.02384	0.02719	0.03965	0.02476	0.20462	0.02614	0.02682	0.01795	0.01191	0.01179	0.00344	0.05358	0.00877	0.00772	0.01607
27	0.04800	0.02003	0.02622	0.02010	0.02857	0.01821	0.01660	0.10966	0.03368	0.49634	0.04094	0.03577	0.02595	0.01345	0.01096	0.00336	0.00961	0.01082	0.01318	0.01855
28	0.02779	0.03413	0.25279	0.15881	0.04618	0.02139	0.02916	0.03639	0.02549	0.16481	0.07194	0.03318	0.02521	0.01234	0.01086	0.00347	0.01305	0.01021	0.00755	0.01526

[dist]
# distance from previous block
# <min> <max>
0	1

[block]
# block no. 6 follows, 12 sequences, length 25
# corresponding to MSA columns:
# 378-402
name=unknown_G
#
# <colnr> <probs for GDERKNQSTAVLIFYWHMCP>
#	G	D	E	R	K	N	Q	S	T	A	V	L	I	F	Y	W	H	M	C	P
0	0.07664	0.10515	0.12792	0.02676	0.10732	0.02209	0.02174	0.03512	0.02573	0.16716	0.07280	0.04139	0.09701	0.01410	0.01040	0.00328	0.01055	0.01146	0.00841	0.01497
1	0.03862	0.01981	0.02422	0.01969	0.02692	0.01944	0.01589	0.08849	0.15365	0.32566	0.08124	0.04395	0.06167	0.01518	0.01123	0.00347	0.00885	0.01249	0.01240	0.01714
2	0.01623	0.01751	0.09146	0.01851	0.02205	0.01439	0.01614	0.02068	0.01845	0.02638	0.03176	0.10394	0.03161	0.12790	0.37668	0.01338	0.02282	0.01372	0.00621	0.01017
3	0.02318	0.02606	0.08886	0.32923	0.05354	0.09722	0.02583	0.02796	0.02162	0.02661	0.01896	0.02792	0.01530	0.01649	0.01727	0.14448	0.01437	0.00909	0.00490	0.01111
4	0.07352	0.10849	0.07476	0.12146	0.19569	0.02676	0.02574	0.07722	0.02692	0.13243	0.02382	0.02691	0.01771	0.01090	0.01004	0.00322	0.01219	0.00905	0.00720	0.01595
5	0.01365	0.00975	0.01307	0.01560	0.01640	0.00917	0.01076	0.01582	0.02124	0.02825	0.05989	0.56791	0.07131	0.03381	0.01402	0.00448	0.00664	0.06915	0.01011	0.00896
6	0.01346	0.01021	0.01241	0.01368	0.01554	0.00916	0.00957	0.01608	0.02351	0.03054	0.14278	0.37759	0.22514	0.03046	0.01345	0.00405	0.00591	0.02692	0.01038	0.00916
7	0.12613	0.18191	0.07077	0.02074	0.02918	0.10260	0.01863	0.04272	0.06027	0.20695	0.02693	0.02629	0.01931	0.01152	0.00919	0.00306	0.01165	0.00831	0.00844	0.01540
8	0.01840	0.01621	0.02377	0.22288	0.09447	0.01769	0.01994	0.02528	0.06511	0.03050	0.05041	0.19325	0.13828	0.02041	0.01208	0.00381	0.00995	0.01804	0.00784	0.01168
9	0.03044	0.03442	0.02483	0.02393	0.02826	0.31304	0.01839	0.03680	0.08517	0.03028	0.03470	0.12480	0.03465	0.01884	0.01166	0.00361	0.01451	0.11177	0.00781	0.01209
10	0.02368	0.02034	0.02310	0.01759	0.02644	0.01753	0.01395	0.03471	0.14316	0.03793	0.02533	0.02691	0.02023	0.00967	0.00879	0.00211	0.00821	0.00786	0.00756	0.52489
11	0.02787	0.40007	0.21052	0.02329	0.03440	0.08213	0.02555	0.03415	0.02316	0.02848	0.01666	0.01938	0.01394	0.00981	0.00827	0.00272	0.01371	0.00662	0.00473	0.01454
12	0.03806	0.11188	0.03436	0.02665	0.03263	0.39265	0.02098	0.10477	0.03146	0.03226	0.01771	0.02066	0.01468	0.01194	0.01188	0.00299	0.06726	0.00748	0.00616	0.01354
13	0.01959	0.02252	0.09928	0.08828	0.03250	0.02259	0.02239	0.02461	0.01852	0.02717	0.02213	0.03264	0.01993	0.04436	0.26464	0.01004	0.20175	0.01029	0.00522	0.01157
14	0.09646	0.11223	0.14272	0.12312	0.18642	0.02797	0.09604	0.03277	0.02312	0.03422	0.01908	0.02459	0.01507	0.00993	0.01006	0.00329	0.01389	0.00889	0.00522	0.01489
15	0.01532	0.01152	0.01639	0.01622	0.01844	0.01259	0.01251	0.01937	0.02081	0.02934	0.13881	0.05577	0.08581	0.06533	0.41435	0.01354	0.02240	0.01424	0.00743	0.00980
16	0.02297	0.02255	0.03170	0.02744	0.02765	0.03128	0.02276	0.02552	0.01679	0.02614	0.01590	0.02588	0.01570	0.02579	0.09327	0.00613	0.53617	0.00977	0.00489	0.01169
17	0.02847	0.15185	0.22065	0.16593	0.04644	0.02670	0.02859	0.03626	0.02420	0.13668	0.02339	0.02629	0.01669	0.01092	0.00995	0.00326	0.01345	0.00861	0.00647	0.01519
18	0.31649	0.02033	0.02425	0.01987	0.02680	0.02104	0.06643	0.06712	0.02511	0.17868	0.03014	0.10651	0.02508	0.01443	0.00977	0.00355	0.00966	0.01170	0.00912	0.01392
19	0.01388	0.00991	0.01333	0.01586	0.01675	0.00937	0.01115	0.01621	0.02146	0.02850	0.05977	0.54235	0.07082	0.03360	0.01408	0.00451	0.00684	0.09248	0.01011	0.00902
20	0.02255	0.02648	0.09612	0.29158	0.05818	0.02704	0.13388	0.02976	0.02169	0.02976	0.01889	0.02737	0.01485	0.01223	0.01663	0.00387	0.14095	0.01017	0.00495	0.01306
21	0.03487	0.02753	0.13560	0.03177	0.14312	0.02040	0.02432	0.04322	0.06362	0.26723	0.06891	0.03550	0.02807	0.01277	0.01095	0.00339	0.01110	0.01083	0.00970	0.01711
22	0.03342	0.01691	0.02093	0.01714	0.02319	0.01586	0.01375	0.10235	0.03253	0.26428	0.16947	0.05440	0.10344	0.01713	0.01138	0.00334	0.00790	0.01425	0.06351	0.01483
23	0.01669	0.01298	0.01857	0.02326	0.09057	0.01251	0.01548	0.02061	0.02416	0.03231	0.11299	0.28103	0.10163	0.02772	0.01364	0.00428	0.00818	0.16315	0.00967	0.01056
24	0.29324	0.03226	0.13130	0.06322	0.06248	0.09962	0.05245	0.03285	0.02265	0.03845	0.02463	0.02777	0.05431	0.01164	0.00925	0.00336	0.01258	0.00871	0.00615	0.01308

[dist]
# distance from previous block
# <min> <max>
0	26

[block]
# block no. 7 follows, 12 sequences, length 35
# corresponding to MSA columns:
# 429-463
name=unknown_H
#
# <colnr> <probs for GDERKNQSTAVLIFYWHMCP>
#	G	D	E	R	K	N	Q	S	T	A	V	L	I	F	Y	W	H	M	C	P
0	0.01467	0.01090	0.01447	0.07325	0.02119	0.01073	0.01145	0.01657	0.02066	0.02676	0.05923	0.35820	0.14462	0.09083	0.01991	0.05723	0.00770	0.02413	0.00880	0.00870
1	0.03632	0.02989	0.02942	0.02394	0.03131	0.08949	0.01923	0.32552	0.15207	0.05723	0.06727	0.03272	0.02750	0.01394	0.01097	0.00333	0.01159	0.01079	0.01045	0.01701
2	0.03243	0.31428	0.16750	0.02239	0.03309	0.03286	0.02348	0.08634	0.02706	0.13232	0.02259	0.02339	0.01687	0.01075	0.00894	0.00289	0.01230	0.00774	0.00696	0.01582
3	0.14114	0.15558	0.27527	0.02417	0.03603	0.02834	0.02728	0.07141	0.02505	0.09149	0.02087	0.02273	0.01522	0.01064	0.00919	0.00320	0.01293	0.00769	0.00636	0.01540
