[name]
unknown

[dist]
# distance from previous block
# <min> <max>
0	537

[block]
# block no. 0 follows, 13 sequences, length 46
# corresponding to MSA columns:
# 537-582
name=unknown_A
#
# <colnr> <probs for GDERKNQSTAVLIFYWHMCP>
#	G	D	E	R	K	N	Q	S	T	A	V	L	I	F	Y	W	H	M	C	P
0	0.03053	0.07671	0.02567	0.02026	0.02605	0.12195	0.01670	0.06550	0.06030	0.14582	0.08111	0.05441	0.03708	0.01681	0.01107	0.00339	0.01091	0.12960	0.00926	0.05686
1	0.27711	0.02261	0.02473	0.01998	0.02691	0.05585	0.06777	0.07264	0.06377	0.11574	0.02427	0.02842	0.01895	0.06464	0.01280	0.00375	0.01041	0.00885	0.00786	0.07297
2	0.10956	0.06975	0.14132	0.02135	0.02872	0.13111	0.01976	0.03415	0.09916	0.03307	0.02644	0.08811	0.02407	0.06693	0.01343	0.00376	0.01206	0.01065	0.00668	0.05991
3	0.02889	0.08642	0.07277	0.13582	0.09626	0.02464	0.06654	0.11379	0.02852	0.11174	0.06124	0.03021	0.02296	0.01138	0.01024	0.00309	0.01185	0.00982	0.00751	0.06629
4	0.13454	0.02687	0.13170	0.02431	0.03389	0.02007	0.11712	0.03569	0.02459	0.16898	0.06184	0.02999	0.02311	0.01102	0.00996	0.00310	0.01137	0.00965	0.00785	0.11436
5	0.11291	0.08876	0.03513	0.03203	0.15325	0.02680	0.06416	0.13298	0.02708	0.04014	0.02037	0.02646	0.01714	0.05365	0.01420	0.00355	0.05254	0.00893	0.00659	0.08333
6	0.20837	0.02317	0.02862	0.15127	0.12173	0.02570	0.02137	0.16986	0.02950	0.09196	0.02173	0.02488	0.01595	0.01100	0.00950	0.00328	0.01117	0.00858	0.00763	0.01474
7	0.01926	0.01722	0.02470	0.20970	0.07471	0.02012	0.01992	0.02632	0.07658	0.02986	0.07094	0.10379	0.09562	0.05953	0.01771	0.00420	0.09692	0.01436	0.00708	0.01145
8	0.02502	0.02354	0.03958	0.05922	0.50390	0.02354	0.02968	0.03063	0.02315	0.03305	0.02132	0.03074	0.01905	0.07522	0.01508	0.00390	0.01232	0.01005	0.00536	0.01565
9	0.01288	0.00920	0.01227	0.01472	0.01534	0.00859	0.00981	0.01472	0.02024	0.02699	0.05828	0.62152	0.06993	0.03312	0.01350	0.00429	0.00613	0.03006	0.00981	0.00859
10	0.01616	0.01233	0.01719	0.01879	0.07391	0.01159	0.01237	0.02128	0.02931	0.04156	0.49980	0.07337	0.09094	0.02032	0.01226	0.00331	0.00579	0.01809	0.01096	0.01070
11	0.70310	0.02045	0.01554	0.01390	0.02045	0.02372	0.01145	0.03108	0.01799	0.04744	0.01472	0.01718	0.01145	0.00981	0.00654	0.00327	0.00818	0.00573	0.00654	0.01145
12	0.02470	0.01465	0.01989	0.01775	0.02064	0.01637	0.01398	0.02805	0.02048	0.15276	0.03026	0.03962	0.02551	0.10211	0.21700	0.00886	0.12186	0.01102	0.10295	0.01154
13	0.10101	0.06666	0.03318	0.03388	0.18519	0.02699	0.02188	0.14459	0.08446	0.12148	0.02549	0.02711	0.01911	0.01179	0.01144	0.00326	0.04897	0.00924	0.00818	0.01611
14	0.14219	0.04347	0.03099	0.02690	0.03306	0.44097	0.07013	0.03962	0.02758	0.03007	0.01660	0.01973	0.01352	0.01052	0.00936	0.00290	0.01723	0.00721	0.00561	0.01233
15	0.01538	0.01025	0.01153	0.01153	0.01153	0.01025	0.00641	0.01538	0.01538	0.02050	0.03331	0.06919	0.03844	0.62842	0.05382	0.01025	0.01025	0.01538	0.00641	0.00641
16	0.02018	0.01862	0.03279	0.03389	0.16602	0.01778	0.13539	0.02641	0.02726	0.03839	0.29374	0.05361	0.05887	0.01551	0.01196	0.00333	0.00993	0.01507	0.00852	0.01272
17	0.01997	0.01879	0.03171	0.60301	0.07282	0.02349	0.02936	0.02701	0.02114	0.02701	0.01879	0.02819	0.01409	0.01057	0.01057	0.00352	0.01409	0.00940	0.00470	0.01175
18	0.02747	0.02309	0.02965	0.08582	0.03284	0.06403	0.05095	0.09917	0.02599	0.08246	0.07576	0.03207	0.02539	0.01510	0.01919	0.00369	0.22479	0.01050	0.05907	0.01297
19	0.03950	0.05039	0.02996	0.02724	0.03269	0.58597	0.02043	0.04222	0.02996	0.02588	0.01634	0.01907	0.01362	0.01090	0.00953	0.00272	0.01907	0.00681	0.00545	0.01226
20	0.02192	0.01879	0.02192	0.01566	0.02506	0.01409	0.01253	0.02662	0.02192	0.03445	0.01879	0.02192	0.01566	0.00783	0.00783	0.00157	0.00783	0.00626	0.00626	0.69305
21	0.02195	0.02225	0.02645	0.25439	0.07986	0.11939	0.02182	0.02635	0.02234	0.02723	0.02984	0.20205	0.03074	0.01772	0.01271	0.00365	0.04859	0.01506	0.00638	0.01124
22	0.03750	0.02828	0.03022	0.02378	0.03176	0.03153	0.01945	0.43601	0.14529	0.06230	0.02880	0.02811	0.02075	0.01301	0.01061	0.00325	0.01100	0.00999	0.01061	0.01774
23	0.02827	0.63478	0.05540	0.01809	0.02714	0.04184	0.01809	0.03166	0.02148	0.02488	0.01470	0.01696	0.01357	0.00905	0.00678	0.00226	0.01131	0.00565	0.00452	0.01357
24	0.02405	0.01794	0.02855	0.11991	0.23330	0.01806	0.02210	0.02867	0.02331	0.10986	0.03551	0.22276	0.03516	0.01789	0.01150	0.00359	0.01016	0.01635	0.00781	0.01353
25	0.01538	0.01025	0.01153	0.01153	0.01153	0.01025	0.00641	0.01538	0.01538	0.02050	0.03331	0.06919	0.03844	0.62842	0.05382	0.01025	0.01025	0.01538	0.00641	0.00641
26	0.02538	0.09105	0.11063	0.02700	0.11590	0.02207	0.02100	0.03458	0.09118	0.06879	0.02320	0.02534	0.01813	0.00973	0.00904	0.00253	0.01026	0.00796	0.00667	0.27954
27	0.01572	0.01082	0.01367	0.01396	0.01639	0.01022	0.01088	0.02024	0.02638	0.03735	0.29881	0.12458	0.11873	0.02314	0.01224	0.00361	0.00608	0.11696	0.11050	0.00971
28	0.02166	0.02376	0.07160	0.06726	0.03454	0.02563	0.10686	0.02879	0.06656	0.03082	0.06929	0.03801	0.07762	0.01643	0.02144	0.00398	0.26499	0.01202	0.00634	0.01239
29	0.07773	0.02366	0.03683	0.19162	0.34205	0.02542	0.02876	0.08358	0.02560	0.03705	0.01980	0.02591	0.01581	0.01009	0.01021	0.00325	0.01251	0.00914	0.00577	0.01522
30	0.01538	0.01025	0.01153	0.01153	0.01153	0.01025	0.00641	0.01538	0.01538	0.02050	0.03331	0.06919	0.03844	0.62842	0.05382	0.01025	0.01025	0.01538	0.00641	0.00641
31	0.02424	0.15536	0.03736	0.02567	0.02762	0.03443	0.02204	0.02679	0.01734	0.02532	0.01406	0.02180	0.01381	0.01646	0.02866	0.00412	0.47984	0.00847	0.00460	0.01200
32	0.02644	0.02439	0.03226	0.02709	0.02873	0.03246	0.02254	0.12280	0.02270	0.03344	0.01611	0.02357	0.01468	0.01738	0.03002	0.00434	0.49315	0.00930	0.00578	0.01281
33	0.01349	0.01060	0.01189	0.01181	0.01455	0.00932	0.00858	0.01655	0.02477	0.03178	0.22816	0.12805	0.34584	0.07824	0.01616	0.00413	0.00573	0.02131	0.01005	0.00899
34	0.02236	0.14941	0.48902	0.02817	0.04272	0.02738	0.03564	0.03319	0.02219	0.03208	0.01828	0.02145	0.01342	0.00988	0.00951	0.00317	0.01492	0.00746	0.00447	0.01529
35	0.01568	0.01014	0.01176	0.01176	0.01176	0.01014	0.00669	0.01521	0.01521	0.02028	0.03180	0.06543	0.03640	0.56838	0.05255	0.07947	0.01014	0.01475	0.00622	0.00622
36	0.01782	0.00946	0.01386	0.01386	0.01402	0.00963	0.00929	0.01436	0.01420	0.01909	0.02055	0.03621	0.02083	0.09235	0.09002	0.57357	0.01095	0.00991	0.00484	0.00517
37	0.01971	0.00985	0.00985	0.00985	0.01232	0.00985	0.00739	0.02464	0.02217	0.03942	0.03449	0.03942	0.02710	0.01232	0.00739	0.00246	0.00493	0.00985	0.68712	0.00985
38	0.28030	0.02267	0.02715	0.06157	0.03151	0.02493	0.06113	0.13765	0.02765	0.14815	0.02296	0.02473	0.01642	0.01168	0.01110	0.00340	0.05580	0.00858	0.00827	0.01435
39	0.02827	0.63478	0.05540	0.01809	0.02714	0.04184	0.01809	0.03166	0.02148	0.02488	0.01470	0.01696	0.01357	0.00905	0.00678	0.00226	0.01131	0.00565	0.00452	0.01357
40	0.04744	0.01799	0.02454	0.01881	0.02699	0.01554	0.01554	0.05153	0.03026	0.56979	0.04171	0.03599	0.02617	0.01309	0.01063	0.00327	0.00900	0.01063	0.01309	0.01799
41	0.02524	0.02202	0.02458	0.02450	0.07342	0.02488	0.01746	0.05100	0.45850	0.04219	0.04585	0.04300	0.07073	0.01485	0.01086	0.00355	0.00851	0.01252	0.01020	0.01615
42	0.03467	0.03801	0.02789	0.02482	0.03077	0.32210	0.01902	0.09662	0.22253	0.03682	0.02717	0.02727	0.02099	0.01236	0.01009	0.00309	0.01434	0.00899	0.00794	0.01450
43	0.02941	0.02202	0.02400	0.02112	0.02742	0.02471	0.01656	0.05550	0.46774	0.12169	0.04284	0.03894	0.03138	0.01416	0.01074	0.00354	0.00846	0.01176	0.01110	0.01692
44	0.03563	0.02080	0.02836	0.02224	0.02918	0.02091	0.06748	0.17877	0.03215	0.24458	0.03218	0.03523	0.02362	0.06292	0.10971	0.00601	0.01396	0.01092	0.00991	0.01544
45	0.07741	0.02444	0.03120	0.14320	0.19226	0.07267	0.02337	0.10951	0.02825	0.11361	0.02393	0.02749	0.01784	0.01101	0.00996	0.00316	0.01195	0.00915	0.05466	0.01493

[dist]
# distance from previous block
# <min> <max>
0	9

[block]
# block no. 1 follows, 13 sequences, length 16
# corresponding to MSA columns:
# 592-607
name=unknown_B
#
# <colnr> <probs for GDERKNQSTAVLIFYWHMCP>
#	G	D	E	R	K	N	Q	S	T	A	V	L	I	F	Y	W	H	M	C	P
0	0.01969	0.01817	0.03032	0.54771	0.06800	0.02242	0.02820	0.02653	0.02144	0.02745	0.02232	0.03682	0.01852	0.01234	0.01095	0.00365	0.01368	0.05506	0.00518	0.01155
1	0.01538	0.01025	0.01153	0.01153	0.01153	0.01025	0.00641	0.01538	0.01538	0.02050	0.03331	0.06919	0.03844	0.62842	0.05382	0.01025	0.01025	0.01538	0.00641	0.00641
2	0.33269	0.02189	0.02830	0.02195	0.02991	0.02248	0.11155	0.07148	0.02514	0.20169	0.02476	0.02551	0.01716	0.01081	0.00917	0.00332	0.01051	0.00874	0.00854	0.01438
3	0.01543	0.01186	0.01565	0.01529	0.01696	0.01259	0.01140	0.01816	0.02195	0.03019	0.19605	0.15588	0.13322	0.06936	0.11283	0.05015	0.07717	0.01818	0.00856	0.00913
4	0.54691	0.01986	0.01768	0.01507	0.02201	0.02177	0.01242	0.03595	0.02092	0.17188	0.02115	0.02166	0.01496	0.01059	0.00752	0.00327	0.00837	0.00689	0.00810	0.01301
5	0.01288	0.00920	0.01227	0.01472	0.01534	0.00859	0.00981	0.01472	0.02024	0.02699	0.05828	0.62152	0.06993	0.03312	0.01350	0.00429	0.00613	0.03006	0.00981	0.00859
6	0.70310	0.02045	0.01554	0.01390	0.02045	0.02372	0.01145	0.03108	0.01799	0.04744	0.01472	0.01718	0.01145	0.00981	0.00654	0.00327	0.00818	0.00573	0.00654	0.01145
7	0.01629	0.01164	0.01618	0.01862	0.02073	0.01153	0.01574	0.02062	0.02360	0.03081	0.05639	0.20948	0.06248	0.02991	0.01440	0.00476	0.00909	0.40845	0.00975	0.00953
8	0.08317	0.02874	0.03361	0.02636	0.03432	0.10951	0.12433	0.13903	0.13783	0.04266	0.02505	0.02688	0.01904	0.01102	0.01014	0.00304	0.01254	0.00947	0.00779	0.11546
9	0.01440	0.01122	0.01697	0.01692	0.01883	0.01046	0.05349	0.01759	0.02295	0.03124	0.17393	0.44195	0.07246	0.02833	0.01316	0.00400	0.00685	0.02596	0.00987	0.00940
10	0.01568	0.01185	0.01576	0.09598	0.02335	0.01172	0.01222	0.02061	0.02719	0.03791	0.37175	0.07205	0.15049	0.02008	0.01180	0.00332	0.00633	0.01748	0.06435	0.01006
11	0.14123	0.01707	0.02087	0.01666	0.02369	0.01587	0.01364	0.04421	0.02715	0.40767	0.03653	0.03371	0.02411	0.01247	0.00951	0.00314	0.00823	0.00977	0.11873	0.01573
12	0.02418	0.02274	0.03833	0.05738	0.48054	0.02265	0.02906	0.02979	0.02350	0.03341	0.02564	0.11532	0.02471	0.01297	0.01092	0.00331	0.01160	0.01251	0.00592	0.01553
13	0.04019	0.02962	0.03173	0.02433	0.03279	0.03279	0.02010	0.52721	0.04971	0.06663	0.02538	0.02538	0.01798	0.01269	0.01058	0.00317	0.01163	0.00952	0.01058	0.01798
14	0.02827	0.63478	0.05540	0.01809	0.02714	0.04184	0.01809	0.03166	0.02148	0.02488	0.01470	0.01696	0.01357	0.00905	0.00678	0.00226	0.01131	0.00565	0.00452	0.01357
15	0.02594	0.02321	0.04685	0.03503	0.04339	0.02163	0.34397	0.03295	0.02507	0.10857	0.03187	0.11067	0.02808	0.01428	0.01253	0.00373	0.01442	0.05675	0.00738	0.01369

[dist]
# distance from previous block
# <min> <max>
0	1

[block]
# block no. 2 follows, 13 sequences, length 29
# corresponding to MSA columns:
# 609-637
name=unknown_C
#
# <colnr> <probs for GDERKNQSTAVLIFYWHMCP>
#	G	D	E	R	K	N	Q	S	T	A	V	L	I	F	Y	W	H	M	C	P
0	0.10287	0.02639	0.02749	0.02233	0.02978	0.02971	0.01810	0.32029	0.21057	0.05724	0.03017	0.02923	0.02207	0.01295	0.01023	0.00332	0.01020	0.00994	0.01023	0.01690
1	0.02630	0.02271	0.02391	0.02152	0.02749	0.02630	0.01674	0.05618	0.54336	0.04423	0.04303	0.03945	0.03228	0.01434	0.01076	0.00359	0.00837	0.01195	0.01076	0.01674
2	0.57925	0.02465	0.01835	0.01620	0.02274	0.09180	0.01310	0.06551	0.02155	0.04613	0.01563	0.01795	0.01215	0.01014	0.00717	0.00320	0.00972	0.00611	0.00668	0.01198
3	0.03950	0.05039	0.02996	0.02724	0.03269	0.58597	0.02043	0.04222	0.02996	0.02588	0.01634	0.01907	0.01362	0.01090	0.00953	0.00272	0.01907	0.00681	0.00545	0.01226
4	0.12692	0.02266	0.03036	0.02441	0.03044	0.02518	0.09909	0.10523	0.13154	0.08715	0.08399	0.03389	0.02851	0.01391	0.01435	0.00359	0.10490	0.01103	0.00856	0.01429
5	0.01888	0.01678	0.02309	0.11613	0.08352	0.01897	0.01796	0.02625	0.09227	0.03125	0.08391	0.15687	0.13495	0.02025	0.01544	0.00381	0.10337	0.01669	0.00797	0.01166
6	0.01521	0.01091	0.01485	0.01485	0.01600	0.01205	0.01055	0.01751	0.01636	0.02296	0.03028	0.05237	0.03114	0.29438	0.37787	0.01435	0.02124	0.01291	0.00595	0.00825
7	0.04658	0.02151	0.02513	0.01973	0.02761	0.07746	0.01607	0.05052	0.03023	0.51075	0.03896	0.03415	0.02481	0.01285	0.01051	0.00321	0.01009	0.01022	0.01226	0.01737
8	0.04019	0.02962	0.03173	0.02433	0.03279	0.03279	0.02010	0.52721	0.04971	0.06663	0.02538	0.02538	0.01798	0.01269	0.01058	0.00317	0.01163	0.00952	0.01058	0.01798
9	0.01510	0.01133	0.01699	0.01699	0.01888	0.01322	0.01322	0.01888	0.01699	0.02454	0.02832	0.04154	0.02643	0.07930	0.58652	0.01699	0.02832	0.01133	0.00566	0.00944
10	0.02758	0.01360	0.01818	0.01544	0.02015	0.01214	0.01214	0.03222	0.03006	0.24734	0.35669	0.06227	0.07117	0.01830	0.01176	0.00330	0.00655	0.01582	0.01220	0.01309
11	0.01499	0.01084	0.01460	0.01686	0.01863	0.01046	0.01339	0.01845	0.02264	0.02950	0.06081	0.32380	0.10238	0.03063	0.01399	0.00453	0.00793	0.26659	0.00977	0.00920
12	0.02397	0.02431	0.04564	0.21647	0.26224	0.02514	0.18332	0.03129	0.02349	0.03213	0.02003	0.02749	0.01575	0.00960	0.01112	0.00338	0.01464	0.01036	0.00511	0.01451
13	0.03900	0.02902	0.03106	0.02409	0.03233	0.03223	0.01981	0.48680	0.09207	0.06471	0.02690	0.02659	0.01921	0.01283	0.01059	0.00321	0.01135	0.00973	0.01059	0.01787
14	0.14303	0.04353	0.02787	0.02517	0.03037	0.45390	0.01922	0.03915	0.02700	0.02925	0.01589	0.01909	0.01330	0.01132	0.01103	0.00296	0.06346	0.00683	0.00556	0.01208
15	0.02716	0.51027	0.11237	0.02209	0.03201	0.03843	0.07173	0.03208	0.02193	0.02672	0.01584	0.01872	0.01380	0.00914	0.00772	0.00251	0.01244	0.00658	0.00460	0.01386
16	0.01288	0.00920	0.01227	0.01472	0.01534	0.00859	0.00981	0.01472	0.02024	0.02699	0.05828	0.62152	0.06993	0.03312	0.01350	0.00429	0.00613	0.03006	0.00981	0.00859
17	0.01679	0.01321	0.01669	0.06382	0.02215	0.01339	0.01240	0.02535	0.10360	0.03997	0.39092	0.07125	0.12924	0.02015	0.01206	0.00341	0.00628	0.01758	0.01074	0.01101
18	0.01564	0.01055	0.01240	0.01279	0.01317	0.01055	0.00809	0.01641	0.01679	0.02226	0.03689	0.07710	0.04198	0.53378	0.04762	0.00940	0.01017	0.09055	0.00693	0.00693
19	0.02733	0.01723	0.02056	0.01773	0.02293	0.01762	0.01392	0.07195	0.18411	0.16305	0.25250	0.05395	0.05765	0.01694	0.01142	0.00338	0.00734	0.01444	0.01163	0.01433
20	0.01538	0.01025	0.01153	0.01153	0.01153	0.01025	0.00641	0.01538	0.01538	0.02050	0.03331	0.06919	0.03844	0.62842	0.05382	0.01025	0.01025	0.01538	0.00641	0.00641
21	0.02846	0.02379	0.02513	0.02196	0.02832	0.02731	0.01726	0.12962	0.46640	0.04772	0.04028	0.03726	0.03005	0.01409	0.01073	0.00352	0.00888	0.01157	0.01073	0.01693
22	0.04744	0.01799	0.02454	0.01881	0.02699	0.01554	0.01554	0.05153	0.03026	0.56979	0.04171	0.03599	0.02617	0.01309	0.01063	0.00327	0.00900	0.01063	0.01309	0.01799
23	0.02192	0.01879	0.02192	0.01566	0.02506	0.01409	0.01253	0.02662	0.02192	0.03445	0.01879	0.02192	0.01566	0.00783	0.00783	0.00157	0.00783	0.00626	0.00626	0.69305
24	0.01509	0.01127	0.01668	0.01659	0.01855	0.01286	0.01286	0.01900	0.01840	0.02648	0.08570	0.04560	0.03439	0.07304	0.52421	0.01551	0.02579	0.01217	0.00631	0.00950
25	0.18105	0.07872	0.02842	0.02130	0.02843	0.08549	0.01775	0.27335	0.03567	0.05100	0.02457	0.03244	0.02040	0.01337	0.00971	0.00326	0.01140	0.06039	0.00858	0.01471
26	0.14085	0.06780	0.02634	0.13055	0.07360	0.02397	0.01845	0.03716	0.19648	0.03904	0.10773	0.03673	0.03289	0.01317	0.00992	0.00334	0.00944	0.01080	0.00812	0.01361
27	0.07478	0.07543	0.13102	0.03734	0.21278	0.02319	0.06134	0.03267	0.02335	0.08823	0.02410	0.07020	0.02038	0.01153	0.00999	0.00312	0.01182	0.01022	0.00638	0.07211
28	0.09382	0.03035	0.20870	0.02095	0.02974	0.02089	0.02179	0.06917	0.10713	0.08133	0.06359	0.03276	0.02583	0.01231	0.00955	0.00319	0.01024	0.00973	0.13468	0.01426

[dist]
# distance from previous block
# <min> <max>
3	19

[block]
# block no. 3 follows, 13 sequences, length 52
# corresponding to MSA columns:
# 657-708
name=unknown_D
#
# <colnr> <probs for GDERKNQSTAVLIFYWHMCP>
#	G	D	E	R	K	N	Q	S	T	A	V	L	I	F	Y	W	H	M	C	P
0	0.12356	0.08341	0.27368	0.02322	0.03418	0.02388	0.02575	0.07773	0.02592	0.12569	0.06484	0.02815	0.02244	0.01157	0.00963	0.00322	0.01197	0.00885	0.00726	0.01502
1	0.19515	0.03086	0.06851	0.03342	0.17392	0.12417	0.02240	0.10121	0.08225	0.04133	0.02113	0.02377	0.01648	0.01077	0.00936	0.00317	0.01228	0.00823	0.00682	0.01475
2	0.03229	0.02221	0.02514	0.02095	0.02740	0.02385	0.01702	0.23923	0.15155	0.12175	0.10936	0.04650	0.03790	0.01596	0.01128	0.00346	0.00944	0.05790	0.01102	0.01578
3	0.09510	0.01964	0.02348	0.02073	0.08190	0.01630	0.01454	0.02772	0.02173	0.03585	0.01847	0.02187	0.01533	0.00821	0.00797	0.00192	0.00837	0.00654	0.00618	0.54814
4	0.02074	0.01530	0.01996	0.01774	0.02071	0.01628	0.01376	0.02384	0.02229	0.08796	0.12975	0.16440	0.09021	0.05298	0.01955	0.00399	0.15550	0.01639	0.00855	0.10010
5	0.02306	0.01771	0.02224	0.12056	0.03184	0.01722	0.01585	0.07598	0.06620	0.07336	0.06951	0.10174	0.08645	0.01522	0.01039	0.00296	0.00881	0.01292	0.00831	0.21968
6	0.12800	0.02334	0.08379	0.02210	0.02711	0.02304	0.04925	0.08118	0.02242	0.07272	0.02085	0.02656	0.01685	0.01691	0.02060	0.10930	0.16320	0.00894	0.07181	0.01204
7	0.01912	0.02115	0.08015	0.02113	0.02442	0.06315	0.01831	0.02346	0.01844	0.02576	0.02380	0.03443	0.02179	0.05565	0.38093	0.01220	0.12985	0.01023	0.00533	0.01070
8	0.02800	0.27866	0.18158	0.06325	0.08235	0.06729	0.02585	0.09735	0.02612	0.03359	0.01801	0.02107	0.01441	0.01002	0.00885	0.00284	0.01323	0.00735	0.00543	0.01476
9	0.13755	0.01975	0.03043	0.07265	0.08951	0.01933	0.12215	0.02978	0.02438	0.08349	0.12419	0.04000	0.06484	0.01291	0.01046	0.00319	0.01041	0.01177	0.00768	0.08554
10	0.08300	0.27309	0.12687	0.06438	0.03559	0.03142	0.06103	0.08676	0.02554	0.09146	0.02021	0.02246	0.01542	0.01018	0.00881	0.00291	0.01224	0.00774	0.00631	0.01459
11	0.02949	0.07230	0.09460	0.02173	0.02808	0.07361	0.04501	0.03394	0.02424	0.18332	0.03366	0.10324	0.03009	0.08153	0.01700	0.00424	0.04847	0.05385	0.00833	0.01325
12	0.03669	0.01593	0.02188	0.01905	0.02519	0.01435	0.01607	0.04105	0.02817	0.37945	0.04676	0.06544	0.03844	0.01879	0.01204	0.00384	0.00926	0.18064	0.01190	0.01507
13	0.01914	0.01634	0.02382	0.08683	0.08489	0.01905	0.01904	0.02583	0.07009	0.02918	0.03250	0.09768	0.03179	0.03791	0.19248	0.00807	0.10240	0.08466	0.00683	0.01145
14	0.02740	0.18224	0.07256	0.16754	0.04310	0.07734	0.07594	0.03741	0.11366	0.06831	0.02363	0.02671	0.01808	0.01083	0.00972	0.00312	0.01296	0.00898	0.00641	0.01406
15	0.01538	0.01025	0.01153	0.01153	0.01153	0.01025	0.00641	0.01538	0.01538	0.02050	0.03331	0.06919	0.03844	0.62842	0.05382	0.01025	0.01025	0.01538	0.00641	0.00641
16	0.01597	0.01301	0.01281	0.01281	0.01528	0.04781	0.00911	0.01877	0.02345	0.03046	0.15192	0.14888	0.24532	0.11483	0.01811	0.00446	0.00700	0.01938	0.08163	0.00900
17	0.02730	0.03798	0.22749	0.06922	0.10718	0.12237	0.02779	0.03716	0.07523	0.08013	0.06480	0.02989	0.02357	0.01173	0.01035	0.00324	0.01363	0.00947	0.00667	0.01479
18	0.02892	0.02567	0.03493	0.15045	0.29445	0.09051	0.02664	0.06440	0.02624	0.08087	0.02241	0.02733	0.01742	0.01051	0.01020	0.00313	0.01278	0.00924	0.04885	0.01503
19	0.02313	0.02313	0.03238	0.02776	0.02776	0.03238	0.02313	0.02545	0.01619	0.02545	0.01388	0.02313	0.01388	0.01851	0.03470	0.00463	0.60907	0.00925	0.00463	0.01157
20	0.70310	0.02045	0.01554	0.01390	0.02045	0.02372	0.01145	0.03108	0.01799	0.04744	0.01472	0.01718	0.01145	0.00981	0.00654	0.00327	0.00818	0.00573	0.00654	0.01145
21	0.01317	0.00941	0.01260	0.01505	0.01579	0.00884	0.01032	0.01522	0.02053	0.02731	0.05812	0.58652	0.06930	0.03285	0.01357	0.00433	0.00639	0.06220	0.00981	0.00867
22	0.18909	0.01852	0.02259	0.01775	0.02558	0.01731	0.01466	0.04711	0.02761	0.45694	0.03588	0.03192	0.02299	0.01238	0.00975	0.00327	0.00882	0.00957	0.01167	0.01658
23	0.01986	0.01189	0.01570	0.01413	0.01748	0.01082	0.01082	0.02471	0.02998	0.12190	0.47922	0.07250	0.08867	0.02033	0.01219	0.00332	0.00559	0.01784	0.01186	0.01118
24	0.02161	0.02047	0.03469	0.46016	0.20280	0.02392	0.03018	0.02846	0.02192	0.02901	0.01908	0.02765	0.01480	0.01027	0.01054	0.00342	0.01369	0.00940	0.00484	0.01307
25	0.04388	0.01909	0.02593	0.08161	0.03238	0.01789	0.01741	0.09021	0.03098	0.46820	0.03785	0.03423	0.02417	0.01278	0.01062	0.00329	0.00977	0.01040	0.01197	0.01733
26	0.01502	0.01073	0.01379	0.01307	0.01524	0.01001	0.00951	0.01935	0.02802	0.03953	0.48833	0.07770	0.09173	0.10107	0.01788	0.00423	0.00568	0.01863	0.01095	0.00951
27	0.55724	0.01819	0.01433	0.01304	0.01871	0.02076	0.01058	0.02970	0.01889	0.04573	0.01894	0.02192	0.01479	0.01035	0.00672	0.00310	0.00748	0.00661	0.15180	0.01111
28	0.01353	0.01020	0.01251	0.01310	0.01521	0.00918	0.00938	0.01674	0.02481	0.03299	0.25190	0.28230	0.21520	0.02722	0.01285	0.00374	0.00551	0.02397	0.01047	0.00918
29	0.01608	0.01317	0.01996	0.16984	0.07283	0.01394	0.01664	0.02012	0.02235	0.03009	0.12630	0.33407	0.05627	0.02360	0.01234	0.00385	0.00850	0.02135	0.00844	0.01026
30	0.01496	0.01081	0.01413	0.01330	0.01580	0.00998	0.00998	0.01995	0.02993	0.04240	0.55689	0.07898	0.09976	0.02162	0.01247	0.00333	0.00499	0.01912	0.01164	0.00998
31	0.08228	0.27614	0.18558	0.02538	0.07056	0.09056	0.02429	0.03484	0.02321	0.07222	0.01850	0.02079	0.01457	0.00991	0.00850	0.00282	0.01296	0.00702	0.00548	0.01439
32	0.02827	0.63478	0.05540	0.01809	0.02714	0.04184	0.01809	0.03166	0.02148	0.02488	0.01470	0.01696	0.01357	0.00905	0.00678	0.00226	0.01131	0.00565	0.00452	0.01357
33	0.04448	0.01713	0.02297	0.01786	0.02543	0.01493	0.01467	0.04866	0.02940	0.51321	0.04094	0.03635	0.02627	0.01300	0.01029	0.00319	0.00856	0.01055	0.08499	0.01713
34	0.03149	0.02238	0.08155	0.18275	0.13040	0.01971	0.02390	0.03759	0.02600	0.24240	0.06987	0.03429	0.02587	0.01217	0.01067	0.00333	0.01128	0.01049	0.00859	0.01527
35	0.02736	0.03488	0.29035	0.02377	0.03434	0.01982	0.02630	0.03711	0.05709	0.17716	0.08467	0.03457	0.02820	0.01775	0.05541	0.00440	0.01327	0.01030	0.00801	0.01524
36	0.04744	0.01799	0.02454	0.01881	0.02699	0.01554	0.01554	0.05153	0.03026	0.56979	0.04171	0.03599	0.02617	0.01309	0.01063	0.00327	0.00900	0.01063	0.01309	0.01799
37	0.01664	0.01322	0.01844	0.01759	0.01866	0.01598	0.01332	0.01920	0.01644	0.02369	0.02693	0.04512	0.02715	0.20616	0.35167	0.01304	0.13006	0.01197	0.00566	0.00907
38	0.02370	0.03103	0.21072	0.19976	0.08991	0.02230	0.07254	0.03190	0.02262	0.08796	0.02263	0.02839	0.01685	0.01777	0.07205	0.00485	0.01578	0.00948	0.00572	0.01405
39	0.02332	0.02192	0.10366	0.02215	0.07130	0.01712	0.01801	0.03353	0.12198	0.11658	0.16865	0.05665	0.14667	0.01722	0.01135	0.00340	0.00854	0.01462	0.00969	0.01365
40	0.04242	0.02604	0.02952	0.02263	0.03101	0.02749	0.01870	0.38105	0.04374	0.22123	0.03040	0.02864	0.02050	0.01281	0.01059	0.00320	0.01082	0.00986	0.01135	0.01798
41	0.09282	0.01645	0.01816	0.01720	0.02131	0.01787	0.01332	0.03496	0.22807	0.04132	0.21048	0.11229	0.05800	0.01922	0.01144	0.00364	0.00714	0.05329	0.01042	0.01262
42	0.03752	0.02164	0.03508	0.03786	0.21936	0.02012	0.07581	0.04290	0.02751	0.32330	0.03183	0.03172	0.02176	0.01134	0.01077	0.00326	0.01120	0.01040	0.00948	0.01715
43	0.02809	0.06928	0.03297	0.11371	0.03605	0.20461	0.02291	0.03131	0.02157	0.02578	0.01544	0.02224	0.01381	0.01434	0.02145	0.00372	0.29761	0.00829	0.00489	0.01193
44	0.70310	0.02045	0.01554	0.01390	0.02045	0.02372	0.01145	0.03108	0.01799	0.04744	0.01472	0.01718	0.01145	0.00981	0.00654	0.00327	0.00818	0.00573	0.00654	0.01145
45	0.39261	0.01929	0.01980	0.01623	0.02355	0.01985	0.01339	0.04076	0.02380	0.29480	0.02750	0.02608	0.01842	0.01136	0.00848	0.00327	0.00857	0.00805	0.00964	0.01455
46	0.01841	0.01616	0.02502	0.23070	0.13272	0.01731	0.02057	0.02406	0.02504	0.03379	0.21381	0.05456	0.11336	0.01621	0.01145	0.00339	0.00960	0.01437	0.00782	0.01167
47	0.34178	0.02584	0.02271	0.01857	0.02600	0.07913	0.01507	0.18047	0.02924	0.04925	0.01867	0.02051	0.01423	0.01050	0.00823	0.00294	0.01021	0.00705	0.00761	0.11200
48	0.01883	0.01235	0.01597	0.01408	0.01786	0.01095	0.01078	0.02370	0.02911	0.09228	0.44989	0.06875	0.08371	0.01932	0.01180	0.00313	0.00568	0.01693	0.01120	0.08367
49	0.02448	0.01464	0.02238	0.11649	0.03087	0.01432	0.04894	0.02855	0.02428	0.17677	0.08796	0.27563	0.04762	0.02126	0.01207	0.00375	0.00893	0.01917	0.00971	0.01218
50	0.02654	0.02572	0.15548	0.01964	0.02853	0.01650	0.01914	0.03235	0.02286	0.16075	0.02683	0.03234	0.02111	0.08276	0.06962	0.00482	0.01224	0.00915	0.00743	0.22619
51	0.02449	0.07920	0.02619	0.01682	0.02608	0.01876	0.01387	0.08055	0.02485	0.03697	0.01910	0.02182	0.01571	0.00847	0.00802	0.00180	0.00857	0.00655	0.00656	0.55563

[dist]
# distance from previous block
# <min> <max>
4	13

[block]
# block no. 4 follows, 13 sequences, length 23
# corresponding to MSA columns:
# 723-745
name=unknown_E
#
# <colnr> <probs for GDERKNQSTAVLIFYWHMCP>
#	G	D	E	R	K	N	Q	S	T	A	V	L	I	F	Y	W	H	M	C	P
0	0.24473	0.02388	0.06864	0.08399	0.03350	0.02318	0.05775	0.03798	0.15102	0.07025	0.02501	0.02677	0.01870	0.01095	0.00914	0.00323	0.01023	0.00871	0.00747	0.08487
1	0.09198	0.03010	0.15676	0.02231	0.03089	0.02444	0.02130	0.14617	0.15958	0.09946	0.02974	0.03257	0.02261	0.06886	0.01410	0.00399	0.01105	0.01002	0.00865	0.01543
2	0.02758	0.02491	0.09455	0.02963	0.03790	0.02069	0.21675	0.07207	0.02665	0.14240	0.03377	0.16156	0.02999	0.01557	0.01193	0.00362	0.01272	0.01531	0.00822	0.01418
3	0.09298	0.01872	0.02074	0.07168	0.02749	0.02105	0.01529	0.04025	0.29385	0.04155	0.15470	0.04885	0.07776	0.01594	0.01079	0.00349	0.00794	0.01332	0.00989	0.01373
4	0.01455	0.01081	0.01342	0.01325	0.01587	0.01000	0.01009	0.01798	0.02537	0.03379	0.28633	0.08356	0.23894	0.02958	0.06004	0.05328	0.00763	0.05643	0.00991	0.00918
5	0.04300	0.02511	0.02894	0.02219	0.03054	0.02609	0.01833	0.34260	0.04216	0.26190	0.03172	0.02950	0.02116	0.01285	0.01060	0.00321	0.01061	0.00995	0.01155	0.01799
6	0.02121	0.05469	0.57364	0.03014	0.04576	0.02455	0.03906	0.03348	0.02232	0.03348	0.01897	0.02232	0.01339	0.01005	0.01005	0.00335	0.01563	0.00781	0.00446	0.01563
7	0.01456	0.01079	0.01357	0.01287	0.01554	0.00980	0.00965	0.01916	0.02896	0.04011	0.48231	0.08276	0.17577	0.02247	0.01247	0.00337	0.00505	0.01965	0.01134	0.00980
8	0.02413	0.03251	0.22218	0.03126	0.11792	0.05003	0.06130	0.03140	0.02424	0.09103	0.06807	0.13705	0.03204	0.01526	0.01112	0.00346	0.01227	0.01349	0.00713	0.01410
9	0.01288	0.00920	0.01227	0.01472	0.01534	0.00859	0.00981	0.01472	0.02024	0.02699	0.05828	0.62152	0.06993	0.03312	0.01350	0.00429	0.00613	0.03006	0.00981	0.00859
10	0.01510	0.01133	0.01699	0.01699	0.01888	0.01322	0.01322	0.01888	0.01699	0.02454	0.02832	0.04154	0.02643	0.07930	0.58652	0.01699	0.02832	0.01133	0.00566	0.00944
11	0.70310	0.02045	0.01554	0.01390	0.02045	0.02372	0.01145	0.03108	0.01799	0.04744	0.01472	0.01718	0.01145	0.00981	0.00654	0.00327	0.00818	0.00573	0.00654	0.01145
12	0.02775	0.59253	0.09315	0.01897	0.02849	0.04058	0.01962	0.03179	0.02154	0.02550	0.01501	0.01735	0.01356	0.00912	0.00702	0.00234	0.01162	0.00581	0.00452	0.01372
13	0.01567	0.01067	0.01349	0.01279	0.01528	0.00996	0.00959	0.02065	0.02877	0.04195	0.47872	0.07306	0.08889	0.02022	0.01171	0.00320	0.00498	0.01773	0.11271	0.00996
14	0.01564	0.01558	0.07494	0.01513	0.01905	0.01156	0.01314	0.02142	0.02910	0.04143	0.49843	0.07282	0.09038	0.02036	0.01221	0.00333	0.00614	0.01789	0.01086	0.01059
15	0.01332	0.00951	0.01277	0.01522	0.01602	0.00896	0.01057	0.01547	0.02067	0.02748	0.05804	0.56909	0.06898	0.03272	0.01361	0.00435	0.00651	0.07821	0.00981	0.00871
16	0.01997	0.01879	0.03171	0.60301	0.07282	0.02349	0.02936	0.02701	0.02114	0.02701	0.01879	0.02819	0.01409	0.01057	0.01057	0.00352	0.01409	0.00940	0.00470	0.01175
17	0.01528	0.01063	0.01345	0.01345	0.01412	0.01129	0.00880	0.01661	0.01594	0.02192	0.03156	0.05945	0.03421	0.43508	0.24137	0.01262	0.01661	0.01395	0.00615	0.00747
18	0.01463	0.01073	0.01399	0.01354	0.01593	0.01009	0.01011	0.01909	0.02757	0.03853	0.43603	0.11704	0.12730	0.02817	0.06533	0.00467	0.00725	0.01946	0.01081	0.00974
19	0.03806	0.03427	0.09046	0.02523	0.03419	0.08314	0.02219	0.42863	0.04491	0.05926	0.02385	0.02447	0.01708	0.01224	0.01042	0.00315	0.01276	0.00908	0.00944	0.01719
20	0.38974	0.08951	0.07966	0.05498	0.02704	0.02376	0.01615	0.03158	0.01993	0.08810	0.01964	0.02494	0.01590	0.06699	0.01192	0.00383	0.00995	0.00752	0.00658	0.01228
21	0.03589	0.16284	0.03495	0.02226	0.02956	0.07515	0.01885	0.20552	0.08111	0.13595	0.02571	0.02595	0.01903	0.01249	0.01189	0.00312	0.06632	0.00884	0.00873	0.01584
22	0.02141	0.11163	0.02323	0.01645	0.02022	0.01851	0.01302	0.02744	0.07719	0.07800	0.08508	0.04581	0.03483	0.14818	0.22308	0.00930	0.01598	0.01198	0.00748	0.01118

[dist]
# distance from previous block
# <min> <max>
0	6

[block]
# block no. 5 follows, 13 sequences, length 12
# corresponding to MSA columns:
# 752-763
name=unknown_F
#
# <colnr> <probs for GDERKNQSTAVLIFYWHMCP>
#	G	D	E	R	K	N	Q	S	T	A	V	L	I	F	Y	W	H	M	C	P
0	0.09786	0.11925	0.20279	0.02803	0.07180	0.02756	0.07475	0.10511	0.05386	0.03932	0.02043	0.02323	0.01556	0.01016	0.00942	0.00304	0.01264	0.00820	0.00620	0.07078
1	0.47073	0.02101	0.01976	0.01945	0.06647	0.02322	0.01411	0.03462	0.10047	0.04451	0.01997	0.02187	0.01556	0.01028	0.00765	0.00313	0.00853	0.00705	0.00706	0.08455
2	0.02456	0.10353	0.02549	0.01714	0.02341	0.02001	0.01387	0.07578	0.06693	0.07411	0.06190	0.03592	0.02748	0.08682	0.10339	0.00554	0.01205	0.00989	0.00758	0.20460
3	0.01649	0.01176	0.01562	0.10431	0.02265	0.01288	0.01148	0.01888	0.01732	0.02434	0.03015	0.05396	0.03098	0.35388	0.15249	0.00978	0.01403	0.01303	0.07774	0.00823
4	0.01320	0.00964	0.01289	0.01478	0.01581	0.00933	0.01021	0.01540	0.02002	0.02673	0.05724	0.49299	0.09933	0.03982	0.10238	0.00621	0.00952	0.02658	0.00917	0.00875
5	0.02540	0.01589	0.01927	0.01534	0.02216	0.01294	0.01200	0.02956	0.02339	0.14289	0.03178	0.12031	0.02782	0.01345	0.00922	0.00246	0.00740	0.01135	0.10332	0.35403
6	0.43362	0.11983	0.02545	0.07851	0.02872	0.10506	0.01562	0.03230	0.02054	0.03877	0.01537	0.01857	0.01236	0.00993	0.00742	0.00306	0.01081	0.00625	0.00588	0.01192
7	0.01536	0.01116	0.01674	0.01674	0.01848	0.01290	0.01290	0.01848	0.01674	0.02406	0.02754	0.04080	0.02580	0.07595	0.54363	0.07012	0.02682	0.01116	0.00558	0.00906
8	0.02599	0.13278	0.26448	0.02844	0.03994	0.02885	0.10413	0.09758	0.10543	0.03793	0.02314	0.02543	0.01727	0.01070	0.01008	0.00323	0.01369	0.00903	0.00632	0.01556
9	0.03430	0.07307	0.07825	0.01913	0.02851	0.01922	0.01725	0.07195	0.02730	0.26011	0.02853	0.02768	0.01984	0.01067	0.00931	0.00261	0.00959	0.00841	0.00910	0.24516
10	0.01692	0.01643	0.06786	0.01618	0.02020	0.01348	0.01364	0.02574	0.09993	0.04021	0.38258	0.12470	0.07911	0.02071	0.01211	0.00346	0.00658	0.01820	0.01065	0.01131
11	0.02403	0.03162	0.21865	0.10344	0.03936	0.01990	0.02477	0.03303	0.05072	0.08388	0.02231	0.02520	0.01652	0.00984	0.00942	0.00274	0.01160	0.00796	0.00629	0.25873

[dist]
# distance from previous block
# <min> <max>
2	11

[block]
# block no. 6 follows, 13 sequences, length 113
# corresponding to MSA columns:
# 776-888
name=unknown_G
#
# <colnr> <probs for GDERKNQSTAVLIFYWHMCP>
#	G	D	E	R	K	N	Q	S	T	A	V	L	I	F	Y	W	H	M	C	P
0	0.02900	0.06039	0.03139	0.02539	0.08051	0.02198	0.05835	0.10450	0.02780	0.11730	0.06219	0.02940	0.02357	0.01145	0.01159	0.00277	0.05543	0.00932	0.00789	0.22978
1	0.01593	0.01269	0.01735	0.12505	0.02713	0.01322	0.01393	0.02202	0.06251	0.03401	0.23591	0.23192	0.10198	0.02284	0.01230	0.00369	0.00732	0.02029	0.00959	0.01031
2	0.03563	0.02780	0.02732	0.02199	0.02897	0.08193	0.01776	0.35967	0.08254	0.05641	0.02742	0.02822	0.02021	0.01259	0.00996	0.00305	0.01098	0.00951	0.12206	0.01598
3	0.01515	0.01115	0.01609	0.01609	0.01767	0.01273	0.01210	0.01830	0.01673	0.02388	0.02914	0.04609	0.02841	0.16968	0.49884	0.01588	0.02535	0.01199	0.00579	0.00894
4	0.70310	0.02045	0.01554	0.01390	0.02045	0.02372	0.01145	0.03108	0.01799	0.04744	0.01472	0.01718	0.01145	0.00981	0.00654	0.00327	0.00818	0.00573	0.00654	0.01145
5	0.01282	0.00945	0.01202	0.01407	0.01516	0.00864	0.00952	0.01480	0.02087	0.02725	0.06622	0.53696	0.14936	0.03209	0.01333	0.00418	0.00601	0.02880	0.00982	0.00864
6	0.02299	0.02610	0.08535	0.16923	0.10225	0.02435	0.24485	0.03290	0.06698	0.03384	0.06346	0.03253	0.02324	0.01085	0.01152	0.00348	0.01453	0.01159	0.00605	0.01390
7	0.01997	0.01879	0.03171	0.60301	0.07282	0.02349	0.02936	0.02701	0.02114	0.02701	0.01879	0.02819	0.01409	0.01057	0.01057	0.00352	0.01409	0.00940	0.00470	0.01175
8	0.01635	0.01024	0.01366	0.01489	0.01647	0.00943	0.01036	0.01886	0.02259	0.07889	0.13023	0.48804	0.07033	0.02960	0.01308	0.00406	0.00623	0.02667	0.01038	0.00965
9	0.02827	0.63478	0.05540	0.01809	0.02714	0.04184	0.01809	0.03166	0.02148	0.02488	0.01470	0.01696	0.01357	0.00905	0.00678	0.00226	0.01131	0.00565	0.00452	0.01357
10	0.02313	0.02313	0.03238	0.02776	0.02776	0.03238	0.02313	0.02545	0.01619	0.02545	0.01388	0.02313	0.01388	0.01851	0.03470	0.00463	0.60907	0.00925	0.00463	0.01157
11	0.04476	0.01721	0.02312	0.01795	0.02557	0.01499	0.01475	0.04893	0.02948	0.51853	0.04101	0.03632	0.02626	0.01301	0.01032	0.00319	0.00860	0.01056	0.07822	0.01721
12	0.01496	0.01081	0.01413	0.01330	0.01580	0.00998	0.00998	0.01995	0.02993	0.04240	0.55689	0.07898	0.09976	0.02162	0.01247	0.00333	0.00499	0.01912	0.01164	0.00998
13	0.70310	0.02045	0.01554	0.01390	0.02045	0.02372	0.01145	0.03108	0.01799	0.04744	0.01472	0.01718	0.01145	0.00981	0.00654	0.00327	0.00818	0.00573	0.00654	0.01145
14	0.03950	0.05039	0.02996	0.02724	0.03269	0.58597	0.02043	0.04222	0.02996	0.02588	0.01634	0.01907	0.01362	0.01090	0.00953	0.00272	0.01907	0.00681	0.00545	0.01226
15	0.01909	0.01307	0.01634	0.01491	0.01834	0.01275	0.01137	0.02758	0.10367	0.08324	0.44347	0.07000	0.08441	0.01992	0.01208	0.00336	0.00578	0.01744	0.01162	0.01156
16	0.02429	0.02198	0.02803	0.02246	0.02714	0.02492	0.01849	0.07442	0.02178	0.03312	0.01701	0.02285	0.01501	0.01356	0.02134	0.00323	0.30464	0.00805	0.00587	0.29181
17	0.02920	0.37092	0.16736	0.02289	0.03262	0.16092	0.02338	0.03446	0.02359	0.02706	0.01604	0.01865	0.01354	0.00969	0.00815	0.00261	0.01404	0.00641	0.00472	0.01374
18	0.01288	0.00920	0.01227	0.01472	0.01534	0.00859	0.00981	0.01472	0.02024	0.02699	0.05828	0.62152	0.06993	0.03312	0.01350	0.00429	0.00613	0.03006	0.00981	0.00859
19	0.07677	0.01430	0.05236	0.01457	0.01810	0.01154	0.01195	0.01832	0.02203	0.03032	0.07034	0.27948	0.25014	0.02655	0.01232	0.00390	0.00699	0.06131	0.00913	0.00958
20	0.02517	0.03708	0.28211	0.03697	0.19156	0.02226	0.03082	0.03376	0.02350	0.08298	0.02129	0.02463	0.01590	0.00979	0.00987	0.00300	0.01290	0.00830	0.00576	0.12234
21	0.03225	0.02275	0.03364	0.02643	0.03423	0.02321	0.14228	0.04926	0.26212	0.19795	0.03727	0.03571	0.02643	0.01262	0.01115	0.00349	0.01090	0.01169	0.01011	0.01650
22	0.01496	0.01081	0.01413	0.01330	0.01580	0.00998	0.00998	0.01995	0.02993	0.04240	0.55689	0.07898	0.09976	0.02162	0.01247	0.00333	0.00499	0.01912	0.01164	0.00998
23	0.02555	0.26791	0.29814	0.02831	0.08055	0.07105	0.02938	0.03334	0.02270	0.02982	0.01727	0.02041	0.01375	0.00968	0.00883	0.00288	0.01401	0.00707	0.00462	0.01471
24	0.01510	0.01133	0.01699	0.01699	0.01888	0.01322	0.01322	0.01888	0.01699	0.02454	0.02832	0.04154	0.02643	0.07930	0.58652	0.01699	0.02832	0.01133	0.00566	0.00944
25	0.01342	0.01081	0.01209	0.01263	0.01568	0.00948	0.00974	0.01652	0.02420	0.02988	0.12630	0.15042	0.40332	0.02738	0.01292	0.00382	0.00609	0.09630	0.00993	0.00910
26	0.03085	0.02358	0.07695	0.02174	0.02879	0.02171	0.01921	0.11946	0.18907	0.16386	0.04038	0.05166	0.03286	0.01652	0.01144	0.00370	0.01001	0.11213	0.01044	0.01563
27	0.17777	0.02422	0.03080	0.17492	0.19808	0.06583	0.02381	0.07391	0.02506	0.08017	0.02041	0.02487	0.01555	0.01046	0.00958	0.00324	0.01209	0.00851	0.00647	0.01423
28	0.02511	0.01407	0.01735	0.01576	0.01921	0.01357	0.01190	0.06683	0.02476	0.15912	0.07653	0.06925	0.07490	0.24938	0.02785	0.00620	0.00933	0.09833	0.00947	0.01108
29	0.02167	0.01805	0.01989	0.01917	0.02330	0.02019	0.01435	0.04189	0.36299	0.03829	0.04829	0.24014	0.04526	0.02082	0.01170	0.00383	0.00760	0.01820	0.01043	0.01393
30	0.70310	0.02045	0.01554	0.01390	0.02045	0.02372	0.01145	0.03108	0.01799	0.04744	0.01472	0.01718	0.01145	0.00981	0.00654	0.00327	0.00818	0.00573	0.00654	0.01145
31	0.01564	0.01036	0.01263	0.01323	0.01366	0.01031	0.00858	0.01619	0.01707	0.02263	0.03787	0.12439	0.04314	0.43405	0.04309	0.06406	0.00971	0.08935	0.00708	0.00697
32	0.02313	0.02313	0.03238	0.02776	0.02776	0.03238	0.02313	0.02545	0.01619	0.02545	0.01388	0.02313	0.01388	0.01851	0.03470	0.00463	0.60907	0.00925	0.00463	0.01157
33	0.02185	0.10773	0.52626	0.02903	0.04406	0.02613	0.03715	0.03332	0.02225	0.03270	0.01858	0.02183	0.01341	0.00995	0.00975	0.00325	0.01523	0.00762	0.00447	0.01544
34	0.01538	0.01025	0.01153	0.01153	0.01153	0.01025	0.00641	0.01538	0.01538	0.02050	0.03331	0.06919	0.03844	0.62842	0.05382	0.01025	0.01025	0.01538	0.00641	0.00641
35	0.04691	0.01884	0.02506	0.01922	0.02741	0.01680	0.01587	0.08633	0.03169	0.53297	0.04052	0.03521	0.02557	0.01306	0.01063	0.00326	0.00919	0.01055	0.01290	0.01799
36	0.02121	0.05469	0.57364	0.03014	0.04576	0.02455	0.03906	0.03348	0.02232	0.03348	0.01897	0.02232	0.01339	0.01005	0.01005	0.00335	0.01563	0.00781	0.00446	0.01563
37	0.01538	0.01025	0.01153	0.01153	0.01153	0.01025	0.00641	0.01538	0.01538	0.02050	0.03331	0.06919	0.03844	0.62842	0.05382	0.01025	0.01025	0.01538	0.00641	0.00641
38	0.02270	0.01894	0.02081	0.01891	0.02378	0.02112	0.01459	0.04469	0.38053	0.04365	0.20600	0.05199	0.05368	0.01665	0.01130	0.00350	0.00730	0.01423	0.01104	0.01459
39	0.04744	0.01799	0.02454	0.01881	0.02699	0.01554	0.01554	0.05153	0.03026	0.56979	0.04171	0.03599	0.02617	0.01309	0.01063	0.00327	0.00900	0.01063	0.01309	0.01799
40	0.02428	0.09514	0.48127	0.02813	0.04254	0.02499	0.03520	0.03509	0.02303	0.08466	0.02085	0.02324	0.01464	0.01026	0.00985	0.00326	0.01466	0.00792	0.00530	0.01570
41	0.02827	0.63478	0.05540	0.01809	0.02714	0.04184	0.01809	0.03166	0.02148	0.02488	0.01470	0.01696	0.01357	0.00905	0.00678	0.00226	0.01131	0.00565	0.00452	0.01357
42	0.01465	0.01080	0.01370	0.01297	0.01560	0.00984	0.00973	0.01934	0.02919	0.04064	0.49968	0.08188	0.15807	0.02227	0.01247	0.00336	0.00503	0.01953	0.01141	0.00984
43	0.70310	0.02045	0.01554	0.01390	0.02045	0.02372	0.01145	0.03108	0.01799	0.04744	0.01472	0.01718	0.01145	0.00981	0.00654	0.00327	0.00818	0.00573	0.00654	0.01145
44	0.02630	0.02271	0.02391	0.02152	0.02749	0.02630	0.01674	0.05618	0.54336	0.04423	0.04303	0.03945	0.03228	0.01434	0.01076	0.00359	0.00837	0.01195	0.01076	0.01674
45	0.01425	0.01065	0.01323	0.01285	0.01543	0.00963	0.00954	0.01848	0.02785	0.03810	0.41739	0.12875	0.19752	0.02369	0.01256	0.00346	0.00516	0.02072	0.01109	0.00963
46	0.02827	0.63478	0.05540	0.01809	0.02714	0.04184	0.01809	0.03166	0.02148	0.02488	0.01470	0.01696	0.01357	0.00905	0.00678	0.00226	0.01131	0.00565	0.00452	0.01357
47	0.04019	0.02962	0.03173	0.02433	0.03279	0.03279	0.02010	0.52721	0.04971	0.06663	0.02538	0.02538	0.01798	0.01269	0.01058	0.00317	0.01163	0.00952	0.01058	0.01798
48	0.70310	0.02045	0.01554	0.01390	0.02045	0.02372	0.01145	0.03108	0.01799	0.04744	0.01472	0.01718	0.01145	0.00981	0.00654	0.00327	0.00818	0.00573	0.00654	0.01145
49	0.01288	0.00920	0.01227	0.01472	0.01534	0.00859	0.00981	0.01472	0.02024	0.02699	0.05828	0.62152	0.06993	0.03312	0.01350	0.00429	0.00613	0.03006	0.00981	0.00859
50	0.03950	0.05039	0.02996	0.02724	0.03269	0.58597	0.02043	0.04222	0.02996	0.02588	0.01634	0.01907	0.01362	0.01090	0.00953	0.00272	0.01907	0.00681	0.00545	0.01226
51	0.04019	0.02962	0.03173	0.02433	0.03279	0.03279	0.02010	0.52721	0.04971	0.06663	0.02538	0.02538	0.01798	0.01269	0.01058	0.00317	0.01163	0.00952	0.01058	0.01798
52	0.01704	0.01217	0.01704	0.01947	0.02191	0.01217	0.01704	0.02191	0.02434	0.03164	0.05598	0.11926	0.06085	0.02921	0.01460	0.00487	0.00974	0.49130	0.00974	0.00974
53	0.01496	0.01081	0.01413	0.01330	0.01580	0.00998	0.00998	0.01995	0.02993	0.04240	0.55689	0.07898	0.09976	0.02162	0.01247	0.00333	0.00499	0.01912	0.01164	0.00998
54	0.01353	0.00967	0.01302	0.01547	0.01637	0.00915	0.01095	0.01585	0.02089	0.02772	0.05792	0.54280	0.06851	0.03251	0.01367	0.00438	0.00670	0.10235	0.00980	0.00877
55	0.04744	0.01799	0.02454	0.01881	0.02699	0.01554	0.01554	0.05153	0.03026	0.56979	0.04171	0.03599	0.02617	0.01309	0.01063	0.00327	0.00900	0.01063	0.01309	0.01799
