[name]
unknown

[dist]
# distance from previous block
# <min> <max>
0	82

[block]
# block no. 0 follows, 12 sequences, length 20
# corresponding to MSA columns:
# 987-1006
name=unknown_A
#
# <colnr> <probs for GDERKNQSTAVLIFYWHMCP>
#	G	D	E	R	K	N	Q	S	T	A	V	L	I	F	Y	W	H	M	C	P
0	0.69383	0.02109	0.01603	0.01434	0.02109	0.02446	0.01181	0.03205	0.01856	0.04892	0.01518	0.01771	0.01181	0.01012	0.00675	0.00337	0.00843	0.00590	0.00675	0.01181
1	0.02226	0.02372	0.13449	0.02370	0.03050	0.01639	0.09669	0.02830	0.02496	0.10577	0.11304	0.24223	0.04957	0.02076	0.01246	0.00382	0.01048	0.01903	0.00900	0.01282
2	0.02692	0.02126	0.02268	0.02001	0.02564	0.02390	0.01565	0.11236	0.33956	0.04791	0.09286	0.04294	0.03778	0.01505	0.01077	0.00345	0.00823	0.01245	0.10487	0.01571
3	0.03221	0.02638	0.05344	0.03854	0.04885	0.02435	0.37156	0.04001	0.02726	0.18044	0.02791	0.03156	0.01946	0.01039	0.01234	0.00359	0.01584	0.01234	0.00774	0.01578
4	0.02261	0.01938	0.02261	0.01615	0.02584	0.01453	0.01292	0.02745	0.02261	0.03553	0.01938	0.02261	0.01615	0.00807	0.00807	0.00161	0.00807	0.00646	0.00646	0.68346
5	0.02385	0.02385	0.03340	0.02863	0.02863	0.03340	0.02385	0.02624	0.01670	0.02624	0.01431	0.02385	0.01431	0.01908	0.03578	0.00477	0.59685	0.00954	0.00477	0.01193
6	0.02261	0.01938	0.02261	0.01615	0.02584	0.01453	0.01292	0.02745	0.02261	0.03553	0.01938	0.02261	0.01615	0.00807	0.00807	0.00161	0.00807	0.00646	0.00646	0.68346
7	0.02793	0.03080	0.02922	0.09167	0.14107	0.23377	0.02193	0.03203	0.02516	0.02862	0.02584	0.10754	0.02492	0.02530	0.10061	0.00556	0.01740	0.01193	0.00615	0.01257
8	0.03906	0.02144	0.02559	0.02052	0.02742	0.02163	0.01657	0.21689	0.03606	0.25862	0.03665	0.04449	0.02838	0.09949	0.01752	0.00448	0.01053	0.04716	0.01129	0.01621
9	0.29712	0.01953	0.02173	0.01745	0.02524	0.01927	0.01440	0.04502	0.02634	0.36106	0.03230	0.02965	0.02115	0.01220	0.00934	0.00337	0.00895	0.00902	0.01090	0.01596
10	0.02033	0.01016	0.01016	0.01016	0.01270	0.01016	0.00762	0.02541	0.02287	0.04065	0.03557	0.04065	0.02795	0.01270	0.00762	0.00254	0.00508	0.01016	0.67734	0.01016
11	0.01972	0.01256	0.01635	0.05043	0.02124	0.01164	0.01192	0.02417	0.02843	0.10967	0.31930	0.11249	0.17546	0.02225	0.01255	0.00355	0.00647	0.01931	0.01125	0.01123
12	0.01315	0.01003	0.01210	0.01375	0.01544	0.00898	0.00948	0.01534	0.02225	0.02840	0.07755	0.43475	0.23579	0.03189	0.01356	0.00417	0.00605	0.02823	0.01012	0.00898
13	0.01682	0.01267	0.01577	0.01504	0.01791	0.01247	0.01124	0.02518	0.09878	0.04232	0.42342	0.13114	0.09002	0.02250	0.01273	0.00357	0.00575	0.01988	0.01168	0.01110
14	0.25651	0.16895	0.03213	0.01963	0.02657	0.03046	0.01702	0.10323	0.02559	0.11197	0.02042	0.02238	0.01573	0.01207	0.01206	0.00330	0.09261	0.00765	0.00748	0.01424
15	0.03431	0.02317	0.02720	0.02058	0.02905	0.02242	0.01685	0.19161	0.03338	0.15359	0.02616	0.02686	0.01906	0.01158	0.01145	0.00273	0.04895	0.00870	0.00926	0.28307
16	0.03166	0.30439	0.09031	0.02996	0.10583	0.10855	0.06044	0.03675	0.02504	0.08424	0.01996	0.02256	0.01600	0.01016	0.00907	0.00283	0.01359	0.00781	0.00589	0.01497
17	0.60005	0.02141	0.01724	0.01544	0.02211	0.02483	0.01257	0.03569	0.09037	0.04845	0.01929	0.02094	0.01483	0.01078	0.00736	0.00342	0.00846	0.00681	0.00736	0.01257
18	0.07262	0.02133	0.03133	0.24719	0.07959	0.02374	0.06050	0.07274	0.09629	0.09261	0.06891	0.03472	0.02615	0.01256	0.01096	0.00353	0.01198	0.01101	0.00789	0.01434
19	0.02238	0.10301	0.02762	0.06553	0.06769	0.02206	0.01689	0.03442	0.16146	0.03916	0.21107	0.04842	0.05113	0.01543	0.01086	0.00320	0.00857	0.01314	0.00921	0.06874

[dist]
# distance from previous block
# <min> <max>
0	1

[block]
# block no. 1 follows, 12 sequences, length 8
# corresponding to MSA columns:
# 1008-1015
name=unknown_B
#
# <colnr> <probs for GDERKNQSTAVLIFYWHMCP>
#	G	D	E	R	K	N	Q	S	T	A	V	L	I	F	Y	W	H	M	C	P
0	0.01530	0.01245	0.01736	0.14957	0.02963	0.01281	0.01450	0.01922	0.02373	0.03100	0.14689	0.26919	0.16722	0.02515	0.01279	0.00390	0.00788	0.02224	0.00921	0.00995
1	0.03632	0.01954	0.02359	0.01889	0.02551	0.01932	0.01529	0.17635	0.03621	0.24820	0.15525	0.04470	0.04250	0.01538	0.01110	0.00328	0.00872	0.01262	0.07137	0.01586
2	0.03106	0.03758	0.26056	0.08460	0.04472	0.02436	0.08143	0.10002	0.02877	0.16125	0.02619	0.02803	0.01789	0.01138	0.01090	0.00345	0.01406	0.00965	0.00763	0.01646
3	0.03631	0.02008	0.02687	0.15471	0.03911	0.02098	0.01972	0.04849	0.16458	0.29277	0.03782	0.03619	0.02577	0.01324	0.01099	0.00352	0.01034	0.01104	0.01080	0.01668
4	0.17840	0.01550	0.01621	0.01495	0.01787	0.01701	0.01066	0.07639	0.02078	0.03379	0.02801	0.04860	0.02852	0.31164	0.13007	0.00927	0.01351	0.01210	0.00699	0.00973
5	0.02395	0.02596	0.05150	0.03857	0.04588	0.02693	0.34124	0.03076	0.02308	0.03212	0.02432	0.09045	0.02199	0.01420	0.01838	0.00402	0.15335	0.01403	0.00583	0.01342
6	0.01965	0.02507	0.15004	0.20073	0.04289	0.01991	0.02490	0.02520	0.02059	0.02818	0.02730	0.08590	0.02633	0.07195	0.02075	0.08119	0.05467	0.05763	0.00585	0.01126
7	0.37214	0.01982	0.02065	0.01686	0.02445	0.02025	0.01391	0.04257	0.02487	0.30203	0.02907	0.02739	0.01938	0.01180	0.00885	0.00337	0.00886	0.00843	0.01011	0.01517

[dist]
# distance from previous block
# <min> <max>
0	1

[block]
# block no. 2 follows, 12 sequences, length 15
# corresponding to MSA columns:
# 1017-1031
name=unknown_C
#
# <colnr> <probs for GDERKNQSTAVLIFYWHMCP>
#	G	D	E	R	K	N	Q	S	T	A	V	L	I	F	Y	W	H	M	C	P
0	0.02552	0.02879	0.06087	0.04402	0.05381	0.02823	0.45485	0.03395	0.02472	0.03395	0.02119	0.02879	0.01629	0.01030	0.01543	0.00380	0.08316	0.01250	0.00543	0.01439
1	0.58900	0.02068	0.01753	0.01516	0.02218	0.02309	0.01249	0.03548	0.02061	0.13140	0.01971	0.02087	0.01428	0.01067	0.00743	0.00337	0.00857	0.00673	0.00784	0.01291
2	0.24323	0.02286	0.02290	0.01967	0.02659	0.02562	0.01576	0.10000	0.25053	0.11378	0.03290	0.03131	0.02402	0.01295	0.00968	0.00351	0.00903	0.00983	0.01000	0.01584
3	0.02691	0.03483	0.23518	0.02467	0.03476	0.02366	0.02563	0.04514	0.22655	0.10628	0.07388	0.03649	0.03031	0.01347	0.01093	0.00354	0.01139	0.01105	0.00891	0.01642
4	0.03037	0.02290	0.03163	0.18852	0.12678	0.02372	0.02332	0.14295	0.03039	0.10633	0.02409	0.02778	0.01779	0.01097	0.01032	0.00305	0.01174	0.00923	0.00773	0.15040
5	0.03887	0.01910	0.02350	0.01821	0.02594	0.01747	0.01485	0.11251	0.03142	0.31530	0.03545	0.03370	0.02413	0.01242	0.00994	0.00294	0.00880	0.00993	0.11987	0.12564
6	0.02187	0.05640	0.56031	0.03108	0.04719	0.02532	0.04029	0.03453	0.02302	0.03453	0.01957	0.02302	0.01381	0.01036	0.01036	0.00345	0.01611	0.00806	0.00460	0.01611
7	0.02050	0.01314	0.01756	0.10720	0.02636	0.01304	0.01349	0.02557	0.02737	0.09624	0.26450	0.06428	0.12358	0.01856	0.01148	0.00334	0.00717	0.01597	0.11929	0.01135
8	0.02441	0.01769	0.03175	0.02589	0.03142	0.01629	0.17130	0.02911	0.02450	0.13586	0.04448	0.30908	0.04527	0.02202	0.01299	0.00398	0.01078	0.02118	0.00932	0.01267
9	0.04232	0.01683	0.02243	0.01772	0.02489	0.01477	0.01445	0.04672	0.03012	0.44538	0.08676	0.04152	0.03389	0.01418	0.01071	0.00327	0.00838	0.01165	0.09724	0.01676
10	0.02242	0.02086	0.10557	0.01820	0.02422	0.01528	0.01661	0.03109	0.08421	0.11681	0.25544	0.09914	0.10659	0.01949	0.01205	0.00355	0.00805	0.01675	0.01062	0.01306
11	0.02918	0.07171	0.10167	0.25453	0.05202	0.02560	0.05945	0.08164	0.05117	0.12944	0.02540	0.02919	0.01808	0.01146	0.01069	0.00344	0.01330	0.00978	0.00729	0.01496
12	0.03991	0.02429	0.07628	0.03183	0.11820	0.02001	0.09103	0.04587	0.02874	0.35613	0.03452	0.03325	0.02288	0.01202	0.01116	0.00340	0.01171	0.01080	0.01034	0.01761
13	0.03811	0.01676	0.02216	0.01857	0.02477	0.01518	0.01464	0.07390	0.02961	0.36998	0.04679	0.20177	0.03944	0.01944	0.01181	0.00367	0.00861	0.01667	0.01234	0.01575
14	0.44910	0.02190	0.01968	0.10897	0.03022	0.06428	0.01532	0.03079	0.02158	0.04315	0.08268	0.02776	0.02393	0.01187	0.00843	0.00338	0.00986	0.00835	0.00702	0.01173

[dist]
# distance from previous block
# <min> <max>
2	17

[block]
# block no. 3 follows, 12 sequences, length 12
# corresponding to MSA columns:
# 1049-1060
name=unknown_D
#
# <colnr> <probs for GDERKNQSTAVLIFYWHMCP>
#	G	D	E	R	K	N	Q	S	T	A	V	L	I	F	Y	W	H	M	C	P
0	0.03852	0.01910	0.02383	0.01954	0.02661	0.01860	0.01570	0.05065	0.17728	0.34519	0.10318	0.04346	0.03791	0.01493	0.01123	0.00348	0.00859	0.01241	0.01261	0.01719
1	0.14816	0.06773	0.03160	0.27918	0.10698	0.02446	0.02383	0.03420	0.02329	0.12798	0.02270	0.02734	0.01657	0.01097	0.00985	0.00339	0.01208	0.00894	0.00680	0.01396
2	0.42163	0.02831	0.11769	0.08467	0.03342	0.02565	0.02006	0.08662	0.02345	0.04617	0.01770	0.02093	0.01325	0.01059	0.00835	0.00341	0.01092	0.00717	0.00662	0.01338
3	0.31337	0.01975	0.02085	0.01758	0.02417	0.02116	0.01435	0.09042	0.02571	0.19198	0.02691	0.02874	0.01969	0.02431	0.11034	0.00591	0.01282	0.00883	0.00899	0.01413
4	0.02611	0.12943	0.02873	0.02008	0.02628	0.02753	0.01631	0.04826	0.36466	0.04154	0.07771	0.03971	0.03492	0.01426	0.01026	0.00335	0.00866	0.01159	0.05495	0.01564
5	0.03906	0.01637	0.02214	0.01773	0.02443	0.01434	0.01434	0.04355	0.03111	0.40537	0.19027	0.05017	0.04934	0.01609	0.01152	0.00339	0.00806	0.01354	0.01306	0.01612
6	0.01614	0.01150	0.01664	0.01664	0.01866	0.01321	0.01291	0.02018	0.01816	0.02714	0.02997	0.04257	0.02734	0.07352	0.50595	0.01573	0.02632	0.01150	0.08610	0.00979
7	0.01525	0.01138	0.01437	0.01572	0.01734	0.01121	0.01097	0.02105	0.08095	0.03271	0.14436	0.45027	0.07314	0.02982	0.01340	0.00417	0.00638	0.02685	0.01057	0.01008
8	0.04073	0.05197	0.03090	0.02809	0.03371	0.57303	0.02107	0.04354	0.03090	0.02669	0.01685	0.01966	0.01404	0.01124	0.00983	0.00281	0.01966	0.00702	0.00562	0.01264
9	0.01405	0.01004	0.01354	0.01606	0.01703	0.00952	0.01146	0.01651	0.02164	0.02870	0.05967	0.52219	0.07043	0.03343	0.01412	0.00453	0.00699	0.11090	0.01011	0.00907
10	0.02187	0.05640	0.56031	0.03108	0.04719	0.02532	0.04029	0.03453	0.02302	0.03453	0.01957	0.02302	0.01381	0.01036	0.01036	0.00345	0.01611	0.00806	0.00460	0.01611
11	0.02551	0.02055	0.02286	0.01788	0.02588	0.01910	0.01421	0.08873	0.14153	0.04212	0.02762	0.02910	0.02162	0.01068	0.00903	0.00238	0.00832	0.00858	0.08113	0.38317

[dist]
# distance from previous block
# <min> <max>
3	6

[block]
# block no. 4 follows, 12 sequences, length 12
# corresponding to MSA columns:
# 1067-1078
name=unknown_E
#
# <colnr> <probs for GDERKNQSTAVLIFYWHMCP>
#	G	D	E	R	K	N	Q	S	T	A	V	L	I	F	Y	W	H	M	C	P
0	0.03002	0.09388	0.03356	0.02456	0.02813	0.03010	0.02073	0.07678	0.02401	0.12466	0.05330	0.02922	0.02239	0.01658	0.02425	0.00401	0.33265	0.01001	0.00732	0.01386
1	0.69383	0.02109	0.01603	0.01434	0.02109	0.02446	0.01181	0.03205	0.01856	0.04892	0.01518	0.01771	0.01181	0.01012	0.00675	0.00337	0.00843	0.00590	0.00675	0.01181
2	0.02415	0.23378	0.40289	0.02719	0.04118	0.03090	0.03352	0.03394	0.02275	0.03175	0.01819	0.02129	0.01387	0.01004	0.00931	0.00310	0.01472	0.00736	0.00462	0.01545
3	0.06953	0.25181	0.03656	0.06877	0.03104	0.02915	0.01776	0.03621	0.11012	0.06293	0.02531	0.03051	0.02111	0.01165	0.00890	0.00283	0.01032	0.03424	0.00705	0.13420
4	0.03844	0.01937	0.02728	0.17798	0.04099	0.01964	0.02012	0.04671	0.08871	0.34827	0.03663	0.03531	0.02430	0.01293	0.01096	0.00348	0.01066	0.01078	0.01081	0.01661
5	0.10993	0.02137	0.02599	0.02013	0.02846	0.02065	0.01662	0.14942	0.03427	0.40268	0.03671	0.03289	0.02371	0.01308	0.01054	0.00335	0.00978	0.01023	0.01229	0.01790
6	0.01491	0.01094	0.01398	0.01361	0.01607	0.01000	0.01006	0.01942	0.02905	0.04035	0.44054	0.14657	0.14537	0.02426	0.01299	0.00357	0.00532	0.02140	0.01158	0.01000
7	0.03506	0.28300	0.11608	0.02263	0.03193	0.14880	0.02167	0.03988	0.02620	0.14668	0.02243	0.02317	0.01691	0.01083	0.00898	0.00283	0.01349	0.00756	0.00685	0.01503
8	0.04892	0.01856	0.02530	0.01940	0.02783	0.01603	0.01603	0.05314	0.03121	0.55634	0.04302	0.03711	0.02699	0.01350	0.01096	0.00337	0.00928	0.01096	0.01350	0.01856
9	0.01328	0.00949	0.01265	0.01518	0.01581	0.00886	0.01012	0.01518	0.02088	0.02783	0.06010	0.60969	0.07212	0.03416	0.01392	0.00443	0.00633	0.03100	0.01012	0.00886
10	0.01971	0.01397	0.01763	0.01630	0.01938	0.01431	0.01250	0.02623	0.07412	0.08351	0.29183	0.13367	0.13079	0.02256	0.01488	0.00373	0.06347	0.01901	0.01090	0.01152
11	0.08187	0.02021	0.03117	0.26752	0.04927	0.02361	0.07365	0.03118	0.06194	0.06362	0.02692	0.09777	0.02355	0.01487	0.01412	0.00384	0.08295	0.01249	0.00672	0.01275

[dist]
# distance from previous block
# <min> <max>
0	3

[block]
# block no. 5 follows, 12 sequences, length 35
# corresponding to MSA columns:
# 1082-1116
name=unknown_F
#
# <colnr> <probs for GDERKNQSTAVLIFYWHMCP>
#	G	D	E	R	K	N	Q	S	T	A	V	L	I	F	Y	W	H	M	C	P
0	0.18823	0.02211	0.02615	0.11004	0.03522	0.02346	0.01845	0.15360	0.03163	0.24217	0.02899	0.02886	0.01958	0.01223	0.00999	0.00339	0.01057	0.00935	0.00999	0.01601
1	0.63579	0.02094	0.01746	0.06401	0.02574	0.02444	0.01340	0.03169	0.01884	0.04710	0.01554	0.01869	0.01204	0.01019	0.00711	0.00340	0.00896	0.00623	0.00658	0.01183
2	0.01543	0.01115	0.01457	0.01372	0.01629	0.01029	0.01029	0.02058	0.03086	0.04372	0.54304	0.08145	0.10288	0.02229	0.01286	0.00343	0.00514	0.01972	0.01200	0.01029
3	0.03257	0.02618	0.06253	0.19930	0.04750	0.02691	0.05754	0.19910	0.08036	0.11668	0.02743	0.02995	0.01943	0.01221	0.01104	0.00347	0.01276	0.01028	0.00870	0.01605
4	0.02082	0.01969	0.03275	0.55134	0.07185	0.02487	0.02983	0.02775	0.02145	0.02775	0.01903	0.02871	0.01452	0.01147	0.01264	0.00371	0.05522	0.00968	0.00484	0.01210
5	0.01503	0.01113	0.01402	0.01329	0.01604	0.01012	0.00997	0.01980	0.02991	0.04147	0.47455	0.08517	0.17278	0.02313	0.01286	0.00347	0.00520	0.02024	0.01171	0.01012
6	0.01543	0.01115	0.01457	0.01372	0.01629	0.01029	0.01029	0.02058	0.03086	0.04372	0.54304	0.08145	0.10288	0.02229	0.01286	0.00343	0.00514	0.01972	0.01200	0.01029
7	0.01449	0.01088	0.01341	0.01326	0.01583	0.00981	0.00976	0.01857	0.02793	0.03787	0.36542	0.16292	0.20923	0.02532	0.01302	0.00364	0.00541	0.02216	0.01126	0.00981
8	0.69383	0.02109	0.01603	0.01434	0.02109	0.02446	0.01181	0.03205	0.01856	0.04892	0.01518	0.01771	0.01181	0.01012	0.00675	0.00337	0.00843	0.00590	0.00675	0.01181
9	0.01628	0.01273	0.01518	0.01628	0.01895	0.01261	0.01236	0.02363	0.10323	0.03207	0.06984	0.28941	0.18333	0.02859	0.01345	0.00425	0.00727	0.11975	0.01026	0.01052
10	0.02156	0.01663	0.02640	0.35494	0.05288	0.01915	0.02371	0.02733	0.02305	0.07752	0.03418	0.13799	0.03257	0.01792	0.01205	0.00396	0.01202	0.08696	0.00732	0.01186
11	0.02385	0.02385	0.03340	0.02863	0.02863	0.03340	0.02385	0.02624	0.01670	0.02624	0.01431	0.02385	0.01431	0.01908	0.03578	0.00477	0.59685	0.00954	0.00477	0.01193
12	0.02261	0.01938	0.02261	0.01615	0.02584	0.01453	0.01292	0.02745	0.02261	0.03553	0.01938	0.02261	0.01615	0.00807	0.00807	0.00161	0.00807	0.00646	0.00646	0.68346
13	0.01778	0.01650	0.01556	0.01672	0.01859	0.09833	0.01170	0.02018	0.02369	0.02917	0.09954	0.42403	0.10928	0.02890	0.01308	0.00402	0.00826	0.02549	0.00957	0.00961
14	0.02654	0.06686	0.11367	0.19626	0.04487	0.02145	0.02350	0.03317	0.02377	0.11573	0.02290	0.02663	0.01687	0.01026	0.00970	0.00286	0.01178	0.00839	0.00667	0.21813
15	0.19402	0.02348	0.03072	0.03107	0.10907	0.02995	0.02233	0.02886	0.01846	0.03347	0.01551	0.02280	0.01415	0.01533	0.02447	0.00417	0.35539	0.00865	0.00537	0.01274
16	0.01762	0.01172	0.01468	0.01548	0.01723	0.01144	0.01065	0.02233	0.06869	0.06632	0.09502	0.38669	0.06291	0.12216	0.01994	0.00517	0.00731	0.02452	0.01005	0.01007
17	0.02059	0.01938	0.03270	0.59060	0.07510	0.02422	0.03028	0.02786	0.02180	0.02786	0.01938	0.02907	0.01453	0.01090	0.01090	0.00363	0.01453	0.00969	0.00484	0.01211
18	0.43070	0.02566	0.02266	0.01917	0.02570	0.06354	0.01569	0.14882	0.02713	0.05017	0.01788	0.02046	0.01382	0.01174	0.01065	0.00344	0.06449	0.00726	0.00750	0.01351
19	0.03016	0.02645	0.03501	0.25051	0.12226	0.11050	0.06736	0.03786	0.05966	0.11639	0.02489	0.02941	0.01830	0.01132	0.01091	0.00341	0.01421	0.00993	0.00693	0.01453
20	0.10440	0.01877	0.02451	0.01896	0.02725	0.01675	0.01566	0.05132	0.03012	0.51269	0.04062	0.03544	0.02568	0.01321	0.01060	0.00337	0.00921	0.01053	0.01291	0.01798
21	0.01423	0.01099	0.01298	0.01271	0.01561	0.00974	0.00945	0.01817	0.02770	0.03673	0.33099	0.12674	0.28407	0.02530	0.01294	0.00360	0.00538	0.02184	0.01110	0.00974
22	0.15580	0.07678	0.03035	0.07139	0.15039	0.02396	0.02016	0.03952	0.08565	0.15447	0.02790	0.02940	0.02060	0.01151	0.00955	0.00325	0.01022	0.00927	0.05448	0.01536
23	0.03523	0.02465	0.11349	0.02460	0.03333	0.01811	0.08715	0.04135	0.02766	0.30392	0.03938	0.09174	0.03096	0.01586	0.01180	0.00368	0.01143	0.05934	0.01035	0.01595
24	0.01360	0.00972	0.01302	0.01555	0.01632	0.00913	0.01068	0.01573	0.02119	0.02819	0.05992	0.57343	0.07142	0.03386	0.01400	0.00447	0.00660	0.06411	0.01012	0.00894
25	0.01977	0.01808	0.02983	0.49927	0.06579	0.02202	0.02712	0.02671	0.02324	0.03037	0.10228	0.03736	0.02852	0.01270	0.01121	0.00360	0.01305	0.01128	0.00598	0.01182
26	0.03780	0.08332	0.15412	0.06069	0.03640	0.07030	0.02362	0.07852	0.02936	0.27282	0.03011	0.02930	0.02025	0.01201	0.01038	0.00326	0.01251	0.00934	0.00923	0.01666
27	0.10421	0.01997	0.02732	0.20516	0.04297	0.02086	0.02059	0.07675	0.02835	0.29714	0.03127	0.03173	0.02078	0.01228	0.01051	0.00345	0.01110	0.00995	0.00981	0.01578
28	0.62801	0.02204	0.01771	0.01542	0.02237	0.02540	0.01271	0.08051	0.02186	0.05092	0.01629	0.01857	0.01249	0.01042	0.00717	0.00336	0.00879	0.00630	0.00717	0.01249
29	0.12221	0.01229	0.01384	0.01376	0.01638	0.01216	0.00997	0.02035	0.02473	0.03767	0.26851	0.18958	0.10813	0.08338	0.01643	0.00438	0.00650	0.01990	0.01007	0.00976
30	0.02149	0.07929	0.02994	0.19433	0.03986	0.02342	0.04671	0.02997	0.09490	0.03165	0.09981	0.04332	0.03393	0.10953	0.02029	0.00469	0.06552	0.01226	0.00706	0.01204
31	0.08647	0.01529	0.02008	0.02276	0.10187	0.01529	0.01457	0.02622	0.06135	0.04309	0.37435	0.06372	0.07557	0.01858	0.01180	0.00341	0.00694	0.01626	0.01037	0.01200
32	0.08581	0.33812	0.04598	0.02743	0.11078	0.03285	0.05373	0.03315	0.02393	0.06726	0.06722	0.02709	0.02360	0.01093	0.00880	0.00283	0.01129	0.00857	0.00629	0.01434
33	0.01820	0.08396	0.15195	0.01826	0.02490	0.01720	0.01831	0.02484	0.02762	0.03860	0.32989	0.06246	0.10480	0.01846	0.01166	0.00334	0.00851	0.01571	0.00932	0.01201
34	0.01922	0.01382	0.02253	0.02090	0.02413	0.01286	0.09037	0.02277	0.02305	0.08269	0.05215	0.41819	0.05796	0.02777	0.01355	0.00425	0.00885	0.06433	0.00973	0.01086

[dist]
# distance from previous block
# <min> <max>
6	33

[block]
# block no. 6 follows, 12 sequences, length 6
# corresponding to MSA columns:
# 1156-1161
name=unknown_G
#
# <colnr> <probs for GDERKNQSTAVLIFYWHMCP>
#	G	D	E	R	K	N	Q	S	T	A	V	L	I	F	Y	W	H	M	C	P
0	0.07761	0.02908	0.14961	0.11694	0.04013	0.02287	0.02418	0.07473	0.09949	0.20898	0.03091	0.03101	0.02121	0.01228	0.01055	0.00347	0.01176	0.00986	0.00905	0.01629
1	0.19751	0.01933	0.02379	0.02424	0.10752	0.01865	0.01632	0.03658	0.02525	0.19654	0.07041	0.03251	0.02650	0.01196	0.00942	0.00305	0.00887	0.00954	0.05142	0.11057
2	0.02506	0.01564	0.02451	0.02101	0.02567	0.01441	0.09199	0.02892	0.02441	0.16031	0.04995	0.18968	0.08553	0.10727	0.01903	0.00494	0.01003	0.07985	0.00971	0.01207
3	0.02843	0.06368	0.02985	0.14861	0.03887	0.02164	0.04270	0.09620	0.02815	0.12372	0.03231	0.07102	0.02811	0.01530	0.01114	0.00343	0.01124	0.08730	0.00846	0.10986
4	0.13776	0.01664	0.02051	0.11133	0.03027	0.01680	0.01524	0.03558	0.02532	0.22601	0.04302	0.04294	0.09665	0.01441	0.01000	0.00332	0.00879	0.01153	0.12020	0.01367
5	0.02530	0.01897	0.10092	0.01504	0.02074	0.01356	0.01425	0.03145	0.02427	0.12490	0.03423	0.03724	0.02552	0.01246	0.00861	0.00282	0.00754	0.00996	0.45970	0.01250

[dist]
# distance from previous block
# <min> <max>
0	4

[block]
# block no. 7 follows, 12 sequences, length 9
# corresponding to MSA columns:
# 1166-1174
name=unknown_H
#
# <colnr> <probs for GDERKNQSTAVLIFYWHMCP>
#	G	D	E	R	K	N	Q	S	T	A	V	L	I	F	Y	W	H	M	C	P
0	0.02027	0.03940	0.34197	0.12507	0.04402	0.02175	0.03081	0.02908	0.02117	0.03029	0.02292	0.03515	0.01985	0.14931	0.02079	0.00511	0.01457	0.01013	0.00510	0.01323
1	0.08622	0.01949	0.02462	0.01898	0.02684	0.01789	0.01557	0.04160	0.02640	0.31791	0.03140	0.03023	0.02153	0.01222	0.01221	0.00300	0.06540	0.00916	0.01013	0.20920
2	0.01496	0.01175	0.01724	0.14693	0.02939	0.01238	0.01474	0.01808	0.02109	0.02784	0.05077	0.47675	0.05893	0.02883	0.01323	0.00425	0.00821	0.02612	0.00891	0.00960
3	0.01645	0.01268	0.01540	0.01679	0.01869	0.01304	0.01176	0.02497	0.13724	0.03190	0.05650	0.47941	0.06322	0.02973	0.01327	0.00426	0.00685	0.02672	0.01034	0.01078
4	0.02115	0.01794	0.02445	0.02186	0.02289	0.02356	0.01780	0.02450	0.01830	0.02933	0.02258	0.03204	0.02039	0.03195	0.15227	0.00718	0.33160	0.01017	0.15901	0.01102
5	0.02059	0.01938	0.03270	0.59060	0.07510	0.02422	0.03028	0.02786	0.02180	0.02786	0.01938	0.02907	0.01453	0.01090	0.01090	0.00363	0.01453	0.00969	0.00484	0.01211
6	0.03791	0.01694	0.02199	0.01767	0.02422	0.01545	0.01428	0.07642	0.03189	0.35407	0.16170	0.04730	0.04475	0.01552	0.01114	0.00331	0.00813	0.01292	0.06854	0.01586
7	0.03398	0.01525	0.02052	0.01686	0.02268	0.01347	0.01347	0.03861	0.03105	0.32759	0.26615	0.05690	0.06086	0.01742	0.01181	0.00340	0.00743	0.01487	0.01283	0.01487
8	0.01893	0.01486	0.01685	0.01715	0.02020	0.01580	0.01248	0.03193	0.21129	0.03551	0.05606	0.32046	0.08810	0.02492	0.01234	0.00397	0.00704	0.02196	0.05803	0.01212

[dist]
# distance from previous block
# <min> <max>
0	1

[block]
# block no. 8 follows, 12 sequences, length 67
# corresponding to MSA columns:
# 1176-1242
name=unknown_I
#
# <colnr> <probs for GDERKNQSTAVLIFYWHMCP>
#	G	D	E	R	K	N	Q	S	T	A	V	L	I	F	Y	W	H	M	C	P
0	0.36503	0.02124	0.02595	0.21696	0.11958	0.02460	0.02134	0.03085	0.02061	0.03978	0.01741	0.02296	0.01356	0.01032	0.00877	0.00344	0.01118	0.00776	0.00590	0.01274
1	0.01896	0.01706	0.02805	0.43907	0.05993	0.02080	0.02542	0.02508	0.02112	0.02752	0.02607	0.10789	0.02384	0.02329	0.08514	0.00556	0.01537	0.01278	0.00568	0.01137
2	0.02261	0.01938	0.02261	0.01615	0.02584	0.01453	0.01292	0.02745	0.02261	0.03553	0.01938	0.02261	0.01615	0.00807	0.00807	0.00161	0.00807	0.00646	0.00646	0.68346
3	0.01626	0.01240	0.01658	0.01719	0.01805	0.01369	0.01266	0.01849	0.01929	0.02637	0.04329	0.25101	0.04916	0.18139	0.10144	0.00781	0.08846	0.08948	0.00797	0.00900
4	0.34839	0.02609	0.02487	0.02003	0.02783	0.02941	0.01653	0.28641	0.03588	0.05940	0.02100	0.02220	0.01537	0.01169	0.00895	0.00332	0.01032	0.00798	0.00895	0.01537
5	0.01471	0.01089	0.01372	0.01349	0.01596	0.00990	0.00994	0.01899	0.02844	0.03910	0.40271	0.16116	0.17091	0.02487	0.01302	0.00361	0.00538	0.02188	0.01142	0.00990
6	0.01411	0.01016	0.01387	0.01551	0.01644	0.01026	0.01074	0.01637	0.01956	0.02659	0.04971	0.41342	0.05746	0.09726	0.16521	0.00842	0.01273	0.02459	0.00869	0.00889
7	0.02699	0.02591	0.04426	0.06693	0.54879	0.02591	0.03346	0.03346	0.02483	0.03562	0.02051	0.02699	0.01727	0.00972	0.01079	0.00324	0.01295	0.00972	0.00540	0.01727
8	0.01558	0.01168	0.01752	0.01752	0.01947	0.01363	0.01363	0.01947	0.01752	0.02531	0.02921	0.04283	0.02726	0.08178	0.57360	0.01752	0.02921	0.01168	0.00584	0.00974
9	0.04892	0.01856	0.02530	0.01940	0.02783	0.01603	0.01603	0.05314	0.03121	0.55634	0.04302	0.03711	0.02699	0.01350	0.01096	0.00337	0.00928	0.01096	0.01350	0.01856
10	0.01757	0.01255	0.01757	0.02008	0.02259	0.01255	0.01757	0.02259	0.02510	0.03263	0.05773	0.12299	0.06275	0.03012	0.01506	0.00502	0.01004	0.47540	0.01004	0.01004
11	0.02712	0.02342	0.02465	0.02219	0.02835	0.02712	0.01726	0.05794	0.52909	0.04561	0.04438	0.04068	0.03328	0.01479	0.01109	0.00370	0.00863	0.01233	0.01109	0.01726
12	0.01623	0.01043	0.01390	0.01523	0.01676	0.00962	0.01058	0.01886	0.02336	0.06868	0.14302	0.47639	0.07423	0.03060	0.01352	0.00418	0.00633	0.02759	0.01069	0.00980
13	0.02915	0.62337	0.05714	0.01866	0.02799	0.04314	0.01866	0.03265	0.02215	0.02565	0.01516	0.01749	0.01399	0.00933	0.00700	0.00233	0.01166	0.00583	0.00466	0.01399
14	0.69383	0.02109	0.01603	0.01434	0.02109	0.02446	0.01181	0.03205	0.01856	0.04892	0.01518	0.01771	0.01181	0.01012	0.00675	0.00337	0.00843	0.00590	0.00675	0.01181
15	0.02699	0.02591	0.04426	0.06693	0.54879	0.02591	0.03346	0.03346	0.02483	0.03562	0.02051	0.02699	0.01727	0.00972	0.01079	0.00324	0.01295	0.00972	0.00540	0.01727
16	0.01289	0.01105	0.01105	0.01105	0.01473	0.00920	0.00828	0.01565	0.02485	0.02946	0.11046	0.10493	0.54437	0.02761	0.01289	0.00368	0.00552	0.02301	0.01013	0.00920
17	0.04892	0.01856	0.02530	0.01940	0.02783	0.01603	0.01603	0.05314	0.03121	0.55634	0.04302	0.03711	0.02699	0.01350	0.01096	0.00337	0.00928	0.01096	0.01350	0.01856
18	0.02900	0.02436	0.02571	0.02257	0.02907	0.02800	0.01771	0.11758	0.46639	0.04864	0.04199	0.03878	0.03135	0.01457	0.01107	0.00364	0.00907	0.01200	0.01107	0.01743
19	0.03344	0.11108	0.03674	0.02644	0.03312	0.13885	0.05815	0.17109	0.11975	0.04204	0.02404	0.02619	0.01887	0.01308	0.01393	0.00338	0.09734	0.00938	0.00778	0.01531
20	0.03204	0.02705	0.02620	0.02249	0.02861	0.09799	0.01785	0.25241	0.10961	0.04933	0.03983	0.11485	0.06526	0.01800	0.01161	0.00357	0.01123	0.04696	0.01002	0.01509
21	0.69383	0.02109	0.01603	0.01434	0.02109	0.02446	0.01181	0.03205	0.01856	0.04892	0.01518	0.01771	0.01181	0.01012	0.00675	0.00337	0.00843	0.00590	0.00675	0.01181
22	0.02427	0.02412	0.03482	0.03365	0.09688	0.03241	0.02512	0.02719	0.01777	0.02747	0.01513	0.02427	0.01470	0.01785	0.03250	0.00457	0.52023	0.00956	0.00485	0.01263
23	0.04200	0.02966	0.03218	0.02467	0.03338	0.03251	0.02038	0.47882	0.04980	0.10441	0.02741	0.02698	0.01916	0.01312	0.01091	0.00328	0.01180	0.00990	0.01110	0.01854
24	0.04390	0.02296	0.02992	0.02727	0.09791	0.02243	0.01966	0.18234	0.03613	0.34809	0.03523	0.03265	0.02329	0.01288	0.01093	0.00333	0.01054	0.01047	0.01169	0.01838
25	0.01894	0.00947	0.01420	0.01420	0.01420	0.00947	0.00947	0.01420	0.01420	0.01894	0.01894	0.03314	0.01894	0.03788	0.04261	0.68277	0.00947	0.00947	0.00473	0.00473
26	0.01543	0.01115	0.01457	0.01372	0.01629	0.01029	0.01029	0.02058	0.03086	0.04372	0.54304	0.08145	0.10288	0.02229	0.01286	0.00343	0.00514	0.01972	0.01200	0.01029
27	0.03406	0.02687	0.02856	0.02359	0.03100	0.03036	0.01894	0.27815	0.29758	0.05681	0.03556	0.03365	0.02614	0.01397	0.01100	0.00349	0.01026	0.01111	0.01100	0.01788
28	0.32728	0.02640	0.02541	0.02038	0.02824	0.02972	0.01682	0.30196	0.03693	0.06004	0.02136	0.02247	0.01559	0.01179	0.00908	0.00332	0.01044	0.00810	0.00908	0.01559
29	0.03171	0.01910	0.02354	0.01727	0.02653	0.01505	0.01399	0.03633	0.02558	0.21560	0.02755	0.02762	0.01990	0.00995	0.00907	0.00222	0.00849	0.00802	0.00889	0.45358
30	0.03157	0.03197	0.17677	0.02965	0.04072	0.02246	0.15565	0.04174	0.07048	0.19267	0.02945	0.03050	0.02040	0.01120	0.01111	0.00337	0.01339	0.01048	0.00824	0.06819
31	0.04432	0.02594	0.02987	0.02290	0.03152	0.02698	0.01892	0.33594	0.04356	0.25609	0.03265	0.03038	0.02179	0.01325	0.01093	0.00331	0.01095	0.01026	0.01190	0.01855
32	0.02059	0.01938	0.03270	0.59060	0.07510	0.02422	0.03028	0.02786	0.02180	0.02786	0.01938	0.02907	0.01453	0.01090	0.01090	0.00363	0.01453	0.00969	0.00484	0.01211
33	0.17454	0.03516	0.21099	0.02882	0.04007	0.02503	0.13870	0.07362	0.02600	0.11261	0.02295	0.02555	0.01620	0.01068	0.01028	0.00346	0.01371	0.00925	0.00700	0.01537
34	0.02289	0.01871	0.02848	0.18255	0.04059	0.02140	0.06253	0.03100	0.08854	0.07681	0.03512	0.18601	0.03364	0.01891	0.01555	0.00400	0.09658	0.01611	0.00788	0.01268
35	0.01543	0.01115	0.01457	0.01372	0.01629	0.01029	0.01029	0.02058	0.03086	0.04372	0.54304	0.08145	0.10288	0.02229	0.01286	0.00343	0.00514	0.01972	0.01200	0.01029
36	0.01639	0.01038	0.01230	0.01230	0.01230	0.01038	0.00711	0.01557	0.01557	0.02076	0.03167	0.06469	0.03603	0.51592	0.05325	0.12771	0.01038	0.01474	0.00628	0.00628
37	0.02667	0.04062	0.32795	0.10294	0.04508	0.02462	0.03257	0.03580	0.02346	0.12349	0.02294	0.02639	0.01627	0.01212	0.01387	0.00364	0.09092	0.00898	0.00621	0.01546
38	0.02495	0.03646	0.26147	0.02743	0.03798	0.02353	0.06535	0.04061	0.16202	0.07491	0.03355	0.04333	0.02713	0.01447	0.01146	0.00375	0.01291	0.07521	0.00784	0.01564
39	0.02059	0.01938	0.03270	0.59060	0.07510	0.02422	0.03028	0.02786	0.02180	0.02786	0.01938	0.02907	0.01453	0.01090	0.01090	0.00363	0.01453	0.00969	0.00484	0.01211
40	0.04601	0.01953	0.02782	0.02570	0.09694	0.01734	0.01834	0.05053	0.03036	0.48727	0.04003	0.03577	0.02570	0.01299	0.01094	0.00336	0.00977	0.01080	0.01242	0.01839
41	0.02059	0.01938	0.03270	0.59060	0.07510	0.02422	0.03028	0.02786	0.02180	0.02786	0.01938	0.02907	0.01453	0.01090	0.01090	0.00363	0.01453	0.00969	0.00484	0.01211
42	0.04244	0.02895	0.03174	0.02433	0.03302	0.03145	0.02010	0.45151	0.04860	0.13340	0.02841	0.02763	0.01966	0.01314	0.01092	0.00329	0.01164	0.00997	0.01125	0.01854
43	0.02915	0.62337	0.05714	0.01866	0.02799	0.04314	0.01866	0.03265	0.02215	0.02565	0.01516	0.01749	0.01399	0.00933	0.00700	0.00233	0.01166	0.00583	0.00466	0.01399
44	0.04513	0.01744	0.02330	0.01817	0.02583	0.01525	0.01491	0.04946	0.03010	0.48794	0.04203	0.03758	0.02712	0.01339	0.01052	0.00326	0.00872	0.01086	0.10155	0.01744
45	0.01509	0.01113	0.01411	0.01336	0.01608	0.01014	0.01002	0.01992	0.03007	0.04183	0.48566	0.08456	0.16144	0.02300	0.01286	0.00346	0.00519	0.02016	0.01175	0.01014
46	0.01367	0.01108	0.01213	0.01187	0.01521	0.00954	0.00890	0.01716	0.02670	0.03383	0.24322	0.09773	0.40887	0.02598	0.01288	0.00360	0.00541	0.02200	0.01070	0.00954
47	0.01543	0.01115	0.01457	0.01372	0.01629	0.01029	0.01029	0.02058	0.03086	0.04372	0.54304	0.08145	0.10288	0.02229	0.01286	0.00343	0.00514	0.01972	0.01200	0.01029
48	0.69383	0.02109	0.01603	0.01434	0.02109	0.02446	0.01181	0.03205	0.01856	0.04892	0.01518	0.01771	0.01181	0.01012	0.00675	0.00337	0.00843	0.00590	0.00675	0.01181
49	0.69383	0.02109	0.01603	0.01434	0.02109	0.02446	0.01181	0.03205	0.01856	0.04892	0.01518	0.01771	0.01181	0.01012	0.00675	0.00337	0.00843	0.00590	0.00675	0.01181
50	0.12347	0.03313	0.02485	0.02178	0.02780	0.25179	0.01689	0.08299	0.07316	0.10719	0.02600	0.02713	0.01953	0.01207	0.00946	0.00304	0.01309	0.00855	0.10421	0.01388
51	0.02712	0.02342	0.02465	0.02219	0.02835	0.02712	0.01726	0.05794	0.52909	0.04561	0.04438	0.04068	0.03328	0.01479	0.01109	0.00370	0.00863	0.01233	0.01109	0.01726
52	0.01515	0.01093	0.01432	0.01391	0.01623	0.01010	0.01027	0.01987	0.02955	0.04164	0.47966	0.15077	0.09884	0.02385	0.01300	0.00356	0.00530	0.02120	0.01176	0.01010
53	0.02059	0.01938	0.03270	0.59060	0.07510	0.02422	0.03028	0.02786	0.02180	0.02786	0.01938	0.02907	0.01453	0.01090	0.01090	0.00363	0.01453	0.00969	0.00484	0.01211
54	0.02230	0.02078	0.03318	0.44655	0.13180	0.02483	0.02899	0.03255	0.08877	0.03122	0.02281	0.03032	0.01736	0.01125	0.01091	0.00359	0.01355	0.01004	0.00574	0.01347
55	0.02915	0.62337	0.05714	0.01866	0.02799	0.04314	0.01866	0.03265	0.02215	0.02565	0.01516	0.01749	0.01399	0.00933	0.00700	0.00233	0.01166	0.00583	0.00466	0.01399
56	0.03921	0.12695	0.03434	0.02685	0.03296	0.50350	0.02075	0.04211	0.02975	0.02655	0.01663	0.01938	0.01404	0.01099	0.00946	0.00275	0.01861	0.00687	0.00549	0.01282
57	0.02261	0.01938	0.02261	0.01615	0.02584	0.01453	0.01292	0.02745	0.02261	0.03553	0.01938	0.02261	0.01615	0.00807	0.00807	0.00161	0.00807	0.00646	0.00646	0.68346
58	0.02596	0.02819	0.03462	0.41070	0.06350	0.16028	0.06379	0.03227	0.02435	0.02810	0.01895	0.02677	0.01456	0.01086	0.01078	0.00343	0.01609	0.00927	0.00509	0.01244
59	0.01328	0.00949	0.01265	0.01518	0.01581	0.00886	0.01012	0.01518	0.02088	0.02783	0.06010	0.60969	0.07212	0.03416	0.01392	0.00443	0.00633	0.03100	0.01012	0.00886
60	0.02712	0.02342	0.02465	0.02219	0.02835	0.02712	0.01726	0.05794	0.52909	0.04561	0.04438	0.04068	0.03328	0.01479	0.01109	0.00370	0.00863	0.01233	0.01109	0.01726
61	0.02810	0.02260	0.02379	0.02097	0.02699	0.02575	0.01643	0.11326	0.39924	0.04799	0.04082	0.03877	0.03064	0.01429	0.01061	0.00349	0.00860	0.01171	0.09944	0.01649
62	0.02059	0.01938	0.03270	0.59060	0.07510	0.02422	0.03028	0.02786	0.02180	0.02786	0.01938	0.02907	0.01453	0.01090	0.01090	0.00363	0.01453	0.00969	0.00484	0.01211
63	0.02340	0.02857	0.10245	0.44257	0.06596	0.09639	0.03040	0.03080	0.02316	0.02859	0.01907	0.02703	0.01437	0.01087	0.01069	0.00350	0.01542	0.00912	0.00491	0.01271
64	0.11163	0.13732	0.36542	0.03009	0.08468	0.02803	0.03259	0.03382	0.02246	0.03513	0.01839	0.02181	0.01388	0.01011	0.00940	0.00325	0.01414	0.00757	0.00496	0.01532
65	0.45999	0.15315	0.02616	0.01632	0.02356	0.02890	0.01403	0.03562	0.08706	0.04339	0.01905	0.02071	0.01513	0.01057	0.00738	0.00319	0.00917	0.00674	0.00687	0.01301
66	0.69383	0.02109	0.01603	0.01434	0.02109	0.02446	0.01181	0.03205	0.01856	0.04892	0.01518	0.01771	0.01181	0.01012	0.00675	0.00337	0.00843	0.00590	0.00675	0.01181

[dist]
# distance from previous block
# <min> <max>
0	5

[block]
# block no. 9 follows, 12 sequences, length 10
# corresponding to MSA columns:
# 1248-1257
name=unknown_J
#
# <colnr> <probs for GDERKNQSTAVLIFYWHMCP>
#	G	D	E	R	K	N	Q	S	T	A	V	L	I	F	Y	W	H	M	C	P
0	0.02156	0.02021	0.02791	0.02449	0.02470	0.02726	0.01972	0.02369	0.01664	0.02524	0.01944	0.03424	0.02016	0.13086	0.09709	0.00716	0.43277	0.01088	0.00521	0.01076
1	0.02939	0.02238	0.03793	0.11368	0.04346	0.02260	0.17987	0.04081	0.12687	0.15452	0.03446	0.08731	0.02715	0.01387	0.01188	0.00368	0.01265	0.01353	0.00879	0.01517
2	0.02261	0.01938	0.02261	0.01615	0.02584	0.01453	0.01292	0.02745	0.02261	0.03553	0.01938	0.02261	0.01615	0.00807	0.00807	0.00161	0.00807	0.00646	0.00646	0.68346
3	0.03646	0.01564	0.02136	0.01776	0.02368	0.01391	0.01432	0.04008	0.02901	0.35454	0.14692	0.05303	0.04506	0.01903	0.01473	0.06870	0.00849	0.05042	0.01206	0.01480
4	0.02059	0.01938	0.03270	0.59060	0.07510	0.02422	0.03028	0.02786	0.02180	0.02786	0.01938	0.02907	0.01453	0.01090	0.01090	0.00363	0.01453	0.00969	0.00484	0.01211
5	0.01359	0.01107	0.01203	0.01179	0.01516	0.00951	0.00884	0.01702	0.02652	0.03342	0.23067	0.09841	0.42167	0.02613	0.01288	0.00361	0.00542	0.02210	0.01065	0.00951
6	0.01543	0.01115	0.01457	0.01372	0.01629	0.01029	0.01029	0.02058	0.03086	0.04372	0.54304	0.08145	0.10288	0.02229	0.01286	0.00343	0.00514	0.01972	0.01200	0.01029
7	0.01682	0.01271	0.01845	0.10400	0.02854	0.01326	0.01738	0.02130	0.02342	0.03057	0.05266	0.24536	0.05817	0.02838	0.01412	0.00465	0.00967	0.28122	0.00929	0.01002
8	0.03756	0.02764	0.03001	0.02339	0.03119	0.03030	0.01916	0.43890	0.04822	0.06498	0.10345	0.03444	0.03115	0.01446	0.01120	0.00330	0.01097	0.01130	0.01107	0.01731
9	0.02059	0.01938	0.03270	0.59060	0.07510	0.02422	0.03028	0.02786	0.02180	0.02786	0.01938	0.02907	0.01453	0.01090	0.01090	0.00363	0.01453	0.00969	0.00484	0.01211

[dist]
# distance from previous block
# <min> <max>
8	13

[block]
# block no. 10 follows, 12 sequences, length 13
# corresponding to MSA columns:
# 1272-1284
name=unknown_K
#
# <colnr> <probs for GDERKNQSTAVLIFYWHMCP>
#	G	D	E	R	K	N	Q	S	T	A	V	L	I	F	Y	W	H	M	C	P
0	0.02011	0.01643	0.02041	0.09229	0.02814	0.01788	0.01530	0.03433	0.20037	0.04229	0.30351	0.06061	0.06745	0.01823	0.01200	0.00355	0.00757	0.01587	0.01075	0.01292
1	0.03509	0.17383	0.03681	0.02284	0.03111	0.03453	0.01941	0.28893	0.15579	0.05279	0.02774	0.02744	0.02087	0.01257	0.00999	0.00314	0.01113	0.00943	0.00942	0.01713
2	0.02180	0.06445	0.13251	0.02044	0.02637	0.01949	0.01935	0.05596	0.02671	0.06891	0.19795	0.14700	0.05429	0.01965	0.01426	0.00366	0.06941	0.01621	0.00894	0.01266
3	0.04892	0.01856	0.02530	0.01940	0.02783	0.01603	0.01603	0.05314	0.03121	0.55634	0.04302	0.03711	0.02699	0.01350	0.01096	0.00337	0.00928	0.01096	0.01350	0.01856
4	0.02726	0.02461	0.02494	0.01874	0.02783	0.08050	0.01492	0.09617	0.02750	0.03910	0.02003	0.02277	0.01624	0.00912	0.00866	0.00198	0.00993	0.00699	0.00698	0.51572
5	0.02712	0.02342	0.02465	0.02219	0.02835	0.02712	0.01726	0.05794	0.52909	0.04561	0.04438	0.04068	0.03328	0.01479	0.01109	0.00370	0.00863	0.01233	0.01109	0.01726
6	0.01315	0.01106	0.01141	0.01132	0.01489	0.00932	0.00849	0.01615	0.02547	0.03092	0.15483	0.10252	0.49908	0.02707	0.01288	0.00366	0.00548	0.02267	0.01032	0.00932
7	0.01543	0.01115	0.01457	0.01372	0.01629	0.01029	0.01029	0.02058	0.03086	0.04372	0.54304	0.08145	0.10288	0.02229	0.01286	0.00343	0.00514	0.01972	0.01200	0.01029
8	0.02251	0.01272	0.01704	0.01779	0.02098	0.01217	0.01468	0.02684	0.02510	0.12196	0.05274	0.18403	0.05376	0.02572	0.01318	0.00431	0.00860	0.25639	0.09817	0.01130
9	0.02712	0.02342	0.02465	0.02219	0.02835	0.02712	0.01726	0.05794	0.52909	0.04561	0.04438	0.04068	0.03328	0.01479	0.01109	0.00370	0.00863	0.01233	0.01109	0.01726
10	0.02645	0.02580	0.04624	0.08605	0.04708	0.02611	0.27700	0.10154	0.09550	0.04134	0.08436	0.03631	0.02862	0.01210	0.01218	0.00359	0.01437	0.01286	0.00766	0.01483
11	0.02914	0.02040	0.03162	0.32647	0.12109	0.02265	0.02593	0.03769	0.07090	0.16329	0.02775	0.03188	0.01974	0.01175	0.01092	0.00352	0.01247	0.01025	0.00766	0.01488
12	0.60384	0.02239	0.01833	0.01582	0.02284	0.02575	0.01304	0.09831	0.02307	0.05165	0.01670	0.01888	0.01274	0.01053	0.00732	0.00336	0.00893	0.00644	0.00732	0.01274

[dist]
# distance from previous block
# <min> <max>
0	1

[block]
# block no. 11 follows, 12 sequences, length 20
# corresponding to MSA columns:
# 1286-1305
name=unknown_L
#
# <colnr> <probs for GDERKNQSTAVLIFYWHMCP>
#	G	D	E	R	K	N	Q	S	T	A	V	L	I	F	Y	W	H	M	C	P
0	0.17352	0.01904	0.02351	0.01842	0.02653	0.01766	0.01521	0.04906	0.02876	0.45830	0.03764	0.03336	0.02406	0.01284	0.01015	0.00337	0.00912	0.00999	0.01219	0.01725
1	0.02236	0.02118	0.03590	0.44583	0.20605	0.02469	0.03116	0.02941	0.02264	0.03000	0.01969	0.02849	0.01529	0.01057	0.01087	0.00352	0.01410	0.00970	0.00500	0.01354
2	0.02355	0.02056	0.02797	0.18733	0.09567	0.02086	0.02090	0.06109	0.08652	0.03609	0.02589	0.06918	0.02205	0.01205	0.01014	0.00292	0.01063	0.01041	0.00699	0.24920
3	0.02907	0.21991	0.15511	0.17484	0.04481	0.02891	0.02602	0.03574	0.02400	0.13073	0.02264	0.02560	0.01661	0.01078	0.00955	0.00313	0.01295	0.00835	0.00641	0.01484
4	0.01536	0.01036	0.01204	0.01253	0.01265	0.01024	0.00729	0.01573	0.01683	0.02243	0.03933	0.17537	0.04592	0.50423	0.04746	0.00938	0.00975	0.01878	0.00729	0.00704
5	0.03021	0.02731	0.05680	0.04082	0.05135	0.02534	0.41391	0.03845	0.02679	0.13567	0.02611	0.03090	0.01856	0.01002	0.01250	0.00362	0.01662	0.01250	0.00706	0.01545
6	0.03605	0.07143	0.09337	0.03594	0.17205	0.02507	0.05761	0.11134	0.03057	0.21492	0.02854	0.02932	0.02007	0.01149	0.01068	0.00328	0.01218	0.00990	0.00881	0.01735
7	0.02528	0.01797	0.05622	0.06090	0.02955	0.01513	0.05776	0.03017	0.02568	0.16646	0.05639	0.15013	0.13765	0.02161	0.01264	0.00394	0.00981	0.10006	0.00987	0.01281
8	0.01328	0.00949	0.01265	0.01518	0.01581	0.00886	0.01012	0.01518	0.02088	0.02783	0.06010	0.60969	0.07212	0.03416	0.01392	0.00443	0.00633	0.03100	0.01012	0.00886
9	0.02167	0.02099	0.03703	0.48906	0.11260	0.02472	0.08150	0.02908	0.02247	0.02926	0.01976	0.02893	0.01498	0.01062	0.01110	0.00361	0.01481	0.01003	0.00496	0.01282
10	0.08226	0.14241	0.07842	0.06350	0.03429	0.02856	0.02074	0.18218	0.03324	0.19055	0.02699	0.02695	0.01890	0.01189	0.00984	0.00317	0.01146	0.00895	0.00918	0.01654
11	0.02585	0.02115	0.03565	0.19005	0.25213	0.02191	0.05816	0.03177	0.02428	0.09467	0.02878	0.11387	0.02566	0.01401	0.01143	0.00356	0.01232	0.01317	0.00692	0.01467
12	0.69383	0.02109	0.01603	0.01434	0.02109	0.02446	0.01181	0.03205	0.01856	0.04892	0.01518	0.01771	0.01181	0.01012	0.00675	0.00337	0.00843	0.00590	0.00675	0.01181
13	0.01543	0.01115	0.01457	0.01372	0.01629	0.01029	0.01029	0.02058	0.03086	0.04372	0.54304	0.08145	0.10288	0.02229	0.01286	0.00343	0.00514	0.01972	0.01200	0.01029
14	0.02328	0.16594	0.46309	0.02868	0.04348	0.02877	0.03611	0.03417	0.02285	0.03282	0.01872	0.02195	0.01385	0.01016	0.00971	0.00324	0.01525	0.00763	0.00462	0.01570
15	0.01543	0.01115	0.01457	0.01372	0.01629	0.01029	0.01029	0.02058	0.03086	0.04372	0.54304	0.08145	0.10288	0.02229	0.01286	0.00343	0.00514	0.01972	0.01200	0.01029
16	0.01491	0.01090	0.01400	0.01371	0.01609	0.00999	0.01010	0.01938	0.02892	0.04023	0.43697	0.15978	0.13542	0.02445	0.01302	0.00359	0.00535	0.02163	0.01157	0.00999
17	0.02228	0.05353	0.50755	0.03266	0.04823	0.02556	0.09017	0.03457	0.02331	0.03457	0.01983	0.02370	0.01410	0.01023	0.01063	0.00348	0.01636	0.00857	0.00470	0.01596
18	0.01586	0.01057	0.01189	0.01189	0.01189	0.01057	0.00661	0.01586	0.01586	0.02114	0.03436	0.07135	0.03964	0.61681	0.05550	0.01057	0.01057	0.01586	0.00661	0.00661
