[name]
unknown

[dist]
# distance from previous block
# <min> <max>
0	96

[block]
# block no. 0 follows, 12 sequences, length 57
# corresponding to MSA columns:
# 96-152
name=unknown_A
#
# <colnr> <probs for GDERKNQSTAVLIFYWHMCP>
#	G	D	E	R	K	N	Q	S	T	A	V	L	I	F	Y	W	H	M	C	P
0	0.01543	0.01115	0.01457	0.01372	0.01629	0.01029	0.01029	0.02058	0.03086	0.04372	0.54304	0.08145	0.10288	0.02229	0.01286	0.00343	0.00514	0.01972	0.01200	0.01029
1	0.04892	0.01856	0.02530	0.01940	0.02783	0.01603	0.01603	0.05314	0.03121	0.55634	0.04302	0.03711	0.02699	0.01350	0.01096	0.00337	0.00928	0.01096	0.01350	0.01856
2	0.69383	0.02109	0.01603	0.01434	0.02109	0.02446	0.01181	0.03205	0.01856	0.04892	0.01518	0.01771	0.01181	0.01012	0.00675	0.00337	0.00843	0.00590	0.00675	0.01181
3	0.04491	0.02088	0.02599	0.02011	0.02817	0.01998	0.01655	0.16456	0.03553	0.39680	0.03829	0.03468	0.02497	0.01333	0.01070	0.00329	0.00963	0.01062	0.06309	0.01792
4	0.04578	0.02359	0.02842	0.02179	0.03035	0.02350	0.01800	0.24606	0.03963	0.35152	0.03594	0.03252	0.02344	0.01332	0.01094	0.00333	0.01042	0.01048	0.01241	0.01855
5	0.01369	0.00966	0.01253	0.01467	0.01520	0.00912	0.00957	0.01529	0.02009	0.02679	0.05607	0.52540	0.06703	0.12539	0.02043	0.00539	0.00699	0.02863	0.00957	0.00850
6	0.04892	0.01856	0.02530	0.01940	0.02783	0.01603	0.01603	0.05314	0.03121	0.55634	0.04302	0.03711	0.02699	0.01350	0.01096	0.00337	0.00928	0.01096	0.01350	0.01856
7	0.01827	0.01463	0.02044	0.01918	0.02050	0.01820	0.01507	0.02154	0.01771	0.02676	0.02640	0.04018	0.02503	0.10634	0.32687	0.01199	0.17458	0.01134	0.07489	0.01007
8	0.15136	0.02319	0.03364	0.02580	0.03387	0.02339	0.14228	0.10994	0.06865	0.16763	0.08186	0.03491	0.02866	0.01274	0.01090	0.00347	0.01140	0.01139	0.00952	0.01541
9	0.02051	0.02104	0.04263	0.03303	0.03969	0.01971	0.29956	0.02663	0.02369	0.03195	0.03804	0.27315	0.03989	0.01968	0.01331	0.00399	0.01332	0.02048	0.00745	0.01225
10	0.53292	0.02046	0.01834	0.01560	0.02277	0.02236	0.01286	0.03731	0.02171	0.17552	0.02213	0.02255	0.01560	0.01096	0.00780	0.00337	0.00864	0.00717	0.00843	0.01349
11	0.07558	0.08529	0.02944	0.07166	0.15710	0.10617	0.01974	0.03018	0.02462	0.03436	0.07106	0.08984	0.03052	0.01406	0.00996	0.00315	0.01105	0.01170	0.11168	0.01286
12	0.02802	0.29240	0.26467	0.02488	0.03697	0.03420	0.02807	0.10856	0.02708	0.03612	0.01874	0.02117	0.01463	0.01035	0.00902	0.00295	0.01358	0.00739	0.00562	0.01560
13	0.69383	0.02109	0.01603	0.01434	0.02109	0.02446	0.01181	0.03205	0.01856	0.04892	0.01518	0.01771	0.01181	0.01012	0.00675	0.00337	0.00843	0.00590	0.00675	0.01181
14	0.02059	0.01938	0.03270	0.59060	0.07510	0.02422	0.03028	0.02786	0.02180	0.02786	0.01938	0.02907	0.01453	0.01090	0.01090	0.00363	0.01453	0.00969	0.00484	0.01211
15	0.02281	0.02257	0.03376	0.49306	0.12075	0.06687	0.02990	0.02965	0.02282	0.02857	0.01930	0.02813	0.01478	0.01080	0.01081	0.00353	0.01477	0.00949	0.00496	0.01269
16	0.01543	0.01115	0.01457	0.01372	0.01629	0.01029	0.01029	0.02058	0.03086	0.04372	0.54304	0.08145	0.10288	0.02229	0.01286	0.00343	0.00514	0.01972	0.01200	0.01029
17	0.01328	0.00949	0.01265	0.01518	0.01581	0.00886	0.01012	0.01518	0.02088	0.02783	0.06010	0.60969	0.07212	0.03416	0.01392	0.00443	0.00633	0.03100	0.01012	0.00886
18	0.01473	0.00975	0.01238	0.01416	0.01530	0.00921	0.00969	0.01748	0.02211	0.03151	0.09806	0.46189	0.06693	0.02929	0.01270	0.00400	0.00600	0.02629	0.12929	0.00921
19	0.01360	0.01004	0.01273	0.01425	0.01572	0.00917	0.00985	0.01622	0.02331	0.03093	0.15446	0.43303	0.15474	0.03097	0.01356	0.00413	0.00598	0.02768	0.01046	0.00917
20	0.02187	0.05640	0.56031	0.03108	0.04719	0.02532	0.04029	0.03453	0.02302	0.03453	0.01957	0.02302	0.01381	0.01036	0.01036	0.00345	0.01611	0.00806	0.00460	0.01611
21	0.02059	0.01938	0.03270	0.59060	0.07510	0.02422	0.03028	0.02786	0.02180	0.02786	0.01938	0.02907	0.01453	0.01090	0.01090	0.00363	0.01453	0.00969	0.00484	0.01211
22	0.02915	0.62337	0.05714	0.01866	0.02799	0.04314	0.01866	0.03265	0.02215	0.02565	0.01516	0.01749	0.01399	0.00933	0.00700	0.00233	0.01166	0.00583	0.00466	0.01399
23	0.01757	0.01079	0.01432	0.01575	0.01730	0.01007	0.01107	0.01981	0.02186	0.08216	0.05581	0.45947	0.06371	0.08416	0.01746	0.00492	0.00734	0.06653	0.01015	0.00976
24	0.03952	0.02801	0.03047	0.02397	0.03219	0.03077	0.01960	0.38131	0.13854	0.11343	0.03127	0.02999	0.02215	0.01345	0.01095	0.00336	0.01110	0.01040	0.01120	0.01830
25	0.02551	0.03198	0.13017	0.03734	0.04786	0.02711	0.30611	0.04099	0.15922	0.03771	0.02761	0.03143	0.02058	0.01086	0.01201	0.00365	0.01544	0.01198	0.00686	0.01560
26	0.02261	0.01938	0.02261	0.01615	0.02584	0.01453	0.01292	0.02745	0.02261	0.03553	0.01938	0.02261	0.01615	0.00807	0.00807	0.00161	0.00807	0.00646	0.00646	0.68346
27	0.02629	0.47060	0.10248	0.01918	0.02816	0.03625	0.01960	0.03098	0.02359	0.02935	0.09692	0.02791	0.02766	0.01143	0.00825	0.00262	0.01112	0.00820	0.00579	0.01364
28	0.02059	0.01938	0.03270	0.59060	0.07510	0.02422	0.03028	0.02786	0.02180	0.02786	0.01938	0.02907	0.01453	0.01090	0.01090	0.00363	0.01453	0.00969	0.00484	0.01211
29	0.01289	0.01105	0.01105	0.01105	0.01473	0.00920	0.00828	0.01565	0.02485	0.02946	0.11046	0.10493	0.54437	0.02761	0.01289	0.00368	0.00552	0.02301	0.01013	0.00920
30	0.01543	0.01115	0.01457	0.01372	0.01629	0.01029	0.01029	0.02058	0.03086	0.04372	0.54304	0.08145	0.10288	0.02229	0.01286	0.00343	0.00514	0.01972	0.01200	0.01029
31	0.69383	0.02109	0.01603	0.01434	0.02109	0.02446	0.01181	0.03205	0.01856	0.04892	0.01518	0.01771	0.01181	0.01012	0.00675	0.00337	0.00843	0.00590	0.00675	0.01181
32	0.02187	0.05640	0.56031	0.03108	0.04719	0.02532	0.04029	0.03453	0.02302	0.03453	0.01957	0.02302	0.01381	0.01036	0.01036	0.00345	0.01611	0.00806	0.00460	0.01611
33	0.01328	0.00949	0.01265	0.01518	0.01581	0.00886	0.01012	0.01518	0.02088	0.02783	0.06010	0.60969	0.07212	0.03416	0.01392	0.00443	0.00633	0.03100	0.01012	0.00886
34	0.01328	0.00949	0.01265	0.01518	0.01581	0.00886	0.01012	0.01518	0.02088	0.02783	0.06010	0.60969	0.07212	0.03416	0.01392	0.00443	0.00633	0.03100	0.01012	0.00886
35	0.02574	0.02941	0.06434	0.04596	0.05699	0.02757	0.50919	0.03493	0.02574	0.03493	0.02206	0.02941	0.01654	0.00919	0.01287	0.00368	0.01838	0.01287	0.00551	0.01471
36	0.02261	0.01938	0.02261	0.01615	0.02584	0.01453	0.01292	0.02745	0.02261	0.03553	0.01938	0.02261	0.01615	0.00807	0.00807	0.00161	0.00807	0.00646	0.00646	0.68346
37	0.69383	0.02109	0.01603	0.01434	0.02109	0.02446	0.01181	0.03205	0.01856	0.04892	0.01518	0.01771	0.01181	0.01012	0.00675	0.00337	0.00843	0.00590	0.00675	0.01181
38	0.69383	0.02109	0.01603	0.01434	0.02109	0.02446	0.01181	0.03205	0.01856	0.04892	0.01518	0.01771	0.01181	0.01012	0.00675	0.00337	0.00843	0.00590	0.00675	0.01181
39	0.01556	0.01163	0.01723	0.01714	0.01915	0.01329	0.01329	0.01958	0.01886	0.02716	0.08088	0.04672	0.03486	0.07579	0.51721	0.01611	0.02679	0.01249	0.00646	0.00979
40	0.01489	0.01133	0.01608	0.02039	0.07083	0.01074	0.01254	0.01754	0.02216	0.03003	0.09835	0.50328	0.06916	0.03060	0.01350	0.00422	0.00691	0.02781	0.00980	0.00985
41	0.02401	0.01829	0.02879	0.03892	0.24308	0.01793	0.02292	0.02907	0.02494	0.08580	0.04099	0.15023	0.04152	0.02051	0.01268	0.00401	0.01061	0.16351	0.00845	0.01375
42	0.01328	0.00949	0.01265	0.01518	0.01581	0.00886	0.01012	0.01518	0.02088	0.02783	0.06010	0.60969	0.07212	0.03416	0.01392	0.00443	0.00633	0.03100	0.01012	0.00886
43	0.02647	0.02897	0.09615	0.06332	0.49835	0.02585	0.03415	0.03357	0.02465	0.03551	0.02041	0.02659	0.01692	0.00978	0.01075	0.00326	0.01327	0.00955	0.00532	0.01715
44	0.02113	0.03493	0.25432	0.35558	0.06338	0.02469	0.03448	0.03066	0.02231	0.03066	0.01946	0.02653	0.01423	0.01067	0.01067	0.00356	0.01520	0.00900	0.00474	0.01379
45	0.01367	0.00976	0.01309	0.01562	0.01643	0.00919	0.01079	0.01585	0.02126	0.02827	0.05988	0.56585	0.07127	0.03380	0.01402	0.00448	0.00666	0.07103	0.01011	0.00896
46	0.69383	0.02109	0.01603	0.01434	0.02109	0.02446	0.01181	0.03205	0.01856	0.04892	0.01518	0.01771	0.01181	0.01012	0.00675	0.00337	0.00843	0.00590	0.00675	0.01181
47	0.01328	0.00949	0.01265	0.01518	0.01581	0.00886	0.01012	0.01518	0.02088	0.02783	0.06010	0.60969	0.07212	0.03416	0.01392	0.00443	0.00633	0.03100	0.01012	0.00886
48	0.09976	0.03854	0.28974	0.02515	0.03724	0.02296	0.02800	0.08027	0.02756	0.20627	0.02720	0.02727	0.01824	0.01157	0.01024	0.00340	0.01280	0.00892	0.00820	0.01667
49	0.09769	0.08300	0.07995	0.02656	0.03322	0.03242	0.05807	0.19486	0.03038	0.04431	0.01954	0.02380	0.01560	0.01380	0.01796	0.00371	0.19407	0.00906	0.00710	0.01492
50	0.02530	0.01162	0.01280	0.01177	0.01533	0.01118	0.00908	0.03023	0.02432	0.13033	0.03686	0.04004	0.02778	0.01284	0.00820	0.00269	0.00581	0.01030	0.56190	0.01162
51	0.01823	0.01313	0.01564	0.01463	0.01782	0.01319	0.01108	0.02783	0.11622	0.04357	0.37690	0.06797	0.07905	0.01949	0.01173	0.00334	0.00574	0.01694	0.11602	0.01148
52	0.02661	0.42559	0.23266	0.02299	0.03469	0.03693	0.02620	0.03331	0.02246	0.02875	0.01670	0.01942	0.01393	0.00969	0.00817	0.00272	0.01321	0.00661	0.00464	0.01473
53	0.46856	0.02999	0.06645	0.02225	0.06599	0.12368	0.01752	0.03444	0.02164	0.04268	0.01626	0.01922	0.01280	0.01031	0.00792	0.00327	0.01145	0.00658	0.00626	0.01274
54	0.01289	0.01105	0.01105	0.01105	0.01473	0.00920	0.00828	0.01565	0.02485	0.02946	0.11046	0.10493	0.54437	0.02761	0.01289	0.00368	0.00552	0.02301	0.01013	0.00920
55	0.08420	0.57349	0.05373	0.01830	0.02741	0.04160	0.01809	0.03260	0.02186	0.02758	0.01516	0.01751	0.01381	0.00939	0.00698	0.00242	0.01139	0.00584	0.00484	0.01381
56	0.04706	0.02155	0.02715	0.02082	0.02933	0.02046	0.01720	0.16773	0.03621	0.43468	0.03882	0.03438	0.02488	0.01339	0.01095	0.00335	0.00996	0.01068	0.01285	0.01855

[dist]
# distance from previous block
# <min> <max>
1	44

[block]
# block no. 1 follows, 12 sequences, length 16
# corresponding to MSA columns:
# 197-209,211-213
name=unknown_B
#
# <colnr> <probs for GDERKNQSTAVLIFYWHMCP>
#	G	D	E	R	K	N	Q	S	T	A	V	L	I	F	Y	W	H	M	C	P
0	0.02543	0.02788	0.09547	0.10423	0.40021	0.02453	0.03179	0.03246	0.02414	0.03481	0.02019	0.02630	0.01655	0.00972	0.01048	0.00313	0.01293	0.00920	0.00537	0.08518
1	0.01543	0.01115	0.01457	0.01372	0.01629	0.01029	0.01029	0.02058	0.03086	0.04372	0.54304	0.08145	0.10288	0.02229	0.01286	0.00343	0.00514	0.01972	0.01200	0.01029
2	0.01714	0.01376	0.02062	0.02180	0.05940	0.01595	0.01567	0.02123	0.01937	0.02805	0.08006	0.04394	0.03314	0.06475	0.42645	0.01388	0.07571	0.01217	0.00635	0.01055
3	0.69383	0.02109	0.01603	0.01434	0.02109	0.02446	0.01181	0.03205	0.01856	0.04892	0.01518	0.01771	0.01181	0.01012	0.00675	0.00337	0.00843	0.00590	0.00675	0.01181
4	0.01558	0.01168	0.01752	0.01752	0.01947	0.01363	0.01363	0.01947	0.01752	0.02531	0.02921	0.04283	0.02726	0.08178	0.57360	0.01752	0.02921	0.01168	0.00584	0.00974
5	0.03494	0.01671	0.02008	0.01685	0.02285	0.01627	0.01345	0.04477	0.12805	0.28065	0.04078	0.03902	0.02857	0.01349	0.00987	0.00316	0.00774	0.01097	0.23632	0.01547
6	0.01620	0.01157	0.01599	0.01851	0.02042	0.01137	0.01518	0.02021	0.02375	0.03109	0.05849	0.27906	0.06575	0.03142	0.01469	0.00483	0.00885	0.33290	0.01007	0.00966
7	0.01577	0.01092	0.01366	0.01366	0.01428	0.01153	0.00882	0.01699	0.01638	0.02245	0.03273	0.06238	0.03574	0.44844	0.21854	0.01276	0.01643	0.01454	0.00637	0.00759
8	0.02699	0.02591	0.04426	0.06693	0.54879	0.02591	0.03346	0.03346	0.02483	0.03562	0.02051	0.02699	0.01727	0.00972	0.01079	0.00324	0.01295	0.00972	0.00540	0.01727
9	0.15927	0.20665	0.12166	0.02331	0.03189	0.23066	0.02175	0.03683	0.02481	0.03193	0.01650	0.01923	0.01356	0.01035	0.00853	0.00289	0.01470	0.00664	0.00540	0.01343
10	0.50976	0.07138	0.06126	0.02253	0.09036	0.02617	0.01710	0.03245	0.01995	0.04440	0.01617	0.01925	0.01281	0.01002	0.00754	0.00328	0.00980	0.00653	0.00626	0.01298
11	0.12151	0.03394	0.17303	0.23541	0.05094	0.07427	0.02833	0.09307	0.02621	0.03775	0.01947	0.02461	0.01441	0.01095	0.01007	0.00343	0.01422	0.00849	0.00589	0.01401
12	0.02094	0.03911	0.31939	0.02833	0.03864	0.02330	0.07281	0.03006	0.02293	0.03377	0.09018	0.03360	0.02745	0.02050	0.07358	0.00512	0.08984	0.01061	0.00583	0.01401
13	0.04797	0.02008	0.02624	0.02012	0.02859	0.01828	0.01662	0.11136	0.03375	0.49453	0.04088	0.03573	0.02592	0.01344	0.01096	0.00336	0.00962	0.01082	0.01317	0.01855
14	0.02121	0.01756	0.02465	0.08698	0.14868	0.01852	0.01885	0.03155	0.12597	0.03798	0.14483	0.12632	0.04757	0.01737	0.01142	0.00351	0.00879	0.01547	0.07949	0.01328
15	0.01533	0.01141	0.01444	0.01443	0.01723	0.01052	0.01133	0.01995	0.02846	0.03853	0.35578	0.09466	0.18683	0.02497	0.01331	0.00380	0.00620	0.11161	0.01122	0.01001

[dist]
# distance from previous block
# <min> <max>
0	43

[block]
# block no. 2 follows, 12 sequences, length 29
# corresponding to MSA columns:
# 257-285
name=unknown_C
#
# <colnr> <probs for GDERKNQSTAVLIFYWHMCP>
#	G	D	E	R	K	N	Q	S	T	A	V	L	I	F	Y	W	H	M	C	P
0	0.02298	0.01931	0.03208	0.54248	0.07112	0.02353	0.02908	0.02999	0.02259	0.07238	0.02137	0.02975	0.01558	0.01112	0.01091	0.00361	0.01409	0.00980	0.00557	0.01266
1	0.01586	0.01057	0.01189	0.01189	0.01189	0.01057	0.00661	0.01586	0.01586	0.02114	0.03436	0.07135	0.03964	0.61681	0.05550	0.01057	0.01057	0.01586	0.00661	0.00661
2	0.01523	0.01114	0.01429	0.01350	0.01616	0.01020	0.01013	0.02018	0.03038	0.04257	0.50813	0.08334	0.13851	0.02272	0.01286	0.00345	0.00517	0.01998	0.01185	0.01020
3	0.02433	0.02651	0.05628	0.04150	0.05106	0.02499	0.42453	0.03280	0.02563	0.03453	0.02820	0.04553	0.02450	0.01280	0.01325	0.00391	0.01695	0.09252	0.00629	0.01390
4	0.02574	0.02649	0.04273	0.23858	0.25721	0.07172	0.11512	0.03266	0.02447	0.03210	0.02009	0.02751	0.01594	0.01016	0.01111	0.00341	0.01501	0.01003	0.00525	0.01467
5	0.01328	0.00949	0.01265	0.01518	0.01581	0.00886	0.01012	0.01518	0.02088	0.02783	0.06010	0.60969	0.07212	0.03416	0.01392	0.00443	0.00633	0.03100	0.01012	0.00886
6	0.02059	0.01938	0.03270	0.59060	0.07510	0.02422	0.03028	0.02786	0.02180	0.02786	0.01938	0.02907	0.01453	0.01090	0.01090	0.00363	0.01453	0.00969	0.00484	0.01211
7	0.02442	0.03128	0.17498	0.08595	0.04687	0.02292	0.21693	0.03288	0.02442	0.07999	0.03129	0.03608	0.06309	0.01755	0.05762	0.00472	0.01639	0.01196	0.00637	0.01428
8	0.04448	0.02080	0.02922	0.02819	0.11976	0.01917	0.01946	0.08616	0.03168	0.42621	0.03773	0.03447	0.02461	0.01280	0.01093	0.00334	0.01014	0.01065	0.01187	0.01833
9	0.04892	0.01856	0.02530	0.01940	0.02783	0.01603	0.01603	0.05314	0.03121	0.55634	0.04302	0.03711	0.02699	0.01350	0.01096	0.00337	0.00928	0.01096	0.01350	0.01856
10	0.03221	0.01681	0.02289	0.07319	0.02938	0.01657	0.01687	0.07704	0.02900	0.25201	0.08193	0.09689	0.04016	0.02451	0.06515	0.00506	0.01145	0.08366	0.01082	0.01440
11	0.26550	0.02753	0.07078	0.02790	0.11099	0.02702	0.02078	0.18951	0.03161	0.09788	0.02244	0.02409	0.01638	0.01134	0.00940	0.00333	0.01099	0.00840	0.00831	0.01580
12	0.02802	0.02070	0.02729	0.06647	0.03133	0.06977	0.09544	0.03569	0.06800	0.12940	0.10949	0.04150	0.03537	0.01362	0.01062	0.00321	0.01042	0.01204	0.17824	0.01337
13	0.02380	0.12948	0.11339	0.02749	0.11965	0.02273	0.02143	0.02991	0.02365	0.03436	0.06160	0.02735	0.02269	0.01008	0.00910	0.00245	0.01052	0.00824	0.00614	0.29593
14	0.24832	0.02934	0.02720	0.07876	0.07298	0.12627	0.01950	0.15069	0.07240	0.04632	0.02138	0.02382	0.01631	0.01147	0.00937	0.00329	0.01226	0.00824	0.00762	0.01448
15	0.01521	0.01114	0.01427	0.01349	0.01615	0.01019	0.01011	0.02015	0.03034	0.04249	0.50566	0.08348	0.14103	0.02275	0.01286	0.00345	0.00518	0.02000	0.01184	0.01019
16	0.02694	0.08265	0.06577	0.02249	0.02966	0.02851	0.01903	0.05388	0.44509	0.04293	0.03985	0.03723	0.03007	0.01396	0.01065	0.00355	0.00945	0.01141	0.01002	0.01687
17	0.01696	0.01126	0.01415	0.01455	0.01719	0.01017	0.01079	0.02029	0.02545	0.07557	0.18731	0.27221	0.19126	0.02768	0.01326	0.00397	0.00638	0.06055	0.01084	0.01017
18	0.01997	0.01870	0.03095	0.54366	0.07021	0.02301	0.02850	0.02687	0.02205	0.02799	0.02676	0.03521	0.05745	0.01225	0.01106	0.00364	0.01380	0.01077	0.00527	0.01188
19	0.02459	0.03326	0.14884	0.09253	0.05690	0.02687	0.38335	0.03422	0.02490	0.03422	0.02138	0.02826	0.01588	0.00955	0.01225	0.00363	0.01764	0.01173	0.00529	0.01472
20	0.53016	0.02044	0.01838	0.01562	0.02280	0.02232	0.01288	0.03740	0.02177	0.17770	0.02225	0.02264	0.01566	0.01098	0.00782	0.00337	0.00865	0.00719	0.00846	0.01352
21	0.02180	0.01820	0.02041	0.01938	0.02373	0.02045	0.01477	0.04117	0.32082	0.03805	0.04971	0.14118	0.07894	0.03000	0.10377	0.00608	0.01137	0.01618	0.01000	0.01399
22	0.01806	0.01173	0.01542	0.01416	0.01720	0.01074	0.01074	0.02313	0.03089	0.08400	0.50375	0.07796	0.09692	0.02160	0.01271	0.00342	0.00547	0.01903	0.01212	0.01094
23	0.02484	0.02372	0.04038	0.24265	0.38984	0.02534	0.03240	0.03158	0.02381	0.03302	0.02013	0.02769	0.01635	0.01011	0.01083	0.00337	0.01348	0.00971	0.00521	0.01554
24	0.02529	0.02112	0.03475	0.27226	0.25666	0.02287	0.02804	0.03128	0.02331	0.07810	0.02339	0.03295	0.01914	0.06794	0.01508	0.00411	0.01304	0.01040	0.00602	0.01426
25	0.01328	0.00949	0.01265	0.01518	0.01581	0.00886	0.01012	0.01518	0.02088	0.02783	0.06010	0.60969	0.07212	0.03416	0.01392	0.00443	0.00633	0.03100	0.01012	0.00886
26	0.01382	0.01005	0.01303	0.01446	0.01585	0.00926	0.01002	0.01665	0.02384	0.03218	0.19235	0.42932	0.11779	0.03049	0.01355	0.00410	0.00595	0.02737	0.01062	0.00926
27	0.03916	0.09794	0.03400	0.03009	0.08133	0.42063	0.02154	0.04251	0.02956	0.07766	0.01953	0.02181	0.01557	0.01113	0.00977	0.00286	0.01732	0.00754	0.00626	0.01376
28	0.08363	0.27978	0.17951	0.06495	0.03846	0.03288	0.07086	0.03491	0.06161	0.03253	0.01951	0.02268	0.01553	0.01018	0.00899	0.00304	0.01313	0.00785	0.00542	0.01454

[dist]
# distance from previous block
# <min> <max>
0	13

[block]
# block no. 3 follows, 12 sequences, length 7
# corresponding to MSA columns:
# 299-305
name=unknown_D
#
# <colnr> <probs for GDERKNQSTAVLIFYWHMCP>
#	G	D	E	R	K	N	Q	S	T	A	V	L	I	F	Y	W	H	M	C	P
0	0.03003	0.14420	0.07333	0.14626	0.07256	0.14300	0.02392	0.06580	0.02705	0.06935	0.02468	0.03550	0.02115	0.01310	0.01037	0.00329	0.01403	0.06193	0.00661	0.01383
1	0.55705	0.09123	0.02230	0.01583	0.02306	0.02747	0.01342	0.07654	0.02199	0.04808	0.01620	0.01847	0.01268	0.01030	0.00716	0.00324	0.00914	0.00626	0.00689	0.01268
2	0.18135	0.10048	0.14084	0.02332	0.03275	0.02563	0.06499	0.09048	0.02663	0.12878	0.02600	0.06765	0.02070	0.01267	0.00980	0.00336	0.01170	0.01012	0.00782	0.01492
3	0.02409	0.17559	0.38579	0.02730	0.04073	0.02941	0.03278	0.03697	0.08441	0.03395	0.02163	0.02397	0.01622	0.01067	0.00972	0.00324	0.01424	0.00809	0.00541	0.01579
4	0.01894	0.00947	0.01420	0.01420	0.01420	0.00947	0.00947	0.01420	0.01420	0.01894	0.01894	0.03314	0.01894	0.03788	0.04261	0.68277	0.00947	0.00947	0.00473	0.00473
5	0.02833	0.03720	0.18293	0.03372	0.10290	0.09249	0.08873	0.11221	0.07926	0.04109	0.07038	0.03142	0.02531	0.01218	0.01105	0.00337	0.01406	0.01050	0.00724	0.01563
6	0.08297	0.16985	0.35523	0.02588	0.03902	0.02812	0.03092	0.03574	0.02326	0.08494	0.02056	0.02278	0.01497	0.01043	0.00940	0.00320	0.01385	0.00769	0.00567	0.01554

[dist]
# distance from previous block
# <min> <max>
1	4

[block]
# block no. 4 follows, 12 sequences, length 11
# corresponding to MSA columns:
# 310-320
name=unknown_E
#
# <colnr> <probs for GDERKNQSTAVLIFYWHMCP>
#	G	D	E	R	K	N	Q	S	T	A	V	L	I	F	Y	W	H	M	C	P
0	0.18903	0.03232	0.18832	0.06822	0.04169	0.02387	0.15683	0.03191	0.02349	0.03883	0.08097	0.03077	0.02463	0.01143	0.01048	0.00350	0.01342	0.01033	0.00628	0.01369
1	0.11597	0.01708	0.02028	0.05649	0.02597	0.01623	0.01383	0.03125	0.05966	0.10810	0.19495	0.04475	0.04639	0.01436	0.01024	0.00296	0.00781	0.01193	0.00943	0.19233
2	0.01464	0.01111	0.01348	0.01289	0.01580	0.00995	0.00967	0.01905	0.02900	0.03930	0.40884	0.08873	0.23984	0.02394	0.01287	0.00351	0.00526	0.02074	0.01142	0.00995
3	0.23229	0.02331	0.02403	0.01993	0.02731	0.02552	0.01616	0.15055	0.16794	0.15789	0.03139	0.02991	0.02233	0.01276	0.00974	0.00344	0.00946	0.00958	0.01026	0.01620
4	0.69383	0.02109	0.01603	0.01434	0.02109	0.02446	0.01181	0.03205	0.01856	0.04892	0.01518	0.01771	0.01181	0.01012	0.00675	0.00337	0.00843	0.00590	0.00675	0.01181
5	0.01508	0.01113	0.01409	0.01335	0.01608	0.01014	0.01001	0.01990	0.03004	0.04177	0.48367	0.08467	0.16347	0.02302	0.01286	0.00346	0.00520	0.02017	0.01175	0.01014
6	0.03058	0.01920	0.02665	0.12398	0.03561	0.01994	0.05128	0.10200	0.07036	0.17319	0.07631	0.07994	0.03299	0.01492	0.01105	0.00343	0.01011	0.01290	0.09092	0.01461
7	0.02322	0.01326	0.01931	0.01795	0.02139	0.01418	0.01418	0.02719	0.02066	0.14709	0.03237	0.04152	0.02720	0.06612	0.44457	0.01428	0.02464	0.01152	0.00760	0.01176
8	0.02879	0.10546	0.03715	0.12317	0.21440	0.02723	0.02487	0.04094	0.15356	0.09354	0.02821	0.03063	0.02158	0.01156	0.01039	0.00331	0.01150	0.00998	0.00757	0.01618
9	0.10707	0.02123	0.08336	0.01855	0.02473	0.01796	0.01662	0.03327	0.06073	0.15506	0.16820	0.05259	0.11287	0.01739	0.01315	0.00358	0.05643	0.01382	0.00992	0.01348
10	0.34352	0.02877	0.07013	0.02662	0.08728	0.08929	0.05893	0.03721	0.05532	0.07950	0.02080	0.02326	0.01572	0.01070	0.00894	0.00334	0.01177	0.00799	0.00696	0.01394

[dist]
# distance from previous block
# <min> <max>
2	18

[block]
# block no. 5 follows, 12 sequences, length 27
# corresponding to MSA columns:
# 339-365
name=unknown_F
#
# <colnr> <probs for GDERKNQSTAVLIFYWHMCP>
#	G	D	E	R	K	N	Q	S	T	A	V	L	I	F	Y	W	H	M	C	P
0	0.08128	0.03125	0.16757	0.03221	0.08416	0.02351	0.14715	0.08224	0.02820	0.04160	0.13436	0.03757	0.03450	0.01287	0.01133	0.00346	0.01293	0.01196	0.00737	0.01449
1	0.02418	0.17885	0.21920	0.07664	0.04046	0.02882	0.06965	0.03611	0.10381	0.03431	0.06436	0.03025	0.02435	0.01171	0.01013	0.00326	0.01304	0.00970	0.00634	0.01484
2	0.02203	0.02078	0.03290	0.31162	0.13476	0.02560	0.02706	0.02729	0.02047	0.02811	0.01962	0.03119	0.01717	0.06697	0.02116	0.00448	0.16109	0.01021	0.00507	0.01241
3	0.02787	0.06951	0.07330	0.02078	0.02774	0.02402	0.01807	0.11246	0.20691	0.08924	0.16221	0.04510	0.04481	0.01550	0.01112	0.00341	0.00921	0.01282	0.01043	0.01546
4	0.03733	0.01720	0.02250	0.01824	0.02452	0.01606	0.01457	0.08307	0.03050	0.34138	0.11887	0.04642	0.03931	0.06941	0.06467	0.00521	0.01073	0.01271	0.01180	0.01550
5	0.01839	0.01543	0.02340	0.16865	0.08171	0.01764	0.01912	0.02241	0.02010	0.02730	0.03278	0.13737	0.03407	0.12754	0.11869	0.00746	0.05888	0.05186	0.00660	0.01058
6	0.10390	0.01877	0.02451	0.01897	0.02726	0.01674	0.01567	0.05134	0.03013	0.51308	0.04064	0.03546	0.02570	0.01321	0.01061	0.00337	0.00921	0.01053	0.01292	0.01798
7	0.02390	0.08591	0.03143	0.02236	0.02740	0.02657	0.01874	0.02743	0.01975	0.03005	0.01652	0.02266	0.01504	0.01345	0.02116	0.00319	0.28896	0.00786	0.00546	0.29216
8	0.01328	0.00949	0.01265	0.01518	0.01581	0.00886	0.01012	0.01518	0.02088	0.02783	0.06010	0.60969	0.07212	0.03416	0.01392	0.00443	0.00633	0.03100	0.01012	0.00886
9	0.02865	0.02418	0.02551	0.02250	0.02894	0.02783	0.01763	0.10639	0.47815	0.04807	0.04244	0.03913	0.03171	0.01461	0.01107	0.00365	0.00899	0.01206	0.01107	0.01740
10	0.01395	0.01109	0.01252	0.01216	0.01538	0.00966	0.00912	0.01771	0.02737	0.03542	0.29143	0.09511	0.35967	0.02539	0.01288	0.00358	0.00536	0.02163	0.01091	0.00966
11	0.01516	0.01113	0.01420	0.01343	0.01612	0.01017	0.01007	0.02005	0.03022	0.04220	0.49692	0.08395	0.14995	0.02286	0.01286	0.00346	0.00518	0.02007	0.01180	0.01017
12	0.02033	0.01016	0.01016	0.01016	0.01270	0.01016	0.00762	0.02541	0.02287	0.04065	0.03557	0.04065	0.02795	0.01270	0.00762	0.00254	0.00508	0.01016	0.67734	0.01016
13	0.02915	0.62337	0.05714	0.01866	0.02799	0.04314	0.01866	0.03265	0.02215	0.02565	0.01516	0.01749	0.01399	0.00933	0.00700	0.00233	0.01166	0.00583	0.00466	0.01399
14	0.69383	0.02109	0.01603	0.01434	0.02109	0.02446	0.01181	0.03205	0.01856	0.04892	0.01518	0.01771	0.01181	0.01012	0.00675	0.00337	0.00843	0.00590	0.00675	0.01181
15	0.01879	0.01521	0.02149	0.02177	0.02356	0.01790	0.01846	0.02297	0.02174	0.02981	0.04214	0.08486	0.04474	0.03611	0.11458	0.00707	0.15880	0.28151	0.00802	0.01046
16	0.01569	0.01122	0.01518	0.01518	0.01631	0.01235	0.01070	0.01796	0.01683	0.02357	0.03135	0.05473	0.03242	0.30487	0.35756	0.01462	0.02144	0.01342	0.00616	0.00843
17	0.04145	0.03054	0.03272	0.02509	0.03381	0.03381	0.02072	0.51243	0.05127	0.06872	0.02618	0.02618	0.01854	0.01309	0.01091	0.00327	0.01200	0.00982	0.01091	0.01854
18	0.04142	0.03139	0.03366	0.02617	0.03458	0.10736	0.05887	0.32570	0.04275	0.14659	0.02750	0.02744	0.01924	0.01259	0.01092	0.00326	0.01312	0.00986	0.01018	0.01739
19	0.01436	0.00994	0.01234	0.01381	0.01418	0.00957	0.00866	0.01546	0.01878	0.02504	0.04936	0.38522	0.05857	0.27710	0.03125	0.00699	0.00810	0.02468	0.00866	0.00792
20	0.02059	0.01938	0.03270	0.59060	0.07510	0.02422	0.03028	0.02786	0.02180	0.02786	0.01938	0.02907	0.01453	0.01090	0.01090	0.00363	0.01453	0.00969	0.00484	0.01211
21	0.03036	0.02643	0.03866	0.09181	0.33187	0.02798	0.02846	0.16251	0.07421	0.04468	0.02395	0.02809	0.01875	0.01113	0.01086	0.00332	0.01245	0.00996	0.00730	0.01722
22	0.02773	0.02638	0.04425	0.05951	0.43551	0.02714	0.06977	0.06819	0.02627	0.03734	0.02062	0.02690	0.01710	0.01058	0.01271	0.00338	0.05411	0.00996	0.00577	0.01679
23	0.01368	0.00977	0.01311	0.01563	0.01644	0.00920	0.01081	0.01587	0.02127	0.02828	0.05988	0.56477	0.07125	0.03379	0.01402	0.00448	0.00667	0.07202	0.01011	0.00897
24	0.04219	0.02427	0.02822	0.02219	0.03036	0.02516	0.01815	0.24150	0.12353	0.27092	0.03637	0.03325	0.02460	0.01355	0.01096	0.00339	0.01028	0.01073	0.01203	0.01833
25	0.02311	0.12363	0.06787	0.07137	0.03122	0.02259	0.01784	0.03316	0.11320	0.03618	0.10753	0.03505	0.03247	0.01219	0.00963	0.00272	0.00949	0.00994	0.00758	0.23323
26	0.02969	0.02382	0.02892	0.02482	0.07358	0.06782	0.05309	0.03711	0.07198	0.12364	0.02575	0.02734	0.01950	0.01011	0.00958	0.00250	0.01054	0.00856	0.00784	0.34379

[dist]
# distance from previous block
# <min> <max>
0	1

[block]
# block no. 6 follows, 12 sequences, length 19
# corresponding to MSA columns:
# 367-385
name=unknown_G
#
# <colnr> <probs for GDERKNQSTAVLIFYWHMCP>
#	G	D	E	R	K	N	Q	S	T	A	V	L	I	F	Y	W	H	M	C	P
0	0.03255	0.21701	0.04349	0.03030	0.10761	0.03256	0.06301	0.12724	0.06893	0.09708	0.02397	0.02600	0.01855	0.01166	0.01156	0.00315	0.05271	0.00909	0.00752	0.01601
1	0.01698	0.01405	0.01611	0.01381	0.01928	0.01134	0.01053	0.02077	0.02441	0.03360	0.13153	0.12589	0.22965	0.02017	0.01117	0.00294	0.00653	0.01715	0.00900	0.26509
2	0.02410	0.10760	0.03298	0.12952	0.10683	0.06886	0.02178	0.03090	0.06255	0.03326	0.13986	0.03846	0.03643	0.01472	0.01459	0.00346	0.10255	0.01141	0.00706	0.01308
3	0.02825	0.02534	0.03228	0.02711	0.02978	0.03280	0.02241	0.14116	0.08097	0.03811	0.02034	0.02624	0.01737	0.01724	0.02737	0.00431	0.39812	0.00991	0.00687	0.01403
4	0.02261	0.01938	0.02261	0.01615	0.02584	0.01453	0.01292	0.02745	0.02261	0.03553	0.01938	0.02261	0.01615	0.00807	0.00807	0.00161	0.00807	0.00646	0.00646	0.68346
5	0.04145	0.03054	0.03272	0.02509	0.03381	0.03381	0.02072	0.51243	0.05127	0.06872	0.02618	0.02618	0.01854	0.01309	0.01091	0.00327	0.01200	0.00982	0.01091	0.01854
6	0.02104	0.01808	0.02279	0.02065	0.02236	0.02238	0.01583	0.02949	0.13402	0.02908	0.02924	0.04424	0.02791	0.19896	0.11848	0.00815	0.20680	0.01232	0.00691	0.01129
7	0.01586	0.01057	0.01189	0.01189	0.01189	0.01057	0.00661	0.01586	0.01586	0.02114	0.03436	0.07135	0.03964	0.61681	0.05550	0.01057	0.01057	0.01586	0.00661	0.00661
8	0.01479	0.01112	0.01369	0.01305	0.01590	0.01002	0.00978	0.01934	0.02935	0.04014	0.43431	0.08735	0.21385	0.02363	0.01287	0.00349	0.00524	0.02055	0.01153	0.01002
9	0.69383	0.02109	0.01603	0.01434	0.02109	0.02446	0.01181	0.03205	0.01856	0.04892	0.01518	0.01771	0.01181	0.01012	0.00675	0.00337	0.00843	0.00590	0.00675	0.01181
10	0.01348	0.01023	0.01244	0.01366	0.01554	0.00918	0.00957	0.01614	0.02363	0.03073	0.14844	0.37164	0.22526	0.03032	0.01343	0.00404	0.00590	0.02679	0.01041	0.00918
11	0.01458	0.01213	0.01527	0.01866	0.07385	0.01092	0.01171	0.01744	0.02344	0.02956	0.08269	0.27552	0.31878	0.02797	0.01302	0.00390	0.00663	0.02438	0.00960	0.00997
12	0.01374	0.01002	0.01305	0.01529	0.01649	0.00933	0.01079	0.01610	0.02182	0.02858	0.06546	0.49612	0.12392	0.03295	0.01394	0.00441	0.00667	0.08218	0.01011	0.00903
13	0.02544	0.13743	0.10332	0.08882	0.22191	0.03075	0.02884	0.03112	0.02180	0.03062	0.01775	0.02417	0.01528	0.01221	0.01643	0.00352	0.16214	0.00877	0.00496	0.01473
14	0.54970	0.15168	0.02494	0.01528	0.02258	0.02851	0.01329	0.03218	0.01934	0.04388	0.01518	0.01766	0.01228	0.00995	0.00680	0.00315	0.00913	0.00589	0.00630	0.01228
15	0.02964	0.08329	0.02449	0.02099	0.08218	0.01742	0.01473	0.03447	0.02667	0.18851	0.11172	0.04170	0.03638	0.01368	0.00970	0.00298	0.00797	0.01133	0.22828	0.01388
16	0.02801	0.02407	0.02757	0.02092	0.02982	0.06597	0.05229	0.06775	0.08181	0.07436	0.02423	0.02611	0.01880	0.00989	0.00931	0.00234	0.01025	0.00818	0.00762	0.41069
17	0.02437	0.09251	0.02419	0.01946	0.02321	0.12408	0.01471	0.09314	0.02725	0.03316	0.04177	0.34497	0.04663	0.02389	0.01190	0.00371	0.01030	0.02047	0.00873	0.01155
18	0.02422	0.18759	0.12996	0.01954	0.03031	0.02415	0.01945	0.03013	0.02256	0.03271	0.01829	0.02132	0.01515	0.00883	0.00820	0.00214	0.01050	0.00658	0.00564	0.38273

[dist]
# distance from previous block
# <min> <max>
0	4

[block]
# block no. 7 follows, 12 sequences, length 34
# corresponding to MSA columns:
# 390-423
name=unknown_H
#
# <colnr> <probs for GDERKNQSTAVLIFYWHMCP>
#	G	D	E	R	K	N	Q	S	T	A	V	L	I	F	Y	W	H	M	C	P
0	0.02405	0.02485	0.02531	0.10829	0.03221	0.15618	0.01901	0.02769	0.02220	0.02727	0.06159	0.03686	0.02650	0.08111	0.16723	0.00784	0.12402	0.01080	0.00597	0.01100
1	0.13769	0.02140	0.02716	0.02033	0.02929	0.01942	0.06247	0.07739	0.02685	0.16682	0.02530	0.02632	0.01834	0.01026	0.00928	0.00267	0.00977	0.00838	0.00851	0.29236
2	0.20066	0.03800	0.02775	0.02451	0.02975	0.30552	0.01918	0.07604	0.02719	0.03557	0.01679	0.02038	0.01390	0.01238	0.01334	0.00330	0.10938	0.00738	0.00619	0.01280
3	0.02186	0.02105	0.03148	0.02677	0.02810	0.02744	0.06304	0.02493	0.01757	0.02643	0.01932	0.03159	0.01889	0.07691	0.13452	0.00748	0.39536	0.01073	0.00518	0.01135
4	0.69383	0.02109	0.01603	0.01434	0.02109	0.02446	0.01181	0.03205	0.01856	0.04892	0.01518	0.01771	0.01181	0.01012	0.00675	0.00337	0.00843	0.00590	0.00675	0.01181
5	0.02385	0.02385	0.03340	0.02863	0.02863	0.03340	0.02385	0.02624	0.01670	0.02624	0.01431	0.02385	0.01431	0.01908	0.03578	0.00477	0.59685	0.00954	0.00477	0.01193
6	0.01543	0.01115	0.01457	0.01372	0.01629	0.01029	0.01029	0.02058	0.03086	0.04372	0.54304	0.08145	0.10288	0.02229	0.01286	0.00343	0.00514	0.01972	0.01200	0.01029
7	0.01455	0.01111	0.01336	0.01280	0.01575	0.00991	0.00960	0.01888	0.02879	0.03880	0.39387	0.08955	0.25512	0.02413	0.01287	0.00352	0.00527	0.02085	0.01136	0.00991
8	0.01328	0.00949	0.01265	0.01518	0.01581	0.00886	0.01012	0.01518	0.02088	0.02783	0.06010	0.60969	0.07212	0.03416	0.01392	0.00443	0.00633	0.03100	0.01012	0.00886
9	0.42460	0.02003	0.01990	0.01645	0.02390	0.02094	0.01357	0.04085	0.02384	0.26076	0.02680	0.02581	0.01815	0.01153	0.00851	0.00337	0.00879	0.00802	0.00956	0.01463
10	0.02803	0.31374	0.05046	0.04367	0.29788	0.03421	0.02633	0.03307	0.02354	0.03082	0.01793	0.02241	0.01569	0.00953	0.00896	0.00280	0.01233	0.00784	0.00504	0.01569
11	0.02261	0.01938	0.02261	0.01615	0.02584	0.01453	0.01292	0.02745	0.02261	0.03553	0.01938	0.02261	0.01615	0.00807	0.00807	0.00161	0.00807	0.00646	0.00646	0.68346
12	0.04145	0.03054	0.03272	0.02509	0.03381	0.03381	0.02072	0.51243	0.05127	0.06872	0.02618	0.02618	0.01854	0.01309	0.01091	0.00327	0.01200	0.00982	0.01091	0.01854
13	0.02261	0.01938	0.02261	0.01615	0.02584	0.01453	0.01292	0.02745	0.02261	0.03553	0.01938	0.02261	0.01615	0.00807	0.00807	0.00161	0.00807	0.00646	0.00646	0.68346
14	0.01441	0.01105	0.01284	0.01242	0.01521	0.00986	0.00909	0.01806	0.02689	0.03557	0.31294	0.09027	0.28103	0.08237	0.01702	0.00423	0.00583	0.02072	0.01069	0.00948
15	0.01328	0.00949	0.01265	0.01518	0.01581	0.00886	0.01012	0.01518	0.02088	0.02783	0.06010	0.60969	0.07212	0.03416	0.01392	0.00443	0.00633	0.03100	0.01012	0.00886
16	0.01586	0.01057	0.01189	0.01189	0.01189	0.01057	0.00661	0.01586	0.01586	0.02114	0.03436	0.07135	0.03964	0.61681	0.05550	0.01057	0.01057	0.01586	0.00661	0.00661
17	0.01558	0.01168	0.01752	0.01752	0.01947	0.01363	0.01363	0.01947	0.01752	0.02531	0.02921	0.04283	0.02726	0.08178	0.57360	0.01752	0.02921	0.01168	0.00584	0.00974
18	0.02261	0.01938	0.02261	0.01615	0.02584	0.01453	0.01292	0.02745	0.02261	0.03553	0.01938	0.02261	0.01615	0.00807	0.00807	0.00161	0.00807	0.00646	0.00646	0.68346
19	0.01289	0.01105	0.01105	0.01105	0.01473	0.00920	0.00828	0.01565	0.02485	0.02946	0.11046	0.10493	0.54437	0.02761	0.01289	0.00368	0.00552	0.02301	0.01013	0.00920
20	0.10516	0.02962	0.03109	0.02404	0.03257	0.03290	0.01985	0.46552	0.04807	0.06678	0.02510	0.02535	0.01789	0.01280	0.01050	0.00328	0.01165	0.00943	0.01050	0.01789
21	0.03929	0.02835	0.03241	0.02838	0.08288	0.03084	0.02122	0.38143	0.09361	0.10572	0.02887	0.02863	0.02059	0.01296	0.01092	0.00332	0.01153	0.01015	0.01061	0.01829
22	0.02820	0.02494	0.03236	0.03712	0.19303	0.02792	0.02326	0.09195	0.28054	0.04310	0.03256	0.03354	0.02521	0.01338	0.01305	0.00360	0.05954	0.01103	0.00875	0.01694
23	0.02187	0.05640	0.56031	0.03108	0.04719	0.02532	0.04029	0.03453	0.02302	0.03453	0.01957	0.02302	0.01381	0.01036	0.01036	0.00345	0.01611	0.00806	0.00460	0.01611
24	0.01543	0.01115	0.01457	0.01372	0.01629	0.01029	0.01029	0.02058	0.03086	0.04372	0.54304	0.08145	0.10288	0.02229	0.01286	0.00343	0.00514	0.01972	0.01200	0.01029
25	0.02059	0.01938	0.03270	0.59060	0.07510	0.02422	0.03028	0.02786	0.02180	0.02786	0.01938	0.02907	0.01453	0.01090	0.01090	0.00363	0.01453	0.00969	0.00484	0.01211
26	0.02033	0.01016	0.01016	0.01016	0.01270	0.01016	0.00762	0.02541	0.02287	0.04065	0.03557	0.04065	0.02795	0.01270	0.00762	0.00254	0.00508	0.01016	0.67734	0.01016
27	0.01328	0.00949	0.01265	0.01518	0.01581	0.00886	0.01012	0.01518	0.02088	0.02783	0.06010	0.60969	0.07212	0.03416	0.01392	0.00443	0.00633	0.03100	0.01012	0.00886
28	0.01543	0.01115	0.01457	0.01372	0.01629	0.01029	0.01029	0.02058	0.03086	0.04372	0.54304	0.08145	0.10288	0.02229	0.01286	0.00343	0.00514	0.01972	0.01200	0.01029
29	0.02915	0.62337	0.05714	0.01866	0.02799	0.04314	0.01866	0.03265	0.02215	0.02565	0.01516	0.01749	0.01399	0.00933	0.00700	0.00233	0.01166	0.00583	0.00466	0.01399
30	0.01446	0.01125	0.01396	0.01367	0.01652	0.01075	0.01039	0.01832	0.02489	0.03311	0.23307	0.08044	0.25836	0.04036	0.16321	0.00731	0.01175	0.01888	0.00960	0.00971
31	0.02261	0.01938	0.02261	0.01615	0.02584	0.01453	0.01292	0.02745	0.02261	0.03553	0.01938	0.02261	0.01615	0.00807	0.00807	0.00161	0.00807	0.00646	0.00646	0.68346
32	0.43644	0.02113	0.02037	0.01685	0.02430	0.02266	0.01390	0.08060	0.02535	0.20829	0.02479	0.02448	0.01711	0.01143	0.00842	0.00336	0.00901	0.00782	0.00921	0.01449
33	0.02765	0.04144	0.30710	0.02859	0.03906	0.02785	0.03128	0.11006	0.02666	0.08026	0.02126	0.02486	0.01575	0.01313	0.01657	0.00373	0.15373	0.00893	0.00637	0.01570

[dist]
# distance from previous block
# <min> <max>
4	9

[block]
# block no. 8 follows, 12 sequences, length 27
# corresponding to MSA columns:
# 433-459
name=unknown_I
#
# <colnr> <probs for GDERKNQSTAVLIFYWHMCP>
#	G	D	E	R	K	N	Q	S	T	A	V	L	I	F	Y	W	H	M	C	P
0	0.03125	0.25288	0.22671	0.02397	0.03548	0.03139	0.02614	0.09704	0.02756	0.11804	0.02250	0.02364	0.01656	0.01082	0.00930	0.00301	0.01290	0.00793	0.00683	0.01604
1	0.01508	0.01077	0.01471	0.01723	0.01865	0.01040	0.01324	0.01829	0.02265	0.02984	0.05911	0.40578	0.06819	0.03247	0.01440	0.00468	0.00788	0.21719	0.01009	0.00935
2	0.03593	0.02450	0.10449	0.02004	0.03005	0.01691	0.01860	0.04163	0.02706	0.30126	0.03147	0.03007	0.02133	0.01118	0.00989	0.00279	0.00989	0.00900	0.00977	0.24412
3	0.14930	0.02367	0.07031	0.03159	0.16267	0.02147	0.02122	0.07893	0.02595	0.16456	0.02523	0.02834	0.01876	0.01528	0.01486	0.10505	0.01091	0.00919	0.00794	0.01477
4	0.01633	0.01280	0.01898	0.01854	0.02031	0.01544	0.01457	0.02009	0.01745	0.02540	0.02784	0.04110	0.02607	0.07604	0.52437	0.01636	0.08116	0.01149	0.00574	0.00994
5	0.01418	0.01018	0.01346	0.01457	0.01601	0.00946	0.01019	0.01744	0.02506	0.03449	0.26243	0.38837	0.08500	0.02919	0.01347	0.00401	0.00583	0.02627	0.01091	0.00946
6	0.01644	0.01376	0.02130	0.26337	0.04138	0.01549	0.01882	0.02065	0.02128	0.02784	0.04253	0.35926	0.04728	0.02413	0.01262	0.00409	0.00987	0.02181	0.00785	0.01026
7	0.02893	0.18096	0.25316	0.02455	0.03594	0.02847	0.02688	0.04143	0.11885	0.11785	0.02690	0.02724	0.01961	0.01144	0.00978	0.00322	0.01255	0.00878	0.00725	0.01621
8	0.02564	0.02339	0.03288	0.04085	0.24532	0.02575	0.02412	0.04086	0.21718	0.03917	0.07679	0.03687	0.03091	0.01381	0.01378	0.00360	0.07330	0.01161	0.00811	0.01605
9	0.01437	0.01110	0.01310	0.01260	0.01564	0.00983	0.00945	0.01851	0.02835	0.03775	0.36180	0.09129	0.28785	0.02452	0.01287	0.00354	0.00530	0.02110	0.01122	0.00983
10	0.03462	0.01524	0.02057	0.01720	0.02294	0.01344	0.01360	0.03882	0.02980	0.33957	0.19162	0.12229	0.05491	0.01868	0.01189	0.00352	0.00770	0.01605	0.01263	0.01491
11	0.02261	0.01938	0.02261	0.01615	0.02584	0.01453	0.01292	0.02745	0.02261	0.03553	0.01938	0.02261	0.01615	0.00807	0.00807	0.00161	0.00807	0.00646	0.00646	0.68346
12	0.02504	0.03427	0.15360	0.04328	0.05522	0.02717	0.42480	0.03486	0.02525	0.03486	0.02161	0.02826	0.01605	0.00940	0.01242	0.00364	0.01797	0.01200	0.00535	0.01496
13	0.01524	0.01099	0.01440	0.01385	0.01625	0.01016	0.01027	0.02008	0.02995	0.04227	0.49893	0.12969	0.10007	0.02337	0.01296	0.00352	0.00525	0.02075	0.01183	0.01016
14	0.02261	0.01938	0.02261	0.01615	0.02584	0.01453	0.01292	0.02745	0.02261	0.03553	0.01938	0.02261	0.01615	0.00807	0.00807	0.00161	0.00807	0.00646	0.00646	0.68346
15	0.02781	0.08875	0.22615	0.06813	0.10349	0.02344	0.02775	0.03566	0.02440	0.12209	0.02321	0.02575	0.01697	0.01034	0.00984	0.00299	0.01260	0.00838	0.00657	0.13568
16	0.02358	0.02710	0.10042	0.11191	0.15953	0.02360	0.20877	0.03162	0.02499	0.03540	0.06975	0.03378	0.02493	0.01112	0.01148	0.00344	0.01421	0.01167	0.05837	0.01434
17	0.01356	0.00970	0.01289	0.01500	0.01587	0.00904	0.01014	0.01586	0.02213	0.02984	0.12099	0.54309	0.07599	0.03266	0.01378	0.00430	0.00618	0.02957	0.01036	0.00904
18	0.02161	0.02137	0.03898	0.48255	0.07150	0.02489	0.12529	0.02926	0.02258	0.02926	0.01991	0.02914	0.01493	0.01056	0.01129	0.00364	0.01530	0.01032	0.00498	0.01263
19	0.03106	0.07005	0.02789	0.01934	0.02811	0.02239	0.01589	0.12349	0.10482	0.11861	0.02748	0.02768	0.02056	0.01088	0.00937	0.00254	0.00933	0.00855	0.00884	0.31313
20	0.03522	0.01895	0.02562	0.02062	0.02663	0.01919	0.01690	0.03911	0.02503	0.29420	0.03143	0.03272	0.02261	0.02244	0.08673	0.00518	0.13677	0.01004	0.00956	0.12106
21	0.01478	0.01012	0.01221	0.01327	0.01354	0.00985	0.00808	0.01557	0.01796	0.02395	0.04514	0.29690	0.05325	0.37270	0.03808	0.00800	0.00879	0.02220	0.00808	0.00755
22	0.01766	0.02002	0.09972	0.02413	0.08868	0.01513	0.01803	0.02453	0.06314	0.03359	0.12022	0.29219	0.09196	0.02384	0.01254	0.00388	0.00858	0.02124	0.00904	0.01189
23	0.02598	0.09222	0.12035	0.03928	0.22955	0.02549	0.02658	0.03410	0.06350	0.07099	0.03415	0.03673	0.08456	0.01338	0.01243	0.00339	0.05416	0.01099	0.00677	0.01542
24	0.04812	0.01984	0.02610	0.02001	0.02848	0.01794	0.01653	0.10247	0.03336	0.50397	0.04121	0.03594	0.02608	0.01345	0.01096	0.00336	0.00957	0.01084	0.01322	0.01855
25	0.01465	0.01054	0.01388	0.01425	0.01612	0.00977	0.01023	0.01862	0.02724	0.03796	0.36781	0.27311	0.09172	0.02660	0.01324	0.00379	0.00557	0.02381	0.01132	0.00977
26	0.02840	0.18890	0.26767	0.03206	0.11469	0.07181	0.03017	0.03631	0.02444	0.07964	0.02055	0.02327	0.01560	0.01036	0.00960	0.00308	0.01419	0.00794	0.00563	0.01571

[dist]
# distance from previous block
# <min> <max>
1	2

[block]
# block no. 9 follows, 12 sequences, length 58
# corresponding to MSA columns:
# 462-519
name=unknown_J
#
# <colnr> <probs for GDERKNQSTAVLIFYWHMCP>
#	G	D	E	R	K	N	Q	S	T	A	V	L	I	F	Y	W	H	M	C	P
0	0.53027	0.02356	0.06225	0.01656	0.02436	0.02311	0.01485	0.03580	0.02105	0.13304	0.02022	0.02141	0.01452	0.01071	0.00775	0.00338	0.00921	0.00693	0.00771	0.01330
1	0.02922	0.08958	0.03895	0.25007	0.05199	0.02661	0.10593	0.07618	0.06754	0.11845	0.02574	0.02983	0.01866	0.01135	0.01082	0.00343	0.01333	0.01023	0.00733	0.01474
2	0.01439	0.01085	0.01172	0.01164	0.01363	0.00989	0.00773	0.01616	0.02147	0.02708	0.11459	0.08836	0.28767	0.28259	0.03136	0.00665	0.00768	0.01963	0.00876	0.00817
