[name]
unknown

[dist]
# distance from previous block
# <min> <max>
12	159

[block]
# block no. 0 follows, 14 sequences, length 19
# corresponding to MSA columns:
# 173-191
name=unknown_A
#
# <colnr> <probs for GDERKNQSTAVLIFYWHMCP>
#	G	D	E	R	K	N	Q	S	T	A	V	L	I	F	Y	W	H	M	C	P
0	0.02483	0.13080	0.17754	0.03403	0.18543	0.08900	0.02569	0.03293	0.06825	0.03023	0.02120	0.02775	0.01810	0.07579	0.01382	0.00368	0.01288	0.00870	0.00538	0.01395
1	0.02213	0.02398	0.05046	0.03671	0.04538	0.02244	0.42416	0.02996	0.02526	0.03466	0.13914	0.03824	0.03309	0.01131	0.01211	0.00341	0.01462	0.01350	0.00651	0.01294
2	0.01274	0.01010	0.01145	0.01179	0.01440	0.00882	0.00858	0.01565	0.02383	0.03034	0.19607	0.20899	0.35851	0.02622	0.01233	0.00356	0.00528	0.02260	0.00992	0.00882
3	0.71184	0.01985	0.01508	0.01350	0.01985	0.02302	0.01111	0.03017	0.01746	0.04604	0.01429	0.01667	0.01111	0.00953	0.00635	0.00318	0.00794	0.00556	0.00635	0.01111
4	0.02137	0.04761	0.47287	0.03227	0.04640	0.02429	0.14573	0.03258	0.02222	0.03258	0.01892	0.02296	0.01355	0.00951	0.01026	0.00330	0.01563	0.00856	0.00452	0.01488
5	0.71184	0.01985	0.01508	0.01350	0.01985	0.02302	0.01111	0.03017	0.01746	0.04604	0.01429	0.01667	0.01111	0.00953	0.00635	0.00318	0.00794	0.00556	0.00635	0.01111
6	0.02553	0.02204	0.02320	0.02088	0.02669	0.02553	0.01624	0.05453	0.55679	0.04293	0.04177	0.03829	0.03133	0.01392	0.01044	0.00348	0.00812	0.01160	0.01044	0.01624
7	0.01466	0.01100	0.01649	0.01649	0.01833	0.01283	0.01283	0.01833	0.01649	0.02382	0.02749	0.04032	0.02566	0.07697	0.59868	0.01649	0.02749	0.01100	0.00550	0.00916
8	0.71184	0.01985	0.01508	0.01350	0.01985	0.02302	0.01111	0.03017	0.01746	0.04604	0.01429	0.01667	0.01111	0.00953	0.00635	0.00318	0.00794	0.00556	0.00635	0.01111
9	0.02289	0.03148	0.16827	0.04000	0.09825	0.02413	0.33734	0.03166	0.02354	0.03267	0.02301	0.03376	0.01883	0.01063	0.01159	0.00348	0.01568	0.05344	0.00536	0.01398
10	0.01452	0.01049	0.01372	0.01291	0.01533	0.00968	0.00968	0.01937	0.02905	0.04115	0.56992	0.07666	0.09683	0.02098	0.01210	0.00323	0.00484	0.01856	0.01130	0.00968
11	0.01480	0.01044	0.01368	0.01368	0.01454	0.01130	0.00932	0.01652	0.01566	0.02174	0.03006	0.05455	0.03183	0.37519	0.30891	0.01302	0.01819	0.01308	0.00588	0.00760
12	0.01611	0.01238	0.01823	0.13655	0.02954	0.01314	0.01719	0.02052	0.02202	0.02870	0.04769	0.22609	0.05219	0.02568	0.01313	0.00433	0.00943	0.28904	0.00849	0.00956
13	0.29754	0.01836	0.02052	0.01646	0.02380	0.01808	0.01358	0.04252	0.02487	0.37982	0.03059	0.02803	0.02001	0.01150	0.00882	0.00318	0.00843	0.00852	0.01030	0.01507
14	0.02117	0.01908	0.02831	0.18017	0.11756	0.02309	0.02205	0.02778	0.07925	0.02950	0.07738	0.03241	0.02506	0.01621	0.01991	0.06974	0.18325	0.01033	0.00597	0.01178
15	0.02726	0.38920	0.09020	0.02200	0.06732	0.07379	0.01939	0.06474	0.02360	0.02999	0.01809	0.02085	0.01523	0.00963	0.00763	0.00246	0.01125	0.00675	0.08729	0.01333
16	0.02158	0.02148	0.02878	0.30881	0.15139	0.09464	0.02405	0.02669	0.02200	0.02748	0.02601	0.15025	0.02526	0.01459	0.01069	0.00340	0.01243	0.01292	0.00578	0.01177
17	0.02995	0.07011	0.09723	0.09542	0.14886	0.02247	0.02299	0.08002	0.06151	0.17798	0.02887	0.07147	0.02256	0.01249	0.01014	0.00320	0.01092	0.01061	0.00799	0.01521
18	0.02605	0.11280	0.02884	0.07679	0.03112	0.02785	0.01780	0.07839	0.39669	0.03995	0.03448	0.03324	0.02616	0.01273	0.00985	0.00326	0.00926	0.01033	0.00899	0.01541

[dist]
# distance from previous block
# <min> <max>
0	1

[block]
# block no. 1 follows, 14 sequences, length 33
# corresponding to MSA columns:
# 193-225
name=unknown_B
#
# <colnr> <probs for GDERKNQSTAVLIFYWHMCP>
#	G	D	E	R	K	N	Q	S	T	A	V	L	I	F	Y	W	H	M	C	P
0	0.17092	0.02738	0.03230	0.07261	0.03515	0.13161	0.12214	0.07557	0.02399	0.03488	0.01954	0.02818	0.01667	0.01255	0.01398	0.00348	0.12001	0.04074	0.00600	0.01229
1	0.02390	0.37571	0.25091	0.02161	0.03232	0.03201	0.02463	0.03055	0.02177	0.02855	0.05707	0.02289	0.01932	0.01005	0.00818	0.00267	0.01209	0.00725	0.00488	0.01366
2	0.01881	0.01727	0.02618	0.03707	0.29507	0.01650	0.01981	0.02308	0.02305	0.03049	0.05743	0.10874	0.24930	0.01809	0.01123	0.00332	0.00877	0.01605	0.00730	0.01244
3	0.01452	0.01049	0.01372	0.01291	0.01533	0.00968	0.00968	0.01937	0.02905	0.04115	0.56992	0.07666	0.09683	0.02098	0.01210	0.00323	0.00484	0.01856	0.01130	0.00968
4	0.04604	0.01746	0.02382	0.01826	0.02620	0.01508	0.01508	0.05001	0.02937	0.58244	0.04049	0.03493	0.02540	0.01270	0.01032	0.00318	0.00873	0.01032	0.01270	0.01746
5	0.01765	0.01024	0.01374	0.01490	0.01662	0.00937	0.01038	0.01978	0.02114	0.11164	0.05409	0.54084	0.06135	0.02916	0.01267	0.00402	0.00638	0.02628	0.01001	0.00974
6	0.02540	0.02438	0.04165	0.06299	0.57533	0.02438	0.03149	0.03149	0.02337	0.03353	0.01930	0.02540	0.01626	0.00914	0.01016	0.00305	0.01219	0.00914	0.00508	0.01626
7	0.02451	0.02313	0.03915	0.05859	0.52006	0.02313	0.03000	0.03047	0.02339	0.03325	0.02280	0.03441	0.02053	0.01106	0.01056	0.00322	0.01192	0.05874	0.00552	0.01558
8	0.01263	0.01042	0.01109	0.01092	0.01417	0.00888	0.00819	0.01570	0.02458	0.03054	0.20174	0.09412	0.47163	0.02494	0.01212	0.00342	0.00512	0.02101	0.00990	0.00888
9	0.02030	0.01918	0.03245	0.52994	0.14820	0.02304	0.02896	0.02703	0.02096	0.02734	0.01840	0.02706	0.01408	0.01009	0.01024	0.00336	0.01345	0.00912	0.00464	0.01215
10	0.01743	0.01283	0.01720	0.01910	0.02180	0.01318	0.01651	0.02458	0.07682	0.03193	0.05308	0.10803	0.05629	0.02691	0.01380	0.00460	0.00932	0.45691	0.00955	0.01013
11	0.02744	0.64552	0.05378	0.01756	0.02634	0.04061	0.01756	0.03073	0.02085	0.02414	0.01427	0.01646	0.01317	0.00878	0.00658	0.00219	0.01097	0.00549	0.00439	0.01317
12	0.03427	0.03824	0.02736	0.02437	0.03011	0.35703	0.01864	0.09524	0.20113	0.03481	0.02509	0.02550	0.01948	0.01183	0.00974	0.00296	0.01444	0.00848	0.00745	0.01385
13	0.02058	0.05308	0.58618	0.02925	0.04442	0.02383	0.03792	0.03250	0.02167	0.03250	0.01842	0.02167	0.01300	0.00975	0.00975	0.00325	0.01517	0.00758	0.00433	0.01517
14	0.02540	0.02438	0.04165	0.06299	0.57533	0.02438	0.03149	0.03149	0.02337	0.03353	0.01930	0.02540	0.01626	0.00914	0.01016	0.00305	0.01219	0.00914	0.00508	0.01626
15	0.02058	0.05308	0.58618	0.02925	0.04442	0.02383	0.03792	0.03250	0.02167	0.03250	0.01842	0.02167	0.01300	0.00975	0.00975	0.00325	0.01517	0.00758	0.00433	0.01517
16	0.71184	0.01985	0.01508	0.01350	0.01985	0.02302	0.01111	0.03017	0.01746	0.04604	0.01429	0.01667	0.01111	0.00953	0.00635	0.00318	0.00794	0.00556	0.00635	0.01111
17	0.01492	0.00995	0.01119	0.01119	0.01119	0.00995	0.00622	0.01492	0.01492	0.01990	0.03233	0.06716	0.03731	0.63935	0.05223	0.00995	0.00995	0.01492	0.00622	0.00622
18	0.02128	0.01824	0.02128	0.01520	0.02432	0.01368	0.01216	0.02584	0.02128	0.03344	0.01824	0.02128	0.01520	0.00760	0.00760	0.00152	0.00760	0.00608	0.00608	0.70208
19	0.01213	0.01040	0.01040	0.01040	0.01386	0.00866	0.00780	0.01473	0.02339	0.02772	0.10396	0.09876	0.57117	0.02599	0.01213	0.00347	0.00520	0.02166	0.00953	0.00866
20	0.02553	0.02204	0.02320	0.02088	0.02669	0.02553	0.01624	0.05453	0.55679	0.04293	0.04177	0.03829	0.03133	0.01392	0.01044	0.00348	0.00812	0.01160	0.01044	0.01624
21	0.04604	0.01746	0.02382	0.01826	0.02620	0.01508	0.01508	0.05001	0.02937	0.58244	0.04049	0.03493	0.02540	0.01270	0.01032	0.00318	0.00873	0.01032	0.01270	0.01746
22	0.01213	0.01040	0.01040	0.01040	0.01386	0.00866	0.00780	0.01473	0.02339	0.02772	0.10396	0.09876	0.57117	0.02599	0.01213	0.00347	0.00520	0.02166	0.00953	0.00866
23	0.01938	0.01824	0.03078	0.61468	0.07068	0.02280	0.02850	0.02622	0.02052	0.02622	0.01824	0.02736	0.01368	0.01026	0.01026	0.00342	0.01368	0.00912	0.00456	0.01140
24	0.02058	0.05308	0.58618	0.02925	0.04442	0.02383	0.03792	0.03250	0.02167	0.03250	0.01842	0.02167	0.01300	0.00975	0.00975	0.00325	0.01517	0.00758	0.00433	0.01517
25	0.01213	0.01040	0.01040	0.01040	0.01386	0.00866	0.00780	0.01473	0.02339	0.02772	0.10396	0.09876	0.57117	0.02599	0.01213	0.00347	0.00520	0.02166	0.00953	0.00866
26	0.02540	0.02438	0.04165	0.06299	0.57533	0.02438	0.03149	0.03149	0.02337	0.03353	0.01930	0.02540	0.01626	0.00914	0.01016	0.00305	0.01219	0.00914	0.00508	0.01626
27	0.01216	0.01027	0.01053	0.01074	0.01395	0.00863	0.00795	0.01469	0.02306	0.02759	0.09981	0.14548	0.52713	0.02653	0.01221	0.00353	0.00526	0.02232	0.00953	0.00863
28	0.01250	0.00893	0.01191	0.01429	0.01488	0.00834	0.00953	0.01429	0.01965	0.02620	0.05656	0.63265	0.06787	0.03215	0.01310	0.00417	0.00595	0.02917	0.00953	0.00834
29	0.03214	0.02682	0.03764	0.04175	0.26332	0.02823	0.06376	0.28720	0.03591	0.04910	0.02209	0.02519	0.01680	0.01070	0.01036	0.00310	0.01213	0.00942	0.00769	0.01667
30	0.03277	0.07470	0.03604	0.03294	0.14262	0.13291	0.08542	0.10487	0.09723	0.12071	0.02530	0.02676	0.01887	0.01089	0.01004	0.00304	0.01275	0.00928	0.00761	0.01525
31	0.01250	0.00893	0.01191	0.01429	0.01488	0.00834	0.00953	0.01429	0.01965	0.02620	0.05656	0.63265	0.06787	0.03215	0.01310	0.00417	0.00595	0.02917	0.00953	0.00834
32	0.03163	0.10760	0.03880	0.10657	0.13344	0.02718	0.09297	0.17272	0.03049	0.12406	0.02340	0.02602	0.01715	0.01058	0.01001	0.00307	0.01214	0.00926	0.00752	0.01541

[dist]
# distance from previous block
# <min> <max>
0	11

[block]
# block no. 2 follows, 14 sequences, length 17
# corresponding to MSA columns:
# 237-253
name=unknown_C
#
# <colnr> <probs for GDERKNQSTAVLIFYWHMCP>
#	G	D	E	R	K	N	Q	S	T	A	V	L	I	F	Y	W	H	M	C	P
0	0.02188	0.02167	0.03131	0.13643	0.03509	0.02982	0.02358	0.02498	0.01661	0.02498	0.01436	0.02337	0.01351	0.01653	0.02932	0.00429	0.50751	0.00901	0.00450	0.01126
1	0.02608	0.10462	0.08762	0.07475	0.17607	0.13026	0.02300	0.03141	0.02321	0.03018	0.01761	0.02174	0.01454	0.00910	0.00886	0.00252	0.01242	0.00728	0.00519	0.19353
2	0.03664	0.04609	0.02933	0.02649	0.03121	0.53767	0.02011	0.03924	0.02766	0.02507	0.01561	0.01893	0.01325	0.01136	0.01186	0.00284	0.08276	0.00686	0.00520	0.01183
3	0.01424	0.01048	0.01332	0.01261	0.01515	0.00956	0.00946	0.01881	0.02837	0.03953	0.51371	0.07932	0.15405	0.02158	0.01211	0.00326	0.00488	0.01893	0.01108	0.00956
4	0.01355	0.01045	0.01237	0.01189	0.01474	0.00927	0.00892	0.01749	0.02676	0.03572	0.38131	0.08560	0.28883	0.02301	0.01211	0.00332	0.00499	0.01981	0.01058	0.00927
5	0.08726	0.12199	0.03248	0.02870	0.10536	0.33488	0.02007	0.03884	0.08255	0.02972	0.01876	0.02115	0.01540	0.01040	0.00891	0.00277	0.01464	0.00726	0.00577	0.01308
6	0.01250	0.00893	0.01191	0.01429	0.01488	0.00834	0.00953	0.01429	0.01965	0.02620	0.05656	0.63265	0.06787	0.03215	0.01310	0.00417	0.00595	0.02917	0.00953	0.00834
7	0.02187	0.02078	0.03528	0.38632	0.27957	0.02346	0.02974	0.02840	0.02170	0.02924	0.01868	0.02655	0.01475	0.00980	0.01022	0.00327	0.01306	0.00913	0.00478	0.01341
8	0.02125	0.11069	0.53441	0.02811	0.04266	0.02546	0.03594	0.03233	0.02159	0.03169	0.01801	0.02116	0.01302	0.00966	0.00944	0.00315	0.01476	0.00738	0.00434	0.01497
9	0.01213	0.01040	0.01040	0.01040	0.01386	0.00866	0.00780	0.01473	0.02339	0.02772	0.10396	0.09876	0.57117	0.02599	0.01213	0.00347	0.00520	0.02166	0.00953	0.00866
10	0.01452	0.01049	0.01372	0.01291	0.01533	0.00968	0.00968	0.01937	0.02905	0.04115	0.56992	0.07666	0.09683	0.02098	0.01210	0.00323	0.00484	0.01856	0.01130	0.00968
11	0.02144	0.01951	0.02824	0.41577	0.05594	0.02371	0.02439	0.03570	0.20016	0.03182	0.02612	0.03102	0.01959	0.01149	0.01032	0.00344	0.01182	0.00995	0.00653	0.01302
12	0.12017	0.02767	0.02890	0.02239	0.03038	0.03076	0.01849	0.47948	0.04454	0.06243	0.02339	0.02368	0.01669	0.01198	0.00979	0.00309	0.01089	0.00880	0.00979	0.01669
13	0.15192	0.09288	0.20412	0.03759	0.21665	0.02566	0.06828	0.03159	0.02158	0.03458	0.01773	0.02195	0.01396	0.00932	0.00913	0.00308	0.01258	0.00788	0.00503	0.01448
14	0.02733	0.01641	0.01943	0.01657	0.02175	0.01611	0.01304	0.12578	0.07243	0.17932	0.15742	0.11142	0.14220	0.01870	0.01128	0.00334	0.00746	0.01578	0.01090	0.01331
15	0.02513	0.09974	0.03558	0.07402	0.03263	0.06826	0.05214	0.06433	0.02043	0.02814	0.01534	0.02233	0.01385	0.01480	0.02398	0.00385	0.37970	0.00862	0.00499	0.01212
16	0.03255	0.02206	0.03428	0.08922	0.31789	0.02192	0.02510	0.07815	0.02705	0.20904	0.02635	0.02851	0.01904	0.01061	0.01023	0.00312	0.01114	0.00952	0.00787	0.01635

[dist]
# distance from previous block
# <min> <max>
0	2

[block]
# block no. 3 follows, 14 sequences, length 23
# corresponding to MSA columns:
# 256-278
name=unknown_D
#
# <colnr> <probs for GDERKNQSTAVLIFYWHMCP>
#	G	D	E	R	K	N	Q	S	T	A	V	L	I	F	Y	W	H	M	C	P
0	0.11712	0.09157	0.03030	0.02328	0.02992	0.33204	0.04883	0.03805	0.02605	0.09089	0.01877	0.02071	0.01462	0.01017	0.00882	0.00269	0.01452	0.00709	0.00622	0.06833
1	0.01947	0.01723	0.01777	0.01707	0.01836	0.09623	0.01243	0.02083	0.01795	0.02272	0.02764	0.05145	0.02928	0.26980	0.13806	0.06593	0.08775	0.05583	0.00589	0.00830
2	0.02480	0.02377	0.04057	0.11775	0.52524	0.02423	0.03120	0.03097	0.02308	0.03280	0.01920	0.02559	0.01600	0.00925	0.01017	0.00308	0.01234	0.00914	0.00503	0.01577
3	0.65647	0.02002	0.01574	0.01409	0.02040	0.02322	0.01153	0.03213	0.06097	0.04579	0.01651	0.01841	0.01274	0.00988	0.00668	0.00320	0.00795	0.00604	0.00668	0.01153
4	0.03980	0.02749	0.03002	0.02301	0.03120	0.02996	0.01901	0.48631	0.04614	0.12246	0.02641	0.02579	0.01834	0.01236	0.01027	0.00309	0.01101	0.00936	0.01054	0.01745
5	0.01213	0.01040	0.01040	0.01040	0.01386	0.00866	0.00780	0.01473	0.02339	0.02772	0.10396	0.09876	0.57117	0.02599	0.01213	0.00347	0.00520	0.02166	0.00953	0.00866
6	0.01466	0.01100	0.01649	0.01649	0.01833	0.01283	0.01283	0.01833	0.01649	0.02382	0.02749	0.04032	0.02566	0.07697	0.59868	0.01649	0.02749	0.01100	0.00550	0.00916
7	0.01569	0.01121	0.01556	0.01793	0.01992	0.01108	0.01506	0.01980	0.02279	0.02976	0.05480	0.22432	0.06091	0.02915	0.01395	0.00461	0.00872	0.40606	0.00947	0.00922
8	0.01702	0.01115	0.01441	0.01351	0.01649	0.01017	0.01041	0.02156	0.02814	0.08369	0.44462	0.07810	0.13543	0.02130	0.01210	0.00335	0.00551	0.05171	0.01111	0.01021
9	0.01492	0.00995	0.01119	0.01119	0.01119	0.00995	0.00622	0.01492	0.01492	0.01990	0.03233	0.06716	0.03731	0.63935	0.05223	0.00995	0.00995	0.01492	0.00622	0.00622
10	0.02503	0.43740	0.24080	0.02167	0.03269	0.03471	0.02471	0.03135	0.02114	0.02708	0.01572	0.01829	0.01311	0.00912	0.00770	0.00257	0.01245	0.00622	0.00437	0.01387
11	0.01466	0.01100	0.01649	0.01649	0.01833	0.01283	0.01283	0.01833	0.01649	0.02382	0.02749	0.04032	0.02566	0.07697	0.59868	0.01649	0.02749	0.01100	0.00550	0.00916
12	0.02858	0.01516	0.02023	0.01907	0.02384	0.01459	0.01628	0.07402	0.02764	0.22416	0.04710	0.08032	0.04400	0.02162	0.01252	0.00405	0.00935	0.29395	0.01064	0.01288
13	0.02496	0.43166	0.24596	0.02178	0.03286	0.03455	0.02491	0.03137	0.02115	0.02716	0.01576	0.01834	0.01311	0.00913	0.00773	0.00258	0.01249	0.00624	0.00437	0.01389
14	0.02002	0.01870	0.02605	0.02298	0.02333	0.02519	0.01859	0.02226	0.01577	0.02393	0.01851	0.03144	0.01877	0.10648	0.14452	0.00747	0.43079	0.01011	0.00490	0.01021
15	0.02744	0.64552	0.05378	0.01756	0.02634	0.04061	0.01756	0.03073	0.02085	0.02414	0.01427	0.01646	0.01317	0.00878	0.00658	0.00219	0.01097	0.00549	0.00439	0.01317
16	0.01339	0.00957	0.01293	0.01531	0.01629	0.00910	0.01107	0.01583	0.02053	0.02719	0.05607	0.51853	0.06593	0.03131	0.01334	0.00429	0.00673	0.13451	0.00951	0.00858
17	0.02736	0.02163	0.02326	0.02065	0.02664	0.02459	0.01614	0.05413	0.50956	0.09125	0.04165	0.03799	0.03080	0.01381	0.01043	0.00345	0.00818	0.01149	0.01064	0.01635
18	0.71184	0.01985	0.01508	0.01350	0.01985	0.02302	0.01111	0.03017	0.01746	0.04604	0.01429	0.01667	0.01111	0.00953	0.00635	0.00318	0.00794	0.00556	0.00635	0.01111
19	0.01295	0.00925	0.01242	0.01480	0.01560	0.00872	0.01031	0.01507	0.02009	0.02670	0.05631	0.57496	0.06689	0.03173	0.01322	0.00423	0.00634	0.08242	0.00952	0.00846
20	0.02573	0.01316	0.01763	0.01695	0.02110	0.01203	0.01387	0.02946	0.02495	0.22344	0.05538	0.17230	0.10587	0.02323	0.01241	0.00395	0.00814	0.19782	0.01061	0.01199
21	0.02546	0.25241	0.34805	0.02416	0.03642	0.02871	0.02868	0.03363	0.02215	0.08422	0.01919	0.02120	0.01429	0.00971	0.00872	0.00288	0.01309	0.00714	0.00518	0.01471
22	0.02688	0.02229	0.03028	0.36157	0.05371	0.02624	0.02443	0.21398	0.06643	0.04122	0.02212	0.02711	0.01622	0.01125	0.01027	0.00330	0.01245	0.00933	0.00701	0.01391

[dist]
# distance from previous block
# <min> <max>
0	3

[block]
# block no. 4 follows, 14 sequences, length 6
# corresponding to MSA columns:
# 282-287
name=unknown_E
#
# <colnr> <probs for GDERKNQSTAVLIFYWHMCP>
#	G	D	E	R	K	N	Q	S	T	A	V	L	I	F	Y	W	H	M	C	P
0	0.02027	0.02480	0.14525	0.01984	0.02735	0.01839	0.01876	0.03268	0.16362	0.03426	0.06151	0.06830	0.02870	0.02313	0.10418	0.00508	0.01234	0.01078	0.00728	0.17346
1	0.28520	0.02204	0.03047	0.10011	0.31347	0.02371	0.02346	0.03046	0.02084	0.03753	0.01729	0.02229	0.01404	0.00940	0.00872	0.00313	0.01073	0.00778	0.00551	0.01381
2	0.12780	0.01413	0.01824	0.09594	0.02634	0.01545	0.01493	0.02223	0.01925	0.02997	0.03253	0.04964	0.05921	0.03969	0.23703	0.00848	0.01631	0.09559	0.00648	0.07074
3	0.02310	0.02201	0.03702	0.04380	0.31000	0.02064	0.10400	0.02912	0.02366	0.03424	0.07989	0.03048	0.02478	0.01003	0.01011	0.00279	0.01116	0.00996	0.00600	0.16719
4	0.01454	0.00979	0.01131	0.01169	0.01178	0.00969	0.00675	0.01482	0.01568	0.02091	0.03622	0.15781	0.04221	0.54201	0.04596	0.00902	0.00931	0.01721	0.00675	0.00656
5	0.03075	0.02738	0.02597	0.02234	0.02870	0.10374	0.01757	0.17953	0.35369	0.04621	0.03384	0.03208	0.02529	0.01306	0.01024	0.00326	0.01034	0.01032	0.00971	0.01598

[dist]
# distance from previous block
# <min> <max>
0	10

[block]
# block no. 5 follows, 14 sequences, length 55
# corresponding to MSA columns:
# 298-352
name=unknown_F
#
# <colnr> <probs for GDERKNQSTAVLIFYWHMCP>
#	G	D	E	R	K	N	Q	S	T	A	V	L	I	F	Y	W	H	M	C	P
0	0.02074	0.03021	0.26348	0.07428	0.03394	0.01744	0.02411	0.02853	0.02454	0.09172	0.19452	0.07947	0.04389	0.01502	0.01080	0.00331	0.01057	0.01279	0.00772	0.01293
1	0.02612	0.07634	0.06198	0.01688	0.02616	0.01700	0.01486	0.03095	0.02269	0.12880	0.02180	0.02327	0.01666	0.00874	0.00813	0.00198	0.00860	0.00687	0.00697	0.47520
2	0.02379	0.02684	0.05790	0.09421	0.05515	0.02567	0.49262	0.03228	0.02389	0.03228	0.02054	0.02765	0.01540	0.00879	0.01195	0.00346	0.01698	0.01184	0.00513	0.01362
3	0.01332	0.01044	0.01205	0.01165	0.01459	0.00917	0.00874	0.01703	0.02621	0.03440	0.33575	0.08777	0.33521	0.02350	0.01212	0.00335	0.00502	0.02012	0.01041	0.00917
4	0.02540	0.02438	0.04165	0.06299	0.57533	0.02438	0.03149	0.03149	0.02337	0.03353	0.01930	0.02540	0.01626	0.00914	0.01016	0.00305	0.01219	0.00914	0.00508	0.01626
5	0.01913	0.00956	0.00956	0.00956	0.01196	0.00956	0.00717	0.02391	0.02152	0.03826	0.03348	0.03826	0.02630	0.01196	0.00717	0.00239	0.00478	0.00956	0.69632	0.00956
6	0.01367	0.01076	0.01410	0.01410	0.01657	0.01119	0.01085	0.01691	0.01920	0.02535	0.05753	0.06328	0.23999	0.05694	0.36822	0.01137	0.01873	0.01518	0.00708	0.00897
7	0.01518	0.01084	0.01497	0.01734	0.01911	0.01064	0.01417	0.01891	0.02228	0.02919	0.05509	0.29021	0.06203	0.02963	0.01381	0.00454	0.00827	0.34524	0.00948	0.00907
8	0.02385	0.02297	0.04030	0.11462	0.41729	0.02326	0.08411	0.03018	0.02318	0.03244	0.02247	0.03391	0.01973	0.01092	0.01074	0.00328	0.01265	0.05379	0.00543	0.01488
9	0.02422	0.02768	0.06055	0.04325	0.05363	0.02595	0.53806	0.03287	0.02422	0.03287	0.02076	0.02768	0.01557	0.00865	0.01211	0.00346	0.01730	0.01211	0.00519	0.01384
10	0.01276	0.00912	0.01221	0.01459	0.01530	0.00856	0.00998	0.01474	0.01990	0.02649	0.05642	0.59936	0.06731	0.03191	0.01317	0.00420	0.00618	0.05990	0.00952	0.00841
11	0.01292	0.00910	0.01179	0.01376	0.01425	0.00861	0.00896	0.01440	0.01884	0.02512	0.05243	0.53613	0.06266	0.13579	0.01978	0.00515	0.00664	0.02674	0.00896	0.00797
12	0.02397	0.02130	0.03197	0.12156	0.21291	0.02276	0.05715	0.08599	0.12629	0.03650	0.03020	0.09879	0.02698	0.01415	0.01093	0.00344	0.01104	0.04249	0.00731	0.01425
13	0.71184	0.01985	0.01508	0.01350	0.01985	0.02302	0.01111	0.03017	0.01746	0.04604	0.01429	0.01667	0.01111	0.00953	0.00635	0.00318	0.00794	0.00556	0.00635	0.01111
14	0.01250	0.00893	0.01191	0.01429	0.01488	0.00834	0.00953	0.01429	0.01965	0.02620	0.05656	0.63265	0.06787	0.03215	0.01310	0.00417	0.00595	0.02917	0.00953	0.00834
15	0.03765	0.01931	0.02540	0.02045	0.02638	0.02023	0.01682	0.08729	0.06130	0.36056	0.03318	0.03218	0.02281	0.01774	0.05133	0.00426	0.12700	0.01009	0.01032	0.01568
16	0.01481	0.01146	0.01669	0.01685	0.01827	0.01334	0.01288	0.01797	0.01710	0.02439	0.03254	0.16429	0.03364	0.06285	0.43043	0.01294	0.06944	0.01468	0.00627	0.00915
17	0.01740	0.00950	0.01035	0.01080	0.01281	0.00931	0.00785	0.02155	0.02166	0.03591	0.07633	0.16679	0.04009	0.01687	0.00878	0.00283	0.00503	0.01435	0.50247	0.00931
18	0.02206	0.02893	0.14885	0.02743	0.03064	0.02982	0.02572	0.02635	0.01698	0.02635	0.01452	0.02229	0.01337	0.01622	0.02861	0.00423	0.49243	0.00868	0.00446	0.01206
19	0.07738	0.02497	0.02279	0.05661	0.02746	0.15715	0.01614	0.06259	0.08276	0.11781	0.04020	0.07692	0.11445	0.01581	0.01210	0.00331	0.05860	0.01210	0.00822	0.01263
20	0.03723	0.04724	0.03155	0.02776	0.03344	0.55328	0.06047	0.04034	0.02870	0.02572	0.01625	0.01923	0.01340	0.01042	0.00948	0.00271	0.01841	0.00704	0.00528	0.01205
21	0.35253	0.03302	0.08207	0.02455	0.08568	0.20558	0.01886	0.03398	0.02222	0.03665	0.01576	0.01871	0.01253	0.00984	0.00803	0.00300	0.01250	0.00649	0.00567	0.01234
22	0.01376	0.01046	0.01266	0.01211	0.01487	0.00936	0.00909	0.01790	0.02726	0.03689	0.42220	0.08366	0.24720	0.02257	0.01211	0.00330	0.00495	0.01954	0.01074	0.00936
23	0.01250	0.00893	0.01191	0.01429	0.01488	0.00834	0.00953	0.01429	0.01965	0.02620	0.05656	0.63265	0.06787	0.03215	0.01310	0.00417	0.00595	0.02917	0.00953	0.00834
24	0.02245	0.02245	0.03143	0.02694	0.02694	0.03143	0.02245	0.02470	0.01572	0.02470	0.01347	0.02245	0.01347	0.01796	0.03368	0.00449	0.62057	0.00898	0.00449	0.01123
25	0.01938	0.01824	0.03078	0.61468	0.07068	0.02280	0.02850	0.02622	0.02052	0.02622	0.01824	0.02736	0.01368	0.01026	0.01026	0.00342	0.01368	0.00912	0.00456	0.01140
26	0.02744	0.64552	0.05378	0.01756	0.02634	0.04061	0.01756	0.03073	0.02085	0.02414	0.01427	0.01646	0.01317	0.00878	0.00658	0.00219	0.01097	0.00549	0.00439	0.01317
27	0.01238	0.00940	0.01143	0.01305	0.01456	0.00844	0.00898	0.01443	0.02083	0.02668	0.07159	0.46340	0.22743	0.03020	0.01279	0.00394	0.00571	0.02679	0.00953	0.00844
28	0.02540	0.02438	0.04165	0.06299	0.57533	0.02438	0.03149	0.03149	0.02337	0.03353	0.01930	0.02540	0.01626	0.00914	0.01016	0.00305	0.01219	0.00914	0.00508	0.01626
29	0.25548	0.02488	0.02216	0.01848	0.02535	0.14101	0.01483	0.04181	0.02554	0.29443	0.02697	0.02566	0.01829	0.01124	0.00884	0.00306	0.01055	0.00802	0.00912	0.01427
30	0.04092	0.02567	0.02890	0.02215	0.03029	0.02727	0.01830	0.40747	0.04311	0.20558	0.02895	0.02744	0.01962	0.01242	0.01028	0.00311	0.01060	0.00953	0.01093	0.01746
31	0.03833	0.04891	0.02908	0.02644	0.03173	0.59815	0.01983	0.04098	0.02908	0.02512	0.01586	0.01851	0.01322	0.01058	0.00925	0.00264	0.01851	0.00661	0.00529	0.01190
32	0.01236	0.00951	0.01131	0.01276	0.01448	0.00846	0.00885	0.01446	0.02112	0.02680	0.07518	0.42288	0.26562	0.02973	0.01272	0.00389	0.00566	0.02622	0.00953	0.00846
33	0.01250	0.00893	0.01191	0.01429	0.01488	0.00834	0.00953	0.01429	0.01965	0.02620	0.05656	0.63265	0.06787	0.03215	0.01310	0.00417	0.00595	0.02917	0.00953	0.00834
34	0.01238	0.01041	0.01074	0.01066	0.01401	0.00877	0.00799	0.01521	0.02398	0.02913	0.15267	0.09645	0.52158	0.02547	0.01213	0.00344	0.00516	0.02133	0.00971	0.00877
35	0.03251	0.30285	0.03917	0.02213	0.02896	0.30754	0.01853	0.03778	0.07260	0.02629	0.01749	0.01939	0.01481	0.01010	0.00821	0.00253	0.01434	0.00657	0.00536	0.01283
36	0.03481	0.10192	0.03191	0.07907	0.07215	0.31223	0.02040	0.06839	0.05751	0.09587	0.02105	0.02299	0.01618	0.01079	0.00937	0.00283	0.01466	0.00777	0.00657	0.01353
37	0.09986	0.03296	0.12747	0.07787	0.21969	0.13197	0.05969	0.03255	0.02284	0.03197	0.01758	0.02262	0.01418	0.01022	0.01131	0.00317	0.05689	0.00820	0.00506	0.01388
38	0.71184	0.01985	0.01508	0.01350	0.01985	0.02302	0.01111	0.03017	0.01746	0.04604	0.01429	0.01667	0.01111	0.00953	0.00635	0.00318	0.00794	0.00556	0.00635	0.01111
39	0.07084	0.01769	0.07404	0.01508	0.02016	0.01461	0.01316	0.02599	0.11871	0.03564	0.19084	0.06814	0.25724	0.01964	0.01112	0.00336	0.00689	0.01638	0.00933	0.01113
40	0.01312	0.00940	0.01246	0.01387	0.01502	0.00874	0.00957	0.01583	0.02250	0.03074	0.21248	0.46378	0.07667	0.02876	0.01280	0.00388	0.00562	0.02595	0.01006	0.00874
41	0.02475	0.02372	0.04049	0.12208	0.52128	0.02421	0.03117	0.03093	0.02306	0.03274	0.01919	0.02561	0.01598	0.00926	0.01017	0.00309	0.01235	0.00914	0.00502	0.01574
42	0.01242	0.00924	0.01159	0.01347	0.01467	0.00840	0.00916	0.01438	0.02044	0.02652	0.06659	0.51965	0.17440	0.03085	0.01289	0.00402	0.00579	0.02758	0.00953	0.00840
43	0.11736	0.01772	0.02288	0.01775	0.02552	0.01593	0.01466	0.04789	0.02810	0.52498	0.03768	0.03297	0.02387	0.01236	0.00989	0.00318	0.00865	0.00981	0.01202	0.01678
44	0.02744	0.64552	0.05378	0.01756	0.02634	0.04061	0.01756	0.03073	0.02085	0.02414	0.01427	0.01646	0.01317	0.00878	0.00658	0.00219	0.01097	0.00549	0.00439	0.01317
45	0.01492	0.00995	0.01119	0.01119	0.01119	0.00995	0.00622	0.01492	0.01492	0.01990	0.03233	0.06716	0.03731	0.63935	0.05223	0.00995	0.00995	0.01492	0.00622	0.00622
46	0.71184	0.01985	0.01508	0.01350	0.01985	0.02302	0.01111	0.03017	0.01746	0.04604	0.01429	0.01667	0.01111	0.00953	0.00635	0.00318	0.00794	0.00556	0.00635	0.01111
47	0.01250	0.00893	0.01191	0.01429	0.01488	0.00834	0.00953	0.01429	0.01965	0.02620	0.05656	0.63265	0.06787	0.03215	0.01310	0.00417	0.00595	0.02917	0.00953	0.00834
48	0.04604	0.01746	0.02382	0.01826	0.02620	0.01508	0.01508	0.05001	0.02937	0.58244	0.04049	0.03493	0.02540	0.01270	0.01032	0.00318	0.00873	0.01032	0.01270	0.01746
49	0.02013	0.01901	0.03214	0.54575	0.13374	0.02300	0.02887	0.02688	0.02088	0.02713	0.01837	0.02711	0.01400	0.01012	0.01025	0.00337	0.01349	0.00912	0.00462	0.01201
50	0.02428	0.01981	0.02400	0.02174	0.06808	0.01971	0.01588	0.12810	0.11125	0.03892	0.02527	0.02900	0.02051	0.02432	0.13387	0.00542	0.01296	0.00885	0.00738	0.26064
51	0.01546	0.01132	0.01542	0.07796	0.02127	0.01244	0.01196	0.01880	0.01813	0.02567	0.03769	0.05088	0.09475	0.15816	0.28789	0.01049	0.01716	0.01267	0.09302	0.00885
52	0.02674	0.02314	0.02894	0.13153	0.03742	0.08968	0.08457	0.03772	0.15546	0.10188	0.03030	0.08331	0.02469	0.01297	0.01040	0.00318	0.01139	0.01143	0.00781	0.08744
53	0.03319	0.03156	0.12456	0.02913	0.09031	0.13341	0.07749	0.06976	0.02740	0.19729	0.02768	0.06522	0.02115	0.01220	0.01036	0.00316	0.01298	0.01034	0.00789	0.01489
54	0.22227	0.11352	0.31718	0.02564	0.07266	0.02568	0.02721	0.03154	0.02047	0.03548	0.01678	0.01985	0.01270	0.00952	0.00841	0.00309	0.01235	0.00685	0.00498	0.01382

[dist]
# distance from previous block
# <min> <max>
0	6

[block]
# block no. 6 follows, 14 sequences, length 81
# corresponding to MSA columns:
# 362-442
name=unknown_G
#
# <colnr> <probs for GDERKNQSTAVLIFYWHMCP>
#	G	D	E	R	K	N	Q	S	T	A	V	L	I	F	Y	W	H	M	C	P
0	0.15123	0.03474	0.03034	0.02736	0.06686	0.26541	0.05741	0.13200	0.02893	0.03736	0.01766	0.02081	0.01406	0.01109	0.01118	0.00305	0.06327	0.00769	0.00634	0.01320
1	0.10837	0.19029	0.13830	0.02091	0.03032	0.02828	0.02066	0.15796	0.02894	0.14957	0.02280	0.02313	0.01639	0.01068	0.00879	0.00291	0.01106	0.00776	0.00768	0.01521
2	0.08661	0.02604	0.03324	0.03023	0.11185	0.10044	0.10138	0.10621	0.02923	0.23171	0.02690	0.02745	0.01875	0.01096	0.01014	0.00312	0.01221	0.00943	0.00860	0.01548
3	0.17924	0.01975	0.02446	0.17026	0.08760	0.02084	0.01845	0.03165	0.09870	0.03590	0.02088	0.02463	0.01635	0.00978	0.00864	0.00280	0.00971	0.00782	0.00630	0.20624
4	0.01437	0.01005	0.01302	0.01470	0.01562	0.00980	0.01056	0.01647	0.01940	0.02564	0.04880	0.31846	0.05636	0.20961	0.02491	0.00603	0.00813	0.16149	0.00853	0.00803
5	0.02553	0.02204	0.02320	0.02088	0.02669	0.02553	0.01624	0.05453	0.55679	0.04293	0.04177	0.03829	0.03133	0.01392	0.01044	0.00348	0.00812	0.01160	0.01044	0.01624
6	0.03720	0.04720	0.03162	0.02779	0.03349	0.55208	0.06155	0.04033	0.02869	0.02574	0.01626	0.01924	0.01341	0.01042	0.00948	0.00271	0.01841	0.00705	0.00528	0.01205
7	0.01938	0.01824	0.03078	0.61468	0.07068	0.02280	0.02850	0.02622	0.02052	0.02622	0.01824	0.02736	0.01368	0.01026	0.01026	0.00342	0.01368	0.00912	0.00456	0.01140
8	0.01452	0.01049	0.01372	0.01291	0.01533	0.00968	0.00968	0.01937	0.02905	0.04115	0.56992	0.07666	0.09683	0.02098	0.01210	0.00323	0.00484	0.01856	0.01130	0.00968
9	0.01213	0.01040	0.01040	0.01040	0.01386	0.00866	0.00780	0.01473	0.02339	0.02772	0.10396	0.09876	0.57117	0.02599	0.01213	0.00347	0.00520	0.02166	0.00953	0.00866
10	0.02553	0.02204	0.02320	0.02088	0.02669	0.02553	0.01624	0.05453	0.55679	0.04293	0.04177	0.03829	0.03133	0.01392	0.01044	0.00348	0.00812	0.01160	0.01044	0.01624
11	0.01250	0.00893	0.01191	0.01429	0.01488	0.00834	0.00953	0.01429	0.01965	0.02620	0.05656	0.63265	0.06787	0.03215	0.01310	0.00417	0.00595	0.02917	0.00953	0.00834
12	0.01783	0.00891	0.01337	0.01337	0.01337	0.00891	0.00891	0.01337	0.01337	0.01783	0.01783	0.03119	0.01783	0.03565	0.04011	0.70143	0.00891	0.00891	0.00446	0.00446
13	0.01466	0.01100	0.01649	0.01649	0.01833	0.01283	0.01283	0.01833	0.01649	0.02382	0.02749	0.04032	0.02566	0.07697	0.59868	0.01649	0.02749	0.01100	0.00550	0.00916
14	0.01938	0.01824	0.03078	0.61468	0.07068	0.02280	0.02850	0.02622	0.02052	0.02622	0.01824	0.02736	0.01368	0.01026	0.01026	0.00342	0.01368	0.00912	0.00456	0.01140
15	0.02128	0.01824	0.02128	0.01520	0.02432	0.01368	0.01216	0.02584	0.02128	0.03344	0.01824	0.02128	0.01520	0.00760	0.00760	0.00152	0.00760	0.00608	0.00608	0.70208
16	0.02128	0.01824	0.02128	0.01520	0.02432	0.01368	0.01216	0.02584	0.02128	0.03344	0.01824	0.02128	0.01520	0.00760	0.00760	0.00152	0.00760	0.00608	0.00608	0.70208
17	0.02058	0.05308	0.58618	0.02925	0.04442	0.02383	0.03792	0.03250	0.02167	0.03250	0.01842	0.02167	0.01300	0.00975	0.00975	0.00325	0.01517	0.00758	0.00433	0.01517
18	0.01250	0.00893	0.01191	0.01429	0.01488	0.00834	0.00953	0.01429	0.01965	0.02620	0.05656	0.63265	0.06787	0.03215	0.01310	0.00417	0.00595	0.02917	0.00953	0.00834
19	0.01270	0.00901	0.01185	0.01404	0.01459	0.00847	0.00926	0.01434	0.01927	0.02569	0.05461	0.58712	0.06541	0.08103	0.01625	0.00463	0.00628	0.02803	0.00926	0.00816
20	0.01276	0.00912	0.01221	0.01459	0.01530	0.00856	0.00998	0.01474	0.01991	0.02649	0.05642	0.59911	0.06730	0.03190	0.01317	0.00420	0.00618	0.06013	0.00952	0.00841
21	0.71184	0.01985	0.01508	0.01350	0.01985	0.02302	0.01111	0.03017	0.01746	0.04604	0.01429	0.01667	0.01111	0.00953	0.00635	0.00318	0.00794	0.00556	0.00635	0.01111
22	0.04206	0.01971	0.02470	0.01939	0.02705	0.01895	0.01587	0.11929	0.10911	0.43122	0.03846	0.03398	0.02516	0.01283	0.01033	0.00321	0.00900	0.01036	0.01203	0.01728
23	0.02410	0.07163	0.13068	0.07391	0.03936	0.09331	0.15516	0.03366	0.08913	0.03227	0.08073	0.03100	0.02513	0.01193	0.01239	0.00330	0.06247	0.01041	0.00621	0.01323
24	0.02555	0.02376	0.03758	0.04356	0.28147	0.02560	0.08800	0.08751	0.06462	0.03521	0.02175	0.02905	0.01848	0.05583	0.01720	0.00386	0.11026	0.01009	0.00606	0.01457
25	0.01466	0.01100	0.01649	0.01649	0.01833	0.01283	0.01283	0.01833	0.01649	0.02382	0.02749	0.04032	0.02566	0.07697	0.59868	0.01649	0.02749	0.01100	0.00550	0.00916
26	0.59387	0.07946	0.01939	0.01445	0.02099	0.02489	0.01212	0.03210	0.05939	0.04372	0.01641	0.01832	0.01287	0.00979	0.00669	0.00311	0.00824	0.00602	0.00648	0.01170
27	0.17870	0.01861	0.01987	0.01481	0.02330	0.01581	0.01192	0.02683	0.02041	0.03631	0.01734	0.02023	0.01427	0.00804	0.00732	0.00190	0.00768	0.00596	0.00614	0.54457
28	0.02899	0.03941	0.34062	0.02931	0.08924	0.02291	0.02994	0.09880	0.02681	0.15937	0.02419	0.02535	0.01663	0.01067	0.00998	0.00319	0.01297	0.00855	0.00700	0.01606
29	0.01386	0.01046	0.01279	0.01221	0.01492	0.00940	0.00916	0.01807	0.02747	0.03740	0.43980	0.08283	0.22929	0.02238	0.01211	0.00329	0.00494	0.01942	0.01080	0.00940
30	0.02744	0.64552	0.05378	0.01756	0.02634	0.04061	0.01756	0.03073	0.02085	0.02414	0.01427	0.01646	0.01317	0.00878	0.00658	0.00219	0.01097	0.00549	0.00439	0.01317
31	0.01635	0.01169	0.01627	0.01833	0.02070	0.01161	0.01589	0.02108	0.02414	0.03170	0.10332	0.11204	0.06265	0.02765	0.01398	0.00458	0.00901	0.45993	0.00963	0.00947
32	0.01783	0.00891	0.01337	0.01337	0.01337	0.00891	0.00891	0.01337	0.01337	0.01783	0.01783	0.03119	0.01783	0.03565	0.04011	0.70143	0.00891	0.00891	0.00446	0.00446
33	0.03901	0.02874	0.03080	0.02361	0.03182	0.03182	0.01951	0.54111	0.04825	0.06468	0.02464	0.02464	0.01745	0.01232	0.01027	0.00308	0.01129	0.00924	0.01027	0.01745
34	0.03146	0.01424	0.01914	0.01578	0.02117	0.01258	0.01258	0.03583	0.02922	0.33199	0.28545	0.05424	0.05845	0.01653	0.01115	0.00320	0.00693	0.01413	0.01205	0.01386
35	0.71184	0.01985	0.01508	0.01350	0.01985	0.02302	0.01111	0.03017	0.01746	0.04604	0.01429	0.01667	0.01111	0.00953	0.00635	0.00318	0.00794	0.00556	0.00635	0.01111
36	0.01913	0.00956	0.00956	0.00956	0.01196	0.00956	0.00717	0.02391	0.02152	0.03826	0.03348	0.03826	0.02630	0.01196	0.00717	0.00239	0.00478	0.00956	0.69632	0.00956
37	0.01213	0.01040	0.01040	0.01040	0.01386	0.00866	0.00780	0.01473	0.02339	0.02772	0.10396	0.09876	0.57117	0.02599	0.01213	0.00347	0.00520	0.02166	0.00953	0.00866
38	0.01505	0.01023	0.01227	0.01289	0.01339	0.01019	0.00843	0.01609	0.01693	0.02243	0.03832	0.11808	0.04372	0.47786	0.04208	0.00852	0.00956	0.10988	0.00708	0.00699
39	0.03964	0.01676	0.02186	0.01726	0.02369	0.01519	0.01368	0.07517	0.02784	0.44133	0.03790	0.04042	0.02716	0.13245	0.01833	0.00446	0.00913	0.01113	0.01130	0.01531
40	0.02058	0.05308	0.58618	0.02925	0.04442	0.02383	0.03792	0.03250	0.02167	0.03250	0.01842	0.02167	0.01300	0.00975	0.00975	0.00325	0.01517	0.00758	0.00433	0.01517
41	0.01295	0.00925	0.01242	0.01480	0.01559	0.00872	0.01030	0.01506	0.02009	0.02670	0.05631	0.57547	0.06690	0.03173	0.01322	0.00423	0.00634	0.08195	0.00952	0.00846
42	0.01275	0.00924	0.01206	0.01385	0.01488	0.00854	0.00944	0.01501	0.02117	0.02833	0.12957	0.52287	0.10385	0.03024	0.01290	0.00399	0.00575	0.02725	0.00977	0.00854
43	0.02364	0.02015	0.02357	0.02097	0.02492	0.02396	0.01658	0.08663	0.28265	0.03859	0.07334	0.07888	0.03342	0.02114	0.05974	0.00466	0.13197	0.01256	0.00886	0.01378
44	0.63741	0.02083	0.01682	0.01461	0.02117	0.02400	0.01204	0.08669	0.02087	0.04810	0.01543	0.01755	0.01181	0.00984	0.00678	0.00316	0.00831	0.00596	0.00678	0.01181
45	0.02493	0.02391	0.04082	0.10555	0.53640	0.02426	0.03126	0.03109	0.02315	0.03296	0.01922	0.02555	0.01606	0.00923	0.01017	0.00308	0.01231	0.00914	0.00504	0.01588
46	0.02128	0.01824	0.02128	0.01520	0.02432	0.01368	0.01216	0.02584	0.02128	0.03344	0.01824	0.02128	0.01520	0.00760	0.00760	0.00152	0.00760	0.00608	0.00608	0.70208
47	0.01235	0.00955	0.01127	0.01265	0.01445	0.00847	0.00880	0.01447	0.02122	0.02684	0.07646	0.40852	0.27916	0.02956	0.01269	0.00387	0.00564	0.02602	0.00953	0.00847
48	0.01440	0.00982	0.01180	0.01262	0.01296	0.00966	0.00790	0.01524	0.01687	0.02243	0.04055	0.22304	0.04721	0.42886	0.03877	0.00799	0.00884	0.05666	0.00736	0.00704
49	0.02324	0.01940	0.02233	0.01613	0.02515	0.01569	0.01297	0.08284	0.02426	0.03690	0.01895	0.02165	0.01545	0.00812	0.00789	0.00169	0.00801	0.00643	0.00654	0.62635
50	0.58561	0.01888	0.01595	0.01398	0.02021	0.02114	0.01144	0.03155	0.01966	0.10501	0.05908	0.02321	0.01916	0.01074	0.00722	0.00318	0.00779	0.00706	0.00743	0.01171
51	0.02856	0.03077	0.03732	0.09438	0.38547	0.18449	0.02801	0.03375	0.02475	0.03063	0.01826	0.02362	0.01521	0.00963	0.00991	0.00296	0.01407	0.00843	0.00510	0.01467
52	0.07031	0.48097	0.04637	0.01902	0.02710	0.12148	0.01764	0.06469	0.02361	0.02816	0.01516	0.01730	0.01333	0.00931	0.00720	0.00238	0.01193	0.00590	0.00501	0.01313
53	0.02170	0.14970	0.49935	0.02734	0.04147	0.02657	0.03460	0.03221	0.02153	0.03114	0.01774	0.02082	0.01303	0.00959	0.00923	0.00308	0.01448	0.00724	0.00434	0.01484
54	0.07470	0.01282	0.01609	0.01666	0.01970	0.01283	0.01339	0.02502	0.05868	0.08547	0.11679	0.21186	0.05718	0.02433	0.01241	0.00404	0.00775	0.20989	0.00983	0.01056
55	0.10240	0.35832	0.19055	0.02083	0.03101	0.03331	0.02251	0.07963	0.02330	0.03267	0.01637	0.01866	0.01330	0.00946	0.00776	0.00267	0.01180	0.00642	0.00515	0.01389
56	0.02350	0.02539	0.05214	0.03843	0.04749	0.02435	0.43079	0.03365	0.07475	0.03359	0.02647	0.03843	0.02188	0.01133	0.01218	0.00360	0.01556	0.06673	0.00616	0.01358
57	0.01415	0.00965	0.01270	0.01481	0.01601	0.00926	0.01086	0.01693	0.02076	0.02855	0.05350	0.44971	0.06128	0.02905	0.01269	0.00410	0.00662	0.13517	0.08548	0.00872
58	0.02651	0.53801	0.05066	0.07779	0.07290	0.03766	0.01967	0.03036	0.02101	0.02506	0.01503	0.01819	0.01346	0.00895	0.00721	0.00238	0.01133	0.00611	0.00446	0.01324
59	0.01955	0.01774	0.02880	0.17055	0.26721	0.01849	0.02310	0.02437	0.02167	0.02943	0.03498	0.20208	0.06557	0.01697	0.01114	0.00347	0.01032	0.01559	0.00650	0.01244
60	0.01244	0.01050	0.01083	0.01100	0.01439	0.00889	0.00842	0.01519	0.02341	0.02793	0.10045	0.09996	0.53492	0.02616	0.01227	0.00355	0.00550	0.05596	0.00952	0.00872
61	0.01520	0.01057	0.01211	0.01238	0.01286	0.01070	0.00746	0.01743	0.05157	0.02253	0.03721	0.16450	0.04228	0.49144	0.04260	0.00851	0.00913	0.01721	0.00708	0.00725
62	0.02557	0.08555	0.08340	0.11622	0.19050	0.02724	0.11504	0.08890	0.06805	0.03519	0.02095	0.02571	0.01644	0.01044	0.01146	0.00322	0.04617	0.00939	0.00588	0.01467
63	0.01351	0.01070	0.01194	0.01259	0.01491	0.00991	0.00887	0.01753	0.06057	0.02757	0.07617	0.27613	0.30647	0.08551	0.01615	0.00433	0.00613	0.02288	0.00928	0.00888
64	0.01751	0.01135	0.01391	0.01480	0.01727	0.01145	0.01200	0.02365	0.05844	0.03495	0.10348	0.11754	0.05071	0.02119	0.01120	0.00363	0.00698	0.21254	0.24750	0.00988
65	0.71184	0.01985	0.01508	0.01350	0.01985	0.02302	0.01111	0.03017	0.01746	0.04604	0.01429	0.01667	0.01111	0.00953	0.00635	0.00318	0.00794	0.00556	0.00635	0.01111
66	0.06675	0.02249	0.02881	0.02645	0.08929	0.02350	0.05957	0.17727	0.14225	0.10988	0.03137	0.08622	0.02536	0.01353	0.01036	0.00323	0.01001	0.01161	0.00911	0.05295
67	0.02402	0.01815	0.02156	0.01554	0.02453	0.01384	0.01248	0.02851	0.02217	0.09417	0.02070	0.02279	0.01633	0.00816	0.00790	0.00170	0.00773	0.00655	0.00681	0.62635
68	0.02633	0.02382	0.02303	0.02053	0.02596	0.08702	0.01592	0.08372	0.38382	0.04230	0.11485	0.04070	0.03788	0.01447	0.01054	0.00332	0.00902	0.01189	0.00998	0.01489
69	0.02438	0.04057	0.33789	0.02435	0.03639	0.07499	0.02750	0.03282	0.02285	0.07352	0.01979	0.02226	0.01455	0.00947	0.00916	0.00272	0.01295	0.00729	0.00553	0.20103
70	0.02592	0.07545	0.15103	0.07482	0.15172	0.02348	0.15289	0.03327	0.02407	0.10667	0.06087	0.02959	0.02197	0.01051	0.01046	0.00318	0.01307	0.01011	0.00634	0.01459
71	0.03121	0.07430	0.06930	0.02217	0.02892	0.16353	0.01859	0.08432	0.21707	0.10178	0.03107	0.06196	0.02446	0.01316	0.00995	0.00314	0.01158	0.01028	0.00851	0.01470
72	0.01739	0.00954	0.01383	0.01428	0.01473	0.00954	0.01019	0.01498	0.01543	0.02043	0.02576	0.04973	0.02699	0.07416	0.03595	0.52256	0.00908	0.10437	0.00553	0.00553
73	0.02128	0.01824	0.02128	0.01520	0.02432	0.01368	0.01216	0.02584	0.02128	0.03344	0.01824	0.02128	0.01520	0.00760	0.00760	0.00152	0.00760	0.00608	0.00608	0.70208
74	0.42432	0.15197	0.10734	0.01756	0.02561	0.06900	0.01696	0.03142	0.01961	0.03814	0.01500	0.01749	0.01196	0.00949	0.00711	0.00295	0.01038	0.00592	0.00559	0.01217
75	0.01975	0.01103	0.01328	0.01235	0.01532	0.01047	0.00931	0.02380	0.02405	0.10253	0.20076	0.05735	0.09979	0.06717	0.05742	0.00446	0.00742	0.01400	0.23954	0.01021
76	0.06417	0.10448	0.12290	0.06985	0.07556	0.02754	0.02227	0.11010	0.22048	0.04009	0.02712	0.02795	0.02053	0.01149	0.00957	0.00317	0.01080	0.00915	0.00758	0.01521
77	0.02987	0.02881	0.12660	0.03434	0.17523	0.06596	0.05752	0.06440	0.06891	0.15551	0.02838	0.07046	0.02237	0.01229	0.01042	0.00322	0.01194	0.01075	0.00768	0.01535
78	0.01370	0.00904	0.01209	0.01379	0.01421	0.00862	0.00905	0.01420	0.01802	0.02403	0.04708	0.46453	0.05571	0.09993	0.02217	0.12719	0.00692	0.02404	0.00827	0.00742
79	0.02679	0.07530	0.02754	0.02125	0.06227	0.11387	0.01591	0.08607	0.02564	0.03479	0.01831	0.02108	0.01503	0.00880	0.00825	0.00203	0.01036	0.00667	0.00621	0.41383
80	0.07388	0.01640	0.01736	0.01661	0.01864	0.07822	0.01217	0.02236	0.01853	0.06084	0.02904	0.13408	0.02987	0.13699	0.13482	0.10912	0.06233	0.01321	0.00655	0.00900

[dist]
# distance from previous block
# <min> <max>
10	14

[block]
