[name]
unknown

[dist]
# distance from previous block
# <min> <max>
0	293

[block]
# block no. 0 follows, 13 sequences, length 51
# corresponding to MSA columns:
# 321-371
name=unknown_A
#
# <colnr> <probs for GDERKNQSTAVLIFYWHMCP>
#	G	D	E	R	K	N	Q	S	T	A	V	L	I	F	Y	W	H	M	C	P
0	0.03325	0.18978	0.03550	0.02102	0.02875	0.03185	0.01806	0.31868	0.03918	0.05180	0.10120	0.03105	0.02890	0.01303	0.00984	0.00295	0.01056	0.00990	0.00910	0.01561
1	0.12495	0.27838	0.28664	0.02298	0.03467	0.03125	0.02671	0.03241	0.02135	0.03216	0.01666	0.01945	0.01317	0.00962	0.00824	0.00291	0.01282	0.00665	0.00480	0.01420
2	0.02605	0.46847	0.05014	0.08685	0.03378	0.03612	0.05947	0.03042	0.02236	0.02716	0.05654	0.02385	0.02032	0.01016	0.00810	0.00259	0.01167	0.00765	0.00515	0.01314
3	0.01992	0.04818	0.49030	0.02726	0.04110	0.02224	0.03447	0.03077	0.02259	0.03276	0.03202	0.03408	0.09405	0.01252	0.01041	0.00338	0.01411	0.00996	0.00526	0.01463
4	0.49617	0.11463	0.02116	0.01421	0.02017	0.02455	0.01174	0.02885	0.01815	0.03994	0.01747	0.02484	0.01578	0.10128	0.01358	0.00415	0.00897	0.00714	0.00621	0.01103
5	0.02959	0.11961	0.16999	0.02187	0.03104	0.02429	0.02187	0.07239	0.12547	0.15697	0.09060	0.03458	0.03014	0.01290	0.01014	0.00320	0.01064	0.01033	0.00882	0.01556
6	0.02502	0.36765	0.29405	0.02364	0.03571	0.03388	0.02775	0.03250	0.02187	0.02884	0.01667	0.01943	0.01349	0.00951	0.00829	0.00276	0.01330	0.00665	0.00450	0.01452
7	0.30628	0.22579	0.09389	0.01787	0.02651	0.02855	0.01740	0.03457	0.02145	0.11576	0.01920	0.02048	0.01455	0.01007	0.00763	0.00295	0.01018	0.00667	0.00661	0.01359
8	0.01539	0.01145	0.01700	0.01736	0.01933	0.01306	0.01378	0.01933	0.01808	0.02560	0.03242	0.05304	0.03153	0.07188	0.50185	0.01520	0.02557	0.08239	0.00627	0.00948
9	0.02343	0.02097	0.03463	0.20704	0.33963	0.02229	0.02768	0.02971	0.02296	0.03319	0.02186	0.02880	0.01762	0.01019	0.01002	0.00314	0.01180	0.00948	0.11129	0.01427
10	0.02462	0.02325	0.03815	0.13731	0.41038	0.02325	0.02904	0.03078	0.02332	0.03341	0.01956	0.02584	0.01619	0.00936	0.01009	0.00296	0.01209	0.00895	0.00531	0.11613
11	0.70310	0.02045	0.01554	0.01390	0.02045	0.02372	0.01145	0.03108	0.01799	0.04744	0.01472	0.01718	0.01145	0.00981	0.00654	0.00327	0.00818	0.00573	0.00654	0.01145
12	0.70310	0.02045	0.01554	0.01390	0.02045	0.02372	0.01145	0.03108	0.01799	0.04744	0.01472	0.01718	0.01145	0.00981	0.00654	0.00327	0.00818	0.00573	0.00654	0.01145
13	0.01510	0.01133	0.01699	0.01699	0.01888	0.01322	0.01322	0.01888	0.01699	0.02454	0.02832	0.04154	0.02643	0.07930	0.58652	0.01699	0.02832	0.01133	0.00566	0.00944
14	0.02313	0.02313	0.03238	0.02776	0.02776	0.03238	0.02313	0.02545	0.01619	0.02545	0.01388	0.02313	0.01388	0.01851	0.03470	0.00463	0.60907	0.00925	0.00463	0.01157
15	0.02154	0.01879	0.02383	0.13018	0.03437	0.01593	0.01581	0.02670	0.02177	0.03300	0.01879	0.02315	0.01536	0.00836	0.00836	0.00195	0.00905	0.00687	0.00596	0.56022
16	0.01496	0.01081	0.01413	0.01330	0.01580	0.00998	0.00998	0.01995	0.02993	0.04240	0.55689	0.07898	0.09976	0.02162	0.01247	0.00333	0.00499	0.01912	0.01164	0.00998
17	0.03129	0.02606	0.03395	0.06244	0.06891	0.05882	0.09511	0.18665	0.10830	0.08250	0.02695	0.03126	0.02087	0.05286	0.01560	0.00387	0.06048	0.01060	0.00828	0.01520
18	0.01402	0.01133	0.01255	0.01236	0.01555	0.01021	0.00922	0.01887	0.05577	0.03322	0.22528	0.13013	0.36348	0.02508	0.01246	0.00356	0.00549	0.02139	0.01038	0.00965
19	0.70310	0.02045	0.01554	0.01390	0.02045	0.02372	0.01145	0.03108	0.01799	0.04744	0.01472	0.01718	0.01145	0.00981	0.00654	0.00327	0.00818	0.00573	0.00654	0.01145
20	0.02254	0.16389	0.47608	0.02787	0.04226	0.02781	0.03512	0.03314	0.02216	0.03186	0.01817	0.02131	0.01343	0.00986	0.00943	0.00314	0.01481	0.00741	0.00448	0.01524
21	0.02275	0.01993	0.02967	0.20524	0.20227	0.02206	0.02376	0.03394	0.13558	0.03448	0.02879	0.07026	0.02401	0.01272	0.01041	0.00335	0.01081	0.01137	0.08467	0.01394
22	0.01522	0.01088	0.01471	0.01471	0.01581	0.01198	0.01037	0.01741	0.01632	0.02285	0.03041	0.05311	0.03146	0.30902	0.36367	0.01417	0.02076	0.01302	0.00597	0.00817
23	0.07953	0.03162	0.03607	0.04635	0.31305	0.18269	0.02647	0.03428	0.02437	0.03203	0.01783	0.02317	0.01515	0.01090	0.01269	0.00320	0.08238	0.00840	0.00532	0.01451
24	0.12457	0.37963	0.10485	0.02029	0.02929	0.09975	0.01994	0.06124	0.02368	0.03154	0.01599	0.01833	0.01351	0.00969	0.00766	0.00263	0.01228	0.00627	0.00525	0.01361
25	0.52715	0.11487	0.02310	0.01605	0.02284	0.09080	0.01346	0.03244	0.01988	0.04163	0.01490	0.01736	0.01201	0.00982	0.00692	0.00306	0.00989	0.00584	0.00612	0.01186
26	0.01997	0.01879	0.03171	0.60301	0.07282	0.02349	0.02936	0.02701	0.02114	0.02701	0.01879	0.02819	0.01409	0.01057	0.01057	0.00352	0.01409	0.00940	0.00470	0.01175
27	0.01510	0.01133	0.01699	0.01699	0.01888	0.01322	0.01322	0.01888	0.01699	0.02454	0.02832	0.04154	0.02643	0.07930	0.58652	0.01699	0.02832	0.01133	0.00566	0.00944
28	0.02115	0.02030	0.06519	0.08536	0.02949	0.01935	0.01722	0.06642	0.19385	0.04106	0.21840	0.05412	0.09051	0.01689	0.01139	0.00344	0.00843	0.01441	0.00978	0.01325
29	0.01949	0.01186	0.01528	0.01382	0.01728	0.01068	0.01058	0.02408	0.02931	0.11889	0.42910	0.07522	0.14137	0.02094	0.01220	0.00335	0.00562	0.01823	0.01164	0.01104
30	0.01504	0.01595	0.07957	0.10318	0.02734	0.01272	0.01606	0.01907	0.02133	0.02888	0.08499	0.42505	0.05743	0.02630	0.01259	0.00400	0.00831	0.02365	0.00858	0.00996
31	0.02156	0.02269	0.07309	0.25696	0.21462	0.02328	0.02817	0.02789	0.02115	0.02939	0.02017	0.02868	0.01669	0.02098	0.09771	0.00547	0.06369	0.00956	0.00499	0.01326
32	0.02617	0.02512	0.04292	0.06490	0.56246	0.02512	0.03245	0.03245	0.02407	0.03454	0.01989	0.02617	0.01675	0.00942	0.01047	0.00314	0.01256	0.00942	0.00523	0.01675
33	0.01288	0.00920	0.01227	0.01472	0.01534	0.00859	0.00981	0.01472	0.02024	0.02699	0.05828	0.62152	0.06993	0.03312	0.01350	0.00429	0.00613	0.03006	0.00981	0.00859
34	0.70310	0.02045	0.01554	0.01390	0.02045	0.02372	0.01145	0.03108	0.01799	0.04744	0.01472	0.01718	0.01145	0.00981	0.00654	0.00327	0.00818	0.00573	0.00654	0.01145
35	0.01934	0.01205	0.02097	0.01833	0.01992	0.01178	0.08541	0.01675	0.01543	0.02066	0.01881	0.03160	0.01802	0.03261	0.03705	0.59040	0.01046	0.00967	0.00470	0.00602
36	0.70310	0.02045	0.01554	0.01390	0.02045	0.02372	0.01145	0.03108	0.01799	0.04744	0.01472	0.01718	0.01145	0.00981	0.00654	0.00327	0.00818	0.00573	0.00654	0.01145
37	0.02313	0.02313	0.03238	0.02776	0.02776	0.03238	0.02313	0.02545	0.01619	0.02545	0.01388	0.02313	0.01388	0.01851	0.03470	0.00463	0.60907	0.00925	0.00463	0.01157
38	0.01534	0.01041	0.01234	0.01234	0.01262	0.01069	0.00741	0.01589	0.01562	0.02110	0.03257	0.06510	0.03666	0.54712	0.13268	0.01125	0.01293	0.01478	0.00630	0.00686
39	0.04127	0.02789	0.03067	0.02351	0.03193	0.03023	0.01942	0.45678	0.04683	0.14113	0.02780	0.02695	0.01919	0.01275	0.01059	0.00319	0.01124	0.00968	0.01095	0.01798
40	0.02630	0.02271	0.02391	0.02152	0.02749	0.02630	0.01674	0.05618	0.54336	0.04423	0.04303	0.03945	0.03228	0.01434	0.01076	0.00359	0.00837	0.01195	0.01076	0.01674
41	0.01597	0.01061	0.01323	0.01257	0.01506	0.00995	0.00943	0.02094	0.02829	0.04177	0.44652	0.07062	0.08441	0.01965	0.01140	0.00314	0.00498	0.01716	0.15434	0.00995
42	0.01837	0.00918	0.01377	0.01377	0.01377	0.00918	0.00918	0.01377	0.01377	0.01837	0.01837	0.03214	0.01837	0.03673	0.04132	0.69238	0.00918	0.00918	0.00459	0.00459
43	0.01376	0.01016	0.01307	0.01505	0.01664	0.00947	0.01113	0.01645	0.02191	0.02835	0.06694	0.40892	0.15976	0.03103	0.01356	0.00429	0.00681	0.13399	0.00980	0.00891
44	0.01561	0.01068	0.01355	0.01283	0.01532	0.00996	0.00962	0.02059	0.02887	0.04199	0.48539	0.07356	0.08982	0.02034	0.01178	0.00321	0.00498	0.01785	0.10408	0.00996
45	0.02321	0.07103	0.10853	0.06983	0.03226	0.08522	0.04992	0.02804	0.02254	0.06248	0.03278	0.19769	0.03347	0.01894	0.01409	0.00373	0.08091	0.04626	0.00706	0.01202
46	0.02827	0.63478	0.05540	0.01809	0.02714	0.04184	0.01809	0.03166	0.02148	0.02488	0.01470	0.01696	0.01357	0.00905	0.00678	0.00226	0.01131	0.00565	0.00452	0.01357
47	0.06691	0.01886	0.02241	0.02121	0.05902	0.01954	0.01544	0.10956	0.14280	0.14380	0.11833	0.11070	0.07174	0.01723	0.01112	0.00346	0.00831	0.01456	0.01054	0.01447
48	0.07676	0.03057	0.16529	0.07772	0.13125	0.02482	0.10127	0.03392	0.02274	0.10642	0.02148	0.02596	0.01610	0.01153	0.01418	0.00354	0.10628	0.00936	0.00610	0.01471
49	0.03210	0.02501	0.02682	0.08871	0.03401	0.06788	0.01893	0.14028	0.28096	0.11735	0.03473	0.03349	0.02524	0.01317	0.01059	0.00339	0.01053	0.01063	0.00995	0.01624
50	0.52401	0.06685	0.02070	0.05885	0.02565	0.02536	0.01389	0.03370	0.07866	0.04385	0.01827	0.02053	0.01419	0.01033	0.00734	0.00325	0.00888	0.00671	0.00674	0.01224

[dist]
# distance from previous block
# <min> <max>
1	19

[block]
# block no. 1 follows, 13 sequences, length 28
# corresponding to MSA columns:
# 391-418
name=unknown_B
#
# <colnr> <probs for GDERKNQSTAVLIFYWHMCP>
#	G	D	E	R	K	N	Q	S	T	A	V	L	I	F	Y	W	H	M	C	P
0	0.01835	0.02330	0.14391	0.02364	0.06321	0.01802	0.02028	0.02549	0.05881	0.02886	0.03066	0.12512	0.02993	0.08508	0.20555	0.00861	0.05966	0.01347	0.00637	0.01168
1	0.13293	0.01567	0.02127	0.20228	0.03637	0.01729	0.01736	0.02734	0.02264	0.10578	0.10477	0.13410	0.03764	0.02129	0.05424	0.00457	0.01090	0.01392	0.00804	0.01159
2	0.04744	0.01799	0.02454	0.01881	0.02699	0.01554	0.01554	0.05153	0.03026	0.56979	0.04171	0.03599	0.02617	0.01309	0.01063	0.00327	0.00900	0.01063	0.01309	0.01799
3	0.01395	0.00996	0.01349	0.01594	0.01702	0.00950	0.01166	0.01656	0.02129	0.02818	0.05769	0.49298	0.06761	0.03212	0.01378	0.00444	0.00706	0.14810	0.00979	0.00888
4	0.02617	0.02512	0.04292	0.06490	0.56246	0.02512	0.03245	0.03245	0.02407	0.03454	0.01989	0.02617	0.01675	0.00942	0.01047	0.00314	0.01256	0.00942	0.00523	0.01675
5	0.01396	0.01077	0.01274	0.01225	0.01518	0.00955	0.00918	0.01800	0.02755	0.03676	0.37354	0.08826	0.28662	0.02372	0.01248	0.00343	0.00514	0.02042	0.01090	0.00955
6	0.02257	0.02428	0.05085	0.03709	0.04582	0.02273	0.40112	0.03054	0.02614	0.03591	0.14945	0.04059	0.03606	0.01195	0.01248	0.00351	0.01476	0.01407	0.00685	0.01324
7	0.02514	0.02407	0.04106	0.15418	0.48122	0.02485	0.03194	0.03155	0.02359	0.03329	0.01971	0.02650	0.01631	0.00961	0.01048	0.00320	0.01282	0.00942	0.00514	0.01592
8	0.04019	0.02962	0.03173	0.02433	0.03279	0.03279	0.02010	0.52721	0.04971	0.06663	0.02538	0.02538	0.01798	0.01269	0.01058	0.00317	0.01163	0.00952	0.01058	0.01798
9	0.04623	0.01992	0.02573	0.01973	0.02795	0.01840	0.01630	0.13052	0.03349	0.48623	0.03900	0.03423	0.02481	0.01302	0.01062	0.00326	0.00943	0.01045	0.01267	0.01799
10	0.14114	0.12809	0.08620	0.02464	0.03412	0.02675	0.12443	0.10579	0.02655	0.07710	0.02058	0.02323	0.01557	0.00987	0.00922	0.00290	0.01191	0.00830	0.00678	0.11683
11	0.03000	0.02336	0.03097	0.02570	0.02847	0.02966	0.02137	0.11310	0.02409	0.12261	0.02041	0.02564	0.01660	0.01664	0.02670	0.00416	0.41029	0.00953	0.00702	0.01370
12	0.01510	0.01133	0.01699	0.01699	0.01888	0.01322	0.01322	0.01888	0.01699	0.02454	0.02832	0.04154	0.02643	0.07930	0.58652	0.01699	0.02832	0.01133	0.00566	0.00944
13	0.02914	0.02249	0.02437	0.02127	0.02742	0.02525	0.01668	0.13086	0.38431	0.08513	0.04116	0.08089	0.03230	0.01540	0.01093	0.00355	0.00879	0.01282	0.01083	0.01642
14	0.02611	0.09348	0.44243	0.02732	0.04121	0.02440	0.03354	0.03634	0.02358	0.12181	0.02242	0.02418	0.01553	0.01047	0.00989	0.00325	0.01419	0.00811	0.00590	0.01586
15	0.04744	0.01799	0.02454	0.01881	0.02699	0.01554	0.01554	0.05153	0.03026	0.56979	0.04171	0.03599	0.02617	0.01309	0.01063	0.00327	0.00900	0.01063	0.01309	0.01799
16	0.04744	0.01799	0.02454	0.01881	0.02699	0.01554	0.01554	0.05153	0.03026	0.56979	0.04171	0.03599	0.02617	0.01309	0.01063	0.00327	0.00900	0.01063	0.01309	0.01799
17	0.02096	0.02022	0.03545	0.50591	0.11386	0.02392	0.07415	0.02810	0.02174	0.02829	0.01912	0.02804	0.01450	0.01032	0.01073	0.00349	0.01430	0.00968	0.00480	0.01241
18	0.02794	0.53322	0.05018	0.01866	0.02720	0.03926	0.01787	0.03573	0.10808	0.02809	0.01940	0.02069	0.01667	0.00992	0.00744	0.00248	0.01082	0.00670	0.00556	0.01409
19	0.02121	0.05469	0.57364	0.03014	0.04576	0.02455	0.03906	0.03348	0.02232	0.03348	0.01897	0.02232	0.01339	0.01005	0.01005	0.00335	0.01563	0.00781	0.00446	0.01563
20	0.01324	0.01074	0.01174	0.01149	0.01474	0.00924	0.00862	0.01661	0.02586	0.03273	0.24260	0.09489	0.42009	0.02522	0.01249	0.00350	0.00524	0.02135	0.01037	0.00924
21	0.02751	0.07540	0.16033	0.02382	0.03276	0.02807	0.02279	0.12710	0.29816	0.04396	0.03226	0.03137	0.02400	0.01265	0.01027	0.00337	0.01087	0.01010	0.00876	0.01645
22	0.01267	0.01003	0.01141	0.01252	0.01476	0.00877	0.00884	0.01497	0.02236	0.02785	0.08510	0.33598	0.33816	0.02964	0.01295	0.00390	0.00571	0.02580	0.00982	0.00877
23	0.01350	0.00926	0.01205	0.01428	0.01506	0.00870	0.00960	0.01561	0.02042	0.02811	0.05613	0.56913	0.06608	0.03125	0.01295	0.00413	0.00603	0.02824	0.07077	0.00870
24	0.02941	0.07200	0.12239	0.07232	0.11753	0.02712	0.02444	0.13482	0.16742	0.08329	0.02821	0.02919	0.02089	0.01181	0.01026	0.00328	0.01152	0.00968	0.00812	0.01630
25	0.02482	0.02714	0.05465	0.04466	0.12259	0.02745	0.37126	0.03227	0.02338	0.03257	0.01993	0.02729	0.01578	0.01058	0.01588	0.00368	0.11518	0.01151	0.00521	0.01417
26	0.01341	0.01030	0.01126	0.01176	0.01447	0.00901	0.00854	0.01627	0.02351	0.03024	0.12512	0.21380	0.36369	0.02657	0.01228	0.00362	0.00547	0.02275	0.06891	0.00901
27	0.02781	0.02053	0.03353	0.31384	0.21042	0.02225	0.02729	0.03398	0.02401	0.14727	0.02411	0.02928	0.01752	0.01077	0.01055	0.00335	0.01252	0.00967	0.00668	0.01461

[dist]
# distance from previous block
# <min> <max>
0	23

[block]
# block no. 2 follows, 13 sequences, length 94
# corresponding to MSA columns:
# 442-535
name=unknown_C
#
# <colnr> <probs for GDERKNQSTAVLIFYWHMCP>
#	G	D	E	R	K	N	Q	S	T	A	V	L	I	F	Y	W	H	M	C	P
0	0.02678	0.02463	0.02956	0.07767	0.10310	0.10707	0.02193	0.03064	0.02183	0.06905	0.02205	0.03132	0.01915	0.01500	0.01986	0.00373	0.24922	0.03538	0.07943	0.01258
1	0.01788	0.01022	0.01151	0.01119	0.01366	0.00990	0.00839	0.02283	0.02517	0.04057	0.23644	0.05471	0.05519	0.01591	0.00935	0.00280	0.00495	0.01344	0.42599	0.00990
2	0.01847	0.01158	0.01526	0.01390	0.01700	0.01058	0.01058	0.02336	0.02996	0.09934	0.50126	0.07434	0.09182	0.02069	0.01227	0.00332	0.00542	0.01820	0.01180	0.01084
3	0.02088	0.01946	0.03357	0.46846	0.10775	0.02289	0.06878	0.02786	0.02178	0.02912	0.02025	0.02887	0.01543	0.01047	0.01049	0.00342	0.01360	0.00969	0.05501	0.01223
4	0.01322	0.00944	0.01265	0.01511	0.01587	0.00888	0.01040	0.01530	0.02057	0.02737	0.05809	0.58087	0.06920	0.03281	0.01358	0.00434	0.00643	0.06739	0.00981	0.00868
5	0.01520	0.01158	0.01634	0.01677	0.01830	0.01272	0.01279	0.01861	0.02049	0.02869	0.12075	0.21635	0.05215	0.04861	0.24679	0.00935	0.05931	0.05771	0.00804	0.00946
6	0.02827	0.63478	0.05540	0.01809	0.02714	0.04184	0.01809	0.03166	0.02148	0.02488	0.01470	0.01696	0.01357	0.00905	0.00678	0.00226	0.01131	0.00565	0.00452	0.01357
7	0.03515	0.02540	0.02911	0.02332	0.02954	0.02884	0.01903	0.32586	0.08509	0.09632	0.02601	0.02773	0.01936	0.01567	0.01678	0.05748	0.10431	0.00977	0.00940	0.01582
8	0.01538	0.01025	0.01153	0.01153	0.01153	0.01025	0.00641	0.01538	0.01538	0.02050	0.03331	0.06919	0.03844	0.62842	0.05382	0.01025	0.01025	0.01538	0.00641	0.00641
9	0.02457	0.18765	0.27045	0.02441	0.03534	0.02938	0.02677	0.04027	0.18827	0.03479	0.02559	0.02646	0.01946	0.01117	0.00947	0.00316	0.01225	0.00860	0.00649	0.01547
10	0.02313	0.02313	0.03238	0.02776	0.02776	0.03238	0.02313	0.02545	0.01619	0.02545	0.01388	0.02313	0.01388	0.01851	0.03470	0.00463	0.60907	0.00925	0.00463	0.01157
11	0.02967	0.02507	0.07040	0.02924	0.11401	0.02340	0.05725	0.21224	0.03489	0.09152	0.11869	0.04145	0.07588	0.01436	0.01113	0.00328	0.01070	0.01231	0.00922	0.01529
12	0.70310	0.02045	0.01554	0.01390	0.02045	0.02372	0.01145	0.03108	0.01799	0.04744	0.01472	0.01718	0.01145	0.00981	0.00654	0.00327	0.00818	0.00573	0.00654	0.01145
13	0.02313	0.02091	0.06682	0.01702	0.02613	0.01462	0.01473	0.02818	0.02248	0.07574	0.02380	0.07159	0.02069	0.01047	0.00869	0.00207	0.00843	0.00866	0.00694	0.52890
14	0.03397	0.04118	0.03078	0.02741	0.03102	0.39893	0.02134	0.03655	0.02531	0.02573	0.01551	0.02044	0.01371	0.01347	0.01804	0.00337	0.21841	0.00764	0.00517	0.01202
15	0.70310	0.02045	0.01554	0.01390	0.02045	0.02372	0.01145	0.03108	0.01799	0.04744	0.01472	0.01718	0.01145	0.00981	0.00654	0.00327	0.00818	0.00573	0.00654	0.01145
16	0.02179	0.01925	0.02630	0.23207	0.08499	0.02225	0.02138	0.03691	0.22723	0.03441	0.03502	0.13132	0.03078	0.01572	0.01112	0.00365	0.01039	0.01385	0.00798	0.01359
17	0.02313	0.02313	0.03238	0.02776	0.02776	0.03238	0.02313	0.02545	0.01619	0.02545	0.01388	0.02313	0.01388	0.01851	0.03470	0.00463	0.60907	0.00925	0.00463	0.01157
18	0.01748	0.01140	0.01473	0.01356	0.01661	0.01036	0.01029	0.02221	0.02950	0.08529	0.47866	0.07718	0.12957	0.02131	0.01232	0.00334	0.00535	0.01866	0.01162	0.01056
19	0.01971	0.00985	0.00985	0.00985	0.01232	0.00985	0.00739	0.02464	0.02217	0.03942	0.03449	0.03942	0.02710	0.01232	0.00739	0.00246	0.00493	0.00985	0.68712	0.00985
20	0.01633	0.01542	0.06649	0.01890	0.02232	0.01242	0.01706	0.02117	0.02343	0.03076	0.05725	0.19516	0.09946	0.02793	0.01382	0.00452	0.00929	0.32898	0.00928	0.01001
21	0.01780	0.01116	0.01448	0.01366	0.01642	0.01028	0.01023	0.02237	0.02834	0.08449	0.42139	0.13104	0.08502	0.02146	0.01205	0.00336	0.00544	0.01891	0.06160	0.01049
22	0.01574	0.01022	0.01139	0.01139	0.01160	0.01022	0.00649	0.01615	0.01594	0.02208	0.03341	0.06671	0.03750	0.57715	0.04995	0.00960	0.00981	0.01492	0.06305	0.00669
23	0.02224	0.13978	0.49762	0.02837	0.04303	0.02709	0.03599	0.03322	0.02220	0.03222	0.01835	0.02154	0.01342	0.00990	0.00957	0.00319	0.01499	0.00750	0.00447	0.01532
24	0.01834	0.01212	0.01653	0.06241	0.02152	0.01160	0.01208	0.02342	0.02924	0.08927	0.46551	0.07087	0.08599	0.01993	0.01215	0.00334	0.00610	0.01754	0.01120	0.01085
25	0.01326	0.00947	0.01270	0.01516	0.01594	0.00891	0.01047	0.01538	0.02062	0.02742	0.05807	0.57568	0.06910	0.03277	0.01360	0.00435	0.00646	0.07216	0.00981	0.00869
26	0.70310	0.02045	0.01554	0.01390	0.02045	0.02372	0.01145	0.03108	0.01799	0.04744	0.01472	0.01718	0.01145	0.00981	0.00654	0.00327	0.00818	0.00573	0.00654	0.01145
27	0.02783	0.59899	0.08738	0.01883	0.02829	0.04077	0.01939	0.03177	0.02154	0.02541	0.01496	0.01729	0.01356	0.00911	0.00699	0.00233	0.01157	0.00579	0.00452	0.01370
28	0.03847	0.10373	0.03228	0.02640	0.03218	0.53631	0.02022	0.04126	0.02919	0.02579	0.01619	0.01887	0.01361	0.01073	0.00928	0.00268	0.01836	0.00670	0.00536	0.01238
29	0.01288	0.00920	0.01227	0.01472	0.01534	0.00859	0.00981	0.01472	0.02024	0.02699	0.05828	0.62152	0.06993	0.03312	0.01350	0.00429	0.00613	0.03006	0.00981	0.00859
30	0.01288	0.00920	0.01227	0.01472	0.01534	0.00859	0.00981	0.01472	0.02024	0.02699	0.05828	0.62152	0.06993	0.03312	0.01350	0.00429	0.00613	0.03006	0.00981	0.00859
31	0.03781	0.02093	0.02483	0.02040	0.02766	0.02150	0.01641	0.09082	0.25158	0.30521	0.04100	0.03664	0.02814	0.01359	0.01068	0.00340	0.00893	0.01111	0.01189	0.01745
32	0.01288	0.00920	0.01227	0.01472	0.01534	0.00859	0.00981	0.01472	0.02024	0.02699	0.05828	0.62152	0.06993	0.03312	0.01350	0.00429	0.00613	0.03006	0.00981	0.00859
33	0.01253	0.01057	0.01085	0.01108	0.01438	0.00889	0.00820	0.01513	0.02375	0.02842	0.10265	0.14919	0.51361	0.02736	0.01259	0.00364	0.00543	0.02302	0.00982	0.00889
34	0.02550	0.02444	0.04171	0.12300	0.50960	0.02495	0.03212	0.03186	0.02376	0.03373	0.01977	0.02639	0.01646	0.00954	0.01048	0.00318	0.01273	0.00942	0.00518	0.01621
35	0.02121	0.02034	0.07710	0.39235	0.05586	0.02026	0.02547	0.02776	0.02260	0.07397	0.06717	0.09635	0.02778	0.01403	0.01099	0.00355	0.01224	0.01235	0.00647	0.01214
36	0.01510	0.01133	0.01699	0.01699	0.01888	0.01322	0.01322	0.01888	0.01699	0.02454	0.02832	0.04154	0.02643	0.07930	0.58652	0.01699	0.02832	0.01133	0.00566	0.00944
37	0.02961	0.36745	0.15702	0.02289	0.03241	0.17460	0.02305	0.03469	0.02378	0.02692	0.01600	0.01861	0.01354	0.00972	0.00815	0.00260	0.01415	0.00639	0.00474	0.01367
38	0.01600	0.01250	0.01816	0.01766	0.01917	0.01502	0.01367	0.01927	0.01676	0.02427	0.02722	0.04207	0.02617	0.12285	0.47832	0.01504	0.08938	0.01147	0.00562	0.00939
39	0.01958	0.01786	0.02949	0.36091	0.15730	0.02040	0.02550	0.02528	0.02152	0.02851	0.02806	0.16372	0.02742	0.01551	0.01122	0.00362	0.01196	0.01413	0.00598	0.01202
40	0.70310	0.02045	0.01554	0.01390	0.02045	0.02372	0.01145	0.03108	0.01799	0.04744	0.01472	0.01718	0.01145	0.00981	0.00654	0.00327	0.00818	0.00573	0.00654	0.01145
41	0.01310	0.01061	0.01163	0.01164	0.01472	0.00914	0.00863	0.01624	0.02512	0.03162	0.20653	0.13977	0.41208	0.02612	0.01257	0.00357	0.00534	0.02222	0.01024	0.00914
42	0.02192	0.01879	0.02192	0.01566	0.02506	0.01409	0.01253	0.02662	0.02192	0.03445	0.01879	0.02192	0.01566	0.00783	0.00783	0.00157	0.00783	0.00626	0.00626	0.69305
43	0.01326	0.00993	0.01238	0.01394	0.01559	0.00905	0.00991	0.01579	0.02231	0.02898	0.11086	0.40835	0.19571	0.03029	0.01324	0.00407	0.00611	0.06137	0.00996	0.00887
44	0.02526	0.01777	0.02344	0.06369	0.07232	0.01515	0.01556	0.02974	0.02325	0.12622	0.02867	0.11315	0.02543	0.01279	0.00957	0.00254	0.00864	0.01101	0.00777	0.36800
45	0.17709	0.01400	0.01527	0.01391	0.01829	0.01369	0.01079	0.02612	0.02534	0.12266	0.22378	0.10508	0.15597	0.01949	0.01091	0.00343	0.00651	0.01620	0.01020	0.01126
46	0.01759	0.01139	0.01498	0.01375	0.01670	0.01043	0.01043	0.02251	0.02996	0.08508	0.51519	0.07550	0.09381	0.02093	0.01232	0.00332	0.00531	0.01843	0.01176	0.01063
47	0.02342	0.02232	0.03795	0.30326	0.34557	0.02440	0.03108	0.03004	0.02278	0.03121	0.01940	0.02706	0.01557	0.00993	0.01051	0.00331	0.01324	0.00941	0.00500	0.01453
48	0.03838	0.02981	0.02828	0.07131	0.03281	0.21059	0.01961	0.04196	0.02702	0.25006	0.02658	0.02748	0.01888	0.01306	0.01434	0.00334	0.11462	0.00901	0.00839	0.01446
49	0.01314	0.00980	0.01230	0.01418	0.01564	0.00897	0.01000	0.01543	0.02149	0.02775	0.06956	0.45754	0.18386	0.03131	0.01335	0.00417	0.00625	0.06670	0.00981	0.00876
50	0.03147	0.01813	0.02112	0.01810	0.02399	0.01876	0.01431	0.04671	0.24669	0.22058	0.08283	0.04148	0.03486	0.01419	0.01032	0.00328	0.00776	0.01176	0.11812	0.01553
51	0.02068	0.01989	0.03475	0.37052	0.12754	0.02225	0.09471	0.02738	0.02249	0.02936	0.02887	0.03965	0.06244	0.01268	0.01122	0.00357	0.01341	0.04061	0.00559	0.01240
52	0.08467	0.12178	0.05188	0.03409	0.04381	0.02722	0.32754	0.03588	0.02461	0.11218	0.02277	0.02686	0.01676	0.00962	0.01082	0.00329	0.01471	0.01058	0.00645	0.01447
53	0.01680	0.01254	0.01614	0.01681	0.01969	0.01244	0.01384	0.02381	0.07361	0.03624	0.23125	0.09668	0.11261	0.02504	0.01335	0.00411	0.00762	0.24654	0.01049	0.01039
54	0.01288	0.00920	0.01227	0.01472	0.01534	0.00859	0.00981	0.01472	0.02024	0.02699	0.05828	0.62152	0.06993	0.03312	0.01350	0.00429	0.00613	0.03006	0.00981	0.00859
55	0.02161	0.01574	0.02213	0.06599	0.10759	0.01571	0.01622	0.07062	0.02940	0.08004	0.30552	0.10419	0.06515	0.01842	0.01180	0.00337	0.00783	0.01630	0.00999	0.01237
56	0.40537	0.01933	0.01963	0.01613	0.02342	0.02001	0.01331	0.04036	0.02356	0.28463	0.02698	0.02572	0.01814	0.01130	0.00840	0.00327	0.00855	0.00795	0.00951	0.01442
57	0.01336	0.00969	0.01269	0.01467	0.01582	0.00902	0.01027	0.01577	0.02168	0.02877	0.10341	0.49497	0.10996	0.03135	0.01342	0.00420	0.00627	0.06587	0.00996	0.00882
58	0.02705	0.54442	0.05193	0.10389	0.03384	0.03915	0.01974	0.03098	0.02143	0.02519	0.01530	0.01861	0.01365	0.00927	0.00734	0.00245	0.01172	0.00620	0.00455	0.01330
59	0.01597	0.01260	0.01865	0.01815	0.01984	0.01529	0.01429	0.01959	0.01691	0.02464	0.02676	0.03955	0.02508	0.07273	0.52694	0.01566	0.09102	0.01110	0.00555	0.00967
60	0.01468	0.01063	0.01425	0.01649	0.01815	0.01020	0.01286	0.01793	0.02236	0.02917	0.06122	0.35785	0.10544	0.03088	0.01390	0.00449	0.00766	0.23294	0.00978	0.00912
61	0.02313	0.02313	0.03238	0.02776	0.02776	0.03238	0.02313	0.02545	0.01619	0.02545	0.01388	0.02313	0.01388	0.01851	0.03470	0.00463	0.60907	0.00925	0.00463	0.01157
62	0.07723	0.06745	0.03100	0.26932	0.04768	0.02777	0.02272	0.16514	0.11292	0.04166	0.02386	0.02763	0.01783	0.01158	0.01003	0.00333	0.01188	0.00930	0.00736	0.01432
63	0.09504	0.02404	0.11445	0.16605	0.11848	0.02087	0.02314	0.03107	0.06992	0.03625	0.06279	0.03240	0.02425	0.01168	0.00964	0.00322	0.01071	0.00977	0.12313	0.01311
64	0.02085	0.01610	0.02340	0.07689	0.18649	0.01588	0.01776	0.02584	0.02233	0.03440	0.03085	0.12532	0.02847	0.01412	0.00961	0.00295	0.00851	0.01252	0.24204	0.08567
65	0.10232	0.07208	0.18158	0.02738	0.07253	0.15906	0.02449	0.11336	0.02801	0.03760	0.02203	0.07144	0.01895	0.01247	0.00977	0.00317	0.01374	0.00948	0.00642	0.01414
66	0.01250	0.01071	0.01071	0.01071	0.01428	0.00893	0.00803	0.01517	0.02410	0.02856	0.10711	0.10175	0.55817	0.02678	0.01250	0.00357	0.00536	0.02231	0.00982	0.00893
67	0.01253	0.01059	0.01084	0.01104	0.01437	0.00890	0.00818	0.01514	0.02378	0.02843	0.10305	0.14501	0.51755	0.02731	0.01258	0.00363	0.00542	0.02296	0.00982	0.00890
68	0.02313	0.02313	0.03238	0.02776	0.02776	0.03238	0.02313	0.02545	0.01619	0.02545	0.01388	0.02313	0.01388	0.01851	0.03470	0.00463	0.60907	0.00925	0.00463	0.01157
69	0.02630	0.02271	0.02391	0.02152	0.02749	0.02630	0.01674	0.05618	0.54336	0.04423	0.04303	0.03945	0.03228	0.01434	0.01076	0.00359	0.00837	0.01195	0.01076	0.01674
70	0.02827	0.63478	0.05540	0.01809	0.02714	0.04184	0.01809	0.03166	0.02148	0.02488	0.01470	0.01696	0.01357	0.00905	0.00678	0.00226	0.01131	0.00565	0.00452	0.01357
71	0.01396	0.00979	0.01260	0.01443	0.01508	0.00939	0.00973	0.01566	0.01946	0.02585	0.05172	0.42779	0.06100	0.18305	0.02380	0.00586	0.00756	0.07615	0.00895	0.00816
72	0.02617	0.02512	0.04292	0.06490	0.56246	0.02512	0.03245	0.03245	0.02407	0.03454	0.01989	0.02617	0.01675	0.00942	0.01047	0.00314	0.01256	0.00942	0.00523	0.01675
73	0.02192	0.01879	0.02192	0.01566	0.02506	0.01409	0.01253	0.02662	0.02192	0.03445	0.01879	0.02192	0.01566	0.00783	0.00783	0.00157	0.00783	0.00626	0.00626	0.69305
74	0.02121	0.05469	0.57364	0.03014	0.04576	0.02455	0.03906	0.03348	0.02232	0.03348	0.01897	0.02232	0.01339	0.01005	0.01005	0.00335	0.01563	0.00781	0.00446	0.01563
75	0.03950	0.05039	0.02996	0.02724	0.03269	0.58597	0.02043	0.04222	0.02996	0.02588	0.01634	0.01907	0.01362	0.01090	0.00953	0.00272	0.01907	0.00681	0.00545	0.01226
76	0.01449	0.01079	0.01348	0.01281	0.01551	0.00978	0.00960	0.01904	0.02881	0.03975	0.47082	0.08334	0.18748	0.02260	0.01248	0.00337	0.00506	0.01973	0.01129	0.00978
77	0.01871	0.01165	0.01600	0.01756	0.01991	0.01115	0.01408	0.02233	0.02340	0.08795	0.05533	0.30443	0.06062	0.02898	0.01375	0.00447	0.00826	0.26109	0.01013	0.01018
78	0.08741	0.01042	0.01262	0.01463	0.01589	0.01022	0.00999	0.01649	0.02000	0.02920	0.05357	0.55627	0.06362	0.03061	0.01274	0.00418	0.00635	0.02743	0.00946	0.00890
79	0.02258	0.01741	0.02059	0.06144	0.02630	0.01904	0.01500	0.03933	0.27582	0.07301	0.18364	0.11208	0.05311	0.01801	0.01150	0.00357	0.00766	0.01560	0.01059	0.01371
80	0.02128	0.08433	0.25880	0.02954	0.11558	0.02243	0.02674	0.03090	0.06613	0.03336	0.08278	0.07728	0.03081	0.05866	0.01363	0.00382	0.01194	0.01163	0.00642	0.01392
81	0.02868	0.01867	0.02346	0.02025	0.06419	0.01598	0.01462	0.03505	0.06710	0.17303	0.02803	0.03124	0.02173	0.06100	0.01279	0.00301	0.00873	0.00885	0.00834	0.35525
82	0.01658	0.01027	0.01347	0.01485	0.01651	0.00937	0.01029	0.01873	0.02163	0.08572	0.06032	0.51755	0.10349	0.03046	0.01311	0.00413	0.00638	0.02735	0.01017	0.00963
83	0.09703	0.01926	0.02564	0.21718	0.04124	0.01994	0.01927	0.02921	0.02146	0.07713	0.01986	0.02482	0.01540	0.01028	0.01103	0.00281	0.05876	0.00788	0.00619	0.27560
84	0.02511	0.17917	0.11224	0.02205	0.06759	0.02313	0.01928	0.03069	0.02359	0.07730	0.07787	0.02837	0.02484	0.01051	0.00882	0.00245	0.00999	0.00832	0.00663	0.24204
85	0.02174	0.02024	0.03250	0.37279	0.17631	0.02215	0.02701	0.02819	0.02196	0.03009	0.01904	0.02659	0.01499	0.00981	0.01005	0.00308	0.01260	0.00883	0.00511	0.13692
86	0.08358	0.02447	0.11202	0.07876	0.15120	0.02089	0.02309	0.03231	0.11221	0.03617	0.07373	0.10342	0.03428	0.01567	0.01093	0.00358	0.01051	0.05199	0.00752	0.01366
87	0.08458	0.01956	0.06658	0.10386	0.02978	0.01895	0.01712	0.06898	0.11533	0.03224	0.02322	0.03015	0.01919	0.02215	0.02293	0.28878	0.01040	0.00932	0.00639	0.01050
88	0.06972	0.02974	0.20381	0.13290	0.08467	0.02074	0.07161	0.02803	0.02300	0.03372	0.08981	0.08184	0.05815	0.01405	0.01083	0.00346	0.01220	0.01237	0.00635	0.01301
89	0.02398	0.01964	0.07059	0.15398	0.03727	0.01749	0.05850	0.03106	0.06219	0.13769	0.04435	0.16847	0.09387	0.01801	0.01157	0.00364	0.01031	0.01597	0.00857	0.01286
90	0.02361	0.02952	0.16202	0.02983	0.11153	0.02078	0.07713	0.07014	0.02436	0.03555	0.02115	0.02795	0.01759	0.06576	0.01368	0.00337	0.01201	0.00887	0.00595	0.23920
91	0.02971	0.08866	0.03342	0.07712	0.12883	0.02396	0.05128	0.11085	0.06724	0.13195	0.07099	0.08173	0.03006	0.01388	0.01067	0.00327	0.01067	0.01209	0.00861	0.01503
92	0.02778	0.02679	0.07267	0.07339	0.13157	0.06521	0.06752	0.07344	0.02618	0.08042	0.02150	0.02502	0.01652	0.00966	0.00969	0.00268	0.01193	0.00842	0.00661	0.24301
93	0.08105	0.07784	0.02841	0.02092	0.02860	0.12721	0.01689	0.16187	0.10963	0.04275	0.02309	0.02421	0.01793	0.01086	0.00910	0.00267	0.01122	0.00797	0.00778	0.19000

[dist]
# distance from previous block
# <min> <max>
0	213

[block]
# block no. 3 follows, 13 sequences, length 82
# corresponding to MSA columns:
# 759-840
name=unknown_D
#
# <colnr> <probs for GDERKNQSTAVLIFYWHMCP>
#	G	D	E	R	K	N	Q	S	T	A	V	L	I	F	Y	W	H	M	C	P
0	0.07508	0.07027	0.10402	0.06784	0.11062	0.02205	0.02112	0.07115	0.06056	0.03731	0.07687	0.10145	0.03084	0.01404	0.01011	0.00314	0.01024	0.01185	0.00725	0.09419
1	0.07155	0.01726	0.02357	0.02618	0.14083	0.01612	0.01655	0.02975	0.02462	0.13673	0.10855	0.04574	0.10450	0.02062	0.06555	0.00435	0.01036	0.01218	0.00851	0.11647
2	0.08251	0.07230	0.14318	0.06436	0.07016	0.02124	0.02126	0.06721	0.02535	0.10826	0.03927	0.03989	0.12313	0.01368	0.01001	0.00314	0.01053	0.01095	0.00753	0.06602
3	0.02246	0.01749	0.02155	0.10220	0.02972	0.01822	0.01590	0.10913	0.09038	0.04038	0.11759	0.11369	0.04170	0.01682	0.01088	0.00325	0.00868	0.04635	0.05979	0.11380
4	0.12327	0.14473	0.03625	0.19252	0.04279	0.02636	0.09304	0.03277	0.06026	0.06969	0.06135	0.02951	0.02243	0.01118	0.00966	0.00321	0.01178	0.00955	0.00655	0.01309
5	0.02275	0.06546	0.02272	0.01694	0.02303	0.05611	0.01323	0.06256	0.08640	0.03516	0.08398	0.08882	0.07099	0.06161	0.01318	0.00325	0.00877	0.01224	0.00799	0.24482
6	0.20551	0.01963	0.05914	0.06631	0.02751	0.01805	0.01579	0.03233	0.06195	0.13582	0.03349	0.17156	0.03073	0.01640	0.01001	0.00345	0.00886	0.01355	0.00856	0.06135
7	0.14896	0.05842	0.02088	0.01715	0.02122	0.01869	0.01338	0.06087	0.02261	0.07943	0.03634	0.27529	0.03852	0.02077	0.01292	0.00363	0.06537	0.01705	0.00842	0.06007
8	0.02636	0.02111	0.02574	0.02140	0.02754	0.02186	0.05193	0.18858	0.13324	0.04453	0.03651	0.18890	0.03436	0.01757	0.01114	0.00335	0.00941	0.01529	0.00941	0.11177
9	0.02504	0.14513	0.18106	0.02639	0.07359	0.02451	0.06018	0.03350	0.06014	0.08315	0.02935	0.03173	0.05691	0.01655	0.05292	0.00405	0.01320	0.00963	0.00649	0.06650
10	0.02779	0.08217	0.25501	0.06850	0.04061	0.02388	0.06900	0.07202	0.02570	0.12312	0.02303	0.02529	0.01639	0.01035	0.00991	0.00306	0.01305	0.00856	0.00665	0.09590
11	0.06405	0.17111	0.08241	0.18205	0.04547	0.02699	0.12668	0.03114	0.02252	0.06876	0.02274	0.06946	0.01922	0.01165	0.01001	0.00324	0.01301	0.01044	0.00587	0.01320
12	0.01346	0.00963	0.01286	0.01485	0.01585	0.00903	0.01033	0.01595	0.02189	0.02949	0.12852	0.51047	0.07352	0.03123	0.01343	0.00420	0.00622	0.06014	0.01007	0.00886
13	0.02311	0.15579	0.06890	0.10308	0.07105	0.02231	0.01918	0.02923	0.05791	0.08072	0.03478	0.22121	0.03484	0.01800	0.01066	0.00343	0.00998	0.01552	0.00758	0.01271
14	0.03289	0.02920	0.03122	0.06894	0.03576	0.14847	0.07876	0.09274	0.21007	0.11403	0.03090	0.03099	0.02265	0.01232	0.01064	0.00331	0.01267	0.01027	0.00881	0.01538
15	0.02885	0.01379	0.01884	0.01778	0.02214	0.01255	0.01425	0.03248	0.02566	0.26118	0.05054	0.23278	0.04867	0.02345	0.01257	0.00401	0.00835	0.14798	0.01120	0.01294
16	0.11265	0.16100	0.07363	0.02111	0.02992	0.02593	0.05382	0.07265	0.07564	0.17904	0.02645	0.02640	0.01910	0.01093	0.00915	0.00295	0.01055	0.00855	0.00824	0.07229
17	0.03503	0.01551	0.01927	0.01575	0.02157	0.01442	0.01268	0.07394	0.02888	0.31361	0.07758	0.03969	0.03154	0.01345	0.00967	0.00299	0.00750	0.01094	0.24135	0.01462
18	0.02491	0.02363	0.04004	0.10075	0.48747	0.02392	0.03062	0.03116	0.02428	0.03455	0.05814	0.03009	0.02248	0.01038	0.01062	0.00318	0.01213	0.01011	0.00565	0.01590
19	0.01390	0.01065	0.01273	0.01246	0.01520	0.00948	0.00925	0.01779	0.02704	0.03612	0.35290	0.12897	0.26641	0.02440	0.01256	0.00349	0.00521	0.02114	0.01083	0.00948
20	0.01566	0.01067	0.01350	0.01279	0.01528	0.00996	0.00960	0.02064	0.02879	0.04196	0.48008	0.07316	0.08908	0.02025	0.01172	0.00320	0.00498	0.01776	0.11096	0.00996
21	0.02827	0.63478	0.05540	0.01809	0.02714	0.04184	0.01809	0.03166	0.02148	0.02488	0.01470	0.01696	0.01357	0.00905	0.00678	0.00226	0.01131	0.00565	0.00452	0.01357
22	0.01446	0.00986	0.01180	0.01271	0.01293	0.00964	0.00766	0.01513	0.01717	0.02289	0.04251	0.27274	0.05004	0.40903	0.03896	0.00806	0.00873	0.02079	0.00766	0.00721
23	0.70310	0.02045	0.01554	0.01390	0.02045	0.02372	0.01145	0.03108	0.01799	0.04744	0.01472	0.01718	0.01145	0.00981	0.00654	0.00327	0.00818	0.00573	0.00654	0.01145
24	0.03715	0.04559	0.02758	0.02518	0.03027	0.51771	0.01888	0.04014	0.02904	0.02748	0.01849	0.02148	0.01522	0.01106	0.00928	0.00269	0.01739	0.00717	0.08621	0.01197
25	0.12512	0.01828	0.02347	0.01823	0.02622	0.01651	0.01506	0.04910	0.02881	0.50790	0.03851	0.03376	0.02443	0.01270	0.01015	0.00327	0.00890	0.01005	0.01231	0.01722
26	0.01971	0.00985	0.00985	0.00985	0.01232	0.00985	0.00739	0.02464	0.02217	0.03942	0.03449	0.03942	0.02710	0.01232	0.00739	0.00246	0.00493	0.00985	0.68712	0.00985
27	0.01837	0.00918	0.01377	0.01377	0.01377	0.00918	0.00918	0.01377	0.01377	0.01837	0.01837	0.03214	0.01837	0.03673	0.04132	0.69238	0.00918	0.00918	0.00459	0.00459
28	0.02153	0.01776	0.01979	0.01834	0.02273	0.01958	0.01399	0.04107	0.33533	0.04202	0.20255	0.10736	0.05664	0.01838	0.01155	0.00357	0.00711	0.01589	0.01094	0.01388
29	0.02150	0.18065	0.03137	0.02018	0.02392	0.02644	0.01711	0.02734	0.06842	0.02672	0.02282	0.03061	0.02071	0.04055	0.25148	0.00897	0.15447	0.00941	0.00561	0.01172
30	0.02452	0.02344	0.03994	0.20777	0.43246	0.02469	0.03163	0.03101	0.02330	0.03254	0.01960	0.02670	0.01604	0.00973	0.01049	0.00324	0.01297	0.00941	0.00509	0.01542
31	0.02432	0.02714	0.05693	0.09664	0.05463	0.02690	0.43466	0.03251	0.02386	0.03251	0.02051	0.02804	0.01567	0.00988	0.01416	0.00365	0.06706	0.01191	0.00522	0.01379
32	0.01538	0.01025	0.01153	0.01153	0.01153	0.01025	0.00641	0.01538	0.01538	0.02050	0.03331	0.06919	0.03844	0.62842	0.05382	0.01025	0.01025	0.01538	0.00641	0.00641
33	0.02794	0.02353	0.02483	0.02185	0.02812	0.02707	0.01713	0.11199	0.48487	0.04688	0.04094	0.03778	0.03058	0.01415	0.01074	0.00354	0.00875	0.01167	0.01074	0.01688
34	0.02853	0.13959	0.10755	0.02923	0.03879	0.03035	0.16840	0.14003	0.13442	0.04109	0.02512	0.02728	0.01898	0.01096	0.01042	0.00323	0.01319	0.00998	0.00728	0.01557
35	0.02743	0.56605	0.11681	0.01952	0.02934	0.03979	0.02058	0.03188	0.02158	0.02590	0.01521	0.01760	0.01355	0.00916	0.00717	0.00239	0.01182	0.00591	0.00452	0.01381
36	0.01349	0.01075	0.01209	0.01176	0.01489	0.00935	0.00882	0.01710	0.02645	0.03414	0.28845	0.09257	0.37335	0.02470	0.01249	0.00347	0.00521	0.02103	0.01055	0.00935
37	0.02496	0.02852	0.06239	0.04456	0.05526	0.02674	0.52406	0.03387	0.02496	0.03387	0.02139	0.02852	0.01604	0.00891	0.01248	0.00357	0.01783	0.01248	0.00535	0.01426
38	0.02630	0.02271	0.02391	0.02152	0.02749	0.02630	0.01674	0.05618	0.54336	0.04423	0.04303	0.03945	0.03228	0.01434	0.01076	0.00359	0.00837	0.01195	0.01076	0.01674
39	0.01997	0.01879	0.03171	0.60301	0.07282	0.02349	0.02936	0.02701	0.02114	0.02701	0.01879	0.02819	0.01409	0.01057	0.01057	0.00352	0.01409	0.00940	0.00470	0.01175
40	0.02496	0.02852	0.06239	0.04456	0.05526	0.02674	0.52406	0.03387	0.02496	0.03387	0.02139	0.02852	0.01604	0.00891	0.01248	0.00357	0.01783	0.01248	0.00535	0.01426
41	0.01510	0.01133	0.01699	0.01699	0.01888	0.01322	0.01322	0.01888	0.01699	0.02454	0.02832	0.04154	0.02643	0.07930	0.58652	0.01699	0.02832	0.01133	0.00566	0.00944
42	0.01997	0.01879	0.03171	0.60301	0.07282	0.02349	0.02936	0.02701	0.02114	0.02701	0.01879	0.02819	0.01409	0.01057	0.01057	0.00352	0.01409	0.00940	0.00470	0.01175
43	0.03291	0.01899	0.02107	0.01713	0.02299	0.01973	0.01383	0.22224	0.03428	0.15239	0.03240	0.03338	0.02343	0.01261	0.00924	0.00289	0.00828	0.00988	0.29778	0.01454
44	0.02192	0.01879	0.02192	0.01566	0.02506	0.01409	0.01253	0.02662	0.02192	0.03445	0.01879	0.02192	0.01566	0.00783	0.00783	0.00157	0.00783	0.00626	0.00626	0.69305
45	0.02121	0.05469	0.57364	0.03014	0.04576	0.02455	0.03906	0.03348	0.02232	0.03348	0.01897	0.02232	0.01339	0.01005	0.01005	0.00335	0.01563	0.00781	0.00446	0.01563
46	0.01496	0.01081	0.01413	0.01330	0.01580	0.00998	0.00998	0.01995	0.02993	0.04240	0.55689	0.07898	0.09976	0.02162	0.01247	0.00333	0.00499	0.01912	0.01164	0.00998
47	0.01252	0.01061	0.01082	0.01098	0.01435	0.00890	0.00815	0.01514	0.02384	0.02846	0.10380	0.13696	0.52511	0.02721	0.01256	0.00362	0.00541	0.02284	0.00982	0.00890
48	0.01320	0.00943	0.01263	0.01509	0.01584	0.00886	0.01037	0.01527	0.02056	0.02735	0.05810	0.58301	0.06923	0.03282	0.01358	0.00434	0.00641	0.06542	0.00981	0.00868
49	0.70310	0.02045	0.01554	0.01390	0.02045	0.02372	0.01145	0.03108	0.01799	0.04744	0.01472	0.01718	0.01145	0.00981	0.00654	0.00327	0.00818	0.00573	0.00654	0.01145
50	0.10028	0.01942	0.02426	0.01901	0.02691	0.01832	0.01562	0.08512	0.06999	0.44872	0.03835	0.03390	0.02480	0.01288	0.01030	0.00329	0.00907	0.01024	0.01217	0.01735
51	0.16256	0.02357	0.03630	0.10612	0.40588	0.02468	0.02790	0.03165	0.02256	0.03643	0.01874	0.02454	0.01542	0.00961	0.00968	0.00320	0.01182	0.00867	0.00545	0.01520
52	0.01542	0.01112	0.01668	0.01668	0.01839	0.01283	0.01283	0.01839	0.01668	0.02395	0.02737	0.04064	0.02566	0.07522	0.53430	0.08168	0.02649	0.01112	0.00556	0.00898
53	0.15033	0.23948	0.03721	0.02035	0.02869	0.03439	0.01791	0.26852	0.03438	0.04873	0.01981	0.02103	0.01531	0.01092	0.00856	0.00287	0.01092	0.00751	0.00777	0.01531
54	0.03018	0.09442	0.02775	0.02064	0.02736	0.02628	0.01669	0.05247	0.39306	0.13255	0.03945	0.03619	0.02901	0.01350	0.01027	0.00337	0.00882	0.01098	0.01042	0.01658
55	0.03112	0.02114	0.02470	0.01828	0.02722	0.01869	0.01486	0.14708	0.02997	0.14634	0.02479	0.02547	0.01825	0.00998	0.00901	0.00227	0.00894	0.00787	0.00859	0.40545
56	0.04319	0.01675	0.02229	0.01744	0.02474	0.01467	0.01429	0.04740	0.02902	0.48847	0.04061	0.03651	0.02631	0.01297	0.01014	0.00315	0.00837	0.01051	0.11643	0.01675
57	0.02827	0.63478	0.05540	0.01809	0.02714	0.04184	0.01809	0.03166	0.02148	0.02488	0.01470	0.01696	0.01357	0.00905	0.00678	0.00226	0.01131	0.00565	0.00452	0.01357
58	0.01406	0.01093	0.01295	0.01342	0.01630	0.00983	0.01049	0.01769	0.02529	0.03242	0.20141	0.13554	0.31148	0.02647	0.01299	0.00383	0.00623	0.11912	0.01024	0.00932
59	0.01837	0.00918	0.01377	0.01377	0.01377	0.00918	0.00918	0.01377	0.01377	0.01837	0.01837	0.03214	0.01837	0.03673	0.04132	0.69238	0.00918	0.00918	0.00459	0.00459
60	0.04019	0.02962	0.03173	0.02433	0.03279	0.03279	0.02010	0.52721	0.04971	0.06663	0.02538	0.02538	0.01798	0.01269	0.01058	0.00317	0.01163	0.00952	0.01058	0.01798
61	0.01380	0.00982	0.01304	0.01503	0.01603	0.00931	0.01059	0.01623	0.02142	0.02869	0.10416	0.46747	0.06960	0.06872	0.01607	0.00465	0.00677	0.09013	0.00977	0.00874
62	0.12512	0.01828	0.02347	0.01823	0.02622	0.01651	0.01506	0.04910	0.02881	0.50790	0.03851	0.03376	0.02443	0.01270	0.01015	0.00327	0.00890	0.01005	0.01231	0.01722
63	0.01971	0.00985	0.00985	0.00985	0.01232	0.00985	0.00739	0.02464	0.02217	0.03942	0.03449	0.03942	0.02710	0.01232	0.00739	0.00246	0.00493	0.00985	0.68712	0.00985
64	0.01497	0.01113	0.01423	0.01495	0.01751	0.01039	0.01195	0.01916	0.02599	0.03449	0.24843	0.13936	0.18527	0.02623	0.01328	0.00398	0.00678	0.18190	0.01045	0.00956
65	0.01918	0.01183	0.01497	0.01359	0.01712	0.01058	0.01040	0.02358	0.02883	0.11607	0.39365	0.07724	0.17941	0.02140	0.01221	0.00337	0.00564	0.01852	0.01149	0.01093
