[name]
unknown

[dist]
# distance from previous block
# <min> <max>
0	66

[block]
# block no. 0 follows, 14 sequences, length 14
# corresponding to MSA columns:
# 66-74,76-80
name=unknown_A
#
# <colnr> <probs for GDERKNQSTAVLIFYWHMCP>
#	G	D	E	R	K	N	Q	S	T	A	V	L	I	F	Y	W	H	M	C	P
0	0.02405	0.03310	0.23872	0.06997	0.13523	0.02206	0.13811	0.03226	0.02306	0.08884	0.02469	0.07882	0.02024	0.01171	0.01071	0.00334	0.01355	0.01108	0.00598	0.01449
1	0.02365	0.07148	0.10037	0.02351	0.02885	0.07578	0.02119	0.02782	0.01942	0.02793	0.01559	0.02129	0.01381	0.01297	0.01992	0.00325	0.29117	0.00761	0.00494	0.18947
2	0.48085	0.02306	0.02445	0.02262	0.07343	0.06281	0.07808	0.03258	0.02034	0.07476	0.01723	0.02002	0.01313	0.00965	0.00783	0.00316	0.01023	0.00703	0.00641	0.01234
3	0.02882	0.02165	0.02374	0.01936	0.02538	0.02332	0.01556	0.30747	0.09374	0.05300	0.17665	0.04621	0.08824	0.01596	0.01093	0.00319	0.00873	0.01302	0.01049	0.01452
4	0.01466	0.01090	0.01257	0.01250	0.01520	0.01020	0.00923	0.01992	0.06037	0.03434	0.24980	0.16250	0.23380	0.02290	0.01164	0.00338	0.00534	0.01979	0.08140	0.00957
5	0.03339	0.31978	0.04029	0.02241	0.02928	0.34502	0.01880	0.03632	0.02534	0.02467	0.01514	0.01758	0.01320	0.00976	0.00804	0.00244	0.01509	0.00610	0.00488	0.01247
6	0.01246	0.00912	0.01172	0.01380	0.01476	0.00838	0.00931	0.01434	0.02012	0.02639	0.06256	0.56511	0.13154	0.03137	0.01298	0.00408	0.00586	0.02822	0.00953	0.00838
7	0.71184	0.01985	0.01508	0.01350	0.01985	0.02302	0.01111	0.03017	0.01746	0.04604	0.01429	0.01667	0.01111	0.00953	0.00635	0.00318	0.00794	0.00556	0.00635	0.01111
8	0.02422	0.02768	0.06055	0.04325	0.05363	0.02595	0.53806	0.03287	0.02422	0.03287	0.02076	0.02768	0.01557	0.00865	0.01211	0.00346	0.01730	0.01211	0.00519	0.01384
9	0.71184	0.01985	0.01508	0.01350	0.01985	0.02302	0.01111	0.03017	0.01746	0.04604	0.01429	0.01667	0.01111	0.00953	0.00635	0.00318	0.00794	0.00556	0.00635	0.01111
10	0.01584	0.00974	0.01258	0.01258	0.01281	0.00997	0.00794	0.01484	0.01461	0.01972	0.02697	0.05198	0.02945	0.37049	0.11739	0.23725	0.01183	0.01246	0.00555	0.00601
11	0.02128	0.01824	0.02128	0.01520	0.02432	0.01368	0.01216	0.02584	0.02128	0.03344	0.01824	0.02128	0.01520	0.00760	0.00760	0.00152	0.00760	0.00608	0.00608	0.70208
12	0.02744	0.64552	0.05378	0.01756	0.02634	0.04061	0.01756	0.03073	0.02085	0.02414	0.01427	0.01646	0.01317	0.00878	0.00658	0.00219	0.01097	0.00549	0.00439	0.01317
13	0.02659	0.06794	0.07048	0.01803	0.02269	0.15026	0.01467	0.02959	0.02295	0.11379	0.08308	0.04431	0.03223	0.23209	0.02463	0.00537	0.01173	0.01136	0.00727	0.01093

[dist]
# distance from previous block
# <min> <max>
0	2

[block]
# block no. 1 follows, 14 sequences, length 10
# corresponding to MSA columns:
# 83-92
name=unknown_B
#
# <colnr> <probs for GDERKNQSTAVLIFYWHMCP>
#	G	D	E	R	K	N	Q	S	T	A	V	L	I	F	Y	W	H	M	C	P
0	0.36333	0.03660	0.30301	0.02144	0.03223	0.02343	0.02463	0.03134	0.01958	0.03921	0.01637	0.01919	0.01206	0.00964	0.00806	0.00321	0.01158	0.00658	0.00533	0.01316
1	0.37808	0.02391	0.08314	0.01768	0.02566	0.02192	0.01613	0.09261	0.02460	0.19291	0.02305	0.02310	0.01593	0.01073	0.00825	0.00317	0.00934	0.00749	0.00829	0.01400
2	0.02887	0.08548	0.02804	0.01910	0.02750	0.08645	0.01565	0.17628	0.02987	0.04060	0.01943	0.02147	0.01543	0.00940	0.00845	0.00216	0.01020	0.00699	0.00703	0.36159
3	0.02920	0.15450	0.18326	0.02048	0.02963	0.02180	0.02136	0.03517	0.02439	0.21150	0.03626	0.04125	0.07337	0.01383	0.00994	0.00317	0.01071	0.05771	0.00808	0.01436
4	0.02828	0.02176	0.06550	0.01874	0.02546	0.02001	0.01611	0.16141	0.13083	0.14086	0.09319	0.04966	0.15123	0.01626	0.01084	0.00328	0.00865	0.01329	0.01019	0.01444
5	0.03089	0.01442	0.01983	0.01827	0.02327	0.01320	0.01533	0.03504	0.02620	0.30397	0.04762	0.11114	0.04298	0.02085	0.01219	0.00392	0.00885	0.22762	0.01107	0.01335
6	0.02227	0.02114	0.03519	0.20759	0.37482	0.02219	0.02802	0.02818	0.02259	0.03088	0.02849	0.03415	0.07767	0.01133	0.01041	0.00320	0.01181	0.01054	0.00544	0.01408
7	0.02424	0.15537	0.22785	0.08081	0.14235	0.02787	0.10837	0.05787	0.02351	0.03229	0.01844	0.02287	0.01432	0.00945	0.00964	0.00304	0.01381	0.00837	0.00494	0.01460
8	0.09230	0.01628	0.01982	0.06245	0.02523	0.01601	0.01382	0.08817	0.02855	0.21930	0.15753	0.05161	0.13395	0.01627	0.01064	0.00325	0.00788	0.01341	0.01035	0.01320
9	0.04170	0.01657	0.02258	0.01792	0.02507	0.01447	0.01480	0.04578	0.02894	0.50459	0.07918	0.04366	0.03289	0.01441	0.01072	0.00329	0.00851	0.04623	0.01237	0.01634

[dist]
# distance from previous block
# <min> <max>
6	19

[block]
# block no. 2 follows, 14 sequences, length 24
# corresponding to MSA columns:
# 112-135
name=unknown_C
#
# <colnr> <probs for GDERKNQSTAVLIFYWHMCP>
#	G	D	E	R	K	N	Q	S	T	A	V	L	I	F	Y	W	H	M	C	P
0	0.10273	0.02283	0.02685	0.02162	0.02762	0.02569	0.01783	0.20462	0.07055	0.19854	0.02694	0.02729	0.01924	0.01349	0.01497	0.00345	0.14170	0.00930	0.00933	0.01540
1	0.03833	0.04891	0.02908	0.02644	0.03173	0.59815	0.01983	0.04098	0.02908	0.02512	0.01586	0.01851	0.01322	0.01058	0.00925	0.00264	0.01851	0.00661	0.00529	0.01190
2	0.02422	0.02768	0.06055	0.04325	0.05363	0.02595	0.53806	0.03287	0.02422	0.03287	0.02076	0.02768	0.01557	0.00865	0.01211	0.00346	0.01730	0.01211	0.00519	0.01384
3	0.01466	0.01100	0.01649	0.01649	0.01833	0.01283	0.01283	0.01833	0.01649	0.02382	0.02749	0.04032	0.02566	0.07697	0.59868	0.01649	0.02749	0.01100	0.00550	0.00916
4	0.03356	0.01986	0.02393	0.01784	0.02637	0.01748	0.01456	0.12798	0.02913	0.24019	0.02755	0.02689	0.01934	0.01032	0.00908	0.00241	0.00868	0.00820	0.00926	0.32737
5	0.02307	0.01864	0.02170	0.01671	0.02446	0.01605	0.01355	0.10681	0.02645	0.03879	0.06886	0.03565	0.02665	0.01149	0.00904	0.00222	0.00814	0.05639	0.00751	0.46781
6	0.01471	0.01131	0.01401	0.01457	0.01755	0.01016	0.01149	0.01820	0.02301	0.03018	0.11483	0.20727	0.20533	0.02573	0.01252	0.00379	0.00688	0.17183	0.00933	0.07729
7	0.01904	0.01509	0.02016	0.13288	0.03029	0.01519	0.01598	0.06488	0.02363	0.03227	0.06464	0.14853	0.03985	0.06483	0.01431	0.00391	0.00929	0.12897	0.00777	0.14849
8	0.71184	0.01985	0.01508	0.01350	0.01985	0.02302	0.01111	0.03017	0.01746	0.04604	0.01429	0.01667	0.01111	0.00953	0.00635	0.00318	0.00794	0.00556	0.00635	0.01111
9	0.01859	0.07555	0.02343	0.18273	0.03360	0.01884	0.01657	0.02753	0.11523	0.03310	0.18350	0.08264	0.11501	0.01684	0.01083	0.00331	0.00857	0.01443	0.00828	0.01142
10	0.02977	0.01906	0.02291	0.01686	0.02557	0.01585	0.01368	0.08322	0.02614	0.18611	0.02493	0.02533	0.01820	0.00946	0.00860	0.00212	0.00827	0.00755	0.00830	0.44806
11	0.02293	0.10788	0.43935	0.08353	0.04383	0.02484	0.03335	0.03293	0.02201	0.06918	0.01951	0.02260	0.01394	0.00990	0.00951	0.00315	0.01415	0.00771	0.00494	0.01476
12	0.01579	0.01013	0.01371	0.01550	0.01699	0.00953	0.01133	0.01832	0.02116	0.06832	0.05493	0.48582	0.06298	0.02995	0.01311	0.00420	0.00685	0.12241	0.00975	0.00923
13	0.01770	0.01551	0.02305	0.32773	0.04515	0.01785	0.01995	0.02544	0.07510	0.03069	0.13191	0.10618	0.09025	0.01632	0.01108	0.00347	0.00993	0.01433	0.00734	0.01099
14	0.02827	0.09271	0.13789	0.03157	0.04173	0.02496	0.25601	0.03772	0.06893	0.13913	0.02528	0.02781	0.01811	0.01007	0.01066	0.00324	0.01387	0.01028	0.00686	0.01490
15	0.04604	0.01746	0.02382	0.01826	0.02620	0.01508	0.01508	0.05001	0.02937	0.58244	0.04049	0.03493	0.02540	0.01270	0.01032	0.00318	0.00873	0.01032	0.01270	0.01746
16	0.01348	0.00985	0.01267	0.01322	0.01501	0.00904	0.00944	0.01687	0.02471	0.03382	0.31791	0.30255	0.13143	0.02596	0.01251	0.00363	0.00532	0.02313	0.01041	0.00904
17	0.08133	0.01865	0.02492	0.02548	0.12610	0.01785	0.01706	0.08667	0.02866	0.28610	0.09147	0.04113	0.08140	0.01388	0.01036	0.00318	0.00885	0.01157	0.01016	0.01519
18	0.02414	0.02381	0.11553	0.39863	0.08840	0.02182	0.02798	0.03126	0.02226	0.11593	0.02186	0.02758	0.01558	0.01051	0.01019	0.00333	0.01304	0.00908	0.00585	0.01322
19	0.01873	0.01698	0.02429	0.02195	0.02282	0.02254	0.01785	0.02165	0.01609	0.02428	0.02017	0.03099	0.01929	0.04616	0.30373	0.01023	0.33709	0.00994	0.00497	0.01024
20	0.02737	0.02026	0.02396	0.02021	0.02537	0.02274	0.01631	0.29124	0.03307	0.04515	0.02600	0.03213	0.02137	0.04322	0.29151	0.00949	0.01903	0.01008	0.00799	0.01349
21	0.06827	0.03038	0.22413	0.14107	0.04120	0.02016	0.02564	0.03796	0.02422	0.24684	0.02678	0.02771	0.01788	0.01099	0.00989	0.00325	0.01196	0.00885	0.00776	0.01509
22	0.03125	0.08233	0.02990	0.28000	0.04575	0.02169	0.02129	0.03786	0.05523	0.24998	0.02812	0.02991	0.01935	0.01130	0.00992	0.00320	0.01110	0.00937	0.00815	0.01429
23	0.02446	0.02700	0.08552	0.02294	0.02816	0.08655	0.01968	0.04077	0.27652	0.03419	0.02953	0.03173	0.02344	0.02168	0.08755	0.00517	0.12365	0.01008	0.00753	0.01387

[dist]
# distance from previous block
# <min> <max>
3	14

[block]
# block no. 3 follows, 14 sequences, length 25
# corresponding to MSA columns:
# 151-175
name=unknown_D
#
# <colnr> <probs for GDERKNQSTAVLIFYWHMCP>
#	G	D	E	R	K	N	Q	S	T	A	V	L	I	F	Y	W	H	M	C	P
0	0.10363	0.02347	0.08954	0.09543	0.03739	0.02030	0.12700	0.03466	0.06916	0.13871	0.02787	0.07886	0.02222	0.01219	0.01018	0.00323	0.01131	0.01105	0.00749	0.07632
1	0.10722	0.10171	0.08770	0.02117	0.02917	0.02813	0.01898	0.18268	0.20692	0.07226	0.02804	0.02749	0.02075	0.01186	0.00939	0.00314	0.01011	0.00904	0.00867	0.01558
2	0.02736	0.09330	0.22712	0.02654	0.03657	0.09040	0.09563	0.13761	0.02826	0.03822	0.02095	0.02403	0.01572	0.01037	0.00956	0.00299	0.01355	0.00846	0.07902	0.01432
3	0.02166	0.01709	0.01939	0.01724	0.02164	0.01839	0.01337	0.09552	0.23258	0.04466	0.30297	0.05577	0.06231	0.01725	0.01125	0.00331	0.00687	0.01479	0.01085	0.01312
4	0.01289	0.00923	0.01226	0.01402	0.01497	0.00859	0.00956	0.01527	0.02146	0.02907	0.15531	0.52570	0.07344	0.03000	0.01291	0.00399	0.00574	0.02713	0.00987	0.00859
5	0.01400	0.01047	0.01300	0.01237	0.01501	0.00946	0.00927	0.01836	0.02782	0.03824	0.46890	0.08145	0.19967	0.02207	0.01211	0.00328	0.00492	0.01923	0.01091	0.00946
6	0.08381	0.02186	0.02251	0.02026	0.02610	0.02531	0.01581	0.05246	0.51099	0.04319	0.03943	0.03645	0.02961	0.01355	0.01009	0.00345	0.00811	0.01109	0.01009	0.01581
7	0.02939	0.01878	0.02214	0.01860	0.02421	0.01941	0.01502	0.18529	0.09784	0.15162	0.19812	0.05182	0.04833	0.01658	0.01119	0.00333	0.00830	0.05478	0.01100	0.01427
8	0.36470	0.02444	0.02319	0.01871	0.02603	0.02756	0.01544	0.29379	0.03335	0.05566	0.01963	0.02078	0.01438	0.01097	0.00837	0.00313	0.00967	0.00746	0.00837	0.01438
9	0.18142	0.01795	0.02204	0.01729	0.02491	0.01670	0.01428	0.04598	0.02695	0.47337	0.03516	0.03122	0.02250	0.01206	0.00951	0.00318	0.00857	0.00935	0.01141	0.01617
10	0.02553	0.02204	0.02320	0.02088	0.02669	0.02553	0.01624	0.05453	0.55679	0.04293	0.04177	0.03829	0.03133	0.01392	0.01044	0.00348	0.00812	0.01160	0.01044	0.01624
11	0.02058	0.05308	0.58618	0.02925	0.04442	0.02383	0.03792	0.03250	0.02167	0.03250	0.01842	0.02167	0.01300	0.00975	0.00975	0.00325	0.01517	0.00758	0.00433	0.01517
12	0.25044	0.01761	0.02024	0.01632	0.02330	0.01709	0.01339	0.04124	0.02564	0.36964	0.07730	0.03279	0.02702	0.01242	0.00924	0.00318	0.00815	0.00954	0.01061	0.01483
13	0.01327	0.00939	0.01166	0.01310	0.01451	0.00865	0.00906	0.01580	0.02146	0.02921	0.11962	0.43270	0.14599	0.02810	0.01230	0.00379	0.00560	0.02502	0.07211	0.00865
14	0.02985	0.01413	0.02004	0.01735	0.02214	0.01392	0.01392	0.03366	0.02273	0.29422	0.03378	0.03771	0.02553	0.04586	0.31388	0.01005	0.01841	0.01067	0.00898	0.01318
15	0.16666	0.01774	0.02080	0.01682	0.02332	0.01738	0.01368	0.09573	0.02917	0.30596	0.14539	0.03905	0.03682	0.01379	0.00993	0.00318	0.00805	0.01102	0.01091	0.01460
16	0.03864	0.01676	0.02184	0.01749	0.02425	0.01534	0.01418	0.04557	0.08829	0.43025	0.10396	0.04049	0.03470	0.01380	0.01040	0.00318	0.00800	0.01142	0.04545	0.01601
17	0.01525	0.01033	0.01228	0.01276	0.01324	0.01033	0.00832	0.01621	0.01669	0.02210	0.03681	0.07704	0.04173	0.51511	0.04449	0.00889	0.00985	0.11483	0.00688	0.00688
18	0.01813	0.01704	0.03141	0.15054	0.03943	0.01728	0.17571	0.02352	0.02182	0.02891	0.03722	0.24309	0.03917	0.01980	0.01236	0.00388	0.01157	0.09115	0.00714	0.01083
19	0.39510	0.01927	0.01913	0.01606	0.02290	0.02053	0.01313	0.04008	0.08651	0.23436	0.02681	0.02569	0.01857	0.01117	0.00824	0.00321	0.00824	0.00796	0.00908	0.01396
20	0.02040	0.01214	0.01537	0.01554	0.01832	0.01159	0.01124	0.02572	0.08219	0.13518	0.05487	0.41624	0.08818	0.02596	0.01220	0.00385	0.00668	0.02308	0.01024	0.01100
21	0.01383	0.01053	0.01289	0.01443	0.01599	0.01020	0.00999	0.01861	0.07703	0.02818	0.06174	0.49381	0.13560	0.02935	0.01268	0.00400	0.00608	0.02625	0.00962	0.00922
22	0.03232	0.12418	0.06221	0.13818	0.03914	0.31593	0.02209	0.09253	0.02805	0.03003	0.01722	0.02078	0.01377	0.01042	0.00921	0.00281	0.01554	0.00728	0.00553	0.01277
23	0.09914	0.01901	0.02414	0.06013	0.09344	0.01680	0.01595	0.03130	0.02252	0.13193	0.02190	0.02411	0.01661	0.00907	0.00843	0.00230	0.00878	0.00734	0.00707	0.38004
24	0.57131	0.09586	0.02110	0.01486	0.02166	0.02590	0.01261	0.07445	0.02054	0.04502	0.01518	0.01733	0.01191	0.00968	0.00672	0.00305	0.00859	0.00587	0.00645	0.01191

[dist]
# distance from previous block
# <min> <max>
0	6

[block]
# block no. 4 follows, 14 sequences, length 33
# corresponding to MSA columns:
# 182-214
name=unknown_E
#
# <colnr> <probs for GDERKNQSTAVLIFYWHMCP>
#	G	D	E	R	K	N	Q	S	T	A	V	L	I	F	Y	W	H	M	C	P
0	0.02675	0.59234	0.05183	0.06818	0.03010	0.03910	0.01849	0.03035	0.02082	0.02432	0.01460	0.01739	0.01321	0.00891	0.00690	0.00230	0.01120	0.00580	0.00440	0.01302
1	0.02058	0.05308	0.58618	0.02925	0.04442	0.02383	0.03792	0.03250	0.02167	0.03250	0.01842	0.02167	0.01300	0.00975	0.00975	0.00325	0.01517	0.00758	0.00433	0.01517
2	0.01458	0.01038	0.01277	0.01217	0.01476	0.00950	0.00913	0.01905	0.02739	0.03867	0.44167	0.07656	0.16767	0.02093	0.01163	0.00319	0.00489	0.01820	0.07735	0.00950
3	0.01361	0.01061	0.01246	0.01245	0.01537	0.00946	0.00964	0.01734	0.02560	0.03327	0.27691	0.09242	0.32347	0.02436	0.01238	0.00353	0.00560	0.08217	0.01020	0.00916
4	0.01606	0.01175	0.01359	0.01375	0.01529	0.01195	0.00950	0.02103	0.08697	0.02662	0.07369	0.11312	0.09152	0.34460	0.03317	0.00706	0.00868	0.08515	0.00800	0.00850
5	0.01395	0.00966	0.01187	0.01263	0.01325	0.00930	0.00802	0.01541	0.01900	0.02574	0.12943	0.28041	0.05850	0.31079	0.03101	0.00668	0.00762	0.02085	0.00829	0.00758
6	0.02947	0.21987	0.25760	0.02311	0.03421	0.02829	0.02548	0.09983	0.02617	0.13144	0.02188	0.02284	0.01581	0.01031	0.00898	0.00290	0.01229	0.00766	0.00659	0.01527
7	0.02128	0.01824	0.02128	0.01520	0.02432	0.01368	0.01216	0.02584	0.02128	0.03344	0.01824	0.02128	0.01520	0.00760	0.00760	0.00152	0.00760	0.00608	0.00608	0.70208
8	0.01569	0.01149	0.01630	0.01568	0.01722	0.01120	0.05489	0.01786	0.01852	0.02531	0.04017	0.20113	0.04486	0.31237	0.03107	0.00677	0.00922	0.08651	0.05568	0.00807
9	0.01478	0.01051	0.01401	0.01401	0.01499	0.01148	0.00973	0.01673	0.01576	0.02199	0.02976	0.05288	0.03111	0.34020	0.34290	0.01343	0.01928	0.01283	0.00583	0.00778
10	0.02455	0.35191	0.03857	0.01645	0.02539	0.02800	0.01503	0.02844	0.02105	0.02850	0.01613	0.01872	0.01412	0.00823	0.00706	0.00188	0.00939	0.00576	0.00518	0.33563
11	0.02971	0.01848	0.02203	0.01835	0.02270	0.01964	0.01416	0.25126	0.03028	0.08790	0.02283	0.02860	0.01832	0.02327	0.02424	0.32996	0.00996	0.00918	0.00776	0.01137
12	0.01466	0.01100	0.01649	0.01649	0.01833	0.01283	0.01283	0.01833	0.01649	0.02382	0.02749	0.04032	0.02566	0.07697	0.59868	0.01649	0.02749	0.01100	0.00550	0.00916
13	0.01780	0.01327	0.01807	0.02172	0.10783	0.01254	0.01345	0.02241	0.04905	0.06975	0.13675	0.25240	0.17893	0.02301	0.01192	0.00357	0.00693	0.02035	0.00933	0.01093
14	0.03441	0.02161	0.02517	0.01916	0.02741	0.02067	0.01563	0.19831	0.06968	0.20381	0.02839	0.02751	0.02001	0.01102	0.00944	0.00263	0.00914	0.00870	0.00964	0.23765
15	0.01828	0.01685	0.01878	0.01872	0.02084	0.07143	0.01508	0.02136	0.02184	0.02756	0.05329	0.16451	0.15815	0.02456	0.01713	0.00411	0.13565	0.17410	0.00805	0.00971
16	0.03688	0.01513	0.01953	0.01568	0.02204	0.01327	0.01272	0.04083	0.02718	0.41342	0.04708	0.04347	0.09332	0.01421	0.00997	0.00307	0.00757	0.01159	0.13813	0.01492
17	0.02462	0.12189	0.03328	0.22148	0.14859	0.02440	0.02264	0.03291	0.09053	0.08345	0.03043	0.03354	0.06611	0.01187	0.00983	0.00313	0.01102	0.01006	0.00661	0.01362
18	0.02047	0.11729	0.02596	0.19791	0.03515	0.01906	0.01745	0.02491	0.02280	0.07675	0.10635	0.13648	0.09051	0.01767	0.01078	0.00338	0.00940	0.04887	0.00767	0.01114
19	0.02891	0.01925	0.02008	0.01736	0.02226	0.06723	0.01337	0.10525	0.09591	0.16585	0.08552	0.09107	0.07279	0.07641	0.01454	0.00385	0.00887	0.01337	0.06501	0.01310
20	0.62382	0.02408	0.08780	0.01550	0.02297	0.02312	0.01453	0.03046	0.01800	0.04432	0.01481	0.01731	0.01135	0.00955	0.00678	0.00318	0.00886	0.00581	0.00609	0.01163
21	0.15325	0.01685	0.02055	0.01636	0.02333	0.01570	0.01342	0.04339	0.02639	0.42402	0.03524	0.03232	0.02314	0.01208	0.00926	0.00308	0.00810	0.00943	0.09869	0.01540
22	0.01858	0.01527	0.01951	0.06099	0.06643	0.01602	0.01440	0.03012	0.17145	0.03922	0.31714	0.05998	0.09411	0.01766	0.01137	0.00331	0.00695	0.01544	0.01000	0.01205
23	0.02329	0.01707	0.01979	0.01587	0.02240	0.01510	0.01248	0.10867	0.02698	0.08138	0.07659	0.11550	0.10673	0.01542	0.00990	0.00264	0.00756	0.01293	0.00858	0.30110
24	0.01766	0.01492	0.02309	0.13914	0.15304	0.01535	0.01820	0.02278	0.02494	0.03467	0.27434	0.12641	0.05899	0.01767	0.01144	0.00334	0.00834	0.01597	0.00838	0.01133
25	0.10823	0.01489	0.01662	0.01417	0.01949	0.01383	0.01109	0.02705	0.06726	0.09029	0.20558	0.05425	0.14214	0.01625	0.01012	0.00292	0.00652	0.01348	0.00932	0.15649
26	0.01452	0.01049	0.01372	0.01291	0.01533	0.00968	0.00968	0.01937	0.02905	0.04115	0.56992	0.07666	0.09683	0.02098	0.01210	0.00323	0.00484	0.01856	0.01130	0.00968
27	0.02269	0.02291	0.03606	0.31641	0.13859	0.06265	0.11015	0.02913	0.02227	0.02931	0.01866	0.02571	0.01456	0.00950	0.01014	0.00307	0.01361	0.00905	0.00499	0.10054
28	0.01871	0.01084	0.01468	0.01576	0.01787	0.01006	0.01168	0.02137	0.02194	0.11807	0.05353	0.44329	0.05936	0.02829	0.01283	0.00410	0.00703	0.11053	0.01003	0.01003
29	0.02585	0.07908	0.03409	0.26768	0.09072	0.09903	0.04879	0.10077	0.02544	0.03197	0.01897	0.02525	0.01508	0.01454	0.04500	0.00395	0.04664	0.00875	0.00556	0.01283
30	0.02418	0.01536	0.01913	0.01545	0.02188	0.01248	0.01200	0.02805	0.02345	0.15231	0.08457	0.15811	0.03640	0.01517	0.00978	0.00260	0.00723	0.01307	0.00875	0.34002
31	0.02614	0.02870	0.14375	0.02085	0.03075	0.02156	0.01988	0.16508	0.07138	0.04222	0.02185	0.02361	0.01662	0.00980	0.00898	0.00245	0.01022	0.00767	0.00716	0.32134
32	0.02781	0.46912	0.10055	0.06692	0.03193	0.03562	0.02037	0.05862	0.02284	0.05939	0.01704	0.01933	0.01412	0.00940	0.00760	0.00250	0.01149	0.00646	0.00519	0.01369

[dist]
# distance from previous block
# <min> <max>
0	18

[block]
# block no. 5 follows, 14 sequences, length 13
# corresponding to MSA columns:
# 233-245
name=unknown_F
#
# <colnr> <probs for GDERKNQSTAVLIFYWHMCP>
#	G	D	E	R	K	N	Q	S	T	A	V	L	I	F	Y	W	H	M	C	P
0	0.01592	0.00969	0.01248	0.01248	0.01266	0.00987	0.00782	0.01471	0.01453	0.01955	0.02674	0.05183	0.02929	0.37107	0.10181	0.25440	0.01131	0.01242	0.00553	0.00589
1	0.03520	0.08833	0.09062	0.07071	0.06907	0.02671	0.02167	0.24861	0.03454	0.17469	0.02587	0.02621	0.01807	0.01143	0.00985	0.00306	0.01131	0.00894	0.00886	0.01625
2	0.01399	0.01023	0.01284	0.01261	0.01473	0.00940	0.00912	0.01774	0.02591	0.03568	0.39792	0.14931	0.14998	0.07597	0.01567	0.00395	0.00547	0.02000	0.01041	0.00908
3	0.02661	0.33244	0.03866	0.01779	0.02634	0.03013	0.01601	0.08526	0.07407	0.03299	0.01914	0.02082	0.01594	0.00928	0.00764	0.00220	0.00972	0.00663	0.00609	0.22225
4	0.02280	0.02096	0.11039	0.06174	0.08539	0.01680	0.01972	0.02804	0.02306	0.12996	0.11629	0.13981	0.03946	0.02302	0.07052	0.00477	0.05246	0.01419	0.00804	0.01257
5	0.02785	0.24346	0.25046	0.02481	0.03603	0.02813	0.07965	0.03509	0.02305	0.12858	0.02123	0.02293	0.01556	0.00984	0.00904	0.00290	0.01282	0.00785	0.00595	0.01477
6	0.02857	0.03615	0.31808	0.02572	0.03706	0.02006	0.06238	0.03705	0.02448	0.20768	0.02897	0.03511	0.02144	0.01236	0.01051	0.00338	0.01272	0.05547	0.00754	0.01527
7	0.01282	0.00918	0.01219	0.01407	0.01495	0.00855	0.00955	0.01509	0.02113	0.02855	0.13730	0.54520	0.07243	0.03039	0.01294	0.00402	0.00578	0.02750	0.00980	0.00855
8	0.03020	0.03159	0.24565	0.15393	0.04313	0.02021	0.02698	0.03791	0.02440	0.24450	0.02694	0.02807	0.01796	0.01101	0.01008	0.00326	0.01234	0.00898	0.00763	0.01523
9	0.03467	0.01814	0.02627	0.23352	0.04228	0.01876	0.02002	0.04182	0.07132	0.33573	0.03257	0.03249	0.02168	0.01193	0.01031	0.00329	0.01046	0.01000	0.00957	0.01517
10	0.04332	0.01686	0.02294	0.01780	0.02526	0.01462	0.01462	0.04737	0.02934	0.53570	0.08621	0.03853	0.03157	0.01342	0.01047	0.00318	0.00840	0.01103	0.01258	0.01679
11	0.01496	0.01003	0.01185	0.01195	0.01333	0.00982	0.00807	0.01733	0.01988	0.02823	0.13391	0.12078	0.10392	0.25781	0.08138	0.00697	0.00901	0.01645	0.11623	0.00808
12	0.09317	0.03109	0.10563	0.02243	0.03051	0.11219	0.01999	0.16104	0.13185	0.14781	0.02781	0.02716	0.01979	0.01182	0.00974	0.00314	0.01157	0.00894	0.00882	0.01550

[dist]
# distance from previous block
# <min> <max>
0	3

[block]
# block no. 6 follows, 14 sequences, length 50
# corresponding to MSA columns:
# 249-298
name=unknown_G
#
# <colnr> <probs for GDERKNQSTAVLIFYWHMCP>
#	G	D	E	R	K	N	Q	S	T	A	V	L	I	F	Y	W	H	M	C	P
0	0.14655	0.11358	0.02760	0.02069	0.08133	0.02069	0.01524	0.03160	0.02200	0.11794	0.02046	0.02226	0.01585	0.00905	0.00791	0.00232	0.00882	0.00686	0.00678	0.30247
1	0.02575	0.07368	0.03895	0.21219	0.29078	0.02529	0.05702	0.06250	0.02426	0.06295	0.02017	0.02584	0.01580	0.00980	0.01002	0.00312	0.01257	0.00908	0.00562	0.01460
2	0.02385	0.01981	0.02108	0.01911	0.02428	0.02255	0.01481	0.04833	0.45746	0.04236	0.09590	0.04227	0.03771	0.01449	0.01034	0.00336	0.00750	0.01215	0.06762	0.01501
3	0.02875	0.02326	0.03876	0.05573	0.48628	0.02287	0.02883	0.03450	0.02434	0.12255	0.02274	0.02694	0.01774	0.00972	0.01019	0.00307	0.01163	0.00933	0.00632	0.01645
4	0.01327	0.00967	0.01264	0.01450	0.01583	0.00903	0.01048	0.01587	0.02145	0.02832	0.10386	0.44867	0.12112	0.02998	0.01309	0.00411	0.00634	0.10346	0.00966	0.00866
5	0.01301	0.00979	0.01137	0.01216	0.01383	0.00888	0.00826	0.01499	0.02085	0.02674	0.11109	0.28309	0.24617	0.14813	0.02034	0.00497	0.00637	0.02279	0.00902	0.00815
6	0.01438	0.01049	0.01365	0.01384	0.01609	0.00976	0.01060	0.01861	0.02647	0.03640	0.38134	0.15806	0.12648	0.02404	0.01257	0.00361	0.00575	0.09785	0.01062	0.00938
7	0.01611	0.01367	0.01803	0.01760	0.01914	0.01559	0.01394	0.01906	0.02114	0.02870	0.11839	0.19949	0.15754	0.02491	0.01870	0.00409	0.17797	0.09803	0.00833	0.00956
8	0.03323	0.03844	0.02389	0.02195	0.02647	0.44160	0.01646	0.03644	0.02707	0.02861	0.02055	0.02376	0.01670	0.01094	0.00870	0.00258	0.01486	0.00740	0.18908	0.01128
9	0.03396	0.02624	0.02795	0.02259	0.02990	0.02947	0.01828	0.35892	0.23867	0.05653	0.03105	0.02975	0.02265	0.01292	0.01033	0.00323	0.01011	0.01012	0.01033	0.01700
10	0.02128	0.01824	0.02128	0.01520	0.02432	0.01368	0.01216	0.02584	0.02128	0.03344	0.01824	0.02128	0.01520	0.00760	0.00760	0.00152	0.00760	0.00608	0.00608	0.70208
11	0.02245	0.02245	0.03143	0.02694	0.02694	0.03143	0.02245	0.02470	0.01572	0.02470	0.01347	0.02245	0.01347	0.01796	0.03368	0.00449	0.62057	0.00898	0.00449	0.01123
12	0.03833	0.04891	0.02908	0.02644	0.03173	0.59815	0.01983	0.04098	0.02908	0.02512	0.01586	0.01851	0.01322	0.01058	0.00925	0.00264	0.01851	0.00661	0.00529	0.01190
13	0.02128	0.01824	0.02128	0.01520	0.02432	0.01368	0.01216	0.02584	0.02128	0.03344	0.01824	0.02128	0.01520	0.00760	0.00760	0.00152	0.00760	0.00608	0.00608	0.70208
14	0.02945	0.02400	0.02542	0.02168	0.02818	0.02736	0.01719	0.19628	0.40865	0.04926	0.03678	0.03431	0.02728	0.01346	0.01039	0.00336	0.00905	0.01091	0.01039	0.01660
15	0.71184	0.01985	0.01508	0.01350	0.01985	0.02302	0.01111	0.03017	0.01746	0.04604	0.01429	0.01667	0.01111	0.00953	0.00635	0.00318	0.00794	0.00556	0.00635	0.01111
16	0.02652	0.02323	0.03729	0.04927	0.37874	0.02540	0.02757	0.03140	0.02189	0.08189	0.01971	0.02550	0.01636	0.01182	0.01643	0.00344	0.17368	0.00921	0.00563	0.01503
17	0.01538	0.01032	0.01295	0.01229	0.01471	0.00966	0.00922	0.02021	0.02765	0.04062	0.47047	0.06954	0.08375	0.01931	0.01119	0.00307	0.00483	0.01689	0.13829	0.00966
18	0.02305	0.01323	0.01577	0.01427	0.01669	0.01307	0.00992	0.07056	0.02138	0.12919	0.03491	0.06117	0.03502	0.41601	0.03752	0.00764	0.00981	0.05314	0.00805	0.00960
19	0.07050	0.06307	0.02762	0.02133	0.02829	0.02879	0.01731	0.24333	0.29229	0.05051	0.03174	0.03032	0.02357	0.01272	0.00990	0.00323	0.00954	0.00995	0.00976	0.01623
20	0.02206	0.02107	0.08585	0.27728	0.04721	0.01901	0.06402	0.02854	0.02326	0.09385	0.09557	0.03776	0.06011	0.01246	0.01049	0.00320	0.01143	0.01105	0.00680	0.06900
21	0.06590	0.13706	0.28799	0.02717	0.08514	0.02535	0.02732	0.06031	0.02378	0.10290	0.02068	0.02268	0.01513	0.00992	0.00907	0.00295	0.01240	0.00762	0.00598	0.05066
22	0.02210	0.14682	0.45343	0.02666	0.04002	0.02670	0.03283	0.03402	0.06547	0.03200	0.01966	0.02218	0.01453	0.00993	0.00929	0.00310	0.01391	0.00757	0.00484	0.01493
23	0.01484	0.01240	0.01350	0.01517	0.01633	0.05756	0.01040	0.01698	0.02130	0.02749	0.10060	0.53016	0.06600	0.02932	0.01269	0.00395	0.00690	0.02631	0.00934	0.00876
24	0.02090	0.04305	0.40903	0.03272	0.07654	0.02301	0.12775	0.03104	0.02208	0.03212	0.02198	0.07225	0.01810	0.01131	0.01048	0.00335	0.01463	0.01026	0.00496	0.01444
25	0.13421	0.01521	0.01746	0.06488	0.02337	0.01594	0.01266	0.03010	0.10311	0.12070	0.07281	0.13478	0.09169	0.09960	0.01592	0.00432	0.00808	0.01473	0.00891	0.01153
26	0.01238	0.01028	0.01083	0.01095	0.01408	0.00873	0.00811	0.01512	0.02361	0.02884	0.14312	0.14055	0.48602	0.02603	0.01221	0.00350	0.00523	0.02199	0.00969	0.00873
27	0.04604	0.01746	0.02382	0.01826	0.02620	0.01508	0.01508	0.05001	0.02937	0.58244	0.04049	0.03493	0.02540	0.01270	0.01032	0.00318	0.00873	0.01032	0.01270	0.01746
28	0.03083	0.17838	0.09195	0.13727	0.03775	0.02721	0.02146	0.11401	0.07064	0.15553	0.02505	0.02622	0.01807	0.01099	0.00933	0.00300	0.01126	0.00855	0.00763	0.01487
29	0.01325	0.00940	0.01237	0.01424	0.01507	0.00890	0.00978	0.01535	0.02026	0.02714	0.09574	0.48557	0.06633	0.09395	0.01717	0.00474	0.00657	0.06654	0.00932	0.00832
30	0.02296	0.01110	0.01274	0.01198	0.01527	0.01065	0.00940	0.02761	0.02350	0.12610	0.07407	0.04678	0.03381	0.01406	0.00861	0.00277	0.00581	0.05110	0.48087	0.01084
31	0.01930	0.02125	0.07702	0.13967	0.12138	0.01890	0.13488	0.02572	0.02398	0.03240	0.13867	0.04827	0.12562	0.01443	0.01128	0.00333	0.01124	0.01360	0.00689	0.01219
32	0.02378	0.08512	0.21838	0.17722	0.14147	0.08479	0.06606	0.03156	0.02257	0.02974	0.01809	0.02338	0.01395	0.00970	0.00980	0.00312	0.01444	0.00828	0.00468	0.01385
33	0.01982	0.01815	0.02513	0.02248	0.02258	0.02412	0.01791	0.02131	0.01612	0.02401	0.02251	0.12615	0.02480	0.07892	0.03251	0.05382	0.42158	0.01280	0.00546	0.00982
34	0.07585	0.50302	0.04839	0.02250	0.08318	0.06960	0.01868	0.03136	0.02135	0.02671	0.01488	0.01752	0.01335	0.00897	0.00709	0.00238	0.01132	0.00594	0.00465	0.01327
35	0.01869	0.01093	0.01383	0.01339	0.01620	0.00996	0.00992	0.02234	0.02511	0.11144	0.24731	0.21842	0.12013	0.02231	0.01156	0.00340	0.00572	0.01955	0.08951	0.01029
36	0.01870	0.01285	0.01576	0.01540	0.01844	0.01299	0.01165	0.02591	0.10873	0.08162	0.10725	0.16566	0.13197	0.08109	0.09772	0.00601	0.00997	0.05827	0.00931	0.01069
37	0.08514	0.01394	0.01732	0.01464	0.01961	0.01294	0.01163	0.03326	0.02717	0.25954	0.23513	0.04949	0.05104	0.01543	0.01022	0.00308	0.00666	0.01290	0.10795	0.01292
38	0.01510	0.01004	0.01274	0.01363	0.01556	0.00908	0.00962	0.01766	0.02246	0.06789	0.14245	0.40610	0.16343	0.02793	0.01257	0.00382	0.00584	0.02483	0.01002	0.00924
39	0.02989	0.01685	0.02019	0.01746	0.02240	0.01683	0.01358	0.17054	0.03045	0.19353	0.04079	0.23414	0.03764	0.01908	0.01090	0.00340	0.00808	0.01630	0.08441	0.01353
40	0.02744	0.64552	0.05378	0.01756	0.02634	0.04061	0.01756	0.03073	0.02085	0.02414	0.01427	0.01646	0.01317	0.00878	0.00658	0.00219	0.01097	0.00549	0.00439	0.01317
41	0.02058	0.05308	0.58618	0.02925	0.04442	0.02383	0.03792	0.03250	0.02167	0.03250	0.01842	0.02167	0.01300	0.00975	0.00975	0.00325	0.01517	0.00758	0.00433	0.01517
42	0.01452	0.01049	0.01372	0.01291	0.01533	0.00968	0.00968	0.01937	0.02905	0.04115	0.56992	0.07666	0.09683	0.02098	0.01210	0.00323	0.00484	0.01856	0.01130	0.00968
43	0.01466	0.01100	0.01649	0.01649	0.01833	0.01283	0.01283	0.01833	0.01649	0.02382	0.02749	0.04032	0.02566	0.07697	0.59868	0.01649	0.02749	0.01100	0.00550	0.00916
44	0.02058	0.05308	0.58618	0.02925	0.04442	0.02383	0.03792	0.03250	0.02167	0.03250	0.01842	0.02167	0.01300	0.00975	0.00975	0.00325	0.01517	0.00758	0.00433	0.01517
45	0.02110	0.02059	0.03114	0.28649	0.04626	0.02762	0.02512	0.02537	0.01784	0.02537	0.01558	0.02462	0.01356	0.01456	0.02334	0.00402	0.35256	0.00904	0.00452	0.01130
46	0.02129	0.01339	0.01595	0.01550	0.01842	0.01343	0.01141	0.11603	0.02604	0.08079	0.04531	0.36738	0.04781	0.02336	0.01131	0.00357	0.00696	0.02052	0.13055	0.01098
47	0.01760	0.01372	0.01637	0.01514	0.01850	0.01411	0.01152	0.02919	0.17652	0.04165	0.42234	0.06593	0.07853	0.01901	0.01164	0.00330	0.00576	0.01661	0.01106	0.01152
48	0.01490	0.01002	0.01157	0.01157	0.01169	0.01015	0.00668	0.01516	0.01503	0.02017	0.03199	0.06527	0.03649	0.59978	0.09068	0.01041	0.01118	0.01465	0.00617	0.00643
49	0.28536	0.02246	0.10293	0.01637	0.02384	0.01789	0.01516	0.02672	0.02042	0.03811	0.07170	0.08814	0.02630	0.01245	0.00843	0.00285	0.00845	0.00966	0.00676	0.19600

[dist]
# distance from previous block
# <min> <max>
0	11

[block]
# block no. 7 follows, 14 sequences, length 18
# corresponding to MSA columns:
# 310-327
name=unknown_H
#
# <colnr> <probs for GDERKNQSTAVLIFYWHMCP>
#	G	D	E	R	K	N	Q	S	T	A	V	L	I	F	Y	W	H	M	C	P
0	0.07685	0.09458	0.16448	0.07761	0.03627	0.02489	0.06318	0.06654	0.08279	0.10687	0.02401	0.02664	0.01785	0.01492	0.04497	0.00400	0.04366	0.00888	0.00680	0.01423
1	0.03134	0.02550	0.10397	0.12254	0.10481	0.02166	0.05491	0.11228	0.02802	0.19433	0.02589	0.02762	0.01808	0.01073	0.01008	0.00307	0.01160	0.00920	0.00796	0.07642
2	0.02075	0.01917	0.02719	0.02787	0.10488	0.02424	0.01918	0.02293	0.01664	0.02465	0.01973	0.03565	0.02069	0.19393	0.03544	0.00583	0.35490	0.01070	0.00507	0.01055
3	0.01897	0.04734	0.02026	0.01586	0.02074	0.01644	0.01260	0.02678	0.10387	0.03549	0.21548	0.05157	0.11215	0.01622	0.01233	0.00292	0.06089	0.01319	0.00867	0.18823
4	0.02948	0.02403	0.03089	0.23600	0.04502	0.02853	0.02317	0.27891	0.03342	0.04488	0.02067	0.02529	0.01550	0.01243	0.01378	0.00341	0.10373	0.00916	0.00735	0.01435
5	0.01326	0.00961	0.01269	0.01488	0.01604	0.00904	0.01075	0.01568	0.02071	0.02719	0.05983	0.49052	0.10543	0.03093	0.01323	0.00422	0.00657	0.12132	0.00951	0.00858
6	0.02349	0.01742	0.02862	0.36734	0.05277	0.01958	0.05400	0.02955	0.02279	0.11876	0.02905	0.04580	0.02454	0.01408	0.01114	0.00364	0.01226	0.10612	0.00688	0.01216
7	0.03044	0.14310	0.03008	0.01992	0.02654	0.02703	0.01649	0.20845	0.14982	0.09487	0.03272	0.11844	0.02803	0.01500	0.01002	0.00317	0.00948	0.01213	0.00928	0.01498
8	0.01668	0.01281	0.01696	0.10499	0.02507	0.01326	0.01334	0.07280	0.02477	0.03307	0.14301	0.33847	0.09640	0.02431	0.01212	0.00372	0.00743	0.02159	0.00918	0.01003
9	0.13627	0.02805	0.15612	0.01953	0.02922	0.02031	0.01914	0.07138	0.07954	0.03872	0.02062	0.02268	0.01589	0.00947	0.00842	0.00253	0.00981	0.00718	0.00650	0.29862
10	0.38694	0.15255	0.02526	0.07846	0.02639	0.02524	0.01459	0.02809	0.01837	0.03591	0.01669	0.02131	0.01401	0.01958	0.09585	0.00499	0.01214	0.00674	0.00561	0.01129
11	0.01593	0.01138	0.01584	0.01821	0.02030	0.01129	0.01548	0.02021	0.02303	0.03003	0.05467	0.19345	0.06038	0.02892	0.01401	0.00464	0.00892	0.43455	0.00946	0.00928
12	0.03431	0.01982	0.02753	0.10279	0.09608	0.01950	0.01918	0.08419	0.02716	0.28122	0.02864	0.02907	0.01980	0.01149	0.01132	0.00302	0.04763	0.00921	0.00902	0.11905
13	0.02414	0.14755	0.41694	0.02617	0.03882	0.02624	0.03162	0.03339	0.02192	0.08071	0.01947	0.02204	0.01418	0.01028	0.01052	0.00313	0.04537	0.00755	0.00511	0.01484
14	0.01938	0.01824	0.03078	0.61468	0.07068	0.02280	0.02850	0.02622	0.02052	0.02622	0.01824	0.02736	0.01368	0.01026	0.01026	0.00342	0.01368	0.00912	0.00456	0.01140
15	0.02492	0.01749	0.01852	0.01663	0.02139	0.01933	0.01295	0.07097	0.29842	0.06961	0.03758	0.03732	0.02832	0.01302	0.00919	0.00303	0.00707	0.01063	0.26975	0.01385
16	0.01364	0.01018	0.01268	0.01265	0.01494	0.00922	0.00926	0.01744	0.02609	0.03553	0.37586	0.18632	0.19016	0.02413	0.01230	0.00345	0.00513	0.02121	0.01059	0.00922
17	0.02251	0.02018	0.02693	0.31256	0.04830	0.02419	0.02226	0.04062	0.29337	0.03472	0.03021	0.03292	0.02266	0.01212	0.01035	0.00345	0.01085	0.01038	0.00755	0.01386

[dist]
# distance from previous block
# <min> <max>
0	14

[block]
# block no. 8 follows, 14 sequences, length 39
# corresponding to MSA columns:
# 342-380
name=unknown_I
#
# <colnr> <probs for GDERKNQSTAVLIFYWHMCP>
#	G	D	E	R	K	N	Q	S	T	A	V	L	I	F	Y	W	H	M	C	P
0	0.01452	0.01049	0.01372	0.01291	0.01533	0.00968	0.00968	0.01937	0.02905	0.04115	0.56992	0.07666	0.09683	0.02098	0.01210	0.00323	0.00484	0.01856	0.01130	0.00968
1	0.71184	0.01985	0.01508	0.01350	0.01985	0.02302	0.01111	0.03017	0.01746	0.04604	0.01429	0.01667	0.01111	0.00953	0.00635	0.00318	0.00794	0.00556	0.00635	0.01111
2	0.01783	0.00891	0.01337	0.01337	0.01337	0.00891	0.00891	0.01337	0.01337	0.01783	0.01783	0.03119	0.01783	0.03565	0.04011	0.70143	0.00891	0.00891	0.00446	0.00446
3	0.01936	0.01153	0.01494	0.01505	0.01810	0.01052	0.01172	0.02276	0.02424	0.12490	0.13495	0.23421	0.15973	0.02521	0.01253	0.00385	0.00690	0.12878	0.01030	0.01040
4	0.02566	0.01944	0.02162	0.01899	0.02438	0.02143	0.01493	0.10588	0.30592	0.08459	0.08591	0.04509	0.08317	0.02159	0.06948	0.00468	0.00998	0.01262	0.01009	0.01457
5	0.71184	0.01985	0.01508	0.01350	0.01985	0.02302	0.01111	0.03017	0.01746	0.04604	0.01429	0.01667	0.01111	0.00953	0.00635	0.00318	0.00794	0.00556	0.00635	0.01111
6	0.02128	0.01824	0.02128	0.01520	0.02432	0.01368	0.01216	0.02584	0.02128	0.03344	0.01824	0.02128	0.01520	0.00760	0.00760	0.00152	0.00760	0.00608	0.00608	0.70208
7	0.03177	0.02062	0.02751	0.02649	0.12498	0.01934	0.01807	0.09492	0.02695	0.20466	0.02568	0.02667	0.01867	0.01068	0.01092	0.00268	0.04946	0.00849	0.00832	0.24312
8	0.02581	0.09592	0.02744	0.21498	0.03838	0.01955	0.01841	0.03089	0.02468	0.16284	0.14890	0.03858	0.03550	0.01291	0.01003	0.00302	0.00969	0.01088	0.00813	0.06346
9	0.01317	0.00970	0.01246	0.01416	0.01562	0.00898	0.01021	0.01577	0.02166	0.02844	0.11151	0.42565	0.15019	0.02961	0.01300	0.00404	0.00620	0.09129	0.00968	0.00866
10	0.01346	0.01018	0.01247	0.01282	0.01514	0.00919	0.00948	0.01693	0.02489	0.03310	0.28292	0.21289	0.22982	0.02547	0.01246	0.00360	0.00547	0.05039	0.01025	0.00906
11	0.03684	0.19207	0.03689	0.02375	0.06290	0.05601	0.05601	0.10385	0.02868	0.26249	0.02734	0.02665	0.01916	0.01096	0.00937	0.00288	0.01102	0.00874	0.00873	0.01567
12	0.09837	0.01885	0.02560	0.01918	0.02755	0.01639	0.06170	0.03931	0.02536	0.31682	0.02954	0.02846	0.02010	0.01050	0.00930	0.00270	0.00910	0.00876	0.00943	0.22298
13	0.01885	0.01127	0.01310	0.01208	0.01568	0.01002	0.00926	0.02268	0.02553	0.11171	0.21638	0.07261	0.26062	0.02017	0.01098	0.00316	0.00552	0.01701	0.13301	0.01036
14	0.03157	0.02467	0.02740	0.03038	0.16336	0.12943	0.01928	0.03900	0.09406	0.18179	0.08869	0.03783	0.06072	0.01318	0.01038	0.00310	0.01079	0.01098	0.00875	0.01463
15	0.02869	0.02479	0.03406	0.04216	0.29661	0.02647	0.02449	0.15957	0.17399	0.04352	0.02667	0.02871	0.02063	0.01120	0.01026	0.00317	0.01087	0.00983	0.00777	0.01654
16	0.03788	0.01575	0.02131	0.01766	0.02385	0.01401	0.01445	0.04158	0.02694	0.43173	0.04204	0.05199	0.03236	0.07800	0.01517	0.00412	0.00898	0.09573	0.01150	0.01497
17	0.02273	0.02263	0.03238	0.03029	0.07783	0.03078	0.02329	0.02533	0.01643	0.02552	0.01401	0.02273	0.01373	0.01714	0.03150	0.00436	0.56411	0.00900	0.00455	0.01169
18	0.03077	0.02815	0.04739	0.03456	0.04398	0.02855	0.30858	0.25779	0.03485	0.04695	0.02248	0.02633	0.01640	0.01027	0.01129	0.00329	0.01464	0.01084	0.00744	0.01544
19	0.01444	0.01006	0.01275	0.01316	0.01376	0.01045	0.00858	0.01574	0.01616	0.02204	0.03517	0.15676	0.03938	0.38280	0.19373	0.01073	0.01402	0.01630	0.00659	0.00738
20	0.01897	0.01289	0.01591	0.01638	0.01938	0.01280	0.01264	0.02643	0.11403	0.08589	0.05802	0.28233	0.12025	0.02541	0.01249	0.00399	0.00732	0.13399	0.00998	0.01090
21	0.02586	0.02053	0.02232	0.01917	0.02472	0.02261	0.01512	0.17610	0.26680	0.04743	0.15832	0.04706	0.07754	0.01585	0.01087	0.00331	0.00806	0.01316	0.01052	0.01462
22	0.01486	0.01021	0.01252	0.01252	0.01297	0.01067	0.00787	0.01577	0.01532	0.02088	0.03112	0.06045	0.03440	0.49886	0.18874	0.01158	0.01433	0.01394	0.00604	0.00695
23	0.02857	0.02061	0.02220	0.01916	0.02498	0.02289	0.01513	0.13036	0.33168	0.09515	0.03736	0.03569	0.02760	0.01321	0.00984	0.00320	0.00814	0.01074	0.12810	0.01541
24	0.02642	0.01403	0.01812	0.01554	0.02019	0.01312	0.01219	0.03338	0.08189	0.22678	0.33576	0.05853	0.06581	0.01744	0.01133	0.00324	0.00650	0.01504	0.01169	0.01300
25	0.02398	0.01890	0.02208	0.01595	0.02494	0.01499	0.01283	0.06211	0.02359	0.06885	0.02002	0.02233	0.01597	0.00823	0.00794	0.00173	0.00792	0.00655	0.00676	0.61431
26	0.03338	0.02638	0.02675	0.02189	0.02903	0.07228	0.01753	0.25380	0.22797	0.08958	0.03088	0.02963	0.02258	0.01247	0.01007	0.00309	0.01028	0.00975	0.00983	0.06281
27	0.03309	0.02100	0.02467	0.01842	0.02696	0.01920	0.01504	0.17830	0.03113	0.19295	0.02616	0.02598	0.01864	0.01034	0.00910	0.00242	0.00896	0.00814	0.00908	0.32043
28	0.01300	0.00922	0.01216	0.01432	0.01498	0.00872	0.00970	0.01482	0.01948	0.02593	0.05419	0.54589	0.06448	0.08746	0.01675	0.00473	0.00656	0.06018	0.00922	0.00822
29	0.02422	0.02768	0.06055	0.04325	0.05363	0.02595	0.53806	0.03287	0.02422	0.03287	0.02076	0.02768	0.01557	0.00865	0.01211	0.00346	0.01730	0.01211	0.00519	0.01384
30	0.02163	0.01546	0.02293	0.26863	0.04098	0.01719	0.01905	0.02609	0.02202	0.11952	0.04289	0.14421	0.12042	0.01763	0.01266	0.00359	0.05118	0.01489	0.00762	0.01141
31	0.34068	0.01852	0.01995	0.01615	0.02339	0.01860	0.01333	0.04123	0.02410	0.34507	0.02889	0.02685	0.01908	0.01130	0.00856	0.00318	0.00838	0.00821	0.00989	0.01465
32	0.01452	0.01049	0.01372	0.01291	0.01533	0.00968	0.00968	0.01937	0.02905	0.04115	0.56992	0.07666	0.09683	0.02098	0.01210	0.00323	0.00484	0.01856	0.01130	0.00968
33	0.04604	0.01746	0.02382	0.01826	0.02620	0.01508	0.01508	0.05001	0.02937	0.58244	0.04049	0.03493	0.02540	0.01270	0.01032	0.00318	0.00873	0.01032	0.01270	0.01746
34	0.02726	0.08330	0.07298	0.06508	0.02962	0.02319	0.01983	0.03145	0.02080	0.17178	0.02412	0.02891	0.01893	0.02593	0.13119	0.00607	0.19048	0.00927	0.00683	0.01299
35	0.41720	0.01879	0.01895	0.01560	0.02266	0.01951	0.01287	0.03895	0.02273	0.28342	0.02588	0.02475	0.01744	0.01093	0.00811	0.00318	0.00829	0.00766	0.00916	0.01392
36	0.01250	0.00893	0.01191	0.01429	0.01488	0.00834	0.00953	0.01429	0.01965	0.02620	0.05656	0.63265	0.06787	0.03215	0.01310	0.00417	0.00595	0.02917	0.00953	0.00834
37	0.02854	0.30905	0.15360	0.06636	0.03481	0.19436	0.02316	0.03367	0.02333	0.02628	0.01586	0.01891	0.01319	0.00960	0.00826	0.00263	0.01417	0.00650	0.00465	0.01308
38	0.02642	0.09939	0.20900	0.03344	0.14158	0.13240	0.06075	0.06387	0.02568	0.03316	0.06152	0.02618	0.02071	0.01066	0.00979	0.00299	0.01388	0.00876	0.00563	0.01419

[dist]
# distance from previous block
# <min> <max>
8	18

[block]
# block no. 9 follows, 14 sequences, length 36
# corresponding to MSA columns:
# 399-434
name=unknown_J
#
# <colnr> <probs for GDERKNQSTAVLIFYWHMCP>
#	G	D	E	R	K	N	Q	S	T	A	V	L	I	F	Y	W	H	M	C	P
0	0.43187	0.01884	0.01875	0.01550	0.02252	0.01968	0.01278	0.03851	0.02247	0.27159	0.02530	0.02435	0.01712	0.01086	0.00802	0.00318	0.00827	0.00756	0.00902	0.01378
1	0.08087	0.02279	0.10200	0.02070	0.02924	0.01689	0.06732	0.03508	0.02402	0.22775	0.03017	0.09156	0.02385	0.01256	0.00979	0.00294	0.00983	0.01079	0.00849	0.17335
2	0.02822	0.01768	0.02086	0.01780	0.02315	0.01790	0.01427	0.16307	0.07835	0.15774	0.15692	0.08843	0.09698	0.01811	0.01133	0.00340	0.00807	0.05321	0.01083	0.01369
3	0.01400	0.00994	0.01335	0.01554	0.01666	0.00959	0.01153	0.01660	0.02056	0.02716	0.05393	0.42076	0.06261	0.07883	0.01653	0.00480	0.00740	0.18244	0.00924	0.00853
