[name]
unknown

[dist]
# distance from previous block
# <min> <max>
0	205

[block]
# block no. 0 follows, 13 sequences, length 93
# corresponding to MSA columns:
# 210-302
name=unknown_A
#
# <colnr> <probs for GDERKNQSTAVLIFYWHMCP>
#	G	D	E	R	K	N	Q	S	T	A	V	L	I	F	Y	W	H	M	C	P
0	0.03013	0.07530	0.03169	0.02809	0.11232	0.07654	0.05987	0.08422	0.02837	0.13996	0.07303	0.07897	0.06495	0.01427	0.01062	0.00312	0.01092	0.01226	0.00847	0.05690
1	0.07774	0.01991	0.02016	0.01853	0.02247	0.09026	0.01414	0.06501	0.02544	0.13698	0.04439	0.24621	0.08282	0.02133	0.01335	0.00370	0.05871	0.01753	0.00926	0.01207
2	0.02165	0.02031	0.03418	0.35486	0.24814	0.02282	0.02883	0.02797	0.02214	0.02978	0.02256	0.07798	0.01983	0.01207	0.01078	0.00345	0.01285	0.01116	0.00533	0.01332
3	0.01952	0.01182	0.01559	0.01407	0.01737	0.01076	0.01076	0.02438	0.02998	0.11635	0.48464	0.07295	0.08944	0.02042	0.01221	0.00332	0.00555	0.01793	0.01184	0.01110
4	0.04744	0.01799	0.02454	0.01881	0.02699	0.01554	0.01554	0.05153	0.03026	0.56979	0.04171	0.03599	0.02617	0.01309	0.01063	0.00327	0.00900	0.01063	0.01309	0.01799
5	0.01510	0.01133	0.01699	0.01699	0.01888	0.01322	0.01322	0.01888	0.01699	0.02454	0.02832	0.04154	0.02643	0.07930	0.58652	0.01699	0.02832	0.01133	0.00566	0.00944
6	0.02496	0.02852	0.06239	0.04456	0.05526	0.02674	0.52406	0.03387	0.02496	0.03387	0.02139	0.02852	0.01604	0.00891	0.01248	0.00357	0.01783	0.01248	0.00535	0.01426
7	0.70310	0.02045	0.01554	0.01390	0.02045	0.02372	0.01145	0.03108	0.01799	0.04744	0.01472	0.01718	0.01145	0.00981	0.00654	0.00327	0.00818	0.00573	0.00654	0.01145
8	0.01810	0.01574	0.07005	0.01581	0.02000	0.01197	0.01375	0.02373	0.02880	0.07921	0.43010	0.07321	0.08309	0.02041	0.01225	0.00344	0.00667	0.05169	0.01090	0.01110
9	0.02192	0.01879	0.02192	0.01566	0.02506	0.01409	0.01253	0.02662	0.02192	0.03445	0.01879	0.02192	0.01566	0.00783	0.00783	0.00157	0.00783	0.00626	0.00626	0.69305
10	0.70310	0.02045	0.01554	0.01390	0.02045	0.02372	0.01145	0.03108	0.01799	0.04744	0.01472	0.01718	0.01145	0.00981	0.00654	0.00327	0.00818	0.00573	0.00654	0.01145
11	0.04744	0.01799	0.02454	0.01881	0.02699	0.01554	0.01554	0.05153	0.03026	0.56979	0.04171	0.03599	0.02617	0.01309	0.01063	0.00327	0.00900	0.01063	0.01309	0.01799
12	0.01510	0.01133	0.01699	0.01699	0.01888	0.01322	0.01322	0.01888	0.01699	0.02454	0.02832	0.04154	0.02643	0.07930	0.58652	0.01699	0.02832	0.01133	0.00566	0.00944
13	0.04019	0.02962	0.03173	0.02433	0.03279	0.03279	0.02010	0.52721	0.04971	0.06663	0.02538	0.02538	0.01798	0.01269	0.01058	0.00317	0.01163	0.00952	0.01058	0.01798
14	0.02121	0.05469	0.57364	0.03014	0.04576	0.02455	0.03906	0.03348	0.02232	0.03348	0.01897	0.02232	0.01339	0.01005	0.01005	0.00335	0.01563	0.00781	0.00446	0.01563
15	0.15511	0.01629	0.01911	0.01699	0.02218	0.01632	0.01395	0.07246	0.02827	0.17818	0.17721	0.06013	0.04964	0.01802	0.01116	0.00360	0.00813	0.10975	0.01058	0.01292
16	0.04744	0.01799	0.02454	0.01881	0.02699	0.01554	0.01554	0.05153	0.03026	0.56979	0.04171	0.03599	0.02617	0.01309	0.01063	0.00327	0.00900	0.01063	0.01309	0.01799
17	0.04744	0.01799	0.02454	0.01881	0.02699	0.01554	0.01554	0.05153	0.03026	0.56979	0.04171	0.03599	0.02617	0.01309	0.01063	0.00327	0.00900	0.01063	0.01309	0.01799
18	0.01550	0.01263	0.01907	0.21459	0.03493	0.01380	0.01648	0.01944	0.02154	0.02858	0.09607	0.36406	0.05401	0.02427	0.01240	0.00393	0.00872	0.02191	0.00826	0.00980
19	0.02930	0.02541	0.08057	0.08628	0.28965	0.02335	0.02692	0.03977	0.11359	0.13613	0.02778	0.03011	0.02069	0.01109	0.01052	0.00329	0.01155	0.00994	0.00755	0.01651
20	0.04650	0.01950	0.02547	0.01953	0.02774	0.01778	0.01613	0.11318	0.03278	0.50457	0.03960	0.03461	0.02511	0.01304	0.01063	0.00326	0.00934	0.01049	0.01276	0.01799
21	0.01717	0.01046	0.01320	0.01338	0.01545	0.01125	0.01015	0.02136	0.01973	0.03191	0.03349	0.08281	0.02993	0.04357	0.26494	0.00905	0.01540	0.01198	0.33519	0.00958
22	0.02179	0.02554	0.12561	0.01838	0.02895	0.01606	0.01752	0.02791	0.02200	0.03427	0.01883	0.02200	0.01523	0.00825	0.00825	0.00190	0.00930	0.00656	0.00593	0.56574
23	0.14495	0.34088	0.03960	0.01936	0.02693	0.12235	0.01711	0.03710	0.10459	0.03194	0.01943	0.02088	0.01617	0.01031	0.00781	0.00272	0.01154	0.00684	0.00600	0.01350
24	0.02337	0.01134	0.01352	0.01248	0.01496	0.01090	0.00885	0.02547	0.02062	0.12727	0.03321	0.04581	0.02876	0.18215	0.02529	0.10195	0.00770	0.01139	0.28532	0.00965
25	0.02252	0.21072	0.37275	0.02507	0.03753	0.02784	0.03027	0.03159	0.02287	0.03202	0.07304	0.02666	0.02231	0.01096	0.00939	0.00305	0.01334	0.00838	0.00522	0.01448
26	0.02275	0.01953	0.02230	0.01676	0.02551	0.01639	0.01332	0.03218	0.11992	0.03629	0.02335	0.02522	0.01878	0.00905	0.00838	0.00195	0.00793	0.00733	0.00711	0.56595
27	0.01523	0.01091	0.01473	0.06459	0.02070	0.01090	0.01207	0.01860	0.02241	0.03084	0.14410	0.29814	0.06323	0.08541	0.01673	0.00458	0.00745	0.09162	0.05858	0.00917
28	0.02330	0.01961	0.02266	0.01631	0.02564	0.01550	0.01310	0.06422	0.02401	0.03687	0.01929	0.02218	0.01583	0.00820	0.00804	0.00169	0.00812	0.00651	0.00659	0.64235
29	0.02092	0.01272	0.01607	0.02020	0.11571	0.01272	0.01210	0.02610	0.02253	0.03850	0.03175	0.03693	0.02515	0.01177	0.00797	0.00259	0.00636	0.00977	0.55897	0.01115
30	0.09109	0.29070	0.30498	0.02357	0.03559	0.03160	0.02770	0.03250	0.02155	0.03130	0.01679	0.01960	0.01327	0.00961	0.00836	0.00289	0.01311	0.00672	0.00469	0.01437
31	0.02397	0.02678	0.05765	0.04149	0.05138	0.02509	0.47358	0.03250	0.02544	0.03471	0.07398	0.03348	0.02426	0.01016	0.01248	0.00354	0.01656	0.01313	0.00597	0.01384
32	0.01538	0.01025	0.01153	0.01153	0.01153	0.01025	0.00641	0.01538	0.01538	0.02050	0.03331	0.06919	0.03844	0.62842	0.05382	0.01025	0.01025	0.01538	0.00641	0.00641
33	0.02253	0.16371	0.47624	0.02787	0.04226	0.02780	0.03512	0.03314	0.02216	0.03187	0.01817	0.02131	0.01343	0.00986	0.00943	0.00314	0.01481	0.00741	0.00448	0.01524
34	0.02261	0.19010	0.08290	0.01845	0.02474	0.06429	0.01678	0.03128	0.10036	0.03580	0.24318	0.04647	0.05182	0.01523	0.01022	0.00303	0.00926	0.01241	0.00842	0.01265
35	0.04134	0.01664	0.02258	0.01778	0.02489	0.01449	0.01449	0.04559	0.03020	0.47067	0.13853	0.04407	0.04000	0.01469	0.01098	0.00328	0.00824	0.01223	0.01281	0.01649
36	0.01530	0.01056	0.01309	0.01309	0.01363	0.01110	0.00836	0.01638	0.01584	0.02166	0.03189	0.06128	0.03500	0.47130	0.20624	0.01218	0.01542	0.01422	0.00619	0.00727
37	0.02822	0.03324	0.18616	0.03603	0.04751	0.02407	0.30433	0.03709	0.02528	0.13449	0.02459	0.02834	0.01727	0.00999	0.01151	0.00345	0.01560	0.01094	0.00658	0.01531
38	0.04682	0.01898	0.02515	0.01928	0.02748	0.01701	0.01593	0.09204	0.03192	0.52694	0.04032	0.03508	0.02548	0.01305	0.01063	0.00326	0.00922	0.01054	0.01287	0.01799
39	0.01884	0.01520	0.01744	0.01774	0.02073	0.01645	0.01289	0.03313	0.25248	0.03464	0.05151	0.36311	0.05321	0.02479	0.01228	0.00398	0.00713	0.02202	0.01023	0.01220
40	0.03062	0.04018	0.27166	0.02667	0.03811	0.02860	0.02824	0.26909	0.07836	0.05007	0.02400	0.02519	0.01713	0.01165	0.01036	0.00329	0.01314	0.00896	0.00788	0.01683
41	0.03068	0.02665	0.05226	0.03774	0.04774	0.02523	0.37900	0.08564	0.02838	0.13780	0.02560	0.02962	0.01814	0.01007	0.01194	0.00347	0.01556	0.01184	0.00732	0.01533
42	0.02000	0.01481	0.02749	0.02239	0.02545	0.01430	0.15627	0.01966	0.01711	0.02298	0.02050	0.03426	0.01941	0.07916	0.03413	0.43719	0.01175	0.01065	0.00496	0.00751
43	0.02040	0.02300	0.12483	0.02540	0.07929	0.01773	0.02126	0.06898	0.06286	0.03509	0.04246	0.19398	0.04397	0.02208	0.01246	0.00404	0.01035	0.17085	0.00847	0.01248
44	0.03580	0.01908	0.02306	0.01859	0.02515	0.01891	0.01502	0.15234	0.07772	0.27145	0.13438	0.04220	0.03873	0.01465	0.01073	0.00323	0.00849	0.01203	0.06267	0.01577
45	0.02546	0.40374	0.26181	0.02289	0.03455	0.03495	0.02644	0.03239	0.02182	0.02830	0.01640	0.01910	0.01350	0.00944	0.00808	0.00269	0.01303	0.00651	0.00450	0.01439
46	0.02039	0.01851	0.02994	0.51805	0.06538	0.02283	0.02706	0.02860	0.06385	0.02790	0.02077	0.02937	0.01586	0.01252	0.01251	0.04665	0.01331	0.00959	0.00519	0.01171
47	0.04673	0.01914	0.02524	0.01935	0.02756	0.01723	0.01599	0.09824	0.03217	0.52037	0.04011	0.03495	0.02537	0.01305	0.01063	0.00326	0.00926	0.01052	0.01284	0.01799
48	0.01574	0.01162	0.01480	0.01386	0.01659	0.01109	0.01044	0.02242	0.06485	0.04252	0.52194	0.07629	0.09517	0.02112	0.01235	0.00334	0.00522	0.01863	0.01158	0.01044
49	0.01288	0.00920	0.01227	0.01472	0.01534	0.00859	0.00981	0.01472	0.02024	0.02699	0.05828	0.62152	0.06993	0.03312	0.01350	0.00429	0.00613	0.03006	0.00981	0.00859
50	0.02192	0.01879	0.02192	0.01566	0.02506	0.01409	0.01253	0.02662	0.02192	0.03445	0.01879	0.02192	0.01566	0.00783	0.00783	0.00157	0.00783	0.00626	0.00626	0.69305
51	0.01412	0.01052	0.01156	0.01144	0.01327	0.00966	0.00758	0.01594	0.02105	0.02693	0.13774	0.08409	0.26283	0.29315	0.03084	0.00650	0.00748	0.01878	0.00856	0.00796
52	0.02121	0.05469	0.57364	0.03014	0.04576	0.02455	0.03906	0.03348	0.02232	0.03348	0.01897	0.02232	0.01339	0.01005	0.01005	0.00335	0.01563	0.00781	0.00446	0.01563
53	0.03950	0.05039	0.02996	0.02724	0.03269	0.58597	0.02043	0.04222	0.02996	0.02588	0.01634	0.01907	0.01362	0.01090	0.00953	0.00272	0.01907	0.00681	0.00545	0.01226
54	0.04019	0.02962	0.03173	0.02433	0.03279	0.03279	0.02010	0.52721	0.04971	0.06663	0.02538	0.02538	0.01798	0.01269	0.01058	0.00317	0.01163	0.00952	0.01058	0.01798
55	0.01305	0.00933	0.01242	0.01460	0.01537	0.00870	0.00983	0.01515	0.02104	0.02826	0.09949	0.57667	0.07240	0.03217	0.01341	0.00421	0.00604	0.02915	0.00997	0.00870
56	0.70310	0.02045	0.01554	0.01390	0.02045	0.02372	0.01145	0.03108	0.01799	0.04744	0.01472	0.01718	0.01145	0.00981	0.00654	0.00327	0.00818	0.00573	0.00654	0.01145
57	0.70310	0.02045	0.01554	0.01390	0.02045	0.02372	0.01145	0.03108	0.01799	0.04744	0.01472	0.01718	0.01145	0.00981	0.00654	0.00327	0.00818	0.00573	0.00654	0.01145
58	0.04019	0.02962	0.03173	0.02433	0.03279	0.03279	0.02010	0.52721	0.04971	0.06663	0.02538	0.02538	0.01798	0.01269	0.01058	0.00317	0.01163	0.00952	0.01058	0.01798
59	0.01250	0.01071	0.01071	0.01071	0.01428	0.00893	0.00803	0.01517	0.02410	0.02856	0.10711	0.10175	0.55817	0.02678	0.01250	0.00357	0.00536	0.02231	0.00982	0.00893
60	0.02313	0.02313	0.03238	0.02776	0.02776	0.03238	0.02313	0.02545	0.01619	0.02545	0.01388	0.02313	0.01388	0.01851	0.03470	0.00463	0.60907	0.00925	0.00463	0.01157
61	0.03271	0.06434	0.03102	0.22549	0.09547	0.02204	0.02226	0.04011	0.06827	0.24638	0.02978	0.03123	0.02066	0.01167	0.01032	0.00330	0.01123	0.00983	0.00860	0.01528
62	0.02586	0.02838	0.02116	0.01949	0.02329	0.26569	0.01462	0.02984	0.02994	0.03506	0.31691	0.05238	0.06152	0.01686	0.01117	0.00306	0.01124	0.01366	0.00889	0.01099
63	0.01515	0.01116	0.01613	0.01613	0.01772	0.01275	0.01214	0.01833	0.01674	0.02391	0.02911	0.04590	0.02833	0.16593	0.50247	0.01593	0.02547	0.01197	0.00578	0.00896
64	0.02827	0.63478	0.05540	0.01809	0.02714	0.04184	0.01809	0.03166	0.02148	0.02488	0.01470	0.01696	0.01357	0.00905	0.00678	0.00226	0.01131	0.00565	0.00452	0.01357
65	0.01288	0.00920	0.01227	0.01472	0.01534	0.00859	0.00981	0.01472	0.02024	0.02699	0.05828	0.62152	0.06993	0.03312	0.01350	0.00429	0.00613	0.03006	0.00981	0.00859
66	0.01292	0.00988	0.01187	0.01316	0.01500	0.00883	0.00919	0.01533	0.02245	0.02887	0.11826	0.38883	0.24764	0.02987	0.01305	0.00395	0.00576	0.02635	0.00997	0.00883
67	0.01277	0.00962	0.01184	0.01361	0.01504	0.00868	0.00932	0.01485	0.02131	0.02743	0.07182	0.47734	0.20536	0.03136	0.01322	0.00409	0.00592	0.02791	0.00982	0.00868
68	0.02462	0.02219	0.03277	0.30234	0.09573	0.02557	0.06121	0.08717	0.16486	0.03683	0.02626	0.03078	0.01974	0.01159	0.01075	0.00348	0.01245	0.01032	0.00702	0.01432
69	0.01867	0.01657	0.02383	0.02177	0.02282	0.02173	0.01762	0.02179	0.01664	0.02494	0.02191	0.03337	0.02086	0.05231	0.34154	0.01150	0.28614	0.01041	0.00520	0.01038
70	0.02182	0.08082	0.03814	0.44235	0.10826	0.02576	0.07933	0.02864	0.02182	0.02815	0.01875	0.02695	0.01447	0.01015	0.01039	0.00337	0.01407	0.00935	0.00479	0.01261
71	0.01288	0.00920	0.01227	0.01472	0.01534	0.00859	0.00981	0.01472	0.02024	0.02699	0.05828	0.62152	0.06993	0.03312	0.01350	0.00429	0.00613	0.03006	0.00981	0.00859
72	0.02313	0.02313	0.03238	0.02776	0.02776	0.03238	0.02313	0.02545	0.01619	0.02545	0.01388	0.02313	0.01388	0.01851	0.03470	0.00463	0.60907	0.00925	0.00463	0.01157
73	0.01320	0.01074	0.01169	0.01145	0.01471	0.00923	0.00859	0.01654	0.02577	0.03252	0.23581	0.09524	0.42701	0.02530	0.01249	0.00350	0.00525	0.02140	0.01034	0.00923
74	0.01448	0.01079	0.01347	0.01280	0.01550	0.00977	0.00960	0.01902	0.02879	0.03970	0.46930	0.08341	0.18903	0.02262	0.01248	0.00337	0.00506	0.01974	0.01128	0.00977
75	0.70310	0.02045	0.01554	0.01390	0.02045	0.02372	0.01145	0.03108	0.01799	0.04744	0.01472	0.01718	0.01145	0.00981	0.00654	0.00327	0.00818	0.00573	0.00654	0.01145
76	0.02121	0.05469	0.57364	0.03014	0.04576	0.02455	0.03906	0.03348	0.02232	0.03348	0.01897	0.02232	0.01339	0.01005	0.01005	0.00335	0.01563	0.00781	0.00446	0.01563
77	0.01788	0.01387	0.01665	0.01542	0.01881	0.01418	0.01172	0.02928	0.16205	0.04287	0.42465	0.06881	0.08240	0.01974	0.01203	0.00339	0.00586	0.01728	0.01141	0.01172
78	0.03145	0.02533	0.02646	0.02208	0.02797	0.08035	0.01775	0.30383	0.03646	0.04808	0.02551	0.03035	0.02047	0.03554	0.20960	0.00791	0.01813	0.00988	0.00837	0.01447
79	0.01435	0.01032	0.01325	0.01374	0.01505	0.01020	0.00949	0.01682	0.02073	0.02827	0.15616	0.21750	0.09566	0.19129	0.13122	0.00795	0.01106	0.01988	0.00855	0.00851
80	0.03188	0.07203	0.03337	0.14070	0.17269	0.02363	0.02290	0.10360	0.02889	0.17795	0.06491	0.03211	0.02469	0.01191	0.01039	0.00319	0.01113	0.01014	0.00834	0.01555
81	0.01430	0.01078	0.01321	0.01260	0.01539	0.00969	0.00945	0.01866	0.02836	0.03867	0.43552	0.08512	0.22346	0.02301	0.01248	0.00339	0.00509	0.01998	0.01115	0.00969
82	0.03347	0.04064	0.03050	0.20486	0.04507	0.41245	0.02319	0.03753	0.02724	0.02623	0.01710	0.02188	0.01377	0.01080	0.00985	0.00297	0.01753	0.00761	0.00522	0.01210
83	0.02313	0.02313	0.03238	0.02776	0.02776	0.03238	0.02313	0.02545	0.01619	0.02545	0.01388	0.02313	0.01388	0.01851	0.03470	0.00463	0.60907	0.00925	0.00463	0.01157
84	0.01971	0.00985	0.00985	0.00985	0.01232	0.00985	0.00739	0.02464	0.02217	0.03942	0.03449	0.03942	0.02710	0.01232	0.00739	0.00246	0.00493	0.00985	0.68712	0.00985
85	0.01288	0.00920	0.01227	0.01472	0.01534	0.00859	0.00981	0.01472	0.02024	0.02699	0.05828	0.62152	0.06993	0.03312	0.01350	0.00429	0.00613	0.03006	0.00981	0.00859
86	0.01420	0.01017	0.01363	0.01520	0.01665	0.00961	0.01116	0.01743	0.02360	0.03199	0.19241	0.38428	0.07634	0.02931	0.01342	0.00414	0.00648	0.11053	0.01029	0.00917
87	0.11478	0.01825	0.02361	0.01831	0.02632	0.01638	0.01512	0.04943	0.02900	0.51613	0.03894	0.03406	0.02466	0.01275	0.01021	0.00327	0.00891	0.01013	0.01241	0.01732
88	0.01331	0.00951	0.01276	0.01521	0.01601	0.00896	0.01056	0.01546	0.02066	0.02747	0.05804	0.56993	0.06900	0.03272	0.01361	0.00435	0.00650	0.07743	0.00981	0.00871
89	0.02192	0.01879	0.02192	0.01566	0.02506	0.01409	0.01253	0.02662	0.02192	0.03445	0.01879	0.02192	0.01566	0.00783	0.00783	0.00157	0.00783	0.00626	0.00626	0.69305
90	0.70310	0.02045	0.01554	0.01390	0.02045	0.02372	0.01145	0.03108	0.01799	0.04744	0.01472	0.01718	0.01145	0.00981	0.00654	0.00327	0.00818	0.00573	0.00654	0.01145
91	0.02421	0.02251	0.03554	0.02783	0.03483	0.02323	0.19085	0.07133	0.21686	0.04171	0.14929	0.04358	0.04081	0.01398	0.01172	0.00349	0.01110	0.01358	0.00907	0.01445
92	0.02768	0.02802	0.11690	0.22797	0.17275	0.02549	0.02872	0.13659	0.02865	0.07350	0.02196	0.02673	0.01622	0.01083	0.01047	0.00332	0.01312	0.00927	0.00658	0.01524

[dist]
# distance from previous block
# <min> <max>
0	28

[block]
# block no. 1 follows, 13 sequences, length 24
# corresponding to MSA columns:
# 331-354
name=unknown_B
#
# <colnr> <probs for GDERKNQSTAVLIFYWHMCP>
#	G	D	E	R	K	N	Q	S	T	A	V	L	I	F	Y	W	H	M	C	P
0	0.02260	0.02097	0.03438	0.05040	0.40990	0.02066	0.02598	0.02799	0.02419	0.03388	0.07691	0.09606	0.08182	0.01445	0.01113	0.00331	0.01060	0.01350	0.00666	0.01462
1	0.21194	0.03277	0.19071	0.02663	0.08528	0.02517	0.02408	0.12012	0.06544	0.08850	0.02269	0.02425	0.01645	0.01095	0.00933	0.00329	0.01153	0.00824	0.00733	0.01529
2	0.02915	0.40635	0.13477	0.02439	0.07208	0.07462	0.02260	0.03422	0.02307	0.06685	0.01789	0.02009	0.01471	0.00966	0.00808	0.00261	0.01249	0.00674	0.00526	0.01438
3	0.01297	0.00981	0.01198	0.01337	0.01506	0.00883	0.00929	0.01537	0.02235	0.02897	0.12170	0.41142	0.22047	0.03008	0.01309	0.00398	0.00579	0.02665	0.00999	0.00883
4	0.02562	0.02329	0.03229	0.09683	0.24607	0.02555	0.02428	0.04378	0.28353	0.03864	0.03136	0.03301	0.02425	0.01200	0.01062	0.00340	0.01062	0.01069	0.00794	0.01624
5	0.01997	0.01879	0.03171	0.60301	0.07282	0.02349	0.02936	0.02701	0.02114	0.02701	0.01879	0.02819	0.01409	0.01057	0.01057	0.00352	0.01409	0.00940	0.00470	0.01175
6	0.02805	0.01370	0.01833	0.01552	0.02031	0.01222	0.01222	0.03268	0.03006	0.25493	0.34928	0.06165	0.07011	0.01818	0.01173	0.00330	0.00660	0.01570	0.01222	0.01321
7	0.01886	0.01731	0.03213	0.02731	0.03226	0.01652	0.19699	0.02444	0.02356	0.03131	0.04414	0.20913	0.04700	0.02289	0.01357	0.00426	0.01176	0.20731	0.00818	0.01108
8	0.04019	0.02962	0.03173	0.02433	0.03279	0.03279	0.02010	0.52721	0.04971	0.06663	0.02538	0.02538	0.01798	0.01269	0.01058	0.00317	0.01163	0.00952	0.01058	0.01798
9	0.02313	0.02313	0.03238	0.02776	0.02776	0.03238	0.02313	0.02545	0.01619	0.02545	0.01388	0.02313	0.01388	0.01851	0.03470	0.00463	0.60907	0.00925	0.00463	0.01157
10	0.02192	0.01879	0.02192	0.01566	0.02506	0.01409	0.01253	0.02662	0.02192	0.03445	0.01879	0.02192	0.01566	0.00783	0.00783	0.00157	0.00783	0.00626	0.00626	0.69305
11	0.02496	0.02852	0.06239	0.04456	0.05526	0.02674	0.52406	0.03387	0.02496	0.03387	0.02139	0.02852	0.01604	0.00891	0.01248	0.00357	0.01783	0.01248	0.00535	0.01426
12	0.04744	0.01799	0.02454	0.01881	0.02699	0.01554	0.01554	0.05153	0.03026	0.56979	0.04171	0.03599	0.02617	0.01309	0.01063	0.00327	0.00900	0.01063	0.01309	0.01799
13	0.01288	0.00920	0.01227	0.01472	0.01534	0.00859	0.00981	0.01472	0.02024	0.02699	0.05828	0.62152	0.06993	0.03312	0.01350	0.00429	0.00613	0.03006	0.00981	0.00859
14	0.04563	0.02090	0.02634	0.02019	0.02844	0.01986	0.01668	0.17053	0.03513	0.44391	0.03763	0.03333	0.02412	0.01299	0.01062	0.00325	0.00966	0.01035	0.01246	0.01799
15	0.02496	0.02852	0.06239	0.04456	0.05526	0.02674	0.52406	0.03387	0.02496	0.03387	0.02139	0.02852	0.01604	0.00891	0.01248	0.00357	0.01783	0.01248	0.00535	0.01426
16	0.02022	0.01185	0.01235	0.01191	0.01490	0.01229	0.00902	0.02884	0.09984	0.04042	0.08673	0.04328	0.03495	0.01352	0.00838	0.00271	0.00544	0.01107	0.52139	0.01088
17	0.02699	0.52970	0.14928	0.02027	0.03051	0.03871	0.02189	0.03199	0.02164	0.02644	0.01547	0.01793	0.01354	0.00923	0.00737	0.00246	0.01209	0.00604	0.00451	0.01394
18	0.44371	0.06436	0.02108	0.01617	0.02270	0.02433	0.01333	0.10542	0.02404	0.08077	0.02243	0.07985	0.01937	0.01273	0.00813	0.00329	0.00877	0.00904	0.00776	0.01273
19	0.01510	0.01133	0.01699	0.01699	0.01888	0.01322	0.01322	0.01888	0.01699	0.02454	0.02832	0.04154	0.02643	0.07930	0.58652	0.01699	0.02832	0.01133	0.00566	0.00944
20	0.01483	0.01131	0.01387	0.01542	0.01705	0.01123	0.01070	0.02088	0.09774	0.02966	0.05980	0.49549	0.10207	0.02986	0.01301	0.00413	0.00640	0.02679	0.00995	0.00982
21	0.02363	0.02042	0.02790	0.31080	0.05002	0.02417	0.02338	0.08527	0.18366	0.03667	0.03049	0.04025	0.02460	0.01376	0.01102	0.00364	0.01168	0.05733	0.00763	0.01369
22	0.02920	0.02692	0.03217	0.25827	0.13886	0.12605	0.02531	0.08471	0.06712	0.07549	0.02284	0.02739	0.01719	0.01113	0.01039	0.00326	0.01365	0.00924	0.00663	0.01419
23	0.01563	0.01179	0.01693	0.02128	0.07114	0.01145	0.01454	0.01895	0.02204	0.02935	0.05372	0.38860	0.06157	0.02944	0.01358	0.00438	0.00802	0.18845	0.00934	0.00979

[dist]
# distance from previous block
# <min> <max>
0	1

[block]
# block no. 2 follows, 13 sequences, length 68
# corresponding to MSA columns:
# 356-423
name=unknown_C
#
# <colnr> <probs for GDERKNQSTAVLIFYWHMCP>
#	G	D	E	R	K	N	Q	S	T	A	V	L	I	F	Y	W	H	M	C	P
0	0.43772	0.02172	0.02351	0.02610	0.13845	0.02360	0.01699	0.06458	0.02274	0.10869	0.01974	0.02188	0.01476	0.01030	0.00813	0.00324	0.00943	0.00734	0.00730	0.01378
1	0.01504	0.01100	0.01424	0.01396	0.01655	0.01020	0.01083	0.01979	0.02856	0.03951	0.44088	0.08705	0.13728	0.02322	0.01279	0.00358	0.00572	0.08879	0.01119	0.00984
2	0.01831	0.01248	0.01550	0.01423	0.01761	0.01184	0.01084	0.02532	0.07775	0.08230	0.41980	0.07434	0.13694	0.02082	0.01217	0.00337	0.00566	0.01813	0.01147	0.01113
3	0.02320	0.02209	0.03755	0.32266	0.32792	0.02434	0.03097	0.02985	0.02267	0.03094	0.01936	0.02714	0.01548	0.00997	0.01052	0.00332	0.01330	0.00941	0.00498	0.01435
4	0.02121	0.05469	0.57364	0.03014	0.04576	0.02455	0.03906	0.03348	0.02232	0.03348	0.01897	0.02232	0.01339	0.01005	0.01005	0.00335	0.01563	0.00781	0.00446	0.01563
5	0.04436	0.02246	0.07337	0.02040	0.02926	0.01818	0.01809	0.10110	0.03166	0.46875	0.03797	0.03365	0.02417	0.01278	0.01058	0.00327	0.00986	0.01027	0.01206	0.01779
6	0.01849	0.01153	0.01502	0.01374	0.01663	0.01060	0.01026	0.02295	0.02869	0.09719	0.45567	0.07350	0.08648	0.07381	0.01589	0.00393	0.00588	0.01788	0.01134	0.01053
7	0.02846	0.52392	0.10923	0.01989	0.02959	0.03925	0.02051	0.07156	0.02384	0.02915	0.01602	0.01821	0.01390	0.00945	0.00744	0.00245	0.01180	0.00620	0.00500	0.01414
8	0.02827	0.63478	0.05540	0.01809	0.02714	0.04184	0.01809	0.03166	0.02148	0.02488	0.01470	0.01696	0.01357	0.00905	0.00678	0.00226	0.01131	0.00565	0.00452	0.01357
9	0.02630	0.02271	0.02391	0.02152	0.02749	0.02630	0.01674	0.05618	0.54336	0.04423	0.04303	0.03945	0.03228	0.01434	0.01076	0.00359	0.00837	0.01195	0.01076	0.01674
10	0.04744	0.01799	0.02454	0.01881	0.02699	0.01554	0.01554	0.05153	0.03026	0.56979	0.04171	0.03599	0.02617	0.01309	0.01063	0.00327	0.00900	0.01063	0.01309	0.01799
11	0.70310	0.02045	0.01554	0.01390	0.02045	0.02372	0.01145	0.03108	0.01799	0.04744	0.01472	0.01718	0.01145	0.00981	0.00654	0.00327	0.00818	0.00573	0.00654	0.01145
12	0.04666	0.01924	0.02531	0.01940	0.02761	0.01739	0.01603	0.10267	0.03235	0.51569	0.03996	0.03485	0.02529	0.01304	0.01063	0.00326	0.00928	0.01051	0.01282	0.01799
13	0.04744	0.01799	0.02454	0.01881	0.02699	0.01554	0.01554	0.05153	0.03026	0.56979	0.04171	0.03599	0.02617	0.01309	0.01063	0.00327	0.00900	0.01063	0.01309	0.01799
14	0.02913	0.02540	0.04818	0.04874	0.25966	0.02424	0.23844	0.03617	0.02546	0.12164	0.02409	0.02877	0.01799	0.00980	0.01135	0.00334	0.01421	0.01092	0.00656	0.01589
15	0.02491	0.01616	0.02185	0.02313	0.08021	0.01634	0.01666	0.03090	0.06614	0.15131	0.05370	0.11233	0.13334	0.02123	0.01425	0.00392	0.06114	0.13000	0.00965	0.01281
16	0.01335	0.01074	0.01189	0.01160	0.01480	0.00929	0.00870	0.01682	0.02611	0.03333	0.26206	0.09391	0.40025	0.02500	0.01249	0.00349	0.00523	0.02121	0.01045	0.00929
17	0.04123	0.02297	0.03373	0.02522	0.03396	0.02206	0.11587	0.16765	0.03412	0.33879	0.03364	0.03187	0.02214	0.01217	0.01098	0.00330	0.01138	0.01071	0.01095	0.01726
18	0.02432	0.08158	0.22110	0.18637	0.05247	0.02548	0.15056	0.03305	0.02318	0.07178	0.02090	0.02602	0.01521	0.01006	0.01056	0.00336	0.01490	0.00941	0.00540	0.01427
19	0.08287	0.03468	0.14628	0.03448	0.08303	0.11320	0.19711	0.03734	0.02539	0.11108	0.02241	0.02582	0.01630	0.01016	0.01065	0.00329	0.01515	0.00963	0.00639	0.01472
20	0.36193	0.07794	0.06977	0.02139	0.02830	0.13174	0.05174	0.03306	0.02116	0.03753	0.01573	0.01925	0.01272	0.01073	0.01046	0.00324	0.06838	0.00688	0.00575	0.01230
21	0.01737	0.01150	0.01753	0.01749	0.01944	0.01082	0.04964	0.01913	0.02060	0.06385	0.04787	0.40317	0.05398	0.03017	0.01770	0.11270	0.00799	0.06106	0.00887	0.00913
22	0.02070	0.02648	0.14343	0.20703	0.08463	0.02151	0.11779	0.02814	0.02226	0.03023	0.02637	0.04453	0.02382	0.06703	0.01521	0.00427	0.01397	0.08432	0.00573	0.01255
23	0.40869	0.17257	0.02793	0.01759	0.02451	0.14151	0.01484	0.03347	0.02124	0.03772	0.01504	0.01751	0.01239	0.00985	0.00720	0.00292	0.01112	0.00593	0.00584	0.01212
24	0.01824	0.01245	0.01655	0.01500	0.01772	0.01238	0.01157	0.02292	0.02875	0.08246	0.46878	0.07070	0.08645	0.02067	0.01427	0.00344	0.05817	0.01759	0.01114	0.01075
25	0.22878	0.01867	0.02205	0.01745	0.02518	0.01780	0.01441	0.04587	0.02687	0.42532	0.03425	0.03078	0.02210	0.01218	0.00950	0.00327	0.00877	0.00928	0.01128	0.01618
26	0.04744	0.01799	0.02454	0.01881	0.02699	0.01554	0.01554	0.05153	0.03026	0.56979	0.04171	0.03599	0.02617	0.01309	0.01063	0.00327	0.00900	0.01063	0.01309	0.01799
27	0.01387	0.01076	0.01261	0.01215	0.01512	0.00951	0.00911	0.01783	0.02734	0.03625	0.35709	0.08910	0.30340	0.02391	0.01248	0.00343	0.00515	0.02054	0.01083	0.00951
28	0.04170	0.01761	0.02254	0.01770	0.02486	0.01613	0.01448	0.09149	0.03062	0.42567	0.03886	0.03561	0.02557	0.01291	0.01004	0.00312	0.00850	0.01039	0.13570	0.01651
29	0.04019	0.02962	0.03173	0.02433	0.03279	0.03279	0.02010	0.52721	0.04971	0.06663	0.02538	0.02538	0.01798	0.01269	0.01058	0.00317	0.01163	0.00952	0.01058	0.01798
30	0.02211	0.02655	0.13340	0.44093	0.06397	0.02457	0.03031	0.07541	0.02406	0.03197	0.01945	0.02682	0.01433	0.01067	0.01047	0.00346	0.01415	0.00911	0.00521	0.01306
31	0.01997	0.01879	0.03171	0.60301	0.07282	0.02349	0.02936	0.02701	0.02114	0.02701	0.01879	0.02819	0.01409	0.01057	0.01057	0.00352	0.01409	0.00940	0.00470	0.01175
32	0.04744	0.01799	0.02454	0.01881	0.02699	0.01554	0.01554	0.05153	0.03026	0.56979	0.04171	0.03599	0.02617	0.01309	0.01063	0.00327	0.00900	0.01063	0.01309	0.01799
33	0.15082	0.01838	0.02312	0.01804	0.02596	0.01683	0.01490	0.04830	0.02833	0.48743	0.03746	0.03302	0.02385	0.01257	0.00999	0.00327	0.00887	0.00986	0.01205	0.01696
34	0.02231	0.09658	0.47403	0.02827	0.04234	0.02609	0.03502	0.03578	0.07828	0.03397	0.02123	0.02375	0.01544	0.01043	0.00987	0.00329	0.01451	0.00809	0.00515	0.01558
35	0.01288	0.00920	0.01227	0.01472	0.01534	0.00859	0.00981	0.01472	0.02024	0.02699	0.05828	0.62152	0.06993	0.03312	0.01350	0.00429	0.00613	0.03006	0.00981	0.00859
36	0.01510	0.01133	0.01699	0.01699	0.01888	0.01322	0.01322	0.01888	0.01699	0.02454	0.02832	0.04154	0.02643	0.07930	0.58652	0.01699	0.02832	0.01133	0.00566	0.00944
37	0.70310	0.02045	0.01554	0.01390	0.02045	0.02372	0.01145	0.03108	0.01799	0.04744	0.01472	0.01718	0.01145	0.00981	0.00654	0.00327	0.00818	0.00573	0.00654	0.01145
38	0.01434	0.01024	0.01394	0.01639	0.01764	0.00984	0.01235	0.01724	0.02168	0.02862	0.05747	0.44527	0.06674	0.03175	0.01388	0.00450	0.00740	0.19191	0.00979	0.00899
39	0.02683	0.25653	0.25583	0.02494	0.03549	0.07628	0.02722	0.07177	0.02425	0.03173	0.01730	0.02047	0.01388	0.01070	0.01104	0.00301	0.06598	0.00722	0.00506	0.01446
40	0.01410	0.01077	0.01294	0.01240	0.01527	0.00961	0.00930	0.01828	0.02789	0.03756	0.39951	0.08695	0.26016	0.02342	0.01248	0.00341	0.00512	0.02024	0.01100	0.00961
41	0.01337	0.00984	0.01323	0.01488	0.01607	0.00970	0.01044	0.01574	0.01984	0.02657	0.05586	0.43653	0.10578	0.04335	0.14774	0.00720	0.01126	0.02494	0.00884	0.00882
42	0.02522	0.38464	0.27887	0.02328	0.03517	0.03438	0.02714	0.03245	0.02185	0.02859	0.01654	0.01927	0.01349	0.00948	0.00819	0.00273	0.01317	0.00658	0.00450	0.01446
43	0.02618	0.09142	0.37928	0.07339	0.04330	0.02587	0.03237	0.08761	0.02586	0.08643	0.02146	0.02399	0.01516	0.01058	0.00994	0.00325	0.01411	0.00822	0.00596	0.01563
44	0.41574	0.16946	0.02884	0.02078	0.08086	0.02762	0.01564	0.03297	0.02045	0.08141	0.01738	0.01956	0.01368	0.00984	0.00734	0.00301	0.00947	0.00649	0.00642	0.01304
45	0.01250	0.01071	0.01071	0.01071	0.01428	0.00893	0.00803	0.01517	0.02410	0.02856	0.10711	0.10175	0.55817	0.02678	0.01250	0.00357	0.00536	0.02231	0.00982	0.00893
46	0.02496	0.02852	0.06239	0.04456	0.05526	0.02674	0.52406	0.03387	0.02496	0.03387	0.02139	0.02852	0.01604	0.00891	0.01248	0.00357	0.01783	0.01248	0.00535	0.01426
47	0.02827	0.63478	0.05540	0.01809	0.02714	0.04184	0.01809	0.03166	0.02148	0.02488	0.01470	0.01696	0.01357	0.00905	0.00678	0.00226	0.01131	0.00565	0.00452	0.01357
48	0.02410	0.27348	0.03606	0.01858	0.02473	0.02524	0.05468	0.02831	0.02461	0.07433	0.17186	0.04816	0.04403	0.05650	0.01293	0.00349	0.00969	0.04924	0.00778	0.01220
49	0.02624	0.02648	0.08466	0.09627	0.37766	0.02456	0.02948	0.08469	0.02629	0.03768	0.02146	0.02695	0.01719	0.01015	0.01021	0.00314	0.01225	0.00932	0.05949	0.01584
50	0.03258	0.32729	0.09439	0.02183	0.03125	0.03643	0.02091	0.23882	0.03335	0.04313	0.01957	0.02099	0.01540	0.01066	0.00868	0.00274	0.01185	0.00747	0.00705	0.01561
51	0.03950	0.05039	0.02996	0.02724	0.03269	0.58597	0.02043	0.04222	0.02996	0.02588	0.01634	0.01907	0.01362	0.01090	0.00953	0.00272	0.01907	0.00681	0.00545	0.01226
52	0.01496	0.01081	0.01413	0.01330	0.01580	0.00998	0.00998	0.01995	0.02993	0.04240	0.55689	0.07898	0.09976	0.02162	0.01247	0.00333	0.00499	0.01912	0.01164	0.00998
53	0.02630	0.02271	0.02391	0.02152	0.02749	0.02630	0.01674	0.05618	0.54336	0.04423	0.04303	0.03945	0.03228	0.01434	0.01076	0.00359	0.00837	0.01195	0.01076	0.01674
54	0.01997	0.01879	0.03171	0.60301	0.07282	0.02349	0.02936	0.02701	0.02114	0.02701	0.01879	0.02819	0.01409	0.01057	0.01057	0.00352	0.01409	0.00940	0.00470	0.01175
55	0.01538	0.01025	0.01153	0.01153	0.01153	0.01025	0.00641	0.01538	0.01538	0.02050	0.03331	0.06919	0.03844	0.62842	0.05382	0.01025	0.01025	0.01538	0.00641	0.00641
56	0.01308	0.01010	0.01195	0.01283	0.01498	0.00897	0.00911	0.01581	0.02350	0.03030	0.16457	0.31492	0.27488	0.02854	0.01291	0.00383	0.00562	0.02500	0.01013	0.00897
57	0.02929	0.01478	0.02043	0.01911	0.05761	0.01333	0.01383	0.03399	0.02967	0.26216	0.30522	0.05743	0.06338	0.01722	0.01157	0.00329	0.00718	0.01492	0.01181	0.01379
58	0.01288	0.00920	0.01227	0.01472	0.01534	0.00859	0.00981	0.01472	0.02024	0.02699	0.05828	0.62152	0.06993	0.03312	0.01350	0.00429	0.00613	0.03006	0.00981	0.00859
59	0.04215	0.02647	0.02978	0.02283	0.03122	0.02812	0.01886	0.39840	0.04444	0.20288	0.02981	0.02826	0.02020	0.01280	0.01059	0.00320	0.01092	0.00982	0.01126	0.01798
60	0.01997	0.01879	0.03171	0.60301	0.07282	0.02349	0.02936	0.02701	0.02114	0.02701	0.01879	0.02819	0.01409	0.01057	0.01057	0.00352	0.01409	0.00940	0.00470	0.01175
61	0.02587	0.43781	0.23137	0.02218	0.03346	0.03597	0.02521	0.03228	0.02177	0.02780	0.01615	0.01878	0.01351	0.00939	0.00789	0.00263	0.01277	0.00639	0.00450	0.01427
62	0.02192	0.01879	0.02192	0.01566	0.02506	0.01409	0.01253	0.02662	0.02192	0.03445	0.01879	0.02192	0.01566	0.00783	0.00783	0.00157	0.00783	0.00626	0.00626	0.69305
63	0.01394	0.01107	0.01613	0.01638	0.01836	0.01017	0.05013	0.01670	0.02191	0.02893	0.10031	0.45728	0.13967	0.02941	0.01319	0.00406	0.00686	0.02670	0.00960	0.00919
64	0.01676	0.01340	0.01606	0.01376	0.01866	0.01110	0.01050	0.02100	0.02544	0.03610	0.25665	0.10454	0.14871	0.01867	0.01097	0.00284	0.00611	0.01611	0.00935	0.24327
65	0.03503	0.02034	0.02447	0.01875	0.02712	0.01856	0.01522	0.10433	0.09250	0.25437	0.03179	0.03015	0.02220	0.01136	0.00966	0.00270	0.00885	0.00913	0.01010	0.25339
66	0.02719	0.01899	0.02570	0.11975	0.09037	0.02015	0.01976	0.12177	0.06946	0.11677	0.03774	0.14637	0.03490	0.01817	0.01169	0.00372	0.01025	0.08420	0.00917	0.01388
67	0.02291	0.13034	0.33612	0.02824	0.04120	0.02578	0.10346	0.03220	0.02253	0.03243	0.01868	0.02239	0.01416	0.00939	0.00958	0.00294	0.01410	0.00794	0.00488	0.12071

[dist]
# distance from previous block
# <min> <max>
0	4

[block]
# block no. 3 follows, 13 sequences, length 6
# corresponding to MSA columns:
# 471-476
name=unknown_D
#
# <colnr> <probs for GDERKNQSTAVLIFYWHMCP>
#	G	D	E	R	K	N	Q	S	T	A	V	L	I	F	Y	W	H	M	C	P
0	0.17245	0.14560	0.07000	0.01969	0.02770	0.02840	0.01757	0.09872	0.18435	0.04217	0.02536	0.02576	0.01956	0.01125	0.00874	0.00301	0.00979	0.00828	0.00775	0.07384
1	0.01744	0.01516	0.02338	0.33513	0.04679	0.01725	0.02037	0.02332	0.02453	0.03258	0.21702	0.05357	0.09982	0.01611	0.01144	0.00346	0.01000	0.01414	0.00766	0.01084
2	0.02857	0.02413	0.02431	0.01922	0.02726	0.08512	0.01521	0.07814	0.13430	0.08369	0.02604	0.02672	0.01996	0.01039	0.00910	0.00240	0.00967	0.00815	0.00804	0.35959
3	0.01517	0.01107	0.01569	0.01569	0.01713	0.01251	0.01160	0.01805	0.01661	0.02358	0.02951	0.04811	0.02929	0.20991	0.45981	0.01539	0.02402	0.01229	0.00584	0.00872
4	0.02617	0.02512	0.04292	0.06490	0.56246	0.02512	0.03245	0.03245	0.02407	0.03454	0.01989	0.02617	0.01675	0.00942	0.01047	0.00314	0.01256	0.00942	0.00523	0.01675
5	0.02630	0.02271	0.02391	0.02152	0.02749	0.02630	0.01674	0.05618	0.54336	0.04423	0.04303	0.03945	0.03228	0.01434	0.01076	0.00359	0.00837	0.01195	0.01076	0.01674

[dist]
# distance from previous block
# <min> <max>
0	3

[block]
# block no. 4 follows, 13 sequences, length 42
# corresponding to MSA columns:
# 480-521
name=unknown_E
#
# <colnr> <probs for GDERKNQSTAVLIFYWHMCP>
#	G	D	E	R	K	N	Q	S	T	A	V	L	I	F	Y	W	H	M	C	P
0	0.03801	0.02797	0.03035	0.02387	0.03176	0.03084	0.01981	0.47955	0.04732	0.06333	0.02827	0.03424	0.02202	0.01425	0.01096	0.00333	0.01146	0.05496	0.01050	0.01720
1	0.01271	0.01072	0.01100	0.01093	0.01441	0.00902	0.00820	0.01558	0.02460	0.02974	0.14536	0.09982	0.51919	0.02634	0.01249	0.00355	0.00532	0.02204	0.00997	0.00902
2	0.02284	0.01255	0.01666	0.01464	0.01851	0.01133	0.01133	0.02761	0.03001	0.17036	0.43189	0.06855	0.08191	0.01955	0.01202	0.00331	0.00596	0.01706	0.01199	0.01192
3	0.01565	0.01031	0.01182	0.01169	0.01229	0.01017	0.00707	0.01686	0.01829	0.02558	0.11898	0.06843	0.04756	0.48041	0.04338	0.00850	0.00897	0.01555	0.06121	0.00726
4	0.03990	0.02784	0.03036	0.02352	0.03176	0.03044	0.01935	0.43988	0.08575	0.11880	0.02850	0.02761	0.01996	0.01286	0.01060	0.00322	0.01110	0.00983	0.01086	0.01789
5	0.01624	0.01398	0.01470	0.01632	0.01775	0.07083	0.01154	0.01868	0.02243	0.02855	0.09600	0.47108	0.06572	0.02945	0.01307	0.00409	0.00771	0.06316	0.00950	0.00919
6	0.08821	0.02377	0.04128	0.09095	0.25911	0.02472	0.15049	0.03080	0.02290	0.03404	0.02229	0.03375	0.01939	0.01181	0.01283	0.00355	0.05941	0.05080	0.00568	0.01424
7	0.02445	0.10549	0.34009	0.02761	0.07247	0.02384	0.02972	0.03336	0.02289	0.07423	0.02030	0.02298	0.01503	0.00973	0.00936	0.00289	0.01303	0.00762	0.00552	0.13941
8	0.53766	0.02876	0.15095	0.01784	0.02659	0.02392	0.01815	0.03166	0.01904	0.04405	0.01575	0.01842	0.01192	0.00987	0.00739	0.00329	0.00999	0.00623	0.00604	0.01246
9	0.02482	0.02051	0.02348	0.01703	0.02628	0.01706	0.01373	0.10594	0.02633	0.03955	0.01984	0.02247	0.01603	0.00860	0.00827	0.00182	0.00843	0.00678	0.00695	0.58609
10	0.70310	0.02045	0.01554	0.01390	0.02045	0.02372	0.01145	0.03108	0.01799	0.04744	0.01472	0.01718	0.01145	0.00981	0.00654	0.00327	0.00818	0.00573	0.00654	0.01145
11	0.03212	0.02383	0.04099	0.03095	0.03943	0.02306	0.23410	0.12835	0.03077	0.16972	0.03202	0.04275	0.02528	0.01354	0.01198	0.00361	0.01337	0.08010	0.00883	0.01521
12	0.01288	0.00920	0.01227	0.01472	0.01534	0.00859	0.00981	0.01472	0.02024	0.02699	0.05828	0.62152	0.06993	0.03312	0.01350	0.00429	0.00613	0.03006	0.00981	0.00859
13	0.01538	0.01025	0.01153	0.01153	0.01153	0.01025	0.00641	0.01538	0.01538	0.02050	0.03331	0.06919	0.03844	0.62842	0.05382	0.01025	0.01025	0.01538	0.00641	0.00641
14	0.02617	0.02512	0.04292	0.06490	0.56246	0.02512	0.03245	0.03245	0.02407	0.03454	0.01989	0.02617	0.01675	0.00942	0.01047	0.00314	0.01256	0.00942	0.00523	0.01675
15	0.04744	0.01799	0.02454	0.01881	0.02699	0.01554	0.01554	0.05153	0.03026	0.56979	0.04171	0.03599	0.02617	0.01309	0.01063	0.00327	0.00900	0.01063	0.01309	0.01799
16	0.01288	0.00920	0.01227	0.01472	0.01534	0.00859	0.00981	0.01472	0.02024	0.02699	0.05828	0.62152	0.06993	0.03312	0.01350	0.00429	0.00613	0.03006	0.00981	0.00859
17	0.04341	0.02445	0.02854	0.02188	0.03021	0.02513	0.01807	0.31598	0.04108	0.29006	0.03264	0.03009	0.02162	0.01287	0.01060	0.00322	0.01046	0.01001	0.01169	0.01799
18	0.01700	0.01040	0.01230	0.01182	0.01430	0.00992	0.00887	0.02196	0.02660	0.04112	0.33278	0.06201	0.06859	0.01763	0.01029	0.00296	0.00496	0.01515	0.30142	0.00992
19	0.01538	0.01025	0.01153	0.01153	0.01153	0.01025	0.00641	0.01538	0.01538	0.02050	0.03331	0.06919	0.03844	0.62842	0.05382	0.01025	0.01025	0.01538	0.00641	0.00641
20	0.04625	0.01989	0.02571	0.01971	0.02794	0.01836	0.01628	0.12927	0.03344	0.48755	0.03904	0.03425	0.02483	0.01302	0.01062	0.00326	0.00943	0.01045	0.01268	0.01799
21	0.01288	0.00920	0.01227	0.01472	0.01534	0.00859	0.00981	0.01472	0.02024	0.02699	0.05828	0.62152	0.06993	0.03312	0.01350	0.00429	0.00613	0.03006	0.00981	0.00859
22	0.01997	0.01879	0.03171	0.60301	0.07282	0.02349	0.02936	0.02701	0.02114	0.02701	0.01879	0.02819	0.01409	0.01057	0.01057	0.00352	0.01409	0.00940	0.00470	0.01175
23	0.02926	0.58302	0.05315	0.01890	0.02763	0.09003	0.01830	0.03260	0.02223	0.02496	0.01484	0.01715	0.01357	0.00921	0.00703	0.00230	0.01199	0.00576	0.00460	0.01345
24	0.01257	0.01044	0.01099	0.01143	0.01447	0.00887	0.00835	0.01509	0.02341	0.02828	0.09835	0.19497	0.47061	0.02792	0.01268	0.00370	0.00550	0.02370	0.00982	0.00887
25	0.03308	0.38408	0.04449	0.02202	0.02952	0.27527	0.01909	0.03619	0.02512	0.02531	0.01540	0.01786	0.01359	0.00984	0.00796	0.00246	0.01464	0.00615	0.00492	0.01301
26	0.01446	0.01033	0.01408	0.01653	0.01783	0.00995	0.01256	0.01745	0.02180	0.02876	0.05740	0.43054	0.06648	0.03164	0.01392	0.00451	0.00750	0.20544	0.00978	0.00902
27	0.02889	0.02058	0.02292	0.02038	0.02626	0.02266	0.01586	0.05142	0.40030	0.13861	0.04423	0.09371	0.03471	0.01589	0.01099	0.00360	0.00827	0.01342	0.01109	0.01620
28	0.02617	0.02512	0.04292	0.06490	0.56246	0.02512	0.03245	0.03245	0.02407	0.03454	0.01989	0.02617	0.01675	0.00942	0.01047	0.00314	0.01256	0.00942	0.00523	0.01675
29	0.01334	0.01074	0.01188	0.01159	0.01480	0.00928	0.00870	0.01680	0.02609	0.03328	0.26053	0.09399	0.40180	0.02502	0.01249	0.00349	0.00523	0.02123	0.01044	0.00928
30	0.02121	0.05469	0.57364	0.03014	0.04576	0.02455	0.03906	0.03348	0.02232	0.03348	0.01897	0.02232	0.01339	0.01005	0.01005	0.00335	0.01563	0.00781	0.00446	0.01563
31	0.04019	0.02962	0.03173	0.02433	0.03279	0.03279	0.02010	0.52721	0.04971	0.06663	0.02538	0.02538	0.01798	0.01269	0.01058	0.00317	0.01163	0.00952	0.01058	0.01798
32	0.01997	0.01879	0.03171	0.60301	0.07282	0.02349	0.02936	0.02701	0.02114	0.02701	0.01879	0.02819	0.01409	0.01057	0.01057	0.00352	0.01409	0.00940	0.00470	0.01175
33	0.02192	0.01879	0.02192	0.01566	0.02506	0.01409	0.01253	0.02662	0.02192	0.03445	0.01879	0.02192	0.01566	0.00783	0.00783	0.00157	0.00783	0.00626	0.00626	0.69305
34	0.01583	0.01131	0.01565	0.01809	0.02000	0.01113	0.01494	0.01982	0.02315	0.03029	0.05665	0.26491	0.06348	0.03034	0.01428	0.00470	0.00869	0.35754	0.00976	0.00940
35	0.02063	0.01947	0.03291	0.54537	0.12527	0.02367	0.02969	0.02760	0.02146	0.02782	0.01891	0.02797	0.01438	0.01045	0.01056	0.00348	0.01393	0.00940	0.00476	0.01228
36	0.02854	0.02396	0.06620	0.02128	0.02765	0.02391	0.01779	0.13188	0.29677	0.07805	0.03401	0.03422	0.02565	0.01718	0.01551	0.11261	0.00968	0.01067	0.00942	0.01503
37	0.04035	0.04692	0.02938	0.02634	0.03208	0.52487	0.01991	0.04322	0.02999	0.08414	0.01906	0.02088	0.01496	0.01113	0.00965	0.00278	0.01799	0.00722	0.00627	0.01287
38	0.02192	0.01879	0.02192	0.01566	0.02506	0.01409	0.01253	0.02662	0.02192	0.03445	0.01879	0.02192	0.01566	0.00783	0.00783	0.00157	0.00783	0.00626	0.00626	0.69305
39	0.01403	0.01051	0.01309	0.01360	0.01588	0.00957	0.01012	0.01764	0.02553	0.03409	0.27308	0.22430	0.20247	0.02650	0.01293	0.00377	0.00581	0.06718	0.01055	0.00935
40	0.02458	0.05651	0.02536	0.01964	0.02512	0.01960	0.05710	0.07359	0.15413	0.09750	0.19288	0.08949	0.08483	0.01746	0.01142	0.00340	0.00835	0.01523	0.01027	0.01354
41	0.11974	0.02389	0.08696	0.02408	0.03096	0.02131	0.11772	0.10985	0.06117	0.04102	0.08118	0.16662	0.03669	0.01686	0.01118	0.00358	0.01071	0.01514	0.00825	0.01308

[dist]
# distance from previous block
# <min> <max>
2	11

[block]
# block no. 5 follows, 13 sequences, length 49
# corresponding to MSA columns:
# 533-581
name=unknown_F
#
# <colnr> <probs for GDERKNQSTAVLIFYWHMCP>
#	G	D	E	R	K	N	Q	S	T	A	V	L	I	F	Y	W	H	M	C	P
0	0.07356	0.02281	0.02758	0.10193	0.03397	0.06517	0.06294	0.16677	0.03203	0.07674	0.14335	0.04052	0.03666	0.05346	0.01361	0.00373	0.01113	0.01191	0.00875	0.01337
1	0.26921	0.07904	0.02960	0.02382	0.06902	0.02747	0.05025	0.14722	0.09212	0.08241	0.02326	0.02445	0.01738	0.01108	0.00896	0.00321	0.01029	0.00840	0.00805	0.01479
2	0.15163	0.02227	0.02756	0.12765	0.03696	0.02483	0.05277	0.14892	0.12476	0.07767	0.02914	0.03670	0.02314	0.01341	0.01039	0.00352	0.01092	0.05480	0.00854	0.01441
