[name]
unknown

[dist]
# distance from previous block
# <min> <max>
0	5729

[block]
# block no. 0 follows, 13 sequences, length 12
# corresponding to MSA columns:
# 5817-5828
name=unknown_A
#
# <colnr> <probs for GDERKNQSTAVLIFYWHMCP>
#	G	D	E	R	K	N	Q	S	T	A	V	L	I	F	Y	W	H	M	C	P
0	0.08855	0.08254	0.02830	0.13850	0.07540	0.02154	0.01892	0.03479	0.07063	0.14350	0.02695	0.03285	0.02107	0.01362	0.01190	0.05125	0.01033	0.03384	0.00760	0.08791
1	0.09878	0.02484	0.02687	0.02478	0.08645	0.10132	0.01779	0.08622	0.02919	0.27503	0.02897	0.02811	0.01999	0.01140	0.00974	0.00296	0.01087	0.00888	0.00948	0.09834
2	0.02722	0.02448	0.06443	0.14691	0.23168	0.02402	0.07107	0.03851	0.12508	0.09888	0.02687	0.03030	0.02016	0.01101	0.01072	0.00336	0.01224	0.01024	0.00712	0.01569
3	0.02258	0.01760	0.02763	0.34696	0.08767	0.01947	0.02316	0.02869	0.02411	0.09076	0.12587	0.03834	0.03235	0.01273	0.01075	0.00330	0.01124	0.01121	0.00711	0.05847
4	0.02359	0.02461	0.08769	0.24748	0.15852	0.02391	0.02675	0.07673	0.09419	0.03650	0.07217	0.03305	0.02518	0.01197	0.01069	0.00338	0.01212	0.01048	0.00675	0.01426
5	0.01986	0.01443	0.01924	0.01761	0.01997	0.01584	0.01364	0.02279	0.01971	0.06768	0.07072	0.05412	0.03549	0.17935	0.15557	0.00832	0.12116	0.06483	0.00718	0.07249
6	0.01718	0.01278	0.01704	0.01726	0.01875	0.01410	0.01293	0.02178	0.07697	0.02851	0.07860	0.23635	0.04714	0.03457	0.09002	0.12522	0.07243	0.06086	0.00810	0.00941
7	0.03001	0.09701	0.13533	0.03393	0.13723	0.07878	0.07131	0.16520	0.03078	0.04106	0.02039	0.02356	0.01572	0.01033	0.00994	0.00298	0.01344	0.00857	0.00656	0.06788
8	0.03133	0.02952	0.08823	0.03611	0.14491	0.02783	0.12108	0.25336	0.03542	0.04897	0.02349	0.02677	0.01752	0.01103	0.01067	0.00321	0.01296	0.00994	0.05141	0.01627
9	0.01650	0.01030	0.01294	0.01250	0.01433	0.00985	0.00896	0.01945	0.02430	0.03573	0.31211	0.06258	0.06588	0.08511	0.02029	0.11269	0.00618	0.01529	0.14625	0.00873
10	0.02648	0.03550	0.17912	0.03939	0.21630	0.09333	0.02858	0.04025	0.16294	0.03579	0.02539	0.02782	0.01961	0.01108	0.01032	0.00326	0.01306	0.00935	0.00653	0.01590
11	0.01582	0.01258	0.01550	0.01531	0.01762	0.01292	0.01136	0.02205	0.08158	0.03451	0.23876	0.23287	0.15234	0.02479	0.01429	0.00378	0.05218	0.02130	0.01017	0.01026

[dist]
# distance from previous block
# <min> <max>
1	2

[block]
# block no. 1 follows, 13 sequences, length 18
# corresponding to MSA columns:
# 5831-5848
name=unknown_B
#
# <colnr> <probs for GDERKNQSTAVLIFYWHMCP>
#	G	D	E	R	K	N	Q	S	T	A	V	L	I	F	Y	W	H	M	C	P
0	0.54028	0.06865	0.02202	0.01967	0.06815	0.07208	0.01448	0.03217	0.01977	0.04288	0.01530	0.01808	0.01224	0.00981	0.00714	0.00314	0.00969	0.00613	0.00619	0.01213
1	0.02102	0.11729	0.41702	0.02616	0.03872	0.02446	0.03191	0.03089	0.02240	0.03243	0.06413	0.02804	0.02173	0.01679	0.05898	0.00438	0.01530	0.00880	0.00517	0.01438
2	0.02145	0.02043	0.05653	0.02388	0.08756	0.01972	0.01727	0.03773	0.25190	0.04076	0.20494	0.05352	0.08657	0.01663	0.01134	0.00344	0.00805	0.01436	0.00992	0.01400
3	0.01474	0.01071	0.01327	0.01327	0.01459	0.01103	0.00907	0.01655	0.01757	0.02341	0.04538	0.06571	0.13144	0.32603	0.23034	0.01133	0.01559	0.01527	0.00679	0.00793
4	0.02876	0.03051	0.08956	0.15778	0.11346	0.12725	0.07483	0.03456	0.02399	0.09456	0.02080	0.02588	0.01591	0.01176	0.01412	0.00345	0.10380	0.00920	0.00595	0.01386
5	0.02316	0.01488	0.01975	0.08626	0.02662	0.01440	0.01415	0.03028	0.07096	0.13646	0.30080	0.05596	0.06189	0.01673	0.01130	0.00318	0.00739	0.01451	0.01045	0.08087
6	0.70310	0.02045	0.01554	0.01390	0.02045	0.02372	0.01145	0.03108	0.01799	0.04744	0.01472	0.01718	0.01145	0.00981	0.00654	0.00327	0.00818	0.00573	0.00654	0.01145
7	0.02621	0.44670	0.16621	0.02169	0.03126	0.03711	0.02318	0.03143	0.02113	0.02681	0.01555	0.01875	0.01356	0.01021	0.01030	0.00274	0.07232	0.00649	0.00452	0.01382
8	0.02859	0.27990	0.03560	0.01844	0.02510	0.06774	0.01635	0.13126	0.02826	0.03715	0.02522	0.03373	0.02201	0.01262	0.00866	0.00278	0.01044	0.05619	0.14673	0.01323
9	0.02389	0.01284	0.01733	0.01526	0.01924	0.01189	0.01189	0.02848	0.02846	0.18489	0.35185	0.06267	0.07074	0.02623	0.08120	0.00496	0.00890	0.01585	0.01132	0.01211
10	0.01510	0.01133	0.01699	0.01699	0.01888	0.01322	0.01322	0.01888	0.01699	0.02454	0.02832	0.04154	0.02643	0.07930	0.58652	0.01699	0.02832	0.01133	0.00566	0.00944
11	0.01472	0.01080	0.01380	0.01305	0.01565	0.00987	0.00979	0.01949	0.02936	0.04105	0.51296	0.08120	0.14454	0.02212	0.01247	0.00335	0.00502	0.01943	0.01146	0.00987
12	0.01827	0.01141	0.01385	0.01307	0.01638	0.01018	0.00985	0.02213	0.02666	0.10004	0.26969	0.13231	0.22158	0.02262	0.01198	0.00343	0.00569	0.01948	0.06090	0.01048
13	0.06591	0.02988	0.14591	0.02200	0.02882	0.08901	0.02022	0.06399	0.15920	0.03638	0.03572	0.18958	0.03388	0.01770	0.01092	0.00358	0.01088	0.01480	0.00816	0.01347
14	0.02835	0.30854	0.13387	0.02102	0.03064	0.03195	0.02106	0.07084	0.10776	0.06918	0.02280	0.02370	0.01783	0.01050	0.00858	0.00274	0.01120	0.00768	0.00662	0.06514
15	0.02871	0.19852	0.14983	0.03378	0.16141	0.09797	0.02619	0.08358	0.06185	0.03448	0.02000	0.02289	0.01602	0.01028	0.00931	0.00293	0.01325	0.00795	0.00581	0.01524
16	0.02943	0.16289	0.06874	0.02041	0.02767	0.02804	0.01784	0.13039	0.19124	0.08516	0.03044	0.03389	0.02434	0.08650	0.01496	0.00397	0.01041	0.01010	0.00855	0.01503
17	0.02529	0.09436	0.06755	0.05976	0.06645	0.02054	0.06707	0.06228	0.02610	0.11250	0.12692	0.09977	0.03987	0.06757	0.01460	0.00389	0.01041	0.01371	0.00832	0.01305

[dist]
# distance from previous block
# <min> <max>
4	12

[block]
# block no. 2 follows, 13 sequences, length 14
# corresponding to MSA columns:
# 5861-5874
name=unknown_C
#
# <colnr> <probs for GDERKNQSTAVLIFYWHMCP>
#	G	D	E	R	K	N	Q	S	T	A	V	L	I	F	Y	W	H	M	C	P
0	0.08200	0.38476	0.13333	0.01975	0.02874	0.03337	0.02026	0.03239	0.06190	0.02990	0.02133	0.07103	0.01961	0.01174	0.00819	0.00281	0.01111	0.00859	0.00562	0.01356
1	0.07438	0.03964	0.33679	0.02711	0.03891	0.02267	0.07933	0.03533	0.06429	0.08186	0.07486	0.03055	0.02445	0.01163	0.01037	0.00337	0.01313	0.00979	0.00663	0.01492
2	0.02513	0.42478	0.09689	0.01913	0.02728	0.03372	0.01881	0.03184	0.07398	0.02798	0.02433	0.10797	0.02366	0.01319	0.00848	0.00280	0.01068	0.01006	0.00592	0.01336
3	0.02360	0.09777	0.30564	0.02410	0.03412	0.02351	0.02730	0.03170	0.02184	0.07667	0.02268	0.02676	0.01734	0.01709	0.05999	0.00439	0.07188	0.00852	0.09114	0.01398
4	0.02303	0.04959	0.02019	0.01532	0.02123	0.01375	0.01203	0.02687	0.02448	0.12569	0.12193	0.15123	0.09302	0.01745	0.01047	0.00287	0.00723	0.01492	0.00918	0.23951
5	0.01971	0.00985	0.00985	0.00985	0.01232	0.00985	0.00739	0.02464	0.02217	0.03942	0.03449	0.03942	0.02710	0.01232	0.00739	0.00246	0.00493	0.00985	0.68712	0.00985
6	0.06388	0.02427	0.15907	0.01957	0.02636	0.01674	0.01961	0.03110	0.06372	0.08830	0.03714	0.09203	0.03347	0.01704	0.01064	0.00357	0.00969	0.11791	0.15326	0.01265
7	0.02248	0.01310	0.01684	0.01565	0.01922	0.01241	0.01179	0.02892	0.07802	0.15115	0.26978	0.20379	0.06985	0.02201	0.01217	0.00359	0.00647	0.01939	0.01140	0.01200
8	0.01971	0.00985	0.00985	0.00985	0.01232	0.00985	0.00739	0.02464	0.02217	0.03942	0.03449	0.03942	0.02710	0.01232	0.00739	0.00246	0.00493	0.00985	0.68712	0.00985
9	0.41970	0.02684	0.02314	0.07116	0.08034	0.12881	0.01714	0.06092	0.02286	0.04156	0.01647	0.01978	0.01296	0.01020	0.00804	0.00317	0.01132	0.00681	0.00629	0.01251
10	0.08044	0.12601	0.19575	0.14401	0.19194	0.02711	0.02984	0.03150	0.02211	0.03241	0.01819	0.02325	0.01434	0.00979	0.00947	0.00315	0.01319	0.00806	0.00491	0.01455
11	0.03058	0.02407	0.02291	0.01954	0.02551	0.10880	0.01530	0.10273	0.16709	0.11264	0.08377	0.03642	0.03126	0.01332	0.00999	0.00301	0.00970	0.01061	0.10147	0.07130
12	0.13109	0.13790	0.11648	0.02236	0.03013	0.02705	0.05723	0.03481	0.12104	0.03619	0.06674	0.02906	0.02431	0.01226	0.01178	0.00323	0.07093	0.00923	0.00679	0.05138
13	0.02563	0.18202	0.03547	0.12946	0.11724	0.11416	0.02116	0.03227	0.06748	0.03038	0.07466	0.07360	0.02828	0.01312	0.00984	0.00306	0.01196	0.01073	0.00641	0.01308

[dist]
# distance from previous block
# <min> <max>
0	9

[block]
# block no. 3 follows, 13 sequences, length 24
# corresponding to MSA columns:
# 5884-5907
name=unknown_D
#
# <colnr> <probs for GDERKNQSTAVLIFYWHMCP>
#	G	D	E	R	K	N	Q	S	T	A	V	L	I	F	Y	W	H	M	C	P
0	0.07030	0.18240	0.11267	0.07060	0.03141	0.02578	0.01987	0.07563	0.05814	0.06997	0.10697	0.07377	0.03305	0.01391	0.00976	0.00313	0.01035	0.01114	0.00760	0.01354
1	0.06951	0.10284	0.03310	0.20237	0.08905	0.02452	0.06488	0.03175	0.10042	0.03316	0.06621	0.03796	0.07558	0.01294	0.01028	0.00331	0.01119	0.01119	0.00677	0.01299
2	0.06706	0.12177	0.10692	0.08707	0.02969	0.02026	0.01791	0.02546	0.02337	0.03350	0.17039	0.04560	0.07322	0.05978	0.01319	0.00355	0.00959	0.01191	0.00723	0.07253
3	0.01663	0.01188	0.01657	0.01901	0.02127	0.01182	0.01634	0.02121	0.02394	0.03119	0.05620	0.16813	0.06173	0.02959	0.01450	0.00481	0.00939	0.44642	0.00974	0.00962
4	0.01332	0.00954	0.01266	0.01443	0.01543	0.00888	0.00985	0.01582	0.02227	0.03021	0.16252	0.50809	0.07617	0.03072	0.01328	0.00409	0.00589	0.02777	0.01020	0.00888
5	0.02121	0.05469	0.57364	0.03014	0.04576	0.02455	0.03906	0.03348	0.02232	0.03348	0.01897	0.02232	0.01339	0.01005	0.01005	0.00335	0.01563	0.00781	0.00446	0.01563
6	0.01971	0.00985	0.00985	0.00985	0.01232	0.00985	0.00739	0.02464	0.02217	0.03942	0.03449	0.03942	0.02710	0.01232	0.00739	0.00246	0.00493	0.00985	0.68712	0.00985
7	0.12109	0.49709	0.04787	0.01808	0.02673	0.03856	0.01737	0.07594	0.02354	0.03168	0.01566	0.01774	0.01368	0.00948	0.00709	0.00248	0.01091	0.00601	0.00534	0.01368
8	0.07214	0.01828	0.02864	0.32581	0.05097	0.02122	0.05767	0.02961	0.05425	0.06311	0.02524	0.03601	0.02055	0.02217	0.09667	0.00559	0.01511	0.03862	0.00622	0.01213
9	0.01971	0.00985	0.00985	0.00985	0.01232	0.00985	0.00739	0.02464	0.02217	0.03942	0.03449	0.03942	0.02710	0.01232	0.00739	0.00246	0.00493	0.00985	0.68712	0.00985
10	0.01319	0.00944	0.01255	0.01451	0.01540	0.00880	0.00984	0.01550	0.02169	0.02929	0.13273	0.54050	0.07438	0.03141	0.01334	0.00415	0.00596	0.02842	0.01009	0.00880
11	0.08690	0.01974	0.02872	0.39118	0.05601	0.02307	0.02434	0.06436	0.05520	0.11402	0.02374	0.02887	0.01700	0.01124	0.01023	0.00344	0.01230	0.00941	0.00686	0.01335
12	0.60411	0.02182	0.01796	0.01546	0.02229	0.02507	0.01274	0.10516	0.02273	0.05030	0.01631	0.01840	0.01243	0.01024	0.00715	0.00326	0.00869	0.00629	0.00715	0.01243
13	0.01722	0.00986	0.01272	0.01272	0.01328	0.01004	0.00835	0.01646	0.01590	0.02287	0.02692	0.04693	0.02739	0.24135	0.09357	0.28753	0.01077	0.01163	0.10799	0.00648
14	0.02313	0.02313	0.03238	0.02776	0.02776	0.03238	0.02313	0.02545	0.01619	0.02545	0.01388	0.02313	0.01388	0.01851	0.03470	0.00463	0.60907	0.00925	0.00463	0.01157
15	0.06541	0.01091	0.01363	0.01548	0.01692	0.01082	0.01136	0.01783	0.02053	0.02891	0.05148	0.38342	0.05953	0.10158	0.01808	0.00508	0.00769	0.14336	0.00914	0.00883
16	0.11681	0.07719	0.02704	0.30204	0.04574	0.02203	0.02045	0.02972	0.02174	0.07941	0.02281	0.02839	0.01720	0.01087	0.00905	0.00314	0.01083	0.00872	0.13474	0.01207
17	0.01971	0.00985	0.00985	0.00985	0.01232	0.00985	0.00739	0.02464	0.02217	0.03942	0.03449	0.03942	0.02710	0.01232	0.00739	0.00246	0.00493	0.00985	0.68712	0.00985
18	0.01348	0.00926	0.01206	0.01430	0.01507	0.00870	0.00960	0.01559	0.02041	0.02808	0.05620	0.57062	0.06619	0.03131	0.01296	0.00413	0.00603	0.02829	0.06904	0.00870
19	0.02758	0.06971	0.09000	0.14765	0.23373	0.06906	0.02825	0.10621	0.02700	0.03602	0.01945	0.02473	0.01549	0.01083	0.01163	0.00324	0.04979	0.00882	0.00579	0.01503
20	0.02057	0.01736	0.02048	0.01552	0.02361	0.01327	0.01212	0.02485	0.02167	0.03334	0.02469	0.11146	0.02376	0.01161	0.00868	0.00197	0.00758	0.00982	0.00679	0.59085
21	0.02674	0.11196	0.03192	0.02022	0.02860	0.02135	0.06059	0.03131	0.02271	0.10512	0.02106	0.02381	0.01664	0.00986	0.01109	0.00238	0.06790	0.00762	0.00669	0.37244
22	0.01441	0.01128	0.01527	0.01667	0.01719	0.01214	0.01180	0.01632	0.01964	0.02676	0.05165	0.53216	0.06156	0.03094	0.01666	0.00434	0.09617	0.02695	0.00904	0.00903
23	0.02369	0.11726	0.06712	0.10212	0.11550	0.02564	0.05324	0.03691	0.17691	0.03602	0.10599	0.03672	0.03264	0.01278	0.01040	0.00325	0.01072	0.01113	0.00760	0.01438

[dist]
# distance from previous block
# <min> <max>
0	1

[block]
# block no. 4 follows, 13 sequences, length 19
# corresponding to MSA columns:
# 5909-5927
name=unknown_E
#
# <colnr> <probs for GDERKNQSTAVLIFYWHMCP>
#	G	D	E	R	K	N	Q	S	T	A	V	L	I	F	Y	W	H	M	C	P
0	0.01563	0.01169	0.01495	0.01384	0.01703	0.01035	0.01031	0.02011	0.02737	0.03900	0.40757	0.15141	0.08356	0.02139	0.01197	0.00322	0.00556	0.01894	0.01062	0.10548
1	0.02281	0.10510	0.02662	0.01600	0.02535	0.01798	0.01331	0.02733	0.02186	0.03311	0.01822	0.02123	0.01537	0.00800	0.00768	0.00166	0.00832	0.00618	0.00602	0.59785
2	0.02182	0.10532	0.52841	0.02908	0.04414	0.02606	0.03723	0.03332	0.02225	0.03273	0.01860	0.02185	0.01341	0.00996	0.00976	0.00325	0.01525	0.00762	0.00447	0.01545
3	0.45109	0.06636	0.02223	0.01698	0.02394	0.02687	0.01409	0.11602	0.09706	0.04852	0.02044	0.02163	0.01559	0.01087	0.00781	0.00323	0.00900	0.00722	0.00765	0.01341
4	0.02407	0.35058	0.22498	0.02126	0.03127	0.03155	0.02357	0.03000	0.02091	0.02718	0.01876	0.02610	0.01699	0.09617	0.01448	0.00375	0.01262	0.00775	0.00477	0.01326
5	0.01837	0.00918	0.01377	0.01377	0.01377	0.00918	0.00918	0.01377	0.01377	0.01837	0.01837	0.03214	0.01837	0.03673	0.04132	0.69238	0.00918	0.00918	0.00459	0.00459
6	0.02194	0.01710	0.02173	0.05188	0.02519	0.01920	0.01599	0.13803	0.02857	0.03921	0.13766	0.17530	0.04878	0.02625	0.06124	0.00491	0.09123	0.05497	0.00902	0.01179
7	0.01971	0.00985	0.00985	0.00985	0.01232	0.00985	0.00739	0.02464	0.02217	0.03942	0.03449	0.03942	0.02710	0.01232	0.00739	0.00246	0.00493	0.00985	0.68712	0.00985
8	0.02192	0.01879	0.02192	0.01566	0.02506	0.01409	0.01253	0.02662	0.02192	0.03445	0.01879	0.02192	0.01566	0.00783	0.00783	0.00157	0.00783	0.00626	0.00626	0.69305
9	0.11599	0.15515	0.06706	0.02371	0.06925	0.02277	0.05390	0.02831	0.02241	0.06340	0.03301	0.14004	0.03331	0.01753	0.01058	0.00356	0.01042	0.10988	0.00734	0.01238
10	0.01971	0.00985	0.00985	0.00985	0.01232	0.00985	0.00739	0.02464	0.02217	0.03942	0.03449	0.03942	0.02710	0.01232	0.00739	0.00246	0.00493	0.00985	0.68712	0.00985
11	0.02435	0.06673	0.13925	0.01928	0.02621	0.01775	0.01846	0.03246	0.07389	0.14054	0.18338	0.12836	0.05025	0.01756	0.01118	0.00341	0.00897	0.01500	0.00954	0.01343
12	0.03902	0.02039	0.03049	0.12066	0.08031	0.01980	0.05604	0.08274	0.02944	0.35876	0.03342	0.03253	0.02205	0.01205	0.01074	0.00332	0.01097	0.01038	0.01032	0.01660
13	0.45287	0.02459	0.07077	0.01759	0.02548	0.02395	0.01582	0.10546	0.02467	0.12210	0.02043	0.02147	0.01463	0.01071	0.00802	0.00326	0.00948	0.00715	0.00785	0.01369
14	0.11118	0.02463	0.10812	0.13538	0.07194	0.02069	0.02156	0.07602	0.02590	0.08150	0.10058	0.03278	0.02807	0.01197	0.00987	0.00308	0.01061	0.00980	0.00740	0.10891
15	0.03317	0.06603	0.10579	0.02156	0.03073	0.02394	0.01979	0.14966	0.12006	0.17166	0.02973	0.02885	0.02112	0.01169	0.00987	0.00298	0.01038	0.00920	0.00927	0.12452
16	0.22119	0.01829	0.01984	0.01631	0.02294	0.01792	0.01307	0.07812	0.02618	0.16451	0.09539	0.07990	0.03222	0.01386	0.00941	0.00304	0.00805	0.01098	0.00928	0.13950
17	0.02178	0.01627	0.01961	0.04975	0.02445	0.01502	0.01318	0.05797	0.07232	0.07661	0.19251	0.05289	0.11850	0.01591	0.01062	0.00287	0.00738	0.01346	0.00938	0.20953
18	0.04197	0.02263	0.02649	0.06164	0.03153	0.06497	0.01746	0.12542	0.03223	0.36932	0.03384	0.03140	0.02226	0.01232	0.01034	0.00312	0.01053	0.00976	0.01101	0.06177

[dist]
# distance from previous block
# <min> <max>
1	18

[block]
# block no. 5 follows, 13 sequences, length 10
# corresponding to MSA columns:
# 5946-5955
name=unknown_F
#
# <colnr> <probs for GDERKNQSTAVLIFYWHMCP>
#	G	D	E	R	K	N	Q	S	T	A	V	L	I	F	Y	W	H	M	C	P
0	0.17042	0.02240	0.05969	0.19796	0.08423	0.02390	0.02211	0.06763	0.06545	0.03675	0.02408	0.08531	0.02109	0.01366	0.01192	0.00357	0.05956	0.01079	0.00658	0.01288
1	0.02281	0.01832	0.02600	0.10686	0.06264	0.01831	0.06025	0.06969	0.07728	0.06830	0.03988	0.17307	0.07471	0.01724	0.01117	0.00335	0.00971	0.01540	0.00825	0.11674
2	0.02525	0.01964	0.03007	0.29397	0.04993	0.02202	0.06542	0.03673	0.13516	0.11069	0.07569	0.03629	0.02756	0.01259	0.01095	0.00349	0.01164	0.01126	0.00788	0.01377
3	0.02667	0.02240	0.02398	0.02158	0.02746	0.02565	0.01704	0.09211	0.45924	0.04502	0.04266	0.04497	0.03349	0.01545	0.01107	0.00366	0.00875	0.05190	0.01066	0.01625
4	0.03935	0.07067	0.02575	0.01801	0.02528	0.01819	0.01488	0.08185	0.02861	0.36776	0.03414	0.03250	0.02314	0.01446	0.01268	0.06475	0.00911	0.00967	0.05207	0.05715
5	0.02260	0.01646	0.02203	0.19266	0.03507	0.01905	0.01744	0.09558	0.02496	0.03666	0.05467	0.03425	0.02408	0.01507	0.01441	0.06492	0.05962	0.01008	0.22913	0.01126
6	0.16207	0.12375	0.07451	0.02753	0.03640	0.02878	0.17864	0.07507	0.12036	0.03956	0.02315	0.02581	0.01771	0.01048	0.00977	0.00326	0.01251	0.00943	0.00680	0.01442
7	0.02462	0.03178	0.23693	0.16046	0.08916	0.02094	0.02871	0.03284	0.02349	0.10857	0.02649	0.03528	0.02063	0.01231	0.01046	0.00342	0.01277	0.04899	0.05790	0.01424
8	0.01491	0.01021	0.01231	0.01265	0.01310	0.01020	0.00781	0.01591	0.01744	0.02360	0.07737	0.15892	0.04737	0.43772	0.08817	0.00929	0.01066	0.01775	0.00731	0.00729
9	0.01330	0.00950	0.01275	0.01520	0.01600	0.00895	0.01054	0.01545	0.02066	0.02746	0.05804	0.57096	0.06902	0.03273	0.01361	0.00435	0.00650	0.07649	0.00981	0.00870

[dist]
# distance from previous block
# <min> <max>
3	5

[block]
# block no. 6 follows, 13 sequences, length 12
# corresponding to MSA columns:
# 5961-5972
name=unknown_G
#
# <colnr> <probs for GDERKNQSTAVLIFYWHMCP>
#	G	D	E	R	K	N	Q	S	T	A	V	L	I	F	Y	W	H	M	C	P
0	0.01373	0.00978	0.01291	0.01462	0.01566	0.00921	0.01016	0.01623	0.02194	0.02963	0.14443	0.45138	0.07243	0.07018	0.01607	0.00456	0.00648	0.06194	0.00991	0.00878
1	0.33034	0.02169	0.06176	0.01832	0.02386	0.02222	0.01600	0.03164	0.02025	0.11874	0.02343	0.06845	0.01963	0.01388	0.01334	0.00356	0.12254	0.00938	0.04851	0.01246
2	0.01288	0.00920	0.01227	0.01472	0.01534	0.00859	0.00981	0.01472	0.02024	0.02699	0.05828	0.62152	0.06993	0.03312	0.01350	0.00429	0.00613	0.03006	0.00981	0.00859
3	0.13948	0.01610	0.01950	0.01597	0.02219	0.01512	0.01292	0.03948	0.02731	0.33054	0.12756	0.04109	0.03700	0.01399	0.00992	0.00318	0.00766	0.01128	0.09514	0.01456
4	0.02053	0.01956	0.03183	0.50150	0.06487	0.02506	0.02826	0.02674	0.02027	0.02674	0.01793	0.02730	0.01406	0.01197	0.01483	0.00372	0.11908	0.00937	0.00469	0.01171
5	0.01333	0.01074	0.01187	0.01159	0.01480	0.00928	0.00869	0.01680	0.02608	0.03326	0.25997	0.09401	0.40238	0.02502	0.01249	0.00349	0.00523	0.02123	0.01044	0.00928
6	0.02038	0.03694	0.32357	0.02318	0.03371	0.02060	0.02658	0.03322	0.11127	0.03505	0.04019	0.04099	0.11412	0.01396	0.01033	0.00334	0.01149	0.01128	0.07575	0.01405
7	0.28179	0.02024	0.02151	0.01793	0.02368	0.02265	0.01473	0.10320	0.02545	0.16412	0.02463	0.02617	0.01797	0.01250	0.01212	0.00335	0.09350	0.00837	0.09244	0.01366
8	0.01419	0.01013	0.01166	0.01200	0.01384	0.00916	0.00821	0.01488	0.02004	0.02496	0.07029	0.15362	0.29555	0.13573	0.02549	0.13778	0.00706	0.01961	0.00821	0.00760
9	0.02005	0.01393	0.02082	0.01875	0.02131	0.01432	0.06354	0.02453	0.11059	0.02761	0.06881	0.04472	0.03087	0.02808	0.02829	0.38385	0.00964	0.05491	0.00678	0.00861
10	0.02805	0.02920	0.12005	0.09960	0.17535	0.02478	0.18628	0.07038	0.02640	0.10080	0.02317	0.02771	0.01701	0.01015	0.01108	0.00336	0.01432	0.01032	0.00645	0.01553
11	0.09493	0.09731	0.29394	0.02686	0.03800	0.10319	0.06596	0.03451	0.02359	0.05961	0.02135	0.02791	0.01697	0.01128	0.00981	0.00326	0.01443	0.03723	0.00563	0.01420

[dist]
# distance from previous block
# <min> <max>
1	17

[block]
# block no. 7 follows, 13 sequences, length 47
# corresponding to MSA columns:
# 5990-6036
name=unknown_H
#
# <colnr> <probs for GDERKNQSTAVLIFYWHMCP>
#	G	D	E	R	K	N	Q	S	T	A	V	L	I	F	Y	W	H	M	C	P
0	0.45137	0.02363	0.06771	0.02084	0.07115	0.02339	0.01633	0.07898	0.02164	0.04415	0.01696	0.02070	0.01341	0.01272	0.01100	0.07069	0.00965	0.00695	0.00646	0.01226
1	0.02719	0.07399	0.24245	0.07584	0.17651	0.02450	0.03017	0.03700	0.06125	0.11450	0.02408	0.02668	0.01761	0.01062	0.01012	0.00324	0.01292	0.00892	0.00644	0.01595
2	0.01708	0.07232	0.01898	0.01496	0.01692	0.01484	0.01117	0.01929	0.02097	0.02887	0.19255	0.09946	0.05231	0.16284	0.10123	0.07512	0.04926	0.01518	0.00772	0.00894
3	0.02578	0.02899	0.16719	0.03226	0.08381	0.02095	0.16920	0.03309	0.02367	0.11883	0.02768	0.03822	0.02262	0.07086	0.05506	0.00503	0.01496	0.04094	0.00677	0.01410
4	0.02397	0.01239	0.01556	0.01431	0.01721	0.01186	0.01049	0.02675	0.02198	0.16117	0.07592	0.05998	0.03947	0.25258	0.06834	0.00693	0.01005	0.05551	0.10501	0.01052
5	0.02120	0.01371	0.01749	0.06741	0.02374	0.01382	0.01339	0.02867	0.09183	0.10589	0.15503	0.16335	0.09781	0.02077	0.01169	0.00360	0.00736	0.05401	0.07754	0.01169
6	0.11371	0.01337	0.01573	0.01420	0.01814	0.01316	0.01091	0.02850	0.02441	0.15411	0.16791	0.08541	0.04683	0.06067	0.05738	0.00471	0.00849	0.01362	0.13718	0.01154
7	0.02046	0.01976	0.03476	0.54755	0.07108	0.02381	0.07849	0.02769	0.02152	0.02769	0.01905	0.02822	0.01429	0.01041	0.01076	0.00353	0.01446	0.00970	0.00476	0.01200
8	0.01800	0.01181	0.01721	0.01670	0.01712	0.01358	0.01223	0.01670	0.01535	0.02145	0.02308	0.08359	0.02371	0.04194	0.14536	0.39124	0.10726	0.01142	0.00526	0.00699
9	0.01514	0.01119	0.01627	0.01627	0.01791	0.01282	0.01232	0.01842	0.01678	0.02401	0.02898	0.04519	0.02802	0.15179	0.51619	0.01610	0.02593	0.01186	0.00576	0.00904
10	0.06804	0.01437	0.01792	0.01813	0.05869	0.01408	0.01268	0.03091	0.06306	0.14179	0.18434	0.09628	0.04972	0.01661	0.01038	0.00320	0.00685	0.01418	0.16631	0.01246
11	0.01792	0.01511	0.02274	0.07996	0.16180	0.01537	0.01781	0.02336	0.05480	0.03120	0.08246	0.33775	0.05127	0.02298	0.01221	0.00381	0.00854	0.02095	0.00839	0.01158
12	0.02192	0.01879	0.02192	0.01566	0.02506	0.01409	0.01253	0.02662	0.02192	0.03445	0.01879	0.02192	0.01566	0.00783	0.00783	0.00157	0.00783	0.00626	0.00626	0.69305
13	0.02157	0.05213	0.52361	0.03155	0.04669	0.02477	0.08652	0.03352	0.02258	0.03352	0.01921	0.02293	0.01365	0.00993	0.01028	0.00337	0.01584	0.00827	0.00455	0.01549
14	0.02590	0.17604	0.30591	0.02755	0.03913	0.02845	0.07883	0.03418	0.02264	0.08337	0.02004	0.02314	0.01499	0.01074	0.01175	0.00323	0.06560	0.00819	0.00542	0.01491
15	0.02630	0.02271	0.02391	0.02152	0.02749	0.02630	0.01674	0.05618	0.54336	0.04423	0.04303	0.03945	0.03228	0.01434	0.01076	0.00359	0.00837	0.01195	0.01076	0.01674
16	0.02241	0.02204	0.03077	0.02648	0.02670	0.03040	0.02197	0.02496	0.01741	0.02694	0.06191	0.02807	0.02148	0.01878	0.03273	0.00451	0.55564	0.01013	0.00525	0.01143
17	0.02320	0.01910	0.06811	0.01945	0.02452	0.01695	0.01669	0.03535	0.17562	0.10769	0.09647	0.16430	0.04917	0.02101	0.01214	0.00389	0.00864	0.11427	0.01022	0.01321
18	0.70310	0.02045	0.01554	0.01390	0.02045	0.02372	0.01145	0.03108	0.01799	0.04744	0.01472	0.01718	0.01145	0.00981	0.00654	0.00327	0.00818	0.00573	0.00654	0.01145
19	0.01997	0.01879	0.03171	0.60301	0.07282	0.02349	0.02936	0.02701	0.02114	0.02701	0.01879	0.02819	0.01409	0.01057	0.01057	0.00352	0.01409	0.00940	0.00470	0.01175
20	0.02281	0.02461	0.05156	0.07835	0.04983	0.02355	0.39634	0.03060	0.02424	0.03260	0.02773	0.08713	0.02487	0.01307	0.01264	0.00375	0.01578	0.06128	0.00611	0.01316
21	0.02871	0.02359	0.07748	0.21502	0.09702	0.02183	0.02387	0.07686	0.05955	0.14555	0.02575	0.02874	0.01849	0.01099	0.01018	0.00313	0.01162	0.00927	0.00755	0.10480
22	0.02241	0.06406	0.03157	0.02546	0.02648	0.03017	0.02143	0.02500	0.01762	0.02604	0.02259	0.03436	0.05012	0.01912	0.02998	0.00442	0.48805	0.04440	0.00530	0.01141
23	0.02337	0.02384	0.03635	0.02998	0.03139	0.03164	0.08937	0.02656	0.01735	0.02656	0.01487	0.02384	0.01417	0.01724	0.03176	0.00449	0.53089	0.00968	0.00472	0.01192
24	0.09359	0.01776	0.02128	0.01859	0.02271	0.01972	0.01483	0.06331	0.07001	0.15212	0.03972	0.12004	0.07456	0.01792	0.01545	0.00366	0.13164	0.01360	0.07652	0.01299
25	0.03531	0.01931	0.02746	0.22398	0.04341	0.01967	0.02055	0.08089	0.02807	0.29768	0.03061	0.03132	0.02047	0.01178	0.01040	0.00323	0.01092	0.00978	0.00943	0.06574
26	0.01997	0.01879	0.03171	0.60301	0.07282	0.02349	0.02936	0.02701	0.02114	0.02701	0.01879	0.02819	0.01409	0.01057	0.01057	0.00352	0.01409	0.00940	0.00470	0.01175
27	0.02121	0.05469	0.57364	0.03014	0.04576	0.02455	0.03906	0.03348	0.02232	0.03348	0.01897	0.02232	0.01339	0.01005	0.01005	0.00335	0.01563	0.00781	0.00446	0.01563
28	0.01460	0.01053	0.01381	0.01355	0.01572	0.00973	0.00995	0.01904	0.02823	0.03970	0.46960	0.17396	0.09454	0.02363	0.01265	0.00349	0.00519	0.02104	0.01132	0.00973
29	0.01538	0.01025	0.01153	0.01153	0.01153	0.01025	0.00641	0.01538	0.01538	0.02050	0.03331	0.06919	0.03844	0.62842	0.05382	0.01025	0.01025	0.01538	0.00641	0.00641
30	0.01288	0.00920	0.01227	0.01472	0.01534	0.00859	0.00981	0.01472	0.02024	0.02699	0.05828	0.62152	0.06993	0.03312	0.01350	0.00429	0.00613	0.03006	0.00981	0.00859
31	0.13389	0.02631	0.08038	0.02324	0.03075	0.02573	0.06309	0.12595	0.24559	0.04549	0.03226	0.06833	0.02569	0.01365	0.01032	0.00349	0.01030	0.01136	0.00891	0.01526
32	0.03031	0.03132	0.07905	0.08256	0.03663	0.14777	0.06060	0.10005	0.07976	0.08102	0.06280	0.03020	0.02370	0.01319	0.01380	0.00341	0.09229	0.01000	0.00746	0.01406
33	0.07775	0.02545	0.02623	0.07885	0.03233	0.12973	0.05601	0.03992	0.18128	0.08091	0.08264	0.04053	0.07509	0.01417	0.01062	0.00334	0.01120	0.01171	0.00861	0.01363
34	0.02162	0.02841	0.16781	0.19758	0.09029	0.02276	0.02666	0.03492	0.14291	0.03532	0.09565	0.03581	0.02965	0.01266	0.01072	0.00343	0.01183	0.01087	0.00700	0.01409
35	0.02524	0.36648	0.09060	0.02175	0.02840	0.03501	0.02110	0.02927	0.02048	0.02643	0.01890	0.02902	0.01826	0.01354	0.01500	0.00322	0.16512	0.05429	0.00505	0.01286
36	0.06948	0.02074	0.13623	0.01729	0.02244	0.01394	0.01635	0.02238	0.02431	0.03617	0.27014	0.13752	0.06157	0.02138	0.01450	0.07189	0.00815	0.01625	0.00871	0.01058
37	0.03107	0.09532	0.27154	0.02727	0.03766	0.25948	0.02816	0.03815	0.02596	0.06414	0.01901	0.02143	0.01432	0.01052	0.00962	0.00300	0.01630	0.00741	0.00543	0.01421
38	0.07860	0.08478	0.11797	0.02170	0.03074	0.07413	0.02024	0.18838	0.03170	0.08244	0.02266	0.02416	0.01683	0.01089	0.00919	0.00282	0.01151	0.00803	0.05022	0.11303
39	0.01832	0.01187	0.01523	0.01422	0.01752	0.01076	0.01091	0.02289	0.02723	0.07815	0.34107	0.12380	0.07507	0.02074	0.01177	0.00331	0.00600	0.05414	0.06944	0.06756
40	0.08660	0.35631	0.12425	0.01992	0.02942	0.03246	0.02024	0.03666	0.05635	0.11681	0.02152	0.02230	0.01659	0.01025	0.00814	0.00276	0.01114	0.00719	0.00646	0.01462
41	0.02886	0.01717	0.01917	0.01632	0.02145	0.01787	0.01293	0.13327	0.10940	0.13271	0.08629	0.03994	0.03304	0.01374	0.00957	0.00299	0.00746	0.01114	0.27281	0.01387
42	0.01294	0.00994	0.01185	0.01303	0.01497	0.00886	0.00914	0.01542	0.02269	0.02913	0.12662	0.36715	0.26123	0.02953	0.01301	0.00392	0.00572	0.02598	0.01000	0.00886
43	0.01432	0.00944	0.01234	0.01383	0.01421	0.00907	0.00893	0.01472	0.01810	0.02413	0.04620	0.40073	0.05451	0.17152	0.02722	0.11415	0.00757	0.02337	0.00820	0.00745
44	0.07882	0.01882	0.02841	0.34923	0.10312	0.02196	0.02441	0.06313	0.02282	0.03193	0.02222	0.03514	0.01889	0.01476	0.01363	0.07196	0.01240	0.05079	0.00577	0.01179
45	0.13270	0.01931	0.02705	0.21166	0.12553	0.02109	0.02131	0.02746	0.02207	0.03469	0.08913	0.03146	0.02565	0.01180	0.01127	0.00316	0.04901	0.00958	0.00625	0.11983
46	0.04744	0.01799	0.02454	0.01881	0.02699	0.01554	0.01554	0.05153	0.03026	0.56979	0.04171	0.03599	0.02617	0.01309	0.01063	0.00327	0.00900	0.01063	0.01309	0.01799

[dist]
# distance from previous block
# <min> <max>
1	16

[block]
# block no. 8 follows, 13 sequences, length 6
# corresponding to MSA columns:
# 6053-6058
name=unknown_I
#
# <colnr> <probs for GDERKNQSTAVLIFYWHMCP>
#	G	D	E	R	K	N	Q	S	T	A	V	L	I	F	Y	W	H	M	C	P
0	0.23262	0.17153	0.10545	0.01866	0.02646	0.06715	0.01767	0.03109	0.02151	0.06355	0.02291	0.09939	0.02117	0.01291	0.00853	0.00304	0.01054	0.00961	0.00646	0.04973
1	0.56280	0.02426	0.01881	0.01637	0.02305	0.07561	0.01331	0.09223	0.02292	0.04782	0.01616	0.01834	0.01244	0.01026	0.00730	0.00321	0.00958	0.00628	0.00693	0.01232
2	0.02493	0.19513	0.08344	0.02146	0.02710	0.11765	0.01894	0.03149	0.07990	0.02856	0.02875	0.16445	0.02904	0.01689	0.01295	0.00335	0.08388	0.01297	0.00663	0.01248
3	0.18833	0.48906	0.04595	0.01710	0.02555	0.03754	0.01652	0.03152	0.02066	0.03023	0.01470	0.01701	0.01307	0.00923	0.00673	0.00250	0.01057	0.00567	0.00500	0.01307
4	0.02532	0.01551	0.01877	0.01646	0.02128	0.01533	0.01283	0.03618	0.15927	0.16675	0.26550	0.06078	0.10531	0.01821	0.01160	0.00340	0.00683	0.01558	0.01160	0.01349
5	0.01665	0.02122	0.14703	0.01811	0.02257	0.01482	0.01686	0.02106	0.01767	0.02519	0.02793	0.04709	0.02773	0.26364	0.25502	0.01129	0.01870	0.01197	0.00565	0.00980

[dist]
# distance from previous block
# <min> <max>
5	166

[block]
# block no. 9 follows, 13 sequences, length 45
# corresponding to MSA columns:
# 6255-6299
name=unknown_J
#
# <colnr> <probs for GDERKNQSTAVLIFYWHMCP>
#	G	D	E	R	K	N	Q	S	T	A	V	L	I	F	Y	W	H	M	C	P
0	0.11581	0.10600	0.03197	0.10021	0.03492	0.02216	0.06903	0.03491	0.02365	0.16718	0.02369	0.02567	0.01728	0.01005	0.00908	0.00278	0.01054	0.00827	0.00745	0.17937
1	0.02475	0.02584	0.07625	0.28468	0.09246	0.08036	0.09462	0.03155	0.02437	0.06965	0.07087	0.03199	0.02333	0.01146	0.01086	0.00337	0.01390	0.01043	0.00614	0.01311
2	0.08101	0.02273	0.02879	0.20485	0.10914	0.07856	0.02193	0.03723	0.02512	0.20026	0.02558	0.02817	0.01810	0.01099	0.00997	0.00315	0.01191	0.00902	0.00773	0.06576
3	0.35173	0.01872	0.01974	0.06225	0.02555	0.02115	0.01446	0.02881	0.02024	0.07354	0.06144	0.07369	0.02466	0.01377	0.01182	0.00340	0.08464	0.00979	0.00720	0.07341
4	0.03166	0.06879	0.02695	0.01817	0.02709	0.02003	0.01505	0.12467	0.02892	0.16309	0.02497	0.02542	0.01835	0.01003	0.00890	0.00231	0.00907	0.00782	0.00849	0.36023
5	0.09231	0.02004	0.02790	0.17974	0.04043	0.02158	0.05609	0.09705	0.06693	0.15205	0.07032	0.03986	0.02841	0.01367	0.01080	0.00349	0.01097	0.04547	0.00879	0.01410
6	0.28339	0.07635	0.02245	0.01737	0.02356	0.02540	0.01410	0.04187	0.25427	0.04331	0.02901	0.02893	0.02224	0.01198	0.00852	0.00326	0.00829	0.00884	0.06297	0.01388
7	0.03218	0.01832	0.02270	0.01724	0.02522	0.01558	0.01394	0.07441	0.02829	0.24166	0.09643	0.03480	0.03053	0.01196	0.00970	0.00256	0.00821	0.00982	0.00988	0.29657
8	0.01301	0.00943	0.01206	0.01410	0.01497	0.00873	0.00940	0.01481	0.02032	0.02672	0.06165	0.53104	0.11822	0.07217	0.01608	0.00462	0.00633	0.02828	0.00959	0.00848
9	0.25967	0.02652	0.12184	0.01974	0.02875	0.02146	0.01886	0.08463	0.02651	0.25343	0.02715	0.02630	0.01822	0.01141	0.00916	0.00328	0.01017	0.00839	0.00912	0.01539
10	0.11477	0.02371	0.08068	0.21197	0.04661	0.02235	0.09156	0.03730	0.06445	0.16441	0.02612	0.02908	0.01832	0.01111	0.01030	0.00343	0.01231	0.00971	0.00751	0.01431
11	0.04331	0.01708	0.02321	0.01811	0.02557	0.01483	0.01483	0.04751	0.03022	0.50275	0.10720	0.04145	0.03553	0.01417	0.01087	0.00328	0.00849	0.01171	0.01290	0.01697
12	0.02025	0.01919	0.03177	0.55081	0.06873	0.02430	0.02880	0.02687	0.02069	0.02687	0.01835	0.02773	0.01407	0.01129	0.01276	0.00362	0.06808	0.00938	0.00469	0.01173
13	0.03346	0.10966	0.03485	0.12505	0.09192	0.02344	0.05834	0.07357	0.02778	0.23195	0.06215	0.03232	0.02470	0.01190	0.01030	0.00317	0.01117	0.01018	0.00874	0.01536
14	0.03626	0.01533	0.02042	0.01652	0.02266	0.01354	0.01331	0.04067	0.02942	0.38082	0.17727	0.04768	0.04572	0.01527	0.01082	0.00321	0.00756	0.01280	0.07561	0.01511
15	0.01288	0.00920	0.01227	0.01472	0.01534	0.00859	0.00981	0.01472	0.02024	0.02699	0.05828	0.62152	0.06993	0.03312	0.01350	0.00429	0.00613	0.03006	0.00981	0.00859
16	0.03777	0.02276	0.02983	0.02326	0.03093	0.02300	0.06921	0.21679	0.07290	0.24574	0.03541	0.08632	0.02672	0.01448	0.01108	0.00338	0.01054	0.01233	0.01092	0.01663
17	0.01361	0.00997	0.01304	0.01480	0.01612	0.00903	0.01003	0.01568	0.02038	0.02759	0.05510	0.57331	0.06557	0.03109	0.01304	0.00407	0.00627	0.02814	0.00953	0.06362
18	0.03922	0.02783	0.02767	0.02254	0.02993	0.10915	0.01809	0.21356	0.14747	0.20326	0.03262	0.03058	0.02281	0.01290	0.01048	0.00322	0.01127	0.00996	0.01058	0.01686
19	0.04007	0.03030	0.02985	0.02621	0.06476	0.16139	0.01980	0.19284	0.03473	0.20676	0.02700	0.02700	0.01906	0.01260	0.01215	0.00320	0.05775	0.00918	0.00931	0.01603
20	0.02623	0.01825	0.02157	0.06051	0.02707	0.01936	0.01528	0.07636	0.21615	0.12601	0.16354	0.05247	0.09858	0.01669	0.01128	0.00344	0.00805	0.01408	0.01078	0.01432
21	0.02359	0.01988	0.02279	0.01674	0.02581	0.01639	0.01340	0.06523	0.06417	0.03754	0.02114	0.02353	0.01711	0.00869	0.00826	0.00184	0.00815	0.00694	0.00692	0.59189
22	0.28199	0.02015	0.02346	0.14472	0.03510	0.02189	0.01747	0.08306	0.02558	0.21249	0.02527	0.02638	0.01736	0.01130	0.00911	0.00332	0.01005	0.00845	0.00862	0.01422
23	0.12589	0.02346	0.07534	0.07088	0.08500	0.02248	0.01955	0.10174	0.13283	0.04397	0.14976	0.03954	0.03812	0.01392	0.01039	0.00335	0.00957	0.01151	0.00866	0.01403
24	0.01321	0.00943	0.01264	0.01509	0.01585	0.00887	0.01038	0.01528	0.02056	0.02735	0.05810	0.58222	0.06922	0.03282	0.01358	0.00434	0.00642	0.06614	0.00981	0.00868
25	0.02185	0.02250	0.07887	0.01715	0.02719	0.01517	0.01527	0.02733	0.02197	0.03435	0.01881	0.02197	0.01543	0.00806	0.00806	0.00175	0.00863	0.00642	0.00608	0.62314
26	0.01971	0.00985	0.00985	0.00985	0.01232	0.00985	0.00739	0.02464	0.02217	0.03942	0.03449	0.03942	0.02710	0.01232	0.00739	0.00246	0.00493	0.00985	0.68712	0.00985
27	0.01997	0.01879	0.03171	0.60301	0.07282	0.02349	0.02936	0.02701	0.02114	0.02701	0.01879	0.02819	0.01409	0.01057	0.01057	0.00352	0.01409	0.00940	0.00470	0.01175
28	0.02350	0.24287	0.40553	0.02623	0.03972	0.03016	0.03226	0.03289	0.02205	0.03069	0.01759	0.02058	0.01345	0.00972	0.00899	0.00300	0.01422	0.00711	0.00448	0.01496
29	0.03071	0.02114	0.02431	0.06120	0.08294	0.08877	0.01767	0.03713	0.06752	0.20331	0.11487	0.05147	0.07719	0.01612	0.01126	0.00341	0.01015	0.05700	0.00982	0.01403
30	0.02121	0.05469	0.57364	0.03014	0.04576	0.02455	0.03906	0.03348	0.02232	0.03348	0.01897	0.02232	0.01339	0.01005	0.01005	0.00335	0.01563	0.00781	0.00446	0.01563
31	0.02204	0.02091	0.03545	0.42340	0.23626	0.02404	0.03039	0.02883	0.02212	0.02953	0.01916	0.02751	0.01498	0.01019	0.01054	0.00340	0.01358	0.00940	0.00488	0.01342
32	0.07606	0.02732	0.12240	0.03205	0.14030	0.02217	0.05968	0.04282	0.11397	0.20912	0.03048	0.03054	0.02147	0.01153	0.01039	0.00333	0.01131	0.00995	0.00867	0.01643
33	0.02778	0.07149	0.04604	0.09192	0.13798	0.02435	0.23307	0.03457	0.02537	0.11770	0.06242	0.03200	0.02346	0.01075	0.01120	0.00332	0.01370	0.01130	0.00688	0.01469
34	0.01349	0.01038	0.01234	0.01262	0.01509	0.00923	0.00917	0.01681	0.02530	0.03325	0.25987	0.21840	0.27311	0.02642	0.01273	0.00365	0.00541	0.02301	0.01048	0.00923
35	0.02682	0.02007	0.06700	0.10689	0.03254	0.01862	0.01888	0.07808	0.07463	0.15064	0.07318	0.04777	0.03312	0.06296	0.08712	0.00570	0.01278	0.06089	0.00886	0.01346
36	0.02786	0.19351	0.07894	0.16158	0.09388	0.02933	0.10815	0.07281	0.02535	0.08113	0.02083	0.02507	0.01589	0.01013	0.00981	0.00309	0.01325	0.00891	0.00603	0.01446
37	0.01538	0.01025	0.01153	0.01153	0.01153	0.01025	0.00641	0.01538	0.01538	0.02050	0.03331	0.06919	0.03844	0.62842	0.05382	0.01025	0.01025	0.01538	0.00641	0.00641
38	0.01576	0.01202	0.01463	0.01376	0.01678	0.01150	0.01038	0.02298	0.08205	0.04052	0.43651	0.07831	0.16143	0.02164	0.01230	0.00339	0.00539	0.01886	0.01128	0.01052
39	0.12274	0.08904	0.21281	0.03052	0.09084	0.02639	0.09087	0.06927	0.02374	0.03652	0.02118	0.06254	0.01797	0.01196	0.01136	0.00337	0.04904	0.00979	0.00580	0.01424
40	0.08019	0.04094	0.22336	0.03407	0.08910	0.13601	0.13420	0.07470	0.02641	0.03591	0.01924	0.02320	0.01452	0.01011	0.01027	0.00323	0.01560	0.00873	0.00557	0.01464
41	0.03609	0.01738	0.02199	0.01763	0.02418	0.01612	0.01427	0.10782	0.03234	0.33404	0.15770	0.05000	0.09070	0.01617	0.01120	0.00330	0.00815	0.01342	0.01212	0.01540
42	0.01337	0.01041	0.01214	0.01241	0.01499	0.00919	0.00904	0.01660	0.02512	0.03263	0.23981	0.20766	0.30578	0.02651	0.01271	0.00365	0.00541	0.02298	0.01040	0.00919
43	0.09889	0.13394	0.11308	0.07729	0.07225	0.06742	0.02242	0.06588	0.02549	0.11102	0.02602	0.03590	0.02170	0.01296	0.00985	0.00328	0.01205	0.06938	0.00714	0.01405
44	0.09741	0.02942	0.18305	0.02592	0.08176	0.01976	0.02350	0.04271	0.02629	0.31849	0.03070	0.02944	0.02029	0.01157	0.01008	0.00328	0.01116	0.00926	0.00928	0.01660

[dist]
# distance from previous block
# <min> <max>
0	7

[block]
# block no. 10 follows, 13 sequences, length 31
# corresponding to MSA columns:
# 6307-6337
name=unknown_K
#
# <colnr> <probs for GDERKNQSTAVLIFYWHMCP>
#	G	D	E	R	K	N	Q	S	T	A	V	L	I	F	Y	W	H	M	C	P
0	0.07572	0.07257	0.02761	0.02307	0.06100	0.02579	0.01725	0.23528	0.10293	0.04738	0.03359	0.16748	0.03133	0.01705	0.01070	0.00342	0.00969	0.01413	0.00930	0.01469
1	0.52922	0.02102	0.01809	0.01516	0.02235	0.02297	0.01243	0.07635	0.02158	0.04708	0.01638	0.01872	0.01275	0.00975	0.00713	0.00298	0.00844	0.00617	0.00687	0.12454
2	0.25585	0.02456	0.03212	0.15363	0.18702	0.06910	0.07037	0.03178	0.02196	0.03662	0.01777	0.02319	0.01408	0.00986	0.00927	0.00327	0.01241	0.00824	0.00560	0.01332
3	0.01973	0.01175	0.01305	0.01218	0.01513	0.01172	0.00928	0.06304	0.02700	0.04260	0.21127	0.05174	0.05106	0.01551	0.00937	0.00281	0.00548	0.01298	0.40376	0.01054
4	0.01327	0.00948	0.01271	0.01516	0.01594	0.00892	0.01048	0.01539	0.02062	0.02742	0.05806	0.57495	0.06909	0.03276	0.01360	0.00435	0.00647	0.07283	0.00981	0.00869
5	0.01510	0.01133	0.01699	0.01699	0.01888	0.01322	0.01322	0.01888	0.01699	0.02454	0.02832	0.04154	0.02643	0.07930	0.58652	0.01699	0.02832	0.01133	0.00566	0.00944
6	0.01314	0.01074	0.01160	0.01138	0.01468	0.00920	0.00854	0.01642	0.02562	0.03216	0.22409	0.09583	0.43895	0.02543	0.01249	0.00351	0.00526	0.02148	0.01029	0.00920
7	0.03392	0.02180	0.02362	0.01889	0.02528	0.02336	0.01535	0.31131	0.03851	0.10513	0.03003	0.03116	0.02186	0.01260	0.00950	0.00294	0.00911	0.00974	0.24069	0.01522
8	0.70310	0.02045	0.01554	0.01390	0.02045	0.02372	0.01145	0.03108	0.01799	0.04744	0.01472	0.01718	0.01145	0.00981	0.00654	0.00327	0.00818	0.00573	0.00654	0.01145
9	0.01418	0.01078	0.01305	0.01248	0.01532	0.00964	0.00936	0.01844	0.02808	0.03802	0.41461	0.08618	0.24477	0.02325	0.01248	0.00340	0.00510	0.02013	0.01106	0.00964
10	0.02192	0.01879	0.02192	0.01566	0.02506	0.01409	0.01253	0.02662	0.02192	0.03445	0.01879	0.02192	0.01566	0.00783	0.00783	0.00157	0.00783	0.00626	0.00626	0.69305
11	0.70310	0.02045	0.01554	0.01390	0.02045	0.02372	0.01145	0.03108	0.01799	0.04744	0.01472	0.01718	0.01145	0.00981	0.00654	0.00327	0.00818	0.00573	0.00654	0.01145
12	0.02630	0.02271	0.02391	0.02152	0.02749	0.02630	0.01674	0.05618	0.54336	0.04423	0.04303	0.03945	0.03228	0.01434	0.01076	0.00359	0.00837	0.01195	0.01076	0.01674
13	0.70310	0.02045	0.01554	0.01390	0.02045	0.02372	0.01145	0.03108	0.01799	0.04744	0.01472	0.01718	0.01145	0.00981	0.00654	0.00327	0.00818	0.00573	0.00654	0.01145
14	0.02617	0.02512	0.04292	0.06490	0.56246	0.02512	0.03245	0.03245	0.02407	0.03454	0.01989	0.02617	0.01675	0.00942	0.01047	0.00314	0.01256	0.00942	0.00523	0.01675
15	0.02630	0.02271	0.02391	0.02152	0.02749	0.02630	0.01674	0.05618	0.54336	0.04423	0.04303	0.03945	0.03228	0.01434	0.01076	0.00359	0.00837	0.01195	0.01076	0.01674
16	0.04744	0.01799	0.02454	0.01881	0.02699	0.01554	0.01554	0.05153	0.03026	0.56979	0.04171	0.03599	0.02617	0.01309	0.01063	0.00327	0.00900	0.01063	0.01309	0.01799
17	0.02406	0.01834	0.01913	0.01755	0.02234	0.02071	0.01356	0.04546	0.36627	0.04259	0.04013	0.03944	0.03052	0.01366	0.00961	0.00320	0.00720	0.01124	0.24058	0.01440
18	0.01539	0.01072	0.01375	0.01299	0.01549	0.00997	0.00975	0.02037	0.02924	0.04213	0.51028	0.07545	0.09328	0.02079	0.01202	0.00325	0.00498	0.01829	0.07190	0.00997
19	0.01769	0.01481	0.02244	0.21860	0.03839	0.01716	0.02021	0.02238	0.02156	0.02843	0.03979	0.19133	0.04245	0.02270	0.01488	0.00426	0.06729	0.17775	0.00755	0.01034
20	0.02121	0.05469	0.57364	0.03014	0.04576	0.02455	0.03906	0.03348	0.02232	0.03348	0.01897	0.02232	0.01339	0.01005	0.01005	0.00335	0.01563	0.00781	0.00446	0.01563
