[name]
unknown

[dist]
# distance from previous block
# <min> <max>
0	34

[block]
# block no. 0 follows, 14 sequences, length 12
# corresponding to MSA columns:
# 40-51
name=unknown_A
#
# <colnr> <probs for GDERKNQSTAVLIFYWHMCP>
#	G	D	E	R	K	N	Q	S	T	A	V	L	I	F	Y	W	H	M	C	P
0	0.17715	0.06447	0.02297	0.08545	0.02724	0.02099	0.01582	0.02992	0.04835	0.10823	0.02895	0.11029	0.02632	0.01567	0.01277	0.00350	0.09324	0.04190	0.05488	0.01188
1	0.03151	0.09607	0.02966	0.02003	0.02680	0.02047	0.05133	0.03567	0.02462	0.24837	0.08032	0.03212	0.02679	0.01258	0.01291	0.00297	0.09359	0.00972	0.00872	0.13575
2	0.02228	0.01718	0.02311	0.06421	0.02737	0.01800	0.04430	0.03011	0.10953	0.09538	0.04230	0.14685	0.10090	0.01775	0.01403	0.00343	0.09294	0.01465	0.00826	0.10742
3	0.02553	0.02639	0.12815	0.02385	0.03162	0.02199	0.07605	0.03716	0.15014	0.11037	0.03194	0.03299	0.05447	0.01290	0.01342	0.00327	0.09486	0.01028	0.00763	0.10700
4	0.02004	0.01882	0.02969	0.45922	0.05889	0.02286	0.02564	0.02596	0.01995	0.02690	0.01758	0.02593	0.01384	0.01100	0.01317	0.00333	0.09682	0.00872	0.00474	0.09689
5	0.11310	0.16083	0.03499	0.12690	0.03632	0.11660	0.05888	0.03348	0.08231	0.03031	0.01873	0.02288	0.01530	0.01126	0.01221	0.00316	0.09663	0.00799	0.00557	0.01254
6	0.11431	0.02084	0.02393	0.01919	0.02541	0.02206	0.01555	0.14589	0.06636	0.11446	0.02324	0.02548	0.01773	0.01361	0.01468	0.05576	0.09349	0.00832	0.00793	0.17178
7	0.02993	0.13538	0.07492	0.07975	0.03453	0.02550	0.04918	0.15821	0.02905	0.11049	0.02218	0.02403	0.01644	0.01013	0.00912	0.00267	0.01098	0.00807	0.00735	0.16210
8	0.01839	0.01115	0.01436	0.01372	0.01522	0.01147	0.00938	0.02003	0.01708	0.08535	0.03169	0.05475	0.03216	0.38489	0.22524	0.01131	0.01552	0.01312	0.00672	0.00846
9	0.03916	0.07212	0.03119	0.02634	0.10417	0.02449	0.01916	0.22508	0.03476	0.27362	0.02971	0.02840	0.02027	0.01176	0.00998	0.00305	0.01032	0.00938	0.01010	0.01695
10	0.01973	0.01753	0.02673	0.12498	0.07629	0.01856	0.08288	0.03064	0.14321	0.03625	0.20751	0.09081	0.04932	0.01592	0.01134	0.00340	0.00931	0.01464	0.00857	0.01238
11	0.01628	0.01177	0.01473	0.01484	0.01698	0.01152	0.01072	0.07628	0.02640	0.03614	0.24351	0.35687	0.07287	0.02574	0.01241	0.00369	0.00615	0.02296	0.01027	0.00988

[dist]
# distance from previous block
# <min> <max>
0	3

[block]
# block no. 1 follows, 14 sequences, length 14
# corresponding to MSA columns:
# 55-68
name=unknown_B
#
# <colnr> <probs for GDERKNQSTAVLIFYWHMCP>
#	G	D	E	R	K	N	Q	S	T	A	V	L	I	F	Y	W	H	M	C	P
0	0.02893	0.11069	0.12027	0.07739	0.03800	0.02797	0.09051	0.16233	0.12872	0.07546	0.02545	0.02695	0.01872	0.01112	0.00998	0.00315	0.01209	0.00937	0.00760	0.01531
1	0.02867	0.37804	0.10945	0.02040	0.02900	0.03381	0.02017	0.07431	0.06710	0.07899	0.02007	0.02153	0.01606	0.01055	0.00971	0.00274	0.05190	0.00719	0.00607	0.01424
2	0.08703	0.11855	0.03342	0.02381	0.06214	0.02646	0.04935	0.20989	0.03292	0.21618	0.02672	0.02627	0.01865	0.01128	0.00954	0.00300	0.01061	0.00890	0.00923	0.01605
3	0.02547	0.56164	0.04826	0.01713	0.02483	0.03635	0.01650	0.02856	0.02069	0.02441	0.01984	0.09766	0.02038	0.01186	0.00744	0.00245	0.01031	0.00861	0.00507	0.01253
4	0.01607	0.01058	0.01323	0.01323	0.01579	0.00948	0.00966	0.01932	0.02470	0.08072	0.24702	0.25750	0.19405	0.02505	0.01227	0.00358	0.00563	0.02199	0.01043	0.00969
5	0.03213	0.18044	0.08178	0.10032	0.03644	0.02508	0.07337	0.03912	0.06022	0.23059	0.02719	0.02767	0.01914	0.01081	0.00952	0.00302	0.01132	0.00899	0.00792	0.01494
6	0.02413	0.01350	0.01823	0.06251	0.02190	0.01400	0.01239	0.02604	0.01990	0.16847	0.05776	0.04779	0.03112	0.25617	0.07660	0.06368	0.05569	0.01222	0.00771	0.01019
7	0.01460	0.00981	0.01129	0.01160	0.01168	0.00974	0.00665	0.01484	0.01555	0.02073	0.03553	0.14167	0.04134	0.55934	0.04708	0.00919	0.00942	0.01680	0.00665	0.00650
8	0.02409	0.05614	0.12114	0.14551	0.11911	0.02111	0.05471	0.03228	0.06281	0.10458	0.07890	0.03788	0.07212	0.01272	0.01043	0.00324	0.01122	0.01112	0.00715	0.01374
9	0.08213	0.08316	0.09305	0.20105	0.04467	0.06948	0.05436	0.18027	0.02942	0.03988	0.01945	0.02352	0.01455	0.01055	0.00961	0.00312	0.01302	0.00838	0.00643	0.01390
10	0.02377	0.01248	0.01549	0.01399	0.01827	0.01104	0.01098	0.02741	0.02573	0.20045	0.14970	0.11371	0.20901	0.02058	0.01137	0.00338	0.00651	0.04785	0.06664	0.01162
11	0.01247	0.00906	0.01178	0.01395	0.01480	0.00836	0.00938	0.01433	0.01997	0.02633	0.06064	0.58675	0.11115	0.03162	0.01301	0.00411	0.00589	0.02853	0.00953	0.00836
12	0.65727	0.02247	0.06017	0.01474	0.02179	0.02309	0.01323	0.03035	0.01780	0.04497	0.01461	0.01706	0.01126	0.00954	0.00662	0.00318	0.00851	0.00572	0.00619	0.01143
13	0.18220	0.12754	0.11155	0.02005	0.02881	0.06063	0.01893	0.13102	0.02731	0.12742	0.02138	0.02220	0.01558	0.01042	0.00852	0.00288	0.01088	0.00740	0.00741	0.05789

[dist]
# distance from previous block
# <min> <max>
1	34

[block]
# block no. 2 follows, 14 sequences, length 50
# corresponding to MSA columns:
# 103-152
name=unknown_C
#
# <colnr> <probs for GDERKNQSTAVLIFYWHMCP>
#	G	D	E	R	K	N	Q	S	T	A	V	L	I	F	Y	W	H	M	C	P
0	0.34423	0.02668	0.02256	0.13940	0.03373	0.16800	0.01719	0.03378	0.02203	0.08199	0.01770	0.02085	0.01337	0.01021	0.00822	0.00309	0.01185	0.00695	0.00625	0.01191
1	0.01563	0.01190	0.01656	0.01800	0.07227	0.01118	0.01190	0.02060	0.02847	0.04038	0.51394	0.07144	0.08864	0.01978	0.01191	0.00321	0.00559	0.01760	0.01066	0.01035
2	0.01681	0.01344	0.01739	0.12949	0.02715	0.01386	0.01375	0.07124	0.02556	0.03341	0.15763	0.20064	0.19628	0.02208	0.01181	0.00354	0.00756	0.01918	0.00899	0.01020
3	0.02573	0.02573	0.08218	0.02493	0.06848	0.02561	0.01972	0.07649	0.43674	0.04234	0.03686	0.03494	0.02763	0.01307	0.01034	0.00340	0.00930	0.01089	0.00942	0.01620
4	0.02654	0.51845	0.04818	0.06683	0.03001	0.03732	0.01829	0.03325	0.08593	0.02660	0.01793	0.02000	0.01542	0.00953	0.00735	0.00245	0.01085	0.00653	0.00514	0.01340
5	0.02905	0.10066	0.13094	0.01921	0.02850	0.01989	0.01860	0.06180	0.02560	0.18377	0.06867	0.02913	0.02402	0.01087	0.00912	0.00260	0.00970	0.00862	0.00800	0.21126
6	0.02525	0.13068	0.12297	0.06771	0.07779	0.02602	0.02280	0.03182	0.05103	0.09714	0.07664	0.02980	0.02449	0.01323	0.01527	0.00336	0.15450	0.00947	0.00652	0.01351
7	0.03237	0.12109	0.12063	0.06846	0.03250	0.02299	0.02039	0.11497	0.02803	0.22472	0.03022	0.08848	0.02363	0.01334	0.00992	0.00314	0.01064	0.01078	0.00870	0.01501
8	0.01324	0.00959	0.01260	0.01438	0.01564	0.00896	0.01027	0.01585	0.02166	0.02885	0.12822	0.45702	0.10710	0.02975	0.01303	0.00406	0.00618	0.08517	0.00975	0.00867
9	0.02512	0.10286	0.14336	0.03053	0.12134	0.02210	0.11113	0.03165	0.02433	0.11322	0.08548	0.03795	0.08094	0.01255	0.01040	0.00313	0.01154	0.01129	0.00707	0.01400
10	0.02710	0.07673	0.08668	0.02761	0.13940	0.02080	0.02012	0.07266	0.02490	0.10401	0.02145	0.02373	0.01648	0.00925	0.00881	0.00240	0.01003	0.00759	0.00672	0.29352
11	0.01739	0.01074	0.01397	0.01387	0.01540	0.01104	0.00969	0.01953	0.01786	0.07094	0.03532	0.14199	0.03652	0.26488	0.21641	0.01006	0.01454	0.01511	0.05607	0.00869
12	0.03933	0.04344	0.02858	0.02521	0.03106	0.48098	0.01923	0.08300	0.03069	0.09606	0.01957	0.02100	0.01505	0.01098	0.00947	0.00274	0.01673	0.00728	0.00660	0.01303
13	0.02143	0.02454	0.11658	0.20751	0.07832	0.02161	0.07602	0.06523	0.07942	0.03572	0.13359	0.03733	0.03289	0.01264	0.01076	0.00332	0.01166	0.01136	0.00698	0.01310
14	0.02744	0.64552	0.05378	0.01756	0.02634	0.04061	0.01756	0.03073	0.02085	0.02414	0.01427	0.01646	0.01317	0.00878	0.00658	0.00219	0.01097	0.00549	0.00439	0.01317
15	0.01783	0.00891	0.01337	0.01337	0.01337	0.00891	0.00891	0.01337	0.01337	0.01783	0.01783	0.03119	0.01783	0.03565	0.04011	0.70143	0.00891	0.00891	0.00446	0.00446
16	0.01950	0.01760	0.03100	0.02661	0.03174	0.01730	0.18448	0.02734	0.06855	0.03213	0.04258	0.11645	0.04328	0.02103	0.01312	0.00417	0.01163	0.27196	0.00816	0.01136
17	0.28111	0.02459	0.02785	0.12341	0.18641	0.09382	0.02141	0.03086	0.02090	0.03541	0.01645	0.02142	0.01338	0.01024	0.01027	0.00320	0.05361	0.00749	0.00546	0.01271
18	0.02714	0.02380	0.04015	0.05921	0.52898	0.02360	0.03011	0.03306	0.02387	0.07986	0.02109	0.02620	0.01703	0.00944	0.01017	0.00306	0.01190	0.00924	0.00572	0.01636
19	0.01489	0.01084	0.01627	0.01627	0.01797	0.01254	0.01254	0.01797	0.01627	0.02339	0.02679	0.03965	0.02509	0.07397	0.55824	0.06608	0.02614	0.01084	0.00542	0.00882
20	0.02055	0.02558	0.14709	0.21810	0.04437	0.02145	0.06571	0.06319	0.02332	0.03214	0.09452	0.03634	0.02757	0.07611	0.01643	0.00407	0.05444	0.01090	0.00605	0.01207
21	0.71184	0.01985	0.01508	0.01350	0.01985	0.02302	0.01111	0.03017	0.01746	0.04604	0.01429	0.01667	0.01111	0.00953	0.00635	0.00318	0.00794	0.00556	0.00635	0.01111
22	0.02978	0.02425	0.03148	0.22419	0.15327	0.09443	0.02430	0.07088	0.02549	0.13780	0.02254	0.02673	0.01667	0.01131	0.01201	0.00326	0.06178	0.00904	0.00674	0.01404
23	0.07053	0.02305	0.02546	0.01986	0.02745	0.02398	0.01623	0.28913	0.07302	0.15349	0.02812	0.02767	0.01994	0.01176	0.00954	0.00289	0.00950	0.00905	0.05969	0.09964
24	0.07204	0.01973	0.03184	0.20355	0.12648	0.02063	0.09873	0.03033	0.05119	0.07670	0.02626	0.10065	0.02279	0.01266	0.01041	0.00329	0.01150	0.01177	0.00656	0.06289
25	0.01549	0.01000	0.01231	0.01220	0.01434	0.00945	0.00897	0.01986	0.02557	0.03812	0.34570	0.14931	0.07312	0.02017	0.01090	0.00314	0.00499	0.01768	0.19924	0.00945
26	0.02781	0.01317	0.01770	0.01557	0.01997	0.01172	0.01200	0.03155	0.02697	0.27396	0.21757	0.18969	0.05881	0.02000	0.01156	0.00343	0.00680	0.01747	0.01149	0.01276
27	0.01425	0.01065	0.01343	0.01498	0.01635	0.01053	0.01035	0.01959	0.08567	0.02945	0.09677	0.51495	0.06580	0.02902	0.01269	0.00401	0.00613	0.02617	0.00978	0.00941
28	0.01663	0.01407	0.02186	0.23291	0.09688	0.01543	0.01839	0.02052	0.01989	0.02638	0.03631	0.29216	0.03974	0.08353	0.01574	0.00436	0.00980	0.01836	0.00693	0.01009
29	0.02128	0.01824	0.02128	0.01520	0.02432	0.01368	0.01216	0.02584	0.02128	0.03344	0.01824	0.02128	0.01520	0.00760	0.00760	0.00152	0.00760	0.00608	0.00608	0.70208
30	0.02411	0.02043	0.03297	0.39542	0.18932	0.02327	0.02766	0.06476	0.02377	0.07019	0.02052	0.02723	0.01541	0.01030	0.01024	0.00329	0.01280	0.00922	0.00566	0.01345
31	0.02715	0.02280	0.02490	0.06348	0.03060	0.02629	0.01761	0.12687	0.44100	0.04506	0.03748	0.03543	0.02795	0.01342	0.01040	0.00342	0.00900	0.01106	0.01000	0.01608
32	0.02651	0.02249	0.02445	0.05864	0.02998	0.02599	0.01735	0.10221	0.47124	0.04408	0.03854	0.03621	0.02880	0.01353	0.01041	0.00344	0.00879	0.01121	0.01005	0.01606
33	0.02734	0.03973	0.32350	0.02985	0.04207	0.02442	0.13366	0.11381	0.02727	0.10577	0.02260	0.02499	0.01575	0.01029	0.01038	0.00326	0.01420	0.00910	0.00647	0.01554
34	0.02271	0.03685	0.25656	0.03665	0.04800	0.02559	0.30775	0.03207	0.02257	0.03207	0.01929	0.02499	0.01443	0.00982	0.01296	0.00346	0.06513	0.01015	0.00481	0.01413
35	0.01804	0.01127	0.01484	0.01351	0.01654	0.01029	0.01029	0.02278	0.02908	0.10154	0.51085	0.07200	0.08886	0.02006	0.01190	0.00322	0.00528	0.01764	0.01145	0.01055
36	0.03800	0.02526	0.02943	0.09436	0.03544	0.02745	0.01973	0.38232	0.04118	0.16148	0.02697	0.02699	0.01855	0.01214	0.01028	0.00314	0.01108	0.00944	0.01005	0.01672
37	0.03420	0.02851	0.18540	0.06863	0.10927	0.01935	0.02469	0.04090	0.02577	0.31405	0.02984	0.02937	0.01985	0.01122	0.01013	0.00320	0.01136	0.00930	0.00874	0.01623
38	0.01300	0.01020	0.01176	0.01185	0.01452	0.00896	0.00871	0.01624	0.02475	0.03207	0.25573	0.17301	0.33216	0.02522	0.01227	0.00349	0.00519	0.02175	0.01013	0.00896
39	0.01325	0.00949	0.01266	0.01438	0.01550	0.00890	0.01013	0.01590	0.02191	0.02965	0.16208	0.47588	0.07311	0.02954	0.01298	0.00402	0.00601	0.06603	0.00988	0.00870
40	0.02482	0.01808	0.02936	0.49293	0.06160	0.02122	0.02576	0.03108	0.02233	0.13977	0.02278	0.02890	0.01607	0.01076	0.01027	0.00337	0.01267	0.00936	0.00622	0.01264
41	0.01904	0.01758	0.02485	0.02246	0.02305	0.02338	0.01817	0.02163	0.01641	0.02463	0.02266	0.10162	0.02352	0.03633	0.19059	0.00784	0.37857	0.01200	0.00539	0.01029
42	0.01913	0.00956	0.00956	0.00956	0.01196	0.00956	0.00717	0.02391	0.02152	0.03826	0.03348	0.03826	0.02630	0.01196	0.00717	0.00239	0.00478	0.00956	0.69632	0.00956
43	0.03531	0.03526	0.02930	0.02515	0.02984	0.29652	0.01987	0.11366	0.02860	0.09870	0.01957	0.02244	0.01540	0.01299	0.01579	0.00325	0.17029	0.00807	0.00674	0.01324
44	0.03320	0.08640	0.26061	0.02330	0.03434	0.02254	0.02522	0.09015	0.02734	0.25520	0.02752	0.02683	0.01842	0.01111	0.00976	0.00311	0.01185	0.00867	0.00828	0.01615
45	0.02073	0.02048	0.02887	0.48221	0.06036	0.08008	0.02571	0.02676	0.02090	0.02582	0.01912	0.02803	0.01509	0.01840	0.08164	0.00493	0.01585	0.00909	0.00475	0.01118
46	0.07206	0.02222	0.02959	0.41491	0.05620	0.07299	0.02519	0.06910	0.02277	0.03048	0.01779	0.02513	0.01374	0.01118	0.01228	0.00342	0.07519	0.00865	0.00520	0.01189
47	0.01402	0.01079	0.01300	0.01438	0.01613	0.01048	0.01002	0.01926	0.08559	0.02851	0.06346	0.46248	0.15579	0.02881	0.01260	0.00396	0.00608	0.02566	0.00964	0.00936
48	0.04104	0.01762	0.02330	0.01764	0.02582	0.01480	0.01449	0.04513	0.02774	0.47149	0.03599	0.03217	0.02334	0.01167	0.00977	0.00284	0.00850	0.00946	0.01136	0.15583
49	0.01435	0.01096	0.01412	0.05039	0.01853	0.01030	0.01049	0.01886	0.02737	0.03750	0.44092	0.07801	0.18744	0.02132	0.01199	0.00329	0.00547	0.01859	0.01051	0.00959

[dist]
# distance from previous block
# <min> <max>
0	9

[block]
# block no. 3 follows, 14 sequences, length 18
# corresponding to MSA columns:
# 162-179
name=unknown_D
#
# <colnr> <probs for GDERKNQSTAVLIFYWHMCP>
#	G	D	E	R	K	N	Q	S	T	A	V	L	I	F	Y	W	H	M	C	P
0	0.01468	0.01024	0.01318	0.01279	0.01501	0.00953	0.00946	0.01918	0.02741	0.03928	0.47003	0.13452	0.08792	0.02147	0.01181	0.00326	0.00496	0.01899	0.06677	0.00953
1	0.02032	0.01722	0.02025	0.01510	0.02328	0.01309	0.01187	0.02457	0.02110	0.03265	0.02244	0.08833	0.02098	0.01029	0.00820	0.00181	0.00742	0.00861	0.00646	0.62599
2	0.02422	0.02768	0.06055	0.04325	0.05363	0.02595	0.53806	0.03287	0.02422	0.03287	0.02076	0.02768	0.01557	0.00865	0.01211	0.00346	0.01730	0.01211	0.00519	0.01384
3	0.71184	0.01985	0.01508	0.01350	0.01985	0.02302	0.01111	0.03017	0.01746	0.04604	0.01429	0.01667	0.01111	0.00953	0.00635	0.00318	0.00794	0.00556	0.00635	0.01111
4	0.71184	0.01985	0.01508	0.01350	0.01985	0.02302	0.01111	0.03017	0.01746	0.04604	0.01429	0.01667	0.01111	0.00953	0.00635	0.00318	0.00794	0.00556	0.00635	0.01111
5	0.03833	0.04891	0.02908	0.02644	0.03173	0.59815	0.01983	0.04098	0.02908	0.02512	0.01586	0.01851	0.01322	0.01058	0.00925	0.00264	0.01851	0.00661	0.00529	0.01190
6	0.02553	0.02204	0.02320	0.02088	0.02669	0.02553	0.01624	0.05453	0.55679	0.04293	0.04177	0.03829	0.03133	0.01392	0.01044	0.00348	0.00812	0.01160	0.01044	0.01624
7	0.71184	0.01985	0.01508	0.01350	0.01985	0.02302	0.01111	0.03017	0.01746	0.04604	0.01429	0.01667	0.01111	0.00953	0.00635	0.00318	0.00794	0.00556	0.00635	0.01111
8	0.01250	0.00893	0.01191	0.01429	0.01488	0.00834	0.00953	0.01429	0.01965	0.02620	0.05656	0.63265	0.06787	0.03215	0.01310	0.00417	0.00595	0.02917	0.00953	0.00834
9	0.01452	0.01049	0.01372	0.01291	0.01533	0.00968	0.00968	0.01937	0.02905	0.04115	0.56992	0.07666	0.09683	0.02098	0.01210	0.00323	0.00484	0.01856	0.01130	0.00968
10	0.71184	0.01985	0.01508	0.01350	0.01985	0.02302	0.01111	0.03017	0.01746	0.04604	0.01429	0.01667	0.01111	0.00953	0.00635	0.00318	0.00794	0.00556	0.00635	0.01111
11	0.71184	0.01985	0.01508	0.01350	0.01985	0.02302	0.01111	0.03017	0.01746	0.04604	0.01429	0.01667	0.01111	0.00953	0.00635	0.00318	0.00794	0.00556	0.00635	0.01111
12	0.22339	0.02407	0.02513	0.01979	0.02744	0.02608	0.01634	0.30400	0.03610	0.16310	0.02499	0.02453	0.01732	0.01164	0.00921	0.00312	0.00987	0.00845	0.00969	0.01573
13	0.01680	0.01288	0.01568	0.01456	0.01768	0.01296	0.01104	0.02664	0.13828	0.04152	0.46060	0.06871	0.08327	0.01952	0.01176	0.00328	0.00552	0.01712	0.01112	0.01104
14	0.02128	0.01824	0.02128	0.01520	0.02432	0.01368	0.01216	0.02584	0.02128	0.03344	0.01824	0.02128	0.01520	0.00760	0.00760	0.00152	0.00760	0.00608	0.00608	0.70208
15	0.01654	0.01268	0.01545	0.01474	0.01762	0.01279	0.01102	0.02599	0.13707	0.03958	0.39413	0.14071	0.07952	0.02097	0.01189	0.00340	0.00566	0.01849	0.01089	0.01087
16	0.01734	0.01821	0.08543	0.07013	0.02406	0.01699	0.01565	0.02017	0.01654	0.02326	0.02544	0.04709	0.02668	0.33332	0.10001	0.00829	0.12492	0.01202	0.00545	0.00898
17	0.02964	0.57102	0.05022	0.01764	0.02632	0.03758	0.01727	0.03302	0.02186	0.09037	0.01738	0.01865	0.01462	0.00924	0.00703	0.00231	0.01071	0.00606	0.00538	0.01368

[dist]
# distance from previous block
# <min> <max>
0	1

[block]
# block no. 4 follows, 14 sequences, length 86
# corresponding to MSA columns:
# 181-266
name=unknown_E
#
# <colnr> <probs for GDERKNQSTAVLIFYWHMCP>
#	G	D	E	R	K	N	Q	S	T	A	V	L	I	F	Y	W	H	M	C	P
0	0.02058	0.05308	0.58618	0.02925	0.04442	0.02383	0.03792	0.03250	0.02167	0.03250	0.01842	0.02167	0.01300	0.00975	0.00975	0.00325	0.01517	0.00758	0.00433	0.01517
1	0.01384	0.01046	0.01277	0.01219	0.01491	0.00939	0.00914	0.01804	0.02743	0.03731	0.43650	0.08299	0.23265	0.02241	0.01211	0.00330	0.00494	0.01945	0.01079	0.00939
2	0.01415	0.01048	0.01320	0.01252	0.01510	0.00953	0.00939	0.01865	0.02817	0.03908	0.49793	0.08007	0.17011	0.02175	0.01211	0.00326	0.00490	0.01904	0.01102	0.00953
3	0.01292	0.00937	0.01220	0.01373	0.01491	0.00865	0.00945	0.01542	0.02194	0.02956	0.17159	0.47608	0.10754	0.02931	0.01282	0.00392	0.00566	0.02636	0.00991	0.00865
4	0.13462	0.02559	0.02644	0.02094	0.02829	0.02850	0.01717	0.39479	0.07826	0.05851	0.02499	0.02543	0.01816	0.01200	0.00949	0.00307	0.01011	0.00890	0.05887	0.01588
5	0.02087	0.01710	0.01942	0.01909	0.02306	0.01898	0.01492	0.03897	0.32968	0.03681	0.04756	0.17822	0.04492	0.02083	0.01180	0.00389	0.00796	0.12273	0.01004	0.01313
6	0.13351	0.02587	0.10827	0.07207	0.11689	0.02227	0.06088	0.07482	0.06369	0.18280	0.02606	0.02727	0.01837	0.01085	0.00976	0.00322	0.01119	0.00910	0.00791	0.01520
7	0.08074	0.01945	0.02550	0.27991	0.04460	0.06020	0.02051	0.03416	0.02368	0.20719	0.02846	0.08376	0.02220	0.01302	0.01017	0.00334	0.01129	0.01090	0.00783	0.01309
8	0.01625	0.01161	0.01621	0.01857	0.02080	0.01156	0.01603	0.02076	0.02334	0.03039	0.05449	0.15277	0.05969	0.02862	0.01410	0.00468	0.00920	0.47210	0.00946	0.00937
9	0.03351	0.04009	0.02834	0.10889	0.03641	0.42118	0.02046	0.04114	0.11580	0.02824	0.02052	0.02306	0.01630	0.01109	0.00959	0.00289	0.01609	0.00780	0.00604	0.01255
10	0.07908	0.06709	0.03392	0.15862	0.07259	0.05860	0.08750	0.11303	0.07604	0.11738	0.02431	0.02694	0.01773	0.01085	0.00993	0.00317	0.01215	0.00927	0.00742	0.01438
11	0.01315	0.01030	0.01190	0.01179	0.01456	0.00905	0.00873	0.01660	0.02538	0.03312	0.29189	0.13850	0.32938	0.02449	0.01221	0.00343	0.00512	0.02107	0.01026	0.00905
12	0.01333	0.01256	0.05380	0.01468	0.01697	0.00970	0.01139	0.01639	0.02161	0.02897	0.13270	0.43997	0.13338	0.02814	0.01259	0.00388	0.00637	0.02512	0.00940	0.00907
13	0.14184	0.02681	0.06042	0.06532	0.03277	0.02823	0.01986	0.32267	0.03613	0.08650	0.02231	0.02388	0.01611	0.01204	0.01142	0.00324	0.05785	0.00860	0.00859	0.01540
14	0.01407	0.01005	0.01143	0.01149	0.01265	0.00951	0.00731	0.01548	0.01919	0.02517	0.12787	0.11671	0.16621	0.36985	0.03470	0.00712	0.00787	0.01798	0.00793	0.00742
15	0.02692	0.60102	0.09377	0.01844	0.02770	0.03935	0.01909	0.03086	0.02091	0.02477	0.01458	0.01685	0.01316	0.00885	0.00682	0.00227	0.01129	0.00564	0.00439	0.01332
16	0.02318	0.08539	0.29863	0.02420	0.03622	0.02161	0.06003	0.03142	0.02214	0.06670	0.01957	0.02237	0.01464	0.00912	0.00902	0.00264	0.01223	0.00742	0.00546	0.22801
17	0.08343	0.10349	0.02162	0.01510	0.01958	0.01835	0.01221	0.09816	0.02853	0.04051	0.28591	0.09726	0.10102	0.01814	0.01060	0.00314	0.00705	0.01517	0.00945	0.01127
18	0.03996	0.02498	0.02819	0.02186	0.02980	0.02652	0.01798	0.36169	0.08320	0.21140	0.03054	0.02867	0.02083	0.01256	0.01030	0.00314	0.01031	0.00974	0.01098	0.01736
19	0.71184	0.01985	0.01508	0.01350	0.01985	0.02302	0.01111	0.03017	0.01746	0.04604	0.01429	0.01667	0.01111	0.00953	0.00635	0.00318	0.00794	0.00556	0.00635	0.01111
20	0.02758	0.01566	0.01878	0.01626	0.02125	0.01570	0.01276	0.03893	0.17602	0.20132	0.18962	0.04814	0.04740	0.01528	0.01041	0.00317	0.00690	0.01290	0.10810	0.01381
21	0.01805	0.01041	0.01366	0.01427	0.01631	0.00958	0.01015	0.02083	0.02254	0.10779	0.12723	0.42018	0.06280	0.02618	0.01209	0.00375	0.00609	0.02341	0.06475	0.00992
22	0.01756	0.01386	0.01623	0.01505	0.01854	0.01423	0.01146	0.02929	0.18286	0.04064	0.37973	0.06714	0.11416	0.01930	0.01162	0.00332	0.00583	0.01676	0.01091	0.01152
23	0.03425	0.01400	0.01757	0.01445	0.01996	0.01266	0.01162	0.03858	0.02593	0.34398	0.03741	0.03639	0.02580	0.01237	0.00894	0.00283	0.00700	0.00999	0.31226	0.01400
24	0.02236	0.04071	0.33010	0.03607	0.04891	0.02486	0.28158	0.03268	0.02291	0.03268	0.01956	0.02460	0.01425	0.00921	0.01090	0.00335	0.01621	0.00979	0.00475	0.01452
25	0.04459	0.01980	0.02526	0.01937	0.02736	0.01855	0.01600	0.15167	0.03328	0.47526	0.03721	0.03280	0.02376	0.01262	0.01031	0.00316	0.00926	0.01010	0.01220	0.01746
26	0.71184	0.01985	0.01508	0.01350	0.01985	0.02302	0.01111	0.03017	0.01746	0.04604	0.01429	0.01667	0.01111	0.00953	0.00635	0.00318	0.00794	0.00556	0.00635	0.01111
27	0.02231	0.01117	0.01318	0.01201	0.01534	0.01053	0.00924	0.02698	0.02505	0.13075	0.19171	0.04894	0.04680	0.01472	0.00915	0.00277	0.00546	0.01233	0.38064	0.01093
28	0.01404	0.01047	0.01305	0.01241	0.01504	0.00948	0.00930	0.01843	0.02791	0.03846	0.47640	0.08109	0.19203	0.02199	0.01211	0.00328	0.00491	0.01918	0.01094	0.00948
29	0.01250	0.00893	0.01191	0.01429	0.01488	0.00834	0.00953	0.01429	0.01965	0.02620	0.05656	0.63265	0.06787	0.03215	0.01310	0.00417	0.00595	0.02917	0.00953	0.00834
30	0.02593	0.08340	0.31445	0.03072	0.04299	0.02433	0.17466	0.03510	0.02349	0.11450	0.02209	0.02498	0.01560	0.00981	0.01027	0.00322	0.01450	0.00912	0.00584	0.01499
31	0.03082	0.16688	0.15480	0.02217	0.03107	0.10016	0.02152	0.04180	0.14323	0.14783	0.02703	0.02662	0.01976	0.01120	0.00927	0.00298	0.01176	0.00847	0.00759	0.01503
32	0.01250	0.00893	0.01191	0.01429	0.01488	0.00834	0.00953	0.01429	0.01965	0.02620	0.05656	0.63265	0.06787	0.03215	0.01310	0.00417	0.00595	0.02917	0.00953	0.00834
33	0.02484	0.42145	0.25514	0.02198	0.03318	0.03426	0.02526	0.03140	0.02116	0.02730	0.01584	0.01843	0.01311	0.00915	0.00778	0.00259	0.01256	0.00628	0.00437	0.01392
34	0.02931	0.12913	0.18114	0.06625	0.03586	0.06593	0.02435	0.13865	0.06635	0.08734	0.02221	0.02414	0.01649	0.01139	0.01123	0.00313	0.05713	0.00829	0.00685	0.01484
35	0.03385	0.01817	0.02525	0.02084	0.02531	0.02010	0.01717	0.03721	0.02307	0.32042	0.02981	0.03163	0.02154	0.02362	0.10219	0.00551	0.21111	0.00998	0.00899	0.01424
36	0.02351	0.01223	0.01634	0.01482	0.01849	0.01100	0.01127	0.02740	0.02703	0.19995	0.29579	0.18927	0.06892	0.02101	0.01179	0.00342	0.00626	0.01848	0.01132	0.01171
37	0.20991	0.02350	0.02594	0.15896	0.03731	0.10523	0.05614	0.03471	0.06290	0.10522	0.02453	0.03207	0.01951	0.01202	0.00954	0.00332	0.01173	0.04783	0.00707	0.01257
38	0.12855	0.03206	0.22475	0.11422	0.04094	0.02253	0.06510	0.07120	0.02453	0.14653	0.02285	0.02514	0.01584	0.01049	0.00966	0.00325	0.01247	0.00854	0.00684	0.01452
39	0.02205	0.02159	0.07058	0.40573	0.05637	0.02412	0.02694	0.02809	0.02024	0.06687	0.01887	0.02647	0.01444	0.01201	0.01513	0.00361	0.14060	0.00907	0.00512	0.01208
40	0.71184	0.01985	0.01508	0.01350	0.01985	0.02302	0.01111	0.03017	0.01746	0.04604	0.01429	0.01667	0.01111	0.00953	0.00635	0.00318	0.00794	0.00556	0.00635	0.01111
41	0.01636	0.01191	0.01624	0.01670	0.01794	0.01311	0.01303	0.01872	0.01839	0.02495	0.03662	0.07276	0.03929	0.19998	0.14732	0.05924	0.06915	0.19301	0.00697	0.00833
42	0.02229	0.01516	0.01720	0.01626	0.02036	0.01596	0.01278	0.03533	0.21490	0.08743	0.08563	0.09047	0.08095	0.01784	0.01066	0.00341	0.00708	0.08032	0.15344	0.01253
43	0.01811	0.01184	0.01625	0.01710	0.01989	0.01143	0.01442	0.02281	0.02563	0.07422	0.20426	0.09838	0.06765	0.02504	0.01329	0.00417	0.00805	0.32712	0.01023	0.01011
44	0.02128	0.01824	0.02128	0.01520	0.02432	0.01368	0.01216	0.02584	0.02128	0.03344	0.01824	0.02128	0.01520	0.00760	0.00760	0.00152	0.00760	0.00608	0.00608	0.70208
45	0.01250	0.00893	0.01191	0.01429	0.01488	0.00834	0.00953	0.01429	0.01965	0.02620	0.05656	0.63265	0.06787	0.03215	0.01310	0.00417	0.00595	0.02917	0.00953	0.00834
46	0.02744	0.64552	0.05378	0.01756	0.02634	0.04061	0.01756	0.03073	0.02085	0.02414	0.01427	0.01646	0.01317	0.00878	0.00658	0.00219	0.01097	0.00549	0.00439	0.01317
47	0.01250	0.00893	0.01191	0.01429	0.01488	0.00834	0.00953	0.01429	0.01965	0.02620	0.05656	0.63265	0.06787	0.03215	0.01310	0.00417	0.00595	0.02917	0.00953	0.00834
48	0.71184	0.01985	0.01508	0.01350	0.01985	0.02302	0.01111	0.03017	0.01746	0.04604	0.01429	0.01667	0.01111	0.00953	0.00635	0.00318	0.00794	0.00556	0.00635	0.01111
49	0.04604	0.01746	0.02382	0.01826	0.02620	0.01508	0.01508	0.05001	0.02937	0.58244	0.04049	0.03493	0.02540	0.01270	0.01032	0.00318	0.00873	0.01032	0.01270	0.01746
50	0.02664	0.02478	0.04066	0.05939	0.52559	0.02506	0.03040	0.07813	0.02564	0.03638	0.01979	0.02533	0.01636	0.00943	0.01017	0.00305	0.01211	0.00915	0.00555	0.01636
51	0.71184	0.01985	0.01508	0.01350	0.01985	0.02302	0.01111	0.03017	0.01746	0.04604	0.01429	0.01667	0.01111	0.00953	0.00635	0.00318	0.00794	0.00556	0.00635	0.01111
52	0.03359	0.02670	0.03397	0.07848	0.19379	0.02898	0.02367	0.35416	0.03893	0.05274	0.02261	0.02506	0.01683	0.01124	0.01023	0.00310	0.01173	0.00920	0.00833	0.01666
53	0.01913	0.00956	0.00956	0.00956	0.01196	0.00956	0.00717	0.02391	0.02152	0.03826	0.03348	0.03826	0.02630	0.01196	0.00717	0.00239	0.00478	0.00956	0.69632	0.00956
54	0.02537	0.02400	0.04566	0.03412	0.04093	0.02518	0.31394	0.03161	0.02224	0.08141	0.02159	0.02776	0.01672	0.01173	0.01728	0.00363	0.17514	0.01093	0.05761	0.01316
55	0.01275	0.01060	0.01126	0.01160	0.01491	0.00911	0.00903	0.01565	0.02342	0.02814	0.09696	0.10116	0.49893	0.02632	0.01242	0.00364	0.00580	0.09001	0.00952	0.00877
56	0.71184	0.01985	0.01508	0.01350	0.01985	0.02302	0.01111	0.03017	0.01746	0.04604	0.01429	0.01667	0.01111	0.00953	0.00635	0.00318	0.00794	0.00556	0.00635	0.01111
57	0.71184	0.01985	0.01508	0.01350	0.01985	0.02302	0.01111	0.03017	0.01746	0.04604	0.01429	0.01667	0.01111	0.00953	0.00635	0.00318	0.00794	0.00556	0.00635	0.01111
58	0.03563	0.04336	0.02633	0.02406	0.02894	0.51513	0.01804	0.03857	0.02801	0.02697	0.01835	0.02129	0.01506	0.01077	0.00896	0.00261	0.01657	0.00703	0.10276	0.01157
59	0.01452	0.01049	0.01372	0.01291	0.01533	0.00968	0.00968	0.01937	0.02905	0.04115	0.56992	0.07666	0.09683	0.02098	0.01210	0.00323	0.00484	0.01856	0.01130	0.00968
60	0.04056	0.02626	0.02926	0.02243	0.03058	0.02813	0.01853	0.43277	0.04409	0.17890	0.02813	0.02691	0.01921	0.01240	0.01028	0.00310	0.01073	0.00948	0.01080	0.01745
61	0.02553	0.02204	0.02320	0.02088	0.02669	0.02553	0.01624	0.05453	0.55679	0.04293	0.04177	0.03829	0.03133	0.01392	0.01044	0.00348	0.00812	0.01160	0.01044	0.01624
62	0.03833	0.04891	0.02908	0.02644	0.03173	0.59815	0.01983	0.04098	0.02908	0.02512	0.01586	0.01851	0.01322	0.01058	0.00925	0.00264	0.01851	0.00661	0.00529	0.01190
63	0.04604	0.01746	0.02382	0.01826	0.02620	0.01508	0.01508	0.05001	0.02937	0.58244	0.04049	0.03493	0.02540	0.01270	0.01032	0.00318	0.00873	0.01032	0.01270	0.01746
64	0.71184	0.01985	0.01508	0.01350	0.01985	0.02302	0.01111	0.03017	0.01746	0.04604	0.01429	0.01667	0.01111	0.00953	0.00635	0.00318	0.00794	0.00556	0.00635	0.01111
65	0.71184	0.01985	0.01508	0.01350	0.01985	0.02302	0.01111	0.03017	0.01746	0.04604	0.01429	0.01667	0.01111	0.00953	0.00635	0.00318	0.00794	0.00556	0.00635	0.01111
66	0.01247	0.00906	0.01177	0.01393	0.01479	0.00837	0.00937	0.01433	0.01999	0.02634	0.06090	0.58379	0.11393	0.03159	0.01301	0.00410	0.00588	0.02849	0.00953	0.00837
67	0.01938	0.01824	0.03078	0.61468	0.07068	0.02280	0.02850	0.02622	0.02052	0.02622	0.01824	0.02736	0.01368	0.01026	0.01026	0.00342	0.01368	0.00912	0.00456	0.01140
68	0.01250	0.00893	0.01191	0.01429	0.01488	0.00834	0.00953	0.01429	0.01965	0.02620	0.05656	0.63265	0.06787	0.03215	0.01310	0.00417	0.00595	0.02917	0.00953	0.00834
69	0.01309	0.00938	0.01243	0.01389	0.01501	0.00872	0.00957	0.01575	0.02236	0.03051	0.20446	0.47247	0.07622	0.02893	0.01281	0.00390	0.00563	0.02612	0.01004	0.00872
70	0.01986	0.01873	0.03164	0.57089	0.11074	0.02293	0.02874	0.02664	0.02075	0.02680	0.01832	0.02720	0.01388	0.01017	0.01025	0.00339	0.01356	0.00912	0.00460	0.01179
71	0.01651	0.01371	0.02004	0.01897	0.02037	0.01724	0.01511	0.01984	0.01631	0.02403	0.02416	0.03608	0.02277	0.06297	0.46468	0.01365	0.16815	0.01052	0.00526	0.00965
72	0.71184	0.01985	0.01508	0.01350	0.01985	0.02302	0.01111	0.03017	0.01746	0.04604	0.01429	0.01667	0.01111	0.00953	0.00635	0.00318	0.00794	0.00556	0.00635	0.01111
73	0.03739	0.02778	0.02993	0.02284	0.03114	0.03016	0.01883	0.49396	0.04578	0.06182	0.02405	0.02433	0.01725	0.01189	0.01002	0.00294	0.01095	0.00895	0.00988	0.08010
74	0.01250	0.00893	0.01191	0.01429	0.01488	0.00834	0.00953	0.01429	0.01965	0.02620	0.05656	0.63265	0.06787	0.03215	0.01310	0.00417	0.00595	0.02917	0.00953	0.00834
75	0.02177	0.02152	0.03129	0.15650	0.03658	0.02953	0.02378	0.02503	0.01678	0.02503	0.01452	0.02353	0.01352	0.01626	0.02852	0.00425	0.48679	0.00901	0.00451	0.01126
76	0.71184	0.01985	0.01508	0.01350	0.01985	0.02302	0.01111	0.03017	0.01746	0.04604	0.01429	0.01667	0.01111	0.00953	0.00635	0.00318	0.00794	0.00556	0.00635	0.01111
77	0.03554	0.02697	0.02965	0.06625	0.03388	0.03022	0.01967	0.43015	0.12301	0.05859	0.02676	0.02690	0.01927	0.01241	0.01029	0.00317	0.01099	0.00959	0.00988	0.01683
78	0.01452	0.01049	0.01372	0.01291	0.01533	0.00968	0.00968	0.01937	0.02905	0.04115	0.56992	0.07666	0.09683	0.02098	0.01210	0.00323	0.00484	0.01856	0.01130	0.00968
79	0.01250	0.00893	0.01191	0.01429	0.01488	0.00834	0.00953	0.01429	0.01965	0.02620	0.05656	0.63265	0.06787	0.03215	0.01310	0.00417	0.00595	0.02917	0.00953	0.00834
80	0.71184	0.01985	0.01508	0.01350	0.01985	0.02302	0.01111	0.03017	0.01746	0.04604	0.01429	0.01667	0.01111	0.00953	0.00635	0.00318	0.00794	0.00556	0.00635	0.01111
81	0.01289	0.00923	0.01226	0.01402	0.01497	0.00860	0.00956	0.01527	0.02147	0.02909	0.15589	0.52508	0.07348	0.02999	0.01291	0.00399	0.00574	0.02712	0.00987	0.00860
82	0.02058	0.05308	0.58618	0.02925	0.04442	0.02383	0.03792	0.03250	0.02167	0.03250	0.01842	0.02167	0.01300	0.00975	0.00975	0.00325	0.01517	0.00758	0.00433	0.01517
83	0.07861	0.01352	0.01717	0.01473	0.01928	0.01250	0.01159	0.03037	0.02827	0.22117	0.35149	0.05820	0.06653	0.01735	0.01107	0.00321	0.00637	0.01482	0.01138	0.01238
84	0.01641	0.01189	0.01503	0.01373	0.01660	0.01139	0.01044	0.05949	0.03053	0.04296	0.52799	0.07266	0.09073	0.02031	0.01196	0.00322	0.00534	0.01784	0.01122	0.01028
85	0.06754	0.01095	0.01333	0.01506	0.01661	0.01099	0.01067	0.01898	0.05916	0.02929	0.05206	0.50287	0.06017	0.02879	0.01247	0.00408	0.00653	0.06191	0.00934	0.00921

[dist]
# distance from previous block
# <min> <max>
0	9

[block]
# block no. 5 follows, 14 sequences, length 7
# corresponding to MSA columns:
# 299-305
name=unknown_F
#
# <colnr> <probs for GDERKNQSTAVLIFYWHMCP>
#	G	D	E	R	K	N	Q	S	T	A	V	L	I	F	Y	W	H	M	C	P
0	0.09374	0.01887	0.02361	0.01814	0.02610	0.01725	0.01494	0.09609	0.02958	0.43415	0.03466	0.03113	0.02249	0.01191	0.00974	0.00300	0.00882	0.00942	0.01131	0.08505
1	0.08553	0.36939	0.04195	0.02024	0.02732	0.12338	0.01810	0.08932	0.02442	0.03071	0.01561	0.01833	0.01352	0.01045	0.01015	0.00268	0.07399	0.00645	0.00536	0.01309
2	0.71184	0.01985	0.01508	0.01350	0.01985	0.02302	0.01111	0.03017	0.01746	0.04604	0.01429	0.01667	0.01111	0.00953	0.00635	0.00318	0.00794	0.00556	0.00635	0.01111
3	0.02333	0.08833	0.12447	0.12897	0.03884	0.02540	0.06409	0.03995	0.24484	0.03525	0.02875	0.03051	0.02174	0.01152	0.00986	0.00324	0.01114	0.00980	0.04564	0.01433
4	0.01405	0.01047	0.01307	0.01242	0.01504	0.00948	0.00931	0.01846	0.02794	0.03852	0.47843	0.08100	0.18996	0.02196	0.01211	0.00327	0.00491	0.01917	0.01095	0.00948
5	0.01277	0.00914	0.01214	0.01411	0.01494	0.00851	0.00955	0.01495	0.02088	0.02816	0.12388	0.55974	0.07167	0.03069	0.01297	0.00404	0.00581	0.02778	0.00976	0.00851
6	0.02958	0.52933	0.04917	0.01904	0.02738	0.10291	0.01797	0.07225	0.02395	0.02746	0.01527	0.01734	0.01351	0.00926	0.00718	0.00232	0.01185	0.00591	0.00496	0.01336

[dist]
# distance from previous block
# <min> <max>
0	1

[block]
# block no. 6 follows, 14 sequences, length 57
# corresponding to MSA columns:
# 307-363
name=unknown_G
#
# <colnr> <probs for GDERKNQSTAVLIFYWHMCP>
#	G	D	E	R	K	N	Q	S	T	A	V	L	I	F	Y	W	H	M	C	P
0	0.01699	0.01081	0.01400	0.01520	0.01695	0.01033	0.01061	0.02104	0.06081	0.08580	0.05377	0.52553	0.06069	0.02875	0.01261	0.00401	0.00641	0.02588	0.00993	0.00988
1	0.01306	0.00935	0.01248	0.01442	0.01539	0.00876	0.01003	0.01548	0.02123	0.02859	0.12794	0.51947	0.07130	0.03033	0.01303	0.00408	0.00604	0.06065	0.00977	0.00860
2	0.07885	0.02154	0.03152	0.27628	0.11810	0.02458	0.06220	0.07539	0.13911	0.03597	0.02385	0.02842	0.01807	0.01089	0.01011	0.00334	0.01190	0.00961	0.00655	0.01372
3	0.02742	0.02408	0.07580	0.02097	0.02780	0.02351	0.01789	0.08845	0.36812	0.10017	0.08033	0.03835	0.03311	0.01384	0.01048	0.00337	0.00884	0.01146	0.01016	0.01584
4	0.01492	0.01267	0.01351	0.01543	0.01646	0.06353	0.01049	0.01679	0.02053	0.02610	0.05275	0.57518	0.06276	0.03013	0.01274	0.00403	0.00713	0.02706	0.00913	0.00867
5	0.02001	0.01888	0.03192	0.55680	0.12362	0.02297	0.02881	0.02677	0.02082	0.02699	0.01835	0.02715	0.01395	0.01014	0.01025	0.00338	0.01352	0.00912	0.00461	0.01191
6	0.02540	0.02438	0.04165	0.06299	0.57533	0.02438	0.03149	0.03149	0.02337	0.03353	0.01930	0.02540	0.01626	0.00914	0.01016	0.00305	0.01219	0.00914	0.00508	0.01626
7	0.02744	0.64552	0.05378	0.01756	0.02634	0.04061	0.01756	0.03073	0.02085	0.02414	0.01427	0.01646	0.01317	0.00878	0.00658	0.00219	0.01097	0.00549	0.00439	0.01317
8	0.03833	0.04891	0.02908	0.02644	0.03173	0.59815	0.01983	0.04098	0.02908	0.02512	0.01586	0.01851	0.01322	0.01058	0.00925	0.00264	0.01851	0.00661	0.00529	0.01190
9	0.02553	0.02204	0.02320	0.02088	0.02669	0.02553	0.01624	0.05453	0.55679	0.04293	0.04177	0.03829	0.03133	0.01392	0.01044	0.00348	0.00812	0.01160	0.01044	0.01624
10	0.71184	0.01985	0.01508	0.01350	0.01985	0.02302	0.01111	0.03017	0.01746	0.04604	0.01429	0.01667	0.01111	0.00953	0.00635	0.00318	0.00794	0.00556	0.00635	0.01111
11	0.01468	0.01093	0.01617	0.01617	0.01789	0.01265	0.01242	0.01812	0.01640	0.02358	0.02778	0.04196	0.02637	0.11144	0.56519	0.01609	0.02641	0.01124	0.00554	0.00898
12	0.02744	0.64552	0.05378	0.01756	0.02634	0.04061	0.01756	0.03073	0.02085	0.02414	0.01427	0.01646	0.01317	0.00878	0.00658	0.00219	0.01097	0.00549	0.00439	0.01317
13	0.01250	0.00893	0.01191	0.01429	0.01488	0.00834	0.00953	0.01429	0.01965	0.02620	0.05656	0.63265	0.06787	0.03215	0.01310	0.00417	0.00595	0.02917	0.00953	0.00834
14	0.02540	0.02438	0.04165	0.06299	0.57533	0.02438	0.03149	0.03149	0.02337	0.03353	0.01930	0.02540	0.01626	0.00914	0.01016	0.00305	0.01219	0.00914	0.00508	0.01626
15	0.02422	0.02768	0.06055	0.04325	0.05363	0.02595	0.53806	0.03287	0.02422	0.03287	0.02076	0.02768	0.01557	0.00865	0.01211	0.00346	0.01730	0.01211	0.00519	0.01384
16	0.01250	0.00893	0.01191	0.01429	0.01488	0.00834	0.00953	0.01429	0.01965	0.02620	0.05656	0.63265	0.06787	0.03215	0.01310	0.00417	0.00595	0.02917	0.00953	0.00834
17	0.01492	0.00995	0.01119	0.01119	0.01119	0.00995	0.00622	0.01492	0.01492	0.01990	0.03233	0.06716	0.03731	0.63935	0.05223	0.00995	0.00995	0.01492	0.00622	0.00622
18	0.01213	0.01040	0.01040	0.01040	0.01386	0.00866	0.00780	0.01473	0.02339	0.02772	0.10396	0.09876	0.57117	0.02599	0.01213	0.00347	0.00520	0.02166	0.00953	0.00866
19	0.71184	0.01985	0.01508	0.01350	0.01985	0.02302	0.01111	0.03017	0.01746	0.04604	0.01429	0.01667	0.01111	0.00953	0.00635	0.00318	0.00794	0.00556	0.00635	0.01111
20	0.04395	0.02081	0.02589	0.01985	0.02787	0.02005	0.01640	0.19583	0.03498	0.42870	0.03578	0.03187	0.02304	0.01259	0.01030	0.00315	0.00949	0.01000	0.01198	0.01746
21	0.02058	0.05308	0.58618	0.02925	0.04442	0.02383	0.03792	0.03250	0.02167	0.03250	0.01842	0.02167	0.01300	0.00975	0.00975	0.00325	0.01517	0.00758	0.00433	0.01517
22	0.71184	0.01985	0.01508	0.01350	0.01985	0.02302	0.01111	0.03017	0.01746	0.04604	0.01429	0.01667	0.01111	0.00953	0.00635	0.00318	0.00794	0.00556	0.00635	0.01111
23	0.02660	0.02258	0.02381	0.02110	0.02710	0.02603	0.01650	0.09347	0.51610	0.04467	0.04040	0.03720	0.03022	0.01379	0.01043	0.00345	0.00838	0.01141	0.01043	0.01634
24	0.01250	0.00893	0.01191	0.01429	0.01488	0.00834	0.00953	0.01429	0.01965	0.02620	0.05656	0.63265	0.06787	0.03215	0.01310	0.00417	0.00595	0.02917	0.00953	0.00834
25	0.71184	0.01985	0.01508	0.01350	0.01985	0.02302	0.01111	0.03017	0.01746	0.04604	0.01429	0.01667	0.01111	0.00953	0.00635	0.00318	0.00794	0.00556	0.00635	0.01111
26	0.01354	0.01018	0.01253	0.01251	0.01487	0.00917	0.00916	0.01725	0.02588	0.03497	0.35627	0.18269	0.21483	0.02430	0.01229	0.00346	0.00513	0.02128	0.01052	0.00917
27	0.01352	0.01045	0.01233	0.01186	0.01472	0.00926	0.00889	0.01743	0.02668	0.03554	0.37506	0.08590	0.29519	0.02307	0.01211	0.00333	0.00499	0.01985	0.01056	0.00926
28	0.02553	0.02204	0.02320	0.02088	0.02669	0.02553	0.01624	0.05453	0.55679	0.04293	0.04177	0.03829	0.03133	0.01392	0.01044	0.00348	0.00812	0.01160	0.01044	0.01624
29	0.03557	0.02012	0.03118	0.09745	0.23493	0.01935	0.02259	0.04063	0.02621	0.32010	0.03028	0.03059	0.02077	0.01112	0.01025	0.00315	0.01054	0.00976	0.00901	0.01638
30	0.01783	0.01122	0.01478	0.01347	0.01647	0.01025	0.01025	0.02258	0.02908	0.09794	0.51437	0.07228	0.08934	0.02011	0.01192	0.00322	0.00525	0.01769	0.01144	0.01050
31	0.04495	0.01921	0.02490	0.01909	0.02707	0.01767	0.01577	0.12601	0.03229	0.50232	0.03803	0.03334	0.02417	0.01264	0.01031	0.00316	0.00913	0.01015	0.01232	0.01746
32	0.01268	0.01041	0.01123	0.01150	0.01460	0.00896	0.00872	0.01556	0.02360	0.02891	0.13423	0.13544	0.45984	0.02619	0.01235	0.00359	0.00554	0.05820	0.00966	0.00878
33	0.02195	0.02404	0.09327	0.02829	0.03466	0.02161	0.19362	0.09400	0.02479	0.03408	0.03142	0.21528	0.03168	0.01764	0.01433	0.00372	0.07988	0.01624	0.00706	0.01245
34	0.02639	0.01311	0.01478	0.01315	0.01731	0.01301	0.01027	0.03421	0.09489	0.16842	0.03625	0.03747	0.02676	0.01240	0.00836	0.00272	0.00617	0.01002	0.44197	0.01234
35	0.03189	0.01894	0.02309	0.01709	0.02570	0.01589	0.01390	0.08280	0.02673	0.23490	0.02688	0.02653	0.01910	0.00989	0.00883	0.00226	0.00835	0.00791	0.00887	0.39043
36	0.02257	0.01818	0.02501	0.23823	0.04170	0.01718	0.01847	0.02793	0.02165	0.07506	0.02004	0.02464	0.01546	0.00900	0.00881	0.00236	0.00995	0.00755	0.00605	0.39016
37	0.02909	0.01953	0.03135	0.29349	0.18283	0.02082	0.02512	0.03486	0.02396	0.19928	0.02535	0.02920	0.01793	0.01073	0.01025	0.00325	0.01179	0.00950	0.00720	0.01448
38	0.02271	0.01909	0.02205	0.01588	0.02493	0.01514	0.01275	0.06742	0.02346	0.03596	0.01876	0.02155	0.01538	0.00798	0.00782	0.00165	0.00790	0.00633	0.00642	0.64683
39	0.03147	0.02173	0.07656	0.09945	0.03309	0.01897	0.01876	0.10361	0.06755	0.23484	0.03365	0.10450	0.02651	0.01414	0.01039	0.00321	0.00985	0.01185	0.00941	0.07046
40	0.16112	0.02235	0.02546	0.06102	0.03035	0.02358	0.01703	0.23647	0.03398	0.24520	0.02804	0.02710	0.01891	0.01181	0.00958	0.00316	0.00993	0.00896	0.01004	0.01590
41	0.01587	0.01215	0.01608	0.06986	0.02143	0.01219	0.01197	0.02284	0.07084	0.03990	0.47567	0.06895	0.08376	0.01941	0.01180	0.00327	0.00593	0.01711	0.01060	0.01037
42	0.02659	0.12105	0.09790	0.02811	0.03555	0.12810	0.15367	0.07209	0.02496	0.03112	0.02577	0.02947	0.06638	0.01238	0.01352	0.00323	0.10150	0.00992	0.00572	0.01297
43	0.01543	0.01115	0.01424	0.01393	0.01620	0.01064	0.01023	0.04925	0.02759	0.03841	0.39478	0.22780	0.08403	0.02356	0.01227	0.00348	0.00554	0.02095	0.01074	0.00977
44	0.03837	0.01881	0.02321	0.01857	0.02555	0.01832	0.01507	0.11104	0.11743	0.36411	0.07000	0.03684	0.02967	0.01331	0.01026	0.00317	0.00851	0.01084	0.05058	0.01635
45	0.01393	0.01017	0.01346	0.01399	0.01533	0.01047	0.00991	0.01634	0.01854	0.02526	0.08353	0.20240	0.09504	0.17468	0.23877	0.00982	0.01464	0.01793	0.00747	0.00833
46	0.01940	0.01070	0.01365	0.01392	0.01580	0.00997	0.00957	0.02139	0.02041	0.12276	0.04652	0.35539	0.05041	0.16517	0.02106	0.00517	0.00726	0.02118	0.06073	0.00954
