[name]
unknown

[dist]
# distance from previous block
# <min> <max>
0	249

[block]
# block no. 0 follows, 12 sequences, length 26
# corresponding to MSA columns:
# 321-346
name=unknown_A
#
# <colnr> <probs for GDERKNQSTAVLIFYWHMCP>
#	G	D	E	R	K	N	Q	S	T	A	V	L	I	F	Y	W	H	M	C	P
0	0.01693	0.01209	0.01683	0.01935	0.02157	0.01200	0.01645	0.02148	0.02447	0.03191	0.05809	0.19600	0.06416	0.03073	0.01489	0.00493	0.00948	0.40873	0.01005	0.00986
1	0.01476	0.01112	0.01365	0.01302	0.01588	0.01000	0.00976	0.01928	0.02928	0.03997	0.42933	0.08762	0.21892	0.02369	0.01287	0.00350	0.00524	0.02058	0.01151	0.01000
2	0.03998	0.01957	0.02459	0.01941	0.02663	0.01868	0.01581	0.14687	0.03554	0.33758	0.14829	0.04437	0.04167	0.01532	0.01137	0.00336	0.00897	0.01262	0.01260	0.01675
3	0.02261	0.01938	0.02261	0.01615	0.02584	0.01453	0.01292	0.02745	0.02261	0.03553	0.01938	0.02261	0.01615	0.00807	0.00807	0.00161	0.00807	0.00646	0.00646	0.68346
4	0.03024	0.02497	0.02641	0.02282	0.02954	0.02858	0.01801	0.15699	0.42496	0.05065	0.04041	0.03752	0.03007	0.01442	0.01105	0.00361	0.00936	0.01178	0.01105	0.01754
5	0.04826	0.01961	0.02595	0.01990	0.02836	0.01759	0.01644	0.09344	0.03297	0.51356	0.04154	0.03615	0.02625	0.01346	0.01096	0.00336	0.00952	0.01086	0.01327	0.01855
6	0.01586	0.01057	0.01189	0.01189	0.01189	0.01057	0.00661	0.01586	0.01586	0.02114	0.03436	0.07135	0.03964	0.61681	0.05550	0.01057	0.01057	0.01586	0.00661	0.00661
7	0.51869	0.01841	0.01519	0.01380	0.01947	0.02078	0.01113	0.02959	0.02090	0.04725	0.09852	0.02993	0.02751	0.01226	0.00778	0.00329	0.00758	0.00848	0.07803	0.01140
8	0.01977	0.01429	0.01637	0.01529	0.01719	0.01534	0.01035	0.07333	0.07774	0.02953	0.03385	0.05887	0.03485	0.40517	0.12352	0.01007	0.01330	0.01420	0.00745	0.00953
9	0.04073	0.05197	0.03090	0.02809	0.03371	0.57303	0.02107	0.04354	0.03090	0.02669	0.01685	0.01966	0.01404	0.01124	0.00983	0.00281	0.01966	0.00702	0.00562	0.01264
10	0.02673	0.17856	0.30215	0.02463	0.03733	0.02680	0.02841	0.03513	0.02368	0.09149	0.02116	0.02326	0.01569	0.01013	0.00930	0.00291	0.01310	0.00763	0.00590	0.11601
11	0.02516	0.03346	0.13874	0.04372	0.05552	0.02724	0.43885	0.03487	0.02533	0.03487	0.02169	0.02845	0.01613	0.00937	0.01249	0.00364	0.01804	0.01215	0.00538	0.01492
12	0.04892	0.01856	0.02530	0.01940	0.02783	0.01603	0.01603	0.05314	0.03121	0.55634	0.04302	0.03711	0.02699	0.01350	0.01096	0.00337	0.00928	0.01096	0.01350	0.01856
13	0.04892	0.01856	0.02530	0.01940	0.02783	0.01603	0.01603	0.05314	0.03121	0.55634	0.04302	0.03711	0.02699	0.01350	0.01096	0.00337	0.00928	0.01096	0.01350	0.01856
14	0.02450	0.02883	0.09360	0.16662	0.13394	0.02642	0.29643	0.03314	0.02453	0.03346	0.02105	0.02847	0.01600	0.00973	0.01193	0.00358	0.01655	0.01132	0.00528	0.01464
15	0.02915	0.62337	0.05714	0.01866	0.02799	0.04314	0.01866	0.03265	0.02215	0.02565	0.01516	0.01749	0.01399	0.00933	0.00700	0.00233	0.01166	0.00583	0.00466	0.01399
16	0.04073	0.05197	0.03090	0.02809	0.03371	0.57303	0.02107	0.04354	0.03090	0.02669	0.01685	0.01966	0.01404	0.01124	0.00983	0.00281	0.01966	0.00702	0.00562	0.01264
17	0.03144	0.02491	0.03114	0.11011	0.03719	0.02992	0.02221	0.19195	0.10862	0.08202	0.02566	0.02895	0.01957	0.01483	0.01832	0.00384	0.18530	0.01019	0.00839	0.01542
18	0.01586	0.01057	0.01189	0.01189	0.01189	0.01057	0.00661	0.01586	0.01586	0.02114	0.03436	0.07135	0.03964	0.61681	0.05550	0.01057	0.01057	0.01586	0.00661	0.00661
19	0.01757	0.01255	0.01757	0.02008	0.02259	0.01255	0.01757	0.02259	0.02510	0.03263	0.05773	0.12299	0.06275	0.03012	0.01506	0.00502	0.01004	0.47540	0.01004	0.01004
20	0.03191	0.02702	0.03125	0.02653	0.02924	0.11262	0.02172	0.03476	0.02204	0.14183	0.02096	0.02610	0.01703	0.01666	0.02638	0.00416	0.38002	0.00946	0.00680	0.01348
21	0.04311	0.02544	0.03083	0.02653	0.07665	0.02615	0.02000	0.29035	0.04108	0.25698	0.03228	0.03054	0.02174	0.01295	0.01092	0.00331	0.01102	0.01026	0.01144	0.01844
22	0.03801	0.02033	0.02468	0.02002	0.02712	0.02029	0.01615	0.11910	0.14271	0.29404	0.11576	0.04288	0.03846	0.01504	0.01127	0.00344	0.00893	0.01240	0.01235	0.01703
23	0.03195	0.11508	0.07056	0.02322	0.03137	0.02643	0.06171	0.14299	0.10878	0.13198	0.10882	0.03749	0.03400	0.01374	0.01079	0.00329	0.01077	0.01146	0.00969	0.01589
24	0.02874	0.10502	0.17359	0.07946	0.20924	0.11237	0.03040	0.07263	0.02688	0.03492	0.01947	0.02386	0.01543	0.01042	0.01012	0.00315	0.01468	0.00845	0.00554	0.01564
25	0.27368	0.02145	0.02150	0.01736	0.02525	0.02175	0.01402	0.07395	0.10198	0.08264	0.02395	0.02493	0.01817	0.01065	0.00849	0.00284	0.00869	0.00775	0.00814	0.23281

[dist]
# distance from previous block
# <min> <max>
2	17

[block]
# block no. 1 follows, 12 sequences, length 20
# corresponding to MSA columns:
# 378-397
name=unknown_B
#
# <colnr> <probs for GDERKNQSTAVLIFYWHMCP>
#	G	D	E	R	K	N	Q	S	T	A	V	L	I	F	Y	W	H	M	C	P
0	0.08547	0.03179	0.10659	0.02231	0.02903	0.14604	0.01949	0.11316	0.02868	0.03805	0.03144	0.19225	0.03156	0.01775	0.01090	0.00343	0.01217	0.01448	0.00784	0.05757
1	0.07564	0.03613	0.20773	0.02502	0.03576	0.02698	0.02541	0.18938	0.11092	0.07641	0.02649	0.02715	0.01908	0.01191	0.01028	0.00330	0.01221	0.00918	0.00836	0.06268
2	0.01450	0.01080	0.01371	0.01523	0.01726	0.01001	0.01152	0.01775	0.02405	0.03133	0.13056	0.30898	0.18379	0.03020	0.01382	0.00428	0.00689	0.13559	0.01033	0.00940
3	0.02458	0.02185	0.02779	0.24338	0.04654	0.02599	0.02233	0.04623	0.33169	0.03870	0.03465	0.03616	0.02599	0.01328	0.01102	0.00367	0.01093	0.01130	0.00866	0.01526
4	0.02334	0.03144	0.15715	0.30841	0.11986	0.06313	0.03182	0.03104	0.02264	0.03015	0.01895	0.02630	0.01465	0.01136	0.01285	0.00359	0.06562	0.00912	0.00490	0.01370
5	0.02527	0.02619	0.07938	0.24245	0.18046	0.02517	0.16356	0.03307	0.02424	0.06225	0.02176	0.02871	0.01642	0.01025	0.01139	0.00352	0.01502	0.01054	0.00564	0.01472
6	0.02615	0.01352	0.01801	0.01554	0.01999	0.01212	0.01212	0.03100	0.03097	0.20782	0.38297	0.06725	0.07859	0.01948	0.01225	0.00341	0.00647	0.01692	0.01248	0.01293
7	0.01445	0.01035	0.01387	0.01560	0.01698	0.00977	0.01132	0.01760	0.02386	0.03229	0.17240	0.41061	0.07783	0.03076	0.01385	0.00429	0.00663	0.09762	0.01055	0.00937
8	0.03428	0.01898	0.02913	0.31463	0.05226	0.02026	0.02339	0.04007	0.02635	0.28319	0.03080	0.03296	0.02055	0.01215	0.01093	0.00351	0.01200	0.01031	0.00902	0.01523
9	0.02187	0.05640	0.56031	0.03108	0.04719	0.02532	0.04029	0.03453	0.02302	0.03453	0.01957	0.02302	0.01381	0.01036	0.01036	0.00345	0.01611	0.00806	0.00460	0.01611
10	0.01894	0.01586	0.02086	0.01900	0.01921	0.01978	0.01406	0.02028	0.01636	0.02357	0.02601	0.04984	0.02847	0.32746	0.10278	0.00905	0.24069	0.01296	0.00581	0.00901
11	0.03879	0.02744	0.11389	0.03291	0.15302	0.02167	0.02437	0.09436	0.03057	0.30182	0.03233	0.03139	0.02177	0.01208	0.01082	0.00334	0.01149	0.01010	0.00995	0.01787
12	0.32870	0.02755	0.02377	0.01981	0.02713	0.11051	0.01601	0.14517	0.03010	0.14223	0.02297	0.02344	0.01643	0.01157	0.00893	0.00326	0.01114	0.00787	0.00873	0.01467
13	0.01374	0.00981	0.01317	0.01570	0.01653	0.00925	0.01091	0.01597	0.02132	0.02834	0.05985	0.55807	0.07112	0.03373	0.01404	0.00449	0.00672	0.07813	0.01011	0.00898
14	0.02117	0.01886	0.02589	0.02285	0.02377	0.02478	0.01865	0.02448	0.01973	0.03055	0.10094	0.03700	0.03122	0.02608	0.09107	0.00577	0.36937	0.01145	0.08518	0.01121
15	0.02376	0.18566	0.03834	0.16629	0.03934	0.03204	0.02316	0.02781	0.01955	0.02641	0.01711	0.02507	0.01541	0.01980	0.06835	0.00493	0.24102	0.00875	0.00485	0.01235
16	0.18410	0.02756	0.14011	0.02465	0.03354	0.02084	0.10534	0.03522	0.02397	0.15517	0.03061	0.11752	0.02589	0.01452	0.01065	0.00361	0.01164	0.01263	0.00814	0.01429
17	0.01328	0.00949	0.01265	0.01518	0.01581	0.00886	0.01012	0.01518	0.02088	0.02783	0.06010	0.60969	0.07212	0.03416	0.01392	0.00443	0.00633	0.03100	0.01012	0.00886
18	0.12950	0.02212	0.02519	0.15357	0.03813	0.02603	0.01945	0.04689	0.33118	0.04199	0.03400	0.03439	0.02556	0.01316	0.01037	0.00363	0.00998	0.01071	0.00896	0.01521
19	0.03185	0.12106	0.20647	0.02924	0.04023	0.11339	0.10393	0.09414	0.02883	0.09651	0.02243	0.02476	0.01639	0.01085	0.01035	0.00321	0.01515	0.00890	0.00669	0.01563

[dist]
# distance from previous block
# <min> <max>
1	5

[block]
# block no. 2 follows, 12 sequences, length 29
# corresponding to MSA columns:
# 403-431
name=unknown_C
#
# <colnr> <probs for GDERKNQSTAVLIFYWHMCP>
#	G	D	E	R	K	N	Q	S	T	A	V	L	I	F	Y	W	H	M	C	P
0	0.62044	0.02200	0.02133	0.01781	0.02503	0.02480	0.06644	0.03237	0.01934	0.04738	0.01594	0.01900	0.01233	0.01002	0.00742	0.00341	0.00953	0.00667	0.00661	0.01213
1	0.01563	0.01150	0.01486	0.01500	0.01771	0.01072	0.01190	0.02041	0.02852	0.03884	0.35624	0.09554	0.15438	0.02507	0.01344	0.00388	0.00647	0.13860	0.01123	0.01007
2	0.02508	0.02900	0.11381	0.14712	0.30561	0.02578	0.06385	0.03542	0.07950	0.03516	0.02291	0.02846	0.01802	0.01054	0.01092	0.00342	0.01356	0.00998	0.00582	0.01603
3	0.01469	0.01112	0.01355	0.01294	0.01584	0.00997	0.00971	0.01915	0.02912	0.03958	0.41746	0.08827	0.23105	0.02384	0.01287	0.00350	0.00525	0.02067	0.01146	0.00997
4	0.03788	0.04326	0.03166	0.02766	0.03283	0.38346	0.02150	0.12245	0.03195	0.03395	0.01803	0.02154	0.01488	0.01295	0.01460	0.00324	0.12027	0.00796	0.00639	0.01355
5	0.01328	0.00949	0.01265	0.01518	0.01581	0.00886	0.01012	0.01518	0.02088	0.02783	0.06010	0.60969	0.07212	0.03416	0.01392	0.00443	0.00633	0.03100	0.01012	0.00886
6	0.01603	0.01077	0.01247	0.01273	0.01298	0.01077	0.00772	0.01654	0.01680	0.02231	0.03674	0.07661	0.04199	0.55705	0.05138	0.01001	0.01052	0.06267	0.00696	0.00696
7	0.02748	0.10225	0.20522	0.03193	0.04331	0.02947	0.16932	0.10943	0.09895	0.04036	0.02429	0.02724	0.01807	0.01093	0.01091	0.00340	0.01462	0.01009	0.00673	0.01599
8	0.02385	0.02385	0.03340	0.02863	0.02863	0.03340	0.02385	0.02624	0.01670	0.02624	0.01431	0.02385	0.01431	0.01908	0.03578	0.00477	0.59685	0.00954	0.00477	0.01193
9	0.03593	0.20186	0.04025	0.02764	0.08776	0.06793	0.02126	0.21426	0.03446	0.09699	0.02275	0.02430	0.01740	0.01192	0.01122	0.00307	0.04809	0.00857	0.00804	0.01630
10	0.01694	0.02843	0.23200	0.02139	0.02842	0.01559	0.02221	0.02347	0.02275	0.03213	0.09307	0.32112	0.05192	0.02343	0.01239	0.00394	0.01012	0.02067	0.00811	0.01191
11	0.03803	0.07011	0.07315	0.03075	0.10592	0.11140	0.02329	0.25452	0.03820	0.11198	0.02487	0.02588	0.01809	0.01196	0.01046	0.00317	0.01323	0.00915	0.00881	0.01702
12	0.02385	0.02385	0.03340	0.02863	0.02863	0.03340	0.02385	0.02624	0.01670	0.02624	0.01431	0.02385	0.01431	0.01908	0.03578	0.00477	0.59685	0.00954	0.00477	0.01193
13	0.60336	0.02073	0.01733	0.01505	0.02203	0.02328	0.01240	0.03501	0.02033	0.12010	0.01909	0.02043	0.01394	0.01059	0.00734	0.00337	0.00855	0.00661	0.00769	0.01275
14	0.03039	0.02269	0.02475	0.02177	0.02828	0.02546	0.01707	0.05722	0.45439	0.12224	0.04417	0.04015	0.03234	0.01460	0.01108	0.00365	0.00873	0.01212	0.01145	0.01745
15	0.02261	0.01938	0.02261	0.01615	0.02584	0.01453	0.01292	0.02745	0.02261	0.03553	0.01938	0.02261	0.01615	0.00807	0.00807	0.00161	0.00807	0.00646	0.00646	0.68346
16	0.02915	0.62337	0.05714	0.01866	0.02799	0.04314	0.01866	0.03265	0.02215	0.02565	0.01516	0.01749	0.01399	0.00933	0.00700	0.00233	0.01166	0.00583	0.00466	0.01399
17	0.04780	0.02035	0.02642	0.02025	0.02873	0.01869	0.01673	0.12205	0.03422	0.48318	0.04049	0.03547	0.02572	0.01343	0.01096	0.00336	0.00969	0.01079	0.01311	0.01855
18	0.01762	0.01071	0.01260	0.01213	0.01469	0.01023	0.00910	0.02273	0.02729	0.04235	0.31635	0.06322	0.06941	0.01801	0.01052	0.00303	0.00512	0.01545	0.30922	0.01023
19	0.01586	0.01057	0.01189	0.01189	0.01189	0.01057	0.00661	0.01586	0.01586	0.02114	0.03436	0.07135	0.03964	0.61681	0.05550	0.01057	0.01057	0.01586	0.00661	0.00661
20	0.02261	0.01938	0.02261	0.01615	0.02584	0.01453	0.01292	0.02745	0.02261	0.03553	0.01938	0.02261	0.01615	0.00807	0.00807	0.00161	0.00807	0.00646	0.00646	0.68346
21	0.04073	0.05197	0.03090	0.02809	0.03371	0.57303	0.02107	0.04354	0.03090	0.02669	0.01685	0.01966	0.01404	0.01124	0.00983	0.00281	0.01966	0.00702	0.00562	0.01264
22	0.04073	0.05197	0.03090	0.02809	0.03371	0.57303	0.02107	0.04354	0.03090	0.02669	0.01685	0.01966	0.01404	0.01124	0.00983	0.00281	0.01966	0.00702	0.00562	0.01264
23	0.01894	0.00947	0.01420	0.01420	0.01420	0.00947	0.00947	0.01420	0.01420	0.01894	0.01894	0.03314	0.01894	0.03788	0.04261	0.68277	0.00947	0.00947	0.00473	0.00473
24	0.01818	0.01443	0.01814	0.01675	0.01675	0.01720	0.01161	0.01887	0.01610	0.02262	0.02854	0.05756	0.03229	0.44328	0.04977	0.00889	0.18077	0.01402	0.00607	0.00815
25	0.03604	0.02885	0.03575	0.02760	0.03613	0.03145	0.09327	0.34389	0.14931	0.05872	0.02944	0.02976	0.02139	0.01287	0.01124	0.00342	0.01224	0.01081	0.01014	0.01769
26	0.02310	0.01938	0.02117	0.02016	0.02471	0.02182	0.01519	0.04553	0.38155	0.04045	0.04894	0.20587	0.04456	0.02042	0.01191	0.00391	0.00796	0.01775	0.01081	0.01482
27	0.02566	0.02197	0.03231	0.19076	0.04203	0.02883	0.02486	0.02966	0.01977	0.08494	0.01894	0.02683	0.01577	0.01609	0.02583	0.00429	0.36326	0.00974	0.00575	0.01271
28	0.02610	0.10957	0.10840	0.01907	0.02955	0.02032	0.01815	0.03186	0.02348	0.08705	0.02122	0.02343	0.01660	0.00915	0.00856	0.00217	0.00991	0.00707	0.00665	0.42170

[dist]
# distance from previous block
# <min> <max>
0	12

[block]
# block no. 3 follows, 12 sequences, length 26
# corresponding to MSA columns:
# 446-471
name=unknown_D
#
# <colnr> <probs for GDERKNQSTAVLIFYWHMCP>
#	G	D	E	R	K	N	Q	S	T	A	V	L	I	F	Y	W	H	M	C	P
0	0.15638	0.17816	0.03426	0.07437	0.03264	0.03051	0.01821	0.17634	0.03032	0.04482	0.01956	0.02207	0.01535	0.01057	0.00868	0.00283	0.01087	0.00752	0.00724	0.11932
1	0.02550	0.02222	0.02698	0.02947	0.12486	0.02460	0.01937	0.04823	0.36614	0.04347	0.10779	0.04365	0.03974	0.01486	0.01128	0.00357	0.00897	0.01284	0.01014	0.01631
2	0.01370	0.00978	0.01312	0.01565	0.01647	0.00921	0.01084	0.01589	0.02128	0.02830	0.05987	0.56291	0.07122	0.03377	0.01403	0.00449	0.00668	0.07371	0.01011	0.00897
3	0.02447	0.02025	0.02349	0.02629	0.12026	0.09046	0.01671	0.02946	0.02977	0.09220	0.32179	0.05824	0.06689	0.01752	0.01186	0.00330	0.00902	0.01521	0.01004	0.01277
4	0.01447	0.01011	0.01283	0.01417	0.01469	0.00996	0.00913	0.01585	0.01866	0.02507	0.04743	0.35245	0.05557	0.25820	0.08336	0.00800	0.01012	0.02344	0.00839	0.00809
5	0.01563	0.01147	0.01646	0.01646	0.01804	0.01305	0.01230	0.01879	0.01721	0.02453	0.03018	0.04821	0.02959	0.18268	0.47589	0.01621	0.02569	0.01247	0.00599	0.00915
6	0.02261	0.01938	0.02261	0.01615	0.02584	0.01453	0.01292	0.02745	0.02261	0.03553	0.01938	0.02261	0.01615	0.00807	0.00807	0.00161	0.00807	0.00646	0.00646	0.68346
7	0.01713	0.01224	0.01707	0.01958	0.02190	0.01217	0.01681	0.02183	0.02467	0.03214	0.05797	0.17267	0.06371	0.03053	0.01494	0.00496	0.00966	0.43004	0.01005	0.00992
8	0.02699	0.02591	0.04426	0.06693	0.54879	0.02591	0.03346	0.03346	0.02483	0.03562	0.02051	0.02699	0.01727	0.00972	0.01079	0.00324	0.01295	0.00972	0.00540	0.01727
9	0.02504	0.13255	0.02362	0.01562	0.01966	0.09482	0.01277	0.02931	0.02336	0.03482	0.02755	0.03214	0.02238	0.01235	0.00995	0.00271	0.05348	0.00887	0.40765	0.01136
10	0.02237	0.03140	0.19725	0.02100	0.03277	0.01804	0.02181	0.02975	0.02274	0.03521	0.01944	0.02274	0.01539	0.00882	0.00882	0.00221	0.01069	0.00698	0.00586	0.46672
11	0.04073	0.05197	0.03090	0.02809	0.03371	0.57303	0.02107	0.04354	0.03090	0.02669	0.01685	0.01966	0.01404	0.01124	0.00983	0.00281	0.01966	0.00702	0.00562	0.01264
12	0.02059	0.01938	0.03270	0.59060	0.07510	0.02422	0.03028	0.02786	0.02180	0.02786	0.01938	0.02907	0.01453	0.01090	0.01090	0.00363	0.01453	0.00969	0.00484	0.01211
13	0.03399	0.02216	0.03696	0.21126	0.05013	0.02262	0.13082	0.07593	0.02847	0.23139	0.02939	0.03195	0.01997	0.01166	0.01136	0.00352	0.01322	0.01089	0.00871	0.01560
14	0.03672	0.01819	0.02665	0.08088	0.10173	0.01715	0.01940	0.04141	0.02786	0.33230	0.04073	0.09624	0.03225	0.01632	0.01162	0.00365	0.01009	0.05991	0.01089	0.01600
15	0.02187	0.05640	0.56031	0.03108	0.04719	0.02532	0.04029	0.03453	0.02302	0.03453	0.01957	0.02302	0.01381	0.01036	0.01036	0.00345	0.01611	0.00806	0.00460	0.01611
16	0.02059	0.01938	0.03270	0.59060	0.07510	0.02422	0.03028	0.02786	0.02180	0.02786	0.01938	0.02907	0.01453	0.01090	0.01090	0.00363	0.01453	0.00969	0.00484	0.01211
17	0.02059	0.01938	0.03270	0.59060	0.07510	0.02422	0.03028	0.02786	0.02180	0.02786	0.01938	0.02907	0.01453	0.01090	0.01090	0.00363	0.01453	0.00969	0.00484	0.01211
18	0.09204	0.11341	0.27937	0.07397	0.11051	0.02643	0.03034	0.03271	0.02257	0.03462	0.01866	0.02275	0.01438	0.00994	0.00945	0.00311	0.01345	0.00775	0.00514	0.07940
19	0.02915	0.62337	0.05714	0.01866	0.02799	0.04314	0.01866	0.03265	0.02215	0.02565	0.01516	0.01749	0.01399	0.00933	0.00700	0.00233	0.01166	0.00583	0.00466	0.01399
20	0.01294	0.01083	0.01126	0.01161	0.01488	0.00916	0.00853	0.01558	0.02431	0.02923	0.10360	0.17368	0.48005	0.02851	0.01303	0.00378	0.00563	0.02410	0.01012	0.00916
21	0.01694	0.01471	0.02002	0.02536	0.14583	0.01355	0.01492	0.02118	0.02628	0.03436	0.19151	0.08026	0.31015	0.02196	0.01237	0.00351	0.00725	0.01897	0.00942	0.01144
22	0.02691	0.09423	0.24190	0.07117	0.15103	0.02646	0.03061	0.03867	0.09296	0.08514	0.02496	0.02749	0.01854	0.01106	0.01032	0.00334	0.01322	0.00917	0.00654	0.01629
23	0.02118	0.01574	0.01707	0.01582	0.01868	0.06542	0.01164	0.02487	0.02625	0.08459	0.27851	0.06409	0.06482	0.14060	0.09680	0.00663	0.01124	0.01583	0.00968	0.01054
24	0.01671	0.01036	0.01387	0.01559	0.01697	0.00955	0.01069	0.01883	0.02187	0.07862	0.05846	0.55468	0.06778	0.03217	0.01363	0.00433	0.00661	0.02907	0.01045	0.00979
25	0.02815	0.16195	0.04238	0.09315	0.17274	0.02769	0.08174	0.03320	0.02345	0.09515	0.02309	0.03062	0.01932	0.06905	0.01598	0.00393	0.04772	0.00993	0.00627	0.01449

[dist]
# distance from previous block
# <min> <max>
12	18

[block]
# block no. 4 follows, 12 sequences, length 43
# corresponding to MSA columns:
# 491-533
name=unknown_E
#
# <colnr> <probs for GDERKNQSTAVLIFYWHMCP>
#	G	D	E	R	K	N	Q	S	T	A	V	L	I	F	Y	W	H	M	C	P
0	0.03394	0.22816	0.07894	0.02433	0.06923	0.02997	0.02061	0.13197	0.03004	0.13968	0.02399	0.02477	0.01791	0.01084	0.00921	0.00279	0.01127	0.00815	0.00789	0.09630
1	0.03142	0.03226	0.09956	0.02559	0.03523	0.13481	0.09316	0.03738	0.02638	0.12553	0.02346	0.02563	0.01739	0.01015	0.00996	0.00272	0.01328	0.00854	0.00715	0.24039
2	0.15873	0.02158	0.03101	0.02969	0.12604	0.02024	0.09516	0.02989	0.02366	0.03911	0.07987	0.03034	0.02560	0.01062	0.00963	0.00281	0.01036	0.00951	0.00681	0.23934
3	0.02650	0.02357	0.04014	0.21114	0.30841	0.02526	0.06173	0.03296	0.02398	0.07166	0.02158	0.02831	0.01697	0.01089	0.01252	0.00349	0.04970	0.01000	0.00581	0.01538
4	0.01846	0.01354	0.01694	0.01562	0.01817	0.01400	0.01119	0.05608	0.01997	0.02805	0.02996	0.05097	0.03041	0.28825	0.25239	0.01174	0.01779	0.01265	0.00661	0.08721
5	0.01614	0.01239	0.01823	0.01695	0.01844	0.01196	0.06605	0.01784	0.01869	0.02499	0.04160	0.24782	0.04790	0.35012	0.03655	0.00770	0.01005	0.02061	0.00766	0.00830
6	0.02172	0.05211	0.49915	0.09594	0.05043	0.02520	0.03913	0.03376	0.02288	0.03376	0.01955	0.02372	0.01390	0.01042	0.01042	0.00347	0.01593	0.00825	0.00463	0.01565
7	0.61489	0.01992	0.01545	0.01396	0.02035	0.02269	0.01140	0.03015	0.01929	0.04666	0.02623	0.02782	0.07355	0.01215	0.00746	0.00341	0.00810	0.00789	0.00714	0.01151
8	0.02552	0.02181	0.02326	0.02138	0.02690	0.02500	0.01643	0.05298	0.47018	0.04355	0.04620	0.10664	0.03779	0.01704	0.01142	0.00378	0.00836	0.01449	0.01098	0.01628
9	0.61578	0.02089	0.01796	0.08114	0.02735	0.02443	0.01395	0.03157	0.01893	0.04648	0.01567	0.01903	0.01212	0.01021	0.00723	0.00340	0.00914	0.00634	0.00653	0.01184
10	0.02420	0.01768	0.02069	0.01755	0.02219	0.01821	0.01380	0.18624	0.03774	0.05214	0.36895	0.06283	0.07447	0.01919	0.01220	0.00338	0.00745	0.01638	0.01163	0.01307
11	0.01328	0.00949	0.01265	0.01518	0.01581	0.00886	0.01012	0.01518	0.02088	0.02783	0.06010	0.60969	0.07212	0.03416	0.01392	0.00443	0.00633	0.03100	0.01012	0.00886
12	0.01525	0.01101	0.01441	0.01384	0.01625	0.01017	0.01027	0.02012	0.03003	0.04239	0.50263	0.12565	0.10031	0.02328	0.01295	0.00351	0.00524	0.02066	0.01185	0.01017
13	0.01532	0.01304	0.01363	0.01409	0.01662	0.04366	0.01015	0.01837	0.02534	0.03216	0.19136	0.26162	0.24996	0.02752	0.01304	0.00382	0.00656	0.02390	0.01030	0.00956
14	0.02915	0.62337	0.05714	0.01866	0.02799	0.04314	0.01866	0.03265	0.02215	0.02565	0.01516	0.01749	0.01399	0.00933	0.00700	0.00233	0.01166	0.00583	0.00466	0.01399
15	0.02137	0.02045	0.03287	0.45639	0.06400	0.02642	0.02875	0.02747	0.02058	0.02747	0.01817	0.02782	0.01448	0.01286	0.01684	0.00391	0.15360	0.00965	0.00483	0.01207
16	0.01595	0.02191	0.14349	0.01679	0.02304	0.01344	0.01665	0.02193	0.02657	0.03579	0.24397	0.07694	0.25925	0.02158	0.01227	0.00354	0.00792	0.01826	0.00948	0.01124
17	0.03849	0.05249	0.09365	0.02844	0.03531	0.50811	0.02335	0.04247	0.02996	0.02762	0.01718	0.02006	0.01402	0.01113	0.00989	0.00289	0.01924	0.00715	0.00550	0.01305
18	0.46707	0.02051	0.02164	0.20844	0.03928	0.02438	0.01803	0.03064	0.01965	0.04183	0.01660	0.02154	0.01273	0.01038	0.00815	0.00346	0.01049	0.00718	0.00611	0.01191
19	0.01513	0.01113	0.01415	0.01340	0.01610	0.01016	0.01005	0.01998	0.03014	0.04201	0.49101	0.08427	0.15598	0.02293	0.01286	0.00346	0.00519	0.02011	0.01178	0.01016
20	0.03804	0.01615	0.02182	0.01755	0.02408	0.01416	0.01416	0.04256	0.03110	0.38982	0.20544	0.05151	0.05164	0.01635	0.01158	0.00339	0.00794	0.01381	0.01301	0.01587
21	0.01558	0.01168	0.01752	0.01752	0.01947	0.01363	0.01363	0.01947	0.01752	0.02531	0.02921	0.04283	0.02726	0.08178	0.57360	0.01752	0.02921	0.01168	0.00584	0.00974
22	0.01543	0.01115	0.01457	0.01372	0.01629	0.01029	0.01029	0.02058	0.03086	0.04372	0.54304	0.08145	0.10288	0.02229	0.01286	0.00343	0.00514	0.01972	0.01200	0.01029
23	0.04165	0.20651	0.03580	0.02055	0.02881	0.11245	0.01762	0.04543	0.02842	0.31217	0.03046	0.02842	0.02101	0.01188	0.00959	0.00297	0.01164	0.00879	0.00958	0.01624
24	0.01330	0.01025	0.01217	0.01340	0.01542	0.00912	0.00940	0.01582	0.02330	0.02981	0.12065	0.36358	0.26360	0.03055	0.01342	0.00405	0.00591	0.02686	0.01028	0.00912
25	0.04145	0.03054	0.03272	0.02509	0.03381	0.03381	0.02072	0.51243	0.05127	0.06872	0.02618	0.02618	0.01854	0.01309	0.01091	0.00327	0.01200	0.00982	0.01091	0.01854
26	0.02187	0.05640	0.56031	0.03108	0.04719	0.02532	0.04029	0.03453	0.02302	0.03453	0.01957	0.02302	0.01381	0.01036	0.01036	0.00345	0.01611	0.00806	0.00460	0.01611
27	0.02059	0.01938	0.03270	0.59060	0.07510	0.02422	0.03028	0.02786	0.02180	0.02786	0.01938	0.02907	0.01453	0.01090	0.01090	0.00363	0.01453	0.00969	0.00484	0.01211
28	0.04819	0.01973	0.02603	0.01996	0.02842	0.01777	0.01649	0.09815	0.03317	0.50855	0.04137	0.03604	0.02616	0.01346	0.01096	0.00336	0.00954	0.01085	0.01324	0.01855
29	0.02876	0.43711	0.04949	0.02175	0.02857	0.08077	0.02008	0.03194	0.02151	0.02587	0.01508	0.01917	0.01407	0.01180	0.01408	0.00295	0.15202	0.00681	0.00476	0.01340
30	0.02920	0.02513	0.09443	0.23681	0.13249	0.02306	0.02709	0.03909	0.08566	0.15562	0.02812	0.03129	0.02006	0.01172	0.01086	0.00349	0.01252	0.01012	0.00768	0.01555
31	0.17804	0.14517	0.09742	0.02323	0.03176	0.03038	0.05229	0.12287	0.05705	0.08154	0.02189	0.02393	0.01663	0.01175	0.01139	0.00332	0.06059	0.00838	0.00736	0.01500
32	0.01380	0.00988	0.01311	0.01483	0.01593	0.00920	0.01016	0.01647	0.02326	0.03163	0.17543	0.48354	0.07946	0.03133	0.01366	0.00419	0.00604	0.02830	0.01057	0.00920
33	0.04092	0.01679	0.02274	0.01804	0.02508	0.01466	0.01466	0.04536	0.03113	0.43392	0.16243	0.04770	0.04511	0.01560	0.01142	0.00339	0.00829	0.01306	0.01314	0.01658
34	0.02771	0.04273	0.35304	0.07232	0.04654	0.02363	0.09103	0.03784	0.02491	0.13960	0.02459	0.02709	0.01686	0.01089	0.01082	0.00348	0.01489	0.00935	0.00653	0.01614
35	0.02327	0.03894	0.26586	0.10736	0.05239	0.02677	0.20344	0.03301	0.02321	0.03301	0.01991	0.02614	0.01492	0.01087	0.01381	0.00368	0.07363	0.01011	0.00497	0.01470
36	0.02011	0.01291	0.01879	0.01765	0.01765	0.01518	0.01291	0.01708	0.01480	0.02068	0.01783	0.03093	0.01783	0.03339	0.04098	0.52085	0.14975	0.00949	0.00474	0.00645
37	0.08759	0.01662	0.01755	0.01620	0.02056	0.01814	0.01249	0.03726	0.21991	0.04423	0.17779	0.04973	0.04922	0.01592	0.01033	0.00332	0.00680	0.01323	0.17003	0.01310
38	0.03458	0.06882	0.04380	0.03685	0.13161	0.02459	0.17328	0.04058	0.02671	0.22471	0.02842	0.03053	0.02016	0.01153	0.01288	0.00346	0.05198	0.01085	0.00830	0.01634
39	0.02646	0.10029	0.12064	0.20197	0.04852	0.06107	0.08719	0.03319	0.02417	0.09212	0.02587	0.08399	0.02170	0.01302	0.01083	0.00345	0.01384	0.01143	0.00646	0.01379
40	0.01969	0.02616	0.14706	0.02190	0.02766	0.06956	0.02121	0.02553	0.02430	0.03132	0.04859	0.18647	0.08018	0.02420	0.01305	0.00422	0.01138	0.19773	0.00833	0.01145
41	0.47250	0.02893	0.02234	0.02278	0.07582	0.15561	0.01614	0.03493	0.02212	0.04231	0.01610	0.01909	0.01288	0.01035	0.00788	0.00323	0.01156	0.00654	0.00635	0.01254
42	0.01503	0.01116	0.01636	0.01696	0.01860	0.01249	0.01279	0.01845	0.01832	0.02591	0.03658	0.17821	0.03797	0.07040	0.43993	0.01440	0.02374	0.01630	0.00686	0.00953

[dist]
# distance from previous block
# <min> <max>
0	1

[block]
# block no. 5 follows, 12 sequences, length 49
# corresponding to MSA columns:
# 535-583
name=unknown_F
#
# <colnr> <probs for GDERKNQSTAVLIFYWHMCP>
#	G	D	E	R	K	N	Q	S	T	A	V	L	I	F	Y	W	H	M	C	P
0	0.02411	0.13644	0.36877	0.02727	0.04022	0.02844	0.03205	0.03924	0.13085	0.03553	0.02418	0.02594	0.01799	0.01115	0.01000	0.00333	0.01383	0.00863	0.00600	0.01603
1	0.01566	0.01190	0.01512	0.01512	0.01804	0.01033	0.01075	0.01877	0.02305	0.03235	0.13866	0.38902	0.06573	0.02645	0.01248	0.00365	0.00649	0.02373	0.00968	0.15303
2	0.01489	0.01112	0.01382	0.01315	0.01596	0.01006	0.00986	0.01952	0.02958	0.04068	0.45076	0.08646	0.19706	0.02343	0.01287	0.00348	0.00522	0.02042	0.01160	0.01006
3	0.03232	0.02281	0.02550	0.02204	0.02867	0.02504	0.01771	0.13569	0.31021	0.13230	0.04221	0.04578	0.03256	0.01582	0.01144	0.00370	0.00949	0.05837	0.01135	0.01698
4	0.01586	0.01057	0.01189	0.01189	0.01189	0.01057	0.00661	0.01586	0.01586	0.02114	0.03436	0.07135	0.03964	0.61681	0.05550	0.01057	0.01057	0.01586	0.00661	0.00661
5	0.02478	0.13061	0.03642	0.23935	0.10427	0.02929	0.02472	0.03688	0.15090	0.03272	0.02471	0.02929	0.01950	0.01212	0.01220	0.00346	0.05835	0.00965	0.00646	0.01433
6	0.04301	0.02513	0.02902	0.02257	0.03093	0.02616	0.01854	0.28753	0.08957	0.25860	0.03457	0.03189	0.02330	0.01341	0.01095	0.00335	0.01060	0.01051	0.01195	0.01842
7	0.02415	0.02050	0.02621	0.02856	0.11905	0.02257	0.01881	0.07605	0.20278	0.04180	0.13650	0.10772	0.04580	0.01773	0.01364	0.00369	0.05522	0.01499	0.00962	0.01462
8	0.02915	0.62337	0.05714	0.01866	0.02799	0.04314	0.01866	0.03265	0.02215	0.02565	0.01516	0.01749	0.01399	0.00933	0.00700	0.00233	0.01166	0.00583	0.00466	0.01399
9	0.02788	0.01704	0.02341	0.12199	0.03295	0.01750	0.01733	0.03404	0.06412	0.18591	0.03924	0.19204	0.03577	0.01872	0.01328	0.00367	0.05135	0.01585	0.00950	0.07843
10	0.08703	0.02586	0.03035	0.24763	0.09930	0.12153	0.02390	0.03785	0.02581	0.16089	0.02454	0.02822	0.01758	0.01142	0.01037	0.00336	0.01350	0.00922	0.00734	0.01430
11	0.64222	0.02353	0.01720	0.01543	0.02208	0.06781	0.01254	0.03296	0.01953	0.04716	0.01531	0.01787	0.01199	0.01021	0.00699	0.00333	0.00932	0.00599	0.00666	0.01187
12	0.13036	0.13087	0.03730	0.15494	0.19096	0.02793	0.02452	0.03337	0.02286	0.08400	0.02029	0.02508	0.01602	0.01089	0.01103	0.00329	0.04712	0.00853	0.00610	0.01454
13	0.02960	0.08190	0.02927	0.02040	0.02889	0.02584	0.01674	0.16992	0.15938	0.04632	0.02721	0.02770	0.02096	0.01129	0.00952	0.00267	0.00965	0.00882	0.00870	0.26519
14	0.01443	0.01111	0.01318	0.01266	0.01567	0.00986	0.00950	0.01863	0.02850	0.03810	0.37261	0.09070	0.27682	0.02439	0.01287	0.00353	0.00529	0.02102	0.01126	0.00986
15	0.01558	0.01168	0.01752	0.01752	0.01947	0.01363	0.01363	0.01947	0.01752	0.02531	0.02921	0.04283	0.02726	0.08178	0.57360	0.01752	0.02921	0.01168	0.00584	0.00974
16	0.02385	0.02385	0.03340	0.02863	0.02863	0.03340	0.02385	0.02624	0.01670	0.02624	0.01431	0.02385	0.01431	0.01908	0.03578	0.00477	0.59685	0.00954	0.00477	0.01193
17	0.02712	0.02342	0.02465	0.02219	0.02835	0.02712	0.01726	0.05794	0.52909	0.04561	0.04438	0.04068	0.03328	0.01479	0.01109	0.00370	0.00863	0.01233	0.01109	0.01726
18	0.04073	0.05197	0.03090	0.02809	0.03371	0.57303	0.02107	0.04354	0.03090	0.02669	0.01685	0.01966	0.01404	0.01124	0.00983	0.00281	0.01966	0.00702	0.00562	0.01264
19	0.01543	0.01115	0.01457	0.01372	0.01629	0.01029	0.01029	0.02058	0.03086	0.04372	0.54304	0.08145	0.10288	0.02229	0.01286	0.00343	0.00514	0.01972	0.01200	0.01029
20	0.01757	0.01255	0.01757	0.02008	0.02259	0.01255	0.01757	0.02259	0.02510	0.03263	0.05773	0.12299	0.06275	0.03012	0.01506	0.00502	0.01004	0.47540	0.01004	0.01004
21	0.01757	0.01255	0.01757	0.02008	0.02259	0.01255	0.01757	0.02259	0.02510	0.03263	0.05773	0.12299	0.06275	0.03012	0.01506	0.00502	0.01004	0.47540	0.01004	0.01004
22	0.04673	0.02207	0.02748	0.02107	0.02959	0.02124	0.01740	0.18775	0.03709	0.41343	0.03808	0.03391	0.02451	0.01338	0.01095	0.00334	0.01008	0.01063	0.01274	0.01855
23	0.01343	0.01107	0.01180	0.01162	0.01506	0.00944	0.00871	0.01670	0.02614	0.03250	0.20274	0.09992	0.45019	0.02648	0.01288	0.00363	0.00544	0.02231	0.01053	0.00944
24	0.55015	0.01876	0.01477	0.01345	0.01930	0.02141	0.01092	0.03063	0.01948	0.04716	0.01953	0.02261	0.01525	0.01067	0.00693	0.00320	0.00772	0.00681	0.14980	0.01146
25	0.03012	0.02491	0.02634	0.02280	0.02949	0.02852	0.01798	0.15299	0.42916	0.05044	0.04057	0.03765	0.03020	0.01444	0.01106	0.00361	0.00933	0.01180	0.01106	0.01753
26	0.26567	0.24004	0.13067	0.02009	0.02966	0.03223	0.02036	0.08672	0.02430	0.04038	0.01720	0.01955	0.01369	0.01022	0.00796	0.00301	0.01136	0.00671	0.00610	0.01411
27	0.02148	0.01248	0.01651	0.01474	0.01838	0.01132	0.01132	0.02646	0.03093	0.13633	0.45271	0.07344	0.08917	0.02070	0.01252	0.00342	0.00589	0.01814	0.01227	0.01178
28	0.04892	0.01856	0.02530	0.01940	0.02783	0.01603	0.01603	0.05314	0.03121	0.55634	0.04302	0.03711	0.02699	0.01350	0.01096	0.00337	0.00928	0.01096	0.01350	0.01856
29	0.01394	0.01080	0.01270	0.01282	0.01553	0.00956	0.00939	0.01746	0.02645	0.03466	0.26801	0.18707	0.28898	0.02675	0.01306	0.00372	0.00552	0.02319	0.01085	0.00956
30	0.01543	0.01115	0.01457	0.01372	0.01629	0.01029	0.01029	0.02058	0.03086	0.04372	0.54304	0.08145	0.10288	0.02229	0.01286	0.00343	0.00514	0.01972	0.01200	0.01029
31	0.02033	0.01016	0.01016	0.01016	0.01270	0.01016	0.00762	0.02541	0.02287	0.04065	0.03557	0.04065	0.02795	0.01270	0.00762	0.00254	0.00508	0.01016	0.67734	0.01016
32	0.03949	0.01849	0.02678	0.02734	0.12010	0.01671	0.01827	0.04375	0.02847	0.38111	0.04157	0.12322	0.03216	0.01599	0.01139	0.00351	0.00949	0.01382	0.01151	0.01683
33	0.02886	0.35271	0.18969	0.02471	0.03593	0.03412	0.07163	0.03544	0.02365	0.08248	0.01982	0.02211	0.01550	0.01001	0.00887	0.00287	0.01327	0.00763	0.00562	0.01509
34	0.04217	0.02938	0.03201	0.02454	0.03324	0.03209	0.02027	0.46802	0.04933	0.11587	0.02781	0.02724	0.01936	0.01313	0.01091	0.00328	0.01174	0.00993	0.01116	0.01854
35	0.01450	0.01082	0.01347	0.01341	0.01587	0.00980	0.00983	0.01855	0.02778	0.03781	0.36351	0.18189	0.19150	0.02557	0.01306	0.00366	0.00544	0.02246	0.01126	0.00980
36	0.03290	0.02970	0.11798	0.03601	0.15125	0.02426	0.09013	0.12397	0.03059	0.15241	0.02629	0.02829	0.01884	0.01100	0.01080	0.00321	0.01274	0.00985	0.00812	0.08168
37	0.02878	0.51499	0.05127	0.01929	0.02805	0.04025	0.01840	0.03722	0.11373	0.02926	0.02044	0.02168	0.01748	0.01032	0.00774	0.00258	0.01111	0.00700	0.00583	0.01458
38	0.03272	0.03516	0.25765	0.02393	0.03592	0.01982	0.02606	0.04072	0.02620	0.24160	0.02883	0.02854	0.01943	0.01122	0.01021	0.00311	0.01205	0.00894	0.00844	0.12944
39	0.13086	0.13193	0.03518	0.02986	0.14082	0.02746	0.02052	0.12481	0.03000	0.18788	0.02613	0.02665	0.01886	0.01137	0.00960	0.00314	0.01087	0.00884	0.00872	0.01649
40	0.02216	0.11166	0.40509	0.02663	0.03907	0.02446	0.03229	0.03065	0.02133	0.03072	0.01896	0.02423	0.01476	0.01521	0.01581	0.12605	0.01441	0.00806	0.00463	0.01382
41	0.02082	0.02607	0.12802	0.48952	0.07006	0.02442	0.03209	0.02906	0.02202	0.02906	0.01941	0.02798	0.01440	0.01080	0.01080	0.00360	0.01482	0.00939	0.00480	0.01284
42	0.02909	0.02326	0.04034	0.24365	0.14596	0.02439	0.13151	0.06398	0.02663	0.12611	0.02473	0.03001	0.01789	0.01090	0.01132	0.00350	0.01401	0.01061	0.00697	0.01513
43	0.02257	0.02228	0.02955	0.22397	0.04319	0.07020	0.02344	0.02720	0.02222	0.03001	0.11182	0.03575	0.03037	0.01614	0.02075	0.00397	0.23742	0.01123	0.00617	0.01175
44	0.01883	0.01365	0.01669	0.01666	0.01917	0.01367	0.01207	0.10616	0.02850	0.03861	0.15699	0.39159	0.06900	0.02782	0.01315	0.00401	0.00710	0.02476	0.01066	0.01091
45	0.02028	0.01635	0.02422	0.02170	0.02539	0.01624	0.08868	0.10804	0.02711	0.03631	0.04813	0.41516	0.05390	0.02652	0.01321	0.00410	0.00920	0.02439	0.00956	0.01150
46	0.03511	0.15839	0.09322	0.02705	0.03695	0.03262	0.09682	0.25424	0.03682	0.08957	0.02389	0.02538	0.01748	0.01146	0.01033	0.00316	0.01309	0.00936	0.00834	0.01675
47	0.03326	0.02192	0.02846	0.12072	0.07842	0.02325	0.02046	0.20380	0.03437	0.15576	0.03429	0.13448	0.02924	0.01634	0.01145	0.00356	0.01090	0.01386	0.00985	0.01561
48	0.01578	0.01201	0.01482	0.01645	0.01808	0.01216	0.01141	0.02291	0.11269	0.03105	0.05726	0.50690	0.06510	0.03066	0.01341	0.00430	0.00674	0.02762	0.01030	0.01037

[dist]
# distance from previous block
# <min> <max>
0	2

[block]
# block no. 6 follows, 12 sequences, length 56
# corresponding to MSA columns:
# 586-641
name=unknown_G
#
# <colnr> <probs for GDERKNQSTAVLIFYWHMCP>
#	G	D	E	R	K	N	Q	S	T	A	V	L	I	F	Y	W	H	M	C	P
0	0.15599	0.02807	0.03131	0.20470	0.13612	0.11777	0.02430	0.10861	0.02789	0.03948	0.01943	0.02452	0.01506	0.01094	0.00992	0.00332	0.01355	0.00855	0.00639	0.01408
1	0.11243	0.02436	0.03034	0.23021	0.07896	0.07568	0.05110	0.03563	0.10752	0.03533	0.02300	0.02772	0.01776	0.01095	0.01005	0.00326	0.01255	0.00917	0.00649	0.09749
2	0.26439	0.02209	0.02329	0.09408	0.03188	0.02627	0.01751	0.04233	0.24117	0.04300	0.02838	0.02967	0.02171	0.01294	0.01140	0.00366	0.05429	0.00947	0.00824	0.01423
3	0.02226	0.02167	0.03306	0.30292	0.05131	0.02892	0.02699	0.02703	0.01919	0.02703	0.01679	0.02640	0.01442	0.01509	0.02364	0.00422	0.31263	0.00961	0.00481	0.01202
4	0.02184	0.04229	0.36282	0.02641	0.03829	0.02317	0.03070	0.03685	0.12477	0.03827	0.11195	0.03629	0.03256	0.01323	0.01092	0.00350	0.01280	0.01085	0.00713	0.01537
5	0.01405	0.01109	0.01265	0.01226	0.01544	0.00970	0.00920	0.01789	0.02759	0.03595	0.30736	0.09424	0.34342	0.02519	0.01287	0.00357	0.00535	0.02151	0.01098	0.00970
6	0.01478	0.01112	0.01367	0.01303	0.01589	0.01001	0.00978	0.01932	0.02933	0.04008	0.43242	0.08745	0.21577	0.02365	0.01287	0.00349	0.00524	0.02056	0.01152	0.01001
7	0.02435	0.19225	0.36600	0.02685	0.03998	0.02996	0.03193	0.03712	0.08887	0.03378	0.02172	0.02396	0.01640	0.01068	0.00962	0.00321	0.01404	0.00806	0.00547	0.01574
8	0.01289	0.01105	0.01105	0.01105	0.01473	0.00920	0.00828	0.01565	0.02485	0.02946	0.11046	0.10493	0.54437	0.02761	0.01289	0.00368	0.00552	0.02301	0.01013	0.00920
9	0.03255	0.02612	0.02771	0.02329	0.03042	0.02966	0.01857	0.23007	0.34812	0.05436	0.03749	0.03519	0.02770	0.01415	0.01102	0.00354	0.00991	0.01138	0.01102	0.01774
10	0.02051	0.01943	0.02599	0.09266	0.03151	0.06197	0.05076	0.02425	0.02171	0.02861	0.03724	0.22472	0.04068	0.02341	0.01895	0.00434	0.16076	0.09414	0.00745	0.01091
11	0.03496	0.10549	0.16612	0.02988	0.08534	0.02403	0.08410	0.04196	0.02681	0.25002	0.02914	0.02933	0.01996	0.01133	0.01054	0.00329	0.01270	0.00973	0.00849	0.01680
12	0.02574	0.02941	0.06434	0.04596	0.05699	0.02757	0.50919	0.03493	0.02574	0.03493	0.02206	0.02941	0.01654	0.00919	0.01287	0.00368	0.01838	0.01287	0.00551	0.01471
13	0.01702	0.01219	0.01680	0.01845	0.02098	0.01197	0.01571	0.02208	0.02657	0.03547	0.18183	0.11237	0.07301	0.02812	0.01450	0.00461	0.00879	0.35888	0.01054	0.01010
14	0.08244	0.36930	0.13210	0.02054	0.03064	0.03366	0.02125	0.03676	0.02372	0.12833	0.02112	0.02211	0.01623	0.01034	0.00828	0.00279	0.01171	0.00717	0.00647	0.01503
15	0.04091	0.01904	0.02440	0.01939	0.02607	0.01875	0.01591	0.09919	0.03077	0.36359	0.03711	0.03518	0.02497	0.01384	0.01274	0.00335	0.06440	0.01056	0.12328	0.01653
16	0.01470	0.01018	0.01271	0.01417	0.01467	0.00986	0.00920	0.01603	0.01908	0.02537	0.04903	0.34489	0.05767	0.28019	0.03158	0.00707	0.00840	0.05856	0.00863	0.00800
17	0.02510	0.01156	0.01269	0.01171	0.01523	0.01114	0.00903	0.03004	0.02426	0.12681	0.03681	0.04006	0.02779	0.01284	0.00818	0.00268	0.00578	0.01030	0.56643	0.01156
18	0.58130	0.01926	0.01505	0.01364	0.01969	0.02207	0.01111	0.03094	0.01928	0.04754	0.01859	0.02154	0.01450	0.01055	0.00689	0.00323	0.00787	0.00662	0.11879	0.01153
19	0.04073	0.05197	0.03090	0.02809	0.03371	0.57303	0.02107	0.04354	0.03090	0.02669	0.01685	0.01966	0.01404	0.01124	0.00983	0.00281	0.01966	0.00702	0.00562	0.01264
20	0.02486	0.01292	0.01639	0.01441	0.01861	0.01169	0.01120	0.02957	0.02916	0.17692	0.29370	0.06477	0.10415	0.01878	0.01149	0.00329	0.00625	0.01607	0.12341	0.01236
21	0.01328	0.00949	0.01265	0.01518	0.01581	0.00886	0.01012	0.01518	0.02088	0.02783	0.06010	0.60969	0.07212	0.03416	0.01392	0.00443	0.00633	0.03100	0.01012	0.00886
22	0.02187	0.05640	0.56031	0.03108	0.04719	0.02532	0.04029	0.03453	0.02302	0.03453	0.01957	0.02302	0.01381	0.01036	0.01036	0.00345	0.01611	0.00806	0.00460	0.01611
23	0.01423	0.01022	0.01350	0.01454	0.01602	0.00949	0.01019	0.01755	0.02526	0.03481	0.27226	0.37762	0.08563	0.02895	0.01345	0.00399	0.00581	0.02604	0.01095	0.00949
24	0.02206	0.03611	0.25611	0.27200	0.10702	0.02506	0.06603	0.03163	0.02285	0.03184	0.01974	0.02637	0.01462	0.01045	0.01079	0.00352	0.01530	0.00922	0.00484	0.01444
25	0.03173	0.31848	0.04214	0.02174	0.02959	0.12670	0.01890	0.08626	0.15600	0.03500	0.02395	0.02460	0.01936	0.01140	0.00889	0.00285	0.01225	0.00807	0.00706	0.01503
26	0.35452	0.01939	0.01967	0.01663	0.02286	0.02068	0.01334	0.07985	0.02415	0.17554	0.02397	0.02605	0.01752	0.01590	0.01421	0.11687	0.00916	0.00816	0.00853	0.01299
27	0.02760	0.02394	0.03573	0.30902	0.18843	0.02712	0.02867	0.15324	0.03013	0.04034	0.02141	0.02779	0.01628	0.01115	0.01087	0.00344	0.01347	0.00973	0.00654	0.01511
28	0.58055	0.01933	0.01534	0.01393	0.01955	0.02214	0.01094	0.02935	0.01810	0.04428	0.01839	0.02667	0.01646	0.11148	0.01489	0.00458	0.00879	0.00757	0.00672	0.01094
29	0.01930	0.01693	0.08560	0.01724	0.02076	0.01219	0.01421	0.02257	0.02161	0.09374	0.04837	0.37149	0.05343	0.12581	0.02003	0.00520	0.00868	0.02297	0.00924	0.01064
30	0.02497	0.02078	0.02388	0.01727	0.02684	0.01695	0.01390	0.08816	0.02620	0.03968	0.02023	0.02306	0.01645	0.00870	0.00843	0.00182	0.00857	0.00688	0.00702	0.60024
31	0.02959	0.01428	0.01911	0.01612	0.02117	0.01271	0.01271	0.03434	0.03101	0.26045	0.33163	0.06270	0.07080	0.01857	0.01206	0.00341	0.00689	0.01602	0.01263	0.01378
32	0.01491	0.01065	0.01451	0.01704	0.01838	0.01026	0.01294	0.01799	0.02248	0.02965	0.05920	0.42536	0.06857	0.03263	0.01435	0.00465	0.00773	0.19931	0.01009	0.00930
33	0.04333	0.01732	0.02351	0.01845	0.02591	0.01507	0.01507	0.04770	0.03115	0.47070	0.12656	0.04452	0.03967	0.01496	0.01128	0.00338	0.00859	0.01243	0.01325	0.01717
34	0.01739	0.01186	0.01599	0.01817	0.02045	0.01178	0.01534	0.02203	0.02428	0.03308	0.05513	0.17316	0.05938	0.02835	0.01395	0.00462	0.00893	0.35904	0.09717	0.00991
35	0.04145	0.03054	0.03272	0.02509	0.03381	0.03381	0.02072	0.51243	0.05127	0.06872	0.02618	0.02618	0.01854	0.01309	0.01091	0.00327	0.01200	0.00982	0.01091	0.01854
36	0.03269	0.02218	0.02482	0.02148	0.02822	0.02428	0.01694	0.05671	0.40178	0.17621	0.04403	0.03977	0.03167	0.01446	0.01106	0.00362	0.00880	0.01198	0.01171	0.01759
37	0.02324	0.02454	0.04897	0.31056	0.06578	0.02595	0.27652	0.03149	0.02382	0.03149	0.02076	0.02925	0.01557	0.01002	0.01191	0.00366	0.01651	0.01132	0.00519	0.01345
38	0.04892	0.01856	0.02530	0.01940	0.02783	0.01603	0.01603	0.05314	0.03121	0.55634	0.04302	0.03711	0.02699	0.01350	0.01096	0.00337	0.00928	0.01096	0.01350	0.01856
39	0.01650	0.01299	0.01843	0.01807	0.01932	0.01543	0.01372	0.01942	0.01761	0.02521	0.03163	0.11482	0.03265	0.13678	0.35968	0.01317	0.10436	0.01434	0.00633	0.00953
40	0.03946	0.03798	0.02977	0.11985	0.03912	0.33891	0.02132	0.04337	0.02946	0.16232	0.02397	0.02570	0.01744	0.01176	0.01030	0.00309	0.01615	0.00848	0.00750	0.01406
