[name]
unknown

[dist]
# distance from previous block
# <min> <max>
0	88

[block]
# block no. 0 follows, 11 sequences, length 23
# corresponding to MSA columns:
# 104-126
name=unknown_A
#
# <colnr> <probs for GDERKNQSTAVLIFYWHMCP>
#	G	D	E	R	K	N	Q	S	T	A	V	L	I	F	Y	W	H	M	C	P
0	0.01438	0.01106	0.01328	0.01443	0.01685	0.00996	0.01071	0.01751	0.02497	0.03193	0.13574	0.27786	0.26216	0.03057	0.01396	0.00422	0.00656	0.08358	0.01066	0.00962
1	0.03988	0.09950	0.03927	0.02728	0.03626	0.08476	0.06172	0.36195	0.04526	0.05880	0.02446	0.02566	0.01799	0.01254	0.01087	0.00326	0.01366	0.00966	0.00953	0.01769
2	0.03583	0.20053	0.03671	0.02103	0.02865	0.03090	0.01823	0.15562	0.06350	0.14359	0.02853	0.02906	0.02125	0.01291	0.01142	0.00315	0.04948	0.00932	0.08407	0.01619
3	0.01394	0.00989	0.01299	0.01538	0.01598	0.00929	0.01014	0.01573	0.02110	0.02814	0.05975	0.55214	0.07156	0.08415	0.01805	0.00512	0.00691	0.03065	0.01014	0.00894
4	0.12258	0.03246	0.03314	0.11990	0.04184	0.13230	0.05085	0.24114	0.03765	0.05061	0.02222	0.02529	0.01650	0.01211	0.01060	0.00339	0.01427	0.00922	0.00824	0.01568
5	0.34927	0.08672	0.02719	0.01911	0.02716	0.02888	0.01612	0.16745	0.03084	0.11859	0.02268	0.02338	0.01647	0.01169	0.00878	0.00334	0.01022	0.00792	0.00887	0.01532
6	0.01339	0.01107	0.01175	0.01229	0.01544	0.00943	0.00895	0.01605	0.02480	0.03006	0.10321	0.20993	0.43503	0.02991	0.01352	0.00396	0.00587	0.02547	0.01045	0.00943
7	0.03578	0.09137	0.20498	0.02706	0.03826	0.09018	0.02740	0.20226	0.03591	0.10410	0.02467	0.02569	0.01758	0.01207	0.01060	0.00331	0.01434	0.00898	0.00823	0.01722
8	0.54521	0.02226	0.01929	0.01645	0.02382	0.02493	0.01356	0.07585	0.02378	0.11710	0.02044	0.02168	0.01485	0.01117	0.00791	0.00347	0.00914	0.00713	0.00825	0.01371
9	0.01555	0.01186	0.01452	0.01617	0.01791	0.01167	0.01122	0.02155	0.08694	0.03133	0.06541	0.47202	0.11744	0.03191	0.01387	0.00439	0.00676	0.02858	0.01058	0.01032
10	0.02410	0.01262	0.01659	0.01645	0.01972	0.01128	0.01197	0.02683	0.02501	0.17441	0.06255	0.38685	0.10953	0.02850	0.01339	0.00418	0.00731	0.02526	0.01144	0.01202
11	0.42888	0.02656	0.02656	0.02194	0.02946	0.07257	0.07771	0.06881	0.07600	0.04764	0.02072	0.02316	0.01586	0.01114	0.00884	0.00350	0.01133	0.00812	0.00746	0.01373
12	0.01955	0.00978	0.01466	0.01466	0.01466	0.00978	0.00978	0.01466	0.01466	0.01955	0.01955	0.03421	0.01955	0.03910	0.04399	0.67253	0.00978	0.00978	0.00489	0.00489
13	0.03009	0.61122	0.05898	0.01926	0.02889	0.04454	0.01926	0.03370	0.02287	0.02648	0.01565	0.01805	0.01444	0.00963	0.00722	0.00241	0.01204	0.00602	0.00481	0.01444
14	0.02257	0.05822	0.54613	0.03208	0.04871	0.02614	0.04158	0.03564	0.02376	0.03564	0.02020	0.02376	0.01426	0.01069	0.01069	0.00356	0.01663	0.00832	0.00475	0.01663
15	0.01583	0.01131	0.01549	0.01809	0.01967	0.01097	0.01413	0.01933	0.02364	0.03110	0.06087	0.37212	0.06982	0.03327	0.01493	0.00486	0.00836	0.23608	0.01041	0.00973
16	0.01730	0.01295	0.01623	0.01516	0.01823	0.01260	0.01144	0.02563	0.08674	0.04536	0.47337	0.07928	0.09802	0.02213	0.01307	0.00357	0.00572	0.01949	0.01228	0.01144
17	0.01909	0.01493	0.02361	0.02376	0.02734	0.01471	0.07201	0.02476	0.02598	0.03395	0.05542	0.11601	0.05937	0.02864	0.01529	0.00502	0.01134	0.40801	0.00983	0.01091
18	0.01730	0.01236	0.01718	0.01977	0.02200	0.01223	0.01668	0.02187	0.02509	0.03275	0.06005	0.21579	0.06660	0.03188	0.01532	0.00507	0.00964	0.37790	0.01038	0.01013
19	0.02334	0.02001	0.02334	0.01667	0.02667	0.01500	0.01334	0.02834	0.02334	0.03668	0.02001	0.02334	0.01667	0.00834	0.00834	0.00167	0.00834	0.00667	0.00667	0.67325
20	0.03623	0.10805	0.08807	0.02313	0.03298	0.06204	0.02092	0.19644	0.03543	0.12416	0.02545	0.02606	0.01855	0.01161	0.01002	0.00291	0.01206	0.00870	0.00886	0.14830
21	0.52762	0.02504	0.01955	0.01710	0.02416	0.08464	0.01385	0.03730	0.02232	0.11274	0.01966	0.02115	0.01452	0.01104	0.00790	0.00342	0.01014	0.00691	0.00775	0.01321
22	0.04329	0.08224	0.12771	0.02224	0.03253	0.02099	0.02154	0.04922	0.02973	0.39762	0.03711	0.03365	0.02402	0.01291	0.01081	0.00340	0.01115	0.01025	0.01133	0.01823

[dist]
# distance from previous block
# <min> <max>
0	2

[block]
# block no. 1 follows, 11 sequences, length 32
# corresponding to MSA columns:
# 129-160
name=unknown_B
#
# <colnr> <probs for GDERKNQSTAVLIFYWHMCP>
#	G	D	E	R	K	N	Q	S	T	A	V	L	I	F	Y	W	H	M	C	P
0	0.04589	0.02183	0.02730	0.02113	0.02946	0.02091	0.01737	0.16820	0.03762	0.38128	0.07609	0.03878	0.03144	0.01450	0.01145	0.00346	0.00999	0.01168	0.01311	0.01851
1	0.09630	0.03176	0.12648	0.02668	0.07221	0.10435	0.02246	0.04081	0.02739	0.20981	0.03321	0.10263	0.02692	0.01507	0.01099	0.00354	0.01245	0.01220	0.00910	0.01565
2	0.04016	0.02127	0.02546	0.02050	0.02766	0.02121	0.01653	0.19679	0.03699	0.26574	0.04004	0.10752	0.03106	0.01648	0.01135	0.00350	0.00970	0.01352	0.07752	0.01699
3	0.02126	0.02001	0.03376	0.57739	0.07752	0.02501	0.03126	0.02876	0.02251	0.02876	0.02001	0.03001	0.01500	0.01125	0.01125	0.00375	0.01500	0.01000	0.00500	0.01250
4	0.43803	0.02237	0.02124	0.01758	0.02526	0.02427	0.01450	0.09897	0.02690	0.17928	0.02452	0.02456	0.01711	0.01174	0.00864	0.00347	0.00941	0.00796	0.00931	0.01488
5	0.03927	0.02141	0.03130	0.17231	0.10773	0.02163	0.02313	0.08275	0.03058	0.30259	0.03355	0.03383	0.02246	0.01269	0.01127	0.00353	0.01172	0.01071	0.01029	0.01725
6	0.03358	0.02707	0.05460	0.03940	0.05000	0.02497	0.35353	0.04157	0.02822	0.18443	0.02911	0.03269	0.02024	0.01079	0.01271	0.00370	0.01622	0.01271	0.00811	0.01635
7	0.02810	0.02542	0.04142	0.05372	0.34514	0.02570	0.06950	0.09295	0.02930	0.04065	0.02834	0.04414	0.02560	0.01387	0.01206	0.00369	0.01323	0.08351	0.00710	0.01655
8	0.04978	0.02031	0.02683	0.02057	0.02931	0.01826	0.01700	0.09611	0.03415	0.49805	0.04278	0.03726	0.02705	0.01389	0.01131	0.00347	0.00984	0.01121	0.01368	0.01915
9	0.03850	0.01983	0.02446	0.02022	0.02736	0.01959	0.01620	0.05213	0.19281	0.31235	0.10781	0.04549	0.04022	0.01556	0.01162	0.00360	0.00880	0.01296	0.01290	0.01760
10	0.01415	0.01011	0.01356	0.01617	0.01702	0.00952	0.01121	0.01643	0.02198	0.02922	0.06179	0.55034	0.07348	0.03485	0.01448	0.00463	0.00691	0.07442	0.01044	0.00926
11	0.05050	0.01915	0.02612	0.02003	0.02873	0.01654	0.01654	0.05485	0.03221	0.54203	0.04440	0.03831	0.02786	0.01393	0.01132	0.00348	0.00958	0.01132	0.01393	0.01915
12	0.55618	0.02881	0.11885	0.01814	0.02697	0.02542	0.01787	0.03358	0.02004	0.04763	0.01655	0.01934	0.01259	0.01050	0.00769	0.00350	0.01024	0.00652	0.00654	0.01305
13	0.01481	0.01100	0.01381	0.01409	0.01638	0.00999	0.01019	0.01871	0.02776	0.03772	0.31847	0.23554	0.17501	0.02753	0.01359	0.00388	0.00573	0.02432	0.01148	0.00999
14	0.01801	0.01411	0.01769	0.01967	0.06167	0.01350	0.01303	0.06535	0.02793	0.03683	0.15016	0.26221	0.20318	0.02693	0.01329	0.00395	0.00723	0.02360	0.01045	0.01121
15	0.02241	0.02136	0.03022	0.02657	0.02710	0.02918	0.02188	0.02527	0.01746	0.02684	0.01876	0.02971	0.01824	0.03650	0.17265	0.00834	0.44014	0.01042	0.00521	0.01172
16	0.02439	0.18610	0.21633	0.08380	0.04552	0.02964	0.12936	0.03265	0.02380	0.03204	0.02356	0.07908	0.02073	0.01256	0.01076	0.00343	0.01483	0.01122	0.00554	0.01464
17	0.02607	0.02899	0.09447	0.15202	0.36179	0.02655	0.07847	0.03379	0.02499	0.03520	0.02103	0.02807	0.01692	0.01026	0.01132	0.00348	0.01451	0.01017	0.00540	0.01653
18	0.03657	0.02740	0.07931	0.08118	0.09022	0.02442	0.14545	0.10187	0.03136	0.22032	0.03045	0.03200	0.02087	0.01189	0.01175	0.00357	0.01373	0.01121	0.00921	0.01724
19	0.02747	0.02320	0.02440	0.02169	0.02796	0.02624	0.01694	0.09492	0.40736	0.04714	0.05293	0.04922	0.09736	0.01683	0.01168	0.00377	0.00882	0.01392	0.01130	0.01686
20	0.03524	0.30775	0.08379	0.02355	0.03310	0.09092	0.02194	0.19997	0.03454	0.04312	0.02022	0.02190	0.01611	0.01129	0.00921	0.00289	0.01333	0.00778	0.00720	0.01614
21	0.03622	0.02230	0.02933	0.02761	0.11130	0.02005	0.01898	0.09965	0.03070	0.21996	0.02974	0.02985	0.02114	0.01126	0.01023	0.00281	0.01012	0.00931	0.00966	0.24977
22	0.03506	0.03865	0.26641	0.02633	0.03852	0.02351	0.02861	0.08431	0.07081	0.22638	0.03188	0.03095	0.02139	0.01252	0.01104	0.00354	0.01301	0.00995	0.00926	0.01788
23	0.01506	0.01208	0.01508	0.01609	0.01791	0.01210	0.01193	0.01768	0.02291	0.02960	0.07454	0.33314	0.21963	0.03109	0.01633	0.00441	0.06301	0.06781	0.00990	0.00969
24	0.68395	0.02177	0.01654	0.01480	0.02177	0.02525	0.01219	0.03309	0.01915	0.05050	0.01567	0.01828	0.01219	0.01045	0.00697	0.00348	0.00871	0.00609	0.00697	0.01219
25	0.03099	0.09515	0.23063	0.03541	0.10693	0.02752	0.10055	0.07812	0.02825	0.12243	0.02489	0.02744	0.01785	0.01110	0.01096	0.00343	0.01457	0.00972	0.00710	0.01699
26	0.02419	0.01258	0.01690	0.01674	0.01983	0.01135	0.01217	0.02715	0.02555	0.17354	0.10349	0.39020	0.06461	0.02809	0.01341	0.00416	0.00726	0.02507	0.01161	0.01208
27	0.01355	0.01045	0.01239	0.01394	0.01587	0.00929	0.00968	0.01587	0.02321	0.02941	0.08311	0.39891	0.25902	0.03252	0.01393	0.00426	0.00619	0.02865	0.01045	0.00929
28	0.03483	0.07800	0.17323	0.03075	0.04229	0.02597	0.14766	0.08563	0.02985	0.19656	0.02873	0.02990	0.01972	0.01158	0.01135	0.00349	0.01429	0.01055	0.00849	0.01712
29	0.03376	0.02592	0.03440	0.12187	0.13041	0.09180	0.06695	0.04148	0.06526	0.17486	0.07177	0.03615	0.02835	0.01295	0.01148	0.00348	0.01299	0.01140	0.00884	0.01586
30	0.02755	0.01625	0.01974	0.01824	0.02238	0.01612	0.01372	0.12562	0.03040	0.13789	0.04916	0.32320	0.05002	0.02473	0.01259	0.00395	0.00825	0.02162	0.06528	0.01330
31	0.02867	0.08427	0.19050	0.07683	0.05048	0.02847	0.21492	0.07622	0.02789	0.07856	0.02338	0.02785	0.01697	0.01067	0.01158	0.00355	0.01613	0.01063	0.00645	0.01598

[dist]
# distance from previous block
# <min> <max>
0	10

[block]
# block no. 2 follows, 11 sequences, length 43
# corresponding to MSA columns:
# 171-213
name=unknown_C
#
# <colnr> <probs for GDERKNQSTAVLIFYWHMCP>
#	G	D	E	R	K	N	Q	S	T	A	V	L	I	F	Y	W	H	M	C	P
0	0.26308	0.13222	0.07309	0.01919	0.02788	0.02733	0.01752	0.03963	0.10526	0.09277	0.02451	0.02528	0.01858	0.01126	0.00868	0.00316	0.01008	0.00798	0.00781	0.08470
1	0.14006	0.01514	0.01693	0.01667	0.01997	0.01555	0.01212	0.07320	0.02490	0.08061	0.04614	0.33831	0.05044	0.07759	0.01629	0.00472	0.00819	0.02187	0.00989	0.01140
2	0.02726	0.23814	0.04075	0.12414	0.03823	0.07302	0.06223	0.03522	0.07391	0.03271	0.02407	0.02825	0.01939	0.01127	0.00929	0.00300	0.01234	0.00899	0.12410	0.01368
3	0.08429	0.02767	0.11487	0.02105	0.03150	0.02017	0.01983	0.08490	0.02854	0.18048	0.02714	0.02752	0.01924	0.01098	0.00976	0.00281	0.01055	0.00854	0.00883	0.26133
4	0.02059	0.01572	0.02426	0.08379	0.16284	0.01614	0.01797	0.02202	0.01957	0.02668	0.02843	0.09936	0.02968	0.17255	0.03219	0.18693	0.01123	0.01381	0.00615	0.01010
5	0.03034	0.18705	0.08658	0.17362	0.04905	0.02951	0.11431	0.03701	0.02532	0.12739	0.02398	0.02787	0.01762	0.01093	0.01050	0.00333	0.01405	0.00965	0.00676	0.01514
6	0.08159	0.02131	0.02868	0.26687	0.04957	0.02379	0.02282	0.12321	0.03021	0.13052	0.03535	0.03830	0.07243	0.01394	0.01115	0.00361	0.01205	0.01142	0.00854	0.01464
7	0.05050	0.01915	0.02612	0.02003	0.02873	0.01654	0.01654	0.05485	0.03221	0.54203	0.04440	0.03831	0.02786	0.01393	0.01132	0.00348	0.00958	0.01132	0.01393	0.01915
8	0.03198	0.03273	0.02465	0.02225	0.02718	0.26702	0.01687	0.03822	0.07058	0.07985	0.21100	0.04718	0.05116	0.01631	0.01151	0.00326	0.01292	0.01289	0.00939	0.01306
9	0.01546	0.01223	0.01542	0.06395	0.02171	0.01151	0.01173	0.02008	0.02878	0.03835	0.33306	0.08794	0.25070	0.02393	0.01310	0.00365	0.00633	0.02065	0.01102	0.01039
10	0.02255	0.02133	0.03610	0.47768	0.16711	0.02535	0.03190	0.02989	0.02312	0.03033	0.02023	0.02959	0.01556	0.01101	0.01123	0.00367	0.01468	0.01001	0.00511	0.01355
11	0.02425	0.19771	0.27348	0.17817	0.05124	0.03082	0.03270	0.03323	0.02318	0.03127	0.01891	0.02393	0.01451	0.01056	0.00991	0.00330	0.01494	0.00816	0.00484	0.01491
12	0.05050	0.01915	0.02612	0.02003	0.02873	0.01654	0.01654	0.05485	0.03221	0.54203	0.04440	0.03831	0.02786	0.01393	0.01132	0.00348	0.00958	0.01132	0.01393	0.01915
13	0.03000	0.02390	0.07816	0.18013	0.13556	0.02249	0.02622	0.03601	0.02521	0.16818	0.03038	0.08591	0.02466	0.01481	0.01387	0.00378	0.06511	0.01233	0.00800	0.01529
14	0.02175	0.03022	0.17331	0.32593	0.10546	0.02411	0.03202	0.02998	0.02254	0.03071	0.02167	0.03234	0.01758	0.06866	0.01556	0.00436	0.01490	0.01016	0.00516	0.01358
15	0.02937	0.30016	0.24164	0.02531	0.03752	0.03583	0.02819	0.11338	0.02834	0.03758	0.01933	0.02177	0.01517	0.01070	0.00924	0.00302	0.01386	0.00760	0.00589	0.01609
16	0.01722	0.01308	0.01938	0.01890	0.02053	0.01567	0.01471	0.02029	0.01770	0.02563	0.02771	0.04142	0.02607	0.07407	0.46287	0.07534	0.08216	0.01164	0.00582	0.00981
17	0.02520	0.07953	0.08348	0.17007	0.04113	0.06841	0.02228	0.03354	0.07016	0.07390	0.12012	0.09409	0.03994	0.01612	0.01142	0.00356	0.01180	0.01359	0.00818	0.01350
18	0.02632	0.12930	0.04457	0.20893	0.31020	0.02942	0.03085	0.03270	0.02422	0.03259	0.01984	0.02673	0.01640	0.01032	0.01047	0.00329	0.01361	0.00930	0.00527	0.01566
19	0.03816	0.02468	0.07848	0.02185	0.03005	0.02117	0.01919	0.13710	0.07776	0.26666	0.08155	0.08363	0.03576	0.01613	0.01167	0.00359	0.01019	0.01333	0.01182	0.01724
20	0.02573	0.01900	0.02138	0.01915	0.02451	0.02033	0.01486	0.04471	0.28609	0.09746	0.18361	0.05923	0.09918	0.01847	0.01211	0.00370	0.00770	0.01568	0.01188	0.01522
21	0.04084	0.02079	0.03131	0.12929	0.13624	0.02005	0.02269	0.04622	0.02919	0.35150	0.03550	0.03478	0.02360	0.01269	0.01127	0.00350	0.01129	0.01083	0.01070	0.01771
22	0.01409	0.01098	0.01280	0.01331	0.01593	0.00969	0.00961	0.01732	0.02609	0.03371	0.20565	0.23921	0.29341	0.02899	0.01359	0.00395	0.00583	0.02519	0.01095	0.00969
23	0.02747	0.02257	0.02552	0.01898	0.02848	0.01994	0.01527	0.12089	0.07119	0.04414	0.02357	0.02565	0.01867	0.00992	0.00916	0.00218	0.00916	0.00785	0.00796	0.49143
24	0.09529	0.02618	0.03936	0.04535	0.25945	0.02648	0.07148	0.12322	0.03131	0.13335	0.02599	0.02890	0.01924	0.01134	0.01102	0.00343	0.01263	0.01023	0.00823	0.01752
25	0.02532	0.26579	0.31444	0.07596	0.04373	0.03306	0.03214	0.03429	0.02331	0.03153	0.01844	0.02214	0.01440	0.01034	0.00942	0.00314	0.01473	0.00759	0.00480	0.01543
26	0.01449	0.01052	0.01385	0.01622	0.01751	0.00988	0.01169	0.01712	0.02272	0.02979	0.06623	0.46683	0.11338	0.03389	0.01449	0.00461	0.00716	0.10978	0.01043	0.00940
27	0.04393	0.02403	0.07651	0.02989	0.12094	0.01923	0.02202	0.04949	0.03027	0.40601	0.03807	0.03513	0.02484	0.01294	0.01123	0.00347	0.01089	0.01082	0.01161	0.01869
28	0.03143	0.02673	0.04989	0.05227	0.26723	0.02556	0.20176	0.03874	0.02715	0.12687	0.02592	0.03066	0.01934	0.01053	0.01197	0.00354	0.01477	0.01147	0.00711	0.01708
29	0.02231	0.02083	0.03497	0.38541	0.19500	0.02393	0.03012	0.02905	0.02326	0.03092	0.02441	0.08456	0.02155	0.01326	0.01153	0.00372	0.01374	0.01215	0.00568	0.01362
30	0.02389	0.03530	0.25590	0.16828	0.04834	0.02195	0.03083	0.03285	0.02473	0.08686	0.03538	0.04521	0.06863	0.01490	0.01164	0.00379	0.01382	0.05626	0.00689	0.01454
31	0.05050	0.01915	0.02612	0.02003	0.02873	0.01654	0.01654	0.05485	0.03221	0.54203	0.04440	0.03831	0.02786	0.01393	0.01132	0.00348	0.00958	0.01132	0.01393	0.01915
32	0.02349	0.04833	0.39967	0.08536	0.09893	0.02627	0.03771	0.03714	0.06927	0.03618	0.02265	0.02645	0.01655	0.01110	0.01086	0.00358	0.01544	0.00906	0.00548	0.01648
33	0.01566	0.01244	0.01688	0.01815	0.01868	0.01366	0.01298	0.01771	0.02078	0.02844	0.05361	0.49501	0.06380	0.03249	0.01839	0.00463	0.10948	0.02805	0.00946	0.00971
34	0.25312	0.03941	0.26057	0.03147	0.08979	0.02614	0.07855	0.03469	0.02265	0.04096	0.01900	0.02298	0.01420	0.01041	0.00972	0.00354	0.01380	0.00825	0.00570	0.01506
35	0.04002	0.02726	0.03008	0.02401	0.03222	0.02969	0.01952	0.29536	0.17829	0.14851	0.03539	0.03323	0.02496	0.01408	0.01132	0.00352	0.01091	0.01107	0.01179	0.01877
36	0.02446	0.15059	0.23629	0.17634	0.09502	0.02965	0.07020	0.03341	0.02365	0.03220	0.01956	0.02517	0.01502	0.01048	0.01041	0.00339	0.01522	0.00886	0.00498	0.01512
37	0.50588	0.02218	0.01993	0.01681	0.02429	0.02451	0.01386	0.07999	0.02472	0.14461	0.02211	0.02285	0.01577	0.01138	0.00818	0.00347	0.00921	0.00745	0.00867	0.01414
38	0.01608	0.01206	0.01809	0.01809	0.02010	0.01407	0.01407	0.02010	0.01809	0.02613	0.03015	0.04422	0.02814	0.08441	0.55984	0.01809	0.03015	0.01206	0.00603	0.01005
39	0.03332	0.02664	0.05113	0.03738	0.04751	0.02512	0.31339	0.04366	0.07767	0.17686	0.03108	0.03374	0.02181	0.01130	0.01255	0.00371	0.01536	0.01268	0.00855	0.01655
40	0.04083	0.01961	0.02439	0.01984	0.02743	0.01871	0.01602	0.05201	0.15399	0.36196	0.05214	0.04667	0.08270	0.01582	0.01156	0.00360	0.00900	0.01299	0.01293	0.01779
41	0.01955	0.00978	0.01466	0.01466	0.01466	0.00978	0.00978	0.01466	0.01466	0.01955	0.01955	0.03421	0.01955	0.03910	0.04399	0.67253	0.00978	0.00978	0.00489	0.00489
42	0.01849	0.01195	0.01574	0.01478	0.01772	0.01095	0.01108	0.02340	0.03089	0.08341	0.44414	0.13028	0.09683	0.02347	0.01322	0.00364	0.00577	0.02076	0.01232	0.01116

[dist]
# distance from previous block
# <min> <max>
0	27

[block]
# block no. 3 follows, 11 sequences, length 54
# corresponding to MSA columns:
# 241-294
name=unknown_D
#
# <colnr> <probs for GDERKNQSTAVLIFYWHMCP>
#	G	D	E	R	K	N	Q	S	T	A	V	L	I	F	Y	W	H	M	C	P
0	0.03835	0.02788	0.13292	0.11445	0.04296	0.02076	0.06242	0.04535	0.02853	0.31873	0.03396	0.03347	0.02224	0.01250	0.01134	0.00357	0.01260	0.01067	0.01002	0.01727
1	0.01626	0.01011	0.01217	0.01374	0.01497	0.00972	0.00933	0.01911	0.02178	0.03240	0.05177	0.37679	0.05712	0.07457	0.01578	0.00446	0.00648	0.02384	0.22023	0.00938
2	0.02221	0.01315	0.01556	0.01399	0.01860	0.01134	0.01083	0.02600	0.02863	0.14774	0.19963	0.08684	0.31478	0.02392	0.01285	0.00367	0.00647	0.02016	0.01170	0.01192
3	0.03504	0.38885	0.04896	0.02551	0.09023	0.03522	0.02042	0.03921	0.02559	0.15955	0.02367	0.02442	0.01829	0.01078	0.00875	0.00280	0.01157	0.00786	0.00724	0.01606
4	0.02573	0.09183	0.02846	0.01773	0.02761	0.02017	0.01470	0.06716	0.02569	0.03825	0.02005	0.02301	0.01661	0.00891	0.00844	0.00190	0.00911	0.00687	0.00682	0.54095
5	0.35550	0.08434	0.06871	0.01977	0.02803	0.02921	0.01771	0.11249	0.10563	0.04967	0.02277	0.02397	0.01730	0.01166	0.00872	0.00342	0.01031	0.00800	0.00799	0.01481
6	0.02403	0.02432	0.09413	0.22141	0.16699	0.02173	0.02761	0.03128	0.02622	0.07381	0.13515	0.04138	0.03684	0.01370	0.01161	0.00356	0.01224	0.01220	0.00742	0.01437
7	0.02760	0.20041	0.09943	0.02456	0.07278	0.02804	0.02105	0.07928	0.02647	0.03707	0.01956	0.02258	0.01607	0.00967	0.00882	0.00243	0.01125	0.00731	0.00627	0.27935
8	0.03629	0.01750	0.02286	0.01789	0.02542	0.01479	0.01442	0.04101	0.03020	0.31279	0.15525	0.04604	0.04423	0.01489	0.01114	0.00310	0.00828	0.01248	0.01198	0.15943
9	0.01611	0.01192	0.01738	0.01738	0.01915	0.01369	0.01319	0.01965	0.01788	0.02561	0.03079	0.04779	0.02969	0.14758	0.49880	0.01722	0.02781	0.01258	0.00613	0.00966
10	0.03154	0.54350	0.05569	0.02044	0.02961	0.10705	0.01956	0.03507	0.02397	0.02661	0.01586	0.01833	0.01445	0.00987	0.00758	0.00247	0.01304	0.00617	0.00493	0.01427
11	0.02008	0.01379	0.01761	0.01636	0.01991	0.01390	0.01258	0.02804	0.08688	0.08105	0.28563	0.06827	0.10769	0.03541	0.13440	0.00682	0.01165	0.01711	0.01083	0.01198
12	0.02673	0.01467	0.01889	0.01783	0.02135	0.01411	0.01315	0.08334	0.02708	0.15538	0.04848	0.32688	0.05002	0.02798	0.01681	0.08425	0.00836	0.02174	0.01071	0.01224
13	0.01371	0.00979	0.01306	0.01567	0.01632	0.00914	0.01045	0.01567	0.02155	0.02873	0.06203	0.59710	0.07444	0.03526	0.01437	0.00457	0.00653	0.03200	0.01045	0.00914
14	0.02875	0.51244	0.14599	0.02155	0.03243	0.04125	0.02325	0.03405	0.02303	0.02812	0.01646	0.01907	0.01441	0.00982	0.00784	0.00261	0.01286	0.00643	0.00480	0.01484
15	0.02889	0.32436	0.15489	0.03113	0.08873	0.07902	0.08239	0.03538	0.02451	0.03062	0.01813	0.02187	0.01507	0.01003	0.00929	0.00294	0.01461	0.00787	0.00507	0.01521
16	0.01617	0.01171	0.01633	0.01633	0.01773	0.01311	0.01187	0.01897	0.01757	0.02482	0.03176	0.05314	0.03201	0.24210	0.40746	0.01591	0.02431	0.01337	0.00627	0.00907
17	0.02327	0.05335	0.46235	0.03476	0.05048	0.02655	0.12049	0.03572	0.02425	0.03572	0.02065	0.02492	0.01475	0.01048	0.01115	0.00360	0.01704	0.00918	0.00492	0.01638
18	0.02355	0.02219	0.03682	0.36976	0.22140	0.02480	0.03094	0.03060	0.02358	0.03196	0.02038	0.02880	0.01605	0.01063	0.01099	0.00346	0.01396	0.00975	0.00531	0.06507
19	0.68395	0.02177	0.01654	0.01480	0.02177	0.02525	0.01219	0.03309	0.01915	0.05050	0.01567	0.01828	0.01219	0.01045	0.00697	0.00348	0.00871	0.00609	0.00697	0.01219
20	0.01683	0.01203	0.01659	0.01891	0.02101	0.01179	0.01557	0.02120	0.02527	0.03334	0.09790	0.24360	0.07058	0.03151	0.01506	0.00489	0.00898	0.31432	0.01055	0.01007
21	0.02920	0.02509	0.02856	0.02869	0.09028	0.02842	0.02012	0.09291	0.41724	0.04782	0.04130	0.03906	0.03112	0.01450	0.01140	0.00372	0.00973	0.01219	0.01073	0.01793
22	0.10233	0.02943	0.08302	0.09038	0.03890	0.02817	0.02277	0.25889	0.03881	0.15536	0.02788	0.02847	0.01923	0.01274	0.01079	0.00347	0.01221	0.00978	0.00996	0.01741
23	0.03361	0.04279	0.34069	0.02732	0.04082	0.02235	0.03169	0.04323	0.02710	0.23570	0.02976	0.02951	0.01963	0.01197	0.01094	0.00353	0.01385	0.00950	0.00838	0.01763
24	0.02126	0.02001	0.03376	0.57739	0.07752	0.02501	0.03126	0.02876	0.02251	0.02876	0.02001	0.03001	0.01500	0.01125	0.01125	0.00375	0.01500	0.01000	0.00500	0.01250
25	0.01371	0.00979	0.01306	0.01567	0.01632	0.00914	0.01045	0.01567	0.02155	0.02873	0.06203	0.59710	0.07444	0.03526	0.01437	0.00457	0.00653	0.03200	0.01045	0.00914
26	0.02830	0.26964	0.15427	0.11178	0.04164	0.09827	0.02617	0.03738	0.07439	0.03107	0.02063	0.02391	0.01654	0.01093	0.00940	0.00308	0.01419	0.00798	0.00563	0.01479
27	0.02718	0.05010	0.41715	0.03167	0.04652	0.02606	0.07407	0.07303	0.02706	0.08787	0.02330	0.02597	0.01619	0.01113	0.01101	0.00356	0.01581	0.00915	0.00623	0.01696
28	0.01398	0.01143	0.01235	0.01212	0.01562	0.00979	0.00909	0.01747	0.02726	0.03423	0.22148	0.10203	0.41983	0.02708	0.01330	0.00373	0.00560	0.02287	0.01095	0.00979
29	0.01637	0.01091	0.01228	0.01228	0.01228	0.01091	0.00682	0.01637	0.01637	0.02182	0.03546	0.07365	0.04092	0.60445	0.05729	0.01091	0.01091	0.01637	0.00682	0.00682
30	0.15281	0.06915	0.02784	0.02033	0.02817	0.02689	0.01673	0.17589	0.10942	0.09274	0.06845	0.03221	0.02740	0.01311	0.01001	0.00321	0.00984	0.00999	0.00976	0.09606
31	0.02191	0.02568	0.09503	0.03258	0.04101	0.02110	0.25432	0.03010	0.02839	0.03964	0.22438	0.05113	0.05238	0.01501	0.01301	0.00367	0.01328	0.01560	0.00827	0.01351
32	0.01526	0.01099	0.01444	0.01462	0.01667	0.01017	0.01057	0.01955	0.02873	0.04016	0.38698	0.23956	0.09657	0.02672	0.01361	0.00385	0.00568	0.02388	0.01180	0.01017
33	0.02310	0.02188	0.03708	0.43567	0.20486	0.02549	0.03217	0.03037	0.02338	0.03099	0.02033	0.02941	0.01579	0.01091	0.01122	0.00364	0.01455	0.01001	0.00516	0.01399
34	0.03505	0.12595	0.16362	0.02361	0.03396	0.02607	0.02364	0.04765	0.13639	0.21899	0.03391	0.03216	0.02368	0.01271	0.01053	0.00340	0.01162	0.01001	0.00957	0.01745
35	0.39461	0.02190	0.02254	0.07613	0.08022	0.02474	0.01692	0.08756	0.02473	0.04838	0.02058	0.02433	0.01590	0.01117	0.00844	0.00338	0.00982	0.00790	0.08730	0.01342
36	0.01433	0.01027	0.01361	0.01525	0.01646	0.00955	0.01050	0.01723	0.02443	0.03332	0.19233	0.45374	0.08332	0.03184	0.01406	0.00428	0.00619	0.02874	0.01099	0.00955
37	0.02051	0.01311	0.01789	0.06044	0.02316	0.01249	0.01300	0.02588	0.03115	0.10338	0.42915	0.07421	0.08943	0.02097	0.01288	0.00355	0.00661	0.01843	0.01198	0.01180
38	0.02416	0.09181	0.02767	0.01699	0.02694	0.01859	0.01406	0.02899	0.02328	0.03544	0.01948	0.02270	0.01640	0.00849	0.00820	0.00176	0.00878	0.00659	0.00644	0.59323
39	0.01421	0.01018	0.01350	0.01534	0.01643	0.00947	0.01049	0.01691	0.02384	0.03238	0.16569	0.48305	0.08150	0.03254	0.01412	0.00434	0.00626	0.02941	0.01088	0.00947
40	0.01347	0.01073	0.01209	0.01318	0.01567	0.00935	0.00934	0.01595	0.02394	0.02971	0.09236	0.31202	0.33996	0.03132	0.01375	0.00412	0.00605	0.02719	0.01045	0.00935
41	0.04065	0.02447	0.07424	0.08099	0.04115	0.02053	0.11721	0.04702	0.02948	0.35046	0.03578	0.03478	0.02338	0.01252	0.01167	0.00358	0.01256	0.01137	0.01069	0.01750
42	0.03367	0.11928	0.08311	0.04549	0.28401	0.02684	0.02802	0.03978	0.02676	0.16649	0.02627	0.02870	0.01962	0.01103	0.01054	0.00325	0.01244	0.00959	0.00756	0.01754
43	0.01612	0.01272	0.01472	0.01449	0.01767	0.01208	0.01074	0.02323	0.08589	0.03770	0.25390	0.16814	0.23894	0.02591	0.01324	0.00383	0.00607	0.02245	0.01130	0.01086
44	0.01920	0.01661	0.02671	0.21374	0.12198	0.01870	0.02236	0.02437	0.02157	0.02932	0.03237	0.15970	0.03235	0.03684	0.16523	0.00787	0.01709	0.01547	0.00659	0.01193
45	0.04091	0.03282	0.18259	0.02458	0.03570	0.02239	0.02481	0.12082	0.03305	0.31442	0.03436	0.03214	0.02239	0.01290	0.01112	0.00349	0.01214	0.01023	0.01076	0.01840
46	0.03067	0.02279	0.03733	0.22888	0.26848	0.02389	0.02944	0.03711	0.02604	0.14640	0.02594	0.03090	0.01911	0.01131	0.01122	0.00351	0.01308	0.01031	0.00724	0.01633
47	0.29926	0.11877	0.09095	0.02311	0.07870	0.02605	0.01901	0.03169	0.02200	0.04020	0.02532	0.02784	0.05609	0.01152	0.00857	0.00312	0.01038	0.00826	0.00646	0.09270
48	0.18803	0.02375	0.02890	0.07444	0.13288	0.02523	0.02076	0.09520	0.10463	0.09454	0.02651	0.02843	0.01988	0.01169	0.00994	0.00333	0.01068	0.00930	0.00841	0.08346
49	0.02392	0.01855	0.02427	0.07624	0.07071	0.01681	0.01678	0.03076	0.06374	0.07563	0.03351	0.15463	0.03179	0.01576	0.01068	0.00297	0.00914	0.01376	0.00823	0.30210
50	0.02350	0.02209	0.08440	0.02192	0.06393	0.01660	0.01765	0.03147	0.06728	0.09001	0.15140	0.05391	0.12194	0.01638	0.01128	0.00314	0.00879	0.01387	0.00936	0.17106
51	0.03486	0.21473	0.08992	0.02355	0.03141	0.03190	0.02205	0.07556	0.02673	0.17515	0.02485	0.02645	0.01863	0.01349	0.01564	0.00346	0.13895	0.00891	0.00790	0.01588
52	0.02748	0.11394	0.02840	0.01994	0.02526	0.02281	0.01612	0.03522	0.10106	0.12349	0.03885	0.18859	0.03702	0.01953	0.01429	0.00365	0.07774	0.01581	0.00927	0.08155
53	0.03826	0.02233	0.02969	0.06815	0.09434	0.02105	0.01991	0.11597	0.03206	0.25350	0.03151	0.03126	0.02178	0.01194	0.01062	0.00307	0.01062	0.00984	0.01020	0.16390

[dist]
# distance from previous block
# <min> <max>
6	48

[block]
# block no. 4 follows, 11 sequences, length 74
# corresponding to MSA columns:
# 343-416
name=unknown_E
#
# <colnr> <probs for GDERKNQSTAVLIFYWHMCP>
#	G	D	E	R	K	N	Q	S	T	A	V	L	I	F	Y	W	H	M	C	P
0	0.03025	0.36903	0.08840	0.01985	0.03005	0.03339	0.01953	0.03504	0.02409	0.08691	0.02019	0.02195	0.01641	0.00991	0.00821	0.00246	0.01134	0.00694	0.00623	0.15981
1	0.02324	0.02777	0.13399	0.02193	0.02998	0.02168	0.02056	0.04120	0.22970	0.04293	0.15936	0.04656	0.04616	0.01544	0.01139	0.00344	0.00958	0.01300	0.00970	0.09240
2	0.02769	0.39943	0.20173	0.02718	0.07667	0.03763	0.02712	0.03435	0.02336	0.03004	0.01745	0.02055	0.01467	0.00998	0.00857	0.00283	0.01350	0.00703	0.00486	0.01537
3	0.03539	0.02298	0.03556	0.10700	0.25675	0.02290	0.02628	0.04325	0.06521	0.22180	0.03144	0.03303	0.02245	0.01200	0.01124	0.00348	0.01183	0.01071	0.00902	0.01769
4	0.02657	0.03036	0.06641	0.04744	0.05882	0.02846	0.49336	0.03605	0.02657	0.03605	0.02277	0.03036	0.01708	0.00949	0.01328	0.00380	0.01898	0.01328	0.00569	0.01518
5	0.04126	0.03208	0.19821	0.02401	0.03534	0.01972	0.02483	0.04850	0.02942	0.37444	0.03639	0.03350	0.02336	0.01286	0.01111	0.00351	0.01191	0.01033	0.01089	0.01832
6	0.03548	0.03433	0.20860	0.08564	0.08000	0.02301	0.02848	0.08010	0.02949	0.23715	0.03033	0.03071	0.02036	0.01220	0.01108	0.00352	0.01309	0.00995	0.00898	0.01750
7	0.01428	0.01003	0.01289	0.01495	0.01546	0.00952	0.00967	0.01582	0.02044	0.02725	0.05635	0.48509	0.06727	0.15706	0.02355	0.00593	0.00747	0.02865	0.00967	0.00865
8	0.03040	0.01609	0.01776	0.01516	0.02009	0.01629	0.01202	0.12245	0.03080	0.13564	0.03619	0.03842	0.02679	0.01333	0.00913	0.00292	0.00739	0.01057	0.42486	0.01369
9	0.02766	0.02886	0.03786	0.24776	0.23334	0.12175	0.03021	0.03363	0.02489	0.03134	0.01953	0.02704	0.01593	0.01157	0.01315	0.00355	0.06254	0.00951	0.00535	0.01454
10	0.03170	0.07733	0.11491	0.09958	0.13133	0.02757	0.06675	0.07504	0.02743	0.13602	0.02492	0.02854	0.01838	0.01232	0.01387	0.00359	0.07711	0.00996	0.00737	0.01628
11	0.01459	0.01145	0.01318	0.01275	0.01599	0.01005	0.00956	0.01864	0.02869	0.03760	0.31635	0.09648	0.32285	0.02582	0.01329	0.00367	0.00551	0.02209	0.01140	0.01005
12	0.04964	0.02053	0.02697	0.02068	0.02942	0.01859	0.01708	0.10406	0.03452	0.48956	0.04247	0.03705	0.02689	0.01388	0.01131	0.00347	0.00989	0.01119	0.01363	0.01915
13	0.09939	0.01554	0.01937	0.02077	0.06213	0.01561	0.01410	0.02959	0.07599	0.09524	0.17044	0.23077	0.06146	0.02270	0.01232	0.00388	0.00761	0.01988	0.01064	0.01260
14	0.03674	0.13173	0.07987	0.03451	0.16887	0.02599	0.02410	0.04425	0.06211	0.23412	0.03097	0.03086	0.02204	0.01192	0.01049	0.00328	0.01159	0.00986	0.00907	0.01764
15	0.01557	0.01130	0.01507	0.01743	0.01921	0.01081	0.01356	0.01899	0.02380	0.03101	0.06590	0.34993	0.11327	0.03284	0.01477	0.00476	0.00809	0.21359	0.01041	0.00970
16	0.68395	0.02177	0.01654	0.01480	0.02177	0.02525	0.01219	0.03309	0.01915	0.05050	0.01567	0.01828	0.01219	0.01045	0.00697	0.00348	0.00871	0.00609	0.00697	0.01219
17	0.01637	0.01091	0.01228	0.01228	0.01228	0.01091	0.00682	0.01637	0.01637	0.02182	0.03546	0.07365	0.04092	0.60445	0.05729	0.01091	0.01091	0.01637	0.00682	0.00682
18	0.03313	0.47073	0.05240	0.02142	0.03037	0.12903	0.01985	0.07398	0.02686	0.03035	0.01688	0.01917	0.01484	0.01028	0.00804	0.00257	0.01343	0.00656	0.00551	0.01460
19	0.01566	0.01142	0.01409	0.01564	0.01671	0.01134	0.01038	0.02009	0.06804	0.02903	0.05478	0.43142	0.06339	0.15513	0.02327	0.00586	0.00770	0.02679	0.00977	0.00948
20	0.10081	0.13608	0.21607	0.02760	0.03857	0.08433	0.07209	0.04029	0.11052	0.03701	0.02342	0.02570	0.01789	0.01127	0.01003	0.00336	0.01424	0.00884	0.00639	0.01548
21	0.03019	0.02728	0.03471	0.10340	0.19859	0.07233	0.02564	0.12192	0.08426	0.04204	0.02520	0.02973	0.01991	0.01272	0.01335	0.00351	0.06795	0.01013	0.06123	0.01591
22	0.68395	0.02177	0.01654	0.01480	0.02177	0.02525	0.01219	0.03309	0.01915	0.05050	0.01567	0.01828	0.01219	0.01045	0.00697	0.00348	0.00871	0.00609	0.00697	0.01219
23	0.02126	0.02001	0.03376	0.57739	0.07752	0.02501	0.03126	0.02876	0.02251	0.02876	0.02001	0.03001	0.01500	0.01125	0.01125	0.00375	0.01500	0.01000	0.00500	0.01250
24	0.01371	0.00979	0.01306	0.01567	0.01632	0.00914	0.01045	0.01567	0.02155	0.02873	0.06203	0.59710	0.07444	0.03526	0.01437	0.00457	0.00653	0.03200	0.01045	0.00914
25	0.03009	0.61122	0.05898	0.01926	0.02889	0.04454	0.01926	0.03370	0.02287	0.02648	0.01565	0.01805	0.01444	0.00963	0.00722	0.00241	0.01204	0.00602	0.00481	0.01444
26	0.01707	0.01332	0.01905	0.13469	0.02981	0.01370	0.01504	0.02285	0.02986	0.04163	0.41953	0.07250	0.08668	0.02049	0.01284	0.00359	0.00738	0.01814	0.01081	0.01102
27	0.04279	0.03153	0.03378	0.02590	0.03490	0.03490	0.02139	0.49671	0.05292	0.07093	0.02702	0.02702	0.01914	0.01351	0.01126	0.00338	0.01239	0.01013	0.01126	0.01914
28	0.01997	0.01240	0.01634	0.01485	0.01821	0.01131	0.01131	0.02517	0.03190	0.10325	0.47171	0.07872	0.09704	0.02195	0.01305	0.00353	0.00581	0.01930	0.01257	0.01162
29	0.02462	0.02462	0.03447	0.02955	0.02955	0.03447	0.02462	0.02709	0.01724	0.02709	0.01477	0.02462	0.01477	0.01970	0.03694	0.00492	0.58385	0.00985	0.00492	0.01231
30	0.02334	0.02001	0.02334	0.01667	0.02667	0.01500	0.01334	0.02834	0.02334	0.03668	0.02001	0.02334	0.01667	0.00834	0.00834	0.00167	0.00834	0.00667	0.00667	0.67325
31	0.01637	0.01091	0.01228	0.01228	0.01228	0.01091	0.00682	0.01637	0.01637	0.02182	0.03546	0.07365	0.04092	0.60445	0.05729	0.01091	0.01091	0.01637	0.00682	0.00682
32	0.02942	0.02489	0.02626	0.02319	0.02981	0.02866	0.01816	0.10204	0.46934	0.04939	0.04399	0.04055	0.03289	0.01510	0.01143	0.00378	0.00924	0.01247	0.01143	0.01794
33	0.54125	0.01973	0.01623	0.01517	0.02131	0.02229	0.01253	0.03031	0.02057	0.04659	0.03032	0.03970	0.06837	0.01461	0.00858	0.00371	0.00861	0.06071	0.00770	0.01172
34	0.68395	0.02177	0.01654	0.01480	0.02177	0.02525	0.01219	0.03309	0.01915	0.05050	0.01567	0.01828	0.01219	0.01045	0.00697	0.00348	0.00871	0.00609	0.00697	0.01219
35	0.02979	0.01612	0.01953	0.01712	0.02219	0.01583	0.01371	0.07372	0.07149	0.17722	0.14887	0.05724	0.04871	0.01745	0.01129	0.00346	0.00779	0.05634	0.17801	0.01413
36	0.33250	0.02329	0.02610	0.02266	0.02592	0.03017	0.01882	0.02989	0.01813	0.03802	0.01519	0.02166	0.01357	0.01538	0.02294	0.00425	0.31528	0.00810	0.00588	0.01225
37	0.02334	0.02001	0.02334	0.01667	0.02667	0.01500	0.01334	0.02834	0.02334	0.03668	0.02001	0.02334	0.01667	0.00834	0.00834	0.00167	0.00834	0.00667	0.00667	0.67325
38	0.07999	0.12982	0.03183	0.02214	0.02841	0.08169	0.01824	0.09469	0.18347	0.04068	0.03678	0.03698	0.07410	0.01520	0.01324	0.00352	0.07466	0.01101	0.00854	0.01502
39	0.03009	0.61122	0.05898	0.01926	0.02889	0.04454	0.01926	0.03370	0.02287	0.02648	0.01565	0.01805	0.01444	0.00963	0.00722	0.00241	0.01204	0.00602	0.00481	0.01444
40	0.01593	0.01150	0.01504	0.01416	0.01681	0.01062	0.01062	0.02124	0.03186	0.04513	0.52830	0.08407	0.10620	0.02301	0.01327	0.00354	0.00531	0.02035	0.01239	0.01062
41	0.02126	0.02001	0.03376	0.57739	0.07752	0.02501	0.03126	0.02876	0.02251	0.02876	0.02001	0.03001	0.01500	0.01125	0.01125	0.00375	0.01500	0.01000	0.00500	0.01250
42	0.01710	0.01262	0.01670	0.01873	0.02158	0.01222	0.01609	0.02179	0.02586	0.03298	0.07124	0.12297	0.16426	0.03054	0.01507	0.00489	0.00937	0.36545	0.01038	0.01018
43	0.02800	0.02418	0.02545	0.02291	0.02927	0.02800	0.01782	0.05981	0.51390	0.04708	0.04581	0.04199	0.03436	0.01527	0.01145	0.00382	0.00891	0.01273	0.01145	0.01782
44	0.02800	0.02418	0.02545	0.02291	0.02927	0.02800	0.01782	0.05981	0.51390	0.04708	0.04581	0.04199	0.03436	0.01527	0.01145	0.00382	0.00891	0.01273	0.01145	0.01782
45	0.02126	0.02001	0.03376	0.57739	0.07752	0.02501	0.03126	0.02876	0.02251	0.02876	0.02001	0.03001	0.01500	0.01125	0.01125	0.00375	0.01500	0.01000	0.00500	0.01250
46	0.01620	0.01158	0.01567	0.01567	0.01684	0.01276	0.01105	0.01855	0.01737	0.02434	0.03236	0.05647	0.03346	0.30079	0.35073	0.01510	0.02214	0.01385	0.00636	0.00871
47	0.02756	0.15103	0.04714	0.11787	0.37268	0.03035	0.03089	0.03369	0.02467	0.03363	0.01985	0.02601	0.01677	0.01009	0.01032	0.00319	0.01328	0.00917	0.00534	0.01648
48	0.03017	0.03757	0.23172	0.04194	0.17354	0.02478	0.11018	0.03924	0.02640	0.13661	0.02569	0.02883	0.01837	0.01096	0.01137	0.00353	0.01477	0.01019	0.00695	0.01720
49	0.08787	0.28731	0.08509	0.02358	0.03237	0.19294	0.02151	0.08871	0.02866	0.03447	0.01781	0.02021	0.01478	0.01080	0.00881	0.00285	0.01463	0.00704	0.00599	0.01455
50	0.03039	0.37754	0.04560	0.02059	0.02862	0.09096	0.01853	0.06928	0.08435	0.03422	0.07726	0.02907	0.02733	0.01226	0.00898	0.00282	0.01179	0.00882	0.00699	0.01460
51	0.01876	0.01145	0.01445	0.01491	0.01685	0.01056	0.01022	0.02099	0.02307	0.08903	0.10427	0.32401	0.10786	0.15275	0.02299	0.00563	0.00763	0.02433	0.01027	0.00999
52	0.02113	0.01737	0.02434	0.02251	0.02690	0.01770	0.07117	0.06470	0.10738	0.03754	0.05635	0.20334	0.09791	0.02534	0.01378	0.00438	0.00993	0.15567	0.01009	0.01246
53	0.02569	0.28766	0.34401	0.02676	0.04049	0.03377	0.03232	0.03484	0.02339	0.03184	0.01831	0.02139	0.01433	0.01025	0.00925	0.00308	0.01473	0.00736	0.00478	0.01573
54	0.41217	0.02210	0.02153	0.01772	0.02547	0.02367	0.01462	0.09407	0.02716	0.20559	0.02593	0.02553	0.01787	0.01189	0.00882	0.00347	0.00941	0.00819	0.00963	0.01517
55	0.01411	0.01045	0.01319	0.01458	0.01623	0.00952	0.01014	0.01695	0.02449	0.03254	0.17115	0.39951	0.16301	0.03143	0.01394	0.00421	0.00612	0.02802	0.01086	0.00952
56	0.02685	0.02140	0.02392	0.02213	0.02749	0.02380	0.01766	0.12478	0.26966	0.04632	0.04731	0.12242	0.04284	0.02068	0.01263	0.00412	0.00956	0.10991	0.01107	0.01544
57	0.63076	0.02155	0.01735	0.01524	0.02235	0.02452	0.01255	0.03491	0.02025	0.09177	0.01808	0.01997	0.01351	0.01074	0.00733	0.00348	0.00878	0.00653	0.00755	0.01277
58	0.03453	0.02003	0.02305	0.01972	0.02624	0.02096	0.01562	0.05218	0.26121	0.21711	0.04372	0.04072	0.03114	0.01443	0.01078	0.00349	0.00849	0.01185	0.12774	0.01699
59	0.01478	0.01146	0.01345	0.01295	0.01611	0.01013	0.00971	0.01901	0.02914	0.03867	0.34661	0.09471	0.29192	0.02542	0.01329	0.00365	0.00548	0.02185	0.01154	0.01013
60	0.02462	0.02462	0.03447	0.02955	0.02955	0.03447	0.02462	0.02709	0.01724	0.02709	0.01477	0.02462	0.01477	0.01970	0.03694	0.00492	0.58385	0.00985	0.00492	0.01231
61	0.02257	0.05822	0.54613	0.03208	0.04871	0.02614	0.04158	0.03564	0.02376	0.03564	0.02020	0.02376	0.01426	0.01069	0.01069	0.00356	0.01663	0.00832	0.00475	0.01663
62	0.02938	0.02058	0.02334	0.02053	0.02651	0.02226	0.01605	0.05068	0.32592	0.13383	0.14881	0.05035	0.04859	0.01669	0.01182	0.00370	0.00826	0.01411	0.01209	0.01651
63	0.68395	0.02177	0.01654	0.01480	0.02177	0.02525	0.01219	0.03309	0.01915	0.05050	0.01567	0.01828	0.01219	0.01045	0.00697	0.00348	0.00871	0.00609	0.00697	0.01219
64	0.02462	0.02462	0.03447	0.02955	0.02955	0.03447	0.02462	0.02709	0.01724	0.02709	0.01477	0.02462	0.01477	0.01970	0.03694	0.00492	0.58385	0.00985	0.00492	0.01231
65	0.04914	0.02133	0.02747	0.02106	0.02982	0.01978	0.01740	0.13266	0.03586	0.45907	0.04134	0.03632	0.02633	0.01386	0.01131	0.00346	0.01007	0.01111	0.01346	0.01915
66	0.02019	0.01144	0.01536	0.01644	0.01851	0.01045	0.01152	0.02257	0.02343	0.11912	0.05893	0.49870	0.06624	0.03151	0.01383	0.00438	0.00707	0.02836	0.01106	0.01091
67	0.01608	0.01206	0.01809	0.01809	0.02010	0.01407	0.01407	0.02010	0.01809	0.02613	0.03015	0.04422	0.02814	0.08441	0.55984	0.01809	0.03015	0.01206	0.00603	0.01005
68	0.02257	0.05822	0.54613	0.03208	0.04871	0.02614	0.04158	0.03564	0.02376	0.03564	0.02020	0.02376	0.01426	0.01069	0.01069	0.00356	0.01663	0.00832	0.00475	0.01663
69	0.02577	0.02872	0.06186	0.04492	0.05547	0.02700	0.44851	0.03485	0.02650	0.03583	0.02625	0.03948	0.02158	0.01153	0.01350	0.00393	0.01816	0.05530	0.00613	0.01473
70	0.68395	0.02177	0.01654	0.01480	0.02177	0.02525	0.01219	0.03309	0.01915	0.05050	0.01567	0.01828	0.01219	0.01045	0.00697	0.00348	0.00871	0.00609	0.00697	0.01219
71	0.01876	0.01663	0.02691	0.39149	0.05727	0.01976	0.02437	0.02443	0.02219	0.02875	0.03391	0.21768	0.03467	0.01920	0.01228	0.00402	0.01220	0.01728	0.00680	0.01139
72	0.03982	0.04368	0.03263	0.09229	0.03982	0.35375	0.02276	0.16628	0.03653	0.03952	0.02033	0.02327	0.01582	0.01208	0.01058	0.00313	0.01752	0.00836	0.00720	0.01465
73	0.02039	0.01408	0.02053	0.07467	0.08119	0.01377	0.01577	0.02456	0.02603	0.08682	0.18018	0.28148	0.06650	0.02462	0.01310	0.00396	0.00807	0.02214	0.01028	0.01186

[dist]
# distance from previous block
# <min> <max>
0	2

[block]
# block no. 5 follows, 11 sequences, length 28
# corresponding to MSA columns:
# 419-446
name=unknown_F
#
# <colnr> <probs for GDERKNQSTAVLIFYWHMCP>
#	G	D	E	R	K	N	Q	S	T	A	V	L	I	F	Y	W	H	M	C	P
0	0.02804	0.17072	0.35727	0.02822	0.04178	0.07983	0.03319	0.03753	0.02497	0.07006	0.02075	0.02330	0.01532	0.01079	0.00996	0.00325	0.01550	0.00795	0.00554	0.01602
1	0.02300	0.01833	0.03349	0.02712	0.03268	0.01866	0.15835	0.02869	0.02218	0.08556	0.02949	0.03941	0.02478	0.05419	0.33561	0.01220	0.02454	0.01235	0.00679	0.01259
2	0.03123	0.32578	0.16531	0.06936	0.03760	0.03357	0.02502	0.03753	0.02472	0.12105	0.02223	0.02402	0.01685	0.01079	0.00911	0.00298	0.01293	0.00784	0.00645	0.01564
3	0.62518	0.02469	0.01795	0.01610	0.02296	0.07414	0.01306	0.03417	0.02032	0.04840	0.01583	0.01847	0.01240	0.01055	0.00726	0.00343	0.00977	0.00620	0.00686	0.01227
4	0.01709	0.01520	0.02709	0.02403	0.02750	0.01422	0.13747	0.02103	0.02287	0.03066	0.05171	0.44803	0.05935	0.02848	0.01408	0.00437	0.00980	0.02707	0.00920	0.01073
5	0.02334	0.02001	0.02334	0.01667	0.02667	0.01500	0.01334	0.02834	0.02334	0.03668	0.02001	0.02334	0.01667	0.00834	0.00834	0.00167	0.00834	0.00667	0.00667	0.67325
6	0.02026	0.01246	0.01643	0.01489	0.01831	0.01136	0.01136	0.02545	0.03190	0.10738	0.46768	0.07834	0.09639	0.02187	0.01303	0.00353	0.00584	0.01922	0.01258	0.01169
7	0.11994	0.03975	0.03651	0.02963	0.03740	0.26145	0.10308	0.16073	0.03490	0.04332	0.02065	0.02358	0.01588	0.01159	0.01059	0.00326	0.01653	0.00892	0.00736	0.01492
8	0.09829	0.08193	0.12472	0.17829	0.05327	0.02883	0.15953	0.07718	0.02640	0.03809	0.02063	0.02651	0.01551	0.01065	0.01092	0.00355	0.01519	0.00990	0.00595	0.01468
9	0.04977	0.02033	0.02685	0.02058	0.02932	0.01828	0.01700	0.09674	0.03418	0.49737	0.04276	0.03724	0.02703	0.01389	0.01131	0.00347	0.00984	0.01121	0.01368	0.01915
