[name]
unknown

[dist]
# distance from previous block
# <min> <max>
0	324

[block]
# block no. 0 follows, 15 sequences, length 48
# corresponding to MSA columns:
# 340-387
name=unknown_A
#
# <colnr> <probs for GDERKNQSTAVLIFYWHMCP>
#	G	D	E	R	K	N	Q	S	T	A	V	L	I	F	Y	W	H	M	C	P
0	0.02665	0.65565	0.05224	0.01706	0.02559	0.03945	0.01706	0.02985	0.02026	0.02345	0.01386	0.01599	0.01279	0.00853	0.00640	0.00213	0.01066	0.00533	0.00426	0.01279
1	0.01368	0.00986	0.01294	0.01284	0.01480	0.00912	0.00937	0.01773	0.02622	0.03679	0.46666	0.19909	0.08790	0.02276	0.01197	0.00334	0.00494	0.02029	0.01060	0.00912
2	0.01395	0.01018	0.01310	0.01237	0.01479	0.00934	0.00928	0.01850	0.02783	0.03906	0.54843	0.07597	0.12841	0.02072	0.01176	0.00315	0.00473	0.01824	0.01085	0.00934
3	0.01300	0.01015	0.01179	0.01138	0.01421	0.00894	0.00854	0.01667	0.02561	0.03377	0.35342	0.08468	0.32672	0.02269	0.01177	0.00325	0.00487	0.01946	0.01016	0.00894
4	0.01223	0.01012	0.01072	0.01057	0.01374	0.00861	0.00793	0.01517	0.02378	0.02944	0.19348	0.09181	0.48936	0.02431	0.01178	0.00332	0.00498	0.02046	0.00959	0.00861
5	0.72007	0.01928	0.01465	0.01311	0.01928	0.02236	0.01080	0.02930	0.01697	0.04473	0.01388	0.01619	0.01080	0.00925	0.00617	0.00308	0.00771	0.00540	0.00617	0.01080
6	0.72007	0.01928	0.01465	0.01311	0.01928	0.02236	0.01080	0.02930	0.01697	0.04473	0.01388	0.01619	0.01080	0.00925	0.00617	0.00308	0.00771	0.00540	0.00617	0.01080
7	0.72007	0.01928	0.01465	0.01311	0.01928	0.02236	0.01080	0.02930	0.01697	0.04473	0.01388	0.01619	0.01080	0.00925	0.00617	0.00308	0.00771	0.00540	0.00617	0.01080
8	0.02067	0.01772	0.02067	0.01477	0.02362	0.01329	0.01181	0.02510	0.02067	0.03248	0.01772	0.02067	0.01477	0.00738	0.00738	0.00148	0.00738	0.00591	0.00591	0.71059
9	0.72007	0.01928	0.01465	0.01311	0.01928	0.02236	0.01080	0.02930	0.01697	0.04473	0.01388	0.01619	0.01080	0.00925	0.00617	0.00308	0.00771	0.00540	0.00617	0.01080
10	0.72007	0.01928	0.01465	0.01311	0.01928	0.02236	0.01080	0.02930	0.01697	0.04473	0.01388	0.01619	0.01080	0.00925	0.00617	0.00308	0.00771	0.00540	0.00617	0.01080
11	0.01424	0.01068	0.01602	0.01602	0.01780	0.01246	0.01246	0.01780	0.01602	0.02314	0.02670	0.03916	0.02492	0.07477	0.61015	0.01602	0.02670	0.01068	0.00534	0.00890
12	0.01411	0.01019	0.01333	0.01254	0.01489	0.00941	0.00941	0.01881	0.02822	0.03998	0.58221	0.07447	0.09406	0.02038	0.01176	0.00314	0.00470	0.01803	0.01097	0.00941
13	0.10152	0.01868	0.02335	0.01806	0.02568	0.01756	0.01492	0.11691	0.03008	0.47381	0.03502	0.03103	0.02242	0.01202	0.00969	0.00307	0.00876	0.00948	0.01148	0.01644
14	0.04473	0.01697	0.02313	0.01774	0.02545	0.01465	0.01465	0.04858	0.02853	0.59437	0.03933	0.03393	0.02468	0.01234	0.01003	0.00308	0.00848	0.01003	0.01234	0.01697
15	0.01178	0.01010	0.01010	0.01010	0.01347	0.00842	0.00757	0.01431	0.02272	0.02693	0.10099	0.09594	0.58342	0.02525	0.01178	0.00337	0.00505	0.02104	0.00926	0.00842
16	0.02467	0.02369	0.04046	0.06119	0.58747	0.02369	0.03059	0.03059	0.02270	0.03257	0.01875	0.02467	0.01579	0.00888	0.00987	0.00296	0.01184	0.00888	0.00493	0.01579
17	0.12923	0.01725	0.02207	0.01716	0.02468	0.01562	0.01417	0.04617	0.02709	0.52559	0.03614	0.03171	0.02294	0.01195	0.00954	0.00308	0.00839	0.00945	0.01157	0.01619
18	0.18770	0.01746	0.02134	0.01676	0.02414	0.01628	0.01384	0.04450	0.02608	0.47801	0.03394	0.03018	0.02174	0.01169	0.00921	0.00308	0.00832	0.00905	0.01103	0.01566
19	0.02353	0.02689	0.05882	0.04202	0.05210	0.02521	0.55126	0.03193	0.02353	0.03193	0.02017	0.02689	0.01513	0.00840	0.01176	0.00336	0.01681	0.01176	0.00504	0.01345
20	0.01270	0.00907	0.01220	0.01451	0.01533	0.00857	0.01021	0.01483	0.01963	0.02607	0.05464	0.56842	0.06473	0.03071	0.01287	0.00412	0.00626	0.09762	0.00924	0.00825
21	0.72007	0.01928	0.01465	0.01311	0.01928	0.02236	0.01080	0.02930	0.01697	0.04473	0.01388	0.01619	0.01080	0.00925	0.00617	0.00308	0.00771	0.00540	0.00617	0.01080
22	0.01292	0.00917	0.01219	0.01432	0.01511	0.00872	0.01002	0.01494	0.01931	0.02563	0.05279	0.51872	0.06234	0.07893	0.01585	0.00457	0.00659	0.10082	0.00899	0.00810
23	0.02862	0.02466	0.03622	0.08909	0.36638	0.02596	0.02654	0.20319	0.03048	0.04205	0.02039	0.02457	0.01600	0.00998	0.00991	0.00300	0.01166	0.00891	0.00656	0.01584
24	0.01833	0.01280	0.01577	0.01438	0.01774	0.01269	0.01099	0.02741	0.13052	0.08011	0.44087	0.06451	0.07706	0.01851	0.01133	0.00318	0.00558	0.01618	0.01092	0.01115
25	0.03275	0.01964	0.02278	0.01927	0.02573	0.02075	0.01533	0.05122	0.35368	0.26217	0.04008	0.03589	0.02814	0.01305	0.01010	0.00326	0.00813	0.01077	0.01102	0.01625
26	0.01858	0.00929	0.00929	0.00929	0.01161	0.00929	0.00697	0.02323	0.02091	0.03717	0.03252	0.03717	0.02555	0.01161	0.00697	0.00232	0.00465	0.00929	0.70499	0.00929
27	0.01382	0.01018	0.01292	0.01223	0.01471	0.00928	0.00918	0.01824	0.02753	0.03833	0.52149	0.07718	0.15581	0.02099	0.01176	0.00316	0.00475	0.01841	0.01076	0.00928
28	0.01999	0.05157	0.59800	0.02841	0.04315	0.02315	0.03683	0.03157	0.02105	0.03157	0.01789	0.02105	0.01263	0.00947	0.00947	0.00316	0.01473	0.00737	0.00421	0.01473
29	0.66061	0.01966	0.01686	0.01722	0.06786	0.02248	0.01249	0.02941	0.01746	0.04369	0.01430	0.01692	0.01122	0.00922	0.00649	0.00307	0.00806	0.00570	0.00606	0.01122
30	0.01883	0.01772	0.02990	0.62569	0.06866	0.02215	0.02769	0.02547	0.01993	0.02547	0.01772	0.02658	0.01329	0.00997	0.00997	0.00332	0.01329	0.00886	0.00443	0.01107
31	0.66233	0.01908	0.01538	0.01351	0.01981	0.02170	0.01113	0.03095	0.01795	0.09172	0.01606	0.01771	0.01198	0.00952	0.00650	0.00308	0.00778	0.00579	0.00670	0.01132
32	0.03170	0.02021	0.02388	0.06691	0.02949	0.02183	0.01659	0.08834	0.31361	0.21823	0.03710	0.03430	0.02621	0.01275	0.01008	0.00325	0.00874	0.01051	0.01038	0.01588
33	0.01215	0.00868	0.01157	0.01388	0.01446	0.00810	0.00925	0.01388	0.01909	0.02545	0.05495	0.64315	0.06593	0.03123	0.01272	0.00405	0.00578	0.02834	0.00925	0.00810
34	0.72007	0.01928	0.01465	0.01311	0.01928	0.02236	0.01080	0.02930	0.01697	0.04473	0.01388	0.01619	0.01080	0.00925	0.00617	0.00308	0.00771	0.00540	0.00617	0.01080
35	0.72007	0.01928	0.01465	0.01311	0.01928	0.02236	0.01080	0.02930	0.01697	0.04473	0.01388	0.01619	0.01080	0.00925	0.00617	0.00308	0.00771	0.00540	0.00617	0.01080
36	0.02480	0.02141	0.02254	0.02029	0.02592	0.02480	0.01578	0.05297	0.56946	0.04170	0.04057	0.03719	0.03043	0.01352	0.01014	0.00338	0.00789	0.01127	0.01014	0.01578
37	0.01858	0.00929	0.00929	0.00929	0.01161	0.00929	0.00697	0.02323	0.02091	0.03717	0.03252	0.03717	0.02555	0.01161	0.00697	0.00232	0.00465	0.00929	0.70499	0.00929
38	0.01215	0.00868	0.01157	0.01388	0.01446	0.00810	0.00925	0.01388	0.01909	0.02545	0.05495	0.64315	0.06593	0.03123	0.01272	0.00405	0.00578	0.02834	0.00925	0.00810
39	0.03724	0.04751	0.02825	0.02568	0.03082	0.60963	0.01926	0.03981	0.02825	0.02440	0.01541	0.01798	0.01284	0.01027	0.00899	0.00257	0.01798	0.00642	0.00514	0.01156
40	0.01411	0.01019	0.01333	0.01254	0.01489	0.00941	0.00941	0.01881	0.02822	0.03998	0.58221	0.07447	0.09406	0.02038	0.01176	0.00314	0.00470	0.01803	0.01097	0.00941
41	0.72007	0.01928	0.01465	0.01311	0.01928	0.02236	0.01080	0.02930	0.01697	0.04473	0.01388	0.01619	0.01080	0.00925	0.00617	0.00308	0.00771	0.00540	0.00617	0.01080
42	0.01858	0.00929	0.00929	0.00929	0.01161	0.00929	0.00697	0.02323	0.02091	0.03717	0.03252	0.03717	0.02555	0.01161	0.00697	0.00232	0.00465	0.00929	0.70499	0.00929
43	0.01178	0.01010	0.01010	0.01010	0.01347	0.00842	0.00757	0.01431	0.02272	0.02693	0.10099	0.09594	0.58342	0.02525	0.01178	0.00337	0.00505	0.02104	0.00926	0.00842
44	0.02067	0.01772	0.02067	0.01477	0.02362	0.01329	0.01181	0.02510	0.02067	0.03248	0.01772	0.02067	0.01477	0.00738	0.00738	0.00148	0.00738	0.00591	0.00591	0.71059
45	0.03790	0.02792	0.02992	0.02294	0.03091	0.03091	0.01895	0.55423	0.04687	0.06283	0.02393	0.02393	0.01695	0.01197	0.00997	0.00299	0.01097	0.00898	0.00997	0.01695
46	0.02467	0.02369	0.04046	0.06119	0.58747	0.02369	0.03059	0.03059	0.02270	0.03257	0.01875	0.02467	0.01579	0.00888	0.00987	0.00296	0.01184	0.00888	0.00493	0.01579
47	0.09716	0.01715	0.02248	0.01738	0.02497	0.01525	0.01435	0.04709	0.02763	0.55170	0.03735	0.03255	0.02360	0.01210	0.00973	0.00308	0.00842	0.00967	0.01186	0.01649

[dist]
# distance from previous block
# <min> <max>
0	18

[block]
# block no. 1 follows, 15 sequences, length 23
# corresponding to MSA columns:
# 406-428
name=unknown_B
#
# <colnr> <probs for GDERKNQSTAVLIFYWHMCP>
#	G	D	E	R	K	N	Q	S	T	A	V	L	I	F	Y	W	H	M	C	P
0	0.01215	0.00868	0.01157	0.01388	0.01446	0.00810	0.00925	0.01388	0.01909	0.02545	0.05495	0.64315	0.06593	0.03123	0.01272	0.00405	0.00578	0.02834	0.00925	0.00810
1	0.01215	0.00868	0.01157	0.01388	0.01446	0.00810	0.00925	0.01388	0.01909	0.02545	0.05495	0.64315	0.06593	0.03123	0.01272	0.00405	0.00578	0.02834	0.00925	0.00810
2	0.03234	0.03445	0.03215	0.02694	0.03168	0.31120	0.08745	0.03570	0.02427	0.09389	0.01829	0.02205	0.01462	0.01217	0.01570	0.00320	0.17770	0.00814	0.00579	0.01228
3	0.03987	0.02476	0.02796	0.02143	0.02933	0.02621	0.01771	0.40804	0.04157	0.21650	0.02839	0.02682	0.01919	0.01207	0.00999	0.00302	0.01025	0.00928	0.01066	0.01696
4	0.03790	0.02792	0.02992	0.02294	0.03091	0.03091	0.01895	0.55423	0.04687	0.06283	0.02393	0.02393	0.01695	0.01197	0.00997	0.00299	0.01097	0.00898	0.00997	0.01695
5	0.02181	0.02181	0.03053	0.02617	0.02617	0.03053	0.02181	0.02399	0.01527	0.02399	0.01309	0.02181	0.01309	0.01745	0.03272	0.00436	0.63141	0.00872	0.00436	0.01091
6	0.01748	0.01416	0.02170	0.02909	0.17568	0.01402	0.01840	0.02173	0.02193	0.02951	0.04392	0.21876	0.04799	0.02329	0.01244	0.00401	0.00908	0.25805	0.00803	0.01074
7	0.01451	0.01058	0.01502	0.01530	0.01679	0.01180	0.01164	0.01750	0.01656	0.02320	0.03076	0.05307	0.03104	0.18116	0.42927	0.01341	0.02127	0.07280	0.00594	0.00838
8	0.02563	0.02319	0.11831	0.02233	0.02707	0.02140	0.02067	0.03020	0.02088	0.16532	0.05803	0.03627	0.02502	0.01994	0.06152	0.00463	0.24914	0.05069	0.00712	0.01264
9	0.02123	0.16393	0.49648	0.02630	0.03988	0.02618	0.03315	0.03125	0.02090	0.03006	0.01714	0.02011	0.01266	0.00930	0.00890	0.00297	0.01398	0.00699	0.00422	0.01437
10	0.04076	0.01614	0.02157	0.01682	0.02401	0.01390	0.01380	0.04446	0.02783	0.52604	0.04675	0.04140	0.09196	0.01389	0.01024	0.00312	0.00807	0.01135	0.01197	0.01594
11	0.02760	0.02674	0.04090	0.04992	0.37774	0.09686	0.12167	0.03338	0.02400	0.07485	0.02018	0.02495	0.01599	0.00924	0.01011	0.00299	0.01325	0.00918	0.00555	0.01493
12	0.02615	0.02654	0.03364	0.03123	0.09700	0.10603	0.06483	0.08727	0.02211	0.03009	0.01587	0.02230	0.01398	0.01412	0.02257	0.00372	0.35617	0.00871	0.00522	0.01247
13	0.14361	0.02760	0.02490	0.02174	0.02615	0.18159	0.01729	0.03762	0.12336	0.10376	0.02229	0.02426	0.01734	0.01280	0.01492	0.00333	0.16954	0.00820	0.00696	0.01274
14	0.01859	0.01107	0.01385	0.01386	0.01546	0.01079	0.00998	0.02038	0.01863	0.09161	0.03854	0.07512	0.04096	0.39305	0.03515	0.00741	0.00938	0.16021	0.00771	0.00826
15	0.09177	0.02485	0.12525	0.02384	0.06561	0.01899	0.05415	0.07306	0.02675	0.34853	0.03010	0.02863	0.01983	0.01110	0.00972	0.00310	0.01040	0.00917	0.00936	0.01578
16	0.06321	0.02464	0.06909	0.04216	0.30466	0.02535	0.02584	0.07214	0.02272	0.06662	0.01865	0.02376	0.01527	0.01154	0.01539	0.00334	0.16693	0.00864	0.00566	0.01440
17	0.01965	0.01866	0.02679	0.06992	0.02732	0.02528	0.01988	0.02253	0.01582	0.02389	0.01691	0.02660	0.01612	0.03148	0.17811	0.00725	0.42954	0.00923	0.00462	0.01041
18	0.72007	0.01928	0.01465	0.01311	0.01928	0.02236	0.01080	0.02930	0.01697	0.04473	0.01388	0.01619	0.01080	0.00925	0.00617	0.00308	0.00771	0.00540	0.00617	0.01080
19	0.01224	0.01012	0.01074	0.01058	0.01375	0.00861	0.00794	0.01520	0.02381	0.02952	0.19664	0.09167	0.48616	0.02428	0.01178	0.00332	0.00498	0.02044	0.00960	0.00861
20	0.02332	0.01898	0.02665	0.03369	0.24258	0.01917	0.01947	0.08809	0.08869	0.06899	0.04346	0.11937	0.13311	0.01597	0.01065	0.00324	0.00901	0.01405	0.00793	0.01360
21	0.01399	0.01019	0.01264	0.01236	0.01445	0.00947	0.00909	0.01755	0.02460	0.03365	0.37281	0.07910	0.15355	0.13080	0.01868	0.00442	0.00598	0.05830	0.00972	0.00866
22	0.34754	0.19286	0.10795	0.01905	0.02741	0.02771	0.05823	0.06124	0.02068	0.03741	0.01550	0.01809	0.01227	0.00919	0.00734	0.00286	0.01034	0.00635	0.00554	0.01243

[dist]
# distance from previous block
# <min> <max>
0	1

[block]
# block no. 2 follows, 15 sequences, length 45
# corresponding to MSA columns:
# 430-474
name=unknown_C
#
# <colnr> <probs for GDERKNQSTAVLIFYWHMCP>
#	G	D	E	R	K	N	Q	S	T	A	V	L	I	F	Y	W	H	M	C	P
0	0.31540	0.14719	0.21681	0.01977	0.02915	0.06505	0.02118	0.03086	0.01968	0.03513	0.01532	0.01789	0.01191	0.00926	0.00750	0.00290	0.01127	0.00611	0.00510	0.01252
1	0.01616	0.01062	0.01388	0.01363	0.01613	0.00955	0.00992	0.01959	0.02411	0.07692	0.29250	0.29375	0.07216	0.02320	0.01171	0.00338	0.00561	0.02069	0.01006	0.05643
2	0.03102	0.02703	0.10606	0.07189	0.07088	0.02495	0.02153	0.21849	0.15746	0.12445	0.02830	0.02827	0.02020	0.01167	0.00994	0.00314	0.01066	0.00942	0.00879	0.01584
3	0.01305	0.01003	0.01261	0.01277	0.01504	0.00959	0.00950	0.01627	0.02200	0.02926	0.20378	0.16573	0.23614	0.03672	0.15439	0.00643	0.01023	0.01896	0.00878	0.00874
4	0.02665	0.65565	0.05224	0.01706	0.02559	0.03945	0.01706	0.02985	0.02026	0.02345	0.01386	0.01599	0.01279	0.00853	0.00640	0.00213	0.01066	0.00533	0.00426	0.01279
5	0.01407	0.00983	0.01232	0.01210	0.01366	0.00923	0.00840	0.01663	0.02273	0.03130	0.33106	0.11916	0.11092	0.17245	0.02294	0.05212	0.00627	0.01767	0.00907	0.00808
6	0.17912	0.07160	0.06007	0.01849	0.02615	0.02249	0.01620	0.11873	0.09812	0.24852	0.02855	0.02695	0.01970	0.01132	0.00891	0.00304	0.00917	0.00853	0.00928	0.01506
7	0.03431	0.05750	0.03143	0.03131	0.18190	0.02053	0.04766	0.04224	0.09949	0.30131	0.03132	0.03039	0.02180	0.01111	0.00988	0.00305	0.00990	0.00969	0.00914	0.01605
8	0.01532	0.01116	0.01503	0.01669	0.01911	0.01087	0.01426	0.01968	0.02355	0.03071	0.12203	0.10594	0.12387	0.02641	0.01329	0.00427	0.00815	0.40112	0.00940	0.00912
9	0.01943	0.01843	0.03536	0.02903	0.03484	0.01767	0.25757	0.02574	0.02321	0.03078	0.03807	0.07384	0.03831	0.01890	0.01286	0.00404	0.01262	0.29086	0.00731	0.01110
10	0.13386	0.02177	0.06189	0.07020	0.16995	0.01984	0.06347	0.03748	0.02400	0.26016	0.02633	0.02726	0.01824	0.01039	0.00953	0.00310	0.01054	0.00898	0.00803	0.01498
11	0.02330	0.02620	0.05499	0.03987	0.04859	0.02593	0.47950	0.03086	0.02241	0.03086	0.01921	0.02620	0.01485	0.00963	0.01460	0.00350	0.10011	0.01135	0.00495	0.01310
12	0.02467	0.02369	0.04046	0.06119	0.58747	0.02369	0.03059	0.03059	0.02270	0.03257	0.01875	0.02467	0.01579	0.00888	0.00987	0.00296	0.01184	0.00888	0.00493	0.01579
13	0.03088	0.26608	0.03514	0.01940	0.02650	0.07828	0.01696	0.12374	0.09638	0.11651	0.02634	0.03161	0.02154	0.01218	0.00890	0.00284	0.01053	0.05448	0.00767	0.01405
14	0.06778	0.02446	0.03151	0.03952	0.29059	0.06931	0.02286	0.07252	0.16050	0.08223	0.02563	0.02747	0.01970	0.01064	0.00968	0.00305	0.01078	0.00918	0.00724	0.01534
15	0.04045	0.01901	0.02388	0.01862	0.02596	0.01817	0.01527	0.14715	0.06419	0.42492	0.06728	0.03446	0.02744	0.01279	0.01012	0.00309	0.00872	0.01035	0.01166	0.01646
16	0.01411	0.01019	0.01333	0.01254	0.01489	0.00941	0.00941	0.01881	0.02822	0.03998	0.58221	0.07447	0.09406	0.02038	0.01176	0.00314	0.00470	0.01803	0.01097	0.00941
17	0.09444	0.07743	0.09318	0.02084	0.02881	0.02627	0.01873	0.20483	0.17944	0.11364	0.02793	0.02710	0.02018	0.01162	0.00933	0.00307	0.00994	0.00892	0.00883	0.01548
18	0.72007	0.01928	0.01465	0.01311	0.01928	0.02236	0.01080	0.02930	0.01697	0.04473	0.01388	0.01619	0.01080	0.00925	0.00617	0.00308	0.00771	0.00540	0.00617	0.01080
19	0.01215	0.00868	0.01157	0.01388	0.01446	0.00810	0.00925	0.01388	0.01909	0.02545	0.05495	0.64315	0.06593	0.03123	0.01272	0.00405	0.00578	0.02834	0.00925	0.00810
20	0.02480	0.02141	0.02254	0.02029	0.02592	0.02480	0.01578	0.05297	0.56946	0.04170	0.04057	0.03719	0.03043	0.01352	0.01014	0.00338	0.00789	0.01127	0.01014	0.01578
21	0.02467	0.02369	0.04046	0.06119	0.58747	0.02369	0.03059	0.03059	0.02270	0.03257	0.01875	0.02467	0.01579	0.00888	0.00987	0.00296	0.01184	0.00888	0.00493	0.01579
22	0.72007	0.01928	0.01465	0.01311	0.01928	0.02236	0.01080	0.02930	0.01697	0.04473	0.01388	0.01619	0.01080	0.00925	0.00617	0.00308	0.00771	0.00540	0.00617	0.01080
23	0.01178	0.01010	0.01010	0.01010	0.01347	0.00842	0.00757	0.01431	0.02272	0.02693	0.10099	0.09594	0.58342	0.02525	0.01178	0.00337	0.00505	0.02104	0.00926	0.00842
24	0.01999	0.05157	0.59800	0.02841	0.04315	0.02315	0.03683	0.03157	0.02105	0.03157	0.01789	0.02105	0.01263	0.00947	0.00947	0.00316	0.01473	0.00737	0.00421	0.01473
25	0.66030	0.01846	0.01433	0.01292	0.01857	0.02129	0.01039	0.02805	0.01676	0.04258	0.01537	0.02035	0.01295	0.06350	0.00995	0.00364	0.00788	0.00617	0.00616	0.01039
26	0.01215	0.00868	0.01157	0.01388	0.01446	0.00810	0.00925	0.01388	0.01909	0.02545	0.05495	0.64315	0.06593	0.03123	0.01272	0.00405	0.00578	0.02834	0.00925	0.00810
27	0.01435	0.00960	0.01092	0.01106	0.01110	0.00957	0.00624	0.01446	0.01479	0.01972	0.03290	0.10169	0.03812	0.61064	0.04834	0.00931	0.00942	0.01537	0.00624	0.00617
28	0.02574	0.02570	0.03943	0.05818	0.54031	0.07332	0.02963	0.03138	0.02317	0.03188	0.01847	0.02411	0.01554	0.00900	0.00979	0.00293	0.01236	0.00867	0.00495	0.01543
29	0.02467	0.02369	0.04046	0.06119	0.58747	0.02369	0.03059	0.03059	0.02270	0.03257	0.01875	0.02467	0.01579	0.00888	0.00987	0.00296	0.01184	0.00888	0.00493	0.01579
30	0.03545	0.04464	0.02730	0.02493	0.02980	0.56308	0.01873	0.03809	0.02730	0.02430	0.01629	0.01963	0.01378	0.01530	0.05585	0.00362	0.01866	0.00675	0.00515	0.01135
31	0.07599	0.02336	0.03856	0.05764	0.54553	0.02359	0.02913	0.03050	0.02228	0.03347	0.01839	0.02405	0.01542	0.00891	0.00960	0.00297	0.01154	0.00863	0.00503	0.01542
32	0.01411	0.01019	0.01333	0.01254	0.01489	0.00941	0.00941	0.01881	0.02822	0.03998	0.58221	0.07447	0.09406	0.02038	0.01176	0.00314	0.00470	0.01803	0.01097	0.00941
33	0.02415	0.12073	0.26216	0.02506	0.03501	0.07949	0.05983	0.03866	0.18942	0.03296	0.02421	0.02541	0.01828	0.01059	0.00937	0.00305	0.01253	0.00849	0.00617	0.01442
34	0.01493	0.01170	0.01735	0.01695	0.01857	0.01411	0.01331	0.01837	0.01595	0.02322	0.02546	0.03758	0.02384	0.06953	0.55744	0.01496	0.08190	0.01050	0.00525	0.00908
35	0.01980	0.01148	0.01495	0.01334	0.01680	0.01033	0.01026	0.02416	0.02784	0.14528	0.43920	0.06842	0.12026	0.01923	0.01143	0.00314	0.00546	0.01674	0.01110	0.01078
36	0.02295	0.02217	0.03804	0.10085	0.45814	0.02227	0.06234	0.02878	0.02253	0.03144	0.02627	0.03148	0.06736	0.01043	0.01018	0.00305	0.01166	0.01018	0.00530	0.01458
37	0.72007	0.01928	0.01465	0.01311	0.01928	0.02236	0.01080	0.02930	0.01697	0.04473	0.01388	0.01619	0.01080	0.00925	0.00617	0.00308	0.00771	0.00540	0.00617	0.01080
38	0.01706	0.00875	0.01279	0.01279	0.01279	0.00875	0.00842	0.01312	0.01312	0.01750	0.01860	0.03349	0.01904	0.09077	0.04004	0.64604	0.00875	0.00919	0.00449	0.00449
39	0.66555	0.01909	0.01534	0.01348	0.01978	0.02174	0.01111	0.03086	0.01790	0.08910	0.01594	0.01763	0.01192	0.00950	0.00648	0.00308	0.00777	0.00577	0.00667	0.01129
40	0.02867	0.02467	0.03615	0.09002	0.36259	0.02600	0.02648	0.20577	0.03060	0.04219	0.02041	0.02457	0.01600	0.01000	0.00991	0.00300	0.01166	0.00891	0.00659	0.01583
41	0.01227	0.00905	0.01121	0.01285	0.01395	0.00830	0.00863	0.01402	0.01945	0.02524	0.06246	0.48119	0.17028	0.08239	0.01575	0.00438	0.00596	0.02566	0.00898	0.00799
42	0.02272	0.01648	0.02323	0.06548	0.14676	0.01677	0.01708	0.03175	0.12354	0.11264	0.21785	0.08331	0.04900	0.01552	0.01076	0.00320	0.00798	0.01376	0.00916	0.01301
43	0.17584	0.08346	0.02885	0.02040	0.02806	0.02995	0.01711	0.39943	0.03835	0.05555	0.02097	0.02163	0.01532	0.01110	0.00887	0.00293	0.01028	0.00791	0.00868	0.01532
44	0.15306	0.01923	0.02497	0.02606	0.14738	0.01831	0.01702	0.03722	0.05425	0.24107	0.02648	0.02655	0.01881	0.01020	0.00884	0.00278	0.00885	0.00828	0.00833	0.14230

[dist]
# distance from previous block
# <min> <max>
0	1

[block]
# block no. 3 follows, 15 sequences, length 11
# corresponding to MSA columns:
# 476-486
name=unknown_D
#
# <colnr> <probs for GDERKNQSTAVLIFYWHMCP>
#	G	D	E	R	K	N	Q	S	T	A	V	L	I	F	Y	W	H	M	C	P
0	0.17674	0.03289	0.02398	0.02160	0.02677	0.29132	0.01670	0.04017	0.17152	0.03334	0.02175	0.02304	0.01719	0.01139	0.01020	0.00301	0.05157	0.00766	0.00666	0.01250
1	0.02096	0.04541	0.47380	0.03131	0.08465	0.02346	0.07112	0.03312	0.06226	0.03243	0.01981	0.02295	0.01438	0.00965	0.00971	0.00317	0.01415	0.00809	0.00477	0.01480
2	0.01411	0.01019	0.01333	0.01254	0.01489	0.00941	0.00941	0.01881	0.02822	0.03998	0.58221	0.07447	0.09406	0.02038	0.01176	0.00314	0.00470	0.01803	0.01097	0.00941
3	0.02219	0.04664	0.47071	0.02667	0.03927	0.07060	0.03220	0.06677	0.02390	0.03371	0.05884	0.02485	0.01882	0.01049	0.00963	0.00310	0.01402	0.00817	0.00516	0.01424
4	0.01411	0.01019	0.01333	0.01254	0.01489	0.00941	0.00941	0.01881	0.02822	0.03998	0.58221	0.07447	0.09406	0.02038	0.01176	0.00314	0.00470	0.01803	0.01097	0.00941
5	0.03882	0.02048	0.02458	0.01950	0.02682	0.02063	0.01590	0.16714	0.14995	0.35105	0.03602	0.03231	0.02413	0.01251	0.01004	0.00313	0.00893	0.01005	0.01131	0.01671
6	0.10348	0.01749	0.02209	0.02362	0.10503	0.01798	0.01603	0.06563	0.11972	0.15926	0.03710	0.16234	0.03354	0.01680	0.01045	0.00343	0.00844	0.05497	0.00915	0.01344
7	0.02904	0.02710	0.18778	0.02090	0.02909	0.01860	0.02063	0.12800	0.02760	0.20759	0.03383	0.16485	0.02903	0.01568	0.01046	0.00330	0.01014	0.01317	0.00887	0.01433
8	0.02783	0.58993	0.04990	0.01767	0.02614	0.03855	0.01726	0.08475	0.02304	0.02758	0.01491	0.01682	0.01323	0.00889	0.00677	0.00222	0.01069	0.00571	0.00486	0.01323
9	0.72007	0.01928	0.01465	0.01311	0.01928	0.02236	0.01080	0.02930	0.01697	0.04473	0.01388	0.01619	0.01080	0.00925	0.00617	0.00308	0.00771	0.00540	0.00617	0.01080
10	0.12460	0.02502	0.05933	0.02060	0.02786	0.02588	0.01746	0.23014	0.23362	0.08797	0.02945	0.02833	0.02139	0.01205	0.00950	0.00317	0.00944	0.00932	0.00934	0.01555

[dist]
# distance from previous block
# <min> <max>
0	1

[block]
# block no. 4 follows, 15 sequences, length 80
# corresponding to MSA columns:
# 488-567
name=unknown_E
#
# <colnr> <probs for GDERKNQSTAVLIFYWHMCP>
#	G	D	E	R	K	N	Q	S	T	A	V	L	I	F	Y	W	H	M	C	P
0	0.02904	0.02403	0.02884	0.03002	0.14936	0.02655	0.02003	0.21172	0.28029	0.04662	0.03041	0.03015	0.02286	0.01201	0.01003	0.00316	0.00975	0.01000	0.00896	0.01616
1	0.02685	0.02644	0.11224	0.07103	0.06871	0.02364	0.09270	0.13760	0.16238	0.08525	0.06651	0.03178	0.02512	0.01181	0.01031	0.00320	0.01112	0.01039	0.00808	0.01484
2	0.02259	0.01912	0.02253	0.12452	0.03184	0.02184	0.01715	0.07737	0.32967	0.03862	0.07854	0.04542	0.06578	0.01489	0.01055	0.00340	0.00874	0.04462	0.00908	0.01372
3	0.01207	0.00957	0.01086	0.01167	0.01393	0.00836	0.00832	0.01444	0.02172	0.02722	0.11483	0.29925	0.35825	0.02717	0.01213	0.00361	0.00530	0.02358	0.00937	0.00836
4	0.06855	0.11306	0.03578	0.14034	0.23521	0.06832	0.02391	0.13434	0.02674	0.03622	0.01840	0.02267	0.01467	0.00976	0.00914	0.00289	0.01194	0.00802	0.00584	0.01419
5	0.03634	0.01884	0.02289	0.01881	0.02565	0.01892	0.01513	0.05043	0.25606	0.36190	0.03985	0.03530	0.02710	0.01284	0.01007	0.00321	0.00823	0.01055	0.01142	0.01647
6	0.02467	0.02369	0.04046	0.06119	0.58747	0.02369	0.03059	0.03059	0.02270	0.03257	0.01875	0.02467	0.01579	0.00888	0.00987	0.00296	0.01184	0.00888	0.00493	0.01579
7	0.03639	0.09604	0.03016	0.02499	0.03040	0.56413	0.01909	0.03901	0.02761	0.02432	0.01529	0.01782	0.01284	0.01013	0.00878	0.00253	0.01739	0.00633	0.00507	0.01166
8	0.01260	0.01013	0.01123	0.01096	0.01397	0.00876	0.00822	0.01589	0.02466	0.03152	0.27034	0.08838	0.41120	0.02353	0.01177	0.00329	0.00493	0.01998	0.00986	0.00876
9	0.01206	0.00966	0.01079	0.01147	0.01388	0.00839	0.00823	0.01449	0.02197	0.02740	0.12090	0.26684	0.38535	0.02678	0.01208	0.00356	0.00526	0.02312	0.00938	0.00839
10	0.01200	0.00924	0.01099	0.01238	0.01407	0.00822	0.00859	0.01405	0.02053	0.02604	0.07319	0.42627	0.27103	0.02886	0.01235	0.00378	0.00549	0.02545	0.00926	0.00822
11	0.04473	0.01697	0.02313	0.01774	0.02545	0.01465	0.01465	0.04858	0.02853	0.59437	0.03933	0.03393	0.02468	0.01234	0.01003	0.00308	0.00848	0.01003	0.01234	0.01697
12	0.02480	0.02141	0.02254	0.02029	0.02592	0.02480	0.01578	0.05297	0.56946	0.04170	0.04057	0.03719	0.03043	0.01352	0.01014	0.00338	0.00789	0.01127	0.01014	0.01578
13	0.72007	0.01928	0.01465	0.01311	0.01928	0.02236	0.01080	0.02930	0.01697	0.04473	0.01388	0.01619	0.01080	0.00925	0.00617	0.00308	0.00771	0.00540	0.00617	0.01080
14	0.03790	0.02792	0.02992	0.02294	0.03091	0.03091	0.01895	0.55423	0.04687	0.06283	0.02393	0.02393	0.01695	0.01197	0.00997	0.00299	0.01097	0.00898	0.00997	0.01695
15	0.01962	0.08898	0.47404	0.02530	0.03779	0.02233	0.03144	0.02960	0.02203	0.03221	0.09940	0.02843	0.02444	0.01098	0.00958	0.00308	0.01299	0.00877	0.00519	0.01382
16	0.01641	0.01282	0.01590	0.01332	0.01795	0.01076	0.01025	0.02101	0.02558	0.03736	0.38470	0.05564	0.06632	0.01583	0.01023	0.00255	0.00564	0.01379	0.00920	0.25474
17	0.03376	0.02084	0.02387	0.01980	0.02651	0.02217	0.01586	0.12728	0.30094	0.23845	0.03762	0.03404	0.02638	0.01287	0.01008	0.00322	0.00856	0.01049	0.01089	0.01637
18	0.02556	0.02191	0.06820	0.02203	0.06826	0.01704	0.05464	0.06695	0.02395	0.10997	0.02132	0.02344	0.01619	0.00871	0.00857	0.00216	0.00932	0.00742	0.00680	0.41756
19	0.01215	0.00868	0.01157	0.01388	0.01446	0.00810	0.00925	0.01388	0.01909	0.02545	0.05495	0.64315	0.06593	0.03123	0.01272	0.00405	0.00578	0.02834	0.00925	0.00810
20	0.02171	0.01985	0.02195	0.06438	0.02774	0.05672	0.01361	0.02618	0.02116	0.03134	0.01755	0.02095	0.01451	0.00780	0.00770	0.00170	0.00861	0.00618	0.00573	0.60460
21	0.72007	0.01928	0.01465	0.01311	0.01928	0.02236	0.01080	0.02930	0.01697	0.04473	0.01388	0.01619	0.01080	0.00925	0.00617	0.00308	0.00771	0.00540	0.00617	0.01080
22	0.01395	0.01007	0.01319	0.01265	0.01486	0.00930	0.00939	0.01842	0.02749	0.03882	0.54013	0.11984	0.09182	0.02125	0.01183	0.00321	0.00479	0.01885	0.01084	0.00930
23	0.02262	0.20602	0.11225	0.01781	0.02716	0.02313	0.01720	0.02961	0.06440	0.03050	0.01846	0.02070	0.01514	0.00850	0.00762	0.00206	0.00941	0.00638	0.00553	0.35550
24	0.01507	0.01063	0.01233	0.01163	0.01490	0.00926	0.00882	0.01857	0.02535	0.07276	0.29004	0.08287	0.34672	0.02237	0.01165	0.00325	0.00516	0.01904	0.01017	0.00943
25	0.02665	0.65565	0.05224	0.01706	0.02559	0.03945	0.01706	0.02985	0.02026	0.02345	0.01386	0.01599	0.01279	0.00853	0.00640	0.00213	0.01066	0.00533	0.00426	0.01279
26	0.01999	0.05157	0.59800	0.02841	0.04315	0.02315	0.03683	0.03157	0.02105	0.03157	0.01789	0.02105	0.01263	0.00947	0.00947	0.00316	0.01473	0.00737	0.00421	0.01473
27	0.02166	0.08795	0.33158	0.11034	0.19390	0.02447	0.03242	0.03041	0.02130	0.03044	0.01778	0.02232	0.01359	0.00930	0.00940	0.00304	0.01344	0.00780	0.00444	0.01442
28	0.02335	0.02229	0.03592	0.16188	0.24881	0.02390	0.10002	0.03599	0.17498	0.03359	0.02484	0.02887	0.01928	0.01033	0.01024	0.00321	0.01174	0.00996	0.00630	0.01449
29	0.01230	0.01012	0.01082	0.01064	0.01378	0.00864	0.00798	0.01531	0.02394	0.02983	0.20788	0.09117	0.47472	0.02417	0.01178	0.00332	0.00497	0.02037	0.00964	0.00864
30	0.01411	0.01019	0.01333	0.01254	0.01489	0.00941	0.00941	0.01881	0.02822	0.03998	0.58221	0.07447	0.09406	0.02038	0.01176	0.00314	0.00470	0.01803	0.01097	0.00941
31	0.03331	0.02565	0.02734	0.02201	0.02917	0.02877	0.01784	0.37884	0.22972	0.05544	0.02976	0.02857	0.02167	0.01251	0.01003	0.00313	0.00989	0.00978	0.01003	0.01654
32	0.03790	0.02792	0.02992	0.02294	0.03091	0.03091	0.01895	0.55423	0.04687	0.06283	0.02393	0.02393	0.01695	0.01197	0.00997	0.00299	0.01097	0.00898	0.00997	0.01695
33	0.02480	0.02141	0.02254	0.02029	0.02592	0.02480	0.01578	0.05297	0.56946	0.04170	0.04057	0.03719	0.03043	0.01352	0.01014	0.00338	0.00789	0.01127	0.01014	0.01578
34	0.72007	0.01928	0.01465	0.01311	0.01928	0.02236	0.01080	0.02930	0.01697	0.04473	0.01388	0.01619	0.01080	0.00925	0.00617	0.00308	0.00771	0.00540	0.00617	0.01080
35	0.04209	0.01642	0.02209	0.01713	0.02449	0.01415	0.01409	0.04584	0.02807	0.54901	0.04426	0.03889	0.06934	0.01337	0.01017	0.00311	0.00821	0.01091	0.01209	0.01628
36	0.01215	0.00868	0.01157	0.01388	0.01446	0.00810	0.00925	0.01388	0.01909	0.02545	0.05495	0.64315	0.06593	0.03123	0.01272	0.00405	0.00578	0.02834	0.00925	0.00810
37	0.03047	0.16008	0.20036	0.02151	0.03121	0.02525	0.02228	0.14079	0.02833	0.16913	0.05702	0.02682	0.02124	0.01111	0.00921	0.00289	0.01106	0.00854	0.00771	0.01499
38	0.01215	0.00868	0.01157	0.01388	0.01446	0.00810	0.00925	0.01388	0.01909	0.02545	0.05495	0.64315	0.06593	0.03123	0.01272	0.00405	0.00578	0.02834	0.00925	0.00810
39	0.02518	0.02849	0.14684	0.04878	0.40116	0.02302	0.02962	0.03366	0.06208	0.07267	0.02160	0.02552	0.01685	0.00957	0.00982	0.00304	0.01189	0.00884	0.00569	0.01567
40	0.02681	0.03389	0.23402	0.07828	0.15872	0.02466	0.06251	0.15507	0.02800	0.07175	0.02089	0.02405	0.01524	0.01007	0.00989	0.00310	0.01289	0.00862	0.00627	0.01526
41	0.01411	0.01019	0.01333	0.01254	0.01489	0.00941	0.00941	0.01881	0.02822	0.03998	0.58221	0.07447	0.09406	0.02038	0.01176	0.00314	0.00470	0.01803	0.01097	0.00941
42	0.02067	0.01772	0.02067	0.01477	0.02362	0.01329	0.01181	0.02510	0.02067	0.03248	0.01772	0.02067	0.01477	0.00738	0.00738	0.00148	0.00738	0.00591	0.00591	0.71059
43	0.14856	0.02854	0.15454	0.04277	0.33510	0.02272	0.02727	0.03025	0.02119	0.03454	0.01763	0.02213	0.01415	0.00899	0.00897	0.00294	0.01146	0.00775	0.00506	0.05544
44	0.02495	0.02917	0.16232	0.15499	0.08494	0.02495	0.02507	0.13829	0.17750	0.03926	0.02537	0.02754	0.01879	0.01114	0.00989	0.00321	0.01157	0.00920	0.00708	0.01476
45	0.01497	0.01069	0.01481	0.01711	0.01892	0.01053	0.01416	0.01876	0.02187	0.02861	0.05339	0.26101	0.05977	0.02857	0.01348	0.00444	0.00823	0.38263	0.00920	0.00888
46	0.01636	0.01069	0.01405	0.01292	0.01567	0.00979	0.00979	0.02100	0.02824	0.08068	0.54235	0.07149	0.08897	0.01979	0.01163	0.00313	0.00498	0.01744	0.01107	0.00996
47	0.01411	0.01019	0.01333	0.01254	0.01489	0.00941	0.00941	0.01881	0.02822	0.03998	0.58221	0.07447	0.09406	0.02038	0.01176	0.00314	0.00470	0.01803	0.01097	0.00941
48	0.01197	0.01011	0.01036	0.01029	0.01358	0.00849	0.00772	0.01467	0.02316	0.02797	0.13945	0.09422	0.54431	0.02486	0.01178	0.00335	0.00502	0.02080	0.00939	0.00849
49	0.72007	0.01928	0.01465	0.01311	0.01928	0.02236	0.01080	0.02930	0.01697	0.04473	0.01388	0.01619	0.01080	0.00925	0.00617	0.00308	0.00771	0.00540	0.00617	0.01080
50	0.55752	0.01872	0.01669	0.01422	0.02076	0.02051	0.01172	0.03394	0.01975	0.17702	0.02001	0.02046	0.01414	0.01000	0.00710	0.00308	0.00790	0.00651	0.00765	0.01228
51	0.72007	0.01928	0.01465	0.01311	0.01928	0.02236	0.01080	0.02930	0.01697	0.04473	0.01388	0.01619	0.01080	0.00925	0.00617	0.00308	0.00771	0.00540	0.00617	0.01080
52	0.01399	0.01043	0.01441	0.01408	0.01623	0.01085	0.01078	0.01795	0.02170	0.03054	0.26692	0.05859	0.09872	0.04787	0.30995	0.00958	0.01569	0.01461	0.00803	0.00908
53	0.01178	0.01010	0.01010	0.01010	0.01347	0.00842	0.00757	0.01431	0.02272	0.02693	0.10099	0.09594	0.58342	0.02525	0.01178	0.00337	0.00505	0.02104	0.00926	0.00842
54	0.72007	0.01928	0.01465	0.01311	0.01928	0.02236	0.01080	0.02930	0.01697	0.04473	0.01388	0.01619	0.01080	0.00925	0.00617	0.00308	0.00771	0.00540	0.00617	0.01080
55	0.01215	0.00868	0.01157	0.01388	0.01446	0.00810	0.00925	0.01388	0.01909	0.02545	0.05495	0.64315	0.06593	0.03123	0.01272	0.00405	0.00578	0.02834	0.00925	0.00810
56	0.01999	0.05157	0.59800	0.02841	0.04315	0.02315	0.03683	0.03157	0.02105	0.03157	0.01789	0.02105	0.01263	0.00947	0.00947	0.00316	0.01473	0.00737	0.00421	0.01473
57	0.01421	0.01015	0.01393	0.01624	0.01772	0.00988	0.01284	0.01745	0.02112	0.02776	0.05381	0.36376	0.06143	0.02929	0.01327	0.00433	0.00757	0.28737	0.00921	0.00867
58	0.72007	0.01928	0.01465	0.01311	0.01928	0.02236	0.01080	0.02930	0.01697	0.04473	0.01388	0.01619	0.01080	0.00925	0.00617	0.00308	0.00771	0.00540	0.00617	0.01080
59	0.03790	0.02792	0.02992	0.02294	0.03091	0.03091	0.01895	0.55423	0.04687	0.06283	0.02393	0.02393	0.01695	0.01197	0.00997	0.00299	0.01097	0.00898	0.00997	0.01695
60	0.01411	0.01019	0.01333	0.01254	0.01489	0.00941	0.00941	0.01881	0.02822	0.03998	0.58221	0.07447	0.09406	0.02038	0.01176	0.00314	0.00470	0.01803	0.01097	0.00941
61	0.01641	0.00925	0.01388	0.01388	0.01441	0.00978	0.00978	0.01441	0.01388	0.01903	0.02008	0.03292	0.01956	0.04647	0.20739	0.50534	0.01398	0.00925	0.00463	0.00568
62	0.03533	0.02878	0.07876	0.02582	0.03445	0.06754	0.11213	0.28068	0.03564	0.16153	0.02535	0.02585	0.01758	0.01110	0.01018	0.00306	0.01228	0.00936	0.00879	0.01578
63	0.01883	0.01772	0.02990	0.62569	0.06866	0.02215	0.02769	0.02547	0.01993	0.02547	0.01772	0.02658	0.01329	0.00997	0.00997	0.00332	0.01329	0.00886	0.00443	0.01107
64	0.01215	0.00868	0.01157	0.01388	0.01446	0.00810	0.00925	0.01388	0.01909	0.02545	0.05495	0.64315	0.06593	0.03123	0.01272	0.00405	0.00578	0.02834	0.00925	0.00810
65	0.72007	0.01928	0.01465	0.01311	0.01928	0.02236	0.01080	0.02930	0.01697	0.04473	0.01388	0.01619	0.01080	0.00925	0.00617	0.00308	0.00771	0.00540	0.00617	0.01080
66	0.04148	0.02217	0.02636	0.02021	0.02804	0.02238	0.01669	0.28875	0.03724	0.34191	0.03202	0.02918	0.02101	0.01216	0.01000	0.00304	0.00966	0.00953	0.01121	0.01696
67	0.02469	0.03131	0.19839	0.04763	0.35997	0.02299	0.06390	0.03222	0.02269	0.07189	0.02005	0.02444	0.01548	0.00926	0.00989	0.00305	0.01274	0.00871	0.00526	0.01543
68	0.01411	0.01019	0.01333	0.01254	0.01489	0.00941	0.00941	0.01881	0.02822	0.03998	0.58221	0.07447	0.09406	0.02038	0.01176	0.00314	0.00470	0.01803	0.01097	0.00941
69	0.06729	0.02128	0.02206	0.01985	0.02552	0.02465	0.01547	0.05153	0.53569	0.04189	0.03894	0.03591	0.02923	0.01326	0.00990	0.00336	0.00788	0.01091	0.00990	0.01547
70	0.01411	0.01019	0.01333	0.01254	0.01489	0.00941	0.00941	0.01881	0.02822	0.03998	0.58221	0.07447	0.09406	0.02038	0.01176	0.00314	0.00470	0.01803	0.01097	0.00941
71	0.01365	0.01017	0.01270	0.01206	0.01461	0.00921	0.00905	0.01793	0.02715	0.03743	0.48824	0.07866	0.18962	0.02133	0.01176	0.00318	0.00477	0.01862	0.01064	0.00921
72	0.01999	0.05157	0.59800	0.02841	0.04315	0.02315	0.03683	0.03157	0.02105	0.03157	0.01789	0.02105	0.01263	0.00947	0.00947	0.00316	0.01473	0.00737	0.00421	0.01473
73	0.01450	0.00966	0.01087	0.01087	0.01087	0.00966	0.00604	0.01450	0.01450	0.01933	0.03141	0.06524	0.03624	0.64965	0.05074	0.00966	0.00966	0.01450	0.00604	0.00604
74	0.12797	0.01279	0.01559	0.01516	0.01870	0.01232	0.01148	0.02638	0.02168	0.18758	0.04425	0.34058	0.04550	0.02238	0.01106	0.00367	0.00707	0.05513	0.00965	0.01106
75	0.02533	0.42839	0.04499	0.02575	0.14044	0.03221	0.01903	0.02928	0.02082	0.02671	0.01545	0.01849	0.01371	0.00843	0.00726	0.00220	0.01040	0.00615	0.00465	0.12032
76	0.03008	0.11142	0.03093	0.02687	0.10679	0.17196	0.01907	0.03665	0.09102	0.11596	0.06274	0.02799	0.02307	0.01217	0.01222	0.00301	0.08870	0.00889	0.00703	0.01344
77	0.01192	0.01010	0.01030	0.01025	0.01355	0.00848	0.00769	0.01458	0.02306	0.02773	0.13044	0.09463	0.55347	0.02495	0.01178	0.00335	0.00503	0.02086	0.00936	0.00848
78	0.06577	0.01047	0.01216	0.01179	0.01426	0.01020	0.00882	0.02040	0.02465	0.03837	0.34640	0.10537	0.06679	0.01801	0.01010	0.00298	0.00499	0.01552	0.20360	0.00937
79	0.17215	0.01806	0.01937	0.01441	0.02268	0.01525	0.01159	0.02601	0.01987	0.03514	0.01689	0.01970	0.01391	0.00779	0.00712	0.00182	0.00745	0.00580	0.00596	0.55903

[dist]
# distance from previous block
# <min> <max>
0	1

[block]
# block no. 5 follows, 15 sequences, length 33
# corresponding to MSA columns:
# 569-601
name=unknown_F
#
# <colnr> <probs for GDERKNQSTAVLIFYWHMCP>
#	G	D	E	R	K	N	Q	S	T	A	V	L	I	F	Y	W	H	M	C	P
0	0.16824	0.02532	0.02368	0.01942	0.02638	0.08734	0.01556	0.20477	0.14538	0.04583	0.02356	0.02404	0.01779	0.01085	0.00874	0.00281	0.00986	0.00799	0.00809	0.12436
1	0.01497	0.01107	0.01453	0.01608	0.01861	0.01064	0.01366	0.01911	0.02332	0.03002	0.10610	0.10576	0.17580	0.02646	0.01317	0.00420	0.00791	0.37021	0.00934	0.00903
2	0.02665	0.65565	0.05224	0.01706	0.02559	0.03945	0.01706	0.02985	0.02026	0.02345	0.01386	0.01599	0.01279	0.00853	0.00640	0.00213	0.01066	0.00533	0.00426	0.01279
3	0.27416	0.09936	0.02582	0.01815	0.02521	0.08811	0.01512	0.15978	0.02790	0.14776	0.02124	0.02155	0.01534	0.01051	0.00814	0.00289	0.01009	0.00723	0.00790	0.01375
4	0.02132	0.04259	0.40850	0.03137	0.04413	0.02383	0.17161	0.03339	0.06598	0.03248	0.02033	0.02390	0.01473	0.00952	0.01013	0.00323	0.01473	0.00885	0.00491	0.01448
5	0.01362	0.01027	0.01265	0.01235	0.01498	0.00930	0.00946	0.01771	0.02623	0.03545	0.40200	0.08373	0.22822	0.02236	0.01194	0.00332	0.00518	0.06176	0.01034	0.00911
6	0.01883	0.01772	0.02990	0.62569	0.06866	0.02215	0.02769	0.02547	0.01993	0.02547	0.01772	0.02658	0.01329	0.00997	0.00997	0.00332	0.01329	0.00886	0.00443	0.01107
7	0.02249	0.02072	0.03095	0.26311	0.21813	0.02344	0.02495	0.03551	0.18934	0.03267	0.02505	0.02924	0.01933	0.01072	0.00999	0.00323	0.01118	0.00961	0.00634	0.01400
8	0.03039	0.01912	0.02203	0.01900	0.02490	0.02033	0.01495	0.07572	0.31796	0.21152	0.04071	0.09665	0.03149	0.01486	0.01036	0.00334	0.00803	0.01248	0.01072	0.01543
9	0.01450	0.00966	0.01087	0.01087	0.01087	0.00966	0.00604	0.01450	0.01450	0.01933	0.03141	0.06524	0.03624	0.64965	0.05074	0.00966	0.00966	0.01450	0.00604	0.00604
10	0.02167	0.03059	0.18105	0.03447	0.04376	0.02373	0.31305	0.02977	0.02201	0.03079	0.02252	0.03450	0.01902	0.01173	0.01360	0.00355	0.07885	0.06709	0.00523	0.01302
11	0.01883	0.01772	0.02990	0.62569	0.06866	0.02215	0.02769	0.02547	0.01993	0.02547	0.01772	0.02658	0.01329	0.00997	0.00997	0.00332	0.01329	0.00886	0.00443	0.01107
12	0.03438	0.02359	0.02602	0.02104	0.02812	0.02577	0.01703	0.28159	0.23296	0.15081	0.03273	0.03054	0.02323	0.01260	0.01004	0.00315	0.00941	0.01000	0.01046	0.01653
13	0.01215	0.00868	0.01157	0.01388	0.01446	0.00810	0.00925	0.01388	0.01909	0.02545	0.05495	0.64315	0.06593	0.03123	0.01272	0.00405	0.00578	0.02834	0.00925	0.00810
14	0.02322	0.03161	0.18987	0.04880	0.33852	0.02385	0.13596	0.03112	0.02243	0.03218	0.01881	0.02417	0.01483	0.00894	0.01014	0.00309	0.01359	0.00906	0.00477	0.01505
15	0.02467	0.02369	0.04046	0.06119	0.58747	0.02369	0.03059	0.03059	0.02270	0.03257	0.01875	0.02467	0.01579	0.00888	0.00987	0.00296	0.01184	0.00888	0.00493	0.01579
16	0.02567	0.02589	0.05522	0.03956	0.04941	0.02414	0.49706	0.03361	0.02403	0.08874	0.02210	0.02760	0.01609	0.00880	0.01159	0.00333	0.01597	0.01159	0.00578	0.01380
17	0.64533	0.01975	0.01743	0.01828	0.08035	0.02251	0.01292	0.02944	0.01758	0.04342	0.01440	0.01711	0.01133	0.00921	0.00657	0.00307	0.00816	0.00577	0.00604	0.01133
18	0.01356	0.00951	0.01134	0.01222	0.01291	0.00915	0.00786	0.01467	0.01737	0.02275	0.04769	0.25427	0.10579	0.34736	0.03218	0.00689	0.00791	0.05182	0.00760	0.00715
19	0.02792	0.17573	0.04000	0.07356	0.31565	0.06166	0.02459	0.06120	0.02410	0.07655	0.01928	0.02301	0.01555	0.00939	0.00901	0.00277	0.01168	0.00798	0.00564	0.01473
20	0.01422	0.00971	0.01079	0.01079	0.01113	0.00954	0.00620	0.01448	0.01533	0.02010	0.03844	0.06834	0.09151	0.58659	0.04681	0.00903	0.00920	0.01516	0.00637	0.00628
21	0.02394	0.02264	0.03838	0.05753	0.53908	0.02264	0.02935	0.02975	0.02272	0.03233	0.02166	0.03217	0.01934	0.01048	0.01020	0.00310	0.01162	0.05255	0.00530	0.01523
22	0.01421	0.01015	0.01394	0.01624	0.01772	0.00988	0.01284	0.01745	0.02112	0.02776	0.05381	0.36362	0.06142	0.02929	0.01327	0.00433	0.00757	0.28749	0.00921	0.00867
23	0.18017	0.03384	0.13800	0.02372	0.03229	0.12457	0.05926	0.21599	0.03063	0.04420	0.01890	0.02092	0.01397	0.01036	0.00902	0.00300	0.01260	0.00767	0.00687	0.01404
24	0.02477	0.02196	0.02682	0.03004	0.15987	0.02453	0.01931	0.04763	0.43903	0.03952	0.03537	0.03421	0.02694	0.01242	0.01008	0.00328	0.00883	0.01070	0.00890	0.01578
25	0.02683	0.02296	0.03860	0.05652	0.52706	0.02272	0.02888	0.03253	0.02333	0.09295	0.02096	0.02567	0.01675	0.00925	0.00989	0.00297	0.01148	0.00901	0.00573	0.01592
26	0.01411	0.01019	0.01333	0.01254	0.01489	0.00941	0.00941	0.01881	0.02822	0.03998	0.58221	0.07447	0.09406	0.02038	0.01176	0.00314	0.00470	0.01803	0.01097	0.00941
27	0.02721	0.02022	0.02406	0.02350	0.08513	0.02184	0.01665	0.11286	0.28856	0.10881	0.12271	0.03963	0.03655	0.01377	0.01034	0.00321	0.00829	0.01164	0.00995	0.01506
28	0.12815	0.02535	0.03170	0.03773	0.26707	0.06233	0.02250	0.18726	0.02983	0.08340	0.02088	0.02351	0.01589	0.01019	0.00934	0.00297	0.01115	0.00835	0.00715	0.01525
