[name]
unknown

[dist]
# distance from previous block
# <min> <max>
0	12

[block]
# block no. 0 follows, 14 sequences, length 24
# corresponding to MSA columns:
# 12-35
name=unknown_A
#
# <colnr> <probs for GDERKNQSTAVLIFYWHMCP>
#	G	D	E	R	K	N	Q	S	T	A	V	L	I	F	Y	W	H	M	C	P
0	0.08627	0.01262	0.01639	0.01836	0.02112	0.01294	0.01599	0.02215	0.02301	0.03225	0.05032	0.10582	0.05425	0.02646	0.01339	0.00457	0.00930	0.45604	0.00914	0.00962
1	0.03081	0.42909	0.08531	0.02012	0.02864	0.13955	0.01922	0.03468	0.02328	0.08093	0.01750	0.01907	0.01439	0.00958	0.00768	0.00245	0.01245	0.00633	0.00538	0.01351
2	0.02175	0.04492	0.41719	0.03375	0.04738	0.02451	0.19871	0.03262	0.02249	0.03262	0.01917	0.02360	0.01383	0.00940	0.01051	0.00332	0.01585	0.00904	0.00461	0.01474
3	0.02718	0.08369	0.29206	0.02486	0.03587	0.02617	0.02703	0.12635	0.13813	0.08000	0.02567	0.02623	0.01851	0.01121	0.00979	0.00318	0.01225	0.00875	0.00725	0.01581
4	0.01466	0.01100	0.01649	0.01649	0.01833	0.01283	0.01283	0.01833	0.01649	0.02382	0.02749	0.04032	0.02566	0.07697	0.59868	0.01649	0.02749	0.01100	0.00550	0.00916
5	0.02744	0.64552	0.05378	0.01756	0.02634	0.04061	0.01756	0.03073	0.02085	0.02414	0.01427	0.01646	0.01317	0.00878	0.00658	0.00219	0.01097	0.00549	0.00439	0.01317
6	0.03610	0.01527	0.02063	0.01657	0.02277	0.01338	0.01338	0.04035	0.02927	0.41177	0.20742	0.04809	0.04792	0.01531	0.01088	0.00319	0.00751	0.01292	0.01226	0.01501
7	0.01258	0.01041	0.01103	0.01087	0.01414	0.00886	0.00816	0.01561	0.02447	0.03028	0.19267	0.09455	0.48087	0.02504	0.01212	0.00342	0.00513	0.02107	0.00987	0.00886
8	0.01380	0.01046	0.01271	0.01215	0.01488	0.00937	0.00911	0.01796	0.02733	0.03707	0.42829	0.08337	0.24100	0.02250	0.01211	0.00330	0.00495	0.01950	0.01076	0.00937
9	0.01250	0.00893	0.01191	0.01429	0.01488	0.00834	0.00953	0.01429	0.01965	0.02620	0.05656	0.63265	0.06787	0.03215	0.01310	0.00417	0.00595	0.02917	0.00953	0.00834
10	0.71184	0.01985	0.01508	0.01350	0.01985	0.02302	0.01111	0.03017	0.01746	0.04604	0.01429	0.01667	0.01111	0.00953	0.00635	0.00318	0.00794	0.00556	0.00635	0.01111
11	0.02553	0.02204	0.02320	0.02088	0.02669	0.02553	0.01624	0.05453	0.55679	0.04293	0.04177	0.03829	0.03133	0.01392	0.01044	0.00348	0.00812	0.01160	0.01044	0.01624
12	0.71184	0.01985	0.01508	0.01350	0.01985	0.02302	0.01111	0.03017	0.01746	0.04604	0.01429	0.01667	0.01111	0.00953	0.00635	0.00318	0.00794	0.00556	0.00635	0.01111
13	0.01250	0.00893	0.01191	0.01429	0.01488	0.00834	0.00953	0.01429	0.01965	0.02620	0.05656	0.63265	0.06787	0.03215	0.01310	0.00417	0.00595	0.02917	0.00953	0.00834
14	0.02540	0.02438	0.04165	0.06299	0.57533	0.02438	0.03149	0.03149	0.02337	0.03353	0.01930	0.02540	0.01626	0.00914	0.01016	0.00305	0.01219	0.00914	0.00508	0.01626
15	0.02058	0.05308	0.58618	0.02925	0.04442	0.02383	0.03792	0.03250	0.02167	0.03250	0.01842	0.02167	0.01300	0.00975	0.00975	0.00325	0.01517	0.00758	0.00433	0.01517
16	0.01913	0.00956	0.00956	0.00956	0.01196	0.00956	0.00717	0.02391	0.02152	0.03826	0.03348	0.03826	0.02630	0.01196	0.00717	0.00239	0.00478	0.00956	0.69632	0.00956
17	0.01245	0.00983	0.01123	0.01211	0.01437	0.00861	0.00862	0.01489	0.02233	0.02810	0.11927	0.30751	0.33826	0.02805	0.01251	0.00372	0.00547	0.02439	0.00966	0.00861
18	0.01269	0.00991	0.01152	0.01220	0.01448	0.00873	0.00874	0.01541	0.02312	0.02962	0.17164	0.27946	0.31147	0.02722	0.01246	0.00367	0.00540	0.02370	0.00985	0.00873
19	0.04178	0.02430	0.02805	0.02150	0.02961	0.02523	0.01776	0.34761	0.04081	0.26868	0.03088	0.02869	0.02058	0.01247	0.01029	0.00312	0.01028	0.00967	0.01123	0.01746
20	0.71184	0.01985	0.01508	0.01350	0.01985	0.02302	0.01111	0.03017	0.01746	0.04604	0.01429	0.01667	0.01111	0.00953	0.00635	0.00318	0.00794	0.00556	0.00635	0.01111
21	0.01283	0.00918	0.01220	0.01406	0.01496	0.00855	0.00955	0.01511	0.02118	0.02863	0.14003	0.54225	0.07258	0.03033	0.01294	0.00401	0.00577	0.02745	0.00981	0.00855
22	0.01250	0.00893	0.01191	0.01429	0.01488	0.00834	0.00953	0.01429	0.01965	0.02620	0.05656	0.63265	0.06787	0.03215	0.01310	0.00417	0.00595	0.02917	0.00953	0.00834
23	0.03965	0.02773	0.03017	0.02313	0.03132	0.03031	0.01911	0.49674	0.04654	0.11146	0.02607	0.02557	0.01817	0.01235	0.01027	0.00309	0.01106	0.00934	0.01049	0.01745

[dist]
# distance from previous block
# <min> <max>
0	1

[block]
# block no. 1 follows, 14 sequences, length 35
# corresponding to MSA columns:
# 37-71
name=unknown_B
#
# <colnr> <probs for GDERKNQSTAVLIFYWHMCP>
#	G	D	E	R	K	N	Q	S	T	A	V	L	I	F	Y	W	H	M	C	P
0	0.01567	0.01195	0.01665	0.01818	0.07420	0.01123	0.01198	0.02064	0.02845	0.04035	0.51203	0.07127	0.08836	0.01974	0.01190	0.00321	0.00561	0.01757	0.01064	0.01037
1	0.02494	0.42992	0.24752	0.02181	0.03292	0.03450	0.02497	0.03137	0.02115	0.02718	0.01578	0.01836	0.01311	0.00913	0.00774	0.00258	0.01250	0.00625	0.00437	0.01390
2	0.50281	0.02058	0.02201	0.08632	0.13562	0.02327	0.01699	0.03002	0.01896	0.04148	0.01570	0.01953	0.01240	0.00953	0.00752	0.00318	0.00939	0.00664	0.00591	0.01217
3	0.01723	0.01412	0.02188	0.02880	0.16831	0.01438	0.01751	0.02116	0.02059	0.02840	0.03901	0.23254	0.04207	0.03619	0.15532	0.00697	0.01351	0.10381	0.00733	0.01087
4	0.02540	0.02438	0.04165	0.06299	0.57533	0.02438	0.03149	0.03149	0.02337	0.03353	0.01930	0.02540	0.01626	0.00914	0.01016	0.00305	0.01219	0.00914	0.00508	0.01626
5	0.01373	0.01046	0.01262	0.01208	0.01485	0.00935	0.00906	0.01783	0.02718	0.03671	0.41589	0.08396	0.25363	0.02264	0.01211	0.00331	0.00496	0.01958	0.01071	0.00935
6	0.01250	0.00893	0.01191	0.01429	0.01488	0.00834	0.00953	0.01429	0.01965	0.02620	0.05656	0.63265	0.06787	0.03215	0.01310	0.00417	0.00595	0.02917	0.00953	0.00834
7	0.02245	0.02245	0.03143	0.02694	0.02694	0.03143	0.02245	0.02470	0.01572	0.02470	0.01347	0.02245	0.01347	0.01796	0.03368	0.00449	0.62057	0.00898	0.00449	0.01123
8	0.01398	0.01056	0.01307	0.01348	0.01602	0.00965	0.01046	0.01778	0.02522	0.03334	0.26853	0.14979	0.23254	0.02518	0.01263	0.00370	0.00599	0.11868	0.01019	0.00918
9	0.02744	0.64552	0.05378	0.01756	0.02634	0.04061	0.01756	0.03073	0.02085	0.02414	0.01427	0.01646	0.01317	0.00878	0.00658	0.00219	0.01097	0.00549	0.00439	0.01317
10	0.01938	0.01824	0.03078	0.61468	0.07068	0.02280	0.02850	0.02622	0.02052	0.02622	0.01824	0.02736	0.01368	0.01026	0.01026	0.00342	0.01368	0.00912	0.00456	0.01140
11	0.03833	0.04891	0.02908	0.02644	0.03173	0.59815	0.01983	0.04098	0.02908	0.02512	0.01586	0.01851	0.01322	0.01058	0.00925	0.00264	0.01851	0.00661	0.00529	0.01190
12	0.03721	0.15395	0.03338	0.02352	0.03015	0.35149	0.01886	0.11190	0.03033	0.08921	0.01942	0.02073	0.01510	0.01071	0.00901	0.00268	0.01504	0.00717	0.00662	0.01352
13	0.01466	0.01100	0.01649	0.01649	0.01833	0.01283	0.01283	0.01833	0.01649	0.02382	0.02749	0.04032	0.02566	0.07697	0.59868	0.01649	0.02749	0.01100	0.00550	0.00916
14	0.01466	0.01100	0.01649	0.01649	0.01833	0.01283	0.01283	0.01833	0.01649	0.02382	0.02749	0.04032	0.02566	0.07697	0.59868	0.01649	0.02749	0.01100	0.00550	0.00916
15	0.71184	0.01985	0.01508	0.01350	0.01985	0.02302	0.01111	0.03017	0.01746	0.04604	0.01429	0.01667	0.01111	0.00953	0.00635	0.00318	0.00794	0.00556	0.00635	0.01111
16	0.64184	0.01960	0.01600	0.01400	0.02051	0.02219	0.01153	0.03225	0.01872	0.10243	0.01704	0.01859	0.01262	0.00986	0.00677	0.00318	0.00802	0.00606	0.00702	0.01178
17	0.02338	0.04456	0.42329	0.03157	0.04509	0.02363	0.14962	0.03394	0.02284	0.07525	0.02066	0.02406	0.01455	0.00973	0.01033	0.00329	0.01515	0.00882	0.00518	0.01504
18	0.03901	0.02874	0.03080	0.02361	0.03182	0.03182	0.01951	0.54111	0.04825	0.06468	0.02464	0.02464	0.01745	0.01232	0.01027	0.00308	0.01129	0.00924	0.01027	0.01745
19	0.04604	0.01746	0.02382	0.01826	0.02620	0.01508	0.01508	0.05001	0.02937	0.58244	0.04049	0.03493	0.02540	0.01270	0.01032	0.00318	0.00873	0.01032	0.01270	0.01746
20	0.03901	0.02874	0.03080	0.02361	0.03182	0.03182	0.01951	0.54111	0.04825	0.06468	0.02464	0.02464	0.01745	0.01232	0.01027	0.00308	0.01129	0.00924	0.01027	0.01745
21	0.01250	0.00893	0.01191	0.01429	0.01488	0.00834	0.00953	0.01429	0.01965	0.02620	0.05656	0.63265	0.06787	0.03215	0.01310	0.00417	0.00595	0.02917	0.00953	0.00834
22	0.03733	0.04463	0.03175	0.02737	0.03344	0.47972	0.05999	0.10573	0.03121	0.03089	0.01739	0.02002	0.01395	0.01065	0.00961	0.00276	0.01747	0.00738	0.00593	0.01277
23	0.01250	0.00893	0.01191	0.01429	0.01488	0.00834	0.00953	0.01429	0.01965	0.02620	0.05656	0.63265	0.06787	0.03215	0.01310	0.00417	0.00595	0.02917	0.00953	0.00834
24	0.02575	0.02619	0.02830	0.07199	0.12695	0.15147	0.05107	0.07214	0.10328	0.03327	0.03760	0.09950	0.09835	0.01515	0.01071	0.00325	0.01178	0.01291	0.00734	0.01300
25	0.02422	0.02768	0.06055	0.04325	0.05363	0.02595	0.53806	0.03287	0.02422	0.03287	0.02076	0.02768	0.01557	0.00865	0.01211	0.00346	0.01730	0.01211	0.00519	0.01384
26	0.01271	0.00909	0.01210	0.01414	0.01493	0.00848	0.00954	0.01482	0.02063	0.02776	0.11034	0.57440	0.07091	0.03098	0.01299	0.00407	0.00584	0.02806	0.00971	0.00848
27	0.01589	0.01115	0.01486	0.01449	0.01507	0.01246	0.01005	0.01657	0.01525	0.02123	0.02708	0.04959	0.02874	0.31952	0.22241	0.11523	0.06525	0.01229	0.00558	0.00730
28	0.02058	0.05308	0.58618	0.02925	0.04442	0.02383	0.03792	0.03250	0.02167	0.03250	0.01842	0.02167	0.01300	0.00975	0.00975	0.00325	0.01517	0.00758	0.00433	0.01517
29	0.02247	0.02139	0.03636	0.33171	0.32952	0.02361	0.03004	0.02893	0.02198	0.02997	0.01879	0.02635	0.01500	0.00969	0.01021	0.00323	0.01292	0.00913	0.00483	0.01389
30	0.01492	0.00995	0.01119	0.01119	0.01119	0.00995	0.00622	0.01492	0.01492	0.01990	0.03233	0.06716	0.03731	0.63935	0.05223	0.00995	0.00995	0.01492	0.00622	0.00622
31	0.02478	0.01853	0.03026	0.46407	0.09843	0.02147	0.02621	0.03103	0.02237	0.13046	0.02246	0.02863	0.01605	0.01064	0.01026	0.00335	0.01265	0.00935	0.00612	0.01288
32	0.11480	0.01904	0.02276	0.02018	0.08158	0.01613	0.01424	0.02861	0.02153	0.07157	0.01931	0.02201	0.01545	0.00836	0.00788	0.00201	0.00820	0.00661	0.00645	0.49327
33	0.51027	0.02954	0.18161	0.01809	0.02701	0.02326	0.01893	0.03085	0.01869	0.04209	0.01549	0.01813	0.01166	0.00959	0.00734	0.00320	0.01005	0.00615	0.00576	0.01230
34	0.02621	0.07245	0.14393	0.09723	0.09096	0.02473	0.25073	0.03407	0.02374	0.10271	0.02207	0.02655	0.01608	0.00959	0.01072	0.00326	0.01458	0.01006	0.00588	0.01444

[dist]
# distance from previous block
# <min> <max>
0	20

[block]
# block no. 2 follows, 14 sequences, length 51
# corresponding to MSA columns:
# 92-142
name=unknown_C
#
# <colnr> <probs for GDERKNQSTAVLIFYWHMCP>
#	G	D	E	R	K	N	Q	S	T	A	V	L	I	F	Y	W	H	M	C	P
0	0.03093	0.02358	0.06938	0.03692	0.21001	0.02013	0.10217	0.03688	0.02502	0.20837	0.02608	0.02798	0.01872	0.01002	0.01013	0.00295	0.01142	0.00945	0.00762	0.11224
1	0.01915	0.01750	0.06419	0.01562	0.02211	0.01252	0.01318	0.02341	0.02211	0.06401	0.07048	0.17852	0.09909	0.01683	0.01003	0.00271	0.00746	0.01447	0.00785	0.31877
2	0.02516	0.01965	0.02623	0.02236	0.07849	0.01661	0.04916	0.03202	0.06557	0.09971	0.02305	0.02508	0.01783	0.00893	0.00869	0.00215	0.00885	0.00771	0.00707	0.45569
3	0.03000	0.02444	0.10694	0.02545	0.10228	0.01878	0.02000	0.03928	0.10352	0.20406	0.02876	0.02862	0.02056	0.01063	0.00952	0.00278	0.00974	0.00884	0.00838	0.19744
4	0.02730	0.03086	0.16579	0.03842	0.22059	0.02564	0.02790	0.10340	0.05741	0.07925	0.02195	0.02548	0.01685	0.01155	0.01349	0.00334	0.09982	0.00900	0.00644	0.01553
5	0.01345	0.00983	0.01391	0.01525	0.01639	0.01030	0.01097	0.01606	0.01827	0.02516	0.04384	0.37348	0.04940	0.05176	0.26932	0.00956	0.01538	0.02122	0.00776	0.00870
6	0.71184	0.01985	0.01508	0.01350	0.01985	0.02302	0.01111	0.03017	0.01746	0.04604	0.01429	0.01667	0.01111	0.00953	0.00635	0.00318	0.00794	0.00556	0.00635	0.01111
7	0.02354	0.01814	0.02575	0.27788	0.04484	0.01785	0.01967	0.02902	0.02196	0.09881	0.02102	0.02564	0.01581	0.00940	0.00910	0.00256	0.01040	0.00794	0.00624	0.31442
8	0.02928	0.02267	0.02334	0.01983	0.02433	0.08838	0.01538	0.25241	0.03112	0.04027	0.02179	0.02788	0.01806	0.02726	0.08989	0.22682	0.01331	0.00904	0.00727	0.01168
9	0.02150	0.02237	0.04381	0.36466	0.06322	0.02418	0.25146	0.02913	0.02214	0.02913	0.01934	0.02750	0.01451	0.00956	0.01107	0.00344	0.01526	0.01043	0.00484	0.01247
10	0.02744	0.64552	0.05378	0.01756	0.02634	0.04061	0.01756	0.03073	0.02085	0.02414	0.01427	0.01646	0.01317	0.00878	0.00658	0.00219	0.01097	0.00549	0.00439	0.01317
11	0.01543	0.01043	0.01540	0.01540	0.01668	0.01171	0.01146	0.01692	0.01565	0.02214	0.02551	0.03991	0.02456	0.10403	0.42990	0.17907	0.02192	0.01076	0.00530	0.00785
12	0.03897	0.04631	0.02865	0.02576	0.03127	0.54995	0.01944	0.04173	0.02911	0.07119	0.01790	0.01986	0.01423	0.01075	0.00934	0.00269	0.01770	0.00692	0.00590	0.01236
13	0.01374	0.01038	0.01219	0.01178	0.01422	0.00936	0.00852	0.01710	0.02503	0.03338	0.32900	0.08305	0.25476	0.11173	0.01789	0.00428	0.00570	0.01912	0.00995	0.00883
14	0.02744	0.64552	0.05378	0.01756	0.02634	0.04061	0.01756	0.03073	0.02085	0.02414	0.01427	0.01646	0.01317	0.00878	0.00658	0.00219	0.01097	0.00549	0.00439	0.01317
15	0.01446	0.01033	0.01415	0.01653	0.01798	0.01002	0.01293	0.01767	0.02158	0.02839	0.05548	0.38184	0.06360	0.03031	0.01362	0.00444	0.00765	0.26067	0.00949	0.00888
16	0.01424	0.01048	0.01332	0.01261	0.01516	0.00956	0.00946	0.01881	0.02837	0.03955	0.51429	0.07930	0.15346	0.02158	0.01211	0.00326	0.00488	0.01893	0.01109	0.00956
17	0.02128	0.01824	0.02128	0.01520	0.02432	0.01368	0.01216	0.02584	0.02128	0.03344	0.01824	0.02128	0.01520	0.00760	0.00760	0.00152	0.00760	0.00608	0.00608	0.70208
18	0.02540	0.02438	0.04165	0.06299	0.57533	0.02438	0.03149	0.03149	0.02337	0.03353	0.01930	0.02540	0.01626	0.00914	0.01016	0.00305	0.01219	0.00914	0.00508	0.01626
19	0.01504	0.01025	0.01233	0.01255	0.01299	0.01047	0.00798	0.01593	0.01593	0.02138	0.03383	0.06852	0.03796	0.51473	0.11389	0.01024	0.01200	0.06068	0.00644	0.00687
20	0.01453	0.01117	0.01375	0.01504	0.01790	0.01038	0.01257	0.01829	0.02352	0.02935	0.07688	0.10803	0.29175	0.02728	0.01324	0.00415	0.00752	0.28607	0.00949	0.00909
21	0.01630	0.01164	0.01626	0.01862	0.02088	0.01160	0.01612	0.02084	0.02339	0.03044	0.05447	0.14672	0.05959	0.02858	0.01411	0.00469	0.00924	0.47768	0.00945	0.00938
22	0.33676	0.02093	0.02040	0.01681	0.02384	0.06354	0.01371	0.04063	0.02414	0.30475	0.02712	0.02567	0.01821	0.01115	0.00850	0.00313	0.00914	0.00795	0.00935	0.01426
23	0.08247	0.04545	0.02830	0.02537	0.03096	0.51682	0.01923	0.07885	0.02980	0.02954	0.01644	0.01886	0.01341	0.01064	0.00914	0.00271	0.01726	0.00674	0.00574	0.01227
24	0.71184	0.01985	0.01508	0.01350	0.01985	0.02302	0.01111	0.03017	0.01746	0.04604	0.01429	0.01667	0.01111	0.00953	0.00635	0.00318	0.00794	0.00556	0.00635	0.01111
25	0.02103	0.02354	0.06628	0.02886	0.14789	0.12666	0.01870	0.02474	0.02246	0.02814	0.03731	0.32923	0.04138	0.02104	0.01143	0.00355	0.01050	0.01861	0.00730	0.01135
26	0.01281	0.00915	0.01227	0.01465	0.01538	0.00860	0.01007	0.01483	0.01995	0.02655	0.05639	0.59271	0.06719	0.03186	0.01318	0.00421	0.00622	0.06604	0.00952	0.00842
27	0.01584	0.01187	0.01485	0.01386	0.01669	0.01157	0.01047	0.02356	0.09205	0.04136	0.50686	0.07208	0.08901	0.02014	0.01191	0.00326	0.00523	0.01773	0.01119	0.01047
28	0.02192	0.02083	0.03537	0.38198	0.28354	0.02347	0.02976	0.02844	0.02172	0.02930	0.01869	0.02653	0.01477	0.00979	0.01022	0.00326	0.01305	0.00913	0.00478	0.01345
29	0.01506	0.01129	0.01407	0.01351	0.01611	0.01079	0.01006	0.02144	0.07136	0.03885	0.44196	0.12750	0.12534	0.02183	0.01206	0.00336	0.00524	0.01922	0.01092	0.01002
30	0.01250	0.00893	0.01191	0.01429	0.01488	0.00834	0.00953	0.01429	0.01965	0.02620	0.05656	0.63265	0.06787	0.03215	0.01310	0.00417	0.00595	0.02917	0.00953	0.00834
31	0.01372	0.01012	0.01283	0.01286	0.01502	0.00923	0.00938	0.01755	0.02610	0.03583	0.38657	0.20629	0.15801	0.02424	0.01233	0.00348	0.00515	0.02142	0.01064	0.00923
32	0.02256	0.02234	0.03260	0.07837	0.09592	0.02990	0.02402	0.02563	0.01701	0.02587	0.01455	0.02320	0.01382	0.01629	0.02899	0.00423	0.49928	0.00901	0.00457	0.01184
33	0.02553	0.02204	0.02320	0.02088	0.02669	0.02553	0.01624	0.05453	0.55679	0.04293	0.04177	0.03829	0.03133	0.01392	0.01044	0.00348	0.00812	0.01160	0.01044	0.01624
34	0.27082	0.33372	0.07299	0.01738	0.02567	0.03254	0.01677	0.07284	0.02197	0.03581	0.01540	0.01755	0.01278	0.00940	0.00701	0.00269	0.01020	0.00596	0.00557	0.01292
35	0.01452	0.01049	0.01372	0.01291	0.01533	0.00968	0.00968	0.01937	0.02905	0.04115	0.56992	0.07666	0.09683	0.02098	0.01210	0.00323	0.00484	0.01856	0.01130	0.00968
36	0.02168	0.01959	0.02465	0.02172	0.02421	0.02451	0.01747	0.03348	0.20000	0.03455	0.14952	0.04009	0.03841	0.01730	0.02099	0.00386	0.27535	0.01204	0.00803	0.01256
37	0.02858	0.03108	0.04068	0.05124	0.37339	0.17198	0.08897	0.03410	0.02494	0.03129	0.01859	0.02390	0.01539	0.00945	0.01016	0.00299	0.01442	0.00885	0.00515	0.01485
38	0.01466	0.01100	0.01649	0.01649	0.01833	0.01283	0.01283	0.01833	0.01649	0.02382	0.02749	0.04032	0.02566	0.07697	0.59868	0.01649	0.02749	0.01100	0.00550	0.00916
39	0.01265	0.00925	0.01190	0.01369	0.01480	0.00850	0.00933	0.01482	0.02098	0.02779	0.11051	0.51661	0.13068	0.03036	0.01289	0.00400	0.00576	0.02728	0.00969	0.00850
40	0.02334	0.04362	0.38558	0.03267	0.04583	0.02518	0.17734	0.08045	0.02489	0.03563	0.01966	0.02364	0.01414	0.00968	0.01046	0.00329	0.01540	0.00902	0.00513	0.01501
41	0.01492	0.00995	0.01119	0.01119	0.01119	0.00995	0.00622	0.01492	0.01492	0.01990	0.03233	0.06716	0.03731	0.63935	0.05223	0.00995	0.00995	0.01492	0.00622	0.00622
42	0.02420	0.02316	0.03948	0.17309	0.47462	0.02407	0.03090	0.03044	0.02280	0.03207	0.01909	0.02579	0.01574	0.00937	0.01018	0.00312	0.01249	0.00914	0.00498	0.01529
43	0.09686	0.01852	0.02368	0.01830	0.02614	0.01699	0.01512	0.08643	0.02991	0.50105	0.03724	0.03273	0.02369	0.01243	0.01001	0.00317	0.00887	0.00987	0.01202	0.01697
44	0.10260	0.01388	0.01630	0.01442	0.01829	0.01379	0.01121	0.07220	0.02950	0.08735	0.40984	0.06126	0.07340	0.01813	0.01110	0.00320	0.00613	0.01547	0.01072	0.01121
45	0.02624	0.54229	0.14655	0.01960	0.02949	0.03768	0.02111	0.03104	0.02099	0.02560	0.01499	0.01737	0.01314	0.00895	0.00714	0.00238	0.01170	0.00585	0.00438	0.01352
46	0.71184	0.01985	0.01508	0.01350	0.01985	0.02302	0.01111	0.03017	0.01746	0.04604	0.01429	0.01667	0.01111	0.00953	0.00635	0.00318	0.00794	0.00556	0.00635	0.01111
47	0.03901	0.02874	0.03080	0.02361	0.03182	0.03182	0.01951	0.54111	0.04825	0.06468	0.02464	0.02464	0.01745	0.01232	0.01027	0.00308	0.01129	0.00924	0.01027	0.01745
48	0.01473	0.01072	0.01510	0.01510	0.01646	0.01207	0.01109	0.01743	0.01608	0.02279	0.02876	0.04735	0.02871	0.22439	0.45544	0.01478	0.02289	0.01202	0.00569	0.00839
49	0.01452	0.01049	0.01372	0.01291	0.01533	0.00968	0.00968	0.01937	0.02905	0.04115	0.56992	0.07666	0.09683	0.02098	0.01210	0.00323	0.00484	0.01856	0.01130	0.00968
50	0.01543	0.01260	0.02021	0.01810	0.02069	0.01203	0.09236	0.01892	0.02183	0.02995	0.18004	0.25542	0.05927	0.13249	0.05771	0.00561	0.00954	0.02006	0.00848	0.00925

[dist]
# distance from previous block
# <min> <max>
0	1

[block]
# block no. 3 follows, 14 sequences, length 109
# corresponding to MSA columns:
# 144-252
name=unknown_D
#
# <colnr> <probs for GDERKNQSTAVLIFYWHMCP>
#	G	D	E	R	K	N	Q	S	T	A	V	L	I	F	Y	W	H	M	C	P
0	0.03087	0.03418	0.03993	0.04303	0.23790	0.23195	0.12363	0.07404	0.02749	0.03275	0.01875	0.02330	0.01512	0.00981	0.01022	0.00298	0.01538	0.00881	0.00557	0.01431
1	0.22581	0.02332	0.03539	0.04696	0.37164	0.02411	0.06577	0.03122	0.02171	0.03713	0.01795	0.02303	0.01470	0.00922	0.00920	0.00312	0.01135	0.00833	0.00546	0.01456
2	0.61760	0.02174	0.01669	0.01475	0.02113	0.06328	0.01201	0.03232	0.01912	0.08198	0.01623	0.01807	0.01226	0.00982	0.00683	0.00314	0.00874	0.00596	0.00672	0.01161
3	0.02357	0.02283	0.03981	0.22187	0.39234	0.02403	0.06596	0.03006	0.02260	0.03136	0.01910	0.02613	0.01546	0.00943	0.01032	0.00318	0.01298	0.00934	0.00494	0.01468
4	0.01524	0.01211	0.01390	0.01339	0.01654	0.01166	0.01003	0.02278	0.10738	0.03566	0.28934	0.12246	0.24606	0.02249	0.01194	0.00342	0.00555	0.01939	0.01042	0.01024
5	0.02024	0.02896	0.19071	0.02590	0.03131	0.02428	0.06015	0.02578	0.01809	0.02702	0.01907	0.02888	0.01724	0.07334	0.11342	0.00633	0.26309	0.00957	0.00479	0.01184
6	0.02540	0.02438	0.04165	0.06299	0.57533	0.02438	0.03149	0.03149	0.02337	0.03353	0.01930	0.02540	0.01626	0.00914	0.01016	0.00305	0.01219	0.00914	0.00508	0.01626
7	0.01452	0.01049	0.01372	0.01291	0.01533	0.00968	0.00968	0.01937	0.02905	0.04115	0.56992	0.07666	0.09683	0.02098	0.01210	0.00323	0.00484	0.01856	0.01130	0.00968
8	0.02128	0.01824	0.02128	0.01520	0.02432	0.01368	0.01216	0.02584	0.02128	0.03344	0.01824	0.02128	0.01520	0.00760	0.00760	0.00152	0.00760	0.00608	0.00608	0.70208
9	0.04554	0.01827	0.02431	0.01864	0.02660	0.01628	0.01540	0.08508	0.03072	0.54547	0.03935	0.03419	0.02484	0.01267	0.01032	0.00317	0.00892	0.01024	0.01253	0.01746
10	0.03275	0.03401	0.02672	0.02356	0.02950	0.26055	0.01819	0.12062	0.26619	0.03885	0.02866	0.02819	0.02188	0.01232	0.00993	0.00308	0.01283	0.00921	0.00831	0.01464
11	0.02744	0.64552	0.05378	0.01756	0.02634	0.04061	0.01756	0.03073	0.02085	0.02414	0.01427	0.01646	0.01317	0.00878	0.00658	0.00219	0.01097	0.00549	0.00439	0.01317
12	0.02284	0.01743	0.02527	0.03090	0.18458	0.01817	0.01883	0.08937	0.05844	0.03237	0.02686	0.04252	0.02496	0.02499	0.05765	0.21071	0.01141	0.08469	0.00659	0.01143
13	0.02218	0.19107	0.46217	0.02653	0.04021	0.02774	0.03317	0.03209	0.02148	0.03055	0.01745	0.02045	0.01304	0.00952	0.00901	0.00300	0.01419	0.00709	0.00435	0.01470
14	0.04604	0.01746	0.02382	0.01826	0.02620	0.01508	0.01508	0.05001	0.02937	0.58244	0.04049	0.03493	0.02540	0.01270	0.01032	0.00318	0.00873	0.01032	0.01270	0.01746
15	0.01250	0.00893	0.01191	0.01429	0.01488	0.00834	0.00953	0.01429	0.01965	0.02620	0.05656	0.63265	0.06787	0.03215	0.01310	0.00417	0.00595	0.02917	0.00953	0.00834
16	0.02322	0.02153	0.03538	0.34234	0.28145	0.02407	0.02917	0.06252	0.02356	0.03185	0.01911	0.02635	0.01502	0.00992	0.01022	0.00324	0.01289	0.00914	0.00516	0.01385
17	0.03901	0.02874	0.03080	0.02361	0.03182	0.03182	0.01951	0.54111	0.04825	0.06468	0.02464	0.02464	0.01745	0.01232	0.01027	0.00308	0.01129	0.00924	0.01027	0.01745
18	0.02828	0.02188	0.02682	0.01971	0.02857	0.01988	0.04930	0.17840	0.02988	0.07850	0.02173	0.02358	0.01655	0.00938	0.00886	0.00221	0.00939	0.00768	0.00768	0.41171
19	0.01250	0.00893	0.01191	0.01429	0.01488	0.00834	0.00953	0.01429	0.01965	0.02620	0.05656	0.63265	0.06787	0.03215	0.01310	0.00417	0.00595	0.02917	0.00953	0.00834
20	0.01563	0.01116	0.01549	0.01786	0.01982	0.01103	0.01496	0.01969	0.02273	0.02969	0.05484	0.23231	0.06105	0.02921	0.01393	0.00460	0.00866	0.39869	0.00947	0.00920
21	0.71184	0.01985	0.01508	0.01350	0.01985	0.02302	0.01111	0.03017	0.01746	0.04604	0.01429	0.01667	0.01111	0.00953	0.00635	0.00318	0.00794	0.00556	0.00635	0.01111
22	0.01398	0.01010	0.01353	0.01575	0.01719	0.00965	0.01202	0.01691	0.02137	0.02797	0.05884	0.40563	0.09757	0.03033	0.01343	0.00433	0.00720	0.20593	0.00950	0.00877
23	0.01492	0.00995	0.01119	0.01119	0.01119	0.00995	0.00622	0.01492	0.01492	0.01990	0.03233	0.06716	0.03731	0.63935	0.05223	0.00995	0.00995	0.01492	0.00622	0.00622
24	0.02058	0.05308	0.58618	0.02925	0.04442	0.02383	0.03792	0.03250	0.02167	0.03250	0.01842	0.02167	0.01300	0.00975	0.00975	0.00325	0.01517	0.00758	0.00433	0.01517
25	0.02540	0.02438	0.04165	0.06299	0.57533	0.02438	0.03149	0.03149	0.02337	0.03353	0.01930	0.02540	0.01626	0.00914	0.01016	0.00305	0.01219	0.00914	0.00508	0.01626
26	0.01751	0.01564	0.02555	0.43698	0.05442	0.01887	0.02314	0.02300	0.02001	0.02603	0.02732	0.16034	0.02643	0.02025	0.05692	0.00461	0.01308	0.01364	0.00572	0.01056
27	0.01938	0.01824	0.03078	0.61468	0.07068	0.02280	0.02850	0.02622	0.02052	0.02622	0.01824	0.02736	0.01368	0.01026	0.01026	0.00342	0.01368	0.00912	0.00456	0.01140
28	0.04104	0.01629	0.02214	0.01752	0.02449	0.01416	0.01424	0.04495	0.02872	0.49783	0.08916	0.07727	0.03457	0.01470	0.01066	0.00324	0.00820	0.01228	0.01237	0.01618
29	0.02705	0.01752	0.02763	0.39289	0.05376	0.01968	0.02362	0.03288	0.02337	0.19103	0.02757	0.03634	0.02061	0.01236	0.01058	0.00345	0.01189	0.04738	0.00734	0.01304
30	0.08612	0.03195	0.03237	0.03521	0.19160	0.17423	0.02249	0.22316	0.03363	0.04390	0.02002	0.02268	0.01553	0.01072	0.00968	0.00297	0.01315	0.00826	0.00716	0.01519
31	0.01492	0.00995	0.01119	0.01119	0.01119	0.00995	0.00622	0.01492	0.01492	0.01990	0.03233	0.06716	0.03731	0.63935	0.05223	0.00995	0.00995	0.01492	0.00622	0.00622
32	0.01438	0.00972	0.01135	0.01189	0.01203	0.00959	0.00696	0.01478	0.01599	0.02132	0.03780	0.19466	0.04420	0.50244	0.04341	0.00865	0.00905	0.01814	0.00696	0.00670
33	0.06840	0.01540	0.01835	0.01936	0.06171	0.01582	0.01355	0.09268	0.07419	0.03762	0.12728	0.20691	0.12872	0.02163	0.01156	0.00360	0.00747	0.05492	0.00940	0.01141
34	0.01479	0.01048	0.01387	0.01387	0.01479	0.01140	0.00955	0.01664	0.01571	0.02188	0.02989	0.05362	0.03143	0.35568	0.32787	0.01325	0.01880	0.01294	0.00585	0.00770
35	0.01514	0.01037	0.01316	0.01246	0.01488	0.00967	0.00934	0.01998	0.02803	0.04076	0.49762	0.07148	0.08732	0.01976	0.01144	0.00311	0.00483	0.01735	0.10362	0.00967
36	0.02422	0.02768	0.06055	0.04325	0.05363	0.02595	0.53806	0.03287	0.02422	0.03287	0.02076	0.02768	0.01557	0.00865	0.01211	0.00346	0.01730	0.01211	0.00519	0.01384
37	0.02800	0.29402	0.08230	0.07901	0.03827	0.11151	0.12740	0.07122	0.02480	0.02989	0.01724	0.02099	0.01403	0.00947	0.00891	0.00276	0.01386	0.00775	0.00514	0.01343
38	0.01498	0.01066	0.01548	0.01548	0.01689	0.01208	0.01156	0.01741	0.01599	0.02274	0.02729	0.04321	0.02657	0.15119	0.47269	0.07721	0.02339	0.01135	0.00550	0.00833
39	0.02431	0.33120	0.15604	0.07377	0.03301	0.07371	0.02190	0.02990	0.02276	0.02852	0.09263	0.02703	0.02478	0.01094	0.00855	0.00270	0.01182	0.00815	0.00542	0.01285
40	0.02335	0.04250	0.40982	0.02883	0.08136	0.02159	0.03157	0.03302	0.02244	0.08219	0.02045	0.02309	0.01469	0.00965	0.00952	0.00297	0.01324	0.00773	0.00540	0.11658
41	0.03208	0.07332	0.07184	0.06535	0.06762	0.02515	0.02021	0.13944	0.18540	0.16521	0.03117	0.03034	0.02231	0.01205	0.01000	0.00318	0.01028	0.00974	0.00922	0.01609
42	0.02882	0.43004	0.04611	0.07017	0.07225	0.14910	0.01993	0.03247	0.02265	0.02521	0.01528	0.01841	0.01345	0.00928	0.00768	0.00245	0.01278	0.00627	0.00463	0.01301
43	0.02057	0.01762	0.02153	0.06895	0.02778	0.01418	0.01343	0.02536	0.02183	0.03340	0.06206	0.02622	0.02155	0.00890	0.00820	0.00183	0.00793	0.00734	0.00636	0.58495
44	0.02757	0.07460	0.08637	0.08700	0.22081	0.02746	0.13219	0.14787	0.02868	0.03915	0.02029	0.02488	0.01570	0.00988	0.01029	0.00312	0.01330	0.00937	0.00614	0.01533
45	0.02674	0.02265	0.02389	0.02113	0.02715	0.02609	0.01654	0.09831	0.51104	0.04488	0.04023	0.03706	0.03008	0.01378	0.01043	0.00344	0.00841	0.01139	0.01043	0.01635
46	0.02120	0.01890	0.02757	0.02375	0.02498	0.02425	0.05154	0.02447	0.05651	0.02499	0.01804	0.02721	0.01679	0.02522	0.07207	0.16183	0.35599	0.00951	0.00505	0.01010
47	0.12061	0.02509	0.03725	0.12592	0.34194	0.06787	0.07295	0.03145	0.02268	0.03358	0.01833	0.02413	0.01490	0.00941	0.00975	0.00312	0.01274	0.00872	0.00521	0.01434
48	0.50608	0.02663	0.06955	0.06250	0.02753	0.10059	0.01603	0.03153	0.01964	0.04049	0.01517	0.01818	0.01176	0.00974	0.00735	0.00313	0.01045	0.00615	0.00589	0.01161
49	0.01634	0.01224	0.01882	0.01771	0.01958	0.01348	0.04915	0.01890	0.01762	0.02548	0.03077	0.15038	0.03113	0.04766	0.27363	0.10334	0.06272	0.01400	0.06818	0.00889
50	0.02977	0.51794	0.04849	0.01946	0.02749	0.15984	0.01804	0.03292	0.02261	0.02435	0.01461	0.01690	0.01318	0.00916	0.00716	0.00229	0.01259	0.00573	0.00458	0.01290
51	0.01250	0.00893	0.01191	0.01429	0.01488	0.00834	0.00953	0.01429	0.01965	0.02620	0.05656	0.63265	0.06787	0.03215	0.01310	0.00417	0.00595	0.02917	0.00953	0.00834
52	0.02711	0.07801	0.07977	0.15681	0.07951	0.10484	0.10719	0.10162	0.06113	0.03412	0.02018	0.02481	0.01565	0.01085	0.01168	0.00322	0.05482	0.00903	0.00591	0.01373
53	0.01952	0.01775	0.02827	0.43900	0.09175	0.02111	0.02483	0.02776	0.06461	0.03032	0.10486	0.03567	0.02801	0.01212	0.01055	0.00337	0.01178	0.01077	0.00610	0.01184
54	0.01605	0.01161	0.01586	0.01781	0.02026	0.01141	0.01537	0.02062	0.02399	0.03122	0.09480	0.11165	0.10181	0.02764	0.01387	0.00452	0.00879	0.43374	0.00959	0.00940
55	0.02516	0.02137	0.02314	0.01940	0.02633	0.02247	0.01526	0.07800	0.36650	0.04157	0.03375	0.03241	0.02569	0.01196	0.00960	0.00288	0.00818	0.00983	0.00915	0.21736
56	0.02586	0.01654	0.02087	0.01991	0.02441	0.01693	0.01703	0.14633	0.03016	0.11509	0.04550	0.08333	0.04470	0.02245	0.01273	0.00413	0.00978	0.32176	0.01009	0.01242
57	0.03249	0.01917	0.02789	0.24137	0.04320	0.02126	0.02135	0.07026	0.02549	0.26636	0.02753	0.02975	0.01891	0.01248	0.01344	0.00344	0.09320	0.00962	0.00841	0.01437
58	0.02601	0.18047	0.34445	0.02616	0.03848	0.02657	0.06981	0.03459	0.02277	0.10807	0.02077	0.02283	0.01499	0.00986	0.00930	0.00302	0.01348	0.00785	0.00559	0.01493
59	0.01250	0.00893	0.01191	0.01429	0.01488	0.00834	0.00953	0.01429	0.01965	0.02620	0.05656	0.63265	0.06787	0.03215	0.01310	0.00417	0.00595	0.02917	0.00953	0.00834
60	0.01470	0.01083	0.01568	0.01568	0.01723	0.01239	0.01181	0.01780	0.01625	0.02322	0.02823	0.04444	0.02744	0.16329	0.51480	0.01549	0.02480	0.01160	0.00561	0.00871
61	0.02870	0.02751	0.11257	0.04629	0.34788	0.02356	0.02816	0.07198	0.06044	0.11581	0.02409	0.02705	0.01820	0.01028	0.01015	0.00312	0.01177	0.00926	0.00680	0.01636
62	0.02265	0.03315	0.20875	0.04056	0.15853	0.02445	0.21495	0.03102	0.02226	0.03181	0.01975	0.02591	0.01548	0.01412	0.05072	0.00423	0.05261	0.00986	0.00489	0.01429
63	0.01479	0.01047	0.01382	0.01382	0.01473	0.01138	0.00950	0.01661	0.01570	0.02184	0.02993	0.05385	0.03153	0.36047	0.32321	0.01319	0.01865	0.01298	0.00586	0.00768
64	0.58045	0.13996	0.02251	0.01428	0.02109	0.02640	0.01235	0.03027	0.01811	0.04184	0.01428	0.01663	0.01151	0.00938	0.00640	0.00299	0.00852	0.00554	0.00597	0.01151
65	0.01250	0.00893	0.01191	0.01429	0.01488	0.00834	0.00953	0.01429	0.01965	0.02620	0.05656	0.63265	0.06787	0.03215	0.01310	0.00417	0.00595	0.02917	0.00953	0.00834
66	0.03349	0.29779	0.04100	0.02132	0.02952	0.07439	0.05654	0.10452	0.05951	0.15307	0.02362	0.02388	0.01768	0.01054	0.00874	0.00273	0.01141	0.00799	0.00747	0.01481
67	0.03075	0.12382	0.17827	0.02031	0.03013	0.02083	0.02082	0.03689	0.02481	0.23499	0.06175	0.02928	0.02337	0.01111	0.00932	0.00281	0.01039	0.00877	0.00813	0.11344
68	0.07435	0.15016	0.19505	0.02345	0.03187	0.06852	0.05678	0.02935	0.02252	0.03083	0.02787	0.04821	0.02667	0.01503	0.01031	0.00344	0.01253	0.15448	0.00614	0.01245
69	0.02674	0.02265	0.02389	0.02113	0.02715	0.02609	0.01654	0.09831	0.51104	0.04488	0.04023	0.03706	0.03008	0.01378	0.01043	0.00344	0.00841	0.01139	0.01043	0.01635
70	0.01566	0.01376	0.02170	0.01797	0.02224	0.01250	0.11055	0.02055	0.02640	0.03548	0.32277	0.07398	0.22550	0.02014	0.01211	0.00334	0.00734	0.01826	0.00959	0.01017
71	0.02490	0.42660	0.25051	0.02188	0.03302	0.03441	0.02508	0.03138	0.02115	0.02723	0.01580	0.01838	0.01311	0.00914	0.00775	0.00258	0.01252	0.00626	0.00437	0.01391
72	0.01492	0.00995	0.01119	0.01119	0.01119	0.00995	0.00622	0.01492	0.01492	0.01990	0.03233	0.06716	0.03731	0.63935	0.05223	0.00995	0.00995	0.01492	0.00622	0.00622
73	0.01297	0.01038	0.01165	0.01187	0.01478	0.00907	0.00896	0.01611	0.02424	0.03057	0.19252	0.14343	0.39147	0.02568	0.01236	0.00357	0.00549	0.05608	0.00989	0.00890
74	0.71184	0.01985	0.01508	0.01350	0.01985	0.02302	0.01111	0.03017	0.01746	0.04604	0.01429	0.01667	0.01111	0.00953	0.00635	0.00318	0.00794	0.00556	0.00635	0.01111
75	0.02245	0.02245	0.03143	0.02694	0.02694	0.03143	0.02245	0.02470	0.01572	0.02470	0.01347	0.02245	0.01347	0.01796	0.03368	0.00449	0.62057	0.00898	0.00449	0.01123
76	0.04551	0.01832	0.02435	0.01867	0.02663	0.01636	0.01542	0.08746	0.03081	0.54296	0.03928	0.03414	0.02480	0.01267	0.01032	0.00317	0.00893	0.01024	0.01252	0.01746
77	0.01243	0.00922	0.01161	0.01351	0.01468	0.00840	0.00918	0.01438	0.02039	0.02650	0.06601	0.52623	0.16819	0.03092	0.01291	0.00403	0.00580	0.02768	0.00953	0.00840
78	0.09010	0.01762	0.02324	0.01794	0.02578	0.01561	0.01482	0.04870	0.02858	0.54694	0.03875	0.03372	0.02446	0.01249	0.01006	0.00318	0.00868	0.01000	0.01228	0.01704
79	0.01250	0.00893	0.01191	0.01429	0.01488	0.00834	0.00953	0.01429	0.01965	0.02620	0.05656	0.63265	0.06787	0.03215	0.01310	0.00417	0.00595	0.02917	0.00953	0.00834
80	0.02358	0.02421	0.03376	0.03235	0.10471	0.07120	0.06309	0.02700	0.01851	0.02652	0.01614	0.02439	0.01497	0.02014	0.07177	0.00502	0.39663	0.00923	0.00477	0.01201
81	0.02288	0.02080	0.03127	0.27452	0.04843	0.02369	0.09149	0.07152	0.18251	0.03592	0.06752	0.03416	0.02569	0.01208	0.01070	0.00340	0.01169	0.01098	0.00730	0.01346
82	0.03042	0.48243	0.04702	0.01999	0.02781	0.19302	0.01818	0.03353	0.02310	0.02441	0.01470	0.01702	0.01318	0.00927	0.00731	0.00232	0.01303	0.00579	0.00464	0.01282
83	0.02594	0.51636	0.16985	0.02011	0.03028	0.03695	0.02200	0.03111	0.02103	0.02597	0.01517	0.01760	0.01313	0.00899	0.00727	0.00242	0.01189	0.00594	0.00438	0.01360
84	0.03751	0.07582	0.02907	0.14903	0.03675	0.02156	0.01889	0.11636	0.02949	0.33369	0.03091	0.03008	0.02056	0.01176	0.00996	0.00313	0.01039	0.00946	0.00982	0.01575
85	0.01468	0.01091	0.01608	0.01608	0.01777	0.01260	0.01231	0.01806	0.01637	0.02352	0.02787	0.04242	0.02657	0.12097	0.55592	0.01598	0.02612	0.01130	0.00555	0.00893
86	0.01459	0.01042	0.01431	0.01668	0.01819	0.01014	0.01316	0.01790	0.02171	0.02853	0.05541	0.36494	0.06331	0.03018	0.01366	0.00446	0.00776	0.27626	0.00949	0.00891
87	0.06937	0.25206	0.03494	0.11467	0.03286	0.02916	0.01866	0.07218	0.12593	0.03347	0.02638	0.03642	0.02312	0.01296	0.00921	0.00311	0.01048	0.07503	0.00684	0.01317
88	0.02204	0.03005	0.15906	0.12141	0.05088	0.02379	0.31971	0.03040	0.02242	0.03079	0.02084	0.02955	0.01650	0.05920	0.01455	0.00393	0.01575	0.01098	0.00501	0.01315
89	0.02235	0.01887	0.02185	0.01571	0.02477	0.01477	0.01260	0.05690	0.02291	0.03532	0.01863	0.02148	0.01534	0.00788	0.00776	0.00161	0.00782	0.00627	0.00633	0.66081
90	0.04604	0.01746	0.02382	0.01826	0.02620	0.01508	0.01508	0.05001	0.02937	0.58244	0.04049	0.03493	0.02540	0.01270	0.01032	0.00318	0.00873	0.01032	0.01270	0.01746
91	0.01710	0.01132	0.01549	0.06202	0.02149	0.01097	0.01276	0.02053	0.02297	0.07932	0.12660	0.31123	0.10208	0.02591	0.01262	0.00394	0.00728	0.11690	0.00965	0.00983
92	0.07489	0.07198	0.11886	0.02693	0.11292	0.06040	0.02130	0.03252	0.02251	0.10403	0.02024	0.02300	0.01564	0.01009	0.01072	0.00272	0.05935	0.00753	0.00623	0.19813
93	0.02163	0.01784	0.02009	0.01951	0.02379	0.01995	0.01538	0.04120	0.35816	0.03776	0.04675	0.13871	0.04285	0.01981	0.01168	0.00387	0.00813	0.12925	0.01008	0.01356
94	0.01452	0.01049	0.01372	0.01291	0.01533	0.00968	0.00968	0.01937	0.02905	0.04115	0.56992	0.07666	0.09683	0.02098	0.01210	0.00323	0.00484	0.01856	0.01130	0.00968
95	0.01929	0.02019	0.07833	0.03579	0.22178	0.01724	0.05790	0.02446	0.02209	0.03055	0.03696	0.23832	0.03946	0.01968	0.01184	0.00372	0.01035	0.09258	0.00715	0.01234
96	0.03231	0.02104	0.03365	0.11614	0.30750	0.02073	0.02502	0.03771	0.02524	0.23653	0.02704	0.02919	0.01933	0.01061	0.01023	0.00314	0.01109	0.00958	0.00785	0.01609
97	0.01318	0.01044	0.01185	0.01149	0.01450	0.00911	0.00862	0.01675	0.02586	0.03359	0.30760	0.08910	0.36386	0.02380	0.01212	0.00336	0.00504	0.02030	0.01030	0.00911
98	0.02418	0.02313	0.03944	0.17507	0.47281	0.02406	0.03089	0.03042	0.02279	0.03204	0.01909	0.02580	0.01573	0.00937	0.01018	0.00312	0.01249	0.00914	0.00497	0.01527
99	0.01250	0.00893	0.01191	0.01429	0.01488	0.00834	0.00953	0.01429	0.01965	0.02620	0.05656	0.63265	0.06787	0.03215	0.01310	0.00417	0.00595	0.02917	0.00953	0.00834
100	0.01466	0.01100	0.01649	0.01649	0.01833	0.01283	0.01283	0.01833	0.01649	0.02382	0.02749	0.04032	0.02566	0.07697	0.59868	0.01649	0.02749	0.01100	0.00550	0.00916
101	0.02295	0.02443	0.11172	0.02281	0.02760	0.02364	0.02074	0.13559	0.02397	0.03426	0.02171	0.02924	0.01865	0.03672	0.22844	0.00832	0.18115	0.00955	0.00608	0.01244
102	0.02391	0.34080	0.32762	0.02357	0.03564	0.03198	0.02803	0.03164	0.02127	0.02844	0.01640	0.01914	0.01308	0.00928	0.00821	0.00274	0.01313	0.00657	0.00436	0.01420
103	0.03901	0.02874	0.03080	0.02361	0.03182	0.03182	0.01951	0.54111	0.04825	0.06468	0.02464	0.02464	0.01745	0.01232	0.01027	0.00308	0.01129	0.00924	0.01027	0.01745
104	0.01425	0.01018	0.01392	0.01629	0.01765	0.00985	0.01257	0.01732	0.02137	0.02816	0.05559	0.40817	0.06405	0.03050	0.01357	0.00441	0.00747	0.23637	0.00949	0.00882
105	0.03030	0.01596	0.02033	0.01782	0.02279	0.01544	0.01450	0.10467	0.02864	0.24008	0.08858	0.06315	0.04130	0.09687	0.01681	0.00444	0.00909	0.14553	0.01053	0.01317
106	0.01938	0.01824	0.03078	0.61468	0.07068	0.02280	0.02850	0.02622	0.02052	0.02622	0.01824	0.02736	0.01368	0.01026	0.01026	0.00342	0.01368	0.00912	0.00456	0.01140
107	0.01477	0.01054	0.01418	0.01418	0.01521	0.01157	0.00995	0.01684	0.01581	0.02211	0.02960	0.05202	0.03074	0.32221	0.36039	0.01364	0.01984	0.01271	0.00581	0.00788
108	0.02480	0.17972	0.38562	0.02630	0.03857	0.11627	0.03074	0.03343	0.02264	0.02956	0.01713	0.02006	0.01307	0.00967	0.00899	0.00293	0.01478	0.00698	0.00449	0.01423

[dist]
# distance from previous block
# <min> <max>
0	1

[block]
# block no. 4 follows, 14 sequences, length 42
# corresponding to MSA columns:
# 254-295
name=unknown_E
#
# <colnr> <probs for GDERKNQSTAVLIFYWHMCP>
#	G	D	E	R	K	N	Q	S	T	A	V	L	I	F	Y	W	H	M	C	P
0	0.01833	0.01471	0.01704	0.01743	0.02036	0.01589	0.01290	0.03188	0.24781	0.03363	0.05012	0.34219	0.05172	0.02414	0.01205	0.00392	0.00713	0.05709	0.00991	0.01177
1	0.22750	0.03019	0.02592	0.02687	0.10821	0.19394	0.01834	0.07703	0.12831	0.03882	0.02159	0.02329	0.01689	0.01084	0.00886	0.00305	0.01198	0.00785	0.00694	0.01358
2	0.03901	0.02874	0.03080	0.02361	0.03182	0.03182	0.01951	0.54111	0.04825	0.06468	0.02464	0.02464	0.01745	0.01232	0.01027	0.00308	0.01129	0.00924	0.01027	0.01745
3	0.02128	0.01824	0.02128	0.01520	0.02432	0.01368	0.01216	0.02584	0.02128	0.03344	0.01824	0.02128	0.01520	0.00760	0.00760	0.00152	0.00760	0.00608	0.00608	0.70208
4	0.01466	0.01100	0.01649	0.01649	0.01833	0.01283	0.01283	0.01833	0.01649	0.02382	0.02749	0.04032	0.02566	0.07697	0.59868	0.01649	0.02749	0.01100	0.00550	0.00916
5	0.01225	0.00993	0.01087	0.01163	0.01418	0.00856	0.00834	0.01459	0.02221	0.02724	0.08899	0.26732	0.41227	0.02793	0.01243	0.00369	0.00544	0.02403	0.00953	0.00856
6	0.01466	0.01100	0.01649	0.01649	0.01833	0.01283	0.01283	0.01833	0.01649	0.02382	0.02749	0.04032	0.02566	0.07697	0.59868	0.01649	0.02749	0.01100	0.00550	0.00916
7	0.02128	0.01824	0.02128	0.01520	0.02432	0.01368	0.01216	0.02584	0.02128	0.03344	0.01824	0.02128	0.01520	0.00760	0.00760	0.00152	0.00760	0.00608	0.00608	0.70208
8	0.01467	0.01187	0.01787	0.20384	0.03250	0.01290	0.01552	0.01806	0.01992	0.02620	0.04446	0.44155	0.05076	0.02524	0.01220	0.00393	0.00839	0.02284	0.00796	0.00930
9	0.01466	0.01100	0.01649	0.01649	0.01833	0.01283	0.01283	0.01833	0.01649	0.02382	0.02749	0.04032	0.02566	0.07697	0.59868	0.01649	0.02749	0.01100	0.00550	0.00916
10	0.71184	0.01985	0.01508	0.01350	0.01985	0.02302	0.01111	0.03017	0.01746	0.04604	0.01429	0.01667	0.01111	0.00953	0.00635	0.00318	0.00794	0.00556	0.00635	0.01111
11	0.01250	0.00893	0.01191	0.01429	0.01488	0.00834	0.00953	0.01429	0.01965	0.02620	0.05656	0.63265	0.06787	0.03215	0.01310	0.00417	0.00595	0.02917	0.00953	0.00834
12	0.71184	0.01985	0.01508	0.01350	0.01985	0.02302	0.01111	0.03017	0.01746	0.04604	0.01429	0.01667	0.01111	0.00953	0.00635	0.00318	0.00794	0.00556	0.00635	0.01111
13	0.02058	0.05308	0.58618	0.02925	0.04442	0.02383	0.03792	0.03250	0.02167	0.03250	0.01842	0.02167	0.01300	0.00975	0.00975	0.00325	0.01517	0.00758	0.00433	0.01517
14	0.01250	0.00893	0.01191	0.01429	0.01488	0.00834	0.00953	0.01429	0.01965	0.02620	0.05656	0.63265	0.06787	0.03215	0.01310	0.00417	0.00595	0.02917	0.00953	0.00834
15	0.02128	0.01824	0.02128	0.01520	0.02432	0.01368	0.01216	0.02584	0.02128	0.03344	0.01824	0.02128	0.01520	0.00760	0.00760	0.00152	0.00760	0.00608	0.00608	0.70208
16	0.02422	0.02768	0.06055	0.04325	0.05363	0.02595	0.53806	0.03287	0.02422	0.03287	0.02076	0.02768	0.01557	0.00865	0.01211	0.00346	0.01730	0.01211	0.00519	0.01384
17	0.27736	0.01927	0.02138	0.01706	0.02447	0.01930	0.01408	0.08556	0.02686	0.35082	0.02999	0.02768	0.01974	0.01156	0.00893	0.00317	0.00868	0.00857	0.01028	0.01525
