[name]
unknown

[dist]
# distance from previous block
# <min> <max>
0	210

[block]
# block no. 0 follows, 11 sequences, length 15
# corresponding to MSA columns:
# 235-249
name=unknown_A
#
# <colnr> <probs for GDERKNQSTAVLIFYWHMCP>
#	G	D	E	R	K	N	Q	S	T	A	V	L	I	F	Y	W	H	M	C	P
0	0.03612	0.04055	0.02839	0.02571	0.03113	0.34500	0.01953	0.08844	0.09548	0.03442	0.02687	0.03659	0.02371	0.06956	0.01527	0.00399	0.01639	0.04183	0.00752	0.01351
1	0.10826	0.02665	0.04858	0.12068	0.22472	0.02700	0.21046	0.03419	0.02478	0.03715	0.02096	0.02792	0.01646	0.01003	0.01147	0.00359	0.01519	0.01081	0.00572	0.01539
2	0.03264	0.39366	0.13352	0.02220	0.03259	0.07399	0.02276	0.03789	0.02501	0.10274	0.02069	0.02210	0.01636	0.01057	0.00860	0.00279	0.01303	0.00726	0.00619	0.01539
3	0.01821	0.01026	0.01365	0.01365	0.01365	0.01026	0.00853	0.01538	0.01538	0.02051	0.02627	0.05087	0.02858	0.27788	0.04961	0.39309	0.01026	0.01256	0.00570	0.00570
4	0.02132	0.14647	0.22759	0.02316	0.03208	0.02435	0.02498	0.02837	0.02104	0.02946	0.02398	0.03386	0.02127	0.08708	0.19803	0.00885	0.01976	0.00983	0.00537	0.01314
5	0.01770	0.01377	0.01694	0.01613	0.01985	0.01256	0.01179	0.02405	0.07095	0.03676	0.18364	0.27923	0.06753	0.02426	0.01252	0.00360	0.00679	0.02157	0.01030	0.15005
6	0.01393	0.01031	0.01303	0.01471	0.01619	0.00940	0.01013	0.01649	0.02363	0.03118	0.13255	0.44287	0.15946	0.03245	0.01403	0.00430	0.00622	0.02900	0.01070	0.00940
7	0.04318	0.02828	0.02952	0.02355	0.03147	0.09202	0.01911	0.24420	0.04006	0.22830	0.03223	0.03162	0.02240	0.01937	0.05719	0.00459	0.01387	0.01035	0.01108	0.01762
8	0.02257	0.05822	0.54613	0.03208	0.04871	0.02614	0.04158	0.03564	0.02376	0.03564	0.02020	0.02376	0.01426	0.01069	0.01069	0.00356	0.01663	0.00832	0.00475	0.01663
9	0.12605	0.02123	0.02461	0.08932	0.03284	0.02322	0.01774	0.08677	0.17743	0.14070	0.10545	0.04100	0.03639	0.01476	0.01100	0.00362	0.00958	0.01201	0.01058	0.01568
10	0.02564	0.02412	0.09036	0.13726	0.03944	0.01939	0.02104	0.03371	0.06954	0.08549	0.02489	0.02909	0.01909	0.01334	0.01318	0.06556	0.01109	0.00891	0.00710	0.26177
11	0.11071	0.01560	0.01782	0.01703	0.02104	0.01558	0.01273	0.08364	0.02710	0.11135	0.05429	0.31951	0.09877	0.02552	0.01246	0.00404	0.00790	0.02204	0.01060	0.01228
12	0.08426	0.09392	0.02335	0.01655	0.02195	0.01894	0.01306	0.03269	0.06221	0.12505	0.03756	0.15067	0.03497	0.07216	0.01461	0.00399	0.00861	0.01440	0.09120	0.07985
13	0.26862	0.02040	0.02786	0.06964	0.07916	0.02143	0.08486	0.03127	0.02278	0.08346	0.03054	0.15441	0.02908	0.01625	0.01066	0.00378	0.01070	0.01412	0.00789	0.01309
14	0.11527	0.13515	0.10210	0.02490	0.03528	0.02860	0.08814	0.11675	0.02858	0.04264	0.02034	0.02345	0.01589	0.01024	0.00949	0.00289	0.01235	0.00826	0.00683	0.17287

[dist]
# distance from previous block
# <min> <max>
0	25

[block]
# block no. 1 follows, 11 sequences, length 24
# corresponding to MSA columns:
# 275-298
name=unknown_B
#
# <colnr> <probs for GDERKNQSTAVLIFYWHMCP>
#	G	D	E	R	K	N	Q	S	T	A	V	L	I	F	Y	W	H	M	C	P
0	0.08205	0.02484	0.13300	0.02382	0.06866	0.01819	0.02005	0.06412	0.02618	0.03956	0.09837	0.21283	0.04639	0.02030	0.01166	0.00375	0.00970	0.01752	0.06609	0.01289
1	0.23005	0.02246	0.02309	0.01943	0.02661	0.02405	0.01556	0.11957	0.13424	0.12038	0.03239	0.07551	0.02588	0.01436	0.01001	0.00347	0.00929	0.01113	0.00992	0.07259
2	0.02179	0.06846	0.02152	0.01653	0.02111	0.01918	0.01249	0.06803	0.12311	0.03505	0.05387	0.09679	0.14920	0.16719	0.02301	0.00533	0.00904	0.01619	0.00902	0.06308
3	0.12463	0.07620	0.07816	0.07838	0.10666	0.02654	0.06128	0.11059	0.02996	0.10638	0.07059	0.03208	0.02576	0.01243	0.01060	0.00342	0.01209	0.01038	0.00820	0.01567
4	0.20288	0.17159	0.03472	0.06842	0.03295	0.03169	0.01875	0.16645	0.03153	0.10969	0.02283	0.02421	0.01691	0.01161	0.00916	0.00321	0.01123	0.00821	0.00834	0.01561
5	0.18599	0.01801	0.02144	0.01751	0.02445	0.01717	0.01421	0.04229	0.02918	0.31796	0.14779	0.04417	0.04210	0.01520	0.01078	0.00350	0.00841	0.01219	0.01200	0.01564
6	0.08306	0.02576	0.03177	0.12590	0.10910	0.02866	0.02306	0.24223	0.07384	0.05198	0.02840	0.07473	0.02338	0.01431	0.01118	0.00358	0.01195	0.01177	0.00899	0.01635
7	0.01521	0.01213	0.01378	0.01416	0.01709	0.01129	0.01030	0.02088	0.07060	0.03388	0.16052	0.24045	0.28198	0.02835	0.01344	0.00398	0.00617	0.02458	0.01086	0.01035
8	0.03775	0.02779	0.03082	0.02485	0.03232	0.03131	0.02023	0.29513	0.17822	0.10161	0.03281	0.03203	0.02383	0.01457	0.01349	0.00364	0.05944	0.01094	0.01101	0.01819
9	0.01955	0.00978	0.01466	0.01466	0.01466	0.00978	0.00978	0.01466	0.01466	0.01955	0.01955	0.03421	0.01955	0.03910	0.04399	0.67253	0.00978	0.00978	0.00489	0.00489
10	0.02126	0.02001	0.03376	0.57739	0.07752	0.02501	0.03126	0.02876	0.02251	0.02876	0.02001	0.03001	0.01500	0.01125	0.01125	0.00375	0.01500	0.01000	0.00500	0.01250
11	0.53574	0.02598	0.01957	0.01727	0.02423	0.09904	0.01393	0.03675	0.02214	0.09272	0.01857	0.02042	0.01396	0.01093	0.00781	0.00340	0.01041	0.00674	0.00745	0.01295
12	0.03009	0.61122	0.05898	0.01926	0.02889	0.04454	0.01926	0.03370	0.02287	0.02648	0.01565	0.01805	0.01444	0.00963	0.00722	0.00241	0.01204	0.00602	0.00481	0.01444
13	0.68395	0.02177	0.01654	0.01480	0.02177	0.02525	0.01219	0.03309	0.01915	0.05050	0.01567	0.01828	0.01219	0.01045	0.00697	0.00348	0.00871	0.00609	0.00697	0.01219
14	0.02731	0.02751	0.10839	0.26044	0.22128	0.02469	0.03197	0.03492	0.02494	0.09645	0.02347	0.02945	0.01746	0.01110	0.01115	0.00355	0.01400	0.00994	0.00627	0.01570
15	0.01991	0.01438	0.01827	0.01717	0.01946	0.01589	0.01258	0.08538	0.02236	0.03090	0.03155	0.05200	0.03130	0.25441	0.30936	0.01355	0.02101	0.01328	0.00703	0.01020
16	0.02063	0.01194	0.01400	0.01324	0.01433	0.01161	0.00803	0.02117	0.01834	0.08672	0.03658	0.06925	0.03929	0.53078	0.05155	0.00998	0.01075	0.01574	0.00771	0.00836
17	0.04638	0.01794	0.02394	0.01869	0.02655	0.01570	0.01533	0.05085	0.03101	0.47218	0.04333	0.03882	0.02800	0.01382	0.01084	0.00336	0.00897	0.01120	0.10514	0.01794
18	0.02447	0.01897	0.02118	0.01883	0.02375	0.02056	0.01462	0.09630	0.22592	0.04889	0.23599	0.05697	0.06081	0.01799	0.01188	0.00356	0.00762	0.01529	0.06185	0.01454
19	0.03266	0.01992	0.02411	0.02022	0.02607	0.02052	0.01609	0.18973	0.03589	0.16205	0.12016	0.11271	0.04393	0.02782	0.08863	0.00563	0.01231	0.01512	0.01122	0.01519
20	0.03175	0.02244	0.02368	0.01956	0.02583	0.02439	0.01570	0.25688	0.09911	0.05563	0.03967	0.04033	0.06695	0.01487	0.01041	0.00324	0.00919	0.01171	0.21318	0.01550
21	0.02547	0.01890	0.02369	0.11298	0.03377	0.02080	0.01831	0.07748	0.17761	0.08295	0.04526	0.19393	0.04252	0.02101	0.01251	0.00406	0.00977	0.05455	0.01022	0.01422
22	0.08814	0.16404	0.14211	0.02264	0.03200	0.06963	0.02225	0.07858	0.09539	0.08220	0.02629	0.02747	0.01985	0.01188	0.00949	0.00317	0.01211	0.00875	0.06850	0.01550
23	0.02948	0.02302	0.07450	0.02227	0.03012	0.01883	0.05752	0.07489	0.06694	0.15581	0.09771	0.11687	0.03986	0.01649	0.01160	0.00339	0.01004	0.01445	0.01007	0.12614

[dist]
# distance from previous block
# <min> <max>
0	16

[block]
# block no. 2 follows, 11 sequences, length 20
# corresponding to MSA columns:
# 315-329,331-335
name=unknown_C
#
# <colnr> <probs for GDERKNQSTAVLIFYWHMCP>
#	G	D	E	R	K	N	Q	S	T	A	V	L	I	F	Y	W	H	M	C	P
0	0.27296	0.02591	0.07268	0.02438	0.07997	0.02341	0.01915	0.08674	0.02695	0.14206	0.02398	0.02525	0.01733	0.01112	0.00922	0.00321	0.01042	0.00821	0.00837	0.10867
1	0.03118	0.02927	0.11420	0.03002	0.11010	0.02390	0.02351	0.14212	0.06991	0.10612	0.07856	0.03435	0.02884	0.01286	0.01092	0.00320	0.01128	0.01066	0.00905	0.11995
2	0.02852	0.02279	0.02423	0.08765	0.03154	0.10194	0.01745	0.03649	0.11788	0.09432	0.02890	0.03414	0.02307	0.02769	0.09200	0.13847	0.01451	0.01026	0.00772	0.06044
3	0.02602	0.02265	0.02952	0.19855	0.04408	0.02730	0.02289	0.09412	0.18214	0.04090	0.07480	0.03757	0.02996	0.01518	0.01548	0.00389	0.09986	0.01181	0.00847	0.01479
4	0.01436	0.01083	0.01336	0.01463	0.01671	0.00983	0.01062	0.01741	0.02482	0.03234	0.15288	0.32775	0.21208	0.03091	0.01398	0.00423	0.00644	0.06645	0.01076	0.00960
5	0.02241	0.02131	0.03527	0.45725	0.12747	0.02623	0.03094	0.02928	0.02232	0.02954	0.01958	0.02917	0.01532	0.01201	0.01400	0.00383	0.07588	0.00999	0.00506	0.01313
6	0.01672	0.01342	0.01516	0.01438	0.01808	0.01285	0.01088	0.02511	0.10388	0.03938	0.28326	0.08754	0.26927	0.02407	0.01300	0.00369	0.00603	0.02057	0.01145	0.01127
7	0.01869	0.01024	0.01495	0.01495	0.01526	0.01056	0.01014	0.01568	0.01537	0.02080	0.02281	0.03979	0.02306	0.10380	0.12515	0.50378	0.01304	0.01080	0.00526	0.00588
8	0.03103	0.33638	0.17939	0.02409	0.03539	0.03758	0.02552	0.13936	0.02993	0.03895	0.01941	0.02157	0.01546	0.01079	0.00904	0.00293	0.01331	0.00755	0.00626	0.01608
9	0.08888	0.02018	0.03200	0.51998	0.07183	0.02503	0.02931	0.02920	0.02216	0.03098	0.01956	0.02881	0.01472	0.01117	0.01082	0.00372	0.01436	0.00960	0.00520	0.01247
10	0.06683	0.17559	0.29812	0.02518	0.03715	0.02859	0.02909	0.03501	0.05905	0.03645	0.08198	0.03066	0.02669	0.01224	0.01001	0.00331	0.01314	0.00941	0.00631	0.01520
11	0.15978	0.13811	0.03405	0.02801	0.10634	0.03108	0.01989	0.08559	0.20324	0.04437	0.02848	0.02911	0.02217	0.01225	0.00968	0.00337	0.01048	0.00946	0.00835	0.01617
12	0.08789	0.01416	0.01761	0.01678	0.02091	0.01338	0.01281	0.03138	0.02524	0.19537	0.04930	0.27377	0.04838	0.02355	0.01211	0.00396	0.00783	0.05104	0.08171	0.01283
13	0.02674	0.04293	0.33308	0.07787	0.04441	0.02455	0.03259	0.09086	0.02881	0.08669	0.07777	0.03253	0.02603	0.01270	0.01115	0.00355	0.01411	0.01026	0.00722	0.01615
14	0.01455	0.01094	0.01373	0.01495	0.01695	0.00976	0.01038	0.01717	0.02325	0.03106	0.10941	0.43331	0.14357	0.03115	0.01367	0.00415	0.00642	0.02783	0.01035	0.05743
15	0.02254	0.02881	0.12988	0.02789	0.03120	0.02895	0.02570	0.02697	0.01916	0.02899	0.02313	0.11302	0.02391	0.02037	0.02838	0.00461	0.38510	0.01298	0.00575	0.01266
16	0.14585	0.02379	0.02726	0.02122	0.02976	0.02416	0.01753	0.20249	0.03727	0.30499	0.03402	0.03135	0.02246	0.01325	0.01062	0.00345	0.01040	0.01011	0.01194	0.01807
17	0.02342	0.02784	0.15001	0.10873	0.03786	0.02189	0.02401	0.03538	0.11336	0.07154	0.17048	0.04615	0.04504	0.01600	0.01370	0.00373	0.05466	0.01310	0.00877	0.01433
18	0.53502	0.02024	0.01695	0.01495	0.02172	0.02241	0.01222	0.03338	0.02134	0.10085	0.03062	0.03130	0.07631	0.01300	0.00820	0.00352	0.00844	0.00879	0.00813	0.01261
19	0.02875	0.23557	0.28448	0.02753	0.04047	0.03129	0.06564	0.03735	0.02470	0.09372	0.02180	0.02412	0.01618	0.01064	0.00981	0.00319	0.01443	0.00829	0.00595	0.01610

[dist]
# distance from previous block
# <min> <max>
3	35

[block]
# block no. 3 follows, 11 sequences, length 20
# corresponding to MSA columns:
# 371-390
name=unknown_D
#
# <colnr> <probs for GDERKNQSTAVLIFYWHMCP>
#	G	D	E	R	K	N	Q	S	T	A	V	L	I	F	Y	W	H	M	C	P
0	0.44489	0.13098	0.02698	0.01725	0.02506	0.02922	0.01484	0.08655	0.02458	0.08512	0.01908	0.02071	0.01455	0.01090	0.00782	0.00327	0.00979	0.00692	0.00757	0.01390
1	0.07627	0.07916	0.08570	0.01836	0.02390	0.01905	0.01619	0.07515	0.02598	0.03621	0.05370	0.26933	0.13069	0.02396	0.01204	0.00387	0.00901	0.02040	0.00898	0.01203
2	0.07874	0.01962	0.01904	0.01803	0.02245	0.08139	0.01339	0.03013	0.06602	0.09015	0.05016	0.26521	0.09113	0.02291	0.01195	0.00373	0.00905	0.01957	0.00969	0.07765
3	0.09284	0.02008	0.02300	0.01690	0.02644	0.01622	0.01362	0.03209	0.02402	0.10042	0.02258	0.02468	0.01760	0.00924	0.00857	0.00207	0.00853	0.00718	0.00759	0.52634
4	0.03438	0.01875	0.02526	0.02314	0.07675	0.01600	0.01642	0.03899	0.02791	0.26010	0.06973	0.08945	0.03339	0.01456	0.01085	0.00304	0.00901	0.01242	0.01052	0.20933
5	0.01816	0.01250	0.01567	0.01552	0.01885	0.01082	0.01116	0.02117	0.02394	0.06989	0.09629	0.36118	0.12011	0.02747	0.01293	0.00384	0.00686	0.02438	0.01024	0.11903
6	0.04743	0.01946	0.02546	0.01972	0.02795	0.01756	0.01623	0.08891	0.03321	0.46194	0.04234	0.03768	0.02722	0.01383	0.01103	0.00340	0.00945	0.01115	0.06760	0.01844
7	0.01955	0.00978	0.01466	0.01466	0.01466	0.00978	0.00978	0.01466	0.01466	0.01955	0.01955	0.03421	0.01955	0.03910	0.04399	0.67253	0.00978	0.00978	0.00489	0.00489
8	0.02657	0.03036	0.06641	0.04744	0.05882	0.02846	0.49336	0.03605	0.02657	0.03605	0.02277	0.03036	0.01708	0.00949	0.01328	0.00380	0.01898	0.01328	0.00569	0.01518
9	0.02334	0.02001	0.02334	0.01667	0.02667	0.01500	0.01334	0.02834	0.02334	0.03668	0.02001	0.02334	0.01667	0.00834	0.00834	0.00167	0.00834	0.00667	0.00667	0.67325
10	0.03334	0.03956	0.03268	0.25863	0.05269	0.33555	0.02573	0.03817	0.02796	0.02805	0.01849	0.02436	0.01471	0.01145	0.01061	0.00326	0.01808	0.00840	0.00547	0.01282
11	0.68395	0.02177	0.01654	0.01480	0.02177	0.02525	0.01219	0.03309	0.01915	0.05050	0.01567	0.01828	0.01219	0.01045	0.00697	0.00348	0.00871	0.00609	0.00697	0.01219
12	0.03350	0.01965	0.03056	0.34401	0.05709	0.02146	0.02510	0.03968	0.02657	0.24368	0.03022	0.03348	0.02039	0.01237	0.01128	0.00364	0.01273	0.01055	0.00874	0.01529
13	0.02180	0.02132	0.02525	0.02368	0.02454	0.07642	0.01840	0.02410	0.02051	0.02782	0.03483	0.26390	0.03973	0.02540	0.02480	0.00457	0.28567	0.01886	0.00733	0.01106
14	0.01383	0.01048	0.01277	0.01419	0.01603	0.00942	0.00988	0.01644	0.02396	0.03108	0.13003	0.38973	0.21781	0.03182	0.01392	0.00422	0.00614	0.02817	0.01067	0.00942
15	0.03049	0.01503	0.02145	0.01890	0.02371	0.01510	0.01510	0.03465	0.02400	0.24215	0.03612	0.04174	0.02802	0.05490	0.33016	0.01197	0.02153	0.01175	0.00934	0.01386
16	0.03198	0.01488	0.01934	0.01624	0.02175	0.01322	0.01288	0.03665	0.03069	0.27024	0.22468	0.06102	0.09770	0.01834	0.01185	0.00344	0.00728	0.01553	0.07787	0.01441
17	0.04695	0.02076	0.02680	0.02043	0.02930	0.01866	0.01683	0.10684	0.03392	0.43557	0.03993	0.03548	0.02571	0.01334	0.01103	0.00330	0.00981	0.01073	0.01291	0.08171
18	0.18502	0.01966	0.02242	0.01811	0.02538	0.01947	0.01479	0.09384	0.03073	0.29155	0.07272	0.03650	0.02956	0.01373	0.01015	0.00339	0.00893	0.01064	0.07735	0.01607
19	0.08204	0.01658	0.02292	0.17555	0.03733	0.01735	0.01797	0.03324	0.02663	0.17266	0.12903	0.09681	0.04248	0.01660	0.01134	0.00361	0.00960	0.01416	0.06068	0.01343

[dist]
# distance from previous block
# <min> <max>
0	76

[block]
# block no. 4 follows, 11 sequences, length 22
# corresponding to MSA columns:
# 472-493
name=unknown_E
#
# <colnr> <probs for GDERKNQSTAVLIFYWHMCP>
#	G	D	E	R	K	N	Q	S	T	A	V	L	I	F	Y	W	H	M	C	P
0	0.03070	0.02646	0.07371	0.07394	0.03465	0.07345	0.05313	0.11430	0.03299	0.12173	0.15234	0.04361	0.04141	0.01497	0.01150	0.00341	0.01152	0.01265	0.05886	0.01467
1	0.09089	0.12272	0.03222	0.02027	0.02889	0.02308	0.04914	0.06503	0.02655	0.13199	0.02781	0.07658	0.02330	0.01262	0.00965	0.00282	0.01010	0.01032	0.00830	0.22771
2	0.08877	0.02074	0.02762	0.20869	0.09151	0.02314	0.02175	0.11576	0.02897	0.08045	0.02652	0.03145	0.01980	0.01208	0.01010	0.00335	0.01122	0.00988	0.15395	0.01425
3	0.01569	0.01150	0.01471	0.01391	0.01667	0.01052	0.01043	0.02077	0.03129	0.04377	0.49005	0.08631	0.14529	0.02352	0.01328	0.00356	0.00535	0.02067	0.01221	0.01052
4	0.01460	0.01064	0.01384	0.01538	0.01698	0.00987	0.01102	0.01773	0.02476	0.03321	0.17654	0.38762	0.12331	0.03136	0.01412	0.00431	0.00652	0.06765	0.01090	0.00964
5	0.01526	0.01057	0.01323	0.01474	0.01531	0.01026	0.00968	0.01671	0.01980	0.02631	0.05063	0.33097	0.05940	0.27413	0.03253	0.00730	0.00875	0.06722	0.00891	0.00829
6	0.01620	0.01159	0.01573	0.01573	0.01692	0.01279	0.01112	0.01858	0.01739	0.02438	0.03231	0.05618	0.03333	0.29575	0.35561	0.01517	0.02233	0.01381	0.00635	0.00874
7	0.02257	0.05822	0.54613	0.03208	0.04871	0.02614	0.04158	0.03564	0.02376	0.03564	0.02020	0.02376	0.01426	0.01069	0.01069	0.00356	0.01663	0.00832	0.00475	0.01663
8	0.02226	0.02021	0.03356	0.44798	0.14298	0.02399	0.02970	0.02943	0.02309	0.03118	0.02167	0.03073	0.01667	0.01123	0.01094	0.00359	0.01389	0.01005	0.06372	0.01315
9	0.04204	0.05364	0.03190	0.02900	0.03480	0.55926	0.02175	0.04494	0.03190	0.02755	0.01740	0.02030	0.01450	0.01160	0.01015	0.00290	0.02030	0.00725	0.00580	0.01305
10	0.68395	0.02177	0.01654	0.01480	0.02177	0.02525	0.01219	0.03309	0.01915	0.05050	0.01567	0.01828	0.01219	0.01045	0.00697	0.00348	0.00871	0.00609	0.00697	0.01219
11	0.01371	0.00979	0.01306	0.01567	0.01632	0.00914	0.01045	0.01567	0.02155	0.02873	0.06203	0.59710	0.07444	0.03526	0.01437	0.00457	0.00653	0.03200	0.01045	0.00914
12	0.02313	0.02326	0.04301	0.35573	0.06665	0.02511	0.17486	0.03101	0.02386	0.03183	0.02087	0.02947	0.01582	0.01041	0.01161	0.00356	0.01560	0.01071	0.00538	0.07810
13	0.02321	0.02268	0.03417	0.25986	0.04972	0.03049	0.02741	0.02779	0.01945	0.02779	0.01697	0.02689	0.01487	0.01615	0.02614	0.00443	0.34471	0.00991	0.00496	0.01239
14	0.58404	0.02329	0.01923	0.01653	0.02381	0.02675	0.01362	0.10533	0.02442	0.05368	0.01744	0.01965	0.01327	0.01093	0.00763	0.00347	0.00928	0.00672	0.00763	0.01327
15	0.41430	0.12598	0.02809	0.01828	0.02621	0.03094	0.01566	0.14650	0.02805	0.05134	0.01844	0.02038	0.01428	0.01106	0.00806	0.00327	0.01018	0.00707	0.00764	0.01428
16	0.01595	0.01074	0.01240	0.01280	0.01291	0.01064	0.00739	0.01626	0.01718	0.02290	0.03960	0.15522	0.04614	0.51575	0.05060	0.00992	0.01023	0.01880	0.00739	0.00718
17	0.02858	0.27030	0.08341	0.02067	0.02828	0.07837	0.01904	0.03502	0.06185	0.07864	0.06932	0.11794	0.03385	0.01579	0.01009	0.00319	0.01135	0.01252	0.00773	0.01407
18	0.01634	0.06438	0.01825	0.01603	0.01854	0.01327	0.01229	0.01982	0.02515	0.03331	0.17191	0.30636	0.11732	0.02882	0.01356	0.00416	0.00725	0.09264	0.01039	0.01019
19	0.02235	0.01925	0.02422	0.10382	0.03372	0.01617	0.01589	0.02777	0.02397	0.03620	0.06526	0.02979	0.02438	0.01010	0.00923	0.00216	0.00911	0.00841	0.00692	0.51130
20	0.24445	0.07720	0.02705	0.07016	0.03155	0.06569	0.01694	0.07798	0.07329	0.04308	0.02118	0.02376	0.01665	0.01081	0.00876	0.00298	0.01072	0.00769	0.00728	0.16277
21	0.02934	0.07769	0.07779	0.08070	0.08376	0.02254	0.10907	0.03518	0.02562	0.14903	0.06426	0.04081	0.02899	0.10450	0.01854	0.00462	0.01288	0.01215	0.00800	0.01451

[dist]
# distance from previous block
# <min> <max>
1	46

[block]
# block no. 5 follows, 11 sequences, length 26
# corresponding to MSA columns:
# 543-568
name=unknown_F
#
# <colnr> <probs for GDERKNQSTAVLIFYWHMCP>
#	G	D	E	R	K	N	Q	S	T	A	V	L	I	F	Y	W	H	M	C	P
0	0.08498	0.06710	0.11647	0.13063	0.04673	0.02467	0.14428	0.03590	0.02592	0.11824	0.07156	0.03375	0.02575	0.01207	0.01125	0.00356	0.01374	0.01117	0.00744	0.01482
1	0.02640	0.02169	0.03300	0.06884	0.03407	0.02495	0.09410	0.11129	0.02488	0.03431	0.02023	0.02946	0.01750	0.02252	0.02875	0.21857	0.16115	0.01043	0.00621	0.01166
2	0.09188	0.01945	0.02656	0.12570	0.08210	0.01986	0.01956	0.07135	0.03009	0.20917	0.14290	0.04347	0.04015	0.01477	0.01133	0.00352	0.01010	0.01243	0.01033	0.01525
3	0.02143	0.01224	0.01630	0.01584	0.01882	0.01113	0.01164	0.02524	0.02785	0.13032	0.25471	0.27843	0.07919	0.02618	0.01335	0.00394	0.00658	0.02329	0.01191	0.01161
4	0.02956	0.03058	0.06039	0.04346	0.05441	0.02965	0.40629	0.12104	0.03143	0.04249	0.02355	0.02974	0.01746	0.01023	0.01291	0.00372	0.01776	0.01270	0.00672	0.01591
5	0.01404	0.01105	0.01268	0.01307	0.01586	0.00969	0.00950	0.01728	0.02621	0.03360	0.20286	0.21613	0.32058	0.02874	0.01354	0.00392	0.00580	0.02484	0.01092	0.00969
6	0.01955	0.00978	0.01466	0.01466	0.01466	0.00978	0.00978	0.01466	0.01466	0.01955	0.01955	0.03421	0.01955	0.03910	0.04399	0.67253	0.00978	0.00978	0.00489	0.00489
7	0.02624	0.02499	0.03376	0.02848	0.03228	0.03115	0.06734	0.04181	0.22838	0.03642	0.02869	0.03253	0.02329	0.01683	0.02385	0.00435	0.28553	0.01140	0.00776	0.01492
8	0.02126	0.02001	0.03376	0.57739	0.07752	0.02501	0.03126	0.02876	0.02251	0.02876	0.02001	0.03001	0.01500	0.01125	0.01125	0.00375	0.01500	0.01000	0.00500	0.01250
9	0.21412	0.02581	0.02686	0.07299	0.03336	0.02885	0.01854	0.27879	0.03814	0.05743	0.03171	0.03281	0.06651	0.01392	0.01028	0.00348	0.01097	0.01034	0.00942	0.01567
10	0.04204	0.05364	0.03190	0.02900	0.03480	0.55926	0.02175	0.04494	0.03190	0.02755	0.01740	0.02030	0.01450	0.01160	0.01015	0.00290	0.02030	0.00725	0.00580	0.01305
11	0.02492	0.01226	0.01761	0.01710	0.01933	0.01178	0.01302	0.02414	0.02059	0.11932	0.03370	0.05712	0.03188	0.03254	0.03117	0.38973	0.00988	0.11721	0.00786	0.00883
12	0.02728	0.02921	0.03388	0.12034	0.03848	0.12972	0.02519	0.03066	0.02082	0.02745	0.01613	0.02472	0.01476	0.01680	0.02773	0.00436	0.38551	0.00940	0.00510	0.01248
13	0.01955	0.00978	0.01466	0.01466	0.01466	0.00978	0.00978	0.01466	0.01466	0.01955	0.01955	0.03421	0.01955	0.03910	0.04399	0.67253	0.00978	0.00978	0.00489	0.00489
14	0.01828	0.01429	0.01945	0.01898	0.02179	0.01664	0.01476	0.02742	0.10956	0.02999	0.03304	0.04381	0.02929	0.07166	0.45867	0.01546	0.02623	0.01218	0.00703	0.01148
15	0.01566	0.00998	0.01237	0.01429	0.01547	0.00950	0.00976	0.01850	0.02210	0.03227	0.05526	0.44859	0.06224	0.02934	0.01263	0.00405	0.00619	0.02624	0.18607	0.00950
16	0.02786	0.02674	0.04568	0.06908	0.53424	0.02674	0.03454	0.03454	0.02563	0.03677	0.02117	0.02786	0.01783	0.01003	0.01114	0.00334	0.01337	0.01003	0.00557	0.01783
17	0.02776	0.02501	0.04239	0.18401	0.05119	0.02875	0.15551	0.06782	0.02521	0.07610	0.02181	0.02901	0.01689	0.01360	0.01925	0.00405	0.18002	0.01099	0.00639	0.01424
18	0.02228	0.04941	0.44731	0.02810	0.04215	0.02325	0.03536	0.03391	0.02373	0.03681	0.02325	0.02712	0.01695	0.01114	0.01017	0.00339	0.01453	0.00872	0.12691	0.01550
19	0.01909	0.01666	0.02304	0.23675	0.04262	0.01862	0.01990	0.02819	0.09652	0.03237	0.05698	0.11694	0.16763	0.02065	0.01253	0.00398	0.01033	0.05680	0.00845	0.01196
20	0.02118	0.02626	0.12563	0.37563	0.06213	0.02300	0.02968	0.02929	0.02368	0.03224	0.06756	0.03333	0.02354	0.01200	0.01109	0.00352	0.01382	0.01037	0.00579	0.07025
21	0.02363	0.12636	0.02813	0.01890	0.02403	0.02281	0.01549	0.09867	0.02486	0.03395	0.02645	0.03718	0.02418	0.09696	0.27377	0.01064	0.02020	0.01049	0.00677	0.07654
22	0.03008	0.06686	0.02968	0.10855	0.03596	0.02397	0.01898	0.15689	0.03214	0.09077	0.06250	0.03292	0.02570	0.01931	0.06380	0.00442	0.01279	0.01006	0.00855	0.16606
23	0.08178	0.02071	0.06194	0.06949	0.02941	0.01984	0.01788	0.07421	0.02587	0.07575	0.07374	0.03755	0.02927	0.02688	0.11341	0.00605	0.05598	0.01083	0.11236	0.05706
24	0.15321	0.02036	0.02193	0.05840	0.02753	0.02234	0.01555	0.18328	0.03293	0.05061	0.07655	0.12047	0.03540	0.01689	0.01056	0.00350	0.00920	0.01368	0.11394	0.01366
25	0.03406	0.03077	0.10733	0.02808	0.08052	0.02647	0.02318	0.24136	0.03823	0.09445	0.06297	0.03122	0.02509	0.01271	0.01087	0.00316	0.01173	0.01018	0.00936	0.11827

[dist]
# distance from previous block
# <min> <max>
0	12

[block]
# block no. 6 follows, 11 sequences, length 10
# corresponding to MSA columns:
# 581-590
name=unknown_G
#
# <colnr> <probs for GDERKNQSTAVLIFYWHMCP>
#	G	D	E	R	K	N	Q	S	T	A	V	L	I	F	Y	W	H	M	C	P
0	0.12792	0.02603	0.08702	0.02113	0.02992	0.02229	0.01901	0.11243	0.08246	0.20043	0.07553	0.03515	0.02932	0.01345	0.01055	0.00336	0.01018	0.01059	0.01042	0.07281
1	0.01870	0.01521	0.02096	0.02366	0.09815	0.01359	0.01485	0.02302	0.02546	0.03636	0.17620	0.23541	0.06140	0.02181	0.01219	0.00343	0.00765	0.01958	0.00938	0.16298
2	0.02120	0.01983	0.02992	0.13201	0.03747	0.02410	0.06089	0.02799	0.06315	0.03018	0.03411	0.08786	0.06793	0.02884	0.10385	0.00640	0.19151	0.01388	0.00669	0.01220
3	0.03001	0.01421	0.01853	0.01643	0.02120	0.01293	0.01302	0.03464	0.02909	0.23114	0.17362	0.10632	0.05594	0.01950	0.01184	0.00358	0.00747	0.05476	0.13206	0.01369
4	0.02924	0.03224	0.20793	0.19903	0.04991	0.02201	0.02933	0.03689	0.02488	0.16478	0.02642	0.03034	0.01846	0.01391	0.01360	0.05521	0.01375	0.00975	0.00724	0.01509
5	0.01906	0.00995	0.01430	0.01430	0.01430	0.00995	0.00932	0.01492	0.01492	0.01990	0.02199	0.04025	0.02282	0.12569	0.04603	0.57120	0.00995	0.01078	0.00518	0.00518
6	0.03161	0.54169	0.05596	0.02005	0.02961	0.04338	0.01951	0.08924	0.02647	0.03181	0.01701	0.01913	0.01501	0.01009	0.00771	0.00252	0.01208	0.00651	0.00559	0.01501
7	0.08918	0.03536	0.24978	0.02435	0.03550	0.02068	0.02640	0.04050	0.02629	0.22559	0.03327	0.08911	0.02551	0.01447	0.01099	0.00363	0.01225	0.01174	0.00898	0.01640
8	0.02707	0.08382	0.18134	0.02858	0.03916	0.02468	0.13094	0.03803	0.08452	0.10266	0.04104	0.04183	0.09807	0.01403	0.01155	0.00357	0.01323	0.01253	0.00786	0.01550
9	0.03425	0.07701	0.07752	0.12117	0.03981	0.02749	0.02392	0.08673	0.02760	0.19192	0.02668	0.02940	0.01925	0.01414	0.01699	0.00377	0.14835	0.00989	0.00837	0.01574

[dist]
# distance from previous block
# <min> <max>
0	4

[block]
# block no. 7 follows, 11 sequences, length 11
# corresponding to MSA columns:
# 595-605
name=unknown_H
#
# <colnr> <probs for GDERKNQSTAVLIFYWHMCP>
#	G	D	E	R	K	N	Q	S	T	A	V	L	I	F	Y	W	H	M	C	P
0	0.17233	0.18821	0.03008	0.01864	0.02440	0.08006	0.01529	0.03256	0.07790	0.03490	0.03229	0.18411	0.03309	0.01786	0.00995	0.00346	0.01022	0.01423	0.00773	0.01269
1	0.02392	0.01621	0.01938	0.01829	0.02239	0.01671	0.01374	0.03684	0.18775	0.10807	0.16475	0.21701	0.06245	0.02288	0.01273	0.00393	0.00744	0.02009	0.01171	0.01371
2	0.01367	0.00998	0.01287	0.01517	0.01619	0.00918	0.01023	0.01573	0.02203	0.02893	0.06810	0.54008	0.12754	0.03447	0.01424	0.00448	0.00643	0.03104	0.01045	0.00918
3	0.02407	0.10217	0.03751	0.23775	0.04781	0.03221	0.02644	0.02862	0.02001	0.02764	0.01689	0.02580	0.01482	0.01511	0.02309	0.00414	0.28891	0.00939	0.00494	0.01267
4	0.02329	0.01399	0.01758	0.01644	0.02062	0.01305	0.01293	0.02960	0.06412	0.13816	0.22157	0.12028	0.15731	0.02369	0.01315	0.00390	0.00726	0.07875	0.01184	0.01248
5	0.01545	0.01114	0.01492	0.01515	0.01696	0.01096	0.01094	0.01922	0.02527	0.03535	0.27265	0.20240	0.07738	0.08712	0.12551	0.00730	0.01100	0.02126	0.01018	0.00982
6	0.09097	0.02461	0.02721	0.02307	0.02954	0.02813	0.01853	0.12861	0.26959	0.11618	0.03622	0.03486	0.02669	0.01486	0.01388	0.00379	0.07436	0.01118	0.01062	0.01711
7	0.10937	0.02948	0.12864	0.02245	0.03252	0.02285	0.02136	0.10526	0.07901	0.20472	0.03087	0.02999	0.02136	0.01222	0.01031	0.00327	0.01102	0.00949	0.00974	0.10608
8	0.11987	0.08257	0.10524	0.13270	0.04045	0.15047	0.02323	0.03730	0.02567	0.09122	0.02269	0.02620	0.01702	0.01147	0.00970	0.00324	0.01392	0.00844	0.06469	0.01393
9	0.68395	0.02177	0.01654	0.01480	0.02177	0.02525	0.01219	0.03309	0.01915	0.05050	0.01567	0.01828	0.01219	0.01045	0.00697	0.00348	0.00871	0.00609	0.00697	0.01219
10	0.02509	0.06612	0.07919	0.02215	0.02871	0.02153	0.05911	0.03846	0.16782	0.07971	0.07518	0.14021	0.04055	0.01769	0.01147	0.00364	0.00976	0.01549	0.08372	0.01442

[dist]
# distance from previous block
# <min> <max>
0	4

[block]
# block no. 8 follows, 11 sequences, length 12
# corresponding to MSA columns:
# 610-621
name=unknown_I
#
# <colnr> <probs for GDERKNQSTAVLIFYWHMCP>
#	G	D	E	R	K	N	Q	S	T	A	V	L	I	F	Y	W	H	M	C	P
0	0.01599	0.01178	0.01595	0.01596	0.01804	0.01232	0.01207	0.01972	0.02232	0.03087	0.15510	0.07003	0.09746	0.13424	0.26973	0.01139	0.01790	0.05106	0.00835	0.00970
1	0.11903	0.03922	0.20193	0.03073	0.04058	0.10049	0.12793	0.03462	0.02495	0.03673	0.06355	0.02927	0.02268	0.01244	0.01332	0.00363	0.06841	0.01012	0.00610	0.01426
2	0.02711	0.02825	0.08467	0.20864	0.05385	0.02794	0.12887	0.10403	0.13981	0.04109	0.02750	0.03184	0.02039	0.01205	0.01169	0.00371	0.01426	0.01121	0.00748	0.01560
3	0.02057	0.01553	0.02462	0.02151	0.02503	0.01564	0.08017	0.02501	0.02552	0.07900	0.18553	0.21502	0.06210	0.02937	0.06648	0.00535	0.06182	0.02031	0.00976	0.01166
4	0.09100	0.16329	0.04235	0.03128	0.10451	0.02999	0.09262	0.07217	0.09580	0.12825	0.02756	0.02885	0.02059	0.01154	0.01026	0.00330	0.01214	0.00984	0.00821	0.01645
5	0.01546	0.01060	0.01278	0.01355	0.01400	0.01031	0.00834	0.01657	0.01942	0.02613	0.08755	0.24522	0.05760	0.36766	0.03942	0.00820	0.00899	0.02181	0.00849	0.00791
6	0.08923	0.02250	0.02144	0.01878	0.02370	0.09409	0.01447	0.10313	0.03023	0.11874	0.10180	0.05069	0.03888	0.11739	0.01893	0.00471	0.01075	0.04046	0.06706	0.01304
7	0.02417	0.01266	0.01919	0.10132	0.02624	0.01305	0.01401	0.02248	0.01833	0.09463	0.02312	0.03415	0.02003	0.03130	0.03438	0.47611	0.01055	0.01003	0.00618	0.00806
8	0.02590	0.17966	0.20995	0.03326	0.04425	0.03250	0.17072	0.03409	0.02347	0.03233	0.01911	0.02449	0.01523	0.01134	0.01433	0.00354	0.09620	0.00948	0.00508	0.01505
9	0.08609	0.10437	0.03089	0.02142	0.02870	0.02608	0.04634	0.07820	0.18558	0.08237	0.10889	0.03949	0.03665	0.01413	0.01060	0.00332	0.00969	0.01165	0.00972	0.06580
10	0.02326	0.01494	0.01535	0.01453	0.01837	0.01618	0.01110	0.03715	0.18303	0.04363	0.03967	0.04197	0.03064	0.01381	0.00903	0.00301	0.00644	0.01122	0.45379	0.01287
11	0.01762	0.01328	0.01650	0.01538	0.01856	0.01305	0.01163	0.02663	0.09927	0.04541	0.46082	0.07819	0.09615	0.02193	0.01302	0.00358	0.00581	0.01929	0.01226	0.01163

[dist]
# distance from previous block
# <min> <max>
0	1

[block]
# block no. 9 follows, 11 sequences, length 22
# corresponding to MSA columns:
# 623-644
name=unknown_J
#
# <colnr> <probs for GDERKNQSTAVLIFYWHMCP>
#	G	D	E	R	K	N	Q	S	T	A	V	L	I	F	Y	W	H	M	C	P
0	0.04279	0.03153	0.03378	0.02590	0.03490	0.03490	0.02139	0.49671	0.05292	0.07093	0.02702	0.02702	0.01914	0.01351	0.01126	0.00338	0.01239	0.01013	0.01126	0.01914
1	0.08541	0.25814	0.13213	0.02151	0.03187	0.02989	0.02180	0.04146	0.02604	0.21163	0.02660	0.02624	0.01897	0.01140	0.00927	0.00308	0.01175	0.00831	0.00818	0.01633
2	0.07956	0.01791	0.02722	0.34553	0.05401	0.02075	0.02347	0.02943	0.02254	0.09138	0.02733	0.09520	0.02353	0.01689	0.01436	0.06720	0.01236	0.01232	0.00685	0.01217
3	0.60785	0.02145	0.01769	0.01543	0.02260	0.02420	0.01271	0.03570	0.02072	0.10955	0.01912	0.02069	0.01407	0.01087	0.00749	0.00348	0.00881	0.00672	0.00780	0.01303
4	0.02800	0.02418	0.02545	0.02291	0.02927	0.02800	0.01782	0.05981	0.51390	0.04708	0.04581	0.04199	0.03436	0.01527	0.01145	0.00382	0.00891	0.01273	0.01145	0.01782
5	0.04232	0.01675	0.02179	0.01738	0.02440	0.01487	0.01414	0.04692	0.02983	0.40343	0.04227	0.03932	0.02813	0.01370	0.01036	0.00324	0.00838	0.01109	0.19492	0.01675
6	0.04150	0.01716	0.02324	0.01850	0.02563	0.01500	0.01500	0.04610	0.03212	0.41265	0.17040	0.05023	0.04826	0.01629	0.01183	0.00350	0.00847	0.01367	0.01353	0.01693
7	0.01593	0.01150	0.01504	0.01416	0.01681	0.01062	0.01062	0.02124	0.03186	0.04513	0.52830	0.08407	0.10620	0.02301	0.01327	0.00354	0.00531	0.02035	0.01239	0.01062
8	0.01489	0.01146	0.01360	0.01307	0.01618	0.01018	0.00980	0.01923	0.02940	0.03931	0.36433	0.09367	0.27380	0.02518	0.01329	0.00364	0.00546	0.02170	0.01162	0.01018
9	0.03009	0.61122	0.05898	0.01926	0.02889	0.04454	0.01926	0.03370	0.02287	0.02648	0.01565	0.01805	0.01444	0.00963	0.00722	0.00241	0.01204	0.00602	0.00481	0.01444
10	0.68395	0.02177	0.01654	0.01480	0.02177	0.02525	0.01219	0.03309	0.01915	0.05050	0.01567	0.01828	0.01219	0.01045	0.00697	0.00348	0.00871	0.00609	0.00697	0.01219
11	0.03205	0.13243	0.09197	0.07019	0.08071	0.02584	0.02177	0.10270	0.02939	0.13274	0.02817	0.03039	0.02080	0.01196	0.00978	0.00312	0.01117	0.00944	0.13976	0.01561
12	0.08419	0.07037	0.07755	0.09108	0.08351	0.02257	0.02097	0.07440	0.02793	0.15391	0.03798	0.03906	0.07837	0.01384	0.01044	0.00337	0.01077	0.01114	0.07346	0.01509
13	0.01887	0.01149	0.01529	0.01569	0.01798	0.01052	0.01124	0.02222	0.02625	0.09583	0.21437	0.36003	0.07937	0.02864	0.01364	0.00410	0.00649	0.02566	0.01151	0.01083
14	0.01576	0.01204	0.01729	0.02227	0.07618	0.01153	0.01396	0.01858	0.02244	0.03014	0.05713	0.48584	0.06702	0.03197	0.01411	0.00449	0.00769	0.07143	0.00988	0.01025
15	0.01356	0.01041	0.01242	0.01404	0.01589	0.00928	0.00972	0.01586	0.02312	0.02937	0.08195	0.40981	0.24887	0.03267	0.01396	0.00428	0.00621	0.02884	0.01045	0.00928
16	0.02800	0.02418	0.02545	0.02291	0.02927	0.02800	0.01782	0.05981	0.51390	0.04708	0.04581	0.04199	0.03436	0.01527	0.01145	0.00382	0.00891	0.01273	0.01145	0.01782
17	0.02334	0.02001	0.02334	0.01667	0.02667	0.01500	0.01334	0.02834	0.02334	0.03668	0.02001	0.02334	0.01667	0.00834	0.00834	0.00167	0.00834	0.00667	0.00667	0.67325
18	0.01503	0.01059	0.01383	0.01594	0.01682	0.01018	0.01115	0.01720	0.02134	0.02830	0.05644	0.40989	0.06618	0.14484	0.02290	0.00591	0.00808	0.10674	0.00973	0.00891
19	0.09207	0.01974	0.02722	0.28858	0.04936	0.02257	0.02202	0.08352	0.02569	0.09613	0.02613	0.03746	0.02147	0.11993	0.01923	0.00496	0.01268	0.01095	0.00732	0.01299
20	0.02187	0.02086	0.03199	0.30010	0.05205	0.02726	0.02651	0.02678	0.02028	0.02808	0.02206	0.08408	0.02081	0.01705	0.02195	0.00431	0.24423	0.01212	0.00551	0.01209
21	0.13045	0.02126	0.02249	0.01912	0.02574	0.02281	0.01528	0.11477	0.17767	0.13981	0.04355	0.04173	0.07382	0.01504	0.01049	0.00350	0.00882	0.01186	0.08599	0.01580

[dist]
# distance from previous block
# <min> <max>
0	12

[block]
# block no. 10 follows, 11 sequences, length 22
# corresponding to MSA columns:
# 657-678
name=unknown_K
#
# <colnr> <probs for GDERKNQSTAVLIFYWHMCP>
#	G	D	E	R	K	N	Q	S	T	A	V	L	I	F	Y	W	H	M	C	P
0	0.02176	0.01693	0.01995	0.01750	0.02257	0.01622	0.01333	0.08381	0.08528	0.04285	0.19089	0.17476	0.05984	0.02041	0.01194	0.00336	0.00755	0.01776	0.01040	0.16288
1	0.01944	0.01241	0.01543	0.01415	0.01784	0.01105	0.01080	0.02399	0.03027	0.10167	0.36051	0.08489	0.20805	0.02335	0.01304	0.00360	0.00593	0.02015	0.01207	0.01136
2	0.02334	0.02001	0.02334	0.01667	0.02667	0.01500	0.01334	0.02834	0.02334	0.03668	0.02001	0.02334	0.01667	0.00834	0.00834	0.00167	0.00834	0.00667	0.00667	0.67325
3	0.02334	0.02001	0.02334	0.01667	0.02667	0.01500	0.01334	0.02834	0.02334	0.03668	0.02001	0.02334	0.01667	0.00834	0.00834	0.00167	0.00834	0.00667	0.00667	0.67325
4	0.02334	0.02001	0.02334	0.01667	0.02667	0.01500	0.01334	0.02834	0.02334	0.03668	0.02001	0.02334	0.01667	0.00834	0.00834	0.00167	0.00834	0.00667	0.00667	0.67325
5	0.02031	0.01463	0.01909	0.02042	0.02343	0.01491	0.01710	0.07945	0.02838	0.03729	0.05609	0.20225	0.06102	0.02973	0.01481	0.00485	0.00990	0.32465	0.01049	0.01120
6	0.02333	0.01276	0.01300	0.01215	0.01546	0.01312	0.00933	0.07694	0.02676	0.04508	0.03567	0.04035	0.02780	0.01316	0.00823	0.00270	0.00601	0.01045	0.59626	0.01142
7	0.10173	0.08833	0.02914	0.01949	0.02816	0.02054	0.01649	0.05055	0.03002	0.44039	0.03862	0.03426	0.02497	0.01313	0.01047	0.00336	0.00979	0.01026	0.01228	0.01802
8	0.03787	0.01766	0.02401	0.01950	0.02551	0.01698	0.01584	0.04227	0.03037	0.34385	0.17554	0.04944	0.04813	0.01713	0.01485	0.00367	0.07528	0.01366	0.01245	0.01598
9	0.02585	0.02249	0.03162	0.23911	0.12613	0.02560	0.02516	0.09083	0.14586	0.04111	0.08200	0.03804	0.03042	0.01356	0.01150	0.00364	0.01193	0.01179	0.00817	0.01519
10	0.02796	0.01389	0.01861	0.01662	0.02102	0.01243	0.01273	0.03217	0.02968	0.22151	0.24840	0.18254	0.07069	0.02247	0.01281	0.00375	0.00713	0.01969	0.01251	0.01338
11	0.02561	0.05904	0.02439	0.14994	0.03465	0.01746	0.01724	0.02998	0.02584	0.15269	0.08890	0.17300	0.11492	0.02060	0.01213	0.00376	0.00946	0.01777	0.00972	0.01289
12	0.01929	0.01159	0.01453	0.01499	0.01637	0.01109	0.01007	0.02087	0.02066	0.08126	0.04756	0.25340	0.05300	0.29758	0.03412	0.00746	0.00922	0.05859	0.00913	0.00924
13	0.02827	0.02486	0.02582	0.01977	0.02885	0.06212	0.01574	0.10338	0.08807	0.04234	0.02399	0.02592	0.01902	0.01021	0.00929	0.00228	0.00994	0.00797	0.00787	0.44429
14	0.04210	0.02622	0.10174	0.09017	0.03821	0.02103	0.02244	0.09949	0.03220	0.35386	0.03601	0.03394	0.02337	0.01310	0.01122	0.00351	0.01156	0.01060	0.01124	0.01799
15	0.02939	0.02166	0.02723	0.02404	0.08679	0.01830	0.01695	0.07297	0.02740	0.11136	0.02421	0.02631	0.01861	0.00977	0.00934	0.00227	0.00945	0.00802	0.00797	0.44799
16	0.02510	0.01438	0.01834	0.01559	0.02073	0.01247	0.01217	0.02985	0.03025	0.16655	0.30106	0.06852	0.12572	0.01970	0.01222	0.00334	0.00677	0.01693	0.01189	0.08841
17	0.03279	0.02659	0.02678	0.02209	0.02871	0.07171	0.01763	0.26544	0.09706	0.05561	0.14557	0.04713	0.07991	0.01682	0.01179	0.00346	0.01058	0.01351	0.01100	0.01583
18	0.02970	0.10696	0.12204	0.01899	0.02664	0.01973	0.01845	0.03553	0.02562	0.17271	0.03580	0.10167	0.02935	0.01508	0.01003	0.00324	0.00967	0.01229	0.19212	0.01439
19	0.02232	0.01263	0.01679	0.01570	0.01909	0.01145	0.01177	0.02664	0.02945	0.14078	0.31904	0.19843	0.08285	0.02414	0.01315	0.00378	0.00646	0.02135	0.01223	0.01197
20	0.04712	0.01816	0.02433	0.01893	0.02695	0.01585	0.01555	0.05158	0.03123	0.48483	0.04352	0.03873	0.02797	0.01384	0.01092	0.00338	0.00908	0.01122	0.08862	0.01816
21	0.01553	0.01061	0.01293	0.01347	0.01480	0.00990	0.00899	0.01625	0.02092	0.02717	0.10062	0.19934	0.17249	0.17081	0.02992	0.13066	0.00788	0.02101	0.00870	0.00800

[dist]
# distance from previous block
# <min> <max>
3	21

[block]
# block no. 11 follows, 11 sequences, length 35
# corresponding to MSA columns:
# 700-734
name=unknown_L
#
# <colnr> <probs for GDERKNQSTAVLIFYWHMCP>
#	G	D	E	R	K	N	Q	S	T	A	V	L	I	F	Y	W	H	M	C	P
0	0.16572	0.08047	0.20198	0.02438	0.03528	0.02845	0.02532	0.13124	0.07734	0.09026	0.02491	0.02591	0.01798	0.01186	0.00991	0.00344	0.01244	0.00874	0.00797	0.01639
1	0.15027	0.07252	0.22274	0.08287	0.04065	0.02747	0.02787	0.07987	0.02590	0.09254	0.02182	0.02494	0.01589	0.01193	0.01195	0.00357	0.05644	0.00854	0.00678	0.01542
2	0.09768	0.20260	0.03354	0.05293	0.02826	0.08308	0.01716	0.03373	0.02482	0.08388	0.07111	0.03145	0.02653	0.01307	0.01127	0.00311	0.05787	0.00927	0.10535	0.01328
3	0.02257	0.05822	0.54613	0.03208	0.04871	0.02614	0.04158	0.03564	0.02376	0.03564	0.02020	0.02376	0.01426	0.01069	0.01069	0.00356	0.01663	0.00832	0.00475	0.01663
4	0.02977	0.01743	0.02267	0.07231	0.02943	0.01763	0.01654	0.04051	0.13098	0.19595	0.19162	0.05957	0.05498	0.01814	0.01229	0.00374	0.00872	0.05103	0.01179	0.01490
5	0.01566	0.01072	0.01283	0.01343	0.01537	0.00997	0.00943	0.01898	0.02474	0.03477	0.18588	0.24478	0.14494	0.08195	0.01697	0.00447	0.00629	0.02266	0.11659	0.00958
6	0.03425	0.01532	0.02031	0.01715	0.02240	0.01368	0.01315	0.03784	0.02848	0.30523	0.14159	0.11132	0.05049	0.11330	0.01945	0.00481	0.00862	0.01609	0.01211	0.01441
7	0.04175	0.01731	0.02355	0.01915	0.02628	0.01523	0.01574	0.04634	0.03154	0.41201	0.12401	0.05438	0.04412	0.01708	0.01205	0.00366	0.00897	0.05659	0.01333	0.01692
8	0.02192	0.01445	0.01792	0.01735	0.02045	0.01424	0.01275	0.09778	0.02977	0.08138	0.15784	0.34588	0.06869	0.02729	0.01337	0.00406	0.00746	0.02420	0.01129	0.01191
9	0.01578	0.01187	0.01485	0.01672	0.01819	0.01187	0.01151	0.02205	0.09267	0.03138	0.05969	0.51692	0.06865	0.03237	0.01395	0.00446	0.00687	0.02921	0.01059	0.01039
10	0.04066	0.02912	0.03309	0.02588	0.03340	0.03292	0.02141	0.37491	0.04500	0.11288	0.02685	0.02781	0.01934	0.01455	0.01541	0.00364	0.10435	0.01021	0.01051	0.01804
11	0.07487	0.35709	0.04322	0.01942	0.02755	0.03621	0.01765	0.07322	0.12317	0.03696	0.02438	0.02562	0.01988	0.01141	0.00841	0.00286	0.01062	0.00807	0.06441	0.01497
12	0.68395	0.02177	0.01654	0.01480	0.02177	0.02525	0.01219	0.03309	0.01915	0.05050	0.01567	0.01828	0.01219	0.01045	0.00697	0.00348	0.00871	0.00609	0.00697	0.01219
13	0.02674	0.03050	0.13539	0.29491	0.05780	0.02762	0.02986	0.13153	0.08028	0.04089	0.02420	0.02938	0.01774	0.01203	0.01116	0.00364	0.01415	0.00998	0.00694	0.01527
14	0.01403	0.01043	0.01359	0.01534	0.01674	0.01000	0.01071	0.01647	0.02169	0.02859	0.06569	0.42510	0.14404	0.04205	0.10225	0.00662	0.01020	0.02738	0.00974	0.00935
15	0.03795	0.02417	0.08218	0.02908	0.11116	0.01972	0.02160	0.08238	0.03053	0.29261	0.03917	0.11484	0.03080	0.01601	0.01166	0.00362	0.01073	0.01368	0.01089	0.01723
16	0.01592	0.01284	0.01884	0.01748	0.02036	0.01211	0.05648	0.01968	0.02466	0.03313	0.18328	0.21546	0.15426	0.08302	0.07435	0.00605	0.01009	0.02221	0.00972	0.01006
17	0.02713	0.01378	0.01810	0.01622	0.02066	0.01225	0.01242	0.03118	0.02926	0.21150	0.22544	0.17585	0.11419	0.02293	0.01283	0.00376	0.00707	0.01996	0.01233	0.01315
18	0.03252	0.02477	0.03177	0.24162	0.05021	0.02836	0.02428	0.20436	0.11537	0.08917	0.02880	0.03160	0.02074	0.01295	0.01129	0.00361	0.01261	0.01061	0.00905	0.01631
19	0.03550	0.02484	0.02728	0.02187	0.02898	0.02687	0.01772	0.30891	0.08551	0.09055	0.11159	0.03969	0.03600	0.01518	0.01127	0.00337	0.01007	0.01212	0.07586	0.01680
20	0.02266	0.08194	0.02323	0.01814	0.02222	0.10439	0.01405	0.02983	0.08009	0.03895	0.29651	0.11278	0.07125	0.02017	0.01206	0.00345	0.00892	0.01709	0.01025	0.01201
21	0.13235	0.09104	0.26555	0.08575	0.04517	0.02861	0.07502	0.08242	0.02612	0.04024	0.02001	0.02400	0.01480	0.01080	0.01015	0.00347	0.01457	0.00860	0.00591	0.01542
22	0.28596	0.15658	0.15610	0.02220	0.03186	0.11563	0.02231	0.03575	0.02309	0.03827	0.01704	0.01989	0.01353	0.01053	0.00844	0.00319	0.01318	0.00680	0.00580	0.01387
