[name]
unknown

[dist]
# distance from previous block
# <min> <max>
0	301

[block]
# block no. 0 follows, 12 sequences, length 29
# corresponding to MSA columns:
# 384-412
name=unknown_A
#
# <colnr> <probs for GDERKNQSTAVLIFYWHMCP>
#	G	D	E	R	K	N	Q	S	T	A	V	L	I	F	Y	W	H	M	C	P
0	0.03060	0.02383	0.02379	0.05437	0.02927	0.11371	0.01748	0.08849	0.09903	0.13268	0.04455	0.11179	0.07170	0.01899	0.01190	0.00373	0.01112	0.08921	0.00987	0.01390
1	0.23333	0.02010	0.02232	0.09645	0.03072	0.02160	0.01591	0.11244	0.02653	0.11833	0.02690	0.06781	0.02267	0.07611	0.01430	0.00409	0.01006	0.01053	0.00836	0.06144
2	0.03670	0.03511	0.20649	0.02449	0.03500	0.07479	0.02484	0.04642	0.08051	0.27487	0.03268	0.03102	0.02193	0.01235	0.01066	0.00338	0.01253	0.00974	0.00947	0.01702
3	0.01777	0.01374	0.01551	0.01430	0.01847	0.01284	0.01080	0.02558	0.09732	0.03722	0.18179	0.12071	0.18522	0.02073	0.01147	0.00328	0.00625	0.01772	0.08540	0.10387
4	0.17586	0.09103	0.02990	0.02401	0.08184	0.02619	0.01775	0.13639	0.06473	0.10066	0.02384	0.02501	0.01796	0.01094	0.00907	0.00293	0.01006	0.00821	0.00822	0.13540
5	0.02240	0.05267	0.49178	0.03313	0.04854	0.02563	0.10508	0.03459	0.02340	0.03459	0.01991	0.02390	0.01419	0.01020	0.01071	0.00348	0.01643	0.00872	0.00473	0.01592
6	0.02387	0.02121	0.02833	0.08550	0.03367	0.02139	0.04932	0.07844	0.02494	0.03592	0.02828	0.03243	0.06757	0.01288	0.01444	0.00292	0.11505	0.00977	0.00675	0.30733
7	0.02638	0.06188	0.12429	0.02973	0.08833	0.02237	0.08937	0.09885	0.02776	0.08818	0.03449	0.19225	0.03307	0.01752	0.01170	0.00364	0.01180	0.01581	0.00815	0.01445
8	0.01328	0.00949	0.01265	0.01518	0.01581	0.00886	0.01012	0.01518	0.02088	0.02783	0.06010	0.60969	0.07212	0.03416	0.01392	0.00443	0.00633	0.03100	0.01012	0.00886
9	0.01543	0.01115	0.01457	0.01372	0.01629	0.01029	0.01029	0.02058	0.03086	0.04372	0.54304	0.08145	0.10288	0.02229	0.01286	0.00343	0.00514	0.01972	0.01200	0.01029
10	0.02289	0.02325	0.04395	0.36303	0.11892	0.02546	0.18253	0.03069	0.02337	0.03091	0.02035	0.02896	0.01546	0.01023	0.01151	0.00361	0.01559	0.01070	0.00512	0.01347
11	0.12029	0.48471	0.10065	0.01927	0.02891	0.03882	0.01983	0.03275	0.02174	0.02974	0.01559	0.01806	0.01367	0.00954	0.00729	0.00259	0.01165	0.00606	0.00495	0.01390
12	0.01906	0.01173	0.01510	0.01386	0.01698	0.01081	0.01054	0.02411	0.03004	0.09094	0.44243	0.07298	0.08783	0.02045	0.01212	0.00333	0.00552	0.01789	0.08325	0.01104
13	0.01324	0.00966	0.01248	0.01474	0.01570	0.00889	0.00993	0.01523	0.02130	0.02801	0.06548	0.55575	0.12259	0.03346	0.01381	0.00435	0.00624	0.03014	0.01012	0.00889
14	0.07644	0.01501	0.02141	0.01906	0.02168	0.01690	0.05833	0.02246	0.01843	0.02890	0.02756	0.04364	0.02643	0.17597	0.24445	0.01065	0.07925	0.01186	0.07160	0.00994
15	0.04892	0.01856	0.02530	0.01940	0.02783	0.01603	0.01603	0.05314	0.03121	0.55634	0.04302	0.03711	0.02699	0.01350	0.01096	0.00337	0.00928	0.01096	0.01350	0.01856
16	0.03101	0.01330	0.01582	0.01361	0.01836	0.01235	0.01076	0.03577	0.02598	0.23328	0.03835	0.03933	0.02759	0.01300	0.00887	0.00285	0.00665	0.01046	0.42937	0.01330
17	0.02814	0.02855	0.04532	0.11235	0.04854	0.08456	0.25117	0.11829	0.02981	0.03838	0.02585	0.08846	0.02217	0.01296	0.01203	0.00358	0.01558	0.01315	0.00688	0.01420
18	0.63753	0.02190	0.01747	0.01527	0.02218	0.02527	0.01258	0.07350	0.02138	0.05063	0.01613	0.01844	0.01239	0.01038	0.00711	0.00337	0.00874	0.00624	0.00711	0.01239
19	0.01396	0.01075	0.01241	0.01262	0.01508	0.00958	0.00901	0.01697	0.02495	0.03236	0.21547	0.18542	0.28650	0.08490	0.01723	0.00442	0.00605	0.02282	0.01031	0.00919
20	0.03441	0.29403	0.04284	0.06320	0.03417	0.19016	0.02060	0.13613	0.03072	0.03514	0.01825	0.02075	0.01500	0.01077	0.00890	0.00276	0.01421	0.00728	0.00626	0.01443
21	0.60368	0.02239	0.01833	0.01582	0.02285	0.02575	0.01304	0.09843	0.02308	0.05166	0.01670	0.01888	0.01274	0.01053	0.00732	0.00336	0.00893	0.00644	0.00732	0.01274
22	0.02832	0.02893	0.09586	0.25244	0.13414	0.08246	0.07578	0.03536	0.02507	0.10343	0.02284	0.02820	0.01675	0.01088	0.01091	0.00343	0.01466	0.00971	0.00625	0.01458
23	0.01950	0.01339	0.01767	0.01676	0.01829	0.01502	0.01241	0.02211	0.01985	0.06560	0.07034	0.12741	0.03988	0.18458	0.14547	0.00848	0.10819	0.01543	0.06971	0.00989
24	0.01548	0.01195	0.01430	0.01441	0.01707	0.01141	0.01052	0.02187	0.07886	0.03628	0.25895	0.22933	0.18672	0.02601	0.01298	0.00379	0.00592	0.02282	0.01096	0.01037
25	0.12182	0.02476	0.03798	0.13038	0.18160	0.02783	0.09254	0.08138	0.02488	0.03794	0.01926	0.02569	0.01555	0.01192	0.01501	0.00366	0.11775	0.00958	0.00598	0.01448
26	0.01687	0.01052	0.01449	0.01441	0.01517	0.01096	0.00987	0.01665	0.01709	0.02354	0.07450	0.05065	0.03460	0.20624	0.18520	0.25852	0.01464	0.01276	0.00622	0.00710
27	0.03200	0.12133	0.03801	0.02500	0.03323	0.06140	0.11081	0.13539	0.03207	0.11338	0.09843	0.03404	0.03011	0.01253	0.01061	0.00305	0.01194	0.01084	0.00864	0.07719
28	0.02648	0.02594	0.13495	0.01980	0.02963	0.01648	0.01896	0.03253	0.02415	0.13393	0.02828	0.08821	0.02371	0.01238	0.00973	0.00264	0.00981	0.01028	0.00780	0.34431

[dist]
# distance from previous block
# <min> <max>
4	23

[block]
# block no. 1 follows, 12 sequences, length 28
# corresponding to MSA columns:
# 450-477
name=unknown_B
#
# <colnr> <probs for GDERKNQSTAVLIFYWHMCP>
#	G	D	E	R	K	N	Q	S	T	A	V	L	I	F	Y	W	H	M	C	P
0	0.18909	0.02199	0.02435	0.05337	0.02981	0.02183	0.01597	0.13641	0.02934	0.14549	0.02439	0.02540	0.01763	0.01084	0.00909	0.00284	0.00962	0.00811	0.00873	0.21571
1	0.02525	0.07247	0.02415	0.01606	0.02426	0.01639	0.01314	0.02967	0.02473	0.10871	0.07581	0.03845	0.08495	0.01236	0.00933	0.00232	0.00804	0.01002	0.00817	0.39573
2	0.38390	0.02030	0.02328	0.01882	0.02611	0.02110	0.06141	0.03738	0.02397	0.19284	0.07016	0.03002	0.02462	0.01207	0.00909	0.00341	0.00936	0.00925	0.00903	0.01390
3	0.02668	0.09039	0.03984	0.31079	0.05698	0.02613	0.11493	0.03508	0.05836	0.09939	0.02419	0.02966	0.01775	0.01101	0.01084	0.00346	0.01383	0.01018	0.00651	0.01400
4	0.02810	0.02045	0.03054	0.30162	0.05122	0.02452	0.02472	0.03562	0.06456	0.14653	0.02565	0.03074	0.01880	0.01348	0.01603	0.00381	0.13226	0.01016	0.00727	0.01393
5	0.03016	0.06411	0.08773	0.02255	0.02885	0.09987	0.02019	0.07613	0.02899	0.13115	0.11309	0.04955	0.03839	0.01701	0.01393	0.00363	0.07111	0.08074	0.00895	0.01387
6	0.01946	0.01449	0.02453	0.02192	0.02548	0.01342	0.11303	0.02309	0.02292	0.08302	0.05056	0.43252	0.05614	0.02694	0.01340	0.00417	0.00910	0.02524	0.00952	0.01104
7	0.02271	0.01243	0.01587	0.01533	0.01887	0.01130	0.01180	0.02648	0.02614	0.14991	0.14383	0.20649	0.12902	0.02396	0.01242	0.00379	0.00696	0.07211	0.07902	0.01157
8	0.02701	0.02626	0.10933	0.16124	0.11486	0.02306	0.02534	0.12878	0.02908	0.08293	0.03050	0.13553	0.02736	0.01563	0.01137	0.00360	0.01206	0.01353	0.00784	0.01471
9	0.02606	0.02220	0.03329	0.22801	0.20986	0.02438	0.02624	0.11889	0.02909	0.04018	0.06633	0.03310	0.02456	0.01202	0.01080	0.00335	0.01210	0.01060	0.05429	0.01467
10	0.01428	0.01437	0.06609	0.01618	0.01881	0.01063	0.01289	0.01761	0.02240	0.03009	0.10511	0.45318	0.11724	0.03009	0.01337	0.00417	0.00709	0.02692	0.00975	0.00973
11	0.02885	0.01875	0.02122	0.01915	0.02463	0.02015	0.01524	0.04684	0.28187	0.13939	0.04398	0.04940	0.03445	0.01590	0.01087	0.00357	0.00824	0.06455	0.13762	0.01533
12	0.02187	0.05640	0.56031	0.03108	0.04719	0.02532	0.04029	0.03453	0.02302	0.03453	0.01957	0.02302	0.01381	0.01036	0.01036	0.00345	0.01611	0.00806	0.00460	0.01611
13	0.01725	0.01075	0.01433	0.01526	0.01710	0.00988	0.01074	0.02013	0.02418	0.08305	0.16951	0.43234	0.07479	0.02941	0.01339	0.00410	0.00634	0.02645	0.01088	0.01013
14	0.69383	0.02109	0.01603	0.01434	0.02109	0.02446	0.01181	0.03205	0.01856	0.04892	0.01518	0.01771	0.01181	0.01012	0.00675	0.00337	0.00843	0.00590	0.00675	0.01181
15	0.01859	0.00960	0.01394	0.01394	0.01394	0.00960	0.00914	0.01439	0.01439	0.01919	0.02070	0.03751	0.02130	0.10400	0.04408	0.60600	0.00960	0.01020	0.00495	0.00495
16	0.01629	0.01025	0.01372	0.01554	0.01683	0.00946	0.01062	0.01838	0.02175	0.07243	0.05865	0.56138	0.06831	0.03242	0.01367	0.00434	0.00658	0.02931	0.01041	0.00967
17	0.01532	0.01057	0.01308	0.01356	0.01404	0.01082	0.00858	0.01640	0.01711	0.02318	0.03825	0.16744	0.04345	0.40752	0.14406	0.01071	0.01324	0.01793	0.00713	0.00761
18	0.02223	0.02105	0.03567	0.45629	0.19659	0.02466	0.03110	0.02930	0.02258	0.02985	0.01967	0.02854	0.01524	0.01060	0.01087	0.00353	0.01413	0.00970	0.00499	0.01344
19	0.02401	0.02296	0.03845	0.28654	0.30452	0.02581	0.03132	0.03049	0.02287	0.03155	0.01952	0.02762	0.01586	0.01099	0.01289	0.00353	0.06163	0.00969	0.00511	0.01464
20	0.01507	0.01099	0.01416	0.01366	0.01614	0.01009	0.01013	0.01976	0.02957	0.04133	0.47042	0.12943	0.13105	0.02370	0.01295	0.00353	0.00527	0.02094	0.01171	0.01009
21	0.02446	0.03012	0.13907	0.24132	0.10808	0.02616	0.12759	0.06752	0.06153	0.03549	0.02234	0.02841	0.01671	0.01077	0.01120	0.00355	0.01485	0.01022	0.00587	0.01474
22	0.16162	0.02605	0.06700	0.07072	0.03666	0.02488	0.07560	0.16361	0.03210	0.19497	0.02745	0.02810	0.01881	0.01184	0.01033	0.00341	0.01177	0.00963	0.00932	0.01615
23	0.02863	0.01948	0.02518	0.02190	0.02527	0.02279	0.01755	0.06794	0.07562	0.14717	0.03453	0.14012	0.03113	0.01940	0.02004	0.00403	0.21554	0.01424	0.05577	0.01367
24	0.02587	0.01460	0.01813	0.01633	0.02072	0.01362	0.01248	0.07686	0.02930	0.17433	0.15536	0.21245	0.13908	0.02317	0.01246	0.00371	0.00731	0.02004	0.01146	0.01273
25	0.21353	0.08556	0.07448	0.02518	0.07512	0.02438	0.06008	0.06883	0.02647	0.15135	0.07116	0.03040	0.02502	0.01197	0.00967	0.00329	0.01075	0.00959	0.00833	0.01486
26	0.11966	0.23155	0.13419	0.02316	0.03330	0.02910	0.06881	0.03834	0.02449	0.16607	0.02370	0.02466	0.01723	0.01066	0.00915	0.00306	0.01208	0.00823	0.00725	0.01531
27	0.07561	0.06269	0.02804	0.02082	0.02740	0.02227	0.05815	0.16395	0.03142	0.08173	0.06341	0.13995	0.03382	0.01630	0.01069	0.00327	0.00973	0.01389	0.05475	0.08212

[dist]
# distance from previous block
# <min> <max>
0	37

[block]
# block no. 2 follows, 12 sequences, length 38
# corresponding to MSA columns:
# 515-552
name=unknown_C
#
# <colnr> <probs for GDERKNQSTAVLIFYWHMCP>
#	G	D	E	R	K	N	Q	S	T	A	V	L	I	F	Y	W	H	M	C	P
0	0.12022	0.12458	0.09756	0.02061	0.02830	0.02562	0.01909	0.07317	0.05885	0.07242	0.02540	0.07091	0.02191	0.01757	0.04619	0.00407	0.05762	0.00996	0.00725	0.09869
1	0.27359	0.10651	0.12768	0.01932	0.02711	0.02481	0.01866	0.03308	0.08603	0.03903	0.02741	0.12208	0.02548	0.01474	0.00926	0.00347	0.01002	0.01140	0.00719	0.01314
2	0.18549	0.07498	0.17722	0.02894	0.03934	0.09668	0.13672	0.07260	0.02576	0.03915	0.01901	0.02272	0.01438	0.01029	0.00985	0.00332	0.01467	0.00853	0.00595	0.01439
3	0.42589	0.02330	0.02187	0.01797	0.02550	0.02582	0.01483	0.16569	0.02923	0.12549	0.02208	0.02274	0.01577	0.01140	0.00847	0.00335	0.00952	0.00768	0.00883	0.01459
4	0.04021	0.02215	0.02649	0.02074	0.02830	0.02226	0.01696	0.23369	0.03928	0.27185	0.12101	0.04020	0.03644	0.01482	0.01126	0.00334	0.00968	0.01198	0.01219	0.01715
5	0.01789	0.01432	0.01639	0.01531	0.01907	0.01442	0.01164	0.02918	0.15921	0.04095	0.31421	0.07621	0.18579	0.02156	0.01241	0.00356	0.00614	0.01855	0.01134	0.01185
6	0.02156	0.02070	0.03291	0.42423	0.06134	0.02694	0.02838	0.02738	0.02029	0.02738	0.01788	0.02753	0.01447	0.01332	0.01827	0.00397	0.18693	0.00965	0.00482	0.01206
7	0.02640	0.03547	0.18088	0.08217	0.05299	0.02756	0.29248	0.09575	0.02804	0.03863	0.02176	0.02738	0.01597	0.01012	0.01184	0.00357	0.01670	0.01103	0.00593	0.01535
8	0.04892	0.01856	0.02530	0.01940	0.02783	0.01603	0.01603	0.05314	0.03121	0.55634	0.04302	0.03711	0.02699	0.01350	0.01096	0.00337	0.00928	0.01096	0.01350	0.01856
9	0.01510	0.01041	0.01290	0.01417	0.01473	0.01017	0.00932	0.01645	0.01892	0.02512	0.04703	0.28114	0.05482	0.32265	0.03469	0.00755	0.00890	0.07967	0.00837	0.00789
10	0.16106	0.01940	0.02962	0.16545	0.07995	0.02084	0.10233	0.02883	0.02371	0.03836	0.10992	0.03695	0.03121	0.01251	0.01028	0.00338	0.01101	0.01121	0.09164	0.01234
11	0.04737	0.02104	0.02684	0.02058	0.02907	0.01971	0.01700	0.14835	0.03537	0.45526	0.03953	0.03485	0.02524	0.01341	0.01095	0.00335	0.00984	0.01073	0.01296	0.01855
12	0.04670	0.01862	0.02588	0.06407	0.03153	0.01667	0.01714	0.05116	0.03047	0.51501	0.04117	0.03648	0.02602	0.01329	0.01096	0.00339	0.00969	0.01087	0.01282	0.01805
13	0.02010	0.01184	0.01546	0.01578	0.01863	0.01078	0.01185	0.02334	0.02502	0.12041	0.12787	0.31423	0.12953	0.02770	0.01328	0.00409	0.00703	0.08123	0.01093	0.01089
14	0.11553	0.02717	0.04112	0.12681	0.04693	0.06877	0.20003	0.09787	0.02856	0.10667	0.02357	0.02769	0.01702	0.01082	0.01102	0.00347	0.01457	0.01035	0.00729	0.01473
15	0.08492	0.06628	0.03145	0.19380	0.04315	0.09673	0.02221	0.09657	0.02778	0.13742	0.02340	0.02686	0.01714	0.01240	0.01274	0.00344	0.07282	0.00904	0.00753	0.01434
16	0.02187	0.05640	0.56031	0.03108	0.04719	0.02532	0.04029	0.03453	0.02302	0.03453	0.01957	0.02302	0.01381	0.01036	0.01036	0.00345	0.01611	0.00806	0.00460	0.01611
17	0.01467	0.00996	0.01278	0.01421	0.01553	0.00935	0.00984	0.01772	0.02344	0.03313	0.16872	0.41554	0.07365	0.02870	0.01288	0.00396	0.00590	0.02575	0.09491	0.00935
18	0.17660	0.02795	0.02914	0.02739	0.09515	0.08278	0.01964	0.21824	0.03529	0.14712	0.02536	0.02589	0.01810	0.01193	0.00993	0.00326	0.01166	0.00892	0.00929	0.01638
19	0.03237	0.31256	0.08150	0.02839	0.09829	0.12803	0.02280	0.11411	0.02886	0.03485	0.01826	0.02090	0.01516	0.01039	0.00884	0.00276	0.01355	0.00734	0.00595	0.01508
20	0.01648	0.01272	0.01753	0.01718	0.01821	0.01485	0.01267	0.01892	0.01731	0.02455	0.03186	0.10622	0.03356	0.21470	0.30577	0.01264	0.09486	0.01452	0.00635	0.00907
21	0.01562	0.01152	0.01670	0.01670	0.01836	0.01318	0.01260	0.01894	0.01728	0.02470	0.02996	0.04700	0.02907	0.16001	0.49784	0.01651	0.02648	0.01229	0.00595	0.00928
22	0.02329	0.02262	0.03986	0.35734	0.23379	0.02514	0.08041	0.03048	0.02323	0.03121	0.02004	0.02840	0.01567	0.01032	0.01107	0.00350	0.01439	0.01002	0.00510	0.01413
23	0.01416	0.01002	0.01319	0.01540	0.01619	0.00955	0.01064	0.01622	0.02078	0.02761	0.05654	0.47897	0.06680	0.10730	0.01932	0.00528	0.00734	0.08630	0.00967	0.00872
24	0.01470	0.01089	0.01392	0.01514	0.01727	0.01011	0.01151	0.01825	0.02500	0.03303	0.18448	0.27342	0.16998	0.02912	0.01372	0.00418	0.00674	0.12845	0.01055	0.00954
25	0.04892	0.01856	0.02530	0.01940	0.02783	0.01603	0.01603	0.05314	0.03121	0.55634	0.04302	0.03711	0.02699	0.01350	0.01096	0.00337	0.00928	0.01096	0.01350	0.01856
26	0.01561	0.01265	0.01867	0.01687	0.02009	0.01158	0.06101	0.02009	0.02724	0.03710	0.31588	0.18995	0.16252	0.02432	0.01309	0.00371	0.00681	0.02192	0.01063	0.01026
27	0.01328	0.00949	0.01265	0.01518	0.01581	0.00886	0.01012	0.01518	0.02088	0.02783	0.06010	0.60969	0.07212	0.03416	0.01392	0.00443	0.00633	0.03100	0.01012	0.00886
28	0.02310	0.11106	0.44607	0.03169	0.04646	0.02743	0.09735	0.03439	0.02327	0.03367	0.01943	0.02326	0.01418	0.01011	0.01033	0.00337	0.01594	0.00844	0.00473	0.01572
29	0.04746	0.02089	0.02675	0.02051	0.02900	0.01949	0.01694	0.14271	0.03512	0.46125	0.03973	0.03498	0.02534	0.01342	0.01095	0.00335	0.00981	0.01074	0.01299	0.01855
30	0.02462	0.02692	0.05646	0.04550	0.11609	0.02544	0.39683	0.03272	0.02512	0.03429	0.02576	0.08853	0.02233	0.01182	0.01271	0.00370	0.01645	0.01432	0.00597	0.01444
31	0.04461	0.01760	0.02392	0.01867	0.02635	0.01529	0.01529	0.04895	0.03116	0.49034	0.10739	0.04282	0.03676	0.01463	0.01121	0.00338	0.00875	0.01209	0.01330	0.01749
32	0.15185	0.02577	0.04368	0.06716	0.04423	0.02583	0.25256	0.09712	0.02826	0.12091	0.02437	0.02804	0.01741	0.01062	0.01110	0.00352	0.01415	0.01074	0.00760	0.01509
33	0.07856	0.02477	0.08856	0.06779	0.02867	0.08922	0.01833	0.02717	0.02493	0.03546	0.16598	0.08438	0.07575	0.01742	0.01348	0.00352	0.07018	0.01376	0.06047	0.01160
34	0.08228	0.02457	0.02665	0.02005	0.02908	0.08839	0.05585	0.03055	0.02360	0.03548	0.01892	0.02239	0.01554	0.00875	0.00859	0.00209	0.01047	0.00703	0.00630	0.48342
35	0.07816	0.01752	0.01660	0.01671	0.02021	0.08401	0.01269	0.02459	0.02443	0.07524	0.06195	0.23987	0.17631	0.02519	0.01242	0.00393	0.00876	0.08123	0.00953	0.01066
36	0.08329	0.09643	0.02573	0.01676	0.02483	0.01969	0.01386	0.03327	0.06687	0.10573	0.06300	0.03435	0.06009	0.01194	0.00910	0.00252	0.00841	0.00940	0.00818	0.30655
37	0.13590	0.09874	0.02790	0.01999	0.02710	0.02516	0.01682	0.10852	0.13366	0.16958	0.03495	0.04168	0.02764	0.01476	0.01034	0.00350	0.00980	0.06837	0.01002	0.01558

[dist]
# distance from previous block
# <min> <max>
2	50

[block]
# block no. 3 follows, 12 sequences, length 48
# corresponding to MSA columns:
# 603-650
name=unknown_D
#
# <colnr> <probs for GDERKNQSTAVLIFYWHMCP>
#	G	D	E	R	K	N	Q	S	T	A	V	L	I	F	Y	W	H	M	C	P
0	0.35052	0.02177	0.02109	0.01773	0.02501	0.02360	0.01437	0.07786	0.12785	0.12804	0.02671	0.02651	0.01946	0.01167	0.00873	0.00329	0.00886	0.00836	0.00899	0.06958
1	0.41972	0.12557	0.06195	0.01665	0.02431	0.02580	0.01523	0.03327	0.02162	0.08884	0.06125	0.02501	0.02115	0.01130	0.00792	0.00321	0.00933	0.00763	0.00727	0.01296
2	0.18300	0.17020	0.07699	0.02194	0.03107	0.02819	0.06067	0.09256	0.02737	0.17414	0.02454	0.02505	0.01758	0.01108	0.00918	0.00314	0.01129	0.00840	0.00818	0.01543
3	0.08807	0.09270	0.03784	0.02581	0.03475	0.02676	0.13064	0.11747	0.09923	0.08889	0.02590	0.02760	0.01938	0.01091	0.01010	0.00305	0.01174	0.00961	0.00808	0.13150
4	0.02127	0.01280	0.01852	0.01741	0.02054	0.01366	0.01366	0.02536	0.02138	0.11826	0.08984	0.04623	0.03579	0.06335	0.41374	0.01350	0.02307	0.01247	0.00785	0.01131
5	0.01353	0.00968	0.01287	0.01502	0.01587	0.00902	0.01014	0.01579	0.02201	0.02964	0.11486	0.54979	0.07560	0.03281	0.01380	0.00431	0.00619	0.02972	0.01033	0.00902
6	0.02712	0.02342	0.02465	0.02219	0.02835	0.02712	0.01726	0.05794	0.52909	0.04561	0.04438	0.04068	0.03328	0.01479	0.01109	0.00370	0.00863	0.01233	0.01109	0.01726
7	0.01325	0.00962	0.01252	0.01484	0.01573	0.00888	0.00997	0.01522	0.02120	0.02797	0.06423	0.56830	0.11084	0.03362	0.01383	0.00437	0.00626	0.03034	0.01012	0.00888
8	0.01985	0.01857	0.03061	0.53449	0.06925	0.02277	0.02815	0.02668	0.02210	0.02801	0.02820	0.03642	0.06583	0.01252	0.01109	0.00364	0.01366	0.01098	0.00536	0.01183
9	0.02059	0.01938	0.03270	0.59060	0.07510	0.02422	0.03028	0.02786	0.02180	0.02786	0.01938	0.02907	0.01453	0.01090	0.01090	0.00363	0.01453	0.00969	0.00484	0.01211
10	0.01328	0.00949	0.01265	0.01518	0.01581	0.00886	0.01012	0.01518	0.02088	0.02783	0.06010	0.60969	0.07212	0.03416	0.01392	0.00443	0.00633	0.03100	0.01012	0.00886
11	0.07936	0.02116	0.06976	0.07594	0.03117	0.01916	0.05923	0.09453	0.02635	0.08451	0.06632	0.14518	0.03670	0.11978	0.01900	0.00485	0.01087	0.01526	0.00841	0.01248
12	0.01914	0.01158	0.01485	0.01392	0.01688	0.01070	0.01047	0.02390	0.02893	0.09152	0.38303	0.11885	0.08268	0.02121	0.01206	0.00339	0.00564	0.01859	0.10172	0.01094
13	0.01894	0.00947	0.01420	0.01420	0.01420	0.00947	0.00947	0.01420	0.01420	0.01894	0.01894	0.03314	0.01894	0.03788	0.04261	0.68277	0.00947	0.00947	0.00473	0.00473
14	0.01328	0.00949	0.01265	0.01518	0.01581	0.00886	0.01012	0.01518	0.02088	0.02783	0.06010	0.60969	0.07212	0.03416	0.01392	0.00443	0.00633	0.03100	0.01012	0.00886
15	0.10369	0.09020	0.02982	0.02020	0.02865	0.02406	0.01705	0.15721	0.03376	0.33492	0.03335	0.03054	0.02214	0.01262	0.01012	0.00323	0.01011	0.00965	0.01127	0.01742
16	0.02311	0.15333	0.47429	0.02895	0.04391	0.02837	0.03659	0.03421	0.02287	0.03301	0.01881	0.02207	0.01384	0.01018	0.00978	0.00326	0.01535	0.00768	0.00461	0.01575
17	0.02261	0.01938	0.02261	0.01615	0.02584	0.01453	0.01292	0.02745	0.02261	0.03553	0.01938	0.02261	0.01615	0.00807	0.00807	0.00161	0.00807	0.00646	0.00646	0.68346
18	0.01897	0.01530	0.02003	0.02362	0.08050	0.01591	0.01581	0.02902	0.14669	0.03391	0.05134	0.31981	0.05475	0.02594	0.01307	0.00422	0.00829	0.10094	0.00981	0.01208
19	0.13664	0.02074	0.03277	0.29712	0.13945	0.02337	0.06936	0.02895	0.02203	0.03343	0.02304	0.08302	0.02029	0.01266	0.01064	0.00360	0.01278	0.01140	0.00584	0.01286
20	0.02005	0.01824	0.02829	0.42753	0.05979	0.02183	0.02559	0.02873	0.06774	0.03002	0.03507	0.04638	0.08023	0.01471	0.01148	0.00376	0.01262	0.04944	0.00643	0.01207
21	0.01511	0.01080	0.01475	0.01727	0.01871	0.01043	0.01330	0.01835	0.02268	0.02988	0.05909	0.40182	0.06812	0.03243	0.01441	0.00468	0.00791	0.22080	0.01009	0.00936
22	0.02059	0.01938	0.03270	0.59060	0.07510	0.02422	0.03028	0.02786	0.02180	0.02786	0.01938	0.02907	0.01453	0.01090	0.01090	0.00363	0.01453	0.00969	0.00484	0.01211
23	0.02433	0.01540	0.01963	0.01829	0.02174	0.01607	0.01391	0.03225	0.11118	0.14154	0.13211	0.24819	0.05591	0.02313	0.01477	0.00395	0.06430	0.01970	0.01078	0.01282
24	0.01328	0.00949	0.01265	0.01518	0.01581	0.00886	0.01012	0.01518	0.02088	0.02783	0.06010	0.60969	0.07212	0.03416	0.01392	0.00443	0.00633	0.03100	0.01012	0.00886
25	0.04892	0.01856	0.02530	0.01940	0.02783	0.01603	0.01603	0.05314	0.03121	0.55634	0.04302	0.03711	0.02699	0.01350	0.01096	0.00337	0.00928	0.01096	0.01350	0.01856
26	0.08220	0.02023	0.06628	0.02176	0.07124	0.01748	0.01666	0.03387	0.10322	0.12286	0.16112	0.05743	0.14633	0.01760	0.01136	0.00349	0.00835	0.01476	0.01004	0.01373
27	0.01502	0.01002	0.01270	0.01396	0.01540	0.00944	0.00974	0.01827	0.02370	0.03397	0.17580	0.38118	0.07220	0.02754	0.01258	0.00386	0.00582	0.02463	0.12475	0.00944
28	0.07092	0.01391	0.01749	0.01554	0.02004	0.01290	0.01201	0.03202	0.02757	0.21533	0.19863	0.14800	0.05741	0.01946	0.01141	0.00348	0.00696	0.01669	0.08730	0.01294
29	0.02665	0.46762	0.14563	0.02051	0.03051	0.03709	0.02191	0.03197	0.02305	0.02881	0.06077	0.02393	0.02150	0.01062	0.00811	0.00263	0.01192	0.00742	0.00528	0.01407
30	0.04589	0.01797	0.02455	0.01947	0.02733	0.01569	0.01618	0.05018	0.03062	0.50564	0.04444	0.04543	0.03045	0.01510	0.01136	0.00353	0.00935	0.05593	0.01316	0.01773
31	0.07910	0.01986	0.02281	0.01930	0.02565	0.02072	0.01536	0.08263	0.20597	0.19909	0.14250	0.04521	0.04299	0.01548	0.01110	0.00349	0.00836	0.01279	0.01167	0.01594
32	0.02445	0.03306	0.25191	0.06851	0.03674	0.02069	0.02668	0.03220	0.02292	0.10947	0.02850	0.08238	0.02357	0.02033	0.06298	0.00483	0.06172	0.01133	0.06366	0.01408
33	0.34017	0.16328	0.02716	0.01688	0.02236	0.02734	0.01424	0.02863	0.01922	0.03658	0.02093	0.07987	0.02063	0.06076	0.01461	0.00395	0.07590	0.00951	0.00634	0.01165
34	0.02005	0.01628	0.01962	0.02162	0.06268	0.05728	0.01450	0.02314	0.02395	0.06343	0.13097	0.33805	0.06042	0.02572	0.01493	0.00400	0.06065	0.02231	0.00943	0.01095
35	0.07070	0.02782	0.12056	0.32280	0.09884	0.02564	0.07371	0.07005	0.02478	0.03502	0.02001	0.02693	0.01495	0.01069	0.01069	0.00353	0.01438	0.00946	0.00554	0.01390
36	0.69383	0.02109	0.01603	0.01434	0.02109	0.02446	0.01181	0.03205	0.01856	0.04892	0.01518	0.01771	0.01181	0.01012	0.00675	0.00337	0.00843	0.00590	0.00675	0.01181
37	0.69383	0.02109	0.01603	0.01434	0.02109	0.02446	0.01181	0.03205	0.01856	0.04892	0.01518	0.01771	0.01181	0.01012	0.00675	0.00337	0.00843	0.00590	0.00675	0.01181
38	0.04199	0.02276	0.03638	0.02701	0.03616	0.02107	0.14588	0.10045	0.03205	0.36431	0.03561	0.03385	0.02329	0.01232	0.01146	0.00344	0.01197	0.01133	0.01111	0.01754
39	0.01634	0.01051	0.01371	0.01503	0.01674	0.00960	0.01045	0.01879	0.02294	0.07248	0.10484	0.47231	0.11328	0.03087	0.01349	0.00419	0.00639	0.02768	0.01056	0.00980
40	0.02436	0.01274	0.01620	0.01542	0.01930	0.01120	0.01149	0.02721	0.02516	0.19405	0.06794	0.29771	0.18180	0.02596	0.01272	0.00390	0.00704	0.02262	0.01118	0.01199
41	0.23358	0.08287	0.02789	0.05467	0.03032	0.07208	0.01717	0.12402	0.02955	0.19129	0.02545	0.02557	0.01789	0.01167	0.00923	0.00322	0.01095	0.00836	0.00899	0.01522
42	0.04039	0.02164	0.08423	0.01980	0.02815	0.01614	0.01784	0.04572	0.03022	0.41354	0.12193	0.04275	0.03788	0.01457	0.01121	0.00339	0.00938	0.01206	0.01224	0.01693
43	0.01406	0.01039	0.01322	0.01453	0.01629	0.00955	0.01045	0.01712	0.02422	0.03218	0.18043	0.36109	0.15940	0.02996	0.01359	0.00412	0.00622	0.06328	0.01055	0.00934
44	0.01956	0.02077	0.07353	0.02333	0.02577	0.02284	0.02027	0.02363	0.01768	0.02653	0.02219	0.03321	0.02070	0.04943	0.30063	0.01099	0.26194	0.01047	0.00529	0.01122
45	0.03515	0.03313	0.18512	0.09256	0.08590	0.06602	0.02672	0.04228	0.02715	0.25370	0.02932	0.02974	0.01979	0.01176	0.01067	0.00337	0.01305	0.00953	0.00854	0.01651
46	0.02103	0.01586	0.02196	0.02025	0.02165	0.01924	0.01573	0.02359	0.01884	0.07389	0.03145	0.13679	0.03224	0.11856	0.17646	0.00878	0.21118	0.01477	0.00702	0.01070
47	0.03905	0.02663	0.02946	0.02310	0.03104	0.02879	0.01890	0.36652	0.09034	0.13269	0.07257	0.03356	0.02798	0.01406	0.01109	0.00334	0.01075	0.01102	0.01138	0.01775

[dist]
# distance from previous block
# <min> <max>
0	1

[block]
# block no. 4 follows, 12 sequences, length 35
# corresponding to MSA columns:
# 652-686
name=unknown_E
#
# <colnr> <probs for GDERKNQSTAVLIFYWHMCP>
#	G	D	E	R	K	N	Q	S	T	A	V	L	I	F	Y	W	H	M	C	P
0	0.02669	0.11794	0.04188	0.15878	0.25741	0.02654	0.06272	0.03259	0.02407	0.07158	0.02386	0.06511	0.02047	0.01175	0.01059	0.00330	0.01276	0.01082	0.00610	0.01504
1	0.02437	0.02379	0.03201	0.02761	0.02858	0.03240	0.02281	0.03127	0.09796	0.02931	0.01908	0.02652	0.01732	0.01840	0.03187	0.00460	0.50356	0.00998	0.00577	0.01277
2	0.69383	0.02109	0.01603	0.01434	0.02109	0.02446	0.01181	0.03205	0.01856	0.04892	0.01518	0.01771	0.01181	0.01012	0.00675	0.00337	0.00843	0.00590	0.00675	0.01181
3	0.02841	0.56563	0.10838	0.01992	0.02994	0.04133	0.02086	0.03284	0.02224	0.02656	0.01561	0.01805	0.01397	0.00943	0.00734	0.00245	0.01211	0.00606	0.00466	0.01421
4	0.02147	0.01807	0.02134	0.01576	0.02433	0.01386	0.01250	0.02636	0.02392	0.03683	0.10243	0.03194	0.02991	0.01033	0.00883	0.00190	0.00761	0.00856	0.00734	0.57670
5	0.02833	0.01682	0.02001	0.01730	0.02169	0.01693	0.01295	0.10648	0.07998	0.15886	0.11901	0.10139	0.04563	0.17782	0.02341	0.00541	0.00907	0.01535	0.01048	0.01308
6	0.02371	0.01709	0.02138	0.01890	0.02252	0.01873	0.01484	0.06638	0.10529	0.09406	0.25682	0.09831	0.06190	0.01998	0.01597	0.00374	0.10054	0.01623	0.01064	0.01295
7	0.02646	0.11405	0.03037	0.23632	0.04329	0.02413	0.02058	0.03601	0.10192	0.09866	0.02844	0.03211	0.02132	0.01190	0.00973	0.00321	0.01081	0.00973	0.12730	0.01367
8	0.20976	0.02342	0.02602	0.07072	0.07586	0.05858	0.01840	0.07864	0.06857	0.22199	0.02898	0.02883	0.02018	0.01200	0.00978	0.00337	0.01065	0.00920	0.00941	0.01566
9	0.02080	0.01913	0.01870	0.01798	0.02162	0.08497	0.01351	0.03102	0.15110	0.03472	0.13605	0.14371	0.12888	0.03016	0.09178	0.00561	0.01149	0.01741	0.00951	0.01185
10	0.02352	0.01375	0.01722	0.01523	0.01958	0.01270	0.01180	0.03003	0.06798	0.15793	0.32294	0.07200	0.15037	0.02057	0.01230	0.00348	0.00641	0.01769	0.01197	0.01252
11	0.07456	0.02837	0.12395	0.20341	0.04895	0.02461	0.06602	0.11378	0.02882	0.14455	0.02525	0.02846	0.01757	0.01150	0.01071	0.00348	0.01325	0.00970	0.00772	0.01535
12	0.02173	0.02020	0.03244	0.42793	0.12601	0.02280	0.02774	0.02849	0.02232	0.03013	0.01952	0.02772	0.01515	0.01027	0.01041	0.00324	0.01324	0.00915	0.00519	0.12632
13	0.01777	0.01109	0.01408	0.01411	0.01659	0.01018	0.01027	0.02154	0.02620	0.07931	0.25106	0.25462	0.11443	0.02504	0.01253	0.00369	0.00591	0.02211	0.07909	0.01039
14	0.01328	0.00949	0.01265	0.01518	0.01581	0.00886	0.01012	0.01518	0.02088	0.02783	0.06010	0.60969	0.07212	0.03416	0.01392	0.00443	0.00633	0.03100	0.01012	0.00886
15	0.03320	0.03007	0.12663	0.12371	0.04628	0.02543	0.12290	0.14882	0.03181	0.16127	0.02696	0.02929	0.01861	0.01157	0.01122	0.00347	0.01378	0.01038	0.00833	0.01629
16	0.03408	0.02930	0.13023	0.03668	0.12226	0.02254	0.16718	0.04154	0.02721	0.23294	0.02935	0.03087	0.02016	0.01111	0.01139	0.00345	0.01368	0.01083	0.00837	0.01681
17	0.03792	0.01977	0.02431	0.01964	0.02664	0.01945	0.01586	0.11894	0.11322	0.30193	0.13599	0.04444	0.04115	0.01532	0.01134	0.00342	0.00881	0.01267	0.01243	0.01677
18	0.03354	0.01404	0.01716	0.01443	0.01969	0.01287	0.01150	0.03822	0.02672	0.27891	0.03901	0.03902	0.02751	0.01307	0.00917	0.00293	0.00702	0.01053	0.37062	0.01404
19	0.02235	0.01931	0.06086	0.02646	0.10685	0.01719	0.01898	0.03186	0.10475	0.07827	0.17567	0.11047	0.05622	0.02006	0.01244	0.00382	0.00904	0.10217	0.00988	0.01336
20	0.02261	0.01938	0.02261	0.01615	0.02584	0.01453	0.01292	0.02745	0.02261	0.03553	0.01938	0.02261	0.01615	0.00807	0.00807	0.00161	0.00807	0.00646	0.00646	0.68346
21	0.01728	0.01134	0.01583	0.01653	0.01834	0.01171	0.01224	0.02023	0.02018	0.06420	0.04420	0.26001	0.04753	0.09887	0.24193	0.01016	0.01636	0.05491	0.00835	0.00981
22	0.01494	0.01051	0.01365	0.01448	0.01521	0.01083	0.00964	0.01660	0.01795	0.02445	0.04142	0.24030	0.04697	0.28232	0.18069	0.01042	0.01417	0.01970	0.00755	0.00818
23	0.25787	0.09121	0.15472	0.06894	0.12154	0.02614	0.02450	0.03426	0.02224	0.07862	0.01956	0.02281	0.01479	0.01034	0.00893	0.00328	0.01183	0.00771	0.00619	0.01451
24	0.02604	0.01672	0.02688	0.02371	0.02914	0.01570	0.09977	0.03143	0.02663	0.15633	0.05163	0.08574	0.07760	0.02250	0.01358	0.00432	0.01098	0.25841	0.01010	0.01278
25	0.01516	0.01230	0.01370	0.01377	0.01731	0.01135	0.01078	0.02090	0.06676	0.03334	0.15940	0.09917	0.36247	0.02620	0.01308	0.00386	0.00644	0.09342	0.01046	0.01015
26	0.02681	0.02323	0.03899	0.28358	0.13644	0.02585	0.10423	0.07368	0.02585	0.07738	0.02215	0.02882	0.01665	0.01145	0.01304	0.00361	0.05723	0.01030	0.00627	0.01442
27	0.02988	0.02836	0.11279	0.22544	0.04755	0.06549	0.02519	0.10579	0.02866	0.11938	0.02559	0.02940	0.01830	0.01176	0.01041	0.00334	0.01301	0.00949	0.07561	0.01456
28	0.01894	0.00947	0.01420	0.01420	0.01420	0.00947	0.00947	0.01420	0.01420	0.01894	0.01894	0.03314	0.01894	0.03788	0.04261	0.68277	0.00947	0.00947	0.00473	0.00473
29	0.01780	0.01273	0.01524	0.01462	0.01754	0.01273	0.01093	0.02659	0.10587	0.04191	0.33602	0.12245	0.07707	0.02082	0.01186	0.00343	0.00580	0.01821	0.11719	0.01120
30	0.02002	0.01171	0.01554	0.01525	0.01774	0.01097	0.01102	0.02323	0.02478	0.11560	0.19895	0.26055	0.06757	0.09025	0.06004	0.00558	0.00861	0.02138	0.01054	0.01067
31	0.02947	0.03591	0.19251	0.11705	0.04411	0.07268	0.05911	0.14781	0.03082	0.07751	0.02584	0.07118	0.02069	0.01315	0.01101	0.00347	0.01410	0.01094	0.00735	0.01528
32	0.69383	0.02109	0.01603	0.01434	0.02109	0.02446	0.01181	0.03205	0.01856	0.04892	0.01518	0.01771	0.01181	0.01012	0.00675	0.00337	0.00843	0.00590	0.00675	0.01181
33	0.02732	0.13120	0.23445	0.08609	0.04433	0.02825	0.09669	0.06608	0.06923	0.07873	0.02368	0.02654	0.01736	0.01089	0.01038	0.00333	0.01411	0.00926	0.00644	0.01562
34	0.01809	0.01321	0.01614	0.01686	0.01917	0.01316	0.01231	0.09472	0.02636	0.03486	0.05835	0.43663	0.09882	0.02997	0.01346	0.00424	0.00749	0.06540	0.01024	0.01052

[dist]
# distance from previous block
# <min> <max>
0	11

[block]
# block no. 5 follows, 12 sequences, length 14
# corresponding to MSA columns:
# 698-711
name=unknown_F
#
# <colnr> <probs for GDERKNQSTAVLIFYWHMCP>
#	G	D	E	R	K	N	Q	S	T	A	V	L	I	F	Y	W	H	M	C	P
0	0.09797	0.27031	0.14637	0.02211	0.03172	0.07827	0.02219	0.03894	0.09805	0.06695	0.02230	0.02350	0.01742	0.01085	0.00875	0.00298	0.01231	0.00768	0.00646	0.01486
1	0.03253	0.35540	0.04385	0.02039	0.02890	0.03585	0.01842	0.11052	0.12880	0.08905	0.02542	0.02537	0.01982	0.01139	0.00879	0.00285	0.01087	0.00823	0.00775	0.01577
2	0.02523	0.02442	0.07754	0.01995	0.02906	0.01948	0.01771	0.10216	0.07640	0.04101	0.02678	0.03526	0.02273	0.01196	0.00973	0.00260	0.00971	0.05591	0.00775	0.38461
3	0.02598	0.02142	0.02448	0.07682	0.03000	0.07333	0.01743	0.07229	0.02533	0.08500	0.03529	0.08177	0.07705	0.02565	0.09362	0.00538	0.09760	0.01238	0.00766	0.11150
4	0.32021	0.07289	0.02557	0.18183	0.03797	0.05622	0.01838	0.05635	0.02255	0.04003	0.01865	0.02330	0.01451	0.01070	0.00843	0.00326	0.01103	0.00759	0.05820	0.01235
5	0.02294	0.14002	0.48610	0.02925	0.04436	0.02795	0.03710	0.03425	0.02289	0.03322	0.01892	0.02220	0.01384	0.01021	0.00986	0.00329	0.01546	0.00773	0.00461	0.01580
6	0.01583	0.01067	0.01240	0.01240	0.01258	0.01085	0.00725	0.01619	0.01601	0.02152	0.03389	0.06876	0.03851	0.56812	0.10264	0.01120	0.01227	0.01548	0.00654	0.00689
7	0.01535	0.01036	0.01204	0.01254	0.01267	0.01023	0.00730	0.01572	0.01685	0.02246	0.03943	0.17754	0.04605	0.50188	0.04729	0.00936	0.00973	0.01884	0.00730	0.00705
8	0.01469	0.01112	0.01355	0.01294	0.01583	0.00997	0.00970	0.01914	0.02911	0.03957	0.41700	0.08829	0.23151	0.02384	0.01287	0.00350	0.00525	0.02068	0.01146	0.00997
9	0.02716	0.02001	0.02704	0.07355	0.03234	0.02092	0.06698	0.07636	0.17888	0.11781	0.14567	0.05029	0.08278	0.01610	0.01173	0.00355	0.00956	0.01411	0.01040	0.01475
10	0.02789	0.02134	0.03356	0.14619	0.13159	0.02150	0.08064	0.08024	0.02872	0.11541	0.11234	0.03792	0.03252	0.01277	0.01122	0.00329	0.01156	0.01170	0.00824	0.07136
11	0.02865	0.19405	0.14421	0.02598	0.03462	0.08755	0.06248	0.10329	0.02788	0.03620	0.06289	0.02721	0.02239	0.01254	0.01296	0.00323	0.08389	0.00916	0.00637	0.01444
12	0.03104	0.08564	0.03329	0.02308	0.03063	0.06675	0.06496	0.03545	0.02443	0.14699	0.02336	0.02592	0.01788	0.01161	0.01388	0.00290	0.10988	0.00858	0.00738	0.23635
13	0.03022	0.01870	0.02570	0.12434	0.03450	0.01992	0.01872	0.07053	0.02614	0.19561	0.03453	0.14456	0.03018	0.01743	0.01495	0.00368	0.09643	0.01400	0.00917	0.07069

[dist]
# distance from previous block
# <min> <max>
0	49

[block]
# block no. 6 follows, 12 sequences, length 62
# corresponding to MSA columns:
# 761-822
name=unknown_G
#
# <colnr> <probs for GDERKNQSTAVLIFYWHMCP>
#	G	D	E	R	K	N	Q	S	T	A	V	L	I	F	Y	W	H	M	C	P
0	0.02503	0.12845	0.03031	0.01861	0.02640	0.01982	0.05406	0.02983	0.02554	0.09452	0.13099	0.04084	0.06827	0.01309	0.00986	0.00261	0.00897	0.01107	0.00819	0.25354
1	0.07877	0.13421	0.03545	0.02219	0.03124	0.02776	0.05734	0.18509	0.03272	0.11926	0.02405	0.02509	0.01779	0.01088	0.00948	0.00280	0.01100	0.00853	0.00847	0.15787
2	0.02593	0.10775	0.10098	0.02320	0.03244	0.02465	0.05990	0.09453	0.02646	0.03762	0.02227	0.03007	0.01902	0.01163	0.01148	0.00280	0.05353	0.04036	0.00663	0.26875
3	0.10564	0.02527	0.09648	0.02859	0.10035	0.02136	0.06061	0.09799	0.02862	0.13625	0.07340	0.11433	0.03291	0.01544	0.01110	0.00353	0.01090	0.01340	0.00890	0.01493
4	0.03233	0.36242	0.04279	0.01886	0.02705	0.03269	0.01729	0.08970	0.02832	0.13012	0.09258	0.03069	0.02886	0.01227	0.00896	0.00278	0.01039	0.00910	0.00798	0.01485
5	0.02146	0.01872	0.02186	0.02055	0.02392	0.07334	0.05223	0.08769	0.02757	0.03547	0.08758	0.34068	0.05624	0.02566	0.01301	0.00401	0.00964	0.05960	0.00954	0.01123
6	0.01894	0.00947	0.01420	0.01420	0.01420	0.00947	0.00947	0.01420	0.01420	0.01894	0.01894	0.03314	0.01894	0.03788	0.04261	0.68277	0.00947	0.00947	0.00473	0.00473
7	0.02145	0.02026	0.03426	0.52010	0.13887	0.02445	0.03071	0.02861	0.02221	0.02890	0.01953	0.02879	0.01490	0.01074	0.01089	0.00358	0.01432	0.00969	0.00492	0.01281
8	0.15300	0.02796	0.03535	0.10762	0.09896	0.07306	0.09121	0.16909	0.03092	0.04501	0.02054	0.02490	0.01572	0.01152	0.01182	0.00345	0.04860	0.00926	0.00713	0.01487
9	0.37203	0.02364	0.02570	0.09727	0.10201	0.02672	0.01908	0.13925	0.02714	0.04887	0.01890	0.02231	0.01440	0.01083	0.00875	0.00337	0.01062	0.00778	0.00725	0.01409
10	0.01648	0.01281	0.01843	0.01793	0.01941	0.01529	0.01376	0.01969	0.01721	0.02485	0.02833	0.04468	0.02757	0.14722	0.44737	0.01525	0.08631	0.01202	0.00583	0.00954
11	0.15943	0.01971	0.05859	0.12219	0.03252	0.01883	0.01751	0.03211	0.06478	0.11332	0.10022	0.10484	0.03746	0.05626	0.01365	0.00406	0.00969	0.01342	0.00868	0.01271
12	0.01405	0.01049	0.01257	0.01320	0.01509	0.00954	0.00917	0.01674	0.02380	0.03133	0.19049	0.26318	0.20921	0.10797	0.01897	0.00480	0.00638	0.02390	0.01011	0.00901
13	0.02990	0.41338	0.10837	0.02248	0.03122	0.13155	0.02195	0.03424	0.02333	0.02689	0.01589	0.01899	0.01401	0.01054	0.01011	0.00273	0.05917	0.00658	0.00483	0.01384
14	0.02607	0.11653	0.31333	0.02711	0.04011	0.02508	0.06921	0.03515	0.02393	0.08839	0.02164	0.02426	0.01582	0.01010	0.00984	0.00303	0.01373	0.00822	0.00592	0.12255
15	0.03709	0.13862	0.11343	0.02346	0.03293	0.06737	0.02192	0.17882	0.06872	0.16997	0.02792	0.02736	0.01978	0.01209	0.01008	0.00315	0.01220	0.00910	0.00912	0.01686
16	0.02171	0.01706	0.02423	0.19510	0.04015	0.01898	0.02188	0.09014	0.02761	0.03603	0.04176	0.08126	0.04206	0.02195	0.01323	0.00436	0.01168	0.27040	0.00857	0.01182
17	0.01883	0.01687	0.02844	0.13390	0.14421	0.01724	0.07115	0.02344	0.02239	0.03024	0.04029	0.31945	0.04417	0.02212	0.01260	0.00395	0.01049	0.02070	0.00768	0.01185
18	0.02261	0.01938	0.02261	0.01615	0.02584	0.01453	0.01292	0.02745	0.02261	0.03553	0.01938	0.02261	0.01615	0.00807	0.00807	0.00161	0.00807	0.00646	0.00646	0.68346
19	0.02899	0.02490	0.02585	0.06675	0.03119	0.07913	0.01665	0.17049	0.03095	0.04181	0.02313	0.03045	0.01966	0.09207	0.01571	0.00360	0.01132	0.00904	0.00757	0.27075
20	0.01586	0.01057	0.01189	0.01189	0.01189	0.01057	0.00661	0.01586	0.01586	0.02114	0.03436	0.07135	0.03964	0.61681	0.05550	0.01057	0.01057	0.01586	0.00661	0.00661
21	0.01390	0.01110	0.01254	0.01285	0.01594	0.00974	0.00980	0.01729	0.02571	0.03240	0.18405	0.14356	0.37024	0.02739	0.01319	0.00383	0.00599	0.07054	0.01048	0.00947
22	0.12939	0.02994	0.07221	0.02349	0.03205	0.03048	0.02040	0.31636	0.13759	0.05859	0.02763	0.02755	0.02008	0.01278	0.01031	0.00338	0.01117	0.00961	0.00984	0.01714
23	0.03114	0.13785	0.11621	0.09548	0.03943	0.02792	0.05767	0.09995	0.02766	0.13209	0.02367	0.02627	0.01740	0.01165	0.01209	0.00322	0.06033	0.00897	0.00734	0.06366
24	0.08849	0.03058	0.13824	0.03514	0.14767	0.02440	0.07664	0.10662	0.02945	0.17627	0.02669	0.02822	0.01877	0.01128	0.01065	0.00338	0.01268	0.00975	0.00825	0.01684
25	0.01900	0.01654	0.02573	0.02316	0.02716	0.01662	0.10984	0.02851	0.12483	0.03335	0.04923	0.32591	0.05236	0.02492	0.01327	0.00420	0.00957	0.07456	0.00941	0.01183
26	0.13155	0.01949	0.02377	0.01877	0.02640	0.01860	0.01539	0.09945	0.03176	0.37823	0.08984	0.03790	0.03194	0.01392	0.01059	0.00337	0.00904	0.01107	0.01213	0.01678
27	0.03531	0.02678	0.03547	0.11613	0.07417	0.09798	0.09110	0.07859	0.02852	0.19639	0.02680	0.02938	0.01910	0.01255	0.01390	0.00352	0.08049	0.01017	0.00825	0.01539
28	0.02556	0.21366	0.11250	0.15832	0.14335	0.03097	0.02689	0.03540	0.09111	0.03199	0.02169	0.02582	0.01734	0.01063	0.00962	0.00314	0.01275	0.00863	0.00571	0.01494
29	0.01517	0.01255	0.01351	0.01336	0.01689	0.01171	0.00996	0.02192	0.09305	0.03326	0.15091	0.15107	0.36525	0.02596	0.01276	0.00374	0.00598	0.02207	0.01049	0.01039
30	0.01386	0.00982	0.01292	0.01518	0.01588	0.00930	0.01028	0.01577	0.02065	0.02747	0.05723	0.51891	0.06805	0.09506	0.01836	0.00511	0.00703	0.06068	0.00975	0.00870
31	0.02265	0.02100	0.03279	0.41610	0.13031	0.02498	0.02833	0.03412	0.11503	0.03215	0.02411	0.03091	0.01833	0.01145	0.01092	0.00359	0.01324	0.01018	0.00606	0.01375
32	0.10753	0.01606	0.01906	0.01658	0.02199	0.01567	0.01301	0.03823	0.07948	0.23858	0.10499	0.11864	0.04180	0.01705	0.01069	0.00345	0.00762	0.01424	0.10119	0.01416
33	0.69383	0.02109	0.01603	0.01434	0.02109	0.02446	0.01181	0.03205	0.01856	0.04892	0.01518	0.01771	0.01181	0.01012	0.00675	0.00337	0.00843	0.00590	0.00675	0.01181
34	0.02994	0.02492	0.04171	0.06053	0.47866	0.02458	0.03112	0.03611	0.02569	0.10572	0.02354	0.02835	0.01858	0.01022	0.01082	0.00326	0.01246	0.00988	0.00649	0.01744
35	0.04137	0.02487	0.02851	0.02249	0.03062	0.02615	0.01837	0.26032	0.13603	0.23908	0.03572	0.03289	0.02441	0.01356	0.01096	0.00339	0.01037	0.01071	0.01187	0.01830
36	0.01293	0.01087	0.01123	0.01152	0.01485	0.00916	0.00849	0.01559	0.02440	0.02927	0.10469	0.16272	0.49031	0.02836	0.01300	0.00377	0.00561	0.02393	0.01012	0.00916
37	0.03637	0.03038	0.02741	0.02350	0.02853	0.21077	0.01863	0.03952	0.02713	0.19512	0.03531	0.03590	0.07892	0.01559	0.01635	0.00353	0.14397	0.01067	0.00845	0.01397
38	0.01579	0.01082	0.01315	0.01315	0.01359	0.01126	0.00818	0.01667	0.01623	0.02208	0.03320	0.06497	0.03687	0.49703	0.17149	0.01213	0.01474	0.01492	0.00644	0.00731
39	0.01328	0.00949	0.01265	0.01518	0.01581	0.00886	0.01012	0.01518	0.02088	0.02783	0.06010	0.60969	0.07212	0.03416	0.01392	0.00443	0.00633	0.03100	0.01012	0.00886
40	0.02429	0.02442	0.03847	0.35556	0.20631	0.06454	0.06966	0.03117	0.02365	0.03058	0.01974	0.02782	0.01545	0.01045	0.01095	0.00346	0.01477	0.00976	0.00511	0.01384
41	0.02337	0.03723	0.23202	0.17644	0.04909	0.09669	0.06361	0.03164	0.02397	0.03111	0.02539	0.07512	0.02245	0.01388	0.01125	0.00363	0.01513	0.04880	0.00571	0.01348
