[name]
unknown

[dist]
# distance from previous block
# <min> <max>
5	146

[block]
# block no. 0 follows, 14 sequences, length 22
# corresponding to MSA columns:
# 180-201
name=unknown_A
#
# <colnr> <probs for GDERKNQSTAVLIFYWHMCP>
#	G	D	E	R	K	N	Q	S	T	A	V	L	I	F	Y	W	H	M	C	P
0	0.01655	0.01497	0.01446	0.01369	0.01679	0.07850	0.01027	0.02042	0.02724	0.03496	0.35548	0.07691	0.23902	0.02136	0.01178	0.00324	0.00656	0.01815	0.01002	0.00962
1	0.51012	0.02125	0.01863	0.01551	0.02252	0.02350	0.01274	0.12122	0.02343	0.04790	0.01661	0.01864	0.01273	0.00980	0.00720	0.00296	0.00850	0.00628	0.00702	0.09344
2	0.01744	0.01545	0.01797	0.01766	0.01990	0.08161	0.01365	0.02099	0.01797	0.02397	0.02612	0.03775	0.02419	0.06916	0.52942	0.01487	0.02643	0.01048	0.00547	0.00948
3	0.03901	0.02874	0.03080	0.02361	0.03182	0.03182	0.01951	0.54111	0.04825	0.06468	0.02464	0.02464	0.01745	0.01232	0.01027	0.00308	0.01129	0.00924	0.01027	0.01745
4	0.02549	0.02206	0.02912	0.11492	0.16632	0.02453	0.02207	0.09877	0.25136	0.03986	0.03199	0.03805	0.02572	0.01318	0.01062	0.00342	0.01036	0.04876	0.00821	0.01518
5	0.03114	0.09830	0.02987	0.06922	0.03186	0.06718	0.01841	0.17740	0.24273	0.08159	0.03023	0.02963	0.02244	0.01228	0.00984	0.00314	0.01050	0.00963	0.00902	0.01560
6	0.71184	0.01985	0.01508	0.01350	0.01985	0.02302	0.01111	0.03017	0.01746	0.04604	0.01429	0.01667	0.01111	0.00953	0.00635	0.00318	0.00794	0.00556	0.00635	0.01111
7	0.01250	0.00893	0.01191	0.01429	0.01488	0.00834	0.00953	0.01429	0.01965	0.02620	0.05656	0.63265	0.06787	0.03215	0.01310	0.00417	0.00595	0.02917	0.00953	0.00834
8	0.01452	0.01049	0.01372	0.01291	0.01533	0.00968	0.00968	0.01937	0.02905	0.04115	0.56992	0.07666	0.09683	0.02098	0.01210	0.00323	0.00484	0.01856	0.01130	0.00968
9	0.04604	0.01746	0.02382	0.01826	0.02620	0.01508	0.01508	0.05001	0.02937	0.58244	0.04049	0.03493	0.02540	0.01270	0.01032	0.00318	0.00873	0.01032	0.01270	0.01746
10	0.02397	0.02518	0.04959	0.13010	0.24403	0.02495	0.28440	0.03145	0.02340	0.03218	0.01988	0.02681	0.01555	0.00905	0.01115	0.00331	0.01495	0.01062	0.00506	0.01437
11	0.01654	0.01181	0.01654	0.01890	0.02126	0.01181	0.01654	0.02126	0.02362	0.03071	0.05433	0.11576	0.05906	0.02835	0.01417	0.00472	0.00945	0.50626	0.00945	0.00945
12	0.02093	0.01982	0.03357	0.47301	0.20027	0.02321	0.02927	0.02757	0.02125	0.02810	0.01851	0.02686	0.01434	0.00997	0.01023	0.00332	0.01330	0.00913	0.00469	0.01265
13	0.02653	0.10223	0.35898	0.02551	0.03739	0.06369	0.02925	0.03765	0.07909	0.10901	0.02336	0.02453	0.01668	0.01056	0.00956	0.00312	0.01335	0.00811	0.00621	0.01518
14	0.03149	0.07537	0.09294	0.03142	0.07923	0.13998	0.14442	0.12896	0.06155	0.08137	0.02257	0.02501	0.01683	0.01049	0.01021	0.00307	0.01417	0.00920	0.00690	0.01482
15	0.54208	0.06445	0.02014	0.01619	0.02249	0.13253	0.01316	0.03224	0.01987	0.04073	0.01458	0.01700	0.01164	0.00968	0.00691	0.00301	0.01012	0.00575	0.00603	0.01139
16	0.02773	0.03161	0.02274	0.02117	0.02415	0.32371	0.01548	0.02971	0.02299	0.02384	0.02373	0.08219	0.02430	0.16686	0.06288	0.00562	0.06454	0.01093	0.00581	0.01001
17	0.02613	0.01996	0.06570	0.01863	0.02434	0.01792	0.01586	0.13287	0.09497	0.13186	0.11826	0.14483	0.07982	0.01869	0.01133	0.00348	0.00848	0.04328	0.01014	0.01348
18	0.01754	0.01144	0.01685	0.01621	0.01676	0.01326	0.01199	0.01644	0.01463	0.02058	0.02008	0.03267	0.01953	0.04541	0.20493	0.39974	0.10084	0.00954	0.00477	0.00681
19	0.01991	0.01872	0.03351	0.07450	0.16087	0.01824	0.15181	0.02617	0.02588	0.03619	0.26077	0.04857	0.05119	0.01428	0.01152	0.00326	0.01039	0.01403	0.00779	0.01242
20	0.02374	0.14751	0.22728	0.03599	0.09647	0.02777	0.23290	0.03223	0.02270	0.03123	0.01869	0.02348	0.01437	0.00908	0.01016	0.00312	0.01497	0.00916	0.00476	0.01438
21	0.47077	0.13154	0.02357	0.01507	0.02214	0.02476	0.01297	0.03380	0.02019	0.13753	0.01894	0.01988	0.01402	0.00996	0.00710	0.00300	0.00862	0.00639	0.00713	0.01261

[dist]
# distance from previous block
# <min> <max>
0	5

[block]
# block no. 1 follows, 14 sequences, length 59
# corresponding to MSA columns:
# 207-265
name=unknown_B
#
# <colnr> <probs for GDERKNQSTAVLIFYWHMCP>
#	G	D	E	R	K	N	Q	S	T	A	V	L	I	F	Y	W	H	M	C	P
0	0.01447	0.01028	0.01310	0.01266	0.01449	0.00965	0.00899	0.01816	0.02565	0.03598	0.43043	0.11095	0.08320	0.14374	0.02009	0.00462	0.00592	0.01853	0.01018	0.00891
1	0.02341	0.02208	0.03677	0.05450	0.48258	0.02187	0.02774	0.02912	0.02386	0.03372	0.07320	0.03564	0.06744	0.01150	0.01048	0.00310	0.01100	0.01095	0.00597	0.01509
2	0.01250	0.00893	0.01191	0.01429	0.01488	0.00834	0.00953	0.01429	0.01965	0.02620	0.05656	0.63265	0.06787	0.03215	0.01310	0.00417	0.00595	0.02917	0.00953	0.00834
3	0.04604	0.01746	0.02382	0.01826	0.02620	0.01508	0.01508	0.05001	0.02937	0.58244	0.04049	0.03493	0.02540	0.01270	0.01032	0.00318	0.00873	0.01032	0.01270	0.01746
4	0.02418	0.20656	0.24631	0.03797	0.22741	0.02866	0.03002	0.03165	0.02204	0.03056	0.01758	0.02155	0.01420	0.00927	0.00902	0.00289	0.01296	0.00756	0.00461	0.01500
5	0.04544	0.01843	0.02441	0.01872	0.02668	0.01651	0.01546	0.09192	0.03098	0.53826	0.03913	0.03405	0.02472	0.01267	0.01032	0.00317	0.00895	0.01023	0.01249	0.01746
6	0.01466	0.01100	0.01649	0.01649	0.01833	0.01283	0.01283	0.01833	0.01649	0.02382	0.02749	0.04032	0.02566	0.07697	0.59868	0.01649	0.02749	0.01100	0.00550	0.00916
7	0.71184	0.01985	0.01508	0.01350	0.01985	0.02302	0.01111	0.03017	0.01746	0.04604	0.01429	0.01667	0.01111	0.00953	0.00635	0.00318	0.00794	0.00556	0.00635	0.01111
8	0.01483	0.01032	0.01307	0.01307	0.01372	0.01097	0.00856	0.01613	0.01548	0.02129	0.03062	0.05765	0.03318	0.44022	0.24572	0.01227	0.01616	0.01353	0.00596	0.00726
9	0.01913	0.00956	0.00956	0.00956	0.01196	0.00956	0.00717	0.02391	0.02152	0.03826	0.03348	0.03826	0.02630	0.01196	0.00717	0.00239	0.00478	0.00956	0.69632	0.00956
10	0.01783	0.00891	0.01337	0.01337	0.01337	0.00891	0.00891	0.01337	0.01337	0.01783	0.01783	0.03119	0.01783	0.03565	0.04011	0.70143	0.00891	0.00891	0.00446	0.00446
11	0.71184	0.01985	0.01508	0.01350	0.01985	0.02302	0.01111	0.03017	0.01746	0.04604	0.01429	0.01667	0.01111	0.00953	0.00635	0.00318	0.00794	0.00556	0.00635	0.01111
12	0.01452	0.01049	0.01372	0.01291	0.01533	0.00968	0.00968	0.01937	0.02905	0.04115	0.56992	0.07666	0.09683	0.02098	0.01210	0.00323	0.00484	0.01856	0.01130	0.00968
13	0.02058	0.05308	0.58618	0.02925	0.04442	0.02383	0.03792	0.03250	0.02167	0.03250	0.01842	0.02167	0.01300	0.00975	0.00975	0.00325	0.01517	0.00758	0.00433	0.01517
14	0.01938	0.01824	0.03078	0.61468	0.07068	0.02280	0.02850	0.02622	0.02052	0.02622	0.01824	0.02736	0.01368	0.01026	0.01026	0.00342	0.01368	0.00912	0.00456	0.01140
15	0.04604	0.01746	0.02382	0.01826	0.02620	0.01508	0.01508	0.05001	0.02937	0.58244	0.04049	0.03493	0.02540	0.01270	0.01032	0.00318	0.00873	0.01032	0.01270	0.01746
16	0.01452	0.01049	0.01372	0.01291	0.01533	0.00968	0.00968	0.01937	0.02905	0.04115	0.56992	0.07666	0.09683	0.02098	0.01210	0.00323	0.00484	0.01856	0.01130	0.00968
17	0.02285	0.02500	0.05210	0.20548	0.05847	0.02506	0.39340	0.03098	0.02317	0.03098	0.02005	0.02759	0.01503	0.00911	0.01159	0.00345	0.01627	0.01126	0.00501	0.01315
18	0.01654	0.01181	0.01654	0.01890	0.02126	0.01181	0.01654	0.02126	0.02362	0.03071	0.05433	0.11576	0.05906	0.02835	0.01417	0.00472	0.00945	0.50626	0.00945	0.00945
19	0.04375	0.01679	0.02260	0.01752	0.02498	0.01461	0.01441	0.04778	0.02870	0.53600	0.03989	0.03521	0.02548	0.01264	0.01005	0.00311	0.00840	0.01026	0.07104	0.01679
20	0.01466	0.01100	0.01649	0.01649	0.01833	0.01283	0.01283	0.01833	0.01649	0.02382	0.02749	0.04032	0.02566	0.07697	0.59868	0.01649	0.02749	0.01100	0.00550	0.00916
21	0.02058	0.05308	0.58618	0.02925	0.04442	0.02383	0.03792	0.03250	0.02167	0.03250	0.01842	0.02167	0.01300	0.00975	0.00975	0.00325	0.01517	0.00758	0.00433	0.01517
22	0.04604	0.01746	0.02382	0.01826	0.02620	0.01508	0.01508	0.05001	0.02937	0.58244	0.04049	0.03493	0.02540	0.01270	0.01032	0.00318	0.00873	0.01032	0.01270	0.01746
23	0.01981	0.01868	0.03156	0.57523	0.10677	0.02291	0.02871	0.02660	0.02072	0.02674	0.01832	0.02722	0.01386	0.01018	0.01025	0.00339	0.01357	0.00912	0.00460	0.01175
24	0.02350	0.02307	0.04007	0.08753	0.29791	0.02401	0.13190	0.03150	0.06811	0.03241	0.02389	0.07417	0.02102	0.01203	0.01270	0.00340	0.06107	0.01151	0.00582	0.01440
25	0.03251	0.02186	0.04032	0.12737	0.04502	0.02090	0.23587	0.03891	0.02576	0.26075	0.02856	0.03065	0.01935	0.01060	0.01106	0.00333	0.01313	0.01087	0.00822	0.01495
26	0.01642	0.01307	0.01781	0.01685	0.01764	0.01578	0.01255	0.01848	0.01577	0.02262	0.02621	0.04599	0.02717	0.26312	0.28497	0.01162	0.14788	0.01195	0.00554	0.00856
27	0.02128	0.01824	0.02128	0.01520	0.02432	0.01368	0.01216	0.02584	0.02128	0.03344	0.01824	0.02128	0.01520	0.00760	0.00760	0.00152	0.00760	0.00608	0.00608	0.70208
28	0.11803	0.39283	0.11129	0.01940	0.02816	0.07401	0.01931	0.03363	0.06682	0.02977	0.01725	0.01915	0.01443	0.00957	0.00747	0.00260	0.01138	0.00636	0.00522	0.01332
29	0.03196	0.02520	0.08210	0.08822	0.22435	0.02272	0.06131	0.10467	0.02804	0.18976	0.02585	0.02796	0.01842	0.01067	0.01033	0.00317	0.01185	0.00956	0.00780	0.01607
30	0.02463	0.02709	0.08184	0.17815	0.38388	0.06503	0.03052	0.03110	0.02302	0.03125	0.01875	0.02504	0.01522	0.00954	0.01008	0.00312	0.01321	0.00883	0.00492	0.01480
31	0.01300	0.00930	0.01244	0.01458	0.01546	0.00874	0.01014	0.01528	0.02072	0.02775	0.09635	0.54524	0.06938	0.03096	0.01311	0.00414	0.00617	0.06906	0.00966	0.00854
32	0.01924	0.01508	0.02083	0.01886	0.01886	0.01902	0.01428	0.01867	0.01473	0.02128	0.01901	0.03503	0.02007	0.15674	0.03987	0.24800	0.27754	0.01023	0.00485	0.00780
33	0.01281	0.01042	0.01134	0.01111	0.01428	0.00895	0.00833	0.01604	0.02500	0.03153	0.23612	0.09249	0.43663	0.02457	0.01212	0.00340	0.00510	0.02078	0.01003	0.00895
34	0.02553	0.02204	0.02320	0.02088	0.02669	0.02553	0.01624	0.05453	0.55679	0.04293	0.04177	0.03829	0.03133	0.01392	0.01044	0.00348	0.00812	0.01160	0.01044	0.01624
35	0.03833	0.04891	0.02908	0.02644	0.03173	0.59815	0.01983	0.04098	0.02908	0.02512	0.01586	0.01851	0.01322	0.01058	0.00925	0.00264	0.01851	0.00661	0.00529	0.01190
36	0.02058	0.05308	0.58618	0.02925	0.04442	0.02383	0.03792	0.03250	0.02167	0.03250	0.01842	0.02167	0.01300	0.00975	0.00975	0.00325	0.01517	0.00758	0.00433	0.01517
37	0.01213	0.01040	0.01040	0.01040	0.01386	0.00866	0.00780	0.01473	0.02339	0.02772	0.10396	0.09876	0.57117	0.02599	0.01213	0.00347	0.00520	0.02166	0.00953	0.00866
38	0.01213	0.01040	0.01040	0.01040	0.01386	0.00866	0.00780	0.01473	0.02339	0.02772	0.10396	0.09876	0.57117	0.02599	0.01213	0.00347	0.00520	0.02166	0.00953	0.00866
39	0.02245	0.02245	0.03143	0.02694	0.02694	0.03143	0.02245	0.02470	0.01572	0.02470	0.01347	0.02245	0.01347	0.01796	0.03368	0.00449	0.62057	0.00898	0.00449	0.01123
40	0.03833	0.04891	0.02908	0.02644	0.03173	0.59815	0.01983	0.04098	0.02908	0.02512	0.01586	0.01851	0.01322	0.01058	0.00925	0.00264	0.01851	0.00661	0.00529	0.01190
41	0.02128	0.01824	0.02128	0.01520	0.02432	0.01368	0.01216	0.02584	0.02128	0.03344	0.01824	0.02128	0.01520	0.00760	0.00760	0.00152	0.00760	0.00608	0.00608	0.70208
42	0.06940	0.03041	0.18289	0.02234	0.03106	0.02375	0.02192	0.11656	0.21266	0.08115	0.07598	0.03322	0.02797	0.01274	0.01010	0.00329	0.01035	0.01024	0.00866	0.01532
43	0.01452	0.01049	0.01372	0.01291	0.01533	0.00968	0.00968	0.01937	0.02905	0.04115	0.56992	0.07666	0.09683	0.02098	0.01210	0.00323	0.00484	0.01856	0.01130	0.00968
44	0.03833	0.04891	0.02908	0.02644	0.03173	0.59815	0.01983	0.04098	0.02908	0.02512	0.01586	0.01851	0.01322	0.01058	0.00925	0.00264	0.01851	0.00661	0.00529	0.01190
45	0.02502	0.16158	0.12907	0.03468	0.11105	0.02780	0.20032	0.07077	0.02483	0.03333	0.02200	0.03137	0.01862	0.01087	0.01035	0.00318	0.01382	0.05157	0.00564	0.01412
46	0.01938	0.01824	0.03078	0.61468	0.07068	0.02280	0.02850	0.02622	0.02052	0.02622	0.01824	0.02736	0.01368	0.01026	0.01026	0.00342	0.01368	0.00912	0.00456	0.01140
47	0.01250	0.00893	0.01191	0.01429	0.01488	0.00834	0.00953	0.01429	0.01965	0.02620	0.05656	0.63265	0.06787	0.03215	0.01310	0.00417	0.00595	0.02917	0.00953	0.00834
48	0.17988	0.02337	0.03182	0.12658	0.26131	0.02541	0.02398	0.13802	0.02688	0.04179	0.01916	0.02359	0.01498	0.01007	0.00935	0.00314	0.01128	0.00836	0.00638	0.01464
49	0.08064	0.12658	0.46868	0.02639	0.03998	0.02592	0.03300	0.03207	0.02120	0.03258	0.01753	0.02057	0.01286	0.00961	0.00905	0.00311	0.01401	0.00714	0.00451	0.01456
50	0.01625	0.01161	0.01621	0.01857	0.02081	0.01157	0.01604	0.02077	0.02334	0.03039	0.05449	0.15217	0.05968	0.02862	0.01410	0.00469	0.00920	0.47265	0.00945	0.00937
51	0.37974	0.19622	0.06771	0.01758	0.02506	0.11138	0.01601	0.03205	0.02037	0.03611	0.01480	0.01723	0.01211	0.00949	0.00707	0.00284	0.01080	0.00583	0.00552	0.01207
52	0.01384	0.01046	0.01277	0.01220	0.01491	0.00939	0.00915	0.01805	0.02744	0.03734	0.43764	0.08293	0.23149	0.02240	0.01211	0.00330	0.00494	0.01944	0.01080	0.00939
53	0.02991	0.04241	0.15284	0.02951	0.03675	0.30058	0.09770	0.03532	0.02460	0.02772	0.01671	0.02114	0.01355	0.01135	0.01381	0.00319	0.11722	0.00799	0.00494	0.01276
54	0.01393	0.01011	0.01091	0.01091	0.01214	0.00949	0.00678	0.01485	0.01792	0.02267	0.05770	0.07835	0.22634	0.42217	0.03803	0.00765	0.00827	0.01731	0.00739	0.00708
55	0.01263	0.01042	0.01109	0.01092	0.01417	0.00888	0.00819	0.01569	0.02457	0.03052	0.20093	0.09416	0.47245	0.02495	0.01212	0.00342	0.00512	0.02101	0.00990	0.00888
56	0.02258	0.08834	0.45477	0.02615	0.03920	0.02311	0.03224	0.03265	0.02286	0.07654	0.06710	0.02707	0.02118	0.01088	0.00977	0.00317	0.01347	0.00859	0.00560	0.01474
57	0.02620	0.17093	0.30497	0.02391	0.03521	0.02658	0.02697	0.03805	0.11102	0.10419	0.02427	0.02503	0.01769	0.01062	0.00926	0.00305	0.01226	0.00815	0.00645	0.01521
58	0.07341	0.08198	0.14918	0.07560	0.11879	0.02557	0.02393	0.09911	0.13162	0.03913	0.06203	0.02944	0.02353	0.01154	0.00971	0.00316	0.01110	0.00940	0.00706	0.01470

[dist]
# distance from previous block
# <min> <max>
1	3

[block]
# block no. 2 follows, 14 sequences, length 102
# corresponding to MSA columns:
# 269-370
name=unknown_C
#
# <colnr> <probs for GDERKNQSTAVLIFYWHMCP>
#	G	D	E	R	K	N	Q	S	T	A	V	L	I	F	Y	W	H	M	C	P
0	0.28211	0.19383	0.07156	0.02632	0.11251	0.06420	0.05755	0.03155	0.02080	0.03502	0.01591	0.01923	0.01305	0.00928	0.00784	0.00288	0.01125	0.00678	0.00534	0.01298
1	0.39459	0.06043	0.02605	0.01953	0.02612	0.02315	0.10063	0.06666	0.02221	0.04197	0.06433	0.06877	0.02355	0.01211	0.00858	0.00323	0.00956	0.00970	0.00695	0.01186
2	0.02540	0.02438	0.04165	0.06299	0.57533	0.02438	0.03149	0.03149	0.02337	0.03353	0.01930	0.02540	0.01626	0.00914	0.01016	0.00305	0.01219	0.00914	0.00508	0.01626
3	0.02832	0.59709	0.05177	0.01828	0.02678	0.08587	0.01774	0.03156	0.02152	0.02422	0.01440	0.01663	0.01317	0.00893	0.00680	0.00223	0.01159	0.00558	0.00446	0.01307
4	0.01485	0.01025	0.01270	0.01270	0.01322	0.01077	0.00810	0.01589	0.01537	0.02102	0.03095	0.05951	0.03399	0.47916	0.20788	0.01181	0.01494	0.01380	0.00601	0.00706
5	0.03751	0.03072	0.07588	0.02407	0.03285	0.03118	0.02100	0.49983	0.04609	0.06206	0.02413	0.02440	0.01709	0.01211	0.01022	0.00309	0.01161	0.00910	0.00978	0.01727
6	0.36610	0.02222	0.06491	0.06486	0.06961	0.02131	0.05180	0.03063	0.02039	0.07412	0.02048	0.02764	0.01670	0.01087	0.00846	0.00318	0.00996	0.04186	0.00650	0.06838
7	0.01394	0.01039	0.01221	0.01176	0.01456	0.00930	0.00882	0.01795	0.02646	0.03599	0.36206	0.08231	0.26775	0.02224	0.01179	0.00326	0.00497	0.01911	0.05583	0.00930
8	0.26656	0.02308	0.03557	0.03774	0.21704	0.02360	0.14376	0.03270	0.02194	0.07767	0.01944	0.02358	0.01496	0.00942	0.00930	0.00320	0.01167	0.00868	0.00610	0.01397
9	0.18863	0.03093	0.13093	0.05952	0.03263	0.09891	0.02072	0.11032	0.06632	0.13151	0.02343	0.02434	0.01671	0.01101	0.00916	0.00314	0.01170	0.00808	0.00764	0.01436
10	0.65288	0.02268	0.06379	0.01484	0.02194	0.02309	0.01340	0.03036	0.01782	0.04489	0.01464	0.01710	0.01127	0.00955	0.00664	0.00318	0.00855	0.00573	0.00618	0.01146
11	0.02426	0.37134	0.30017	0.02297	0.03470	0.03284	0.02698	0.03155	0.02123	0.02801	0.01619	0.01887	0.01309	0.00923	0.00805	0.00268	0.01291	0.00646	0.00436	0.01409
12	0.01452	0.01049	0.01372	0.01291	0.01533	0.00968	0.00968	0.01937	0.02905	0.04115	0.56992	0.07666	0.09683	0.02098	0.01210	0.00323	0.00484	0.01856	0.01130	0.00968
13	0.01452	0.01049	0.01372	0.01291	0.01533	0.00968	0.00968	0.01937	0.02905	0.04115	0.56992	0.07666	0.09683	0.02098	0.01210	0.00323	0.00484	0.01856	0.01130	0.00968
14	0.01236	0.01027	0.01081	0.01097	0.01408	0.00872	0.00811	0.01506	0.02350	0.02867	0.13731	0.14733	0.48518	0.02616	0.01222	0.00351	0.00524	0.02212	0.00967	0.00872
15	0.01319	0.00922	0.01170	0.01341	0.01383	0.00879	0.00858	0.01447	0.01830	0.02440	0.04966	0.47157	0.05917	0.20511	0.02425	0.00581	0.00709	0.02511	0.00858	0.00773
16	0.02128	0.01824	0.02128	0.01520	0.02432	0.01368	0.01216	0.02584	0.02128	0.03344	0.01824	0.02128	0.01520	0.00760	0.00760	0.00152	0.00760	0.00608	0.00608	0.70208
17	0.04604	0.01746	0.02382	0.01826	0.02620	0.01508	0.01508	0.05001	0.02937	0.58244	0.04049	0.03493	0.02540	0.01270	0.01032	0.00318	0.00873	0.01032	0.01270	0.01746
18	0.01492	0.00995	0.01119	0.01119	0.01119	0.00995	0.00622	0.01492	0.01492	0.01990	0.03233	0.06716	0.03731	0.63935	0.05223	0.00995	0.00995	0.01492	0.00622	0.00622
19	0.71184	0.01985	0.01508	0.01350	0.01985	0.02302	0.01111	0.03017	0.01746	0.04604	0.01429	0.01667	0.01111	0.00953	0.00635	0.00318	0.00794	0.00556	0.00635	0.01111
20	0.04604	0.01746	0.02382	0.01826	0.02620	0.01508	0.01508	0.05001	0.02937	0.58244	0.04049	0.03493	0.02540	0.01270	0.01032	0.00318	0.00873	0.01032	0.01270	0.01746
21	0.03568	0.02602	0.02813	0.02245	0.02995	0.02881	0.01825	0.36680	0.19173	0.09614	0.03067	0.02927	0.02198	0.01280	0.01032	0.00320	0.01020	0.00999	0.01049	0.01711
22	0.01461	0.01035	0.01342	0.01275	0.01504	0.00953	0.00946	0.01848	0.02725	0.03807	0.48500	0.07457	0.12860	0.02264	0.01449	0.06280	0.00522	0.01799	0.01057	0.00915
23	0.07402	0.08341	0.04549	0.03446	0.07441	0.02887	0.24228	0.02961	0.02048	0.03028	0.01711	0.02390	0.01436	0.01191	0.01834	0.00364	0.21986	0.00975	0.00495	0.01286
24	0.02058	0.05308	0.58618	0.02925	0.04442	0.02383	0.03792	0.03250	0.02167	0.03250	0.01842	0.02167	0.01300	0.00975	0.00975	0.00325	0.01517	0.00758	0.00433	0.01517
25	0.01539	0.01099	0.01522	0.01759	0.01945	0.01082	0.01454	0.01928	0.02249	0.02943	0.05497	0.26299	0.06157	0.02943	0.01387	0.00457	0.00845	0.37037	0.00947	0.00913
26	0.02639	0.02389	0.03716	0.13975	0.38266	0.02527	0.02828	0.10404	0.06355	0.03744	0.02145	0.02649	0.01707	0.01010	0.01021	0.00314	0.01201	0.00932	0.00610	0.01567
27	0.01798	0.19283	0.06682	0.01633	0.02040	0.01913	0.01409	0.02097	0.01988	0.02567	0.03849	0.29702	0.04368	0.10042	0.01605	0.00432	0.00887	0.05975	0.00726	0.01004
28	0.01319	0.00922	0.01170	0.01341	0.01383	0.00879	0.00858	0.01447	0.01830	0.02440	0.04966	0.47157	0.05917	0.20511	0.02425	0.00581	0.00709	0.02511	0.00858	0.00773
29	0.03335	0.02505	0.03034	0.11221	0.11300	0.09628	0.02183	0.11203	0.02776	0.18419	0.02431	0.02680	0.01771	0.01240	0.01405	0.00333	0.11376	0.00913	0.00779	0.01469
30	0.02562	0.37474	0.25561	0.02269	0.03365	0.07545	0.02551	0.03216	0.02177	0.02741	0.01597	0.01860	0.01311	0.00928	0.00799	0.00263	0.01314	0.00637	0.00443	0.01384
31	0.02282	0.02175	0.03700	0.29908	0.35937	0.02371	0.03021	0.02924	0.02215	0.03040	0.01885	0.02624	0.01515	0.00962	0.01020	0.00321	0.01283	0.00913	0.00486	0.01418
32	0.62727	0.02189	0.01763	0.01745	0.05621	0.05770	0.01295	0.03090	0.01854	0.04398	0.01471	0.01734	0.01157	0.00956	0.00677	0.00314	0.00885	0.00585	0.00621	0.01149
33	0.02353	0.01248	0.01660	0.01444	0.01844	0.01123	0.01123	0.02812	0.02914	0.19578	0.41868	0.06474	0.07643	0.01861	0.01159	0.00321	0.00595	0.01621	0.01170	0.01191
34	0.02875	0.03432	0.09974	0.03583	0.04536	0.13680	0.31543	0.10854	0.02842	0.03598	0.02016	0.02490	0.01515	0.00966	0.01107	0.00323	0.01646	0.01021	0.00587	0.01412
35	0.01342	0.01066	0.01229	0.01319	0.01607	0.00953	0.01045	0.01655	0.02310	0.02843	0.08535	0.15397	0.37782	0.02724	0.01280	0.00389	0.00648	0.16040	0.00951	0.00886
36	0.01452	0.01049	0.01372	0.01291	0.01533	0.00968	0.00968	0.01937	0.02905	0.04115	0.56992	0.07666	0.09683	0.02098	0.01210	0.00323	0.00484	0.01856	0.01130	0.00968
37	0.02744	0.64552	0.05378	0.01756	0.02634	0.04061	0.01756	0.03073	0.02085	0.02414	0.01427	0.01646	0.01317	0.00878	0.00658	0.00219	0.01097	0.00549	0.00439	0.01317
38	0.02553	0.02204	0.02320	0.02088	0.02669	0.02553	0.01624	0.05453	0.55679	0.04293	0.04177	0.03829	0.03133	0.01392	0.01044	0.00348	0.00812	0.01160	0.01044	0.01624
39	0.02553	0.02204	0.02320	0.02088	0.02669	0.02553	0.01624	0.05453	0.55679	0.04293	0.04177	0.03829	0.03133	0.01392	0.01044	0.00348	0.00812	0.01160	0.01044	0.01624
40	0.01913	0.00956	0.00956	0.00956	0.01196	0.00956	0.00717	0.02391	0.02152	0.03826	0.03348	0.03826	0.02630	0.01196	0.00717	0.00239	0.00478	0.00956	0.69632	0.00956
41	0.02128	0.01824	0.02128	0.01520	0.02432	0.01368	0.01216	0.02584	0.02128	0.03344	0.01824	0.02128	0.01520	0.00760	0.00760	0.00152	0.00760	0.00608	0.00608	0.70208
42	0.01783	0.00891	0.01337	0.01337	0.01337	0.00891	0.00891	0.01337	0.01337	0.01783	0.01783	0.03119	0.01783	0.03565	0.04011	0.70143	0.00891	0.00891	0.00446	0.00446
43	0.01452	0.01049	0.01372	0.01291	0.01533	0.00968	0.00968	0.01937	0.02905	0.04115	0.56992	0.07666	0.09683	0.02098	0.01210	0.00323	0.00484	0.01856	0.01130	0.00968
44	0.04161	0.02457	0.02821	0.02163	0.02974	0.02563	0.01787	0.35934	0.04126	0.25632	0.03050	0.02845	0.02039	0.01246	0.01029	0.00312	0.01034	0.00964	0.01117	0.01746
45	0.02540	0.02438	0.04165	0.06299	0.57533	0.02438	0.03149	0.03149	0.02337	0.03353	0.01930	0.02540	0.01626	0.00914	0.01016	0.00305	0.01219	0.00914	0.00508	0.01626
46	0.01452	0.01049	0.01372	0.01291	0.01533	0.00968	0.00968	0.01937	0.02905	0.04115	0.56992	0.07666	0.09683	0.02098	0.01210	0.00323	0.00484	0.01856	0.01130	0.00968
47	0.01783	0.00891	0.01337	0.01337	0.01337	0.00891	0.00891	0.01337	0.01337	0.01783	0.01783	0.03119	0.01783	0.03565	0.04011	0.70143	0.00891	0.00891	0.00446	0.00446
48	0.03839	0.04719	0.02923	0.02620	0.03173	0.54985	0.01980	0.08364	0.03072	0.02849	0.01661	0.01903	0.01358	0.01072	0.00934	0.00268	0.01789	0.00683	0.00571	0.01237
49	0.04456	0.01984	0.02528	0.01938	0.02738	0.01861	0.01601	0.15334	0.03334	0.47351	0.03715	0.03276	0.02373	0.01262	0.01031	0.00316	0.00927	0.01009	0.01219	0.01746
50	0.01452	0.01049	0.01372	0.01291	0.01533	0.00968	0.00968	0.01937	0.02905	0.04115	0.56992	0.07666	0.09683	0.02098	0.01210	0.00323	0.00484	0.01856	0.01130	0.00968
51	0.02744	0.64552	0.05378	0.01756	0.02634	0.04061	0.01756	0.03073	0.02085	0.02414	0.01427	0.01646	0.01317	0.00878	0.00658	0.00219	0.01097	0.00549	0.00439	0.01317
52	0.03303	0.03157	0.02550	0.02263	0.02852	0.23987	0.01744	0.04884	0.28909	0.10671	0.03184	0.03040	0.02373	0.01250	0.00998	0.00313	0.01211	0.00955	0.00880	0.01477
53	0.02312	0.02442	0.04240	0.03309	0.03700	0.02937	0.21668	0.02778	0.01892	0.02778	0.01622	0.02442	0.01426	0.01445	0.02555	0.00410	0.39332	0.01016	0.00475	0.01221
54	0.03445	0.02097	0.02627	0.02536	0.09629	0.02167	0.01793	0.08107	0.24897	0.25553	0.03732	0.03446	0.02620	0.01273	0.01035	0.00328	0.00908	0.01063	0.01064	0.01680
55	0.01983	0.01870	0.03159	0.57361	0.10825	0.02292	0.02872	0.02661	0.02073	0.02676	0.01832	0.02721	0.01387	0.01018	0.01025	0.00339	0.01357	0.00912	0.00460	0.01176
56	0.02439	0.02335	0.03982	0.15587	0.49037	0.02412	0.03099	0.03061	0.02289	0.03230	0.01912	0.02573	0.01582	0.00933	0.01018	0.00311	0.01244	0.00914	0.00499	0.01544
57	0.22595	0.07363	0.18654	0.02639	0.03626	0.06849	0.13696	0.07006	0.02348	0.03782	0.01774	0.02120	0.01338	0.00963	0.00908	0.00315	0.01323	0.00791	0.00562	0.01349
58	0.01804	0.01477	0.01942	0.01773	0.01815	0.01841	0.01331	0.01974	0.01593	0.02361	0.02465	0.04450	0.02592	0.28187	0.11641	0.00822	0.24197	0.01175	0.05685	0.00876
59	0.02553	0.02204	0.02320	0.02088	0.02669	0.02553	0.01624	0.05453	0.55679	0.04293	0.04177	0.03829	0.03133	0.01392	0.01044	0.00348	0.00812	0.01160	0.01044	0.01624
60	0.03901	0.02874	0.03080	0.02361	0.03182	0.03182	0.01951	0.54111	0.04825	0.06468	0.02464	0.02464	0.01745	0.01232	0.01027	0.00308	0.01129	0.00924	0.01027	0.01745
61	0.01286	0.01042	0.01141	0.01116	0.01431	0.00897	0.00837	0.01614	0.02511	0.03181	0.24595	0.09202	0.42662	0.02446	0.01212	0.00339	0.00509	0.02071	0.01007	0.00897
62	0.01213	0.01040	0.01040	0.01040	0.01386	0.00866	0.00780	0.01473	0.02339	0.02772	0.10396	0.09876	0.57117	0.02599	0.01213	0.00347	0.00520	0.02166	0.00953	0.00866
63	0.02245	0.02245	0.03143	0.02694	0.02694	0.03143	0.02245	0.02470	0.01572	0.02470	0.01347	0.02245	0.01347	0.01796	0.03368	0.00449	0.62057	0.00898	0.00449	0.01123
64	0.71184	0.01985	0.01508	0.01350	0.01985	0.02302	0.01111	0.03017	0.01746	0.04604	0.01429	0.01667	0.01111	0.00953	0.00635	0.00318	0.00794	0.00556	0.00635	0.01111
65	0.02540	0.02438	0.04165	0.06299	0.57533	0.02438	0.03149	0.03149	0.02337	0.03353	0.01930	0.02540	0.01626	0.00914	0.01016	0.00305	0.01219	0.00914	0.00508	0.01626
66	0.01600	0.01012	0.01517	0.01517	0.01623	0.01118	0.01118	0.01623	0.01517	0.02129	0.02341	0.03647	0.02235	0.05953	0.36292	0.30558	0.01965	0.01012	0.00506	0.00718
67	0.04015	0.02643	0.08034	0.02195	0.03071	0.02422	0.01943	0.29232	0.03802	0.27336	0.03053	0.02857	0.02028	0.01223	0.01024	0.00313	0.01061	0.00952	0.01070	0.01724
68	0.02245	0.02245	0.03143	0.02694	0.02694	0.03143	0.02245	0.02470	0.01572	0.02470	0.01347	0.02245	0.01347	0.01796	0.03368	0.00449	0.62057	0.00898	0.00449	0.01123
69	0.02058	0.05308	0.58618	0.02925	0.04442	0.02383	0.03792	0.03250	0.02167	0.03250	0.01842	0.02167	0.01300	0.00975	0.00975	0.00325	0.01517	0.00758	0.00433	0.01517
70	0.02058	0.05308	0.58618	0.02925	0.04442	0.02383	0.03792	0.03250	0.02167	0.03250	0.01842	0.02167	0.01300	0.00975	0.00975	0.00325	0.01517	0.00758	0.00433	0.01517
71	0.02553	0.02204	0.02320	0.02088	0.02669	0.02553	0.01624	0.05453	0.55679	0.04293	0.04177	0.03829	0.03133	0.01392	0.01044	0.00348	0.00812	0.01160	0.01044	0.01624
72	0.01317	0.01030	0.01193	0.01182	0.01457	0.00906	0.00875	0.01663	0.02541	0.03321	0.29484	0.13986	0.32483	0.02447	0.01221	0.00343	0.00512	0.02107	0.01027	0.00906
73	0.04604	0.01746	0.02382	0.01826	0.02620	0.01508	0.01508	0.05001	0.02937	0.58244	0.04049	0.03493	0.02540	0.01270	0.01032	0.00318	0.00873	0.01032	0.01270	0.01746
74	0.02553	0.02204	0.02320	0.02088	0.02669	0.02553	0.01624	0.05453	0.55679	0.04293	0.04177	0.03829	0.03133	0.01392	0.01044	0.00348	0.00812	0.01160	0.01044	0.01624
75	0.04604	0.01746	0.02382	0.01826	0.02620	0.01508	0.01508	0.05001	0.02937	0.58244	0.04049	0.03493	0.02540	0.01270	0.01032	0.00318	0.00873	0.01032	0.01270	0.01746
76	0.03901	0.02874	0.03080	0.02361	0.03182	0.03182	0.01951	0.54111	0.04825	0.06468	0.02464	0.02464	0.01745	0.01232	0.01027	0.00308	0.01129	0.00924	0.01027	0.01745
77	0.01492	0.00995	0.01119	0.01119	0.01119	0.00995	0.00622	0.01492	0.01492	0.01990	0.03233	0.06716	0.03731	0.63935	0.05223	0.00995	0.00995	0.01492	0.00622	0.00622
78	0.04604	0.01746	0.02382	0.01826	0.02620	0.01508	0.01508	0.05001	0.02937	0.58244	0.04049	0.03493	0.02540	0.01270	0.01032	0.00318	0.00873	0.01032	0.01270	0.01746
79	0.27274	0.02302	0.02462	0.02502	0.10606	0.02579	0.01735	0.14484	0.17925	0.04723	0.02507	0.02582	0.01899	0.01132	0.00891	0.00322	0.00932	0.00859	0.00816	0.01467
80	0.02940	0.02875	0.02794	0.02398	0.03024	0.14663	0.05615	0.09597	0.35814	0.04048	0.03314	0.03205	0.02503	0.01267	0.01030	0.00327	0.01129	0.01037	0.00895	0.01526
81	0.01466	0.01100	0.01649	0.01649	0.01833	0.01283	0.01283	0.01833	0.01649	0.02382	0.02749	0.04032	0.02566	0.07697	0.59868	0.01649	0.02749	0.01100	0.00550	0.00916
82	0.01310	0.00952	0.01236	0.01359	0.01495	0.00878	0.00945	0.01589	0.02282	0.03093	0.21879	0.42336	0.11186	0.02826	0.01272	0.00383	0.00556	0.02536	0.01007	0.00878
83	0.01286	0.01042	0.01141	0.01117	0.01431	0.00898	0.00837	0.01615	0.02512	0.03183	0.24663	0.09199	0.42593	0.02446	0.01212	0.00339	0.00509	0.02071	0.01007	0.00898
84	0.01437	0.01048	0.01350	0.01275	0.01524	0.00962	0.00956	0.01907	0.02868	0.04028	0.53977	0.07809	0.12752	0.02130	0.01211	0.00324	0.00486	0.01876	0.01118	0.00962
85	0.02489	0.02386	0.04073	0.11004	0.53229	0.02425	0.03124	0.03104	0.02312	0.03290	0.01921	0.02557	0.01604	0.00924	0.01017	0.00308	0.01232	0.00914	0.00504	0.01584
86	0.02744	0.64552	0.05378	0.01756	0.02634	0.04061	0.01756	0.03073	0.02085	0.02414	0.01427	0.01646	0.01317	0.00878	0.00658	0.00219	0.01097	0.00549	0.00439	0.01317
87	0.01413	0.01024	0.01369	0.01586	0.01743	0.00980	0.01227	0.01720	0.02161	0.02819	0.05969	0.37391	0.10716	0.03006	0.01346	0.00434	0.00733	0.22532	0.00949	0.00882
88	0.02617	0.02282	0.03677	0.08839	0.42175	0.02276	0.02751	0.03346	0.05679	0.07356	0.02209	0.02667	0.01761	0.00964	0.00998	0.00298	0.01139	0.00912	0.00602	0.07453
89	0.02093	0.05069	0.53659	0.03057	0.04529	0.02403	0.08510	0.03253	0.02191	0.03253	0.01864	0.02223	0.01324	0.00965	0.00997	0.00327	0.01537	0.00801	0.00441	0.01504
90	0.04429	0.01786	0.02376	0.01848	0.02624	0.01597	0.01518	0.05040	0.07436	0.53642	0.04060	0.03522	0.02591	0.01281	0.01033	0.00320	0.00868	0.01043	0.01251	0.01736
91	0.02535	0.03097	0.12012	0.09010	0.04736	0.06284	0.28018	0.07485	0.05970	0.03440	0.02110	0.02635	0.01593	0.01031	0.01256	0.00341	0.05439	0.01040	0.00573	0.01395
92	0.01545	0.01048	0.01572	0.01572	0.01709	0.01186	0.01186	0.01709	0.01572	0.02233	0.02509	0.03805	0.02371	0.06671	0.46002	0.18653	0.02288	0.01048	0.00524	0.00799
93	0.01405	0.01013	0.01330	0.01323	0.01523	0.00937	0.00965	0.01818	0.02686	0.03767	0.45028	0.20623	0.09008	0.02358	0.01234	0.00345	0.00510	0.02103	0.01088	0.00937
94	0.02064	0.01255	0.01461	0.08779	0.02155	0.01335	0.01125	0.07261	0.02456	0.03947	0.07647	0.03887	0.02989	0.01255	0.00828	0.00266	0.00653	0.01024	0.48558	0.01055
95	0.02744	0.64552	0.05378	0.01756	0.02634	0.04061	0.01756	0.03073	0.02085	0.02414	0.01427	0.01646	0.01317	0.00878	0.00658	0.00219	0.01097	0.00549	0.00439	0.01317
96	0.01472	0.01074	0.01521	0.01521	0.01661	0.01213	0.01123	0.01751	0.01611	0.02288	0.02866	0.04679	0.02846	0.21255	0.46694	0.01492	0.02326	0.01194	0.00567	0.00845
97	0.01302	0.01064	0.01164	0.01198	0.01519	0.00926	0.00938	0.01613	0.02380	0.02911	0.12641	0.10014	0.45432	0.02605	0.01247	0.00366	0.00588	0.10242	0.00963	0.00886
98	0.01311	0.00954	0.01246	0.01439	0.01560	0.00889	0.01023	0.01556	0.02117	0.02798	0.09810	0.47844	0.11638	0.03029	0.01307	0.00410	0.00623	0.08622	0.00965	0.00860
99	0.03170	0.07853	0.03620	0.03055	0.06818	0.33392	0.09028	0.03533	0.02483	0.02654	0.01615	0.02084	0.01378	0.01159	0.01444	0.00312	0.13869	0.00791	0.00504	0.01239
100	0.71184	0.01985	0.01508	0.01350	0.01985	0.02302	0.01111	0.03017	0.01746	0.04604	0.01429	0.01667	0.01111	0.00953	0.00635	0.00318	0.00794	0.00556	0.00635	0.01111
101	0.65612	0.02002	0.01574	0.01410	0.02040	0.02322	0.01153	0.03214	0.06125	0.04579	0.01652	0.01843	0.01275	0.00988	0.00668	0.00320	0.00795	0.00605	0.00668	0.01153

[dist]
# distance from previous block
# <min> <max>
0	1

[block]
# block no. 3 follows, 14 sequences, length 86
# corresponding to MSA columns:
# 372-457
name=unknown_D
#
# <colnr> <probs for GDERKNQSTAVLIFYWHMCP>
#	G	D	E	R	K	N	Q	S	T	A	V	L	I	F	Y	W	H	M	C	P
0	0.03102	0.39575	0.04325	0.02062	0.02819	0.19032	0.01821	0.06924	0.06507	0.02851	0.01745	0.01920	0.01483	0.00989	0.00784	0.00247	0.01283	0.00650	0.00548	0.01334
1	0.02350	0.02166	0.03528	0.33715	0.27637	0.02421	0.02899	0.07121	0.02400	0.03244	0.01921	0.02632	0.01506	0.00997	0.01022	0.00324	0.01287	0.00914	0.00525	0.01391
2	0.02868	0.10277	0.33240	0.02607	0.03818	0.02330	0.06897	0.03723	0.02393	0.18504	0.02433	0.02530	0.01668	0.01039	0.00977	0.00314	0.01310	0.00849	0.00674	0.01549
3	0.02276	0.04579	0.47988	0.02660	0.03976	0.02177	0.03291	0.03286	0.02191	0.08866	0.02187	0.02683	0.01631	0.06240	0.01334	0.00380	0.01406	0.00848	0.00536	0.01466
4	0.01492	0.00995	0.01119	0.01119	0.01119	0.00995	0.00622	0.01492	0.01492	0.01990	0.03233	0.06716	0.03731	0.63935	0.05223	0.00995	0.00995	0.01492	0.00622	0.00622
5	0.01385	0.00982	0.01309	0.01522	0.01623	0.00945	0.01108	0.01624	0.02023	0.02676	0.05344	0.43377	0.06231	0.09428	0.01746	0.00492	0.00732	0.15696	0.00916	0.00842
6	0.03423	0.02916	0.18977	0.02346	0.03335	0.01985	0.05585	0.04446	0.10356	0.30819	0.03297	0.03109	0.02202	0.01176	0.01029	0.00326	0.01107	0.00983	0.00945	0.01638
7	0.02490	0.02737	0.09830	0.05948	0.52010	0.02433	0.03216	0.03160	0.02319	0.03342	0.01921	0.02501	0.01592	0.00921	0.01012	0.00307	0.01250	0.00898	0.00500	0.01614
8	0.01492	0.00995	0.01119	0.01119	0.01119	0.00995	0.00622	0.01492	0.01492	0.01990	0.03233	0.06716	0.03731	0.63935	0.05223	0.00995	0.00995	0.01492	0.00622	0.00622
9	0.03179	0.02560	0.06911	0.03744	0.22258	0.02409	0.05650	0.18147	0.03190	0.13652	0.05922	0.02995	0.02300	0.01142	0.01044	0.00313	0.01139	0.01006	0.00823	0.01617
10	0.03346	0.03998	0.03273	0.03651	0.18051	0.39357	0.02325	0.03702	0.02640	0.02739	0.01661	0.02073	0.01407	0.01080	0.01153	0.00291	0.06683	0.00750	0.00516	0.01304
11	0.04604	0.01746	0.02382	0.01826	0.02620	0.01508	0.01508	0.05001	0.02937	0.58244	0.04049	0.03493	0.02540	0.01270	0.01032	0.00318	0.00873	0.01032	0.01270	0.01746
12	0.01715	0.01391	0.01936	0.01886	0.02059	0.01612	0.01556	0.02115	0.02218	0.03114	0.18211	0.07168	0.05362	0.03075	0.10176	0.00594	0.15867	0.18137	0.00819	0.00990
13	0.03901	0.02874	0.03080	0.02361	0.03182	0.03182	0.01951	0.54111	0.04825	0.06468	0.02464	0.02464	0.01745	0.01232	0.01027	0.00308	0.01129	0.00924	0.01027	0.01745
14	0.02927	0.08345	0.26578	0.03094	0.10772	0.06867	0.06222	0.03699	0.02437	0.15890	0.02329	0.02499	0.01650	0.01027	0.00982	0.00309	0.01338	0.00849	0.00651	0.01534
15	0.65865	0.02055	0.01633	0.01429	0.02079	0.02372	0.01178	0.07056	0.01990	0.04752	0.01511	0.01730	0.01161	0.00975	0.00666	0.00317	0.00820	0.00585	0.00666	0.01161
16	0.01492	0.00995	0.01119	0.01119	0.01119	0.00995	0.00622	0.01492	0.01492	0.01990	0.03233	0.06716	0.03731	0.63935	0.05223	0.00995	0.00995	0.01492	0.00622	0.00622
17	0.02744	0.64552	0.05378	0.01756	0.02634	0.04061	0.01756	0.03073	0.02085	0.02414	0.01427	0.01646	0.01317	0.00878	0.00658	0.00219	0.01097	0.00549	0.00439	0.01317
18	0.02128	0.01824	0.02128	0.01520	0.02432	0.01368	0.01216	0.02584	0.02128	0.03344	0.01824	0.02128	0.01520	0.00760	0.00760	0.00152	0.00760	0.00608	0.00608	0.70208
19	0.02647	0.36962	0.18911	0.02036	0.03022	0.03091	0.02207	0.03226	0.02264	0.08586	0.06429	0.02477	0.02135	0.01046	0.00827	0.00266	0.01135	0.00763	0.00581	0.01386
20	0.02236	0.02485	0.10375	0.12760	0.13472	0.02267	0.05581	0.03700	0.20163	0.03625	0.09639	0.03617	0.03060	0.01247	0.01058	0.00333	0.01086	0.01113	0.00748	0.01432
21	0.02445	0.47161	0.04356	0.01793	0.02495	0.03270	0.01728	0.02813	0.02161	0.02595	0.02526	0.04371	0.02576	0.01415	0.00867	0.00289	0.01056	0.14292	0.00578	0.01215
22	0.01250	0.00893	0.01191	0.01429	0.01488	0.00834	0.00953	0.01429	0.01965	0.02620	0.05656	0.63265	0.06787	0.03215	0.01310	0.00417	0.00595	0.02917	0.00953	0.00834
23	0.06733	0.32412	0.10127	0.02301	0.03161	0.06937	0.09488	0.06448	0.02350	0.03052	0.01988	0.06947	0.01812	0.01116	0.00866	0.00280	0.01226	0.00893	0.00549	0.01316
24	0.15867	0.01683	0.02280	0.30333	0.04374	0.01933	0.01930	0.02976	0.02130	0.10719	0.02331	0.02832	0.01712	0.01076	0.00892	0.00315	0.01022	0.00867	0.13548	0.01182
25	0.01333	0.01026	0.01218	0.01209	0.01470	0.00911	0.00892	0.01691	0.02566	0.03401	0.32289	0.15360	0.28064	0.02433	0.01224	0.00344	0.00512	0.02109	0.01038	0.00911
26	0.71184	0.01985	0.01508	0.01350	0.01985	0.02302	0.01111	0.03017	0.01746	0.04604	0.01429	0.01667	0.01111	0.00953	0.00635	0.00318	0.00794	0.00556	0.00635	0.01111
27	0.01382	0.01033	0.01311	0.01464	0.01666	0.00961	0.01129	0.01697	0.02256	0.02912	0.10644	0.29239	0.19594	0.02855	0.01311	0.00409	0.00677	0.17608	0.00964	0.00887
28	0.04604	0.01746	0.02382	0.01826	0.02620	0.01508	0.01508	0.05001	0.02937	0.58244	0.04049	0.03493	0.02540	0.01270	0.01032	0.00318	0.00873	0.01032	0.01270	0.01746
29	0.03833	0.04891	0.02908	0.02644	0.03173	0.59815	0.01983	0.04098	0.02908	0.02512	0.01586	0.01851	0.01322	0.01058	0.00925	0.00264	0.01851	0.00661	0.00529	0.01190
30	0.02422	0.02768	0.06055	0.04325	0.05363	0.02595	0.53806	0.03287	0.02422	0.03287	0.02076	0.02768	0.01557	0.00865	0.01211	0.00346	0.01730	0.01211	0.00519	0.01384
31	0.02553	0.02204	0.02320	0.02088	0.02669	0.02553	0.01624	0.05453	0.55679	0.04293	0.04177	0.03829	0.03133	0.01392	0.01044	0.00348	0.00812	0.01160	0.01044	0.01624
32	0.02553	0.02204	0.02320	0.02088	0.02669	0.02553	0.01624	0.05453	0.55679	0.04293	0.04177	0.03829	0.03133	0.01392	0.01044	0.00348	0.00812	0.01160	0.01044	0.01624
33	0.01654	0.01181	0.01654	0.01890	0.02126	0.01181	0.01654	0.02126	0.02362	0.03071	0.05433	0.11576	0.05906	0.02835	0.01417	0.00472	0.00945	0.50626	0.00945	0.00945
34	0.01250	0.00893	0.01191	0.01429	0.01488	0.00834	0.00953	0.01429	0.01965	0.02620	0.05656	0.63265	0.06787	0.03215	0.01310	0.00417	0.00595	0.02917	0.00953	0.00834
35	0.02491	0.02388	0.04077	0.10788	0.53427	0.02425	0.03125	0.03107	0.02314	0.03293	0.01922	0.02556	0.01605	0.00923	0.01017	0.00308	0.01231	0.00914	0.00504	0.01586
36	0.61064	0.11236	0.02080	0.01410	0.02081	0.02562	0.01207	0.03025	0.01797	0.04280	0.01429	0.01664	0.01142	0.00942	0.00639	0.00303	0.00839	0.00555	0.00606	0.01142
37	0.02058	0.05308	0.58618	0.02925	0.04442	0.02383	0.03792	0.03250	0.02167	0.03250	0.01842	0.02167	0.01300	0.00975	0.00975	0.00325	0.01517	0.00758	0.00433	0.01517
38	0.02553	0.02204	0.02320	0.02088	0.02669	0.02553	0.01624	0.05453	0.55679	0.04293	0.04177	0.03829	0.03133	0.01392	0.01044	0.00348	0.00812	0.01160	0.01044	0.01624
39	0.02084	0.04313	0.40792	0.03154	0.04432	0.02310	0.16076	0.03111	0.02214	0.03208	0.02211	0.07288	0.01811	0.01130	0.01061	0.00338	0.01495	0.01047	0.00497	0.01428
40	0.03574	0.02435	0.09235	0.02647	0.03566	0.01983	0.16108	0.04385	0.07007	0.33051	0.03288	0.03183	0.02190	0.01138	0.01076	0.00329	0.01170	0.01063	0.00959	0.01613
41	0.01248	0.01051	0.01088	0.01107	0.01445	0.00891	0.00849	0.01524	0.02341	0.02796	0.10004	0.10010	0.53069	0.02618	0.01229	0.00356	0.00553	0.05997	0.00952	0.00873
42	0.71184	0.01985	0.01508	0.01350	0.01985	0.02302	0.01111	0.03017	0.01746	0.04604	0.01429	0.01667	0.01111	0.00953	0.00635	0.00318	0.00794	0.00556	0.00635	0.01111
43	0.02477	0.02374	0.04052	0.12038	0.52284	0.02422	0.03118	0.03095	0.02307	0.03277	0.01919	0.02560	0.01599	0.00926	0.01017	0.00309	0.01235	0.00914	0.00503	0.01575
44	0.01367	0.00976	0.01325	0.01562	0.01673	0.00934	0.01155	0.01631	0.02080	0.02750	0.05592	0.48311	0.06532	0.03105	0.01341	0.00433	0.00697	0.16719	0.00950	0.00866
45	0.01301	0.00914	0.01176	0.01365	0.01412	0.00867	0.00884	0.01442	0.01867	0.02489	0.05152	0.51509	0.06152	0.15838	0.02123	0.00537	0.00678	0.02621	0.00884	0.00790
46	0.02107	0.04970	0.51629	0.03111	0.04564	0.02411	0.10442	0.03255	0.02201	0.03255	0.01873	0.02247	0.01334	0.00960	0.01006	0.00328	0.01545	0.00819	0.00445	0.01499
47	0.02768	0.08677	0.03779	0.20505	0.22514	0.02489	0.05958	0.06668	0.02487	0.11101	0.02196	0.02649	0.01654	0.01011	0.00998	0.00311	0.01227	0.00913	0.00630	0.01464
48	0.02553	0.02204	0.02320	0.02088	0.02669	0.02553	0.01624	0.05453	0.55679	0.04293	0.04177	0.03829	0.03133	0.01392	0.01044	0.00348	0.00812	0.01160	0.01044	0.01624
49	0.01811	0.01567	0.02705	0.02431	0.02877	0.01510	0.14621	0.02365	0.02375	0.03101	0.04987	0.09240	0.08867	0.02324	0.01350	0.00431	0.01108	0.34443	0.00839	0.01049
50	0.01543	0.01102	0.01527	0.01763	0.01951	0.01086	0.01461	0.01935	0.02253	0.02947	0.05495	0.25765	0.06148	0.02939	0.01388	0.00457	0.00849	0.37529	0.00947	0.00914
51	0.02291	0.03296	0.19596	0.09901	0.09240	0.02490	0.27562	0.03338	0.05765	0.03278	0.02111	0.02653	0.01575	0.00950	0.01102	0.00337	0.01535	0.01031	0.00522	0.01429
52	0.02427	0.02323	0.03962	0.16624	0.48088	0.02409	0.03093	0.03051	0.02283	0.03216	0.01910	0.02577	0.01577	0.00935	0.01018	0.00312	0.01247	0.00914	0.00498	0.01535
53	0.01628	0.01292	0.01775	0.01686	0.01774	0.01558	0.01261	0.01850	0.01584	0.02274	0.02627	0.04538	0.02698	0.24534	0.31210	0.01203	0.13907	0.01185	0.00553	0.00863
54	0.71184	0.01985	0.01508	0.01350	0.01985	0.02302	0.01111	0.03017	0.01746	0.04604	0.01429	0.01667	0.01111	0.00953	0.00635	0.00318	0.00794	0.00556	0.00635	0.01111
55	0.02162	0.01560	0.01904	0.01476	0.02154	0.01250	0.01165	0.02621	0.02469	0.09310	0.20292	0.04101	0.04325	0.01255	0.00937	0.00226	0.00681	0.01065	0.00849	0.40198
