[name]
unknown

[dist]
# distance from previous block
# <min> <max>
0	313

[block]
# block no. 0 follows, 12 sequences, length 44
# corresponding to MSA columns:
# 318-361
name=unknown_A
#
# <colnr> <probs for GDERKNQSTAVLIFYWHMCP>
#	G	D	E	R	K	N	Q	S	T	A	V	L	I	F	Y	W	H	M	C	P
0	0.01473	0.01052	0.01432	0.01684	0.01811	0.01011	0.01264	0.01769	0.02231	0.02946	0.05930	0.44499	0.06895	0.03279	0.01430	0.00463	0.00758	0.18138	0.01009	0.00926
1	0.04565	0.01893	0.02464	0.01911	0.02704	0.01718	0.01571	0.09396	0.03235	0.46403	0.04076	0.03640	0.02628	0.01339	0.01066	0.00329	0.00916	0.01078	0.07288	0.01780
2	0.04892	0.01856	0.02530	0.01940	0.02783	0.01603	0.01603	0.05314	0.03121	0.55634	0.04302	0.03711	0.02699	0.01350	0.01096	0.00337	0.00928	0.01096	0.01350	0.01856
3	0.03653	0.02810	0.02995	0.02409	0.03194	0.03151	0.01953	0.35633	0.21538	0.06078	0.03243	0.03116	0.02361	0.01367	0.01097	0.00342	0.01084	0.01068	0.01097	0.01810
4	0.69383	0.02109	0.01603	0.01434	0.02109	0.02446	0.01181	0.03205	0.01856	0.04892	0.01518	0.01771	0.01181	0.01012	0.00675	0.00337	0.00843	0.00590	0.00675	0.01181
5	0.01328	0.00949	0.01265	0.01518	0.01581	0.00886	0.01012	0.01518	0.02088	0.02783	0.06010	0.60969	0.07212	0.03416	0.01392	0.00443	0.00633	0.03100	0.01012	0.00886
6	0.02059	0.01938	0.03270	0.59060	0.07510	0.02422	0.03028	0.02786	0.02180	0.02786	0.01938	0.02907	0.01453	0.01090	0.01090	0.00363	0.01453	0.00969	0.00484	0.01211
7	0.04646	0.02251	0.02775	0.02128	0.02981	0.02189	0.01758	0.20462	0.03782	0.39551	0.03746	0.03351	0.02420	0.01336	0.01095	0.00334	0.01018	0.01059	0.01264	0.01855
8	0.01313	0.01091	0.01148	0.01165	0.01496	0.00926	0.00862	0.01601	0.02497	0.03046	0.14096	0.15062	0.46385	0.02780	0.01298	0.00373	0.00557	0.02350	0.01028	0.00926
9	0.02059	0.01938	0.03270	0.59060	0.07510	0.02422	0.03028	0.02786	0.02180	0.02786	0.01938	0.02907	0.01453	0.01090	0.01090	0.00363	0.01453	0.00969	0.00484	0.01211
10	0.01558	0.01168	0.01752	0.01752	0.01947	0.01363	0.01363	0.01947	0.01752	0.02531	0.02921	0.04283	0.02726	0.08178	0.57360	0.01752	0.02921	0.01168	0.00584	0.00974
11	0.04827	0.01961	0.02595	0.01990	0.02836	0.01758	0.01644	0.09339	0.03297	0.51361	0.04154	0.03615	0.02625	0.01346	0.01096	0.00336	0.00952	0.01086	0.01327	0.01855
12	0.02282	0.02277	0.03576	0.17519	0.17697	0.06378	0.10495	0.02850	0.02371	0.03095	0.03020	0.17445	0.03008	0.01621	0.01188	0.00367	0.01309	0.01540	0.00649	0.01310
13	0.02187	0.05640	0.56031	0.03108	0.04719	0.02532	0.04029	0.03453	0.02302	0.03453	0.01957	0.02302	0.01381	0.01036	0.01036	0.00345	0.01611	0.00806	0.00460	0.01611
14	0.01403	0.01056	0.01299	0.01350	0.01571	0.00952	0.00970	0.01744	0.02589	0.03455	0.26456	0.26645	0.20989	0.02772	0.01322	0.00383	0.00564	0.02441	0.01087	0.00952
15	0.02561	0.18246	0.17174	0.02139	0.03258	0.02614	0.02211	0.07037	0.02495	0.03550	0.01892	0.02172	0.01519	0.00940	0.00863	0.00241	0.01139	0.00699	0.00589	0.28662
16	0.30940	0.22333	0.11909	0.01974	0.02874	0.08234	0.01951	0.03373	0.02160	0.03701	0.01604	0.01869	0.01305	0.01001	0.00771	0.00300	0.01178	0.00634	0.00562	0.01329
17	0.01440	0.01035	0.01365	0.01442	0.01606	0.00960	0.01021	0.01798	0.02605	0.03607	0.31041	0.33589	0.08806	0.02801	0.01337	0.00391	0.00571	0.02515	0.01110	0.00960
18	0.30374	0.02141	0.02549	0.07399	0.12276	0.02291	0.01874	0.03930	0.06810	0.16633	0.02576	0.02702	0.01856	0.01134	0.00922	0.00340	0.00998	0.00869	0.00835	0.01492
19	0.02443	0.02165	0.06935	0.20172	0.04054	0.02200	0.02126	0.10964	0.02681	0.03953	0.02558	0.03153	0.01967	0.01256	0.01195	0.00329	0.06249	0.00972	0.23342	0.01286
20	0.01392	0.01109	0.01247	0.01213	0.01536	0.00964	0.00909	0.01764	0.02728	0.03523	0.28538	0.09544	0.36585	0.02546	0.01288	0.00358	0.00537	0.02168	0.01088	0.00964
21	0.02219	0.26824	0.03326	0.01653	0.02224	0.02550	0.01440	0.02890	0.07088	0.03633	0.27859	0.05113	0.05961	0.01621	0.01025	0.00299	0.00817	0.01326	0.00885	0.01245
22	0.04892	0.01856	0.02530	0.01940	0.02783	0.01603	0.01603	0.05314	0.03121	0.55634	0.04302	0.03711	0.02699	0.01350	0.01096	0.00337	0.00928	0.01096	0.01350	0.01856
23	0.04073	0.05197	0.03090	0.02809	0.03371	0.57303	0.02107	0.04354	0.03090	0.02669	0.01685	0.01966	0.01404	0.01124	0.00983	0.00281	0.01966	0.00702	0.00562	0.01264
24	0.02915	0.62337	0.05714	0.01866	0.02799	0.04314	0.01866	0.03265	0.02215	0.02565	0.01516	0.01749	0.01399	0.00933	0.00700	0.00233	0.01166	0.00583	0.00466	0.01399
25	0.01440	0.01028	0.01393	0.01645	0.01757	0.00981	0.01205	0.01710	0.02197	0.02908	0.05948	0.48350	0.06969	0.03311	0.01421	0.00458	0.00729	0.14622	0.01010	0.00916
26	0.02915	0.62337	0.05714	0.01866	0.02799	0.04314	0.01866	0.03265	0.02215	0.02565	0.01516	0.01749	0.01399	0.00933	0.00700	0.00233	0.01166	0.00583	0.00466	0.01399
27	0.02493	0.02317	0.07294	0.02183	0.07002	0.01654	0.01728	0.03056	0.02349	0.07573	0.02132	0.02412	0.01687	0.00883	0.00872	0.00205	0.00928	0.00721	0.00675	0.51835
28	0.13664	0.07484	0.07696	0.07199	0.08027	0.02755	0.02149	0.11544	0.15743	0.08956	0.02804	0.02884	0.02077	0.01206	0.00992	0.00337	0.01096	0.00944	0.00847	0.01592
29	0.03781	0.01610	0.02174	0.01751	0.02400	0.01412	0.01412	0.04233	0.03109	0.38626	0.20891	0.05182	0.05217	0.01641	0.01159	0.00339	0.00791	0.01387	0.01300	0.01581
30	0.02696	0.01377	0.01785	0.01533	0.02016	0.01216	0.01202	0.03141	0.03006	0.22407	0.29825	0.06928	0.14396	0.01998	0.01219	0.00345	0.00667	0.01711	0.01224	0.01307
31	0.03000	0.08628	0.24817	0.02334	0.03386	0.02117	0.02533	0.03752	0.02605	0.20336	0.07335	0.08459	0.03065	0.01440	0.01078	0.00341	0.01172	0.01182	0.00860	0.01559
32	0.04583	0.02352	0.02838	0.02175	0.03031	0.02339	0.01797	0.24331	0.03951	0.35444	0.03604	0.03258	0.02349	0.01333	0.01094	0.00333	0.01040	0.01049	0.01242	0.01855
33	0.01571	0.01170	0.01506	0.01634	0.01902	0.01105	0.01342	0.01997	0.02577	0.03349	0.15827	0.14608	0.19036	0.02838	0.01404	0.00436	0.00777	0.24902	0.01042	0.00979
34	0.08101	0.02762	0.12852	0.21846	0.13052	0.02371	0.02780	0.03689	0.06853	0.11513	0.02511	0.02897	0.01820	0.01129	0.01048	0.00348	0.01275	0.00952	0.00693	0.01510
35	0.02656	0.02324	0.03195	0.44320	0.06386	0.07372	0.02745	0.07490	0.02603	0.07398	0.02167	0.02861	0.01585	0.01134	0.01081	0.00351	0.01434	0.00956	0.00616	0.01326
36	0.04073	0.05197	0.03090	0.02809	0.03371	0.57303	0.02107	0.04354	0.03090	0.02669	0.01685	0.01966	0.01404	0.01124	0.00983	0.00281	0.01966	0.00702	0.00562	0.01264
37	0.01650	0.01368	0.01866	0.02273	0.11376	0.01266	0.01386	0.02078	0.02680	0.03593	0.25552	0.12698	0.23524	0.02286	0.01258	0.00357	0.00682	0.02002	0.00998	0.01107
38	0.03378	0.08442	0.25219	0.02503	0.03601	0.02367	0.02707	0.04131	0.02576	0.24795	0.02840	0.02844	0.01930	0.01234	0.01258	0.00344	0.06425	0.00920	0.00829	0.01658
39	0.01581	0.01182	0.01588	0.01609	0.01693	0.01316	0.01139	0.01785	0.01772	0.02466	0.03702	0.18635	0.04090	0.23672	0.22811	0.01108	0.06530	0.01747	0.00702	0.00870
40	0.04073	0.05197	0.03090	0.02809	0.03371	0.57303	0.02107	0.04354	0.03090	0.02669	0.01685	0.01966	0.01404	0.01124	0.00983	0.00281	0.01966	0.00702	0.00562	0.01264
41	0.36009	0.12489	0.02631	0.01680	0.02457	0.02485	0.01443	0.03929	0.02346	0.21659	0.02460	0.02424	0.01733	0.01113	0.00822	0.00319	0.00928	0.00760	0.00867	0.01447
42	0.18755	0.01956	0.02308	0.07219	0.07085	0.01965	0.01637	0.07351	0.02555	0.11516	0.03396	0.08705	0.06637	0.01428	0.00985	0.00319	0.00928	0.01153	0.00836	0.13265
43	0.08351	0.08160	0.16479	0.02501	0.07641	0.02254	0.02260	0.03431	0.02352	0.11873	0.02505	0.02782	0.01876	0.01157	0.01110	0.00312	0.05345	0.00866	0.12469	0.06276

[dist]
# distance from previous block
# <min> <max>
0	8

[block]
# block no. 1 follows, 12 sequences, length 159
# corresponding to MSA columns:
# 370-433,488-582
name=unknown_B
#
# <colnr> <probs for GDERKNQSTAVLIFYWHMCP>
#	G	D	E	R	K	N	Q	S	T	A	V	L	I	F	Y	W	H	M	C	P
0	0.08973	0.13029	0.03432	0.06888	0.07430	0.02752	0.02012	0.12574	0.02989	0.20932	0.02694	0.02763	0.01921	0.01231	0.01174	0.00328	0.05462	0.00913	0.00893	0.01610
1	0.02150	0.01966	0.03185	0.14027	0.29127	0.02015	0.02507	0.02695	0.02417	0.03311	0.07588	0.12801	0.08384	0.01639	0.01166	0.00355	0.01088	0.01504	0.00700	0.01375
2	0.01415	0.01110	0.01280	0.01237	0.01550	0.00974	0.00928	0.01809	0.02783	0.03653	0.32500	0.09329	0.32541	0.02497	0.01287	0.00356	0.00533	0.02138	0.01106	0.00974
3	0.01952	0.02314	0.11058	0.19556	0.04132	0.02043	0.02295	0.02795	0.06198	0.03446	0.16822	0.04938	0.08833	0.01648	0.01399	0.00367	0.06850	0.01350	0.00765	0.01237
4	0.02170	0.01709	0.01958	0.01543	0.02253	0.01454	0.01211	0.02940	0.07787	0.03863	0.09825	0.03586	0.03215	0.01157	0.00899	0.00225	0.00721	0.00958	0.12186	0.40339
5	0.03028	0.02494	0.02737	0.02654	0.07870	0.08243	0.01895	0.14352	0.11644	0.08467	0.07765	0.11534	0.03557	0.01719	0.01371	0.00361	0.06491	0.01383	0.00946	0.01488
6	0.02768	0.02175	0.02192	0.01873	0.02348	0.11630	0.05227	0.07032	0.02868	0.08051	0.10542	0.04048	0.03468	0.01366	0.00974	0.00293	0.00969	0.01125	0.29820	0.01233
7	0.42581	0.02631	0.07109	0.01880	0.02701	0.02595	0.01686	0.14435	0.02758	0.09624	0.02053	0.02183	0.01486	0.01112	0.00840	0.00336	0.01004	0.00744	0.00809	0.01434
8	0.02915	0.62337	0.05714	0.01866	0.02799	0.04314	0.01866	0.03265	0.02215	0.02565	0.01516	0.01749	0.01399	0.00933	0.00700	0.00233	0.01166	0.00583	0.00466	0.01399
9	0.03425	0.01531	0.02060	0.01691	0.02278	0.01351	0.01351	0.03887	0.03106	0.33179	0.26205	0.05653	0.06023	0.01735	0.01180	0.00340	0.00747	0.01480	0.01284	0.01493
10	0.02057	0.01856	0.03069	0.53882	0.06953	0.02297	0.02826	0.02764	0.02190	0.02900	0.02082	0.03010	0.01573	0.01106	0.01061	0.00354	0.01369	0.00973	0.06483	0.01194
11	0.01539	0.01100	0.01501	0.01717	0.01883	0.01062	0.01339	0.01900	0.02379	0.03163	0.11061	0.34061	0.07131	0.03113	0.01430	0.00458	0.00782	0.22401	0.01029	0.00953
12	0.02103	0.01437	0.01769	0.01707	0.02056	0.01450	0.01298	0.03110	0.14116	0.08993	0.22185	0.20210	0.06874	0.02329	0.01271	0.00386	0.00703	0.05640	0.01132	0.01231
13	0.02368	0.01345	0.01833	0.01903	0.02265	0.01298	0.01636	0.02855	0.02603	0.13114	0.05293	0.09933	0.05285	0.02540	0.01361	0.00448	0.00944	0.34560	0.07250	0.01164
14	0.01517	0.01083	0.01481	0.01733	0.01879	0.01048	0.01339	0.01844	0.02273	0.02994	0.05906	0.39589	0.06800	0.03239	0.01442	0.00469	0.00796	0.22622	0.01009	0.00938
15	0.02548	0.02836	0.06019	0.08729	0.10386	0.02718	0.43048	0.03428	0.02537	0.03448	0.02172	0.02916	0.01647	0.00936	0.01253	0.00363	0.01760	0.01235	0.00546	0.01476
16	0.03068	0.03139	0.03106	0.11793	0.03762	0.19685	0.02281	0.03693	0.07355	0.06700	0.02097	0.02602	0.01706	0.01451	0.01950	0.00377	0.22369	0.00917	0.00630	0.01318
17	0.02843	0.03398	0.21849	0.02770	0.08602	0.02120	0.02583	0.07087	0.02650	0.12178	0.02388	0.02580	0.01735	0.01030	0.00984	0.00284	0.01192	0.00833	0.00716	0.22177
18	0.33608	0.07119	0.03027	0.03429	0.21133	0.02673	0.02065	0.03516	0.07149	0.04197	0.01997	0.02328	0.01606	0.01037	0.00865	0.00327	0.01033	0.00790	0.00653	0.01448
19	0.08035	0.02252	0.10835	0.02444	0.07802	0.01714	0.02038	0.03304	0.02505	0.15402	0.03896	0.09691	0.03514	0.01798	0.01141	0.00378	0.01020	0.12812	0.08045	0.01374
20	0.01574	0.01102	0.01418	0.01418	0.01497	0.01181	0.00946	0.01732	0.01653	0.02283	0.03227	0.05978	0.03462	0.39966	0.26577	0.01339	0.01813	0.01416	0.00630	0.00788
21	0.02857	0.57804	0.09736	0.01965	0.02952	0.04172	0.02039	0.03280	0.02222	0.02636	0.01551	0.01793	0.01398	0.00941	0.00727	0.00242	0.01202	0.00601	0.00466	0.01416
22	0.02840	0.01406	0.01849	0.01572	0.02070	0.01245	0.01237	0.03297	0.03048	0.24436	0.30852	0.06603	0.11137	0.01929	0.01212	0.00343	0.00680	0.01656	0.01243	0.01345
23	0.01543	0.01115	0.01457	0.01372	0.01629	0.01029	0.01029	0.02058	0.03086	0.04372	0.54304	0.08145	0.10288	0.02229	0.01286	0.00343	0.00514	0.01972	0.01200	0.01029
24	0.02915	0.62337	0.05714	0.01866	0.02799	0.04314	0.01866	0.03265	0.02215	0.02565	0.01516	0.01749	0.01399	0.00933	0.00700	0.00233	0.01166	0.00583	0.00466	0.01399
25	0.01328	0.00949	0.01265	0.01518	0.01581	0.00886	0.01012	0.01518	0.02088	0.02783	0.06010	0.60969	0.07212	0.03416	0.01392	0.00443	0.00633	0.03100	0.01012	0.00886
26	0.02915	0.62337	0.05714	0.01866	0.02799	0.04314	0.01866	0.03265	0.02215	0.02565	0.01516	0.01749	0.01399	0.00933	0.00700	0.00233	0.01166	0.00583	0.00466	0.01399
27	0.02261	0.01938	0.02261	0.01615	0.02584	0.01453	0.01292	0.02745	0.02261	0.03553	0.01938	0.02261	0.01615	0.00807	0.00807	0.00161	0.00807	0.00646	0.00646	0.68346
28	0.01558	0.01168	0.01752	0.01752	0.01947	0.01363	0.01363	0.01947	0.01752	0.02531	0.02921	0.04283	0.02726	0.08178	0.57360	0.01752	0.02921	0.01168	0.00584	0.00974
29	0.69383	0.02109	0.01603	0.01434	0.02109	0.02446	0.01181	0.03205	0.01856	0.04892	0.01518	0.01771	0.01181	0.01012	0.00675	0.00337	0.00843	0.00590	0.00675	0.01181
30	0.03165	0.02567	0.02720	0.02311	0.03008	0.02924	0.01835	0.20155	0.37811	0.05291	0.03863	0.03610	0.02863	0.01425	0.01104	0.00356	0.00969	0.01153	0.01104	0.01766
31	0.02261	0.01938	0.02261	0.01615	0.02584	0.01453	0.01292	0.02745	0.02261	0.03553	0.01938	0.02261	0.01615	0.00807	0.00807	0.00161	0.00807	0.00646	0.00646	0.68346
32	0.09981	0.02708	0.02964	0.02290	0.03139	0.02908	0.01891	0.36953	0.04400	0.17438	0.02893	0.02785	0.01982	0.01292	0.01056	0.00330	0.01109	0.00973	0.01112	0.01796
33	0.02196	0.02049	0.03134	0.02542	0.03137	0.02094	0.14244	0.03355	0.15036	0.03475	0.04601	0.05662	0.11355	0.06909	0.01755	0.00434	0.05075	0.05962	0.00823	0.06160
34	0.01507	0.01181	0.01803	0.01788	0.01951	0.01116	0.06276	0.01741	0.02050	0.02740	0.05144	0.45158	0.06038	0.13559	0.02123	0.00545	0.00837	0.02636	0.00900	0.00908
35	0.01328	0.00949	0.01265	0.01518	0.01581	0.00886	0.01012	0.01518	0.02088	0.02783	0.06010	0.60969	0.07212	0.03416	0.01392	0.00443	0.00633	0.03100	0.01012	0.00886
36	0.02779	0.50898	0.10776	0.01976	0.02984	0.03869	0.02045	0.03239	0.02229	0.02748	0.01601	0.01854	0.01417	0.00933	0.00745	0.00239	0.01182	0.00612	0.00482	0.07394
37	0.14359	0.02834	0.02928	0.02310	0.03125	0.03167	0.01897	0.39132	0.09324	0.06329	0.02623	0.02627	0.01893	0.01279	0.01027	0.00333	0.01110	0.00944	0.01027	0.01735
38	0.04892	0.01856	0.02530	0.01940	0.02783	0.01603	0.01603	0.05314	0.03121	0.55634	0.04302	0.03711	0.02699	0.01350	0.01096	0.00337	0.00928	0.01096	0.01350	0.01856
39	0.01510	0.01102	0.01420	0.01364	0.01615	0.01011	0.01014	0.01985	0.02973	0.04161	0.47871	0.12135	0.13055	0.02351	0.01294	0.00352	0.00526	0.02076	0.01174	0.01011
40	0.02453	0.02673	0.05515	0.04047	0.04994	0.02553	0.41035	0.03495	0.07185	0.03516	0.02819	0.09239	0.02403	0.01238	0.01282	0.00376	0.01619	0.01475	0.00652	0.01432
41	0.04269	0.01983	0.02479	0.01970	0.02737	0.01901	0.01605	0.09444	0.11149	0.39269	0.04113	0.03692	0.02728	0.01361	0.01074	0.00336	0.00912	0.01102	0.06103	0.01774
42	0.01891	0.01262	0.01630	0.01444	0.01824	0.01121	0.01103	0.02394	0.03001	0.08433	0.44669	0.07158	0.08748	0.02006	0.01220	0.00323	0.00579	0.01760	0.01153	0.08281
43	0.04216	0.02030	0.02706	0.02407	0.07579	0.01908	0.01775	0.11878	0.03368	0.37807	0.09170	0.03922	0.03289	0.01402	0.01114	0.00335	0.00960	0.01161	0.01219	0.01755
44	0.02521	0.31621	0.32973	0.02539	0.03839	0.03349	0.03037	0.03367	0.02262	0.03046	0.01755	0.02049	0.01389	0.00989	0.00882	0.00294	0.01407	0.00704	0.00463	0.01514
45	0.69383	0.02109	0.01603	0.01434	0.02109	0.02446	0.01181	0.03205	0.01856	0.04892	0.01518	0.01771	0.01181	0.01012	0.00675	0.00337	0.00843	0.00590	0.00675	0.01181
46	0.64165	0.02088	0.01678	0.01475	0.02163	0.02378	0.01215	0.03376	0.01958	0.08998	0.01743	0.01928	0.01304	0.01039	0.00709	0.00337	0.00850	0.00631	0.00729	0.01235
47	0.01325	0.00964	0.01249	0.01477	0.01571	0.00889	0.00994	0.01523	0.02127	0.02799	0.06507	0.55986	0.11873	0.03351	0.01382	0.00435	0.00625	0.03021	0.01012	0.00889
48	0.01328	0.00949	0.01265	0.01518	0.01581	0.00886	0.01012	0.01518	0.02088	0.02783	0.06010	0.60969	0.07212	0.03416	0.01392	0.00443	0.00633	0.03100	0.01012	0.00886
49	0.01620	0.01044	0.01325	0.01512	0.01672	0.01013	0.01136	0.01972	0.02246	0.03238	0.05312	0.33832	0.05825	0.02755	0.01257	0.00409	0.00694	0.13818	0.18370	0.00950
50	0.01614	0.01100	0.01394	0.01320	0.01577	0.01027	0.00990	0.02128	0.02971	0.04328	0.46953	0.07554	0.09203	0.02090	0.01210	0.00330	0.00513	0.01833	0.10838	0.01027
51	0.02712	0.02342	0.02465	0.02219	0.02835	0.02712	0.01726	0.05794	0.52909	0.04561	0.04438	0.04068	0.03328	0.01479	0.01109	0.00370	0.00863	0.01233	0.01109	0.01726
52	0.04892	0.01856	0.02530	0.01940	0.02783	0.01603	0.01603	0.05314	0.03121	0.55634	0.04302	0.03711	0.02699	0.01350	0.01096	0.00337	0.00928	0.01096	0.01350	0.01856
53	0.02712	0.02342	0.02465	0.02219	0.02835	0.02712	0.01726	0.05794	0.52909	0.04561	0.04438	0.04068	0.03328	0.01479	0.01109	0.00370	0.00863	0.01233	0.01109	0.01726
54	0.02915	0.62337	0.05714	0.01866	0.02799	0.04314	0.01866	0.03265	0.02215	0.02565	0.01516	0.01749	0.01399	0.00933	0.00700	0.00233	0.01166	0.00583	0.00466	0.01399
55	0.01757	0.01255	0.01757	0.02008	0.02259	0.01255	0.01757	0.02259	0.02510	0.03263	0.05773	0.12299	0.06275	0.03012	0.01506	0.00502	0.01004	0.47540	0.01004	0.01004
56	0.04747	0.02088	0.02674	0.02050	0.02899	0.01947	0.01694	0.14209	0.03509	0.46191	0.03976	0.03499	0.02535	0.01342	0.01095	0.00335	0.00980	0.01074	0.01299	0.01855
57	0.02368	0.02445	0.01989	0.01840	0.02197	0.19369	0.01380	0.02806	0.03088	0.03817	0.37155	0.06131	0.07393	0.01869	0.01187	0.00323	0.00988	0.01558	0.00992	0.01105
58	0.01328	0.00949	0.01265	0.01518	0.01581	0.00886	0.01012	0.01518	0.02088	0.02783	0.06010	0.60969	0.07212	0.03416	0.01392	0.00443	0.00633	0.03100	0.01012	0.00886
59	0.02241	0.01217	0.01239	0.01164	0.01479	0.01250	0.00892	0.07348	0.02567	0.04342	0.03464	0.03922	0.02702	0.01274	0.00795	0.00261	0.00576	0.01013	0.61155	0.01099
60	0.69383	0.02109	0.01603	0.01434	0.02109	0.02446	0.01181	0.03205	0.01856	0.04892	0.01518	0.01771	0.01181	0.01012	0.00675	0.00337	0.00843	0.00590	0.00675	0.01181
61	0.04073	0.05197	0.03090	0.02809	0.03371	0.57303	0.02107	0.04354	0.03090	0.02669	0.01685	0.01966	0.01404	0.01124	0.00983	0.00281	0.01966	0.00702	0.00562	0.01264
62	0.04073	0.05197	0.03090	0.02809	0.03371	0.57303	0.02107	0.04354	0.03090	0.02669	0.01685	0.01966	0.01404	0.01124	0.00983	0.00281	0.01966	0.00702	0.00562	0.01264
63	0.24540	0.02409	0.02502	0.01970	0.02785	0.02543	0.01622	0.22254	0.03419	0.15646	0.02542	0.02535	0.01788	0.01175	0.00934	0.00316	0.00995	0.00849	0.00968	0.08207
64	0.02358	0.04565	0.38574	0.02818	0.04105	0.02591	0.03278	0.04216	0.18795	0.03814	0.02765	0.02878	0.02016	0.01180	0.01060	0.00353	0.01367	0.00945	0.00672	0.01649
65	0.03281	0.01911	0.02176	0.01845	0.02421	0.05617	0.01454	0.04156	0.11149	0.25186	0.22040	0.05230	0.05424	0.01669	0.01158	0.00341	0.00845	0.01403	0.01200	0.01496
66	0.09486	0.01211	0.01219	0.01146	0.01500	0.01223	0.00885	0.02868	0.02318	0.08931	0.03408	0.03787	0.02614	0.01250	0.00784	0.00271	0.00583	0.00978	0.54427	0.01112
67	0.01792	0.00991	0.01388	0.01388	0.01402	0.01005	0.00907	0.01501	0.01486	0.01996	0.02353	0.04336	0.02470	0.18499	0.08538	0.46618	0.01121	0.01122	0.00528	0.00557
68	0.09938	0.02213	0.02557	0.02066	0.02839	0.02277	0.01678	0.13119	0.16568	0.29199	0.03801	0.03446	0.02586	0.01347	0.01061	0.00344	0.00950	0.01068	0.01181	0.01761
69	0.03147	0.03440	0.03990	0.05427	0.38092	0.20422	0.02942	0.03675	0.02681	0.03271	0.01932	0.02460	0.01622	0.01021	0.01048	0.00310	0.01514	0.00884	0.00547	0.01576
70	0.01558	0.01168	0.01752	0.01752	0.01947	0.01363	0.01363	0.01947	0.01752	0.02531	0.02921	0.04283	0.02726	0.08178	0.57360	0.01752	0.02921	0.01168	0.00584	0.00974
71	0.51941	0.02472	0.02266	0.01900	0.02616	0.07827	0.05911	0.03502	0.02138	0.08324	0.01806	0.02043	0.01360	0.01040	0.00793	0.00335	0.01053	0.00704	0.00702	0.01266
72	0.03970	0.02357	0.02678	0.02094	0.02862	0.02441	0.01716	0.29127	0.04058	0.21133	0.03793	0.03626	0.05765	0.01416	0.01073	0.00326	0.01005	0.01109	0.07743	0.01709
73	0.01558	0.01168	0.01752	0.01752	0.01947	0.01363	0.01363	0.01947	0.01752	0.02531	0.02921	0.04283	0.02726	0.08178	0.57360	0.01752	0.02921	0.01168	0.00584	0.00974
74	0.02261	0.01938	0.02261	0.01615	0.02584	0.01453	0.01292	0.02745	0.02261	0.03553	0.01938	0.02261	0.01615	0.00807	0.00807	0.00161	0.00807	0.00646	0.00646	0.68346
75	0.01566	0.01231	0.01657	0.01684	0.01800	0.01322	0.01236	0.01870	0.02347	0.03276	0.21022	0.34454	0.07297	0.02790	0.01704	0.00416	0.09968	0.02392	0.00989	0.00981
76	0.02337	0.02295	0.03438	0.17398	0.09583	0.03029	0.02650	0.02742	0.01885	0.02765	0.01625	0.02550	0.01468	0.01603	0.02686	0.00432	0.38815	0.00960	0.00486	0.01254
77	0.03276	0.02115	0.03370	0.22058	0.20785	0.02182	0.02618	0.03868	0.02613	0.21956	0.02820	0.03129	0.01986	0.01146	0.01089	0.00342	0.01215	0.01015	0.00812	0.01605
78	0.02676	0.02376	0.03483	0.09457	0.16688	0.02274	0.07015	0.10586	0.02789	0.03988	0.02100	0.02563	0.01667	0.00969	0.00998	0.00270	0.01162	0.00878	0.00663	0.27398
79	0.01588	0.01148	0.01723	0.01723	0.01900	0.01326	0.01326	0.01900	0.01723	0.02474	0.02829	0.04197	0.02652	0.07786	0.52623	0.07687	0.02745	0.01148	0.00574	0.00929
80	0.02033	0.01016	0.01016	0.01016	0.01270	0.01016	0.00762	0.02541	0.02287	0.04065	0.03557	0.04065	0.02795	0.01270	0.00762	0.00254	0.00508	0.01016	0.67734	0.01016
81	0.02385	0.02385	0.03340	0.02863	0.02863	0.03340	0.02385	0.02624	0.01670	0.02624	0.01431	0.02385	0.01431	0.01908	0.03578	0.00477	0.59685	0.00954	0.00477	0.01193
82	0.02187	0.05640	0.56031	0.03108	0.04719	0.02532	0.04029	0.03453	0.02302	0.03453	0.01957	0.02302	0.01381	0.01036	0.01036	0.00345	0.01611	0.00806	0.00460	0.01611
83	0.02398	0.02153	0.04184	0.03315	0.04041	0.02042	0.26668	0.03106	0.02587	0.07178	0.03858	0.06932	0.03673	0.01830	0.01365	0.00422	0.01421	0.20724	0.00800	0.01302
84	0.04812	0.01984	0.02610	0.02001	0.02847	0.01792	0.01653	0.10216	0.03335	0.50430	0.04122	0.03594	0.02609	0.01345	0.01096	0.00336	0.00957	0.01084	0.01322	0.01855
85	0.01570	0.01170	0.01478	0.01529	0.01736	0.01143	0.01096	0.02212	0.07951	0.03671	0.27057	0.31691	0.08149	0.02688	0.01315	0.00391	0.00605	0.02405	0.01105	0.01038
86	0.02059	0.01938	0.03270	0.59060	0.07510	0.02422	0.03028	0.02786	0.02180	0.02786	0.01938	0.02907	0.01453	0.01090	0.01090	0.00363	0.01453	0.00969	0.00484	0.01211
87	0.01421	0.01219	0.01231	0.01208	0.01599	0.01086	0.00912	0.01957	0.07157	0.03095	0.10434	0.09898	0.49702	0.02643	0.01272	0.00368	0.00581	0.02202	0.01021	0.00995
88	0.01398	0.01003	0.01327	0.01471	0.01597	0.00932	0.01018	0.01693	0.02411	0.03298	0.21648	0.43864	0.08208	0.03032	0.01357	0.00410	0.00594	0.02734	0.01073	0.00932
89	0.01328	0.00949	0.01265	0.01518	0.01581	0.00886	0.01012	0.01518	0.02088	0.02783	0.06010	0.60969	0.07212	0.03416	0.01392	0.00443	0.00633	0.03100	0.01012	0.00886
90	0.14351	0.01941	0.02463	0.01946	0.02689	0.01884	0.01609	0.04757	0.02801	0.43287	0.03628	0.03302	0.02358	0.01349	0.01255	0.00350	0.06157	0.01008	0.01170	0.01695
91	0.03766	0.01996	0.02312	0.01845	0.02517	0.02013	0.01500	0.19709	0.03530	0.23608	0.03514	0.03457	0.02448	0.01312	0.00992	0.00308	0.00889	0.01034	0.21653	0.01597
92	0.01315	0.01094	0.01149	0.01160	0.01495	0.00928	0.00861	0.01607	0.02511	0.03066	0.14678	0.14037	0.46828	0.02761	0.01296	0.00371	0.00555	0.02330	0.01030	0.00928
93	0.02378	0.14111	0.38326	0.03202	0.04606	0.02859	0.12873	0.03431	0.02341	0.03320	0.01936	0.02339	0.01438	0.00997	0.01032	0.00332	0.01585	0.00865	0.00479	0.01550
94	0.03658	0.02527	0.02999	0.07458	0.03556	0.07444	0.05538	0.09910	0.18120	0.21626	0.03553	0.03411	0.02489	0.01308	0.01103	0.00345	0.01148	0.01091	0.01040	0.01676
95	0.03855	0.02388	0.02894	0.02378	0.02872	0.07764	0.01951	0.04192	0.02564	0.30174	0.02948	0.03033	0.02087	0.01541	0.02032	0.00385	0.23455	0.01003	0.00939	0.01544
96	0.04892	0.01856	0.02530	0.01940	0.02783	0.01603	0.01603	0.05314	0.03121	0.55634	0.04302	0.03711	0.02699	0.01350	0.01096	0.00337	0.00928	0.01096	0.01350	0.01856
97	0.09013	0.02420	0.02372	0.01964	0.02640	0.11639	0.01565	0.08000	0.03117	0.27925	0.09443	0.04262	0.07884	0.01504	0.01081	0.00330	0.01050	0.01182	0.01088	0.01522
98	0.02489	0.02112	0.03525	0.39449	0.20218	0.02396	0.02989	0.03167	0.02348	0.07715	0.02180	0.02921	0.01640	0.01080	0.01088	0.00350	0.01363	0.00981	0.00577	0.01412
99	0.01977	0.01820	0.02184	0.02067	0.02265	0.07693	0.01628	0.02327	0.01880	0.02563	0.02518	0.03691	0.02349	0.06285	0.41563	0.01363	0.13141	0.01080	0.00562	0.01044
100	0.02462	0.02349	0.03998	0.26101	0.37323	0.02528	0.03228	0.03139	0.02371	0.03274	0.02009	0.02776	0.01626	0.01015	0.01083	0.00338	0.01354	0.00971	0.00519	0.01536
101	0.02122	0.02002	0.03384	0.53891	0.12186	0.02439	0.03060	0.02841	0.02210	0.02862	0.01949	0.02886	0.01480	0.01078	0.01089	0.00359	0.01438	0.00969	0.00490	0.01262
102	0.02115	0.01989	0.02874	0.10411	0.03238	0.02647	0.02169	0.02474	0.01883	0.02786	0.06489	0.03316	0.02459	0.02958	0.12772	0.00680	0.35951	0.01086	0.00562	0.01141
103	0.01311	0.01105	0.01135	0.01128	0.01486	0.00930	0.00846	0.01608	0.02538	0.03070	0.14806	0.10289	0.50599	0.02715	0.01288	0.00366	0.00549	0.02273	0.01029	0.00930
104	0.01772	0.02033	0.11169	0.01761	0.02292	0.01460	0.01626	0.02672	0.07866	0.04229	0.40161	0.06713	0.08032	0.01945	0.01225	0.00346	0.00742	0.01694	0.01061	0.01200
105	0.02261	0.01938	0.02261	0.01615	0.02584	0.01453	0.01292	0.02745	0.02261	0.03553	0.01938	0.02261	0.01615	0.00807	0.00807	0.00161	0.00807	0.00646	0.00646	0.68346
106	0.01437	0.01044	0.01362	0.01475	0.01645	0.00969	0.01065	0.01774	0.02508	0.03402	0.23613	0.34405	0.11753	0.02911	0.01356	0.00406	0.00614	0.06233	0.01079	0.00949
107	0.01363	0.01041	0.01259	0.01396	0.01598	0.00937	0.01005	0.01632	0.02336	0.02994	0.11304	0.35116	0.24432	0.03062	0.01356	0.00413	0.00624	0.06188	0.01025	0.00918
108	0.03961	0.02877	0.03076	0.02379	0.03198	0.03176	0.01959	0.47010	0.04880	0.06628	0.02699	0.02744	0.01936	0.01306	0.01062	0.00321	0.01140	0.00985	0.06884	0.01781
109	0.01510	0.01124	0.01424	0.01570	0.01723	0.01103	0.01091	0.02060	0.07670	0.03225	0.13508	0.46511	0.07285	0.03021	0.01345	0.00419	0.00638	0.02721	0.01052	0.00998
110	0.03970	0.03254	0.03592	0.02761	0.03628	0.08638	0.07289	0.41518	0.04653	0.06096	0.02482	0.02588	0.01789	0.01249	0.01101	0.00327	0.01344	0.00987	0.00981	0.01755
111	0.01369	0.01108	0.01216	0.01189	0.01522	0.00955	0.00892	0.01721	0.02676	0.03398	0.24750	0.09749	0.40450	0.02593	0.01288	0.00360	0.00540	0.02197	0.01072	0.00955
112	0.02915	0.62337	0.05714	0.01866	0.02799	0.04314	0.01866	0.03265	0.02215	0.02565	0.01516	0.01749	0.01399	0.00933	0.00700	0.00233	0.01166	0.00583	0.00466	0.01399
113	0.01586	0.01057	0.01189	0.01189	0.01189	0.01057	0.00661	0.01586	0.01586	0.02114	0.03436	0.07135	0.03964	0.61681	0.05550	0.01057	0.01057	0.01586	0.00661	0.00661
114	0.01558	0.01168	0.01752	0.01752	0.01947	0.01363	0.01363	0.01947	0.01752	0.02531	0.02921	0.04283	0.02726	0.08178	0.57360	0.01752	0.02921	0.01168	0.00584	0.00974
115	0.01838	0.01191	0.01486	0.01367	0.01714	0.01064	0.01041	0.02284	0.02943	0.09494	0.38370	0.08247	0.20293	0.02266	0.01266	0.00349	0.00568	0.01959	0.01170	0.01091
116	0.02059	0.01938	0.03270	0.59060	0.07510	0.02422	0.03028	0.02786	0.02180	0.02786	0.01938	0.02907	0.01453	0.01090	0.01090	0.00363	0.01453	0.00969	0.00484	0.01211
117	0.01520	0.01091	0.01347	0.01312	0.01570	0.00997	0.00973	0.01965	0.02836	0.03969	0.38839	0.12817	0.16905	0.02348	0.01255	0.00349	0.00531	0.02051	0.06330	0.00997
118	0.01583	0.01069	0.01249	0.01249	0.01270	0.01090	0.00736	0.01624	0.01603	0.02159	0.03381	0.06831	0.03832	0.55970	0.11079	0.01131	0.01256	0.01541	0.00653	0.00694
119	0.01525	0.01100	0.01441	0.01384	0.01625	0.01016	0.01027	0.02011	0.03000	0.04234	0.50106	0.12737	0.10021	0.02332	0.01295	0.00352	0.00525	0.02070	0.01184	0.01016
120	0.02059	0.01938	0.03270	0.59060	0.07510	0.02422	0.03028	0.02786	0.02180	0.02786	0.01938	0.02907	0.01453	0.01090	0.01090	0.00363	0.01453	0.00969	0.00484	0.01211
121	0.01523	0.01114	0.01429	0.01350	0.01616	0.01020	0.01013	0.02018	0.03038	0.04257	0.50804	0.08335	0.13860	0.02272	0.01286	0.00345	0.00517	0.01999	0.01185	0.01020
122	0.01880	0.01613	0.01987	0.06809	0.02524	0.06940	0.01544	0.02211	0.01892	0.02510	0.02622	0.03849	0.02411	0.06474	0.42166	0.07421	0.02523	0.01085	0.00563	0.00978
123	0.02763	0.02311	0.02464	0.02176	0.02789	0.02637	0.01702	0.10320	0.43478	0.04791	0.08579	0.04268	0.03776	0.01526	0.01123	0.00363	0.00869	0.01270	0.01115	0.01679
124	0.04140	0.03209	0.03259	0.02530	0.03381	0.07281	0.02075	0.47852	0.04979	0.06568	0.02550	0.02571	0.01822	0.01295	0.01083	0.00324	0.01255	0.00961	0.01052	0.01812
125	0.03346	0.01904	0.02372	0.01749	0.02666	0.01515	0.01420	0.03804	0.02615	0.25026	0.02913	0.02859	0.02062	0.01031	0.00927	0.00234	0.00857	0.00832	0.00936	0.40932
126	0.03456	0.02849	0.07152	0.02710	0.07270	0.13560	0.05767	0.03961	0.02855	0.21564	0.08708	0.08863	0.03387	0.01498	0.01129	0.00338	0.01232	0.01273	0.00936	0.01492
127	0.03035	0.07696	0.19754	0.08306	0.08512	0.08359	0.11076	0.03821	0.02582	0.12952	0.02382	0.02685	0.01710	0.01076	0.01070	0.00333	0.01492	0.00943	0.00661	0.01555
128	0.01915	0.01167	0.01486	0.01408	0.01710	0.01092	0.01091	0.02420	0.02886	0.08201	0.36394	0.07419	0.07920	0.02053	0.01193	0.00341	0.00591	0.05946	0.13678	0.01088
129	0.02699	0.02591	0.04426	0.06693	0.54879	0.02591	0.03346	0.03346	0.02483	0.03562	0.02051	0.02699	0.01727	0.00972	0.01079	0.00324	0.01295	0.00972	0.00540	0.01727
130	0.02868	0.22280	0.08058	0.02339	0.03089	0.10741	0.06470	0.03345	0.02453	0.08472	0.02757	0.07833	0.02526	0.02020	0.06038	0.00446	0.01458	0.04786	0.00679	0.01342
131	0.03696	0.02283	0.02600	0.02093	0.02811	0.02403	0.01695	0.22873	0.12781	0.18969	0.08072	0.03769	0.03166	0.01429	0.01089	0.00334	0.00954	0.01148	0.06138	0.01695
132	0.09762	0.02008	0.02428	0.01843	0.02713	0.01786	0.01509	0.08320	0.02915	0.30686	0.03173	0.02992	0.02153	0.01147	0.00969	0.00282	0.00907	0.00901	0.01048	0.22455
133	0.03171	0.02424	0.02605	0.02205	0.02864	0.02710	0.01779	0.24304	0.23788	0.05380	0.03692	0.04116	0.02891	0.01510	0.01099	0.00351	0.00981	0.04808	0.07670	0.01652
134	0.02549	0.02566	0.03748	0.30537	0.27438	0.08352	0.03067	0.03194	0.02407	0.03107	0.01960	0.02717	0.01566	0.01043	0.01074	0.00338	0.01440	0.00942	0.00516	0.01439
135	0.01616	0.01281	0.01852	0.01839	0.02079	0.01248	0.05122	0.02197	0.06849	0.03286	0.13214	0.39349	0.06841	0.02826	0.01350	0.00419	0.00758	0.05823	0.01013	0.01039
136	0.19523	0.02415	0.02588	0.02086	0.02855	0.02586	0.01730	0.25553	0.03690	0.17195	0.02993	0.03440	0.02241	0.01384	0.01027	0.00346	0.01038	0.04637	0.01044	0.01628
137	0.01630	0.01274	0.01890	0.01849	0.02027	0.01535	0.01452	0.02006	0.01745	0.02539	0.02791	0.04118	0.02613	0.07633	0.52684	0.01641	0.07855	0.01150	0.00575	0.00993
138	0.01469	0.01076	0.01379	0.01379	0.01603	0.00986	0.01005	0.01886	0.02800	0.03871	0.39061	0.20378	0.13947	0.02551	0.01310	0.00368	0.00545	0.02261	0.01139	0.00986
139	0.01752	0.01022	0.01454	0.01454	0.01500	0.01068	0.00989	0.01579	0.01533	0.02090	0.02446	0.04307	0.02505	0.16378	0.17192	0.38997	0.01440	0.01127	0.00537	0.00630
140	0.02574	0.02941	0.06434	0.04596	0.05699	0.02757	0.50919	0.03493	0.02574	0.03493	0.02206	0.02941	0.01654	0.00919	0.01287	0.00368	0.01838	0.01287	0.00551	0.01471
141	0.03388	0.02324	0.02464	0.01974	0.02625	0.02534	0.01603	0.33803	0.04110	0.05867	0.02954	0.03136	0.02191	0.01295	0.00973	0.00301	0.00952	0.00994	0.24956	0.01554
142	0.02742	0.02111	0.02612	0.02143	0.02720	0.02221	0.05111	0.22354	0.07501	0.05195	0.21535	0.09934	0.05448	0.01811	0.01203	0.00349	0.00925	0.01566	0.01085	0.01435
143	0.69383	0.02109	0.01603	0.01434	0.02109	0.02446	0.01181	0.03205	0.01856	0.04892	0.01518	0.01771	0.01181	0.01012	0.00675	0.00337	0.00843	0.00590	0.00675	0.01181
144	0.02033	0.01016	0.01016	0.01016	0.01270	0.01016	0.00762	0.02541	0.02287	0.04065	0.03557	0.04065	0.02795	0.01270	0.00762	0.00254	0.00508	0.01016	0.67734	0.01016
145	0.02915	0.62337	0.05714	0.01866	0.02799	0.04314	0.01866	0.03265	0.02215	0.02565	0.01516	0.01749	0.01399	0.00933	0.00700	0.00233	0.01166	0.00583	0.00466	0.01399
146	0.03987	0.02830	0.03075	0.02410	0.03239	0.03110	0.01974	0.39774	0.12525	0.11022	0.03063	0.02949	0.02167	0.01340	0.01094	0.00335	0.01121	0.01032	0.01118	0.01834
147	0.01658	0.01188	0.01430	0.01386	0.01401	0.01291	0.00873	0.01709	0.01606	0.02192	0.03211	0.06483	0.03637	0.52157	0.09228	0.01055	0.06627	0.01496	0.00638	0.00733
148	0.02172	0.02527	0.16789	0.02047	0.02667	0.01726	0.01979	0.02877	0.06987	0.07118	0.02839	0.03978	0.02482	0.12959	0.15050	0.11288	0.01587	0.01102	0.00659	0.01168
149	0.01627	0.01065	0.01378	0.01512	0.01619	0.01056	0.01034	0.01917	0.06008	0.02815	0.04722	0.38383	0.05302	0.03182	0.01998	0.16434	0.00716	0.02280	0.06085	0.00866
150	0.02574	0.02941	0.06434	0.04596	0.05699	0.02757	0.50919	0.03493	0.02574	0.03493	0.02206	0.02941	0.01654	0.00919	0.01287	0.00368	0.01838	0.01287	0.00551	0.01471
151	0.02484	0.01995	0.02819	0.20298	0.09321	0.01886	0.02072	0.03055	0.02337	0.08136	0.02168	0.02643	0.01675	0.00963	0.00950	0.00258	0.01071	0.00822	0.00650	0.34397
152	0.01834	0.01173	0.01554	0.01484	0.01772	0.01081	0.01131	0.02305	0.02941	0.08695	0.41179	0.13688	0.08992	0.02334	0.01296	0.00365	0.00599	0.05310	0.01179	0.01085
153	0.64227	0.02088	0.01677	0.01474	0.02163	0.02379	0.01215	0.03374	0.01957	0.08949	0.01741	0.01926	0.01302	0.01039	0.00708	0.00337	0.00850	0.00631	0.00729	0.01235
154	0.02552	0.02449	0.04296	0.27202	0.19266	0.02638	0.13899	0.07879	0.02641	0.03556	0.02096	0.02831	0.01611	0.01041	0.01132	0.00350	0.01474	0.01043	0.00574	0.01471
155	0.02591	0.02154	0.03506	0.17606	0.20037	0.02246	0.06982	0.06998	0.02799	0.07844	0.12497	0.03912	0.03417	0.01299	0.01144	0.00343	0.01195	0.01207	0.00764	0.01460
156	0.01952	0.02176	0.08539	0.15604	0.09006	0.01974	0.06742	0.02554	0.02376	0.03252	0.11658	0.12817	0.08464	0.01794	0.01393	0.00376	0.05796	0.01571	0.00731	0.01225
157	0.02031	0.02829	0.17853	0.02169	0.02900	0.02025	0.02150	0.03335	0.15122	0.03705	0.12899	0.09285	0.11480	0.01833	0.01331	0.00371	0.04947	0.01505	0.00869	0.01360
158	0.02650	0.02731	0.03834	0.15457	0.24749	0.10574	0.07010	0.03238	0.02465	0.03174	0.02311	0.03577	0.02047	0.01282	0.01309	0.00358	0.05679	0.05554	0.00574	0.01425

[dist]
# distance from previous block
# <min> <max>
0	6

[block]
# block no. 2 follows, 12 sequences, length 13
# corresponding to MSA columns:
# 589-601
name=unknown_C
#
# <colnr> <probs for GDERKNQSTAVLIFYWHMCP>
#	G	D	E	R	K	N	Q	S	T	A	V	L	I	F	Y	W	H	M	C	P
0	0.32143	0.02947	0.02703	0.03088	0.15183	0.14939	0.01965	0.03747	0.07161	0.04036	0.01963	0.02258	0.01568	0.01072	0.00884	0.00324	0.01209	0.00769	0.00658	0.01383
1	0.18219	0.03441	0.06793	0.06418	0.03345	0.19925	0.01989	0.06872	0.11117	0.03882	0.02225	0.02432	0.01722	0.01136	0.00940	0.00314	0.01328	0.00806	0.00704	0.06392
2	0.03246	0.02526	0.03114	0.02480	0.03127	0.02826	0.05325	0.31450	0.03905	0.05321	0.06231	0.03294	0.02551	0.02559	0.10814	0.00585	0.07068	0.01103	0.00917	0.01557
3	0.02687	0.02639	0.02319	0.02111	0.02612	0.14604	0.01613	0.04401	0.27393	0.04078	0.18052	0.04756	0.04880	0.01613	0.01131	0.00342	0.01013	0.01324	0.01011	0.01422
4	0.02699	0.02591	0.04426	0.06693	0.54879	0.02591	0.03346	0.03346	0.02483	0.03562	0.02051	0.02699	0.01727	0.00972	0.01079	0.00324	0.01295	0.00972	0.00540	0.01727
5	0.01644	0.01243	0.01707	0.01662	0.01772	0.01442	0.01217	0.01886	0.01687	0.02397	0.02959	0.05086	0.03030	0.25958	0.34576	0.01395	0.07560	0.01292	0.00600	0.00887
6	0.02497	0.01911	0.03003	0.02450	0.03048	0.01840	0.13594	0.09863	0.02883	0.09732	0.05197	0.18296	0.12377	0.02102	0.01281	0.00388	0.01070	0.06217	0.00948	0.01302
7	0.02514	0.01930	0.02287	0.01646	0.02603	0.01468	0.01322	0.02992	0.02344	0.08559	0.02165	0.02400	0.01719	0.00860	0.00835	0.00178	0.00819	0.00689	0.00714	0.61955
8	0.69383	0.02109	0.01603	0.01434	0.02109	0.02446	0.01181	0.03205	0.01856	0.04892	0.01518	0.01771	0.01181	0.01012	0.00675	0.00337	0.00843	0.00590	0.00675	0.01181
9	0.08213	0.02668	0.02995	0.02992	0.11592	0.07730	0.02066	0.18143	0.07018	0.07993	0.09016	0.03360	0.02928	0.01401	0.01312	0.00343	0.06716	0.01073	0.00891	0.01551
10	0.57944	0.01914	0.01546	0.01448	0.02020	0.02184	0.01152	0.02922	0.01895	0.04538	0.02273	0.11722	0.02195	0.01416	0.00795	0.00355	0.00808	0.01012	0.00731	0.01131
11	0.02578	0.02126	0.02431	0.01765	0.02718	0.01778	0.01423	0.10897	0.02743	0.04111	0.02052	0.02321	0.01655	0.00892	0.00855	0.00189	0.00873	0.00702	0.00721	0.57170
12	0.03830	0.01840	0.02364	0.01835	0.02603	0.01622	0.01491	0.07966	0.03129	0.34447	0.12162	0.04126	0.03724	0.01403	0.01079	0.00308	0.00860	0.01159	0.01186	0.12866

[dist]
# distance from previous block
# <min> <max>
2	9

[block]
# block no. 3 follows, 12 sequences, length 34
# corresponding to MSA columns:
# 612-645
name=unknown_D
#
# <colnr> <probs for GDERKNQSTAVLIFYWHMCP>
#	G	D	E	R	K	N	Q	S	T	A	V	L	I	F	Y	W	H	M	C	P
0	0.02195	0.02482	0.08584	0.13149	0.04750	0.02173	0.22264	0.02974	0.02523	0.03476	0.10087	0.04470	0.03294	0.01340	0.01210	0.00357	0.01390	0.05605	0.00678	0.06999
1	0.02913	0.02574	0.08124	0.22598	0.18158	0.02446	0.06609	0.07481	0.02698	0.12131	0.02435	0.02914	0.01771	0.01103	0.01099	0.00345	0.01349	0.01003	0.00695	0.01557
2	0.02033	0.01016	0.01016	0.01016	0.01270	0.01016	0.00762	0.02541	0.02287	0.04065	0.03557	0.04065	0.02795	0.01270	0.00762	0.00254	0.00508	0.01016	0.67734	0.01016
3	0.02640	0.02069	0.02470	0.01834	0.02694	0.01807	0.01485	0.07110	0.02520	0.07807	0.02133	0.02416	0.01703	0.00995	0.01113	0.00219	0.06337	0.00739	0.00723	0.51186
4	0.02913	0.10109	0.33319	0.02872	0.04087	0.17139	0.03172	0.07789	0.02745	0.03466	0.01905	0.02194	0.01430	0.01074	0.00998	0.00317	0.01631	0.00775	0.00542	0.01523
5	0.02475	0.01880	0.01960	0.01800	0.02290	0.02121	0.01390	0.04659	0.35257	0.04388	0.04131	0.04067	0.03142	0.01406	0.00988	0.00329	0.00739	0.01157	0.24342	0.01478
6	0.69383	0.02109	0.01603	0.01434	0.02109	0.02446	0.01181	0.03205	0.01856	0.04892	0.01518	0.01771	0.01181	0.01012	0.00675	0.00337	0.00843	0.00590	0.00675	0.01181
7	0.03483	0.02122	0.02504	0.02036	0.02599	0.02240	0.01603	0.26312	0.03504	0.13159	0.02642	0.03041	0.02007	0.02180	0.02197	0.24023	0.01067	0.00988	0.00918	0.01373
8	0.52263	0.02179	0.02046	0.01799	0.02301	0.02674	0.01489	0.03057	0.01808	0.04313	0.01496	0.01928	0.01245	0.01241	0.01417	0.00373	0.15879	0.00683	0.00624	0.01184
9	0.01614	0.01121	0.01541	0.01565	0.01685	0.01218	0.01136	0.01814	0.01740	0.02409	0.03266	0.05876	0.03389	0.24735	0.30758	0.07091	0.01967	0.05606	0.00639	0.00832
10	0.02811	0.03045	0.02972	0.02560	0.03102	0.21211	0.09549	0.06736	0.07548	0.03328	0.03979	0.16823	0.08011	0.01822	0.01175	0.00352	0.01346	0.01572	0.00796	0.01262
11	0.01685	0.01206	0.01665	0.01856	0.02094	0.01186	0.01569	0.02165	0.02580	0.03424	0.14458	0.15347	0.07065	0.02904	0.01458	0.00469	0.00888	0.35942	0.01040	0.00999
12	0.69383	0.02109	0.01603	0.01434	0.02109	0.02446	0.01181	0.03205	0.01856	0.04892	0.01518	0.01771	0.01181	0.01012	0.00675	0.00337	0.00843	0.00590	0.00675	0.01181
13	0.69383	0.02109	0.01603	0.01434	0.02109	0.02446	0.01181	0.03205	0.01856	0.04892	0.01518	0.01771	0.01181	0.01012	0.00675	0.00337	0.00843	0.00590	0.00675	0.01181
14	0.02261	0.01938	0.02261	0.01615	0.02584	0.01453	0.01292	0.02745	0.02261	0.03553	0.01938	0.02261	0.01615	0.00807	0.00807	0.00161	0.00807	0.00646	0.00646	0.68346
15	0.01450	0.01098	0.01194	0.01214	0.01421	0.01005	0.00836	0.01631	0.02117	0.02630	0.07474	0.09260	0.29651	0.27046	0.03061	0.00663	0.00798	0.05764	0.00867	0.00820
16	0.01894	0.00947	0.01420	0.01420	0.01420	0.00947	0.00947	0.01420	0.01420	0.01894	0.01894	0.03314	0.01894	0.03788	0.04261	0.68277	0.00947	0.00947	0.00473	0.00473
17	0.04338	0.02491	0.02893	0.02246	0.03084	0.02578	0.01846	0.28138	0.08298	0.27155	0.03478	0.03199	0.02333	0.01340	0.01095	0.00335	0.01057	0.01051	0.01201	0.01844
18	0.24858	0.17407	0.21231	0.02154	0.03224	0.02835	0.02353	0.03500	0.02210	0.08584	0.01927	0.02128	0.01442	0.01033	0.00843	0.00316	0.01189	0.00709	0.00616	0.01442
19	0.02732	0.01923	0.02309	0.01673	0.02620	0.01480	0.01348	0.03205	0.02415	0.12869	0.02361	0.02520	0.01809	0.00904	0.00859	0.00193	0.00829	0.00727	0.00772	0.56453
20	0.01483	0.01172	0.01357	0.01430	0.01700	0.01098	0.01056	0.02011	0.06720	0.03188	0.12463	0.26296	0.26840	0.02835	0.01324	0.00401	0.00637	0.05958	0.01038	0.00995
21	0.02385	0.02385	0.03340	0.02863	0.02863	0.03340	0.02385	0.02624	0.01670	0.02624	0.01431	0.02385	0.01431	0.01908	0.03578	0.00477	0.59685	0.00954	0.00477	0.01193
