[name]
unknown

[dist]
# distance from previous block
# <min> <max>
0	141

[block]
# block no. 0 follows, 12 sequences, length 41
# corresponding to MSA columns:
# 154-194
name=unknown_A
#
# <colnr> <probs for GDERKNQSTAVLIFYWHMCP>
#	G	D	E	R	K	N	Q	S	T	A	V	L	I	F	Y	W	H	M	C	P
0	0.01512	0.01061	0.01295	0.01408	0.01499	0.01027	0.00953	0.01672	0.01958	0.02565	0.05224	0.23916	0.09696	0.30194	0.03321	0.00729	0.00881	0.09436	0.00849	0.00804
1	0.25281	0.03145	0.02884	0.02951	0.11918	0.15059	0.02009	0.16611	0.03136	0.04702	0.01949	0.02208	0.01510	0.01111	0.00928	0.00320	0.01272	0.00789	0.00740	0.01479
2	0.48462	0.02412	0.02138	0.01779	0.02517	0.02746	0.01467	0.18610	0.02905	0.05527	0.01871	0.02043	0.01397	0.01107	0.00808	0.00334	0.00958	0.00716	0.00808	0.01397
3	0.02936	0.40037	0.05129	0.03393	0.18557	0.07754	0.02330	0.03371	0.02361	0.02874	0.01690	0.02052	0.01499	0.00959	0.00835	0.00264	0.01265	0.00709	0.00496	0.01488
4	0.01328	0.00949	0.01265	0.01518	0.01581	0.00886	0.01012	0.01518	0.02088	0.02783	0.06010	0.60969	0.07212	0.03416	0.01392	0.00443	0.00633	0.03100	0.01012	0.00886
5	0.02261	0.01938	0.02261	0.01615	0.02584	0.01453	0.01292	0.02745	0.02261	0.03553	0.01938	0.02261	0.01615	0.00807	0.00807	0.00161	0.00807	0.00646	0.00646	0.68346
6	0.24502	0.02747	0.07584	0.04107	0.24327	0.02630	0.06963	0.07915	0.02526	0.04298	0.01939	0.02381	0.01528	0.01017	0.00965	0.00334	0.01214	0.00865	0.00631	0.01529
7	0.02815	0.02812	0.04312	0.06362	0.50501	0.07241	0.03241	0.03432	0.02534	0.03486	0.02020	0.02636	0.01700	0.00984	0.01071	0.00320	0.01352	0.00949	0.00542	0.01688
8	0.01454	0.01130	0.01336	0.01439	0.01660	0.01065	0.01019	0.01946	0.06620	0.03130	0.11853	0.36025	0.21416	0.02944	0.01327	0.00405	0.00617	0.02596	0.01038	0.00981
9	0.32116	0.01962	0.02139	0.01726	0.02499	0.01959	0.01425	0.04424	0.02587	0.34214	0.03127	0.02892	0.02058	0.01207	0.00918	0.00337	0.00892	0.00883	0.01065	0.01571
10	0.11584	0.01708	0.01775	0.01691	0.02135	0.01848	0.01285	0.03504	0.22251	0.03967	0.10320	0.15635	0.13922	0.02074	0.01149	0.00376	0.00727	0.01749	0.01021	0.01279
11	0.01368	0.01028	0.01268	0.01375	0.01564	0.00928	0.00968	0.01656	0.02424	0.03195	0.18556	0.35412	0.20355	0.02968	0.01340	0.00400	0.00584	0.02628	0.01056	0.00928
12	0.01386	0.00980	0.01273	0.01457	0.01530	0.00924	0.00964	0.01580	0.02112	0.02841	0.10275	0.48265	0.07046	0.11569	0.01972	0.00520	0.00681	0.02777	0.00980	0.00867
13	0.22462	0.01851	0.02169	0.01765	0.02498	0.01777	0.01437	0.04417	0.02685	0.37229	0.03671	0.07887	0.02650	0.01426	0.01004	0.00346	0.00880	0.01121	0.01135	0.01589
14	0.01328	0.00949	0.01265	0.01518	0.01581	0.00886	0.01012	0.01518	0.02088	0.02783	0.06010	0.60969	0.07212	0.03416	0.01392	0.00443	0.00633	0.03100	0.01012	0.00886
15	0.01313	0.01008	0.01204	0.01362	0.01540	0.00899	0.00943	0.01536	0.02238	0.02845	0.07915	0.41867	0.25083	0.03168	0.01353	0.00415	0.00602	0.02798	0.01012	0.00899
16	0.01813	0.01161	0.01504	0.01425	0.01720	0.01055	0.01065	0.02252	0.02898	0.08944	0.39067	0.15440	0.12756	0.02358	0.01283	0.00359	0.00574	0.02076	0.01172	0.01079
17	0.01459	0.01017	0.01270	0.01372	0.01445	0.00973	0.00886	0.01635	0.02073	0.02807	0.13267	0.32209	0.06541	0.24630	0.02902	0.00652	0.00769	0.02352	0.00915	0.00827
18	0.04145	0.03054	0.03272	0.02509	0.03381	0.03381	0.02072	0.51243	0.05127	0.06872	0.02618	0.02618	0.01854	0.01309	0.01091	0.00327	0.01200	0.00982	0.01091	0.01854
19	0.02059	0.01938	0.03270	0.59060	0.07510	0.02422	0.03028	0.02786	0.02180	0.02786	0.01938	0.02907	0.01453	0.01090	0.01090	0.00363	0.01453	0.00969	0.00484	0.01211
20	0.01443	0.01069	0.01346	0.01365	0.01590	0.00972	0.00990	0.01830	0.02718	0.03707	0.34104	0.22601	0.16969	0.02635	0.01315	0.00374	0.00552	0.02328	0.01118	0.00972
21	0.69383	0.02109	0.01603	0.01434	0.02109	0.02446	0.01181	0.03205	0.01856	0.04892	0.01518	0.01771	0.01181	0.01012	0.00675	0.00337	0.00843	0.00590	0.00675	0.01181
22	0.02205	0.01553	0.01861	0.01680	0.02100	0.01590	0.01292	0.03486	0.18124	0.09161	0.34641	0.06505	0.07487	0.01922	0.01215	0.00351	0.00658	0.01668	0.01187	0.01315
23	0.01558	0.01168	0.01752	0.01752	0.01947	0.01363	0.01363	0.01947	0.01752	0.02531	0.02921	0.04283	0.02726	0.08178	0.57360	0.01752	0.02921	0.01168	0.00584	0.00974
24	0.01363	0.01107	0.01218	0.01257	0.01577	0.00961	0.00957	0.01677	0.02509	0.03097	0.14118	0.14875	0.41286	0.02794	0.01319	0.00386	0.00602	0.06930	0.01029	0.00936
25	0.02139	0.01938	0.02873	0.36423	0.05569	0.02041	0.02344	0.02770	0.02212	0.03088	0.01938	0.02652	0.01517	0.00979	0.00979	0.00284	0.01199	0.00842	0.00548	0.27667
26	0.01313	0.01010	0.01202	0.01355	0.01539	0.00899	0.00940	0.01537	0.02244	0.02847	0.07994	0.41078	0.25821	0.03158	0.01351	0.00413	0.00601	0.02785	0.01012	0.00899
27	0.03003	0.02378	0.02659	0.01967	0.02898	0.02213	0.01600	0.21857	0.03390	0.04861	0.02206	0.02402	0.01709	0.01005	0.00919	0.00227	0.00962	0.00778	0.00821	0.42144
28	0.69383	0.02109	0.01603	0.01434	0.02109	0.02446	0.01181	0.03205	0.01856	0.04892	0.01518	0.01771	0.01181	0.01012	0.00675	0.00337	0.00843	0.00590	0.00675	0.01181
29	0.01543	0.01115	0.01457	0.01372	0.01629	0.01029	0.01029	0.02058	0.03086	0.04372	0.54304	0.08145	0.10288	0.02229	0.01286	0.00343	0.00514	0.01972	0.01200	0.01029
30	0.02915	0.62337	0.05714	0.01866	0.02799	0.04314	0.01866	0.03265	0.02215	0.02565	0.01516	0.01749	0.01399	0.00933	0.00700	0.00233	0.01166	0.00583	0.00466	0.01399
31	0.02086	0.01514	0.02281	0.24162	0.04063	0.01636	0.01875	0.02675	0.02733	0.08948	0.28596	0.05631	0.06037	0.01691	0.01190	0.00350	0.00926	0.01488	0.00933	0.01185
32	0.03262	0.38221	0.09424	0.02031	0.02978	0.03405	0.01997	0.03966	0.07101	0.14479	0.02438	0.02445	0.01861	0.01084	0.00856	0.00279	0.01127	0.00777	0.00719	0.01549
33	0.04340	0.01872	0.02675	0.13080	0.03705	0.01762	0.01881	0.04821	0.02937	0.45328	0.03841	0.03554	0.02456	0.01299	0.01095	0.00342	0.01030	0.01072	0.01181	0.01730
34	0.01586	0.01057	0.01189	0.01189	0.01189	0.01057	0.00661	0.01586	0.01586	0.02114	0.03436	0.07135	0.03964	0.61681	0.05550	0.01057	0.01057	0.01586	0.00661	0.00661
35	0.10861	0.01984	0.02508	0.01942	0.02773	0.01837	0.01604	0.09137	0.03178	0.46618	0.03894	0.03434	0.02483	0.01314	0.01057	0.00336	0.00944	0.01039	0.01264	0.01792
36	0.02676	0.04955	0.46354	0.02896	0.04369	0.02364	0.03590	0.03790	0.02450	0.12892	0.02381	0.02557	0.01620	0.01093	0.01047	0.00344	0.01488	0.00858	0.00621	0.01656
37	0.03997	0.02697	0.02979	0.02349	0.03165	0.02927	0.01919	0.33957	0.14192	0.15247	0.03282	0.03102	0.02298	0.01350	0.01095	0.00337	0.01084	0.01052	0.01141	0.01829
38	0.01505	0.01077	0.01463	0.01681	0.01832	0.01034	0.01283	0.01841	0.02342	0.03118	0.10823	0.37992	0.07185	0.03149	0.01422	0.00454	0.00755	0.19072	0.01028	0.00943
39	0.03618	0.02516	0.04058	0.03036	0.03946	0.02472	0.19567	0.12290	0.10347	0.21430	0.03284	0.03303	0.02271	0.01205	0.01166	0.00351	0.01293	0.01166	0.00984	0.01697
40	0.41168	0.03226	0.02264	0.01998	0.02655	0.20681	0.01577	0.08458	0.02596	0.04358	0.01685	0.01922	0.01323	0.01079	0.00819	0.00318	0.01251	0.00667	0.00680	0.01277

[dist]
# distance from previous block
# <min> <max>
0	1

[block]
# block no. 1 follows, 12 sequences, length 17
# corresponding to MSA columns:
# 196-212
name=unknown_B
#
# <colnr> <probs for GDERKNQSTAVLIFYWHMCP>
#	G	D	E	R	K	N	Q	S	T	A	V	L	I	F	Y	W	H	M	C	P
0	0.40894	0.02697	0.02317	0.01928	0.02663	0.07271	0.01573	0.20337	0.03117	0.05412	0.01922	0.02087	0.01438	0.01127	0.00848	0.00329	0.01062	0.00738	0.00813	0.01427
1	0.63384	0.02392	0.01739	0.01560	0.02225	0.07484	0.01266	0.03311	0.01969	0.04688	0.01534	0.01789	0.01201	0.01022	0.00703	0.00332	0.00947	0.00601	0.00664	0.01188
2	0.01527	0.01123	0.01457	0.01560	0.01793	0.01054	0.01223	0.01933	0.02607	0.03476	0.22417	0.20629	0.15298	0.02801	0.01377	0.00417	0.00698	0.16565	0.01071	0.00975
3	0.01500	0.01072	0.01463	0.01715	0.01853	0.01034	0.01311	0.01816	0.02257	0.02976	0.05915	0.41431	0.06836	0.03254	0.01438	0.00467	0.00782	0.20940	0.01009	0.00933
4	0.57591	0.02164	0.01834	0.01574	0.02282	0.02443	0.01297	0.07467	0.02255	0.10003	0.01882	0.02032	0.01386	0.01070	0.00751	0.00337	0.00882	0.00673	0.00776	0.01303
5	0.01558	0.01168	0.01752	0.01752	0.01947	0.01363	0.01363	0.01947	0.01752	0.02531	0.02921	0.04283	0.02726	0.08178	0.57360	0.01752	0.02921	0.01168	0.00584	0.00974
6	0.01745	0.01158	0.01406	0.01353	0.01678	0.01024	0.01010	0.02116	0.02723	0.08613	0.26559	0.16500	0.25023	0.02514	0.01284	0.00367	0.00586	0.02175	0.01119	0.01049
7	0.02915	0.62337	0.05714	0.01866	0.02799	0.04314	0.01866	0.03265	0.02215	0.02565	0.01516	0.01749	0.01399	0.00933	0.00700	0.00233	0.01166	0.00583	0.00466	0.01399
8	0.03226	0.02228	0.02481	0.02153	0.02823	0.02451	0.01697	0.05681	0.41174	0.16599	0.04406	0.03984	0.03180	0.01449	0.01106	0.00362	0.00878	0.01201	0.01166	0.01756
9	0.01328	0.00949	0.01265	0.01518	0.01581	0.00886	0.01012	0.01518	0.02088	0.02783	0.06010	0.60969	0.07212	0.03416	0.01392	0.00443	0.00633	0.03100	0.01012	0.00886
10	0.03562	0.02764	0.02944	0.02391	0.03159	0.03109	0.01931	0.32754	0.24565	0.05932	0.03358	0.03208	0.02454	0.01378	0.01098	0.00345	0.01063	0.01084	0.01098	0.01802
11	0.69383	0.02109	0.01603	0.01434	0.02109	0.02446	0.01181	0.03205	0.01856	0.04892	0.01518	0.01771	0.01181	0.01012	0.00675	0.00337	0.00843	0.00590	0.00675	0.01181
12	0.69383	0.02109	0.01603	0.01434	0.02109	0.02446	0.01181	0.03205	0.01856	0.04892	0.01518	0.01771	0.01181	0.01012	0.00675	0.00337	0.00843	0.00590	0.00675	0.01181
13	0.04145	0.03054	0.03272	0.02509	0.03381	0.03381	0.02072	0.51243	0.05127	0.06872	0.02618	0.02618	0.01854	0.01309	0.01091	0.00327	0.01200	0.00982	0.01091	0.01854
14	0.01295	0.01081	0.01129	0.01167	0.01489	0.00915	0.00856	0.01558	0.02425	0.02921	0.10289	0.18080	0.47339	0.02860	0.01304	0.00379	0.00564	0.02421	0.01012	0.00915
15	0.13950	0.02912	0.03021	0.02347	0.03190	0.03241	0.01938	0.44024	0.04635	0.06574	0.02453	0.02491	0.01753	0.01264	0.01028	0.00329	0.01146	0.00923	0.01028	0.01753
16	0.02502	0.02390	0.04071	0.22763	0.40342	0.02539	0.03249	0.03174	0.02390	0.03324	0.02016	0.02763	0.01643	0.01008	0.01083	0.00336	0.01344	0.00971	0.00523	0.01569

[dist]
# distance from previous block
# <min> <max>
0	21

[block]
# block no. 2 follows, 12 sequences, length 116
# corresponding to MSA columns:
# 234-349
name=unknown_C
#
# <colnr> <probs for GDERKNQSTAVLIFYWHMCP>
#	G	D	E	R	K	N	Q	S	T	A	V	L	I	F	Y	W	H	M	C	P
0	0.01328	0.00949	0.01265	0.01518	0.01581	0.00886	0.01012	0.01518	0.02088	0.02783	0.06010	0.60969	0.07212	0.03416	0.01392	0.00443	0.00633	0.03100	0.01012	0.00886
1	0.01371	0.00967	0.01252	0.01463	0.01516	0.00914	0.00953	0.01529	0.02004	0.02672	0.05580	0.51976	0.06669	0.13149	0.02086	0.00545	0.00704	0.02847	0.00953	0.00848
2	0.14023	0.02387	0.02640	0.02105	0.02899	0.02521	0.01722	0.21145	0.11183	0.23171	0.03313	0.03090	0.02270	0.01304	0.01033	0.00339	0.01000	0.01001	0.01121	0.01734
3	0.03841	0.02495	0.02799	0.02260	0.03036	0.02686	0.01830	0.23488	0.21212	0.18766	0.03689	0.03407	0.02587	0.01379	0.01099	0.00345	0.01012	0.01099	0.01165	0.01810
4	0.03012	0.01527	0.01980	0.01705	0.02219	0.01421	0.01333	0.03718	0.08075	0.25212	0.24085	0.11040	0.06176	0.01908	0.01201	0.00353	0.00730	0.01648	0.01234	0.01424
5	0.01834	0.01251	0.01391	0.01317	0.01402	0.01283	0.00798	0.06403	0.01929	0.02576	0.03356	0.06697	0.03759	0.55824	0.05117	0.00986	0.01071	0.01527	0.00702	0.00776
6	0.02261	0.01938	0.02261	0.01615	0.02584	0.01453	0.01292	0.02745	0.02261	0.03553	0.01938	0.02261	0.01615	0.00807	0.00807	0.00161	0.00807	0.00646	0.00646	0.68346
7	0.09433	0.03761	0.15793	0.02581	0.03590	0.07338	0.02467	0.31820	0.03998	0.05544	0.02288	0.02416	0.01646	0.01202	0.01032	0.00329	0.01328	0.00883	0.00861	0.01690
8	0.01328	0.00949	0.01265	0.01518	0.01581	0.00886	0.01012	0.01518	0.02088	0.02783	0.06010	0.60969	0.07212	0.03416	0.01392	0.00443	0.00633	0.03100	0.01012	0.00886
9	0.02797	0.02657	0.04518	0.06188	0.46577	0.02665	0.07514	0.06982	0.02691	0.03806	0.02108	0.02714	0.01730	0.00992	0.01099	0.00328	0.01337	0.01001	0.00582	0.01714
10	0.02637	0.02527	0.04314	0.11773	0.50284	0.02574	0.03315	0.03292	0.02453	0.03487	0.02040	0.02719	0.01701	0.00983	0.01080	0.00328	0.01311	0.00971	0.00534	0.01677
11	0.01406	0.01005	0.01355	0.01607	0.01705	0.00953	0.01147	0.01653	0.02164	0.02871	0.05967	0.52126	0.07041	0.03343	0.01412	0.00454	0.00700	0.11174	0.01011	0.00907
12	0.02574	0.02941	0.06434	0.04596	0.05699	0.02757	0.50919	0.03493	0.02574	0.03493	0.02206	0.02941	0.01654	0.00919	0.01287	0.00368	0.01838	0.01287	0.00551	0.01471
13	0.02310	0.02194	0.03723	0.38529	0.26081	0.02488	0.03153	0.03006	0.02299	0.03090	0.01982	0.02825	0.01561	0.01044	0.01086	0.00348	0.01391	0.00970	0.00506	0.01413
14	0.02251	0.10650	0.51585	0.02998	0.04549	0.02690	0.03837	0.03436	0.02294	0.03375	0.01918	0.02253	0.01383	0.01027	0.01006	0.00335	0.01572	0.00786	0.00461	0.01593
15	0.02255	0.10931	0.51335	0.02992	0.04540	0.02699	0.03827	0.03435	0.02294	0.03370	0.01916	0.02250	0.01383	0.01026	0.01005	0.00335	0.01570	0.00785	0.00461	0.01592
16	0.69383	0.02109	0.01603	0.01434	0.02109	0.02446	0.01181	0.03205	0.01856	0.04892	0.01518	0.01771	0.01181	0.01012	0.00675	0.00337	0.00843	0.00590	0.00675	0.01181
17	0.02897	0.03368	0.23510	0.07857	0.03951	0.02009	0.02614	0.03696	0.02493	0.17000	0.02561	0.02717	0.01790	0.01066	0.01000	0.00299	0.01217	0.00857	0.00741	0.18357
18	0.03640	0.02518	0.04591	0.03348	0.04326	0.02352	0.26843	0.08500	0.03021	0.24622	0.03080	0.03220	0.02090	0.01126	0.01193	0.00352	0.01417	0.01183	0.00919	0.01659
19	0.69383	0.02109	0.01603	0.01434	0.02109	0.02446	0.01181	0.03205	0.01856	0.04892	0.01518	0.01771	0.01181	0.01012	0.00675	0.00337	0.00843	0.00590	0.00675	0.01181
20	0.02059	0.01938	0.03270	0.59060	0.07510	0.02422	0.03028	0.02786	0.02180	0.02786	0.01938	0.02907	0.01453	0.01090	0.01090	0.00363	0.01453	0.00969	0.00484	0.01211
21	0.03781	0.01888	0.02820	0.24334	0.04636	0.01924	0.02161	0.04323	0.02752	0.34915	0.03375	0.03396	0.02211	0.01248	0.01094	0.00348	0.01134	0.01047	0.01010	0.01603
22	0.02465	0.02395	0.04204	0.24706	0.34007	0.02547	0.07500	0.03165	0.02386	0.03286	0.02026	0.02793	0.01625	0.01008	0.01102	0.00342	0.01399	0.00999	0.00522	0.01525
23	0.01586	0.01057	0.01189	0.01189	0.01189	0.01057	0.00661	0.01586	0.01586	0.02114	0.03436	0.07135	0.03964	0.61681	0.05550	0.01057	0.01057	0.01586	0.00661	0.00661
24	0.02401	0.02924	0.10472	0.04024	0.05035	0.02487	0.38246	0.03285	0.02537	0.03451	0.02771	0.04426	0.02392	0.01276	0.01299	0.00388	0.01678	0.08884	0.00617	0.01407
25	0.02062	0.02083	0.04187	0.03244	0.03903	0.02022	0.28095	0.02698	0.02263	0.03101	0.03148	0.14826	0.03038	0.03305	0.15908	0.00743	0.01880	0.01616	0.00652	0.01225
26	0.01558	0.01168	0.01752	0.01752	0.01947	0.01363	0.01363	0.01947	0.01752	0.02531	0.02921	0.04283	0.02726	0.08178	0.57360	0.01752	0.02921	0.01168	0.00584	0.00974
27	0.02574	0.02941	0.06434	0.04596	0.05699	0.02757	0.50919	0.03493	0.02574	0.03493	0.02206	0.02941	0.01654	0.00919	0.01287	0.00368	0.01838	0.01287	0.00551	0.01471
28	0.02448	0.02335	0.03973	0.27223	0.36308	0.02525	0.03222	0.03127	0.02364	0.03258	0.02007	0.02780	0.01620	0.01018	0.01084	0.00339	0.01357	0.00971	0.00518	0.01525
29	0.01418	0.01035	0.01456	0.01610	0.01725	0.01073	0.01150	0.01686	0.01956	0.02685	0.04799	0.38745	0.05453	0.05283	0.23334	0.00956	0.01530	0.02342	0.00844	0.00920
30	0.35274	0.01762	0.01783	0.01624	0.02193	0.01852	0.01305	0.03335	0.02266	0.16839	0.03389	0.13862	0.03093	0.01706	0.00981	0.00371	0.00840	0.05316	0.00931	0.01278
31	0.04820	0.01972	0.02602	0.01995	0.02841	0.01775	0.01648	0.09769	0.03315	0.50904	0.04138	0.03605	0.02617	0.01346	0.01096	0.00336	0.00954	0.01085	0.01324	0.01855
32	0.01395	0.00977	0.01245	0.01433	0.01479	0.00930	0.00921	0.01536	0.01957	0.02609	0.05339	0.46952	0.06366	0.18587	0.02474	0.00603	0.00743	0.02705	0.00921	0.00827
33	0.24932	0.01742	0.01951	0.01647	0.02277	0.01723	0.01323	0.03788	0.02628	0.26443	0.12129	0.08118	0.03850	0.01546	0.01015	0.00346	0.00807	0.01233	0.01080	0.01423
34	0.01922	0.01138	0.01326	0.01266	0.01351	0.01113	0.00757	0.01965	0.01742	0.07562	0.03524	0.06787	0.03835	0.55540	0.05096	0.00984	0.01044	0.01536	0.00731	0.00782
35	0.04892	0.01856	0.02530	0.01940	0.02783	0.01603	0.01603	0.05314	0.03121	0.55634	0.04302	0.03711	0.02699	0.01350	0.01096	0.00337	0.00928	0.01096	0.01350	0.01856
36	0.01419	0.01096	0.01295	0.01275	0.01560	0.00971	0.00945	0.01807	0.02750	0.03643	0.32190	0.13845	0.28164	0.02554	0.01297	0.00362	0.00541	0.02208	0.01106	0.00971
37	0.02338	0.01308	0.01682	0.01520	0.01942	0.01170	0.01199	0.02782	0.02926	0.16595	0.29205	0.07892	0.16499	0.02188	0.01260	0.00361	0.00669	0.06073	0.01183	0.01209
38	0.02574	0.02941	0.06434	0.04596	0.05699	0.02757	0.50919	0.03493	0.02574	0.03493	0.02206	0.02941	0.01654	0.00919	0.01287	0.00368	0.01838	0.01287	0.00551	0.01471
39	0.04822	0.01967	0.02600	0.01993	0.02839	0.01769	0.01646	0.09600	0.03308	0.51083	0.04144	0.03609	0.02620	0.01346	0.01096	0.00336	0.00953	0.01086	0.01325	0.01855
40	0.02041	0.01225	0.01617	0.01456	0.01801	0.01114	0.01114	0.02542	0.03092	0.11999	0.46865	0.07485	0.09159	0.02098	0.01258	0.00342	0.00576	0.01842	0.01222	0.01152
41	0.69383	0.02109	0.01603	0.01434	0.02109	0.02446	0.01181	0.03205	0.01856	0.04892	0.01518	0.01771	0.01181	0.01012	0.00675	0.00337	0.00843	0.00590	0.00675	0.01181
42	0.02574	0.02941	0.06434	0.04596	0.05699	0.02757	0.50919	0.03493	0.02574	0.03493	0.02206	0.02941	0.01654	0.00919	0.01287	0.00368	0.01838	0.01287	0.00551	0.01471
43	0.01604	0.00975	0.01168	0.01321	0.01459	0.00937	0.00914	0.01919	0.02166	0.03286	0.05048	0.38660	0.05480	0.02575	0.01145	0.00369	0.00584	0.02283	0.27171	0.00937
44	0.01852	0.01451	0.01670	0.01707	0.01952	0.01549	0.01201	0.03016	0.19668	0.03289	0.05033	0.32199	0.05319	0.12476	0.01988	0.00520	0.00784	0.02198	0.00987	0.01140
45	0.01558	0.01168	0.01752	0.01752	0.01947	0.01363	0.01363	0.01947	0.01752	0.02531	0.02921	0.04283	0.02726	0.08178	0.57360	0.01752	0.02921	0.01168	0.00584	0.00974
46	0.01379	0.01069	0.01256	0.01291	0.01549	0.00946	0.00937	0.01709	0.02577	0.03356	0.23471	0.22158	0.28885	0.02754	0.01313	0.00379	0.00560	0.02393	0.01072	0.00946
47	0.02059	0.01938	0.03270	0.59060	0.07510	0.02422	0.03028	0.02786	0.02180	0.02786	0.01938	0.02907	0.01453	0.01090	0.01090	0.00363	0.01453	0.00969	0.00484	0.01211
48	0.02261	0.01938	0.02261	0.01615	0.02584	0.01453	0.01292	0.02745	0.02261	0.03553	0.01938	0.02261	0.01615	0.00807	0.00807	0.00161	0.00807	0.00646	0.00646	0.68346
49	0.01574	0.01103	0.01421	0.01421	0.01501	0.01183	0.00949	0.01734	0.01654	0.02286	0.03224	0.05963	0.03455	0.39689	0.26846	0.01343	0.01823	0.01414	0.00629	0.00789
50	0.01543	0.01115	0.01457	0.01372	0.01629	0.01029	0.01029	0.02058	0.03086	0.04372	0.54304	0.08145	0.10288	0.02229	0.01286	0.00343	0.00514	0.01972	0.01200	0.01029
51	0.02644	0.23407	0.24704	0.02313	0.03515	0.02839	0.02588	0.03388	0.02326	0.07049	0.01981	0.02215	0.01531	0.00980	0.00884	0.00271	0.01253	0.00722	0.00565	0.14825
52	0.02841	0.56566	0.10835	0.01992	0.02994	0.04133	0.02086	0.03284	0.02224	0.02656	0.01561	0.01805	0.01397	0.00943	0.00734	0.00245	0.01211	0.00606	0.00466	0.01421
53	0.01617	0.01046	0.01213	0.01213	0.01213	0.01046	0.00690	0.01569	0.01569	0.02092	0.03279	0.06746	0.03753	0.55788	0.05419	0.07899	0.01046	0.01521	0.00642	0.00642
54	0.03795	0.09142	0.03383	0.02422	0.03238	0.07473	0.02001	0.35830	0.11999	0.05760	0.02714	0.02702	0.02000	0.01283	0.01046	0.00321	0.01203	0.00958	0.00990	0.01743
55	0.02624	0.01598	0.02009	0.01651	0.02299	0.01312	0.01277	0.03022	0.02507	0.16485	0.08236	0.17750	0.04056	0.01719	0.01068	0.00292	0.00768	0.01488	0.00963	0.28878
56	0.27992	0.01768	0.01839	0.01659	0.02219	0.01886	0.01344	0.03435	0.07471	0.13518	0.07571	0.04681	0.06947	0.02218	0.06461	0.00495	0.01030	0.05245	0.00928	0.01292
57	0.01894	0.00947	0.01420	0.01420	0.01420	0.00947	0.00947	0.01420	0.01420	0.01894	0.01894	0.03314	0.01894	0.03788	0.04261	0.68277	0.00947	0.00947	0.00473	0.00473
58	0.01347	0.00964	0.01282	0.01505	0.01586	0.00898	0.01014	0.01566	0.02176	0.02924	0.10277	0.56301	0.07483	0.03311	0.01382	0.00434	0.00622	0.03000	0.01029	0.00898
59	0.03545	0.01547	0.02056	0.01683	0.02250	0.01375	0.01315	0.03926	0.02881	0.34573	0.16844	0.05351	0.04813	0.10668	0.01816	0.00447	0.00843	0.01392	0.01208	0.01466
60	0.13719	0.04097	0.31342	0.02537	0.03714	0.02526	0.02875	0.12366	0.02845	0.04438	0.07337	0.02868	0.02344	0.01205	0.01011	0.00340	0.01293	0.00922	0.00691	0.01526
61	0.03882	0.03822	0.03682	0.02933	0.03727	0.23038	0.09449	0.26869	0.03996	0.04823	0.02214	0.02428	0.01659	0.01182	0.01081	0.00316	0.01577	0.00925	0.00816	0.01580
62	0.03496	0.02635	0.02855	0.02287	0.03021	0.02909	0.01854	0.35610	0.13565	0.06077	0.10641	0.03705	0.03379	0.01477	0.01123	0.00337	0.01036	0.01175	0.01110	0.01708
63	0.02554	0.01325	0.01610	0.01509	0.01885	0.01273	0.01138	0.03182	0.06966	0.16224	0.08249	0.19840	0.04582	0.01966	0.01084	0.00343	0.00675	0.01695	0.22653	0.01247
64	0.03007	0.01520	0.01973	0.01713	0.02219	0.01415	0.01333	0.03696	0.08023	0.25231	0.21485	0.13766	0.06002	0.01968	0.01206	0.00358	0.00737	0.01705	0.01224	0.01418
65	0.01328	0.00949	0.01265	0.01518	0.01581	0.00886	0.01012	0.01518	0.02088	0.02783	0.06010	0.60969	0.07212	0.03416	0.01392	0.00443	0.00633	0.03100	0.01012	0.00886
66	0.02398	0.02012	0.02194	0.01991	0.02511	0.02260	0.01538	0.04789	0.39515	0.04510	0.17844	0.05164	0.05199	0.01681	0.01157	0.00363	0.00769	0.01431	0.01134	0.01538
67	0.04518	0.01939	0.02519	0.01988	0.02792	0.01793	0.01624	0.05396	0.11665	0.46869	0.04325	0.03772	0.02807	0.01372	0.01099	0.00343	0.00917	0.01120	0.01308	0.01833
68	0.69383	0.02109	0.01603	0.01434	0.02109	0.02446	0.01181	0.03205	0.01856	0.04892	0.01518	0.01771	0.01181	0.01012	0.00675	0.00337	0.00843	0.00590	0.00675	0.01181
69	0.04892	0.01856	0.02530	0.01940	0.02783	0.01603	0.01603	0.05314	0.03121	0.55634	0.04302	0.03711	0.02699	0.01350	0.01096	0.00337	0.00928	0.01096	0.01350	0.01856
70	0.01717	0.01226	0.01711	0.01962	0.02196	0.01221	0.01688	0.02190	0.02471	0.03218	0.05795	0.16841	0.06362	0.03050	0.01495	0.00496	0.00969	0.43393	0.01005	0.00993
71	0.02253	0.01301	0.01512	0.01349	0.01830	0.01109	0.01050	0.02591	0.02712	0.16810	0.13693	0.08488	0.36472	0.02340	0.01238	0.00358	0.00646	0.01954	0.01119	0.01175
72	0.01328	0.00949	0.01265	0.01518	0.01581	0.00886	0.01012	0.01518	0.02088	0.02783	0.06010	0.60969	0.07212	0.03416	0.01392	0.00443	0.00633	0.03100	0.01012	0.00886
73	0.01538	0.01122	0.01467	0.01522	0.01759	0.01051	0.01183	0.01978	0.02740	0.03732	0.31276	0.17374	0.12977	0.02647	0.01355	0.00399	0.00654	0.13128	0.01107	0.00991
74	0.01645	0.01281	0.01859	0.01811	0.01967	0.01534	0.01399	0.01981	0.01728	0.02500	0.02819	0.04367	0.02714	0.12730	0.46860	0.01555	0.08517	0.01187	0.00581	0.00965
75	0.01377	0.01108	0.01227	0.01197	0.01527	0.00958	0.00898	0.01736	0.02694	0.03441	0.26081	0.09677	0.39092	0.02576	0.01288	0.00359	0.00539	0.02187	0.01078	0.00958
76	0.30176	0.01955	0.02167	0.01742	0.02519	0.01933	0.01437	0.04487	0.02625	0.35741	0.03210	0.02951	0.02104	0.01217	0.00931	0.00337	0.00895	0.00898	0.01085	0.01591
77	0.02630	0.40109	0.25441	0.02353	0.03552	0.03616	0.02714	0.03339	0.02249	0.02913	0.01689	0.01966	0.01392	0.00973	0.00831	0.00277	0.01341	0.00670	0.00464	0.01482
78	0.02124	0.01725	0.01969	0.01887	0.02297	0.01882	0.01453	0.03888	0.28096	0.04115	0.16843	0.14468	0.05893	0.02108	0.01235	0.00388	0.00758	0.06406	0.01106	0.01358
79	0.01304	0.01044	0.01168	0.01267	0.01515	0.00907	0.00900	0.01547	0.02329	0.02882	0.09071	0.30283	0.35922	0.03018	0.01329	0.00397	0.00584	0.02614	0.01012	0.00907
80	0.03627	0.03485	0.02936	0.02504	0.03189	0.20191	0.01964	0.20731	0.20983	0.04746	0.02952	0.02913	0.02221	0.01309	0.01063	0.00327	0.01326	0.00980	0.00930	0.01623
81	0.02187	0.05640	0.56031	0.03108	0.04719	0.02532	0.04029	0.03453	0.02302	0.03453	0.01957	0.02302	0.01381	0.01036	0.01036	0.00345	0.01611	0.00806	0.00460	0.01611
82	0.01342	0.00973	0.01268	0.01476	0.01577	0.00899	0.01000	0.01563	0.02193	0.02917	0.10065	0.53180	0.10967	0.03277	0.01376	0.00430	0.00618	0.02954	0.01027	0.00899
83	0.02699	0.02591	0.04426	0.06693	0.54879	0.02591	0.03346	0.03346	0.02483	0.03562	0.02051	0.02699	0.01727	0.00972	0.01079	0.00324	0.01295	0.00972	0.00540	0.01727
84	0.01328	0.00949	0.01265	0.01518	0.01581	0.00886	0.01012	0.01518	0.02088	0.02783	0.06010	0.60969	0.07212	0.03416	0.01392	0.00443	0.00633	0.03100	0.01012	0.00886
85	0.69383	0.02109	0.01603	0.01434	0.02109	0.02446	0.01181	0.03205	0.01856	0.04892	0.01518	0.01771	0.01181	0.01012	0.00675	0.00337	0.00843	0.00590	0.00675	0.01181
86	0.04073	0.05197	0.03090	0.02809	0.03371	0.57303	0.02107	0.04354	0.03090	0.02669	0.01685	0.01966	0.01404	0.01124	0.00983	0.00281	0.01966	0.00702	0.00562	0.01264
87	0.69383	0.02109	0.01603	0.01434	0.02109	0.02446	0.01181	0.03205	0.01856	0.04892	0.01518	0.01771	0.01181	0.01012	0.00675	0.00337	0.00843	0.00590	0.00675	0.01181
88	0.02712	0.02342	0.02465	0.02219	0.02835	0.02712	0.01726	0.05794	0.52909	0.04561	0.04438	0.04068	0.03328	0.01479	0.01109	0.00370	0.00863	0.01233	0.01109	0.01726
89	0.04145	0.03054	0.03272	0.02509	0.03381	0.03381	0.02072	0.51243	0.05127	0.06872	0.02618	0.02618	0.01854	0.01309	0.01091	0.00327	0.01200	0.00982	0.01091	0.01854
90	0.01395	0.01047	0.01294	0.01362	0.01571	0.00946	0.00972	0.01723	0.02544	0.03392	0.24531	0.29443	0.20144	0.02828	0.01328	0.00388	0.00570	0.02497	0.01079	0.00946
91	0.01348	0.00964	0.01283	0.01505	0.01586	0.00899	0.01014	0.01569	0.02181	0.02932	0.10517	0.56039	0.07499	0.03305	0.01382	0.00433	0.00622	0.02994	0.01030	0.00899
92	0.01289	0.01105	0.01105	0.01105	0.01473	0.00920	0.00828	0.01565	0.02485	0.02946	0.11046	0.10493	0.54437	0.02761	0.01289	0.00368	0.00552	0.02301	0.01013	0.00920
93	0.01700	0.01188	0.01319	0.01294	0.01357	0.01226	0.00769	0.02014	0.06809	0.02363	0.03538	0.06823	0.03899	0.55553	0.05098	0.00987	0.01037	0.01550	0.00706	0.00769
94	0.04561	0.01929	0.02521	0.01982	0.02791	0.01771	0.01621	0.05387	0.10672	0.47889	0.04322	0.03765	0.02795	0.01369	0.01098	0.00342	0.00918	0.01117	0.01313	0.01836
95	0.04073	0.05197	0.03090	0.02809	0.03371	0.57303	0.02107	0.04354	0.03090	0.02669	0.01685	0.01966	0.01404	0.01124	0.00983	0.00281	0.01966	0.00702	0.00562	0.01264
96	0.01289	0.01105	0.01105	0.01105	0.01473	0.00920	0.00828	0.01565	0.02485	0.02946	0.11046	0.10493	0.54437	0.02761	0.01289	0.00368	0.00552	0.02301	0.01013	0.00920
97	0.03560	0.01564	0.02083	0.01697	0.02319	0.01369	0.01362	0.04000	0.03062	0.35428	0.20616	0.05628	0.09031	0.01735	0.01171	0.00341	0.00769	0.01465	0.01277	0.01523
98	0.04145	0.03054	0.03272	0.02509	0.03381	0.03381	0.02072	0.51243	0.05127	0.06872	0.02618	0.02618	0.01854	0.01309	0.01091	0.00327	0.01200	0.00982	0.01091	0.01854
99	0.04712	0.02145	0.02709	0.02077	0.02928	0.02032	0.01716	0.16396	0.03605	0.43869	0.03895	0.03447	0.02495	0.01340	0.01095	0.00335	0.00993	0.01069	0.01287	0.01855
100	0.01328	0.00949	0.01265	0.01518	0.01581	0.00886	0.01012	0.01518	0.02088	0.02783	0.06010	0.60969	0.07212	0.03416	0.01392	0.00443	0.00633	0.03100	0.01012	0.00886
101	0.02261	0.01938	0.02261	0.01615	0.02584	0.01453	0.01292	0.02745	0.02261	0.03553	0.01938	0.02261	0.01615	0.00807	0.00807	0.00161	0.00807	0.00646	0.00646	0.68346
102	0.04202	0.02514	0.02884	0.02260	0.03084	0.02638	0.01851	0.27848	0.11509	0.24188	0.03498	0.03230	0.02380	0.01349	0.01096	0.00337	0.01051	0.01061	0.01187	0.01836
103	0.04145	0.03054	0.03272	0.02509	0.03381	0.03381	0.02072	0.51243	0.05127	0.06872	0.02618	0.02618	0.01854	0.01309	0.01091	0.00327	0.01200	0.00982	0.01091	0.01854
104	0.01507	0.01104	0.01357	0.01299	0.01536	0.01015	0.00939	0.01903	0.02758	0.03790	0.39308	0.08387	0.16760	0.11335	0.01933	0.00455	0.00603	0.01969	0.01087	0.00955
105	0.69383	0.02109	0.01603	0.01434	0.02109	0.02446	0.01181	0.03205	0.01856	0.04892	0.01518	0.01771	0.01181	0.01012	0.00675	0.00337	0.00843	0.00590	0.00675	0.01181
106	0.03379	0.02564	0.05077	0.03673	0.04685	0.02356	0.33778	0.04126	0.02764	0.21615	0.02934	0.03209	0.02017	0.01069	0.01221	0.00357	0.01522	0.01221	0.00829	0.01604
107	0.03109	0.01810	0.02175	0.01940	0.02491	0.01851	0.01497	0.04514	0.22371	0.21850	0.04800	0.18760	0.04121	0.01938	0.01178	0.00378	0.00825	0.01672	0.01168	0.01552
108	0.01459	0.01064	0.01373	0.01395	0.01603	0.00978	0.01009	0.01858	0.02741	0.03786	0.36498	0.24194	0.12728	0.02626	0.01318	0.00375	0.00553	0.02336	0.01129	0.00978
109	0.03360	0.02726	0.07841	0.02504	0.03344	0.02566	0.06962	0.19431	0.14831	0.13605	0.08221	0.03667	0.03082	0.01379	0.01130	0.00346	0.01114	0.01169	0.01037	0.01685
110	0.02577	0.03014	0.13692	0.03659	0.04680	0.02353	0.30744	0.03420	0.02539	0.08473	0.02923	0.08027	0.02478	0.01327	0.01250	0.00377	0.01558	0.04774	0.00682	0.01452
111	0.04612	0.02833	0.02743	0.02217	0.02990	0.16265	0.01776	0.09180	0.03293	0.37472	0.03469	0.03159	0.02286	0.01287	0.01066	0.00322	0.01223	0.00984	0.01121	0.01701
112	0.20055	0.02620	0.07833	0.02812	0.07944	0.02398	0.09350	0.07705	0.07390	0.17268	0.02762	0.02842	0.01951	0.01147	0.01013	0.00344	0.01152	0.00965	0.00866	0.01583
113	0.08931	0.24492	0.24000	0.02387	0.03521	0.03235	0.02632	0.07797	0.07016	0.03680	0.02043	0.02246	0.01585	0.01062	0.00897	0.00306	0.01281	0.00762	0.00596	0.01529
114	0.09186	0.18994	0.08562	0.04591	0.31682	0.03040	0.02788	0.03319	0.02335	0.03412	0.01847	0.02320	0.01558	0.00970	0.00934	0.00302	0.01241	0.00816	0.00527	0.01576
115	0.29177	0.28685	0.03641	0.01862	0.02629	0.12892	0.01640	0.03433	0.02228	0.03496	0.01547	0.01796	0.01315	0.00997	0.00740	0.00282	0.01180	0.00607	0.00565	0.01290

[dist]
# distance from previous block
# <min> <max>
1	3

[block]
# block no. 3 follows, 12 sequences, length 37
# corresponding to MSA columns:
# 353-389
name=unknown_D
#
# <colnr> <probs for GDERKNQSTAVLIFYWHMCP>
#	G	D	E	R	K	N	Q	S	T	A	V	L	I	F	Y	W	H	M	C	P
0	0.09863	0.02244	0.02393	0.02036	0.02639	0.02471	0.01592	0.19486	0.18163	0.08505	0.03585	0.09264	0.03033	0.07924	0.01556	0.00430	0.00973	0.01297	0.01019	0.01526
1	0.03014	0.02699	0.02356	0.02079	0.02599	0.16933	0.01602	0.07821	0.12855	0.09369	0.20986	0.04766	0.05055	0.01618	0.01134	0.00329	0.01076	0.01312	0.01015	0.01380
2	0.01366	0.00978	0.01299	0.01493	0.01590	0.00911	0.01015	0.01612	0.02261	0.03060	0.14406	0.51785	0.07746	0.03210	0.01373	0.00425	0.00612	0.02904	0.01045	0.00911
3	0.15968	0.01925	0.02286	0.01758	0.02605	0.01716	0.01440	0.04218	0.02652	0.31954	0.03139	0.02955	0.02122	0.01138	0.00939	0.00289	0.00879	0.00879	0.01032	0.20107
4	0.01824	0.01182	0.01451	0.01344	0.01663	0.01062	0.01000	0.02217	0.02790	0.09005	0.33225	0.08190	0.20099	0.08130	0.01687	0.00419	0.00620	0.01928	0.01115	0.01049
5	0.01573	0.01107	0.01444	0.01444	0.01532	0.01195	0.00978	0.01749	0.01661	0.02303	0.03203	0.05847	0.03405	0.37508	0.28957	0.01371	0.01899	0.01397	0.00626	0.00802
6	0.08072	0.01362	0.01573	0.01401	0.01720	0.01304	0.00972	0.02713	0.02109	0.16716	0.04282	0.06117	0.08532	0.34539	0.03522	0.00735	0.00953	0.01445	0.00882	0.01049
7	0.26179	0.01483	0.01515	0.01482	0.01885	0.01533	0.01117	0.02551	0.02229	0.08904	0.08992	0.25046	0.08837	0.02186	0.01087	0.00379	0.00720	0.01831	0.00941	0.01103
8	0.04820	0.01971	0.02602	0.01995	0.02841	0.01774	0.01648	0.09732	0.03314	0.50943	0.04140	0.03606	0.02618	0.01346	0.01096	0.00336	0.00954	0.01085	0.01325	0.01855
9	0.01642	0.01037	0.01232	0.01232	0.01232	0.01037	0.00713	0.01555	0.01555	0.02074	0.03153	0.06436	0.03585	0.51085	0.05314	0.13359	0.01037	0.01469	0.00626	0.00626
10	0.02559	0.01283	0.01622	0.01491	0.01766	0.01191	0.01026	0.02730	0.02167	0.18880	0.04239	0.17244	0.04245	0.30846	0.03303	0.00706	0.00929	0.01748	0.00948	0.01079
11	0.01679	0.01038	0.01390	0.01560	0.01700	0.00956	0.01070	0.01892	0.02189	0.07989	0.05841	0.55330	0.06767	0.03212	0.01363	0.00432	0.00662	0.02902	0.01045	0.00981
12	0.02964	0.02468	0.02608	0.02270	0.02931	0.02830	0.01787	0.13795	0.44498	0.04968	0.04117	0.03813	0.03069	0.01449	0.01106	0.00362	0.00922	0.01189	0.01106	0.01748
13	0.02712	0.02342	0.02465	0.02219	0.02835	0.02712	0.01726	0.05794	0.52909	0.04561	0.04438	0.04068	0.03328	0.01479	0.01109	0.00370	0.00863	0.01233	0.01109	0.01726
14	0.01328	0.00949	0.01265	0.01518	0.01581	0.00886	0.01012	0.01518	0.02088	0.02783	0.06010	0.60969	0.07212	0.03416	0.01392	0.00443	0.00633	0.03100	0.01012	0.00886
15	0.69383	0.02109	0.01603	0.01434	0.02109	0.02446	0.01181	0.03205	0.01856	0.04892	0.01518	0.01771	0.01181	0.01012	0.00675	0.00337	0.00843	0.00590	0.00675	0.01181
16	0.01316	0.01106	0.01142	0.01133	0.01489	0.00932	0.00850	0.01617	0.02549	0.03096	0.15621	0.10245	0.49768	0.02705	0.01288	0.00366	0.00548	0.02266	0.01032	0.00932
17	0.01474	0.01112	0.01361	0.01299	0.01586	0.00999	0.00974	0.01923	0.02923	0.03984	0.42522	0.08784	0.22312	0.02374	0.01287	0.00350	0.00525	0.02062	0.01149	0.00999
18	0.01558	0.01168	0.01752	0.01752	0.01947	0.01363	0.01363	0.01947	0.01752	0.02531	0.02921	0.04283	0.02726	0.08178	0.57360	0.01752	0.02921	0.01168	0.00584	0.00974
19	0.01543	0.01115	0.01457	0.01372	0.01629	0.01029	0.01029	0.02058	0.03086	0.04372	0.54304	0.08145	0.10288	0.02229	0.01286	0.00343	0.00514	0.01972	0.01200	0.01029
20	0.02574	0.02941	0.06434	0.04596	0.05699	0.02757	0.50919	0.03493	0.02574	0.03493	0.02206	0.02941	0.01654	0.00919	0.01287	0.00368	0.01838	0.01287	0.00551	0.01471
21	0.02320	0.16017	0.46822	0.02880	0.04368	0.02858	0.03633	0.03419	0.02286	0.03291	0.01876	0.02201	0.01385	0.01017	0.00974	0.00325	0.01530	0.00765	0.00462	0.01573
22	0.04892	0.01856	0.02530	0.01940	0.02783	0.01603	0.01603	0.05314	0.03121	0.55634	0.04302	0.03711	0.02699	0.01350	0.01096	0.00337	0.00928	0.01096	0.01350	0.01856
23	0.02187	0.05640	0.56031	0.03108	0.04719	0.02532	0.04029	0.03453	0.02302	0.03453	0.01957	0.02302	0.01381	0.01036	0.01036	0.00345	0.01611	0.00806	0.00460	0.01611
24	0.02059	0.01938	0.03270	0.59060	0.07510	0.02422	0.03028	0.02786	0.02180	0.02786	0.01938	0.02907	0.01453	0.01090	0.01090	0.00363	0.01453	0.00969	0.00484	0.01211
25	0.02489	0.02513	0.04683	0.20358	0.27972	0.02592	0.16808	0.03235	0.02426	0.03331	0.02064	0.02824	0.01632	0.00989	0.01141	0.00347	0.01493	0.01061	0.00528	0.01514
26	0.01289	0.01105	0.01105	0.01105	0.01473	0.00920	0.00828	0.01565	0.02485	0.02946	0.11046	0.10493	0.54437	0.02761	0.01289	0.00368	0.00552	0.02301	0.01013	0.00920
27	0.02261	0.01938	0.02261	0.01615	0.02584	0.01453	0.01292	0.02745	0.02261	0.03553	0.01938	0.02261	0.01615	0.00807	0.00807	0.00161	0.00807	0.00646	0.00646	0.68346
28	0.01592	0.01188	0.01526	0.01647	0.01930	0.01123	0.01372	0.02036	0.02612	0.03387	0.16326	0.11034	0.19887	0.02798	0.01407	0.00436	0.00791	0.26878	0.01043	0.00986
29	0.03749	0.04096	0.03272	0.02802	0.03459	0.35875	0.07148	0.04624	0.12156	0.08492	0.02510	0.02632	0.01915	0.01190	0.01050	0.00312	0.01645	0.00901	0.00741	0.01431
30	0.01558	0.01168	0.01752	0.01752	0.01947	0.01363	0.01363	0.01947	0.01752	0.02531	0.02921	0.04283	0.02726	0.08178	0.57360	0.01752	0.02921	0.01168	0.00584	0.00974
31	0.10983	0.02639	0.02905	0.02248	0.03093	0.02813	0.01857	0.34132	0.04260	0.19647	0.02954	0.02823	0.02011	0.01290	0.01050	0.00331	0.01091	0.00972	0.01117	0.01786
32	0.03610	0.03382	0.02932	0.02486	0.03182	0.17826	0.01957	0.22122	0.21762	0.04896	0.03019	0.02962	0.02262	0.01320	0.01068	0.00330	0.01287	0.00996	0.00953	0.01647
33	0.02127	0.02007	0.03393	0.53522	0.12519	0.02440	0.03062	0.02845	0.02212	0.02868	0.01950	0.02885	0.01482	0.01078	0.01089	0.00359	0.01437	0.00969	0.00490	0.01266
34	0.01547	0.01109	0.01506	0.01529	0.01642	0.01210	0.01079	0.01778	0.01723	0.02404	0.03384	0.10408	0.03575	0.26998	0.33686	0.01384	0.02044	0.01492	0.00650	0.00853
35	0.03116	0.08158	0.03969	0.18273	0.09975	0.15336	0.08883	0.12465	0.03028	0.03683	0.02020	0.02524	0.01568	0.01091	0.01058	0.00323	0.01533	0.00920	0.00629	0.01447
36	0.04604	0.02486	0.02795	0.02179	0.03008	0.06754	0.01783	0.18747	0.03708	0.36887	0.03589	0.03245	0.02343	0.01319	0.01085	0.00330	0.01094	0.01030	0.01208	0.01806

[dist]
# distance from previous block
# <min> <max>
1	3

[block]
# block no. 4 follows, 12 sequences, length 37
# corresponding to MSA columns:
# 393-429
name=unknown_E
#
# <colnr> <probs for GDERKNQSTAVLIFYWHMCP>
#	G	D	E	R	K	N	Q	S	T	A	V	L	I	F	Y	W	H	M	C	P
0	0.29168	0.02755	0.02279	0.01918	0.02643	0.15149	0.01528	0.04008	0.02538	0.18128	0.02365	0.02400	0.01695	0.01110	0.00878	0.00306	0.01130	0.00761	0.00830	0.08410
1	0.01328	0.00949	0.01265	0.01518	0.01581	0.00886	0.01012	0.01518	0.02088	0.02783	0.06010	0.60969	0.07212	0.03416	0.01392	0.00443	0.00633	0.03100	0.01012	0.00886
2	0.04294	0.02385	0.03386	0.02541	0.03436	0.02314	0.09802	0.18509	0.03621	0.32786	0.03464	0.03264	0.02280	0.01267	0.01126	0.00339	0.01157	0.01094	0.01143	0.01792
3	0.02499	0.02568	0.04911	0.18345	0.25000	0.02614	0.21282	0.03268	0.02445	0.03351	0.02083	0.02840	0.01635	0.00980	0.01160	0.00350	0.01538	0.01090	0.00531	0.01507
4	0.03176	0.02985	0.05221	0.03795	0.04809	0.02997	0.32176	0.21815	0.03553	0.04789	0.02364	0.02817	0.01731	0.01069	0.01212	0.00352	0.01593	0.01170	0.00758	0.01618
5	0.04345	0.02733	0.03073	0.02356	0.03221	0.02905	0.01946	0.38933	0.04589	0.19942	0.03069	0.02911	0.02081	0.01320	0.01092	0.00330	0.01127	0.01012	0.01160	0.01855
6	0.01558	0.01168	0.01752	0.01752	0.01947	0.01363	0.01363	0.01947	0.01752	0.02531	0.02921	0.04283	0.02726	0.08178	0.57360	0.01752	0.02921	0.01168	0.00584	0.00974
7	0.01328	0.00949	0.01265	0.01518	0.01581	0.00886	0.01012	0.01518	0.02088	0.02783	0.06010	0.60969	0.07212	0.03416	0.01392	0.00443	0.00633	0.03100	0.01012	0.00886
8	0.02261	0.01938	0.02261	0.01615	0.02584	0.01453	0.01292	0.02745	0.02261	0.03553	0.01938	0.02261	0.01615	0.00807	0.00807	0.00161	0.00807	0.00646	0.00646	0.68346
9	0.01586	0.01057	0.01189	0.01189	0.01189	0.01057	0.00661	0.01586	0.01586	0.02114	0.03436	0.07135	0.03964	0.61681	0.05550	0.01057	0.01057	0.01586	0.00661	0.00661
10	0.02699	0.02591	0.04426	0.06693	0.54879	0.02591	0.03346	0.03346	0.02483	0.03562	0.02051	0.02699	0.01727	0.00972	0.01079	0.00324	0.01295	0.00972	0.00540	0.01727
11	0.01543	0.01115	0.01457	0.01372	0.01629	0.01029	0.01029	0.02058	0.03086	0.04372	0.54304	0.08145	0.10288	0.02229	0.01286	0.00343	0.00514	0.01972	0.01200	0.01029
12	0.04073	0.05197	0.03090	0.02809	0.03371	0.57303	0.02107	0.04354	0.03090	0.02669	0.01685	0.01966	0.01404	0.01124	0.00983	0.00281	0.01966	0.00702	0.00562	0.01264
13	0.04605	0.02315	0.02815	0.02158	0.03013	0.02285	0.01783	0.22937	0.03890	0.36924	0.03656	0.03292	0.02375	0.01334	0.01094	0.00333	0.01032	0.01052	0.01250	0.01855
14	0.03549	0.02155	0.02490	0.02112	0.02815	0.02286	0.01679	0.05610	0.33805	0.24158	0.04386	0.03931	0.03087	0.01429	0.01104	0.00357	0.00888	0.01180	0.01202	0.01776
15	0.69383	0.02109	0.01603	0.01434	0.02109	0.02446	0.01181	0.03205	0.01856	0.04892	0.01518	0.01771	0.01181	0.01012	0.00675	0.00337	0.00843	0.00590	0.00675	0.01181
16	0.01543	0.01115	0.01457	0.01372	0.01629	0.01029	0.01029	0.02058	0.03086	0.04372	0.54304	0.08145	0.10288	0.02229	0.01286	0.00343	0.00514	0.01972	0.01200	0.01029
17	0.01712	0.01223	0.01706	0.01957	0.02188	0.01216	0.01679	0.02182	0.02466	0.03213	0.05798	0.17389	0.06373	0.03054	0.01494	0.00496	0.00965	0.42892	0.01005	0.00992
18	0.02261	0.01938	0.02261	0.01615	0.02584	0.01453	0.01292	0.02745	0.02261	0.03553	0.01938	0.02261	0.01615	0.00807	0.00807	0.00161	0.00807	0.00646	0.00646	0.68346
19	0.01394	0.01071	0.01276	0.01304	0.01558	0.00953	0.00948	0.01740	0.02618	0.03447	0.26227	0.21601	0.26497	0.02715	0.01312	0.00376	0.00557	0.02366	0.01084	0.00953
20	0.01289	0.01105	0.01105	0.01105	0.01473	0.00920	0.00828	0.01565	0.02485	0.02946	0.11046	0.10493	0.54437	0.02761	0.01289	0.00368	0.00552	0.02301	0.01013	0.00920
21	0.01586	0.01057	0.01189	0.01189	0.01189	0.01057	0.00661	0.01586	0.01586	0.02114	0.03436	0.07135	0.03964	0.61681	0.05550	0.01057	0.01057	0.01586	0.00661	0.00661
22	0.04629	0.02278	0.02792	0.02141	0.02994	0.02230	0.01768	0.21511	0.03828	0.38438	0.03708	0.03326	0.02401	0.01335	0.01094	0.00334	0.01024	0.01056	0.01258	0.01855
23	0.04145	0.03054	0.03272	0.02509	0.03381	0.03381	0.02072	0.51243	0.05127	0.06872	0.02618	0.02618	0.01854	0.01309	0.01091	0.00327	0.01200	0.00982	0.01091	0.01854
24	0.03986	0.02975	0.03183	0.02477	0.03321	0.03307	0.02034	0.46218	0.10410	0.06616	0.02819	0.02778	0.02017	0.01328	0.01093	0.00332	0.01163	0.01009	0.01093	0.01840
25	0.01322	0.00973	0.01240	0.01454	0.01565	0.00891	0.00983	0.01525	0.02150	0.02809	0.06796	0.53087	0.14586	0.03314	0.01376	0.00431	0.00620	0.02975	0.01012	0.00891
