[name]
unknown

[dist]
# distance from previous block
# <min> <max>
0	40

[block]
# block no. 0 follows, 12 sequences, length 12
# corresponding to MSA columns:
# 40-51
name=unknown_A
#
# <colnr> <probs for GDERKNQSTAVLIFYWHMCP>
#	G	D	E	R	K	N	Q	S	T	A	V	L	I	F	Y	W	H	M	C	P
0	0.02807	0.01807	0.02144	0.01982	0.02485	0.01901	0.01564	0.04327	0.24020	0.15403	0.04771	0.12074	0.04197	0.05319	0.01459	0.00433	0.00888	0.09844	0.01108	0.01469
1	0.03199	0.02648	0.05381	0.03879	0.04912	0.02446	0.37611	0.03984	0.02721	0.17563	0.02771	0.03149	0.01936	0.01035	0.01235	0.00359	0.01593	0.01235	0.00767	0.01574
2	0.10332	0.04232	0.03005	0.02584	0.03254	0.35218	0.02008	0.18894	0.03608	0.04194	0.01961	0.02151	0.01524	0.01171	0.00987	0.00301	0.01620	0.00779	0.00738	0.01441
3	0.02246	0.02195	0.03310	0.26805	0.04842	0.02949	0.02659	0.02693	0.01887	0.02693	0.01647	0.02608	0.01441	0.01560	0.02518	0.00429	0.34876	0.00961	0.00480	0.01201
4	0.01742	0.01541	0.02391	0.34480	0.04967	0.01773	0.02141	0.02253	0.02203	0.02810	0.04459	0.19760	0.11283	0.01979	0.01203	0.00386	0.01091	0.01752	0.00709	0.01078
5	0.02447	0.01315	0.01747	0.01525	0.01940	0.01184	0.01184	0.02936	0.03096	0.18205	0.40811	0.06948	0.08240	0.01992	0.01235	0.00341	0.00626	0.01736	0.01241	0.01252
6	0.02756	0.11674	0.03653	0.34866	0.05660	0.02977	0.02589	0.15937	0.02981	0.03854	0.02055	0.02648	0.01553	0.01125	0.01029	0.00333	0.01340	0.00912	0.00645	0.01414
7	0.29093	0.02249	0.02767	0.03144	0.17461	0.02338	0.01972	0.07218	0.02593	0.17686	0.02464	0.02595	0.01775	0.01108	0.00928	0.00333	0.01020	0.00857	0.00839	0.01558
8	0.01640	0.01311	0.01882	0.15292	0.03201	0.01381	0.01713	0.02076	0.02314	0.02971	0.05749	0.22918	0.12905	0.02625	0.01342	0.00432	0.00940	0.17415	0.00884	0.01008
9	0.01386	0.00994	0.01317	0.01479	0.01594	0.00924	0.01017	0.01664	0.02357	0.03212	0.19041	0.46715	0.08042	0.03096	0.01363	0.00416	0.00601	0.02795	0.01063	0.00924
10	0.02797	0.32210	0.18533	0.02346	0.03377	0.08643	0.02450	0.03815	0.10241	0.03126	0.02107	0.02281	0.01696	0.01064	0.00881	0.00289	0.01315	0.00756	0.00574	0.01495
11	0.07645	0.06883	0.08671	0.05812	0.03812	0.02381	0.11338	0.09006	0.02948	0.26021	0.03011	0.03019	0.02036	0.01169	0.01073	0.00337	0.01235	0.01019	0.00935	0.01650

[dist]
# distance from previous block
# <min> <max>
0	7

[block]
# block no. 1 follows, 12 sequences, length 7
# corresponding to MSA columns:
# 59-65
name=unknown_B
#
# <colnr> <probs for GDERKNQSTAVLIFYWHMCP>
#	G	D	E	R	K	N	Q	S	T	A	V	L	I	F	Y	W	H	M	C	P
0	0.01807	0.01306	0.01606	0.01686	0.01887	0.01310	0.01192	0.09964	0.02604	0.03478	0.05434	0.51059	0.06302	0.03058	0.01341	0.00423	0.00729	0.02740	0.01025	0.01050
1	0.01742	0.01511	0.02245	0.20439	0.09017	0.01602	0.01910	0.02220	0.02364	0.03057	0.09069	0.15892	0.17067	0.02133	0.01237	0.00383	0.00963	0.05236	0.00807	0.01105
2	0.02944	0.02084	0.03379	0.31092	0.18462	0.02257	0.02747	0.03573	0.02497	0.16430	0.02568	0.03058	0.01841	0.01126	0.01089	0.00347	0.01279	0.01002	0.00719	0.01508
3	0.01989	0.01405	0.01611	0.01492	0.01919	0.01361	0.01151	0.02805	0.11134	0.09129	0.14885	0.07667	0.28111	0.02869	0.07030	0.00504	0.00885	0.01822	0.01050	0.01181
4	0.01558	0.01168	0.01752	0.01752	0.01947	0.01363	0.01363	0.01947	0.01752	0.02531	0.02921	0.04283	0.02726	0.08178	0.57360	0.01752	0.02921	0.01168	0.00584	0.00974
5	0.02877	0.15740	0.27419	0.03169	0.09546	0.02753	0.06789	0.03723	0.02465	0.12154	0.02297	0.02525	0.01668	0.01052	0.01004	0.00321	0.01390	0.00867	0.00628	0.01612
6	0.02915	0.62337	0.05714	0.01866	0.02799	0.04314	0.01866	0.03265	0.02215	0.02565	0.01516	0.01749	0.01399	0.00933	0.00700	0.00233	0.01166	0.00583	0.00466	0.01399

[dist]
# distance from previous block
# <min> <max>
0	3

[block]
# block no. 2 follows, 12 sequences, length 14
# corresponding to MSA columns:
# 69-82
name=unknown_C
#
# <colnr> <probs for GDERKNQSTAVLIFYWHMCP>
#	G	D	E	R	K	N	Q	S	T	A	V	L	I	F	Y	W	H	M	C	P
0	0.02809	0.17276	0.28475	0.02435	0.03585	0.02587	0.02753	0.03591	0.02425	0.13636	0.02728	0.08274	0.02227	0.01311	0.01007	0.00328	0.01276	0.01041	0.00695	0.01540
1	0.02900	0.51211	0.05007	0.01813	0.02665	0.03873	0.01754	0.06520	0.02426	0.03036	0.01826	0.02074	0.01590	0.00998	0.00734	0.00242	0.01093	0.00660	0.08190	0.01387
2	0.50924	0.02548	0.08199	0.05770	0.07928	0.02469	0.01835	0.03221	0.01989	0.04465	0.01647	0.01994	0.01275	0.01016	0.00782	0.00339	0.01014	0.00676	0.00625	0.01286
3	0.04402	0.02216	0.02711	0.02096	0.02909	0.02174	0.01724	0.20879	0.03808	0.35301	0.07203	0.03644	0.02937	0.01397	0.01108	0.00334	0.00993	0.01118	0.01250	0.01798
4	0.01985	0.01771	0.02900	0.45100	0.06225	0.02137	0.02717	0.02657	0.02261	0.02903	0.02876	0.05205	0.02633	0.01560	0.01192	0.00397	0.01344	0.12364	0.00612	0.01161
5	0.02799	0.02305	0.03842	0.21319	0.34279	0.02413	0.03026	0.03440	0.02478	0.10141	0.02312	0.02892	0.01774	0.01055	0.01085	0.00337	0.01293	0.00987	0.00629	0.01594
6	0.02269	0.12035	0.50356	0.02968	0.04503	0.02733	0.03785	0.03432	0.02292	0.03353	0.01907	0.02240	0.01383	0.01024	0.00998	0.00333	0.01561	0.00781	0.00461	0.01587
7	0.02187	0.05640	0.56031	0.03108	0.04719	0.02532	0.04029	0.03453	0.02302	0.03453	0.01957	0.02302	0.01381	0.01036	0.01036	0.00345	0.01611	0.00806	0.00460	0.01611
8	0.01884	0.01384	0.01701	0.01930	0.08601	0.01216	0.01246	0.02225	0.02557	0.09033	0.09101	0.08702	0.41650	0.02367	0.01239	0.00359	0.00692	0.01990	0.00989	0.01132
9	0.03606	0.03672	0.26364	0.02523	0.03711	0.02218	0.02733	0.09732	0.02986	0.26904	0.03068	0.02961	0.02018	0.01206	0.01069	0.00340	0.01262	0.00954	0.00925	0.01747
10	0.04130	0.02297	0.03288	0.08084	0.03774	0.02268	0.08215	0.16067	0.03448	0.31743	0.03385	0.03265	0.02234	0.01258	0.01119	0.00341	0.01164	0.01080	0.01098	0.01742
11	0.01713	0.01232	0.01584	0.01736	0.01926	0.01223	0.01300	0.06629	0.02492	0.03306	0.05616	0.43276	0.06451	0.03108	0.01390	0.00446	0.00780	0.13764	0.01018	0.01011
12	0.48748	0.02046	0.02038	0.12928	0.03257	0.02346	0.01595	0.03360	0.02063	0.10197	0.01915	0.02215	0.01406	0.01066	0.00805	0.00343	0.00974	0.00723	0.00713	0.01263
13	0.29477	0.16781	0.03248	0.01996	0.02735	0.02665	0.07033	0.03323	0.02226	0.09717	0.02477	0.06613	0.02178	0.01305	0.00898	0.00333	0.01041	0.03912	0.00730	0.01314

[dist]
# distance from previous block
# <min> <max>
0	3

[block]
# block no. 3 follows, 12 sequences, length 31
# corresponding to MSA columns:
# 86-116
name=unknown_D
#
# <colnr> <probs for GDERKNQSTAVLIFYWHMCP>
#	G	D	E	R	K	N	Q	S	T	A	V	L	I	F	Y	W	H	M	C	P
0	0.19722	0.09061	0.14721	0.02224	0.03155	0.02419	0.05658	0.06259	0.02597	0.12948	0.08572	0.03122	0.02679	0.01224	0.00972	0.00331	0.01116	0.00964	0.00799	0.01456
1	0.02914	0.18482	0.18603	0.09680	0.04093	0.08767	0.02669	0.11636	0.06555	0.03725	0.02112	0.02390	0.01621	0.01105	0.00969	0.00312	0.01393	0.00822	0.00629	0.01522
2	0.07816	0.02737	0.03187	0.14665	0.19642	0.12984	0.02511	0.03537	0.07700	0.03405	0.02635	0.03882	0.02310	0.01338	0.01089	0.00352	0.01340	0.06807	0.00661	0.01404
3	0.09670	0.01680	0.01985	0.01629	0.02242	0.01558	0.01297	0.06819	0.02958	0.17072	0.21728	0.05161	0.07939	0.01619	0.01085	0.00312	0.00752	0.01344	0.01075	0.12076
4	0.01522	0.01030	0.01208	0.01271	0.01286	0.01015	0.00748	0.01569	0.01710	0.02280	0.04072	0.20438	0.04767	0.47283	0.04522	0.00905	0.00952	0.01960	0.00748	0.00716
5	0.03213	0.02897	0.11601	0.22329	0.04952	0.02643	0.02650	0.19727	0.03341	0.12215	0.02527	0.02833	0.01765	0.01195	0.01083	0.00344	0.01314	0.00966	0.00816	0.01590
6	0.11692	0.02694	0.02778	0.02791	0.10421	0.11878	0.01924	0.04717	0.14638	0.20554	0.03211	0.03108	0.02296	0.01245	0.01026	0.00333	0.01138	0.00980	0.00955	0.01621
7	0.01586	0.01057	0.01189	0.01189	0.01189	0.01057	0.00661	0.01586	0.01586	0.02114	0.03436	0.07135	0.03964	0.61681	0.05550	0.01057	0.01057	0.01586	0.00661	0.00661
8	0.01558	0.01168	0.01752	0.01752	0.01947	0.01363	0.01363	0.01947	0.01752	0.02531	0.02921	0.04283	0.02726	0.08178	0.57360	0.01752	0.02921	0.01168	0.00584	0.00974
9	0.02395	0.22871	0.31772	0.11669	0.04562	0.03075	0.03189	0.03287	0.02255	0.03067	0.01815	0.02225	0.01398	0.01012	0.00939	0.00313	0.01446	0.00762	0.00466	0.01481
10	0.03212	0.01904	0.02969	0.35806	0.05586	0.02089	0.02448	0.03815	0.02563	0.24300	0.02900	0.03234	0.01961	0.01196	0.01093	0.00353	0.01239	0.01021	0.00837	0.01474
11	0.01450	0.01039	0.01391	0.01560	0.01702	0.00980	0.01135	0.01770	0.02402	0.03253	0.17906	0.40129	0.07822	0.03058	0.01384	0.00428	0.00663	0.09931	0.01057	0.00940
12	0.02804	0.02822	0.04222	0.09289	0.46853	0.08227	0.03200	0.03418	0.02528	0.03426	0.02007	0.02635	0.01678	0.00994	0.01070	0.00322	0.01374	0.00944	0.00539	0.01650
13	0.02224	0.09354	0.45646	0.10093	0.04930	0.02650	0.03742	0.03355	0.02280	0.03303	0.01922	0.02338	0.01392	0.01035	0.01018	0.00339	0.01559	0.00810	0.00464	0.01545
14	0.01986	0.02253	0.10452	0.01877	0.02498	0.01816	0.01701	0.03438	0.19725	0.03972	0.19399	0.06350	0.16318	0.01902	0.01187	0.00358	0.00817	0.01608	0.01009	0.01334
15	0.02210	0.02092	0.03543	0.46682	0.18706	0.02462	0.03103	0.02918	0.02252	0.02969	0.01965	0.02858	0.01518	0.01062	0.01088	0.00354	0.01416	0.00970	0.00498	0.01333
16	0.02555	0.17277	0.16399	0.09053	0.03633	0.02474	0.02404	0.03227	0.02484	0.09822	0.08156	0.04622	0.03263	0.01496	0.01070	0.00344	0.01188	0.08406	0.00741	0.01385
17	0.02277	0.01757	0.02371	0.11108	0.03191	0.02031	0.01805	0.14263	0.02655	0.03645	0.02689	0.03652	0.02307	0.05346	0.34453	0.01178	0.02261	0.01090	0.00693	0.01229
18	0.02048	0.01909	0.02686	0.02422	0.02472	0.02546	0.01958	0.02310	0.01753	0.02631	0.02466	0.12143	0.02619	0.03421	0.14139	0.00730	0.38722	0.01341	0.00584	0.01099
19	0.02532	0.02565	0.10348	0.21622	0.13663	0.02261	0.10490	0.03252	0.02413	0.09489	0.02707	0.08889	0.02267	0.01307	0.01145	0.00360	0.01360	0.01235	0.00660	0.01434
20	0.11456	0.02382	0.03548	0.17858	0.17155	0.02552	0.06956	0.11100	0.02835	0.10338	0.02331	0.02766	0.01720	0.01101	0.01054	0.00342	0.01269	0.00968	0.00730	0.01540
21	0.01775	0.01427	0.02095	0.24807	0.03840	0.01644	0.01697	0.02112	0.01845	0.02431	0.02773	0.05120	0.02814	0.31494	0.09080	0.00846	0.01411	0.01292	0.00581	0.00917
22	0.03048	0.02854	0.09196	0.02058	0.02966	0.10525	0.01819	0.03569	0.02572	0.14431	0.02633	0.05849	0.02099	0.01150	0.00959	0.00257	0.01110	0.00910	0.00779	0.31216
23	0.17502	0.12700	0.03068	0.02146	0.02844	0.16559	0.01755	0.14534	0.06955	0.04351	0.05926	0.02654	0.02261	0.01220	0.00929	0.00307	0.01234	0.00857	0.00780	0.01420
24	0.02681	0.20929	0.11929	0.02184	0.02886	0.05807	0.02083	0.03149	0.02262	0.09151	0.02714	0.11127	0.02536	0.02159	0.06476	0.00466	0.08294	0.01156	0.00670	0.01341
25	0.02560	0.19467	0.15358	0.02217	0.03040	0.02863	0.02226	0.10626	0.02866	0.03906	0.14828	0.03651	0.03667	0.01426	0.01248	0.00323	0.06496	0.01074	0.00747	0.01409
26	0.13479	0.01484	0.01797	0.01611	0.02085	0.01415	0.01244	0.03212	0.02654	0.21448	0.16946	0.18697	0.05496	0.02030	0.01150	0.00365	0.00737	0.01733	0.01120	0.01298
27	0.13325	0.02900	0.08745	0.02132	0.02866	0.09263	0.01853	0.04249	0.22533	0.04129	0.08239	0.03476	0.03067	0.01322	0.01005	0.00328	0.01049	0.01034	0.00859	0.07626
28	0.18234	0.11098	0.25450	0.02272	0.03344	0.02474	0.02519	0.03418	0.02266	0.09910	0.02454	0.07678	0.02032	0.01274	0.00949	0.00337	0.01203	0.00973	0.00669	0.01447
29	0.20760	0.02028	0.02369	0.01867	0.02672	0.01975	0.01542	0.09020	0.02993	0.38607	0.03459	0.03131	0.02246	0.01262	0.00992	0.00336	0.00932	0.00961	0.01159	0.01689
30	0.10726	0.09360	0.30644	0.02426	0.03599	0.02382	0.02788	0.03560	0.02452	0.11988	0.07640	0.03015	0.02489	0.01197	0.00997	0.00333	0.01255	0.00926	0.00705	0.01519

[dist]
# distance from previous block
# <min> <max>
7	59

[block]
# block no. 4 follows, 12 sequences, length 32
# corresponding to MSA columns:
# 176-207
name=unknown_E
#
# <colnr> <probs for GDERKNQSTAVLIFYWHMCP>
#	G	D	E	R	K	N	Q	S	T	A	V	L	I	F	Y	W	H	M	C	P
0	0.02119	0.09961	0.38552	0.07835	0.04336	0.02451	0.03296	0.03094	0.02252	0.03212	0.02502	0.10827	0.02236	0.01377	0.01061	0.00351	0.01413	0.01133	0.00543	0.01450
1	0.09079	0.08480	0.22067	0.02693	0.03859	0.02407	0.10656	0.03613	0.02422	0.11813	0.02289	0.02530	0.01653	0.01022	0.00992	0.00311	0.01314	0.00870	0.00664	0.11263
2	0.02262	0.10618	0.02815	0.02084	0.07359	0.01896	0.01519	0.02748	0.02431	0.03565	0.11755	0.03337	0.03229	0.01109	0.00908	0.00221	0.00850	0.00917	0.00714	0.39664
3	0.18788	0.02512	0.07805	0.06537	0.03225	0.02458	0.02025	0.07489	0.02451	0.14305	0.02264	0.02546	0.01676	0.01283	0.01487	0.00352	0.13433	0.00857	0.00765	0.07743
4	0.08119	0.01438	0.01692	0.01496	0.01942	0.01368	0.01157	0.02757	0.06692	0.08575	0.33858	0.06473	0.10223	0.01886	0.01156	0.00329	0.00636	0.01612	0.01094	0.07497
5	0.02540	0.16415	0.19383	0.02131	0.03213	0.02393	0.02257	0.03230	0.02410	0.07753	0.06798	0.02815	0.02373	0.01080	0.00921	0.00265	0.01116	0.00839	0.00659	0.21409
6	0.01586	0.01057	0.01189	0.01189	0.01189	0.01057	0.00661	0.01586	0.01586	0.02114	0.03436	0.07135	0.03964	0.61681	0.05550	0.01057	0.01057	0.01586	0.00661	0.00661
7	0.03753	0.02859	0.03052	0.02429	0.03232	0.03198	0.01978	0.38816	0.18192	0.06240	0.03115	0.03014	0.02257	0.01355	0.01096	0.00339	0.01108	0.01050	0.01096	0.01819
8	0.69383	0.02109	0.01603	0.01434	0.02109	0.02446	0.01181	0.03205	0.01856	0.04892	0.01518	0.01771	0.01181	0.01012	0.00675	0.00337	0.00843	0.00590	0.00675	0.01181
9	0.02243	0.09998	0.52164	0.03012	0.04572	0.02669	0.03862	0.03439	0.02295	0.03385	0.01923	0.02260	0.01383	0.01028	0.01010	0.00337	0.01577	0.00789	0.00461	0.01595
10	0.02187	0.05640	0.56031	0.03108	0.04719	0.02532	0.04029	0.03453	0.02302	0.03453	0.01957	0.02302	0.01381	0.01036	0.01036	0.00345	0.01611	0.00806	0.00460	0.01611
11	0.26648	0.02533	0.02316	0.01993	0.02548	0.11826	0.01601	0.03698	0.02458	0.15895	0.07339	0.02967	0.02499	0.01359	0.01308	0.00348	0.09575	0.00915	0.00834	0.01339
12	0.08740	0.01783	0.02488	0.02208	0.02657	0.01822	0.08577	0.11264	0.02755	0.03914	0.04359	0.29259	0.04695	0.02373	0.01267	0.00408	0.00984	0.08325	0.00926	0.01195
13	0.69383	0.02109	0.01603	0.01434	0.02109	0.02446	0.01181	0.03205	0.01856	0.04892	0.01518	0.01771	0.01181	0.01012	0.00675	0.00337	0.00843	0.00590	0.00675	0.01181
14	0.02059	0.01938	0.03270	0.59060	0.07510	0.02422	0.03028	0.02786	0.02180	0.02786	0.01938	0.02907	0.01453	0.01090	0.01090	0.00363	0.01453	0.00969	0.00484	0.01211
15	0.01648	0.01125	0.01541	0.01541	0.01720	0.01258	0.01157	0.02005	0.01826	0.02752	0.03107	0.04637	0.02909	0.14297	0.39932	0.01384	0.02225	0.01198	0.12799	0.00938
16	0.01370	0.00979	0.01313	0.01566	0.01648	0.00922	0.01085	0.01591	0.02129	0.02830	0.05987	0.56213	0.07120	0.03377	0.01403	0.00449	0.00669	0.07443	0.01011	0.00897
17	0.02915	0.62337	0.05714	0.01866	0.02799	0.04314	0.01866	0.03265	0.02215	0.02565	0.01516	0.01749	0.01399	0.00933	0.00700	0.00233	0.01166	0.00583	0.00466	0.01399
18	0.01463	0.01045	0.01420	0.01672	0.01794	0.01002	0.01246	0.01751	0.02220	0.02934	0.05935	0.45690	0.06918	0.03289	0.01428	0.00461	0.00749	0.17051	0.01010	0.00923
19	0.02263	0.02201	0.03066	0.02646	0.02683	0.03004	0.02188	0.02542	0.01876	0.02878	0.09112	0.03222	0.02718	0.01955	0.03245	0.00458	0.51089	0.01102	0.00582	0.01169
20	0.02628	0.16395	0.27470	0.10777	0.04353	0.02823	0.02973	0.03720	0.07289	0.08190	0.02324	0.02578	0.01710	0.01095	0.00986	0.00326	0.01357	0.00852	0.00612	0.01543
21	0.02142	0.01719	0.02162	0.02005	0.02183	0.02006	0.01515	0.10513	0.02433	0.03358	0.03813	0.27210	0.04250	0.11107	0.02531	0.00521	0.16663	0.01933	0.00831	0.01105
22	0.02020	0.01826	0.02553	0.02289	0.02349	0.02414	0.01832	0.02272	0.01684	0.02525	0.02168	0.03626	0.02180	0.12083	0.20462	0.00951	0.34071	0.01107	0.00535	0.01052
23	0.02377	0.02082	0.03484	0.11678	0.03953	0.02385	0.12585	0.02870	0.02202	0.07370	0.02968	0.11989	0.02857	0.01837	0.01987	0.00421	0.19440	0.05573	0.00692	0.01250
24	0.03395	0.02031	0.02723	0.18478	0.04161	0.02185	0.02052	0.04736	0.18412	0.24450	0.03663	0.03591	0.02537	0.01315	0.01099	0.00355	0.01059	0.01102	0.01025	0.01629
25	0.01579	0.01082	0.01318	0.01318	0.01362	0.01127	0.00821	0.01668	0.01624	0.02209	0.03318	0.06484	0.03681	0.49453	0.17390	0.01216	0.01483	0.01490	0.00643	0.00732
26	0.02283	0.01633	0.02210	0.01922	0.02375	0.01621	0.05921	0.06987	0.09385	0.08703	0.16928	0.17771	0.09072	0.02084	0.01217	0.00365	0.00808	0.01855	0.05595	0.01266
27	0.04192	0.04711	0.03009	0.02683	0.03285	0.49212	0.02033	0.04493	0.03094	0.10363	0.02065	0.02220	0.01593	0.01156	0.01000	0.00289	0.01815	0.00760	0.00676	0.01350
28	0.03619	0.10825	0.02957	0.02018	0.02719	0.02401	0.01663	0.18564	0.03398	0.21531	0.03732	0.15175	0.03199	0.01713	0.01099	0.00341	0.00985	0.01409	0.01069	0.01584
29	0.02534	0.02275	0.03471	0.14866	0.20110	0.02439	0.06210	0.07998	0.11578	0.04008	0.10102	0.03781	0.03203	0.01294	0.01134	0.00346	0.01170	0.01187	0.00777	0.01516
30	0.02495	0.01729	0.02027	0.01738	0.02040	0.05153	0.04415	0.06267	0.02248	0.10386	0.03299	0.05663	0.03291	0.40130	0.03967	0.00798	0.01163	0.01389	0.00780	0.01021
31	0.45400	0.02106	0.02467	0.10236	0.03334	0.02364	0.08105	0.03053	0.02017	0.04236	0.02018	0.06655	0.01749	0.01196	0.00872	0.00353	0.01049	0.00932	0.00657	0.01201

[dist]
# distance from previous block
# <min> <max>
5	57

[block]
# block no. 5 follows, 12 sequences, length 8
# corresponding to MSA columns:
# 266-273
name=unknown_F
#
# <colnr> <probs for GDERKNQSTAVLIFYWHMCP>
#	G	D	E	R	K	N	Q	S	T	A	V	L	I	F	Y	W	H	M	C	P
0	0.02001	0.01512	0.01939	0.01932	0.05075	0.01582	0.01367	0.09648	0.02725	0.03746	0.17303	0.05891	0.09650	0.10938	0.18864	0.00857	0.01470	0.01499	0.00874	0.01127
1	0.03019	0.03516	0.22281	0.02947	0.04069	0.02392	0.12437	0.04385	0.12902	0.16162	0.03075	0.03129	0.02150	0.01178	0.01116	0.00353	0.01341	0.01060	0.00824	0.01665
2	0.01565	0.01139	0.01605	0.01605	0.01749	0.01283	0.01179	0.01852	0.01709	0.02422	0.03055	0.05030	0.03050	0.22185	0.43796	0.01570	0.02433	0.01278	0.00604	0.00892
3	0.01398	0.01002	0.01327	0.01471	0.01597	0.00932	0.01018	0.01693	0.02410	0.03297	0.21621	0.43893	0.08206	0.03032	0.01358	0.00411	0.00594	0.02735	0.01073	0.00932
4	0.10714	0.02266	0.06131	0.01996	0.02560	0.02297	0.01717	0.10583	0.10778	0.08707	0.06571	0.03473	0.02778	0.01428	0.01343	0.00345	0.09287	0.01046	0.14569	0.01411
5	0.10358	0.02910	0.10404	0.11143	0.03868	0.02734	0.02278	0.23632	0.07110	0.05125	0.07388	0.03158	0.02565	0.01304	0.01057	0.00341	0.01169	0.01024	0.00872	0.01557
6	0.01582	0.01052	0.01220	0.01239	0.01375	0.01007	0.00818	0.01820	0.02161	0.03057	0.15017	0.14885	0.10324	0.26132	0.02929	0.00632	0.00751	0.01861	0.11289	0.00849
7	0.24653	0.02163	0.02285	0.01846	0.02547	0.02283	0.01508	0.13913	0.02946	0.12351	0.08023	0.03047	0.02628	0.01283	0.01081	0.00319	0.04264	0.00931	0.00907	0.11021

[dist]
# distance from previous block
# <min> <max>
3	9

[block]
# block no. 6 follows, 12 sequences, length 42
# corresponding to MSA columns:
# 302-343
name=unknown_G
#
# <colnr> <probs for GDERKNQSTAVLIFYWHMCP>
#	G	D	E	R	K	N	Q	S	T	A	V	L	I	F	Y	W	H	M	C	P
0	0.08136	0.03144	0.11103	0.02290	0.03192	0.08892	0.02076	0.11633	0.11008	0.16147	0.02925	0.02872	0.02080	0.01204	0.01013	0.00316	0.01173	0.00922	0.00912	0.08960
1	0.01802	0.01248	0.01470	0.01469	0.01803	0.01158	0.01105	0.02345	0.06763	0.07953	0.12628	0.22150	0.25588	0.02657	0.01297	0.00391	0.00660	0.05364	0.01069	0.01081
2	0.02654	0.02484	0.08792	0.01930	0.02933	0.01827	0.01734	0.06874	0.06105	0.08420	0.02373	0.02546	0.01820	0.00967	0.00902	0.00226	0.00947	0.00771	0.00751	0.44944
3	0.02182	0.02063	0.03492	0.49020	0.16592	0.02455	0.03089	0.02893	0.02238	0.02935	0.01960	0.02867	0.01506	0.01067	0.01088	0.00356	0.01423	0.00969	0.00495	0.01310
4	0.03266	0.02844	0.09411	0.02823	0.03729	0.02551	0.12506	0.13623	0.07466	0.14344	0.02769	0.02935	0.01991	0.01222	0.01324	0.00340	0.06526	0.01035	0.00858	0.08435
5	0.02462	0.02511	0.04717	0.08761	0.24960	0.02542	0.20462	0.03143	0.02399	0.03344	0.02410	0.08027	0.02154	0.01250	0.01370	0.00365	0.05786	0.01277	0.00578	0.01482
6	0.02482	0.02369	0.04034	0.24446	0.38820	0.02534	0.03238	0.03156	0.02380	0.03299	0.02013	0.02769	0.01634	0.01012	0.01083	0.00337	0.01349	0.00971	0.00521	0.01552
7	0.08505	0.01249	0.01420	0.01493	0.01657	0.01291	0.01039	0.02116	0.05482	0.02919	0.04379	0.22811	0.04898	0.26342	0.02982	0.00681	0.00890	0.08103	0.00843	0.00900
8	0.17840	0.02500	0.02629	0.07070	0.03228	0.02820	0.01813	0.27442	0.09149	0.05592	0.02597	0.02740	0.01913	0.01240	0.00974	0.00331	0.01049	0.00926	0.06579	0.01566
9	0.02896	0.02496	0.04159	0.14174	0.33905	0.02564	0.07321	0.07630	0.02728	0.08119	0.02286	0.02832	0.01770	0.01047	0.01102	0.00336	0.01330	0.01011	0.00649	0.01643
10	0.07798	0.02089	0.03259	0.02442	0.03311	0.01854	0.13304	0.03901	0.02642	0.24457	0.03201	0.06994	0.02413	0.01244	0.01070	0.00312	0.01094	0.01145	0.00932	0.16538
11	0.01561	0.01153	0.01675	0.01675	0.01843	0.01321	0.01267	0.01898	0.01730	0.02474	0.02991	0.04673	0.02895	0.15492	0.50277	0.01657	0.02666	0.01225	0.00595	0.00931
12	0.02617	0.02610	0.08812	0.19348	0.09667	0.02532	0.02511	0.13282	0.11665	0.04270	0.08772	0.03585	0.02933	0.01320	0.01110	0.00349	0.01189	0.01119	0.00805	0.01506
13	0.02567	0.13761	0.37570	0.02980	0.04354	0.02926	0.07688	0.09132	0.02650	0.03729	0.01991	0.02313	0.01465	0.01042	0.01014	0.00328	0.01515	0.00836	0.00545	0.01595
14	0.01561	0.01155	0.01685	0.01685	0.01857	0.01326	0.01279	0.01904	0.01732	0.02481	0.02982	0.04624	0.02874	0.14564	0.51175	0.01669	0.02698	0.01218	0.00593	0.00936
15	0.01432	0.00972	0.01253	0.01445	0.01549	0.00914	0.00984	0.01689	0.02201	0.03080	0.10067	0.49419	0.06961	0.03053	0.01307	0.00411	0.00607	0.02749	0.08993	0.00914
16	0.07371	0.14208	0.26796	0.02857	0.04078	0.02896	0.10094	0.08771	0.02662	0.07344	0.02121	0.02397	0.01553	0.01050	0.01001	0.00326	0.01424	0.00864	0.00620	0.01568
17	0.15911	0.02588	0.09231	0.02358	0.03202	0.02271	0.06368	0.07412	0.02731	0.26651	0.02914	0.02907	0.01982	0.01265	0.01281	0.00355	0.07068	0.00964	0.00941	0.01600
18	0.01328	0.00949	0.01265	0.01518	0.01581	0.00886	0.01012	0.01518	0.02088	0.02783	0.06010	0.60969	0.07212	0.03416	0.01392	0.00443	0.00633	0.03100	0.01012	0.00886
19	0.01490	0.01007	0.01273	0.01390	0.01516	0.00953	0.00951	0.01775	0.02298	0.03246	0.16925	0.36159	0.07085	0.08801	0.01714	0.00459	0.00633	0.02429	0.08985	0.00912
20	0.24511	0.07963	0.09040	0.06216	0.03214	0.02466	0.01936	0.08721	0.02675	0.19684	0.02543	0.02581	0.01766	0.01144	0.00919	0.00330	0.01071	0.00834	0.00860	0.01524
21	0.01558	0.01168	0.01752	0.01752	0.01947	0.01363	0.01363	0.01947	0.01752	0.02531	0.02921	0.04283	0.02726	0.08178	0.57360	0.01752	0.02921	0.01168	0.00584	0.00974
22	0.01328	0.00949	0.01265	0.01518	0.01581	0.00886	0.01012	0.01518	0.02088	0.02783	0.06010	0.60969	0.07212	0.03416	0.01392	0.00443	0.00633	0.03100	0.01012	0.00886
23	0.01918	0.02271	0.12854	0.12962	0.03476	0.01727	0.02089	0.02773	0.05847	0.03607	0.14380	0.05744	0.08840	0.01712	0.01136	0.00355	0.00994	0.06022	0.10078	0.01214
24	0.15021	0.09618	0.02959	0.02089	0.02804	0.02933	0.01733	0.28545	0.03657	0.05289	0.02659	0.08414	0.02287	0.01907	0.04946	0.00429	0.01196	0.01094	0.00899	0.01521
25	0.01586	0.01057	0.01189	0.01189	0.01189	0.01057	0.00661	0.01586	0.01586	0.02114	0.03436	0.07135	0.03964	0.61681	0.05550	0.01057	0.01057	0.01586	0.00661	0.00661
26	0.01825	0.01575	0.02259	0.02120	0.02229	0.02010	0.01685	0.02137	0.01763	0.02594	0.02759	0.10374	0.02801	0.05378	0.31538	0.01142	0.22851	0.01323	0.00597	0.01041
27	0.02483	0.05225	0.50172	0.02980	0.04507	0.02430	0.03763	0.03657	0.02392	0.09168	0.02214	0.02456	0.01526	0.01070	0.01043	0.00344	0.01537	0.00838	0.00558	0.01638
28	0.02124	0.02004	0.03388	0.53736	0.12325	0.02440	0.03060	0.02843	0.02211	0.02865	0.01949	0.02886	0.01481	0.01078	0.01089	0.00359	0.01437	0.00969	0.00490	0.01264
29	0.03219	0.02066	0.02374	0.02045	0.02688	0.02204	0.01614	0.05245	0.32943	0.19424	0.09860	0.04411	0.03907	0.01524	0.01125	0.00357	0.00844	0.01274	0.01189	0.01687
30	0.02595	0.02613	0.04977	0.04055	0.10150	0.02527	0.31341	0.08905	0.02855	0.03837	0.03297	0.04334	0.06550	0.01310	0.01260	0.00370	0.01521	0.05353	0.00693	0.01457
31	0.02261	0.01938	0.02261	0.01615	0.02584	0.01453	0.01292	0.02745	0.02261	0.03553	0.01938	0.02261	0.01615	0.00807	0.00807	0.00161	0.00807	0.00646	0.00646	0.68346
32	0.01328	0.00949	0.01265	0.01518	0.01581	0.00886	0.01012	0.01518	0.02088	0.02783	0.06010	0.60969	0.07212	0.03416	0.01392	0.00443	0.00633	0.03100	0.01012	0.00886
33	0.15155	0.02207	0.03431	0.02596	0.03423	0.02131	0.15865	0.06787	0.02854	0.22994	0.08577	0.03566	0.02908	0.01259	0.01098	0.00346	0.01149	0.01152	0.00966	0.01534
34	0.02294	0.02194	0.04096	0.03075	0.03718	0.02122	0.27137	0.06277	0.02367	0.03191	0.02730	0.04599	0.02595	0.25310	0.02981	0.00641	0.01478	0.01384	0.00635	0.01174
35	0.02153	0.01178	0.01578	0.01586	0.01855	0.01069	0.01146	0.02450	0.02488	0.14738	0.13941	0.39225	0.06744	0.02755	0.01308	0.00402	0.00678	0.02463	0.01119	0.01125
36	0.13197	0.09166	0.07571	0.14422	0.04301	0.02805	0.08998	0.09495	0.02627	0.09116	0.02150	0.02566	0.01604	0.01157	0.01217	0.00347	0.06226	0.00914	0.00684	0.01439
37	0.02454	0.09731	0.08475	0.23881	0.21773	0.02745	0.02939	0.03415	0.07851	0.03268	0.02200	0.02774	0.01736	0.01070	0.01037	0.00334	0.01316	0.00938	0.00567	0.01495
38	0.02623	0.02003	0.03391	0.02659	0.03337	0.01926	0.17222	0.03601	0.09700	0.12861	0.18912	0.05445	0.04997	0.01610	0.01245	0.00364	0.01090	0.04614	0.00993	0.01406
39	0.01526	0.01146	0.01495	0.01642	0.01793	0.01182	0.01161	0.02073	0.07586	0.02927	0.05213	0.43269	0.05879	0.04167	0.12683	0.00700	0.01121	0.02504	0.00936	0.00995
40	0.02929	0.12108	0.10781	0.08308	0.03377	0.06011	0.02073	0.03685	0.06061	0.15407	0.14138	0.03989	0.03794	0.01397	0.01059	0.00324	0.01099	0.01134	0.00881	0.01445
41	0.02633	0.02546	0.04360	0.10796	0.43021	0.02598	0.07226	0.03477	0.05909	0.03557	0.02217	0.02831	0.01806	0.01012	0.01100	0.00334	0.01326	0.01016	0.00575	0.01660

[dist]
# distance from previous block
# <min> <max>
1	4

[block]
# block no. 7 follows, 12 sequences, length 23
# corresponding to MSA columns:
# 348-370
name=unknown_H
#
# <colnr> <probs for GDERKNQSTAVLIFYWHMCP>
#	G	D	E	R	K	N	Q	S	T	A	V	L	I	F	Y	W	H	M	C	P
0	0.09564	0.03943	0.29315	0.03419	0.11969	0.02394	0.07134	0.03731	0.02446	0.12475	0.02346	0.02602	0.01661	0.01067	0.01037	0.00342	0.01388	0.00899	0.00653	0.01615
1	0.02540	0.14761	0.43068	0.02801	0.04233	0.02750	0.03460	0.03581	0.02358	0.07773	0.02084	0.02331	0.01497	0.01046	0.00985	0.00326	0.01479	0.00794	0.00538	0.01597
2	0.01530	0.01048	0.01191	0.01222	0.01260	0.01025	0.00717	0.01576	0.01721	0.02264	0.04379	0.13876	0.08564	0.49773	0.04695	0.00926	0.00964	0.01827	0.00732	0.00709
3	0.03010	0.03723	0.26330	0.14162	0.04689	0.02454	0.03032	0.11088	0.02880	0.14384	0.02529	0.02759	0.01735	0.01153	0.01068	0.00345	0.01378	0.00925	0.00742	0.01617
4	0.10659	0.02483	0.10883	0.06762	0.08418	0.01984	0.02089	0.03512	0.06711	0.12096	0.11787	0.03726	0.03379	0.01300	0.01032	0.00321	0.01009	0.01077	0.00845	0.09927
5	0.02069	0.01997	0.03606	0.32831	0.09558	0.02202	0.12352	0.02723	0.02265	0.02987	0.02797	0.14253	0.02641	0.01501	0.01188	0.00377	0.01359	0.01450	0.00605	0.01239
6	0.01826	0.00971	0.01369	0.01369	0.01369	0.00971	0.00884	0.01457	0.01457	0.01943	0.02235	0.04160	0.02352	0.16600	0.04546	0.53401	0.00971	0.01088	0.00515	0.00515
7	0.02719	0.04171	0.30867	0.03392	0.08248	0.02581	0.10818	0.07792	0.06995	0.08168	0.02465	0.02727	0.01766	0.01099	0.01095	0.00347	0.01468	0.00970	0.00663	0.01648
8	0.03867	0.02233	0.03515	0.08910	0.12132	0.02153	0.08920	0.08290	0.03012	0.30587	0.03268	0.03269	0.02201	0.01199	0.01119	0.00341	0.01189	0.01080	0.00999	0.01716
9	0.69383	0.02109	0.01603	0.01434	0.02109	0.02446	0.01181	0.03205	0.01856	0.04892	0.01518	0.01771	0.01181	0.01012	0.00675	0.00337	0.00843	0.00590	0.00675	0.01181
10	0.03037	0.03221	0.17047	0.03205	0.04286	0.02356	0.20363	0.07721	0.02882	0.15374	0.06936	0.03357	0.02547	0.01183	0.01167	0.00350	0.01419	0.01158	0.00804	0.01586
11	0.01949	0.01158	0.01428	0.01366	0.01677	0.01055	0.01021	0.02359	0.02700	0.09987	0.25285	0.16188	0.14499	0.02251	0.01197	0.00349	0.00589	0.01953	0.11905	0.01085
12	0.03007	0.01910	0.02490	0.02203	0.07857	0.01576	0.01568	0.03492	0.02604	0.18730	0.07119	0.03230	0.02683	0.01103	0.00960	0.00244	0.00867	0.00923	0.00887	0.36549
13	0.69383	0.02109	0.01603	0.01434	0.02109	0.02446	0.01181	0.03205	0.01856	0.04892	0.01518	0.01771	0.01181	0.01012	0.00675	0.00337	0.00843	0.00590	0.00675	0.01181
14	0.01894	0.00947	0.01420	0.01420	0.01420	0.00947	0.00947	0.01420	0.01420	0.01894	0.01894	0.03314	0.01894	0.03788	0.04261	0.68277	0.00947	0.00947	0.00473	0.00473
15	0.02442	0.05283	0.50988	0.02998	0.04537	0.02445	0.03800	0.03628	0.02379	0.08372	0.02178	0.02435	0.01505	0.01065	0.01042	0.00345	0.01547	0.00833	0.00544	0.01634
16	0.02915	0.62337	0.05714	0.01866	0.02799	0.04314	0.01866	0.03265	0.02215	0.02565	0.01516	0.01749	0.01399	0.00933	0.00700	0.00233	0.01166	0.00583	0.00466	0.01399
17	0.07349	0.02191	0.03736	0.38509	0.15602	0.02495	0.08694	0.03006	0.02258	0.03173	0.01959	0.02787	0.01507	0.01042	0.01080	0.00355	0.01424	0.00979	0.00517	0.01335
18	0.69383	0.02109	0.01603	0.01434	0.02109	0.02446	0.01181	0.03205	0.01856	0.04892	0.01518	0.01771	0.01181	0.01012	0.00675	0.00337	0.00843	0.00590	0.00675	0.01181
19	0.09862	0.02102	0.10547	0.02024	0.02592	0.01590	0.06269	0.02475	0.02562	0.03869	0.23533	0.15024	0.06196	0.02021	0.01205	0.00372	0.00904	0.04781	0.00915	0.01155
20	0.34262	0.01857	0.01996	0.10803	0.03002	0.02021	0.01509	0.03152	0.02311	0.10466	0.11662	0.03390	0.03110	0.01277	0.00913	0.00332	0.00889	0.00970	0.00820	0.05259
21	0.08799	0.02695	0.07698	0.02627	0.03532	0.06111	0.11851	0.04607	0.07538	0.28253	0.03296	0.03199	0.02229	0.01207	0.01091	0.00343	0.01232	0.01057	0.00983	0.01651
22	0.10823	0.01923	0.02438	0.01990	0.02590	0.01958	0.05478	0.11758	0.06582	0.12717	0.23511	0.05019	0.05360	0.01627	0.01137	0.00342	0.00871	0.01390	0.01081	0.01403

[dist]
# distance from previous block
# <min> <max>
2	10

[block]
# block no. 8 follows, 12 sequences, length 11
# corresponding to MSA columns:
# 382-392
name=unknown_I
#
# <colnr> <probs for GDERKNQSTAVLIFYWHMCP>
#	G	D	E	R	K	N	Q	S	T	A	V	L	I	F	Y	W	H	M	C	P
0	0.10483	0.02383	0.02360	0.01974	0.02584	0.06047	0.01572	0.24900	0.03742	0.05172	0.12066	0.08257	0.10461	0.01743	0.01114	0.00341	0.00978	0.01393	0.01010	0.01418
1	0.27991	0.02048	0.02366	0.02465	0.10736	0.02141	0.01666	0.07927	0.02727	0.14639	0.11628	0.03509	0.03245	0.01315	0.00969	0.00335	0.00907	0.01032	0.00917	0.01436
2	0.01701	0.01096	0.01397	0.01454	0.01685	0.00990	0.01039	0.01998	0.02468	0.08097	0.17132	0.35470	0.15647	0.02853	0.01323	0.00398	0.00621	0.02531	0.01084	0.01013
3	0.02788	0.52425	0.14510	0.02083	0.03134	0.04003	0.02244	0.03298	0.02231	0.02720	0.01593	0.01846	0.01396	0.00951	0.00758	0.00253	0.01244	0.00622	0.00465	0.01436
4	0.01409	0.01008	0.01352	0.01567	0.01677	0.00951	0.01113	0.01676	0.02254	0.03022	0.11300	0.48662	0.07426	0.03231	0.01395	0.00440	0.00669	0.08898	0.01032	0.00917
5	0.03442	0.18085	0.19931	0.02382	0.03489	0.02868	0.02497	0.12306	0.02999	0.17953	0.02599	0.02603	0.01825	0.01143	0.00979	0.00312	0.01245	0.00861	0.00813	0.01668
6	0.04892	0.01856	0.02530	0.01940	0.02783	0.01603	0.01603	0.05314	0.03121	0.55634	0.04302	0.03711	0.02699	0.01350	0.01096	0.00337	0.00928	0.01096	0.01350	0.01856
7	0.01538	0.01065	0.01176	0.01176	0.01235	0.01035	0.00688	0.01582	0.01730	0.02247	0.04656	0.07674	0.12058	0.52233	0.04866	0.00947	0.00976	0.01700	0.00717	0.00702
8	0.03313	0.17718	0.11101	0.03383	0.15840	0.03110	0.02539	0.16410	0.03173	0.09929	0.02307	0.02502	0.01742	0.01103	0.00985	0.00307	0.01240	0.00870	0.00748	0.01679
9	0.14415	0.02808	0.02897	0.02298	0.03104	0.03142	0.01883	0.37483	0.10970	0.06246	0.02684	0.02675	0.01943	0.01284	0.01027	0.00335	0.01098	0.00952	0.01027	0.01729
10	0.02649	0.01361	0.01733	0.01517	0.01995	0.01193	0.01180	0.03043	0.02864	0.22059	0.21621	0.11509	0.18552	0.02150	0.01228	0.00356	0.00680	0.01838	0.01190	0.01283

[dist]
# distance from previous block
# <min> <max>
7	17

[block]
# block no. 9 follows, 12 sequences, length 34
# corresponding to MSA columns:
# 410-443
name=unknown_J
#
# <colnr> <probs for GDERKNQSTAVLIFYWHMCP>
#	G	D	E	R	K	N	Q	S	T	A	V	L	I	F	Y	W	H	M	C	P
0	0.03493	0.10502	0.02709	0.01817	0.02518	0.01852	0.01538	0.03934	0.02850	0.29514	0.12268	0.05015	0.04099	0.01580	0.01094	0.00328	0.00893	0.06306	0.01104	0.06584
1	0.02651	0.41798	0.23941	0.02316	0.03494	0.03669	0.02649	0.03333	0.02247	0.02887	0.01676	0.01949	0.01393	0.00970	0.00821	0.00274	0.01327	0.00664	0.00464	0.01476
2	0.08411	0.02560	0.10896	0.35430	0.11524	0.02395	0.02933	0.03181	0.02276	0.07282	0.02100	0.02756	0.01546	0.01082	0.01044	0.00352	0.01363	0.00921	0.00572	0.01375
3	0.01349	0.01027	0.01242	0.01356	0.01552	0.00920	0.00953	0.01619	0.02378	0.03087	0.15281	0.35746	0.23534	0.03010	0.01341	0.00402	0.00587	0.02655	0.01042	0.00920
4	0.02699	0.02591	0.04426	0.06693	0.54879	0.02591	0.03346	0.03346	0.02483	0.03562	0.02051	0.02699	0.01727	0.00972	0.01079	0.00324	0.01295	0.00972	0.00540	0.01727
5	0.02622	0.13485	0.39833	0.02826	0.04214	0.02935	0.03385	0.11443	0.02763	0.03897	0.02003	0.02274	0.01463	0.01067	0.00996	0.00326	0.01477	0.00803	0.00567	0.01621
6	0.04892	0.01856	0.02530	0.01940	0.02783	0.01603	0.01603	0.05314	0.03121	0.55634	0.04302	0.03711	0.02699	0.01350	0.01096	0.00337	0.00928	0.01096	0.01350	0.01856
7	0.01328	0.00949	0.01265	0.01518	0.01581	0.00886	0.01012	0.01518	0.02088	0.02783	0.06010	0.60969	0.07212	0.03416	0.01392	0.00443	0.00633	0.03100	0.01012	0.00886
8	0.08647	0.03134	0.08023	0.02674	0.03527	0.10537	0.09475	0.10925	0.13608	0.13914	0.02971	0.02987	0.02131	0.01218	0.01073	0.00340	0.01297	0.01015	0.00895	0.01608
9	0.09435	0.02582	0.03300	0.03031	0.10785	0.02704	0.05537	0.23224	0.07621	0.16340	0.02920	0.02931	0.02063	0.01229	0.01070	0.00336	0.01143	0.01013	0.00994	0.01741
10	0.01935	0.01143	0.01549	0.01678	0.01893	0.01065	0.01248	0.02221	0.02323	0.10597	0.05713	0.42821	0.06364	0.03033	0.01372	0.00439	0.00750	0.11744	0.01060	0.01051
11	0.69383	0.02109	0.01603	0.01434	0.02109	0.02446	0.01181	0.03205	0.01856	0.04892	0.01518	0.01771	0.01181	0.01012	0.00675	0.00337	0.00843	0.00590	0.00675	0.01181
12	0.01392	0.00994	0.01338	0.01591	0.01682	0.00941	0.01123	0.01629	0.02150	0.02855	0.05974	0.53719	0.07072	0.03356	0.01409	0.00452	0.00688	0.09720	0.01011	0.00903
13	0.02699	0.02591	0.04426	0.06693	0.54879	0.02591	0.03346	0.03346	0.02483	0.03562	0.02051	0.02699	0.01727	0.00972	0.01079	0.00324	0.01295	0.00972	0.00540	0.01727
14	0.02937	0.01893	0.02472	0.02008	0.02601	0.01932	0.06855	0.11352	0.10370	0.12651	0.08055	0.04018	0.03252	0.01366	0.01024	0.00316	0.00886	0.01171	0.23404	0.01438
15	0.69383	0.02109	0.01603	0.01434	0.02109	0.02446	0.01181	0.03205	0.01856	0.04892	0.01518	0.01771	0.01181	0.01012	0.00675	0.00337	0.00843	0.00590	0.00675	0.01181
16	0.69383	0.02109	0.01603	0.01434	0.02109	0.02446	0.01181	0.03205	0.01856	0.04892	0.01518	0.01771	0.01181	0.01012	0.00675	0.00337	0.00843	0.00590	0.00675	0.01181
17	0.02712	0.02342	0.02465	0.02219	0.02835	0.02712	0.01726	0.05794	0.52909	0.04561	0.04438	0.04068	0.03328	0.01479	0.01109	0.00370	0.00863	0.01233	0.01109	0.01726
18	0.02103	0.01750	0.02017	0.01751	0.02350	0.01626	0.01326	0.03209	0.16052	0.03596	0.03849	0.20457	0.03771	0.01778	0.01066	0.00303	0.00770	0.01546	0.00883	0.29795
19	0.02457	0.11606	0.12711	0.20349	0.19078	0.02796	0.02970	0.03459	0.07940	0.03280	0.02189	0.02707	0.01719	0.01068	0.01023	0.00331	0.01328	0.00915	0.00563	0.01507
20	0.02461	0.08134	0.23956	0.03874	0.05145	0.02789	0.30806	0.03462	0.02452	0.03412	0.02068	0.02630	0.01539	0.00961	0.01156	0.00350	0.01710	0.01066	0.00513	0.01515
21	0.02059	0.01938	0.03270	0.59060	0.07510	0.02422	0.03028	0.02786	0.02180	0.02786	0.01938	0.02907	0.01453	0.01090	0.01090	0.00363	0.01453	0.00969	0.00484	0.01211
22	0.03902	0.01667	0.02256	0.08083	0.02953	0.01556	0.01563	0.04378	0.02819	0.37591	0.03863	0.03705	0.02583	0.01302	0.01017	0.00321	0.00887	0.01063	0.16903	0.01586
23	0.02827	0.10988	0.35801	0.02869	0.04213	0.02569	0.07316	0.03797	0.02475	0.13497	0.02385	0.02569	0.01663	0.01075	0.01032	0.00333	0.01448	0.00878	0.00642	0.01623
24	0.02059	0.01938	0.03270	0.59060	0.07510	0.02422	0.03028	0.02786	0.02180	0.02786	0.01938	0.02907	0.01453	0.01090	0.01090	0.00363	0.01453	0.00969	0.00484	0.01211
25	0.01328	0.00949	0.01265	0.01518	0.01581	0.00886	0.01012	0.01518	0.02088	0.02783	0.06010	0.60969	0.07212	0.03416	0.01392	0.00443	0.00633	0.03100	0.01012	0.00886
26	0.01751	0.01051	0.01471	0.01506	0.01574	0.01083	0.01066	0.01661	0.01665	0.02240	0.02950	0.05584	0.03105	0.17232	0.12884	0.32918	0.01304	0.07676	0.00608	0.00672
27	0.02669	0.02045	0.03059	0.02503	0.03082	0.02049	0.12302	0.16130	0.03124	0.08256	0.04094	0.27430	0.04141	0.02117	0.01261	0.00386	0.01079	0.01953	0.00960	0.01361
28	0.02472	0.01676	0.01981	0.01807	0.02263	0.01744	0.01383	0.03915	0.22157	0.12019	0.20297	0.13728	0.05992	0.01982	0.01205	0.00367	0.00729	0.01721	0.01160	0.01402
29	0.02249	0.02125	0.03500	0.25845	0.29018	0.02283	0.02857	0.02872	0.02368	0.03176	0.03321	0.03916	0.09319	0.01278	0.01114	0.00345	0.01247	0.01165	0.00588	0.01413
30	0.36015	0.18458	0.03198	0.02385	0.10062	0.02994	0.01728	0.03463	0.06399	0.04042	0.01844	0.02097	0.01503	0.01025	0.00778	0.00310	0.00998	0.00699	0.00636	0.01366
31	0.02353	0.02106	0.03091	0.08413	0.24762	0.02228	0.02345	0.03586	0.16065	0.03726	0.07721	0.12058	0.03669	0.01582	0.01152	0.00358	0.01028	0.01438	0.00814	0.01504
32	0.02442	0.02099	0.02926	0.11306	0.15861	0.02022	0.02090	0.08197	0.02742	0.03932	0.09687	0.03360	0.02911	0.01152	0.01016	0.00275	0.01020	0.01003	0.00727	0.25230
33	0.01764	0.01275	0.01580	0.01647	0.01850	0.01266	0.01169	0.08839	0.02643	0.03557	0.10893	0.46566	0.06772	0.02976	0.01336	0.00415	0.00702	0.02665	0.01045	0.01043

[dist]
# distance from previous block
# <min> <max>
0	9

[block]
# block no. 10 follows, 12 sequences, length 19
# corresponding to MSA columns:
# 453-471
name=unknown_K
#
# <colnr> <probs for GDERKNQSTAVLIFYWHMCP>
#	G	D	E	R	K	N	Q	S	T	A	V	L	I	F	Y	W	H	M	C	P
0	0.08909	0.11126	0.14890	0.02306	0.03297	0.02765	0.02259	0.14653	0.09085	0.15953	0.02825	0.02778	0.01997	0.01203	0.00996	0.00327	0.01157	0.00913	0.00893	0.01669
1	0.02487	0.08023	0.26080	0.03882	0.16011	0.02725	0.08854	0.03799	0.10570	0.03601	0.02379	0.02717	0.01810	0.01072	0.01064	0.00339	0.01413	0.00954	0.00595	0.01625
2	0.01312	0.01012	0.01200	0.01349	0.01537	0.00900	0.00937	0.01537	0.02250	0.02850	0.08065	0.40366	0.26488	0.03149	0.01350	0.00412	0.00600	0.02774	0.01012	0.00900
3	0.02722	0.45799	0.11145	0.01973	0.02992	0.03639	0.02030	0.03203	0.02233	0.02831	0.01637	0.01898	0.01432	0.00925	0.00757	0.00235	0.01161	0.00620	0.00495	0.12272
4	0.02922	0.02284	0.03411	0.24427	0.18574	0.02447	0.02649	0.11085	0.02857	0.10010	0.02360	0.02848	0.01753	0.01102	0.01065	0.00328	0.01255	0.00961	0.00714	0.06949
5	0.02933	0.02666	0.04239	0.06014	0.46531	0.02719	0.03140	0.11110	0.02911	0.04099	0.02143	0.02686	0.01748	0.01026	0.01081	0.00324	0.01280	0.00973	0.00629	0.01748
6	0.01820	0.01602	0.02236	0.02134	0.02191	0.02018	0.01659	0.02063	0.01854	0.02674	0.03542	0.26610	0.04001	0.03540	0.11400	0.00670	0.26379	0.01865	0.00713	0.01032
7	0.01538	0.01065	0.01176	0.01176	0.01235	0.01035	0.00688	0.01582	0.01731	0.02249	0.04669	0.07679	0.12142	0.52134	0.04859	0.00945	0.00975	0.01702	0.00718	0.00703
8	0.04034	0.01781	0.02523	0.11127	0.03412	0.01667	0.01765	0.04516	0.02964	0.40968	0.09872	0.04109	0.03401	0.01412	0.01118	0.00342	0.00964	0.01180	0.01192	0.01653
9	0.02699	0.02591	0.04426	0.06693	0.54879	0.02591	0.03346	0.03346	0.02483	0.03562	0.02051	0.02699	0.01727	0.00972	0.01079	0.00324	0.01295	0.00972	0.00540	0.01727
10	0.69383	0.02109	0.01603	0.01434	0.02109	0.02446	0.01181	0.03205	0.01856	0.04892	0.01518	0.01771	0.01181	0.01012	0.00675	0.00337	0.00843	0.00590	0.00675	0.01181
11	0.02575	0.01541	0.01925	0.01662	0.02127	0.01495	0.01299	0.07064	0.07808	0.15539	0.34900	0.06380	0.07351	0.01899	0.01214	0.00343	0.00690	0.01638	0.01215	0.01336
12	0.02203	0.01255	0.01625	0.01474	0.01851	0.01124	0.01125	0.02640	0.02931	0.14925	0.34142	0.12309	0.13655	0.02214	0.01256	0.00354	0.00617	0.01929	0.01192	0.01178
13	0.01974	0.01612	0.01922	0.01588	0.02209	0.01363	0.01218	0.02636	0.06613	0.03730	0.16183	0.12737	0.04821	0.01619	0.01043	0.00267	0.00711	0.01403	0.00881	0.35471
