[name]
unknown

[dist]
# distance from previous block
# <min> <max>
0	268

[block]
# block no. 0 follows, 11 sequences, length 23
# corresponding to MSA columns:
# 331-353
name=unknown_A
#
# <colnr> <probs for GDERKNQSTAVLIFYWHMCP>
#	G	D	E	R	K	N	Q	S	T	A	V	L	I	F	Y	W	H	M	C	P
0	0.02282	0.01493	0.01874	0.01879	0.02197	0.01491	0.01437	0.10164	0.02866	0.08331	0.05406	0.35682	0.05899	0.02884	0.01380	0.00439	0.00856	0.11154	0.01088	0.01197
1	0.01794	0.01178	0.01523	0.01463	0.01750	0.01072	0.01086	0.02239	0.02957	0.07868	0.37574	0.17145	0.13076	0.02491	0.01332	0.00374	0.00588	0.02197	0.01201	0.01092
2	0.02576	0.02728	0.05310	0.14760	0.05753	0.02770	0.32245	0.03861	0.10772	0.03647	0.02610	0.03225	0.01958	0.01081	0.01258	0.00379	0.01650	0.01254	0.00653	0.01510
3	0.02558	0.27901	0.35163	0.02696	0.04080	0.03348	0.03267	0.03487	0.02341	0.03199	0.01838	0.02148	0.01433	0.01027	0.00931	0.00310	0.01480	0.00740	0.00478	0.01576
4	0.15402	0.22350	0.04279	0.02411	0.03323	0.03562	0.07305	0.20423	0.03367	0.04833	0.02065	0.02281	0.01606	0.01119	0.00935	0.00312	0.01235	0.00838	0.00768	0.01584
5	0.03530	0.01805	0.02320	0.01786	0.02590	0.01496	0.01442	0.04004	0.02923	0.28582	0.12403	0.04168	0.03837	0.01373	0.01069	0.00290	0.00840	0.01143	0.01126	0.23274
6	0.02640	0.01445	0.01822	0.01632	0.02068	0.01372	0.01255	0.03374	0.07837	0.17166	0.24617	0.12205	0.06641	0.02018	0.01211	0.00357	0.00691	0.01748	0.08565	0.01337
7	0.11966	0.02211	0.02670	0.02070	0.02928	0.02147	0.01710	0.14750	0.03521	0.38570	0.03745	0.03364	0.02423	0.01345	0.01082	0.00346	0.01008	0.01048	0.01258	0.01837
8	0.04076	0.05031	0.09015	0.02835	0.03571	0.43752	0.02344	0.04499	0.03100	0.08599	0.02074	0.02271	0.01596	0.01176	0.01034	0.00304	0.01868	0.00783	0.00659	0.01414
9	0.01451	0.01037	0.01398	0.01659	0.01759	0.00983	0.01184	0.01706	0.02234	0.02963	0.06159	0.51194	0.07269	0.03451	0.01458	0.00468	0.00722	0.10925	0.01043	0.00936
10	0.02831	0.02328	0.03682	0.15056	0.29039	0.02296	0.02774	0.03456	0.02534	0.09309	0.02338	0.02859	0.01821	0.01038	0.01064	0.00311	0.01227	0.00952	0.00663	0.14421
11	0.04576	0.02430	0.03233	0.02447	0.03352	0.02375	0.06135	0.20064	0.03861	0.33895	0.03664	0.03382	0.02397	0.01339	0.01148	0.00348	0.01137	0.01110	0.01229	0.01879
12	0.01371	0.00979	0.01306	0.01567	0.01632	0.00914	0.01045	0.01567	0.02155	0.02873	0.06203	0.59710	0.07444	0.03526	0.01437	0.00457	0.00653	0.03200	0.01045	0.00914
13	0.02758	0.42625	0.22192	0.02355	0.03552	0.03838	0.02673	0.03435	0.02317	0.02955	0.01717	0.01996	0.01438	0.00999	0.00838	0.00279	0.01357	0.00679	0.00479	0.01518
14	0.08627	0.03275	0.08298	0.02942	0.03782	0.07482	0.10754	0.16862	0.12993	0.04764	0.02661	0.02883	0.02003	0.01298	0.01333	0.00366	0.06168	0.01046	0.00835	0.01627
15	0.01371	0.00979	0.01306	0.01567	0.01632	0.00914	0.01045	0.01567	0.02155	0.02873	0.06203	0.59710	0.07444	0.03526	0.01437	0.00457	0.00653	0.03200	0.01045	0.00914
16	0.01411	0.01010	0.01342	0.01540	0.01641	0.00941	0.01048	0.01668	0.02342	0.03170	0.14649	0.50418	0.08019	0.03304	0.01417	0.00438	0.00631	0.02989	0.01080	0.00941
17	0.21941	0.03086	0.13119	0.07296	0.03672	0.02614	0.02288	0.14903	0.03093	0.14040	0.02498	0.02623	0.01741	0.01195	0.00994	0.00350	0.01193	0.00883	0.00865	0.01607
18	0.01554	0.01068	0.01406	0.01577	0.01722	0.01006	0.01152	0.01708	0.02189	0.02837	0.06283	0.32344	0.13945	0.03398	0.01962	0.12192	0.00772	0.11068	0.00946	0.00870
19	0.02944	0.01578	0.01985	0.01699	0.02199	0.01496	0.01331	0.08436	0.03279	0.19341	0.24934	0.09921	0.06389	0.01930	0.01206	0.00350	0.00745	0.01653	0.07185	0.01397
20	0.09101	0.03672	0.20397	0.02757	0.03864	0.02719	0.06622	0.13154	0.11899	0.10395	0.02874	0.02943	0.02046	0.01232	0.01089	0.00358	0.01308	0.01003	0.00856	0.01710
21	0.02675	0.02561	0.04368	0.15456	0.45743	0.02645	0.03399	0.03357	0.02510	0.03542	0.02098	0.02822	0.01735	0.01023	0.01116	0.00341	0.01365	0.01002	0.00548	0.01693
22	0.03427	0.02207	0.03352	0.24225	0.14601	0.02341	0.02608	0.08106	0.02912	0.20582	0.02903	0.03210	0.02023	0.01212	0.01125	0.00355	0.01263	0.01046	0.00867	0.01636

[dist]
# distance from previous block
# <min> <max>
0	2

[block]
# block no. 1 follows, 11 sequences, length 14
# corresponding to MSA columns:
# 356-369
name=unknown_B
#
# <colnr> <probs for GDERKNQSTAVLIFYWHMCP>
#	G	D	E	R	K	N	Q	S	T	A	V	L	I	F	Y	W	H	M	C	P
0	0.26132	0.02698	0.03070	0.03256	0.15190	0.02957	0.02140	0.22356	0.03458	0.05554	0.02167	0.02420	0.01641	0.01160	0.00974	0.00341	0.01135	0.00871	0.00839	0.01641
1	0.68395	0.02177	0.01654	0.01480	0.02177	0.02525	0.01219	0.03309	0.01915	0.05050	0.01567	0.01828	0.01219	0.01045	0.00697	0.00348	0.00871	0.00609	0.00697	0.01219
2	0.41717	0.02137	0.02044	0.01737	0.02474	0.02320	0.01418	0.04283	0.09087	0.18701	0.02783	0.02713	0.01961	0.01208	0.00880	0.00353	0.00898	0.00846	0.00952	0.01490
3	0.02465	0.02347	0.03988	0.31635	0.31207	0.02590	0.03294	0.03173	0.02411	0.03287	0.02060	0.02890	0.01645	0.01062	0.01120	0.00354	0.01417	0.01002	0.00529	0.01524
4	0.03375	0.02908	0.15699	0.21084	0.05010	0.02176	0.02768	0.04132	0.02686	0.24411	0.03021	0.03192	0.02017	0.01223	0.01114	0.00359	0.01315	0.01013	0.00866	0.01629
5	0.24543	0.01571	0.01672	0.01545	0.02004	0.01610	0.01193	0.02887	0.02581	0.11241	0.20664	0.14617	0.05813	0.01969	0.01107	0.00369	0.00726	0.01636	0.01043	0.01206
6	0.02999	0.01462	0.01955	0.01655	0.02166	0.01303	0.01303	0.03491	0.03200	0.24726	0.33146	0.06546	0.07433	0.01932	0.01248	0.00352	0.00705	0.01668	0.01302	0.01409
7	0.20667	0.01732	0.02145	0.15470	0.03509	0.01907	0.01769	0.02956	0.02522	0.08358	0.15410	0.05438	0.04509	0.01694	0.01116	0.00380	0.00971	0.07333	0.00891	0.01222
8	0.03043	0.02770	0.05275	0.03800	0.04866	0.02576	0.32813	0.07837	0.02915	0.09978	0.02536	0.03005	0.01850	0.01022	0.01219	0.00343	0.01580	0.01186	0.00731	0.10655
9	0.04654	0.02178	0.02729	0.02133	0.02981	0.02092	0.01749	0.12782	0.09323	0.40566	0.04173	0.03690	0.02721	0.01402	0.01132	0.00351	0.00996	0.01129	0.01320	0.01899
10	0.01689	0.01339	0.01564	0.01622	0.01957	0.01302	0.01278	0.02445	0.09295	0.03466	0.12023	0.16050	0.24641	0.02770	0.01377	0.00424	0.00745	0.13848	0.01074	0.01093
11	0.08310	0.27683	0.17070	0.02484	0.03578	0.03323	0.06445	0.03832	0.06413	0.07836	0.02237	0.02427	0.01724	0.01079	0.00928	0.00311	0.01302	0.00823	0.00639	0.01555
12	0.11659	0.01943	0.02512	0.01948	0.02801	0.01745	0.01609	0.05258	0.03085	0.49075	0.04141	0.03622	0.02623	0.01357	0.01086	0.00348	0.00949	0.01077	0.01320	0.01843
13	0.01371	0.00979	0.01306	0.01567	0.01632	0.00914	0.01045	0.01567	0.02155	0.02873	0.06203	0.59710	0.07444	0.03526	0.01437	0.00457	0.00653	0.03200	0.01045	0.00914

[dist]
# distance from previous block
# <min> <max>
0	34

[block]
# block no. 2 follows, 11 sequences, length 8
# corresponding to MSA columns:
# 404-411
name=unknown_C
#
# <colnr> <probs for GDERKNQSTAVLIFYWHMCP>
#	G	D	E	R	K	N	Q	S	T	A	V	L	I	F	Y	W	H	M	C	P
0	0.02545	0.03341	0.18839	0.11988	0.08051	0.02436	0.14462	0.03609	0.05701	0.07467	0.07706	0.03514	0.02714	0.01225	0.01181	0.00364	0.01455	0.01167	0.00699	0.01535
1	0.02596	0.05081	0.44061	0.02993	0.04472	0.02535	0.03664	0.04004	0.07432	0.08815	0.02525	0.02709	0.01768	0.01149	0.01083	0.00358	0.01514	0.00907	0.00636	0.01701
2	0.01365	0.01005	0.01280	0.01501	0.01615	0.00920	0.01015	0.01575	0.02219	0.02899	0.07014	0.52091	0.14540	0.03421	0.01420	0.00445	0.00640	0.03071	0.01045	0.00920
3	0.01658	0.01116	0.01298	0.01329	0.01360	0.01116	0.00818	0.01720	0.01751	0.02324	0.03835	0.08004	0.04378	0.53576	0.05229	0.01023	0.01085	0.06933	0.00724	0.00724
4	0.02324	0.02268	0.07996	0.17951	0.08524	0.02085	0.02307	0.03397	0.11186	0.07243	0.04627	0.11209	0.10695	0.01757	0.01192	0.00379	0.01107	0.01519	0.00835	0.01398
5	0.03130	0.07898	0.18846	0.02525	0.03561	0.02750	0.02533	0.08797	0.21089	0.12126	0.03380	0.03270	0.02434	0.01308	0.01086	0.00354	0.01192	0.01042	0.00926	0.01752
6	0.03332	0.01937	0.02440	0.02001	0.02561	0.01991	0.01615	0.12900	0.03473	0.20721	0.21879	0.05172	0.05403	0.01784	0.01470	0.00363	0.06815	0.01431	0.01188	0.01525
7	0.01371	0.00979	0.01306	0.01567	0.01632	0.00914	0.01045	0.01567	0.02155	0.02873	0.06203	0.59710	0.07444	0.03526	0.01437	0.00457	0.00653	0.03200	0.01045	0.00914

[dist]
# distance from previous block
# <min> <max>
0	1

[block]
# block no. 3 follows, 11 sequences, length 17
# corresponding to MSA columns:
# 413-429
name=unknown_D
#
# <colnr> <probs for GDERKNQSTAVLIFYWHMCP>
#	G	D	E	R	K	N	Q	S	T	A	V	L	I	F	Y	W	H	M	C	P
0	0.01611	0.01233	0.01562	0.01592	0.01890	0.01060	0.01117	0.01882	0.02199	0.03071	0.05158	0.45443	0.06008	0.02857	0.01287	0.00385	0.00698	0.02570	0.00951	0.17427
1	0.02642	0.02183	0.02499	0.01813	0.02798	0.01816	0.01461	0.10262	0.02803	0.04211	0.02112	0.02392	0.01706	0.00916	0.00880	0.00194	0.00898	0.00722	0.00740	0.56951
2	0.02921	0.54600	0.11643	0.02077	0.03123	0.04237	0.02189	0.03393	0.02297	0.02756	0.01618	0.01873	0.01442	0.00975	0.00763	0.00254	0.01258	0.00629	0.00481	0.01470
3	0.02126	0.02001	0.03376	0.57739	0.07752	0.02501	0.03126	0.02876	0.02251	0.02876	0.02001	0.03001	0.01500	0.01125	0.01125	0.00375	0.01500	0.01000	0.00500	0.01250
4	0.02719	0.02606	0.04448	0.12056	0.48799	0.02657	0.03421	0.03396	0.02531	0.03596	0.02105	0.02807	0.01754	0.01015	0.01115	0.00338	0.01354	0.01003	0.00551	0.01729
5	0.01371	0.00979	0.01306	0.01567	0.01632	0.00914	0.01045	0.01567	0.02155	0.02873	0.06203	0.59710	0.07444	0.03526	0.01437	0.00457	0.00653	0.03200	0.01045	0.00914
6	0.02343	0.02193	0.03685	0.27535	0.28217	0.02394	0.03033	0.02990	0.02384	0.03247	0.02550	0.09589	0.02332	0.01352	0.01157	0.00366	0.01325	0.01261	0.00591	0.01458
7	0.01622	0.01150	0.01526	0.01526	0.01629	0.01253	0.01054	0.01828	0.01725	0.02403	0.03274	0.05856	0.03437	0.33787	0.31491	0.01459	0.02077	0.01416	0.00641	0.00848
8	0.01579	0.01067	0.01245	0.01302	0.01316	0.01052	0.00761	0.01622	0.01750	0.02333	0.04128	0.18815	0.04825	0.47995	0.04790	0.00952	0.00995	0.01979	0.00761	0.00733
9	0.03177	0.04572	0.34270	0.02871	0.04228	0.02669	0.03285	0.14755	0.03199	0.12429	0.02565	0.02684	0.01757	0.01187	0.01093	0.00351	0.01451	0.00922	0.00774	0.01763
10	0.02585	0.13136	0.21811	0.03807	0.05085	0.03027	0.27420	0.03555	0.02509	0.03440	0.02082	0.02631	0.01576	0.00989	0.01150	0.00350	0.01713	0.01055	0.00525	0.01553
11	0.02657	0.03036	0.06641	0.04744	0.05882	0.02846	0.49336	0.03605	0.02657	0.03605	0.02277	0.03036	0.01708	0.00949	0.01328	0.00380	0.01898	0.01328	0.00569	0.01518
12	0.03137	0.09616	0.03019	0.02015	0.02923	0.10695	0.01646	0.08128	0.02839	0.08035	0.02186	0.02388	0.01726	0.01000	0.00904	0.00228	0.01118	0.00743	0.00739	0.36915
13	0.01387	0.01008	0.01310	0.01519	0.01628	0.00930	0.01031	0.01620	0.02280	0.03032	0.10748	0.51145	0.11484	0.03362	0.01418	0.00442	0.00635	0.03029	0.01062	0.00930
14	0.10145	0.07471	0.04039	0.03393	0.11532	0.02650	0.12398	0.07871	0.07283	0.17612	0.02940	0.03061	0.02109	0.01171	0.01094	0.00346	0.01252	0.01060	0.00889	0.01685
15	0.10875	0.19004	0.03467	0.07232	0.07309	0.02620	0.01850	0.03604	0.02593	0.16174	0.07272	0.03824	0.07058	0.01370	0.00993	0.00322	0.01032	0.01075	0.00853	0.01474
16	0.02738	0.01574	0.01976	0.01807	0.02228	0.01522	0.01365	0.10214	0.03077	0.15936	0.13037	0.28889	0.05999	0.02473	0.01297	0.00395	0.00797	0.02170	0.01172	0.01334

[dist]
# distance from previous block
# <min> <max>
0	31

[block]
# block no. 4 follows, 11 sequences, length 83
# corresponding to MSA columns:
# 461-503,523-562
name=unknown_E
#
# <colnr> <probs for GDERKNQSTAVLIFYWHMCP>
#	G	D	E	R	K	N	Q	S	T	A	V	L	I	F	Y	W	H	M	C	P
0	0.03142	0.08383	0.07601	0.01991	0.02974	0.02089	0.01786	0.03988	0.08089	0.16592	0.02873	0.02877	0.02108	0.01090	0.00955	0.00262	0.00986	0.00863	0.00870	0.30481
1	0.15172	0.13894	0.04058	0.03266	0.13061	0.03101	0.07438	0.14181	0.03021	0.04521	0.02055	0.02393	0.01627	0.01064	0.00966	0.00311	0.01224	0.00865	0.00712	0.07072
2	0.26077	0.02313	0.02180	0.01840	0.02483	0.07120	0.01454	0.08923	0.02837	0.17292	0.07343	0.03623	0.02873	0.07328	0.01455	0.00418	0.01034	0.01034	0.00960	0.01414
3	0.02323	0.02126	0.03226	0.28222	0.14458	0.02176	0.02547	0.02969	0.02339	0.03308	0.02022	0.02722	0.01613	0.00998	0.01019	0.00293	0.01232	0.00882	0.00570	0.24955
4	0.02863	0.12958	0.17984	0.08943	0.04063	0.08273	0.02822	0.03502	0.02336	0.07678	0.01999	0.02477	0.01578	0.01330	0.01700	0.00368	0.16221	0.00871	0.00578	0.01458
5	0.31309	0.08859	0.21157	0.08479	0.03833	0.02731	0.02549	0.03357	0.02152	0.04054	0.01778	0.02154	0.01345	0.01055	0.00880	0.00344	0.01255	0.00732	0.00576	0.01402
6	0.08548	0.19596	0.12432	0.22054	0.04842	0.02971	0.02655	0.03124	0.02283	0.03175	0.02208	0.03348	0.01910	0.01247	0.01000	0.00344	0.01341	0.05010	0.00559	0.01353
7	0.02374	0.02203	0.03681	0.15242	0.34374	0.02282	0.02901	0.02961	0.02422	0.03364	0.02930	0.14455	0.02887	0.01541	0.01182	0.00367	0.01228	0.01451	0.00646	0.01507
8	0.02320	0.01905	0.03208	0.37572	0.05997	0.02168	0.06446	0.02991	0.02471	0.07823	0.08297	0.08032	0.03118	0.01451	0.01189	0.00377	0.01310	0.01325	0.00713	0.01287
9	0.01371	0.00979	0.01306	0.01567	0.01632	0.00914	0.01045	0.01567	0.02155	0.02873	0.06203	0.59710	0.07444	0.03526	0.01437	0.00457	0.00653	0.03200	0.01045	0.00914
10	0.01529	0.01092	0.01487	0.01748	0.01882	0.01050	0.01319	0.01840	0.02311	0.03050	0.06116	0.42914	0.07099	0.03377	0.01479	0.00479	0.00790	0.18436	0.01042	0.00958
11	0.01570	0.01170	0.01728	0.01770	0.01950	0.01328	0.01349	0.01939	0.01864	0.02654	0.03524	0.13259	0.03554	0.07656	0.47266	0.01593	0.02637	0.01525	0.00674	0.00990
12	0.01872	0.00988	0.01429	0.01453	0.01459	0.00982	0.00956	0.01491	0.01545	0.02060	0.02493	0.08946	0.02657	0.09156	0.04252	0.54954	0.00958	0.01243	0.00558	0.00546
13	0.02192	0.01467	0.02110	0.01972	0.02165	0.01709	0.01533	0.02407	0.01929	0.08364	0.03007	0.08910	0.02845	0.05240	0.26599	0.11730	0.12764	0.01302	0.00693	0.01060
14	0.01917	0.01274	0.01610	0.01548	0.01825	0.01224	0.01129	0.02543	0.06848	0.07784	0.30993	0.18174	0.08170	0.07745	0.01723	0.00445	0.00670	0.02106	0.01152	0.01122
15	0.02257	0.05822	0.54613	0.03208	0.04871	0.02614	0.04158	0.03564	0.02376	0.03564	0.02020	0.02376	0.01426	0.01069	0.01069	0.00356	0.01663	0.00832	0.00475	0.01663
16	0.03009	0.61122	0.05898	0.01926	0.02889	0.04454	0.01926	0.03370	0.02287	0.02648	0.01565	0.01805	0.01444	0.00963	0.00722	0.00241	0.01204	0.00602	0.00481	0.01444
17	0.16218	0.01886	0.02310	0.01942	0.02506	0.01982	0.05792	0.10351	0.02762	0.09140	0.03212	0.08824	0.02714	0.02179	0.06576	0.00487	0.01142	0.01215	0.17436	0.01327
18	0.01426	0.01129	0.01283	0.01276	0.01587	0.00986	0.00945	0.01789	0.02744	0.03540	0.25414	0.14538	0.33907	0.02721	0.01339	0.00378	0.00564	0.02333	0.01113	0.00986
19	0.02786	0.02674	0.04568	0.06908	0.53424	0.02674	0.03454	0.03454	0.02563	0.03677	0.02117	0.02786	0.01783	0.01003	0.01114	0.00334	0.01337	0.01003	0.00557	0.01783
20	0.02321	0.02200	0.03729	0.42678	0.21285	0.02552	0.03223	0.03047	0.02343	0.03113	0.02035	0.02937	0.01584	0.01089	0.01122	0.00363	0.01452	0.01001	0.00517	0.01408
21	0.02362	0.01785	0.02819	0.37741	0.05765	0.02080	0.02537	0.03021	0.02411	0.08142	0.03033	0.04728	0.02550	0.01482	0.01159	0.00383	0.01275	0.08068	0.07397	0.01262
22	0.01608	0.01206	0.01809	0.01809	0.02010	0.01407	0.01407	0.02010	0.01809	0.02613	0.03015	0.04422	0.02814	0.08441	0.55984	0.01809	0.03015	0.01206	0.00603	0.01005
23	0.04054	0.02267	0.02621	0.02172	0.02804	0.06958	0.01737	0.08846	0.03103	0.31470	0.03994	0.12197	0.03175	0.01761	0.01429	0.00374	0.06871	0.01392	0.01145	0.01632
24	0.02382	0.01853	0.02833	0.33346	0.05481	0.02144	0.02533	0.03268	0.06948	0.07964	0.03468	0.05642	0.03058	0.01689	0.01236	0.00409	0.01276	0.12385	0.00779	0.01307
25	0.01651	0.01121	0.01336	0.01360	0.01402	0.01139	0.00854	0.01736	0.01742	0.02332	0.03722	0.07591	0.04197	0.50317	0.09963	0.01104	0.01263	0.05717	0.00708	0.00745
26	0.01552	0.01149	0.01447	0.01373	0.01656	0.01044	0.01029	0.02044	0.03088	0.04282	0.46318	0.08789	0.17277	0.02387	0.01328	0.00358	0.00537	0.02089	0.01209	0.01044
27	0.19792	0.08705	0.13775	0.02504	0.03478	0.07900	0.06989	0.04105	0.07061	0.11852	0.02481	0.02617	0.01807	0.01144	0.00981	0.00341	0.01297	0.00883	0.00758	0.01531
28	0.03914	0.01807	0.02333	0.01941	0.02622	0.01659	0.01577	0.08883	0.03193	0.34197	0.05242	0.11483	0.08164	0.01923	0.01223	0.00378	0.00924	0.05644	0.01261	0.01632
29	0.01371	0.00979	0.01306	0.01567	0.01632	0.00914	0.01045	0.01567	0.02155	0.02873	0.06203	0.59710	0.07444	0.03526	0.01437	0.00457	0.00653	0.03200	0.01045	0.00914
30	0.02450	0.19960	0.42158	0.02880	0.04364	0.03084	0.03588	0.03515	0.02353	0.03330	0.01903	0.02230	0.01431	0.01042	0.00981	0.00327	0.01546	0.00773	0.00477	0.01607
31	0.03073	0.04681	0.39425	0.02856	0.04288	0.02334	0.03427	0.04125	0.02623	0.18354	0.02727	0.02801	0.01823	0.01164	0.01088	0.00354	0.01457	0.00919	0.00743	0.01737
32	0.08491	0.01671	0.01988	0.01841	0.02160	0.01851	0.01420	0.07892	0.02555	0.08562	0.03995	0.23332	0.04018	0.02196	0.01546	0.00393	0.09971	0.01771	0.13124	0.01224
33	0.03974	0.03001	0.03206	0.02528	0.03374	0.03348	0.02066	0.40675	0.14783	0.06602	0.03089	0.03010	0.02227	0.01387	0.01130	0.00347	0.01167	0.01067	0.01130	0.01887
34	0.02308	0.02187	0.03706	0.43687	0.20378	0.02549	0.03217	0.03036	0.02337	0.03097	0.02033	0.02941	0.01578	0.01091	0.01122	0.00364	0.01455	0.01001	0.00516	0.01398
35	0.02939	0.55956	0.10448	0.02046	0.03074	0.04282	0.02134	0.03388	0.02295	0.02734	0.01607	0.01859	0.01443	0.00973	0.00755	0.00252	0.01247	0.00623	0.00481	0.01465
36	0.10771	0.03803	0.02711	0.02299	0.03043	0.30464	0.01767	0.03768	0.02740	0.03339	0.01813	0.02116	0.01501	0.01030	0.00914	0.00252	0.01472	0.00691	0.00624	0.24881
37	0.01371	0.00979	0.01306	0.01567	0.01632	0.00914	0.01045	0.01567	0.02155	0.02873	0.06203	0.59710	0.07444	0.03526	0.01437	0.00457	0.00653	0.03200	0.01045	0.00914
38	0.02364	0.15756	0.25822	0.02368	0.03576	0.02550	0.02662	0.03191	0.02429	0.03499	0.07083	0.02861	0.02425	0.01112	0.00964	0.00284	0.01242	0.00865	0.00603	0.18345
39	0.01546	0.01127	0.01317	0.01298	0.01471	0.01078	0.00874	0.01768	0.02220	0.02936	0.15938	0.08212	0.18001	0.28477	0.08285	0.00818	0.01015	0.01872	0.00886	0.00861
40	0.01430	0.01059	0.01336	0.01447	0.01627	0.00964	0.01016	0.01741	0.02533	0.03389	0.20936	0.35884	0.16418	0.03044	0.01385	0.00413	0.00602	0.02709	0.01102	0.00964
41	0.02786	0.02674	0.04568	0.06908	0.53424	0.02674	0.03454	0.03454	0.02563	0.03677	0.02117	0.02786	0.01783	0.01003	0.01114	0.00334	0.01337	0.01003	0.00557	0.01783
42	0.02511	0.20827	0.35712	0.03026	0.04436	0.03150	0.08632	0.03515	0.02383	0.03315	0.01923	0.02293	0.01463	0.01026	0.01002	0.00327	0.01562	0.00824	0.00488	0.01586
43	0.10119	0.02556	0.04130	0.10973	0.43446	0.02641	0.03172	0.03385	0.02461	0.03758	0.02044	0.02698	0.01693	0.01019	0.01068	0.00340	0.01300	0.00958	0.00568	0.01670
44	0.04370	0.02715	0.03072	0.02387	0.03254	0.02879	0.01961	0.32427	0.08981	0.20904	0.03396	0.03178	0.02316	0.01380	0.01130	0.00345	0.01122	0.01073	0.01207	0.01902
45	0.01683	0.01244	0.01610	0.01724	0.01950	0.01231	0.01319	0.02335	0.07148	0.03636	0.19141	0.27775	0.07714	0.02885	0.01410	0.00437	0.00741	0.13841	0.01107	0.01069
46	0.02606	0.02491	0.04243	0.20762	0.40976	0.02627	0.03365	0.03297	0.02478	0.03459	0.02085	0.02844	0.01706	0.01036	0.01117	0.00345	0.01382	0.01002	0.00542	0.01638
47	0.03801	0.01819	0.02251	0.01815	0.02476	0.01730	0.01467	0.11336	0.03374	0.29115	0.11752	0.04456	0.03920	0.01516	0.01095	0.00331	0.00849	0.01242	0.14045	0.01610
48	0.02822	0.01445	0.01903	0.01769	0.02250	0.01304	0.01438	0.03243	0.02839	0.21557	0.11647	0.13054	0.13617	0.02399	0.01329	0.00410	0.00837	0.13621	0.01189	0.01327
49	0.02873	0.01443	0.01990	0.01767	0.02174	0.01436	0.01357	0.03209	0.02292	0.21409	0.03639	0.04775	0.03051	0.15929	0.26182	0.01135	0.01890	0.01262	0.00907	0.01276
50	0.09520	0.09155	0.25958	0.08786	0.04245	0.02627	0.02923	0.03971	0.07018	0.11621	0.02550	0.02738	0.01816	0.01157	0.01023	0.00348	0.01339	0.00895	0.00708	0.01602
51	0.01371	0.00979	0.01306	0.01567	0.01632	0.00914	0.01045	0.01567	0.02155	0.02873	0.06203	0.59710	0.07444	0.03526	0.01437	0.00457	0.00653	0.03200	0.01045	0.00914
52	0.01371	0.00979	0.01306	0.01567	0.01632	0.00914	0.01045	0.01567	0.02155	0.02873	0.06203	0.59710	0.07444	0.03526	0.01437	0.00457	0.00653	0.03200	0.01045	0.00914
53	0.03718	0.02506	0.03217	0.08459	0.11448	0.02639	0.02234	0.23860	0.03923	0.15589	0.07992	0.03557	0.02917	0.01379	0.01146	0.00345	0.01150	0.01139	0.01041	0.01742
54	0.04348	0.02722	0.03228	0.03150	0.12434	0.07826	0.02164	0.16310	0.03626	0.27591	0.03292	0.03166	0.02242	0.01287	0.01115	0.00337	0.01209	0.01036	0.01088	0.01829
55	0.02646	0.02532	0.04317	0.17643	0.43779	0.02638	0.03385	0.03332	0.02497	0.03508	0.02092	0.02831	0.01723	0.01029	0.01117	0.00343	0.01372	0.01002	0.00545	0.01670
56	0.02334	0.02001	0.02334	0.01667	0.02667	0.01500	0.01334	0.02834	0.02334	0.03668	0.02001	0.02334	0.01667	0.00834	0.00834	0.00167	0.00834	0.00667	0.00667	0.67325
57	0.02257	0.05822	0.54613	0.03208	0.04871	0.02614	0.04158	0.03564	0.02376	0.03564	0.02020	0.02376	0.01426	0.01069	0.01069	0.00356	0.01663	0.00832	0.00475	0.01663
58	0.13520	0.02594	0.03839	0.02925	0.03746	0.07503	0.20081	0.03855	0.02655	0.13698	0.02757	0.03087	0.02004	0.01129	0.01073	0.00341	0.01347	0.01073	0.11320	0.01452
59	0.02257	0.05822	0.54613	0.03208	0.04871	0.02614	0.04158	0.03564	0.02376	0.03564	0.02020	0.02376	0.01426	0.01069	0.01069	0.00356	0.01663	0.00832	0.00475	0.01663
60	0.03505	0.02137	0.03615	0.11763	0.09107	0.02056	0.11742	0.04093	0.02780	0.25608	0.03565	0.09112	0.02738	0.01438	0.01200	0.00369	0.01241	0.01349	0.00967	0.01615
61	0.02912	0.02294	0.04066	0.27137	0.05790	0.02500	0.14711	0.03600	0.02511	0.13888	0.02538	0.03135	0.01823	0.01215	0.01419	0.00382	0.06802	0.01112	0.00706	0.01458
62	0.01371	0.00979	0.01306	0.01567	0.01632	0.00914	0.01045	0.01567	0.02155	0.02873	0.06203	0.59710	0.07444	0.03526	0.01437	0.00457	0.00653	0.03200	0.01045	0.00914
63	0.01371	0.00979	0.01306	0.01567	0.01632	0.00914	0.01045	0.01567	0.02155	0.02873	0.06203	0.59710	0.07444	0.03526	0.01437	0.00457	0.00653	0.03200	0.01045	0.00914
64	0.10017	0.08688	0.03244	0.07925	0.03585	0.11174	0.02017	0.17801	0.03522	0.17288	0.02703	0.02744	0.01910	0.01242	0.01031	0.00328	0.01281	0.00919	0.00941	0.01641
65	0.14928	0.01669	0.01970	0.01673	0.02294	0.01564	0.01332	0.03764	0.02776	0.27380	0.09972	0.10705	0.11642	0.01867	0.01136	0.00365	0.00808	0.01534	0.01165	0.01455
66	0.01399	0.01036	0.01315	0.01526	0.01667	0.00952	0.01070	0.01638	0.02269	0.02945	0.07180	0.46548	0.16091	0.03363	0.01426	0.00447	0.00668	0.06483	0.01044	0.00931
67	0.01828	0.01397	0.01707	0.01586	0.01924	0.01400	0.01202	0.02875	0.12575	0.04551	0.43432	0.07588	0.09221	0.02150	0.01292	0.00359	0.00601	0.01887	0.01221	0.01202
68	0.04204	0.05364	0.03190	0.02900	0.03480	0.55926	0.02175	0.04494	0.03190	0.02755	0.01740	0.02030	0.01450	0.01160	0.01015	0.00290	0.02030	0.00725	0.00580	0.01305
69	0.02786	0.02674	0.04568	0.06908	0.53424	0.02674	0.03454	0.03454	0.02563	0.03677	0.02117	0.02786	0.01783	0.01003	0.01114	0.00334	0.01337	0.01003	0.00557	0.01783
70	0.01371	0.00979	0.01306	0.01567	0.01632	0.00914	0.01045	0.01567	0.02155	0.02873	0.06203	0.59710	0.07444	0.03526	0.01437	0.00457	0.00653	0.03200	0.01045	0.00914
71	0.68395	0.02177	0.01654	0.01480	0.02177	0.02525	0.01219	0.03309	0.01915	0.05050	0.01567	0.01828	0.01219	0.01045	0.00697	0.00348	0.00871	0.00609	0.00697	0.01219
72	0.03009	0.61122	0.05898	0.01926	0.02889	0.04454	0.01926	0.03370	0.02287	0.02648	0.01565	0.01805	0.01444	0.00963	0.00722	0.00241	0.01204	0.00602	0.00481	0.01444
73	0.02334	0.02001	0.02334	0.01667	0.02667	0.01500	0.01334	0.02834	0.02334	0.03668	0.02001	0.02334	0.01667	0.00834	0.00834	0.00167	0.00834	0.00667	0.00667	0.67325
74	0.03578	0.20306	0.04777	0.02824	0.03791	0.03647	0.11518	0.26736	0.03874	0.05078	0.02280	0.02503	0.01734	0.01156	0.01047	0.00317	0.01360	0.00954	0.00824	0.01696
75	0.02126	0.02001	0.03376	0.57739	0.07752	0.02501	0.03126	0.02876	0.02251	0.02876	0.02001	0.03001	0.01500	0.01125	0.01125	0.00375	0.01500	0.01000	0.00500	0.01250
76	0.02647	0.02511	0.04148	0.17258	0.39575	0.02648	0.03246	0.03542	0.06562	0.03594	0.02298	0.02949	0.01861	0.01072	0.01119	0.00347	0.01334	0.01025	0.00594	0.01670
77	0.01582	0.01221	0.01470	0.01559	0.01811	0.01171	0.01151	0.02181	0.07315	0.03408	0.14773	0.29029	0.18857	0.02922	0.01376	0.00420	0.00675	0.06950	0.01085	0.01045
78	0.05050	0.01915	0.02612	0.02003	0.02873	0.01654	0.01654	0.05485	0.03221	0.54203	0.04440	0.03831	0.02786	0.01393	0.01132	0.00348	0.00958	0.01132	0.01393	0.01915
79	0.04279	0.03153	0.03378	0.02590	0.03490	0.03490	0.02139	0.49671	0.05292	0.07093	0.02702	0.02702	0.01914	0.01351	0.01126	0.00338	0.01239	0.01013	0.01126	0.01914
80	0.03436	0.03538	0.03977	0.05054	0.30928	0.18419	0.02872	0.11024	0.03176	0.03944	0.02098	0.02551	0.01706	0.01104	0.01087	0.00322	0.01525	0.00923	0.00653	0.01663
81	0.04328	0.01914	0.02495	0.01961	0.02724	0.01752	0.01600	0.09848	0.03448	0.39770	0.13129	0.04544	0.04126	0.01555	0.01167	0.00348	0.00911	0.01284	0.01335	0.01759
82	0.34888	0.02239	0.02171	0.01808	0.02506	0.02455	0.01475	0.15331	0.03121	0.10333	0.10337	0.03303	0.03056	0.01359	0.00951	0.00346	0.00920	0.00993	0.00963	0.01442

[dist]
# distance from previous block
# <min> <max>
0	1

[block]
# block no. 5 follows, 11 sequences, length 52
# corresponding to MSA columns:
# 564-615
name=unknown_F
#
# <colnr> <probs for GDERKNQSTAVLIFYWHMCP>
#	G	D	E	R	K	N	Q	S	T	A	V	L	I	F	Y	W	H	M	C	P
0	0.01704	0.01302	0.01810	0.01759	0.01881	0.01526	0.01306	0.01974	0.01750	0.02498	0.03010	0.05072	0.03046	0.22838	0.36031	0.01465	0.08170	0.01308	0.00614	0.00935
1	0.01371	0.00979	0.01306	0.01567	0.01632	0.00914	0.01045	0.01567	0.02155	0.02873	0.06203	0.59710	0.07444	0.03526	0.01437	0.00457	0.00653	0.03200	0.01045	0.00914
2	0.01446	0.00987	0.01280	0.01514	0.01600	0.00928	0.01018	0.01675	0.02176	0.03009	0.05944	0.54016	0.06977	0.03299	0.01370	0.00437	0.00640	0.02979	0.07778	0.00928
3	0.07557	0.02247	0.07441	0.07081	0.03126	0.02079	0.01948	0.11680	0.07574	0.04164	0.04188	0.21256	0.04243	0.02204	0.01244	0.00410	0.01037	0.08250	0.00936	0.01334
4	0.08183	0.03418	0.19383	0.12976	0.05143	0.02498	0.18559	0.03239	0.02426	0.03537	0.03001	0.03505	0.06674	0.01215	0.01159	0.00369	0.01533	0.01163	0.00588	0.01431
5	0.01436	0.01030	0.01364	0.01523	0.01647	0.00957	0.01050	0.01730	0.02457	0.03353	0.19846	0.44699	0.08373	0.03168	0.01405	0.00427	0.00617	0.02859	0.01102	0.00957
6	0.01802	0.01377	0.01609	0.01661	0.01930	0.01374	0.01193	0.06847	0.07629	0.03518	0.06700	0.38736	0.15364	0.02970	0.01355	0.00422	0.00720	0.02621	0.01063	0.01111
7	0.02972	0.02457	0.07617	0.03509	0.17745	0.02172	0.02321	0.08705	0.06935	0.12886	0.11980	0.08499	0.04064	0.01582	0.01180	0.00356	0.01059	0.01386	0.00961	0.01615
8	0.02865	0.03552	0.22160	0.03240	0.09048	0.02363	0.07953	0.04132	0.10199	0.12691	0.07583	0.03585	0.02893	0.01290	0.01149	0.00359	0.01308	0.01136	0.00828	0.01666
9	0.02462	0.02462	0.03447	0.02955	0.02955	0.03447	0.02462	0.02709	0.01724	0.02709	0.01477	0.02462	0.01477	0.01970	0.03694	0.00492	0.58385	0.00985	0.00492	0.01231
10	0.02334	0.02001	0.02334	0.01667	0.02667	0.01500	0.01334	0.02834	0.02334	0.03668	0.02001	0.02334	0.01667	0.00834	0.00834	0.00167	0.00834	0.00667	0.00667	0.67325
11	0.10057	0.01714	0.02210	0.01879	0.02531	0.01585	0.01554	0.04203	0.02975	0.32832	0.11576	0.05935	0.04466	0.01807	0.01196	0.00380	0.00901	0.09399	0.01238	0.01562
12	0.01814	0.01296	0.01814	0.02073	0.02332	0.01296	0.01814	0.02332	0.02591	0.03368	0.05959	0.12696	0.06478	0.03109	0.01555	0.00518	0.01036	0.45848	0.01036	0.01036
13	0.02930	0.02720	0.04454	0.06492	0.48608	0.02753	0.03327	0.07911	0.02826	0.04007	0.02174	0.02778	0.01795	0.01036	0.01115	0.00335	0.01328	0.01004	0.00612	0.01795
14	0.09726	0.02020	0.02455	0.13124	0.03543	0.02089	0.01770	0.11877	0.03077	0.04554	0.15592	0.04099	0.04011	0.01407	0.01066	0.00312	0.00972	0.01159	0.00878	0.16271
15	0.01586	0.01229	0.01476	0.01358	0.01728	0.01071	0.01026	0.02041	0.02919	0.03992	0.35567	0.08545	0.22392	0.02323	0.01281	0.00344	0.00572	0.02005	0.01126	0.07419
16	0.01588	0.01162	0.01498	0.01449	0.01725	0.01072	0.01110	0.02095	0.03075	0.04275	0.44805	0.09015	0.14173	0.02424	0.01348	0.00371	0.00580	0.05981	0.01203	0.01049
17	0.03262	0.01510	0.02029	0.01714	0.02259	0.01339	0.01350	0.03720	0.03122	0.28623	0.25555	0.10213	0.06549	0.01955	0.01241	0.00359	0.00749	0.01686	0.01299	0.01467
18	0.02126	0.02001	0.03376	0.57739	0.07752	0.02501	0.03126	0.02876	0.02251	0.02876	0.02001	0.03001	0.01500	0.01125	0.01125	0.00375	0.01500	0.01000	0.00500	0.01250
19	0.02257	0.05822	0.54613	0.03208	0.04871	0.02614	0.04158	0.03564	0.02376	0.03564	0.02020	0.02376	0.01426	0.01069	0.01069	0.00356	0.01663	0.00832	0.00475	0.01663
20	0.01593	0.01150	0.01504	0.01416	0.01681	0.01062	0.01062	0.02124	0.03186	0.04513	0.52830	0.08407	0.10620	0.02301	0.01327	0.00354	0.00531	0.02035	0.01239	0.01062
21	0.02257	0.05822	0.54613	0.03208	0.04871	0.02614	0.04158	0.03564	0.02376	0.03564	0.02020	0.02376	0.01426	0.01069	0.01069	0.00356	0.01663	0.00832	0.00475	0.01663
22	0.03044	0.02082	0.03487	0.35813	0.06118	0.02286	0.07459	0.03722	0.02579	0.18108	0.02750	0.03250	0.01901	0.01186	0.01148	0.00368	0.01381	0.01073	0.00771	0.01474
23	0.01608	0.01079	0.01236	0.01265	0.01272	0.01072	0.00722	0.01629	0.01694	0.02258	0.03838	0.13110	0.04460	0.54198	0.05258	0.01022	0.01043	0.01808	0.00722	0.00707
24	0.01879	0.01381	0.01693	0.01776	0.02056	0.01424	0.01380	0.02830	0.12061	0.03744	0.12440	0.22614	0.06403	0.02617	0.01332	0.00425	0.00776	0.14355	0.07661	0.01153
25	0.01637	0.01091	0.01228	0.01228	0.01228	0.01091	0.00682	0.01637	0.01637	0.02182	0.03546	0.07365	0.04092	0.60445	0.05729	0.01091	0.01091	0.01637	0.00682	0.00682
26	0.02126	0.02001	0.03376	0.57739	0.07752	0.02501	0.03126	0.02876	0.02251	0.02876	0.02001	0.03001	0.01500	0.01125	0.01125	0.00375	0.01500	0.01000	0.00500	0.01250
27	0.02251	0.02001	0.02749	0.24010	0.04693	0.01899	0.02048	0.02851	0.02301	0.03352	0.02001	0.02600	0.01601	0.00950	0.00950	0.00250	0.01099	0.00800	0.00600	0.40996
28	0.61350	0.02526	0.01823	0.01636	0.02320	0.08385	0.01324	0.03439	0.02055	0.04798	0.01586	0.01850	0.01244	0.01057	0.00731	0.00342	0.00998	0.00622	0.00684	0.01228
29	0.01460	0.01048	0.01385	0.01507	0.01652	0.00973	0.01052	0.01789	0.02566	0.03527	0.24783	0.39267	0.08710	0.03038	0.01393	0.00416	0.00604	0.02736	0.01122	0.00973
30	0.22589	0.02629	0.04238	0.03154	0.04098	0.02642	0.23227	0.08548	0.02793	0.11852	0.02430	0.02762	0.01744	0.01084	0.01092	0.00361	0.01388	0.01055	0.00786	0.01529
31	0.02148	0.21795	0.17601	0.02139	0.02939	0.02532	0.02195	0.02706	0.02259	0.02992	0.03540	0.25037	0.03830	0.02014	0.01103	0.00359	0.01112	0.01701	0.00704	0.01294
32	0.02486	0.02368	0.04027	0.29990	0.32685	0.02595	0.03305	0.03192	0.02421	0.03313	0.02064	0.02883	0.01655	0.01058	0.01119	0.00353	0.01411	0.01002	0.00531	0.01541
33	0.05050	0.01915	0.02612	0.02003	0.02873	0.01654	0.01654	0.05485	0.03221	0.54203	0.04440	0.03831	0.02786	0.01393	0.01132	0.00348	0.00958	0.01132	0.01393	0.01915
34	0.02337	0.02413	0.04677	0.36622	0.07007	0.02638	0.21539	0.03166	0.02412	0.03166	0.02111	0.03015	0.01583	0.01055	0.01206	0.00377	0.01659	0.01131	0.00528	0.01357
35	0.01608	0.01206	0.01809	0.01809	0.02010	0.01407	0.01407	0.02010	0.01809	0.02613	0.03015	0.04422	0.02814	0.08441	0.55984	0.01809	0.03015	0.01206	0.00603	0.01005
36	0.01608	0.01206	0.01809	0.01809	0.02010	0.01407	0.01407	0.02010	0.01809	0.02613	0.03015	0.04422	0.02814	0.08441	0.55984	0.01809	0.03015	0.01206	0.00603	0.01005
37	0.24196	0.01994	0.02323	0.01845	0.02663	0.01917	0.01523	0.04827	0.02827	0.39347	0.03572	0.03226	0.02312	0.01288	0.01000	0.00348	0.00931	0.00974	0.01183	0.01705
38	0.02970	0.01455	0.01946	0.01650	0.02156	0.01298	0.01298	0.03463	0.03200	0.24313	0.33548	0.06584	0.07498	0.01939	0.01250	0.00352	0.00701	0.01675	0.01300	0.01402
39	0.01541	0.01148	0.01432	0.01361	0.01649	0.01040	0.01021	0.02023	0.03062	0.04220	0.44583	0.08890	0.19050	0.02410	0.01328	0.00359	0.00539	0.02103	0.01200	0.01040
40	0.01987	0.01219	0.01612	0.01649	0.01844	0.01213	0.01211	0.02246	0.02133	0.08339	0.04562	0.18139	0.04870	0.22035	0.12397	0.00895	0.01316	0.10453	0.00889	0.00991
41	0.01417	0.01012	0.01358	0.01619	0.01704	0.00953	0.01124	0.01646	0.02200	0.02924	0.06178	0.54888	0.07345	0.03483	0.01449	0.00463	0.00692	0.07574	0.01044	0.00927
42	0.04204	0.05364	0.03190	0.02900	0.03480	0.55926	0.02175	0.04494	0.03190	0.02755	0.01740	0.02030	0.01450	0.01160	0.01015	0.00290	0.02030	0.00725	0.00580	0.01305
43	0.02657	0.03036	0.06641	0.04744	0.05882	0.02846	0.49336	0.03605	0.02657	0.03605	0.02277	0.03036	0.01708	0.00949	0.01328	0.00380	0.01898	0.01328	0.00569	0.01518
44	0.01650	0.01223	0.01552	0.01689	0.01955	0.01165	0.01388	0.02055	0.02533	0.03248	0.10703	0.11341	0.18979	0.08718	0.01895	0.00526	0.00879	0.26501	0.01019	0.00980
45	0.02064	0.01690	0.02031	0.01575	0.02308	0.01340	0.01235	0.02575	0.02645	0.03976	0.20540	0.04549	0.04933	0.01369	0.01014	0.00235	0.00723	0.01166	0.00876	0.43156
46	0.01371	0.00979	0.01306	0.01567	0.01632	0.00914	0.01045	0.01567	0.02155	0.02873	0.06203	0.59710	0.07444	0.03526	0.01437	0.00457	0.00653	0.03200	0.01045	0.00914
47	0.10840	0.03487	0.03164	0.02537	0.03354	0.13696	0.02052	0.36037	0.04532	0.06031	0.02397	0.02480	0.01752	0.01282	0.01060	0.00329	0.01356	0.00915	0.00975	0.01723
48	0.02409	0.02788	0.09056	0.08058	0.03610	0.03268	0.02710	0.02818	0.01844	0.02818	0.01585	0.02503	0.01474	0.01793	0.03168	0.00467	0.46890	0.00970	0.00491	0.01280
49	0.09429	0.02730	0.03752	0.18736	0.28099	0.07437	0.02927	0.07074	0.02692	0.03799	0.02045	0.02671	0.01634	0.01080	0.01067	0.00342	0.01386	0.00939	0.00604	0.01557
50	0.22862	0.09028	0.08225	0.02202	0.03100	0.02523	0.06379	0.07454	0.02704	0.16142	0.03226	0.03250	0.05811	0.01278	0.00985	0.00342	0.01112	0.00995	0.00865	0.01516
51	0.03370	0.14938	0.08930	0.02378	0.03334	0.03284	0.02165	0.23478	0.12049	0.05087	0.02658	0.02710	0.02007	0.01224	0.01013	0.00311	0.01176	0.00922	0.00887	0.08078

[dist]
# distance from previous block
# <min> <max>
0	5

[block]
# block no. 6 follows, 11 sequences, length 27
# corresponding to MSA columns:
# 629-655
name=unknown_G
#
# <colnr> <probs for GDERKNQSTAVLIFYWHMCP>
#	G	D	E	R	K	N	Q	S	T	A	V	L	I	F	Y	W	H	M	C	P
0	0.61752	0.02278	0.01833	0.01595	0.02313	0.02625	0.01314	0.08112	0.02265	0.05262	0.01685	0.01919	0.01291	0.01077	0.00741	0.00347	0.00909	0.00651	0.00741	0.01291
1	0.09496	0.11252	0.03146	0.02428	0.08542	0.02392	0.01773	0.07715	0.02624	0.08552	0.02302	0.02644	0.01847	0.01784	0.06605	0.00419	0.01229	0.00822	0.00733	0.23693
2	0.03989	0.02615	0.07929	0.03286	0.14320	0.02261	0.02344	0.09170	0.08040	0.28800	0.03548	0.03393	0.02419	0.01286	0.01123	0.00348	0.01127	0.01078	0.01072	0.01849
3	0.01371	0.00979	0.01306	0.01567	0.01632	0.00914	0.01045	0.01567	0.02155	0.02873	0.06203	0.59710	0.07444	0.03526	0.01437	0.00457	0.00653	0.03200	0.01045	0.00914
4	0.04788	0.01924	0.02585	0.01970	0.02853	0.01639	0.01623	0.05229	0.03136	0.49328	0.04205	0.03686	0.02678	0.01339	0.01103	0.00331	0.00946	0.01087	0.01323	0.08226
5	0.02828	0.03170	0.12630	0.17952	0.18476	0.02808	0.07970	0.12959	0.03031	0.04160	0.02210	0.02780	0.01671	0.01112	0.01134	0.00354	0.01470	0.01009	0.00649	0.01629
6	0.02549	0.02701	0.05395	0.18546	0.16059	0.02724	0.28319	0.03391	0.02535	0.03436	0.02175	0.02976	0.01671	0.01004	0.01233	0.00369	0.01683	0.01179	0.00549	0.01505
7	0.01392	0.00995	0.01324	0.01553	0.01637	0.00928	0.01046	0.01618	0.02250	0.03024	0.10496	0.54987	0.07737	0.03413	0.01427	0.00448	0.00642	0.03093	0.01063	0.00928
8	0.01438	0.01144	0.01290	0.01253	0.01586	0.00996	0.00940	0.01824	0.02820	0.03644	0.28386	0.09838	0.35606	0.02625	0.01329	0.00369	0.00554	0.02236	0.01125	0.00996
9	0.02758	0.28700	0.29526	0.02615	0.03915	0.03464	0.03039	0.07728	0.02607	0.03506	0.01892	0.02168	0.01479	0.01051	0.00929	0.00306	0.01432	0.00752	0.00538	0.01595
10	0.02222	0.01362	0.01680	0.01595	0.01932	0.01300	0.01168	0.02846	0.07798	0.12028	0.17696	0.20437	0.11366	0.09149	0.01812	0.00470	0.00741	0.02090	0.01121	0.01188
11	0.01608	0.01206	0.01809	0.01809	0.02010	0.01407	0.01407	0.02010	0.01809	0.02613	0.03015	0.04422	0.02814	0.08441	0.55984	0.01809	0.03015	0.01206	0.00603	0.01005
12	0.01637	0.01091	0.01228	0.01228	0.01228	0.01091	0.00682	0.01637	0.01637	0.02182	0.03546	0.07365	0.04092	0.60445	0.05729	0.01091	0.01091	0.01637	0.00682	0.00682
13	0.14129	0.02540	0.02580	0.02221	0.02926	0.02906	0.01766	0.15210	0.32881	0.05294	0.03659	0.03470	0.02727	0.01407	0.01066	0.00366	0.00964	0.01104	0.01066	0.01717
14	0.01437	0.01028	0.01376	0.01603	0.01708	0.00967	0.01124	0.01698	0.02298	0.03081	0.10677	0.50034	0.07653	0.03366	0.01438	0.00453	0.00680	0.07375	0.01063	0.00941
15	0.01637	0.01091	0.01228	0.01228	0.01228	0.01091	0.00682	0.01637	0.01637	0.02182	0.03546	0.07365	0.04092	0.60445	0.05729	0.01091	0.01091	0.01637	0.00682	0.00682
16	0.02814	0.02676	0.04647	0.18608	0.20987	0.02804	0.15728	0.10541	0.02934	0.03985	0.02222	0.02896	0.01711	0.01073	0.01177	0.00358	0.01517	0.01093	0.00634	0.01595
17	0.01725	0.01719	0.07746	0.01971	0.02317	0.01370	0.01745	0.02196	0.02248	0.03041	0.04803	0.18777	0.05216	0.09931	0.11048	0.00765	0.01371	0.20105	0.00863	0.01042
18	0.01888	0.01190	0.01517	0.01479	0.01779	0.01071	0.01091	0.02275	0.02804	0.09555	0.27575	0.22330	0.15902	0.02623	0.01335	0.00386	0.00620	0.02307	0.01171	0.01101
19	0.01538	0.01136	0.01535	0.01611	0.01817	0.01133	0.01218	0.01919	0.02407	0.03281	0.17347	0.21552	0.11427	0.04453	0.16348	0.00801	0.01305	0.07207	0.00971	0.00993
20	0.08829	0.19584	0.23440	0.03150	0.08202	0.07541	0.07611	0.03561	0.02421	0.03405	0.01868	0.02246	0.01472	0.01029	0.00968	0.00320	0.01494	0.00806	0.00522	0.01530
21	0.42784	0.02397	0.02082	0.02234	0.07671	0.08435	0.01537	0.03169	0.02171	0.04274	0.02423	0.11662	0.02350	0.01470	0.00902	0.00358	0.01017	0.01099	0.00727	0.01238
22	0.02943	0.02584	0.03675	0.03743	0.16483	0.02744	0.06671	0.15759	0.03156	0.04388	0.03034	0.03426	0.06489	0.01402	0.01545	0.00350	0.10530	0.01121	0.00761	0.09194
23	0.09223	0.01304	0.01524	0.07333	0.02273	0.01311	0.01191	0.01981	0.02310	0.03260	0.10906	0.21652	0.20346	0.08382	0.01706	0.00466	0.00775	0.02144	0.00928	0.00987
24	0.50306	0.02157	0.02159	0.02425	0.10755	0.02431	0.01614	0.03195	0.02013	0.04561	0.01813	0.02264	0.01483	0.01822	0.06631	0.00501	0.01176	0.00739	0.00663	0.01291
25	0.06663	0.02363	0.03383	0.08861	0.12064	0.02644	0.07656	0.04110	0.19961	0.04020	0.07575	0.03767	0.03085	0.01419	0.01412	0.00380	0.07066	0.01205	0.00828	0.01540
26	0.18074	0.11965	0.03017	0.07068	0.03181	0.02514	0.01754	0.04465	0.07798	0.24785	0.03118	0.03015	0.02168	0.01234	0.00969	0.00336	0.01023	0.00931	0.00979	0.01608

[dist]
# distance from previous block
# <min> <max>
0	68

[block]
# block no. 7 follows, 11 sequences, length 65
# corresponding to MSA columns:
# 756-820
name=unknown_H
#
# <colnr> <probs for GDERKNQSTAVLIFYWHMCP>
#	G	D	E	R	K	N	Q	S	T	A	V	L	I	F	Y	W	H	M	C	P
0	0.34837	0.02317	0.02297	0.01890	0.02664	0.02513	0.01550	0.12907	0.06986	0.17757	0.02755	0.02694	0.01929	0.01231	0.00925	0.00349	0.00964	0.00873	0.00990	0.01573
1	0.14263	0.03625	0.21578	0.02708	0.03865	0.02490	0.07584	0.09566	0.02891	0.16851	0.02657	0.02756	0.01819	0.01167	0.01057	0.00353	0.01329	0.00944	0.00829	0.01667
2	0.26905	0.03545	0.23848	0.02267	0.03318	0.02298	0.02475	0.03460	0.02272	0.09401	0.02555	0.08442	0.02135	0.01357	0.00977	0.00363	0.01188	0.01034	0.00715	0.01446
3	0.01613	0.01175	0.01542	0.01586	0.01843	0.01104	0.01250	0.02091	0.02883	0.03934	0.32441	0.14052	0.12892	0.02673	0.01399	0.00410	0.00684	0.14246	0.01150	0.01033
4	0.03009	0.61122	0.05898	0.01926	0.02889	0.04454	0.01926	0.03370	0.02287	0.02648	0.01565	0.01805	0.01444	0.00963	0.00722	0.00241	0.01204	0.00602	0.00481	0.01444
5	0.10360	0.01937	0.02532	0.01959	0.02815	0.01727	0.01618	0.05303	0.03112	0.50083	0.04200	0.03663	0.02655	0.01364	0.01095	0.00348	0.00950	0.01088	0.01335	0.01857
6	0.02126	0.02001	0.03376	0.57739	0.07752	0.02501	0.03126	0.02876	0.02251	0.02876	0.02001	0.03001	0.01500	0.01125	0.01125	0.00375	0.01500	0.01000	0.00500	0.01250
7	0.01659	0.01190	0.01616	0.01747	0.01976	0.01146	0.01409	0.02129	0.02739	0.03710	0.23324	0.18871	0.08168	0.02879	0.01451	0.00447	0.00786	0.22614	0.01113	0.01026
8	0.01453	0.01043	0.01379	0.01511	0.01651	0.00969	0.01051	0.01773	0.02536	0.03479	0.23438	0.40747	0.08618	0.03073	0.01396	0.00419	0.00608	0.02769	0.01117	0.00969
