[name]
unknown

[dist]
# distance from previous block
# <min> <max>
0	55

[block]
# block no. 0 follows, 13 sequences, length 162
# corresponding to MSA columns:
# 71-232
name=unknown_A
#
# <colnr> <probs for GDERKNQSTAVLIFYWHMCP>
#	G	D	E	R	K	N	Q	S	T	A	V	L	I	F	Y	W	H	M	C	P
0	0.02568	0.01899	0.05453	0.01731	0.02270	0.01651	0.01412	0.11252	0.02648	0.11155	0.06529	0.05126	0.03378	0.21548	0.02474	0.00541	0.00990	0.04913	0.00852	0.11610
1	0.02954	0.02462	0.11761	0.02113	0.02927	0.01897	0.01975	0.04151	0.15142	0.19317	0.03754	0.04638	0.02982	0.01485	0.01086	0.00341	0.00996	0.08895	0.00962	0.10163
2	0.09091	0.02664	0.15011	0.02279	0.06357	0.01818	0.02061	0.03760	0.02520	0.24097	0.03477	0.03397	0.06433	0.01223	0.00987	0.00305	0.01020	0.00980	0.00873	0.11645
3	0.14613	0.02201	0.03030	0.10710	0.18947	0.02341	0.02231	0.07205	0.02481	0.12356	0.02220	0.02578	0.01678	0.01110	0.01163	0.00323	0.06061	0.00870	0.00711	0.07171
4	0.08349	0.02623	0.03712	0.04763	0.34666	0.02753	0.02677	0.19449	0.03200	0.04606	0.02129	0.02521	0.01674	0.01052	0.01020	0.00316	0.01192	0.00917	0.00709	0.01674
5	0.01794	0.01683	0.02534	0.03105	0.19571	0.01563	0.05759	0.02230	0.02416	0.03093	0.07185	0.07129	0.33851	0.01970	0.01184	0.00343	0.00870	0.01733	0.00797	0.01190
6	0.03017	0.02801	0.11083	0.04531	0.26038	0.02320	0.13839	0.03730	0.02547	0.15778	0.02514	0.02846	0.01834	0.01023	0.01090	0.00329	0.01330	0.01017	0.00697	0.01634
7	0.01727	0.02838	0.24113	0.02213	0.02928	0.01594	0.02344	0.02408	0.02209	0.03076	0.04178	0.25597	0.04478	0.02281	0.01237	0.00405	0.01086	0.13354	0.00763	0.01172
8	0.01510	0.01133	0.01699	0.01699	0.01888	0.01322	0.01322	0.01888	0.01699	0.02454	0.02832	0.04154	0.02643	0.07930	0.58652	0.01699	0.02832	0.01133	0.00566	0.00944
9	0.25490	0.02608	0.02583	0.02071	0.02835	0.02932	0.01701	0.32799	0.07890	0.05859	0.02333	0.02384	0.01700	0.01189	0.00928	0.00324	0.01025	0.00848	0.00928	0.01576
10	0.02291	0.01983	0.02427	0.07330	0.10744	0.05452	0.01821	0.09053	0.07170	0.03563	0.03759	0.22599	0.03857	0.01961	0.01155	0.00357	0.00991	0.05623	0.00831	0.07032
11	0.02570	0.42387	0.24382	0.02247	0.03391	0.03555	0.02572	0.03232	0.02179	0.02801	0.01625	0.01891	0.01350	0.00941	0.00797	0.00266	0.01288	0.00644	0.00450	0.01432
12	0.01515	0.01116	0.01612	0.01612	0.01771	0.01274	0.01213	0.01832	0.01674	0.02390	0.02912	0.04594	0.02834	0.16670	0.50173	0.01592	0.02544	0.01197	0.00578	0.00896
13	0.01517	0.01107	0.01567	0.01567	0.01710	0.01250	0.01157	0.01803	0.01660	0.02357	0.02953	0.04822	0.02934	0.21207	0.45772	0.01536	0.02395	0.01231	0.00584	0.00871
14	0.01631	0.01131	0.01487	0.01578	0.01720	0.01148	0.01114	0.06025	0.02153	0.02901	0.04586	0.40803	0.05235	0.03865	0.10192	0.09356	0.01030	0.02282	0.00860	0.00903
15	0.02959	0.02104	0.02899	0.17143	0.12340	0.02294	0.02207	0.04414	0.21358	0.15975	0.03307	0.03376	0.02391	0.01234	0.01064	0.00343	0.01059	0.01062	0.00892	0.01579
16	0.24137	0.01492	0.01352	0.01237	0.01665	0.01624	0.00976	0.06881	0.02313	0.04428	0.02737	0.03108	0.02130	0.01154	0.00739	0.00278	0.00654	0.00850	0.41141	0.01105
17	0.10042	0.01902	0.02432	0.01880	0.02687	0.01744	0.01553	0.08377	0.03065	0.49129	0.03835	0.03370	0.02439	0.01279	0.01029	0.00326	0.00912	0.01015	0.01237	0.01746
18	0.01299	0.00959	0.01215	0.01391	0.01519	0.00876	0.00952	0.01523	0.02170	0.02852	0.10739	0.48753	0.15665	0.03109	0.01324	0.00409	0.00591	0.02783	0.00996	0.00876
19	0.43658	0.02038	0.01977	0.01634	0.02357	0.02178	0.01347	0.07745	0.02453	0.21903	0.02436	0.02396	0.01677	0.01111	0.00820	0.00326	0.00872	0.00763	0.00900	0.01410
20	0.70310	0.02045	0.01554	0.01390	0.02045	0.02372	0.01145	0.03108	0.01799	0.04744	0.01472	0.01718	0.01145	0.00981	0.00654	0.00327	0.00818	0.00573	0.00654	0.01145
21	0.29327	0.01469	0.01359	0.01270	0.01719	0.01521	0.00994	0.02291	0.02319	0.03994	0.19057	0.06132	0.21316	0.01851	0.01007	0.00338	0.00640	0.01473	0.00898	0.01023
22	0.02240	0.01235	0.01515	0.01412	0.01815	0.01074	0.01068	0.02543	0.02526	0.17838	0.10907	0.21058	0.25803	0.02420	0.01223	0.00365	0.00653	0.02078	0.01085	0.01142
23	0.03299	0.01982	0.02176	0.01761	0.02360	0.02085	0.01425	0.25064	0.03557	0.13252	0.03157	0.03270	0.02293	0.01260	0.00929	0.00290	0.00851	0.00983	0.28537	0.01469
24	0.01971	0.00985	0.00985	0.00985	0.01232	0.00985	0.00739	0.02464	0.02217	0.03942	0.03449	0.03942	0.02710	0.01232	0.00739	0.00246	0.00493	0.00985	0.68712	0.00985
25	0.59800	0.02190	0.01811	0.01556	0.02240	0.02516	0.01282	0.10974	0.02302	0.05048	0.01641	0.01848	0.01249	0.01027	0.00718	0.00326	0.00873	0.00633	0.00718	0.01249
26	0.01875	0.01103	0.01430	0.01456	0.01683	0.01005	0.01032	0.02137	0.02329	0.11329	0.13924	0.35710	0.10354	0.07529	0.01603	0.00440	0.00666	0.02347	0.01035	0.01013
27	0.02630	0.02271	0.02391	0.02152	0.02749	0.02630	0.01674	0.05618	0.54336	0.04423	0.04303	0.03945	0.03228	0.01434	0.01076	0.00359	0.00837	0.01195	0.01076	0.01674
28	0.02313	0.02313	0.03238	0.02776	0.02776	0.03238	0.02313	0.02545	0.01619	0.02545	0.01388	0.02313	0.01388	0.01851	0.03470	0.00463	0.60907	0.00925	0.00463	0.01157
29	0.30090	0.01937	0.01926	0.01780	0.02352	0.02161	0.01454	0.03905	0.18607	0.08931	0.03391	0.04535	0.02875	0.01523	0.00977	0.00368	0.00861	0.10085	0.00906	0.01337
30	0.17264	0.01846	0.02282	0.01787	0.02574	0.01710	0.01476	0.04762	0.02792	0.47004	0.03656	0.03240	0.02336	0.01246	0.00985	0.00327	0.00884	0.00970	0.01184	0.01674
31	0.01446	0.01042	0.01368	0.01365	0.01568	0.00964	0.00994	0.01869	0.02759	0.03867	0.43633	0.21016	0.09255	0.02440	0.01272	0.00356	0.00527	0.02177	0.01120	0.00964
32	0.02630	0.02271	0.02391	0.02152	0.02749	0.02630	0.01674	0.05618	0.54336	0.04423	0.04303	0.03945	0.03228	0.01434	0.01076	0.00359	0.00837	0.01195	0.01076	0.01674
33	0.02192	0.01879	0.02192	0.01566	0.02506	0.01409	0.01253	0.02662	0.02192	0.03445	0.01879	0.02192	0.01566	0.00783	0.00783	0.00157	0.00783	0.00626	0.00626	0.69305
34	0.01409	0.01011	0.01344	0.01456	0.01610	0.00947	0.01051	0.01747	0.02453	0.03365	0.26031	0.35733	0.08123	0.02811	0.01318	0.00395	0.00599	0.06615	0.01055	0.00925
35	0.02827	0.63478	0.05540	0.01809	0.02714	0.04184	0.01809	0.03166	0.02148	0.02488	0.01470	0.01696	0.01357	0.00905	0.00678	0.00226	0.01131	0.00565	0.00452	0.01357
36	0.01475	0.01080	0.01383	0.01307	0.01566	0.00988	0.00981	0.01953	0.02942	0.04118	0.51737	0.08098	0.14004	0.02207	0.01247	0.00335	0.00502	0.01940	0.01148	0.00988
37	0.01496	0.01081	0.01413	0.01330	0.01580	0.00998	0.00998	0.01995	0.02993	0.04240	0.55689	0.07898	0.09976	0.02162	0.01247	0.00333	0.00499	0.01912	0.01164	0.00998
38	0.02617	0.02512	0.04292	0.06490	0.56246	0.02512	0.03245	0.03245	0.02407	0.03454	0.01989	0.02617	0.01675	0.00942	0.01047	0.00314	0.01256	0.00942	0.00523	0.01675
39	0.02238	0.01507	0.01555	0.01458	0.01847	0.01652	0.01118	0.03743	0.23357	0.04137	0.03796	0.03943	0.02920	0.01314	0.00876	0.00292	0.00632	0.01071	0.41278	0.01265
40	0.03158	0.03757	0.03067	0.26077	0.04897	0.35783	0.02405	0.03605	0.02638	0.02634	0.01734	0.02277	0.01381	0.01076	0.00995	0.00305	0.01705	0.00786	0.00514	0.01205
41	0.01580	0.01177	0.01532	0.01709	0.01983	0.01129	0.01459	0.02008	0.02427	0.03081	0.06987	0.11451	0.19594	0.02855	0.01403	0.00452	0.00855	0.36391	0.00976	0.00952
42	0.02496	0.02852	0.06239	0.04456	0.05526	0.02674	0.52406	0.03387	0.02496	0.03387	0.02139	0.02852	0.01604	0.00891	0.01248	0.00357	0.01783	0.01248	0.00535	0.01426
43	0.01857	0.01524	0.01700	0.01697	0.02037	0.01623	0.01249	0.03257	0.24510	0.03464	0.05984	0.28587	0.13474	0.02402	0.01216	0.00387	0.00696	0.02101	0.01022	0.01214
44	0.03086	0.38088	0.13019	0.02181	0.03114	0.14086	0.02165	0.03559	0.02395	0.07089	0.01790	0.01977	0.01458	0.00989	0.00814	0.00260	0.01329	0.00662	0.00539	0.01401
45	0.02192	0.01879	0.02192	0.01566	0.02506	0.01409	0.01253	0.02662	0.02192	0.03445	0.01879	0.02192	0.01566	0.00783	0.00783	0.00157	0.00783	0.00626	0.00626	0.69305
46	0.03361	0.02156	0.02557	0.02332	0.06519	0.02256	0.01729	0.12642	0.22805	0.20157	0.04374	0.04065	0.07323	0.01444	0.01082	0.00339	0.00912	0.01189	0.01094	0.01663
47	0.02657	0.02637	0.04101	0.10949	0.48167	0.06496	0.03132	0.03267	0.02424	0.03326	0.01954	0.02584	0.01629	0.00963	0.01041	0.00314	0.01316	0.00923	0.00520	0.01599
48	0.01510	0.01133	0.01699	0.01699	0.01888	0.01322	0.01322	0.01888	0.01699	0.02454	0.02832	0.04154	0.02643	0.07930	0.58652	0.01699	0.02832	0.01133	0.00566	0.00944
49	0.08274	0.02475	0.03294	0.04053	0.26401	0.02666	0.02381	0.12236	0.18960	0.04395	0.02760	0.02945	0.02137	0.01153	0.01026	0.00330	0.01075	0.00993	0.00795	0.01653
50	0.65145	0.02116	0.01680	0.01472	0.02141	0.02443	0.01212	0.06974	0.02047	0.04893	0.01555	0.01782	0.01196	0.01004	0.00686	0.00326	0.00845	0.00602	0.00686	0.01196
51	0.01396	0.01118	0.01275	0.01353	0.01674	0.00997	0.01093	0.01734	0.02418	0.02955	0.09065	0.10739	0.39812	0.02756	0.01317	0.00399	0.00677	0.17325	0.00979	0.00919
52	0.17612	0.01626	0.01791	0.06528	0.02428	0.01740	0.01381	0.08712	0.02594	0.03956	0.12167	0.06317	0.12429	0.06843	0.01444	0.00417	0.00861	0.09186	0.00872	0.01099
53	0.03566	0.03156	0.03817	0.02924	0.03768	0.10119	0.13763	0.32026	0.07302	0.05237	0.02443	0.02622	0.01789	0.01169	0.01090	0.00323	0.01382	0.01002	0.00872	0.01631
54	0.58933	0.02202	0.01832	0.01569	0.02257	0.02528	0.01293	0.11623	0.02344	0.05073	0.01655	0.01858	0.01257	0.01031	0.00724	0.00325	0.00877	0.00638	0.00724	0.01257
55	0.01804	0.01090	0.01261	0.01214	0.01282	0.01069	0.00717	0.01838	0.01661	0.06622	0.03401	0.06643	0.03742	0.57720	0.05022	0.00967	0.01015	0.01498	0.00696	0.00737
56	0.09056	0.02813	0.02948	0.18549	0.04246	0.11567	0.02163	0.22837	0.03427	0.09011	0.02260	0.02538	0.01635	0.01161	0.01008	0.00322	0.01299	0.00883	0.00799	0.01478
57	0.02086	0.01846	0.02823	0.03850	0.27730	0.01833	0.02108	0.02804	0.06773	0.03637	0.18001	0.10001	0.08777	0.01662	0.01147	0.00336	0.00900	0.01512	0.00821	0.01355
58	0.01465	0.01140	0.01343	0.01337	0.01613	0.01064	0.00984	0.02023	0.06620	0.03512	0.27591	0.18688	0.23733	0.02492	0.01254	0.00361	0.00559	0.02169	0.01063	0.00990
59	0.01948	0.01163	0.01474	0.01369	0.01697	0.01041	0.01030	0.02277	0.02651	0.11742	0.28574	0.12010	0.18890	0.02368	0.01453	0.05715	0.00612	0.01872	0.01072	0.01043
60	0.08560	0.02279	0.02996	0.03139	0.16195	0.02304	0.02054	0.14591	0.07380	0.24953	0.03099	0.03023	0.02153	0.01195	0.01030	0.00324	0.01034	0.00985	0.00993	0.01711
61	0.02121	0.05469	0.57364	0.03014	0.04576	0.02455	0.03906	0.03348	0.02232	0.03348	0.01897	0.02232	0.01339	0.01005	0.01005	0.00335	0.01563	0.00781	0.00446	0.01563
62	0.08111	0.03624	0.25797	0.03079	0.04262	0.02321	0.17816	0.03729	0.02449	0.14990	0.02426	0.02673	0.01679	0.01034	0.01063	0.00339	0.01428	0.00966	0.00675	0.01540
63	0.70310	0.02045	0.01554	0.01390	0.02045	0.02372	0.01145	0.03108	0.01799	0.04744	0.01472	0.01718	0.01145	0.00981	0.00654	0.00327	0.00818	0.00573	0.00654	0.01145
64	0.03290	0.01530	0.01984	0.01624	0.02247	0.01312	0.01294	0.03675	0.02775	0.32902	0.11688	0.09635	0.12271	0.01746	0.01115	0.00326	0.00759	0.01471	0.01155	0.07202
65	0.41832	0.01997	0.02129	0.06696	0.06517	0.02155	0.01554	0.03648	0.02207	0.18887	0.02286	0.02390	0.01610	0.01075	0.00828	0.00328	0.00920	0.00764	0.00810	0.01366
66	0.43716	0.01945	0.01919	0.01589	0.02310	0.02040	0.01311	0.03937	0.02297	0.25931	0.02567	0.02481	0.01742	0.01114	0.00820	0.00327	0.00851	0.00772	0.00920	0.01410
67	0.01288	0.00920	0.01227	0.01472	0.01534	0.00859	0.00981	0.01472	0.02024	0.02699	0.05828	0.62152	0.06993	0.03312	0.01350	0.00429	0.00613	0.03006	0.00981	0.00859
68	0.01445	0.01013	0.01298	0.01412	0.01493	0.00998	0.00957	0.01633	0.01939	0.02614	0.08572	0.29580	0.05684	0.24065	0.07772	0.00743	0.00971	0.06160	0.00841	0.00812
69	0.02477	0.02266	0.03258	0.17321	0.23091	0.02522	0.02535	0.04080	0.23401	0.03671	0.02902	0.03203	0.02243	0.01169	0.01061	0.00341	0.01122	0.01044	0.00735	0.01557
70	0.70310	0.02045	0.01554	0.01390	0.02045	0.02372	0.01145	0.03108	0.01799	0.04744	0.01472	0.01718	0.01145	0.00981	0.00654	0.00327	0.00818	0.00573	0.00654	0.01145
71	0.01614	0.00919	0.01316	0.01416	0.01441	0.00894	0.00944	0.01416	0.01640	0.02186	0.03455	0.27120	0.03928	0.03527	0.03004	0.41329	0.00795	0.01765	0.00671	0.00621
72	0.29995	0.01533	0.01564	0.01461	0.01907	0.01613	0.01158	0.02685	0.02380	0.08622	0.21030	0.09917	0.05185	0.01763	0.01014	0.00350	0.00710	0.05064	0.00937	0.01111
73	0.02192	0.01879	0.02192	0.01566	0.02506	0.01409	0.01253	0.02662	0.02192	0.03445	0.01879	0.02192	0.01566	0.00783	0.00783	0.00157	0.00783	0.00626	0.00626	0.69305
74	0.02630	0.02271	0.02391	0.02152	0.02749	0.02630	0.01674	0.05618	0.54336	0.04423	0.04303	0.03945	0.03228	0.01434	0.01076	0.00359	0.00837	0.01195	0.01076	0.01674
75	0.02737	0.01292	0.01696	0.01552	0.01935	0.01168	0.01157	0.03045	0.02471	0.24125	0.08939	0.24986	0.04897	0.07489	0.01532	0.00418	0.00742	0.01857	0.06732	0.01230
76	0.01434	0.01020	0.01281	0.01333	0.01450	0.00987	0.00897	0.01659	0.02102	0.02857	0.17145	0.23367	0.09428	0.22038	0.07616	0.00699	0.00905	0.02068	0.00882	0.00834
77	0.70310	0.02045	0.01554	0.01390	0.02045	0.02372	0.01145	0.03108	0.01799	0.04744	0.01472	0.01718	0.01145	0.00981	0.00654	0.00327	0.00818	0.00573	0.00654	0.01145
78	0.01510	0.01133	0.01699	0.01699	0.01888	0.01322	0.01322	0.01888	0.01699	0.02454	0.02832	0.04154	0.02643	0.07930	0.58652	0.01699	0.02832	0.01133	0.00566	0.00944
79	0.08837	0.02096	0.02212	0.01822	0.02308	0.02285	0.01378	0.27601	0.03300	0.04624	0.02766	0.04243	0.02571	0.26218	0.02776	0.00605	0.01077	0.01156	0.00853	0.01271
80	0.03133	0.01450	0.01895	0.01572	0.02133	0.01268	0.01253	0.03548	0.02915	0.31251	0.21713	0.06051	0.13685	0.01806	0.01153	0.00334	0.00712	0.01526	0.01209	0.01394
81	0.02496	0.02852	0.06239	0.04456	0.05526	0.02674	0.52406	0.03387	0.02496	0.03387	0.02139	0.02852	0.01604	0.00891	0.01248	0.00357	0.01783	0.01248	0.00535	0.01426
82	0.70310	0.02045	0.01554	0.01390	0.02045	0.02372	0.01145	0.03108	0.01799	0.04744	0.01472	0.01718	0.01145	0.00981	0.00654	0.00327	0.00818	0.00573	0.00654	0.01145
83	0.03321	0.01370	0.01888	0.01598	0.02034	0.01246	0.01225	0.03385	0.02286	0.29953	0.03161	0.03473	0.02309	0.02261	0.02280	0.28271	0.00871	0.00998	0.06886	0.01184
84	0.07015	0.01094	0.01139	0.01126	0.01244	0.01119	0.00707	0.01912	0.01743	0.02776	0.03219	0.05702	0.03325	0.41229	0.03748	0.00758	0.00864	0.01312	0.19195	0.00774
85	0.02617	0.02512	0.04292	0.06490	0.56246	0.02512	0.03245	0.03245	0.02407	0.03454	0.01989	0.02617	0.01675	0.00942	0.01047	0.00314	0.01256	0.00942	0.00523	0.01675
86	0.01538	0.01025	0.01153	0.01153	0.01153	0.01025	0.00641	0.01538	0.01538	0.02050	0.03331	0.06919	0.03844	0.62842	0.05382	0.01025	0.01025	0.01538	0.00641	0.00641
87	0.64549	0.02023	0.01633	0.01434	0.02102	0.02300	0.01181	0.03288	0.01907	0.09333	0.01709	0.01883	0.01274	0.01010	0.00690	0.00327	0.00825	0.00616	0.00712	0.01203
88	0.29304	0.01385	0.01354	0.01413	0.01710	0.01486	0.01020	0.02141	0.01893	0.03475	0.03857	0.33133	0.04364	0.07224	0.01397	0.00437	0.00730	0.01899	0.00821	0.00957
89	0.01505	0.01112	0.01583	0.01550	0.01763	0.01190	0.01190	0.01932	0.02224	0.03179	0.24271	0.05672	0.05618	0.05590	0.35368	0.01145	0.01886	0.01449	0.00809	0.00966
90	0.02121	0.05469	0.57364	0.03014	0.04576	0.02455	0.03906	0.03348	0.02232	0.03348	0.01897	0.02232	0.01339	0.01005	0.01005	0.00335	0.01563	0.00781	0.00446	0.01563
91	0.01494	0.01106	0.01615	0.01636	0.01798	0.01259	0.01238	0.01825	0.01713	0.02442	0.03124	0.09238	0.03106	0.12024	0.49505	0.01538	0.02499	0.01323	0.00607	0.00912
92	0.01538	0.01025	0.01153	0.01153	0.01153	0.01025	0.00641	0.01538	0.01538	0.02050	0.03331	0.06919	0.03844	0.62842	0.05382	0.01025	0.01025	0.01538	0.00641	0.00641
93	0.02617	0.02512	0.04292	0.06490	0.56246	0.02512	0.03245	0.03245	0.02407	0.03454	0.01989	0.02617	0.01675	0.00942	0.01047	0.00314	0.01256	0.00942	0.00523	0.01675
94	0.02062	0.01928	0.02985	0.04292	0.34012	0.01855	0.02255	0.02544	0.02408	0.03212	0.05527	0.05683	0.23635	0.01646	0.01129	0.00331	0.00964	0.01465	0.00709	0.01358
95	0.02738	0.02570	0.03217	0.02911	0.07658	0.07055	0.09877	0.08597	0.29255	0.04058	0.03286	0.03397	0.02524	0.01796	0.05787	0.00454	0.01297	0.01116	0.00858	0.01549
96	0.02822	0.01403	0.02005	0.01773	0.02217	0.01416	0.01416	0.03212	0.02237	0.24570	0.03375	0.03929	0.02633	0.05244	0.35294	0.01143	0.02048	0.01105	0.00867	0.01291
97	0.04057	0.02110	0.02637	0.02068	0.02775	0.02138	0.01702	0.17973	0.03444	0.33725	0.07758	0.03547	0.02893	0.01416	0.01288	0.00337	0.06213	0.01091	0.01152	0.01676
98	0.02779	0.39282	0.09818	0.02623	0.03593	0.08064	0.14232	0.03320	0.02308	0.02785	0.01680	0.02037	0.01416	0.00925	0.00865	0.00270	0.01387	0.00758	0.00479	0.01380
99	0.02602	0.01881	0.02431	0.07268	0.07433	0.01997	0.01874	0.14774	0.07307	0.08204	0.04071	0.15332	0.03942	0.02020	0.01214	0.00388	0.01001	0.13962	0.00949	0.01350
100	0.02930	0.01408	0.01925	0.01791	0.02252	0.01285	0.01463	0.03333	0.02664	0.26403	0.08924	0.16455	0.05044	0.02231	0.01254	0.00396	0.00844	0.16951	0.01134	0.01313
101	0.48492	0.02118	0.01824	0.01636	0.02272	0.02455	0.01315	0.03917	0.18736	0.04640	0.02385	0.02436	0.01816	0.01128	0.00790	0.00337	0.00824	0.00773	0.00790	0.01315
102	0.02148	0.04122	0.36657	0.02470	0.03799	0.02063	0.02911	0.03091	0.02217	0.03385	0.01891	0.02217	0.01424	0.00921	0.00921	0.00268	0.01270	0.00723	0.00514	0.26987
103	0.02293	0.09246	0.31989	0.07967	0.04944	0.02665	0.19441	0.03294	0.02301	0.03236	0.01938	0.02436	0.01433	0.00963	0.01060	0.00334	0.01585	0.00928	0.00478	0.01470
104	0.02209	0.02528	0.11735	0.02718	0.07460	0.06144	0.09940	0.02779	0.02380	0.06931	0.07195	0.16499	0.07993	0.02286	0.05861	0.00465	0.01296	0.01583	0.00752	0.01246
105	0.03869	0.01757	0.02266	0.01866	0.02528	0.01650	0.01505	0.04658	0.10981	0.39258	0.04239	0.04651	0.03116	0.06872	0.01478	0.00407	0.00907	0.05200	0.01185	0.01608
106	0.02661	0.01745	0.02798	0.03635	0.24917	0.01703	0.02015	0.02811	0.02095	0.11868	0.02297	0.03025	0.01900	0.02112	0.02301	0.28272	0.01059	0.00953	0.00630	0.01203
107	0.02759	0.27678	0.04609	0.08658	0.26045	0.07674	0.02534	0.03246	0.02324	0.02927	0.01739	0.02199	0.01498	0.00948	0.00889	0.00278	0.01269	0.00766	0.00492	0.01468
108	0.02500	0.02717	0.02225	0.02115	0.02448	0.24553	0.01614	0.02835	0.02225	0.02508	0.02346	0.03242	0.02124	0.05155	0.35249	0.01120	0.02457	0.00950	0.00558	0.01058
109	0.08093	0.02442	0.04691	0.22368	0.10019	0.02530	0.28022	0.03130	0.02306	0.03286	0.01986	0.02726	0.01508	0.00957	0.01119	0.00349	0.01537	0.01066	0.00523	0.01342
110	0.03522	0.03719	0.02828	0.02477	0.03097	0.29353	0.01913	0.13949	0.20510	0.03979	0.02698	0.02708	0.02068	0.01239	0.01014	0.00310	0.01408	0.00904	0.00820	0.01485
111	0.02952	0.02059	0.02175	0.01897	0.02415	0.06539	0.01470	0.15199	0.07306	0.14287	0.08542	0.18218	0.08499	0.01956	0.01153	0.00350	0.00911	0.01648	0.01048	0.01375
112	0.01290	0.01073	0.01127	0.01113	0.01453	0.00910	0.00835	0.01595	0.02505	0.03081	0.18028	0.09805	0.48360	0.02594	0.01249	0.00353	0.00530	0.02179	0.01011	0.00910
113	0.01517	0.01108	0.01575	0.01575	0.01721	0.01254	0.01167	0.01809	0.01663	0.02363	0.02945	0.04781	0.02915	0.20377	0.46577	0.01546	0.02422	0.01225	0.00583	0.00875
114	0.01305	0.00933	0.01242	0.01461	0.01537	0.00870	0.00983	0.01515	0.02103	0.02825	0.09896	0.57725	0.07236	0.03219	0.01341	0.00421	0.00604	0.02917	0.00996	0.00870
115	0.31338	0.01899	0.02089	0.01682	0.02434	0.01886	0.01388	0.04323	0.02529	0.35792	0.03077	0.02836	0.02020	0.01176	0.00897	0.00327	0.00867	0.00864	0.01043	0.01534
116	0.43598	0.02136	0.02037	0.01680	0.02405	0.02323	0.01386	0.11730	0.02616	0.17688	0.02299	0.02307	0.01608	0.01108	0.00819	0.00326	0.00894	0.00753	0.00879	0.01410
117	0.04198	0.02674	0.02995	0.02296	0.03136	0.02853	0.01897	0.40969	0.04491	0.19094	0.02942	0.02800	0.02000	0.01279	0.01059	0.00320	0.01098	0.00979	0.01120	0.01798
118	0.04744	0.01799	0.02454	0.01881	0.02699	0.01554	0.01554	0.05153	0.03026	0.56979	0.04171	0.03599	0.02617	0.01309	0.01063	0.00327	0.00900	0.01063	0.01309	0.01799
119	0.15003	0.02474	0.02648	0.02083	0.02845	0.02671	0.01712	0.32833	0.03975	0.14126	0.06874	0.02998	0.02474	0.01299	0.01006	0.00322	0.01011	0.00983	0.01039	0.01625
120	0.04744	0.01799	0.02454	0.01881	0.02699	0.01554	0.01554	0.05153	0.03026	0.56979	0.04171	0.03599	0.02617	0.01309	0.01063	0.00327	0.00900	0.01063	0.01309	0.01799
121	0.02121	0.05469	0.57364	0.03014	0.04576	0.02455	0.03906	0.03348	0.02232	0.03348	0.01897	0.02232	0.01339	0.01005	0.01005	0.00335	0.01563	0.00781	0.00446	0.01563
122	0.01538	0.01025	0.01153	0.01153	0.01153	0.01025	0.00641	0.01538	0.01538	0.02050	0.03331	0.06919	0.03844	0.62842	0.05382	0.01025	0.01025	0.01538	0.00641	0.00641
123	0.01418	0.01048	0.01142	0.01135	0.01300	0.00969	0.00736	0.01568	0.02011	0.02559	0.10694	0.08315	0.25325	0.33487	0.03368	0.00698	0.00783	0.01849	0.00822	0.00772
124	0.04744	0.01799	0.02454	0.01881	0.02699	0.01554	0.01554	0.05153	0.03026	0.56979	0.04171	0.03599	0.02617	0.01309	0.01063	0.00327	0.00900	0.01063	0.01309	0.01799
125	0.02827	0.63478	0.05540	0.01809	0.02714	0.04184	0.01809	0.03166	0.02148	0.02488	0.01470	0.01696	0.01357	0.00905	0.00678	0.00226	0.01131	0.00565	0.00452	0.01357
126	0.01311	0.01073	0.01156	0.01135	0.01466	0.00919	0.00851	0.01635	0.02554	0.03198	0.21823	0.09613	0.44492	0.02550	0.01249	0.00351	0.00526	0.02153	0.01027	0.00919
127	0.08552	0.01504	0.01856	0.01548	0.02021	0.01403	0.01152	0.03527	0.02327	0.30629	0.03620	0.04799	0.03000	0.26241	0.02783	0.00610	0.00944	0.01217	0.00987	0.01278
128	0.01288	0.00920	0.01227	0.01472	0.01534	0.00859	0.00981	0.01472	0.02024	0.02699	0.05828	0.62152	0.06993	0.03312	0.01350	0.00429	0.00613	0.03006	0.00981	0.00859
129	0.02145	0.01153	0.01171	0.01108	0.01405	0.01180	0.00847	0.06723	0.02451	0.04173	0.03372	0.03823	0.02633	0.01235	0.00766	0.00252	0.00550	0.00983	0.62977	0.01054
130	0.02192	0.01879	0.02192	0.01566	0.02506	0.01409	0.01253	0.02662	0.02192	0.03445	0.01879	0.02192	0.01566	0.00783	0.00783	0.00157	0.00783	0.00626	0.00626	0.69305
131	0.01448	0.00996	0.01222	0.01339	0.01381	0.00971	0.00855	0.01558	0.01799	0.02393	0.04505	0.29679	0.05281	0.34424	0.03467	0.00745	0.00854	0.05526	0.00803	0.00753
132	0.02121	0.05469	0.57364	0.03014	0.04576	0.02455	0.03906	0.03348	0.02232	0.03348	0.01897	0.02232	0.01339	0.01005	0.01005	0.00335	0.01563	0.00781	0.00446	0.01563
133	0.04744	0.01799	0.02454	0.01881	0.02699	0.01554	0.01554	0.05153	0.03026	0.56979	0.04171	0.03599	0.02617	0.01309	0.01063	0.00327	0.00900	0.01063	0.01309	0.01799
134	0.01956	0.01564	0.01810	0.01663	0.02054	0.01660	0.01272	0.03465	0.23818	0.04314	0.34846	0.06294	0.07239	0.01867	0.01178	0.00343	0.00636	0.01621	0.01128	0.01272
135	0.02365	0.02255	0.03837	0.28316	0.36386	0.02446	0.03120	0.03024	0.02289	0.03149	0.01944	0.02699	0.01567	0.00989	0.01051	0.00330	0.01318	0.00941	0.00502	0.01472
136	0.01396	0.01077	0.01275	0.01225	0.01518	0.00955	0.00919	0.01801	0.02756	0.03679	0.37445	0.08822	0.28570	0.02371	0.01248	0.00342	0.00514	0.02042	0.01090	0.00955
137	0.02546	0.02195	0.03681	0.27925	0.31848	0.02365	0.02976	0.03186	0.02341	0.07685	0.02129	0.02782	0.01647	0.01020	0.01052	0.00331	0.01288	0.00951	0.00568	0.01482
138	0.01412	0.01016	0.01338	0.01388	0.01561	0.00941	0.00991	0.01783	0.02600	0.03615	0.35465	0.29904	0.08766	0.02628	0.01289	0.00372	0.00545	0.02356	0.01090	0.00941
139	0.02090	0.02134	0.04282	0.03188	0.03925	0.01994	0.31555	0.02822	0.02697	0.03733	0.23859	0.04899	0.05000	0.01406	0.01247	0.00347	0.01262	0.01517	0.00790	0.01252
140	0.03193	0.02551	0.02708	0.02266	0.02964	0.02893	0.01810	0.24723	0.34314	0.05332	0.03588	0.03374	0.02648	0.01367	0.01068	0.00342	0.00969	0.01097	0.01068	0.01724
141	0.02534	0.02754	0.02204	0.06894	0.02748	0.24475	0.01586	0.02958	0.02920	0.03439	0.29203	0.05037	0.05756	0.01633	0.01112	0.00310	0.01147	0.01330	0.00854	0.01105
142	0.02192	0.01879	0.02192	0.01566	0.02506	0.01409	0.01253	0.02662	0.02192	0.03445	0.01879	0.02192	0.01566	0.00783	0.00783	0.00157	0.00783	0.00626	0.00626	0.69305
143	0.43087	0.02250	0.02022	0.01745	0.02417	0.02583	0.01414	0.11846	0.15018	0.04981	0.02331	0.02390	0.01755	0.01138	0.00822	0.00333	0.00879	0.00785	0.00822	0.01380
144	0.01572	0.01059	0.01449	0.01449	0.01539	0.01149	0.01010	0.01679	0.01589	0.02209	0.02855	0.05009	0.02951	0.27216	0.30587	0.12228	0.01870	0.01246	0.00576	0.00756
145	0.04685	0.01893	0.02512	0.01926	0.02746	0.01693	0.01591	0.08990	0.03183	0.52920	0.04040	0.03513	0.02551	0.01305	0.01063	0.00326	0.00921	0.01054	0.01288	0.01799
146	0.02620	0.07053	0.03548	0.19713	0.20889	0.02542	0.02518	0.11101	0.02690	0.03693	0.01990	0.02519	0.01578	0.00999	0.00980	0.00293	0.01197	0.00862	0.00607	0.12609
147	0.43422	0.02417	0.02211	0.01813	0.02545	0.02740	0.01496	0.23231	0.03086	0.05522	0.01905	0.02051	0.01410	0.01098	0.00818	0.00323	0.00958	0.00726	0.00818	0.01410
148	0.01718	0.01286	0.01629	0.01774	0.02002	0.01326	0.01397	0.02485	0.10741	0.03141	0.05269	0.25176	0.05705	0.07683	0.01684	0.00493	0.00848	0.23650	0.00966	0.01027
149	0.08178	0.01683	0.01939	0.01715	0.02229	0.01662	0.01321	0.10063	0.07103	0.14411	0.04628	0.22874	0.08230	0.02012	0.01116	0.00350	0.00791	0.01714	0.01009	0.06971
150	0.19339	0.38711	0.04189	0.01810	0.02645	0.03597	0.01681	0.11270	0.02526	0.03717	0.01646	0.01839	0.01378	0.00983	0.00735	0.00266	0.01060	0.00630	0.00600	0.01378
151	0.43500	0.01882	0.01805	0.01520	0.02196	0.01996	0.01247	0.03728	0.02234	0.21800	0.02511	0.02507	0.01749	0.01108	0.00795	0.00321	0.00819	0.00766	0.06169	0.01347
152	0.01565	0.01096	0.01439	0.01612	0.01744	0.01083	0.01236	0.01844	0.02083	0.02737	0.04984	0.21354	0.05626	0.20547	0.02584	0.00632	0.00911	0.25193	0.00878	0.00851
153	0.02802	0.01836	0.02231	0.01721	0.02546	0.01527	0.01397	0.03462	0.06620	0.16411	0.02939	0.03488	0.02332	0.01141	0.00931	0.00242	0.00831	0.04841	0.00856	0.41845
154	0.02617	0.02512	0.04292	0.06490	0.56246	0.02512	0.03245	0.03245	0.02407	0.03454	0.01989	0.02617	0.01675	0.00942	0.01047	0.00314	0.01256	0.00942	0.00523	0.01675
155	0.01581	0.01107	0.01370	0.01468	0.01597	0.01092	0.01086	0.01801	0.01975	0.02570	0.04876	0.09226	0.09158	0.33438	0.03441	0.00750	0.00963	0.20900	0.00805	0.00797
156	0.02499	0.01314	0.01669	0.01446	0.01909	0.01154	0.01131	0.02910	0.02858	0.21177	0.27536	0.07060	0.19050	0.02011	0.01187	0.00337	0.00639	0.01714	0.01166	0.01234
157	0.09155	0.02411	0.03599	0.02947	0.07630	0.02386	0.13822	0.16172	0.03234	0.23460	0.02898	0.02932	0.01983	0.01145	0.01071	0.00331	0.01195	0.01030	0.00949	0.01648
158	0.02357	0.03789	0.30178	0.03148	0.04308	0.02239	0.17780	0.03280	0.02354	0.07990	0.02668	0.10144	0.02248	0.01291	0.01126	0.00353	0.01449	0.01227	0.00616	0.01453
159	0.07744	0.10106	0.48418	0.02779	0.04212	0.02595	0.03503	0.03313	0.02190	0.03389	0.01826	0.02145	0.01325	0.00994	0.00948	0.00325	0.01465	0.00746	0.00464	0.01511
160	0.70310	0.02045	0.01554	0.01390	0.02045	0.02372	0.01145	0.03108	0.01799	0.04744	0.01472	0.01718	0.01145	0.00981	0.00654	0.00327	0.00818	0.00573	0.00654	0.01145
161	0.01740	0.01184	0.01433	0.01341	0.01638	0.01107	0.00992	0.02229	0.05866	0.06936	0.30160	0.07554	0.19365	0.07428	0.01760	0.04809	0.00626	0.01796	0.01033	0.01001

[dist]
# distance from previous block
# <min> <max>
0	1

[block]
# block no. 1 follows, 13 sequences, length 37
# corresponding to MSA columns:
# 234-270
name=unknown_B
#
# <colnr> <probs for GDERKNQSTAVLIFYWHMCP>
#	G	D	E	R	K	N	Q	S	T	A	V	L	I	F	Y	W	H	M	C	P
0	0.38542	0.02712	0.02203	0.01871	0.02558	0.12751	0.01506	0.11681	0.02701	0.11630	0.02036	0.02137	0.01488	0.01092	0.00830	0.00315	0.01085	0.00720	0.00787	0.01354
1	0.42718	0.02116	0.02039	0.01679	0.02406	0.02288	0.01385	0.11094	0.02605	0.19099	0.02359	0.02347	0.01639	0.01113	0.00825	0.00326	0.00892	0.00762	0.00891	0.01419
2	0.01396	0.00966	0.01195	0.01334	0.01369	0.00931	0.00834	0.01500	0.01814	0.02418	0.04748	0.38266	0.05631	0.29057	0.03093	0.00687	0.00791	0.02371	0.00834	0.00764
3	0.01570	0.01063	0.01464	0.01464	0.01559	0.01158	0.01028	0.01690	0.01594	0.02221	0.02847	0.04946	0.02925	0.25906	0.32094	0.11973	0.01921	0.01237	0.00575	0.00766
4	0.03223	0.02707	0.03808	0.04735	0.33340	0.02844	0.02711	0.24642	0.03516	0.04842	0.02227	0.02583	0.01728	0.01084	0.01051	0.00315	0.01216	0.00946	0.00754	0.01728
5	0.65190	0.02116	0.01679	0.01471	0.02140	0.02442	0.01212	0.06940	0.02044	0.04892	0.01555	0.01781	0.01195	0.01004	0.00685	0.00326	0.00845	0.00602	0.00685	0.01195
6	0.01406	0.01011	0.01178	0.01237	0.01351	0.00950	0.00798	0.01555	0.01979	0.02584	0.10057	0.22571	0.16264	0.28823	0.03063	0.00663	0.00765	0.02113	0.00850	0.00784
7	0.31631	0.01944	0.02193	0.02508	0.12695	0.02134	0.01618	0.03206	0.09233	0.04199	0.10889	0.03380	0.03079	0.01732	0.05097	0.00429	0.01001	0.00988	0.00762	0.01282
8	0.02192	0.01879	0.02192	0.01566	0.02506	0.01409	0.01253	0.02662	0.02192	0.03445	0.01879	0.02192	0.01566	0.00783	0.00783	0.00157	0.00783	0.00626	0.00626	0.69305
9	0.01272	0.00985	0.01159	0.01299	0.01488	0.00873	0.00904	0.01492	0.02191	0.02767	0.07939	0.39674	0.28108	0.03038	0.01306	0.00398	0.00580	0.02671	0.00982	0.00873
10	0.01599	0.00919	0.01312	0.01418	0.01445	0.00893	0.00946	0.01418	0.01657	0.02210	0.03563	0.28703	0.04067	0.03517	0.02929	0.39480	0.00786	0.01821	0.00685	0.00632
11	0.41955	0.01939	0.01943	0.01603	0.02328	0.02018	0.01322	0.03992	0.02330	0.27334	0.02639	0.02531	0.01782	0.01123	0.00831	0.00327	0.00853	0.00785	0.00937	0.01428
12	0.02265	0.02153	0.03656	0.37029	0.28458	0.02420	0.03070	0.02936	0.02241	0.03027	0.01927	0.02732	0.01524	0.01007	0.01053	0.00336	0.01343	0.00941	0.00493	0.01391
13	0.02496	0.02852	0.06239	0.04456	0.05526	0.02674	0.52406	0.03387	0.02496	0.03387	0.02139	0.02852	0.01604	0.00891	0.01248	0.00357	0.01783	0.01248	0.00535	0.01426
14	0.01334	0.01074	0.01188	0.01159	0.01480	0.00928	0.00869	0.01680	0.02608	0.03327	0.26026	0.09400	0.40208	0.02502	0.01249	0.00349	0.00523	0.02123	0.01044	0.00928
15	0.02192	0.01879	0.02192	0.01566	0.02506	0.01409	0.01253	0.02662	0.02192	0.03445	0.01879	0.02192	0.01566	0.00783	0.00783	0.00157	0.00783	0.00626	0.00626	0.69305
16	0.01510	0.01133	0.01699	0.01699	0.01888	0.01322	0.01322	0.01888	0.01699	0.02454	0.02832	0.04154	0.02643	0.07930	0.58652	0.01699	0.02832	0.01133	0.00566	0.00944
17	0.02630	0.02271	0.02391	0.02152	0.02749	0.02630	0.01674	0.05618	0.54336	0.04423	0.04303	0.03945	0.03228	0.01434	0.01076	0.00359	0.00837	0.01195	0.01076	0.01674
18	0.01665	0.01204	0.01650	0.01872	0.02125	0.01189	0.01627	0.02133	0.02432	0.03138	0.06036	0.11776	0.10345	0.02900	0.01442	0.00476	0.00936	0.45112	0.00974	0.00967
19	0.03018	0.01469	0.02028	0.01919	0.02410	0.01363	0.01639	0.03472	0.02690	0.26437	0.04981	0.08325	0.04585	0.02224	0.01289	0.00418	0.00942	0.28343	0.01118	0.01331
20	0.02617	0.02512	0.04292	0.06490	0.56246	0.02512	0.03245	0.03245	0.02407	0.03454	0.01989	0.02617	0.01675	0.00942	0.01047	0.00314	0.01256	0.00942	0.00523	0.01675
21	0.01538	0.01025	0.01153	0.01153	0.01153	0.01025	0.00641	0.01538	0.01538	0.02050	0.03331	0.06919	0.03844	0.62842	0.05382	0.01025	0.01025	0.01538	0.00641	0.00641
22	0.31760	0.01900	0.02083	0.01679	0.02429	0.01891	0.01386	0.04310	0.02521	0.35456	0.03059	0.02824	0.02011	0.01174	0.00895	0.00327	0.00866	0.00861	0.01039	0.01530
23	0.02944	0.01373	0.01795	0.01515	0.02006	0.01232	0.01197	0.03404	0.02897	0.26615	0.26348	0.05507	0.05813	0.01667	0.01097	0.00318	0.00668	0.01419	0.10848	0.01337
24	0.01952	0.01815	0.03353	0.02582	0.03044	0.01738	0.23028	0.02337	0.01952	0.02628	0.02816	0.05160	0.02875	0.36050	0.03594	0.00736	0.01353	0.01412	0.00595	0.00980
25	0.31610	0.03988	0.33228	0.02312	0.03481	0.02419	0.02712	0.03244	0.02045	0.03952	0.01714	0.02010	0.01255	0.00995	0.00853	0.00332	0.01241	0.00691	0.00536	0.01382
26	0.03524	0.03584	0.02752	0.11817	0.03653	0.33997	0.01988	0.03890	0.02804	0.12278	0.02959	0.03116	0.06599	0.01269	0.01017	0.00303	0.01521	0.00934	0.00708	0.01288
27	0.03121	0.01853	0.02203	0.01882	0.02481	0.01907	0.01487	0.04681	0.25532	0.22624	0.15263	0.04671	0.04461	0.01547	0.01108	0.00342	0.00786	0.01303	0.01175	0.01572
28	0.02901	0.01392	0.01863	0.01568	0.02064	0.01238	0.01238	0.03361	0.03007	0.27048	0.33409	0.06039	0.06794	0.01793	0.01168	0.00330	0.00672	0.01545	0.01226	0.01344
29	0.02179	0.08930	0.22523	0.03035	0.04077	0.02370	0.19945	0.03048	0.02483	0.03478	0.13760	0.03643	0.03331	0.01210	0.01112	0.00332	0.01366	0.01172	0.00635	0.01372
30	0.09106	0.02135	0.07548	0.02713	0.12131	0.01767	0.01973	0.03814	0.02573	0.27684	0.03647	0.11079	0.02987	0.01547	0.01082	0.00349	0.00986	0.04383	0.00971	0.01526
31	0.01269	0.00996	0.01149	0.01271	0.01481	0.00876	0.00892	0.01495	0.02218	0.02778	0.08282	0.36031	0.31530	0.02993	0.01299	0.00393	0.00574	0.02617	0.00982	0.00876
32	0.01510	0.01133	0.01699	0.01699	0.01888	0.01322	0.01322	0.01888	0.01699	0.02454	0.02832	0.04154	0.02643	0.07930	0.58652	0.01699	0.02832	0.01133	0.00566	0.00944
33	0.02566	0.13205	0.13709	0.05105	0.38342	0.02781	0.03120	0.03250	0.02334	0.03274	0.01886	0.02396	0.01563	0.00947	0.00978	0.00303	0.01288	0.00851	0.00498	0.01602
34	0.02878	0.02135	0.02685	0.02256	0.02675	0.02526	0.01844	0.19674	0.02914	0.08926	0.02466	0.03057	0.02015	0.03416	0.18883	0.00769	0.17728	0.01009	0.00774	0.01371
35	0.01972	0.01203	0.01588	0.01555	0.01877	0.01111	0.01238	0.02407	0.02719	0.11233	0.27164	0.13155	0.11893	0.02379	0.01284	0.00382	0.00690	0.13960	0.01104	0.01084
36	0.31271	0.01507	0.01495	0.01399	0.01824	0.01607	0.01111	0.02490	0.02438	0.04382	0.28731	0.05507	0.05884	0.01704	0.01006	0.00341	0.00670	0.04642	0.00930	0.01060

[dist]
# distance from previous block
# <min> <max>
0	1

[block]
# block no. 2 follows, 13 sequences, length 47
# corresponding to MSA columns:
# 272-318
name=unknown_C
#
# <colnr> <probs for GDERKNQSTAVLIFYWHMCP>
#	G	D	E	R	K	N	Q	S	T	A	V	L	I	F	Y	W	H	M	C	P
0	0.02617	0.02512	0.04292	0.06490	0.56246	0.02512	0.03245	0.03245	0.02407	0.03454	0.01989	0.02617	0.01675	0.00942	0.01047	0.00314	0.01256	0.00942	0.00523	0.01675
1	0.02498	0.02105	0.02344	0.01839	0.02655	0.01985	0.01461	0.07962	0.20150	0.04054	0.02760	0.02818	0.02151	0.01046	0.00906	0.00239	0.00834	0.00848	0.00816	0.40531
2	0.02491	0.02410	0.03303	0.12247	0.26377	0.06704	0.02417	0.03046	0.02340	0.03272	0.01906	0.02442	0.01574	0.00916	0.00950	0.00262	0.01169	0.00812	0.00553	0.24810
3	0.03109	0.07962	0.11597	0.04149	0.25918	0.02771	0.02757	0.16764	0.03102	0.08447	0.02254	0.02543	0.01708	0.01065	0.01015	0.00312	0.01237	0.00900	0.00713	0.01676
4	0.02197	0.04971	0.48305	0.03054	0.04491	0.02489	0.07652	0.03554	0.06899	0.03447	0.02132	0.02435	0.01529	0.01034	0.01031	0.00339	0.01516	0.00856	0.00510	0.01561
5	0.01946	0.01007	0.01052	0.01075	0.01321	0.01007	0.00828	0.02438	0.02237	0.03870	0.03648	0.04681	0.03023	0.01388	0.00806	0.00269	0.00537	0.05444	0.62439	0.00984
6	0.03440	0.02996	0.02826	0.02362	0.03061	0.11441	0.01877	0.26056	0.24873	0.05126	0.03123	0.03018	0.02317	0.01309	0.01049	0.00327	0.01143	0.01010	0.00987	0.01660
7	0.03078	0.02694	0.04089	0.04943	0.33903	0.02785	0.07212	0.19905	0.03278	0.04528	0.02187	0.02611	0.01710	0.01048	0.01068	0.00319	0.01272	0.00973	0.00704	0.01694
8	0.23208	0.02475	0.02701	0.02152	0.02889	0.02732	0.05123	0.26802	0.07594	0.05496	0.06658	0.02864	0.02369	0.01244	0.00968	0.00327	0.01024	0.00957	0.00912	0.01504
9	0.02121	0.05469	0.57364	0.03014	0.04576	0.02455	0.03906	0.03348	0.02232	0.03348	0.01897	0.02232	0.01339	0.01005	0.01005	0.00335	0.01563	0.00781	0.00446	0.01563
10	0.03114	0.03783	0.04859	0.03719	0.04565	0.26476	0.30971	0.03742	0.02709	0.03047	0.01924	0.02450	0.01501	0.00976	0.01122	0.00321	0.01835	0.01007	0.00539	0.01341
11	0.01337	0.00974	0.01259	0.01399	0.01535	0.00897	0.00969	0.01608	0.02303	0.03101	0.18799	0.43716	0.12263	0.02965	0.01315	0.00398	0.00577	0.02659	0.01027	0.00897
12	0.31836	0.02338	0.02293	0.01863	0.02576	0.02587	0.01529	0.24272	0.03333	0.09123	0.06631	0.02712	0.02261	0.01225	0.00904	0.00323	0.00944	0.00880	0.00914	0.01456
13	0.01496	0.01081	0.01413	0.01330	0.01580	0.00998	0.00998	0.01995	0.02993	0.04240	0.55689	0.07898	0.09976	0.02162	0.01247	0.00333	0.00499	0.01912	0.01164	0.00998
14	0.04019	0.02962	0.03173	0.02433	0.03279	0.03279	0.02010	0.52721	0.04971	0.06663	0.02538	0.02538	0.01798	0.01269	0.01058	0.00317	0.01163	0.00952	0.01058	0.01798
15	0.01431	0.00980	0.01185	0.01289	0.01315	0.00954	0.00786	0.01510	0.01745	0.02326	0.04394	0.30427	0.05184	0.37505	0.03665	0.00772	0.00850	0.02162	0.00786	0.00733
16	0.09463	0.01897	0.02345	0.01891	0.02603	0.01825	0.01562	0.12168	0.03185	0.35464	0.08003	0.04365	0.03272	0.01489	0.01079	0.00340	0.00910	0.05359	0.01173	0.01607
17	0.04435	0.02294	0.02760	0.02116	0.02946	0.02288	0.01748	0.25399	0.03854	0.35564	0.03476	0.03147	0.02269	0.01292	0.01061	0.00323	0.01012	0.01016	0.01202	0.01799
18	0.70310	0.02045	0.01554	0.01390	0.02045	0.02372	0.01145	0.03108	0.01799	0.04744	0.01472	0.01718	0.01145	0.00981	0.00654	0.00327	0.00818	0.00573	0.00654	0.01145
19	0.01504	0.01111	0.01578	0.01542	0.01757	0.01184	0.01184	0.01934	0.02250	0.03214	0.25329	0.05747	0.05764	0.05475	0.34219	0.01118	0.01839	0.01465	0.00821	0.00967
20	0.01294	0.01073	0.01132	0.01117	0.01455	0.00911	0.00838	0.01603	0.02514	0.03103	0.18736	0.09769	0.47639	0.02586	0.01249	0.00353	0.00529	0.02174	0.01014	0.00911
21	0.04744	0.01799	0.02454	0.01881	0.02699	0.01554	0.01554	0.05153	0.03026	0.56979	0.04171	0.03599	0.02617	0.01309	0.01063	0.00327	0.00900	0.01063	0.01309	0.01799
22	0.70310	0.02045	0.01554	0.01390	0.02045	0.02372	0.01145	0.03108	0.01799	0.04744	0.01472	0.01718	0.01145	0.00981	0.00654	0.00327	0.00818	0.00573	0.00654	0.01145
23	0.01476	0.01080	0.01385	0.01309	0.01567	0.00989	0.00981	0.01955	0.02944	0.04125	0.51940	0.08088	0.13797	0.02205	0.01247	0.00335	0.00502	0.01939	0.01149	0.00989
24	0.01914	0.01411	0.01591	0.01492	0.01715	0.01484	0.01024	0.06541	0.11688	0.03263	0.12112	0.10389	0.04797	0.32272	0.03268	0.00688	0.00886	0.01600	0.00865	0.00998
25	0.03151	0.01332	0.01610	0.01367	0.01856	0.01227	0.01086	0.03608	0.02562	0.26515	0.03756	0.03796	0.02671	0.01265	0.00877	0.00281	0.00666	0.01019	0.40024	0.01332
26	0.04744	0.01799	0.02454	0.01881	0.02699	0.01554	0.01554	0.05153	0.03026	0.56979	0.04171	0.03599	0.02617	0.01309	0.01063	0.00327	0.00900	0.01063	0.01309	0.01799
27	0.01612	0.01125	0.01338	0.01257	0.01591	0.00991	0.00953	0.02006	0.02747	0.07234	0.33045	0.08575	0.28987	0.02323	0.01236	0.00343	0.00542	0.01990	0.01096	0.01007
28	0.01391	0.01077	0.01268	0.01220	0.01515	0.00953	0.00915	0.01792	0.02745	0.03651	0.36545	0.08867	0.29487	0.02381	0.01248	0.00343	0.00514	0.02048	0.01086	0.00953
29	0.04019	0.02962	0.03173	0.02433	0.03279	0.03279	0.02010	0.52721	0.04971	0.06663	0.02538	0.02538	0.01798	0.01269	0.01058	0.00317	0.01163	0.00952	0.01058	0.01798
30	0.02313	0.02313	0.03238	0.02776	0.02776	0.03238	0.02313	0.02545	0.01619	0.02545	0.01388	0.02313	0.01388	0.01851	0.03470	0.00463	0.60907	0.00925	0.00463	0.01157
31	0.02192	0.01879	0.02192	0.01566	0.02506	0.01409	0.01253	0.02662	0.02192	0.03445	0.01879	0.02192	0.01566	0.00783	0.00783	0.00157	0.00783	0.00626	0.00626	0.69305
32	0.04744	0.01799	0.02454	0.01881	0.02699	0.01554	0.01554	0.05153	0.03026	0.56979	0.04171	0.03599	0.02617	0.01309	0.01063	0.00327	0.00900	0.01063	0.01309	0.01799
33	0.02827	0.63478	0.05540	0.01809	0.02714	0.04184	0.01809	0.03166	0.02148	0.02488	0.01470	0.01696	0.01357	0.00905	0.00678	0.00226	0.01131	0.00565	0.00452	0.01357
34	0.03388	0.03861	0.02739	0.02480	0.03048	0.34777	0.01886	0.04816	0.24847	0.03369	0.02770	0.02774	0.02156	0.01236	0.01005	0.00309	0.01451	0.00900	0.00771	0.01416
35	0.01321	0.00944	0.01264	0.01510	0.01585	0.00887	0.01038	0.01529	0.02057	0.02736	0.05809	0.58192	0.06921	0.03282	0.01358	0.00434	0.00642	0.06643	0.00981	0.00868
36	0.01408	0.01012	0.01334	0.01391	0.01560	0.00939	0.00991	0.01773	0.02581	0.03584	0.34467	0.30989	0.08707	0.02651	0.01291	0.00374	0.00548	0.02378	0.01086	0.00939
37	0.04019	0.02962	0.03173	0.02433	0.03279	0.03279	0.02010	0.52721	0.04971	0.06663	0.02538	0.02538	0.01798	0.01269	0.01058	0.00317	0.01163	0.00952	0.01058	0.01798
38	0.02617	0.02512	0.04292	0.06490	0.56246	0.02512	0.03245	0.03245	0.02407	0.03454	0.01989	0.02617	0.01675	0.00942	0.01047	0.00314	0.01256	0.00942	0.00523	0.01675
39	0.01380	0.01035	0.01295	0.01422	0.01621	0.00949	0.01056	0.01687	0.02350	0.03067	0.15152	0.31390	0.20200	0.02894	0.01325	0.00404	0.00634	0.10220	0.01010	0.00909
40	0.03950	0.05039	0.02996	0.02724	0.03269	0.58597	0.02043	0.04222	0.02996	0.02588	0.01634	0.01907	0.01362	0.01090	0.00953	0.00272	0.01907	0.00681	0.00545	0.01226
