[name]
unknown

[dist]
# distance from previous block
# <min> <max>
0	193

[block]
# block no. 0 follows, 13 sequences, length 27
# corresponding to MSA columns:
# 219-245
name=unknown_A
#
# <colnr> <probs for GDERKNQSTAVLIFYWHMCP>
#	G	D	E	R	K	N	Q	S	T	A	V	L	I	F	Y	W	H	M	C	P
0	0.01574	0.01146	0.01533	0.01693	0.01932	0.01106	0.01406	0.02007	0.02485	0.03267	0.14822	0.16213	0.12465	0.02803	0.01388	0.00440	0.00805	0.30950	0.01008	0.00957
1	0.01530	0.01055	0.01307	0.01307	0.01360	0.01109	0.00832	0.01636	0.01583	0.02164	0.03191	0.06140	0.03506	0.47376	0.20385	0.01215	0.01534	0.01424	0.00620	0.00726
2	0.70310	0.02045	0.01554	0.01390	0.02045	0.02372	0.01145	0.03108	0.01799	0.04744	0.01472	0.01718	0.01145	0.00981	0.00654	0.00327	0.00818	0.00573	0.00654	0.01145
3	0.01496	0.01081	0.01413	0.01330	0.01580	0.00998	0.00998	0.01995	0.02993	0.04240	0.55689	0.07898	0.09976	0.02162	0.01247	0.00333	0.00499	0.01912	0.01164	0.00998
4	0.02857	0.02747	0.02495	0.02250	0.02839	0.12259	0.01737	0.05378	0.45503	0.04107	0.03844	0.03594	0.02907	0.01375	0.01055	0.00344	0.01021	0.01107	0.00984	0.01596
5	0.03510	0.07501	0.22085	0.02617	0.06782	0.05586	0.02534	0.04208	0.02647	0.27767	0.02898	0.02825	0.01947	0.01138	0.01009	0.00319	0.01232	0.00900	0.00852	0.01643
6	0.15643	0.10836	0.06771	0.02319	0.03061	0.02385	0.10418	0.03439	0.02280	0.16019	0.02610	0.06367	0.02098	0.01710	0.05041	0.00427	0.05424	0.01032	0.00748	0.01374
7	0.70310	0.02045	0.01554	0.01390	0.02045	0.02372	0.01145	0.03108	0.01799	0.04744	0.01472	0.01718	0.01145	0.00981	0.00654	0.00327	0.00818	0.00573	0.00654	0.01145
8	0.03286	0.03785	0.03089	0.12624	0.03860	0.33504	0.02249	0.07259	0.02713	0.02904	0.01694	0.02194	0.01408	0.01252	0.01491	0.00328	0.13765	0.00796	0.00554	0.01246
9	0.04019	0.02962	0.03173	0.02433	0.03279	0.03279	0.02010	0.52721	0.04971	0.06663	0.02538	0.02538	0.01798	0.01269	0.01058	0.00317	0.01163	0.00952	0.01058	0.01798
10	0.01496	0.01081	0.01413	0.01330	0.01580	0.00998	0.00998	0.01995	0.02993	0.04240	0.55689	0.07898	0.09976	0.02162	0.01247	0.00333	0.00499	0.01912	0.01164	0.00998
11	0.02781	0.01326	0.01497	0.01306	0.01732	0.01292	0.01027	0.06871	0.02615	0.16691	0.03552	0.03755	0.02620	0.01253	0.00840	0.00271	0.00639	0.01001	0.47692	0.01239
12	0.03161	0.01488	0.01962	0.01698	0.02214	0.01359	0.01321	0.03715	0.06377	0.30437	0.14464	0.18184	0.05100	0.01951	0.01167	0.00354	0.00751	0.01691	0.01188	0.01416
13	0.02307	0.01563	0.02082	0.01863	0.02023	0.01820	0.01410	0.02496	0.01881	0.11758	0.03084	0.10390	0.03096	0.22976	0.07347	0.00713	0.20029	0.01385	0.00729	0.01047
14	0.01454	0.01079	0.01354	0.01286	0.01554	0.00980	0.00964	0.01913	0.02893	0.04002	0.47946	0.08290	0.17868	0.02250	0.01247	0.00337	0.00505	0.01967	0.01133	0.00980
15	0.02259	0.02239	0.03227	0.12679	0.03552	0.03085	0.02420	0.02572	0.01704	0.02572	0.01473	0.02400	0.01392	0.01714	0.03054	0.00444	0.50664	0.00928	0.00464	0.01160
16	0.58898	0.02203	0.01833	0.01570	0.02257	0.02528	0.01294	0.11649	0.02345	0.05074	0.01656	0.01859	0.01257	0.01031	0.00724	0.00325	0.00877	0.00638	0.00724	0.01257
17	0.01538	0.01025	0.01153	0.01153	0.01153	0.01025	0.00641	0.01538	0.01538	0.02050	0.03331	0.06919	0.03844	0.62842	0.05382	0.01025	0.01025	0.01538	0.00641	0.00641
18	0.02353	0.04885	0.43598	0.02842	0.04158	0.06928	0.03375	0.03808	0.11262	0.03473	0.02291	0.02501	0.01666	0.01085	0.01013	0.00334	0.01465	0.00845	0.00563	0.01555
19	0.02192	0.01879	0.02192	0.01566	0.02506	0.01409	0.01253	0.02662	0.02192	0.03445	0.01879	0.02192	0.01566	0.00783	0.00783	0.00157	0.00783	0.00626	0.00626	0.69305
20	0.01649	0.01336	0.01964	0.01885	0.02041	0.01652	0.01492	0.02001	0.01685	0.02470	0.02583	0.03837	0.02427	0.06883	0.49152	0.01486	0.12830	0.01097	0.00549	0.00981
21	0.01538	0.01025	0.01153	0.01153	0.01153	0.01025	0.00641	0.01538	0.01538	0.02050	0.03331	0.06919	0.03844	0.62842	0.05382	0.01025	0.01025	0.01538	0.00641	0.00641
22	0.01488	0.01111	0.01651	0.01676	0.01851	0.01274	0.01287	0.01845	0.01733	0.02480	0.03141	0.10132	0.03092	0.07454	0.52745	0.01568	0.02603	0.01326	0.00609	0.00935
23	0.02406	0.01288	0.01533	0.01347	0.01821	0.01116	0.01054	0.02767	0.02664	0.19632	0.14414	0.07360	0.29008	0.02074	0.01152	0.00336	0.00638	0.01732	0.06467	0.01191
24	0.02751	0.07758	0.27819	0.03765	0.18877	0.02614	0.03161	0.09584	0.02680	0.07979	0.02156	0.02454	0.01594	0.01037	0.01007	0.00319	0.01345	0.00857	0.00613	0.01629
25	0.02685	0.01577	0.02189	0.07980	0.06282	0.01537	0.01568	0.06199	0.02996	0.18862	0.28850	0.05486	0.05973	0.01672	0.01151	0.00331	0.00797	0.01450	0.01083	0.01335
26	0.02407	0.12558	0.02937	0.07722	0.03087	0.02113	0.01574	0.06205	0.02368	0.03426	0.01854	0.02195	0.01530	0.00866	0.00812	0.00200	0.00934	0.00671	0.00610	0.45929

[dist]
# distance from previous block
# <min> <max>
0	1

[block]
# block no. 1 follows, 13 sequences, length 21
# corresponding to MSA columns:
# 247-267
name=unknown_B
#
# <colnr> <probs for GDERKNQSTAVLIFYWHMCP>
#	G	D	E	R	K	N	Q	S	T	A	V	L	I	F	Y	W	H	M	C	P
0	0.02389	0.08179	0.17560	0.11906	0.03924	0.02253	0.02369	0.03415	0.09000	0.06222	0.02287	0.02569	0.01733	0.01012	0.00933	0.00279	0.01141	0.00813	0.00632	0.21385
1	0.03494	0.02926	0.02922	0.09912	0.03594	0.14141	0.02046	0.18415	0.11200	0.11667	0.02673	0.02790	0.01958	0.01282	0.01234	0.00332	0.06072	0.00945	0.00866	0.01529
2	0.01654	0.00983	0.01241	0.01241	0.01241	0.00983	0.00749	0.01475	0.01475	0.01967	0.02748	0.05473	0.03060	0.39744	0.04894	0.27654	0.00983	0.01296	0.00570	0.00570
3	0.27225	0.07661	0.02728	0.06743	0.07526	0.02758	0.01787	0.12514	0.13523	0.04555	0.02334	0.02493	0.01784	0.01124	0.00882	0.00324	0.00994	0.00831	0.00772	0.01440
4	0.02511	0.12625	0.13494	0.07105	0.03395	0.02269	0.02065	0.03354	0.07077	0.07607	0.02225	0.02450	0.01713	0.00972	0.00882	0.00252	0.01059	0.00762	0.00646	0.27538
5	0.11650	0.33358	0.13974	0.02191	0.03184	0.03224	0.06141	0.03432	0.02244	0.09122	0.01903	0.02101	0.01488	0.00977	0.00822	0.00280	0.01194	0.00716	0.00580	0.01421
6	0.02640	0.24587	0.04338	0.02489	0.03160	0.02943	0.12247	0.03109	0.02315	0.07935	0.06944	0.03631	0.02690	0.01375	0.01398	0.00332	0.10800	0.05095	0.00657	0.01316
7	0.01879	0.01238	0.01395	0.06387	0.02018	0.01292	0.01085	0.02650	0.08987	0.03606	0.04812	0.10233	0.11610	0.01668	0.00949	0.00305	0.00636	0.01396	0.36788	0.01065
8	0.02402	0.07880	0.20998	0.14723	0.04975	0.02490	0.16544	0.03259	0.02315	0.06131	0.02052	0.02553	0.01516	0.00975	0.01043	0.00321	0.01460	0.00928	0.00538	0.06896
9	0.09151	0.02279	0.07492	0.01978	0.02852	0.01879	0.01755	0.08206	0.05860	0.36636	0.03442	0.03147	0.02269	0.01214	0.01003	0.00314	0.00961	0.00961	0.01088	0.07512
10	0.01373	0.00971	0.01187	0.01324	0.01389	0.00921	0.00845	0.01499	0.01885	0.02482	0.05368	0.37971	0.10147	0.24416	0.02774	0.00635	0.00753	0.02416	0.00860	0.00784
11	0.13801	0.01869	0.02805	0.18558	0.10777	0.01999	0.06642	0.02998	0.02296	0.09211	0.06423	0.07921	0.02713	0.01316	0.01020	0.00338	0.01072	0.01160	0.05809	0.01272
12	0.05979	0.02857	0.18637	0.09257	0.07873	0.01994	0.07122	0.03131	0.02401	0.10278	0.07425	0.08625	0.03130	0.01472	0.01110	0.00355	0.01202	0.05047	0.00732	0.01371
13	0.02854	0.08489	0.09504	0.16715	0.04573	0.06919	0.10549	0.11520	0.02831	0.07916	0.02430	0.03263	0.01925	0.01203	0.01069	0.00335	0.01385	0.04417	0.00684	0.01417
14	0.01301	0.00947	0.01201	0.01397	0.01492	0.00875	0.00934	0.01483	0.02039	0.02673	0.06281	0.51408	0.13103	0.07538	0.01628	0.00463	0.00633	0.02799	0.00957	0.00847
15	0.03604	0.04504	0.02767	0.02561	0.03043	0.51102	0.01905	0.03865	0.02870	0.02602	0.02179	0.09727	0.02093	0.01378	0.01005	0.00293	0.01739	0.00983	0.00601	0.01178
16	0.08732	0.07347	0.08884	0.02430	0.07700	0.06372	0.01955	0.13614	0.03106	0.10002	0.15266	0.03746	0.03688	0.01365	0.01026	0.00314	0.01049	0.01095	0.00874	0.01434
17	0.07804	0.10449	0.12378	0.11873	0.03955	0.02292	0.10849	0.02981	0.02239	0.07720	0.02840	0.14613	0.02641	0.01474	0.01060	0.00345	0.01210	0.01319	0.00666	0.01293
18	0.01685	0.01425	0.02412	0.02176	0.02510	0.01356	0.11950	0.02113	0.02295	0.03081	0.10405	0.27235	0.05737	0.07040	0.01646	0.00462	0.00965	0.13621	0.00881	0.01005
19	0.06731	0.02328	0.07354	0.14975	0.04059	0.02222	0.06054	0.09135	0.02723	0.19914	0.02914	0.03617	0.02191	0.01346	0.01261	0.00357	0.05660	0.04848	0.00844	0.01466
20	0.06465	0.01869	0.02454	0.06342	0.02944	0.01869	0.05415	0.10649	0.06562	0.15661	0.04469	0.13867	0.09877	0.01730	0.01112	0.00344	0.00935	0.01490	0.00963	0.04983

[dist]
# distance from previous block
# <min> <max>
1	14

[block]
# block no. 2 follows, 13 sequences, length 17
# corresponding to MSA columns:
# 282-298
name=unknown_C
#
# <colnr> <probs for GDERKNQSTAVLIFYWHMCP>
#	G	D	E	R	K	N	Q	S	T	A	V	L	I	F	Y	W	H	M	C	P
0	0.07283	0.01272	0.01475	0.01378	0.01688	0.01268	0.01045	0.05985	0.02837	0.04277	0.34457	0.11345	0.07222	0.01957	0.01114	0.00326	0.00585	0.01685	0.11744	0.01056
1	0.02070	0.07099	0.01975	0.01564	0.01982	0.01632	0.01213	0.06554	0.08443	0.07501	0.10033	0.21962	0.19307	0.02295	0.01176	0.00358	0.00722	0.01962	0.00989	0.01164
2	0.07201	0.06592	0.03350	0.24816	0.04711	0.02212	0.10174	0.03131	0.02430	0.11288	0.10645	0.03576	0.02943	0.01224	0.01062	0.00335	0.01188	0.01106	0.00726	0.01292
3	0.01745	0.01677	0.06129	0.01635	0.02024	0.01462	0.01386	0.05887	0.02759	0.03783	0.28836	0.10895	0.17770	0.02168	0.01425	0.00356	0.06194	0.01806	0.00981	0.01086
4	0.02262	0.03156	0.23602	0.11630	0.03916	0.02065	0.02574	0.06830	0.05534	0.07239	0.07418	0.09113	0.07145	0.01514	0.01095	0.00347	0.01169	0.01270	0.00740	0.01379
5	0.01912	0.01435	0.01718	0.01595	0.01972	0.01376	0.01216	0.10046	0.02845	0.03887	0.18852	0.22780	0.10773	0.02299	0.01209	0.00352	0.00708	0.05231	0.01003	0.08793
6	0.02392	0.02235	0.13334	0.11032	0.03296	0.01611	0.01996	0.03024	0.02568	0.14659	0.17564	0.09768	0.04589	0.01619	0.01106	0.00338	0.00954	0.01392	0.05229	0.01295
7	0.02631	0.17945	0.10427	0.20101	0.04886	0.03024	0.11366	0.11057	0.02663	0.03480	0.01932	0.02434	0.01485	0.01018	0.00991	0.00314	0.01384	0.00885	0.00569	0.01408
8	0.02547	0.02441	0.04165	0.12570	0.50714	0.02494	0.03210	0.03183	0.02374	0.03369	0.01976	0.02640	0.01645	0.00955	0.01048	0.00318	0.01273	0.00942	0.00517	0.01618
9	0.02763	0.02545	0.05067	0.10746	0.13501	0.02460	0.32036	0.03525	0.02510	0.10563	0.02360	0.02911	0.01730	0.00975	0.01169	0.00345	0.01536	0.01139	0.00630	0.01488
10	0.03598	0.12582	0.03425	0.02286	0.03101	0.03317	0.01922	0.36984	0.12655	0.05622	0.02658	0.02635	0.01963	0.01238	0.01000	0.00309	0.01104	0.00930	0.00963	0.01707
11	0.01392	0.01027	0.01257	0.01378	0.01541	0.00954	0.00985	0.01631	0.02167	0.02808	0.10154	0.29603	0.18583	0.12595	0.01982	0.00509	0.00703	0.08936	0.00939	0.00858
12	0.01706	0.01129	0.01622	0.01766	0.01940	0.01160	0.01447	0.01940	0.02054	0.02721	0.04220	0.08514	0.04477	0.03913	0.11323	0.17742	0.01259	0.29446	0.00780	0.00841
13	0.18307	0.02627	0.02298	0.02093	0.02438	0.17319	0.01641	0.02913	0.02046	0.03019	0.01927	0.02753	0.01758	0.06053	0.15772	0.00712	0.13806	0.00860	0.00564	0.01094
14	0.01523	0.01085	0.01456	0.01456	0.01560	0.01189	0.01018	0.01732	0.01627	0.02274	0.03055	0.05387	0.03179	0.32425	0.34889	0.01398	0.02026	0.01313	0.00600	0.00809
15	0.02619	0.02710	0.05336	0.13169	0.05508	0.02702	0.37712	0.09871	0.02765	0.03715	0.02151	0.02805	0.01599	0.00968	0.01192	0.00351	0.01640	0.01159	0.00594	0.01435
16	0.11713	0.07862	0.14326	0.02058	0.03026	0.11174	0.01977	0.03159	0.02274	0.03389	0.01758	0.02053	0.01412	0.00916	0.00833	0.00242	0.01162	0.00656	0.00565	0.29446

[dist]
# distance from previous block
# <min> <max>
0	1

[block]
# block no. 3 follows, 13 sequences, length 26
# corresponding to MSA columns:
# 300-325
name=unknown_D
#
# <colnr> <probs for GDERKNQSTAVLIFYWHMCP>
#	G	D	E	R	K	N	Q	S	T	A	V	L	I	F	Y	W	H	M	C	P
0	0.25984	0.18187	0.03459	0.02075	0.02838	0.02654	0.09501	0.03322	0.02258	0.10561	0.05072	0.03018	0.02206	0.01157	0.00883	0.00314	0.01054	0.03432	0.00711	0.01312
1	0.02801	0.02376	0.04085	0.08167	0.27639	0.02312	0.12956	0.03570	0.05243	0.10649	0.02421	0.02843	0.01843	0.01000	0.01069	0.00315	0.01262	0.01007	0.00667	0.07775
2	0.03010	0.13033	0.04505	0.03418	0.10879	0.03071	0.16601	0.17382	0.09827	0.04292	0.02397	0.02679	0.01836	0.01076	0.01049	0.00318	0.01306	0.01002	0.00735	0.01584
3	0.07849	0.02777	0.14315	0.28774	0.09414	0.02412	0.02804	0.06537	0.05172	0.06843	0.02177	0.02684	0.01594	0.01081	0.01015	0.00340	0.01303	0.00900	0.00608	0.01400
4	0.02958	0.06589	0.02421	0.06488	0.02768	0.01863	0.01586	0.06322	0.09527	0.21005	0.04223	0.19158	0.03816	0.01895	0.01133	0.00361	0.00895	0.04569	0.01022	0.01400
5	0.01538	0.01025	0.01153	0.01153	0.01153	0.01025	0.00641	0.01538	0.01538	0.02050	0.03331	0.06919	0.03844	0.62842	0.05382	0.01025	0.01025	0.01538	0.00641	0.00641
6	0.01771	0.01110	0.01470	0.01565	0.01793	0.01029	0.01181	0.02090	0.02374	0.08863	0.12446	0.34219	0.10615	0.02815	0.01320	0.00412	0.00698	0.12185	0.01039	0.01005
7	0.02348	0.02237	0.03805	0.29860	0.34981	0.02441	0.03111	0.03009	0.02280	0.03127	0.01941	0.02705	0.01560	0.00992	0.01051	0.00331	0.01323	0.00941	0.00500	0.01458
8	0.01283	0.01072	0.01117	0.01106	0.01448	0.00907	0.00829	0.01581	0.02488	0.03041	0.16724	0.09871	0.49689	0.02609	0.01249	0.00354	0.00531	0.02189	0.01006	0.00907
9	0.02098	0.14418	0.02542	0.01659	0.02159	0.02148	0.01357	0.03303	0.18394	0.03821	0.25198	0.05587	0.09778	0.01720	0.01077	0.00320	0.00736	0.01439	0.00975	0.01270
10	0.01689	0.01244	0.01554	0.01628	0.01840	0.01267	0.01245	0.02355	0.09002	0.03213	0.13768	0.16817	0.06069	0.15116	0.02172	0.00546	0.00828	0.17712	0.00952	0.00982
11	0.10657	0.02313	0.02872	0.02981	0.13892	0.02436	0.02016	0.17641	0.09904	0.15079	0.03101	0.03603	0.02389	0.01331	0.01047	0.00338	0.01036	0.04796	0.00948	0.01621
12	0.02070	0.01550	0.01818	0.01731	0.02062	0.01617	0.01287	0.12767	0.09552	0.04052	0.14889	0.31458	0.06024	0.02417	0.01233	0.00378	0.00734	0.02128	0.01046	0.01187
13	0.02048	0.01713	0.02030	0.01517	0.02313	0.01324	0.01200	0.02524	0.02359	0.03611	0.13069	0.03379	0.03315	0.01070	0.00880	0.00193	0.00724	0.00894	0.00738	0.55100
14	0.07922	0.03839	0.03065	0.03319	0.14115	0.33585	0.02169	0.04182	0.11560	0.03227	0.02153	0.02390	0.01731	0.01110	0.00974	0.00299	0.01515	0.00816	0.00638	0.01390
15	0.15854	0.01395	0.01845	0.01824	0.02142	0.01440	0.05306	0.02168	0.02086	0.03270	0.04335	0.28316	0.04785	0.02911	0.05797	0.00517	0.01012	0.13157	0.00843	0.00998
16	0.01540	0.01109	0.01474	0.01458	0.01707	0.01043	0.01144	0.02036	0.02877	0.04016	0.45272	0.08736	0.09167	0.02319	0.01291	0.00365	0.00598	0.11731	0.01124	0.00993
17	0.03547	0.02125	0.02710	0.14188	0.03762	0.02268	0.01947	0.12813	0.15376	0.24661	0.03449	0.03339	0.02373	0.01280	0.01064	0.00338	0.01035	0.01050	0.01036	0.01639
18	0.02499	0.01946	0.02653	0.02103	0.02757	0.01875	0.08772	0.03637	0.16905	0.09197	0.03151	0.03918	0.02628	0.13945	0.01920	0.00442	0.01008	0.01115	0.00816	0.18712
19	0.03688	0.01554	0.02073	0.01758	0.02369	0.01397	0.01461	0.04126	0.02780	0.37687	0.04358	0.05383	0.03353	0.01632	0.01096	0.00348	0.00853	0.11047	0.11534	0.01503
20	0.02625	0.01920	0.03124	0.43245	0.10794	0.02199	0.02677	0.03261	0.02331	0.14057	0.02366	0.02963	0.01685	0.01099	0.01057	0.00344	0.01289	0.00966	0.00649	0.01350
21	0.45061	0.02351	0.02270	0.02155	0.07343	0.02646	0.01585	0.17398	0.02768	0.05179	0.01826	0.02036	0.01381	0.01061	0.00806	0.00323	0.00957	0.00715	0.00758	0.01381
22	0.01580	0.01319	0.01847	0.02420	0.12922	0.01237	0.01444	0.01903	0.02254	0.02937	0.06561	0.29937	0.21299	0.02592	0.01262	0.00386	0.00747	0.05420	0.00886	0.01047
23	0.01348	0.00975	0.01201	0.01338	0.01442	0.00908	0.00886	0.01528	0.02045	0.02691	0.09385	0.39438	0.13673	0.15497	0.02165	0.00536	0.00680	0.02514	0.00923	0.00828
24	0.02199	0.04925	0.46732	0.03314	0.04774	0.02501	0.13992	0.03356	0.02287	0.03356	0.01948	0.02361	0.01394	0.00981	0.01055	0.00339	0.01608	0.00878	0.00465	0.01534
25	0.14615	0.03050	0.08305	0.07740	0.26977	0.11460	0.02663	0.03306	0.02308	0.03426	0.01786	0.02303	0.01466	0.01046	0.01122	0.00324	0.05314	0.00820	0.00535	0.01434

[dist]
# distance from previous block
# <min> <max>
0	1

[block]
# block no. 4 follows, 13 sequences, length 9
# corresponding to MSA columns:
# 327-335
name=unknown_E
#
# <colnr> <probs for GDERKNQSTAVLIFYWHMCP>
#	G	D	E	R	K	N	Q	S	T	A	V	L	I	F	Y	W	H	M	C	P
0	0.70310	0.02045	0.01554	0.01390	0.02045	0.02372	0.01145	0.03108	0.01799	0.04744	0.01472	0.01718	0.01145	0.00981	0.00654	0.00327	0.00818	0.00573	0.00654	0.01145
1	0.01365	0.01007	0.01242	0.01377	0.01529	0.00931	0.00969	0.01598	0.02165	0.02818	0.10441	0.34922	0.17681	0.10261	0.01818	0.00483	0.00671	0.06906	0.00954	0.00861
2	0.03008	0.02680	0.02790	0.02660	0.07793	0.11809	0.01920	0.17477	0.06998	0.04013	0.02475	0.06155	0.02124	0.01641	0.01697	0.06302	0.10932	0.01040	0.05132	0.01354
3	0.07602	0.01115	0.01336	0.01358	0.01593	0.01068	0.00988	0.01886	0.02524	0.03670	0.30882	0.24861	0.12319	0.02469	0.01227	0.00365	0.00567	0.02169	0.01044	0.00957
4	0.08970	0.11625	0.07993	0.11670	0.12263	0.02508	0.02212	0.07647	0.02436	0.03606	0.01861	0.02275	0.01490	0.00953	0.00886	0.00270	0.01116	0.00756	0.00587	0.18877
5	0.26340	0.08015	0.06382	0.01765	0.02410	0.02296	0.01543	0.11104	0.02407	0.08998	0.02015	0.02403	0.01581	0.01660	0.01571	0.15833	0.00990	0.00774	0.00704	0.01211
6	0.01389	0.01000	0.01289	0.01416	0.01550	0.00936	0.00994	0.01658	0.02264	0.03047	0.17693	0.36812	0.10652	0.08629	0.01710	0.00462	0.00647	0.05976	0.00992	0.00882
7	0.20488	0.02678	0.02909	0.09401	0.03457	0.11495	0.05731	0.07780	0.02434	0.08283	0.01909	0.02328	0.01483	0.01238	0.01458	0.00351	0.13782	0.00836	0.00658	0.01300
8	0.02525	0.21658	0.08476	0.06569	0.03180	0.10503	0.05658	0.02986	0.02256	0.02855	0.05121	0.03019	0.02227	0.06699	0.01494	0.00360	0.05854	0.00910	0.06437	0.01215

[dist]
# distance from previous block
# <min> <max>
0	3

[block]
# block no. 5 follows, 13 sequences, length 38
# corresponding to MSA columns:
# 339-376
name=unknown_F
#
# <colnr> <probs for GDERKNQSTAVLIFYWHMCP>
#	G	D	E	R	K	N	Q	S	T	A	V	L	I	F	Y	W	H	M	C	P
0	0.18100	0.01446	0.01519	0.01522	0.01868	0.01541	0.01156	0.02557	0.09227	0.03532	0.07911	0.19463	0.10983	0.05666	0.04445	0.00485	0.00849	0.05790	0.00886	0.01055
1	0.02552	0.02936	0.15940	0.12812	0.10493	0.02358	0.02582	0.04061	0.18914	0.08202	0.02867	0.03041	0.02118	0.01156	0.01033	0.00331	0.01163	0.00975	0.00746	0.05721
2	0.02003	0.01490	0.01846	0.01610	0.01962	0.01517	0.04196	0.10594	0.02500	0.03404	0.04839	0.05956	0.15522	0.18986	0.10114	0.00699	0.01160	0.01463	0.09107	0.01032
3	0.02731	0.02235	0.02654	0.02201	0.02902	0.02335	0.04537	0.15694	0.21443	0.04520	0.03463	0.04373	0.02882	0.01453	0.01079	0.00327	0.00978	0.08107	0.00936	0.15150
4	0.02308	0.01947	0.02112	0.01989	0.02458	0.02205	0.01508	0.04624	0.41786	0.04009	0.04669	0.17910	0.04131	0.01885	0.01142	0.00376	0.00783	0.01630	0.01053	0.01478
5	0.01521	0.01092	0.01491	0.01491	0.01608	0.01209	0.01063	0.01755	0.01638	0.02301	0.03022	0.05206	0.03100	0.28825	0.38382	0.01443	0.02144	0.01287	0.00595	0.00829
6	0.02121	0.05469	0.57364	0.03014	0.04576	0.02455	0.03906	0.03348	0.02232	0.03348	0.01897	0.02232	0.01339	0.01005	0.01005	0.00335	0.01563	0.00781	0.00446	0.01563
7	0.04019	0.02962	0.03173	0.02433	0.03279	0.03279	0.02010	0.52721	0.04971	0.06663	0.02538	0.02538	0.01798	0.01269	0.01058	0.00317	0.01163	0.00952	0.01058	0.01798
8	0.03809	0.04805	0.03017	0.02728	0.03226	0.53846	0.02066	0.04078	0.02878	0.02584	0.01613	0.01942	0.01364	0.01155	0.01169	0.00289	0.06970	0.00702	0.00538	0.01220
9	0.01388	0.01077	0.01263	0.01216	0.01513	0.00951	0.00912	0.01785	0.02736	0.03630	0.35877	0.08901	0.30168	0.02389	0.01248	0.00343	0.00515	0.02053	0.01084	0.00951
10	0.01516	0.02033	0.14721	0.01823	0.02270	0.01261	0.01685	0.01994	0.02207	0.03066	0.11706	0.40354	0.06045	0.02601	0.01253	0.00393	0.00825	0.02322	0.00878	0.01047
11	0.01678	0.01296	0.01738	0.01587	0.01929	0.01299	0.01205	0.02022	0.01794	0.02633	0.02677	0.04088	0.02561	0.14263	0.36961	0.01230	0.02076	0.01071	0.00592	0.17301
12	0.03371	0.01803	0.02255	0.01979	0.02592	0.01801	0.01626	0.04584	0.18505	0.28067	0.04554	0.05702	0.03635	0.01734	0.01162	0.00375	0.00898	0.12636	0.01157	0.01563
13	0.01279	0.00956	0.01189	0.01376	0.01508	0.00867	0.00939	0.01483	0.02117	0.02737	0.06999	0.49682	0.18707	0.03160	0.01326	0.00412	0.00595	0.02820	0.00982	0.00867
14	0.01997	0.01879	0.03171	0.60301	0.07282	0.02349	0.02936	0.02701	0.02114	0.02701	0.01879	0.02819	0.01409	0.01057	0.01057	0.00352	0.01409	0.00940	0.00470	0.01175
15	0.01538	0.01025	0.01153	0.01153	0.01153	0.01025	0.00641	0.01538	0.01538	0.02050	0.03331	0.06919	0.03844	0.62842	0.05382	0.01025	0.01025	0.01538	0.00641	0.00641
16	0.01704	0.01217	0.01704	0.01947	0.02191	0.01217	0.01704	0.02191	0.02434	0.03164	0.05598	0.11926	0.06085	0.02921	0.01460	0.00487	0.00974	0.49130	0.00974	0.00974
17	0.01629	0.01374	0.01763	0.01610	0.01828	0.01508	0.01263	0.02004	0.02513	0.03477	0.31080	0.07144	0.19719	0.02220	0.01781	0.00370	0.15001	0.01758	0.00949	0.01009
18	0.02448	0.48505	0.04468	0.01632	0.02405	0.03394	0.01568	0.02770	0.02211	0.02576	0.03687	0.03730	0.14423	0.01330	0.00815	0.00258	0.00988	0.00965	0.00579	0.01245
19	0.02045	0.01536	0.02128	0.26222	0.04034	0.01778	0.01844	0.02934	0.08598	0.03427	0.03032	0.03991	0.02446	0.01294	0.00962	0.00321	0.00953	0.04142	0.27163	0.01149
20	0.19394	0.22372	0.03581	0.02418	0.09199	0.06639	0.01827	0.08776	0.02576	0.11296	0.02040	0.02186	0.01570	0.01035	0.00830	0.00288	0.01093	0.00732	0.00701	0.01446
21	0.01445	0.01079	0.01342	0.01276	0.01548	0.00976	0.00957	0.01895	0.02871	0.03951	0.46285	0.08374	0.19560	0.02269	0.01248	0.00338	0.00506	0.01979	0.01126	0.00976
22	0.01446	0.01042	0.01369	0.01364	0.01569	0.00964	0.00994	0.01870	0.02761	0.03870	0.43726	0.20914	0.09261	0.02438	0.01272	0.00356	0.00526	0.02175	0.01120	0.00964
23	0.53968	0.02005	0.01707	0.01433	0.02155	0.02141	0.01171	0.03001	0.01894	0.04432	0.01570	0.01832	0.01246	0.00934	0.00685	0.00286	0.00810	0.00585	0.00648	0.17498
24	0.54580	0.01986	0.01770	0.01508	0.02202	0.02176	0.01243	0.03599	0.02094	0.17276	0.02120	0.02169	0.01498	0.01060	0.00752	0.00327	0.00838	0.00690	0.00811	0.01302
25	0.19871	0.04321	0.02650	0.02404	0.02975	0.45108	0.01827	0.03955	0.02709	0.03105	0.01595	0.01861	0.01310	0.01064	0.00882	0.00286	0.01645	0.00655	0.00571	0.01206
26	0.01837	0.00918	0.01377	0.01377	0.01377	0.00918	0.00918	0.01377	0.01377	0.01837	0.01837	0.03214	0.01837	0.03673	0.04132	0.69238	0.00918	0.00918	0.00459	0.00459
27	0.01371	0.01020	0.01277	0.01331	0.01533	0.00926	0.00953	0.01709	0.02523	0.03402	0.28536	0.28183	0.17983	0.02685	0.01285	0.00373	0.00548	0.02375	0.01061	0.00926
28	0.02091	0.04608	0.44362	0.16758	0.05225	0.02430	0.03674	0.03193	0.02204	0.03193	0.01893	0.02373	0.01356	0.01017	0.01017	0.00339	0.01526	0.00819	0.00452	0.01469
29	0.01357	0.00967	0.01266	0.01413	0.01515	0.00905	0.00959	0.01603	0.02219	0.03018	0.17596	0.44851	0.07464	0.07654	0.01638	0.00452	0.00618	0.02629	0.00999	0.00875
30	0.02841	0.01914	0.02435	0.02064	0.07164	0.01539	0.01496	0.03310	0.02411	0.16290	0.02439	0.02566	0.01828	0.00923	0.00873	0.00211	0.00852	0.00758	0.00781	0.47305
31	0.03675	0.01768	0.02529	0.15835	0.03700	0.01693	0.01824	0.04166	0.02753	0.36552	0.07476	0.03658	0.02833	0.01282	0.01059	0.00323	0.00984	0.01072	0.01054	0.05766
32	0.44457	0.02267	0.02228	0.15953	0.06852	0.06737	0.01778	0.03106	0.02007	0.04004	0.01615	0.02054	0.01259	0.01005	0.00799	0.00328	0.01072	0.00693	0.00593	0.01192
33	0.11344	0.20819	0.03667	0.02558	0.09561	0.06579	0.01919	0.12787	0.06058	0.11756	0.02313	0.02401	0.01754	0.01089	0.00890	0.00292	0.01113	0.00804	0.00766	0.01529
34	0.01457	0.01082	0.01586	0.01645	0.01803	0.01211	0.01240	0.01788	0.01777	0.02513	0.03551	0.18069	0.03687	0.06822	0.44904	0.01395	0.02300	0.01582	0.00666	0.00924
35	0.02752	0.02238	0.02857	0.06209	0.06273	0.02474	0.04930	0.19413	0.12868	0.04569	0.09650	0.04285	0.03390	0.05278	0.01534	0.00393	0.04756	0.03776	0.00907	0.01448
36	0.01645	0.01444	0.02489	0.02168	0.02538	0.01347	0.13360	0.02086	0.02380	0.03212	0.15203	0.30824	0.08994	0.02439	0.01306	0.00392	0.00890	0.05339	0.00910	0.01032
37	0.01967	0.01800	0.05662	0.20425	0.03868	0.01733	0.04956	0.02722	0.05464	0.03398	0.08476	0.08714	0.03240	0.01402	0.01018	0.00318	0.00981	0.01236	0.17010	0.05611

[dist]
# distance from previous block
# <min> <max>
0	6

[block]
# block no. 6 follows, 13 sequences, length 17
# corresponding to MSA columns:
# 383-399
name=unknown_G
#
# <colnr> <probs for GDERKNQSTAVLIFYWHMCP>
#	G	D	E	R	K	N	Q	S	T	A	V	L	I	F	Y	W	H	M	C	P
0	0.02802	0.03012	0.03867	0.04245	0.23488	0.14945	0.09558	0.03318	0.02425	0.03140	0.01843	0.02398	0.01545	0.01057	0.01315	0.00308	0.08707	0.00883	0.00536	0.10607
1	0.02507	0.02836	0.15653	0.02915	0.03805	0.02090	0.18411	0.06806	0.02644	0.09839	0.06524	0.12028	0.03240	0.01535	0.01185	0.00362	0.01289	0.04163	0.00774	0.01394
2	0.03573	0.02740	0.02922	0.02342	0.03109	0.03070	0.01902	0.37582	0.20838	0.05943	0.03106	0.02990	0.02258	0.01322	0.01064	0.00331	0.01058	0.01030	0.01064	0.01758
3	0.02045	0.01897	0.02792	0.15299	0.03571	0.02488	0.02227	0.02438	0.01855	0.02654	0.02291	0.04033	0.02228	0.02677	0.10394	0.00615	0.31117	0.07724	0.00551	0.01105
4	0.01971	0.00985	0.00985	0.00985	0.01232	0.00985	0.00739	0.02464	0.02217	0.03942	0.03449	0.03942	0.02710	0.01232	0.00739	0.00246	0.00493	0.00985	0.68712	0.00985
5	0.02569	0.16332	0.06084	0.03868	0.04901	0.03010	0.41156	0.03338	0.02418	0.03187	0.01990	0.02595	0.01549	0.00894	0.01121	0.00328	0.01638	0.01096	0.00516	0.01411
6	0.02073	0.01203	0.01507	0.01442	0.01802	0.01091	0.01089	0.02366	0.02348	0.14793	0.06897	0.21211	0.23991	0.03273	0.09291	0.00557	0.00959	0.02016	0.00996	0.01093
7	0.02543	0.04912	0.45315	0.02884	0.04288	0.02639	0.03485	0.14326	0.02841	0.04086	0.02040	0.02300	0.01441	0.01063	0.01016	0.00331	0.01474	0.00819	0.00582	0.01615
8	0.03082	0.01377	0.01743	0.01472	0.01924	0.01255	0.01119	0.03428	0.02527	0.27732	0.09932	0.04915	0.03780	0.15076	0.01979	0.00467	0.00797	0.01253	0.14861	0.01281
9	0.17597	0.21938	0.03605	0.02157	0.02593	0.03350	0.01891	0.02870	0.01830	0.03015	0.01433	0.01982	0.01324	0.01353	0.01945	0.00356	0.28308	0.00731	0.00502	0.01218
10	0.01676	0.01324	0.01543	0.01481	0.01805	0.01324	0.01109	0.02646	0.14180	0.03830	0.29650	0.14086	0.16789	0.02238	0.01222	0.00355	0.00595	0.01947	0.01088	0.01111
11	0.03167	0.02886	0.02927	0.10519	0.07026	0.18474	0.02176	0.06679	0.02658	0.11226	0.02554	0.03620	0.02165	0.01470	0.01506	0.00356	0.12020	0.06524	0.00718	0.01331
12	0.01841	0.01109	0.01544	0.01500	0.01646	0.01173	0.01073	0.01936	0.01688	0.06440	0.02845	0.04622	0.02775	0.20768	0.28193	0.16434	0.01786	0.01185	0.00619	0.00824
13	0.02872	0.25610	0.07820	0.02072	0.02843	0.02925	0.01955	0.12153	0.06137	0.07802	0.03003	0.04455	0.02703	0.01491	0.01001	0.00325	0.01098	0.11528	0.00783	0.01421
14	0.02708	0.12105	0.07342	0.10656	0.19844	0.06027	0.02628	0.03215	0.02225	0.06917	0.01897	0.02439	0.01560	0.01192	0.01523	0.00338	0.14549	0.00863	0.00547	0.01426
15	0.01391	0.01010	0.01266	0.01331	0.01489	0.00934	0.00922	0.01676	0.02360	0.03194	0.24187	0.29141	0.13595	0.10394	0.01813	0.00461	0.00615	0.02328	0.01004	0.00885
16	0.01556	0.01338	0.01658	0.01552	0.01777	0.01440	0.01206	0.01873	0.02363	0.03152	0.20528	0.11816	0.27446	0.02402	0.01750	0.00379	0.13955	0.01914	0.00916	0.00977

[dist]
# distance from previous block
# <min> <max>
0	3

[block]
# block no. 7 follows, 13 sequences, length 34
# corresponding to MSA columns:
# 403-436
name=unknown_H
#
# <colnr> <probs for GDERKNQSTAVLIFYWHMCP>
#	G	D	E	R	K	N	Q	S	T	A	V	L	I	F	Y	W	H	M	C	P
0	0.03377	0.01842	0.02314	0.01712	0.02595	0.01477	0.01393	0.03818	0.02579	0.28290	0.02943	0.02845	0.02054	0.01027	0.00913	0.00236	0.00837	0.00829	0.00943	0.37976
1	0.01992	0.09302	0.40331	0.02564	0.03732	0.02239	0.03070	0.02909	0.02178	0.03129	0.02750	0.15733	0.02619	0.01518	0.01055	0.00347	0.01312	0.01266	0.00568	0.01386
2	0.55008	0.02150	0.02173	0.02543	0.14297	0.02404	0.01620	0.03139	0.01937	0.04452	0.01589	0.01921	0.01265	0.00973	0.00743	0.00324	0.00917	0.00656	0.00625	0.01265
3	0.02537	0.11854	0.25810	0.03517	0.07955	0.02711	0.20360	0.03440	0.02373	0.06503	0.02069	0.02485	0.01534	0.00966	0.01052	0.00326	0.01521	0.00943	0.00535	0.01509
4	0.01725	0.01226	0.01893	0.14808	0.02896	0.01406	0.01513	0.01887	0.01680	0.02288	0.02336	0.03743	0.02191	0.08765	0.24785	0.22688	0.01783	0.01049	0.00516	0.00822
5	0.03691	0.02516	0.03563	0.02691	0.03532	0.02554	0.13223	0.26313	0.03735	0.18482	0.03066	0.06546	0.02282	0.01319	0.01120	0.00336	0.01202	0.01173	0.00999	0.01657
6	0.02843	0.16320	0.04316	0.08635	0.32240	0.03000	0.02702	0.11039	0.02735	0.03691	0.01951	0.02411	0.01604	0.00994	0.00966	0.00297	0.01224	0.00858	0.00588	0.01587
7	0.01989	0.01443	0.01755	0.01725	0.02016	0.01472	0.01305	0.13228	0.02894	0.03897	0.12968	0.33920	0.06181	0.02620	0.01281	0.00396	0.00764	0.08013	0.01027	0.01107
8	0.04744	0.01799	0.02454	0.01881	0.02699	0.01554	0.01554	0.05153	0.03026	0.56979	0.04171	0.03599	0.02617	0.01309	0.01063	0.00327	0.00900	0.01063	0.01309	0.01799
9	0.02192	0.01879	0.02192	0.01566	0.02506	0.01409	0.01253	0.02662	0.02192	0.03445	0.01879	0.02192	0.01566	0.00783	0.00783	0.00157	0.00783	0.00626	0.00626	0.69305
10	0.01480	0.01001	0.01170	0.01227	0.01241	0.00987	0.00719	0.01523	0.01650	0.02199	0.03906	0.19632	0.04569	0.49140	0.04453	0.00888	0.00930	0.01876	0.00719	0.00691
11	0.01837	0.01662	0.02732	0.47002	0.05983	0.02012	0.02494	0.02424	0.02094	0.02701	0.02772	0.16231	0.02672	0.01567	0.01123	0.00370	0.01229	0.01407	0.00585	0.01103
12	0.01323	0.01074	0.01173	0.01148	0.01473	0.00924	0.00861	0.01660	0.02583	0.03268	0.24094	0.09498	0.42178	0.02524	0.01249	0.00350	0.00525	0.02136	0.01036	0.00924
13	0.02135	0.01166	0.01580	0.01640	0.01901	0.01073	0.01226	0.02418	0.02316	0.15043	0.05417	0.40946	0.05860	0.02797	0.01302	0.00415	0.00735	0.09886	0.01054	0.01090
14	0.04019	0.02962	0.03173	0.02433	0.03279	0.03279	0.02010	0.52721	0.04971	0.06663	0.02538	0.02538	0.01798	0.01269	0.01058	0.00317	0.01163	0.00952	0.01058	0.01798
15	0.01467	0.01067	0.01300	0.01249	0.01459	0.00987	0.00886	0.01816	0.02571	0.03525	0.36716	0.08038	0.15864	0.15961	0.02182	0.00493	0.00624	0.01878	0.01017	0.00900
16	0.02827	0.63478	0.05540	0.01809	0.02714	0.04184	0.01809	0.03166	0.02148	0.02488	0.01470	0.01696	0.01357	0.00905	0.00678	0.00226	0.01131	0.00565	0.00452	0.01357
17	0.01250	0.01071	0.01071	0.01071	0.01428	0.00893	0.00803	0.01517	0.02410	0.02856	0.10711	0.10175	0.55817	0.02678	0.01250	0.00357	0.00536	0.02231	0.00982	0.00893
18	0.02121	0.05469	0.57364	0.03014	0.04576	0.02455	0.03906	0.03348	0.02232	0.03348	0.01897	0.02232	0.01339	0.01005	0.01005	0.00335	0.01563	0.00781	0.00446	0.01563
19	0.01971	0.00985	0.00985	0.00985	0.01232	0.00985	0.00739	0.02464	0.02217	0.03942	0.03449	0.03942	0.02710	0.01232	0.00739	0.00246	0.00493	0.00985	0.68712	0.00985
20	0.03713	0.02595	0.03036	0.02401	0.03112	0.14564	0.10839	0.04193	0.02794	0.26462	0.03111	0.03134	0.02163	0.01171	0.01021	0.00307	0.01224	0.00998	0.11690	0.01472
21	0.55325	0.02252	0.01920	0.01626	0.02324	0.02577	0.01340	0.14323	0.02516	0.05178	0.01713	0.01903	0.01293	0.01047	0.00746	0.00325	0.00896	0.00658	0.00746	0.01293
22	0.02454	0.02124	0.03172	0.47219	0.06377	0.02559	0.02727	0.14009	0.02760	0.03597	0.02028	0.02755	0.01497	0.01105	0.01057	0.00344	0.01354	0.00942	0.00603	0.01315
23	0.02506	0.02424	0.03977	0.09309	0.40830	0.02665	0.03013	0.03050	0.02209	0.03197	0.01846	0.02562	0.01592	0.01155	0.01595	0.00350	0.14751	0.00938	0.00506	0.01524
24	0.70310	0.02045	0.01554	0.01390	0.02045	0.02372	0.01145	0.03108	0.01799	0.04744	0.01472	0.01718	0.01145	0.00981	0.00654	0.00327	0.00818	0.00573	0.00654	0.01145
25	0.02324	0.15844	0.03264	0.02166	0.02410	0.02949	0.01839	0.02606	0.01828	0.02721	0.01862	0.02736	0.01753	0.05563	0.02532	0.00412	0.33856	0.00894	0.11302	0.01141
26	0.01538	0.01025	0.01153	0.01153	0.01153	0.01025	0.00641	0.01538	0.01538	0.02050	0.03331	0.06919	0.03844	0.62842	0.05382	0.01025	0.01025	0.01538	0.00641	0.00641
27	0.02192	0.01879	0.02192	0.01566	0.02506	0.01409	0.01253	0.02662	0.02192	0.03445	0.01879	0.02192	0.01566	0.00783	0.00783	0.00157	0.00783	0.00626	0.00626	0.69305
28	0.02447	0.22108	0.29426	0.02458	0.03606	0.03012	0.02774	0.03807	0.13986	0.03334	0.02313	0.02459	0.01771	0.01072	0.00923	0.00308	0.01269	0.00810	0.00590	0.01526
29	0.03855	0.01827	0.02363	0.01771	0.02632	0.01504	0.01449	0.04285	0.02736	0.38325	0.03373	0.03109	0.02251	0.01125	0.00966	0.00268	0.00859	0.00911	0.01071	0.25321
30	0.02500	0.10449	0.18226	0.04815	0.30842	0.02712	0.08996	0.03279	0.02343	0.03306	0.01922	0.02438	0.01544	0.00948	0.01016	0.00314	0.01381	0.00893	0.00497	0.01580
31	0.02142	0.02072	0.03366	0.03840	0.21444	0.02240	0.08248	0.02591	0.02178	0.03033	0.03736	0.11383	0.10868	0.01736	0.01732	0.00377	0.15641	0.01443	0.00641	0.01290
32	0.03081	0.50268	0.04965	0.02016	0.02839	0.16484	0.01862	0.03405	0.02340	0.02510	0.01507	0.01744	0.01358	0.00946	0.00741	0.00237	0.01306	0.00591	0.00473	0.01327
33	0.02038	0.01711	0.02081	0.01596	0.02366	0.01390	0.01268	0.02487	0.02081	0.03221	0.02095	0.02636	0.01810	0.02399	0.13865	0.00505	0.01246	0.00741	0.00613	0.53852

[dist]
# distance from previous block
# <min> <max>
0	104

[block]
# block no. 8 follows, 13 sequences, length 13
# corresponding to MSA columns:
# 541-553
name=unknown_I
#
# <colnr> <probs for GDERKNQSTAVLIFYWHMCP>
#	G	D	E	R	K	N	Q	S	T	A	V	L	I	F	Y	W	H	M	C	P
0	0.01435	0.01078	0.01328	0.01265	0.01542	0.00971	0.00949	0.01876	0.02847	0.03893	0.44418	0.08469	0.21464	0.02291	0.01248	0.00339	0.00508	0.01992	0.01118	0.00971
1	0.01250	0.01071	0.01071	0.01071	0.01428	0.00893	0.00803	0.01517	0.02410	0.02856	0.10711	0.10175	0.55817	0.02678	0.01250	0.00357	0.00536	0.02231	0.00982	0.00893
2	0.02496	0.02852	0.06239	0.04456	0.05526	0.02674	0.52406	0.03387	0.02496	0.03387	0.02139	0.02852	0.01604	0.00891	0.01248	0.00357	0.01783	0.01248	0.00535	0.01426
3	0.01250	0.01071	0.01071	0.01071	0.01428	0.00893	0.00803	0.01517	0.02410	0.02856	0.10711	0.10175	0.55817	0.02678	0.01250	0.00357	0.00536	0.02231	0.00982	0.00893
4	0.21174	0.01861	0.02228	0.01758	0.02535	0.01759	0.01452	0.04640	0.02719	0.43889	0.03495	0.03127	0.02248	0.01227	0.00961	0.00327	0.00879	0.00940	0.01145	0.01635
5	0.02929	0.02291	0.02424	0.02011	0.02664	0.02496	0.01612	0.26474	0.18390	0.05071	0.05089	0.04853	0.15742	0.01669	0.01111	0.00339	0.00913	0.01342	0.01044	0.01536
6	0.01773	0.01365	0.01689	0.01813	0.02074	0.01431	0.01414	0.02769	0.15280	0.03298	0.05363	0.29568	0.05724	0.02702	0.01321	0.00432	0.00798	0.19080	0.01002	0.01104
7	0.01487	0.01066	0.01321	0.01266	0.01461	0.00996	0.00893	0.01843	0.02583	0.03583	0.39056	0.07830	0.12019	0.17408	0.02283	0.00508	0.00634	0.01843	0.01019	0.00900
8	0.19803	0.02320	0.02301	0.02004	0.02654	0.02665	0.01593	0.12212	0.33601	0.04847	0.03323	0.03171	0.02486	0.01296	0.00967	0.00344	0.00882	0.01002	0.00967	0.01560
9	0.01797	0.03087	0.27562	0.02112	0.02930	0.01645	0.02325	0.02558	0.02295	0.03398	0.11328	0.18333	0.04254	0.01789	0.01094	0.00347	0.01026	0.01538	0.09354	0.01226
10	0.02321	0.02122	0.03752	0.02912	0.03550	0.02144	0.22636	0.10286	0.02561	0.03487	0.02734	0.04184	0.02441	0.09997	0.16095	0.00773	0.01811	0.04289	0.00663	0.01242
11	0.70310	0.02045	0.01554	0.01390	0.02045	0.02372	0.01145	0.03108	0.01799	0.04744	0.01472	0.01718	0.01145	0.00981	0.00654	0.00327	0.00818	0.00573	0.00654	0.01145
12	0.03288	0.10081	0.03857	0.12257	0.14353	0.02598	0.07908	0.11458	0.02899	0.17126	0.02556	0.02792	0.01841	0.01093	0.01030	0.00317	0.01219	0.00960	0.00788	0.01579

[dist]
# distance from previous block
# <min> <max>
1	4

[block]
# block no. 9 follows, 13 sequences, length 69
# corresponding to MSA columns:
# 558-626
name=unknown_J
#
# <colnr> <probs for GDERKNQSTAVLIFYWHMCP>
#	G	D	E	R	K	N	Q	S	T	A	V	L	I	F	Y	W	H	M	C	P
0	0.15379	0.13702	0.03959	0.07297	0.17443	0.02874	0.09120	0.07146	0.06795	0.03783	0.02046	0.02430	0.01629	0.01009	0.00937	0.00313	0.01191	0.00867	0.00620	0.01459
1	0.02263	0.01726	0.02069	0.01547	0.02350	0.01345	0.01229	0.02734	0.02405	0.07772	0.11996	0.03356	0.03201	0.01079	0.00891	0.00202	0.00740	0.00898	0.00779	0.51420
2	0.02302	0.02106	0.11907	0.01736	0.02397	0.01442	0.01633	0.02963	0.05634	0.15215	0.12651	0.10425	0.21366	0.01972	0.01160	0.00349	0.00825	0.01659	0.00984	0.01275
3	0.01565	0.01305	0.01637	0.01511	0.01750	0.01377	0.01176	0.01938	0.02545	0.03467	0.30710	0.07624	0.23628	0.02276	0.01658	0.00365	0.11667	0.01836	0.00974	0.00992
4	0.02204	0.02091	0.03545	0.42328	0.23636	0.02404	0.03039	0.02883	0.02212	0.02953	0.01916	0.02751	0.01498	0.01019	0.01054	0.00340	0.01358	0.00940	0.00488	0.01342
5	0.03911	0.03459	0.02861	0.02453	0.02988	0.29413	0.01930	0.04222	0.02752	0.20659	0.02432	0.02544	0.01784	0.01303	0.01455	0.00326	0.12468	0.00853	0.00784	0.01404
6	0.01354	0.01075	0.01216	0.01181	0.01492	0.00937	0.00886	0.01720	0.02658	0.03444	0.29817	0.09208	0.36344	0.02458	0.01249	0.00347	0.00520	0.02096	0.01059	0.00937
7	0.01717	0.01082	0.01494	0.01611	0.01729	0.01082	0.01246	0.01800	0.01917	0.02517	0.03929	0.08106	0.04259	0.14237	0.03073	0.23439	0.00965	0.24315	0.00741	0.00741
8	0.02421	0.02051	0.02210	0.02000	0.02533	0.02328	0.01549	0.04949	0.44854	0.04389	0.13793	0.04675	0.04474	0.01569	0.01107	0.00354	0.00774	0.01328	0.01092	0.01549
9	0.01288	0.00920	0.01227	0.01472	0.01534	0.00859	0.00981	0.01472	0.02024	0.02699	0.05828	0.62152	0.06993	0.03312	0.01350	0.00429	0.00613	0.03006	0.00981	0.00859
10	0.29104	0.27041	0.03635	0.07115	0.09208	0.03123	0.01815	0.03114	0.02040	0.03502	0.01567	0.01908	0.01316	0.00952	0.00745	0.00287	0.01047	0.00644	0.00541	0.01297
11	0.15597	0.07595	0.02755	0.02074	0.02788	0.02924	0.01697	0.20263	0.24200	0.05048	0.02969	0.02887	0.02221	0.01253	0.00959	0.00328	0.00964	0.00948	0.00940	0.01590
12	0.01971	0.00985	0.00985	0.00985	0.01232	0.00985	0.00739	0.02464	0.02217	0.03942	0.03449	0.03942	0.02710	0.01232	0.00739	0.00246	0.00493	0.00985	0.68712	0.00985
13	0.04549	0.02112	0.02647	0.02029	0.02855	0.02017	0.01676	0.17933	0.03549	0.43461	0.03733	0.03314	0.02397	0.01298	0.01062	0.00325	0.00971	0.01033	0.01241	0.01799
14	0.02980	0.02229	0.02534	0.01874	0.02774	0.02034	0.01524	0.19280	0.03166	0.08453	0.02265	0.02410	0.01720	0.00981	0.00894	0.00222	0.00917	0.00766	0.00818	0.42162
15	0.01295	0.01073	0.01134	0.01119	0.01456	0.00912	0.00839	0.01606	0.02518	0.03112	0.19017	0.09755	0.47352	0.02582	0.01249	0.00353	0.00529	0.02172	0.01015	0.00912
16	0.02113	0.01503	0.01798	0.01626	0.02029	0.01540	0.01250	0.03361	0.18589	0.08725	0.35756	0.06336	0.07309	0.01869	0.01180	0.00340	0.00635	0.01623	0.01149	0.01270
17	0.70310	0.02045	0.01554	0.01390	0.02045	0.02372	0.01145	0.03108	0.01799	0.04744	0.01472	0.01718	0.01145	0.00981	0.00654	0.00327	0.00818	0.00573	0.00654	0.01145
18	0.04744	0.01799	0.02454	0.01881	0.02699	0.01554	0.01554	0.05153	0.03026	0.56979	0.04171	0.03599	0.02617	0.01309	0.01063	0.00327	0.00900	0.01063	0.01309	0.01799
19	0.02396	0.19753	0.33923	0.02546	0.03761	0.02931	0.02956	0.03721	0.11833	0.03326	0.02232	0.02411	0.01693	0.01058	0.00934	0.00311	0.01318	0.00802	0.00564	0.01530
20	0.01496	0.01081	0.01413	0.01330	0.01580	0.00998	0.00998	0.01995	0.02993	0.04240	0.55689	0.07898	0.09976	0.02162	0.01247	0.00333	0.00499	0.01912	0.01164	0.00998
21	0.01779	0.01442	0.02062	0.02324	0.06237	0.01597	0.01748	0.02152	0.02176	0.02953	0.04605	0.22323	0.05115	0.02673	0.01772	0.00454	0.11971	0.24739	0.00847	0.01031
22	0.03553	0.02614	0.02848	0.02229	0.02965	0.02858	0.01823	0.43353	0.04606	0.06216	0.12354	0.03528	0.03308	0.01434	0.01093	0.00320	0.01041	0.01129	0.01077	0.01650
23	0.01618	0.01018	0.01122	0.01122	0.01168	0.01018	0.00659	0.01709	0.01663	0.02399	0.03353	0.06369	0.03635	0.51464	0.04524	0.00881	0.00927	0.01436	0.13212	0.00704
24	0.02891	0.20221	0.11703	0.07579	0.13798	0.16991	0.02522	0.03592	0.05732	0.02961	0.01883	0.02231	0.01540	0.01018	0.00919	0.00288	0.01413	0.00766	0.00529	0.01421
25	0.03112	0.43462	0.04794	0.02372	0.06811	0.14039	0.01974	0.07236	0.02544	0.02903	0.01622	0.01869	0.01416	0.00970	0.00786	0.00248	0.01286	0.00645	0.00522	0.01391
26	0.02121	0.05469	0.57364	0.03014	0.04576	0.02455	0.03906	0.03348	0.02232	0.03348	0.01897	0.02232	0.01339	0.01005	0.01005	0.00335	0.01563	0.00781	0.00446	0.01563
27	0.02528	0.02263	0.07299	0.36581	0.16527	0.02276	0.02873	0.03213	0.02314	0.10699	0.02232	0.02846	0.01632	0.01066	0.01052	0.00340	0.01316	0.00946	0.00600	0.01396
