[name]
unknown

[dist]
# distance from previous block
# <min> <max>
5	75

[block]
# block no. 0 follows, 13 sequences, length 71
# corresponding to MSA columns:
# 80-150
name=unknown_A
#
# <colnr> <probs for GDERKNQSTAVLIFYWHMCP>
#	G	D	E	R	K	N	Q	S	T	A	V	L	I	F	Y	W	H	M	C	P
0	0.02082	0.01678	0.02197	0.15659	0.03373	0.01766	0.01679	0.09652	0.05907	0.03620	0.08046	0.22597	0.04165	0.01906	0.01132	0.00344	0.00911	0.01673	0.00842	0.10772
1	0.12658	0.01869	0.02175	0.02056	0.06941	0.01785	0.01457	0.06422	0.07023	0.09245	0.03500	0.11144	0.06500	0.01450	0.00970	0.00293	0.00830	0.01201	0.00834	0.21647
2	0.02153	0.02168	0.01837	0.01800	0.02111	0.16898	0.01366	0.02525	0.02732	0.03308	0.23258	0.14845	0.10100	0.02176	0.01210	0.00353	0.00972	0.08230	0.00927	0.01029
3	0.03011	0.16301	0.03350	0.02444	0.07383	0.02923	0.01857	0.08966	0.28359	0.09441	0.03287	0.03157	0.02478	0.01244	0.00980	0.00318	0.00975	0.00995	0.00908	0.01625
4	0.16045	0.01714	0.02046	0.01703	0.02295	0.01708	0.01362	0.06986	0.02613	0.27723	0.06955	0.03823	0.02910	0.07131	0.09764	0.00583	0.01166	0.01072	0.00997	0.01403
5	0.06949	0.10485	0.14829	0.02074	0.02783	0.02042	0.05572	0.02733	0.06039	0.03313	0.09179	0.17696	0.08506	0.01822	0.01087	0.00347	0.00992	0.01569	0.00761	0.01220
6	0.07814	0.02295	0.03631	0.04467	0.30828	0.02284	0.06876	0.07031	0.02706	0.11395	0.07775	0.03242	0.02616	0.01140	0.01059	0.00323	0.01137	0.01059	0.00749	0.01572
7	0.09026	0.02158	0.02971	0.11060	0.07731	0.02323	0.05673	0.14316	0.02965	0.14156	0.06290	0.06873	0.02666	0.01398	0.01239	0.00346	0.05340	0.01152	0.00863	0.01453
8	0.70310	0.02045	0.01554	0.01390	0.02045	0.02372	0.01145	0.03108	0.01799	0.04744	0.01472	0.01718	0.01145	0.00981	0.00654	0.00327	0.00818	0.00573	0.00654	0.01145
9	0.02390	0.02079	0.02450	0.02215	0.07341	0.01954	0.01583	0.03796	0.21297	0.03804	0.02776	0.02871	0.02184	0.01036	0.00913	0.00244	0.00844	0.00863	0.00782	0.38578
10	0.70310	0.02045	0.01554	0.01390	0.02045	0.02372	0.01145	0.03108	0.01799	0.04744	0.01472	0.01718	0.01145	0.00981	0.00654	0.00327	0.00818	0.00573	0.00654	0.01145
11	0.70310	0.02045	0.01554	0.01390	0.02045	0.02372	0.01145	0.03108	0.01799	0.04744	0.01472	0.01718	0.01145	0.00981	0.00654	0.00327	0.00818	0.00573	0.00654	0.01145
12	0.01997	0.01879	0.03171	0.60301	0.07282	0.02349	0.02936	0.02701	0.02114	0.02701	0.01879	0.02819	0.01409	0.01057	0.01057	0.00352	0.01409	0.00940	0.00470	0.01175
13	0.04019	0.02962	0.03173	0.02433	0.03279	0.03279	0.02010	0.52721	0.04971	0.06663	0.02538	0.02538	0.01798	0.01269	0.01058	0.00317	0.01163	0.00952	0.01058	0.01798
14	0.04019	0.02962	0.03173	0.02433	0.03279	0.03279	0.02010	0.52721	0.04971	0.06663	0.02538	0.02538	0.01798	0.01269	0.01058	0.00317	0.01163	0.00952	0.01058	0.01798
15	0.01776	0.01148	0.01426	0.01330	0.01623	0.01059	0.00984	0.02133	0.02554	0.08834	0.28457	0.07556	0.18432	0.11194	0.06342	0.00543	0.00806	0.01786	0.01015	0.01000
16	0.04019	0.02962	0.03173	0.02433	0.03279	0.03279	0.02010	0.52721	0.04971	0.06663	0.02538	0.02538	0.01798	0.01269	0.01058	0.00317	0.01163	0.00952	0.01058	0.01798
17	0.70310	0.02045	0.01554	0.01390	0.02045	0.02372	0.01145	0.03108	0.01799	0.04744	0.01472	0.01718	0.01145	0.00981	0.00654	0.00327	0.00818	0.00573	0.00654	0.01145
18	0.01366	0.01070	0.01243	0.01259	0.01543	0.00947	0.00950	0.01715	0.02559	0.03305	0.24208	0.14864	0.32551	0.02595	0.01274	0.00366	0.00564	0.05655	0.01039	0.00929
19	0.02466	0.02099	0.02249	0.02033	0.02580	0.02394	0.01576	0.05094	0.46912	0.04396	0.11734	0.04516	0.04203	0.01540	0.01101	0.00355	0.00788	0.01299	0.01089	0.01576
20	0.04247	0.01855	0.02352	0.01836	0.02577	0.01726	0.01506	0.11732	0.03197	0.42150	0.03831	0.03492	0.02510	0.01292	0.01017	0.00314	0.00881	0.01036	0.10763	0.01685
21	0.02797	0.02234	0.02396	0.02130	0.02745	0.02545	0.01664	0.05582	0.50286	0.08571	0.04293	0.03917	0.03179	0.01425	0.01075	0.00356	0.00842	0.01185	0.01094	0.01683
22	0.01438	0.01078	0.01332	0.01269	0.01544	0.00973	0.00951	0.01882	0.02854	0.03911	0.44982	0.08440	0.20889	0.02284	0.01248	0.00338	0.00508	0.01988	0.01121	0.00973
23	0.01538	0.01025	0.01153	0.01153	0.01153	0.01025	0.00641	0.01538	0.01538	0.02050	0.03331	0.06919	0.03844	0.62842	0.05382	0.01025	0.01025	0.01538	0.00641	0.00641
24	0.70310	0.02045	0.01554	0.01390	0.02045	0.02372	0.01145	0.03108	0.01799	0.04744	0.01472	0.01718	0.01145	0.00981	0.00654	0.00327	0.00818	0.00573	0.00654	0.01145
25	0.10251	0.01983	0.02148	0.01742	0.02368	0.02080	0.01414	0.21365	0.03346	0.16189	0.03069	0.03133	0.02200	0.01236	0.00915	0.00297	0.00855	0.00948	0.22991	0.01469
26	0.03342	0.03006	0.02757	0.02336	0.02980	0.14408	0.01848	0.23634	0.18709	0.04729	0.02898	0.02984	0.02213	0.01958	0.06900	0.00461	0.01392	0.00985	0.00906	0.01555
27	0.70310	0.02045	0.01554	0.01390	0.02045	0.02372	0.01145	0.03108	0.01799	0.04744	0.01472	0.01718	0.01145	0.00981	0.00654	0.00327	0.00818	0.00573	0.00654	0.01145
28	0.01536	0.01033	0.01193	0.01193	0.01207	0.01047	0.00691	0.01563	0.01549	0.02080	0.03295	0.06716	0.03756	0.58800	0.09303	0.01075	0.01158	0.01508	0.00635	0.00663
29	0.01314	0.00959	0.01238	0.01411	0.01529	0.00882	0.00966	0.01552	0.02204	0.02938	0.13534	0.49020	0.12391	0.03081	0.01325	0.00408	0.00589	0.02769	0.01008	0.00882
30	0.65454	0.02027	0.01621	0.01427	0.02093	0.02311	0.01175	0.03259	0.01890	0.08613	0.01672	0.01857	0.01254	0.01006	0.00685	0.00327	0.00824	0.00609	0.00703	0.01194
31	0.02624	0.02215	0.03172	0.42365	0.06041	0.02637	0.02649	0.18205	0.03000	0.03929	0.02084	0.02732	0.01530	0.01123	0.01057	0.00341	0.01333	0.00943	0.00652	0.01368
32	0.01510	0.01133	0.01699	0.01699	0.01888	0.01322	0.01322	0.01888	0.01699	0.02454	0.02832	0.04154	0.02643	0.07930	0.58652	0.01699	0.02832	0.01133	0.00566	0.00944
33	0.01377	0.01076	0.01248	0.01205	0.01506	0.00947	0.00904	0.01764	0.02711	0.03570	0.33908	0.09001	0.32175	0.02412	0.01248	0.00344	0.00517	0.02067	0.01076	0.00947
34	0.02353	0.01339	0.01733	0.01522	0.01932	0.01250	0.01180	0.03013	0.06771	0.16808	0.39652	0.06584	0.07729	0.01905	0.01191	0.00333	0.00619	0.01657	0.01192	0.01238
35	0.03591	0.04462	0.03317	0.02884	0.03399	0.45863	0.06529	0.03912	0.02758	0.02652	0.01644	0.02047	0.01387	0.01179	0.01334	0.00307	0.10204	0.00765	0.00532	0.01234
36	0.03049	0.09128	0.14552	0.02486	0.03171	0.02778	0.02388	0.07821	0.02428	0.15901	0.02260	0.02556	0.01701	0.01399	0.01892	0.00367	0.23049	0.00894	0.00710	0.01470
37	0.01309	0.00976	0.01218	0.01363	0.01517	0.00886	0.00944	0.01556	0.02246	0.02951	0.13935	0.42953	0.18272	0.03009	0.01313	0.00400	0.00580	0.02680	0.01007	0.00886
38	0.30822	0.01897	0.02096	0.01686	0.02439	0.01879	0.01391	0.04339	0.02538	0.36203	0.03098	0.02851	0.02032	0.01179	0.00901	0.00327	0.00867	0.00868	0.01048	0.01539
39	0.02663	0.02734	0.03820	0.19260	0.36181	0.10869	0.02988	0.03257	0.02423	0.03138	0.01909	0.02561	0.01562	0.00993	0.01035	0.00317	0.01392	0.00902	0.00513	0.01484
40	0.02801	0.02447	0.02964	0.16186	0.04039	0.06900	0.06320	0.17556	0.10889	0.04248	0.03326	0.03567	0.06704	0.01318	0.01063	0.00330	0.01182	0.01105	0.05638	0.01416
41	0.70310	0.02045	0.01554	0.01390	0.02045	0.02372	0.01145	0.03108	0.01799	0.04744	0.01472	0.01718	0.01145	0.00981	0.00654	0.00327	0.00818	0.00573	0.00654	0.01145
42	0.13645	0.02590	0.02670	0.02125	0.02868	0.02885	0.01739	0.36804	0.08498	0.05943	0.02611	0.02660	0.01904	0.01237	0.00971	0.00316	0.01024	0.00919	0.06974	0.01618
43	0.02358	0.02542	0.05197	0.20986	0.09727	0.02567	0.34322	0.03175	0.02377	0.03191	0.02052	0.02825	0.01552	0.00944	0.01177	0.00352	0.01635	0.01135	0.00515	0.01370
44	0.01481	0.01081	0.01418	0.01515	0.01729	0.01017	0.01177	0.01878	0.02543	0.03424	0.24864	0.22201	0.12812	0.02706	0.01333	0.00402	0.00666	0.15761	0.01047	0.00947
45	0.01409	0.01065	0.01300	0.01267	0.01532	0.00957	0.00941	0.01817	0.02749	0.03721	0.38840	0.12834	0.22901	0.02401	0.01256	0.00347	0.00518	0.02090	0.01097	0.00957
46	0.01483	0.00985	0.01185	0.01278	0.01434	0.00926	0.00885	0.01775	0.02220	0.03171	0.13832	0.30919	0.11282	0.07882	0.01551	0.00421	0.00598	0.02196	0.15085	0.00892
47	0.02192	0.01879	0.02192	0.01566	0.02506	0.01409	0.01253	0.02662	0.02192	0.03445	0.01879	0.02192	0.01566	0.00783	0.00783	0.00157	0.00783	0.00626	0.00626	0.69305
48	0.02267	0.02038	0.02205	0.02015	0.02321	0.06253	0.01534	0.03566	0.22542	0.03172	0.03193	0.04182	0.02825	0.15304	0.11572	0.00723	0.11123	0.01175	0.00765	0.01224
49	0.01997	0.01879	0.03171	0.60301	0.07282	0.02349	0.02936	0.02701	0.02114	0.02701	0.01879	0.02819	0.01409	0.01057	0.01057	0.00352	0.01409	0.00940	0.00470	0.01175
50	0.02682	0.01557	0.01778	0.06478	0.02328	0.01638	0.01275	0.13223	0.02864	0.09797	0.03198	0.03518	0.02399	0.01232	0.00866	0.00278	0.00753	0.00982	0.41900	0.01254
51	0.12945	0.22373	0.03447	0.02011	0.02749	0.07258	0.01716	0.11245	0.18747	0.04037	0.02517	0.02535	0.01970	0.01147	0.00874	0.00299	0.01055	0.00827	0.00771	0.01479
52	0.02393	0.27811	0.37404	0.02550	0.03859	0.03121	0.03099	0.03278	0.02200	0.03017	0.01733	0.02026	0.01346	0.00966	0.00879	0.00293	0.01396	0.00698	0.00449	0.01483
53	0.03189	0.03807	0.02511	0.02370	0.02798	0.40022	0.01751	0.03645	0.06639	0.02754	0.02878	0.17024	0.02902	0.01668	0.01061	0.00318	0.01505	0.01297	0.00693	0.01168
54	0.02898	0.31347	0.15571	0.02623	0.08550	0.03194	0.02394	0.03454	0.02279	0.10741	0.02000	0.02228	0.01572	0.01063	0.01060	0.00291	0.05918	0.00750	0.00584	0.01481
55	0.02401	0.01569	0.02356	0.19069	0.07504	0.01620	0.01846	0.02951	0.02700	0.14714	0.25274	0.05129	0.05328	0.01571	0.01138	0.00336	0.00904	0.01380	0.00944	0.01266
56	0.02331	0.02512	0.05295	0.03934	0.04831	0.02370	0.41849	0.03138	0.02483	0.03340	0.02859	0.04742	0.02537	0.01314	0.01292	0.00384	0.01614	0.11218	0.00626	0.01332
57	0.02244	0.02212	0.03106	0.02683	0.02700	0.03074	0.02228	0.02488	0.01626	0.02537	0.01512	0.02471	0.01496	0.02373	0.08215	0.00569	0.55913	0.00943	0.00472	0.01138
58	0.01284	0.00935	0.01211	0.01431	0.01523	0.00862	0.00963	0.01477	0.02064	0.02715	0.06324	0.56865	0.11959	0.03248	0.01339	0.00422	0.00606	0.02927	0.00982	0.00862
59	0.02353	0.02243	0.03815	0.29400	0.35400	0.02443	0.03114	0.03014	0.02283	0.03134	0.01942	0.02703	0.01562	0.00991	0.01051	0.00330	0.01321	0.00941	0.00501	0.01462
60	0.02094	0.02006	0.03528	0.02670	0.03385	0.01854	0.21446	0.02932	0.06546	0.03783	0.21600	0.04647	0.04744	0.01373	0.01157	0.00315	0.01080	0.01380	0.00818	0.12643
61	0.01704	0.01217	0.01704	0.01947	0.02191	0.01217	0.01704	0.02191	0.02434	0.03164	0.05598	0.11926	0.06085	0.02921	0.01460	0.00487	0.00974	0.49130	0.00974	0.00974
62	0.70310	0.02045	0.01554	0.01390	0.02045	0.02372	0.01145	0.03108	0.01799	0.04744	0.01472	0.01718	0.01145	0.00981	0.00654	0.00327	0.00818	0.00573	0.00654	0.01145
63	0.02827	0.63478	0.05540	0.01809	0.02714	0.04184	0.01809	0.03166	0.02148	0.02488	0.01470	0.01696	0.01357	0.00905	0.00678	0.00226	0.01131	0.00565	0.00452	0.01357
64	0.01288	0.00920	0.01227	0.01472	0.01534	0.00859	0.00981	0.01472	0.02024	0.02699	0.05828	0.62152	0.06993	0.03312	0.01350	0.00429	0.00613	0.03006	0.00981	0.00859
65	0.70310	0.02045	0.01554	0.01390	0.02045	0.02372	0.01145	0.03108	0.01799	0.04744	0.01472	0.01718	0.01145	0.00981	0.00654	0.00327	0.00818	0.00573	0.00654	0.01145
66	0.02496	0.02852	0.06239	0.04456	0.05526	0.02674	0.52406	0.03387	0.02496	0.03387	0.02139	0.02852	0.01604	0.00891	0.01248	0.00357	0.01783	0.01248	0.00535	0.01426
67	0.01326	0.01074	0.01177	0.01151	0.01475	0.00925	0.00863	0.01665	0.02590	0.03284	0.24616	0.09471	0.41646	0.02518	0.01249	0.00349	0.00524	0.02133	0.01038	0.00925
68	0.01482	0.01073	0.01424	0.01372	0.01603	0.01015	0.01024	0.01948	0.02811	0.03973	0.47482	0.11560	0.09127	0.02742	0.06190	0.00457	0.00708	0.01925	0.01099	0.00983
69	0.01969	0.06298	0.03329	0.02585	0.03049	0.01934	0.16999	0.02438	0.02196	0.02927	0.03748	0.17649	0.03987	0.08251	0.01860	0.00469	0.05518	0.12968	0.00732	0.01096
70	0.01438	0.00989	0.01324	0.01495	0.01593	0.00945	0.01058	0.01630	0.02090	0.02800	0.10325	0.39718	0.06469	0.07867	0.01913	0.06391	0.00714	0.09476	0.00927	0.00838

[dist]
# distance from previous block
# <min> <max>
0	1

[block]
# block no. 1 follows, 13 sequences, length 53
# corresponding to MSA columns:
# 152-204
name=unknown_B
#
# <colnr> <probs for GDERKNQSTAVLIFYWHMCP>
#	G	D	E	R	K	N	Q	S	T	A	V	L	I	F	Y	W	H	M	C	P
0	0.08127	0.32003	0.18747	0.02274	0.03269	0.13818	0.02368	0.03410	0.02303	0.02915	0.01617	0.01882	0.01337	0.00972	0.00816	0.00272	0.01369	0.00646	0.00484	0.01371
1	0.01462	0.01020	0.01294	0.01363	0.01421	0.01044	0.00886	0.01597	0.01709	0.02321	0.03919	0.21740	0.04459	0.34104	0.16000	0.01007	0.01308	0.01858	0.00719	0.00768
2	0.08407	0.21216	0.03742	0.02525	0.07119	0.17886	0.01958	0.14192	0.03037	0.07775	0.01987	0.02150	0.01558	0.01070	0.00888	0.00280	0.01312	0.00746	0.00691	0.01460
3	0.01371	0.01157	0.01222	0.01181	0.01584	0.00964	0.00910	0.01673	0.02391	0.02934	0.09515	0.09554	0.47150	0.02518	0.01221	0.00348	0.00590	0.05463	0.00948	0.07306
4	0.02150	0.01961	0.03171	0.55916	0.06979	0.02420	0.02866	0.06491	0.02331	0.03002	0.01929	0.02798	0.01439	0.01073	0.01057	0.00350	0.01391	0.00941	0.00514	0.01222
5	0.02982	0.55420	0.05190	0.01935	0.02790	0.11687	0.01841	0.03312	0.02265	0.02501	0.01493	0.01725	0.01358	0.00930	0.00716	0.00233	0.01238	0.00581	0.00465	0.01339
6	0.02669	0.36936	0.25642	0.02285	0.03442	0.03344	0.02615	0.03361	0.02236	0.06206	0.01805	0.02024	0.01428	0.00969	0.00830	0.00275	0.01285	0.00681	0.00503	0.01465
7	0.07889	0.21915	0.22614	0.02342	0.03418	0.03134	0.02514	0.12351	0.07594	0.03892	0.02079	0.02249	0.01591	0.01061	0.00896	0.00301	0.01236	0.00770	0.00633	0.01522
8	0.03599	0.06620	0.02953	0.02152	0.02789	0.02125	0.04869	0.04200	0.06419	0.31764	0.08266	0.03629	0.02997	0.01429	0.01456	0.00346	0.10703	0.01104	0.01026	0.01552
9	0.01334	0.01079	0.01213	0.01193	0.01508	0.00958	0.00899	0.01668	0.02485	0.03155	0.20912	0.09058	0.39689	0.03044	0.06625	0.00477	0.00742	0.02051	0.00987	0.00923
10	0.02375	0.02265	0.03854	0.27511	0.37119	0.02448	0.03124	0.03033	0.02293	0.03160	0.01946	0.02696	0.01571	0.00987	0.01051	0.00329	0.01316	0.00941	0.00502	0.01479
11	0.01978	0.08275	0.08123	0.27900	0.04685	0.02319	0.02407	0.02566	0.01973	0.02659	0.02074	0.02992	0.01748	0.03056	0.17611	0.00730	0.06309	0.00941	0.00493	0.01163
12	0.04744	0.01799	0.02454	0.01881	0.02699	0.01554	0.01554	0.05153	0.03026	0.56979	0.04171	0.03599	0.02617	0.01309	0.01063	0.00327	0.00900	0.01063	0.01309	0.01799
13	0.01339	0.01075	0.01195	0.01165	0.01483	0.00930	0.00873	0.01690	0.02620	0.03355	0.26938	0.09354	0.39279	0.02492	0.01249	0.00348	0.00522	0.02116	0.01048	0.00930
14	0.03192	0.03821	0.22837	0.03053	0.09109	0.02904	0.02819	0.29900	0.03724	0.05143	0.02252	0.02436	0.01620	0.01141	0.01037	0.00323	0.01317	0.00889	0.00783	0.01701
15	0.01997	0.01879	0.03171	0.60301	0.07282	0.02349	0.02936	0.02701	0.02114	0.02701	0.01879	0.02819	0.01409	0.01057	0.01057	0.00352	0.01409	0.00940	0.00470	0.01175
16	0.04071	0.02878	0.03121	0.02393	0.03237	0.03154	0.01977	0.49291	0.04831	0.10291	0.02656	0.02615	0.01857	0.01272	0.01058	0.00318	0.01144	0.00960	0.01076	0.01798
17	0.03950	0.05039	0.02996	0.02724	0.03269	0.58597	0.02043	0.04222	0.02996	0.02588	0.01634	0.01907	0.01362	0.01090	0.00953	0.00272	0.01907	0.00681	0.00545	0.01226
18	0.01480	0.01068	0.01398	0.01341	0.01576	0.00987	0.00996	0.01954	0.02916	0.04117	0.51717	0.12219	0.09739	0.02253	0.01255	0.00340	0.00508	0.01999	0.01149	0.00987
19	0.01437	0.01078	0.01331	0.01268	0.01543	0.00972	0.00951	0.01880	0.02853	0.03907	0.44860	0.08446	0.21013	0.02286	0.01248	0.00338	0.00508	0.01989	0.01120	0.00972
20	0.01320	0.01074	0.01168	0.01144	0.01471	0.00922	0.00858	0.01653	0.02575	0.03248	0.23447	0.09530	0.42836	0.02532	0.01249	0.00350	0.00525	0.02141	0.01033	0.00922
21	0.03950	0.05039	0.02996	0.02724	0.03269	0.58597	0.02043	0.04222	0.02996	0.02588	0.01634	0.01907	0.01362	0.01090	0.00953	0.00272	0.01907	0.00681	0.00545	0.01226
22	0.01605	0.01061	0.01384	0.01579	0.01756	0.01039	0.01244	0.01981	0.02240	0.03150	0.05250	0.28789	0.05740	0.02725	0.01275	0.00417	0.00744	0.22486	0.14601	0.00934
23	0.01548	0.01187	0.01433	0.01376	0.01666	0.01132	0.01028	0.02231	0.08005	0.03877	0.38119	0.12171	0.17689	0.02275	0.01238	0.00347	0.00549	0.01985	0.01106	0.01035
24	0.70310	0.02045	0.01554	0.01390	0.02045	0.02372	0.01145	0.03108	0.01799	0.04744	0.01472	0.01718	0.01145	0.00981	0.00654	0.00327	0.00818	0.00573	0.00654	0.01145
25	0.02529	0.01802	0.02845	0.23211	0.04440	0.01928	0.06866	0.06413	0.02561	0.12539	0.03494	0.10776	0.03170	0.01703	0.01187	0.00381	0.01171	0.10893	0.00815	0.01277
26	0.07834	0.15187	0.23006	0.19513	0.04682	0.02692	0.02829	0.03227	0.02201	0.06799	0.01932	0.02354	0.01436	0.01020	0.00933	0.00318	0.01328	0.00789	0.00531	0.01391
27	0.02040	0.01676	0.02916	0.02733	0.08098	0.01655	0.13712	0.02473	0.06892	0.02794	0.02961	0.14989	0.02933	0.02438	0.02272	0.25217	0.01093	0.01447	0.00647	0.01012
28	0.02196	0.04943	0.47081	0.03304	0.04767	0.02499	0.13661	0.03356	0.02285	0.03356	0.01946	0.02357	0.01393	0.00982	0.01053	0.00339	0.01607	0.00875	0.00464	0.01535
29	0.02630	0.02271	0.02391	0.02152	0.02749	0.02630	0.01674	0.05618	0.54336	0.04423	0.04303	0.03945	0.03228	0.01434	0.01076	0.00359	0.00837	0.01195	0.01076	0.01674
30	0.01925	0.01452	0.02318	0.23150	0.07871	0.01622	0.01996	0.02176	0.01954	0.02563	0.02689	0.04938	0.02602	0.02356	0.02201	0.24041	0.01133	0.11508	0.00581	0.00923
31	0.03950	0.05039	0.02996	0.02724	0.03269	0.58597	0.02043	0.04222	0.02996	0.02588	0.01634	0.01907	0.01362	0.01090	0.00953	0.00272	0.01907	0.00681	0.00545	0.01226
32	0.01591	0.01030	0.01331	0.01331	0.01376	0.01075	0.00861	0.01590	0.01545	0.02105	0.02910	0.05504	0.03149	0.37638	0.18036	0.14908	0.01441	0.01315	0.00586	0.00678
33	0.15279	0.02729	0.03075	0.02916	0.11728	0.02996	0.02062	0.36031	0.04002	0.05806	0.02264	0.02409	0.01665	0.01166	0.00986	0.00318	0.01119	0.00885	0.00900	0.01665
34	0.01535	0.01035	0.01205	0.01205	0.01223	0.01053	0.00705	0.01571	0.01553	0.02088	0.03284	0.06658	0.03730	0.57648	0.10420	0.01089	0.01196	0.01499	0.00634	0.00669
35	0.02222	0.09730	0.48339	0.03245	0.09270	0.02596	0.03680	0.03324	0.02242	0.03291	0.01873	0.02226	0.01372	0.00991	0.00983	0.00324	0.01500	0.00779	0.00454	0.01557
36	0.02589	0.43937	0.22998	0.02215	0.03341	0.03601	0.02516	0.03227	0.02177	0.02778	0.01614	0.01877	0.01351	0.00938	0.00788	0.00263	0.01276	0.00638	0.00450	0.01426
37	0.01496	0.01081	0.01413	0.01330	0.01580	0.00998	0.00998	0.01995	0.02993	0.04240	0.55689	0.07898	0.09976	0.02162	0.01247	0.00333	0.00499	0.01912	0.01164	0.00998
38	0.02432	0.02511	0.03221	0.02772	0.02812	0.07258	0.02294	0.02666	0.01719	0.02548	0.01406	0.02284	0.01386	0.01795	0.03287	0.00449	0.56623	0.00908	0.00469	0.01162
39	0.01733	0.01376	0.01737	0.10219	0.02550	0.01384	0.01324	0.06750	0.02865	0.03805	0.28490	0.07340	0.22267	0.02073	0.01201	0.00342	0.00710	0.01775	0.00993	0.01067
40	0.02582	0.36689	0.20892	0.02228	0.03288	0.03426	0.02429	0.03586	0.09918	0.03038	0.02021	0.02193	0.01629	0.01014	0.00837	0.00279	0.01219	0.00725	0.00543	0.01467
41	0.01908	0.01082	0.01332	0.01274	0.01390	0.01040	0.00816	0.01863	0.01731	0.07634	0.03744	0.05987	0.08099	0.36588	0.04254	0.17481	0.00941	0.01404	0.00696	0.00737
42	0.02451	0.01871	0.02219	0.01598	0.02525	0.01424	0.01283	0.02914	0.02277	0.08865	0.02111	0.02335	0.01672	0.00836	0.00811	0.00174	0.00795	0.00671	0.00695	0.62471
43	0.03182	0.02457	0.07611	0.08256	0.26962	0.02216	0.02601	0.04035	0.07818	0.19778	0.02872	0.03035	0.02073	0.01117	0.01052	0.00327	0.01140	0.00992	0.00808	0.01668
44	0.02127	0.02012	0.03407	0.48977	0.17586	0.02383	0.03001	0.02816	0.02176	0.02860	0.01902	0.02776	0.01465	0.01033	0.01055	0.00344	0.01377	0.00940	0.00481	0.01280
45	0.01281	0.00950	0.01196	0.01394	0.01513	0.00865	0.00947	0.01481	0.02099	0.02730	0.06779	0.52022	0.16509	0.03189	0.01330	0.00415	0.00598	0.02855	0.00982	0.00865
46	0.04744	0.01799	0.02454	0.01881	0.02699	0.01554	0.01554	0.05153	0.03026	0.56979	0.04171	0.03599	0.02617	0.01309	0.01063	0.00327	0.00900	0.01063	0.01309	0.01799
47	0.02325	0.03216	0.19050	0.17098	0.20345	0.02487	0.08190	0.03390	0.07212	0.03338	0.02172	0.02703	0.01660	0.01027	0.01060	0.00337	0.01391	0.00951	0.00543	0.01504
48	0.02705	0.01362	0.01658	0.01438	0.01964	0.01165	0.01129	0.03025	0.02637	0.25338	0.07621	0.11407	0.29983	0.02157	0.01180	0.00350	0.00693	0.01805	0.01118	0.01267
49	0.02613	0.01262	0.01523	0.01334	0.01770	0.01146	0.01044	0.03048	0.02637	0.19873	0.14581	0.05509	0.11942	0.01645	0.01009	0.00303	0.00623	0.01369	0.25550	0.01220
50	0.03669	0.02014	0.03095	0.13302	0.18559	0.01961	0.02269	0.04191	0.02694	0.32513	0.03160	0.03187	0.02143	0.01162	0.01058	0.00328	0.01088	0.01008	0.00942	0.01656
51	0.02353	0.24569	0.40300	0.02617	0.03963	0.03025	0.03216	0.03288	0.02205	0.03065	0.01757	0.02056	0.01345	0.00972	0.00897	0.00299	0.01420	0.00710	0.00448	0.01495
52	0.03070	0.02393	0.02511	0.02114	0.02641	0.07993	0.01679	0.20336	0.07392	0.09633	0.14070	0.08452	0.04029	0.01669	0.01338	0.00342	0.06601	0.01314	0.00992	0.01429

[dist]
# distance from previous block
# <min> <max>
0	1

[block]
# block no. 2 follows, 13 sequences, length 26
# corresponding to MSA columns:
# 206-231
name=unknown_C
#
# <colnr> <probs for GDERKNQSTAVLIFYWHMCP>
#	G	D	E	R	K	N	Q	S	T	A	V	L	I	F	Y	W	H	M	C	P
0	0.30792	0.02158	0.02665	0.02633	0.09468	0.02485	0.05433	0.06234	0.02133	0.03940	0.02118	0.08679	0.01978	0.01420	0.01423	0.00366	0.13141	0.01032	0.00653	0.01250
1	0.01620	0.01210	0.01520	0.01420	0.01707	0.01175	0.01071	0.02390	0.08588	0.04260	0.50089	0.07467	0.09241	0.02082	0.01228	0.00335	0.00536	0.01834	0.01154	0.01071
2	0.02254	0.11935	0.35784	0.11295	0.08312	0.02680	0.06996	0.03230	0.02236	0.03158	0.01864	0.02318	0.01394	0.00987	0.00991	0.00324	0.01481	0.00821	0.00462	0.01479
3	0.01997	0.01879	0.03171	0.60301	0.07282	0.02349	0.02936	0.02701	0.02114	0.02701	0.01879	0.02819	0.01409	0.01057	0.01057	0.00352	0.01409	0.00940	0.00470	0.01175
4	0.01373	0.00965	0.01232	0.01379	0.01449	0.00915	0.00902	0.01552	0.02028	0.02734	0.11362	0.42338	0.06610	0.17338	0.02296	0.00559	0.00697	0.02522	0.00923	0.00824
5	0.01352	0.01056	0.01226	0.01223	0.01501	0.00930	0.00902	0.01702	0.02594	0.03387	0.27989	0.15659	0.31594	0.02551	0.01261	0.00356	0.00531	0.02200	0.01054	0.00930
6	0.02333	0.02372	0.03565	0.02959	0.03076	0.03177	0.07772	0.02636	0.01715	0.02636	0.01470	0.02372	0.01412	0.01746	0.03228	0.00451	0.54464	0.00960	0.00471	0.01186
7	0.01490	0.01032	0.01257	0.01259	0.01357	0.00994	0.00814	0.01695	0.02129	0.02929	0.22669	0.14401	0.06477	0.33123	0.03360	0.00697	0.00781	0.01863	0.00875	0.00798
8	0.04019	0.02962	0.03173	0.02433	0.03279	0.03279	0.02010	0.52721	0.04971	0.06663	0.02538	0.02538	0.01798	0.01269	0.01058	0.00317	0.01163	0.00952	0.01058	0.01798
9	0.03632	0.19072	0.03115	0.01808	0.02516	0.09192	0.01542	0.04019	0.02639	0.25973	0.02988	0.02926	0.02131	0.01157	0.00887	0.00278	0.01016	0.00865	0.12779	0.01464
10	0.01394	0.01037	0.01322	0.01510	0.01690	0.00965	0.01139	0.01681	0.02227	0.02864	0.06897	0.36242	0.18064	0.03057	0.01357	0.00428	0.00695	0.15552	0.00979	0.00898
11	0.62251	0.02015	0.01665	0.01451	0.02125	0.02271	0.01195	0.03359	0.01950	0.11164	0.01804	0.01949	0.01326	0.01022	0.00705	0.00327	0.00828	0.00633	0.00735	0.01225
12	0.04744	0.01799	0.02454	0.01881	0.02699	0.01554	0.01554	0.05153	0.03026	0.56979	0.04171	0.03599	0.02617	0.01309	0.01063	0.00327	0.00900	0.01063	0.01309	0.01799
13	0.02958	0.24014	0.14529	0.09388	0.03757	0.03148	0.02373	0.13505	0.05910	0.07674	0.02190	0.02385	0.01654	0.01078	0.00918	0.00297	0.01222	0.00807	0.00677	0.01516
14	0.02350	0.07125	0.16094	0.02057	0.02837	0.01939	0.02025	0.02934	0.02332	0.10173	0.09511	0.11218	0.03423	0.01535	0.01256	0.00316	0.06622	0.01232	0.00758	0.14263
15	0.03023	0.30979	0.07656	0.02216	0.02975	0.20544	0.02002	0.03662	0.07354	0.02810	0.02130	0.02787	0.01893	0.01172	0.00882	0.00280	0.01360	0.04365	0.00579	0.01331
16	0.03510	0.02350	0.02879	0.02387	0.02789	0.07730	0.01962	0.03822	0.02353	0.25903	0.02605	0.02826	0.01913	0.01546	0.02200	0.00387	0.29604	0.00961	0.00833	0.01439
17	0.02675	0.01924	0.02579	0.02625	0.13229	0.01698	0.01706	0.03361	0.06443	0.13059	0.09104	0.03360	0.02933	0.01127	0.00965	0.00255	0.00868	0.00968	0.00826	0.30294
18	0.04019	0.02962	0.03173	0.02433	0.03279	0.03279	0.02010	0.52721	0.04971	0.06663	0.02538	0.02538	0.01798	0.01269	0.01058	0.00317	0.01163	0.00952	0.01058	0.01798
19	0.02611	0.02138	0.03696	0.22118	0.23083	0.02225	0.08787	0.03232	0.02386	0.10715	0.02561	0.07191	0.02104	0.01197	0.01099	0.00342	0.01272	0.01147	0.00652	0.01445
20	0.01820	0.01608	0.02637	0.39017	0.05323	0.01976	0.02350	0.02406	0.01963	0.02612	0.02225	0.03304	0.01858	0.03553	0.21975	0.00842	0.01926	0.01010	0.00505	0.01091
21	0.01486	0.01071	0.01490	0.01645	0.01789	0.01104	0.01254	0.01796	0.02007	0.02709	0.04713	0.27434	0.05251	0.08939	0.18255	0.00857	0.01385	0.15081	0.00834	0.00899
22	0.02044	0.01971	0.03460	0.55041	0.07117	0.02380	0.07596	0.02766	0.02150	0.02766	0.01904	0.02822	0.01428	0.01041	0.01075	0.00353	0.01445	0.00969	0.00476	0.01198
23	0.02829	0.02370	0.02503	0.02192	0.02825	0.02723	0.01722	0.12370	0.47260	0.04744	0.04050	0.03743	0.03023	0.01411	0.01073	0.00353	0.00884	0.01160	0.01073	0.01691
24	0.02617	0.02512	0.04292	0.06490	0.56246	0.02512	0.03245	0.03245	0.02407	0.03454	0.01989	0.02617	0.01675	0.00942	0.01047	0.00314	0.01256	0.00942	0.00523	0.01675
25	0.04744	0.01799	0.02454	0.01881	0.02699	0.01554	0.01554	0.05153	0.03026	0.56979	0.04171	0.03599	0.02617	0.01309	0.01063	0.00327	0.00900	0.01063	0.01309	0.01799

[dist]
# distance from previous block
# <min> <max>
0	7

[block]
# block no. 3 follows, 13 sequences, length 9
# corresponding to MSA columns:
# 239-247
name=unknown_D
#
# <colnr> <probs for GDERKNQSTAVLIFYWHMCP>
#	G	D	E	R	K	N	Q	S	T	A	V	L	I	F	Y	W	H	M	C	P
0	0.02754	0.02545	0.14469	0.02498	0.03323	0.01779	0.12011	0.03400	0.02564	0.19276	0.09123	0.14452	0.03745	0.01623	0.01160	0.00354	0.01120	0.01491	0.00896	0.01415
1	0.70310	0.02045	0.01554	0.01390	0.02045	0.02372	0.01145	0.03108	0.01799	0.04744	0.01472	0.01718	0.01145	0.00981	0.00654	0.00327	0.00818	0.00573	0.00654	0.01145
2	0.02641	0.48210	0.19180	0.02126	0.03204	0.03729	0.02361	0.03214	0.02170	0.02714	0.01582	0.01837	0.01352	0.00931	0.00764	0.00255	0.01244	0.00622	0.00451	0.01411
3	0.02783	0.07134	0.23084	0.02921	0.09185	0.02143	0.06319	0.03516	0.02434	0.16543	0.03009	0.10960	0.02500	0.01380	0.01069	0.00338	0.01222	0.01199	0.00750	0.01512
4	0.03297	0.10890	0.12748	0.01976	0.02808	0.01958	0.01904	0.03840	0.02671	0.28358	0.10062	0.08455	0.03503	0.01470	0.01046	0.00324	0.00979	0.01210	0.00986	0.01515
5	0.01473	0.01063	0.01393	0.01346	0.01574	0.00982	0.00996	0.01937	0.02886	0.04070	0.50177	0.13895	0.09647	0.02289	0.01258	0.00343	0.00511	0.02033	0.01144	0.00982
6	0.01859	0.01734	0.03030	0.35337	0.05357	0.01959	0.09246	0.02437	0.02141	0.02796	0.03069	0.20167	0.03069	0.01693	0.01169	0.00375	0.01229	0.01586	0.00628	0.01117
7	0.03059	0.09926	0.19665	0.07469	0.11212	0.02752	0.02744	0.16421	0.03049	0.10336	0.02296	0.02513	0.01662	0.01094	0.01000	0.00316	0.01280	0.00870	0.00720	0.01616
8	0.03257	0.02373	0.13588	0.01901	0.02751	0.01565	0.01845	0.03799	0.02694	0.31218	0.05450	0.05077	0.16625	0.01612	0.01101	0.00337	0.00941	0.01318	0.01040	0.01506

[dist]
# distance from previous block
# <min> <max>
0	1

[block]
# block no. 4 follows, 13 sequences, length 94
# corresponding to MSA columns:
# 249-342
name=unknown_E
#
# <colnr> <probs for GDERKNQSTAVLIFYWHMCP>
#	G	D	E	R	K	N	Q	S	T	A	V	L	I	F	Y	W	H	M	C	P
0	0.18958	0.01275	0.01261	0.01240	0.01411	0.01353	0.00797	0.01930	0.01644	0.02787	0.03068	0.10196	0.03422	0.42200	0.03847	0.00798	0.00938	0.01415	0.00672	0.00787
1	0.02254	0.07868	0.02518	0.01590	0.02526	0.01679	0.01307	0.02711	0.02188	0.03352	0.01839	0.02144	0.01546	0.00795	0.00773	0.00163	0.00817	0.00620	0.00609	0.62700
2	0.02714	0.06566	0.02666	0.10828	0.03270	0.10804	0.01796	0.17228	0.03089	0.03833	0.03852	0.09552	0.10666	0.02158	0.05867	0.00442	0.01298	0.01298	0.00790	0.01283
3	0.04630	0.01981	0.02566	0.01967	0.02790	0.01824	0.01625	0.12592	0.03330	0.49110	0.03916	0.03433	0.02489	0.01302	0.01062	0.00326	0.00941	0.01046	0.01269	0.01799
4	0.02630	0.02271	0.02391	0.02152	0.02749	0.02630	0.01674	0.05618	0.54336	0.04423	0.04303	0.03945	0.03228	0.01434	0.01076	0.00359	0.00837	0.01195	0.01076	0.01674
5	0.01309	0.01073	0.01153	0.01133	0.01464	0.00918	0.00850	0.01632	0.02550	0.03188	0.21502	0.09629	0.44819	0.02554	0.01249	0.00351	0.00527	0.02155	0.01026	0.00918
6	0.01530	0.01063	0.01306	0.01285	0.01413	0.01026	0.00871	0.01785	0.02247	0.03101	0.26834	0.07691	0.06729	0.31764	0.03275	0.00680	0.00787	0.04894	0.00896	0.00822
7	0.02407	0.02298	0.03912	0.24710	0.39667	0.02457	0.03140	0.03061	0.02308	0.03199	0.01952	0.02685	0.01585	0.00981	0.01050	0.00327	0.01308	0.00941	0.00505	0.01505
8	0.02125	0.01802	0.02117	0.01543	0.02416	0.01369	0.01228	0.02597	0.02270	0.03523	0.07110	0.02747	0.02384	0.00917	0.00828	0.00174	0.00755	0.00751	0.00679	0.62665
9	0.24673	0.01874	0.02180	0.01732	0.02500	0.01803	0.01430	0.04531	0.02653	0.41102	0.03351	0.03027	0.02170	0.01209	0.00939	0.00327	0.00875	0.00914	0.01110	0.01600
10	0.02615	0.14337	0.03693	0.03580	0.22833	0.02506	0.02206	0.03097	0.02345	0.07117	0.06492	0.02846	0.02334	0.01110	0.01145	0.00283	0.06019	0.00898	0.00634	0.13910
11	0.01413	0.01061	0.01323	0.01391	0.01624	0.00971	0.01052	0.01774	0.02519	0.03335	0.23978	0.22079	0.20871	0.02692	0.01306	0.00386	0.00610	0.09638	0.01042	0.00933
12	0.01825	0.01430	0.01636	0.01497	0.01878	0.01433	0.01147	0.06203	0.12309	0.04118	0.31798	0.07337	0.19099	0.02088	0.01203	0.00342	0.00617	0.01789	0.01097	0.01153
13	0.70310	0.02045	0.01554	0.01390	0.02045	0.02372	0.01145	0.03108	0.01799	0.04744	0.01472	0.01718	0.01145	0.00981	0.00654	0.00327	0.00818	0.00573	0.00654	0.01145
14	0.01979	0.01659	0.01793	0.01657	0.02108	0.01765	0.01272	0.03628	0.27894	0.03935	0.17785	0.06617	0.19743	0.01954	0.01164	0.00352	0.00674	0.01653	0.01069	0.01298
15	0.02121	0.05469	0.57364	0.03014	0.04576	0.02455	0.03906	0.03348	0.02232	0.03348	0.01897	0.02232	0.01339	0.01005	0.01005	0.00335	0.01563	0.00781	0.00446	0.01563
16	0.02827	0.63478	0.05540	0.01809	0.02714	0.04184	0.01809	0.03166	0.02148	0.02488	0.01470	0.01696	0.01357	0.00905	0.00678	0.00226	0.01131	0.00565	0.00452	0.01357
17	0.02018	0.01901	0.03058	0.43817	0.05922	0.02438	0.02674	0.02600	0.01980	0.02649	0.01863	0.02833	0.01511	0.01806	0.06489	0.00490	0.13369	0.00953	0.00477	0.01151
18	0.01471	0.01014	0.01247	0.01335	0.01398	0.00987	0.00869	0.01616	0.01903	0.02555	0.09378	0.24431	0.05596	0.33633	0.03412	0.00730	0.00843	0.05986	0.00824	0.00770
19	0.01433	0.01025	0.01382	0.01475	0.01568	0.01071	0.01020	0.01642	0.01781	0.02444	0.04092	0.26792	0.04593	0.20109	0.23468	0.01048	0.01535	0.01944	0.00742	0.00835
20	0.03950	0.05039	0.02996	0.02724	0.03269	0.58597	0.02043	0.04222	0.02996	0.02588	0.01634	0.01907	0.01362	0.01090	0.00953	0.00272	0.01907	0.00681	0.00545	0.01226
21	0.01593	0.01288	0.01958	0.01797	0.02124	0.01271	0.06169	0.02059	0.02401	0.03271	0.20810	0.07314	0.13373	0.03878	0.17638	0.00752	0.01368	0.09058	0.00875	0.01004
22	0.01434	0.01016	0.01259	0.01332	0.01412	0.01014	0.00870	0.01575	0.01784	0.02379	0.04622	0.23095	0.09044	0.30847	0.12748	0.00904	0.01163	0.01964	0.00759	0.00778
23	0.08195	0.01609	0.02028	0.01639	0.02306	0.01430	0.01329	0.04020	0.02818	0.38150	0.09720	0.05150	0.13735	0.01632	0.01089	0.00334	0.00787	0.01336	0.01187	0.01506
24	0.02174	0.03176	0.23128	0.08025	0.03680	0.02218	0.02569	0.07377	0.10399	0.03477	0.02590	0.03129	0.02050	0.03072	0.17451	0.00728	0.01763	0.00976	0.00632	0.01386
25	0.02119	0.02069	0.03530	0.02929	0.03298	0.02362	0.16311	0.02595	0.02104	0.02948	0.03042	0.10587	0.03120	0.01976	0.02149	0.00435	0.23838	0.12769	0.00656	0.01161
26	0.03016	0.01726	0.02077	0.01792	0.02336	0.01707	0.01401	0.10509	0.10805	0.21399	0.09358	0.16162	0.09270	0.01927	0.01155	0.00354	0.00800	0.01641	0.01129	0.01436
27	0.02678	0.02223	0.03063	0.11605	0.21263	0.02414	0.02296	0.12091	0.13113	0.04171	0.02750	0.03096	0.02125	0.01157	0.01009	0.00319	0.01062	0.01000	0.11043	0.01522
28	0.02357	0.01937	0.03267	0.12877	0.23603	0.01976	0.06508	0.02888	0.02292	0.08298	0.03033	0.14741	0.02860	0.02064	0.06080	0.00467	0.01297	0.01406	0.00687	0.01363
29	0.02016	0.01551	0.01820	0.01705	0.02010	0.01708	0.01258	0.07161	0.16352	0.03423	0.07976	0.09810	0.03992	0.17829	0.15776	0.00835	0.01335	0.01453	0.00849	0.01140
30	0.01976	0.01638	0.01954	0.01511	0.02238	0.01280	0.01179	0.02427	0.02337	0.03539	0.12925	0.08483	0.03706	0.01275	0.00924	0.00215	0.00712	0.01087	0.00764	0.49830
31	0.02009	0.01172	0.01420	0.01353	0.01591	0.01090	0.00948	0.02211	0.02151	0.11544	0.09483	0.11063	0.13375	0.29037	0.03065	0.00659	0.00845	0.05141	0.00900	0.00943
32	0.02671	0.01451	0.02105	0.01776	0.02251	0.01305	0.05491	0.03057	0.02627	0.22161	0.16439	0.15259	0.09473	0.07098	0.01548	0.00409	0.00815	0.01738	0.01072	0.01254
33	0.02229	0.01912	0.02209	0.01616	0.02526	0.01513	0.01288	0.02912	0.06602	0.03528	0.02084	0.02341	0.01707	0.00838	0.00808	0.00174	0.00788	0.00675	0.00664	0.63587
34	0.01324	0.00973	0.01242	0.01388	0.01528	0.00891	0.00960	0.01583	0.02271	0.03028	0.16430	0.44099	0.14405	0.02995	0.01315	0.00400	0.00580	0.02680	0.01018	0.00891
35	0.01501	0.01181	0.01368	0.01303	0.01624	0.01100	0.00983	0.02129	0.07247	0.03729	0.34091	0.08420	0.26834	0.02295	0.01233	0.00344	0.00542	0.01971	0.01087	0.01017
36	0.14406	0.25567	0.19114	0.02165	0.03176	0.07706	0.02288	0.03490	0.02269	0.08423	0.01869	0.02055	0.01439	0.01001	0.00828	0.00288	0.01243	0.00686	0.00576	0.01411
37	0.34965	0.11803	0.06002	0.01801	0.02500	0.07433	0.01580	0.06615	0.05738	0.04057	0.02155	0.07237	0.01902	0.01234	0.00822	0.00318	0.01014	0.00874	0.00685	0.01266
38	0.70310	0.02045	0.01554	0.01390	0.02045	0.02372	0.01145	0.03108	0.01799	0.04744	0.01472	0.01718	0.01145	0.00981	0.00654	0.00327	0.00818	0.00573	0.00654	0.01145
39	0.08847	0.11715	0.16235	0.06350	0.07430	0.02850	0.02463	0.18482	0.03101	0.09537	0.02224	0.02406	0.01618	0.01098	0.00958	0.00313	0.01221	0.00835	0.00742	0.01577
40	0.03213	0.02915	0.02652	0.02291	0.02906	0.13804	0.01789	0.20226	0.23013	0.04617	0.03348	0.08741	0.02758	0.01495	0.01072	0.00335	0.01134	0.01190	0.00955	0.01546
41	0.02398	0.02322	0.04052	0.24616	0.35960	0.02468	0.06687	0.03071	0.02314	0.03194	0.01962	0.02702	0.01580	0.00977	0.01065	0.00330	0.01346	0.00963	0.00506	0.01487
42	0.01736	0.01513	0.02042	0.01987	0.02092	0.01819	0.01575	0.01996	0.01986	0.02734	0.04757	0.24805	0.11174	0.02615	0.02156	0.00441	0.23465	0.09330	0.00784	0.00994
43	0.02496	0.02852	0.06239	0.04456	0.05526	0.02674	0.52406	0.03387	0.02496	0.03387	0.02139	0.02852	0.01604	0.00891	0.01248	0.00357	0.01783	0.01248	0.00535	0.01426
44	0.02192	0.01879	0.02192	0.01566	0.02506	0.01409	0.01253	0.02662	0.02192	0.03445	0.01879	0.02192	0.01566	0.00783	0.00783	0.00157	0.00783	0.00626	0.00626	0.69305
45	0.01914	0.01519	0.01773	0.01633	0.02010	0.01599	0.01246	0.03329	0.21895	0.04307	0.36771	0.06443	0.07492	0.01894	0.01184	0.00342	0.00623	0.01648	0.01131	0.01246
46	0.01816	0.01223	0.01670	0.01605	0.01777	0.01349	0.01184	0.06141	0.01880	0.02608	0.02624	0.04161	0.02533	0.13938	0.32366	0.18612	0.01949	0.01119	0.00592	0.00853
47	0.01496	0.01081	0.01413	0.01330	0.01580	0.00998	0.00998	0.01995	0.02993	0.04240	0.55689	0.07898	0.09976	0.02162	0.01247	0.00333	0.00499	0.01912	0.01164	0.00998
48	0.02109	0.24905	0.03513	0.21414	0.03916	0.02618	0.01953	0.02527	0.02101	0.02620	0.02849	0.19301	0.02981	0.01642	0.00997	0.00327	0.01077	0.01387	0.00609	0.01154
49	0.02827	0.63478	0.05540	0.01809	0.02714	0.04184	0.01809	0.03166	0.02148	0.02488	0.01470	0.01696	0.01357	0.00905	0.00678	0.00226	0.01131	0.00565	0.00452	0.01357
50	0.01496	0.01081	0.01413	0.01330	0.01580	0.00998	0.00998	0.01995	0.02993	0.04240	0.55689	0.07898	0.09976	0.02162	0.01247	0.00333	0.00499	0.01912	0.01164	0.00998
51	0.04744	0.01799	0.02454	0.01881	0.02699	0.01554	0.01554	0.05153	0.03026	0.56979	0.04171	0.03599	0.02617	0.01309	0.01063	0.00327	0.00900	0.01063	0.01309	0.01799
52	0.02493	0.20588	0.06834	0.01973	0.02655	0.02279	0.06496	0.02946	0.02447	0.11461	0.11022	0.12900	0.08382	0.01668	0.01046	0.00319	0.00967	0.01426	0.00820	0.01280
53	0.04744	0.01799	0.02454	0.01881	0.02699	0.01554	0.01554	0.05153	0.03026	0.56979	0.04171	0.03599	0.02617	0.01309	0.01063	0.00327	0.00900	0.01063	0.01309	0.01799
54	0.01364	0.01076	0.01230	0.01192	0.01499	0.00941	0.00894	0.01740	0.02681	0.03500	0.31642	0.09116	0.34484	0.02438	0.01248	0.00346	0.00518	0.02083	0.01067	0.00941
55	0.02633	0.01894	0.02629	0.15137	0.03684	0.02019	0.05223	0.11636	0.06272	0.10733	0.03933	0.05386	0.07266	0.07574	0.01572	0.00430	0.01108	0.08698	0.00865	0.01308
56	0.03552	0.03116	0.03768	0.03222	0.08171	0.16723	0.13481	0.10376	0.02983	0.15295	0.02433	0.02670	0.01778	0.01167	0.01275	0.00329	0.06414	0.00972	0.00769	0.01505
57	0.02984	0.01868	0.02145	0.01809	0.02401	0.01866	0.01463	0.19609	0.03382	0.15910	0.05761	0.09849	0.18424	0.01970	0.01170	0.00353	0.00870	0.05688	0.01078	0.01399
58	0.01468	0.01079	0.01412	0.01485	0.01696	0.00982	0.01080	0.01798	0.02361	0.03258	0.19973	0.36251	0.07300	0.02719	0.01281	0.00383	0.00630	0.06964	0.01003	0.06878
59	0.02205	0.02341	0.07122	0.15125	0.16744	0.02439	0.07498	0.02792	0.02110	0.02975	0.02225	0.03521	0.01992	0.01947	0.06667	0.00496	0.14845	0.05117	0.00538	0.01303
60	0.02766	0.26019	0.09357	0.03018	0.13602	0.07989	0.02286	0.03878	0.14785	0.03236	0.02308	0.02488	0.01867	0.01065	0.00902	0.00290	0.01194	0.00822	0.00623	0.01505
61	0.02070	0.03522	0.28606	0.07735	0.08276	0.02066	0.02836	0.02919	0.02145	0.03181	0.02046	0.02607	0.01622	0.02043	0.09984	0.00513	0.01567	0.00832	0.00509	0.14920
62	0.09013	0.22279	0.23445	0.02218	0.03218	0.02830	0.02419	0.07181	0.02367	0.03407	0.02327	0.10409	0.02154	0.01316	0.00922	0.00312	0.01190	0.01019	0.00595	0.01380
63	0.03322	0.02340	0.02577	0.02166	0.02859	0.02581	0.01727	0.16057	0.34051	0.14406	0.03885	0.03568	0.02798	0.01375	0.01070	0.00344	0.00921	0.01117	0.01114	0.01724
64	0.03128	0.01686	0.02228	0.02127	0.05947	0.01615	0.01558	0.10256	0.02962	0.24136	0.08808	0.18505	0.04428	0.01972	0.01180	0.00364	0.00863	0.05712	0.01101	0.01425
65	0.70310	0.02045	0.01554	0.01390	0.02045	0.02372	0.01145	0.03108	0.01799	0.04744	0.01472	0.01718	0.01145	0.00981	0.00654	0.00327	0.00818	0.00573	0.00654	0.01145
66	0.02453	0.02440	0.04442	0.18135	0.34815	0.02509	0.13308	0.03152	0.02360	0.03272	0.01995	0.02711	0.01601	0.00957	0.01090	0.00331	0.01399	0.01005	0.00514	0.01511
67	0.02543	0.02816	0.11758	0.02299	0.03061	0.02600	0.02054	0.05232	0.45458	0.04240	0.03893	0.03653	0.02906	0.01361	0.01064	0.00355	0.00960	0.01125	0.00969	0.01655
68	0.01499	0.01102	0.01585	0.01601	0.01753	0.01245	0.01195	0.01807	0.01697	0.02410	0.03111	0.08502	0.03120	0.15931	0.46704	0.01511	0.02408	0.01321	0.00606	0.00892
69	0.02071	0.02546	0.18033	0.02112	0.02736	0.01783	0.02095	0.02666	0.02076	0.08145	0.07219	0.03942	0.02895	0.08826	0.22193	0.00889	0.06808	0.01108	0.00653	0.01205
70	0.01288	0.00920	0.01227	0.01472	0.01534	0.00859	0.00981	0.01472	0.02024	0.02699	0.05828	0.62152	0.06993	0.03312	0.01350	0.00429	0.00613	0.03006	0.00981	0.00859
71	0.23192	0.01800	0.02073	0.01666	0.02389	0.01739	0.01369	0.04343	0.02608	0.37610	0.03341	0.03092	0.02206	0.01209	0.00919	0.00320	0.00842	0.00917	0.06822	0.01544
72	0.70310	0.02045	0.01554	0.01390	0.02045	0.02372	0.01145	0.03108	0.01799	0.04744	0.01472	0.01718	0.01145	0.00981	0.00654	0.00327	0.00818	0.00573	0.00654	0.01145
73	0.02372	0.06873	0.12097	0.02264	0.06804	0.05714	0.01943	0.02961	0.02266	0.03307	0.01846	0.02177	0.01507	0.00861	0.00845	0.00211	0.01050	0.00675	0.00571	0.43654
74	0.02419	0.13422	0.29185	0.04140	0.23829	0.02747	0.03328	0.03281	0.02285	0.03254	0.01865	0.02294	0.01469	0.00965	0.00969	0.00310	0.01379	0.00808	0.00476	0.01573
75	0.01574	0.01184	0.01470	0.01380	0.01669	0.01131	0.01040	0.02271	0.07420	0.04139	0.47405	0.07746	0.13264	0.02142	0.01232	0.00337	0.00531	0.01877	0.01141	0.01048
76	0.01421	0.01020	0.01393	0.01566	0.01676	0.01025	0.01135	0.01676	0.01979	0.02665	0.04955	0.37505	0.05678	0.09395	0.13551	0.00753	0.01164	0.09704	0.00865	0.00875
77	0.02747	0.02329	0.02457	0.02175	0.02794	0.02684	0.01702	0.09582	0.50182	0.04611	0.04155	0.03826	0.03107	0.01421	0.01074	0.00355	0.00864	0.01175	0.01074	0.01684
