[name]
unknown

[dist]
# distance from previous block
# <min> <max>
0	15

[block]
# block no. 0 follows, 13 sequences, length 16
# corresponding to MSA columns:
# 47-62
name=unknown_A
#
# <colnr> <probs for GDERKNQSTAVLIFYWHMCP>
#	G	D	E	R	K	N	Q	S	T	A	V	L	I	F	Y	W	H	M	C	P
0	0.15885	0.09694	0.20343	0.02211	0.03163	0.02447	0.02321	0.06828	0.06518	0.09696	0.02690	0.03534	0.02187	0.01302	0.00971	0.00340	0.01145	0.06549	0.00735	0.01440
1	0.20859	0.09094	0.02649	0.05771	0.02878	0.07899	0.01621	0.09452	0.07527	0.09814	0.05643	0.02743	0.02228	0.01159	0.00892	0.00301	0.01026	0.00852	0.00797	0.06794
2	0.09955	0.02674	0.14894	0.02455	0.08013	0.02003	0.02115	0.07295	0.06028	0.13316	0.16066	0.04016	0.03912	0.01389	0.01051	0.00330	0.00992	0.01149	0.00894	0.01452
3	0.02418	0.02750	0.13759	0.02981	0.03747	0.02244	0.18319	0.03204	0.05063	0.08931	0.03026	0.14117	0.02748	0.01584	0.01507	0.00378	0.09731	0.01428	0.00705	0.01358
4	0.02460	0.02422	0.08694	0.02752	0.03479	0.02152	0.17680	0.06076	0.11581	0.07704	0.03090	0.06747	0.02616	0.09309	0.07821	0.00578	0.01452	0.01277	0.00751	0.01358
5	0.01774	0.01351	0.01658	0.01604	0.01817	0.01510	0.01155	0.02605	0.13552	0.02754	0.03346	0.05107	0.03210	0.26330	0.26347	0.01152	0.01727	0.01293	0.00709	0.00999
6	0.48028	0.01700	0.01470	0.01400	0.01885	0.01899	0.01094	0.02642	0.01987	0.04266	0.08817	0.14789	0.03390	0.01598	0.00867	0.00349	0.00738	0.01229	0.00782	0.01069
7	0.03811	0.03397	0.10427	0.02607	0.03499	0.14261	0.06877	0.18057	0.03417	0.19093	0.02681	0.02690	0.01856	0.01172	0.01048	0.00317	0.01357	0.00931	0.00889	0.01612
8	0.02067	0.01237	0.01422	0.01283	0.01732	0.01054	0.00995	0.02392	0.02613	0.15255	0.14166	0.08437	0.38750	0.02311	0.01207	0.00348	0.00614	0.01932	0.01076	0.01109
9	0.08075	0.07981	0.02768	0.15087	0.03543	0.02457	0.01838	0.19134	0.02966	0.04062	0.02920	0.06256	0.06126	0.01700	0.01428	0.09488	0.01078	0.01085	0.00744	0.01264
10	0.02090	0.01134	0.01522	0.01551	0.01802	0.01029	0.01113	0.02354	0.02342	0.15127	0.10138	0.43804	0.06283	0.02751	0.01275	0.00397	0.00667	0.02463	0.01073	0.01085
11	0.14977	0.01484	0.01626	0.01498	0.01970	0.01453	0.01153	0.02984	0.06490	0.16031	0.05846	0.18327	0.17940	0.02086	0.01104	0.00361	0.00715	0.01742	0.01006	0.01207
12	0.29200	0.02301	0.02530	0.02075	0.02748	0.02584	0.04764	0.13006	0.11830	0.10518	0.02502	0.02588	0.01844	0.01213	0.01107	0.00343	0.05666	0.00877	0.00853	0.01451
13	0.09836	0.02455	0.02963	0.43674	0.05999	0.12281	0.02582	0.03014	0.02235	0.02905	0.01791	0.02537	0.01372	0.01055	0.00995	0.00335	0.01432	0.00854	0.00503	0.01180
14	0.53372	0.02094	0.01772	0.01533	0.02156	0.02389	0.01234	0.10800	0.02276	0.04794	0.01815	0.02336	0.01502	0.06840	0.01162	0.00391	0.00892	0.00723	0.00717	0.01201
15	0.43629	0.01966	0.01746	0.01492	0.02138	0.02132	0.01211	0.08723	0.02362	0.04606	0.06285	0.03203	0.07853	0.01262	0.00820	0.00313	0.00803	0.00895	0.00770	0.07790

[dist]
# distance from previous block
# <min> <max>
0	40

[block]
# block no. 1 follows, 13 sequences, length 30
# corresponding to MSA columns:
# 104-122,124-134
name=unknown_B
#
# <colnr> <probs for GDERKNQSTAVLIFYWHMCP>
#	G	D	E	R	K	N	Q	S	T	A	V	L	I	F	Y	W	H	M	C	P
0	0.43154	0.02359	0.02608	0.02428	0.08379	0.02603	0.06211	0.13471	0.02587	0.04883	0.01810	0.02087	0.01379	0.01029	0.00834	0.00326	0.01024	0.00752	0.00713	0.01363
1	0.02714	0.02305	0.03864	0.17167	0.40394	0.02376	0.03001	0.03335	0.02412	0.08986	0.02198	0.02763	0.01720	0.01005	0.01051	0.00323	0.01250	0.00954	0.00596	0.01584
2	0.02928	0.02518	0.02937	0.03391	0.19006	0.09415	0.02089	0.10861	0.09976	0.08554	0.06216	0.06743	0.07824	0.01454	0.01086	0.00327	0.01099	0.01230	0.00847	0.01497
3	0.01669	0.01314	0.01536	0.01439	0.01779	0.01298	0.01091	0.02612	0.13000	0.03993	0.36347	0.07584	0.18029	0.02124	0.01214	0.00343	0.00573	0.01836	0.01109	0.01109
4	0.02390	0.15326	0.37442	0.02520	0.03761	0.02542	0.03020	0.03311	0.02362	0.07539	0.07842	0.02858	0.02382	0.01136	0.00976	0.00314	0.01315	0.00887	0.00594	0.01482
5	0.01736	0.01134	0.01345	0.01282	0.01591	0.01006	0.00942	0.02050	0.02518	0.09040	0.21917	0.13442	0.26401	0.08833	0.01677	0.00425	0.00624	0.02012	0.01034	0.00992
6	0.03130	0.02507	0.08156	0.03200	0.15263	0.02068	0.05993	0.08355	0.02747	0.17352	0.02572	0.02734	0.01863	0.01028	0.00996	0.00283	0.01104	0.00902	0.00795	0.18954
7	0.03053	0.02096	0.03131	0.07819	0.15278	0.02000	0.05862	0.08203	0.02726	0.17501	0.02925	0.08008	0.02348	0.01253	0.01048	0.00307	0.01069	0.01122	0.00833	0.13420
8	0.14559	0.17126	0.05722	0.01987	0.02793	0.02886	0.01761	0.12667	0.13417	0.13096	0.02707	0.02649	0.01990	0.01162	0.00901	0.00308	0.01006	0.00856	0.00862	0.01547
9	0.02860	0.38916	0.16232	0.02501	0.07981	0.03381	0.02363	0.03423	0.02283	0.08552	0.01896	0.02097	0.01516	0.00972	0.00823	0.00268	0.01210	0.00699	0.00549	0.01477
10	0.01333	0.01062	0.01194	0.01187	0.01486	0.00924	0.00881	0.01668	0.02567	0.03291	0.24852	0.13657	0.37040	0.02562	0.01257	0.00355	0.00530	0.02191	0.01041	0.00924
11	0.07984	0.11129	0.16721	0.08839	0.19208	0.02779	0.02798	0.08599	0.05623	0.03735	0.02044	0.02422	0.01592	0.01030	0.00961	0.00315	0.01258	0.00841	0.00591	0.01532
12	0.20737	0.03467	0.21467	0.02305	0.03325	0.02605	0.02386	0.15583	0.07829	0.07304	0.02286	0.02404	0.01645	0.01119	0.00935	0.00330	0.01167	0.00822	0.00753	0.01532
13	0.01700	0.01088	0.01343	0.01364	0.01609	0.00978	0.00973	0.01969	0.02358	0.08721	0.15211	0.29054	0.19413	0.07274	0.01583	0.00429	0.00636	0.02301	0.01021	0.00975
14	0.03277	0.05485	0.03199	0.13804	0.03946	0.08457	0.06816	0.11529	0.07117	0.16474	0.06794	0.03284	0.02564	0.01244	0.01063	0.00325	0.01212	0.01048	0.00875	0.01485
15	0.01753	0.00973	0.01460	0.01460	0.01508	0.01022	0.01022	0.01508	0.01460	0.01995	0.02092	0.03455	0.02044	0.04765	0.18120	0.51910	0.01409	0.00973	0.00487	0.00584
16	0.03608	0.02757	0.02942	0.02350	0.03122	0.03087	0.01910	0.38780	0.19581	0.06000	0.03061	0.02955	0.02221	0.01318	0.01063	0.00330	0.01067	0.01024	0.01063	0.01761
17	0.02418	0.08276	0.10062	0.14830	0.23698	0.02583	0.12228	0.03136	0.02313	0.03204	0.01933	0.02544	0.01541	0.00946	0.01030	0.00312	0.01372	0.00926	0.00508	0.06139
18	0.13531	0.01524	0.01650	0.01495	0.01947	0.01559	0.01162	0.03047	0.12061	0.08912	0.24621	0.06145	0.14628	0.01843	0.01100	0.00340	0.00657	0.01535	0.01043	0.01200
19	0.02644	0.02292	0.03146	0.02283	0.03227	0.02046	0.10786	0.13653	0.02851	0.04133	0.02070	0.02388	0.01623	0.00908	0.00928	0.00228	0.01049	0.00811	0.00703	0.42231
20	0.19812	0.02166	0.02899	0.19496	0.17985	0.02453	0.02309	0.03525	0.12411	0.03764	0.02282	0.02705	0.01770	0.01082	0.00955	0.00337	0.01104	0.00897	0.00651	0.01398
21	0.59010	0.02143	0.01832	0.01596	0.02209	0.02521	0.01317	0.07085	0.02041	0.04708	0.01551	0.01836	0.01219	0.01081	0.00932	0.00338	0.06078	0.00634	0.00670	0.01199
22	0.15628	0.01509	0.01528	0.01366	0.01782	0.01598	0.01072	0.09841	0.02738	0.04576	0.16328	0.04312	0.04132	0.01426	0.00899	0.00295	0.00657	0.01137	0.28036	0.01139
23	0.02340	0.01994	0.03622	0.02827	0.03496	0.01903	0.22394	0.03188	0.06779	0.08812	0.17252	0.05683	0.04714	0.01610	0.01247	0.00367	0.01163	0.08425	0.00884	0.01301
24	0.01311	0.00938	0.01247	0.01457	0.01539	0.00874	0.00983	0.01529	0.02130	0.02866	0.11244	0.56259	0.07317	0.03187	0.01338	0.00419	0.00601	0.02887	0.01001	0.00874
25	0.08358	0.02157	0.02659	0.19133	0.04041	0.02442	0.02015	0.17866	0.10710	0.08416	0.03001	0.09318	0.02469	0.01433	0.01060	0.00347	0.01079	0.01185	0.00866	0.01442
26	0.01411	0.01061	0.01305	0.01279	0.01536	0.00956	0.00946	0.01816	0.02738	0.03718	0.38755	0.14374	0.21391	0.02419	0.01259	0.00349	0.00521	0.02113	0.01097	0.00956
27	0.02187	0.02446	0.08888	0.38262	0.17490	0.02423	0.07404	0.02941	0.02222	0.02987	0.01927	0.02722	0.01477	0.01013	0.01066	0.00343	0.01423	0.00952	0.00485	0.01342
28	0.02713	0.02228	0.03066	0.29100	0.08961	0.02547	0.02418	0.20555	0.03254	0.04343	0.07968	0.03255	0.02499	0.01244	0.01077	0.00335	0.01211	0.01050	0.00760	0.01416
29	0.06943	0.02341	0.03184	0.03866	0.24905	0.02461	0.02285	0.12249	0.13148	0.08019	0.07335	0.03339	0.02758	0.01229	0.01050	0.00327	0.01041	0.01064	0.00842	0.01614

[dist]
# distance from previous block
# <min> <max>
0	4

[block]
# block no. 2 follows, 13 sequences, length 20
# corresponding to MSA columns:
# 139-158
name=unknown_C
#
# <colnr> <probs for GDERKNQSTAVLIFYWHMCP>
#	G	D	E	R	K	N	Q	S	T	A	V	L	I	F	Y	W	H	M	C	P
0	0.13334	0.26902	0.03701	0.01962	0.02747	0.03359	0.01723	0.14863	0.14314	0.04201	0.02340	0.02388	0.01839	0.01116	0.00848	0.00291	0.01025	0.00793	0.00758	0.01494
1	0.46058	0.02081	0.02077	0.01981	0.06713	0.02251	0.01460	0.06472	0.02312	0.16569	0.02187	0.02265	0.01560	0.01069	0.00803	0.00326	0.00892	0.00736	0.00815	0.01375
2	0.02551	0.02933	0.14270	0.08406	0.07923	0.02373	0.02377	0.11480	0.08336	0.03935	0.02235	0.02554	0.01720	0.01090	0.01128	0.00295	0.04983	0.00851	0.00675	0.19884
3	0.02972	0.01832	0.02156	0.01920	0.02460	0.01919	0.01501	0.04523	0.26388	0.19421	0.04438	0.10079	0.03671	0.06209	0.01445	0.00415	0.00859	0.05195	0.01095	0.01503
4	0.01470	0.01104	0.01381	0.01463	0.01673	0.01053	0.01074	0.01969	0.05770	0.03334	0.21230	0.30288	0.14336	0.02724	0.01298	0.00391	0.00617	0.06815	0.01041	0.00968
5	0.07569	0.02617	0.02731	0.12524	0.03622	0.14398	0.05886	0.03784	0.16705	0.03629	0.12182	0.03766	0.03436	0.01347	0.01060	0.00332	0.01183	0.01126	0.00795	0.01308
6	0.01456	0.01002	0.01234	0.01353	0.01400	0.00978	0.00874	0.01574	0.01812	0.02408	0.04519	0.28925	0.05283	0.33971	0.03439	0.00742	0.00860	0.06608	0.00805	0.00757
7	0.17364	0.01675	0.02258	0.07033	0.07708	0.01771	0.05594	0.02620	0.05993	0.03560	0.08348	0.23852	0.04268	0.01934	0.01101	0.00369	0.00886	0.01712	0.00810	0.01145
8	0.70310	0.02045	0.01554	0.01390	0.02045	0.02372	0.01145	0.03108	0.01799	0.04744	0.01472	0.01718	0.01145	0.00981	0.00654	0.00327	0.00818	0.00573	0.00654	0.01145
9	0.01517	0.01050	0.01198	0.01222	0.01292	0.01027	0.00767	0.01600	0.01738	0.02264	0.04498	0.07833	0.10691	0.49202	0.04464	0.00886	0.00958	0.06370	0.00717	0.00706
10	0.17452	0.01852	0.02635	0.42169	0.05623	0.02237	0.02358	0.02699	0.02066	0.03178	0.02495	0.03159	0.05715	0.01170	0.00981	0.00347	0.01205	0.00960	0.00553	0.01145
11	0.14552	0.28243	0.08536	0.01826	0.02626	0.02930	0.01749	0.03431	0.07476	0.07851	0.08924	0.02920	0.02707	0.01173	0.00848	0.00289	0.00987	0.00862	0.00710	0.01361
12	0.08124	0.10606	0.09090	0.03709	0.21720	0.02838	0.02505	0.16696	0.03052	0.08597	0.02199	0.02453	0.01671	0.01064	0.00971	0.00308	0.01185	0.00863	0.00723	0.01627
13	0.02737	0.56085	0.12145	0.01963	0.02951	0.03963	0.02076	0.03189	0.02159	0.02597	0.01524	0.01764	0.01355	0.00917	0.00720	0.00240	0.01186	0.00593	0.00452	0.01383
14	0.02417	0.01244	0.01659	0.01592	0.01917	0.01136	0.01193	0.02723	0.02449	0.19211	0.11730	0.27457	0.05699	0.08018	0.01633	0.00446	0.00756	0.06499	0.01072	0.01151
15	0.09188	0.15592	0.06349	0.10198	0.12990	0.02687	0.02195	0.03853	0.10345	0.12862	0.02551	0.02717	0.01911	0.01096	0.00937	0.00311	0.01097	0.00878	0.00733	0.01509
16	0.08678	0.02625	0.07560	0.09522	0.03458	0.07769	0.01971	0.04338	0.16487	0.16923	0.03045	0.03030	0.02179	0.01191	0.00993	0.00320	0.01093	0.00943	0.00875	0.06999
17	0.02107	0.01158	0.01528	0.01514	0.01800	0.01043	0.01103	0.02403	0.02448	0.15309	0.14570	0.35930	0.09667	0.02613	0.01260	0.00384	0.00653	0.02322	0.01088	0.01099
18	0.03285	0.02307	0.03783	0.11575	0.21012	0.02298	0.10072	0.08338	0.02805	0.19735	0.02704	0.02968	0.01924	0.01090	0.01085	0.00330	0.01241	0.01026	0.00803	0.01619
19	0.08456	0.03645	0.26026	0.02695	0.03801	0.02417	0.07759	0.09926	0.02713	0.15631	0.02443	0.02597	0.01692	0.01135	0.01147	0.00339	0.04361	0.00903	0.00740	0.01576

[dist]
# distance from previous block
# <min> <max>
4	10

[block]
# block no. 3 follows, 13 sequences, length 22
# corresponding to MSA columns:
# 169-190
name=unknown_D
#
# <colnr> <probs for GDERKNQSTAVLIFYWHMCP>
#	G	D	E	R	K	N	Q	S	T	A	V	L	I	F	Y	W	H	M	C	P
0	0.14594	0.08806	0.12584	0.08767	0.11462	0.02448	0.02308	0.06849	0.02419	0.07990	0.02018	0.02333	0.01532	0.00999	0.00899	0.00294	0.01134	0.00777	0.00637	0.11150
1	0.01713	0.01302	0.01540	0.01437	0.01766	0.01266	0.01087	0.06165	0.06694	0.04037	0.34425	0.12090	0.17962	0.02237	0.01228	0.00346	0.00593	0.01938	0.01097	0.01078
2	0.12973	0.02436	0.07553	0.08566	0.06694	0.02319	0.06511	0.08942	0.06855	0.07693	0.07579	0.03125	0.02533	0.01227	0.01155	0.00329	0.04775	0.00998	0.00760	0.06974
3	0.02313	0.09842	0.37801	0.03685	0.13857	0.02643	0.08658	0.03317	0.02284	0.03295	0.01901	0.02319	0.01429	0.00972	0.01008	0.00324	0.01491	0.00840	0.00470	0.01550
4	0.05885	0.02369	0.09670	0.26891	0.05106	0.02214	0.10840	0.02990	0.06392	0.03250	0.06137	0.08430	0.02650	0.01326	0.01101	0.00356	0.01278	0.01224	0.00630	0.01261
5	0.03302	0.08929	0.17089	0.02485	0.07427	0.02102	0.02276	0.03943	0.02553	0.24968	0.02779	0.02756	0.01920	0.01078	0.00964	0.00291	0.01104	0.00862	0.00830	0.12342
6	0.02128	0.01336	0.01958	0.01849	0.02217	0.01255	0.05483	0.02563	0.02463	0.11325	0.08887	0.18734	0.08377	0.02344	0.01257	0.00396	0.00845	0.17403	0.08069	0.01110
7	0.03742	0.02978	0.03854	0.02926	0.03784	0.11149	0.16283	0.20210	0.03512	0.16782	0.02665	0.02778	0.01866	0.01143	0.01097	0.00324	0.01392	0.01021	0.00888	0.01605
8	0.02181	0.01828	0.02011	0.01791	0.02316	0.01943	0.01385	0.04046	0.31520	0.04140	0.17533	0.05292	0.09265	0.01656	0.01103	0.00331	0.00720	0.01405	0.01043	0.08490
9	0.03498	0.03311	0.02746	0.02318	0.02949	0.21586	0.01817	0.27019	0.03807	0.04581	0.03311	0.07965	0.07427	0.01515	0.01065	0.00315	0.01308	0.01155	0.00870	0.01438
10	0.70310	0.02045	0.01554	0.01390	0.02045	0.02372	0.01145	0.03108	0.01799	0.04744	0.01472	0.01718	0.01145	0.00981	0.00654	0.00327	0.00818	0.00573	0.00654	0.01145
11	0.02119	0.02047	0.03197	0.38037	0.05538	0.02693	0.02695	0.02641	0.01923	0.02641	0.01689	0.02623	0.01401	0.01364	0.01991	0.00395	0.24437	0.00934	0.00467	0.01168
12	0.03950	0.05039	0.02996	0.02724	0.03269	0.58597	0.02043	0.04222	0.02996	0.02588	0.01634	0.01907	0.01362	0.01090	0.00953	0.00272	0.01907	0.00681	0.00545	0.01226
13	0.01837	0.00918	0.01377	0.01377	0.01377	0.00918	0.00918	0.01377	0.01377	0.01837	0.01837	0.03214	0.01837	0.03673	0.04132	0.69238	0.00918	0.00918	0.00459	0.00459
14	0.70310	0.02045	0.01554	0.01390	0.02045	0.02372	0.01145	0.03108	0.01799	0.04744	0.01472	0.01718	0.01145	0.00981	0.00654	0.00327	0.00818	0.00573	0.00654	0.01145
15	0.12234	0.23186	0.08396	0.14926	0.04050	0.02986	0.07122	0.03359	0.05403	0.06288	0.01992	0.02352	0.01550	0.01012	0.00888	0.00304	0.01216	0.00801	0.00581	0.01356
16	0.01960	0.01175	0.01490	0.01391	0.01730	0.01049	0.01049	0.02349	0.02735	0.12573	0.30417	0.15784	0.17616	0.02296	0.01232	0.00351	0.00591	0.01999	0.01124	0.01090
17	0.03246	0.11247	0.08933	0.02437	0.03309	0.02369	0.10699	0.07352	0.07261	0.21014	0.08475	0.03465	0.02896	0.01245	0.01054	0.00321	0.01124	0.01088	0.00913	0.01553
18	0.01652	0.01098	0.01370	0.01347	0.01623	0.00984	0.00992	0.02011	0.02618	0.07850	0.28404	0.21351	0.19736	0.02498	0.01258	0.00362	0.00569	0.02187	0.01087	0.01004
19	0.02542	0.19412	0.20494	0.12932	0.04577	0.03011	0.10644	0.08342	0.02517	0.03360	0.01887	0.02324	0.01446	0.00997	0.00972	0.00311	0.01415	0.00844	0.00530	0.01443
20	0.39201	0.08204	0.07446	0.06833	0.03223	0.08433	0.06759	0.03244	0.02087	0.03896	0.01625	0.01982	0.01270	0.00985	0.00809	0.00318	0.01167	0.00698	0.00580	0.01238
21	0.15939	0.02302	0.02580	0.02013	0.02814	0.02379	0.01662	0.23597	0.03580	0.27943	0.03053	0.02850	0.02036	0.01236	0.00989	0.00323	0.00990	0.00933	0.01095	0.01684

[dist]
# distance from previous block
# <min> <max>
0	1

[block]
# block no. 4 follows, 13 sequences, length 8
# corresponding to MSA columns:
# 192-199
name=unknown_E
#
# <colnr> <probs for GDERKNQSTAVLIFYWHMCP>
#	G	D	E	R	K	N	Q	S	T	A	V	L	I	F	Y	W	H	M	C	P
0	0.11430	0.02920	0.02773	0.02253	0.02997	0.10649	0.01817	0.28265	0.11049	0.11266	0.02724	0.02674	0.01956	0.01239	0.01000	0.00319	0.01153	0.00918	0.00971	0.01626
1	0.01513	0.01133	0.01381	0.01512	0.01678	0.01120	0.01074	0.02019	0.07691	0.02867	0.05840	0.36243	0.11575	0.11342	0.01888	0.00504	0.00729	0.08014	0.00943	0.00934
2	0.02498	0.01676	0.02231	0.02394	0.09754	0.01682	0.01614	0.03530	0.14324	0.13607	0.19497	0.10364	0.05428	0.01822	0.01170	0.00354	0.00797	0.04827	0.01052	0.01378
3	0.01538	0.01025	0.01153	0.01153	0.01153	0.01025	0.00641	0.01538	0.01538	0.02050	0.03331	0.06919	0.03844	0.62842	0.05382	0.01025	0.01025	0.01538	0.00641	0.00641
4	0.02164	0.09668	0.16408	0.13318	0.03838	0.02387	0.02435	0.05718	0.05136	0.03285	0.06439	0.10141	0.03057	0.01587	0.01281	0.00358	0.06234	0.04587	0.00669	0.01291
5	0.01467	0.01080	0.01373	0.01299	0.01562	0.00985	0.00974	0.01938	0.02923	0.04075	0.50328	0.08169	0.15440	0.02223	0.01247	0.00335	0.00503	0.01950	0.01142	0.00985
6	0.36882	0.13565	0.08846	0.01869	0.02666	0.10528	0.01729	0.03445	0.02163	0.07552	0.01732	0.01931	0.01338	0.01009	0.00769	0.00303	0.01115	0.00645	0.00626	0.01287
7	0.45596	0.08014	0.09939	0.01822	0.02631	0.06603	0.01714	0.06745	0.02200	0.04339	0.01619	0.01860	0.01252	0.01006	0.00755	0.00315	0.01051	0.00636	0.00629	0.01274

[dist]
# distance from previous block
# <min> <max>
0	18

[block]
# block no. 5 follows, 13 sequences, length 14
# corresponding to MSA columns:
# 218-231
name=unknown_F
#
# <colnr> <probs for GDERKNQSTAVLIFYWHMCP>
#	G	D	E	R	K	N	Q	S	T	A	V	L	I	F	Y	W	H	M	C	P
0	0.02454	0.02346	0.03997	0.20619	0.43390	0.02469	0.03164	0.03102	0.02330	0.03257	0.01960	0.02670	0.01605	0.00972	0.01049	0.00324	0.01296	0.00941	0.00509	0.01543
1	0.03092	0.19974	0.14595	0.02525	0.03325	0.21931	0.02385	0.07340	0.02605	0.03026	0.01684	0.02016	0.01393	0.01132	0.01210	0.00300	0.08852	0.00722	0.00531	0.01364
2	0.02548	0.40546	0.26027	0.02285	0.03450	0.03500	0.02638	0.03238	0.02182	0.02828	0.01639	0.01908	0.01350	0.00944	0.00807	0.00269	0.01301	0.00651	0.00450	0.01438
3	0.01441	0.01038	0.01364	0.01368	0.01567	0.00961	0.00993	0.01857	0.02737	0.03833	0.42516	0.22231	0.09188	0.02466	0.01274	0.00358	0.00529	0.02201	0.01116	0.00961
4	0.01563	0.01192	0.01475	0.01536	0.01823	0.01143	0.01232	0.02139	0.05928	0.03421	0.20142	0.13008	0.20125	0.02583	0.01316	0.00400	0.00701	0.18244	0.01033	0.00997
5	0.01421	0.01018	0.01365	0.01523	0.01669	0.00962	0.01121	0.01745	0.02357	0.03193	0.18957	0.38431	0.07611	0.02935	0.01343	0.00415	0.00650	0.11338	0.01028	0.00917
6	0.02177	0.05077	0.49713	0.03229	0.04718	0.02488	0.11164	0.03354	0.02272	0.03354	0.01934	0.02325	0.01379	0.00988	0.01041	0.00338	0.01595	0.00851	0.00460	0.01542
7	0.01532	0.01055	0.01313	0.01427	0.01503	0.01042	0.00990	0.01697	0.01872	0.02474	0.04430	0.19305	0.05067	0.35088	0.03538	0.00764	0.00929	0.14405	0.00797	0.00772
8	0.02330	0.02342	0.03757	0.02902	0.03431	0.02609	0.15269	0.02798	0.02001	0.03004	0.01715	0.02424	0.01492	0.01317	0.02177	0.00354	0.29500	0.00932	0.00525	0.19121
9	0.02207	0.01863	0.03042	0.02471	0.03009	0.01882	0.14881	0.03082	0.09159	0.07421	0.18079	0.05967	0.08187	0.01776	0.01412	0.00373	0.05674	0.07352	0.00907	0.01256
10	0.20655	0.47248	0.04487	0.01699	0.02537	0.03705	0.01634	0.03151	0.02056	0.03084	0.01471	0.01702	0.01301	0.00925	0.00672	0.00253	0.01048	0.00567	0.00506	0.01301
11	0.02771	0.47372	0.05211	0.03046	0.16856	0.03742	0.02188	0.03187	0.02217	0.02743	0.01607	0.01939	0.01441	0.00914	0.00776	0.00249	0.01164	0.00665	0.00471	0.01441
12	0.02779	0.03053	0.16922	0.02343	0.03225	0.02440	0.02247	0.04956	0.33694	0.11183	0.03650	0.03446	0.02647	0.01304	0.01055	0.00348	0.01037	0.01068	0.00941	0.01661
13	0.13451	0.02556	0.02271	0.01929	0.02544	0.16639	0.01519	0.04017	0.02834	0.25125	0.12775	0.03685	0.03452	0.01363	0.01009	0.00314	0.01079	0.01050	0.00985	0.01402

[dist]
# distance from previous block
# <min> <max>
0	2

[block]
# block no. 6 follows, 13 sequences, length 22
# corresponding to MSA columns:
# 234-255
name=unknown_G
#
# <colnr> <probs for GDERKNQSTAVLIFYWHMCP>
#	G	D	E	R	K	N	Q	S	T	A	V	L	I	F	Y	W	H	M	C	P
0	0.08177	0.10188	0.20825	0.02266	0.03247	0.02197	0.05227	0.03541	0.02529	0.16995	0.11279	0.03444	0.03089	0.01252	0.01008	0.00320	0.01124	0.01025	0.00804	0.01464
1	0.03182	0.03024	0.09640	0.12354	0.04170	0.09151	0.07689	0.13145	0.02911	0.12545	0.02321	0.02654	0.01689	0.01227	0.01385	0.00345	0.09415	0.00945	0.00735	0.01474
2	0.02244	0.03396	0.23136	0.03967	0.20102	0.02379	0.07391	0.03052	0.02347	0.03420	0.09145	0.03178	0.02636	0.01221	0.01333	0.00343	0.07627	0.01040	0.00577	0.01466
3	0.02827	0.63478	0.05540	0.01809	0.02714	0.04184	0.01809	0.03166	0.02148	0.02488	0.01470	0.01696	0.01357	0.00905	0.00678	0.00226	0.01131	0.00565	0.00452	0.01357
4	0.03629	0.01935	0.02393	0.01987	0.02649	0.01917	0.01640	0.14967	0.07416	0.28162	0.08571	0.05143	0.03701	0.01651	0.01145	0.00354	0.00930	0.09058	0.01167	0.01583
5	0.01320	0.00943	0.01263	0.01509	0.01584	0.00886	0.01037	0.01527	0.02056	0.02735	0.05810	0.58306	0.06923	0.03282	0.01358	0.00434	0.00641	0.06537	0.00981	0.00868
6	0.02060	0.01718	0.02149	0.01890	0.02345	0.01824	0.04540	0.03683	0.25630	0.04267	0.29622	0.05834	0.06468	0.01760	0.01172	0.00346	0.00729	0.01554	0.01085	0.01323
7	0.02203	0.12260	0.51297	0.02873	0.04358	0.02658	0.03661	0.03327	0.02222	0.03248	0.01847	0.02169	0.01341	0.00993	0.00966	0.00322	0.01512	0.00756	0.00447	0.01539
8	0.01563	0.01118	0.01535	0.01735	0.01930	0.01090	0.01413	0.01970	0.02398	0.03183	0.12414	0.24992	0.06856	0.02925	0.01402	0.00450	0.00812	0.30266	0.01001	0.00946
9	0.10968	0.02282	0.02571	0.02021	0.02769	0.02378	0.01658	0.26706	0.03798	0.21856	0.09157	0.03409	0.02942	0.01356	0.01039	0.00323	0.00967	0.01059	0.01106	0.01636
10	0.01538	0.01025	0.01153	0.01153	0.01153	0.01025	0.00641	0.01538	0.01538	0.02050	0.03331	0.06919	0.03844	0.62842	0.05382	0.01025	0.01025	0.01538	0.00641	0.00641
11	0.01583	0.01230	0.01800	0.01759	0.01920	0.01471	0.01366	0.01924	0.01682	0.02437	0.02737	0.04166	0.02609	0.10850	0.50466	0.01548	0.07809	0.01140	0.00562	0.00944
12	0.01468	0.01059	0.01388	0.01349	0.01573	0.00979	0.00995	0.01925	0.02862	0.04032	0.48966	0.15213	0.09574	0.02317	0.01261	0.00346	0.00514	0.02060	0.01139	0.00979
13	0.02192	0.01879	0.02192	0.01566	0.02506	0.01409	0.01253	0.02662	0.02192	0.03445	0.01879	0.02192	0.01566	0.00783	0.00783	0.00157	0.00783	0.00626	0.00626	0.69305
14	0.02058	0.01824	0.02630	0.19958	0.11052	0.01761	0.01990	0.02578	0.02173	0.03112	0.02473	0.11226	0.02329	0.01258	0.00984	0.00277	0.01011	0.01112	0.00617	0.29576
15	0.21824	0.07700	0.14670	0.02066	0.02949	0.02496	0.02018	0.04150	0.16918	0.11206	0.02730	0.02713	0.01991	0.01152	0.00908	0.00330	0.01025	0.00860	0.00799	0.01492
16	0.10891	0.03363	0.02671	0.02227	0.02938	0.25220	0.01749	0.12541	0.03112	0.13216	0.02255	0.02333	0.01664	0.01107	0.00936	0.00280	0.01333	0.00777	0.00792	0.10597
17	0.03144	0.03367	0.21410	0.02802	0.07534	0.02446	0.02624	0.11225	0.08890	0.16814	0.02787	0.02842	0.01965	0.01229	0.01233	0.00342	0.05931	0.00946	0.00825	0.01644
18	0.10425	0.16238	0.15157	0.02355	0.06192	0.02728	0.02169	0.03752	0.15259	0.03614	0.02362	0.02503	0.01845	0.01055	0.00883	0.00291	0.01076	0.00802	0.00659	0.10637
19	0.02036	0.01085	0.01406	0.01355	0.01471	0.01046	0.00886	0.01968	0.01740	0.09458	0.03245	0.11169	0.03389	0.29878	0.03985	0.22040	0.00931	0.01437	0.00710	0.00764
20	0.12249	0.01970	0.02391	0.06646	0.05708	0.01967	0.01641	0.08877	0.07317	0.17819	0.09000	0.03419	0.02927	0.01245	0.00982	0.00303	0.00904	0.01008	0.00935	0.12693
21	0.26017	0.02122	0.08304	0.01728	0.02420	0.01790	0.01554	0.03425	0.02404	0.19961	0.10150	0.09579	0.03427	0.01489	0.00972	0.00340	0.00865	0.01184	0.00930	0.01340

[dist]
# distance from previous block
# <min> <max>
4	34

[block]
# block no. 7 follows, 13 sequences, length 19
# corresponding to MSA columns:
# 290-308
name=unknown_H
#
# <colnr> <probs for GDERKNQSTAVLIFYWHMCP>
#	G	D	E	R	K	N	Q	S	T	A	V	L	I	F	Y	W	H	M	C	P
0	0.02622	0.02155	0.02591	0.02120	0.02824	0.02190	0.04939	0.15184	0.16622	0.04377	0.03881	0.04622	0.07177	0.01493	0.01076	0.00318	0.00955	0.06861	0.00912	0.17082
1	0.16573	0.01906	0.02217	0.01741	0.02535	0.01774	0.01419	0.04245	0.07139	0.30356	0.03153	0.02954	0.02154	0.01140	0.00923	0.00292	0.00852	0.00883	0.01010	0.16734
2	0.04253	0.01874	0.02428	0.01891	0.02645	0.01725	0.01550	0.11347	0.03291	0.43684	0.10140	0.03969	0.03389	0.01406	0.01085	0.00326	0.00888	0.01150	0.01257	0.01703
3	0.02535	0.02493	0.04365	0.09765	0.42534	0.02576	0.09062	0.03169	0.02336	0.03322	0.01952	0.02636	0.01625	0.01015	0.01260	0.00333	0.05959	0.00977	0.00516	0.01569
4	0.02612	0.01933	0.02422	0.22521	0.04016	0.07684	0.01912	0.03141	0.02688	0.14539	0.20111	0.04563	0.04487	0.01478	0.01110	0.00332	0.01055	0.01259	0.00882	0.01252
5	0.01359	0.00964	0.01276	0.01499	0.01577	0.00915	0.01036	0.01562	0.02029	0.02696	0.05580	0.51412	0.06609	0.08527	0.01719	0.00489	0.00692	0.08257	0.00950	0.00853
6	0.02166	0.01448	0.01951	0.06317	0.02447	0.01557	0.01482	0.06648	0.02328	0.09512	0.04029	0.22215	0.04160	0.08530	0.10403	0.00653	0.05438	0.06753	0.00858	0.01104
7	0.03005	0.37782	0.09122	0.02150	0.03072	0.03354	0.05512	0.03787	0.08585	0.10946	0.02295	0.02376	0.01785	0.01036	0.00851	0.00275	0.01144	0.00782	0.00660	0.01483
8	0.03435	0.01999	0.03289	0.12733	0.09534	0.01934	0.09836	0.03999	0.02671	0.29031	0.03362	0.03983	0.02462	0.01305	0.01124	0.00349	0.01167	0.05305	0.00933	0.01549
9	0.01361	0.01025	0.01259	0.01308	0.01524	0.00923	0.00940	0.01692	0.02513	0.03354	0.26978	0.26600	0.21299	0.02684	0.01282	0.00371	0.00547	0.02363	0.01054	0.00923
10	0.01780	0.08669	0.01992	0.01672	0.01933	0.01529	0.01285	0.06317	0.02364	0.03097	0.04977	0.41726	0.05714	0.02781	0.01260	0.00404	0.00781	0.09776	0.00923	0.01020
11	0.02747	0.02922	0.15716	0.02384	0.03340	0.02144	0.06570	0.10827	0.08240	0.10369	0.02885	0.07964	0.02332	0.01273	0.01032	0.00306	0.01117	0.01089	0.00801	0.15941
12	0.01745	0.01546	0.02013	0.01821	0.01978	0.01847	0.01437	0.02028	0.02094	0.02904	0.14590	0.06035	0.17967	0.07952	0.06520	0.00546	0.23689	0.01534	0.00760	0.00995
13	0.03781	0.01975	0.02368	0.01935	0.02637	0.01988	0.01560	0.09077	0.19210	0.31685	0.04013	0.03647	0.02748	0.01338	0.01039	0.00329	0.00867	0.01089	0.07025	0.01690
14	0.03503	0.41706	0.04451	0.01835	0.02709	0.03255	0.01719	0.03867	0.02458	0.21723	0.02423	0.02368	0.01802	0.01047	0.00814	0.00262	0.01049	0.00741	0.00755	0.01513
15	0.03258	0.01721	0.02115	0.01775	0.02385	0.01670	0.01412	0.04347	0.16394	0.28318	0.14672	0.05096	0.08891	0.01626	0.01118	0.00339	0.00774	0.01364	0.01191	0.01532
16	0.37691	0.23441	0.10807	0.01763	0.02631	0.03000	0.01762	0.03162	0.01979	0.03778	0.01532	0.01783	0.01245	0.00959	0.00712	0.00294	0.01030	0.00600	0.00556	0.01276
17	0.03546	0.08250	0.02571	0.01788	0.02509	0.01812	0.01470	0.04164	0.07170	0.32188	0.07165	0.08479	0.03265	0.01439	0.01026	0.00308	0.00854	0.01189	0.01079	0.09726
18	0.04152	0.08866	0.10932	0.02042	0.02979	0.01966	0.01930	0.04675	0.02816	0.43255	0.03548	0.03195	0.02294	0.01221	0.01014	0.00318	0.01023	0.00969	0.01090	0.01717

[dist]
# distance from previous block
# <min> <max>
0	1

[block]
# block no. 8 follows, 13 sequences, length 70
# corresponding to MSA columns:
# 310-379
name=unknown_I
#
# <colnr> <probs for GDERKNQSTAVLIFYWHMCP>
#	G	D	E	R	K	N	Q	S	T	A	V	L	I	F	Y	W	H	M	C	P
0	0.03410	0.01922	0.02295	0.01962	0.02598	0.01972	0.01548	0.04975	0.26387	0.27184	0.04407	0.09968	0.03361	0.01579	0.01099	0.00352	0.00841	0.01330	0.01167	0.01642
1	0.48089	0.17882	0.06744	0.01618	0.02404	0.02838	0.01520	0.03141	0.01920	0.04067	0.01503	0.01751	0.01213	0.00964	0.00687	0.00302	0.00953	0.00586	0.00588	0.01230
2	0.02444	0.32000	0.33662	0.02463	0.03724	0.03246	0.02947	0.03265	0.02194	0.02955	0.01702	0.01987	0.01347	0.00959	0.00855	0.00285	0.01365	0.00683	0.00449	0.01468
3	0.03530	0.01920	0.02387	0.01778	0.02653	0.01614	0.01450	0.07476	0.02788	0.28957	0.03009	0.02882	0.02079	0.01067	0.00935	0.00249	0.00866	0.00856	0.00980	0.32524
4	0.01415	0.01078	0.01300	0.01245	0.01530	0.00963	0.00933	0.01837	0.02800	0.03783	0.40836	0.08650	0.25114	0.02332	0.01248	0.00341	0.00511	0.02018	0.01104	0.00963
5	0.03126	0.01436	0.01770	0.01498	0.02013	0.01345	0.01189	0.03761	0.06367	0.26534	0.11386	0.04370	0.03760	0.01414	0.00974	0.00301	0.00691	0.01168	0.25516	0.01382
6	0.02580	0.03159	0.21908	0.02262	0.03175	0.02131	0.02335	0.10476	0.10293	0.09883	0.16213	0.04100	0.03998	0.01429	0.01090	0.00334	0.01063	0.01181	0.00895	0.01493
7	0.01538	0.01025	0.01153	0.01153	0.01153	0.01025	0.00641	0.01538	0.01538	0.02050	0.03331	0.06919	0.03844	0.62842	0.05382	0.01025	0.01025	0.01538	0.00641	0.00641
8	0.07810	0.36833	0.14855	0.02125	0.03128	0.03554	0.02203	0.12164	0.02650	0.03574	0.01746	0.01954	0.01418	0.00995	0.00808	0.00271	0.01198	0.00678	0.00575	0.01461
9	0.14356	0.14055	0.13766	0.02671	0.03671	0.03012	0.12654	0.16277	0.02920	0.04311	0.01968	0.02259	0.01485	0.01029	0.00952	0.00314	0.01300	0.00849	0.00662	0.01489
10	0.01825	0.01145	0.01510	0.01399	0.01695	0.01046	0.01055	0.02291	0.02924	0.09719	0.46490	0.11504	0.08972	0.02157	0.01235	0.00339	0.00550	0.01904	0.01166	0.01072
11	0.25256	0.02636	0.02482	0.02012	0.02759	0.08482	0.01639	0.21405	0.03328	0.16611	0.02460	0.02442	0.01723	0.01167	0.00920	0.00318	0.01075	0.00827	0.00930	0.01530
12	0.01390	0.01053	0.01296	0.01392	0.01620	0.00959	0.01049	0.01719	0.02424	0.03156	0.17983	0.25338	0.23278	0.02796	0.01314	0.00395	0.00624	0.10276	0.01019	0.00919
13	0.01395	0.01015	0.01314	0.01369	0.01550	0.00934	0.00977	0.01750	0.02561	0.03521	0.32394	0.29937	0.12023	0.02662	0.01289	0.00373	0.00548	0.02376	0.01077	0.00934
14	0.02859	0.01634	0.01888	0.01616	0.02105	0.05382	0.01265	0.03290	0.02962	0.23543	0.29318	0.06041	0.10058	0.01806	0.01158	0.00328	0.00752	0.01532	0.01159	0.01303
15	0.02192	0.01879	0.02192	0.01566	0.02506	0.01409	0.01253	0.02662	0.02192	0.03445	0.01879	0.02192	0.01566	0.00783	0.00783	0.00157	0.00783	0.00626	0.00626	0.69305
16	0.01997	0.01879	0.03171	0.60301	0.07282	0.02349	0.02936	0.02701	0.02114	0.02701	0.01879	0.02819	0.01409	0.01057	0.01057	0.00352	0.01409	0.00940	0.00470	0.01175
17	0.70310	0.02045	0.01554	0.01390	0.02045	0.02372	0.01145	0.03108	0.01799	0.04744	0.01472	0.01718	0.01145	0.00981	0.00654	0.00327	0.00818	0.00573	0.00654	0.01145
18	0.02284	0.02173	0.03691	0.35360	0.29977	0.02425	0.03079	0.02953	0.02250	0.03050	0.01930	0.02725	0.01532	0.01004	0.01052	0.00335	0.01338	0.00941	0.00495	0.01406
19	0.01519	0.01051	0.01274	0.01235	0.01351	0.01012	0.00806	0.01750	0.02212	0.03065	0.27598	0.07373	0.06686	0.34717	0.03465	0.00704	0.00781	0.01711	0.00883	0.00806
20	0.09660	0.32664	0.11334	0.02046	0.02950	0.03393	0.02015	0.07700	0.12406	0.03547	0.02161	0.02272	0.01729	0.01058	0.00827	0.00284	0.01103	0.00748	0.00642	0.01460
21	0.01406	0.01082	0.01255	0.01246	0.01518	0.00972	0.00932	0.01745	0.02524	0.03283	0.25266	0.09182	0.29919	0.08900	0.01705	0.00431	0.00612	0.06103	0.01009	0.00910
22	0.02460	0.10098	0.47055	0.02789	0.04216	0.02509	0.03475	0.03524	0.02309	0.08963	0.02102	0.02331	0.01476	0.01028	0.00983	0.00325	0.01455	0.00793	0.00538	0.01570
23	0.01468	0.01050	0.01429	0.01645	0.01793	0.01010	0.01264	0.01797	0.02268	0.03015	0.10102	0.37868	0.06901	0.03059	0.01384	0.00443	0.00743	0.20851	0.00994	0.00916
24	0.02007	0.01848	0.02591	0.02306	0.02360	0.02471	0.01862	0.02256	0.01634	0.02469	0.01994	0.03303	0.01993	0.09779	0.19275	0.00870	0.38383	0.01046	0.00510	0.01044
25	0.02927	0.01861	0.02157	0.01871	0.02387	0.06129	0.01470	0.03268	0.02457	0.20767	0.03825	0.18504	0.03561	0.01859	0.01311	0.00340	0.06085	0.04659	0.00944	0.13618
26	0.20287	0.02987	0.02530	0.02160	0.02832	0.14385	0.01714	0.18147	0.16383	0.04762	0.02534	0.02561	0.01909	0.01202	0.00939	0.00321	0.01148	0.00863	0.00854	0.01483
27	0.02257	0.01806	0.02284	0.02005	0.02231	0.02173	0.01561	0.12551	0.02317	0.03252	0.02506	0.04020	0.02432	0.18824	0.18212	0.00906	0.17759	0.01142	0.00659	0.01102
28	0.01429	0.01023	0.01379	0.01560	0.01702	0.00973	0.01160	0.01748	0.02311	0.03110	0.15424	0.39445	0.07350	0.02994	0.01357	0.00425	0.00679	0.14001	0.01015	0.00914
29	0.02463	0.02368	0.04140	0.26112	0.24761	0.02536	0.11935	0.06661	0.02499	0.03391	0.02015	0.02730	0.01571	0.01000	0.01088	0.00336	0.01402	0.00997	0.00544	0.01450
30	0.01380	0.00987	0.01327	0.01537	0.01649	0.00934	0.01105	0.01648	0.02196	0.02941	0.11078	0.47953	0.07157	0.03125	0.01357	0.00429	0.00662	0.10643	0.01000	0.00893
31	0.14423	0.02033	0.02458	0.02139	0.02609	0.07522	0.09840	0.02883	0.07846	0.03572	0.10800	0.21357	0.04473	0.01897	0.01123	0.00362	0.00986	0.01688	0.00838	0.01149
32	0.59166	0.02199	0.01826	0.01566	0.02252	0.02524	0.01290	0.11448	0.02333	0.05067	0.01651	0.01856	0.01255	0.01030	0.00722	0.00326	0.00876	0.00636	0.00722	0.01255
33	0.03195	0.03114	0.04800	0.03548	0.04483	0.08585	0.29051	0.21316	0.03442	0.04491	0.02232	0.02642	0.01650	0.01048	0.01149	0.00334	0.01571	0.01083	0.00725	0.01540
34	0.04109	0.02122	0.02569	0.02045	0.02816	0.02122	0.01665	0.13871	0.15597	0.35359	0.03907	0.03489	0.02614	0.01331	0.01065	0.00333	0.00932	0.01075	0.01208	0.01769
35	0.02626	0.02143	0.04172	0.03138	0.03906	0.01981	0.28684	0.03265	0.02570	0.13733	0.08604	0.13479	0.03558	0.01508	0.01229	0.00361	0.01284	0.01575	0.00824	0.01359
36	0.02827	0.63478	0.05540	0.01809	0.02714	0.04184	0.01809	0.03166	0.02148	0.02488	0.01470	0.01696	0.01357	0.00905	0.00678	0.00226	0.01131	0.00565	0.00452	0.01357
37	0.01536	0.01032	0.01190	0.01190	0.01202	0.01045	0.00686	0.01561	0.01548	0.02077	0.03298	0.06734	0.03763	0.59157	0.08956	0.01070	0.01146	0.01510	0.00636	0.00661
38	0.02441	0.02333	0.03975	0.21712	0.42395	0.02466	0.03158	0.03091	0.02325	0.03241	0.01958	0.02674	0.01600	0.00975	0.01050	0.00325	0.01299	0.00941	0.00508	0.01533
39	0.01371	0.01076	0.01239	0.01198	0.01502	0.00944	0.00899	0.01752	0.02696	0.03534	0.32749	0.09059	0.33357	0.02425	0.01248	0.00345	0.00518	0.02075	0.01071	0.00944
40	0.02789	0.02770	0.04634	0.18112	0.05374	0.08487	0.27383	0.06882	0.02663	0.07156	0.02192	0.02774	0.01615	0.01010	0.01142	0.00342	0.01595	0.01076	0.00611	0.01394
41	0.01592	0.01253	0.01856	0.01809	0.01978	0.01517	0.01423	0.01955	0.01691	0.02464	0.02685	0.03966	0.02515	0.07311	0.53035	0.01573	0.08744	0.01112	0.00556	0.00966
42	0.03398	0.15565	0.03400	0.02182	0.02965	0.03171	0.01839	0.25201	0.18926	0.08247	0.02938	0.02843	0.02180	0.01243	0.00983	0.00311	0.01043	0.00949	0.00950	0.01667
43	0.03887	0.02763	0.03000	0.02345	0.03154	0.03036	0.01922	0.41921	0.11757	0.10751	0.02930	0.02829	0.02071	0.01296	0.01061	0.00324	0.01094	0.00996	0.01082	0.01781
44	0.01297	0.01073	0.01137	0.01121	0.01457	0.00913	0.00841	0.01610	0.02523	0.03124	0.19418	0.09734	0.46943	0.02578	0.01249	0.00352	0.00528	0.02170	0.01017	0.00913
45	0.01872	0.01814	0.03491	0.02761	0.03313	0.01695	0.23763	0.02443	0.02461	0.03366	0.15922	0.23125	0.05308	0.01969	0.01280	0.00374	0.01104	0.01970	0.00827	0.01143
46	0.01997	0.01879	0.03171	0.60301	0.07282	0.02349	0.02936	0.02701	0.02114	0.02701	0.01879	0.02819	0.01409	0.01057	0.01057	0.00352	0.01409	0.00940	0.00470	0.01175
47	0.01382	0.01038	0.01281	0.01300	0.01530	0.00937	0.00945	0.01744	0.02605	0.03507	0.31929	0.21999	0.20777	0.02579	0.01273	0.00363	0.00537	0.02265	0.01073	0.00937
48	0.01530	0.01055	0.01303	0.01303	0.01355	0.01106	0.00827	0.01634	0.01582	0.02161	0.03194	0.06161	0.03515	0.47786	0.19987	0.01210	0.01521	0.01427	0.00620	0.00724
49	0.01708	0.01087	0.01383	0.01402	0.01651	0.00979	0.01015	0.02022	0.02480	0.08930	0.20918	0.30886	0.16224	0.02653	0.01272	0.00378	0.00597	0.02344	0.01069	0.01005
50	0.01288	0.00920	0.01227	0.01472	0.01534	0.00859	0.00981	0.01472	0.02024	0.02699	0.05828	0.62152	0.06993	0.03312	0.01350	0.00429	0.00613	0.03006	0.00981	0.00859
51	0.02192	0.01879	0.02192	0.01566	0.02506	0.01409	0.01253	0.02662	0.02192	0.03445	0.01879	0.02192	0.01566	0.00783	0.00783	0.00157	0.00783	0.00626	0.00626	0.69305
52	0.02617	0.02512	0.04292	0.06490	0.56246	0.02512	0.03245	0.03245	0.02407	0.03454	0.01989	0.02617	0.01675	0.00942	0.01047	0.00314	0.01256	0.00942	0.00523	0.01675
53	0.02579	0.02228	0.02744	0.02134	0.02882	0.02233	0.04648	0.10464	0.13637	0.04000	0.02445	0.02669	0.01934	0.01127	0.01237	0.00272	0.08181	0.00867	0.00758	0.32961
54	0.03540	0.04299	0.02975	0.02674	0.03133	0.43594	0.02051	0.04082	0.07991	0.02767	0.01865	0.02183	0.01556	0.01253	0.01389	0.00313	0.11716	0.00774	0.00585	0.01260
55	0.09010	0.02402	0.02371	0.02011	0.02619	0.08007	0.01593	0.15795	0.16503	0.10341	0.14034	0.03989	0.03850	0.01458	0.01056	0.00328	0.00959	0.01165	0.01024	0.01484
56	0.02771	0.02486	0.02557	0.02027	0.02706	0.11392	0.01622	0.03155	0.02301	0.08576	0.01976	0.02311	0.01604	0.01095	0.01360	0.00253	0.12623	0.00738	0.00650	0.37796
57	0.02436	0.02675	0.05253	0.03904	0.04622	0.02859	0.35951	0.03110	0.02208	0.03110	0.01892	0.02675	0.01533	0.01206	0.01978	0.00391	0.21205	0.01142	0.00511	0.01338
58	0.02863	0.02387	0.02522	0.02199	0.02838	0.02739	0.01730	0.13537	0.46038	0.04800	0.04007	0.03708	0.02987	0.01407	0.01073	0.00352	0.00892	0.01154	0.01073	0.01694
59	0.01614	0.01333	0.01820	0.01825	0.01877	0.01573	0.01351	0.01814	0.01838	0.02575	0.04087	0.35008	0.04738	0.08591	0.08117	0.00620	0.17407	0.02116	0.00767	0.00930
60	0.08395	0.01359	0.01706	0.01484	0.01922	0.01268	0.01161	0.02945	0.02897	0.18518	0.37040	0.06197	0.07217	0.01828	0.01146	0.00331	0.00635	0.01566	0.01158	0.01227
61	0.01677	0.01129	0.01421	0.01320	0.01629	0.01017	0.01000	0.02126	0.02885	0.07671	0.43566	0.08028	0.18139	0.02200	0.01235	0.00337	0.00534	0.01913	0.01140	0.01034
62	0.01315	0.01058	0.01173	0.01177	0.01477	0.00916	0.00870	0.01633	0.02517	0.03188	0.21502	0.14895	0.39342	0.02613	0.01259	0.00358	0.00534	0.02230	0.01027	0.00916
63	0.03895	0.02520	0.02988	0.02346	0.03025	0.02798	0.01942	0.30180	0.03803	0.19679	0.02768	0.02787	0.01945	0.01390	0.01516	0.00348	0.12401	0.00977	0.01014	0.01677
64	0.01288	0.00920	0.01227	0.01472	0.01534	0.00859	0.00981	0.01472	0.02024	0.02699	0.05828	0.62152	0.06993	0.03312	0.01350	0.00429	0.00613	0.03006	0.00981	0.00859
65	0.02827	0.63478	0.05540	0.01809	0.02714	0.04184	0.01809	0.03166	0.02148	0.02488	0.01470	0.01696	0.01357	0.00905	0.00678	0.00226	0.01131	0.00565	0.00452	0.01357
66	0.02192	0.01879	0.02192	0.01566	0.02506	0.01409	0.01253	0.02662	0.02192	0.03445	0.01879	0.02192	0.01566	0.00783	0.00783	0.00157	0.00783	0.00626	0.00626	0.69305
67	0.02192	0.01879	0.02192	0.01566	0.02506	0.01409	0.01253	0.02662	0.02192	0.03445	0.01879	0.02192	0.01566	0.00783	0.00783	0.00157	0.00783	0.00626	0.00626	0.69305
68	0.01250	0.01071	0.01071	0.01071	0.01428	0.00893	0.00803	0.01517	0.02410	0.02856	0.10711	0.10175	0.55817	0.02678	0.01250	0.00357	0.00536	0.02231	0.00982	0.00893
69	0.01997	0.01879	0.03171	0.60301	0.07282	0.02349	0.02936	0.02701	0.02114	0.02701	0.01879	0.02819	0.01409	0.01057	0.01057	0.00352	0.01409	0.00940	0.00470	0.01175

[dist]
# distance from previous block
# <min> <max>
0	6

[block]
# block no. 9 follows, 13 sequences, length 25
# corresponding to MSA columns:
# 386-410
name=unknown_J
#
# <colnr> <probs for GDERKNQSTAVLIFYWHMCP>
#	G	D	E	R	K	N	Q	S	T	A	V	L	I	F	Y	W	H	M	C	P
0	0.02617	0.02512	0.04292	0.06490	0.56246	0.02512	0.03245	0.03245	0.02407	0.03454	0.01989	0.02617	0.01675	0.00942	0.01047	0.00314	0.01256	0.00942	0.00523	0.01675
1	0.70310	0.02045	0.01554	0.01390	0.02045	0.02372	0.01145	0.03108	0.01799	0.04744	0.01472	0.01718	0.01145	0.00981	0.00654	0.00327	0.00818	0.00573	0.00654	0.01145
2	0.02496	0.02852	0.06239	0.04456	0.05526	0.02674	0.52406	0.03387	0.02496	0.03387	0.02139	0.02852	0.01604	0.00891	0.01248	0.00357	0.01783	0.01248	0.00535	0.01426
3	0.02630	0.02271	0.02391	0.02152	0.02749	0.02630	0.01674	0.05618	0.54336	0.04423	0.04303	0.03945	0.03228	0.01434	0.01076	0.00359	0.00837	0.01195	0.01076	0.01674
4	0.01608	0.01171	0.01458	0.01413	0.01448	0.01296	0.00931	0.01701	0.01576	0.02174	0.03049	0.05954	0.03380	0.46650	0.15135	0.01096	0.07199	0.01402	0.00609	0.00748
5	0.01510	0.01133	0.01699	0.01699	0.01888	0.01322	0.01322	0.01888	0.01699	0.02454	0.02832	0.04154	0.02643	0.07930	0.58652	0.01699	0.02832	0.01133	0.00566	0.00944
6	0.02972	0.02145	0.02380	0.01866	0.02645	0.05059	0.01494	0.09701	0.07405	0.13782	0.02688	0.02831	0.02035	0.01715	0.06547	0.00384	0.01122	0.00853	0.00838	0.31539
7	0.02216	0.02151	0.02976	0.02572	0.02572	0.02960	0.02103	0.02418	0.01609	0.02482	0.01632	0.02892	0.01697	0.09517	0.03710	0.00533	0.53379	0.01002	0.00485	0.01092
8	0.01279	0.01044	0.01131	0.01169	0.01461	0.00896	0.00854	0.01552	0.02391	0.02952	0.13862	0.19668	0.42567	0.02750	0.01268	0.00368	0.00547	0.02347	0.00998	0.00896
