[name]
unknown

[dist]
# distance from previous block
# <min> <max>
0	301

[block]
# block no. 0 follows, 13 sequences, length 41
# corresponding to MSA columns:
# 316-356
name=unknown_A
#
# <colnr> <probs for GDERKNQSTAVLIFYWHMCP>
#	G	D	E	R	K	N	Q	S	T	A	V	L	I	F	Y	W	H	M	C	P
0	0.01704	0.01217	0.01704	0.01947	0.02191	0.01217	0.01704	0.02191	0.02434	0.03164	0.05598	0.11926	0.06085	0.02921	0.01460	0.00487	0.00974	0.49130	0.00974	0.00974
1	0.02194	0.02281	0.04512	0.27260	0.05878	0.02380	0.27061	0.02971	0.02385	0.03184	0.07116	0.03317	0.02319	0.01080	0.01169	0.00353	0.01506	0.01183	0.00568	0.01281
2	0.02539	0.02696	0.05253	0.04384	0.13250	0.02640	0.35614	0.03753	0.11512	0.03578	0.02492	0.03004	0.01898	0.00994	0.01185	0.00350	0.01533	0.01189	0.00627	0.01509
3	0.01275	0.00971	0.01175	0.01337	0.01498	0.00870	0.00922	0.01487	0.02154	0.02752	0.07468	0.44687	0.23398	0.03099	0.01316	0.00405	0.00587	0.02746	0.00982	0.00870
4	0.70310	0.02045	0.01554	0.01390	0.02045	0.02372	0.01145	0.03108	0.01799	0.04744	0.01472	0.01718	0.01145	0.00981	0.00654	0.00327	0.00818	0.00573	0.00654	0.01145
5	0.15195	0.01811	0.02105	0.01760	0.02358	0.01863	0.01420	0.11154	0.02701	0.16101	0.07159	0.03451	0.02738	0.02937	0.15524	0.00656	0.01371	0.01003	0.00885	0.07807
6	0.04019	0.02962	0.03173	0.02433	0.03279	0.03279	0.02010	0.52721	0.04971	0.06663	0.02538	0.02538	0.01798	0.01269	0.01058	0.00317	0.01163	0.00952	0.01058	0.01798
7	0.01288	0.00920	0.01227	0.01472	0.01534	0.00859	0.00981	0.01472	0.02024	0.02699	0.05828	0.62152	0.06993	0.03312	0.01350	0.00429	0.00613	0.03006	0.00981	0.00859
8	0.03395	0.34423	0.04365	0.02155	0.02986	0.12000	0.01911	0.19975	0.03223	0.03906	0.01854	0.02011	0.01506	0.01055	0.00847	0.00264	0.01258	0.00713	0.00670	0.01486
9	0.03399	0.01509	0.01980	0.01618	0.02225	0.01313	0.01299	0.03807	0.02918	0.35563	0.17594	0.05695	0.12992	0.01735	0.01138	0.00333	0.00745	0.01456	0.01221	0.01460
10	0.01544	0.01071	0.01370	0.01296	0.01545	0.00996	0.00972	0.02042	0.02915	0.04210	0.50456	0.07502	0.09249	0.02068	0.01196	0.00324	0.00498	0.01819	0.07929	0.00996
11	0.02265	0.02311	0.02243	0.02096	0.02327	0.16090	0.01616	0.02560	0.02000	0.02470	0.02326	0.03499	0.02205	0.09638	0.30403	0.01075	0.12284	0.01016	0.00549	0.01027
12	0.01288	0.00920	0.01227	0.01472	0.01534	0.00859	0.00981	0.01472	0.02024	0.02699	0.05828	0.62152	0.06993	0.03312	0.01350	0.00429	0.00613	0.03006	0.00981	0.00859
13	0.02029	0.01859	0.03126	0.13446	0.17305	0.02079	0.06338	0.02558	0.02013	0.02840	0.02271	0.03263	0.01988	0.03842	0.24414	0.00893	0.06936	0.01042	0.00527	0.01231
14	0.09164	0.51835	0.10353	0.01890	0.02837	0.03839	0.01956	0.03179	0.02124	0.02788	0.01513	0.01752	0.01335	0.00922	0.00709	0.00247	0.01144	0.00588	0.00471	0.01357
15	0.02992	0.01626	0.02047	0.01693	0.02230	0.01553	0.01348	0.11261	0.03324	0.22297	0.29832	0.05591	0.06188	0.01731	0.01155	0.00328	0.00741	0.01472	0.01195	0.01396
16	0.01538	0.01025	0.01153	0.01153	0.01153	0.01025	0.00641	0.01538	0.01538	0.02050	0.03331	0.06919	0.03844	0.62842	0.05382	0.01025	0.01025	0.01538	0.00641	0.00641
17	0.02121	0.05469	0.57364	0.03014	0.04576	0.02455	0.03906	0.03348	0.02232	0.03348	0.01897	0.02232	0.01339	0.01005	0.01005	0.00335	0.01563	0.00781	0.00446	0.01563
18	0.02827	0.63478	0.05540	0.01809	0.02714	0.04184	0.01809	0.03166	0.02148	0.02488	0.01470	0.01696	0.01357	0.00905	0.00678	0.00226	0.01131	0.00565	0.00452	0.01357
19	0.08553	0.49729	0.09498	0.01933	0.02851	0.07198	0.01947	0.03241	0.02178	0.02759	0.01517	0.01757	0.01338	0.00931	0.00721	0.00247	0.01189	0.00592	0.00475	0.01349
20	0.08976	0.27380	0.17306	0.02012	0.02926	0.02811	0.02118	0.03132	0.02268	0.07626	0.06587	0.07689	0.02622	0.01280	0.00895	0.00298	0.01095	0.00981	0.00645	0.01354
21	0.04151	0.03063	0.02642	0.02195	0.02877	0.22139	0.01734	0.11441	0.03234	0.26406	0.02977	0.02868	0.02058	0.01219	0.00999	0.00300	0.01267	0.00905	0.05990	0.01534
22	0.01436	0.01067	0.01221	0.01182	0.01478	0.00950	0.00887	0.01833	0.02660	0.03604	0.30750	0.08500	0.29333	0.02295	0.01197	0.00335	0.00514	0.01959	0.07850	0.00950
23	0.02313	0.02313	0.03238	0.02776	0.02776	0.03238	0.02313	0.02545	0.01619	0.02545	0.01388	0.02313	0.01388	0.01851	0.03470	0.00463	0.60907	0.00925	0.00463	0.01157
24	0.01323	0.00945	0.01267	0.01512	0.01588	0.00889	0.01042	0.01532	0.02058	0.02738	0.05808	0.57962	0.06917	0.03280	0.01359	0.00434	0.00643	0.06854	0.00981	0.00868
25	0.01413	0.01016	0.01338	0.01387	0.01561	0.00942	0.00991	0.01785	0.02604	0.03621	0.35654	0.29698	0.08778	0.02624	0.01288	0.00371	0.00545	0.02352	0.01091	0.00942
26	0.01704	0.01217	0.01704	0.01947	0.02191	0.01217	0.01704	0.02191	0.02434	0.03164	0.05598	0.11926	0.06085	0.02921	0.01460	0.00487	0.00974	0.49130	0.00974	0.00974
27	0.02281	0.18673	0.45568	0.02739	0.04152	0.02849	0.03429	0.03307	0.02213	0.03152	0.01800	0.02110	0.01343	0.00982	0.00930	0.00310	0.01464	0.00732	0.00448	0.01516
28	0.01305	0.00933	0.01242	0.01461	0.01537	0.00870	0.00983	0.01513	0.02101	0.02820	0.09753	0.57880	0.07228	0.03222	0.01341	0.00422	0.00604	0.02920	0.00996	0.00870
29	0.01971	0.00985	0.00985	0.00985	0.01232	0.00985	0.00739	0.02464	0.02217	0.03942	0.03449	0.03942	0.02710	0.01232	0.00739	0.00246	0.00493	0.00985	0.68712	0.00985
30	0.02770	0.08844	0.29803	0.02623	0.03785	0.02841	0.02869	0.16990	0.11394	0.04347	0.02426	0.02550	0.01770	0.01137	0.01005	0.00325	0.01304	0.00877	0.00713	0.01628
31	0.70310	0.02045	0.01554	0.01390	0.02045	0.02372	0.01145	0.03108	0.01799	0.04744	0.01472	0.01718	0.01145	0.00981	0.00654	0.00327	0.00818	0.00573	0.00654	0.01145
32	0.70310	0.02045	0.01554	0.01390	0.02045	0.02372	0.01145	0.03108	0.01799	0.04744	0.01472	0.01718	0.01145	0.00981	0.00654	0.00327	0.00818	0.00573	0.00654	0.01145
33	0.09539	0.03435	0.24470	0.02338	0.03400	0.02238	0.02493	0.11938	0.02913	0.17904	0.06784	0.03032	0.02406	0.01216	0.01014	0.00329	0.01171	0.00952	0.00847	0.01579
34	0.01319	0.00961	0.01243	0.01410	0.01531	0.00885	0.00967	0.01564	0.02223	0.02972	0.14628	0.48145	0.12128	0.03060	0.01323	0.00406	0.00587	0.02749	0.01012	0.00885
35	0.01288	0.00920	0.01227	0.01472	0.01534	0.00859	0.00981	0.01472	0.02024	0.02699	0.05828	0.62152	0.06993	0.03312	0.01350	0.00429	0.00613	0.03006	0.00981	0.00859
36	0.13463	0.30227	0.25720	0.02225	0.03354	0.03196	0.02544	0.03230	0.02126	0.03199	0.01642	0.01915	0.01316	0.00957	0.00806	0.00286	0.01254	0.00653	0.00483	0.01405
37	0.13418	0.01907	0.02901	0.50451	0.06406	0.02353	0.02637	0.02769	0.02062	0.03043	0.01811	0.02635	0.01365	0.01044	0.00990	0.00348	0.01311	0.00878	0.00501	0.01170
38	0.01383	0.01074	0.01274	0.01343	0.01611	0.00965	0.01031	0.01719	0.02457	0.03139	0.17233	0.18762	0.30302	0.02733	0.01304	0.00388	0.00621	0.10730	0.01014	0.00921
39	0.02423	0.03352	0.21667	0.12770	0.13722	0.02436	0.07241	0.09998	0.02726	0.03819	0.07409	0.03058	0.02362	0.01145	0.01073	0.00333	0.01340	0.01012	0.00629	0.01484
40	0.03132	0.11485	0.08541	0.02596	0.07289	0.02452	0.06342	0.13309	0.03010	0.15594	0.03646	0.04111	0.07571	0.01404	0.01063	0.00327	0.01122	0.04623	0.00865	0.01518

[dist]
# distance from previous block
# <min> <max>
0	3

[block]
# block no. 1 follows, 13 sequences, length 42
# corresponding to MSA columns:
# 360-401
name=unknown_B
#
# <colnr> <probs for GDERKNQSTAVLIFYWHMCP>
#	G	D	E	R	K	N	Q	S	T	A	V	L	I	F	Y	W	H	M	C	P
0	0.21397	0.07786	0.11496	0.06147	0.03068	0.06925	0.02069	0.02926	0.02075	0.03372	0.02559	0.03377	0.05713	0.01416	0.01369	0.00356	0.11756	0.04390	0.00596	0.01210
1	0.02882	0.14749	0.17444	0.03472	0.17119	0.06992	0.02713	0.07296	0.07036	0.07216	0.02233	0.02472	0.01715	0.01053	0.00965	0.00305	0.01291	0.00843	0.00633	0.01571
2	0.01491	0.01115	0.01659	0.01680	0.01858	0.01282	0.01293	0.01852	0.01727	0.02475	0.03089	0.09119	0.03016	0.07534	0.53746	0.01591	0.02642	0.01293	0.00602	0.00937
3	0.03409	0.02639	0.03106	0.16479	0.04207	0.02997	0.02206	0.36526	0.08503	0.05508	0.02529	0.02727	0.01826	0.01232	0.01059	0.00329	0.01195	0.00970	0.00916	0.01636
4	0.02121	0.05469	0.57364	0.03014	0.04576	0.02455	0.03906	0.03348	0.02232	0.03348	0.01897	0.02232	0.01339	0.01005	0.01005	0.00335	0.01563	0.00781	0.00446	0.01563
5	0.03085	0.02094	0.03471	0.23087	0.18330	0.02160	0.06470	0.03689	0.02515	0.20499	0.02669	0.03021	0.01884	0.01096	0.01071	0.00335	0.01234	0.01005	0.00760	0.01526
6	0.02231	0.16075	0.03898	0.07937	0.11851	0.02462	0.11707	0.02689	0.02074	0.02742	0.02271	0.03551	0.02134	0.14718	0.08756	0.00619	0.01482	0.01062	0.00534	0.01207
7	0.02397	0.01299	0.01593	0.01393	0.01863	0.01126	0.01089	0.02773	0.02762	0.19959	0.21165	0.07512	0.26670	0.02112	0.01191	0.00341	0.00638	0.01782	0.01133	0.01202
8	0.04219	0.01853	0.02747	0.02091	0.02899	0.01620	0.06942	0.04669	0.02919	0.46847	0.04484	0.04052	0.06824	0.01375	0.01098	0.00333	0.00965	0.01178	0.01199	0.01686
9	0.07105	0.08117	0.11442	0.17602	0.04392	0.07271	0.06428	0.03010	0.02125	0.02995	0.01723	0.02338	0.01396	0.01153	0.01444	0.00337	0.12996	0.00834	0.00500	0.06792
10	0.01274	0.00975	0.01170	0.01327	0.01495	0.00871	0.00917	0.01489	0.02164	0.02756	0.07595	0.43344	0.24660	0.03083	0.01313	0.00403	0.00585	0.02726	0.00982	0.00871
11	0.01697	0.01317	0.01586	0.01553	0.01881	0.01313	0.01223	0.02597	0.11906	0.03830	0.29245	0.08364	0.15706	0.02267	0.01259	0.00371	0.00658	0.11052	0.01081	0.01095
12	0.02097	0.01981	0.03352	0.51634	0.15168	0.02375	0.02986	0.02789	0.02161	0.02823	0.01897	0.02786	0.01452	0.01039	0.01055	0.00346	0.01385	0.00940	0.00478	0.01255
13	0.04142	0.02764	0.03051	0.02339	0.03180	0.02986	0.01932	0.44631	0.04640	0.15220	0.02816	0.02719	0.01937	0.01276	0.01059	0.00319	0.01119	0.00971	0.01100	0.01798
14	0.01415	0.01078	0.01301	0.01245	0.01530	0.00963	0.00934	0.01838	0.02802	0.03786	0.40930	0.08645	0.25018	0.02331	0.01248	0.00341	0.00511	0.02017	0.01104	0.00963
15	0.01367	0.00978	0.01308	0.01500	0.01611	0.00920	0.01061	0.01634	0.02226	0.02999	0.13908	0.47951	0.07381	0.03083	0.01345	0.00420	0.00633	0.07770	0.01010	0.00894
16	0.01997	0.01879	0.03171	0.60301	0.07282	0.02349	0.02936	0.02701	0.02114	0.02701	0.01879	0.02819	0.01409	0.01057	0.01057	0.00352	0.01409	0.00940	0.00470	0.01175
17	0.01965	0.01512	0.01637	0.01544	0.01778	0.01653	0.01045	0.03134	0.22189	0.02978	0.03712	0.05756	0.03603	0.38824	0.03697	0.00764	0.00951	0.01404	0.00811	0.01045
18	0.02447	0.01379	0.01623	0.01453	0.01941	0.01236	0.01126	0.02973	0.06828	0.19687	0.07641	0.13201	0.29828	0.02221	0.01188	0.00356	0.00681	0.01868	0.01090	0.01233
19	0.04033	0.01984	0.02472	0.01935	0.02669	0.01911	0.01582	0.16952	0.03524	0.35466	0.12046	0.04017	0.03591	0.01436	0.01091	0.00325	0.00903	0.01171	0.01220	0.01670
20	0.02496	0.02852	0.06239	0.04456	0.05526	0.02674	0.52406	0.03387	0.02496	0.03387	0.02139	0.02852	0.01604	0.00891	0.01248	0.00357	0.01783	0.01248	0.00535	0.01426
21	0.02190	0.01197	0.01220	0.01141	0.01451	0.01231	0.00875	0.07848	0.02512	0.04233	0.03352	0.03791	0.02612	0.01236	0.00773	0.00254	0.00565	0.00982	0.61463	0.01073
22	0.02313	0.02313	0.03238	0.02776	0.02776	0.03238	0.02313	0.02545	0.01619	0.02545	0.01388	0.02313	0.01388	0.01851	0.03470	0.00463	0.60907	0.00925	0.00463	0.01157
23	0.04045	0.02328	0.02807	0.06936	0.03321	0.02424	0.01867	0.24780	0.07922	0.27320	0.03314	0.03122	0.02227	0.01282	0.01061	0.00328	0.01046	0.01017	0.01116	0.01737
24	0.02331	0.02221	0.03776	0.31271	0.33697	0.02437	0.03103	0.02995	0.02272	0.03108	0.01938	0.02710	0.01553	0.00995	0.01052	0.00332	0.01327	0.00941	0.00499	0.01444
25	0.70310	0.02045	0.01554	0.01390	0.02045	0.02372	0.01145	0.03108	0.01799	0.04744	0.01472	0.01718	0.01145	0.00981	0.00654	0.00327	0.00818	0.00573	0.00654	0.01145
26	0.01276	0.01054	0.01091	0.01113	0.01415	0.00900	0.00806	0.01515	0.02305	0.02777	0.09683	0.14484	0.47306	0.07613	0.01594	0.00418	0.00582	0.02243	0.00954	0.00869
27	0.01287	0.01073	0.01123	0.01110	0.01451	0.00908	0.00833	0.01590	0.02498	0.03066	0.17524	0.09830	0.48873	0.02600	0.01249	0.00353	0.00530	0.02183	0.01009	0.00908
28	0.01517	0.01108	0.01574	0.01574	0.01719	0.01253	0.01165	0.01807	0.01662	0.02361	0.02947	0.04790	0.02919	0.20563	0.46396	0.01544	0.02416	0.01226	0.00583	0.00874
29	0.01997	0.01879	0.03171	0.60301	0.07282	0.02349	0.02936	0.02701	0.02114	0.02701	0.01879	0.02819	0.01409	0.01057	0.01057	0.00352	0.01409	0.00940	0.00470	0.01175
30	0.02827	0.63478	0.05540	0.01809	0.02714	0.04184	0.01809	0.03166	0.02148	0.02488	0.01470	0.01696	0.01357	0.00905	0.00678	0.00226	0.01131	0.00565	0.00452	0.01357
31	0.01378	0.01076	0.01249	0.01206	0.01507	0.00947	0.00905	0.01766	0.02714	0.03577	0.34140	0.08989	0.31939	0.02409	0.01248	0.00344	0.00516	0.02065	0.01077	0.00947
32	0.02617	0.02512	0.04292	0.06490	0.56246	0.02512	0.03245	0.03245	0.02407	0.03454	0.01989	0.02617	0.01675	0.00942	0.01047	0.00314	0.01256	0.00942	0.00523	0.01675
33	0.02192	0.01879	0.02192	0.01566	0.02506	0.01409	0.01253	0.02662	0.02192	0.03445	0.01879	0.02192	0.01566	0.00783	0.00783	0.00157	0.00783	0.00626	0.00626	0.69305
34	0.02827	0.63478	0.05540	0.01809	0.02714	0.04184	0.01809	0.03166	0.02148	0.02488	0.01470	0.01696	0.01357	0.00905	0.00678	0.00226	0.01131	0.00565	0.00452	0.01357
35	0.03950	0.05039	0.02996	0.02724	0.03269	0.58597	0.02043	0.04222	0.02996	0.02588	0.01634	0.01907	0.01362	0.01090	0.00953	0.00272	0.01907	0.00681	0.00545	0.01226
36	0.01538	0.01025	0.01153	0.01153	0.01153	0.01025	0.00641	0.01538	0.01538	0.02050	0.03331	0.06919	0.03844	0.62842	0.05382	0.01025	0.01025	0.01538	0.00641	0.00641
37	0.01288	0.00920	0.01227	0.01472	0.01534	0.00859	0.00981	0.01472	0.02024	0.02699	0.05828	0.62152	0.06993	0.03312	0.01350	0.00429	0.00613	0.03006	0.00981	0.00859
38	0.01859	0.01099	0.01299	0.01259	0.01352	0.01067	0.00769	0.01919	0.01740	0.07992	0.03641	0.11423	0.03990	0.51012	0.04564	0.00898	0.00975	0.01616	0.00742	0.00784
39	0.02016	0.06731	0.07639	0.03103	0.09006	0.02002	0.18177	0.02593	0.02328	0.03170	0.07993	0.22865	0.04103	0.01823	0.01200	0.00363	0.01160	0.01773	0.00725	0.01231
40	0.02914	0.09271	0.03140	0.16844	0.04047	0.11595	0.02115	0.11706	0.19940	0.03843	0.02700	0.02884	0.02057	0.01203	0.01007	0.00323	0.01230	0.00945	0.00771	0.01464
41	0.02524	0.03335	0.16350	0.04340	0.26280	0.07151	0.02990	0.03182	0.02259	0.03196	0.01823	0.02383	0.01511	0.01119	0.01440	0.00330	0.11942	0.00857	0.00504	0.06483

[dist]
# distance from previous block
# <min> <max>
0	28

[block]
# block no. 2 follows, 13 sequences, length 19
# corresponding to MSA columns:
# 489-500,508-514
name=unknown_C
#
# <colnr> <probs for GDERKNQSTAVLIFYWHMCP>
#	G	D	E	R	K	N	Q	S	T	A	V	L	I	F	Y	W	H	M	C	P
0	0.09426	0.45160	0.04507	0.01749	0.02625	0.03464	0.01661	0.03285	0.02199	0.07756	0.01761	0.01926	0.01474	0.00935	0.00723	0.00237	0.01041	0.00618	0.00569	0.08886
1	0.02679	0.22435	0.17573	0.02285	0.03210	0.02783	0.05509	0.08593	0.02520	0.07760	0.02503	0.08043	0.02223	0.05919	0.01291	0.00360	0.01213	0.01045	0.00657	0.01400
2	0.09333	0.41578	0.13289	0.02067	0.03014	0.09840	0.02112	0.03309	0.02224	0.02856	0.01558	0.01809	0.01334	0.00949	0.00760	0.00259	0.01258	0.00614	0.00481	0.01355
3	0.04101	0.02831	0.03092	0.02371	0.03214	0.03085	0.01958	0.47378	0.04753	0.12315	0.02722	0.02658	0.01890	0.01274	0.01058	0.00318	0.01134	0.00964	0.01086	0.01798
4	0.02203	0.01915	0.02280	0.01667	0.02528	0.01562	0.01341	0.02652	0.02145	0.03370	0.01838	0.02203	0.01551	0.00872	0.01007	0.00182	0.05799	0.00651	0.00613	0.63620
5	0.01296	0.00962	0.01211	0.01384	0.01517	0.00876	0.00948	0.01521	0.02173	0.02846	0.10557	0.47950	0.16695	0.03102	0.01322	0.00408	0.00590	0.02773	0.00995	0.00876
6	0.02565	0.02459	0.04198	0.10985	0.52156	0.02499	0.03219	0.03199	0.02383	0.03391	0.01980	0.02634	0.01653	0.00952	0.01048	0.00317	0.01269	0.00942	0.00519	0.01633
7	0.04744	0.01799	0.02454	0.01881	0.02699	0.01554	0.01554	0.05153	0.03026	0.56979	0.04171	0.03599	0.02617	0.01309	0.01063	0.00327	0.00900	0.01063	0.01309	0.01799
8	0.02630	0.02271	0.02391	0.02152	0.02749	0.02630	0.01674	0.05618	0.54336	0.04423	0.04303	0.03945	0.03228	0.01434	0.01076	0.00359	0.00837	0.01195	0.01076	0.01674
9	0.02827	0.63478	0.05540	0.01809	0.02714	0.04184	0.01809	0.03166	0.02148	0.02488	0.01470	0.01696	0.01357	0.00905	0.00678	0.00226	0.01131	0.00565	0.00452	0.01357
10	0.01538	0.01025	0.01153	0.01153	0.01153	0.01025	0.00641	0.01538	0.01538	0.02050	0.03331	0.06919	0.03844	0.62842	0.05382	0.01025	0.01025	0.01538	0.00641	0.00641
11	0.70310	0.02045	0.01554	0.01390	0.02045	0.02372	0.01145	0.03108	0.01799	0.04744	0.01472	0.01718	0.01145	0.00981	0.00654	0.00327	0.00818	0.00573	0.00654	0.01145
12	0.01288	0.00920	0.01227	0.01472	0.01534	0.00859	0.00981	0.01472	0.02024	0.02699	0.05828	0.62152	0.06993	0.03312	0.01350	0.00429	0.00613	0.03006	0.00981	0.00859
13	0.04407	0.02339	0.02788	0.02137	0.02968	0.02355	0.01766	0.27256	0.03930	0.33599	0.03413	0.03106	0.02237	0.01290	0.01061	0.00323	0.01022	0.01012	0.01192	0.01799
14	0.30638	0.01501	0.01346	0.01304	0.01774	0.01557	0.01048	0.02268	0.02153	0.03692	0.06221	0.06776	0.27095	0.01984	0.01020	0.00359	0.00704	0.06710	0.00842	0.01009
15	0.02063	0.01903	0.03168	0.32014	0.21936	0.02123	0.02670	0.02646	0.02192	0.02943	0.02653	0.13849	0.02539	0.01442	0.01108	0.00354	0.01211	0.01327	0.00583	0.01276
16	0.01871	0.01750	0.02355	0.02147	0.02228	0.02234	0.01714	0.02097	0.01863	0.02640	0.04187	0.18014	0.12899	0.02353	0.02550	0.00435	0.35279	0.01664	0.00683	0.01036
17	0.02228	0.01724	0.02385	0.13028	0.08265	0.01751	0.01731	0.05545	0.06827	0.03058	0.02135	0.02866	0.01801	0.01889	0.02006	0.22992	0.01017	0.00882	0.00599	0.17272
18	0.02522	0.01942	0.02457	0.02154	0.08563	0.01549	0.01510	0.03003	0.02309	0.09363	0.02145	0.02396	0.01694	0.00859	0.00844	0.00193	0.00849	0.00710	0.00690	0.54248

[dist]
# distance from previous block
# <min> <max>
0	2

[block]
# block no. 3 follows, 13 sequences, length 31
# corresponding to MSA columns:
# 517-547
name=unknown_D
#
# <colnr> <probs for GDERKNQSTAVLIFYWHMCP>
#	G	D	E	R	K	N	Q	S	T	A	V	L	I	F	Y	W	H	M	C	P
0	0.24127	0.19751	0.25769	0.02175	0.03272	0.02887	0.02467	0.03223	0.02072	0.03567	0.01648	0.01925	0.01282	0.00971	0.00806	0.00304	0.01210	0.00657	0.00515	0.01374
1	0.09121	0.03363	0.24738	0.06410	0.03652	0.02004	0.02448	0.02991	0.02163	0.03485	0.01845	0.02206	0.01419	0.00914	0.00880	0.00261	0.01151	0.00707	0.00544	0.29700
2	0.02494	0.02420	0.03345	0.08633	0.30277	0.07166	0.02447	0.03047	0.02436	0.03383	0.06457	0.02913	0.02301	0.01029	0.00993	0.00277	0.01149	0.00925	0.00600	0.17709
3	0.01288	0.00920	0.01227	0.01472	0.01534	0.00859	0.00981	0.01472	0.02024	0.02699	0.05828	0.62152	0.06993	0.03312	0.01350	0.00429	0.00613	0.03006	0.00981	0.00859
4	0.03056	0.02108	0.02801	0.03108	0.16161	0.02186	0.01981	0.04581	0.23793	0.17339	0.08236	0.03872	0.03280	0.01343	0.01080	0.00337	0.00929	0.01162	0.01002	0.01646
5	0.03193	0.02519	0.03172	0.26074	0.04914	0.02899	0.02388	0.32286	0.03804	0.05045	0.02269	0.02653	0.01639	0.01183	0.01057	0.00332	0.01264	0.00947	0.00818	0.01543
6	0.01997	0.01879	0.03171	0.60301	0.07282	0.02349	0.02936	0.02701	0.02114	0.02701	0.01879	0.02819	0.01409	0.01057	0.01057	0.00352	0.01409	0.00940	0.00470	0.01175
7	0.03182	0.02154	0.02279	0.01841	0.02443	0.02342	0.01491	0.32189	0.03846	0.05552	0.02911	0.03112	0.02171	0.01254	0.00928	0.00288	0.00889	0.00966	0.28697	0.01466
8	0.70310	0.02045	0.01554	0.01390	0.02045	0.02372	0.01145	0.03108	0.01799	0.04744	0.01472	0.01718	0.01145	0.00981	0.00654	0.00327	0.00818	0.00573	0.00654	0.01145
9	0.02630	0.02271	0.02391	0.02152	0.02749	0.02630	0.01674	0.05618	0.54336	0.04423	0.04303	0.03945	0.03228	0.01434	0.01076	0.00359	0.00837	0.01195	0.01076	0.01674
10	0.02192	0.01879	0.02192	0.01566	0.02506	0.01409	0.01253	0.02662	0.02192	0.03445	0.01879	0.02192	0.01566	0.00783	0.00783	0.00157	0.00783	0.00626	0.00626	0.69305
11	0.04115	0.02201	0.02641	0.02050	0.02821	0.02202	0.01683	0.24263	0.03817	0.31025	0.08777	0.03606	0.03036	0.01380	0.01080	0.00324	0.00966	0.01105	0.01191	0.01717
12	0.01510	0.01133	0.01699	0.01699	0.01888	0.01322	0.01322	0.01888	0.01699	0.02454	0.02832	0.04154	0.02643	0.07930	0.58652	0.01699	0.02832	0.01133	0.00566	0.00944
13	0.01704	0.01217	0.01704	0.01947	0.02191	0.01217	0.01704	0.02191	0.02434	0.03164	0.05598	0.11926	0.06085	0.02921	0.01460	0.00487	0.00974	0.49130	0.00974	0.00974
14	0.04744	0.01799	0.02454	0.01881	0.02699	0.01554	0.01554	0.05153	0.03026	0.56979	0.04171	0.03599	0.02617	0.01309	0.01063	0.00327	0.00900	0.01063	0.01309	0.01799
15	0.02192	0.01879	0.02192	0.01566	0.02506	0.01409	0.01253	0.02662	0.02192	0.03445	0.01879	0.02192	0.01566	0.00783	0.00783	0.00157	0.00783	0.00626	0.00626	0.69305
16	0.02121	0.05469	0.57364	0.03014	0.04576	0.02455	0.03906	0.03348	0.02232	0.03348	0.01897	0.02232	0.01339	0.01005	0.01005	0.00335	0.01563	0.00781	0.00446	0.01563
17	0.01426	0.01026	0.01350	0.01378	0.01564	0.00951	0.00992	0.01818	0.02665	0.03718	0.38806	0.26268	0.08966	0.02551	0.01282	0.00365	0.00538	0.02282	0.01102	0.00951
18	0.01333	0.01074	0.01187	0.01159	0.01479	0.00928	0.00869	0.01679	0.02607	0.03325	0.25940	0.09404	0.40296	0.02503	0.01249	0.00349	0.00523	0.02123	0.01043	0.00928
19	0.02339	0.03041	0.12314	0.02599	0.03231	0.15004	0.09656	0.02906	0.02458	0.03003	0.03549	0.16467	0.03657	0.01930	0.01208	0.00379	0.01345	0.13016	0.00717	0.01181
20	0.02292	0.02455	0.04986	0.27271	0.06243	0.02541	0.32196	0.03107	0.02340	0.03107	0.02033	0.02839	0.01525	0.00959	0.01170	0.00355	0.01630	0.01122	0.00508	0.01323
21	0.03383	0.03558	0.08446	0.02736	0.07804	0.20496	0.02141	0.20517	0.03435	0.04343	0.02266	0.02514	0.01732	0.01150	0.00972	0.00294	0.01354	0.00852	0.10544	0.01463
22	0.01510	0.01133	0.01699	0.01699	0.01888	0.01322	0.01322	0.01888	0.01699	0.02454	0.02832	0.04154	0.02643	0.07930	0.58652	0.01699	0.02832	0.01133	0.00566	0.00944
23	0.36471	0.27672	0.03330	0.01684	0.02431	0.08190	0.01500	0.03232	0.02051	0.03618	0.01486	0.01726	0.01252	0.00959	0.00691	0.00281	0.01045	0.00579	0.00561	0.01240
24	0.02628	0.03991	0.33105	0.02546	0.03739	0.02290	0.02872	0.11916	0.02761	0.08638	0.02509	0.06977	0.01987	0.01231	0.01023	0.00320	0.01282	0.00990	0.00689	0.08504
25	0.02323	0.03383	0.21870	0.08320	0.22007	0.02311	0.07264	0.03154	0.02298	0.03356	0.01944	0.02452	0.01518	0.00941	0.01006	0.00301	0.01336	0.00861	0.00512	0.12841
26	0.03599	0.01463	0.01848	0.01511	0.02093	0.01319	0.01218	0.04043	0.02692	0.35087	0.03873	0.03740	0.02656	0.01277	0.00929	0.00294	0.00732	0.01031	0.29130	0.01463
27	0.02827	0.63478	0.05540	0.01809	0.02714	0.04184	0.01809	0.03166	0.02148	0.02488	0.01470	0.01696	0.01357	0.00905	0.00678	0.00226	0.01131	0.00565	0.00452	0.01357
28	0.01372	0.01060	0.01252	0.01237	0.01512	0.00940	0.00915	0.01743	0.02651	0.03506	0.31857	0.14399	0.28759	0.02494	0.01259	0.00353	0.00526	0.02157	0.01069	0.00940
29	0.01837	0.00918	0.01377	0.01377	0.01377	0.00918	0.00918	0.01377	0.01377	0.01837	0.01837	0.03214	0.01837	0.03673	0.04132	0.69238	0.00918	0.00918	0.00459	0.00459
30	0.04019	0.02962	0.03173	0.02433	0.03279	0.03279	0.02010	0.52721	0.04971	0.06663	0.02538	0.02538	0.01798	0.01269	0.01058	0.00317	0.01163	0.00952	0.01058	0.01798

[dist]
# distance from previous block
# <min> <max>
0	11

[block]
# block no. 4 follows, 13 sequences, length 7
# corresponding to MSA columns:
# 559-565
name=unknown_E
#
# <colnr> <probs for GDERKNQSTAVLIFYWHMCP>
#	G	D	E	R	K	N	Q	S	T	A	V	L	I	F	Y	W	H	M	C	P
0	0.02164	0.02024	0.03280	0.45472	0.15015	0.02404	0.02861	0.03085	0.07400	0.03000	0.02141	0.02898	0.01636	0.01076	0.01057	0.00347	0.01326	0.00966	0.00540	0.01308
1	0.01439	0.00984	0.01182	0.01280	0.01304	0.00959	0.00776	0.01512	0.01730	0.02307	0.04320	0.28792	0.05091	0.39267	0.03785	0.00789	0.00862	0.02119	0.00776	0.00727
2	0.02192	0.01879	0.02192	0.01566	0.02506	0.01409	0.01253	0.02662	0.02192	0.03445	0.01879	0.02192	0.01566	0.00783	0.00783	0.00157	0.00783	0.00626	0.00626	0.69305
3	0.01534	0.01038	0.01219	0.01219	0.01241	0.01061	0.00722	0.01580	0.01557	0.02098	0.03272	0.06588	0.03700	0.56270	0.11757	0.01106	0.01241	0.01489	0.00632	0.00677
4	0.01824	0.01159	0.01622	0.07423	0.02122	0.01211	0.01186	0.01948	0.06020	0.02534	0.09901	0.04415	0.07338	0.02945	0.02957	0.41956	0.00875	0.01181	0.00646	0.00736
5	0.02589	0.43958	0.22979	0.02214	0.03340	0.03602	0.02515	0.03227	0.02177	0.02777	0.01614	0.01876	0.01351	0.00938	0.00788	0.00263	0.01276	0.00638	0.00450	0.01426
6	0.02942	0.23189	0.04103	0.03329	0.18484	0.08145	0.02205	0.11924	0.02887	0.03698	0.07360	0.02768	0.02408	0.01125	0.00937	0.00283	0.01179	0.00892	0.00661	0.01480

[dist]
# distance from previous block
# <min> <max>
0	5

[block]
# block no. 5 follows, 13 sequences, length 22
# corresponding to MSA columns:
# 571-592
name=unknown_F
#
# <colnr> <probs for GDERKNQSTAVLIFYWHMCP>
#	G	D	E	R	K	N	Q	S	T	A	V	L	I	F	Y	W	H	M	C	P
0	0.03696	0.03341	0.02780	0.02377	0.03039	0.22702	0.01859	0.14849	0.18262	0.11784	0.02959	0.02871	0.02173	0.01258	0.01026	0.00315	0.01298	0.00941	0.00915	0.01557
1	0.02559	0.01259	0.01694	0.01599	0.01959	0.01128	0.01189	0.02869	0.02523	0.22406	0.12399	0.33334	0.05851	0.02428	0.01232	0.00379	0.00700	0.02151	0.01125	0.01216
2	0.02808	0.02478	0.03847	0.04156	0.22495	0.02551	0.11301	0.15410	0.06977	0.04259	0.02844	0.04078	0.02444	0.01335	0.01147	0.00351	0.01254	0.07944	0.00763	0.01560
3	0.02492	0.27828	0.24315	0.02889	0.04070	0.03194	0.14935	0.03285	0.02263	0.03016	0.01787	0.02171	0.01411	0.00937	0.00935	0.00297	0.01445	0.00810	0.00470	0.01448
4	0.01496	0.01081	0.01413	0.01330	0.01580	0.00998	0.00998	0.01995	0.02993	0.04240	0.55689	0.07898	0.09976	0.02162	0.01247	0.00333	0.00499	0.01912	0.01164	0.00998
5	0.01729	0.00957	0.01297	0.01297	0.01297	0.00957	0.00819	0.01435	0.01435	0.01913	0.02373	0.04544	0.02557	0.24914	0.04581	0.44750	0.00957	0.01141	0.00524	0.00524
6	0.02330	0.02286	0.04085	0.29580	0.27680	0.02465	0.10177	0.03029	0.02293	0.03117	0.01963	0.02738	0.01549	0.00985	0.01080	0.00337	0.01398	0.00985	0.00502	0.01422
7	0.04671	0.01917	0.02526	0.01937	0.02758	0.01728	0.01600	0.09948	0.03222	0.51907	0.04007	0.03492	0.02535	0.01305	0.01063	0.00326	0.00926	0.01052	0.01283	0.01799
8	0.01269	0.01072	0.01099	0.01092	0.01440	0.00901	0.00819	0.01556	0.02457	0.02968	0.14335	0.09992	0.52124	0.02636	0.01249	0.00355	0.00533	0.02206	0.00997	0.00901
9	0.01288	0.00920	0.01227	0.01472	0.01534	0.00859	0.00981	0.01472	0.02024	0.02699	0.05828	0.62152	0.06993	0.03312	0.01350	0.00429	0.00613	0.03006	0.00981	0.00859
10	0.02665	0.03527	0.22248	0.02505	0.03488	0.02669	0.02528	0.12185	0.27896	0.04388	0.03163	0.03110	0.02326	0.01254	0.01047	0.00344	0.01149	0.01009	0.00847	0.01653
11	0.02690	0.35259	0.05585	0.03331	0.11310	0.03459	0.18254	0.03248	0.02297	0.02915	0.01759	0.02199	0.01482	0.00906	0.00914	0.00281	0.01358	0.00839	0.00489	0.01425
12	0.02537	0.22166	0.08390	0.03359	0.16289	0.02822	0.09284	0.03118	0.02276	0.03125	0.01813	0.02233	0.01514	0.00892	0.00895	0.00258	0.01207	0.00783	0.00519	0.16519
13	0.01369	0.01051	0.01253	0.01254	0.01514	0.00935	0.00921	0.01729	0.02614	0.03464	0.30497	0.17505	0.26986	0.02544	0.01265	0.00357	0.00531	0.02210	0.01065	0.00935
14	0.03284	0.34227	0.04373	0.02548	0.06992	0.27006	0.02016	0.03617	0.02526	0.02603	0.01578	0.01854	0.01383	0.00985	0.00822	0.00252	0.01467	0.00643	0.00497	0.01326
15	0.01588	0.00948	0.01270	0.01344	0.01363	0.00930	0.00861	0.01450	0.01617	0.02157	0.03457	0.22070	0.03951	0.19912	0.03635	0.29573	0.00856	0.01721	0.00667	0.00630
16	0.03137	0.16337	0.11027	0.06286	0.03415	0.16877	0.02177	0.08703	0.06758	0.07990	0.05627	0.02718	0.02206	0.01168	0.00957	0.00296	0.01327	0.00866	0.00703	0.01424
17	0.03961	0.02483	0.07406	0.06601	0.03378	0.02257	0.01999	0.18430	0.06908	0.30341	0.03345	0.03143	0.02223	0.01261	0.01057	0.00329	0.01066	0.01007	0.01084	0.01723
18	0.02451	0.14601	0.06742	0.01872	0.02660	0.02031	0.04384	0.02815	0.02148	0.07544	0.02223	0.05765	0.01943	0.01432	0.01340	0.10153	0.00984	0.00872	0.00627	0.27413
19	0.02482	0.03385	0.24395	0.02879	0.11070	0.01997	0.02622	0.03269	0.02323	0.08805	0.02133	0.02411	0.01598	0.00947	0.00937	0.00267	0.01172	0.00777	0.00609	0.25922
20	0.01479	0.00941	0.01259	0.01381	0.01462	0.00885	0.00933	0.01445	0.01847	0.02412	0.05097	0.33523	0.12159	0.03351	0.02334	0.25121	0.00712	0.02145	0.00794	0.00720
21	0.02511	0.02661	0.08521	0.10015	0.24304	0.02352	0.10485	0.06731	0.02522	0.03592	0.02012	0.02550	0.01596	0.00943	0.01024	0.00295	0.01279	0.00914	0.00573	0.15122

[dist]
# distance from previous block
# <min> <max>
0	1

[block]
# block no. 6 follows, 13 sequences, length 35
# corresponding to MSA columns:
# 594-628
name=unknown_G
#
# <colnr> <probs for GDERKNQSTAVLIFYWHMCP>
#	G	D	E	R	K	N	Q	S	T	A	V	L	I	F	Y	W	H	M	C	P
0	0.02397	0.02924	0.13378	0.11889	0.04798	0.02390	0.22676	0.07956	0.02648	0.03674	0.06389	0.03054	0.02220	0.01065	0.01114	0.00327	0.01428	0.01087	0.00621	0.07964
1	0.01372	0.00999	0.01292	0.01381	0.01544	0.00919	0.00974	0.01694	0.02459	0.03353	0.26982	0.35373	0.12170	0.02782	0.01299	0.00383	0.00559	0.02488	0.01057	0.00919
2	0.04019	0.02962	0.03173	0.02433	0.03279	0.03279	0.02010	0.52721	0.04971	0.06663	0.02538	0.02538	0.01798	0.01269	0.01058	0.00317	0.01163	0.00952	0.01058	0.01798
3	0.03073	0.06805	0.11941	0.07659	0.03469	0.02183	0.02082	0.08621	0.06833	0.17392	0.02699	0.02759	0.01923	0.01089	0.00961	0.00286	0.01069	0.00867	0.00822	0.17465
4	0.02911	0.08566	0.19265	0.02259	0.03348	0.02427	0.02307	0.15165	0.02948	0.09271	0.02228	0.02380	0.01637	0.01027	0.00933	0.00271	0.01149	0.00788	0.00727	0.20392
5	0.04326	0.01677	0.02233	0.01746	0.02478	0.01468	0.01431	0.04748	0.02904	0.48993	0.04063	0.03650	0.02631	0.01297	0.01014	0.00315	0.00838	0.01052	0.11457	0.01677
6	0.01964	0.01765	0.02836	0.28141	0.16943	0.01936	0.02358	0.02569	0.02440	0.03307	0.17060	0.04578	0.06942	0.01424	0.01117	0.00338	0.01075	0.01279	0.00701	0.01228
7	0.08392	0.52628	0.04925	0.01783	0.02659	0.03785	0.01732	0.03353	0.02205	0.07926	0.01731	0.01881	0.01462	0.00950	0.00714	0.00244	0.01083	0.00614	0.00551	0.01383
8	0.01395	0.00965	0.01195	0.01336	0.01371	0.00930	0.00836	0.01500	0.01816	0.02421	0.04759	0.38506	0.05645	0.28797	0.03076	0.00684	0.00790	0.02377	0.00836	0.00765
9	0.01369	0.00982	0.01299	0.01417	0.01551	0.00912	0.00988	0.01674	0.02399	0.03295	0.25097	0.41185	0.08146	0.02868	0.01310	0.00392	0.00569	0.02583	0.01052	0.00912
10	0.02323	0.02523	0.08379	0.12758	0.26917	0.02313	0.12463	0.03038	0.02373	0.03280	0.02559	0.04116	0.02286	0.01263	0.01148	0.00356	0.01360	0.08525	0.00582	0.01437
11	0.09584	0.02215	0.03244	0.18367	0.20251	0.02433	0.02491	0.08081	0.02555	0.12321	0.02269	0.02708	0.01696	0.01140	0.01210	0.00340	0.05993	0.00924	0.00696	0.01484
12	0.01418	0.01013	0.01376	0.01621	0.01739	0.00971	0.01208	0.01697	0.02153	0.02845	0.05756	0.46427	0.06709	0.03190	0.01384	0.00447	0.00726	0.17447	0.00979	0.00895
13	0.01320	0.00943	0.01263	0.01509	0.01584	0.00886	0.01037	0.01527	0.02056	0.02735	0.05810	0.58300	0.06923	0.03282	0.01358	0.00434	0.00641	0.06543	0.00981	0.00868
14	0.02566	0.17204	0.23271	0.03233	0.04390	0.07796	0.20380	0.03398	0.02373	0.03107	0.01866	0.02305	0.01439	0.00950	0.01014	0.00313	0.01576	0.00890	0.00487	0.01440
15	0.02051	0.01934	0.03269	0.55618	0.11543	0.02363	0.02963	0.02749	0.02140	0.02767	0.01889	0.02801	0.01433	0.01047	0.01056	0.00349	0.01396	0.00940	0.00474	0.01218
16	0.02920	0.58639	0.05330	0.01885	0.02760	0.08689	0.01828	0.03253	0.02219	0.02496	0.01484	0.01714	0.01357	0.00920	0.00701	0.00230	0.01195	0.00575	0.00460	0.01346
17	0.02192	0.01879	0.02192	0.01566	0.02506	0.01409	0.01253	0.02662	0.02192	0.03445	0.01879	0.02192	0.01566	0.00783	0.00783	0.00157	0.00783	0.00626	0.00626	0.69305
18	0.03549	0.07760	0.10803	0.12703	0.08090	0.02128	0.02291	0.04138	0.02626	0.30734	0.03033	0.03022	0.02037	0.01156	0.01019	0.00323	0.01133	0.00948	0.00900	0.01607
19	0.02858	0.02415	0.03469	0.04111	0.25269	0.07501	0.07446	0.03551	0.06346	0.11632	0.03072	0.12003	0.02719	0.01410	0.01110	0.00338	0.01187	0.01304	0.00760	0.01500
20	0.01997	0.01879	0.03171	0.60301	0.07282	0.02349	0.02936	0.02701	0.02114	0.02701	0.01879	0.02819	0.01409	0.01057	0.01057	0.00352	0.01409	0.00940	0.00470	0.01175
21	0.01808	0.01532	0.01746	0.01402	0.02073	0.01193	0.01085	0.02187	0.02244	0.03187	0.05033	0.10600	0.19086	0.01625	0.00985	0.00246	0.00689	0.01363	0.00773	0.41141
22	0.02973	0.02400	0.02641	0.06992	0.03221	0.02717	0.01837	0.21699	0.29066	0.04963	0.03918	0.03781	0.06164	0.01430	0.01080	0.00343	0.00979	0.01159	0.01013	0.01623
23	0.04744	0.01799	0.02454	0.01881	0.02699	0.01554	0.01554	0.05153	0.03026	0.56979	0.04171	0.03599	0.02617	0.01309	0.01063	0.00327	0.00900	0.01063	0.01309	0.01799
24	0.09281	0.01831	0.02798	0.24540	0.04430	0.01963	0.06769	0.03260	0.02266	0.17030	0.02696	0.03576	0.02108	0.11001	0.01731	0.00452	0.01193	0.01062	0.00740	0.01273
25	0.03622	0.13142	0.08336	0.02284	0.07029	0.02126	0.01900	0.04125	0.02740	0.32008	0.08962	0.03522	0.03003	0.01272	0.01008	0.00309	0.00989	0.01031	0.00994	0.01599
26	0.04478	0.01721	0.02313	0.01795	0.02559	0.01500	0.01476	0.04895	0.02949	0.51903	0.04102	0.03632	0.02626	0.01301	0.01032	0.00319	0.00861	0.01056	0.07760	0.01721
27	0.01288	0.00920	0.01227	0.01472	0.01534	0.00859	0.00981	0.01472	0.02024	0.02699	0.05828	0.62152	0.06993	0.03312	0.01350	0.00429	0.00613	0.03006	0.00981	0.00859
28	0.08405	0.02833	0.20903	0.07143	0.03471	0.01842	0.07071	0.02550	0.02126	0.03182	0.03397	0.25447	0.03537	0.01888	0.01132	0.00374	0.01132	0.01679	0.00684	0.01205
29	0.02303	0.08108	0.03309	0.02601	0.02712	0.03131	0.02205	0.02570	0.01751	0.02600	0.01811	0.03201	0.01848	0.01865	0.03002	0.00442	0.49232	0.05641	0.00512	0.01158
30	0.02444	0.01871	0.02218	0.01597	0.02525	0.01424	0.01283	0.02908	0.02275	0.08721	0.02105	0.02331	0.01670	0.00835	0.00811	0.00173	0.00795	0.00669	0.00694	0.62653
31	0.01837	0.00918	0.01377	0.01377	0.01377	0.00918	0.00918	0.01377	0.01377	0.01837	0.01837	0.03214	0.01837	0.03673	0.04132	0.69238	0.00918	0.00918	0.00459	0.00459
32	0.01329	0.00951	0.01263	0.01445	0.01542	0.00886	0.00985	0.01574	0.02212	0.02998	0.15513	0.51613	0.07573	0.03089	0.01330	0.00411	0.00591	0.02793	0.01017	0.00886
33	0.02753	0.02243	0.03495	0.08671	0.08006	0.02316	0.14030	0.11457	0.10963	0.09213	0.08095	0.07885	0.03171	0.01397	0.01145	0.00347	0.01163	0.01313	0.00863	0.01472
34	0.02529	0.14309	0.23135	0.03023	0.08353	0.02632	0.09920	0.03521	0.06589	0.07329	0.06515	0.02951	0.02345	0.01114	0.01015	0.00318	0.01298	0.00969	0.00639	0.01497

[dist]
# distance from previous block
# <min> <max>
3	13

[block]
# block no. 7 follows, 13 sequences, length 32
# corresponding to MSA columns:
# 642-673
name=unknown_H
#
# <colnr> <probs for GDERKNQSTAVLIFYWHMCP>
#	G	D	E	R	K	N	Q	S	T	A	V	L	I	F	Y	W	H	M	C	P
0	0.18042	0.02382	0.06678	0.01986	0.02815	0.02189	0.01742	0.13098	0.07087	0.28693	0.03145	0.02934	0.02110	0.01219	0.00973	0.00328	0.00976	0.00928	0.01041	0.01633
1	0.08247	0.08474	0.03296	0.12507	0.07414	0.02412	0.05565	0.10994	0.02781	0.15130	0.02418	0.02641	0.01754	0.01062	0.00963	0.00296	0.01117	0.00879	0.00780	0.11273
2	0.07948	0.29948	0.03959	0.02301	0.06902	0.03353	0.01844	0.07840	0.18871	0.03674	0.02491	0.02547	0.01992	0.01110	0.00861	0.00290	0.01026	0.00825	0.00718	0.01501
3	0.02311	0.01815	0.02559	0.02156	0.02697	0.01796	0.08882	0.06732	0.13616	0.07640	0.07968	0.22150	0.04369	0.01914	0.01168	0.00353	0.00903	0.01743	0.00942	0.08287
4	0.02724	0.01862	0.02349	0.07661	0.03038	0.01537	0.01491	0.03205	0.02365	0.14948	0.02375	0.02561	0.01777	0.00925	0.00872	0.00214	0.00873	0.00753	0.00758	0.47713
5	0.01282	0.00942	0.01204	0.01413	0.01518	0.00864	0.00955	0.01479	0.02081	0.02722	0.06550	0.54462	0.14217	0.03219	0.01335	0.00419	0.00602	0.02891	0.00982	0.00864
6	0.17616	0.07521	0.14971	0.13284	0.04512	0.06480	0.14813	0.03234	0.02226	0.03439	0.01810	0.02316	0.01377	0.00980	0.00969	0.00330	0.01416	0.00856	0.00526	0.01327
7	0.58370	0.02092	0.01774	0.01523	0.02209	0.02359	0.01255	0.07219	0.02175	0.10255	0.01833	0.01975	0.01347	0.01038	0.00728	0.00326	0.00853	0.00653	0.00753	0.01264
8	0.03264	0.02822	0.04177	0.03129	0.04021	0.02965	0.20318	0.27974	0.11172	0.05148	0.02647	0.02855	0.01933	0.01155	0.01130	0.00338	0.01342	0.01095	0.00870	0.01645
9	0.01496	0.01081	0.01413	0.01330	0.01580	0.00998	0.00998	0.01995	0.02993	0.04240	0.55689	0.07898	0.09976	0.02162	0.01247	0.00333	0.00499	0.01912	0.01164	0.00998
10	0.01496	0.01081	0.01413	0.01330	0.01580	0.00998	0.00998	0.01995	0.02993	0.04240	0.55689	0.07898	0.09976	0.02162	0.01247	0.00333	0.00499	0.01912	0.01164	0.00998
11	0.03480	0.02391	0.04582	0.03329	0.04288	0.02183	0.30140	0.04160	0.02728	0.26852	0.03029	0.03179	0.02048	0.01074	0.01167	0.00344	0.01396	0.01167	0.00874	0.01589
12	0.01997	0.01879	0.03171	0.60301	0.07282	0.02349	0.02936	0.02701	0.02114	0.02701	0.01879	0.02819	0.01409	0.01057	0.01057	0.00352	0.01409	0.00940	0.00470	0.01175
13	0.01288	0.00920	0.01227	0.01472	0.01534	0.00859	0.00981	0.01472	0.02024	0.02699	0.05828	0.62152	0.06993	0.03312	0.01350	0.00429	0.00613	0.03006	0.00981	0.00859
14	0.02496	0.02852	0.06239	0.04456	0.05526	0.02674	0.52406	0.03387	0.02496	0.03387	0.02139	0.02852	0.01604	0.00891	0.01248	0.00357	0.01783	0.01248	0.00535	0.01426
15	0.01997	0.01879	0.03171	0.60301	0.07282	0.02349	0.02936	0.02701	0.02114	0.02701	0.01879	0.02819	0.01409	0.01057	0.01057	0.00352	0.01409	0.00940	0.00470	0.01175
16	0.01649	0.01210	0.01453	0.01387	0.01387	0.01344	0.00881	0.01682	0.01549	0.02121	0.03052	0.06256	0.03491	0.54067	0.05106	0.00944	0.09641	0.01449	0.00615	0.00715
17	0.04465	0.02247	0.02731	0.02093	0.02922	0.02218	0.01729	0.23465	0.03775	0.37608	0.03543	0.03191	0.02302	0.01293	0.01061	0.00323	0.01001	0.01020	0.01212	0.01799
18	0.02630	0.02271	0.02391	0.02152	0.02749	0.02630	0.01674	0.05618	0.54336	0.04423	0.04303	0.03945	0.03228	0.01434	0.01076	0.00359	0.00837	0.01195	0.01076	0.01674
19	0.01811	0.01607	0.02744	0.02311	0.02639	0.01759	0.12355	0.02219	0.01835	0.02595	0.02621	0.04163	0.02498	0.15304	0.31337	0.01165	0.08251	0.01207	0.00562	0.01017
20	0.65431	0.02112	0.01673	0.01467	0.02136	0.02439	0.01209	0.06760	0.02033	0.04885	0.01551	0.01778	0.01193	0.01003	0.00684	0.00326	0.00843	0.00600	0.00684	0.01193
21	0.01893	0.01772	0.02686	0.02390	0.02526	0.02162	0.06884	0.02172	0.01882	0.02697	0.03365	0.27974	0.03809	0.02378	0.02335	0.00438	0.29040	0.01849	0.00692	0.01057
22	0.01288	0.00920	0.01227	0.01472	0.01534	0.00859	0.00981	0.01472	0.02024	0.02699	0.05828	0.62152	0.06993	0.03312	0.01350	0.00429	0.00613	0.03006	0.00981	0.00859
23	0.02617	0.02512	0.04292	0.06490	0.56246	0.02512	0.03245	0.03245	0.02407	0.03454	0.01989	0.02617	0.01675	0.00942	0.01047	0.00314	0.01256	0.00942	0.00523	0.01675
24	0.02314	0.02498	0.05121	0.24798	0.06166	0.02556	0.34387	0.03137	0.02357	0.03137	0.02044	0.02840	0.01533	0.00952	0.01178	0.00355	0.01647	0.01136	0.00511	0.01334
25	0.02807	0.01809	0.02143	0.01911	0.02379	0.01863	0.01484	0.20715	0.03268	0.11982	0.04377	0.28816	0.04413	0.02255	0.01209	0.00378	0.00878	0.04914	0.01056	0.01344
26	0.01568	0.01196	0.01666	0.09815	0.02400	0.01192	0.01277	0.02097	0.02866	0.04019	0.47947	0.07167	0.08744	0.02003	0.01220	0.00335	0.00630	0.01772	0.01064	0.01023
27	0.01386	0.00930	0.01192	0.01402	0.01490	0.00877	0.00947	0.01615	0.02052	0.02878	0.05485	0.53777	0.06377	0.03013	0.01262	0.00403	0.00596	0.02715	0.10726	0.00877
28	0.02078	0.01906	0.03146	0.39036	0.18006	0.02197	0.02679	0.02663	0.02101	0.02786	0.02114	0.03361	0.01823	0.09919	0.01677	0.00440	0.01318	0.01026	0.00507	0.01216
29	0.01718	0.01349	0.01612	0.01704	0.01984	0.01390	0.01309	0.02681	0.15075	0.03263	0.06067	0.28013	0.12561	0.02664	0.01296	0.00416	0.00748	0.14055	0.01003	0.01093
30	0.01304	0.01015	0.01134	0.01214	0.01423	0.00901	0.00838	0.01506	0.02159	0.02689	0.08056	0.26663	0.32412	0.11541	0.01877	0.00477	0.00631	0.02384	0.00933	0.00845
31	0.12778	0.02309	0.09959	0.01907	0.02619	0.01937	0.01729	0.03956	0.15315	0.16136	0.15688	0.04228	0.04110	0.01450	0.01041	0.00337	0.00873	0.01184	0.00996	0.01448

[dist]
# distance from previous block
# <min> <max>
2	50

[block]
# block no. 8 follows, 13 sequences, length 31
# corresponding to MSA columns:
# 724-754
name=unknown_I
#
# <colnr> <probs for GDERKNQSTAVLIFYWHMCP>
#	G	D	E	R	K	N	Q	S	T	A	V	L	I	F	Y	W	H	M	C	P
0	0.14530	0.02916	0.19366	0.07764	0.03413	0.02096	0.02284	0.07355	0.02426	0.07649	0.06197	0.07507	0.02616	0.02023	0.06945	0.00481	0.01315	0.01080	0.00706	0.01331
1	0.13497	0.02872	0.06798	0.02287	0.02949	0.13132	0.05467	0.08465	0.10069	0.08473	0.02659	0.03309	0.02144	0.01533	0.01333	0.07442	0.01221	0.04256	0.00768	0.01327
