[name]
unknown

[dist]
# distance from previous block
# <min> <max>
0	18

[block]
# block no. 0 follows, 12 sequences, length 30
# corresponding to MSA columns:
# 18-47
name=unknown_A
#
# <colnr> <probs for GDERKNQSTAVLIFYWHMCP>
#	G	D	E	R	K	N	Q	S	T	A	V	L	I	F	Y	W	H	M	C	P
0	0.01533	0.01131	0.01443	0.01413	0.01686	0.01042	0.01092	0.02010	0.02923	0.04018	0.41668	0.09025	0.16354	0.02408	0.01314	0.00367	0.00583	0.07834	0.01147	0.01010
1	0.02385	0.02385	0.03340	0.02863	0.02863	0.03340	0.02385	0.02624	0.01670	0.02624	0.01431	0.02385	0.01431	0.01908	0.03578	0.00477	0.59685	0.00954	0.00477	0.01193
2	0.02915	0.62337	0.05714	0.01866	0.02799	0.04314	0.01866	0.03265	0.02215	0.02565	0.01516	0.01749	0.01399	0.00933	0.00700	0.00233	0.01166	0.00583	0.00466	0.01399
3	0.03532	0.01478	0.01872	0.01546	0.02118	0.01334	0.01239	0.03994	0.02807	0.31910	0.08446	0.04235	0.03406	0.01398	0.00989	0.00307	0.00735	0.01144	0.26042	0.01470
4	0.03479	0.02612	0.04852	0.03526	0.04522	0.02464	0.29933	0.09406	0.03031	0.20284	0.02912	0.03147	0.02006	0.01098	0.01205	0.00354	0.01480	0.01193	0.00863	0.01635
5	0.01489	0.01062	0.01424	0.01509	0.01603	0.01113	0.01040	0.01697	0.01816	0.02494	0.04109	0.24161	0.04594	0.22194	0.23434	0.01109	0.01608	0.01939	0.00750	0.00853
6	0.02915	0.62337	0.05714	0.01866	0.02799	0.04314	0.01866	0.03265	0.02215	0.02565	0.01516	0.01749	0.01399	0.00933	0.00700	0.00233	0.01166	0.00583	0.00466	0.01399
7	0.01558	0.01168	0.01752	0.01752	0.01947	0.01363	0.01363	0.01947	0.01752	0.02531	0.02921	0.04283	0.02726	0.08178	0.57360	0.01752	0.02921	0.01168	0.00584	0.00974
8	0.01558	0.01168	0.01752	0.01752	0.01947	0.01363	0.01363	0.01947	0.01752	0.02531	0.02921	0.04283	0.02726	0.08178	0.57360	0.01752	0.02921	0.01168	0.00584	0.00974
9	0.69383	0.02109	0.01603	0.01434	0.02109	0.02446	0.01181	0.03205	0.01856	0.04892	0.01518	0.01771	0.01181	0.01012	0.00675	0.00337	0.00843	0.00590	0.00675	0.01181
10	0.02189	0.02071	0.03505	0.48406	0.17147	0.02457	0.03093	0.02900	0.02242	0.02944	0.01961	0.02865	0.01509	0.01066	0.01088	0.00355	0.01421	0.00970	0.00496	0.01316
11	0.02059	0.01938	0.03270	0.59060	0.07510	0.02422	0.03028	0.02786	0.02180	0.02786	0.01938	0.02907	0.01453	0.01090	0.01090	0.00363	0.01453	0.00969	0.00484	0.01211
12	0.01408	0.01011	0.01337	0.01464	0.01599	0.00939	0.01018	0.01719	0.02459	0.03375	0.23983	0.41310	0.08357	0.02974	0.01352	0.00406	0.00589	0.02680	0.01082	0.00939
13	0.04892	0.01856	0.02530	0.01940	0.02783	0.01603	0.01603	0.05314	0.03121	0.55634	0.04302	0.03711	0.02699	0.01350	0.01096	0.00337	0.00928	0.01096	0.01350	0.01856
14	0.02712	0.02342	0.02465	0.02219	0.02835	0.02712	0.01726	0.05794	0.52909	0.04561	0.04438	0.04068	0.03328	0.01479	0.01109	0.00370	0.00863	0.01233	0.01109	0.01726
15	0.02352	0.01110	0.01186	0.01120	0.01440	0.01082	0.00856	0.02851	0.02380	0.09832	0.03640	0.04025	0.02784	0.01279	0.00800	0.00263	0.00555	0.01025	0.60310	0.01110
16	0.04145	0.03054	0.03272	0.02509	0.03381	0.03381	0.02072	0.51243	0.05127	0.06872	0.02618	0.02618	0.01854	0.01309	0.01091	0.00327	0.01200	0.00982	0.01091	0.01854
17	0.04145	0.03054	0.03272	0.02509	0.03381	0.03381	0.02072	0.51243	0.05127	0.06872	0.02618	0.02618	0.01854	0.01309	0.01091	0.00327	0.01200	0.00982	0.01091	0.01854
18	0.02915	0.62337	0.05714	0.01866	0.02799	0.04314	0.01866	0.03265	0.02215	0.02565	0.01516	0.01749	0.01399	0.00933	0.00700	0.00233	0.01166	0.00583	0.00466	0.01399
19	0.02110	0.01990	0.03362	0.54907	0.11267	0.02436	0.03053	0.02830	0.02204	0.02847	0.01947	0.02890	0.01475	0.01081	0.01089	0.00360	0.01441	0.00969	0.00489	0.01252
20	0.02767	0.02259	0.02377	0.02111	0.02710	0.02584	0.01650	0.09594	0.42870	0.04717	0.04173	0.03935	0.03134	0.01440	0.01069	0.00353	0.00854	0.01186	0.08558	0.01658
21	0.01403	0.01109	0.01263	0.01224	0.01543	0.00969	0.00918	0.01785	0.02754	0.03584	0.30416	0.09442	0.34667	0.02523	0.01287	0.00357	0.00535	0.02154	0.01097	0.00969
22	0.02617	0.02507	0.04278	0.13373	0.48836	0.02569	0.03306	0.03275	0.02444	0.03463	0.02037	0.02725	0.01692	0.00987	0.01081	0.00329	0.01316	0.00971	0.00533	0.01661
23	0.01467	0.01112	0.01352	0.01292	0.01582	0.00996	0.00969	0.01910	0.02906	0.03945	0.41347	0.08848	0.23511	0.02389	0.01287	0.00350	0.00526	0.02071	0.01144	0.00996
24	0.01586	0.01057	0.01189	0.01189	0.01189	0.01057	0.00661	0.01586	0.01586	0.02114	0.03436	0.07135	0.03964	0.61681	0.05550	0.01057	0.01057	0.01586	0.00661	0.00661
25	0.02784	0.52129	0.14773	0.02089	0.03144	0.03993	0.02255	0.03299	0.02231	0.02725	0.01595	0.01849	0.01396	0.00951	0.00760	0.00253	0.01246	0.00623	0.00465	0.01437
26	0.10235	0.01347	0.01475	0.01386	0.01757	0.01331	0.01058	0.02408	0.07180	0.04089	0.32059	0.07574	0.19842	0.02144	0.01193	0.00351	0.00597	0.01815	0.01077	0.01082
27	0.03107	0.02258	0.09059	0.01984	0.02705	0.01822	0.01778	0.08427	0.08764	0.21383	0.20656	0.04956	0.05070	0.01616	0.01153	0.00343	0.00895	0.01358	0.01134	0.01532
28	0.54769	0.02156	0.02183	0.01801	0.02538	0.02368	0.05989	0.03502	0.02086	0.11231	0.01939	0.02131	0.01420	0.01046	0.00787	0.00340	0.00949	0.00722	0.00749	0.01295
29	0.02767	0.31134	0.21148	0.02359	0.03465	0.10230	0.02534	0.03414	0.02359	0.02957	0.01719	0.02003	0.01415	0.00978	0.00854	0.00268	0.01376	0.00675	0.00494	0.07850

[dist]
# distance from previous block
# <min> <max>
0	28

[block]
# block no. 1 follows, 12 sequences, length 56
# corresponding to MSA columns:
# 76-131
name=unknown_B
#
# <colnr> <probs for GDERKNQSTAVLIFYWHMCP>
#	G	D	E	R	K	N	Q	S	T	A	V	L	I	F	Y	W	H	M	C	P
0	0.02342	0.02476	0.04804	0.12595	0.05010	0.02620	0.28762	0.03060	0.02400	0.03317	0.07801	0.03410	0.02539	0.01275	0.01680	0.00384	0.12344	0.01251	0.00599	0.01329
1	0.16263	0.02097	0.03077	0.02551	0.02973	0.02428	0.11067	0.02777	0.02208	0.03625	0.10828	0.04416	0.03424	0.01708	0.01924	0.00408	0.20041	0.06280	0.00711	0.01195
2	0.02863	0.02193	0.02394	0.02122	0.02736	0.02458	0.01658	0.05450	0.43504	0.10215	0.08305	0.04346	0.03800	0.01523	0.01122	0.00364	0.00843	0.01275	0.01143	0.01686
3	0.02149	0.02424	0.08674	0.02496	0.02794	0.02574	0.02185	0.02519	0.01885	0.02849	0.02416	0.13502	0.02545	0.01976	0.02573	0.00421	0.35477	0.01311	0.00596	0.08633
4	0.01682	0.01233	0.01512	0.01556	0.01780	0.01196	0.01115	0.07154	0.02674	0.03587	0.16264	0.38385	0.11968	0.02868	0.01326	0.00402	0.00663	0.02549	0.01060	0.01027
5	0.04809	0.01989	0.02613	0.02003	0.02850	0.01800	0.01655	0.10412	0.03343	0.50222	0.04115	0.03590	0.02605	0.01345	0.01096	0.00336	0.00958	0.01084	0.01321	0.01855
6	0.02789	0.31877	0.04439	0.02269	0.03050	0.08255	0.07211	0.03756	0.12488	0.03274	0.08046	0.03071	0.02797	0.01201	0.00937	0.00292	0.01181	0.00955	0.00694	0.01419
7	0.01320	0.00982	0.01231	0.01431	0.01559	0.00893	0.00974	0.01528	0.02171	0.02817	0.07066	0.50383	0.17116	0.03279	0.01370	0.00427	0.00616	0.02932	0.01012	0.00893
8	0.02343	0.02153	0.02549	0.20472	0.04121	0.06334	0.02021	0.03883	0.21699	0.03803	0.14491	0.04440	0.04122	0.01493	0.01133	0.00355	0.01059	0.01272	0.00886	0.01370
9	0.69383	0.02109	0.01603	0.01434	0.02109	0.02446	0.01181	0.03205	0.01856	0.04892	0.01518	0.01771	0.01181	0.01012	0.00675	0.00337	0.00843	0.00590	0.00675	0.01181
10	0.02385	0.02385	0.03340	0.02863	0.02863	0.03340	0.02385	0.02624	0.01670	0.02624	0.01431	0.02385	0.01431	0.01908	0.03578	0.00477	0.59685	0.00954	0.00477	0.01193
11	0.02478	0.28311	0.35911	0.02611	0.03951	0.03245	0.03164	0.03378	0.02267	0.03098	0.01780	0.02081	0.01388	0.00995	0.00901	0.00300	0.01433	0.00717	0.00463	0.01527
12	0.69383	0.02109	0.01603	0.01434	0.02109	0.02446	0.01181	0.03205	0.01856	0.04892	0.01518	0.01771	0.01181	0.01012	0.00675	0.00337	0.00843	0.00590	0.00675	0.01181
13	0.02261	0.01938	0.02261	0.01615	0.02584	0.01453	0.01292	0.02745	0.02261	0.03553	0.01938	0.02261	0.01615	0.00807	0.00807	0.00161	0.00807	0.00646	0.00646	0.68346
14	0.01543	0.01115	0.01457	0.01372	0.01629	0.01029	0.01029	0.02058	0.03086	0.04372	0.54304	0.08145	0.10288	0.02229	0.01286	0.00343	0.00514	0.01972	0.01200	0.01029
15	0.01894	0.00947	0.01420	0.01420	0.01420	0.00947	0.00947	0.01420	0.01420	0.01894	0.01894	0.03314	0.01894	0.03788	0.04261	0.68277	0.00947	0.00947	0.00473	0.00473
16	0.02748	0.02644	0.04882	0.03666	0.04559	0.02603	0.31327	0.13272	0.03097	0.04158	0.02971	0.04653	0.02575	0.01399	0.01287	0.00385	0.01546	0.10018	0.00751	0.01462
17	0.02290	0.01261	0.01643	0.01459	0.01839	0.01148	0.01125	0.02784	0.03021	0.15095	0.39225	0.06846	0.08018	0.01958	0.01199	0.00334	0.00601	0.01702	0.07253	0.01201
18	0.03298	0.01985	0.02503	0.13866	0.03576	0.02125	0.01829	0.13344	0.08669	0.18228	0.03329	0.03441	0.02361	0.01285	0.01024	0.00327	0.00995	0.01045	0.15243	0.01527
19	0.01894	0.00947	0.01420	0.01420	0.01420	0.00947	0.00947	0.01420	0.01420	0.01894	0.01894	0.03314	0.01894	0.03788	0.04261	0.68277	0.00947	0.00947	0.00473	0.00473
20	0.20745	0.01918	0.02302	0.01816	0.02618	0.01810	0.01499	0.04795	0.02810	0.43161	0.03617	0.03234	0.02326	0.01267	0.00993	0.00337	0.00907	0.00972	0.01184	0.01690
21	0.02385	0.02385	0.03340	0.02863	0.02863	0.03340	0.02385	0.02624	0.01670	0.02624	0.01431	0.02385	0.01431	0.01908	0.03578	0.00477	0.59685	0.00954	0.00477	0.01193
22	0.02261	0.01938	0.02261	0.01615	0.02584	0.01453	0.01292	0.02745	0.02261	0.03553	0.01938	0.02261	0.01615	0.00807	0.00807	0.00161	0.00807	0.00646	0.00646	0.68346
23	0.02649	0.02540	0.04336	0.10769	0.51191	0.02578	0.03322	0.03303	0.02459	0.03502	0.02042	0.02715	0.01706	0.00981	0.01080	0.00327	0.01308	0.00971	0.00535	0.01687
24	0.01579	0.01082	0.01315	0.01315	0.01359	0.01126	0.00818	0.01666	0.01623	0.02207	0.03320	0.06497	0.03687	0.49712	0.17140	0.01213	0.01474	0.01492	0.00644	0.00731
25	0.69383	0.02109	0.01603	0.01434	0.02109	0.02446	0.01181	0.03205	0.01856	0.04892	0.01518	0.01771	0.01181	0.01012	0.00675	0.00337	0.00843	0.00590	0.00675	0.01181
26	0.03708	0.03054	0.03012	0.02452	0.03216	0.08553	0.01972	0.32926	0.19269	0.05759	0.03071	0.02988	0.02252	0.01342	0.01086	0.00335	0.01175	0.01029	0.01044	0.01757
27	0.01424	0.01130	0.01432	0.01550	0.01682	0.01139	0.01104	0.01640	0.02144	0.02807	0.06791	0.42724	0.18244	0.03105	0.01584	0.00428	0.06497	0.02690	0.00959	0.00925
28	0.01328	0.00949	0.01265	0.01518	0.01581	0.00886	0.01012	0.01518	0.02088	0.02783	0.06010	0.60969	0.07212	0.03416	0.01392	0.00443	0.00633	0.03100	0.01012	0.00886
29	0.04892	0.01856	0.02530	0.01940	0.02783	0.01603	0.01603	0.05314	0.03121	0.55634	0.04302	0.03711	0.02699	0.01350	0.01096	0.00337	0.00928	0.01096	0.01350	0.01856
30	0.04015	0.02990	0.03199	0.02482	0.03332	0.03321	0.02041	0.47127	0.09454	0.06662	0.02783	0.02749	0.01988	0.01324	0.01092	0.00331	0.01169	0.01004	0.01092	0.01843
31	0.02891	0.01268	0.01471	0.01294	0.01725	0.01192	0.01015	0.03373	0.02537	0.19550	0.03781	0.03959	0.02766	0.01294	0.00863	0.00279	0.00634	0.01040	0.47800	0.01268
32	0.11386	0.02949	0.03087	0.02389	0.03240	0.03278	0.01973	0.45912	0.04763	0.06652	0.02496	0.02524	0.01780	0.01276	0.01045	0.00328	0.01160	0.00938	0.01045	0.01780
33	0.01586	0.01057	0.01189	0.01189	0.01189	0.01057	0.00661	0.01586	0.01586	0.02114	0.03436	0.07135	0.03964	0.61681	0.05550	0.01057	0.01057	0.01586	0.00661	0.00661
34	0.02915	0.62337	0.05714	0.01866	0.02799	0.04314	0.01866	0.03265	0.02215	0.02565	0.01516	0.01749	0.01399	0.00933	0.00700	0.00233	0.01166	0.00583	0.00466	0.01399
35	0.08748	0.02851	0.03139	0.02724	0.02883	0.12679	0.02228	0.02979	0.01935	0.02837	0.01484	0.02257	0.01404	0.01690	0.02862	0.00430	0.44281	0.00877	0.00510	0.01204
36	0.02378	0.02287	0.03737	0.26762	0.25090	0.02681	0.03018	0.02971	0.02192	0.03056	0.01876	0.02716	0.01556	0.01215	0.01608	0.00372	0.13604	0.00967	0.00505	0.01409
37	0.01518	0.01114	0.01422	0.01345	0.01613	0.01018	0.01009	0.02009	0.03027	0.04230	0.49993	0.08379	0.14687	0.02282	0.01286	0.00345	0.00518	0.02005	0.01182	0.01018
38	0.01436	0.01204	0.01417	0.06947	0.02168	0.01114	0.01164	0.01799	0.02503	0.03072	0.12802	0.09769	0.40553	0.02584	0.01293	0.00381	0.00689	0.07165	0.00974	0.00967
39	0.01400	0.01109	0.01259	0.01221	0.01541	0.00968	0.00916	0.01780	0.02748	0.03568	0.29922	0.09468	0.35172	0.02529	0.01288	0.00357	0.00536	0.02157	0.01094	0.00968
40	0.01997	0.01249	0.01823	0.01723	0.01723	0.01449	0.01249	0.01673	0.01473	0.02047	0.01797	0.03120	0.01797	0.03394	0.04118	0.54058	0.13265	0.00948	0.00474	0.00624
41	0.02699	0.02591	0.04426	0.06693	0.54879	0.02591	0.03346	0.03346	0.02483	0.03562	0.02051	0.02699	0.01727	0.00972	0.01079	0.00324	0.01295	0.00972	0.00540	0.01727
42	0.02187	0.05640	0.56031	0.03108	0.04719	0.02532	0.04029	0.03453	0.02302	0.03453	0.01957	0.02302	0.01381	0.01036	0.01036	0.00345	0.01611	0.00806	0.00460	0.01611
43	0.15348	0.02011	0.02192	0.01847	0.02462	0.02134	0.01477	0.12842	0.12051	0.13801	0.17315	0.04434	0.04467	0.01546	0.01072	0.00343	0.00838	0.01247	0.01092	0.01479
44	0.02732	0.03887	0.25435	0.03469	0.04649	0.02655	0.20265	0.07151	0.02635	0.08385	0.02267	0.02688	0.01637	0.01111	0.01333	0.00361	0.06121	0.01028	0.00622	0.01569
45	0.18914	0.12865	0.13618	0.02461	0.03498	0.02623	0.11313	0.03220	0.02221	0.03688	0.01819	0.02193	0.01436	0.00943	0.00891	0.00291	0.01223	0.00774	0.00570	0.15439
46	0.21584	0.04131	0.02712	0.02407	0.03034	0.36617	0.01855	0.09250	0.02985	0.03731	0.01744	0.01986	0.01394	0.01114	0.00912	0.00301	0.01580	0.00703	0.00651	0.01307
47	0.02610	0.02197	0.03928	0.02955	0.03706	0.02098	0.22886	0.08461	0.03093	0.09329	0.20986	0.04832	0.04850	0.01471	0.01246	0.00351	0.01207	0.01478	0.00921	0.01394
48	0.01771	0.00991	0.01328	0.01328	0.01328	0.00991	0.00832	0.01486	0.01486	0.01982	0.02510	0.04842	0.02722	0.26937	0.04777	0.41398	0.00991	0.01202	0.00548	0.00548
49	0.02799	0.02568	0.04416	0.03277	0.04126	0.02554	0.25734	0.16969	0.03425	0.04664	0.13889	0.04003	0.03629	0.01322	0.01230	0.00350	0.01360	0.01351	0.00851	0.01483
50	0.02600	0.02433	0.04969	0.03654	0.04537	0.02275	0.35962	0.03357	0.02543	0.08205	0.02921	0.08865	0.02424	0.01244	0.01222	0.00360	0.01489	0.01419	0.08125	0.01397
51	0.03751	0.01607	0.02140	0.01726	0.02384	0.01401	0.01393	0.04182	0.03055	0.38392	0.17079	0.05404	0.09228	0.01691	0.01160	0.00342	0.00793	0.01419	0.01283	0.01570
52	0.01633	0.01278	0.01896	0.01853	0.02030	0.01542	0.01456	0.02008	0.01745	0.02540	0.02786	0.04112	0.02609	0.07610	0.52489	0.01637	0.08061	0.01149	0.00574	0.00993
53	0.02496	0.01993	0.02936	0.02695	0.08613	0.01938	0.10121	0.08412	0.07475	0.09070	0.10225	0.05973	0.19806	0.01777	0.01208	0.00353	0.00992	0.01584	0.00948	0.01385
54	0.03709	0.02664	0.02898	0.02341	0.03117	0.02942	0.01895	0.29702	0.22192	0.11448	0.03463	0.03264	0.02481	0.01375	0.01098	0.00344	0.01048	0.01085	0.01126	0.01808
55	0.02261	0.01938	0.02261	0.01615	0.02584	0.01453	0.01292	0.02745	0.02261	0.03553	0.01938	0.02261	0.01615	0.00807	0.00807	0.00161	0.00807	0.00646	0.00646	0.68346

[dist]
# distance from previous block
# <min> <max>
0	2

[block]
# block no. 2 follows, 12 sequences, length 35
# corresponding to MSA columns:
# 134-168
name=unknown_C
#
# <colnr> <probs for GDERKNQSTAVLIFYWHMCP>
#	G	D	E	R	K	N	Q	S	T	A	V	L	I	F	Y	W	H	M	C	P
0	0.01619	0.01237	0.01518	0.01640	0.01831	0.01256	0.01153	0.02405	0.12096	0.03287	0.10461	0.44669	0.06757	0.02921	0.01326	0.00419	0.00666	0.02625	0.01050	0.01064
1	0.02385	0.02385	0.03340	0.02863	0.02863	0.03340	0.02385	0.02624	0.01670	0.02624	0.01431	0.02385	0.01431	0.01908	0.03578	0.00477	0.59685	0.00954	0.00477	0.01193
2	0.02965	0.19978	0.08931	0.02257	0.03109	0.03269	0.02058	0.12700	0.25024	0.04278	0.03036	0.02975	0.02325	0.01249	0.00981	0.00321	0.01083	0.00960	0.00857	0.01643
3	0.17468	0.01905	0.02349	0.01841	0.02652	0.01767	0.01520	0.04903	0.02874	0.45739	0.03759	0.03333	0.02403	0.01284	0.01014	0.00337	0.00911	0.00998	0.01218	0.01724
4	0.04145	0.03054	0.03272	0.02509	0.03381	0.03381	0.02072	0.51243	0.05127	0.06872	0.02618	0.02618	0.01854	0.01309	0.01091	0.00327	0.01200	0.00982	0.01091	0.01854
5	0.01519	0.01114	0.01423	0.01346	0.01614	0.01018	0.01009	0.02010	0.03028	0.04234	0.50119	0.08372	0.14559	0.02281	0.01286	0.00345	0.00518	0.02004	0.01182	0.01018
6	0.04073	0.05197	0.03090	0.02809	0.03371	0.57303	0.02107	0.04354	0.03090	0.02669	0.01685	0.01966	0.01404	0.01124	0.00983	0.00281	0.01966	0.00702	0.00562	0.01264
7	0.04434	0.02590	0.02985	0.02289	0.03150	0.02693	0.01891	0.33464	0.04350	0.25748	0.03270	0.03041	0.02181	0.01325	0.01093	0.00331	0.01095	0.01026	0.01191	0.01855
8	0.01395	0.01084	0.01142	0.01153	0.01475	0.00939	0.00855	0.01712	0.02493	0.03191	0.14135	0.13476	0.41035	0.02603	0.01241	0.00359	0.00550	0.02196	0.08026	0.00939
9	0.03786	0.01765	0.02133	0.01717	0.02362	0.01695	0.01392	0.11957	0.03166	0.29849	0.03767	0.03652	0.02592	0.01316	0.00981	0.00307	0.00829	0.01050	0.24118	0.01567
10	0.01864	0.00958	0.01398	0.01398	0.01398	0.00958	0.00919	0.01437	0.01437	0.01916	0.02046	0.03691	0.02098	0.09492	0.04388	0.61654	0.00958	0.01010	0.00492	0.00492
11	0.04892	0.01856	0.02530	0.01940	0.02783	0.01603	0.01603	0.05314	0.03121	0.55634	0.04302	0.03711	0.02699	0.01350	0.01096	0.00337	0.00928	0.01096	0.01350	0.01856
12	0.02261	0.01938	0.02261	0.01615	0.02584	0.01453	0.01292	0.02745	0.02261	0.03553	0.01938	0.02261	0.01615	0.00807	0.00807	0.00161	0.00807	0.00646	0.00646	0.68346
13	0.02058	0.01931	0.02976	0.02567	0.02755	0.02458	0.06653	0.02425	0.01792	0.02669	0.02128	0.03232	0.01994	0.04431	0.25818	0.00999	0.30382	0.01076	0.00529	0.01128
14	0.02187	0.05640	0.56031	0.03108	0.04719	0.02532	0.04029	0.03453	0.02302	0.03453	0.01957	0.02302	0.01381	0.01036	0.01036	0.00345	0.01611	0.00806	0.00460	0.01611
15	0.01503	0.01146	0.01562	0.01669	0.01746	0.01242	0.01187	0.01719	0.01934	0.02657	0.04711	0.39096	0.05458	0.09516	0.12906	0.00758	0.07066	0.02369	0.00843	0.00913
16	0.69383	0.02109	0.01603	0.01434	0.02109	0.02446	0.01181	0.03205	0.01856	0.04892	0.01518	0.01771	0.01181	0.01012	0.00675	0.00337	0.00843	0.00590	0.00675	0.01181
17	0.02023	0.01126	0.01512	0.01600	0.01816	0.01025	0.01127	0.02258	0.02289	0.13089	0.05677	0.49804	0.06332	0.03013	0.01334	0.00422	0.00690	0.02709	0.01078	0.01075
18	0.02339	0.01780	0.02259	0.02520	0.12322	0.01722	0.01607	0.10607	0.03037	0.07799	0.11727	0.06905	0.26999	0.02009	0.01200	0.00348	0.00830	0.01697	0.00978	0.01316
19	0.01328	0.00949	0.01265	0.01518	0.01581	0.00886	0.01012	0.01518	0.02088	0.02783	0.06010	0.60969	0.07212	0.03416	0.01392	0.00443	0.00633	0.03100	0.01012	0.00886
20	0.04892	0.01856	0.02530	0.01940	0.02783	0.01603	0.01603	0.05314	0.03121	0.55634	0.04302	0.03711	0.02699	0.01350	0.01096	0.00337	0.00928	0.01096	0.01350	0.01856
21	0.03210	0.01534	0.01827	0.01531	0.02057	0.01471	0.01220	0.08573	0.02954	0.22481	0.08629	0.04184	0.03387	0.01395	0.00965	0.00300	0.00728	0.01133	0.31021	0.01400
22	0.04892	0.01856	0.02530	0.01940	0.02783	0.01603	0.01603	0.05314	0.03121	0.55634	0.04302	0.03711	0.02699	0.01350	0.01096	0.00337	0.00928	0.01096	0.01350	0.01856
23	0.04145	0.03054	0.03272	0.02509	0.03381	0.03381	0.02072	0.51243	0.05127	0.06872	0.02618	0.02618	0.01854	0.01309	0.01091	0.00327	0.01200	0.00982	0.01091	0.01854
24	0.04145	0.03054	0.03272	0.02509	0.03381	0.03381	0.02072	0.51243	0.05127	0.06872	0.02618	0.02618	0.01854	0.01309	0.01091	0.00327	0.01200	0.00982	0.01091	0.01854
25	0.02915	0.62337	0.05714	0.01866	0.02799	0.04314	0.01866	0.03265	0.02215	0.02565	0.01516	0.01749	0.01399	0.00933	0.00700	0.00233	0.01166	0.00583	0.00466	0.01399
26	0.69383	0.02109	0.01603	0.01434	0.02109	0.02446	0.01181	0.03205	0.01856	0.04892	0.01518	0.01771	0.01181	0.01012	0.00675	0.00337	0.00843	0.00590	0.00675	0.01181
27	0.03674	0.02609	0.02820	0.02261	0.03014	0.02871	0.01835	0.32607	0.15908	0.09830	0.03260	0.03174	0.02351	0.01348	0.01066	0.00331	0.01037	0.01053	0.07204	0.01748
28	0.01837	0.01164	0.01405	0.01327	0.01661	0.01043	0.01001	0.02247	0.02762	0.08969	0.28060	0.11931	0.21528	0.02292	0.01225	0.00349	0.00575	0.01972	0.07582	0.01068
29	0.04145	0.03054	0.03272	0.02509	0.03381	0.03381	0.02072	0.51243	0.05127	0.06872	0.02618	0.02618	0.01854	0.01309	0.01091	0.00327	0.01200	0.00982	0.01091	0.01854
30	0.01451	0.01076	0.01329	0.01334	0.01558	0.00980	0.00960	0.01818	0.02665	0.03615	0.32486	0.19090	0.18231	0.06535	0.01592	0.00416	0.00582	0.02238	0.01089	0.00954
31	0.01326	0.01031	0.01207	0.01321	0.01536	0.00912	0.00931	0.01579	0.02341	0.02974	0.11854	0.34312	0.28721	0.03033	0.01337	0.00402	0.00588	0.02656	0.01026	0.00912
32	0.03021	0.03628	0.22063	0.02570	0.03620	0.02666	0.02616	0.13759	0.20216	0.09754	0.03169	0.03109	0.02271	0.01272	0.01078	0.00349	0.01207	0.01015	0.00895	0.01722
33	0.01748	0.01423	0.02167	0.02351	0.07362	0.01667	0.01656	0.02150	0.01818	0.02643	0.02697	0.03950	0.02507	0.06879	0.46777	0.01492	0.07943	0.01129	0.00570	0.01069
34	0.02691	0.08134	0.04188	0.14782	0.18070	0.08561	0.09981	0.03525	0.07276	0.03223	0.02136	0.02715	0.01726	0.01140	0.01318	0.00345	0.07178	0.00979	0.00576	0.01458

[dist]
# distance from previous block
# <min> <max>
0	2

[block]
# block no. 3 follows, 12 sequences, length 34
# corresponding to MSA columns:
# 173-182,184-207
name=unknown_D
#
# <colnr> <probs for GDERKNQSTAVLIFYWHMCP>
#	G	D	E	R	K	N	Q	S	T	A	V	L	I	F	Y	W	H	M	C	P
0	0.02865	0.38162	0.11758	0.02628	0.03673	0.03699	0.12125	0.07547	0.02554	0.03240	0.01807	0.02135	0.01489	0.00976	0.00894	0.00282	0.01360	0.00788	0.00538	0.01479
1	0.56264	0.02057	0.01791	0.01537	0.02246	0.02274	0.01267	0.03634	0.02113	0.15214	0.02084	0.02166	0.01490	0.01081	0.00761	0.00337	0.00861	0.00693	0.00812	0.01318
2	0.03684	0.02891	0.02855	0.02365	0.03100	0.09273	0.01888	0.22900	0.22760	0.11423	0.03402	0.03224	0.02463	0.01357	0.01086	0.00339	0.01129	0.01058	0.01067	0.01736
3	0.01894	0.00947	0.01420	0.01420	0.01420	0.00947	0.00947	0.01420	0.01420	0.01894	0.01894	0.03314	0.01894	0.03788	0.04261	0.68277	0.00947	0.00947	0.00473	0.00473
4	0.02776	0.12248	0.18697	0.02501	0.03428	0.02986	0.02512	0.13572	0.13254	0.04125	0.02570	0.02799	0.01984	0.01748	0.05247	0.00441	0.05867	0.00935	0.00735	0.01576
5	0.02855	0.01686	0.02026	0.01706	0.02278	0.01601	0.01319	0.03801	0.13288	0.19140	0.13140	0.05322	0.08281	0.08694	0.01638	0.00411	0.00813	0.01376	0.01079	0.09546
6	0.02588	0.08335	0.22499	0.02720	0.03723	0.06997	0.06639	0.06958	0.13181	0.03672	0.02606	0.02920	0.02012	0.02004	0.07887	0.00508	0.01598	0.00966	0.00670	0.01518
7	0.02699	0.02591	0.04426	0.06693	0.54879	0.02591	0.03346	0.03346	0.02483	0.03562	0.02051	0.02699	0.01727	0.00972	0.01079	0.00324	0.01295	0.00972	0.00540	0.01727
8	0.01372	0.01054	0.01263	0.01376	0.01597	0.00945	0.00999	0.01659	0.02398	0.03077	0.13837	0.30972	0.26072	0.02984	0.01347	0.00406	0.00615	0.06067	0.01035	0.00926
9	0.02761	0.16291	0.03454	0.01960	0.02916	0.02256	0.05559	0.03242	0.02380	0.09641	0.02147	0.02372	0.01699	0.00912	0.00857	0.00217	0.00992	0.00739	0.00681	0.38925
10	0.49846	0.09713	0.02382	0.01729	0.02366	0.07439	0.01449	0.03260	0.01988	0.04220	0.01525	0.01839	0.01248	0.01091	0.00959	0.00332	0.06145	0.00631	0.00622	0.01216
11	0.23547	0.02071	0.02348	0.01860	0.02658	0.02058	0.01535	0.10120	0.02990	0.35134	0.03294	0.03018	0.02158	0.01247	0.00973	0.00336	0.00935	0.00936	0.01123	0.01659
12	0.02385	0.02385	0.03340	0.02863	0.02863	0.03340	0.02385	0.02624	0.01670	0.02624	0.01431	0.02385	0.01431	0.01908	0.03578	0.00477	0.59685	0.00954	0.00477	0.01193
13	0.04077	0.02710	0.02891	0.02234	0.03088	0.06867	0.01822	0.26928	0.03954	0.20245	0.02933	0.02831	0.02029	0.01231	0.01042	0.00302	0.01123	0.00943	0.01058	0.11690
14	0.01367	0.01089	0.01227	0.01232	0.01531	0.00948	0.00909	0.01702	0.02612	0.03341	0.23006	0.15942	0.35869	0.02686	0.01300	0.00370	0.00551	0.02302	0.01067	0.00948
15	0.69383	0.02109	0.01603	0.01434	0.02109	0.02446	0.01181	0.03205	0.01856	0.04892	0.01518	0.01771	0.01181	0.01012	0.00675	0.00337	0.00843	0.00590	0.00675	0.01181
16	0.02527	0.01190	0.01361	0.01237	0.01605	0.01131	0.00956	0.03019	0.02542	0.14063	0.09688	0.04478	0.03660	0.01399	0.00889	0.00281	0.00590	0.01145	0.47060	0.01180
17	0.02712	0.02342	0.02465	0.02219	0.02835	0.02712	0.01726	0.05794	0.52909	0.04561	0.04438	0.04068	0.03328	0.01479	0.01109	0.00370	0.00863	0.01233	0.01109	0.01726
18	0.20231	0.02015	0.02370	0.01866	0.02672	0.01951	0.01541	0.08598	0.02984	0.39495	0.03498	0.03158	0.02267	0.01266	0.00995	0.00337	0.00930	0.00966	0.01167	0.01694
19	0.01543	0.01115	0.01457	0.01372	0.01629	0.01029	0.01029	0.02058	0.03086	0.04372	0.54304	0.08145	0.10288	0.02229	0.01286	0.00343	0.00514	0.01972	0.01200	0.01029
20	0.04145	0.03054	0.03272	0.02509	0.03381	0.03381	0.02072	0.51243	0.05127	0.06872	0.02618	0.02618	0.01854	0.01309	0.01091	0.00327	0.01200	0.00982	0.01091	0.01854
21	0.01894	0.00947	0.01420	0.01420	0.01420	0.00947	0.00947	0.01420	0.01420	0.01894	0.01894	0.03314	0.01894	0.03788	0.04261	0.68277	0.00947	0.00947	0.00473	0.00473
22	0.04602	0.02321	0.02818	0.02161	0.03015	0.02293	0.01785	0.23138	0.03899	0.36710	0.03648	0.03287	0.02371	0.01334	0.01094	0.00333	0.01033	0.01052	0.01249	0.01855
23	0.02261	0.01938	0.02261	0.01615	0.02584	0.01453	0.01292	0.02745	0.02261	0.03553	0.01938	0.02261	0.01615	0.00807	0.00807	0.00161	0.00807	0.00646	0.00646	0.68346
24	0.04529	0.01949	0.02551	0.01941	0.02802	0.01710	0.01599	0.08229	0.03160	0.46073	0.03905	0.03463	0.02512	0.01283	0.01062	0.00316	0.00933	0.01035	0.01248	0.09700
25	0.03720	0.02122	0.02468	0.02014	0.02686	0.05759	0.01618	0.04533	0.10392	0.30177	0.09640	0.03951	0.03419	0.01451	0.01263	0.00334	0.05053	0.01145	0.01121	0.07134
26	0.02967	0.01974	0.02365	0.01836	0.02677	0.01713	0.01493	0.06965	0.07002	0.15294	0.03056	0.03641	0.02426	0.01213	0.00978	0.00260	0.00884	0.04936	0.00903	0.37416
27	0.02868	0.02157	0.02735	0.02515	0.10475	0.01868	0.01727	0.08869	0.02736	0.10272	0.02322	0.02544	0.01792	0.00957	0.00916	0.00227	0.00941	0.00789	0.00768	0.42523
28	0.69383	0.02109	0.01603	0.01434	0.02109	0.02446	0.01181	0.03205	0.01856	0.04892	0.01518	0.01771	0.01181	0.01012	0.00675	0.00337	0.00843	0.00590	0.00675	0.01181
29	0.04350	0.02725	0.03069	0.02353	0.03217	0.02893	0.01944	0.38645	0.04576	0.20248	0.03080	0.02918	0.02086	0.01320	0.01092	0.00330	0.01125	0.01013	0.01162	0.01855
30	0.01328	0.00949	0.01265	0.01518	0.01581	0.00886	0.01012	0.01518	0.02088	0.02783	0.06010	0.60969	0.07212	0.03416	0.01392	0.00443	0.00633	0.03100	0.01012	0.00886
31	0.01543	0.01115	0.01457	0.01372	0.01629	0.01029	0.01029	0.02058	0.03086	0.04372	0.54304	0.08145	0.10288	0.02229	0.01286	0.00343	0.00514	0.01972	0.01200	0.01029
32	0.04149	0.03015	0.03090	0.02431	0.03254	0.07806	0.01982	0.37140	0.08002	0.13559	0.02913	0.02824	0.02043	0.01311	0.01083	0.00328	0.01203	0.00992	0.01084	0.01794
33	0.03879	0.02290	0.02693	0.02148	0.02887	0.02355	0.01770	0.26615	0.04026	0.21948	0.09688	0.04411	0.03502	0.01569	0.01149	0.00346	0.01014	0.04843	0.01180	0.01687

[dist]
# distance from previous block
# <min> <max>
2	5

[block]
# block no. 4 follows, 12 sequences, length 24
# corresponding to MSA columns:
# 213-236
name=unknown_E
#
# <colnr> <probs for GDERKNQSTAVLIFYWHMCP>
#	G	D	E	R	K	N	Q	S	T	A	V	L	I	F	Y	W	H	M	C	P
0	0.02794	0.02232	0.02819	0.02087	0.03016	0.01988	0.05782	0.10996	0.06952	0.07467	0.02425	0.02617	0.01866	0.00987	0.00938	0.00234	0.00972	0.00832	0.00792	0.42204
1	0.22928	0.01918	0.02149	0.01744	0.02485	0.01881	0.01419	0.04265	0.06756	0.28223	0.07189	0.03397	0.02806	0.01284	0.00965	0.00325	0.00855	0.00990	0.01061	0.07359
2	0.21181	0.02150	0.03229	0.02451	0.03254	0.02068	0.16207	0.03201	0.02445	0.08335	0.10460	0.03389	0.02980	0.01170	0.01015	0.00316	0.01091	0.01073	0.00772	0.13212
3	0.02555	0.11513	0.02737	0.01682	0.02506	0.01972	0.01375	0.03148	0.05891	0.07839	0.02413	0.02950	0.02046	0.07352	0.01338	0.00298	0.00906	0.00816	0.00713	0.39951
4	0.02153	0.01763	0.08018	0.01666	0.02175	0.01296	0.01472	0.02741	0.03000	0.12452	0.40189	0.06753	0.08033	0.01949	0.01226	0.00342	0.00709	0.01696	0.01137	0.01229
5	0.02581	0.02470	0.04213	0.16350	0.46144	0.02560	0.03288	0.03243	0.02427	0.03419	0.02030	0.02737	0.01677	0.00993	0.01081	0.00331	0.01325	0.00971	0.00530	0.01632
6	0.02059	0.01938	0.03270	0.59060	0.07510	0.02422	0.03028	0.02786	0.02180	0.02786	0.01938	0.02907	0.01453	0.01090	0.01090	0.00363	0.01453	0.00969	0.00484	0.01211
7	0.01328	0.00949	0.01265	0.01518	0.01581	0.00886	0.01012	0.01518	0.02088	0.02783	0.06010	0.60969	0.07212	0.03416	0.01392	0.00443	0.00633	0.03100	0.01012	0.00886
8	0.02844	0.01402	0.01874	0.01592	0.02077	0.01252	0.01252	0.03322	0.03100	0.24279	0.34886	0.06423	0.07341	0.01888	0.01212	0.00341	0.00675	0.01632	0.01258	0.01350
9	0.03144	0.02557	0.02709	0.02306	0.03000	0.02914	0.01830	0.19497	0.38503	0.05258	0.03889	0.03631	0.02884	0.01428	0.01104	0.00357	0.00964	0.01157	0.01104	0.01765
10	0.14023	0.02337	0.02502	0.01988	0.02725	0.02494	0.01629	0.26619	0.03756	0.16137	0.02944	0.02943	0.02074	0.01265	0.00975	0.00319	0.00978	0.00950	0.11724	0.01617
11	0.69383	0.02109	0.01603	0.01434	0.02109	0.02446	0.01181	0.03205	0.01856	0.04892	0.01518	0.01771	0.01181	0.01012	0.00675	0.00337	0.00843	0.00590	0.00675	0.01181
12	0.02367	0.01115	0.01194	0.01124	0.01447	0.01085	0.00861	0.02865	0.02384	0.10103	0.03644	0.04024	0.02784	0.01280	0.00801	0.00264	0.00557	0.01026	0.59961	0.01115
13	0.02915	0.62337	0.05714	0.01866	0.02799	0.04314	0.01866	0.03265	0.02215	0.02565	0.01516	0.01749	0.01399	0.00933	0.00700	0.00233	0.01166	0.00583	0.00466	0.01399
14	0.04073	0.05197	0.03090	0.02809	0.03371	0.57303	0.02107	0.04354	0.03090	0.02669	0.01685	0.01966	0.01404	0.01124	0.00983	0.00281	0.01966	0.00702	0.00562	0.01264
15	0.01666	0.01157	0.01412	0.01559	0.01742	0.01163	0.01128	0.02286	0.08119	0.03279	0.05348	0.38673	0.05843	0.02751	0.01255	0.00406	0.00676	0.07190	0.13327	0.01021
16	0.01998	0.01213	0.01547	0.01427	0.01776	0.01087	0.01082	0.02430	0.02903	0.11900	0.35084	0.12446	0.16315	0.02287	0.01266	0.00355	0.00595	0.01990	0.01175	0.01126
17	0.02560	0.02449	0.04175	0.18052	0.44603	0.02554	0.03277	0.03225	0.02417	0.03394	0.02026	0.02744	0.01668	0.00997	0.01082	0.00332	0.01330	0.00971	0.00528	0.01615
18	0.01583	0.01241	0.01448	0.01373	0.01705	0.01171	0.01036	0.02290	0.08150	0.03923	0.34803	0.08487	0.24080	0.02325	0.01268	0.00354	0.00564	0.02002	0.01129	0.01067
19	0.01894	0.00947	0.01420	0.01420	0.01420	0.00947	0.00947	0.01420	0.01420	0.01894	0.01894	0.03314	0.01894	0.03788	0.04261	0.68277	0.00947	0.00947	0.00473	0.00473
20	0.02013	0.01830	0.02875	0.44140	0.06119	0.02201	0.02616	0.02859	0.06097	0.02982	0.03281	0.04575	0.06558	0.01453	0.01150	0.00378	0.01287	0.05752	0.00629	0.01205
21	0.01653	0.01184	0.01561	0.01555	0.01664	0.01325	0.01116	0.01898	0.01789	0.02599	0.03398	0.11648	0.03549	0.23211	0.24474	0.01126	0.06129	0.01493	0.07742	0.00886
22	0.16781	0.21582	0.03397	0.01972	0.02693	0.13932	0.01676	0.07198	0.02723	0.08875	0.07487	0.02735	0.02459	0.01194	0.00883	0.00293	0.01172	0.00837	0.00741	0.01369
23	0.02378	0.19702	0.38845	0.02670	0.04056	0.02895	0.03255	0.03347	0.02277	0.03236	0.01843	0.02159	0.01405	0.00991	0.00932	0.00302	0.01432	0.00736	0.00477	0.07063

[dist]
# distance from previous block
# <min> <max>
4	7

[block]
# block no. 5 follows, 12 sequences, length 44
# corresponding to MSA columns:
# 264-285,287-308
name=unknown_F
#
# <colnr> <probs for GDERKNQSTAVLIFYWHMCP>
#	G	D	E	R	K	N	Q	S	T	A	V	L	I	F	Y	W	H	M	C	P
0	0.02390	0.22589	0.32087	0.02406	0.03602	0.02859	0.02864	0.03257	0.02273	0.03269	0.02060	0.02395	0.01600	0.01039	0.00890	0.00297	0.01307	0.00768	0.10592	0.01456
1	0.24058	0.04216	0.33255	0.02717	0.03972	0.02527	0.07918	0.03377	0.02185	0.03925	0.01840	0.02195	0.01344	0.01016	0.00944	0.00345	0.01385	0.00785	0.00539	0.01457
2	0.03107	0.08658	0.20827	0.02471	0.03430	0.02474	0.02559	0.03775	0.02416	0.18851	0.02518	0.02687	0.01807	0.01267	0.01488	0.00342	0.12350	0.00887	0.00746	0.07341
3	0.03858	0.02343	0.03054	0.02405	0.03213	0.02396	0.06790	0.14110	0.18361	0.25605	0.03803	0.03529	0.02618	0.01336	0.01119	0.00348	0.01054	0.01135	0.01146	0.01777
4	0.01372	0.00980	0.01316	0.01569	0.01651	0.00924	0.01089	0.01594	0.02131	0.02833	0.05985	0.55972	0.07115	0.03375	0.01403	0.00449	0.00671	0.07663	0.01011	0.00898
5	0.02641	0.02315	0.02572	0.12935	0.03606	0.06390	0.01890	0.11271	0.18389	0.04159	0.07279	0.09459	0.03382	0.01549	0.01109	0.00342	0.01055	0.01300	0.00902	0.07454
6	0.47397	0.02022	0.01919	0.01606	0.02339	0.02158	0.01325	0.03924	0.02287	0.22191	0.02467	0.02433	0.01698	0.01127	0.00819	0.00337	0.00872	0.00763	0.00905	0.01411
7	0.02385	0.02385	0.03340	0.02863	0.02863	0.03340	0.02385	0.02624	0.01670	0.02624	0.01431	0.02385	0.01431	0.01908	0.03578	0.00477	0.59685	0.00954	0.00477	0.01193
8	0.21105	0.02766	0.02574	0.02161	0.02880	0.07318	0.01735	0.21182	0.18224	0.05319	0.02787	0.02768	0.02074	0.01265	0.00977	0.00339	0.01067	0.00929	0.00942	0.01589
9	0.02915	0.62337	0.05714	0.01866	0.02799	0.04314	0.01866	0.03265	0.02215	0.02565	0.01516	0.01749	0.01399	0.00933	0.00700	0.00233	0.01166	0.00583	0.00466	0.01399
10	0.01894	0.00947	0.01420	0.01420	0.01420	0.00947	0.00947	0.01420	0.01420	0.01894	0.01894	0.03314	0.01894	0.03788	0.04261	0.68277	0.00947	0.00947	0.00473	0.00473
11	0.01543	0.01115	0.01457	0.01372	0.01629	0.01029	0.01029	0.02058	0.03086	0.04372	0.54304	0.08145	0.10288	0.02229	0.01286	0.00343	0.00514	0.01972	0.01200	0.01029
12	0.02059	0.01938	0.03270	0.59060	0.07510	0.02422	0.03028	0.02786	0.02180	0.02786	0.01938	0.02907	0.01453	0.01090	0.01090	0.00363	0.01453	0.00969	0.00484	0.01211
13	0.02915	0.62337	0.05714	0.01866	0.02799	0.04314	0.01866	0.03265	0.02215	0.02565	0.01516	0.01749	0.01399	0.00933	0.00700	0.00233	0.01166	0.00583	0.00466	0.01399
14	0.02059	0.01229	0.01623	0.01459	0.01807	0.01117	0.01117	0.02559	0.03092	0.12261	0.46610	0.07462	0.09120	0.02094	0.01257	0.00342	0.00578	0.01837	0.01223	0.01156
15	0.04599	0.01769	0.02375	0.01845	0.02628	0.01542	0.01516	0.05029	0.03035	0.50343	0.04225	0.03748	0.02709	0.01341	0.01062	0.00329	0.00885	0.01088	0.08161	0.01769
16	0.01894	0.00947	0.01420	0.01420	0.01420	0.00947	0.00947	0.01420	0.01420	0.01894	0.01894	0.03314	0.01894	0.03788	0.04261	0.68277	0.00947	0.00947	0.00473	0.00473
17	0.04637	0.02264	0.02783	0.02134	0.02987	0.02209	0.01763	0.20972	0.03805	0.39011	0.03728	0.03338	0.02411	0.01336	0.01095	0.00334	0.01021	0.01057	0.01261	0.01855
18	0.02407	0.02404	0.10299	0.01843	0.02825	0.01585	0.01704	0.03007	0.02427	0.08191	0.07521	0.02998	0.02565	0.01035	0.00916	0.00223	0.00909	0.00846	0.00737	0.45557
19	0.04096	0.04508	0.03148	0.02713	0.03374	0.39979	0.02096	0.19419	0.03744	0.04019	0.01985	0.02176	0.01549	0.01183	0.01018	0.00296	0.01720	0.00792	0.00732	0.01454
20	0.01481	0.01047	0.01385	0.01600	0.01704	0.01010	0.01158	0.01726	0.02125	0.02812	0.05563	0.39981	0.06478	0.11983	0.02041	0.00550	0.00795	0.14720	0.00958	0.00884
21	0.69383	0.02109	0.01603	0.01434	0.02109	0.02446	0.01181	0.03205	0.01856	0.04892	0.01518	0.01771	0.01181	0.01012	0.00675	0.00337	0.00843	0.00590	0.00675	0.01181
22	0.01328	0.00949	0.01265	0.01518	0.01581	0.00886	0.01012	0.01518	0.02088	0.02783	0.06010	0.60969	0.07212	0.03416	0.01392	0.00443	0.00633	0.03100	0.01012	0.00886
23	0.02261	0.01938	0.02261	0.01615	0.02584	0.01453	0.01292	0.02745	0.02261	0.03553	0.01938	0.02261	0.01615	0.00807	0.00807	0.00161	0.00807	0.00646	0.00646	0.68346
24	0.02327	0.01951	0.02979	0.03997	0.24610	0.01974	0.02397	0.06884	0.02689	0.03662	0.03942	0.11381	0.04042	0.02033	0.01280	0.00407	0.01114	0.20141	0.00815	0.01374
25	0.04079	0.05030	0.03104	0.02786	0.03372	0.53117	0.02104	0.07994	0.03248	0.02995	0.01758	0.02017	0.01439	0.01138	0.00992	0.00284	0.01907	0.00724	0.00603	0.01310
26	0.02712	0.02342	0.02465	0.02219	0.02835	0.02712	0.01726	0.05794	0.52909	0.04561	0.04438	0.04068	0.03328	0.01479	0.01109	0.00370	0.00863	0.01233	0.01109	0.01726
27	0.01313	0.01092	0.01147	0.01162	0.01495	0.00926	0.00861	0.01601	0.02500	0.03048	0.14155	0.14654	0.46747	0.02774	0.01297	0.00373	0.00556	0.02343	0.01028	0.00926
28	0.04892	0.01856	0.02530	0.01940	0.02783	0.01603	0.01603	0.05314	0.03121	0.55634	0.04302	0.03711	0.02699	0.01350	0.01096	0.00337	0.00928	0.01096	0.01350	0.01856
29	0.04019	0.02992	0.03201	0.02483	0.03333	0.03323	0.02042	0.47256	0.09318	0.06669	0.02777	0.02745	0.01984	0.01324	0.01092	0.00331	0.01170	0.01004	0.01092	0.01843
30	0.10752	0.01658	0.02032	0.01642	0.02311	0.01533	0.01335	0.04358	0.02769	0.36678	0.03817	0.03606	0.02569	0.01294	0.00964	0.00315	0.00807	0.01023	0.18975	0.01563
31	0.69383	0.02109	0.01603	0.01434	0.02109	0.02446	0.01181	0.03205	0.01856	0.04892	0.01518	0.01771	0.01181	0.01012	0.00675	0.00337	0.00843	0.00590	0.00675	0.01181
32	0.02574	0.02941	0.06434	0.04596	0.05699	0.02757	0.50919	0.03493	0.02574	0.03493	0.02206	0.02941	0.01654	0.00919	0.01287	0.00368	0.01838	0.01287	0.00551	0.01471
33	0.02915	0.62337	0.05714	0.01866	0.02799	0.04314	0.01866	0.03265	0.02215	0.02565	0.01516	0.01749	0.01399	0.00933	0.00700	0.00233	0.01166	0.00583	0.00466	0.01399
34	0.62682	0.02425	0.01755	0.01575	0.02238	0.08074	0.01276	0.03323	0.01982	0.04664	0.01535	0.01791	0.01204	0.01024	0.00706	0.00332	0.00959	0.00602	0.00663	0.01189
35	0.02646	0.02739	0.05277	0.05804	0.34028	0.02661	0.23516	0.03408	0.02521	0.03533	0.02117	0.02801	0.01696	0.00949	0.01167	0.00342	0.01526	0.01105	0.00545	0.01618
36	0.01543	0.01115	0.01457	0.01372	0.01629	0.01029	0.01029	0.02058	0.03086	0.04372	0.54304	0.08145	0.10288	0.02229	0.01286	0.00343	0.00514	0.01972	0.01200	0.01029
37	0.01540	0.01050	0.01260	0.01302	0.01333	0.01060	0.00792	0.01611	0.01687	0.02270	0.03815	0.15895	0.04383	0.46389	0.10170	0.01025	0.01177	0.01797	0.00712	0.00731
38	0.01391	0.01109	0.01247	0.01212	0.01536	0.00964	0.00909	0.01764	0.02728	0.03521	0.28488	0.09546	0.36636	0.02547	0.01288	0.00358	0.00537	0.02168	0.01088	0.00964
39	0.01839	0.00976	0.01431	0.01431	0.01449	0.00993	0.00961	0.01481	0.01464	0.01969	0.02111	0.03712	0.02137	0.08889	0.09133	0.56839	0.01133	0.01019	0.00499	0.00534
40	0.09300	0.02621	0.02727	0.02270	0.03000	0.02970	0.01823	0.24670	0.28237	0.05562	0.03411	0.03252	0.02516	0.01366	0.01063	0.00349	0.01003	0.01070	0.01063	0.01731
41	0.02319	0.04720	0.39123	0.03615	0.05053	0.02609	0.20014	0.03467	0.02395	0.03467	0.02042	0.02520	0.01474	0.00996	0.01121	0.00353	0.01689	0.00970	0.00491	0.01563
42	0.08562	0.02719	0.03031	0.24326	0.09966	0.12894	0.02401	0.10361	0.02792	0.03640	0.02333	0.07777	0.02026	0.01319	0.01060	0.00343	0.01370	0.01079	0.00660	0.01339
43	0.02391	0.03392	0.21332	0.07606	0.04209	0.02256	0.09823	0.07992	0.02596	0.03729	0.02350	0.06729	0.01958	0.01167	0.01053	0.00310	0.01318	0.01036	0.00627	0.18126

[dist]
# distance from previous block
# <min> <max>
0	2

[block]
# block no. 6 follows, 12 sequences, length 13
# corresponding to MSA columns:
# 317-329
name=unknown_G
#
# <colnr> <probs for GDERKNQSTAVLIFYWHMCP>
#	G	D	E	R	K	N	Q	S	T	A	V	L	I	F	Y	W	H	M	C	P
0	0.28185	0.02548	0.09158	0.14581	0.03843	0.02339	0.02067	0.06813	0.02380	0.08692	0.02037	0.02376	0.01496	0.01062	0.00895	0.00324	0.01106	0.00781	0.00692	0.08624
1	0.69383	0.02109	0.01603	0.01434	0.02109	0.02446	0.01181	0.03205	0.01856	0.04892	0.01518	0.01771	0.01181	0.01012	0.00675	0.00337	0.00843	0.00590	0.00675	0.01181
2	0.35752	0.02295	0.06853	0.01763	0.02502	0.02157	0.01565	0.03784	0.07811	0.14464	0.08474	0.03175	0.02771	0.01270	0.00907	0.00342	0.00895	0.00936	0.00893	0.01392
3	0.01894	0.00947	0.01420	0.01420	0.01420	0.00947	0.00947	0.01420	0.01420	0.01894	0.01894	0.03314	0.01894	0.03788	0.04261	0.68277	0.00947	0.00947	0.00473	0.00473
4	0.02807	0.15666	0.19995	0.03046	0.04118	0.12685	0.13424	0.03839	0.07965	0.03269	0.02146	0.02468	0.01660	0.01053	0.01025	0.00320	0.01557	0.00897	0.00570	0.01489
5	0.02678	0.02332	0.03358	0.26796	0.13492	0.02637	0.02625	0.13616	0.02849	0.03890	0.02064	0.02694	0.01603	0.01159	0.01272	0.00337	0.06309	0.00936	0.00645	0.08707
6	0.02361	0.02209	0.03354	0.29883	0.15638	0.02631	0.02751	0.03481	0.12325	0.03279	0.02397	0.03031	0.01882	0.01248	0.01408	0.00371	0.08696	0.01020	0.00620	0.01417
7	0.01420	0.01451	0.07133	0.01689	0.01918	0.01062	0.01335	0.01726	0.02111	0.02855	0.05575	0.54684	0.06587	0.03161	0.01354	0.00432	0.00737	0.02854	0.00953	0.00963
8	0.01407	0.01009	0.01335	0.01465	0.01599	0.00938	0.01018	0.01715	0.02452	0.03363	0.23639	0.41686	0.08335	0.02983	0.01353	0.00406	0.00589	0.02688	0.01081	0.00938
9	0.02656	0.02773	0.03104	0.02701	0.02822	0.12741	0.02202	0.02925	0.01973	0.02751	0.01651	0.02449	0.01539	0.01716	0.02885	0.00424	0.44557	0.00915	0.06025	0.01191
10	0.02831	0.55826	0.11492	0.02008	0.03019	0.04110	0.02114	0.03287	0.02225	0.02667	0.01566	0.01813	0.01397	0.00945	0.00738	0.00246	0.01217	0.00609	0.00466	0.01424
