[name]
unknown

[dist]
# distance from previous block
# <min> <max>
2	191

[block]
# block no. 0 follows, 12 sequences, length 22
# corresponding to MSA columns:
# 199-203,230-246
name=unknown_A
#
# <colnr> <probs for GDERKNQSTAVLIFYWHMCP>
#	G	D	E	R	K	N	Q	S	T	A	V	L	I	F	Y	W	H	M	C	P
0	0.52204	0.12325	0.02728	0.01790	0.02546	0.02789	0.05753	0.03241	0.01981	0.04375	0.01579	0.01872	0.01260	0.00990	0.00734	0.00323	0.00987	0.00652	0.00629	0.01244
1	0.01875	0.01427	0.01810	0.01923	0.02249	0.01472	0.01618	0.02825	0.11607	0.03571	0.10240	0.10319	0.09641	0.02649	0.01399	0.00454	0.00902	0.31849	0.01041	0.01130
2	0.01550	0.01073	0.01238	0.01220	0.01308	0.01039	0.00754	0.01684	0.01983	0.02666	0.14879	0.07648	0.09795	0.43854	0.04268	0.00845	0.00897	0.01731	0.00806	0.00762
3	0.02664	0.01925	0.02302	0.01665	0.02615	0.01476	0.01340	0.03139	0.02393	0.11529	0.02300	0.02483	0.01781	0.00891	0.00852	0.00188	0.00826	0.00715	0.00754	0.58164
4	0.02286	0.02501	0.05129	0.09909	0.05135	0.02390	0.36674	0.03068	0.02515	0.03317	0.03768	0.04297	0.11137	0.01270	0.01266	0.00367	0.01565	0.01435	0.00627	0.01343
5	0.02939	0.02696	0.07476	0.02145	0.03078	0.02357	0.01883	0.20240	0.03259	0.04681	0.02153	0.02400	0.01669	0.01075	0.01098	0.00257	0.04595	0.00800	0.00779	0.34421
6	0.02786	0.03645	0.26419	0.02605	0.03844	0.02076	0.06979	0.03642	0.02480	0.14001	0.02447	0.02632	0.01734	0.01028	0.01009	0.00296	0.01278	0.00864	0.00697	0.19537
7	0.02728	0.07348	0.08591	0.08086	0.03012	0.01779	0.01800	0.03040	0.02283	0.15689	0.05594	0.07903	0.02796	0.02039	0.01863	0.17348	0.01037	0.01146	0.00779	0.05139
8	0.03645	0.02366	0.11875	0.02006	0.02863	0.01623	0.01890	0.04182	0.02807	0.35074	0.04905	0.08915	0.09648	0.01644	0.01134	0.00351	0.00978	0.01363	0.01118	0.01611
9	0.02666	0.04026	0.31958	0.02937	0.04150	0.02289	0.09933	0.06122	0.02595	0.11513	0.02827	0.09025	0.02283	0.01341	0.01123	0.00357	0.01411	0.01179	0.00703	0.01562
10	0.08034	0.03090	0.13124	0.03061	0.06943	0.02558	0.11918	0.13517	0.07104	0.15489	0.02811	0.02919	0.01973	0.01164	0.01092	0.00345	0.01295	0.01026	0.00865	0.01670
11	0.01942	0.01738	0.02861	0.43628	0.06038	0.02127	0.02614	0.02588	0.02133	0.02783	0.02459	0.03996	0.02115	0.02539	0.11260	0.00626	0.01677	0.05178	0.00549	0.01150
12	0.69383	0.02109	0.01603	0.01434	0.02109	0.02446	0.01181	0.03205	0.01856	0.04892	0.01518	0.01771	0.01181	0.01012	0.00675	0.00337	0.00843	0.00590	0.00675	0.01181
13	0.03427	0.01932	0.02314	0.01829	0.02527	0.01845	0.01478	0.15186	0.03389	0.21664	0.12485	0.04080	0.03719	0.01413	0.01052	0.00302	0.00857	0.01154	0.08404	0.10943
14	0.09527	0.02017	0.01777	0.01787	0.02086	0.11428	0.01297	0.06352	0.02505	0.03417	0.04291	0.35107	0.04759	0.02418	0.01171	0.00379	0.00933	0.02074	0.05599	0.01074
15	0.02392	0.03228	0.14822	0.03976	0.05078	0.02528	0.37033	0.03329	0.02581	0.03581	0.07845	0.03394	0.02547	0.01083	0.01242	0.00361	0.01653	0.01275	0.00606	0.01448
16	0.01375	0.00968	0.01252	0.01459	0.01511	0.00917	0.00949	0.01530	0.01997	0.02663	0.05546	0.51275	0.06627	0.13908	0.02140	0.00553	0.00709	0.02827	0.00949	0.00845
17	0.01961	0.01411	0.01740	0.01789	0.02038	0.01439	0.01355	0.10658	0.02696	0.03581	0.05131	0.34244	0.05754	0.07704	0.01705	0.00487	0.00860	0.13382	0.00996	0.01070
18	0.02671	0.51322	0.05000	0.01845	0.02645	0.03783	0.01775	0.03028	0.02132	0.02559	0.01769	0.02205	0.01638	0.02237	0.10903	0.00507	0.01482	0.00688	0.00488	0.01323
19	0.09688	0.02607	0.07206	0.12468	0.03934	0.02501	0.02178	0.19999	0.03447	0.20867	0.02867	0.02909	0.01946	0.01233	0.01051	0.00339	0.01163	0.00966	0.00973	0.01659
20	0.01475	0.01053	0.01433	0.01685	0.01813	0.01012	0.01266	0.01771	0.02232	0.02947	0.05929	0.44373	0.06892	0.03278	0.01431	0.00463	0.00759	0.18253	0.01009	0.00926
21	0.02134	0.17258	0.03419	0.12312	0.03496	0.02447	0.06187	0.02799	0.06277	0.02891	0.03096	0.15243	0.03059	0.02835	0.11205	0.00598	0.01456	0.01407	0.00667	0.01213

[dist]
# distance from previous block
# <min> <max>
0	42

[block]
# block no. 1 follows, 12 sequences, length 17
# corresponding to MSA columns:
# 289-305
name=unknown_B
#
# <colnr> <probs for GDERKNQSTAVLIFYWHMCP>
#	G	D	E	R	K	N	Q	S	T	A	V	L	I	F	Y	W	H	M	C	P
0	0.03521	0.01735	0.02198	0.01858	0.02499	0.01638	0.01507	0.04408	0.11658	0.31372	0.09988	0.05726	0.08997	0.01762	0.01177	0.00363	0.00847	0.05945	0.01226	0.01576
1	0.20626	0.06293	0.02216	0.01792	0.02314	0.07597	0.01439	0.08122	0.05755	0.04321	0.16272	0.07971	0.04538	0.01685	0.01041	0.00345	0.00929	0.04604	0.00901	0.01238
2	0.20234	0.02622	0.11460	0.01847	0.02842	0.01914	0.01758	0.03151	0.02214	0.07140	0.01977	0.02229	0.01527	0.00935	0.00830	0.00251	0.00964	0.00687	0.00665	0.34752
3	0.01559	0.01149	0.01507	0.01709	0.01936	0.01098	0.01390	0.01939	0.02400	0.03082	0.06868	0.24022	0.15973	0.03063	0.01435	0.00461	0.00823	0.27622	0.01008	0.00958
4	0.02589	0.02132	0.02437	0.01771	0.02723	0.01789	0.01428	0.11185	0.02760	0.04131	0.02056	0.02323	0.01657	0.00895	0.00857	0.00190	0.00876	0.00704	0.00723	0.56775
5	0.02976	0.02510	0.03327	0.02553	0.03293	0.07632	0.10277	0.03457	0.02431	0.12295	0.02270	0.02626	0.01753	0.01168	0.01500	0.00301	0.12635	0.00901	0.00710	0.25384
6	0.50746	0.01933	0.01728	0.01588	0.02207	0.02149	0.01326	0.03265	0.02104	0.10013	0.02555	0.03810	0.02229	0.01396	0.00864	0.00366	0.00880	0.08815	0.00804	0.01222
7	0.01608	0.01095	0.01385	0.01385	0.01476	0.01167	0.00928	0.01789	0.01698	0.02410	0.03254	0.05855	0.03420	0.37466	0.24400	0.01256	0.01708	0.01390	0.05506	0.00802
8	0.01325	0.00964	0.01249	0.01477	0.01571	0.00889	0.00994	0.01523	0.02127	0.02799	0.06506	0.55997	0.11863	0.03352	0.01382	0.00435	0.00625	0.03021	0.01012	0.00889
9	0.02513	0.31041	0.33488	0.02551	0.03859	0.03331	0.03060	0.03369	0.02263	0.03055	0.01759	0.02054	0.01389	0.00990	0.00885	0.00295	0.01412	0.00706	0.00463	0.01516
10	0.03205	0.20633	0.14346	0.13378	0.04105	0.02757	0.02447	0.03834	0.02502	0.18993	0.02538	0.02687	0.01803	0.01112	0.00965	0.00313	0.01239	0.00860	0.00738	0.01544
11	0.01465	0.01007	0.01225	0.01343	0.01373	0.00977	0.00825	0.01554	0.01820	0.02427	0.04638	0.32293	0.05482	0.34452	0.03607	0.00770	0.00859	0.02293	0.00825	0.00766
12	0.14577	0.01749	0.02120	0.01699	0.02414	0.01634	0.01390	0.04498	0.02776	0.38648	0.03733	0.03466	0.02476	0.01282	0.00972	0.00323	0.00841	0.01003	0.12795	0.01603
13	0.03049	0.01897	0.02842	0.06736	0.12036	0.01850	0.04774	0.03844	0.07734	0.20840	0.17340	0.04684	0.04523	0.01494	0.01158	0.00343	0.00962	0.01330	0.01038	0.01527
14	0.02269	0.02164	0.03594	0.38751	0.19971	0.02566	0.03047	0.02922	0.02209	0.02981	0.01915	0.02794	0.01526	0.01145	0.01352	0.00365	0.07612	0.00968	0.00499	0.01350
15	0.01786	0.01380	0.01753	0.01680	0.01718	0.01618	0.01196	0.01937	0.01779	0.02575	0.03451	0.16679	0.03854	0.28108	0.03711	0.00700	0.16324	0.01676	0.07193	0.00881
16	0.14412	0.09586	0.25217	0.02278	0.03364	0.02358	0.02521	0.03604	0.02458	0.13856	0.07867	0.03050	0.02553	0.01209	0.00977	0.00331	0.01183	0.00926	0.00750	0.01500

[dist]
# distance from previous block
# <min> <max>
2	15

[block]
# block no. 2 follows, 12 sequences, length 14
# corresponding to MSA columns:
# 321-334
name=unknown_C
#
# <colnr> <probs for GDERKNQSTAVLIFYWHMCP>
#	G	D	E	R	K	N	Q	S	T	A	V	L	I	F	Y	W	H	M	C	P
0	0.51083	0.02352	0.02567	0.02063	0.02829	0.02606	0.09197	0.08901	0.02355	0.04902	0.01757	0.02057	0.01335	0.01032	0.00821	0.00341	0.01044	0.00747	0.00704	0.01306
1	0.01485	0.00948	0.01308	0.01491	0.01537	0.00903	0.00994	0.01491	0.01903	0.02537	0.04871	0.45017	0.05740	0.03519	0.02186	0.19211	0.00720	0.02504	0.00863	0.00772
2	0.07928	0.07347	0.13879	0.02173	0.03127	0.02349	0.02091	0.04382	0.16441	0.15426	0.03097	0.03018	0.02233	0.01186	0.00986	0.00315	0.01048	0.00933	0.00880	0.11161
3	0.02401	0.25632	0.24553	0.02274	0.03302	0.02971	0.02515	0.03267	0.06067	0.02997	0.02221	0.03003	0.01949	0.10678	0.01635	0.00419	0.01301	0.00880	0.00545	0.01391
4	0.02433	0.01461	0.01770	0.01623	0.02068	0.01398	0.01264	0.03181	0.10633	0.15067	0.13082	0.10525	0.18318	0.02302	0.01444	0.05023	0.00748	0.05323	0.01091	0.01245
5	0.02388	0.01397	0.01936	0.10736	0.02865	0.01358	0.01511	0.02793	0.02561	0.16282	0.10998	0.20588	0.12319	0.02271	0.01251	0.00386	0.00840	0.05276	0.01033	0.01210
6	0.02996	0.08289	0.22935	0.02498	0.03569	0.02667	0.02612	0.12822	0.12375	0.10617	0.05632	0.03134	0.02476	0.01264	0.01054	0.00337	0.01219	0.00999	0.00846	0.01659
7	0.02294	0.02075	0.03118	0.11185	0.23424	0.01957	0.02287	0.02840	0.02316	0.03364	0.02461	0.09422	0.02295	0.01215	0.01019	0.00284	0.01062	0.01104	0.00626	0.25651
8	0.02071	0.01585	0.01770	0.01643	0.02082	0.01569	0.01313	0.13517	0.03136	0.04030	0.11038	0.12005	0.27174	0.02463	0.01286	0.00385	0.00787	0.09939	0.01044	0.01163
9	0.09908	0.01376	0.01678	0.01540	0.01919	0.01310	0.01144	0.02864	0.02513	0.17490	0.16499	0.18653	0.05633	0.10413	0.01786	0.00464	0.00765	0.01798	0.01062	0.01182
10	0.02732	0.10663	0.02843	0.02220	0.06096	0.08695	0.01627	0.03701	0.13581	0.07286	0.08601	0.03886	0.03254	0.07960	0.01498	0.00375	0.01043	0.01080	0.00821	0.12036
11	0.02230	0.04211	0.34379	0.03002	0.04212	0.02411	0.10011	0.03617	0.10366	0.03561	0.02836	0.09170	0.02375	0.01353	0.01123	0.00363	0.01416	0.01196	0.00638	0.01529
12	0.01585	0.01817	0.10101	0.01770	0.02195	0.01221	0.01524	0.02004	0.02218	0.03098	0.08647	0.41054	0.05902	0.02657	0.01262	0.00388	0.00799	0.02376	0.00898	0.08482
13	0.02658	0.08639	0.02788	0.09821	0.03282	0.02190	0.01775	0.11950	0.02906	0.07419	0.03780	0.04809	0.08542	0.01526	0.01061	0.00312	0.01017	0.07419	0.00828	0.17277

[dist]
# distance from previous block
# <min> <max>
0	12

[block]
# block no. 3 follows, 12 sequences, length 30
# corresponding to MSA columns:
# 347-376
name=unknown_D
#
# <colnr> <probs for GDERKNQSTAVLIFYWHMCP>
#	G	D	E	R	K	N	Q	S	T	A	V	L	I	F	Y	W	H	M	C	P
0	0.13507	0.15837	0.03753	0.02368	0.03151	0.03035	0.07812	0.11617	0.08871	0.11447	0.02518	0.02644	0.01889	0.01203	0.01156	0.00331	0.05597	0.00914	0.00813	0.01536
1	0.20695	0.02318	0.06074	0.02210	0.06673	0.02065	0.01737	0.03955	0.08486	0.16715	0.02714	0.02739	0.01963	0.01103	0.00916	0.00301	0.00946	0.00848	0.00860	0.16681
2	0.02060	0.01799	0.02241	0.01822	0.02313	0.01804	0.01441	0.02421	0.02162	0.03224	0.09021	0.04158	0.07241	0.07300	0.02074	0.00368	0.15889	0.01113	0.00701	0.30845
3	0.01686	0.01216	0.01523	0.01625	0.01802	0.01198	0.01141	0.07555	0.02537	0.03408	0.09625	0.49536	0.06822	0.03063	0.01347	0.00421	0.00691	0.02751	0.01037	0.01014
4	0.08549	0.02419	0.02939	0.08203	0.09909	0.02624	0.02061	0.23298	0.07472	0.09534	0.09031	0.03472	0.02967	0.01351	0.01082	0.00337	0.01075	0.01099	0.00966	0.01612
5	0.02146	0.01246	0.01515	0.01495	0.01826	0.01175	0.01133	0.02661	0.05381	0.11600	0.09319	0.22091	0.13098	0.02352	0.01196	0.00372	0.00679	0.05829	0.13750	0.01136
6	0.01554	0.01150	0.01511	0.01628	0.01858	0.01048	0.01214	0.01875	0.02283	0.03111	0.09343	0.38779	0.06575	0.02916	0.01338	0.00414	0.00727	0.12645	0.00981	0.09053
7	0.02802	0.01949	0.03237	0.02513	0.03154	0.01885	0.15513	0.07228	0.02742	0.14620	0.09271	0.04364	0.03377	0.08013	0.08720	0.00589	0.01395	0.01297	0.05980	0.01354
8	0.08235	0.02171	0.03618	0.12058	0.04185	0.02380	0.14975	0.03195	0.02334	0.09703	0.02846	0.04480	0.02485	0.01565	0.01654	0.00405	0.12414	0.09267	0.00715	0.01316
9	0.01497	0.01552	0.07894	0.01708	0.01965	0.01134	0.01391	0.01818	0.02085	0.02820	0.05186	0.43433	0.06036	0.10263	0.01869	0.00511	0.00832	0.06149	0.00902	0.00955
10	0.02911	0.01514	0.01871	0.01618	0.02149	0.01384	0.01253	0.03544	0.06847	0.21099	0.07223	0.14920	0.03968	0.01729	0.01062	0.00322	0.00739	0.01475	0.14926	0.09446
11	0.12240	0.02206	0.02672	0.06613	0.03238	0.02236	0.01789	0.16877	0.03418	0.32516	0.03336	0.03127	0.02195	0.01277	0.01044	0.00337	0.01031	0.00995	0.01131	0.01722
12	0.02465	0.01972	0.02061	0.08600	0.02766	0.07092	0.01508	0.12549	0.03090	0.04229	0.13298	0.08677	0.08375	0.01697	0.01077	0.00324	0.00919	0.01405	0.16673	0.01222
13	0.02251	0.02835	0.14435	0.15687	0.23050	0.02228	0.02944	0.02974	0.02313	0.03284	0.02474	0.09638	0.02248	0.01288	0.01084	0.00335	0.01268	0.01161	0.00579	0.07925
14	0.02673	0.01842	0.02201	0.01628	0.02515	0.01431	0.01307	0.03126	0.02448	0.13513	0.03272	0.03335	0.06922	0.01100	0.00910	0.00215	0.00806	0.00892	0.00817	0.49047
15	0.01770	0.01152	0.01409	0.01409	0.01680	0.01044	0.01034	0.02072	0.02469	0.08200	0.16557	0.19843	0.20371	0.10158	0.01850	0.00474	0.00698	0.05773	0.01037	0.00999
16	0.04480	0.01764	0.02398	0.01870	0.02641	0.01532	0.01532	0.04913	0.03117	0.49330	0.10451	0.04256	0.03632	0.01458	0.01120	0.00338	0.00877	0.01204	0.01331	0.01754
17	0.02573	0.01854	0.02677	0.28903	0.04835	0.02098	0.02205	0.03638	0.12165	0.12384	0.07305	0.08521	0.03207	0.01494	0.01136	0.00365	0.01106	0.01299	0.00855	0.01380
18	0.19653	0.01878	0.02328	0.11618	0.03329	0.01893	0.01679	0.03924	0.02588	0.26422	0.07065	0.03355	0.02648	0.01256	0.00988	0.00330	0.00957	0.00990	0.00975	0.06124
19	0.02240	0.01194	0.01623	0.01644	0.01913	0.01105	0.01190	0.02504	0.02318	0.15989	0.05321	0.41854	0.05704	0.03301	0.06043	0.00527	0.00900	0.02435	0.01060	0.01136
20	0.02257	0.01555	0.02140	0.01856	0.02316	0.01503	0.05416	0.03146	0.10956	0.11459	0.24415	0.13121	0.11207	0.02066	0.01243	0.00363	0.00761	0.01837	0.01111	0.01272
21	0.03126	0.02292	0.03598	0.08755	0.23564	0.02295	0.06284	0.09452	0.02994	0.14724	0.08884	0.03590	0.02946	0.01248	0.01127	0.00336	0.01170	0.01144	0.00850	0.01622
22	0.02437	0.01774	0.02287	0.02067	0.02335	0.02034	0.01618	0.08763	0.02513	0.09648	0.04396	0.24887	0.08031	0.02389	0.01964	0.00419	0.18435	0.01876	0.00903	0.01223
23	0.02250	0.02021	0.02869	0.21247	0.10851	0.01918	0.02127	0.02835	0.02262	0.03301	0.01952	0.02530	0.01576	0.00922	0.00935	0.00249	0.01083	0.00794	0.00579	0.37699
24	0.02739	0.02202	0.07015	0.14544	0.07707	0.02142	0.02243	0.07125	0.02560	0.13762	0.03304	0.15656	0.03011	0.01763	0.01475	0.00383	0.08704	0.01448	0.00825	0.01391
25	0.01894	0.00947	0.01420	0.01420	0.01420	0.00947	0.00947	0.01420	0.01420	0.01894	0.01894	0.03314	0.01894	0.03788	0.04261	0.68277	0.00947	0.00947	0.00473	0.00473
26	0.09966	0.01375	0.01828	0.06828	0.06336	0.01420	0.01514	0.02171	0.02298	0.03388	0.10901	0.29094	0.05792	0.02516	0.01261	0.00412	0.00829	0.10107	0.00913	0.01053
27	0.02173	0.01837	0.02162	0.01585	0.02467	0.01401	0.01260	0.02661	0.02362	0.03654	0.08378	0.02985	0.02682	0.00982	0.00866	0.00184	0.00771	0.00809	0.00714	0.60068
28	0.03477	0.05985	0.03185	0.02716	0.08052	0.06575	0.05760	0.07399	0.06745	0.20766	0.03424	0.04215	0.02693	0.01409	0.01105	0.00336	0.01147	0.06898	0.00953	0.07160
29	0.10736	0.13669	0.03309	0.02675	0.09287	0.07725	0.05851	0.03136	0.06203	0.03377	0.06985	0.08224	0.03134	0.01666	0.01288	0.05703	0.01128	0.03938	0.00705	0.01262

[dist]
# distance from previous block
# <min> <max>
0	29

[block]
# block no. 4 follows, 12 sequences, length 18
# corresponding to MSA columns:
# 407-424
name=unknown_E
#
# <colnr> <probs for GDERKNQSTAVLIFYWHMCP>
#	G	D	E	R	K	N	Q	S	T	A	V	L	I	F	Y	W	H	M	C	P
0	0.22176	0.01764	0.02292	0.01932	0.02518	0.01761	0.08614	0.02816	0.02442	0.08567	0.10826	0.06076	0.15413	0.01802	0.01112	0.00368	0.00911	0.06527	0.00895	0.01187
1	0.02974	0.12258	0.03319	0.19274	0.04306	0.26338	0.02215	0.03387	0.02569	0.02702	0.02249	0.09219	0.02108	0.01357	0.01021	0.00318	0.01536	0.01049	0.00578	0.01224
2	0.55295	0.02053	0.01805	0.01544	0.02256	0.02262	0.01273	0.03666	0.02132	0.15976	0.02126	0.02195	0.01512	0.01086	0.00767	0.00337	0.00862	0.00701	0.00822	0.01328
3	0.02219	0.01827	0.02922	0.35678	0.11458	0.02063	0.02499	0.02847	0.02441	0.07191	0.10257	0.04287	0.07042	0.01390	0.01133	0.00354	0.01190	0.01227	0.00701	0.01273
4	0.07070	0.09922	0.13781	0.02677	0.03584	0.02411	0.14190	0.03447	0.06659	0.07635	0.13747	0.03883	0.03639	0.01313	0.01099	0.00338	0.01211	0.01195	0.00779	0.01422
5	0.01436	0.00994	0.01233	0.01380	0.01417	0.00958	0.00865	0.01546	0.01877	0.02503	0.04930	0.38384	0.05849	0.27860	0.03136	0.00701	0.00811	0.02465	0.00865	0.00791
6	0.02244	0.04293	0.35535	0.02797	0.04171	0.02231	0.07445	0.03246	0.02314	0.03486	0.01974	0.02347	0.01476	0.00957	0.00990	0.00293	0.01392	0.00802	0.00524	0.21482
7	0.22909	0.07095	0.09142	0.02207	0.03062	0.02535	0.05809	0.04284	0.14889	0.13472	0.02850	0.02846	0.02065	0.01178	0.00953	0.00341	0.01059	0.00922	0.00853	0.01528
8	0.03055	0.03180	0.19870	0.02805	0.09047	0.02187	0.02530	0.10686	0.02872	0.15368	0.02845	0.03070	0.02054	0.01744	0.05591	0.00442	0.01341	0.00968	0.08753	0.01591
9	0.03524	0.02530	0.02690	0.02150	0.02859	0.02790	0.01748	0.35546	0.09824	0.06001	0.03026	0.03095	0.02224	0.01319	0.01021	0.00316	0.01011	0.01017	0.15651	0.01657
10	0.01558	0.01018	0.01351	0.01395	0.01535	0.00952	0.00976	0.01660	0.02243	0.03026	0.20221	0.21567	0.12179	0.03084	0.02202	0.20614	0.00680	0.02017	0.00910	0.00811
11	0.01328	0.00949	0.01265	0.01518	0.01581	0.00886	0.01012	0.01518	0.02088	0.02783	0.06010	0.60969	0.07212	0.03416	0.01392	0.00443	0.00633	0.03100	0.01012	0.00886
12	0.69383	0.02109	0.01603	0.01434	0.02109	0.02446	0.01181	0.03205	0.01856	0.04892	0.01518	0.01771	0.01181	0.01012	0.00675	0.00337	0.00843	0.00590	0.00675	0.01181
13	0.02496	0.01772	0.02158	0.01620	0.02422	0.01390	0.01272	0.02822	0.02224	0.09088	0.02194	0.02589	0.01780	0.01338	0.01385	0.10935	0.00843	0.00744	0.00697	0.50230
14	0.01999	0.01201	0.01437	0.01363	0.01577	0.01116	0.00901	0.02168	0.01973	0.08490	0.03920	0.16821	0.04167	0.33034	0.03415	0.00710	0.00892	0.01703	0.06138	0.06976
15	0.01562	0.01047	0.01196	0.01219	0.01225	0.01041	0.00693	0.01579	0.01632	0.02175	0.03671	0.12065	0.04261	0.56346	0.05169	0.01001	0.01018	0.01724	0.00693	0.00681
16	0.25820	0.02629	0.02541	0.11008	0.03488	0.10188	0.01837	0.11869	0.02884	0.14519	0.02340	0.02502	0.01667	0.01157	0.00937	0.00332	0.01175	0.00832	0.00832	0.01444
17	0.01566	0.01199	0.01398	0.01328	0.01693	0.01030	0.00983	0.01931	0.02495	0.03430	0.18276	0.18704	0.21890	0.02352	0.01194	0.00337	0.00597	0.02033	0.05971	0.11591

[dist]
# distance from previous block
# <min> <max>
0	10

[block]
# block no. 5 follows, 12 sequences, length 6
# corresponding to MSA columns:
# 435-440
name=unknown_F
#
# <colnr> <probs for GDERKNQSTAVLIFYWHMCP>
#	G	D	E	R	K	N	Q	S	T	A	V	L	I	F	Y	W	H	M	C	P
0	0.23477	0.02774	0.02777	0.02190	0.03004	0.03104	0.01808	0.37008	0.04157	0.06285	0.02292	0.02367	0.01655	0.01221	0.00967	0.00330	0.01094	0.00866	0.00967	0.01655
1	0.07076	0.01759	0.02048	0.01619	0.02315	0.01575	0.01293	0.07235	0.02795	0.13754	0.12334	0.03848	0.03567	0.01286	0.00960	0.00265	0.00773	0.01047	0.09409	0.25042
2	0.01627	0.01259	0.01526	0.01624	0.01898	0.01236	0.01257	0.02316	0.08817	0.03317	0.11289	0.23911	0.18170	0.02799	0.01352	0.00422	0.00730	0.14366	0.01039	0.01045
3	0.02320	0.01671	0.02078	0.01663	0.02370	0.01383	0.01304	0.02744	0.02249	0.09172	0.02889	0.10202	0.02637	0.02465	0.10628	0.00490	0.01162	0.01097	0.00761	0.40715
4	0.03126	0.52154	0.05294	0.01976	0.02899	0.04154	0.01901	0.11506	0.02715	0.03305	0.01705	0.01898	0.01477	0.00997	0.00767	0.00249	0.01172	0.00651	0.00574	0.01477
5	0.01973	0.12905	0.07362	0.17986	0.03804	0.02150	0.01968	0.02513	0.02374	0.03051	0.09347	0.05237	0.17275	0.01617	0.01069	0.00323	0.01026	0.01333	0.00707	0.05978

[dist]
# distance from previous block
# <min> <max>
2	9

[block]
# block no. 6 follows, 12 sequences, length 15
# corresponding to MSA columns:
# 450-464
name=unknown_G
#
# <colnr> <probs for GDERKNQSTAVLIFYWHMCP>
#	G	D	E	R	K	N	Q	S	T	A	V	L	I	F	Y	W	H	M	C	P
0	0.02296	0.02195	0.03499	0.12543	0.04098	0.06548	0.18280	0.02963	0.02587	0.03592	0.12481	0.04098	0.03510	0.01293	0.01116	0.00331	0.01245	0.01258	0.14840	0.01227
1	0.16568	0.02283	0.03498	0.24635	0.05137	0.02481	0.12697	0.07065	0.02450	0.03801	0.01964	0.02585	0.01489	0.01026	0.01016	0.00335	0.01321	0.00926	0.00606	0.08116
2	0.02186	0.04021	0.31571	0.03295	0.04492	0.02331	0.17079	0.03186	0.02387	0.03393	0.02757	0.08008	0.02442	0.01401	0.01187	0.00376	0.01536	0.06311	0.00589	0.01449
3	0.02261	0.01938	0.02261	0.01615	0.02584	0.01453	0.01292	0.02745	0.02261	0.03553	0.01938	0.02261	0.01615	0.00807	0.00807	0.00161	0.00807	0.00646	0.00646	0.68346
4	0.03777	0.23482	0.03998	0.02305	0.03131	0.14866	0.01970	0.21235	0.03542	0.08685	0.02192	0.02280	0.01678	0.01146	0.00936	0.00287	0.01326	0.00798	0.00790	0.01576
5	0.01646	0.01094	0.01364	0.01297	0.01553	0.01026	0.00973	0.02160	0.02918	0.04308	0.43597	0.07284	0.08707	0.02027	0.01175	0.00324	0.00513	0.01770	0.15237	0.01026
6	0.02576	0.01528	0.01976	0.01747	0.02104	0.01551	0.01339	0.06403	0.02786	0.15921	0.20195	0.14917	0.05838	0.07995	0.01898	0.00441	0.06731	0.01742	0.01069	0.01240
7	0.10258	0.09535	0.12209	0.02854	0.03901	0.02485	0.17340	0.03748	0.02501	0.14770	0.02441	0.02682	0.01754	0.01030	0.01028	0.00319	0.01323	0.00955	0.00723	0.08143
8	0.02802	0.02654	0.10035	0.03172	0.04129	0.02115	0.23901	0.03517	0.02556	0.13906	0.03066	0.10505	0.02554	0.01332	0.01182	0.00347	0.01361	0.01362	0.00772	0.08732
9	0.01748	0.01041	0.01257	0.01303	0.01505	0.01063	0.00961	0.02165	0.02192	0.03495	0.07716	0.16361	0.04265	0.03249	0.12874	0.00616	0.01044	0.01557	0.34606	0.00981
10	0.01583	0.01068	0.01246	0.01246	0.01266	0.01088	0.00732	0.01622	0.01603	0.02156	0.03383	0.06846	0.03839	0.56260	0.10799	0.01128	0.01246	0.01543	0.00653	0.00692
11	0.10495	0.02388	0.02650	0.02056	0.02900	0.02416	0.01680	0.21738	0.07801	0.16945	0.02903	0.02830	0.02054	0.01197	0.00991	0.00299	0.00990	0.00919	0.01016	0.15734
12	0.23046	0.11990	0.02888	0.10000	0.03286	0.13171	0.01794	0.07934	0.02543	0.03769	0.02217	0.08629	0.02033	0.01329	0.00917	0.00325	0.01207	0.00982	0.00673	0.01269
13	0.10017	0.01590	0.02228	0.01910	0.02431	0.01500	0.06358	0.03066	0.02654	0.17105	0.15082	0.14366	0.09305	0.02025	0.01204	0.00374	0.00856	0.05604	0.01053	0.01271
14	0.03197	0.14515	0.20413	0.02509	0.03598	0.03074	0.02586	0.18871	0.08720	0.08412	0.02530	0.02598	0.01844	0.01175	0.01004	0.00321	0.01268	0.00889	0.00797	0.01680

[dist]
# distance from previous block
# <min> <max>
2	8

[block]
# block no. 7 follows, 12 sequences, length 32
# corresponding to MSA columns:
# 473-504
name=unknown_H
#
# <colnr> <probs for GDERKNQSTAVLIFYWHMCP>
#	G	D	E	R	K	N	Q	S	T	A	V	L	I	F	Y	W	H	M	C	P
0	0.02490	0.02350	0.03035	0.38222	0.05811	0.08077	0.02572	0.08446	0.06421	0.03360	0.02494	0.07401	0.02084	0.01329	0.01104	0.00358	0.01369	0.01129	0.00648	0.01301
1	0.08266	0.02132	0.03152	0.02856	0.10994	0.01890	0.09970	0.02929	0.02403	0.03754	0.07767	0.03052	0.02562	0.01027	0.00972	0.00257	0.01028	0.00946	0.00678	0.33365
2	0.27934	0.01910	0.02300	0.16860	0.03727	0.02099	0.01838	0.03543	0.02336	0.17300	0.02787	0.03657	0.02170	0.01326	0.00979	0.00361	0.01043	0.05652	0.00833	0.01345
3	0.02705	0.45942	0.20264	0.02225	0.03354	0.03799	0.02491	0.03319	0.02241	0.02822	0.01643	0.01909	0.01394	0.00963	0.00797	0.00266	0.01295	0.00647	0.00465	0.01461
4	0.01535	0.01203	0.01567	0.07696	0.02240	0.01155	0.01199	0.02011	0.02831	0.03828	0.37326	0.08171	0.20713	0.02240	0.01265	0.00352	0.00628	0.01946	0.01072	0.01021
5	0.03267	0.10588	0.16163	0.12208	0.04251	0.20563	0.02628	0.03891	0.02652	0.10724	0.02163	0.02442	0.01599	0.01109	0.01000	0.00314	0.01550	0.00818	0.00630	0.01442
6	0.03490	0.03393	0.04173	0.09042	0.04497	0.19807	0.18672	0.08222	0.03007	0.11468	0.02373	0.02720	0.01733	0.01102	0.01124	0.00332	0.01642	0.01013	0.00718	0.01472
7	0.13790	0.02310	0.02552	0.02013	0.02795	0.02391	0.01654	0.23548	0.03694	0.22578	0.03888	0.03670	0.07448	0.01428	0.01051	0.00336	0.00989	0.01098	0.01108	0.01659
8	0.01731	0.01410	0.01923	0.01879	0.02062	0.01602	0.01512	0.02114	0.02309	0.03203	0.16261	0.12141	0.09998	0.03400	0.10445	0.00634	0.13652	0.11822	0.00874	0.01028
9	0.08372	0.02382	0.03528	0.02747	0.03415	0.02570	0.13067	0.10855	0.06672	0.14279	0.06833	0.03349	0.02629	0.01406	0.01598	0.00372	0.12399	0.01137	0.00878	0.01511
10	0.16534	0.02087	0.02243	0.02026	0.02622	0.02293	0.01667	0.11648	0.17404	0.09208	0.03877	0.05443	0.03351	0.01738	0.01118	0.00387	0.00955	0.12924	0.01012	0.01461
11	0.01324	0.00966	0.01247	0.01472	0.01569	0.00889	0.00992	0.01523	0.02132	0.02801	0.06568	0.55375	0.12446	0.03343	0.01380	0.00435	0.00624	0.03011	0.01012	0.00889
12	0.02357	0.01991	0.03542	0.38820	0.06145	0.02249	0.10797	0.02959	0.02239	0.07083	0.02170	0.03023	0.01637	0.01381	0.01475	0.07889	0.01420	0.01031	0.00565	0.01226
13	0.12917	0.01481	0.01826	0.01749	0.02194	0.01442	0.01414	0.03094	0.02541	0.18210	0.08682	0.17893	0.05005	0.02257	0.01222	0.00406	0.00842	0.14510	0.01068	0.01248
14	0.08630	0.01764	0.02134	0.01771	0.02319	0.01802	0.01435	0.07628	0.02831	0.23660	0.08640	0.04462	0.08377	0.01592	0.01322	0.00343	0.07316	0.01220	0.11323	0.01429
15	0.07665	0.01731	0.02293	0.02093	0.02582	0.01777	0.05535	0.07364	0.07249	0.08238	0.08100	0.07391	0.04554	0.02051	0.01235	0.00404	0.00976	0.20562	0.06932	0.01267
16	0.13447	0.07945	0.03876	0.07616	0.25367	0.06889	0.06393	0.03592	0.02468	0.09330	0.02147	0.02556	0.01673	0.01031	0.00994	0.00322	0.01278	0.00895	0.00643	0.01539
17	0.02928	0.02939	0.03916	0.18018	0.04920	0.13784	0.14929	0.03788	0.07718	0.07363	0.02358	0.02861	0.01787	0.01186	0.01343	0.00356	0.06730	0.01033	0.00651	0.01392
18	0.01482	0.01154	0.01361	0.01424	0.01669	0.01087	0.01022	0.02020	0.06926	0.03309	0.17063	0.29842	0.22002	0.02806	0.01314	0.00393	0.00605	0.02463	0.01058	0.01000
19	0.02400	0.02132	0.03097	0.07101	0.03356	0.05415	0.10491	0.03051	0.05474	0.07460	0.11135	0.04490	0.07673	0.02365	0.07881	0.00531	0.12592	0.01322	0.00773	0.01261
20	0.17777	0.10099	0.21941	0.02599	0.03644	0.10855	0.06468	0.03723	0.06837	0.03672	0.02013	0.02285	0.01537	0.01063	0.00939	0.00326	0.01397	0.00796	0.00590	0.01440
21	0.26345	0.02682	0.08117	0.02719	0.03549	0.02569	0.15627	0.03713	0.07447	0.08662	0.02292	0.02609	0.01709	0.01142	0.01207	0.00362	0.06176	0.00947	0.00709	0.01418
22	0.01325	0.00962	0.01252	0.01483	0.01572	0.00889	0.00997	0.01522	0.02121	0.02797	0.06435	0.56702	0.11204	0.03361	0.01383	0.00437	0.00626	0.03032	0.01012	0.00889
23	0.02352	0.02385	0.02754	0.02471	0.02622	0.10724	0.01991	0.02649	0.01911	0.02599	0.01984	0.02978	0.01874	0.03956	0.21762	0.00888	0.31456	0.00990	0.00527	0.01128
24	0.23130	0.02397	0.03330	0.02532	0.03394	0.02432	0.13514	0.12059	0.02958	0.19815	0.02691	0.02769	0.01857	0.01139	0.01018	0.00343	0.01170	0.00975	0.00914	0.01564
25	0.01503	0.01184	0.01299	0.01307	0.01623	0.01095	0.00965	0.02062	0.06974	0.03335	0.15436	0.17777	0.32390	0.02593	0.01259	0.00371	0.00585	0.02218	0.05016	0.01008
26	0.01816	0.01346	0.01646	0.01624	0.01891	0.01351	0.01188	0.07200	0.07075	0.03956	0.23802	0.30167	0.07496	0.02586	0.01297	0.00387	0.00666	0.02297	0.01100	0.01110
27	0.02045	0.01759	0.02874	0.03533	0.19124	0.01755	0.06152	0.02514	0.02260	0.03094	0.03690	0.11266	0.03843	0.11687	0.06925	0.00625	0.01313	0.13604	0.00728	0.01209
28	0.02955	0.02522	0.02346	0.02099	0.02612	0.12616	0.01609	0.10585	0.15905	0.08732	0.11565	0.13716	0.04423	0.01819	0.01156	0.00352	0.01035	0.01514	0.01020	0.01417
29	0.01447	0.01020	0.01333	0.01540	0.01623	0.00979	0.01072	0.01654	0.02066	0.02740	0.05497	0.42947	0.06458	0.14058	0.02175	0.00566	0.00773	0.10242	0.00946	0.00864
30	0.01328	0.00949	0.01265	0.01518	0.01581	0.00886	0.01012	0.01518	0.02088	0.02783	0.06010	0.60969	0.07212	0.03416	0.01392	0.00443	0.00633	0.03100	0.01012	0.00886
31	0.08516	0.02437	0.03979	0.15099	0.42163	0.02549	0.03100	0.03239	0.02376	0.03549	0.01984	0.02652	0.01632	0.00995	0.01045	0.00332	0.01282	0.00937	0.00542	0.01591

[dist]
# distance from previous block
# <min> <max>
1	5

[block]
# block no. 8 follows, 12 sequences, length 25
# corresponding to MSA columns:
# 510-534
name=unknown_I
#
# <colnr> <probs for GDERKNQSTAVLIFYWHMCP>
#	G	D	E	R	K	N	Q	S	T	A	V	L	I	F	Y	W	H	M	C	P
0	0.03114	0.30222	0.08987	0.02130	0.03112	0.03433	0.02033	0.17485	0.03097	0.04080	0.01949	0.02137	0.01567	0.01035	0.00863	0.00260	0.01161	0.00732	0.00680	0.11925
1	0.02417	0.02032	0.02211	0.02005	0.02531	0.02287	0.01550	0.04850	0.40324	0.04513	0.17034	0.05098	0.05086	0.01669	0.01154	0.00363	0.00775	0.01419	0.01132	0.01550
2	0.02245	0.02128	0.03607	0.43799	0.21314	0.02471	0.03121	0.02949	0.02268	0.03012	0.01971	0.02846	0.01533	0.01056	0.01087	0.00352	0.01407	0.00970	0.00501	0.01362
3	0.07779	0.13160	0.28438	0.02693	0.03900	0.02723	0.07001	0.03849	0.06941	0.09970	0.02390	0.02564	0.01731	0.01087	0.00992	0.00330	0.01352	0.00871	0.00654	0.01574
4	0.45493	0.02141	0.01995	0.01651	0.02400	0.02302	0.01358	0.08324	0.02452	0.14728	0.02193	0.02264	0.01572	0.01091	0.00807	0.00323	0.00892	0.00730	0.00843	0.06440
5	0.01980	0.01341	0.01755	0.01763	0.02093	0.01322	0.01446	0.02720	0.07454	0.07535	0.25322	0.09238	0.07385	0.02434	0.01351	0.00413	0.00786	0.21403	0.01118	0.01141
6	0.01336	0.00996	0.01244	0.01415	0.01561	0.00904	0.00973	0.01570	0.02252	0.02941	0.10825	0.45704	0.17947	0.03180	0.01361	0.00419	0.00606	0.02836	0.01027	0.00904
7	0.03261	0.03174	0.08676	0.11211	0.12391	0.10412	0.11862	0.10337	0.02988	0.11425	0.02414	0.02770	0.01759	0.01107	0.01107	0.00336	0.01478	0.00998	0.00726	0.01568
8	0.01837	0.00976	0.01428	0.01428	0.01445	0.00993	0.00957	0.01481	0.01464	0.01969	0.02121	0.03742	0.02152	0.09383	0.08941	0.56501	0.01127	0.01024	0.00500	0.00533
9	0.01341	0.00981	0.01235	0.01430	0.01536	0.00904	0.00958	0.01530	0.02112	0.02759	0.06599	0.49168	0.14287	0.07624	0.01683	0.00477	0.00652	0.02864	0.00986	0.00874
10	0.16653	0.12476	0.02693	0.01736	0.02410	0.02266	0.01431	0.04001	0.07081	0.23182	0.03136	0.03543	0.02423	0.10567	0.01634	0.00434	0.00967	0.00994	0.00931	0.01444
11	0.08553	0.01717	0.02145	0.01809	0.02410	0.01625	0.01429	0.08525	0.02984	0.30147	0.08945	0.16972	0.04236	0.01874	0.01149	0.00361	0.00843	0.01587	0.01182	0.01506
12	0.03302	0.02133	0.02161	0.01857	0.02369	0.10131	0.01413	0.03909	0.07761	0.22764	0.13700	0.04961	0.04292	0.12125	0.01902	0.00460	0.01023	0.01309	0.01053	0.01376
13	0.01435	0.01011	0.01290	0.01467	0.01610	0.00944	0.01040	0.01715	0.02271	0.03086	0.10770	0.42551	0.11747	0.03042	0.01333	0.00417	0.00636	0.06576	0.06135	0.00922
14	0.02609	0.18868	0.17390	0.07998	0.08693	0.07002	0.07274	0.03277	0.02268	0.02997	0.01773	0.02296	0.01458	0.01139	0.01371	0.00334	0.10497	0.00838	0.00489	0.01430
15	0.22365	0.01709	0.01783	0.01553	0.02058	0.01795	0.01232	0.08993	0.02925	0.08748	0.24381	0.04897	0.05360	0.01611	0.01026	0.00332	0.00731	0.01296	0.05962	0.01242
16	0.04073	0.05197	0.03090	0.02809	0.03371	0.57303	0.02107	0.04354	0.03090	0.02669	0.01685	0.01966	0.01404	0.01124	0.00983	0.00281	0.01966	0.00702	0.00562	0.01264
17	0.03828	0.02227	0.07951	0.02738	0.10891	0.01756	0.02037	0.04338	0.02808	0.35630	0.03940	0.10759	0.02997	0.01525	0.01126	0.00350	0.01014	0.01305	0.01093	0.01687
18	0.32601	0.03573	0.23466	0.02907	0.11311	0.02502	0.02637	0.03325	0.02128	0.04120	0.01773	0.02124	0.01344	0.01015	0.00880	0.00338	0.01216	0.00734	0.00569	0.01435
19	0.02059	0.01938	0.03270	0.59060	0.07510	0.02422	0.03028	0.02786	0.02180	0.02786	0.01938	0.02907	0.01453	0.01090	0.01090	0.00363	0.01453	0.00969	0.00484	0.01211
20	0.22066	0.02432	0.02542	0.02047	0.02826	0.02636	0.01677	0.21814	0.09902	0.17065	0.02930	0.02818	0.02049	0.01258	0.00980	0.00338	0.00997	0.00932	0.01037	0.01653
21	0.02679	0.02645	0.04737	0.06368	0.47260	0.02616	0.10716	0.03369	0.02497	0.03551	0.02075	0.02736	0.01716	0.00963	0.01112	0.00331	0.01379	0.01020	0.00542	0.01687
22	0.01767	0.01433	0.02347	0.02275	0.02607	0.01387	0.09170	0.02248	0.02405	0.03168	0.05285	0.24127	0.05815	0.02798	0.01441	0.00465	0.01032	0.28252	0.00936	0.01044
23	0.02205	0.02757	0.12172	0.23973	0.05550	0.02482	0.16567	0.03004	0.02353	0.03232	0.07147	0.03293	0.02371	0.01221	0.01387	0.00370	0.06885	0.01132	0.00570	0.01327
24	0.02085	0.01777	0.02478	0.02041	0.02597	0.01692	0.08911	0.07029	0.06363	0.03601	0.08446	0.06638	0.16443	0.09948	0.01792	0.00443	0.00978	0.06085	0.00872	0.09779

[dist]
# distance from previous block
# <min> <max>
0	2

[block]
# block no. 9 follows, 12 sequences, length 31
# corresponding to MSA columns:
# 537-567
name=unknown_J
#
# <colnr> <probs for GDERKNQSTAVLIFYWHMCP>
#	G	D	E	R	K	N	Q	S	T	A	V	L	I	F	Y	W	H	M	C	P
0	0.03383	0.25293	0.04568	0.02609	0.03423	0.12493	0.09502	0.10151	0.02864	0.08612	0.02072	0.02328	0.01633	0.01124	0.01133	0.00302	0.05515	0.00843	0.00669	0.01480
1	0.02320	0.01695	0.02065	0.01604	0.02338	0.01338	0.01241	0.02639	0.02196	0.07303	0.02535	0.08558	0.02313	0.01522	0.01359	0.09445	0.00818	0.00974	0.00715	0.47021
2	0.02308	0.02699	0.14217	0.09035	0.12997	0.02055	0.09621	0.02973	0.02312	0.06641	0.03019	0.09786	0.02830	0.09627	0.01769	0.00463	0.01314	0.04322	0.00667	0.01346
3	0.02349	0.02212	0.09807	0.03227	0.17371	0.01723	0.02167	0.02926	0.02612	0.10305	0.16170	0.15825	0.05043	0.01833	0.01190	0.00357	0.00963	0.01642	0.00893	0.01385
4	0.02981	0.01964	0.02028	0.01838	0.02295	0.08961	0.01424	0.06487	0.02903	0.17647	0.11564	0.16570	0.04792	0.01990	0.01167	0.00356	0.00929	0.05064	0.07735	0.01306
5	0.04130	0.02112	0.02526	0.01994	0.02748	0.02102	0.01629	0.17741	0.07360	0.31191	0.03743	0.03482	0.02525	0.01337	0.01051	0.00326	0.00942	0.01064	0.10265	0.01731
6	0.03397	0.02865	0.02847	0.02283	0.03082	0.08253	0.01830	0.25356	0.16037	0.05196	0.02829	0.02834	0.02121	0.01228	0.01026	0.00299	0.01113	0.00946	0.00950	0.15509
7	0.02697	0.37602	0.04734	0.02277	0.02825	0.03912	0.02080	0.03001	0.01990	0.02590	0.01481	0.02012	0.01412	0.01335	0.01887	0.00334	0.25310	0.00736	0.00471	0.01314
8	0.62808	0.02204	0.01771	0.01542	0.02237	0.02540	0.01271	0.08046	0.02185	0.05092	0.01629	0.01857	0.01249	0.01042	0.00717	0.00336	0.00879	0.00630	0.00717	0.01249
9	0.11534	0.01227	0.01326	0.01302	0.01427	0.01302	0.00832	0.01872	0.01648	0.02579	0.03084	0.05961	0.03388	0.45516	0.11863	0.01046	0.01279	0.01383	0.00652	0.00779
10	0.02626	0.01325	0.01733	0.01638	0.01965	0.01231	0.01223	0.02886	0.02340	0.19674	0.04643	0.18039	0.04621	0.20255	0.02570	0.00604	0.00919	0.09544	0.01013	0.01150
11	0.02102	0.01418	0.01870	0.01714	0.01999	0.01493	0.01333	0.02461	0.02505	0.10935	0.19959	0.14126	0.14080	0.02758	0.05938	0.00491	0.10865	0.01825	0.00994	0.01134
12	0.04080	0.04981	0.03108	0.02779	0.03372	0.51869	0.02103	0.09079	0.03295	0.03092	0.01779	0.02032	0.01450	0.01142	0.00994	0.00286	0.01889	0.00730	0.00615	0.01324
13	0.01422	0.01009	0.01307	0.01434	0.01541	0.00948	0.00969	0.01675	0.02293	0.03127	0.18875	0.39212	0.07613	0.10996	0.01927	0.00499	0.00658	0.02586	0.01016	0.00894
14	0.03659	0.02304	0.02475	0.02018	0.02689	0.05757	0.01621	0.18729	0.08743	0.19761	0.08565	0.03793	0.03197	0.01414	0.01062	0.00323	0.00974	0.01127	0.10185	0.01606
15	0.14065	0.02264	0.09312	0.01994	0.02672	0.01895	0.01818	0.03727	0.10668	0.14865	0.07723	0.09357	0.03892	0.01777	0.01125	0.00380	0.00955	0.09126	0.00980	0.01406
16	0.01939	0.01530	0.01799	0.01658	0.02037	0.01598	0.01265	0.03322	0.19947	0.04436	0.37429	0.06765	0.07933	0.01975	0.01226	0.00352	0.00632	0.01722	0.01170	0.01265
17	0.02048	0.01263	0.01637	0.01717	0.01975	0.01223	0.01271	0.02603	0.07371	0.10784	0.05570	0.40280	0.06034	0.02864	0.01336	0.00428	0.00749	0.08648	0.01070	0.01128
18	0.01351	0.00966	0.01285	0.01503	0.01586	0.00900	0.01014	0.01574	0.02190	0.02947	0.10979	0.55533	0.07528	0.03294	0.01381	0.00433	0.00620	0.02984	0.01032	0.00900
19	0.02191	0.02073	0.03509	0.48235	0.17302	0.02457	0.03094	0.02902	0.02243	0.02946	0.01961	0.02864	0.01510	0.01066	0.01088	0.00355	0.01421	0.00970	0.00496	0.01318
20	0.01601	0.01118	0.01403	0.01558	0.01698	0.01090	0.01076	0.05466	0.02339	0.03198	0.05561	0.52146	0.06462	0.03091	0.01321	0.00420	0.00667	0.02778	0.06038	0.00971
21	0.03024	0.01500	0.01696	0.01447	0.01930	0.01482	0.01147	0.09832	0.02878	0.17165	0.03613	0.03781	0.02644	0.01295	0.00889	0.00285	0.00705	0.01031	0.42320	0.01337
22	0.20555	0.12495	0.05965	0.01739	0.02317	0.02121	0.01522	0.02845	0.02194	0.08674	0.03539	0.21374	0.03642	0.01931	0.01030	0.00364	0.00905	0.04758	0.00821	0.01210
23	0.02261	0.01938	0.02261	0.01615	0.02584	0.01453	0.01292	0.02745	0.02261	0.03553	0.01938	0.02261	0.01615	0.00807	0.00807	0.00161	0.00807	0.00646	0.00646	0.68346
24	0.01586	0.01057	0.01189	0.01189	0.01189	0.01057	0.00661	0.01586	0.01586	0.02114	0.03436	0.07135	0.03964	0.61681	0.05550	0.01057	0.01057	0.01586	0.00661	0.00661
25	0.01786	0.01373	0.01691	0.01778	0.02043	0.01423	0.01358	0.02777	0.14298	0.03541	0.12448	0.28580	0.06513	0.02696	0.01337	0.00425	0.00758	0.12983	0.01060	0.01132
26	0.09609	0.44765	0.15385	0.02070	0.03113	0.03765	0.02229	0.03297	0.02196	0.02983	0.01605	0.01862	0.01373	0.00962	0.00765	0.00266	0.01222	0.00628	0.00487	0.01419
27	0.02368	0.01761	0.02101	0.01581	0.02400	0.01375	0.01257	0.02836	0.02477	0.08982	0.09903	0.03767	0.06485	0.01189	0.00935	0.00218	0.00763	0.00984	0.00818	0.47799
28	0.13613	0.02157	0.02803	0.02299	0.02926	0.02248	0.08743	0.17965	0.03153	0.08485	0.03536	0.20311	0.03405	0.01846	0.01144	0.00371	0.01044	0.01615	0.00940	0.01396
29	0.03962	0.03221	0.03031	0.02397	0.03217	0.13785	0.01932	0.30991	0.04148	0.10468	0.02511	0.02550	0.01817	0.01211	0.01033	0.00298	0.01276	0.00894	0.00953	0.10305
30	0.38078	0.02229	0.06113	0.01751	0.02514	0.02074	0.01565	0.03589	0.02275	0.16291	0.02650	0.03345	0.02085	0.01279	0.00892	0.00343	0.00936	0.05416	0.00845	0.05730

[dist]
# distance from previous block
# <min> <max>
1	4

[block]
# block no. 10 follows, 12 sequences, length 14
# corresponding to MSA columns:
# 572-585
name=unknown_K
#
# <colnr> <probs for GDERKNQSTAVLIFYWHMCP>
#	G	D	E	R	K	N	Q	S	T	A	V	L	I	F	Y	W	H	M	C	P
0	0.01750	0.00990	0.01432	0.01462	0.01498	0.01012	0.00992	0.01525	0.01563	0.02113	0.02667	0.10575	0.02825	0.09442	0.12014	0.44450	0.01216	0.01289	0.00570	0.00613
1	0.18513	0.11197	0.03133	0.10258	0.11802	0.02549	0.01962	0.03303	0.06591	0.03711	0.02010	0.02383	0.01624	0.00999	0.00869	0.00287	0.01042	0.00772	0.00627	0.16369
2	0.02507	0.02395	0.04079	0.22391	0.40679	0.02540	0.03251	0.03178	0.02392	0.03329	0.02017	0.02761	0.01645	0.01007	0.01083	0.00336	0.01343	0.00971	0.00523	0.01572
3	0.01375	0.01067	0.01252	0.01292	0.01548	0.00944	0.00936	0.01700	0.02563	0.03331	0.22712	0.22835	0.28997	0.02771	0.01314	0.00380	0.00562	0.02409	0.01069	0.00944
4	0.03253	0.40260	0.04862	0.02587	0.09029	0.09449	0.02061	0.07148	0.02626	0.07004	0.01889	0.02096	0.01570	0.01017	0.00834	0.00264	0.01251	0.00710	0.00598	0.01492
5	0.02983	0.01795	0.02216	0.01716	0.02494	0.01516	0.01373	0.03642	0.06363	0.19937	0.12180	0.03891	0.03621	0.01278	0.01004	0.00264	0.00797	0.01065	0.00997	0.30869
6	0.17453	0.02774	0.12969	0.22484	0.04747	0.02414	0.02527	0.07588	0.02524	0.11335	0.02249	0.02632	0.01594	0.01119	0.00989	0.00347	0.01252	0.00874	0.00699	0.01430
7	0.01566	0.01135	0.01584	0.01584	0.01720	0.01271	0.01152	0.01839	0.01702	0.02406	0.03075	0.05138	0.03097	0.24216	0.41829	0.01544	0.02362	0.01293	0.00607	0.00880
8	0.01925	0.01301	0.01641	0.01532	0.01858	0.01257	0.01155	0.02700	0.08845	0.08315	0.39336	0.12905	0.08538	0.02196	0.01261	0.00356	0.00601	0.01935	0.01182	0.01162
9	0.02799	0.01763	0.02331	0.15397	0.03556	0.01891	0.01818	0.08490	0.07705	0.14274	0.03791	0.10976	0.03232	0.01672	0.01115	0.00360	0.00983	0.05324	0.11151	0.01374
10	0.03562	0.17861	0.03605	0.07090	0.03358	0.02972	0.01976	0.20566	0.03457	0.14871	0.02923	0.03591	0.02307	0.01368	0.01032	0.00325	0.01139	0.05480	0.00920	0.01597
11	0.16126	0.02467	0.02792	0.16002	0.09956	0.07677	0.02071	0.07288	0.02517	0.03843	0.01901	0.02369	0.01502	0.01010	0.00922	0.00290	0.01173	0.00784	0.00631	0.18678
12	0.16998	0.02781	0.08552	0.02952	0.12083	0.02556	0.02213	0.17615	0.03248	0.16751	0.02615	0.02679	0.01841	0.01171	0.01001	0.00333	0.01126	0.00909	0.00904	0.01671
13	0.02635	0.01390	0.01875	0.12105	0.02880	0.01402	0.01449	0.03097	0.02442	0.16898	0.03944	0.15221	0.03411	0.01690	0.01036	0.00334	0.00817	0.01448	0.24683	0.01243

[dist]
# distance from previous block
# <min> <max>
3	5

[block]
# block no. 11 follows, 12 sequences, length 15
# corresponding to MSA columns:
# 591-605
name=unknown_L
#
# <colnr> <probs for GDERKNQSTAVLIFYWHMCP>
#	G	D	E	R	K	N	Q	S	T	A	V	L	I	F	Y	W	H	M	C	P
0	0.09960	0.02390	0.02739	0.03005	0.14388	0.06092	0.01910	0.04078	0.18430	0.06939	0.02946	0.03308	0.02362	0.05639	0.01331	0.00368	0.01046	0.01000	0.00809	0.11260
1	0.14090	0.38404	0.10179	0.02012	0.02968	0.03687	0.02013	0.09521	0.02544	0.03611	0.01708	0.01926	0.01420	0.01006	0.00783	0.00275	0.01165	0.00660	0.00582	0.01445
