[name]
unknown

[dist]
# distance from previous block
# <min> <max>
0	70

[block]
# block no. 0 follows, 10 sequences, length 45
# corresponding to MSA columns:
# 77-102,104-122
name=unknown_A
#
# <colnr> <probs for GDERKNQSTAVLIFYWHMCP>
#	G	D	E	R	K	N	Q	S	T	A	V	L	I	F	Y	W	H	M	C	P
0	0.03706	0.02370	0.03667	0.03239	0.08993	0.02292	0.10662	0.11568	0.03426	0.21099	0.07267	0.04883	0.03441	0.01572	0.01270	0.00383	0.01242	0.06123	0.01081	0.01717
1	0.02436	0.13894	0.16394	0.02339	0.03260	0.02673	0.02370	0.03378	0.06876	0.03725	0.11479	0.03699	0.03511	0.01425	0.01336	0.00330	0.06925	0.01080	0.00740	0.12128
2	0.03062	0.03420	0.16743	0.02589	0.03503	0.02700	0.02546	0.16130	0.06974	0.08434	0.08429	0.04111	0.06579	0.01621	0.01484	0.00382	0.07474	0.01235	0.00932	0.01651
3	0.03022	0.02532	0.10985	0.07830	0.03596	0.01914	0.02231	0.03904	0.06384	0.17363	0.09181	0.05377	0.03916	0.01671	0.01213	0.00373	0.01113	0.07563	0.01007	0.08824
4	0.10765	0.02257	0.02706	0.10146	0.03666	0.02309	0.01890	0.08456	0.11821	0.16862	0.03232	0.03250	0.02309	0.01264	0.01058	0.00332	0.01051	0.01008	0.00996	0.14622
5	0.03153	0.08869	0.07276	0.02515	0.03369	0.02160	0.10342	0.03760	0.02872	0.18038	0.11482	0.08917	0.04108	0.01586	0.01193	0.00351	0.01143	0.01431	0.00987	0.06446
6	0.09211	0.01464	0.01799	0.01708	0.02131	0.01354	0.01267	0.02875	0.02547	0.14578	0.08552	0.31564	0.05670	0.02541	0.01271	0.00401	0.00776	0.02226	0.01104	0.06960
7	0.10279	0.12135	0.03342	0.02182	0.02941	0.03006	0.01852	0.17023	0.03347	0.12056	0.02630	0.02795	0.01974	0.01331	0.01296	0.00333	0.07437	0.00923	0.06598	0.06520
8	0.15593	0.07664	0.03117	0.02220	0.03043	0.03001	0.01845	0.25470	0.03911	0.13716	0.02719	0.02799	0.01959	0.01511	0.01304	0.05319	0.01139	0.00952	0.01021	0.01695
9	0.19441	0.01824	0.02004	0.01757	0.02342	0.01835	0.01381	0.07488	0.02912	0.17329	0.09881	0.14781	0.08468	0.01999	0.01155	0.00384	0.00849	0.01643	0.01114	0.01414
10	0.02886	0.10835	0.03083	0.02147	0.02804	0.02476	0.01823	0.07522	0.06371	0.08998	0.06894	0.05175	0.03573	0.01736	0.01443	0.00358	0.07383	0.09149	0.00914	0.14431
11	0.01778	0.01282	0.01611	0.01722	0.01907	0.01259	0.01208	0.06880	0.02701	0.03634	0.10654	0.46984	0.07392	0.03260	0.01437	0.00447	0.00730	0.02928	0.01110	0.01076
12	0.01417	0.01012	0.01350	0.01619	0.01687	0.00945	0.01080	0.01619	0.02227	0.02969	0.06410	0.58367	0.07692	0.03644	0.01484	0.00472	0.00675	0.03306	0.01080	0.00945
13	0.02651	0.03315	0.12490	0.02496	0.03624	0.07933	0.06822	0.03348	0.02555	0.03656	0.02070	0.02459	0.01655	0.00958	0.00981	0.00246	0.01277	0.00799	0.00631	0.40032
14	0.01682	0.01163	0.01450	0.01450	0.01513	0.01226	0.00932	0.01808	0.01745	0.02390	0.03498	0.06689	0.03828	0.43857	0.20642	0.01352	0.01730	0.01556	0.00680	0.00806
15	0.02598	0.03943	0.20500	0.04214	0.05423	0.02938	0.29456	0.03609	0.02549	0.03609	0.02180	0.02864	0.01650	0.01136	0.01566	0.00398	0.08060	0.01177	0.00550	0.01581
16	0.02200	0.02528	0.09214	0.40245	0.06920	0.02490	0.07766	0.03011	0.02375	0.03129	0.02481	0.07890	0.02104	0.01355	0.01206	0.00393	0.01535	0.01249	0.00571	0.01338
17	0.03608	0.09072	0.13254	0.02850	0.03778	0.02829	0.07652	0.07473	0.02865	0.19857	0.02841	0.03010	0.02020	0.01388	0.01637	0.00381	0.11877	0.01040	0.00869	0.01699
18	0.01427	0.01132	0.01290	0.01405	0.01674	0.00995	0.01026	0.01707	0.02504	0.03106	0.09474	0.27936	0.32698	0.03211	0.01430	0.00431	0.00655	0.05845	0.01079	0.00975
19	0.01979	0.01343	0.01625	0.01527	0.01901	0.01247	0.01153	0.02630	0.06587	0.08550	0.29040	0.12947	0.20044	0.02491	0.01349	0.00384	0.00639	0.02156	0.01217	0.01192
20	0.02851	0.19143	0.21447	0.08244	0.08301	0.03332	0.08228	0.08529	0.02804	0.03787	0.02077	0.02505	0.01604	0.01094	0.01055	0.00337	0.01529	0.00905	0.00588	0.01640
21	0.02561	0.21826	0.39289	0.02926	0.04432	0.03260	0.03619	0.03624	0.02428	0.03405	0.01949	0.02282	0.01479	0.01073	0.01000	0.00333	0.01579	0.00790	0.00493	0.01652
22	0.02157	0.01211	0.01624	0.01690	0.01934	0.01103	0.01200	0.02438	0.02533	0.12525	0.10195	0.43504	0.07084	0.03110	0.01415	0.00441	0.00723	0.02792	0.01166	0.01154
23	0.01442	0.01091	0.01331	0.01460	0.01660	0.00981	0.01023	0.01729	0.02529	0.03298	0.15369	0.35954	0.21469	0.03225	0.01433	0.00431	0.00628	0.02852	0.01113	0.00981
24	0.03238	0.08922	0.17473	0.03552	0.04779	0.02921	0.20400	0.08952	0.03031	0.11472	0.02607	0.02934	0.01859	0.01130	0.01193	0.00363	0.01610	0.01106	0.00749	0.01708
25	0.02387	0.03621	0.21051	0.22135	0.10947	0.02830	0.03513	0.03256	0.02304	0.03282	0.01986	0.02744	0.01552	0.01293	0.01643	0.00399	0.12076	0.00970	0.00513	0.01500
26	0.03508	0.48887	0.05452	0.02005	0.02982	0.04055	0.01937	0.03896	0.02546	0.12180	0.02179	0.02261	0.01755	0.01079	0.00826	0.00270	0.01196	0.00725	0.00676	0.01585
27	0.47950	0.02184	0.02158	0.11954	0.03421	0.02502	0.01683	0.03590	0.02198	0.10196	0.02042	0.02354	0.01499	0.01136	0.00855	0.00365	0.01033	0.00768	0.00763	0.01348
28	0.01518	0.01105	0.01400	0.01485	0.01661	0.01019	0.01036	0.01843	0.02627	0.03559	0.23354	0.30860	0.13540	0.07341	0.01770	0.00474	0.00653	0.02643	0.01125	0.00987
29	0.03373	0.01702	0.02034	0.01734	0.02331	0.01643	0.01374	0.04349	0.11354	0.23157	0.08562	0.05147	0.08100	0.01651	0.01112	0.00346	0.00789	0.01361	0.18322	0.01560
30	0.14123	0.01378	0.01535	0.01436	0.01795	0.01382	0.01099	0.02480	0.02955	0.04735	0.36950	0.06951	0.08308	0.02026	0.01191	0.00355	0.00614	0.01719	0.07841	0.01127
31	0.02226	0.01279	0.01695	0.01766	0.02066	0.01174	0.01342	0.02553	0.02572	0.12492	0.06571	0.33870	0.11108	0.03066	0.01439	0.00456	0.00807	0.11202	0.01146	0.01170
32	0.04478	0.02332	0.02853	0.02163	0.03096	0.02178	0.01779	0.16283	0.03718	0.31504	0.03639	0.03359	0.02423	0.01319	0.01110	0.00322	0.01042	0.01047	0.01225	0.14130
33	0.02897	0.04068	0.26072	0.02830	0.03959	0.02659	0.03052	0.07524	0.02686	0.09430	0.02325	0.02667	0.01725	0.01308	0.01594	0.00363	0.11923	0.00916	0.00691	0.11313
34	0.54875	0.02015	0.01641	0.01546	0.02143	0.02294	0.01226	0.03079	0.02026	0.04793	0.02525	0.12569	0.02476	0.01564	0.00864	0.00381	0.00857	0.01136	0.00788	0.01200
35	0.02023	0.01906	0.01777	0.01939	0.02130	0.11109	0.01391	0.02281	0.02480	0.03004	0.05509	0.42575	0.06407	0.03132	0.01416	0.00447	0.00989	0.07460	0.00988	0.01035
36	0.55063	0.02215	0.01842	0.01566	0.02345	0.02409	0.01282	0.03326	0.02061	0.04948	0.01704	0.01988	0.01347	0.01038	0.00747	0.00324	0.00892	0.00641	0.00714	0.13547
37	0.02720	0.01619	0.02024	0.01866	0.02252	0.01602	0.01394	0.11124	0.03064	0.12254	0.09949	0.26874	0.05523	0.02750	0.01707	0.07896	0.00866	0.02123	0.01113	0.01282
38	0.03759	0.02504	0.03619	0.02749	0.03588	0.02508	0.10486	0.15762	0.03599	0.19016	0.08110	0.03762	0.03081	0.01439	0.01401	0.00361	0.05356	0.01225	0.01063	0.06615
39	0.03100	0.14137	0.13414	0.03478	0.09486	0.03200	0.10039	0.08085	0.08107	0.07674	0.02564	0.02867	0.01957	0.01231	0.01307	0.00358	0.05552	0.01022	0.00731	0.01690
40	0.01683	0.01351	0.01567	0.01399	0.01864	0.01137	0.01066	0.02125	0.02871	0.03894	0.26265	0.08497	0.25293	0.02317	0.01276	0.00340	0.00624	0.01976	0.01089	0.13369
41	0.02487	0.01593	0.02261	0.02656	0.11423	0.01472	0.01647	0.02899	0.02759	0.13436	0.12841	0.21535	0.13472	0.02399	0.01323	0.00396	0.00839	0.02123	0.01087	0.01352
42	0.04819	0.12918	0.03341	0.02054	0.02972	0.02256	0.01762	0.05255	0.03146	0.43233	0.04026	0.03563	0.02617	0.01355	0.01090	0.00339	0.01038	0.01066	0.01261	0.01887
43	0.07700	0.01727	0.02254	0.02017	0.02411	0.01846	0.01626	0.03257	0.02737	0.16357	0.16426	0.11447	0.05557	0.02199	0.01771	0.00421	0.11434	0.06375	0.01089	0.01350
44	0.01771	0.01378	0.01694	0.01723	0.02039	0.01278	0.01221	0.02378	0.07594	0.03337	0.05401	0.41727	0.06099	0.02886	0.01333	0.00407	0.00738	0.02588	0.01017	0.13392

[dist]
# distance from previous block
# <min> <max>
5	68

[block]
# block no. 1 follows, 10 sequences, length 25
# corresponding to MSA columns:
# 238-262
name=unknown_B
#
# <colnr> <probs for GDERKNQSTAVLIFYWHMCP>
#	G	D	E	R	K	N	Q	S	T	A	V	L	I	F	Y	W	H	M	C	P
0	0.17073	0.08185	0.02812	0.08475	0.03271	0.07672	0.01783	0.03108	0.02353	0.03632	0.03000	0.03354	0.07470	0.01363	0.01237	0.00321	0.06835	0.00961	0.00675	0.16419
1	0.17545	0.02849	0.13387	0.02070	0.02877	0.02245	0.02012	0.07959	0.07621	0.04834	0.14280	0.04232	0.04114	0.01507	0.01064	0.00357	0.01004	0.01192	0.07413	0.01438
2	0.10661	0.02571	0.04363	0.09725	0.10323	0.02623	0.17517	0.03599	0.02519	0.08663	0.02323	0.02894	0.01773	0.01158	0.01412	0.00366	0.07011	0.01073	0.00683	0.08745
3	0.10416	0.02316	0.02640	0.05740	0.03254	0.02232	0.01716	0.11026	0.07741	0.10463	0.02708	0.02843	0.02024	0.01136	0.00985	0.00282	0.01003	0.00886	0.00898	0.29691
4	0.45020	0.02189	0.02288	0.08432	0.08846	0.02483	0.01826	0.03274	0.02176	0.04602	0.02243	0.03394	0.01967	0.01321	0.00920	0.00381	0.01050	0.05557	0.00719	0.01312
5	0.02967	0.01515	0.01931	0.01621	0.02174	0.01339	0.01275	0.03479	0.03071	0.20055	0.23179	0.05790	0.06072	0.01749	0.01160	0.00328	0.00722	0.01487	0.12160	0.07926
6	0.01902	0.01464	0.01775	0.01681	0.02020	0.01484	0.01262	0.03029	0.13588	0.04538	0.36325	0.12721	0.08982	0.02326	0.01341	0.00383	0.00645	0.02048	0.01238	0.01248
7	0.01444	0.01033	0.01374	0.01601	0.01693	0.00963	0.01082	0.01688	0.02354	0.03172	0.11770	0.52430	0.08085	0.03492	0.01471	0.00460	0.00660	0.03163	0.01104	0.00963
8	0.01465	0.01182	0.01304	0.01273	0.01626	0.01020	0.00955	0.01844	0.02865	0.03649	0.24943	0.10358	0.37921	0.02756	0.01374	0.00384	0.00576	0.02337	0.01147	0.01020
9	0.01519	0.01091	0.01441	0.01550	0.01709	0.01012	0.01088	0.01875	0.02700	0.03721	0.26315	0.36318	0.09149	0.03082	0.01434	0.00425	0.00619	0.02772	0.01169	0.01012
10	0.67341	0.02249	0.01709	0.01529	0.02249	0.02609	0.01260	0.03419	0.01979	0.05218	0.01619	0.01889	0.01260	0.01080	0.00720	0.00360	0.00900	0.00630	0.00720	0.01260
11	0.04448	0.01771	0.02371	0.01914	0.02649	0.01553	0.01542	0.04878	0.03105	0.41743	0.04726	0.10543	0.03468	0.01696	0.01171	0.00364	0.00906	0.01418	0.07969	0.01763
12	0.10063	0.03181	0.03364	0.02731	0.03540	0.09332	0.06660	0.20659	0.18478	0.05436	0.03119	0.03139	0.02320	0.01355	0.01133	0.00363	0.01297	0.01087	0.00998	0.01745
13	0.02566	0.15863	0.21444	0.02659	0.03940	0.02745	0.07196	0.03392	0.02450	0.03522	0.02007	0.02384	0.01590	0.00987	0.00974	0.00280	0.01355	0.00803	0.00569	0.23275
14	0.02842	0.01685	0.02296	0.07367	0.02797	0.01840	0.01615	0.03267	0.07800	0.13359	0.03039	0.04058	0.02550	0.09307	0.03170	0.22566	0.07297	0.01166	0.00811	0.01167
15	0.02900	0.02823	0.04672	0.03546	0.04402	0.08542	0.26245	0.03569	0.02804	0.08914	0.04081	0.10610	0.08148	0.01597	0.01325	0.00387	0.01561	0.01628	0.00798	0.01447
16	0.02488	0.02364	0.04014	0.35336	0.26729	0.02661	0.03375	0.03227	0.02463	0.03325	0.02119	0.03006	0.01675	0.01109	0.01158	0.00370	0.01478	0.01035	0.00542	0.01527
17	0.02692	0.10419	0.13199	0.07700	0.03635	0.02529	0.02320	0.04050	0.14051	0.08897	0.13914	0.04439	0.04249	0.01528	0.01148	0.00359	0.01113	0.01264	0.00932	0.01562
18	0.10526	0.02114	0.02485	0.02014	0.02768	0.02074	0.01629	0.14099	0.03492	0.27689	0.04807	0.09680	0.07968	0.01769	0.01175	0.00372	0.00973	0.01433	0.01232	0.01701
19	0.01780	0.01429	0.01625	0.01615	0.01957	0.01419	0.01192	0.02767	0.13053	0.03818	0.17709	0.21048	0.20777	0.02694	0.01360	0.00407	0.00675	0.02341	0.01147	0.01187
20	0.02400	0.02143	0.03304	0.21745	0.21153	0.02331	0.02680	0.03316	0.07239	0.03606	0.03714	0.04242	0.07955	0.01394	0.01150	0.00362	0.01211	0.01238	0.07338	0.01478
21	0.02420	0.02779	0.14074	0.21562	0.04950	0.02278	0.02775	0.03154	0.02507	0.08296	0.08624	0.09212	0.03415	0.01661	0.01475	0.00399	0.06911	0.01364	0.00751	0.01396
22	0.02349	0.04366	0.31058	0.15123	0.05263	0.02865	0.03671	0.03329	0.02278	0.03329	0.01959	0.02620	0.01502	0.01323	0.01717	0.00404	0.13886	0.00933	0.00501	0.01525
23	0.02062	0.01230	0.01632	0.01662	0.01929	0.01183	0.01255	0.02466	0.02600	0.09094	0.14584	0.24182	0.06568	0.03422	0.07697	0.00588	0.01004	0.06844	0.08865	0.01134
24	0.03188	0.02926	0.14467	0.06344	0.09441	0.02138	0.02538	0.04206	0.08072	0.18603	0.08484	0.07715	0.03581	0.01560	0.01196	0.00374	0.01167	0.01333	0.00987	0.01682

[dist]
# distance from previous block
# <min> <max>
4	30

[block]
# block no. 2 follows, 10 sequences, length 21
# corresponding to MSA columns:
# 309-329
name=unknown_C
#
# <colnr> <probs for GDERKNQSTAVLIFYWHMCP>
#	G	D	E	R	K	N	Q	S	T	A	V	L	I	F	Y	W	H	M	C	P
0	0.02724	0.03145	0.15319	0.09762	0.09147	0.02318	0.02712	0.03460	0.02466	0.08712	0.02293	0.02735	0.01754	0.01162	0.01334	0.00321	0.07159	0.00896	0.00667	0.21914
1	0.02744	0.01780	0.02190	0.01793	0.02453	0.01604	0.01394	0.03488	0.07646	0.13376	0.10663	0.04620	0.03935	0.07697	0.07549	0.00544	0.01124	0.01225	0.00974	0.23202
2	0.02330	0.01974	0.02320	0.01695	0.02648	0.01502	0.01348	0.02850	0.02506	0.03883	0.07311	0.03081	0.02709	0.01023	0.00916	0.00193	0.00828	0.00840	0.00752	0.59292
3	0.07767	0.01522	0.01854	0.01695	0.02184	0.01356	0.01266	0.02777	0.02525	0.11698	0.08831	0.27916	0.05353	0.02342	0.01222	0.00369	0.00775	0.02048	0.01042	0.15459
4	0.02563	0.26757	0.28711	0.02583	0.03853	0.03273	0.03025	0.03436	0.02513	0.03419	0.07431	0.02923	0.02549	0.01205	0.00993	0.00321	0.01399	0.00905	0.00582	0.01559
5	0.01509	0.01156	0.01343	0.01344	0.01613	0.01033	0.00965	0.01851	0.02723	0.03565	0.24221	0.15897	0.26584	0.08757	0.01867	0.00471	0.00642	0.02358	0.01111	0.00989
6	0.03124	0.03069	0.02834	0.06981	0.03553	0.13131	0.02037	0.05608	0.36573	0.04306	0.03928	0.03790	0.02975	0.01468	0.01155	0.00375	0.01207	0.01179	0.01012	0.01697
7	0.04947	0.02836	0.02916	0.02327	0.03172	0.12233	0.01878	0.10824	0.03593	0.37224	0.03817	0.03448	0.02496	0.01387	0.01145	0.00347	0.01242	0.01072	0.01241	0.01856
8	0.02669	0.25956	0.30484	0.02986	0.04374	0.03442	0.08050	0.03612	0.02452	0.03331	0.01939	0.02306	0.01512	0.01050	0.00999	0.00326	0.01566	0.00825	0.00504	0.01618
9	0.01785	0.01354	0.01663	0.01576	0.01877	0.01355	0.01172	0.02591	0.08813	0.04116	0.32194	0.07828	0.12214	0.08382	0.07384	0.00603	0.00925	0.01906	0.01126	0.01137
10	0.03507	0.02416	0.02762	0.02143	0.03049	0.02336	0.01730	0.14584	0.13114	0.14056	0.03264	0.03192	0.02379	0.01243	0.01056	0.00295	0.00995	0.00993	0.01043	0.25841
11	0.32158	0.02030	0.02177	0.01840	0.02594	0.02065	0.01529	0.04335	0.02667	0.26627	0.03450	0.04018	0.02571	0.01469	0.01018	0.00378	0.00959	0.05464	0.01084	0.01567
12	0.08599	0.15718	0.03344	0.02070	0.02859	0.08296	0.01738	0.04466	0.02892	0.26976	0.03566	0.08785	0.02790	0.01514	0.01059	0.00339	0.01134	0.01180	0.01038	0.01637
13	0.02830	0.04162	0.25828	0.09267	0.09544	0.07298	0.03218	0.03721	0.02672	0.09678	0.03409	0.03652	0.06978	0.01350	0.01148	0.00363	0.01489	0.01095	0.00695	0.01604
14	0.02196	0.02067	0.03488	0.56331	0.08010	0.02584	0.03230	0.02972	0.02326	0.02972	0.02067	0.03101	0.01550	0.01163	0.01163	0.00388	0.01550	0.01034	0.00517	0.01292
15	0.09843	0.02803	0.09143	0.03531	0.13222	0.02426	0.09295	0.09110	0.03058	0.09549	0.07926	0.04262	0.07844	0.01449	0.01181	0.00365	0.01245	0.01285	0.00866	0.01599
16	0.02904	0.03140	0.14617	0.09924	0.20085	0.02408	0.07144	0.03720	0.02754	0.11271	0.07768	0.03619	0.02857	0.01264	0.01189	0.00363	0.01376	0.01162	0.00760	0.01674
17	0.01971	0.01694	0.01820	0.08595	0.02666	0.06883	0.01461	0.02312	0.02408	0.03091	0.05391	0.24848	0.10225	0.08564	0.01795	0.00489	0.00998	0.06116	0.07636	0.01037
18	0.01661	0.01246	0.01869	0.01869	0.02077	0.01454	0.01454	0.02077	0.01869	0.02700	0.03115	0.04569	0.02908	0.08723	0.54517	0.01869	0.03115	0.01246	0.00623	0.01038
19	0.03773	0.08690	0.09805	0.13776	0.09350	0.02427	0.02569	0.04420	0.02842	0.26017	0.03196	0.03261	0.02177	0.01252	0.01113	0.00353	0.01264	0.01031	0.00943	0.01741
20	0.04005	0.10014	0.03442	0.02748	0.08146	0.08512	0.02036	0.15145	0.03592	0.19167	0.03963	0.03847	0.07345	0.01463	0.01121	0.00338	0.01217	0.01145	0.01029	0.01727

[dist]
# distance from previous block
# <min> <max>
0	3

[block]
# block no. 3 follows, 10 sequences, length 17
# corresponding to MSA columns:
# 334-350
name=unknown_D
#
# <colnr> <probs for GDERKNQSTAVLIFYWHMCP>
#	G	D	E	R	K	N	Q	S	T	A	V	L	I	F	Y	W	H	M	C	P
0	0.43260	0.02172	0.02179	0.10677	0.03330	0.02399	0.01644	0.03515	0.02218	0.09414	0.02038	0.02353	0.01520	0.01105	0.00853	0.00344	0.01012	0.00757	0.00754	0.08453
1	0.09944	0.08497	0.02836	0.07833	0.03237	0.02542	0.01734	0.10875	0.08733	0.04554	0.02712	0.02998	0.02110	0.01194	0.00948	0.00298	0.01005	0.00917	0.11791	0.15241
2	0.02492	0.01837	0.02057	0.01686	0.02335	0.01727	0.01324	0.08049	0.08240	0.04592	0.11242	0.04244	0.03858	0.01389	0.01004	0.00276	0.00776	0.01143	0.18101	0.23629
3	0.02260	0.01253	0.01617	0.01631	0.01902	0.01172	0.01201	0.02600	0.02551	0.11732	0.10503	0.26320	0.06173	0.08873	0.01834	0.00495	0.00791	0.06829	0.09120	0.01142
4	0.01691	0.01128	0.01268	0.01268	0.01268	0.01128	0.00705	0.01691	0.01691	0.02255	0.03665	0.07611	0.04228	0.59126	0.05920	0.01128	0.01128	0.01691	0.00705	0.00705
5	0.01586	0.01186	0.01471	0.01400	0.01701	0.01072	0.01050	0.02078	0.03150	0.04326	0.42491	0.09244	0.19952	0.02504	0.01372	0.00372	0.00558	0.02181	0.01236	0.01072
6	0.02893	0.02498	0.02630	0.02367	0.03024	0.02893	0.01841	0.06180	0.49770	0.04865	0.04734	0.04339	0.03550	0.01578	0.01183	0.00394	0.00920	0.01315	0.01183	0.01841
7	0.03030	0.02545	0.02713	0.02335	0.03067	0.02835	0.01836	0.11010	0.39096	0.05053	0.04201	0.03937	0.03155	0.01477	0.01146	0.00365	0.00959	0.01213	0.01127	0.08902
8	0.02196	0.02067	0.03488	0.56331	0.08010	0.02584	0.03230	0.02972	0.02326	0.02972	0.02067	0.03101	0.01550	0.01163	0.01163	0.00388	0.01550	0.01034	0.00517	0.01292
9	0.01375	0.01178	0.01178	0.01178	0.01571	0.00982	0.00884	0.01669	0.02651	0.03142	0.11782	0.11193	0.51399	0.02946	0.01375	0.00393	0.00589	0.02455	0.01080	0.00982
10	0.02941	0.01406	0.01868	0.01752	0.02138	0.01267	0.01280	0.03215	0.02592	0.22364	0.05356	0.30746	0.05376	0.09660	0.01911	0.00510	0.00854	0.02269	0.01174	0.01320
11	0.03354	0.01813	0.02279	0.01879	0.02481	0.01735	0.01498	0.11160	0.03674	0.21752	0.26873	0.06050	0.06644	0.01886	0.01266	0.00361	0.00825	0.01601	0.01316	0.01552
12	0.01646	0.01189	0.01555	0.01463	0.01738	0.01097	0.01097	0.02195	0.03292	0.04664	0.51257	0.08688	0.10974	0.02378	0.01372	0.00366	0.00549	0.02103	0.01280	0.01097
13	0.03109	0.59826	0.06095	0.01990	0.02985	0.04602	0.01990	0.03483	0.02363	0.02736	0.01617	0.01866	0.01493	0.00995	0.00746	0.00249	0.01244	0.00622	0.00498	0.01493
14	0.01690	0.01406	0.02227	0.02041	0.02314	0.01318	0.08689	0.01989	0.02247	0.02964	0.05754	0.33432	0.10785	0.14726	0.02381	0.00587	0.00973	0.02555	0.00920	0.01002
15	0.01417	0.01012	0.01350	0.01619	0.01687	0.00945	0.01080	0.01619	0.02227	0.02969	0.06410	0.58367	0.07692	0.03644	0.01484	0.00472	0.00675	0.03306	0.01080	0.00945
16	0.10454	0.02643	0.03031	0.08276	0.03741	0.02872	0.02069	0.24022	0.09269	0.16947	0.03234	0.03183	0.02247	0.01370	0.01123	0.00362	0.01163	0.01063	0.01115	0.01816

[dist]
# distance from previous block
# <min> <max>
0	1

[block]
# block no. 4 follows, 10 sequences, length 36
# corresponding to MSA columns:
# 352-387
name=unknown_E
#
# <colnr> <probs for GDERKNQSTAVLIFYWHMCP>
#	G	D	E	R	K	N	Q	S	T	A	V	L	I	F	Y	W	H	M	C	P
0	0.32499	0.08333	0.08831	0.08951	0.03599	0.08239	0.02094	0.03749	0.02388	0.08884	0.02041	0.02333	0.01527	0.01133	0.00904	0.00348	0.01250	0.00773	0.00703	0.01420
1	0.02562	0.02057	0.03393	0.49758	0.07400	0.02478	0.03046	0.03298	0.02447	0.08993	0.02373	0.03205	0.01711	0.01196	0.01164	0.00384	0.01482	0.01050	0.00629	0.01375
2	0.01432	0.01057	0.01341	0.01531	0.01673	0.00966	0.01049	0.01684	0.02401	0.03163	0.11664	0.45728	0.15242	0.03405	0.01455	0.00449	0.00648	0.03048	0.01099	0.00966
3	0.02990	0.08339	0.07071	0.08992	0.03688	0.02382	0.02053	0.10676	0.02987	0.09393	0.02840	0.08124	0.02406	0.01355	0.01051	0.00302	0.01121	0.01106	0.00830	0.22296
4	0.21023	0.02092	0.02302	0.01769	0.02678	0.01886	0.01441	0.03852	0.02557	0.18259	0.02670	0.02714	0.01929	0.01088	0.00911	0.00278	0.00909	0.00811	0.00914	0.29917
5	0.08185	0.02842	0.08931	0.14326	0.13264	0.02675	0.07076	0.12275	0.02949	0.04225	0.02224	0.02888	0.01739	0.01522	0.01568	0.08715	0.01400	0.01015	0.00679	0.01502
6	0.03381	0.10148	0.10490	0.12832	0.04865	0.19656	0.10118	0.04035	0.02824	0.07718	0.02214	0.02644	0.01676	0.01144	0.01108	0.00340	0.01732	0.00943	0.00635	0.01496
7	0.01539	0.01166	0.01419	0.01394	0.01682	0.01046	0.01031	0.01974	0.02983	0.04021	0.34477	0.14846	0.22807	0.02687	0.01385	0.00386	0.00575	0.02340	0.01198	0.01046
8	0.12254	0.02170	0.03221	0.12187	0.04169	0.02131	0.07493	0.04658	0.02905	0.31708	0.03484	0.03441	0.02298	0.01288	0.01136	0.00369	0.01198	0.01101	0.01078	0.01714
9	0.67341	0.02249	0.01709	0.01529	0.02249	0.02609	0.01260	0.03419	0.01979	0.05218	0.01619	0.01889	0.01260	0.01080	0.00720	0.00360	0.00900	0.00630	0.00720	0.01260
10	0.01607	0.01188	0.01528	0.01642	0.01887	0.01109	0.01276	0.02024	0.02747	0.03645	0.20487	0.22126	0.16444	0.03020	0.01466	0.00444	0.00735	0.14457	0.01136	0.01032
11	0.01455	0.01142	0.01316	0.01356	0.01641	0.01003	0.00985	0.01793	0.02716	0.03494	0.20698	0.21663	0.30673	0.02964	0.01400	0.00405	0.00599	0.02565	0.01132	0.01003
12	0.01582	0.01186	0.01466	0.01396	0.01698	0.01070	0.01047	0.02071	0.03141	0.04305	0.41955	0.09278	0.20500	0.02511	0.01372	0.00372	0.00558	0.02186	0.01233	0.01070
13	0.02440	0.01262	0.01628	0.01610	0.01923	0.01158	0.01176	0.02792	0.02615	0.14692	0.09669	0.31582	0.06045	0.02610	0.01281	0.00400	0.00711	0.02305	0.12881	0.01220
14	0.04352	0.05311	0.03316	0.02964	0.03597	0.49287	0.02243	0.09051	0.03517	0.03302	0.01899	0.02168	0.01547	0.01219	0.01060	0.00305	0.02014	0.00779	0.00657	0.01412
15	0.12743	0.02012	0.02579	0.02004	0.02882	0.01818	0.01655	0.05396	0.03165	0.46928	0.04229	0.03708	0.02683	0.01396	0.01115	0.00360	0.00979	0.01104	0.01352	0.01892
16	0.02545	0.02545	0.03562	0.03053	0.03053	0.03562	0.02545	0.02799	0.01781	0.02799	0.01527	0.02545	0.01527	0.02036	0.03817	0.00509	0.56997	0.01018	0.00509	0.01272
17	0.02433	0.02194	0.03489	0.50613	0.07541	0.02693	0.03121	0.07769	0.02660	0.03436	0.02144	0.03068	0.01596	0.01188	0.01163	0.00383	0.01522	0.01035	0.00586	0.01365
18	0.02511	0.01485	0.01900	0.01680	0.02123	0.01406	0.01299	0.03318	0.08025	0.14605	0.36884	0.07268	0.08547	0.02103	0.01311	0.00367	0.00678	0.01830	0.01303	0.01355
19	0.03341	0.03362	0.08279	0.02605	0.03434	0.08283	0.02231	0.15611	0.29563	0.05115	0.03696	0.03546	0.02750	0.01446	0.01157	0.00371	0.01210	0.01146	0.01046	0.01810
20	0.02893	0.44828	0.19196	0.02359	0.03556	0.04072	0.02633	0.03539	0.02389	0.03000	0.01748	0.02030	0.01487	0.01026	0.00846	0.00282	0.01376	0.00688	0.00496	0.01556
21	0.03104	0.01994	0.02336	0.02062	0.02654	0.02052	0.01647	0.11315	0.14041	0.14583	0.09171	0.11143	0.09607	0.02118	0.01292	0.00402	0.00925	0.06785	0.01206	0.01565
22	0.04176	0.03021	0.03229	0.02503	0.03362	0.03332	0.02059	0.43068	0.05139	0.07004	0.02901	0.02960	0.02087	0.01392	0.01125	0.00341	0.01200	0.01051	0.08169	0.01881
23	0.59517	0.02357	0.02334	0.01938	0.02713	0.02649	0.06879	0.03456	0.02072	0.05037	0.01708	0.02041	0.01321	0.01068	0.00799	0.00364	0.01028	0.00720	0.00704	0.01297
24	0.02408	0.11253	0.48525	0.03186	0.04834	0.02886	0.04073	0.03664	0.02447	0.03591	0.02041	0.02398	0.01475	0.01094	0.01070	0.00357	0.01673	0.00836	0.00492	0.01697
25	0.41268	0.02136	0.02125	0.01756	0.02551	0.02231	0.01448	0.04363	0.02546	0.25137	0.02866	0.02758	0.01939	0.01231	0.00909	0.00360	0.00937	0.00856	0.01022	0.01562
26	0.01691	0.01128	0.01268	0.01268	0.01268	0.01128	0.00705	0.01691	0.01691	0.02255	0.03665	0.07611	0.04228	0.59126	0.05920	0.01128	0.01128	0.01691	0.00705	0.00705
27	0.03482	0.01572	0.02075	0.01725	0.02311	0.01401	0.01372	0.03981	0.03220	0.28559	0.22939	0.05867	0.06088	0.01801	0.01211	0.00353	0.00768	0.01529	0.08212	0.01536
28	0.02390	0.01358	0.01766	0.01567	0.01987	0.01218	0.01209	0.02894	0.03241	0.14861	0.37557	0.07901	0.12970	0.02228	0.01328	0.00367	0.00647	0.01935	0.01296	0.01277
29	0.02580	0.02056	0.03388	0.49445	0.07371	0.02473	0.03037	0.03314	0.02453	0.09279	0.02387	0.03210	0.01719	0.01198	0.01164	0.00384	0.01479	0.01051	0.00634	0.01379
30	0.01417	0.01012	0.01350	0.01619	0.01687	0.00945	0.01080	0.01619	0.02227	0.02969	0.06410	0.58367	0.07692	0.03644	0.01484	0.00472	0.00675	0.03306	0.01080	0.00945
31	0.01649	0.01144	0.01437	0.01471	0.01534	0.01190	0.00949	0.01784	0.01806	0.02463	0.03869	0.13252	0.04321	0.38842	0.18126	0.01239	0.01592	0.01779	0.00731	0.00823
32	0.02396	0.02271	0.03849	0.41951	0.20832	0.02636	0.03329	0.03146	0.02420	0.03214	0.02102	0.03036	0.01636	0.01126	0.01159	0.00375	0.01501	0.01034	0.00534	0.01453
33	0.10037	0.03322	0.17217	0.02452	0.03574	0.02308	0.02474	0.10015	0.03212	0.28685	0.03376	0.03193	0.02215	0.01305	0.01109	0.00361	0.01226	0.01016	0.01066	0.01838
34	0.34937	0.02764	0.08815	0.02534	0.08094	0.02519	0.02029	0.04141	0.07532	0.12685	0.02569	0.02675	0.01866	0.01192	0.00939	0.00363	0.01072	0.00866	0.00845	0.01562
35	0.11981	0.04469	0.02928	0.07083	0.03607	0.39173	0.02085	0.04190	0.02978	0.03280	0.01962	0.02339	0.01594	0.01193	0.00997	0.00312	0.01772	0.00785	0.05960	0.01311

[dist]
# distance from previous block
# <min> <max>
0	14

[block]
# block no. 5 follows, 10 sequences, length 88
# corresponding to MSA columns:
# 436-457,484-513,595-630
name=unknown_F
#
# <colnr> <probs for GDERKNQSTAVLIFYWHMCP>
#	G	D	E	R	K	N	Q	S	T	A	V	L	I	F	Y	W	H	M	C	P
0	0.09886	0.02089	0.03087	0.40142	0.06395	0.02402	0.02668	0.03016	0.02300	0.03382	0.02015	0.02835	0.01547	0.01099	0.01057	0.00346	0.01351	0.00925	0.00571	0.12887
1	0.10529	0.02626	0.07478	0.13856	0.07946	0.02513	0.06647	0.07348	0.09011	0.10091	0.07611	0.03682	0.02934	0.01347	0.01149	0.00372	0.01246	0.01163	0.00872	0.01578
2	0.59687	0.02112	0.01636	0.01477	0.02144	0.02430	0.01207	0.03336	0.02033	0.05115	0.01875	0.02177	0.01462	0.01112	0.00731	0.00349	0.00858	0.00683	0.08337	0.01239
3	0.02042	0.01396	0.01704	0.01591	0.01782	0.01453	0.01103	0.07326	0.02433	0.03329	0.11784	0.06290	0.04706	0.28012	0.11751	0.08649	0.01330	0.01541	0.00826	0.00953
4	0.01616	0.01189	0.01524	0.01518	0.01788	0.01096	0.01157	0.02099	0.03042	0.04178	0.36921	0.13990	0.15468	0.02661	0.01409	0.00398	0.00625	0.07045	0.01212	0.01066
5	0.02134	0.01971	0.03298	0.49935	0.07313	0.02451	0.03021	0.02866	0.02272	0.02940	0.02190	0.03273	0.01710	0.02051	0.07429	0.00562	0.01734	0.01059	0.00529	0.01262
6	0.19699	0.02042	0.02468	0.01943	0.02801	0.01919	0.01605	0.05144	0.03014	0.41614	0.03896	0.03476	0.02502	0.01356	0.01065	0.00360	0.00969	0.01044	0.01272	0.01812
7	0.01454	0.01080	0.01287	0.01432	0.01579	0.00988	0.00957	0.01646	0.02251	0.02890	0.07436	0.35989	0.19408	0.13355	0.02246	0.00567	0.00731	0.02778	0.01013	0.00912
8	0.03927	0.03012	0.03212	0.02576	0.03419	0.03376	0.02091	0.34485	0.19780	0.06534	0.03419	0.03292	0.02486	0.01455	0.01170	0.00364	0.01164	0.01134	0.01170	0.01934
9	0.03109	0.59826	0.06095	0.01990	0.02985	0.04602	0.01990	0.03483	0.02363	0.02736	0.01617	0.01866	0.01493	0.00995	0.00746	0.00249	0.01244	0.00622	0.00498	0.01493
10	0.02884	0.02029	0.03397	0.26992	0.05446	0.02158	0.08288	0.03569	0.02790	0.15121	0.11485	0.04306	0.03575	0.01421	0.01229	0.00378	0.01293	0.01301	0.00881	0.01456
11	0.02745	0.02057	0.02446	0.01764	0.02782	0.01569	0.01418	0.03254	0.02521	0.09604	0.02367	0.02596	0.01860	0.00930	0.00898	0.00195	0.00877	0.00746	0.00778	0.58594
12	0.32376	0.02141	0.02048	0.01738	0.02416	0.02330	0.01407	0.11075	0.02701	0.05023	0.02337	0.02738	0.01856	0.02019	0.06970	0.00496	0.01169	0.00841	0.09252	0.09067
13	0.04012	0.23233	0.09052	0.02294	0.03316	0.03244	0.02172	0.13792	0.03359	0.20326	0.02898	0.02815	0.02053	0.01239	0.01011	0.00319	0.01214	0.00918	0.00951	0.01780
14	0.02013	0.01168	0.01452	0.01504	0.01663	0.01106	0.01002	0.02208	0.02195	0.08535	0.05043	0.30195	0.05548	0.21617	0.02859	0.00658	0.00849	0.02316	0.07073	0.00996
15	0.03524	0.02731	0.02753	0.02356	0.03027	0.08629	0.01887	0.17287	0.15103	0.10873	0.10018	0.05012	0.04049	0.01729	0.01226	0.00376	0.01138	0.05473	0.01141	0.01667
16	0.03321	0.02504	0.03536	0.27674	0.11057	0.02817	0.02773	0.17279	0.03453	0.10325	0.02605	0.03082	0.01874	0.01253	0.01163	0.00368	0.01381	0.01054	0.00833	0.01649
17	0.41000	0.09739	0.11522	0.01965	0.02916	0.02760	0.01940	0.03730	0.02264	0.10067	0.02042	0.02224	0.01510	0.01115	0.00843	0.00348	0.01097	0.00731	0.00735	0.01451
18	0.01665	0.01117	0.01276	0.01302	0.01308	0.01110	0.00740	0.01685	0.01742	0.02322	0.03923	0.12393	0.04555	0.53899	0.05502	0.01066	0.01085	0.01843	0.00740	0.00727
19	0.04128	0.05215	0.09014	0.02979	0.03762	0.40037	0.02475	0.11790	0.03564	0.03692	0.01997	0.02255	0.01576	0.01221	0.01074	0.00316	0.01917	0.00812	0.00681	0.01496
20	0.10542	0.02538	0.03700	0.16949	0.23692	0.02727	0.02836	0.10355	0.02990	0.09126	0.02423	0.02912	0.01830	0.01166	0.01108	0.00359	0.01312	0.01004	0.00753	0.01680
21	0.02048	0.01265	0.01671	0.01551	0.01879	0.01155	0.01168	0.02551	0.03191	0.10207	0.41281	0.13029	0.09687	0.02391	0.01359	0.00376	0.00614	0.02111	0.01279	0.01187
22	0.02403	0.10857	0.48872	0.03196	0.04849	0.02872	0.04090	0.03665	0.02447	0.03598	0.02045	0.02402	0.01475	0.01095	0.01073	0.00358	0.01676	0.00838	0.00492	0.01698
23	0.02579	0.02518	0.04328	0.24390	0.26030	0.02808	0.07290	0.03275	0.02438	0.03374	0.02081	0.02944	0.01692	0.01195	0.01488	0.00384	0.08027	0.01063	0.00548	0.01550
24	0.02395	0.01487	0.01817	0.01604	0.02014	0.01442	0.01242	0.07844	0.03415	0.09658	0.33920	0.06888	0.07936	0.02018	0.01243	0.00349	0.00675	0.01736	0.11035	0.01283
25	0.01786	0.01276	0.01773	0.02041	0.02270	0.01263	0.01721	0.02257	0.02590	0.03382	0.06207	0.21859	0.06886	0.03296	0.01583	0.00523	0.00994	0.36174	0.01073	0.01047
26	0.02789	0.02672	0.04560	0.13561	0.46145	0.02740	0.03525	0.03491	0.02606	0.03692	0.02172	0.02908	0.01804	0.01053	0.01153	0.00351	0.01404	0.01036	0.00568	0.01770
27	0.04357	0.01918	0.02468	0.01991	0.02729	0.01770	0.01604	0.09705	0.03349	0.36662	0.04550	0.10963	0.03414	0.01715	0.01178	0.00365	0.00941	0.01427	0.07131	0.01764
28	0.01417	0.01012	0.01350	0.01619	0.01687	0.00945	0.01080	0.01619	0.02227	0.02969	0.06410	0.58367	0.07692	0.03644	0.01484	0.00472	0.00675	0.03306	0.01080	0.00945
29	0.02002	0.01638	0.02302	0.08484	0.02918	0.01945	0.01876	0.02368	0.02137	0.02916	0.03799	0.07560	0.04034	0.16205	0.07521	0.00763	0.13883	0.15838	0.00756	0.01054
30	0.01697	0.01259	0.01596	0.01587	0.01840	0.01218	0.01159	0.02398	0.07186	0.04226	0.35004	0.21665	0.09423	0.02646	0.01385	0.00397	0.00616	0.02356	0.01218	0.01123
31	0.02382	0.02214	0.03503	0.42369	0.12405	0.02652	0.03059	0.03528	0.09559	0.03356	0.02486	0.03263	0.01888	0.01211	0.01165	0.00384	0.01435	0.01077	0.00625	0.01440
32	0.02789	0.02552	0.03692	0.40260	0.06835	0.08452	0.06963	0.03496	0.02573	0.07931	0.02311	0.03074	0.01695	0.01178	0.01169	0.00375	0.01594	0.01045	0.00624	0.01391
33	0.01505	0.01080	0.01428	0.01559	0.01706	0.01003	0.01086	0.01841	0.02637	0.03621	0.23665	0.39253	0.08955	0.03157	0.01441	0.00431	0.00626	0.02843	0.01157	0.01003
34	0.03115	0.02799	0.02991	0.02624	0.02967	0.12469	0.02104	0.03779	0.07763	0.09538	0.02627	0.03211	0.02175	0.02942	0.11703	0.00680	0.23303	0.01062	0.00745	0.01402
35	0.01448	0.01025	0.01340	0.01579	0.01639	0.00966	0.01037	0.01628	0.02166	0.02887	0.06097	0.52573	0.07297	0.09978	0.01991	0.00547	0.00726	0.03122	0.01037	0.00917
36	0.01985	0.01033	0.01550	0.01550	0.01571	0.01054	0.01054	0.01571	0.01550	0.02087	0.02128	0.03637	0.02108	0.04503	0.09478	0.59816	0.01218	0.01033	0.00517	0.00558
37	0.02412	0.02067	0.02412	0.01723	0.02756	0.01550	0.01378	0.02929	0.02412	0.03790	0.02067	0.02412	0.01723	0.00861	0.00861	0.00172	0.00861	0.00689	0.00689	0.66236
38	0.02196	0.02067	0.03488	0.56331	0.08010	0.02584	0.03230	0.02972	0.02326	0.02972	0.02067	0.03101	0.01550	0.01163	0.01163	0.00388	0.01550	0.01034	0.00517	0.01292
39	0.01691	0.01128	0.01268	0.01268	0.01268	0.01128	0.00705	0.01691	0.01691	0.02255	0.03665	0.07611	0.04228	0.59126	0.05920	0.01128	0.01128	0.01691	0.00705	0.00705
40	0.02606	0.02789	0.05220	0.10069	0.05147	0.03137	0.25396	0.03286	0.02330	0.03286	0.02006	0.02907	0.01650	0.01403	0.02280	0.00436	0.22878	0.01199	0.00550	0.01424
41	0.02786	0.02354	0.08702	0.02513	0.03193	0.01910	0.07875	0.08465	0.02955	0.12606	0.04588	0.23098	0.04535	0.02288	0.01345	0.00422	0.01139	0.06767	0.01020	0.01439
42	0.02825	0.02644	0.04016	0.11282	0.04513	0.08360	0.15678	0.03446	0.02624	0.08184	0.06869	0.03711	0.02761	0.02339	0.08509	0.00582	0.08306	0.01238	0.00720	0.01396
43	0.02284	0.01330	0.01759	0.01571	0.01957	0.01207	0.01207	0.02815	0.03299	0.13238	0.42923	0.07843	0.09528	0.02210	0.01336	0.00365	0.00627	0.01937	0.01309	0.01255
44	0.02445	0.02321	0.03938	0.38399	0.23999	0.02649	0.03354	0.03189	0.02443	0.03273	0.02111	0.03020	0.01657	0.01117	0.01159	0.00372	0.01489	0.01035	0.00538	0.01493
45	0.03441	0.14926	0.12606	0.03021	0.04046	0.03122	0.12048	0.09037	0.02958	0.14061	0.02595	0.02840	0.01895	0.01251	0.01376	0.00359	0.06926	0.01021	0.00790	0.01681
46	0.02705	0.33912	0.10620	0.01872	0.02728	0.03223	0.01913	0.03260	0.02400	0.03374	0.02378	0.02737	0.01969	0.01125	0.00815	0.00272	0.01080	0.00802	0.21426	0.01391
47	0.01411	0.01034	0.01327	0.01562	0.01672	0.00950	0.01054	0.01626	0.02282	0.02992	0.07112	0.52208	0.13398	0.03553	0.01470	0.00462	0.00664	0.03195	0.01080	0.00950
48	0.02878	0.43816	0.20080	0.02384	0.03595	0.04036	0.02676	0.03542	0.02391	0.03018	0.01757	0.02041	0.01487	0.01028	0.00853	0.00284	0.01385	0.00693	0.00496	0.01560
49	0.04310	0.08179	0.03063	0.02166	0.03026	0.08312	0.01778	0.05080	0.08648	0.30628	0.03697	0.03402	0.02528	0.01318	0.01080	0.00325	0.01122	0.01029	0.01132	0.09176
50	0.11261	0.02314	0.03127	0.16154	0.04189	0.02918	0.02396	0.03527	0.05844	0.09250	0.02288	0.02907	0.01815	0.01584	0.02223	0.00432	0.24652	0.01012	0.00701	0.01404
51	0.11464	0.02607	0.08432	0.02581	0.08758	0.01992	0.02016	0.03671	0.02561	0.13188	0.02501	0.02695	0.01866	0.01047	0.00963	0.00275	0.01050	0.00832	0.00799	0.30702
52	0.02674	0.02223	0.02553	0.01847	0.02867	0.01819	0.01487	0.08812	0.02811	0.04252	0.02162	0.02461	0.01756	0.00931	0.00901	0.00195	0.00916	0.00736	0.00751	0.57847
53	0.02609	0.04505	0.27067	0.03552	0.04805	0.08496	0.17089	0.03631	0.02739	0.03716	0.07911	0.03357	0.02682	0.01227	0.01213	0.00368	0.01699	0.01152	0.00626	0.01557
54	0.01605	0.01157	0.01518	0.01491	0.01728	0.01070	0.01094	0.02092	0.03102	0.04361	0.43248	0.17560	0.10388	0.02604	0.01392	0.00385	0.00571	0.02318	0.01244	0.01070
55	0.01758	0.01336	0.01592	0.01505	0.01810	0.01297	0.01107	0.02530	0.08534	0.04174	0.34148	0.08424	0.15430	0.09033	0.01884	0.00463	0.00667	0.02014	0.01171	0.01122
56	0.02333	0.06016	0.53100	0.03315	0.05034	0.02701	0.04297	0.03683	0.02455	0.03683	0.02087	0.02455	0.01473	0.01105	0.01105	0.00368	0.01719	0.00859	0.00491	0.01719
57	0.01594	0.01033	0.01415	0.01575	0.01650	0.00979	0.01064	0.01662	0.02177	0.02935	0.10655	0.38861	0.06676	0.03592	0.02230	0.16750	0.00743	0.02594	0.00961	0.00854
58	0.11505	0.09276	0.03570	0.21572	0.04869	0.03225	0.02456	0.16468	0.03166	0.04517	0.02118	0.02651	0.01630	0.01288	0.01318	0.00368	0.06822	0.00935	0.00733	0.01513
59	0.02691	0.03513	0.12899	0.04695	0.05942	0.02910	0.41988	0.03720	0.02707	0.03720	0.02318	0.03048	0.01727	0.00997	0.01338	0.00389	0.01929	0.01306	0.00576	0.01588
60	0.10482	0.02992	0.14105	0.02114	0.03251	0.01964	0.02083	0.03519	0.02490	0.10317	0.02348	0.02562	0.01761	0.01019	0.00941	0.00264	0.01081	0.00784	0.00745	0.35177
61	0.01542	0.01101	0.01493	0.01762	0.01884	0.01052	0.01296	0.01835	0.02350	0.03109	0.06341	0.46024	0.07420	0.03526	0.01518	0.00490	0.00783	0.14418	0.01077	0.00979
62	0.03914	0.03006	0.03205	0.02573	0.03414	0.03370	0.02088	0.34120	0.20167	0.06512	0.03436	0.03306	0.02500	0.01456	0.01170	0.00364	0.01161	0.01136	0.01170	0.01932
63	0.10579	0.03507	0.16127	0.02855	0.08196	0.06994	0.02503	0.07378	0.02924	0.08854	0.08156	0.03304	0.02824	0.01279	0.01070	0.00331	0.01267	0.01011	0.00802	0.10039
64	0.11355	0.09183	0.03068	0.06943	0.03388	0.10191	0.01835	0.04161	0.02765	0.18736	0.02701	0.02780	0.01949	0.01160	0.00982	0.00300	0.01199	0.00863	0.00874	0.15569
65	0.01770	0.01287	0.01728	0.01883	0.02164	0.01245	0.01589	0.02285	0.02823	0.03733	0.17610	0.11858	0.12140	0.02985	0.01527	0.00480	0.00897	0.29805	0.01122	0.01069
66	0.08365	0.02082	0.03311	0.08645	0.13455	0.02060	0.08031	0.03508	0.02729	0.14221	0.09064	0.12179	0.03935	0.01684	0.01225	0.00382	0.01145	0.01544	0.00927	0.01509
67	0.02755	0.02062	0.02989	0.03541	0.16232	0.02177	0.02212	0.07436	0.02772	0.09560	0.04004	0.20174	0.04045	0.02191	0.01637	0.00421	0.08353	0.05053	0.00915	0.01472
68	0.01476	0.01211	0.01320	0.01374	0.01741	0.01054	0.01085	0.01820	0.02656	0.03211	0.10639	0.11585	0.42310	0.03000	0.01422	0.00422	0.00687	0.10910	0.01078	0.01000
69	0.02423	0.02575	0.05377	0.04000	0.04888	0.02499	0.33904	0.03235	0.02484	0.03420	0.02580	0.03563	0.02105	0.03284	0.17184	0.00832	0.02304	0.01335	0.00599	0.01411
70	0.03249	0.16503	0.26791	0.02841	0.04157	0.02887	0.06510	0.04135	0.02674	0.15631	0.02626	0.02753	0.01849	0.01154	0.01064	0.00342	0.01453	0.00924	0.00735	0.01723
71	0.05143	0.02100	0.02774	0.02126	0.03029	0.01888	0.01757	0.09656	0.03530	0.48404	0.04419	0.03849	0.02794	0.01435	0.01169	0.00359	0.01017	0.01158	0.01413	0.01979
72	0.01385	0.01139	0.01219	0.01282	0.01598	0.00973	0.00930	0.01657	0.02551	0.03101	0.10512	0.22344	0.41068	0.03111	0.01401	0.00412	0.00609	0.02656	0.01080	0.00973
73	0.02600	0.01759	0.02104	0.01844	0.02337	0.01792	0.01435	0.07779	0.13491	0.10668	0.31142	0.06635	0.07568	0.02002	0.01288	0.00370	0.00750	0.01723	0.01267	0.01445
74	0.02884	0.11693	0.24502	0.03558	0.04887	0.03164	0.17684	0.10391	0.02994	0.04126	0.02219	0.02650	0.01646	0.01095	0.01153	0.00357	0.01668	0.01023	0.00625	0.01680
75	0.01516	0.01134	0.01407	0.01444	0.01684	0.01025	0.01043	0.01903	0.02828	0.03811	0.28865	0.24043	0.19265	0.02885	0.01406	0.00404	0.00595	0.02542	0.01175	0.01025
76	0.01761	0.01258	0.01744	0.02012	0.02230	0.01241	0.01677	0.02214	0.02566	0.03354	0.06221	0.24340	0.06941	0.03320	0.01576	0.00520	0.00973	0.33940	0.01073	0.01040
77	0.02872	0.43355	0.20483	0.02396	0.03612	0.04020	0.02696	0.03544	0.02391	0.03026	0.01761	0.02046	0.01487	0.01029	0.00856	0.00285	0.01389	0.00695	0.00496	0.01562
78	0.11607	0.02815	0.08123	0.02813	0.03829	0.02454	0.11744	0.11231	0.03292	0.25398	0.03266	0.03229	0.02188	0.01263	0.01153	0.00366	0.01295	0.01103	0.01047	0.01784
79	0.01982	0.01066	0.01150	0.01217	0.01437	0.01049	0.00879	0.02440	0.02386	0.03997	0.04443	0.17735	0.04149	0.01923	0.00980	0.00321	0.00575	0.01635	0.49586	0.01049
80	0.01682	0.01254	0.01607	0.01701	0.02002	0.01178	0.01397	0.02162	0.02854	0.03749	0.20971	0.11323	0.19054	0.02898	0.01479	0.00450	0.00796	0.21251	0.01135	0.01057
81	0.02965	0.02413	0.03680	0.15318	0.26272	0.02560	0.02830	0.07194	0.07070	0.07683	0.02776	0.03272	0.02137	0.01200	0.01125	0.00352	0.01254	0.01076	0.07144	0.01677
82	0.02434	0.13041	0.46963	0.03142	0.04766	0.02949	0.03996	0.03657	0.02443	0.03560	0.02026	0.02378	0.01476	0.01091	0.01058	0.00353	0.01657	0.00828	0.00492	0.01689
83	0.01444	0.01033	0.01374	0.01601	0.01693	0.00963	0.01082	0.01688	0.02353	0.03171	0.11744	0.52459	0.08083	0.03493	0.01471	0.00460	0.00660	0.03163	0.01103	0.00963
84	0.02518	0.02395	0.04069	0.33167	0.28663	0.02668	0.03390	0.03253	0.02478	0.03361	0.02124	0.02996	0.01688	0.01103	0.01157	0.00368	0.01471	0.01035	0.00545	0.01551
85	0.02709	0.02591	0.04415	0.19338	0.40994	0.02719	0.03485	0.03421	0.02568	0.03594	0.02158	0.02934	0.01770	0.01068	0.01154	0.00356	0.01424	0.01036	0.00561	0.01706
86	0.03653	0.02816	0.03052	0.02497	0.03269	0.03167	0.02016	0.29770	0.19854	0.06074	0.03468	0.03474	0.02588	0.02147	0.06197	0.00507	0.01333	0.01155	0.01119	0.01844
87	0.03601	0.10689	0.03913	0.11752	0.13303	0.31146	0.02616	0.04055	0.02920	0.03033	0.01892	0.02370	0.01570	0.01139	0.01051	0.00316	0.01782	0.00832	0.00571	0.01449

[dist]
# distance from previous block
# <min> <max>
0	1

[block]
# block no. 6 follows, 10 sequences, length 105
# corresponding to MSA columns:
# 632-641,647-741
name=unknown_G
#
# <colnr> <probs for GDERKNQSTAVLIFYWHMCP>
#	G	D	E	R	K	N	Q	S	T	A	V	L	I	F	Y	W	H	M	C	P
0	0.02592	0.02529	0.03342	0.04114	0.20965	0.08198	0.02442	0.03008	0.02277	0.03085	0.02388	0.03695	0.02268	0.10813	0.11814	0.00753	0.12622	0.01130	0.00592	0.01372
1	0.01478	0.01135	0.01354	0.01400	0.01660	0.01010	0.01011	0.01832	0.02746	0.03606	0.23556	0.23748	0.25364	0.02953	0.01405	0.00406	0.00600	0.02578	0.01147	0.01010
