[name]
unknown

[dist]
# distance from previous block
# <min> <max>
0	28

[block]
# block no. 0 follows, 13 sequences, length 18
# corresponding to MSA columns:
# 28-45
name=unknown_A
#
# <colnr> <probs for GDERKNQSTAVLIFYWHMCP>
#	G	D	E	R	K	N	Q	S	T	A	V	L	I	F	Y	W	H	M	C	P
0	0.01642	0.01267	0.01763	0.02172	0.07390	0.01260	0.01474	0.02162	0.05951	0.03036	0.05259	0.37179	0.05914	0.02821	0.01331	0.00429	0.00801	0.16176	0.00939	0.01034
1	0.03232	0.02798	0.13029	0.04357	0.29475	0.02186	0.02803	0.03893	0.02581	0.21102	0.02693	0.02873	0.01927	0.01074	0.01045	0.00322	0.01192	0.00954	0.00769	0.01696
2	0.01638	0.01194	0.01478	0.01413	0.01684	0.01169	0.01055	0.02389	0.08672	0.04096	0.41644	0.12260	0.08438	0.02124	0.01203	0.00339	0.00547	0.01870	0.05727	0.01060
3	0.01528	0.01064	0.01352	0.01352	0.01420	0.01133	0.00888	0.01665	0.01596	0.02197	0.03150	0.05914	0.03407	0.42882	0.24745	0.01270	0.01682	0.01390	0.00614	0.00751
4	0.02250	0.10314	0.34345	0.11896	0.04746	0.02650	0.07849	0.03420	0.06535	0.03252	0.02072	0.02468	0.01533	0.01028	0.01008	0.00330	0.01455	0.00861	0.00511	0.01478
5	0.02375	0.03046	0.17017	0.12300	0.04437	0.02402	0.13115	0.08953	0.09260	0.03883	0.09602	0.03477	0.02866	0.01230	0.01112	0.00343	0.01303	0.01131	0.00715	0.01434
6	0.01288	0.00920	0.01227	0.01472	0.01534	0.00859	0.00981	0.01472	0.02024	0.02699	0.05828	0.62152	0.06993	0.03312	0.01350	0.00429	0.00613	0.03006	0.00981	0.00859
7	0.02641	0.02065	0.03289	0.32252	0.19044	0.02291	0.02697	0.03468	0.06648	0.11514	0.02466	0.02981	0.01818	0.01097	0.01057	0.00339	0.01242	0.00981	0.00665	0.01445
8	0.02776	0.41331	0.18927	0.02197	0.03269	0.03626	0.02384	0.08833	0.02491	0.03188	0.01704	0.01933	0.01402	0.00972	0.00807	0.00265	0.01248	0.00666	0.00519	0.01461
9	0.12766	0.04934	0.48651	0.02760	0.04181	0.02442	0.03475	0.03311	0.02165	0.03566	0.01831	0.02152	0.01309	0.01001	0.00950	0.00334	0.01446	0.00749	0.00479	0.01497
10	0.01280	0.00951	0.01195	0.01389	0.01512	0.00866	0.00945	0.01482	0.02104	0.02732	0.06836	0.51422	0.17072	0.03181	0.01329	0.00414	0.00597	0.02846	0.00982	0.00866
11	0.01438	0.01036	0.01361	0.01370	0.01567	0.00959	0.00993	0.01848	0.02721	0.03807	0.41684	0.23136	0.09138	0.02485	0.01276	0.00360	0.00531	0.02219	0.01113	0.00959
12	0.03397	0.10158	0.03524	0.15526	0.04209	0.24118	0.06791	0.03856	0.02662	0.12713	0.02185	0.02487	0.01626	0.01083	0.00993	0.00303	0.01510	0.00849	0.00658	0.01354
13	0.03222	0.50771	0.04905	0.01824	0.02711	0.03642	0.01757	0.03575	0.02329	0.13713	0.02026	0.02088	0.01617	0.00988	0.00758	0.00247	0.01083	0.00668	0.00629	0.01448
14	0.02222	0.12901	0.45259	0.02717	0.04133	0.02589	0.03377	0.03260	0.02217	0.03242	0.01838	0.02157	0.01363	0.00970	0.00940	0.00304	0.01432	0.00738	0.00464	0.07877
15	0.01622	0.01238	0.01666	0.08412	0.07177	0.01223	0.01328	0.02008	0.02279	0.03158	0.09944	0.22360	0.17191	0.02215	0.01146	0.00352	0.00713	0.01940	0.13017	0.01013
16	0.02100	0.12090	0.10614	0.01823	0.02380	0.01768	0.01685	0.02531	0.02264	0.08978	0.04705	0.27035	0.08651	0.02245	0.01157	0.00370	0.00905	0.06682	0.00849	0.01169
17	0.10273	0.28625	0.03990	0.02330	0.07755	0.03167	0.01862	0.12424	0.02814	0.14205	0.02238	0.02307	0.01690	0.01060	0.00854	0.00281	0.01071	0.00768	0.00755	0.01530

[dist]
# distance from previous block
# <min> <max>
0	5

[block]
# block no. 1 follows, 13 sequences, length 38
# corresponding to MSA columns:
# 51-88
name=unknown_B
#
# <colnr> <probs for GDERKNQSTAVLIFYWHMCP>
#	G	D	E	R	K	N	Q	S	T	A	V	L	I	F	Y	W	H	M	C	P
0	0.31424	0.02496	0.02258	0.05445	0.02838	0.10310	0.01566	0.08684	0.02597	0.15329	0.02221	0.02322	0.01596	0.01086	0.00858	0.00308	0.01061	0.00756	0.00803	0.06044
1	0.02465	0.02753	0.05827	0.04162	0.05219	0.02545	0.47205	0.03313	0.02465	0.03393	0.02113	0.02785	0.01600	0.00880	0.01201	0.00336	0.01681	0.01185	0.00544	0.08328
2	0.02463	0.01582	0.01971	0.01547	0.02218	0.01294	0.01224	0.02931	0.02643	0.14545	0.21305	0.04487	0.04742	0.01375	0.01003	0.00253	0.00706	0.01168	0.00954	0.31590
3	0.02891	0.09508	0.17083	0.03706	0.14325	0.02762	0.13833	0.11793	0.02839	0.07902	0.02205	0.02545	0.01639	0.01025	0.01047	0.00321	0.01390	0.00944	0.00650	0.01591
4	0.02544	0.01309	0.01574	0.01376	0.01784	0.01161	0.01014	0.02780	0.02360	0.21322	0.06222	0.06919	0.21736	0.20369	0.02433	0.00548	0.00809	0.01618	0.00992	0.01130
5	0.04495	0.02199	0.02701	0.02071	0.02898	0.02147	0.01711	0.21507	0.03695	0.39680	0.03610	0.03234	0.02336	0.01295	0.01061	0.00324	0.00990	0.01025	0.01222	0.01799
6	0.02408	0.01999	0.03450	0.03748	0.20982	0.01901	0.12194	0.03004	0.02656	0.09355	0.17973	0.04793	0.07953	0.01438	0.01160	0.00332	0.01060	0.01381	0.00823	0.01392
7	0.02463	0.25641	0.27698	0.03038	0.07731	0.03109	0.10068	0.03281	0.02253	0.03053	0.01786	0.02157	0.01408	0.00948	0.00926	0.00298	0.01418	0.00782	0.00467	0.01477
8	0.01802	0.00941	0.01412	0.01412	0.01432	0.00961	0.00961	0.01432	0.01412	0.01903	0.01943	0.03315	0.01923	0.04129	0.09975	0.62000	0.01123	0.00941	0.00471	0.00511
9	0.01444	0.01075	0.01245	0.01251	0.01462	0.00992	0.00896	0.01709	0.02285	0.02972	0.18565	0.08835	0.23851	0.20859	0.02527	0.00568	0.00723	0.06971	0.00920	0.00850
10	0.02613	0.11245	0.03841	0.15060	0.28617	0.02663	0.02617	0.08088	0.02557	0.03542	0.02084	0.02635	0.01687	0.01019	0.00967	0.00302	0.01186	0.00891	0.06904	0.01482
11	0.02397	0.03888	0.26602	0.17035	0.17462	0.08153	0.03334	0.03263	0.02325	0.03147	0.01888	0.02427	0.01438	0.01010	0.01022	0.00328	0.01489	0.00846	0.00480	0.01466
12	0.01641	0.01176	0.01616	0.01760	0.02005	0.01150	0.01489	0.02131	0.02604	0.03491	0.20815	0.10703	0.07267	0.02690	0.01396	0.00440	0.00829	0.34786	0.01031	0.00981
13	0.01905	0.01864	0.01634	0.01653	0.01954	0.12610	0.01249	0.02221	0.02537	0.03016	0.13725	0.19276	0.20746	0.02448	0.01240	0.00370	0.00886	0.08766	0.00919	0.00980
14	0.02882	0.40976	0.15916	0.02197	0.03200	0.08814	0.02285	0.07369	0.02476	0.03019	0.01662	0.01897	0.01390	0.00973	0.00803	0.00261	0.01296	0.00653	0.00509	0.01424
15	0.01510	0.01133	0.01699	0.01699	0.01888	0.01322	0.01322	0.01888	0.01699	0.02454	0.02832	0.04154	0.02643	0.07930	0.58652	0.01699	0.02832	0.01133	0.00566	0.00944
16	0.03950	0.05039	0.02996	0.02724	0.03269	0.58597	0.02043	0.04222	0.02996	0.02588	0.01634	0.01907	0.01362	0.01090	0.00953	0.00272	0.01907	0.00681	0.00545	0.01226
17	0.01496	0.01081	0.01413	0.01330	0.01580	0.00998	0.00998	0.01995	0.02993	0.04240	0.55689	0.07898	0.09976	0.02162	0.01247	0.00333	0.00499	0.01912	0.01164	0.00998
18	0.02192	0.01879	0.02192	0.01566	0.02506	0.01409	0.01253	0.02662	0.02192	0.03445	0.01879	0.02192	0.01566	0.00783	0.00783	0.00157	0.00783	0.00626	0.00626	0.69305
19	0.30109	0.02003	0.02257	0.02019	0.02297	0.02541	0.01642	0.02622	0.01751	0.03470	0.02060	0.10659	0.02093	0.01703	0.02008	0.00402	0.27557	0.01079	0.00616	0.01109
20	0.70310	0.02045	0.01554	0.01390	0.02045	0.02372	0.01145	0.03108	0.01799	0.04744	0.01472	0.01718	0.01145	0.00981	0.00654	0.00327	0.00818	0.00573	0.00654	0.01145
21	0.02617	0.02512	0.04292	0.06490	0.56246	0.02512	0.03245	0.03245	0.02407	0.03454	0.01989	0.02617	0.01675	0.00942	0.01047	0.00314	0.01256	0.00942	0.00523	0.01675
22	0.01288	0.00920	0.01227	0.01472	0.01534	0.00859	0.00981	0.01472	0.02024	0.02699	0.05828	0.62152	0.06993	0.03312	0.01350	0.00429	0.00613	0.03006	0.00981	0.00859
23	0.03950	0.05039	0.02996	0.02724	0.03269	0.58597	0.02043	0.04222	0.02996	0.02588	0.01634	0.01907	0.01362	0.01090	0.00953	0.00272	0.01907	0.00681	0.00545	0.01226
24	0.01997	0.01879	0.03171	0.60301	0.07282	0.02349	0.02936	0.02701	0.02114	0.02701	0.01879	0.02819	0.01409	0.01057	0.01057	0.00352	0.01409	0.00940	0.00470	0.01175
25	0.70310	0.02045	0.01554	0.01390	0.02045	0.02372	0.01145	0.03108	0.01799	0.04744	0.01472	0.01718	0.01145	0.00981	0.00654	0.00327	0.00818	0.00573	0.00654	0.01145
26	0.01471	0.01065	0.01427	0.01652	0.01819	0.01022	0.01290	0.01797	0.02239	0.02920	0.06126	0.35418	0.10593	0.03085	0.01391	0.00449	0.00768	0.23576	0.00978	0.00913
27	0.04744	0.01799	0.02454	0.01881	0.02699	0.01554	0.01554	0.05153	0.03026	0.56979	0.04171	0.03599	0.02617	0.01309	0.01063	0.00327	0.00900	0.01063	0.01309	0.01799
28	0.01496	0.01081	0.01413	0.01330	0.01580	0.00998	0.00998	0.01995	0.02993	0.04240	0.55689	0.07898	0.09976	0.02162	0.01247	0.00333	0.00499	0.01912	0.01164	0.00998
29	0.08825	0.01172	0.01471	0.01515	0.01752	0.01221	0.01152	0.01940	0.02155	0.03200	0.14707	0.19430	0.09043	0.04159	0.18664	0.00784	0.01311	0.05688	0.00856	0.00955
30	0.02827	0.63478	0.05540	0.01809	0.02714	0.04184	0.01809	0.03166	0.02148	0.02488	0.01470	0.01696	0.01357	0.00905	0.00678	0.00226	0.01131	0.00565	0.00452	0.01357
31	0.25836	0.01540	0.01526	0.01407	0.01846	0.01637	0.01097	0.02705	0.07730	0.04288	0.26538	0.05562	0.11090	0.01727	0.01021	0.00336	0.00650	0.01401	0.00956	0.01107
32	0.01421	0.01035	0.01351	0.01462	0.01643	0.00965	0.01084	0.01767	0.02452	0.03308	0.23117	0.31040	0.12404	0.02802	0.01323	0.00399	0.00624	0.09833	0.01042	0.00927
33	0.09965	0.02523	0.08956	0.23367	0.09864	0.02380	0.09725	0.06673	0.02490	0.10721	0.02238	0.02713	0.01615	0.01057	0.01036	0.00339	0.01316	0.00946	0.00654	0.01420
34	0.03975	0.02180	0.02650	0.02084	0.02771	0.02278	0.01717	0.21066	0.03472	0.28816	0.03241	0.03126	0.02211	0.01346	0.01289	0.00331	0.07383	0.01003	0.07405	0.01654
35	0.01310	0.00966	0.01227	0.01389	0.01523	0.00883	0.00955	0.01550	0.02217	0.02932	0.13317	0.46503	0.15242	0.03056	0.01320	0.00405	0.00585	0.02734	0.01006	0.00883
36	0.08679	0.02626	0.03702	0.04149	0.24311	0.06763	0.07795	0.08562	0.02688	0.11413	0.02249	0.02619	0.01721	0.01121	0.01258	0.00333	0.06817	0.00942	0.00698	0.01553
37	0.26342	0.02362	0.06625	0.03111	0.18171	0.02169	0.02052	0.03574	0.02303	0.15486	0.02269	0.02460	0.01664	0.01028	0.00892	0.00311	0.01014	0.00805	0.00741	0.06621

[dist]
# distance from previous block
# <min> <max>
2	7

[block]
# block no. 2 follows, 13 sequences, length 70
# corresponding to MSA columns:
# 96-165
name=unknown_C
#
# <colnr> <probs for GDERKNQSTAVLIFYWHMCP>
#	G	D	E	R	K	N	Q	S	T	A	V	L	I	F	Y	W	H	M	C	P
0	0.01937	0.07136	0.02074	0.01543	0.02021	0.01539	0.01208	0.06166	0.02699	0.03787	0.24430	0.16242	0.06031	0.01886	0.01094	0.00300	0.00697	0.01633	0.00931	0.16645
1	0.09111	0.13242	0.03273	0.02146	0.02948	0.03109	0.01813	0.28737	0.11246	0.10092	0.02673	0.02627	0.01952	0.01210	0.00962	0.00309	0.01057	0.00899	0.00945	0.01649
2	0.03033	0.15216	0.30162	0.02471	0.03675	0.02631	0.02799	0.07793	0.02630	0.16240	0.02412	0.02483	0.01685	0.01080	0.00962	0.00311	0.01291	0.00822	0.00703	0.01600
3	0.02652	0.21929	0.22685	0.03032	0.12322	0.02802	0.02744	0.03367	0.02333	0.08525	0.02306	0.03039	0.01906	0.01146	0.00954	0.00309	0.01266	0.04596	0.00590	0.01496
4	0.02394	0.26197	0.19572	0.02760	0.03801	0.02998	0.14771	0.03099	0.02244	0.02968	0.02194	0.08256	0.01984	0.01173	0.00977	0.00309	0.01358	0.01040	0.00525	0.01380
5	0.01526	0.01406	0.05483	0.01659	0.01973	0.01130	0.01418	0.01964	0.02428	0.03233	0.16057	0.22161	0.14131	0.02689	0.01327	0.00412	0.00771	0.18274	0.00976	0.00982
6	0.01906	0.01554	0.02206	0.07712	0.10116	0.01770	0.01567	0.02071	0.01721	0.02392	0.02524	0.04769	0.02690	0.32189	0.03895	0.05936	0.12263	0.01234	0.00561	0.00924
7	0.02213	0.02400	0.07991	0.25455	0.23855	0.02311	0.07957	0.02903	0.02259	0.03091	0.02310	0.08177	0.02034	0.01203	0.01096	0.00345	0.01331	0.01150	0.00541	0.01380
8	0.04744	0.01799	0.02454	0.01881	0.02699	0.01554	0.01554	0.05153	0.03026	0.56979	0.04171	0.03599	0.02617	0.01309	0.01063	0.00327	0.00900	0.01063	0.01309	0.01799
9	0.09292	0.03233	0.02695	0.02446	0.02973	0.26480	0.05147	0.08354	0.02880	0.03429	0.02964	0.05100	0.02856	0.01649	0.01112	0.00354	0.01436	0.15652	0.00738	0.01212
10	0.02662	0.01420	0.01813	0.01560	0.02039	0.01310	0.01223	0.03314	0.07160	0.21922	0.29943	0.06333	0.11169	0.01862	0.01171	0.00335	0.00665	0.01596	0.01189	0.01314
11	0.01373	0.00986	0.01303	0.01414	0.01552	0.00916	0.00988	0.01686	0.02421	0.03330	0.26232	0.39950	0.08214	0.02841	0.01308	0.00390	0.00567	0.02558	0.01056	0.00916
12	0.70310	0.02045	0.01554	0.01390	0.02045	0.02372	0.01145	0.03108	0.01799	0.04744	0.01472	0.01718	0.01145	0.00981	0.00654	0.00327	0.00818	0.00573	0.00654	0.01145
13	0.01837	0.00918	0.01377	0.01377	0.01377	0.00918	0.00918	0.01377	0.01377	0.01837	0.01837	0.03214	0.01837	0.03673	0.04132	0.69238	0.00918	0.00918	0.00459	0.00459
14	0.07162	0.01066	0.01029	0.01016	0.01294	0.01091	0.00770	0.02513	0.02186	0.04003	0.03299	0.03773	0.02591	0.01213	0.00733	0.00253	0.00517	0.00954	0.63541	0.00998
15	0.01250	0.01071	0.01071	0.01071	0.01428	0.00893	0.00803	0.01517	0.02410	0.02856	0.10711	0.10175	0.55817	0.02678	0.01250	0.00357	0.00536	0.02231	0.00982	0.00893
16	0.02121	0.05469	0.57364	0.03014	0.04576	0.02455	0.03906	0.03348	0.02232	0.03348	0.01897	0.02232	0.01339	0.01005	0.01005	0.00335	0.01563	0.00781	0.00446	0.01563
17	0.01724	0.00959	0.01293	0.01293	0.01293	0.00959	0.00814	0.01438	0.01438	0.01917	0.02400	0.04611	0.02593	0.25976	0.04603	0.43526	0.00959	0.01152	0.00528	0.00528
18	0.01288	0.00920	0.01227	0.01472	0.01534	0.00859	0.00981	0.01472	0.02024	0.02699	0.05828	0.62152	0.06993	0.03312	0.01350	0.00429	0.00613	0.03006	0.00981	0.00859
19	0.02496	0.02852	0.06239	0.04456	0.05526	0.02674	0.52406	0.03387	0.02496	0.03387	0.02139	0.02852	0.01604	0.00891	0.01248	0.00357	0.01783	0.01248	0.00535	0.01426
20	0.04744	0.01799	0.02454	0.01881	0.02699	0.01554	0.01554	0.05153	0.03026	0.56979	0.04171	0.03599	0.02617	0.01309	0.01063	0.00327	0.00900	0.01063	0.01309	0.01799
21	0.02124	0.01218	0.01643	0.01536	0.01775	0.01258	0.01120	0.02371	0.01889	0.12485	0.03262	0.05047	0.03071	0.26487	0.28702	0.01200	0.01820	0.01266	0.00732	0.00994
22	0.01538	0.01025	0.01153	0.01153	0.01153	0.01025	0.00641	0.01538	0.01538	0.02050	0.03331	0.06919	0.03844	0.62842	0.05382	0.01025	0.01025	0.01538	0.00641	0.00641
23	0.01288	0.00920	0.01227	0.01472	0.01534	0.00859	0.00981	0.01472	0.02024	0.02699	0.05828	0.62152	0.06993	0.03312	0.01350	0.00429	0.00613	0.03006	0.00981	0.00859
24	0.01496	0.01081	0.01413	0.01330	0.01580	0.00998	0.00998	0.01995	0.02993	0.04240	0.55689	0.07898	0.09976	0.02162	0.01247	0.00333	0.00499	0.01912	0.01164	0.00998
25	0.04201	0.01635	0.02253	0.01787	0.02452	0.01435	0.01435	0.04448	0.02718	0.46687	0.03736	0.03527	0.02472	0.01750	0.01636	0.13189	0.00903	0.01036	0.01150	0.01549
26	0.02827	0.63478	0.05540	0.01809	0.02714	0.04184	0.01809	0.03166	0.02148	0.02488	0.01470	0.01696	0.01357	0.00905	0.00678	0.00226	0.01131	0.00565	0.00452	0.01357
27	0.02827	0.63478	0.05540	0.01809	0.02714	0.04184	0.01809	0.03166	0.02148	0.02488	0.01470	0.01696	0.01357	0.00905	0.00678	0.00226	0.01131	0.00565	0.00452	0.01357
28	0.01250	0.01071	0.01071	0.01071	0.01428	0.00893	0.00803	0.01517	0.02410	0.02856	0.10711	0.10175	0.55817	0.02678	0.01250	0.00357	0.00536	0.02231	0.00982	0.00893
29	0.01704	0.01217	0.01704	0.01947	0.02191	0.01217	0.01704	0.02191	0.02434	0.03164	0.05598	0.11926	0.06085	0.02921	0.01460	0.00487	0.00974	0.49130	0.00974	0.00974
30	0.02827	0.63478	0.05540	0.01809	0.02714	0.04184	0.01809	0.03166	0.02148	0.02488	0.01470	0.01696	0.01357	0.00905	0.00678	0.00226	0.01131	0.00565	0.00452	0.01357
31	0.21701	0.03794	0.24879	0.07739	0.03831	0.06978	0.02631	0.10107	0.02538	0.04079	0.01844	0.02158	0.01356	0.01046	0.00914	0.00327	0.01311	0.00753	0.00599	0.01415
32	0.04019	0.02962	0.03173	0.02433	0.03279	0.03279	0.02010	0.52721	0.04971	0.06663	0.02538	0.02538	0.01798	0.01269	0.01058	0.00317	0.01163	0.00952	0.01058	0.01798
33	0.01355	0.01075	0.01217	0.01181	0.01493	0.00937	0.00886	0.01721	0.02658	0.03445	0.29849	0.09206	0.36312	0.02458	0.01249	0.00347	0.00520	0.02096	0.01059	0.00937
34	0.02630	0.02271	0.02391	0.02152	0.02749	0.02630	0.01674	0.05618	0.54336	0.04423	0.04303	0.03945	0.03228	0.01434	0.01076	0.00359	0.00837	0.01195	0.01076	0.01674
35	0.01997	0.01879	0.03171	0.60301	0.07282	0.02349	0.02936	0.02701	0.02114	0.02701	0.01879	0.02819	0.01409	0.01057	0.01057	0.00352	0.01409	0.00940	0.00470	0.01175
36	0.01997	0.01879	0.03171	0.60301	0.07282	0.02349	0.02936	0.02701	0.02114	0.02701	0.01879	0.02819	0.01409	0.01057	0.01057	0.00352	0.01409	0.00940	0.00470	0.01175
37	0.70310	0.02045	0.01554	0.01390	0.02045	0.02372	0.01145	0.03108	0.01799	0.04744	0.01472	0.01718	0.01145	0.00981	0.00654	0.00327	0.00818	0.00573	0.00654	0.01145
38	0.02496	0.02852	0.06239	0.04456	0.05526	0.02674	0.52406	0.03387	0.02496	0.03387	0.02139	0.02852	0.01604	0.00891	0.01248	0.00357	0.01783	0.01248	0.00535	0.01426
39	0.02192	0.01879	0.02192	0.01566	0.02506	0.01409	0.01253	0.02662	0.02192	0.03445	0.01879	0.02192	0.01566	0.00783	0.00783	0.00157	0.00783	0.00626	0.00626	0.69305
40	0.01971	0.00985	0.00985	0.00985	0.01232	0.00985	0.00739	0.02464	0.02217	0.03942	0.03449	0.03942	0.02710	0.01232	0.00739	0.00246	0.00493	0.00985	0.68712	0.00985
41	0.01837	0.00918	0.01377	0.01377	0.01377	0.00918	0.00918	0.01377	0.01377	0.01837	0.01837	0.03214	0.01837	0.03673	0.04132	0.69238	0.00918	0.00918	0.00459	0.00459
42	0.01513	0.01124	0.01653	0.01653	0.01825	0.01296	0.01264	0.01858	0.01685	0.02420	0.02875	0.04390	0.02746	0.12614	0.54108	0.01642	0.02678	0.01167	0.00573	0.00918
43	0.02234	0.02121	0.03600	0.39708	0.26020	0.02411	0.03054	0.02909	0.02226	0.02990	0.01921	0.02742	0.01511	0.01013	0.01053	0.00338	0.01351	0.00941	0.00490	0.01366
44	0.02813	0.02660	0.04364	0.13067	0.09066	0.07238	0.23352	0.08380	0.02794	0.07840	0.05824	0.03111	0.02217	0.01096	0.01141	0.00337	0.01470	0.01123	0.00680	0.01426
45	0.02244	0.08737	0.11986	0.01839	0.02882	0.01870	0.01764	0.02831	0.02195	0.03332	0.01841	0.02149	0.01506	0.00833	0.00810	0.00194	0.00952	0.00647	0.00578	0.50810
46	0.14867	0.12028	0.11920	0.03473	0.18179	0.08000	0.02515	0.03216	0.02176	0.03320	0.01688	0.02152	0.01411	0.01095	0.01249	0.00324	0.09699	0.00769	0.00518	0.01401
47	0.01496	0.01081	0.01413	0.01330	0.01580	0.00998	0.00998	0.01995	0.02993	0.04240	0.55689	0.07898	0.09976	0.02162	0.01247	0.00333	0.00499	0.01912	0.01164	0.00998
48	0.42588	0.08667	0.07328	0.02706	0.14392	0.02594	0.01915	0.03165	0.02007	0.04109	0.01623	0.01959	0.01301	0.00967	0.00774	0.00315	0.01011	0.00672	0.00587	0.01320
49	0.01637	0.01169	0.01627	0.01871	0.02085	0.01159	0.01587	0.02075	0.02368	0.03089	0.05635	0.20018	0.06231	0.02984	0.01443	0.00478	0.00916	0.41699	0.00975	0.00955
50	0.02028	0.01954	0.01741	0.01625	0.02008	0.11421	0.01227	0.02787	0.10357	0.03585	0.25916	0.06897	0.20356	0.02010	0.01171	0.00333	0.00808	0.01679	0.00990	0.01108
51	0.04744	0.01799	0.02454	0.01881	0.02699	0.01554	0.01554	0.05153	0.03026	0.56979	0.04171	0.03599	0.02617	0.01309	0.01063	0.00327	0.00900	0.01063	0.01309	0.01799
52	0.01510	0.01040	0.01040	0.01040	0.01357	0.00926	0.00780	0.01858	0.02341	0.03248	0.08093	0.07928	0.36674	0.02157	0.01066	0.00317	0.00520	0.01782	0.25396	0.00926
53	0.03950	0.05039	0.02996	0.02724	0.03269	0.58597	0.02043	0.04222	0.02996	0.02588	0.01634	0.01907	0.01362	0.01090	0.00953	0.00272	0.01907	0.00681	0.00545	0.01226
54	0.02827	0.63478	0.05540	0.01809	0.02714	0.04184	0.01809	0.03166	0.02148	0.02488	0.01470	0.01696	0.01357	0.00905	0.00678	0.00226	0.01131	0.00565	0.00452	0.01357
55	0.45511	0.01716	0.01606	0.01502	0.01988	0.01993	0.01209	0.02668	0.01763	0.03919	0.01962	0.02596	0.01685	0.03486	0.21560	0.00822	0.01544	0.00774	0.00623	0.01073
56	0.01257	0.01043	0.01100	0.01146	0.01448	0.00886	0.00837	0.01509	0.02338	0.02827	0.09799	0.19876	0.46705	0.02796	0.01268	0.00371	0.00550	0.02376	0.00982	0.00886
57	0.01319	0.00983	0.01228	0.01359	0.01519	0.00892	0.00946	0.01580	0.02289	0.03021	0.16194	0.40737	0.18154	0.02960	0.01309	0.00396	0.00575	0.02633	0.01016	0.00892
58	0.01288	0.00920	0.01227	0.01472	0.01534	0.00859	0.00981	0.01472	0.02024	0.02699	0.05828	0.62152	0.06993	0.03312	0.01350	0.00429	0.00613	0.03006	0.00981	0.00859
59	0.02216	0.13329	0.50342	0.02850	0.04324	0.02690	0.03622	0.03324	0.02221	0.03232	0.01840	0.02160	0.01342	0.00991	0.00960	0.00320	0.01504	0.00752	0.00447	0.01535
60	0.02645	0.01488	0.01723	0.01571	0.01999	0.01509	0.01284	0.11387	0.02849	0.11558	0.03871	0.05431	0.03292	0.01625	0.00999	0.00323	0.00771	0.11706	0.32735	0.01234
61	0.02027	0.01523	0.02536	0.02104	0.02561	0.01494	0.14503	0.02613	0.02274	0.03545	0.03363	0.04846	0.02908	0.02008	0.06321	0.00445	0.01118	0.08126	0.34590	0.01096
62	0.01255	0.01049	0.01094	0.01130	0.01444	0.00888	0.00829	0.01511	0.02353	0.02833	0.09995	0.17796	0.48659	0.02771	0.01264	0.00368	0.00547	0.02345	0.00982	0.00888
63	0.01512	0.01125	0.01660	0.01660	0.01835	0.01300	0.01272	0.01863	0.01687	0.02425	0.02868	0.04355	0.02731	0.11920	0.54781	0.01650	0.02701	0.01162	0.00572	0.00922
64	0.02641	0.02291	0.03421	0.33828	0.17178	0.02618	0.02773	0.15352	0.02895	0.03861	0.02069	0.02704	0.01566	0.01085	0.01055	0.00335	0.01314	0.00943	0.00629	0.01442
65	0.01464	0.01061	0.01226	0.01307	0.01570	0.00968	0.01005	0.01807	0.02361	0.03141	0.10957	0.18175	0.27391	0.02582	0.01231	0.00376	0.00622	0.10910	0.10922	0.00923
66	0.01285	0.00933	0.01214	0.01439	0.01525	0.00862	0.00967	0.01476	0.02056	0.02712	0.06228	0.57890	0.10996	0.03260	0.01341	0.00423	0.00607	0.02942	0.00982	0.00862
67	0.02517	0.02410	0.04111	0.15146	0.48370	0.02486	0.03195	0.03157	0.02360	0.03333	0.01971	0.02649	0.01632	0.00961	0.01048	0.00320	0.01281	0.00942	0.00515	0.01594
68	0.02802	0.02511	0.03918	0.13228	0.39146	0.02638	0.02963	0.12747	0.02863	0.03970	0.02080	0.02630	0.01662	0.01021	0.01050	0.00320	0.01260	0.00944	0.00619	0.01629
69	0.02228	0.02136	0.02927	0.02555	0.02643	0.02896	0.02103	0.02760	0.06974	0.02722	0.01895	0.02748	0.01758	0.02700	0.11317	0.00633	0.46305	0.00983	0.00540	0.01178

[dist]
# distance from previous block
# <min> <max>
0	8

[block]
# block no. 3 follows, 13 sequences, length 57
# corresponding to MSA columns:
# 174-230
name=unknown_D
#
# <colnr> <probs for GDERKNQSTAVLIFYWHMCP>
#	G	D	E	R	K	N	Q	S	T	A	V	L	I	F	Y	W	H	M	C	P
0	0.08575	0.01620	0.02113	0.01794	0.02349	0.01552	0.01453	0.03807	0.02683	0.32861	0.10369	0.10948	0.04082	0.01771	0.01269	0.00360	0.04602	0.05226	0.01125	0.01442
1	0.10077	0.15008	0.07684	0.02583	0.03299	0.03006	0.10977	0.12151	0.02597	0.03754	0.02135	0.06821	0.01894	0.01338	0.01420	0.00343	0.11877	0.01025	0.00643	0.01369
2	0.01285	0.00932	0.01214	0.01440	0.01525	0.00862	0.00967	0.01476	0.02056	0.02712	0.06223	0.57941	0.10948	0.03261	0.01341	0.00424	0.00607	0.02943	0.00982	0.00862
3	0.01972	0.01428	0.01779	0.01761	0.02069	0.01451	0.01397	0.11312	0.02931	0.03950	0.17270	0.22541	0.06478	0.02534	0.01305	0.00403	0.00798	0.16483	0.01038	0.01102
4	0.02469	0.27906	0.27416	0.02805	0.04016	0.03179	0.12062	0.03283	0.02248	0.03015	0.01773	0.02135	0.01395	0.00944	0.00921	0.00296	0.01433	0.00782	0.00465	0.01456
5	0.01413	0.01004	0.01343	0.01569	0.01672	0.00963	0.01140	0.01661	0.02092	0.02768	0.05578	0.45115	0.06521	0.07755	0.01685	0.00489	0.00737	0.14670	0.00953	0.00871
6	0.01538	0.01025	0.01153	0.01153	0.01153	0.01025	0.00641	0.01538	0.01538	0.02050	0.03331	0.06919	0.03844	0.62842	0.05382	0.01025	0.01025	0.01538	0.00641	0.00641
7	0.02255	0.02233	0.03226	0.13431	0.03611	0.03074	0.02429	0.02574	0.01711	0.02574	0.01479	0.02407	0.01392	0.01704	0.03023	0.00442	0.49886	0.00928	0.00464	0.01160
8	0.02414	0.29584	0.35820	0.02513	0.03802	0.03174	0.03035	0.03273	0.02197	0.02991	0.01720	0.02009	0.01347	0.00963	0.00869	0.00290	0.01383	0.00692	0.00449	0.01477
9	0.01630	0.01239	0.01520	0.01421	0.01725	0.01208	0.01074	0.02445	0.09794	0.04167	0.45690	0.07531	0.12289	0.02101	0.01224	0.00338	0.00546	0.01839	0.01139	0.01080
10	0.02630	0.02271	0.02391	0.02152	0.02749	0.02630	0.01674	0.05618	0.54336	0.04423	0.04303	0.03945	0.03228	0.01434	0.01076	0.00359	0.00837	0.01195	0.01076	0.01674
11	0.02095	0.12944	0.02557	0.01750	0.02083	0.02140	0.01398	0.07625	0.02094	0.02828	0.02558	0.04049	0.02507	0.18676	0.24592	0.01019	0.06331	0.01090	0.00609	0.01057
12	0.02512	0.02807	0.05981	0.04726	0.12255	0.02652	0.45884	0.03368	0.02484	0.03396	0.02119	0.02821	0.01614	0.00898	0.01221	0.00351	0.01713	0.01207	0.00533	0.01459
13	0.02630	0.02271	0.02391	0.02152	0.02749	0.02630	0.01674	0.05618	0.54336	0.04423	0.04303	0.03945	0.03228	0.01434	0.01076	0.00359	0.00837	0.01195	0.01076	0.01674
14	0.04513	0.02170	0.02683	0.02057	0.02884	0.02104	0.01699	0.20319	0.03646	0.40937	0.03651	0.03261	0.02356	0.01296	0.01061	0.00324	0.00984	0.01028	0.01229	0.01799
15	0.02650	0.02373	0.03047	0.02553	0.02792	0.03058	0.02116	0.14913	0.02515	0.03592	0.02429	0.03006	0.05899	0.01773	0.02691	0.00418	0.41190	0.01038	0.00652	0.01294
16	0.70310	0.02045	0.01554	0.01390	0.02045	0.02372	0.01145	0.03108	0.01799	0.04744	0.01472	0.01718	0.01145	0.00981	0.00654	0.00327	0.00818	0.00573	0.00654	0.01145
17	0.02496	0.02852	0.06239	0.04456	0.05526	0.02674	0.52406	0.03387	0.02496	0.03387	0.02139	0.02852	0.01604	0.00891	0.01248	0.00357	0.01783	0.01248	0.00535	0.01426
18	0.01288	0.00920	0.01227	0.01472	0.01534	0.00859	0.00981	0.01472	0.02024	0.02699	0.05828	0.62152	0.06993	0.03312	0.01350	0.00429	0.00613	0.03006	0.00981	0.00859
19	0.01274	0.00975	0.01170	0.01326	0.01495	0.00871	0.00917	0.01489	0.02164	0.02756	0.07602	0.43268	0.24732	0.03082	0.01313	0.00403	0.00585	0.02724	0.00982	0.00871
20	0.02827	0.63478	0.05540	0.01809	0.02714	0.04184	0.01809	0.03166	0.02148	0.02488	0.01470	0.01696	0.01357	0.00905	0.00678	0.00226	0.01131	0.00565	0.00452	0.01357
21	0.01595	0.01244	0.01484	0.01598	0.01806	0.01270	0.01128	0.02433	0.14130	0.03109	0.05848	0.44749	0.09849	0.02831	0.01279	0.00408	0.00659	0.02529	0.01003	0.01049
22	0.02032	0.01751	0.01819	0.01683	0.02177	0.01877	0.01296	0.03841	0.31832	0.03744	0.07080	0.06645	0.26020	0.01973	0.01151	0.00358	0.00706	0.01644	0.01035	0.01335
23	0.02774	0.02573	0.02457	0.02214	0.02806	0.08723	0.01714	0.05466	0.48747	0.04223	0.04013	0.03723	0.03024	0.01397	0.01063	0.00349	0.00953	0.01139	0.01018	0.01625
24	0.16659	0.01896	0.02280	0.01820	0.02583	0.01823	0.01491	0.04825	0.08385	0.41581	0.03686	0.03288	0.02411	0.01262	0.00989	0.00331	0.00878	0.00987	0.01162	0.01664
25	0.02192	0.01879	0.02192	0.01566	0.02506	0.01409	0.01253	0.02662	0.02192	0.03445	0.01879	0.02192	0.01566	0.00783	0.00783	0.00157	0.00783	0.00626	0.00626	0.69305
26	0.01276	0.01072	0.01108	0.01099	0.01445	0.00904	0.00824	0.01569	0.02473	0.03007	0.15608	0.09927	0.50827	0.02622	0.01249	0.00354	0.00532	0.02197	0.01002	0.00904
27	0.70310	0.02045	0.01554	0.01390	0.02045	0.02372	0.01145	0.03108	0.01799	0.04744	0.01472	0.01718	0.01145	0.00981	0.00654	0.00327	0.00818	0.00573	0.00654	0.01145
28	0.02458	0.02199	0.06154	0.08301	0.03074	0.02156	0.01797	0.16016	0.13501	0.04588	0.19247	0.04917	0.07868	0.01617	0.01126	0.00338	0.00914	0.01356	0.00982	0.01392
29	0.01496	0.01081	0.01413	0.01330	0.01580	0.00998	0.00998	0.01995	0.02993	0.04240	0.55689	0.07898	0.09976	0.02162	0.01247	0.00333	0.00499	0.01912	0.01164	0.00998
30	0.02827	0.63478	0.05540	0.01809	0.02714	0.04184	0.01809	0.03166	0.02148	0.02488	0.01470	0.01696	0.01357	0.00905	0.00678	0.00226	0.01131	0.00565	0.00452	0.01357
31	0.01288	0.00920	0.01227	0.01472	0.01534	0.00859	0.00981	0.01472	0.02024	0.02699	0.05828	0.62152	0.06993	0.03312	0.01350	0.00429	0.00613	0.03006	0.00981	0.00859
32	0.04055	0.02723	0.03003	0.02322	0.03148	0.02948	0.01912	0.41791	0.07715	0.14985	0.02923	0.02804	0.02025	0.01286	0.01060	0.00322	0.01099	0.00986	0.01101	0.01791
33	0.02474	0.02366	0.04033	0.18912	0.44943	0.02475	0.03174	0.03119	0.02340	0.03280	0.01964	0.02663	0.01614	0.00969	0.01049	0.00323	0.01291	0.00942	0.00511	0.01559
34	0.01510	0.01133	0.01699	0.01699	0.01888	0.01322	0.01322	0.01888	0.01699	0.02454	0.02832	0.04154	0.02643	0.07930	0.58652	0.01699	0.02832	0.01133	0.00566	0.00944
35	0.02630	0.02271	0.02391	0.02152	0.02749	0.02630	0.01674	0.05618	0.54336	0.04423	0.04303	0.03945	0.03228	0.01434	0.01076	0.00359	0.00837	0.01195	0.01076	0.01674
36	0.02049	0.03327	0.26791	0.02463	0.03419	0.01931	0.05514	0.05826	0.02396	0.03413	0.03197	0.15625	0.03133	0.01692	0.01124	0.00353	0.01202	0.07134	0.00682	0.08730
37	0.02390	0.27596	0.37597	0.02554	0.03866	0.03115	0.03106	0.03279	0.02200	0.03020	0.01734	0.02028	0.01346	0.00966	0.00880	0.00293	0.01398	0.00699	0.00449	0.01484
38	0.03738	0.02654	0.02431	0.02065	0.02718	0.16496	0.01623	0.04608	0.13125	0.26554	0.04251	0.03944	0.08205	0.01426	0.01058	0.00322	0.01109	0.01117	0.01029	0.01527
39	0.01510	0.01133	0.01699	0.01699	0.01888	0.01322	0.01322	0.01888	0.01699	0.02454	0.02832	0.04154	0.02643	0.07930	0.58652	0.01699	0.02832	0.01133	0.00566	0.00944
40	0.01593	0.01568	0.07584	0.01884	0.02203	0.01217	0.01671	0.02046	0.02258	0.03009	0.05282	0.29792	0.05910	0.02860	0.01369	0.00449	0.00902	0.26490	0.00919	0.00994
41	0.07567	0.01893	0.02859	0.44649	0.05973	0.02177	0.02479	0.02727	0.02103	0.03005	0.01846	0.02614	0.01417	0.01000	0.00974	0.00314	0.01245	0.00852	0.00514	0.13792
42	0.01447	0.01301	0.01473	0.01387	0.01678	0.01327	0.01083	0.01708	0.02263	0.02799	0.08984	0.08719	0.45735	0.02525	0.01661	0.00377	0.11718	0.01990	0.00886	0.00941
43	0.01589	0.01229	0.01739	0.12253	0.02636	0.01248	0.01357	0.02126	0.02830	0.03955	0.45721	0.06957	0.08389	0.01957	0.01212	0.00336	0.00667	0.01732	0.01035	0.01030
44	0.02666	0.13609	0.02974	0.02088	0.02743	0.02918	0.01699	0.05164	0.44669	0.04064	0.03779	0.03528	0.02881	0.01336	0.01002	0.00334	0.00891	0.01079	0.00960	0.01615
45	0.01513	0.01103	0.01545	0.01530	0.01695	0.01207	0.01136	0.01843	0.01909	0.02710	0.12715	0.05359	0.04224	0.17030	0.38154	0.01321	0.02065	0.01352	0.00691	0.00898
46	0.02594	0.02575	0.04652	0.06113	0.46851	0.02542	0.12351	0.03271	0.02424	0.03442	0.02017	0.02660	0.01662	0.00933	0.01084	0.00322	0.01354	0.00999	0.00525	0.01629
47	0.02666	0.13609	0.02974	0.02088	0.02743	0.02918	0.01699	0.05164	0.44669	0.04064	0.03779	0.03528	0.02881	0.01336	0.01002	0.00334	0.00891	0.01079	0.00960	0.01615
48	0.16810	0.01971	0.02365	0.01850	0.02641	0.01893	0.01528	0.09953	0.03011	0.41825	0.03494	0.03135	0.02255	0.01244	0.00987	0.00326	0.00913	0.00960	0.01160	0.01678
49	0.01519	0.01077	0.01414	0.01398	0.01518	0.01135	0.00972	0.01759	0.01870	0.02613	0.12836	0.06025	0.04513	0.30246	0.25333	0.01159	0.01630	0.01450	0.00709	0.00825
50	0.01469	0.01093	0.01612	0.01657	0.01822	0.01236	0.01259	0.01811	0.01759	0.02500	0.03387	0.14897	0.03449	0.07074	0.48038	0.01464	0.02421	0.01480	0.00643	0.00928
51	0.03038	0.02511	0.02810	0.02362	0.02932	0.02961	0.01905	0.20864	0.27996	0.04827	0.03171	0.03170	0.02407	0.01456	0.01513	0.00364	0.12073	0.01064	0.00956	0.01620
52	0.01530	0.01035	0.01201	0.01186	0.01232	0.01020	0.00707	0.01622	0.01807	0.02456	0.13030	0.07100	0.04980	0.51602	0.04616	0.00897	0.00928	0.01607	0.00738	0.00707
53	0.01469	0.01093	0.01612	0.01657	0.01822	0.01236	0.01259	0.01811	0.01759	0.02500	0.03387	0.14897	0.03449	0.07074	0.48038	0.01464	0.02421	0.01480	0.00643	0.00928
54	0.01489	0.01122	0.01444	0.01528	0.01767	0.00990	0.01090	0.01751	0.02089	0.02875	0.05078	0.46977	0.05914	0.02812	0.01254	0.00384	0.00674	0.06301	0.00915	0.13547
55	0.02192	0.01879	0.02192	0.01566	0.02506	0.01409	0.01253	0.02662	0.02192	0.03445	0.01879	0.02192	0.01566	0.00783	0.00783	0.00157	0.00783	0.00626	0.00626	0.69305
56	0.15049	0.01438	0.01698	0.01478	0.01944	0.01390	0.01163	0.02985	0.02780	0.17421	0.32861	0.05686	0.06514	0.01731	0.01092	0.00330	0.00657	0.01453	0.01105	0.01224

[dist]
# distance from previous block
# <min> <max>
9	29

[block]
# block no. 4 follows, 13 sequences, length 113
# corresponding to MSA columns:
# 260-372
name=unknown_E
#
# <colnr> <probs for GDERKNQSTAVLIFYWHMCP>
#	G	D	E	R	K	N	Q	S	T	A	V	L	I	F	Y	W	H	M	C	P
0	0.02496	0.02852	0.06239	0.04456	0.05526	0.02674	0.52406	0.03387	0.02496	0.03387	0.02139	0.02852	0.01604	0.00891	0.01248	0.00357	0.01783	0.01248	0.00535	0.01426
1	0.01651	0.01155	0.01230	0.01164	0.01574	0.00969	0.00890	0.01935	0.02481	0.09072	0.09960	0.09420	0.49708	0.02521	0.01228	0.00354	0.00577	0.02097	0.01019	0.00997
2	0.02496	0.02852	0.06239	0.04456	0.05526	0.02674	0.52406	0.03387	0.02496	0.03387	0.02139	0.02852	0.01604	0.00891	0.01248	0.00357	0.01783	0.01248	0.00535	0.01426
3	0.02827	0.63478	0.05540	0.01809	0.02714	0.04184	0.01809	0.03166	0.02148	0.02488	0.01470	0.01696	0.01357	0.00905	0.00678	0.00226	0.01131	0.00565	0.00452	0.01357
4	0.02827	0.63478	0.05540	0.01809	0.02714	0.04184	0.01809	0.03166	0.02148	0.02488	0.01470	0.01696	0.01357	0.00905	0.00678	0.00226	0.01131	0.00565	0.00452	0.01357
5	0.01509	0.01127	0.01666	0.01657	0.01853	0.01284	0.01284	0.01900	0.01848	0.02659	0.08902	0.04584	0.03485	0.07267	0.52060	0.01542	0.02564	0.01222	0.00635	0.00950
6	0.01288	0.00920	0.01227	0.01472	0.01534	0.00859	0.00981	0.01472	0.02024	0.02699	0.05828	0.62152	0.06993	0.03312	0.01350	0.00429	0.00613	0.03006	0.00981	0.00859
7	0.02827	0.63478	0.05540	0.01809	0.02714	0.04184	0.01809	0.03166	0.02148	0.02488	0.01470	0.01696	0.01357	0.00905	0.00678	0.00226	0.01131	0.00565	0.00452	0.01357
8	0.02289	0.01079	0.01154	0.01088	0.01400	0.01051	0.00833	0.02772	0.02310	0.10032	0.03532	0.03902	0.02699	0.01241	0.00776	0.00256	0.00539	0.00994	0.60971	0.01079
9	0.01545	0.01114	0.01605	0.01605	0.01783	0.01274	0.01227	0.01901	0.01723	0.02528	0.02915	0.04357	0.02743	0.11788	0.50338	0.01543	0.02523	0.01154	0.05408	0.00923
10	0.70310	0.02045	0.01554	0.01390	0.02045	0.02372	0.01145	0.03108	0.01799	0.04744	0.01472	0.01718	0.01145	0.00981	0.00654	0.00327	0.00818	0.00573	0.00654	0.01145
11	0.02827	0.63478	0.05540	0.01809	0.02714	0.04184	0.01809	0.03166	0.02148	0.02488	0.01470	0.01696	0.01357	0.00905	0.00678	0.00226	0.01131	0.00565	0.00452	0.01357
12	0.02192	0.01879	0.02192	0.01566	0.02506	0.01409	0.01253	0.02662	0.02192	0.03445	0.01879	0.02192	0.01566	0.00783	0.00783	0.00157	0.00783	0.00626	0.00626	0.69305
13	0.02705	0.04490	0.42074	0.03026	0.07893	0.02271	0.03367	0.03718	0.02411	0.14569	0.02379	0.02546	0.01631	0.01064	0.01020	0.00332	0.01402	0.00852	0.00632	0.01620
14	0.01627	0.01217	0.01526	0.01425	0.01714	0.01185	0.01075	0.02411	0.08889	0.04261	0.49788	0.07444	0.09201	0.02078	0.01227	0.00336	0.00538	0.01830	0.01154	0.01075
15	0.01250	0.01071	0.01071	0.01071	0.01428	0.00893	0.00803	0.01517	0.02410	0.02856	0.10711	0.10175	0.55817	0.02678	0.01250	0.00357	0.00536	0.02231	0.00982	0.00893
16	0.70310	0.02045	0.01554	0.01390	0.02045	0.02372	0.01145	0.03108	0.01799	0.04744	0.01472	0.01718	0.01145	0.00981	0.00654	0.00327	0.00818	0.00573	0.00654	0.01145
17	0.02617	0.02512	0.04292	0.06490	0.56246	0.02512	0.03245	0.03245	0.02407	0.03454	0.01989	0.02617	0.01675	0.00942	0.01047	0.00314	0.01256	0.00942	0.00523	0.01675
18	0.01271	0.01072	0.01101	0.01094	0.01441	0.00902	0.00820	0.01559	0.02461	0.02977	0.14639	0.09977	0.51814	0.02633	0.01249	0.00355	0.00532	0.02204	0.00998	0.00902
19	0.70310	0.02045	0.01554	0.01390	0.02045	0.02372	0.01145	0.03108	0.01799	0.04744	0.01472	0.01718	0.01145	0.00981	0.00654	0.00327	0.00818	0.00573	0.00654	0.01145
20	0.02630	0.02271	0.02391	0.02152	0.02749	0.02630	0.01674	0.05618	0.54336	0.04423	0.04303	0.03945	0.03228	0.01434	0.01076	0.00359	0.00837	0.01195	0.01076	0.01674
21	0.02827	0.63478	0.05540	0.01809	0.02714	0.04184	0.01809	0.03166	0.02148	0.02488	0.01470	0.01696	0.01357	0.00905	0.00678	0.00226	0.01131	0.00565	0.00452	0.01357
22	0.01250	0.01071	0.01071	0.01071	0.01428	0.00893	0.00803	0.01517	0.02410	0.02856	0.10711	0.10175	0.55817	0.02678	0.01250	0.00357	0.00536	0.02231	0.00982	0.00893
23	0.02332	0.03488	0.21083	0.03980	0.08629	0.02486	0.30498	0.03275	0.02406	0.03363	0.02318	0.03337	0.01869	0.01083	0.01177	0.00357	0.01618	0.04712	0.00541	0.01451
24	0.02827	0.63478	0.05540	0.01809	0.02714	0.04184	0.01809	0.03166	0.02148	0.02488	0.01470	0.01696	0.01357	0.00905	0.00678	0.00226	0.01131	0.00565	0.00452	0.01357
25	0.03950	0.05039	0.02996	0.02724	0.03269	0.58597	0.02043	0.04222	0.02996	0.02588	0.01634	0.01907	0.01362	0.01090	0.00953	0.00272	0.01907	0.00681	0.00545	0.01226
26	0.02617	0.02512	0.04292	0.06490	0.56246	0.02512	0.03245	0.03245	0.02407	0.03454	0.01989	0.02617	0.01675	0.00942	0.01047	0.00314	0.01256	0.00942	0.00523	0.01675
27	0.01971	0.00985	0.00985	0.00985	0.01232	0.00985	0.00739	0.02464	0.02217	0.03942	0.03449	0.03942	0.02710	0.01232	0.00739	0.00246	0.00493	0.00985	0.68712	0.00985
28	0.27056	0.02643	0.02610	0.02070	0.02850	0.02964	0.01709	0.35480	0.03869	0.05996	0.02168	0.02253	0.01571	0.01169	0.00918	0.00321	0.01043	0.00820	0.00918	0.01571
29	0.01837	0.00918	0.01377	0.01377	0.01377	0.00918	0.00918	0.01377	0.01377	0.01837	0.01837	0.03214	0.01837	0.03673	0.04132	0.69238	0.00918	0.00918	0.00459	0.00459
30	0.01288	0.00920	0.01227	0.01472	0.01534	0.00859	0.00981	0.01472	0.02024	0.02699	0.05828	0.62152	0.06993	0.03312	0.01350	0.00429	0.00613	0.03006	0.00981	0.00859
31	0.01473	0.01080	0.01381	0.01306	0.01565	0.00988	0.00979	0.01950	0.02938	0.04109	0.51429	0.08114	0.14318	0.02210	0.01247	0.00335	0.00502	0.01942	0.01147	0.00988
32	0.01639	0.01052	0.01285	0.01227	0.01475	0.00994	0.00920	0.02136	0.02760	0.04151	0.40028	0.06712	0.07798	0.01883	0.01095	0.00307	0.00497	0.01634	0.21414	0.00994
33	0.02536	0.02678	0.05085	0.03765	0.04693	0.02661	0.37197	0.04056	0.18037	0.03697	0.02788	0.03180	0.02091	0.01054	0.01196	0.00357	0.01499	0.01232	0.00697	0.01500
34	0.04744	0.01799	0.02454	0.01881	0.02699	0.01554	0.01554	0.05153	0.03026	0.56979	0.04171	0.03599	0.02617	0.01309	0.01063	0.00327	0.00900	0.01063	0.01309	0.01799
35	0.01288	0.00920	0.01227	0.01472	0.01534	0.00859	0.00981	0.01472	0.02024	0.02699	0.05828	0.62152	0.06993	0.03312	0.01350	0.00429	0.00613	0.03006	0.00981	0.00859
36	0.02400	0.02389	0.04358	0.04818	0.28331	0.02352	0.18665	0.03240	0.06483	0.03408	0.02735	0.10788	0.02488	0.01283	0.01154	0.00347	0.01306	0.01338	0.00632	0.01485
37	0.02153	0.02007	0.03238	0.21402	0.25093	0.02214	0.02589	0.02724	0.02324	0.03205	0.09801	0.03890	0.06440	0.01349	0.01321	0.00345	0.06799	0.01161	0.00620	0.01328
38	0.03780	0.01517	0.01943	0.01570	0.02189	0.01356	0.01271	0.04218	0.02745	0.38548	0.03920	0.03718	0.02650	0.01282	0.00951	0.00299	0.00758	0.01036	0.24732	0.01517
39	0.03363	0.08560	0.03164	0.06457	0.03361	0.06851	0.01964	0.27824	0.18353	0.05074	0.02829	0.02835	0.02104	0.01254	0.01020	0.00320	0.01136	0.00965	0.00929	0.01638
40	0.03101	0.15988	0.25197	0.02755	0.08523	0.02544	0.02706	0.03844	0.02470	0.19304	0.02502	0.02569	0.01759	0.01070	0.00959	0.00308	0.01246	0.00837	0.00714	0.01602
41	0.02350	0.05149	0.52569	0.02915	0.04412	0.02377	0.03701	0.03506	0.02302	0.08032	0.02096	0.02352	0.01451	0.01031	0.01010	0.00334	0.01505	0.00806	0.00522	0.01583
42	0.02496	0.02852	0.06239	0.04456	0.05526	0.02674	0.52406	0.03387	0.02496	0.03387	0.02139	0.02852	0.01604	0.00891	0.01248	0.00357	0.01783	0.01248	0.00535	0.01426
43	0.02215	0.02058	0.03326	0.30520	0.23763	0.02304	0.02756	0.03064	0.07157	0.03132	0.02493	0.08035	0.02164	0.01249	0.01081	0.00346	0.01231	0.01145	0.00591	0.01372
44	0.02884	0.03239	0.19454	0.04580	0.30762	0.02310	0.03111	0.03645	0.02476	0.13794	0.02385	0.02695	0.01759	0.01031	0.01038	0.00323	0.01277	0.00919	0.00653	0.01666
45	0.01667	0.01134	0.01376	0.01284	0.01615	0.01005	0.00974	0.02078	0.02793	0.07921	0.35992	0.08350	0.25326	0.02274	0.01233	0.00341	0.00543	0.01956	0.01112	0.01024
46	0.01254	0.01054	0.01089	0.01117	0.01440	0.00889	0.00824	0.01512	0.02366	0.02838	0.10150	0.16144	0.50211	0.02751	0.01261	0.00365	0.00544	0.02320	0.00982	0.00889
47	0.02266	0.04604	0.41845	0.04030	0.19685	0.02472	0.03713	0.03318	0.02284	0.03379	0.01924	0.02345	0.01437	0.00986	0.01017	0.00329	0.01473	0.00828	0.00469	0.01595
48	0.03018	0.08422	0.30883	0.02982	0.09806	0.02323	0.02966	0.03864	0.02484	0.19373	0.02557	0.02645	0.01762	0.01081	0.01002	0.00322	0.01296	0.00868	0.00714	0.01631
49	0.03595	0.04118	0.03077	0.02692	0.03160	0.37912	0.02098	0.11148	0.02986	0.03192	0.01715	0.02093	0.01433	0.01286	0.01531	0.00322	0.14966	0.00776	0.00604	0.01296
50	0.01510	0.01133	0.01699	0.01699	0.01888	0.01322	0.01322	0.01888	0.01699	0.02454	0.02832	0.04154	0.02643	0.07930	0.58652	0.01699	0.02832	0.01133	0.00566	0.00944
51	0.70310	0.02045	0.01554	0.01390	0.02045	0.02372	0.01145	0.03108	0.01799	0.04744	0.01472	0.01718	0.01145	0.00981	0.00654	0.00327	0.00818	0.00573	0.00654	0.01145
52	0.02303	0.02199	0.03690	0.31648	0.29423	0.02485	0.03035	0.02940	0.02214	0.03036	0.01896	0.02691	0.01530	0.01059	0.01219	0.00342	0.05454	0.00940	0.00494	0.01403
53	0.02991	0.28295	0.04575	0.03884	0.26337	0.03093	0.02409	0.03467	0.02381	0.10228	0.02061	0.02358	0.01666	0.00975	0.00893	0.00278	0.01155	0.00798	0.00599	0.01557
