[name]
unknown

[dist]
# distance from previous block
# <min> <max>
0	70

[block]
# block no. 0 follows, 13 sequences, length 9
# corresponding to MSA columns:
# 74-82
name=unknown_A
#
# <colnr> <probs for GDERKNQSTAVLIFYWHMCP>
#	G	D	E	R	K	N	Q	S	T	A	V	L	I	F	Y	W	H	M	C	P
0	0.03685	0.15587	0.03221	0.02023	0.02792	0.02589	0.01741	0.15620	0.07363	0.23709	0.03346	0.03778	0.02538	0.01379	0.01017	0.00321	0.01014	0.05655	0.01010	0.01611
1	0.17315	0.06139	0.02227	0.01735	0.02304	0.02041	0.01389	0.10005	0.06889	0.15143	0.08134	0.15344	0.03708	0.01703	0.01024	0.00343	0.00835	0.01394	0.00976	0.01354
2	0.01860	0.01147	0.01483	0.01399	0.01702	0.01036	0.01047	0.02271	0.02778	0.10710	0.36159	0.16482	0.13252	0.02293	0.01240	0.00350	0.00574	0.02014	0.01134	0.01068
3	0.02456	0.15485	0.06458	0.02173	0.03011	0.02438	0.07940	0.07851	0.05282	0.03537	0.05158	0.02822	0.02211	0.01732	0.06862	0.00402	0.01260	0.00886	0.00658	0.21378
4	0.18400	0.03352	0.02681	0.02268	0.02950	0.20662	0.01796	0.21507	0.08732	0.04711	0.02198	0.02302	0.01663	0.01166	0.00938	0.00309	0.01291	0.00807	0.00807	0.01459
5	0.02188	0.05070	0.50193	0.03483	0.11558	0.02463	0.03817	0.03334	0.02256	0.03363	0.01910	0.02284	0.01385	0.00996	0.01010	0.00332	0.01521	0.00803	0.00457	0.01578
6	0.08063	0.02665	0.11088	0.03254	0.08994	0.02152	0.18833	0.03703	0.02588	0.18130	0.07374	0.03314	0.02564	0.01145	0.01101	0.00337	0.01275	0.01114	0.00797	0.01511
7	0.22414	0.03009	0.13207	0.03585	0.11194	0.02526	0.22504	0.03279	0.02234	0.03789	0.01882	0.02382	0.01434	0.00944	0.01005	0.00338	0.01390	0.00929	0.00554	0.01400
8	0.01426	0.00978	0.01186	0.01295	0.01323	0.00951	0.00793	0.01508	0.01755	0.02340	0.04445	0.31553	0.05248	0.36292	0.03583	0.00759	0.00841	0.02192	0.00793	0.00738

[dist]
# distance from previous block
# <min> <max>
0	6

[block]
# block no. 1 follows, 13 sequences, length 29
# corresponding to MSA columns:
# 89-117
name=unknown_B
#
# <colnr> <probs for GDERKNQSTAVLIFYWHMCP>
#	G	D	E	R	K	N	Q	S	T	A	V	L	I	F	Y	W	H	M	C	P
0	0.13308	0.01703	0.02529	0.21594	0.04048	0.01852	0.06354	0.02754	0.02177	0.09419	0.03262	0.20145	0.03163	0.01721	0.01095	0.00368	0.01053	0.01528	0.00754	0.01172
1	0.01926	0.01272	0.01811	0.02010	0.08025	0.01195	0.01301	0.02289	0.02615	0.08561	0.31334	0.15379	0.07063	0.02273	0.01497	0.06875	0.00683	0.01806	0.01006	0.01077
2	0.02975	0.01786	0.02583	0.08845	0.03180	0.01770	0.06157	0.10230	0.02901	0.20600	0.08774	0.17877	0.04027	0.01802	0.01165	0.00357	0.00968	0.01601	0.01013	0.01389
3	0.10013	0.02330	0.02763	0.02178	0.02930	0.02449	0.04494	0.23348	0.09620	0.18467	0.07727	0.03382	0.02820	0.01329	0.01050	0.00329	0.01002	0.01074	0.01065	0.01631
4	0.49326	0.02401	0.02123	0.06450	0.06469	0.07418	0.01576	0.07024	0.02217	0.04455	0.01637	0.01945	0.01272	0.01016	0.00770	0.00323	0.01017	0.00666	0.00653	0.01242
5	0.02629	0.02085	0.03384	0.09022	0.22711	0.02080	0.08108	0.03406	0.07269	0.11576	0.03681	0.09246	0.07219	0.01427	0.01123	0.00343	0.01113	0.01329	0.00776	0.01473
6	0.01816	0.01106	0.01371	0.01399	0.01592	0.01051	0.01005	0.02073	0.02165	0.07777	0.09657	0.19073	0.08857	0.20467	0.02469	0.00575	0.00788	0.08824	0.07010	0.00923
7	0.02087	0.01768	0.02080	0.01555	0.02392	0.01345	0.01221	0.02524	0.02173	0.03358	0.02339	0.09177	0.02198	0.01078	0.00849	0.00188	0.00763	0.00904	0.00668	0.61332
8	0.02984	0.07887	0.17099	0.02920	0.08380	0.02473	0.08271	0.11943	0.02852	0.11749	0.02341	0.02545	0.01701	0.01035	0.00996	0.00296	0.01246	0.00881	0.00722	0.11678
9	0.02517	0.02551	0.06550	0.16100	0.22240	0.02564	0.10023	0.07639	0.02496	0.03491	0.01968	0.02607	0.01569	0.01070	0.01297	0.00333	0.07213	0.00955	0.00561	0.06257
10	0.01474	0.01153	0.01320	0.01374	0.01608	0.01105	0.00972	0.02024	0.08289	0.03031	0.11584	0.27793	0.22881	0.08417	0.01657	0.00445	0.00642	0.02297	0.00977	0.00957
11	0.02264	0.02490	0.13860	0.07405	0.12490	0.01838	0.06708	0.02901	0.02421	0.09499	0.08539	0.13416	0.08322	0.01654	0.01144	0.00351	0.01096	0.01489	0.00770	0.01341
12	0.13300	0.01968	0.02189	0.01726	0.02490	0.01867	0.01390	0.08217	0.08694	0.13971	0.07337	0.03119	0.02653	0.01154	0.00916	0.00268	0.00827	0.00909	0.00897	0.26107
13	0.07770	0.01812	0.02077	0.01784	0.02367	0.01847	0.01408	0.08418	0.15705	0.19816	0.09328	0.09862	0.09831	0.01728	0.01101	0.00347	0.00799	0.01437	0.01102	0.01461
14	0.01625	0.00994	0.01219	0.01219	0.01219	0.00994	0.00722	0.01491	0.01491	0.01988	0.02894	0.05836	0.03257	0.45544	0.05016	0.20967	0.00994	0.01357	0.00588	0.00588
15	0.02680	0.22698	0.18410	0.02899	0.08338	0.08186	0.07017	0.07054	0.02514	0.03230	0.02095	0.06371	0.01835	0.01148	0.00951	0.00300	0.01352	0.00930	0.00557	0.01433
16	0.25151	0.18003	0.14212	0.01844	0.02639	0.02603	0.01859	0.02891	0.01941	0.03381	0.01885	0.02586	0.01661	0.07781	0.07234	0.00515	0.01282	0.00768	0.00550	0.01215
17	0.01401	0.00968	0.01193	0.01327	0.01361	0.00934	0.00827	0.01502	0.01803	0.02405	0.04695	0.37087	0.05564	0.30327	0.03179	0.00700	0.00800	0.02340	0.00827	0.00760
18	0.01455	0.01078	0.01497	0.01529	0.01699	0.01155	0.01134	0.01770	0.01916	0.02659	0.08989	0.14779	0.08278	0.11149	0.34543	0.01196	0.01905	0.01637	0.00730	0.00904
19	0.09227	0.20269	0.08261	0.02111	0.02824	0.16806	0.01863	0.07269	0.07424	0.03252	0.02117	0.02685	0.01838	0.08260	0.01389	0.00369	0.01296	0.00817	0.00621	0.01304
20	0.03981	0.04097	0.03076	0.02592	0.03273	0.33516	0.02028	0.26211	0.03892	0.04436	0.02044	0.02193	0.01560	0.01171	0.01001	0.00293	0.01570	0.00804	0.00777	0.01485
21	0.01510	0.01133	0.01699	0.01699	0.01888	0.01322	0.01322	0.01888	0.01699	0.02454	0.02832	0.04154	0.02643	0.07930	0.58652	0.01699	0.02832	0.01133	0.00566	0.00944
22	0.02744	0.02553	0.04190	0.06121	0.51429	0.02582	0.03133	0.07745	0.02641	0.03746	0.02039	0.02610	0.01686	0.00972	0.01048	0.00314	0.01248	0.00943	0.00572	0.01686
23	0.03393	0.02263	0.03120	0.03548	0.20786	0.02300	0.02189	0.12238	0.11372	0.19446	0.03271	0.06088	0.02483	0.01300	0.01073	0.00331	0.01039	0.01123	0.00949	0.01690
24	0.03986	0.02154	0.03729	0.02749	0.03651	0.01931	0.18687	0.04558	0.02847	0.38923	0.03487	0.03347	0.02276	0.01168	0.01125	0.00337	0.01197	0.01125	0.01048	0.01674
25	0.01420	0.01067	0.01330	0.01396	0.01634	0.00977	0.01063	0.01787	0.02531	0.03348	0.24137	0.20773	0.21213	0.02679	0.01306	0.00386	0.00615	0.10361	0.01042	0.00935
26	0.02026	0.01182	0.01485	0.01483	0.01767	0.01105	0.01081	0.02477	0.05275	0.12240	0.11616	0.32793	0.10409	0.02493	0.01211	0.00374	0.00643	0.02200	0.07048	0.01093
27	0.08957	0.02777	0.07267	0.01991	0.02617	0.14140	0.01687	0.10385	0.02921	0.09967	0.08105	0.09746	0.11768	0.01680	0.01068	0.00330	0.01093	0.01336	0.00871	0.01293
28	0.10500	0.02350	0.02697	0.02086	0.02901	0.02413	0.01723	0.26549	0.03795	0.29298	0.03180	0.02943	0.02109	0.01260	0.01023	0.00323	0.01012	0.00967	0.01134	0.01738

[dist]
# distance from previous block
# <min> <max>
2	5

[block]
# block no. 2 follows, 13 sequences, length 18
# corresponding to MSA columns:
# 123-140
name=unknown_C
#
# <colnr> <probs for GDERKNQSTAVLIFYWHMCP>
#	G	D	E	R	K	N	Q	S	T	A	V	L	I	F	Y	W	H	M	C	P
0	0.03055	0.51778	0.05062	0.01954	0.02824	0.08385	0.01851	0.09043	0.02545	0.02984	0.01608	0.01811	0.01409	0.00962	0.00745	0.00240	0.01196	0.00620	0.00530	0.01398
1	0.02191	0.10124	0.46381	0.02739	0.04171	0.02484	0.03413	0.03252	0.02220	0.03284	0.01858	0.02181	0.01367	0.00970	0.00950	0.00304	0.01434	0.00744	0.00468	0.09464
2	0.02695	0.14840	0.08305	0.08588	0.20803	0.02458	0.02409	0.03227	0.02353	0.11113	0.02733	0.10932	0.02447	0.01338	0.01014	0.00319	0.01126	0.01159	0.00680	0.01460
3	0.02432	0.01516	0.02252	0.17304	0.07615	0.01572	0.01738	0.02771	0.02181	0.14805	0.03448	0.15494	0.03275	0.12982	0.02067	0.04082	0.01029	0.01485	0.00795	0.01158
4	0.02773	0.01370	0.01785	0.01516	0.02010	0.01208	0.01195	0.03203	0.02924	0.25349	0.28554	0.06482	0.13450	0.01890	0.01173	0.00334	0.00666	0.01614	0.01197	0.01307
5	0.09465	0.02190	0.02471	0.02032	0.02757	0.02314	0.01639	0.12981	0.22615	0.24361	0.03720	0.03393	0.02586	0.01322	0.01032	0.00337	0.00912	0.01053	0.01123	0.01695
6	0.02330	0.02317	0.04125	0.27332	0.14204	0.02508	0.16973	0.03395	0.09569	0.03262	0.02310	0.02952	0.01763	0.01043	0.01113	0.00348	0.01411	0.01064	0.00582	0.01399
7	0.02565	0.01301	0.01739	0.01536	0.01952	0.01166	0.01183	0.02989	0.02868	0.21852	0.31262	0.14073	0.07069	0.02035	0.01199	0.00344	0.00650	0.01779	0.01187	0.01249
8	0.01962	0.01774	0.03106	0.02613	0.03133	0.01729	0.17549	0.02763	0.06887	0.03481	0.12818	0.12029	0.05159	0.02060	0.01315	0.00404	0.01107	0.18065	0.00876	0.01170
9	0.09762	0.02073	0.02410	0.01973	0.02704	0.02126	0.01594	0.08895	0.20417	0.30617	0.03848	0.03466	0.02629	0.01319	0.01031	0.00337	0.00892	0.01056	0.01152	0.01699
10	0.03184	0.02398	0.03100	0.02449	0.03151	0.02567	0.08822	0.23896	0.13639	0.09479	0.03063	0.03441	0.02361	0.06757	0.06290	0.00505	0.01292	0.01114	0.00935	0.01556
11	0.01284	0.01051	0.01133	0.01158	0.01461	0.00900	0.00851	0.01567	0.02424	0.02996	0.15283	0.17218	0.43593	0.02707	0.01263	0.00364	0.00542	0.02303	0.01003	0.00900
12	0.02355	0.01178	0.01426	0.01334	0.01599	0.01110	0.00937	0.02608	0.02143	0.15465	0.03985	0.14827	0.03804	0.22433	0.02489	0.00560	0.00788	0.01536	0.18385	0.01037
13	0.12162	0.27448	0.10616	0.03473	0.20934	0.03162	0.02446	0.03206	0.02197	0.03232	0.01696	0.02073	0.01433	0.00940	0.00838	0.00283	0.01180	0.00719	0.00504	0.01459
14	0.02529	0.23087	0.03491	0.13917	0.03508	0.12316	0.01900	0.03130	0.06455	0.02847	0.05991	0.11050	0.02877	0.01431	0.00966	0.00306	0.01183	0.01144	0.00642	0.01228
15	0.01567	0.01127	0.01512	0.01539	0.01786	0.01072	0.01236	0.02061	0.02804	0.03876	0.38755	0.09260	0.08661	0.02418	0.01319	0.00385	0.00659	0.17874	0.01100	0.00990
16	0.01882	0.01096	0.01390	0.01407	0.01644	0.01004	0.01005	0.02172	0.02343	0.10666	0.13853	0.31664	0.10554	0.06524	0.01495	0.00416	0.00644	0.02210	0.07016	0.01014
17	0.03009	0.07796	0.03014	0.03108	0.16048	0.11009	0.01971	0.03621	0.06992	0.14210	0.03338	0.15170	0.03036	0.01575	0.01069	0.00330	0.01104	0.01345	0.00826	0.01431

[dist]
# distance from previous block
# <min> <max>
2	7

[block]
# block no. 3 follows, 13 sequences, length 163
# corresponding to MSA columns:
# 148-161,165-313
name=unknown_D
#
# <colnr> <probs for GDERKNQSTAVLIFYWHMCP>
#	G	D	E	R	K	N	Q	S	T	A	V	L	I	F	Y	W	H	M	C	P
0	0.25487	0.01606	0.01816	0.08283	0.02563	0.01704	0.01354	0.02914	0.02489	0.11875	0.23486	0.04578	0.04904	0.01507	0.00996	0.00332	0.00772	0.01219	0.00930	0.01185
1	0.02837	0.06938	0.12100	0.03152	0.09700	0.10829	0.08392	0.07862	0.19667	0.03802	0.02710	0.02857	0.02067	0.01151	0.01039	0.00326	0.01310	0.00977	0.00732	0.01552
2	0.02472	0.02058	0.02468	0.08534	0.03189	0.01828	0.01574	0.10943	0.02643	0.03891	0.01988	0.02322	0.01586	0.00895	0.00860	0.00206	0.00919	0.00717	0.00680	0.50228
3	0.01606	0.01262	0.01836	0.01782	0.01935	0.01522	0.01384	0.01937	0.01678	0.02434	0.02703	0.04153	0.02590	0.11448	0.48142	0.01504	0.09441	0.01140	0.00560	0.00945
4	0.02255	0.02837	0.16001	0.02183	0.02963	0.02251	0.02084	0.04283	0.30920	0.04000	0.10204	0.04494	0.07931	0.01515	0.01092	0.00349	0.00955	0.01261	0.00920	0.01502
5	0.01538	0.01025	0.01153	0.01153	0.01153	0.01025	0.00641	0.01538	0.01538	0.02050	0.03331	0.06919	0.03844	0.62842	0.05382	0.01025	0.01025	0.01538	0.00641	0.00641
6	0.10107	0.01898	0.02118	0.01546	0.02452	0.01521	0.01240	0.02714	0.02147	0.03596	0.01832	0.02137	0.01517	0.00806	0.00768	0.00176	0.00787	0.00620	0.00630	0.61386
7	0.04103	0.02827	0.03090	0.02369	0.03211	0.03078	0.01957	0.47194	0.04745	0.12510	0.02728	0.02662	0.01893	0.01274	0.01058	0.00318	0.01133	0.00965	0.01087	0.01798
8	0.01683	0.01293	0.01651	0.01562	0.01595	0.01504	0.01083	0.01793	0.01582	0.02216	0.02869	0.05546	0.03160	0.41469	0.14320	0.01034	0.12906	0.01349	0.00593	0.00793
9	0.02313	0.02313	0.03238	0.02776	0.02776	0.03238	0.02313	0.02545	0.01619	0.02545	0.01388	0.02313	0.01388	0.01851	0.03470	0.00463	0.60907	0.00925	0.00463	0.01157
10	0.02434	0.02547	0.07426	0.19858	0.08705	0.05803	0.02399	0.06530	0.16523	0.03503	0.02843	0.07518	0.02368	0.01388	0.01239	0.00356	0.05305	0.01139	0.00715	0.01399
11	0.03142	0.01846	0.02872	0.35940	0.05371	0.02018	0.02360	0.03724	0.02494	0.25334	0.02835	0.03144	0.01913	0.01162	0.01060	0.00342	0.01197	0.00991	0.00820	0.01435
12	0.01283	0.01054	0.01130	0.01149	0.01458	0.00901	0.00847	0.01567	0.02431	0.02998	0.15351	0.16152	0.44628	0.02694	0.01261	0.00363	0.00541	0.02287	0.01003	0.00901
13	0.01889	0.01633	0.02347	0.22035	0.07901	0.01828	0.01975	0.02801	0.11330	0.03098	0.04206	0.20946	0.06950	0.01971	0.01179	0.00381	0.00990	0.04571	0.00788	0.01181
14	0.02493	0.04962	0.48268	0.02875	0.04316	0.02462	0.03555	0.07969	0.02541	0.07727	0.02129	0.02364	0.01478	0.01052	0.01014	0.00333	0.01476	0.00818	0.00568	0.01602
15	0.02192	0.01879	0.02192	0.01566	0.02506	0.01409	0.01253	0.02662	0.02192	0.03445	0.01879	0.02192	0.01566	0.00783	0.00783	0.00157	0.00783	0.00626	0.00626	0.69305
16	0.01518	0.01102	0.01545	0.01545	0.01680	0.01238	0.01129	0.01789	0.01654	0.02340	0.02973	0.04935	0.02982	0.23439	0.43607	0.01509	0.02322	0.01247	0.00587	0.00858
17	0.03268	0.40531	0.04541	0.02168	0.02932	0.25550	0.01901	0.03581	0.02481	0.02527	0.01534	0.01779	0.01359	0.00977	0.00786	0.00244	0.01435	0.00611	0.00489	0.01305
18	0.01510	0.01133	0.01699	0.01699	0.01888	0.01322	0.01322	0.01888	0.01699	0.02454	0.02832	0.04154	0.02643	0.07930	0.58652	0.01699	0.02832	0.01133	0.00566	0.00944
19	0.01515	0.01115	0.01608	0.01608	0.01765	0.01272	0.01208	0.01830	0.01672	0.02387	0.02915	0.04615	0.02844	0.17091	0.49764	0.01587	0.02531	0.01200	0.00579	0.00893
20	0.02701	0.11102	0.21152	0.03372	0.04513	0.06853	0.23923	0.03545	0.02451	0.07282	0.02101	0.02510	0.01553	0.00974	0.01069	0.00326	0.01579	0.00967	0.00557	0.01473
21	0.01614	0.01113	0.01405	0.01516	0.01627	0.01113	0.01127	0.01836	0.01947	0.02559	0.04368	0.09208	0.04868	0.35449	0.03589	0.00779	0.01002	0.23294	0.00793	0.00793
22	0.47955	0.01961	0.01861	0.01558	0.02268	0.02093	0.01284	0.03805	0.02218	0.22553	0.02392	0.02359	0.01647	0.01093	0.00794	0.00327	0.00846	0.00740	0.00877	0.01368
23	0.02991	0.03598	0.05133	0.03866	0.04756	0.21741	0.35235	0.03672	0.02666	0.03114	0.01967	0.02530	0.01522	0.00959	0.01147	0.00328	0.01825	0.01055	0.00538	0.01358
24	0.02565	0.02014	0.02781	0.35583	0.05295	0.06719	0.02417	0.03147	0.02395	0.11795	0.02890	0.04464	0.02423	0.01427	0.01120	0.00365	0.01290	0.09358	0.00704	0.01248
25	0.01510	0.01133	0.01699	0.01699	0.01888	0.01322	0.01322	0.01888	0.01699	0.02454	0.02832	0.04154	0.02643	0.07930	0.58652	0.01699	0.02832	0.01133	0.00566	0.00944
26	0.01365	0.01076	0.01231	0.01192	0.01499	0.00942	0.00894	0.01740	0.02682	0.03502	0.31707	0.09112	0.34418	0.02437	0.01248	0.00346	0.00518	0.02082	0.01067	0.00942
27	0.35348	0.02064	0.02225	0.11036	0.03187	0.02270	0.01633	0.09318	0.02524	0.17672	0.02334	0.02458	0.01630	0.01109	0.00867	0.00330	0.00973	0.00798	0.00835	0.01389
28	0.08804	0.02765	0.02764	0.02246	0.02990	0.07476	0.01813	0.28053	0.16199	0.11485	0.02996	0.02884	0.02151	0.01277	0.01023	0.00325	0.01090	0.00972	0.01018	0.01671
29	0.01288	0.00920	0.01227	0.01472	0.01534	0.00859	0.00981	0.01472	0.02024	0.02699	0.05828	0.62152	0.06993	0.03312	0.01350	0.00429	0.00613	0.03006	0.00981	0.00859
30	0.01412	0.01156	0.01256	0.01216	0.01561	0.01041	0.00916	0.01931	0.06145	0.03343	0.22589	0.09123	0.39640	0.02451	0.01237	0.00350	0.00546	0.02073	0.01038	0.00975
31	0.02950	0.49799	0.09126	0.02046	0.02945	0.12632	0.02007	0.03347	0.02289	0.02570	0.01529	0.01771	0.01356	0.00941	0.00747	0.00242	0.01286	0.00600	0.00466	0.01352
32	0.01532	0.01047	0.01266	0.01266	0.01305	0.01086	0.00782	0.01610	0.01571	0.02134	0.03228	0.06347	0.03595	0.51475	0.16408	0.01165	0.01399	0.01454	0.00625	0.00703
33	0.02720	0.28860	0.11423	0.03258	0.10118	0.03315	0.15679	0.06930	0.02491	0.03252	0.01839	0.02238	0.01491	0.00944	0.00940	0.00291	0.01371	0.00845	0.00527	0.01470
34	0.02750	0.03015	0.02684	0.22003	0.04270	0.23791	0.02097	0.06760	0.02725	0.02982	0.03598	0.03916	0.12288	0.01409	0.01056	0.00320	0.01408	0.01099	0.00645	0.01184
35	0.04019	0.02962	0.03173	0.02433	0.03279	0.03279	0.02010	0.52721	0.04971	0.06663	0.02538	0.02538	0.01798	0.01269	0.01058	0.00317	0.01163	0.00952	0.01058	0.01798
36	0.01493	0.01171	0.01532	0.08117	0.02204	0.01128	0.01174	0.01958	0.02745	0.03715	0.38185	0.07877	0.20448	0.02162	0.01226	0.00341	0.00614	0.01879	0.01038	0.00992
37	0.01400	0.01005	0.01337	0.01465	0.01610	0.00941	0.01053	0.01725	0.02408	0.03293	0.23648	0.38178	0.07978	0.02865	0.01323	0.00400	0.00605	0.06803	0.01046	0.00919
38	0.46994	0.01933	0.01982	0.16579	0.03403	0.02269	0.01652	0.02927	0.01934	0.04086	0.01923	0.02857	0.01628	0.01164	0.00825	0.00347	0.00983	0.04742	0.00634	0.01138
39	0.02134	0.02091	0.02885	0.06454	0.02999	0.06503	0.06476	0.02492	0.01855	0.02577	0.02073	0.03217	0.01945	0.07257	0.20092	0.00848	0.25454	0.01039	0.00519	0.01090
40	0.02507	0.01790	0.02343	0.15736	0.03545	0.01718	0.01695	0.07283	0.02558	0.11464	0.03638	0.08523	0.08464	0.01403	0.01017	0.00290	0.00942	0.01182	0.00801	0.23102
41	0.02403	0.14503	0.44254	0.02769	0.04163	0.02805	0.03402	0.07728	0.02463	0.03507	0.01886	0.02174	0.01383	0.01012	0.00957	0.00316	0.01458	0.00762	0.00502	0.01551
42	0.02202	0.02225	0.03414	0.50804	0.06799	0.07076	0.07013	0.02886	0.02220	0.02749	0.01881	0.02745	0.01422	0.01046	0.01064	0.00346	0.01482	0.00944	0.00482	0.01200
43	0.01730	0.00942	0.01317	0.01335	0.01340	0.00937	0.00862	0.01420	0.01461	0.01948	0.02462	0.08402	0.02662	0.16703	0.04202	0.49082	0.00919	0.01210	0.00538	0.00529
44	0.02816	0.26935	0.08039	0.08882	0.03485	0.03305	0.02097	0.11581	0.15730	0.03725	0.02432	0.02566	0.01902	0.01121	0.00907	0.00297	0.01127	0.00845	0.00707	0.01501
45	0.02439	0.09691	0.08213	0.17927	0.22224	0.02697	0.10034	0.03349	0.07022	0.03231	0.02127	0.02685	0.01680	0.01007	0.01035	0.00325	0.01339	0.00953	0.00548	0.01473
46	0.01671	0.01137	0.01365	0.01274	0.01613	0.01003	0.00968	0.02071	0.02766	0.08102	0.33673	0.08436	0.27412	0.02294	0.01233	0.00342	0.00547	0.01967	0.01104	0.01023
47	0.02810	0.02886	0.09453	0.03957	0.05025	0.02487	0.41059	0.03653	0.02557	0.11552	0.02431	0.02920	0.01739	0.00963	0.01202	0.00350	0.01632	0.01185	0.00646	0.01493
48	0.03202	0.03646	0.21983	0.03145	0.07957	0.07054	0.10608	0.08356	0.02799	0.17054	0.02549	0.02703	0.01771	0.01089	0.01061	0.00328	0.01400	0.00945	0.00746	0.01602
49	0.02016	0.01893	0.03751	0.02920	0.03472	0.01810	0.26235	0.02434	0.02080	0.02818	0.02878	0.13981	0.02841	0.06126	0.06843	0.13269	0.01454	0.01512	0.00610	0.01058
50	0.01277	0.00964	0.01182	0.01356	0.01503	0.00869	0.00930	0.01485	0.02136	0.02745	0.07248	0.47031	0.21197	0.03128	0.01320	0.00408	0.00591	0.02781	0.00982	0.00869
51	0.03679	0.15946	0.15554	0.02192	0.03174	0.07101	0.02180	0.04247	0.02659	0.28775	0.02873	0.02746	0.01957	0.01136	0.00959	0.00303	0.01183	0.00862	0.00869	0.01604
52	0.03427	0.02595	0.08536	0.07825	0.04300	0.02252	0.20034	0.08486	0.02871	0.24272	0.02916	0.03056	0.01974	0.01110	0.01123	0.00339	0.01337	0.01085	0.00868	0.01594
53	0.54048	0.02157	0.02212	0.02616	0.15066	0.02406	0.01650	0.03141	0.01945	0.04434	0.01596	0.01934	0.01272	0.00972	0.00749	0.00324	0.00923	0.00661	0.00623	0.01272
54	0.02317	0.13420	0.25741	0.02718	0.03502	0.03070	0.02884	0.02973	0.01955	0.02864	0.01609	0.02181	0.01363	0.01353	0.02014	0.00372	0.27046	0.00809	0.00454	0.01355
55	0.03950	0.05039	0.02996	0.02724	0.03269	0.58597	0.02043	0.04222	0.02996	0.02588	0.01634	0.01907	0.01362	0.01090	0.00953	0.00272	0.01907	0.00681	0.00545	0.01226
56	0.01496	0.01081	0.01413	0.01330	0.01580	0.00998	0.00998	0.01995	0.02993	0.04240	0.55689	0.07898	0.09976	0.02162	0.01247	0.00333	0.00499	0.01912	0.01164	0.00998
57	0.01385	0.01076	0.01259	0.01213	0.01511	0.00950	0.00910	0.01780	0.02730	0.03615	0.35386	0.08926	0.30669	0.02395	0.01248	0.00344	0.00515	0.02056	0.01082	0.00950
58	0.01375	0.00986	0.01287	0.01495	0.01599	0.00933	0.01056	0.01596	0.02070	0.02725	0.05866	0.45984	0.09548	0.08527	0.01721	0.00487	0.00703	0.10230	0.00950	0.00860
59	0.01329	0.00950	0.01202	0.01386	0.01459	0.00890	0.00908	0.01487	0.01969	0.02598	0.05763	0.48550	0.10155	0.13665	0.02046	0.00528	0.00679	0.02690	0.00922	0.00823
60	0.15643	0.01840	0.02304	0.01800	0.02590	0.01690	0.01486	0.04813	0.02822	0.48296	0.03723	0.03286	0.02373	0.01254	0.00995	0.00327	0.00886	0.00982	0.01200	0.01691
61	0.03950	0.05039	0.02996	0.02724	0.03269	0.58597	0.02043	0.04222	0.02996	0.02588	0.01634	0.01907	0.01362	0.01090	0.00953	0.00272	0.01907	0.00681	0.00545	0.01226
62	0.02313	0.02313	0.03238	0.02776	0.02776	0.03238	0.02313	0.02545	0.01619	0.02545	0.01388	0.02313	0.01388	0.01851	0.03470	0.00463	0.60907	0.00925	0.00463	0.01157
63	0.02496	0.02852	0.06239	0.04456	0.05526	0.02674	0.52406	0.03387	0.02496	0.03387	0.02139	0.02852	0.01604	0.00891	0.01248	0.00357	0.01783	0.01248	0.00535	0.01426
64	0.03371	0.02639	0.02808	0.02302	0.03032	0.02976	0.01853	0.30733	0.28016	0.05618	0.03362	0.03195	0.02465	0.01346	0.01066	0.00337	0.01011	0.01066	0.01066	0.01740
65	0.02121	0.05469	0.57364	0.03014	0.04576	0.02455	0.03906	0.03348	0.02232	0.03348	0.01897	0.02232	0.01339	0.01005	0.01005	0.00335	0.01563	0.00781	0.00446	0.01563
66	0.27099	0.01883	0.02147	0.01714	0.02476	0.01833	0.01415	0.04456	0.02608	0.39169	0.03251	0.02957	0.02115	0.01197	0.00924	0.00327	0.00872	0.00896	0.01086	0.01576
67	0.02827	0.63478	0.05540	0.01809	0.02714	0.04184	0.01809	0.03166	0.02148	0.02488	0.01470	0.01696	0.01357	0.00905	0.00678	0.00226	0.01131	0.00565	0.00452	0.01357
68	0.03062	0.01852	0.02282	0.01673	0.02572	0.01459	0.01356	0.03511	0.02477	0.21698	0.02661	0.02672	0.01924	0.00962	0.00879	0.00215	0.00823	0.00775	0.00859	0.46289
69	0.29873	0.01893	0.02109	0.01693	0.02448	0.01867	0.01397	0.04369	0.02556	0.36959	0.03137	0.02878	0.02053	0.01183	0.00907	0.00327	0.00868	0.00875	0.01058	0.01549
70	0.01510	0.01062	0.01325	0.01270	0.01434	0.01007	0.00876	0.01839	0.02497	0.03493	0.37837	0.07564	0.07885	0.22851	0.02657	0.00569	0.00678	0.01784	0.00986	0.00876
71	0.01460	0.01038	0.01174	0.01164	0.01315	0.00968	0.00761	0.01570	0.01991	0.02562	0.11806	0.07833	0.22109	0.30334	0.03388	0.06416	0.00788	0.01766	0.00803	0.00753
72	0.03790	0.01962	0.02448	0.01838	0.02700	0.01705	0.01504	0.09831	0.02968	0.32880	0.03200	0.02996	0.02164	0.01125	0.00967	0.00268	0.00891	0.00901	0.01047	0.24815
73	0.01681	0.01454	0.01998	0.01972	0.02010	0.01771	0.01492	0.01883	0.01869	0.02640	0.04126	0.39218	0.04845	0.02752	0.02162	0.00442	0.23722	0.02208	0.00783	0.00973
74	0.01470	0.01043	0.01403	0.01625	0.01751	0.01011	0.01227	0.01753	0.02137	0.02818	0.05513	0.37887	0.06359	0.08568	0.01758	0.00505	0.00789	0.20550	0.00948	0.00883
75	0.01845	0.01481	0.01710	0.01754	0.02038	0.01594	0.01269	0.03193	0.23739	0.03415	0.05195	0.37990	0.05430	0.02533	0.01236	0.00400	0.00706	0.02254	0.01021	0.01197
76	0.02882	0.04415	0.40440	0.02702	0.04036	0.02296	0.03211	0.07182	0.02612	0.16461	0.02488	0.02582	0.01678	0.01096	0.01022	0.00332	0.01376	0.00861	0.00696	0.01636
77	0.02946	0.02066	0.02724	0.02879	0.14311	0.02102	0.01877	0.18174	0.03472	0.11829	0.20756	0.04524	0.04668	0.01507	0.01121	0.00323	0.00922	0.01292	0.01009	0.01498
78	0.03390	0.02313	0.02579	0.02130	0.02824	0.02512	0.01708	0.19913	0.25600	0.15209	0.07268	0.03714	0.03131	0.01409	0.01080	0.00338	0.00927	0.01144	0.01121	0.01690
79	0.02164	0.02066	0.02838	0.02464	0.02464	0.02813	0.01992	0.02351	0.01604	0.02449	0.01762	0.03199	0.01860	0.13575	0.03837	0.00571	0.49396	0.01043	0.00497	0.01057
80	0.02192	0.01879	0.02192	0.01566	0.02506	0.01409	0.01253	0.02662	0.02192	0.03445	0.01879	0.02192	0.01566	0.00783	0.00783	0.00157	0.00783	0.00626	0.00626	0.69305
81	0.25820	0.02530	0.02686	0.18003	0.10285	0.09663	0.02095	0.07456	0.05555	0.03909	0.01924	0.02347	0.01488	0.01062	0.00906	0.00326	0.01198	0.00798	0.00635	0.01314
82	0.01317	0.00941	0.01260	0.01505	0.01579	0.00883	0.01031	0.01522	0.02053	0.02731	0.05812	0.58693	0.06930	0.03286	0.01357	0.00433	0.00638	0.06182	0.00981	0.00867
83	0.27056	0.01952	0.02189	0.01746	0.02510	0.01935	0.01441	0.07262	0.02723	0.36201	0.03155	0.02895	0.02067	0.01195	0.00924	0.00327	0.00887	0.00889	0.01071	0.01576
84	0.02382	0.03782	0.27345	0.02913	0.04016	0.02560	0.11030	0.04246	0.22735	0.03777	0.02882	0.03007	0.02124	0.01155	0.01073	0.00348	0.01314	0.01021	0.00708	0.01584
85	0.08240	0.28646	0.08900	0.08209	0.08384	0.03231	0.14390	0.03193	0.02228	0.03058	0.01745	0.02197	0.01429	0.00932	0.00904	0.00293	0.01330	0.00813	0.00496	0.01381
86	0.01468	0.01080	0.01374	0.01300	0.01562	0.00985	0.00975	0.01940	0.02925	0.04079	0.50462	0.08163	0.15303	0.02222	0.01247	0.00335	0.00503	0.01949	0.01143	0.00985
87	0.01757	0.01513	0.01557	0.01469	0.01914	0.01532	0.01123	0.03026	0.21511	0.03433	0.08354	0.07883	0.36472	0.02220	0.01186	0.00358	0.00646	0.01850	0.01016	0.01180
88	0.01514	0.01120	0.01636	0.01636	0.01803	0.01287	0.01243	0.01847	0.01680	0.02407	0.02890	0.04475	0.02783	0.14310	0.52462	0.01621	0.02622	0.01180	0.00575	0.00909
89	0.01496	0.01081	0.01413	0.01330	0.01580	0.00998	0.00998	0.01995	0.02993	0.04240	0.55689	0.07898	0.09976	0.02162	0.01247	0.00333	0.00499	0.01912	0.01164	0.00998
90	0.04744	0.01799	0.02454	0.01881	0.02699	0.01554	0.01554	0.05153	0.03026	0.56979	0.04171	0.03599	0.02617	0.01309	0.01063	0.00327	0.00900	0.01063	0.01309	0.01799
91	0.70310	0.02045	0.01554	0.01390	0.02045	0.02372	0.01145	0.03108	0.01799	0.04744	0.01472	0.01718	0.01145	0.00981	0.00654	0.00327	0.00818	0.00573	0.00654	0.01145
92	0.08853	0.57992	0.05184	0.01772	0.02654	0.04022	0.01750	0.03161	0.02117	0.02689	0.01470	0.01698	0.01338	0.00911	0.00676	0.00235	0.01103	0.00566	0.00470	0.01338
93	0.01997	0.01879	0.03171	0.60301	0.07282	0.02349	0.02936	0.02701	0.02114	0.02701	0.01879	0.02819	0.01409	0.01057	0.01057	0.00352	0.01409	0.00940	0.00470	0.01175
94	0.01496	0.01081	0.01413	0.01330	0.01580	0.00998	0.00998	0.01995	0.02993	0.04240	0.55689	0.07898	0.09976	0.02162	0.01247	0.00333	0.00499	0.01912	0.01164	0.00998
95	0.01476	0.01080	0.01385	0.01308	0.01567	0.00989	0.00981	0.01955	0.02944	0.04124	0.51914	0.08089	0.13823	0.02205	0.01247	0.00335	0.00502	0.01939	0.01149	0.00989
96	0.10744	0.02369	0.02434	0.02114	0.02763	0.02717	0.01673	0.13810	0.39341	0.04864	0.03657	0.03433	0.02728	0.01352	0.01024	0.00348	0.00893	0.01079	0.01024	0.01635
97	0.02827	0.63478	0.05540	0.01809	0.02714	0.04184	0.01809	0.03166	0.02148	0.02488	0.01470	0.01696	0.01357	0.00905	0.00678	0.00226	0.01131	0.00565	0.00452	0.01357
98	0.02597	0.01530	0.01936	0.01622	0.02228	0.01262	0.01245	0.02953	0.02368	0.18158	0.03866	0.23029	0.03710	0.01792	0.01055	0.00297	0.00758	0.01560	0.00938	0.27095
99	0.01384	0.01009	0.01323	0.01540	0.01679	0.00949	0.01134	0.01650	0.02168	0.02829	0.06340	0.44046	0.12448	0.03145	0.01365	0.00435	0.00691	0.13997	0.00980	0.00890
100	0.02703	0.01200	0.01373	0.01222	0.01619	0.01136	0.00954	0.03174	0.02431	0.17944	0.03640	0.03851	0.02686	0.01252	0.00825	0.00268	0.00600	0.01006	0.50916	0.01200
101	0.02458	0.02345	0.03917	0.05860	0.49877	0.02324	0.02961	0.03044	0.02408	0.03385	0.03002	0.03495	0.07966	0.01144	0.01070	0.00319	0.01172	0.01092	0.00577	0.01584
102	0.02192	0.01879	0.02192	0.01566	0.02506	0.01409	0.01253	0.02662	0.02192	0.03445	0.01879	0.02192	0.01566	0.00783	0.00783	0.00157	0.00783	0.00626	0.00626	0.69305
103	0.01538	0.01025	0.01153	0.01153	0.01153	0.01025	0.00641	0.01538	0.01538	0.02050	0.03331	0.06919	0.03844	0.62842	0.05382	0.01025	0.01025	0.01538	0.00641	0.00641
104	0.04019	0.02962	0.03173	0.02433	0.03279	0.03279	0.02010	0.52721	0.04971	0.06663	0.02538	0.02538	0.01798	0.01269	0.01058	0.00317	0.01163	0.00952	0.01058	0.01798
105	0.01655	0.01182	0.01648	0.01892	0.02114	0.01175	0.01620	0.02107	0.02386	0.03110	0.05625	0.17762	0.06190	0.02966	0.01448	0.00480	0.00932	0.43770	0.00975	0.00960
106	0.70310	0.02045	0.01554	0.01390	0.02045	0.02372	0.01145	0.03108	0.01799	0.04744	0.01472	0.01718	0.01145	0.00981	0.00654	0.00327	0.00818	0.00573	0.00654	0.01145
107	0.02208	0.02095	0.03553	0.41954	0.23977	0.02405	0.03042	0.02887	0.02214	0.02958	0.01917	0.02750	0.01500	0.01018	0.01054	0.00339	0.01357	0.00940	0.00488	0.01345
108	0.03848	0.10345	0.03227	0.02641	0.03218	0.53656	0.02022	0.04126	0.02919	0.02579	0.01619	0.01888	0.01361	0.01073	0.00928	0.00268	0.01836	0.00670	0.00536	0.01238
109	0.01288	0.00920	0.01227	0.01472	0.01534	0.00859	0.00981	0.01472	0.02024	0.02699	0.05828	0.62152	0.06993	0.03312	0.01350	0.00429	0.00613	0.03006	0.00981	0.00859
110	0.01453	0.00989	0.01178	0.01262	0.01283	0.00968	0.00757	0.01515	0.01704	0.02271	0.04182	0.25751	0.04918	0.42545	0.04007	0.00822	0.00885	0.02038	0.00757	0.00715
111	0.01971	0.00985	0.00985	0.00985	0.01232	0.00985	0.00739	0.02464	0.02217	0.03942	0.03449	0.03942	0.02710	0.01232	0.00739	0.00246	0.00493	0.00985	0.68712	0.00985
112	0.01496	0.01081	0.01413	0.01330	0.01580	0.00998	0.00998	0.01995	0.02993	0.04240	0.55689	0.07898	0.09976	0.02162	0.01247	0.00333	0.00499	0.01912	0.01164	0.00998
113	0.02378	0.02432	0.03055	0.02642	0.02710	0.07684	0.02173	0.02636	0.01857	0.02700	0.06258	0.02778	0.02153	0.01814	0.03060	0.00435	0.50561	0.00993	0.00532	0.01148
114	0.04019	0.02962	0.03173	0.02433	0.03279	0.03279	0.02010	0.52721	0.04971	0.06663	0.02538	0.02538	0.01798	0.01269	0.01058	0.00317	0.01163	0.00952	0.01058	0.01798
115	0.02617	0.02512	0.04292	0.06490	0.56246	0.02512	0.03245	0.03245	0.02407	0.03454	0.01989	0.02617	0.01675	0.00942	0.01047	0.00314	0.01256	0.00942	0.00523	0.01675
116	0.02617	0.02512	0.04292	0.06490	0.56246	0.02512	0.03245	0.03245	0.02407	0.03454	0.01989	0.02617	0.01675	0.00942	0.01047	0.00314	0.01256	0.00942	0.00523	0.01675
117	0.02287	0.02277	0.03233	0.07582	0.03152	0.03164	0.02365	0.02558	0.01661	0.02558	0.01429	0.02355	0.01390	0.01784	0.03268	0.00453	0.55935	0.00926	0.00463	0.01158
118	0.01638	0.01184	0.01620	0.01845	0.02084	0.01166	0.01582	0.02086	0.02402	0.03106	0.06004	0.15518	0.09934	0.02931	0.01436	0.00473	0.00914	0.42143	0.00975	0.00959
119	0.07047	0.49604	0.04858	0.01944	0.02771	0.13583	0.01810	0.03347	0.02276	0.02640	0.01499	0.01734	0.01345	0.00941	0.00725	0.00240	0.01248	0.00586	0.00480	0.01321
120	0.02686	0.54518	0.09903	0.01877	0.02786	0.03838	0.01926	0.03084	0.02119	0.02538	0.01621	0.02060	0.01506	0.04663	0.00992	0.00284	0.01163	0.00643	0.00463	0.01332
121	0.02361	0.12036	0.02460	0.01681	0.02117	0.07057	0.01361	0.02662	0.02405	0.09427	0.11635	0.05737	0.18792	0.06937	0.01708	0.00389	0.07854	0.01421	0.00828	0.01133
122	0.02420	0.01872	0.02216	0.01594	0.02523	0.01422	0.01280	0.02885	0.02267	0.08226	0.02084	0.02318	0.01660	0.00830	0.00808	0.00172	0.00793	0.00665	0.00687	0.63277
123	0.02546	0.04680	0.43472	0.03183	0.09000	0.02443	0.03490	0.07299	0.02530	0.08402	0.02158	0.02413	0.01519	0.01046	0.01018	0.00331	0.01445	0.00834	0.00577	0.01612
124	0.01482	0.01475	0.06598	0.02060	0.06696	0.01151	0.01449	0.01801	0.02077	0.02825	0.05128	0.51395	0.06005	0.02891	0.01291	0.00411	0.00757	0.02619	0.00892	0.00996
125	0.02617	0.02512	0.04292	0.06490	0.56246	0.02512	0.03245	0.03245	0.02407	0.03454	0.01989	0.02617	0.01675	0.00942	0.01047	0.00314	0.01256	0.00942	0.00523	0.01675
126	0.04423	0.02313	0.02772	0.02125	0.02955	0.02317	0.01755	0.26182	0.03886	0.34735	0.03449	0.03130	0.02255	0.01291	0.01061	0.00323	0.01016	0.01014	0.01198	0.01799
127	0.03911	0.02560	0.11422	0.02536	0.07900	0.01980	0.02121	0.07610	0.07267	0.36104	0.03522	0.03256	0.02329	0.01235	0.01053	0.00329	0.01049	0.01012	0.01065	0.01740
128	0.02606	0.02543	0.04466	0.06308	0.51717	0.02527	0.07635	0.03258	0.02415	0.03448	0.02002	0.02638	0.01668	0.00938	0.01065	0.00318	0.01303	0.00969	0.00524	0.01653
129	0.01996	0.01722	0.02844	0.02557	0.03035	0.01722	0.13552	0.02868	0.08479	0.03362	0.04639	0.08878	0.04706	0.02274	0.01366	0.00441	0.01147	0.32368	0.00883	0.01161
130	0.02784	0.03456	0.24185	0.08768	0.22058	0.02293	0.03148	0.03606	0.02435	0.13640	0.02364	0.02675	0.01705	0.01046	0.01035	0.00328	0.01318	0.00904	0.00640	0.01614
131	0.02675	0.02469	0.03741	0.02955	0.03715	0.02613	0.19012	0.10070	0.26979	0.04234	0.03459	0.04016	0.02725	0.01343	0.01162	0.00363	0.01208	0.04830	0.00881	0.01550
132	0.03950	0.05039	0.02996	0.02724	0.03269	0.58597	0.02043	0.04222	0.02996	0.02588	0.01634	0.01907	0.01362	0.01090	0.00953	0.00272	0.01907	0.00681	0.00545	0.01226
133	0.01755	0.01552	0.02508	0.40243	0.05322	0.01841	0.02270	0.02282	0.02084	0.02701	0.03225	0.23049	0.03313	0.01826	0.01157	0.00379	0.01138	0.01644	0.00644	0.01067
134	0.02732	0.02414	0.03366	0.20865	0.23633	0.06712	0.02636	0.03744	0.11418	0.08194	0.02528	0.02941	0.01927	0.01106	0.01049	0.00331	0.01246	0.00976	0.00676	0.01504
135	0.02630	0.02271	0.02391	0.02152	0.02749	0.02630	0.01674	0.05618	0.54336	0.04423	0.04303	0.03945	0.03228	0.01434	0.01076	0.00359	0.00837	0.01195	0.01076	0.01674
136	0.01320	0.00960	0.01245	0.01415	0.01532	0.00885	0.00969	0.01564	0.02219	0.02971	0.14601	0.48690	0.11591	0.03066	0.01324	0.00407	0.00588	0.02757	0.01012	0.00885
137	0.02211	0.01719	0.02679	0.03544	0.24463	0.01660	0.01979	0.02719	0.02639	0.08140	0.23198	0.11641	0.05553	0.01715	0.01160	0.00336	0.00861	0.01564	0.00888	0.01331
138	0.03849	0.03051	0.21175	0.02267	0.03339	0.01861	0.02356	0.04538	0.02756	0.38693	0.03396	0.03133	0.02182	0.01205	0.01043	0.00330	0.01126	0.00967	0.01015	0.01719
139	0.01704	0.01217	0.01704	0.01947	0.02191	0.01217	0.01704	0.02191	0.02434	0.03164	0.05598	0.11926	0.06085	0.02921	0.01460	0.00487	0.00974	0.49130	0.00974	0.00974
140	0.02684	0.02634	0.05344	0.03865	0.04832	0.02492	0.40869	0.06799	0.02747	0.07658	0.06792	0.03307	0.02392	0.01054	0.01221	0.00350	0.01567	0.01269	0.00681	0.01444
141	0.02263	0.02055	0.03316	0.35383	0.20354	0.02333	0.02779	0.06549	0.02407	0.03216	0.02313	0.08039	0.02013	0.01242	0.01080	0.00346	0.01276	0.01126	0.00575	0.01336
142	0.08455	0.01830	0.02708	0.07252	0.20018	0.01809	0.02016	0.03249	0.02403	0.17574	0.03506	0.18120	0.03230	0.01660	0.01097	0.00351	0.00970	0.01474	0.00858	0.01420
143	0.01307	0.00928	0.01221	0.01449	0.01505	0.00871	0.00956	0.01477	0.01988	0.02651	0.05642	0.58056	0.06759	0.07727	0.01649	0.00474	0.00644	0.02897	0.00956	0.00843
144	0.03654	0.04021	0.03320	0.07872	0.07803	0.38262	0.06380	0.04058	0.02839	0.09051	0.02019	0.02313	0.01556	0.01084	0.01007	0.00296	0.01688	0.00815	0.00625	0.01339
145	0.02271	0.04342	0.37433	0.03879	0.17648	0.02561	0.03551	0.03228	0.02206	0.03282	0.01862	0.02341	0.01431	0.01087	0.01302	0.00344	0.08379	0.00839	0.00468	0.01544
146	0.70310	0.02045	0.01554	0.01390	0.02045	0.02372	0.01145	0.03108	0.01799	0.04744	0.01472	0.01718	0.01145	0.00981	0.00654	0.00327	0.00818	0.00573	0.00654	0.01145
147	0.70310	0.02045	0.01554	0.01390	0.02045	0.02372	0.01145	0.03108	0.01799	0.04744	0.01472	0.01718	0.01145	0.00981	0.00654	0.00327	0.00818	0.00573	0.00654	0.01145
148	0.02408	0.01889	0.02877	0.03125	0.15120	0.01902	0.07683	0.03357	0.11774	0.08279	0.06658	0.09164	0.03589	0.06707	0.01492	0.00409	0.01017	0.05679	0.05514	0.01356
149	0.01288	0.00920	0.01227	0.01472	0.01534	0.00859	0.00981	0.01472	0.02024	0.02699	0.05828	0.62152	0.06993	0.03312	0.01350	0.00429	0.00613	0.03006	0.00981	0.00859
150	0.01309	0.01030	0.01187	0.01279	0.01521	0.00909	0.00933	0.01579	0.02325	0.02925	0.12092	0.27594	0.32960	0.02868	0.01296	0.00387	0.00586	0.05333	0.00995	0.00894
151	0.01837	0.00918	0.01377	0.01377	0.01377	0.00918	0.00918	0.01377	0.01377	0.01837	0.01837	0.03214	0.01837	0.03673	0.04132	0.69238	0.00918	0.00918	0.00459	0.00459
152	0.01278	0.01072	0.01111	0.01101	0.01446	0.00905	0.00826	0.01573	0.02478	0.03017	0.15937	0.09911	0.50491	0.02618	0.01249	0.00354	0.00531	0.02194	0.01003	0.00905
153	0.04744	0.01799	0.02454	0.01881	0.02699	0.01554	0.01554	0.05153	0.03026	0.56979	0.04171	0.03599	0.02617	0.01309	0.01063	0.00327	0.00900	0.01063	0.01309	0.01799
154	0.02192	0.01879	0.02192	0.01566	0.02506	0.01409	0.01253	0.02662	0.02192	0.03445	0.01879	0.02192	0.01566	0.00783	0.00783	0.00157	0.00783	0.00626	0.00626	0.69305
155	0.04266	0.02565	0.02928	0.02245	0.03081	0.02691	0.01854	0.36503	0.04308	0.23819	0.03095	0.02900	0.02077	0.01283	0.01060	0.00321	0.01074	0.00990	0.01143	0.01799
156	0.70310	0.02045	0.01554	0.01390	0.02045	0.02372	0.01145	0.03108	0.01799	0.04744	0.01472	0.01718	0.01145	0.00981	0.00654	0.00327	0.00818	0.00573	0.00654	0.01145
157	0.70310	0.02045	0.01554	0.01390	0.02045	0.02372	0.01145	0.03108	0.01799	0.04744	0.01472	0.01718	0.01145	0.00981	0.00654	0.00327	0.00818	0.00573	0.00654	0.01145
158	0.01997	0.01879	0.03171	0.60301	0.07282	0.02349	0.02936	0.02701	0.02114	0.02701	0.01879	0.02819	0.01409	0.01057	0.01057	0.00352	0.01409	0.00940	0.00470	0.01175
159	0.02827	0.63478	0.05540	0.01809	0.02714	0.04184	0.01809	0.03166	0.02148	0.02488	0.01470	0.01696	0.01357	0.00905	0.00678	0.00226	0.01131	0.00565	0.00452	0.01357
160	0.01997	0.01879	0.03171	0.60301	0.07282	0.02349	0.02936	0.02701	0.02114	0.02701	0.01879	0.02819	0.01409	0.01057	0.01057	0.00352	0.01409	0.00940	0.00470	0.01175
161	0.02323	0.02005	0.02715	0.26158	0.04587	0.02018	0.02043	0.08495	0.02483	0.03509	0.01956	0.02494	0.01528	0.00954	0.00929	0.00257	0.01088	0.00795	0.00611	0.33052
162	0.03130	0.06841	0.03497	0.03481	0.16021	0.21418	0.06718	0.03875	0.08681	0.07282	0.02952	0.03148	0.05913	0.01203	0.01032	0.00308	0.01386	0.00996	0.00687	0.01431

[dist]
# distance from previous block
# <min> <max>
0	2

[block]
# block no. 4 follows, 13 sequences, length 24
# corresponding to MSA columns:
# 316-339
name=unknown_E
#
# <colnr> <probs for GDERKNQSTAVLIFYWHMCP>
#	G	D	E	R	K	N	Q	S	T	A	V	L	I	F	Y	W	H	M	C	P
0	0.12717	0.01774	0.02163	0.01691	0.02462	0.01577	0.01383	0.04161	0.02680	0.36858	0.04098	0.03770	0.07368	0.01318	0.00985	0.00305	0.00836	0.01045	0.01089	0.11721
1	0.02723	0.32212	0.13941	0.02133	0.03092	0.09561	0.02131	0.03488	0.07272	0.02968	0.01893	0.02099	0.01561	0.00979	0.00821	0.00255	0.01224	0.00686	0.00545	0.10415
2	0.42668	0.19134	0.03277	0.01913	0.02691	0.02913	0.08123	0.03161	0.01988	0.03940	0.01560	0.01862	0.01264	0.00948	0.00740	0.00303	0.01032	0.00660	0.00583	0.01241
3	0.02326	0.08532	0.12707	0.10153	0.06752	0.02501	0.02270	0.03984	0.23730	0.03646	0.06360	0.06790	0.03002	0.01379	0.01047	0.00341	0.01064	0.01159	0.00789	0.01469
4	0.01602	0.00971	0.01341	0.01391	0.01460	0.00968	0.00948	0.01492	0.01657	0.02204	0.03698	0.16333	0.07882	0.09753	0.10659	0.33705	0.01087	0.01547	0.00643	0.00660
5	0.01940	0.01514	0.01918	0.09047	0.02703	0.01594	0.01543	0.08287	0.07257	0.03731	0.14898	0.14176	0.12543	0.02234	0.01245	0.00384	0.00843	0.12040	0.00967	0.01136
6	0.02192	0.01879	0.02192	0.01566	0.02506	0.01409	0.01253	0.02662	0.02192	0.03445	0.01879	0.02192	0.01566	0.00783	0.00783	0.00157	0.00783	0.00626	0.00626	0.69305
7	0.03059	0.56011	0.05167	0.01818	0.02712	0.03865	0.01778	0.03407	0.02255	0.09085	0.01797	0.01926	0.01509	0.00953	0.00725	0.00238	0.01103	0.00626	0.00556	0.01410
8	0.03410	0.02674	0.06296	0.09427	0.10975	0.10171	0.02158	0.08558	0.02914	0.20436	0.06218	0.03140	0.02431	0.01199	0.01036	0.00310	0.01187	0.00979	0.00863	0.05618
9	0.01564	0.01016	0.01173	0.01173	0.01173	0.01016	0.00665	0.01524	0.01524	0.02032	0.03201	0.06597	0.03669	0.57698	0.05273	0.06955	0.01016	0.01484	0.00625	0.00625
10	0.02827	0.63478	0.05540	0.01809	0.02714	0.04184	0.01809	0.03166	0.02148	0.02488	0.01470	0.01696	0.01357	0.00905	0.00678	0.00226	0.01131	0.00565	0.00452	0.01357
11	0.02192	0.01879	0.02192	0.01566	0.02506	0.01409	0.01253	0.02662	0.02192	0.03445	0.01879	0.02192	0.01566	0.00783	0.00783	0.00157	0.00783	0.00626	0.00626	0.69305
12	0.12592	0.02468	0.03344	0.02545	0.03387	0.02540	0.12044	0.20490	0.06814	0.18764	0.02860	0.02865	0.01981	0.01175	0.01046	0.00332	0.01153	0.01007	0.00964	0.01628
13	0.04226	0.01845	0.02403	0.01875	0.02621	0.01689	0.01535	0.10493	0.03257	0.43897	0.10801	0.04040	0.03493	0.01417	0.01087	0.00327	0.00878	0.01162	0.01259	0.01693
14	0.01461	0.01079	0.01365	0.01293	0.01558	0.00983	0.00970	0.01928	0.02910	0.04044	0.49321	0.08220	0.16466	0.02235	0.01247	0.00336	0.00504	0.01957	0.01138	0.00983
15	0.02206	0.12492	0.51090	0.02868	0.04351	0.02665	0.03653	0.03326	0.02222	0.03244	0.01846	0.02167	0.01341	0.00992	0.00965	0.00322	0.01510	0.00755	0.00447	0.01538
16	0.01409	0.01007	0.01366	0.01610	0.01725	0.00963	0.01192	0.01681	0.02144	0.02834	0.05761	0.47530	0.06729	0.03198	0.01382	0.00446	0.00718	0.16434	0.00979	0.00892
17	0.01704	0.01217	0.01704	0.01947	0.02191	0.01217	0.01704	0.02191	0.02434	0.03164	0.05598	0.11926	0.06085	0.02921	0.01460	0.00487	0.00974	0.49130	0.00974	0.00974
