[name]
unknown

[dist]
# distance from previous block
# <min> <max>
0	91

[block]
# block no. 0 follows, 16 sequences, length 24
# corresponding to MSA columns:
# 106-129
name=unknown_A
#
# <colnr> <probs for GDERKNQSTAVLIFYWHMCP>
#	G	D	E	R	K	N	Q	S	T	A	V	L	I	F	Y	W	H	M	C	P
0	0.02004	0.01770	0.03139	0.03173	0.16350	0.01682	0.16272	0.02543	0.02346	0.06235	0.14862	0.09222	0.08414	0.01538	0.01115	0.00327	0.01004	0.06079	0.00740	0.01187
1	0.02945	0.01782	0.02752	0.03355	0.25601	0.01692	0.01965	0.03412	0.02473	0.25501	0.11370	0.03558	0.03072	0.01510	0.04300	0.00364	0.00997	0.01051	0.00850	0.01449
2	0.02102	0.02075	0.03159	0.44533	0.20065	0.06395	0.02707	0.02702	0.02064	0.02646	0.01733	0.02478	0.01351	0.00944	0.00960	0.00309	0.01288	0.00845	0.00448	0.01198
3	0.01284	0.00987	0.01174	0.01127	0.01394	0.00877	0.00846	0.01660	0.02537	0.03396	0.40215	0.08047	0.28618	0.02164	0.01144	0.00314	0.00470	0.01866	0.01002	0.00877
4	0.03155	0.01361	0.01765	0.01453	0.01899	0.01228	0.01084	0.03377	0.02220	0.36727	0.03511	0.04535	0.02856	0.27496	0.02583	0.00560	0.00871	0.01151	0.00951	0.01218
5	0.01280	0.00987	0.01168	0.01123	0.01392	0.00875	0.00842	0.01651	0.02526	0.03371	0.39249	0.08088	0.29599	0.02174	0.01144	0.00314	0.00471	0.01872	0.00999	0.00875
6	0.01754	0.27521	0.02731	0.01475	0.01845	0.02025	0.01208	0.01980	0.01902	0.02395	0.03719	0.39411	0.04312	0.02140	0.00987	0.00318	0.00755	0.01847	0.00703	0.00973
7	0.72785	0.01874	0.01425	0.01275	0.01874	0.02174	0.01050	0.02849	0.01649	0.04348	0.01350	0.01574	0.01050	0.00900	0.00600	0.00300	0.00750	0.00525	0.00600	0.01050
8	0.03372	0.03016	0.26080	0.02146	0.03173	0.01760	0.02300	0.04052	0.02478	0.37210	0.02977	0.02790	0.01923	0.01086	0.00953	0.00303	0.01072	0.00870	0.00879	0.01561
9	0.03954	0.02282	0.02641	0.02025	0.02790	0.02363	0.01673	0.35564	0.03833	0.28228	0.02935	0.02722	0.01953	0.01178	0.00972	0.00295	0.00968	0.00914	0.01063	0.01649
10	0.72785	0.01874	0.01425	0.01275	0.01874	0.02174	0.01050	0.02849	0.01649	0.04348	0.01350	0.01574	0.01050	0.00900	0.00600	0.00300	0.00750	0.00525	0.00600	0.01050
11	0.01801	0.01462	0.01815	0.01726	0.02051	0.01699	0.01343	0.03120	0.24542	0.02983	0.03144	0.03730	0.02641	0.04850	0.37275	0.01058	0.01853	0.01062	0.00709	0.01137
12	0.02411	0.02082	0.02192	0.01972	0.02520	0.02411	0.01534	0.05150	0.58142	0.04054	0.03945	0.03616	0.02959	0.01315	0.00986	0.00329	0.00767	0.01096	0.00986	0.01534
13	0.72785	0.01874	0.01425	0.01275	0.01874	0.02174	0.01050	0.02849	0.01649	0.04348	0.01350	0.01574	0.01050	0.00900	0.00600	0.00300	0.00750	0.00525	0.00600	0.01050
14	0.02527	0.02079	0.13902	0.01817	0.02427	0.01432	0.01680	0.06187	0.02360	0.21812	0.03920	0.28169	0.03742	0.01886	0.01070	0.00339	0.00858	0.01639	0.00901	0.01254
15	0.02084	0.04039	0.38496	0.03300	0.04548	0.02332	0.25025	0.03084	0.02144	0.03084	0.01829	0.02277	0.01326	0.00879	0.01011	0.00315	0.01514	0.00890	0.00442	0.01382
16	0.01372	0.00991	0.01296	0.01219	0.01448	0.00914	0.00914	0.01829	0.02743	0.03887	0.59381	0.07240	0.09145	0.01981	0.01143	0.00305	0.00457	0.01753	0.01067	0.00914
17	0.01558	0.01288	0.01950	0.26562	0.03571	0.01418	0.01636	0.02092	0.02416	0.03314	0.35961	0.05349	0.05955	0.01570	0.01072	0.00312	0.00796	0.01391	0.00808	0.00980
18	0.02030	0.17631	0.13242	0.38632	0.05263	0.02568	0.02597	0.02678	0.01964	0.02530	0.01637	0.02249	0.01270	0.00928	0.00879	0.00293	0.01255	0.00755	0.00423	0.01176
19	0.01445	0.01201	0.01849	0.26639	0.03546	0.01342	0.01628	0.01807	0.01889	0.02475	0.03872	0.39829	0.04331	0.02197	0.01128	0.00365	0.00859	0.01986	0.00709	0.00905
20	0.01635	0.01167	0.01387	0.01448	0.01648	0.01192	0.01033	0.07331	0.08086	0.03140	0.04629	0.45008	0.05094	0.02436	0.01116	0.00356	0.00620	0.02167	0.09544	0.00965
21	0.03771	0.02490	0.12681	0.02025	0.02901	0.01942	0.01901	0.16681	0.03067	0.37652	0.03106	0.02850	0.02017	0.01142	0.00964	0.00299	0.00988	0.00905	0.01007	0.01611
22	0.23237	0.01452	0.01796	0.01876	0.06808	0.01491	0.04222	0.02396	0.01941	0.08432	0.03383	0.27934	0.03506	0.01803	0.00959	0.00334	0.00745	0.01560	0.05082	0.01043
23	0.02003	0.01959	0.02944	0.27349	0.04222	0.02637	0.02352	0.02391	0.01669	0.02391	0.01455	0.02309	0.01280	0.01401	0.02282	0.00383	0.38626	0.00854	0.00427	0.01067

[dist]
# distance from previous block
# <min> <max>
0	2

[block]
# block no. 1 follows, 16 sequences, length 12
# corresponding to MSA columns:
# 132-143
name=unknown_B
#
# <colnr> <probs for GDERKNQSTAVLIFYWHMCP>
#	G	D	E	R	K	N	Q	S	T	A	V	L	I	F	Y	W	H	M	C	P
0	0.18001	0.09114	0.02256	0.01457	0.02245	0.01791	0.01215	0.02837	0.02010	0.09699	0.01831	0.02005	0.01435	0.00824	0.00709	0.00203	0.00773	0.00601	0.00631	0.40361
1	0.08054	0.31498	0.03702	0.01991	0.02621	0.17775	0.01724	0.08004	0.04798	0.02882	0.01580	0.01821	0.01345	0.01015	0.00988	0.00259	0.07552	0.00635	0.00525	0.01231
2	0.01315	0.00986	0.01148	0.01145	0.01354	0.00903	0.00829	0.01585	0.02184	0.02855	0.22943	0.08120	0.25881	0.17497	0.02067	0.00477	0.00624	0.06412	0.00876	0.00799
3	0.02147	0.03425	0.28991	0.09083	0.21305	0.02283	0.02995	0.03312	0.10848	0.03200	0.02108	0.02448	0.01599	0.00969	0.00947	0.00306	0.01229	0.00834	0.00523	0.01448
4	0.01247	0.00939	0.01154	0.01199	0.01396	0.00846	0.00862	0.01551	0.02304	0.03075	0.28040	0.27107	0.21825	0.02460	0.01175	0.00340	0.00501	0.02165	0.00966	0.00846
5	0.02061	0.01543	0.01658	0.01503	0.01975	0.01591	0.01166	0.03426	0.27042	0.09687	0.06552	0.06129	0.28120	0.01811	0.01056	0.00325	0.00650	0.01506	0.00971	0.01228
6	0.03053	0.02083	0.03378	0.02550	0.03303	0.02022	0.19704	0.09865	0.09893	0.22586	0.08400	0.03381	0.02726	0.01158	0.01048	0.00312	0.01078	0.01110	0.00898	0.01450
7	0.01219	0.00871	0.01169	0.01393	0.01467	0.00820	0.00967	0.01416	0.01894	0.02517	0.05321	0.59818	0.06326	0.03000	0.01247	0.00399	0.00596	0.07864	0.00899	0.00798
8	0.02329	0.08852	0.08984	0.01964	0.02676	0.02401	0.01727	0.04366	0.39481	0.03658	0.03170	0.03040	0.02410	0.01150	0.00910	0.00292	0.00862	0.00933	0.00815	0.09980
9	0.49312	0.10340	0.14464	0.01636	0.02440	0.02391	0.01659	0.02902	0.01772	0.03828	0.01432	0.01672	0.01111	0.00896	0.00670	0.00290	0.00929	0.00565	0.00537	0.01154
10	0.17688	0.24195	0.11887	0.01970	0.02771	0.14250	0.01878	0.09587	0.02373	0.03315	0.01553	0.01762	0.01250	0.00930	0.00752	0.00260	0.01174	0.00612	0.00536	0.01257
11	0.02465	0.09225	0.03057	0.19579	0.16479	0.02233	0.02131	0.08355	0.05482	0.09516	0.02557	0.10105	0.02211	0.01243	0.00961	0.00305	0.01039	0.01078	0.00667	0.01311

[dist]
# distance from previous block
# <min> <max>
0	20

[block]
# block no. 2 follows, 16 sequences, length 34
# corresponding to MSA columns:
# 164-197
name=unknown_C
#
# <colnr> <probs for GDERKNQSTAVLIFYWHMCP>
#	G	D	E	R	K	N	Q	S	T	A	V	L	I	F	Y	W	H	M	C	P
0	0.06521	0.01672	0.02282	0.27171	0.04021	0.01672	0.01764	0.02407	0.01946	0.02907	0.01948	0.06582	0.01694	0.00994	0.00850	0.00245	0.00947	0.00840	0.00539	0.33000
1	0.02567	0.06632	0.03551	0.07501	0.38564	0.02333	0.02489	0.06433	0.06263	0.07076	0.02090	0.02466	0.01660	0.00930	0.00926	0.00279	0.01071	0.00846	0.00591	0.05735
2	0.01867	0.21925	0.02532	0.01560	0.01904	0.07807	0.01235	0.02088	0.01980	0.02403	0.03702	0.38919	0.04271	0.02139	0.01007	0.00321	0.00829	0.01839	0.00707	0.00964
3	0.02227	0.01316	0.01624	0.01424	0.01853	0.01225	0.01099	0.02896	0.09191	0.16579	0.23280	0.11098	0.08544	0.01694	0.01030	0.00298	0.00613	0.01459	0.05275	0.07275
4	0.02524	0.02482	0.09170	0.04690	0.41079	0.02237	0.02691	0.03451	0.10369	0.08251	0.02296	0.02619	0.01786	0.00964	0.00961	0.00297	0.01095	0.00892	0.00609	0.01535
5	0.02151	0.01366	0.01784	0.01985	0.11252	0.01214	0.01277	0.02483	0.02350	0.17163	0.07006	0.06682	0.35706	0.01879	0.01072	0.00314	0.00683	0.01584	0.00905	0.01144
6	0.02363	0.16472	0.16877	0.27586	0.04620	0.02440	0.02505	0.03012	0.02084	0.10452	0.01931	0.02333	0.01417	0.00959	0.00884	0.00291	0.01206	0.00769	0.00526	0.01274
7	0.02655	0.35636	0.12824	0.12121	0.03442	0.02916	0.02086	0.03157	0.02109	0.12036	0.01878	0.02088	0.01440	0.00927	0.00784	0.00257	0.01105	0.00681	0.00546	0.01312
8	0.01847	0.02324	0.20188	0.01756	0.02416	0.01386	0.01806	0.02506	0.02527	0.09234	0.35712	0.05212	0.05982	0.01570	0.01056	0.00305	0.00801	0.01349	0.00873	0.01150
9	0.03234	0.15467	0.02838	0.02019	0.05833	0.14635	0.01523	0.03519	0.02344	0.23261	0.02580	0.03063	0.02054	0.11727	0.01533	0.00375	0.01101	0.00873	0.00747	0.01274
10	0.01409	0.00871	0.01184	0.01277	0.01310	0.00857	0.00839	0.01351	0.01551	0.02078	0.03500	0.29445	0.04019	0.14917	0.06145	0.25372	0.00840	0.01749	0.00655	0.00628
11	0.06195	0.15369	0.06108	0.02387	0.06003	0.27383	0.01906	0.12936	0.02813	0.07634	0.01818	0.01976	0.01413	0.00996	0.00847	0.00260	0.01335	0.00689	0.00619	0.01314
12	0.15472	0.13883	0.20063	0.02138	0.03075	0.05922	0.05661	0.03435	0.02189	0.16456	0.02086	0.02188	0.01487	0.00964	0.00837	0.00285	0.01134	0.00731	0.00638	0.01355
13	0.01968	0.01081	0.01340	0.01211	0.01535	0.00992	0.00931	0.02395	0.02538	0.13364	0.32736	0.05830	0.09899	0.01674	0.01001	0.00286	0.00521	0.01434	0.18236	0.01030
14	0.02591	0.66522	0.05079	0.01658	0.02488	0.03835	0.01658	0.02902	0.01969	0.02280	0.01347	0.01555	0.01244	0.00829	0.00622	0.00207	0.01036	0.00518	0.00415	0.01244
15	0.04136	0.01587	0.02137	0.01656	0.02362	0.01381	0.01362	0.04518	0.02712	0.55811	0.03768	0.03325	0.02406	0.01194	0.00950	0.00294	0.00794	0.00969	0.07052	0.01587
16	0.03379	0.01437	0.01925	0.01549	0.02136	0.01255	0.01251	0.03768	0.02735	0.42267	0.18967	0.04681	0.07335	0.01477	0.01029	0.00303	0.00708	0.01241	0.01148	0.01408
17	0.01284	0.00950	0.01031	0.01046	0.01186	0.00879	0.00671	0.01398	0.01771	0.02226	0.06013	0.11643	0.26908	0.35308	0.03110	0.00648	0.00728	0.01766	0.00738	0.00697
18	0.01547	0.00879	0.00995	0.01088	0.01244	0.00855	0.00770	0.01882	0.01959	0.03142	0.04065	0.29166	0.04110	0.01919	0.00909	0.00295	0.00497	0.01670	0.42151	0.00855
19	0.01807	0.00903	0.00903	0.00903	0.01129	0.00903	0.00678	0.02258	0.02033	0.03613	0.03162	0.03613	0.02484	0.01129	0.00678	0.00226	0.00452	0.00903	0.71319	0.00903
20	0.01181	0.00843	0.01125	0.01350	0.01406	0.00787	0.00900	0.01350	0.01856	0.02474	0.05342	0.65306	0.06410	0.03036	0.01237	0.00394	0.00562	0.02755	0.00900	0.00787
21	0.02010	0.01723	0.02010	0.01436	0.02297	0.01292	0.01148	0.02440	0.02010	0.03158	0.01723	0.02010	0.01436	0.00718	0.00718	0.00144	0.00718	0.00574	0.00574	0.71863
22	0.02315	0.28795	0.03843	0.02177	0.02521	0.03327	0.01929	0.02568	0.01685	0.02311	0.01303	0.01886	0.01260	0.01337	0.02121	0.00334	0.38017	0.00712	0.00420	0.01136
23	0.12014	0.12460	0.02960	0.01893	0.02661	0.02013	0.06853	0.04040	0.02459	0.38577	0.02936	0.02738	0.01956	0.01065	0.00889	0.00287	0.00931	0.00863	0.00929	0.01477
24	0.03213	0.01903	0.02215	0.01870	0.02501	0.02002	0.01489	0.04973	0.35208	0.27460	0.03895	0.03485	0.02727	0.01267	0.00981	0.00317	0.00791	0.01046	0.01075	0.01582
25	0.03213	0.01903	0.02215	0.01870	0.02501	0.02002	0.01489	0.04973	0.35208	0.27460	0.03895	0.03485	0.02727	0.01267	0.00981	0.00317	0.00791	0.01046	0.01075	0.01582
26	0.01912	0.02338	0.09710	0.02996	0.03807	0.01924	0.33624	0.02597	0.02284	0.03054	0.08553	0.04501	0.15540	0.01304	0.01122	0.00323	0.01251	0.01361	0.00625	0.01173
27	0.01924	0.04385	0.49685	0.06949	0.04256	0.02176	0.06821	0.02956	0.02097	0.03080	0.05246	0.02435	0.01728	0.00982	0.00952	0.00309	0.01377	0.00817	0.00456	0.01368
28	0.02636	0.01328	0.01702	0.01442	0.01919	0.01203	0.01139	0.03168	0.06015	0.27200	0.26313	0.05673	0.12809	0.01682	0.01064	0.00307	0.00633	0.01431	0.01094	0.01243
29	0.01284	0.00969	0.01187	0.01171	0.01404	0.00871	0.00863	0.01646	0.02481	0.03353	0.38677	0.15374	0.22677	0.02249	0.01156	0.00323	0.00480	0.01964	0.00999	0.00871
30	0.03296	0.02193	0.03149	0.03948	0.31999	0.06122	0.02252	0.03765	0.02481	0.27010	0.02633	0.02728	0.01875	0.01013	0.00960	0.00290	0.01057	0.00893	0.00781	0.01554
31	0.10582	0.05643	0.02378	0.02536	0.14188	0.01919	0.01641	0.12849	0.02473	0.03580	0.03276	0.23588	0.03429	0.01793	0.01022	0.00333	0.00864	0.05966	0.00759	0.01181
32	0.01332	0.00890	0.01131	0.01244	0.01371	0.00838	0.00867	0.01619	0.02106	0.03014	0.18462	0.40658	0.06446	0.02459	0.01121	0.00344	0.00518	0.02200	0.12543	0.00838
33	0.02250	0.02324	0.11837	0.01770	0.02664	0.01652	0.01639	0.03184	0.11616	0.07788	0.02268	0.02390	0.01735	0.00891	0.00817	0.00214	0.00853	0.00718	0.00666	0.42725

[dist]
# distance from previous block
# <min> <max>
0	1

[block]
# block no. 3 follows, 16 sequences, length 19
# corresponding to MSA columns:
# 199-217
name=unknown_D
#
# <colnr> <probs for GDERKNQSTAVLIFYWHMCP>
#	G	D	E	R	K	N	Q	S	T	A	V	L	I	F	Y	W	H	M	C	P
0	0.02398	0.02462	0.10228	0.08841	0.03366	0.02106	0.05076	0.13842	0.11750	0.03805	0.02224	0.02440	0.01687	0.00965	0.00891	0.00255	0.01006	0.00803	0.00679	0.25176
1	0.02704	0.16853	0.03256	0.02231	0.02659	0.16563	0.01854	0.06468	0.10951	0.02824	0.01822	0.02158	0.01547	0.01255	0.01617	0.00314	0.22374	0.00765	0.00560	0.01224
2	0.01703	0.01395	0.01559	0.01528	0.01853	0.01476	0.01135	0.02978	0.25220	0.03311	0.11664	0.23604	0.14489	0.02106	0.01107	0.00345	0.00622	0.01835	0.00954	0.01115
3	0.01975	0.01762	0.02846	0.03999	0.35800	0.01731	0.02125	0.02502	0.02428	0.03463	0.25551	0.04394	0.04672	0.01324	0.01035	0.00295	0.00865	0.01230	0.00722	0.01279
4	0.01285	0.00987	0.01175	0.01128	0.01395	0.00878	0.00846	0.01661	0.02539	0.03401	0.40388	0.08040	0.28442	0.02163	0.01144	0.00313	0.00470	0.01865	0.01003	0.00878
5	0.01278	0.00987	0.01166	0.01121	0.01391	0.00875	0.00841	0.01648	0.02523	0.03364	0.38950	0.08100	0.29903	0.02176	0.01144	0.00314	0.00471	0.01873	0.00998	0.00875
6	0.02591	0.66522	0.05079	0.01658	0.02488	0.03835	0.01658	0.02902	0.01969	0.02280	0.01347	0.01555	0.01244	0.00829	0.00622	0.00207	0.01036	0.00518	0.00415	0.01244
7	0.02487	0.01176	0.01588	0.01504	0.01846	0.01050	0.01116	0.02740	0.02234	0.26421	0.04716	0.39744	0.04757	0.02279	0.01129	0.00355	0.00670	0.02021	0.01023	0.01143
8	0.03684	0.02715	0.02909	0.02230	0.03006	0.03006	0.01842	0.56661	0.04557	0.06108	0.02327	0.02327	0.01648	0.01163	0.00970	0.00291	0.01067	0.00873	0.00970	0.01648
9	0.03550	0.01828	0.02225	0.01827	0.02493	0.01831	0.01470	0.04899	0.25598	0.37269	0.03874	0.03430	0.02630	0.01247	0.00979	0.00312	0.00801	0.01025	0.01112	0.01602
10	0.03316	0.39779	0.03912	0.01686	0.02482	0.02841	0.01562	0.03653	0.02301	0.26307	0.02368	0.02274	0.01720	0.00982	0.00767	0.00245	0.00949	0.00706	0.00738	0.01411
11	0.01528	0.01152	0.01439	0.01366	0.01386	0.01316	0.00918	0.01603	0.01439	0.01998	0.02699	0.05341	0.03017	0.48464	0.10986	0.00920	0.11906	0.01272	0.00552	0.00699
12	0.01830	0.01723	0.02907	0.63609	0.06675	0.02153	0.02692	0.02476	0.01938	0.02476	0.01723	0.02584	0.01292	0.00969	0.00969	0.00323	0.01292	0.00861	0.00431	0.01077
13	0.01375	0.01025	0.01295	0.01380	0.01542	0.01006	0.00975	0.01916	0.08377	0.03075	0.21459	0.40966	0.06850	0.02527	0.01181	0.00360	0.00553	0.02269	0.00960	0.00909
14	0.02859	0.02076	0.02761	0.25077	0.13597	0.08547	0.02150	0.03332	0.02295	0.20039	0.02421	0.02883	0.01785	0.04615	0.01178	0.00336	0.01159	0.00900	0.00687	0.01304
15	0.02694	0.50567	0.10127	0.01901	0.02735	0.13065	0.01880	0.03074	0.02102	0.02372	0.01410	0.01634	0.01243	0.00865	0.00692	0.00224	0.01190	0.00555	0.00428	0.01243
16	0.23121	0.01927	0.08159	0.01459	0.02133	0.01552	0.01312	0.02435	0.02081	0.03637	0.14942	0.03482	0.06453	0.01180	0.00825	0.00256	0.00735	0.00925	0.00693	0.22694
17	0.03059	0.05710	0.02075	0.01615	0.02033	0.08039	0.01248	0.03088	0.02098	0.26204	0.02529	0.02873	0.01904	0.02048	0.02101	0.29764	0.00947	0.00853	0.00752	0.01059
18	0.02485	0.01892	0.02274	0.01955	0.02487	0.02050	0.04671	0.09617	0.32078	0.09517	0.09617	0.10305	0.03695	0.01511	0.01036	0.00326	0.00801	0.01308	0.00975	0.01400

[dist]
# distance from previous block
# <min> <max>
3	19

[block]
# block no. 4 follows, 16 sequences, length 12
# corresponding to MSA columns:
# 237-248
name=unknown_E
#
# <colnr> <probs for GDERKNQSTAVLIFYWHMCP>
#	G	D	E	R	K	N	Q	S	T	A	V	L	I	F	Y	W	H	M	C	P
0	0.02025	0.12935	0.02392	0.01542	0.02120	0.01720	0.01282	0.02398	0.01877	0.06519	0.02141	0.02722	0.01854	0.03343	0.24829	0.00721	0.01519	0.00774	0.00567	0.26720
1	0.42327	0.03224	0.27003	0.01914	0.02872	0.02207	0.02138	0.02944	0.01820	0.03799	0.01517	0.01777	0.01126	0.00909	0.00738	0.00303	0.01043	0.00607	0.00518	0.01214
2	0.01181	0.00843	0.01125	0.01350	0.01406	0.00787	0.00900	0.01350	0.01856	0.02474	0.05342	0.65306	0.06410	0.03036	0.01237	0.00394	0.00562	0.02755	0.00900	0.00787
3	0.02833	0.02395	0.02829	0.02303	0.02933	0.10151	0.11227	0.08123	0.24495	0.10941	0.03056	0.03053	0.02253	0.01141	0.00967	0.00302	0.01051	0.00991	0.07555	0.01402
4	0.02256	0.03261	0.25582	0.02595	0.07469	0.02270	0.02505	0.09943	0.02286	0.03371	0.01737	0.02115	0.01361	0.01041	0.01286	0.00288	0.12323	0.00740	0.00529	0.17042
5	0.17429	0.02158	0.13879	0.05105	0.02540	0.01573	0.01627	0.02320	0.01938	0.03205	0.05472	0.17929	0.05729	0.01520	0.00914	0.00299	0.00845	0.01264	0.00655	0.13601
6	0.02098	0.02116	0.03407	0.02773	0.05582	0.04425	0.18240	0.02557	0.01906	0.02721	0.01835	0.02636	0.01610	0.04518	0.09542	0.00498	0.18449	0.00928	0.00495	0.13664
7	0.02411	0.02070	0.03044	0.39193	0.12776	0.02405	0.02498	0.17305	0.02687	0.03558	0.01901	0.02489	0.01422	0.01008	0.00968	0.00310	0.01212	0.00865	0.00584	0.01294
8	0.02307	0.21744	0.23528	0.13594	0.11474	0.02654	0.02663	0.02996	0.02067	0.05968	0.01750	0.02116	0.01350	0.00911	0.00851	0.00278	0.01221	0.00719	0.00468	0.01340
9	0.02873	0.02176	0.08334	0.02906	0.14783	0.01744	0.08394	0.03409	0.02341	0.22857	0.02711	0.06368	0.02068	0.01082	0.00957	0.00279	0.01010	0.00982	0.00764	0.13959
10	0.01431	0.01120	0.01551	0.12255	0.02361	0.01125	0.01213	0.01902	0.02550	0.03516	0.44443	0.06613	0.12547	0.01847	0.01112	0.00310	0.00608	0.01623	0.00938	0.00934
11	0.02523	0.02152	0.03816	0.16835	0.31640	0.02181	0.12175	0.03129	0.02242	0.10673	0.02094	0.02595	0.01589	0.00922	0.00996	0.00304	0.01222	0.00928	0.00568	0.01416

[dist]
# distance from previous block
# <min> <max>
0	5

[block]
# block no. 5 follows, 16 sequences, length 8
# corresponding to MSA columns:
# 254-261
name=unknown_F
#
# <colnr> <probs for GDERKNQSTAVLIFYWHMCP>
#	G	D	E	R	K	N	Q	S	T	A	V	L	I	F	Y	W	H	M	C	P
0	0.03317	0.01837	0.02592	0.24685	0.04108	0.01933	0.01956	0.11737	0.02734	0.30858	0.02821	0.02888	0.01876	0.01109	0.00972	0.00307	0.01034	0.00917	0.00880	0.01437
1	0.02718	0.03223	0.02147	0.02073	0.02408	0.39394	0.01513	0.02938	0.02417	0.02410	0.02920	0.25251	0.03157	0.01752	0.01008	0.00303	0.01309	0.01412	0.00647	0.00999
2	0.02010	0.01723	0.02010	0.01436	0.02297	0.01292	0.01148	0.02440	0.02010	0.03158	0.01723	0.02010	0.01436	0.00718	0.00718	0.00144	0.00718	0.00574	0.00574	0.71863
3	0.47477	0.01791	0.01729	0.01441	0.02096	0.01897	0.01188	0.03542	0.02065	0.25136	0.02264	0.02212	0.01549	0.01011	0.00738	0.00300	0.00777	0.00691	0.00822	0.01271
4	0.02747	0.01179	0.01401	0.01207	0.01627	0.01096	0.00954	0.03170	0.02307	0.24673	0.03406	0.03497	0.02453	0.01155	0.00787	0.00253	0.00590	0.00930	0.45389	0.01179
5	0.02481	0.01264	0.01813	0.01619	0.02006	0.01290	0.01290	0.02837	0.02007	0.23814	0.03050	0.03619	0.02414	0.05025	0.39495	0.01093	0.01941	0.01015	0.00771	0.01155
6	0.02010	0.01723	0.02010	0.01436	0.02297	0.01292	0.01148	0.02440	0.02010	0.03158	0.01723	0.02010	0.01436	0.00718	0.00718	0.00144	0.00718	0.00574	0.00574	0.71863
7	0.03127	0.01922	0.02213	0.01881	0.02503	0.02046	0.01494	0.04992	0.37667	0.24951	0.03900	0.03499	0.02752	0.01272	0.00982	0.00318	0.00788	0.01051	0.01065	0.01577

[dist]
# distance from previous block
# <min> <max>
0	3

[block]
# block no. 6 follows, 16 sequences, length 15
# corresponding to MSA columns:
# 265-279
name=unknown_G
#
# <colnr> <probs for GDERKNQSTAVLIFYWHMCP>
#	G	D	E	R	K	N	Q	S	T	A	V	L	I	F	Y	W	H	M	C	P
0	0.08921	0.01245	0.01559	0.01458	0.01838	0.01152	0.01097	0.02739	0.02199	0.24161	0.04697	0.32953	0.07800	0.02123	0.01076	0.00346	0.00672	0.01846	0.00983	0.01132
1	0.05574	0.01412	0.01727	0.01458	0.02007	0.01188	0.01116	0.02560	0.02099	0.14936	0.03389	0.24048	0.03331	0.01625	0.00944	0.00270	0.00688	0.01406	0.00818	0.29405
2	0.01719	0.01387	0.01612	0.01562	0.01898	0.01417	0.01149	0.02830	0.21332	0.03227	0.09331	0.31358	0.04884	0.02075	0.01081	0.00334	0.00642	0.01836	0.00906	0.09421
3	0.02228	0.01438	0.02172	0.17561	0.08381	0.01517	0.01703	0.02705	0.02232	0.14941	0.14057	0.03946	0.03412	0.02429	0.12720	0.00543	0.01218	0.01101	0.04541	0.01155
4	0.02010	0.01723	0.02010	0.01436	0.02297	0.01292	0.01148	0.02440	0.02010	0.03158	0.01723	0.02010	0.01436	0.00718	0.00718	0.00144	0.00718	0.00574	0.00574	0.71863
5	0.01554	0.00938	0.01257	0.01394	0.01531	0.00862	0.00961	0.01747	0.01964	0.09311	0.05163	0.58008	0.05938	0.02820	0.01206	0.00383	0.00593	0.02546	0.00935	0.00889
6	0.01369	0.01023	0.01312	0.01329	0.01563	0.00915	0.00973	0.01691	0.02222	0.03077	0.23709	0.31496	0.09124	0.02349	0.01147	0.00334	0.00564	0.05680	0.00918	0.09205
7	0.02459	0.19430	0.23929	0.03154	0.14395	0.02608	0.08992	0.03167	0.02154	0.08239	0.01876	0.02173	0.01428	0.00900	0.00884	0.00280	0.01246	0.00769	0.00507	0.01410
8	0.03896	0.01990	0.02379	0.02062	0.06127	0.07116	0.01556	0.07976	0.02859	0.43647	0.07406	0.03317	0.02675	0.01214	0.00976	0.00294	0.00920	0.00985	0.01064	0.01541
9	0.50416	0.01958	0.02127	0.07981	0.15449	0.02201	0.01634	0.02844	0.01802	0.03911	0.01491	0.01853	0.01182	0.00898	0.00715	0.00299	0.00890	0.00632	0.00557	0.01162
10	0.01210	0.00891	0.01123	0.01270	0.01379	0.00837	0.00863	0.01389	0.01858	0.02430	0.05754	0.45372	0.15531	0.09000	0.05846	0.00514	0.00727	0.02382	0.00844	0.00780
11	0.01154	0.00947	0.01018	0.01075	0.01334	0.00810	0.00778	0.01380	0.02120	0.02582	0.08688	0.23463	0.46093	0.02602	0.01169	0.00344	0.00509	0.02225	0.00900	0.00810
12	0.02119	0.01835	0.05175	0.01998	0.06392	0.01642	0.01484	0.15624	0.02601	0.03616	0.03339	0.27595	0.03487	0.01784	0.01018	0.00300	0.00812	0.01555	0.00788	0.16835
13	0.02314	0.02150	0.06705	0.06323	0.14777	0.01900	0.01923	0.03219	0.11719	0.07265	0.02254	0.02499	0.01755	0.00958	0.00974	0.00251	0.03803	0.00792	0.00642	0.27777
14	0.22334	0.20725	0.20802	0.05036	0.03259	0.02680	0.07070	0.02936	0.01929	0.03191	0.01539	0.01853	0.01206	0.00882	0.00769	0.00280	0.01140	0.00653	0.00473	0.01243

[dist]
# distance from previous block
# <min> <max>
0	1

[block]
# block no. 7 follows, 16 sequences, length 18
# corresponding to MSA columns:
# 281-298
name=unknown_H
#
# <colnr> <probs for GDERKNQSTAVLIFYWHMCP>
#	G	D	E	R	K	N	Q	S	T	A	V	L	I	F	Y	W	H	M	C	P
0	0.15685	0.36009	0.03668	0.08542	0.02842	0.02919	0.01621	0.03165	0.02049	0.12921	0.01825	0.01980	0.01417	0.00923	0.00719	0.00254	0.00975	0.00638	0.00588	0.01261
1	0.01302	0.01049	0.01175	0.01242	0.01484	0.00984	0.00892	0.01795	0.08334	0.02721	0.07339	0.31462	0.31564	0.02564	0.01165	0.00354	0.00551	0.02228	0.00910	0.00886
2	0.01556	0.01280	0.01408	0.01363	0.01697	0.01290	0.01022	0.02547	0.18351	0.03243	0.16572	0.15356	0.26358	0.02124	0.01112	0.00333	0.00574	0.01821	0.00955	0.01037
3	0.01273	0.00987	0.01159	0.01116	0.01388	0.00873	0.00837	0.01638	0.02511	0.03335	0.37814	0.08148	0.31056	0.02187	0.01144	0.00315	0.00472	0.01880	0.00994	0.00873
4	0.02801	0.36901	0.04021	0.02062	0.02644	0.20427	0.01805	0.03076	0.02104	0.02316	0.01377	0.01714	0.01250	0.01037	0.01164	0.00259	0.12816	0.00609	0.00441	0.01176
5	0.04348	0.01649	0.02249	0.01724	0.02474	0.01425	0.01425	0.04723	0.02774	0.60564	0.03824	0.03299	0.02399	0.01200	0.00975	0.00300	0.00825	0.00975	0.01200	0.01649
6	0.01915	0.01685	0.02691	0.03721	0.32359	0.01649	0.02004	0.02435	0.02460	0.03506	0.28939	0.04679	0.05120	0.01390	0.01046	0.00296	0.00824	0.01282	0.00756	0.01243
7	0.03684	0.02715	0.02909	0.02230	0.03006	0.03006	0.01842	0.56661	0.04557	0.06108	0.02327	0.02327	0.01648	0.01163	0.00970	0.00291	0.01067	0.00873	0.00970	0.01648
8	0.72785	0.01874	0.01425	0.01275	0.01874	0.02174	0.01050	0.02849	0.01649	0.04348	0.01350	0.01574	0.01050	0.00900	0.00600	0.00300	0.00750	0.00525	0.00600	0.01050
9	0.01364	0.01013	0.01400	0.01364	0.01573	0.01048	0.01043	0.01756	0.02152	0.03037	0.29570	0.05752	0.09087	0.04502	0.29859	0.00896	0.01467	0.01434	0.00799	0.00885
10	0.03318	0.02533	0.02702	0.02156	0.02866	0.02834	0.01754	0.41838	0.19976	0.05517	0.02792	0.02698	0.02025	0.01207	0.00974	0.00302	0.00980	0.00937	0.00974	0.01615
11	0.72785	0.01874	0.01425	0.01275	0.01874	0.02174	0.01050	0.02849	0.01649	0.04348	0.01350	0.01574	0.01050	0.00900	0.00600	0.00300	0.00750	0.00525	0.00600	0.01050
12	0.36589	0.01755	0.01861	0.01512	0.02192	0.01778	0.01248	0.03840	0.02244	0.34080	0.02658	0.02486	0.01763	0.01058	0.00798	0.00300	0.00789	0.00763	0.00917	0.01367
13	0.72785	0.01874	0.01425	0.01275	0.01874	0.02174	0.01050	0.02849	0.01649	0.04348	0.01350	0.01574	0.01050	0.00900	0.00600	0.00300	0.00750	0.00525	0.00600	0.01050
14	0.02098	0.01996	0.03391	0.36445	0.31746	0.02224	0.02825	0.02711	0.02065	0.02801	0.01770	0.02497	0.01407	0.00919	0.00965	0.00306	0.01226	0.00862	0.00454	0.01293
15	0.03481	0.02349	0.03531	0.02619	0.03447	0.02344	0.17820	0.24476	0.03325	0.22378	0.02690	0.02718	0.01832	0.01072	0.01023	0.00304	0.01158	0.00985	0.00900	0.01548
16	0.02856	0.01270	0.01719	0.01548	0.01971	0.01124	0.01177	0.03134	0.02341	0.33197	0.04539	0.32511	0.04289	0.02065	0.01098	0.00344	0.00701	0.01814	0.01058	0.01243
17	0.01885	0.01705	0.02650	0.03756	0.32422	0.01658	0.02071	0.02342	0.02212	0.02960	0.04730	0.05957	0.18956	0.01654	0.01083	0.00328	0.00914	0.10831	0.00676	0.01211

[dist]
# distance from previous block
# <min> <max>
0	1

[block]
# block no. 8 follows, 16 sequences, length 17
# corresponding to MSA columns:
# 300-316
name=unknown_I
#
# <colnr> <probs for GDERKNQSTAVLIFYWHMCP>
#	G	D	E	R	K	N	Q	S	T	A	V	L	I	F	Y	W	H	M	C	P
0	0.03665	0.02952	0.02815	0.02743	0.11695	0.21765	0.01902	0.15266	0.03058	0.20929	0.02431	0.02443	0.01727	0.01074	0.00938	0.00280	0.01230	0.00821	0.00809	0.01459
1	0.01823	0.01866	0.01528	0.01526	0.01793	0.16439	0.01107	0.02078	0.02314	0.02706	0.13943	0.25413	0.19410	0.02200	0.01106	0.00326	0.00830	0.01870	0.00824	0.00901
2	0.01336	0.01045	0.01433	0.01502	0.01614	0.01142	0.01106	0.01572	0.01755	0.02401	0.04459	0.34548	0.09306	0.04197	0.20762	0.00761	0.07530	0.01957	0.00731	0.00842
3	0.01677	0.02285	0.16844	0.02288	0.02908	0.01680	0.11269	0.02295	0.01803	0.02598	0.02277	0.03170	0.01966	0.04602	0.36609	0.01039	0.02145	0.00977	0.00487	0.01080
4	0.02793	0.02446	0.11291	0.01930	0.02639	0.02160	0.01760	0.19773	0.16240	0.10055	0.02940	0.02950	0.02140	0.01158	0.00907	0.00290	0.00903	0.00918	0.15272	0.01435
5	0.14119	0.04178	0.45404	0.02388	0.03626	0.02152	0.02928	0.02975	0.01975	0.03297	0.01671	0.01962	0.01216	0.00899	0.00847	0.00291	0.01251	0.00671	0.00457	0.07695
6	0.01994	0.08991	0.20990	0.01972	0.02791	0.01782	0.06456	0.02605	0.02246	0.08949	0.09490	0.04866	0.19936	0.01496	0.01004	0.00304	0.00972	0.01258	0.00708	0.01192
7	0.03628	0.01806	0.02350	0.01900	0.02494	0.01855	0.01554	0.04434	0.13247	0.40607	0.03450	0.03177	0.02332	0.01299	0.01320	0.00325	0.10671	0.00978	0.01038	0.01535
8	0.01944	0.05013	0.60917	0.02762	0.04195	0.02251	0.03581	0.03069	0.02046	0.03069	0.01739	0.02046	0.01228	0.00921	0.00921	0.00307	0.01432	0.00716	0.00409	0.01432
9	0.43252	0.01811	0.01669	0.01342	0.02051	0.01806	0.01091	0.02679	0.01800	0.03852	0.01505	0.01756	0.01211	0.00824	0.00649	0.00235	0.00736	0.00545	0.00589	0.30598
10	0.01400	0.00959	0.01204	0.01235	0.01427	0.00902	0.00926	0.01463	0.01844	0.02317	0.05869	0.06960	0.28118	0.03216	0.07514	0.23856	0.00849	0.08531	0.00708	0.00702
11	0.32331	0.03232	0.02208	0.07080	0.02835	0.32073	0.01597	0.03328	0.02221	0.03205	0.01455	0.01745	0.01169	0.00955	0.00767	0.00277	0.01293	0.00603	0.00536	0.01089
12	0.03887	0.01835	0.02294	0.01761	0.02499	0.01709	0.01448	0.15010	0.03036	0.41725	0.03309	0.03009	0.02170	0.01148	0.00937	0.00281	0.00846	0.00917	0.04716	0.07462
13	0.01385	0.01038	0.01558	0.01558	0.01731	0.01211	0.01211	0.01731	0.01558	0.02250	0.02596	0.03808	0.02423	0.07269	0.62098	0.01558	0.02596	0.01038	0.00519	0.00865
14	0.52728	0.01902	0.01724	0.01451	0.02096	0.02094	0.01196	0.07970	0.02135	0.15981	0.01941	0.01993	0.01378	0.00984	0.00709	0.00299	0.00793	0.00647	0.00755	0.01225
15	0.01387	0.00969	0.01196	0.01152	0.01285	0.00925	0.00778	0.01654	0.02187	0.03049	0.35877	0.06865	0.06799	0.28669	0.02725	0.00570	0.00659	0.01610	0.00867	0.00778
16	0.30535	0.03092	0.02159	0.01931	0.02491	0.27233	0.01501	0.06336	0.10182	0.03572	0.01825	0.01972	0.01431	0.01013	0.00787	0.00283	0.01185	0.00664	0.00631	0.01179

[dist]
# distance from previous block
# <min> <max>
0	1

[block]
# block no. 9 follows, 16 sequences, length 11
# corresponding to MSA columns:
# 318-328
name=unknown_J
#
# <colnr> <probs for GDERKNQSTAVLIFYWHMCP>
#	G	D	E	R	K	N	Q	S	T	A	V	L	I	F	Y	W	H	M	C	P
0	0.03019	0.08665	0.08540	0.08911	0.17068	0.10327	0.02287	0.14957	0.02802	0.11133	0.02094	0.02325	0.01559	0.01003	0.00919	0.00283	0.01197	0.00804	0.00667	0.01441
1	0.02120	0.02120	0.02969	0.02545	0.02545	0.02969	0.02120	0.02332	0.01484	0.02332	0.01272	0.02120	0.01272	0.01696	0.03181	0.00424	0.64165	0.00848	0.00424	0.01060
2	0.02103	0.02001	0.03400	0.35902	0.32247	0.02225	0.02828	0.02716	0.02067	0.02808	0.01771	0.02495	0.01409	0.00918	0.00964	0.00306	0.01224	0.00862	0.00454	0.01297
3	0.02120	0.02120	0.02969	0.02545	0.02545	0.02969	0.02120	0.02332	0.01484	0.02332	0.01272	0.02120	0.01272	0.01696	0.03181	0.00424	0.64165	0.00848	0.00424	0.01060
4	0.01374	0.01003	0.01333	0.01527	0.01706	0.00962	0.01222	0.01697	0.02097	0.02715	0.05822	0.29689	0.12968	0.02773	0.01278	0.00412	0.00724	0.28955	0.00896	0.00846
5	0.02010	0.01723	0.02010	0.01436	0.02297	0.01292	0.01148	0.02440	0.02010	0.03158	0.01723	0.02010	0.01436	0.00718	0.00718	0.00144	0.00718	0.00574	0.00574	0.71863
6	0.01944	0.05013	0.60917	0.02762	0.04195	0.02251	0.03581	0.03069	0.02046	0.03069	0.01739	0.02046	0.01228	0.00921	0.00921	0.00307	0.01432	0.00716	0.00409	0.01432
7	0.01362	0.01047	0.01283	0.01385	0.01655	0.00968	0.01146	0.01719	0.02258	0.02844	0.11107	0.09950	0.29992	0.02528	0.01238	0.00383	0.00681	0.26687	0.00908	0.00861
8	0.02768	0.03407	0.32812	0.10412	0.03921	0.01950	0.02712	0.03568	0.02286	0.23048	0.02464	0.02554	0.01645	0.01024	0.00946	0.00307	0.01202	0.00825	0.00688	0.01461
9	0.02265	0.02915	0.14338	0.04451	0.22148	0.02371	0.30815	0.03058	0.02222	0.03118	0.01881	0.02452	0.01451	0.00849	0.01049	0.00311	0.01449	0.00985	0.00473	0.01400
10	0.38530	0.01437	0.01435	0.01357	0.01720	0.01644	0.01060	0.02226	0.01551	0.03237	0.01782	0.02490	0.01575	0.03248	0.19507	0.13727	0.01317	0.00736	0.00543	0.00880

[dist]
# distance from previous block
# <min> <max>
0	4

[block]
# block no. 10 follows, 16 sequences, length 14
# corresponding to MSA columns:
# 333-346
name=unknown_K
#
# <colnr> <probs for GDERKNQSTAVLIFYWHMCP>
#	G	D	E	R	K	N	Q	S	T	A	V	L	I	F	Y	W	H	M	C	P
0	0.03937	0.02006	0.02414	0.01864	0.02591	0.01990	0.01536	0.24234	0.03402	0.36364	0.03215	0.02951	0.02120	0.01181	0.00954	0.00292	0.00893	0.00932	0.05521	0.01602
1	0.49969	0.01758	0.01691	0.01704	0.05717	0.01938	0.01294	0.02907	0.01891	0.09593	0.02235	0.03308	0.01945	0.01214	0.00779	0.00323	0.00806	0.09116	0.00698	0.01115
2	0.02097	0.01874	0.08535	0.02538	0.13096	0.01583	0.01806	0.02672	0.05757	0.10909	0.04107	0.21318	0.08294	0.01872	0.01211	0.00347	0.04576	0.05428	0.00786	0.01194
3	0.25817	0.11859	0.08794	0.01842	0.02683	0.02192	0.07470	0.02784	0.01917	0.03411	0.01570	0.01866	0.01260	0.00827	0.00732	0.00242	0.00950	0.00626	0.00533	0.22626
4	0.01603	0.01353	0.02009	0.22246	0.03312	0.01543	0.01635	0.02098	0.02343	0.03253	0.34040	0.05149	0.05698	0.01613	0.01296	0.00323	0.07354	0.01360	0.00787	0.00984
5	0.02033	0.02978	0.22617	0.24014	0.10199	0.02289	0.02807	0.03136	0.10753	0.02984	0.02059	0.02517	0.01553	0.01039	0.01084	0.00321	0.04940	0.00848	0.00515	0.01313
6	0.01598	0.01310	0.01534	0.01258	0.01787	0.01057	0.00975	0.01993	0.02294	0.03265	0.22267	0.05443	0.17771	0.01540	0.00957	0.00239	0.00580	0.01306	0.00811	0.32016
7	0.02571	0.01955	0.02063	0.01682	0.02261	0.02046	0.01357	0.32414	0.03527	0.04577	0.05613	0.05398	0.27027	0.01730	0.01047	0.00307	0.00814	0.01387	0.00939	0.01284
8	0.01409	0.00940	0.01057	0.01057	0.01057	0.00940	0.00587	0.01409	0.01409	0.01879	0.03054	0.06342	0.03524	0.65938	0.04933	0.00940	0.00940	0.01409	0.00587	0.00587
9	0.02156	0.01777	0.02233	0.01976	0.02461	0.01944	0.07086	0.03929	0.33586	0.03693	0.03794	0.04692	0.03144	0.01451	0.01006	0.00330	0.00823	0.09500	0.13123	0.01298
10	0.02010	0.01723	0.02010	0.01436	0.02297	0.01292	0.01148	0.02440	0.02010	0.03158	0.01723	0.02010	0.01436	0.00718	0.00718	0.00144	0.00718	0.00574	0.00574	0.71863
11	0.02992	0.02108	0.02730	0.02245	0.02610	0.02550	0.01859	0.13094	0.05589	0.17960	0.02268	0.02543	0.01724	0.01450	0.02088	0.00363	0.32830	0.00899	0.00754	0.01345
12	0.01265	0.00908	0.01200	0.01292	0.01424	0.00843	0.00906	0.01560	0.02245	0.03094	0.29048	0.39833	0.07610	0.02574	0.01196	0.00355	0.00516	0.02315	0.00973	0.00843
13	0.32689	0.01407	0.01337	0.01322	0.01737	0.01492	0.01087	0.02208	0.02001	0.03523	0.07944	0.06194	0.17588	0.01799	0.00953	0.00343	0.00701	0.13955	0.00777	0.00944

[dist]
# distance from previous block
# <min> <max>
0	4

[block]
# block no. 11 follows, 16 sequences, length 6
# corresponding to MSA columns:
# 351-356
name=unknown_L
#
# <colnr> <probs for GDERKNQSTAVLIFYWHMCP>
#	G	D	E	R	K	N	Q	S	T	A	V	L	I	F	Y	W	H	M	C	P
0	0.72785	0.01874	0.01425	0.01275	0.01874	0.02174	0.01050	0.02849	0.01649	0.04348	0.01350	0.01574	0.01050	0.00900	0.00600	0.00300	0.00750	0.00525	0.00600	0.01050
1	0.01562	0.01116	0.01562	0.01785	0.02008	0.01116	0.01562	0.02008	0.02231	0.02900	0.05132	0.10933	0.05578	0.02677	0.01339	0.00446	0.00892	0.53369	0.00892	0.00892
2	0.01903	0.02857	0.21094	0.02869	0.03754	0.01936	0.24410	0.02686	0.02273	0.03203	0.14009	0.08586	0.03388	0.01272	0.01084	0.00322	0.01242	0.01274	0.00619	0.01221
3	0.02591	0.01715	0.01934	0.01620	0.02109	0.01803	0.01288	0.20126	0.09595	0.09882	0.19288	0.04220	0.04187	0.01414	0.00969	0.00288	0.00722	0.01168	0.13793	0.01288
4	0.03046	0.12624	0.02906	0.01988	0.02677	0.02757	0.01650	0.22372	0.25909	0.09440	0.02963	0.02816	0.02185	0.01175	0.00921	0.00294	0.00918	0.00916	0.00907	0.01537
5	0.02001	0.01352	0.01517	0.01363	0.01722	0.01376	0.01077	0.13978	0.02828	0.04074	0.20118	0.05584	0.10857	0.01651	0.00980	0.00291	0.00627	0.05319	0.22226	0.01060

[dist]
# distance from previous block
# <min> <max>
5	9

[block]
# block no. 12 follows, 16 sequences, length 26
# corresponding to MSA columns:
# 366-391
name=unknown_M
#
# <colnr> <probs for GDERKNQSTAVLIFYWHMCP>
#	G	D	E	R	K	N	Q	S	T	A	V	L	I	F	Y	W	H	M	C	P
0	0.02678	0.16559	0.09812	0.01977	0.02751	0.15214	0.01790	0.03273	0.06113	0.07044	0.01886	0.02073	0.01500	0.00947	0.00904	0.00236	0.03969	0.00668	0.00573	0.20033
1	0.59930	0.01772	0.01488	0.01310	0.01889	0.01989	0.01071	0.02925	0.01853	0.09422	0.06959	0.02257	0.01924	0.01027	0.00684	0.00300	0.00729	0.00680	0.00698	0.01092
2	0.02065	0.01570	0.02450	0.20909	0.08859	0.01645	0.05247	0.02697	0.05020	0.10230	0.20064	0.04563	0.07814	0.01400	0.01045	0.00312	0.00913	0.01253	0.00783	0.01160
3	0.03043	0.02396	0.02548	0.02100	0.02761	0.02706	0.01687	0.30724	0.31538	0.05074	0.03142	0.02976	0.02308	0.01240	0.00978	0.00310	0.00916	0.00985	0.00978	0.01591
4	0.14484	0.01507	0.01833	0.01491	0.02078	0.01395	0.01203	0.03457	0.02531	0.31731	0.18796	0.04032	0.03999	0.01337	0.00943	0.00291	0.00703	0.01092	0.01023	0.06075
5	0.02730	0.23347	0.17225	0.02884	0.13609	0.02619	0.06122	0.03326	0.02211	0.14120	0.02054	0.02239	0.01536	0.00928	0.00859	0.00272	0.01149	0.00761	0.00585	0.01425
6	0.02710	0.29476	0.09329	0.11798	0.07336	0.02850	0.04971	0.06749	0.02294	0.11104	0.01928	0.02175	0.01474	0.00937	0.00828	0.00265	0.01124	0.00735	0.00575	0.01344
7	0.01176	0.00863	0.01104	0.01297	0.01392	0.00792	0.00876	0.01355	0.01906	0.02495	0.05984	0.57278	0.14024	0.02953	0.01224	0.00384	0.00552	0.02653	0.00900	0.00792
8	0.02003	0.02023	0.03585	0.35847	0.05368	0.02407	0.15243	0.02592	0.01919	0.02592	0.01678	0.02487	0.01330	0.01096	0.01507	0.00347	0.15481	0.00925	0.00443	0.01127
9	0.02768	0.07818	0.28262	0.02745	0.10453	0.02213	0.02605	0.06444	0.06135	0.17554	0.02420	0.02488	0.01697	0.01016	0.00925	0.00296	0.01154	0.00819	0.00683	0.01504
10	0.02124	0.01754	0.05976	0.01802	0.02136	0.01819	0.04359	0.02725	0.05851	0.06523	0.02541	0.02998	0.02018	0.01282	0.01493	0.00306	0.19333	0.00905	0.32960	0.01094
11	0.01181	0.00843	0.01125	0.01350	0.01406	0.00787	0.00900	0.01350	0.01856	0.02474	0.05342	0.65306	0.06410	0.03036	0.01237	0.00394	0.00562	0.02755	0.00900	0.00787
12	0.02569	0.03091	0.22867	0.12468	0.09513	0.02181	0.12022	0.06882	0.02384	0.13330	0.02190	0.02500	0.01543	0.00970	0.00983	0.00309	0.01288	0.00882	0.00610	0.01418
13	0.03072	0.03075	0.23364	0.02665	0.09894	0.02069	0.02429	0.10219	0.05891	0.23540	0.02675	0.02649	0.01824	0.01063	0.00954	0.00302	0.01105	0.00865	0.00794	0.01552
14	0.02010	0.01802	0.02733	0.27897	0.11367	0.02040	0.05122	0.03046	0.15780	0.02922	0.02838	0.03305	0.05706	0.01355	0.01255	0.06952	0.01068	0.01013	0.00608	0.01181
15	0.01385	0.01038	0.01558	0.01558	0.01731	0.01211	0.01211	0.01731	0.01558	0.02250	0.02596	0.03808	0.02423	0.07269	0.62098	0.01558	0.02596	0.01038	0.00519	0.00865
16	0.03225	0.06745	0.17187	0.02779	0.12214	0.01976	0.05266	0.03835	0.02428	0.30488	0.02735	0.02701	0.01851	0.01033	0.00946	0.00295	0.01083	0.00874	0.00803	0.01534
17	0.34316	0.23672	0.03209	0.01794	0.02511	0.06298	0.06389	0.06580	0.02074	0.03551	0.01479	0.01723	0.01205	0.00892	0.00698	0.00268	0.01005	0.00608	0.00547	0.01182
18	0.02624	0.04115	0.38254	0.02554	0.03730	0.02546	0.02902	0.24007	0.03027	0.04257	0.01969	0.02156	0.01392	0.01016	0.00940	0.00301	0.01289	0.00777	0.00628	0.01517
19	0.02630	0.01834	0.02342	0.06548	0.06732	0.01748	0.01570	0.03512	0.13060	0.16088	0.02611	0.02684	0.01936	0.01014	0.00974	0.00250	0.03690	0.00819	0.00770	0.29186
20	0.01407	0.00949	0.01103	0.01103	0.01118	0.00964	0.00644	0.01439	0.01423	0.01913	0.03012	0.06112	0.03423	0.60599	0.10136	0.00996	0.01090	0.01376	0.00581	0.00613
21	0.01372	0.00991	0.01296	0.01219	0.01448	0.00914	0.00914	0.01829	0.02743	0.03887	0.59381	0.07240	0.09145	0.01981	0.01143	0.00305	0.00457	0.01753	0.01067	0.00914
22	0.02563	0.02192	0.02941	0.22005	0.07868	0.02638	0.02230	0.19843	0.06612	0.03752	0.01973	0.02456	0.01533	0.01214	0.01475	0.00334	0.15533	0.00878	0.00642	0.01317
23	0.01344	0.00980	0.01263	0.01212	0.01436	0.00899	0.00902	0.01767	0.02648	0.03707	0.52422	0.11272	0.12353	0.02084	0.01150	0.00312	0.00467	0.01840	0.01044	0.00899
24	0.01415	0.01142	0.01722	0.21121	0.03121	0.01245	0.01517	0.01755	0.01909	0.02506	0.04179	0.41416	0.04726	0.02355	0.01160	0.00375	0.00818	0.05882	0.00750	0.00887
25	0.02524	0.12139	0.08073	0.01710	0.02598	0.01974	0.01558	0.08717	0.02365	0.09417	0.01955	0.02114	0.01512	0.00853	0.00776	0.00201	0.00883	0.00654	0.00644	0.39334

[dist]
# distance from previous block
# <min> <max>
3	14

[block]
# block no. 13 follows, 16 sequences, length 53
# corresponding to MSA columns:
# 406-458
name=unknown_N
#
# <colnr> <probs for GDERKNQSTAVLIFYWHMCP>
#	G	D	E	R	K	N	Q	S	T	A	V	L	I	F	Y	W	H	M	C	P
0	0.02436	0.01937	0.02139	0.01786	0.02447	0.01986	0.01406	0.04274	0.36383	0.08155	0.03244	0.03092	0.02441	0.01120	0.00902	0.00269	0.00756	0.00924	0.00875	0.23429
1	0.02213	0.27043	0.03929	0.23494	0.04105	0.02992	0.05334	0.02649	0.01878	0.02408	0.01498	0.02091	0.01280	0.01055	0.01298	0.00299	0.14114	0.00742	0.00427	0.01152
2	0.08234	0.02333	0.02755	0.02298	0.02612	0.06248	0.01897	0.14465	0.02359	0.08808	0.01761	0.02212	0.01442	0.01431	0.02157	0.00364	0.35916	0.00827	0.00634	0.01246
3	0.01298	0.00933	0.01229	0.01270	0.01432	0.00865	0.00909	0.01643	0.02398	0.03338	0.38377	0.29809	0.08082	0.02391	0.01180	0.00339	0.00498	0.02142	0.01002	0.00865
4	0.02523	0.02240	0.02848	0.41087	0.08590	0.12266	0.02390	0.03060	0.02209	0.10677	0.01986	0.02531	0.01455	0.01000	0.00953	0.00305	0.01296	0.00837	0.00554	0.01192
5	0.45646	0.18288	0.02517	0.01542	0.02184	0.11015	0.01316	0.03006	0.01883	0.03558	0.01370	0.01594	0.01126	0.00896	0.00644	0.00270	0.00961	0.00537	0.00540	0.01108
6	0.03031	0.02390	0.02541	0.02098	0.02757	0.02700	0.01684	0.30222	0.32061	0.05054	0.03157	0.02989	0.02321	0.01241	0.00978	0.00310	0.00913	0.00987	0.00978	0.01590
7	0.03620	0.04619	0.02747	0.02497	0.02996	0.62047	0.01873	0.03870	0.02747	0.02372	0.01498	0.01748	0.01248	0.00999	0.00874	0.00250	0.01748	0.00624	0.00499	0.01124
