[name]
unknown

[dist]
# distance from previous block
# <min> <max>
0	464

[block]
# block no. 0 follows, 14 sequences, length 18
# corresponding to MSA columns:
# 468-485
name=unknown_A
#
# <colnr> <probs for GDERKNQSTAVLIFYWHMCP>
#	G	D	E	R	K	N	Q	S	T	A	V	L	I	F	Y	W	H	M	C	P
0	0.01489	0.01064	0.01461	0.01675	0.01846	0.01036	0.01343	0.01853	0.02254	0.02979	0.09268	0.30526	0.06509	0.02923	0.01362	0.00441	0.00781	0.29324	0.00961	0.00905
1	0.03901	0.02874	0.03080	0.02361	0.03182	0.03182	0.01951	0.54111	0.04825	0.06468	0.02464	0.02464	0.01745	0.01232	0.01027	0.00308	0.01129	0.00924	0.01027	0.01745
2	0.71184	0.01985	0.01508	0.01350	0.01985	0.02302	0.01111	0.03017	0.01746	0.04604	0.01429	0.01667	0.01111	0.00953	0.00635	0.00318	0.00794	0.00556	0.00635	0.01111
3	0.01744	0.01167	0.01533	0.01599	0.01897	0.01101	0.01333	0.02176	0.02521	0.07265	0.17721	0.09810	0.15709	0.02514	0.01306	0.00405	0.00761	0.27431	0.01011	0.00994
4	0.01466	0.01100	0.01649	0.01649	0.01833	0.01283	0.01283	0.01833	0.01649	0.02382	0.02749	0.04032	0.02566	0.07697	0.59868	0.01649	0.02749	0.01100	0.00550	0.00916
5	0.01783	0.00891	0.01337	0.01337	0.01337	0.00891	0.00891	0.01337	0.01337	0.01783	0.01783	0.03119	0.01783	0.03565	0.04011	0.70143	0.00891	0.00891	0.00446	0.00446
6	0.71184	0.01985	0.01508	0.01350	0.01985	0.02302	0.01111	0.03017	0.01746	0.04604	0.01429	0.01667	0.01111	0.00953	0.00635	0.00318	0.00794	0.00556	0.00635	0.01111
7	0.01638	0.01010	0.01348	0.01446	0.01615	0.00928	0.01014	0.01894	0.02236	0.08715	0.14716	0.47010	0.06863	0.02811	0.01263	0.00389	0.00604	0.02529	0.01018	0.00953
8	0.02764	0.02142	0.02259	0.01951	0.02528	0.02418	0.01540	0.16678	0.33751	0.04735	0.03613	0.03498	0.02707	0.01318	0.00981	0.00319	0.00829	0.01066	0.13369	0.01534
9	0.08807	0.01843	0.02376	0.01834	0.02620	0.01679	0.01515	0.08405	0.02997	0.51094	0.03767	0.03302	0.02392	0.01247	0.01006	0.00317	0.00887	0.00994	0.01212	0.01706
10	0.01542	0.01180	0.01619	0.01747	0.01882	0.01257	0.01379	0.01865	0.02150	0.02901	0.09387	0.31364	0.06038	0.02804	0.01591	0.00434	0.08124	0.20910	0.00904	0.00923
11	0.02596	0.06304	0.02824	0.02567	0.09027	0.02225	0.01877	0.02953	0.02018	0.14567	0.02417	0.03032	0.01994	0.03245	0.18997	0.00740	0.19722	0.00963	0.00662	0.01271
12	0.01480	0.01144	0.01378	0.01507	0.01690	0.01146	0.01055	0.02157	0.11660	0.02936	0.05887	0.46989	0.11402	0.02823	0.01252	0.00397	0.00626	0.02523	0.00969	0.00979
13	0.01411	0.01032	0.01353	0.01562	0.01689	0.01009	0.01135	0.01817	0.05356	0.02813	0.05520	0.49235	0.06385	0.03026	0.01315	0.00424	0.00679	0.12376	0.00957	0.00905
14	0.62783	0.01872	0.01492	0.01342	0.01930	0.02141	0.01094	0.02886	0.01886	0.04545	0.08123	0.02390	0.02144	0.01091	0.00704	0.00318	0.00757	0.00712	0.00695	0.01094
15	0.02191	0.02203	0.03266	0.35285	0.08337	0.07738	0.07931	0.02790	0.02189	0.02764	0.02233	0.03672	0.01943	0.01282	0.01258	0.00357	0.05952	0.06907	0.00531	0.01172
16	0.01714	0.01804	0.05810	0.01697	0.02012	0.08111	0.01318	0.02008	0.02111	0.02730	0.04478	0.44873	0.05165	0.02530	0.01181	0.00364	0.00833	0.02241	0.00826	0.08194
17	0.09821	0.31008	0.12523	0.08196	0.09917	0.07444	0.02287	0.03137	0.02151	0.02912	0.01601	0.01954	0.01335	0.00933	0.00802	0.00271	0.01226	0.00668	0.00475	0.01336

[dist]
# distance from previous block
# <min> <max>
0	15

[block]
# block no. 1 follows, 14 sequences, length 17
# corresponding to MSA columns:
# 501-517
name=unknown_B
#
# <colnr> <probs for GDERKNQSTAVLIFYWHMCP>
#	G	D	E	R	K	N	Q	S	T	A	V	L	I	F	Y	W	H	M	C	P
0	0.02075	0.10004	0.18416	0.12152	0.03506	0.01986	0.02204	0.02720	0.02322	0.07558	0.11668	0.07854	0.10400	0.01516	0.01038	0.00323	0.01045	0.01265	0.00712	0.01237
1	0.01914	0.06348	0.01928	0.01730	0.02050	0.01375	0.01470	0.02344	0.02444	0.07683	0.13827	0.14060	0.05980	0.02455	0.01279	0.00409	0.00841	0.29865	0.00963	0.01035
2	0.02814	0.41913	0.08752	0.02664	0.11821	0.03557	0.02158	0.09852	0.02495	0.03165	0.01677	0.01939	0.01423	0.00938	0.00789	0.00253	0.01152	0.00673	0.00528	0.01439
3	0.02488	0.02543	0.10598	0.22329	0.22956	0.02306	0.04970	0.03366	0.06497	0.08569	0.02277	0.02758	0.01709	0.01028	0.01026	0.00325	0.01259	0.00937	0.00600	0.01461
4	0.06776	0.29841	0.24547	0.02313	0.03413	0.03025	0.05362	0.03319	0.02190	0.07900	0.01851	0.02067	0.01421	0.00953	0.00838	0.00280	0.01249	0.00707	0.00528	0.01420
5	0.08093	0.11165	0.17869	0.02578	0.06619	0.02342	0.06896	0.03902	0.05250	0.21473	0.02636	0.02664	0.01838	0.01067	0.00955	0.00310	0.01160	0.00878	0.00770	0.01537
6	0.01299	0.01030	0.01167	0.01161	0.01446	0.00898	0.00860	0.01628	0.02500	0.03221	0.26011	0.13893	0.36285	0.02482	0.01221	0.00345	0.00514	0.02126	0.01014	0.00898
7	0.01658	0.01052	0.01326	0.01391	0.01623	0.00971	0.01040	0.01981	0.02315	0.07437	0.13798	0.28811	0.14534	0.02544	0.01213	0.00373	0.00623	0.08607	0.07744	0.00958
8	0.10372	0.08459	0.03333	0.02728	0.10217	0.02570	0.05975	0.19594	0.03206	0.19642	0.02599	0.02625	0.01831	0.01109	0.00966	0.00305	0.01081	0.00902	0.00889	0.01596
9	0.01664	0.00949	0.01338	0.01338	0.01368	0.00979	0.00893	0.01454	0.01424	0.01928	0.02275	0.04097	0.02360	0.18154	0.13430	0.42999	0.01219	0.01064	0.00503	0.00563
10	0.01406	0.01036	0.01315	0.01268	0.01510	0.00945	0.00942	0.01838	0.02762	0.03829	0.47101	0.11992	0.15750	0.02245	0.01218	0.00333	0.00497	0.01974	0.01093	0.00945
11	0.02440	0.07053	0.02591	0.05389	0.02759	0.09308	0.06629	0.02811	0.02353	0.11288	0.03926	0.24520	0.04024	0.02033	0.01152	0.00362	0.01048	0.08335	0.00832	0.01147
12	0.02746	0.02713	0.10368	0.26638	0.04901	0.02657	0.02537	0.22441	0.07349	0.04294	0.02254	0.02644	0.01641	0.01126	0.01021	0.00327	0.01253	0.00916	0.00716	0.01457
13	0.01913	0.00956	0.00956	0.00956	0.01196	0.00956	0.00717	0.02391	0.02152	0.03826	0.03348	0.03826	0.02630	0.01196	0.00717	0.00239	0.00478	0.00956	0.69632	0.00956
14	0.02093	0.02064	0.04065	0.12977	0.08322	0.02096	0.25826	0.02679	0.02091	0.02850	0.02133	0.03040	0.01760	0.02560	0.13459	0.07459	0.01760	0.01086	0.00507	0.01174
15	0.02438	0.15048	0.03456	0.03017	0.14627	0.07434	0.02074	0.02819	0.02134	0.02929	0.07136	0.02816	0.02323	0.01333	0.01664	0.00325	0.20091	0.00909	0.06176	0.01251
16	0.02700	0.06594	0.22893	0.02417	0.03511	0.02250	0.06452	0.09248	0.05057	0.10717	0.02297	0.02459	0.01665	0.01000	0.00945	0.00281	0.01183	0.00822	0.00683	0.16822

[dist]
# distance from previous block
# <min> <max>
0	1

[block]
# block no. 2 follows, 14 sequences, length 31
# corresponding to MSA columns:
# 519-549
name=unknown_C
#
# <colnr> <probs for GDERKNQSTAVLIFYWHMCP>
#	G	D	E	R	K	N	Q	S	T	A	V	L	I	F	Y	W	H	M	C	P
0	0.15526	0.06676	0.02603	0.02181	0.06186	0.09926	0.01641	0.20963	0.03192	0.04626	0.07100	0.02815	0.02358	0.01188	0.00899	0.00292	0.01034	0.00885	0.08548	0.01362
1	0.61903	0.02107	0.01725	0.01489	0.02150	0.02424	0.01227	0.10064	0.02171	0.04861	0.01572	0.01777	0.01199	0.00991	0.00689	0.00316	0.00840	0.00606	0.00689	0.01199
2	0.50204	0.01884	0.01668	0.01484	0.02069	0.02099	0.01192	0.07066	0.02129	0.09269	0.02329	0.10391	0.02073	0.01315	0.00795	0.00330	0.00800	0.00953	0.00767	0.01181
3	0.01484	0.01029	0.01292	0.01292	0.01352	0.01089	0.00838	0.01604	0.01544	0.02118	0.03075	0.05838	0.03350	0.45553	0.23085	0.01209	0.01568	0.01364	0.00598	0.00718
4	0.45556	0.01994	0.01906	0.01580	0.02279	0.02147	0.01303	0.08164	0.02372	0.20577	0.02293	0.02276	0.01589	0.01071	0.00787	0.00317	0.00847	0.00729	0.00857	0.01355
5	0.60217	0.01953	0.01626	0.01399	0.02070	0.02161	0.01149	0.03118	0.01865	0.08282	0.01650	0.01838	0.01249	0.00958	0.00674	0.00303	0.00796	0.00594	0.00678	0.07420
6	0.15209	0.02529	0.02513	0.02008	0.02721	0.06385	0.01638	0.30652	0.03673	0.12790	0.02529	0.02553	0.01799	0.01175	0.00926	0.00302	0.01026	0.00862	0.07180	0.01529
7	0.02201	0.03333	0.28748	0.02173	0.03246	0.01793	0.02418	0.03004	0.02351	0.08333	0.11450	0.03214	0.02901	0.01136	0.00963	0.00278	0.01081	0.00930	0.00674	0.19774
8	0.27913	0.01963	0.02568	0.30001	0.08105	0.02377	0.02164	0.02791	0.01913	0.03398	0.01640	0.02279	0.01287	0.01061	0.01091	0.00340	0.06645	0.00778	0.00526	0.01160
9	0.02789	0.03151	0.03063	0.02677	0.02858	0.22553	0.02155	0.03027	0.02029	0.02484	0.01429	0.02110	0.01338	0.01543	0.02531	0.00386	0.41437	0.00817	0.00476	0.01146
10	0.02744	0.64552	0.05378	0.01756	0.02634	0.04061	0.01756	0.03073	0.02085	0.02414	0.01427	0.01646	0.01317	0.00878	0.00658	0.00219	0.01097	0.00549	0.00439	0.01317
11	0.24345	0.01916	0.02091	0.01632	0.02411	0.01826	0.01336	0.07009	0.02477	0.23386	0.02533	0.02492	0.01771	0.01031	0.00836	0.00272	0.00835	0.00763	0.00879	0.20159
12	0.02245	0.02245	0.03143	0.02694	0.02694	0.03143	0.02245	0.02470	0.01572	0.02470	0.01347	0.02245	0.01347	0.01796	0.03368	0.00449	0.62057	0.00898	0.00449	0.01123
13	0.01348	0.00966	0.01290	0.01445	0.01572	0.00908	0.01036	0.01639	0.02254	0.03059	0.18980	0.42990	0.07441	0.02882	0.01296	0.00399	0.00606	0.08011	0.00998	0.00881
14	0.01250	0.00893	0.01191	0.01429	0.01488	0.00834	0.00953	0.01429	0.01965	0.02620	0.05656	0.63265	0.06787	0.03215	0.01310	0.00417	0.00595	0.02917	0.00953	0.00834
15	0.01466	0.01100	0.01649	0.01649	0.01833	0.01283	0.01283	0.01833	0.01649	0.02382	0.02749	0.04032	0.02566	0.07697	0.59868	0.01649	0.02749	0.01100	0.00550	0.00916
16	0.02553	0.02204	0.02320	0.02088	0.02669	0.02553	0.01624	0.05453	0.55679	0.04293	0.04177	0.03829	0.03133	0.01392	0.01044	0.00348	0.00812	0.01160	0.01044	0.01624
17	0.01250	0.00893	0.01191	0.01429	0.01488	0.00834	0.00953	0.01429	0.01965	0.02620	0.05656	0.63265	0.06787	0.03215	0.01310	0.00417	0.00595	0.02917	0.00953	0.00834
18	0.03901	0.02874	0.03080	0.02361	0.03182	0.03182	0.01951	0.54111	0.04825	0.06468	0.02464	0.02464	0.01745	0.01232	0.01027	0.00308	0.01129	0.00924	0.01027	0.01745
19	0.04604	0.01746	0.02382	0.01826	0.02620	0.01508	0.01508	0.05001	0.02937	0.58244	0.04049	0.03493	0.02540	0.01270	0.01032	0.00318	0.00873	0.01032	0.01270	0.01746
20	0.01394	0.01028	0.01303	0.01274	0.01507	0.00937	0.00940	0.01809	0.02708	0.03741	0.44094	0.14978	0.15861	0.02308	0.01223	0.00338	0.00503	0.02032	0.01083	0.00937
21	0.02422	0.02768	0.06055	0.04325	0.05363	0.02595	0.53806	0.03287	0.02422	0.03287	0.02076	0.02768	0.01557	0.00865	0.01211	0.00346	0.01730	0.01211	0.00519	0.01384
22	0.01213	0.01040	0.01040	0.01040	0.01386	0.00866	0.00780	0.01473	0.02339	0.02772	0.10396	0.09876	0.57117	0.02599	0.01213	0.00347	0.00520	0.02166	0.00953	0.00866
23	0.01335	0.00956	0.01289	0.01438	0.01519	0.00962	0.00985	0.01533	0.01825	0.02477	0.04635	0.41474	0.05369	0.12649	0.15681	0.00788	0.01159	0.02291	0.00812	0.00824
24	0.04170	0.01650	0.02242	0.01752	0.02470	0.01434	0.01434	0.04578	0.02933	0.50778	0.11351	0.04068	0.03526	0.01384	0.01057	0.00318	0.00820	0.01146	0.01251	0.01639
25	0.01250	0.00893	0.01191	0.01429	0.01488	0.00834	0.00953	0.01429	0.01965	0.02620	0.05656	0.63265	0.06787	0.03215	0.01310	0.00417	0.00595	0.02917	0.00953	0.00834
26	0.01459	0.01051	0.01444	0.01460	0.01575	0.01157	0.01043	0.01693	0.01620	0.02271	0.03113	0.09096	0.03245	0.25762	0.37867	0.01348	0.02023	0.01356	0.00602	0.00814
27	0.07276	0.48735	0.12320	0.01942	0.02871	0.06958	0.02007	0.03153	0.02122	0.02681	0.01493	0.01731	0.01301	0.00907	0.00716	0.00243	0.01179	0.00585	0.00457	0.01323
28	0.02610	0.02365	0.10658	0.21364	0.14409	0.02081	0.02475	0.06551	0.02457	0.11942	0.02446	0.02870	0.01789	0.01073	0.00975	0.00312	0.01145	0.00917	0.10169	0.01393
29	0.01390	0.00995	0.01341	0.01516	0.01655	0.00946	0.01129	0.01701	0.02248	0.03025	0.15697	0.39575	0.07139	0.02902	0.01317	0.00412	0.00660	0.14482	0.00986	0.00888
30	0.02665	0.38940	0.12716	0.02381	0.03315	0.03495	0.09270	0.07179	0.02332	0.02981	0.01653	0.01976	0.01384	0.00973	0.00972	0.00273	0.04901	0.00721	0.00497	0.01377

[dist]
# distance from previous block
# <min> <max>
0	4

[block]
# block no. 3 follows, 14 sequences, length 16
# corresponding to MSA columns:
# 554-569
name=unknown_D
#
# <colnr> <probs for GDERKNQSTAVLIFYWHMCP>
#	G	D	E	R	K	N	Q	S	T	A	V	L	I	F	Y	W	H	M	C	P
0	0.01816	0.08087	0.17274	0.20913	0.04140	0.01991	0.02374	0.02435	0.02056	0.02768	0.03055	0.22423	0.03130	0.01720	0.01073	0.00351	0.01128	0.01499	0.00612	0.01154
1	0.01456	0.01755	0.11045	0.01512	0.01980	0.01162	0.01392	0.01953	0.02482	0.03359	0.26527	0.14693	0.22419	0.02206	0.01184	0.00343	0.00686	0.01902	0.00933	0.01013
2	0.02799	0.43209	0.04545	0.12135	0.03489	0.13667	0.01984	0.03178	0.02226	0.02467	0.01523	0.01869	0.01327	0.00935	0.00769	0.00248	0.01278	0.00631	0.00458	0.01264
3	0.03751	0.01855	0.02479	0.10584	0.03237	0.01821	0.01713	0.11955	0.03098	0.35961	0.09419	0.03690	0.03047	0.01321	0.01050	0.00320	0.00942	0.01090	0.01097	0.01570
4	0.02591	0.34525	0.19304	0.02881	0.12547	0.03283	0.02551	0.06047	0.02306	0.03030	0.01683	0.01985	0.01390	0.00930	0.00825	0.00267	0.01232	0.00689	0.00483	0.01448
5	0.03083	0.02708	0.11016	0.03927	0.22652	0.02280	0.09111	0.07631	0.05816	0.17421	0.02643	0.02829	0.01902	0.01058	0.01042	0.00319	0.01206	0.00976	0.00762	0.01620
6	0.01346	0.01045	0.01225	0.01180	0.01468	0.00923	0.00885	0.01731	0.02654	0.03520	0.36343	0.08645	0.30704	0.02320	0.01211	0.00333	0.00500	0.01993	0.01051	0.00923
7	0.03255	0.01516	0.01923	0.01594	0.02140	0.01407	0.01270	0.07904	0.02889	0.30432	0.13849	0.08467	0.04129	0.01547	0.01031	0.00311	0.00735	0.01298	0.12903	0.01401
8	0.14241	0.02451	0.02632	0.02414	0.07376	0.06782	0.01787	0.15831	0.12083	0.16293	0.02761	0.02743	0.01990	0.01217	0.01099	0.00323	0.04628	0.00908	0.00905	0.01536
9	0.02010	0.01184	0.01641	0.01546	0.01788	0.01249	0.01155	0.02289	0.01830	0.11846	0.03093	0.04614	0.02854	0.20735	0.36059	0.01257	0.01987	0.01187	0.00691	0.00984
10	0.01589	0.01066	0.01351	0.01310	0.01574	0.00963	0.00970	0.01973	0.02638	0.07304	0.36000	0.17944	0.16785	0.02332	0.01217	0.00344	0.00537	0.02047	0.01077	0.00979
11	0.08376	0.02575	0.02859	0.02638	0.09516	0.06592	0.01907	0.24905	0.08048	0.17990	0.02794	0.02740	0.01967	0.01185	0.00994	0.00311	0.01080	0.00925	0.00962	0.01638
12	0.25016	0.02517	0.02767	0.02714	0.12106	0.02776	0.01889	0.29176	0.03422	0.05343	0.02044	0.02224	0.01524	0.01089	0.00901	0.00310	0.01038	0.00805	0.00814	0.01524
13	0.01296	0.00925	0.01243	0.01481	0.01560	0.00873	0.01031	0.01507	0.02009	0.02670	0.05631	0.57463	0.06688	0.03172	0.01322	0.00423	0.00635	0.08273	0.00952	0.00846
14	0.02422	0.02768	0.06055	0.04325	0.05363	0.02595	0.53806	0.03287	0.02422	0.03287	0.02076	0.02768	0.01557	0.00865	0.01211	0.00346	0.01730	0.01211	0.00519	0.01384
15	0.02339	0.02207	0.03915	0.17215	0.04673	0.02289	0.22726	0.11478	0.02658	0.03546	0.02754	0.14068	0.02526	0.01408	0.01153	0.00352	0.01327	0.01410	0.00672	0.01284

[dist]
# distance from previous block
# <min> <max>
0	1

[block]
# block no. 4 follows, 14 sequences, length 9
# corresponding to MSA columns:
# 571-579
name=unknown_E
#
# <colnr> <probs for GDERKNQSTAVLIFYWHMCP>
#	G	D	E	R	K	N	Q	S	T	A	V	L	I	F	Y	W	H	M	C	P
0	0.07009	0.06007	0.06207	0.05757	0.03334	0.02440	0.06027	0.21159	0.03177	0.11404	0.02309	0.02457	0.01676	0.01045	0.00940	0.00278	0.01083	0.00842	0.00805	0.16044
1	0.02887	0.56711	0.05053	0.01873	0.02705	0.11388	0.01786	0.03208	0.02193	0.02427	0.01448	0.01673	0.01318	0.00902	0.00694	0.00225	0.01196	0.00563	0.00451	0.01300
2	0.71184	0.01985	0.01508	0.01350	0.01985	0.02302	0.01111	0.03017	0.01746	0.04604	0.01429	0.01667	0.01111	0.00953	0.00635	0.00318	0.00794	0.00556	0.00635	0.01111
3	0.04020	0.02683	0.02961	0.02270	0.03087	0.02899	0.01876	0.45786	0.04505	0.15245	0.02732	0.02638	0.01880	0.01238	0.01028	0.00310	0.01086	0.00942	0.01068	0.01745
4	0.01445	0.01002	0.01106	0.01106	0.01165	0.00973	0.00649	0.01489	0.01636	0.02122	0.04448	0.07251	0.12781	0.53537	0.04543	0.00885	0.00914	0.01607	0.00678	0.00663
5	0.03286	0.01740	0.02816	0.02241	0.02897	0.01581	0.11370	0.03735	0.02635	0.31008	0.07428	0.04990	0.03369	0.01667	0.01340	0.04944	0.01022	0.09521	0.01009	0.01402
6	0.71184	0.01985	0.01508	0.01350	0.01985	0.02302	0.01111	0.03017	0.01746	0.04604	0.01429	0.01667	0.01111	0.00953	0.00635	0.00318	0.00794	0.00556	0.00635	0.01111
7	0.02744	0.64552	0.05378	0.01756	0.02634	0.04061	0.01756	0.03073	0.02085	0.02414	0.01427	0.01646	0.01317	0.00878	0.00658	0.00219	0.01097	0.00549	0.00439	0.01317
8	0.02765	0.03962	0.35052	0.02619	0.03728	0.02364	0.02961	0.07622	0.02465	0.14936	0.02290	0.02479	0.01602	0.01166	0.01306	0.00338	0.09307	0.00847	0.00659	0.01531

[dist]
# distance from previous block
# <min> <max>
0	11

[block]
# block no. 5 follows, 14 sequences, length 14
# corresponding to MSA columns:
# 591-604
name=unknown_F
#
# <colnr> <probs for GDERKNQSTAVLIFYWHMCP>
#	G	D	E	R	K	N	Q	S	T	A	V	L	I	F	Y	W	H	M	C	P
0	0.01492	0.00995	0.01119	0.01119	0.01119	0.00995	0.00622	0.01492	0.01492	0.01990	0.03233	0.06716	0.03731	0.63935	0.05223	0.00995	0.00995	0.01492	0.00622	0.00622
1	0.03525	0.02505	0.02733	0.02201	0.02936	0.02759	0.01784	0.31320	0.22047	0.12141	0.03248	0.03060	0.02320	0.01292	0.01033	0.00323	0.00989	0.01018	0.01063	0.01704
2	0.01466	0.01100	0.01649	0.01649	0.01833	0.01283	0.01283	0.01833	0.01649	0.02382	0.02749	0.04032	0.02566	0.07697	0.59868	0.01649	0.02749	0.01100	0.00550	0.00916
3	0.02191	0.01038	0.01104	0.01046	0.01343	0.01013	0.00799	0.02661	0.02233	0.09444	0.03420	0.03792	0.02621	0.01203	0.00750	0.00247	0.00519	0.00964	0.62574	0.01038
4	0.04604	0.01746	0.02382	0.01826	0.02620	0.01508	0.01508	0.05001	0.02937	0.58244	0.04049	0.03493	0.02540	0.01270	0.01032	0.00318	0.00873	0.01032	0.01270	0.01746
5	0.01289	0.00909	0.01179	0.01380	0.01430	0.00859	0.00900	0.01439	0.01890	0.02520	0.05271	0.54275	0.06301	0.12868	0.01932	0.00509	0.00659	0.02691	0.00900	0.00800
6	0.02574	0.01844	0.02092	0.01838	0.02282	0.01984	0.01426	0.26155	0.03289	0.04513	0.03666	0.23462	0.03628	0.02507	0.06581	0.00463	0.01034	0.01623	0.07762	0.01279
7	0.02421	0.01462	0.01646	0.01477	0.01903	0.01477	0.01143	0.07853	0.11037	0.12104	0.08171	0.10550	0.10251	0.01676	0.00998	0.00311	0.00668	0.01401	0.22219	0.01232
8	0.01760	0.01156	0.01361	0.01415	0.01618	0.01158	0.01012	0.08224	0.02371	0.03427	0.04629	0.39475	0.05026	0.02417	0.01113	0.00355	0.00630	0.02134	0.19740	0.00980
9	0.03316	0.02400	0.02912	0.08851	0.08746	0.02627	0.02012	0.29488	0.10182	0.10000	0.02658	0.02809	0.01942	0.01357	0.01227	0.04960	0.01084	0.00959	0.00901	0.01568
10	0.01238	0.00943	0.01139	0.01296	0.01454	0.00845	0.00894	0.01444	0.02092	0.02672	0.07271	0.45074	0.23936	0.03005	0.01277	0.00393	0.00570	0.02661	0.00953	0.00845
11	0.01353	0.00947	0.01197	0.01381	0.01513	0.00886	0.00980	0.01602	0.02071	0.02805	0.05992	0.45413	0.12524	0.02899	0.01250	0.00396	0.00610	0.07555	0.07764	0.00861
12	0.41303	0.17297	0.02691	0.07104	0.02681	0.02652	0.01471	0.03191	0.01977	0.09224	0.01726	0.01943	0.01328	0.00973	0.00717	0.00296	0.00930	0.00635	0.00633	0.01228
13	0.02103	0.02084	0.03072	0.51440	0.06356	0.06450	0.02728	0.02712	0.02065	0.02599	0.01760	0.02624	0.01363	0.01105	0.01252	0.00347	0.07446	0.00893	0.00460	0.01142

[dist]
# distance from previous block
# <min> <max>
0	40

[block]
# block no. 6 follows, 14 sequences, length 50
# corresponding to MSA columns:
# 645-694
name=unknown_G
#
# <colnr> <probs for GDERKNQSTAVLIFYWHMCP>
#	G	D	E	R	K	N	Q	S	T	A	V	L	I	F	Y	W	H	M	C	P
0	0.01818	0.01479	0.01823	0.06838	0.02470	0.01547	0.01404	0.02890	0.17695	0.03225	0.04477	0.29576	0.04627	0.02205	0.01161	0.00368	0.00775	0.06425	0.00900	0.08297
1	0.02968	0.20514	0.07567	0.08833	0.08288	0.02978	0.06971	0.12760	0.02716	0.09842	0.02088	0.02376	0.01593	0.01071	0.01083	0.00300	0.05090	0.00840	0.00660	0.01461
2	0.03476	0.01723	0.05531	0.01651	0.02311	0.01371	0.01418	0.03913	0.02640	0.37048	0.04424	0.07533	0.07422	0.01467	0.01004	0.00312	0.00798	0.01210	0.13286	0.01462
3	0.01545	0.01083	0.01268	0.01216	0.01535	0.00947	0.00913	0.01891	0.02561	0.07216	0.26595	0.12537	0.32210	0.02366	0.01206	0.00341	0.00538	0.02027	0.01040	0.00964
4	0.03195	0.39828	0.04354	0.02124	0.02857	0.27166	0.01850	0.03498	0.02426	0.02455	0.01493	0.01731	0.01319	0.00952	0.00769	0.00238	0.01410	0.00595	0.00476	0.01264
5	0.01502	0.01127	0.01554	0.07577	0.02139	0.01108	0.01203	0.01987	0.02725	0.03804	0.44972	0.10920	0.08414	0.02101	0.01210	0.00340	0.00610	0.04694	0.01038	0.00976
6	0.13838	0.17314	0.10809	0.01924	0.02873	0.02385	0.05121	0.02910	0.02079	0.03317	0.01682	0.01983	0.01376	0.00857	0.00774	0.00232	0.01013	0.00645	0.00543	0.28325
7	0.03351	0.02342	0.03429	0.09269	0.23940	0.05800	0.05726	0.06594	0.02697	0.22481	0.02674	0.02856	0.01902	0.01072	0.01030	0.00313	0.01181	0.00959	0.00798	0.01586
8	0.14897	0.01712	0.02137	0.01694	0.02406	0.01579	0.01389	0.04367	0.02744	0.44073	0.09123	0.03634	0.03053	0.01305	0.00987	0.00318	0.00820	0.01041	0.01154	0.01564
9	0.02080	0.01184	0.01472	0.01377	0.01696	0.01125	0.01039	0.02645	0.05797	0.12385	0.25608	0.15282	0.06197	0.01923	0.01086	0.00322	0.00583	0.01673	0.15420	0.01106
10	0.06758	0.22807	0.14188	0.06209	0.06610	0.02801	0.02228	0.08214	0.02532	0.15177	0.02223	0.02345	0.01628	0.01030	0.00878	0.00287	0.01140	0.00774	0.00687	0.01483
11	0.01515	0.01014	0.01291	0.01291	0.01342	0.01065	0.00835	0.01572	0.01520	0.02078	0.02947	0.05589	0.03202	0.41888	0.20434	0.08351	0.01476	0.01320	0.00583	0.00686
12	0.01269	0.01031	0.01124	0.01123	0.01426	0.00887	0.00834	0.01573	0.02438	0.03059	0.20397	0.13202	0.42993	0.02532	0.01219	0.00346	0.00517	0.02151	0.00992	0.00887
13	0.02771	0.14546	0.06228	0.06163	0.02855	0.09207	0.01761	0.05907	0.02642	0.13046	0.11860	0.07927	0.03693	0.01525	0.01022	0.00314	0.01049	0.05383	0.00822	0.01280
14	0.02799	0.02230	0.03536	0.23739	0.21333	0.02388	0.06275	0.10937	0.02700	0.10653	0.02259	0.02734	0.01669	0.01043	0.01037	0.00323	0.01248	0.00951	0.00668	0.01477
15	0.01913	0.00956	0.00956	0.00956	0.01196	0.00956	0.00717	0.02391	0.02152	0.03826	0.03348	0.03826	0.02630	0.01196	0.00717	0.00239	0.00478	0.00956	0.69632	0.00956
16	0.02434	0.02372	0.04169	0.14806	0.44760	0.02428	0.07786	0.03079	0.02300	0.03232	0.01927	0.02592	0.01579	0.00927	0.01036	0.00314	0.01290	0.00941	0.00501	0.01527
17	0.03833	0.04891	0.02908	0.02644	0.03173	0.59815	0.01983	0.04098	0.02908	0.02512	0.01586	0.01851	0.01322	0.01058	0.00925	0.00264	0.01851	0.00661	0.00529	0.01190
18	0.01493	0.00989	0.01132	0.01132	0.01164	0.00973	0.00661	0.01476	0.01556	0.02043	0.03761	0.06674	0.08486	0.52655	0.04740	0.07358	0.00941	0.01499	0.00636	0.00628
19	0.02744	0.64552	0.05378	0.01756	0.02634	0.04061	0.01756	0.03073	0.02085	0.02414	0.01427	0.01646	0.01317	0.00878	0.00658	0.00219	0.01097	0.00549	0.00439	0.01317
20	0.71184	0.01985	0.01508	0.01350	0.01985	0.02302	0.01111	0.03017	0.01746	0.04604	0.01429	0.01667	0.01111	0.00953	0.00635	0.00318	0.00794	0.00556	0.00635	0.01111
21	0.71184	0.01985	0.01508	0.01350	0.01985	0.02302	0.01111	0.03017	0.01746	0.04604	0.01429	0.01667	0.01111	0.00953	0.00635	0.00318	0.00794	0.00556	0.00635	0.01111
22	0.01487	0.01015	0.01223	0.01223	0.01260	0.01052	0.00752	0.01559	0.01523	0.02067	0.03138	0.06188	0.03502	0.52877	0.15968	0.01124	0.01340	0.01415	0.00608	0.00680
23	0.71184	0.01985	0.01508	0.01350	0.01985	0.02302	0.01111	0.03017	0.01746	0.04604	0.01429	0.01667	0.01111	0.00953	0.00635	0.00318	0.00794	0.00556	0.00635	0.01111
24	0.03063	0.01547	0.01769	0.01473	0.01982	0.01537	0.01178	0.12955	0.02885	0.19953	0.03381	0.03472	0.02437	0.01224	0.00866	0.00275	0.00715	0.00972	0.36983	0.01333
25	0.02613	0.09245	0.11525	0.02366	0.03174	0.02745	0.05727	0.09216	0.33483	0.04069	0.03228	0.03148	0.02425	0.01223	0.01004	0.00327	0.01044	0.01018	0.00849	0.01570
26	0.02357	0.01817	0.02151	0.01548	0.02449	0.01381	0.01243	0.02807	0.02203	0.08420	0.02030	0.02254	0.01614	0.00807	0.00785	0.00167	0.00770	0.00647	0.00669	0.63878
27	0.71184	0.01985	0.01508	0.01350	0.01985	0.02302	0.01111	0.03017	0.01746	0.04604	0.01429	0.01667	0.01111	0.00953	0.00635	0.00318	0.00794	0.00556	0.00635	0.01111
28	0.35953	0.03505	0.02241	0.02027	0.02606	0.32387	0.01567	0.03582	0.02354	0.03510	0.01511	0.01763	0.01221	0.01007	0.00787	0.00290	0.01347	0.00611	0.00579	0.01152
29	0.02058	0.05308	0.58618	0.02925	0.04442	0.02383	0.03792	0.03250	0.02167	0.03250	0.01842	0.02167	0.01300	0.00975	0.00975	0.00325	0.01517	0.00758	0.00433	0.01517
30	0.03901	0.02874	0.03080	0.02361	0.03182	0.03182	0.01951	0.54111	0.04825	0.06468	0.02464	0.02464	0.01745	0.01232	0.01027	0.00308	0.01129	0.00924	0.01027	0.01745
31	0.02245	0.02245	0.03143	0.02694	0.02694	0.03143	0.02245	0.02470	0.01572	0.02470	0.01347	0.02245	0.01347	0.01796	0.03368	0.00449	0.62057	0.00898	0.00449	0.01123
32	0.04553	0.01829	0.02433	0.01865	0.02661	0.01631	0.01541	0.08610	0.03076	0.54439	0.03932	0.03417	0.02482	0.01267	0.01032	0.00317	0.00892	0.01024	0.01252	0.01746
33	0.71184	0.01985	0.01508	0.01350	0.01985	0.02302	0.01111	0.03017	0.01746	0.04604	0.01429	0.01667	0.01111	0.00953	0.00635	0.00318	0.00794	0.00556	0.00635	0.01111
34	0.02422	0.02768	0.06055	0.04325	0.05363	0.02595	0.53806	0.03287	0.02422	0.03287	0.02076	0.02768	0.01557	0.00865	0.01211	0.00346	0.01730	0.01211	0.00519	0.01384
35	0.01410	0.01047	0.01312	0.01246	0.01507	0.00950	0.00935	0.01854	0.02804	0.03875	0.48655	0.08061	0.18170	0.02188	0.01211	0.00327	0.00491	0.01911	0.01098	0.00950
36	0.01492	0.00995	0.01119	0.01119	0.01119	0.00995	0.00622	0.01492	0.01492	0.01990	0.03233	0.06716	0.03731	0.63935	0.05223	0.00995	0.00995	0.01492	0.00622	0.00622
37	0.02297	0.01882	0.02025	0.01841	0.02329	0.02121	0.01423	0.04541	0.41287	0.04218	0.13550	0.04515	0.04258	0.01500	0.01044	0.00333	0.00723	0.01266	0.07402	0.01445
38	0.01913	0.00956	0.00956	0.00956	0.01196	0.00956	0.00717	0.02391	0.02152	0.03826	0.03348	0.03826	0.02630	0.01196	0.00717	0.00239	0.00478	0.00956	0.69632	0.00956
39	0.01365	0.01046	0.01250	0.01199	0.01479	0.00931	0.00899	0.01767	0.02698	0.03625	0.39975	0.08473	0.27006	0.02281	0.01211	0.00331	0.00497	0.01969	0.01065	0.00931
40	0.44834	0.01890	0.01854	0.01538	0.02236	0.01988	0.01268	0.03802	0.02218	0.25833	0.02466	0.02390	0.01677	0.01078	0.00792	0.00318	0.00825	0.00744	0.00886	0.01363
41	0.11511	0.01771	0.02291	0.01776	0.02554	0.01591	0.01467	0.04795	0.02814	0.52680	0.03777	0.03303	0.02392	0.01237	0.00991	0.00318	0.00865	0.00983	0.01204	0.01681
42	0.01250	0.00893	0.01191	0.01429	0.01488	0.00834	0.00953	0.01429	0.01965	0.02620	0.05656	0.63265	0.06787	0.03215	0.01310	0.00417	0.00595	0.02917	0.00953	0.00834
43	0.03533	0.06813	0.08493	0.02452	0.03279	0.02732	0.06497	0.25776	0.03464	0.16988	0.02561	0.02622	0.01803	0.01214	0.01231	0.00322	0.06791	0.00931	0.00891	0.01608
44	0.01230	0.00971	0.01110	0.01222	0.01434	0.00851	0.00861	0.01452	0.02164	0.02701	0.08173	0.34912	0.33516	0.02888	0.01258	0.00379	0.00555	0.02518	0.00953	0.00851
45	0.12268	0.01626	0.02004	0.01602	0.02271	0.01501	0.01309	0.04262	0.02642	0.41332	0.03594	0.03332	0.02382	0.01217	0.00924	0.00303	0.00789	0.00959	0.14164	0.01519
46	0.38441	0.19928	0.02867	0.01727	0.02407	0.14544	0.01468	0.03253	0.02078	0.03569	0.01460	0.01699	0.01211	0.00953	0.00701	0.00279	0.01094	0.00575	0.00559	0.01184
47	0.10057	0.01939	0.02790	0.13254	0.03668	0.01922	0.06250	0.07201	0.02730	0.34925	0.03121	0.03056	0.02054	0.01158	0.01009	0.00324	0.01048	0.00974	0.00979	0.01542
48	0.01410	0.06823	0.01598	0.01445	0.01599	0.01147	0.01029	0.01634	0.02073	0.02756	0.10588	0.51774	0.06580	0.02882	0.01239	0.00389	0.00630	0.02587	0.00923	0.00892
49	0.02752	0.40150	0.08502	0.02062	0.02779	0.03491	0.01994	0.03127	0.02053	0.07675	0.01683	0.01993	0.01436	0.01131	0.01334	0.00289	0.15014	0.00689	0.00518	0.01327

[dist]
# distance from previous block
# <min> <max>
0	9

[block]
# block no. 7 follows, 14 sequences, length 98
# corresponding to MSA columns:
# 704-801
name=unknown_H
#
# <colnr> <probs for GDERKNQSTAVLIFYWHMCP>
#	G	D	E	R	K	N	Q	S	T	A	V	L	I	F	Y	W	H	M	C	P
0	0.01747	0.01795	0.07341	0.16496	0.07157	0.01667	0.01933	0.02474	0.07072	0.02978	0.07856	0.20940	0.03963	0.02639	0.08760	0.00528	0.01201	0.01606	0.00725	0.01121
1	0.01487	0.01422	0.06556	0.01379	0.01745	0.01070	0.01173	0.01973	0.02605	0.03659	0.35383	0.11243	0.16798	0.02093	0.01157	0.00327	0.00594	0.01815	0.06530	0.00990
2	0.02680	0.59076	0.10299	0.01864	0.02801	0.03906	0.01944	0.03089	0.02093	0.02492	0.01465	0.01694	0.01315	0.00887	0.00688	0.00229	0.01136	0.00568	0.00438	0.01335
3	0.11607	0.02251	0.02907	0.25427	0.04528	0.07608	0.05729	0.03421	0.06518	0.11240	0.02243	0.02673	0.01657	0.01143	0.01191	0.00338	0.06678	0.00900	0.00657	0.01285
4	0.02568	0.53344	0.09957	0.01808	0.02667	0.03630	0.01844	0.02948	0.02040	0.02454	0.01627	0.02148	0.01531	0.06531	0.01097	0.00299	0.01127	0.00653	0.00455	0.01273
5	0.01704	0.01125	0.01570	0.01888	0.06741	0.01059	0.01178	0.01926	0.02047	0.07813	0.04945	0.47022	0.05641	0.08256	0.01607	0.00449	0.00715	0.02429	0.00911	0.00973
6	0.01432	0.01030	0.01265	0.01374	0.01468	0.01015	0.00904	0.01777	0.05756	0.02674	0.08964	0.37825	0.05855	0.20928	0.02439	0.00575	0.00720	0.02285	0.00876	0.00839
7	0.29708	0.01590	0.01477	0.01305	0.01799	0.01719	0.01045	0.07040	0.02279	0.09376	0.02583	0.02832	0.01950	0.01109	0.00739	0.00283	0.00692	0.00802	0.30516	0.01154
8	0.01783	0.00891	0.01337	0.01337	0.01337	0.00891	0.00891	0.01337	0.01337	0.01783	0.01783	0.03119	0.01783	0.03565	0.04011	0.70143	0.00891	0.00891	0.00446	0.00446
9	0.01783	0.00891	0.01337	0.01337	0.01337	0.00891	0.00891	0.01337	0.01337	0.01783	0.01783	0.03119	0.01783	0.03565	0.04011	0.70143	0.00891	0.00891	0.00446	0.00446
10	0.01247	0.00905	0.01178	0.01397	0.01480	0.00836	0.00938	0.01433	0.01996	0.02632	0.06049	0.58842	0.10957	0.03164	0.01302	0.00411	0.00589	0.02855	0.00953	0.00836
11	0.03245	0.01533	0.01811	0.01493	0.02031	0.01483	0.01199	0.10618	0.02832	0.25537	0.03499	0.03506	0.02472	0.01230	0.00884	0.00279	0.00724	0.00982	0.33264	0.01376
12	0.02058	0.05308	0.58618	0.02925	0.04442	0.02383	0.03792	0.03250	0.02167	0.03250	0.01842	0.02167	0.01300	0.00975	0.00975	0.00325	0.01517	0.00758	0.00433	0.01517
13	0.01938	0.01824	0.03078	0.61468	0.07068	0.02280	0.02850	0.02622	0.02052	0.02622	0.01824	0.02736	0.01368	0.01026	0.01026	0.00342	0.01368	0.00912	0.00456	0.01140
14	0.02422	0.02768	0.06055	0.04325	0.05363	0.02595	0.53806	0.03287	0.02422	0.03287	0.02076	0.02768	0.01557	0.00865	0.01211	0.00346	0.01730	0.01211	0.00519	0.01384
15	0.02107	0.01737	0.01936	0.01766	0.02209	0.01911	0.01359	0.04029	0.34309	0.04221	0.25564	0.05382	0.05785	0.01678	0.01111	0.00338	0.00679	0.01442	0.01079	0.01359
16	0.02429	0.02295	0.03768	0.10009	0.45086	0.02263	0.02831	0.03021	0.02282	0.03293	0.01906	0.02493	0.01589	0.00900	0.00978	0.00285	0.01161	0.00868	0.00519	0.12026
17	0.08818	0.02152	0.02402	0.01928	0.02586	0.02277	0.01565	0.26572	0.06796	0.15125	0.14891	0.03824	0.03685	0.01418	0.01038	0.00316	0.00893	0.01135	0.01064	0.01515
18	0.71184	0.01985	0.01508	0.01350	0.01985	0.02302	0.01111	0.03017	0.01746	0.04604	0.01429	0.01667	0.01111	0.00953	0.00635	0.00318	0.00794	0.00556	0.00635	0.01111
19	0.71184	0.01985	0.01508	0.01350	0.01985	0.02302	0.01111	0.03017	0.01746	0.04604	0.01429	0.01667	0.01111	0.00953	0.00635	0.00318	0.00794	0.00556	0.00635	0.01111
20	0.01278	0.00913	0.01223	0.01461	0.01533	0.00858	0.01001	0.01477	0.01992	0.02651	0.05641	0.59679	0.06726	0.03189	0.01317	0.00421	0.00620	0.06227	0.00952	0.00841
21	0.03838	0.04751	0.02920	0.02624	0.03173	0.55886	0.01981	0.07568	0.03041	0.02786	0.01647	0.01893	0.01351	0.01070	0.00932	0.00267	0.01801	0.00679	0.00563	0.01228
22	0.71184	0.01985	0.01508	0.01350	0.01985	0.02302	0.01111	0.03017	0.01746	0.04604	0.01429	0.01667	0.01111	0.00953	0.00635	0.00318	0.00794	0.00556	0.00635	0.01111
23	0.01938	0.01824	0.03078	0.61468	0.07068	0.02280	0.02850	0.02622	0.02052	0.02622	0.01824	0.02736	0.01368	0.01026	0.01026	0.00342	0.01368	0.00912	0.00456	0.01140
24	0.02128	0.01824	0.02128	0.01520	0.02432	0.01368	0.01216	0.02584	0.02128	0.03344	0.01824	0.02128	0.01520	0.00760	0.00760	0.00152	0.00760	0.00608	0.00608	0.70208
25	0.02058	0.05308	0.58618	0.02925	0.04442	0.02383	0.03792	0.03250	0.02167	0.03250	0.01842	0.02167	0.01300	0.00975	0.00975	0.00325	0.01517	0.00758	0.00433	0.01517
26	0.02540	0.02438	0.04165	0.06299	0.57533	0.02438	0.03149	0.03149	0.02337	0.03353	0.01930	0.02540	0.01626	0.00914	0.01016	0.00305	0.01219	0.00914	0.00508	0.01626
27	0.01250	0.00893	0.01191	0.01429	0.01488	0.00834	0.00953	0.01429	0.01965	0.02620	0.05656	0.63265	0.06787	0.03215	0.01310	0.00417	0.00595	0.02917	0.00953	0.00834
28	0.02303	0.02386	0.04465	0.03189	0.04176	0.02098	0.32510	0.03002	0.02303	0.03310	0.01974	0.02509	0.01542	0.00823	0.01028	0.00267	0.01337	0.00967	0.00555	0.29254
29	0.02744	0.64552	0.05378	0.01756	0.02634	0.04061	0.01756	0.03073	0.02085	0.02414	0.01427	0.01646	0.01317	0.00878	0.00658	0.00219	0.01097	0.00549	0.00439	0.01317
30	0.01452	0.01049	0.01372	0.01291	0.01533	0.00968	0.00968	0.01937	0.02905	0.04115	0.56992	0.07666	0.09683	0.02098	0.01210	0.00323	0.00484	0.01856	0.01130	0.00968
31	0.01913	0.00956	0.00956	0.00956	0.01196	0.00956	0.00717	0.02391	0.02152	0.03826	0.03348	0.03826	0.02630	0.01196	0.00717	0.00239	0.00478	0.00956	0.69632	0.00956
32	0.01466	0.01100	0.01649	0.01649	0.01833	0.01283	0.01283	0.01833	0.01649	0.02382	0.02749	0.04032	0.02566	0.07697	0.59868	0.01649	0.02749	0.01100	0.00550	0.00916
33	0.10170	0.02792	0.02933	0.02267	0.03071	0.03100	0.01872	0.49351	0.04538	0.06294	0.02367	0.02390	0.01686	0.01206	0.00990	0.00309	0.01098	0.00890	0.00990	0.01686
34	0.01783	0.00891	0.01337	0.01337	0.01337	0.00891	0.00891	0.01337	0.01337	0.01783	0.01783	0.03119	0.01783	0.03565	0.04011	0.70143	0.00891	0.00891	0.00446	0.00446
35	0.01783	0.00891	0.01337	0.01337	0.01337	0.00891	0.00891	0.01337	0.01337	0.01783	0.01783	0.03119	0.01783	0.03565	0.04011	0.70143	0.00891	0.00891	0.00446	0.00446
36	0.01949	0.01059	0.01243	0.01164	0.01450	0.01007	0.00884	0.02423	0.02522	0.08451	0.25129	0.05353	0.05479	0.01567	0.00943	0.00279	0.00513	0.01327	0.36229	0.01027
37	0.01250	0.00893	0.01191	0.01429	0.01488	0.00834	0.00953	0.01429	0.01965	0.02620	0.05656	0.63265	0.06787	0.03215	0.01310	0.00417	0.00595	0.02917	0.00953	0.00834
38	0.03901	0.02874	0.03080	0.02361	0.03182	0.03182	0.01951	0.54111	0.04825	0.06468	0.02464	0.02464	0.01745	0.01232	0.01027	0.00308	0.01129	0.00924	0.01027	0.01745
39	0.03417	0.01731	0.02020	0.01633	0.02225	0.01719	0.01321	0.16275	0.03113	0.24874	0.03390	0.03361	0.02376	0.01233	0.00912	0.00286	0.00789	0.00977	0.26899	0.01449
40	0.01250	0.00893	0.01191	0.01429	0.01488	0.00834	0.00953	0.01429	0.01965	0.02620	0.05656	0.63265	0.06787	0.03215	0.01310	0.00417	0.00595	0.02917	0.00953	0.00834
41	0.03893	0.02430	0.02721	0.02106	0.02868	0.02578	0.01733	0.37585	0.04128	0.18774	0.02927	0.02835	0.02017	0.01238	0.01000	0.00304	0.01009	0.00953	0.07226	0.01675
42	0.01654	0.01202	0.01292	0.01216	0.01616	0.01072	0.00930	0.02160	0.06851	0.08116	0.12443	0.08636	0.44394	0.02342	0.01182	0.00342	0.00574	0.01957	0.01002	0.01017
43	0.01286	0.00919	0.01232	0.01470	0.01546	0.00865	0.01015	0.01491	0.02000	0.02660	0.05636	0.58638	0.06708	0.03181	0.01319	0.00422	0.00627	0.07188	0.00952	0.00844
44	0.53652	0.06788	0.02162	0.01957	0.07276	0.07799	0.01427	0.03134	0.01934	0.04136	0.01490	0.01763	0.01193	0.00953	0.00699	0.00304	0.00953	0.00598	0.00599	0.01181
45	0.02223	0.02115	0.03594	0.35300	0.31005	0.02355	0.02992	0.02872	0.02187	0.02969	0.01874	0.02643	0.01490	0.00973	0.01021	0.00324	0.01297	0.00913	0.00481	0.01370
46	0.01575	0.01232	0.01654	0.02006	0.06879	0.01236	0.01306	0.02173	0.09009	0.02945	0.05100	0.45308	0.05757	0.02732	0.01258	0.00402	0.00712	0.06774	0.00923	0.01019
47	0.07968	0.02468	0.08117	0.02536	0.02794	0.02869	0.02237	0.02796	0.01754	0.07335	0.01624	0.02295	0.01423	0.01608	0.02732	0.00416	0.46420	0.00869	0.00531	0.01210
48	0.01783	0.00891	0.01337	0.01337	0.01337	0.00891	0.00891	0.01337	0.01337	0.01783	0.01783	0.03119	0.01783	0.03565	0.04011	0.70143	0.00891	0.00891	0.00446	0.00446
49	0.01213	0.01040	0.01040	0.01040	0.01386	0.00866	0.00780	0.01473	0.02339	0.02772	0.10396	0.09876	0.57117	0.02599	0.01213	0.00347	0.00520	0.02166	0.00953	0.00866
50	0.02744	0.64552	0.05378	0.01756	0.02634	0.04061	0.01756	0.03073	0.02085	0.02414	0.01427	0.01646	0.01317	0.00878	0.00658	0.00219	0.01097	0.00549	0.00439	0.01317
51	0.02489	0.01962	0.03566	0.24636	0.04920	0.02032	0.17807	0.03120	0.02318	0.12682	0.02732	0.08535	0.02204	0.01232	0.01092	0.00340	0.01269	0.01212	0.04568	0.01282
52	0.12676	0.29659	0.04029	0.02324	0.07676	0.03075	0.05114	0.08943	0.02452	0.07176	0.01841	0.02059	0.01479	0.00948	0.00798	0.00260	0.01066	0.00705	0.00615	0.07104
53	0.04209	0.02097	0.07070	0.02328	0.07842	0.01665	0.01844	0.04689	0.02820	0.48747	0.03675	0.03298	0.02356	0.01214	0.01026	0.00317	0.00957	0.00999	0.01132	0.01717
54	0.01250	0.00893	0.01191	0.01429	0.01488	0.00834	0.00953	0.01429	0.01965	0.02620	0.05656	0.63265	0.06787	0.03215	0.01310	0.00417	0.00595	0.02917	0.00953	0.00834
55	0.03383	0.02177	0.02617	0.02434	0.07797	0.02305	0.01775	0.11967	0.27088	0.21373	0.03687	0.03412	0.02612	0.01287	0.01035	0.00329	0.00914	0.01064	0.01063	0.01680
56	0.06529	0.06112	0.02925	0.32950	0.04947	0.06362	0.02243	0.03490	0.05338	0.15691	0.02408	0.02781	0.01719	0.01092	0.00976	0.00322	0.01208	0.00893	0.00692	0.01321
57	0.01492	0.00995	0.01119	0.01119	0.01119	0.00995	0.00622	0.01492	0.01492	0.01990	0.03233	0.06716	0.03731	0.63935	0.05223	0.00995	0.00995	0.01492	0.00622	0.00622
58	0.01213	0.01040	0.01040	0.01040	0.01386	0.00866	0.00780	0.01473	0.02339	0.02772	0.10396	0.09876	0.57117	0.02599	0.01213	0.00347	0.00520	0.02166	0.00953	0.00866
59	0.01250	0.00893	0.01191	0.01429	0.01488	0.00834	0.00953	0.01429	0.01965	0.02620	0.05656	0.63265	0.06787	0.03215	0.01310	0.00417	0.00595	0.02917	0.00953	0.00834
60	0.14370	0.19781	0.10468	0.11455	0.07112	0.09790	0.02128	0.03008	0.02091	0.02956	0.01624	0.02089	0.01346	0.01167	0.01079	0.05905	0.01225	0.00699	0.00491	0.01215
61	0.02164	0.01030	0.01089	0.01037	0.01328	0.01008	0.00791	0.02634	0.02225	0.08896	0.03413	0.03795	0.02622	0.01203	0.00747	0.00246	0.00515	0.00964	0.63263	0.01030
62	0.02422	0.02768	0.06055	0.04325	0.05363	0.02595	0.53806	0.03287	0.02422	0.03287	0.02076	0.02768	0.01557	0.00865	0.01211	0.00346	0.01730	0.01211	0.00519	0.01384
63	0.02744	0.64552	0.05378	0.01756	0.02634	0.04061	0.01756	0.03073	0.02085	0.02414	0.01427	0.01646	0.01317	0.00878	0.00658	0.00219	0.01097	0.00549	0.00439	0.01317
64	0.08556	0.15412	0.38853	0.02442	0.03639	0.02553	0.02936	0.03045	0.02096	0.03172	0.02044	0.07087	0.01740	0.01141	0.00913	0.00313	0.01297	0.00880	0.00496	0.01386
65	0.02131	0.08100	0.37795	0.03153	0.12272	0.02371	0.03146	0.03196	0.05535	0.03233	0.02765	0.03008	0.06626	0.01135	0.00987	0.00318	0.01307	0.00924	0.00531	0.01467
66	0.07207	0.25676	0.03883	0.06952	0.12966	0.03060	0.02024	0.14259	0.02706	0.03660	0.02128	0.07175	0.01912	0.01172	0.00884	0.00286	0.01085	0.00922	0.00639	0.01402
67	0.71184	0.01985	0.01508	0.01350	0.01985	0.02302	0.01111	0.03017	0.01746	0.04604	0.01429	0.01667	0.01111	0.00953	0.00635	0.00318	0.00794	0.00556	0.00635	0.01111
68	0.71184	0.01985	0.01508	0.01350	0.01985	0.02302	0.01111	0.03017	0.01746	0.04604	0.01429	0.01667	0.01111	0.00953	0.00635	0.00318	0.00794	0.00556	0.00635	0.01111
69	0.01213	0.01040	0.01040	0.01040	0.01386	0.00866	0.00780	0.01473	0.02339	0.02772	0.10396	0.09876	0.57117	0.02599	0.01213	0.00347	0.00520	0.02166	0.00953	0.00866
70	0.04030	0.02668	0.02952	0.02263	0.03080	0.02877	0.01870	0.45140	0.04480	0.15926	0.02753	0.02652	0.01890	0.01239	0.01028	0.00310	0.01082	0.00944	0.01071	0.01745
71	0.02744	0.64552	0.05378	0.01756	0.02634	0.04061	0.01756	0.03073	0.02085	0.02414	0.01427	0.01646	0.01317	0.00878	0.00658	0.00219	0.01097	0.00549	0.00439	0.01317
72	0.01938	0.01824	0.03078	0.61468	0.07068	0.02280	0.02850	0.02622	0.02052	0.02622	0.01824	0.02736	0.01368	0.01026	0.01026	0.00342	0.01368	0.00912	0.00456	0.01140
73	0.02327	0.01818	0.02148	0.01545	0.02447	0.01379	0.01240	0.02778	0.02193	0.07760	0.02003	0.02238	0.01602	0.00801	0.00782	0.00165	0.00769	0.00642	0.00661	0.64701
74	0.02760	0.50866	0.12299	0.01969	0.02927	0.03754	0.02047	0.07852	0.02351	0.02904	0.01579	0.01792	0.01355	0.00924	0.00735	0.00242	0.01157	0.00612	0.00493	0.01384
75	0.02744	0.64552	0.05378	0.01756	0.02634	0.04061	0.01756	0.03073	0.02085	0.02414	0.01427	0.01646	0.01317	0.00878	0.00658	0.00219	0.01097	0.00549	0.00439	0.01317
76	0.02112	0.03002	0.25066	0.02461	0.03314	0.01786	0.05879	0.02894	0.02335	0.07728	0.03647	0.06527	0.03481	0.01825	0.01193	0.00392	0.01221	0.23129	0.00737	0.01271
77	0.02910	0.01625	0.02057	0.01585	0.02305	0.01333	0.01272	0.03350	0.02602	0.24144	0.14756	0.03855	0.03693	0.01245	0.00961	0.00252	0.00742	0.01041	0.00971	0.29299
