[name]
unknown

[dist]
# distance from previous block
# <min> <max>
0	157

[block]
# block no. 0 follows, 16 sequences, length 45
# corresponding to MSA columns:
# 192-236
name=unknown_A
#
# <colnr> <probs for GDERKNQSTAVLIFYWHMCP>
#	G	D	E	R	K	N	Q	S	T	A	V	L	I	F	Y	W	H	M	C	P
0	0.01456	0.01082	0.01414	0.01581	0.01830	0.01040	0.01352	0.01851	0.02226	0.02829	0.06323	0.10524	0.19290	0.02621	0.01290	0.00416	0.00790	0.40317	0.00894	0.00874
1	0.02408	0.01266	0.01647	0.01516	0.01816	0.01235	0.01132	0.05672	0.05477	0.17635	0.03472	0.14989	0.03276	0.09064	0.02206	0.19138	0.00811	0.05416	0.00828	0.00997
2	0.01931	0.01807	0.03034	0.45818	0.18726	0.02102	0.02634	0.02547	0.02057	0.02735	0.05757	0.02865	0.01895	0.01015	0.00979	0.00314	0.01201	0.00924	0.00486	0.01172
3	0.02780	0.02604	0.02549	0.02481	0.08257	0.12223	0.01772	0.11706	0.36381	0.03971	0.03119	0.03018	0.02363	0.01199	0.00963	0.00307	0.01005	0.00966	0.00855	0.01483
4	0.02121	0.21800	0.45678	0.02461	0.03729	0.02683	0.03056	0.03024	0.02025	0.02854	0.01632	0.01912	0.01232	0.00896	0.00839	0.00280	0.01324	0.00662	0.00411	0.01381
5	0.72785	0.01874	0.01425	0.01275	0.01874	0.02174	0.01050	0.02849	0.01649	0.04348	0.01350	0.01574	0.01050	0.00900	0.00600	0.00300	0.00750	0.00525	0.00600	0.01050
6	0.01318	0.00983	0.01243	0.01316	0.01527	0.00907	0.01010	0.01660	0.02312	0.03068	0.24268	0.21506	0.19299	0.02476	0.01207	0.00360	0.00582	0.13146	0.00954	0.00859
7	0.01780	0.01634	0.02707	0.50099	0.09301	0.01959	0.02430	0.02370	0.02012	0.02632	0.06541	0.07846	0.02325	0.01203	0.01003	0.00325	0.01160	0.01080	0.00521	0.01071
8	0.72785	0.01874	0.01425	0.01275	0.01874	0.02174	0.01050	0.02849	0.01649	0.04348	0.01350	0.01574	0.01050	0.00900	0.00600	0.00300	0.00750	0.00525	0.00600	0.01050
9	0.01424	0.01011	0.01372	0.01574	0.01721	0.00993	0.01253	0.01737	0.02030	0.02663	0.04997	0.28022	0.05646	0.08961	0.01656	0.00477	0.00791	0.31979	0.00865	0.00829
10	0.01435	0.00980	0.01192	0.01264	0.01325	0.00976	0.00859	0.01561	0.01650	0.02181	0.03732	0.11097	0.04232	0.45702	0.03776	0.00778	0.00905	0.14991	0.00685	0.00679
11	0.02176	0.02054	0.03413	0.08470	0.47270	0.02058	0.02604	0.02716	0.02227	0.03121	0.06388	0.03404	0.07674	0.01098	0.00990	0.00295	0.01049	0.01037	0.00557	0.01398
12	0.72785	0.01874	0.01425	0.01275	0.01874	0.02174	0.01050	0.02849	0.01649	0.04348	0.01350	0.01574	0.01050	0.00900	0.00600	0.00300	0.00750	0.00525	0.00600	0.01050
13	0.03620	0.04619	0.02747	0.02497	0.02996	0.62047	0.01873	0.03870	0.02747	0.02372	0.01498	0.01748	0.01248	0.00999	0.00874	0.00250	0.01748	0.00624	0.00499	0.01124
14	0.49387	0.01535	0.01363	0.01276	0.01682	0.01733	0.00985	0.02333	0.01558	0.03520	0.01680	0.05793	0.01544	0.01691	0.01493	0.19485	0.00763	0.00745	0.00570	0.00865
15	0.02947	0.01597	0.01959	0.01715	0.02232	0.01595	0.01334	0.04050	0.20749	0.27975	0.04230	0.18365	0.03551	0.01681	0.01042	0.00332	0.00742	0.01444	0.01057	0.01403
16	0.03620	0.04619	0.02747	0.02497	0.02996	0.62047	0.01873	0.03870	0.02747	0.02372	0.01498	0.01748	0.01248	0.00999	0.00874	0.00250	0.01748	0.00624	0.00499	0.01124
17	0.01807	0.00903	0.00903	0.00903	0.01129	0.00903	0.00678	0.02258	0.02033	0.03613	0.03162	0.03613	0.02484	0.01129	0.00678	0.00226	0.00452	0.00903	0.71319	0.00903
18	0.01305	0.00996	0.01203	0.01173	0.01436	0.00894	0.00895	0.01687	0.02522	0.03376	0.38388	0.08217	0.26608	0.02194	0.01157	0.00322	0.00498	0.05256	0.00997	0.00879
19	0.01830	0.01723	0.02907	0.63609	0.06675	0.02153	0.02692	0.02476	0.01938	0.02476	0.01723	0.02584	0.01292	0.00969	0.00969	0.00323	0.01292	0.00861	0.00431	0.01077
20	0.01145	0.00982	0.00982	0.00982	0.01309	0.00818	0.00736	0.01391	0.02209	0.02618	0.09818	0.09327	0.59499	0.02455	0.01145	0.00327	0.00491	0.02045	0.00900	0.00818
21	0.01244	0.00986	0.01118	0.01085	0.01369	0.00860	0.00814	0.01581	0.02441	0.03168	0.31320	0.08422	0.37654	0.02249	0.01144	0.00318	0.00476	0.01919	0.00972	0.00860
22	0.02010	0.01723	0.02010	0.01436	0.02297	0.01292	0.01148	0.02440	0.02010	0.03158	0.01723	0.02010	0.01436	0.00718	0.00718	0.00144	0.00718	0.00574	0.00574	0.71863
23	0.03620	0.04619	0.02747	0.02497	0.02996	0.62047	0.01873	0.03870	0.02747	0.02372	0.01498	0.01748	0.01248	0.00999	0.00874	0.00250	0.01748	0.00624	0.00499	0.01124
24	0.03439	0.02697	0.03402	0.02555	0.03367	0.02908	0.11408	0.47266	0.04159	0.05581	0.02263	0.02377	0.01617	0.01103	0.01000	0.00297	0.01166	0.00920	0.00885	0.01588
25	0.04348	0.01649	0.02249	0.01724	0.02474	0.01425	0.01425	0.04723	0.02774	0.60564	0.03824	0.03299	0.02399	0.01200	0.00975	0.00300	0.00825	0.00975	0.01200	0.01649
26	0.01694	0.01268	0.01493	0.01363	0.01701	0.01234	0.01065	0.10335	0.02861	0.03855	0.34423	0.07249	0.19853	0.02019	0.01131	0.00319	0.00593	0.05541	0.00998	0.01005
27	0.02399	0.02303	0.03934	0.05949	0.59893	0.02303	0.02974	0.02974	0.02207	0.03166	0.01823	0.02399	0.01535	0.00864	0.00960	0.00288	0.01151	0.00864	0.00480	0.01535
28	0.01409	0.00940	0.01057	0.01057	0.01057	0.00940	0.00587	0.01409	0.01409	0.01879	0.03054	0.06342	0.03524	0.65938	0.04933	0.00940	0.00940	0.01409	0.00587	0.00587
29	0.01291	0.00897	0.01130	0.01273	0.01320	0.00866	0.00832	0.01417	0.01719	0.02287	0.04493	0.40018	0.05300	0.25953	0.02592	0.00596	0.00723	0.05786	0.00785	0.00722
30	0.02579	0.01750	0.01912	0.01694	0.02201	0.01918	0.01325	0.04435	0.36883	0.12817	0.03750	0.03566	0.02765	0.01255	0.00915	0.00301	0.00705	0.01034	0.16785	0.01411
31	0.01386	0.01031	0.01520	0.01520	0.01680	0.01191	0.01165	0.01707	0.01547	0.02222	0.02630	0.03997	0.02505	0.11651	0.57828	0.01511	0.02472	0.01066	0.00524	0.00845
32	0.01944	0.05013	0.60917	0.02762	0.04195	0.02251	0.03581	0.03069	0.02046	0.03069	0.01739	0.02046	0.01228	0.00921	0.00921	0.00307	0.01432	0.00716	0.00409	0.01432
33	0.02155	0.02268	0.04320	0.09215	0.04266	0.02391	0.32931	0.02936	0.06431	0.02886	0.02058	0.02895	0.01696	0.06122	0.01769	0.00392	0.12468	0.01081	0.00519	0.01203
34	0.01224	0.00898	0.01159	0.01351	0.01468	0.00833	0.00960	0.01439	0.01955	0.02549	0.05971	0.50213	0.14087	0.02906	0.01237	0.00391	0.00594	0.09062	0.00899	0.00805
35	0.03123	0.02639	0.11586	0.02049	0.02829	0.02351	0.01878	0.29465	0.08828	0.11999	0.02692	0.02702	0.01916	0.01140	0.00926	0.00290	0.00983	0.00887	0.10213	0.01505
36	0.07640	0.08180	0.03011	0.40135	0.05080	0.02489	0.02323	0.06785	0.02067	0.02871	0.01647	0.02326	0.01294	0.01057	0.01186	0.00320	0.09170	0.00801	0.00484	0.01134
37	0.11135	0.02487	0.16739	0.06385	0.16631	0.01845	0.02203	0.02745	0.01974	0.08580	0.02280	0.07356	0.02000	0.06373	0.01460	0.05974	0.01061	0.00977	0.00580	0.01216
38	0.01237	0.00969	0.01136	0.01244	0.01474	0.00868	0.00945	0.01500	0.02113	0.02633	0.07629	0.25511	0.33858	0.02663	0.01209	0.00369	0.00590	0.12329	0.00898	0.00824
39	0.07320	0.01967	0.02138	0.01793	0.02291	0.02131	0.01402	0.32088	0.03362	0.04660	0.07417	0.15977	0.03356	0.07910	0.01400	0.00377	0.00882	0.01357	0.00901	0.01271
40	0.02420	0.24186	0.10445	0.02663	0.07478	0.03080	0.07461	0.06999	0.02086	0.02834	0.01542	0.02008	0.01327	0.01126	0.01524	0.00308	0.20013	0.00755	0.00473	0.01271
41	0.01932	0.01590	0.02317	0.16210	0.03110	0.01989	0.01792	0.02246	0.01728	0.06381	0.02401	0.10925	0.02362	0.08589	0.09443	0.00573	0.23665	0.01179	0.00567	0.01001
42	0.01956	0.01347	0.02150	0.15619	0.03108	0.01422	0.05604	0.02356	0.01977	0.11576	0.03366	0.21741	0.03286	0.03158	0.16072	0.00644	0.01346	0.01510	0.00718	0.01045
43	0.01577	0.01436	0.02199	0.40245	0.04678	0.01652	0.01974	0.02068	0.02013	0.02519	0.04412	0.09284	0.19067	0.01567	0.01042	0.00330	0.00998	0.01357	0.00606	0.00978
44	0.02646	0.18587	0.22786	0.02139	0.03095	0.02581	0.02254	0.06278	0.14829	0.11817	0.02478	0.02480	0.01814	0.01040	0.00874	0.00286	0.01080	0.00799	0.00684	0.01452

[dist]
# distance from previous block
# <min> <max>
0	1

[block]
# block no. 1 follows, 16 sequences, length 42
# corresponding to MSA columns:
# 238-279
name=unknown_B
#
# <colnr> <probs for GDERKNQSTAVLIFYWHMCP>
#	G	D	E	R	K	N	Q	S	T	A	V	L	I	F	Y	W	H	M	C	P
0	0.02488	0.02177	0.02459	0.05643	0.02760	0.09062	0.05697	0.10313	0.16249	0.06294	0.02987	0.10040	0.02666	0.09896	0.01699	0.00407	0.05982	0.01198	0.00763	0.01221
1	0.25599	0.25948	0.03049	0.04784	0.02509	0.02849	0.01480	0.03421	0.15798	0.03411	0.02012	0.02125	0.01608	0.00980	0.00723	0.00274	0.00888	0.00681	0.00618	0.01243
2	0.46516	0.02135	0.05963	0.01894	0.06140	0.02053	0.04976	0.02818	0.01817	0.03897	0.01512	0.01804	0.01188	0.00862	0.00701	0.00274	0.00874	0.00609	0.00567	0.13399
3	0.02976	0.28505	0.10014	0.02100	0.02901	0.14832	0.01947	0.16209	0.06018	0.03411	0.01807	0.01952	0.01440	0.00981	0.00809	0.00254	0.01211	0.00680	0.00598	0.01355
4	0.47069	0.01709	0.01584	0.01352	0.01951	0.01839	0.01108	0.03277	0.01987	0.19038	0.02197	0.02250	0.01561	0.01003	0.00707	0.00292	0.00737	0.00684	0.08465	0.01191
5	0.02256	0.03554	0.28987	0.03229	0.04358	0.02309	0.26550	0.03333	0.06580	0.06135	0.02117	0.02484	0.01531	0.00920	0.01027	0.00317	0.01438	0.00948	0.00531	0.01396
6	0.01293	0.00923	0.01253	0.01477	0.01582	0.00884	0.01094	0.01543	0.01966	0.02599	0.05280	0.49360	0.06166	0.02931	0.01267	0.00409	0.00659	0.17599	0.00898	0.00818
7	0.11816	0.10792	0.02530	0.01897	0.02483	0.09066	0.01524	0.04413	0.37304	0.03677	0.02996	0.02873	0.02296	0.01162	0.00875	0.00300	0.00907	0.00894	0.00807	0.01388
8	0.01856	0.01547	0.01838	0.01384	0.02093	0.01201	0.01092	0.02294	0.02186	0.03333	0.15577	0.03266	0.03288	0.01021	0.00820	0.00182	0.00655	0.00857	0.00693	0.54816
9	0.12626	0.01227	0.01376	0.01360	0.01608	0.01258	0.00974	0.04621	0.04667	0.06088	0.11793	0.28297	0.04902	0.12803	0.01705	0.00445	0.00686	0.01786	0.00848	0.00932
10	0.01940	0.01795	0.02022	0.01913	0.02254	0.08118	0.05592	0.02980	0.19311	0.03030	0.04213	0.30382	0.04337	0.02084	0.01121	0.00357	0.00863	0.05735	0.00850	0.01102
11	0.01830	0.01723	0.02907	0.63609	0.06675	0.02153	0.02692	0.02476	0.01938	0.02476	0.01723	0.02584	0.01292	0.00969	0.00969	0.00323	0.01292	0.00861	0.00431	0.01077
12	0.01181	0.00843	0.01125	0.01350	0.01406	0.00787	0.00900	0.01350	0.01856	0.02474	0.05342	0.65306	0.06410	0.03036	0.01237	0.00394	0.00562	0.02755	0.00900	0.00787
13	0.11660	0.01497	0.01721	0.01578	0.02019	0.01524	0.01241	0.06452	0.10342	0.16086	0.07511	0.17982	0.07666	0.01851	0.01041	0.00340	0.00728	0.06616	0.00952	0.01193
14	0.20754	0.01765	0.02089	0.01646	0.02361	0.01697	0.01359	0.07290	0.02607	0.43893	0.03142	0.02828	0.02031	0.01125	0.00884	0.00299	0.00821	0.00861	0.01042	0.01505
15	0.72785	0.01874	0.01425	0.01275	0.01874	0.02174	0.01050	0.02849	0.01649	0.04348	0.01350	0.01574	0.01050	0.00900	0.00600	0.00300	0.00750	0.00525	0.00600	0.01050
16	0.04348	0.01649	0.02249	0.01724	0.02474	0.01425	0.01425	0.04723	0.02774	0.60564	0.03824	0.03299	0.02399	0.01200	0.00975	0.00300	0.00825	0.00975	0.01200	0.01649
17	0.50847	0.01620	0.01348	0.01211	0.01728	0.01812	0.00981	0.02822	0.01816	0.07750	0.01956	0.02189	0.01491	0.00976	0.00643	0.00282	0.00681	0.00647	0.18149	0.01052
18	0.04348	0.01649	0.02249	0.01724	0.02474	0.01425	0.01425	0.04723	0.02774	0.60564	0.03824	0.03299	0.02399	0.01200	0.00975	0.00300	0.00825	0.00975	0.01200	0.01649
19	0.72785	0.01874	0.01425	0.01275	0.01874	0.02174	0.01050	0.02849	0.01649	0.04348	0.01350	0.01574	0.01050	0.00900	0.00600	0.00300	0.00750	0.00525	0.00600	0.01050
20	0.01175	0.00983	0.01023	0.01013	0.01327	0.00831	0.00760	0.01448	0.02279	0.02784	0.16303	0.09054	0.52911	0.02393	0.01145	0.00324	0.00487	0.02007	0.00922	0.00831
21	0.01261	0.00979	0.01104	0.01077	0.01326	0.00869	0.00780	0.01550	0.02295	0.02975	0.26657	0.08188	0.34131	0.10629	0.01642	0.00400	0.00538	0.01857	0.00919	0.00822
22	0.21506	0.01706	0.02042	0.01612	0.02324	0.01612	0.01331	0.04253	0.02492	0.46470	0.03203	0.02867	0.02061	0.01124	0.00881	0.00300	0.00806	0.00862	0.01049	0.01499
23	0.01562	0.01116	0.01562	0.01785	0.02008	0.01116	0.01562	0.02008	0.02231	0.02900	0.05132	0.10933	0.05578	0.02677	0.01339	0.00446	0.00892	0.53369	0.00892	0.00892
24	0.03546	0.02646	0.02831	0.02202	0.02953	0.02941	0.01809	0.51047	0.10397	0.05884	0.02503	0.02467	0.01791	0.01180	0.00971	0.00295	0.01034	0.00897	0.00971	0.01636
25	0.04124	0.01799	0.02317	0.01799	0.02536	0.01674	0.01479	0.10417	0.07302	0.50206	0.03670	0.03218	0.02361	0.01205	0.00975	0.00301	0.00847	0.00973	0.01158	0.01640
26	0.02297	0.01963	0.02094	0.01890	0.02403	0.02248	0.01467	0.04788	0.52104	0.04036	0.09986	0.04011	0.03633	0.01388	0.01003	0.00326	0.00733	0.01167	0.00995	0.01467
27	0.01385	0.01038	0.01558	0.01558	0.01731	0.01211	0.01211	0.01731	0.01558	0.02250	0.02596	0.03808	0.02423	0.07269	0.62098	0.01558	0.02596	0.01038	0.00519	0.00865
28	0.02010	0.01723	0.02010	0.01436	0.02297	0.01292	0.01148	0.02440	0.02010	0.03158	0.01723	0.02010	0.01436	0.00718	0.00718	0.00144	0.00718	0.00574	0.00574	0.71863
29	0.01210	0.00864	0.01158	0.01383	0.01452	0.00812	0.00950	0.01400	0.01884	0.02507	0.05326	0.61172	0.06347	0.03009	0.01245	0.00398	0.00587	0.06603	0.00899	0.00795
30	0.02591	0.66522	0.05079	0.01658	0.02488	0.03835	0.01658	0.02902	0.01969	0.02280	0.01347	0.01555	0.01244	0.00829	0.00622	0.00207	0.01036	0.00518	0.00415	0.01244
31	0.01562	0.01116	0.01562	0.01785	0.02008	0.01116	0.01562	0.02008	0.02231	0.02900	0.05132	0.10933	0.05578	0.02677	0.01339	0.00446	0.00892	0.53369	0.00892	0.00892
32	0.01329	0.00989	0.01236	0.01174	0.01422	0.00896	0.00881	0.01746	0.02642	0.03647	0.50002	0.07635	0.18673	0.02071	0.01144	0.00309	0.00464	0.01808	0.01035	0.00896
33	0.01830	0.01723	0.02907	0.63609	0.06675	0.02153	0.02692	0.02476	0.01938	0.02476	0.01723	0.02584	0.01292	0.00969	0.00969	0.00323	0.01292	0.00861	0.00431	0.01077
34	0.72785	0.01874	0.01425	0.01275	0.01874	0.02174	0.01050	0.02849	0.01649	0.04348	0.01350	0.01574	0.01050	0.00900	0.00600	0.00300	0.00750	0.00525	0.00600	0.01050
35	0.01830	0.01723	0.02907	0.63609	0.06675	0.02153	0.02692	0.02476	0.01938	0.02476	0.01723	0.02584	0.01292	0.00969	0.00969	0.00323	0.01292	0.00861	0.00431	0.01077
36	0.01171	0.00882	0.01085	0.01248	0.01379	0.00796	0.00855	0.01361	0.01953	0.02514	0.06577	0.49857	0.21062	0.02876	0.01212	0.00375	0.00543	0.02559	0.00900	0.00796
37	0.02510	0.02131	0.02248	0.01993	0.02558	0.02457	0.01558	0.09181	0.53948	0.04215	0.03818	0.03515	0.02856	0.01303	0.00985	0.00326	0.00790	0.01078	0.00985	0.01543
38	0.01421	0.01060	0.01329	0.01250	0.01506	0.01003	0.00941	0.02009	0.06268	0.03801	0.52046	0.07165	0.12575	0.01974	0.01133	0.00308	0.00480	0.01733	0.01049	0.00947
39	0.02288	0.02614	0.05719	0.04085	0.05065	0.02451	0.56373	0.03105	0.02288	0.03105	0.01961	0.02614	0.01471	0.00817	0.01144	0.00327	0.01634	0.01144	0.00490	0.01307
40	0.02429	0.03293	0.28234	0.02782	0.10707	0.02133	0.02603	0.10066	0.02535	0.09812	0.09604	0.02953	0.02494	0.01160	0.01098	0.00308	0.04787	0.00928	0.00665	0.01408
41	0.36152	0.10419	0.02271	0.01587	0.02237	0.02351	0.01345	0.09921	0.06537	0.12179	0.02219	0.02561	0.01726	0.01091	0.00770	0.00297	0.00846	0.03475	0.00751	0.01263

[dist]
# distance from previous block
# <min> <max>
1	8

[block]
# block no. 2 follows, 16 sequences, length 14
# corresponding to MSA columns:
# 288-301
name=unknown_C
#
# <colnr> <probs for GDERKNQSTAVLIFYWHMCP>
#	G	D	E	R	K	N	Q	S	T	A	V	L	I	F	Y	W	H	M	C	P
0	0.11600	0.02357	0.02098	0.01895	0.02278	0.17763	0.01493	0.03053	0.05918	0.08407	0.11868	0.03682	0.03130	0.01970	0.07024	0.00433	0.09259	0.03943	0.00719	0.01109
1	0.07038	0.02231	0.06698	0.02987	0.11762	0.02096	0.13953	0.02983	0.02129	0.10669	0.04856	0.02626	0.01906	0.01077	0.01322	0.00302	0.11697	0.00907	0.00615	0.12147
2	0.02364	0.02680	0.04784	0.07210	0.04611	0.09970	0.41084	0.03064	0.02321	0.02954	0.02182	0.03273	0.01813	0.01022	0.01117	0.00328	0.01559	0.05909	0.00525	0.01231
3	0.01385	0.01038	0.01558	0.01558	0.01731	0.01211	0.01211	0.01731	0.01558	0.02250	0.02596	0.03808	0.02423	0.07269	0.62098	0.01558	0.02596	0.01038	0.00519	0.00865
4	0.02142	0.02110	0.02745	0.44525	0.05437	0.08710	0.02369	0.03168	0.13376	0.02784	0.02147	0.02702	0.01624	0.01042	0.00962	0.00316	0.01235	0.00883	0.00550	0.01174
5	0.66235	0.01954	0.01565	0.01365	0.01982	0.02253	0.01125	0.07949	0.01925	0.04515	0.01442	0.01646	0.01106	0.00925	0.00635	0.00299	0.00780	0.00558	0.00635	0.01106
6	0.01323	0.01020	0.01241	0.01362	0.01611	0.00938	0.01100	0.01642	0.02173	0.02717	0.07306	0.17087	0.30394	0.02621	0.01237	0.00385	0.00667	0.23435	0.00897	0.00845
7	0.08151	0.01170	0.01443	0.01422	0.01669	0.01219	0.01093	0.02147	0.07437	0.03252	0.24175	0.09691	0.05413	0.02822	0.09267	0.09239	0.00896	0.07753	0.00834	0.00908
8	0.02172	0.09114	0.03198	0.02448	0.02538	0.03063	0.02070	0.02394	0.01537	0.02327	0.01280	0.02059	0.01269	0.01602	0.02903	0.00401	0.57309	0.00812	0.00423	0.01080
9	0.04348	0.01649	0.02249	0.01724	0.02474	0.01425	0.01425	0.04723	0.02774	0.60564	0.03824	0.03299	0.02399	0.01200	0.00975	0.00300	0.00825	0.00975	0.01200	0.01649
10	0.03118	0.01700	0.02027	0.01702	0.02284	0.01705	0.01343	0.04343	0.23434	0.29848	0.04372	0.04190	0.07989	0.05882	0.01271	0.00358	0.00780	0.01150	0.01049	0.01455
11	0.11247	0.02021	0.02768	0.30751	0.04613	0.02356	0.05637	0.11441	0.12898	0.03613	0.02202	0.02612	0.01641	0.01045	0.00937	0.00316	0.01112	0.00883	0.00644	0.01263
12	0.01819	0.01370	0.01756	0.01875	0.08010	0.01389	0.01272	0.05814	0.09598	0.03887	0.33090	0.05668	0.06077	0.01650	0.01043	0.00302	0.00628	0.03770	0.09881	0.01102
13	0.01145	0.00982	0.00982	0.00982	0.01309	0.00818	0.00736	0.01391	0.02209	0.02618	0.09818	0.09327	0.59499	0.02455	0.01145	0.00327	0.00491	0.02045	0.00900	0.00818

[dist]
# distance from previous block
# <min> <max>
0	3

[block]
# block no. 3 follows, 16 sequences, length 88
# corresponding to MSA columns:
# 305-392
name=unknown_D
#
# <colnr> <probs for GDERKNQSTAVLIFYWHMCP>
#	G	D	E	R	K	N	Q	S	T	A	V	L	I	F	Y	W	H	M	C	P
0	0.01944	0.05013	0.60917	0.02762	0.04195	0.02251	0.03581	0.03069	0.02046	0.03069	0.01739	0.02046	0.01228	0.00921	0.00921	0.00307	0.01432	0.00716	0.00409	0.01432
1	0.72785	0.01874	0.01425	0.01275	0.01874	0.02174	0.01050	0.02849	0.01649	0.04348	0.01350	0.01574	0.01050	0.00900	0.00600	0.00300	0.00750	0.00525	0.00600	0.01050
2	0.02172	0.01278	0.01589	0.01366	0.01824	0.01086	0.01037	0.02489	0.02264	0.16977	0.12871	0.15491	0.12046	0.06549	0.01311	0.00335	0.00662	0.01500	0.00905	0.16247
3	0.18161	0.01214	0.01415	0.08967	0.02161	0.01293	0.01145	0.01875	0.01898	0.03014	0.07621	0.34897	0.08531	0.02170	0.01041	0.00353	0.00685	0.01882	0.00782	0.00895
4	0.04287	0.01748	0.02310	0.01771	0.02523	0.01571	0.01463	0.09538	0.02939	0.55515	0.03685	0.03209	0.02330	0.01196	0.00974	0.00299	0.00847	0.00965	0.01178	0.01649
5	0.01250	0.00872	0.01104	0.01261	0.01301	0.00833	0.00806	0.01368	0.01721	0.02295	0.04653	0.47554	0.05541	0.21974	0.02350	0.00558	0.00676	0.02350	0.00806	0.00727
6	0.01476	0.00978	0.01467	0.01467	0.01588	0.01098	0.01098	0.01588	0.01467	0.02077	0.02317	0.03544	0.02197	0.06076	0.44265	0.23040	0.02060	0.00978	0.00489	0.00729
7	0.02205	0.02105	0.03583	0.25635	0.41723	0.02252	0.02878	0.02804	0.02115	0.02931	0.01789	0.02462	0.01452	0.00900	0.00963	0.00300	0.01199	0.00863	0.00463	0.01379
8	0.72785	0.01874	0.01425	0.01275	0.01874	0.02174	0.01050	0.02849	0.01649	0.04348	0.01350	0.01574	0.01050	0.00900	0.00600	0.00300	0.00750	0.00525	0.00600	0.01050
9	0.01637	0.00842	0.01250	0.01271	0.01276	0.00837	0.00847	0.01271	0.01318	0.01757	0.02023	0.08727	0.02122	0.03336	0.03551	0.65181	0.00816	0.01019	0.00465	0.00455
10	0.01273	0.00936	0.01204	0.01396	0.01489	0.00909	0.00947	0.01634	0.06062	0.02592	0.05237	0.60696	0.06152	0.02908	0.01218	0.00389	0.00578	0.02631	0.00906	0.00843
11	0.02010	0.01723	0.02010	0.01436	0.02297	0.01292	0.01148	0.02440	0.02010	0.03158	0.01723	0.02010	0.01436	0.00718	0.00718	0.00144	0.00718	0.00574	0.00574	0.71863
12	0.03684	0.02715	0.02909	0.02230	0.03006	0.03006	0.01842	0.56661	0.04557	0.06108	0.02327	0.02327	0.01648	0.01163	0.00970	0.00291	0.01067	0.00873	0.00970	0.01648
13	0.01372	0.00991	0.01296	0.01219	0.01448	0.00914	0.00914	0.01829	0.02743	0.03887	0.59381	0.07240	0.09145	0.01981	0.01143	0.00305	0.00457	0.01753	0.01067	0.00914
14	0.01145	0.00982	0.00982	0.00982	0.01309	0.00818	0.00736	0.01391	0.02209	0.02618	0.09818	0.09327	0.59499	0.02455	0.01145	0.00327	0.00491	0.02045	0.00900	0.00818
15	0.72785	0.01874	0.01425	0.01275	0.01874	0.02174	0.01050	0.02849	0.01649	0.04348	0.01350	0.01574	0.01050	0.00900	0.00600	0.00300	0.00750	0.00525	0.00600	0.01050
16	0.01372	0.00991	0.01296	0.01219	0.01448	0.00914	0.00914	0.01829	0.02743	0.03887	0.59381	0.07240	0.09145	0.01981	0.01143	0.00305	0.00457	0.01753	0.01067	0.00914
17	0.01235	0.00985	0.01105	0.01075	0.01364	0.00856	0.00806	0.01563	0.02419	0.03117	0.29325	0.08506	0.39681	0.02268	0.01145	0.00318	0.00478	0.01930	0.00966	0.00856
18	0.02010	0.01723	0.02010	0.01436	0.02297	0.01292	0.01148	0.02440	0.02010	0.03158	0.01723	0.02010	0.01436	0.00718	0.00718	0.00144	0.00718	0.00574	0.00574	0.71863
19	0.01385	0.01038	0.01558	0.01558	0.01731	0.01211	0.01211	0.01731	0.01558	0.02250	0.02596	0.03808	0.02423	0.07269	0.62098	0.01558	0.02596	0.01038	0.00519	0.00865
20	0.01372	0.00991	0.01296	0.01219	0.01448	0.00914	0.00914	0.01829	0.02743	0.03887	0.59381	0.07240	0.09145	0.01981	0.01143	0.00305	0.00457	0.01753	0.01067	0.00914
21	0.72785	0.01874	0.01425	0.01275	0.01874	0.02174	0.01050	0.02849	0.01649	0.04348	0.01350	0.01574	0.01050	0.00900	0.00600	0.00300	0.00750	0.00525	0.00600	0.01050
22	0.01181	0.00843	0.01125	0.01350	0.01406	0.00787	0.00900	0.01350	0.01856	0.02474	0.05342	0.65306	0.06410	0.03036	0.01237	0.00394	0.00562	0.02755	0.00900	0.00787
23	0.03620	0.04619	0.02747	0.02497	0.02996	0.62047	0.01873	0.03870	0.02747	0.02372	0.01498	0.01748	0.01248	0.00999	0.00874	0.00250	0.01748	0.00624	0.00499	0.01124
24	0.01409	0.00940	0.01057	0.01057	0.01057	0.00940	0.00587	0.01409	0.01409	0.01879	0.03054	0.06342	0.03524	0.65938	0.04933	0.00940	0.00940	0.01409	0.00587	0.00587
25	0.15604	0.01750	0.02152	0.01680	0.02407	0.01642	0.01387	0.07495	0.02694	0.48055	0.03327	0.02957	0.02132	0.01148	0.00912	0.00299	0.00827	0.00894	0.01087	0.01550
26	0.01339	0.00989	0.01251	0.01185	0.01428	0.00901	0.00889	0.01766	0.02667	0.03705	0.52285	0.07539	0.16355	0.02049	0.01143	0.00308	0.00462	0.01795	0.01043	0.00901
27	0.01385	0.01038	0.01558	0.01558	0.01731	0.01211	0.01211	0.01731	0.01558	0.02250	0.02596	0.03808	0.02423	0.07269	0.62098	0.01558	0.02596	0.01038	0.00519	0.00865
28	0.11468	0.04591	0.52918	0.02562	0.03883	0.02241	0.03241	0.03040	0.01993	0.03241	0.01687	0.01983	0.01204	0.00918	0.00878	0.00306	0.01341	0.00690	0.00435	0.01381
29	0.02483	0.02118	0.02232	0.01987	0.02548	0.02444	0.01551	0.08063	0.55112	0.04170	0.03853	0.03543	0.02884	0.01306	0.00985	0.00327	0.00784	0.01083	0.00985	0.01541
30	0.01181	0.00843	0.01125	0.01350	0.01406	0.00787	0.00900	0.01350	0.01856	0.02474	0.05342	0.65306	0.06410	0.03036	0.01237	0.00394	0.00562	0.02755	0.00900	0.00787
31	0.02399	0.02303	0.03934	0.05949	0.59893	0.02303	0.02974	0.02974	0.02207	0.03166	0.01823	0.02399	0.01535	0.00864	0.00960	0.00288	0.01151	0.00864	0.00480	0.01535
32	0.03160	0.45514	0.04162	0.01680	0.02483	0.03054	0.01583	0.03492	0.02230	0.21154	0.02149	0.02120	0.01618	0.00949	0.00736	0.00237	0.00968	0.00666	0.00669	0.01375
33	0.10122	0.01880	0.02369	0.02021	0.02507	0.06084	0.09216	0.08480	0.05829	0.06502	0.13162	0.08511	0.03916	0.01976	0.05124	0.00413	0.01067	0.08872	0.00810	0.01139
34	0.01609	0.01134	0.01375	0.01405	0.01658	0.01103	0.01035	0.02229	0.10182	0.06819	0.13387	0.31505	0.15227	0.02399	0.01160	0.00357	0.00600	0.04880	0.00955	0.00981
35	0.02030	0.01196	0.01693	0.01538	0.01889	0.01081	0.04178	0.02383	0.02384	0.16118	0.19583	0.23044	0.11853	0.02130	0.01143	0.00341	0.00665	0.04708	0.00989	0.01055
36	0.02556	0.06712	0.07722	0.04744	0.40961	0.02334	0.05604	0.03260	0.05194	0.08465	0.02091	0.02478	0.01647	0.00918	0.00947	0.00289	0.01138	0.00868	0.00565	0.01507
37	0.02105	0.01749	0.02824	0.02583	0.07935	0.01829	0.13369	0.02731	0.08494	0.06316	0.02840	0.04573	0.02659	0.14928	0.02307	0.05320	0.07841	0.07860	0.00651	0.01086
38	0.01634	0.01447	0.02656	0.02223	0.02599	0.01495	0.16476	0.02050	0.01771	0.02475	0.02622	0.09128	0.02486	0.04861	0.36176	0.05151	0.02039	0.01216	0.00541	0.00955
39	0.61085	0.02393	0.11250	0.01520	0.02258	0.02187	0.01468	0.02885	0.01715	0.04137	0.01414	0.01652	0.01079	0.00903	0.00653	0.00301	0.00862	0.00556	0.00568	0.01113
40	0.01278	0.00866	0.01122	0.01319	0.01405	0.00819	0.00909	0.01496	0.01898	0.02636	0.05066	0.54829	0.05889	0.02785	0.01175	0.00376	0.00567	0.05324	0.09433	0.00807
41	0.02225	0.06543	0.03194	0.41614	0.14419	0.10729	0.02553	0.02781	0.02097	0.02559	0.01682	0.02368	0.01322	0.00947	0.00931	0.00299	0.01317	0.00805	0.00447	0.01168
42	0.02996	0.42891	0.04275	0.01870	0.02679	0.03528	0.01726	0.22811	0.02928	0.03698	0.01710	0.01841	0.01394	0.00953	0.00751	0.00238	0.01048	0.00649	0.00620	0.01394
43	0.07412	0.03882	0.39195	0.02394	0.03566	0.02142	0.02796	0.08370	0.02405	0.15502	0.02205	0.02303	0.01500	0.01000	0.00915	0.00303	0.01225	0.00772	0.00640	0.01472
44	0.02270	0.01924	0.03095	0.41688	0.18202	0.02201	0.02606	0.06792	0.02252	0.06881	0.01934	0.02572	0.01450	0.00975	0.00967	0.00311	0.01211	0.00870	0.00535	0.01263
45	0.02298	0.38694	0.30341	0.02158	0.03260	0.03118	0.02528	0.02978	0.02004	0.02637	0.01525	0.01777	0.01237	0.00871	0.00757	0.00252	0.01216	0.00608	0.00412	0.01329
46	0.01181	0.00843	0.01125	0.01350	0.01406	0.00787	0.00900	0.01350	0.01856	0.02474	0.05342	0.65306	0.06410	0.03036	0.01237	0.00394	0.00562	0.02755	0.00900	0.00787
47	0.03656	0.02615	0.02829	0.02185	0.02946	0.02876	0.01800	0.50655	0.07352	0.09366	0.02507	0.02457	0.01766	0.01174	0.00971	0.00293	0.01035	0.00891	0.00985	0.01642
48	0.01345	0.01066	0.01219	0.01167	0.01463	0.00980	0.00879	0.01872	0.06517	0.03328	0.33056	0.07917	0.31362	0.02146	0.01133	0.00317	0.00495	0.01837	0.00986	0.00916
49	0.06795	0.01421	0.01834	0.01559	0.02083	0.01283	0.01250	0.03338	0.02424	0.31951	0.09647	0.08975	0.03737	0.06384	0.01315	0.00363	0.00774	0.07797	0.01005	0.06065
50	0.02978	0.01874	0.02466	0.01984	0.02593	0.01895	0.06506	0.14728	0.12797	0.20792	0.12520	0.07936	0.03627	0.01429	0.01037	0.00313	0.00862	0.01238	0.01006	0.01419
51	0.21701	0.01857	0.02496	0.40613	0.05002	0.02238	0.02157	0.07603	0.02101	0.03333	0.01675	0.02280	0.01258	0.00968	0.00867	0.00314	0.01121	0.00769	0.00528	0.01122
52	0.01181	0.00843	0.01125	0.01350	0.01406	0.00787	0.00900	0.01350	0.01856	0.02474	0.05342	0.65306	0.06410	0.03036	0.01237	0.00394	0.00562	0.02755	0.00900	0.00787
53	0.33582	0.01693	0.01748	0.01479	0.02070	0.01770	0.01198	0.03531	0.07412	0.22699	0.10711	0.03141	0.02828	0.01191	0.00836	0.00303	0.00734	0.00901	0.00899	0.01272
54	0.01807	0.00903	0.00903	0.00903	0.01129	0.00903	0.00678	0.02258	0.02033	0.03613	0.03162	0.03613	0.02484	0.01129	0.00678	0.00226	0.00452	0.00903	0.71319	0.00903
55	0.72785	0.01874	0.01425	0.01275	0.01874	0.02174	0.01050	0.02849	0.01649	0.04348	0.01350	0.01574	0.01050	0.00900	0.00600	0.00300	0.00750	0.00525	0.00600	0.01050
56	0.34651	0.01749	0.01884	0.01525	0.02209	0.01756	0.01259	0.03893	0.02276	0.35672	0.02728	0.02535	0.01802	0.01067	0.00809	0.00300	0.00792	0.00775	0.00934	0.01384
57	0.01733	0.01117	0.01384	0.01349	0.01625	0.01052	0.01016	0.02193	0.05755	0.09716	0.20856	0.16820	0.15538	0.08110	0.01502	0.00398	0.00633	0.07278	0.00957	0.00967
58	0.04348	0.01649	0.02249	0.01724	0.02474	0.01425	0.01425	0.04723	0.02774	0.60564	0.03824	0.03299	0.02399	0.01200	0.00975	0.00300	0.00825	0.00975	0.01200	0.01649
59	0.72785	0.01874	0.01425	0.01275	0.01874	0.02174	0.01050	0.02849	0.01649	0.04348	0.01350	0.01574	0.01050	0.00900	0.00600	0.00300	0.00750	0.00525	0.00600	0.01050
60	0.03404	0.02059	0.02368	0.01936	0.02608	0.02174	0.01560	0.16157	0.26023	0.25427	0.03549	0.03219	0.02467	0.01239	0.00978	0.00310	0.00853	0.01003	0.01062	0.01602
61	0.01565	0.01205	0.01459	0.01488	0.01755	0.01220	0.01163	0.02354	0.12584	0.03203	0.18251	0.14580	0.13171	0.05704	0.01385	0.00396	0.00677	0.15927	0.00936	0.00977
62	0.72785	0.01874	0.01425	0.01275	0.01874	0.02174	0.01050	0.02849	0.01649	0.04348	0.01350	0.01574	0.01050	0.00900	0.00600	0.00300	0.00750	0.00525	0.00600	0.01050
63	0.02288	0.02614	0.05719	0.04085	0.05065	0.02451	0.56373	0.03105	0.02288	0.03105	0.01961	0.02614	0.01471	0.00817	0.01144	0.00327	0.01634	0.01144	0.00490	0.01307
64	0.02411	0.02082	0.02192	0.01972	0.02520	0.02411	0.01534	0.05150	0.58142	0.04054	0.03945	0.03616	0.02959	0.01315	0.00986	0.00329	0.00767	0.01096	0.00986	0.01534
65	0.01350	0.00974	0.01276	0.01234	0.01443	0.00900	0.00913	0.01775	0.02644	0.03728	0.53319	0.13754	0.08838	0.02100	0.01154	0.00315	0.00469	0.01865	0.01048	0.00900
66	0.04348	0.01649	0.02249	0.01724	0.02474	0.01425	0.01425	0.04723	0.02774	0.60564	0.03824	0.03299	0.02399	0.01200	0.00975	0.00300	0.00825	0.00975	0.01200	0.01649
67	0.01385	0.01038	0.01558	0.01558	0.01731	0.01211	0.01211	0.01731	0.01558	0.02250	0.02596	0.03808	0.02423	0.07269	0.62098	0.01558	0.02596	0.01038	0.00519	0.00865
68	0.02010	0.01723	0.02010	0.01436	0.02297	0.01292	0.01148	0.02440	0.02010	0.03158	0.01723	0.02010	0.01436	0.00718	0.00718	0.00144	0.00718	0.00574	0.00574	0.71863
69	0.01393	0.00933	0.01062	0.01078	0.01082	0.00929	0.00610	0.01405	0.01442	0.01922	0.03220	0.10614	0.03733	0.61381	0.04665	0.00900	0.00912	0.01507	0.00610	0.00602
70	0.02591	0.66522	0.05079	0.01658	0.02488	0.03835	0.01658	0.02902	0.01969	0.02280	0.01347	0.01555	0.01244	0.00829	0.00622	0.00207	0.01036	0.00518	0.00415	0.01244
71	0.01372	0.00991	0.01296	0.01219	0.01448	0.00914	0.00914	0.01829	0.02743	0.03887	0.59381	0.07240	0.09145	0.01981	0.01143	0.00305	0.00457	0.01753	0.01067	0.00914
72	0.02482	0.01175	0.01472	0.01276	0.01673	0.01076	0.01000	0.02911	0.02514	0.22148	0.22446	0.04742	0.04716	0.01441	0.00932	0.00277	0.00574	0.01215	0.24782	0.01149
73	0.01830	0.01723	0.02907	0.63609	0.06675	0.02153	0.02692	0.02476	0.01938	0.02476	0.01723	0.02584	0.01292	0.00969	0.00969	0.00323	0.01292	0.00861	0.00431	0.01077
74	0.01830	0.01723	0.02907	0.63609	0.06675	0.02153	0.02692	0.02476	0.01938	0.02476	0.01723	0.02584	0.01292	0.00969	0.00969	0.00323	0.01292	0.00861	0.00431	0.01077
75	0.01907	0.01801	0.03045	0.55857	0.13830	0.02173	0.02730	0.02543	0.01974	0.02569	0.01736	0.02559	0.01325	0.00955	0.00968	0.00318	0.01273	0.00862	0.00437	0.01138
76	0.01208	0.00863	0.01156	0.01381	0.01449	0.00811	0.00948	0.01397	0.01883	0.02505	0.05327	0.61367	0.06350	0.03010	0.01244	0.00397	0.00586	0.06422	0.00899	0.00795
77	0.02288	0.02614	0.05719	0.04085	0.05065	0.02451	0.56373	0.03105	0.02288	0.03105	0.01961	0.02614	0.01471	0.00817	0.01144	0.00327	0.01634	0.01144	0.00490	0.01307
78	0.01428	0.01027	0.01374	0.01386	0.01613	0.00974	0.01105	0.01882	0.02593	0.03596	0.43404	0.08327	0.08094	0.02186	0.01201	0.00346	0.00585	0.16954	0.01016	0.00908
79	0.03835	0.02473	0.02759	0.02115	0.02885	0.02646	0.01747	0.44863	0.04152	0.18478	0.02667	0.02548	0.01819	0.01172	0.00971	0.00293	0.01012	0.00896	0.01022	0.01649
80	0.72785	0.01874	0.01425	0.01275	0.01874	0.02174	0.01050	0.02849	0.01649	0.04348	0.01350	0.01574	0.01050	0.00900	0.00600	0.00300	0.00750	0.00525	0.00600	0.01050
81	0.01684	0.00842	0.01263	0.01263	0.01263	0.00842	0.00842	0.01263	0.01263	0.01684	0.01684	0.02946	0.01684	0.03367	0.03788	0.71801	0.00842	0.00842	0.00421	0.00421
82	0.02741	0.02615	0.11340	0.03028	0.03941	0.02170	0.28574	0.09334	0.02642	0.14879	0.06634	0.02992	0.02217	0.01032	0.01063	0.00313	0.01297	0.01071	0.00717	0.01400
83	0.62691	0.01980	0.02039	0.01677	0.02331	0.02214	0.08971	0.02886	0.01741	0.04170	0.01437	0.01723	0.01110	0.00888	0.00678	0.00304	0.00876	0.00613	0.00584	0.01087
84	0.04287	0.01748	0.02310	0.01771	0.02523	0.01571	0.01463	0.09538	0.02939	0.55515	0.03685	0.03209	0.02330	0.01196	0.00974	0.00299	0.00847	0.00965	0.01178	0.01649
85	0.12657	0.02184	0.03485	0.10725	0.29701	0.02248	0.09629	0.06267	0.02300	0.08748	0.01978	0.02409	0.01517	0.00923	0.00936	0.00300	0.01139	0.00863	0.00589	0.01402
86	0.02868	0.16464	0.10496	0.02269	0.06205	0.05819	0.04835	0.11494	0.02718	0.14323	0.10396	0.02998	0.02684	0.01138	0.00917	0.00278	0.01048	0.00921	0.00754	0.01373
87	0.01593	0.01166	0.01805	0.02006	0.07175	0.01096	0.05273	0.01862	0.01983	0.06562	0.04659	0.50544	0.05315	0.02543	0.01186	0.00372	0.00715	0.02338	0.00851	0.00954

[dist]
# distance from previous block
# <min> <max>
1	10

[block]
# block no. 4 follows, 16 sequences, length 20
# corresponding to MSA columns:
# 403-422
name=unknown_E
#
# <colnr> <probs for GDERKNQSTAVLIFYWHMCP>
#	G	D	E	R	K	N	Q	S	T	A	V	L	I	F	Y	W	H	M	C	P
0	0.12983	0.02150	0.06611	0.02296	0.10348	0.06708	0.01691	0.03483	0.02474	0.24932	0.13151	0.03437	0.03155	0.01218	0.00938	0.00295	0.00914	0.00991	0.00872	0.01352
1	0.01878	0.01195	0.01533	0.01350	0.01746	0.01049	0.01058	0.02309	0.02579	0.11520	0.36946	0.06332	0.09384	0.01770	0.01074	0.00293	0.00579	0.05346	0.00994	0.11065
2	0.02806	0.01601	0.02406	0.16139	0.11155	0.01590	0.01805	0.03290	0.02500	0.26097	0.16209	0.03945	0.03625	0.01286	0.01011	0.00305	0.00889	0.01118	0.00895	0.01331
3	0.01385	0.01038	0.01558	0.01558	0.01731	0.01211	0.01211	0.01731	0.01558	0.02250	0.02596	0.03808	0.02423	0.07269	0.62098	0.01558	0.02596	0.01038	0.00519	0.00865
4	0.02477	0.02106	0.02690	0.22970	0.07677	0.02440	0.02078	0.14709	0.24681	0.03890	0.02731	0.02927	0.02039	0.01139	0.00975	0.00316	0.01029	0.00956	0.00764	0.01404
5	0.72785	0.01874	0.01425	0.01275	0.01874	0.02174	0.01050	0.02849	0.01649	0.04348	0.01350	0.01574	0.01050	0.00900	0.00600	0.00300	0.00750	0.00525	0.00600	0.01050
6	0.01562	0.01116	0.01562	0.01785	0.02008	0.01116	0.01562	0.02008	0.02231	0.02900	0.05132	0.10933	0.05578	0.02677	0.01339	0.00446	0.00892	0.53369	0.00892	0.00892
7	0.01492	0.01130	0.01387	0.01405	0.01655	0.01112	0.01092	0.02123	0.08706	0.03238	0.24802	0.12158	0.14429	0.06664	0.01443	0.00396	0.00644	0.14244	0.00945	0.00934
8	0.02591	0.66522	0.05079	0.01658	0.02488	0.03835	0.01658	0.02902	0.01969	0.02280	0.01347	0.01555	0.01244	0.00829	0.00622	0.00207	0.01036	0.00518	0.00415	0.01244
9	0.01807	0.00903	0.00903	0.00903	0.01129	0.00903	0.00678	0.02258	0.02033	0.03613	0.03162	0.03613	0.02484	0.01129	0.00678	0.00226	0.00452	0.00903	0.71319	0.00903
10	0.01409	0.00940	0.01057	0.01057	0.01057	0.00940	0.00587	0.01409	0.01409	0.01879	0.03054	0.06342	0.03524	0.65938	0.04933	0.00940	0.00940	0.01409	0.00587	0.00587
11	0.11655	0.01283	0.01637	0.10119	0.02351	0.01316	0.01236	0.02352	0.02480	0.09421	0.37590	0.05399	0.06233	0.01609	0.01026	0.00306	0.00653	0.01378	0.00925	0.01030
12	0.02070	0.01967	0.03339	0.39348	0.29067	0.02216	0.02811	0.02686	0.02051	0.02767	0.01765	0.02506	0.01394	0.00925	0.00965	0.00308	0.01233	0.00862	0.00451	0.01270
13	0.02235	0.01929	0.02023	0.01835	0.02352	0.02189	0.01423	0.04628	0.50371	0.03855	0.04761	0.04409	0.10813	0.01473	0.01008	0.00329	0.00729	0.01228	0.00974	0.01435
14	0.01770	0.01082	0.01407	0.01274	0.01581	0.00979	0.00973	0.02202	0.02712	0.11676	0.48353	0.06832	0.11570	0.01904	0.01120	0.00306	0.00511	0.01664	0.01074	0.01010
15	0.02235	0.01761	0.02900	0.50000	0.10546	0.02063	0.02536	0.02837	0.02079	0.10766	0.02029	0.02670	0.01469	0.00993	0.00969	0.00317	0.01214	0.00878	0.00544	0.01196
16	0.02020	0.04212	0.43462	0.02557	0.03629	0.07179	0.02999	0.02896	0.01995	0.02842	0.01803	0.02271	0.01399	0.01867	0.09584	0.00485	0.06304	0.00763	0.00433	0.01300
17	0.01944	0.05013	0.60917	0.02762	0.04195	0.02251	0.03581	0.03069	0.02046	0.03069	0.01739	0.02046	0.01228	0.00921	0.00921	0.00307	0.01432	0.00716	0.00409	0.01432
18	0.72785	0.01874	0.01425	0.01275	0.01874	0.02174	0.01050	0.02849	0.01649	0.04348	0.01350	0.01574	0.01050	0.00900	0.00600	0.00300	0.00750	0.00525	0.00600	0.01050
19	0.01457	0.01072	0.01350	0.01319	0.01549	0.01036	0.01003	0.02001	0.06045	0.03489	0.39880	0.07549	0.10280	0.08540	0.01545	0.00392	0.00589	0.09011	0.00980	0.00913

[dist]
# distance from previous block
# <min> <max>
0	27

[block]
# block no. 5 follows, 16 sequences, length 34
# corresponding to MSA columns:
# 450-483
name=unknown_F
#
# <colnr> <probs for GDERKNQSTAVLIFYWHMCP>
#	G	D	E	R	K	N	Q	S	T	A	V	L	I	F	Y	W	H	M	C	P
0	0.17846	0.02379	0.03600	0.02937	0.07491	0.02489	0.21859	0.14289	0.10343	0.04125	0.02169	0.02454	0.01627	0.00978	0.00956	0.00311	0.01172	0.00928	0.00680	0.01369
1	0.04348	0.01649	0.02249	0.01724	0.02474	0.01425	0.01425	0.04723	0.02774	0.60564	0.03824	0.03299	0.02399	0.01200	0.00975	0.00300	0.00825	0.00975	0.01200	0.01649
2	0.01201	0.00852	0.01119	0.01324	0.01375	0.00800	0.00872	0.01355	0.01817	0.02422	0.05143	0.60170	0.06159	0.08515	0.01559	0.00441	0.00595	0.02638	0.00872	0.00770
3	0.01409	0.00940	0.01057	0.01057	0.01057	0.00940	0.00587	0.01409	0.01409	0.01879	0.03054	0.06342	0.03524	0.65938	0.04933	0.00940	0.00940	0.01409	0.00587	0.00587
4	0.02293	0.02233	0.03566	0.04651	0.38030	0.02557	0.02649	0.02730	0.01931	0.02848	0.01613	0.02293	0.01435	0.01181	0.01806	0.00340	0.25173	0.00858	0.00459	0.01354
5	0.72785	0.01874	0.01425	0.01275	0.01874	0.02174	0.01050	0.02849	0.01649	0.04348	0.01350	0.01574	0.01050	0.00900	0.00600	0.00300	0.00750	0.00525	0.00600	0.01050
6	0.01181	0.00843	0.01125	0.01350	0.01406	0.00787	0.00900	0.01350	0.01856	0.02474	0.05342	0.65306	0.06410	0.03036	0.01237	0.00394	0.00562	0.02755	0.00900	0.00787
7	0.06805	0.01751	0.02048	0.01709	0.02175	0.01834	0.01336	0.23061	0.02915	0.13040	0.06158	0.07385	0.02555	0.01934	0.01741	0.19615	0.00875	0.01050	0.00838	0.01176
8	0.02901	0.01695	0.02101	0.01546	0.02364	0.01343	0.01254	0.03311	0.02301	0.25042	0.02524	0.02501	0.01803	0.00901	0.00816	0.00203	0.00759	0.00727	0.00813	0.45097
9	0.03620	0.04619	0.02747	0.02497	0.02996	0.62047	0.01873	0.03870	0.02747	0.02372	0.01498	0.01748	0.01248	0.00999	0.00874	0.00250	0.01748	0.00624	0.00499	0.01124
10	0.01385	0.01038	0.01558	0.01558	0.01731	0.01211	0.01211	0.01731	0.01558	0.02250	0.02596	0.03808	0.02423	0.07269	0.62098	0.01558	0.02596	0.01038	0.00519	0.00865
11	0.01256	0.00944	0.01181	0.01226	0.01419	0.00869	0.00886	0.01561	0.02250	0.03017	0.26234	0.26468	0.19945	0.02774	0.05029	0.00418	0.00635	0.02105	0.00938	0.00847
12	0.02399	0.02303	0.03934	0.05949	0.59893	0.02303	0.02974	0.02974	0.02207	0.03166	0.01823	0.02399	0.01535	0.00864	0.00960	0.00288	0.01151	0.00864	0.00480	0.01535
13	0.01334	0.00989	0.01244	0.01180	0.01425	0.00899	0.00885	0.01757	0.02655	0.03677	0.51207	0.07584	0.17450	0.02059	0.01144	0.00309	0.00463	0.01801	0.01039	0.00899
14	0.01804	0.01107	0.01486	0.01427	0.01722	0.01031	0.01144	0.02248	0.02618	0.10960	0.38531	0.07661	0.07374	0.02056	0.01171	0.00340	0.00614	0.14661	0.01040	0.01004
15	0.02010	0.01723	0.02010	0.01436	0.02297	0.01292	0.01148	0.02440	0.02010	0.03158	0.01723	0.02010	0.01436	0.00718	0.00718	0.00144	0.00718	0.00574	0.00574	0.71863
16	0.03684	0.02715	0.02909	0.02230	0.03006	0.03006	0.01842	0.56661	0.04557	0.06108	0.02327	0.02327	0.01648	0.01163	0.00970	0.00291	0.01067	0.00873	0.00970	0.01648
17	0.01145	0.00982	0.00982	0.00982	0.01309	0.00818	0.00736	0.01391	0.02209	0.02618	0.09818	0.09327	0.59499	0.02455	0.01145	0.00327	0.00491	0.02045	0.00900	0.00818
18	0.04348	0.01649	0.02249	0.01724	0.02474	0.01425	0.01425	0.04723	0.02774	0.60564	0.03824	0.03299	0.02399	0.01200	0.00975	0.00300	0.00825	0.00975	0.01200	0.01649
19	0.01145	0.00982	0.00982	0.00982	0.01309	0.00818	0.00736	0.01391	0.02209	0.02618	0.09818	0.09327	0.59499	0.02455	0.01145	0.00327	0.00491	0.02045	0.00900	0.00818
20	0.04348	0.01649	0.02249	0.01724	0.02474	0.01425	0.01425	0.04723	0.02774	0.60564	0.03824	0.03299	0.02399	0.01200	0.00975	0.00300	0.00825	0.00975	0.01200	0.01649
21	0.01409	0.00940	0.01057	0.01057	0.01057	0.00940	0.00587	0.01409	0.01409	0.01879	0.03054	0.06342	0.03524	0.65938	0.04933	0.00940	0.00940	0.01409	0.00587	0.00587
22	0.01372	0.00991	0.01296	0.01219	0.01448	0.00914	0.00914	0.01829	0.02743	0.03887	0.59381	0.07240	0.09145	0.01981	0.01143	0.00305	0.00457	0.01753	0.01067	0.00914
23	0.02354	0.01900	0.02045	0.01808	0.02309	0.02135	0.01412	0.10700	0.38676	0.04248	0.12837	0.04056	0.03787	0.01394	0.00989	0.00313	0.00731	0.01164	0.05740	0.01403
24	0.01385	0.01038	0.01558	0.01558	0.01731	0.01211	0.01211	0.01731	0.01558	0.02250	0.02596	0.03808	0.02423	0.07269	0.62098	0.01558	0.02596	0.01038	0.00519	0.00865
25	0.02051	0.15158	0.51707	0.02580	0.03913	0.02512	0.03264	0.03042	0.02034	0.02939	0.01675	0.01965	0.01230	0.00906	0.00872	0.00291	0.01367	0.00684	0.00410	0.01401
26	0.02221	0.03111	0.17531	0.03931	0.08767	0.02397	0.41166	0.03088	0.02230	0.03101	0.01903	0.02476	0.01423	0.00843	0.01082	0.00320	0.01556	0.01031	0.00472	0.01350
