[name]
unknown

[dist]
# distance from previous block
# <min> <max>
0	58

[block]
# block no. 0 follows, 12 sequences, length 9
# corresponding to MSA columns:
# 252-254,256-261
name=unknown_A
#
# <colnr> <probs for GDERKNQSTAVLIFYWHMCP>
#	G	D	E	R	K	N	Q	S	T	A	V	L	I	F	Y	W	H	M	C	P
0	0.01460	0.01060	0.01401	0.01596	0.01754	0.01000	0.01193	0.01774	0.02339	0.03094	0.11607	0.38365	0.11208	0.03128	0.01402	0.00441	0.00710	0.14503	0.01030	0.00935
1	0.69383	0.02109	0.01603	0.01434	0.02109	0.02446	0.01181	0.03205	0.01856	0.04892	0.01518	0.01771	0.01181	0.01012	0.00675	0.00337	0.00843	0.00590	0.00675	0.01181
2	0.02129	0.02009	0.03396	0.53347	0.12677	0.02441	0.03063	0.02847	0.02213	0.02871	0.01950	0.02884	0.01483	0.01077	0.01089	0.00359	0.01436	0.00969	0.00491	0.01268
3	0.02361	0.02219	0.03735	0.24995	0.32915	0.02385	0.03016	0.03025	0.02430	0.03359	0.06878	0.03281	0.02426	0.01131	0.01103	0.00340	0.01279	0.01064	0.00581	0.01477
4	0.02022	0.01722	0.02602	0.02697	0.10938	0.01688	0.06940	0.06754	0.02812	0.03831	0.19415	0.10293	0.13862	0.02534	0.06466	0.00484	0.01089	0.01712	0.00907	0.01231
5	0.02905	0.02329	0.03553	0.04747	0.33214	0.02348	0.02603	0.10871	0.02898	0.08691	0.02993	0.12306	0.02732	0.01459	0.01134	0.00345	0.01138	0.01332	0.00778	0.01621
6	0.58703	0.02614	0.01846	0.01659	0.02315	0.11416	0.01332	0.03393	0.02057	0.04528	0.01546	0.01803	0.01217	0.01030	0.00725	0.00328	0.01027	0.00609	0.00656	0.01194
7	0.13674	0.07162	0.22014	0.03759	0.19741	0.02545	0.02953	0.03569	0.02369	0.09332	0.02142	0.02459	0.01601	0.01040	0.00977	0.00330	0.01285	0.00841	0.00617	0.01591
8	0.02741	0.02651	0.03507	0.15430	0.24891	0.08368	0.02636	0.06458	0.05557	0.03578	0.02145	0.02664	0.01720	0.01036	0.01029	0.00303	0.01289	0.00904	0.00617	0.12475

[dist]
# distance from previous block
# <min> <max>
0	1

[block]
# block no. 1 follows, 12 sequences, length 61
# corresponding to MSA columns:
# 263-286,296-318,321-334
name=unknown_B
#
# <colnr> <probs for GDERKNQSTAVLIFYWHMCP>
#	G	D	E	R	K	N	Q	S	T	A	V	L	I	F	Y	W	H	M	C	P
0	0.03659	0.04823	0.08278	0.03326	0.08268	0.43080	0.06314	0.04113	0.02923	0.02886	0.01784	0.02140	0.01451	0.01086	0.01021	0.00298	0.01864	0.00783	0.00550	0.01353
1	0.01682	0.01347	0.01845	0.01973	0.06549	0.01355	0.01339	0.02135	0.02768	0.03880	0.36879	0.11606	0.12655	0.02232	0.01480	0.00364	0.05869	0.01912	0.01043	0.01085
2	0.13096	0.01411	0.01428	0.01396	0.01782	0.01393	0.01049	0.06335	0.02514	0.03589	0.07349	0.21516	0.28281	0.02505	0.01194	0.00379	0.00681	0.02101	0.00962	0.01040
3	0.02792	0.02738	0.08216	0.10406	0.34404	0.02503	0.10543	0.03512	0.02517	0.08403	0.02271	0.02822	0.01758	0.01015	0.01111	0.00337	0.01382	0.01020	0.00607	0.01644
4	0.04216	0.01807	0.02380	0.01918	0.02631	0.01638	0.01543	0.08756	0.03123	0.42251	0.04444	0.13407	0.03396	0.01699	0.01146	0.00355	0.00902	0.01429	0.01269	0.01690
5	0.02059	0.01938	0.03270	0.59060	0.07510	0.02422	0.03028	0.02786	0.02180	0.02786	0.01938	0.02907	0.01453	0.01090	0.01090	0.00363	0.01453	0.00969	0.00484	0.01211
6	0.03111	0.03135	0.12713	0.08256	0.04361	0.02734	0.13172	0.16385	0.11338	0.09408	0.02805	0.03000	0.02011	0.01188	0.01128	0.00350	0.01354	0.01069	0.00836	0.01648
7	0.03209	0.09352	0.32627	0.02584	0.03863	0.02362	0.02978	0.04094	0.02584	0.21829	0.02747	0.02751	0.01849	0.01138	0.01027	0.00333	0.01330	0.00889	0.00775	0.01679
8	0.22699	0.01925	0.02274	0.01800	0.02597	0.01835	0.01486	0.04732	0.02771	0.41623	0.03533	0.03176	0.02280	0.01256	0.00980	0.00337	0.00905	0.00957	0.01163	0.01669
9	0.01917	0.01713	0.01808	0.01684	0.01964	0.06716	0.01273	0.02493	0.06608	0.03464	0.24258	0.06655	0.13960	0.08202	0.06782	0.00546	0.06314	0.01646	0.00932	0.01065
10	0.02793	0.09845	0.25646	0.02646	0.03677	0.19119	0.02756	0.03764	0.07340	0.03197	0.02870	0.03039	0.06241	0.01247	0.01019	0.00320	0.01515	0.00927	0.00602	0.01438
11	0.02373	0.02237	0.03776	0.22674	0.35166	0.02383	0.03035	0.03004	0.02352	0.03248	0.02374	0.08048	0.02138	0.01230	0.01111	0.00347	0.01285	0.01164	0.00565	0.01489
12	0.02059	0.01938	0.03270	0.59060	0.07510	0.02422	0.03028	0.02786	0.02180	0.02786	0.01938	0.02907	0.01453	0.01090	0.01090	0.00363	0.01453	0.00969	0.00484	0.01211
13	0.02670	0.03002	0.08944	0.14471	0.37950	0.07432	0.03248	0.03355	0.02471	0.03347	0.01991	0.02630	0.01622	0.01010	0.01069	0.00328	0.01410	0.00932	0.00525	0.01592
14	0.02873	0.08147	0.03810	0.22837	0.20669	0.12890	0.02777	0.07187	0.02682	0.03314	0.01944	0.02543	0.01557	0.01063	0.01033	0.00321	0.01454	0.00887	0.00563	0.01449
15	0.02712	0.02342	0.02465	0.02219	0.02835	0.02712	0.01726	0.05794	0.52909	0.04561	0.04438	0.04068	0.03328	0.01479	0.01109	0.00370	0.00863	0.01233	0.01109	0.01726
16	0.01328	0.00949	0.01265	0.01518	0.01581	0.00886	0.01012	0.01518	0.02088	0.02783	0.06010	0.60969	0.07212	0.03416	0.01392	0.00443	0.00633	0.03100	0.01012	0.00886
17	0.01328	0.00949	0.01265	0.01518	0.01581	0.00886	0.01012	0.01518	0.02088	0.02783	0.06010	0.60969	0.07212	0.03416	0.01392	0.00443	0.00633	0.03100	0.01012	0.00886
18	0.01796	0.01451	0.02147	0.07027	0.11832	0.01427	0.01614	0.02352	0.02903	0.04096	0.40509	0.06725	0.08007	0.01907	0.01232	0.00341	0.00733	0.01708	0.01022	0.01171
19	0.02187	0.05640	0.56031	0.03108	0.04719	0.02532	0.04029	0.03453	0.02302	0.03453	0.01957	0.02302	0.01381	0.01036	0.01036	0.00345	0.01611	0.00806	0.00460	0.01611
20	0.01842	0.01586	0.02297	0.02133	0.02261	0.02041	0.01714	0.02179	0.01724	0.02563	0.02410	0.03633	0.02282	0.06027	0.38914	0.01315	0.22390	0.01095	0.00547	0.01049
21	0.02352	0.02856	0.12481	0.26651	0.23706	0.02529	0.07515	0.03155	0.02342	0.03231	0.02005	0.02738	0.01557	0.01024	0.01095	0.00347	0.01457	0.00971	0.00506	0.01482
22	0.03116	0.02937	0.13138	0.03204	0.04211	0.02286	0.21737	0.07264	0.02812	0.17379	0.03100	0.08436	0.02417	0.01314	0.01190	0.00360	0.01401	0.01302	0.00828	0.01569
23	0.02549	0.02216	0.02114	0.02000	0.02367	0.10688	0.01482	0.15706	0.03089	0.03894	0.04375	0.35326	0.04794	0.02464	0.01243	0.00385	0.01005	0.02128	0.00961	0.01214
24	0.25340	0.02305	0.02681	0.33970	0.05265	0.07626	0.02307	0.03078	0.02155	0.03497	0.01770	0.02428	0.01355	0.01067	0.00938	0.00347	0.01293	0.00814	0.00557	0.01206
25	0.02699	0.02591	0.04426	0.06693	0.54879	0.02591	0.03346	0.03346	0.02483	0.03562	0.02051	0.02699	0.01727	0.00972	0.01079	0.00324	0.01295	0.00972	0.00540	0.01727
26	0.04632	0.02273	0.02789	0.02138	0.02992	0.02222	0.01766	0.21301	0.03819	0.38661	0.03716	0.03331	0.02405	0.01335	0.01094	0.00334	0.01022	0.01057	0.01259	0.01855
27	0.04073	0.05197	0.03090	0.02809	0.03371	0.57303	0.02107	0.04354	0.03090	0.02669	0.01685	0.01966	0.01404	0.01124	0.00983	0.00281	0.01966	0.00702	0.00562	0.01264
28	0.04278	0.02152	0.02631	0.02092	0.02888	0.02132	0.01704	0.12541	0.14806	0.36411	0.04072	0.03623	0.02712	0.01373	0.01099	0.00343	0.00955	0.01110	0.01255	0.01826
29	0.01586	0.01057	0.01189	0.01189	0.01189	0.01057	0.00661	0.01586	0.01586	0.02114	0.03436	0.07135	0.03964	0.61681	0.05550	0.01057	0.01057	0.01586	0.00661	0.00661
30	0.01464	0.01099	0.01356	0.01318	0.01587	0.00991	0.00978	0.01894	0.02859	0.03895	0.39825	0.12965	0.20857	0.02455	0.01295	0.00357	0.00533	0.02143	0.01139	0.00991
31	0.02915	0.62337	0.05714	0.01866	0.02799	0.04314	0.01866	0.03265	0.02215	0.02565	0.01516	0.01749	0.01399	0.00933	0.00700	0.00233	0.01166	0.00583	0.00466	0.01399
32	0.01991	0.01846	0.03083	0.53681	0.06956	0.02279	0.02840	0.02667	0.02172	0.02786	0.02319	0.08335	0.01992	0.01308	0.01118	0.00371	0.01377	0.01168	0.00534	0.01181
33	0.02059	0.01938	0.03270	0.59060	0.07510	0.02422	0.03028	0.02786	0.02180	0.02786	0.01938	0.02907	0.01453	0.01090	0.01090	0.00363	0.01453	0.00969	0.00484	0.01211
34	0.01586	0.01057	0.01189	0.01189	0.01189	0.01057	0.00661	0.01586	0.01586	0.02114	0.03436	0.07135	0.03964	0.61681	0.05550	0.01057	0.01057	0.01586	0.00661	0.00661
35	0.69383	0.02109	0.01603	0.01434	0.02109	0.02446	0.01181	0.03205	0.01856	0.04892	0.01518	0.01771	0.01181	0.01012	0.00675	0.00337	0.00843	0.00590	0.00675	0.01181
36	0.02187	0.05640	0.56031	0.03108	0.04719	0.02532	0.04029	0.03453	0.02302	0.03453	0.01957	0.02302	0.01381	0.01036	0.01036	0.00345	0.01611	0.00806	0.00460	0.01611
37	0.18949	0.23333	0.03462	0.01964	0.02620	0.07592	0.01688	0.07206	0.06129	0.03658	0.02249	0.07601	0.02072	0.01349	0.01075	0.00319	0.05786	0.00940	0.00675	0.01332
38	0.02915	0.62337	0.05714	0.01866	0.02799	0.04314	0.01866	0.03265	0.02215	0.02565	0.01516	0.01749	0.01399	0.00933	0.00700	0.00233	0.01166	0.00583	0.00466	0.01399
39	0.03424	0.08044	0.12119	0.02286	0.03277	0.07602	0.02135	0.15701	0.03218	0.13718	0.02486	0.02553	0.01796	0.01111	0.00978	0.00284	0.01203	0.00840	0.00832	0.16393
40	0.14181	0.03262	0.10532	0.02356	0.03227	0.07892	0.02121	0.20340	0.12625	0.08830	0.02715	0.02721	0.01967	0.01238	0.01009	0.00336	0.01192	0.00921	0.00904	0.01631
41	0.01397	0.00998	0.01344	0.01597	0.01691	0.00945	0.01132	0.01637	0.02156	0.02861	0.05972	0.53138	0.07061	0.03351	0.01410	0.00452	0.00692	0.10251	0.01011	0.00905
42	0.03154	0.02562	0.02714	0.02308	0.03004	0.02918	0.01833	0.19804	0.38180	0.05273	0.03877	0.03621	0.02874	0.01427	0.01104	0.00357	0.00967	0.01155	0.01104	0.01765
43	0.02867	0.03393	0.23695	0.02540	0.03684	0.02001	0.07059	0.03685	0.02589	0.16710	0.06774	0.03179	0.02498	0.01158	0.01053	0.00312	0.01225	0.00989	0.00787	0.13801
44	0.02748	0.14606	0.35554	0.02657	0.03965	0.02716	0.03130	0.03867	0.06149	0.11038	0.02408	0.02544	0.01722	0.01097	0.00992	0.00327	0.01379	0.00842	0.00640	0.01619
45	0.02466	0.27378	0.36739	0.02632	0.03983	0.03216	0.03199	0.03381	0.02269	0.03113	0.01788	0.02090	0.01388	0.00996	0.00907	0.00302	0.01441	0.00720	0.00463	0.01530
46	0.02582	0.02471	0.04215	0.16257	0.46228	0.02560	0.03288	0.03244	0.02427	0.03420	0.02030	0.02737	0.01677	0.00993	0.01081	0.00331	0.01324	0.00971	0.00530	0.01633
47	0.18503	0.02535	0.02936	0.02324	0.03069	0.06826	0.06365	0.12420	0.03021	0.22406	0.02751	0.02771	0.01910	0.01254	0.01213	0.00345	0.05896	0.00940	0.00946	0.01569
48	0.01329	0.01037	0.01177	0.01280	0.01494	0.00917	0.00889	0.01548	0.02250	0.02812	0.08376	0.30755	0.31107	0.07833	0.01678	0.00455	0.00626	0.02568	0.00984	0.00885
49	0.37212	0.01830	0.01840	0.01609	0.02233	0.01911	0.01286	0.03588	0.02298	0.20685	0.03173	0.12514	0.02696	0.01531	0.00932	0.00355	0.00834	0.01181	0.00947	0.01345
50	0.02059	0.01938	0.03270	0.59060	0.07510	0.02422	0.03028	0.02786	0.02180	0.02786	0.01938	0.02907	0.01453	0.01090	0.01090	0.00363	0.01453	0.00969	0.00484	0.01211
51	0.01395	0.00977	0.01245	0.01433	0.01479	0.00930	0.00921	0.01536	0.01957	0.02609	0.05340	0.46966	0.06367	0.18572	0.02473	0.00603	0.00743	0.02706	0.00921	0.00827
52	0.03563	0.02403	0.04268	0.03435	0.08224	0.02258	0.21829	0.04458	0.07560	0.25330	0.03278	0.03349	0.02254	0.01156	0.01174	0.00352	0.01322	0.01177	0.00936	0.01676
53	0.02800	0.02234	0.03583	0.23905	0.26404	0.02396	0.02845	0.03641	0.06584	0.11065	0.02539	0.03033	0.01906	0.01110	0.01088	0.00343	0.01261	0.01010	0.00687	0.01566
54	0.03190	0.02555	0.04714	0.03484	0.04432	0.02455	0.29358	0.04377	0.11906	0.16985	0.03148	0.03343	0.02227	0.01131	0.01206	0.00360	0.01428	0.01228	0.00857	0.01615
55	0.02059	0.01938	0.03270	0.59060	0.07510	0.02422	0.03028	0.02786	0.02180	0.02786	0.01938	0.02907	0.01453	0.01090	0.01090	0.00363	0.01453	0.00969	0.00484	0.01211
56	0.01501	0.01131	0.01417	0.01594	0.01779	0.01092	0.01170	0.01974	0.05975	0.03026	0.06634	0.40174	0.14100	0.03099	0.01375	0.00436	0.00704	0.10826	0.01018	0.00974
57	0.08644	0.02331	0.04009	0.27743	0.22052	0.02534	0.10842	0.03123	0.02313	0.03351	0.01979	0.02739	0.01550	0.01016	0.01080	0.00349	0.01409	0.00987	0.00531	0.01418
58	0.02418	0.03720	0.22445	0.07923	0.05271	0.02654	0.27709	0.03615	0.06559	0.03514	0.02285	0.02817	0.01685	0.01016	0.01174	0.00360	0.01655	0.01098	0.00562	0.01519
59	0.01913	0.01709	0.05745	0.01820	0.02200	0.01515	0.01501	0.09557	0.02663	0.03596	0.08631	0.26205	0.09527	0.03505	0.10352	0.00620	0.01177	0.05708	0.00928	0.01127
60	0.09477	0.02177	0.03156	0.12992	0.20268	0.02250	0.02359	0.07882	0.02814	0.16667	0.06845	0.03331	0.02577	0.01220	0.01065	0.00337	0.01117	0.01048	0.00844	0.01575

[dist]
# distance from previous block
# <min> <max>
1	12

[block]
# block no. 2 follows, 12 sequences, length 9
# corresponding to MSA columns:
# 347-355
name=unknown_C
#
# <colnr> <probs for GDERKNQSTAVLIFYWHMCP>
#	G	D	E	R	K	N	Q	S	T	A	V	L	I	F	Y	W	H	M	C	P
0	0.08698	0.12322	0.03483	0.03076	0.13640	0.12539	0.02094	0.13950	0.03121	0.07626	0.02942	0.03093	0.06377	0.01256	0.00992	0.00309	0.01245	0.00961	0.00762	0.01514
1	0.08679	0.02652	0.03531	0.04563	0.30455	0.06179	0.02578	0.07110	0.11662	0.07969	0.02615	0.02888	0.02027	0.01126	0.01046	0.00332	0.01190	0.00978	0.00751	0.01668
2	0.01581	0.01077	0.01289	0.01289	0.01324	0.01111	0.00786	0.01650	0.01615	0.02188	0.03344	0.06628	0.03744	0.52162	0.14767	0.01181	0.01389	0.01511	0.00647	0.00716
3	0.04064	0.02628	0.02793	0.02258	0.03032	0.07123	0.01821	0.19642	0.15758	0.23664	0.03590	0.03310	0.02479	0.01349	0.01088	0.00337	0.01084	0.01060	0.01145	0.01774
4	0.01328	0.00949	0.01265	0.01518	0.01581	0.00886	0.01012	0.01518	0.02088	0.02783	0.06010	0.60969	0.07212	0.03416	0.01392	0.00443	0.00633	0.03100	0.01012	0.00886
5	0.13553	0.03522	0.12091	0.02287	0.03207	0.14741	0.02092	0.10891	0.02905	0.08717	0.02134	0.02310	0.01592	0.01076	0.00936	0.00289	0.01289	0.00770	0.00729	0.14868
6	0.20561	0.37258	0.12589	0.01947	0.02919	0.03533	0.02025	0.03279	0.02133	0.03328	0.01586	0.01843	0.01338	0.00970	0.00746	0.00279	0.01150	0.00620	0.00521	0.01375
7	0.09245	0.25552	0.11337	0.02249	0.03112	0.12846	0.02148	0.03747	0.02451	0.10969	0.02025	0.02208	0.01577	0.01117	0.01050	0.00299	0.05253	0.00739	0.00636	0.01441
8	0.03044	0.31936	0.18350	0.02239	0.03312	0.03242	0.02387	0.03872	0.06484	0.12099	0.02349	0.02422	0.01774	0.01076	0.00891	0.00292	0.01220	0.00783	0.00669	0.01561

[dist]
# distance from previous block
# <min> <max>
1	17

[block]
# block no. 3 follows, 12 sequences, length 14
# corresponding to MSA columns:
# 373-386
name=unknown_D
#
# <colnr> <probs for GDERKNQSTAVLIFYWHMCP>
#	G	D	E	R	K	N	Q	S	T	A	V	L	I	F	Y	W	H	M	C	P
0	0.34473	0.02360	0.10112	0.01682	0.02361	0.01982	0.01536	0.02768	0.01942	0.03871	0.02378	0.08477	0.02297	0.11333	0.01625	0.00452	0.00976	0.01036	0.00668	0.07672
1	0.07646	0.07693	0.13605	0.02449	0.07331	0.02227	0.02134	0.03383	0.11855	0.03721	0.07448	0.04760	0.08070	0.01528	0.01064	0.00339	0.01031	0.05566	0.00783	0.07367
2	0.07316	0.03103	0.14573	0.02526	0.03399	0.02615	0.05818	0.12742	0.21359	0.04519	0.03336	0.08244	0.02707	0.01450	0.01098	0.00361	0.01139	0.01219	0.00883	0.01593
3	0.01328	0.00949	0.01265	0.01518	0.01581	0.00886	0.01012	0.01518	0.02088	0.02783	0.06010	0.60969	0.07212	0.03416	0.01392	0.00443	0.00633	0.03100	0.01012	0.00886
4	0.02712	0.02342	0.02465	0.02219	0.02835	0.02712	0.01726	0.05794	0.52909	0.04561	0.04438	0.04068	0.03328	0.01479	0.01109	0.00370	0.00863	0.01233	0.01109	0.01726
5	0.02385	0.02385	0.03340	0.02863	0.02863	0.03340	0.02385	0.02624	0.01670	0.02624	0.01431	0.02385	0.01431	0.01908	0.03578	0.00477	0.59685	0.00954	0.00477	0.01193
6	0.15138	0.01341	0.01626	0.06741	0.02372	0.01421	0.01398	0.02141	0.02147	0.03318	0.04691	0.32638	0.05272	0.02633	0.01248	0.00428	0.00834	0.12714	0.00896	0.01001
7	0.69383	0.02109	0.01603	0.01434	0.02109	0.02446	0.01181	0.03205	0.01856	0.04892	0.01518	0.01771	0.01181	0.01012	0.00675	0.00337	0.00843	0.00590	0.00675	0.01181
8	0.02215	0.02146	0.03834	0.33913	0.15758	0.02367	0.10861	0.02937	0.02398	0.03217	0.07407	0.03413	0.02451	0.01156	0.01141	0.00354	0.01390	0.01126	0.00580	0.01335
9	0.03606	0.02429	0.02770	0.02081	0.02983	0.02355	0.01704	0.25209	0.03721	0.14786	0.02688	0.02694	0.01926	0.01136	0.00990	0.00269	0.01008	0.00882	0.00979	0.25784
10	0.01317	0.00993	0.01219	0.01400	0.01551	0.00896	0.00960	0.01531	0.02201	0.02830	0.07444	0.46591	0.20664	0.03230	0.01362	0.00422	0.00610	0.02872	0.01012	0.00896
11	0.09744	0.18880	0.03440	0.02008	0.02836	0.07914	0.01727	0.08353	0.02930	0.27535	0.02906	0.02747	0.02017	0.01181	0.00940	0.00303	0.01108	0.00865	0.00952	0.01616
12	0.02409	0.22967	0.40654	0.02728	0.04132	0.03077	0.03368	0.03396	0.02276	0.03182	0.01822	0.02133	0.01387	0.01004	0.00933	0.00311	0.01475	0.00738	0.00462	0.01547
13	0.08129	0.16003	0.12353	0.18071	0.04382	0.02763	0.02478	0.06815	0.02520	0.08806	0.02390	0.03210	0.01920	0.01224	0.00992	0.00334	0.01261	0.04269	0.00664	0.01416

[dist]
# distance from previous block
# <min> <max>
6	43

[block]
# block no. 4 follows, 12 sequences, length 7
# corresponding to MSA columns:
# 435-441
name=unknown_E
#
# <colnr> <probs for GDERKNQSTAVLIFYWHMCP>
#	G	D	E	R	K	N	Q	S	T	A	V	L	I	F	Y	W	H	M	C	P
0	0.07916	0.23607	0.10471	0.02329	0.03226	0.06451	0.06241	0.03199	0.02236	0.03148	0.01716	0.02103	0.01449	0.01038	0.01126	0.00280	0.07278	0.00730	0.00533	0.14922
1	0.13853	0.18070	0.20682	0.07225	0.03816	0.03096	0.02590	0.11951	0.02707	0.04037	0.01895	0.02188	0.01444	0.01061	0.00909	0.00315	0.01288	0.00762	0.00613	0.01498
2	0.02421	0.33806	0.19120	0.02105	0.03046	0.03137	0.02261	0.02974	0.02147	0.02772	0.02206	0.06679	0.02135	0.09261	0.01492	0.00390	0.01242	0.00953	0.00528	0.01326
3	0.03128	0.42395	0.10290	0.02199	0.03137	0.12679	0.02145	0.07332	0.02602	0.03021	0.01678	0.01912	0.01435	0.01005	0.00812	0.00260	0.01345	0.00658	0.00532	0.01436
4	0.21631	0.30008	0.18028	0.02076	0.03117	0.03305	0.02250	0.03298	0.02136	0.03465	0.01635	0.01904	0.01332	0.00983	0.00783	0.00293	0.01194	0.00645	0.00524	0.01394
5	0.15752	0.21826	0.02999	0.01697	0.02256	0.02653	0.01410	0.03140	0.10304	0.03355	0.03097	0.14656	0.03107	0.07742	0.01396	0.00403	0.00933	0.01302	0.00743	0.01229
6	0.09473	0.39454	0.11023	0.11281	0.03729	0.03599	0.02248	0.03204	0.02184	0.02947	0.01638	0.02007	0.01384	0.00979	0.00802	0.00279	0.01234	0.00674	0.00490	0.01372

[dist]
# distance from previous block
# <min> <max>
0	2

[block]
# block no. 5 follows, 12 sequences, length 15
# corresponding to MSA columns:
# 444-458
name=unknown_F
#
# <colnr> <probs for GDERKNQSTAVLIFYWHMCP>
#	G	D	E	R	K	N	Q	S	T	A	V	L	I	F	Y	W	H	M	C	P
0	0.11204	0.01420	0.01681	0.01814	0.02115	0.01494	0.01460	0.02611	0.08451	0.03512	0.05083	0.23723	0.05471	0.02661	0.01309	0.00446	0.00858	0.22632	0.00973	0.01083
1	0.02962	0.28581	0.03645	0.01834	0.02499	0.07091	0.01592	0.03322	0.02569	0.13010	0.10474	0.11362	0.03771	0.01566	0.00981	0.00302	0.01014	0.01247	0.00827	0.01349
2	0.07089	0.13213	0.28627	0.06698	0.03995	0.02573	0.02842	0.03408	0.02309	0.07584	0.02043	0.02332	0.01515	0.01016	0.00936	0.00302	0.01310	0.00769	0.00575	0.10866
3	0.03003	0.17050	0.32075	0.02554	0.03831	0.02694	0.02968	0.03865	0.02482	0.15953	0.02431	0.02525	0.01706	0.01090	0.00978	0.00319	0.01348	0.00828	0.00678	0.01625
4	0.01549	0.01174	0.01497	0.01607	0.01823	0.01172	0.01204	0.02087	0.06347	0.03125	0.10371	0.29305	0.13240	0.03667	0.09185	0.00609	0.01004	0.09058	0.00975	0.01001
5	0.02269	0.10222	0.02527	0.01886	0.02393	0.02247	0.01537	0.03873	0.24527	0.04066	0.19348	0.05988	0.05534	0.01818	0.01154	0.00359	0.00817	0.07020	0.01034	0.01380
6	0.13111	0.01995	0.02790	0.23305	0.10649	0.02199	0.02224	0.06569	0.02637	0.11467	0.09600	0.03535	0.02890	0.01276	0.01052	0.00345	0.01113	0.01070	0.00790	0.01383
7	0.03476	0.18803	0.04298	0.07369	0.07315	0.06771	0.09282	0.10506	0.02954	0.15271	0.02478	0.02659	0.01819	0.01105	0.01007	0.00310	0.01304	0.00924	0.00777	0.01574
8	0.01984	0.01216	0.01651	0.01628	0.01886	0.01233	0.01230	0.02293	0.02098	0.10031	0.04606	0.14612	0.08401	0.12960	0.24250	0.01033	0.01668	0.05342	0.00840	0.01038
9	0.02592	0.02729	0.03309	0.02856	0.02925	0.09928	0.02351	0.02835	0.01843	0.02629	0.01462	0.02334	0.01428	0.01813	0.03261	0.00453	0.52638	0.00923	0.00487	0.01201
10	0.01586	0.01057	0.01189	0.01189	0.01189	0.01057	0.00661	0.01586	0.01586	0.02114	0.03436	0.07135	0.03964	0.61681	0.05550	0.01057	0.01057	0.01586	0.00661	0.00661
11	0.69383	0.02109	0.01603	0.01434	0.02109	0.02446	0.01181	0.03205	0.01856	0.04892	0.01518	0.01771	0.01181	0.01012	0.00675	0.00337	0.00843	0.00590	0.00675	0.01181
12	0.69383	0.02109	0.01603	0.01434	0.02109	0.02446	0.01181	0.03205	0.01856	0.04892	0.01518	0.01771	0.01181	0.01012	0.00675	0.00337	0.00843	0.00590	0.00675	0.01181
13	0.69383	0.02109	0.01603	0.01434	0.02109	0.02446	0.01181	0.03205	0.01856	0.04892	0.01518	0.01771	0.01181	0.01012	0.00675	0.00337	0.00843	0.00590	0.00675	0.01181
14	0.11914	0.27430	0.15576	0.02011	0.02920	0.02951	0.02081	0.03206	0.02193	0.07185	0.02271	0.06077	0.02041	0.06465	0.01269	0.00366	0.01161	0.00914	0.00613	0.01357

[dist]
# distance from previous block
# <min> <max>
5	43

[block]
# block no. 6 follows, 12 sequences, length 58
# corresponding to MSA columns:
# 502,511-519,528-573,584,585
name=unknown_G
#
# <colnr> <probs for GDERKNQSTAVLIFYWHMCP>
#	G	D	E	R	K	N	Q	S	T	A	V	L	I	F	Y	W	H	M	C	P
0	0.24761	0.17976	0.13438	0.02041	0.02988	0.02942	0.02042	0.07052	0.05853	0.08658	0.02127	0.02258	0.01604	0.01080	0.00848	0.00314	0.01107	0.00747	0.00700	0.01464
1	0.19765	0.07124	0.06379	0.01919	0.02745	0.02342	0.01702	0.12102	0.02968	0.18371	0.07209	0.03076	0.02577	0.01243	0.00952	0.00316	0.00977	0.00936	0.00941	0.06355
2	0.14237	0.16894	0.03057	0.06823	0.02973	0.02412	0.01602	0.02926	0.02188	0.03456	0.02020	0.02789	0.01788	0.01050	0.00830	0.00252	0.00974	0.03842	0.00616	0.29272
3	0.25222	0.03736	0.23775	0.02279	0.03364	0.06655	0.02449	0.03548	0.02286	0.08678	0.02001	0.02222	0.01458	0.01043	0.00895	0.00320	0.01246	0.00737	0.00639	0.07445
4	0.02322	0.02198	0.03573	0.31107	0.22594	0.02472	0.02918	0.02956	0.02244	0.03103	0.01931	0.02731	0.01558	0.01098	0.01284	0.00342	0.06562	0.00939	0.00517	0.07550
5	0.02184	0.01997	0.03034	0.35017	0.10098	0.02111	0.02472	0.02823	0.02235	0.03114	0.01948	0.02671	0.01532	0.00984	0.00994	0.00292	0.01222	0.00860	0.00544	0.23868
6	0.02573	0.02463	0.04199	0.16952	0.45599	0.02558	0.03284	0.03236	0.02423	0.03410	0.02029	0.02739	0.01674	0.00995	0.01082	0.00332	0.01326	0.00971	0.00529	0.01626
7	0.03074	0.02522	0.02669	0.02292	0.02973	0.02881	0.01813	0.17286	0.40827	0.05145	0.03978	0.03701	0.02956	0.01436	0.01105	0.00359	0.00948	0.01169	0.01105	0.01758
8	0.02540	0.02429	0.04139	0.19691	0.43122	0.02549	0.03267	0.03207	0.02408	0.03369	0.02023	0.02750	0.01659	0.01001	0.01082	0.00334	0.01335	0.00971	0.00526	0.01599
9	0.03026	0.02391	0.03965	0.11287	0.40586	0.02396	0.03000	0.03642	0.02566	0.12842	0.02444	0.02902	0.01873	0.01052	0.01084	0.00330	0.01246	0.00994	0.00680	0.01697
10	0.02335	0.09014	0.40132	0.03388	0.04825	0.02715	0.15513	0.03449	0.02363	0.03400	0.01987	0.02421	0.01450	0.01000	0.01074	0.00343	0.01636	0.00909	0.00483	0.01561
11	0.01503	0.01113	0.01401	0.01329	0.01604	0.01012	0.00997	0.01979	0.02991	0.04145	0.47412	0.08519	0.17322	0.02314	0.01286	0.00347	0.00520	0.02024	0.01170	0.01012
12	0.01757	0.01255	0.01757	0.02008	0.02259	0.01255	0.01757	0.02259	0.02510	0.03263	0.05773	0.12299	0.06275	0.03012	0.01506	0.00502	0.01004	0.47540	0.01004	0.01004
13	0.02340	0.13697	0.43916	0.02847	0.04271	0.02810	0.03508	0.03631	0.06737	0.03420	0.02110	0.02376	0.01555	0.01060	0.00993	0.00331	0.01480	0.00810	0.00518	0.01590
14	0.02187	0.05640	0.56031	0.03108	0.04719	0.02532	0.04029	0.03453	0.02302	0.03453	0.01957	0.02302	0.01381	0.01036	0.01036	0.00345	0.01611	0.00806	0.00460	0.01611
15	0.01354	0.01048	0.01234	0.01313	0.01544	0.00929	0.00937	0.01644	0.02453	0.03164	0.17618	0.29095	0.27954	0.02904	0.01327	0.00391	0.00575	0.02538	0.01049	0.00929
16	0.01337	0.01120	0.01172	0.01199	0.01555	0.00955	0.00925	0.01637	0.02488	0.02979	0.10497	0.10681	0.49426	0.02787	0.01311	0.00382	0.00599	0.07008	0.01012	0.00929
17	0.04498	0.06974	0.07485	0.02037	0.02955	0.01899	0.01837	0.04988	0.02977	0.46848	0.03875	0.03432	0.02480	0.01289	0.01060	0.00330	0.01007	0.01030	0.01201	0.01798
18	0.02699	0.02591	0.04426	0.06693	0.54879	0.02591	0.03346	0.03346	0.02483	0.03562	0.02051	0.02699	0.01727	0.00972	0.01079	0.00324	0.01295	0.00972	0.00540	0.01727
19	0.04145	0.03054	0.03272	0.02509	0.03381	0.03381	0.02072	0.51243	0.05127	0.06872	0.02618	0.02618	0.01854	0.01309	0.01091	0.00327	0.01200	0.00982	0.01091	0.01854
20	0.02586	0.02476	0.04222	0.15916	0.46536	0.02561	0.03290	0.03248	0.02429	0.03425	0.02031	0.02735	0.01679	0.00992	0.01081	0.00331	0.01323	0.00971	0.00530	0.01636
21	0.03098	0.01480	0.02020	0.01818	0.02288	0.01400	0.01466	0.03474	0.02524	0.26347	0.04307	0.06392	0.03757	0.11495	0.11229	0.00717	0.01298	0.12520	0.01039	0.01330
22	0.01763	0.01426	0.01970	0.01856	0.01949	0.01747	0.01406	0.02005	0.01685	0.02434	0.02713	0.04646	0.02771	0.21963	0.29752	0.01250	0.15911	0.01236	0.00580	0.00936
23	0.02527	0.02416	0.04116	0.20727	0.42185	0.02546	0.03261	0.03196	0.02402	0.03354	0.02021	0.02754	0.01654	0.01003	0.01082	0.00334	0.01338	0.00971	0.00525	0.01589
24	0.04892	0.01856	0.02530	0.01940	0.02783	0.01603	0.01603	0.05314	0.03121	0.55634	0.04302	0.03711	0.02699	0.01350	0.01096	0.00337	0.00928	0.01096	0.01350	0.01856
25	0.02390	0.02933	0.22335	0.02247	0.03067	0.01684	0.02338	0.03062	0.02409	0.13434	0.04116	0.23182	0.04032	0.02072	0.01209	0.00390	0.01095	0.05774	0.00868	0.01362
26	0.02534	0.02423	0.04128	0.20171	0.42687	0.02547	0.03264	0.03202	0.02405	0.03362	0.02022	0.02752	0.01657	0.01002	0.01082	0.00334	0.01336	0.00971	0.00526	0.01594
27	0.03666	0.02471	0.04213	0.03119	0.04053	0.02362	0.22012	0.09383	0.07480	0.24556	0.03274	0.03311	0.02235	0.01179	0.01176	0.00352	0.01326	0.01175	0.00972	0.01685
28	0.02499	0.02523	0.04701	0.19538	0.28713	0.02595	0.16814	0.03244	0.02431	0.03343	0.02066	0.02821	0.01636	0.00987	0.01141	0.00346	0.01491	0.01061	0.00529	0.01522
29	0.02574	0.02941	0.06434	0.04596	0.05699	0.02757	0.50919	0.03493	0.02574	0.03493	0.02206	0.02941	0.01654	0.00919	0.01287	0.00368	0.01838	0.01287	0.00551	0.01471
30	0.02173	0.02054	0.03475	0.49766	0.15917	0.02452	0.03085	0.02885	0.02234	0.02924	0.01958	0.02870	0.01502	0.01069	0.01088	0.00356	0.01425	0.00969	0.00494	0.01303
31	0.02364	0.19443	0.43781	0.02805	0.04252	0.02966	0.03502	0.03407	0.02281	0.03237	0.01849	0.02167	0.01386	0.01011	0.00954	0.00318	0.01503	0.00751	0.00462	0.01560
32	0.02808	0.16619	0.31800	0.07068	0.04193	0.02735	0.03065	0.03690	0.02419	0.12438	0.02277	0.02483	0.01624	0.01074	0.00980	0.00322	0.01384	0.00823	0.00621	0.01578
33	0.02915	0.62337	0.05714	0.01866	0.02799	0.04314	0.01866	0.03265	0.02215	0.02565	0.01516	0.01749	0.01399	0.00933	0.00700	0.00233	0.01166	0.00583	0.00466	0.01399
34	0.06894	0.04050	0.33459	0.02903	0.04080	0.02253	0.10779	0.03112	0.02364	0.03577	0.07196	0.09008	0.02836	0.01373	0.01110	0.00358	0.01391	0.01214	0.00616	0.01429
35	0.02679	0.23155	0.23010	0.02741	0.03881	0.02989	0.10466	0.03453	0.02350	0.07654	0.02125	0.02488	0.01642	0.01519	0.04982	0.00412	0.01535	0.00861	0.00563	0.01495
36	0.02749	0.02930	0.20497	0.02265	0.03130	0.01807	0.02314	0.03600	0.06099	0.17965	0.04015	0.17328	0.03608	0.01856	0.01175	0.00379	0.01093	0.04790	0.00924	0.01474
37	0.01616	0.01234	0.01515	0.01640	0.01829	0.01253	0.01152	0.02396	0.12024	0.03274	0.10142	0.45094	0.06742	0.02932	0.01327	0.00419	0.00666	0.02634	0.01048	0.01062
38	0.02708	0.46207	0.20029	0.02219	0.03345	0.03807	0.02481	0.03318	0.02240	0.02818	0.01641	0.01906	0.01394	0.00962	0.00795	0.00265	0.01293	0.00646	0.00465	0.01460
39	0.03304	0.02415	0.04072	0.05171	0.35871	0.02328	0.07085	0.03912	0.02670	0.18185	0.02697	0.03005	0.01994	0.01073	0.01103	0.00332	0.01240	0.01035	0.00768	0.01740
40	0.01344	0.00975	0.01270	0.01476	0.01578	0.00901	0.01000	0.01569	0.02203	0.02934	0.10585	0.52723	0.10884	0.03265	0.01375	0.00429	0.00616	0.02944	0.01029	0.00901
41	0.03203	0.48154	0.05062	0.02100	0.02941	0.17467	0.01926	0.03535	0.02433	0.02591	0.01558	0.01803	0.01401	0.00980	0.00770	0.00245	0.01365	0.00613	0.00490	0.01366
42	0.09118	0.22496	0.08626	0.02330	0.03259	0.03160	0.06322	0.11674	0.08099	0.11231	0.02487	0.02561	0.01857	0.01124	0.00941	0.00308	0.01177	0.00870	0.00784	0.01577
43	0.02669	0.21316	0.16538	0.02522	0.03475	0.08678	0.06703	0.03780	0.11401	0.03390	0.07066	0.03008	0.02576	0.01192	0.00988	0.00311	0.01302	0.00954	0.00664	0.01466
44	0.01583	0.01067	0.01239	0.01239	0.01256	0.01084	0.00723	0.01618	0.01600	0.02151	0.03390	0.06883	0.03854	0.56941	0.10139	0.01119	0.01222	0.01549	0.00654	0.00688
45	0.02678	0.02281	0.03667	0.23392	0.28981	0.02460	0.02918	0.03586	0.07684	0.07982	0.02459	0.03000	0.01887	0.01097	0.01088	0.00343	0.01271	0.01009	0.00652	0.01565
46	0.03083	0.03072	0.16896	0.02674	0.03659	0.02232	0.10148	0.08908	0.07436	0.17028	0.10160	0.03759	0.03215	0.01329	0.01138	0.00347	0.01216	0.01174	0.00922	0.01604
47	0.01317	0.00994	0.01219	0.01398	0.01550	0.00896	0.00959	0.01532	0.02203	0.02830	0.07469	0.46344	0.20895	0.03226	0.01362	0.00421	0.00609	0.02868	0.01012	0.00896
48	0.08697	0.01892	0.02102	0.01848	0.02321	0.02007	0.01432	0.20585	0.03462	0.04915	0.16303	0.20384	0.05398	0.02105	0.01186	0.00365	0.00837	0.01789	0.01058	0.01314
49	0.19983	0.08569	0.03695	0.16590	0.04452	0.02706	0.12304	0.07617	0.02531	0.08669	0.02120	0.02550	0.01570	0.01061	0.00985	0.00338	0.01277	0.00911	0.00679	0.01394
50	0.17745	0.12988	0.03079	0.01986	0.02797	0.02801	0.01688	0.15949	0.07602	0.18897	0.02815	0.02714	0.01995	0.01206	0.00937	0.00319	0.01014	0.00882	0.00965	0.01621
51	0.41421	0.02104	0.02410	0.07006	0.03078	0.02262	0.05857	0.03716	0.02262	0.17174	0.02308	0.02458	0.01624	0.01095	0.00871	0.00342	0.01007	0.00812	0.00814	0.01377
52	0.10600	0.01641	0.02102	0.01800	0.02413	0.01509	0.01441	0.04047	0.02720	0.35076	0.04490	0.16634	0.03782	0.01884	0.01146	0.00372	0.00860	0.04788	0.01181	0.01513
53	0.01371	0.00967	0.01252	0.01463	0.01516	0.00914	0.00953	0.01529	0.02004	0.02672	0.05580	0.51977	0.06669	0.13148	0.02086	0.00545	0.00703	0.02847	0.00953	0.00848
54	0.03372	0.02191	0.03028	0.15899	0.04149	0.02327	0.05369	0.15053	0.07579	0.18825	0.03364	0.08375	0.02592	0.01445	0.01134	0.00356	0.01147	0.01244	0.00977	0.01577
55	0.18543	0.02279	0.02867	0.18551	0.08736	0.02527	0.02173	0.14554	0.02971	0.13110	0.02403	0.02695	0.01716	0.01156	0.00995	0.00341	0.01153	0.00906	0.00818	0.01506
56	0.02423	0.01255	0.01685	0.01619	0.01932	0.01164	0.01185	0.02709	0.02400	0.18155	0.09257	0.29928	0.05488	0.08298	0.06641	0.00574	0.00949	0.02114	0.01057	0.01167
57	0.01444	0.01052	0.01367	0.01471	0.01650	0.00975	0.01069	0.01790	0.02533	0.03434	0.24460	0.32478	0.12396	0.02879	0.01353	0.00404	0.00615	0.06594	0.01082	0.00953

[dist]
# distance from previous block
# <min> <max>
11	50

[block]
# block no. 7 follows, 12 sequences, length 51
# corresponding to MSA columns:
# 637-687
name=unknown_H
#
# <colnr> <probs for GDERKNQSTAVLIFYWHMCP>
#	G	D	E	R	K	N	Q	S	T	A	V	L	I	F	Y	W	H	M	C	P
0	0.03522	0.20157	0.03801	0.02162	0.02979	0.02662	0.06390	0.09598	0.03033	0.21725	0.09997	0.03532	0.03160	0.01300	0.01021	0.00309	0.01062	0.01068	0.00956	0.01567
1	0.03516	0.19710	0.19825	0.02278	0.03382	0.02636	0.02420	0.04177	0.02620	0.24976	0.02813	0.02737	0.01936	0.01138	0.00968	0.00311	0.01203	0.00866	0.00833	0.01655
2	0.01566	0.01133	0.01574	0.01574	0.01707	0.01266	0.01141	0.01833	0.01700	0.02399	0.03084	0.05186	0.03118	0.25111	0.40962	0.01532	0.02331	0.01300	0.00608	0.00875
3	0.02915	0.62337	0.05714	0.01866	0.02799	0.04314	0.01866	0.03265	0.02215	0.02565	0.01516	0.01749	0.01399	0.00933	0.00700	0.00233	0.01166	0.00583	0.00466	0.01399
4	0.02038	0.01765	0.02522	0.07648	0.16961	0.01802	0.01905	0.02944	0.09961	0.03848	0.22390	0.05950	0.12320	0.01754	0.01188	0.00347	0.00862	0.01553	0.00920	0.01322
5	0.02855	0.01353	0.01758	0.01564	0.01987	0.01203	0.01175	0.03044	0.02444	0.23864	0.05520	0.15188	0.13761	0.07279	0.02008	0.10236	0.00815	0.01701	0.01041	0.01204
6	0.04280	0.01947	0.02580	0.06664	0.03179	0.01863	0.01741	0.05191	0.11737	0.42391	0.04132	0.03708	0.02707	0.01351	0.01098	0.00345	0.00960	0.01110	0.01237	0.01780
7	0.02136	0.02017	0.03409	0.52760	0.13208	0.02443	0.03066	0.02853	0.02217	0.02879	0.01952	0.02882	0.01486	0.01076	0.01089	0.00359	0.01434	0.00969	0.00491	0.01273
8	0.02711	0.04555	0.37737	0.02815	0.04134	0.02587	0.03270	0.09687	0.10018	0.08129	0.02579	0.02706	0.01823	0.01157	0.01058	0.00346	0.01400	0.00911	0.00700	0.01676
9	0.01328	0.00949	0.01265	0.01518	0.01581	0.00886	0.01012	0.01518	0.02088	0.02783	0.06010	0.60969	0.07212	0.03416	0.01392	0.00443	0.00633	0.03100	0.01012	0.00886
10	0.08546	0.01639	0.02094	0.01701	0.02356	0.01474	0.01374	0.04088	0.02968	0.35567	0.16382	0.05164	0.08603	0.01647	0.01126	0.00341	0.00794	0.01363	0.01237	0.01536
11	0.01509	0.01050	0.01327	0.01397	0.01455	0.01073	0.00904	0.01642	0.01759	0.02386	0.04039	0.21401	0.04603	0.34477	0.15172	0.01032	0.01327	0.01917	0.00742	0.00788
12	0.02275	0.12461	0.49978	0.02958	0.04488	0.02747	0.03768	0.03430	0.02292	0.03346	0.01904	0.02236	0.01383	0.01024	0.00995	0.00332	0.01558	0.00779	0.00461	0.01586
13	0.09520	0.02136	0.02716	0.10269	0.03536	0.02157	0.01872	0.14281	0.03298	0.33826	0.03388	0.03213	0.02222	0.01276	0.01060	0.00339	0.01053	0.01014	0.01117	0.01708
14	0.02430	0.02316	0.03940	0.28713	0.34961	0.02520	0.03212	0.03111	0.02356	0.03236	0.02003	0.02786	0.01612	0.01021	0.01084	0.00340	0.01362	0.00970	0.00517	0.01510
15	0.55437	0.02054	0.01803	0.01543	0.02255	0.02264	0.01272	0.03661	0.02129	0.15864	0.02120	0.02191	0.01509	0.01085	0.00766	0.00337	0.00862	0.00700	0.00821	0.01327
16	0.12399	0.02361	0.03923	0.07736	0.08953	0.02438	0.16879	0.03758	0.02470	0.17247	0.02533	0.02889	0.01828	0.01183	0.01392	0.00364	0.08338	0.01045	0.00763	0.01502
17	0.04001	0.01814	0.02379	0.01817	0.02642	0.01521	0.01483	0.04445	0.02916	0.39218	0.07840	0.03734	0.03066	0.01294	0.01044	0.00297	0.00866	0.01062	0.01172	0.17389
18	0.23470	0.02224	0.02362	0.01939	0.02691	0.02367	0.01579	0.12242	0.13185	0.22280	0.03230	0.03030	0.02239	0.01269	0.00973	0.00342	0.00934	0.00955	0.01058	0.01629
19	0.02515	0.31167	0.33377	0.02549	0.03854	0.03335	0.03055	0.03368	0.02263	0.03053	0.01758	0.02053	0.01389	0.00990	0.00885	0.00295	0.01411	0.00705	0.00463	0.01516
20	0.02074	0.01938	0.03196	0.54842	0.07148	0.02351	0.02901	0.02783	0.02186	0.02842	0.01938	0.02860	0.01465	0.01069	0.01069	0.00349	0.01406	0.00945	0.00496	0.06141
21	0.02662	0.02380	0.08648	0.02102	0.02776	0.02139	0.01817	0.04524	0.28693	0.11436	0.04847	0.12192	0.07480	0.01775	0.01152	0.00372	0.00906	0.01503	0.01045	0.01552
22	0.02163	0.02015	0.03448	0.16859	0.25427	0.02092	0.06454	0.02723	0.02312	0.03165	0.03140	0.18990	0.03187	0.01675	0.01185	0.00369	0.01190	0.01589	0.00660	0.01356
23	0.03107	0.02538	0.02688	0.02299	0.02986	0.02897	0.01821	0.18321	0.39740	0.05198	0.03936	0.03668	0.02922	0.01432	0.01104	0.00358	0.00956	0.01164	0.01104	0.01761
24	0.03304	0.02491	0.04284	0.03115	0.04098	0.02296	0.23247	0.09571	0.02965	0.17378	0.02748	0.02977	0.01941	0.01057	0.01127	0.00317	0.01338	0.01084	0.00840	0.13822
25	0.02562	0.05115	0.48610	0.02946	0.04451	0.02403	0.03692	0.03711	0.02416	0.10691	0.02282	0.02497	0.01564	0.01079	0.01044	0.00344	0.01517	0.00846	0.00584	0.01645
26	0.02233	0.05315	0.50065	0.03287	0.04837	0.02559	0.09670	0.03458	0.02335	0.03458	0.01987	0.02379	0.01414	0.01022	0.01066	0.00348	0.01639	0.00864	0.00471	0.01594
27	0.01365	0.01029	0.01263	0.01370	0.01562	0.00927	0.00964	0.01651	0.02420	0.03181	0.18115	0.35161	0.21091	0.02970	0.01339	0.00400	0.00584	0.02627	0.01054	0.00927
28	0.03030	0.12682	0.24449	0.02345	0.03411	0.02307	0.02546	0.03751	0.02515	0.19455	0.03143	0.10271	0.02551	0.01426	0.01049	0.00338	0.01202	0.01159	0.00809	0.01560
29	0.03631	0.03146	0.21705	0.02327	0.03384	0.01880	0.02429	0.04338	0.02743	0.32579	0.03594	0.07813	0.02587	0.01403	0.01098	0.00349	0.01150	0.01153	0.01002	0.01690
30	0.02963	0.02046	0.03543	0.12975	0.11155	0.02004	0.12729	0.03535	0.02568	0.18605	0.03432	0.13446	0.02925	0.01527	0.01187	0.00365	0.01215	0.01455	0.00855	0.01470
31	0.02437	0.05030	0.46035	0.03199	0.04691	0.02489	0.09487	0.03598	0.02396	0.07388	0.02163	0.02485	0.01513	0.01045	0.01071	0.00347	0.01587	0.00885	0.00538	0.01613
32	0.02949	0.02550	0.03436	0.28498	0.18742	0.09952	0.02763	0.03545	0.02533	0.11204	0.02301	0.02847	0.01713	0.01104	0.01073	0.00337	0.01401	0.00953	0.00645	0.01455
33	0.02649	0.02710	0.11417	0.10252	0.08691	0.02222	0.19935	0.03389	0.02496	0.11424	0.03003	0.11333	0.02564	0.01388	0.01197	0.00367	0.01401	0.01389	0.00721	0.01455
34	0.02631	0.02129	0.03573	0.35757	0.09975	0.02380	0.08508	0.03512	0.06296	0.10704	0.02513	0.03100	0.01824	0.01128	0.01115	0.00358	0.01366	0.01046	0.00670	0.01416
35	0.01823	0.01075	0.01441	0.01577	0.01748	0.00985	0.01094	0.02045	0.02231	0.10114	0.05773	0.53027	0.06586	0.03129	0.01351	0.00428	0.00674	0.02822	0.01059	0.01020
36	0.02562	0.05115	0.48610	0.02946	0.04451	0.02403	0.03692	0.03711	0.02416	0.10691	0.02282	0.02497	0.01564	0.01079	0.01044	0.00344	0.01517	0.00846	0.00584	0.01645
37	0.02945	0.02893	0.14072	0.07653	0.14013	0.02247	0.09619	0.03886	0.06519	0.15617	0.06955	0.03447	0.02664	0.01213	0.01124	0.00346	0.01267	0.01113	0.00805	0.01602
38	0.03321	0.01456	0.01973	0.01754	0.02254	0.01287	0.01342	0.03641	0.02665	0.32337	0.05055	0.28951	0.04688	0.02260	0.01227	0.00384	0.00798	0.01980	0.01201	0.01428
39	0.02187	0.05640	0.56031	0.03108	0.04719	0.02532	0.04029	0.03453	0.02302	0.03453	0.01957	0.02302	0.01381	0.01036	0.01036	0.00345	0.01611	0.00806	0.00460	0.01611
40	0.02913	0.02111	0.03176	0.26875	0.14288	0.02325	0.02542	0.03977	0.11461	0.14828	0.02921	0.03252	0.02110	0.01195	0.01093	0.00352	0.01204	0.01044	0.00795	0.01538
41	0.08482	0.03088	0.17238	0.07824	0.11433	0.02234	0.07307	0.03993	0.02584	0.21067	0.02746	0.02902	0.01890	0.01123	0.01063	0.00343	0.01284	0.00970	0.00798	0.01630
42	0.01958	0.01801	0.02992	0.51079	0.06687	0.02209	0.02748	0.02610	0.02167	0.02786	0.02503	0.10961	0.02252	0.01413	0.01132	0.00374	0.01340	0.01265	0.00558	0.01166
43	0.01514	0.01206	0.01739	0.14978	0.02968	0.01260	0.01473	0.01862	0.02219	0.02924	0.09312	0.39387	0.09576	0.02727	0.01305	0.00411	0.00810	0.02450	0.00904	0.00976
44	0.02594	0.02500	0.04164	0.11185	0.43120	0.02678	0.03182	0.03192	0.02341	0.03358	0.01954	0.02675	0.01660	0.01113	0.01427	0.00349	0.09410	0.00969	0.00526	0.01604
45	0.02059	0.01938	0.03270	0.59060	0.07510	0.02422	0.03028	0.02786	0.02180	0.02786	0.01938	0.02907	0.01453	0.01090	0.01090	0.00363	0.01453	0.00969	0.00484	0.01211
46	0.01840	0.01507	0.02505	0.02392	0.02766	0.01466	0.10237	0.02372	0.02463	0.03237	0.05183	0.17416	0.05598	0.02703	0.01452	0.00470	0.01098	0.33300	0.00926	0.01069
47	0.02315	0.02635	0.08478	0.42095	0.13494	0.06685	0.03097	0.03048	0.02304	0.02949	0.01936	0.02748	0.01481	0.01071	0.01075	0.00350	0.01486	0.00933	0.00496	0.01325
48	0.33852	0.06640	0.02421	0.01760	0.02537	0.02359	0.01477	0.08612	0.02673	0.24000	0.02671	0.02581	0.01833	0.01162	0.00875	0.00329	0.00934	0.00818	0.00953	0.01516
49	0.21663	0.10173	0.15270	0.02679	0.10148	0.02578	0.02273	0.06825	0.02520	0.04170	0.09405	0.03007	0.02697	0.01201	0.00938	0.00325	0.01104	0.00922	0.00689	0.01413
50	0.12759	0.23524	0.08426	0.01926	0.02673	0.06477	0.01781	0.03274	0.02327	0.10187	0.02847	0.13976	0.02707	0.01522	0.00940	0.00319	0.01077	0.01188	0.00732	0.01336

[dist]
# distance from previous block
# <min> <max>
41	247

[block]
# block no. 8 follows, 12 sequences, length 74
# corresponding to MSA columns:
# 1020-1093
name=unknown_I
#
# <colnr> <probs for GDERKNQSTAVLIFYWHMCP>
#	G	D	E	R	K	N	Q	S	T	A	V	L	I	F	Y	W	H	M	C	P
0	0.03024	0.02482	0.08255	0.03377	0.17735	0.02082	0.02274	0.06696	0.06595	0.15245	0.03109	0.08351	0.02533	0.01323	0.01067	0.00318	0.01065	0.01149	0.00850	0.12470
1	0.02841	0.01985	0.02779	0.07329	0.15422	0.01981	0.01982	0.10411	0.02929	0.12550	0.09923	0.09204	0.03691	0.06153	0.01468	0.00389	0.01018	0.01347	0.00900	0.05697
2	0.03024	0.02544	0.07632	0.06557	0.03366	0.02265	0.02009	0.19801	0.03405	0.09139	0.06077	0.03932	0.02769	0.01380	0.01074	0.00312	0.01080	0.05575	0.00902	0.17158
3	0.16241	0.02470	0.11437	0.02325	0.07109	0.01992	0.01910	0.03184	0.10003	0.03901	0.07915	0.14299	0.03639	0.01641	0.01046	0.00347	0.00945	0.01375	0.00804	0.07418
4	0.15716	0.14205	0.10191	0.02049	0.02995	0.02660	0.01946	0.11025	0.02842	0.17766	0.02505	0.02512	0.01783	0.01118	0.00911	0.00303	0.01081	0.00814	0.00844	0.06735
5	0.28278	0.02067	0.02505	0.02067	0.02759	0.02160	0.07963	0.03588	0.10064	0.08293	0.07424	0.03839	0.02937	0.01340	0.00985	0.00344	0.00965	0.04471	0.00847	0.07103
6	0.02828	0.02199	0.03098	0.10980	0.03800	0.02210	0.08351	0.15782	0.03174	0.08336	0.07220	0.08642	0.03011	0.01406	0.01108	0.00319	0.01115	0.01248	0.00863	0.14309
