[name]
unknown

[dist]
# distance from previous block
# <min> <max>
2	50

[block]
# block no. 0 follows, 12 sequences, length 22
# corresponding to MSA columns:
# 50-71
name=unknown_A
#
# <colnr> <probs for GDERKNQSTAVLIFYWHMCP>
#	G	D	E	R	K	N	Q	S	T	A	V	L	I	F	Y	W	H	M	C	P
0	0.02836	0.02542	0.03277	0.11148	0.23407	0.08507	0.02429	0.07114	0.02754	0.07409	0.03325	0.03648	0.08336	0.01269	0.01073	0.00316	0.01220	0.01088	0.00708	0.07597
1	0.02949	0.02132	0.03273	0.21988	0.18877	0.02216	0.02538	0.03737	0.06247	0.15223	0.02692	0.03059	0.01967	0.01119	0.01064	0.00328	0.01187	0.00989	0.00758	0.07658
2	0.09229	0.02860	0.11320	0.09507	0.18470	0.02455	0.05629	0.09174	0.02803	0.14351	0.02500	0.02784	0.01802	0.01108	0.01055	0.00338	0.01266	0.00957	0.00760	0.01632
3	0.09477	0.02466	0.04003	0.12145	0.44037	0.02557	0.03087	0.03268	0.02384	0.03610	0.01983	0.02627	0.01640	0.00989	0.01039	0.00330	0.01267	0.00932	0.00547	0.01612
4	0.02584	0.02299	0.03539	0.13708	0.24460	0.02399	0.05562	0.11389	0.02943	0.03984	0.06710	0.04071	0.08871	0.01355	0.01136	0.00341	0.01195	0.01225	0.00731	0.01498
5	0.08633	0.01528	0.02053	0.17196	0.03376	0.01750	0.01702	0.02184	0.02105	0.03001	0.04792	0.19618	0.13587	0.02544	0.04857	0.00479	0.07026	0.01767	0.00754	0.01048
6	0.07216	0.21293	0.13445	0.03296	0.15634	0.03086	0.02557	0.09013	0.02698	0.09013	0.02132	0.02375	0.01646	0.01051	0.00934	0.00303	0.01235	0.00814	0.00657	0.01600
7	0.08706	0.09595	0.10098	0.11963	0.15755	0.02617	0.02514	0.08064	0.02557	0.03774	0.01950	0.02401	0.01547	0.01002	0.00947	0.00295	0.01205	0.00813	0.00601	0.13596
8	0.10187	0.28594	0.23874	0.02261	0.03423	0.03169	0.02549	0.03282	0.02211	0.03256	0.01721	0.02006	0.01387	0.00969	0.00833	0.00281	0.01264	0.00673	0.00504	0.07555
9	0.02285	0.08021	0.07119	0.01828	0.02392	0.01738	0.01556	0.02967	0.07547	0.09948	0.06874	0.26903	0.04631	0.02121	0.01149	0.00354	0.00852	0.01845	0.00927	0.08942
10	0.03598	0.02588	0.03225	0.10936	0.14796	0.10411	0.02346	0.04066	0.02669	0.22711	0.02747	0.02958	0.01969	0.01269	0.01386	0.00347	0.08599	0.00976	0.00831	0.01570
11	0.02872	0.07459	0.22114	0.03069	0.07973	0.02573	0.07711	0.04293	0.14605	0.11969	0.02929	0.03011	0.02115	0.01168	0.01070	0.00343	0.01292	0.01002	0.00774	0.01659
12	0.09863	0.01799	0.02490	0.29681	0.04750	0.02075	0.02120	0.03076	0.08047	0.06725	0.03673	0.10934	0.07270	0.01587	0.01101	0.00370	0.01096	0.01353	0.00749	0.01242
13	0.03623	0.01810	0.02641	0.08306	0.09611	0.01709	0.01917	0.04123	0.02878	0.32466	0.09651	0.04892	0.03686	0.01547	0.01157	0.00356	0.00988	0.05940	0.01107	0.01592
14	0.03235	0.02197	0.03519	0.04699	0.33380	0.02112	0.02571	0.03766	0.02639	0.19537	0.03149	0.08956	0.02586	0.01337	0.01117	0.00340	0.01114	0.01227	0.00838	0.01681
15	0.02518	0.02406	0.04099	0.21498	0.41487	0.02543	0.03256	0.03188	0.02397	0.03343	0.02019	0.02758	0.01650	0.01005	0.01082	0.00335	0.01340	0.00971	0.00524	0.01581
16	0.01500	0.01078	0.01473	0.01545	0.01653	0.01151	0.01087	0.01735	0.01805	0.02498	0.03923	0.21026	0.04305	0.20268	0.28525	0.01207	0.01806	0.01819	0.00724	0.00870
17	0.02360	0.02007	0.03424	0.18728	0.18874	0.02119	0.07449	0.02987	0.02410	0.06789	0.06472	0.04223	0.02839	0.02184	0.08211	0.00535	0.01490	0.04860	0.00673	0.01368
18	0.02439	0.01913	0.03104	0.36328	0.13151	0.02156	0.02626	0.03087	0.02466	0.09742	0.09331	0.03685	0.02845	0.01259	0.01116	0.00351	0.01237	0.01121	0.00698	0.01344
19	0.61203	0.02227	0.01812	0.01569	0.02268	0.02563	0.01293	0.09228	0.02266	0.05140	0.01656	0.01877	0.01265	0.01049	0.00727	0.00336	0.00888	0.00639	0.00727	0.01265
20	0.02922	0.08061	0.20098	0.02487	0.03642	0.02193	0.07341	0.03674	0.02498	0.15317	0.02476	0.02633	0.01775	0.01025	0.00986	0.00287	0.01224	0.00860	0.00723	0.19775
21	0.13426	0.02958	0.13603	0.09934	0.03821	0.02454	0.02307	0.12911	0.06964	0.12946	0.02598	0.02734	0.01841	0.01164	0.00998	0.00331	0.01165	0.00900	0.00829	0.06116

[dist]
# distance from previous block
# <min> <max>
0	10

[block]
# block no. 1 follows, 12 sequences, length 46
# corresponding to MSA columns:
# 82-127
name=unknown_B
#
# <colnr> <probs for GDERKNQSTAVLIFYWHMCP>
#	G	D	E	R	K	N	Q	S	T	A	V	L	I	F	Y	W	H	M	C	P
0	0.02059	0.01401	0.01990	0.02183	0.09269	0.01310	0.01416	0.02582	0.03005	0.09657	0.41660	0.06909	0.08280	0.01959	0.01237	0.00340	0.00668	0.01738	0.01123	0.01214
1	0.03641	0.14205	0.03885	0.03402	0.15890	0.12750	0.02295	0.16339	0.03316	0.10669	0.02320	0.02498	0.01765	0.01128	0.00997	0.00302	0.01319	0.00870	0.00777	0.01633
2	0.02643	0.10575	0.02759	0.02016	0.02590	0.02571	0.01614	0.12673	0.23054	0.04357	0.08430	0.14429	0.04128	0.01798	0.01116	0.00354	0.00894	0.01508	0.01005	0.01485
3	0.02707	0.02456	0.03764	0.17559	0.31308	0.02653	0.02911	0.08608	0.09812	0.03875	0.02422	0.02931	0.01904	0.01106	0.01087	0.00340	0.01260	0.01009	0.00666	0.01623
4	0.07005	0.02391	0.02659	0.06116	0.08407	0.07216	0.01899	0.13428	0.06939	0.07385	0.04051	0.09737	0.09837	0.01709	0.01320	0.00360	0.05904	0.01357	0.00870	0.01411
5	0.01696	0.01182	0.01306	0.01232	0.01631	0.01007	0.00939	0.02025	0.02647	0.08527	0.17328	0.09426	0.42071	0.02532	0.01269	0.00361	0.00584	0.02126	0.01077	0.01033
6	0.10225	0.02710	0.06471	0.03380	0.16396	0.02646	0.02309	0.17661	0.09528	0.13572	0.02830	0.02898	0.02050	0.01203	0.01045	0.00336	0.01126	0.00979	0.00914	0.01722
7	0.02915	0.62337	0.05714	0.01866	0.02799	0.04314	0.01866	0.03265	0.02215	0.02565	0.01516	0.01749	0.01399	0.00933	0.00700	0.00233	0.01166	0.00583	0.00466	0.01399
8	0.02631	0.02522	0.04304	0.12208	0.49890	0.02573	0.03313	0.03287	0.02451	0.03480	0.02039	0.02721	0.01698	0.00984	0.01081	0.00328	0.01312	0.00971	0.00534	0.01673
9	0.02699	0.02591	0.04426	0.06693	0.54879	0.02591	0.03346	0.03346	0.02483	0.03562	0.02051	0.02699	0.01727	0.00972	0.01079	0.00324	0.01295	0.00972	0.00540	0.01727
10	0.01832	0.01447	0.01703	0.01726	0.02011	0.01525	0.01255	0.03053	0.19329	0.03673	0.14371	0.32148	0.06474	0.02547	0.01278	0.00400	0.00688	0.02265	0.01079	0.01194
11	0.02556	0.02445	0.04167	0.18407	0.44283	0.02553	0.03275	0.03221	0.02415	0.03389	0.02026	0.02745	0.01666	0.00998	0.01082	0.00333	0.01331	0.00971	0.00527	0.01612
12	0.44972	0.02013	0.01954	0.01625	0.02364	0.02127	0.01340	0.04003	0.02334	0.24098	0.02572	0.02506	0.01755	0.01140	0.00834	0.00337	0.00875	0.00782	0.00930	0.01436
13	0.02787	0.02447	0.04043	0.09467	0.23949	0.02655	0.09599	0.03578	0.06535	0.08672	0.02368	0.02907	0.01866	0.01237	0.01600	0.00369	0.12668	0.01047	0.00654	0.01554
14	0.01407	0.00996	0.01292	0.01443	0.01535	0.00938	0.00966	0.01633	0.02211	0.02998	0.15037	0.43097	0.07351	0.11412	0.01958	0.00510	0.00670	0.02667	0.00999	0.00882
15	0.02077	0.02441	0.10665	0.41969	0.10874	0.02332	0.03039	0.02830	0.02217	0.02949	0.02271	0.07365	0.01920	0.01255	0.01105	0.00364	0.01397	0.01114	0.00527	0.01288
16	0.01964	0.02430	0.12483	0.20930	0.04418	0.02228	0.02555	0.02602	0.01981	0.02798	0.02194	0.03178	0.01864	0.03583	0.20341	0.00843	0.10889	0.01004	0.00512	0.01202
17	0.04093	0.02373	0.02591	0.02100	0.02835	0.07626	0.01689	0.11718	0.10433	0.31339	0.08267	0.03820	0.03209	0.01417	0.01103	0.00335	0.01027	0.01137	0.01184	0.01703
18	0.02365	0.04485	0.34520	0.03200	0.04432	0.07275	0.12167	0.03372	0.02452	0.03364	0.02517	0.03801	0.02125	0.01301	0.01144	0.00366	0.01599	0.07484	0.00563	0.01469
19	0.02990	0.03567	0.10757	0.11612	0.17265	0.19426	0.02703	0.03596	0.02695	0.06267	0.06696	0.02988	0.02359	0.01179	0.01064	0.00322	0.01481	0.00960	0.00634	0.01439
20	0.01382	0.01007	0.01302	0.01443	0.01584	0.00927	0.01000	0.01665	0.02387	0.03218	0.19243	0.42485	0.12237	0.03043	0.01355	0.00410	0.00594	0.02730	0.01062	0.00927
21	0.03211	0.10074	0.02457	0.01639	0.02206	0.01746	0.01314	0.03542	0.02637	0.26250	0.11736	0.05221	0.07133	0.13739	0.01984	0.00471	0.00902	0.01331	0.01042	0.01366
22	0.03128	0.19619	0.16611	0.07687	0.07776	0.02799	0.02536	0.03944	0.05627	0.16296	0.02582	0.02697	0.01871	0.01113	0.00971	0.00314	0.01231	0.00871	0.00733	0.01594
23	0.03271	0.18571	0.21550	0.02506	0.03611	0.07904	0.02624	0.13259	0.03019	0.10517	0.02256	0.02379	0.01651	0.01113	0.00967	0.00307	0.01364	0.00814	0.00710	0.01608
24	0.04753	0.02079	0.02668	0.02046	0.02895	0.01934	0.01690	0.13863	0.03494	0.46558	0.03988	0.03508	0.02542	0.01342	0.01095	0.00335	0.00978	0.01075	0.01301	0.01855
25	0.03927	0.02308	0.04156	0.03046	0.03997	0.02083	0.22138	0.04555	0.02893	0.33923	0.03429	0.03391	0.02264	0.01170	0.01176	0.00350	0.01307	0.01176	0.01017	0.01695
26	0.02243	0.02326	0.07672	0.03431	0.16598	0.02137	0.05239	0.03510	0.16295	0.03570	0.03730	0.17305	0.03530	0.02169	0.04769	0.00461	0.01181	0.01578	0.00809	0.01448
27	0.03288	0.08231	0.11282	0.04253	0.26084	0.02598	0.02787	0.08838	0.02854	0.15449	0.02553	0.02776	0.01880	0.01097	0.01044	0.00322	0.01236	0.00942	0.00761	0.01724
28	0.04776	0.02327	0.02609	0.02063	0.02866	0.09467	0.01674	0.05178	0.03116	0.48156	0.03932	0.03465	0.02516	0.01318	0.01080	0.00329	0.01074	0.01041	0.01238	0.01772
29	0.04672	0.01807	0.02460	0.01903	0.02707	0.01565	0.01565	0.05100	0.03119	0.52263	0.07591	0.04003	0.03198	0.01407	0.01109	0.00338	0.00901	0.01154	0.01340	0.01801
30	0.02636	0.02031	0.03335	0.15788	0.15185	0.02091	0.08307	0.03410	0.06615	0.11834	0.03380	0.14384	0.03016	0.01570	0.01173	0.00367	0.01173	0.01466	0.00800	0.01439
31	0.02017	0.01617	0.02202	0.09892	0.02795	0.01876	0.01642	0.02382	0.02304	0.06443	0.15861	0.05879	0.13688	0.08285	0.02322	0.00462	0.16903	0.01517	0.00819	0.01093
32	0.02775	0.09641	0.37530	0.02881	0.04199	0.09396	0.03324	0.10952	0.02828	0.03819	0.01992	0.02267	0.01459	0.01081	0.01012	0.00326	0.01555	0.00803	0.00571	0.01591
33	0.02380	0.08179	0.21808	0.17681	0.19200	0.02676	0.06423	0.03249	0.02333	0.03254	0.01960	0.02556	0.01513	0.01016	0.01051	0.00336	0.01465	0.00905	0.00495	0.01521
34	0.01846	0.00978	0.01467	0.01467	0.01495	0.01006	0.01006	0.01495	0.01467	0.01984	0.02039	0.03451	0.02011	0.04408	0.11758	0.58884	0.01226	0.00978	0.00489	0.00544
35	0.01355	0.00960	0.01257	0.01485	0.01542	0.00903	0.00976	0.01525	0.02037	0.02715	0.05748	0.55502	0.06882	0.09334	0.01814	0.00505	0.00676	0.02946	0.00976	0.00863
36	0.02382	0.01413	0.01781	0.01736	0.02057	0.01370	0.01271	0.09238	0.02707	0.13088	0.05216	0.42191	0.05625	0.02738	0.01295	0.00407	0.00767	0.02432	0.01085	0.01201
37	0.02529	0.02265	0.02357	0.01865	0.02684	0.07257	0.01505	0.06841	0.02617	0.03696	0.02510	0.03678	0.02271	0.01192	0.00947	0.00235	0.00985	0.07301	0.00725	0.46539
38	0.03516	0.09356	0.18458	0.02467	0.03457	0.02645	0.02493	0.12477	0.02998	0.20960	0.02742	0.02772	0.01904	0.01269	0.01299	0.00342	0.07385	0.00925	0.00866	0.01669
39	0.02941	0.08753	0.19512	0.02410	0.03479	0.02659	0.02447	0.12833	0.12719	0.08340	0.02705	0.02760	0.01986	0.01156	0.01003	0.00310	0.01182	0.00902	0.00801	0.11102
40	0.03523	0.02016	0.02446	0.01897	0.02700	0.01853	0.01536	0.10800	0.07602	0.24565	0.08500	0.03637	0.03106	0.01295	0.01036	0.00291	0.00885	0.01057	0.01082	0.20174
41	0.69383	0.02109	0.01603	0.01434	0.02109	0.02446	0.01181	0.03205	0.01856	0.04892	0.01518	0.01771	0.01181	0.01012	0.00675	0.00337	0.00843	0.00590	0.00675	0.01181
42	0.08097	0.02018	0.05416	0.01851	0.02491	0.01855	0.01559	0.04106	0.17137	0.17622	0.15762	0.05169	0.08988	0.01663	0.01123	0.00351	0.00819	0.01381	0.01109	0.01482
43	0.01321	0.00979	0.01234	0.01438	0.01560	0.00892	0.00976	0.01527	0.02165	0.02815	0.06989	0.51154	0.16394	0.03289	0.01372	0.00428	0.00617	0.02944	0.01012	0.00892
44	0.02119	0.05163	0.50284	0.02925	0.04394	0.02374	0.03713	0.03306	0.02385	0.03550	0.07470	0.02917	0.02319	0.01162	0.01062	0.00345	0.01496	0.00929	0.00538	0.01550
45	0.04594	0.01790	0.02435	0.01889	0.02681	0.01551	0.01551	0.05024	0.03118	0.51065	0.08758	0.04106	0.03375	0.01428	0.01113	0.00338	0.00891	0.01175	0.01336	0.01782

[dist]
# distance from previous block
# <min> <max>
0	2

[block]
# block no. 2 follows, 12 sequences, length 17
# corresponding to MSA columns:
# 130-146
name=unknown_C
#
# <colnr> <probs for GDERKNQSTAVLIFYWHMCP>
#	G	D	E	R	K	N	Q	S	T	A	V	L	I	F	Y	W	H	M	C	P
0	0.02280	0.12873	0.49612	0.02949	0.04474	0.02760	0.03753	0.03429	0.02291	0.03340	0.01900	0.02231	0.01384	0.01023	0.00993	0.00331	0.01555	0.00777	0.00461	0.01584
1	0.44565	0.03116	0.16677	0.02405	0.08001	0.02484	0.02168	0.03286	0.02039	0.04370	0.01690	0.02007	0.01289	0.01015	0.00813	0.00338	0.01097	0.00686	0.00603	0.01352
2	0.26877	0.12508	0.02260	0.01561	0.02093	0.02154	0.01323	0.02619	0.02216	0.03733	0.07501	0.09924	0.10589	0.01842	0.00999	0.00358	0.00847	0.08674	0.00801	0.01121
3	0.02187	0.05640	0.56031	0.03108	0.04719	0.02532	0.04029	0.03453	0.02302	0.03453	0.01957	0.02302	0.01381	0.01036	0.01036	0.00345	0.01611	0.00806	0.00460	0.01611
4	0.02107	0.02032	0.03567	0.53948	0.07340	0.02454	0.07523	0.02852	0.02217	0.02852	0.01963	0.02910	0.01472	0.01074	0.01109	0.00364	0.01490	0.00999	0.00491	0.01236
5	0.02712	0.02342	0.02465	0.02219	0.02835	0.02712	0.01726	0.05794	0.52909	0.04561	0.04438	0.04068	0.03328	0.01479	0.01109	0.00370	0.00863	0.01233	0.01109	0.01726
6	0.01774	0.01018	0.01497	0.01497	0.01552	0.01074	0.01043	0.01583	0.01528	0.02092	0.02306	0.03888	0.02292	0.09560	0.19436	0.44136	0.01516	0.01060	0.00520	0.00630
7	0.02714	0.03033	0.03878	0.32442	0.06007	0.17424	0.12725	0.03359	0.02509	0.02901	0.01925	0.02658	0.01482	0.01064	0.01102	0.00342	0.01673	0.00962	0.00519	0.01279
8	0.01550	0.01085	0.01298	0.01298	0.01375	0.01107	0.00824	0.01659	0.01712	0.02285	0.04103	0.06885	0.08845	0.44570	0.15878	0.01131	0.01393	0.01572	0.00681	0.00752
9	0.02845	0.02747	0.04767	0.05072	0.27321	0.02829	0.17621	0.10420	0.02826	0.03943	0.02124	0.02731	0.01696	0.01093	0.01379	0.00352	0.06927	0.01068	0.00619	0.01617
10	0.02574	0.02941	0.06434	0.04596	0.05699	0.02757	0.50919	0.03493	0.02574	0.03493	0.02206	0.02941	0.01654	0.00919	0.01287	0.00368	0.01838	0.01287	0.00551	0.01471
11	0.02846	0.09655	0.23621	0.14477	0.04758	0.02655	0.06257	0.08262	0.02683	0.11133	0.02330	0.02650	0.01654	0.01101	0.01044	0.00336	0.01409	0.00909	0.00663	0.01556
12	0.02963	0.38669	0.19460	0.02225	0.03337	0.03467	0.02440	0.03579	0.02355	0.09589	0.01995	0.02155	0.01560	0.01015	0.00845	0.00278	0.01261	0.00711	0.00577	0.01517
13	0.01289	0.01105	0.01105	0.01105	0.01473	0.00920	0.00828	0.01565	0.02485	0.02946	0.11046	0.10493	0.54437	0.02761	0.01289	0.00368	0.00552	0.02301	0.01013	0.00920
14	0.02009	0.01223	0.01594	0.01504	0.01842	0.01114	0.01165	0.02461	0.02898	0.11436	0.34182	0.12179	0.12880	0.02324	0.01289	0.00368	0.00637	0.06602	0.01169	0.01125
15	0.03371	0.02620	0.03846	0.16700	0.09938	0.09263	0.13242	0.03982	0.02706	0.19328	0.02707	0.03022	0.01905	0.01124	0.01121	0.00342	0.01427	0.01046	0.00782	0.01528
16	0.04131	0.02682	0.07091	0.02307	0.03029	0.09087	0.02001	0.04571	0.02797	0.35392	0.03277	0.03143	0.02206	0.01393	0.01510	0.00355	0.11363	0.00998	0.01025	0.01645

[dist]
# distance from previous block
# <min> <max>
6	22

[block]
# block no. 3 follows, 12 sequences, length 15
# corresponding to MSA columns:
# 169-183
name=unknown_D
#
# <colnr> <probs for GDERKNQSTAVLIFYWHMCP>
#	G	D	E	R	K	N	Q	S	T	A	V	L	I	F	Y	W	H	M	C	P
0	0.01432	0.01029	0.01358	0.01448	0.01604	0.00955	0.01020	0.01778	0.02569	0.03549	0.29279	0.35517	0.08694	0.02844	0.01341	0.00395	0.00576	0.02556	0.01103	0.00955
1	0.08458	0.31353	0.04090	0.01973	0.02827	0.07396	0.01769	0.07135	0.02724	0.19102	0.02446	0.02419	0.01808	0.01104	0.00866	0.00282	0.01135	0.00775	0.00798	0.01541
2	0.01730	0.01249	0.01466	0.01433	0.01552	0.01335	0.00936	0.02213	0.08433	0.02518	0.03471	0.06185	0.03644	0.43503	0.14821	0.01098	0.01386	0.01459	0.00706	0.00862
3	0.03142	0.02556	0.02707	0.02306	0.02999	0.02913	0.01830	0.19419	0.38585	0.05254	0.03892	0.03633	0.02886	0.01428	0.01104	0.00357	0.00964	0.01157	0.01104	0.01764
4	0.02162	0.02043	0.03359	0.39529	0.06135	0.02225	0.07634	0.02850	0.02241	0.03045	0.01966	0.02755	0.01513	0.01004	0.01043	0.00315	0.01338	0.00925	0.00530	0.17388
5	0.04194	0.04399	0.03046	0.02644	0.03295	0.41008	0.02034	0.12220	0.03430	0.10396	0.02187	0.02306	0.01651	0.01184	0.01016	0.00296	0.01702	0.00801	0.00754	0.01440
6	0.69383	0.02109	0.01603	0.01434	0.02109	0.02446	0.01181	0.03205	0.01856	0.04892	0.01518	0.01771	0.01181	0.01012	0.00675	0.00337	0.00843	0.00590	0.00675	0.01181
7	0.02115	0.02048	0.03617	0.53099	0.07311	0.02459	0.08270	0.02863	0.02223	0.02863	0.01967	0.02911	0.01475	0.01071	0.01112	0.00364	0.01496	0.01004	0.00492	0.01240
8	0.02090	0.10342	0.12886	0.02177	0.02632	0.02432	0.02026	0.02494	0.01850	0.02623	0.02284	0.03827	0.02277	0.18663	0.10393	0.00747	0.17517	0.01077	0.00537	0.01126
9	0.01515	0.01082	0.01480	0.01732	0.01877	0.01047	0.01337	0.01841	0.02272	0.02993	0.05906	0.39733	0.06803	0.03240	0.01442	0.00469	0.00795	0.22491	0.01009	0.00937
10	0.01855	0.01111	0.01481	0.01538	0.01753	0.01017	0.01095	0.02157	0.02475	0.10199	0.17873	0.40141	0.07383	0.02844	0.01326	0.00404	0.00642	0.02551	0.01104	0.01050
11	0.01354	0.01000	0.01275	0.01483	0.01614	0.00920	0.01037	0.01583	0.02190	0.02849	0.06883	0.48291	0.15499	0.03269	0.01382	0.00434	0.00647	0.06377	0.01012	0.00901
12	0.63370	0.02085	0.01689	0.01481	0.02172	0.02367	0.01220	0.03402	0.01974	0.09623	0.01778	0.01952	0.01322	0.01044	0.00714	0.00337	0.00851	0.00638	0.00738	0.01244
13	0.56966	0.02289	0.01920	0.01638	0.02351	0.02624	0.01351	0.12348	0.02478	0.05269	0.01728	0.01932	0.01309	0.01069	0.00754	0.00335	0.00911	0.00665	0.00754	0.01309
14	0.02977	0.02642	0.03151	0.22166	0.04666	0.07119	0.02399	0.17842	0.10320	0.04234	0.02412	0.02844	0.01835	0.01323	0.01415	0.00362	0.09065	0.00988	0.00761	0.01479

[dist]
# distance from previous block
# <min> <max>
0	2

[block]
# block no. 4 follows, 12 sequences, length 21
# corresponding to MSA columns:
# 186-206
name=unknown_E
#
# <colnr> <probs for GDERKNQSTAVLIFYWHMCP>
#	G	D	E	R	K	N	Q	S	T	A	V	L	I	F	Y	W	H	M	C	P
0	0.11347	0.02885	0.14670	0.15664	0.21093	0.02355	0.02916	0.03070	0.02273	0.03494	0.02357	0.06442	0.02075	0.01264	0.01058	0.00355	0.01282	0.03387	0.00581	0.01433
1	0.69383	0.02109	0.01603	0.01434	0.02109	0.02446	0.01181	0.03205	0.01856	0.04892	0.01518	0.01771	0.01181	0.01012	0.00675	0.00337	0.00843	0.00590	0.00675	0.01181
2	0.02929	0.02271	0.03164	0.02663	0.02845	0.02963	0.02216	0.03207	0.01984	0.14119	0.02054	0.02673	0.01706	0.01787	0.03040	0.00447	0.46944	0.00985	0.00666	0.01336
3	0.01380	0.00989	0.01312	0.01483	0.01593	0.00920	0.01016	0.01649	0.02330	0.03168	0.17708	0.48174	0.07957	0.03128	0.01366	0.00419	0.00604	0.02827	0.01058	0.00920
4	0.04730	0.02115	0.02691	0.02063	0.02913	0.01988	0.01704	0.15273	0.03556	0.45060	0.03936	0.03474	0.02516	0.01341	0.01095	0.00335	0.00987	0.01072	0.01293	0.01855
5	0.01896	0.01676	0.01726	0.01870	0.02113	0.08690	0.01472	0.02258	0.02491	0.03080	0.08485	0.25491	0.09276	0.02818	0.01373	0.00436	0.00962	0.21930	0.00959	0.00999
6	0.01655	0.01204	0.01614	0.01755	0.02020	0.01164	0.01479	0.02135	0.02649	0.03501	0.18237	0.11087	0.12409	0.02793	0.01429	0.00449	0.00836	0.31529	0.01053	0.01001
7	0.02466	0.25304	0.21066	0.14939	0.04722	0.03184	0.07855	0.03244	0.02272	0.02988	0.01817	0.02297	0.01432	0.00998	0.00950	0.00311	0.01438	0.00809	0.00477	0.01432
8	0.01910	0.01046	0.01606	0.07197	0.02031	0.01095	0.01156	0.01557	0.01497	0.01983	0.01898	0.03274	0.01850	0.03518	0.03944	0.61471	0.00998	0.00949	0.00475	0.00547
9	0.10259	0.02974	0.04399	0.03346	0.04186	0.10021	0.25610	0.11432	0.02946	0.04034	0.02511	0.08441	0.02159	0.01273	0.01156	0.00353	0.01518	0.01261	0.00704	0.01417
10	0.02649	0.08902	0.04525	0.21879	0.17434	0.02846	0.13748	0.08457	0.02669	0.03557	0.02055	0.02709	0.01603	0.01030	0.01091	0.00337	0.01445	0.01002	0.00578	0.01484
11	0.02746	0.02306	0.02969	0.06169	0.03132	0.02865	0.02106	0.17987	0.02823	0.03969	0.02165	0.02905	0.01848	0.03023	0.14285	0.00698	0.24940	0.01010	0.00696	0.01357
12	0.02304	0.02242	0.03741	0.18308	0.16862	0.02634	0.07948	0.02858	0.02106	0.02977	0.01965	0.02872	0.01680	0.02076	0.08201	0.00544	0.17812	0.01023	0.00514	0.01332
13	0.01399	0.01000	0.01340	0.01559	0.01663	0.00942	0.01099	0.01657	0.02236	0.02997	0.10822	0.50140	0.07413	0.03251	0.01394	0.00440	0.00663	0.08041	0.01030	0.00913
14	0.01437	0.01073	0.01336	0.01348	0.01584	0.00972	0.00981	0.01824	0.02721	0.03689	0.33550	0.21095	0.19137	0.02624	0.01311	0.00372	0.00550	0.02309	0.01115	0.00972
15	0.03163	0.01968	0.02132	0.01772	0.02347	0.02095	0.01419	0.20344	0.08791	0.10774	0.03402	0.03517	0.02510	0.01315	0.00952	0.00301	0.00836	0.01036	0.29846	0.01479
16	0.02187	0.05640	0.56031	0.03108	0.04719	0.02532	0.04029	0.03453	0.02302	0.03453	0.01957	0.02302	0.01381	0.01036	0.01036	0.00345	0.01611	0.00806	0.00460	0.01611
17	0.01833	0.01877	0.07626	0.01710	0.02209	0.01544	0.01483	0.02954	0.13723	0.04119	0.31885	0.06936	0.13773	0.02007	0.01221	0.00352	0.00716	0.01728	0.01074	0.01229
18	0.02489	0.15520	0.05304	0.03428	0.04250	0.02970	0.28243	0.03139	0.02285	0.03066	0.02068	0.02803	0.01720	0.02013	0.08998	0.00538	0.08196	0.01082	0.00529	0.01357
19	0.02217	0.01235	0.01644	0.01530	0.01868	0.01119	0.01149	0.02633	0.02852	0.15104	0.31763	0.19979	0.07897	0.02326	0.01271	0.00366	0.00633	0.02055	0.01187	0.01173
20	0.02583	0.10342	0.03976	0.28728	0.23830	0.02689	0.02899	0.03211	0.02353	0.06299	0.02068	0.02724	0.01623	0.01042	0.01034	0.00330	0.01325	0.00926	0.00556	0.01464

[dist]
# distance from previous block
# <min> <max>
0	14

[block]
# block no. 5 follows, 12 sequences, length 131
# corresponding to MSA columns:
# 221-351
name=unknown_F
#
# <colnr> <probs for GDERKNQSTAVLIFYWHMCP>
#	G	D	E	R	K	N	Q	S	T	A	V	L	I	F	Y	W	H	M	C	P
0	0.02195	0.05219	0.49913	0.02938	0.04476	0.02409	0.03717	0.03373	0.02297	0.03464	0.01955	0.02297	0.01408	0.01010	0.01010	0.00324	0.01520	0.00788	0.00482	0.09205
1	0.03024	0.02260	0.02477	0.02145	0.02785	0.02513	0.01690	0.10798	0.37056	0.10630	0.08723	0.04224	0.03712	0.01512	0.01122	0.00359	0.00879	0.01254	0.01143	0.01693
2	0.01748	0.01267	0.01600	0.01461	0.01767	0.01214	0.01111	0.05927	0.03247	0.04569	0.50238	0.07710	0.09625	0.02157	0.01271	0.00342	0.00568	0.01894	0.01192	0.01094
3	0.02406	0.02315	0.03794	0.24809	0.27478	0.02679	0.03041	0.03001	0.02212	0.03096	0.01887	0.02712	0.01570	0.01200	0.01579	0.00369	0.12943	0.00967	0.00507	0.01435
4	0.02815	0.55359	0.05179	0.01769	0.02625	0.03939	0.01740	0.03183	0.02224	0.02736	0.01748	0.02013	0.01558	0.00971	0.00707	0.00236	0.01091	0.00632	0.08121	0.01356
5	0.02072	0.01232	0.01627	0.01461	0.01811	0.01119	0.01119	0.02572	0.03092	0.12469	0.46406	0.07444	0.09089	0.02090	0.01256	0.00342	0.00580	0.01834	0.01224	0.01159
6	0.02607	0.02157	0.03056	0.03917	0.25413	0.02237	0.02232	0.09082	0.10128	0.04291	0.09909	0.03854	0.03323	0.01306	0.01063	0.00322	0.00989	0.01155	0.11423	0.01533
7	0.01577	0.01077	0.01285	0.01275	0.01328	0.01089	0.00784	0.01683	0.01783	0.02430	0.09418	0.06931	0.04574	0.48532	0.10939	0.01051	0.01205	0.01584	0.00716	0.00740
8	0.01328	0.00949	0.01265	0.01518	0.01581	0.00886	0.01012	0.01518	0.02088	0.02783	0.06010	0.60969	0.07212	0.03416	0.01392	0.00443	0.00633	0.03100	0.01012	0.00886
9	0.02385	0.02385	0.03340	0.02863	0.02863	0.03340	0.02385	0.02624	0.01670	0.02624	0.01431	0.02385	0.01431	0.01908	0.03578	0.00477	0.59685	0.00954	0.00477	0.01193
10	0.04082	0.04942	0.03112	0.02773	0.03372	0.50900	0.02103	0.09922	0.03332	0.03168	0.01796	0.02044	0.01458	0.01146	0.00996	0.00286	0.01875	0.00735	0.00625	0.01334
11	0.13587	0.04669	0.40750	0.02724	0.04064	0.02538	0.03286	0.03678	0.07985	0.03822	0.02165	0.02413	0.01569	0.01082	0.00983	0.00347	0.01397	0.00818	0.00570	0.01552
12	0.02735	0.02840	0.10398	0.03384	0.04333	0.02438	0.25761	0.04019	0.12842	0.09842	0.03181	0.07755	0.02526	0.01294	0.01208	0.00368	0.01410	0.01341	0.00786	0.01538
13	0.01583	0.01067	0.01240	0.01240	0.01258	0.01085	0.00724	0.01618	0.01601	0.02152	0.03389	0.06877	0.03852	0.56834	0.10243	0.01120	0.01226	0.01548	0.00654	0.00689
14	0.01623	0.01060	0.01309	0.01309	0.01340	0.01091	0.00810	0.01620	0.01590	0.02150	0.03146	0.06169	0.03489	0.45419	0.13561	0.10234	0.01337	0.01434	0.00623	0.00685
15	0.04892	0.01856	0.02530	0.01940	0.02783	0.01603	0.01603	0.05314	0.03121	0.55634	0.04302	0.03711	0.02699	0.01350	0.01096	0.00337	0.00928	0.01096	0.01350	0.01856
16	0.04287	0.01706	0.02290	0.01803	0.02534	0.01491	0.01472	0.04726	0.03052	0.45769	0.09933	0.04243	0.03570	0.01443	0.01092	0.00332	0.00848	0.01190	0.06522	0.01696
17	0.04892	0.01856	0.02530	0.01940	0.02783	0.01603	0.01603	0.05314	0.03121	0.55634	0.04302	0.03711	0.02699	0.01350	0.01096	0.00337	0.00928	0.01096	0.01350	0.01856
18	0.02574	0.02941	0.06434	0.04596	0.05699	0.02757	0.50919	0.03493	0.02574	0.03493	0.02206	0.02941	0.01654	0.00919	0.01287	0.00368	0.01838	0.01287	0.00551	0.01471
19	0.02550	0.11814	0.04074	0.20477	0.27109	0.02828	0.02836	0.03451	0.08092	0.03295	0.02206	0.02764	0.01779	0.01057	0.01026	0.00326	0.01271	0.00939	0.00577	0.01527
20	0.02595	0.02485	0.04239	0.15141	0.47237	0.02564	0.03295	0.03256	0.02434	0.03437	0.02033	0.02732	0.01683	0.00991	0.01081	0.00330	0.01321	0.00971	0.00531	0.01644
21	0.01558	0.01168	0.01752	0.01752	0.01947	0.01363	0.01363	0.01947	0.01752	0.02531	0.02921	0.04283	0.02726	0.08178	0.57360	0.01752	0.02921	0.01168	0.00584	0.00974
22	0.02519	0.01671	0.01993	0.01765	0.02248	0.01717	0.01371	0.03921	0.20606	0.13090	0.28336	0.05963	0.06561	0.01817	0.01192	0.00351	0.00707	0.01564	0.01194	0.01413
23	0.01558	0.01168	0.01752	0.01752	0.01947	0.01363	0.01363	0.01947	0.01752	0.02531	0.02921	0.04283	0.02726	0.08178	0.57360	0.01752	0.02921	0.01168	0.00584	0.00974
24	0.01341	0.01107	0.01177	0.01159	0.01505	0.00943	0.00869	0.01665	0.02608	0.03237	0.19874	0.10014	0.45426	0.02653	0.01288	0.00363	0.00545	0.02234	0.01051	0.00943
25	0.01558	0.01168	0.01752	0.01752	0.01947	0.01363	0.01363	0.01947	0.01752	0.02531	0.02921	0.04283	0.02726	0.08178	0.57360	0.01752	0.02921	0.01168	0.00584	0.00974
26	0.02915	0.62337	0.05714	0.01866	0.02799	0.04314	0.01866	0.03265	0.02215	0.02565	0.01516	0.01749	0.01399	0.00933	0.00700	0.00233	0.01166	0.00583	0.00466	0.01399
27	0.02806	0.02794	0.04321	0.06389	0.50852	0.06868	0.03249	0.03425	0.02530	0.03492	0.02022	0.02641	0.01702	0.00983	0.01072	0.00320	0.01348	0.00950	0.00541	0.01691
28	0.02059	0.01938	0.03270	0.59060	0.07510	0.02422	0.03028	0.02786	0.02180	0.02786	0.01938	0.02907	0.01453	0.01090	0.01090	0.00363	0.01453	0.00969	0.00484	0.01211
29	0.69383	0.02109	0.01603	0.01434	0.02109	0.02446	0.01181	0.03205	0.01856	0.04892	0.01518	0.01771	0.01181	0.01012	0.00675	0.00337	0.00843	0.00590	0.00675	0.01181
30	0.01334	0.01005	0.01236	0.01392	0.01555	0.00907	0.00962	0.01574	0.02277	0.02953	0.11209	0.42778	0.20585	0.03141	0.01355	0.00414	0.00601	0.02789	0.01027	0.00907
31	0.02187	0.05640	0.56031	0.03108	0.04719	0.02532	0.04029	0.03453	0.02302	0.03453	0.01957	0.02302	0.01381	0.01036	0.01036	0.00345	0.01611	0.00806	0.00460	0.01611
32	0.01471	0.01112	0.01358	0.01296	0.01585	0.00998	0.00972	0.01918	0.02916	0.03969	0.42060	0.08809	0.22784	0.02380	0.01287	0.00350	0.00525	0.02065	0.01147	0.00998
33	0.02385	0.02385	0.03340	0.02863	0.02863	0.03340	0.02385	0.02624	0.01670	0.02624	0.01431	0.02385	0.01431	0.01908	0.03578	0.00477	0.59685	0.00954	0.00477	0.01193
34	0.02036	0.01121	0.01273	0.07621	0.01980	0.01176	0.01020	0.02569	0.02274	0.03919	0.03373	0.03933	0.02642	0.01250	0.00800	0.00267	0.00616	0.01011	0.60081	0.01038
35	0.01328	0.00949	0.01265	0.01518	0.01581	0.00886	0.01012	0.01518	0.02088	0.02783	0.06010	0.60969	0.07212	0.03416	0.01392	0.00443	0.00633	0.03100	0.01012	0.00886
36	0.02675	0.14573	0.08455	0.15855	0.27101	0.07068	0.02952	0.03302	0.02401	0.03132	0.01888	0.02468	0.01555	0.01005	0.00997	0.00313	0.01379	0.00861	0.00509	0.01513
37	0.03068	0.43922	0.09124	0.02521	0.08873	0.03657	0.02172	0.03532	0.02360	0.09050	0.01942	0.02133	0.01590	0.00995	0.00816	0.00265	0.01187	0.00706	0.00579	0.01507
38	0.02412	0.02382	0.03270	0.02811	0.02860	0.03290	0.02333	0.02877	0.05756	0.02779	0.01671	0.02520	0.01583	0.01874	0.03381	0.00469	0.54994	0.00976	0.00528	0.01235
39	0.02272	0.01904	0.02259	0.08522	0.03068	0.02153	0.01760	0.04218	0.30663	0.03997	0.09005	0.10082	0.04516	0.01897	0.01208	0.00393	0.00903	0.08732	0.01022	0.01424
40	0.07875	0.14701	0.23257	0.02599	0.03545	0.09494	0.02720	0.03588	0.06829	0.03282	0.01953	0.02294	0.01556	0.01204	0.01349	0.00340	0.10620	0.00799	0.00552	0.01443
41	0.02009	0.01394	0.01746	0.01514	0.01962	0.01258	0.01165	0.02681	0.06245	0.08334	0.38154	0.06526	0.07755	0.01869	0.01178	0.00314	0.00620	0.01629	0.01112	0.12534
42	0.02968	0.03264	0.02536	0.06730	0.03019	0.28124	0.01793	0.03376	0.06458	0.02678	0.02417	0.06888	0.02297	0.08562	0.02116	0.08482	0.05493	0.01071	0.00624	0.01104
43	0.03317	0.02007	0.03151	0.27455	0.13063	0.02114	0.02496	0.03907	0.02612	0.24495	0.02921	0.03203	0.02005	0.01177	0.01091	0.00347	0.01214	0.01021	0.00847	0.01556
44	0.01377	0.00984	0.01321	0.01574	0.01659	0.00928	0.01097	0.01603	0.02136	0.02838	0.05983	0.55431	0.07105	0.03370	0.01405	0.00450	0.00675	0.08157	0.01011	0.00899
45	0.02618	0.29663	0.21696	0.02542	0.03660	0.03356	0.06409	0.03744	0.10281	0.03244	0.02176	0.02390	0.01718	0.01052	0.00920	0.00302	0.01317	0.00814	0.00573	0.01526
46	0.01586	0.01057	0.01189	0.01189	0.01189	0.01057	0.00661	0.01586	0.01586	0.02114	0.03436	0.07135	0.03964	0.61681	0.05550	0.01057	0.01057	0.01586	0.00661	0.00661
47	0.01328	0.00949	0.01265	0.01518	0.01581	0.00886	0.01012	0.01518	0.02088	0.02783	0.06010	0.60969	0.07212	0.03416	0.01392	0.00443	0.00633	0.03100	0.01012	0.00886
48	0.02403	0.02193	0.02326	0.01708	0.02645	0.05820	0.01356	0.02871	0.02326	0.03484	0.01918	0.02238	0.01599	0.00832	0.00821	0.00171	0.00898	0.00650	0.00639	0.63102
49	0.02512	0.02569	0.03657	0.03642	0.12951	0.06730	0.06429	0.02899	0.02003	0.02869	0.01746	0.02610	0.01605	0.02085	0.06942	0.00525	0.35427	0.00984	0.00509	0.01305
50	0.02385	0.02385	0.03340	0.02863	0.02863	0.03340	0.02385	0.02624	0.01670	0.02624	0.01431	0.02385	0.01431	0.01908	0.03578	0.00477	0.59685	0.00954	0.00477	0.01193
51	0.01586	0.01057	0.01189	0.01189	0.01189	0.01057	0.00661	0.01586	0.01586	0.02114	0.03436	0.07135	0.03964	0.61681	0.05550	0.01057	0.01057	0.01586	0.00661	0.00661
52	0.01328	0.00949	0.01265	0.01518	0.01581	0.00886	0.01012	0.01518	0.02088	0.02783	0.06010	0.60969	0.07212	0.03416	0.01392	0.00443	0.00633	0.03100	0.01012	0.00886
53	0.01328	0.00949	0.01265	0.01518	0.01581	0.00886	0.01012	0.01518	0.02088	0.02783	0.06010	0.60969	0.07212	0.03416	0.01392	0.00443	0.00633	0.03100	0.01012	0.00886
54	0.02721	0.01823	0.01947	0.01733	0.02240	0.01991	0.01353	0.08062	0.24682	0.08538	0.03925	0.03923	0.02945	0.01371	0.00966	0.00317	0.00751	0.01114	0.28137	0.01459
55	0.03870	0.02917	0.03117	0.02453	0.03277	0.03253	0.02006	0.42518	0.14300	0.06428	0.02967	0.02896	0.02137	0.01342	0.01094	0.00335	0.01135	0.01030	0.01094	0.01830
56	0.01463	0.01111	0.01347	0.01288	0.01580	0.00995	0.00966	0.01903	0.02897	0.03924	0.40704	0.08883	0.24167	0.02396	0.01287	0.00351	0.00526	0.02075	0.01141	0.00995
57	0.69383	0.02109	0.01603	0.01434	0.02109	0.02446	0.01181	0.03205	0.01856	0.04892	0.01518	0.01771	0.01181	0.01012	0.00675	0.00337	0.00843	0.00590	0.00675	0.01181
58	0.02951	0.13153	0.23159	0.08998	0.04142	0.06956	0.02797	0.07640	0.06786	0.09738	0.02398	0.02595	0.01747	0.01128	0.01003	0.00324	0.01376	0.00865	0.00681	0.01564
59	0.08096	0.02950	0.10069	0.03179	0.03995	0.02806	0.18185	0.09286	0.06663	0.08009	0.02357	0.02776	0.01780	0.01266	0.01626	0.00378	0.13315	0.01054	0.00707	0.01503
60	0.69383	0.02109	0.01603	0.01434	0.02109	0.02446	0.01181	0.03205	0.01856	0.04892	0.01518	0.01771	0.01181	0.01012	0.00675	0.00337	0.00843	0.00590	0.00675	0.01181
61	0.01454	0.01111	0.01334	0.01278	0.01574	0.00991	0.00959	0.01885	0.02876	0.03872	0.39144	0.08968	0.25760	0.02416	0.01287	0.00352	0.00528	0.02087	0.01134	0.00991
62	0.01353	0.00968	0.01287	0.01502	0.01587	0.00902	0.01014	0.01580	0.02201	0.02964	0.11505	0.54958	0.07562	0.03281	0.01380	0.00431	0.00619	0.02971	0.01034	0.00902
63	0.02137	0.01986	0.03175	0.52310	0.06955	0.02457	0.02873	0.03143	0.08205	0.02997	0.02235	0.03045	0.01676	0.01136	0.01092	0.00364	0.01383	0.01000	0.00559	0.01272
64	0.01689	0.01082	0.01623	0.01623	0.01741	0.01200	0.01200	0.01741	0.01623	0.02282	0.02520	0.03905	0.02401	0.06463	0.36623	0.27732	0.02150	0.01082	0.00541	0.00778
65	0.02574	0.02941	0.06434	0.04596	0.05699	0.02757	0.50919	0.03493	0.02574	0.03493	0.02206	0.02941	0.01654	0.00919	0.01287	0.00368	0.01838	0.01287	0.00551	0.01471
66	0.02915	0.62337	0.05714	0.01866	0.02799	0.04314	0.01866	0.03265	0.02215	0.02565	0.01516	0.01749	0.01399	0.00933	0.00700	0.00233	0.01166	0.00583	0.00466	0.01399
67	0.02606	0.02231	0.02374	0.02142	0.02726	0.02560	0.01663	0.05455	0.48396	0.04544	0.08955	0.04437	0.03959	0.01547	0.01125	0.00367	0.00831	0.01300	0.01118	0.01663
68	0.03514	0.02740	0.02917	0.02381	0.03141	0.03086	0.01920	0.31221	0.26177	0.05854	0.03420	0.03257	0.02504	0.01384	0.01099	0.00346	0.01051	0.01092	0.01099	0.01798
69	0.02412	0.02172	0.02669	0.02378	0.02705	0.02726	0.01907	0.04041	0.26318	0.03541	0.03112	0.03494	0.02548	0.02693	0.10888	0.00627	0.22436	0.01122	0.00798	0.01414
70	0.69383	0.02109	0.01603	0.01434	0.02109	0.02446	0.01181	0.03205	0.01856	0.04892	0.01518	0.01771	0.01181	0.01012	0.00675	0.00337	0.00843	0.00590	0.00675	0.01181
71	0.02872	0.02788	0.10059	0.08462	0.16274	0.02589	0.12277	0.03528	0.02398	0.12096	0.02316	0.02825	0.01756	0.01233	0.01629	0.00372	0.13305	0.01032	0.00653	0.01535
72	0.01292	0.01090	0.01119	0.01142	0.01483	0.00917	0.00845	0.01561	0.02449	0.02931	0.10589	0.15066	0.50159	0.02821	0.01298	0.00375	0.00560	0.02374	0.01012	0.00917
73	0.01503	0.01113	0.01402	0.01330	0.01605	0.01012	0.00997	0.01981	0.02992	0.04149	0.47539	0.08512	0.17192	0.02312	0.01286	0.00347	0.00520	0.02023	0.01171	0.01012
74	0.04892	0.01856	0.02530	0.01940	0.02783	0.01603	0.01603	0.05314	0.03121	0.55634	0.04302	0.03711	0.02699	0.01350	0.01096	0.00337	0.00928	0.01096	0.01350	0.01856
75	0.02727	0.03214	0.11386	0.03989	0.05084	0.02802	0.35859	0.09342	0.06860	0.03975	0.02404	0.02920	0.01781	0.01023	0.01221	0.00360	0.01659	0.01191	0.00650	0.01553
76	0.02552	0.02130	0.02993	0.02578	0.02709	0.02821	0.02131	0.02837	0.01855	0.08905	0.02007	0.02843	0.01786	0.02832	0.11780	0.00662	0.43739	0.01005	0.00598	0.01237
77	0.02316	0.02200	0.03734	0.38034	0.26529	0.02490	0.03156	0.03011	0.02302	0.03098	0.01983	0.02823	0.01563	0.01042	0.01086	0.00347	0.01390	0.00970	0.00507	0.01418
78	0.02712	0.02342	0.02465	0.02219	0.02835	0.02712	0.01726	0.05794	0.52909	0.04561	0.04438	0.04068	0.03328	0.01479	0.01109	0.00370	0.00863	0.01233	0.01109	0.01726
79	0.02578	0.02468	0.04209	0.16535	0.45976	0.02559	0.03286	0.03241	0.02426	0.03416	0.02030	0.02738	0.01676	0.00994	0.01081	0.00331	0.01325	0.00971	0.00529	0.01630
80	0.01919	0.01264	0.01906	0.01892	0.02161	0.01179	0.05181	0.02245	0.02317	0.09193	0.05466	0.41765	0.06083	0.02907	0.01367	0.00434	0.00823	0.09818	0.01014	0.01066
81	0.69383	0.02109	0.01603	0.01434	0.02109	0.02446	0.01181	0.03205	0.01856	0.04892	0.01518	0.01771	0.01181	0.01012	0.00675	0.00337	0.00843	0.00590	0.00675	0.01181
82	0.02793	0.02313	0.06678	0.02410	0.08752	0.01789	0.01822	0.03548	0.06398	0.12592	0.02555	0.02705	0.01931	0.00989	0.00929	0.00241	0.00949	0.00819	0.00777	0.39010
83	0.02205	0.01183	0.01200	0.01138	0.01443	0.01209	0.00869	0.06514	0.02518	0.04294	0.03480	0.03947	0.02718	0.01273	0.00789	0.00260	0.00565	0.01013	0.62297	0.01085
84	0.07789	0.17372	0.08420	0.09078	0.03723	0.11813	0.02231	0.15546	0.07046	0.04078	0.02137	0.02371	0.01655	0.01133	0.00949	0.00308	0.01329	0.00819	0.00704	0.01499
85	0.02581	0.01336	0.01781	0.01561	0.01989	0.01199	0.01208	0.03044	0.03028	0.20377	0.35243	0.10407	0.07689	0.02035	0.01234	0.00348	0.00653	0.01775	0.01234	0.01279
86	0.01657	0.01184	0.01643	0.01894	0.02101	0.01169	0.01584	0.02087	0.02412	0.03152	0.05828	0.23617	0.06493	0.03106	0.01479	0.00488	0.00918	0.37206	0.01006	0.00976
87	0.02290	0.02101	0.03139	0.39210	0.09943	0.02516	0.02693	0.03662	0.16243	0.03338	0.02639	0.03212	0.01994	0.01188	0.01095	0.00362	0.01278	0.01042	0.00662	0.01394
88	0.02420	0.02548	0.04518	0.09922	0.04479	0.03012	0.21073	0.02976	0.02075	0.02976	0.01786	0.02658	0.01519	0.01436	0.02416	0.00422	0.30873	0.01083	0.00506	0.01301
89	0.03949	0.11575	0.03436	0.02640	0.03305	0.40755	0.02072	0.13143	0.03373	0.03456	0.01843	0.02064	0.01489	0.01136	0.00970	0.00284	0.01725	0.00741	0.00651	0.01392
90	0.02539	0.02874	0.08511	0.01973	0.02951	0.10400	0.01732	0.03080	0.02397	0.03402	0.01900	0.02219	0.01555	0.00883	0.00861	0.00201	0.01082	0.00673	0.00612	0.50154
91	0.02334	0.01954	0.02809	0.02398	0.02702	0.02328	0.06188	0.08350	0.06151	0.03218	0.02355	0.03258	0.02075	0.03715	0.17607	0.11496	0.18196	0.01066	0.00635	0.01165
92	0.03911	0.04858	0.03016	0.02739	0.03307	0.50820	0.02062	0.04525	0.09006	0.02893	0.02012	0.02216	0.01633	0.01166	0.00998	0.00291	0.01835	0.00765	0.00627	0.01319
93	0.27318	0.01944	0.02208	0.01764	0.02549	0.01896	0.01456	0.04581	0.02681	0.37989	0.03334	0.03037	0.02171	0.01232	0.00950	0.00337	0.00898	0.00921	0.01115	0.01621
94	0.01483	0.01112	0.01373	0.01308	0.01592	0.01003	0.00981	0.01940	0.02943	0.04033	0.44010	0.08704	0.20794	0.02356	0.01287	0.00349	0.00523	0.02050	0.01156	0.01003
95	0.02020	0.01787	0.05405	0.01858	0.02295	0.01617	0.01570	0.08336	0.08616	0.04027	0.17507	0.16088	0.10002	0.02354	0.01291	0.00396	0.00836	0.11746	0.01041	0.01208
96	0.02243	0.01939	0.02704	0.02355	0.02593	0.02385	0.05600	0.02948	0.08051	0.03301	0.02942	0.07741	0.02713	0.01817	0.02180	0.00405	0.26767	0.04378	0.15735	0.01204
97	0.01503	0.00966	0.01203	0.01393	0.01504	0.00918	0.00950	0.01772	0.02137	0.03102	0.05400	0.46825	0.06114	0.02883	0.01235	0.00396	0.00602	0.02582	0.17597	0.00918
98	0.69383	0.02109	0.01603	0.01434	0.02109	0.02446	0.01181	0.03205	0.01856	0.04892	0.01518	0.01771	0.01181	0.01012	0.00675	0.00337	0.00843	0.00590	0.00675	0.01181
99	0.02385	0.02385	0.03340	0.02863	0.02863	0.03340	0.02385	0.02624	0.01670	0.02624	0.01431	0.02385	0.01431	0.01908	0.03578	0.00477	0.59685	0.00954	0.00477	0.01193
100	0.22734	0.02475	0.02660	0.02693	0.10896	0.06676	0.01845	0.12872	0.02965	0.15554	0.02731	0.06606	0.02155	0.01310	0.00982	0.00336	0.01075	0.01016	0.00892	0.01526
101	0.03423	0.04145	0.03148	0.20969	0.04707	0.39585	0.02404	0.03848	0.02796	0.02706	0.01767	0.02270	0.01420	0.01113	0.01018	0.00308	0.01801	0.00788	0.00537	0.01247
102	0.69383	0.02109	0.01603	0.01434	0.02109	0.02446	0.01181	0.03205	0.01856	0.04892	0.01518	0.01771	0.01181	0.01012	0.00675	0.00337	0.00843	0.00590	0.00675	0.01181
103	0.02396	0.01878	0.02006	0.01836	0.02322	0.02102	0.01416	0.04550	0.34752	0.04426	0.11445	0.04656	0.04217	0.01542	0.01060	0.00341	0.00736	0.01293	0.15554	0.01472
104	0.01543	0.01115	0.01457	0.01372	0.01629	0.01029	0.01029	0.02058	0.03086	0.04372	0.54304	0.08145	0.10288	0.02229	0.01286	0.00343	0.00514	0.01972	0.01200	0.01029
105	0.02994	0.02482	0.02624	0.02276	0.02943	0.02844	0.01794	0.14745	0.43498	0.05016	0.04079	0.03782	0.03038	0.01446	0.01106	0.00361	0.00929	0.01183	0.01106	0.01751
106	0.01517	0.01084	0.01482	0.01734	0.01880	0.01048	0.01340	0.01845	0.02274	0.02995	0.05905	0.39520	0.06799	0.03238	0.01442	0.00469	0.00796	0.22685	0.01009	0.00938
107	0.01894	0.00947	0.01420	0.01420	0.01420	0.00947	0.00947	0.01420	0.01420	0.01894	0.01894	0.03314	0.01894	0.03788	0.04261	0.68277	0.00947	0.00947	0.00473	0.00473
108	0.03343	0.02656	0.02821	0.02347	0.03076	0.03007	0.01879	0.25816	0.31859	0.05579	0.03636	0.03429	0.02679	0.01404	0.01101	0.00351	0.01011	0.01122	0.01101	0.01782
109	0.02261	0.01938	0.02261	0.01615	0.02584	0.01453	0.01292	0.02745	0.02261	0.03553	0.01938	0.02261	0.01615	0.00807	0.00807	0.00161	0.00807	0.00646	0.00646	0.68346
110	0.03911	0.04858	0.03016	0.02739	0.03307	0.50820	0.02062	0.04525	0.09006	0.02893	0.02012	0.02216	0.01633	0.01166	0.00998	0.00291	0.01835	0.00765	0.00627	0.01319
111	0.02365	0.01894	0.03040	0.02444	0.03055	0.01804	0.14773	0.08414	0.02875	0.08447	0.09307	0.13811	0.15429	0.02029	0.01278	0.00379	0.01056	0.05381	0.00941	0.01276
112	0.32029	0.02191	0.02061	0.01801	0.02485	0.02445	0.01434	0.04291	0.24403	0.04587	0.02855	0.02842	0.02179	0.01194	0.00882	0.00331	0.00848	0.00880	0.00863	0.09397
113	0.02422	0.02187	0.02876	0.02439	0.02940	0.02508	0.07304	0.04297	0.29193	0.04077	0.13026	0.04420	0.04123	0.01629	0.01579	0.00383	0.10835	0.01330	0.00956	0.01476
114	0.03478	0.02082	0.02512	0.01867	0.02777	0.01804	0.01522	0.11146	0.03006	0.22387	0.02875	0.02826	0.02033	0.01076	0.00953	0.00249	0.00910	0.00856	0.00962	0.34678
