[name]
unknown

[dist]
# distance from previous block
# <min> <max>
45	2504

[block]
# block no. 0 follows, 12 sequences, length 9
# corresponding to MSA columns:
# 2826-2834
name=unknown_A
#
# <colnr> <probs for GDERKNQSTAVLIFYWHMCP>
#	G	D	E	R	K	N	Q	S	T	A	V	L	I	F	Y	W	H	M	C	P
0	0.01758	0.01093	0.01432	0.01533	0.01738	0.01014	0.01086	0.02003	0.02232	0.08948	0.06208	0.43011	0.12449	0.03486	0.06004	0.00530	0.00847	0.02601	0.01016	0.01011
1	0.01325	0.00964	0.01250	0.01478	0.01571	0.00889	0.00994	0.01523	0.02126	0.02799	0.06497	0.56087	0.11779	0.03353	0.01382	0.00436	0.00625	0.03022	0.01012	0.00889
2	0.01617	0.01083	0.01323	0.01314	0.01405	0.01117	0.00859	0.01799	0.01835	0.02608	0.08352	0.06330	0.04210	0.38581	0.15984	0.01064	0.01359	0.01480	0.06882	0.00798
3	0.02726	0.03829	0.22741	0.03257	0.08900	0.07183	0.06243	0.04013	0.12507	0.06934	0.02549	0.02813	0.01918	0.01240	0.01368	0.00359	0.08205	0.00969	0.00673	0.01574
4	0.01803	0.01190	0.01477	0.01454	0.01784	0.01071	0.01131	0.02199	0.02711	0.08644	0.23383	0.14303	0.22729	0.02549	0.01312	0.00385	0.00654	0.09057	0.01106	0.01058
5	0.08987	0.01903	0.02206	0.07086	0.02846	0.02009	0.01586	0.10891	0.10978	0.04544	0.18712	0.05076	0.04832	0.01621	0.01107	0.00335	0.00866	0.04287	0.00973	0.09156
6	0.02284	0.01558	0.02501	0.31641	0.04746	0.01786	0.02103	0.02530	0.01990	0.07809	0.02161	0.03141	0.01745	0.02129	0.02281	0.25844	0.01210	0.00974	0.00568	0.01000
7	0.12735	0.03583	0.20729	0.03530	0.10161	0.02650	0.15178	0.06383	0.07476	0.04000	0.02247	0.02623	0.01680	0.01054	0.01061	0.00349	0.01418	0.00968	0.00626	0.01549
8	0.14190	0.05501	0.02637	0.19939	0.04023	0.02234	0.02009	0.07741	0.02647	0.08651	0.08037	0.04694	0.03211	0.01530	0.01080	0.00365	0.01091	0.08321	0.00810	0.01289

[dist]
# distance from previous block
# <min> <max>
0	99

[block]
# block no. 1 follows, 12 sequences, length 6
# corresponding to MSA columns:
# 2937-2942
name=unknown_B
#
# <colnr> <probs for GDERKNQSTAVLIFYWHMCP>
#	G	D	E	R	K	N	Q	S	T	A	V	L	I	F	Y	W	H	M	C	P
0	0.02113	0.01407	0.01683	0.01642	0.01995	0.01389	0.01215	0.02994	0.13147	0.10407	0.11402	0.27685	0.13566	0.02500	0.01265	0.00391	0.00695	0.02191	0.01098	0.01214
1	0.03024	0.02195	0.03328	0.06428	0.03553	0.02342	0.11483	0.09119	0.09124	0.14702	0.03049	0.03599	0.02357	0.06396	0.07809	0.00568	0.07444	0.01158	0.00852	0.01470
2	0.01577	0.01069	0.01246	0.01228	0.01282	0.01051	0.00739	0.01685	0.01903	0.02592	0.14198	0.07349	0.05302	0.49102	0.04648	0.00906	0.00942	0.01667	0.00775	0.00739
3	0.01484	0.01047	0.01332	0.01376	0.01510	0.00989	0.00936	0.01771	0.02407	0.03323	0.26608	0.25044	0.07795	0.16672	0.02328	0.00544	0.00681	0.02246	0.01012	0.00895
4	0.02022	0.01811	0.02822	0.40111	0.05740	0.02194	0.02488	0.02952	0.07933	0.03097	0.07082	0.03687	0.02627	0.02142	0.08294	0.00540	0.01489	0.01115	0.00632	0.01222
5	0.02633	0.01588	0.02072	0.01836	0.02197	0.01694	0.01417	0.12647	0.02540	0.10036	0.02721	0.03564	0.02285	0.04519	0.22143	0.21477	0.01703	0.01052	0.00755	0.01121

[dist]
# distance from previous block
# <min> <max>
0	24

[block]
# block no. 2 follows, 12 sequences, length 46
# corresponding to MSA columns:
# 2967-3012
name=unknown_C
#
# <colnr> <probs for GDERKNQSTAVLIFYWHMCP>
#	G	D	E	R	K	N	Q	S	T	A	V	L	I	F	Y	W	H	M	C	P
0	0.02288	0.02097	0.03379	0.28681	0.22259	0.02343	0.02846	0.03162	0.06729	0.03266	0.02723	0.04237	0.02375	0.01350	0.01146	0.00370	0.01287	0.07433	0.00629	0.01400
1	0.12103	0.02499	0.03646	0.02829	0.03589	0.05602	0.18336	0.09141	0.07166	0.08682	0.07944	0.07655	0.03098	0.01389	0.01137	0.00354	0.01251	0.01301	0.00847	0.01431
2	0.10767	0.01131	0.01293	0.01443	0.01602	0.01124	0.00983	0.01762	0.02020	0.03006	0.05384	0.43439	0.08798	0.09915	0.01777	0.00496	0.00707	0.02527	0.00924	0.00902
3	0.02295	0.02232	0.07706	0.02128	0.02753	0.01954	0.06040	0.13242	0.07488	0.04295	0.14542	0.13256	0.13524	0.01985	0.01218	0.00363	0.00945	0.01728	0.00978	0.01328
4	0.02099	0.10289	0.04054	0.02832	0.03448	0.02167	0.22158	0.02600	0.02261	0.02986	0.03528	0.22956	0.03741	0.07792	0.01664	0.00443	0.01257	0.01837	0.00707	0.01181
5	0.01622	0.09491	0.01965	0.01651	0.01867	0.01424	0.01259	0.01888	0.02178	0.02836	0.05347	0.44358	0.06246	0.03003	0.01316	0.00424	0.00771	0.10442	0.00935	0.00977
6	0.09423	0.02544	0.02731	0.02147	0.02929	0.02724	0.01762	0.34153	0.04215	0.12653	0.03914	0.03780	0.09181	0.01490	0.01083	0.00335	0.01044	0.01146	0.01079	0.01668
7	0.02643	0.02498	0.04051	0.10759	0.43445	0.02592	0.03094	0.03635	0.09429	0.03631	0.02371	0.02907	0.01924	0.01052	0.01085	0.00334	0.01250	0.01007	0.00614	0.01681
8	0.02915	0.62337	0.05714	0.01866	0.02799	0.04314	0.01866	0.03265	0.02215	0.02565	0.01516	0.01749	0.01399	0.00933	0.00700	0.00233	0.01166	0.00583	0.00466	0.01399
9	0.01971	0.01170	0.01444	0.01375	0.01508	0.01174	0.00893	0.02087	0.01795	0.08497	0.03449	0.06240	0.03602	0.45353	0.13947	0.01092	0.01363	0.01456	0.00729	0.00855
10	0.09148	0.21604	0.18276	0.02386	0.03391	0.14993	0.02423	0.03793	0.02506	0.09299	0.02003	0.02183	0.01529	0.01059	0.00899	0.00296	0.01408	0.00732	0.00609	0.01462
11	0.13293	0.07309	0.03071	0.23064	0.04368	0.02746	0.02245	0.05663	0.02261	0.03450	0.06227	0.02928	0.02178	0.01368	0.01596	0.00371	0.15056	0.00957	0.00609	0.01241
12	0.02198	0.01624	0.02232	0.15428	0.03482	0.01757	0.01856	0.06259	0.07246	0.06972	0.14382	0.11420	0.05232	0.02069	0.01262	0.00397	0.00975	0.13023	0.00959	0.01226
13	0.02823	0.51313	0.09366	0.02276	0.03277	0.04004	0.07803	0.03305	0.02264	0.02738	0.01628	0.01929	0.01428	0.00939	0.00793	0.00257	0.01277	0.00682	0.00476	0.01423
14	0.02005	0.01345	0.01622	0.01435	0.01867	0.01218	0.01103	0.02633	0.05942	0.08640	0.29946	0.06792	0.13908	0.01931	0.01157	0.00319	0.00613	0.01657	0.06800	0.09067
15	0.02349	0.01639	0.06370	0.01689	0.02158	0.01248	0.01411	0.02781	0.02654	0.16533	0.17972	0.23718	0.10392	0.02332	0.01251	0.00376	0.00755	0.02042	0.01097	0.01232
16	0.04368	0.07525	0.02939	0.02061	0.02895	0.02268	0.01721	0.13255	0.08326	0.37251	0.03770	0.03379	0.02497	0.01318	0.01061	0.00329	0.00991	0.01044	0.01201	0.01802
17	0.03920	0.02293	0.02665	0.02165	0.02930	0.02396	0.01749	0.15305	0.22108	0.26178	0.03993	0.03611	0.02753	0.01389	0.01100	0.00347	0.00962	0.01123	0.01205	0.01807
18	0.18542	0.03755	0.25759	0.02904	0.04089	0.02452	0.13508	0.03622	0.02353	0.09957	0.02185	0.02485	0.01550	0.01041	0.01013	0.00347	0.01399	0.00896	0.00636	0.01507
19	0.01522	0.01048	0.01269	0.01301	0.01375	0.01015	0.00821	0.01684	0.02046	0.02789	0.16044	0.18539	0.06139	0.35486	0.03675	0.00760	0.00840	0.01991	0.00862	0.00795
20	0.01416	0.01014	0.01353	0.01525	0.01651	0.00951	0.01080	0.01710	0.02361	0.03202	0.17453	0.44272	0.07862	0.03100	0.01376	0.00424	0.00636	0.06629	0.01056	0.00930
21	0.01413	0.01095	0.01287	0.01269	0.01557	0.00969	0.00940	0.01795	0.02736	0.03610	0.31192	0.13891	0.29192	0.02567	0.01297	0.00363	0.00541	0.02216	0.01102	0.00969
22	0.03880	0.23340	0.03864	0.02259	0.03046	0.20494	0.01907	0.09737	0.03044	0.15192	0.02334	0.02368	0.01751	0.01133	0.00927	0.00283	0.01371	0.00785	0.00772	0.01514
23	0.53433	0.02947	0.14522	0.01831	0.02728	0.02466	0.01857	0.03264	0.01962	0.04550	0.01622	0.01897	0.01228	0.01018	0.00760	0.00339	0.01026	0.00642	0.00624	0.01283
24	0.08938	0.02502	0.03035	0.03011	0.13558	0.02538	0.02024	0.20492	0.06245	0.08000	0.02451	0.02625	0.01849	0.01108	0.00987	0.00291	0.01060	0.00888	0.00853	0.17546
25	0.02950	0.02534	0.03375	0.10436	0.20377	0.02788	0.02482	0.14767	0.19942	0.04543	0.02964	0.03164	0.02260	0.01231	0.01093	0.00345	0.01148	0.01061	0.00847	0.01694
26	0.01328	0.00949	0.01265	0.01518	0.01581	0.00886	0.01012	0.01518	0.02088	0.02783	0.06010	0.60969	0.07212	0.03416	0.01392	0.00443	0.00633	0.03100	0.01012	0.00886
27	0.03379	0.02394	0.02978	0.02425	0.02876	0.02828	0.01983	0.19341	0.03095	0.13998	0.02544	0.03125	0.02032	0.06789	0.02447	0.00451	0.23912	0.01045	0.00863	0.01493
28	0.01421	0.00997	0.01284	0.01476	0.01538	0.00954	0.00984	0.01589	0.02000	0.02660	0.05381	0.44591	0.06371	0.17216	0.02387	0.00593	0.00761	0.06027	0.00928	0.00841
29	0.01888	0.01132	0.01524	0.01625	0.01841	0.01049	0.01196	0.02190	0.02401	0.10078	0.11444	0.40382	0.06844	0.02945	0.01356	0.00425	0.00709	0.08845	0.01078	0.01048
30	0.11735	0.02091	0.02475	0.02024	0.02767	0.02099	0.01675	0.13957	0.06986	0.29979	0.03823	0.04305	0.02821	0.01508	0.01095	0.00357	0.00977	0.06501	0.01160	0.01667
31	0.08789	0.01924	0.02321	0.01853	0.02584	0.01865	0.01511	0.10145	0.06823	0.34881	0.03807	0.03525	0.02554	0.01319	0.01017	0.00326	0.00886	0.01045	0.11151	0.01673
32	0.10753	0.55235	0.05229	0.01815	0.02717	0.04094	0.01785	0.03258	0.02173	0.02840	0.01516	0.01752	0.01373	0.00942	0.00697	0.00245	0.01128	0.00584	0.00491	0.01373
33	0.09215	0.01696	0.02103	0.01880	0.02436	0.01653	0.01519	0.06717	0.05768	0.25070	0.04559	0.15939	0.04082	0.02032	0.01193	0.00390	0.00892	0.10284	0.01129	0.01442
34	0.14682	0.09489	0.02887	0.02011	0.02801	0.07106	0.01673	0.10046	0.06725	0.27247	0.03117	0.02918	0.02140	0.01232	0.00973	0.00321	0.01058	0.00918	0.01022	0.01633
35	0.63585	0.02181	0.02022	0.01708	0.02420	0.02473	0.05497	0.03230	0.01918	0.04771	0.01578	0.01873	0.01222	0.01004	0.00728	0.00340	0.00930	0.00651	0.00664	0.01206
36	0.03619	0.03928	0.02902	0.02566	0.03190	0.31253	0.01972	0.11328	0.20340	0.03894	0.02752	0.02772	0.02122	0.01270	0.01041	0.00318	0.01484	0.00922	0.00821	0.01503
37	0.02518	0.01274	0.01667	0.01602	0.01969	0.01131	0.01185	0.02797	0.02489	0.20525	0.06133	0.34792	0.12229	0.02633	0.01278	0.00397	0.00720	0.02318	0.01125	0.01216
38	0.02561	0.02096	0.03397	0.28336	0.05228	0.02388	0.09095	0.07317	0.02478	0.08407	0.02396	0.03315	0.01900	0.06083	0.04991	0.00501	0.06465	0.01083	0.00652	0.01312
39	0.01484	0.01110	0.01398	0.01540	0.01726	0.01059	0.01119	0.01935	0.05247	0.03193	0.13548	0.37599	0.13620	0.02998	0.01360	0.00421	0.00662	0.07963	0.01044	0.00973
40	0.01798	0.01255	0.01493	0.01516	0.01653	0.01272	0.01040	0.06582	0.02190	0.02912	0.04324	0.20922	0.04890	0.32954	0.03504	0.00754	0.00957	0.08261	0.00839	0.00883
41	0.18959	0.03262	0.15566	0.02494	0.03511	0.02647	0.06433	0.17847	0.03178	0.12424	0.02414	0.02531	0.01690	0.01147	0.00998	0.00339	0.01229	0.00891	0.00835	0.01606
42	0.01564	0.01142	0.01619	0.01619	0.01767	0.01290	0.01196	0.01861	0.01713	0.02432	0.03043	0.04960	0.03020	0.20877	0.45062	0.01587	0.02478	0.01267	0.00602	0.00899
43	0.02912	0.29109	0.03613	0.01742	0.02441	0.02666	0.01549	0.03261	0.02413	0.15219	0.03952	0.07873	0.09585	0.02178	0.06538	0.00442	0.01161	0.01179	0.00802	0.01363
44	0.24018	0.01993	0.02048	0.01556	0.02430	0.01775	0.01256	0.02894	0.02130	0.03987	0.01802	0.02102	0.01474	0.00874	0.00764	0.00219	0.00819	0.00628	0.00655	0.46575
45	0.09322	0.02460	0.03250	0.03654	0.20336	0.02551	0.02274	0.15197	0.09134	0.16423	0.02930	0.02991	0.02119	0.01199	0.01054	0.00334	0.01099	0.01000	0.00931	0.01738

[dist]
# distance from previous block
# <min> <max>
0	3

[block]
# block no. 3 follows, 12 sequences, length 13
# corresponding to MSA columns:
# 3016-3028
name=unknown_D
#
# <colnr> <probs for GDERKNQSTAVLIFYWHMCP>
#	G	D	E	R	K	N	Q	S	T	A	V	L	I	F	Y	W	H	M	C	P
0	0.02987	0.02797	0.03484	0.02836	0.03362	0.08459	0.09425	0.15910	0.08495	0.04098	0.02624	0.07919	0.02298	0.01610	0.01851	0.00387	0.18030	0.01209	0.00775	0.01446
1	0.02704	0.01969	0.02804	0.02138	0.02942	0.01699	0.08843	0.06357	0.02642	0.12565	0.03539	0.10829	0.05897	0.01416	0.01056	0.00284	0.00972	0.01268	0.00854	0.29222
2	0.02991	0.08994	0.36181	0.02734	0.04040	0.06951	0.03177	0.03922	0.02540	0.14795	0.02417	0.02543	0.01674	0.01104	0.01020	0.00330	0.01457	0.00845	0.00665	0.01621
3	0.03388	0.02525	0.02711	0.02187	0.02836	0.02790	0.01722	0.33889	0.11611	0.05518	0.03066	0.03790	0.02522	0.14071	0.02034	0.00488	0.01119	0.01147	0.01003	0.01583
4	0.01894	0.00947	0.01420	0.01420	0.01420	0.00947	0.00947	0.01420	0.01420	0.01894	0.01894	0.03314	0.01894	0.03788	0.04261	0.68277	0.00947	0.00947	0.00473	0.00473
5	0.03142	0.02489	0.04330	0.05373	0.36446	0.02407	0.10178	0.03783	0.02631	0.14537	0.02549	0.02949	0.01921	0.01043	0.01114	0.00333	0.01300	0.01046	0.00712	0.01715
6	0.69383	0.02109	0.01603	0.01434	0.02109	0.02446	0.01181	0.03205	0.01856	0.04892	0.01518	0.01771	0.01181	0.01012	0.00675	0.00337	0.00843	0.00590	0.00675	0.01181
7	0.02623	0.08208	0.06065	0.04668	0.12882	0.02872	0.39326	0.03450	0.02528	0.03420	0.02121	0.02798	0.01643	0.00928	0.01203	0.00349	0.01696	0.01176	0.00542	0.01503
8	0.02381	0.02266	0.03851	0.32732	0.31325	0.02507	0.03188	0.03068	0.02332	0.03176	0.01995	0.02802	0.01591	0.01030	0.01085	0.00343	0.01374	0.00970	0.00512	0.01471
9	0.01328	0.00949	0.01265	0.01518	0.01581	0.00886	0.01012	0.01518	0.02088	0.02783	0.06010	0.60969	0.07212	0.03416	0.01392	0.00443	0.00633	0.03100	0.01012	0.00886
10	0.02044	0.01306	0.01654	0.01638	0.01910	0.01262	0.01192	0.07455	0.02736	0.08938	0.15694	0.37582	0.06819	0.02724	0.01306	0.00398	0.00700	0.02426	0.01095	0.01120
11	0.02631	0.01993	0.02436	0.01914	0.02620	0.01901	0.01541	0.03407	0.08891	0.10356	0.06112	0.03110	0.02549	0.01235	0.01351	0.00273	0.10021	0.00920	0.00809	0.35931
12	0.01948	0.01554	0.02473	0.15024	0.14564	0.01641	0.02024	0.02251	0.02104	0.02825	0.03403	0.18659	0.03587	0.02414	0.01857	0.14264	0.01059	0.06596	0.00685	0.01068

[dist]
# distance from previous block
# <min> <max>
0	159

# created by:
# /st0/software/busco_prod/Augustus/scripts/msa2prfl.pl ./align_prep/235.fa
