[name]
unknown

[dist]
# distance from previous block
# <min> <max>
0	223

[block]
# block no. 0 follows, 14 sequences, length 32
# corresponding to MSA columns:
# 316-347
name=unknown_A
#
# <colnr> <probs for GDERKNQSTAVLIFYWHMCP>
#	G	D	E	R	K	N	Q	S	T	A	V	L	I	F	Y	W	H	M	C	P
0	0.01547	0.01180	0.01785	0.01880	0.02103	0.01143	0.05132	0.01929	0.02207	0.02905	0.05281	0.31751	0.05947	0.02846	0.01359	0.00441	0.00861	0.27855	0.00917	0.00932
1	0.01745	0.01129	0.01375	0.01266	0.01611	0.00997	0.00966	0.02139	0.02708	0.10115	0.34130	0.07950	0.25653	0.02177	0.01190	0.00331	0.00543	0.01867	0.01084	0.01025
2	0.01250	0.00893	0.01191	0.01429	0.01488	0.00834	0.00953	0.01429	0.01965	0.02620	0.05656	0.63265	0.06787	0.03215	0.01310	0.00417	0.00595	0.02917	0.00953	0.00834
3	0.01488	0.01001	0.01149	0.01140	0.01169	0.00992	0.00663	0.01545	0.01661	0.02244	0.09665	0.06829	0.04443	0.56537	0.04743	0.00914	0.00934	0.01536	0.00683	0.00663
4	0.02540	0.02438	0.04165	0.06299	0.57533	0.02438	0.03149	0.03149	0.02337	0.03353	0.01930	0.02540	0.01626	0.00914	0.01016	0.00305	0.01219	0.00914	0.00508	0.01626
5	0.01654	0.01181	0.01654	0.01890	0.02126	0.01181	0.01654	0.02126	0.02362	0.03071	0.05433	0.11576	0.05906	0.02835	0.01417	0.00472	0.00945	0.50626	0.00945	0.00945
6	0.01250	0.00893	0.01191	0.01429	0.01488	0.00834	0.00953	0.01429	0.01965	0.02620	0.05656	0.63265	0.06787	0.03215	0.01310	0.00417	0.00595	0.02917	0.00953	0.00834
7	0.03857	0.04176	0.02969	0.02544	0.03176	0.39727	0.01971	0.21838	0.03588	0.03915	0.01898	0.02068	0.01472	0.01119	0.00961	0.00280	0.01595	0.00754	0.00705	0.01387
8	0.02209	0.02020	0.03299	0.50154	0.06477	0.02411	0.06526	0.08831	0.02411	0.03131	0.01919	0.02706	0.01427	0.01039	0.01040	0.00338	0.01366	0.00936	0.00529	0.01231
9	0.56180	0.02706	0.13904	0.01691	0.02518	0.02320	0.01693	0.03067	0.01838	0.04310	0.01518	0.01775	0.01152	0.00957	0.00709	0.00319	0.00951	0.00600	0.00591	0.01199
10	0.01520	0.01159	0.01419	0.01440	0.01671	0.01141	0.01044	0.02227	0.10186	0.03492	0.26988	0.27829	0.11063	0.02444	0.01223	0.00363	0.00576	0.02170	0.01039	0.01006
11	0.01492	0.00995	0.01119	0.01119	0.01119	0.00995	0.00622	0.01492	0.01492	0.01990	0.03233	0.06716	0.03731	0.63935	0.05223	0.00995	0.00995	0.01492	0.00622	0.00622
12	0.03599	0.07743	0.02934	0.02127	0.02885	0.02746	0.01757	0.26912	0.17379	0.16334	0.03149	0.02962	0.02234	0.01251	0.01001	0.00313	0.00991	0.00976	0.01032	0.01677
13	0.02276	0.05003	0.53807	0.02831	0.04286	0.02308	0.03596	0.03400	0.02233	0.07955	0.02030	0.02280	0.01406	0.01000	0.00980	0.00324	0.01462	0.00782	0.00505	0.01536
14	0.01217	0.01022	0.01058	0.01086	0.01398	0.00862	0.00800	0.01468	0.02294	0.02754	0.09829	0.16263	0.51096	0.02673	0.01224	0.00355	0.00529	0.02256	0.00953	0.00862
15	0.03467	0.04280	0.02962	0.02655	0.03062	0.46731	0.02043	0.03722	0.02600	0.02502	0.01531	0.01942	0.01328	0.01228	0.01489	0.00307	0.15750	0.00716	0.00510	0.01174
16	0.71184	0.01985	0.01508	0.01350	0.01985	0.02302	0.01111	0.03017	0.01746	0.04604	0.01429	0.01667	0.01111	0.00953	0.00635	0.00318	0.00794	0.00556	0.00635	0.01111
17	0.01878	0.00964	0.00988	0.00982	0.01221	0.00957	0.00737	0.02356	0.02210	0.03848	0.07454	0.04120	0.03170	0.01265	0.00755	0.00246	0.00479	0.01025	0.64388	0.00957
18	0.01402	0.01047	0.01302	0.01238	0.01502	0.00947	0.00929	0.01839	0.02786	0.03834	0.47217	0.08129	0.19633	0.02203	0.01211	0.00328	0.00492	0.01921	0.01093	0.00947
19	0.03901	0.02874	0.03080	0.02361	0.03182	0.03182	0.01951	0.54111	0.04825	0.06468	0.02464	0.02464	0.01745	0.01232	0.01027	0.00308	0.01129	0.00924	0.01027	0.01745
20	0.02553	0.02204	0.02320	0.02088	0.02669	0.02553	0.01624	0.05453	0.55679	0.04293	0.04177	0.03829	0.03133	0.01392	0.01044	0.00348	0.00812	0.01160	0.01044	0.01624
21	0.71184	0.01985	0.01508	0.01350	0.01985	0.02302	0.01111	0.03017	0.01746	0.04604	0.01429	0.01667	0.01111	0.00953	0.00635	0.00318	0.00794	0.00556	0.00635	0.01111
22	0.02540	0.02438	0.04165	0.06299	0.57533	0.02438	0.03149	0.03149	0.02337	0.03353	0.01930	0.02540	0.01626	0.00914	0.01016	0.00305	0.01219	0.00914	0.00508	0.01626
23	0.02058	0.05308	0.58618	0.02925	0.04442	0.02383	0.03792	0.03250	0.02167	0.03250	0.01842	0.02167	0.01300	0.00975	0.00975	0.00325	0.01517	0.00758	0.00433	0.01517
24	0.04604	0.01746	0.02382	0.01826	0.02620	0.01508	0.01508	0.05001	0.02937	0.58244	0.04049	0.03493	0.02540	0.01270	0.01032	0.00318	0.00873	0.01032	0.01270	0.01746
25	0.03833	0.04891	0.02908	0.02644	0.03173	0.59815	0.01983	0.04098	0.02908	0.02512	0.01586	0.01851	0.01322	0.01058	0.00925	0.00264	0.01851	0.00661	0.00529	0.01190
26	0.01452	0.01049	0.01372	0.01291	0.01533	0.00968	0.00968	0.01937	0.02905	0.04115	0.56992	0.07666	0.09683	0.02098	0.01210	0.00323	0.00484	0.01856	0.01130	0.00968
27	0.01466	0.01100	0.01649	0.01649	0.01833	0.01283	0.01283	0.01833	0.01649	0.02382	0.02749	0.04032	0.02566	0.07697	0.59868	0.01649	0.02749	0.01100	0.00550	0.00916
28	0.02266	0.02308	0.03492	0.02889	0.03014	0.03078	0.08414	0.02567	0.01673	0.02567	0.01434	0.02308	0.01372	0.01685	0.03110	0.00437	0.54839	0.00936	0.00457	0.01154
29	0.04604	0.01746	0.02382	0.01826	0.02620	0.01508	0.01508	0.05001	0.02937	0.58244	0.04049	0.03493	0.02540	0.01270	0.01032	0.00318	0.00873	0.01032	0.01270	0.01746
30	0.06912	0.01955	0.02294	0.10489	0.03044	0.02164	0.01651	0.18294	0.11836	0.04663	0.20523	0.04385	0.04486	0.01495	0.01065	0.00325	0.00879	0.01243	0.00955	0.01341
31	0.18334	0.02287	0.02481	0.06769	0.10777	0.06686	0.01805	0.07437	0.16217	0.07577	0.07245	0.03129	0.02611	0.01212	0.00949	0.00321	0.00985	0.00965	0.00812	0.01400

[dist]
# distance from previous block
# <min> <max>
1	68

[block]
# block no. 1 follows, 14 sequences, length 30
# corresponding to MSA columns:
# 416-445
name=unknown_B
#
# <colnr> <probs for GDERKNQSTAVLIFYWHMCP>
#	G	D	E	R	K	N	Q	S	T	A	V	L	I	F	Y	W	H	M	C	P
0	0.43956	0.01945	0.01868	0.06070	0.02527	0.02125	0.01338	0.06996	0.02211	0.08061	0.05522	0.02390	0.01902	0.01058	0.00775	0.00301	0.00845	0.00738	0.00726	0.08646
1	0.02560	0.02751	0.14381	0.12750	0.07308	0.02278	0.06316	0.11127	0.09545	0.08185	0.09515	0.03400	0.02827	0.01231	0.01056	0.00328	0.01158	0.01068	0.00771	0.01445
2	0.02504	0.42379	0.20854	0.02171	0.03170	0.03498	0.02392	0.03079	0.02070	0.02664	0.01543	0.01845	0.01314	0.00977	0.00959	0.00268	0.05879	0.00637	0.00438	0.01361
3	0.01357	0.00961	0.01260	0.01431	0.01525	0.00915	0.01000	0.01582	0.02053	0.02754	0.10834	0.42967	0.06572	0.11268	0.01843	0.00492	0.00682	0.08744	0.00926	0.00834
4	0.04604	0.01746	0.02382	0.01826	0.02620	0.01508	0.01508	0.05001	0.02937	0.58244	0.04049	0.03493	0.02540	0.01270	0.01032	0.00318	0.00873	0.01032	0.01270	0.01746
5	0.01312	0.01043	0.01177	0.01143	0.01447	0.00908	0.00858	0.01664	0.02573	0.03326	0.29626	0.08964	0.37541	0.02392	0.01212	0.00337	0.00505	0.02038	0.01026	0.00908
6	0.02540	0.02438	0.04165	0.06299	0.57533	0.02438	0.03149	0.03149	0.02337	0.03353	0.01930	0.02540	0.01626	0.00914	0.01016	0.00305	0.01219	0.00914	0.00508	0.01626
7	0.01372	0.01046	0.01261	0.01207	0.01484	0.00934	0.00905	0.01782	0.02716	0.03667	0.41442	0.08403	0.25512	0.02265	0.01211	0.00331	0.00496	0.01959	0.01071	0.00934
8	0.01466	0.01100	0.01649	0.01649	0.01833	0.01283	0.01283	0.01833	0.01649	0.02382	0.02749	0.04032	0.02566	0.07697	0.59868	0.01649	0.02749	0.01100	0.00550	0.00916
9	0.02540	0.02438	0.04165	0.06299	0.57533	0.02438	0.03149	0.03149	0.02337	0.03353	0.01930	0.02540	0.01626	0.00914	0.01016	0.00305	0.01219	0.00914	0.00508	0.01626
10	0.02553	0.02204	0.02320	0.02088	0.02669	0.02553	0.01624	0.05453	0.55679	0.04293	0.04177	0.03829	0.03133	0.01392	0.01044	0.00348	0.00812	0.01160	0.01044	0.01624
11	0.04017	0.02689	0.02965	0.02273	0.03090	0.02907	0.01878	0.46021	0.04514	0.14997	0.02725	0.02633	0.01876	0.01238	0.01027	0.00310	0.01087	0.00942	0.01067	0.01745
12	0.01213	0.01040	0.01040	0.01040	0.01386	0.00866	0.00780	0.01473	0.02339	0.02772	0.10396	0.09876	0.57117	0.02599	0.01213	0.00347	0.00520	0.02166	0.00953	0.00866
13	0.01250	0.00893	0.01191	0.01429	0.01488	0.00834	0.00953	0.01429	0.01965	0.02620	0.05656	0.63265	0.06787	0.03215	0.01310	0.00417	0.00595	0.02917	0.00953	0.00834
14	0.01543	0.01144	0.01450	0.01357	0.01627	0.01099	0.01022	0.02227	0.07259	0.04130	0.52634	0.07349	0.09142	0.02040	0.01197	0.00325	0.00511	0.01798	0.01123	0.01022
15	0.01492	0.00995	0.01119	0.01119	0.01119	0.00995	0.00622	0.01492	0.01492	0.01990	0.03233	0.06716	0.03731	0.63935	0.05223	0.00995	0.00995	0.01492	0.00622	0.00622
16	0.02488	0.02385	0.04071	0.11074	0.53165	0.02425	0.03124	0.03104	0.02312	0.03289	0.01921	0.02557	0.01603	0.00924	0.01017	0.00308	0.01232	0.00914	0.00503	0.01583
17	0.02744	0.64552	0.05378	0.01756	0.02634	0.04061	0.01756	0.03073	0.02085	0.02414	0.01427	0.01646	0.01317	0.00878	0.00658	0.00219	0.01097	0.00549	0.00439	0.01317
18	0.01938	0.01824	0.03078	0.61468	0.07068	0.02280	0.02850	0.02622	0.02052	0.02622	0.01824	0.02736	0.01368	0.01026	0.01026	0.00342	0.01368	0.00912	0.00456	0.01140
19	0.10123	0.57806	0.04960	0.01712	0.02564	0.03871	0.01686	0.03067	0.02049	0.02651	0.01427	0.01648	0.01295	0.00886	0.00656	0.00230	0.01065	0.00549	0.00460	0.01295
20	0.01938	0.01824	0.03078	0.61468	0.07068	0.02280	0.02850	0.02622	0.02052	0.02622	0.01824	0.02736	0.01368	0.01026	0.01026	0.00342	0.01368	0.00912	0.00456	0.01140
21	0.01466	0.01100	0.01649	0.01649	0.01833	0.01283	0.01283	0.01833	0.01649	0.02382	0.02749	0.04032	0.02566	0.07697	0.59868	0.01649	0.02749	0.01100	0.00550	0.00916
22	0.01452	0.01049	0.01372	0.01291	0.01533	0.00968	0.00968	0.01937	0.02905	0.04115	0.56992	0.07666	0.09683	0.02098	0.01210	0.00323	0.00484	0.01856	0.01130	0.00968
23	0.03056	0.02244	0.02486	0.02016	0.02623	0.02424	0.01619	0.36521	0.04078	0.05516	0.15255	0.10207	0.04101	0.01643	0.01099	0.00323	0.00924	0.01352	0.01042	0.01470
24	0.71184	0.01985	0.01508	0.01350	0.01985	0.02302	0.01111	0.03017	0.01746	0.04604	0.01429	0.01667	0.01111	0.00953	0.00635	0.00318	0.00794	0.00556	0.00635	0.01111
25	0.02744	0.64552	0.05378	0.01756	0.02634	0.04061	0.01756	0.03073	0.02085	0.02414	0.01427	0.01646	0.01317	0.00878	0.00658	0.00219	0.01097	0.00549	0.00439	0.01317
26	0.02470	0.01484	0.01842	0.01618	0.01914	0.01552	0.01193	0.13874	0.02377	0.09058	0.02605	0.03871	0.02359	0.15820	0.10323	0.23679	0.01200	0.01065	0.00717	0.00979
27	0.01938	0.01824	0.03078	0.61468	0.07068	0.02280	0.02850	0.02622	0.02052	0.02622	0.01824	0.02736	0.01368	0.01026	0.01026	0.00342	0.01368	0.00912	0.00456	0.01140
28	0.01588	0.00961	0.01191	0.01191	0.01191	0.00961	0.00711	0.01441	0.01441	0.01921	0.02754	0.05528	0.03088	0.44002	0.04823	0.23826	0.00961	0.01294	0.00564	0.00564
29	0.02310	0.02203	0.03848	0.37499	0.10424	0.02462	0.14410	0.08369	0.02459	0.03249	0.01959	0.02698	0.01473	0.01002	0.01067	0.00336	0.01413	0.00982	0.00536	0.01301

[dist]
# distance from previous block
# <min> <max>
0	1

[block]
# block no. 2 follows, 14 sequences, length 50
# corresponding to MSA columns:
# 447-496
name=unknown_C
#
# <colnr> <probs for GDERKNQSTAVLIFYWHMCP>
#	G	D	E	R	K	N	Q	S	T	A	V	L	I	F	Y	W	H	M	C	P
0	0.44884	0.02069	0.02207	0.14319	0.08088	0.02386	0.01726	0.07394	0.02130	0.04245	0.01645	0.02035	0.01265	0.00989	0.00784	0.00321	0.00980	0.00693	0.00621	0.01218
1	0.01466	0.01100	0.01649	0.01649	0.01833	0.01283	0.01283	0.01833	0.01649	0.02382	0.02749	0.04032	0.02566	0.07697	0.59868	0.01649	0.02749	0.01100	0.00550	0.00916
2	0.02909	0.01726	0.01867	0.01551	0.02057	0.01812	0.01242	0.21179	0.03192	0.10523	0.03105	0.03303	0.02304	0.01216	0.00861	0.00272	0.00753	0.00953	0.37850	0.01322
3	0.02330	0.02224	0.03787	0.25503	0.39967	0.02383	0.03045	0.02966	0.02238	0.03098	0.01893	0.02608	0.01536	0.00953	0.01019	0.00318	0.01271	0.00914	0.00490	0.01457
4	0.03391	0.02711	0.03486	0.03836	0.23540	0.02904	0.02400	0.35023	0.03893	0.05301	0.02264	0.02492	0.01700	0.01113	0.01023	0.00307	0.01163	0.00920	0.00832	0.01700
5	0.03833	0.04891	0.02908	0.02644	0.03173	0.59815	0.01983	0.04098	0.02908	0.02512	0.01586	0.01851	0.01322	0.01058	0.00925	0.00264	0.01851	0.00661	0.00529	0.01190
6	0.02128	0.01824	0.02128	0.01520	0.02432	0.01368	0.01216	0.02584	0.02128	0.03344	0.01824	0.02128	0.01520	0.00760	0.00760	0.00152	0.00760	0.00608	0.00608	0.70208
7	0.01938	0.01824	0.03078	0.61468	0.07068	0.02280	0.02850	0.02622	0.02052	0.02622	0.01824	0.02736	0.01368	0.01026	0.01026	0.00342	0.01368	0.00912	0.00456	0.01140
8	0.02540	0.02438	0.04165	0.06299	0.57533	0.02438	0.03149	0.03149	0.02337	0.03353	0.01930	0.02540	0.01626	0.00914	0.01016	0.00305	0.01219	0.00914	0.00508	0.01626
9	0.01654	0.01181	0.01654	0.01890	0.02126	0.01181	0.01654	0.02126	0.02362	0.03071	0.05433	0.11576	0.05906	0.02835	0.01417	0.00472	0.00945	0.50626	0.00945	0.00945
10	0.01452	0.01049	0.01372	0.01291	0.01533	0.00968	0.00968	0.01937	0.02905	0.04115	0.56992	0.07666	0.09683	0.02098	0.01210	0.00323	0.00484	0.01856	0.01130	0.00968
11	0.02501	0.02548	0.04795	0.05641	0.40145	0.02491	0.20033	0.03195	0.02365	0.03331	0.01979	0.02616	0.01603	0.00898	0.01081	0.00319	0.01389	0.01013	0.00512	0.01545
12	0.01947	0.01535	0.01850	0.01883	0.02238	0.01654	0.01539	0.03312	0.22355	0.03591	0.09465	0.11580	0.05251	0.02254	0.01253	0.00409	0.00833	0.24857	0.00999	0.01194
13	0.01783	0.00891	0.01337	0.01337	0.01337	0.00891	0.00891	0.01337	0.01337	0.01783	0.01783	0.03119	0.01783	0.03565	0.04011	0.70143	0.00891	0.00891	0.00446	0.00446
14	0.04604	0.01746	0.02382	0.01826	0.02620	0.01508	0.01508	0.05001	0.02937	0.58244	0.04049	0.03493	0.02540	0.01270	0.01032	0.00318	0.00873	0.01032	0.01270	0.01746
15	0.02058	0.05308	0.58618	0.02925	0.04442	0.02383	0.03792	0.03250	0.02167	0.03250	0.01842	0.02167	0.01300	0.00975	0.00975	0.00325	0.01517	0.00758	0.00433	0.01517
16	0.02540	0.02438	0.04165	0.06299	0.57533	0.02438	0.03149	0.03149	0.02337	0.03353	0.01930	0.02540	0.01626	0.00914	0.01016	0.00305	0.01219	0.00914	0.00508	0.01626
17	0.02058	0.05308	0.58618	0.02925	0.04442	0.02383	0.03792	0.03250	0.02167	0.03250	0.01842	0.02167	0.01300	0.00975	0.00975	0.00325	0.01517	0.00758	0.00433	0.01517
18	0.01605	0.01140	0.01568	0.01783	0.01984	0.01135	0.01504	0.02011	0.02253	0.02938	0.05261	0.15578	0.05792	0.08186	0.01739	0.00513	0.00919	0.42265	0.00917	0.00907
19	0.01938	0.01824	0.03078	0.61468	0.07068	0.02280	0.02850	0.02622	0.02052	0.02622	0.01824	0.02736	0.01368	0.01026	0.01026	0.00342	0.01368	0.00912	0.00456	0.01140
20	0.03833	0.04891	0.02908	0.02644	0.03173	0.59815	0.01983	0.04098	0.02908	0.02512	0.01586	0.01851	0.01322	0.01058	0.00925	0.00264	0.01851	0.00661	0.00529	0.01190
21	0.01273	0.00915	0.01239	0.01452	0.01525	0.00881	0.00988	0.01472	0.01931	0.02595	0.05349	0.57004	0.06341	0.03689	0.07499	0.00547	0.00823	0.02725	0.00910	0.00842
22	0.03023	0.01889	0.02009	0.01760	0.02309	0.07589	0.01428	0.07819	0.02839	0.23009	0.05600	0.06382	0.17613	0.01880	0.01137	0.00346	0.00917	0.10114	0.01027	0.01308
23	0.01938	0.01824	0.03078	0.61468	0.07068	0.02280	0.02850	0.02622	0.02052	0.02622	0.01824	0.02736	0.01368	0.01026	0.01026	0.00342	0.01368	0.00912	0.00456	0.01140
24	0.01285	0.00918	0.01231	0.01469	0.01544	0.00864	0.01014	0.01490	0.01999	0.02659	0.05637	0.58766	0.06711	0.03182	0.01319	0.00422	0.00626	0.07070	0.00952	0.00843
25	0.02061	0.01955	0.03093	0.32451	0.12307	0.02421	0.02558	0.02592	0.02036	0.02814	0.06622	0.03014	0.02138	0.01317	0.01682	0.00364	0.17876	0.00993	0.00521	0.01187
26	0.03311	0.03277	0.23740	0.02464	0.03532	0.02125	0.05780	0.08639	0.06302	0.25894	0.02962	0.02880	0.01981	0.01138	0.01023	0.00323	0.01188	0.00940	0.00872	0.01629
27	0.04337	0.01898	0.02619	0.02336	0.08463	0.01723	0.01712	0.08216	0.03005	0.48846	0.03715	0.03321	0.02388	0.01230	0.01030	0.00316	0.00928	0.01012	0.01173	0.01734
28	0.71184	0.01985	0.01508	0.01350	0.01985	0.02302	0.01111	0.03017	0.01746	0.04604	0.01429	0.01667	0.01111	0.00953	0.00635	0.00318	0.00794	0.00556	0.00635	0.01111
29	0.01247	0.00986	0.01125	0.01207	0.01437	0.00863	0.00861	0.01496	0.02247	0.02830	0.12610	0.29684	0.34205	0.02787	0.01249	0.00371	0.00545	0.02421	0.00968	0.00863
30	0.02331	0.02454	0.02723	0.34586	0.05034	0.15969	0.02264	0.02832	0.02256	0.02659	0.02231	0.09811	0.02028	0.01276	0.01012	0.00315	0.01337	0.01067	0.00547	0.07266
31	0.02911	0.01688	0.02015	0.01662	0.02189	0.01683	0.01327	0.16551	0.03330	0.17646	0.23374	0.04824	0.05016	0.01561	0.01059	0.00307	0.00747	0.01303	0.09447	0.01359
32	0.02128	0.01824	0.02128	0.01520	0.02432	0.01368	0.01216	0.02584	0.02128	0.03344	0.01824	0.02128	0.01520	0.00760	0.00760	0.00152	0.00760	0.00608	0.00608	0.70208
33	0.02436	0.02726	0.11572	0.09453	0.20416	0.02301	0.20595	0.03175	0.02335	0.06926	0.02352	0.06703	0.01942	0.01093	0.01100	0.00333	0.01384	0.01139	0.00579	0.01439
34	0.01875	0.01534	0.01845	0.01434	0.02095	0.01218	0.01123	0.02341	0.02419	0.03633	0.22488	0.04202	0.04577	0.01261	0.00929	0.00216	0.00657	0.01075	0.00803	0.44274
35	0.01537	0.01741	0.09450	0.02191	0.09251	0.01273	0.01599	0.01948	0.02176	0.02932	0.08980	0.32888	0.15248	0.02412	0.01200	0.00370	0.00782	0.02142	0.00835	0.01047
36	0.02119	0.02085	0.04048	0.03142	0.03777	0.02066	0.29638	0.02762	0.02277	0.03185	0.03065	0.08672	0.02881	0.01536	0.01395	0.00374	0.06614	0.11241	0.07933	0.01191
37	0.01250	0.00893	0.01191	0.01429	0.01488	0.00834	0.00953	0.01429	0.01965	0.02620	0.05656	0.63265	0.06787	0.03215	0.01310	0.00417	0.00595	0.02917	0.00953	0.00834
38	0.02002	0.01889	0.03193	0.55637	0.12402	0.02297	0.02882	0.02678	0.02082	0.02699	0.01835	0.02715	0.01395	0.01014	0.01025	0.00338	0.01352	0.00912	0.00461	0.01191
39	0.02340	0.01704	0.02009	0.01888	0.02276	0.01797	0.01494	0.21329	0.03131	0.04169	0.04407	0.28119	0.04688	0.02381	0.01229	0.00389	0.00879	0.13590	0.00978	0.01202
40	0.02245	0.02245	0.03143	0.02694	0.02694	0.03143	0.02245	0.02470	0.01572	0.02470	0.01347	0.02245	0.01347	0.01796	0.03368	0.00449	0.62057	0.00898	0.00449	0.01123
41	0.01416	0.01048	0.01321	0.01252	0.01511	0.00953	0.00939	0.01865	0.02818	0.03909	0.49839	0.08005	0.16964	0.02175	0.01211	0.00326	0.00490	0.01903	0.01103	0.00953
42	0.01250	0.00893	0.01191	0.01429	0.01488	0.00834	0.00953	0.01429	0.01965	0.02620	0.05656	0.63265	0.06787	0.03215	0.01310	0.00417	0.00595	0.02917	0.00953	0.00834
43	0.02003	0.01171	0.01548	0.01384	0.01723	0.01063	0.01063	0.02472	0.02911	0.13570	0.47744	0.06937	0.08435	0.01953	0.01179	0.00322	0.00552	0.01712	0.01154	0.01104
44	0.01654	0.01181	0.01654	0.01890	0.02126	0.01181	0.01654	0.02126	0.02362	0.03071	0.05433	0.11576	0.05906	0.02835	0.01417	0.00472	0.00945	0.50626	0.00945	0.00945
45	0.11184	0.04653	0.46604	0.02838	0.04197	0.02391	0.07721	0.03222	0.02133	0.03431	0.01807	0.02152	0.01297	0.00963	0.00950	0.00326	0.01440	0.00770	0.00467	0.01452
46	0.01509	0.01015	0.01176	0.01201	0.01226	0.01015	0.00731	0.01559	0.01584	0.02104	0.03466	0.07229	0.03961	0.57477	0.04821	0.00940	0.00990	0.06685	0.00656	0.00656
47	0.01258	0.01029	0.01111	0.01117	0.01421	0.00881	0.00828	0.01551	0.02407	0.02996	0.18196	0.14058	0.44455	0.02563	0.01221	0.00348	0.00520	0.02176	0.00984	0.00881
48	0.71184	0.01985	0.01508	0.01350	0.01985	0.02302	0.01111	0.03017	0.01746	0.04604	0.01429	0.01667	0.01111	0.00953	0.00635	0.00318	0.00794	0.00556	0.00635	0.01111
49	0.02857	0.18266	0.20115	0.02362	0.03347	0.06894	0.02406	0.15674	0.11311	0.03930	0.02244	0.02356	0.01702	0.01085	0.00920	0.00295	0.01236	0.00805	0.00679	0.01518

[dist]
# distance from previous block
# <min> <max>
0	1

[block]
# block no. 3 follows, 14 sequences, length 11
# corresponding to MSA columns:
# 498-508
name=unknown_D
#
# <colnr> <probs for GDERKNQSTAVLIFYWHMCP>
#	G	D	E	R	K	N	Q	S	T	A	V	L	I	F	Y	W	H	M	C	P
0	0.12536	0.24745	0.15689	0.02156	0.03056	0.15557	0.02141	0.03482	0.02305	0.07329	0.01760	0.01954	0.01382	0.00980	0.00813	0.00274	0.01295	0.00658	0.00551	0.01338
1	0.71184	0.01985	0.01508	0.01350	0.01985	0.02302	0.01111	0.03017	0.01746	0.04604	0.01429	0.01667	0.01111	0.00953	0.00635	0.00318	0.00794	0.00556	0.00635	0.01111
2	0.01602	0.01267	0.01685	0.10470	0.02460	0.01297	0.01295	0.02308	0.07331	0.03790	0.40063	0.06770	0.11873	0.01916	0.01168	0.00330	0.00650	0.01678	0.01005	0.01043
3	0.04604	0.01746	0.02382	0.01826	0.02620	0.01508	0.01508	0.05001	0.02937	0.58244	0.04049	0.03493	0.02540	0.01270	0.01032	0.00318	0.00873	0.01032	0.01270	0.01746
4	0.04604	0.01746	0.02382	0.01826	0.02620	0.01508	0.01508	0.05001	0.02937	0.58244	0.04049	0.03493	0.02540	0.01270	0.01032	0.00318	0.00873	0.01032	0.01270	0.01746
5	0.02128	0.01824	0.02128	0.01520	0.02432	0.01368	0.01216	0.02584	0.02128	0.03344	0.01824	0.02128	0.01520	0.00760	0.00760	0.00152	0.00760	0.00608	0.00608	0.70208
6	0.01938	0.01824	0.03078	0.61468	0.07068	0.02280	0.02850	0.02622	0.02052	0.02622	0.01824	0.02736	0.01368	0.01026	0.01026	0.00342	0.01368	0.00912	0.00456	0.01140
7	0.01250	0.00893	0.01191	0.01429	0.01488	0.00834	0.00953	0.01429	0.01965	0.02620	0.05656	0.63265	0.06787	0.03215	0.01310	0.00417	0.00595	0.02917	0.00953	0.00834
8	0.02250	0.02142	0.03641	0.32881	0.33218	0.02362	0.03005	0.02895	0.02200	0.03001	0.01879	0.02634	0.01501	0.00968	0.01021	0.00323	0.01291	0.00913	0.00483	0.01392
9	0.02744	0.64552	0.05378	0.01756	0.02634	0.04061	0.01756	0.03073	0.02085	0.02414	0.01427	0.01646	0.01317	0.00878	0.00658	0.00219	0.01097	0.00549	0.00439	0.01317
10	0.04604	0.01746	0.02382	0.01826	0.02620	0.01508	0.01508	0.05001	0.02937	0.58244	0.04049	0.03493	0.02540	0.01270	0.01032	0.00318	0.00873	0.01032	0.01270	0.01746

[dist]
# distance from previous block
# <min> <max>
0	2

[block]
# block no. 4 follows, 14 sequences, length 78
# corresponding to MSA columns:
# 511-588
name=unknown_E
#
# <colnr> <probs for GDERKNQSTAVLIFYWHMCP>
#	G	D	E	R	K	N	Q	S	T	A	V	L	I	F	Y	W	H	M	C	P
0	0.43581	0.06722	0.02272	0.01971	0.07031	0.02481	0.01462	0.11293	0.02418	0.04599	0.06080	0.02351	0.01960	0.01081	0.00780	0.00308	0.00883	0.00750	0.00713	0.01263
1	0.01537	0.00989	0.01273	0.01407	0.01572	0.00897	0.00976	0.01746	0.02104	0.07487	0.06204	0.50313	0.13718	0.02956	0.01272	0.00398	0.00609	0.02644	0.00980	0.00918
2	0.02959	0.02317	0.02574	0.01914	0.02784	0.02219	0.01560	0.26746	0.03393	0.04809	0.02124	0.02285	0.01626	0.00981	0.00885	0.00225	0.00933	0.00756	0.00804	0.38104
3	0.02373	0.02125	0.06929	0.01985	0.02763	0.01712	0.06068	0.07301	0.06297	0.08060	0.06791	0.10240	0.02962	0.01308	0.00981	0.00268	0.00909	0.01144	0.00787	0.28995
4	0.08671	0.06329	0.03764	0.03392	0.15856	0.02412	0.12789	0.10957	0.02768	0.15401	0.02406	0.02625	0.01754	0.01017	0.00992	0.00303	0.01170	0.00931	0.00758	0.05705
5	0.02167	0.02097	0.03675	0.39339	0.22609	0.02357	0.07382	0.02844	0.02173	0.02907	0.01879	0.02678	0.01465	0.00977	0.01039	0.00331	0.01353	0.00939	0.00478	0.01312
6	0.01651	0.01266	0.01804	0.06673	0.02454	0.01363	0.01670	0.02067	0.02202	0.02905	0.04856	0.19487	0.05336	0.02675	0.01522	0.00450	0.05798	0.33998	0.00867	0.00955
7	0.07562	0.01919	0.03211	0.51644	0.06510	0.02309	0.07149	0.02712	0.02060	0.02840	0.01814	0.02653	0.01364	0.01006	0.01011	0.00340	0.01353	0.00909	0.00476	0.01159
8	0.02917	0.02672	0.08016	0.02747	0.03598	0.02508	0.16348	0.18611	0.12795	0.08652	0.03431	0.03498	0.06794	0.01260	0.01094	0.00331	0.01197	0.01150	0.00853	0.01528
9	0.02821	0.01303	0.01742	0.01575	0.01977	0.01165	0.01179	0.03103	0.02429	0.28140	0.07996	0.27399	0.04761	0.07542	0.01517	0.00416	0.00750	0.01862	0.01081	0.01242
10	0.01476	0.01059	0.01442	0.01442	0.01554	0.01170	0.01024	0.01700	0.01588	0.02229	0.02938	0.05080	0.03021	0.29673	0.38514	0.01394	0.02063	0.01253	0.00578	0.00801
11	0.12618	0.02280	0.07015	0.10375	0.03245	0.02328	0.01852	0.04186	0.31265	0.03884	0.03349	0.07853	0.02710	0.01382	0.00995	0.00346	0.00931	0.01138	0.00841	0.01408
12	0.02248	0.13099	0.37744	0.03113	0.04417	0.02676	0.16152	0.03234	0.02220	0.03140	0.01842	0.02245	0.01367	0.00933	0.00990	0.00315	0.01511	0.00843	0.00456	0.01455
13	0.01440	0.01029	0.01409	0.01646	0.01789	0.00997	0.01283	0.01757	0.02152	0.02832	0.05551	0.38940	0.06373	0.03036	0.01360	0.00443	0.00760	0.25369	0.00949	0.00886
14	0.01302	0.00959	0.01220	0.01333	0.01486	0.00877	0.00932	0.01579	0.02286	0.03066	0.20910	0.39744	0.14910	0.02809	0.01268	0.00380	0.00553	0.02507	0.01003	0.00877
15	0.01460	0.01101	0.01533	0.01776	0.06286	0.01037	0.01148	0.01825	0.02459	0.03418	0.30598	0.30733	0.07772	0.02469	0.01236	0.00361	0.00594	0.02224	0.01002	0.00967
16	0.01938	0.25865	0.02891	0.01509	0.01979	0.02182	0.01306	0.02265	0.02245	0.02835	0.13743	0.09947	0.11951	0.07252	0.01378	0.00370	0.00840	0.07700	0.00754	0.01047
17	0.01438	0.01047	0.01365	0.01374	0.01599	0.00974	0.01048	0.01867	0.02673	0.03691	0.40210	0.15259	0.12127	0.02374	0.01252	0.00357	0.00564	0.08770	0.01070	0.00941
18	0.01938	0.01824	0.03078	0.61468	0.07068	0.02280	0.02850	0.02622	0.02052	0.02622	0.01824	0.02736	0.01368	0.01026	0.01026	0.00342	0.01368	0.00912	0.00456	0.01140
19	0.02505	0.02530	0.03043	0.16625	0.04075	0.12974	0.09635	0.03666	0.17353	0.03144	0.02744	0.03564	0.02250	0.01426	0.01281	0.05303	0.01290	0.04654	0.00680	0.01258
20	0.01503	0.01073	0.01481	0.01718	0.01888	0.01051	0.01392	0.01866	0.02214	0.02902	0.05517	0.30899	0.06235	0.02977	0.01377	0.00452	0.00814	0.32791	0.00948	0.00903
21	0.01470	0.01085	0.01575	0.01575	0.01732	0.01242	0.01190	0.01785	0.01627	0.02327	0.02817	0.04410	0.02730	0.15624	0.52165	0.01557	0.02502	0.01155	0.00560	0.00875
22	0.02535	0.02938	0.05804	0.04191	0.05188	0.07166	0.49666	0.03352	0.02461	0.03225	0.02037	0.02695	0.01538	0.00880	0.01188	0.00339	0.01740	0.01167	0.00520	0.01369
23	0.02464	0.17827	0.08870	0.04228	0.31529	0.02725	0.02595	0.03192	0.05721	0.03233	0.06245	0.02771	0.02247	0.01034	0.00942	0.00290	0.01132	0.00900	0.00567	0.01489
24	0.01913	0.00956	0.00956	0.00956	0.01196	0.00956	0.00717	0.02391	0.02152	0.03826	0.03348	0.03826	0.02630	0.01196	0.00717	0.00239	0.00478	0.00956	0.69632	0.00956
25	0.02016	0.01913	0.03176	0.51647	0.10987	0.02369	0.02823	0.02654	0.02034	0.02671	0.01792	0.02677	0.01388	0.01084	0.01229	0.00348	0.06642	0.00911	0.00460	0.01180
26	0.01250	0.00893	0.01191	0.01429	0.01488	0.00834	0.00953	0.01429	0.01965	0.02620	0.05656	0.63265	0.06787	0.03215	0.01310	0.00417	0.00595	0.02917	0.00953	0.00834
27	0.01452	0.01049	0.01372	0.01291	0.01533	0.00968	0.00968	0.01937	0.02905	0.04115	0.56992	0.07666	0.09683	0.02098	0.01210	0.00323	0.00484	0.01856	0.01130	0.00968
28	0.02245	0.02245	0.03143	0.02694	0.02694	0.03143	0.02245	0.02470	0.01572	0.02470	0.01347	0.02245	0.01347	0.01796	0.03368	0.00449	0.62057	0.00898	0.00449	0.01123
29	0.04604	0.01746	0.02382	0.01826	0.02620	0.01508	0.01508	0.05001	0.02937	0.58244	0.04049	0.03493	0.02540	0.01270	0.01032	0.00318	0.00873	0.01032	0.01270	0.01746
30	0.02744	0.64552	0.05378	0.01756	0.02634	0.04061	0.01756	0.03073	0.02085	0.02414	0.01427	0.01646	0.01317	0.00878	0.00658	0.00219	0.01097	0.00549	0.00439	0.01317
31	0.01310	0.00918	0.01173	0.01353	0.01398	0.00873	0.00871	0.01444	0.01849	0.02465	0.05061	0.49370	0.06036	0.18135	0.02271	0.00559	0.00694	0.02567	0.00871	0.00782
32	0.03901	0.02874	0.03080	0.02361	0.03182	0.03182	0.01951	0.54111	0.04825	0.06468	0.02464	0.02464	0.01745	0.01232	0.01027	0.00308	0.01129	0.00924	0.01027	0.01745
33	0.02058	0.05308	0.58618	0.02925	0.04442	0.02383	0.03792	0.03250	0.02167	0.03250	0.01842	0.02167	0.01300	0.00975	0.00975	0.00325	0.01517	0.00758	0.00433	0.01517
34	0.01466	0.01100	0.01649	0.01649	0.01833	0.01283	0.01283	0.01833	0.01649	0.02382	0.02749	0.04032	0.02566	0.07697	0.59868	0.01649	0.02749	0.01100	0.00550	0.00916
35	0.03833	0.04891	0.02908	0.02644	0.03173	0.59815	0.01983	0.04098	0.02908	0.02512	0.01586	0.01851	0.01322	0.01058	0.00925	0.00264	0.01851	0.00661	0.00529	0.01190
36	0.01269	0.01008	0.01140	0.01179	0.01439	0.00879	0.00857	0.01555	0.02365	0.03004	0.18561	0.21731	0.36104	0.02641	0.01235	0.00358	0.00530	0.02277	0.00988	0.00879
37	0.01250	0.00893	0.01191	0.01429	0.01488	0.00834	0.00953	0.01429	0.01965	0.02620	0.05656	0.63265	0.06787	0.03215	0.01310	0.00417	0.00595	0.02917	0.00953	0.00834
38	0.01468	0.01062	0.01452	0.01429	0.01588	0.01129	0.01045	0.01786	0.01973	0.02790	0.18358	0.05669	0.04860	0.18649	0.30908	0.01124	0.01710	0.01403	0.00732	0.00865
39	0.02245	0.02245	0.03143	0.02694	0.02694	0.03143	0.02245	0.02470	0.01572	0.02470	0.01347	0.02245	0.01347	0.01796	0.03368	0.00449	0.62057	0.00898	0.00449	0.01123
40	0.02902	0.22026	0.04369	0.03901	0.24139	0.16624	0.05998	0.03362	0.02402	0.02861	0.01705	0.02118	0.01454	0.00934	0.00899	0.00272	0.01368	0.00763	0.00493	0.01410
41	0.46434	0.07741	0.07064	0.01776	0.02485	0.13872	0.01568	0.03256	0.02040	0.03899	0.01496	0.01745	0.01186	0.00970	0.00724	0.00300	0.01090	0.00594	0.00581	0.01178
42	0.02612	0.04312	0.32732	0.02866	0.03904	0.11964	0.06993	0.03420	0.02285	0.07411	0.01922	0.02279	0.01430	0.01123	0.01337	0.00334	0.10320	0.00820	0.00525	0.01413
43	0.02069	0.01124	0.01461	0.01470	0.01752	0.01004	0.01064	0.02313	0.02258	0.16310	0.05949	0.40833	0.13045	0.02648	0.01227	0.00382	0.00653	0.02345	0.01031	0.01063
44	0.01759	0.01173	0.01723	0.01651	0.01707	0.01373	0.01229	0.01671	0.01471	0.02077	0.02010	0.03260	0.01954	0.04553	0.21098	0.37877	0.11280	0.00956	0.00478	0.00699
45	0.01322	0.01030	0.01056	0.01049	0.01373	0.00886	0.00787	0.01628	0.02361	0.03016	0.13246	0.08920	0.46290	0.02378	0.01149	0.00331	0.00512	0.01985	0.09794	0.00886
46	0.01213	0.01040	0.01040	0.01040	0.01386	0.00866	0.00780	0.01473	0.02339	0.02772	0.10396	0.09876	0.57117	0.02599	0.01213	0.00347	0.00520	0.02166	0.00953	0.00866
47	0.02744	0.64552	0.05378	0.01756	0.02634	0.04061	0.01756	0.03073	0.02085	0.02414	0.01427	0.01646	0.01317	0.00878	0.00658	0.00219	0.01097	0.00549	0.00439	0.01317
48	0.01452	0.01049	0.01372	0.01291	0.01533	0.00968	0.00968	0.01937	0.02905	0.04115	0.56992	0.07666	0.09683	0.02098	0.01210	0.00323	0.00484	0.01856	0.01130	0.00968
49	0.03901	0.02874	0.03080	0.02361	0.03182	0.03182	0.01951	0.54111	0.04825	0.06468	0.02464	0.02464	0.01745	0.01232	0.01027	0.00308	0.01129	0.00924	0.01027	0.01745
50	0.02422	0.02768	0.06055	0.04325	0.05363	0.02595	0.53806	0.03287	0.02422	0.03287	0.02076	0.02768	0.01557	0.00865	0.01211	0.00346	0.01730	0.01211	0.00519	0.01384
51	0.04093	0.02566	0.02889	0.02215	0.03028	0.02724	0.01830	0.40675	0.04308	0.20633	0.02897	0.02745	0.01963	0.01242	0.01028	0.00311	0.01059	0.00953	0.01093	0.01746
52	0.01452	0.01049	0.01372	0.01291	0.01533	0.00968	0.00968	0.01937	0.02905	0.04115	0.56992	0.07666	0.09683	0.02098	0.01210	0.00323	0.00484	0.01856	0.01130	0.00968
53	0.02607	0.52783	0.15954	0.01988	0.02993	0.03727	0.02160	0.03108	0.02101	0.02580	0.01509	0.01750	0.01314	0.00897	0.00721	0.00240	0.01181	0.00590	0.00438	0.01357
54	0.01482	0.01230	0.01962	0.01855	0.02117	0.01127	0.08638	0.01779	0.02043	0.02767	0.04868	0.50201	0.05659	0.02702	0.01257	0.00388	0.00772	0.02508	0.00866	0.05779
55	0.02744	0.64552	0.05378	0.01756	0.02634	0.04061	0.01756	0.03073	0.02085	0.02414	0.01427	0.01646	0.01317	0.00878	0.00658	0.00219	0.01097	0.00549	0.00439	0.01317
56	0.02245	0.02245	0.03143	0.02694	0.02694	0.03143	0.02245	0.02470	0.01572	0.02470	0.01347	0.02245	0.01347	0.01796	0.03368	0.00449	0.62057	0.00898	0.00449	0.01123
57	0.02128	0.01824	0.02128	0.01520	0.02432	0.01368	0.01216	0.02584	0.02128	0.03344	0.01824	0.02128	0.01520	0.00760	0.00760	0.00152	0.00760	0.00608	0.00608	0.70208
58	0.02086	0.01975	0.03345	0.47935	0.19447	0.02319	0.02923	0.02751	0.02122	0.02801	0.01850	0.02688	0.01431	0.00999	0.01024	0.00333	0.01331	0.00913	0.00469	0.01259
59	0.03553	0.01438	0.01825	0.01486	0.02063	0.01293	0.01199	0.03981	0.02630	0.36979	0.03775	0.03623	0.02575	0.01241	0.00909	0.00287	0.00719	0.01002	0.27985	0.01438
60	0.01298	0.00913	0.01177	0.01367	0.01415	0.00866	0.00887	0.01442	0.01871	0.02495	0.05175	0.52031	0.06180	0.15278	0.02087	0.00532	0.00675	0.02634	0.00887	0.00791
61	0.02586	0.50910	0.17638	0.02025	0.03050	0.03674	0.02225	0.03114	0.02104	0.02607	0.01522	0.01766	0.01313	0.00900	0.00731	0.00244	0.01194	0.00597	0.00438	0.01363
62	0.01492	0.00995	0.01119	0.01119	0.01119	0.00995	0.00622	0.01492	0.01492	0.01990	0.03233	0.06716	0.03731	0.63935	0.05223	0.00995	0.00995	0.01492	0.00622	0.00622
63	0.01250	0.00893	0.01191	0.01429	0.01488	0.00834	0.00953	0.01429	0.01965	0.02620	0.05656	0.63265	0.06787	0.03215	0.01310	0.00417	0.00595	0.02917	0.00953	0.00834
64	0.01985	0.01872	0.03163	0.57157	0.11011	0.02292	0.02873	0.02663	0.02074	0.02679	0.01832	0.02721	0.01388	0.01017	0.01025	0.00339	0.01356	0.00912	0.00460	0.01178
65	0.02058	0.05308	0.58618	0.02925	0.04442	0.02383	0.03792	0.03250	0.02167	0.03250	0.01842	0.02167	0.01300	0.00975	0.00975	0.00325	0.01517	0.00758	0.00433	0.01517
66	0.02744	0.64552	0.05378	0.01756	0.02634	0.04061	0.01756	0.03073	0.02085	0.02414	0.01427	0.01646	0.01317	0.00878	0.00658	0.00219	0.01097	0.00549	0.00439	0.01317
67	0.02099	0.01062	0.01284	0.01285	0.01545	0.01000	0.00940	0.02446	0.02209	0.12347	0.04366	0.26999	0.04240	0.01997	0.01001	0.00321	0.00589	0.01735	0.31496	0.01039
68	0.01644	0.01396	0.02242	0.02815	0.15493	0.01344	0.04984	0.01974	0.02086	0.02844	0.04506	0.44372	0.05176	0.02495	0.01231	0.00385	0.00823	0.02313	0.00815	0.01064
69	0.02245	0.02245	0.03143	0.02694	0.02694	0.03143	0.02245	0.02470	0.01572	0.02470	0.01347	0.02245	0.01347	0.01796	0.03368	0.00449	0.62057	0.00898	0.00449	0.01123
70	0.01388	0.01010	0.01306	0.01309	0.01513	0.00929	0.00953	0.01783	0.02638	0.03663	0.41450	0.21466	0.11952	0.02404	0.01235	0.00347	0.00514	0.02136	0.01075	0.00929
71	0.14153	0.03657	0.02520	0.02515	0.07355	0.37143	0.01768	0.03463	0.02590	0.02957	0.02868	0.03044	0.09408	0.01252	0.00928	0.00288	0.01434	0.00884	0.00606	0.01167
72	0.02618	0.40408	0.05642	0.02760	0.03700	0.03488	0.22096	0.03157	0.02217	0.02755	0.01680	0.02085	0.01411	0.00873	0.00874	0.00269	0.01345	0.00808	0.00470	0.01343
73	0.01484	0.01029	0.01292	0.01292	0.01351	0.01089	0.00837	0.01603	0.01543	0.02117	0.03076	0.05842	0.03352	0.45638	0.23002	0.01208	0.01566	0.01365	0.00598	0.00718
74	0.01492	0.00995	0.01119	0.01119	0.01119	0.00995	0.00622	0.01492	0.01492	0.01990	0.03233	0.06716	0.03731	0.63935	0.05223	0.00995	0.00995	0.01492	0.00622	0.00622
75	0.02959	0.01929	0.02935	0.34674	0.08610	0.02131	0.02383	0.07770	0.02577	0.19993	0.02565	0.02932	0.01775	0.01111	0.01027	0.00329	0.01187	0.00950	0.00757	0.01408
76	0.02283	0.02273	0.03396	0.39598	0.22156	0.07231	0.02868	0.02909	0.02212	0.02836	0.01836	0.02601	0.01443	0.00995	0.01014	0.00324	0.01364	0.00891	0.00478	0.01293
77	0.08701	0.02491	0.03041	0.11614	0.03735	0.10447	0.09307	0.10984	0.02851	0.18699	0.02588	0.02764	0.01820	0.01108	0.00991	0.00312	0.01221	0.00928	0.04978	0.01422

[dist]
# distance from previous block
# <min> <max>
0	2

[block]
# block no. 5 follows, 14 sequences, length 21
# corresponding to MSA columns:
# 591-611
name=unknown_F
#
# <colnr> <probs for GDERKNQSTAVLIFYWHMCP>
#	G	D	E	R	K	N	Q	S	T	A	V	L	I	F	Y	W	H	M	C	P
0	0.55733	0.16110	0.02382	0.01441	0.02131	0.02699	0.01257	0.03029	0.01823	0.04110	0.01428	0.01662	0.01158	0.00936	0.00640	0.00295	0.00862	0.00554	0.00591	0.01158
1	0.01452	0.01049	0.01372	0.01291	0.01533	0.00968	0.00968	0.01937	0.02905	0.04115	0.56992	0.07666	0.09683	0.02098	0.01210	0.00323	0.00484	0.01856	0.01130	0.00968
2	0.04277	0.01674	0.02277	0.01770	0.02507	0.01452	0.01452	0.04683	0.02934	0.52628	0.09542	0.03926	0.03281	0.01356	0.01050	0.00318	0.00833	0.01117	0.01256	0.01666
3	0.02065	0.01692	0.01900	0.01735	0.02165	0.01850	0.01333	0.03893	0.32269	0.04214	0.27606	0.05531	0.06038	0.01705	0.01118	0.00337	0.00667	0.01469	0.01082	0.01333
4	0.01577	0.01240	0.01540	0.01463	0.01840	0.01033	0.01051	0.01859	0.02026	0.02889	0.04229	0.40503	0.04826	0.02301	0.01105	0.00318	0.00657	0.02058	0.00824	0.26662
5	0.03000	0.02567	0.02563	0.02199	0.02840	0.06635	0.01736	0.18349	0.38496	0.04752	0.03542	0.03329	0.02638	0.01327	0.01031	0.00332	0.00968	0.01063	0.01004	0.01627
6	0.01452	0.01049	0.01372	0.01291	0.01533	0.00968	0.00968	0.01937	0.02905	0.04115	0.56992	0.07666	0.09683	0.02098	0.01210	0.00323	0.00484	0.01856	0.01130	0.00968
7	0.02108	0.01997	0.03385	0.45906	0.21304	0.02325	0.02934	0.02771	0.02132	0.02828	0.01854	0.02681	0.01441	0.00995	0.01023	0.00332	0.01326	0.00913	0.00471	0.01277
8	0.02058	0.05308	0.58618	0.02925	0.04442	0.02383	0.03792	0.03250	0.02167	0.03250	0.01842	0.02167	0.01300	0.00975	0.00975	0.00325	0.01517	0.00758	0.00433	0.01517
9	0.01942	0.01306	0.01646	0.01713	0.01991	0.01323	0.01315	0.02745	0.12615	0.08644	0.05151	0.32757	0.05429	0.02570	0.01257	0.00407	0.00753	0.14328	0.01000	0.01107
10	0.01492	0.00995	0.01119	0.01119	0.01119	0.00995	0.00622	0.01492	0.01492	0.01990	0.03233	0.06716	0.03731	0.63935	0.05223	0.00995	0.00995	0.01492	0.00622	0.00622
11	0.02575	0.49938	0.18511	0.02044	0.03080	0.03647	0.02258	0.03117	0.02105	0.02621	0.01529	0.01775	0.01313	0.00902	0.00737	0.00246	0.01201	0.00600	0.00438	0.01366
12	0.01492	0.00995	0.01119	0.01119	0.01119	0.00995	0.00622	0.01492	0.01492	0.01990	0.03233	0.06716	0.03731	0.63935	0.05223	0.00995	0.00995	0.01492	0.00622	0.00622
13	0.01923	0.01153	0.01522	0.01371	0.01695	0.01049	0.01049	0.02394	0.02910	0.12191	0.49093	0.07043	0.08617	0.01974	0.01184	0.00322	0.00542	0.01733	0.01151	0.01084
14	0.01772	0.01409	0.01635	0.01515	0.01873	0.01453	0.01154	0.02989	0.19335	0.04036	0.35813	0.06689	0.12400	0.01928	0.01159	0.00333	0.00590	0.01670	0.01085	0.01163
15	0.02744	0.64552	0.05378	0.01756	0.02634	0.04061	0.01756	0.03073	0.02085	0.02414	0.01427	0.01646	0.01317	0.00878	0.00658	0.00219	0.01097	0.00549	0.00439	0.01317
16	0.02128	0.01824	0.02128	0.01520	0.02432	0.01368	0.01216	0.02584	0.02128	0.03344	0.01824	0.02128	0.01520	0.00760	0.00760	0.00152	0.00760	0.00608	0.00608	0.70208
17	0.08368	0.01932	0.02291	0.01868	0.02509	0.05751	0.01507	0.04291	0.02675	0.41717	0.03696	0.09182	0.02713	0.01463	0.01173	0.00332	0.04750	0.01156	0.01093	0.01535
18	0.01252	0.01041	0.01093	0.01080	0.01410	0.00883	0.00810	0.01548	0.02430	0.02989	0.17917	0.09519	0.49461	0.02518	0.01212	0.00343	0.00514	0.02116	0.00981	0.00883
19	0.03178	0.07550	0.03254	0.02610	0.03239	0.30766	0.08107	0.04375	0.19941	0.03178	0.02477	0.02591	0.01938	0.01132	0.00981	0.00299	0.01451	0.00882	0.00689	0.01362
20	0.09744	0.29500	0.18178	0.01994	0.03011	0.02890	0.02130	0.03213	0.02148	0.07638	0.01804	0.01999	0.01419	0.00929	0.00782	0.00257	0.01114	0.00652	0.00549	0.10051

[dist]
# distance from previous block
# <min> <max>
0	1

[block]
# block no. 6 follows, 14 sequences, length 19
# corresponding to MSA columns:
# 613-631
name=unknown_G
#
# <colnr> <probs for GDERKNQSTAVLIFYWHMCP>
#	G	D	E	R	K	N	Q	S	T	A	V	L	I	F	Y	W	H	M	C	P
0	0.09198	0.25198	0.11000	0.02085	0.02964	0.09696	0.01989	0.11477	0.02719	0.11740	0.02056	0.02146	0.01548	0.01033	0.00843	0.00276	0.01186	0.00721	0.00682	0.01442
1	0.08548	0.04714	0.07155	0.02572	0.03186	0.51189	0.02061	0.03954	0.02767	0.02720	0.01595	0.01862	0.01305	0.01044	0.00908	0.00273	0.01748	0.00661	0.00529	0.01210
2	0.01340	0.01045	0.01234	0.01314	0.01576	0.00939	0.01014	0.01658	0.02348	0.02972	0.14226	0.19174	0.31998	0.02693	0.01272	0.00382	0.00617	0.12336	0.00973	0.00889
3	0.02641	0.55666	0.13363	0.01931	0.02905	0.03809	0.02061	0.03099	0.02097	0.02540	0.01489	0.01724	0.01314	0.00893	0.00706	0.00235	0.01160	0.00580	0.00438	0.01347
4	0.03829	0.11460	0.03173	0.02052	0.02843	0.01980	0.07338	0.04274	0.02746	0.39308	0.07558	0.03454	0.02800	0.01229	0.01008	0.00306	0.00973	0.01042	0.01048	0.01579
5	0.02575	0.02524	0.18054	0.01882	0.02651	0.01648	0.01909	0.03469	0.07513	0.16455	0.11203	0.03847	0.03332	0.01304	0.00970	0.00305	0.00901	0.01071	0.17021	0.01367
6	0.01306	0.00934	0.01250	0.01460	0.01553	0.00878	0.01020	0.01539	0.02084	0.02793	0.10104	0.53539	0.06956	0.03082	0.01311	0.00414	0.00619	0.07335	0.00967	0.00856
7	0.02326	0.28464	0.37809	0.02468	0.03735	0.03039	0.02996	0.03181	0.02135	0.02923	0.01679	0.01963	0.01307	0.00937	0.00851	0.00284	0.01353	0.00676	0.00436	0.01439
8	0.03231	0.01680	0.02510	0.24130	0.04160	0.01722	0.01949	0.03711	0.02497	0.31198	0.03394	0.09876	0.02575	0.01396	0.01061	0.00338	0.01028	0.01197	0.00930	0.01417
9	0.01250	0.00893	0.01191	0.01429	0.01488	0.00834	0.00953	0.01429	0.01965	0.02620	0.05656	0.63265	0.06787	0.03215	0.01310	0.00417	0.00595	0.02917	0.00953	0.00834
10	0.02762	0.02312	0.02384	0.05544	0.02882	0.09197	0.01801	0.22273	0.03354	0.04253	0.04044	0.06225	0.07942	0.01876	0.01167	0.00365	0.01115	0.18322	0.00897	0.01286
11	0.02658	0.03881	0.35869	0.02637	0.03833	0.02081	0.07734	0.03576	0.02364	0.15782	0.02496	0.02669	0.01722	0.01051	0.00988	0.00318	0.01300	0.00880	0.06655	0.01507
