[name]
unknown

[dist]
# distance from previous block
# <min> <max>
0	46

[block]
# block no. 0 follows, 11 sequences, length 10
# corresponding to MSA columns:
# 52-61
name=unknown_A
#
# <colnr> <probs for GDERKNQSTAVLIFYWHMCP>
#	G	D	E	R	K	N	Q	S	T	A	V	L	I	F	Y	W	H	M	C	P
0	0.01814	0.01296	0.01814	0.02073	0.02332	0.01296	0.01814	0.02332	0.02591	0.03368	0.05959	0.12696	0.06478	0.03109	0.01555	0.00518	0.01036	0.45848	0.01036	0.01036
1	0.02722	0.07515	0.03964	0.35120	0.06207	0.02921	0.08020	0.12999	0.02949	0.03839	0.02144	0.02837	0.01607	0.01139	0.01113	0.00356	0.01463	0.01005	0.00640	0.01439
2	0.10021	0.02357	0.03146	0.08345	0.10423	0.02598	0.02236	0.11296	0.02956	0.20063	0.02759	0.02969	0.01980	0.01381	0.01571	0.00375	0.11979	0.01003	0.00908	0.01634
3	0.01898	0.01152	0.01480	0.01544	0.01792	0.01037	0.01100	0.02174	0.02470	0.10196	0.11351	0.38997	0.14502	0.03000	0.01366	0.00419	0.00670	0.02665	0.01112	0.01074
4	0.01608	0.01206	0.01809	0.01809	0.02010	0.01407	0.01407	0.02010	0.01809	0.02613	0.03015	0.04422	0.02814	0.08441	0.55984	0.01809	0.03015	0.01206	0.00603	0.01005
5	0.03195	0.17924	0.15474	0.07940	0.03979	0.03307	0.02631	0.16163	0.03144	0.07632	0.02211	0.02492	0.01669	0.01225	0.01233	0.00335	0.06231	0.00875	0.00722	0.01618
6	0.03519	0.01626	0.02047	0.01706	0.02304	0.01519	0.01361	0.04260	0.07725	0.28821	0.13347	0.04806	0.04339	0.01558	0.01092	0.00333	0.00774	0.01296	0.16017	0.01548
7	0.01599	0.01001	0.01225	0.01405	0.01532	0.00956	0.00964	0.01898	0.02219	0.03288	0.05410	0.42319	0.06016	0.02832	0.01233	0.00396	0.00613	0.02526	0.21611	0.00956
8	0.02448	0.04463	0.33866	0.14978	0.05482	0.02691	0.08857	0.07375	0.02631	0.03724	0.02103	0.02612	0.01515	0.01092	0.01115	0.00361	0.01619	0.00939	0.00547	0.01580
9	0.02915	0.02739	0.03597	0.22495	0.12717	0.09981	0.06694	0.04065	0.12290	0.07240	0.02701	0.03135	0.02035	0.01196	0.01130	0.00357	0.01422	0.01055	0.00721	0.01518

[dist]
# distance from previous block
# <min> <max>
0	1

[block]
# block no. 1 follows, 11 sequences, length 37
# corresponding to MSA columns:
# 63-99
name=unknown_B
#
# <colnr> <probs for GDERKNQSTAVLIFYWHMCP>
#	G	D	E	R	K	N	Q	S	T	A	V	L	I	F	Y	W	H	M	C	P
0	0.48605	0.02090	0.01980	0.02021	0.07111	0.02286	0.01441	0.03371	0.02180	0.09766	0.02937	0.03061	0.06806	0.01264	0.00847	0.00350	0.00893	0.00884	0.00791	0.01317
1	0.48479	0.02206	0.01902	0.01661	0.02377	0.02473	0.01343	0.03791	0.11809	0.04838	0.02212	0.02353	0.01707	0.01119	0.00800	0.00336	0.00871	0.00747	0.00783	0.08193
2	0.01528	0.01136	0.01348	0.01301	0.01546	0.01037	0.00929	0.01885	0.02704	0.03638	0.31452	0.08877	0.21143	0.14030	0.02204	0.00508	0.00653	0.02051	0.01074	0.00955
3	0.62038	0.02150	0.01750	0.01533	0.02247	0.02438	0.01263	0.03527	0.02047	0.09983	0.01856	0.02029	0.01376	0.01080	0.00740	0.00348	0.00879	0.00662	0.00766	0.01289
4	0.02235	0.01260	0.01634	0.01603	0.01913	0.01151	0.01193	0.02558	0.02582	0.13755	0.13967	0.24632	0.11253	0.08485	0.01787	0.00479	0.00768	0.06494	0.01112	0.01138
5	0.01631	0.01101	0.01292	0.01340	0.01371	0.01096	0.00824	0.01698	0.01776	0.02359	0.04016	0.12498	0.04620	0.49837	0.04943	0.00979	0.01047	0.06087	0.00749	0.00737
6	0.02257	0.05822	0.54613	0.03208	0.04871	0.02614	0.04158	0.03564	0.02376	0.03564	0.02020	0.02376	0.01426	0.01069	0.01069	0.00356	0.01663	0.00832	0.00475	0.01663
7	0.04279	0.03153	0.03378	0.02590	0.03490	0.03490	0.02139	0.49671	0.05292	0.07093	0.02702	0.02702	0.01914	0.01351	0.01126	0.00338	0.01239	0.01013	0.01126	0.01914
8	0.02334	0.02001	0.02334	0.01667	0.02667	0.01500	0.01334	0.02834	0.02334	0.03668	0.02001	0.02334	0.01667	0.00834	0.00834	0.00167	0.00834	0.00667	0.00667	0.67325
9	0.02800	0.02418	0.02545	0.02291	0.02927	0.02800	0.01782	0.05981	0.51390	0.04708	0.04581	0.04199	0.03436	0.01527	0.01145	0.00382	0.00891	0.01273	0.01145	0.01782
10	0.68395	0.02177	0.01654	0.01480	0.02177	0.02525	0.01219	0.03309	0.01915	0.05050	0.01567	0.01828	0.01219	0.01045	0.00697	0.00348	0.00871	0.00609	0.00697	0.01219
11	0.02800	0.02418	0.02545	0.02291	0.02927	0.02800	0.01782	0.05981	0.51390	0.04708	0.04581	0.04199	0.03436	0.01527	0.01145	0.00382	0.00891	0.01273	0.01145	0.01782
12	0.68395	0.02177	0.01654	0.01480	0.02177	0.02525	0.01219	0.03309	0.01915	0.05050	0.01567	0.01828	0.01219	0.01045	0.00697	0.00348	0.00871	0.00609	0.00697	0.01219
13	0.02786	0.02674	0.04568	0.06908	0.53424	0.02674	0.03454	0.03454	0.02563	0.03677	0.02117	0.02786	0.01783	0.01003	0.01114	0.00334	0.01337	0.01003	0.00557	0.01783
14	0.02800	0.02418	0.02545	0.02291	0.02927	0.02800	0.01782	0.05981	0.51390	0.04708	0.04581	0.04199	0.03436	0.01527	0.01145	0.00382	0.00891	0.01273	0.01145	0.01782
15	0.01414	0.01010	0.01356	0.01617	0.01701	0.00951	0.01120	0.01642	0.02197	0.02921	0.06180	0.55124	0.07350	0.03486	0.01448	0.00463	0.00690	0.07360	0.01044	0.00926
16	0.04060	0.02941	0.03144	0.02435	0.03272	0.03245	0.02003	0.44945	0.04997	0.06802	0.02800	0.02852	0.02012	0.01347	0.01092	0.00330	0.01167	0.01017	0.07711	0.01827
17	0.01570	0.01206	0.01454	0.01514	0.01756	0.01155	0.01087	0.02181	0.07563	0.03541	0.19767	0.30226	0.17063	0.02852	0.01356	0.00406	0.00627	0.02520	0.01108	0.01051
18	0.01350	0.01063	0.01219	0.01344	0.01574	0.00933	0.00946	0.01592	0.02369	0.02960	0.08916	0.34209	0.31194	0.03174	0.01381	0.00417	0.00610	0.02770	0.01045	0.00933
19	0.02383	0.01490	0.01535	0.01377	0.01790	0.01520	0.01072	0.11869	0.02990	0.04548	0.05016	0.05217	0.12661	0.01626	0.00963	0.00301	0.00677	0.01306	0.40458	0.01203
20	0.10815	0.02470	0.02847	0.02203	0.03070	0.02523	0.01820	0.24171	0.03981	0.29328	0.03421	0.03156	0.02262	0.01342	0.01087	0.00344	0.01069	0.01031	0.01212	0.01848
21	0.04079	0.02074	0.02471	0.01973	0.02708	0.02061	0.01604	0.15241	0.07775	0.28833	0.03894	0.03674	0.02660	0.01379	0.01062	0.00332	0.00930	0.01100	0.14421	0.01729
22	0.01417	0.01012	0.01358	0.01619	0.01704	0.00953	0.01124	0.01646	0.02200	0.02924	0.06178	0.54874	0.07345	0.03483	0.01449	0.00463	0.00692	0.07587	0.01044	0.00927
23	0.02955	0.02880	0.04925	0.03701	0.04512	0.03090	0.25592	0.12843	0.08052	0.04234	0.02440	0.02975	0.01882	0.01294	0.01744	0.00394	0.13004	0.01191	0.00724	0.01567
24	0.01955	0.00978	0.01466	0.01466	0.01466	0.00978	0.00978	0.01466	0.01466	0.01955	0.01955	0.03421	0.01955	0.03910	0.04399	0.67253	0.00978	0.00978	0.00489	0.00489
25	0.01409	0.01044	0.01326	0.01535	0.01683	0.00961	0.01087	0.01656	0.02282	0.02958	0.07213	0.45099	0.16407	0.03348	0.01428	0.00448	0.00676	0.07462	0.01044	0.00934
26	0.02486	0.16143	0.33522	0.03185	0.04507	0.03076	0.10951	0.03473	0.02358	0.03329	0.01933	0.02376	0.01479	0.01092	0.01226	0.00347	0.05581	0.00878	0.00493	0.01566
27	0.02864	0.54976	0.05448	0.01874	0.02765	0.04106	0.01837	0.03243	0.02379	0.02839	0.06818	0.02482	0.02385	0.01100	0.00784	0.00252	0.01135	0.00749	0.00559	0.01405
28	0.02418	0.02250	0.03642	0.30040	0.05644	0.02664	0.08958	0.07571	0.02615	0.03534	0.07120	0.03426	0.02481	0.01386	0.01611	0.00390	0.11127	0.01147	0.00645	0.01331
29	0.03033	0.02975	0.03243	0.36000	0.06003	0.18028	0.02697	0.03616	0.02624	0.08100	0.02174	0.02802	0.01617	0.01163	0.01094	0.00347	0.01599	0.00933	0.00615	0.01334
30	0.02860	0.02216	0.03875	0.33190	0.10483	0.02404	0.10601	0.03573	0.02541	0.13375	0.02547	0.03154	0.01818	0.01139	0.01160	0.00367	0.01444	0.01082	0.00696	0.01476
31	0.09690	0.01888	0.02762	0.29901	0.05124	0.02092	0.02286	0.03545	0.02489	0.18056	0.03103	0.09009	0.02463	0.01444	0.01116	0.00373	0.01190	0.01227	0.00837	0.01406
32	0.08927	0.07995	0.15076	0.13303	0.04024	0.02394	0.02460	0.07523	0.02561	0.03697	0.03129	0.14724	0.03051	0.01740	0.01127	0.00379	0.01219	0.04600	0.00724	0.01346
33	0.09946	0.02123	0.06318	0.08215	0.08139	0.01852	0.02000	0.03878	0.02651	0.25103	0.03847	0.14461	0.03226	0.01693	0.01142	0.00372	0.01033	0.01443	0.01013	0.01546
34	0.03280	0.03252	0.18709	0.12062	0.04569	0.02306	0.06869	0.04351	0.07592	0.20882	0.03124	0.03221	0.02130	0.01225	0.01131	0.00361	0.01338	0.01051	0.00869	0.01679
35	0.27564	0.03004	0.15601	0.02527	0.08027	0.02271	0.02212	0.03578	0.02286	0.12384	0.02417	0.02964	0.01883	0.07192	0.01422	0.00425	0.01157	0.00898	0.00740	0.01450
36	0.02894	0.02616	0.11521	0.03087	0.13127	0.01989	0.02299	0.03797	0.07699	0.15051	0.08369	0.09447	0.03572	0.01527	0.01140	0.00344	0.01060	0.01325	0.00920	0.08214

[dist]
# distance from previous block
# <min> <max>
0	40

[block]
# block no. 2 follows, 11 sequences, length 18
# corresponding to MSA columns:
# 142-159
name=unknown_C
#
# <colnr> <probs for GDERKNQSTAVLIFYWHMCP>
#	G	D	E	R	K	N	Q	S	T	A	V	L	I	F	Y	W	H	M	C	P
0	0.02769	0.02766	0.18046	0.02243	0.03053	0.01687	0.02246	0.03404	0.02577	0.18291	0.04381	0.21447	0.04140	0.02107	0.01245	0.00400	0.01087	0.05690	0.00973	0.01450
1	0.02443	0.11577	0.02911	0.01709	0.02703	0.01979	0.01430	0.02921	0.02326	0.03502	0.01930	0.02248	0.01631	0.00855	0.00816	0.00179	0.00893	0.00656	0.00637	0.56654
2	0.03017	0.46252	0.13532	0.02201	0.03271	0.04057	0.02309	0.08123	0.02608	0.03250	0.01754	0.01989	0.01489	0.01020	0.00820	0.00269	0.01282	0.00681	0.00546	0.01528
3	0.01955	0.00978	0.01466	0.01466	0.01466	0.00978	0.00978	0.01466	0.01466	0.01955	0.01955	0.03421	0.01955	0.03910	0.04399	0.67253	0.00978	0.00978	0.00489	0.00489
4	0.01729	0.01313	0.01911	0.10935	0.02996	0.01374	0.01791	0.02186	0.02402	0.03137	0.05393	0.25507	0.05967	0.02915	0.01449	0.00476	0.00994	0.25537	0.00952	0.01034
5	0.02219	0.11497	0.03545	0.29653	0.12867	0.02535	0.02553	0.02793	0.02328	0.02980	0.03307	0.08971	0.07350	0.01484	0.01109	0.00355	0.01251	0.01286	0.00613	0.01302
6	0.08893	0.26633	0.20314	0.02456	0.03573	0.08496	0.02613	0.08709	0.02704	0.03659	0.01852	0.02109	0.01471	0.01066	0.00902	0.00302	0.01401	0.00733	0.00580	0.01532
7	0.02700	0.02034	0.07590	0.08224	0.03072	0.01827	0.01872	0.03136	0.02232	0.15918	0.03150	0.04400	0.02691	0.16368	0.13963	0.00843	0.06705	0.01204	0.00790	0.01280
8	0.19520	0.15273	0.07798	0.01888	0.02763	0.02505	0.01764	0.03940	0.02555	0.21243	0.03542	0.03426	0.06760	0.01322	0.00948	0.00328	0.01019	0.00978	0.00904	0.01526
9	0.14312	0.08333	0.11001	0.02750	0.07986	0.02388	0.05680	0.04317	0.02692	0.25335	0.02964	0.02941	0.02029	0.01178	0.01026	0.00340	0.01177	0.00955	0.00918	0.01678
10	0.02755	0.08697	0.11433	0.08031	0.09637	0.11175	0.05900	0.07595	0.02703	0.03413	0.02623	0.08856	0.02459	0.07978	0.01621	0.00426	0.01437	0.01214	0.00655	0.01389
11	0.10186	0.02529	0.03397	0.09789	0.13206	0.07646	0.08425	0.03420	0.02519	0.08369	0.02594	0.07792	0.02227	0.01267	0.01072	0.00327	0.01271	0.01129	0.00711	0.12125
12	0.03237	0.03969	0.19571	0.14884	0.04795	0.11282	0.02950	0.12458	0.03124	0.09608	0.02369	0.02681	0.01690	0.01186	0.01090	0.00345	0.01528	0.00919	0.00723	0.01590
13	0.02774	0.02103	0.02832	0.14945	0.09730	0.02151	0.02094	0.12143	0.03010	0.08722	0.03745	0.09972	0.07326	0.01566	0.01132	0.00336	0.01088	0.01338	0.00853	0.12143
14	0.02572	0.17414	0.08176	0.08253	0.08681	0.03077	0.09959	0.03499	0.08176	0.03416	0.07032	0.03234	0.02634	0.01294	0.01360	0.00349	0.07682	0.01070	0.00656	0.01466
15	0.02823	0.24496	0.09340	0.14765	0.04442	0.03082	0.07149	0.03444	0.02419	0.07906	0.02100	0.02504	0.01635	0.01034	0.00958	0.00298	0.01320	0.00844	0.00601	0.08840
16	0.03782	0.11818	0.04000	0.02595	0.03463	0.02527	0.12299	0.09305	0.03028	0.24456	0.03214	0.03528	0.02352	0.06715	0.01536	0.00406	0.01251	0.01124	0.00966	0.01636
17	0.10348	0.09032	0.03416	0.06471	0.03458	0.02381	0.09405	0.07858	0.02934	0.13303	0.11069	0.04657	0.03721	0.01519	0.01138	0.00359	0.01134	0.05427	0.00925	0.01447

[dist]
# distance from previous block
# <min> <max>
42	162

[block]
# block no. 3 follows, 11 sequences, length 34
# corresponding to MSA columns:
# 356-389
name=unknown_D
#
# <colnr> <probs for GDERKNQSTAVLIFYWHMCP>
#	G	D	E	R	K	N	Q	S	T	A	V	L	I	F	Y	W	H	M	C	P
0	0.02446	0.13589	0.23351	0.02409	0.03463	0.07866	0.02574	0.03188	0.02480	0.03348	0.06468	0.08769	0.02847	0.01383	0.01029	0.00312	0.01299	0.01104	0.00638	0.11436
1	0.10359	0.13700	0.20436	0.02398	0.03532	0.02750	0.02540	0.08996	0.02863	0.18152	0.02645	0.02662	0.01841	0.01169	0.00993	0.00331	0.01256	0.00872	0.00827	0.01676
2	0.09372	0.02157	0.07564	0.01995	0.02609	0.01851	0.01745	0.07282	0.07690	0.12779	0.11603	0.15069	0.04897	0.02038	0.01212	0.00390	0.00929	0.06363	0.01054	0.01401
3	0.02371	0.01832	0.02442	0.11808	0.03405	0.01748	0.01719	0.02859	0.02418	0.08005	0.07984	0.09404	0.03286	0.01476	0.01271	0.00299	0.05762	0.01212	0.00789	0.29911
4	0.03007	0.02888	0.12513	0.07203	0.08646	0.02206	0.02374	0.07151	0.07708	0.12749	0.02753	0.02918	0.02013	0.01123	0.01033	0.00301	0.01148	0.00925	0.00815	0.20526
5	0.02914	0.08348	0.03482	0.09015	0.20087	0.02272	0.02289	0.03446	0.02581	0.12465	0.03441	0.03677	0.07378	0.01250	0.01051	0.00307	0.01101	0.01072	0.00765	0.13061
6	0.02325	0.02108	0.03155	0.12552	0.04037	0.02291	0.10402	0.03923	0.20642	0.03897	0.09036	0.09582	0.04118	0.01729	0.01251	0.00395	0.01135	0.05074	0.00918	0.01430
7	0.02557	0.03218	0.11345	0.10276	0.05977	0.02785	0.39610	0.03523	0.02583	0.03523	0.02220	0.02963	0.01656	0.00980	0.01279	0.00377	0.01830	0.01241	0.00552	0.01505
8	0.01424	0.01144	0.01270	0.01239	0.01578	0.00990	0.00929	0.01797	0.02787	0.03567	0.26202	0.09966	0.37839	0.02654	0.01329	0.00371	0.00556	0.02254	0.01114	0.00990
9	0.01358	0.01147	0.01207	0.01207	0.01569	0.00995	0.00910	0.01654	0.02490	0.02998	0.10570	0.10196	0.47991	0.03405	0.06753	0.00522	0.00813	0.02259	0.01001	0.00956
10	0.01589	0.01071	0.01242	0.01288	0.01300	0.01059	0.00747	0.01624	0.01730	0.02306	0.04022	0.16737	0.04692	0.50254	0.04960	0.00978	0.01013	0.01917	0.00747	0.00724
11	0.02648	0.01211	0.01340	0.01227	0.01602	0.01162	0.00948	0.03156	0.02521	0.13516	0.03815	0.04128	0.02866	0.01327	0.00851	0.00278	0.00605	0.01064	0.54523	0.01211
12	0.04279	0.03153	0.03378	0.02590	0.03490	0.03490	0.02139	0.49671	0.05292	0.07093	0.02702	0.02702	0.01914	0.01351	0.01126	0.00338	0.01239	0.01013	0.01126	0.01914
13	0.02126	0.02001	0.03376	0.57739	0.07752	0.02501	0.03126	0.02876	0.02251	0.02876	0.02001	0.03001	0.01500	0.01125	0.01125	0.00375	0.01500	0.01000	0.00500	0.01250
14	0.02800	0.02418	0.02545	0.02291	0.02927	0.02800	0.01782	0.05981	0.51390	0.04708	0.04581	0.04199	0.03436	0.01527	0.01145	0.00382	0.00891	0.01273	0.01145	0.01782
15	0.02462	0.02462	0.03447	0.02955	0.02955	0.03447	0.02462	0.02709	0.01724	0.02709	0.01477	0.02462	0.01477	0.01970	0.03694	0.00492	0.58385	0.00985	0.00492	0.01231
16	0.04279	0.03153	0.03378	0.02590	0.03490	0.03490	0.02139	0.49671	0.05292	0.07093	0.02702	0.02702	0.01914	0.01351	0.01126	0.00338	0.01239	0.01013	0.01126	0.01914
17	0.02657	0.03036	0.06641	0.04744	0.05882	0.02846	0.49336	0.03605	0.02657	0.03605	0.02277	0.03036	0.01708	0.00949	0.01328	0.00380	0.01898	0.01328	0.00569	0.01518
18	0.01371	0.00979	0.01306	0.01567	0.01632	0.00914	0.01045	0.01567	0.02155	0.02873	0.06203	0.59710	0.07444	0.03526	0.01437	0.00457	0.00653	0.03200	0.01045	0.00914
19	0.03636	0.02833	0.03016	0.02460	0.03246	0.03190	0.01984	0.30690	0.25319	0.06057	0.03518	0.03353	0.02575	0.01428	0.01134	0.00357	0.01087	0.01126	0.01134	0.01856
20	0.02657	0.03036	0.06641	0.04744	0.05882	0.02846	0.49336	0.03605	0.02657	0.03605	0.02277	0.03036	0.01708	0.00949	0.01328	0.00380	0.01898	0.01328	0.00569	0.01518
21	0.01671	0.01108	0.01306	0.01275	0.01397	0.01076	0.00828	0.01915	0.02262	0.03223	0.20979	0.07393	0.06270	0.33540	0.03642	0.00742	0.00832	0.01715	0.07971	0.00856
22	0.01519	0.01148	0.01402	0.01339	0.01636	0.01031	0.01004	0.01981	0.03012	0.04100	0.41203	0.09088	0.22505	0.02455	0.01328	0.00361	0.00542	0.02131	0.01185	0.01031
23	0.49795	0.02364	0.02149	0.06251	0.02898	0.02722	0.01563	0.12855	0.02640	0.05297	0.01837	0.02104	0.01385	0.01115	0.00820	0.00348	0.00998	0.00724	0.00769	0.01365
24	0.02257	0.05822	0.54613	0.03208	0.04871	0.02614	0.04158	0.03564	0.02376	0.03564	0.02020	0.02376	0.01426	0.01069	0.01069	0.00356	0.01663	0.00832	0.00475	0.01663
25	0.01371	0.00979	0.01306	0.01567	0.01632	0.00914	0.01045	0.01567	0.02155	0.02873	0.06203	0.59710	0.07444	0.03526	0.01437	0.00457	0.00653	0.03200	0.01045	0.00914
26	0.02805	0.02954	0.03719	0.13230	0.18616	0.12217	0.02813	0.03266	0.02313	0.03028	0.01798	0.02571	0.01566	0.01405	0.02044	0.00391	0.22382	0.00947	0.00528	0.01409
27	0.02383	0.02169	0.03490	0.47916	0.11727	0.02606	0.03068	0.07150	0.02555	0.03332	0.02075	0.02953	0.01565	0.01134	0.01124	0.00368	0.01461	0.01002	0.00562	0.01361
28	0.02800	0.02418	0.02545	0.02291	0.02927	0.02800	0.01782	0.05981	0.51390	0.04708	0.04581	0.04199	0.03436	0.01527	0.01145	0.00382	0.00891	0.01273	0.01145	0.01782
29	0.02970	0.02157	0.02773	0.16454	0.04058	0.02247	0.02006	0.15926	0.03375	0.09884	0.11552	0.03854	0.03413	0.01374	0.01110	0.00321	0.01077	0.01143	0.00929	0.13377
30	0.01669	0.01080	0.01252	0.01252	0.01252	0.01080	0.00712	0.01619	0.01619	0.02159	0.03385	0.06965	0.03875	0.54700	0.05594	0.07814	0.01080	0.01570	0.00662	0.00662
31	0.26850	0.02026	0.02327	0.07772	0.03130	0.02037	0.01626	0.04166	0.02565	0.26179	0.02915	0.02882	0.01980	0.01184	0.00947	0.00333	0.00973	0.00886	0.00977	0.08245
32	0.33071	0.17796	0.12791	0.01970	0.02934	0.02945	0.01995	0.03588	0.02226	0.09038	0.01937	0.02124	0.01471	0.01063	0.00816	0.00323	0.01113	0.00701	0.00669	0.01429
33	0.03249	0.03714	0.17594	0.03305	0.08799	0.02930	0.07535	0.23878	0.03708	0.05149	0.02355	0.02623	0.01726	0.01154	0.01104	0.00331	0.01393	0.00964	0.00798	0.07691

[dist]
# distance from previous block
# <min> <max>
0	7

[block]
# block no. 4 follows, 11 sequences, length 20
# corresponding to MSA columns:
# 397-413,431-433
name=unknown_E
#
# <colnr> <probs for GDERKNQSTAVLIFYWHMCP>
#	G	D	E	R	K	N	Q	S	T	A	V	L	I	F	Y	W	H	M	C	P
0	0.01614	0.01144	0.01477	0.01500	0.01689	0.01090	0.01104	0.02000	0.02667	0.03684	0.30360	0.14375	0.08297	0.14289	0.02263	0.00540	0.00738	0.09131	0.01073	0.00965
1	0.04208	0.03402	0.03214	0.02576	0.03393	0.12961	0.02078	0.34263	0.08448	0.09893	0.02816	0.02790	0.02021	0.01333	0.01107	0.00333	0.01334	0.00991	0.01048	0.01791
2	0.02691	0.01487	0.01909	0.01739	0.02156	0.01402	0.01318	0.07439	0.03033	0.17348	0.18553	0.24885	0.06568	0.02404	0.01295	0.00388	0.00756	0.02111	0.01200	0.01318
3	0.02766	0.01401	0.01842	0.01615	0.02083	0.01245	0.01251	0.03206	0.03034	0.21737	0.27145	0.12501	0.11217	0.02160	0.01270	0.00365	0.00698	0.01871	0.01256	0.01337
4	0.04400	0.01990	0.02554	0.02019	0.02805	0.01860	0.01645	0.09049	0.07954	0.40076	0.09477	0.04256	0.03609	0.01499	0.01154	0.00351	0.00930	0.01231	0.01330	0.01811
5	0.01442	0.01069	0.01345	0.01435	0.01629	0.00973	0.01016	0.01772	0.02594	0.03482	0.23605	0.32596	0.16968	0.02969	0.01378	0.00407	0.00595	0.02637	0.01113	0.00973
6	0.22020	0.01985	0.02355	0.01863	0.02687	0.01888	0.01538	0.04902	0.02872	0.41035	0.03671	0.03294	0.02366	0.01300	0.01015	0.00348	0.00934	0.00992	0.01206	0.01729
7	0.14682	0.02863	0.03018	0.02348	0.03213	0.03138	0.01939	0.37474	0.04527	0.11812	0.02706	0.02682	0.01896	0.01306	0.01057	0.00341	0.01149	0.00961	0.01085	0.01802
8	0.02126	0.02001	0.03376	0.57739	0.07752	0.02501	0.03126	0.02876	0.02251	0.02876	0.02001	0.03001	0.01500	0.01125	0.01125	0.00375	0.01500	0.01000	0.00500	0.01250
9	0.10574	0.02391	0.03763	0.04443	0.26308	0.02321	0.06618	0.04154	0.02729	0.21273	0.02875	0.03066	0.02063	0.01137	0.01094	0.00345	0.01205	0.01034	0.00862	0.01745
10	0.03317	0.02262	0.04180	0.03102	0.03973	0.02067	0.22647	0.03998	0.02964	0.22121	0.12912	0.04371	0.03835	0.01373	0.01257	0.00363	0.01291	0.01395	0.00998	0.01573
11	0.01371	0.00979	0.01306	0.01567	0.01632	0.00914	0.01045	0.01567	0.02155	0.02873	0.06203	0.59710	0.07444	0.03526	0.01437	0.00457	0.00653	0.03200	0.01045	0.00914
12	0.02098	0.01049	0.01049	0.01049	0.01311	0.01049	0.00787	0.02623	0.02360	0.04196	0.03672	0.04196	0.02885	0.01311	0.00787	0.00262	0.00525	0.01049	0.66693	0.01049
13	0.01470	0.01146	0.01333	0.01286	0.01606	0.01009	0.00965	0.01885	0.02895	0.03822	0.33376	0.09546	0.30505	0.02559	0.01329	0.00366	0.00549	0.02195	0.01148	0.01009
14	0.04204	0.05364	0.03190	0.02900	0.03480	0.55926	0.02175	0.04494	0.03190	0.02755	0.01740	0.02030	0.01450	0.01160	0.01015	0.00290	0.02030	0.00725	0.00580	0.01305
15	0.02510	0.19427	0.13113	0.02028	0.03142	0.02543	0.02029	0.03122	0.02329	0.03360	0.01881	0.02192	0.01559	0.00914	0.00846	0.00223	0.01093	0.00679	0.00579	0.36429
16	0.04242	0.02827	0.12468	0.02757	0.08215	0.02104	0.02337	0.09111	0.03197	0.35494	0.03604	0.03354	0.02355	0.01291	0.01118	0.00347	0.01151	0.01053	0.01117	0.01856
17	0.01929	0.01225	0.01612	0.01473	0.01797	0.01120	0.01120	0.02450	0.03189	0.09339	0.48131	0.07963	0.09859	0.02213	0.01308	0.00353	0.00572	0.01948	0.01254	0.01145
18	0.02793	0.02524	0.03858	0.14118	0.17734	0.07459	0.11052	0.03390	0.02588	0.08701	0.02994	0.12071	0.02703	0.01479	0.01199	0.00367	0.01386	0.01402	0.00719	0.01464
19	0.03309	0.02425	0.02868	0.18250	0.04255	0.07513	0.02133	0.14922	0.03305	0.13091	0.08023	0.03592	0.02840	0.01584	0.01403	0.05779	0.01245	0.01109	0.00899	0.01456

[dist]
# distance from previous block
# <min> <max>
0	2

[block]
# block no. 5 follows, 11 sequences, length 22
# corresponding to MSA columns:
# 436-457
name=unknown_F
#
# <colnr> <probs for GDERKNQSTAVLIFYWHMCP>
#	G	D	E	R	K	N	Q	S	T	A	V	L	I	F	Y	W	H	M	C	P
0	0.13555	0.01312	0.01540	0.01610	0.01892	0.01293	0.01156	0.02389	0.02254	0.10042	0.05161	0.42218	0.05742	0.02811	0.01267	0.00424	0.00731	0.02474	0.01030	0.01100
1	0.39280	0.02093	0.02411	0.02347	0.07311	0.02242	0.05426	0.03317	0.02324	0.08517	0.07172	0.03814	0.02818	0.01373	0.00962	0.00366	0.00988	0.05106	0.00812	0.01320
2	0.04074	0.03109	0.03163	0.02451	0.03333	0.07942	0.01998	0.35866	0.04545	0.09890	0.02655	0.02679	0.01906	0.01268	0.01077	0.00312	0.01236	0.00950	0.01035	0.10510
3	0.03695	0.02143	0.02413	0.01933	0.02707	0.06653	0.01530	0.04104	0.02820	0.27879	0.03710	0.10617	0.02951	0.01491	0.01075	0.00304	0.00983	0.01232	0.01059	0.20702
4	0.18819	0.02322	0.02887	0.02260	0.03100	0.02360	0.06097	0.11890	0.07664	0.26288	0.03325	0.03159	0.02253	0.01279	0.01052	0.00353	0.01064	0.01026	0.01093	0.01708
5	0.02182	0.01597	0.02488	0.29486	0.04816	0.01789	0.02150	0.02682	0.02329	0.08971	0.03909	0.24940	0.03942	0.02082	0.01246	0.00403	0.01110	0.01863	0.00816	0.01200
6	0.01369	0.01113	0.01212	0.01247	0.01559	0.00957	0.00913	0.01667	0.02567	0.03186	0.15415	0.19074	0.39993	0.02903	0.01348	0.00390	0.00580	0.02479	0.01068	0.00957
7	0.04204	0.05364	0.03190	0.02900	0.03480	0.55926	0.02175	0.04494	0.03190	0.02755	0.01740	0.02030	0.01450	0.01160	0.01015	0.00290	0.02030	0.00725	0.00580	0.01305
8	0.02257	0.05822	0.54613	0.03208	0.04871	0.02614	0.04158	0.03564	0.02376	0.03564	0.02020	0.02376	0.01426	0.01069	0.01069	0.00356	0.01663	0.00832	0.00475	0.01663
9	0.02597	0.02092	0.03318	0.41233	0.10952	0.02444	0.02856	0.03529	0.06983	0.09217	0.02542	0.03191	0.01860	0.01183	0.01127	0.00369	0.01364	0.01042	0.00672	0.01428
10	0.02098	0.01049	0.01049	0.01049	0.01311	0.01049	0.00787	0.02623	0.02360	0.04196	0.03672	0.04196	0.02885	0.01311	0.00787	0.00262	0.00525	0.01049	0.66693	0.01049
11	0.02342	0.01369	0.01748	0.01755	0.02067	0.01321	0.01272	0.02984	0.08894	0.14030	0.05614	0.40487	0.05924	0.02808	0.01333	0.00424	0.00749	0.02505	0.01132	0.01242
12	0.02657	0.35206	0.28728	0.02527	0.03818	0.03591	0.02972	0.03461	0.02329	0.03078	0.01778	0.02073	0.01436	0.01013	0.00885	0.00295	0.01419	0.00710	0.00479	0.01547
13	0.01431	0.01022	0.01375	0.01636	0.01727	0.00966	0.01149	0.01671	0.02214	0.02940	0.06170	0.53336	0.07313	0.03470	0.01453	0.00465	0.00705	0.08982	0.01044	0.00931
14	0.14348	0.02449	0.03918	0.08097	0.04227	0.02483	0.19338	0.09644	0.02888	0.08936	0.03595	0.03882	0.08512	0.01330	0.01153	0.00365	0.01328	0.01250	0.00801	0.01457
15	0.02666	0.02943	0.10738	0.20474	0.29388	0.02692	0.03332	0.07585	0.02702	0.03751	0.02125	0.02785	0.01667	0.01079	0.01113	0.00349	0.01418	0.00980	0.00583	0.01628
16	0.24244	0.02310	0.02497	0.08502	0.03316	0.02411	0.01717	0.13777	0.02929	0.08911	0.02218	0.02455	0.01650	0.01099	0.00914	0.00303	0.01026	0.00804	0.00819	0.18097
17	0.13245	0.02438	0.03157	0.08741	0.18835	0.02599	0.02314	0.08192	0.13742	0.04372	0.02619	0.02913	0.02040	0.01152	0.01024	0.00332	0.01108	0.00962	0.00774	0.09440
18	0.15328	0.02307	0.03172	0.02699	0.06831	0.02288	0.08064	0.08183	0.07595	0.26986	0.03366	0.03249	0.02293	0.01255	0.01082	0.00354	0.01110	0.01062	0.01059	0.01719
19	0.08400	0.02388	0.03219	0.15639	0.14886	0.02539	0.02394	0.11566	0.07566	0.09031	0.02584	0.02920	0.01933	0.01159	0.01056	0.00331	0.01181	0.00970	0.00800	0.09437
20	0.13297	0.02631	0.02925	0.09528	0.12852	0.09333	0.02105	0.03759	0.07068	0.07888	0.02360	0.02674	0.01826	0.01087	0.00977	0.00303	0.01187	0.00863	0.00724	0.16615
21	0.12024	0.02865	0.07447	0.03877	0.20409	0.02767	0.02525	0.19309	0.03369	0.04965	0.02621	0.07936	0.02255	0.01372	0.01088	0.00351	0.01201	0.01146	0.00813	0.01661

[dist]
# distance from previous block
# <min> <max>
0	46

[block]
# block no. 6 follows, 11 sequences, length 26
# corresponding to MSA columns:
# 504-529
name=unknown_G
#
# <colnr> <probs for GDERKNQSTAVLIFYWHMCP>
#	G	D	E	R	K	N	Q	S	T	A	V	L	I	F	Y	W	H	M	C	P
0	0.13429	0.02716	0.11082	0.15758	0.07890	0.02378	0.02453	0.09130	0.02849	0.09803	0.08934	0.03455	0.02848	0.01305	0.01073	0.00354	0.01194	0.01062	0.00805	0.01482
1	0.03030	0.02780	0.07712	0.04291	0.25272	0.02483	0.02660	0.09509	0.07282	0.08268	0.02570	0.02870	0.01978	0.01099	0.01064	0.00311	0.01187	0.00963	0.00762	0.13909
2	0.14436	0.02766	0.07569	0.04110	0.23708	0.02592	0.02585	0.09042	0.06694	0.11872	0.02620	0.02847	0.01952	0.01153	0.01046	0.00345	0.01182	0.00963	0.00808	0.01711
3	0.14579	0.02482	0.03196	0.10532	0.15741	0.02676	0.02330	0.14713	0.06748	0.12197	0.02673	0.02890	0.01952	0.01205	0.01052	0.00348	0.01166	0.00977	0.00875	0.01668
4	0.08197	0.02860	0.07279	0.02862	0.07674	0.02930	0.02282	0.21606	0.03456	0.08595	0.03073	0.03294	0.05819	0.01524	0.01635	0.00376	0.12974	0.01078	0.00873	0.01613
5	0.32547	0.02518	0.02799	0.03101	0.14890	0.02784	0.02004	0.12873	0.08206	0.05088	0.02259	0.02495	0.01738	0.01149	0.00932	0.00346	0.01059	0.00858	0.00798	0.01556
6	0.34946	0.02065	0.02351	0.16548	0.03831	0.02301	0.01834	0.03738	0.02331	0.16775	0.02401	0.02641	0.01686	0.01153	0.00919	0.00355	0.01060	0.00844	0.00819	0.01402
7	0.02098	0.01049	0.01049	0.01049	0.01311	0.01049	0.00787	0.02623	0.02360	0.04196	0.03672	0.04196	0.02885	0.01311	0.00787	0.00262	0.00525	0.01049	0.66693	0.01049
8	0.02376	0.02136	0.02896	0.02069	0.03087	0.01676	0.07600	0.02935	0.02376	0.03659	0.02037	0.02426	0.01672	0.00849	0.00898	0.00194	0.00972	0.00753	0.00654	0.58735
9	0.01618	0.01165	0.01599	0.01599	0.01728	0.01293	0.01145	0.01875	0.01747	0.02457	0.03207	0.05484	0.03275	0.27206	0.37850	0.01550	0.02321	0.01361	0.00631	0.00888
10	0.01549	0.01220	0.01793	0.14781	0.03072	0.01287	0.01534	0.01875	0.02177	0.02874	0.05215	0.46370	0.06046	0.02961	0.01363	0.00438	0.00852	0.02682	0.00917	0.00993
11	0.03578	0.02159	0.03035	0.03311	0.16513	0.02102	0.02098	0.11314	0.03367	0.22352	0.13755	0.04332	0.04028	0.01472	0.01167	0.00344	0.01016	0.01269	0.01090	0.01699
12	0.03422	0.10385	0.03877	0.14505	0.15915	0.06860	0.02560	0.14562	0.03237	0.10428	0.02422	0.02756	0.01814	0.01165	0.01063	0.00330	0.01333	0.00948	0.00776	0.01644
13	0.12944	0.02639	0.03241	0.30582	0.11933	0.09285	0.02666	0.07420	0.02630	0.03681	0.01979	0.02643	0.01524	0.01121	0.01044	0.00352	0.01424	0.00907	0.00604	0.01381
14	0.24414	0.02218	0.02550	0.15077	0.03824	0.02606	0.02020	0.10449	0.06586	0.04446	0.02630	0.03834	0.02247	0.01477	0.01230	0.00388	0.05374	0.06492	0.00781	0.01358
15	0.03478	0.09982	0.03773	0.03379	0.15283	0.02480	0.05648	0.04348	0.08814	0.19762	0.03092	0.03136	0.02246	0.01165	0.01057	0.00317	0.01129	0.01012	0.00900	0.08997
16	0.04721	0.02119	0.02783	0.02161	0.02958	0.02044	0.01787	0.10752	0.03345	0.43700	0.03957	0.03567	0.02560	0.01440	0.01361	0.00360	0.06147	0.01104	0.01279	0.01854
17	0.03018	0.01644	0.02567	0.02164	0.02701	0.01509	0.07406	0.03405	0.02729	0.21402	0.11395	0.10328	0.04672	0.02249	0.01704	0.09122	0.01002	0.08586	0.01064	0.01331
18	0.03087	0.02189	0.09203	0.13505	0.03801	0.01753	0.02119	0.03636	0.02623	0.23131	0.04100	0.18609	0.03606	0.01874	0.01205	0.00384	0.01079	0.01626	0.00995	0.01474
19	0.11473	0.07605	0.15555	0.08804	0.04229	0.02785	0.08382	0.08114	0.10263	0.08206	0.02611	0.02843	0.01909	0.01172	0.01055	0.00353	0.01322	0.00975	0.00756	0.01587
20	0.01676	0.01252	0.01544	0.01691	0.01858	0.01272	0.01197	0.02345	0.09772	0.03122	0.05578	0.39077	0.06278	0.10600	0.01965	0.00535	0.00789	0.07405	0.01012	0.01032
21	0.02972	0.02177	0.03658	0.17277	0.18670	0.02207	0.07715	0.03620	0.02729	0.15144	0.09258	0.03839	0.03089	0.01286	0.01172	0.00355	0.01247	0.01202	0.00825	0.01559
22	0.02888	0.52244	0.13718	0.02132	0.03207	0.04158	0.02284	0.03401	0.02301	0.02795	0.01638	0.01897	0.01441	0.00980	0.00778	0.00259	0.01277	0.00639	0.00480	0.01480
23	0.03233	0.01891	0.02426	0.06589	0.03085	0.01936	0.01824	0.09899	0.09154	0.19612	0.04600	0.12002	0.04068	0.02038	0.01269	0.00407	0.01016	0.12301	0.01129	0.01519
24	0.02898	0.01447	0.01879	0.01602	0.02120	0.01275	0.01261	0.03354	0.03104	0.23633	0.27562	0.07002	0.14138	0.02033	0.01252	0.00356	0.00703	0.01736	0.01269	0.01377
25	0.01371	0.00979	0.01306	0.01567	0.01632	0.00914	0.01045	0.01567	0.02155	0.02873	0.06203	0.59710	0.07444	0.03526	0.01437	0.00457	0.00653	0.03200	0.01045	0.00914

[dist]
# distance from previous block
# <min> <max>
0	251

[block]
# block no. 7 follows, 11 sequences, length 12
# corresponding to MSA columns:
# 781-792
name=unknown_H
#
# <colnr> <probs for GDERKNQSTAVLIFYWHMCP>
#	G	D	E	R	K	N	Q	S	T	A	V	L	I	F	Y	W	H	M	C	P
0	0.03653	0.01801	0.02252	0.01830	0.02422	0.01713	0.01423	0.10715	0.03181	0.28109	0.11570	0.05146	0.04167	0.14333	0.02158	0.00509	0.00962	0.01365	0.01175	0.01514
1	0.02451	0.02189	0.03997	0.03538	0.08941	0.02203	0.19092	0.03032	0.02462	0.07202	0.03624	0.16451	0.03587	0.01929	0.01624	0.00419	0.08137	0.06988	0.00781	0.01353
2	0.02221	0.01848	0.02221	0.01755	0.02595	0.01456	0.01438	0.02725	0.02390	0.03603	0.02859	0.04581	0.02710	0.01327	0.00990	0.00243	0.00878	0.10464	0.00747	0.52952
3	0.01574	0.01160	0.01505	0.01644	0.01879	0.01092	0.01296	0.01976	0.02610	0.03439	0.17137	0.22841	0.15773	0.02990	0.01437	0.00444	0.00752	0.18371	0.01084	0.00997
4	0.02705	0.48130	0.05011	0.01900	0.02698	0.03793	0.01813	0.03075	0.02183	0.02640	0.01879	0.02373	0.01741	0.02584	0.12705	0.00581	0.01596	0.00733	0.00508	0.01349
5	0.01384	0.01142	0.01215	0.01197	0.01553	0.00973	0.00898	0.01720	0.02693	0.03344	0.19930	0.10333	0.44250	0.02737	0.01330	0.00375	0.00562	0.02305	0.01085	0.00973
6	0.02161	0.04840	0.43164	0.02962	0.04321	0.02328	0.03650	0.03297	0.02423	0.03522	0.02874	0.04614	0.02521	0.01512	0.01175	0.00392	0.01527	0.10593	0.00597	0.01527
7	0.02759	0.42745	0.22086	0.02352	0.03548	0.03842	0.02668	0.03435	0.02317	0.02953	0.01716	0.01995	0.01438	0.00998	0.00838	0.00279	0.01356	0.00678	0.00479	0.01517
8	0.01424	0.01017	0.01367	0.01628	0.01716	0.00960	0.01137	0.01659	0.02207	0.02933	0.06174	0.54067	0.07328	0.03476	0.01451	0.00464	0.00699	0.08319	0.01044	0.00929
9	0.04929	0.02109	0.02732	0.02095	0.02970	0.01942	0.01730	0.12410	0.03546	0.46820	0.04168	0.03654	0.02649	0.01386	0.01131	0.00347	0.01002	0.01113	0.01351	0.01915
10	0.03201	0.02504	0.03862	0.16008	0.29114	0.02623	0.02928	0.10862	0.03019	0.11127	0.02510	0.02963	0.01886	0.01137	0.01121	0.00345	0.01302	0.01022	0.00752	0.01712
11	0.02521	0.01304	0.01769	0.01774	0.02106	0.01191	0.01344	0.02837	0.02536	0.18020	0.05648	0.35937	0.05925	0.02835	0.01366	0.00435	0.00803	0.09276	0.01146	0.01227

[dist]
# distance from previous block
# <min> <max>
0	7

[block]
# block no. 8 follows, 11 sequences, length 42
# corresponding to MSA columns:
# 800-841
name=unknown_I
#
# <colnr> <probs for GDERKNQSTAVLIFYWHMCP>
#	G	D	E	R	K	N	Q	S	T	A	V	L	I	F	Y	W	H	M	C	P
0	0.60300	0.02143	0.01777	0.01547	0.02266	0.02414	0.01275	0.03587	0.02082	0.11331	0.01934	0.02084	0.01419	0.01089	0.00752	0.00348	0.00882	0.00676	0.00786	0.01308
1	0.02755	0.02676	0.10975	0.20719	0.04945	0.02370	0.06346	0.04047	0.12785	0.11685	0.06613	0.03680	0.02771	0.01314	0.01153	0.00368	0.01274	0.01153	0.00832	0.01537
2	0.02956	0.02258	0.03458	0.29353	0.16320	0.02506	0.02790	0.07415	0.06199	0.11668	0.02653	0.03146	0.01937	0.01188	0.01125	0.00359	0.01314	0.01042	0.00751	0.01564
3	0.03033	0.02330	0.03436	0.20897	0.16427	0.02602	0.02665	0.07588	0.08961	0.11772	0.02759	0.03167	0.02050	0.01277	0.01334	0.00369	0.05886	0.01056	0.00788	0.01602
4	0.13382	0.08031	0.07741	0.19710	0.10972	0.02798	0.02573	0.10455	0.02792	0.08142	0.02212	0.02646	0.01647	0.01133	0.01015	0.00344	0.01282	0.00900	0.00702	0.01521
5	0.02971	0.01625	0.02065	0.01757	0.02272	0.01540	0.01379	0.09177	0.03379	0.19842	0.27756	0.10606	0.06853	0.02006	0.01251	0.00359	0.00762	0.01728	0.01255	0.01418
6	0.02098	0.01049	0.01049	0.01049	0.01311	0.01049	0.00787	0.02623	0.02360	0.04196	0.03672	0.04196	0.02885	0.01311	0.00787	0.00262	0.00525	0.01049	0.66693	0.01049
7	0.02901	0.01983	0.02392	0.01737	0.02710	0.01533	0.01401	0.03388	0.02519	0.14220	0.02510	0.02647	0.01901	0.00950	0.00896	0.00205	0.00859	0.00764	0.00818	0.53666
8	0.01608	0.01206	0.01809	0.01809	0.02010	0.01407	0.01407	0.02010	0.01809	0.02613	0.03015	0.04422	0.02814	0.08441	0.55984	0.01809	0.03015	0.01206	0.00603	0.01005
9	0.01612	0.01188	0.01717	0.01717	0.01886	0.01357	0.01292	0.01951	0.01782	0.02544	0.03099	0.04889	0.03017	0.16694	0.48009	0.01695	0.02710	0.01274	0.00615	0.00954
10	0.14985	0.02145	0.02577	0.02009	0.02857	0.02072	0.01659	0.11865	0.03329	0.39232	0.03720	0.03341	0.02405	0.01331	0.01062	0.00347	0.00987	0.01031	0.01242	0.01805
11	0.04927	0.02112	0.02734	0.02096	0.02971	0.01946	0.01731	0.12497	0.03550	0.46727	0.04165	0.03652	0.02648	0.01386	0.01131	0.00347	0.01002	0.01113	0.01351	0.01915
12	0.02126	0.02001	0.03376	0.57739	0.07752	0.02501	0.03126	0.02876	0.02251	0.02876	0.02001	0.03001	0.01500	0.01125	0.01125	0.00375	0.01500	0.01000	0.00500	0.01250
13	0.02972	0.12550	0.04261	0.24170	0.09318	0.02974	0.08577	0.10413	0.02877	0.07957	0.02282	0.02806	0.01711	0.01122	0.01081	0.00341	0.01401	0.00987	0.00680	0.01518
14	0.04466	0.01767	0.02405	0.01933	0.02676	0.01537	0.01558	0.04863	0.03052	0.46057	0.04720	0.12699	0.03525	0.01732	0.01180	0.00366	0.00909	0.01460	0.01338	0.01757
15	0.02420	0.01456	0.01839	0.01737	0.02092	0.01404	0.01292	0.08510	0.02977	0.12527	0.16299	0.30987	0.06684	0.02600	0.01320	0.00399	0.00751	0.02298	0.01160	0.01247
16	0.02656	0.02244	0.03325	0.02851	0.09680	0.01876	0.09248	0.03243	0.02484	0.07618	0.02250	0.02620	0.01776	0.00917	0.00971	0.00236	0.01076	0.00851	0.00694	0.43381
17	0.02505	0.04870	0.35503	0.11492	0.04959	0.09486	0.03591	0.03499	0.02401	0.03277	0.01931	0.02435	0.01445	0.01172	0.01312	0.00363	0.06891	0.00858	0.00494	0.01515
18	0.05050	0.01915	0.02612	0.02003	0.02873	0.01654	0.01654	0.05485	0.03221	0.54203	0.04440	0.03831	0.02786	0.01393	0.01132	0.00348	0.00958	0.01132	0.01393	0.01915
19	0.03009	0.61122	0.05898	0.01926	0.02889	0.04454	0.01926	0.03370	0.02287	0.02648	0.01565	0.01805	0.01444	0.00963	0.00722	0.00241	0.01204	0.00602	0.00481	0.01444
20	0.01412	0.01080	0.01296	0.01375	0.01604	0.00964	0.00981	0.01724	0.02561	0.03344	0.19757	0.29232	0.24657	0.02976	0.01371	0.00403	0.00593	0.02611	0.01094	0.00964
21	0.01484	0.01120	0.01370	0.01362	0.01628	0.01007	0.01001	0.01892	0.02847	0.03837	0.33735	0.17233	0.22071	0.02651	0.01346	0.00378	0.00561	0.02316	0.01153	0.01007
22	0.01446	0.01011	0.01284	0.01472	0.01519	0.00964	0.00943	0.01587	0.02009	0.02679	0.05457	0.45009	0.06503	0.19512	0.02642	0.00635	0.00776	0.02761	0.00943	0.00849
23	0.02985	0.01479	0.02032	0.01957	0.02418	0.01367	0.01617	0.03414	0.02758	0.22900	0.05416	0.17550	0.05223	0.02520	0.01371	0.00442	0.00939	0.21084	0.01176	0.01354
24	0.02334	0.02001	0.02334	0.01667	0.02667	0.01500	0.01334	0.02834	0.02334	0.03668	0.02001	0.02334	0.01667	0.00834	0.00834	0.00167	0.00834	0.00667	0.00667	0.67325
25	0.01608	0.01206	0.01809	0.01809	0.02010	0.01407	0.01407	0.02010	0.01809	0.02613	0.03015	0.04422	0.02814	0.08441	0.55984	0.01809	0.03015	0.01206	0.00603	0.01005
26	0.04519	0.02407	0.02888	0.02204	0.03098	0.02360	0.01817	0.22563	0.03957	0.31500	0.03554	0.03263	0.02350	0.01330	0.01104	0.00329	0.01057	0.01046	0.01227	0.07425
27	0.04196	0.02432	0.02776	0.02165	0.02959	0.02525	0.01776	0.28212	0.04176	0.21896	0.03412	0.03295	0.02344	0.01359	0.01076	0.00330	0.01039	0.01057	0.11192	0.01783
28	0.01365	0.01005	0.01280	0.01499	0.01615	0.00920	0.01015	0.01575	0.02220	0.02900	0.07028	0.51953	0.14669	0.03419	0.01420	0.00445	0.00640	0.03069	0.01045	0.00920
29	0.01502	0.01112	0.01420	0.01634	0.01751	0.01087	0.01112	0.01972	0.06674	0.03042	0.06055	0.54615	0.07076	0.03343	0.01410	0.00450	0.00675	0.03023	0.01054	0.00994
30	0.02738	0.02015	0.02674	0.07340	0.03058	0.02357	0.01922	0.10254	0.02823	0.10302	0.10694	0.13069	0.04092	0.02027	0.01991	0.00412	0.18431	0.01535	0.00913	0.01351
31	0.03253	0.02741	0.11418	0.12186	0.16028	0.02165	0.02675	0.03941	0.02662	0.19466	0.02801	0.03027	0.01983	0.01134	0.01079	0.00327	0.01231	0.00973	0.00813	0.10097
32	0.02587	0.30046	0.33273	0.02646	0.04003	0.03420	0.03180	0.03479	0.02337	0.03163	0.01820	0.02126	0.01434	0.01023	0.00917	0.00306	0.01462	0.00731	0.00478	0.01567
33	0.02800	0.02418	0.02545	0.02291	0.02927	0.02800	0.01782	0.05981	0.51390	0.04708	0.04581	0.04199	0.03436	0.01527	0.01145	0.00382	0.00891	0.01273	0.01145	0.01782
34	0.02126	0.02001	0.03376	0.57739	0.07752	0.02501	0.03126	0.02876	0.02251	0.02876	0.02001	0.03001	0.01500	0.01125	0.01125	0.00375	0.01500	0.01000	0.00500	0.01250
35	0.02723	0.17276	0.36298	0.02892	0.04237	0.11458	0.03378	0.03672	0.02487	0.03245	0.01881	0.02202	0.01433	0.01062	0.00988	0.00322	0.01626	0.00767	0.00493	0.01561
36	0.04050	0.02262	0.02660	0.02138	0.02923	0.02296	0.01734	0.15772	0.14716	0.27533	0.04622	0.04213	0.06780	0.01532	0.01150	0.00356	0.00978	0.01236	0.01245	0.01806
37	0.01371	0.00979	0.01306	0.01567	0.01632	0.00914	0.01045	0.01567	0.02155	0.02873	0.06203	0.59710	0.07444	0.03526	0.01437	0.00457	0.00653	0.03200	0.01045	0.00914
38	0.68395	0.02177	0.01654	0.01480	0.02177	0.02525	0.01219	0.03309	0.01915	0.05050	0.01567	0.01828	0.01219	0.01045	0.00697	0.00348	0.00871	0.00609	0.00697	0.01219
39	0.01447	0.01092	0.01338	0.01388	0.01620	0.00983	0.00998	0.01800	0.02677	0.03567	0.26057	0.25744	0.21482	0.02853	0.01364	0.00395	0.00582	0.02509	0.01122	0.00983
40	0.02557	0.03142	0.10254	0.33998	0.10267	0.10735	0.06866	0.03317	0.02468	0.03069	0.01995	0.02758	0.01523	0.01099	0.01117	0.00357	0.01621	0.00963	0.00519	0.01376
41	0.01371	0.00979	0.01306	0.01567	0.01632	0.00914	0.01045	0.01567	0.02155	0.02873	0.06203	0.59710	0.07444	0.03526	0.01437	0.00457	0.00653	0.03200	0.01045	0.00914

[dist]
# distance from previous block
# <min> <max>
0	2

[block]
# block no. 9 follows, 11 sequences, length 74
# corresponding to MSA columns:
# 844-917
name=unknown_J
#
# <colnr> <probs for GDERKNQSTAVLIFYWHMCP>
#	G	D	E	R	K	N	Q	S	T	A	V	L	I	F	Y	W	H	M	C	P
0	0.02465	0.04585	0.34946	0.04662	0.23952	0.02638	0.03882	0.03521	0.02450	0.03609	0.02058	0.02537	0.01566	0.01043	0.01087	0.00348	0.01535	0.00899	0.00507	0.01710
1	0.51772	0.03002	0.02052	0.01848	0.02514	0.16354	0.01466	0.03616	0.02245	0.04455	0.01612	0.01881	0.01279	0.01075	0.00779	0.00333	0.01171	0.00639	0.00666	0.01241
2	0.04330	0.03683	0.02939	0.02504	0.03215	0.27150	0.01953	0.08945	0.08951	0.20477	0.03051	0.02938	0.02164	0.01297	0.01079	0.00324	0.01472	0.00949	0.00963	0.01616
3	0.01565	0.01149	0.01465	0.01386	0.01664	0.01050	0.01040	0.02069	0.03119	0.04355	0.48374	0.08668	0.15175	0.02360	0.01328	0.00357	0.00535	0.02072	0.01218	0.01050
4	0.01569	0.01132	0.01483	0.01432	0.01676	0.01046	0.01060	0.02065	0.03076	0.04339	0.47875	0.13860	0.10282	0.02431	0.01339	0.00365	0.00544	0.02159	0.01218	0.01046
5	0.01494	0.01147	0.01367	0.01312	0.01621	0.01020	0.00984	0.01933	0.02953	0.03959	0.37248	0.09319	0.26547	0.02508	0.01329	0.00364	0.00546	0.02163	0.01166	0.01020
6	0.01616	0.01119	0.01356	0.01315	0.01438	0.01078	0.00858	0.01862	0.02354	0.03262	0.26369	0.07848	0.07115	0.33518	0.03691	0.00750	0.00832	0.01821	0.00940	0.00858
7	0.03009	0.61122	0.05898	0.01926	0.02889	0.04454	0.01926	0.03370	0.02287	0.02648	0.01565	0.01805	0.01444	0.00963	0.00722	0.00241	0.01204	0.00602	0.00481	0.01444
8	0.02257	0.05822	0.54613	0.03208	0.04871	0.02614	0.04158	0.03564	0.02376	0.03564	0.02020	0.02376	0.01426	0.01069	0.01069	0.00356	0.01663	0.00832	0.00475	0.01663
