[name]
unknown

[dist]
# distance from previous block
# <min> <max>
0	317

[block]
# block no. 0 follows, 12 sequences, length 62
# corresponding to MSA columns:
# 389-450
name=unknown_A
#
# <colnr> <probs for GDERKNQSTAVLIFYWHMCP>
#	G	D	E	R	K	N	Q	S	T	A	V	L	I	F	Y	W	H	M	C	P
0	0.02013	0.11550	0.02313	0.01592	0.01989	0.07010	0.01270	0.02478	0.02944	0.03911	0.40557	0.06498	0.07971	0.01910	0.01161	0.00319	0.00762	0.01621	0.01018	0.01112
1	0.04250	0.01916	0.02480	0.01914	0.02756	0.01685	0.01564	0.04939	0.07795	0.42153	0.03927	0.03508	0.02582	0.01273	0.01050	0.00312	0.00902	0.01036	0.01211	0.12748
2	0.01726	0.11231	0.02078	0.01359	0.01844	0.01561	0.01103	0.02105	0.02599	0.03369	0.21555	0.07560	0.27410	0.02113	0.01145	0.00318	0.00666	0.01761	0.00944	0.07552
3	0.02072	0.01220	0.01615	0.01479	0.01814	0.01109	0.01121	0.02539	0.02995	0.12626	0.41432	0.12526	0.08746	0.02200	0.01265	0.00352	0.00594	0.01937	0.01207	0.01151
4	0.51863	0.02064	0.01872	0.07037	0.02709	0.02281	0.01378	0.03089	0.01953	0.04469	0.01628	0.01961	0.01278	0.00986	0.00737	0.00311	0.00897	0.00636	0.00652	0.12199
5	0.02587	0.01964	0.03071	0.44195	0.06282	0.02316	0.02668	0.03491	0.07241	0.11625	0.02567	0.03151	0.01839	0.01170	0.01093	0.00360	0.01310	0.01015	0.00687	0.01367
6	0.02261	0.01938	0.02261	0.01615	0.02584	0.01453	0.01292	0.02745	0.02261	0.03553	0.01938	0.02261	0.01615	0.00807	0.00807	0.00161	0.00807	0.00646	0.00646	0.68346
7	0.04085	0.04845	0.03120	0.02760	0.03373	0.48460	0.02101	0.12044	0.03424	0.03358	0.01838	0.02073	0.01478	0.01154	0.01001	0.00288	0.01841	0.00748	0.00649	0.01361
8	0.01735	0.01316	0.01623	0.01511	0.01827	0.01305	0.01143	0.02670	0.11258	0.04403	0.46125	0.07476	0.09147	0.02106	0.01257	0.00347	0.00572	0.01851	0.01185	0.01143
9	0.58806	0.02067	0.01755	0.01517	0.02219	0.02308	0.01250	0.03551	0.02063	0.13214	0.01975	0.02089	0.01430	0.01067	0.00744	0.00337	0.00857	0.00673	0.00785	0.01292
10	0.02627	0.02484	0.04071	0.05860	0.46302	0.02404	0.03009	0.03248	0.02446	0.03561	0.02032	0.02627	0.01709	0.00945	0.01035	0.00297	0.01215	0.00918	0.00557	0.12653
11	0.04145	0.03054	0.03272	0.02509	0.03381	0.03381	0.02072	0.51243	0.05127	0.06872	0.02618	0.02618	0.01854	0.01309	0.01091	0.00327	0.01200	0.00982	0.01091	0.01854
12	0.04892	0.01856	0.02530	0.01940	0.02783	0.01603	0.01603	0.05314	0.03121	0.55634	0.04302	0.03711	0.02699	0.01350	0.01096	0.00337	0.00928	0.01096	0.01350	0.01856
13	0.01393	0.00995	0.01339	0.01592	0.01683	0.00941	0.01124	0.01630	0.02151	0.02856	0.05974	0.53647	0.07071	0.03355	0.01409	0.00452	0.00688	0.09786	0.01011	0.00903
14	0.01586	0.01057	0.01189	0.01189	0.01189	0.01057	0.00661	0.01586	0.01586	0.02114	0.03436	0.07135	0.03964	0.61681	0.05550	0.01057	0.01057	0.01586	0.00661	0.00661
15	0.04073	0.05197	0.03090	0.02809	0.03371	0.57303	0.02107	0.04354	0.03090	0.02669	0.01685	0.01966	0.01404	0.01124	0.00983	0.00281	0.01966	0.00702	0.00562	0.01264
16	0.02059	0.01938	0.03270	0.59060	0.07510	0.02422	0.03028	0.02786	0.02180	0.02786	0.01938	0.02907	0.01453	0.01090	0.01090	0.00363	0.01453	0.00969	0.00484	0.01211
17	0.01311	0.01018	0.01194	0.01334	0.01533	0.00901	0.00930	0.01539	0.02265	0.02856	0.08252	0.38490	0.28243	0.03124	0.01346	0.00410	0.00597	0.02744	0.01012	0.00901
18	0.03389	0.01984	0.02350	0.01993	0.02647	0.02050	0.01581	0.05088	0.26790	0.24209	0.11332	0.04498	0.04055	0.01534	0.01129	0.00354	0.00839	0.01283	0.01215	0.01679
19	0.69383	0.02109	0.01603	0.01434	0.02109	0.02446	0.01181	0.03205	0.01856	0.04892	0.01518	0.01771	0.01181	0.01012	0.00675	0.00337	0.00843	0.00590	0.00675	0.01181
20	0.03384	0.02606	0.03127	0.06394	0.03573	0.02884	0.05412	0.23539	0.23268	0.08900	0.03372	0.03304	0.02448	0.01336	0.01112	0.00350	0.01111	0.01109	0.01037	0.01733
21	0.03153	0.12762	0.04548	0.04354	0.23725	0.07714	0.09344	0.14034	0.03088	0.04045	0.02079	0.02497	0.01664	0.01045	0.01040	0.00312	0.01386	0.00931	0.00653	0.01626
22	0.01673	0.01394	0.02092	0.23924	0.03903	0.01530	0.01791	0.02172	0.02440	0.03254	0.18686	0.19415	0.09280	0.02118	0.01236	0.00378	0.00913	0.01885	0.00860	0.01057
23	0.04892	0.01856	0.02530	0.01940	0.02783	0.01603	0.01603	0.05314	0.03121	0.55634	0.04302	0.03711	0.02699	0.01350	0.01096	0.00337	0.00928	0.01096	0.01350	0.01856
24	0.01345	0.01107	0.01183	0.01164	0.01507	0.00944	0.00873	0.01674	0.02618	0.03261	0.20614	0.09974	0.44671	0.02644	0.01288	0.00363	0.00544	0.02228	0.01054	0.00944
25	0.01543	0.01115	0.01457	0.01372	0.01629	0.01029	0.01029	0.02058	0.03086	0.04372	0.54304	0.08145	0.10288	0.02229	0.01286	0.00343	0.00514	0.01972	0.01200	0.01029
26	0.01699	0.01345	0.01895	0.01816	0.01938	0.01623	0.01383	0.01982	0.01704	0.02459	0.02784	0.04570	0.02773	0.18363	0.37681	0.01397	0.11840	0.01221	0.00583	0.00944
27	0.02915	0.62337	0.05714	0.01866	0.02799	0.04314	0.01866	0.03265	0.02215	0.02565	0.01516	0.01749	0.01399	0.00933	0.00700	0.00233	0.01166	0.00583	0.00466	0.01399
28	0.02533	0.03022	0.18978	0.02864	0.03799	0.02081	0.14067	0.03313	0.02335	0.11742	0.02692	0.03285	0.02069	0.03216	0.18112	0.00774	0.01949	0.01078	0.00665	0.01425
29	0.02261	0.01938	0.02261	0.01615	0.02584	0.01453	0.01292	0.02745	0.02261	0.03553	0.01938	0.02261	0.01615	0.00807	0.00807	0.00161	0.00807	0.00646	0.00646	0.68346
30	0.69383	0.02109	0.01603	0.01434	0.02109	0.02446	0.01181	0.03205	0.01856	0.04892	0.01518	0.01771	0.01181	0.01012	0.00675	0.00337	0.00843	0.00590	0.00675	0.01181
31	0.01525	0.01114	0.01432	0.01352	0.01618	0.01021	0.01014	0.02022	0.03043	0.04269	0.51178	0.08314	0.13479	0.02268	0.01286	0.00345	0.00517	0.01996	0.01187	0.01021
32	0.02712	0.02342	0.02465	0.02219	0.02835	0.02712	0.01726	0.05794	0.52909	0.04561	0.04438	0.04068	0.03328	0.01479	0.01109	0.00370	0.00863	0.01233	0.01109	0.01726
33	0.02059	0.01938	0.03270	0.59060	0.07510	0.02422	0.03028	0.02786	0.02180	0.02786	0.01938	0.02907	0.01453	0.01090	0.01090	0.00363	0.01453	0.00969	0.00484	0.01211
34	0.02915	0.62337	0.05714	0.01866	0.02799	0.04314	0.01866	0.03265	0.02215	0.02565	0.01516	0.01749	0.01399	0.00933	0.00700	0.00233	0.01166	0.00583	0.00466	0.01399
35	0.02059	0.01938	0.03270	0.59060	0.07510	0.02422	0.03028	0.02786	0.02180	0.02786	0.01938	0.02907	0.01453	0.01090	0.01090	0.00363	0.01453	0.00969	0.00484	0.01211
36	0.01493	0.01081	0.01445	0.01677	0.01838	0.01033	0.01289	0.01811	0.02284	0.02983	0.06309	0.38031	0.10519	0.03207	0.01428	0.00460	0.00771	0.20398	0.01009	0.00935
37	0.01558	0.01168	0.01752	0.01752	0.01947	0.01363	0.01363	0.01947	0.01752	0.02531	0.02921	0.04283	0.02726	0.08178	0.57360	0.01752	0.02921	0.01168	0.00584	0.00974
38	0.02218	0.01748	0.01885	0.01737	0.02195	0.01909	0.01335	0.04070	0.29309	0.04284	0.15362	0.05542	0.09639	0.01726	0.01107	0.00345	0.00702	0.01455	0.12046	0.01386
39	0.02092	0.01938	0.03105	0.49639	0.06702	0.02264	0.02743	0.02779	0.02193	0.02912	0.01938	0.02801	0.01480	0.01044	0.01044	0.00330	0.01348	0.00916	0.00511	0.12222
40	0.04829	0.01957	0.02593	0.01988	0.02834	0.01753	0.01642	0.09207	0.03291	0.51501	0.04159	0.03619	0.02627	0.01346	0.01096	0.00337	0.00951	0.01087	0.01328	0.01855
41	0.02206	0.01922	0.01764	0.01653	0.01849	0.10526	0.01125	0.06308	0.02158	0.02673	0.03000	0.05467	0.03175	0.38424	0.12365	0.00974	0.01504	0.01326	0.00669	0.00909
42	0.01894	0.00947	0.01420	0.01420	0.01420	0.00947	0.00947	0.01420	0.01420	0.01894	0.01894	0.03314	0.01894	0.03788	0.04261	0.68277	0.00947	0.00947	0.00473	0.00473
43	0.69383	0.02109	0.01603	0.01434	0.02109	0.02446	0.01181	0.03205	0.01856	0.04892	0.01518	0.01771	0.01181	0.01012	0.00675	0.00337	0.00843	0.00590	0.00675	0.01181
44	0.13872	0.38635	0.12483	0.01992	0.02979	0.03505	0.02063	0.03458	0.02247	0.07586	0.01820	0.02004	0.01471	0.00997	0.00781	0.00276	0.01161	0.00662	0.00575	0.01435
45	0.02714	0.02423	0.03394	0.16715	0.15535	0.02852	0.02580	0.11032	0.11815	0.03888	0.02419	0.02919	0.01913	0.01337	0.01603	0.00374	0.13251	0.01016	0.00704	0.01516
46	0.02368	0.19749	0.43509	0.02799	0.04241	0.02976	0.03490	0.03406	0.02280	0.03232	0.01847	0.02164	0.01386	0.01010	0.00952	0.00317	0.01501	0.00750	0.00462	0.01559
47	0.01586	0.01057	0.01189	0.01189	0.01189	0.01057	0.00661	0.01586	0.01586	0.02114	0.03436	0.07135	0.03964	0.61681	0.05550	0.01057	0.01057	0.01586	0.00661	0.00661
48	0.01600	0.01112	0.01482	0.01637	0.01833	0.01073	0.01287	0.02010	0.02496	0.03433	0.16750	0.25473	0.07204	0.02820	0.01363	0.00428	0.00741	0.20040	0.06242	0.00975
49	0.01546	0.01106	0.01511	0.01734	0.01901	0.01070	0.01360	0.01909	0.02369	0.03142	0.09997	0.33821	0.07036	0.03127	0.01436	0.00462	0.00796	0.23700	0.01024	0.00953
50	0.02036	0.01234	0.01555	0.01406	0.01784	0.01099	0.01079	0.02483	0.02959	0.12464	0.36534	0.07937	0.18809	0.02203	0.01256	0.00348	0.00591	0.01901	0.01183	0.01140
51	0.02915	0.62337	0.05714	0.01866	0.02799	0.04314	0.01866	0.03265	0.02215	0.02565	0.01516	0.01749	0.01399	0.00933	0.00700	0.00233	0.01166	0.00583	0.00466	0.01399
52	0.02712	0.02342	0.02465	0.02219	0.02835	0.02712	0.01726	0.05794	0.52909	0.04561	0.04438	0.04068	0.03328	0.01479	0.01109	0.00370	0.00863	0.01233	0.01109	0.01726
53	0.69383	0.02109	0.01603	0.01434	0.02109	0.02446	0.01181	0.03205	0.01856	0.04892	0.01518	0.01771	0.01181	0.01012	0.00675	0.00337	0.00843	0.00590	0.00675	0.01181
54	0.69383	0.02109	0.01603	0.01434	0.02109	0.02446	0.01181	0.03205	0.01856	0.04892	0.01518	0.01771	0.01181	0.01012	0.00675	0.00337	0.00843	0.00590	0.00675	0.01181
55	0.01350	0.00958	0.01259	0.01490	0.01548	0.00900	0.00982	0.01524	0.02045	0.02727	0.05791	0.56406	0.06936	0.08355	0.01744	0.00495	0.00669	0.02971	0.00982	0.00867
56	0.01925	0.02968	0.22959	0.02438	0.03220	0.01754	0.02644	0.02725	0.02429	0.03337	0.04282	0.08394	0.04363	0.02240	0.01322	0.00441	0.01241	0.29284	0.00792	0.01241
57	0.04251	0.03332	0.03110	0.02482	0.03281	0.15042	0.02003	0.33317	0.04346	0.13938	0.02687	0.02653	0.01893	0.01274	0.01068	0.00319	0.01325	0.00939	0.01016	0.01724
58	0.02295	0.38356	0.03976	0.01730	0.02323	0.02975	0.01532	0.02583	0.02166	0.02650	0.03271	0.24883	0.03670	0.01903	0.00970	0.00315	0.00958	0.01566	0.00680	0.01199
59	0.03864	0.01888	0.02425	0.01813	0.02705	0.01544	0.01481	0.04310	0.02785	0.35289	0.03378	0.03145	0.02276	0.01138	0.00984	0.00269	0.00881	0.00921	0.01075	0.27830
60	0.19194	0.02624	0.09879	0.06914	0.03352	0.02317	0.02019	0.08308	0.10192	0.20120	0.02991	0.02947	0.02071	0.01220	0.00989	0.00345	0.01061	0.00936	0.00935	0.01587
61	0.03371	0.07072	0.03705	0.15708	0.11525	0.14942	0.06522	0.08411	0.02903	0.11975	0.02344	0.02693	0.01737	0.01120	0.01056	0.00323	0.01449	0.00932	0.00715	0.01498

[dist]
# distance from previous block
# <min> <max>
8	44

[block]
# block no. 1 follows, 12 sequences, length 55
# corresponding to MSA columns:
# 496-550
name=unknown_B
#
# <colnr> <probs for GDERKNQSTAVLIFYWHMCP>
#	G	D	E	R	K	N	Q	S	T	A	V	L	I	F	Y	W	H	M	C	P
0	0.03393	0.02564	0.14142	0.02090	0.03000	0.01678	0.02007	0.03975	0.02666	0.29000	0.03731	0.12037	0.02959	0.01527	0.01090	0.00332	0.01018	0.01281	0.01007	0.10502
1	0.20168	0.01811	0.02126	0.01717	0.02407	0.01735	0.01374	0.04304	0.02608	0.36145	0.03508	0.03694	0.02497	0.09298	0.01586	0.00433	0.00924	0.01038	0.01093	0.01532
2	0.01515	0.01092	0.01432	0.01391	0.01623	0.01010	0.01027	0.01986	0.02953	0.04161	0.47876	0.15176	0.09879	0.02387	0.01300	0.00356	0.00530	0.02122	0.01175	0.01010
3	0.03497	0.02457	0.06470	0.15408	0.07559	0.06314	0.02210	0.04059	0.02690	0.25353	0.02928	0.03032	0.02012	0.01153	0.01042	0.00315	0.01186	0.00948	0.00880	0.10487
4	0.02547	0.05136	0.48910	0.02952	0.04461	0.02408	0.03706	0.03701	0.02411	0.10399	0.02269	0.02490	0.01557	0.01078	0.01044	0.00344	0.01520	0.00844	0.00579	0.01644
5	0.04892	0.01856	0.02530	0.01940	0.02783	0.01603	0.01603	0.05314	0.03121	0.55634	0.04302	0.03711	0.02699	0.01350	0.01096	0.00337	0.00928	0.01096	0.01350	0.01856
6	0.03891	0.26306	0.03948	0.02136	0.02957	0.14506	0.01846	0.07695	0.02908	0.20143	0.02538	0.02496	0.01856	0.01136	0.00917	0.00284	0.01259	0.00804	0.00819	0.01553
7	0.03382	0.02116	0.02481	0.01971	0.02691	0.02102	0.01590	0.18525	0.07900	0.17854	0.14545	0.04191	0.04027	0.01471	0.01099	0.00315	0.00899	0.01206	0.01122	0.10511
8	0.01837	0.01125	0.01445	0.01483	0.01734	0.01013	0.01066	0.02132	0.02475	0.10143	0.15663	0.35599	0.14480	0.02816	0.01317	0.00398	0.00637	0.02497	0.01093	0.01047
9	0.01489	0.01097	0.01234	0.01200	0.01508	0.00977	0.00900	0.01892	0.02699	0.03665	0.27350	0.08698	0.29906	0.02350	0.01218	0.00343	0.00531	0.01998	0.09969	0.00977
10	0.01549	0.01152	0.01591	0.09180	0.02388	0.01185	0.01318	0.01816	0.02054	0.02710	0.04861	0.33818	0.05582	0.15942	0.02290	0.00577	0.00893	0.09335	0.00863	0.00897
11	0.02020	0.01186	0.01546	0.01484	0.01787	0.01098	0.01131	0.02466	0.02798	0.10814	0.30657	0.16252	0.07687	0.02272	0.01242	0.00362	0.00626	0.05463	0.07997	0.01112
12	0.01697	0.01208	0.01490	0.01436	0.01687	0.01183	0.01070	0.02346	0.06745	0.03977	0.35797	0.07683	0.07989	0.10067	0.01815	0.00445	0.00652	0.05302	0.06379	0.01032
13	0.02704	0.54166	0.05122	0.01819	0.02637	0.03858	0.01752	0.03032	0.02198	0.02594	0.02114	0.09632	0.02173	0.01263	0.00792	0.00261	0.01095	0.00918	0.00539	0.01331
14	0.60448	0.02086	0.01690	0.01458	0.02172	0.02314	0.01196	0.03144	0.01910	0.04714	0.01574	0.01836	0.01239	0.00985	0.00692	0.00314	0.00839	0.00598	0.00671	0.10121
15	0.02574	0.02941	0.06434	0.04596	0.05699	0.02757	0.50919	0.03493	0.02574	0.03493	0.02206	0.02941	0.01654	0.00919	0.01287	0.00368	0.01838	0.01287	0.00551	0.01471
16	0.02843	0.02444	0.08273	0.02659	0.07151	0.02180	0.05906	0.07855	0.16758	0.12635	0.10837	0.08482	0.03933	0.01569	0.01157	0.00357	0.01023	0.01379	0.00996	0.01561
17	0.69383	0.02109	0.01603	0.01434	0.02109	0.02446	0.01181	0.03205	0.01856	0.04892	0.01518	0.01771	0.01181	0.01012	0.00675	0.00337	0.00843	0.00590	0.00675	0.01181
18	0.15104	0.01283	0.01435	0.01511	0.01790	0.01258	0.01075	0.01983	0.02059	0.03286	0.04689	0.43049	0.05425	0.02665	0.01188	0.00393	0.00693	0.02344	0.00907	0.07863
19	0.02678	0.02488	0.03433	0.02798	0.03533	0.02723	0.13714	0.05233	0.40643	0.04301	0.03894	0.03793	0.02920	0.01343	0.01153	0.00369	0.01101	0.01246	0.00973	0.01664
20	0.03900	0.02669	0.06316	0.02171	0.03053	0.06496	0.01861	0.13960	0.07059	0.25758	0.03221	0.03047	0.02207	0.01223	0.01036	0.00305	0.01087	0.00959	0.01042	0.12630
21	0.26994	0.01893	0.02136	0.01726	0.02471	0.01856	0.01418	0.04363	0.02680	0.34584	0.06733	0.03341	0.02689	0.01292	0.00963	0.00338	0.00871	0.00981	0.01106	0.01566
22	0.02915	0.62337	0.05714	0.01866	0.02799	0.04314	0.01866	0.03265	0.02215	0.02565	0.01516	0.01749	0.01399	0.00933	0.00700	0.00233	0.01166	0.00583	0.00466	0.01399
23	0.07316	0.03912	0.31789	0.11367	0.08512	0.02307	0.03213	0.03134	0.02338	0.03529	0.06134	0.03557	0.02433	0.01272	0.01073	0.00357	0.01376	0.04358	0.00582	0.01439
24	0.02345	0.17928	0.45125	0.02839	0.04303	0.02918	0.03560	0.03412	0.02283	0.03261	0.01861	0.02182	0.01385	0.01014	0.00963	0.00321	0.01515	0.00757	0.00462	0.01565
25	0.01289	0.01105	0.01105	0.01105	0.01473	0.00920	0.00828	0.01565	0.02485	0.02946	0.11046	0.10493	0.54437	0.02761	0.01289	0.00368	0.00552	0.02301	0.01013	0.00920
26	0.01708	0.01444	0.02435	0.02112	0.02439	0.01420	0.11071	0.02118	0.02213	0.03053	0.12843	0.18958	0.05152	0.12691	0.14430	0.00795	0.01427	0.01871	0.00804	0.01014
27	0.08845	0.06710	0.02926	0.14710	0.03839	0.02323	0.01996	0.11671	0.03019	0.23578	0.03184	0.03740	0.02351	0.01360	0.01063	0.00347	0.01107	0.04710	0.00965	0.01555
28	0.01894	0.00947	0.01420	0.01420	0.01420	0.00947	0.00947	0.01420	0.01420	0.01894	0.01894	0.03314	0.01894	0.03788	0.04261	0.68277	0.00947	0.00947	0.00473	0.00473
29	0.01322	0.00973	0.01240	0.01454	0.01565	0.00891	0.00984	0.01525	0.02149	0.02808	0.06786	0.53184	0.14495	0.03315	0.01376	0.00431	0.00620	0.02977	0.01012	0.00891
30	0.02059	0.01938	0.03270	0.59060	0.07510	0.02422	0.03028	0.02786	0.02180	0.02786	0.01938	0.02907	0.01453	0.01090	0.01090	0.00363	0.01453	0.00969	0.00484	0.01211
31	0.02455	0.02302	0.03801	0.33229	0.17727	0.02642	0.06828	0.07126	0.02496	0.03363	0.02005	0.02796	0.01566	0.01131	0.01296	0.00360	0.05921	0.00995	0.00554	0.01407
32	0.03109	0.03121	0.02700	0.02435	0.02940	0.19955	0.01925	0.10907	0.15253	0.03806	0.03115	0.04166	0.02695	0.02110	0.05773	0.00471	0.06128	0.07164	0.00826	0.01399
33	0.02303	0.02249	0.03119	0.02691	0.02691	0.03106	0.02209	0.02518	0.01661	0.02572	0.01637	0.02873	0.01691	0.08038	0.03780	0.00537	0.53673	0.01019	0.00496	0.01138
34	0.03270	0.02506	0.02611	0.01985	0.02872	0.07630	0.01596	0.14026	0.03112	0.12247	0.02428	0.02534	0.01814	0.01035	0.00933	0.00238	0.01032	0.00796	0.00844	0.36493
35	0.08260	0.16446	0.03690	0.08765	0.11360	0.18126	0.02235	0.07569	0.02742	0.03375	0.02126	0.03000	0.01871	0.01214	0.00973	0.00311	0.01403	0.04532	0.00619	0.01383
36	0.02342	0.02194	0.03592	0.05305	0.41226	0.02160	0.02721	0.02886	0.02443	0.03388	0.03836	0.09869	0.10370	0.01497	0.01144	0.00343	0.01113	0.01394	0.00661	0.01517
37	0.02458	0.02086	0.02522	0.02101	0.06865	0.01711	0.01525	0.06962	0.02525	0.03839	0.02006	0.02327	0.01645	0.00864	0.00854	0.00189	0.00881	0.00701	0.00676	0.57265
38	0.01461	0.01051	0.01384	0.01428	0.01611	0.00974	0.01022	0.01852	0.02705	0.03766	0.35859	0.28320	0.09113	0.02682	0.01326	0.00381	0.00560	0.02403	0.01128	0.00974
39	0.01703	0.01448	0.01921	0.01820	0.01964	0.01666	0.01403	0.02017	0.02316	0.03235	0.19832	0.20882	0.12697	0.02522	0.01999	0.00413	0.18215	0.02014	0.00909	0.01025
40	0.01328	0.00949	0.01265	0.01518	0.01581	0.00886	0.01012	0.01518	0.02088	0.02783	0.06010	0.60969	0.07212	0.03416	0.01392	0.00443	0.00633	0.03100	0.01012	0.00886
41	0.04892	0.01856	0.02530	0.01940	0.02783	0.01603	0.01603	0.05314	0.03121	0.55634	0.04302	0.03711	0.02699	0.01350	0.01096	0.00337	0.00928	0.01096	0.01350	0.01856
42	0.01524	0.01114	0.01430	0.01351	0.01617	0.01020	0.01013	0.02020	0.03040	0.04262	0.50966	0.08326	0.13694	0.02270	0.01286	0.00345	0.00517	0.01997	0.01186	0.01020
43	0.04073	0.05197	0.03090	0.02809	0.03371	0.57303	0.02107	0.04354	0.03090	0.02669	0.01685	0.01966	0.01404	0.01124	0.00983	0.00281	0.01966	0.00702	0.00562	0.01264
44	0.02699	0.02591	0.04426	0.06693	0.54879	0.02591	0.03346	0.03346	0.02483	0.03562	0.02051	0.02699	0.01727	0.00972	0.01079	0.00324	0.01295	0.00972	0.00540	0.01727
45	0.02033	0.01016	0.01016	0.01016	0.01270	0.01016	0.00762	0.02541	0.02287	0.04065	0.03557	0.04065	0.02795	0.01270	0.00762	0.00254	0.00508	0.01016	0.67734	0.01016
46	0.02187	0.05640	0.56031	0.03108	0.04719	0.02532	0.04029	0.03453	0.02302	0.03453	0.01957	0.02302	0.01381	0.01036	0.01036	0.00345	0.01611	0.00806	0.00460	0.01611
47	0.04190	0.03884	0.03115	0.02584	0.03315	0.27176	0.02039	0.25683	0.04015	0.10004	0.02376	0.02440	0.01741	0.01231	0.01043	0.00308	0.01513	0.00869	0.00882	0.01592
48	0.03258	0.02084	0.02425	0.01982	0.02715	0.02082	0.01581	0.08408	0.21703	0.18928	0.08091	0.03878	0.03324	0.01373	0.01065	0.00318	0.00868	0.01132	0.01100	0.13685
49	0.10274	0.02455	0.02752	0.02289	0.03010	0.06767	0.05461	0.05097	0.25490	0.19016	0.03705	0.03474	0.02643	0.01322	0.01065	0.00350	0.01044	0.01089	0.01047	0.01650
50	0.02748	0.02537	0.04129	0.14359	0.42275	0.02646	0.03166	0.08172	0.02707	0.03782	0.02092	0.02723	0.01698	0.01024	0.01082	0.00330	0.01310	0.00972	0.00588	0.01660
51	0.35728	0.01977	0.02087	0.01698	0.02461	0.02006	0.01401	0.04306	0.02516	0.31372	0.02971	0.02784	0.01973	0.01188	0.00895	0.00337	0.00887	0.00855	0.01027	0.01533
52	0.02642	0.41042	0.24612	0.02332	0.03520	0.03645	0.02678	0.03336	0.02248	0.02899	0.01681	0.01957	0.01392	0.00972	0.00826	0.00275	0.01333	0.00667	0.00464	0.01479
53	0.01808	0.07073	0.18558	0.02256	0.02964	0.01799	0.06261	0.02404	0.02234	0.03043	0.04517	0.30010	0.08191	0.02249	0.01216	0.00386	0.01065	0.02004	0.00766	0.01196
54	0.02373	0.02526	0.05283	0.03959	0.04852	0.02388	0.38820	0.03189	0.02558	0.03436	0.03084	0.05244	0.02792	0.01434	0.01341	0.00401	0.01633	0.12670	0.00663	0.01356

[dist]
# distance from previous block
# <min> <max>
0	27

[block]
# block no. 2 follows, 12 sequences, length 8
# corresponding to MSA columns:
# 578-585
name=unknown_C
#
# <colnr> <probs for GDERKNQSTAVLIFYWHMCP>
#	G	D	E	R	K	N	Q	S	T	A	V	L	I	F	Y	W	H	M	C	P
0	0.02790	0.01399	0.01809	0.01543	0.02047	0.01231	0.01215	0.03226	0.02993	0.23900	0.27302	0.06852	0.15224	0.01984	0.01213	0.00345	0.00681	0.01693	0.01224	0.01329
1	0.03225	0.01671	0.02084	0.01804	0.02347	0.01580	0.01402	0.11006	0.03036	0.24980	0.05307	0.22976	0.09531	0.02169	0.01212	0.00373	0.00835	0.01861	0.01162	0.01439
2	0.02487	0.25854	0.33114	0.02802	0.04119	0.03197	0.07736	0.03389	0.02297	0.03136	0.01821	0.02164	0.01414	0.00988	0.00938	0.00307	0.01472	0.00771	0.00471	0.01521
3	0.01586	0.01057	0.01189	0.01189	0.01189	0.01057	0.00661	0.01586	0.01586	0.02114	0.03436	0.07135	0.03964	0.61681	0.05550	0.01057	0.01057	0.01586	0.00661	0.00661
4	0.01894	0.00947	0.01420	0.01420	0.01420	0.00947	0.00947	0.01420	0.01420	0.01894	0.01894	0.03314	0.01894	0.03788	0.04261	0.68277	0.00947	0.00947	0.00473	0.00473
5	0.19763	0.03046	0.10798	0.02762	0.03739	0.02734	0.13470	0.17653	0.03158	0.09318	0.02303	0.02534	0.01648	0.01110	0.01026	0.00343	0.01294	0.00941	0.00797	0.01564
6	0.01889	0.01402	0.01685	0.01736	0.01975	0.01440	0.01242	0.09504	0.07377	0.03575	0.05343	0.46671	0.06026	0.02911	0.01319	0.00418	0.00741	0.02600	0.01033	0.01113
7	0.61096	0.02229	0.01815	0.01570	0.02270	0.02565	0.01294	0.09307	0.02271	0.05144	0.01658	0.01879	0.01266	0.01050	0.00728	0.00336	0.00889	0.00640	0.00728	0.01266

[dist]
# distance from previous block
# <min> <max>
0	3

[block]
# block no. 3 follows, 12 sequences, length 34
# corresponding to MSA columns:
# 589-622
name=unknown_D
#
# <colnr> <probs for GDERKNQSTAVLIFYWHMCP>
#	G	D	E	R	K	N	Q	S	T	A	V	L	I	F	Y	W	H	M	C	P
0	0.01494	0.01099	0.01427	0.01466	0.01684	0.00991	0.01042	0.01841	0.02512	0.03499	0.25493	0.34428	0.08011	0.02713	0.01300	0.00379	0.00599	0.02434	0.01059	0.06530
1	0.02636	0.04003	0.29690	0.02834	0.04010	0.02524	0.06885	0.04387	0.18859	0.08567	0.02998	0.03057	0.02157	0.01199	0.01086	0.00354	0.01324	0.01010	0.00760	0.01659
2	0.02261	0.01938	0.02261	0.01615	0.02584	0.01453	0.01292	0.02745	0.02261	0.03553	0.01938	0.02261	0.01615	0.00807	0.00807	0.00161	0.00807	0.00646	0.00646	0.68346
3	0.01515	0.01273	0.01569	0.01593	0.01794	0.01327	0.01212	0.01775	0.02226	0.02865	0.07445	0.25737	0.26788	0.02855	0.01710	0.00420	0.10189	0.05822	0.00925	0.00960
4	0.10073	0.01900	0.02375	0.01809	0.02670	0.01640	0.01483	0.04448	0.02780	0.37359	0.03428	0.03154	0.02277	0.01177	0.00982	0.00291	0.00889	0.00932	0.01104	0.19229
5	0.01543	0.01115	0.01457	0.01372	0.01629	0.01029	0.01029	0.02058	0.03086	0.04372	0.54304	0.08145	0.10288	0.02229	0.01286	0.00343	0.00514	0.01972	0.01200	0.01029
6	0.04145	0.03054	0.03272	0.02509	0.03381	0.03381	0.02072	0.51243	0.05127	0.06872	0.02618	0.02618	0.01854	0.01309	0.01091	0.00327	0.01200	0.00982	0.01091	0.01854
7	0.04892	0.01856	0.02530	0.01940	0.02783	0.01603	0.01603	0.05314	0.03121	0.55634	0.04302	0.03711	0.02699	0.01350	0.01096	0.00337	0.00928	0.01096	0.01350	0.01856
8	0.01289	0.01105	0.01105	0.01105	0.01473	0.00920	0.00828	0.01565	0.02485	0.02946	0.11046	0.10493	0.54437	0.02761	0.01289	0.00368	0.00552	0.02301	0.01013	0.00920
9	0.04145	0.03054	0.03272	0.02509	0.03381	0.03381	0.02072	0.51243	0.05127	0.06872	0.02618	0.02618	0.01854	0.01309	0.01091	0.00327	0.01200	0.00982	0.01091	0.01854
10	0.69383	0.02109	0.01603	0.01434	0.02109	0.02446	0.01181	0.03205	0.01856	0.04892	0.01518	0.01771	0.01181	0.01012	0.00675	0.00337	0.00843	0.00590	0.00675	0.01181
11	0.02944	0.02457	0.02596	0.02266	0.02924	0.02820	0.01782	0.13152	0.45173	0.04935	0.04143	0.03833	0.03090	0.01452	0.01106	0.00363	0.00917	0.01192	0.01106	0.01747
12	0.69383	0.02109	0.01603	0.01434	0.02109	0.02446	0.01181	0.03205	0.01856	0.04892	0.01518	0.01771	0.01181	0.01012	0.00675	0.00337	0.00843	0.00590	0.00675	0.01181
13	0.02712	0.02342	0.02465	0.02219	0.02835	0.02712	0.01726	0.05794	0.52909	0.04561	0.04438	0.04068	0.03328	0.01479	0.01109	0.00370	0.00863	0.01233	0.01109	0.01726
14	0.69383	0.02109	0.01603	0.01434	0.02109	0.02446	0.01181	0.03205	0.01856	0.04892	0.01518	0.01771	0.01181	0.01012	0.00675	0.00337	0.00843	0.00590	0.00675	0.01181
15	0.02382	0.20810	0.42568	0.02775	0.04205	0.03009	0.03450	0.03403	0.02279	0.03216	0.01839	0.02154	0.01386	0.01008	0.00946	0.00315	0.01492	0.00746	0.00462	0.01555
16	0.01469	0.01050	0.01427	0.01679	0.01804	0.01007	0.01257	0.01762	0.02226	0.02941	0.05932	0.44967	0.06904	0.03283	0.01429	0.00462	0.00755	0.17711	0.01009	0.00925
17	0.01508	0.01077	0.01471	0.01723	0.01865	0.01040	0.01324	0.01829	0.02265	0.02984	0.05910	0.40572	0.06819	0.03247	0.01440	0.00468	0.00788	0.21724	0.01009	0.00935
18	0.02735	0.48302	0.18169	0.02173	0.03274	0.03873	0.02401	0.03311	0.02237	0.02785	0.01625	0.01886	0.01395	0.00958	0.00783	0.00261	0.01276	0.00638	0.00465	0.01452
19	0.09029	0.02588	0.03360	0.07092	0.08169	0.10473	0.10516	0.04052	0.02787	0.21594	0.06948	0.03357	0.02624	0.01230	0.01091	0.00335	0.01277	0.01078	0.00886	0.01517
20	0.01396	0.00999	0.01334	0.01528	0.01639	0.00937	0.01069	0.01664	0.02289	0.03090	0.14268	0.48403	0.07671	0.03183	0.01382	0.00430	0.00639	0.06115	0.01044	0.00919
21	0.02598	0.01376	0.01651	0.01496	0.01930	0.01319	0.01183	0.03295	0.07116	0.16172	0.13716	0.05916	0.08439	0.01744	0.01070	0.00330	0.00685	0.05310	0.23385	0.01270
22	0.03846	0.02384	0.07925	0.08740	0.15863	0.02003	0.02379	0.04428	0.02802	0.33304	0.03321	0.03263	0.02226	0.01205	0.01086	0.00337	0.01129	0.01028	0.00991	0.01740
23	0.03045	0.02142	0.02534	0.07679	0.03222	0.02351	0.01834	0.12796	0.23208	0.12540	0.04097	0.09310	0.03365	0.01684	0.01159	0.00374	0.00981	0.05025	0.01066	0.01587
24	0.01328	0.00949	0.01265	0.01518	0.01581	0.00886	0.01012	0.01518	0.02088	0.02783	0.06010	0.60969	0.07212	0.03416	0.01392	0.00443	0.00633	0.03100	0.01012	0.00886
25	0.02467	0.01931	0.02382	0.07233	0.03080	0.01561	0.01488	0.02969	0.02327	0.07939	0.02140	0.02448	0.01692	0.00881	0.00860	0.00196	0.00881	0.00716	0.00691	0.56119
26	0.02491	0.02708	0.12836	0.07219	0.03688	0.01860	0.05975	0.03173	0.02364	0.08146	0.02176	0.02511	0.01657	0.00933	0.00940	0.00246	0.01109	0.00796	0.00653	0.38519
27	0.08728	0.01881	0.02125	0.01575	0.02452	0.01512	0.01258	0.02728	0.02296	0.03757	0.06606	0.02742	0.02353	0.00955	0.00838	0.00195	0.00785	0.00760	0.00699	0.55756
28	0.02832	0.02766	0.07957	0.07138	0.07845	0.07030	0.02073	0.07472	0.06724	0.07764	0.02366	0.02615	0.01811	0.01032	0.00962	0.00264	0.01131	0.00830	0.00726	0.28664
29	0.08600	0.13250	0.03774	0.02453	0.03318	0.02948	0.09250	0.15874	0.11418	0.09156	0.02665	0.02752	0.01988	0.01149	0.00997	0.00312	0.01150	0.00949	0.00853	0.07145
30	0.02516	0.07695	0.11980	0.02011	0.02674	0.01876	0.01889	0.07047	0.02756	0.12079	0.11653	0.18320	0.04833	0.02031	0.01186	0.00370	0.00969	0.05828	0.00953	0.01335
31	0.08367	0.19565	0.21212	0.02284	0.03407	0.02829	0.02458	0.07076	0.02576	0.12032	0.02228	0.02358	0.01637	0.01058	0.00911	0.00297	0.01223	0.00775	0.00684	0.07023
32	0.02597	0.14145	0.30220	0.02786	0.03991	0.02856	0.06854	0.11257	0.02764	0.03823	0.02349	0.07171	0.01968	0.01252	0.01038	0.00333	0.01405	0.01026	0.00620	0.01545
33	0.08441	0.22497	0.08372	0.02634	0.07790	0.02930	0.06487	0.07222	0.02695	0.12077	0.06720	0.02922	0.02440	0.01157	0.00957	0.00305	0.01158	0.00934	0.00751	0.01512

[dist]
# distance from previous block
# <min> <max>
0	22

[block]
# block no. 4 follows, 12 sequences, length 48
# corresponding to MSA columns:
# 645-692
name=unknown_E
#
# <colnr> <probs for GDERKNQSTAVLIFYWHMCP>
#	G	D	E	R	K	N	Q	S	T	A	V	L	I	F	Y	W	H	M	C	P
0	0.08401	0.26414	0.13110	0.02290	0.03308	0.02988	0.06180	0.03879	0.02483	0.17681	0.02420	0.02487	0.01761	0.01071	0.00914	0.00300	0.01207	0.00822	0.00733	0.01551
1	0.08394	0.07676	0.11287	0.06023	0.02993	0.01912	0.01891	0.03265	0.02504	0.16889	0.08304	0.13550	0.07421	0.01739	0.01094	0.00352	0.00981	0.01450	0.00908	0.01367
2	0.02387	0.02023	0.02429	0.06845	0.03088	0.01688	0.01508	0.06463	0.02473	0.03738	0.01990	0.02346	0.01619	0.00871	0.00855	0.00192	0.00896	0.00701	0.00666	0.57223
3	0.01380	0.01005	0.01301	0.01446	0.01585	0.00925	0.01001	0.01661	0.02378	0.03206	0.18872	0.43104	0.11990	0.03055	0.01356	0.00411	0.00595	0.02742	0.01061	0.00925
4	0.03601	0.02685	0.08106	0.03236	0.12422	0.02418	0.06383	0.12056	0.11180	0.21476	0.03273	0.03225	0.02288	0.01233	0.01105	0.00342	0.01163	0.01068	0.00981	0.01758
5	0.01504	0.01100	0.01412	0.01362	0.01612	0.01008	0.01011	0.01971	0.02951	0.04119	0.46599	0.12839	0.13691	0.02374	0.01295	0.00354	0.00528	0.02095	0.01169	0.01008
6	0.04892	0.01856	0.02530	0.01940	0.02783	0.01603	0.01603	0.05314	0.03121	0.55634	0.04302	0.03711	0.02699	0.01350	0.01096	0.00337	0.00928	0.01096	0.01350	0.01856
7	0.01289	0.01105	0.01105	0.01105	0.01473	0.00920	0.00828	0.01565	0.02485	0.02946	0.11046	0.10493	0.54437	0.02761	0.01289	0.00368	0.00552	0.02301	0.01013	0.00920
8	0.01414	0.01109	0.01278	0.01236	0.01549	0.00974	0.00927	0.01807	0.02781	0.03646	0.32295	0.09340	0.32750	0.02500	0.01287	0.00356	0.00534	0.02139	0.01105	0.00974
9	0.69383	0.02109	0.01603	0.01434	0.02109	0.02446	0.01181	0.03205	0.01856	0.04892	0.01518	0.01771	0.01181	0.01012	0.00675	0.00337	0.00843	0.00590	0.00675	0.01181
10	0.02059	0.01938	0.03270	0.59060	0.07510	0.02422	0.03028	0.02786	0.02180	0.02786	0.01938	0.02907	0.01453	0.01090	0.01090	0.00363	0.01453	0.00969	0.00484	0.01211
11	0.02261	0.01938	0.02261	0.01615	0.02584	0.01453	0.01292	0.02745	0.02261	0.03553	0.01938	0.02261	0.01615	0.00807	0.00807	0.00161	0.00807	0.00646	0.00646	0.68346
12	0.04073	0.05197	0.03090	0.02809	0.03371	0.57303	0.02107	0.04354	0.03090	0.02669	0.01685	0.01966	0.01404	0.01124	0.00983	0.00281	0.01966	0.00702	0.00562	0.01264
13	0.01543	0.01115	0.01457	0.01372	0.01629	0.01029	0.01029	0.02058	0.03086	0.04372	0.54304	0.08145	0.10288	0.02229	0.01286	0.00343	0.00514	0.01972	0.01200	0.01029
14	0.69383	0.02109	0.01603	0.01434	0.02109	0.02446	0.01181	0.03205	0.01856	0.04892	0.01518	0.01771	0.01181	0.01012	0.00675	0.00337	0.00843	0.00590	0.00675	0.01181
15	0.02699	0.02591	0.04426	0.06693	0.54879	0.02591	0.03346	0.03346	0.02483	0.03562	0.02051	0.02699	0.01727	0.00972	0.01079	0.00324	0.01295	0.00972	0.00540	0.01727
16	0.04145	0.03054	0.03272	0.02509	0.03381	0.03381	0.02072	0.51243	0.05127	0.06872	0.02618	0.02618	0.01854	0.01309	0.01091	0.00327	0.01200	0.00982	0.01091	0.01854
17	0.04145	0.03054	0.03272	0.02509	0.03381	0.03381	0.02072	0.51243	0.05127	0.06872	0.02618	0.02618	0.01854	0.01309	0.01091	0.00327	0.01200	0.00982	0.01091	0.01854
18	0.01325	0.00964	0.01250	0.01478	0.01571	0.00889	0.00994	0.01523	0.02126	0.02799	0.06500	0.56050	0.11813	0.03352	0.01382	0.00436	0.00625	0.03022	0.01012	0.00889
19	0.01325	0.00962	0.01251	0.01483	0.01572	0.00889	0.00996	0.01522	0.02121	0.02797	0.06439	0.56669	0.11235	0.03360	0.01383	0.00436	0.00626	0.03032	0.01012	0.00889
20	0.04073	0.05197	0.03090	0.02809	0.03371	0.57303	0.02107	0.04354	0.03090	0.02669	0.01685	0.01966	0.01404	0.01124	0.00983	0.00281	0.01966	0.00702	0.00562	0.01264
21	0.20140	0.02291	0.03100	0.02368	0.03220	0.02283	0.10199	0.11503	0.03022	0.26649	0.02997	0.02935	0.02016	0.01186	0.01026	0.00341	0.01108	0.00988	0.01005	0.01623
22	0.01319	0.00986	0.01227	0.01419	0.01555	0.00894	0.00968	0.01529	0.02183	0.02822	0.07220	0.48837	0.18562	0.03259	0.01367	0.00425	0.00613	0.02908	0.01012	0.00894
23	0.03394	0.01634	0.02062	0.01690	0.02293	0.01503	0.01355	0.08027	0.03161	0.28937	0.17327	0.05419	0.09582	0.01698	0.01135	0.00334	0.00777	0.01417	0.06767	0.01487
24	0.69383	0.02109	0.01603	0.01434	0.02109	0.02446	0.01181	0.03205	0.01856	0.04892	0.01518	0.01771	0.01181	0.01012	0.00675	0.00337	0.00843	0.00590	0.00675	0.01181
25	0.02426	0.14811	0.34075	0.03074	0.04395	0.02898	0.11616	0.03625	0.06606	0.03398	0.02132	0.02466	0.01596	0.01035	0.01027	0.00332	0.01510	0.00887	0.00532	0.01559
26	0.02903	0.09533	0.28598	0.02475	0.03659	0.02274	0.02787	0.03738	0.02512	0.16397	0.02823	0.03448	0.02149	0.01253	0.01039	0.00330	0.01278	0.04824	0.00745	0.07233
27	0.02059	0.01938	0.03270	0.59060	0.07510	0.02422	0.03028	0.02786	0.02180	0.02786	0.01938	0.02907	0.01453	0.01090	0.01090	0.00363	0.01453	0.00969	0.00484	0.01211
28	0.04212	0.02946	0.03206	0.02458	0.03328	0.03221	0.02030	0.47115	0.04946	0.11255	0.02769	0.02716	0.01930	0.01313	0.01091	0.00328	0.01175	0.00992	0.01114	0.01854
29	0.01289	0.01105	0.01105	0.01105	0.01473	0.00920	0.00828	0.01565	0.02485	0.02946	0.11046	0.10493	0.54437	0.02761	0.01289	0.00368	0.00552	0.02301	0.01013	0.00920
30	0.01543	0.01115	0.01457	0.01372	0.01629	0.01029	0.01029	0.02058	0.03086	0.04372	0.54304	0.08145	0.10288	0.02229	0.01286	0.00343	0.00514	0.01972	0.01200	0.01029
31	0.03637	0.02564	0.02730	0.02150	0.02874	0.02813	0.01758	0.39538	0.04444	0.06197	0.02844	0.02966	0.02080	0.01300	0.01012	0.00310	0.01034	0.00990	0.17108	0.01653
32	0.03177	0.52394	0.05251	0.01929	0.02850	0.04024	0.01864	0.07732	0.02546	0.07003	0.01828	0.01977	0.01539	0.00998	0.00765	0.00250	0.01151	0.00658	0.00590	0.01475
33	0.01719	0.01289	0.01710	0.01794	0.01965	0.01378	0.01441	0.02048	0.02142	0.02838	0.04971	0.09326	0.08649	0.17677	0.07416	0.00732	0.06420	0.24719	0.00838	0.00928
34	0.04285	0.02830	0.03133	0.02402	0.03269	0.03048	0.01984	0.42641	0.04751	0.16005	0.02933	0.02823	0.02012	0.01317	0.01092	0.00329	0.01149	0.01003	0.01139	0.01855
35	0.69383	0.02109	0.01603	0.01434	0.02109	0.02446	0.01181	0.03205	0.01856	0.04892	0.01518	0.01771	0.01181	0.01012	0.00675	0.00337	0.00843	0.00590	0.00675	0.01181
36	0.02712	0.02342	0.02465	0.02219	0.02835	0.02712	0.01726	0.05794	0.52909	0.04561	0.04438	0.04068	0.03328	0.01479	0.01109	0.00370	0.00863	0.01233	0.01109	0.01726
37	0.02712	0.02342	0.02465	0.02219	0.02835	0.02712	0.01726	0.05794	0.52909	0.04561	0.04438	0.04068	0.03328	0.01479	0.01109	0.00370	0.00863	0.01233	0.01109	0.01726
38	0.02059	0.01938	0.03270	0.59060	0.07510	0.02422	0.03028	0.02786	0.02180	0.02786	0.01938	0.02907	0.01453	0.01090	0.01090	0.00363	0.01453	0.00969	0.00484	0.01211
39	0.02915	0.62337	0.05714	0.01866	0.02799	0.04314	0.01866	0.03265	0.02215	0.02565	0.01516	0.01749	0.01399	0.00933	0.00700	0.00233	0.01166	0.00583	0.00466	0.01399
40	0.04207	0.02174	0.02632	0.02103	0.02893	0.02175	0.01710	0.12791	0.16355	0.34582	0.04067	0.03629	0.02727	0.01377	0.01099	0.00344	0.00955	0.01113	0.01246	0.01822
41	0.01375	0.01108	0.01224	0.01195	0.01526	0.00957	0.00896	0.01731	0.02688	0.03428	0.25658	0.09700	0.39524	0.02582	0.01288	0.00360	0.00539	0.02190	0.01076	0.00957
42	0.02915	0.62337	0.05714	0.01866	0.02799	0.04314	0.01866	0.03265	0.02215	0.02565	0.01516	0.01749	0.01399	0.00933	0.00700	0.00233	0.01166	0.00583	0.00466	0.01399
43	0.02963	0.02467	0.02607	0.02270	0.02931	0.02829	0.01786	0.13746	0.44549	0.04965	0.04119	0.03814	0.03070	0.01449	0.01106	0.00362	0.00922	0.01189	0.01106	0.01748
44	0.02495	0.32848	0.13737	0.02403	0.06747	0.03107	0.02241	0.03044	0.02270	0.02957	0.02369	0.07295	0.02289	0.01307	0.00917	0.00292	0.01171	0.04845	0.00573	0.07092
45	0.01506	0.01093	0.01384	0.01344	0.01569	0.01009	0.00974	0.01921	0.02799	0.03888	0.41322	0.12993	0.13157	0.08174	0.01711	0.00424	0.00581	0.02064	0.01115	0.00971
46	0.02302	0.02570	0.10899	0.02460	0.06783	0.02228	0.02020	0.04221	0.27987	0.04137	0.13110	0.04938	0.08455	0.01609	0.01141	0.00358	0.00929	0.01364	0.00970	0.01518
47	0.07996	0.21663	0.02905	0.01668	0.02150	0.02235	0.01369	0.02616	0.02211	0.08040	0.03958	0.30552	0.04315	0.02180	0.01071	0.00353	0.00858	0.01850	0.00834	0.01177

[dist]
# distance from previous block
# <min> <max>
1	3

[block]
# block no. 5 follows, 12 sequences, length 22
# corresponding to MSA columns:
# 696-717
name=unknown_F
#
# <colnr> <probs for GDERKNQSTAVLIFYWHMCP>
#	G	D	E	R	K	N	Q	S	T	A	V	L	I	F	Y	W	H	M	C	P
0	0.08783	0.29664	0.03929	0.01941	0.02781	0.03326	0.01722	0.08948	0.13497	0.03800	0.02325	0.02415	0.01876	0.01083	0.00843	0.00273	0.01029	0.00776	0.00716	0.10273
1	0.60673	0.10001	0.02141	0.01490	0.02199	0.02691	0.01271	0.03213	0.01903	0.04587	0.01518	0.01768	0.01209	0.01002	0.00678	0.00324	0.00886	0.00589	0.00647	0.01209
2	0.02639	0.02865	0.08447	0.23741	0.16276	0.06288	0.08138	0.07837	0.06380	0.03589	0.02224	0.02809	0.01700	0.01092	0.01099	0.00345	0.01442	0.00992	0.00609	0.01487
3	0.02482	0.02837	0.10917	0.18505	0.37196	0.02544	0.03361	0.03229	0.02388	0.03366	0.02012	0.02696	0.01618	0.01008	0.01076	0.00336	0.01374	0.00949	0.00516	0.01591
4	0.01505	0.01068	0.01313	0.01355	0.01447	0.01080	0.00887	0.01650	0.01801	0.02403	0.04570	0.15658	0.09706	0.34300	0.15538	0.01032	0.01333	0.01820	0.00740	0.00793
5	0.02856	0.02713	0.03015	0.03383	0.15690	0.08609	0.02166	0.05036	0.35102	0.04110	0.03552	0.03503	0.02726	0.01316	0.01088	0.00349	0.01089	0.01111	0.00910	0.01676
6	0.01328	0.00949	0.01265	0.01518	0.01581	0.00886	0.01012	0.01518	0.02088	0.02783	0.06010	0.60969	0.07212	0.03416	0.01392	0.00443	0.00633	0.03100	0.01012	0.00886
7	0.01333	0.01106	0.01166	0.01151	0.01500	0.00939	0.00863	0.01650	0.02590	0.03193	0.18549	0.10086	0.46779	0.02669	0.01288	0.00364	0.00546	0.02244	0.01045	0.00939
8	0.02915	0.62337	0.05714	0.01866	0.02799	0.04314	0.01866	0.03265	0.02215	0.02565	0.01516	0.01749	0.01399	0.00933	0.00700	0.00233	0.01166	0.00583	0.00466	0.01399
9	0.02712	0.02342	0.02465	0.02219	0.02835	0.02712	0.01726	0.05794	0.52909	0.04561	0.04438	0.04068	0.03328	0.01479	0.01109	0.00370	0.00863	0.01233	0.01109	0.01726
10	0.04892	0.01856	0.02530	0.01940	0.02783	0.01603	0.01603	0.05314	0.03121	0.55634	0.04302	0.03711	0.02699	0.01350	0.01096	0.00337	0.00928	0.01096	0.01350	0.01856
11	0.69383	0.02109	0.01603	0.01434	0.02109	0.02446	0.01181	0.03205	0.01856	0.04892	0.01518	0.01771	0.01181	0.01012	0.00675	0.00337	0.00843	0.00590	0.00675	0.01181
12	0.01352	0.01107	0.01192	0.01171	0.01511	0.00947	0.00878	0.01687	0.02634	0.03298	0.21746	0.09912	0.43517	0.02630	0.01288	0.00362	0.00543	0.02220	0.01059	0.00947
13	0.02059	0.01938	0.03270	0.59060	0.07510	0.02422	0.03028	0.02786	0.02180	0.02786	0.01938	0.02907	0.01453	0.01090	0.01090	0.00363	0.01453	0.00969	0.00484	0.01211
14	0.02390	0.02276	0.03868	0.31967	0.32017	0.02509	0.03193	0.03076	0.02337	0.03187	0.01996	0.02799	0.01595	0.01029	0.01085	0.00343	0.01372	0.00970	0.00513	0.01478
15	0.02059	0.01938	0.03270	0.59060	0.07510	0.02422	0.03028	0.02786	0.02180	0.02786	0.01938	0.02907	0.01453	0.01090	0.01090	0.00363	0.01453	0.00969	0.00484	0.01211
16	0.03074	0.02573	0.02526	0.02219	0.02842	0.08469	0.01732	0.08719	0.35931	0.09021	0.07603	0.03995	0.03458	0.01471	0.01106	0.00352	0.00988	0.01198	0.01076	0.01646
17	0.03508	0.02328	0.03974	0.12526	0.10046	0.02281	0.15529	0.07343	0.02886	0.23781	0.02984	0.03185	0.02047	0.01146	0.01145	0.00348	0.01321	0.01106	0.00885	0.01631
18	0.01466	0.01112	0.01350	0.01290	0.01581	0.00996	0.00968	0.01908	0.02903	0.03938	0.41132	0.08860	0.23731	0.02391	0.01287	0.00351	0.00526	0.02072	0.01143	0.00996
19	0.04293	0.02056	0.03048	0.03238	0.17015	0.01872	0.02079	0.04776	0.02946	0.41409	0.03687	0.03435	0.02434	0.01246	0.01092	0.00334	0.01028	0.01062	0.01128	0.01821
20	0.09620	0.22957	0.03802	0.09480	0.03479	0.03118	0.01946	0.14344	0.03018	0.14886	0.02401	0.02508	0.01760	0.01132	0.00919	0.00303	0.01132	0.00831	0.00812	0.01552
21	0.17624	0.10625	0.03243	0.02200	0.03039	0.03308	0.01859	0.34912	0.04061	0.05893	0.02243	0.02327	0.01654	0.01198	0.00953	0.00317	0.01121	0.00848	0.00922	0.01654

[dist]
# distance from previous block
# <min> <max>
0	9

[block]
# block no. 6 follows, 12 sequences, length 10
# corresponding to MSA columns:
# 727-736
name=unknown_G
#
# <colnr> <probs for GDERKNQSTAVLIFYWHMCP>
#	G	D	E	R	K	N	Q	S	T	A	V	L	I	F	Y	W	H	M	C	P
0	0.02740	0.02521	0.03938	0.05459	0.41216	0.02505	0.02888	0.06630	0.05997	0.03849	0.02234	0.02728	0.01828	0.01007	0.01047	0.00306	0.01197	0.00948	0.00628	0.10335
1	0.02688	0.51862	0.04940	0.01750	0.02523	0.03758	0.01660	0.02978	0.02108	0.02488	0.01844	0.02670	0.01838	0.11317	0.01529	0.00374	0.01147	0.00754	0.00500	0.01273
2	0.56391	0.02124	0.01955	0.01957	0.06878	0.02367	0.01420	0.03448	0.02050	0.10327	0.01870	0.02066	0.01396	0.01045	0.00757	0.00336	0.00893	0.00680	0.00737	0.01303
3	0.03611	0.01722	0.02245	0.01785	0.02527	0.01442	0.01422	0.04009	0.02725	0.33304	0.03990	0.13128	0.03194	0.01564	0.01073	0.00311	0.00847	0.01324	0.01112	0.18665
4	0.02187	0.05640	0.56031	0.03108	0.04719	0.02532	0.04029	0.03453	0.02302	0.03453	0.01957	0.02302	0.01381	0.01036	0.01036	0.00345	0.01611	0.00806	0.00460	0.01611
