[name]
unknown

[dist]
# distance from previous block
# <min> <max>
0	71

[block]
# block no. 0 follows, 16 sequences, length 11
# corresponding to MSA columns:
# 71-81
name=unknown_A
#
# <colnr> <probs for GDERKNQSTAVLIFYWHMCP>
#	G	D	E	R	K	N	Q	S	T	A	V	L	I	F	Y	W	H	M	C	P
0	0.14484	0.07969	0.02496	0.01818	0.02480	0.02429	0.01506	0.25820	0.06727	0.04533	0.02492	0.07290	0.02148	0.01271	0.00889	0.00286	0.00903	0.03916	0.00802	0.09743
1	0.07433	0.05634	0.07480	0.01733	0.02408	0.01985	0.01527	0.17210	0.06016	0.10688	0.04163	0.07906	0.14246	0.01482	0.00960	0.00296	0.00853	0.01190	0.00846	0.05943
2	0.16058	0.02659	0.09154	0.02058	0.02843	0.07609	0.04561	0.14694	0.07559	0.14940	0.02366	0.02392	0.01685	0.01041	0.00880	0.00287	0.01043	0.00799	0.00786	0.06585
3	0.02446	0.02247	0.06168	0.02303	0.03070	0.02063	0.13892	0.16600	0.05542	0.03899	0.02243	0.02606	0.01740	0.01524	0.06462	0.00376	0.01204	0.00883	0.06493	0.18241
4	0.01744	0.01321	0.01718	0.11265	0.02494	0.01407	0.01327	0.11380	0.02319	0.03081	0.04079	0.40170	0.04559	0.06720	0.01402	0.00402	0.00793	0.02030	0.00817	0.00972
5	0.10847	0.07897	0.28619	0.02447	0.03436	0.10895	0.06458	0.03475	0.10922	0.03231	0.01996	0.02204	0.01500	0.00978	0.00883	0.00296	0.01280	0.00758	0.00542	0.01337
6	0.01684	0.00842	0.01263	0.01263	0.01263	0.00842	0.00842	0.01263	0.01263	0.01684	0.01684	0.02946	0.01684	0.03367	0.03788	0.71801	0.00842	0.00842	0.00421	0.00421
7	0.09220	0.10318	0.03749	0.02643	0.03284	0.12035	0.17884	0.03297	0.02200	0.11890	0.01929	0.02275	0.01481	0.01070	0.01321	0.00311	0.12394	0.00851	0.00592	0.01257
8	0.01409	0.00940	0.01057	0.01057	0.01057	0.00940	0.00587	0.01409	0.01409	0.01879	0.03054	0.06342	0.03524	0.65938	0.04933	0.00940	0.00940	0.01409	0.00587	0.00587
9	0.13694	0.01952	0.02075	0.01783	0.02289	0.02128	0.01400	0.29575	0.03190	0.04608	0.03189	0.23426	0.03159	0.01753	0.01002	0.00327	0.00847	0.01452	0.00888	0.01264
10	0.02261	0.02537	0.05287	0.03843	0.04669	0.02532	0.47851	0.02983	0.02161	0.02983	0.01853	0.02537	0.01439	0.00955	0.01464	0.00342	0.11456	0.01097	0.00480	0.01268

[dist]
# distance from previous block
# <min> <max>
0	14

[block]
# block no. 1 follows, 16 sequences, length 48
# corresponding to MSA columns:
# 96-143
name=unknown_B
#
# <colnr> <probs for GDERKNQSTAVLIFYWHMCP>
#	G	D	E	R	K	N	Q	S	T	A	V	L	I	F	Y	W	H	M	C	P
0	0.02001	0.01060	0.01295	0.01178	0.01486	0.00990	0.00904	0.02444	0.02477	0.12614	0.29283	0.05243	0.05553	0.01535	0.00939	0.00274	0.00512	0.01308	0.27881	0.01025
1	0.01520	0.01124	0.01355	0.01289	0.01289	0.01256	0.00826	0.01553	0.01421	0.01950	0.02776	0.05685	0.03173	0.55929	0.04660	0.00859	0.10791	0.01322	0.00562	0.00661
2	0.61757	0.01851	0.01516	0.01300	0.01940	0.02037	0.01065	0.02785	0.01706	0.04163	0.01408	0.01642	0.01110	0.00871	0.00618	0.00276	0.00745	0.00533	0.00596	0.12084
3	0.01954	0.04501	0.51738	0.02556	0.03899	0.02101	0.03202	0.02971	0.02041	0.03083	0.01737	0.02041	0.01260	0.00889	0.00889	0.00281	0.01321	0.00694	0.00435	0.12407
4	0.01830	0.01723	0.02907	0.63609	0.06675	0.02153	0.02692	0.02476	0.01938	0.02476	0.01723	0.02584	0.01292	0.00969	0.00969	0.00323	0.01292	0.00861	0.00431	0.01077
5	0.02837	0.02015	0.02396	0.11558	0.03214	0.02249	0.01728	0.10504	0.32666	0.14891	0.03391	0.03248	0.02443	0.01222	0.00979	0.00318	0.00894	0.01011	0.00939	0.01498
6	0.02072	0.01779	0.02038	0.01519	0.02332	0.01466	0.01209	0.02863	0.10756	0.03298	0.02069	0.02260	0.01673	0.00811	0.00760	0.00172	0.00725	0.00655	0.00638	0.60905
7	0.67993	0.02065	0.01516	0.01359	0.01952	0.06322	0.01107	0.02920	0.01725	0.04212	0.01360	0.01586	0.01063	0.00907	0.00619	0.00296	0.00819	0.00532	0.00593	0.01055
8	0.01825	0.04364	0.51600	0.02542	0.03760	0.02023	0.03163	0.02801	0.02017	0.02977	0.02301	0.11903	0.02035	0.01250	0.00970	0.00320	0.01297	0.01034	0.00486	0.01332
9	0.02475	0.19344	0.38290	0.02334	0.03514	0.02505	0.02781	0.03287	0.02141	0.11837	0.01969	0.02123	0.01414	0.00942	0.00857	0.00282	0.01242	0.00709	0.00534	0.01421
10	0.01260	0.00965	0.01155	0.01153	0.01391	0.00860	0.00847	0.01595	0.02411	0.03206	0.32949	0.17046	0.27018	0.02318	0.01159	0.00327	0.00486	0.02015	0.00980	0.00860
11	0.02288	0.02614	0.05719	0.04085	0.05065	0.02451	0.56373	0.03105	0.02288	0.03105	0.01961	0.02614	0.01471	0.00817	0.01144	0.00327	0.01634	0.01144	0.00490	0.01307
12	0.02441	0.26132	0.32381	0.02294	0.03413	0.02922	0.02639	0.11361	0.02411	0.03267	0.01694	0.01918	0.01299	0.00927	0.00824	0.00270	0.01237	0.00671	0.00498	0.01400
13	0.04047	0.01717	0.02240	0.01763	0.02481	0.01578	0.01442	0.04790	0.11401	0.51759	0.03843	0.03348	0.02486	0.01218	0.00976	0.00304	0.00816	0.00994	0.01166	0.01631
14	0.02591	0.66522	0.05079	0.01658	0.02488	0.03835	0.01658	0.02902	0.01969	0.02280	0.01347	0.01555	0.01244	0.00829	0.00622	0.00207	0.01036	0.00518	0.00415	0.01244
15	0.01207	0.00962	0.01082	0.01098	0.01359	0.00837	0.00806	0.01493	0.02286	0.02910	0.21396	0.17533	0.38756	0.02428	0.01159	0.00332	0.00494	0.02084	0.00941	0.00837
16	0.01145	0.00982	0.00982	0.00982	0.01309	0.00818	0.00736	0.01391	0.02209	0.02618	0.09818	0.09327	0.59499	0.02455	0.01145	0.00327	0.00491	0.02045	0.00900	0.00818
17	0.03684	0.02715	0.02909	0.02230	0.03006	0.03006	0.01842	0.56661	0.04557	0.06108	0.02327	0.02327	0.01648	0.01163	0.00970	0.00291	0.01067	0.00873	0.00970	0.01648
18	0.04348	0.01649	0.02249	0.01724	0.02474	0.01425	0.01425	0.04723	0.02774	0.60564	0.03824	0.03299	0.02399	0.01200	0.00975	0.00300	0.00825	0.00975	0.01200	0.01649
19	0.01357	0.00990	0.01275	0.01204	0.01439	0.00908	0.00903	0.01801	0.02709	0.03804	0.56164	0.07375	0.12413	0.02012	0.01143	0.00306	0.00459	0.01772	0.01056	0.00908
20	0.01944	0.05013	0.60917	0.02762	0.04195	0.02251	0.03581	0.03069	0.02046	0.03069	0.01739	0.02046	0.01228	0.00921	0.00921	0.00307	0.01432	0.00716	0.00409	0.01432
21	0.01409	0.00940	0.01057	0.01057	0.01057	0.00940	0.00587	0.01409	0.01409	0.01879	0.03054	0.06342	0.03524	0.65938	0.04933	0.00940	0.00940	0.01409	0.00587	0.00587
22	0.02718	0.58925	0.04793	0.01761	0.02550	0.10978	0.01685	0.03021	0.02065	0.02292	0.01366	0.01578	0.01244	0.00850	0.00653	0.00212	0.01124	0.00531	0.00425	0.01229
23	0.17350	0.01740	0.02216	0.09333	0.05577	0.02018	0.01649	0.06720	0.02094	0.10500	0.05623	0.02874	0.02116	0.02368	0.12832	0.00560	0.11723	0.00891	0.00661	0.01156
24	0.02728	0.34169	0.03752	0.01863	0.02591	0.03224	0.01651	0.13231	0.20703	0.03541	0.02367	0.02363	0.01874	0.01047	0.00802	0.00262	0.00954	0.00769	0.00700	0.01410
25	0.72785	0.01874	0.01425	0.01275	0.01874	0.02174	0.01050	0.02849	0.01649	0.04348	0.01350	0.01574	0.01050	0.00900	0.00600	0.00300	0.00750	0.00525	0.00600	0.01050
26	0.02132	0.24512	0.19631	0.02093	0.02910	0.02504	0.05579	0.06618	0.02178	0.02888	0.02535	0.17216	0.02532	0.01412	0.00914	0.00294	0.01074	0.01181	0.00577	0.01221
27	0.01832	0.01609	0.02346	0.02420	0.09090	0.02003	0.01701	0.02059	0.01570	0.02315	0.01952	0.03177	0.01920	0.10610	0.20107	0.05737	0.27143	0.00968	0.00477	0.00964
28	0.01181	0.00843	0.01125	0.01350	0.01406	0.00787	0.00900	0.01350	0.01856	0.02474	0.05342	0.65306	0.06410	0.03036	0.01237	0.00394	0.00562	0.02755	0.00900	0.00787
29	0.04348	0.01649	0.02249	0.01724	0.02474	0.01425	0.01425	0.04723	0.02774	0.60564	0.03824	0.03299	0.02399	0.01200	0.00975	0.00300	0.00825	0.00975	0.01200	0.01649
30	0.02411	0.02082	0.02192	0.01972	0.02520	0.02411	0.01534	0.05150	0.58142	0.04054	0.03945	0.03616	0.02959	0.01315	0.00986	0.00329	0.00767	0.01096	0.00986	0.01534
31	0.72785	0.01874	0.01425	0.01275	0.01874	0.02174	0.01050	0.02849	0.01649	0.04348	0.01350	0.01574	0.01050	0.00900	0.00600	0.00300	0.00750	0.00525	0.00600	0.01050
32	0.02591	0.66522	0.05079	0.01658	0.02488	0.03835	0.01658	0.02902	0.01969	0.02280	0.01347	0.01555	0.01244	0.00829	0.00622	0.00207	0.01036	0.00518	0.00415	0.01244
33	0.01987	0.01952	0.03317	0.39528	0.09603	0.02372	0.08690	0.02554	0.01901	0.02569	0.01661	0.02475	0.01326	0.01099	0.01459	0.00342	0.14700	0.00891	0.00440	0.01134
34	0.72785	0.01874	0.01425	0.01275	0.01874	0.02174	0.01050	0.02849	0.01649	0.04348	0.01350	0.01574	0.01050	0.00900	0.00600	0.00300	0.00750	0.00525	0.00600	0.01050
35	0.72785	0.01874	0.01425	0.01275	0.01874	0.02174	0.01050	0.02849	0.01649	0.04348	0.01350	0.01574	0.01050	0.00900	0.00600	0.00300	0.00750	0.00525	0.00600	0.01050
36	0.01830	0.01723	0.02907	0.63609	0.06675	0.02153	0.02692	0.02476	0.01938	0.02476	0.01723	0.02584	0.01292	0.00969	0.00969	0.00323	0.01292	0.00861	0.00431	0.01077
37	0.01372	0.00991	0.01296	0.01219	0.01448	0.00914	0.00914	0.01829	0.02743	0.03887	0.59381	0.07240	0.09145	0.01981	0.01143	0.00305	0.00457	0.01753	0.01067	0.00914
38	0.01372	0.00991	0.01296	0.01219	0.01448	0.00914	0.00914	0.01829	0.02743	0.03887	0.59381	0.07240	0.09145	0.01981	0.01143	0.00305	0.00457	0.01753	0.01067	0.00914
39	0.01181	0.00843	0.01125	0.01350	0.01406	0.00787	0.00900	0.01350	0.01856	0.02474	0.05342	0.65306	0.06410	0.03036	0.01237	0.00394	0.00562	0.02755	0.00900	0.00787
40	0.01409	0.00940	0.01057	0.01057	0.01057	0.00940	0.00587	0.01409	0.01409	0.01879	0.03054	0.06342	0.03524	0.65938	0.04933	0.00940	0.00940	0.01409	0.00587	0.00587
41	0.01944	0.05013	0.60917	0.02762	0.04195	0.02251	0.03581	0.03069	0.02046	0.03069	0.01739	0.02046	0.01228	0.00921	0.00921	0.00307	0.01432	0.00716	0.00409	0.01432
42	0.01873	0.01766	0.02984	0.59286	0.10665	0.02165	0.02713	0.02514	0.01958	0.02528	0.01730	0.02570	0.01310	0.00961	0.00968	0.00320	0.01281	0.00861	0.00434	0.01111
43	0.01330	0.00969	0.01196	0.01206	0.01428	0.00886	0.00901	0.01696	0.02419	0.03319	0.33797	0.16756	0.18884	0.02242	0.01144	0.00328	0.00507	0.05123	0.04999	0.00872
44	0.13945	0.02452	0.02343	0.06229	0.02751	0.16460	0.01641	0.03329	0.02194	0.16438	0.02085	0.02349	0.01581	0.01501	0.04941	0.00374	0.11440	0.00765	0.00670	0.06510
45	0.02412	0.01777	0.02336	0.01885	0.02523	0.01662	0.04781	0.09256	0.02443	0.10205	0.02815	0.04305	0.02523	0.01355	0.01119	0.00280	0.05265	0.12896	0.00755	0.29407
46	0.03013	0.02399	0.03081	0.02375	0.03028	0.05545	0.09363	0.21120	0.02941	0.11197	0.02128	0.02371	0.01593	0.01142	0.01369	0.00297	0.13033	0.00859	0.00742	0.12403
47	0.17754	0.01873	0.02755	0.10019	0.19599	0.01998	0.06001	0.02738	0.02149	0.06437	0.12679	0.03201	0.02865	0.01157	0.01057	0.00309	0.04558	0.00983	0.00647	0.01220

[dist]
# distance from previous block
# <min> <max>
4	61

[block]
# block no. 2 follows, 16 sequences, length 43
# corresponding to MSA columns:
# 205-247
name=unknown_C
#
# <colnr> <probs for GDERKNQSTAVLIFYWHMCP>
#	G	D	E	R	K	N	Q	S	T	A	V	L	I	F	Y	W	H	M	C	P
0	0.01978	0.01796	0.02706	0.37903	0.08612	0.02048	0.02246	0.05690	0.02112	0.02843	0.02319	0.02925	0.05558	0.01096	0.01103	0.00300	0.05644	0.00904	0.00521	0.11699
1	0.25538	0.01764	0.01991	0.01957	0.08729	0.01741	0.01362	0.05818	0.02174	0.12628	0.02765	0.07830	0.05406	0.01192	0.00830	0.00276	0.00788	0.00941	0.00738	0.15531
2	0.03267	0.02790	0.13021	0.07295	0.03242	0.10491	0.01990	0.08157	0.02626	0.25626	0.02564	0.02557	0.01753	0.01041	0.00920	0.00277	0.01115	0.00813	0.00798	0.09659
3	0.06778	0.02099	0.02591	0.01960	0.02702	0.02069	0.05089	0.18352	0.02792	0.11302	0.02120	0.02290	0.01586	0.01007	0.01054	0.00250	0.06289	0.00769	0.00750	0.28153
4	0.01635	0.01200	0.01488	0.01378	0.01539	0.01283	0.00987	0.06345	0.02111	0.02937	0.20031	0.05627	0.04774	0.28107	0.11561	0.00745	0.05281	0.01378	0.00746	0.00849
5	0.01950	0.04733	0.55907	0.02650	0.04033	0.02169	0.03374	0.03016	0.02043	0.03077	0.01738	0.02043	0.01245	0.00904	0.00904	0.00293	0.01372	0.00704	0.00423	0.07422
6	0.01392	0.01008	0.01405	0.01405	0.01525	0.01128	0.01021	0.01633	0.01512	0.02137	0.02736	0.04582	0.02759	0.25202	0.44624	0.01369	0.02090	0.01152	0.00540	0.00780
7	0.01830	0.01723	0.02907	0.63609	0.06675	0.02153	0.02692	0.02476	0.01938	0.02476	0.01723	0.02584	0.01292	0.00969	0.00969	0.00323	0.01292	0.00861	0.00431	0.01077
8	0.01385	0.01038	0.01558	0.01558	0.01731	0.01211	0.01211	0.01731	0.01558	0.02250	0.02596	0.03808	0.02423	0.07269	0.62098	0.01558	0.02596	0.01038	0.00519	0.00865
9	0.01311	0.00937	0.01274	0.01498	0.01612	0.00900	0.01126	0.01575	0.01984	0.02620	0.05270	0.46712	0.06126	0.02914	0.01272	0.00412	0.00675	0.20064	0.00897	0.00823
10	0.02411	0.02082	0.02192	0.01972	0.02520	0.02411	0.01534	0.05150	0.58142	0.04054	0.03945	0.03616	0.02959	0.01315	0.00986	0.00329	0.00767	0.01096	0.00986	0.01534
11	0.01944	0.05013	0.60917	0.02762	0.04195	0.02251	0.03581	0.03069	0.02046	0.03069	0.01739	0.02046	0.01228	0.00921	0.00921	0.00307	0.01432	0.00716	0.00409	0.01432
12	0.01409	0.00940	0.01057	0.01057	0.01057	0.00940	0.00587	0.01409	0.01409	0.01879	0.03054	0.06342	0.03524	0.65938	0.04933	0.00940	0.00940	0.01409	0.00587	0.00587
13	0.02288	0.02614	0.05719	0.04085	0.05065	0.02451	0.56373	0.03105	0.02288	0.03105	0.01961	0.02614	0.01471	0.00817	0.01144	0.00327	0.01634	0.01144	0.00490	0.01307
14	0.03684	0.02715	0.02909	0.02230	0.03006	0.03006	0.01842	0.56661	0.04557	0.06108	0.02327	0.02327	0.01648	0.01163	0.00970	0.00291	0.01067	0.00873	0.00970	0.01648
15	0.02120	0.02120	0.02969	0.02545	0.02545	0.02969	0.02120	0.02332	0.01484	0.02332	0.01272	0.02120	0.01272	0.01696	0.03181	0.00424	0.64165	0.00848	0.00424	0.01060
16	0.01944	0.05013	0.60917	0.02762	0.04195	0.02251	0.03581	0.03069	0.02046	0.03069	0.01739	0.02046	0.01228	0.00921	0.00921	0.00307	0.01432	0.00716	0.00409	0.01432
17	0.02010	0.01723	0.02010	0.01436	0.02297	0.01292	0.01148	0.02440	0.02010	0.03158	0.01723	0.02010	0.01436	0.00718	0.00718	0.00144	0.00718	0.00574	0.00574	0.71863
18	0.01944	0.05013	0.60917	0.02762	0.04195	0.02251	0.03581	0.03069	0.02046	0.03069	0.01739	0.02046	0.01228	0.00921	0.00921	0.00307	0.01432	0.00716	0.00409	0.01432
19	0.01409	0.00940	0.01057	0.01057	0.01057	0.00940	0.00587	0.01409	0.01409	0.01879	0.03054	0.06342	0.03524	0.65938	0.04933	0.00940	0.00940	0.01409	0.00587	0.00587
20	0.02591	0.66522	0.05079	0.01658	0.02488	0.03835	0.01658	0.02902	0.01969	0.02280	0.01347	0.01555	0.01244	0.00829	0.00622	0.00207	0.01036	0.00518	0.00415	0.01244
21	0.01385	0.01038	0.01558	0.01558	0.01731	0.01211	0.01211	0.01731	0.01558	0.02250	0.02596	0.03808	0.02423	0.07269	0.62098	0.01558	0.02596	0.01038	0.00519	0.00865
22	0.01181	0.00843	0.01125	0.01350	0.01406	0.00787	0.00900	0.01350	0.01856	0.02474	0.05342	0.65306	0.06410	0.03036	0.01237	0.00394	0.00562	0.02755	0.00900	0.00787
23	0.02399	0.02303	0.03934	0.05949	0.59893	0.02303	0.02974	0.02974	0.02207	0.03166	0.01823	0.02399	0.01535	0.00864	0.00960	0.00288	0.01151	0.00864	0.00480	0.01535
24	0.03684	0.02715	0.02909	0.02230	0.03006	0.03006	0.01842	0.56661	0.04557	0.06108	0.02327	0.02327	0.01648	0.01163	0.00970	0.00291	0.01067	0.00873	0.00970	0.01648
25	0.01200	0.00851	0.01119	0.01325	0.01377	0.00800	0.00874	0.01355	0.01819	0.02425	0.05152	0.60410	0.06171	0.08260	0.01544	0.00439	0.00594	0.02644	0.00874	0.00771
26	0.01944	0.05013	0.60917	0.02762	0.04195	0.02251	0.03581	0.03069	0.02046	0.03069	0.01739	0.02046	0.01228	0.00921	0.00921	0.00307	0.01432	0.00716	0.00409	0.01432
27	0.01145	0.00982	0.00982	0.00982	0.01309	0.00818	0.00736	0.01391	0.02209	0.02618	0.09818	0.09327	0.59499	0.02455	0.01145	0.00327	0.00491	0.02045	0.00900	0.00818
28	0.01944	0.05013	0.60917	0.02762	0.04195	0.02251	0.03581	0.03069	0.02046	0.03069	0.01739	0.02046	0.01228	0.00921	0.00921	0.00307	0.01432	0.00716	0.00409	0.01432
29	0.01944	0.05013	0.60917	0.02762	0.04195	0.02251	0.03581	0.03069	0.02046	0.03069	0.01739	0.02046	0.01228	0.00921	0.00921	0.00307	0.01432	0.00716	0.00409	0.01432
30	0.02399	0.02303	0.03934	0.05949	0.59893	0.02303	0.02974	0.02974	0.02207	0.03166	0.01823	0.02399	0.01535	0.00864	0.00960	0.00288	0.01151	0.00864	0.00480	0.01535
31	0.01145	0.00982	0.00982	0.00982	0.01309	0.00818	0.00736	0.01391	0.02209	0.02618	0.09818	0.09327	0.59499	0.02455	0.01145	0.00327	0.00491	0.02045	0.00900	0.00818
32	0.03620	0.04619	0.02747	0.02497	0.02996	0.62047	0.01873	0.03870	0.02747	0.02372	0.01498	0.01748	0.01248	0.00999	0.00874	0.00250	0.01748	0.00624	0.00499	0.01124
33	0.02456	0.02171	0.03124	0.04126	0.34296	0.02293	0.02298	0.07473	0.19470	0.03681	0.02598	0.02847	0.02042	0.01041	0.00949	0.00296	0.00981	0.00938	0.05419	0.01501
34	0.01313	0.00946	0.01243	0.01259	0.01435	0.00876	0.00910	0.01682	0.02472	0.03455	0.42856	0.24996	0.08309	0.02304	0.01172	0.00332	0.00489	0.02059	0.01016	0.00876
35	0.01933	0.01828	0.03093	0.53174	0.16306	0.02180	0.02743	0.02566	0.01987	0.02601	0.01741	0.02550	0.01336	0.00950	0.00967	0.00317	0.01267	0.00862	0.00440	0.01160
36	0.01684	0.00842	0.01263	0.01263	0.01263	0.00842	0.00842	0.01263	0.01263	0.01684	0.01684	0.02946	0.01684	0.03367	0.03788	0.71801	0.00842	0.00842	0.00421	0.00421
37	0.01649	0.00935	0.01046	0.01018	0.01245	0.00907	0.00764	0.02103	0.02291	0.03713	0.23567	0.04930	0.04902	0.01439	0.00847	0.00255	0.00454	0.01212	0.45820	0.00907
38	0.02109	0.02127	0.02986	0.35718	0.08931	0.07387	0.02469	0.02584	0.01886	0.02473	0.01573	0.02359	0.01300	0.01186	0.01637	0.00345	0.20546	0.00838	0.00438	0.01108
39	0.13725	0.02406	0.03768	0.11354	0.04140	0.02541	0.23039	0.19843	0.02853	0.04158	0.01947	0.02356	0.01436	0.00960	0.00979	0.00311	0.01269	0.00922	0.00650	0.01342
40	0.24532	0.06762	0.02490	0.11426	0.03102	0.02431	0.01633	0.19827	0.02736	0.07980	0.01906	0.02116	0.01409	0.00993	0.00810	0.00281	0.00957	0.00720	0.00713	0.07175
41	0.08050	0.02442	0.02302	0.05843	0.02741	0.14228	0.01566	0.17721	0.02998	0.17748	0.02546	0.02611	0.01816	0.01103	0.00881	0.00277	0.01044	0.00827	0.11908	0.01348
42	0.13073	0.03444	0.02432	0.02124	0.02707	0.35431	0.01638	0.07204	0.07371	0.07919	0.01948	0.02068	0.01501	0.01019	0.00849	0.00263	0.01331	0.00692	0.00649	0.06340

[dist]
# distance from previous block
# <min> <max>
0	9

[block]
# block no. 3 follows, 16 sequences, length 35
# corresponding to MSA columns:
# 257-291
name=unknown_D
#
# <colnr> <probs for GDERKNQSTAVLIFYWHMCP>
#	G	D	E	R	K	N	Q	S	T	A	V	L	I	F	Y	W	H	M	C	P
0	0.08726	0.02101	0.02359	0.01953	0.02567	0.02319	0.01578	0.16097	0.24036	0.18421	0.03161	0.02984	0.02258	0.01247	0.01104	0.00318	0.05336	0.00953	0.00965	0.01516
1	0.02163	0.02171	0.02859	0.28721	0.08054	0.09479	0.02300	0.02544	0.01861	0.02408	0.01557	0.02351	0.01324	0.01366	0.01858	0.05406	0.21252	0.00828	0.00439	0.01061
2	0.01585	0.01189	0.01579	0.01643	0.01763	0.01301	0.01312	0.01852	0.01860	0.02486	0.03933	0.08247	0.04328	0.23565	0.02775	0.00607	0.09239	0.29191	0.00729	0.00813
3	0.01191	0.00874	0.01119	0.01289	0.01396	0.00802	0.00879	0.01393	0.01974	0.02606	0.10228	0.53113	0.13830	0.02874	0.01217	0.00378	0.00544	0.02580	0.00913	0.00802
4	0.01188	0.00872	0.01116	0.01291	0.01395	0.00799	0.00878	0.01385	0.01960	0.02583	0.09351	0.53998	0.13845	0.02891	0.01219	0.00379	0.00546	0.02595	0.00910	0.00799
5	0.03280	0.02514	0.02681	0.02148	0.02852	0.02817	0.01744	0.40319	0.21557	0.05457	0.02840	0.02736	0.02064	0.01212	0.00975	0.00303	0.00972	0.00943	0.00975	0.01612
6	0.02605	0.02178	0.02301	0.02012	0.02594	0.02501	0.01581	0.12994	0.49981	0.04367	0.03698	0.03420	0.02759	0.01292	0.00984	0.00323	0.00813	0.01062	0.00984	0.01551
7	0.03620	0.04619	0.02747	0.02497	0.02996	0.62047	0.01873	0.03870	0.02747	0.02372	0.01498	0.01748	0.01248	0.00999	0.00874	0.00250	0.01748	0.00624	0.00499	0.01124
8	0.02591	0.66522	0.05079	0.01658	0.02488	0.03835	0.01658	0.02902	0.01969	0.02280	0.01347	0.01555	0.01244	0.00829	0.00622	0.00207	0.01036	0.00518	0.00415	0.01244
9	0.02399	0.02303	0.03934	0.05949	0.59893	0.02303	0.02974	0.02974	0.02207	0.03166	0.01823	0.02399	0.01535	0.00864	0.00960	0.00288	0.01151	0.00864	0.00480	0.01535
10	0.02411	0.02082	0.02192	0.01972	0.02520	0.02411	0.01534	0.05150	0.58142	0.04054	0.03945	0.03616	0.02959	0.01315	0.00986	0.00329	0.00767	0.01096	0.00986	0.01534
11	0.01206	0.00984	0.01065	0.01045	0.01346	0.00844	0.00784	0.01507	0.02351	0.02955	0.22978	0.08773	0.46130	0.02329	0.01145	0.00321	0.00482	0.01968	0.00944	0.00844
12	0.02399	0.02303	0.03934	0.05949	0.59893	0.02303	0.02974	0.02974	0.02207	0.03166	0.01823	0.02399	0.01535	0.00864	0.00960	0.00288	0.01151	0.00864	0.00480	0.01535
13	0.01181	0.00843	0.01125	0.01350	0.01406	0.00787	0.00900	0.01350	0.01856	0.02474	0.05342	0.65306	0.06410	0.03036	0.01237	0.00394	0.00562	0.02755	0.00900	0.00787
14	0.01684	0.00842	0.01263	0.01263	0.01263	0.00842	0.00842	0.01263	0.01263	0.01684	0.01684	0.02946	0.01684	0.03367	0.03788	0.71801	0.00842	0.00842	0.00421	0.00421
15	0.02312	0.02214	0.03778	0.14730	0.51788	0.02280	0.02931	0.02899	0.02166	0.03061	0.01808	0.02427	0.01498	0.00880	0.00961	0.00293	0.01173	0.00863	0.00472	0.01465
16	0.01372	0.00991	0.01296	0.01219	0.01448	0.00914	0.00914	0.01829	0.02743	0.03887	0.59381	0.07240	0.09145	0.01981	0.01143	0.00305	0.00457	0.01753	0.01067	0.00914
17	0.01841	0.01110	0.01556	0.01476	0.01701	0.01186	0.01111	0.02118	0.01711	0.11051	0.02880	0.04270	0.02654	0.18832	0.40622	0.01235	0.01974	0.01108	0.00637	0.00926
18	0.01944	0.05013	0.60917	0.02762	0.04195	0.02251	0.03581	0.03069	0.02046	0.03069	0.01739	0.02046	0.01228	0.00921	0.00921	0.00307	0.01432	0.00716	0.00409	0.01432
19	0.02585	0.02656	0.03753	0.05423	0.51228	0.11401	0.02807	0.03111	0.02289	0.03045	0.01774	0.02300	0.01492	0.00884	0.00946	0.00282	0.01242	0.00827	0.00483	0.01473
20	0.02173	0.02141	0.03680	0.15776	0.22924	0.02229	0.13183	0.02745	0.02054	0.02918	0.01750	0.02386	0.01428	0.00952	0.01226	0.00297	0.08732	0.00873	0.00480	0.12053
21	0.02063	0.01142	0.01531	0.01427	0.01755	0.01044	0.01117	0.02466	0.02576	0.16705	0.32819	0.13753	0.06780	0.02019	0.01141	0.00333	0.00613	0.08591	0.01054	0.01066
22	0.03101	0.02690	0.14672	0.02495	0.03387	0.02095	0.13082	0.15003	0.02853	0.21948	0.02809	0.06775	0.02080	0.01179	0.01014	0.00311	0.01145	0.01053	0.00829	0.01480
23	0.13380	0.01775	0.01920	0.01611	0.02058	0.01996	0.01308	0.17657	0.02661	0.08758	0.02456	0.02723	0.01866	0.01184	0.01102	0.00287	0.09142	0.00835	0.26069	0.01212
24	0.01368	0.01046	0.01475	0.10770	0.02228	0.01054	0.01179	0.01744	0.02280	0.03130	0.29859	0.28818	0.06899	0.02232	0.01153	0.00342	0.00625	0.02002	0.00906	0.00890
25	0.14208	0.02222	0.02413	0.01917	0.02629	0.02385	0.01571	0.27903	0.10919	0.19794	0.02789	0.02641	0.01931	0.01153	0.00917	0.00300	0.00914	0.00877	0.00976	0.01542
26	0.26000	0.21453	0.08752	0.01880	0.02599	0.19693	0.01709	0.03177	0.02092	0.03068	0.01430	0.01665	0.01179	0.00910	0.00716	0.00260	0.01183	0.00570	0.00499	0.01164
27	0.01736	0.01223	0.01443	0.01355	0.01511	0.01299	0.00924	0.09884	0.01948	0.02636	0.03002	0.09098	0.03208	0.40226	0.15502	0.00928	0.01265	0.01342	0.00652	0.00818
28	0.03375	0.04178	0.02634	0.02335	0.02890	0.52795	0.01762	0.03652	0.02634	0.02492	0.01532	0.01788	0.01277	0.00956	0.00850	0.00234	0.01591	0.00617	0.00511	0.11896
29	0.01371	0.01072	0.01372	0.06254	0.01929	0.01060	0.01100	0.01844	0.06044	0.02903	0.15852	0.30567	0.16779	0.02418	0.01169	0.00357	0.00622	0.05487	0.00899	0.00899
30	0.02637	0.24976	0.16179	0.02219	0.03069	0.06180	0.07457	0.03184	0.02211	0.11528	0.05919	0.02473	0.01991	0.01047	0.00997	0.00277	0.04950	0.00805	0.00592	0.01311
31	0.14708	0.02464	0.06410	0.13302	0.03363	0.10697	0.01803	0.07517	0.02400	0.14788	0.02095	0.02289	0.01511	0.00981	0.00853	0.00273	0.01079	0.00740	0.00685	0.12043
32	0.09424	0.06245	0.06418	0.12749	0.06051	0.07011	0.05724	0.09714	0.02339	0.03359	0.01714	0.02127	0.01357	0.00960	0.01015	0.00270	0.05583	0.00738	0.00557	0.16647
33	0.14878	0.07816	0.06287	0.02142	0.02846	0.10185	0.05512	0.14771	0.18636	0.04048	0.02378	0.02435	0.01800	0.01075	0.00880	0.00295	0.01072	0.00827	0.00740	0.01377
34	0.07394	0.10105	0.02714	0.06275	0.02866	0.09844	0.01636	0.16444	0.13774	0.03917	0.04902	0.02573	0.02066	0.01081	0.00870	0.00267	0.01009	0.00821	0.00738	0.10705

[dist]
# distance from previous block
# <min> <max>
5	47

[block]
# block no. 4 follows, 16 sequences, length 18
# corresponding to MSA columns:
# 339-356
name=unknown_E
#
# <colnr> <probs for GDERKNQSTAVLIFYWHMCP>
#	G	D	E	R	K	N	Q	S	T	A	V	L	I	F	Y	W	H	M	C	P
0	0.06566	0.02014	0.02084	0.01699	0.02326	0.06872	0.01347	0.13251	0.05970	0.14263	0.06539	0.07646	0.06985	0.01329	0.00929	0.00269	0.00853	0.01071	0.00859	0.17128
1	0.09384	0.02014	0.02110	0.01705	0.02356	0.06672	0.01365	0.10722	0.07502	0.20404	0.08633	0.03334	0.05052	0.01208	0.00912	0.00271	0.00852	0.00955	0.00904	0.13644
2	0.06665	0.05935	0.02753	0.07360	0.07493	0.06478	0.01818	0.12958	0.02543	0.12321	0.02230	0.05703	0.01816	0.01232	0.01284	0.00302	0.11604	0.00899	0.00704	0.07901
3	0.10443	0.01892	0.06011	0.01655	0.02257	0.01667	0.01401	0.12347	0.02554	0.13224	0.07416	0.09724	0.03057	0.07227	0.01300	0.00348	0.00843	0.03323	0.00827	0.12486
4	0.02394	0.02059	0.07545	0.18819	0.03789	0.01922	0.05720	0.10248	0.05694	0.09849	0.02656	0.08540	0.02165	0.01214	0.00957	0.00299	0.01024	0.01054	0.07092	0.06960
5	0.02086	0.02148	0.10350	0.02326	0.07768	0.04945	0.04871	0.02687	0.06814	0.07951	0.03255	0.20200	0.03257	0.10480	0.01737	0.00423	0.05402	0.01466	0.00706	0.01129
6	0.02927	0.02160	0.07666	0.01870	0.02603	0.01878	0.01620	0.11285	0.15614	0.19969	0.03212	0.07902	0.02474	0.01261	0.00949	0.00287	0.00862	0.01040	0.00913	0.13506
7	0.30839	0.01827	0.02490	0.17431	0.03534	0.02096	0.09378	0.02584	0.01806	0.03303	0.01851	0.05681	0.01594	0.01615	0.06230	0.00430	0.04827	0.00882	0.00541	0.01063
8	0.02612	0.07344	0.13265	0.10522	0.03334	0.01907	0.01948	0.03364	0.06715	0.16852	0.02381	0.02501	0.01717	0.00963	0.00866	0.00256	0.00984	0.00775	0.00695	0.20997
9	0.01181	0.00843	0.01125	0.01350	0.01406	0.00787	0.00900	0.01350	0.01856	0.02474	0.05342	0.65306	0.06410	0.03036	0.01237	0.00394	0.00562	0.02755	0.00900	0.00787
10	0.01939	0.01842	0.03068	0.50125	0.14448	0.02239	0.02691	0.02541	0.01944	0.02570	0.01703	0.02520	0.01327	0.01009	0.01138	0.00325	0.06127	0.00861	0.00438	0.01145
11	0.01229	0.00939	0.01129	0.01178	0.01385	0.00839	0.00847	0.01517	0.02264	0.02976	0.24163	0.26981	0.26062	0.02494	0.01175	0.00342	0.00504	0.02184	0.00953	0.00839
12	0.02010	0.01723	0.02010	0.01436	0.02297	0.01292	0.01148	0.02440	0.02010	0.03158	0.01723	0.02010	0.01436	0.00718	0.00718	0.00144	0.00718	0.00574	0.00574	0.71863
13	0.02723	0.02278	0.03147	0.23519	0.08769	0.02561	0.06589	0.24962	0.08298	0.04212	0.02204	0.02563	0.01626	0.01060	0.00984	0.00308	0.01168	0.00911	0.00711	0.01407
14	0.01581	0.01147	0.01441	0.01311	0.01589	0.01104	0.00998	0.06788	0.02908	0.04088	0.54221	0.06795	0.08467	0.01907	0.01127	0.00304	0.00512	0.01673	0.01058	0.00981
15	0.02175	0.01866	0.07440	0.06849	0.02625	0.01725	0.01614	0.03294	0.17827	0.11158	0.18638	0.09542	0.04477	0.01584	0.01161	0.00327	0.04223	0.01333	0.00900	0.01244
16	0.17437	0.02202	0.02637	0.15716	0.08411	0.02458	0.01927	0.24885	0.03039	0.09175	0.02074	0.02314	0.01499	0.01044	0.00893	0.00300	0.01038	0.00806	0.00753	0.01391
17	0.23992	0.01984	0.02068	0.07500	0.02734	0.02266	0.01502	0.06938	0.28284	0.08750	0.02851	0.02803	0.02106	0.01139	0.00865	0.00315	0.00832	0.00878	0.00833	0.01360

[dist]
# distance from previous block
# <min> <max>
0	4

[block]
# block no. 5 follows, 16 sequences, length 42
# corresponding to MSA columns:
# 361-402
name=unknown_F
#
# <colnr> <probs for GDERKNQSTAVLIFYWHMCP>
#	G	D	E	R	K	N	Q	S	T	A	V	L	I	F	Y	W	H	M	C	P
0	0.01957	0.12656	0.48020	0.02486	0.03710	0.02321	0.03079	0.02886	0.02018	0.02911	0.02026	0.07911	0.01716	0.01107	0.00911	0.00302	0.01299	0.00881	0.00456	0.01347
1	0.01908	0.01481	0.01726	0.01536	0.01937	0.01503	0.01178	0.09194	0.14419	0.03956	0.28984	0.12288	0.05887	0.01749	0.01060	0.00304	0.00633	0.01516	0.00972	0.07769
2	0.05788	0.00965	0.01190	0.01280	0.01443	0.00918	0.00904	0.01602	0.02151	0.03058	0.22792	0.39079	0.10227	0.02525	0.01161	0.00355	0.00536	0.02247	0.00935	0.00847
3	0.01288	0.00899	0.01144	0.01298	0.01352	0.00866	0.00863	0.01430	0.01750	0.02326	0.04600	0.41637	0.05422	0.22862	0.02413	0.00571	0.00712	0.07035	0.00800	0.00734
4	0.03699	0.02231	0.02454	0.01969	0.02667	0.05933	0.01594	0.19407	0.15153	0.29388	0.03280	0.02994	0.02234	0.01201	0.00969	0.00300	0.00939	0.00950	0.01044	0.01591
5	0.03815	0.01902	0.02408	0.01905	0.02565	0.01919	0.01564	0.12246	0.09395	0.40425	0.03377	0.03081	0.02248	0.01254	0.01182	0.00314	0.06790	0.00962	0.01068	0.01581
6	0.01883	0.01777	0.03002	0.58250	0.11621	0.02167	0.02718	0.02523	0.01963	0.02540	0.01732	0.02567	0.01315	0.00959	0.00968	0.00320	0.01279	0.00862	0.00435	0.01119
7	0.02065	0.01303	0.01209	0.01140	0.01434	0.04779	0.00868	0.05871	0.05331	0.03717	0.03054	0.03422	0.02385	0.01134	0.00724	0.00237	0.00585	0.00895	0.58850	0.00997
8	0.02123	0.02021	0.03435	0.33936	0.34062	0.02230	0.02837	0.02733	0.02076	0.02831	0.01774	0.02489	0.01417	0.00915	0.00964	0.00305	0.01220	0.00862	0.00456	0.01313
9	0.01863	0.01756	0.02965	0.60324	0.09707	0.02162	0.02708	0.02505	0.01953	0.02516	0.01728	0.02573	0.01306	0.00963	0.00968	0.00321	0.01284	0.00861	0.00433	0.01103
10	0.01832	0.01377	0.01739	0.01801	0.06222	0.01399	0.01260	0.08616	0.07871	0.03846	0.29259	0.13531	0.06115	0.01863	0.01089	0.00319	0.00650	0.04689	0.05433	0.01087
11	0.01392	0.01010	0.01415	0.01415	0.01538	0.01134	0.01033	0.01639	0.01515	0.02144	0.02727	0.04531	0.02737	0.24013	0.45783	0.01381	0.02123	0.01144	0.00539	0.00786
12	0.12872	0.01944	0.02309	0.01793	0.02531	0.01914	0.01481	0.17451	0.03076	0.39833	0.03136	0.02837	0.02040	0.01152	0.00926	0.00298	0.00876	0.00892	0.01066	0.01573
13	0.03626	0.04441	0.02762	0.02472	0.02997	0.56514	0.01870	0.08818	0.02916	0.02722	0.01576	0.01802	0.01286	0.01014	0.00883	0.00254	0.01684	0.00647	0.00543	0.01173
14	0.04209	0.01715	0.02484	0.01884	0.02649	0.01494	0.05141	0.04614	0.02741	0.56677	0.03698	0.03253	0.02336	0.01174	0.00986	0.00302	0.00879	0.00986	0.01152	0.01626
15	0.02120	0.02120	0.02969	0.02545	0.02545	0.02969	0.02120	0.02332	0.01484	0.02332	0.01272	0.02120	0.01272	0.01696	0.03181	0.00424	0.64165	0.00848	0.00424	0.01060
16	0.03384	0.01865	0.02221	0.01848	0.02497	0.01915	0.01479	0.04936	0.30326	0.32444	0.03884	0.03457	0.02678	0.01257	0.00980	0.00314	0.00796	0.01035	0.01093	0.01592
17	0.01385	0.01038	0.01558	0.01558	0.01731	0.01211	0.01211	0.01731	0.01558	0.02250	0.02596	0.03808	0.02423	0.07269	0.62098	0.01558	0.02596	0.01038	0.00519	0.00865
18	0.02120	0.02120	0.02969	0.02545	0.02545	0.02969	0.02120	0.02332	0.01484	0.02332	0.01272	0.02120	0.01272	0.01696	0.03181	0.00424	0.64165	0.00848	0.00424	0.01060
19	0.01163	0.00983	0.01006	0.01000	0.01320	0.00826	0.00750	0.01425	0.02250	0.02716	0.13621	0.09167	0.55636	0.02418	0.01145	0.00326	0.00488	0.02023	0.00913	0.00826
20	0.03620	0.04619	0.02747	0.02497	0.02996	0.62047	0.01873	0.03870	0.02747	0.02372	0.01498	0.01748	0.01248	0.00999	0.00874	0.00250	0.01748	0.00624	0.00499	0.01124
21	0.03566	0.02656	0.02842	0.02206	0.02961	0.02950	0.01814	0.51873	0.09537	0.05917	0.02477	0.02447	0.01770	0.01178	0.00971	0.00294	0.01039	0.00893	0.00971	0.01638
22	0.01225	0.00941	0.01121	0.01169	0.01381	0.00837	0.00842	0.01510	0.02259	0.02955	0.23339	0.26372	0.27566	0.02496	0.01174	0.00341	0.00503	0.02181	0.00950	0.00837
23	0.03813	0.02508	0.02781	0.02132	0.02903	0.02699	0.01761	0.46600	0.04212	0.16657	0.02617	0.02515	0.01794	0.01170	0.00971	0.00293	0.01020	0.00892	0.01014	0.01648
24	0.01335	0.00960	0.01271	0.01310	0.01488	0.00897	0.00971	0.01708	0.02441	0.03389	0.38806	0.24231	0.08027	0.02349	0.01188	0.00344	0.00528	0.06878	0.01003	0.00876
25	0.03645	0.03895	0.02808	0.02395	0.03000	0.39589	0.01861	0.23951	0.03435	0.03793	0.01813	0.01968	0.01401	0.01061	0.00910	0.00265	0.01489	0.00719	0.00678	0.01323
26	0.03684	0.02715	0.02909	0.02230	0.03006	0.03006	0.01842	0.56661	0.04557	0.06108	0.02327	0.02327	0.01648	0.01163	0.00970	0.00291	0.01067	0.00873	0.00970	0.01648
27	0.02591	0.66522	0.05079	0.01658	0.02488	0.03835	0.01658	0.02902	0.01969	0.02280	0.01347	0.01555	0.01244	0.00829	0.00622	0.00207	0.01036	0.00518	0.00415	0.01244
28	0.15228	0.02025	0.03566	0.02950	0.08596	0.02003	0.27379	0.02836	0.02099	0.03467	0.02132	0.02649	0.01650	0.00914	0.00911	0.00293	0.01133	0.00944	0.18046	0.01181
29	0.02010	0.04554	0.50337	0.03016	0.04362	0.02289	0.13699	0.03076	0.02093	0.03076	0.01782	0.02155	0.01274	0.00901	0.00964	0.00311	0.01471	0.00798	0.00425	0.01408
30	0.02411	0.02082	0.02192	0.01972	0.02520	0.02411	0.01534	0.05150	0.58142	0.04054	0.03945	0.03616	0.02959	0.01315	0.00986	0.00329	0.00767	0.01096	0.00986	0.01534
31	0.01422	0.00962	0.01136	0.01157	0.01189	0.00973	0.00718	0.01486	0.01496	0.01998	0.03220	0.06613	0.03647	0.56315	0.08195	0.00932	0.01039	0.06256	0.00612	0.00633
32	0.01163	0.00914	0.01052	0.01162	0.01357	0.00803	0.00816	0.01371	0.02036	0.02548	0.07622	0.36789	0.33455	0.02740	0.01190	0.00360	0.00526	0.02394	0.00900	0.00803
33	0.03587	0.02666	0.02854	0.02210	0.02968	0.02960	0.01819	0.52708	0.08669	0.05951	0.02451	0.02426	0.01749	0.01175	0.00971	0.00294	0.01044	0.00890	0.00971	0.01639
34	0.04348	0.01649	0.02249	0.01724	0.02474	0.01425	0.01425	0.04723	0.02774	0.60564	0.03824	0.03299	0.02399	0.01200	0.00975	0.00300	0.00825	0.00975	0.01200	0.01649
35	0.02591	0.66522	0.05079	0.01658	0.02488	0.03835	0.01658	0.02902	0.01969	0.02280	0.01347	0.01555	0.01244	0.00829	0.00622	0.00207	0.01036	0.00518	0.00415	0.01244
36	0.02591	0.66522	0.05079	0.01658	0.02488	0.03835	0.01658	0.02902	0.01969	0.02280	0.01347	0.01555	0.01244	0.00829	0.00622	0.00207	0.01036	0.00518	0.00415	0.01244
37	0.01181	0.00843	0.01125	0.01350	0.01406	0.00787	0.00900	0.01350	0.01856	0.02474	0.05342	0.65306	0.06410	0.03036	0.01237	0.00394	0.00562	0.02755	0.00900	0.00787
38	0.01830	0.01723	0.02907	0.63609	0.06675	0.02153	0.02692	0.02476	0.01938	0.02476	0.01723	0.02584	0.01292	0.00969	0.00969	0.00323	0.01292	0.00861	0.00431	0.01077
39	0.01243	0.00986	0.01117	0.01085	0.01369	0.00860	0.00813	0.01580	0.02440	0.03167	0.31251	0.08425	0.37725	0.02250	0.01144	0.00318	0.00476	0.01919	0.00972	0.00860
40	0.03620	0.04619	0.02747	0.02497	0.02996	0.62047	0.01873	0.03870	0.02747	0.02372	0.01498	0.01748	0.01248	0.00999	0.00874	0.00250	0.01748	0.00624	0.00499	0.01124
41	0.01181	0.00843	0.01125	0.01350	0.01406	0.00787	0.00900	0.01350	0.01856	0.02474	0.05342	0.65306	0.06410	0.03036	0.01237	0.00394	0.00562	0.02755	0.00900	0.00787

[dist]
# distance from previous block
# <min> <max>
0	5

[block]
# block no. 6 follows, 16 sequences, length 68
# corresponding to MSA columns:
# 408-475
name=unknown_G
#
# <colnr> <probs for GDERKNQSTAVLIFYWHMCP>
#	G	D	E	R	K	N	Q	S	T	A	V	L	I	F	Y	W	H	M	C	P
0	0.09732	0.02491	0.08651	0.02282	0.02993	0.02429	0.08055	0.12508	0.24217	0.08379	0.02805	0.02817	0.02068	0.01166	0.01087	0.00321	0.04794	0.00946	0.00812	0.01448
1	0.06568	0.23826	0.16047	0.02249	0.03162	0.07232	0.08882	0.03212	0.07697	0.02948	0.01818	0.02061	0.01449	0.00901	0.00815	0.00258	0.01174	0.00711	0.00514	0.08475
2	0.07761	0.02392	0.04721	0.03443	0.04309	0.02293	0.42062	0.06237	0.02375	0.06788	0.02267	0.06622	0.01825	0.01011	0.01088	0.00325	0.01415	0.01175	0.00596	0.01295
3	0.03961	0.02270	0.02634	0.02019	0.02784	0.02346	0.01668	0.34997	0.03813	0.28822	0.02951	0.02732	0.01961	0.01179	0.00972	0.00295	0.00966	0.00915	0.01066	0.01649
4	0.01407	0.00950	0.01108	0.01108	0.01126	0.00967	0.00651	0.01442	0.01424	0.01917	0.03007	0.06085	0.03412	0.59978	0.10740	0.01002	0.01108	0.01372	0.00580	0.00616
5	0.03498	0.04361	0.02690	0.02444	0.02948	0.55989	0.01838	0.04000	0.08374	0.02543	0.01747	0.01938	0.01422	0.01031	0.00885	0.00258	0.01648	0.00672	0.00549	0.01165
6	0.01216	0.00977	0.01084	0.01073	0.01356	0.00846	0.00799	0.01521	0.02352	0.02994	0.24570	0.11707	0.41411	0.02343	0.01150	0.00324	0.00485	0.01995	0.00950	0.00846
7	0.01372	0.00991	0.01296	0.01219	0.01448	0.00914	0.00914	0.01829	0.02743	0.03887	0.59381	0.07240	0.09145	0.01981	0.01143	0.00305	0.00457	0.01753	0.01067	0.00914
8	0.02591	0.66522	0.05079	0.01658	0.02488	0.03835	0.01658	0.02902	0.01969	0.02280	0.01347	0.01555	0.01244	0.00829	0.00622	0.00207	0.01036	0.00518	0.00415	0.01244
9	0.01210	0.00996	0.01072	0.01087	0.01394	0.00858	0.00838	0.01498	0.02266	0.02776	0.14381	0.09277	0.48952	0.02429	0.01165	0.00337	0.00528	0.07186	0.00916	0.00835
10	0.02399	0.02303	0.03934	0.05949	0.59893	0.02303	0.02974	0.02974	0.02207	0.03166	0.01823	0.02399	0.01535	0.00864	0.00960	0.00288	0.01151	0.00864	0.00480	0.01535
11	0.02010	0.01723	0.02010	0.01436	0.02297	0.01292	0.01148	0.02440	0.02010	0.03158	0.01723	0.02010	0.01436	0.00718	0.00718	0.00144	0.00718	0.00574	0.00574	0.71863
12	0.07433	0.02272	0.07176	0.02201	0.02952	0.05387	0.10564	0.06703	0.06396	0.27569	0.08568	0.03260	0.02682	0.01170	0.00987	0.00304	0.01026	0.01016	0.00906	0.01428
13	0.03627	0.04428	0.02763	0.02470	0.02997	0.56133	0.01870	0.09159	0.02928	0.02746	0.01581	0.01806	0.01288	0.01015	0.00883	0.00254	0.01680	0.00649	0.00546	0.01176
14	0.01562	0.01116	0.01562	0.01785	0.02008	0.01116	0.01562	0.02008	0.02231	0.02900	0.05132	0.10933	0.05578	0.02677	0.01339	0.00446	0.00892	0.53369	0.00892	0.00892
15	0.02075	0.17458	0.49620	0.02539	0.03849	0.02571	0.03192	0.03036	0.02031	0.02910	0.01660	0.01947	0.01231	0.00902	0.00860	0.00287	0.01352	0.00676	0.00410	0.01394
16	0.02477	0.55668	0.14932	0.01853	0.02789	0.03555	0.01998	0.02932	0.01983	0.02420	0.01417	0.01641	0.01241	0.00845	0.00675	0.00225	0.01106	0.00553	0.00414	0.01277
17	0.01181	0.00843	0.01125	0.01350	0.01406	0.00787	0.00900	0.01350	0.01856	0.02474	0.05342	0.65306	0.06410	0.03036	0.01237	0.00394	0.00562	0.02755	0.00900	0.00787
18	0.02571	0.02162	0.02282	0.02005	0.02581	0.02486	0.01573	0.11645	0.51385	0.04313	0.03741	0.03454	0.02793	0.01296	0.00984	0.00324	0.00805	0.01068	0.00984	0.01548
19	0.01944	0.05013	0.60917	0.02762	0.04195	0.02251	0.03581	0.03069	0.02046	0.03069	0.01739	0.02046	0.01228	0.00921	0.00921	0.00307	0.01432	0.00716	0.00409	0.01432
20	0.01372	0.00991	0.01296	0.01219	0.01448	0.00914	0.00914	0.01829	0.02743	0.03887	0.59381	0.07240	0.09145	0.01981	0.01143	0.00305	0.00457	0.01753	0.01067	0.00914
21	0.01145	0.00982	0.00982	0.00982	0.01309	0.00818	0.00736	0.01391	0.02209	0.02618	0.09818	0.09327	0.59499	0.02455	0.01145	0.00327	0.00491	0.02045	0.00900	0.00818
22	0.02411	0.02082	0.02192	0.01972	0.02520	0.02411	0.01534	0.05150	0.58142	0.04054	0.03945	0.03616	0.02959	0.01315	0.00986	0.00329	0.00767	0.01096	0.00986	0.01534
23	0.02986	0.01935	0.02393	0.14266	0.03275	0.02088	0.01709	0.24300	0.03225	0.15004	0.08326	0.03202	0.02567	0.01209	0.00954	0.00293	0.00935	0.00982	0.08976	0.01374
24	0.04348	0.01649	0.02249	0.01724	0.02474	0.01425	0.01425	0.04723	0.02774	0.60564	0.03824	0.03299	0.02399	0.01200	0.00975	0.00300	0.00825	0.00975	0.01200	0.01649
25	0.02278	0.17074	0.29445	0.02195	0.03192	0.02283	0.05301	0.03018	0.02185	0.08865	0.07761	0.02737	0.02252	0.01046	0.00878	0.00279	0.01124	0.00841	0.05931	0.01315
26	0.01408	0.00946	0.01090	0.01090	0.01101	0.00957	0.00628	0.01430	0.01419	0.01903	0.03024	0.06178	0.03452	0.62137	0.08637	0.00980	0.01047	0.01385	0.00583	0.00605
27	0.02120	0.02120	0.02969	0.02545	0.02545	0.02969	0.02120	0.02332	0.01484	0.02332	0.01272	0.02120	0.01272	0.01696	0.03181	0.00424	0.64165	0.00848	0.00424	0.01060
28	0.02010	0.01723	0.02010	0.01436	0.02297	0.01292	0.01148	0.02440	0.02010	0.03158	0.01723	0.02010	0.01436	0.00718	0.00718	0.00144	0.00718	0.00574	0.00574	0.71863
29	0.06631	0.02327	0.03521	0.15033	0.04142	0.05898	0.19151	0.10017	0.08153	0.03498	0.05925	0.02839	0.02075	0.01094	0.01153	0.00320	0.05329	0.01001	0.00632	0.01259
30	0.02288	0.08686	0.03611	0.02680	0.02965	0.02976	0.10631	0.05776	0.01844	0.02676	0.01452	0.02154	0.01323	0.01439	0.02470	0.00379	0.44168	0.00863	0.00466	0.01153
31	0.09108	0.01185	0.01159	0.01075	0.01394	0.01244	0.00833	0.07844	0.02251	0.03940	0.02895	0.03278	0.02256	0.01110	0.00699	0.00240	0.00544	0.00862	0.57088	0.00994
32	0.03293	0.03541	0.02977	0.02532	0.03010	0.35683	0.06003	0.07007	0.02576	0.08491	0.01774	0.02082	0.01411	0.01157	0.01377	0.00299	0.14231	0.00760	0.00584	0.01211
33	0.01687	0.01441	0.02039	0.01814	0.02135	0.01537	0.06790	0.02547	0.13403	0.03210	0.19048	0.15150	0.07925	0.02578	0.08968	0.00495	0.05753	0.01586	0.00837	0.01057
34	0.01368	0.00922	0.01069	0.01110	0.01120	0.00912	0.00643	0.01399	0.01490	0.01986	0.03465	0.16949	0.04043	0.54623	0.04268	0.00841	0.00872	0.01652	0.00643	0.00623
35	0.04348	0.01649	0.02249	0.01724	0.02474	0.01425	0.01425	0.04723	0.02774	0.60564	0.03824	0.03299	0.02399	0.01200	0.00975	0.00300	0.00825	0.00975	0.01200	0.01649
36	0.01389	0.01022	0.01473	0.01473	0.01617	0.01166	0.01107	0.01677	0.01533	0.02188	0.02673	0.04234	0.02608	0.17134	0.52485	0.01454	0.02318	0.01101	0.00531	0.00819
