[name]
unknown

[dist]
# distance from previous block
# <min> <max>
0	30

[block]
# block no. 0 follows, 10 sequences, length 26
# corresponding to MSA columns:
# 33-57,67
name=unknown_A
#
# <colnr> <probs for GDERKNQSTAVLIFYWHMCP>
#	G	D	E	R	K	N	Q	S	T	A	V	L	I	F	Y	W	H	M	C	P
0	0.01726	0.01242	0.01667	0.01702	0.01974	0.01182	0.01371	0.02270	0.03076	0.04247	0.35365	0.10249	0.09466	0.02672	0.01454	0.00426	0.00733	0.16882	0.01207	0.01088
1	0.05103	0.02164	0.02813	0.02157	0.03061	0.01983	0.01782	0.11766	0.03637	0.46143	0.04330	0.03791	0.02749	0.01433	0.01169	0.00358	0.01031	0.01152	0.01400	0.01979
2	0.67341	0.02249	0.01709	0.01529	0.02249	0.02609	0.01260	0.03419	0.01979	0.05218	0.01619	0.01889	0.01260	0.01080	0.00720	0.00360	0.00900	0.00630	0.00720	0.01260
3	0.05087	0.02189	0.02829	0.02169	0.03074	0.02021	0.01792	0.12608	0.03680	0.45241	0.04294	0.03767	0.02731	0.01432	0.01169	0.00358	0.01037	0.01150	0.01394	0.01979
4	0.01375	0.01178	0.01178	0.01178	0.01571	0.00982	0.00884	0.01669	0.02651	0.03142	0.11782	0.11193	0.51399	0.02946	0.01375	0.00393	0.00589	0.02455	0.01080	0.00982
5	0.03298	0.51675	0.05719	0.02089	0.03075	0.04459	0.02022	0.09896	0.02811	0.03398	0.01786	0.01999	0.01562	0.01053	0.00806	0.00263	0.01249	0.00683	0.00593	0.01562
6	0.01946	0.01453	0.01713	0.01740	0.02047	0.01430	0.01299	0.09315	0.02905	0.03777	0.07072	0.33431	0.17071	0.03065	0.01418	0.00440	0.00794	0.06856	0.01093	0.01136
7	0.04206	0.12534	0.03917	0.02563	0.03505	0.03770	0.02174	0.40694	0.04959	0.06577	0.02600	0.02640	0.01898	0.01330	0.01095	0.00333	0.01274	0.00977	0.01054	0.01898
8	0.01691	0.01128	0.01268	0.01268	0.01268	0.01128	0.00705	0.01691	0.01691	0.02255	0.03665	0.07611	0.04228	0.59126	0.05920	0.01128	0.01128	0.01691	0.00705	0.00705
9	0.04232	0.11408	0.03866	0.02577	0.03517	0.03750	0.02179	0.41580	0.05021	0.06668	0.02623	0.02659	0.01908	0.01338	0.01103	0.00335	0.01275	0.00986	0.01068	0.01908
10	0.03364	0.02732	0.02895	0.02462	0.03204	0.03113	0.01955	0.19061	0.36122	0.05624	0.04136	0.03863	0.03066	0.01522	0.01177	0.00380	0.01031	0.01232	0.01177	0.01883
11	0.03883	0.02990	0.03187	0.02567	0.03402	0.03355	0.02080	0.33259	0.21080	0.06461	0.03476	0.03337	0.02532	0.01460	0.01171	0.00365	0.01153	0.01141	0.01171	0.01930
12	0.04702	0.02807	0.03212	0.02462	0.03382	0.02938	0.02034	0.33078	0.04714	0.23309	0.03425	0.03203	0.02295	0.01411	0.01166	0.00353	0.01178	0.01090	0.01261	0.01978
13	0.02465	0.01680	0.01861	0.01659	0.02095	0.01763	0.01287	0.10460	0.10045	0.05015	0.19881	0.05561	0.05613	0.01741	0.01114	0.00334	0.00720	0.01457	0.23906	0.01344
14	0.01417	0.01012	0.01350	0.01619	0.01687	0.00945	0.01080	0.01619	0.02227	0.02969	0.06410	0.58367	0.07692	0.03644	0.01484	0.00472	0.00675	0.03306	0.01080	0.00945
15	0.02411	0.11462	0.48343	0.03181	0.04826	0.02893	0.04064	0.03663	0.02446	0.03587	0.02040	0.02396	0.01475	0.01094	0.01069	0.00356	0.01671	0.00835	0.00492	0.01696
16	0.01513	0.01169	0.01379	0.01357	0.01663	0.01036	0.01006	0.01925	0.02932	0.03881	0.30880	0.14000	0.27619	0.02724	0.01383	0.00386	0.00576	0.02354	0.01179	0.01036
17	0.01691	0.01128	0.01268	0.01268	0.01268	0.01128	0.00705	0.01691	0.01691	0.02255	0.03665	0.07611	0.04228	0.59126	0.05920	0.01128	0.01128	0.01691	0.00705	0.00705
18	0.03432	0.03122	0.08318	0.14994	0.08557	0.03054	0.02682	0.26355	0.03996	0.05427	0.02454	0.02804	0.01802	0.01243	0.01132	0.00345	0.01357	0.00996	0.00867	0.07064
19	0.01580	0.01171	0.01492	0.01676	0.01819	0.01145	0.01154	0.02110	0.06867	0.03314	0.10605	0.48388	0.07616	0.03324	0.01445	0.00455	0.00686	0.03000	0.01109	0.01045
20	0.03072	0.50469	0.05869	0.02834	0.11001	0.04301	0.02249	0.03497	0.02410	0.02911	0.01711	0.02032	0.01550	0.01002	0.00813	0.00265	0.01266	0.00690	0.00510	0.01550
21	0.01681	0.01169	0.01480	0.01480	0.01553	0.01243	0.00969	0.01827	0.01754	0.02412	0.03471	0.06539	0.03763	0.41365	0.23045	0.01389	0.01828	0.01534	0.00676	0.00822
22	0.15196	0.02359	0.02744	0.02140	0.03018	0.02355	0.01767	0.16405	0.03669	0.32996	0.03630	0.03313	0.02377	0.01369	0.01094	0.00357	0.01051	0.01049	0.01249	0.01861
23	0.14588	0.09248	0.03382	0.02529	0.03321	0.20394	0.02046	0.22067	0.03880	0.05059	0.02158	0.02325	0.01655	0.01240	0.01013	0.00325	0.01485	0.00839	0.00840	0.01605
24	0.13727	0.02735	0.03121	0.07634	0.03752	0.06955	0.06470	0.10898	0.06830	0.04529	0.02337	0.02659	0.01806	0.01114	0.01011	0.00305	0.01225	0.00897	0.00778	0.21216
25	0.03637	0.12153	0.21404	0.02691	0.03907	0.03072	0.02829	0.17867	0.03547	0.13849	0.02708	0.02757	0.01897	0.01243	0.01084	0.00343	0.01377	0.00942	0.00879	0.01816

[dist]
# distance from previous block
# <min> <max>
0	1

[block]
# block no. 1 follows, 10 sequences, length 6
# corresponding to MSA columns:
# 69-74
name=unknown_B
#
# <colnr> <probs for GDERKNQSTAVLIFYWHMCP>
#	G	D	E	R	K	N	Q	S	T	A	V	L	I	F	Y	W	H	M	C	P
0	0.13474	0.21040	0.10298	0.02204	0.03142	0.03195	0.02125	0.11177	0.02897	0.09582	0.02376	0.02638	0.01847	0.01999	0.06882	0.00492	0.01438	0.00857	0.00764	0.01572
1	0.01577	0.01157	0.01513	0.01740	0.01932	0.01094	0.01338	0.01915	0.02458	0.03183	0.07169	0.34420	0.14249	0.03376	0.01511	0.00483	0.00805	0.18006	0.01077	0.00997
2	0.02704	0.02264	0.02684	0.02413	0.06963	0.02152	0.01736	0.08685	0.14183	0.04538	0.08261	0.03651	0.03226	0.01275	0.01053	0.00281	0.00931	0.01065	0.00916	0.31020
3	0.02061	0.01714	0.02201	0.10394	0.03194	0.01661	0.01613	0.02894	0.08676	0.03655	0.09157	0.20055	0.04731	0.01996	0.01193	0.00346	0.00888	0.01758	0.00908	0.20903
4	0.03429	0.01747	0.02258	0.08903	0.03065	0.01738	0.01615	0.07842	0.03116	0.22093	0.09027	0.04379	0.03551	0.01478	0.01083	0.00336	0.00905	0.01218	0.20697	0.01520
5	0.67341	0.02249	0.01709	0.01529	0.02249	0.02609	0.01260	0.03419	0.01979	0.05218	0.01619	0.01889	0.01260	0.01080	0.00720	0.00360	0.00900	0.00630	0.00720	0.01260

[dist]
# distance from previous block
# <min> <max>
0	1

[block]
# block no. 2 follows, 10 sequences, length 16
# corresponding to MSA columns:
# 76-91
name=unknown_C
#
# <colnr> <probs for GDERKNQSTAVLIFYWHMCP>
#	G	D	E	R	K	N	Q	S	T	A	V	L	I	F	Y	W	H	M	C	P
0	0.04674	0.02591	0.03046	0.02364	0.03258	0.02651	0.01943	0.24570	0.08065	0.28576	0.03800	0.03470	0.02532	0.01431	0.01168	0.00358	0.01113	0.01127	0.01296	0.01967
1	0.01588	0.01187	0.01474	0.01402	0.01702	0.01073	0.01052	0.02083	0.03155	0.04339	0.42839	0.09222	0.19595	0.02499	0.01372	0.00372	0.00557	0.02178	0.01238	0.01073
2	0.04090	0.02314	0.03475	0.02570	0.03552	0.02053	0.10234	0.08030	0.03190	0.29461	0.03487	0.03381	0.02351	0.01226	0.01140	0.00325	0.01166	0.01094	0.01097	0.15765
3	0.05046	0.02255	0.02870	0.02200	0.03107	0.02119	0.01818	0.14799	0.03790	0.42894	0.04201	0.03707	0.02685	0.01430	0.01168	0.00358	0.01052	0.01143	0.01380	0.01979
4	0.02897	0.02763	0.02633	0.02176	0.02991	0.10009	0.01697	0.04514	0.21899	0.04088	0.03117	0.03152	0.02436	0.01205	0.01021	0.00282	0.01070	0.00954	0.00878	0.30217
5	0.02483	0.16399	0.44030	0.03059	0.04638	0.03068	0.03852	0.03645	0.02438	0.03501	0.01996	0.02342	0.01477	0.01084	0.01036	0.00345	0.01627	0.00814	0.00492	0.01675
6	0.14767	0.02102	0.03145	0.45756	0.06899	0.02589	0.02850	0.03058	0.02259	0.03405	0.01981	0.02867	0.01494	0.01147	0.01077	0.00382	0.01425	0.00956	0.00556	0.01286
7	0.01691	0.01128	0.01268	0.01268	0.01268	0.01128	0.00705	0.01691	0.01691	0.02255	0.03665	0.07611	0.04228	0.59126	0.05920	0.01128	0.01128	0.01691	0.00705	0.00705
8	0.03434	0.03485	0.03380	0.02928	0.03225	0.20366	0.02355	0.03724	0.02454	0.08187	0.01947	0.02547	0.01663	0.01692	0.02607	0.00423	0.32623	0.00944	0.00639	0.01374
9	0.02302	0.02274	0.04139	0.46407	0.07638	0.02653	0.11801	0.03117	0.02407	0.03117	0.02122	0.03108	0.01592	0.01128	0.01203	0.00388	0.01630	0.01099	0.00531	0.01345
10	0.01438	0.01043	0.01322	0.01534	0.01633	0.00967	0.01021	0.01632	0.02225	0.02921	0.06778	0.47964	0.12495	0.08875	0.01896	0.00526	0.00708	0.03052	0.01044	0.00926
11	0.03585	0.01594	0.02107	0.01742	0.02345	0.01419	0.01389	0.04081	0.03220	0.29933	0.21548	0.05727	0.05847	0.01773	0.01205	0.00352	0.00780	0.01501	0.08290	0.01561
12	0.02020	0.01010	0.01515	0.01515	0.01515	0.01010	0.01010	0.01515	0.01515	0.02020	0.02020	0.03535	0.02020	0.04040	0.04545	0.66162	0.01010	0.01010	0.00505	0.00505
13	0.55201	0.02444	0.02053	0.01751	0.02511	0.02802	0.01443	0.12020	0.02653	0.05626	0.01846	0.02064	0.01398	0.01141	0.00805	0.00358	0.00973	0.00710	0.00805	0.01398
14	0.02963	0.02657	0.03908	0.08212	0.04340	0.02669	0.13636	0.12598	0.12226	0.04594	0.02797	0.03111	0.02119	0.01164	0.01143	0.00327	0.01303	0.01089	0.00835	0.18308
15	0.09174	0.02005	0.02686	0.02555	0.06467	0.02229	0.01891	0.03249	0.02282	0.12693	0.02910	0.07449	0.02544	0.03038	0.12085	0.00676	0.15696	0.01195	0.00797	0.08377

[dist]
# distance from previous block
# <min> <max>
4	50

[block]
# block no. 3 follows, 10 sequences, length 49
# corresponding to MSA columns:
# 162-210
name=unknown_D
#
# <colnr> <probs for GDERKNQSTAVLIFYWHMCP>
#	G	D	E	R	K	N	Q	S	T	A	V	L	I	F	Y	W	H	M	C	P
0	0.02908	0.02806	0.04923	0.11939	0.32884	0.02855	0.12722	0.07455	0.02880	0.04000	0.02262	0.02951	0.01804	0.01071	0.01201	0.00360	0.01514	0.01108	0.00623	0.01733
1	0.01728	0.01267	0.01633	0.01828	0.02010	0.01271	0.01376	0.02308	0.06752	0.03249	0.05930	0.34107	0.06675	0.08209	0.01888	0.00544	0.00867	0.16258	0.01053	0.01048
2	0.03187	0.02810	0.05277	0.03896	0.04916	0.02726	0.30336	0.04567	0.12776	0.12102	0.03227	0.03528	0.02327	0.01183	0.01299	0.00387	0.01580	0.01327	0.00855	0.01694
3	0.02879	0.02763	0.04721	0.07139	0.51871	0.02763	0.03569	0.03569	0.02648	0.03800	0.02188	0.02879	0.01842	0.01036	0.01151	0.00345	0.01382	0.01036	0.00576	0.01842
4	0.02545	0.02545	0.03562	0.03053	0.03053	0.03562	0.02545	0.02799	0.01781	0.02799	0.01527	0.02545	0.01527	0.02036	0.03817	0.00509	0.56997	0.01018	0.00509	0.01272
5	0.03397	0.02732	0.03932	0.03815	0.13945	0.02861	0.09868	0.12388	0.18994	0.10385	0.03448	0.03520	0.02544	0.01317	0.01203	0.00372	0.01261	0.01203	0.00982	0.01836
6	0.67341	0.02249	0.01709	0.01529	0.02249	0.02609	0.01260	0.03419	0.01979	0.05218	0.01619	0.01889	0.01260	0.01080	0.00720	0.00360	0.00900	0.00630	0.00720	0.01260
7	0.04733	0.01994	0.02649	0.02009	0.02932	0.01682	0.01652	0.05195	0.03170	0.44228	0.04153	0.03691	0.02679	0.01340	0.01116	0.00327	0.00967	0.01087	0.01310	0.13084
8	0.01646	0.01189	0.01555	0.01463	0.01738	0.01097	0.01097	0.02195	0.03292	0.04664	0.51257	0.08688	0.10974	0.02378	0.01372	0.00366	0.00549	0.02103	0.01280	0.01097
9	0.02503	0.02380	0.04043	0.34207	0.27736	0.02665	0.03383	0.03240	0.02471	0.03344	0.02121	0.03001	0.01682	0.01106	0.01158	0.00369	0.01475	0.01035	0.00543	0.01539
10	0.54218	0.02192	0.01918	0.01644	0.02401	0.02419	0.01355	0.03894	0.02264	0.15244	0.02247	0.02326	0.01602	0.01156	0.00815	0.00360	0.00919	0.00744	0.00872	0.01412
11	0.01465	0.01049	0.01393	0.01586	0.01698	0.00977	0.01083	0.01741	0.02452	0.03327	0.15884	0.47872	0.08386	0.03376	0.01461	0.00450	0.00648	0.03052	0.01122	0.00977
12	0.02878	0.19000	0.26659	0.03196	0.04539	0.03156	0.12626	0.03817	0.02570	0.07807	0.02244	0.02580	0.01665	0.01080	0.01074	0.00342	0.01582	0.00934	0.00598	0.01652
13	0.01691	0.01128	0.01268	0.01268	0.01268	0.01128	0.00705	0.01691	0.01691	0.02255	0.03665	0.07611	0.04228	0.59126	0.05920	0.01128	0.01128	0.01691	0.00705	0.00705
14	0.04345	0.05543	0.03296	0.02996	0.03596	0.54457	0.02247	0.04644	0.03296	0.02846	0.01798	0.02097	0.01498	0.01199	0.01049	0.00300	0.02097	0.00749	0.00599	0.01348
15	0.09155	0.02720	0.02882	0.02293	0.03156	0.02899	0.01855	0.23697	0.16001	0.05757	0.03039	0.03033	0.02268	0.01302	0.01066	0.00324	0.01065	0.01004	0.01029	0.15454
16	0.01945	0.01417	0.01556	0.01501	0.01639	0.01500	0.00945	0.02640	0.11848	0.02807	0.03890	0.06920	0.04085	0.46969	0.04919	0.00973	0.01084	0.01612	0.00806	0.00945
17	0.04590	0.02988	0.03323	0.02548	0.03472	0.03206	0.02105	0.39052	0.05016	0.16909	0.03172	0.03039	0.02168	0.01405	0.01165	0.00351	0.01219	0.01073	0.01222	0.01978
18	0.02250	0.01882	0.02231	0.01668	0.02541	0.01455	0.01319	0.02774	0.02598	0.03974	0.12459	0.03738	0.03677	0.01182	0.00969	0.00213	0.00795	0.00988	0.00814	0.52475
19	0.03964	0.04910	0.03352	0.03008	0.03481	0.43705	0.02310	0.04254	0.02976	0.02836	0.01740	0.02192	0.01504	0.01375	0.01633	0.00344	0.13695	0.00806	0.00580	0.01332
20	0.01417	0.01012	0.01350	0.01619	0.01687	0.00945	0.01080	0.01619	0.02227	0.02969	0.06410	0.58367	0.07692	0.03644	0.01484	0.00472	0.00675	0.03306	0.01080	0.00945
21	0.01417	0.01012	0.01350	0.01619	0.01687	0.00945	0.01080	0.01619	0.02227	0.02969	0.06410	0.58367	0.07692	0.03644	0.01484	0.00472	0.00675	0.03306	0.01080	0.00945
22	0.05218	0.01979	0.02699	0.02069	0.02969	0.01709	0.01709	0.05668	0.03329	0.52677	0.04588	0.03959	0.02879	0.01439	0.01170	0.00360	0.00990	0.01170	0.01439	0.01979
23	0.04421	0.03258	0.03490	0.02676	0.03607	0.03607	0.02211	0.47993	0.05468	0.07330	0.02792	0.02792	0.01978	0.01396	0.01163	0.00349	0.01280	0.01047	0.01163	0.01978
24	0.67341	0.02249	0.01709	0.01529	0.02249	0.02609	0.01260	0.03419	0.01979	0.05218	0.01619	0.01889	0.01260	0.01080	0.00720	0.00360	0.00900	0.00630	0.00720	0.01260
25	0.25499	0.02067	0.02376	0.01893	0.02734	0.02003	0.01563	0.04934	0.02888	0.37184	0.03619	0.03283	0.02350	0.01322	0.01023	0.00360	0.00960	0.00993	0.01205	0.01744
26	0.11397	0.03379	0.19672	0.02429	0.03586	0.02149	0.02535	0.04736	0.02877	0.30600	0.03398	0.03211	0.02216	0.01285	0.01096	0.00363	0.01226	0.01002	0.01035	0.01808
27	0.03109	0.59826	0.06095	0.01990	0.02985	0.04602	0.01990	0.03483	0.02363	0.02736	0.01617	0.01866	0.01493	0.00995	0.00746	0.00249	0.01244	0.00622	0.00498	0.01493
28	0.46293	0.02587	0.02305	0.01913	0.02703	0.02943	0.01578	0.18330	0.03146	0.05925	0.02012	0.02191	0.01500	0.01186	0.00868	0.00356	0.01027	0.00769	0.00868	0.01500
29	0.02680	0.23409	0.27607	0.03207	0.04569	0.03388	0.12683	0.03625	0.02486	0.03375	0.01986	0.02402	0.01541	0.01042	0.01042	0.00333	0.01611	0.00888	0.00514	0.01611
30	0.01465	0.01049	0.01393	0.01586	0.01698	0.00977	0.01083	0.01741	0.02452	0.03327	0.15884	0.47872	0.08386	0.03376	0.01461	0.00450	0.00648	0.03052	0.01122	0.00977
31	0.02000	0.01104	0.01104	0.01104	0.01401	0.01062	0.00828	0.02490	0.02484	0.04084	0.05482	0.05785	0.13209	0.01691	0.00932	0.00297	0.00552	0.01374	0.51956	0.01062
32	0.01375	0.01178	0.01178	0.01178	0.01571	0.00982	0.00884	0.01669	0.02651	0.03142	0.11782	0.11193	0.51399	0.02946	0.01375	0.00393	0.00589	0.02455	0.01080	0.00982
33	0.02020	0.01010	0.01515	0.01515	0.01515	0.01010	0.01010	0.01515	0.01515	0.02020	0.02020	0.03535	0.02020	0.04040	0.04545	0.66162	0.01010	0.01010	0.00505	0.00505
34	0.03109	0.59826	0.06095	0.01990	0.02985	0.04602	0.01990	0.03483	0.02363	0.02736	0.01617	0.01866	0.01493	0.00995	0.00746	0.00249	0.01244	0.00622	0.00498	0.01493
35	0.01461	0.01046	0.01389	0.01589	0.01697	0.00974	0.01083	0.01731	0.02433	0.03297	0.15084	0.48759	0.08327	0.03399	0.01463	0.00452	0.00650	0.03074	0.01118	0.00974
36	0.10781	0.02368	0.06673	0.02093	0.02855	0.02141	0.01807	0.04760	0.17002	0.19950	0.12573	0.04567	0.04247	0.01582	0.01153	0.00372	0.00941	0.01294	0.01170	0.01672
37	0.03544	0.04074	0.03916	0.09221	0.24412	0.28215	0.02890	0.04049	0.02940	0.03261	0.01985	0.02512	0.01648	0.01127	0.01102	0.00326	0.01748	0.00895	0.00582	0.01553
38	0.02412	0.02067	0.02412	0.01723	0.02756	0.01550	0.01378	0.02929	0.02412	0.03790	0.02067	0.02412	0.01723	0.00861	0.00861	0.00172	0.00861	0.00689	0.00689	0.66236
39	0.04299	0.02740	0.02770	0.02303	0.03039	0.11191	0.01823	0.11977	0.07523	0.26800	0.04033	0.09746	0.03104	0.01656	0.01185	0.00364	0.01187	0.01335	0.01185	0.01738
40	0.03156	0.03363	0.04291	0.03996	0.12110	0.13778	0.14912	0.04741	0.19084	0.03946	0.03030	0.03290	0.02338	0.01242	0.01202	0.00366	0.01534	0.01165	0.00794	0.01662
41	0.02412	0.02067	0.02412	0.01723	0.02756	0.01550	0.01378	0.02929	0.02412	0.03790	0.02067	0.02412	0.01723	0.00861	0.00861	0.00172	0.00861	0.00689	0.00689	0.66236
42	0.03835	0.02821	0.03081	0.02420	0.03212	0.03077	0.01975	0.38318	0.05009	0.06767	0.13031	0.04038	0.03878	0.01604	0.01207	0.00353	0.01125	0.01270	0.01188	0.01792
43	0.01653	0.02100	0.12331	0.02026	0.02461	0.01352	0.01833	0.02129	0.02317	0.03167	0.05474	0.42344	0.06286	0.03067	0.01416	0.00456	0.00932	0.06581	0.00954	0.01120
44	0.01661	0.01246	0.01869	0.01869	0.02077	0.01454	0.01454	0.02077	0.01869	0.02700	0.03115	0.04569	0.02908	0.08723	0.54517	0.01869	0.03115	0.01246	0.00623	0.01038
45	0.02513	0.02158	0.02458	0.01859	0.02813	0.01834	0.01476	0.03615	0.12416	0.04017	0.02630	0.02819	0.02109	0.01013	0.00929	0.00219	0.00874	0.00821	0.00793	0.52632
46	0.10486	0.02012	0.02584	0.01989	0.02885	0.01775	0.01639	0.05213	0.03123	0.43902	0.04089	0.03630	0.02627	0.01354	0.01101	0.00342	0.00970	0.01077	0.01306	0.07897
47	0.01470	0.01050	0.01410	0.01680	0.01770	0.00990	0.01171	0.01710	0.02279	0.03028	0.06381	0.53154	0.07577	0.03594	0.01499	0.00480	0.00720	0.07999	0.01079	0.00959
48	0.02912	0.14861	0.05258	0.05793	0.36268	0.03172	0.08314	0.03569	0.02599	0.03566	0.02086	0.02694	0.01759	0.01021	0.01091	0.00330	0.01419	0.00987	0.00561	0.01737

[dist]
# distance from previous block
# <min> <max>
3	33

[block]
# block no. 4 follows, 10 sequences, length 48
# corresponding to MSA columns:
# 244-266,268-292
name=unknown_E
#
# <colnr> <probs for GDERKNQSTAVLIFYWHMCP>
#	G	D	E	R	K	N	Q	S	T	A	V	L	I	F	Y	W	H	M	C	P
0	0.33248	0.02132	0.02150	0.01711	0.02568	0.02079	0.01398	0.03776	0.02418	0.15508	0.02429	0.02518	0.01769	0.01094	0.00865	0.00302	0.00908	0.00770	0.00873	0.21484
1	0.22422	0.02138	0.02204	0.01822	0.02569	0.02177	0.01458	0.06960	0.10214	0.08453	0.10025	0.03651	0.03375	0.01352	0.00992	0.00321	0.00875	0.01046	0.00957	0.16990
2	0.25056	0.01957	0.02285	0.02386	0.08491	0.01962	0.01619	0.03513	0.02464	0.15395	0.03493	0.15279	0.03194	0.01719	0.01061	0.00369	0.00927	0.01414	0.00947	0.06467
3	0.37195	0.02214	0.02061	0.01694	0.02516	0.02271	0.01368	0.03565	0.07637	0.04678	0.02135	0.02354	0.01686	0.01061	0.00823	0.00298	0.00889	0.00729	0.00762	0.24063
4	0.17007	0.05166	0.41500	0.02912	0.04405	0.02680	0.03611	0.03624	0.02348	0.04030	0.01982	0.02328	0.01425	0.01099	0.01018	0.00366	0.01534	0.00808	0.00543	0.01615
5	0.01520	0.01184	0.01379	0.01331	0.01660	0.01044	0.00998	0.01950	0.02994	0.03955	0.32881	0.09854	0.29793	0.02642	0.01373	0.00378	0.00568	0.02267	0.01187	0.01044
6	0.03365	0.02733	0.02896	0.02462	0.03204	0.03113	0.01955	0.19090	0.36092	0.05626	0.04134	0.03862	0.03065	0.01522	0.01177	0.00380	0.01031	0.01232	0.01177	0.01883
7	0.02438	0.02348	0.02259	0.02128	0.02388	0.13609	0.01630	0.02786	0.02231	0.02895	0.02746	0.03996	0.02540	0.09699	0.25765	0.01098	0.09109	0.01125	0.08095	0.01114
8	0.01412	0.01031	0.01330	0.01569	0.01674	0.00949	0.01057	0.01625	0.02276	0.02989	0.07029	0.52932	0.12728	0.03563	0.01472	0.00463	0.00665	0.03208	0.01080	0.00949
9	0.04733	0.02515	0.03329	0.02521	0.03455	0.02463	0.05849	0.19931	0.04008	0.32987	0.03783	0.03490	0.02476	0.01385	0.01185	0.00359	0.01172	0.01145	0.01272	0.01943
10	0.02020	0.01010	0.01515	0.01515	0.01515	0.01010	0.01010	0.01515	0.01515	0.02020	0.02020	0.03535	0.02020	0.04040	0.04545	0.66162	0.01010	0.01010	0.00505	0.00505
11	0.04345	0.05543	0.03296	0.02996	0.03596	0.54457	0.02247	0.04644	0.03296	0.02846	0.01798	0.02097	0.01498	0.01199	0.01049	0.00300	0.02097	0.00749	0.00599	0.01348
12	0.02638	0.02678	0.03692	0.18314	0.11649	0.07123	0.02861	0.03103	0.02176	0.02998	0.01794	0.02712	0.01577	0.01583	0.02479	0.00435	0.29289	0.01004	0.00528	0.01368
13	0.02879	0.02763	0.04721	0.07139	0.51871	0.02763	0.03569	0.03569	0.02648	0.03800	0.02188	0.02879	0.01842	0.01036	0.01151	0.00345	0.01382	0.01036	0.00576	0.01842
14	0.01928	0.01484	0.01797	0.01667	0.02028	0.01503	0.01265	0.03094	0.13783	0.04709	0.40756	0.07706	0.09298	0.02197	0.01329	0.00372	0.00633	0.01925	0.01258	0.01265
15	0.02670	0.02896	0.05858	0.04184	0.05329	0.02627	0.37203	0.03546	0.02670	0.03740	0.02288	0.02973	0.01755	0.00954	0.01257	0.00343	0.01713	0.01218	0.00611	0.16166
16	0.02623	0.02534	0.03352	0.02898	0.03047	0.03411	0.02386	0.03562	0.12613	0.03265	0.02251	0.02950	0.01983	0.01932	0.03222	0.00483	0.44340	0.01085	0.00661	0.01401
17	0.01375	0.01178	0.01178	0.01178	0.01571	0.00982	0.00884	0.01669	0.02651	0.03142	0.11782	0.11193	0.51399	0.02946	0.01375	0.00393	0.00589	0.02455	0.01080	0.00982
18	0.01417	0.01012	0.01350	0.01619	0.01687	0.00945	0.01080	0.01619	0.02227	0.02969	0.06410	0.58367	0.07692	0.03644	0.01484	0.00472	0.00675	0.03306	0.01080	0.00945
19	0.12934	0.02013	0.02576	0.02002	0.02880	0.01821	0.01654	0.05389	0.03161	0.46782	0.04220	0.03702	0.02678	0.01395	0.01114	0.00360	0.00978	0.01103	0.01350	0.01890
20	0.03886	0.02992	0.03189	0.02568	0.03403	0.03357	0.02081	0.33362	0.20970	0.06467	0.03472	0.03334	0.02528	0.01460	0.01170	0.00365	0.01154	0.01141	0.01170	0.01930
21	0.02947	0.01918	0.02005	0.01723	0.02243	0.02071	0.01363	0.17091	0.08828	0.05321	0.03593	0.03860	0.02737	0.01393	0.00964	0.00309	0.00813	0.01099	0.38273	0.01447
22	0.03377	0.02414	0.02594	0.02157	0.02805	0.02642	0.01719	0.27235	0.09913	0.05846	0.03676	0.09736	0.03058	0.01668	0.01124	0.00351	0.00999	0.01349	0.15697	0.01640
23	0.10025	0.02740	0.13529	0.02217	0.02969	0.02068	0.02077	0.03827	0.13136	0.09992	0.04277	0.20266	0.04013	0.02034	0.01204	0.00404	0.01031	0.01730	0.00973	0.01487
24	0.04125	0.04413	0.03071	0.02739	0.03389	0.36267	0.02089	0.05118	0.13790	0.09491	0.02807	0.02835	0.02133	0.01314	0.01094	0.00329	0.01694	0.00929	0.00835	0.01538
25	0.67341	0.02249	0.01709	0.01529	0.02249	0.02609	0.01260	0.03419	0.01979	0.05218	0.01619	0.01889	0.01260	0.01080	0.00720	0.00360	0.00900	0.00630	0.00720	0.01260
26	0.02743	0.02268	0.02461	0.02190	0.02784	0.02549	0.01705	0.08893	0.35452	0.05033	0.15068	0.05187	0.05090	0.01743	0.01224	0.00384	0.00868	0.01470	0.01204	0.01685
27	0.02457	0.02040	0.02254	0.02051	0.02574	0.02265	0.01581	0.04786	0.33506	0.04795	0.21013	0.05861	0.06148	0.01858	0.01249	0.00384	0.00790	0.01591	0.01217	0.01581
28	0.01849	0.01495	0.02008	0.01822	0.02035	0.01654	0.01424	0.02331	0.02951	0.04243	0.40032	0.07301	0.08841	0.02300	0.01924	0.00398	0.13291	0.01858	0.01106	0.01137
29	0.01646	0.01189	0.01555	0.01463	0.01738	0.01097	0.01097	0.02195	0.03292	0.04664	0.51257	0.08688	0.10974	0.02378	0.01372	0.00366	0.00549	0.02103	0.01280	0.01097
30	0.01939	0.01063	0.01595	0.01595	0.01642	0.01110	0.01110	0.01642	0.01595	0.02174	0.02267	0.03769	0.02221	0.05097	0.15825	0.51649	0.01485	0.01063	0.00532	0.00625
31	0.03109	0.59826	0.06095	0.01990	0.02985	0.04602	0.01990	0.03483	0.02363	0.02736	0.01617	0.01866	0.01493	0.00995	0.00746	0.00249	0.01244	0.00622	0.00498	0.01493
32	0.01417	0.01012	0.01350	0.01619	0.01687	0.00945	0.01080	0.01619	0.02227	0.02969	0.06410	0.58367	0.07692	0.03644	0.01484	0.00472	0.00675	0.03306	0.01080	0.00945
33	0.02879	0.02763	0.04721	0.07139	0.51871	0.02763	0.03569	0.03569	0.02648	0.03800	0.02188	0.02879	0.01842	0.01036	0.01151	0.00345	0.01382	0.01036	0.00576	0.01842
34	0.02514	0.02391	0.04062	0.33450	0.28412	0.02667	0.03388	0.03250	0.02476	0.03357	0.02123	0.02997	0.01686	0.01104	0.01157	0.00368	0.01472	0.01035	0.00544	0.01548
35	0.02906	0.02762	0.05621	0.16184	0.06156	0.02719	0.32328	0.03779	0.02718	0.09195	0.02546	0.03224	0.01845	0.01074	0.01302	0.00387	0.01756	0.01273	0.00670	0.01554
36	0.02583	0.02462	0.04187	0.28437	0.32881	0.02686	0.03422	0.03311	0.02509	0.03441	0.02136	0.02975	0.01716	0.01091	0.01156	0.00364	0.01455	0.01035	0.00550	0.01604
37	0.02178	0.01867	0.02133	0.01600	0.02489	0.01422	0.01267	0.02644	0.02466	0.03644	0.04260	0.04394	0.12936	0.01332	0.00977	0.00222	0.00800	0.01088	0.00777	0.51507
38	0.01646	0.01189	0.01555	0.01463	0.01738	0.01097	0.01097	0.02195	0.03292	0.04664	0.51257	0.08688	0.10974	0.02378	0.01372	0.00366	0.00549	0.02103	0.01280	0.01097
39	0.01384	0.01141	0.01217	0.01278	0.01597	0.00973	0.00928	0.01658	0.02555	0.03103	0.10569	0.21841	0.41533	0.03103	0.01399	0.00411	0.00608	0.02647	0.01080	0.00973
40	0.03998	0.03097	0.03507	0.02761	0.03482	0.03597	0.02286	0.37792	0.04636	0.06307	0.02507	0.02736	0.01876	0.01541	0.01762	0.00385	0.13857	0.01041	0.01016	0.01819
41	0.01629	0.01102	0.01287	0.01348	0.01363	0.01086	0.00789	0.01675	0.01812	0.02416	0.04284	0.19068	0.05010	0.46602	0.04919	0.00980	0.01025	0.02056	0.00789	0.00759
42	0.02732	0.02464	0.03325	0.15711	0.15846	0.02792	0.02569	0.04830	0.27761	0.04182	0.03521	0.03710	0.02689	0.01354	0.01171	0.00381	0.01173	0.01185	0.00887	0.01717
43	0.03109	0.59826	0.06095	0.01990	0.02985	0.04602	0.01990	0.03483	0.02363	0.02736	0.01617	0.01866	0.01493	0.00995	0.00746	0.00249	0.01244	0.00622	0.00498	0.01493
44	0.02886	0.02886	0.02628	0.02061	0.02967	0.13598	0.01611	0.03571	0.06331	0.03661	0.02216	0.02492	0.01816	0.00994	0.00929	0.00218	0.01145	0.00752	0.00708	0.46531
45	0.03993	0.04716	0.04125	0.03387	0.04157	0.36513	0.12490	0.09821	0.03441	0.03602	0.02047	0.02418	0.01618	0.01174	0.01136	0.00327	0.01965	0.00927	0.00667	0.01476
46	0.26438	0.02905	0.02867	0.02275	0.03132	0.03258	0.01878	0.32396	0.04247	0.06591	0.02382	0.02476	0.01727	0.01285	0.01008	0.00353	0.01147	0.00901	0.01008	0.01727
47	0.02384	0.02432	0.04640	0.38777	0.07351	0.02706	0.18391	0.03229	0.02469	0.03229	0.02165	0.03113	0.01624	0.01101	0.01234	0.00389	0.01690	0.01149	0.00541	0.01386

[dist]
# distance from previous block
# <min> <max>
0	1

[block]
# block no. 5 follows, 10 sequences, length 35
# corresponding to MSA columns:
# 297-331
name=unknown_F
#
# <colnr> <probs for GDERKNQSTAVLIFYWHMCP>
#	G	D	E	R	K	N	Q	S	T	A	V	L	I	F	Y	W	H	M	C	P
0	0.02409	0.02285	0.03873	0.40974	0.21703	0.02640	0.03336	0.03158	0.02426	0.03230	0.02105	0.03031	0.01642	0.01123	0.01159	0.00374	0.01498	0.01034	0.00535	0.01464
1	0.02196	0.02067	0.03488	0.56331	0.08010	0.02584	0.03230	0.02972	0.02326	0.02972	0.02067	0.03101	0.01550	0.01163	0.01163	0.00388	0.01550	0.01034	0.00517	0.01292
2	0.03233	0.01397	0.01648	0.01428	0.01918	0.01302	0.01126	0.03742	0.02750	0.21209	0.04071	0.04204	0.02945	0.01385	0.00937	0.00302	0.00698	0.01114	0.43194	0.01397
3	0.04421	0.03258	0.03490	0.02676	0.03607	0.03607	0.02211	0.47993	0.05468	0.07330	0.02792	0.02792	0.01978	0.01396	0.01163	0.00349	0.01280	0.01047	0.01163	0.01978
4	0.04861	0.01900	0.02585	0.02009	0.02846	0.01648	0.01648	0.05321	0.03325	0.47881	0.09250	0.04431	0.03688	0.01533	0.01190	0.00360	0.00946	0.01263	0.01424	0.01891
5	0.01562	0.01189	0.01460	0.01560	0.01836	0.01087	0.01212	0.01951	0.02706	0.03499	0.17259	0.20034	0.23890	0.03030	0.01453	0.00438	0.00718	0.12977	0.01118	0.01020
6	0.03240	0.02906	0.06030	0.04335	0.05456	0.02695	0.38458	0.04114	0.02862	0.13518	0.02800	0.03302	0.01988	0.01072	0.01332	0.00386	0.01767	0.01332	0.00759	0.01651
7	0.02020	0.01010	0.01515	0.01515	0.01515	0.01010	0.01010	0.01515	0.01515	0.02020	0.02020	0.03535	0.02020	0.04040	0.04545	0.66162	0.01010	0.01010	0.00505	0.00505
8	0.04345	0.05543	0.03296	0.02996	0.03596	0.54457	0.02247	0.04644	0.03296	0.02846	0.01798	0.02097	0.01498	0.01199	0.01049	0.00300	0.02097	0.00749	0.00599	0.01348
9	0.02412	0.02067	0.02412	0.01723	0.02756	0.01550	0.01378	0.02929	0.02412	0.03790	0.02067	0.02412	0.01723	0.00861	0.00861	0.00172	0.00861	0.00689	0.00689	0.66236
10	0.03117	0.19578	0.30465	0.02712	0.04074	0.03010	0.03163	0.04027	0.02606	0.13231	0.02462	0.02599	0.01760	0.01143	0.01022	0.00335	0.01446	0.00858	0.00683	0.01711
11	0.02134	0.01600	0.01848	0.01635	0.02070	0.01571	0.01267	0.11225	0.03568	0.04818	0.31727	0.08133	0.19247	0.02323	0.01331	0.00369	0.00705	0.01980	0.01207	0.01245
12	0.04549	0.01851	0.02534	0.02084	0.02857	0.01635	0.01742	0.05016	0.03199	0.42835	0.04902	0.05791	0.03642	0.01794	0.01257	0.00395	0.01006	0.09746	0.01366	0.01798
13	0.02893	0.02498	0.02630	0.02367	0.03024	0.02893	0.01841	0.06180	0.49770	0.04865	0.04734	0.04339	0.03550	0.01578	0.01183	0.00394	0.00920	0.01315	0.01183	0.01841
14	0.02745	0.03137	0.06863	0.04902	0.06078	0.02941	0.47647	0.03725	0.02745	0.03725	0.02353	0.03137	0.01765	0.00980	0.01373	0.00392	0.01961	0.01373	0.00588	0.01569
15	0.01417	0.01012	0.01350	0.01619	0.01687	0.00945	0.01080	0.01619	0.02227	0.02969	0.06410	0.58367	0.07692	0.03644	0.01484	0.00472	0.00675	0.03306	0.01080	0.00945
16	0.01512	0.01199	0.01369	0.01372	0.01715	0.01057	0.01059	0.01910	0.02846	0.03636	0.22991	0.10658	0.34261	0.02805	0.01400	0.00401	0.00631	0.07013	0.01139	0.01026
17	0.01646	0.01189	0.01555	0.01463	0.01738	0.01097	0.01097	0.02195	0.03292	0.04664	0.51257	0.08688	0.10974	0.02378	0.01372	0.00366	0.00549	0.02103	0.01280	0.01097
18	0.05218	0.01979	0.02699	0.02069	0.02969	0.01709	0.01709	0.05668	0.03329	0.52677	0.04588	0.03959	0.02879	0.01439	0.01170	0.00360	0.00990	0.01170	0.01439	0.01979
19	0.03970	0.02823	0.03009	0.02358	0.03156	0.03102	0.01931	0.38935	0.04862	0.06731	0.02993	0.03101	0.02179	0.01388	0.01093	0.00333	0.01132	0.01054	0.14050	0.01799
20	0.02954	0.49062	0.15497	0.02255	0.03395	0.04222	0.02452	0.03523	0.02382	0.02926	0.01711	0.01984	0.01489	0.01017	0.00818	0.00273	0.01339	0.00669	0.00496	0.01538
21	0.03109	0.59826	0.06095	0.01990	0.02985	0.04602	0.01990	0.03483	0.02363	0.02736	0.01617	0.01866	0.01493	0.00995	0.00746	0.00249	0.01244	0.00622	0.00498	0.01493
22	0.03109	0.59826	0.06095	0.01990	0.02985	0.04602	0.01990	0.03483	0.02363	0.02736	0.01617	0.01866	0.01493	0.00995	0.00746	0.00249	0.01244	0.00622	0.00498	0.01493
23	0.02004	0.01774	0.02879	0.39309	0.06117	0.02116	0.02648	0.02638	0.02345	0.03028	0.03395	0.15280	0.03356	0.01889	0.01277	0.00421	0.01321	0.06311	0.00692	0.01198
24	0.04421	0.03258	0.03490	0.02676	0.03607	0.03607	0.02211	0.47993	0.05468	0.07330	0.02792	0.02792	0.01978	0.01396	0.01163	0.00349	0.01280	0.01047	0.01163	0.01978
25	0.02369	0.01896	0.02181	0.01612	0.02513	0.01469	0.01280	0.02891	0.02416	0.03885	0.02367	0.02746	0.01941	0.00947	0.00853	0.00189	0.00806	0.00758	0.11959	0.54921
26	0.03245	0.02335	0.02599	0.02262	0.02898	0.02551	0.01767	0.15789	0.23843	0.10471	0.04562	0.14713	0.03906	0.01930	0.01237	0.00395	0.00970	0.01629	0.01186	0.01712
27	0.01417	0.01012	0.01350	0.01619	0.01687	0.00945	0.01080	0.01619	0.02227	0.02969	0.06410	0.58367	0.07692	0.03644	0.01484	0.00472	0.00675	0.03306	0.01080	0.00945
28	0.02745	0.03137	0.06863	0.04902	0.06078	0.02941	0.47647	0.03725	0.02745	0.03725	0.02353	0.03137	0.01765	0.00980	0.01373	0.00392	0.01961	0.01373	0.00588	0.01569
29	0.01655	0.01220	0.01581	0.01671	0.01939	0.01145	0.01331	0.02118	0.02852	0.03810	0.23969	0.16219	0.15786	0.02905	0.01467	0.00441	0.00752	0.16935	0.01152	0.01052
30	0.02020	0.01010	0.01515	0.01515	0.01515	0.01010	0.01010	0.01515	0.01515	0.02020	0.02020	0.03535	0.02020	0.04040	0.04545	0.66162	0.01010	0.01010	0.00505	0.00505
31	0.03109	0.59826	0.06095	0.01990	0.02985	0.04602	0.01990	0.03483	0.02363	0.02736	0.01617	0.01866	0.01493	0.00995	0.00746	0.00249	0.01244	0.00622	0.00498	0.01493
32	0.01573	0.01223	0.01777	0.12564	0.02952	0.01273	0.01510	0.01890	0.02246	0.02969	0.05541	0.47312	0.06464	0.03147	0.01420	0.00455	0.00850	0.02852	0.00967	0.01014
33	0.02196	0.02067	0.03488	0.56331	0.08010	0.02584	0.03230	0.02972	0.02326	0.02972	0.02067	0.03101	0.01550	0.01163	0.01163	0.00388	0.01550	0.01034	0.00517	0.01292
34	0.04097	0.16402	0.03856	0.02795	0.03473	0.44484	0.02196	0.04412	0.03109	0.02824	0.01762	0.02051	0.01497	0.01158	0.00988	0.00289	0.01927	0.00724	0.00579	0.01377

[dist]
# distance from previous block
# <min> <max>
0	1

[block]
# block no. 6 follows, 10 sequences, length 13
# corresponding to MSA columns:
# 333-345
name=unknown_G
#
# <colnr> <probs for GDERKNQSTAVLIFYWHMCP>
#	G	D	E	R	K	N	Q	S	T	A	V	L	I	F	Y	W	H	M	C	P
0	0.04053	0.03075	0.03283	0.02602	0.03467	0.03435	0.02122	0.37928	0.16132	0.06737	0.03260	0.03165	0.02356	0.01440	0.01168	0.00360	0.01193	0.01112	0.01168	0.01945
1	0.01613	0.01221	0.01510	0.01534	0.01845	0.01118	0.01215	0.02077	0.02937	0.03887	0.27640	0.10564	0.23013	0.02762	0.01429	0.00415	0.00687	0.12312	0.01165	0.01054
2	0.04613	0.02950	0.03300	0.02530	0.03453	0.03150	0.02090	0.37805	0.04953	0.18245	0.03225	0.03073	0.02195	0.01407	0.01165	0.00352	0.01210	0.01077	0.01230	0.01978
3	0.02412	0.02067	0.02412	0.01723	0.02756	0.01550	0.01378	0.02929	0.02412	0.03790	0.02067	0.02412	0.01723	0.00861	0.00861	0.00172	0.00861	0.00689	0.00689	0.66236
4	0.02731	0.01391	0.01862	0.01707	0.02120	0.01249	0.01290	0.03142	0.02979	0.19670	0.22505	0.22296	0.07357	0.02460	0.01341	0.00396	0.00730	0.02168	0.01271	0.01336
5	0.02397	0.02043	0.03285	0.28044	0.19773	0.02278	0.02752	0.03091	0.02451	0.03552	0.02520	0.03330	0.01984	0.01171	0.01075	0.00347	0.01256	0.01047	0.16196	0.01410
6	0.02333	0.06016	0.53100	0.03315	0.05034	0.02701	0.04297	0.03683	0.02455	0.03683	0.02087	0.02455	0.01473	0.01105	0.01105	0.00368	0.01719	0.00859	0.00491	0.01719
7	0.01621	0.01115	0.01367	0.01432	0.01475	0.01126	0.00893	0.01725	0.01844	0.02485	0.04253	0.19429	0.04889	0.39153	0.11233	0.01067	0.01280	0.02022	0.00784	0.00806
8	0.01709	0.01324	0.01769	0.01710	0.01898	0.01384	0.01283	0.02136	0.02837	0.04011	0.33933	0.19839	0.08944	0.02638	0.01720	0.00410	0.07991	0.02250	0.01131	0.01084
9	0.56403	0.02202	0.01884	0.01625	0.02376	0.02451	0.01339	0.03815	0.02217	0.13574	0.02142	0.02254	0.01545	0.01143	0.00799	0.00360	0.00916	0.00725	0.00846	0.01386
10	0.02545	0.02545	0.03562	0.03053	0.03053	0.03562	0.02545	0.02799	0.01781	0.02799	0.01527	0.02545	0.01527	0.02036	0.03817	0.00509	0.56997	0.01018	0.00509	0.01272
11	0.04284	0.02617	0.03213	0.02538	0.03242	0.02891	0.02101	0.21804	0.03820	0.23152	0.03168	0.03169	0.02209	0.01560	0.01779	0.00390	0.14048	0.01086	0.01115	0.01815
12	0.02879	0.02763	0.04721	0.07139	0.51871	0.02763	0.03569	0.03569	0.02648	0.03800	0.02188	0.02879	0.01842	0.01036	0.01151	0.00345	0.01382	0.01036	0.00576	0.01842

[dist]
# distance from previous block
# <min> <max>
0	84

[block]
# block no. 7 follows, 10 sequences, length 33
# corresponding to MSA columns:
# 430-462
name=unknown_H
#
# <colnr> <probs for GDERKNQSTAVLIFYWHMCP>
#	G	D	E	R	K	N	Q	S	T	A	V	L	I	F	Y	W	H	M	C	P
0	0.67341	0.02249	0.01709	0.01529	0.02249	0.02609	0.01260	0.03419	0.01979	0.05218	0.01619	0.01889	0.01260	0.01080	0.00720	0.00360	0.00900	0.00630	0.00720	0.01260
1	0.01646	0.01189	0.01555	0.01463	0.01738	0.01097	0.01097	0.02195	0.03292	0.04664	0.51257	0.08688	0.10974	0.02378	0.01372	0.00366	0.00549	0.02103	0.01280	0.01097
2	0.01417	0.01012	0.01350	0.01619	0.01687	0.00945	0.01080	0.01619	0.02227	0.02969	0.06410	0.58367	0.07692	0.03644	0.01484	0.00472	0.00675	0.03306	0.01080	0.00945
3	0.23241	0.02169	0.02480	0.01965	0.02815	0.02137	0.01622	0.08704	0.03122	0.34900	0.03567	0.03254	0.02329	0.01331	0.01038	0.00359	0.00989	0.01002	0.01206	0.01770
4	0.02415	0.01421	0.01971	0.02082	0.02442	0.01368	0.01774	0.02906	0.02750	0.12003	0.05907	0.15603	0.06119	0.02943	0.01519	0.00499	0.01021	0.32903	0.01136	0.01218
5	0.04995	0.02337	0.02920	0.02239	0.03147	0.02240	0.01850	0.17500	0.03927	0.40000	0.04086	0.03633	0.02627	0.01427	0.01168	0.00357	0.01071	0.01135	0.01362	0.01979
6	0.02020	0.01010	0.01515	0.01515	0.01515	0.01010	0.01010	0.01515	0.01515	0.02020	0.02020	0.03535	0.02020	0.04040	0.04545	0.66162	0.01010	0.01010	0.00505	0.00505
7	0.03778	0.03047	0.02784	0.02287	0.02975	0.11725	0.01826	0.27813	0.04245	0.05715	0.02900	0.03103	0.02175	0.01350	0.01046	0.00319	0.01215	0.01006	0.19073	0.01619
8	0.02162	0.01923	0.02710	0.02212	0.02753	0.01892	0.05702	0.02620	0.02438	0.03597	0.11307	0.13306	0.04335	0.01852	0.01691	0.00345	0.12016	0.01517	0.00815	0.24806
9	0.03127	0.02709	0.04899	0.03710	0.04408	0.02941	0.22825	0.03746	0.02502	0.12382	0.02463	0.03073	0.01883	0.01448	0.02223	0.00429	0.21774	0.01206	0.00716	0.01536
10	0.03109	0.59826	0.06095	0.01990	0.02985	0.04602	0.01990	0.03483	0.02363	0.02736	0.01617	0.01866	0.01493	0.00995	0.00746	0.00249	0.01244	0.00622	0.00498	0.01493
11	0.03276	0.02410	0.02743	0.02073	0.03026	0.02239	0.01676	0.15179	0.08288	0.09967	0.02801	0.02876	0.02103	0.01136	0.01006	0.00261	0.00989	0.00898	0.00943	0.36111
12	0.16191	0.02733	0.02953	0.02304	0.03188	0.02920	0.01903	0.28582	0.04260	0.18965	0.03053	0.02936	0.02085	0.01350	0.01084	0.00354	0.01133	0.01003	0.01155	0.01846
13	0.01488	0.01055	0.01390	0.01631	0.01710	0.01001	0.01114	0.01701	0.02212	0.02941	0.06097	0.48808	0.07234	0.09449	0.01963	0.00547	0.00759	0.06928	0.01039	0.00931
14	0.01417	0.01012	0.01350	0.01619	0.01687	0.00945	0.01080	0.01619	0.02227	0.02969	0.06410	0.58367	0.07692	0.03644	0.01484	0.00472	0.00675	0.03306	0.01080	0.00945
15	0.01417	0.01012	0.01350	0.01619	0.01687	0.00945	0.01080	0.01619	0.02227	0.02969	0.06410	0.58367	0.07692	0.03644	0.01484	0.00472	0.00675	0.03306	0.01080	0.00945
16	0.03875	0.02986	0.03183	0.02566	0.03399	0.03352	0.02079	0.33056	0.21294	0.06449	0.03486	0.03345	0.02540	0.01461	0.01171	0.00365	0.01151	0.01143	0.01171	0.01929
17	0.03518	0.02029	0.02239	0.01834	0.02454	0.02109	0.01477	0.19672	0.03694	0.13843	0.03569	0.03710	0.02599	0.01385	0.01002	0.00315	0.00888	0.01086	0.31014	0.01565
18	0.54248	0.02192	0.01918	0.01643	0.02401	0.02419	0.01354	0.03893	0.02264	0.15221	0.02245	0.02325	0.01601	0.01155	0.00815	0.00360	0.00919	0.00744	0.00871	0.01411
19	0.02879	0.02763	0.04721	0.07139	0.51871	0.02763	0.03569	0.03569	0.02648	0.03800	0.02188	0.02879	0.01842	0.01036	0.01151	0.00345	0.01382	0.01036	0.00576	0.01842
20	0.03109	0.59826	0.06095	0.01990	0.02985	0.04602	0.01990	0.03483	0.02363	0.02736	0.01617	0.01866	0.01493	0.00995	0.00746	0.00249	0.01244	0.00622	0.00498	0.01493
21	0.15317	0.04969	0.03020	0.02741	0.03361	0.45426	0.02075	0.04431	0.03067	0.03260	0.01767	0.02061	0.01457	0.01178	0.00991	0.00310	0.01889	0.00728	0.00620	0.01333
22	0.02196	0.02067	0.03488	0.56331	0.08010	0.02584	0.03230	0.02972	0.02326	0.02972	0.02067	0.03101	0.01550	0.01163	0.01163	0.00388	0.01550	0.01034	0.00517	0.01292
23	0.02676	0.02270	0.02443	0.02209	0.02800	0.02580	0.01711	0.05486	0.41675	0.04830	0.12837	0.05097	0.04843	0.01717	0.01216	0.00389	0.00856	0.01452	0.01200	0.01711
24	0.01418	0.01120	0.01279	0.01366	0.01630	0.00981	0.00976	0.01707	0.02567	0.03241	0.14024	0.27781	0.31525	0.03135	0.01414	0.00418	0.00615	0.02722	0.01101	0.00981
25	0.02037	0.01071	0.01130	0.01177	0.01413	0.01060	0.00859	0.02520	0.02402	0.04098	0.04250	0.13747	0.03802	0.01754	0.00930	0.00306	0.00565	0.01471	0.54348	0.01060
26	0.02020	0.01010	0.01515	0.01515	0.01515	0.01010	0.01010	0.01515	0.01515	0.02020	0.02020	0.03535	0.02020	0.04040	0.04545	0.66162	0.01010	0.01010	0.00505	0.00505
27	0.03109	0.59826	0.06095	0.01990	0.02985	0.04602	0.01990	0.03483	0.02363	0.02736	0.01617	0.01866	0.01493	0.00995	0.00746	0.00249	0.01244	0.00622	0.00498	0.01493
28	0.02131	0.01683	0.01994	0.01904	0.02314	0.01781	0.01498	0.03656	0.19788	0.04530	0.26783	0.07906	0.07576	0.02237	0.01345	0.00406	0.00772	0.09127	0.01209	0.01358
29	0.03318	0.04113	0.12180	0.03038	0.03812	0.18605	0.06635	0.11414	0.03224	0.04009	0.06508	0.03047	0.02465	0.01444	0.01601	0.00370	0.10942	0.01044	0.00724	0.01507
30	0.04031	0.02522	0.02916	0.02238	0.03119	0.02515	0.01831	0.24708	0.04168	0.18545	0.07553	0.03573	0.02992	0.01404	0.01131	0.00323	0.01063	0.01113	0.01165	0.13090
31	0.49470	0.02877	0.10765	0.01897	0.02810	0.02530	0.01836	0.03702	0.02204	0.09953	0.02014	0.02206	0.01467	0.01122	0.00834	0.00361	0.01052	0.00727	0.00756	0.01415
32	0.02533	0.19890	0.40981	0.02973	0.04506	0.03191	0.03702	0.03632	0.02432	0.03439	0.01966	0.02303	0.01478	0.01077	0.01012	0.00337	0.01596	0.00798	0.00493	0.01660

[dist]
# distance from previous block
# <min> <max>
0	3

[block]
# block no. 8 follows, 10 sequences, length 6
# corresponding to MSA columns:
# 467-472
name=unknown_I
#
# <colnr> <probs for GDERKNQSTAVLIFYWHMCP>
#	G	D	E	R	K	N	Q	S	T	A	V	L	I	F	Y	W	H	M	C	P
0	0.01798	0.01505	0.02041	0.01846	0.02248	0.01445	0.05349	0.02620	0.09076	0.03893	0.21972	0.17202	0.19416	0.02524	0.01368	0.00398	0.00760	0.02242	0.01115	0.01181
1	0.01529	0.01136	0.01456	0.01504	0.01725	0.01063	0.01090	0.01912	0.02712	0.03685	0.25856	0.24635	0.15870	0.03469	0.06366	0.00545	0.00835	0.02467	0.01121	0.01024
2	0.14954	0.01861	0.01969	0.01656	0.02262	0.01921	0.01332	0.11027	0.03064	0.16169	0.03421	0.03553	0.02482	0.01332	0.00937	0.00320	0.00832	0.01016	0.28421	0.01471
3	0.02333	0.06016	0.53100	0.03315	0.05034	0.02701	0.04297	0.03683	0.02455	0.03683	0.02087	0.02455	0.01473	0.01105	0.01105	0.00368	0.01719	0.00859	0.00491	0.01719
4	0.01647	0.01215	0.01492	0.01648	0.01776	0.01217	0.01106	0.02192	0.07963	0.03073	0.05711	0.42621	0.06562	0.13357	0.02244	0.00580	0.00786	0.02772	0.01025	0.01012
