[name]
unknown

[dist]
# distance from previous block
# <min> <max>
8	69

[block]
# block no. 0 follows, 10 sequences, length 53
# corresponding to MSA columns:
# 84-136
name=unknown_A
#
# <colnr> <probs for GDERKNQSTAVLIFYWHMCP>
#	G	D	E	R	K	N	Q	S	T	A	V	L	I	F	Y	W	H	M	C	P
0	0.14080	0.08051	0.11976	0.11022	0.10082	0.02751	0.11108	0.03785	0.02543	0.10486	0.02366	0.02781	0.01738	0.01114	0.01080	0.00360	0.01419	0.00983	0.00692	0.01581
1	0.02469	0.07257	0.07588	0.03322	0.13020	0.02349	0.06604	0.03482	0.09082	0.03898	0.09804	0.08025	0.03744	0.01469	0.01145	0.00332	0.01124	0.01324	0.00807	0.13155
2	0.03308	0.13394	0.11877	0.02717	0.08619	0.02391	0.02265	0.03803	0.02670	0.18171	0.07140	0.03551	0.02865	0.01693	0.01557	0.09342	0.01170	0.01060	0.00861	0.01548
3	0.12009	0.08288	0.16593	0.02918	0.08972	0.02597	0.02584	0.03939	0.08957	0.07779	0.02878	0.03614	0.02329	0.01325	0.01059	0.00353	0.01227	0.04431	0.00767	0.07383
4	0.08092	0.01912	0.06490	0.06238	0.02778	0.01602	0.01691	0.02866	0.02652	0.10367	0.13779	0.07325	0.12455	0.08632	0.01800	0.00482	0.00975	0.07638	0.00991	0.01237
5	0.02240	0.01522	0.01847	0.01585	0.02148	0.01303	0.01218	0.02684	0.02546	0.08051	0.09754	0.12498	0.08499	0.02428	0.05773	0.00436	0.00939	0.01530	0.09787	0.23214
6	0.10395	0.02633	0.07790	0.06869	0.03903	0.02453	0.09615	0.07915	0.09540	0.10894	0.03315	0.04196	0.02633	0.02150	0.06366	0.00534	0.01478	0.04873	0.00887	0.01562
7	0.30418	0.16841	0.03389	0.06804	0.03272	0.03343	0.01846	0.14084	0.02943	0.04905	0.01940	0.02208	0.01516	0.01142	0.00872	0.00332	0.01135	0.00764	0.00753	0.01493
8	0.02128	0.01969	0.06369	0.02011	0.02598	0.01651	0.05518	0.02996	0.07121	0.03960	0.11481	0.09033	0.04355	0.02461	0.07232	0.00504	0.01150	0.01432	0.15880	0.10151
9	0.17585	0.01652	0.01558	0.01405	0.01870	0.01783	0.01108	0.09070	0.02747	0.04950	0.03153	0.03558	0.02445	0.01297	0.00839	0.00302	0.00726	0.00974	0.41732	0.01247
10	0.02585	0.06953	0.03218	0.21968	0.04795	0.02383	0.02192	0.07367	0.02673	0.03745	0.02100	0.02658	0.01665	0.01035	0.00992	0.00275	0.01188	0.00845	0.00656	0.30707
11	0.03487	0.02367	0.03522	0.02764	0.03440	0.02501	0.10015	0.09185	0.07012	0.18685	0.10086	0.04122	0.03536	0.01609	0.01728	0.00396	0.11559	0.01309	0.01039	0.01637
12	0.03945	0.09583	0.03408	0.07436	0.03763	0.30417	0.02178	0.04742	0.09755	0.09952	0.02605	0.02739	0.01984	0.01263	0.01065	0.00324	0.01646	0.00900	0.00780	0.01514
13	0.01456	0.01077	0.01361	0.01512	0.01677	0.00982	0.01049	0.01744	0.02515	0.03341	0.16404	0.40170	0.15912	0.03267	0.01443	0.00437	0.00634	0.02916	0.01120	0.00982
14	0.02970	0.08451	0.17743	0.15892	0.05048	0.02776	0.06942	0.03768	0.02528	0.12511	0.02468	0.02911	0.01789	0.01268	0.01433	0.00379	0.07855	0.01002	0.00686	0.01580
15	0.01544	0.01194	0.01656	0.09370	0.02582	0.01196	0.01369	0.01868	0.02375	0.03134	0.10238	0.41551	0.11348	0.03111	0.01418	0.00443	0.00780	0.02794	0.01017	0.01011
16	0.03093	0.02484	0.03763	0.13171	0.26873	0.02621	0.02860	0.04367	0.13614	0.10602	0.03087	0.03400	0.02334	0.01237	0.01163	0.00365	0.01248	0.01119	0.00825	0.01773
17	0.02020	0.01010	0.01515	0.01515	0.01515	0.01010	0.01010	0.01515	0.01515	0.02020	0.02020	0.03535	0.02020	0.04040	0.04545	0.66162	0.01010	0.01010	0.00505	0.00505
18	0.02294	0.02053	0.03090	0.16182	0.04310	0.02414	0.05879	0.03264	0.09146	0.03441	0.03764	0.06593	0.03602	0.02071	0.01831	0.00462	0.11721	0.15767	0.00805	0.01313
19	0.13166	0.02390	0.03089	0.02443	0.03293	0.02434	0.06986	0.09021	0.14490	0.24692	0.03784	0.03557	0.02602	0.01365	0.01131	0.00371	0.01097	0.01140	0.01153	0.01796
20	0.02638	0.04534	0.31470	0.14587	0.05552	0.02827	0.07568	0.09859	0.02883	0.04057	0.02207	0.02700	0.01587	0.01148	0.01149	0.00372	0.01642	0.00968	0.00601	0.01652
21	0.03085	0.01631	0.02089	0.01830	0.02355	0.01544	0.01419	0.03923	0.09512	0.21931	0.21501	0.13460	0.06543	0.02107	0.01288	0.00383	0.00778	0.01827	0.01296	0.01498
22	0.15428	0.02740	0.03030	0.02514	0.03098	0.03285	0.02062	0.19859	0.11358	0.05246	0.02551	0.02818	0.01986	0.01547	0.01825	0.00404	0.16720	0.01006	0.00901	0.01623
23	0.04644	0.02900	0.03269	0.02506	0.03428	0.03076	0.02071	0.36163	0.04870	0.20004	0.03294	0.03118	0.02230	0.01408	0.01165	0.00352	0.01199	0.01081	0.01241	0.01978
24	0.10180	0.03042	0.03253	0.02514	0.03422	0.03332	0.02076	0.39857	0.04945	0.11544	0.02861	0.02824	0.02001	0.01372	0.01124	0.00351	0.01217	0.01021	0.01150	0.01913
25	0.02132	0.01301	0.01685	0.01525	0.01899	0.01175	0.01166	0.02644	0.03241	0.11382	0.41143	0.08232	0.13358	0.02294	0.01343	0.00367	0.00615	0.02001	0.01285	0.01213
26	0.01661	0.01246	0.01869	0.01869	0.02077	0.01454	0.01454	0.02077	0.01869	0.02700	0.03115	0.04569	0.02908	0.08723	0.54517	0.01869	0.03115	0.01246	0.00623	0.01038
27	0.05153	0.02084	0.02764	0.02119	0.03021	0.01865	0.01750	0.09131	0.03504	0.48966	0.04441	0.03863	0.02805	0.01436	0.01169	0.00359	0.01013	0.01160	0.01417	0.01979
28	0.02893	0.02498	0.02630	0.02367	0.03024	0.02893	0.01841	0.06180	0.49770	0.04865	0.04734	0.04339	0.03550	0.01578	0.01183	0.00394	0.00920	0.01315	0.01183	0.01841
29	0.02412	0.02067	0.02412	0.01723	0.02756	0.01550	0.01378	0.02929	0.02412	0.03790	0.02067	0.02412	0.01723	0.00861	0.00861	0.00172	0.00861	0.00689	0.00689	0.66236
30	0.01450	0.01054	0.01368	0.01558	0.01685	0.00972	0.01066	0.01715	0.02431	0.03253	0.13995	0.46561	0.11824	0.03384	0.01457	0.00449	0.00648	0.03044	0.01112	0.00972
31	0.02475	0.01384	0.01652	0.01500	0.01988	0.01190	0.01153	0.02822	0.02841	0.17085	0.12211	0.14383	0.29700	0.02561	0.01330	0.00391	0.00708	0.02166	0.01196	0.01265
32	0.02755	0.03293	0.16696	0.02561	0.03436	0.02592	0.02490	0.04704	0.23456	0.08253	0.09049	0.04132	0.03598	0.01564	0.01399	0.00390	0.05738	0.01242	0.00966	0.01686
33	0.03109	0.59826	0.06095	0.01990	0.02985	0.04602	0.01990	0.03483	0.02363	0.02736	0.01617	0.01866	0.01493	0.00995	0.00746	0.00249	0.01244	0.00622	0.00498	0.01493
34	0.01507	0.01082	0.01430	0.01558	0.01707	0.01005	0.01087	0.01846	0.02647	0.03637	0.24084	0.38789	0.08986	0.03145	0.01440	0.00430	0.00625	0.02832	0.01159	0.01005
35	0.02208	0.10283	0.10074	0.02278	0.02683	0.02573	0.02043	0.02582	0.01979	0.02786	0.02695	0.08490	0.02819	0.16724	0.07780	0.00724	0.18174	0.01318	0.00611	0.01177
36	0.09298	0.07475	0.03510	0.17554	0.04667	0.09136	0.02398	0.23024	0.03790	0.05054	0.02280	0.02647	0.01702	0.01249	0.01078	0.00347	0.01412	0.00939	0.00827	0.01612
37	0.03109	0.59826	0.06095	0.01990	0.02985	0.04602	0.01990	0.03483	0.02363	0.02736	0.01617	0.01866	0.01493	0.00995	0.00746	0.00249	0.01244	0.00622	0.00498	0.01493
38	0.67341	0.02249	0.01709	0.01529	0.02249	0.02609	0.01260	0.03419	0.01979	0.05218	0.01619	0.01889	0.01260	0.01080	0.00720	0.00360	0.00900	0.00630	0.00720	0.01260
39	0.02382	0.02300	0.03626	0.32901	0.10204	0.02949	0.03016	0.02964	0.02161	0.02985	0.01885	0.02882	0.01568	0.01462	0.02108	0.00427	0.21297	0.01028	0.00519	0.01335
40	0.20769	0.02490	0.03650	0.14734	0.29832	0.02687	0.02861	0.03416	0.02401	0.04042	0.02006	0.02643	0.01625	0.01072	0.01033	0.00357	0.01278	0.00922	0.00605	0.01577
41	0.12350	0.28962	0.17875	0.02298	0.03439	0.03401	0.02479	0.03827	0.02466	0.10182	0.02153	0.02317	0.01644	0.01098	0.00899	0.00313	0.01290	0.00763	0.00656	0.01588
42	0.02017	0.01292	0.01548	0.01422	0.01834	0.01131	0.01088	0.02442	0.03019	0.10572	0.27749	0.09127	0.27402	0.02496	0.01345	0.00377	0.00627	0.02128	0.01215	0.01168
43	0.01547	0.01166	0.01431	0.01405	0.01687	0.01049	0.01038	0.01988	0.02999	0.04063	0.35568	0.15050	0.21401	0.02675	0.01385	0.00385	0.00574	0.02335	0.01204	0.01049
44	0.01995	0.01555	0.01855	0.01716	0.02097	0.01599	0.01305	0.03309	0.16283	0.04720	0.38254	0.07472	0.08899	0.02154	0.01319	0.00374	0.00653	0.01883	0.01253	0.01305
45	0.02726	0.02765	0.03757	0.02757	0.03781	0.08002	0.14410	0.03348	0.02606	0.03664	0.02116	0.02578	0.01709	0.00933	0.01026	0.00248	0.01310	0.00887	0.00651	0.40726
46	0.04186	0.02827	0.03126	0.02485	0.03341	0.03072	0.02024	0.29548	0.16205	0.15209	0.03617	0.03400	0.02542	0.01450	0.01170	0.00362	0.01135	0.01137	0.01220	0.01944
47	0.02359	0.01437	0.01659	0.01533	0.01751	0.01452	0.01004	0.02873	0.08503	0.09807	0.03943	0.06642	0.03943	0.43022	0.04594	0.00918	0.01080	0.01565	0.00875	0.01042
48	0.02521	0.01943	0.02575	0.02113	0.02652	0.01965	0.05612	0.15134	0.03851	0.05324	0.33296	0.06539	0.07628	0.01977	0.01314	0.00363	0.00881	0.01742	0.01185	0.01386
49	0.12331	0.02716	0.03154	0.02696	0.02980	0.08116	0.02218	0.03459	0.02168	0.09973	0.01985	0.02601	0.01671	0.01736	0.02744	0.00447	0.35998	0.00957	0.00675	0.01375
50	0.02566	0.01872	0.02727	0.17299	0.04074	0.02198	0.02152	0.07263	0.02506	0.08962	0.02816	0.03733	0.02310	0.04460	0.23731	0.01012	0.07121	0.01138	0.00729	0.01329
51	0.01495	0.01095	0.01404	0.01512	0.01692	0.01004	0.01064	0.01833	0.02661	0.03602	0.23264	0.34973	0.13889	0.03105	0.01431	0.00425	0.00619	0.02773	0.01152	0.01004
52	0.02295	0.04912	0.39234	0.18133	0.05866	0.02668	0.03999	0.03484	0.02419	0.03484	0.02082	0.02636	0.01495	0.01121	0.01121	0.00374	0.01672	0.00908	0.00498	0.01600

[dist]
# distance from previous block
# <min> <max>
0	20

[block]
# block no. 1 follows, 10 sequences, length 11
# corresponding to MSA columns:
# 157-167
name=unknown_B
#
# <colnr> <probs for GDERKNQSTAVLIFYWHMCP>
#	G	D	E	R	K	N	Q	S	T	A	V	L	I	F	Y	W	H	M	C	P
0	0.04065	0.02664	0.02999	0.02396	0.03179	0.02836	0.01936	0.32939	0.04559	0.14546	0.03703	0.12161	0.03078	0.01774	0.01217	0.00371	0.01129	0.01441	0.01198	0.01808
1	0.03711	0.02268	0.02875	0.02837	0.09832	0.02320	0.01934	0.10357	0.14954	0.20919	0.03924	0.04254	0.02970	0.09358	0.01824	0.00471	0.01084	0.01243	0.01115	0.01749
2	0.03142	0.01987	0.02361	0.02011	0.02570	0.02021	0.01575	0.18223	0.03807	0.13304	0.17202	0.16641	0.05840	0.02160	0.01291	0.00382	0.00899	0.01847	0.01224	0.01512
3	0.02426	0.02382	0.03537	0.21162	0.04738	0.03230	0.02778	0.02858	0.01966	0.02858	0.01710	0.02734	0.01535	0.01739	0.02915	0.00468	0.38151	0.01023	0.00512	0.01279
4	0.24647	0.02140	0.02374	0.01941	0.02748	0.02167	0.01585	0.05027	0.09637	0.30640	0.03665	0.03355	0.02461	0.01345	0.01028	0.00365	0.00951	0.01019	0.01173	0.01730
5	0.25808	0.02915	0.02885	0.02286	0.03145	0.03268	0.01887	0.32842	0.04282	0.06612	0.02394	0.02485	0.01734	0.01289	0.01013	0.00353	0.01151	0.00905	0.01013	0.01734
6	0.02176	0.01829	0.02090	0.01680	0.02421	0.01570	0.01314	0.03058	0.09386	0.03990	0.12659	0.05234	0.11795	0.01573	0.01081	0.00274	0.00770	0.01317	0.00928	0.34856
7	0.02088	0.01246	0.01664	0.01660	0.01945	0.01145	0.01236	0.02490	0.02848	0.10808	0.24225	0.27176	0.08253	0.02785	0.01403	0.00418	0.00698	0.05537	0.01211	0.01164
8	0.01737	0.01413	0.02126	0.20178	0.03848	0.01539	0.01815	0.02217	0.02516	0.03377	0.15703	0.27653	0.06393	0.02496	0.01348	0.00418	0.00942	0.02245	0.00937	0.01099
9	0.01697	0.01399	0.01848	0.06086	0.02370	0.01545	0.01407	0.02028	0.02139	0.02821	0.05897	0.06921	0.19327	0.12396	0.20558	0.01014	0.07081	0.01678	0.00770	0.01017
10	0.24615	0.21941	0.07523	0.01969	0.02729	0.03168	0.01855	0.03227	0.02317	0.03939	0.08755	0.02964	0.02773	0.01332	0.01154	0.00338	0.06470	0.00894	0.00686	0.01354

[dist]
# distance from previous block
# <min> <max>
0	21

[block]
# block no. 2 follows, 10 sequences, length 18
# corresponding to MSA columns:
# 189-206
name=unknown_C
#
# <colnr> <probs for GDERKNQSTAVLIFYWHMCP>
#	G	D	E	R	K	N	Q	S	T	A	V	L	I	F	Y	W	H	M	C	P
0	0.02424	0.02837	0.11216	0.16730	0.10137	0.02472	0.06546	0.03763	0.12716	0.03708	0.03151	0.09103	0.02692	0.01458	0.01188	0.00376	0.01314	0.01315	0.00742	0.06113
1	0.03539	0.25946	0.09828	0.02771	0.08658	0.03232	0.02329	0.04388	0.07748	0.16533	0.02861	0.02868	0.02121	0.01193	0.00991	0.00318	0.01209	0.00915	0.00831	0.01724
2	0.01460	0.01165	0.01316	0.01345	0.01629	0.01068	0.00975	0.01730	0.02374	0.02955	0.08924	0.14948	0.33711	0.10190	0.10242	0.00715	0.01055	0.02273	0.00966	0.00956
3	0.02529	0.01363	0.01797	0.01740	0.02127	0.01233	0.01341	0.02908	0.02798	0.16608	0.13464	0.24427	0.11645	0.02719	0.01388	0.00426	0.00786	0.08228	0.01206	0.01267
4	0.02260	0.01665	0.01944	0.01824	0.02198	0.01690	0.01364	0.14131	0.03348	0.04486	0.14824	0.28719	0.11479	0.02720	0.01365	0.00410	0.00803	0.02375	0.01141	0.01255
5	0.04609	0.01998	0.02637	0.01994	0.02923	0.01675	0.01637	0.05073	0.03130	0.42061	0.04041	0.03623	0.02628	0.01314	0.01103	0.00319	0.00962	0.01065	0.01277	0.15933
6	0.03189	0.02574	0.02777	0.02425	0.03112	0.02913	0.01943	0.16940	0.32756	0.05372	0.04371	0.04891	0.03475	0.01709	0.01225	0.00398	0.01033	0.05939	0.01166	0.01793
7	0.01596	0.01184	0.01730	0.01802	0.01973	0.01318	0.01354	0.01955	0.01965	0.02772	0.03996	0.18946	0.04186	0.07365	0.40345	0.01496	0.02463	0.01797	0.00745	0.01013
8	0.09029	0.40047	0.04890	0.02071	0.02985	0.09305	0.01911	0.03945	0.02582	0.10805	0.02103	0.02221	0.01691	0.01094	0.00843	0.00281	0.01266	0.00722	0.00675	0.01534
9	0.67341	0.02249	0.01709	0.01529	0.02249	0.02609	0.01260	0.03419	0.01979	0.05218	0.01619	0.01889	0.01260	0.01080	0.00720	0.00360	0.00900	0.00630	0.00720	0.01260
10	0.02367	0.05776	0.49243	0.03447	0.05121	0.02721	0.07913	0.03687	0.02480	0.03687	0.02109	0.02512	0.01498	0.01095	0.01127	0.00370	0.01739	0.00902	0.00499	0.01706
11	0.02053	0.01307	0.01521	0.01397	0.01836	0.01128	0.01072	0.02442	0.02934	0.11344	0.21527	0.09366	0.32639	0.02552	0.01342	0.00380	0.00641	0.02156	0.01192	0.01170
12	0.01903	0.01626	0.02475	0.22347	0.04317	0.01907	0.02168	0.02377	0.02284	0.03030	0.04208	0.24565	0.04561	0.02472	0.01639	0.00454	0.07253	0.08479	0.00805	0.01130
13	0.01967	0.01917	0.07355	0.01786	0.02140	0.01600	0.01454	0.02751	0.09610	0.03217	0.09016	0.07244	0.04807	0.31399	0.03678	0.00781	0.01093	0.06248	0.00858	0.01079
14	0.01681	0.01155	0.01406	0.01396	0.01462	0.01182	0.00880	0.01814	0.01894	0.02592	0.08652	0.07185	0.04714	0.44097	0.14079	0.01178	0.01419	0.01656	0.00752	0.00806
15	0.03289	0.24749	0.04920	0.04294	0.22879	0.14893	0.02685	0.03775	0.02685	0.03190	0.01888	0.02326	0.01635	0.01057	0.00977	0.00299	0.01488	0.00818	0.00552	0.01602
16	0.13608	0.31819	0.04382	0.02049	0.02873	0.03536	0.01873	0.03883	0.02454	0.14198	0.02266	0.02406	0.01767	0.01218	0.01165	0.00319	0.07114	0.00787	0.00742	0.01540
17	0.02947	0.03111	0.10908	0.20424	0.05035	0.07014	0.02708	0.04539	0.17682	0.09009	0.03169	0.03402	0.02315	0.01319	0.01151	0.00376	0.01362	0.01086	0.00832	0.01613

[dist]
# distance from previous block
# <min> <max>
0	2

[block]
# block no. 3 follows, 10 sequences, length 23
# corresponding to MSA columns:
# 221-234,270-278
name=unknown_D
#
# <colnr> <probs for GDERKNQSTAVLIFYWHMCP>
#	G	D	E	R	K	N	Q	S	T	A	V	L	I	F	Y	W	H	M	C	P
0	0.02306	0.02589	0.11856	0.23404	0.09585	0.02144	0.02746	0.03072	0.02662	0.06722	0.12825	0.04768	0.07431	0.01540	0.01210	0.00374	0.01253	0.01336	0.00774	0.01402
1	0.02745	0.10252	0.10724	0.02186	0.02902	0.02198	0.02022	0.03706	0.09878	0.12278	0.04460	0.19368	0.04261	0.02124	0.01232	0.00399	0.01051	0.05749	0.00986	0.01478
2	0.02835	0.10465	0.06745	0.19117	0.04475	0.02508	0.02316	0.07963	0.02930	0.10488	0.09540	0.09001	0.03633	0.01600	0.01160	0.00364	0.01193	0.01345	0.00864	0.01457
3	0.02851	0.02719	0.11307	0.09375	0.16932	0.02184	0.06188	0.03581	0.02632	0.11275	0.03110	0.07337	0.02519	0.01361	0.01136	0.00357	0.01252	0.01229	0.11077	0.01578
4	0.08400	0.01958	0.02871	0.24403	0.11503	0.02201	0.02373	0.03097	0.05929	0.03928	0.16538	0.04665	0.04445	0.01519	0.01181	0.00373	0.01129	0.01326	0.00813	0.01349
5	0.03128	0.01447	0.01957	0.01822	0.02264	0.01289	0.01363	0.03442	0.02723	0.25343	0.05590	0.33877	0.05526	0.02652	0.01343	0.00422	0.00816	0.02345	0.01242	0.01410
6	0.02409	0.01993	0.03255	0.30456	0.05626	0.02249	0.06775	0.03302	0.06068	0.07339	0.10850	0.04299	0.03498	0.01888	0.04648	0.00478	0.01431	0.01291	0.00780	0.01363
7	0.01489	0.01107	0.01387	0.01476	0.01681	0.01005	0.01047	0.01830	0.02684	0.03596	0.23152	0.31552	0.17607	0.03061	0.01423	0.00419	0.00614	0.02715	0.01150	0.01005
8	0.03112	0.02278	0.02927	0.02729	0.10689	0.01964	0.01858	0.07756	0.02883	0.11693	0.02546	0.02762	0.01945	0.01030	0.00984	0.00246	0.01004	0.00853	0.00832	0.39909
9	0.02287	0.02067	0.03037	0.33445	0.05808	0.02151	0.02454	0.02954	0.02362	0.03315	0.02067	0.02812	0.01623	0.01036	0.01036	0.00297	0.01262	0.00889	0.00589	0.28509
10	0.01935	0.01144	0.01533	0.01681	0.01862	0.01049	0.01165	0.02171	0.02377	0.09739	0.06162	0.50957	0.07037	0.03344	0.01442	0.00457	0.00718	0.03015	0.01129	0.01086
11	0.02935	0.02687	0.08711	0.23221	0.15528	0.02549	0.02959	0.04103	0.10117	0.11216	0.02910	0.03315	0.02129	0.01238	0.01159	0.00373	0.01345	0.01082	0.00776	0.01649
12	0.01718	0.01236	0.01655	0.01676	0.01949	0.01173	0.01341	0.02262	0.03099	0.04292	0.37100	0.10079	0.09630	0.02640	0.01445	0.00419	0.00713	0.15269	0.01215	0.01089
13	0.02921	0.02278	0.03542	0.28906	0.16965	0.02533	0.02886	0.03968	0.09019	0.11117	0.02849	0.03349	0.02098	0.01232	0.01164	0.00374	0.01338	0.01094	0.00764	0.01604
14	0.02410	0.02236	0.03728	0.26316	0.26232	0.02432	0.03049	0.03113	0.02616	0.03596	0.09731	0.03868	0.03136	0.01295	0.01190	0.00366	0.01322	0.01200	0.00661	0.01503
15	0.10200	0.44562	0.05093	0.01954	0.02905	0.03932	0.01869	0.03824	0.02477	0.10948	0.02090	0.02201	0.01689	0.01075	0.00811	0.00278	0.01167	0.00710	0.00671	0.01546
16	0.01917	0.01037	0.01462	0.01462	0.01524	0.01006	0.00990	0.01540	0.01696	0.02199	0.03574	0.04754	0.09881	0.03866	0.04041	0.55691	0.00943	0.01240	0.00597	0.00581
17	0.02422	0.01589	0.02131	0.01925	0.02123	0.01812	0.01444	0.02656	0.02018	0.10512	0.03223	0.05175	0.03104	0.24782	0.17561	0.01073	0.13228	0.01351	0.00759	0.01114
18	0.12736	0.03135	0.08547	0.03742	0.16710	0.10593	0.05754	0.03425	0.02782	0.04048	0.13298	0.03909	0.03748	0.01380	0.01130	0.00351	0.01308	0.01179	0.00755	0.01469
19	0.48550	0.11671	0.09387	0.01844	0.02742	0.02930	0.01786	0.03465	0.02104	0.04625	0.01683	0.01963	0.01325	0.01070	0.00776	0.00344	0.01064	0.00660	0.00654	0.01358
20	0.02356	0.10708	0.02884	0.02597	0.09028	0.02182	0.01740	0.09556	0.02821	0.03740	0.04518	0.33221	0.05027	0.02521	0.01274	0.00401	0.00955	0.02222	0.00934	0.01316
21	0.23859	0.12347	0.09883	0.02198	0.03122	0.10594	0.02047	0.04189	0.02628	0.15605	0.02420	0.02489	0.01749	0.01174	0.00934	0.00334	0.01269	0.00807	0.00807	0.01545
22	0.03035	0.15054	0.03337	0.02031	0.02878	0.02678	0.01698	0.10521	0.09368	0.07573	0.03075	0.08604	0.02668	0.01404	0.01013	0.00292	0.01009	0.01124	0.00881	0.21759

[dist]
# distance from previous block
# <min> <max>
0	1

[block]
# block no. 4 follows, 10 sequences, length 11
# corresponding to MSA columns:
# 280-290
name=unknown_E
#
# <colnr> <probs for GDERKNQSTAVLIFYWHMCP>
#	G	D	E	R	K	N	Q	S	T	A	V	L	I	F	Y	W	H	M	C	P
0	0.13333	0.37602	0.04802	0.14030	0.03986	0.03829	0.02148	0.03358	0.02292	0.03192	0.01718	0.02145	0.01468	0.01046	0.00835	0.00298	0.01256	0.00715	0.00538	0.01410
1	0.02600	0.03036	0.14259	0.03326	0.11257	0.02400	0.02731	0.03274	0.02433	0.06807	0.02813	0.04367	0.02531	0.01610	0.01721	0.00386	0.12881	0.07922	0.00702	0.12946
2	0.02550	0.02810	0.10803	0.14314	0.04116	0.05121	0.02350	0.10363	0.05734	0.04310	0.15996	0.04802	0.04493	0.05430	0.01524	0.00417	0.01225	0.01346	0.00882	0.01413
3	0.13485	0.37757	0.05076	0.03063	0.13764	0.03869	0.02224	0.03492	0.02364	0.03376	0.01745	0.02095	0.01533	0.01018	0.00832	0.00288	0.01219	0.00716	0.00551	0.01533
4	0.03236	0.03342	0.14455	0.02891	0.03571	0.03077	0.02745	0.10799	0.02781	0.11829	0.02354	0.02794	0.01808	0.01628	0.02352	0.00427	0.26536	0.01012	0.00762	0.01601
5	0.14006	0.03075	0.03267	0.06871	0.14298	0.11197	0.02341	0.12034	0.09271	0.08628	0.02659	0.02868	0.02004	0.01245	0.01073	0.00351	0.01320	0.00972	0.00853	0.01667
6	0.02705	0.21811	0.15299	0.10386	0.04182	0.03419	0.02788	0.06101	0.02495	0.03336	0.02152	0.03114	0.01884	0.01403	0.01513	0.00367	0.11226	0.03759	0.00582	0.01478
7	0.02674	0.02166	0.02692	0.02048	0.02840	0.02012	0.01666	0.03126	0.02347	0.07615	0.02155	0.02569	0.01775	0.01171	0.01546	0.00263	0.13387	0.00802	0.00711	0.46435
8	0.02346	0.27818	0.03877	0.10643	0.03309	0.02890	0.01843	0.02775	0.02477	0.03139	0.10817	0.15770	0.04423	0.01837	0.01080	0.00340	0.01054	0.01528	0.00757	0.01274
9	0.02022	0.03832	0.29782	0.02477	0.03543	0.01976	0.02850	0.03010	0.02834	0.04127	0.24331	0.05275	0.05771	0.01681	0.01226	0.00367	0.01189	0.01422	0.00848	0.01438
10	0.23276	0.02826	0.13231	0.01988	0.02816	0.02204	0.01949	0.06149	0.05598	0.04568	0.11703	0.04842	0.11214	0.01651	0.01076	0.00369	0.01002	0.01287	0.00877	0.01375

[dist]
# distance from previous block
# <min> <max>
55	361

[block]
# block no. 5 follows, 10 sequences, length 43
# corresponding to MSA columns:
# 829-871
name=unknown_F
#
# <colnr> <probs for GDERKNQSTAVLIFYWHMCP>
#	G	D	E	R	K	N	Q	S	T	A	V	L	I	F	Y	W	H	M	C	P
0	0.21368	0.18675	0.04045	0.02876	0.09237	0.08445	0.05972	0.03895	0.02545	0.10025	0.02151	0.02401	0.01672	0.01100	0.00930	0.00324	0.01283	0.00825	0.00708	0.01525
1	0.23008	0.09589	0.07117	0.02089	0.02892	0.09322	0.01825	0.07527	0.06445	0.04242	0.02267	0.02806	0.01898	0.06324	0.01354	0.00391	0.01214	0.00857	0.00731	0.08101
2	0.02489	0.02873	0.08203	0.08186	0.03242	0.13274	0.02026	0.02838	0.02217	0.02721	0.02497	0.04069	0.02400	0.15949	0.11334	0.06542	0.06309	0.01133	0.00590	0.01108
3	0.01597	0.01151	0.01511	0.01497	0.01727	0.01065	0.01094	0.02071	0.03063	0.04300	0.41627	0.19356	0.10269	0.02650	0.01396	0.00389	0.00576	0.02362	0.01237	0.01065
4	0.02099	0.01630	0.02285	0.13539	0.03368	0.01879	0.01775	0.07461	0.02345	0.03202	0.02961	0.04647	0.02769	0.16145	0.27408	0.01231	0.02179	0.01265	0.00678	0.01135
5	0.01555	0.01164	0.01442	0.01417	0.01693	0.01052	0.01046	0.02001	0.03011	0.04101	0.36534	0.15491	0.19885	0.02667	0.01387	0.00385	0.00574	0.02335	0.01209	0.01052
6	0.03109	0.59826	0.06095	0.01990	0.02985	0.04602	0.01990	0.03483	0.02363	0.02736	0.01617	0.01866	0.01493	0.00995	0.00746	0.00249	0.01244	0.00622	0.00498	0.01493
7	0.04662	0.02154	0.02752	0.02089	0.03014	0.01921	0.01718	0.10527	0.03448	0.39054	0.03954	0.03561	0.02578	0.01340	0.01119	0.00328	0.01005	0.01076	0.01283	0.12416
8	0.02545	0.02545	0.03562	0.03053	0.03053	0.03562	0.02545	0.02799	0.01781	0.02799	0.01527	0.02545	0.01527	0.02036	0.03817	0.00509	0.56997	0.01018	0.00509	0.01272
9	0.01918	0.01228	0.01542	0.01504	0.01822	0.01099	0.01111	0.02309	0.02878	0.09154	0.25667	0.21423	0.18484	0.02728	0.01379	0.00398	0.00639	0.02388	0.01201	0.01129
10	0.01509	0.01078	0.01455	0.01724	0.01832	0.01024	0.01239	0.01778	0.02317	0.03071	0.06360	0.49309	0.07492	0.03557	0.01509	0.00485	0.00754	0.11462	0.01078	0.00970
11	0.03156	0.01759	0.01948	0.01682	0.02219	0.01814	0.01328	0.09518	0.10678	0.14107	0.03974	0.04070	0.02928	0.01413	0.00986	0.00318	0.00782	0.01133	0.34696	0.01491
12	0.03354	0.02536	0.02747	0.02372	0.03092	0.02848	0.01873	0.11450	0.38796	0.10664	0.04470	0.04098	0.03273	0.01539	0.01179	0.00385	0.00974	0.01264	0.01210	0.01874
13	0.02412	0.02067	0.02412	0.01723	0.02756	0.01550	0.01378	0.02929	0.02412	0.03790	0.02067	0.02412	0.01723	0.00861	0.00861	0.00172	0.00861	0.00689	0.00689	0.66236
14	0.04663	0.01981	0.02570	0.02005	0.02843	0.01771	0.01645	0.08602	0.03417	0.42674	0.05359	0.04786	0.08989	0.01628	0.01195	0.00363	0.00962	0.01323	0.01371	0.01852
15	0.01501	0.01196	0.01354	0.01350	0.01695	0.01048	0.01036	0.01895	0.02849	0.03637	0.23363	0.10595	0.35121	0.02795	0.01394	0.00397	0.00619	0.05988	0.01140	0.01025
16	0.19164	0.02040	0.02477	0.01948	0.02807	0.01911	0.01608	0.05163	0.03026	0.42023	0.03922	0.03494	0.02515	0.01359	0.01069	0.00360	0.00969	0.01048	0.01278	0.01818
17	0.03109	0.59826	0.06095	0.01990	0.02985	0.04602	0.01990	0.03483	0.02363	0.02736	0.01617	0.01866	0.01493	0.00995	0.00746	0.00249	0.01244	0.00622	0.00498	0.01493
18	0.01478	0.01150	0.01343	0.01362	0.01652	0.01015	0.00996	0.01845	0.02796	0.03645	0.24657	0.19252	0.28889	0.02878	0.01394	0.00398	0.00591	0.02492	0.01150	0.01015
19	0.03109	0.59826	0.06095	0.01990	0.02985	0.04602	0.01990	0.03483	0.02363	0.02736	0.01617	0.01866	0.01493	0.00995	0.00746	0.00249	0.01244	0.00622	0.00498	0.01493
20	0.59313	0.02669	0.01912	0.01716	0.02421	0.09217	0.01385	0.03575	0.02147	0.04916	0.01642	0.01916	0.01290	0.01095	0.00762	0.00352	0.01052	0.00645	0.00704	0.01271
21	0.03109	0.59826	0.06095	0.01990	0.02985	0.04602	0.01990	0.03483	0.02363	0.02736	0.01617	0.01866	0.01493	0.00995	0.00746	0.00249	0.01244	0.00622	0.00498	0.01493
22	0.67341	0.02249	0.01709	0.01529	0.02249	0.02609	0.01260	0.03419	0.01979	0.05218	0.01619	0.01889	0.01260	0.01080	0.00720	0.00360	0.00900	0.00630	0.00720	0.01260
23	0.03026	0.02736	0.09204	0.18826	0.05095	0.02697	0.08409	0.03688	0.02474	0.13930	0.02518	0.03081	0.01852	0.01414	0.01853	0.00411	0.15463	0.01083	0.00722	0.01518
24	0.02925	0.21956	0.13510	0.02837	0.09430	0.02888	0.02425	0.03531	0.02528	0.09453	0.02751	0.08911	0.02444	0.01366	0.01017	0.00315	0.01213	0.01104	0.00712	0.08685
25	0.02413	0.11567	0.48251	0.03178	0.04822	0.02897	0.04059	0.03663	0.02446	0.03586	0.02039	0.02395	0.01475	0.01094	0.01068	0.00356	0.01670	0.00835	0.00492	0.01695
26	0.01408	0.01047	0.01313	0.01526	0.01662	0.00953	0.01038	0.01630	0.02317	0.03006	0.07547	0.48382	0.16944	0.03496	0.01461	0.00455	0.00657	0.03126	0.01080	0.00953
27	0.01588	0.01187	0.01474	0.01402	0.01702	0.01073	0.01052	0.02082	0.03155	0.04338	0.42817	0.09223	0.19617	0.02499	0.01372	0.00372	0.00557	0.02178	0.01237	0.01073
28	0.01827	0.01166	0.01479	0.01534	0.01749	0.01068	0.01072	0.02106	0.02520	0.07677	0.15158	0.32293	0.12967	0.09482	0.01930	0.00507	0.00720	0.02594	0.01107	0.01043
29	0.04765	0.02123	0.02729	0.02117	0.02966	0.01973	0.01739	0.12457	0.03684	0.40777	0.08461	0.04186	0.03452	0.01516	0.01187	0.00359	0.00999	0.01233	0.01379	0.01900
30	0.02094	0.01288	0.01698	0.01539	0.01892	0.01174	0.01174	0.02630	0.03297	0.10680	0.45409	0.08095	0.09960	0.02260	0.01346	0.00365	0.00604	0.01986	0.01300	0.01208
31	0.04421	0.03258	0.03490	0.02676	0.03607	0.03607	0.02211	0.47993	0.05468	0.07330	0.02792	0.02792	0.01978	0.01396	0.01163	0.00349	0.01280	0.01047	0.01163	0.01978
32	0.01661	0.01246	0.01869	0.01869	0.02077	0.01454	0.01454	0.02077	0.01869	0.02700	0.03115	0.04569	0.02908	0.08723	0.54517	0.01869	0.03115	0.01246	0.00623	0.01038
33	0.01685	0.01154	0.01403	0.01403	0.01450	0.01201	0.00873	0.01778	0.01731	0.02355	0.03541	0.06928	0.03932	0.47811	0.16829	0.01294	0.01574	0.01591	0.00686	0.00780
34	0.01681	0.01170	0.01481	0.01481	0.01555	0.01243	0.00970	0.01828	0.01754	0.02412	0.03470	0.06535	0.03761	0.41291	0.23116	0.01390	0.01831	0.01534	0.00676	0.00823
35	0.03109	0.59826	0.06095	0.01990	0.02985	0.04602	0.01990	0.03483	0.02363	0.02736	0.01617	0.01866	0.01493	0.00995	0.00746	0.00249	0.01244	0.00622	0.00498	0.01493
36	0.02708	0.09448	0.10190	0.22053	0.13540	0.02844	0.02939	0.08162	0.02758	0.03760	0.02119	0.02718	0.01653	0.01102	0.01068	0.00331	0.01391	0.00923	0.00614	0.09678
37	0.03079	0.21365	0.22985	0.02935	0.04202	0.03504	0.07604	0.13574	0.03134	0.04220	0.02131	0.02423	0.01622	0.01124	0.01037	0.00330	0.01502	0.00883	0.00654	0.01693
38	0.01726	0.01338	0.02005	0.08719	0.02757	0.01518	0.01600	0.02217	0.02247	0.03175	0.13789	0.05306	0.04545	0.06335	0.35787	0.01343	0.02340	0.01411	0.00757	0.01084
39	0.01907	0.02093	0.08770	0.08168	0.03217	0.01979	0.02136	0.02463	0.01984	0.02866	0.02687	0.03906	0.02417	0.06155	0.36037	0.01359	0.08947	0.01147	0.00581	0.01180
40	0.02574	0.31575	0.18179	0.02199	0.03174	0.03290	0.02348	0.03137	0.02238	0.02894	0.02208	0.03321	0.02101	0.14075	0.02008	0.00480	0.01351	0.00929	0.00542	0.01379
41	0.02992	0.31431	0.10038	0.02788	0.08190	0.12100	0.02333	0.03471	0.02542	0.02998	0.02369	0.09275	0.02318	0.01383	0.00972	0.00309	0.01381	0.01054	0.00596	0.01459
42	0.02809	0.15945	0.13138	0.02211	0.03355	0.02719	0.02184	0.08942	0.02799	0.03984	0.02062	0.02346	0.01656	0.01006	0.00921	0.00250	0.01166	0.00752	0.00668	0.31087

[dist]
# distance from previous block
# <min> <max>
0	8

[block]
# block no. 6 follows, 10 sequences, length 19
# corresponding to MSA columns:
# 880,881,883-899
name=unknown_G
#
# <colnr> <probs for GDERKNQSTAVLIFYWHMCP>
#	G	D	E	R	K	N	Q	S	T	A	V	L	I	F	Y	W	H	M	C	P
0	0.08103	0.32042	0.10084	0.02966	0.10132	0.08059	0.02443	0.07651	0.02744	0.03602	0.01869	0.02176	0.01567	0.01072	0.00902	0.00297	0.01362	0.00755	0.00594	0.01580
1	0.01495	0.01154	0.01364	0.01372	0.01660	0.01024	0.01006	0.01879	0.02846	0.03746	0.27301	0.18173	0.27139	0.02828	0.01392	0.00395	0.00587	0.02453	0.01163	0.01024
2	0.02918	0.46546	0.17695	0.02317	0.03491	0.04133	0.02559	0.03532	0.02386	0.02970	0.01733	0.02011	0.01488	0.01022	0.00835	0.00278	0.01361	0.00681	0.00496	0.01548
3	0.02227	0.01505	0.01781	0.01523	0.02105	0.01245	0.01176	0.02635	0.02761	0.10518	0.14524	0.11118	0.21875	0.02163	0.01224	0.00334	0.00714	0.01832	0.01065	0.17674
4	0.19629	0.03610	0.15463	0.03200	0.10725	0.03006	0.02685	0.19214	0.03425	0.05375	0.02232	0.02493	0.01651	0.01191	0.01035	0.00356	0.01307	0.00893	0.00798	0.01712
5	0.02845	0.02857	0.05256	0.06580	0.40430	0.02808	0.14582	0.03608	0.02672	0.03781	0.02229	0.02943	0.01823	0.01022	0.01207	0.00357	0.01526	0.01120	0.00579	0.01774
6	0.01661	0.01246	0.01869	0.01869	0.02077	0.01454	0.01454	0.02077	0.01869	0.02700	0.03115	0.04569	0.02908	0.08723	0.54517	0.01869	0.03115	0.01246	0.00623	0.01038
7	0.02494	0.01345	0.01794	0.01656	0.02037	0.01214	0.01248	0.02932	0.03036	0.16408	0.28255	0.19870	0.08105	0.02455	0.01349	0.00391	0.00692	0.02167	0.01271	0.01283
8	0.05218	0.01979	0.02699	0.02069	0.02969	0.01709	0.01709	0.05668	0.03329	0.52677	0.04588	0.03959	0.02879	0.01439	0.01170	0.00360	0.00990	0.01170	0.01439	0.01979
9	0.19327	0.02481	0.02494	0.02134	0.02833	0.02802	0.01705	0.15346	0.21815	0.05539	0.08522	0.03815	0.03393	0.01495	0.01082	0.00371	0.00963	0.01162	0.01073	0.01648
10	0.58190	0.02209	0.01855	0.01609	0.02355	0.02477	0.01326	0.03750	0.02178	0.12210	0.02057	0.02194	0.01498	0.01133	0.00786	0.00360	0.00913	0.00709	0.00826	0.01366
11	0.01524	0.01159	0.01403	0.01394	0.01676	0.01037	0.01026	0.01940	0.02928	0.03921	0.31869	0.16817	0.23579	0.02748	0.01389	0.00390	0.00580	0.02394	0.01186	0.01037
12	0.01619	0.01198	0.01569	0.01503	0.01779	0.01147	0.01136	0.02117	0.02975	0.04157	0.38585	0.08242	0.13955	0.03545	0.10633	0.00631	0.01000	0.01992	0.01144	0.01075
13	0.01980	0.01245	0.01643	0.01547	0.01857	0.01139	0.01158	0.02470	0.03146	0.09349	0.40162	0.15192	0.09682	0.02460	0.01367	0.00380	0.00612	0.02177	0.01268	0.01166
14	0.01849	0.01163	0.01517	0.01583	0.01737	0.01123	0.01082	0.02077	0.02244	0.07065	0.09295	0.30938	0.06214	0.17603	0.08298	0.00767	0.01066	0.02396	0.00986	0.00996
15	0.03518	0.41891	0.05170	0.02322	0.03187	0.21074	0.02075	0.03866	0.02671	0.02773	0.01677	0.01942	0.01494	0.01062	0.00846	0.00266	0.01526	0.00664	0.00531	0.01445
16	0.11673	0.01629	0.01770	0.01738	0.02105	0.01682	0.01286	0.10382	0.02843	0.04123	0.05798	0.33235	0.11848	0.02756	0.01298	0.00422	0.00807	0.02379	0.01042	0.01185
17	0.02998	0.03874	0.20187	0.15120	0.09295	0.08246	0.03229	0.03809	0.02589	0.10248	0.02355	0.02818	0.01730	0.01264	0.01403	0.00376	0.07258	0.00962	0.00651	0.01587
18	0.03005	0.17363	0.03783	0.13749	0.04147	0.10516	0.02229	0.04603	0.21205	0.03642	0.02968	0.03136	0.02318	0.01289	0.01049	0.00343	0.01301	0.01000	0.00787	0.01567

[dist]
# distance from previous block
# <min> <max>
0	1

[block]
# block no. 7 follows, 10 sequences, length 12
# corresponding to MSA columns:
# 901-912
name=unknown_H
#
# <colnr> <probs for GDERKNQSTAVLIFYWHMCP>
#	G	D	E	R	K	N	Q	S	T	A	V	L	I	F	Y	W	H	M	C	P
0	0.01849	0.01591	0.02614	0.14069	0.07620	0.01683	0.05632	0.02309	0.02274	0.03062	0.04328	0.29727	0.04724	0.03404	0.08953	0.00637	0.01375	0.02179	0.00812	0.01158
1	0.03201	0.03490	0.13934	0.10591	0.04614	0.03064	0.06484	0.19686	0.13658	0.05119	0.02921	0.03126	0.02131	0.01307	0.01173	0.00372	0.01390	0.01090	0.00887	0.01763
2	0.01848	0.01767	0.05882	0.01798	0.02240	0.01480	0.01526	0.02779	0.09480	0.04119	0.26134	0.12864	0.13690	0.02449	0.01362	0.00403	0.00775	0.07050	0.01133	0.01220
3	0.02797	0.02680	0.04574	0.13010	0.46636	0.02742	0.03529	0.03498	0.02610	0.03701	0.02173	0.02905	0.01807	0.01051	0.01153	0.00350	0.01402	0.01036	0.00569	0.01777
4	0.02299	0.01806	0.02024	0.09417	0.02744	0.08856	0.01507	0.02180	0.01975	0.02394	0.02564	0.10377	0.02615	0.03180	0.03176	0.39028	0.01198	0.01274	0.00595	0.00793
5	0.03634	0.02739	0.03867	0.07365	0.04147	0.02943	0.10668	0.22748	0.03916	0.11553	0.06726	0.03492	0.02714	0.01442	0.01457	0.00377	0.06305	0.01206	0.00990	0.01710
6	0.02285	0.02199	0.03737	0.02915	0.03627	0.02154	0.18860	0.03532	0.12690	0.04137	0.17494	0.06028	0.11597	0.01761	0.01333	0.00386	0.01167	0.01711	0.00970	0.01415
7	0.02797	0.02264	0.02980	0.02559	0.02826	0.02847	0.02099	0.03478	0.08343	0.10101	0.03836	0.04210	0.09101	0.02023	0.02756	0.00457	0.33828	0.01283	0.00808	0.01404
8	0.01417	0.01012	0.01350	0.01619	0.01687	0.00945	0.01080	0.01619	0.02227	0.02969	0.06410	0.58367	0.07692	0.03644	0.01484	0.00472	0.00675	0.03306	0.01080	0.00945
9	0.03109	0.59826	0.06095	0.01990	0.02985	0.04602	0.01990	0.03483	0.02363	0.02736	0.01617	0.01866	0.01493	0.00995	0.00746	0.00249	0.01244	0.00622	0.00498	0.01493
10	0.01754	0.01984	0.08859	0.02277	0.02743	0.01474	0.08021	0.02264	0.02481	0.03410	0.11687	0.36289	0.06525	0.02761	0.01404	0.00432	0.00972	0.02547	0.00963	0.01154
11	0.04421	0.03258	0.03490	0.02676	0.03607	0.03607	0.02211	0.47993	0.05468	0.07330	0.02792	0.02792	0.01978	0.01396	0.01163	0.00349	0.01280	0.01047	0.01163	0.01978

[dist]
# distance from previous block
# <min> <max>
0	7

[block]
# block no. 8 follows, 10 sequences, length 34
# corresponding to MSA columns:
# 920-953
name=unknown_I
#
# <colnr> <probs for GDERKNQSTAVLIFYWHMCP>
#	G	D	E	R	K	N	Q	S	T	A	V	L	I	F	Y	W	H	M	C	P
0	0.13792	0.02017	0.02562	0.01995	0.02870	0.01834	0.01647	0.05358	0.03143	0.46126	0.04179	0.03673	0.02655	0.01390	0.01108	0.00360	0.00977	0.01095	0.01340	0.01880
1	0.01878	0.01576	0.02500	0.24060	0.04466	0.01881	0.02145	0.02453	0.02191	0.02998	0.07274	0.04362	0.03122	0.05033	0.27676	0.01121	0.02232	0.01241	0.00642	0.01148
2	0.04147	0.01899	0.02427	0.01975	0.02728	0.01726	0.01625	0.08685	0.03351	0.34968	0.05846	0.05986	0.11807	0.01868	0.01246	0.00381	0.00953	0.05350	0.01315	0.01717
3	0.01774	0.01413	0.02261	0.02068	0.02336	0.01546	0.05894	0.02175	0.01926	0.02726	0.03133	0.04942	0.03018	0.16475	0.41050	0.01598	0.02665	0.01334	0.00633	0.01034
4	0.13330	0.02758	0.03022	0.02347	0.03240	0.02934	0.01938	0.29914	0.04384	0.19817	0.03137	0.02996	0.02133	0.01365	0.01104	0.00354	0.01146	0.01024	0.01180	0.01879
5	0.03877	0.02789	0.03716	0.02763	0.03751	0.02773	0.09642	0.24571	0.04049	0.13620	0.02876	0.02971	0.02043	0.01228	0.01140	0.00323	0.01264	0.01052	0.01019	0.14530
6	0.02412	0.02067	0.02412	0.01723	0.02756	0.01550	0.01378	0.02929	0.02412	0.03790	0.02067	0.02412	0.01723	0.00861	0.00861	0.00172	0.00861	0.00689	0.00689	0.66236
7	0.02893	0.02498	0.02630	0.02367	0.03024	0.02893	0.01841	0.06180	0.49770	0.04865	0.04734	0.04339	0.03550	0.01578	0.01183	0.00394	0.00920	0.01315	0.01183	0.01841
8	0.01477	0.01058	0.01403	0.01579	0.01700	0.00985	0.01084	0.01770	0.02505	0.03412	0.18134	0.45380	0.08550	0.03313	0.01455	0.00444	0.00642	0.02992	0.01132	0.00985
9	0.02722	0.01406	0.01877	0.01679	0.02113	0.01263	0.01285	0.03181	0.03124	0.19355	0.29119	0.15608	0.07894	0.02299	0.01328	0.00382	0.00708	0.02015	0.01296	0.01347
10	0.03109	0.59826	0.06095	0.01990	0.02985	0.04602	0.01990	0.03483	0.02363	0.02736	0.01617	0.01866	0.01493	0.00995	0.00746	0.00249	0.01244	0.00622	0.00498	0.01493
11	0.01472	0.01155	0.01332	0.01345	0.01645	0.01014	0.00987	0.01837	0.02797	0.03623	0.24117	0.17969	0.30825	0.02868	0.01391	0.00397	0.00589	0.02475	0.01147	0.01014
12	0.03434	0.45553	0.05359	0.02255	0.03146	0.17711	0.02058	0.03788	0.02608	0.02765	0.01664	0.01927	0.01494	0.01049	0.00826	0.00262	0.01468	0.00655	0.00524	0.01455
13	0.39911	0.02290	0.02670	0.16388	0.12098	0.02629	0.02150	0.03331	0.02180	0.04408	0.01829	0.02364	0.01432	0.01093	0.00905	0.00364	0.01146	0.00801	0.00644	0.01366
14	0.03280	0.52334	0.05708	0.02129	0.03069	0.11483	0.02026	0.03643	0.02492	0.02752	0.01642	0.01898	0.01493	0.01023	0.00788	0.00256	0.01362	0.00639	0.00512	0.01473
15	0.56708	0.02420	0.02010	0.01723	0.02479	0.02778	0.01420	0.10952	0.02569	0.05575	0.01818	0.02042	0.01381	0.01133	0.00795	0.00358	0.00964	0.00700	0.00795	0.01381
16	0.02550	0.02355	0.03708	0.21633	0.24937	0.02607	0.02973	0.03681	0.10436	0.03612	0.02665	0.03353	0.02136	0.01879	0.06093	0.00508	0.01518	0.01102	0.00664	0.01591
17	0.01986	0.01831	0.01763	0.01936	0.02126	0.10052	0.01405	0.02258	0.02480	0.03031	0.05590	0.41554	0.06484	0.03161	0.01431	0.00453	0.00979	0.09449	0.00997	0.01033
18	0.02582	0.23286	0.38014	0.02890	0.04376	0.03311	0.03557	0.03619	0.02426	0.03379	0.01936	0.02266	0.01479	0.01070	0.00990	0.00330	0.01566	0.00783	0.00493	0.01646
19	0.01447	0.01153	0.01297	0.01321	0.01630	0.01003	0.00968	0.01786	0.02733	0.03477	0.20314	0.18566	0.34346	0.02928	0.01392	0.00400	0.00594	0.02515	0.01128	0.01003
20	0.02376	0.01367	0.01689	0.01505	0.01964	0.01199	0.01165	0.02815	0.03081	0.15206	0.26965	0.08457	0.22972	0.02356	0.01326	0.00374	0.00664	0.02009	0.01248	0.01261
21	0.01545	0.01139	0.01416	0.01491	0.01699	0.01050	0.01075	0.01883	0.02636	0.03515	0.21438	0.24626	0.17065	0.08353	0.01859	0.00490	0.00693	0.05931	0.01107	0.00988
22	0.56843	0.02204	0.01877	0.01621	0.02371	0.02457	0.01336	0.03799	0.02207	0.13239	0.02121	0.02239	0.01533	0.01140	0.00796	0.00360	0.00915	0.00721	0.00841	0.01381
23	0.02893	0.02498	0.02630	0.02367	0.03024	0.02893	0.01841	0.06180	0.49770	0.04865	0.04734	0.04339	0.03550	0.01578	0.01183	0.00394	0.00920	0.01315	0.01183	0.01841
24	0.03754	0.03003	0.03083	0.02515	0.03240	0.08120	0.02033	0.32725	0.04393	0.05779	0.02771	0.03149	0.02153	0.03129	0.13913	0.00708	0.01800	0.01065	0.00978	0.01691
25	0.11359	0.01685	0.01977	0.01907	0.02368	0.01750	0.01559	0.03458	0.10770	0.09247	0.17188	0.07974	0.06171	0.02239	0.01306	0.00424	0.00874	0.15282	0.01135	0.01326
26	0.67341	0.02249	0.01709	0.01529	0.02249	0.02609	0.01260	0.03419	0.01979	0.05218	0.01619	0.01889	0.01260	0.01080	0.00720	0.00360	0.00900	0.00630	0.00720	0.01260
27	0.11196	0.02035	0.01701	0.01616	0.01845	0.10342	0.01082	0.02480	0.02164	0.03008	0.07881	0.05998	0.04039	0.35585	0.03919	0.00805	0.01201	0.01427	0.00747	0.00930
28	0.01510	0.01084	0.01433	0.01556	0.01707	0.01007	0.01087	0.01853	0.02659	0.03657	0.24613	0.38203	0.09024	0.03130	0.01439	0.00429	0.00624	0.02818	0.01161	0.01007
29	0.01873	0.01557	0.02274	0.02152	0.02310	0.01958	0.01715	0.02250	0.01848	0.02724	0.02735	0.04085	0.02577	0.07123	0.42391	0.01544	0.16002	0.01192	0.00596	0.01094
30	0.01646	0.01189	0.01555	0.01463	0.01738	0.01097	0.01097	0.02195	0.03292	0.04664	0.51257	0.08688	0.10974	0.02378	0.01372	0.00366	0.00549	0.02103	0.01280	0.01097
31	0.01472	0.01054	0.01399	0.01582	0.01699	0.00981	0.01084	0.01757	0.02482	0.03374	0.17136	0.46485	0.08477	0.03341	0.01458	0.00447	0.00645	0.03019	0.01128	0.00981
32	0.03279	0.35543	0.04907	0.11605	0.04011	0.17430	0.02271	0.03702	0.02603	0.02806	0.01742	0.02139	0.01504	0.01078	0.00898	0.00286	0.01522	0.00726	0.00528	0.01420
33	0.29564	0.02234	0.02405	0.02036	0.02584	0.02607	0.01678	0.06937	0.02475	0.13002	0.02419	0.02720	0.01832	0.01426	0.01594	0.00386	0.14540	0.00895	0.07241	0.01425

[dist]
# distance from previous block
# <min> <max>
0	3

[block]
# block no. 9 follows, 10 sequences, length 96
# corresponding to MSA columns:
# 957-1052
name=unknown_J
#
# <colnr> <probs for GDERKNQSTAVLIFYWHMCP>
#	G	D	E	R	K	N	Q	S	T	A	V	L	I	F	Y	W	H	M	C	P
0	0.03159	0.13363	0.14216	0.03049	0.08466	0.08131	0.02613	0.13753	0.08096	0.04328	0.02818	0.07762	0.02415	0.01436	0.01099	0.00347	0.01363	0.01140	0.00788	0.01657
1	0.60212	0.02622	0.01889	0.01695	0.02402	0.08476	0.01371	0.03557	0.02128	0.04950	0.01640	0.01913	0.01287	0.01093	0.00757	0.00353	0.01035	0.00643	0.00706	0.01270
2	0.09530	0.08582	0.03773	0.08801	0.14417	0.08837	0.06487	0.03882	0.10589	0.03740	0.02873	0.08277	0.02531	0.01409	0.01113	0.00361	0.01324	0.01217	0.00733	0.01522
3	0.03398	0.02600	0.02652	0.02175	0.02994	0.08062	0.01715	0.04889	0.20010	0.14388	0.03543	0.03407	0.02609	0.01283	0.01065	0.00307	0.01050	0.01026	0.01018	0.21809
4	0.01881	0.01588	0.02465	0.12287	0.03475	0.01569	0.05882	0.02394	0.02562	0.03510	0.13641	0.23057	0.05885	0.02328	0.01330	0.00399	0.00986	0.05343	0.00923	0.08497
