[name]
unknown

[dist]
# distance from previous block
# <min> <max>
0	878

[block]
# block no. 0 follows, 12 sequences, length 12
# corresponding to MSA columns:
# 1310-1321
name=unknown_A
#
# <colnr> <probs for GDERKNQSTAVLIFYWHMCP>
#	G	D	E	R	K	N	Q	S	T	A	V	L	I	F	Y	W	H	M	C	P
0	0.02033	0.01016	0.01016	0.01016	0.01270	0.01016	0.00762	0.02541	0.02287	0.04065	0.03557	0.04065	0.02795	0.01270	0.00762	0.00254	0.00508	0.01016	0.67734	0.01016
1	0.02957	0.02287	0.02473	0.02188	0.02829	0.02587	0.01712	0.05740	0.47312	0.10303	0.04423	0.04028	0.03258	0.01465	0.01108	0.00366	0.00870	0.01217	0.01136	0.01740
2	0.04892	0.01856	0.02530	0.01940	0.02783	0.01603	0.01603	0.05314	0.03121	0.55634	0.04302	0.03711	0.02699	0.01350	0.01096	0.00337	0.00928	0.01096	0.01350	0.01856
3	0.02953	0.02462	0.02601	0.02268	0.02927	0.02824	0.01784	0.13423	0.44889	0.04949	0.04132	0.03825	0.03081	0.01451	0.01106	0.00363	0.00919	0.01191	0.01106	0.01747
4	0.02630	0.01332	0.01781	0.01592	0.02009	0.01194	0.01219	0.03050	0.02903	0.21337	0.28017	0.16972	0.07130	0.02165	0.01243	0.00361	0.00677	0.01897	0.01214	0.01279
5	0.01588	0.01144	0.01520	0.01504	0.01760	0.01076	0.01180	0.02099	0.02967	0.04142	0.44218	0.09008	0.09454	0.02392	0.01332	0.00376	0.00616	0.11442	0.01159	0.01024
6	0.01377	0.00984	0.01321	0.01574	0.01658	0.00927	0.01096	0.01602	0.02135	0.02838	0.05983	0.55461	0.07106	0.03370	0.01405	0.00450	0.00675	0.08129	0.01011	0.00899
7	0.02612	0.01473	0.01934	0.01805	0.02251	0.01414	0.01479	0.03343	0.07665	0.17659	0.20858	0.07897	0.06334	0.02172	0.01289	0.00395	0.00813	0.16133	0.01169	0.01307
8	0.02014	0.02047	0.12552	0.02042	0.02458	0.01423	0.06144	0.02008	0.01699	0.02346	0.01935	0.03082	0.01772	0.02986	0.03358	0.48759	0.01159	0.00951	0.00478	0.00788
9	0.02836	0.02293	0.03351	0.25793	0.14156	0.02568	0.02615	0.12108	0.02826	0.08074	0.02239	0.02794	0.01690	0.01176	0.01268	0.00342	0.05953	0.00958	0.00689	0.06271
10	0.02813	0.26572	0.13889	0.02404	0.03353	0.12232	0.06667	0.03397	0.02422	0.03046	0.01914	0.02255	0.01569	0.01006	0.00877	0.00271	0.01355	0.00755	0.06919	0.06284
11	0.10010	0.02309	0.07108	0.10106	0.03467	0.01912	0.01831	0.03314	0.06316	0.07836	0.02281	0.02563	0.01746	0.00988	0.00901	0.00257	0.00990	0.00783	0.00703	0.34578

[dist]
# distance from previous block
# <min> <max>
0	1

[block]
# block no. 1 follows, 12 sequences, length 21
# corresponding to MSA columns:
# 1323-1343
name=unknown_B
#
# <colnr> <probs for GDERKNQSTAVLIFYWHMCP>
#	G	D	E	R	K	N	Q	S	T	A	V	L	I	F	Y	W	H	M	C	P
0	0.02722	0.08078	0.16687	0.03441	0.09406	0.08873	0.12855	0.04141	0.15533	0.03605	0.02597	0.02856	0.01982	0.01121	0.01081	0.00339	0.01439	0.01007	0.00667	0.01569
1	0.62016	0.02215	0.01791	0.01555	0.02252	0.02552	0.01282	0.08630	0.02225	0.05116	0.01642	0.01867	0.01257	0.01046	0.00722	0.00336	0.00884	0.00635	0.00722	0.01257
2	0.26033	0.06087	0.02712	0.02420	0.08351	0.02655	0.01768	0.12660	0.02722	0.07695	0.02959	0.03147	0.07099	0.01367	0.01223	0.00346	0.07604	0.00962	0.00784	0.01406
3	0.01507	0.01011	0.01338	0.01422	0.01527	0.00957	0.00968	0.01674	0.02233	0.03055	0.19708	0.30273	0.06978	0.09692	0.02259	0.10649	0.00692	0.02265	0.00949	0.00842
4	0.01735	0.01137	0.01475	0.05196	0.02015	0.01181	0.01227	0.02125	0.02143	0.03164	0.04275	0.16730	0.04377	0.09635	0.08778	0.00628	0.01063	0.11100	0.21062	0.00957
5	0.01775	0.01109	0.01436	0.01482	0.01715	0.01005	0.01061	0.02082	0.02499	0.09095	0.18525	0.35608	0.12814	0.02813	0.01321	0.00398	0.00627	0.02503	0.01097	0.01034
6	0.02574	0.02941	0.06434	0.04596	0.05699	0.02757	0.50919	0.03493	0.02574	0.03493	0.02206	0.02941	0.01654	0.00919	0.01287	0.00368	0.01838	0.01287	0.00551	0.01471
7	0.04260	0.02151	0.02626	0.02092	0.02885	0.02134	0.01702	0.12312	0.15298	0.36143	0.04082	0.03632	0.02723	0.01374	0.01099	0.00344	0.00953	0.01112	0.01253	0.01824
8	0.11657	0.01882	0.02433	0.01887	0.02713	0.01691	0.01558	0.05093	0.02988	0.50312	0.04010	0.03508	0.02540	0.01314	0.01052	0.00337	0.00919	0.01043	0.01279	0.01785
9	0.04073	0.05197	0.03090	0.02809	0.03371	0.57303	0.02107	0.04354	0.03090	0.02669	0.01685	0.01966	0.01404	0.01124	0.00983	0.00281	0.01966	0.00702	0.00562	0.01264
10	0.01969	0.01209	0.01594	0.01444	0.01776	0.01102	0.01102	0.02471	0.03091	0.10883	0.47953	0.07582	0.09324	0.02117	0.01262	0.00342	0.00567	0.01861	0.01219	0.01134
11	0.69383	0.02109	0.01603	0.01434	0.02109	0.02446	0.01181	0.03205	0.01856	0.04892	0.01518	0.01771	0.01181	0.01012	0.00675	0.00337	0.00843	0.00590	0.00675	0.01181
12	0.02915	0.62337	0.05714	0.01866	0.02799	0.04314	0.01866	0.03265	0.02215	0.02565	0.01516	0.01749	0.01399	0.00933	0.00700	0.00233	0.01166	0.00583	0.00466	0.01399
13	0.03877	0.02795	0.02986	0.02319	0.03113	0.03081	0.01906	0.45058	0.04766	0.06515	0.02737	0.02802	0.01974	0.01304	0.01049	0.00318	0.01112	0.00986	0.09555	0.01748
14	0.03920	0.02656	0.03049	0.02410	0.03139	0.02952	0.01982	0.31164	0.09301	0.15790	0.02993	0.02958	0.02123	0.01411	0.01410	0.00353	0.08539	0.01027	0.01066	0.01757
15	0.03708	0.01571	0.02084	0.01690	0.02316	0.01389	0.01361	0.04163	0.03019	0.36641	0.17136	0.04896	0.04670	0.01568	0.01108	0.00330	0.00774	0.01314	0.08714	0.01548
16	0.02737	0.01371	0.01809	0.01640	0.02073	0.01248	0.01271	0.03093	0.02630	0.22546	0.12280	0.15580	0.10706	0.06425	0.05537	0.00519	0.00935	0.05224	0.01110	0.01269
17	0.01887	0.01104	0.01383	0.01398	0.01540	0.01042	0.00922	0.01966	0.01967	0.08409	0.04745	0.23858	0.08276	0.25867	0.03271	0.07780	0.00858	0.02001	0.00857	0.00867
18	0.26815	0.01533	0.01507	0.01374	0.01853	0.01569	0.01080	0.02601	0.02495	0.07906	0.21215	0.06012	0.16567	0.01839	0.01047	0.00346	0.00674	0.01474	0.00973	0.01119
19	0.02932	0.27262	0.04371	0.17348	0.09950	0.11509	0.02382	0.06765	0.02577	0.03059	0.01789	0.02249	0.01483	0.01033	0.00913	0.00291	0.01377	0.00772	0.00538	0.01400
20	0.02320	0.01424	0.01770	0.01518	0.02022	0.01211	0.01151	0.02698	0.02583	0.13831	0.16878	0.13458	0.10794	0.06428	0.01474	0.00370	0.00726	0.01657	0.01014	0.16672

[dist]
# distance from previous block
# <min> <max>
6	11

[block]
# block no. 2 follows, 12 sequences, length 11
# corresponding to MSA columns:
# 1355-1365
name=unknown_C
#
# <colnr> <probs for GDERKNQSTAVLIFYWHMCP>
#	G	D	E	R	K	N	Q	S	T	A	V	L	I	F	Y	W	H	M	C	P
0	0.02032	0.02333	0.11791	0.08102	0.11926	0.01871	0.06187	0.02540	0.02093	0.02948	0.05479	0.03778	0.02570	0.07907	0.13557	0.10395	0.01627	0.01117	0.00572	0.01176
1	0.01359	0.00973	0.01293	0.01497	0.01588	0.00906	0.01015	0.01595	0.02230	0.03010	0.12906	0.53426	0.07651	0.03246	0.01377	0.00429	0.00616	0.02939	0.01039	0.00906
2	0.02952	0.02461	0.02601	0.02267	0.02927	0.02824	0.01784	0.13400	0.44913	0.04948	0.04133	0.03825	0.03082	0.01451	0.01106	0.00363	0.00919	0.01191	0.01106	0.01747
3	0.08611	0.03528	0.23790	0.02718	0.07705	0.02256	0.02624	0.03761	0.09561	0.08012	0.02466	0.02645	0.01825	0.01070	0.00975	0.00308	0.01188	0.00851	0.00690	0.15416
4	0.02601	0.37896	0.27405	0.02401	0.03626	0.03546	0.02798	0.03346	0.02253	0.02948	0.01706	0.01987	0.01391	0.00977	0.00845	0.00282	0.01358	0.00679	0.00464	0.01491
5	0.02385	0.02385	0.03340	0.02863	0.02863	0.03340	0.02385	0.02624	0.01670	0.02624	0.01431	0.02385	0.01431	0.01908	0.03578	0.00477	0.59685	0.00954	0.00477	0.01193
6	0.02283	0.02166	0.03674	0.40755	0.24068	0.02481	0.03139	0.02982	0.02286	0.03057	0.01977	0.02834	0.01549	0.01049	0.01086	0.00350	0.01398	0.00970	0.00504	0.01392
7	0.01432	0.01079	0.01352	0.01373	0.01608	0.00999	0.01005	0.01801	0.02587	0.03486	0.27801	0.20525	0.19874	0.03172	0.06378	0.00500	0.00768	0.02240	0.01055	0.00964
8	0.03414	0.02284	0.02814	0.13961	0.03901	0.02514	0.02036	0.14405	0.20210	0.17368	0.03513	0.03441	0.02481	0.01332	0.01098	0.00352	0.01070	0.01093	0.01036	0.01678
9	0.03752	0.03776	0.03213	0.02702	0.03270	0.25026	0.02151	0.22362	0.03594	0.04306	0.01998	0.02308	0.01586	0.01358	0.01562	0.00340	0.13599	0.00864	0.00751	0.01480
10	0.02999	0.03323	0.18758	0.02323	0.03448	0.02275	0.02346	0.15302	0.03081	0.10126	0.02375	0.02523	0.01724	0.01061	0.00979	0.00278	0.01161	0.00828	0.00779	0.24312

[dist]
# distance from previous block
# <min> <max>
0	1

[block]
# block no. 3 follows, 12 sequences, length 7
# corresponding to MSA columns:
# 1367-1373
name=unknown_D
#
# <colnr> <probs for GDERKNQSTAVLIFYWHMCP>
#	G	D	E	R	K	N	Q	S	T	A	V	L	I	F	Y	W	H	M	C	P
0	0.02959	0.03254	0.19627	0.14887	0.04458	0.02404	0.02733	0.13900	0.03009	0.12551	0.02819	0.07623	0.02202	0.01357	0.01099	0.00352	0.01293	0.01119	0.00795	0.01557
1	0.02187	0.05640	0.56031	0.03108	0.04719	0.02532	0.04029	0.03453	0.02302	0.03453	0.01957	0.02302	0.01381	0.01036	0.01036	0.00345	0.01611	0.00806	0.00460	0.01611
2	0.02208	0.02090	0.03540	0.46841	0.18563	0.02462	0.03102	0.02917	0.02251	0.02967	0.01964	0.02858	0.01517	0.01062	0.01088	0.00354	0.01417	0.00970	0.00497	0.01332
3	0.03049	0.10667	0.19912	0.07614	0.04415	0.08999	0.12539	0.03826	0.02577	0.12653	0.02347	0.02633	0.01686	0.01072	0.01057	0.00329	0.01510	0.00931	0.00654	0.01529
4	0.02059	0.01938	0.03270	0.59060	0.07510	0.02422	0.03028	0.02786	0.02180	0.02786	0.01938	0.02907	0.01453	0.01090	0.01090	0.00363	0.01453	0.00969	0.00484	0.01211
5	0.01328	0.00949	0.01265	0.01518	0.01581	0.00886	0.01012	0.01518	0.02088	0.02783	0.06010	0.60969	0.07212	0.03416	0.01392	0.00443	0.00633	0.03100	0.01012	0.00886
6	0.03441	0.03153	0.08405	0.07444	0.03992	0.14942	0.12247	0.04045	0.02844	0.18752	0.07249	0.03338	0.02624	0.01235	0.01120	0.00334	0.01429	0.01084	0.00833	0.01489

[dist]
# distance from previous block
# <min> <max>
5	9

[block]
# block no. 4 follows, 12 sequences, length 43
# corresponding to MSA columns:
# 1383-1425
name=unknown_E
#
# <colnr> <probs for GDERKNQSTAVLIFYWHMCP>
#	G	D	E	R	K	N	Q	S	T	A	V	L	I	F	Y	W	H	M	C	P
0	0.09914	0.08832	0.11853	0.02267	0.02976	0.23153	0.02044	0.03398	0.02747	0.03464	0.15119	0.03560	0.03642	0.01362	0.01012	0.00310	0.01347	0.01022	0.00711	0.01267
1	0.03887	0.02134	0.03001	0.16310	0.08748	0.02176	0.02182	0.11885	0.03156	0.30285	0.03255	0.03249	0.02174	0.01246	0.01092	0.00341	0.01132	0.01036	0.01025	0.01688
2	0.02330	0.02106	0.02937	0.35498	0.05572	0.02543	0.02488	0.04033	0.23209	0.03522	0.02974	0.03388	0.02231	0.01251	0.01098	0.00366	0.01209	0.01078	0.00744	0.01425
3	0.02059	0.01938	0.03270	0.59060	0.07510	0.02422	0.03028	0.02786	0.02180	0.02786	0.01938	0.02907	0.01453	0.01090	0.01090	0.00363	0.01453	0.00969	0.00484	0.01211
4	0.01328	0.00949	0.01265	0.01518	0.01581	0.00886	0.01012	0.01518	0.02088	0.02783	0.06010	0.60969	0.07212	0.03416	0.01392	0.00443	0.00633	0.03100	0.01012	0.00886
5	0.01724	0.01413	0.02071	0.01976	0.02131	0.01760	0.01568	0.02083	0.01736	0.02550	0.02621	0.03902	0.02466	0.06917	0.46549	0.01496	0.14331	0.01125	0.00563	0.01018
6	0.69383	0.02109	0.01603	0.01434	0.02109	0.02446	0.01181	0.03205	0.01856	0.04892	0.01518	0.01771	0.01181	0.01012	0.00675	0.00337	0.00843	0.00590	0.00675	0.01181
7	0.01328	0.00949	0.01265	0.01518	0.01581	0.00886	0.01012	0.01518	0.02088	0.02783	0.06010	0.60969	0.07212	0.03416	0.01392	0.00443	0.00633	0.03100	0.01012	0.00886
8	0.04379	0.03950	0.02881	0.02485	0.03152	0.36521	0.01919	0.04712	0.03101	0.22430	0.02662	0.02617	0.01887	0.01208	0.01025	0.00302	0.01579	0.00849	0.00856	0.01485
9	0.01318	0.00989	0.01224	0.01413	0.01554	0.00895	0.00965	0.01530	0.02189	0.02825	0.07294	0.48096	0.19255	0.03249	0.01365	0.00424	0.00612	0.02896	0.01012	0.00895
10	0.03782	0.02593	0.02815	0.02225	0.02985	0.02825	0.01816	0.35559	0.09613	0.10895	0.03096	0.03069	0.02216	0.01326	0.01049	0.00323	0.01046	0.01024	0.10015	0.01729
11	0.02059	0.01938	0.03270	0.59060	0.07510	0.02422	0.03028	0.02786	0.02180	0.02786	0.01938	0.02907	0.01453	0.01090	0.01090	0.00363	0.01453	0.00969	0.00484	0.01211
12	0.16779	0.01669	0.01885	0.01730	0.02267	0.01710	0.01429	0.03692	0.07834	0.17868	0.03991	0.05595	0.03378	0.01704	0.01060	0.00369	0.00854	0.12837	0.12002	0.01347
13	0.01328	0.00949	0.01265	0.01518	0.01581	0.00886	0.01012	0.01518	0.02088	0.02783	0.06010	0.60969	0.07212	0.03416	0.01392	0.00443	0.00633	0.03100	0.01012	0.00886
14	0.69383	0.02109	0.01603	0.01434	0.02109	0.02446	0.01181	0.03205	0.01856	0.04892	0.01518	0.01771	0.01181	0.01012	0.00675	0.00337	0.00843	0.00590	0.00675	0.01181
15	0.02915	0.62337	0.05714	0.01866	0.02799	0.04314	0.01866	0.03265	0.02215	0.02565	0.01516	0.01749	0.01399	0.00933	0.00700	0.00233	0.01166	0.00583	0.00466	0.01399
16	0.02870	0.02386	0.03735	0.18822	0.27905	0.02602	0.02881	0.08397	0.02676	0.08591	0.02243	0.02813	0.01738	0.01154	0.01300	0.00349	0.06325	0.00982	0.00656	0.01575
17	0.01586	0.01057	0.01189	0.01189	0.01189	0.01057	0.00661	0.01586	0.01586	0.02114	0.03436	0.07135	0.03964	0.61681	0.05550	0.01057	0.01057	0.01586	0.00661	0.00661
18	0.01328	0.00949	0.01265	0.01518	0.01581	0.00886	0.01012	0.01518	0.02088	0.02783	0.06010	0.60969	0.07212	0.03416	0.01392	0.00443	0.00633	0.03100	0.01012	0.00886
19	0.02699	0.02591	0.04426	0.06693	0.54879	0.02591	0.03346	0.03346	0.02483	0.03562	0.02051	0.02699	0.01727	0.00972	0.01079	0.00324	0.01295	0.00972	0.00540	0.01727
20	0.02557	0.35736	0.18055	0.13680	0.04235	0.03480	0.02651	0.03217	0.02230	0.02836	0.01713	0.02123	0.01406	0.00991	0.00864	0.00288	0.01337	0.00717	0.00469	0.01416
21	0.02284	0.04965	0.43624	0.03480	0.04964	0.02589	0.15758	0.03463	0.02370	0.03463	0.02019	0.02462	0.01450	0.01007	0.01099	0.00351	0.01668	0.00926	0.00483	0.01576
22	0.09327	0.35685	0.04519	0.08439	0.07706	0.12604	0.02088	0.03396	0.02345	0.02911	0.01634	0.01990	0.01413	0.00992	0.00818	0.00272	0.01310	0.00677	0.00510	0.01364
23	0.01409	0.01011	0.01337	0.01464	0.01599	0.00939	0.01018	0.01719	0.02460	0.03376	0.24028	0.41260	0.08359	0.02973	0.01352	0.00406	0.00588	0.02679	0.01082	0.00939
24	0.69383	0.02109	0.01603	0.01434	0.02109	0.02446	0.01181	0.03205	0.01856	0.04892	0.01518	0.01771	0.01181	0.01012	0.00675	0.00337	0.00843	0.00590	0.00675	0.01181
25	0.01390	0.00993	0.01229	0.01391	0.01470	0.00933	0.00903	0.01540	0.02002	0.02630	0.05886	0.41899	0.11381	0.18206	0.02441	0.00592	0.00732	0.02629	0.00923	0.00832
26	0.02357	0.01804	0.01937	0.01695	0.02200	0.01830	0.01321	0.20031	0.03402	0.04379	0.07084	0.15862	0.27120	0.02329	0.01232	0.00365	0.00806	0.01942	0.01042	0.01262
27	0.04892	0.01856	0.02530	0.01940	0.02783	0.01603	0.01603	0.05314	0.03121	0.55634	0.04302	0.03711	0.02699	0.01350	0.01096	0.00337	0.00928	0.01096	0.01350	0.01856
28	0.02276	0.04064	0.31936	0.02751	0.03780	0.02590	0.03049	0.03672	0.12428	0.03605	0.06452	0.03128	0.02477	0.01368	0.01508	0.00373	0.11369	0.01008	0.00652	0.01517
29	0.02261	0.01938	0.02261	0.01615	0.02584	0.01453	0.01292	0.02745	0.02261	0.03553	0.01938	0.02261	0.01615	0.00807	0.00807	0.00161	0.00807	0.00646	0.00646	0.68346
30	0.02282	0.08286	0.02852	0.02182	0.02408	0.02602	0.01770	0.06987	0.02061	0.02913	0.02238	0.03591	0.02200	0.13467	0.15667	0.00828	0.24864	0.01075	0.00590	0.01136
31	0.01543	0.01115	0.01457	0.01372	0.01629	0.01029	0.01029	0.02058	0.03086	0.04372	0.54304	0.08145	0.10288	0.02229	0.01286	0.00343	0.00514	0.01972	0.01200	0.01029
32	0.14476	0.02840	0.02934	0.02311	0.03129	0.03173	0.01899	0.39544	0.08807	0.06351	0.02602	0.02610	0.01876	0.01276	0.01026	0.00333	0.01113	0.00941	0.01026	0.01735
33	0.08223	0.02780	0.15669	0.07001	0.03406	0.01942	0.02152	0.06312	0.02477	0.08632	0.02866	0.12367	0.02570	0.01433	0.01023	0.00316	0.01076	0.01189	0.00747	0.17818
34	0.02051	0.01421	0.01800	0.01543	0.02049	0.01216	0.01214	0.02548	0.02809	0.08468	0.31188	0.06477	0.06866	0.01824	0.01155	0.00305	0.00674	0.05448	0.01041	0.19902
35	0.01854	0.01260	0.01544	0.01473	0.01801	0.01187	0.01102	0.02494	0.07326	0.08269	0.29330	0.16820	0.16568	0.02385	0.01272	0.00367	0.00609	0.02082	0.01138	0.01119
36	0.02294	0.03537	0.23504	0.10551	0.04524	0.02588	0.10894	0.03330	0.05969	0.03358	0.02213	0.02771	0.01699	0.01225	0.01506	0.00369	0.11479	0.00980	0.05782	0.01425
37	0.01470	0.01064	0.01265	0.01288	0.01511	0.00971	0.00919	0.01805	0.02519	0.03427	0.24153	0.19555	0.20309	0.07941	0.01657	0.00429	0.00598	0.02193	0.05990	0.00935
38	0.14107	0.03152	0.15896	0.02231	0.03269	0.02383	0.02201	0.15310	0.03049	0.13121	0.02429	0.02517	0.01722	0.01110	0.00960	0.00306	0.01130	0.00833	0.00829	0.13444
39	0.15152	0.02586	0.09501	0.02007	0.02932	0.02120	0.01831	0.08274	0.08025	0.17018	0.02774	0.02759	0.01976	0.01125	0.00943	0.00298	0.00992	0.00861	0.00889	0.17937
40	0.32451	0.08074	0.07719	0.02307	0.03143	0.07362	0.08324	0.07160	0.06996	0.04308	0.02009	0.02260	0.01544	0.01069	0.00887	0.00331	0.01194	0.00798	0.00682	0.01383
41	0.03015	0.20033	0.16430	0.02770	0.03781	0.03211	0.09853	0.11700	0.02812	0.07798	0.02121	0.02416	0.01616	0.01140	0.01225	0.00326	0.06662	0.00883	0.00655	0.01554
42	0.35921	0.02346	0.02213	0.06859	0.02868	0.07013	0.01611	0.07414	0.02465	0.08427	0.06659	0.02738	0.02245	0.01261	0.01089	0.00345	0.05607	0.00860	0.00769	0.01288

[dist]
# distance from previous block
# <min> <max>
0	1

[block]
# block no. 5 follows, 12 sequences, length 20
# corresponding to MSA columns:
# 1427-1446
name=unknown_F
#
# <colnr> <probs for GDERKNQSTAVLIFYWHMCP>
#	G	D	E	R	K	N	Q	S	T	A	V	L	I	F	Y	W	H	M	C	P
0	0.29016	0.13168	0.03030	0.02295	0.08130	0.02704	0.01721	0.08519	0.02602	0.16037	0.02316	0.02391	0.01691	0.01100	0.00860	0.00316	0.01005	0.00784	0.00817	0.01499
1	0.01458	0.01069	0.01341	0.01356	0.01562	0.00981	0.00968	0.01822	0.02646	0.03615	0.32634	0.21185	0.15319	0.07096	0.01635	0.00425	0.00589	0.02262	0.01087	0.00951
2	0.02016	0.01144	0.01530	0.01569	0.01809	0.01042	0.01123	0.02307	0.02456	0.12697	0.14412	0.41008	0.06945	0.02825	0.01319	0.00406	0.00665	0.02531	0.01108	0.01088
3	0.01659	0.01315	0.01524	0.01530	0.01827	0.01307	0.01121	0.02548	0.12928	0.03589	0.19024	0.24155	0.18182	0.02565	0.01283	0.00385	0.00632	0.02244	0.01080	0.01103
4	0.01354	0.01065	0.01224	0.01273	0.01536	0.00935	0.00921	0.01659	0.02508	0.03210	0.19036	0.23553	0.32207	0.02822	0.01316	0.00383	0.00566	0.02445	0.01053	0.00935
5	0.04892	0.01856	0.02530	0.01940	0.02783	0.01603	0.01603	0.05314	0.03121	0.55634	0.04302	0.03711	0.02699	0.01350	0.01096	0.00337	0.00928	0.01096	0.01350	0.01856
6	0.03881	0.02923	0.03124	0.02455	0.03281	0.03258	0.02009	0.42877	0.13923	0.06446	0.02953	0.02885	0.02126	0.01340	0.01094	0.00335	0.01138	0.01028	0.01094	0.01831
7	0.02915	0.62337	0.05714	0.01866	0.02799	0.04314	0.01866	0.03265	0.02215	0.02565	0.01516	0.01749	0.01399	0.00933	0.00700	0.00233	0.01166	0.00583	0.00466	0.01399
8	0.69383	0.02109	0.01603	0.01434	0.02109	0.02446	0.01181	0.03205	0.01856	0.04892	0.01518	0.01771	0.01181	0.01012	0.00675	0.00337	0.00843	0.00590	0.00675	0.01181
9	0.01320	0.00981	0.01232	0.01433	0.01559	0.00893	0.00974	0.01528	0.02170	0.02817	0.07050	0.50544	0.16965	0.03281	0.01370	0.00427	0.00616	0.02935	0.01012	0.00893
10	0.01894	0.00947	0.01420	0.01420	0.01420	0.00947	0.00947	0.01420	0.01420	0.01894	0.01894	0.03314	0.01894	0.03788	0.04261	0.68277	0.00947	0.00947	0.00473	0.00473
11	0.02915	0.62337	0.05714	0.01866	0.02799	0.04314	0.01866	0.03265	0.02215	0.02565	0.01516	0.01749	0.01399	0.00933	0.00700	0.00233	0.01166	0.00583	0.00466	0.01399
12	0.01543	0.01115	0.01457	0.01372	0.01629	0.01029	0.01029	0.02058	0.03086	0.04372	0.54304	0.08145	0.10288	0.02229	0.01286	0.00343	0.00514	0.01972	0.01200	0.01029
13	0.02861	0.01336	0.01703	0.01549	0.01988	0.01197	0.01180	0.03210	0.02575	0.23926	0.05424	0.22599	0.09648	0.02139	0.01149	0.00359	0.00718	0.01843	0.13299	0.01297
14	0.03231	0.21129	0.03671	0.02162	0.02931	0.08977	0.01828	0.19041	0.08323	0.04269	0.02606	0.07455	0.02261	0.01336	0.00966	0.00295	0.01159	0.01013	0.00805	0.06542
15	0.03035	0.02649	0.14155	0.02253	0.03185	0.01797	0.05693	0.03655	0.02484	0.20773	0.02956	0.03354	0.02207	0.06194	0.06641	0.00490	0.01316	0.00998	0.00830	0.15336
16	0.03022	0.13508	0.23090	0.02786	0.08617	0.02454	0.02673	0.03778	0.02596	0.17291	0.07325	0.03160	0.02588	0.01205	0.01022	0.00322	0.01222	0.00969	0.00774	0.01599
17	0.08930	0.14157	0.09054	0.14525	0.03969	0.02871	0.02328	0.03538	0.05927	0.10596	0.02248	0.02620	0.01720	0.01257	0.01413	0.00351	0.11543	0.00877	0.00663	0.01413
18	0.02948	0.01425	0.01908	0.01610	0.02113	0.01270	0.01270	0.03424	0.03101	0.25879	0.33326	0.06285	0.07104	0.01860	0.01206	0.00341	0.00688	0.01605	0.01263	0.01376
19	0.09201	0.06936	0.02408	0.01899	0.02461	0.01961	0.01582	0.03755	0.09584	0.18534	0.03801	0.05092	0.03190	0.03013	0.12719	0.00655	0.01357	0.09499	0.00955	0.01397

[dist]
# distance from previous block
# <min> <max>
2	30

[block]
# block no. 6 follows, 12 sequences, length 27
# corresponding to MSA columns:
# 1477-1503
name=unknown_G
#
# <colnr> <probs for GDERKNQSTAVLIFYWHMCP>
#	G	D	E	R	K	N	Q	S	T	A	V	L	I	F	Y	W	H	M	C	P
0	0.33370	0.01904	0.01860	0.01659	0.02229	0.02073	0.01312	0.07427	0.06950	0.10368	0.08166	0.11997	0.03439	0.01608	0.00968	0.00356	0.00820	0.01262	0.00929	0.01302
1	0.13353	0.07876	0.02514	0.02043	0.02564	0.24622	0.01585	0.06829	0.02725	0.03561	0.02527	0.08973	0.02299	0.01388	0.00928	0.00303	0.01270	0.01020	0.12399	0.01219
2	0.02611	0.01475	0.01816	0.01601	0.02082	0.01376	0.01231	0.03333	0.08329	0.16623	0.15226	0.14243	0.05099	0.01837	0.01109	0.00330	0.00704	0.01583	0.11359	0.08034
3	0.02594	0.02430	0.08031	0.02708	0.03345	0.02268	0.12958	0.08430	0.02820	0.09102	0.14634	0.07906	0.04090	0.01660	0.01631	0.00377	0.11377	0.01412	0.00852	0.01375
4	0.07458	0.07333	0.10552	0.06959	0.09144	0.02406	0.02227	0.04115	0.15521	0.12659	0.03306	0.08197	0.02660	0.01402	0.01054	0.00348	0.01077	0.01168	0.00857	0.01555
5	0.08618	0.01917	0.02236	0.01895	0.02543	0.01937	0.01532	0.08504	0.14022	0.23326	0.08892	0.05131	0.08113	0.01667	0.01128	0.00359	0.00868	0.04599	0.01153	0.01560
6	0.04018	0.01773	0.02278	0.01862	0.02553	0.01648	0.01495	0.04810	0.10117	0.39168	0.04402	0.08716	0.03186	0.01539	0.01094	0.00344	0.00856	0.01281	0.07181	0.01679
7	0.02774	0.24912	0.17742	0.07307	0.04236	0.11071	0.11101	0.03470	0.02422	0.02980	0.01803	0.02217	0.01444	0.00996	0.00957	0.00302	0.01532	0.00809	0.00495	0.01430
8	0.03176	0.02350	0.08449	0.07004	0.03266	0.02036	0.01990	0.11467	0.08083	0.19525	0.04416	0.08622	0.07557	0.01706	0.01161	0.00366	0.01040	0.05220	0.01027	0.01538
9	0.01651	0.01055	0.01405	0.01518	0.01685	0.00973	0.01061	0.01930	0.02388	0.07209	0.16572	0.44859	0.07545	0.02994	0.01346	0.00413	0.00629	0.02696	0.01080	0.00992
10	0.01383	0.01035	0.01285	0.01378	0.01570	0.00937	0.00974	0.01690	0.02478	0.03296	0.21610	0.33446	0.19115	0.02909	0.01336	0.00396	0.00579	0.02577	0.01068	0.00937
11	0.03922	0.06770	0.02916	0.02532	0.08597	0.06871	0.01821	0.04556	0.07096	0.32067	0.03770	0.08409	0.02831	0.01450	0.01082	0.00335	0.01047	0.01198	0.01072	0.01657
12	0.02602	0.02569	0.03412	0.03106	0.07437	0.07692	0.06522	0.07000	0.02357	0.03277	0.05864	0.03031	0.02291	0.02120	0.06613	0.00510	0.30628	0.01060	0.00613	0.01296
13	0.04892	0.01856	0.02530	0.01940	0.02783	0.01603	0.01603	0.05314	0.03121	0.55634	0.04302	0.03711	0.02699	0.01350	0.01096	0.00337	0.00928	0.01096	0.01350	0.01856
14	0.01701	0.01476	0.02414	0.24041	0.04175	0.01616	0.05385	0.02152	0.02158	0.02835	0.04158	0.34291	0.04580	0.02335	0.01267	0.00407	0.01037	0.02143	0.00774	0.01054
15	0.09999	0.02039	0.03001	0.18943	0.19189	0.02212	0.02383	0.03298	0.06842	0.07516	0.06283	0.08153	0.02860	0.01376	0.01081	0.00353	0.01112	0.01209	0.00737	0.01414
16	0.02182	0.02150	0.03802	0.23176	0.10778	0.02417	0.13338	0.02782	0.02208	0.03005	0.02572	0.11949	0.02432	0.01532	0.01569	0.00390	0.10483	0.01373	0.00588	0.01273
17	0.02123	0.02003	0.03386	0.53809	0.12259	0.02439	0.03060	0.02842	0.02211	0.02864	0.01949	0.02886	0.01481	0.01078	0.01089	0.00359	0.01438	0.00969	0.00490	0.01263
18	0.03717	0.02842	0.03031	0.02422	0.03218	0.03182	0.01969	0.37677	0.19390	0.06182	0.03161	0.03051	0.02294	0.01360	0.01096	0.00340	0.01099	0.01057	0.01096	0.01816
19	0.02414	0.02290	0.03954	0.11471	0.35896	0.02314	0.07110	0.03071	0.02562	0.03610	0.11184	0.03695	0.03186	0.01200	0.01135	0.00335	0.01225	0.01174	0.00650	0.01524
20	0.02915	0.62337	0.05714	0.01866	0.02799	0.04314	0.01866	0.03265	0.02215	0.02565	0.01516	0.01749	0.01399	0.00933	0.00700	0.00233	0.01166	0.00583	0.00466	0.01399
21	0.02915	0.62337	0.05714	0.01866	0.02799	0.04314	0.01866	0.03265	0.02215	0.02565	0.01516	0.01749	0.01399	0.00933	0.00700	0.00233	0.01166	0.00583	0.00466	0.01399
22	0.01591	0.01222	0.01336	0.01286	0.01633	0.01143	0.00971	0.02246	0.07698	0.03659	0.22453	0.08425	0.30322	0.02306	0.01211	0.00348	0.00567	0.01951	0.08587	0.01044
23	0.03392	0.02450	0.02693	0.02216	0.02920	0.02689	0.01779	0.24148	0.22522	0.10618	0.09282	0.03890	0.03438	0.01480	0.01120	0.00346	0.00970	0.01198	0.01136	0.01714
24	0.01902	0.01203	0.01450	0.01356	0.01727	0.01055	0.01028	0.02278	0.02760	0.11023	0.25241	0.12940	0.27091	0.02422	0.01269	0.00361	0.00599	0.02077	0.01129	0.01091
25	0.01698	0.01215	0.01750	0.01690	0.01967	0.01106	0.04803	0.02028	0.02426	0.06778	0.14505	0.35788	0.14454	0.02782	0.01329	0.00401	0.00712	0.02509	0.01032	0.01026
26	0.02632	0.01419	0.01860	0.01679	0.02098	0.01343	0.01308	0.03237	0.07251	0.18556	0.23216	0.10644	0.06211	0.02205	0.01495	0.06110	0.00751	0.05577	0.01142	0.01266

[dist]
# distance from previous block
# <min> <max>
5	29

# created by:
# /st0/software/busco_prod/Augustus/scripts/msa2prfl.pl ./align_prep/2403.fa
