[name]
unknown

[dist]
# distance from previous block
# <min> <max>
0	24

[block]
# block no. 0 follows, 11 sequences, length 23
# corresponding to MSA columns:
# 54-76
name=unknown_A
#
# <colnr> <probs for GDERKNQSTAVLIFYWHMCP>
#	G	D	E	R	K	N	Q	S	T	A	V	L	I	F	Y	W	H	M	C	P
0	0.02915	0.17691	0.20627	0.02361	0.03451	0.02599	0.02545	0.03640	0.02537	0.12821	0.02879	0.03865	0.02376	0.01349	0.01036	0.00329	0.01251	0.06748	0.00742	0.08238
1	0.59945	0.02305	0.01881	0.01626	0.02350	0.02652	0.01340	0.09419	0.02360	0.05319	0.01717	0.01944	0.01311	0.01085	0.00753	0.00347	0.00919	0.00663	0.00753	0.01311
2	0.01765	0.01366	0.01906	0.01872	0.02131	0.01590	0.01456	0.02533	0.08343	0.02889	0.03221	0.04392	0.02896	0.07530	0.48757	0.01621	0.02735	0.01215	0.00674	0.01107
3	0.10400	0.02751	0.07474	0.17458	0.12470	0.02705	0.07390	0.13224	0.03040	0.08904	0.02368	0.02806	0.01732	0.01147	0.01093	0.00355	0.01353	0.00992	0.00749	0.01587
4	0.02688	0.37498	0.26709	0.02474	0.03736	0.03668	0.02880	0.03453	0.02325	0.03040	0.01759	0.02049	0.01436	0.01008	0.00870	0.00290	0.01400	0.00700	0.00479	0.01538
5	0.02389	0.23480	0.31470	0.02568	0.03789	0.02999	0.03009	0.03237	0.02318	0.03170	0.02421	0.09744	0.02225	0.01358	0.01003	0.00331	0.01378	0.01068	0.00552	0.01492
6	0.01976	0.01177	0.01433	0.01386	0.01531	0.01126	0.00894	0.02128	0.02109	0.08417	0.11239	0.14023	0.05348	0.37812	0.04004	0.00816	0.00936	0.01845	0.00891	0.00906
7	0.02897	0.02109	0.07887	0.02646	0.07437	0.01664	0.05633	0.03409	0.02628	0.19452	0.04519	0.22732	0.04309	0.02133	0.01274	0.00400	0.01043	0.05366	0.01016	0.01445
8	0.01534	0.01096	0.01493	0.01753	0.01889	0.01054	0.01327	0.01848	0.02315	0.03055	0.06114	0.42438	0.07089	0.03373	0.01480	0.00480	0.00794	0.18868	0.01042	0.00959
9	0.02657	0.03036	0.06641	0.04744	0.05882	0.02846	0.49336	0.03605	0.02657	0.03605	0.02277	0.03036	0.01708	0.00949	0.01328	0.00380	0.01898	0.01328	0.00569	0.01518
10	0.01728	0.01215	0.01610	0.01668	0.01818	0.01293	0.01186	0.02175	0.07375	0.02775	0.04102	0.22776	0.04376	0.09937	0.17977	0.12927	0.01455	0.01871	0.00796	0.00939
11	0.02218	0.02569	0.09435	0.44013	0.07164	0.02564	0.10030	0.03058	0.02324	0.03058	0.02043	0.02938	0.01523	0.01093	0.01149	0.00374	0.01576	0.01030	0.00508	0.01335
12	0.02425	0.02411	0.03439	0.09064	0.03490	0.03342	0.02536	0.02727	0.01782	0.02727	0.01536	0.02522	0.01480	0.01876	0.03407	0.00479	0.52041	0.00987	0.00493	0.01233
13	0.01618	0.01165	0.01599	0.01599	0.01728	0.01293	0.01146	0.01875	0.01747	0.02458	0.03206	0.05482	0.03274	0.27172	0.37884	0.01550	0.02322	0.01361	0.00631	0.00889
14	0.02917	0.03899	0.13743	0.04333	0.17630	0.16192	0.12793	0.03631	0.02678	0.03344	0.02343	0.06847	0.02041	0.01234	0.01150	0.00346	0.01642	0.01134	0.00587	0.01517
15	0.05050	0.01915	0.02612	0.02003	0.02873	0.01654	0.01654	0.05485	0.03221	0.54203	0.04440	0.03831	0.02786	0.01393	0.01132	0.00348	0.00958	0.01132	0.01393	0.01915
16	0.01824	0.01194	0.01427	0.01525	0.01717	0.01183	0.01077	0.06198	0.02492	0.03600	0.05228	0.40107	0.05757	0.02753	0.01239	0.00396	0.00673	0.02442	0.18129	0.01040
17	0.01824	0.01573	0.02278	0.12437	0.03165	0.01887	0.01853	0.02161	0.02095	0.02869	0.04192	0.30953	0.04736	0.02649	0.01965	0.00455	0.15611	0.05428	0.00801	0.01067
18	0.13290	0.25941	0.04145	0.02183	0.03062	0.07333	0.05491	0.04094	0.02610	0.18314	0.02485	0.02522	0.01829	0.01117	0.00911	0.00303	0.01203	0.00827	0.00797	0.01545
19	0.01383	0.01047	0.01277	0.01422	0.01604	0.00941	0.00989	0.01642	0.02391	0.03102	0.12852	0.39346	0.21553	0.03188	0.01393	0.00423	0.00615	0.02824	0.01066	0.00941
20	0.01610	0.01080	0.01236	0.01262	0.01269	0.01073	0.00719	0.01630	0.01689	0.02252	0.03816	0.12678	0.04432	0.54668	0.05293	0.01027	0.01047	0.01795	0.00719	0.00706
21	0.03159	0.02417	0.03078	0.07693	0.13678	0.07119	0.02302	0.08524	0.02902	0.13118	0.03392	0.08822	0.03036	0.01744	0.01463	0.00389	0.07023	0.07765	0.00875	0.01502
22	0.01770	0.01275	0.01626	0.01773	0.01965	0.01266	0.01307	0.06948	0.02578	0.03425	0.05777	0.44734	0.06662	0.03212	0.01425	0.00456	0.00788	0.10916	0.01052	0.01046

[dist]
# distance from previous block
# <min> <max>
0	9

[block]
# block no. 1 follows, 11 sequences, length 191
# corresponding to MSA columns:
# 86-229,239-285
name=unknown_B
#
# <colnr> <probs for GDERKNQSTAVLIFYWHMCP>
#	G	D	E	R	K	N	Q	S	T	A	V	L	I	F	Y	W	H	M	C	P
0	0.02995	0.02658	0.04093	0.15090	0.34259	0.02822	0.03107	0.13496	0.03106	0.04283	0.02225	0.02806	0.01761	0.01101	0.01119	0.00342	0.01345	0.01005	0.00672	0.01716
1	0.02569	0.02139	0.02460	0.01778	0.02767	0.01740	0.01431	0.08485	0.02691	0.04081	0.02085	0.02378	0.01697	0.00896	0.00869	0.00187	0.00882	0.00709	0.00722	0.59434
2	0.13936	0.08671	0.03289	0.02327	0.03179	0.03377	0.01945	0.34175	0.08430	0.06133	0.02576	0.02607	0.01891	0.01280	0.01021	0.00334	0.01148	0.00932	0.00997	0.01749
3	0.08764	0.02575	0.04467	0.15053	0.31728	0.02661	0.11664	0.03366	0.02464	0.03649	0.02075	0.02781	0.01666	0.01019	0.01117	0.00351	0.01426	0.01026	0.00562	0.01586
4	0.02673	0.35456	0.23004	0.02360	0.03577	0.03502	0.02667	0.03387	0.02324	0.03077	0.01771	0.02062	0.01460	0.00988	0.00858	0.00275	0.01332	0.00691	0.00498	0.08038
5	0.08832	0.02544	0.02918	0.02393	0.02868	0.03024	0.01932	0.24239	0.03371	0.04849	0.02369	0.03276	0.02061	0.10643	0.02567	0.00501	0.18254	0.01067	0.00831	0.01460
6	0.08341	0.02702	0.09650	0.18239	0.21753	0.02402	0.02891	0.03426	0.02440	0.08103	0.02225	0.02759	0.01697	0.01065	0.01050	0.00333	0.01295	0.00926	0.00630	0.08075
7	0.09033	0.05406	0.43172	0.03000	0.04437	0.09037	0.03628	0.03651	0.02429	0.03614	0.01941	0.02280	0.01408	0.01078	0.01026	0.00348	0.01629	0.00797	0.00510	0.01576
8	0.01586	0.01070	0.01242	0.01292	0.01304	0.01058	0.00751	0.01624	0.01735	0.02313	0.04050	0.17287	0.04727	0.49657	0.04915	0.00971	0.01008	0.01933	0.00751	0.00726
9	0.41216	0.02174	0.02132	0.01756	0.02529	0.02315	0.01448	0.08145	0.02657	0.21923	0.02643	0.02586	0.01813	0.01190	0.00882	0.00347	0.00933	0.00823	0.00971	0.01517
10	0.02731	0.40648	0.23934	0.02401	0.03623	0.03772	0.02752	0.03442	0.02320	0.02987	0.01733	0.02017	0.01437	0.01002	0.00851	0.00284	0.01374	0.00687	0.00479	0.01525
11	0.01371	0.00979	0.01306	0.01567	0.01632	0.00914	0.01045	0.01567	0.02155	0.02873	0.06203	0.59710	0.07444	0.03526	0.01437	0.00457	0.00653	0.03200	0.01045	0.00914
12	0.01882	0.01219	0.01571	0.01443	0.01774	0.01105	0.01096	0.02381	0.03131	0.08880	0.44579	0.08219	0.13860	0.02270	0.01310	0.00356	0.00573	0.01985	0.01235	0.01129
13	0.14251	0.02685	0.02673	0.02297	0.02896	0.07335	0.01855	0.20930	0.08258	0.05035	0.03101	0.08654	0.02763	0.01706	0.01347	0.00380	0.06383	0.05012	0.00936	0.01503
14	0.01637	0.01091	0.01228	0.01228	0.01228	0.01091	0.00682	0.01637	0.01637	0.02182	0.03546	0.07365	0.04092	0.60445	0.05729	0.01091	0.01091	0.01637	0.00682	0.00682
15	0.01497	0.01146	0.01388	0.01450	0.01727	0.01037	0.01113	0.01879	0.02683	0.03491	0.21398	0.18028	0.25680	0.02845	0.01386	0.00409	0.00654	0.10099	0.01099	0.00992
16	0.04888	0.02176	0.02773	0.02126	0.03003	0.02040	0.01756	0.14778	0.03657	0.44295	0.04075	0.03594	0.02603	0.01384	0.01131	0.00346	0.01017	0.01107	0.01337	0.01915
17	0.02599	0.02865	0.05687	0.04209	0.05008	0.03026	0.35335	0.03337	0.02378	0.03337	0.02038	0.02865	0.01639	0.01254	0.02035	0.00413	0.18770	0.01226	0.00546	0.01432
18	0.01593	0.01150	0.01504	0.01416	0.01681	0.01062	0.01062	0.02124	0.03186	0.04513	0.52830	0.08407	0.10620	0.02301	0.01327	0.00354	0.00531	0.02035	0.01239	0.01062
19	0.03954	0.02667	0.03079	0.02422	0.03151	0.02937	0.01994	0.31795	0.04300	0.14753	0.07409	0.03392	0.02806	0.01519	0.01455	0.00360	0.08019	0.01124	0.01108	0.01755
20	0.09122	0.02410	0.03357	0.08012	0.12821	0.02527	0.06501	0.12444	0.09038	0.12363	0.07319	0.03555	0.02861	0.01315	0.01125	0.00353	0.01159	0.01143	0.00931	0.01643
21	0.02726	0.01660	0.01880	0.01611	0.02081	0.01692	0.01269	0.14032	0.03386	0.09304	0.18188	0.05063	0.04953	0.01624	0.01060	0.00315	0.00736	0.01342	0.25742	0.01336
22	0.01608	0.01206	0.01809	0.01809	0.02010	0.01407	0.01407	0.02010	0.01809	0.02613	0.03015	0.04422	0.02814	0.08441	0.55984	0.01809	0.03015	0.01206	0.00603	0.01005
23	0.02462	0.02192	0.02968	0.03154	0.17066	0.01833	0.01935	0.03010	0.02399	0.03670	0.02034	0.02462	0.01700	0.00882	0.00913	0.00214	0.00976	0.00762	0.00636	0.48731
24	0.03327	0.03172	0.12955	0.09041	0.17114	0.02657	0.06898	0.13550	0.03199	0.13067	0.02629	0.02918	0.01888	0.01163	0.01131	0.00349	0.01372	0.01025	0.00804	0.01740
25	0.02786	0.17406	0.14584	0.02478	0.03393	0.02782	0.06406	0.07818	0.06913	0.07987	0.03212	0.13418	0.02926	0.01589	0.01093	0.00349	0.01213	0.01346	0.00790	0.01511
26	0.02615	0.02123	0.02353	0.02185	0.02737	0.02358	0.01764	0.09988	0.29649	0.04527	0.05218	0.06696	0.07732	0.02011	0.01262	0.00411	0.00946	0.12773	0.01107	0.01544
27	0.03179	0.02483	0.03503	0.08242	0.13099	0.02504	0.06541	0.17250	0.03440	0.09036	0.07075	0.03332	0.02659	0.01238	0.01116	0.00320	0.01190	0.01088	0.00874	0.11826
28	0.26337	0.02633	0.07237	0.06496	0.03197	0.02620	0.01906	0.15344	0.07291	0.04863	0.02258	0.02607	0.01731	0.01522	0.01364	0.08423	0.01105	0.00871	0.00787	0.01406
29	0.01637	0.01091	0.01228	0.01228	0.01228	0.01091	0.00682	0.01637	0.01637	0.02182	0.03546	0.07365	0.04092	0.60445	0.05729	0.01091	0.01091	0.01637	0.00682	0.00682
30	0.03755	0.02328	0.02832	0.02269	0.02982	0.02460	0.01852	0.12741	0.12437	0.22277	0.03404	0.03307	0.02417	0.01433	0.01493	0.00353	0.09856	0.01059	0.01071	0.09675
31	0.15148	0.02540	0.07211	0.02421	0.07301	0.02261	0.01911	0.13072	0.03119	0.09407	0.10161	0.03438	0.03111	0.01296	0.01020	0.00314	0.01010	0.01028	0.00898	0.13337
32	0.19082	0.09034	0.20994	0.02202	0.03150	0.02338	0.02337	0.03212	0.02272	0.07749	0.02938	0.14411	0.02756	0.01598	0.01023	0.00364	0.01148	0.01277	0.00725	0.01391
33	0.01448	0.01056	0.01363	0.01473	0.01640	0.00971	0.01034	0.01773	0.02566	0.03482	0.23558	0.36655	0.12771	0.03021	0.01387	0.00413	0.00601	0.02703	0.01115	0.00971
34	0.01902	0.01248	0.01630	0.01681	0.01991	0.01163	0.01354	0.02339	0.02742	0.07938	0.18854	0.16186	0.15081	0.02760	0.01408	0.00431	0.00775	0.18307	0.01122	0.01090
35	0.03601	0.18132	0.17013	0.02540	0.03660	0.02722	0.06734	0.04285	0.02717	0.23546	0.02893	0.02872	0.01999	0.01160	0.01029	0.00326	0.01286	0.00938	0.00852	0.01695
36	0.01532	0.01137	0.01446	0.01625	0.01765	0.01114	0.01119	0.02053	0.07115	0.03200	0.10164	0.49686	0.07328	0.03220	0.01398	0.00441	0.00666	0.02906	0.01072	0.01013
37	0.01366	0.00999	0.01286	0.01516	0.01619	0.00919	0.01022	0.01573	0.02204	0.02893	0.06831	0.53813	0.12936	0.03445	0.01424	0.00448	0.00643	0.03100	0.01045	0.00919
38	0.02620	0.32496	0.31115	0.02590	0.03915	0.03501	0.03082	0.03471	0.02333	0.03122	0.01800	0.02101	0.01435	0.01018	0.00902	0.00301	0.01442	0.00721	0.00478	0.01558
39	0.08517	0.02473	0.04008	0.13715	0.16505	0.02596	0.12802	0.04022	0.11439	0.08538	0.02750	0.03152	0.02062	0.01148	0.01134	0.00363	0.01332	0.01101	0.00747	0.01593
40	0.02481	0.02516	0.03745	0.03122	0.03228	0.03391	0.06835	0.02792	0.01811	0.02792	0.01552	0.02516	0.01499	0.01875	0.03473	0.00482	0.53115	0.01017	0.00500	0.01258
41	0.02455	0.01666	0.02336	0.02091	0.02330	0.01980	0.01656	0.02771	0.02013	0.11667	0.02902	0.04128	0.02592	0.11676	0.25730	0.01099	0.17815	0.01183	0.00721	0.01189
42	0.10019	0.01803	0.02351	0.01971	0.02692	0.01654	0.01650	0.04598	0.02966	0.38636	0.04516	0.05598	0.03456	0.01739	0.01186	0.00386	0.00967	0.10902	0.01252	0.01660
43	0.07631	0.01418	0.01798	0.08316	0.02522	0.01511	0.01396	0.02179	0.02551	0.03668	0.22380	0.16034	0.15088	0.02333	0.01455	0.00390	0.05329	0.01963	0.00973	0.01066
44	0.01415	0.01011	0.01356	0.01617	0.01702	0.00952	0.01121	0.01643	0.02198	0.02922	0.06179	0.55061	0.07349	0.03485	0.01448	0.00463	0.00691	0.07417	0.01044	0.00926
45	0.02870	0.50906	0.14898	0.02163	0.03255	0.04114	0.02338	0.03406	0.02303	0.02817	0.01649	0.01911	0.01441	0.00983	0.00786	0.00262	0.01289	0.00644	0.00480	0.01485
46	0.08486	0.01935	0.02245	0.01739	0.02567	0.01682	0.01390	0.03560	0.07010	0.13229	0.08776	0.03466	0.03074	0.01194	0.00964	0.00258	0.00828	0.00967	0.00915	0.35717
47	0.09318	0.02327	0.02724	0.02163	0.02848	0.02472	0.01771	0.16851	0.03297	0.13714	0.07541	0.03283	0.02752	0.01433	0.01474	0.00337	0.10330	0.01032	0.00960	0.13373
48	0.01499	0.01108	0.01417	0.01632	0.01749	0.01083	0.01111	0.01963	0.06570	0.03038	0.06058	0.54733	0.07085	0.03347	0.01410	0.00450	0.00674	0.03027	0.01054	0.00992
49	0.02126	0.02001	0.03376	0.57739	0.07752	0.02501	0.03126	0.02876	0.02251	0.02876	0.02001	0.03001	0.01500	0.01125	0.01125	0.00375	0.01500	0.01000	0.00500	0.01250
50	0.02263	0.02195	0.03769	0.43279	0.11154	0.02639	0.07056	0.02973	0.02261	0.02993	0.01983	0.02932	0.01541	0.01183	0.01396	0.00383	0.07145	0.01027	0.00510	0.01318
51	0.09400	0.02579	0.03049	0.09145	0.03767	0.07199	0.06067	0.11356	0.12095	0.13553	0.03352	0.04016	0.02596	0.01444	0.01138	0.00369	0.01229	0.05110	0.00959	0.01578
52	0.01409	0.01025	0.01337	0.01572	0.01687	0.00953	0.01098	0.01643	0.02236	0.02936	0.06695	0.50491	0.11856	0.03420	0.01437	0.00455	0.00681	0.07096	0.01044	0.00929
53	0.01796	0.01364	0.01680	0.01563	0.01891	0.01354	0.01183	0.02773	0.11298	0.04546	0.44710	0.07699	0.09411	0.02171	0.01297	0.00359	0.00592	0.01907	0.01223	0.01183
54	0.09195	0.02765	0.04066	0.04013	0.17549	0.02841	0.11046	0.19087	0.03511	0.11014	0.02574	0.02847	0.01885	0.01159	0.01124	0.00347	0.01321	0.01048	0.00861	0.01745
55	0.05050	0.01915	0.02612	0.02003	0.02873	0.01654	0.01654	0.05485	0.03221	0.54203	0.04440	0.03831	0.02786	0.01393	0.01132	0.00348	0.00958	0.01132	0.01393	0.01915
56	0.01371	0.00979	0.01306	0.01567	0.01632	0.00914	0.01045	0.01567	0.02155	0.02873	0.06203	0.59710	0.07444	0.03526	0.01437	0.00457	0.00653	0.03200	0.01045	0.00914
57	0.01330	0.01140	0.01140	0.01140	0.01520	0.00950	0.00855	0.01615	0.02565	0.03041	0.11402	0.10832	0.52967	0.02850	0.01330	0.00380	0.00570	0.02375	0.01045	0.00950
58	0.01371	0.00979	0.01306	0.01567	0.01632	0.00914	0.01045	0.01567	0.02155	0.02873	0.06203	0.59710	0.07444	0.03526	0.01437	0.00457	0.00653	0.03200	0.01045	0.00914
59	0.01485	0.01080	0.01425	0.01660	0.01808	0.01019	0.01231	0.01776	0.02312	0.03022	0.06652	0.42341	0.11688	0.03348	0.01458	0.00466	0.00747	0.14490	0.01043	0.00950
60	0.02126	0.02001	0.03376	0.57739	0.07752	0.02501	0.03126	0.02876	0.02251	0.02876	0.02001	0.03001	0.01500	0.01125	0.01125	0.00375	0.01500	0.01000	0.00500	0.01250
61	0.04204	0.05364	0.03190	0.02900	0.03480	0.55926	0.02175	0.04494	0.03190	0.02755	0.01740	0.02030	0.01450	0.01160	0.01015	0.00290	0.02030	0.00725	0.00580	0.01305
62	0.02304	0.02182	0.03698	0.44025	0.20075	0.02547	0.03214	0.03032	0.02335	0.03092	0.02032	0.02943	0.01577	0.01092	0.01122	0.00364	0.01456	0.01001	0.00516	0.01394
63	0.43208	0.03021	0.02567	0.02165	0.02893	0.14064	0.05638	0.07790	0.02558	0.04620	0.01768	0.02054	0.01373	0.01089	0.00858	0.00338	0.01240	0.00732	0.00700	0.01326
64	0.02891	0.02658	0.04716	0.03478	0.04375	0.02629	0.27685	0.14606	0.03311	0.04609	0.07017	0.03569	0.02688	0.01210	0.01213	0.00353	0.01450	0.01280	0.08742	0.01518
65	0.01702	0.01127	0.01431	0.01480	0.01719	0.01018	0.01061	0.02028	0.02603	0.07206	0.20373	0.32118	0.16113	0.02895	0.01364	0.00406	0.00626	0.02565	0.01127	0.01038
66	0.14785	0.13519	0.07910	0.02304	0.03228	0.02899	0.05701	0.09544	0.10877	0.08637	0.02591	0.02690	0.01949	0.01150	0.00961	0.00318	0.01134	0.00894	0.00811	0.08097
67	0.03262	0.01711	0.02204	0.01734	0.02460	0.01435	0.01388	0.03744	0.02964	0.25311	0.18216	0.04782	0.04815	0.01509	0.01107	0.00300	0.00796	0.01272	0.01145	0.19846
68	0.03004	0.03212	0.11847	0.02495	0.03283	0.08889	0.02282	0.08764	0.20316	0.07950	0.03840	0.04949	0.03186	0.01655	0.01186	0.00384	0.01229	0.08982	0.00955	0.01593
69	0.02498	0.08392	0.16600	0.02748	0.03679	0.02330	0.12009	0.03497	0.07065	0.08068	0.11909	0.09173	0.03984	0.01553	0.01183	0.00361	0.01243	0.01414	0.00824	0.01469
70	0.02109	0.01379	0.01719	0.01722	0.02021	0.01365	0.01253	0.02924	0.11233	0.09683	0.13953	0.34006	0.06730	0.02696	0.01329	0.00412	0.00711	0.02401	0.01139	0.01216
71	0.01512	0.01144	0.01549	0.01740	0.01817	0.01181	0.01245	0.01741	0.02155	0.02903	0.05748	0.50196	0.06809	0.03346	0.01654	0.00466	0.05985	0.06862	0.00993	0.00954
72	0.02334	0.02001	0.02334	0.01667	0.02667	0.01500	0.01334	0.02834	0.02334	0.03668	0.02001	0.02334	0.01667	0.00834	0.00834	0.00167	0.00834	0.00667	0.00667	0.67325
73	0.01366	0.00999	0.01286	0.01516	0.01619	0.00919	0.01022	0.01573	0.02204	0.02893	0.06831	0.53813	0.12936	0.03445	0.01424	0.00448	0.00643	0.03100	0.01045	0.00919
74	0.01563	0.01060	0.01249	0.01322	0.01340	0.01042	0.00783	0.01617	0.01781	0.02374	0.04285	0.21918	0.05024	0.44620	0.04535	0.00915	0.00969	0.02071	0.00783	0.00747
75	0.01637	0.01091	0.01228	0.01228	0.01228	0.01091	0.00682	0.01637	0.01637	0.02182	0.03546	0.07365	0.04092	0.60445	0.05729	0.01091	0.01091	0.01637	0.00682	0.00682
76	0.02372	0.02252	0.03821	0.38761	0.24804	0.02565	0.03248	0.03092	0.02367	0.03175	0.02044	0.02920	0.01606	0.01080	0.01121	0.00360	0.01439	0.01001	0.00521	0.01449
77	0.01371	0.00979	0.01306	0.01567	0.01632	0.00914	0.01045	0.01567	0.02155	0.02873	0.06203	0.59710	0.07444	0.03526	0.01437	0.00457	0.00653	0.03200	0.01045	0.00914
78	0.01637	0.01091	0.01228	0.01228	0.01228	0.01091	0.00682	0.01637	0.01637	0.02182	0.03546	0.07365	0.04092	0.60445	0.05729	0.01091	0.01091	0.01637	0.00682	0.00682
79	0.02126	0.02001	0.03376	0.57739	0.07752	0.02501	0.03126	0.02876	0.02251	0.02876	0.02001	0.03001	0.01500	0.01125	0.01125	0.00375	0.01500	0.01000	0.00500	0.01250
80	0.01868	0.01095	0.01257	0.01216	0.01480	0.01055	0.00912	0.02395	0.02737	0.04341	0.26092	0.06117	0.06413	0.01763	0.01033	0.00304	0.00527	0.01499	0.36841	0.01055
81	0.03113	0.03054	0.05464	0.04627	0.13760	0.07623	0.31015	0.03888	0.02758	0.09643	0.02459	0.02993	0.01827	0.01032	0.01237	0.00359	0.01697	0.01190	0.00667	0.01593
82	0.03009	0.61122	0.05898	0.01926	0.02889	0.04454	0.01926	0.03370	0.02287	0.02648	0.01565	0.01805	0.01444	0.00963	0.00722	0.00241	0.01204	0.00602	0.00481	0.01444
83	0.02786	0.02674	0.04568	0.06908	0.53424	0.02674	0.03454	0.03454	0.02563	0.03677	0.02117	0.02786	0.01783	0.01003	0.01114	0.00334	0.01337	0.01003	0.00557	0.01783
84	0.03767	0.08296	0.04583	0.03188	0.04145	0.07490	0.19261	0.12847	0.03317	0.17531	0.02819	0.02982	0.01986	0.01163	0.01155	0.00343	0.01472	0.01097	0.00886	0.01673
85	0.01371	0.00979	0.01306	0.01567	0.01632	0.00914	0.01045	0.01567	0.02155	0.02873	0.06203	0.59710	0.07444	0.03526	0.01437	0.00457	0.00653	0.03200	0.01045	0.00914
86	0.02126	0.02001	0.03376	0.57739	0.07752	0.02501	0.03126	0.02876	0.02251	0.02876	0.02001	0.03001	0.01500	0.01125	0.01125	0.00375	0.01500	0.01000	0.00500	0.01250
87	0.02607	0.07640	0.04088	0.02881	0.03577	0.02313	0.18856	0.03236	0.02782	0.09841	0.19214	0.04752	0.04757	0.01546	0.01462	0.00365	0.06385	0.01441	0.00876	0.01381
88	0.01753	0.01454	0.02428	0.02306	0.02629	0.01389	0.09859	0.02195	0.02396	0.03176	0.05423	0.33256	0.06091	0.02924	0.01459	0.00465	0.01007	0.17768	0.00958	0.01064
89	0.01489	0.01096	0.01412	0.01560	0.01750	0.01018	0.01156	0.01826	0.02509	0.03326	0.16592	0.33191	0.14964	0.03095	0.01419	0.00435	0.00683	0.10426	0.01083	0.00972
90	0.01637	0.01091	0.01228	0.01228	0.01228	0.01091	0.00682	0.01637	0.01637	0.02182	0.03546	0.07365	0.04092	0.60445	0.05729	0.01091	0.01091	0.01637	0.00682	0.00682
91	0.02324	0.02203	0.03735	0.42442	0.21497	0.02553	0.03225	0.03050	0.02345	0.03117	0.02036	0.02936	0.01585	0.01088	0.01122	0.00363	0.01451	0.01001	0.00517	0.01411
92	0.02462	0.02462	0.03447	0.02955	0.02955	0.03447	0.02462	0.02709	0.01724	0.02709	0.01477	0.02462	0.01477	0.01970	0.03694	0.00492	0.58385	0.00985	0.00492	0.01231
93	0.01383	0.01142	0.01213	0.01196	0.01553	0.00973	0.00897	0.01717	0.02690	0.03336	0.19710	0.10346	0.44475	0.02740	0.01330	0.00375	0.00562	0.02307	0.01084	0.00973
94	0.01792	0.01384	0.01663	0.01552	0.01897	0.01373	0.01176	0.02790	0.12034	0.04414	0.40115	0.07852	0.13178	0.02208	0.01294	0.00362	0.00601	0.01926	0.01204	0.01185
95	0.04694	0.02486	0.02965	0.02273	0.03158	0.02500	0.01878	0.25849	0.04176	0.32492	0.03639	0.03311	0.02384	0.01374	0.01129	0.00343	0.01087	0.01077	0.01270	0.01915
96	0.03009	0.61122	0.05898	0.01926	0.02889	0.04454	0.01926	0.03370	0.02287	0.02648	0.01565	0.01805	0.01444	0.00963	0.00722	0.00241	0.01204	0.00602	0.00481	0.01444
97	0.02072	0.01252	0.01532	0.01446	0.01826	0.01100	0.01088	0.02436	0.02779	0.12526	0.20630	0.17697	0.24202	0.02561	0.01313	0.00381	0.00643	0.02208	0.01160	0.01146
98	0.02786	0.02674	0.04568	0.06908	0.53424	0.02674	0.03454	0.03454	0.02563	0.03677	0.02117	0.02786	0.01783	0.01003	0.01114	0.00334	0.01337	0.01003	0.00557	0.01783
99	0.08798	0.02892	0.02673	0.06665	0.03285	0.16812	0.01854	0.08423	0.03099	0.21749	0.03340	0.09757	0.02680	0.01535	0.01103	0.00347	0.01279	0.01209	0.00979	0.01521
100	0.04842	0.02249	0.02819	0.02161	0.03040	0.02150	0.01785	0.17405	0.03780	0.41494	0.03971	0.03526	0.02551	0.01382	0.01130	0.00345	0.01033	0.01100	0.01321	0.01915
101	0.04204	0.05364	0.03190	0.02900	0.03480	0.55926	0.02175	0.04494	0.03190	0.02755	0.01740	0.02030	0.01450	0.01160	0.01015	0.00290	0.02030	0.00725	0.00580	0.01305
102	0.02705	0.02683	0.04849	0.10896	0.40684	0.02691	0.11916	0.03432	0.02553	0.03595	0.02137	0.02851	0.01745	0.01003	0.01155	0.00346	0.01455	0.01063	0.00554	0.01688
103	0.10725	0.02728	0.03743	0.09972	0.30645	0.06974	0.02837	0.03587	0.06075	0.03683	0.02136	0.02706	0.01758	0.01159	0.01293	0.00354	0.06489	0.00951	0.00609	0.01577
104	0.09267	0.02407	0.03888	0.17618	0.14721	0.02632	0.10897	0.03660	0.06637	0.08312	0.02433	0.02980	0.01851	0.01198	0.01352	0.00374	0.06529	0.01055	0.00682	0.01508
105	0.02325	0.02156	0.03372	0.41734	0.12403	0.02575	0.02926	0.03498	0.11038	0.03299	0.02474	0.03188	0.01879	0.01182	0.01128	0.00371	0.01372	0.01049	0.00622	0.01409
106	0.04003	0.14747	0.03645	0.02736	0.03380	0.47264	0.02133	0.04305	0.03038	0.02737	0.01710	0.01992	0.01449	0.01127	0.00966	0.00282	0.01891	0.00704	0.00563	0.01328
107	0.02391	0.15668	0.45939	0.02980	0.04518	0.02941	0.03761	0.03530	0.02360	0.03401	0.01939	0.02275	0.01429	0.01050	0.01008	0.00336	0.01582	0.00791	0.00476	0.01624
108	0.02874	0.02165	0.03547	0.33196	0.19071	0.02382	0.02927	0.03541	0.02524	0.13116	0.02508	0.03105	0.01827	0.01145	0.01124	0.00359	0.01351	0.01027	0.00690	0.01523
109	0.01442	0.01047	0.01456	0.01639	0.01745	0.01061	0.01153	0.01699	0.02052	0.02795	0.05251	0.43196	0.06061	0.04994	0.17730	0.00861	0.01358	0.02604	0.00913	0.00941
110	0.04204	0.05364	0.03190	0.02900	0.03480	0.55926	0.02175	0.04494	0.03190	0.02755	0.01740	0.02030	0.01450	0.01160	0.01015	0.00290	0.02030	0.00725	0.00580	0.01305
111	0.02185	0.02062	0.03484	0.53132	0.11892	0.02516	0.03156	0.02928	0.02279	0.02948	0.02011	0.02981	0.01526	0.01114	0.01124	0.00371	0.01486	0.01000	0.00505	0.01299
112	0.03419	0.02417	0.02955	0.02397	0.03136	0.02577	0.05317	0.16713	0.21551	0.13750	0.09713	0.04164	0.03662	0.01508	0.01174	0.00361	0.01025	0.01277	0.01151	0.01733
113	0.01531	0.01102	0.01449	0.01459	0.01668	0.01020	0.01057	0.01967	0.02896	0.04052	0.39714	0.22838	0.09727	0.02646	0.01358	0.00383	0.00565	0.02363	0.01184	0.01020
114	0.02592	0.02911	0.06247	0.11137	0.06108	0.02805	0.43761	0.03517	0.02608	0.03517	0.02244	0.03032	0.01683	0.00970	0.01304	0.00379	0.01850	0.01289	0.00561	0.01486
115	0.04038	0.04483	0.03657	0.03038	0.03772	0.35295	0.07855	0.16645	0.03696	0.04035	0.02066	0.02334	0.01607	0.01186	0.01083	0.00314	0.01799	0.00876	0.00727	0.01496
116	0.01637	0.01091	0.01228	0.01228	0.01228	0.01091	0.00682	0.01637	0.01637	0.02182	0.03546	0.07365	0.04092	0.60445	0.05729	0.01091	0.01091	0.01637	0.00682	0.00682
117	0.01531	0.01094	0.01490	0.01750	0.01885	0.01052	0.01323	0.01844	0.02313	0.03052	0.06115	0.42705	0.07095	0.03375	0.01479	0.00479	0.00792	0.18626	0.01042	0.00958
118	0.02278	0.01522	0.02267	0.08688	0.02920	0.01757	0.01746	0.02713	0.02073	0.10627	0.02977	0.03986	0.02533	0.05897	0.36266	0.01294	0.07408	0.01150	0.00703	0.01195
119	0.15702	0.09464	0.02950	0.02080	0.02871	0.02792	0.01728	0.12813	0.16415	0.17034	0.03295	0.03119	0.02359	0.01306	0.01005	0.00343	0.01003	0.00989	0.01040	0.01694
120	0.03026	0.01528	0.01959	0.01671	0.02192	0.01421	0.01315	0.03733	0.06975	0.23052	0.26398	0.05976	0.06411	0.01809	0.01190	0.00346	0.00718	0.01547	0.07295	0.01437
121	0.01403	0.01072	0.01288	0.01385	0.01603	0.00958	0.00981	0.01699	0.02514	0.03272	0.17697	0.31763	0.24241	0.03033	0.01376	0.00408	0.00598	0.02666	0.01085	0.00958
122	0.09643	0.02624	0.04118	0.10902	0.20855	0.02720	0.11015	0.11762	0.03021	0.08944	0.02394	0.02843	0.01795	0.01110	0.01116	0.00351	0.01359	0.01036	0.00744	0.01651
123	0.03119	0.56006	0.05649	0.02015	0.02943	0.09176	0.01949	0.03473	0.02370	0.02658	0.01581	0.01826	0.01445	0.00981	0.00749	0.00245	0.01279	0.00613	0.00490	0.01432
124	0.02461	0.20766	0.41448	0.02861	0.04336	0.03111	0.03555	0.03512	0.02352	0.03317	0.01897	0.02222	0.01431	0.01041	0.00976	0.00325	0.01539	0.00770	0.00477	0.01604
125	0.09772	0.04536	0.03096	0.02780	0.03263	0.41331	0.02140	0.04056	0.02802	0.02957	0.01675	0.02091	0.01434	0.01299	0.01481	0.00333	0.12334	0.00762	0.00574	0.01283
126	0.02267	0.05361	0.48306	0.03022	0.04605	0.02480	0.03818	0.03476	0.02371	0.03577	0.02018	0.02371	0.01455	0.01041	0.01041	0.00334	0.01563	0.00812	0.00498	0.09585
127	0.15832	0.01859	0.02221	0.01868	0.02555	0.01813	0.01529	0.04428	0.07236	0.29948	0.09902	0.04873	0.03844	0.01610	0.01116	0.00368	0.00891	0.05328	0.01190	0.01590
128	0.04427	0.02055	0.02593	0.02082	0.02888	0.01971	0.01690	0.05622	0.16562	0.40496	0.04479	0.03933	0.02966	0.01430	0.01136	0.00358	0.00939	0.01171	0.01324	0.01878
129	0.05050	0.01915	0.02612	0.02003	0.02873	0.01654	0.01654	0.05485	0.03221	0.54203	0.04440	0.03831	0.02786	0.01393	0.01132	0.00348	0.00958	0.01132	0.01393	0.01915
130	0.02786	0.02674	0.04568	0.06908	0.53424	0.02674	0.03454	0.03454	0.02563	0.03677	0.02117	0.02786	0.01783	0.01003	0.01114	0.00334	0.01337	0.01003	0.00557	0.01783
131	0.02687	0.02554	0.04261	0.10815	0.44824	0.02552	0.03231	0.03347	0.02515	0.03607	0.02096	0.02763	0.01748	0.00998	0.01089	0.00322	0.01305	0.00972	0.00562	0.07751
132	0.22078	0.02214	0.02493	0.01969	0.02798	0.02228	0.01625	0.13022	0.03248	0.32215	0.03342	0.03081	0.02201	0.01291	0.01013	0.00346	0.00986	0.00968	0.01155	0.01726
133	0.01371	0.00979	0.01306	0.01567	0.01632	0.00914	0.01045	0.01567	0.02155	0.02873	0.06203	0.59710	0.07444	0.03526	0.01437	0.00457	0.00653	0.03200	0.01045	0.00914
134	0.05050	0.01915	0.02612	0.02003	0.02873	0.01654	0.01654	0.05485	0.03221	0.54203	0.04440	0.03831	0.02786	0.01393	0.01132	0.00348	0.00958	0.01132	0.01393	0.01915
135	0.01561	0.01149	0.01461	0.01383	0.01662	0.01049	0.01037	0.02063	0.03111	0.04336	0.47832	0.08700	0.15729	0.02367	0.01328	0.00357	0.00536	0.02076	0.01216	0.01049
136	0.01501	0.01063	0.01331	0.01486	0.01661	0.00988	0.01070	0.01813	0.02404	0.03266	0.12378	0.36285	0.14354	0.03032	0.01360	0.00421	0.00652	0.06954	0.07018	0.00962
137	0.02800	0.02418	0.02545	0.02291	0.02927	0.02800	0.01782	0.05981	0.51390	0.04708	0.04581	0.04199	0.03436	0.01527	0.01145	0.00382	0.00891	0.01273	0.01145	0.01782
138	0.02325	0.10781	0.50245	0.03093	0.04694	0.02779	0.03958	0.03547	0.02368	0.03482	0.01979	0.02325	0.01427	0.01060	0.01038	0.00346	0.01622	0.00811	0.00476	0.01644
139	0.01570	0.01121	0.01534	0.01794	0.01947	0.01085	0.01390	0.01911	0.02351	0.03096	0.06094	0.38595	0.07010	0.03339	0.01490	0.00485	0.00825	0.22354	0.01041	0.00969
140	0.01798	0.01081	0.01622	0.01622	0.01713	0.01172	0.01172	0.01713	0.01622	0.02253	0.02435	0.03875	0.02344	0.05964	0.27780	0.37590	0.01901	0.01081	0.00541	0.00723
141	0.02126	0.02001	0.03376	0.57739	0.07752	0.02501	0.03126	0.02876	0.02251	0.02876	0.02001	0.03001	0.01500	0.01125	0.01125	0.00375	0.01500	0.01000	0.00500	0.01250
142	0.02126	0.02001	0.03376	0.57739	0.07752	0.02501	0.03126	0.02876	0.02251	0.02876	0.02001	0.03001	0.01500	0.01125	0.01125	0.00375	0.01500	0.01000	0.00500	0.01250
143	0.03416	0.04105	0.03867	0.08660	0.04236	0.31929	0.10696	0.03860	0.02743	0.02910	0.01815	0.02381	0.01506	0.01262	0.01555	0.00350	0.11927	0.00905	0.00555	0.01324
144	0.01490	0.01146	0.01362	0.01308	0.01618	0.01018	0.00981	0.01925	0.02943	0.03936	0.36591	0.09358	0.27219	0.02516	0.01329	0.00364	0.00546	0.02169	0.01163	0.01018
145	0.01955	0.00978	0.01466	0.01466	0.01466	0.00978	0.00978	0.01466	0.01466	0.01955	0.01955	0.03421	0.01955	0.03910	0.04399	0.67253	0.00978	0.00978	0.00489	0.00489
146	0.02829	0.02659	0.03206	0.32727	0.05719	0.09152	0.02619	0.10856	0.11583	0.03839	0.02537	0.03051	0.01903	0.01236	0.01116	0.00360	0.01415	0.01018	0.00721	0.01454
147	0.03009	0.61122	0.05898	0.01926	0.02889	0.04454	0.01926	0.03370	0.02287	0.02648	0.01565	0.01805	0.01444	0.00963	0.00722	0.00241	0.01204	0.00602	0.00481	0.01444
148	0.05050	0.01915	0.02612	0.02003	0.02873	0.01654	0.01654	0.05485	0.03221	0.54203	0.04440	0.03831	0.02786	0.01393	0.01132	0.00348	0.00958	0.01132	0.01393	0.01915
149	0.02323	0.02202	0.03732	0.42556	0.21394	0.02552	0.03224	0.03049	0.02344	0.03115	0.02035	0.02937	0.01585	0.01089	0.01122	0.00363	0.01452	0.01001	0.00517	0.01409
150	0.03111	0.02572	0.02720	0.02353	0.03045	0.02945	0.01857	0.15169	0.41695	0.05210	0.04186	0.03884	0.03116	0.01490	0.01141	0.00373	0.00964	0.01218	0.01141	0.01809
151	0.01910	0.01221	0.01606	0.01470	0.01791	0.01116	0.01116	0.02432	0.03189	0.09073	0.48390	0.07988	0.09901	0.02218	0.01310	0.00353	0.00570	0.01953	0.01253	0.01140
152	0.04204	0.05364	0.03190	0.02900	0.03480	0.55926	0.02175	0.04494	0.03190	0.02755	0.01740	0.02030	0.01450	0.01160	0.01015	0.00290	0.02030	0.00725	0.00580	0.01305
153	0.01493	0.01073	0.01415	0.01485	0.01659	0.00995	0.01054	0.01872	0.02719	0.03770	0.31696	0.31661	0.09180	0.02856	0.01377	0.00401	0.00586	0.02563	0.01151	0.00995
154	0.01449	0.01145	0.01305	0.01265	0.01593	0.01001	0.00949	0.01846	0.02847	0.03708	0.30179	0.09733	0.33773	0.02601	0.01329	0.00368	0.00552	0.02221	0.01133	0.01001
155	0.04017	0.01687	0.02281	0.01827	0.02517	0.01477	0.01477	0.04481	0.03211	0.39361	0.18894	0.05198	0.05126	0.01664	0.01190	0.00350	0.00830	0.01402	0.01347	0.01661
156	0.03545	0.12803	0.19005	0.02621	0.03757	0.03220	0.02668	0.24949	0.03779	0.09397	0.02472	0.02563	0.01770	0.01211	0.01047	0.00329	0.01336	0.00906	0.00855	0.01767
157	0.05050	0.01915	0.02612	0.02003	0.02873	0.01654	0.01654	0.05485	0.03221	0.54203	0.04440	0.03831	0.02786	0.01393	0.01132	0.00348	0.00958	0.01132	0.01393	0.01915
158	0.03417	0.01688	0.01968	0.01654	0.02228	0.01664	0.01319	0.08358	0.07788	0.22248	0.03944	0.03928	0.02814	0.01365	0.00976	0.00312	0.00781	0.01097	0.30941	0.01509
159	0.02184	0.01751	0.02476	0.07107	0.15474	0.01811	0.01788	0.06936	0.02375	0.03228	0.03451	0.14694	0.03683	0.24730	0.02977	0.00655	0.01122	0.01642	0.00745	0.01171
160	0.02462	0.02462	0.03447	0.02955	0.02955	0.03447	0.02462	0.02709	0.01724	0.02709	0.01477	0.02462	0.01477	0.01970	0.03694	0.00492	0.58385	0.00985	0.00492	0.01231
161	0.02485	0.02653	0.08238	0.03557	0.16597	0.02073	0.07941	0.03157	0.02437	0.03653	0.02066	0.02541	0.01680	0.00914	0.00989	0.00254	0.01170	0.00850	0.00609	0.36136
162	0.04121	0.02971	0.03325	0.02587	0.03376	0.03339	0.02140	0.40475	0.04696	0.10328	0.02693	0.02763	0.01931	0.01429	0.01436	0.00357	0.08110	0.01019	0.01071	0.01832
163	0.02735	0.02388	0.03285	0.02378	0.03385	0.02091	0.10023	0.11238	0.02913	0.04261	0.02174	0.02524	0.01718	0.00945	0.00973	0.00235	0.01094	0.00846	0.00730	0.44063
164	0.02645	0.02244	0.03750	0.33562	0.24349	0.02486	0.03111	0.03335	0.02458	0.07963	0.02272	0.02998	0.01726	0.01105	0.01122	0.00357	0.01389	0.01013	0.00605	0.01511
165	0.01421	0.01144	0.01266	0.01235	0.01576	0.00989	0.00927	0.01791	0.02780	0.03549	0.25709	0.09995	0.38342	0.02661	0.01329	0.00371	0.00557	0.02258	0.01112	0.00989
166	0.01553	0.01067	0.01412	0.01648	0.01782	0.01025	0.01218	0.01862	0.02286	0.03124	0.05905	0.42478	0.06771	0.03213	0.01406	0.00455	0.00739	0.13934	0.07166	0.00958
167	0.01449	0.01056	0.01364	0.01474	0.01640	0.00971	0.01034	0.01775	0.02567	0.03486	0.23676	0.36671	0.12626	0.03019	0.01387	0.00413	0.00601	0.02702	0.01116	0.00971
168	0.10111	0.01936	0.02535	0.01961	0.02818	0.01724	0.01619	0.05311	0.03117	0.50276	0.04211	0.03671	0.02661	0.01365	0.01097	0.00348	0.00951	0.01090	0.01337	0.01860
169	0.11692	0.01846	0.02263	0.01831	0.02520	0.01757	0.01483	0.08108	0.03232	0.30800	0.17022	0.04729	0.04639	0.01593	0.01132	0.00349	0.00856	0.01303	0.01244	0.01601
170	0.01471	0.01052	0.01415	0.01644	0.01763	0.00996	0.01184	0.01756	0.02328	0.03113	0.10438	0.46559	0.07562	0.03339	0.01448	0.00459	0.00711	0.10753	0.01061	0.00950
171	0.02786	0.02674	0.04568	0.06908	0.53424	0.02674	0.03454	0.03454	0.02563	0.03677	0.02117	0.02786	0.01783	0.01003	0.01114	0.00334	0.01337	0.01003	0.00557	0.01783
172	0.01637	0.01091	0.01228	0.01228	0.01228	0.01091	0.00682	0.01637	0.01637	0.02182	0.03546	0.07365	0.04092	0.60445	0.05729	0.01091	0.01091	0.01637	0.00682	0.00682
173	0.01637	0.01091	0.01228	0.01228	0.01228	0.01091	0.00682	0.01637	0.01637	0.02182	0.03546	0.07365	0.04092	0.60445	0.05729	0.01091	0.01091	0.01637	0.00682	0.00682
174	0.01525	0.01858	0.10781	0.01817	0.02198	0.01220	0.01580	0.01928	0.02235	0.03013	0.05973	0.44668	0.10874	0.03022	0.01361	0.00432	0.00825	0.02697	0.00943	0.01051
175	0.68395	0.02177	0.01654	0.01480	0.02177	0.02525	0.01219	0.03309	0.01915	0.05050	0.01567	0.01828	0.01219	0.01045	0.00697	0.00348	0.00871	0.00609	0.00697	0.01219
176	0.02657	0.03036	0.06641	0.04744	0.05882	0.02846	0.49336	0.03605	0.02657	0.03605	0.02277	0.03036	0.01708	0.00949	0.01328	0.00380	0.01898	0.01328	0.00569	0.01518
177	0.03009	0.61122	0.05898	0.01926	0.02889	0.04454	0.01926	0.03370	0.02287	0.02648	0.01565	0.01805	0.01444	0.00963	0.00722	0.00241	0.01204	0.00602	0.00481	0.01444
178	0.03276	0.04052	0.31019	0.07471	0.04383	0.02250	0.03146	0.04213	0.02677	0.22174	0.02911	0.02966	0.01934	0.01194	0.01097	0.00355	0.01389	0.00957	0.00816	0.01721
179	0.10478	0.06895	0.02577	0.01850	0.02581	0.01859	0.01523	0.04413	0.02909	0.35545	0.08513	0.09090	0.03669	0.01604	0.01100	0.00350	0.00903	0.01310	0.01199	0.01634
180	0.04331	0.07836	0.07820	0.02409	0.03383	0.02270	0.06386	0.09008	0.03201	0.36140	0.03611	0.03345	0.02367	0.01281	0.01107	0.00341	0.01154	0.01065	0.01130	0.01814
181	0.08997	0.20141	0.36444	0.02697	0.04079	0.03093	0.03275	0.03488	0.02307	0.03468	0.01854	0.02171	0.01410	0.01039	0.00940	0.00325	0.01463	0.00749	0.00499	0.01561
182	0.03884	0.13283	0.07969	0.09238	0.07977	0.02445	0.02253	0.04439	0.02802	0.29762	0.03206	0.03141	0.02179	0.01220	0.01048	0.00331	0.01162	0.00981	0.00966	0.01715
183	0.27940	0.12645	0.02851	0.01797	0.02620	0.02477	0.01543	0.04306	0.02574	0.26898	0.02869	0.02732	0.01970	0.01188	0.00898	0.00329	0.00970	0.00845	0.00974	0.01575
184	0.15925	0.07516	0.07563	0.02066	0.02989	0.02305	0.01873	0.08742	0.03017	0.32033	0.03298	0.03062	0.02186	0.01260	0.01012	0.00339	0.01053	0.00954	0.01081	0.01727
185	0.09495	0.24873	0.22678	0.02412	0.03590	0.03260	0.02662	0.07621	0.02626	0.08225	0.02087	0.02274	0.01576	0.01082	0.00917	0.00311	0.01319	0.00769	0.00638	0.01585
186	0.09584	0.18933	0.14419	0.02238	0.03288	0.02852	0.02257	0.08103	0.02849	0.21064	0.02741	0.02697	0.01919	0.01173	0.00968	0.00320	0.01189	0.00867	0.00867	0.01671
187	0.32718	0.13370	0.07435	0.01836	0.02675	0.02760	0.01706	0.07700	0.02513	0.08721	0.02864	0.02954	0.06228	0.01256	0.00871	0.00331	0.01018	0.00873	0.00769	0.01401
188	0.11023	0.48278	0.05137	0.01938	0.02862	0.04126	0.01862	0.07942	0.02539	0.03377	0.01678	0.01897	0.01464	0.01011	0.00759	0.00263	0.01167	0.00643	0.00571	0.01464
189	0.08878	0.14207	0.23147	0.02784	0.03955	0.07767	0.07141	0.07752	0.02749	0.08418	0.02180	0.02421	0.01606	0.01100	0.01006	0.00329	0.01467	0.00852	0.00655	0.01585
190	0.09015	0.13440	0.17773	0.02555	0.03658	0.03326	0.02581	0.25284	0.03699	0.05206	0.02228	0.02388	0.01642	0.01183	0.01006	0.00328	0.01318	0.00860	0.00803	0.01707

[dist]
# distance from previous block
# <min> <max>
9	33

[block]
# block no. 2 follows, 11 sequences, length 30
# corresponding to MSA columns:
# 319-348
name=unknown_C
#
# <colnr> <probs for GDERKNQSTAVLIFYWHMCP>
#	G	D	E	R	K	N	Q	S	T	A	V	L	I	F	Y	W	H	M	C	P
0	0.03083	0.02762	0.03237	0.03327	0.11798	0.08907	0.02301	0.04384	0.18391	0.08622	0.02924	0.03171	0.02296	0.01507	0.01854	0.00391	0.17580	0.01067	0.00816	0.01583
1	0.11307	0.02874	0.09099	0.04517	0.23752	0.02571	0.10787	0.03924	0.06704	0.09806	0.02545	0.02909	0.01920	0.01095	0.01098	0.00352	0.01324	0.01030	0.00716	0.01669
2	0.61010	0.02146	0.01766	0.01541	0.02258	0.02423	0.01270	0.03562	0.02068	0.10780	0.01902	0.02062	0.01402	0.01085	0.00747	0.00348	0.00881	0.00670	0.00778	0.01300
3	0.09991	0.01911	0.02048	0.01866	0.02369	0.02111	0.01444	0.04212	0.27407	0.04674	0.22462	0.05513	0.05892	0.01763	0.01162	0.00367	0.00752	0.01484	0.01128	0.01444
4	0.03581	0.02606	0.02996	0.06824	0.09118	0.07185	0.02075	0.10445	0.15142	0.16901	0.03329	0.03290	0.02398	0.01281	0.01092	0.00332	0.01143	0.01045	0.00993	0.08225
5	0.04005	0.03006	0.03378	0.09592	0.04031	0.03365	0.02265	0.43729	0.04906	0.06558	0.02613	0.02740	0.01862	0.01322	0.01126	0.00343	0.01272	0.01012	0.01046	0.01830
6	0.04091	0.03059	0.03272	0.02552	0.03419	0.03403	0.02094	0.44123	0.11145	0.06791	0.02941	0.02892	0.02107	0.01373	0.01128	0.00343	0.01194	0.01046	0.01128	0.01897
7	0.10434	0.02616	0.04229	0.06276	0.47449	0.02657	0.03194	0.03437	0.02487	0.03837	0.02053	0.02674	0.01717	0.01008	0.01066	0.00336	0.01283	0.00957	0.00573	0.01717
8	0.02978	0.02576	0.04504	0.10290	0.37695	0.02563	0.09043	0.03662	0.02626	0.09492	0.02399	0.02957	0.01867	0.01052	0.01144	0.00345	0.01378	0.01059	0.00651	0.01720
9	0.02786	0.02674	0.04568	0.06908	0.53424	0.02674	0.03454	0.03454	0.02563	0.03677	0.02117	0.02786	0.01783	0.01003	0.01114	0.00334	0.01337	0.01003	0.00557	0.01783
10	0.02786	0.02674	0.04568	0.06908	0.53424	0.02674	0.03454	0.03454	0.02563	0.03677	0.02117	0.02786	0.01783	0.01003	0.01114	0.00334	0.01337	0.01003	0.00557	0.01783
11	0.02528	0.03182	0.11633	0.04305	0.05416	0.02667	0.39492	0.03475	0.02618	0.03577	0.02611	0.03915	0.02147	0.01176	0.01321	0.00391	0.01786	0.05669	0.00605	0.01487
12	0.03853	0.02191	0.03343	0.09888	0.18503	0.02186	0.02418	0.04380	0.02805	0.29532	0.03253	0.03325	0.02245	0.01288	0.01313	0.00358	0.05326	0.01068	0.00976	0.01750
13	0.02720	0.02608	0.04451	0.11929	0.48912	0.02657	0.03422	0.03397	0.02532	0.03598	0.02106	0.02807	0.01755	0.01015	0.01115	0.00338	0.01353	0.01003	0.00552	0.01730
14	0.01371	0.00979	0.01306	0.01567	0.01632	0.00914	0.01045	0.01567	0.02155	0.02873	0.06203	0.59710	0.07444	0.03526	0.01437	0.00457	0.00653	0.03200	0.01045	0.00914
15	0.02987	0.02574	0.04450	0.09608	0.40308	0.02562	0.07329	0.03660	0.02625	0.09376	0.02388	0.02942	0.01871	0.01051	0.01136	0.00343	0.01355	0.01046	0.00650	0.01738
16	0.02126	0.02001	0.03376	0.57739	0.07752	0.02501	0.03126	0.02876	0.02251	0.02876	0.02001	0.03001	0.01500	0.01125	0.01125	0.00375	0.01500	0.01000	0.00500	0.01250
17	0.02382	0.01903	0.03055	0.02480	0.03074	0.01860	0.13055	0.03449	0.11096	0.08672	0.24200	0.06341	0.06199	0.01828	0.01299	0.00378	0.01004	0.05299	0.01057	0.01368
18	0.01720	0.01424	0.02179	0.02092	0.02460	0.01340	0.07624	0.02175	0.02512	0.03224	0.06891	0.19762	0.17701	0.02841	0.01447	0.00454	0.00960	0.21162	0.00979	0.01055
19	0.04328	0.02281	0.03468	0.03190	0.11750	0.02125	0.07435	0.08881	0.03232	0.35749	0.03649	0.03464	0.02417	0.01273	0.01151	0.00349	0.01154	0.01122	0.01135	0.01848
20	0.03903	0.02610	0.02903	0.02350	0.03147	0.02832	0.01901	0.23859	0.21826	0.16567	0.03777	0.03502	0.02667	0.01425	0.01134	0.00356	0.01049	0.01135	0.01192	0.01866
21	0.01566	0.01172	0.01468	0.01459	0.01751	0.01074	0.01138	0.02035	0.02935	0.03963	0.34879	0.09717	0.20239	0.02570	0.01366	0.00388	0.00625	0.09467	0.01158	0.01030
22	0.02548	0.02515	0.04526	0.23153	0.30527	0.02646	0.11042	0.03291	0.02477	0.03403	0.02106	0.02898	0.01678	0.01034	0.01154	0.00355	0.01484	0.01057	0.00541	0.01564
23	0.02550	0.02434	0.04143	0.25061	0.37114	0.02612	0.03337	0.03248	0.02451	0.03391	0.02075	0.02862	0.01682	0.01047	0.01118	0.00349	0.01395	0.01002	0.00537	0.01593
24	0.03871	0.02417	0.04285	0.03740	0.12356	0.02223	0.17872	0.04517	0.02922	0.28840	0.03329	0.03390	0.02258	0.01179	0.01194	0.00356	0.01335	0.01176	0.00978	0.01761
25	0.15255	0.03675	0.16989	0.02802	0.03830	0.09278	0.09770	0.04209	0.08154	0.11561	0.02600	0.02763	0.01870	0.01159	0.01052	0.00352	0.01405	0.00951	0.00760	0.01565
