[name]
unknown

[dist]
# distance from previous block
# <min> <max>
0	320

[block]
# block no. 0 follows, 14 sequences, length 17
# corresponding to MSA columns:
# 340-356
name=unknown_A
#
# <colnr> <probs for GDERKNQSTAVLIFYWHMCP>
#	G	D	E	R	K	N	Q	S	T	A	V	L	I	F	Y	W	H	M	C	P
0	0.02761	0.27813	0.12014	0.08923	0.08906	0.11252	0.02342	0.06674	0.04890	0.03017	0.01796	0.02109	0.01463	0.00984	0.00858	0.00274	0.01294	0.00723	0.00526	0.01382
1	0.02083	0.19900	0.03205	0.02010	0.02338	0.02678	0.01724	0.02394	0.01751	0.02419	0.01922	0.02774	0.01818	0.03851	0.24815	0.00855	0.21004	0.00876	0.00486	0.01098
2	0.03149	0.01800	0.05894	0.02119	0.07358	0.01462	0.01619	0.03648	0.02821	0.30732	0.22192	0.04775	0.04869	0.01507	0.01089	0.00319	0.00811	0.01291	0.01097	0.01449
3	0.01856	0.19463	0.02357	0.01304	0.01559	0.01886	0.00951	0.01952	0.01665	0.02113	0.02708	0.05243	0.03029	0.45612	0.03897	0.00770	0.01025	0.01218	0.00569	0.00824
4	0.21949	0.01209	0.01387	0.01341	0.01525	0.01301	0.00955	0.01825	0.01456	0.02602	0.01680	0.02697	0.01588	0.02806	0.03030	0.49853	0.00863	0.00794	0.00501	0.00639
5	0.09085	0.03917	0.30259	0.03103	0.04301	0.02546	0.17815	0.10175	0.02563	0.03830	0.01955	0.02334	0.01417	0.00976	0.01018	0.00328	0.01456	0.00893	0.00559	0.01470
6	0.02374	0.02094	0.02541	0.19343	0.03947	0.02473	0.01980	0.04630	0.40096	0.03807	0.03493	0.03511	0.02620	0.01286	0.01039	0.00346	0.00974	0.01088	0.00873	0.01484
7	0.02852	0.02799	0.05191	0.03755	0.04730	0.02766	0.38738	0.18056	0.03120	0.04211	0.02189	0.02680	0.01612	0.00972	0.01157	0.00335	0.01556	0.01128	0.00667	0.01489
8	0.02073	0.01824	0.02404	0.18940	0.03779	0.01633	0.01691	0.02595	0.02106	0.03134	0.01824	0.02305	0.01476	0.00837	0.00837	0.00207	0.00937	0.00696	0.00564	0.50138
9	0.02164	0.01579	0.01868	0.01602	0.02012	0.01612	0.01254	0.17098	0.03463	0.04799	0.41147	0.06154	0.07376	0.01846	0.01157	0.00318	0.00672	0.01585	0.01100	0.01194
10	0.10604	0.02151	0.02518	0.08973	0.03188	0.02262	0.01721	0.20627	0.06349	0.17110	0.05997	0.03012	0.02358	0.01206	0.00974	0.00304	0.00972	0.00950	0.00942	0.07783
11	0.02316	0.03506	0.21329	0.03918	0.05095	0.02534	0.39273	0.03276	0.02348	0.03276	0.02008	0.02593	0.01482	0.00897	0.01142	0.00340	0.01668	0.01080	0.00494	0.01423
12	0.02167	0.01530	0.01697	0.01513	0.01758	0.01613	0.01043	0.16776	0.02511	0.03358	0.03268	0.11501	0.03479	0.39250	0.03587	0.00734	0.00991	0.01479	0.00775	0.00971
13	0.17180	0.24672	0.08681	0.02570	0.10782	0.09180	0.02022	0.03418	0.07081	0.03273	0.01809	0.02052	0.01485	0.00975	0.00799	0.00279	0.01145	0.00691	0.00555	0.01352
14	0.06210	0.03334	0.27477	0.02100	0.03216	0.01837	0.02332	0.02810	0.02141	0.03326	0.02588	0.02823	0.06456	0.01036	0.00891	0.00258	0.01082	0.00814	0.00562	0.28706
15	0.33726	0.12423	0.16545	0.02341	0.05927	0.02625	0.07052	0.03115	0.01996	0.03749	0.01618	0.01937	0.01259	0.00936	0.00797	0.00306	0.01128	0.00686	0.00538	0.01294
16	0.06730	0.23601	0.08305	0.01828	0.02598	0.02543	0.01696	0.05590	0.05844	0.11552	0.02752	0.11249	0.02452	0.01333	0.00891	0.00285	0.00960	0.01053	0.00735	0.08005

[dist]
# distance from previous block
# <min> <max>
0	33

[block]
# block no. 1 follows, 14 sequences, length 10
# corresponding to MSA columns:
# 390-399
name=unknown_B
#
# <colnr> <probs for GDERKNQSTAVLIFYWHMCP>
#	G	D	E	R	K	N	Q	S	T	A	V	L	I	F	Y	W	H	M	C	P
0	0.02869	0.17877	0.20713	0.02575	0.03631	0.02957	0.08387	0.15858	0.05659	0.06770	0.02161	0.02343	0.01603	0.01040	0.00948	0.00299	0.01278	0.00837	0.00665	0.01528
1	0.09858	0.05666	0.02722	0.02596	0.11947	0.02023	0.04125	0.07762	0.06368	0.15720	0.06741	0.10080	0.07063	0.01496	0.01029	0.00325	0.00918	0.01277	0.00885	0.01399
2	0.06728	0.09157	0.31580	0.05689	0.03792	0.02412	0.02771	0.06417	0.05019	0.10364	0.02207	0.02386	0.01577	0.01030	0.00932	0.00307	0.01252	0.00793	0.00625	0.04963
3	0.02400	0.19637	0.26054	0.02199	0.03177	0.07583	0.02423	0.03285	0.05981	0.03142	0.02137	0.02408	0.01665	0.01025	0.00849	0.00279	0.01208	0.00758	0.12442	0.01347
4	0.71184	0.01985	0.01508	0.01350	0.01985	0.02302	0.01111	0.03017	0.01746	0.04604	0.01429	0.01667	0.01111	0.00953	0.00635	0.00318	0.00794	0.00556	0.00635	0.01111
5	0.02357	0.01703	0.02078	0.01622	0.02403	0.01353	0.01328	0.02808	0.02270	0.10183	0.02727	0.03932	0.02406	0.01182	0.00908	0.00228	0.00806	0.09303	0.00749	0.49654
6	0.01391	0.01248	0.01403	0.01325	0.01612	0.01260	0.01033	0.01645	0.02206	0.02720	0.08833	0.08558	0.47481	0.02460	0.01585	0.00364	0.11152	0.01947	0.00866	0.00911
7	0.14708	0.49017	0.04484	0.01691	0.02521	0.03565	0.01626	0.03208	0.02091	0.06993	0.01624	0.01789	0.01373	0.00920	0.00683	0.00244	0.01028	0.00586	0.00535	0.01314
8	0.03181	0.22975	0.03616	0.02454	0.10801	0.02577	0.01810	0.03813	0.07051	0.19709	0.02584	0.02588	0.01916	0.01032	0.00871	0.00265	0.00981	0.00810	0.00774	0.10193
9	0.10790	0.01844	0.02050	0.01499	0.02376	0.01485	0.01203	0.02638	0.02080	0.03502	0.01774	0.02070	0.01469	0.00784	0.00744	0.00173	0.00764	0.00601	0.00611	0.61541

[dist]
# distance from previous block
# <min> <max>
0	7

[block]
# block no. 2 follows, 14 sequences, length 6
# corresponding to MSA columns:
# 407-412
name=unknown_C
#
# <colnr> <probs for GDERKNQSTAVLIFYWHMCP>
#	G	D	E	R	K	N	Q	S	T	A	V	L	I	F	Y	W	H	M	C	P
0	0.11256	0.02085	0.02880	0.07775	0.23063	0.02202	0.02223	0.11784	0.02685	0.03920	0.03140	0.04628	0.05703	0.01458	0.01060	0.00345	0.01065	0.10638	0.00724	0.01368
1	0.02588	0.02082	0.03168	0.10636	0.13165	0.02188	0.09430	0.03899	0.19298	0.10698	0.03316	0.09416	0.02716	0.01358	0.01087	0.00342	0.01072	0.01257	0.00820	0.01463
2	0.02364	0.01421	0.01794	0.01593	0.02019	0.01412	0.01244	0.03225	0.12011	0.16343	0.25135	0.05624	0.08442	0.02610	0.09531	0.00517	0.00958	0.01451	0.01054	0.01251
3	0.03712	0.09861	0.03213	0.10608	0.03536	0.02381	0.04658	0.15686	0.03114	0.28423	0.02932	0.02879	0.01984	0.01156	0.00993	0.00308	0.01077	0.00940	0.00954	0.01587
4	0.02838	0.33260	0.23015	0.02167	0.03248	0.03038	0.02407	0.03473	0.02263	0.12547	0.02031	0.02149	0.01527	0.00980	0.00832	0.00273	0.01201	0.00705	0.00584	0.01461
5	0.02123	0.02554	0.10132	0.09523	0.03056	0.11877	0.01850	0.02934	0.08124	0.03470	0.24507	0.04936	0.07618	0.01569	0.01086	0.00319	0.01022	0.01311	0.00820	0.01171

[dist]
# distance from previous block
# <min> <max>
1	9

[block]
# block no. 3 follows, 14 sequences, length 45
# corresponding to MSA columns:
# 422-466
name=unknown_D
#
# <colnr> <probs for GDERKNQSTAVLIFYWHMCP>
#	G	D	E	R	K	N	Q	S	T	A	V	L	I	F	Y	W	H	M	C	P
0	0.02834	0.02651	0.08366	0.04110	0.19722	0.02330	0.20727	0.06801	0.02595	0.11742	0.02321	0.02704	0.01715	0.00965	0.01069	0.00313	0.01335	0.01006	0.00661	0.06033
1	0.02843	0.04096	0.37453	0.02699	0.03957	0.02239	0.06167	0.07421	0.02567	0.17037	0.02445	0.02552	0.01654	0.01060	0.01007	0.00323	0.01343	0.00866	0.00688	0.01582
2	0.17717	0.01853	0.02012	0.01509	0.02349	0.01588	0.01218	0.02894	0.02114	0.08469	0.01932	0.02146	0.01519	0.00848	0.00756	0.00203	0.00778	0.00634	0.00672	0.48787
3	0.06903	0.01934	0.06813	0.01823	0.02237	0.06863	0.01552	0.02303	0.01850	0.02697	0.02404	0.03367	0.02163	0.05539	0.40988	0.01208	0.02283	0.00957	0.00548	0.05570
4	0.12892	0.08207	0.02867	0.02325	0.06960	0.09452	0.01756	0.17901	0.02984	0.08250	0.02125	0.02326	0.01626	0.01107	0.01020	0.00287	0.04653	0.00786	0.04980	0.07497
5	0.01328	0.00975	0.01273	0.01437	0.01572	0.00881	0.00976	0.01531	0.01979	0.02684	0.05318	0.57870	0.06323	0.02998	0.01261	0.00393	0.00610	0.02714	0.00922	0.06955
6	0.02047	0.01755	0.02032	0.01478	0.02340	0.01324	0.01177	0.02486	0.02147	0.03294	0.02580	0.02812	0.06426	0.00922	0.00800	0.00169	0.00739	0.00745	0.00638	0.64090
7	0.02645	0.25004	0.08913	0.02193	0.03151	0.02714	0.09150	0.05897	0.02358	0.06745	0.01898	0.02155	0.01511	0.00896	0.00839	0.00239	0.01114	0.00730	0.00585	0.21265
8	0.27240	0.02772	0.02269	0.01949	0.02568	0.15789	0.01542	0.16042	0.02899	0.08605	0.02302	0.07487	0.01932	0.01271	0.00891	0.00311	0.01114	0.00918	0.00786	0.01313
9	0.01486	0.01019	0.01241	0.01241	0.01283	0.01061	0.00774	0.01571	0.01528	0.02080	0.03122	0.06099	0.03463	0.51012	0.17780	0.01145	0.01398	0.01402	0.00605	0.00689
10	0.02076	0.05025	0.53497	0.02904	0.04280	0.02453	0.03649	0.03178	0.02112	0.03178	0.01796	0.02174	0.01304	0.01051	0.01196	0.00336	0.07104	0.00771	0.00435	0.01480
11	0.01783	0.00891	0.01337	0.01337	0.01337	0.00891	0.00891	0.01337	0.01337	0.01783	0.01783	0.03119	0.01783	0.03565	0.04011	0.70143	0.00891	0.00891	0.00446	0.00446
12	0.02285	0.12869	0.02128	0.01352	0.01792	0.01845	0.01120	0.09876	0.02630	0.03988	0.10472	0.03776	0.03263	0.01271	0.00821	0.00257	0.00686	0.01005	0.37428	0.01137
13	0.02661	0.02897	0.11950	0.02183	0.02903	0.07630	0.01967	0.14841	0.20101	0.04388	0.13691	0.03830	0.03656	0.01396	0.01051	0.00323	0.01032	0.01133	0.00906	0.01461
14	0.01871	0.00965	0.00994	0.00987	0.01226	0.00958	0.00740	0.02350	0.02220	0.03852	0.08202	0.04173	0.03268	0.01277	0.00762	0.00247	0.00479	0.01038	0.63433	0.00958
15	0.02944	0.53610	0.04925	0.01919	0.02733	0.14286	0.01798	0.03261	0.02236	0.02432	0.01456	0.01684	0.01318	0.00911	0.00707	0.00228	0.01236	0.00569	0.00455	0.01294
16	0.01357	0.01013	0.01273	0.01361	0.01566	0.00929	0.01014	0.01686	0.02384	0.03159	0.21846	0.27204	0.19294	0.02689	0.01273	0.00380	0.00594	0.09075	0.01004	0.00896
17	0.08492	0.18674	0.03272	0.06046	0.03068	0.22598	0.01820	0.04010	0.16274	0.03125	0.02223	0.02357	0.01778	0.01089	0.00873	0.00284	0.01276	0.00771	0.00644	0.01325
18	0.02929	0.41994	0.07841	0.02032	0.02867	0.11870	0.01917	0.07250	0.07264	0.02952	0.01802	0.01966	0.01513	0.00983	0.00779	0.00251	0.01209	0.00661	0.00550	0.01370
19	0.02841	0.34568	0.11299	0.02742	0.09938	0.03256	0.06878	0.07028	0.02426	0.07475	0.01884	0.02129	0.01504	0.00950	0.00848	0.00269	0.01205	0.00745	0.00564	0.01451
20	0.07473	0.02506	0.11597	0.07626	0.19066	0.02064	0.02380	0.03671	0.06625	0.17444	0.06995	0.03190	0.02516	0.01157	0.01007	0.00320	0.01069	0.00990	0.00786	0.01516
21	0.08326	0.02360	0.10572	0.02276	0.02967	0.02018	0.10672	0.03448	0.17540	0.03944	0.19746	0.04414	0.04466	0.01423	0.01078	0.00334	0.00966	0.01275	0.00857	0.01316
22	0.02304	0.01815	0.02636	0.07780	0.07251	0.05008	0.08836	0.02904	0.05389	0.10831	0.14589	0.18021	0.04657	0.01784	0.01151	0.00346	0.00973	0.01634	0.00873	0.01218
23	0.02390	0.12278	0.15912	0.08473	0.18915	0.02723	0.09948	0.03315	0.07138	0.03166	0.02027	0.02479	0.01605	0.01012	0.01101	0.00316	0.04327	0.00890	0.00526	0.01459
24	0.02058	0.05308	0.58618	0.02925	0.04442	0.02383	0.03792	0.03250	0.02167	0.03250	0.01842	0.02167	0.01300	0.00975	0.00975	0.00325	0.01517	0.00758	0.00433	0.01517
25	0.01418	0.01048	0.01325	0.01255	0.01512	0.00954	0.00942	0.01871	0.02825	0.03925	0.50389	0.07979	0.16405	0.02169	0.01211	0.00326	0.00489	0.01900	0.01105	0.00954
26	0.01530	0.01161	0.01640	0.01607	0.01734	0.01356	0.01204	0.01803	0.01608	0.02300	0.02755	0.04509	0.02740	0.20047	0.43232	0.01411	0.06767	0.01174	0.00559	0.00865
27	0.02295	0.19382	0.37045	0.02654	0.03898	0.02824	0.06360	0.03408	0.07006	0.03142	0.01967	0.02229	0.01487	0.00982	0.00919	0.00303	0.01364	0.00773	0.00496	0.01469
28	0.01250	0.00893	0.01191	0.01429	0.01488	0.00834	0.00953	0.01429	0.01965	0.02620	0.05656	0.63265	0.06787	0.03215	0.01310	0.00417	0.00595	0.02917	0.00953	0.00834
29	0.01250	0.00893	0.01191	0.01429	0.01488	0.00834	0.00953	0.01429	0.01965	0.02620	0.05656	0.63265	0.06787	0.03215	0.01310	0.00417	0.00595	0.02917	0.00953	0.00834
30	0.08372	0.05869	0.02633	0.02001	0.02638	0.02548	0.01645	0.20165	0.14012	0.13822	0.02936	0.02918	0.02141	0.01271	0.01139	0.00318	0.05809	0.00942	0.07294	0.01526
31	0.03524	0.03441	0.02863	0.02473	0.03050	0.33160	0.06558	0.03880	0.02759	0.14891	0.02750	0.07845	0.02348	0.01375	0.01038	0.00309	0.01465	0.04234	0.00752	0.01286
32	0.03462	0.04272	0.02963	0.02656	0.03061	0.46553	0.02044	0.03717	0.02595	0.02502	0.01530	0.01943	0.01328	0.01230	0.01497	0.00308	0.15939	0.00716	0.00510	0.01174
33	0.01466	0.01100	0.01649	0.01649	0.01833	0.01283	0.01283	0.01833	0.01649	0.02382	0.02749	0.04032	0.02566	0.07697	0.59868	0.01649	0.02749	0.01100	0.00550	0.00916
34	0.01452	0.01049	0.01372	0.01291	0.01533	0.00968	0.00968	0.01937	0.02905	0.04115	0.56992	0.07666	0.09683	0.02098	0.01210	0.00323	0.00484	0.01856	0.01130	0.00968
35	0.02058	0.05308	0.58618	0.02925	0.04442	0.02383	0.03792	0.03250	0.02167	0.03250	0.01842	0.02167	0.01300	0.00975	0.00975	0.00325	0.01517	0.00758	0.00433	0.01517
36	0.02744	0.64552	0.05378	0.01756	0.02634	0.04061	0.01756	0.03073	0.02085	0.02414	0.01427	0.01646	0.01317	0.00878	0.00658	0.00219	0.01097	0.00549	0.00439	0.01317
37	0.02744	0.64552	0.05378	0.01756	0.02634	0.04061	0.01756	0.03073	0.02085	0.02414	0.01427	0.01646	0.01317	0.00878	0.00658	0.00219	0.01097	0.00549	0.00439	0.01317
38	0.02680	0.59084	0.10292	0.01864	0.02801	0.03906	0.01944	0.03089	0.02093	0.02492	0.01465	0.01694	0.01315	0.00887	0.00688	0.00229	0.01136	0.00568	0.00438	0.01335
39	0.03786	0.03931	0.12139	0.02423	0.03206	0.31023	0.02133	0.04251	0.02792	0.20890	0.02436	0.02442	0.01717	0.01113	0.00969	0.00292	0.01474	0.00799	0.00755	0.01427
40	0.01619	0.01170	0.01606	0.01823	0.02068	0.01157	0.01585	0.02075	0.02361	0.03048	0.05822	0.11443	0.09916	0.02816	0.01401	0.00463	0.00912	0.46831	0.00946	0.00939
41	0.01492	0.00995	0.01119	0.01119	0.01119	0.00995	0.00622	0.01492	0.01492	0.01990	0.03233	0.06716	0.03731	0.63935	0.05223	0.00995	0.00995	0.01492	0.00622	0.00622
42	0.01938	0.01824	0.03078	0.61468	0.07068	0.02280	0.02850	0.02622	0.02052	0.02622	0.01824	0.02736	0.01368	0.01026	0.01026	0.00342	0.01368	0.00912	0.00456	0.01140
43	0.01526	0.00992	0.01106	0.01106	0.01125	0.00992	0.00629	0.01564	0.01545	0.02137	0.03243	0.06484	0.03643	0.58915	0.04863	0.00934	0.00954	0.01449	0.06144	0.00649
44	0.03397	0.02981	0.08076	0.03483	0.14672	0.13212	0.12470	0.03968	0.02645	0.20982	0.02573	0.02732	0.01824	0.01052	0.01039	0.00311	0.01353	0.00950	0.00756	0.01524

[dist]
# distance from previous block
# <min> <max>
0	6

[block]
# block no. 4 follows, 14 sequences, length 40
# corresponding to MSA columns:
# 473-512
name=unknown_E
#
# <colnr> <probs for GDERKNQSTAVLIFYWHMCP>
#	G	D	E	R	K	N	Q	S	T	A	V	L	I	F	Y	W	H	M	C	P
0	0.02563	0.02360	0.03709	0.13731	0.37688	0.02535	0.02831	0.08068	0.06181	0.03554	0.02086	0.02634	0.01686	0.01047	0.01159	0.00322	0.04797	0.00931	0.00583	0.01534
1	0.01783	0.00891	0.01337	0.01337	0.01337	0.00891	0.00891	0.01337	0.01337	0.01783	0.01783	0.03119	0.01783	0.03565	0.04011	0.70143	0.00891	0.00891	0.00446	0.00446
2	0.03872	0.01546	0.02037	0.01621	0.02270	0.01365	0.01318	0.04291	0.02782	0.44070	0.07366	0.03830	0.03024	0.01310	0.00982	0.00303	0.00771	0.01071	0.14631	0.01541
3	0.01339	0.00983	0.01268	0.01474	0.01569	0.00951	0.00999	0.01704	0.05642	0.02734	0.05555	0.59196	0.06537	0.03090	0.01292	0.00412	0.00610	0.02797	0.00959	0.00888
4	0.02124	0.02153	0.04297	0.08113	0.08942	0.02080	0.30811	0.02788	0.02275	0.03154	0.02846	0.14663	0.02658	0.01368	0.01159	0.00347	0.01335	0.01475	0.06168	0.01244
5	0.02229	0.01739	0.01976	0.01478	0.02251	0.01434	0.01178	0.06699	0.02350	0.03690	0.02174	0.02487	0.01755	0.00883	0.00773	0.00182	0.00735	0.00702	0.14141	0.51147
6	0.02128	0.01824	0.02128	0.01520	0.02432	0.01368	0.01216	0.02584	0.02128	0.03344	0.01824	0.02128	0.01520	0.00760	0.00760	0.00152	0.00760	0.00608	0.00608	0.70208
7	0.65796	0.02244	0.05959	0.01472	0.02176	0.02308	0.01320	0.03035	0.01779	0.04499	0.01461	0.01706	0.01126	0.00954	0.00662	0.00318	0.00850	0.00571	0.00619	0.01143
8	0.01856	0.01428	0.01867	0.01740	0.01930	0.01675	0.01320	0.05785	0.06510	0.02725	0.02709	0.04160	0.02587	0.17041	0.28676	0.05835	0.09432	0.01132	0.00621	0.00970
9	0.02075	0.02335	0.08689	0.20375	0.10822	0.02360	0.09307	0.02670	0.02086	0.02919	0.05628	0.07063	0.02330	0.01383	0.01608	0.00365	0.15077	0.01134	0.00545	0.01229
10	0.07900	0.01957	0.02958	0.03116	0.15330	0.01960	0.08948	0.07500	0.05889	0.10558	0.03399	0.19471	0.03224	0.01649	0.01099	0.00347	0.01006	0.01512	0.00818	0.01359
11	0.02436	0.29376	0.23949	0.02189	0.03204	0.02981	0.02415	0.07853	0.02422	0.03226	0.05464	0.05934	0.02207	0.01163	0.00882	0.00284	0.01184	0.00884	0.00567	0.01380
12	0.01783	0.00891	0.01337	0.01337	0.01337	0.00891	0.00891	0.01337	0.01337	0.01783	0.01783	0.03119	0.01783	0.03565	0.04011	0.70143	0.00891	0.00891	0.00446	0.00446
13	0.01869	0.01708	0.02368	0.02186	0.02235	0.02207	0.01752	0.02116	0.01829	0.02666	0.06646	0.20464	0.03768	0.02289	0.02504	0.00433	0.36255	0.05014	0.00672	0.01018
14	0.01506	0.01007	0.01246	0.01274	0.01485	0.00947	0.00947	0.01912	0.02482	0.03591	0.28715	0.18506	0.10502	0.02219	0.01142	0.00336	0.00540	0.05278	0.15437	0.00930
15	0.71184	0.01985	0.01508	0.01350	0.01985	0.02302	0.01111	0.03017	0.01746	0.04604	0.01429	0.01667	0.01111	0.00953	0.00635	0.00318	0.00794	0.00556	0.00635	0.01111
16	0.01429	0.01048	0.01340	0.01267	0.01519	0.00959	0.00950	0.01892	0.02851	0.03987	0.52531	0.07877	0.14224	0.02146	0.01211	0.00325	0.00488	0.01886	0.01113	0.00959
17	0.01938	0.01824	0.03078	0.61468	0.07068	0.02280	0.02850	0.02622	0.02052	0.02622	0.01824	0.02736	0.01368	0.01026	0.01026	0.00342	0.01368	0.00912	0.00456	0.01140
18	0.01397	0.01023	0.01311	0.01289	0.01512	0.00937	0.00948	0.01812	0.02702	0.03750	0.44393	0.16691	0.13764	0.02323	0.01226	0.00340	0.00505	0.02054	0.01085	0.00937
19	0.02864	0.02390	0.03272	0.12513	0.22160	0.02593	0.02403	0.21330	0.07858	0.04483	0.05892	0.02989	0.02286	0.01163	0.01036	0.00316	0.01126	0.01000	0.00772	0.01552
20	0.16885	0.02047	0.02040	0.01729	0.02309	0.05939	0.01379	0.11031	0.09375	0.15567	0.11459	0.03595	0.03265	0.01325	0.00943	0.00310	0.00855	0.01033	0.07549	0.01365
21	0.03212	0.02532	0.02692	0.02222	0.02920	0.02861	0.01784	0.29263	0.30795	0.05357	0.03339	0.03161	0.02454	0.01314	0.01036	0.00328	0.00967	0.01045	0.01036	0.01683
22	0.21277	0.02529	0.06846	0.22635	0.13368	0.06981	0.06387	0.03031	0.02121	0.03374	0.01735	0.02302	0.01346	0.00974	0.00920	0.00322	0.01263	0.00807	0.00523	0.01261
23	0.02543	0.02379	0.03696	0.05228	0.43584	0.02467	0.02762	0.03735	0.15899	0.03592	0.02501	0.02868	0.02009	0.01036	0.01023	0.00316	0.01116	0.00977	0.00644	0.01625
24	0.01250	0.00893	0.01191	0.01429	0.01488	0.00834	0.00953	0.01429	0.01965	0.02620	0.05656	0.63265	0.06787	0.03215	0.01310	0.00417	0.00595	0.02917	0.00953	0.00834
25	0.01452	0.01049	0.01372	0.01291	0.01533	0.00968	0.00968	0.01937	0.02905	0.04115	0.56992	0.07666	0.09683	0.02098	0.01210	0.00323	0.00484	0.01856	0.01130	0.00968
26	0.22235	0.01810	0.02150	0.01700	0.02452	0.01719	0.01403	0.04476	0.02622	0.44040	0.03355	0.03009	0.02162	0.01186	0.00927	0.00318	0.00852	0.00906	0.01102	0.01578
27	0.01447	0.00989	0.01120	0.01142	0.01176	0.00969	0.00666	0.01485	0.01606	0.02113	0.04043	0.12384	0.08326	0.53179	0.04525	0.00887	0.00918	0.01683	0.00680	0.00662
28	0.01213	0.01040	0.01040	0.01040	0.01386	0.00866	0.00780	0.01473	0.02339	0.02772	0.10396	0.09876	0.57117	0.02599	0.01213	0.00347	0.00520	0.02166	0.00953	0.00866
29	0.03286	0.02569	0.02733	0.02237	0.02948	0.02895	0.01802	0.31913	0.28025	0.05475	0.03245	0.03087	0.02378	0.01305	0.01035	0.00326	0.00985	0.01032	0.01035	0.01690
30	0.48943	0.01905	0.01800	0.01509	0.02197	0.02037	0.01244	0.03680	0.02144	0.22523	0.02304	0.02277	0.01589	0.01059	0.00768	0.00318	0.00820	0.00715	0.00847	0.01324
31	0.01330	0.01044	0.01202	0.01163	0.01458	0.00916	0.00872	0.01700	0.02616	0.03430	0.33218	0.08793	0.33885	0.02354	0.01212	0.00335	0.00502	0.02014	0.01040	0.00916
32	0.02128	0.01824	0.02128	0.01520	0.02432	0.01368	0.01216	0.02584	0.02128	0.03344	0.01824	0.02128	0.01520	0.00760	0.00760	0.00152	0.00760	0.00608	0.00608	0.70208
33	0.04348	0.01697	0.02318	0.01831	0.02577	0.01480	0.01521	0.04751	0.02887	0.53443	0.04169	0.04196	0.02833	0.01406	0.01066	0.00331	0.00879	0.05348	0.01242	0.01677
34	0.02634	0.02809	0.08732	0.12264	0.15444	0.06393	0.06988	0.10049	0.12827	0.03688	0.02354	0.02725	0.01815	0.01136	0.01196	0.00332	0.05526	0.00955	0.00660	0.01472
35	0.01453	0.01133	0.01337	0.01337	0.01617	0.01067	0.01007	0.02028	0.07137	0.03397	0.25961	0.16298	0.24286	0.02414	0.01225	0.00357	0.00572	0.05380	0.01025	0.00970
36	0.02387	0.02012	0.02925	0.35136	0.08898	0.02334	0.02440	0.14980	0.02757	0.03632	0.02498	0.07453	0.02163	0.01343	0.01072	0.00345	0.01218	0.04457	0.00665	0.01285
37	0.02778	0.01431	0.01861	0.01561	0.02046	0.01320	0.01234	0.06674	0.03050	0.24138	0.33791	0.05774	0.06513	0.01734	0.01132	0.00320	0.00672	0.01489	0.01174	0.01308
38	0.12510	0.08583	0.03322	0.07473	0.19081	0.22651	0.02259	0.03376	0.02364	0.03045	0.01652	0.02094	0.01386	0.01030	0.01051	0.00297	0.05254	0.00743	0.00520	0.01310
39	0.29726	0.02407	0.06534	0.02151	0.02957	0.02319	0.08811	0.10430	0.06098	0.15569	0.02405	0.02478	0.01698	0.01074	0.00899	0.00323	0.01035	0.00847	0.00815	0.01426

[dist]
# distance from previous block
# <min> <max>
0	52

[block]
# block no. 5 follows, 14 sequences, length 24
# corresponding to MSA columns:
# 566-589
name=unknown_F
#
# <colnr> <probs for GDERKNQSTAVLIFYWHMCP>
#	G	D	E	R	K	N	Q	S	T	A	V	L	I	F	Y	W	H	M	C	P
0	0.07279	0.02776	0.07450	0.04351	0.28320	0.06516	0.09141	0.06782	0.06340	0.07781	0.02240	0.02598	0.01724	0.01006	0.01011	0.00314	0.01261	0.00928	0.00643	0.01540
1	0.02510	0.02773	0.14337	0.13223	0.11154	0.02320	0.06162	0.07255	0.13665	0.07763	0.06251	0.03192	0.02440	0.01171	0.01044	0.00330	0.01175	0.01027	0.00732	0.01475
2	0.01293	0.00977	0.01195	0.01279	0.01471	0.00879	0.00906	0.01576	0.02323	0.03060	0.20633	0.33017	0.22184	0.02740	0.01255	0.00371	0.00544	0.02418	0.01000	0.00879
3	0.02721	0.19832	0.03847	0.07147	0.20385	0.02677	0.02167	0.06970	0.02436	0.06964	0.01943	0.02280	0.01572	0.00930	0.00869	0.00255	0.01077	0.00761	0.00595	0.14575
4	0.01673	0.01250	0.01618	0.01753	0.02001	0.01278	0.01423	0.02429	0.09927	0.03261	0.10908	0.21223	0.06112	0.02632	0.01319	0.00426	0.00800	0.27966	0.00981	0.01020
5	0.02686	0.01322	0.01767	0.01500	0.01959	0.01180	0.01180	0.03136	0.02918	0.25307	0.36265	0.06032	0.06887	0.01774	0.01141	0.00321	0.00636	0.01533	0.01185	0.01273
6	0.02058	0.05308	0.58618	0.02925	0.04442	0.02383	0.03792	0.03250	0.02167	0.03250	0.01842	0.02167	0.01300	0.00975	0.00975	0.00325	0.01517	0.00758	0.00433	0.01517
7	0.01213	0.01040	0.01040	0.01040	0.01386	0.00866	0.00780	0.01473	0.02339	0.02772	0.10396	0.09876	0.57117	0.02599	0.01213	0.00347	0.00520	0.02166	0.00953	0.00866
8	0.03833	0.04891	0.02908	0.02644	0.03173	0.59815	0.01983	0.04098	0.02908	0.02512	0.01586	0.01851	0.01322	0.01058	0.00925	0.00264	0.01851	0.00661	0.00529	0.01190
9	0.01492	0.00995	0.01119	0.01119	0.01119	0.00995	0.00622	0.01492	0.01492	0.01990	0.03233	0.06716	0.03731	0.63935	0.05223	0.00995	0.00995	0.01492	0.00622	0.00622
10	0.01250	0.00893	0.01191	0.01429	0.01488	0.00834	0.00953	0.01429	0.01965	0.02620	0.05656	0.63265	0.06787	0.03215	0.01310	0.00417	0.00595	0.02917	0.00953	0.00834
11	0.01913	0.00956	0.00956	0.00956	0.01196	0.00956	0.00717	0.02391	0.02152	0.03826	0.03348	0.03826	0.02630	0.01196	0.00717	0.00239	0.00478	0.00956	0.69632	0.00956
12	0.01401	0.01047	0.01300	0.01237	0.01501	0.00946	0.00928	0.01836	0.02783	0.03825	0.46918	0.08144	0.19938	0.02206	0.01211	0.00328	0.00492	0.01923	0.01091	0.00946
13	0.02245	0.02245	0.03143	0.02694	0.02694	0.03143	0.02245	0.02470	0.01572	0.02470	0.01347	0.02245	0.01347	0.01796	0.03368	0.00449	0.62057	0.00898	0.00449	0.01123
14	0.02540	0.02438	0.04165	0.06299	0.57533	0.02438	0.03149	0.03149	0.02337	0.03353	0.01930	0.02540	0.01626	0.00914	0.01016	0.00305	0.01219	0.00914	0.00508	0.01626
15	0.02540	0.02438	0.04165	0.06299	0.57533	0.02438	0.03149	0.03149	0.02337	0.03353	0.01930	0.02540	0.01626	0.00914	0.01016	0.00305	0.01219	0.00914	0.00508	0.01626
16	0.01250	0.00893	0.01191	0.01429	0.01488	0.00834	0.00953	0.01429	0.01965	0.02620	0.05656	0.63265	0.06787	0.03215	0.01310	0.00417	0.00595	0.02917	0.00953	0.00834
17	0.01938	0.01824	0.03078	0.61468	0.07068	0.02280	0.02850	0.02622	0.02052	0.02622	0.01824	0.02736	0.01368	0.01026	0.01026	0.00342	0.01368	0.00912	0.00456	0.01140
18	0.03337	0.02464	0.03219	0.08928	0.03591	0.02794	0.05973	0.27156	0.03410	0.12334	0.02362	0.02618	0.01721	0.01302	0.01519	0.00345	0.13604	0.00954	0.00843	0.01525
19	0.02540	0.02438	0.04165	0.06299	0.57533	0.02438	0.03149	0.03149	0.02337	0.03353	0.01930	0.02540	0.01626	0.00914	0.01016	0.00305	0.01219	0.00914	0.00508	0.01626
20	0.02144	0.02157	0.03060	0.55073	0.06644	0.08535	0.02756	0.02782	0.02145	0.02610	0.01798	0.02640	0.01363	0.01029	0.01015	0.00334	0.01420	0.00885	0.00464	0.01145
21	0.01271	0.00925	0.01162	0.01341	0.01434	0.00856	0.00892	0.01442	0.01966	0.02573	0.06058	0.49622	0.13520	0.09730	0.01722	0.00470	0.00628	0.02657	0.00917	0.00815
22	0.04604	0.01746	0.02382	0.01826	0.02620	0.01508	0.01508	0.05001	0.02937	0.58244	0.04049	0.03493	0.02540	0.01270	0.01032	0.00318	0.00873	0.01032	0.01270	0.01746
23	0.02128	0.01824	0.02128	0.01520	0.02432	0.01368	0.01216	0.02584	0.02128	0.03344	0.01824	0.02128	0.01520	0.00760	0.00760	0.00152	0.00760	0.00608	0.00608	0.70208

[dist]
# distance from previous block
# <min> <max>
0	9

[block]
# block no. 6 follows, 14 sequences, length 82
# corresponding to MSA columns:
# 599-680
name=unknown_G
#
# <colnr> <probs for GDERKNQSTAVLIFYWHMCP>
#	G	D	E	R	K	N	Q	S	T	A	V	L	I	F	Y	W	H	M	C	P
0	0.02058	0.05308	0.58618	0.02925	0.04442	0.02383	0.03792	0.03250	0.02167	0.03250	0.01842	0.02167	0.01300	0.00975	0.00975	0.00325	0.01517	0.00758	0.00433	0.01517
1	0.01254	0.01041	0.01097	0.01083	0.01412	0.00884	0.00812	0.01553	0.02437	0.03004	0.18445	0.09494	0.48923	0.02512	0.01212	0.00342	0.00514	0.02112	0.00983	0.00884
2	0.02553	0.02204	0.02320	0.02088	0.02669	0.02553	0.01624	0.05453	0.55679	0.04293	0.04177	0.03829	0.03133	0.01392	0.01044	0.00348	0.00812	0.01160	0.01044	0.01624
3	0.01938	0.01824	0.03078	0.61468	0.07068	0.02280	0.02850	0.02622	0.02052	0.02622	0.01824	0.02736	0.01368	0.01026	0.01026	0.00342	0.01368	0.00912	0.00456	0.01140
4	0.01938	0.01824	0.03078	0.61468	0.07068	0.02280	0.02850	0.02622	0.02052	0.02622	0.01824	0.02736	0.01368	0.01026	0.01026	0.00342	0.01368	0.00912	0.00456	0.01140
5	0.01409	0.01047	0.01312	0.01246	0.01507	0.00950	0.00934	0.01853	0.02803	0.03873	0.48594	0.08064	0.18231	0.02188	0.01211	0.00327	0.00491	0.01912	0.01098	0.00950
6	0.03833	0.04891	0.02908	0.02644	0.03173	0.59815	0.01983	0.04098	0.02908	0.02512	0.01586	0.01851	0.01322	0.01058	0.00925	0.00264	0.01851	0.00661	0.00529	0.01190
7	0.01963	0.01196	0.01701	0.05304	0.05603	0.01139	0.01302	0.02237	0.02165	0.12459	0.04911	0.45330	0.05394	0.02598	0.01226	0.00388	0.00729	0.02340	0.00951	0.01063
8	0.02597	0.02150	0.03406	0.11837	0.18951	0.02317	0.08849	0.06994	0.05536	0.07911	0.02387	0.02870	0.01845	0.01138	0.01272	0.00327	0.07961	0.00980	0.09267	0.01405
9	0.23096	0.41860	0.04034	0.01640	0.02441	0.03370	0.01549	0.03185	0.02042	0.06795	0.01603	0.01776	0.01338	0.00926	0.00677	0.00255	0.00993	0.00583	0.00553	0.01285
10	0.01280	0.01042	0.01133	0.01110	0.01428	0.00895	0.00833	0.01604	0.02499	0.03151	0.23532	0.09253	0.43745	0.02458	0.01212	0.00340	0.00510	0.02078	0.01003	0.00895
11	0.01783	0.00891	0.01337	0.01337	0.01337	0.00891	0.00891	0.01337	0.01337	0.01783	0.01783	0.03119	0.01783	0.03565	0.04011	0.70143	0.00891	0.00891	0.00446	0.00446
12	0.02422	0.02768	0.06055	0.04325	0.05363	0.02595	0.53806	0.03287	0.02422	0.03287	0.02076	0.02768	0.01557	0.00865	0.01211	0.00346	0.01730	0.01211	0.00519	0.01384
13	0.04604	0.01746	0.02382	0.01826	0.02620	0.01508	0.01508	0.05001	0.02937	0.58244	0.04049	0.03493	0.02540	0.01270	0.01032	0.00318	0.00873	0.01032	0.01270	0.01746
14	0.03818	0.01652	0.02182	0.01746	0.02415	0.01496	0.01415	0.04451	0.07549	0.43102	0.14249	0.04325	0.03967	0.01440	0.01067	0.00321	0.00793	0.01202	0.01223	0.01586
15	0.01466	0.01100	0.01649	0.01649	0.01833	0.01283	0.01283	0.01833	0.01649	0.02382	0.02749	0.04032	0.02566	0.07697	0.59868	0.01649	0.02749	0.01100	0.00550	0.00916
16	0.02553	0.02204	0.02320	0.02088	0.02669	0.02553	0.01624	0.05453	0.55679	0.04293	0.04177	0.03829	0.03133	0.01392	0.01044	0.00348	0.00812	0.01160	0.01044	0.01624
17	0.04604	0.01746	0.02382	0.01826	0.02620	0.01508	0.01508	0.05001	0.02937	0.58244	0.04049	0.03493	0.02540	0.01270	0.01032	0.00318	0.00873	0.01032	0.01270	0.01746
18	0.71184	0.01985	0.01508	0.01350	0.01985	0.02302	0.01111	0.03017	0.01746	0.04604	0.01429	0.01667	0.01111	0.00953	0.00635	0.00318	0.00794	0.00556	0.00635	0.01111
19	0.01452	0.01049	0.01372	0.01291	0.01533	0.00968	0.00968	0.01937	0.02905	0.04115	0.56992	0.07666	0.09683	0.02098	0.01210	0.00323	0.00484	0.01856	0.01130	0.00968
20	0.01333	0.00957	0.01265	0.01373	0.01507	0.00889	0.00959	0.01636	0.02349	0.03231	0.26635	0.40544	0.07971	0.02759	0.01269	0.00378	0.00550	0.02484	0.01025	0.00889
21	0.01248	0.00903	0.01181	0.01403	0.01482	0.00836	0.00941	0.01432	0.01990	0.02630	0.05973	0.59695	0.10153	0.03174	0.01303	0.00412	0.00590	0.02867	0.00953	0.00836
22	0.02128	0.01824	0.02128	0.01520	0.02432	0.01368	0.01216	0.02584	0.02128	0.03344	0.01824	0.02128	0.01520	0.00760	0.00760	0.00152	0.00760	0.00608	0.00608	0.70208
23	0.02444	0.02340	0.03991	0.15123	0.49462	0.02413	0.03102	0.03065	0.02291	0.03236	0.01913	0.02571	0.01584	0.00932	0.01018	0.00311	0.01243	0.00914	0.00500	0.01548
24	0.02128	0.01824	0.02128	0.01520	0.02432	0.01368	0.01216	0.02584	0.02128	0.03344	0.01824	0.02128	0.01520	0.00760	0.00760	0.00152	0.00760	0.00608	0.00608	0.70208
25	0.01660	0.01092	0.01277	0.01199	0.01527	0.00970	0.00910	0.02048	0.02603	0.07914	0.28566	0.07800	0.27174	0.02134	0.01145	0.00323	0.00529	0.01817	0.08323	0.00989
26	0.13846	0.02037	0.02417	0.01880	0.02658	0.02001	0.01553	0.15894	0.03199	0.38889	0.03318	0.03001	0.02158	0.01217	0.00975	0.00315	0.00920	0.00940	0.01125	0.01656
27	0.02334	0.02743	0.13522	0.08269	0.13943	0.02378	0.02405	0.04120	0.27119	0.03752	0.06285	0.03395	0.02729	0.01230	0.01034	0.00333	0.01056	0.01056	0.00776	0.01521
28	0.08751	0.01432	0.01710	0.01421	0.01968	0.01338	0.01143	0.03741	0.02511	0.30994	0.03545	0.03489	0.02465	0.01213	0.00868	0.00284	0.00700	0.00962	0.30105	0.01362
29	0.02061	0.02064	0.03833	0.46969	0.06635	0.02360	0.15779	0.02791	0.02146	0.02791	0.01888	0.02744	0.01416	0.00985	0.01073	0.00343	0.01460	0.00988	0.00472	0.01202
30	0.01466	0.01100	0.01649	0.01649	0.01833	0.01283	0.01283	0.01833	0.01649	0.02382	0.02749	0.04032	0.02566	0.07697	0.59868	0.01649	0.02749	0.01100	0.00550	0.00916
31	0.01725	0.00929	0.01394	0.01394	0.01428	0.00963	0.00963	0.01428	0.01394	0.01892	0.01960	0.03287	0.01926	0.04322	0.14243	0.57596	0.01232	0.00929	0.00465	0.00532
32	0.02245	0.02245	0.03143	0.02694	0.02694	0.03143	0.02245	0.02470	0.01572	0.02470	0.01347	0.02245	0.01347	0.01796	0.03368	0.00449	0.62057	0.00898	0.00449	0.01123
33	0.01938	0.01824	0.03078	0.61468	0.07068	0.02280	0.02850	0.02622	0.02052	0.02622	0.01824	0.02736	0.01368	0.01026	0.01026	0.00342	0.01368	0.00912	0.00456	0.01140
34	0.03792	0.02820	0.03019	0.02339	0.03141	0.03132	0.01924	0.50191	0.08923	0.06292	0.02602	0.02574	0.01857	0.01245	0.01028	0.00311	0.01104	0.00943	0.01028	0.01735
35	0.01246	0.00909	0.01175	0.01388	0.01478	0.00837	0.00934	0.01434	0.02004	0.02636	0.06158	0.57613	0.12116	0.03150	0.01300	0.00409	0.00587	0.02838	0.00953	0.00837
36	0.03642	0.15394	0.03343	0.02487	0.03078	0.50000	0.01943	0.03917	0.02763	0.02494	0.01558	0.01815	0.01321	0.01026	0.00878	0.00256	0.01718	0.00641	0.00513	0.01212
37	0.01795	0.01480	0.01720	0.01362	0.01982	0.01178	0.01047	0.02185	0.02255	0.03275	0.13387	0.04854	0.12954	0.06339	0.01275	0.00284	0.00687	0.01177	0.00764	0.40000
38	0.02381	0.02276	0.03879	0.20851	0.44222	0.02397	0.03070	0.03010	0.02262	0.03160	0.01902	0.02592	0.01558	0.00944	0.01019	0.00315	0.01258	0.00914	0.00494	0.01497
39	0.02540	0.02438	0.04165	0.06299	0.57533	0.02438	0.03149	0.03149	0.02337	0.03353	0.01930	0.02540	0.01626	0.00914	0.01016	0.00305	0.01219	0.00914	0.00508	0.01626
40	0.01250	0.00893	0.01191	0.01429	0.01488	0.00834	0.00953	0.01429	0.01965	0.02620	0.05656	0.63265	0.06787	0.03215	0.01310	0.00417	0.00595	0.02917	0.00953	0.00834
41	0.01337	0.01044	0.01211	0.01169	0.01462	0.00919	0.00877	0.01712	0.02631	0.03465	0.34449	0.08735	0.32631	0.02340	0.01212	0.00334	0.00501	0.02006	0.01044	0.00919
42	0.02928	0.34464	0.17632	0.02149	0.03166	0.03297	0.02263	0.12109	0.02648	0.07817	0.01918	0.02063	0.01486	0.00994	0.00829	0.00268	0.01186	0.00703	0.00606	0.01474
43	0.01321	0.01044	0.01190	0.01153	0.01453	0.00912	0.00865	0.01683	0.02595	0.03380	0.31480	0.08876	0.35653	0.02372	0.01212	0.00336	0.00504	0.02026	0.01033	0.00912
44	0.58507	0.02198	0.01786	0.07817	0.02617	0.06864	0.01365	0.03061	0.01871	0.04228	0.01483	0.01795	0.01155	0.00969	0.00699	0.00316	0.00938	0.00602	0.00608	0.01121
45	0.01492	0.00995	0.01119	0.01119	0.01119	0.00995	0.00622	0.01492	0.01492	0.01990	0.03233	0.06716	0.03731	0.63935	0.05223	0.00995	0.00995	0.01492	0.00622	0.00622
46	0.03314	0.02583	0.02749	0.02242	0.02959	0.02908	0.01808	0.32915	0.26978	0.05520	0.03210	0.03058	0.02350	0.01302	0.01034	0.00325	0.00991	0.01027	0.01034	0.01693
47	0.02180	0.02049	0.03338	0.42755	0.05978	0.02454	0.08048	0.06026	0.06479	0.03047	0.02041	0.02773	0.01549	0.01108	0.01221	0.00349	0.05860	0.00963	0.00543	0.01240
48	0.01250	0.00893	0.01191	0.01429	0.01488	0.00834	0.00953	0.01429	0.01965	0.02620	0.05656	0.63265	0.06787	0.03215	0.01310	0.00417	0.00595	0.02917	0.00953	0.00834
49	0.16907	0.01974	0.02376	0.01896	0.02547	0.02053	0.01566	0.08426	0.02615	0.31369	0.02851	0.02774	0.01948	0.01255	0.01297	0.00327	0.10278	0.00884	0.00959	0.05699
50	0.02403	0.01896	0.02487	0.18507	0.03810	0.01771	0.01754	0.06617	0.02371	0.07730	0.02048	0.02433	0.01575	0.00911	0.00876	0.00230	0.00968	0.00751	0.00649	0.40214
51	0.09411	0.12884	0.03317	0.44592	0.05749	0.02596	0.02473	0.02743	0.02025	0.02795	0.01712	0.02431	0.01332	0.00992	0.00920	0.00318	0.01260	0.00810	0.00472	0.01168
52	0.02426	0.01618	0.02044	0.01992	0.02411	0.01668	0.01709	0.14271	0.02976	0.08679	0.04633	0.08783	0.04659	0.02331	0.01294	0.00421	0.00981	0.34913	0.00992	0.01198
53	0.02933	0.02393	0.02535	0.02165	0.02813	0.02730	0.01716	0.19171	0.41343	0.04906	0.03694	0.03444	0.02741	0.01347	0.01039	0.00337	0.00902	0.01094	0.01039	0.01658
54	0.01613	0.01153	0.01603	0.01814	0.02040	0.01143	0.01556	0.02069	0.02382	0.03128	0.09601	0.14393	0.06264	0.02799	0.01394	0.00457	0.00887	0.43805	0.00960	0.00940
55	0.04428	0.02029	0.02556	0.01960	0.02761	0.01927	0.01619	0.17298	0.03410	0.45280	0.03652	0.03235	0.02341	0.01261	0.01031	0.00315	0.00937	0.01005	0.01209	0.01746
56	0.01987	0.02263	0.09179	0.51022	0.06663	0.02314	0.06738	0.02738	0.02092	0.02738	0.01845	0.02678	0.01375	0.01009	0.01034	0.00340	0.01411	0.00918	0.00458	0.01198
57	0.03186	0.02140	0.02396	0.02043	0.02697	0.02335	0.01620	0.09199	0.38109	0.18310	0.04008	0.03634	0.02871	0.01348	0.01040	0.00337	0.00853	0.01109	0.01101	0.01665
58	0.01281	0.01017	0.01151	0.01172	0.01442	0.00887	0.00858	0.01584	0.02419	0.03090	0.21533	0.18553	0.36230	0.02577	0.01229	0.00353	0.00524	0.02216	0.00998	0.00887
59	0.02468	0.02800	0.10263	0.05594	0.42728	0.02460	0.12135	0.03184	0.02334	0.03330	0.01947	0.02541	0.01579	0.00912	0.01046	0.00314	0.01341	0.00950	0.00502	0.01571
60	0.01427	0.01083	0.01449	0.01568	0.01648	0.01132	0.01128	0.01650	0.02006	0.02729	0.09542	0.43155	0.06163	0.07447	0.01819	0.00460	0.07153	0.06681	0.00890	0.00870
61	0.01476	0.01061	0.01455	0.01455	0.01571	0.01177	0.01040	0.01708	0.01592	0.02238	0.02926	0.05016	0.02993	0.28314	0.39835	0.01409	0.02106	0.01244	0.00576	0.00808
62	0.02665	0.02270	0.03808	0.14372	0.43901	0.02315	0.02929	0.03264	0.02356	0.09051	0.02138	0.02671	0.01682	0.00969	0.01019	0.00312	0.01206	0.00926	0.00581	0.01563
63	0.01293	0.00924	0.01240	0.01478	0.01556	0.00870	0.01027	0.01503	0.02007	0.02667	0.05633	0.57793	0.06694	0.03175	0.01321	0.00423	0.00632	0.07968	0.00952	0.00845
64	0.02440	0.12307	0.07162	0.01697	0.02641	0.01899	0.01534	0.02928	0.02195	0.07992	0.01955	0.02172	0.01559	0.00841	0.00784	0.00191	0.00885	0.00647	0.00625	0.47545
65	0.07345	0.17373	0.06917	0.02938	0.15879	0.07050	0.02069	0.03431	0.02344	0.12364	0.02086	0.02292	0.01613	0.00960	0.00861	0.00263	0.01105	0.00749	0.00640	0.11722
66	0.02673	0.02668	0.10900	0.04319	0.27181	0.02243	0.11536	0.03498	0.05832	0.11104	0.02880	0.03176	0.05026	0.01092	0.01060	0.00322	0.01230	0.01051	0.00668	0.01543
67	0.02295	0.01837	0.02079	0.01639	0.02395	0.01638	0.01296	0.03375	0.16406	0.06881	0.03491	0.03483	0.07896	0.01154	0.00900	0.00235	0.00755	0.00945	0.00801	0.40500
68	0.02719	0.01829	0.03016	0.13845	0.13180	0.01809	0.08237	0.03263	0.02535	0.18638	0.12208	0.07809	0.03552	0.01385	0.01099	0.00331	0.01044	0.01278	0.00849	0.01375
69	0.02606	0.02084	0.02227	0.01950	0.02504	0.02349	0.01529	0.12991	0.36805	0.04598	0.09407	0.04005	0.03548	0.01423	0.01030	0.00329	0.00801	0.01176	0.07119	0.01516
70	0.02207	0.07779	0.07778	0.01961	0.02936	0.01825	0.07057	0.02760	0.02159	0.03247	0.01817	0.02157	0.01487	0.00800	0.00818	0.00194	0.00959	0.00680	0.00568	0.50811
71	0.65293	0.01964	0.01586	0.01392	0.02041	0.02232	0.01146	0.03192	0.01852	0.09350	0.01661	0.01829	0.01238	0.00981	0.00670	0.00318	0.00801	0.00598	0.00691	0.01168
72	0.01286	0.00943	0.01212	0.01392	0.01516	0.00870	0.00972	0.01517	0.02115	0.02788	0.10422	0.48465	0.13794	0.03019	0.01295	0.00403	0.00597	0.05573	0.00966	0.00855
73	0.01938	0.01824	0.03078	0.61468	0.07068	0.02280	0.02850	0.02622	0.02052	0.02622	0.01824	0.02736	0.01368	0.01026	0.01026	0.00342	0.01368	0.00912	0.00456	0.01140
74	0.02129	0.03250	0.23552	0.07758	0.03933	0.02115	0.08284	0.02901	0.02120	0.03163	0.01817	0.02278	0.01414	0.00965	0.01142	0.00280	0.06568	0.00783	0.00506	0.25040
75	0.01968	0.01207	0.01626	0.01737	0.02037	0.01163	0.01475	0.02399	0.02391	0.09644	0.05480	0.13170	0.08774	0.02551	0.01306	0.00427	0.00857	0.35373	0.05385	0.01029
76	0.02199	0.02994	0.22384	0.18128	0.07942	0.02081	0.02705	0.03172	0.06923	0.07611	0.05905	0.08333	0.02593	0.01311	0.01046	0.00338	0.01200	0.01124	0.00653	0.01359
77	0.03087	0.17701	0.12042	0.07120	0.03635	0.02555	0.08874	0.06709	0.02545	0.18511	0.02422	0.02550	0.01728	0.01027	0.00940	0.00290	0.01184	0.00857	0.00727	0.05495
78	0.02894	0.07052	0.19586	0.10424	0.16494	0.02340	0.02764	0.06639	0.02525	0.15920	0.02376	0.02610	0.01696	0.01044	0.00987	0.00313	0.01232	0.00872	0.00681	0.01550
79	0.02744	0.64552	0.05378	0.01756	0.02634	0.04061	0.01756	0.03073	0.02085	0.02414	0.01427	0.01646	0.01317	0.00878	0.00658	0.00219	0.01097	0.00549	0.00439	0.01317
80	0.02089	0.01248	0.01614	0.01438	0.01801	0.01167	0.01107	0.02713	0.06292	0.13854	0.44094	0.06670	0.07980	0.01904	0.01168	0.00323	0.00575	0.01663	0.01149	0.01150
81	0.02271	0.02033	0.05604	0.01624	0.02566	0.01439	0.01391	0.02769	0.02179	0.06610	0.01958	0.02212	0.01567	0.00804	0.00789	0.00172	0.00813	0.00642	0.00637	0.61920

[dist]
# distance from previous block
# <min> <max>
0	3

[block]
# block no. 7 follows, 14 sequences, length 40
# corresponding to MSA columns:
# 684-723
name=unknown_H
#
# <colnr> <probs for GDERKNQSTAVLIFYWHMCP>
#	G	D	E	R	K	N	Q	S	T	A	V	L	I	F	Y	W	H	M	C	P
0	0.02739	0.07571	0.19781	0.12794	0.07646	0.02193	0.02533	0.03606	0.05911	0.16738	0.06300	0.03065	0.02337	0.01150	0.00998	0.00318	0.01163	0.00949	0.00737	0.01470
1	0.01248	0.00903	0.01180	0.01402	0.01481	0.00836	0.00941	0.01432	0.01990	0.02630	0.05982	0.59596	0.10246	0.03173	0.01303	0.00412	0.00590	0.02866	0.00953	0.00836
2	0.01250	0.00893	0.01191	0.01429	0.01488	0.00834	0.00953	0.01429	0.01965	0.02620	0.05656	0.63265	0.06787	0.03215	0.01310	0.00417	0.00595	0.02917	0.00953	0.00834
3	0.03834	0.03785	0.02842	0.07312	0.03389	0.36910	0.01959	0.10250	0.03077	0.13750	0.02188	0.02315	0.01612	0.01117	0.00967	0.00286	0.01534	0.00785	0.00726	0.01361
4	0.07989	0.02381	0.02961	0.06604	0.17507	0.06053	0.02092	0.16165	0.03110	0.15697	0.06994	0.03051	0.02443	0.01185	0.01006	0.00310	0.01084	0.00978	0.00856	0.01534
5	0.01696	0.01458	0.02285	0.02063	0.02274	0.01759	0.05454	0.02072	0.01692	0.02468	0.02414	0.03574	0.02243	0.05985	0.43991	0.01308	0.14675	0.01067	0.00527	0.00993
6	0.01272	0.00902	0.01184	0.01401	0.01455	0.00848	0.00923	0.01435	0.01922	0.02563	0.05437	0.58152	0.06511	0.08705	0.01664	0.00469	0.00632	0.02789	0.00923	0.00814
7	0.13871	0.02318	0.02990	0.06789	0.10403	0.02449	0.05490	0.19089	0.06255	0.16340	0.02607	0.02694	0.01847	0.01126	0.00980	0.00318	0.01073	0.00922	0.00878	0.01559
8	0.02323	0.06170	0.03527	0.19104	0.24784	0.02314	0.06013	0.06038	0.02365	0.03276	0.02320	0.07360	0.02025	0.01159	0.01007	0.00315	0.01169	0.01070	0.06307	0.01353
