[name]
unknown

[dist]
# distance from previous block
# <min> <max>
2	57

[block]
# block no. 0 follows, 13 sequences, length 33
# corresponding to MSA columns:
# 69-101
name=unknown_A
#
# <colnr> <probs for GDERKNQSTAVLIFYWHMCP>
#	G	D	E	R	K	N	Q	S	T	A	V	L	I	F	Y	W	H	M	C	P
0	0.02866	0.01874	0.02410	0.12716	0.03309	0.01974	0.01736	0.16572	0.03376	0.14141	0.21822	0.04709	0.04814	0.01558	0.01127	0.00331	0.00923	0.01315	0.01032	0.01394
1	0.02519	0.01567	0.02246	0.19905	0.03678	0.01655	0.01757	0.03155	0.06021	0.16584	0.12614	0.11270	0.04180	0.06402	0.01463	0.00404	0.00960	0.01447	0.00916	0.01255
2	0.03198	0.02580	0.03059	0.10428	0.12861	0.08985	0.02178	0.15288	0.03122	0.11404	0.06008	0.02989	0.02309	0.01224	0.01167	0.00314	0.04428	0.00972	0.00804	0.06680
3	0.08293	0.01879	0.02918	0.25574	0.04639	0.01983	0.07185	0.03307	0.02453	0.16163	0.08744	0.03480	0.02712	0.01209	0.01052	0.00332	0.01135	0.01067	0.00783	0.05091
4	0.03110	0.01824	0.02189	0.01790	0.02410	0.01769	0.01428	0.14118	0.06190	0.20407	0.15736	0.07931	0.07943	0.01662	0.01111	0.00322	0.00813	0.01391	0.01115	0.06740
5	0.12148	0.02002	0.02156	0.01859	0.02438	0.02181	0.01472	0.11158	0.22169	0.10110	0.16160	0.04360	0.04314	0.01512	0.01055	0.00339	0.00806	0.01235	0.01060	0.01467
6	0.03115	0.02251	0.02268	0.01899	0.02505	0.10362	0.01486	0.09333	0.05963	0.17067	0.14208	0.08488	0.04100	0.01539	0.01068	0.00305	0.00959	0.01267	0.00999	0.10817
7	0.02766	0.07729	0.02376	0.05910	0.02613	0.01849	0.01477	0.06732	0.08012	0.17960	0.10400	0.13146	0.11002	0.01828	0.01112	0.00341	0.00837	0.01542	0.01016	0.01352
8	0.03207	0.08249	0.02560	0.01851	0.02475	0.10032	0.01496	0.07605	0.03027	0.19685	0.19015	0.04296	0.04423	0.01458	0.01046	0.00298	0.00959	0.01179	0.01001	0.06138
9	0.03568	0.07089	0.16269	0.02529	0.06880	0.02226	0.02301	0.07119	0.08072	0.28287	0.03202	0.03043	0.02170	0.01192	0.01022	0.00324	0.01110	0.00959	0.00947	0.01690
10	0.03270	0.02536	0.08110	0.10604	0.03629	0.02392	0.02093	0.19917	0.09478	0.15798	0.08353	0.03483	0.02871	0.01331	0.01075	0.00333	0.01077	0.01083	0.00978	0.01589
11	0.02602	0.14036	0.13145	0.02063	0.02865	0.02632	0.01971	0.15233	0.10170	0.03950	0.03731	0.04062	0.09852	0.07469	0.01436	0.00385	0.01082	0.01126	0.00782	0.01410
12	0.01576	0.01228	0.01452	0.01404	0.01705	0.01189	0.01047	0.02338	0.10019	0.03770	0.32322	0.14231	0.19095	0.02311	0.01235	0.00353	0.00569	0.02012	0.01089	0.01053
13	0.03580	0.11164	0.11827	0.02796	0.08756	0.02504	0.06063	0.11681	0.02984	0.23952	0.02822	0.02807	0.01949	0.01132	0.01013	0.00314	0.01177	0.00936	0.00882	0.01661
14	0.02998	0.23216	0.22947	0.06335	0.03688	0.02786	0.02566	0.03695	0.02395	0.16439	0.02326	0.02440	0.01670	0.01052	0.00917	0.00299	0.01245	0.00792	0.00666	0.01528
15	0.01813	0.01066	0.01426	0.01515	0.01708	0.00976	0.01066	0.02066	0.02283	0.10736	0.11447	0.47302	0.06710	0.02887	0.01296	0.00403	0.00641	0.02596	0.01050	0.01011
16	0.03561	0.04455	0.03862	0.03186	0.03871	0.43664	0.15491	0.03999	0.02863	0.02801	0.01769	0.02159	0.01427	0.01037	0.01032	0.00295	0.01874	0.00832	0.00542	0.01279
17	0.03331	0.03017	0.17590	0.03336	0.14564	0.02131	0.06083	0.04182	0.05564	0.24936	0.02982	0.03001	0.02047	0.01130	0.01058	0.00330	0.01207	0.00984	0.00850	0.01678
18	0.02891	0.02417	0.04079	0.05370	0.40440	0.02445	0.06456	0.03473	0.02438	0.11121	0.02266	0.02751	0.01782	0.01066	0.01263	0.00331	0.06163	0.00980	0.00633	0.01632
19	0.01573	0.01120	0.01395	0.01370	0.01415	0.01215	0.00892	0.01675	0.01580	0.02173	0.03108	0.06015	0.03427	0.46549	0.17875	0.01154	0.04700	0.01409	0.00613	0.00740
20	0.46149	0.02043	0.01940	0.01613	0.02329	0.02203	0.01330	0.07482	0.02399	0.20117	0.02340	0.02328	0.01624	0.01099	0.00804	0.00326	0.00868	0.00744	0.00876	0.01386
21	0.01389	0.01218	0.01400	0.01624	0.07022	0.01058	0.01052	0.01694	0.02410	0.02917	0.09821	0.09404	0.50293	0.02501	0.01229	0.00353	0.00609	0.02100	0.00935	0.00972
22	0.09260	0.01796	0.02056	0.01545	0.02365	0.01470	0.01235	0.02823	0.02311	0.07828	0.08339	0.02924	0.02593	0.01006	0.00846	0.00208	0.00762	0.00806	0.00745	0.49082
23	0.48923	0.09379	0.02270	0.01621	0.02319	0.02703	0.01364	0.08426	0.07360	0.04643	0.01861	0.02019	0.01443	0.01047	0.00740	0.00317	0.00892	0.00672	0.00713	0.01289
24	0.03721	0.02827	0.03095	0.07211	0.03490	0.06997	0.02078	0.34360	0.04001	0.10694	0.02451	0.02598	0.01770	0.01311	0.01334	0.00335	0.08230	0.00940	0.00928	0.01630
25	0.01496	0.01081	0.01413	0.01330	0.01580	0.00998	0.00998	0.01995	0.02993	0.04240	0.55689	0.07898	0.09976	0.02162	0.01247	0.00333	0.00499	0.01912	0.01164	0.00998
26	0.02545	0.08930	0.29670	0.03037	0.09921	0.02645	0.02961	0.11702	0.06349	0.03991	0.06243	0.02834	0.02245	0.01151	0.01015	0.00322	0.01293	0.00926	0.00657	0.01563
27	0.01493	0.01045	0.01212	0.01190	0.01297	0.01002	0.00753	0.01655	0.02022	0.02719	0.17926	0.07558	0.11559	0.39863	0.03812	0.00765	0.00830	0.01717	0.00818	0.00764
28	0.02180	0.02366	0.10478	0.03093	0.16882	0.01960	0.02121	0.06407	0.08705	0.03760	0.14850	0.04912	0.08309	0.07563	0.01534	0.00400	0.00997	0.01326	0.00804	0.01353
29	0.02988	0.08517	0.28250	0.02647	0.03699	0.10364	0.02837	0.07483	0.02604	0.11461	0.02173	0.02387	0.01577	0.01159	0.01231	0.00328	0.07317	0.00822	0.00640	0.01515
30	0.63637	0.08120	0.01948	0.01432	0.02111	0.02551	0.01211	0.03114	0.01834	0.04521	0.01472	0.01715	0.01166	0.00974	0.00657	0.00317	0.00849	0.00572	0.00634	0.01166
31	0.02292	0.03132	0.18826	0.17703	0.21154	0.02375	0.03073	0.03280	0.06302	0.03317	0.02107	0.02624	0.01627	0.01013	0.01018	0.00320	0.01309	0.00889	0.00540	0.07101
32	0.42727	0.02056	0.01901	0.01597	0.02267	0.02263	0.01310	0.11599	0.02551	0.12794	0.02249	0.02355	0.01629	0.01103	0.00791	0.00318	0.00855	0.00750	0.07550	0.01336

[dist]
# distance from previous block
# <min> <max>
0	4

[block]
# block no. 1 follows, 13 sequences, length 64
# corresponding to MSA columns:
# 106-169
name=unknown_B
#
# <colnr> <probs for GDERKNQSTAVLIFYWHMCP>
#	G	D	E	R	K	N	Q	S	T	A	V	L	I	F	Y	W	H	M	C	P
0	0.56507	0.07831	0.02107	0.01548	0.02247	0.02643	0.01305	0.08773	0.02193	0.04754	0.01594	0.01809	0.01239	0.01007	0.00703	0.00317	0.00886	0.00615	0.00682	0.01239
1	0.02342	0.01734	0.01993	0.01858	0.02233	0.01836	0.01392	0.19712	0.06888	0.04213	0.04565	0.37024	0.04899	0.02460	0.01227	0.00385	0.00822	0.02154	0.01015	0.01247
2	0.02246	0.01927	0.02217	0.01638	0.02535	0.01558	0.01304	0.03023	0.08554	0.03565	0.02175	0.02406	0.01769	0.00863	0.00819	0.00181	0.00790	0.00696	0.00681	0.61054
3	0.02172	0.01867	0.02541	0.08357	0.13448	0.02042	0.01943	0.03562	0.20353	0.03731	0.13044	0.04817	0.04104	0.02267	0.07692	0.00505	0.01148	0.04172	0.00860	0.01375
4	0.01907	0.01125	0.01410	0.01301	0.01602	0.01046	0.00989	0.02396	0.02815	0.09048	0.38748	0.06578	0.07602	0.01866	0.01112	0.00312	0.00534	0.01618	0.16921	0.01069
5	0.02197	0.01504	0.02003	0.06206	0.06153	0.01509	0.01430	0.08128	0.02871	0.09015	0.26733	0.11039	0.06189	0.08368	0.01629	0.00413	0.00801	0.01642	0.00996	0.01176
6	0.01288	0.00920	0.01227	0.01472	0.01534	0.00859	0.00981	0.01472	0.02024	0.02699	0.05828	0.62152	0.06993	0.03312	0.01350	0.00429	0.00613	0.03006	0.00981	0.00859
7	0.02569	0.02386	0.03519	0.08274	0.25504	0.02564	0.06145	0.04260	0.25223	0.03821	0.03010	0.03232	0.02333	0.01163	0.01075	0.00339	0.01121	0.01076	0.00763	0.01620
8	0.02495	0.02382	0.03232	0.02739	0.02829	0.03243	0.02281	0.07879	0.01976	0.02982	0.01510	0.02337	0.01432	0.01789	0.03213	0.00447	0.54555	0.00928	0.00526	0.01225
9	0.07701	0.02296	0.03311	0.03957	0.26284	0.02275	0.02338	0.11070	0.02961	0.22985	0.02811	0.02899	0.01995	0.01122	0.01030	0.00320	0.01090	0.00964	0.00887	0.01705
10	0.03286	0.02999	0.02186	0.01951	0.02433	0.26542	0.01492	0.07205	0.02848	0.09185	0.02661	0.02908	0.02041	0.01180	0.00891	0.00272	0.01207	0.00857	0.26620	0.01237
11	0.70310	0.02045	0.01554	0.01390	0.02045	0.02372	0.01145	0.03108	0.01799	0.04744	0.01472	0.01718	0.01145	0.00981	0.00654	0.00327	0.00818	0.00573	0.00654	0.01145
12	0.13099	0.02474	0.02790	0.07700	0.03363	0.02682	0.01878	0.30544	0.03830	0.17206	0.02692	0.02688	0.01853	0.01218	0.01003	0.00324	0.01081	0.00923	0.01002	0.01649
13	0.03170	0.02558	0.02831	0.02571	0.06774	0.02874	0.01917	0.23809	0.31388	0.05227	0.03450	0.03302	0.02560	0.01335	0.01067	0.00339	0.00994	0.01082	0.01029	0.01722
14	0.04677	0.01907	0.02520	0.01932	0.02753	0.01714	0.01596	0.09552	0.03206	0.52325	0.04020	0.03501	0.02542	0.01305	0.01063	0.00326	0.00924	0.01053	0.01285	0.01799
15	0.02193	0.04608	0.42552	0.08814	0.10790	0.02468	0.07295	0.03280	0.02261	0.03303	0.01924	0.02376	0.01404	0.00994	0.01032	0.00336	0.01530	0.00848	0.00464	0.01529
16	0.01506	0.01104	0.01428	0.01411	0.01670	0.01025	0.01101	0.01979	0.02833	0.03905	0.42144	0.08845	0.14169	0.02349	0.01285	0.00362	0.00586	0.10206	0.01111	0.00982
17	0.01936	0.01287	0.01830	0.01752	0.02038	0.01442	0.01372	0.02509	0.05709	0.08396	0.03083	0.04079	0.02683	0.06748	0.48297	0.01455	0.02480	0.01130	0.00683	0.01089
18	0.01288	0.00920	0.01227	0.01472	0.01534	0.00859	0.00981	0.01472	0.02024	0.02699	0.05828	0.62152	0.06993	0.03312	0.01350	0.00429	0.00613	0.03006	0.00981	0.00859
19	0.01589	0.01140	0.01412	0.01378	0.01414	0.01245	0.00895	0.01679	0.01575	0.02165	0.03092	0.06047	0.03432	0.47754	0.15543	0.01114	0.05762	0.01414	0.00613	0.00737
20	0.70310	0.02045	0.01554	0.01390	0.02045	0.02372	0.01145	0.03108	0.01799	0.04744	0.01472	0.01718	0.01145	0.00981	0.00654	0.00327	0.00818	0.00573	0.00654	0.01145
21	0.11715	0.01825	0.02358	0.01829	0.02629	0.01641	0.01511	0.04935	0.02896	0.51425	0.03884	0.03399	0.02461	0.01274	0.01020	0.00327	0.00891	0.01011	0.01239	0.01730
22	0.02224	0.01574	0.01375	0.01316	0.01629	0.07711	0.00993	0.02923	0.07182	0.03853	0.07050	0.03992	0.03123	0.01301	0.00831	0.00266	0.00686	0.01036	0.49858	0.01077
23	0.01532	0.01069	0.01339	0.01272	0.01529	0.00989	0.00954	0.02014	0.02862	0.04104	0.46423	0.07614	0.12517	0.02093	0.01189	0.00325	0.00501	0.01830	0.08856	0.00989
24	0.03022	0.02184	0.02402	0.02102	0.02740	0.02430	0.01651	0.05532	0.44820	0.14170	0.04279	0.03881	0.03114	0.01411	0.01074	0.00353	0.00848	0.01171	0.01119	0.01697
25	0.04019	0.02962	0.03173	0.02433	0.03279	0.03279	0.02010	0.52721	0.04971	0.06663	0.02538	0.02538	0.01798	0.01269	0.01058	0.00317	0.01163	0.00952	0.01058	0.01798
26	0.01837	0.00918	0.01377	0.01377	0.01377	0.00918	0.00918	0.01377	0.01377	0.01837	0.01837	0.03214	0.01837	0.03673	0.04132	0.69238	0.00918	0.00918	0.00459	0.00459
27	0.02533	0.02212	0.03127	0.04113	0.28700	0.02346	0.02313	0.04024	0.21780	0.03883	0.03054	0.03295	0.02397	0.01166	0.01015	0.00321	0.00995	0.01043	0.10102	0.01580
28	0.02510	0.02790	0.05830	0.04211	0.05231	0.02669	0.47013	0.03624	0.08007	0.03497	0.02369	0.02968	0.01777	0.00949	0.01229	0.00357	0.01682	0.01242	0.00592	0.01452
29	0.02994	0.01854	0.02275	0.01665	0.02566	0.01455	0.01347	0.03444	0.02454	0.20257	0.02599	0.02634	0.01896	0.00948	0.00871	0.00210	0.00820	0.00764	0.00841	0.48106
30	0.03805	0.02693	0.02933	0.02315	0.03106	0.02959	0.01891	0.37786	0.15116	0.11543	0.03082	0.02946	0.02185	0.01308	0.01062	0.00327	0.01067	0.01015	0.01088	0.01772
31	0.70310	0.02045	0.01554	0.01390	0.02045	0.02372	0.01145	0.03108	0.01799	0.04744	0.01472	0.01718	0.01145	0.00981	0.00654	0.00327	0.00818	0.00573	0.00654	0.01145
32	0.02792	0.57033	0.05615	0.02091	0.03013	0.04023	0.07188	0.03189	0.02185	0.02583	0.01541	0.01819	0.01383	0.00903	0.00739	0.00240	0.01200	0.00638	0.00461	0.01364
33	0.02235	0.14848	0.48985	0.02819	0.04275	0.02735	0.03567	0.03319	0.02219	0.03209	0.01828	0.02146	0.01342	0.00988	0.00952	0.00317	0.01493	0.00746	0.00447	0.01529
34	0.01792	0.01149	0.01493	0.01368	0.01678	0.01045	0.01039	0.02269	0.02962	0.09202	0.48111	0.07621	0.11975	0.02110	0.01230	0.00333	0.00539	0.01850	0.01167	0.01068
35	0.01288	0.00920	0.01227	0.01472	0.01534	0.00859	0.00981	0.01472	0.02024	0.02699	0.05828	0.62152	0.06993	0.03312	0.01350	0.00429	0.00613	0.03006	0.00981	0.00859
36	0.01515	0.01113	0.01598	0.01598	0.01752	0.01267	0.01195	0.01823	0.01669	0.02379	0.02925	0.04667	0.02866	0.18114	0.48772	0.01574	0.02497	0.01208	0.00580	0.00888
37	0.01485	0.01090	0.01398	0.01348	0.01608	0.01003	0.01029	0.01959	0.02890	0.04014	0.47225	0.08436	0.14564	0.02272	0.01263	0.00346	0.00538	0.05417	0.01131	0.00985
38	0.01997	0.01879	0.03171	0.60301	0.07282	0.02349	0.02936	0.02701	0.02114	0.02701	0.01879	0.02819	0.01409	0.01057	0.01057	0.00352	0.01409	0.00940	0.00470	0.01175
39	0.02192	0.01879	0.02192	0.01566	0.02506	0.01409	0.01253	0.02662	0.02192	0.03445	0.01879	0.02192	0.01566	0.00783	0.00783	0.00157	0.00783	0.00626	0.00626	0.69305
40	0.02827	0.63478	0.05540	0.01809	0.02714	0.04184	0.01809	0.03166	0.02148	0.02488	0.01470	0.01696	0.01357	0.00905	0.00678	0.00226	0.01131	0.00565	0.00452	0.01357
41	0.04479	0.01722	0.02313	0.01796	0.02559	0.01500	0.01476	0.04896	0.02949	0.51907	0.04102	0.03632	0.02626	0.01301	0.01032	0.00319	0.00861	0.01056	0.07754	0.01722
42	0.02005	0.01413	0.02043	0.02338	0.11822	0.01330	0.01466	0.02519	0.02887	0.08972	0.40965	0.06521	0.07756	0.01856	0.01193	0.00329	0.00676	0.01654	0.01058	0.01197
43	0.01588	0.01007	0.01191	0.01191	0.01191	0.01007	0.00687	0.01511	0.01511	0.02014	0.03082	0.06300	0.03509	0.52960	0.05173	0.12417	0.01007	0.01434	0.00610	0.00610
44	0.02827	0.63478	0.05540	0.01809	0.02714	0.04184	0.01809	0.03166	0.02148	0.02488	0.01470	0.01696	0.01357	0.00905	0.00678	0.00226	0.01131	0.00565	0.00452	0.01357
45	0.02560	0.02849	0.10346	0.06093	0.50352	0.02506	0.03320	0.03257	0.02388	0.03442	0.01978	0.02573	0.01637	0.00949	0.01042	0.00316	0.01291	0.00924	0.00515	0.01662
46	0.03758	0.02832	0.03026	0.02380	0.03179	0.03157	0.01946	0.43861	0.14257	0.06242	0.02870	0.02803	0.02067	0.01300	0.01061	0.00325	0.01102	0.00998	0.01061	0.01775
47	0.02489	0.02349	0.03963	0.05901	0.50010	0.02339	0.02989	0.03102	0.02474	0.03544	0.08115	0.03219	0.02622	0.01081	0.01070	0.00316	0.01170	0.01053	0.00596	0.01598
48	0.02192	0.01879	0.02192	0.01566	0.02506	0.01409	0.01253	0.02662	0.02192	0.03445	0.01879	0.02192	0.01566	0.00783	0.00783	0.00157	0.00783	0.00626	0.00626	0.69305
49	0.01253	0.01057	0.01086	0.01109	0.01438	0.00889	0.00820	0.01513	0.02373	0.02841	0.10244	0.15146	0.51149	0.02738	0.01259	0.00364	0.00543	0.02305	0.00982	0.00889
50	0.10302	0.02633	0.02872	0.02221	0.03043	0.02833	0.01834	0.38157	0.04270	0.17037	0.02782	0.02685	0.01909	0.01251	0.01022	0.00320	0.01076	0.00940	0.01073	0.01738
51	0.70310	0.02045	0.01554	0.01390	0.02045	0.02372	0.01145	0.03108	0.01799	0.04744	0.01472	0.01718	0.01145	0.00981	0.00654	0.00327	0.00818	0.00573	0.00654	0.01145
52	0.70310	0.02045	0.01554	0.01390	0.02045	0.02372	0.01145	0.03108	0.01799	0.04744	0.01472	0.01718	0.01145	0.00981	0.00654	0.00327	0.00818	0.00573	0.00654	0.01145
53	0.02184	0.01247	0.01494	0.01352	0.01785	0.01077	0.01041	0.02522	0.02640	0.16843	0.16559	0.11913	0.30699	0.02286	0.01209	0.00350	0.00627	0.01935	0.01097	0.01139
54	0.02192	0.01879	0.02192	0.01566	0.02506	0.01409	0.01253	0.02662	0.02192	0.03445	0.01879	0.02192	0.01566	0.00783	0.00783	0.00157	0.00783	0.00626	0.00626	0.69305
55	0.01855	0.01729	0.02325	0.02128	0.02210	0.02199	0.01695	0.02081	0.01869	0.02642	0.04245	0.18980	0.12907	0.02376	0.02519	0.00435	0.34385	0.01696	0.00691	0.01032
56	0.01971	0.00985	0.00985	0.00985	0.01232	0.00985	0.00739	0.02464	0.02217	0.03942	0.03449	0.03942	0.02710	0.01232	0.00739	0.00246	0.00493	0.00985	0.68712	0.00985
57	0.01538	0.01025	0.01153	0.01153	0.01153	0.01025	0.00641	0.01538	0.01538	0.02050	0.03331	0.06919	0.03844	0.62842	0.05382	0.01025	0.01025	0.01538	0.00641	0.00641
58	0.02192	0.01879	0.02192	0.01566	0.02506	0.01409	0.01253	0.02662	0.02192	0.03445	0.01879	0.02192	0.01566	0.00783	0.00783	0.00157	0.00783	0.00626	0.00626	0.69305
59	0.02427	0.02718	0.05817	0.12132	0.05767	0.02629	0.45607	0.03293	0.02443	0.03293	0.02103	0.02847	0.01577	0.00914	0.01222	0.00356	0.01731	0.01205	0.00526	0.01391
60	0.01538	0.01025	0.01153	0.01153	0.01153	0.01025	0.00641	0.01538	0.01538	0.02050	0.03331	0.06919	0.03844	0.62842	0.05382	0.01025	0.01025	0.01538	0.00641	0.00641
61	0.70310	0.02045	0.01554	0.01390	0.02045	0.02372	0.01145	0.03108	0.01799	0.04744	0.01472	0.01718	0.01145	0.00981	0.00654	0.00327	0.00818	0.00573	0.00654	0.01145
62	0.02137	0.01804	0.02137	0.01610	0.02470	0.01387	0.01304	0.02608	0.02220	0.03413	0.02304	0.03303	0.02082	0.01027	0.00860	0.00194	0.00805	0.06160	0.00666	0.61510
63	0.48756	0.02580	0.02060	0.01762	0.02445	0.08977	0.01430	0.13701	0.02605	0.04903	0.01716	0.01912	0.01308	0.01055	0.00774	0.00319	0.01015	0.00665	0.00727	0.01292

[dist]
# distance from previous block
# <min> <max>
1	3

[block]
# block no. 2 follows, 13 sequences, length 19
# corresponding to MSA columns:
# 173-191
name=unknown_C
#
# <colnr> <probs for GDERKNQSTAVLIFYWHMCP>
#	G	D	E	R	K	N	Q	S	T	A	V	L	I	F	Y	W	H	M	C	P
0	0.01846	0.01359	0.01733	0.01838	0.02160	0.01358	0.01573	0.06948	0.02675	0.03447	0.06214	0.10708	0.14531	0.02718	0.01384	0.00447	0.00914	0.36125	0.00983	0.01039
1	0.02496	0.02852	0.06239	0.04456	0.05526	0.02674	0.52406	0.03387	0.02496	0.03387	0.02139	0.02852	0.01604	0.00891	0.01248	0.00357	0.01783	0.01248	0.00535	0.01426
2	0.02364	0.02618	0.05601	0.04043	0.05005	0.02452	0.45616	0.03203	0.02561	0.03499	0.09212	0.03519	0.02710	0.01059	0.01248	0.00353	0.01613	0.01336	0.00618	0.01369
3	0.02313	0.02313	0.03238	0.02776	0.02776	0.03238	0.02313	0.02545	0.01619	0.02545	0.01388	0.02313	0.01388	0.01851	0.03470	0.00463	0.60907	0.00925	0.00463	0.01157
4	0.70310	0.02045	0.01554	0.01390	0.02045	0.02372	0.01145	0.03108	0.01799	0.04744	0.01472	0.01718	0.01145	0.00981	0.00654	0.00327	0.00818	0.00573	0.00654	0.01145
5	0.01538	0.01025	0.01153	0.01153	0.01153	0.01025	0.00641	0.01538	0.01538	0.02050	0.03331	0.06919	0.03844	0.62842	0.05382	0.01025	0.01025	0.01538	0.00641	0.00641
6	0.04744	0.01799	0.02454	0.01881	0.02699	0.01554	0.01554	0.05153	0.03026	0.56979	0.04171	0.03599	0.02617	0.01309	0.01063	0.00327	0.00900	0.01063	0.01309	0.01799
7	0.01997	0.01879	0.03171	0.60301	0.07282	0.02349	0.02936	0.02701	0.02114	0.02701	0.01879	0.02819	0.01409	0.01057	0.01057	0.00352	0.01409	0.00940	0.00470	0.01175
8	0.03950	0.05039	0.02996	0.02724	0.03269	0.58597	0.02043	0.04222	0.02996	0.02588	0.01634	0.01907	0.01362	0.01090	0.00953	0.00272	0.01907	0.00681	0.00545	0.01226
9	0.02042	0.01258	0.01628	0.01605	0.01892	0.01201	0.01207	0.05944	0.02672	0.10617	0.18666	0.30682	0.06742	0.02552	0.01274	0.00387	0.00696	0.06758	0.01078	0.01100
10	0.02667	0.51007	0.11141	0.07591	0.03364	0.03812	0.02154	0.03142	0.02154	0.02605	0.01558	0.01865	0.01360	0.00931	0.00752	0.00251	0.01206	0.00626	0.00453	0.01362
11	0.01837	0.00918	0.01377	0.01377	0.01377	0.00918	0.00918	0.01377	0.01377	0.01837	0.01837	0.03214	0.01837	0.03673	0.04132	0.69238	0.00918	0.00918	0.00459	0.00459
12	0.07467	0.03052	0.17828	0.02416	0.03375	0.02249	0.06064	0.09561	0.10376	0.17317	0.07040	0.03307	0.02659	0.01252	0.01050	0.00335	0.01134	0.01040	0.00896	0.01583
13	0.01460	0.01079	0.01363	0.01292	0.01557	0.00982	0.00969	0.01925	0.02907	0.04035	0.49037	0.08235	0.16756	0.02238	0.01247	0.00336	0.00504	0.01959	0.01137	0.00982
14	0.16320	0.01871	0.01951	0.01624	0.02241	0.01919	0.01312	0.15513	0.03037	0.14472	0.05027	0.04854	0.17236	0.01617	0.01009	0.00327	0.00815	0.01264	0.06243	0.01349
15	0.26500	0.02331	0.02342	0.01936	0.02656	0.02584	0.01575	0.18484	0.14872	0.12384	0.02799	0.02723	0.02012	0.01214	0.00924	0.00331	0.00935	0.00893	0.00958	0.01546
16	0.03119	0.02313	0.02517	0.02158	0.02823	0.02586	0.01709	0.12676	0.40098	0.11703	0.04019	0.03687	0.02931	0.01393	0.01071	0.00348	0.00894	0.01141	0.01104	0.01709
17	0.04101	0.02831	0.03092	0.02371	0.03214	0.03085	0.01958	0.47371	0.04752	0.12323	0.02722	0.02658	0.01890	0.01274	0.01058	0.00318	0.01134	0.00964	0.01086	0.01798
18	0.13404	0.01832	0.02335	0.01816	0.02613	0.01662	0.01500	0.04883	0.02864	0.50079	0.03815	0.03350	0.02423	0.01265	0.01009	0.00327	0.00889	0.00998	0.01222	0.01713

[dist]
# distance from previous block
# <min> <max>
0	4

[block]
# block no. 3 follows, 13 sequences, length 48
# corresponding to MSA columns:
# 196-243
name=unknown_D
#
# <colnr> <probs for GDERKNQSTAVLIFYWHMCP>
#	G	D	E	R	K	N	Q	S	T	A	V	L	I	F	Y	W	H	M	C	P
0	0.02827	0.63478	0.05540	0.01809	0.02714	0.04184	0.01809	0.03166	0.02148	0.02488	0.01470	0.01696	0.01357	0.00905	0.00678	0.00226	0.01131	0.00565	0.00452	0.01357
1	0.02850	0.42297	0.18341	0.02122	0.03184	0.03469	0.02313	0.03421	0.02262	0.08438	0.01862	0.02032	0.01485	0.00972	0.00802	0.00264	0.01216	0.00672	0.00541	0.01456
2	0.02524	0.02030	0.02965	0.15826	0.17110	0.01910	0.02158	0.03080	0.02317	0.08915	0.02148	0.02586	0.01669	0.00939	0.00939	0.00257	0.01053	0.00821	0.00638	0.30115
3	0.02507	0.32587	0.27276	0.02810	0.09132	0.03279	0.02845	0.03251	0.02211	0.02953	0.01705	0.02019	0.01383	0.00951	0.00855	0.00281	0.01326	0.00696	0.00457	0.01477
4	0.02192	0.01879	0.02192	0.01566	0.02506	0.01409	0.01253	0.02662	0.02192	0.03445	0.01879	0.02192	0.01566	0.00783	0.00783	0.00157	0.00783	0.00626	0.00626	0.69305
5	0.03803	0.02735	0.11062	0.06159	0.03466	0.02323	0.02146	0.18646	0.06951	0.26844	0.03203	0.03052	0.02144	0.01243	0.01053	0.00329	0.01108	0.00989	0.01032	0.01712
6	0.01496	0.01081	0.01413	0.01330	0.01580	0.00998	0.00998	0.01995	0.02993	0.04240	0.55689	0.07898	0.09976	0.02162	0.01247	0.00333	0.00499	0.01912	0.01164	0.00998
7	0.02047	0.03035	0.22884	0.02391	0.03204	0.01968	0.02530	0.03314	0.12737	0.03486	0.03940	0.06665	0.03719	0.01899	0.01211	0.00404	0.01169	0.21265	0.00795	0.01336
8	0.01400	0.00990	0.01284	0.01426	0.01525	0.00939	0.00979	0.01633	0.02149	0.02906	0.14582	0.38937	0.06935	0.13318	0.02033	0.00518	0.00690	0.05946	0.00956	0.00855
9	0.02080	0.01709	0.02416	0.11635	0.12123	0.01795	0.01829	0.07280	0.06479	0.04101	0.29519	0.05421	0.05978	0.01645	0.01153	0.00333	0.00857	0.01454	0.00929	0.01263
10	0.01288	0.00920	0.01227	0.01472	0.01534	0.00859	0.00981	0.01472	0.02024	0.02699	0.05828	0.62152	0.06993	0.03312	0.01350	0.00429	0.00613	0.03006	0.00981	0.00859
11	0.02520	0.02294	0.03208	0.13338	0.22853	0.02541	0.02451	0.04277	0.26913	0.03788	0.03065	0.03278	0.02365	0.01194	0.01062	0.00341	0.01083	0.01061	0.00776	0.01591
12	0.02553	0.24761	0.25725	0.02315	0.03486	0.02966	0.02587	0.07761	0.02451	0.03373	0.01806	0.02069	0.01424	0.00960	0.00862	0.00268	0.01254	0.00698	0.00533	0.12149
13	0.03975	0.04267	0.03062	0.02616	0.03272	0.38034	0.02031	0.22250	0.03730	0.04103	0.01970	0.02142	0.01524	0.01156	0.00992	0.00289	0.01630	0.00782	0.00735	0.01438
14	0.02699	0.34688	0.26408	0.02306	0.03472	0.03260	0.02643	0.03406	0.02256	0.07383	0.01869	0.02073	0.01455	0.00979	0.00843	0.00279	0.01287	0.00695	0.00521	0.01478
15	0.01567	0.01535	0.06867	0.01821	0.02138	0.01427	0.01562	0.02024	0.01749	0.02537	0.02745	0.03975	0.02522	0.07287	0.53300	0.01573	0.02714	0.01100	0.00555	0.01001
16	0.02630	0.02271	0.02391	0.02152	0.02749	0.02630	0.01674	0.05618	0.54336	0.04423	0.04303	0.03945	0.03228	0.01434	0.01076	0.00359	0.00837	0.01195	0.01076	0.01674
17	0.01888	0.01696	0.02770	0.32529	0.14229	0.01917	0.02387	0.02418	0.02139	0.02835	0.03119	0.21123	0.03183	0.01734	0.01146	0.00369	0.01136	0.01579	0.00638	0.01166
18	0.03316	0.02907	0.12764	0.04026	0.24734	0.02375	0.02715	0.11776	0.02955	0.17990	0.02634	0.02795	0.01884	0.01102	0.01046	0.00322	0.01200	0.00948	0.00803	0.01708
19	0.01704	0.01217	0.01704	0.01947	0.02191	0.01217	0.01704	0.02191	0.02434	0.03164	0.05598	0.11926	0.06085	0.02921	0.01460	0.00487	0.00974	0.49130	0.00974	0.00974
20	0.01837	0.00918	0.01377	0.01377	0.01377	0.00918	0.00918	0.01377	0.01377	0.01837	0.01837	0.03214	0.01837	0.03673	0.04132	0.69238	0.00918	0.00918	0.00459	0.00459
21	0.02401	0.22153	0.03294	0.01646	0.02574	0.02322	0.01436	0.02828	0.02178	0.03130	0.01745	0.02029	0.01497	0.00823	0.00749	0.00179	0.00897	0.00606	0.00569	0.46942
22	0.02086	0.02502	0.11279	0.02463	0.02743	0.02585	0.02226	0.02485	0.01837	0.02772	0.06636	0.03350	0.02463	0.07800	0.06615	0.00563	0.36844	0.01062	0.00547	0.01144
23	0.09471	0.02499	0.08085	0.03393	0.19405	0.02159	0.02276	0.08512	0.02765	0.21514	0.02696	0.02781	0.01909	0.01090	0.00992	0.00309	0.01079	0.00908	0.00846	0.07310
24	0.01538	0.01025	0.01153	0.01153	0.01153	0.01025	0.00641	0.01538	0.01538	0.02050	0.03331	0.06919	0.03844	0.62842	0.05382	0.01025	0.01025	0.01538	0.00641	0.00641
25	0.02349	0.03700	0.26580	0.10123	0.29803	0.02473	0.03495	0.03237	0.02306	0.03338	0.01940	0.02474	0.01508	0.00979	0.01030	0.00326	0.01400	0.00874	0.00486	0.01580
26	0.04179	0.01656	0.02219	0.01746	0.02457	0.01448	0.01426	0.04604	0.02948	0.47057	0.08987	0.04038	0.03323	0.01382	0.01051	0.00320	0.00824	0.01136	0.07552	0.01648
27	0.02040	0.02045	0.07712	0.01854	0.02388	0.01840	0.01589	0.03666	0.24578	0.04223	0.28347	0.05634	0.06220	0.01733	0.01149	0.00344	0.00753	0.01491	0.01051	0.01342
28	0.01510	0.01133	0.01699	0.01699	0.01888	0.01322	0.01322	0.01888	0.01699	0.02454	0.02832	0.04154	0.02643	0.07930	0.58652	0.01699	0.02832	0.01133	0.00566	0.00944
29	0.02636	0.03730	0.25712	0.02560	0.03605	0.02660	0.02669	0.12159	0.24491	0.04326	0.03007	0.02998	0.02203	0.01227	0.01043	0.00342	0.01195	0.00982	0.00807	0.01647
30	0.01496	0.01081	0.01413	0.01330	0.01580	0.00998	0.00998	0.01995	0.02993	0.04240	0.55689	0.07898	0.09976	0.02162	0.01247	0.00333	0.00499	0.01912	0.01164	0.00998
31	0.02923	0.02142	0.02344	0.02013	0.02617	0.02365	0.01590	0.13673	0.31461	0.09766	0.09314	0.04068	0.03581	0.01455	0.01067	0.00338	0.00844	0.01199	0.05648	0.01591
32	0.01288	0.00920	0.01227	0.01472	0.01534	0.00859	0.00981	0.01472	0.02024	0.02699	0.05828	0.62152	0.06993	0.03312	0.01350	0.00429	0.00613	0.03006	0.00981	0.00859
33	0.02234	0.08565	0.03452	0.26947	0.04671	0.02963	0.02523	0.02676	0.01884	0.02605	0.01604	0.02462	0.01394	0.01416	0.02158	0.00391	0.29513	0.00893	0.00465	0.01185
34	0.36782	0.02211	0.06085	0.26360	0.04429	0.02368	0.02091	0.02953	0.01962	0.03786	0.01673	0.02218	0.01270	0.01015	0.00848	0.00338	0.01119	0.00742	0.00562	0.01186
35	0.02184	0.10698	0.52693	0.02905	0.04408	0.02611	0.03717	0.03332	0.02225	0.03271	0.01859	0.02184	0.01341	0.00996	0.00975	0.00325	0.01524	0.00762	0.00447	0.01544
36	0.02331	0.02243	0.04087	0.03952	0.17229	0.02182	0.21090	0.06908	0.02644	0.03640	0.08424	0.13862	0.03479	0.01500	0.01199	0.00353	0.01253	0.01528	0.00720	0.01374
37	0.01288	0.00920	0.01227	0.01472	0.01534	0.00859	0.00981	0.01472	0.02024	0.02699	0.05828	0.62152	0.06993	0.03312	0.01350	0.00429	0.00613	0.03006	0.00981	0.00859
38	0.02453	0.02504	0.03630	0.27546	0.22968	0.09329	0.06137	0.03078	0.02402	0.03082	0.05152	0.02946	0.02024	0.01078	0.01065	0.00328	0.01389	0.00988	0.00544	0.01357
39	0.02226	0.01481	0.01698	0.01646	0.02034	0.01540	0.01286	0.03391	0.17888	0.08715	0.05102	0.14046	0.08781	0.01991	0.01116	0.00361	0.00730	0.08948	0.15780	0.01240
40	0.02333	0.17435	0.30769	0.09040	0.04624	0.02867	0.12290	0.03247	0.02250	0.03097	0.01846	0.02290	0.01399	0.00967	0.00983	0.00317	0.01492	0.00836	0.00466	0.01451
41	0.01429	0.00991	0.01242	0.01388	0.01441	0.00960	0.00912	0.01567	0.01866	0.02480	0.04793	0.34982	0.05629	0.27429	0.02996	0.00677	0.00815	0.06781	0.00842	0.00781
42	0.02443	0.01656	0.02353	0.29245	0.04415	0.01878	0.01968	0.06980	0.02479	0.09158	0.02708	0.03260	0.02011	0.01160	0.00950	0.00311	0.01024	0.00969	0.23806	0.01227
43	0.01496	0.01081	0.01413	0.01330	0.01580	0.00998	0.00998	0.01995	0.02993	0.04240	0.55689	0.07898	0.09976	0.02162	0.01247	0.00333	0.00499	0.01912	0.01164	0.00998
44	0.01871	0.01672	0.02401	0.12798	0.16287	0.01725	0.01901	0.02577	0.07759	0.03118	0.05547	0.14784	0.19485	0.01937	0.01164	0.00357	0.00910	0.01703	0.00789	0.01213
45	0.03950	0.05039	0.02996	0.02724	0.03269	0.58597	0.02043	0.04222	0.02996	0.02588	0.01634	0.01907	0.01362	0.01090	0.00953	0.00272	0.01907	0.00681	0.00545	0.01226
46	0.02438	0.01977	0.02109	0.01845	0.02440	0.02130	0.01436	0.04554	0.36176	0.04170	0.03736	0.03643	0.02850	0.01287	0.00966	0.00304	0.00767	0.01060	0.12918	0.13193
47	0.17986	0.24042	0.03272	0.01747	0.02489	0.06802	0.01517	0.03397	0.02282	0.12701	0.02353	0.07053	0.02013	0.01193	0.00826	0.00280	0.01004	0.00869	0.00714	0.07462

[dist]
# distance from previous block
# <min> <max>
0	9

[block]
# block no. 4 follows, 13 sequences, length 23
# corresponding to MSA columns:
# 253-275
name=unknown_E
#
# <colnr> <probs for GDERKNQSTAVLIFYWHMCP>
#	G	D	E	R	K	N	Q	S	T	A	V	L	I	F	Y	W	H	M	C	P
0	0.12801	0.34566	0.08357	0.02431	0.08914	0.07577	0.02007	0.03161	0.02191	0.03022	0.01836	0.05467	0.01697	0.01086	0.00804	0.00275	0.01161	0.00781	0.00529	0.01338
1	0.02941	0.09669	0.08228	0.04948	0.37562	0.02548	0.02861	0.03547	0.02463	0.11855	0.02269	0.02637	0.01762	0.01001	0.01004	0.00308	0.01208	0.00905	0.00634	0.01649
2	0.02564	0.02282	0.08605	0.01780	0.02774	0.01552	0.01604	0.03113	0.02321	0.11413	0.02223	0.02407	0.01697	0.00887	0.00850	0.00203	0.00890	0.00709	0.00707	0.51418
3	0.01434	0.01007	0.01158	0.01216	0.01286	0.00965	0.00747	0.01519	0.01788	0.02329	0.05065	0.20529	0.12630	0.39410	0.03786	0.00780	0.00852	0.01993	0.00774	0.00731
4	0.02581	0.39411	0.22024	0.02228	0.03319	0.03490	0.02476	0.03438	0.06703	0.02934	0.01854	0.02065	0.01513	0.00983	0.00818	0.00273	0.01245	0.00690	0.00504	0.01451
5	0.01538	0.01025	0.01153	0.01153	0.01153	0.01025	0.00641	0.01538	0.01538	0.02050	0.03331	0.06919	0.03844	0.62842	0.05382	0.01025	0.01025	0.01538	0.00641	0.00641
6	0.02630	0.02271	0.02391	0.02152	0.02749	0.02630	0.01674	0.05618	0.54336	0.04423	0.04303	0.03945	0.03228	0.01434	0.01076	0.00359	0.00837	0.01195	0.01076	0.01674
7	0.04562	0.01840	0.02448	0.01904	0.02703	0.01647	0.01564	0.05193	0.07442	0.52455	0.04183	0.03629	0.02670	0.01319	0.01064	0.00330	0.00894	0.01075	0.01289	0.01789
8	0.04656	0.01941	0.02541	0.01948	0.02770	0.01764	0.01609	0.10945	0.03263	0.50852	0.03972	0.03470	0.02518	0.01304	0.01063	0.00326	0.00932	0.01050	0.01278	0.01799
9	0.01345	0.00990	0.01268	0.01428	0.01575	0.00912	0.01013	0.01612	0.02258	0.02988	0.13973	0.42415	0.14681	0.03016	0.01328	0.00409	0.00612	0.06277	0.01008	0.00893
10	0.02313	0.02313	0.03238	0.02776	0.02776	0.03238	0.02313	0.02545	0.01619	0.02545	0.01388	0.02313	0.01388	0.01851	0.03470	0.00463	0.60907	0.00925	0.00463	0.01157
11	0.03080	0.02495	0.02644	0.02243	0.02921	0.02840	0.01782	0.20881	0.38340	0.05149	0.03732	0.03489	0.02764	0.01381	0.01070	0.00345	0.00943	0.01116	0.01070	0.01714
12	0.01510	0.01133	0.01699	0.01699	0.01888	0.01322	0.01322	0.01888	0.01699	0.02454	0.02832	0.04154	0.02643	0.07930	0.58652	0.01699	0.02832	0.01133	0.00566	0.00944
13	0.01310	0.01061	0.01088	0.01088	0.01371	0.00920	0.00769	0.01522	0.02228	0.02688	0.09172	0.09496	0.44980	0.15223	0.02111	0.00496	0.00638	0.02087	0.00911	0.00840
14	0.10424	0.05052	0.50568	0.02816	0.04268	0.02445	0.03570	0.03319	0.02180	0.03518	0.01846	0.02170	0.01316	0.01002	0.00962	0.00334	0.01472	0.00756	0.00472	0.01512
15	0.01496	0.01081	0.01413	0.01330	0.01580	0.00998	0.00998	0.01995	0.02993	0.04240	0.55689	0.07898	0.09976	0.02162	0.01247	0.00333	0.00499	0.01912	0.01164	0.00998
16	0.02212	0.01333	0.01686	0.01617	0.01953	0.01293	0.01200	0.02937	0.10260	0.13886	0.17867	0.28408	0.06335	0.02353	0.01227	0.00375	0.00673	0.02083	0.01105	0.01198
17	0.08936	0.43611	0.07521	0.01900	0.02805	0.03592	0.01858	0.07634	0.02453	0.08525	0.01855	0.01990	0.01501	0.00988	0.00765	0.00259	0.01107	0.00661	0.00607	0.01432
18	0.02372	0.01255	0.01546	0.01365	0.01790	0.01119	0.01062	0.02792	0.02751	0.17867	0.23824	0.06695	0.17552	0.01916	0.01123	0.00324	0.00613	0.01623	0.11228	0.01184
19	0.03059	0.08551	0.22364	0.02355	0.03386	0.02399	0.02451	0.04464	0.16761	0.18648	0.03161	0.03041	0.02219	0.01200	0.01013	0.00330	0.01140	0.00956	0.00862	0.01642
20	0.02958	0.09880	0.03738	0.03734	0.20488	0.11087	0.05281	0.10993	0.09223	0.03868	0.06382	0.02975	0.02434	0.01160	0.01023	0.00308	0.01247	0.00985	0.00716	0.01522
21	0.04278	0.01946	0.02498	0.01898	0.02737	0.01732	0.01562	0.10275	0.03126	0.43148	0.03639	0.03266	0.02365	0.01225	0.01021	0.00300	0.00913	0.00985	0.01177	0.11910
22	0.12869	0.03504	0.13867	0.04328	0.27915	0.13372	0.02826	0.03434	0.02397	0.03458	0.01825	0.02271	0.01470	0.00989	0.00962	0.00312	0.01376	0.00805	0.00532	0.01487

[dist]
# distance from previous block
# <min> <max>
0	4

[block]
# block no. 5 follows, 13 sequences, length 23
# corresponding to MSA columns:
# 280-302
name=unknown_F
#
# <colnr> <probs for GDERKNQSTAVLIFYWHMCP>
#	G	D	E	R	K	N	Q	S	T	A	V	L	I	F	Y	W	H	M	C	P
0	0.02378	0.01424	0.02011	0.02101	0.08671	0.01314	0.01406	0.02872	0.02927	0.16177	0.37217	0.06256	0.07259	0.01814	0.01180	0.00329	0.00685	0.01597	0.01117	0.01265
1	0.10905	0.02106	0.02817	0.34686	0.05266	0.02518	0.02356	0.09308	0.12583	0.03766	0.02379	0.02867	0.01777	0.01146	0.01010	0.00346	0.01195	0.00945	0.00681	0.01343
2	0.62012	0.02419	0.01734	0.01557	0.02198	0.09403	0.01257	0.03247	0.01949	0.04474	0.01492	0.01741	0.01172	0.00995	0.00692	0.00320	0.00954	0.00586	0.00641	0.01155
3	0.01288	0.00920	0.01227	0.01472	0.01534	0.00859	0.00981	0.01472	0.02024	0.02699	0.05828	0.62152	0.06993	0.03312	0.01350	0.00429	0.00613	0.03006	0.00981	0.00859
4	0.02558	0.02481	0.04337	0.05169	0.34981	0.02446	0.14317	0.06857	0.02623	0.03622	0.02937	0.03421	0.07078	0.01129	0.01114	0.00328	0.01299	0.01143	0.00612	0.01548
5	0.70310	0.02045	0.01554	0.01390	0.02045	0.02372	0.01145	0.03108	0.01799	0.04744	0.01472	0.01718	0.01145	0.00981	0.00654	0.00327	0.00818	0.00573	0.00654	0.01145
6	0.01891	0.01642	0.02617	0.03748	0.26348	0.01609	0.02008	0.02276	0.02198	0.03042	0.04087	0.35151	0.04581	0.02237	0.01212	0.00377	0.00905	0.02070	0.00774	0.01229
7	0.02809	0.02993	0.09464	0.08182	0.03549	0.08254	0.02157	0.10794	0.31317	0.04213	0.03274	0.03239	0.02445	0.01288	0.01051	0.00341	0.01132	0.01036	0.00881	0.01581
8	0.01513	0.01121	0.01640	0.01640	0.01809	0.01290	0.01248	0.01850	0.01682	0.02411	0.02886	0.04452	0.02773	0.13845	0.52913	0.01627	0.02637	0.01176	0.00574	0.00911
9	0.01332	0.00987	0.01255	0.01451	0.01595	0.00910	0.01036	0.01571	0.02153	0.02789	0.06776	0.45465	0.16654	0.03136	0.01343	0.00422	0.00643	0.08619	0.00981	0.00880
10	0.02703	0.54443	0.04882	0.01690	0.02499	0.03721	0.01654	0.03064	0.02158	0.02698	0.01756	0.02021	0.01552	0.00952	0.00687	0.00229	0.01038	0.00626	0.10321	0.01303
11	0.02540	0.02433	0.04152	0.13182	0.50157	0.02492	0.03207	0.03177	0.02371	0.03361	0.01975	0.02642	0.01642	0.00956	0.01048	0.00319	0.01275	0.00942	0.00517	0.01613
12	0.06705	0.02441	0.09108	0.01981	0.02718	0.06066	0.01767	0.06492	0.06467	0.25114	0.15441	0.04172	0.03996	0.01442	0.01070	0.00327	0.00971	0.01175	0.01048	0.01499
13	0.01983	0.01593	0.02224	0.09644	0.13162	0.01506	0.01673	0.02436	0.02464	0.06895	0.12123	0.06179	0.23182	0.01772	0.01122	0.00321	0.00833	0.01524	0.00835	0.08526
14	0.02948	0.57183	0.05266	0.01908	0.02773	0.10045	0.01834	0.03280	0.02240	0.02498	0.01488	0.01719	0.01357	0.00924	0.00708	0.00231	0.01214	0.00578	0.00462	0.01343
15	0.03110	0.02033	0.02400	0.01812	0.02675	0.01801	0.01465	0.09815	0.07978	0.17505	0.02785	0.02767	0.02028	0.01042	0.00918	0.00240	0.00865	0.00835	0.00898	0.37027
16	0.02890	0.09491	0.09602	0.04247	0.26570	0.15487	0.02702	0.03766	0.08955	0.03269	0.02134	0.02486	0.01728	0.01040	0.00988	0.00303	0.01373	0.00859	0.00582	0.01528
17	0.02940	0.08275	0.08898	0.02713	0.06654	0.26282	0.02167	0.03511	0.05231	0.03055	0.09841	0.03021	0.02763	0.01328	0.01307	0.00315	0.08839	0.00941	0.00635	0.01283
18	0.02032	0.01703	0.02018	0.01533	0.02316	0.01313	0.01200	0.02476	0.02256	0.03450	0.07652	0.08775	0.02951	0.01174	0.00886	0.00202	0.00738	0.00993	0.00716	0.55616
19	0.02615	0.03264	0.21904	0.02322	0.03317	0.02181	0.02404	0.09323	0.02633	0.09144	0.05831	0.02793	0.02178	0.01176	0.01224	0.00299	0.07106	0.00883	0.00705	0.18698
20	0.02167	0.02068	0.06005	0.05245	0.06783	0.01872	0.01731	0.05779	0.15595	0.03788	0.10162	0.11328	0.06425	0.01597	0.01072	0.00316	0.00869	0.01375	0.00863	0.14961
21	0.02366	0.02917	0.14462	0.04764	0.32493	0.02429	0.03069	0.03047	0.02278	0.03284	0.02347	0.03666	0.02123	0.01315	0.01391	0.00358	0.08700	0.06934	0.00557	0.01500
22	0.02232	0.02419	0.08836	0.02991	0.11985	0.02095	0.08273	0.03535	0.16660	0.03738	0.10254	0.04346	0.08499	0.01388	0.01094	0.00325	0.01025	0.01251	0.00804	0.08250

[dist]
# distance from previous block
# <min> <max>
0	1

[block]
# block no. 6 follows, 13 sequences, length 8
# corresponding to MSA columns:
# 304-311
name=unknown_G
#
# <colnr> <probs for GDERKNQSTAVLIFYWHMCP>
#	G	D	E	R	K	N	Q	S	T	A	V	L	I	F	Y	W	H	M	C	P
0	0.02368	0.36777	0.10009	0.01755	0.02495	0.02940	0.01741	0.02811	0.02151	0.02865	0.02515	0.11305	0.02439	0.01337	0.00828	0.00273	0.00993	0.01031	0.12127	0.01242
1	0.08418	0.02019	0.03000	0.36426	0.09499	0.02307	0.02497	0.07394	0.02505	0.12483	0.02298	0.02820	0.01645	0.01102	0.01024	0.00340	0.01241	0.00931	0.00681	0.01369
2	0.13931	0.24657	0.20582	0.11936	0.03947	0.03030	0.02538	0.03135	0.02109	0.03174	0.01672	0.02055	0.01324	0.00974	0.00839	0.00298	0.01259	0.00697	0.00488	0.01354
3	0.02552	0.23121	0.13500	0.06452	0.03120	0.02511	0.02044	0.03087	0.02356	0.10964	0.07987	0.11943	0.03249	0.01484	0.00983	0.00312	0.01058	0.01211	0.00730	0.01336
4	0.01969	0.01189	0.01543	0.01393	0.01737	0.01073	0.01066	0.02435	0.02950	0.12124	0.44200	0.07432	0.12608	0.02074	0.01219	0.00334	0.00563	0.01810	0.01171	0.01111
5	0.02471	0.02012	0.02163	0.01931	0.02418	0.02263	0.01466	0.09217	0.35529	0.04227	0.09044	0.04696	0.03857	0.11804	0.01814	0.00464	0.00867	0.01300	0.01010	0.01446
6	0.01538	0.01025	0.01153	0.01153	0.01153	0.01025	0.00641	0.01538	0.01538	0.02050	0.03331	0.06919	0.03844	0.62842	0.05382	0.01025	0.01025	0.01538	0.00641	0.00641
7	0.34406	0.02210	0.02235	0.10655	0.03187	0.02564	0.01668	0.11079	0.14423	0.04649	0.02346	0.02521	0.01763	0.01140	0.00873	0.00337	0.00964	0.00829	0.00784	0.01369

[dist]
# distance from previous block
# <min> <max>
0	1

[block]
# block no. 7 follows, 13 sequences, length 21
# corresponding to MSA columns:
# 313-333
name=unknown_H
#
# <colnr> <probs for GDERKNQSTAVLIFYWHMCP>
#	G	D	E	R	K	N	Q	S	T	A	V	L	I	F	Y	W	H	M	C	P
0	0.42651	0.06853	0.06365	0.02264	0.08454	0.02666	0.01758	0.11031	0.02426	0.04647	0.01729	0.01982	0.01336	0.01019	0.00788	0.00318	0.00996	0.00688	0.00675	0.01352
1	0.01567	0.01211	0.01579	0.01548	0.01860	0.01105	0.01129	0.01868	0.01991	0.02830	0.04139	0.33616	0.04619	0.03746	0.14488	0.00655	0.01170	0.01973	0.00796	0.18109
2	0.01790	0.01356	0.01569	0.01466	0.01810	0.01378	0.01114	0.02862	0.15193	0.04107	0.33379	0.06798	0.12507	0.01949	0.01156	0.00333	0.00583	0.01682	0.07821	0.01148
3	0.02827	0.63478	0.05540	0.01809	0.02714	0.04184	0.01809	0.03166	0.02148	0.02488	0.01470	0.01696	0.01357	0.00905	0.00678	0.00226	0.01131	0.00565	0.00452	0.01357
4	0.03463	0.02511	0.03198	0.17149	0.09457	0.02768	0.02308	0.29761	0.03777	0.11310	0.02513	0.02741	0.01786	0.01189	0.01057	0.00327	0.01203	0.00961	0.00888	0.01631
5	0.01469	0.01080	0.01376	0.01302	0.01563	0.00986	0.00976	0.01942	0.02929	0.04087	0.50721	0.08149	0.15039	0.02219	0.01247	0.00335	0.00503	0.01947	0.01144	0.00986
6	0.01519	0.01099	0.01527	0.01527	0.01656	0.01228	0.01107	0.01777	0.01648	0.02327	0.02990	0.05027	0.03023	0.25276	0.41824	0.01486	0.02261	0.01261	0.00590	0.00848
7	0.01574	0.01314	0.02122	0.02383	0.08428	0.01247	0.06716	0.01885	0.02120	0.02861	0.04981	0.48808	0.05791	0.02775	0.01303	0.00408	0.00814	0.02575	0.00880	0.01016
8	0.03427	0.12229	0.09342	0.03351	0.15552	0.21687	0.02400	0.03917	0.02663	0.12541	0.02173	0.02378	0.01655	0.01059	0.00961	0.00292	0.01429	0.00804	0.00652	0.01487
9	0.03651	0.02215	0.02549	0.02100	0.02822	0.02343	0.01687	0.13545	0.26864	0.24253	0.03951	0.03575	0.02756	0.01359	0.01068	0.00340	0.00916	0.01105	0.01159	0.01742
10	0.02294	0.10015	0.22022	0.02753	0.10422	0.02227	0.02503	0.03034	0.02230	0.03307	0.01855	0.02208	0.01479	0.00895	0.00884	0.00247	0.01156	0.00716	0.00531	0.29224
11	0.03040	0.10485	0.06079	0.01889	0.02823	0.02191	0.01667	0.11889	0.02818	0.13325	0.02345	0.02437	0.01751	0.00989	0.00879	0.00234	0.00962	0.00761	0.00788	0.32649
12	0.02154	0.03625	0.27951	0.03180	0.09805	0.02538	0.03021	0.02908	0.02004	0.03008	0.01885	0.02558	0.01567	0.02167	0.09420	0.00552	0.18917	0.00889	0.00476	0.01375
13	0.02115	0.01444	0.01760	0.01587	0.01981	0.01451	0.01220	0.03205	0.15387	0.09891	0.37811	0.06487	0.07565	0.01895	0.01186	0.00338	0.00623	0.01649	0.01158	0.01246
14	0.01793	0.09050	0.25438	0.02159	0.02940	0.01865	0.02303	0.02435	0.02125	0.02953	0.03730	0.30771	0.04039	0.02096	0.01137	0.00369	0.01067	0.01821	0.00702	0.01206
