[name]
unknown

[dist]
# distance from previous block
# <min> <max>
0	235

[block]
# block no. 0 follows, 12 sequences, length 38
# corresponding to MSA columns:
# 280-317
name=unknown_A
#
# <colnr> <probs for GDERKNQSTAVLIFYWHMCP>
#	G	D	E	R	K	N	Q	S	T	A	V	L	I	F	Y	W	H	M	C	P
0	0.02261	0.01938	0.02261	0.01615	0.02584	0.01453	0.01292	0.02745	0.02261	0.03553	0.01938	0.02261	0.01615	0.00807	0.00807	0.00161	0.00807	0.00646	0.00646	0.68346
1	0.02712	0.02342	0.02465	0.02219	0.02835	0.02712	0.01726	0.05794	0.52909	0.04561	0.04438	0.04068	0.03328	0.01479	0.01109	0.00370	0.00863	0.01233	0.01109	0.01726
2	0.69383	0.02109	0.01603	0.01434	0.02109	0.02446	0.01181	0.03205	0.01856	0.04892	0.01518	0.01771	0.01181	0.01012	0.00675	0.00337	0.00843	0.00590	0.00675	0.01181
3	0.12195	0.02488	0.02980	0.16249	0.07971	0.02838	0.02212	0.20920	0.12678	0.04937	0.02600	0.02848	0.01931	0.01222	0.01036	0.00345	0.01157	0.00971	0.00850	0.01574
4	0.01468	0.01168	0.01372	0.01385	0.01708	0.00992	0.00992	0.01737	0.02260	0.02969	0.07154	0.33082	0.23317	0.02750	0.01258	0.00369	0.00632	0.02407	0.00952	0.12028
5	0.02439	0.02378	0.03195	0.02756	0.02858	0.03236	0.02277	0.03147	0.10124	0.02944	0.01927	0.02663	0.01744	0.01838	0.03171	0.00459	0.49980	0.01000	0.00581	0.01281
6	0.01328	0.00949	0.01265	0.01518	0.01581	0.00886	0.01012	0.01518	0.02088	0.02783	0.06010	0.60969	0.07212	0.03416	0.01392	0.00443	0.00633	0.03100	0.01012	0.00886
7	0.69383	0.02109	0.01603	0.01434	0.02109	0.02446	0.01181	0.03205	0.01856	0.04892	0.01518	0.01771	0.01181	0.01012	0.00675	0.00337	0.00843	0.00590	0.00675	0.01181
8	0.04073	0.05197	0.03090	0.02809	0.03371	0.57303	0.02107	0.04354	0.03090	0.02669	0.01685	0.01966	0.01404	0.01124	0.00983	0.00281	0.01966	0.00702	0.00562	0.01264
9	0.01558	0.01168	0.01752	0.01752	0.01947	0.01363	0.01363	0.01947	0.01752	0.02531	0.02921	0.04283	0.02726	0.08178	0.57360	0.01752	0.02921	0.01168	0.00584	0.00974
10	0.01515	0.01057	0.01338	0.01454	0.01549	0.01023	0.01000	0.01728	0.02107	0.02832	0.11656	0.26971	0.06320	0.24202	0.02894	0.00660	0.00826	0.09116	0.00910	0.00842
11	0.69383	0.02109	0.01603	0.01434	0.02109	0.02446	0.01181	0.03205	0.01856	0.04892	0.01518	0.01771	0.01181	0.01012	0.00675	0.00337	0.00843	0.00590	0.00675	0.01181
12	0.04892	0.01856	0.02530	0.01940	0.02783	0.01603	0.01603	0.05314	0.03121	0.55634	0.04302	0.03711	0.02699	0.01350	0.01096	0.00337	0.00928	0.01096	0.01350	0.01856
13	0.01371	0.01108	0.01234	0.01310	0.01617	0.00971	0.01007	0.01673	0.02435	0.02976	0.09486	0.17700	0.40027	0.02892	0.01339	0.00400	0.00638	0.09874	0.01011	0.00929
14	0.02437	0.02363	0.04137	0.27064	0.32256	0.02538	0.07130	0.03138	0.02372	0.03252	0.02019	0.02800	0.01614	0.01014	0.01101	0.00343	0.01402	0.00996	0.00519	0.01504
15	0.10069	0.04595	0.03406	0.02923	0.03570	0.44629	0.08700	0.04127	0.02902	0.02992	0.01741	0.02081	0.01417	0.01085	0.00995	0.00298	0.01842	0.00772	0.00571	0.01284
16	0.01821	0.00995	0.01493	0.01493	0.01535	0.01038	0.01038	0.01535	0.01493	0.02033	0.02118	0.03526	0.02075	0.04744	0.15831	0.53782	0.01377	0.00995	0.00498	0.00582
17	0.02113	0.01333	0.01700	0.01530	0.01902	0.01267	0.01174	0.02858	0.07822	0.11406	0.42725	0.07151	0.08589	0.02038	0.01243	0.00345	0.00604	0.01782	0.01212	0.01208
18	0.08301	0.06660	0.03923	0.04042	0.22920	0.02384	0.08979	0.03816	0.02577	0.17117	0.02570	0.02823	0.01896	0.01051	0.01034	0.00316	0.01194	0.00966	0.00765	0.06667
19	0.01398	0.00999	0.01345	0.01598	0.01691	0.00946	0.01133	0.01638	0.02156	0.02861	0.05971	0.53073	0.07060	0.03350	0.01410	0.00452	0.00693	0.10309	0.01011	0.00905
20	0.02574	0.02941	0.06434	0.04596	0.05699	0.02757	0.50919	0.03493	0.02574	0.03493	0.02206	0.02941	0.01654	0.00919	0.01287	0.00368	0.01838	0.01287	0.00551	0.01471
21	0.02487	0.27196	0.31623	0.02605	0.03802	0.03296	0.03038	0.03302	0.02209	0.03032	0.01737	0.02097	0.01393	0.01079	0.01148	0.00315	0.06954	0.00734	0.00464	0.01490
22	0.02709	0.12261	0.24438	0.02882	0.04012	0.02859	0.10255	0.13928	0.02943	0.04035	0.02451	0.07759	0.02065	0.01282	0.01072	0.00338	0.01402	0.01098	0.00667	0.01547
23	0.01743	0.01419	0.02020	0.01915	0.02039	0.01752	0.01487	0.02044	0.01710	0.02492	0.02668	0.04275	0.02619	0.14440	0.38187	0.01374	0.15087	0.01181	0.00572	0.00977
24	0.02800	0.53371	0.13670	0.02062	0.03102	0.04033	0.02208	0.03295	0.02229	0.02706	0.01586	0.01837	0.01396	0.00949	0.00753	0.00251	0.01236	0.00618	0.00465	0.01433
25	0.03837	0.02410	0.02400	0.02025	0.02686	0.10981	0.01601	0.04892	0.15080	0.27447	0.03801	0.03558	0.02651	0.01333	0.01035	0.00325	0.01026	0.01054	0.10247	0.01612
26	0.02036	0.01176	0.01421	0.01341	0.01473	0.01158	0.00850	0.02127	0.01810	0.09475	0.03510	0.06420	0.03684	0.48798	0.09419	0.01019	0.01200	0.01483	0.00748	0.00851
27	0.01572	0.01112	0.01469	0.01469	0.01566	0.01209	0.01010	0.01765	0.01669	0.02322	0.03179	0.05717	0.03348	0.35065	0.31323	0.01403	0.01984	0.01378	0.00623	0.00816
28	0.02322	0.01295	0.01325	0.01221	0.01559	0.01340	0.00942	0.09207	0.02675	0.04449	0.03428	0.03867	0.02666	0.01276	0.00807	0.00264	0.00603	0.01012	0.58612	0.01131
29	0.01543	0.01115	0.01457	0.01372	0.01629	0.01029	0.01029	0.02058	0.03086	0.04372	0.54304	0.08145	0.10288	0.02229	0.01286	0.00343	0.00514	0.01972	0.01200	0.01029
30	0.01543	0.01115	0.01457	0.01372	0.01629	0.01029	0.01029	0.02058	0.03086	0.04372	0.54304	0.08145	0.10288	0.02229	0.01286	0.00343	0.00514	0.01972	0.01200	0.01029
31	0.02915	0.62337	0.05714	0.01866	0.02799	0.04314	0.01866	0.03265	0.02215	0.02565	0.01516	0.01749	0.01399	0.00933	0.00700	0.00233	0.01166	0.00583	0.00466	0.01399
32	0.01368	0.00977	0.01310	0.01563	0.01643	0.00919	0.01080	0.01586	0.02126	0.02827	0.05988	0.56518	0.07126	0.03379	0.01402	0.00448	0.00667	0.07164	0.01011	0.00896
33	0.02385	0.02385	0.03340	0.02863	0.02863	0.03340	0.02385	0.02624	0.01670	0.02624	0.01431	0.02385	0.01431	0.01908	0.03578	0.00477	0.59685	0.00954	0.00477	0.01193
34	0.04892	0.01856	0.02530	0.01940	0.02783	0.01603	0.01603	0.05314	0.03121	0.55634	0.04302	0.03711	0.02699	0.01350	0.01096	0.00337	0.00928	0.01096	0.01350	0.01856
35	0.01348	0.01107	0.01186	0.01167	0.01509	0.00946	0.00875	0.01679	0.02625	0.03276	0.21074	0.09949	0.44202	0.02638	0.01288	0.00362	0.00544	0.02225	0.01056	0.00946
36	0.02712	0.02342	0.02465	0.02219	0.02835	0.02712	0.01726	0.05794	0.52909	0.04561	0.04438	0.04068	0.03328	0.01479	0.01109	0.00370	0.00863	0.01233	0.01109	0.01726
37	0.02475	0.01593	0.01846	0.01705	0.02118	0.05056	0.01311	0.02874	0.02751	0.14986	0.20288	0.18947	0.06304	0.02204	0.01234	0.00362	0.00799	0.06026	0.01088	0.06034

[dist]
# distance from previous block
# <min> <max>
0	1

[block]
# block no. 1 follows, 12 sequences, length 32
# corresponding to MSA columns:
# 319-340,345-354
name=unknown_B
#
# <colnr> <probs for GDERKNQSTAVLIFYWHMCP>
#	G	D	E	R	K	N	Q	S	T	A	V	L	I	F	Y	W	H	M	C	P
0	0.12026	0.02650	0.08188	0.02063	0.03029	0.05831	0.05095	0.03235	0.02351	0.07367	0.02050	0.02326	0.01594	0.00929	0.00879	0.00241	0.01061	0.00736	0.00668	0.37682
1	0.02297	0.02252	0.03142	0.02706	0.02733	0.03097	0.02243	0.02565	0.01819	0.02808	0.06988	0.02991	0.02362	0.01942	0.03337	0.00463	0.53467	0.01061	0.00553	0.01176
2	0.02850	0.45773	0.16332	0.02180	0.03254	0.03863	0.02345	0.06862	0.02450	0.03075	0.01692	0.01932	0.01429	0.00983	0.00801	0.00264	0.01264	0.00660	0.00511	0.01479
3	0.02784	0.01922	0.02315	0.01680	0.02624	0.01483	0.01354	0.03256	0.02432	0.13906	0.02408	0.02549	0.01830	0.00915	0.00865	0.00196	0.00831	0.00736	0.00786	0.55129
4	0.03224	0.09659	0.03371	0.13010	0.14709	0.02325	0.02219	0.03924	0.06006	0.20387	0.07553	0.03525	0.02830	0.01257	0.01059	0.00329	0.01088	0.01070	0.00881	0.01573
5	0.03139	0.10060	0.26192	0.02383	0.03511	0.02246	0.02633	0.03932	0.02660	0.21586	0.08225	0.03345	0.02777	0.01259	0.01046	0.00330	0.01210	0.01005	0.00848	0.01612
6	0.01328	0.00949	0.01265	0.01518	0.01581	0.00886	0.01012	0.01518	0.02088	0.02783	0.06010	0.60969	0.07212	0.03416	0.01392	0.00443	0.00633	0.03100	0.01012	0.00886
7	0.02427	0.02817	0.16127	0.19378	0.08415	0.02126	0.06684	0.03202	0.02504	0.09947	0.08656	0.03961	0.06366	0.01331	0.01129	0.00351	0.01279	0.01176	0.00714	0.01409
8	0.03533	0.02701	0.12713	0.15772	0.07980	0.02151	0.02534	0.07278	0.02839	0.26874	0.03052	0.03122	0.02043	0.01202	0.01082	0.00343	0.01219	0.00997	0.00911	0.01652
9	0.04491	0.02499	0.02929	0.02245	0.03105	0.02558	0.01855	0.29985	0.04198	0.29441	0.03397	0.03124	0.02245	0.01328	0.01093	0.00332	0.01074	0.01035	0.01211	0.01855
10	0.02712	0.02342	0.02465	0.02219	0.02835	0.02712	0.01726	0.05794	0.52909	0.04561	0.04438	0.04068	0.03328	0.01479	0.01109	0.00370	0.00863	0.01233	0.01109	0.01726
11	0.02059	0.01938	0.03270	0.59060	0.07510	0.02422	0.03028	0.02786	0.02180	0.02786	0.01938	0.02907	0.01453	0.01090	0.01090	0.00363	0.01453	0.00969	0.00484	0.01211
12	0.03629	0.02797	0.03186	0.03157	0.12634	0.06600	0.02167	0.22570	0.15594	0.11603	0.03095	0.03070	0.02257	0.01280	0.01086	0.00335	0.01156	0.01035	0.00990	0.01760
13	0.03050	0.02278	0.02577	0.02232	0.02839	0.02481	0.01850	0.27101	0.10249	0.05317	0.08027	0.06089	0.04029	0.01905	0.01231	0.00385	0.01043	0.14717	0.01077	0.01521
14	0.04892	0.01856	0.02530	0.01940	0.02783	0.01603	0.01603	0.05314	0.03121	0.55634	0.04302	0.03711	0.02699	0.01350	0.01096	0.00337	0.00928	0.01096	0.01350	0.01856
15	0.04892	0.01856	0.02530	0.01940	0.02783	0.01603	0.01603	0.05314	0.03121	0.55634	0.04302	0.03711	0.02699	0.01350	0.01096	0.00337	0.00928	0.01096	0.01350	0.01856
16	0.02356	0.01523	0.01759	0.01637	0.02111	0.01478	0.01277	0.03296	0.13816	0.13655	0.07262	0.13407	0.23744	0.02291	0.01240	0.00382	0.00741	0.05639	0.01100	0.01287
17	0.01561	0.01154	0.01681	0.01681	0.01851	0.01324	0.01274	0.01901	0.01731	0.02478	0.02986	0.04645	0.02883	0.14959	0.50793	0.01664	0.02684	0.01221	0.00594	0.00934
18	0.01322	0.00973	0.01240	0.01453	0.01564	0.00891	0.00983	0.01526	0.02150	0.02809	0.06800	0.53042	0.14628	0.03313	0.01376	0.00431	0.00620	0.02974	0.01012	0.00891
19	0.04892	0.01856	0.02530	0.01940	0.02783	0.01603	0.01603	0.05314	0.03121	0.55634	0.04302	0.03711	0.02699	0.01350	0.01096	0.00337	0.00928	0.01096	0.01350	0.01856
20	0.04810	0.01987	0.02612	0.02002	0.02849	0.01797	0.01654	0.10345	0.03340	0.50293	0.04117	0.03591	0.02607	0.01345	0.01096	0.00336	0.00958	0.01084	0.01321	0.01855
21	0.69383	0.02109	0.01603	0.01434	0.02109	0.02446	0.01181	0.03205	0.01856	0.04892	0.01518	0.01771	0.01181	0.01012	0.00675	0.00337	0.00843	0.00590	0.00675	0.01181
22	0.01389	0.01086	0.01259	0.01263	0.01546	0.00956	0.00929	0.01742	0.02652	0.03454	0.26433	0.16846	0.31236	0.02657	0.01302	0.00369	0.00550	0.02293	0.01082	0.00956
23	0.03215	0.47746	0.05083	0.02059	0.02943	0.09988	0.01921	0.10127	0.02720	0.03182	0.01689	0.01895	0.01464	0.01007	0.00786	0.00252	0.01258	0.00652	0.00565	0.01448
24	0.02537	0.01929	0.02289	0.01649	0.02605	0.01469	0.01325	0.03015	0.02351	0.09026	0.02186	0.02413	0.01729	0.00864	0.00838	0.00180	0.00820	0.00693	0.00720	0.61358
25	0.11345	0.18365	0.23389	0.02667	0.06927	0.02977	0.02685	0.08544	0.02600	0.08080	0.02061	0.02274	0.01541	0.01058	0.00921	0.00313	0.01284	0.00777	0.00634	0.01558
26	0.02334	0.02194	0.03695	0.28298	0.30555	0.02391	0.03022	0.03004	0.02405	0.03302	0.06306	0.03235	0.02317	0.01125	0.01101	0.00342	0.01298	0.01053	0.00571	0.01452
27	0.04512	0.02465	0.02907	0.02229	0.03087	0.02507	0.01841	0.28655	0.04140	0.30854	0.03446	0.03156	0.02270	0.01329	0.01094	0.00332	0.01066	0.01038	0.01218	0.01855
28	0.03541	0.02971	0.02704	0.02269	0.02954	0.14031	0.01796	0.20296	0.14441	0.10337	0.04067	0.03912	0.08835	0.01495	0.01098	0.00333	0.01176	0.01157	0.01002	0.01585
29	0.01453	0.01091	0.01346	0.01325	0.01584	0.00984	0.00977	0.01868	0.02812	0.03820	0.37534	0.15418	0.20767	0.02511	0.01300	0.00362	0.00539	0.02196	0.01130	0.00984
30	0.01654	0.01191	0.01454	0.01411	0.01436	0.01301	0.00905	0.01725	0.01614	0.02213	0.03190	0.06347	0.03579	0.49525	0.11939	0.01093	0.06565	0.01476	0.00634	0.00748
31	0.01608	0.01189	0.01530	0.01394	0.01715	0.01067	0.01052	0.02119	0.03012	0.04299	0.49595	0.07616	0.09508	0.02101	0.01243	0.00327	0.00541	0.01853	0.01150	0.07082

[dist]
# distance from previous block
# <min> <max>
0	8

[block]
# block no. 2 follows, 12 sequences, length 23
# corresponding to MSA columns:
# 363-385
name=unknown_C
#
# <colnr> <probs for GDERKNQSTAVLIFYWHMCP>
#	G	D	E	R	K	N	Q	S	T	A	V	L	I	F	Y	W	H	M	C	P
0	0.02574	0.02941	0.06434	0.04596	0.05699	0.02757	0.50919	0.03493	0.02574	0.03493	0.02206	0.02941	0.01654	0.00919	0.01287	0.00368	0.01838	0.01287	0.00551	0.01471
1	0.03605	0.02734	0.02982	0.02252	0.03153	0.02829	0.01849	0.37337	0.04305	0.05920	0.02423	0.02515	0.01786	0.01165	0.01010	0.00280	0.01087	0.00885	0.00963	0.20921
2	0.02385	0.02385	0.03340	0.02863	0.02863	0.03340	0.02385	0.02624	0.01670	0.02624	0.01431	0.02385	0.01431	0.01908	0.03578	0.00477	0.59685	0.00954	0.00477	0.01193
3	0.01482	0.01067	0.01402	0.01414	0.01615	0.00988	0.01024	0.01903	0.02800	0.03917	0.40455	0.23292	0.09406	0.02569	0.01316	0.00372	0.00548	0.02295	0.01146	0.00988
4	0.03955	0.02587	0.02923	0.02219	0.03103	0.02637	0.01825	0.32256	0.04158	0.16805	0.02855	0.02788	0.01992	0.01224	0.01039	0.00299	0.01068	0.00944	0.01064	0.14260
5	0.03932	0.01643	0.02223	0.01777	0.02452	0.01438	0.01438	0.04380	0.03111	0.40935	0.18640	0.04983	0.04875	0.01602	0.01151	0.00339	0.00809	0.01348	0.01307	0.01619
6	0.02385	0.02385	0.03340	0.02863	0.02863	0.03340	0.02385	0.02624	0.01670	0.02624	0.01431	0.02385	0.01431	0.01908	0.03578	0.00477	0.59685	0.00954	0.00477	0.01193
7	0.03764	0.02255	0.02659	0.02029	0.02900	0.02147	0.01656	0.17644	0.07125	0.23088	0.03156	0.03012	0.02195	0.01192	0.01013	0.00286	0.00966	0.00945	0.01057	0.20912
8	0.02736	0.04542	0.35829	0.08317	0.04604	0.02765	0.03371	0.17093	0.03100	0.04369	0.02144	0.02451	0.01524	0.01119	0.01057	0.00342	0.01478	0.00872	0.00643	0.01643
9	0.02068	0.01436	0.01731	0.01760	0.02057	0.01478	0.01274	0.03109	0.16760	0.08376	0.05395	0.39146	0.05664	0.02662	0.01282	0.00412	0.00727	0.02372	0.01072	0.01220
10	0.03086	0.01864	0.02558	0.02116	0.02552	0.02073	0.04496	0.03679	0.05624	0.19466	0.03153	0.03409	0.02342	0.01470	0.01725	0.00358	0.17707	0.01053	0.19872	0.01396
11	0.01999	0.01231	0.01661	0.01476	0.01754	0.01092	0.01046	0.01800	0.01661	0.02370	0.01907	0.03012	0.01814	0.02933	0.03271	0.48745	0.00907	0.00861	0.00523	0.19936
12	0.01328	0.00949	0.01265	0.01518	0.01581	0.00886	0.01012	0.01518	0.02088	0.02783	0.06010	0.60969	0.07212	0.03416	0.01392	0.00443	0.00633	0.03100	0.01012	0.00886
13	0.01538	0.01233	0.01840	0.18018	0.03281	0.01326	0.01590	0.01882	0.02114	0.02784	0.04842	0.44320	0.05560	0.02749	0.01305	0.00420	0.00868	0.02489	0.00861	0.00979
14	0.03929	0.04466	0.07090	0.02821	0.03563	0.37040	0.05343	0.10796	0.03284	0.08452	0.02119	0.02311	0.01606	0.01151	0.01032	0.00303	0.01727	0.00824	0.00703	0.01441
15	0.02098	0.01281	0.01373	0.01188	0.01647	0.01142	0.00914	0.02599	0.02279	0.03918	0.03093	0.03548	0.02456	0.01138	0.00775	0.00228	0.00594	0.00910	0.48496	0.20323
16	0.03362	0.01961	0.02328	0.01909	0.02529	0.02006	0.01535	0.17384	0.07106	0.19350	0.13652	0.04380	0.04028	0.01956	0.04734	0.00421	0.01007	0.01245	0.07563	0.01543
17	0.03679	0.02196	0.02545	0.02127	0.02851	0.02314	0.01700	0.08644	0.29827	0.25113	0.04262	0.03828	0.02978	0.01416	0.01103	0.00354	0.00911	0.01162	0.01204	0.01786
18	0.02261	0.01938	0.02261	0.01615	0.02584	0.01453	0.01292	0.02745	0.02261	0.03553	0.01938	0.02261	0.01615	0.00807	0.00807	0.00161	0.00807	0.00646	0.00646	0.68346
19	0.02381	0.01307	0.01612	0.01495	0.01934	0.01143	0.01162	0.02719	0.02650	0.18156	0.11124	0.16592	0.25302	0.02440	0.01266	0.00379	0.00703	0.05317	0.01122	0.01197
20	0.50136	0.02060	0.01791	0.01486	0.02245	0.02161	0.01213	0.03073	0.01972	0.04508	0.01639	0.01912	0.01305	0.00953	0.00713	0.00287	0.00833	0.00606	0.00667	0.20440
21	0.01999	0.01231	0.01661	0.01476	0.01754	0.01092	0.01046	0.01800	0.01661	0.02370	0.01907	0.03012	0.01814	0.02933	0.03271	0.48745	0.00907	0.00861	0.00523	0.19936
22	0.02350	0.01209	0.01628	0.01639	0.01926	0.01091	0.01181	0.02607	0.02384	0.17938	0.05520	0.44550	0.05918	0.02823	0.01307	0.00413	0.00717	0.02525	0.01109	0.01164

[dist]
# distance from previous block
# <min> <max>
1	17

[block]
# block no. 3 follows, 12 sequences, length 8
# corresponding to MSA columns:
# 403-410
name=unknown_D
#
# <colnr> <probs for GDERKNQSTAVLIFYWHMCP>
#	G	D	E	R	K	N	Q	S	T	A	V	L	I	F	Y	W	H	M	C	P
0	0.01575	0.01098	0.01397	0.01397	0.01469	0.01170	0.00920	0.01719	0.01647	0.02268	0.03246	0.06084	0.03507	0.41951	0.24655	0.01313	0.01744	0.01432	0.00632	0.00776
1	0.02537	0.02350	0.03627	0.04820	0.35595	0.02171	0.02589	0.03125	0.02401	0.03559	0.02009	0.02537	0.01686	0.00911	0.00979	0.00264	0.01115	0.00851	0.00579	0.26293
2	0.03253	0.09569	0.31577	0.02560	0.03825	0.02357	0.02931	0.04122	0.02596	0.22611	0.02780	0.02770	0.01869	0.01142	0.01027	0.00332	0.01318	0.00892	0.00789	0.01682
3	0.02463	0.02350	0.04000	0.26003	0.37412	0.02529	0.03229	0.03140	0.02371	0.03276	0.02009	0.02775	0.01626	0.01015	0.01083	0.00338	0.01354	0.00971	0.00519	0.01537
4	0.03707	0.02230	0.02644	0.01983	0.02882	0.02058	0.01623	0.17553	0.03380	0.22430	0.02947	0.02863	0.02057	0.01138	0.00988	0.00270	0.00962	0.00897	0.01016	0.26374
5	0.03250	0.02091	0.03422	0.25153	0.13705	0.02173	0.06007	0.03864	0.02607	0.22457	0.02848	0.03171	0.01974	0.01153	0.01105	0.00347	0.01260	0.01039	0.00818	0.01555
6	0.02080	0.01841	0.02970	0.04264	0.30021	0.01809	0.02259	0.02546	0.02396	0.03354	0.08618	0.24718	0.04586	0.01996	0.01215	0.00370	0.00975	0.01854	0.00778	0.01349
7	0.09383	0.02264	0.03472	0.02565	0.03497	0.02051	0.15814	0.03667	0.06326	0.12386	0.02558	0.02790	0.01895	0.01001	0.01005	0.00284	0.01135	0.00947	0.00773	0.26186

[dist]
# distance from previous block
# <min> <max>
0	1

[block]
# block no. 4 follows, 12 sequences, length 15
# corresponding to MSA columns:
# 412-426
name=unknown_E
#
# <colnr> <probs for GDERKNQSTAVLIFYWHMCP>
#	G	D	E	R	K	N	Q	S	T	A	V	L	I	F	Y	W	H	M	C	P
0	0.36535	0.02059	0.01968	0.01609	0.02383	0.02096	0.01303	0.03480	0.07267	0.08224	0.02156	0.02305	0.01650	0.01020	0.00792	0.00285	0.00840	0.00711	0.00760	0.22556
1	0.02210	0.04468	0.39004	0.02635	0.04043	0.02191	0.03162	0.03229	0.02289	0.03485	0.01951	0.02289	0.01455	0.00964	0.00964	0.00287	0.01357	0.00755	0.00519	0.22744
2	0.02583	0.23031	0.16280	0.01966	0.02843	0.02739	0.02066	0.07958	0.02555	0.03695	0.02382	0.02706	0.01883	0.01103	0.00841	0.00277	0.01070	0.00815	0.21830	0.01376
3	0.01816	0.01137	0.01506	0.01476	0.01731	0.01042	0.01082	0.02218	0.02774	0.09079	0.33929	0.24422	0.08543	0.02516	0.01300	0.00374	0.00594	0.02240	0.01156	0.01067
4	0.11638	0.02050	0.02412	0.12711	0.03418	0.02284	0.01797	0.19898	0.03169	0.04540	0.03416	0.21036	0.03385	0.01895	0.01130	0.00372	0.01020	0.01597	0.00896	0.01336
5	0.02676	0.01805	0.02152	0.01756	0.02434	0.01670	0.01385	0.03772	0.14650	0.13769	0.16517	0.04483	0.04468	0.01436	0.01057	0.00291	0.00767	0.01213	0.01031	0.22666
6	0.48055	0.01763	0.01417	0.01302	0.01843	0.01993	0.01048	0.02995	0.01992	0.04630	0.02164	0.02498	0.01692	0.01094	0.00702	0.00311	0.00737	0.00725	0.21910	0.01129
7	0.01328	0.00949	0.01265	0.01518	0.01581	0.00886	0.01012	0.01518	0.02088	0.02783	0.06010	0.60969	0.07212	0.03416	0.01392	0.00443	0.00633	0.03100	0.01012	0.00886
8	0.01656	0.01285	0.01618	0.01586	0.01950	0.01093	0.01157	0.01963	0.02174	0.03063	0.04702	0.38694	0.05368	0.02559	0.01215	0.00358	0.00716	0.05687	0.00896	0.22257
9	0.02622	0.17730	0.03241	0.01936	0.02746	0.02728	0.01625	0.04174	0.23760	0.03726	0.02891	0.02896	0.02287	0.01125	0.00908	0.00269	0.00924	0.00879	0.00796	0.22738
10	0.01708	0.01120	0.01519	0.01519	0.01733	0.01253	0.01173	0.02135	0.01922	0.03017	0.03122	0.04214	0.02748	0.05990	0.39437	0.01278	0.02157	0.01120	0.21848	0.00987
11	0.02261	0.01938	0.02261	0.01615	0.02584	0.01453	0.01292	0.02745	0.02261	0.03553	0.01938	0.02261	0.01615	0.00807	0.00807	0.00161	0.00807	0.00646	0.00646	0.68346
12	0.01475	0.01062	0.01397	0.01418	0.01614	0.00983	0.01024	0.01887	0.02770	0.03869	0.39011	0.24872	0.09314	0.02605	0.01319	0.00375	0.00552	0.02329	0.01141	0.00983
13	0.01328	0.00949	0.01265	0.01518	0.01581	0.00886	0.01012	0.01518	0.02088	0.02783	0.06010	0.60969	0.07212	0.03416	0.01392	0.00443	0.00633	0.03100	0.01012	0.00886
14	0.01609	0.01207	0.01550	0.01722	0.02010	0.01149	0.01463	0.02039	0.02502	0.03162	0.07443	0.11727	0.21526	0.02933	0.01437	0.00460	0.00861	0.33214	0.01007	0.00978

[dist]
# distance from previous block
# <min> <max>
0	2

[block]
# block no. 5 follows, 12 sequences, length 39
# corresponding to MSA columns:
# 429-467
name=unknown_F
#
# <colnr> <probs for GDERKNQSTAVLIFYWHMCP>
#	G	D	E	R	K	N	Q	S	T	A	V	L	I	F	Y	W	H	M	C	P
0	0.04562	0.01925	0.02637	0.02062	0.02794	0.01832	0.01706	0.04959	0.02930	0.48646	0.03923	0.03536	0.02532	0.01423	0.01424	0.00356	0.08673	0.01078	0.01235	0.01768
1	0.04832	0.01952	0.02590	0.01986	0.02832	0.01746	0.01640	0.09020	0.03283	0.51700	0.04166	0.03623	0.02631	0.01346	0.01096	0.00337	0.00950	0.01087	0.01329	0.01855
2	0.02802	0.54375	0.05392	0.09405	0.03420	0.04065	0.02019	0.03202	0.02211	0.02594	0.01572	0.01902	0.01406	0.00954	0.00751	0.00250	0.01204	0.00634	0.00469	0.01374
3	0.01294	0.01084	0.01126	0.01159	0.01487	0.00916	0.00853	0.01559	0.02433	0.02924	0.10382	0.17147	0.48211	0.02848	0.01302	0.00378	0.00563	0.02406	0.01012	0.00916
4	0.01451	0.01079	0.01396	0.01531	0.01714	0.00960	0.01049	0.01680	0.02110	0.02885	0.05473	0.53230	0.06474	0.03072	0.01315	0.00406	0.00656	0.02776	0.00964	0.09778
5	0.01445	0.01105	0.01370	0.01463	0.01696	0.00966	0.01019	0.01688	0.02176	0.02911	0.06298	0.44956	0.14216	0.02965	0.01298	0.00393	0.00642	0.02645	0.00964	0.09784
6	0.01663	0.01339	0.01948	0.01903	0.02049	0.01624	0.01484	0.02001	0.01783	0.02580	0.03084	0.11445	0.03105	0.06522	0.41166	0.01371	0.11925	0.01388	0.00623	0.00998
7	0.13734	0.12995	0.04561	0.03502	0.10106	0.14889	0.18399	0.03580	0.02501	0.03394	0.01849	0.02314	0.01490	0.00987	0.01000	0.00316	0.01530	0.00893	0.00558	0.01398
8	0.04479	0.01910	0.02504	0.01944	0.02774	0.01702	0.01592	0.05171	0.08020	0.46673	0.04140	0.03639	0.02681	0.01322	0.01076	0.00328	0.00912	0.01077	0.01273	0.06784
9	0.03239	0.52422	0.05192	0.01878	0.02796	0.03870	0.01823	0.03601	0.02364	0.11265	0.01973	0.02071	0.01612	0.01001	0.00765	0.00250	0.01127	0.00667	0.00611	0.01474
10	0.01342	0.00974	0.01267	0.01473	0.01576	0.00900	0.00999	0.01564	0.02197	0.02920	0.10173	0.52787	0.11261	0.03271	0.01375	0.00429	0.00617	0.02948	0.01027	0.00900
11	0.01543	0.01115	0.01457	0.01372	0.01629	0.01029	0.01029	0.02058	0.03086	0.04372	0.54304	0.08145	0.10288	0.02229	0.01286	0.00343	0.00514	0.01972	0.01200	0.01029
12	0.02261	0.01938	0.02261	0.01615	0.02584	0.01453	0.01292	0.02745	0.02261	0.03553	0.01938	0.02261	0.01615	0.00807	0.00807	0.00161	0.00807	0.00646	0.00646	0.68346
13	0.01543	0.01115	0.01457	0.01372	0.01629	0.01029	0.01029	0.02058	0.03086	0.04372	0.54304	0.08145	0.10288	0.02229	0.01286	0.00343	0.00514	0.01972	0.01200	0.01029
14	0.69383	0.02109	0.01603	0.01434	0.02109	0.02446	0.01181	0.03205	0.01856	0.04892	0.01518	0.01771	0.01181	0.01012	0.00675	0.00337	0.00843	0.00590	0.00675	0.01181
15	0.02630	0.05020	0.47261	0.02916	0.04402	0.02380	0.03631	0.03758	0.02436	0.12007	0.02341	0.02533	0.01597	0.01087	0.01046	0.00344	0.01499	0.00853	0.00606	0.01651
16	0.02915	0.62337	0.05714	0.01866	0.02799	0.04314	0.01866	0.03265	0.02215	0.02565	0.01516	0.01749	0.01399	0.00933	0.00700	0.00233	0.01166	0.00583	0.00466	0.01399
17	0.02574	0.02941	0.06434	0.04596	0.05699	0.02757	0.50919	0.03493	0.02574	0.03493	0.02206	0.02941	0.01654	0.00919	0.01287	0.00368	0.01838	0.01287	0.00551	0.01471
18	0.02595	0.02682	0.03612	0.32995	0.22067	0.11473	0.02979	0.03223	0.02427	0.03016	0.01933	0.02686	0.01533	0.01057	0.01069	0.00337	0.01487	0.00926	0.00515	0.01386
19	0.02574	0.02941	0.06434	0.04596	0.05699	0.02757	0.50919	0.03493	0.02574	0.03493	0.02206	0.02941	0.01654	0.00919	0.01287	0.00368	0.01838	0.01287	0.00551	0.01471
20	0.02385	0.02385	0.03340	0.02863	0.02863	0.03340	0.02385	0.02624	0.01670	0.02624	0.01431	0.02385	0.01431	0.01908	0.03578	0.00477	0.59685	0.00954	0.00477	0.01193
21	0.01324	0.00964	0.01249	0.01477	0.01571	0.00889	0.00994	0.01523	0.02127	0.02800	0.06512	0.55937	0.11919	0.03351	0.01381	0.00435	0.00625	0.03020	0.01012	0.00889
22	0.02187	0.05640	0.56031	0.03108	0.04719	0.02532	0.04029	0.03453	0.02302	0.03453	0.01957	0.02302	0.01381	0.01036	0.01036	0.00345	0.01611	0.00806	0.00460	0.01611
23	0.01328	0.00949	0.01265	0.01518	0.01581	0.00886	0.01012	0.01518	0.02088	0.02783	0.06010	0.60969	0.07212	0.03416	0.01392	0.00443	0.00633	0.03100	0.01012	0.00886
24	0.02818	0.02076	0.02234	0.01994	0.02574	0.02323	0.01556	0.05213	0.39647	0.09571	0.04280	0.04032	0.03178	0.01432	0.01051	0.00348	0.00811	0.01184	0.12055	0.01622
25	0.02059	0.01938	0.03270	0.59060	0.07510	0.02422	0.03028	0.02786	0.02180	0.02786	0.01938	0.02907	0.01453	0.01090	0.01090	0.00363	0.01453	0.00969	0.00484	0.01211
26	0.02915	0.62337	0.05714	0.01866	0.02799	0.04314	0.01866	0.03265	0.02215	0.02565	0.01516	0.01749	0.01399	0.00933	0.00700	0.00233	0.01166	0.00583	0.00466	0.01399
27	0.01320	0.01059	0.01180	0.01250	0.01518	0.00918	0.00899	0.01589	0.02412	0.03008	0.12896	0.25491	0.36799	0.02917	0.01319	0.00389	0.00573	0.02516	0.01027	0.00918
28	0.04892	0.01856	0.02530	0.01940	0.02783	0.01603	0.01603	0.05314	0.03121	0.55634	0.04302	0.03711	0.02699	0.01350	0.01096	0.00337	0.00928	0.01096	0.01350	0.01856
29	0.20001	0.11123	0.21963	0.02153	0.03115	0.02402	0.02312	0.03191	0.02202	0.07663	0.02630	0.11817	0.02389	0.01431	0.00960	0.00344	0.01137	0.01118	0.00677	0.01370
30	0.02240	0.02141	0.03511	0.39443	0.16159	0.02606	0.02986	0.02871	0.02157	0.02914	0.01877	0.02780	0.01504	0.01201	0.01496	0.00374	0.10968	0.00967	0.00494	0.01311
31	0.01571	0.01108	0.01401	0.01366	0.01547	0.01054	0.00975	0.01935	0.02605	0.03630	0.35841	0.08159	0.08143	0.19651	0.02548	0.00563	0.00709	0.05245	0.01028	0.00919
32	0.04073	0.05197	0.03090	0.02809	0.03371	0.57303	0.02107	0.04354	0.03090	0.02669	0.01685	0.01966	0.01404	0.01124	0.00983	0.00281	0.01966	0.00702	0.00562	0.01264
33	0.07381	0.03490	0.03329	0.02788	0.03382	0.25088	0.09916	0.09851	0.02912	0.03494	0.02281	0.06403	0.02013	0.02012	0.06835	0.00474	0.05322	0.01051	0.00665	0.01313
34	0.01782	0.02226	0.12820	0.11813	0.08531	0.01657	0.02220	0.02338	0.02211	0.03024	0.04128	0.30989	0.04505	0.02293	0.01247	0.00402	0.01051	0.04819	0.00768	0.01174
35	0.01571	0.01117	0.01492	0.01492	0.01597	0.01222	0.01038	0.01780	0.01675	0.02338	0.03159	0.05602	0.03298	0.32912	0.33408	0.01431	0.02059	0.01361	0.00620	0.00829
36	0.58379	0.02081	0.01711	0.01464	0.02187	0.02283	0.01199	0.03130	0.01922	0.04673	0.01587	0.01852	0.01252	0.00979	0.00697	0.00309	0.00838	0.00600	0.00670	0.12191
37	0.58676	0.02615	0.01846	0.01659	0.02316	0.11439	0.01333	0.03393	0.02058	0.04528	0.01546	0.01803	0.01218	0.01030	0.00725	0.00328	0.01028	0.00609	0.00656	0.01194
38	0.08773	0.02838	0.03587	0.04535	0.29822	0.10065	0.02587	0.08571	0.02884	0.12412	0.02383	0.02680	0.01810	0.01091	0.01037	0.00322	0.01282	0.00925	0.00741	0.01653

[dist]
# distance from previous block
# <min> <max>
0	24

[block]
# block no. 6 follows, 12 sequences, length 65
# corresponding to MSA columns:
# 492-556
name=unknown_G
#
# <colnr> <probs for GDERKNQSTAVLIFYWHMCP>
#	G	D	E	R	K	N	Q	S	T	A	V	L	I	F	Y	W	H	M	C	P
0	0.01551	0.01209	0.01631	0.09318	0.02412	0.01189	0.01272	0.02022	0.02758	0.03756	0.35002	0.13487	0.15735	0.02284	0.01271	0.00361	0.00663	0.02007	0.01051	0.01021
1	0.01439	0.00996	0.01232	0.01376	0.01412	0.00960	0.00861	0.01547	0.01871	0.02495	0.04899	0.37742	0.05810	0.28555	0.03186	0.00708	0.00816	0.02446	0.00861	0.00789
2	0.02144	0.01938	0.03123	0.14147	0.27218	0.01992	0.02482	0.02714	0.02488	0.03408	0.10566	0.08747	0.08211	0.01626	0.01178	0.00357	0.01086	0.04484	0.00726	0.01362
3	0.01620	0.01227	0.01538	0.01382	0.01747	0.01078	0.01048	0.02109	0.02920	0.04134	0.43266	0.07538	0.12968	0.02079	0.01220	0.00320	0.00558	0.01818	0.01107	0.10323
4	0.02261	0.01938	0.02261	0.01615	0.02584	0.01453	0.01292	0.02745	0.02261	0.03553	0.01938	0.02261	0.01615	0.00807	0.00807	0.00161	0.00807	0.00646	0.00646	0.68346
5	0.02309	0.09227	0.45342	0.03515	0.11516	0.02666	0.03781	0.03425	0.02321	0.03405	0.01939	0.02318	0.01430	0.01020	0.01018	0.00334	0.01536	0.00813	0.00472	0.01612
6	0.12827	0.01722	0.02130	0.01713	0.02404	0.01573	0.01387	0.04071	0.02876	0.32804	0.15539	0.04385	0.04201	0.01472	0.01062	0.00326	0.00810	0.01201	0.01171	0.06328
7	0.08854	0.01171	0.01321	0.01338	0.01445	0.01225	0.00861	0.01800	0.01707	0.02563	0.03515	0.13610	0.03945	0.39824	0.11484	0.00989	0.01228	0.01631	0.00700	0.00790
8	0.01655	0.01362	0.01498	0.01518	0.01868	0.01342	0.01148	0.02559	0.13647	0.03300	0.08070	0.19634	0.29067	0.02633	0.01289	0.00396	0.00678	0.06202	0.01033	0.01100
9	0.02055	0.01713	0.02037	0.01575	0.02342	0.01329	0.01225	0.02502	0.02326	0.03535	0.08145	0.11009	0.03323	0.01321	0.00940	0.00220	0.00752	0.01128	0.00756	0.51766
10	0.02442	0.09410	0.14490	0.03416	0.18116	0.02315	0.02517	0.03122	0.02329	0.03428	0.01929	0.02340	0.01575	0.00916	0.00922	0.00254	0.01155	0.00766	0.00557	0.28000
11	0.03783	0.03002	0.17252	0.08466	0.03873	0.02102	0.02459	0.08609	0.02974	0.31395	0.03259	0.03144	0.02131	0.01233	0.01079	0.00341	0.01195	0.00993	0.00991	0.01720
12	0.69383	0.02109	0.01603	0.01434	0.02109	0.02446	0.01181	0.03205	0.01856	0.04892	0.01518	0.01771	0.01181	0.01012	0.00675	0.00337	0.00843	0.00590	0.00675	0.01181
13	0.25901	0.02089	0.02763	0.02140	0.02963	0.02041	0.08279	0.04365	0.02627	0.31645	0.03091	0.02963	0.02053	0.01178	0.00983	0.00342	0.01026	0.00955	0.01016	0.01579
14	0.02059	0.01938	0.03270	0.59060	0.07510	0.02422	0.03028	0.02786	0.02180	0.02786	0.01938	0.02907	0.01453	0.01090	0.01090	0.00363	0.01453	0.00969	0.00484	0.01211
15	0.01609	0.01088	0.01273	0.01227	0.01507	0.01002	0.00920	0.02070	0.02760	0.03988	0.32468	0.07649	0.17989	0.02108	0.01158	0.00327	0.00521	0.01808	0.17527	0.01002
16	0.01757	0.01255	0.01757	0.02008	0.02259	0.01255	0.01757	0.02259	0.02510	0.03263	0.05773	0.12299	0.06275	0.03012	0.01506	0.00502	0.01004	0.47540	0.01004	0.01004
17	0.04145	0.03054	0.03272	0.02509	0.03381	0.03381	0.02072	0.51243	0.05127	0.06872	0.02618	0.02618	0.01854	0.01309	0.01091	0.00327	0.01200	0.00982	0.01091	0.01854
18	0.01328	0.00949	0.01265	0.01518	0.01581	0.00886	0.01012	0.01518	0.02088	0.02783	0.06010	0.60969	0.07212	0.03416	0.01392	0.00443	0.00633	0.03100	0.01012	0.00886
19	0.02485	0.02269	0.03488	0.02782	0.03462	0.02355	0.16706	0.08102	0.20873	0.04218	0.10653	0.10291	0.04065	0.01605	0.01217	0.00370	0.01119	0.01531	0.00938	0.01472
20	0.02915	0.62337	0.05714	0.01866	0.02799	0.04314	0.01866	0.03265	0.02215	0.02565	0.01516	0.01749	0.01399	0.00933	0.00700	0.00233	0.01166	0.00583	0.00466	0.01399
21	0.60469	0.02074	0.01731	0.01504	0.02202	0.02329	0.01239	0.03497	0.02030	0.11905	0.01903	0.02039	0.01391	0.01059	0.00733	0.00337	0.00855	0.00660	0.00768	0.01274
22	0.03087	0.02423	0.02598	0.02246	0.02919	0.02744	0.01773	0.13007	0.41938	0.08370	0.04139	0.03813	0.03051	0.01443	0.01106	0.00361	0.00921	0.01184	0.01123	0.01755
23	0.03835	0.02047	0.02498	0.01977	0.02686	0.02016	0.01608	0.18822	0.03737	0.27832	0.16078	0.04461	0.04303	0.01553	0.01141	0.00336	0.00911	0.01276	0.01232	0.01652
24	0.02699	0.02591	0.04426	0.06693	0.54879	0.02591	0.03346	0.03346	0.02483	0.03562	0.02051	0.02699	0.01727	0.00972	0.01079	0.00324	0.01295	0.00972	0.00540	0.01727
25	0.01757	0.01255	0.01757	0.02008	0.02259	0.01255	0.01757	0.02259	0.02510	0.03263	0.05773	0.12299	0.06275	0.03012	0.01506	0.00502	0.01004	0.47540	0.01004	0.01004
26	0.04145	0.03054	0.03272	0.02509	0.03381	0.03381	0.02072	0.51243	0.05127	0.06872	0.02618	0.02618	0.01854	0.01309	0.01091	0.00327	0.01200	0.00982	0.01091	0.01854
27	0.02699	0.02591	0.04426	0.06693	0.54879	0.02591	0.03346	0.03346	0.02483	0.03562	0.02051	0.02699	0.01727	0.00972	0.01079	0.00324	0.01295	0.00972	0.00540	0.01727
28	0.04145	0.03054	0.03272	0.02509	0.03381	0.03381	0.02072	0.51243	0.05127	0.06872	0.02618	0.02618	0.01854	0.01309	0.01091	0.00327	0.01200	0.00982	0.01091	0.01854
29	0.04598	0.03054	0.02731	0.02252	0.02994	0.21584	0.01783	0.04969	0.03110	0.36634	0.03363	0.03085	0.02235	0.01268	0.01056	0.00317	0.01300	0.00955	0.01067	0.01643
30	0.02224	0.03800	0.29311	0.02366	0.03658	0.01996	0.02669	0.03101	0.02282	0.03503	0.01947	0.02282	0.01497	0.00922	0.00922	0.00254	0.01212	0.00726	0.00553	0.34774
31	0.04002	0.02992	0.02673	0.02260	0.02915	0.18975	0.01768	0.13480	0.03361	0.22507	0.03404	0.10874	0.02759	0.01558	0.01101	0.00333	0.01259	0.01230	0.01010	0.01539
32	0.02654	0.41998	0.23764	0.02311	0.03487	0.03675	0.02642	0.03332	0.02247	0.02884	0.01674	0.01947	0.01393	0.00970	0.00820	0.00273	0.01326	0.00663	0.00464	0.01475
33	0.33248	0.02369	0.02081	0.01801	0.02457	0.09967	0.01433	0.03887	0.02457	0.20494	0.02836	0.07817	0.02246	0.01355	0.00919	0.00339	0.01013	0.00996	0.00904	0.01380
34	0.04035	0.03000	0.03211	0.02487	0.03340	0.03330	0.02046	0.47768	0.08780	0.06695	0.02757	0.02729	0.01967	0.01322	0.01092	0.00330	0.01174	0.01001	0.01092	0.01844
35	0.02059	0.01938	0.03270	0.59060	0.07510	0.02422	0.03028	0.02786	0.02180	0.02786	0.01938	0.02907	0.01453	0.01090	0.01090	0.00363	0.01453	0.00969	0.00484	0.01211
36	0.01289	0.01105	0.01105	0.01105	0.01473	0.00920	0.00828	0.01565	0.02485	0.02946	0.11046	0.10493	0.54437	0.02761	0.01289	0.00368	0.00552	0.02301	0.01013	0.00920
37	0.04073	0.05197	0.03090	0.02809	0.03371	0.57303	0.02107	0.04354	0.03090	0.02669	0.01685	0.01966	0.01404	0.01124	0.00983	0.00281	0.01966	0.00702	0.00562	0.01264
38	0.01405	0.01008	0.01334	0.01466	0.01599	0.00937	0.01018	0.01712	0.02446	0.03353	0.23334	0.42020	0.08315	0.02990	0.01354	0.00407	0.00590	0.02695	0.01080	0.00937
39	0.01813	0.01420	0.01702	0.01801	0.02061	0.01498	0.01335	0.02935	0.17770	0.03396	0.05494	0.36750	0.05888	0.02765	0.01321	0.00429	0.00755	0.08668	0.01041	0.01160
40	0.02915	0.62337	0.05714	0.01866	0.02799	0.04314	0.01866	0.03265	0.02215	0.02565	0.01516	0.01749	0.01399	0.00933	0.00700	0.00233	0.01166	0.00583	0.00466	0.01399
41	0.03262	0.07828	0.02910	0.02094	0.02897	0.02607	0.01714	0.14987	0.20890	0.11753	0.03259	0.03132	0.02403	0.01242	0.01007	0.00303	0.00963	0.00984	0.00989	0.14776
42	0.02689	0.01925	0.02305	0.01668	0.02616	0.01478	0.01343	0.03164	0.02401	0.12034	0.02323	0.02497	0.01792	0.00896	0.00855	0.00190	0.00827	0.00719	0.00761	0.57519
43	0.02728	0.40808	0.15532	0.02123	0.03130	0.03580	0.02250	0.06629	0.02521	0.03222	0.06502	0.02509	0.02239	0.01099	0.00851	0.00273	0.01201	0.00784	0.00577	0.01442
44	0.02124	0.02850	0.20558	0.02279	0.03096	0.01711	0.05919	0.02883	0.02675	0.08497	0.22670	0.11041	0.05561	0.01769	0.01195	0.00356	0.01041	0.01563	0.00891	0.01322
45	0.01327	0.01092	0.01167	0.01178	0.01504	0.00932	0.00872	0.01629	0.02533	0.03128	0.16582	0.14603	0.44186	0.02745	0.01297	0.00371	0.00554	0.02326	0.01038	0.00932
46	0.04127	0.01985	0.02780	0.16044	0.04001	0.01967	0.01996	0.08883	0.03072	0.38184	0.03567	0.03414	0.02316	0.01282	0.01094	0.00343	0.01082	0.01055	0.01113	0.01697
47	0.03328	0.03233	0.04275	0.04560	0.23277	0.16472	0.13581	0.03912	0.02748	0.10594	0.02307	0.02708	0.01764	0.01051	0.01104	0.00325	0.01539	0.00992	0.00661	0.01569
48	0.02699	0.02591	0.04426	0.06693	0.54879	0.02591	0.03346	0.03346	0.02483	0.03562	0.02051	0.02699	0.01727	0.00972	0.01079	0.00324	0.01295	0.00972	0.00540	0.01727
49	0.01360	0.01097	0.01211	0.01205	0.01522	0.00947	0.00895	0.01695	0.02621	0.03321	0.22416	0.13233	0.39331	0.02661	0.01295	0.00366	0.00547	0.02265	0.01063	0.00947
50	0.02685	0.02628	0.04642	0.06467	0.49578	0.02609	0.08474	0.03362	0.02493	0.03555	0.02068	0.02725	0.01719	0.00966	0.01102	0.00329	0.01354	0.01005	0.00541	0.01699
51	0.02117	0.01998	0.03376	0.54282	0.11832	0.02438	0.03057	0.02837	0.02208	0.02857	0.01948	0.02888	0.01478	0.01079	0.01089	0.00360	0.01439	0.00969	0.00490	0.01258
52	0.02987	0.01296	0.01522	0.01325	0.01775	0.01212	0.01043	0.03466	0.02565	0.21282	0.03806	0.03947	0.02763	0.01297	0.00874	0.00282	0.00648	0.01043	0.45571	0.01296
53	0.02699	0.02591	0.04426	0.06693	0.54879	0.02591	0.03346	0.03346	0.02483	0.03562	0.02051	0.02699	0.01727	0.00972	0.01079	0.00324	0.01295	0.00972	0.00540	0.01727
54	0.02712	0.02342	0.02465	0.02219	0.02835	0.02712	0.01726	0.05794	0.52909	0.04561	0.04438	0.04068	0.03328	0.01479	0.01109	0.00370	0.00863	0.01233	0.01109	0.01726
55	0.02915	0.62337	0.05714	0.01866	0.02799	0.04314	0.01866	0.03265	0.02215	0.02565	0.01516	0.01749	0.01399	0.00933	0.00700	0.00233	0.01166	0.00583	0.00466	0.01399
56	0.04250	0.01868	0.02426	0.01934	0.02690	0.01729	0.01572	0.05104	0.11052	0.42992	0.08716	0.04158	0.03466	0.01447	0.01115	0.00343	0.00881	0.01195	0.01298	0.01762
57	0.01734	0.01924	0.09455	0.01918	0.02384	0.01452	0.06728	0.02216	0.02317	0.03207	0.18320	0.06342	0.09537	0.19585	0.07592	0.00682	0.01187	0.01582	0.00800	0.01037
58	0.02495	0.24540	0.26601	0.02785	0.08164	0.03007	0.02840	0.03281	0.02282	0.03168	0.01809	0.02139	0.01450	0.00963	0.00891	0.00279	0.01318	0.00721	0.00495	0.10771
59	0.60123	0.02147	0.01843	0.01631	0.02213	0.02570	0.01347	0.03125	0.01830	0.04579	0.01506	0.01856	0.01215	0.01136	0.01076	0.00357	0.08976	0.00641	0.00647	0.01182
60	0.01366	0.00976	0.01309	0.01562	0.01642	0.00918	0.01078	0.01584	0.02125	0.02826	0.05989	0.56651	0.07128	0.03380	0.01402	0.00448	0.00666	0.07042	0.01011	0.00896
61	0.02340	0.05202	0.45647	0.09113	0.04900	0.07380	0.03750	0.03461	0.02359	0.03312	0.01931	0.02337	0.01391	0.01050	0.01037	0.00342	0.01626	0.00814	0.00472	0.01537
62	0.01688	0.01029	0.01318	0.01318	0.01335	0.01047	0.00820	0.01561	0.01544	0.02076	0.02865	0.05582	0.03150	0.37238	0.09708	0.23988	0.01185	0.01331	0.00590	0.00625
63	0.44079	0.21056	0.03005	0.05320	0.02677	0.03033	0.01517	0.03197	0.01990	0.04023	0.01545	0.01838	0.01267	0.00992	0.00710	0.00306	0.00985	0.00613	0.00597	0.01252
64	0.03635	0.20250	0.03810	0.02561	0.03179	0.39018	0.02064	0.03931	0.02748	0.02638	0.01621	0.01940	0.01405	0.01133	0.01106	0.00283	0.06166	0.00690	0.00530	0.01295

[dist]
# distance from previous block
# <min> <max>
0	1

[block]
# block no. 7 follows, 12 sequences, length 70
# corresponding to MSA columns:
# 558-627
name=unknown_H
#
# <colnr> <probs for GDERKNQSTAVLIFYWHMCP>
#	G	D	E	R	K	N	Q	S	T	A	V	L	I	F	Y	W	H	M	C	P
0	0.02864	0.34373	0.19484	0.02329	0.03427	0.03580	0.02500	0.10047	0.05785	0.03531	0.01973	0.02169	0.01576	0.01048	0.00874	0.00286	0.01278	0.00741	0.00590	0.01542
1	0.02059	0.01938	0.03270	0.59060	0.07510	0.02422	0.03028	0.02786	0.02180	0.02786	0.01938	0.02907	0.01453	0.01090	0.01090	0.00363	0.01453	0.00969	0.00484	0.01211
2	0.02261	0.01938	0.02261	0.01615	0.02584	0.01453	0.01292	0.02745	0.02261	0.03553	0.01938	0.02261	0.01615	0.00807	0.00807	0.00161	0.00807	0.00646	0.00646	0.68346
3	0.02187	0.05640	0.56031	0.03108	0.04719	0.02532	0.04029	0.03453	0.02302	0.03453	0.01957	0.02302	0.01381	0.01036	0.01036	0.00345	0.01611	0.00806	0.00460	0.01611
4	0.04613	0.01774	0.02383	0.01850	0.02636	0.01545	0.01521	0.05043	0.03039	0.50606	0.04229	0.03746	0.02708	0.01342	0.01064	0.00329	0.00887	0.01089	0.07822	0.01774
5	0.03275	0.03029	0.02947	0.02786	0.07036	0.15171	0.02044	0.08281	0.22649	0.08405	0.03063	0.03111	0.02339	0.01393	0.01414	0.00355	0.09236	0.01022	0.00873	0.01569
6	0.04073	0.05197	0.03090	0.02809	0.03371	0.57303	0.02107	0.04354	0.03090	0.02669	0.01685	0.01966	0.01404	0.01124	0.00983	0.00281	0.01966	0.00702	0.00562	0.01264
7	0.01328	0.00949	0.01265	0.01518	0.01581	0.00886	0.01012	0.01518	0.02088	0.02783	0.06010	0.60969	0.07212	0.03416	0.01392	0.00443	0.00633	0.03100	0.01012	0.00886
8	0.01324	0.00965	0.01248	0.01475	0.01570	0.00889	0.00993	0.01523	0.02129	0.02800	0.06533	0.55719	0.12124	0.03348	0.01381	0.00435	0.00624	0.03017	0.01012	0.00889
9	0.03073	0.02403	0.02581	0.02238	0.02906	0.02720	0.01764	0.11983	0.42598	0.08741	0.04178	0.03842	0.03079	0.01446	0.01106	0.00362	0.00914	0.01188	0.01125	0.01753
10	0.01428	0.01120	0.01317	0.01432	0.01714	0.01009	0.01123	0.01753	0.02423	0.03007	0.08681	0.19790	0.32622	0.02946	0.01368	0.00419	0.00694	0.15209	0.01010	0.00938
11	0.01558	0.01168	0.01752	0.01752	0.01947	0.01363	0.01363	0.01947	0.01752	0.02531	0.02921	0.04283	0.02726	0.08178	0.57360	0.01752	0.02921	0.01168	0.00584	0.00974
12	0.02948	0.03180	0.09467	0.03942	0.05025	0.02901	0.34694	0.15794	0.03210	0.04360	0.02293	0.02808	0.01685	0.01029	0.01217	0.00355	0.01656	0.01171	0.00683	0.01580
