[name]
unknown

[dist]
# distance from previous block
# <min> <max>
0	43

[block]
# block no. 0 follows, 14 sequences, length 13
# corresponding to MSA columns:
# 43-55
name=unknown_A
#
# <colnr> <probs for GDERKNQSTAVLIFYWHMCP>
#	G	D	E	R	K	N	Q	S	T	A	V	L	I	F	Y	W	H	M	C	P
0	0.02650	0.59123	0.05058	0.01767	0.02590	0.03814	0.01747	0.02992	0.02109	0.02471	0.01770	0.02497	0.01710	0.01046	0.00723	0.00241	0.01084	0.04839	0.00482	0.01285
1	0.02557	0.02971	0.05754	0.04164	0.05154	0.08067	0.48850	0.03365	0.02469	0.03213	0.02029	0.02680	0.01535	0.00883	0.01184	0.00338	0.01742	0.01158	0.00520	0.01365
2	0.71184	0.01985	0.01508	0.01350	0.01985	0.02302	0.01111	0.03017	0.01746	0.04604	0.01429	0.01667	0.01111	0.00953	0.00635	0.00318	0.00794	0.00556	0.00635	0.01111
3	0.02553	0.02204	0.02320	0.02088	0.02669	0.02553	0.01624	0.05453	0.55679	0.04293	0.04177	0.03829	0.03133	0.01392	0.01044	0.00348	0.00812	0.01160	0.01044	0.01624
4	0.02472	0.02553	0.04629	0.03471	0.04334	0.02579	0.33880	0.04114	0.22759	0.03671	0.02878	0.03173	0.02159	0.01066	0.01147	0.00347	0.01380	0.01192	0.00720	0.01476
5	0.03901	0.02874	0.03080	0.02361	0.03182	0.03182	0.01951	0.54111	0.04825	0.06468	0.02464	0.02464	0.01745	0.01232	0.01027	0.00308	0.01129	0.00924	0.01027	0.01745
6	0.02723	0.02289	0.02416	0.02123	0.02733	0.02632	0.01666	0.11603	0.49251	0.04568	0.03960	0.03656	0.02957	0.01372	0.01042	0.00343	0.00852	0.01130	0.01042	0.01640
7	0.01938	0.01824	0.03078	0.61468	0.07068	0.02280	0.02850	0.02622	0.02052	0.02622	0.01824	0.02736	0.01368	0.01026	0.01026	0.00342	0.01368	0.00912	0.00456	0.01140
8	0.01477	0.01016	0.01219	0.01187	0.01283	0.00984	0.00759	0.01668	0.02051	0.02831	0.24506	0.07092	0.06086	0.39465	0.03635	0.00729	0.00793	0.01636	0.00823	0.00759
9	0.01387	0.01030	0.01241	0.01244	0.01418	0.01000	0.00867	0.01615	0.02003	0.02644	0.13338	0.10767	0.19730	0.22634	0.13821	0.00801	0.01099	0.01751	0.00798	0.00813
10	0.01389	0.01065	0.01396	0.01679	0.05741	0.00994	0.01048	0.01617	0.02078	0.02742	0.09950	0.36869	0.15906	0.10508	0.01756	0.00460	0.00671	0.02356	0.00890	0.00885
11	0.01474	0.01066	0.01480	0.01480	0.01605	0.01191	0.01072	0.01724	0.01599	0.02257	0.02903	0.04887	0.02937	0.25620	0.42453	0.01441	0.02190	0.01225	0.00573	0.00822
12	0.02783	0.33590	0.12715	0.11354	0.03671	0.10389	0.02252	0.03298	0.02258	0.06589	0.01761	0.02054	0.01411	0.00967	0.00825	0.00268	0.01283	0.00686	0.00512	0.01335

[dist]
# distance from previous block
# <min> <max>
0	13

[block]
# block no. 1 follows, 14 sequences, length 32
# corresponding to MSA columns:
# 69-100
name=unknown_B
#
# <colnr> <probs for GDERKNQSTAVLIFYWHMCP>
#	G	D	E	R	K	N	Q	S	T	A	V	L	I	F	Y	W	H	M	C	P
0	0.10328	0.02166	0.03365	0.14628	0.28537	0.02294	0.05465	0.07116	0.02390	0.03544	0.02305	0.08976	0.02078	0.01208	0.01017	0.00328	0.01152	0.01105	0.00605	0.01391
1	0.02755	0.26137	0.06967	0.02326	0.03153	0.03081	0.10000	0.14591	0.06761	0.03835	0.08399	0.02887	0.02548	0.01139	0.00936	0.00286	0.01134	0.00943	0.00707	0.01416
2	0.01720	0.01004	0.01247	0.01303	0.01480	0.00997	0.00931	0.02026	0.01996	0.06162	0.04136	0.25988	0.04238	0.08139	0.10578	0.00592	0.00942	0.01750	0.23847	0.00923
3	0.03174	0.03211	0.03160	0.12546	0.03911	0.26517	0.09232	0.03780	0.05753	0.10487	0.06225	0.02892	0.02244	0.01150	0.01025	0.00305	0.01459	0.00947	0.00690	0.01294
4	0.02090	0.01622	0.02080	0.06789	0.06559	0.01388	0.01408	0.02520	0.02273	0.07704	0.06626	0.07603	0.12750	0.01391	0.00963	0.00253	0.00785	0.01180	0.00754	0.33262
5	0.01333	0.01013	0.01227	0.01240	0.01477	0.00907	0.00905	0.01681	0.02526	0.03371	0.31274	0.20102	0.24227	0.02494	0.01232	0.00350	0.00519	0.02179	0.01036	0.00907
6	0.04090	0.02353	0.08735	0.02182	0.03073	0.01908	0.05239	0.11596	0.03086	0.41494	0.03461	0.03159	0.02232	0.01207	0.01037	0.00319	0.01034	0.00999	0.01097	0.01698
7	0.03592	0.02684	0.03006	0.02576	0.07399	0.02942	0.01938	0.45656	0.04349	0.05847	0.02484	0.02821	0.01899	0.06381	0.01372	0.00364	0.01125	0.00970	0.00951	0.01643
8	0.03285	0.02259	0.02920	0.02377	0.02790	0.02706	0.01974	0.15464	0.02720	0.18671	0.02352	0.02638	0.01768	0.01518	0.02171	0.00379	0.30815	0.00941	0.00811	0.01441
9	0.02422	0.02768	0.06055	0.04325	0.05363	0.02595	0.53806	0.03287	0.02422	0.03287	0.02076	0.02768	0.01557	0.00865	0.01211	0.00346	0.01730	0.01211	0.00519	0.01384
10	0.01862	0.01251	0.01718	0.05875	0.02156	0.01264	0.01283	0.02308	0.02649	0.09333	0.36572	0.11382	0.07330	0.02050	0.01340	0.00348	0.04657	0.04537	0.01025	0.01059
11	0.02280	0.14868	0.30014	0.02287	0.03406	0.02453	0.02593	0.07177	0.02445	0.03470	0.07714	0.02679	0.02269	0.01067	0.00916	0.00279	0.01188	0.00829	0.00583	0.11483
12	0.01645	0.01374	0.01832	0.01780	0.01805	0.01652	0.01308	0.01795	0.01717	0.02416	0.03612	0.28907	0.04208	0.17523	0.02957	0.00568	0.21428	0.01889	0.00702	0.00879
13	0.02961	0.02303	0.08523	0.02429	0.09519	0.01816	0.01873	0.03841	0.09924	0.19663	0.02826	0.02824	0.02037	0.01041	0.00935	0.00266	0.00938	0.00864	0.00834	0.24583
14	0.02756	0.02697	0.05441	0.03913	0.04909	0.02570	0.44039	0.08862	0.02721	0.08063	0.02277	0.02794	0.01657	0.00937	0.01177	0.00340	0.01597	0.01166	0.00634	0.01452
15	0.01779	0.01372	0.01733	0.06157	0.07992	0.01295	0.01308	0.02290	0.05500	0.07501	0.11881	0.07521	0.35627	0.02085	0.01154	0.00337	0.00699	0.01765	0.00915	0.01091
16	0.01939	0.01633	0.02092	0.01949	0.02235	0.01977	0.01538	0.03116	0.19372	0.03022	0.03009	0.03699	0.02570	0.04749	0.32145	0.01043	0.10946	0.01089	0.00697	0.01179
17	0.02112	0.01824	0.02207	0.06522	0.02819	0.01444	0.01352	0.02587	0.02122	0.03284	0.01824	0.02179	0.01507	0.00782	0.00782	0.00168	0.00811	0.00633	0.00595	0.64445
18	0.02713	0.02621	0.08828	0.07072	0.17066	0.02426	0.19953	0.03377	0.02330	0.11753	0.02222	0.02707	0.01669	0.01080	0.01390	0.00343	0.09356	0.01018	0.00614	0.01462
19	0.03625	0.01777	0.02281	0.01705	0.02545	0.01453	0.01393	0.04045	0.02617	0.36536	0.03169	0.02953	0.02137	0.01068	0.00924	0.00252	0.00828	0.00864	0.01008	0.28817
20	0.71184	0.01985	0.01508	0.01350	0.01985	0.02302	0.01111	0.03017	0.01746	0.04604	0.01429	0.01667	0.01111	0.00953	0.00635	0.00318	0.00794	0.00556	0.00635	0.01111
21	0.02143	0.01000	0.01470	0.01399	0.01501	0.00970	0.00970	0.01805	0.01541	0.08988	0.02072	0.03167	0.01879	0.03272	0.03631	0.61232	0.00889	0.00909	0.00551	0.00612
22	0.01706	0.00986	0.01177	0.01144	0.01353	0.00953	0.00843	0.02068	0.02360	0.03685	0.25366	0.05326	0.05443	0.01872	0.01342	0.09194	0.00533	0.01321	0.32431	0.00896
23	0.02120	0.04942	0.51669	0.03355	0.11217	0.02390	0.03710	0.03237	0.02188	0.03263	0.01853	0.02214	0.01342	0.00967	0.00980	0.00322	0.01479	0.00778	0.00443	0.01531
24	0.02598	0.02334	0.03892	0.03057	0.03460	0.02775	0.17137	0.03030	0.01993	0.09825	0.01904	0.02556	0.01560	0.01458	0.02443	0.00402	0.36715	0.01006	0.00574	0.01278
25	0.02981	0.56537	0.04995	0.01765	0.02632	0.03735	0.01724	0.03319	0.02194	0.09539	0.01761	0.01882	0.01473	0.00928	0.00706	0.00232	0.01069	0.00610	0.00545	0.01372
26	0.02811	0.01924	0.02695	0.01958	0.02855	0.01561	0.08003	0.03304	0.02376	0.17646	0.02436	0.02565	0.01791	0.00906	0.00888	0.00220	0.00913	0.00795	0.00769	0.43582
27	0.01872	0.10127	0.33001	0.02305	0.03257	0.02043	0.02625	0.02636	0.02109	0.02966	0.03110	0.20572	0.03161	0.01722	0.01063	0.00349	0.01170	0.04035	0.00614	0.01264
28	0.02851	0.04199	0.41112	0.02583	0.03874	0.02111	0.03081	0.03795	0.02406	0.20369	0.02529	0.02579	0.01686	0.01067	0.00993	0.00323	0.01316	0.00844	0.00694	0.01588
29	0.01247	0.01025	0.01098	0.01113	0.01416	0.00876	0.00822	0.01527	0.02371	0.02927	0.15835	0.15305	0.45680	0.02601	0.01223	0.00351	0.00523	0.02207	0.00975	0.00876
30	0.02239	0.01119	0.01503	0.01386	0.01615	0.01054	0.00992	0.02179	0.01860	0.13905	0.03766	0.04709	0.10332	0.11075	0.06350	0.32209	0.00954	0.01198	0.00723	0.00832
31	0.02977	0.02499	0.13298	0.19705	0.04250	0.02027	0.02342	0.08921	0.02650	0.21163	0.02932	0.07838	0.02222	0.01298	0.01042	0.00333	0.01147	0.01088	0.00817	0.01448

[dist]
# distance from previous block
# <min> <max>
2	24

[block]
# block no. 2 follows, 14 sequences, length 22
# corresponding to MSA columns:
# 125-146
name=unknown_C
#
# <colnr> <probs for GDERKNQSTAVLIFYWHMCP>
#	G	D	E	R	K	N	Q	S	T	A	V	L	I	F	Y	W	H	M	C	P
0	0.01520	0.01140	0.01438	0.01485	0.01726	0.01108	0.01141	0.02119	0.07043	0.03461	0.26281	0.20309	0.12524	0.02478	0.01260	0.00378	0.00633	0.11948	0.01029	0.00980
1	0.02282	0.02360	0.14858	0.02290	0.06542	0.01677	0.01992	0.06045	0.05421	0.11071	0.09226	0.19654	0.04289	0.01903	0.01141	0.00359	0.00951	0.05769	0.00874	0.01295
2	0.08506	0.01630	0.01890	0.01545	0.02128	0.01596	0.01250	0.10647	0.02820	0.27174	0.03378	0.03337	0.02357	0.01214	0.00886	0.00287	0.00758	0.00954	0.26235	0.01409
3	0.01306	0.00997	0.01200	0.01247	0.01468	0.00891	0.00898	0.01617	0.02414	0.03181	0.24743	0.25792	0.25294	0.02621	0.01242	0.00360	0.00531	0.02295	0.01013	0.00891
4	0.62684	0.02097	0.01707	0.01477	0.02136	0.02413	0.01217	0.09471	0.02135	0.04840	0.01560	0.01768	0.01191	0.00988	0.00685	0.00316	0.00836	0.00602	0.00685	0.01191
5	0.01309	0.01120	0.01316	0.08723	0.02117	0.01041	0.01063	0.01612	0.02255	0.02734	0.08710	0.15762	0.43675	0.02479	0.01202	0.00355	0.00637	0.02103	0.00890	0.00897
6	0.02984	0.02069	0.02319	0.01982	0.02638	0.02218	0.01565	0.05116	0.39321	0.16478	0.03956	0.03614	0.02866	0.01313	0.01018	0.00325	0.00822	0.01086	0.01060	0.07249
7	0.03470	0.04166	0.02662	0.02433	0.02899	0.47698	0.01816	0.03860	0.07016	0.02565	0.01822	0.02172	0.01528	0.01402	0.01325	0.09099	0.01645	0.00731	0.00560	0.01131
8	0.02376	0.03089	0.12695	0.04148	0.05247	0.02568	0.47488	0.03282	0.02390	0.03282	0.02047	0.02692	0.01525	0.00879	0.01181	0.00343	0.01703	0.01154	0.00508	0.01401
9	0.01938	0.01824	0.03078	0.61468	0.07068	0.02280	0.02850	0.02622	0.02052	0.02622	0.01824	0.02736	0.01368	0.01026	0.01026	0.00342	0.01368	0.00912	0.00456	0.01140
10	0.02058	0.05308	0.58618	0.02925	0.04442	0.02383	0.03792	0.03250	0.02167	0.03250	0.01842	0.02167	0.01300	0.00975	0.00975	0.00325	0.01517	0.00758	0.00433	0.01517
11	0.02553	0.02204	0.02320	0.02088	0.02669	0.02553	0.01624	0.05453	0.55679	0.04293	0.04177	0.03829	0.03133	0.01392	0.01044	0.00348	0.00812	0.01160	0.01044	0.01624
12	0.02327	0.01988	0.02115	0.01918	0.02444	0.02249	0.01486	0.04758	0.45795	0.04145	0.10041	0.04733	0.08405	0.01567	0.01075	0.00345	0.00754	0.01316	0.01045	0.01493
13	0.01482	0.01032	0.01324	0.01269	0.01501	0.00959	0.00945	0.01948	0.02784	0.04003	0.49263	0.10543	0.08890	0.02083	0.01172	0.00321	0.00490	0.01838	0.07194	0.00959
14	0.02834	0.01346	0.01806	0.01538	0.02011	0.01197	0.01206	0.03256	0.02849	0.27983	0.29694	0.09979	0.06302	0.01815	0.01139	0.00327	0.00665	0.01570	0.01179	0.01303
15	0.01783	0.00891	0.01337	0.01337	0.01337	0.00891	0.00891	0.01337	0.01337	0.01783	0.01783	0.03119	0.01783	0.03565	0.04011	0.70143	0.00891	0.00891	0.00446	0.00446
16	0.02989	0.35754	0.04314	0.07303	0.03199	0.03570	0.01947	0.18541	0.02880	0.03672	0.01772	0.02035	0.01454	0.01064	0.00996	0.00274	0.05478	0.00720	0.00620	0.01418
17	0.02604	0.02068	0.03084	0.35938	0.11882	0.02369	0.02532	0.10411	0.06582	0.08996	0.02328	0.02832	0.01703	0.01094	0.01027	0.00331	0.01225	0.00945	0.00669	0.01382
18	0.02516	0.03075	0.17452	0.15128	0.04302	0.02560	0.05363	0.12445	0.18762	0.03981	0.02662	0.02873	0.01958	0.01150	0.01028	0.00334	0.01218	0.00965	0.00728	0.01501
19	0.02653	0.07775	0.02638	0.02076	0.02697	0.02725	0.01656	0.08245	0.47788	0.04260	0.03827	0.03551	0.02886	0.01337	0.01009	0.00334	0.00857	0.01091	0.00989	0.01605
20	0.58253	0.01900	0.01679	0.07466	0.02510	0.02204	0.01333	0.02901	0.01830	0.04273	0.01811	0.02621	0.01547	0.01121	0.00741	0.00333	0.00865	0.04868	0.00643	0.01100
21	0.02256	0.02477	0.09058	0.16340	0.17774	0.02331	0.09559	0.03460	0.14259	0.03335	0.02690	0.07196	0.02235	0.01210	0.01068	0.00338	0.01215	0.01137	0.00643	0.01420

[dist]
# distance from previous block
# <min> <max>
0	11

[block]
# block no. 3 follows, 14 sequences, length 23
# corresponding to MSA columns:
# 158-180
name=unknown_D
#
# <colnr> <probs for GDERKNQSTAVLIFYWHMCP>
#	G	D	E	R	K	N	Q	S	T	A	V	L	I	F	Y	W	H	M	C	P
0	0.02319	0.01758	0.02068	0.01506	0.02362	0.01351	0.01206	0.02771	0.02197	0.07938	0.02114	0.02359	0.01682	0.00833	0.00780	0.00172	0.00750	0.00667	0.05438	0.59730
1	0.01599	0.00982	0.01315	0.01470	0.01606	0.00904	0.01010	0.01801	0.02066	0.08409	0.05489	0.57044	0.06345	0.03013	0.01281	0.00406	0.00624	0.02721	0.00986	0.00929
2	0.02607	0.02056	0.02738	0.02352	0.02601	0.02609	0.01928	0.03361	0.11681	0.11670	0.02419	0.02893	0.01972	0.02166	0.07622	0.00517	0.35831	0.00985	0.00697	0.01295
3	0.03372	0.04097	0.02805	0.08593	0.03463	0.44787	0.01954	0.03710	0.02698	0.02652	0.01648	0.01986	0.01357	0.01008	0.00910	0.00255	0.01632	0.00679	0.00533	0.11859
4	0.10555	0.01768	0.02303	0.01783	0.02563	0.01579	0.01473	0.04824	0.02831	0.53450	0.03814	0.03330	0.02413	0.01242	0.00997	0.00318	0.00866	0.00989	0.01213	0.01690
5	0.01374	0.01221	0.01610	0.01418	0.01822	0.01061	0.06326	0.01729	0.02430	0.03022	0.16332	0.08814	0.44410	0.02345	0.01212	0.00343	0.00641	0.02021	0.00934	0.00935
6	0.01452	0.01049	0.01372	0.01291	0.01533	0.00968	0.00968	0.01937	0.02905	0.04115	0.56992	0.07666	0.09683	0.02098	0.01210	0.00323	0.00484	0.01856	0.01130	0.00968
7	0.01783	0.00891	0.01337	0.01337	0.01337	0.00891	0.00891	0.01337	0.01337	0.01783	0.01783	0.03119	0.01783	0.03565	0.04011	0.70143	0.00891	0.00891	0.00446	0.00446
8	0.01783	0.01251	0.01536	0.01605	0.01826	0.01263	0.01198	0.09773	0.02487	0.03393	0.04923	0.40367	0.05500	0.02669	0.01231	0.00393	0.00723	0.10047	0.07027	0.01003
9	0.02744	0.64552	0.05378	0.01756	0.02634	0.04061	0.01756	0.03073	0.02085	0.02414	0.01427	0.01646	0.01317	0.00878	0.00658	0.00219	0.01097	0.00549	0.00439	0.01317
10	0.03460	0.02739	0.02518	0.06275	0.03037	0.18048	0.01757	0.11933	0.06726	0.18433	0.03618	0.03921	0.07123	0.01413	0.01042	0.00317	0.01189	0.04133	0.00904	0.01411
11	0.01938	0.01824	0.03078	0.61468	0.07068	0.02280	0.02850	0.02622	0.02052	0.02622	0.01824	0.02736	0.01368	0.01026	0.01026	0.00342	0.01368	0.00912	0.00456	0.01140
12	0.02553	0.02204	0.02320	0.02088	0.02669	0.02553	0.01624	0.05453	0.55679	0.04293	0.04177	0.03829	0.03133	0.01392	0.01044	0.00348	0.00812	0.01160	0.01044	0.01624
13	0.03465	0.02122	0.02838	0.22611	0.04331	0.02292	0.02109	0.19350	0.03214	0.23020	0.02790	0.02913	0.01889	0.01174	0.01028	0.00323	0.01123	0.00957	0.00913	0.01536
14	0.11662	0.20826	0.24908	0.02207	0.03286	0.02782	0.02440	0.06973	0.02379	0.10764	0.02011	0.02154	0.01477	0.01002	0.00854	0.00292	0.01193	0.00722	0.00614	0.01455
15	0.01377	0.01075	0.01262	0.01332	0.01559	0.01008	0.00953	0.01856	0.06698	0.03041	0.15065	0.31793	0.23839	0.02684	0.01240	0.00373	0.00571	0.02355	0.00988	0.00931
16	0.01872	0.00965	0.00993	0.00986	0.01225	0.00958	0.00740	0.02351	0.02219	0.03851	0.08084	0.04165	0.03253	0.01275	0.00761	0.00247	0.00479	0.01036	0.63584	0.00958
17	0.02466	0.16312	0.19411	0.10953	0.13184	0.02859	0.06395	0.07565	0.02384	0.03254	0.01812	0.02267	0.01427	0.01010	0.01070	0.00308	0.04567	0.00814	0.00509	0.01433
18	0.03034	0.02280	0.06959	0.23409	0.07767	0.02242	0.05392	0.09491	0.02658	0.19381	0.02544	0.02849	0.01774	0.01142	0.01158	0.00333	0.04411	0.00955	0.00765	0.01456
19	0.01434	0.01065	0.01323	0.01414	0.01588	0.01028	0.01011	0.01885	0.05963	0.03053	0.16806	0.32577	0.12050	0.08115	0.01614	0.00440	0.00642	0.06113	0.00967	0.00911
20	0.02726	0.02412	0.07596	0.02201	0.02899	0.02305	0.05708	0.15081	0.22161	0.07717	0.10668	0.03810	0.03385	0.01358	0.01050	0.00325	0.00953	0.01153	0.04993	0.01500
21	0.02574	0.14847	0.27420	0.14540	0.04356	0.02616	0.02843	0.06494	0.02386	0.09625	0.02060	0.02363	0.01491	0.01019	0.00938	0.00307	0.01310	0.00794	0.00575	0.01444
22	0.02454	0.03600	0.29890	0.03310	0.12833	0.02140	0.08479	0.03327	0.02409	0.10775	0.08319	0.03085	0.02482	0.01118	0.01041	0.00323	0.01288	0.00992	0.00645	0.01490

[dist]
# distance from previous block
# <min> <max>
0	8

[block]
# block no. 4 follows, 14 sequences, length 57
# corresponding to MSA columns:
# 189-245
name=unknown_E
#
# <colnr> <probs for GDERKNQSTAVLIFYWHMCP>
#	G	D	E	R	K	N	Q	S	T	A	V	L	I	F	Y	W	H	M	C	P
0	0.25457	0.20363	0.09870	0.01925	0.02784	0.03046	0.01840	0.16757	0.02718	0.04320	0.01755	0.01935	0.01362	0.01009	0.00787	0.00288	0.01056	0.00677	0.00660	0.01388
1	0.02680	0.02373	0.03679	0.18221	0.22389	0.05761	0.09628	0.07183	0.02595	0.08253	0.05376	0.02958	0.02100	0.01069	0.01054	0.00320	0.01283	0.01006	0.00643	0.01429
2	0.02631	0.43780	0.08234	0.02022	0.02762	0.07656	0.01960	0.03013	0.02111	0.02536	0.01771	0.02548	0.01680	0.01161	0.01083	0.00277	0.08473	0.04545	0.00486	0.01269
3	0.07942	0.01633	0.02291	0.07419	0.07009	0.01724	0.01726	0.03169	0.02299	0.20163	0.06330	0.04433	0.02994	0.02693	0.12401	0.00600	0.06074	0.06970	0.00842	0.01287
4	0.01467	0.01002	0.01196	0.01205	0.01253	0.01002	0.00740	0.01567	0.01710	0.02323	0.09821	0.10913	0.04585	0.47507	0.08728	0.00922	0.01041	0.01613	0.00702	0.00702
5	0.02059	0.01662	0.02665	0.45188	0.05604	0.01970	0.02341	0.02624	0.02116	0.07022	0.06170	0.03630	0.02346	0.08661	0.01543	0.00417	0.01220	0.01059	0.00589	0.01113
6	0.03115	0.07046	0.16522	0.02361	0.03386	0.02094	0.08313	0.06700	0.02597	0.21676	0.02608	0.02655	0.01810	0.01029	0.00965	0.00286	0.01140	0.00872	0.00789	0.14036
7	0.02037	0.01641	0.02055	0.02154	0.08641	0.01697	0.01456	0.07470	0.15082	0.04193	0.30700	0.05843	0.09323	0.01747	0.01133	0.00327	0.00707	0.01519	0.01016	0.01260
8	0.02353	0.01814	0.01894	0.01734	0.02208	0.02053	0.01341	0.04496	0.38943	0.04147	0.03918	0.03828	0.02976	0.01331	0.00942	0.00314	0.00708	0.01097	0.22489	0.01416
9	0.71184	0.01985	0.01508	0.01350	0.01985	0.02302	0.01111	0.03017	0.01746	0.04604	0.01429	0.01667	0.01111	0.00953	0.00635	0.00318	0.00794	0.00556	0.00635	0.01111
10	0.01299	0.00928	0.01246	0.01484	0.01565	0.00875	0.01037	0.01512	0.02012	0.02674	0.05629	0.57071	0.06682	0.03169	0.01323	0.00423	0.00637	0.08634	0.00952	0.00847
11	0.02128	0.01824	0.02128	0.01520	0.02432	0.01368	0.01216	0.02584	0.02128	0.03344	0.01824	0.02128	0.01520	0.00760	0.00760	0.00152	0.00760	0.00608	0.00608	0.70208
12	0.01313	0.01044	0.01179	0.01145	0.01448	0.00909	0.00859	0.01667	0.02576	0.03335	0.29928	0.08949	0.37233	0.02389	0.01212	0.00337	0.00505	0.02036	0.01027	0.00909
13	0.03895	0.03053	0.03065	0.02386	0.03182	0.08184	0.01953	0.49694	0.04656	0.06118	0.02386	0.02410	0.01708	0.01217	0.01018	0.00304	0.01193	0.00901	0.00983	0.01696
14	0.02458	0.02119	0.02277	0.01961	0.02616	0.02288	0.01533	0.04812	0.43710	0.04081	0.03651	0.03449	0.02772	0.01251	0.00981	0.00304	0.00800	0.01037	0.00947	0.16953
15	0.01466	0.01100	0.01649	0.01649	0.01833	0.01283	0.01283	0.01833	0.01649	0.02382	0.02749	0.04032	0.02566	0.07697	0.59868	0.01649	0.02749	0.01100	0.00550	0.00916
16	0.01492	0.00995	0.01119	0.01119	0.01119	0.00995	0.00622	0.01492	0.01492	0.01990	0.03233	0.06716	0.03731	0.63935	0.05223	0.00995	0.00995	0.01492	0.00622	0.00622
17	0.03901	0.02874	0.03080	0.02361	0.03182	0.03182	0.01951	0.54111	0.04825	0.06468	0.02464	0.02464	0.01745	0.01232	0.01027	0.00308	0.01129	0.00924	0.01027	0.01745
18	0.09482	0.01764	0.02318	0.01791	0.02573	0.01566	0.01479	0.04856	0.02850	0.54314	0.03857	0.03359	0.02436	0.01247	0.01003	0.00318	0.00867	0.00997	0.01224	0.01700
19	0.07931	0.01468	0.01713	0.01654	0.01980	0.01626	0.01270	0.02949	0.17260	0.03420	0.11700	0.09075	0.04297	0.08212	0.16542	0.00741	0.01268	0.04930	0.00847	0.01116
20	0.02540	0.02438	0.04165	0.06299	0.57533	0.02438	0.03149	0.03149	0.02337	0.03353	0.01930	0.02540	0.01626	0.00914	0.01016	0.00305	0.01219	0.00914	0.00508	0.01626
21	0.01518	0.01058	0.01473	0.01636	0.01784	0.01073	0.01283	0.01794	0.02004	0.02668	0.04615	0.22646	0.05114	0.07915	0.11453	0.06147	0.01151	0.22997	0.00821	0.00851
22	0.02148	0.01782	0.02920	0.36465	0.15376	0.02012	0.02490	0.02712	0.02161	0.07119	0.02648	0.12702	0.02399	0.01384	0.01071	0.00345	0.01174	0.01251	0.00611	0.01229
23	0.01783	0.00891	0.01337	0.01337	0.01337	0.00891	0.00891	0.01337	0.01337	0.01783	0.01783	0.03119	0.01783	0.03565	0.04011	0.70143	0.00891	0.00891	0.00446	0.00446
24	0.01357	0.00969	0.01313	0.01551	0.01657	0.00926	0.01138	0.01614	0.02070	0.02739	0.05597	0.49564	0.06554	0.03114	0.01338	0.00432	0.00688	0.15563	0.00951	0.00863
25	0.01381	0.01047	0.01437	0.01556	0.01646	0.01102	0.01112	0.01619	0.01951	0.02680	0.08714	0.44019	0.05851	0.03794	0.11589	0.00625	0.05776	0.02364	0.00857	0.00881
26	0.02270	0.23575	0.42202	0.02564	0.03884	0.02900	0.03164	0.03195	0.02141	0.02992	0.01714	0.02006	0.01305	0.00945	0.00877	0.00292	0.01387	0.00694	0.00435	0.01455
27	0.03713	0.04690	0.02926	0.02648	0.03136	0.55511	0.02003	0.03974	0.02807	0.02508	0.01568	0.01881	0.01324	0.01114	0.01111	0.00278	0.06423	0.00679	0.00523	0.01185
28	0.02312	0.06405	0.06524	0.01669	0.02217	0.01790	0.01455	0.13173	0.03101	0.07568	0.27422	0.05312	0.08614	0.01655	0.01067	0.00307	0.00769	0.01384	0.06020	0.01238
29	0.02426	0.07248	0.14973	0.02444	0.09505	0.01928	0.02076	0.03047	0.02230	0.08105	0.02008	0.02271	0.01560	0.00879	0.00854	0.00228	0.01015	0.00711	0.00604	0.35890
30	0.08176	0.10132	0.13470	0.07783	0.07810	0.02337	0.05283	0.06756	0.02563	0.22031	0.02566	0.02650	0.01782	0.01070	0.00956	0.00309	0.01149	0.00874	0.00780	0.01522
31	0.01452	0.01049	0.01372	0.01291	0.01533	0.00968	0.00968	0.01937	0.02905	0.04115	0.56992	0.07666	0.09683	0.02098	0.01210	0.00323	0.00484	0.01856	0.01130	0.00968
32	0.02813	0.02052	0.03494	0.27193	0.16789	0.02154	0.08677	0.03429	0.02386	0.17157	0.02449	0.02891	0.01748	0.01045	0.01048	0.00328	0.01252	0.00979	0.00684	0.01432
33	0.03286	0.02750	0.16338	0.03050	0.13450	0.01927	0.05574	0.03947	0.02606	0.28187	0.06137	0.03199	0.02434	0.01157	0.01037	0.00319	0.01122	0.01004	0.00872	0.01600
34	0.04341	0.01679	0.02288	0.01795	0.02531	0.01455	0.01465	0.04721	0.02861	0.53876	0.04175	0.08186	0.02874	0.01423	0.01054	0.00325	0.00851	0.01180	0.01245	0.01675
35	0.03342	0.01804	0.02158	0.06418	0.02679	0.06542	0.01488	0.03753	0.02784	0.32190	0.16052	0.08795	0.04319	0.01572	0.01085	0.00324	0.00887	0.01324	0.01084	0.01400
36	0.03364	0.13433	0.15107	0.06771	0.08184	0.02274	0.02281	0.03958	0.02508	0.27973	0.02776	0.02751	0.01898	0.01090	0.00953	0.00303	0.01116	0.00871	0.00821	0.01568
37	0.06584	0.03648	0.22753	0.09691	0.04117	0.07584	0.05752	0.16003	0.02930	0.08160	0.02131	0.02391	0.01520	0.01067	0.00990	0.00318	0.01357	0.00846	0.00671	0.01487
38	0.56647	0.06456	0.02065	0.01831	0.06146	0.06644	0.01367	0.03109	0.01897	0.04212	0.01477	0.01742	0.01178	0.00952	0.00686	0.00306	0.00923	0.00589	0.00605	0.01168
39	0.02360	0.26237	0.03718	0.21879	0.04095	0.02954	0.02089	0.03353	0.13248	0.02919	0.02403	0.03137	0.02022	0.01167	0.00913	0.00304	0.01119	0.04180	0.00605	0.01296
40	0.02526	0.01203	0.01579	0.01504	0.01847	0.01089	0.01116	0.02823	0.02334	0.22427	0.04769	0.33929	0.04712	0.02249	0.01130	0.00357	0.00677	0.01980	0.10576	0.01173
41	0.02753	0.01471	0.02060	0.09115	0.07477	0.01445	0.01584	0.03222	0.02424	0.20821	0.03696	0.08236	0.03073	0.01527	0.01015	0.00326	0.00848	0.07972	0.19655	0.01280
42	0.01467	0.00996	0.01166	0.01172	0.01216	0.00978	0.00705	0.01560	0.01761	0.02388	0.12255	0.11303	0.04948	0.49017	0.04257	0.00839	0.00880	0.01664	0.00731	0.00695
43	0.71184	0.01985	0.01508	0.01350	0.01985	0.02302	0.01111	0.03017	0.01746	0.04604	0.01429	0.01667	0.01111	0.00953	0.00635	0.00318	0.00794	0.00556	0.00635	0.01111
44	0.02553	0.02204	0.02320	0.02088	0.02669	0.02553	0.01624	0.05453	0.55679	0.04293	0.04177	0.03829	0.03133	0.01392	0.01044	0.00348	0.00812	0.01160	0.01044	0.01624
45	0.01359	0.01060	0.01243	0.01239	0.01532	0.00944	0.00958	0.01732	0.02562	0.03331	0.27951	0.09219	0.32504	0.02432	0.01236	0.00352	0.00557	0.07852	0.01021	0.00915
46	0.02640	0.55602	0.13421	0.01933	0.02907	0.03807	0.02063	0.03100	0.02097	0.02541	0.01489	0.01725	0.01314	0.00893	0.00706	0.00235	0.01161	0.00580	0.00438	0.01347
47	0.03901	0.02874	0.03080	0.02361	0.03182	0.03182	0.01951	0.54111	0.04825	0.06468	0.02464	0.02464	0.01745	0.01232	0.01027	0.00308	0.01129	0.00924	0.01027	0.01745
48	0.01783	0.00891	0.01337	0.01337	0.01337	0.00891	0.00891	0.01337	0.01337	0.01783	0.01783	0.03119	0.01783	0.03565	0.04011	0.70143	0.00891	0.00891	0.00446	0.00446
49	0.01258	0.00934	0.01175	0.01341	0.01472	0.00850	0.00920	0.01476	0.02110	0.02764	0.10495	0.48453	0.16990	0.03008	0.01283	0.00396	0.00572	0.02688	0.00966	0.00850
50	0.01304	0.01024	0.01179	0.01182	0.01452	0.00899	0.00870	0.01634	0.02493	0.03234	0.26506	0.16155	0.33409	0.02501	0.01225	0.00347	0.00517	0.02154	0.01016	0.00899
51	0.01794	0.01370	0.01900	0.01800	0.01960	0.01647	0.01391	0.02257	0.08040	0.02490	0.02475	0.03512	0.02259	0.05053	0.31048	0.16801	0.11680	0.01027	0.00569	0.00928
52	0.02652	0.02930	0.04205	0.17114	0.19399	0.14862	0.17620	0.03278	0.02422	0.02990	0.01875	0.02501	0.01483	0.00956	0.01056	0.00316	0.01538	0.00946	0.00504	0.01354
53	0.01275	0.00911	0.01219	0.01458	0.01528	0.00855	0.00996	0.01472	0.01989	0.02648	0.05642	0.60058	0.06733	0.03191	0.01317	0.00420	0.00617	0.05877	0.00952	0.00840
54	0.10776	0.02178	0.02223	0.02000	0.02587	0.02522	0.01563	0.05161	0.49217	0.04330	0.03848	0.03570	0.02890	0.01340	0.00995	0.00344	0.00810	0.01088	0.00995	0.01563
55	0.57257	0.02213	0.01737	0.01521	0.02166	0.07287	0.01236	0.03350	0.01992	0.10847	0.01757	0.01902	0.01301	0.01000	0.00708	0.00313	0.00897	0.00622	0.00702	0.01194
56	0.53954	0.02016	0.01864	0.08656	0.02720	0.02316	0.01405	0.06832	0.02080	0.07728	0.01710	0.01963	0.01274	0.01001	0.00734	0.00320	0.00892	0.00654	0.00680	0.01199

[dist]
# distance from previous block
# <min> <max>
0	15

[block]
# block no. 5 follows, 14 sequences, length 53
# corresponding to MSA columns:
# 261-313
name=unknown_F
#
# <colnr> <probs for GDERKNQSTAVLIFYWHMCP>
#	G	D	E	R	K	N	Q	S	T	A	V	L	I	F	Y	W	H	M	C	P
0	0.49389	0.02260	0.02015	0.05817	0.06550	0.07651	0.01492	0.03278	0.02024	0.08937	0.01738	0.01980	0.01312	0.00993	0.00751	0.00313	0.00969	0.00657	0.00660	0.01214
1	0.01801	0.01511	0.05369	0.06822	0.02358	0.01306	0.01390	0.02461	0.06411	0.07608	0.30808	0.13394	0.10722	0.01996	0.01166	0.00340	0.00699	0.01747	0.00993	0.01099
2	0.02245	0.02245	0.03143	0.02694	0.02694	0.03143	0.02245	0.02470	0.01572	0.02470	0.01347	0.02245	0.01347	0.01796	0.03368	0.00449	0.62057	0.00898	0.00449	0.01123
3	0.01389	0.01037	0.01290	0.01247	0.01499	0.00938	0.00928	0.01806	0.02724	0.03735	0.43842	0.11800	0.19427	0.02277	0.01217	0.00334	0.00499	0.01991	0.01081	0.00938
4	0.02553	0.02204	0.02320	0.02088	0.02669	0.02553	0.01624	0.05453	0.55679	0.04293	0.04177	0.03829	0.03133	0.01392	0.01044	0.00348	0.00812	0.01160	0.01044	0.01624
5	0.02744	0.64552	0.05378	0.01756	0.02634	0.04061	0.01756	0.03073	0.02085	0.02414	0.01427	0.01646	0.01317	0.00878	0.00658	0.00219	0.01097	0.00549	0.00439	0.01317
6	0.02072	0.01186	0.01570	0.01396	0.01747	0.01074	0.01074	0.02539	0.02911	0.14753	0.46587	0.06846	0.08279	0.01935	0.01175	0.00322	0.00561	0.01694	0.01157	0.01121
7	0.03012	0.02433	0.02579	0.02181	0.02844	0.02767	0.01736	0.22046	0.38337	0.05034	0.03593	0.03363	0.02659	0.01338	0.01038	0.00334	0.00920	0.01080	0.01038	0.01666
8	0.03833	0.04891	0.02908	0.02644	0.03173	0.59815	0.01983	0.04098	0.02908	0.02512	0.01586	0.01851	0.01322	0.01058	0.00925	0.00264	0.01851	0.00661	0.00529	0.01190
9	0.04604	0.01746	0.02382	0.01826	0.02620	0.01508	0.01508	0.05001	0.02937	0.58244	0.04049	0.03493	0.02540	0.01270	0.01032	0.00318	0.00873	0.01032	0.01270	0.01746
10	0.03782	0.02619	0.02840	0.02197	0.02965	0.02858	0.01808	0.45780	0.04445	0.10252	0.02664	0.02663	0.01884	0.01232	0.01000	0.00303	0.01052	0.00935	0.07044	0.01676
11	0.01938	0.01824	0.03078	0.61468	0.07068	0.02280	0.02850	0.02622	0.02052	0.02622	0.01824	0.02736	0.01368	0.01026	0.01026	0.00342	0.01368	0.00912	0.00456	0.01140
12	0.02389	0.02031	0.02212	0.02034	0.02553	0.02340	0.01594	0.04887	0.46983	0.04030	0.04128	0.04373	0.03267	0.02083	0.06603	0.00479	0.01003	0.04507	0.00991	0.01512
13	0.02133	0.01801	0.01839	0.01844	0.02132	0.08680	0.01426	0.10312	0.02619	0.03303	0.04388	0.25886	0.04803	0.07226	0.01553	0.00442	0.00974	0.16715	0.00883	0.01040
14	0.01250	0.00893	0.01191	0.01429	0.01488	0.00834	0.00953	0.01429	0.01965	0.02620	0.05656	0.63265	0.06787	0.03215	0.01310	0.00417	0.00595	0.02917	0.00953	0.00834
15	0.01654	0.01181	0.01654	0.01890	0.02126	0.01181	0.01654	0.02126	0.02362	0.03071	0.05433	0.11576	0.05906	0.02835	0.01417	0.00472	0.00945	0.50626	0.00945	0.00945
16	0.02820	0.45579	0.04633	0.10192	0.03342	0.13413	0.01947	0.03187	0.02222	0.02460	0.01509	0.01833	0.01325	0.00929	0.00755	0.00244	0.01265	0.00618	0.00457	0.01270
17	0.01238	0.00941	0.01141	0.01301	0.01455	0.00844	0.00896	0.01443	0.02088	0.02670	0.07219	0.45657	0.23387	0.03012	0.01278	0.00394	0.00570	0.02669	0.00953	0.00844
18	0.02476	0.21364	0.08724	0.23084	0.04272	0.02687	0.02224	0.03231	0.06346	0.07705	0.02200	0.02584	0.01684	0.01039	0.00886	0.00293	0.01143	0.00819	0.05931	0.01306
19	0.03028	0.10976	0.02923	0.02087	0.02779	0.02836	0.01710	0.16281	0.32978	0.08188	0.03393	0.03189	0.02522	0.01276	0.00986	0.00319	0.00929	0.01012	0.00972	0.01618
20	0.01548	0.01153	0.01605	0.01625	0.01828	0.01131	0.04772	0.02062	0.06783	0.02995	0.04924	0.44810	0.05469	0.02584	0.01191	0.00379	0.00679	0.02347	0.11152	0.00961
21	0.02547	0.14831	0.16529	0.11607	0.04034	0.07235	0.06466	0.06639	0.13658	0.03351	0.02289	0.02548	0.01748	0.01066	0.00956	0.00309	0.01286	0.00865	0.00616	0.01422
22	0.01783	0.00891	0.01337	0.01337	0.01337	0.00891	0.00891	0.01337	0.01337	0.01783	0.01783	0.03119	0.01783	0.03565	0.04011	0.70143	0.00891	0.00891	0.00446	0.00446
23	0.02416	0.26993	0.04026	0.07526	0.03058	0.03432	0.02104	0.02723	0.01818	0.02461	0.01421	0.02050	0.01337	0.01363	0.02083	0.00348	0.32433	0.00760	0.00446	0.01201
24	0.03047	0.16703	0.17706	0.02995	0.11808	0.02530	0.06961	0.03701	0.02418	0.18869	0.02418	0.02543	0.01733	0.01019	0.00948	0.00298	0.01212	0.00854	0.00694	0.01544
25	0.08182	0.13675	0.06837	0.01809	0.02707	0.02276	0.01632	0.10267	0.02581	0.11316	0.02120	0.02243	0.01609	0.00948	0.00822	0.00234	0.00945	0.00707	0.00717	0.28374
26	0.02130	0.01778	0.01975	0.01883	0.02298	0.02008	0.01424	0.04128	0.37544	0.03710	0.04449	0.19243	0.04035	0.02357	0.05707	0.00467	0.00907	0.01611	0.00982	0.01364
27	0.01653	0.00993	0.01223	0.01306	0.01497	0.00922	0.00925	0.01944	0.02176	0.07007	0.09062	0.36863	0.10143	0.02484	0.01140	0.00356	0.00574	0.02196	0.16597	0.00939
28	0.03024	0.08296	0.12746	0.05777	0.03375	0.07559	0.06094	0.03593	0.02478	0.19121	0.06367	0.02954	0.02311	0.01173	0.01138	0.00305	0.05196	0.00931	0.00759	0.06802
29	0.02923	0.01643	0.02362	0.07065	0.11377	0.01592	0.01717	0.03494	0.06343	0.24727	0.04025	0.21054	0.03608	0.01781	0.01112	0.00349	0.00880	0.01573	0.00975	0.01400
30	0.01457	0.00980	0.01130	0.01164	0.01173	0.00972	0.00670	0.01483	0.01561	0.02081	0.03585	0.14913	0.04174	0.55133	0.04656	0.00911	0.00937	0.01699	0.00670	0.00653
31	0.48181	0.02254	0.02284	0.11830	0.03232	0.06816	0.06139	0.03059	0.01948	0.03991	0.01565	0.01959	0.01210	0.00965	0.00775	0.00320	0.01056	0.00682	0.00586	0.01146
32	0.01493	0.01013	0.01245	0.01268	0.01472	0.00953	0.00935	0.01869	0.02428	0.03462	0.27282	0.16639	0.11765	0.06609	0.01444	0.00386	0.00577	0.05692	0.12560	0.00908
33	0.02491	0.02636	0.07757	0.06459	0.08447	0.07114	0.05608	0.07102	0.06627	0.03528	0.02066	0.02390	0.01629	0.00931	0.00910	0.00245	0.01107	0.00785	0.00626	0.31541
34	0.02084	0.02374	0.10931	0.12919	0.12732	0.01980	0.06850	0.02941	0.06466	0.03308	0.07459	0.04352	0.02968	0.01339	0.01075	0.00328	0.01138	0.08188	0.00662	0.09905
35	0.02786	0.16048	0.13229	0.02050	0.02810	0.02454	0.01981	0.10449	0.02696	0.13156	0.09287	0.08351	0.03096	0.01435	0.01154	0.00315	0.05397	0.01118	0.00798	0.01391
36	0.02782	0.01596	0.02104	0.07001	0.02668	0.01608	0.01564	0.11123	0.02823	0.18195	0.10114	0.09589	0.04075	0.02012	0.01430	0.06926	0.00908	0.11256	0.00977	0.01251
37	0.01271	0.00902	0.01185	0.01402	0.01456	0.00848	0.00924	0.01434	0.01923	0.02565	0.05444	0.58321	0.06520	0.08524	0.01652	0.00467	0.00630	0.02793	0.00924	0.00815
38	0.02128	0.01824	0.02128	0.01520	0.02432	0.01368	0.01216	0.02584	0.02128	0.03344	0.01824	0.02128	0.01520	0.00760	0.00760	0.00152	0.00760	0.00608	0.00608	0.70208
39	0.02094	0.06862	0.16113	0.36556	0.10019	0.02452	0.06006	0.02875	0.02124	0.02847	0.01825	0.02521	0.01380	0.00986	0.01000	0.00327	0.01394	0.00871	0.00457	0.01290
40	0.01213	0.01040	0.01040	0.01040	0.01386	0.00866	0.00780	0.01473	0.02339	0.02772	0.10396	0.09876	0.57117	0.02599	0.01213	0.00347	0.00520	0.02166	0.00953	0.00866
41	0.01965	0.01362	0.01995	0.09555	0.10063	0.01355	0.01536	0.02405	0.02426	0.08861	0.19946	0.19751	0.05527	0.01931	0.01130	0.00340	0.00763	0.01725	0.06242	0.01124
42	0.03901	0.02874	0.03080	0.02361	0.03182	0.03182	0.01951	0.54111	0.04825	0.06468	0.02464	0.02464	0.01745	0.01232	0.01027	0.00308	0.01129	0.00924	0.01027	0.01745
43	0.03447	0.03518	0.02544	0.02212	0.02759	0.32129	0.01708	0.17246	0.03267	0.03857	0.02194	0.02432	0.01712	0.01134	0.00909	0.00271	0.01367	0.00794	0.15210	0.01291
44	0.04557	0.01823	0.02429	0.01862	0.02658	0.01622	0.01538	0.08329	0.03065	0.54735	0.03941	0.03423	0.02486	0.01268	0.01032	0.00317	0.00891	0.01025	0.01254	0.01746
45	0.02119	0.10555	0.53902	0.02821	0.04281	0.02532	0.03611	0.03234	0.02159	0.03176	0.01805	0.02121	0.01301	0.00966	0.00947	0.00316	0.01480	0.00740	0.00434	0.01499
46	0.01796	0.11803	0.06494	0.15325	0.03182	0.01863	0.01715	0.02332	0.02473	0.03317	0.27263	0.05355	0.09960	0.01617	0.01062	0.00313	0.00864	0.01375	0.00797	0.01095
47	0.01471	0.01071	0.01503	0.01495	0.01642	0.01188	0.01103	0.01765	0.01732	0.02456	0.07962	0.04983	0.03500	0.19952	0.41930	0.01376	0.02137	0.01260	0.00621	0.00854
48	0.64854	0.02068	0.01656	0.01445	0.02097	0.02385	0.01190	0.07823	0.02036	0.04780	0.01526	0.01742	0.01171	0.00979	0.00672	0.00317	0.00825	0.00590	0.00672	0.01171
49	0.08590	0.02301	0.09919	0.02035	0.02565	0.02172	0.01806	0.03520	0.21292	0.03668	0.10703	0.06824	0.03524	0.02035	0.05944	0.00457	0.09336	0.01197	0.00809	0.01303
50	0.01357	0.01019	0.01200	0.01188	0.01443	0.00904	0.00872	0.01627	0.02426	0.03162	0.26390	0.12204	0.30903	0.02549	0.01482	0.06909	0.00547	0.01985	0.00970	0.00862
51	0.03518	0.15613	0.03311	0.02502	0.10152	0.02482	0.01836	0.07737	0.11886	0.25855	0.03106	0.02951	0.02199	0.01155	0.00951	0.00299	0.00976	0.00926	0.00931	0.01616
52	0.28940	0.02338	0.10328	0.01745	0.02498	0.01953	0.01615	0.06690	0.02329	0.11757	0.06017	0.07954	0.02496	0.01277	0.00880	0.00310	0.00896	0.00980	0.00780	0.08217

[dist]
# distance from previous block
# <min> <max>
1	34

[block]
# block no. 6 follows, 14 sequences, length 64
# corresponding to MSA columns:
# 348-411
name=unknown_G
#
# <colnr> <probs for GDERKNQSTAVLIFYWHMCP>
#	G	D	E	R	K	N	Q	S	T	A	V	L	I	F	Y	W	H	M	C	P
0	0.15084	0.02252	0.10743	0.01759	0.02570	0.01685	0.01639	0.03070	0.02211	0.13206	0.06104	0.02876	0.02271	0.01736	0.07012	0.00406	0.01092	0.00835	0.00733	0.22716
1	0.01897	0.01367	0.01896	0.02298	0.10437	0.01344	0.01421	0.04827	0.05189	0.07018	0.04719	0.43195	0.05224	0.02517	0.01215	0.00383	0.00751	0.02273	0.00915	0.01112
2	0.15152	0.05909	0.06187	0.08614	0.10417	0.02011	0.05103	0.03110	0.02276	0.13208	0.03574	0.03719	0.10311	0.01273	0.00952	0.00315	0.00989	0.01053	0.04523	0.01306
3	0.60432	0.02502	0.10391	0.01595	0.02367	0.02315	0.01528	0.03053	0.01812	0.04394	0.01493	0.01745	0.01141	0.00956	0.00688	0.00319	0.00906	0.00587	0.00604	0.01174
4	0.01374	0.01023	0.01279	0.01264	0.01498	0.00927	0.00929	0.01767	0.02649	0.03621	0.39939	0.16744	0.18464	0.02369	0.01226	0.00342	0.00508	0.02081	0.01068	0.00927
5	0.02411	0.02566	0.11668	0.03068	0.15905	0.01868	0.05530	0.03040	0.02260	0.07274	0.02028	0.02371	0.01586	0.00873	0.00903	0.00239	0.01057	0.00773	0.00599	0.33979
6	0.01259	0.01008	0.01125	0.01167	0.01432	0.00875	0.00848	0.01535	0.02342	0.02947	0.16570	0.21621	0.38343	0.02661	0.01234	0.00359	0.00531	0.02288	0.00980	0.00875
7	0.03450	0.01862	0.02298	0.01915	0.02551	0.01904	0.01539	0.08080	0.18717	0.29721	0.03774	0.03606	0.02667	0.02304	0.10187	0.00533	0.01165	0.01073	0.01073	0.01581
8	0.64242	0.01960	0.01599	0.01399	0.02051	0.02219	0.01153	0.03223	0.01871	0.10196	0.01702	0.01857	0.01260	0.00986	0.00676	0.00318	0.00802	0.00605	0.00701	0.01178
9	0.02294	0.01254	0.01342	0.01208	0.01583	0.01235	0.00940	0.07974	0.02545	0.09614	0.04424	0.04589	0.11002	0.01425	0.00860	0.00271	0.00595	0.01149	0.44588	0.01108
10	0.01245	0.00913	0.01171	0.01377	0.01475	0.00838	0.00930	0.01435	0.02014	0.02640	0.06286	0.56176	0.13471	0.03133	0.01297	0.00407	0.00585	0.02818	0.00953	0.00838
11	0.71184	0.01985	0.01508	0.01350	0.01985	0.02302	0.01111	0.03017	0.01746	0.04604	0.01429	0.01667	0.01111	0.00953	0.00635	0.00318	0.00794	0.00556	0.00635	0.01111
12	0.02744	0.64552	0.05378	0.01756	0.02634	0.04061	0.01756	0.03073	0.02085	0.02414	0.01427	0.01646	0.01317	0.00878	0.00658	0.00219	0.01097	0.00549	0.00439	0.01317
13	0.02422	0.02768	0.06055	0.04325	0.05363	0.02595	0.53806	0.03287	0.02422	0.03287	0.02076	0.02768	0.01557	0.00865	0.01211	0.00346	0.01730	0.01211	0.00519	0.01384
14	0.02191	0.02241	0.04120	0.03248	0.03770	0.02453	0.25366	0.02761	0.02134	0.02974	0.02598	0.04588	0.02471	0.01611	0.01955	0.00408	0.21053	0.12266	0.00593	0.01200
15	0.04511	0.01896	0.02474	0.01897	0.02694	0.01731	0.01567	0.11523	0.03188	0.51369	0.03838	0.03356	0.02435	0.01265	0.01031	0.00316	0.00907	0.01018	0.01238	0.01746
16	0.04495	0.01922	0.02490	0.01909	0.02707	0.01769	0.01577	0.12640	0.03231	0.50191	0.03802	0.03333	0.02417	0.01264	0.01031	0.00316	0.00913	0.01015	0.01232	0.01746
17	0.02414	0.01628	0.01969	0.01856	0.02308	0.01708	0.01508	0.03781	0.22395	0.12279	0.13215	0.06792	0.04970	0.01933	0.01185	0.00377	0.00809	0.16486	0.01063	0.01326
18	0.01288	0.00921	0.01231	0.01449	0.01532	0.00864	0.00998	0.01505	0.02049	0.02742	0.08856	0.56519	0.06913	0.03121	0.01310	0.00414	0.00610	0.05865	0.00963	0.00849
19	0.71184	0.01985	0.01508	0.01350	0.01985	0.02302	0.01111	0.03017	0.01746	0.04604	0.01429	0.01667	0.01111	0.00953	0.00635	0.00318	0.00794	0.00556	0.00635	0.01111
20	0.02395	0.02687	0.05602	0.04072	0.04948	0.02680	0.45787	0.03160	0.02290	0.03160	0.01963	0.02687	0.01524	0.01010	0.01547	0.00362	0.11113	0.01162	0.00508	0.01343
21	0.02026	0.01831	0.02942	0.53017	0.06395	0.02239	0.02651	0.06139	0.02240	0.02891	0.02144	0.07068	0.01784	0.01198	0.01046	0.00345	0.01296	0.01057	0.00532	0.01160
22	0.01810	0.00947	0.00993	0.01030	0.01241	0.00937	0.00754	0.02242	0.02123	0.03638	0.03707	0.13071	0.03277	0.01510	0.00810	0.00267	0.00496	0.01261	0.58950	0.00937
23	0.02812	0.14152	0.03419	0.31162	0.08186	0.02443	0.02312	0.03349	0.02301	0.16781	0.02319	0.02703	0.01672	0.01052	0.00955	0.00309	0.01180	0.00871	0.00663	0.01359
24	0.02078	0.02150	0.10826	0.02037	0.06430	0.01477	0.01695	0.02646	0.02392	0.06970	0.16465	0.07272	0.03978	0.01327	0.00978	0.00260	0.00837	0.01139	0.00771	0.28273
25	0.53214	0.01942	0.01808	0.05300	0.02368	0.02324	0.01364	0.02820	0.01755	0.04069	0.01704	0.05620	0.01510	0.01211	0.01070	0.00343	0.09091	0.00770	0.00618	0.01098
26	0.02182	0.14131	0.43269	0.06552	0.04389	0.02652	0.06788	0.03185	0.02164	0.03083	0.01792	0.02162	0.01324	0.00956	0.00945	0.00311	0.01456	0.00766	0.00441	0.01453
27	0.04495	0.01922	0.02490	0.01909	0.02707	0.01769	0.01577	0.12640	0.03231	0.50191	0.03802	0.03333	0.02417	0.01264	0.01031	0.00316	0.00913	0.01015	0.01232	0.01746
28	0.02540	0.02438	0.04165	0.06299	0.57533	0.02438	0.03149	0.03149	0.02337	0.03353	0.01930	0.02540	0.01626	0.00914	0.01016	0.00305	0.01219	0.00914	0.00508	0.01626
29	0.03633	0.04481	0.02705	0.02468	0.02966	0.53679	0.01851	0.03920	0.02829	0.02649	0.01770	0.02057	0.01458	0.01072	0.00904	0.00262	0.01708	0.00692	0.07733	0.01165
30	0.02553	0.02204	0.02320	0.02088	0.02669	0.02553	0.01624	0.05453	0.55679	0.04293	0.04177	0.03829	0.03133	0.01392	0.01044	0.00348	0.00812	0.01160	0.01044	0.01624
31	0.01466	0.01100	0.01649	0.01649	0.01833	0.01283	0.01283	0.01833	0.01649	0.02382	0.02749	0.04032	0.02566	0.07697	0.59868	0.01649	0.02749	0.01100	0.00550	0.00916
32	0.71184	0.01985	0.01508	0.01350	0.01985	0.02302	0.01111	0.03017	0.01746	0.04604	0.01429	0.01667	0.01111	0.00953	0.00635	0.00318	0.00794	0.00556	0.00635	0.01111
33	0.02553	0.02204	0.02320	0.02088	0.02669	0.02553	0.01624	0.05453	0.55679	0.04293	0.04177	0.03829	0.03133	0.01392	0.01044	0.00348	0.00812	0.01160	0.01044	0.01624
