[name]
unknown

[dist]
# distance from previous block
# <min> <max>
6	325

[block]
# block no. 0 follows, 11 sequences, length 22
# corresponding to MSA columns:
# 463-484
name=unknown_A
#
# <colnr> <probs for GDERKNQSTAVLIFYWHMCP>
#	G	D	E	R	K	N	Q	S	T	A	V	L	I	F	Y	W	H	M	C	P
0	0.04854	0.02230	0.02807	0.02152	0.03030	0.02121	0.01778	0.16725	0.03748	0.42220	0.03998	0.03544	0.02564	0.01382	0.01130	0.00346	0.01029	0.01102	0.01325	0.01915
1	0.52085	0.02425	0.02093	0.01762	0.02511	0.02771	0.01453	0.15102	0.02774	0.05570	0.01856	0.02051	0.01396	0.01123	0.00806	0.00346	0.00964	0.00712	0.00806	0.01396
2	0.52085	0.02425	0.02093	0.01762	0.02511	0.02771	0.01453	0.15102	0.02774	0.05570	0.01856	0.02051	0.01396	0.01123	0.00806	0.00346	0.00964	0.00712	0.00806	0.01396
3	0.01662	0.01230	0.01582	0.01439	0.01773	0.01103	0.01087	0.02190	0.03107	0.04435	0.48091	0.07841	0.09785	0.02164	0.01281	0.00337	0.00559	0.01908	0.01186	0.07240
4	0.03478	0.01917	0.02584	0.16108	0.03915	0.02008	0.01937	0.04533	0.12100	0.24945	0.03744	0.03739	0.02597	0.01340	0.01086	0.00350	0.01025	0.01114	0.09877	0.01604
5	0.04475	0.02838	0.03183	0.02440	0.03333	0.03023	0.02016	0.38431	0.04765	0.19077	0.03144	0.02989	0.02136	0.01362	0.01127	0.00340	0.01167	0.01043	0.01194	0.01914
6	0.19138	0.02045	0.02161	0.01620	0.02543	0.01761	0.01304	0.02955	0.02227	0.04019	0.01890	0.02205	0.01553	0.00887	0.00799	0.00213	0.00843	0.00652	0.00674	0.50509
7	0.33750	0.02322	0.02353	0.01901	0.02699	0.02477	0.01568	0.14743	0.03106	0.20865	0.02727	0.02656	0.01869	0.01225	0.00932	0.00346	0.00983	0.00866	0.01014	0.01598
8	0.03295	0.02139	0.02549	0.01880	0.02834	0.01816	0.01527	0.10007	0.02970	0.16998	0.02719	0.02766	0.01986	0.01048	0.00950	0.00237	0.00921	0.00833	0.00915	0.41611
9	0.03595	0.02643	0.02901	0.02291	0.03030	0.02873	0.01865	0.37576	0.04756	0.06437	0.15453	0.04154	0.04129	0.01593	0.01177	0.00342	0.01059	0.01273	0.01155	0.01697
10	0.51706	0.02303	0.02396	0.02861	0.15213	0.02563	0.01788	0.03346	0.02080	0.04701	0.01707	0.02072	0.01362	0.01034	0.00803	0.00345	0.00989	0.00710	0.00661	0.01362
11	0.02661	0.02360	0.02613	0.18001	0.04082	0.09585	0.02047	0.06509	0.12507	0.06414	0.03737	0.17561	0.03495	0.01851	0.01194	0.00382	0.01188	0.01585	0.00870	0.01359
12	0.02381	0.01296	0.01718	0.01686	0.02028	0.01148	0.01222	0.02662	0.02440	0.15992	0.05430	0.41063	0.05813	0.02776	0.01312	0.00407	0.00744	0.02478	0.01104	0.06299
13	0.02508	0.02399	0.04461	0.03336	0.04202	0.02273	0.27872	0.03519	0.08530	0.07220	0.05030	0.05216	0.15032	0.01534	0.01293	0.00378	0.01372	0.01574	0.00819	0.01434
14	0.02367	0.01348	0.01403	0.01287	0.01638	0.01389	0.00993	0.09117	0.02822	0.04619	0.06822	0.04270	0.03267	0.01383	0.00870	0.00279	0.00624	0.01110	0.53222	0.01170
15	0.03119	0.49302	0.09119	0.02156	0.03117	0.11460	0.02125	0.03541	0.02419	0.02731	0.01623	0.01879	0.01444	0.00998	0.00788	0.00256	0.01352	0.00636	0.00495	0.01441
16	0.01740	0.01127	0.01493	0.01527	0.01745	0.01037	0.01097	0.02111	0.02718	0.07327	0.28105	0.31468	0.08611	0.02794	0.01363	0.00401	0.00617	0.02501	0.01161	0.01056
17	0.01426	0.00979	0.01321	0.01558	0.01617	0.00920	0.01039	0.01558	0.02091	0.02788	0.05807	0.54462	0.06932	0.03562	0.01713	0.06685	0.00683	0.02993	0.00993	0.00875
18	0.02531	0.01989	0.03270	0.50006	0.07075	0.02383	0.02922	0.03238	0.02385	0.09998	0.02339	0.03116	0.01679	0.01162	0.01126	0.00371	0.01425	0.01019	0.00624	0.01343
19	0.07874	0.01992	0.02499	0.09519	0.03389	0.01754	0.01655	0.03549	0.02517	0.16515	0.02589	0.02770	0.01896	0.01032	0.00940	0.00255	0.00960	0.00827	0.00831	0.36637
20	0.01523	0.01021	0.01305	0.01513	0.01616	0.00974	0.01045	0.01777	0.02184	0.03051	0.05665	0.45057	0.06524	0.06796	0.01628	0.00475	0.00693	0.06097	0.10130	0.00928
21	0.02126	0.02001	0.03376	0.57739	0.07752	0.02501	0.03126	0.02876	0.02251	0.02876	0.02001	0.03001	0.01500	0.01125	0.01125	0.00375	0.01500	0.01000	0.00500	0.01250

[dist]
# distance from previous block
# <min> <max>
0	1

[block]
# block no. 1 follows, 11 sequences, length 38
# corresponding to MSA columns:
# 486-523
name=unknown_B
#
# <colnr> <probs for GDERKNQSTAVLIFYWHMCP>
#	G	D	E	R	K	N	Q	S	T	A	V	L	I	F	Y	W	H	M	C	P
0	0.01422	0.01016	0.01364	0.01625	0.01713	0.00958	0.01133	0.01655	0.02205	0.02930	0.06175	0.54319	0.07333	0.03478	0.01450	0.00464	0.00697	0.08090	0.01044	0.00928
1	0.02334	0.02001	0.02334	0.01667	0.02667	0.01500	0.01334	0.02834	0.02334	0.03668	0.02001	0.02334	0.01667	0.00834	0.00834	0.00167	0.00834	0.00667	0.00667	0.67325
2	0.20344	0.01772	0.01992	0.01640	0.02319	0.01728	0.01334	0.04242	0.02683	0.29680	0.03528	0.03413	0.02414	0.01285	0.00938	0.00327	0.00831	0.00980	0.17019	0.01530
3	0.01465	0.01145	0.01327	0.01282	0.01603	0.01008	0.00961	0.01877	0.02884	0.03798	0.32702	0.09585	0.31195	0.02568	0.01329	0.00367	0.00550	0.02201	0.01145	0.01008
4	0.01371	0.00979	0.01306	0.01567	0.01632	0.00914	0.01045	0.01567	0.02155	0.02873	0.06203	0.59710	0.07444	0.03526	0.01437	0.00457	0.00653	0.03200	0.01045	0.00914
5	0.01593	0.01150	0.01504	0.01416	0.01681	0.01062	0.01062	0.02124	0.03186	0.04513	0.52830	0.08407	0.10620	0.02301	0.01327	0.00354	0.00531	0.02035	0.01239	0.01062
6	0.68395	0.02177	0.01654	0.01480	0.02177	0.02525	0.01219	0.03309	0.01915	0.05050	0.01567	0.01828	0.01219	0.01045	0.00697	0.00348	0.00871	0.00609	0.00697	0.01219
7	0.03009	0.61122	0.05898	0.01926	0.02889	0.04454	0.01926	0.03370	0.02287	0.02648	0.01565	0.01805	0.01444	0.00963	0.00722	0.00241	0.01204	0.00602	0.00481	0.01444
8	0.40019	0.02092	0.01976	0.01594	0.02410	0.02096	0.01300	0.03363	0.02184	0.09413	0.01995	0.02195	0.01523	0.01008	0.00785	0.00287	0.00867	0.00680	0.00755	0.23458
9	0.02426	0.02449	0.03466	0.46705	0.11527	0.08643	0.03047	0.03115	0.02387	0.02937	0.01981	0.02869	0.01521	0.01118	0.01112	0.00362	0.01546	0.00969	0.00515	0.01306
10	0.01371	0.00979	0.01306	0.01567	0.01632	0.00914	0.01045	0.01567	0.02155	0.02873	0.06203	0.59710	0.07444	0.03526	0.01437	0.00457	0.00653	0.03200	0.01045	0.00914
11	0.68395	0.02177	0.01654	0.01480	0.02177	0.02525	0.01219	0.03309	0.01915	0.05050	0.01567	0.01828	0.01219	0.01045	0.00697	0.00348	0.00871	0.00609	0.00697	0.01219
12	0.68395	0.02177	0.01654	0.01480	0.02177	0.02525	0.01219	0.03309	0.01915	0.05050	0.01567	0.01828	0.01219	0.01045	0.00697	0.00348	0.00871	0.00609	0.00697	0.01219
13	0.01359	0.01141	0.01180	0.01171	0.01538	0.00963	0.00878	0.01671	0.02634	0.03203	0.15979	0.10564	0.48288	0.02790	0.01330	0.00377	0.00566	0.02338	0.01067	0.00963
14	0.04403	0.02953	0.03254	0.02495	0.03391	0.03194	0.02061	0.42535	0.04958	0.14701	0.02983	0.02885	0.02055	0.01358	0.01127	0.00339	0.01193	0.01032	0.01169	0.01914
15	0.03986	0.01983	0.02469	0.02025	0.02758	0.01936	0.01627	0.05264	0.17809	0.33720	0.09829	0.04448	0.03848	0.01534	0.01158	0.00359	0.00890	0.01274	0.01301	0.01781
16	0.02800	0.02418	0.02545	0.02291	0.02927	0.02800	0.01782	0.05981	0.51390	0.04708	0.04581	0.04199	0.03436	0.01527	0.01145	0.00382	0.00891	0.01273	0.01145	0.01782
17	0.01487	0.01150	0.01371	0.01516	0.01717	0.01091	0.01059	0.01971	0.06626	0.03081	0.07457	0.41657	0.19324	0.03168	0.01382	0.00430	0.00652	0.02807	0.01054	0.01001
18	0.04417	0.02587	0.02986	0.02327	0.03186	0.02695	0.01910	0.27545	0.09575	0.25273	0.03590	0.03310	0.02424	0.01387	0.01130	0.00347	0.01090	0.01088	0.01233	0.01900
19	0.04728	0.02431	0.02931	0.02247	0.03130	0.02419	0.01856	0.23898	0.04084	0.34571	0.03716	0.03361	0.02423	0.01376	0.01129	0.00344	0.01075	0.01082	0.01282	0.01915
20	0.01658	0.01332	0.02163	0.02037	0.02299	0.01441	0.05879	0.02069	0.01961	0.02761	0.03608	0.15793	0.03672	0.06708	0.39450	0.01392	0.02417	0.01632	0.00692	0.01035
21	0.02657	0.35251	0.28688	0.02526	0.03816	0.03593	0.02970	0.03461	0.02329	0.03077	0.01778	0.02073	0.01436	0.01013	0.00885	0.00295	0.01419	0.00709	0.00479	0.01547
22	0.03626	0.02655	0.02864	0.02281	0.03024	0.02916	0.01854	0.35675	0.09077	0.06300	0.08717	0.03638	0.03147	0.01473	0.01119	0.00337	0.01057	0.01158	0.07362	0.01722
23	0.01371	0.00979	0.01306	0.01567	0.01632	0.00914	0.01045	0.01567	0.02155	0.02873	0.06203	0.59710	0.07444	0.03526	0.01437	0.00457	0.00653	0.03200	0.01045	0.00914
24	0.02720	0.01794	0.02206	0.01958	0.02394	0.01899	0.01522	0.08704	0.10727	0.12912	0.16972	0.16307	0.05671	0.02135	0.01474	0.00389	0.05892	0.01788	0.01132	0.01405
25	0.03047	0.01429	0.01941	0.01817	0.02261	0.01285	0.01402	0.03385	0.02676	0.25599	0.05397	0.29641	0.05276	0.02536	0.01316	0.00416	0.00832	0.07177	0.01198	0.01370
26	0.02126	0.02001	0.03376	0.57739	0.07752	0.02501	0.03126	0.02876	0.02251	0.02876	0.02001	0.03001	0.01500	0.01125	0.01125	0.00375	0.01500	0.01000	0.00500	0.01250
27	0.68395	0.02177	0.01654	0.01480	0.02177	0.02525	0.01219	0.03309	0.01915	0.05050	0.01567	0.01828	0.01219	0.01045	0.00697	0.00348	0.00871	0.00609	0.00697	0.01219
28	0.01833	0.01345	0.01979	0.01901	0.02018	0.01617	0.01462	0.01979	0.01706	0.02457	0.02497	0.03853	0.02380	0.06243	0.34335	0.18596	0.11225	0.01112	0.00556	0.00907
29	0.03018	0.47340	0.09831	0.02308	0.03339	0.04097	0.05878	0.07052	0.02560	0.03151	0.01749	0.02021	0.01501	0.01001	0.00831	0.00269	0.01300	0.00711	0.00539	0.01506
30	0.01549	0.01133	0.01453	0.01406	0.01663	0.01038	0.01042	0.02026	0.03033	0.04227	0.44736	0.13490	0.14069	0.02466	0.01338	0.00366	0.00546	0.02176	0.01203	0.01038
31	0.02706	0.07483	0.16008	0.02082	0.03007	0.01929	0.02100	0.03401	0.02776	0.14188	0.17548	0.04411	0.04472	0.01455	0.01094	0.00315	0.01015	0.01206	0.00921	0.11882
32	0.03847	0.01597	0.02128	0.01793	0.02405	0.01411	0.01413	0.04235	0.02872	0.36445	0.04776	0.17189	0.03907	0.01892	0.01166	0.00365	0.00837	0.01616	0.08525	0.01581
33	0.01470	0.01146	0.01334	0.01287	0.01606	0.01010	0.00965	0.01886	0.02896	0.03824	0.33449	0.09542	0.30431	0.02558	0.01329	0.00366	0.00549	0.02195	0.01148	0.01010
34	0.01678	0.01279	0.01695	0.01567	0.01807	0.01296	0.01200	0.02181	0.03042	0.04336	0.47787	0.07824	0.09722	0.02268	0.01560	0.00368	0.06212	0.01932	0.01166	0.01079
35	0.01532	0.01108	0.01441	0.01615	0.01780	0.01050	0.01203	0.01844	0.02388	0.03154	0.11782	0.32329	0.11752	0.07791	0.01790	0.00505	0.00768	0.14185	0.01036	0.00948
36	0.03180	0.01959	0.02398	0.02109	0.02687	0.01994	0.01758	0.17238	0.03631	0.15010	0.12236	0.07183	0.05018	0.02099	0.01303	0.00403	0.01000	0.16142	0.01169	0.01484
37	0.19753	0.34178	0.04276	0.02021	0.02779	0.09550	0.01826	0.03414	0.02237	0.03278	0.01576	0.01901	0.01391	0.01104	0.01040	0.00298	0.06825	0.00655	0.00548	0.01351

[dist]
# distance from previous block
# <min> <max>
4	47

[block]
# block no. 2 follows, 11 sequences, length 7
# corresponding to MSA columns:
# 571-577
name=unknown_C
#
# <colnr> <probs for GDERKNQSTAVLIFYWHMCP>
#	G	D	E	R	K	N	Q	S	T	A	V	L	I	F	Y	W	H	M	C	P
0	0.04204	0.05364	0.03190	0.02900	0.03480	0.55926	0.02175	0.04494	0.03190	0.02755	0.01740	0.02030	0.01450	0.01160	0.01015	0.00290	0.02030	0.00725	0.00580	0.01305
1	0.02999	0.01898	0.02423	0.02042	0.02528	0.01991	0.01616	0.07580	0.06355	0.15685	0.08317	0.09369	0.03572	0.02006	0.01936	0.07473	0.10786	0.01334	0.00963	0.09125
2	0.03222	0.13813	0.07816	0.13365	0.14082	0.02742	0.02546	0.04091	0.07496	0.15795	0.02798	0.03003	0.02049	0.01171	0.01045	0.00334	0.01229	0.00971	0.00789	0.01643
3	0.03660	0.01612	0.02172	0.01844	0.02407	0.01480	0.01463	0.04020	0.02698	0.32942	0.04298	0.05601	0.03469	0.13485	0.07876	0.00664	0.01211	0.06483	0.01133	0.01483
4	0.01436	0.01109	0.01319	0.01405	0.01660	0.00993	0.01039	0.01762	0.02560	0.03292	0.16936	0.24979	0.27400	0.02974	0.01382	0.00411	0.00631	0.06663	0.01080	0.00968
5	0.03195	0.07928	0.09140	0.19344	0.09067	0.02507	0.09272	0.03897	0.02631	0.17960	0.02718	0.03057	0.01913	0.01147	0.01113	0.00351	0.01376	0.01032	0.00769	0.01584
6	0.02654	0.03393	0.18729	0.12423	0.13433	0.02432	0.11284	0.03528	0.02508	0.07970	0.02291	0.02785	0.01697	0.01046	0.01109	0.00337	0.01463	0.00982	0.00613	0.09321

[dist]
# distance from previous block
# <min> <max>
18	41

[block]
# block no. 3 follows, 11 sequences, length 35
# corresponding to MSA columns:
# 635-669
name=unknown_D
#
# <colnr> <probs for GDERKNQSTAVLIFYWHMCP>
#	G	D	E	R	K	N	Q	S	T	A	V	L	I	F	Y	W	H	M	C	P
0	0.03166	0.10078	0.17018	0.02815	0.03792	0.06329	0.07304	0.12735	0.03016	0.09342	0.02408	0.02750	0.01817	0.01816	0.05775	0.00467	0.06093	0.00960	0.00730	0.01589
1	0.09191	0.01236	0.01446	0.01525	0.01798	0.01174	0.01092	0.02164	0.02309	0.08311	0.06442	0.38885	0.14443	0.02914	0.01305	0.00420	0.00693	0.02556	0.01041	0.01055
2	0.03220	0.08201	0.03795	0.07017	0.03789	0.02535	0.12139	0.10512	0.06077	0.14570	0.03031	0.03598	0.02340	0.06822	0.06788	0.00549	0.01475	0.01152	0.00861	0.01530
3	0.03834	0.03547	0.17817	0.03039	0.09195	0.06568	0.02673	0.10347	0.03172	0.23970	0.03053	0.03011	0.02068	0.01233	0.01102	0.00343	0.01322	0.00984	0.00939	0.01780
4	0.01955	0.00978	0.01466	0.01466	0.01466	0.00978	0.00978	0.01466	0.01466	0.01955	0.01955	0.03421	0.01955	0.03910	0.04399	0.67253	0.00978	0.00978	0.00489	0.00489
5	0.01433	0.01025	0.01370	0.01592	0.01696	0.00962	0.01111	0.01693	0.02306	0.03097	0.11371	0.50094	0.07717	0.03355	0.01434	0.00451	0.00671	0.06616	0.01066	0.00941
6	0.02906	0.13919	0.19771	0.02577	0.03479	0.02948	0.02661	0.07135	0.02623	0.10118	0.06202	0.02983	0.02382	0.01408	0.01611	0.00363	0.13699	0.00972	0.00711	0.01535
7	0.03669	0.23537	0.08313	0.02619	0.08416	0.02934	0.02161	0.04393	0.06567	0.22264	0.02975	0.02904	0.02138	0.01181	0.00979	0.00312	0.01139	0.00915	0.00882	0.01701
8	0.15314	0.02827	0.03275	0.02574	0.03415	0.03116	0.07158	0.28019	0.13062	0.05890	0.02805	0.02864	0.02053	0.01285	0.01075	0.00353	0.01181	0.01025	0.00991	0.01720
9	0.03124	0.02372	0.03013	0.21879	0.09589	0.08132	0.02355	0.07322	0.02832	0.14389	0.03172	0.11176	0.02689	0.01538	0.01158	0.00364	0.01282	0.01315	0.00837	0.01460
10	0.02718	0.14568	0.03914	0.02688	0.07371	0.02712	0.06908	0.06901	0.02558	0.03634	0.01954	0.02380	0.01636	0.01043	0.01198	0.00265	0.06890	0.00812	0.00629	0.29220
11	0.03203	0.02118	0.03199	0.02475	0.03275	0.01987	0.11651	0.04255	0.11803	0.20027	0.08969	0.04584	0.07420	0.01471	0.01179	0.00345	0.01059	0.01339	0.01052	0.08589
12	0.01656	0.01113	0.01290	0.01317	0.01345	0.01113	0.00802	0.01711	0.01738	0.02308	0.03803	0.07931	0.04345	0.54358	0.05286	0.01030	0.01085	0.06330	0.00720	0.00720
13	0.03214	0.36265	0.04771	0.08325	0.03583	0.03889	0.02103	0.15053	0.06208	0.03917	0.02092	0.02317	0.01697	0.01114	0.00895	0.00289	0.01225	0.00792	0.00687	0.01562
14	0.03325	0.15456	0.13640	0.07238	0.04092	0.02888	0.08728	0.06896	0.02749	0.16586	0.02591	0.02797	0.01860	0.01195	0.01224	0.00342	0.05040	0.00962	0.00772	0.01617
15	0.01457	0.01041	0.01404	0.01665	0.01768	0.00988	0.01193	0.01715	0.02239	0.02969	0.06156	0.50630	0.07257	0.03446	0.01459	0.00469	0.00727	0.11437	0.01043	0.00938
16	0.01507	0.01136	0.01608	0.07537	0.02331	0.01157	0.01308	0.01829	0.02264	0.03063	0.11611	0.40708	0.06721	0.03655	0.07458	0.00585	0.00989	0.02589	0.00964	0.00980
17	0.15732	0.02806	0.10043	0.03348	0.12632	0.02398	0.08585	0.04251	0.07300	0.17633	0.02885	0.03003	0.02049	0.01168	0.01066	0.00354	0.01220	0.01010	0.00856	0.01661
18	0.02633	0.01722	0.02386	0.06735	0.02871	0.01939	0.01795	0.03179	0.05497	0.14417	0.04035	0.17659	0.03870	0.02859	0.07291	0.00570	0.13048	0.05263	0.00924	0.01306
19	0.02502	0.01284	0.01692	0.01659	0.02004	0.01146	0.01214	0.02781	0.02525	0.18729	0.06183	0.37548	0.10588	0.02800	0.01332	0.00416	0.00739	0.02479	0.01152	0.01227
20	0.07941	0.02126	0.03142	0.02512	0.03180	0.02164	0.12692	0.04050	0.16275	0.10828	0.13078	0.04757	0.04215	0.06141	0.01549	0.00425	0.01081	0.01391	0.00989	0.01466
21	0.03059	0.07248	0.04830	0.15426	0.10196	0.02786	0.20255	0.08095	0.02860	0.10454	0.02475	0.02980	0.01814	0.01091	0.01170	0.00355	0.01513	0.01112	0.00710	0.01573
22	0.11204	0.01721	0.02444	0.13839	0.07394	0.01956	0.01871	0.02619	0.01946	0.06924	0.02073	0.03000	0.01763	0.02305	0.02621	0.26539	0.07194	0.00948	0.00597	0.01043
23	0.11241	0.02424	0.03209	0.02759	0.02851	0.03325	0.02297	0.02789	0.01749	0.03020	0.01489	0.02378	0.01443	0.01847	0.03295	0.00473	0.50727	0.00935	0.00520	0.01230
24	0.03695	0.19432	0.04378	0.07850	0.03905	0.02980	0.09488	0.10207	0.03043	0.20038	0.02798	0.02888	0.01987	0.01167	0.01043	0.00323	0.01267	0.00981	0.00877	0.01652
25	0.03669	0.08878	0.08443	0.11654	0.09610	0.08282	0.02475	0.10227	0.03091	0.18665	0.02755	0.02898	0.01947	0.01203	0.01068	0.00333	0.01330	0.00955	0.00857	0.01659
26	0.10949	0.02024	0.03147	0.50249	0.07010	0.02504	0.02872	0.02933	0.02206	0.03165	0.01943	0.02845	0.01463	0.01115	0.01068	0.00372	0.01417	0.00948	0.00526	0.01246
27	0.01820	0.01352	0.01614	0.01577	0.01875	0.01310	0.01161	0.08155	0.02971	0.03980	0.21312	0.27051	0.16070	0.02728	0.01341	0.00395	0.00677	0.02392	0.01117	0.01100
28	0.03579	0.07468	0.09083	0.08150	0.08794	0.02726	0.02400	0.14221	0.10259	0.17222	0.03121	0.03134	0.02210	0.01268	0.01091	0.00344	0.01197	0.01026	0.00956	0.01753
29	0.12446	0.02410	0.03331	0.17543	0.18779	0.02650	0.02564	0.09855	0.07720	0.08223	0.02518	0.02916	0.01893	0.01170	0.01063	0.00353	0.01223	0.00984	0.00764	0.01595
30	0.01443	0.01033	0.01381	0.01596	0.01706	0.00971	0.01121	0.01715	0.02334	0.03139	0.12388	0.48360	0.07774	0.03323	0.01433	0.00449	0.00674	0.07144	0.01070	0.00946
31	0.11499	0.02339	0.02978	0.16859	0.04202	0.08154	0.06788	0.03269	0.02417	0.09849	0.02994	0.13306	0.02743	0.01647	0.01339	0.00384	0.05800	0.01374	0.00758	0.01301
32	0.25146	0.02687	0.07950	0.02093	0.02973	0.02482	0.01877	0.12567	0.07707	0.19493	0.02943	0.02853	0.02034	0.01250	0.00983	0.00350	0.01048	0.00921	0.00996	0.01647
33	0.03365	0.01884	0.02302	0.01991	0.02548	0.01867	0.01545	0.16151	0.03368	0.20632	0.04664	0.25867	0.04408	0.02235	0.01252	0.00389	0.00914	0.01926	0.01180	0.01515
34	0.10843	0.02233	0.02681	0.06412	0.03277	0.02178	0.01766	0.14027	0.03277	0.24856	0.03089	0.03015	0.02110	0.01216	0.01025	0.00312	0.01027	0.00949	0.01048	0.14659

[dist]
# distance from previous block
# <min> <max>
7	63

[block]
# block no. 4 follows, 11 sequences, length 24
# corresponding to MSA columns:
# 734-757
name=unknown_E
#
# <colnr> <probs for GDERKNQSTAVLIFYWHMCP>
#	G	D	E	R	K	N	Q	S	T	A	V	L	I	F	Y	W	H	M	C	P
0	0.24207	0.09986	0.10225	0.02069	0.03007	0.07205	0.01938	0.07402	0.02592	0.08345	0.02049	0.02242	0.01556	0.01068	0.00875	0.00301	0.01155	0.00736	0.00717	0.12325
1	0.04045	0.02655	0.03074	0.02443	0.03191	0.02925	0.02004	0.26751	0.10967	0.18052	0.03263	0.03172	0.02300	0.01460	0.01434	0.00365	0.07886	0.01077	0.01121	0.01815
2	0.01410	0.01057	0.01308	0.01427	0.01615	0.00956	0.01001	0.01702	0.02485	0.03277	0.17802	0.36177	0.19507	0.03087	0.01386	0.00415	0.00605	0.02737	0.01088	0.00956
3	0.02291	0.03377	0.20533	0.02924	0.03922	0.02322	0.12903	0.03705	0.12479	0.04036	0.15054	0.04367	0.04147	0.01437	0.01205	0.00366	0.01282	0.01325	0.00818	0.01507
4	0.02456	0.01816	0.02240	0.02003	0.02424	0.01903	0.01539	0.08341	0.06884	0.07895	0.04151	0.26088	0.04273	0.02263	0.01577	0.00386	0.09085	0.01878	0.00952	0.11848
5	0.01726	0.01460	0.02280	0.27996	0.04512	0.01661	0.02024	0.02183	0.02200	0.02874	0.04226	0.33028	0.04648	0.02397	0.01290	0.00419	0.01052	0.02165	0.00789	0.01072
6	0.01619	0.01161	0.01584	0.01584	0.01707	0.01285	0.01126	0.01865	0.01742	0.02446	0.03221	0.05563	0.03309	0.28595	0.36508	0.01531	0.02269	0.01373	0.00634	0.00880
7	0.03009	0.61122	0.05898	0.01926	0.02889	0.04454	0.01926	0.03370	0.02287	0.02648	0.01565	0.01805	0.01444	0.00963	0.00722	0.00241	0.01204	0.00602	0.00481	0.01444
8	0.38411	0.02163	0.02174	0.01779	0.02560	0.02276	0.01467	0.08243	0.02715	0.24098	0.02770	0.02674	0.01882	0.01206	0.00902	0.00347	0.00937	0.00846	0.01002	0.01548
9	0.03719	0.02004	0.02292	0.01847	0.02505	0.02035	0.01496	0.18917	0.03585	0.20500	0.03590	0.03595	0.02536	0.01349	0.01004	0.00313	0.00891	0.01063	0.25160	0.01599
10	0.10022	0.01946	0.02369	0.01874	0.02636	0.01851	0.01535	0.10070	0.03215	0.36339	0.03861	0.03581	0.02562	0.01345	0.01038	0.00333	0.00914	0.01059	0.11734	0.01716
11	0.04279	0.03153	0.03378	0.02590	0.03490	0.03490	0.02139	0.49671	0.05292	0.07093	0.02702	0.02702	0.01914	0.01351	0.01126	0.00338	0.01239	0.01013	0.01126	0.01914
12	0.01955	0.00978	0.01466	0.01466	0.01466	0.00978	0.00978	0.01466	0.01466	0.01955	0.01955	0.03421	0.01955	0.03910	0.04399	0.67253	0.00978	0.00978	0.00489	0.00489
13	0.01955	0.00978	0.01466	0.01466	0.01466	0.00978	0.00978	0.01466	0.01466	0.01955	0.01955	0.03421	0.01955	0.03910	0.04399	0.67253	0.00978	0.00978	0.00489	0.00489
14	0.02800	0.02418	0.02545	0.02291	0.02927	0.02800	0.01782	0.05981	0.51390	0.04708	0.04581	0.04199	0.03436	0.01527	0.01145	0.00382	0.00891	0.01273	0.01145	0.01782
15	0.02657	0.03036	0.06641	0.04744	0.05882	0.02846	0.49336	0.03605	0.02657	0.03605	0.02277	0.03036	0.01708	0.00949	0.01328	0.00380	0.01898	0.01328	0.00569	0.01518
16	0.45237	0.02081	0.02004	0.01671	0.02431	0.02207	0.01378	0.04104	0.02393	0.23019	0.02618	0.02560	0.01792	0.01172	0.00856	0.00348	0.00902	0.00800	0.00951	0.01474
17	0.02689	0.01390	0.01805	0.01584	0.02052	0.01231	0.01228	0.03126	0.03026	0.20730	0.27003	0.11360	0.13833	0.02176	0.01271	0.00364	0.00689	0.01877	0.01247	0.01318
18	0.03464	0.02913	0.02913	0.02389	0.03172	0.07335	0.01907	0.23307	0.22778	0.05396	0.03273	0.03188	0.02441	0.01343	0.01090	0.00331	0.01120	0.01050	0.01034	0.09558
19	0.12463	0.02446	0.03612	0.03552	0.15725	0.02340	0.09813	0.07353	0.02732	0.10125	0.02359	0.02695	0.01791	0.01033	0.01024	0.00305	0.01185	0.00933	0.00752	0.17761
20	0.02909	0.12438	0.28297	0.02921	0.04103	0.02831	0.07197	0.03772	0.02458	0.12121	0.02333	0.02615	0.01696	0.01206	0.01364	0.00357	0.08213	0.00913	0.00646	0.01612
21	0.07037	0.01813	0.06507	0.02507	0.09497	0.01500	0.01726	0.02488	0.02309	0.07751	0.04751	0.37290	0.05231	0.02576	0.01276	0.00413	0.00882	0.02302	0.00930	0.01215
22	0.03000	0.02875	0.06063	0.04350	0.05450	0.02675	0.42491	0.03875	0.02738	0.10869	0.02588	0.03150	0.01863	0.01013	0.01300	0.00375	0.01763	0.01300	0.00688	0.01575
23	0.03150	0.02801	0.03069	0.02428	0.03220	0.10032	0.05599	0.09386	0.10875	0.07849	0.02634	0.02818	0.02027	0.01195	0.01229	0.00296	0.05611	0.00928	0.00820	0.24033

[dist]
# distance from previous block
# <min> <max>
0	1

[block]
# block no. 5 follows, 11 sequences, length 35
# corresponding to MSA columns:
# 759-793
name=unknown_F
#
# <colnr> <probs for GDERKNQSTAVLIFYWHMCP>
#	G	D	E	R	K	N	Q	S	T	A	V	L	I	F	Y	W	H	M	C	P
0	0.02460	0.04509	0.35189	0.17402	0.05463	0.02687	0.03651	0.08801	0.02686	0.03799	0.02095	0.02578	0.01503	0.01117	0.01091	0.00359	0.01571	0.00897	0.00558	0.01585
1	0.01388	0.01011	0.01308	0.01511	0.01626	0.00931	0.01028	0.01624	0.02291	0.03042	0.11039	0.50139	0.12221	0.03346	0.01416	0.00440	0.00634	0.03011	0.01063	0.00931
2	0.03003	0.01692	0.02215	0.01884	0.02363	0.01716	0.01501	0.03726	0.07728	0.21427	0.25433	0.05723	0.06148	0.01874	0.01520	0.00371	0.07509	0.01527	0.01195	0.01446
3	0.02227	0.02198	0.03997	0.47656	0.07396	0.02566	0.11918	0.03015	0.02328	0.03015	0.02053	0.03007	0.01540	0.01092	0.01164	0.00376	0.01576	0.01063	0.00513	0.01301
4	0.04750	0.01982	0.02603	0.02041	0.02880	0.01807	0.01671	0.05551	0.09633	0.47616	0.04459	0.03880	0.02873	0.01411	0.01134	0.00353	0.00949	0.01151	0.01360	0.01898
5	0.02573	0.01341	0.01791	0.01623	0.02025	0.01206	0.01234	0.03003	0.02975	0.18928	0.28424	0.18078	0.07609	0.02295	0.01293	0.00374	0.00684	0.02017	0.01243	0.01284
6	0.08661	0.02534	0.02813	0.02298	0.03067	0.02726	0.01895	0.26624	0.10475	0.14988	0.03576	0.04222	0.02764	0.01566	0.01148	0.00368	0.01089	0.06307	0.01136	0.01742
7	0.03135	0.01791	0.02526	0.02170	0.02576	0.02013	0.01766	0.03510	0.02326	0.22310	0.03173	0.03705	0.02468	0.04132	0.21965	0.00922	0.16104	0.01122	0.00877	0.01409
8	0.05050	0.01915	0.02612	0.02003	0.02873	0.01654	0.01654	0.05485	0.03221	0.54203	0.04440	0.03831	0.02786	0.01393	0.01132	0.00348	0.00958	0.01132	0.01393	0.01915
9	0.04703	0.01814	0.02428	0.01891	0.02690	0.01583	0.01552	0.05149	0.03120	0.48329	0.04350	0.03874	0.02798	0.01383	0.01091	0.00338	0.00907	0.01122	0.09064	0.01814
10	0.53124	0.02114	0.01885	0.01606	0.02345	0.02315	0.01324	0.03833	0.02230	0.16900	0.02260	0.02311	0.01597	0.01129	0.00801	0.00348	0.00892	0.00735	0.00864	0.01387
11	0.02126	0.02001	0.03376	0.57739	0.07752	0.02501	0.03126	0.02876	0.02251	0.02876	0.02001	0.03001	0.01500	0.01125	0.01125	0.00375	0.01500	0.01000	0.00500	0.01250
12	0.01643	0.01170	0.01701	0.01701	0.01857	0.01327	0.01272	0.01912	0.01755	0.02497	0.02991	0.04724	0.02907	0.14958	0.44691	0.07555	0.02577	0.01243	0.00603	0.00916
13	0.45397	0.01819	0.01622	0.01597	0.02110	0.02036	0.01291	0.02841	0.02073	0.04386	0.03121	0.13664	0.03196	0.01827	0.00972	0.00396	0.00862	0.08841	0.00815	0.01135
14	0.02462	0.02462	0.03447	0.02955	0.02955	0.03447	0.02462	0.02709	0.01724	0.02709	0.01477	0.02462	0.01477	0.01970	0.03694	0.00492	0.58385	0.00985	0.00492	0.01231
15	0.02053	0.01252	0.01652	0.01494	0.01840	0.01141	0.01141	0.02571	0.03191	0.11127	0.46389	0.07798	0.09577	0.02180	0.01301	0.00353	0.00588	0.01915	0.01259	0.01176
16	0.01702	0.01216	0.01686	0.01946	0.02156	0.01200	0.01620	0.02140	0.02481	0.03244	0.06021	0.24521	0.06721	0.03214	0.01525	0.00503	0.00940	0.35121	0.01039	0.01006
17	0.01794	0.01352	0.01650	0.01556	0.01556	0.01540	0.01021	0.01841	0.01653	0.02283	0.03153	0.06433	0.03594	0.49319	0.05342	0.00977	0.11992	0.01513	0.00646	0.00786
18	0.02601	0.01992	0.02361	0.01700	0.02688	0.01516	0.01365	0.03095	0.02421	0.08644	0.02241	0.02481	0.01777	0.00889	0.00863	0.00185	0.00846	0.00713	0.00738	0.60884
19	0.02257	0.05822	0.54613	0.03208	0.04871	0.02614	0.04158	0.03564	0.02376	0.03564	0.02020	0.02376	0.01426	0.01069	0.01069	0.00356	0.01663	0.00832	0.00475	0.01663
20	0.03527	0.04304	0.02737	0.02505	0.03014	0.42118	0.01878	0.03858	0.03139	0.03080	0.11303	0.03826	0.07117	0.01490	0.01094	0.00308	0.01656	0.01082	0.00730	0.01235
21	0.04331	0.01756	0.02382	0.01881	0.02625	0.01531	0.01531	0.04786	0.03214	0.43872	0.14502	0.04782	0.04415	0.01582	0.01173	0.00349	0.00869	0.01320	0.01361	0.01738
22	0.02462	0.02462	0.03447	0.02955	0.02955	0.03447	0.02462	0.02709	0.01724	0.02709	0.01477	0.02462	0.01477	0.01970	0.03694	0.00492	0.58385	0.00985	0.00492	0.01231
23	0.02663	0.04300	0.33971	0.03016	0.04323	0.02315	0.09422	0.03697	0.02639	0.11489	0.08396	0.03397	0.02753	0.01248	0.01144	0.00358	0.01453	0.01085	0.00719	0.01612
24	0.02576	0.01993	0.02359	0.01697	0.02686	0.01514	0.01362	0.03071	0.02413	0.08179	0.02218	0.02468	0.01767	0.00883	0.00860	0.00183	0.00845	0.00708	0.00732	0.61486
25	0.05050	0.01915	0.02612	0.02003	0.02873	0.01654	0.01654	0.05485	0.03221	0.54203	0.04440	0.03831	0.02786	0.01393	0.01132	0.00348	0.00958	0.01132	0.01393	0.01915
26	0.01460	0.01048	0.01386	0.01507	0.01652	0.00974	0.01052	0.01791	0.02569	0.03531	0.24913	0.39124	0.08718	0.03035	0.01393	0.00416	0.00604	0.02733	0.01123	0.00974
27	0.03427	0.20539	0.17237	0.07783	0.03880	0.02820	0.02534	0.04098	0.02628	0.20610	0.02714	0.02768	0.01906	0.01154	0.00993	0.00321	0.01268	0.00883	0.00795	0.01644
28	0.03893	0.01610	0.02151	0.01807	0.02428	0.01420	0.01426	0.04280	0.02885	0.37198	0.04782	0.17070	0.03896	0.01889	0.01170	0.00366	0.00843	0.01612	0.07680	0.01594
29	0.04750	0.01982	0.02603	0.02041	0.02880	0.01807	0.01671	0.05551	0.09633	0.47616	0.04459	0.03880	0.02873	0.01411	0.01134	0.00353	0.00949	0.01151	0.01360	0.01898
30	0.03240	0.07378	0.08472	0.15803	0.10254	0.02747	0.02572	0.11754	0.09519	0.12806	0.02863	0.03072	0.02070	0.01230	0.01090	0.00348	0.01255	0.01014	0.00847	0.01665
31	0.17357	0.02676	0.10214	0.02732	0.07932	0.02157	0.05797	0.04431	0.02728	0.28301	0.03122	0.03054	0.02094	0.01205	0.01047	0.00351	0.01147	0.00985	0.00978	0.01693
32	0.01401	0.01023	0.01326	0.01556	0.01674	0.00948	0.01082	0.01632	0.02237	0.02931	0.06795	0.50306	0.12717	0.03414	0.01433	0.00453	0.00673	0.06425	0.01044	0.00928
33	0.01371	0.00979	0.01306	0.01567	0.01632	0.00914	0.01045	0.01567	0.02155	0.02873	0.06203	0.59710	0.07444	0.03526	0.01437	0.00457	0.00653	0.03200	0.01045	0.00914
34	0.19363	0.03020	0.09559	0.10565	0.07463	0.08681	0.02262	0.07793	0.02723	0.09015	0.03018	0.03249	0.06195	0.01294	0.01016	0.00347	0.01254	0.00985	0.00754	0.01444

[dist]
# distance from previous block
# <min> <max>
0	2

[block]
# block no. 6 follows, 11 sequences, length 38
# corresponding to MSA columns:
# 796-833
name=unknown_G
#
# <colnr> <probs for GDERKNQSTAVLIFYWHMCP>
#	G	D	E	R	K	N	Q	S	T	A	V	L	I	F	Y	W	H	M	C	P
0	0.52541	0.02292	0.01936	0.01701	0.02403	0.02645	0.01384	0.07352	0.10379	0.05152	0.02155	0.02289	0.01640	0.01149	0.00804	0.00353	0.00903	0.00751	0.00804	0.01366
1	0.02593	0.01662	0.02075	0.01639	0.02335	0.01365	0.01294	0.03092	0.02833	0.14020	0.21725	0.04930	0.05278	0.01500	0.01080	0.00274	0.00744	0.01277	0.01028	0.29257
2	0.59762	0.02141	0.01785	0.01551	0.02272	0.02406	0.01278	0.03605	0.02093	0.11749	0.01959	0.02101	0.01433	0.01092	0.00756	0.00348	0.00883	0.00681	0.00791	0.01314
3	0.08343	0.02260	0.03404	0.14664	0.19342	0.02446	0.02575	0.03799	0.02522	0.17704	0.02618	0.03004	0.01924	0.01271	0.01437	0.00369	0.08933	0.01006	0.00783	0.01596
4	0.46594	0.08441	0.02380	0.01742	0.02477	0.02854	0.01456	0.08054	0.09016	0.04946	0.02085	0.02232	0.01610	0.01131	0.00801	0.00341	0.00943	0.00737	0.00776	0.01385
5	0.01955	0.00978	0.01466	0.01466	0.01466	0.00978	0.00978	0.01466	0.01466	0.01955	0.01955	0.03421	0.01955	0.03910	0.04399	0.67253	0.00978	0.00978	0.00489	0.00489
6	0.13683	0.01951	0.02481	0.01931	0.02778	0.01773	0.01595	0.05189	0.03043	0.47504	0.04049	0.03558	0.02573	0.01346	0.01073	0.00348	0.00946	0.01061	0.01298	0.01821
7	0.08724	0.14688	0.10230	0.02893	0.10029	0.03018	0.02315	0.08016	0.16192	0.08742	0.02886	0.02933	0.02179	0.01215	0.01005	0.00334	0.01147	0.00953	0.00827	0.01673
8	0.02126	0.02001	0.03376	0.57739	0.07752	0.02501	0.03126	0.02876	0.02251	0.02876	0.02001	0.03001	0.01500	0.01125	0.01125	0.00375	0.01500	0.01000	0.00500	0.01250
9	0.01908	0.01220	0.01606	0.01470	0.01790	0.01116	0.01116	0.02431	0.03189	0.09048	0.48414	0.07990	0.09905	0.02218	0.01310	0.00353	0.00570	0.01953	0.01253	0.01140
10	0.01637	0.01091	0.01228	0.01228	0.01228	0.01091	0.00682	0.01637	0.01637	0.02182	0.03546	0.07365	0.04092	0.60445	0.05729	0.01091	0.01091	0.01637	0.00682	0.00682
11	0.01620	0.01160	0.01575	0.01575	0.01695	0.01280	0.01115	0.01860	0.01740	0.02439	0.03229	0.05607	0.03329	0.29386	0.35743	0.01520	0.02240	0.01379	0.00635	0.00875
12	0.04152	0.03090	0.03306	0.02564	0.03442	0.03431	0.02109	0.45920	0.09249	0.06889	0.02864	0.02831	0.02045	0.01366	0.01128	0.00342	0.01209	0.01036	0.01128	0.01903
13	0.03285	0.53124	0.05454	0.01936	0.02887	0.04075	0.01889	0.03656	0.02413	0.09612	0.01953	0.02079	0.01626	0.01021	0.00778	0.00255	0.01170	0.00673	0.00605	0.01508
14	0.03611	0.33035	0.04534	0.02416	0.03186	0.30382	0.02051	0.03937	0.02742	0.02702	0.01653	0.01918	0.01447	0.01062	0.00870	0.00266	0.01620	0.00664	0.00531	0.01374
15	0.68395	0.02177	0.01654	0.01480	0.02177	0.02525	0.01219	0.03309	0.01915	0.05050	0.01567	0.01828	0.01219	0.01045	0.00697	0.00348	0.00871	0.00609	0.00697	0.01219
16	0.04279	0.03153	0.03378	0.02590	0.03490	0.03490	0.02139	0.49671	0.05292	0.07093	0.02702	0.02702	0.01914	0.01351	0.01126	0.00338	0.01239	0.01013	0.01126	0.01914
17	0.02999	0.02517	0.02658	0.02331	0.03003	0.02893	0.01830	0.11883	0.45163	0.05030	0.04327	0.03997	0.03230	0.01503	0.01143	0.00376	0.00938	0.01237	0.01143	0.01799
18	0.05050	0.01915	0.02612	0.02003	0.02873	0.01654	0.01654	0.05485	0.03221	0.54203	0.04440	0.03831	0.02786	0.01393	0.01132	0.00348	0.00958	0.01132	0.01393	0.01915
19	0.01836	0.01465	0.01698	0.01666	0.02048	0.01472	0.01316	0.02897	0.13858	0.03908	0.20655	0.08997	0.20317	0.02443	0.01332	0.00400	0.00724	0.10657	0.01122	0.01189
20	0.02257	0.05822	0.54613	0.03208	0.04871	0.02614	0.04158	0.03564	0.02376	0.03564	0.02020	0.02376	0.01426	0.01069	0.01069	0.00356	0.01663	0.00832	0.00475	0.01663
21	0.01557	0.01149	0.01455	0.01379	0.01660	0.01047	0.01034	0.02055	0.03102	0.04315	0.47233	0.08735	0.16340	0.02375	0.01328	0.00358	0.00536	0.02081	0.01213	0.01047
22	0.19464	0.01975	0.02394	0.01884	0.02715	0.01852	0.01555	0.04990	0.02924	0.43019	0.03787	0.03375	0.02430	0.01314	0.01033	0.00348	0.00938	0.01013	0.01235	0.01757
23	0.01410	0.01035	0.01323	0.01479	0.01627	0.00948	0.01022	0.01684	0.02416	0.03222	0.16169	0.42864	0.14279	0.03191	0.01400	0.00426	0.00617	0.02856	0.01083	0.00948
24	0.02786	0.02674	0.04568	0.06908	0.53424	0.02674	0.03454	0.03454	0.02563	0.03677	0.02117	0.02786	0.01783	0.01003	0.01114	0.00334	0.01337	0.01003	0.00557	0.01783
25	0.01814	0.01296	0.01814	0.02073	0.02332	0.01296	0.01814	0.02332	0.02591	0.03368	0.05959	0.12696	0.06478	0.03109	0.01555	0.00518	0.01036	0.45848	0.01036	0.01036
26	0.05050	0.01915	0.02612	0.02003	0.02873	0.01654	0.01654	0.05485	0.03221	0.54203	0.04440	0.03831	0.02786	0.01393	0.01132	0.00348	0.00958	0.01132	0.01393	0.01915
27	0.01576	0.01101	0.01210	0.01210	0.01286	0.01063	0.00716	0.01633	0.01821	0.02353	0.05106	0.08054	0.13795	0.49011	0.04855	0.00950	0.00988	0.01783	0.00754	0.00735
28	0.02126	0.02001	0.03376	0.57739	0.07752	0.02501	0.03126	0.02876	0.02251	0.02876	0.02001	0.03001	0.01500	0.01125	0.01125	0.00375	0.01500	0.01000	0.00500	0.01250
29	0.03289	0.02523	0.04191	0.05007	0.30086	0.02477	0.09120	0.04204	0.07812	0.15368	0.02929	0.03207	0.02175	0.01140	0.01151	0.00349	0.01280	0.01105	0.00812	0.01777
30	0.01694	0.01251	0.01705	0.09114	0.02365	0.01383	0.01245	0.01924	0.01775	0.02413	0.03167	0.05838	0.03334	0.35880	0.21028	0.01221	0.01757	0.01413	0.00632	0.00862
31	0.01607	0.01158	0.01611	0.01761	0.01921	0.01205	0.01353	0.01945	0.02120	0.02865	0.04827	0.22421	0.05316	0.10912	0.19479	0.00977	0.01573	0.15130	0.00862	0.00956
32	0.02752	0.01648	0.02234	0.01912	0.02290	0.01741	0.01530	0.03195	0.02882	0.18101	0.28179	0.05842	0.06451	0.01974	0.01781	0.00382	0.13090	0.01555	0.01122	0.01338
33	0.02997	0.41785	0.05028	0.13139	0.03935	0.11081	0.02198	0.03425	0.02403	0.02708	0.01675	0.02073	0.01456	0.01022	0.00842	0.00274	0.01375	0.00698	0.00499	0.01387
34	0.02783	0.02535	0.03337	0.18732	0.18201	0.09554	0.02614	0.03301	0.02495	0.07752	0.02748	0.10568	0.02498	0.01520	0.01371	0.00371	0.06245	0.01274	0.00682	0.01419
35	0.59471	0.02153	0.01746	0.01505	0.02243	0.02387	0.01234	0.03244	0.01972	0.04863	0.01626	0.01897	0.01279	0.01016	0.00715	0.00324	0.00866	0.00617	0.00693	0.10149
36	0.10800	0.02249	0.11969	0.01933	0.02371	0.01743	0.01734	0.02306	0.01969	0.03078	0.03455	0.20558	0.03770	0.13717	0.02553	0.05889	0.06440	0.01695	0.00719	0.01052
37	0.02095	0.01396	0.01710	0.01668	0.01980	0.01353	0.01225	0.08487	0.02898	0.07868	0.14786	0.32929	0.11656	0.02764	0.01339	0.00405	0.00725	0.02437	0.01120	0.01160

[dist]
# distance from previous block
# <min> <max>
0	30

[block]
# block no. 7 follows, 11 sequences, length 57
# corresponding to MSA columns:
# 864-920
name=unknown_H
#
# <colnr> <probs for GDERKNQSTAVLIFYWHMCP>
#	G	D	E	R	K	N	Q	S	T	A	V	L	I	F	Y	W	H	M	C	P
0	0.14463	0.08286	0.08297	0.01963	0.02848	0.02261	0.01781	0.07603	0.02703	0.18407	0.02776	0.03094	0.02093	0.06253	0.01357	0.00371	0.01058	0.00914	0.00880	0.12594
1	0.18050	0.08016	0.07942	0.01970	0.02565	0.06965	0.01707	0.07026	0.02514	0.03819	0.03496	0.23972	0.03712	0.02021	0.01088	0.00374	0.01042	0.01664	0.00814	0.01244
2	0.18003	0.01959	0.02179	0.02067	0.06976	0.01877	0.01456	0.03195	0.06724	0.04226	0.07085	0.03193	0.02700	0.01150	0.00896	0.00272	0.00832	0.00908	0.07901	0.26401
3	0.02610	0.04333	0.30196	0.03656	0.09964	0.02645	0.11359	0.08474	0.02756	0.03976	0.02147	0.02565	0.01590	0.01048	0.01102	0.00337	0.01540	0.00939	0.00590	0.08174
4	0.01409	0.01009	0.01340	0.01541	0.01641	0.00940	0.01048	0.01663	0.02332	0.03155	0.14227	0.50881	0.07991	0.03315	0.01418	0.00439	0.00632	0.02999	0.01078	0.00940
5	0.02152	0.02819	0.13932	0.19311	0.05280	0.02271	0.15420	0.02960	0.02398	0.03249	0.03057	0.12587	0.02875	0.01603	0.01253	0.00397	0.01470	0.04990	0.00643	0.01334
6	0.01538	0.01148	0.01429	0.01359	0.01648	0.01039	0.01019	0.02018	0.03057	0.04207	0.44221	0.08911	0.19420	0.02415	0.01328	0.00359	0.00539	0.02106	0.01199	0.01039
7	0.01432	0.01045	0.01347	0.01481	0.01636	0.00961	0.01031	0.01734	0.02496	0.03368	0.20300	0.39931	0.12873	0.03102	0.01394	0.00419	0.00609	0.02779	0.01101	0.00961
8	0.44331	0.02077	0.02018	0.01679	0.02441	0.02194	0.01384	0.04135	0.02412	0.23723	0.02659	0.02589	0.01814	0.01177	0.00862	0.00348	0.00904	0.00808	0.00961	0.01484
9	0.01371	0.00979	0.01306	0.01567	0.01632	0.00914	0.01045	0.01567	0.02155	0.02873	0.06203	0.59710	0.07444	0.03526	0.01437	0.00457	0.00653	0.03200	0.01045	0.00914
10	0.02932	0.25045	0.09294	0.07788	0.03993	0.03295	0.09497	0.04070	0.12127	0.07602	0.02592	0.02801	0.01994	0.01133	0.01003	0.00322	0.01298	0.00949	0.00703	0.01563
11	0.43342	0.09511	0.11952	0.01975	0.02866	0.07633	0.01921	0.03470	0.02157	0.04308	0.01666	0.01945	0.01302	0.01051	0.00797	0.00333	0.01158	0.00660	0.00622	0.01333
12	0.21963	0.02456	0.02643	0.02084	0.02918	0.02588	0.01720	0.21680	0.03653	0.22956	0.03000	0.02858	0.02029	0.01283	0.01011	0.00344	0.01041	0.00945	0.01102	0.01726
13	0.01608	0.01206	0.01809	0.01809	0.02010	0.01407	0.01407	0.02010	0.01809	0.02613	0.03015	0.04422	0.02814	0.08441	0.55984	0.01809	0.03015	0.01206	0.00603	0.01005
14	0.02462	0.02462	0.03447	0.02955	0.02955	0.03447	0.02462	0.02709	0.01724	0.02709	0.01477	0.02462	0.01477	0.01970	0.03694	0.00492	0.58385	0.00985	0.00492	0.01231
15	0.68395	0.02177	0.01654	0.01480	0.02177	0.02525	0.01219	0.03309	0.01915	0.05050	0.01567	0.01828	0.01219	0.01045	0.00697	0.00348	0.00871	0.00609	0.00697	0.01219
16	0.03009	0.61122	0.05898	0.01926	0.02889	0.04454	0.01926	0.03370	0.02287	0.02648	0.01565	0.01805	0.01444	0.00963	0.00722	0.00241	0.01204	0.00602	0.00481	0.01444
17	0.02800	0.02418	0.02545	0.02291	0.02927	0.02800	0.01782	0.05981	0.51390	0.04708	0.04581	0.04199	0.03436	0.01527	0.01145	0.00382	0.00891	0.01273	0.01145	0.01782
18	0.01371	0.00979	0.01306	0.01567	0.01632	0.00914	0.01045	0.01567	0.02155	0.02873	0.06203	0.59710	0.07444	0.03526	0.01437	0.00457	0.00653	0.03200	0.01045	0.00914
19	0.68395	0.02177	0.01654	0.01480	0.02177	0.02525	0.01219	0.03309	0.01915	0.05050	0.01567	0.01828	0.01219	0.01045	0.00697	0.00348	0.00871	0.00609	0.00697	0.01219
20	0.04286	0.02000	0.02488	0.01992	0.02759	0.01922	0.01618	0.08534	0.11571	0.36788	0.04253	0.03850	0.02844	0.01404	0.01096	0.00344	0.00920	0.01138	0.08393	0.01799
21	0.02014	0.01709	0.02960	0.02707	0.03175	0.01664	0.13095	0.02634	0.02607	0.03425	0.05085	0.10403	0.05345	0.02596	0.01501	0.00485	0.01241	0.35280	0.00926	0.01151
22	0.02939	0.55938	0.10465	0.02046	0.03075	0.04281	0.02135	0.03388	0.02295	0.02734	0.01607	0.01859	0.01443	0.00973	0.00755	0.00252	0.01247	0.00623	0.00481	0.01465
23	0.02850	0.01395	0.01795	0.01716	0.02154	0.01319	0.01430	0.03346	0.02699	0.18448	0.04765	0.07319	0.04221	0.02018	0.01179	0.00385	0.00845	0.18092	0.22729	0.01297
24	0.01997	0.01867	0.03456	0.02680	0.03277	0.01740	0.19401	0.02687	0.02985	0.04168	0.33625	0.06367	0.07234	0.01787	0.01328	0.00364	0.01050	0.01767	0.00985	0.01235
25	0.04821	0.02283	0.02840	0.02177	0.03057	0.02200	0.01798	0.18617	0.03837	0.40202	0.03924	0.03495	0.02527	0.01381	0.01130	0.00345	0.01041	0.01097	0.01314	0.01915
26	0.02334	0.02001	0.02334	0.01667	0.02667	0.01500	0.01334	0.02834	0.02334	0.03668	0.02001	0.02334	0.01667	0.00834	0.00834	0.00167	0.00834	0.00667	0.00667	0.67325
27	0.04279	0.03153	0.03378	0.02590	0.03490	0.03490	0.02139	0.49671	0.05292	0.07093	0.02702	0.02702	0.01914	0.01351	0.01126	0.00338	0.01239	0.01013	0.01126	0.01914
28	0.01700	0.01305	0.01617	0.01432	0.01844	0.01130	0.01089	0.02199	0.02962	0.04198	0.39011	0.07559	0.13591	0.02092	0.01237	0.00323	0.00591	0.01822	0.01113	0.13185
29	0.01631	0.01114	0.01344	0.01344	0.01384	0.01154	0.00827	0.01711	0.01671	0.02268	0.03440	0.06778	0.03837	0.50065	0.15759	0.01234	0.01475	0.01551	0.00666	0.00746
30	0.03671	0.04245	0.02945	0.02668	0.03270	0.35744	0.02025	0.05059	0.21501	0.03497	0.02819	0.02854	0.02204	0.01299	0.01064	0.00325	0.01597	0.00933	0.00795	0.01486
31	0.68395	0.02177	0.01654	0.01480	0.02177	0.02525	0.01219	0.03309	0.01915	0.05050	0.01567	0.01828	0.01219	0.01045	0.00697	0.00348	0.00871	0.00609	0.00697	0.01219
32	0.02471	0.02126	0.02820	0.21834	0.04577	0.02075	0.02063	0.07948	0.02626	0.03757	0.02077	0.02613	0.01634	0.00994	0.00970	0.00260	0.01116	0.00824	0.00657	0.36558
33	0.01583	0.01212	0.01672	0.07701	0.02456	0.01176	0.01372	0.01898	0.02224	0.02993	0.05349	0.43797	0.06189	0.02985	0.01361	0.00428	0.00799	0.06955	0.00951	0.06899
