[name]
unknown

[dist]
# distance from previous block
# <min> <max>
0	42

[block]
# block no. 0 follows, 13 sequences, length 31
# corresponding to MSA columns:
# 42-72
name=unknown_A
#
# <colnr> <probs for GDERKNQSTAVLIFYWHMCP>
#	G	D	E	R	K	N	Q	S	T	A	V	L	I	F	Y	W	H	M	C	P
0	0.01531	0.01104	0.01462	0.01434	0.01683	0.01035	0.01117	0.02028	0.02898	0.04058	0.47227	0.08578	0.09319	0.02290	0.01283	0.00359	0.00579	0.09888	0.01132	0.00994
1	0.49644	0.01983	0.01788	0.01489	0.02214	0.02095	0.01220	0.03318	0.02037	0.11821	0.01918	0.02061	0.01422	0.00994	0.00733	0.00298	0.00823	0.00650	0.00741	0.12751
2	0.02949	0.03017	0.03556	0.07719	0.07429	0.16094	0.10649	0.10373	0.02726	0.03486	0.01996	0.02539	0.01611	0.01242	0.01549	0.00341	0.14089	0.00933	0.06369	0.01335
3	0.02079	0.01156	0.01373	0.01276	0.01414	0.01114	0.00795	0.02148	0.01789	0.11329	0.03473	0.06358	0.03637	0.52447	0.04652	0.00907	0.01004	0.01457	0.00753	0.00836
4	0.02556	0.02205	0.02357	0.02053	0.02708	0.02424	0.01602	0.05119	0.45528	0.04258	0.03894	0.03649	0.02947	0.01324	0.01026	0.00324	0.00828	0.01099	0.01000	0.13098
5	0.12713	0.02337	0.02687	0.02131	0.02781	0.02568	0.01758	0.19400	0.03046	0.12535	0.02277	0.02476	0.01703	0.01278	0.01474	0.00324	0.13845	0.00855	0.00838	0.12973
6	0.14221	0.05748	0.05818	0.01800	0.02617	0.02044	0.01557	0.10530	0.02627	0.10312	0.02530	0.07973	0.02140	0.01212	0.00897	0.00271	0.00913	0.00949	0.00789	0.25056
7	0.08605	0.07458	0.16166	0.02408	0.03273	0.13752	0.02280	0.07513	0.20468	0.03850	0.02654	0.02701	0.02009	0.01179	0.00972	0.00322	0.01264	0.00884	0.00741	0.01502
8	0.02764	0.26048	0.14824	0.17473	0.04288	0.02946	0.02487	0.03389	0.02292	0.11174	0.02083	0.02395	0.01563	0.01028	0.00903	0.00297	0.01255	0.00785	0.00589	0.01419
9	0.01641	0.01387	0.01874	0.01709	0.02074	0.01339	0.05900	0.02410	0.10281	0.03422	0.18066	0.20386	0.20668	0.02354	0.01246	0.00369	0.00709	0.02093	0.00995	0.01077
10	0.03915	0.13294	0.03288	0.02444	0.03089	0.40765	0.01925	0.04220	0.02874	0.11761	0.02038	0.02161	0.01573	0.01099	0.00931	0.00275	0.01620	0.00728	0.00660	0.01342
11	0.01404	0.00931	0.01186	0.01390	0.01483	0.00880	0.00941	0.01640	0.02057	0.02909	0.05426	0.52319	0.06269	0.02961	0.01246	0.00398	0.00593	0.02664	0.12423	0.00880
12	0.01762	0.01392	0.01488	0.01348	0.01768	0.01315	0.01042	0.10253	0.02948	0.03749	0.17433	0.08475	0.38433	0.02347	0.01217	0.00346	0.00635	0.01958	0.01027	0.01064
13	0.01680	0.01380	0.01764	0.11344	0.02670	0.01429	0.01373	0.02505	0.09876	0.03672	0.28573	0.07037	0.18643	0.01998	0.01192	0.00345	0.00709	0.01725	0.00990	0.01097
14	0.04439	0.02288	0.02756	0.02113	0.02943	0.02280	0.01746	0.25167	0.03845	0.35808	0.03484	0.03153	0.02273	0.01292	0.01061	0.00323	0.01011	0.01016	0.01203	0.01799
15	0.02468	0.02239	0.03724	0.10809	0.43932	0.02283	0.02866	0.03084	0.02353	0.03451	0.02182	0.02821	0.01794	0.00993	0.01005	0.00308	0.01164	0.00948	0.10044	0.01531
16	0.03191	0.02162	0.02288	0.01847	0.02451	0.02351	0.01496	0.32396	0.03857	0.05563	0.02907	0.03106	0.02167	0.01254	0.00929	0.00289	0.00892	0.00965	0.28418	0.01469
17	0.02755	0.02533	0.02448	0.02206	0.02798	0.07922	0.01708	0.05486	0.49482	0.04249	0.04051	0.03752	0.03051	0.01402	0.01064	0.00350	0.00938	0.01147	0.01026	0.01631
18	0.02129	0.02063	0.03467	0.42928	0.10034	0.02533	0.06103	0.02760	0.02077	0.02776	0.01821	0.02721	0.01438	0.01172	0.01476	0.00368	0.11473	0.00958	0.00477	0.01225
19	0.01302	0.00998	0.01195	0.01304	0.01501	0.00890	0.00918	0.01560	0.02300	0.02968	0.14453	0.35470	0.25498	0.02920	0.01298	0.00389	0.00569	0.02569	0.01007	0.00890
20	0.02121	0.05469	0.57364	0.03014	0.04576	0.02455	0.03906	0.03348	0.02232	0.03348	0.01897	0.02232	0.01339	0.01005	0.01005	0.00335	0.01563	0.00781	0.00446	0.01563
21	0.01314	0.01074	0.01161	0.01139	0.01468	0.00920	0.00854	0.01643	0.02563	0.03219	0.22502	0.09578	0.43800	0.02542	0.01249	0.00351	0.00526	0.02148	0.01030	0.00920
22	0.02037	0.01808	0.02480	0.10231	0.03003	0.02251	0.01876	0.06485	0.02126	0.02946	0.03483	0.04182	0.10928	0.03321	0.16082	0.00720	0.23096	0.01201	0.00627	0.01117
23	0.02099	0.01810	0.02436	0.17880	0.07607	0.02048	0.01964	0.03504	0.20917	0.03530	0.08151	0.13486	0.03953	0.01739	0.01148	0.00370	0.00966	0.04218	0.00859	0.01314
24	0.01285	0.00933	0.01214	0.01438	0.01525	0.00862	0.00966	0.01476	0.02057	0.02712	0.06241	0.57747	0.11131	0.03259	0.01341	0.00423	0.00607	0.02940	0.00982	0.00862
25	0.12173	0.02298	0.02396	0.02112	0.02695	0.02689	0.01672	0.08827	0.39326	0.04515	0.03561	0.03406	0.02692	0.01387	0.01184	0.00358	0.05093	0.01070	0.00972	0.01573
26	0.03007	0.02211	0.07492	0.01857	0.02748	0.01659	0.01632	0.07375	0.02649	0.19196	0.02893	0.07076	0.02271	0.01183	0.00949	0.00256	0.00909	0.00970	0.00869	0.32798
27	0.02644	0.12729	0.31227	0.03003	0.04260	0.02745	0.13092	0.07422	0.02552	0.07474	0.02105	0.02407	0.01527	0.01011	0.01016	0.00322	0.01464	0.00879	0.00578	0.01542
28	0.70310	0.02045	0.01554	0.01390	0.02045	0.02372	0.01145	0.03108	0.01799	0.04744	0.01472	0.01718	0.01145	0.00981	0.00654	0.00327	0.00818	0.00573	0.00654	0.01145
29	0.01288	0.00920	0.01227	0.01472	0.01534	0.00859	0.00981	0.01472	0.02024	0.02699	0.05828	0.62152	0.06993	0.03312	0.01350	0.00429	0.00613	0.03006	0.00981	0.00859
30	0.02473	0.02869	0.10062	0.08707	0.11250	0.02556	0.30870	0.06658	0.02547	0.03501	0.02154	0.02831	0.01658	0.01439	0.05175	0.00440	0.01699	0.01114	0.00559	0.01441

[dist]
# distance from previous block
# <min> <max>
0	6

[block]
# block no. 1 follows, 13 sequences, length 20
# corresponding to MSA columns:
# 79-98
name=unknown_B
#
# <colnr> <probs for GDERKNQSTAVLIFYWHMCP>
#	G	D	E	R	K	N	Q	S	T	A	V	L	I	F	Y	W	H	M	C	P
0	0.19248	0.02062	0.02065	0.01676	0.02402	0.06221	0.01329	0.03318	0.02326	0.15201	0.02644	0.08231	0.02207	0.01217	0.00882	0.00271	0.00890	0.00945	0.00809	0.26056
1	0.01600	0.01196	0.01510	0.01470	0.01754	0.01154	0.01144	0.02280	0.06996	0.03989	0.40658	0.08356	0.12273	0.02256	0.01266	0.00360	0.00600	0.08981	0.01115	0.01041
2	0.01767	0.01194	0.01634	0.01757	0.01927	0.01220	0.01357	0.02064	0.02193	0.07012	0.05261	0.37325	0.05912	0.02917	0.01538	0.00442	0.05757	0.16770	0.00961	0.00991
3	0.02679	0.51362	0.16365	0.02061	0.03103	0.03823	0.02247	0.03204	0.02166	0.02667	0.01559	0.01808	0.01353	0.00925	0.00747	0.00249	0.01221	0.00610	0.00451	0.01400
4	0.01602	0.01197	0.01503	0.01435	0.01705	0.01165	0.01071	0.02346	0.08594	0.04109	0.45105	0.12772	0.08935	0.02194	0.01238	0.00345	0.00548	0.01940	0.01136	0.01059
5	0.02438	0.01917	0.02235	0.01655	0.02548	0.01556	0.01323	0.03182	0.08042	0.07680	0.02325	0.02495	0.01831	0.00896	0.00837	0.00192	0.00798	0.00723	0.00729	0.56599
6	0.01321	0.01059	0.01180	0.01182	0.01480	0.00918	0.00874	0.01644	0.02532	0.03221	0.22576	0.14694	0.38401	0.02599	0.01259	0.00357	0.00533	0.02220	0.01032	0.00918
7	0.01742	0.01504	0.01822	0.01796	0.02019	0.06758	0.01390	0.02110	0.01822	0.02467	0.02718	0.03940	0.02522	0.07280	0.53175	0.01564	0.02744	0.01090	0.00564	0.00971
8	0.70310	0.02045	0.01554	0.01390	0.02045	0.02372	0.01145	0.03108	0.01799	0.04744	0.01472	0.01718	0.01145	0.00981	0.00654	0.00327	0.00818	0.00573	0.00654	0.01145
9	0.02288	0.02350	0.03145	0.51716	0.06684	0.10735	0.02803	0.02928	0.02246	0.02684	0.01843	0.02683	0.01402	0.01062	0.01042	0.00340	0.01484	0.00901	0.00481	0.01182
10	0.01331	0.01074	0.01184	0.01157	0.01478	0.00927	0.00868	0.01675	0.02603	0.03313	0.25572	0.09423	0.40671	0.02507	0.01249	0.00349	0.00523	0.02126	0.01042	0.00927
11	0.04459	0.02256	0.02736	0.02098	0.02927	0.02232	0.01733	0.23845	0.03790	0.37207	0.03530	0.03182	0.02295	0.01293	0.01061	0.00323	0.01003	0.01020	0.01210	0.01799
12	0.03415	0.01916	0.02322	0.01972	0.02612	0.01946	0.01598	0.08497	0.19225	0.26113	0.08523	0.04904	0.03740	0.01595	0.01126	0.00354	0.00876	0.06499	0.01166	0.01601
13	0.01474	0.01054	0.01435	0.01647	0.01799	0.01015	0.01270	0.01809	0.02282	0.03035	0.10619	0.36892	0.06925	0.03044	0.01384	0.00443	0.00745	0.21217	0.00996	0.00918
14	0.02614	0.03297	0.17281	0.12308	0.15014	0.02645	0.15345	0.11619	0.02779	0.03846	0.02081	0.02598	0.01558	0.01017	0.01090	0.00336	0.01468	0.00980	0.00590	0.01534
15	0.01578	0.01001	0.01338	0.01495	0.01630	0.00924	0.01028	0.01802	0.02171	0.07129	0.09158	0.53721	0.06852	0.03073	0.01320	0.00415	0.00628	0.02775	0.01020	0.00943
16	0.01654	0.01027	0.01169	0.01163	0.01265	0.01037	0.00749	0.01857	0.01840	0.02762	0.06847	0.05920	0.03839	0.36906	0.08229	0.00816	0.00990	0.01374	0.19770	0.00787
17	0.07392	0.02428	0.09397	0.36088	0.10064	0.02354	0.07540	0.03073	0.02223	0.06605	0.02034	0.02709	0.01501	0.01037	0.01039	0.00344	0.01372	0.00932	0.00546	0.01320
18	0.14836	0.01895	0.02042	0.01574	0.02383	0.01677	0.01256	0.02982	0.07121	0.03831	0.05557	0.02644	0.02196	0.00972	0.00817	0.00219	0.00776	0.00755	0.00709	0.45758
19	0.09237	0.01954	0.02995	0.21986	0.09543	0.02029	0.06172	0.03398	0.02442	0.16630	0.06587	0.03240	0.02396	0.01154	0.01031	0.00326	0.01130	0.01014	0.00769	0.05967

[dist]
# distance from previous block
# <min> <max>
4	10

[block]
# block no. 2 follows, 13 sequences, length 73
# corresponding to MSA columns:
# 109-181
name=unknown_C
#
# <colnr> <probs for GDERKNQSTAVLIFYWHMCP>
#	G	D	E	R	K	N	Q	S	T	A	V	L	I	F	Y	W	H	M	C	P
0	0.07120	0.26674	0.13864	0.09425	0.03832	0.02997	0.07355	0.03261	0.02235	0.06742	0.01881	0.02215	0.01473	0.00964	0.00873	0.00283	0.01247	0.00758	0.00547	0.06253
1	0.01770	0.01608	0.01925	0.16135	0.03178	0.07278	0.01626	0.02114	0.02177	0.02721	0.04400	0.37651	0.04964	0.02497	0.01244	0.00398	0.00970	0.05552	0.00809	0.00983
2	0.01314	0.00940	0.01250	0.01455	0.01539	0.00876	0.00983	0.01536	0.02143	0.02888	0.11942	0.55499	0.07359	0.03171	0.01337	0.00418	0.00599	0.02872	0.01004	0.00876
3	0.01501	0.01039	0.01286	0.01303	0.01372	0.01054	0.00838	0.01646	0.01797	0.02459	0.09940	0.12609	0.04736	0.39522	0.13521	0.00990	0.01224	0.01675	0.00729	0.00760
4	0.01335	0.01021	0.01225	0.01287	0.01509	0.00911	0.00922	0.01641	0.02445	0.03205	0.22124	0.27647	0.25412	0.02749	0.01284	0.00375	0.00552	0.02409	0.01035	0.00911
5	0.02147	0.01479	0.01767	0.01746	0.02069	0.01530	0.01279	0.05954	0.15794	0.08887	0.05071	0.37661	0.05270	0.02504	0.01233	0.00394	0.00733	0.02220	0.01044	0.01220
6	0.02449	0.02539	0.09030	0.02172	0.02851	0.02438	0.01877	0.04962	0.42588	0.04272	0.09371	0.04147	0.03700	0.01458	0.01085	0.00353	0.00891	0.01219	0.01008	0.01589
7	0.02207	0.12583	0.51009	0.02866	0.04348	0.02667	0.03649	0.03326	0.02222	0.03243	0.01845	0.02167	0.01342	0.00992	0.00965	0.00322	0.01510	0.00755	0.00447	0.01537
8	0.02225	0.02119	0.03549	0.38504	0.23276	0.02463	0.02997	0.02872	0.02178	0.02941	0.01883	0.02717	0.01496	0.01072	0.01217	0.00347	0.05377	0.00939	0.00487	0.01340
9	0.02200	0.02252	0.02030	0.01975	0.02255	0.18000	0.01498	0.02527	0.02111	0.02518	0.02786	0.09383	0.02710	0.05464	0.35988	0.01154	0.02337	0.01191	0.00602	0.01018
10	0.11752	0.02304	0.03066	0.13926	0.21439	0.05382	0.02422	0.09067	0.02624	0.03790	0.02572	0.04093	0.02317	0.01358	0.01063	0.00351	0.01199	0.09214	0.00676	0.01383
11	0.01503	0.01018	0.01189	0.01211	0.01244	0.01002	0.00720	0.01577	0.01749	0.02358	0.09102	0.13794	0.04870	0.49209	0.04456	0.00880	0.00920	0.01757	0.00737	0.00705
12	0.02679	0.01352	0.01530	0.01364	0.01775	0.01344	0.01049	0.03457	0.09413	0.16277	0.03726	0.04063	0.02835	0.05438	0.01174	0.00333	0.00670	0.01069	0.39206	0.01246
13	0.01684	0.01127	0.01444	0.01338	0.01637	0.01023	0.01013	0.02151	0.02930	0.07578	0.47279	0.07866	0.14584	0.02162	0.01235	0.00335	0.00529	0.01891	0.01153	0.01039
14	0.01288	0.00920	0.01227	0.01472	0.01534	0.00859	0.00981	0.01472	0.02024	0.02699	0.05828	0.62152	0.06993	0.03312	0.01350	0.00429	0.00613	0.03006	0.00981	0.00859
15	0.10596	0.03084	0.12484	0.03183	0.09599	0.02673	0.11635	0.19766	0.03236	0.10054	0.02348	0.02573	0.01685	0.01092	0.01039	0.00329	0.01289	0.00947	0.00783	0.01606
16	0.01569	0.01086	0.01466	0.01466	0.01608	0.01201	0.01065	0.01853	0.01711	0.02506	0.03041	0.04908	0.02988	0.22631	0.37231	0.01348	0.02064	0.01230	0.08161	0.00863
17	0.02827	0.63478	0.05540	0.01809	0.02714	0.04184	0.01809	0.03166	0.02148	0.02488	0.01470	0.01696	0.01357	0.00905	0.00678	0.00226	0.01131	0.00565	0.00452	0.01357
18	0.03064	0.02967	0.16287	0.02397	0.03461	0.02056	0.07260	0.09585	0.02778	0.17175	0.02562	0.02662	0.01805	0.01038	0.00988	0.00283	0.01150	0.00876	0.00796	0.20810
19	0.03659	0.02763	0.15427	0.02268	0.03153	0.02051	0.02198	0.04504	0.07900	0.33367	0.03360	0.03179	0.02251	0.01307	0.01302	0.00346	0.07312	0.00996	0.00994	0.01664
20	0.03104	0.02699	0.03008	0.03088	0.13035	0.06655	0.02089	0.18124	0.27304	0.04734	0.03193	0.03164	0.02409	0.01272	0.01057	0.00333	0.01080	0.01045	0.00930	0.01677
21	0.45881	0.02924	0.09568	0.02306	0.08194	0.09293	0.01848	0.03291	0.02068	0.04156	0.01604	0.01904	0.01253	0.00994	0.00779	0.00320	0.01098	0.00653	0.00599	0.01267
22	0.02869	0.03888	0.29686	0.02825	0.04011	0.02436	0.08729	0.09089	0.09073	0.12895	0.02672	0.02778	0.01866	0.01123	0.01057	0.00337	0.01346	0.00952	0.00744	0.01625
23	0.01367	0.01017	0.01296	0.01423	0.01593	0.00914	0.00983	0.01612	0.02176	0.02926	0.11260	0.47166	0.11892	0.02957	0.01290	0.00394	0.00605	0.02652	0.00977	0.05499
24	0.02121	0.01633	0.02625	0.09652	0.10214	0.01596	0.07294	0.02663	0.02658	0.09017	0.24656	0.08744	0.09237	0.01734	0.01184	0.00342	0.00905	0.01585	0.00914	0.01225
25	0.02630	0.02271	0.02391	0.02152	0.02749	0.02630	0.01674	0.05618	0.54336	0.04423	0.04303	0.03945	0.03228	0.01434	0.01076	0.00359	0.00837	0.01195	0.01076	0.01674
26	0.01949	0.02168	0.10045	0.38726	0.05544	0.02046	0.02586	0.02676	0.02249	0.03115	0.08655	0.03487	0.02595	0.01205	0.01038	0.00336	0.01217	0.01043	0.08136	0.01184
27	0.04610	0.02014	0.02586	0.01983	0.02806	0.01872	0.01638	0.13922	0.03385	0.47703	0.03870	0.03403	0.02466	0.01301	0.01062	0.00325	0.00948	0.01043	0.01262	0.01799
28	0.03077	0.03155	0.02582	0.02327	0.02746	0.24584	0.01816	0.12555	0.02933	0.03385	0.02696	0.04481	0.02600	0.09875	0.01923	0.00440	0.07642	0.09255	0.00721	0.01205
29	0.70310	0.02045	0.01554	0.01390	0.02045	0.02372	0.01145	0.03108	0.01799	0.04744	0.01472	0.01718	0.01145	0.00981	0.00654	0.00327	0.00818	0.00573	0.00654	0.01145
30	0.02903	0.59531	0.05369	0.01871	0.02751	0.07859	0.01825	0.03237	0.02206	0.02494	0.01481	0.01710	0.01357	0.00917	0.00697	0.00229	0.01183	0.00573	0.00459	0.01348
31	0.02381	0.01259	0.01660	0.01498	0.01885	0.01128	0.01144	0.02786	0.02800	0.19083	0.29556	0.16180	0.10059	0.02146	0.01212	0.00349	0.00636	0.01876	0.01163	0.01198
32	0.03442	0.02732	0.06458	0.12393	0.04088	0.02781	0.05685	0.28901	0.07452	0.11309	0.02678	0.02815	0.01890	0.01208	0.01070	0.00331	0.01218	0.00991	0.00916	0.01643
33	0.02941	0.57548	0.05282	0.01902	0.02770	0.09705	0.01833	0.03273	0.02234	0.02498	0.01487	0.01717	0.01357	0.00923	0.00706	0.00231	0.01209	0.00577	0.00462	0.01344
34	0.02514	0.02643	0.02941	0.26147	0.04745	0.15714	0.05203	0.03449	0.11164	0.03005	0.02730	0.10068	0.02402	0.01395	0.01083	0.00344	0.01356	0.01192	0.00657	0.01247
35	0.01563	0.01295	0.01397	0.01333	0.01708	0.01238	0.01010	0.02388	0.12123	0.03477	0.20333	0.08480	0.35111	0.02325	0.01217	0.00351	0.00582	0.01964	0.01043	0.01062
36	0.70310	0.02045	0.01554	0.01390	0.02045	0.02372	0.01145	0.03108	0.01799	0.04744	0.01472	0.01718	0.01145	0.00981	0.00654	0.00327	0.00818	0.00573	0.00654	0.01145
37	0.02208	0.01992	0.03171	0.54261	0.06864	0.02446	0.02840	0.07922	0.02412	0.03115	0.01948	0.02790	0.01450	0.01079	0.01057	0.00349	0.01384	0.00941	0.00531	0.01240
38	0.02209	0.01933	0.02415	0.01725	0.02672	0.01479	0.04068	0.02702	0.02209	0.03442	0.01894	0.02229	0.01568	0.00789	0.00809	0.00168	0.00838	0.00661	0.00621	0.65570
39	0.02706	0.01607	0.01913	0.01625	0.02108	0.01604	0.01282	0.11818	0.06392	0.14699	0.24933	0.05254	0.05548	0.01647	0.01086	0.00317	0.00712	0.01388	0.12028	0.01331
40	0.02344	0.20126	0.38328	0.02864	0.04202	0.02925	0.08756	0.03306	0.02240	0.03131	0.01814	0.02163	0.01373	0.00966	0.00948	0.00309	0.01476	0.00777	0.00458	0.01494
41	0.03092	0.07504	0.02919	0.02371	0.02788	0.25855	0.01875	0.08765	0.02739	0.03217	0.04967	0.05840	0.02290	0.01458	0.01532	0.00327	0.14744	0.00974	0.05509	0.01233
42	0.70310	0.02045	0.01554	0.01390	0.02045	0.02372	0.01145	0.03108	0.01799	0.04744	0.01472	0.01718	0.01145	0.00981	0.00654	0.00327	0.00818	0.00573	0.00654	0.01145
43	0.02254	0.02386	0.04885	0.03639	0.04496	0.02221	0.37313	0.02994	0.02419	0.03294	0.02919	0.09935	0.02698	0.01378	0.01251	0.00366	0.01493	0.07253	0.00640	0.06167
44	0.01398	0.01114	0.01435	0.07812	0.02197	0.01074	0.01210	0.01703	0.02221	0.02809	0.07165	0.30974	0.24229	0.02789	0.01293	0.00401	0.00712	0.07621	0.00925	0.00919
45	0.55872	0.01901	0.01585	0.01397	0.02023	0.02132	0.01143	0.03250	0.01974	0.10106	0.01974	0.02161	0.01473	0.01043	0.00706	0.00318	0.00790	0.00670	0.08286	0.01196
46	0.02177	0.09296	0.07599	0.01521	0.02120	0.01585	0.01374	0.02573	0.02447	0.12407	0.09579	0.06845	0.28496	0.05735	0.01377	0.00373	0.00805	0.01614	0.00909	0.01167
47	0.01430	0.01052	0.01339	0.01323	0.01553	0.00961	0.00971	0.01847	0.02755	0.03805	0.41602	0.17504	0.15085	0.02423	0.01265	0.00352	0.00523	0.02139	0.01110	0.00961
48	0.02959	0.56752	0.05277	0.01878	0.02777	0.04083	0.01831	0.08673	0.02462	0.02952	0.01589	0.01790	0.01406	0.00945	0.00721	0.00236	0.01134	0.00608	0.00520	0.01406
49	0.02208	0.06374	0.06196	0.08881	0.03243	0.01786	0.01673	0.02747	0.02182	0.03281	0.01852	0.02238	0.01517	0.00840	0.00824	0.00197	0.00935	0.00671	0.00583	0.51770
50	0.06875	0.07787	0.22223	0.03154	0.09642	0.09386	0.08176	0.03791	0.06037	0.09665	0.02281	0.02516	0.01678	0.01053	0.00999	0.00320	0.01394	0.00873	0.00634	0.01516
51	0.09446	0.01295	0.01468	0.07730	0.02169	0.01351	0.01126	0.02887	0.02261	0.10391	0.03157	0.03543	0.02391	0.01196	0.00805	0.00276	0.00678	0.00947	0.45759	0.01123
52	0.02089	0.08725	0.03435	0.53800	0.06774	0.02553	0.02811	0.02753	0.02118	0.02678	0.01834	0.02694	0.01404	0.01040	0.01015	0.00338	0.01378	0.00898	0.00468	0.01195
53	0.02779	0.01433	0.01884	0.01716	0.02154	0.01336	0.01349	0.06351	0.02804	0.22421	0.14189	0.21014	0.05539	0.02208	0.01225	0.00376	0.00777	0.08018	0.01134	0.01293
54	0.01268	0.01076	0.01116	0.01116	0.01461	0.00923	0.00840	0.01544	0.02359	0.02828	0.10148	0.09745	0.52015	0.03053	0.05354	0.00453	0.00700	0.02153	0.00952	0.00896
55	0.47779	0.01882	0.01743	0.01495	0.02142	0.02034	0.01221	0.03448	0.02211	0.16545	0.08110	0.02831	0.02461	0.01187	0.00813	0.00328	0.00801	0.00833	0.00859	0.01277
56	0.01609	0.01158	0.01474	0.01619	0.01779	0.01142	0.01161	0.06748	0.02366	0.03150	0.05470	0.50861	0.06371	0.03064	0.01331	0.00424	0.00707	0.07611	0.00988	0.00966
57	0.02322	0.02374	0.03737	0.07033	0.03548	0.03082	0.10756	0.02697	0.01800	0.02697	0.01548	0.02439	0.01426	0.01635	0.02930	0.00437	0.46881	0.00980	0.00475	0.01203
58	0.01634	0.01028	0.01332	0.01465	0.01639	0.00933	0.01018	0.01851	0.02173	0.08227	0.06258	0.49836	0.12536	0.03031	0.01308	0.00410	0.00633	0.02714	0.01015	0.00958
59	0.01510	0.01133	0.01699	0.01699	0.01888	0.01322	0.01322	0.01888	0.01699	0.02454	0.02832	0.04154	0.02643	0.07930	0.58652	0.01699	0.02832	0.01133	0.00566	0.00944
60	0.02737	0.56956	0.05065	0.01723	0.02559	0.03850	0.01697	0.03093	0.02156	0.02639	0.01676	0.01930	0.01498	0.00939	0.00685	0.00228	0.01064	0.00609	0.07576	0.01318
61	0.70310	0.02045	0.01554	0.01390	0.02045	0.02372	0.01145	0.03108	0.01799	0.04744	0.01472	0.01718	0.01145	0.00981	0.00654	0.00327	0.00818	0.00573	0.00654	0.01145
62	0.01451	0.01110	0.01506	0.01673	0.01749	0.01165	0.01214	0.01676	0.02027	0.02736	0.05307	0.49607	0.06264	0.03104	0.01598	0.00440	0.07356	0.08187	0.00923	0.00905
63	0.01398	0.01004	0.01156	0.01229	0.01328	0.00946	0.00778	0.01514	0.01880	0.02425	0.05745	0.24009	0.16574	0.31563	0.03250	0.00697	0.00792	0.02130	0.00819	0.00762
64	0.02617	0.02512	0.04292	0.06490	0.56246	0.02512	0.03245	0.03245	0.02407	0.03454	0.01989	0.02617	0.01675	0.00942	0.01047	0.00314	0.01256	0.00942	0.00523	0.01675
65	0.01474	0.01073	0.01343	0.01280	0.01510	0.00989	0.00932	0.01886	0.02750	0.03818	0.44270	0.08031	0.14319	0.09660	0.01754	0.00420	0.00567	0.01902	0.01080	0.00942
66	0.01275	0.01072	0.01106	0.01097	0.01443	0.00903	0.00823	0.01566	0.02469	0.02997	0.15275	0.09944	0.51166	0.02625	0.01249	0.00355	0.00532	0.02199	0.01000	0.00903
67	0.02192	0.01879	0.02192	0.01566	0.02506	0.01409	0.01253	0.02662	0.02192	0.03445	0.01879	0.02192	0.01566	0.00783	0.00783	0.00157	0.00783	0.00626	0.00626	0.69305
68	0.01590	0.01082	0.01374	0.01482	0.01675	0.01047	0.01149	0.01959	0.02328	0.03233	0.14319	0.17380	0.09142	0.09952	0.01775	0.00476	0.00747	0.18241	0.10134	0.00916
69	0.09964	0.47188	0.07678	0.01900	0.02808	0.03800	0.01876	0.08677	0.02430	0.03234	0.01612	0.01821	0.01383	0.00959	0.00736	0.00253	0.01125	0.00621	0.00540	0.01395
70	0.02345	0.21157	0.27213	0.08424	0.04154	0.02840	0.06379	0.03157	0.02211	0.03049	0.01788	0.02178	0.01396	0.00948	0.00909	0.00287	0.01352	0.00752	0.00477	0.08983
71	0.02906	0.02530	0.03239	0.26251	0.15085	0.09321	0.02553	0.09010	0.06424	0.08905	0.02350	0.02796	0.01751	0.01115	0.01044	0.00329	0.01321	0.00941	0.00683	0.01447
72	0.62445	0.02110	0.01696	0.01495	0.02157	0.02438	0.01226	0.06022	0.05219	0.04831	0.01706	0.01901	0.01310	0.01025	0.00703	0.00329	0.00838	0.00632	0.00703	0.01214

[dist]
# distance from previous block
# <min> <max>
0	3

[block]
# block no. 3 follows, 13 sequences, length 25
# corresponding to MSA columns:
# 185-209
name=unknown_D
#
# <colnr> <probs for GDERKNQSTAVLIFYWHMCP>
#	G	D	E	R	K	N	Q	S	T	A	V	L	I	F	Y	W	H	M	C	P
0	0.13676	0.02419	0.03397	0.08544	0.07267	0.08853	0.15872	0.03170	0.02448	0.07428	0.08173	0.08557	0.02953	0.01338	0.01079	0.00340	0.01258	0.01237	0.00714	0.01278
1	0.07629	0.01043	0.01280	0.01447	0.01586	0.01015	0.00998	0.01688	0.02126	0.03080	0.11715	0.49783	0.06834	0.02954	0.01273	0.00408	0.00618	0.02645	0.00975	0.00902
2	0.06306	0.02103	0.02905	0.11148	0.10126	0.02281	0.04648	0.15377	0.02907	0.08893	0.03089	0.15614	0.02861	0.01647	0.01261	0.00359	0.04856	0.01400	0.00825	0.01394
3	0.02235	0.10826	0.46173	0.03069	0.04508	0.02651	0.09512	0.03335	0.02256	0.03269	0.01885	0.02254	0.01373	0.00981	0.01002	0.00327	0.01547	0.00816	0.00458	0.01526
4	0.04466	0.01746	0.02385	0.01887	0.02653	0.01523	0.01568	0.04882	0.02972	0.52055	0.04302	0.04361	0.02935	0.01456	0.01100	0.00342	0.00906	0.05461	0.01278	0.01724
5	0.01533	0.01045	0.01252	0.01252	0.01286	0.01079	0.00764	0.01601	0.01567	0.02123	0.03241	0.06418	0.03627	0.52898	0.15028	0.01147	0.01352	0.01464	0.00627	0.00696
6	0.03870	0.09373	0.03221	0.02612	0.03226	0.46728	0.02020	0.10775	0.03199	0.03137	0.01745	0.01977	0.01421	0.01100	0.00946	0.00275	0.01744	0.00709	0.00608	0.01314
7	0.02250	0.01250	0.01606	0.01489	0.01875	0.01141	0.01189	0.02698	0.02762	0.15331	0.25619	0.07564	0.12836	0.02084	0.01197	0.00352	0.00670	0.09613	0.07320	0.01154
8	0.02231	0.02258	0.03150	0.53403	0.06801	0.09088	0.02829	0.02884	0.02220	0.02688	0.01850	0.02710	0.01404	0.01061	0.01045	0.00343	0.01469	0.00909	0.00479	0.01181
9	0.01278	0.00961	0.01185	0.01365	0.01505	0.00868	0.00934	0.01484	0.02128	0.02741	0.07138	0.48204	0.20095	0.03142	0.01323	0.00410	0.00593	0.02798	0.00982	0.00868
10	0.02534	0.21391	0.36580	0.02647	0.03907	0.09657	0.03106	0.03403	0.02301	0.03020	0.01748	0.02046	0.01347	0.00987	0.00909	0.00297	0.01485	0.00710	0.00460	0.01466
11	0.02121	0.05469	0.57364	0.03014	0.04576	0.02455	0.03906	0.03348	0.02232	0.03348	0.01897	0.02232	0.01339	0.01005	0.01005	0.00335	0.01563	0.00781	0.00446	0.01563
12	0.01288	0.00920	0.01227	0.01472	0.01534	0.00859	0.00981	0.01472	0.02024	0.02699	0.05828	0.62152	0.06993	0.03312	0.01350	0.00429	0.00613	0.03006	0.00981	0.00859
13	0.02986	0.03112	0.03204	0.10635	0.15485	0.21786	0.05530	0.06902	0.02731	0.03362	0.02142	0.02624	0.01708	0.01075	0.00979	0.00296	0.01404	0.00879	0.11825	0.01334
14	0.01450	0.01063	0.01360	0.01320	0.01560	0.00972	0.00977	0.01892	0.02832	0.03939	0.45936	0.13948	0.14137	0.02336	0.01258	0.00345	0.00515	0.02061	0.01127	0.00972
15	0.01460	0.01585	0.08314	0.01503	0.01879	0.01120	0.01287	0.01877	0.02398	0.03226	0.20919	0.22035	0.19266	0.06454	0.01517	0.00410	0.00707	0.02115	0.00945	0.00982
16	0.02827	0.63478	0.05540	0.01809	0.02714	0.04184	0.01809	0.03166	0.02148	0.02488	0.01470	0.01696	0.01357	0.00905	0.00678	0.00226	0.01131	0.00565	0.00452	0.01357
17	0.01504	0.01109	0.01398	0.01509	0.01731	0.01049	0.01189	0.01851	0.02358	0.03066	0.13794	0.15733	0.17958	0.09975	0.01839	0.00493	0.00771	0.20802	0.00964	0.00906
18	0.02859	0.01735	0.02624	0.02738	0.13348	0.01592	0.05067	0.03343	0.02758	0.21772	0.16348	0.05384	0.12591	0.01620	0.01144	0.00332	0.00882	0.01432	0.01011	0.01421
19	0.01581	0.01010	0.01186	0.01186	0.01186	0.01010	0.00681	0.01514	0.01514	0.02019	0.03115	0.06384	0.03554	0.54290	0.05201	0.10884	0.01010	0.01448	0.00614	0.00614
20	0.01321	0.00944	0.01265	0.01510	0.01585	0.00887	0.01039	0.01529	0.02057	0.02736	0.05809	0.58183	0.06921	0.03282	0.01358	0.00434	0.00642	0.06650	0.00981	0.00868
21	0.02988	0.15316	0.06757	0.02173	0.02824	0.02722	0.01942	0.03645	0.07317	0.15457	0.02425	0.02619	0.01864	0.01303	0.01610	0.00326	0.17529	0.00862	0.00735	0.09588
22	0.45480	0.02104	0.01937	0.01593	0.02329	0.02254	0.01308	0.09207	0.02368	0.10397	0.01949	0.02087	0.01442	0.01022	0.00765	0.00301	0.00863	0.00678	0.00769	0.11145
23	0.02329	0.02277	0.08469	0.02238	0.02900	0.02062	0.10151	0.03931	0.22359	0.03970	0.03391	0.03576	0.02576	0.01228	0.00983	0.00318	0.00958	0.01089	0.23809	0.01387
24	0.03408	0.09031	0.08217	0.02000	0.02941	0.02217	0.01813	0.13251	0.02991	0.20772	0.02685	0.02652	0.01897	0.01077	0.00935	0.00266	0.01007	0.00835	0.00888	0.21118

[dist]
# distance from previous block
# <min> <max>
0	54

[block]
# block no. 4 follows, 13 sequences, length 51
# corresponding to MSA columns:
# 264-314
name=unknown_E
#
# <colnr> <probs for GDERKNQSTAVLIFYWHMCP>
#	G	D	E	R	K	N	Q	S	T	A	V	L	I	F	Y	W	H	M	C	P
0	0.02314	0.01797	0.02771	0.16563	0.17714	0.01891	0.02236	0.03014	0.05923	0.08651	0.07552	0.11917	0.03709	0.01689	0.01160	0.00366	0.01050	0.07564	0.00794	0.01325
1	0.02192	0.01879	0.02192	0.01566	0.02506	0.01409	0.01253	0.02662	0.02192	0.03445	0.01879	0.02192	0.01566	0.00783	0.00783	0.00157	0.00783	0.00626	0.00626	0.69305
2	0.02282	0.01914	0.02090	0.01943	0.02415	0.02153	0.01482	0.04527	0.39838	0.04141	0.11205	0.13170	0.04668	0.01810	0.01139	0.00366	0.00759	0.01559	0.01073	0.01464
3	0.01275	0.01049	0.01122	0.01152	0.01456	0.00896	0.00845	0.01549	0.02399	0.02943	0.13551	0.17774	0.44870	0.02732	0.01264	0.00366	0.00544	0.02322	0.00996	0.00896
4	0.04141	0.01622	0.02134	0.01686	0.02380	0.01430	0.01377	0.04568	0.02850	0.45446	0.04014	0.03673	0.02637	0.01292	0.00993	0.00310	0.00811	0.01046	0.15965	0.01622
5	0.01496	0.01081	0.01413	0.01330	0.01580	0.00998	0.00998	0.01995	0.02993	0.04240	0.55689	0.07898	0.09976	0.02162	0.01247	0.00333	0.00499	0.01912	0.01164	0.00998
6	0.01288	0.00920	0.01227	0.01472	0.01534	0.00859	0.00981	0.01472	0.02024	0.02699	0.05828	0.62152	0.06993	0.03312	0.01350	0.00429	0.00613	0.03006	0.00981	0.00859
7	0.01735	0.01463	0.02130	0.02000	0.02136	0.01857	0.01599	0.02072	0.01677	0.02480	0.02428	0.03639	0.02292	0.06230	0.43226	0.01354	0.19067	0.01075	0.00537	0.01003
8	0.02363	0.11114	0.22336	0.11268	0.11680	0.02727	0.17212	0.03238	0.02304	0.03180	0.01922	0.02469	0.01470	0.00959	0.01045	0.00327	0.01511	0.00929	0.00485	0.01462
9	0.02827	0.63478	0.05540	0.01809	0.02714	0.04184	0.01809	0.03166	0.02148	0.02488	0.01470	0.01696	0.01357	0.00905	0.00678	0.00226	0.01131	0.00565	0.00452	0.01357
10	0.10956	0.01995	0.02035	0.01810	0.02367	0.05561	0.01417	0.03701	0.18193	0.08122	0.10283	0.09038	0.03918	0.01593	0.01040	0.00327	0.00848	0.04349	0.00937	0.11511
11	0.11072	0.02454	0.03950	0.05853	0.49476	0.02495	0.02983	0.03228	0.02332	0.03615	0.01924	0.02505	0.01609	0.00947	0.00998	0.00316	0.01201	0.00896	0.00540	0.01609
12	0.21085	0.19248	0.19810	0.02518	0.07477	0.02953	0.02418	0.03162	0.02057	0.03451	0.01636	0.01988	0.01322	0.01034	0.01022	0.00313	0.05932	0.00692	0.00513	0.01371
13	0.08378	0.02463	0.10001	0.02365	0.03191	0.02050	0.07033	0.04275	0.02610	0.34244	0.03139	0.03056	0.02095	0.01272	0.01347	0.00348	0.08564	0.00994	0.00968	0.01606
14	0.01931	0.01774	0.02940	0.52536	0.06531	0.02171	0.02681	0.02608	0.02230	0.02904	0.08965	0.03488	0.02537	0.01203	0.01082	0.00350	0.01290	0.01068	0.00561	0.01151
15	0.02313	0.02313	0.03238	0.02776	0.02776	0.03238	0.02313	0.02545	0.01619	0.02545	0.01388	0.02313	0.01388	0.01851	0.03470	0.00463	0.60907	0.00925	0.00463	0.01157
16	0.01853	0.01179	0.01476	0.01381	0.01729	0.01057	0.01073	0.02278	0.02796	0.10371	0.33185	0.08297	0.20939	0.02254	0.01242	0.00351	0.00598	0.05754	0.01118	0.01068
17	0.02799	0.02571	0.04146	0.05963	0.49367	0.02612	0.03084	0.09671	0.02740	0.03871	0.02060	0.02607	0.01691	0.00985	0.01048	0.00314	0.01244	0.00943	0.00593	0.01691
18	0.02630	0.02271	0.02391	0.02152	0.02749	0.02630	0.01674	0.05618	0.54336	0.04423	0.04303	0.03945	0.03228	0.01434	0.01076	0.00359	0.00837	0.01195	0.01076	0.01674
19	0.01510	0.01133	0.01699	0.01699	0.01888	0.01322	0.01322	0.01888	0.01699	0.02454	0.02832	0.04154	0.02643	0.07930	0.58652	0.01699	0.02832	0.01133	0.00566	0.00944
20	0.02499	0.04039	0.34619	0.10154	0.04371	0.02354	0.03119	0.09464	0.02684	0.08010	0.06556	0.02919	0.02214	0.01163	0.01042	0.00334	0.01353	0.00938	0.00653	0.01514
21	0.01675	0.01130	0.01437	0.01432	0.01718	0.01032	0.01108	0.02078	0.02660	0.07208	0.28274	0.15515	0.18140	0.02479	0.01282	0.00375	0.00626	0.09740	0.01082	0.01009
22	0.12337	0.06769	0.02971	0.02200	0.02919	0.09789	0.05741	0.18588	0.03293	0.12564	0.05980	0.02925	0.02334	0.01215	0.00972	0.00307	0.01133	0.00947	0.05547	0.01469
23	0.01472	0.06093	0.01632	0.01492	0.01681	0.01180	0.01097	0.01740	0.02221	0.02934	0.12402	0.42549	0.10107	0.02889	0.01283	0.00400	0.00664	0.06272	0.00962	0.00929
24	0.08086	0.02009	0.03037	0.28519	0.15474	0.02147	0.02435	0.03208	0.02295	0.11286	0.02214	0.02728	0.01643	0.01031	0.00989	0.00314	0.01176	0.00890	0.00641	0.09877
25	0.08342	0.18911	0.24923	0.02340	0.03464	0.02851	0.02571	0.09720	0.02638	0.11684	0.02177	0.02299	0.01577	0.01056	0.00910	0.00304	0.01246	0.00774	0.00670	0.01543
26	0.02567	0.02555	0.03901	0.19895	0.39486	0.07007	0.03069	0.03185	0.02380	0.03192	0.01932	0.02611	0.01582	0.00983	0.01042	0.00320	0.01348	0.00920	0.00511	0.01511
27	0.02513	0.34631	0.27393	0.02345	0.03509	0.03343	0.02693	0.03410	0.05721	0.02985	0.01844	0.02077	0.01476	0.00983	0.00844	0.00281	0.01295	0.00700	0.00492	0.01466
28	0.01338	0.00941	0.01212	0.01408	0.01457	0.00892	0.00913	0.01485	0.01927	0.02569	0.05327	0.51085	0.06362	0.15241	0.02157	0.00549	0.00696	0.02712	0.00913	0.00815
29	0.01954	0.02468	0.13456	0.05925	0.02872	0.05564	0.01906	0.02906	0.10152	0.03545	0.19227	0.16538	0.05386	0.01900	0.01159	0.00354	0.00953	0.01644	0.00874	0.01215
30	0.02537	0.12723	0.25183	0.02651	0.03836	0.02640	0.08876	0.09691	0.02605	0.03681	0.01945	0.02262	0.01480	0.00966	0.00949	0.00284	0.01319	0.00799	0.00575	0.14998
31	0.52991	0.02038	0.01717	0.01498	0.02096	0.02323	0.01196	0.09445	0.02184	0.04660	0.01845	0.02475	0.01568	0.08746	0.01298	0.00413	0.00889	0.00743	0.00706	0.01168
32	0.02168	0.01879	0.02315	0.08902	0.03102	0.01527	0.01463	0.02667	0.02183	0.03352	0.01879	0.02271	0.01546	0.00817	0.00817	0.00181	0.00861	0.00666	0.00607	0.60795
33	0.01754	0.00932	0.01336	0.01356	0.01361	0.00927	0.00887	0.01406	0.01450	0.01933	0.02348	0.08375	0.02507	0.11329	0.04074	0.54915	0.00908	0.01164	0.00524	0.00514
34	0.03526	0.02667	0.10525	0.09540	0.04131	0.02244	0.12129	0.11395	0.03001	0.25478	0.02959	0.03023	0.01986	0.01151	0.01090	0.00335	0.01260	0.01032	0.00907	0.01621
35	0.02457	0.02737	0.05597	0.04097	0.04938	0.02795	0.41690	0.03207	0.02308	0.03207	0.01978	0.02737	0.01558	0.01096	0.01723	0.00379	0.14431	0.01179	0.00519	0.01368
36	0.03032	0.03516	0.10859	0.10708	0.04657	0.13952	0.18041	0.15002	0.03093	0.03899	0.02067	0.02508	0.01543	0.01055	0.01089	0.00327	0.01587	0.00967	0.00640	0.01457
37	0.03166	0.20357	0.10776	0.02524	0.03216	0.28429	0.02263	0.03574	0.02464	0.02653	0.01588	0.01953	0.01362	0.01143	0.01263	0.00297	0.10485	0.00700	0.00495	0.01294
38	0.01375	0.00987	0.01304	0.01413	0.01553	0.00917	0.00988	0.01690	0.02427	0.03340	0.26571	0.39581	0.08234	0.02834	0.01307	0.00389	0.00566	0.02551	0.01057	0.00917
39	0.02546	0.40389	0.26167	0.02289	0.03455	0.03496	0.02644	0.03239	0.02182	0.02830	0.01640	0.01909	0.01350	0.00944	0.00808	0.00269	0.01303	0.00651	0.00450	0.01439
40	0.17050	0.01934	0.02181	0.01735	0.02474	0.01877	0.01418	0.11185	0.02924	0.27625	0.04051	0.03804	0.09024	0.01372	0.00982	0.00316	0.00866	0.01065	0.01042	0.07074
41	0.61715	0.01924	0.01536	0.01383	0.01987	0.02200	0.01127	0.02969	0.01948	0.04681	0.08244	0.02490	0.02248	0.01129	0.00728	0.00328	0.00778	0.00740	0.00718	0.01127
42	0.04396	0.02357	0.02799	0.02146	0.02977	0.02382	0.01773	0.27977	0.03959	0.32836	0.03388	0.03090	0.02224	0.01290	0.01061	0.00322	0.01026	0.01010	0.01188	0.01799
43	0.18990	0.02922	0.02854	0.06707	0.10100	0.13360	0.02004	0.18313	0.03177	0.08822	0.02135	0.02344	0.01588	0.01115	0.00944	0.00314	0.01234	0.00820	0.00777	0.01480
44	0.01806	0.01495	0.02265	0.06728	0.16360	0.01497	0.01855	0.02212	0.02231	0.02985	0.04668	0.22168	0.08139	0.06488	0.01550	0.00445	0.00951	0.14244	0.00803	0.01110
45	0.01291	0.00973	0.01196	0.01351	0.01507	0.00877	0.00933	0.01519	0.02196	0.02844	0.10468	0.44090	0.20804	0.03060	0.01315	0.00403	0.00584	0.02718	0.00994	0.00877
46	0.01258	0.01039	0.01104	0.01156	0.01450	0.00885	0.00841	0.01508	0.02328	0.02823	0.09677	0.21178	0.45482	0.02812	0.01271	0.00372	0.00552	0.02395	0.00982	0.00885
47	0.03076	0.01852	0.02283	0.01675	0.02573	0.01459	0.01357	0.03524	0.02481	0.21976	0.02673	0.02679	0.01930	0.00965	0.00880	0.00216	0.00823	0.00778	0.00863	0.45938
48	0.01439	0.01059	0.01346	0.01316	0.01555	0.00966	0.00971	0.01868	0.02794	0.03867	0.43595	0.15229	0.15315	0.02375	0.01261	0.00348	0.00518	0.02094	0.01117	0.00966
49	0.02430	0.02020	0.02320	0.01679	0.02606	0.01652	0.01351	0.09164	0.02553	0.03863	0.01965	0.02237	0.01596	0.00846	0.00819	0.00177	0.00832	0.00669	0.00682	0.60538
50	0.15880	0.02415	0.06366	0.02195	0.03060	0.02214	0.05892	0.14552	0.03123	0.29185	0.03032	0.02890	0.02016	0.01188	0.01001	0.00328	0.01057	0.00949	0.01020	0.01637

[dist]
# distance from previous block
# <min> <max>
0	1

[block]
# block no. 5 follows, 13 sequences, length 18
# corresponding to MSA columns:
# 316-333
name=unknown_F
#
# <colnr> <probs for GDERKNQSTAVLIFYWHMCP>
#	G	D	E	R	K	N	Q	S	T	A	V	L	I	F	Y	W	H	M	C	P
0	0.01964	0.01497	0.01715	0.01655	0.01988	0.01535	0.01227	0.11517	0.08947	0.03784	0.09658	0.31479	0.13811	0.02517	0.01239	0.00381	0.00721	0.02198	0.01021	0.01146
1	0.62262	0.09371	0.02029	0.01440	0.02125	0.02588	0.01224	0.03115	0.01841	0.04475	0.01472	0.01715	0.01170	0.00972	0.00657	0.00315	0.00855	0.00572	0.00630	0.01170
2	0.70310	0.02045	0.01554	0.01390	0.02045	0.02372	0.01145	0.03108	0.01799	0.04744	0.01472	0.01718	0.01145	0.00981	0.00654	0.00327	0.00818	0.00573	0.00654	0.01145
3	0.02752	0.01343	0.01772	0.01511	0.01974	0.01206	0.01187	0.03217	0.02946	0.24028	0.32360	0.05982	0.06659	0.01770	0.01139	0.00324	0.00649	0.01523	0.06360	0.01298
4	0.01433	0.01064	0.01342	0.01358	0.01596	0.00974	0.01019	0.01834	0.02673	0.03626	0.34463	0.17621	0.17944	0.02517	0.01283	0.00367	0.00566	0.06284	0.01082	0.00953
5	0.01496	0.01081	0.01413	0.01330	0.01580	0.00998	0.00998	0.01995	0.02993	0.04240	0.55689	0.07898	0.09976	0.02162	0.01247	0.00333	0.00499	0.01912	0.01164	0.00998
6	0.01462	0.01054	0.01383	0.01354	0.01572	0.00975	0.00995	0.01909	0.02834	0.03987	0.47490	0.16818	0.09486	0.02351	0.01264	0.00348	0.00518	0.02092	0.01134	0.00975
7	0.70310	0.02045	0.01554	0.01390	0.02045	0.02372	0.01145	0.03108	0.01799	0.04744	0.01472	0.01718	0.01145	0.00981	0.00654	0.00327	0.00818	0.00573	0.00654	0.01145
8	0.02267	0.10609	0.41704	0.03194	0.04590	0.02670	0.13742	0.03338	0.02279	0.03272	0.01906	0.02308	0.01396	0.00971	0.01023	0.00329	0.01566	0.00857	0.00465	0.01514
9	0.03466	0.03815	0.16254	0.02864	0.06881	0.10444	0.02547	0.31273	0.03888	0.05121	0.02229	0.02385	0.01622	0.01161	0.01030	0.00315	0.01365	0.00874	0.00809	0.01657
10	0.01769	0.01393	0.01636	0.01541	0.01881	0.01423	0.01163	0.02903	0.16843	0.04063	0.34349	0.10736	0.11959	0.02088	0.01208	0.00348	0.00602	0.01820	0.01111	0.01163
11	0.01351	0.01063	0.01220	0.01206	0.01497	0.00932	0.00895	0.01705	0.02613	0.03398	0.28332	0.13341	0.33638	0.02521	0.01256	0.00353	0.00527	0.02164	0.01055	0.00932
12	0.03018	0.01901	0.02181	0.01835	0.02410	0.01988	0.01458	0.13890	0.16400	0.15551	0.15037	0.04452	0.04225	0.01510	0.01067	0.00325	0.00801	0.01250	0.09205	0.01495
13	0.01519	0.01100	0.01533	0.01533	0.01664	0.01231	0.01114	0.01781	0.01650	0.02331	0.02984	0.04996	0.03009	0.24661	0.42421	0.01494	0.02281	0.01256	0.00589	0.00852
14	0.01404	0.00981	0.01239	0.01395	0.01523	0.00921	0.00973	0.01658	0.02162	0.02947	0.10763	0.40531	0.10941	0.07097	0.01571	0.00444	0.00639	0.05647	0.06288	0.00878
15	0.17448	0.03278	0.02636	0.02213	0.02908	0.22467	0.01754	0.15635	0.03228	0.15227	0.02340	0.02368	0.01681	0.01156	0.00941	0.00305	0.01305	0.00802	0.00846	0.01463
16	0.11702	0.02430	0.07258	0.03414	0.17852	0.02303	0.05555	0.03345	0.05820	0.08719	0.02308	0.02893	0.01879	0.05350	0.01571	0.00377	0.08248	0.00941	0.00661	0.07375
17	0.17731	0.05964	0.06143	0.02120	0.02883	0.08972	0.06559	0.06699	0.06363	0.03745	0.02123	0.02666	0.01770	0.06425	0.01273	0.00346	0.01142	0.00834	0.00659	0.15581

[dist]
# distance from previous block
# <min> <max>
9	58

[block]
# block no. 6 follows, 13 sequences, length 6
# corresponding to MSA columns:
# 392-397
name=unknown_G
#
# <colnr> <probs for GDERKNQSTAVLIFYWHMCP>
#	G	D	E	R	K	N	Q	S	T	A	V	L	I	F	Y	W	H	M	C	P
0	0.01552	0.01233	0.01349	0.01296	0.01596	0.01184	0.00939	0.02204	0.09653	0.03239	0.18613	0.08181	0.28410	0.13584	0.01994	0.00476	0.00661	0.01885	0.00973	0.00979
1	0.02391	0.01933	0.02385	0.09730	0.05816	0.02126	0.01830	0.12516	0.16682	0.04123	0.07739	0.09744	0.07302	0.01838	0.01173	0.00372	0.00956	0.09036	0.00942	0.01363
2	0.04116	0.01956	0.02408	0.01898	0.02637	0.01891	0.01551	0.13722	0.07274	0.37236	0.03792	0.03469	0.02523	0.01302	0.01025	0.00318	0.00896	0.01044	0.09249	0.01693
3	0.02273	0.01392	0.01994	0.01815	0.02071	0.01559	0.01426	0.02525	0.01982	0.12656	0.06553	0.03923	0.02874	0.04803	0.28111	0.10778	0.10362	0.01116	0.00718	0.01069
4	0.43192	0.01624	0.01328	0.01230	0.01722	0.01822	0.00984	0.02852	0.01965	0.04426	0.02257	0.02600	0.01766	0.01081	0.00688	0.00295	0.00689	0.00736	0.27661	0.01082
5	0.02783	0.01748	0.02738	0.09857	0.03375	0.01624	0.08795	0.03274	0.02521	0.20034	0.07816	0.14441	0.03585	0.01584	0.01117	0.00330	0.00990	0.01443	0.00917	0.11027

[dist]
# distance from previous block
# <min> <max>
0	7

[block]
# block no. 7 follows, 13 sequences, length 26
# corresponding to MSA columns:
# 405-430
name=unknown_H
#
# <colnr> <probs for GDERKNQSTAVLIFYWHMCP>
#	G	D	E	R	K	N	Q	S	T	A	V	L	I	F	Y	W	H	M	C	P
0	0.01919	0.01441	0.01665	0.01476	0.01868	0.01410	0.01143	0.11652	0.03224	0.04352	0.33884	0.07450	0.20180	0.02122	0.01211	0.00336	0.00636	0.01809	0.01097	0.01125
1	0.03043	0.52212	0.05050	0.01985	0.02821	0.14674	0.01854	0.03370	0.02312	0.02507	0.01502	0.01737	0.01358	0.00940	0.00731	0.00235	0.01280	0.00588	0.00470	0.01332
2	0.02802	0.10299	0.06809	0.08716	0.07466	0.02272	0.11703	0.03403	0.02406	0.12959	0.02301	0.02607	0.01716	0.00967	0.00969	0.00276	0.01183	0.00881	0.00677	0.19587
3	0.02457	0.45410	0.10076	0.01869	0.02679	0.03364	0.01867	0.02858	0.02133	0.02617	0.02354	0.13407	0.02442	0.01379	0.00842	0.00277	0.01076	0.01058	0.00554	0.01282
4	0.57044	0.01859	0.01527	0.01379	0.01955	0.02107	0.01117	0.02893	0.02029	0.04647	0.11924	0.02909	0.02848	0.01209	0.00769	0.00328	0.00756	0.00831	0.00753	0.01117
5	0.03645	0.14557	0.03548	0.02283	0.03115	0.03386	0.01936	0.38289	0.09539	0.05626	0.02515	0.02522	0.01861	0.01216	0.00986	0.00304	0.01123	0.00903	0.00943	0.01700
6	0.01997	0.01879	0.03171	0.60301	0.07282	0.02349	0.02936	0.02701	0.02114	0.02701	0.01879	0.02819	0.01409	0.01057	0.01057	0.00352	0.01409	0.00940	0.00470	0.01175
7	0.01524	0.01077	0.01418	0.01418	0.01510	0.01169	0.00971	0.01708	0.01616	0.02246	0.03089	0.05577	0.03261	0.36188	0.31239	0.01352	0.01902	0.01341	0.00605	0.00788
8	0.01288	0.00920	0.01227	0.01472	0.01534	0.00859	0.00981	0.01472	0.02024	0.02699	0.05828	0.62152	0.06993	0.03312	0.01350	0.00429	0.00613	0.03006	0.00981	0.00859
