[name]
unknown

[dist]
# distance from previous block
# <min> <max>
0	43

[block]
# block no. 0 follows, 10 sequences, length 91
# corresponding to MSA columns:
# 47-137
name=unknown_A
#
# <colnr> <probs for GDERKNQSTAVLIFYWHMCP>
#	G	D	E	R	K	N	Q	S	T	A	V	L	I	F	Y	W	H	M	C	P
0	0.09946	0.01184	0.01387	0.01571	0.01715	0.01179	0.01063	0.01859	0.02138	0.03183	0.05500	0.45686	0.06494	0.09214	0.01858	0.00528	0.00752	0.02789	0.00993	0.00960
1	0.02268	0.02141	0.03618	0.51149	0.12630	0.02603	0.03266	0.03035	0.02360	0.03059	0.02080	0.03077	0.01581	0.01149	0.01162	0.00383	0.01533	0.01034	0.00523	0.01350
2	0.01555	0.01169	0.01274	0.01248	0.01591	0.01028	0.00936	0.01954	0.02807	0.03731	0.22042	0.09592	0.33595	0.02578	0.01301	0.00369	0.00571	0.02177	0.09454	0.01028
3	0.01535	0.01657	0.08022	0.01838	0.02118	0.01171	0.01494	0.01886	0.02256	0.03061	0.05853	0.51158	0.06890	0.03316	0.01436	0.00459	0.00809	0.02991	0.01004	0.01044
4	0.01924	0.01284	0.01449	0.01350	0.01784	0.01099	0.01032	0.02289	0.02865	0.09830	0.18675	0.09764	0.37135	0.02639	0.01348	0.00383	0.00633	0.02219	0.01166	0.01133
5	0.04898	0.02493	0.03017	0.02313	0.03225	0.02472	0.01911	0.22672	0.04188	0.34459	0.03867	0.03490	0.02517	0.01422	0.01167	0.00356	0.01106	0.01120	0.01329	0.01979
6	0.02761	0.02349	0.02532	0.02338	0.02945	0.02692	0.01845	0.05694	0.43698	0.04687	0.04917	0.05471	0.03956	0.01789	0.01238	0.00413	0.00940	0.06824	0.01169	0.01742
7	0.03062	0.52516	0.06194	0.02366	0.03384	0.04388	0.07877	0.03514	0.02412	0.02864	0.01712	0.02030	0.01528	0.00993	0.00827	0.00267	0.01336	0.00719	0.00509	0.01502
8	0.04040	0.04904	0.03156	0.02864	0.03476	0.43632	0.02162	0.04967	0.13052	0.03270	0.02414	0.02568	0.01929	0.01278	0.01077	0.00320	0.01850	0.00868	0.00722	0.01452
9	0.02787	0.02636	0.03553	0.03005	0.03125	0.03568	0.02501	0.08626	0.02257	0.03383	0.01690	0.02576	0.01585	0.01953	0.03475	0.00488	0.49813	0.01022	0.00593	0.01363
10	0.01517	0.01148	0.01625	0.08674	0.02502	0.01156	0.01357	0.01794	0.02239	0.02969	0.05850	0.51241	0.06900	0.03324	0.01443	0.00461	0.00788	0.03013	0.01007	0.00989
11	0.67341	0.02249	0.01709	0.01529	0.02249	0.02609	0.01260	0.03419	0.01979	0.05218	0.01619	0.01889	0.01260	0.01080	0.00720	0.00360	0.00900	0.00630	0.00720	0.01260
12	0.02397	0.01347	0.01763	0.01569	0.01944	0.01228	0.01183	0.02866	0.03128	0.14428	0.36397	0.07585	0.08559	0.08284	0.01819	0.00446	0.00703	0.01864	0.01252	0.01239
13	0.02554	0.01669	0.02383	0.02131	0.02228	0.02009	0.01640	0.02426	0.01806	0.07749	0.02118	0.03222	0.01934	0.03035	0.03919	0.35333	0.21263	0.01030	0.00607	0.00941
14	0.02333	0.06016	0.53100	0.03315	0.05034	0.02701	0.04297	0.03683	0.02455	0.03683	0.02087	0.02455	0.01473	0.01105	0.01105	0.00368	0.01719	0.00859	0.00491	0.01719
15	0.02663	0.02543	0.04331	0.22698	0.37998	0.02707	0.03462	0.03380	0.02546	0.03538	0.02150	0.02949	0.01750	0.01076	0.01155	0.00359	0.01435	0.01035	0.00557	0.01668
16	0.03109	0.59826	0.06095	0.01990	0.02985	0.04602	0.01990	0.03483	0.02363	0.02736	0.01617	0.01866	0.01493	0.00995	0.00746	0.00249	0.01244	0.00622	0.00498	0.01493
17	0.02723	0.04317	0.30023	0.03091	0.04496	0.02391	0.10044	0.03746	0.02585	0.08981	0.02393	0.02712	0.01721	0.01071	0.01102	0.00330	0.01498	0.00936	0.00649	0.15192
18	0.01678	0.01315	0.01534	0.01457	0.01809	0.01236	0.01099	0.02412	0.07684	0.04170	0.33314	0.09103	0.23889	0.02490	0.01354	0.00378	0.00599	0.02144	0.01203	0.01132
19	0.02196	0.02067	0.03488	0.56331	0.08010	0.02584	0.03230	0.02972	0.02326	0.02972	0.02067	0.03101	0.01550	0.01163	0.01163	0.00388	0.01550	0.01034	0.00517	0.01292
20	0.09617	0.02566	0.04147	0.16599	0.37608	0.02710	0.03254	0.03431	0.02511	0.03782	0.02102	0.02818	0.01720	0.01067	0.01108	0.00356	0.01365	0.00992	0.00579	0.01668
21	0.03241	0.54052	0.05797	0.02097	0.03050	0.09904	0.02017	0.03606	0.02462	0.02748	0.01636	0.01890	0.01493	0.01017	0.00778	0.00254	0.01335	0.00635	0.00508	0.01477
22	0.03109	0.59826	0.06095	0.01990	0.02985	0.04602	0.01990	0.03483	0.02363	0.02736	0.01617	0.01866	0.01493	0.00995	0.00746	0.00249	0.01244	0.00622	0.00498	0.01493
23	0.04710	0.02794	0.03203	0.02456	0.03375	0.02918	0.02029	0.32631	0.04692	0.23789	0.03444	0.03216	0.02305	0.01412	0.01166	0.00353	0.01174	0.01092	0.01264	0.01978
24	0.01691	0.01128	0.01268	0.01268	0.01268	0.01128	0.00705	0.01691	0.01691	0.02255	0.03665	0.07611	0.04228	0.59126	0.05920	0.01128	0.01128	0.01691	0.00705	0.00705
25	0.02483	0.08061	0.02590	0.12099	0.03341	0.07462	0.01727	0.02917	0.02740	0.08541	0.11569	0.11434	0.16456	0.02052	0.01222	0.00368	0.01048	0.01714	0.00925	0.01252
26	0.04012	0.02348	0.02737	0.02269	0.03054	0.02459	0.01819	0.09751	0.26177	0.25247	0.04497	0.04039	0.03125	0.01503	0.01176	0.00376	0.00982	0.01229	0.01290	0.01912
27	0.01711	0.01150	0.01333	0.01362	0.01390	0.01150	0.00829	0.01768	0.01797	0.02386	0.03931	0.08199	0.04491	0.53161	0.05459	0.01064	0.01122	0.06210	0.00744	0.00744
28	0.02380	0.10733	0.35216	0.16926	0.05587	0.02873	0.03774	0.03477	0.02412	0.03398	0.02032	0.02560	0.01495	0.01108	0.01082	0.00361	0.01624	0.00879	0.00498	0.01584
29	0.02333	0.06016	0.53100	0.03315	0.05034	0.02701	0.04297	0.03683	0.02455	0.03683	0.02087	0.02455	0.01473	0.01105	0.01105	0.00368	0.01719	0.00859	0.00491	0.01719
30	0.01484	0.01182	0.01329	0.01293	0.01638	0.01028	0.00970	0.01880	0.02909	0.03753	0.27641	0.10186	0.35159	0.02717	0.01373	0.00382	0.00573	0.02313	0.01160	0.01028
31	0.01626	0.01114	0.01358	0.01471	0.01520	0.01093	0.00946	0.01746	0.01963	0.02608	0.04784	0.23976	0.05568	0.35914	0.04081	0.00861	0.00981	0.06712	0.00860	0.00818
32	0.02420	0.16718	0.21288	0.08404	0.04226	0.02798	0.07216	0.03248	0.02468	0.03404	0.03206	0.03577	0.06935	0.01294	0.01052	0.00337	0.01370	0.01066	0.07512	0.01460
33	0.02123	0.01981	0.02736	0.02347	0.02783	0.02177	0.07484	0.03121	0.12413	0.03493	0.06389	0.11565	0.20067	0.02281	0.01857	0.00425	0.12686	0.01857	0.00919	0.01297
34	0.05218	0.01979	0.02699	0.02069	0.02969	0.01709	0.01709	0.05668	0.03329	0.52677	0.04588	0.03959	0.02879	0.01439	0.01170	0.00360	0.00990	0.01170	0.01439	0.01979
35	0.02828	0.02328	0.03475	0.15326	0.21820	0.02495	0.02680	0.04109	0.13745	0.08387	0.07842	0.03941	0.03180	0.01359	0.01185	0.00369	0.01191	0.01219	0.00854	0.01665
36	0.02685	0.03318	0.14517	0.21582	0.15792	0.02808	0.10211	0.08101	0.02815	0.03866	0.02217	0.02894	0.01673	0.01121	0.01181	0.00371	0.01584	0.01051	0.00603	0.01610
37	0.02622	0.04079	0.21559	0.04063	0.09574	0.07296	0.19435	0.03557	0.02632	0.03559	0.02623	0.08602	0.02273	0.01329	0.01242	0.00379	0.01698	0.01311	0.00607	0.01561
38	0.09697	0.02927	0.03697	0.10166	0.29069	0.11204	0.02816	0.03475	0.02611	0.03622	0.02483	0.08347	0.02293	0.01348	0.01124	0.00356	0.01395	0.01178	0.00641	0.01552
39	0.02455	0.01322	0.01680	0.01502	0.01898	0.01214	0.01158	0.02983	0.03120	0.14000	0.32151	0.06848	0.07710	0.01979	0.01215	0.00345	0.00634	0.01706	0.14810	0.01267
40	0.03109	0.59826	0.06095	0.01990	0.02985	0.04602	0.01990	0.03483	0.02363	0.02736	0.01617	0.01866	0.01493	0.00995	0.00746	0.00249	0.01244	0.00622	0.00498	0.01493
41	0.02965	0.01497	0.01764	0.01556	0.01958	0.01458	0.01138	0.03576	0.07145	0.17664	0.04074	0.05296	0.03415	0.20246	0.02618	0.00588	0.00900	0.01330	0.19519	0.01294
42	0.01622	0.01170	0.01533	0.01480	0.01732	0.01081	0.01096	0.02134	0.03179	0.04484	0.46488	0.13972	0.10625	0.02512	0.01384	0.00377	0.00562	0.02231	0.01259	0.01081
43	0.01546	0.01066	0.01311	0.01455	0.01491	0.01031	0.00904	0.01653	0.01975	0.02634	0.05122	0.34546	0.06067	0.29683	0.03566	0.00780	0.00887	0.02548	0.00904	0.00832
44	0.01466	0.01047	0.01406	0.01676	0.01765	0.00987	0.01165	0.01704	0.02275	0.03024	0.06383	0.53501	0.07585	0.03597	0.01498	0.00479	0.00717	0.07687	0.01079	0.00958
45	0.54300	0.02193	0.01917	0.01643	0.02400	0.02420	0.01354	0.03891	0.02263	0.15181	0.02243	0.02324	0.01600	0.01155	0.00814	0.00360	0.00919	0.00743	0.00871	0.01411
46	0.67341	0.02249	0.01709	0.01529	0.02249	0.02609	0.01260	0.03419	0.01979	0.05218	0.01619	0.01889	0.01260	0.01080	0.00720	0.00360	0.00900	0.00630	0.00720	0.01260
47	0.03109	0.59826	0.06095	0.01990	0.02985	0.04602	0.01990	0.03483	0.02363	0.02736	0.01617	0.01866	0.01493	0.00995	0.00746	0.00249	0.01244	0.00622	0.00498	0.01493
48	0.01465	0.01049	0.01393	0.01587	0.01698	0.00977	0.01083	0.01740	0.02450	0.03325	0.15825	0.47938	0.08381	0.03378	0.01461	0.00450	0.00648	0.03054	0.01122	0.00977
49	0.01691	0.01128	0.01268	0.01268	0.01268	0.01128	0.00705	0.01691	0.01691	0.02255	0.03665	0.07611	0.04228	0.59126	0.05920	0.01128	0.01128	0.01691	0.00705	0.00705
50	0.02810	0.29428	0.04751	0.02554	0.03021	0.04050	0.02284	0.03120	0.02054	0.02770	0.01569	0.02226	0.01511	0.01547	0.02376	0.00387	0.30831	0.00832	0.00504	0.01376
51	0.02360	0.21509	0.14112	0.02358	0.03268	0.02756	0.06978	0.03042	0.02711	0.03619	0.16807	0.04788	0.08034	0.01561	0.01113	0.00333	0.01168	0.01315	0.00775	0.01395
52	0.04345	0.05543	0.03296	0.02996	0.03596	0.54457	0.02247	0.04644	0.03296	0.02846	0.01798	0.02097	0.01498	0.01199	0.01049	0.00300	0.02097	0.00749	0.00599	0.01348
53	0.02879	0.02763	0.04721	0.07139	0.51871	0.02763	0.03569	0.03569	0.02648	0.03800	0.02188	0.02879	0.01842	0.01036	0.01151	0.00345	0.01382	0.01036	0.00576	0.01842
54	0.02412	0.02067	0.02412	0.01723	0.02756	0.01550	0.01378	0.02929	0.02412	0.03790	0.02067	0.02412	0.01723	0.00861	0.00861	0.00172	0.00861	0.00689	0.00689	0.66236
55	0.04421	0.03258	0.03490	0.02676	0.03607	0.03607	0.02211	0.47993	0.05468	0.07330	0.02792	0.02792	0.01978	0.01396	0.01163	0.00349	0.01280	0.01047	0.01163	0.01978
56	0.02196	0.02067	0.03488	0.56331	0.08010	0.02584	0.03230	0.02972	0.02326	0.02972	0.02067	0.03101	0.01550	0.01163	0.01163	0.00388	0.01550	0.01034	0.00517	0.01292
57	0.03221	0.04191	0.26867	0.03055	0.04340	0.02647	0.07892	0.08792	0.09057	0.13799	0.03017	0.03099	0.02098	0.01247	0.01162	0.00371	0.01455	0.01052	0.00843	0.01795
58	0.03054	0.02578	0.02720	0.02399	0.03086	0.02968	0.01880	0.10584	0.45104	0.05125	0.04529	0.04176	0.03385	0.01559	0.01181	0.00390	0.00958	0.01287	0.01181	0.01855
59	0.01532	0.01097	0.01470	0.01669	0.01807	0.01035	0.01205	0.01854	0.02506	0.03382	0.15218	0.41643	0.08187	0.03328	0.01481	0.00461	0.00711	0.09303	0.01118	0.00994
60	0.01646	0.01189	0.01555	0.01463	0.01738	0.01097	0.01097	0.02195	0.03292	0.04664	0.51257	0.08688	0.10974	0.02378	0.01372	0.00366	0.00549	0.02103	0.01280	0.01097
61	0.02467	0.02398	0.04231	0.35554	0.21453	0.02678	0.08060	0.03238	0.02471	0.03309	0.02135	0.03035	0.01664	0.01104	0.01182	0.00375	0.01542	0.01070	0.00543	0.01493
62	0.03675	0.01993	0.02333	0.01978	0.02652	0.02038	0.01572	0.05246	0.21177	0.23962	0.04478	0.04186	0.03161	0.01476	0.01100	0.00355	0.00869	0.01208	0.14806	0.01738
63	0.01825	0.01323	0.01805	0.02046	0.02326	0.01303	0.01776	0.02336	0.02675	0.03447	0.06716	0.12928	0.11126	0.03186	0.01583	0.00521	0.01023	0.39919	0.01072	0.01062
64	0.02733	0.27320	0.24521	0.03100	0.04414	0.03524	0.12223	0.03610	0.02477	0.03307	0.01950	0.02355	0.01541	0.01035	0.01014	0.00325	0.01575	0.00868	0.00514	0.01596
65	0.01830	0.01246	0.01431	0.01374	0.01761	0.01077	0.01033	0.02186	0.02815	0.08522	0.18956	0.14594	0.33451	0.02739	0.01364	0.00392	0.00630	0.02332	0.01160	0.01105
66	0.01442	0.01042	0.01323	0.01536	0.01630	0.00968	0.01019	0.01632	0.02214	0.02911	0.06683	0.47983	0.11926	0.09490	0.01946	0.00534	0.00714	0.03044	0.01040	0.00923
67	0.03366	0.02576	0.03587	0.23806	0.05404	0.02887	0.06021	0.18619	0.07809	0.09957	0.02841	0.03204	0.02032	0.01294	0.01182	0.00373	0.01375	0.01104	0.00897	0.01665
68	0.02474	0.04192	0.27409	0.14812	0.16414	0.02717	0.08487	0.03521	0.02504	0.03574	0.02134	0.02751	0.01603	0.01088	0.01155	0.00369	0.01634	0.00988	0.00526	0.01647
69	0.02675	0.01793	0.02556	0.02270	0.02560	0.02145	0.01837	0.03049	0.02149	0.13221	0.02944	0.03828	0.02484	0.05170	0.27977	0.01141	0.18973	0.01161	0.00760	0.01307
70	0.02265	0.01392	0.01459	0.01394	0.01746	0.01465	0.01059	0.03384	0.12466	0.04482	0.09039	0.04800	0.03951	0.01511	0.00950	0.00307	0.00622	0.01241	0.45224	0.01244
71	0.01735	0.01335	0.01934	0.13211	0.03168	0.01416	0.01709	0.02128	0.02314	0.03034	0.05137	0.28958	0.05761	0.08906	0.01922	0.00542	0.01015	0.13829	0.00919	0.01027
72	0.36619	0.03612	0.02504	0.02211	0.02907	0.22476	0.01737	0.08641	0.02853	0.04540	0.01813	0.02065	0.01427	0.01159	0.00892	0.00336	0.01397	0.00720	0.00721	0.01370
73	0.11518	0.46844	0.05243	0.02034	0.02953	0.09450	0.01922	0.03593	0.02409	0.03068	0.01636	0.01892	0.01463	0.01027	0.00774	0.00268	0.01287	0.00636	0.00537	0.01448
74	0.09917	0.14881	0.03964	0.22849	0.09908	0.07112	0.02582	0.09122	0.02808	0.03800	0.02008	0.02569	0.01588	0.01138	0.01017	0.00339	0.01405	0.00883	0.00630	0.01480
75	0.09703	0.02205	0.02975	0.02187	0.03178	0.01872	0.07403	0.03667	0.02607	0.14384	0.02597	0.02783	0.01928	0.01023	0.00979	0.00260	0.01034	0.00874	0.00840	0.37500
76	0.01562	0.01186	0.01439	0.01375	0.01686	0.01062	0.01032	0.02033	0.03095	0.04195	0.39103	0.09459	0.23421	0.02553	0.01373	0.00374	0.00561	0.02211	0.01219	0.01062
77	0.09181	0.02939	0.13782	0.18740	0.05110	0.02346	0.09568	0.03104	0.02376	0.03561	0.02627	0.09896	0.02346	0.01402	0.01145	0.00370	0.01393	0.01263	0.00635	0.08216
78	0.01575	0.01140	0.01279	0.01290	0.01437	0.01069	0.00826	0.01732	0.02176	0.02817	0.11210	0.12656	0.18696	0.32811	0.03799	0.00787	0.00878	0.02077	0.00902	0.00844
79	0.02456	0.04220	0.27592	0.15032	0.11890	0.02732	0.12476	0.03530	0.02510	0.03560	0.02148	0.02776	0.01594	0.01084	0.01175	0.00374	0.01688	0.01019	0.00526	0.01617
80	0.01556	0.01185	0.01429	0.01368	0.01682	0.01059	0.01026	0.02020	0.03078	0.04156	0.38095	0.09523	0.24453	0.02567	0.01373	0.00375	0.00562	0.02220	0.01214	0.01059
81	0.01431	0.01070	0.01331	0.01499	0.01665	0.00970	0.01035	0.01692	0.02440	0.03190	0.12446	0.41968	0.18340	0.03345	0.01447	0.00442	0.00641	0.02978	0.01101	0.00970
82	0.04421	0.03258	0.03490	0.02676	0.03607	0.03607	0.02211	0.47993	0.05468	0.07330	0.02792	0.02792	0.01978	0.01396	0.01163	0.00349	0.01280	0.01047	0.01163	0.01978
83	0.03269	0.52827	0.05734	0.02120	0.03064	0.11030	0.02023	0.03632	0.02483	0.02751	0.01640	0.01896	0.01493	0.01021	0.00785	0.00255	0.01354	0.00638	0.00511	0.01474
84	0.09332	0.02840	0.05306	0.03874	0.04930	0.02723	0.32006	0.03855	0.07681	0.04009	0.02497	0.03045	0.01900	0.01039	0.01219	0.00361	0.01598	0.01202	0.00679	0.09904
85	0.03501	0.02697	0.03434	0.09195	0.13987	0.02947	0.02455	0.18241	0.16839	0.09535	0.03298	0.03385	0.02429	0.01351	0.01167	0.00366	0.01202	0.01130	0.01002	0.01838
86	0.02583	0.03321	0.19856	0.02610	0.03608	0.02145	0.07298	0.07945	0.03115	0.08698	0.15848	0.05201	0.09391	0.01669	0.01241	0.00370	0.01217	0.01445	0.00920	0.01519
87	0.04345	0.05543	0.03296	0.02996	0.03596	0.54457	0.02247	0.04644	0.03296	0.02846	0.01798	0.02097	0.01498	0.01199	0.01049	0.00300	0.02097	0.00749	0.00599	0.01348
88	0.01691	0.01128	0.01268	0.01268	0.01268	0.01128	0.00705	0.01691	0.01691	0.02255	0.03665	0.07611	0.04228	0.59126	0.05920	0.01128	0.01128	0.01691	0.00705	0.00705
89	0.02499	0.01804	0.02176	0.01731	0.02464	0.01538	0.01362	0.03271	0.07092	0.09394	0.18979	0.04844	0.05096	0.01493	0.01094	0.00277	0.00776	0.01269	0.01011	0.31830
90	0.03732	0.03173	0.03399	0.10934	0.04167	0.08789	0.02373	0.27846	0.08372	0.05476	0.02615	0.02879	0.01955	0.01425	0.01438	0.00371	0.07367	0.01034	0.00936	0.01718

[dist]
# distance from previous block
# <min> <max>
0	1

[block]
# block no. 1 follows, 10 sequences, length 52
# corresponding to MSA columns:
# 142-192,195
name=unknown_B
#
# <colnr> <probs for GDERKNQSTAVLIFYWHMCP>
#	G	D	E	R	K	N	Q	S	T	A	V	L	I	F	Y	W	H	M	C	P
0	0.67341	0.02249	0.01709	0.01529	0.02249	0.02609	0.01260	0.03419	0.01979	0.05218	0.01619	0.01889	0.01260	0.01080	0.00720	0.00360	0.00900	0.00630	0.00720	0.01260
1	0.02027	0.01844	0.02993	0.19060	0.09643	0.01922	0.06910	0.02649	0.02675	0.03518	0.13064	0.06737	0.14436	0.01918	0.01307	0.00395	0.01150	0.05657	0.00836	0.01260
2	0.02753	0.01434	0.01909	0.01651	0.02119	0.01287	0.01287	0.03272	0.03304	0.19548	0.36790	0.07222	0.08464	0.02087	0.01309	0.00364	0.00685	0.01814	0.01330	0.01371
3	0.04345	0.05543	0.03296	0.02996	0.03596	0.54457	0.02247	0.04644	0.03296	0.02846	0.01798	0.02097	0.01498	0.01199	0.01049	0.00300	0.02097	0.00749	0.00599	0.01348
4	0.01674	0.01196	0.01613	0.01613	0.01732	0.01315	0.01135	0.01913	0.01793	0.02510	0.03349	0.05865	0.03470	0.30199	0.33810	0.01553	0.02268	0.01436	0.00658	0.00896
5	0.02297	0.05134	0.42359	0.03559	0.09846	0.02524	0.03881	0.03455	0.02453	0.03621	0.02550	0.08347	0.02164	0.01363	0.01150	0.00377	0.01573	0.01135	0.00562	0.01652
6	0.03505	0.42455	0.05199	0.02312	0.03180	0.20556	0.02072	0.03854	0.02662	0.02772	0.01675	0.01940	0.01494	0.01060	0.00843	0.00265	0.01517	0.00663	0.00530	0.01446
7	0.02697	0.08979	0.08311	0.02024	0.03115	0.02230	0.01845	0.07921	0.02740	0.04044	0.02098	0.02397	0.01698	0.00959	0.00907	0.00221	0.01039	0.00738	0.00698	0.45340
8	0.04148	0.05216	0.03325	0.03002	0.03536	0.48913	0.02280	0.04443	0.03131	0.02841	0.01768	0.02146	0.01501	0.01290	0.01350	0.00322	0.08077	0.00778	0.00589	0.01340
9	0.01771	0.01293	0.01693	0.01733	0.01962	0.01390	0.01288	0.02464	0.07396	0.03378	0.09421	0.20594	0.05231	0.05093	0.22541	0.00991	0.01649	0.01928	0.07075	0.01109
10	0.04353	0.05291	0.03317	0.02961	0.03597	0.48853	0.02243	0.09421	0.03535	0.03341	0.01907	0.02174	0.01551	0.01220	0.01061	0.00305	0.02007	0.00782	0.00661	0.01418
11	0.01560	0.01185	0.01436	0.01373	0.01685	0.01061	0.01030	0.02029	0.03090	0.04183	0.38788	0.09479	0.23744	0.02557	0.01373	0.00374	0.00561	0.02214	0.01217	0.01061
12	0.41906	0.02702	0.07674	0.01941	0.02825	0.02535	0.01771	0.08142	0.02632	0.14695	0.02373	0.02449	0.01673	0.01184	0.00893	0.00360	0.01043	0.00802	0.00880	0.01521
13	0.01465	0.01046	0.01404	0.01674	0.01762	0.00986	0.01163	0.01702	0.02274	0.03022	0.06384	0.53637	0.07588	0.03599	0.01497	0.00479	0.00716	0.07565	0.01079	0.00958
14	0.02412	0.02067	0.02412	0.01723	0.02756	0.01550	0.01378	0.02929	0.02412	0.03790	0.02067	0.02412	0.01723	0.00861	0.00861	0.00172	0.00861	0.00689	0.00689	0.66236
15	0.01589	0.01187	0.01475	0.01403	0.01702	0.01073	0.01052	0.02084	0.03157	0.04343	0.42943	0.09215	0.19488	0.02497	0.01372	0.00371	0.00557	0.02177	0.01238	0.01073
16	0.01666	0.01117	0.01276	0.01301	0.01307	0.01111	0.00740	0.01685	0.01741	0.02321	0.03920	0.12326	0.04550	0.53973	0.05508	0.01067	0.01085	0.01841	0.00740	0.00727
17	0.03276	0.02399	0.02683	0.02360	0.03031	0.02645	0.01908	0.14014	0.27684	0.10202	0.04567	0.05496	0.03700	0.01808	0.01251	0.00406	0.01027	0.08607	0.01187	0.01751
18	0.01375	0.01178	0.01178	0.01178	0.01571	0.00982	0.00884	0.01669	0.02651	0.03142	0.11782	0.11193	0.51399	0.02946	0.01375	0.00393	0.00589	0.02455	0.01080	0.00982
19	0.02545	0.02545	0.03562	0.03053	0.03053	0.03562	0.02545	0.02799	0.01781	0.02799	0.01527	0.02545	0.01527	0.02036	0.03817	0.00509	0.56997	0.01018	0.00509	0.01272
20	0.67341	0.02249	0.01709	0.01529	0.02249	0.02609	0.01260	0.03419	0.01979	0.05218	0.01619	0.01889	0.01260	0.01080	0.00720	0.00360	0.00900	0.00630	0.00720	0.01260
21	0.04345	0.05543	0.03296	0.02996	0.03596	0.54457	0.02247	0.04644	0.03296	0.02846	0.01798	0.02097	0.01498	0.01199	0.01049	0.00300	0.02097	0.00749	0.00599	0.01348
22	0.02545	0.02545	0.03562	0.03053	0.03053	0.03562	0.02545	0.02799	0.01781	0.02799	0.01527	0.02545	0.01527	0.02036	0.03817	0.00509	0.56997	0.01018	0.00509	0.01272
23	0.03109	0.59826	0.06095	0.01990	0.02985	0.04602	0.01990	0.03483	0.02363	0.02736	0.01617	0.01866	0.01493	0.00995	0.00746	0.00249	0.01244	0.00622	0.00498	0.01493
24	0.03109	0.59826	0.06095	0.01990	0.02985	0.04602	0.01990	0.03483	0.02363	0.02736	0.01617	0.01866	0.01493	0.00995	0.00746	0.00249	0.01244	0.00622	0.00498	0.01493
25	0.02412	0.02067	0.02412	0.01723	0.02756	0.01550	0.01378	0.02929	0.02412	0.03790	0.02067	0.02412	0.01723	0.00861	0.00861	0.00172	0.00861	0.00689	0.00689	0.66236
26	0.11650	0.02418	0.02846	0.02206	0.03096	0.02415	0.01822	0.19004	0.03870	0.33020	0.03693	0.03362	0.02416	0.01387	0.01119	0.00356	0.01073	0.01072	0.01273	0.01901
27	0.67341	0.02249	0.01709	0.01529	0.02249	0.02609	0.01260	0.03419	0.01979	0.05218	0.01619	0.01889	0.01260	0.01080	0.00720	0.00360	0.00900	0.00630	0.00720	0.01260
28	0.08875	0.03171	0.13719	0.02894	0.03911	0.02506	0.11763	0.08756	0.08129	0.13108	0.08321	0.03738	0.03087	0.01358	0.01182	0.00372	0.01307	0.01207	0.00931	0.01665
29	0.02839	0.22253	0.27999	0.08551	0.04512	0.03196	0.03203	0.03731	0.02495	0.07973	0.02174	0.02482	0.01622	0.01108	0.01004	0.00332	0.01480	0.00833	0.00586	0.01625
30	0.04352	0.05310	0.03316	0.02964	0.03597	0.49262	0.02243	0.09073	0.03518	0.03304	0.01899	0.02168	0.01547	0.01219	0.01060	0.00305	0.02014	0.00780	0.00657	0.01413
31	0.01417	0.01012	0.01350	0.01619	0.01687	0.00945	0.01080	0.01619	0.02227	0.02969	0.06410	0.58367	0.07692	0.03644	0.01484	0.00472	0.00675	0.03306	0.01080	0.00945
32	0.04421	0.03258	0.03490	0.02676	0.03607	0.03607	0.02211	0.47993	0.05468	0.07330	0.02792	0.02792	0.01978	0.01396	0.01163	0.00349	0.01280	0.01047	0.01163	0.01978
33	0.05218	0.01979	0.02699	0.02069	0.02969	0.01709	0.01709	0.05668	0.03329	0.52677	0.04588	0.03959	0.02879	0.01439	0.01170	0.00360	0.00990	0.01170	0.01439	0.01979
34	0.01622	0.01199	0.01533	0.01569	0.01841	0.01111	0.01217	0.02087	0.02943	0.03980	0.30490	0.15294	0.16717	0.02780	0.01432	0.00416	0.00676	0.10855	0.01182	0.01056
35	0.03109	0.59826	0.06095	0.01990	0.02985	0.04602	0.01990	0.03483	0.02363	0.02736	0.01617	0.01866	0.01493	0.00995	0.00746	0.00249	0.01244	0.00622	0.00498	0.01493
36	0.01487	0.01169	0.01344	0.01330	0.01648	0.01025	0.00986	0.01877	0.02874	0.03740	0.27230	0.14144	0.31449	0.02775	0.01383	0.00389	0.00580	0.02385	0.01161	0.01025
37	0.01417	0.01012	0.01350	0.01619	0.01687	0.00945	0.01080	0.01619	0.02227	0.02969	0.06410	0.58367	0.07692	0.03644	0.01484	0.00472	0.00675	0.03306	0.01080	0.00945
38	0.04654	0.02884	0.03259	0.02498	0.03420	0.03052	0.02064	0.35611	0.04842	0.20596	0.03318	0.03134	0.02242	0.01409	0.01165	0.00352	0.01195	0.01083	0.01244	0.01978
39	0.03717	0.02833	0.03425	0.02728	0.03573	0.03089	0.06662	0.23228	0.22486	0.09995	0.03672	0.03541	0.02656	0.01429	0.01193	0.00372	0.01182	0.01197	0.01137	0.01882
40	0.09881	0.01537	0.01639	0.01464	0.01951	0.01561	0.01149	0.03745	0.07406	0.14356	0.03818	0.03996	0.02833	0.01365	0.00914	0.00311	0.00711	0.01076	0.38924	0.01363
41	0.28681	0.03018	0.02800	0.07677	0.08460	0.12926	0.02029	0.08607	0.02858	0.09723	0.02200	0.02465	0.01645	0.01179	0.00967	0.00348	0.01298	0.00836	0.00786	0.01495
42	0.01442	0.01031	0.01372	0.01602	0.01692	0.00961	0.01082	0.01682	0.02343	0.03154	0.11295	0.52956	0.08050	0.03506	0.01472	0.00461	0.00661	0.03175	0.01101	0.00961
43	0.01593	0.01169	0.01493	0.01450	0.01714	0.01069	0.01073	0.02077	0.03109	0.04320	0.42242	0.14302	0.14909	0.02574	0.01384	0.00380	0.00567	0.02270	0.01237	0.01069
44	0.04345	0.05543	0.03296	0.02996	0.03596	0.54457	0.02247	0.04644	0.03296	0.02846	0.01798	0.02097	0.01498	0.01199	0.01049	0.00300	0.02097	0.00749	0.00599	0.01348
45	0.01661	0.01246	0.01869	0.01869	0.02077	0.01454	0.01454	0.02077	0.01869	0.02700	0.03115	0.04569	0.02908	0.08723	0.54517	0.01869	0.03115	0.01246	0.00623	0.01038
46	0.01691	0.01128	0.01268	0.01268	0.01268	0.01128	0.00705	0.01691	0.01691	0.02255	0.03665	0.07611	0.04228	0.59126	0.05920	0.01128	0.01128	0.01691	0.00705	0.00705
47	0.67341	0.02249	0.01709	0.01529	0.02249	0.02609	0.01260	0.03419	0.01979	0.05218	0.01619	0.01889	0.01260	0.01080	0.00720	0.00360	0.00900	0.00630	0.00720	0.01260
48	0.02879	0.02763	0.04721	0.07139	0.51871	0.02763	0.03569	0.03569	0.02648	0.03800	0.02188	0.02879	0.01842	0.01036	0.01151	0.00345	0.01382	0.01036	0.00576	0.01842
49	0.02903	0.02425	0.03258	0.02749	0.02965	0.03130	0.02274	0.07981	0.02494	0.08132	0.07304	0.03365	0.02719	0.01947	0.03015	0.00462	0.39578	0.01152	0.00751	0.01397
50	0.03678	0.01905	0.02798	0.02248	0.02953	0.01756	0.06604	0.04430	0.07246	0.28926	0.13230	0.10469	0.04825	0.01806	0.01264	0.00379	0.00976	0.01602	0.01256	0.01650
51	0.01488	0.01153	0.01534	0.07120	0.02310	0.01120	0.01260	0.01768	0.02322	0.03004	0.07044	0.43261	0.15830	0.03250	0.01430	0.00448	0.00747	0.02903	0.01022	0.00988

[dist]
# distance from previous block
# <min> <max>
1	3

[block]
# block no. 2 follows, 10 sequences, length 50
# corresponding to MSA columns:
# 199-248
name=unknown_C
#
# <colnr> <probs for GDERKNQSTAVLIFYWHMCP>
#	G	D	E	R	K	N	Q	S	T	A	V	L	I	F	Y	W	H	M	C	P
0	0.44163	0.02796	0.02235	0.01949	0.02675	0.08859	0.01568	0.09670	0.08239	0.05172	0.02161	0.02321	0.01652	0.01194	0.00871	0.00355	0.01092	0.00779	0.00818	0.01432
1	0.02725	0.01817	0.02075	0.01840	0.02404	0.01842	0.01434	0.04191	0.20100	0.13652	0.15461	0.06807	0.16722	0.02045	0.01265	0.00382	0.00780	0.01722	0.01226	0.01511
2	0.60399	0.02219	0.01820	0.01590	0.02330	0.02509	0.01310	0.03670	0.02130	0.10522	0.01951	0.02121	0.01441	0.01120	0.00770	0.00360	0.00910	0.00690	0.00800	0.01340
3	0.03053	0.02675	0.03968	0.22103	0.27984	0.06831	0.03133	0.03711	0.02677	0.09192	0.02399	0.03013	0.01841	0.01138	0.01149	0.00357	0.01449	0.01027	0.00660	0.01640
4	0.01490	0.01147	0.01363	0.01384	0.01661	0.01019	0.01009	0.01865	0.02813	0.03704	0.26164	0.20224	0.26223	0.02870	0.01397	0.00399	0.00591	0.02497	0.01159	0.01019
5	0.02659	0.12689	0.15605	0.13765	0.12530	0.03047	0.02999	0.04097	0.13870	0.03695	0.02662	0.03008	0.02054	0.01201	0.01084	0.00355	0.01360	0.00993	0.00678	0.01649
6	0.01391	0.01113	0.01246	0.01352	0.01617	0.00967	0.00961	0.01650	0.02484	0.03074	0.09670	0.29739	0.34216	0.03220	0.01418	0.00424	0.00623	0.02789	0.01080	0.00967
7	0.03558	0.02545	0.03658	0.04409	0.24821	0.02566	0.02589	0.14539	0.03537	0.14217	0.08602	0.03754	0.03156	0.01360	0.01184	0.00352	0.01183	0.01191	0.00968	0.01813
8	0.02412	0.02067	0.02412	0.01723	0.02756	0.01550	0.01378	0.02929	0.02412	0.03790	0.02067	0.02412	0.01723	0.00861	0.00861	0.00172	0.00861	0.00689	0.00689	0.66236
9	0.01611	0.01187	0.01506	0.01426	0.01716	0.01082	0.01070	0.02127	0.03209	0.04467	0.46138	0.09013	0.16216	0.02451	0.01372	0.00369	0.00554	0.02149	0.01254	0.01082
10	0.01417	0.01012	0.01350	0.01619	0.01687	0.00945	0.01080	0.01619	0.02227	0.02969	0.06410	0.58367	0.07692	0.03644	0.01484	0.00472	0.00675	0.03306	0.01080	0.00945
11	0.01446	0.01075	0.01357	0.01570	0.01723	0.00986	0.01105	0.01696	0.02354	0.03048	0.07524	0.44601	0.16844	0.03460	0.01471	0.00461	0.00690	0.06546	0.01079	0.00963
12	0.02516	0.03020	0.10519	0.23804	0.12606	0.02761	0.20859	0.03425	0.02547	0.03455	0.02197	0.03014	0.01664	0.01068	0.01237	0.00382	0.01709	0.01148	0.00550	0.01520
13	0.02879	0.02763	0.04721	0.07139	0.51871	0.02763	0.03569	0.03569	0.02648	0.03800	0.02188	0.02879	0.01842	0.01036	0.01151	0.00345	0.01382	0.01036	0.00576	0.01842
14	0.67341	0.02249	0.01709	0.01529	0.02249	0.02609	0.01260	0.03419	0.01979	0.05218	0.01619	0.01889	0.01260	0.01080	0.00720	0.00360	0.00900	0.00630	0.00720	0.01260
15	0.03626	0.04005	0.13333	0.02931	0.03910	0.13903	0.06225	0.13710	0.12851	0.09373	0.02972	0.03031	0.02163	0.01303	0.01149	0.00356	0.01496	0.01039	0.00894	0.01731
16	0.02893	0.02498	0.02630	0.02367	0.03024	0.02893	0.01841	0.06180	0.49770	0.04865	0.04734	0.04339	0.03550	0.01578	0.01183	0.00394	0.00920	0.01315	0.01183	0.01841
17	0.02646	0.02574	0.04524	0.22806	0.33407	0.02722	0.07606	0.03391	0.02553	0.03525	0.02164	0.02975	0.01741	0.01072	0.01176	0.00363	0.01491	0.01067	0.00558	0.01639
18	0.01468	0.01091	0.01368	0.01491	0.01677	0.00991	0.01045	0.01778	0.02586	0.03441	0.19055	0.36131	0.17264	0.03178	0.01433	0.00429	0.00625	0.02826	0.01131	0.00991
19	0.04877	0.01879	0.02519	0.01959	0.02789	0.01640	0.01609	0.05337	0.03229	0.47274	0.04500	0.04001	0.02890	0.01430	0.01130	0.00350	0.00940	0.01160	0.08608	0.01879
20	0.01417	0.01012	0.01350	0.01619	0.01687	0.00945	0.01080	0.01619	0.02227	0.02969	0.06410	0.58367	0.07692	0.03644	0.01484	0.00472	0.00675	0.03306	0.01080	0.00945
21	0.01664	0.01234	0.01809	0.01809	0.01996	0.01421	0.01379	0.02038	0.01851	0.02656	0.03170	0.04872	0.03039	0.13740	0.49679	0.01795	0.02917	0.01290	0.00631	0.01005
22	0.67341	0.02249	0.01709	0.01529	0.02249	0.02609	0.01260	0.03419	0.01979	0.05218	0.01619	0.01889	0.01260	0.01080	0.00720	0.00360	0.00900	0.00630	0.00720	0.01260
23	0.01417	0.01012	0.01350	0.01619	0.01687	0.00945	0.01080	0.01619	0.02227	0.02969	0.06410	0.58367	0.07692	0.03644	0.01484	0.00472	0.00675	0.03306	0.01080	0.00945
24	0.67341	0.02249	0.01709	0.01529	0.02249	0.02609	0.01260	0.03419	0.01979	0.05218	0.01619	0.01889	0.01260	0.01080	0.00720	0.00360	0.00900	0.00630	0.00720	0.01260
25	0.03198	0.03300	0.02642	0.02410	0.02853	0.24135	0.01836	0.09053	0.02899	0.03283	0.02387	0.03170	0.02086	0.04035	0.19080	0.08555	0.02199	0.00982	0.00669	0.01229
26	0.01418	0.01147	0.01260	0.01301	0.01615	0.00990	0.00949	0.01728	0.02652	0.03306	0.15861	0.20001	0.37695	0.03007	0.01395	0.00405	0.00600	0.02574	0.01106	0.00990
27	0.02196	0.02067	0.03488	0.56331	0.08010	0.02584	0.03230	0.02972	0.02326	0.02972	0.02067	0.03101	0.01550	0.01163	0.01163	0.00388	0.01550	0.01034	0.00517	0.01292
28	0.03109	0.59826	0.06095	0.01990	0.02985	0.04602	0.01990	0.03483	0.02363	0.02736	0.01617	0.01866	0.01493	0.00995	0.00746	0.00249	0.01244	0.00622	0.00498	0.01493
29	0.03188	0.04933	0.31173	0.03243	0.04579	0.11053	0.08623	0.04174	0.02772	0.11649	0.02484	0.02725	0.01744	0.01161	0.01138	0.00358	0.01689	0.00953	0.00677	0.01683
30	0.02196	0.02067	0.03488	0.56331	0.08010	0.02584	0.03230	0.02972	0.02326	0.02972	0.02067	0.03101	0.01550	0.01163	0.01163	0.00388	0.01550	0.01034	0.00517	0.01292
31	0.01417	0.01012	0.01350	0.01619	0.01687	0.00945	0.01080	0.01619	0.02227	0.02969	0.06410	0.58367	0.07692	0.03644	0.01484	0.00472	0.00675	0.03306	0.01080	0.00945
32	0.18432	0.02124	0.02533	0.02188	0.02520	0.02633	0.01800	0.03271	0.02139	0.09580	0.02350	0.02900	0.01904	0.01603	0.02174	0.00409	0.25899	0.00955	0.13269	0.01316
33	0.02441	0.02545	0.04996	0.33358	0.07147	0.02744	0.23070	0.03308	0.02513	0.03308	0.02195	0.03117	0.01646	0.01081	0.01256	0.00390	0.01734	0.01185	0.00549	0.01416
34	0.02407	0.01523	0.01983	0.02024	0.02376	0.01509	0.01635	0.07634	0.02921	0.09564	0.05678	0.25510	0.06038	0.02939	0.01466	0.00473	0.00957	0.20997	0.01128	0.01239
35	0.01713	0.01152	0.01340	0.01371	0.01402	0.01152	0.00842	0.01776	0.01807	0.02399	0.03957	0.08258	0.04518	0.52562	0.05413	0.01058	0.01121	0.06664	0.00748	0.00748
36	0.03908	0.02891	0.04724	0.03469	0.04496	0.02856	0.21335	0.18782	0.03786	0.17008	0.03050	0.03227	0.02110	0.01231	0.01254	0.00370	0.01497	0.01215	0.00988	0.01805
37	0.02643	0.02239	0.02926	0.02434	0.03065	0.02392	0.07580	0.09459	0.23166	0.04940	0.19516	0.05434	0.05579	0.01742	0.01268	0.00379	0.00975	0.01551	0.01136	0.01577
38	0.02984	0.02367	0.03480	0.04187	0.24723	0.02113	0.02400	0.03570	0.02636	0.10134	0.02448	0.02821	0.01926	0.01014	0.01031	0.00274	0.01110	0.00906	0.00736	0.29139
39	0.55081	0.02306	0.02293	0.01900	0.02681	0.02551	0.05667	0.03672	0.02186	0.09802	0.01984	0.02213	0.01468	0.01106	0.00826	0.00363	0.01008	0.00753	0.00779	0.01360
40	0.03012	0.02635	0.02096	0.01950	0.02391	0.16503	0.01521	0.08574	0.03070	0.04158	0.03418	0.04660	0.02925	0.01557	0.01024	0.00323	0.01138	0.06556	0.31227	0.01263
41	0.01646	0.01189	0.01555	0.01463	0.01738	0.01097	0.01097	0.02195	0.03292	0.04664	0.51257	0.08688	0.10974	0.02378	0.01372	0.00366	0.00549	0.02103	0.01280	0.01097
42	0.02585	0.10573	0.22012	0.12356	0.10635	0.02966	0.08290	0.03858	0.08614	0.03626	0.02413	0.02862	0.01833	0.01141	0.01118	0.00361	0.01519	0.00997	0.00607	0.01636
43	0.02020	0.01010	0.01515	0.01515	0.01515	0.01010	0.01010	0.01515	0.01515	0.02020	0.02020	0.03535	0.02020	0.04040	0.04545	0.66162	0.01010	0.01010	0.00505	0.00505
44	0.02991	0.02188	0.03609	0.09139	0.04027	0.02256	0.12938	0.03542	0.02668	0.16053	0.04809	0.04996	0.12758	0.01720	0.01696	0.00403	0.10388	0.01456	0.00894	0.01467
45	0.02261	0.02194	0.03887	0.50248	0.07782	0.02626	0.08483	0.03061	0.02375	0.03061	0.02101	0.03105	0.01576	0.01141	0.01188	0.00388	0.01599	0.01074	0.00525	0.01325
46	0.02412	0.02067	0.02412	0.01723	0.02756	0.01550	0.01378	0.02929	0.02412	0.03790	0.02067	0.02412	0.01723	0.00861	0.00861	0.00172	0.00861	0.00689	0.00689	0.66236
47	0.11437	0.02921	0.11693	0.03179	0.09413	0.02263	0.08262	0.04576	0.02870	0.26878	0.03253	0.03233	0.02189	0.01235	0.01130	0.00364	0.01272	0.01065	0.00986	0.01782
48	0.03019	0.23613	0.12192	0.02268	0.03286	0.03252	0.02234	0.13491	0.03206	0.04309	0.07893	0.03052	0.02752	0.01251	0.00990	0.00295	0.01198	0.00942	0.00766	0.09990
49	0.03070	0.02631	0.03076	0.03192	0.11166	0.02955	0.02170	0.10658	0.36780	0.04978	0.04085	0.03916	0.03083	0.01467	0.01176	0.00381	0.01039	0.01237	0.01081	0.01857

[dist]
# distance from previous block
# <min> <max>
0	1

[block]
# block no. 3 follows, 10 sequences, length 22
# corresponding to MSA columns:
# 250-271
name=unknown_D
#
# <colnr> <probs for GDERKNQSTAVLIFYWHMCP>
#	G	D	E	R	K	N	Q	S	T	A	V	L	I	F	Y	W	H	M	C	P
0	0.02372	0.04056	0.27944	0.02525	0.03903	0.02130	0.02848	0.03309	0.02434	0.03736	0.02077	0.02434	0.01597	0.00984	0.00984	0.00271	0.01293	0.00775	0.00589	0.33738
1	0.22313	0.18515	0.14706	0.03022	0.09052	0.03211	0.07253	0.03541	0.02339	0.03913	0.01860	0.02247	0.01486	0.01047	0.00926	0.00334	0.01332	0.00801	0.00582	0.01518
2	0.01881	0.01347	0.01669	0.01656	0.01938	0.01427	0.01271	0.02622	0.07692	0.03534	0.10387	0.06784	0.08961	0.09420	0.18314	0.00913	0.01503	0.05956	0.11613	0.01112
3	0.10738	0.02395	0.02716	0.07652	0.03463	0.02314	0.01771	0.14563	0.03135	0.04786	0.02199	0.02518	0.01714	0.01056	0.00953	0.00263	0.01045	0.00810	0.00797	0.35111
4	0.03147	0.02217	0.02818	0.08040	0.07796	0.02342	0.02005	0.19280	0.03682	0.10050	0.08764	0.16558	0.04293	0.01972	0.01260	0.00384	0.01068	0.01696	0.01066	0.01563
5	0.10257	0.32698	0.04696	0.02534	0.07471	0.03734	0.02063	0.11097	0.02972	0.09500	0.02200	0.02351	0.01737	0.01124	0.00897	0.00298	0.01198	0.00793	0.00745	0.01635
6	0.03463	0.15901	0.13980	0.02528	0.03526	0.09112	0.02448	0.19653	0.03618	0.04774	0.02391	0.02612	0.01823	0.01224	0.01012	0.00318	0.01376	0.00888	0.07697	0.01655
7	0.02020	0.01010	0.01515	0.01515	0.01515	0.01010	0.01010	0.01515	0.01515	0.02020	0.02020	0.03535	0.02020	0.04040	0.04545	0.66162	0.01010	0.01010	0.00505	0.00505
8	0.01652	0.01140	0.01293	0.01282	0.01357	0.01108	0.00771	0.01750	0.01987	0.02640	0.10272	0.08123	0.10078	0.46282	0.04886	0.00957	0.01000	0.01823	0.00814	0.00782
9	0.04345	0.05543	0.03296	0.02996	0.03596	0.54457	0.02247	0.04644	0.03296	0.02846	0.01798	0.02097	0.01498	0.01199	0.01049	0.00300	0.02097	0.00749	0.00599	0.01348
10	0.02055	0.01367	0.01688	0.01658	0.02012	0.01296	0.01266	0.02718	0.07118	0.08911	0.19934	0.19372	0.16290	0.02678	0.01383	0.00414	0.00719	0.06738	0.01183	0.01199
11	0.01800	0.01253	0.01629	0.01788	0.01947	0.01253	0.01401	0.02119	0.02278	0.02984	0.05148	0.10888	0.05695	0.25859	0.03353	0.00775	0.01094	0.26889	0.00923	0.00923
12	0.01537	0.01105	0.01457	0.01537	0.01714	0.01025	0.01089	0.01922	0.02787	0.03860	0.29985	0.32253	0.09417	0.02978	0.01425	0.00416	0.00608	0.02674	0.01185	0.01025
13	0.01397	0.01091	0.01268	0.01410	0.01632	0.00962	0.00987	0.01643	0.02428	0.03051	0.08958	0.35990	0.28424	0.03313	0.01432	0.00435	0.00634	0.02902	0.01080	0.00962
14	0.02545	0.02545	0.03562	0.03053	0.03053	0.03562	0.02545	0.02799	0.01781	0.02799	0.01527	0.02545	0.01527	0.02036	0.03817	0.00509	0.56997	0.01018	0.00509	0.01272
15	0.02745	0.03137	0.06863	0.04902	0.06078	0.02941	0.47647	0.03725	0.02745	0.03725	0.02353	0.03137	0.01765	0.00980	0.01373	0.00392	0.01961	0.01373	0.00588	0.01569
16	0.04345	0.05543	0.03296	0.02996	0.03596	0.54457	0.02247	0.04644	0.03296	0.02846	0.01798	0.02097	0.01498	0.01199	0.01049	0.00300	0.02097	0.00749	0.00599	0.01348
17	0.02196	0.02067	0.03488	0.56331	0.08010	0.02584	0.03230	0.02972	0.02326	0.02972	0.02067	0.03101	0.01550	0.01163	0.01163	0.00388	0.01550	0.01034	0.00517	0.01292
18	0.02362	0.01451	0.01852	0.01654	0.02071	0.01379	0.01273	0.03170	0.07966	0.12630	0.38861	0.07468	0.08889	0.02142	0.01319	0.00368	0.00659	0.01870	0.01297	0.01318
19	0.03465	0.02909	0.09446	0.02780	0.03623	0.02647	0.07127	0.09224	0.07905	0.16696	0.03008	0.03166	0.02178	0.01418	0.01672	0.00377	0.12159	0.01077	0.00918	0.08205
20	0.02466	0.02437	0.03546	0.15098	0.04174	0.03341	0.02699	0.02838	0.01904	0.02838	0.01649	0.02670	0.01532	0.01838	0.03217	0.00481	0.44462	0.01021	0.00511	0.01277
21	0.18432	0.02734	0.02827	0.02287	0.03112	0.03024	0.01865	0.24803	0.13260	0.11489	0.03117	0.03028	0.02231	0.01366	0.01068	0.00362	0.01090	0.01020	0.01098	0.01788

[dist]
# distance from previous block
# <min> <max>
0	3

[block]
# block no. 4 follows, 10 sequences, length 28
# corresponding to MSA columns:
# 275-302
name=unknown_E
#
# <colnr> <probs for GDERKNQSTAVLIFYWHMCP>
#	G	D	E	R	K	N	Q	S	T	A	V	L	I	F	Y	W	H	M	C	P
0	0.02879	0.02763	0.04721	0.07139	0.51871	0.02763	0.03569	0.03569	0.02648	0.03800	0.02188	0.02879	0.01842	0.01036	0.01151	0.00345	0.01382	0.01036	0.00576	0.01842
1	0.04458	0.05079	0.03218	0.02876	0.03514	0.47590	0.02177	0.04777	0.03300	0.09333	0.02161	0.02340	0.01678	0.01230	0.01064	0.00307	0.01953	0.00804	0.00709	0.01430
2	0.03738	0.01875	0.02288	0.01904	0.02551	0.01864	0.01529	0.08951	0.08691	0.25241	0.04072	0.04041	0.02895	0.02198	0.06699	0.00500	0.01125	0.01161	0.17032	0.01644
3	0.01476	0.01163	0.01331	0.01330	0.01643	0.01018	0.00982	0.01850	0.02829	0.03661	0.25147	0.15738	0.32046	0.02825	0.01386	0.00392	0.00585	0.02428	0.01151	0.01018
4	0.03346	0.02846	0.04154	0.17059	0.15304	0.03096	0.08148	0.22188	0.03771	0.05077	0.02433	0.02927	0.01819	0.01213	0.01186	0.00363	0.01449	0.01080	0.00811	0.01732
5	0.02407	0.11193	0.48578	0.03187	0.04837	0.02884	0.04075	0.03664	0.02447	0.03592	0.02042	0.02399	0.01475	0.01094	0.01070	0.00357	0.01673	0.00837	0.00492	0.01697
6	0.10409	0.08991	0.09931	0.25122	0.05351	0.02825	0.02719	0.08231	0.02757	0.09660	0.02345	0.02813	0.01703	0.01185	0.01060	0.00359	0.01369	0.00937	0.00712	0.01519
7	0.02474	0.01923	0.02738	0.02433	0.02625	0.02446	0.01981	0.02820	0.01997	0.08501	0.02560	0.03575	0.02274	0.04832	0.25232	0.01074	0.27465	0.01133	0.00665	0.01254
8	0.01417	0.01012	0.01350	0.01619	0.01687	0.00945	0.01080	0.01619	0.02227	0.02969	0.06410	0.58367	0.07692	0.03644	0.01484	0.00472	0.00675	0.03306	0.01080	0.00945
9	0.03030	0.02048	0.02475	0.01799	0.02803	0.01585	0.01451	0.03532	0.02614	0.14566	0.02623	0.02753	0.01978	0.00989	0.00929	0.00214	0.00890	0.00795	0.00854	0.52071
10	0.03835	0.03002	0.03378	0.08675	0.09441	0.08107	0.02310	0.22813	0.03939	0.10931	0.02664	0.02853	0.01942	0.01245	0.01112	0.00326	0.01315	0.00982	0.00941	0.10191
11	0.01830	0.01078	0.01373	0.01373	0.01373	0.01078	0.00834	0.01617	0.01617	0.02156	0.02971	0.05891	0.03297	0.35880	0.05340	0.28571	0.01078	0.01404	0.00620	0.00620
12	0.01464	0.01046	0.01403	0.01673	0.01761	0.00985	0.01161	0.01700	0.02273	0.03021	0.06384	0.53742	0.07590	0.03600	0.01497	0.00479	0.00715	0.07470	0.01079	0.00958
13	0.03109	0.59826	0.06095	0.01990	0.02985	0.04602	0.01990	0.03483	0.02363	0.02736	0.01617	0.01866	0.01493	0.00995	0.00746	0.00249	0.01244	0.00622	0.00498	0.01493
14	0.01463	0.01044	0.01393	0.01614	0.01689	0.01009	0.01084	0.01669	0.02147	0.02883	0.05863	0.48941	0.06942	0.08778	0.06958	0.00662	0.00947	0.02973	0.01004	0.00934
15	0.01646	0.01189	0.01555	0.01463	0.01738	0.01097	0.01097	0.02195	0.03292	0.04664	0.51257	0.08688	0.10974	0.02378	0.01372	0.00366	0.00549	0.02103	0.01280	0.01097
16	0.01565	0.01186	0.01443	0.01378	0.01688	0.01063	0.01034	0.02038	0.03101	0.04211	0.39508	0.09433	0.23006	0.02547	0.01373	0.00374	0.00561	0.02208	0.01221	0.01063
17	0.02020	0.01010	0.01515	0.01515	0.01515	0.01010	0.01010	0.01515	0.01515	0.02020	0.02020	0.03535	0.02020	0.04040	0.04545	0.66162	0.01010	0.01010	0.00505	0.00505
18	0.67341	0.02249	0.01709	0.01529	0.02249	0.02609	0.01260	0.03419	0.01979	0.05218	0.01619	0.01889	0.01260	0.01080	0.00720	0.00360	0.00900	0.00630	0.00720	0.01260
19	0.02545	0.02545	0.03562	0.03053	0.03053	0.03562	0.02545	0.02799	0.01781	0.02799	0.01527	0.02545	0.01527	0.02036	0.03817	0.00509	0.56997	0.01018	0.00509	0.01272
20	0.02333	0.06016	0.53100	0.03315	0.05034	0.02701	0.04297	0.03683	0.02455	0.03683	0.02087	0.02455	0.01473	0.01105	0.01105	0.00368	0.01719	0.00859	0.00491	0.01719
21	0.02545	0.02545	0.03562	0.03053	0.03053	0.03562	0.02545	0.02799	0.01781	0.02799	0.01527	0.02545	0.01527	0.02036	0.03817	0.00509	0.56997	0.01018	0.00509	0.01272
