[name]
unknown

[dist]
# distance from previous block
# <min> <max>
0	58

[block]
# block no. 0 follows, 14 sequences, length 35
# corresponding to MSA columns:
# 58-82,84-93
name=unknown_A
#
# <colnr> <probs for GDERKNQSTAVLIFYWHMCP>
#	G	D	E	R	K	N	Q	S	T	A	V	L	I	F	Y	W	H	M	C	P
0	0.02706	0.01189	0.01376	0.01213	0.01615	0.01119	0.00950	0.03160	0.02383	0.19856	0.03554	0.03728	0.02604	0.01218	0.00810	0.00262	0.00595	0.00979	0.49495	0.01189
1	0.01469	0.01104	0.01382	0.01490	0.01658	0.01095	0.01047	0.02082	0.09467	0.03157	0.16088	0.43663	0.06890	0.02736	0.01253	0.00388	0.00602	0.02458	0.01002	0.00969
2	0.01452	0.01049	0.01372	0.01291	0.01533	0.00968	0.00968	0.01937	0.02905	0.04115	0.56992	0.07666	0.09683	0.02098	0.01210	0.00323	0.00484	0.01856	0.01130	0.00968
3	0.02553	0.02204	0.02320	0.02088	0.02669	0.02553	0.01624	0.05453	0.55679	0.04293	0.04177	0.03829	0.03133	0.01392	0.01044	0.00348	0.00812	0.01160	0.01044	0.01624
4	0.71184	0.01985	0.01508	0.01350	0.01985	0.02302	0.01111	0.03017	0.01746	0.04604	0.01429	0.01667	0.01111	0.00953	0.00635	0.00318	0.00794	0.00556	0.00635	0.01111
5	0.71184	0.01985	0.01508	0.01350	0.01985	0.02302	0.01111	0.03017	0.01746	0.04604	0.01429	0.01667	0.01111	0.00953	0.00635	0.00318	0.00794	0.00556	0.00635	0.01111
6	0.03653	0.01987	0.02427	0.02010	0.02683	0.01997	0.01671	0.18218	0.07642	0.28364	0.03891	0.04842	0.03036	0.01581	0.01108	0.00348	0.00954	0.10892	0.01119	0.01576
7	0.71184	0.01985	0.01508	0.01350	0.01985	0.02302	0.01111	0.03017	0.01746	0.04604	0.01429	0.01667	0.01111	0.00953	0.00635	0.00318	0.00794	0.00556	0.00635	0.01111
8	0.01492	0.00995	0.01119	0.01119	0.01119	0.00995	0.00622	0.01492	0.01492	0.01990	0.03233	0.06716	0.03731	0.63935	0.05223	0.00995	0.00995	0.01492	0.00622	0.00622
9	0.01345	0.00966	0.01276	0.01364	0.01509	0.00897	0.00960	0.01667	0.02406	0.03322	0.29774	0.37144	0.08148	0.02690	0.01263	0.00373	0.00543	0.02419	0.01036	0.00897
10	0.71184	0.01985	0.01508	0.01350	0.01985	0.02302	0.01111	0.03017	0.01746	0.04604	0.01429	0.01667	0.01111	0.00953	0.00635	0.00318	0.00794	0.00556	0.00635	0.01111
11	0.02033	0.01962	0.03440	0.51577	0.11249	0.02322	0.07470	0.02727	0.02110	0.02745	0.01856	0.02722	0.01407	0.01002	0.01042	0.00339	0.01388	0.00939	0.00466	0.01204
12	0.02070	0.01997	0.02986	0.22769	0.04117	0.02679	0.02366	0.02465	0.01743	0.02514	0.01637	0.02575	0.01464	0.02064	0.07658	0.00521	0.35883	0.00921	0.00461	0.01110
13	0.01304	0.00934	0.01238	0.01393	0.01500	0.00869	0.00957	0.01563	0.02212	0.03013	0.19174	0.48624	0.07550	0.02921	0.01284	0.00392	0.00566	0.02638	0.00999	0.00869
14	0.01452	0.01049	0.01372	0.01291	0.01533	0.00968	0.00968	0.01937	0.02905	0.04115	0.56992	0.07666	0.09683	0.02098	0.01210	0.00323	0.00484	0.01856	0.01130	0.00968
15	0.02279	0.07802	0.32723	0.11448	0.04817	0.02569	0.13970	0.06437	0.02371	0.03324	0.01903	0.02361	0.01394	0.00970	0.01016	0.00324	0.01489	0.00873	0.00493	0.01437
16	0.02375	0.02078	0.03910	0.03577	0.12306	0.01986	0.23099	0.03022	0.02435	0.08213	0.03384	0.05820	0.03150	0.01586	0.01235	0.00380	0.01302	0.18105	0.00732	0.01305
17	0.01250	0.00893	0.01191	0.01429	0.01488	0.00834	0.00953	0.01429	0.01965	0.02620	0.05656	0.63265	0.06787	0.03215	0.01310	0.00417	0.00595	0.02917	0.00953	0.00834
18	0.01338	0.00961	0.01269	0.01369	0.01508	0.00892	0.00959	0.01649	0.02372	0.03268	0.27901	0.39172	0.08042	0.02731	0.01267	0.00376	0.00547	0.02457	0.01029	0.00892
19	0.08835	0.29048	0.26721	0.02207	0.03319	0.02990	0.02515	0.03306	0.02161	0.07754	0.01823	0.02021	0.01396	0.00958	0.00819	0.00280	0.01223	0.00677	0.00526	0.01418
20	0.03049	0.02419	0.03079	0.28012	0.04869	0.02791	0.02341	0.31767	0.03622	0.04799	0.02186	0.02582	0.01582	0.01143	0.01026	0.00323	0.01233	0.00919	0.00779	0.01483
21	0.71184	0.01985	0.01508	0.01350	0.01985	0.02302	0.01111	0.03017	0.01746	0.04604	0.01429	0.01667	0.01111	0.00953	0.00635	0.00318	0.00794	0.00556	0.00635	0.01111
22	0.07846	0.07678	0.03365	0.18280	0.11942	0.02230	0.06807	0.03643	0.02412	0.21994	0.02562	0.02797	0.01802	0.01061	0.00983	0.00316	0.01145	0.00923	0.00759	0.01455
23	0.01802	0.02259	0.17104	0.01932	0.02449	0.01552	0.01869	0.02323	0.05532	0.02570	0.02306	0.03229	0.02021	0.04149	0.22481	0.22265	0.01705	0.00947	0.00521	0.00985
24	0.02169	0.13072	0.31640	0.18351	0.09177	0.02613	0.03187	0.03051	0.02138	0.02968	0.01782	0.02268	0.01347	0.00969	0.00944	0.00312	0.01390	0.00780	0.00446	0.01397
25	0.01452	0.01049	0.01372	0.01291	0.01533	0.00968	0.00968	0.01937	0.02905	0.04115	0.56992	0.07666	0.09683	0.02098	0.01210	0.00323	0.00484	0.01856	0.01130	0.00968
26	0.02225	0.01673	0.02030	0.01804	0.02180	0.01858	0.01416	0.03500	0.20928	0.08869	0.26444	0.05230	0.05648	0.01739	0.01429	0.00348	0.08960	0.01412	0.01021	0.01286
27	0.02534	0.01288	0.01718	0.01475	0.01906	0.01154	0.01154	0.02988	0.02916	0.22691	0.38823	0.06234	0.07232	0.01814	0.01149	0.00321	0.00618	0.01573	0.01178	0.01235
28	0.01492	0.00995	0.01119	0.01119	0.01119	0.00995	0.00622	0.01492	0.01492	0.01990	0.03233	0.06716	0.03731	0.63935	0.05223	0.00995	0.00995	0.01492	0.00622	0.00622
29	0.02744	0.64552	0.05378	0.01756	0.02634	0.04061	0.01756	0.03073	0.02085	0.02414	0.01427	0.01646	0.01317	0.00878	0.00658	0.00219	0.01097	0.00549	0.00439	0.01317
30	0.01325	0.01031	0.01204	0.01189	0.01462	0.00910	0.00881	0.01679	0.02562	0.03368	0.31101	0.13721	0.31031	0.02428	0.01221	0.00342	0.00510	0.02093	0.01033	0.00910
31	0.02796	0.01889	0.02896	0.41044	0.05587	0.02151	0.02426	0.07434	0.02509	0.17497	0.02458	0.02912	0.01706	0.01107	0.01028	0.00333	0.01219	0.00944	0.00716	0.01348
32	0.02773	0.07580	0.07710	0.02106	0.06499	0.01882	0.01722	0.03461	0.06240	0.15263	0.02455	0.02540	0.01830	0.00957	0.00868	0.00234	0.00917	0.00770	0.00747	0.33445
33	0.02081	0.01576	0.02324	0.13698	0.11407	0.01547	0.01804	0.02550	0.02305	0.08091	0.10082	0.15814	0.04032	0.01705	0.01095	0.00327	0.00905	0.05654	0.00785	0.12218
34	0.08041	0.07506	0.20304	0.02390	0.07927	0.02015	0.02213	0.02814	0.02108	0.03289	0.02124	0.07653	0.01888	0.01090	0.00883	0.00264	0.01054	0.00884	0.00565	0.24988

[dist]
# distance from previous block
# <min> <max>
1	14

[block]
# block no. 1 follows, 14 sequences, length 34
# corresponding to MSA columns:
# 108-141
name=unknown_B
#
# <colnr> <probs for GDERKNQSTAVLIFYWHMCP>
#	G	D	E	R	K	N	Q	S	T	A	V	L	I	F	Y	W	H	M	C	P
0	0.02380	0.11884	0.10991	0.13120	0.07990	0.02391	0.05622	0.07285	0.02381	0.03329	0.01847	0.02273	0.01462	0.00914	0.00894	0.00258	0.01153	0.00764	0.00554	0.22507
1	0.13717	0.01777	0.02441	0.31796	0.04614	0.01950	0.01999	0.02578	0.01962	0.03069	0.01754	0.02436	0.01395	0.01149	0.01131	0.05822	0.01084	0.00775	0.00523	0.18029
2	0.02292	0.01498	0.01936	0.01681	0.02021	0.01594	0.01347	0.02624	0.02413	0.15625	0.17147	0.06056	0.20404	0.01987	0.01700	0.00360	0.15693	0.01527	0.00941	0.01152
3	0.02667	0.01796	0.02291	0.02324	0.09770	0.01811	0.01587	0.09864	0.11980	0.14338	0.19677	0.05065	0.09217	0.01595	0.01099	0.00324	0.00798	0.01364	0.01028	0.01405
4	0.02496	0.01604	0.01995	0.01759	0.02107	0.01736	0.01346	0.15147	0.07326	0.07029	0.02527	0.03242	0.02115	0.03525	0.14814	0.27131	0.01341	0.00978	0.00721	0.01062
5	0.01526	0.01253	0.01805	0.05012	0.02231	0.01193	0.05698	0.01930	0.02362	0.03077	0.16643	0.12082	0.21102	0.06838	0.01546	0.00421	0.00798	0.12640	0.00897	0.00944
6	0.01761	0.01607	0.02878	0.07382	0.03131	0.01547	0.16648	0.02346	0.02604	0.03607	0.31430	0.10868	0.06316	0.01745	0.01204	0.00340	0.00936	0.01682	0.00876	0.01093
7	0.71184	0.01985	0.01508	0.01350	0.01985	0.02302	0.01111	0.03017	0.01746	0.04604	0.01429	0.01667	0.01111	0.00953	0.00635	0.00318	0.00794	0.00556	0.00635	0.01111
8	0.02744	0.64552	0.05378	0.01756	0.02634	0.04061	0.01756	0.03073	0.02085	0.02414	0.01427	0.01646	0.01317	0.00878	0.00658	0.00219	0.01097	0.00549	0.00439	0.01317
9	0.01250	0.00893	0.01191	0.01429	0.01488	0.00834	0.00953	0.01429	0.01965	0.02620	0.05656	0.63265	0.06787	0.03215	0.01310	0.00417	0.00595	0.02917	0.00953	0.00834
10	0.02125	0.01940	0.02847	0.43397	0.05729	0.02363	0.02477	0.03484	0.18372	0.03130	0.02540	0.03069	0.01905	0.01137	0.01032	0.00344	0.01199	0.00988	0.00635	0.01287
11	0.03023	0.20506	0.04112	0.03811	0.24446	0.16663	0.02376	0.07747	0.02617	0.03157	0.01753	0.02118	0.01477	0.00966	0.00895	0.00271	0.01328	0.00752	0.00538	0.01445
12	0.02747	0.01732	0.02216	0.07061	0.02836	0.01450	0.01428	0.03186	0.02338	0.18793	0.02744	0.07191	0.02194	0.01114	0.00903	0.00236	0.00835	0.00930	0.00808	0.39258
13	0.03306	0.11422	0.10625	0.06714	0.07315	0.02697	0.06318	0.19316	0.03164	0.15496	0.02458	0.02574	0.01745	0.01093	0.00984	0.00305	0.01191	0.00894	0.00805	0.01579
14	0.02876	0.36765	0.05155	0.02592	0.03484	0.07809	0.17172	0.03364	0.02315	0.06950	0.01832	0.02136	0.01482	0.00918	0.00872	0.00268	0.01327	0.00791	0.00533	0.01360
15	0.01436	0.01048	0.01348	0.01273	0.01523	0.00961	0.00955	0.01904	0.02865	0.04020	0.53705	0.07822	0.13029	0.02133	0.01211	0.00324	0.00487	0.01878	0.01117	0.00961
16	0.03183	0.16641	0.12178	0.07011	0.07375	0.02335	0.02170	0.03736	0.02461	0.24007	0.02870	0.03347	0.02160	0.01207	0.00966	0.00309	0.01098	0.04653	0.00801	0.01494
17	0.03010	0.11852	0.13445	0.11774	0.11739	0.02375	0.06493	0.03648	0.02415	0.19696	0.02477	0.02677	0.01755	0.01040	0.00978	0.00308	0.01212	0.00891	0.00708	0.01506
18	0.04604	0.01746	0.02382	0.01826	0.02620	0.01508	0.01508	0.05001	0.02937	0.58244	0.04049	0.03493	0.02540	0.01270	0.01032	0.00318	0.00873	0.01032	0.01270	0.01746
19	0.01596	0.00980	0.01087	0.01106	0.01321	0.00930	0.00797	0.01964	0.02240	0.03404	0.14181	0.13956	0.13336	0.06450	0.01296	0.00351	0.00540	0.01621	0.31943	0.00902
20	0.02805	0.03279	0.21874	0.03947	0.20658	0.02246	0.10597	0.03598	0.02422	0.15006	0.02375	0.02655	0.01704	0.01003	0.01035	0.00320	0.01319	0.00933	0.00648	0.01580
21	0.71184	0.01985	0.01508	0.01350	0.01985	0.02302	0.01111	0.03017	0.01746	0.04604	0.01429	0.01667	0.01111	0.00953	0.00635	0.00318	0.00794	0.00556	0.00635	0.01111
22	0.02688	0.01636	0.02153	0.02171	0.06637	0.01604	0.01653	0.10347	0.02888	0.16590	0.08390	0.07223	0.09101	0.02012	0.01206	0.00377	0.00906	0.20107	0.01012	0.01297
23	0.02464	0.37286	0.24883	0.02417	0.03543	0.03314	0.07241	0.03157	0.02146	0.02799	0.01637	0.01938	0.01333	0.00912	0.00824	0.00270	0.01308	0.00686	0.00444	0.01396
24	0.01715	0.01105	0.01289	0.01227	0.01495	0.01089	0.00925	0.02388	0.06800	0.04019	0.32428	0.05903	0.06485	0.01699	0.01010	0.00293	0.00508	0.01459	0.27147	0.01016
25	0.01452	0.01049	0.01372	0.01291	0.01533	0.00968	0.00968	0.01937	0.02905	0.04115	0.56992	0.07666	0.09683	0.02098	0.01210	0.00323	0.00484	0.01856	0.01130	0.00968
26	0.01603	0.00956	0.01202	0.01202	0.01202	0.00956	0.00724	0.01433	0.01433	0.01911	0.02682	0.05349	0.02991	0.41000	0.04763	0.27264	0.00956	0.01264	0.00555	0.00555
27	0.02245	0.02245	0.03143	0.02694	0.02694	0.03143	0.02245	0.02470	0.01572	0.02470	0.01347	0.02245	0.01347	0.01796	0.03368	0.00449	0.62057	0.00898	0.00449	0.01123
28	0.01428	0.01022	0.01087	0.01071	0.01371	0.00908	0.00803	0.01785	0.02409	0.03295	0.18154	0.07987	0.34533	0.02163	0.01094	0.00316	0.00503	0.01815	0.17347	0.00908
29	0.04604	0.01746	0.02382	0.01826	0.02620	0.01508	0.01508	0.05001	0.02937	0.58244	0.04049	0.03493	0.02540	0.01270	0.01032	0.00318	0.00873	0.01032	0.01270	0.01746
30	0.03332	0.02030	0.02344	0.01989	0.02650	0.02156	0.01580	0.05281	0.35642	0.24789	0.04128	0.03701	0.02908	0.01346	0.01040	0.00336	0.00835	0.01112	0.01130	0.01671
31	0.03330	0.01422	0.01929	0.01675	0.02190	0.01252	0.01297	0.03644	0.02568	0.37112	0.04659	0.26201	0.04154	0.02009	0.01138	0.00355	0.00768	0.01748	0.01150	0.01400
32	0.03407	0.01481	0.01998	0.01623	0.02207	0.01303	0.01303	0.03837	0.02925	0.37680	0.24162	0.05078	0.05254	0.01585	0.01100	0.00320	0.00725	0.01345	0.01217	0.01451
33	0.28362	0.01885	0.01893	0.01455	0.02262	0.01723	0.01176	0.02748	0.01983	0.03823	0.01674	0.01953	0.01365	0.00833	0.00713	0.00215	0.00773	0.00588	0.00618	0.43958

[dist]
# distance from previous block
# <min> <max>
0	3

[block]
# block no. 2 follows, 14 sequences, length 52
# corresponding to MSA columns:
# 145-196
name=unknown_C
#
# <colnr> <probs for GDERKNQSTAVLIFYWHMCP>
#	G	D	E	R	K	N	Q	S	T	A	V	L	I	F	Y	W	H	M	C	P
0	0.09205	0.03494	0.02494	0.02112	0.02792	0.33007	0.01621	0.03440	0.02515	0.03007	0.01660	0.01937	0.01377	0.00938	0.00838	0.00227	0.01352	0.00632	0.00568	0.26785
1	0.03163	0.01700	0.02199	0.01856	0.02408	0.01744	0.01495	0.10505	0.07390	0.25740	0.03364	0.03583	0.02495	0.03660	0.22858	0.00813	0.01598	0.01054	0.00950	0.01427
2	0.01990	0.01570	0.02165	0.02027	0.02125	0.01920	0.01577	0.02208	0.01876	0.07484	0.03598	0.30833	0.03992	0.02412	0.02200	0.00422	0.27950	0.01852	0.00757	0.01043
3	0.03757	0.04077	0.07630	0.02749	0.06993	0.38326	0.02117	0.04153	0.02811	0.14631	0.02162	0.02280	0.01604	0.01086	0.00959	0.00284	0.01567	0.00767	0.00679	0.01368
4	0.01931	0.02265	0.10665	0.15507	0.21913	0.01898	0.02442	0.02522	0.02227	0.02993	0.04223	0.08802	0.15357	0.01524	0.01082	0.00334	0.01076	0.01343	0.00628	0.01268
5	0.03573	0.16162	0.15640	0.02104	0.03080	0.02402	0.02111	0.08574	0.02750	0.29336	0.02850	0.02708	0.01929	0.01116	0.00938	0.00297	0.01088	0.00857	0.00883	0.01603
6	0.01371	0.00980	0.01330	0.01567	0.01680	0.00938	0.01163	0.01638	0.02084	0.02755	0.05589	0.47734	0.06523	0.03101	0.01342	0.00434	0.00700	0.17252	0.00950	0.00867
7	0.01584	0.01151	0.01652	0.01801	0.02017	0.01219	0.01516	0.02017	0.02098	0.02816	0.04438	0.08777	0.04667	0.04638	0.23100	0.00909	0.01614	0.32254	0.00798	0.00934
8	0.02486	0.16902	0.08284	0.14754	0.03913	0.12932	0.05517	0.02997	0.02249	0.02704	0.02201	0.03549	0.02024	0.01320	0.01197	0.00328	0.06746	0.08149	0.00539	0.01206
9	0.25994	0.11953	0.03298	0.02865	0.14499	0.02573	0.06251	0.06594	0.02350	0.11733	0.02035	0.02259	0.01538	0.00989	0.00852	0.00301	0.01045	0.00780	0.00684	0.01409
10	0.01452	0.01049	0.01372	0.01291	0.01533	0.00968	0.00968	0.01937	0.02905	0.04115	0.56992	0.07666	0.09683	0.02098	0.01210	0.00323	0.00484	0.01856	0.01130	0.00968
11	0.03833	0.04891	0.02908	0.02644	0.03173	0.59815	0.01983	0.04098	0.02908	0.02512	0.01586	0.01851	0.01322	0.01058	0.00925	0.00264	0.01851	0.00661	0.00529	0.01190
12	0.01550	0.01264	0.01745	0.09709	0.02415	0.01364	0.01352	0.01985	0.02396	0.03294	0.29035	0.06347	0.14500	0.02835	0.10053	0.00536	0.06193	0.01583	0.00864	0.00981
13	0.11614	0.21777	0.04015	0.02610	0.07815	0.02642	0.13963	0.02870	0.02324	0.03380	0.14011	0.03336	0.03238	0.01160	0.00941	0.00293	0.01081	0.01031	0.00645	0.01255
14	0.71184	0.01985	0.01508	0.01350	0.01985	0.02302	0.01111	0.03017	0.01746	0.04604	0.01429	0.01667	0.01111	0.00953	0.00635	0.00318	0.00794	0.00556	0.00635	0.01111
15	0.02734	0.02164	0.02326	0.02065	0.02664	0.02460	0.01614	0.05413	0.51004	0.09076	0.04165	0.03799	0.03080	0.01381	0.01043	0.00345	0.00818	0.01149	0.01064	0.01635
16	0.02005	0.01958	0.03628	0.17680	0.13769	0.01998	0.17523	0.02609	0.02256	0.03057	0.06814	0.15890	0.03232	0.01501	0.01153	0.00351	0.01221	0.01496	0.00639	0.01220
17	0.03333	0.04087	0.02742	0.02506	0.02923	0.45810	0.01900	0.03595	0.02614	0.02505	0.01895	0.05924	0.01754	0.01722	0.05174	0.00388	0.08580	0.00860	0.00548	0.01141
18	0.01361	0.01010	0.01269	0.01280	0.01496	0.00918	0.00931	0.01731	0.02576	0.03514	0.36266	0.21533	0.17415	0.02458	0.01235	0.00350	0.00517	0.02168	0.01055	0.00918
19	0.01257	0.01005	0.01125	0.01171	0.01433	0.00873	0.00849	0.01531	0.02332	0.02934	0.16130	0.22488	0.37913	0.02674	0.01236	0.00360	0.00533	0.02302	0.00979	0.00873
20	0.02790	0.38407	0.19537	0.02135	0.03177	0.03343	0.02313	0.07808	0.02412	0.06940	0.01818	0.01992	0.01437	0.00964	0.00804	0.00263	0.01199	0.00674	0.00548	0.01440
21	0.19921	0.01801	0.02181	0.01716	0.02474	0.01691	0.01417	0.04545	0.02663	0.45904	0.03446	0.03073	0.02212	0.01197	0.00941	0.00318	0.00855	0.00922	0.01124	0.01600
22	0.01891	0.00976	0.01016	0.01036	0.01275	0.00976	0.00797	0.02369	0.02170	0.03762	0.03525	0.04486	0.02909	0.01335	0.00777	0.00259	0.00518	0.05188	0.63780	0.00955
23	0.01937	0.01741	0.02907	0.07507	0.23013	0.01722	0.06612	0.02458	0.02416	0.03376	0.18276	0.15469	0.04863	0.01687	0.01145	0.00337	0.00948	0.01585	0.00766	0.01235
24	0.03480	0.01955	0.02752	0.06811	0.14833	0.01924	0.01922	0.07470	0.07425	0.29464	0.03272	0.03469	0.02362	0.06523	0.01386	0.00376	0.01004	0.01042	0.00957	0.01573
25	0.12456	0.01832	0.02499	0.02072	0.02488	0.02066	0.06142	0.03144	0.02123	0.16584	0.02710	0.07275	0.02225	0.01478	0.01657	0.00354	0.19024	0.01068	0.11555	0.01248
26	0.59984	0.02059	0.01942	0.02157	0.11047	0.02324	0.01444	0.03038	0.01843	0.04400	0.01511	0.01809	0.01195	0.00946	0.00697	0.00315	0.00863	0.00614	0.00614	0.01195
27	0.01397	0.01047	0.01294	0.01232	0.01499	0.00945	0.00924	0.01828	0.02773	0.03802	0.46129	0.08181	0.20741	0.02215	0.01211	0.00328	0.00492	0.01928	0.01088	0.00945
28	0.11426	0.02263	0.02847	0.02733	0.10939	0.02375	0.05618	0.10615	0.20398	0.07940	0.02827	0.02882	0.02123	0.01122	0.00963	0.00307	0.00977	0.00945	0.00835	0.09864
29	0.02421	0.02299	0.03814	0.16935	0.43476	0.02415	0.02978	0.03215	0.06212	0.03277	0.02075	0.02674	0.01686	0.00972	0.01020	0.00315	0.01219	0.00932	0.00537	0.01529
30	0.01441	0.00967	0.01160	0.01233	0.01419	0.00898	0.00878	0.01773	0.02290	0.03274	0.18284	0.28638	0.14014	0.02403	0.01139	0.00344	0.00531	0.02112	0.16304	0.00898
31	0.01419	0.01048	0.01325	0.01256	0.01512	0.00954	0.00942	0.01871	0.02825	0.03926	0.50434	0.07977	0.16359	0.02168	0.01211	0.00326	0.00489	0.01900	0.01105	0.00954
32	0.01817	0.01180	0.01680	0.01718	0.01963	0.01246	0.01396	0.02201	0.02018	0.07592	0.03893	0.06963	0.03881	0.09116	0.29252	0.01050	0.01794	0.19492	0.00765	0.00981
33	0.03053	0.02453	0.02602	0.02190	0.02859	0.02786	0.01745	0.23503	0.36815	0.05100	0.03541	0.03322	0.02618	0.01333	0.01038	0.00333	0.00930	0.01073	0.01038	0.01669
34	0.03901	0.02874	0.03080	0.02361	0.03182	0.03182	0.01951	0.54111	0.04825	0.06468	0.02464	0.02464	0.01745	0.01232	0.01027	0.00308	0.01129	0.00924	0.01027	0.01745
35	0.03901	0.02874	0.03080	0.02361	0.03182	0.03182	0.01951	0.54111	0.04825	0.06468	0.02464	0.02464	0.01745	0.01232	0.01027	0.00308	0.01129	0.00924	0.01027	0.01745
36	0.03686	0.01775	0.02287	0.01712	0.02550	0.01456	0.01400	0.04105	0.02637	0.37879	0.03223	0.02987	0.02162	0.01081	0.00931	0.00256	0.00831	0.00875	0.01025	0.27142
37	0.03901	0.02874	0.03080	0.02361	0.03182	0.03182	0.01951	0.54111	0.04825	0.06468	0.02464	0.02464	0.01745	0.01232	0.01027	0.00308	0.01129	0.00924	0.01027	0.01745
38	0.01861	0.01478	0.01724	0.01587	0.01954	0.01556	0.01212	0.03241	0.22481	0.04181	0.37400	0.06242	0.07253	0.01836	0.01149	0.00332	0.00606	0.01598	0.01098	0.01212
39	0.01633	0.01336	0.02005	0.23614	0.03586	0.01455	0.01666	0.02191	0.02588	0.03561	0.36527	0.05837	0.06598	0.01700	0.01142	0.00330	0.00812	0.01506	0.00880	0.01032
40	0.01492	0.00995	0.01119	0.01119	0.01119	0.00995	0.00622	0.01492	0.01492	0.01990	0.03233	0.06716	0.03731	0.63935	0.05223	0.00995	0.00995	0.01492	0.00622	0.00622
41	0.02651	0.56570	0.12550	0.01913	0.02877	0.03835	0.02030	0.03097	0.02096	0.02527	0.01483	0.01716	0.01315	0.00891	0.00701	0.00234	0.01154	0.00577	0.00438	0.01344
42	0.71184	0.01985	0.01508	0.01350	0.01985	0.02302	0.01111	0.03017	0.01746	0.04604	0.01429	0.01667	0.01111	0.00953	0.00635	0.00318	0.00794	0.00556	0.00635	0.01111
43	0.07540	0.02955	0.03316	0.07759	0.21858	0.15812	0.02420	0.09873	0.02610	0.03457	0.01785	0.02278	0.01474	0.01142	0.01355	0.00323	0.11243	0.00830	0.00576	0.01392
44	0.02799	0.39625	0.04177	0.01787	0.02636	0.03222	0.01643	0.06752	0.07106	0.06272	0.01967	0.02092	0.01616	0.00949	0.00758	0.00230	0.00999	0.00668	0.00612	0.14089
45	0.01236	0.00947	0.01135	0.01284	0.01450	0.00846	0.00888	0.01445	0.02104	0.02676	0.07414	0.43460	0.25457	0.02987	0.01274	0.00391	0.00567	0.02639	0.00953	0.00846
46	0.02546	0.02850	0.02709	0.06319	0.03023	0.23345	0.06362	0.02933	0.02500	0.02902	0.12930	0.03976	0.07943	0.01834	0.04561	0.00396	0.09953	0.01143	0.00664	0.01109
47	0.32516	0.02184	0.01939	0.02064	0.06268	0.10870	0.01530	0.02852	0.02148	0.03646	0.02836	0.08550	0.02834	0.01617	0.00961	0.00356	0.01016	0.14000	0.00713	0.01099
48	0.02326	0.01468	0.02151	0.02488	0.13614	0.01374	0.01543	0.02769	0.02642	0.15314	0.25816	0.14541	0.05986	0.01848	0.01147	0.00333	0.00741	0.01649	0.01000	0.01253
49	0.02428	0.36047	0.09352	0.19925	0.08177	0.03262	0.02365	0.02960	0.02101	0.02620	0.01619	0.02082	0.01353	0.00933	0.00822	0.00272	0.01224	0.00702	0.00449	0.01305
50	0.02058	0.05308	0.58618	0.02925	0.04442	0.02383	0.03792	0.03250	0.02167	0.03250	0.01842	0.02167	0.01300	0.00975	0.00975	0.00325	0.01517	0.00758	0.00433	0.01517
51	0.03487	0.13297	0.03215	0.02124	0.02897	0.02972	0.01785	0.27746	0.15615	0.12097	0.02880	0.02766	0.02090	0.01212	0.00967	0.00303	0.01018	0.00926	0.00961	0.01644

[dist]
# distance from previous block
# <min> <max>
0	1

[block]
# block no. 3 follows, 14 sequences, length 6
# corresponding to MSA columns:
# 198-203
name=unknown_D
#
# <colnr> <probs for GDERKNQSTAVLIFYWHMCP>
#	G	D	E	R	K	N	Q	S	T	A	V	L	I	F	Y	W	H	M	C	P
0	0.02139	0.01547	0.02189	0.01991	0.02314	0.01634	0.05851	0.02862	0.10958	0.10488	0.04375	0.32904	0.04513	0.02280	0.01463	0.00390	0.08032	0.01985	0.00914	0.01170
1	0.09300	0.08260	0.06867	0.07310	0.08978	0.01972	0.01789	0.03056	0.02204	0.09851	0.02190	0.02485	0.01685	0.00955	0.00833	0.00251	0.00940	0.00757	0.08248	0.22070
2	0.01396	0.01061	0.01363	0.01363	0.01559	0.01102	0.01003	0.01658	0.01823	0.02421	0.05117	0.06298	0.19007	0.17286	0.31647	0.01133	0.01740	0.01494	0.00684	0.00843
3	0.03379	0.01785	0.02256	0.01675	0.02527	0.01439	0.01364	0.03806	0.02537	0.31088	0.02948	0.02818	0.02036	0.01018	0.00897	0.00236	0.00817	0.00822	0.00943	0.35611
4	0.03007	0.02225	0.03794	0.11018	0.31173	0.02192	0.08669	0.03599	0.02475	0.17835	0.02498	0.02842	0.01832	0.01015	0.01044	0.00317	0.01204	0.00980	0.00706	0.01575
5	0.02171	0.01980	0.03130	0.19075	0.27408	0.02120	0.02473	0.03028	0.08259	0.03418	0.13023	0.03745	0.03316	0.01230	0.01060	0.00323	0.01068	0.01127	0.00676	0.01370

[dist]
# distance from previous block
# <min> <max>
0	1

[block]
# block no. 4 follows, 14 sequences, length 23
# corresponding to MSA columns:
# 205-227
name=unknown_E
#
# <colnr> <probs for GDERKNQSTAVLIFYWHMCP>
#	G	D	E	R	K	N	Q	S	T	A	V	L	I	F	Y	W	H	M	C	P
0	0.02074	0.01492	0.01752	0.01387	0.01931	0.01232	0.01006	0.02346	0.01942	0.07147	0.02553	0.04038	0.02469	0.25623	0.02535	0.00496	0.00861	0.00989	0.00666	0.37460
1	0.01411	0.01021	0.01363	0.01559	0.01718	0.00973	0.01198	0.01727	0.02210	0.02913	0.09962	0.36252	0.10230	0.02945	0.01334	0.00425	0.00709	0.20199	0.00964	0.00887
2	0.02617	0.40276	0.05644	0.02765	0.03706	0.03485	0.22208	0.03157	0.02218	0.02757	0.01682	0.02087	0.01411	0.00873	0.00876	0.00269	0.01346	0.00809	0.00470	0.01343
3	0.02122	0.02432	0.15068	0.02111	0.02635	0.01959	0.01995	0.02593	0.01874	0.07595	0.02332	0.03425	0.02094	0.12823	0.14307	0.00722	0.16038	0.00995	0.00579	0.06303
4	0.01466	0.01100	0.01649	0.01649	0.01833	0.01283	0.01283	0.01833	0.01649	0.02382	0.02749	0.04032	0.02566	0.07697	0.59868	0.01649	0.02749	0.01100	0.00550	0.00916
5	0.03359	0.02024	0.02344	0.01985	0.02649	0.02142	0.01579	0.05276	0.34956	0.25492	0.04126	0.03697	0.02900	0.01344	0.01039	0.00336	0.00836	0.01110	0.01133	0.01672
6	0.02316	0.03554	0.28956	0.16881	0.04730	0.02395	0.06663	0.03160	0.02148	0.08098	0.01992	0.02479	0.01456	0.01117	0.01332	0.00347	0.09596	0.00871	0.00525	0.01386
7	0.03082	0.02468	0.02619	0.02196	0.02870	0.02800	0.01752	0.24572	0.35697	0.05147	0.03504	0.03292	0.02587	0.01329	0.01037	0.00332	0.00937	0.01067	0.01037	0.01672
8	0.02540	0.02438	0.04165	0.06299	0.57533	0.02438	0.03149	0.03149	0.02337	0.03353	0.01930	0.02540	0.01626	0.00914	0.01016	0.00305	0.01219	0.00914	0.00508	0.01626
9	0.02620	0.01312	0.01564	0.01344	0.01858	0.01129	0.01063	0.02954	0.02560	0.24857	0.07251	0.06806	0.30618	0.01947	0.01097	0.00325	0.00656	0.01608	0.07208	0.01223
10	0.01952	0.08398	0.17657	0.11951	0.08569	0.02065	0.05420	0.02613	0.02161	0.02938	0.03083	0.15421	0.03088	0.01666	0.01100	0.00357	0.01179	0.08533	0.00624	0.01226
11	0.60278	0.02025	0.01700	0.01465	0.02128	0.02290	0.01207	0.06793	0.02073	0.09711	0.01745	0.01892	0.01288	0.01002	0.00699	0.00317	0.00825	0.00626	0.00722	0.01215
12	0.02058	0.05308	0.58618	0.02925	0.04442	0.02383	0.03792	0.03250	0.02167	0.03250	0.01842	0.02167	0.01300	0.00975	0.00975	0.00325	0.01517	0.00758	0.00433	0.01517
13	0.02326	0.02894	0.13227	0.14385	0.24421	0.02452	0.18955	0.03120	0.02289	0.03194	0.01944	0.02584	0.01509	0.00927	0.01072	0.00327	0.01450	0.00981	0.00491	0.01452
14	0.02618	0.01264	0.01716	0.01642	0.02012	0.01142	0.01258	0.02919	0.02396	0.24532	0.04997	0.33361	0.05009	0.02404	0.01214	0.00385	0.00748	0.08101	0.01076	0.01206
15	0.01808	0.01120	0.01433	0.01406	0.01696	0.01053	0.01121	0.02269	0.02629	0.08025	0.29622	0.07764	0.09760	0.02090	0.01166	0.00345	0.00624	0.13076	0.11976	0.01017
16	0.01409	0.01006	0.01373	0.01610	0.01739	0.00970	0.01228	0.01703	0.02121	0.02797	0.05569	0.42955	0.06441	0.03066	0.01352	0.00439	0.00733	0.21663	0.00950	0.00877
17	0.07229	0.07310	0.17239	0.02612	0.08005	0.02105	0.05316	0.04043	0.02530	0.29192	0.02850	0.02794	0.01919	0.01094	0.00978	0.00313	0.01130	0.00901	0.00851	0.01590
18	0.03517	0.02087	0.07230	0.01967	0.02682	0.01804	0.01726	0.12096	0.02870	0.31653	0.03287	0.03338	0.02308	0.02774	0.15086	0.00635	0.01419	0.01007	0.00985	0.01528
19	0.03246	0.03688	0.02312	0.02128	0.02568	0.41826	0.01596	0.03576	0.02677	0.02913	0.02125	0.02454	0.01722	0.01100	0.00862	0.00257	0.01431	0.00751	0.21648	0.01118
20	0.33244	0.21873	0.08208	0.01824	0.02598	0.11909	0.01694	0.03226	0.02072	0.03480	0.01491	0.01736	0.01225	0.00948	0.00719	0.00280	0.01120	0.00589	0.00540	0.01224
21	0.23228	0.02055	0.02378	0.24476	0.07630	0.07106	0.01956	0.02795	0.02191	0.03510	0.10685	0.03123	0.02659	0.01174	0.00927	0.00322	0.01081	0.00935	0.00630	0.01140
22	0.16632	0.03342	0.23185	0.03193	0.16030	0.02316	0.02656	0.06811	0.02350	0.07030	0.01951	0.02248	0.01457	0.00977	0.00908	0.00306	0.01183	0.00771	0.00595	0.06059

[dist]
# distance from previous block
# <min> <max>
0	18

[block]
# block no. 5 follows, 14 sequences, length 30
# corresponding to MSA columns:
# 246-275
name=unknown_F
#
# <colnr> <probs for GDERKNQSTAVLIFYWHMCP>
#	G	D	E	R	K	N	Q	S	T	A	V	L	I	F	Y	W	H	M	C	P
0	0.23874	0.07557	0.02599	0.02325	0.08646	0.10736	0.01660	0.03796	0.13825	0.06780	0.02282	0.02399	0.01768	0.01055	0.00843	0.00293	0.01025	0.00773	0.00711	0.07053
1	0.01329	0.00933	0.01190	0.01340	0.01402	0.00886	0.00873	0.01492	0.01938	0.02607	0.09923	0.44180	0.06314	0.17951	0.02257	0.00549	0.00683	0.02469	0.00889	0.00795
2	0.03278	0.01565	0.01978	0.01655	0.02152	0.01472	0.01260	0.09120	0.02654	0.30632	0.03905	0.12836	0.03358	0.16865	0.02096	0.00496	0.00891	0.01406	0.01038	0.01339
3	0.02776	0.02315	0.02446	0.02134	0.02754	0.02657	0.01678	0.13503	0.47266	0.04653	0.03893	0.03603	0.02903	0.01366	0.01041	0.00341	0.00865	0.01121	0.01041	0.01644
4	0.01542	0.01027	0.01248	0.01193	0.01442	0.00957	0.00895	0.02007	0.02684	0.03941	0.40724	0.06939	0.11775	0.01926	0.01095	0.00305	0.00486	0.01669	0.17189	0.00957
5	0.04549	0.01836	0.02437	0.01868	0.02664	0.01641	0.01543	0.08892	0.03087	0.54142	0.03923	0.03411	0.02477	0.01267	0.01032	0.00317	0.00894	0.01023	0.01251	0.01746
6	0.01329	0.00954	0.01261	0.01375	0.01506	0.00886	0.00959	0.01627	0.02331	0.03202	0.25651	0.41610	0.07915	0.02780	0.01271	0.00380	0.00552	0.02504	0.01022	0.00886
7	0.02976	0.01794	0.02807	0.38238	0.05335	0.01979	0.02327	0.03549	0.02397	0.24286	0.02690	0.03031	0.01825	0.01121	0.01028	0.00332	0.01175	0.00959	0.00773	0.01376
8	0.02128	0.01824	0.02128	0.01520	0.02432	0.01368	0.01216	0.02584	0.02128	0.03344	0.01824	0.02128	0.01520	0.00760	0.00760	0.00152	0.00760	0.00608	0.00608	0.70208
9	0.03256	0.02629	0.03104	0.02491	0.02992	0.03167	0.02065	0.33998	0.03558	0.04910	0.02029	0.02379	0.01590	0.01452	0.01938	0.00363	0.24860	0.00914	0.00802	0.01503
10	0.44402	0.02290	0.03279	0.02509	0.03301	0.02416	0.21635	0.03122	0.02010	0.04091	0.01681	0.02096	0.01285	0.00919	0.00859	0.00329	0.01159	0.00811	0.00590	0.01218
11	0.01306	0.01043	0.01169	0.01138	0.01443	0.00906	0.00853	0.01653	0.02559	0.03295	0.28544	0.09015	0.38642	0.02404	0.01212	0.00337	0.00506	0.02045	0.01022	0.00906
12	0.01482	0.01036	0.01326	0.01326	0.01397	0.01107	0.00879	0.01625	0.01553	0.02143	0.03045	0.05670	0.03277	0.42031	0.26507	0.01250	0.01678	0.01339	0.00594	0.00736
13	0.71184	0.01985	0.01508	0.01350	0.01985	0.02302	0.01111	0.03017	0.01746	0.04604	0.01429	0.01667	0.01111	0.00953	0.00635	0.00318	0.00794	0.00556	0.00635	0.01111
14	0.02085	0.03951	0.36616	0.02378	0.03659	0.01988	0.02788	0.02991	0.02152	0.03287	0.01835	0.02152	0.01386	0.00891	0.00891	0.00258	0.01222	0.00700	0.00501	0.28271
15	0.23796	0.01838	0.02392	0.25015	0.04053	0.02281	0.01988	0.02613	0.01825	0.03191	0.01755	0.02504	0.01451	0.02056	0.09501	0.00534	0.10763	0.00824	0.00525	0.01097
16	0.02744	0.64552	0.05378	0.01756	0.02634	0.04061	0.01756	0.03073	0.02085	0.02414	0.01427	0.01646	0.01317	0.00878	0.00658	0.00219	0.01097	0.00549	0.00439	0.01317
17	0.02547	0.01667	0.02309	0.01964	0.02528	0.01587	0.05744	0.03327	0.09793	0.15374	0.03684	0.05411	0.03243	0.06913	0.06193	0.00493	0.01095	0.12478	0.00882	0.12768
18	0.01295	0.00928	0.01231	0.01398	0.01498	0.00863	0.00956	0.01541	0.02173	0.02951	0.17015	0.50963	0.07428	0.02968	0.01288	0.00396	0.00571	0.02682	0.00992	0.00863
19	0.01561	0.01096	0.01270	0.01301	0.01376	0.01117	0.00830	0.01861	0.06102	0.02349	0.03807	0.14368	0.04259	0.45867	0.04057	0.00823	0.00923	0.05546	0.00726	0.00758
20	0.01408	0.01013	0.01340	0.01384	0.01569	0.00945	0.01021	0.01798	0.02572	0.03571	0.36978	0.24965	0.08481	0.02501	0.01258	0.00364	0.00557	0.06290	0.01060	0.00925
21	0.02174	0.01988	0.02523	0.01977	0.02534	0.02059	0.01617	0.02539	0.01911	0.03003	0.01638	0.02174	0.01453	0.01164	0.01776	0.00268	0.24634	0.00721	0.00546	0.43300
22	0.02917	0.03413	0.07120	0.02326	0.02926	0.24718	0.01895	0.04454	0.26838	0.03392	0.03081	0.07199	0.02539	0.01359	0.01011	0.00319	0.01259	0.01059	0.00786	0.01389
23	0.01637	0.01238	0.01407	0.01403	0.01591	0.01276	0.00953	0.02358	0.13285	0.02883	0.09650	0.18967	0.09255	0.26322	0.02760	0.00613	0.00780	0.01827	0.00860	0.00934
24	0.02103	0.01150	0.01535	0.01468	0.01767	0.01041	0.01087	0.02448	0.02546	0.16054	0.24750	0.28356	0.06903	0.02342	0.01208	0.00358	0.00617	0.02079	0.01093	0.01096
25	0.02170	0.01569	0.02380	0.20225	0.12033	0.01627	0.01922	0.02614	0.02260	0.11359	0.04451	0.17682	0.11917	0.01798	0.01120	0.00350	0.00955	0.01589	0.00783	0.01195
26	0.03700	0.04690	0.03206	0.02803	0.03380	0.54399	0.06888	0.04021	0.02862	0.02585	0.01633	0.01937	0.01344	0.01039	0.00952	0.00272	0.01839	0.00713	0.00528	0.01208
27	0.04604	0.01746	0.02382	0.01826	0.02620	0.01508	0.01508	0.05001	0.02937	0.58244	0.04049	0.03493	0.02540	0.01270	0.01032	0.00318	0.00873	0.01032	0.01270	0.01746
28	0.03042	0.02159	0.03383	0.17053	0.28064	0.02222	0.02569	0.07462	0.02621	0.17513	0.02492	0.02822	0.01812	0.01055	0.01023	0.00317	0.01156	0.00945	0.00732	0.01558
29	0.02913	0.02137	0.02944	0.35109	0.09077	0.07520	0.02411	0.03471	0.02403	0.18351	0.02437	0.02852	0.01713	0.01090	0.01017	0.00325	0.01263	0.00922	0.00696	0.01351

[dist]
# distance from previous block
# <min> <max>
0	3

[block]
# block no. 6 follows, 14 sequences, length 31
# corresponding to MSA columns:
# 279-309
name=unknown_G
#
# <colnr> <probs for GDERKNQSTAVLIFYWHMCP>
#	G	D	E	R	K	N	Q	S	T	A	V	L	I	F	Y	W	H	M	C	P
0	0.02034	0.01832	0.02998	0.04387	0.35529	0.01808	0.02287	0.02474	0.02191	0.03065	0.03393	0.26382	0.03652	0.01818	0.01131	0.00349	0.00974	0.01701	0.00683	0.01315
1	0.01651	0.01384	0.02210	0.25135	0.03888	0.01674	0.01898	0.02142	0.01807	0.02476	0.02386	0.03523	0.02095	0.05078	0.36766	0.01136	0.02207	0.01026	0.00513	0.01004
2	0.01331	0.01033	0.01211	0.01191	0.01465	0.00913	0.00884	0.01692	0.02581	0.03406	0.32412	0.13039	0.30340	0.02407	0.01219	0.00341	0.00509	0.02076	0.01038	0.00913
3	0.01332	0.00986	0.01108	0.01167	0.01307	0.00909	0.00761	0.01470	0.01914	0.02427	0.06409	0.21865	0.23685	0.26833	0.02811	0.00618	0.00725	0.02088	0.00823	0.00762
4	0.71184	0.01985	0.01508	0.01350	0.01985	0.02302	0.01111	0.03017	0.01746	0.04604	0.01429	0.01667	0.01111	0.00953	0.00635	0.00318	0.00794	0.00556	0.00635	0.01111
5	0.03332	0.13261	0.03316	0.06462	0.03277	0.11013	0.01909	0.27737	0.06910	0.04576	0.02180	0.02321	0.01657	0.01107	0.00931	0.00280	0.01193	0.00814	0.00786	0.06939
6	0.71184	0.01985	0.01508	0.01350	0.01985	0.02302	0.01111	0.03017	0.01746	0.04604	0.01429	0.01667	0.01111	0.00953	0.00635	0.00318	0.00794	0.00556	0.00635	0.01111
7	0.02355	0.12449	0.20964	0.22389	0.12477	0.02553	0.02937	0.03116	0.02191	0.06485	0.01929	0.02414	0.01451	0.00988	0.00954	0.00311	0.01321	0.00817	0.00506	0.01393
8	0.03833	0.04891	0.02908	0.02644	0.03173	0.59815	0.01983	0.04098	0.02908	0.02512	0.01586	0.01851	0.01322	0.01058	0.00925	0.00264	0.01851	0.00661	0.00529	0.01190
9	0.01708	0.02362	0.16384	0.02568	0.07169	0.01578	0.08772	0.02263	0.02105	0.02922	0.03940	0.35284	0.04324	0.02166	0.01190	0.00376	0.01023	0.01997	0.00731	0.01139
10	0.01582	0.01071	0.01291	0.01363	0.01628	0.01018	0.01107	0.02006	0.02388	0.03347	0.14007	0.08649	0.17930	0.02259	0.01163	0.00362	0.00657	0.19244	0.17995	0.00933
11	0.03198	0.40336	0.04475	0.01994	0.02849	0.03716	0.01832	0.23112	0.03161	0.04006	0.01834	0.01967	0.01485	0.01017	0.00803	0.00254	0.01110	0.00696	0.00670	0.01485
12	0.01846	0.01068	0.01380	0.01327	0.01473	0.01028	0.00917	0.01931	0.01976	0.07714	0.15341	0.06208	0.04706	0.26526	0.03383	0.15756	0.00842	0.05006	0.00782	0.00790
13	0.02301	0.01714	0.01785	0.01644	0.02090	0.01926	0.01268	0.04251	0.34664	0.04110	0.03851	0.03828	0.02935	0.01315	0.00916	0.00305	0.00681	0.01080	0.27973	0.01362
14	0.01468	0.01090	0.01600	0.01600	0.01766	0.01256	0.01222	0.01801	0.01635	0.02346	0.02794	0.04280	0.02673	0.12903	0.54809	0.01589	0.02586	0.01136	0.00556	0.00889
15	0.02709	0.01327	0.01774	0.01504	0.01966	0.01184	0.01184	0.03159	0.02918	0.25701	0.35879	0.06002	0.06835	0.01768	0.01139	0.00321	0.00639	0.01527	0.01186	0.01279
16	0.44313	0.26550	0.03027	0.01509	0.02240	0.02993	0.01364	0.03039	0.01879	0.03744	0.01428	0.01659	0.01192	0.00923	0.00644	0.00279	0.00913	0.00553	0.00558	0.01192
17	0.03833	0.04891	0.02908	0.02644	0.03173	0.59815	0.01983	0.04098	0.02908	0.02512	0.01586	0.01851	0.01322	0.01058	0.00925	0.00264	0.01851	0.00661	0.00529	0.01190
18	0.01458	0.01069	0.01481	0.01432	0.01651	0.01092	0.01092	0.01896	0.02412	0.03435	0.35695	0.06239	0.06888	0.04296	0.24240	0.00844	0.01373	0.01559	0.00902	0.00948
19	0.03548	0.01436	0.01822	0.01485	0.02061	0.01292	0.01198	0.03976	0.02629	0.36879	0.03773	0.03624	0.02576	0.01241	0.00908	0.00287	0.00718	0.01002	0.28110	0.01436
20	0.02296	0.02396	0.03981	0.03164	0.03462	0.02986	0.17082	0.02705	0.01816	0.02705	0.01557	0.02396	0.01408	0.01528	0.02747	0.00419	0.44698	0.00988	0.00469	0.01198
21	0.30745	0.01840	0.02039	0.01639	0.02370	0.01820	0.01352	0.04222	0.02470	0.37184	0.03020	0.02776	0.01979	0.01145	0.00876	0.00318	0.00842	0.00845	0.01021	0.01497
22	0.01855	0.01714	0.02377	0.02197	0.02221	0.02236	0.01738	0.02061	0.01726	0.02529	0.03039	0.26203	0.03483	0.02353	0.02560	0.00436	0.37926	0.01691	0.00647	0.01009
23	0.01228	0.00982	0.01099	0.01194	0.01427	0.00853	0.00848	0.01455	0.02191	0.02712	0.08522	0.30988	0.37215	0.02843	0.01251	0.00374	0.00550	0.02463	0.00953	0.00853
24	0.01522	0.01463	0.05682	0.01916	0.02228	0.01202	0.08830	0.01889	0.02058	0.02845	0.04716	0.46133	0.05363	0.02579	0.01231	0.00388	0.00813	0.02385	0.05789	0.00968
25	0.25860	0.01822	0.02103	0.01674	0.02417	0.01762	0.01382	0.04368	0.02557	0.41119	0.03212	0.02910	0.02084	0.01169	0.00905	0.00318	0.00848	0.00880	0.01067	0.01544
26	0.03605	0.03145	0.24461	0.02257	0.03335	0.01852	0.02405	0.04314	0.02635	0.36652	0.03182	0.02972	0.02053	0.01154	0.01010	0.00320	0.01126	0.00925	0.00942	0.01656
27	0.02515	0.20704	0.14626	0.25439	0.04730	0.02725	0.02558	0.03162	0.02190	0.09350	0.01979	0.02398	0.01480	0.01002	0.00910	0.00300	0.01260	0.00791	0.00544	0.01338
28	0.04350	0.01682	0.02291	0.01796	0.02534	0.01457	0.01466	0.04730	0.02864	0.54028	0.04170	0.08023	0.02862	0.01418	0.01053	0.00325	0.00852	0.01175	0.01246	0.01677
29	0.01250	0.00893	0.01191	0.01429	0.01488	0.00834	0.00953	0.01429	0.01965	0.02620	0.05656	0.63265	0.06787	0.03215	0.01310	0.00417	0.00595	0.02917	0.00953	0.00834
30	0.02230	0.02143	0.09456	0.05772	0.03013	0.01912	0.05778	0.09489	0.06594	0.06819	0.02895	0.07623	0.02497	0.03855	0.24158	0.00853	0.01794	0.01162	0.00703	0.01252

[dist]
# distance from previous block
# <min> <max>
1	4

[block]
# block no. 7 follows, 14 sequences, length 29
# corresponding to MSA columns:
# 314-342
name=unknown_H
#
# <colnr> <probs for GDERKNQSTAVLIFYWHMCP>
#	G	D	E	R	K	N	Q	S	T	A	V	L	I	F	Y	W	H	M	C	P
0	0.31420	0.21255	0.06378	0.01737	0.02514	0.07139	0.01594	0.03421	0.02138	0.11550	0.01849	0.01972	0.01410	0.00986	0.00743	0.00284	0.01022	0.00644	0.00648	0.01297
1	0.03951	0.02425	0.02734	0.02112	0.02884	0.02560	0.01739	0.36838	0.04111	0.20542	0.02964	0.02846	0.02028	0.01240	0.01006	0.00306	0.01012	0.00956	0.06058	0.01688
2	0.02486	0.01770	0.02294	0.02021	0.06671	0.01558	0.01467	0.02910	0.02294	0.12788	0.07116	0.06681	0.02713	0.01214	0.01119	0.00249	0.05939	0.00980	0.00767	0.36963
3	0.02782	0.01369	0.01755	0.01554	0.01999	0.01254	0.01196	0.05802	0.02665	0.24887	0.12008	0.21024	0.08058	0.01998	0.01120	0.00341	0.00704	0.01727	0.06489	0.01270
4	0.12152	0.01444	0.01800	0.01607	0.02093	0.01350	0.01238	0.03340	0.02398	0.29355	0.04329	0.26623	0.04011	0.01988	0.01088	0.00356	0.00754	0.01706	0.01061	0.01305
5	0.49706	0.01982	0.02080	0.15799	0.07441	0.02307	0.01675	0.02934	0.01863	0.04044	0.01560	0.01984	0.01211	0.00967	0.00756	0.00322	0.00961	0.00667	0.00583	0.01158
6	0.02686	0.02615	0.03782	0.14245	0.39780	0.07991	0.02888	0.07500	0.02559	0.03423	0.01926	0.02498	0.01566	0.00973	0.01010	0.00307	0.01295	0.00890	0.00546	0.01518
7	0.02901	0.01468	0.01838	0.01489	0.01996	0.01280	0.01104	0.03154	0.02213	0.25464	0.03293	0.04485	0.02805	0.25674	0.02618	0.00550	0.00899	0.01129	0.00887	0.14752
8	0.01468	0.01091	0.01605	0.01605	0.01773	0.01259	0.01227	0.01804	0.01636	0.02349	0.02790	0.04257	0.02664	0.12428	0.55271	0.01594	0.02601	0.01133	0.00556	0.00891
9	0.01383	0.01012	0.01088	0.01088	0.01224	0.00945	0.00684	0.01485	0.01823	0.02296	0.06034	0.07951	0.24607	0.39950	0.03655	0.00741	0.00809	0.01756	0.00751	0.00717
10	0.01538	0.01009	0.01079	0.01061	0.01343	0.00924	0.00796	0.01932	0.02388	0.03474	0.17695	0.07033	0.25575	0.01942	0.01019	0.00299	0.00496	0.01626	0.27847	0.00924
11	0.02553	0.02204	0.02320	0.02088	0.02669	0.02553	0.01624	0.05453	0.55679	0.04293	0.04177	0.03829	0.03133	0.01392	0.01044	0.00348	0.00812	0.01160	0.01044	0.01624
12	0.03407	0.28221	0.03874	0.02297	0.02962	0.38013	0.01894	0.03697	0.02586	0.02474	0.01524	0.01771	0.01320	0.00987	0.00821	0.00247	0.01556	0.00617	0.00494	0.01239
13	0.33318	0.22872	0.03329	0.01855	0.02611	0.06423	0.05900	0.03281	0.02081	0.07844	0.01698	0.01909	0.01342	0.00952	0.00741	0.00284	0.01046	0.00653	0.00604	0.01257
14	0.02258	0.18257	0.41500	0.02988	0.09141	0.02763	0.03275	0.03201	0.02165	0.03073	0.01758	0.02086	0.01335	0.00947	0.00908	0.00299	0.01394	0.00727	0.00442	0.01483
15	0.02128	0.01824	0.02128	0.01520	0.02432	0.01368	0.01216	0.02584	0.02128	0.03344	0.01824	0.02128	0.01520	0.00760	0.00760	0.00152	0.00760	0.00608	0.00608	0.70208
16	0.01846	0.01655	0.02705	0.15733	0.15797	0.01696	0.06001	0.02388	0.02427	0.03317	0.20030	0.09956	0.08959	0.01634	0.01135	0.00335	0.00954	0.01501	0.00764	0.01168
17	0.02298	0.02092	0.03045	0.10160	0.24516	0.01975	0.02185	0.03017	0.06076	0.03335	0.02036	0.02480	0.01661	0.00896	0.00911	0.00247	0.01012	0.00802	0.00583	0.30673
18	0.01398	0.00955	0.01147	0.01240	0.01264	0.00932	0.00751	0.01468	0.01677	0.02236	0.04181	0.28829	0.04926	0.40191	0.03693	0.00769	0.00839	0.02050	0.00751	0.00705
19	0.01783	0.00891	0.01337	0.01337	0.01337	0.00891	0.00891	0.01337	0.01337	0.01783	0.01783	0.03119	0.01783	0.03565	0.04011	0.70143	0.00891	0.00891	0.00446	0.00446
20	0.30655	0.14773	0.07152	0.06121	0.02825	0.02604	0.01665	0.03314	0.09399	0.03747	0.01910	0.02127	0.01507	0.00987	0.00765	0.00289	0.00954	0.00686	0.00621	0.07899
21	0.01556	0.01068	0.01330	0.01423	0.01516	0.01068	0.01028	0.01742	0.01835	0.02415	0.04099	0.08628	0.04587	0.39887	0.03725	0.00789	0.00975	0.20831	0.00749	0.00749
