[name]
unknown

[dist]
# distance from previous block
# <min> <max>
0	294

[block]
# block no. 0 follows, 12 sequences, length 6
# corresponding to MSA columns:
# 347-352
name=unknown_A
#
# <colnr> <probs for GDERKNQSTAVLIFYWHMCP>
#	G	D	E	R	K	N	Q	S	T	A	V	L	I	F	Y	W	H	M	C	P
0	0.02256	0.02469	0.09614	0.02119	0.02831	0.02102	0.01887	0.03392	0.13938	0.03643	0.06722	0.07151	0.02996	0.01445	0.01401	0.00315	0.09734	0.01118	0.00770	0.24097
1	0.01863	0.01499	0.01688	0.01663	0.02003	0.01566	0.01240	0.03091	0.19489	0.03574	0.11668	0.18166	0.15301	0.07193	0.01608	0.00446	0.00740	0.04983	0.01037	0.01183
2	0.02392	0.02913	0.15556	0.21609	0.04768	0.02413	0.02664	0.10073	0.09342	0.03992	0.10224	0.03658	0.03062	0.01329	0.01109	0.00352	0.01238	0.01116	0.00753	0.01437
3	0.03391	0.04092	0.03151	0.21872	0.04773	0.38705	0.02419	0.03823	0.02782	0.02708	0.01771	0.02285	0.01421	0.01112	0.01019	0.00309	0.01793	0.00793	0.00536	0.01246
4	0.02910	0.01255	0.01797	0.01597	0.01882	0.01169	0.01169	0.02740	0.01997	0.20106	0.02710	0.03449	0.02167	0.02962	0.03189	0.45253	0.00940	0.00998	0.00770	0.00942
5	0.03263	0.02397	0.02657	0.02123	0.02787	0.02584	0.01719	0.34575	0.04435	0.06025	0.20134	0.04491	0.04712	0.01621	0.01157	0.00333	0.00968	0.01317	0.01128	0.01575

[dist]
# distance from previous block
# <min> <max>
0	9

[block]
# block no. 1 follows, 12 sequences, length 26
# corresponding to MSA columns:
# 362-387
name=unknown_B
#
# <colnr> <probs for GDERKNQSTAVLIFYWHMCP>
#	G	D	E	R	K	N	Q	S	T	A	V	L	I	F	Y	W	H	M	C	P
0	0.50008	0.02156	0.01774	0.01566	0.02197	0.05724	0.01264	0.03346	0.02220	0.09808	0.08533	0.02792	0.02509	0.01208	0.00815	0.00334	0.00883	0.00825	0.00803	0.01235
1	0.02895	0.02433	0.02568	0.02256	0.02905	0.02797	0.01770	0.11583	0.46823	0.04855	0.04206	0.03883	0.03141	0.01458	0.01107	0.00364	0.00906	0.01201	0.01107	0.01742
2	0.11041	0.02472	0.03776	0.04117	0.20285	0.02922	0.07216	0.03021	0.02050	0.03307	0.01722	0.02464	0.01519	0.01389	0.02160	0.00398	0.27271	0.00946	0.00530	0.01395
3	0.02509	0.03082	0.17725	0.07539	0.07479	0.02353	0.06178	0.03660	0.11001	0.08725	0.03748	0.03922	0.08660	0.01438	0.01357	0.00366	0.06844	0.01174	0.00747	0.01492
4	0.02600	0.01309	0.01682	0.01467	0.01893	0.01191	0.01143	0.03087	0.02943	0.19061	0.30223	0.06090	0.06673	0.01793	0.01131	0.00324	0.00632	0.01537	0.13956	0.01264
5	0.02387	0.08122	0.07620	0.09824	0.03688	0.02395	0.08526	0.08154	0.11076	0.04080	0.17704	0.04440	0.04395	0.01466	0.01135	0.00341	0.01094	0.01298	0.00862	0.01393
6	0.02266	0.01405	0.01688	0.01452	0.01914	0.01277	0.01110	0.02809	0.05812	0.08604	0.14875	0.04477	0.04179	0.01731	0.01394	0.08933	0.00696	0.01168	0.17994	0.16220
7	0.03057	0.07003	0.11855	0.11884	0.07425	0.02520	0.05729	0.04027	0.08903	0.16761	0.02814	0.03023	0.02026	0.01244	0.01303	0.00354	0.06713	0.01002	0.00789	0.01568
8	0.02245	0.02116	0.03430	0.41661	0.15559	0.02535	0.02951	0.03092	0.05808	0.03044	0.02103	0.02916	0.01636	0.01151	0.01256	0.00364	0.05268	0.00987	0.00539	0.01341
9	0.01607	0.01199	0.01572	0.01555	0.01648	0.01308	0.01094	0.01826	0.01953	0.02725	0.11675	0.15269	0.05010	0.25258	0.15037	0.00933	0.06933	0.01752	0.00772	0.00875
10	0.01720	0.01331	0.01765	0.06013	0.02188	0.01479	0.01288	0.02213	0.05659	0.02965	0.13387	0.10292	0.04801	0.20564	0.14867	0.00876	0.05250	0.01581	0.00785	0.00974
11	0.02650	0.02888	0.09834	0.03715	0.04647	0.02582	0.30852	0.03652	0.06659	0.07498	0.02726	0.03681	0.02171	0.01250	0.01447	0.00383	0.06580	0.04631	0.00678	0.01476
12	0.02261	0.01938	0.02261	0.01615	0.02584	0.01453	0.01292	0.02745	0.02261	0.03553	0.01938	0.02261	0.01615	0.00807	0.00807	0.00161	0.00807	0.00646	0.00646	0.68346
13	0.02105	0.05064	0.49080	0.02887	0.04326	0.02341	0.03646	0.03275	0.02402	0.03570	0.08624	0.03046	0.02516	0.01188	0.01068	0.00345	0.01472	0.00954	0.00555	0.01537
14	0.03420	0.02687	0.02965	0.07263	0.03529	0.03044	0.02023	0.29787	0.23049	0.05641	0.03252	0.03194	0.02381	0.01355	0.01098	0.00347	0.01093	0.01076	0.01046	0.01750
15	0.02066	0.02629	0.17550	0.02213	0.02935	0.01686	0.05191	0.02875	0.06006	0.07672	0.09375	0.22613	0.08457	0.02097	0.01220	0.00381	0.01015	0.01855	0.00877	0.01288
16	0.02713	0.10029	0.32841	0.03336	0.09069	0.02736	0.08145	0.07678	0.02642	0.07553	0.02179	0.02482	0.01582	0.01055	0.01042	0.00333	0.01476	0.00885	0.00598	0.01627
17	0.03016	0.14716	0.30673	0.02682	0.03949	0.02634	0.05836	0.03886	0.02507	0.16325	0.02478	0.02593	0.01730	0.01089	0.01006	0.00325	0.01374	0.00867	0.00689	0.01626
18	0.01390	0.00997	0.01321	0.01476	0.01595	0.00927	0.01017	0.01673	0.02375	0.03241	0.19903	0.45773	0.08097	0.03075	0.01361	0.00414	0.00599	0.02775	0.01066	0.00927
19	0.02486	0.05004	0.45878	0.03146	0.04632	0.02466	0.08532	0.03636	0.02408	0.08473	0.02207	0.02502	0.01535	0.01054	0.01067	0.00347	0.01569	0.00882	0.00555	0.01621
20	0.03667	0.02256	0.02967	0.13283	0.12637	0.07094	0.02170	0.04178	0.02832	0.28159	0.06949	0.03555	0.02745	0.01281	0.01096	0.00335	0.01154	0.01080	0.00966	0.01598
21	0.02581	0.01458	0.01727	0.01524	0.01942	0.01385	0.01126	0.03192	0.08827	0.17753	0.09464	0.06638	0.15589	0.19113	0.02438	0.00556	0.00839	0.01598	0.01032	0.01217
22	0.01517	0.01092	0.01444	0.01463	0.01678	0.01019	0.01093	0.01961	0.02819	0.03930	0.39457	0.19805	0.09256	0.02556	0.01329	0.00379	0.00585	0.06477	0.01142	0.00996
23	0.02475	0.08846	0.08739	0.28323	0.12261	0.07900	0.02882	0.03101	0.02257	0.02902	0.01824	0.02549	0.01471	0.01160	0.01351	0.00350	0.08883	0.00888	0.00494	0.01342
24	0.02667	0.01878	0.05728	0.01989	0.02490	0.01669	0.04467	0.06801	0.02582	0.14697	0.08527	0.09915	0.09898	0.02270	0.01972	0.13757	0.05119	0.01456	0.00901	0.01216
25	0.14839	0.01815	0.02247	0.01783	0.02515	0.01682	0.01440	0.04601	0.02764	0.42138	0.03770	0.03748	0.02585	0.07390	0.01479	0.00410	0.00927	0.01065	0.01172	0.01627

[dist]
# distance from previous block
# <min> <max>
0	2

[block]
# block no. 2 follows, 12 sequences, length 119
# corresponding to MSA columns:
# 390-508
name=unknown_C
#
# <colnr> <probs for GDERKNQSTAVLIFYWHMCP>
#	G	D	E	R	K	N	Q	S	T	A	V	L	I	F	Y	W	H	M	C	P
0	0.09617	0.02402	0.03208	0.17557	0.16615	0.06842	0.02458	0.03666	0.02468	0.15487	0.02408	0.02808	0.01778	0.01194	0.01273	0.00349	0.06722	0.00939	0.00724	0.01487
1	0.47280	0.02014	0.01985	0.11454	0.03020	0.02395	0.01546	0.02958	0.01876	0.04134	0.01741	0.02451	0.01474	0.06046	0.01359	0.00411	0.05322	0.00764	0.00626	0.01144
2	0.07765	0.07483	0.12787	0.25167	0.10072	0.02728	0.07289	0.07799	0.02529	0.03584	0.01977	0.02580	0.01498	0.01057	0.01035	0.00341	0.01406	0.00912	0.00564	0.01426
3	0.02529	0.02396	0.03956	0.20335	0.37952	0.02556	0.03129	0.03397	0.06525	0.03436	0.02216	0.02866	0.01785	0.01045	0.01085	0.00338	0.01302	0.00992	0.00572	0.01589
4	0.01325	0.00963	0.01250	0.01480	0.01571	0.00889	0.00995	0.01523	0.02124	0.02798	0.06477	0.56285	0.11594	0.03355	0.01382	0.00436	0.00625	0.03026	0.01012	0.00889
5	0.02059	0.01938	0.03270	0.59060	0.07510	0.02422	0.03028	0.02786	0.02180	0.02786	0.01938	0.02907	0.01453	0.01090	0.01090	0.00363	0.01453	0.00969	0.00484	0.01211
6	0.02016	0.01504	0.01757	0.01411	0.02024	0.01238	0.01099	0.02514	0.02488	0.03891	0.16332	0.04254	0.04210	0.01295	0.00925	0.00232	0.00660	0.01087	0.16343	0.34720
7	0.02149	0.01250	0.01649	0.01551	0.01900	0.01160	0.01232	0.02646	0.02928	0.12273	0.33807	0.07895	0.07802	0.02161	0.01257	0.00364	0.00668	0.10039	0.06114	0.01154
8	0.69383	0.02109	0.01603	0.01434	0.02109	0.02446	0.01181	0.03205	0.01856	0.04892	0.01518	0.01771	0.01181	0.01012	0.00675	0.00337	0.00843	0.00590	0.00675	0.01181
9	0.04275	0.02845	0.03143	0.02409	0.03277	0.03071	0.01990	0.43230	0.04777	0.15379	0.02912	0.02809	0.02002	0.01316	0.01092	0.00329	0.01152	0.01002	0.01136	0.01855
10	0.35908	0.02075	0.02144	0.01743	0.02507	0.02154	0.01438	0.08048	0.02675	0.27201	0.02823	0.02687	0.01898	0.01184	0.00893	0.00337	0.00909	0.00843	0.01003	0.01530
11	0.01325	0.00963	0.01250	0.01480	0.01572	0.00889	0.00995	0.01522	0.02124	0.02798	0.06471	0.56345	0.11538	0.03356	0.01382	0.00436	0.00625	0.03027	0.01012	0.00889
12	0.04145	0.03054	0.03272	0.02509	0.03381	0.03381	0.02072	0.51243	0.05127	0.06872	0.02618	0.02618	0.01854	0.01309	0.01091	0.00327	0.01200	0.00982	0.01091	0.01854
13	0.02261	0.01938	0.02261	0.01615	0.02584	0.01453	0.01292	0.02745	0.02261	0.03553	0.01938	0.02261	0.01615	0.00807	0.00807	0.00161	0.00807	0.00646	0.00646	0.68346
14	0.04073	0.05197	0.03090	0.02809	0.03371	0.57303	0.02107	0.04354	0.03090	0.02669	0.01685	0.01966	0.01404	0.01124	0.00983	0.00281	0.01966	0.00702	0.00562	0.01264
15	0.69383	0.02109	0.01603	0.01434	0.02109	0.02446	0.01181	0.03205	0.01856	0.04892	0.01518	0.01771	0.01181	0.01012	0.00675	0.00337	0.00843	0.00590	0.00675	0.01181
16	0.02299	0.01344	0.01689	0.01621	0.01971	0.01275	0.01239	0.06245	0.02755	0.12781	0.13664	0.24686	0.09585	0.02437	0.01253	0.00384	0.00728	0.06496	0.06369	0.01178
17	0.14924	0.01903	0.02358	0.01830	0.02658	0.01723	0.01507	0.04747	0.02842	0.42867	0.03646	0.03272	0.02360	0.01247	0.01003	0.00322	0.00904	0.00975	0.01179	0.07733
18	0.01521	0.01030	0.01208	0.01272	0.01287	0.01014	0.00749	0.01569	0.01711	0.02282	0.04079	0.20600	0.04776	0.47108	0.04510	0.00903	0.00951	0.01964	0.00749	0.00717
19	0.03652	0.04049	0.16204	0.02706	0.03708	0.12214	0.02559	0.31640	0.04091	0.05327	0.02299	0.02431	0.01663	0.01211	0.01059	0.00324	0.01429	0.00892	0.00847	0.01696
20	0.08044	0.09231	0.28819	0.07254	0.08847	0.02508	0.03011	0.03471	0.02338	0.08339	0.02106	0.02421	0.01546	0.01034	0.00971	0.00318	0.01337	0.00810	0.00586	0.07010
21	0.02368	0.04793	0.43998	0.11576	0.05002	0.02447	0.03696	0.03489	0.02344	0.07220	0.02128	0.02499	0.01490	0.01067	0.01049	0.00347	0.01537	0.00852	0.00530	0.01568
22	0.69383	0.02109	0.01603	0.01434	0.02109	0.02446	0.01181	0.03205	0.01856	0.04892	0.01518	0.01771	0.01181	0.01012	0.00675	0.00337	0.00843	0.00590	0.00675	0.01181
23	0.01681	0.01219	0.01651	0.01826	0.02088	0.01189	0.01558	0.02165	0.02599	0.03410	0.13940	0.11478	0.11246	0.02865	0.01452	0.00465	0.00886	0.36245	0.01036	0.01000
24	0.01429	0.01044	0.01343	0.01408	0.01594	0.00958	0.01003	0.01784	0.02609	0.03569	0.29907	0.30624	0.13121	0.02779	0.01331	0.00387	0.00568	0.02478	0.01103	0.00958
25	0.10240	0.02778	0.03002	0.02320	0.03170	0.03014	0.01916	0.39562	0.04509	0.14419	0.02784	0.02714	0.01926	0.01288	0.01054	0.00330	0.01124	0.00964	0.01094	0.01793
26	0.01433	0.01024	0.01385	0.01638	0.01747	0.00976	0.01194	0.01699	0.02191	0.02901	0.05952	0.49069	0.06983	0.03317	0.01420	0.00457	0.00723	0.13965	0.01010	0.00915
27	0.20022	0.01955	0.02305	0.01843	0.02627	0.01893	0.01513	0.04852	0.06886	0.39419	0.03652	0.03280	0.02390	0.01280	0.00997	0.00340	0.00902	0.00987	0.01170	0.01685
28	0.01996	0.01232	0.01667	0.01716	0.01897	0.01238	0.01239	0.02227	0.02211	0.11145	0.05294	0.46197	0.05934	0.02942	0.01558	0.00429	0.06421	0.02574	0.01014	0.01069
29	0.01573	0.01124	0.01546	0.01798	0.01968	0.01096	0.01437	0.01941	0.02329	0.03057	0.05875	0.33190	0.06677	0.03185	0.01457	0.00477	0.00845	0.28465	0.01008	0.00953
30	0.02915	0.62337	0.05714	0.01866	0.02799	0.04314	0.01866	0.03265	0.02215	0.02565	0.01516	0.01749	0.01399	0.00933	0.00700	0.00233	0.01166	0.00583	0.00466	0.01399
31	0.07893	0.02796	0.12319	0.20939	0.23024	0.02423	0.03025	0.03376	0.02374	0.08479	0.02178	0.02720	0.01638	0.01058	0.01045	0.00342	0.01324	0.00925	0.00599	0.01522
32	0.01475	0.01097	0.01373	0.01335	0.01595	0.00995	0.00989	0.01914	0.02879	0.03954	0.41617	0.13529	0.18338	0.02441	0.01296	0.00357	0.00533	0.02140	0.01147	0.00995
33	0.01508	0.01140	0.01600	0.01945	0.06391	0.01077	0.01227	0.01825	0.02387	0.03273	0.18403	0.41778	0.07530	0.02883	0.01336	0.00406	0.00661	0.02610	0.01019	0.00999
34	0.03089	0.08113	0.07239	0.12560	0.07340	0.02829	0.02317	0.18973	0.03158	0.08307	0.02407	0.03042	0.01916	0.06686	0.01683	0.00406	0.06671	0.00990	0.00768	0.01505
35	0.01480	0.01098	0.01380	0.01339	0.01598	0.00997	0.00993	0.01925	0.02893	0.03985	0.42543	0.13302	0.17577	0.02427	0.01296	0.00356	0.00532	0.02130	0.01151	0.00997
36	0.03021	0.57102	0.05473	0.01952	0.02851	0.09169	0.01888	0.03365	0.02296	0.02575	0.01531	0.01769	0.01400	0.00950	0.00726	0.00238	0.01239	0.00594	0.00475	0.01387
37	0.02887	0.02566	0.11483	0.16852	0.12660	0.02151	0.02583	0.03778	0.07124	0.16401	0.03146	0.08310	0.02488	0.01372	0.01110	0.00355	0.01193	0.01191	0.00811	0.01539
38	0.02500	0.15014	0.38670	0.03006	0.04370	0.07335	0.07724	0.03498	0.02376	0.03241	0.01882	0.02238	0.01411	0.01015	0.00997	0.00323	0.01585	0.00803	0.00478	0.01534
39	0.02776	0.02406	0.04026	0.15545	0.33386	0.02489	0.06523	0.03629	0.06469	0.08361	0.02440	0.02958	0.01888	0.01065	0.01101	0.00339	0.01297	0.01027	0.00651	0.01623
40	0.07186	0.01991	0.03206	0.14334	0.20429	0.02094	0.05789	0.02862	0.02395	0.03406	0.03298	0.06032	0.03216	0.01704	0.01214	0.00397	0.01227	0.17197	0.00702	0.01321
41	0.02244	0.02293	0.04385	0.17491	0.05179	0.02349	0.25772	0.03193	0.07100	0.03294	0.02999	0.12976	0.02712	0.01442	0.01239	0.00380	0.01444	0.01513	0.00666	0.01329
42	0.01791	0.01161	0.01528	0.01427	0.01716	0.01063	0.01073	0.02274	0.03015	0.08297	0.46786	0.11706	0.09462	0.02248	0.01279	0.00350	0.00556	0.01986	0.01198	0.01083
43	0.02664	0.02312	0.02525	0.06427	0.03181	0.02691	0.01822	0.05571	0.49154	0.04430	0.04253	0.03982	0.03190	0.01450	0.01108	0.00369	0.00907	0.01213	0.01063	0.01688
44	0.01632	0.01229	0.01524	0.01430	0.01729	0.01178	0.01078	0.02368	0.07699	0.04278	0.46228	0.07949	0.13119	0.02201	0.01270	0.00347	0.00550	0.01929	0.01177	0.01085
45	0.02498	0.03105	0.10649	0.08757	0.05753	0.02711	0.42922	0.03433	0.02518	0.03433	0.02162	0.02881	0.01614	0.00943	0.01249	0.00365	0.01787	0.01218	0.00538	0.01463
46	0.04648	0.01863	0.02505	0.01910	0.02765	0.01589	0.01574	0.05075	0.03041	0.50801	0.04082	0.03577	0.02598	0.01299	0.01070	0.00321	0.00917	0.01055	0.01284	0.08026
47	0.69383	0.02109	0.01603	0.01434	0.02109	0.02446	0.01181	0.03205	0.01856	0.04892	0.01518	0.01771	0.01181	0.01012	0.00675	0.00337	0.00843	0.00590	0.00675	0.01181
48	0.03853	0.01578	0.02023	0.01634	0.02287	0.01395	0.01323	0.04283	0.02855	0.37999	0.04722	0.04410	0.07380	0.01457	0.01030	0.00319	0.00789	0.01185	0.17915	0.01562
49	0.02112	0.01971	0.03205	0.54418	0.07128	0.02446	0.02922	0.03031	0.06323	0.02931	0.02142	0.03002	0.01607	0.01122	0.01092	0.00364	0.01405	0.00991	0.00536	0.01253
50	0.01518	0.01114	0.01423	0.01346	0.01614	0.01018	0.01009	0.02010	0.03028	0.04234	0.50098	0.08373	0.14581	0.02281	0.01286	0.00345	0.00518	0.02004	0.01182	0.01018
51	0.02673	0.02667	0.09000	0.16496	0.05152	0.02429	0.21469	0.07747	0.02702	0.08641	0.02718	0.08348	0.02223	0.01281	0.01191	0.00365	0.01467	0.01292	0.00698	0.01441
52	0.03078	0.19507	0.17607	0.02907	0.04032	0.02873	0.15262	0.03819	0.02529	0.14623	0.02415	0.02628	0.01746	0.01046	0.01024	0.00319	0.01401	0.00935	0.00680	0.01570
53	0.01470	0.01058	0.01392	0.01422	0.01613	0.00980	0.01023	0.01873	0.02745	0.03829	0.37790	0.26207	0.09236	0.02635	0.01322	0.00377	0.00555	0.02358	0.01136	0.00980
54	0.03016	0.01530	0.01988	0.01682	0.02211	0.01419	0.01327	0.03731	0.07724	0.25270	0.29309	0.05960	0.06551	0.01801	0.01192	0.00343	0.00715	0.01547	0.01253	0.01430
55	0.02676	0.22853	0.35226	0.02609	0.03935	0.02994	0.03122	0.03576	0.02355	0.08252	0.02048	0.02268	0.01515	0.01034	0.00938	0.00310	0.01407	0.00765	0.00549	0.01569
56	0.03641	0.02648	0.11497	0.08341	0.08641	0.02094	0.05953	0.04493	0.06726	0.29507	0.03347	0.03287	0.02251	0.01218	0.01100	0.00345	0.01183	0.01051	0.00971	0.01704
57	0.01328	0.00949	0.01265	0.01518	0.01581	0.00886	0.01012	0.01518	0.02088	0.02783	0.06010	0.60969	0.07212	0.03416	0.01392	0.00443	0.00633	0.03100	0.01012	0.00886
58	0.02567	0.01985	0.03259	0.45209	0.11100	0.02308	0.02831	0.03238	0.02357	0.11234	0.02323	0.03015	0.01676	0.01120	0.01090	0.00356	0.01356	0.00989	0.00627	0.01361
59	0.02375	0.02567	0.08522	0.03064	0.11692	0.01955	0.10034	0.03033	0.02352	0.03535	0.02002	0.02447	0.01617	0.00874	0.00952	0.00239	0.01133	0.00819	0.00595	0.40193
60	0.02248	0.02206	0.03300	0.02800	0.02926	0.02928	0.06166	0.02570	0.01759	0.02678	0.01769	0.02781	0.01688	0.02984	0.13309	0.00703	0.44486	0.01021	0.00503	0.01175
61	0.63322	0.02395	0.01741	0.01561	0.02226	0.07537	0.01267	0.03312	0.01970	0.04686	0.01534	0.01789	0.01202	0.01022	0.00703	0.00332	0.00948	0.00601	0.00664	0.01189
62	0.01328	0.00949	0.01265	0.01518	0.01581	0.00886	0.01012	0.01518	0.02088	0.02783	0.06010	0.60969	0.07212	0.03416	0.01392	0.00443	0.00633	0.03100	0.01012	0.00886
63	0.02987	0.02351	0.02525	0.02216	0.02868	0.02667	0.01739	0.08827	0.45607	0.08894	0.04304	0.03941	0.03177	0.01457	0.01107	0.00364	0.00891	0.01205	0.01128	0.01745
64	0.01328	0.00949	0.01265	0.01518	0.01581	0.00886	0.01012	0.01518	0.02088	0.02783	0.06010	0.60969	0.07212	0.03416	0.01392	0.00443	0.00633	0.03100	0.01012	0.00886
65	0.02689	0.02632	0.05439	0.04241	0.09071	0.02467	0.37929	0.03473	0.02574	0.08312	0.02732	0.08217	0.02258	0.01188	0.01261	0.00368	0.01600	0.01406	0.00667	0.01475
66	0.04073	0.05197	0.03090	0.02809	0.03371	0.57303	0.02107	0.04354	0.03090	0.02669	0.01685	0.01966	0.01404	0.01124	0.00983	0.00281	0.01966	0.00702	0.00562	0.01264
67	0.01558	0.01168	0.01752	0.01752	0.01947	0.01363	0.01363	0.01947	0.01752	0.02531	0.02921	0.04283	0.02726	0.08178	0.57360	0.01752	0.02921	0.01168	0.00584	0.00974
68	0.04892	0.01856	0.02530	0.01940	0.02783	0.01603	0.01603	0.05314	0.03121	0.55634	0.04302	0.03711	0.02699	0.01350	0.01096	0.00337	0.00928	0.01096	0.01350	0.01856
69	0.04145	0.03054	0.03272	0.02509	0.03381	0.03381	0.02072	0.51243	0.05127	0.06872	0.02618	0.02618	0.01854	0.01309	0.01091	0.00327	0.01200	0.00982	0.01091	0.01854
70	0.01289	0.01105	0.01105	0.01105	0.01473	0.00920	0.00828	0.01565	0.02485	0.02946	0.11046	0.10493	0.54437	0.02761	0.01289	0.00368	0.00552	0.02301	0.01013	0.00920
71	0.02059	0.01938	0.03270	0.59060	0.07510	0.02422	0.03028	0.02786	0.02180	0.02786	0.01938	0.02907	0.01453	0.01090	0.01090	0.00363	0.01453	0.00969	0.00484	0.01211
72	0.02254	0.10834	0.51421	0.02994	0.04543	0.02695	0.03830	0.03436	0.02294	0.03372	0.01916	0.02251	0.01383	0.01026	0.01005	0.00335	0.01571	0.00785	0.00461	0.01592
73	0.02574	0.02941	0.06434	0.04596	0.05699	0.02757	0.50919	0.03493	0.02574	0.03493	0.02206	0.02941	0.01654	0.00919	0.01287	0.00368	0.01838	0.01287	0.00551	0.01471
74	0.02887	0.02877	0.05279	0.03868	0.04859	0.02868	0.34800	0.12760	0.10187	0.04277	0.02599	0.03040	0.01929	0.01072	0.01225	0.00360	0.01580	0.01222	0.00732	0.01579
75	0.01404	0.01129	0.01265	0.01288	0.01620	0.00990	0.01005	0.01755	0.02592	0.03239	0.17653	0.10367	0.39507	0.02709	0.01321	0.00384	0.00615	0.09161	0.01043	0.00952
76	0.63112	0.02084	0.01693	0.01483	0.02174	0.02364	0.01222	0.03410	0.01979	0.09826	0.01789	0.01960	0.01328	0.01045	0.00716	0.00337	0.00852	0.00640	0.00740	0.01246
77	0.69383	0.02109	0.01603	0.01434	0.02109	0.02446	0.01181	0.03205	0.01856	0.04892	0.01518	0.01771	0.01181	0.01012	0.00675	0.00337	0.00843	0.00590	0.00675	0.01181
78	0.01539	0.01065	0.01176	0.01176	0.01234	0.01035	0.00687	0.01582	0.01728	0.02246	0.04642	0.07668	0.11964	0.52342	0.04874	0.00948	0.00977	0.01699	0.00716	0.00702
79	0.02386	0.02019	0.02174	0.01976	0.02506	0.02261	0.01528	0.04775	0.39762	0.04406	0.14345	0.05314	0.08432	0.01716	0.01156	0.00365	0.00774	0.01452	0.01119	0.01534
80	0.02574	0.02941	0.06434	0.04596	0.05699	0.02757	0.50919	0.03493	0.02574	0.03493	0.02206	0.02941	0.01654	0.00919	0.01287	0.00368	0.01838	0.01287	0.00551	0.01471
81	0.01869	0.01187	0.01562	0.01427	0.01741	0.01085	0.01085	0.02374	0.03090	0.09357	0.49442	0.07714	0.09550	0.02144	0.01268	0.00342	0.00555	0.01887	0.01215	0.01109
82	0.54263	0.02328	0.01990	0.01683	0.02404	0.02663	0.01387	0.14339	0.02614	0.05351	0.01773	0.01967	0.01337	0.01081	0.00771	0.00335	0.00926	0.00681	0.00771	0.01337
83	0.04892	0.01856	0.02530	0.01940	0.02783	0.01603	0.01603	0.05314	0.03121	0.55634	0.04302	0.03711	0.02699	0.01350	0.01096	0.00337	0.00928	0.01096	0.01350	0.01856
84	0.02385	0.02385	0.03340	0.02863	0.02863	0.03340	0.02385	0.02624	0.01670	0.02624	0.01431	0.02385	0.01431	0.01908	0.03578	0.00477	0.59685	0.00954	0.00477	0.01193
85	0.69383	0.02109	0.01603	0.01434	0.02109	0.02446	0.01181	0.03205	0.01856	0.04892	0.01518	0.01771	0.01181	0.01012	0.00675	0.00337	0.00843	0.00590	0.00675	0.01181
86	0.02712	0.02342	0.02465	0.02219	0.02835	0.02712	0.01726	0.05794	0.52909	0.04561	0.04438	0.04068	0.03328	0.01479	0.01109	0.00370	0.00863	0.01233	0.01109	0.01726
87	0.69383	0.02109	0.01603	0.01434	0.02109	0.02446	0.01181	0.03205	0.01856	0.04892	0.01518	0.01771	0.01181	0.01012	0.00675	0.00337	0.00843	0.00590	0.00675	0.01181
88	0.04475	0.01869	0.02488	0.01888	0.02752	0.01579	0.01553	0.04907	0.02985	0.47379	0.03927	0.03481	0.02527	0.01264	0.01051	0.00310	0.00909	0.01025	0.01238	0.12395
89	0.09188	0.02191	0.02949	0.25573	0.09520	0.02521	0.02365	0.07134	0.15802	0.07725	0.02787	0.03123	0.02065	0.01208	0.01054	0.00355	0.01168	0.01012	0.00778	0.01483
90	0.01313	0.01091	0.01148	0.01164	0.01495	0.00926	0.00862	0.01601	0.02498	0.03047	0.14117	0.14926	0.46505	0.02778	0.01298	0.00373	0.00557	0.02347	0.01028	0.00926
91	0.02261	0.01938	0.02261	0.01615	0.02584	0.01453	0.01292	0.02745	0.02261	0.03553	0.01938	0.02261	0.01615	0.00807	0.00807	0.00161	0.00807	0.00646	0.00646	0.68346
92	0.02261	0.01938	0.02261	0.01615	0.02584	0.01453	0.01292	0.02745	0.02261	0.03553	0.01938	0.02261	0.01615	0.00807	0.00807	0.00161	0.00807	0.00646	0.00646	0.68346
93	0.01540	0.01091	0.01377	0.01336	0.01584	0.01006	0.00990	0.02004	0.02883	0.04084	0.42360	0.12964	0.13031	0.02310	0.01256	0.00348	0.00528	0.02031	0.06272	0.01006
94	0.02915	0.62337	0.05714	0.01866	0.02799	0.04314	0.01866	0.03265	0.02215	0.02565	0.01516	0.01749	0.01399	0.00933	0.00700	0.00233	0.01166	0.00583	0.00466	0.01399
95	0.02768	0.10115	0.41254	0.02772	0.04175	0.02519	0.03369	0.03789	0.02450	0.13288	0.02362	0.02519	0.01633	0.01086	0.01017	0.00334	0.01441	0.00841	0.00630	0.01638
96	0.02543	0.02519	0.04292	0.03289	0.04088	0.02585	0.25690	0.04290	0.23670	0.03818	0.03256	0.03793	0.02567	0.06624	0.01596	0.00431	0.01357	0.01291	0.00796	0.01505
97	0.01543	0.01115	0.01457	0.01372	0.01629	0.01029	0.01029	0.02058	0.03086	0.04372	0.54304	0.08145	0.10288	0.02229	0.01286	0.00343	0.00514	0.01972	0.01200	0.01029
98	0.01856	0.01184	0.01558	0.01425	0.01737	0.01082	0.01082	0.02362	0.03090	0.09167	0.49627	0.07730	0.09578	0.02147	0.01268	0.00342	0.00553	0.01890	0.01214	0.01106
99	0.21326	0.07568	0.10859	0.07330	0.03394	0.02436	0.02058	0.08356	0.02682	0.20206	0.02590	0.02637	0.01788	0.01149	0.00940	0.00332	0.01103	0.00851	0.00855	0.01540
100	0.01618	0.01155	0.01597	0.01849	0.02039	0.01135	0.01515	0.02018	0.02373	0.03107	0.05850	0.28131	0.06580	0.03143	0.01469	0.00483	0.00883	0.33084	0.01007	0.00966
101	0.02744	0.02359	0.03959	0.19346	0.38158	0.02456	0.03104	0.03390	0.02467	0.08239	0.02233	0.02845	0.01750	0.01037	0.01084	0.00335	0.01301	0.00983	0.00602	0.01610
102	0.01328	0.00949	0.01265	0.01518	0.01581	0.00886	0.01012	0.01518	0.02088	0.02783	0.06010	0.60969	0.07212	0.03416	0.01392	0.00443	0.00633	0.03100	0.01012	0.00886
103	0.01989	0.01329	0.01655	0.01484	0.01846	0.01255	0.01140	0.06284	0.03200	0.08378	0.42226	0.07571	0.13113	0.02136	0.01256	0.00344	0.00606	0.01854	0.01185	0.01150
104	0.02712	0.02342	0.02465	0.02219	0.02835	0.02712	0.01726	0.05794	0.52909	0.04561	0.04438	0.04068	0.03328	0.01479	0.01109	0.00370	0.00863	0.01233	0.01109	0.01726
105	0.02261	0.01938	0.02261	0.01615	0.02584	0.01453	0.01292	0.02745	0.02261	0.03553	0.01938	0.02261	0.01615	0.00807	0.00807	0.00161	0.00807	0.00646	0.00646	0.68346
106	0.32089	0.02169	0.02265	0.01823	0.02600	0.02265	0.01505	0.12305	0.02929	0.25764	0.02833	0.02702	0.01911	0.01200	0.00917	0.00336	0.00939	0.00862	0.01019	0.01569
107	0.01994	0.02111	0.07966	0.17227	0.17540	0.01909	0.02488	0.02570	0.02275	0.03100	0.03544	0.21087	0.03690	0.01928	0.01211	0.00388	0.01139	0.05860	0.00703	0.01270
108	0.69383	0.02109	0.01603	0.01434	0.02109	0.02446	0.01181	0.03205	0.01856	0.04892	0.01518	0.01771	0.01181	0.01012	0.00675	0.00337	0.00843	0.00590	0.00675	0.01181
109	0.02184	0.01787	0.02010	0.01836	0.02290	0.01951	0.01411	0.04105	0.30394	0.04476	0.26973	0.05910	0.06474	0.01818	0.01189	0.00358	0.00705	0.01567	0.01151	0.01411
110	0.01326	0.01053	0.01191	0.01268	0.01524	0.00919	0.00909	0.01595	0.02408	0.03025	0.13406	0.27168	0.34501	0.02931	0.01323	0.00391	0.00576	0.02538	0.01030	0.00919
111	0.02786	0.14143	0.16131	0.07947	0.04032	0.07182	0.06496	0.08303	0.14986	0.03754	0.02542	0.02746	0.01934	0.01153	0.01020	0.00328	0.01343	0.00933	0.00694	0.01548
112	0.01325	0.00964	0.01250	0.01478	0.01571	0.00889	0.00994	0.01523	0.02126	0.02799	0.06499	0.56061	0.11803	0.03352	0.01382	0.00436	0.00625	0.03022	0.01012	0.00889
113	0.09814	0.02775	0.02900	0.02331	0.03116	0.03115	0.01896	0.34564	0.17672	0.06067	0.03005	0.02929	0.02188	0.01327	0.01057	0.00340	0.01076	0.01013	0.01057	0.01757
114	0.02635	0.07863	0.17395	0.08376	0.15671	0.02268	0.02692	0.03353	0.02539	0.11368	0.07900	0.03830	0.06830	0.01317	0.01077	0.00333	0.01194	0.01116	0.00731	0.01512
115	0.02710	0.14152	0.26687	0.03215	0.08808	0.02995	0.07445	0.10362	0.06476	0.03882	0.02191	0.02479	0.01653	0.01073	0.01019	0.00326	0.01413	0.00884	0.00615	0.01616
116	0.02877	0.24805	0.17941	0.03056	0.07899	0.03350	0.09515	0.11568	0.02808	0.03736	0.01955	0.02281	0.01535	0.01024	0.00964	0.00304	0.01389	0.00838	0.00590	0.01566
117	0.08705	0.23696	0.30052	0.02471	0.03691	0.03125	0.02865	0.03559	0.06365	0.03385	0.01974	0.02215	0.01528	0.01036	0.00898	0.00310	0.01332	0.00747	0.00535	0.01511
118	0.02315	0.07931	0.07574	0.01777	0.02802	0.01821	0.01600	0.02860	0.02261	0.03451	0.01900	0.02217	0.01573	0.00840	0.00819	0.00185	0.00916	0.00655	0.00612	0.55891

[dist]
# distance from previous block
# <min> <max>
0	7

[block]
# block no. 3 follows, 12 sequences, length 36
# corresponding to MSA columns:
# 516-551
name=unknown_D
#
# <colnr> <probs for GDERKNQSTAVLIFYWHMCP>
#	G	D	E	R	K	N	Q	S	T	A	V	L	I	F	Y	W	H	M	C	P
0	0.08948	0.04709	0.41479	0.02883	0.04298	0.02424	0.06660	0.03356	0.02272	0.03610	0.01928	0.02288	0.01405	0.01001	0.00993	0.00327	0.01465	0.00800	0.00508	0.08648
1	0.01747	0.01420	0.01841	0.02203	0.07900	0.01435	0.01398	0.02553	0.11935	0.03230	0.05760	0.38329	0.10566	0.02699	0.01291	0.00408	0.00745	0.02418	0.00977	0.01147
2	0.01560	0.01046	0.01197	0.01222	0.01228	0.01040	0.00696	0.01579	0.01636	0.02181	0.03693	0.12524	0.04289	0.55848	0.05133	0.00996	0.01015	0.01737	0.00696	0.00683
3	0.02534	0.07073	0.13528	0.21145	0.24083	0.02706	0.03180	0.06732	0.02536	0.03485	0.02005	0.02618	0.01568	0.01041	0.01050	0.00334	0.01385	0.00915	0.00544	0.01538
4	0.01787	0.01102	0.01491	0.01654	0.01835	0.01030	0.01213	0.02059	0.02276	0.08487	0.05784	0.45836	0.06558	0.03121	0.01382	0.00443	0.00733	0.11152	0.01046	0.01011
5	0.04892	0.01856	0.02530	0.01940	0.02783	0.01603	0.01603	0.05314	0.03121	0.55634	0.04302	0.03711	0.02699	0.01350	0.01096	0.00337	0.00928	0.01096	0.01350	0.01856
6	0.02599	0.02627	0.03810	0.27239	0.30008	0.08774	0.03077	0.03237	0.02431	0.03149	0.01964	0.02698	0.01581	0.01036	0.01073	0.00335	0.01435	0.00940	0.00520	0.01467
7	0.01712	0.01081	0.01305	0.01249	0.01505	0.01024	0.00937	0.02225	0.02810	0.04266	0.36769	0.06735	0.07699	0.01898	0.01105	0.00312	0.00512	0.01642	0.24189	0.01024
8	0.63845	0.02087	0.01682	0.01477	0.02167	0.02374	0.01217	0.03386	0.01964	0.09249	0.01757	0.01938	0.01311	0.01041	0.00711	0.00337	0.00851	0.00634	0.00733	0.01239
9	0.01337	0.01004	0.01240	0.01398	0.01557	0.00907	0.00966	0.01577	0.02277	0.02962	0.11464	0.43327	0.19738	0.03144	0.01356	0.00415	0.00602	0.02796	0.01028	0.00907
10	0.69383	0.02109	0.01603	0.01434	0.02109	0.02446	0.01181	0.03205	0.01856	0.04892	0.01518	0.01771	0.01181	0.01012	0.00675	0.00337	0.00843	0.00590	0.00675	0.01181
11	0.04017	0.02122	0.02487	0.01956	0.02687	0.02137	0.01600	0.21694	0.03687	0.26817	0.03524	0.03382	0.02407	0.01318	0.01024	0.00316	0.00940	0.01037	0.15169	0.01679
12	0.01328	0.00949	0.01265	0.01518	0.01581	0.00886	0.01012	0.01518	0.02088	0.02783	0.06010	0.60969	0.07212	0.03416	0.01392	0.00443	0.00633	0.03100	0.01012	0.00886
13	0.69383	0.02109	0.01603	0.01434	0.02109	0.02446	0.01181	0.03205	0.01856	0.04892	0.01518	0.01771	0.01181	0.01012	0.00675	0.00337	0.00843	0.00590	0.00675	0.01181
14	0.02048	0.01232	0.01588	0.01432	0.01795	0.01108	0.01097	0.02521	0.03023	0.12388	0.41384	0.07706	0.14121	0.02150	0.01256	0.00345	0.00585	0.01870	0.01203	0.01148
15	0.02538	0.01340	0.01802	0.01644	0.02058	0.01220	0.01305	0.02999	0.02936	0.19067	0.28821	0.11379	0.07239	0.02178	0.01272	0.00373	0.00718	0.08656	0.01200	0.01256
16	0.03974	0.02364	0.02728	0.02197	0.02976	0.02481	0.01780	0.18988	0.19650	0.24930	0.03850	0.03504	0.02652	0.01379	0.01099	0.00345	0.00987	0.01106	0.01197	0.01814
17	0.02244	0.05242	0.48726	0.03327	0.04863	0.02565	0.10935	0.03459	0.02342	0.03459	0.01993	0.02396	0.01421	0.01019	0.01073	0.00349	0.01645	0.00877	0.00474	0.01591
18	0.01972	0.01188	0.01538	0.01462	0.01775	0.01072	0.01090	0.02374	0.02804	0.11579	0.31370	0.19556	0.13147	0.02419	0.01281	0.00367	0.00607	0.02128	0.01161	0.01110
19	0.02712	0.02342	0.02465	0.02219	0.02835	0.02712	0.01726	0.05794	0.52909	0.04561	0.04438	0.04068	0.03328	0.01479	0.01109	0.00370	0.00863	0.01233	0.01109	0.01726
20	0.01322	0.00974	0.01240	0.01452	0.01564	0.00891	0.00983	0.01526	0.02151	0.02809	0.06813	0.52916	0.14747	0.03312	0.01375	0.00431	0.00620	0.02972	0.01012	0.00891
21	0.02353	0.02806	0.10045	0.25027	0.10399	0.02595	0.24298	0.03212	0.02391	0.03230	0.02068	0.02844	0.01558	0.00999	0.01171	0.00360	0.01626	0.01093	0.00516	0.01409
22	0.01878	0.01023	0.01111	0.01127	0.01360	0.01003	0.00831	0.02351	0.02384	0.03965	0.11473	0.11180	0.04427	0.01660	0.00913	0.00289	0.00523	0.01398	0.50100	0.01003
23	0.01926	0.01199	0.01580	0.01437	0.01761	0.01094	0.01094	0.02430	0.03090	0.10229	0.48591	0.07638	0.09421	0.02129	0.01264	0.00342	0.00562	0.01872	0.01217	0.01123
24	0.02435	0.17991	0.03179	0.01682	0.02641	0.02214	0.01444	0.02884	0.02249	0.03290	0.01826	0.02125	0.01558	0.00841	0.00779	0.00181	0.00903	0.00629	0.00598	0.50553
25	0.03898	0.01805	0.02608	0.14765	0.03784	0.01747	0.01940	0.04398	0.02840	0.37793	0.03939	0.04512	0.02828	0.01481	0.01142	0.00362	0.01054	0.06374	0.01116	0.01614
26	0.02262	0.02833	0.12508	0.02788	0.03094	0.02987	0.02568	0.02699	0.01791	0.02761	0.01683	0.02572	0.01560	0.02420	0.08841	0.00589	0.43365	0.00951	0.00486	0.01244
27	0.02366	0.02411	0.04540	0.26246	0.14022	0.02498	0.20557	0.03132	0.02379	0.03229	0.02055	0.02837	0.01583	0.00987	0.01139	0.00343	0.01520	0.01061	0.00530	0.06565
28	0.01328	0.00949	0.01265	0.01518	0.01581	0.00886	0.01012	0.01518	0.02088	0.02783	0.06010	0.60969	0.07212	0.03416	0.01392	0.00443	0.00633	0.03100	0.01012	0.00886
29	0.01519	0.01186	0.01622	0.01971	0.07238	0.01106	0.01236	0.01847	0.02426	0.03266	0.17764	0.34696	0.14462	0.02777	0.01318	0.00395	0.00663	0.02487	0.01006	0.01014
30	0.02187	0.05640	0.56031	0.03108	0.04719	0.02532	0.04029	0.03453	0.02302	0.03453	0.01957	0.02302	0.01381	0.01036	0.01036	0.00345	0.01611	0.00806	0.00460	0.01611
31	0.02558	0.09284	0.09154	0.16219	0.04588	0.07496	0.09529	0.03522	0.09247	0.03136	0.02161	0.02710	0.01720	0.01256	0.01541	0.00364	0.12583	0.00969	0.00581	0.01381
32	0.02712	0.02342	0.02465	0.02219	0.02835	0.02712	0.01726	0.05794	0.52909	0.04561	0.04438	0.04068	0.03328	0.01479	0.01109	0.00370	0.00863	0.01233	0.01109	0.01726
33	0.02569	0.01770	0.02013	0.01749	0.02076	0.01903	0.01266	0.17805	0.06625	0.03775	0.02872	0.04512	0.02730	0.23471	0.03461	0.17267	0.01061	0.01208	0.00787	0.01080
34	0.02317	0.01932	0.02124	0.01956	0.02441	0.02156	0.01499	0.04542	0.36697	0.04378	0.16877	0.09448	0.05346	0.01813	0.01175	0.00369	0.00759	0.01559	0.01124	0.01489
35	0.04071	0.02174	0.05937	0.02096	0.02900	0.01877	0.01826	0.08425	0.08441	0.37119	0.04204	0.04555	0.03025	0.01530	0.01140	0.00359	0.00995	0.06389	0.01207	0.01729

[dist]
# distance from previous block
# <min> <max>
0	7

[block]
# block no. 4 follows, 12 sequences, length 39
# corresponding to MSA columns:
# 559-597
name=unknown_E
#
# <colnr> <probs for GDERKNQSTAVLIFYWHMCP>
#	G	D	E	R	K	N	Q	S	T	A	V	L	I	F	Y	W	H	M	C	P
0	0.03711	0.04108	0.03495	0.07968	0.09041	0.36390	0.06831	0.04140	0.02908	0.08299	0.02061	0.02389	0.01598	0.01110	0.01042	0.00306	0.01737	0.00847	0.00633	0.01386
1	0.02385	0.02385	0.03340	0.02863	0.02863	0.03340	0.02385	0.02624	0.01670	0.02624	0.01431	0.02385	0.01431	0.01908	0.03578	0.00477	0.59685	0.00954	0.00477	0.01193
2	0.03310	0.06833	0.14543	0.02570	0.07356	0.07548	0.02246	0.03934	0.02821	0.22006	0.12058	0.03806	0.03466	0.01356	0.01079	0.00327	0.01155	0.01105	0.00925	0.01555
3	0.02780	0.02412	0.03809	0.12135	0.17744	0.02548	0.11046	0.04257	0.18871	0.08346	0.03034	0.03306	0.02279	0.01178	0.01129	0.00354	0.01242	0.01123	0.00790	0.01617
4	0.01883	0.01225	0.01923	0.17575	0.03142	0.01354	0.01536	0.01813	0.01700	0.02233	0.02319	0.08984	0.02304	0.02995	0.03085	0.42450	0.01057	0.01169	0.00531	0.00721
5	0.01366	0.01002	0.01291	0.01507	0.01633	0.00928	0.01060	0.01599	0.02188	0.02855	0.06726	0.48671	0.14055	0.03279	0.01388	0.00438	0.00658	0.07440	0.01011	0.00903
6	0.02685	0.02443	0.04604	0.21351	0.17389	0.02498	0.20229	0.03431	0.02489	0.08663	0.02304	0.02954	0.01718	0.01028	0.01159	0.00353	0.01501	0.01097	0.00611	0.01491
7	0.02867	0.14016	0.19305	0.07525	0.09484	0.02860	0.11437	0.07504	0.02662	0.08919	0.02227	0.02574	0.01648	0.01049	0.01040	0.00326	0.01425	0.00925	0.00631	0.01576
8	0.03309	0.03475	0.02612	0.02369	0.02801	0.31577	0.01801	0.03605	0.02595	0.08048	0.02341	0.03070	0.02022	0.07278	0.13923	0.00682	0.05704	0.00928	0.00650	0.01211
9	0.02430	0.02393	0.04336	0.16488	0.30929	0.02450	0.12694	0.03111	0.02407	0.03326	0.02385	0.07591	0.02109	0.01186	0.01149	0.00351	0.01382	0.01210	0.00570	0.01501
10	0.02385	0.02385	0.03340	0.02863	0.02863	0.03340	0.02385	0.02624	0.01670	0.02624	0.01431	0.02385	0.01431	0.01908	0.03578	0.00477	0.59685	0.00954	0.00477	0.01193
11	0.01347	0.01034	0.01234	0.01338	0.01548	0.00921	0.00945	0.01621	0.02396	0.03095	0.15520	0.33484	0.25636	0.02981	0.01336	0.00399	0.00583	0.02619	0.01042	0.00921
12	0.02173	0.02054	0.03476	0.49739	0.15941	0.02452	0.03085	0.02886	0.02234	0.02924	0.01958	0.02870	0.01502	0.01069	0.01088	0.00356	0.01425	0.00969	0.00494	0.01303
13	0.01558	0.01168	0.01752	0.01752	0.01947	0.01363	0.01363	0.01947	0.01752	0.02531	0.02921	0.04283	0.02726	0.08178	0.57360	0.01752	0.02921	0.01168	0.00584	0.00974
14	0.01681	0.01201	0.01669	0.01921	0.02138	0.01189	0.01624	0.02127	0.02435	0.03178	0.05815	0.20962	0.06442	0.03084	0.01486	0.00491	0.00938	0.39630	0.01005	0.00983
15	0.01834	0.00986	0.01480	0.01480	0.01514	0.01021	0.01021	0.01514	0.01480	0.02007	0.02077	0.03487	0.02042	0.04569	0.13712	0.56436	0.01298	0.00986	0.00493	0.00562
16	0.01292	0.01090	0.01120	0.01143	0.01483	0.00917	0.00846	0.01560	0.02448	0.02930	0.10574	0.15224	0.50010	0.02823	0.01298	0.00375	0.00560	0.02376	0.01012	0.00917
17	0.02261	0.01938	0.02261	0.01615	0.02584	0.01453	0.01292	0.02745	0.02261	0.03553	0.01938	0.02261	0.01615	0.00807	0.00807	0.00161	0.00807	0.00646	0.00646	0.68346
18	0.02174	0.02103	0.02644	0.02386	0.02516	0.07000	0.01928	0.02481	0.01823	0.02588	0.02085	0.03157	0.01979	0.04508	0.26221	0.01003	0.30745	0.01024	0.00530	0.01106
19	0.02712	0.02342	0.02465	0.02219	0.02835	0.02712	0.01726	0.05794	0.52909	0.04561	0.04438	0.04068	0.03328	0.01479	0.01109	0.00370	0.00863	0.01233	0.01109	0.01726
20	0.02862	0.58175	0.09407	0.01957	0.02939	0.04184	0.02024	0.03279	0.02222	0.02630	0.01548	0.01790	0.01398	0.00940	0.00724	0.00241	0.01199	0.00599	0.00466	0.01415
21	0.03253	0.02188	0.02439	0.02061	0.02712	0.02369	0.01638	0.13976	0.26455	0.14473	0.07714	0.04025	0.03401	0.01461	0.01088	0.00344	0.00885	0.01196	0.06658	0.01664
22	0.01543	0.01115	0.01457	0.01372	0.01629	0.01029	0.01029	0.02058	0.03086	0.04372	0.54304	0.08145	0.10288	0.02229	0.01286	0.00343	0.00514	0.01972	0.01200	0.01029
23	0.01543	0.01115	0.01457	0.01372	0.01629	0.01029	0.01029	0.02058	0.03086	0.04372	0.54304	0.08145	0.10288	0.02229	0.01286	0.00343	0.00514	0.01972	0.01200	0.01029
24	0.01543	0.01115	0.01457	0.01372	0.01629	0.01029	0.01029	0.02058	0.03086	0.04372	0.54304	0.08145	0.10288	0.02229	0.01286	0.00343	0.00514	0.01972	0.01200	0.01029
25	0.01543	0.01115	0.01457	0.01372	0.01629	0.01029	0.01029	0.02058	0.03086	0.04372	0.54304	0.08145	0.10288	0.02229	0.01286	0.00343	0.00514	0.01972	0.01200	0.01029
26	0.17698	0.02306	0.03115	0.07148	0.03605	0.02485	0.11184	0.04463	0.20856	0.11317	0.03136	0.03197	0.02289	0.01218	0.01044	0.00357	0.01104	0.01060	0.00887	0.01531
27	0.03595	0.02628	0.02626	0.02122	0.02796	0.08003	0.01709	0.29446	0.04059	0.10023	0.07486	0.03402	0.02808	0.01370	0.01040	0.00312	0.01069	0.01059	0.12874	0.01573
28	0.03813	0.04776	0.02922	0.02661	0.03191	0.51509	0.01996	0.04117	0.03090	0.02844	0.07104	0.02602	0.02319	0.01237	0.01014	0.00287	0.01817	0.00833	0.00628	0.01240
29	0.02268	0.02689	0.12586	0.08132	0.08377	0.01858	0.02169	0.02938	0.02281	0.03458	0.01952	0.02374	0.01566	0.00894	0.00904	0.00231	0.01068	0.00739	0.00585	0.42931
30	0.01915	0.01289	0.01601	0.01473	0.01880	0.01106	0.01098	0.02284	0.02565	0.08829	0.19300	0.22028	0.14034	0.02307	0.01212	0.00342	0.00649	0.02018	0.01034	0.13038
31	0.09789	0.07166	0.03474	0.08292	0.15736	0.02283	0.06115	0.03484	0.02434	0.12468	0.02314	0.02635	0.01754	0.01006	0.00964	0.00289	0.01121	0.00872	0.00707	0.17096
32	0.03253	0.02696	0.08645	0.02571	0.03553	0.02268	0.10597	0.12067	0.07553	0.15715	0.02851	0.02930	0.02033	0.01116	0.01055	0.00302	0.01169	0.00985	0.00884	0.17756
33	0.20039	0.08905	0.12363	0.02558	0.07371	0.09712	0.02182	0.07817	0.06710	0.04049	0.02037	0.02273	0.01586	0.01066	0.00899	0.00307	0.01222	0.00766	0.00661	0.07477
34	0.03166	0.03451	0.20325	0.03246	0.08267	0.02440	0.11299	0.08074	0.07872	0.16483	0.02879	0.02992	0.02011	0.01153	0.01110	0.00347	0.01351	0.01032	0.00815	0.01687
35	0.02871	0.08206	0.13635	0.08102	0.19999	0.07047	0.07080	0.03572	0.02512	0.08683	0.02188	0.02594	0.01675	0.01023	0.01032	0.00313	0.01383	0.00903	0.00609	0.06573
36	0.07838	0.02226	0.09526	0.02246	0.06861	0.01716	0.01801	0.03091	0.06231	0.09086	0.11683	0.13964	0.04219	0.01673	0.01085	0.00328	0.00899	0.01435	0.00877	0.13214
37	0.02802	0.02513	0.07505	0.13160	0.04133	0.02178	0.06472	0.11120	0.02830	0.08821	0.02297	0.02644	0.01709	0.01024	0.00997	0.00278	0.01167	0.00876	0.00730	0.26742
38	0.02995	0.02485	0.11343	0.06483	0.11698	0.01945	0.02245	0.07358	0.02718	0.17909	0.03855	0.08508	0.07338	0.01698	0.01358	0.05336	0.01098	0.01278	0.00871	0.01484

[dist]
# distance from previous block
# <min> <max>
3	15

[block]
# block no. 5 follows, 12 sequences, length 18
# corresponding to MSA columns:
# 613-630
name=unknown_F
#
# <colnr> <probs for GDERKNQSTAVLIFYWHMCP>
#	G	D	E	R	K	N	Q	S	T	A	V	L	I	F	Y	W	H	M	C	P
0	0.16266	0.02038	0.02582	0.09364	0.10122	0.02148	0.01877	0.04135	0.11053	0.19614	0.03127	0.03414	0.02322	0.05718	0.01345	0.00398	0.01023	0.01025	0.00912	0.01517
1	0.02215	0.01892	0.02776	0.10663	0.13203	0.02179	0.02116	0.06566	0.02245	0.03129	0.02604	0.04261	0.02480	0.12080	0.14139	0.00780	0.10926	0.03905	0.00625	0.01216
2	0.17776	0.02551	0.03065	0.02334	0.03205	0.02636	0.07606	0.23248	0.03473	0.09698	0.02365	0.02510	0.01719	0.01120	0.00979	0.00308	0.01113	0.00889	0.00886	0.12520
3	0.02511	0.04330	0.29612	0.08387	0.11515	0.09072	0.07357	0.03437	0.02431	0.03327	0.01955	0.02418	0.01479	0.01014	0.01043	0.00323	0.01553	0.00858	0.00508	0.06871
4	0.03611	0.12047	0.12272	0.03268	0.15683	0.02415	0.02463	0.04215	0.02692	0.26246	0.02940	0.02930	0.02046	0.01142	0.01021	0.00319	0.01166	0.00939	0.00871	0.01714
5	0.02470	0.16337	0.16812	0.03886	0.18087	0.02832	0.09857	0.03206	0.02306	0.03183	0.02038	0.02623	0.01684	0.01840	0.07806	0.00488	0.01616	0.00917	0.00512	0.01500
6	0.02281	0.02137	0.03486	0.35302	0.21281	0.02342	0.02890	0.02951	0.02283	0.03127	0.01972	0.02756	0.01559	0.01016	0.01049	0.00324	0.01318	0.00926	0.00523	0.10478
7	0.02260	0.01509	0.01827	0.01731	0.02109	0.01535	0.01297	0.03382	0.16756	0.10896	0.18800	0.22520	0.06368	0.02262	0.01243	0.00380	0.00704	0.01990	0.01138	0.01293
8	0.03039	0.03732	0.26784	0.03508	0.14334	0.02357	0.03102	0.03868	0.02510	0.17512	0.02568	0.02771	0.01812	0.01177	0.01264	0.00349	0.05998	0.00930	0.00718	0.01668
9	0.03038	0.01914	0.02341	0.01711	0.02643	0.01498	0.01384	0.03504	0.02515	0.18939	0.02636	0.02689	0.01935	0.00968	0.00893	0.00213	0.00843	0.00779	0.00854	0.48704
