[name]
unknown

[dist]
# distance from previous block
# <min> <max>
0	3

[block]
# block no. 0 follows, 11 sequences, length 84
# corresponding to MSA columns:
# 6-89
name=unknown_A
#
# <colnr> <probs for GDERKNQSTAVLIFYWHMCP>
#	G	D	E	R	K	N	Q	S	T	A	V	L	I	F	Y	W	H	M	C	P
0	0.02358	0.01367	0.01868	0.01852	0.02229	0.01290	0.01546	0.02864	0.02898	0.13368	0.20452	0.09663	0.07084	0.02529	0.01403	0.00434	0.00862	0.23554	0.01168	0.01211
1	0.08724	0.01723	0.02003	0.01772	0.02311	0.01734	0.01381	0.03919	0.14289	0.17234	0.16691	0.10569	0.09146	0.01927	0.01187	0.00370	0.00771	0.01628	0.01175	0.01444
2	0.03276	0.42259	0.05371	0.02335	0.03299	0.04083	0.06228	0.14296	0.03028	0.03781	0.01897	0.02127	0.01579	0.01053	0.00872	0.00276	0.01274	0.00764	0.00641	0.01562
3	0.01347	0.01074	0.01209	0.01316	0.01567	0.00935	0.00933	0.01595	0.02396	0.02971	0.09257	0.31001	0.34183	0.03129	0.01374	0.00412	0.00604	0.02716	0.01045	0.00935
4	0.03129	0.02582	0.02731	0.02357	0.03052	0.02954	0.01861	0.15725	0.41109	0.05240	0.04162	0.03865	0.03096	0.01488	0.01141	0.00372	0.00968	0.01215	0.01141	0.01811
5	0.03891	0.02260	0.03372	0.02491	0.03445	0.02011	0.10553	0.08588	0.03098	0.28476	0.03300	0.03225	0.02240	0.01174	0.01098	0.00310	0.01130	0.01048	0.01043	0.17246
6	0.02222	0.01264	0.01589	0.01519	0.01888	0.01117	0.01132	0.02558	0.02698	0.14674	0.15953	0.24236	0.19500	0.02636	0.01319	0.00392	0.00675	0.02295	0.01159	0.01175
7	0.01371	0.00979	0.01306	0.01567	0.01632	0.00914	0.01045	0.01567	0.02155	0.02873	0.06203	0.59710	0.07444	0.03526	0.01437	0.00457	0.00653	0.03200	0.01045	0.00914
8	0.03451	0.08232	0.10879	0.02875	0.03875	0.02458	0.14612	0.08053	0.03050	0.20353	0.07851	0.03588	0.02884	0.01278	0.01156	0.00347	0.01306	0.01173	0.00930	0.01650
9	0.04593	0.03061	0.03014	0.02400	0.03225	0.13063	0.01939	0.21893	0.03993	0.26340	0.03254	0.03051	0.02195	0.01331	0.01107	0.00333	0.01275	0.01007	0.01132	0.01794
10	0.03434	0.02276	0.02564	0.02209	0.02912	0.02477	0.01746	0.05841	0.37811	0.18662	0.04541	0.04095	0.03253	0.01489	0.01141	0.00372	0.00910	0.01233	0.01215	0.01819
11	0.02442	0.02548	0.05078	0.03746	0.04587	0.02451	0.34347	0.03373	0.06669	0.03384	0.02761	0.04103	0.02390	0.14269	0.02294	0.00538	0.01630	0.01392	0.00645	0.01354
12	0.04114	0.03284	0.03359	0.06647	0.03801	0.08535	0.02215	0.41845	0.04865	0.06362	0.02557	0.02658	0.01839	0.01316	0.01115	0.00336	0.01335	0.00984	0.01027	0.01806
13	0.11440	0.02087	0.02444	0.01875	0.02667	0.01954	0.01525	0.03143	0.02272	0.08752	0.02105	0.02436	0.01690	0.01094	0.01288	0.00260	0.09768	0.00755	0.00716	0.41728
14	0.03009	0.61122	0.05898	0.01926	0.02889	0.04454	0.01926	0.03370	0.02287	0.02648	0.01565	0.01805	0.01444	0.00963	0.00722	0.00241	0.01204	0.00602	0.00481	0.01444
15	0.04059	0.02261	0.03044	0.02400	0.03099	0.05749	0.06391	0.04519	0.02961	0.33720	0.08584	0.03912	0.03212	0.01503	0.01505	0.00367	0.08744	0.01195	0.01120	0.01655
16	0.10181	0.03183	0.02764	0.02316	0.03058	0.19243	0.01832	0.08558	0.07961	0.24841	0.03199	0.03024	0.02214	0.01297	0.01056	0.00332	0.01307	0.00960	0.01027	0.01646
17	0.02708	0.01587	0.01917	0.01674	0.02199	0.01513	0.01309	0.03633	0.11701	0.17981	0.21538	0.06926	0.16607	0.02033	0.01241	0.00363	0.00722	0.01724	0.01222	0.01402
18	0.02126	0.02001	0.03376	0.57739	0.07752	0.02501	0.03126	0.02876	0.02251	0.02876	0.02001	0.03001	0.01500	0.01125	0.01125	0.00375	0.01500	0.01000	0.00500	0.01250
19	0.02767	0.03033	0.08355	0.03093	0.03936	0.07463	0.17289	0.08447	0.13906	0.04270	0.11710	0.04064	0.03643	0.01386	0.01216	0.00361	0.01359	0.01311	0.00863	0.01528
20	0.03716	0.02947	0.04745	0.03521	0.04489	0.09504	0.26052	0.04394	0.02929	0.21522	0.02976	0.03185	0.02058	0.01135	0.01216	0.00356	0.01580	0.01178	0.00864	0.01631
21	0.05050	0.01915	0.02612	0.02003	0.02873	0.01654	0.01654	0.05485	0.03221	0.54203	0.04440	0.03831	0.02786	0.01393	0.01132	0.00348	0.00958	0.01132	0.01393	0.01915
22	0.02257	0.05822	0.54613	0.03208	0.04871	0.02614	0.04158	0.03564	0.02376	0.03564	0.02020	0.02376	0.01426	0.01069	0.01069	0.00356	0.01663	0.00832	0.00475	0.01663
23	0.15933	0.08634	0.04519	0.03097	0.04058	0.02841	0.21227	0.09976	0.02919	0.12445	0.02475	0.02762	0.01789	0.01094	0.01086	0.00349	0.01389	0.01042	0.00792	0.01570
24	0.02858	0.02794	0.05518	0.04065	0.04922	0.02859	0.34014	0.03597	0.02506	0.08570	0.02320	0.02989	0.01766	0.01222	0.01836	0.00402	0.14400	0.01232	0.00636	0.01495
25	0.01371	0.00979	0.01306	0.01567	0.01632	0.00914	0.01045	0.01567	0.02155	0.02873	0.06203	0.59710	0.07444	0.03526	0.01437	0.00457	0.00653	0.03200	0.01045	0.00914
26	0.03224	0.12012	0.12930	0.04215	0.21524	0.02726	0.07521	0.03928	0.02646	0.14767	0.02551	0.02825	0.01888	0.01090	0.01072	0.00331	0.01343	0.00974	0.00720	0.01714
27	0.09316	0.02729	0.04756	0.03521	0.04427	0.02768	0.25961	0.09943	0.02938	0.12443	0.02543	0.02952	0.01844	0.01189	0.01452	0.00377	0.07326	0.01153	0.00783	0.01579
28	0.03219	0.01454	0.01945	0.01749	0.02206	0.01298	0.01310	0.03514	0.02631	0.28215	0.05065	0.26817	0.04803	0.08157	0.01715	0.00467	0.00848	0.02020	0.01181	0.01387
29	0.02674	0.03156	0.10597	0.05570	0.27366	0.02744	0.23891	0.03533	0.02585	0.03634	0.02178	0.02855	0.01713	0.00986	0.01205	0.00357	0.01619	0.01130	0.00554	0.01653
30	0.02834	0.03736	0.25506	0.02910	0.04050	0.02318	0.09512	0.04062	0.09097	0.13365	0.03281	0.08721	0.02596	0.01421	0.01165	0.00372	0.01358	0.01256	0.00811	0.01632
31	0.03392	0.02733	0.04078	0.10441	0.04574	0.02895	0.15224	0.19687	0.11009	0.09798	0.02948	0.03174	0.02120	0.01241	0.01185	0.00362	0.01375	0.01150	0.00917	0.01696
32	0.03780	0.18281	0.04146	0.02841	0.03562	0.38903	0.06470	0.04148	0.02928	0.02808	0.01748	0.02070	0.01472	0.01094	0.00975	0.00287	0.01823	0.00752	0.00556	0.01357
33	0.01953	0.01185	0.01471	0.01419	0.01570	0.01161	0.00936	0.02126	0.02068	0.07907	0.10392	0.11404	0.04994	0.36511	0.09320	0.00934	0.01157	0.01731	0.00853	0.00911
34	0.24275	0.02265	0.02338	0.01813	0.02684	0.02219	0.01480	0.12024	0.02842	0.09804	0.02236	0.02389	0.01681	0.01055	0.00874	0.00275	0.00934	0.00760	0.00835	0.27219
35	0.22526	0.02541	0.07053	0.02056	0.02876	0.02351	0.01808	0.14702	0.03152	0.19390	0.03158	0.08311	0.02462	0.01462	0.01029	0.00357	0.01032	0.01128	0.01013	0.01594
36	0.01596	0.01148	0.01575	0.01599	0.01722	0.01260	0.01139	0.01849	0.01784	0.02497	0.03473	0.10335	0.03644	0.24864	0.34795	0.01455	0.02179	0.01524	0.00668	0.00892
37	0.02258	0.01216	0.01632	0.01656	0.01929	0.01102	0.01190	0.02541	0.02501	0.15114	0.10093	0.41814	0.06640	0.02911	0.01355	0.00422	0.00714	0.02605	0.01145	0.01164
38	0.02999	0.02539	0.09840	0.02830	0.08286	0.02075	0.06209	0.08208	0.06699	0.15420	0.12870	0.09405	0.04287	0.01646	0.01204	0.00363	0.01086	0.01457	0.01008	0.01569
39	0.04460	0.02861	0.03197	0.02451	0.03345	0.03058	0.02025	0.39264	0.04804	0.18188	0.03112	0.02968	0.02119	0.01361	0.01127	0.00340	0.01172	0.01041	0.01189	0.01914
40	0.01362	0.01015	0.01269	0.01472	0.01607	0.00922	0.01002	0.01578	0.02246	0.02911	0.07363	0.48809	0.17597	0.03375	0.01413	0.00440	0.00635	0.03016	0.01045	0.00922
41	0.04023	0.02225	0.02655	0.02138	0.02901	0.02259	0.01730	0.15112	0.14423	0.27580	0.09023	0.04128	0.03536	0.01506	0.01153	0.00354	0.00962	0.01229	0.01262	0.01798
42	0.08508	0.09693	0.10178	0.02902	0.08216	0.19173	0.02333	0.04394	0.07654	0.12673	0.02559	0.02656	0.01903	0.01183	0.01012	0.00322	0.01433	0.00874	0.00767	0.01566
43	0.02257	0.05822	0.54613	0.03208	0.04871	0.02614	0.04158	0.03564	0.02376	0.03564	0.02020	0.02376	0.01426	0.01069	0.01069	0.00356	0.01663	0.00832	0.00475	0.01663
44	0.01388	0.01006	0.01311	0.01522	0.01628	0.00930	0.01032	0.01619	0.02275	0.03028	0.10650	0.51584	0.11132	0.03369	0.01419	0.00442	0.00636	0.03037	0.01062	0.00930
45	0.30669	0.02045	0.02145	0.01767	0.02488	0.02118	0.01444	0.08552	0.02884	0.22569	0.09537	0.03502	0.03097	0.01366	0.00978	0.00348	0.00893	0.01025	0.01058	0.01514
46	0.03621	0.14177	0.03500	0.02728	0.08009	0.18659	0.02007	0.08421	0.07265	0.10410	0.02638	0.02776	0.02023	0.01203	0.00984	0.00303	0.01337	0.00891	0.07516	0.01532
47	0.14953	0.04238	0.32727	0.02610	0.03910	0.02372	0.03034	0.03970	0.02491	0.15761	0.02508	0.02619	0.01709	0.01141	0.01016	0.00353	0.01353	0.00862	0.00732	0.01642
48	0.09135	0.21043	0.11826	0.02701	0.03751	0.03301	0.10491	0.12862	0.03012	0.08535	0.02232	0.02460	0.01678	0.01098	0.00992	0.00320	0.01346	0.00891	0.00723	0.01603
49	0.03398	0.02269	0.03646	0.16600	0.26281	0.02293	0.02777	0.04006	0.02714	0.20446	0.02870	0.03184	0.02056	0.01161	0.01123	0.00348	0.01246	0.01046	0.00825	0.01709
50	0.02871	0.07950	0.02760	0.01826	0.02755	0.01992	0.01501	0.03705	0.09008	0.11286	0.02667	0.02755	0.02049	0.01023	0.00909	0.00230	0.00897	0.00811	0.00821	0.42185
51	0.02991	0.14931	0.02950	0.01829	0.02470	0.02199	0.01515	0.07774	0.02940	0.15571	0.12587	0.14555	0.04624	0.01820	0.01111	0.00331	0.00895	0.01523	0.01015	0.06368
52	0.03154	0.26114	0.08968	0.02166	0.03032	0.03207	0.02029	0.12460	0.06631	0.09039	0.02966	0.10146	0.02620	0.01476	0.01003	0.00321	0.01133	0.01154	0.00823	0.01559
53	0.03056	0.02195	0.02449	0.02056	0.02686	0.02347	0.01635	0.18323	0.17147	0.09713	0.16136	0.05241	0.08593	0.01752	0.01197	0.00358	0.00893	0.01451	0.01176	0.01595
54	0.02126	0.02001	0.03376	0.57739	0.07752	0.02501	0.03126	0.02876	0.02251	0.02876	0.02001	0.03001	0.01500	0.01125	0.01125	0.00375	0.01500	0.01000	0.00500	0.01250
55	0.02391	0.02518	0.05008	0.31244	0.06817	0.02673	0.26229	0.03240	0.02454	0.03240	0.02139	0.03018	0.01604	0.01037	0.01227	0.00377	0.01699	0.01164	0.00535	0.01384
56	0.02217	0.01227	0.01607	0.01601	0.01905	0.01103	0.01164	0.02520	0.02571	0.14557	0.12551	0.35518	0.11377	0.02819	0.01343	0.00411	0.00696	0.02501	0.01148	0.01161
57	0.05050	0.01915	0.02612	0.02003	0.02873	0.01654	0.01654	0.05485	0.03221	0.54203	0.04440	0.03831	0.02786	0.01393	0.01132	0.00348	0.00958	0.01132	0.01393	0.01915
58	0.63327	0.02156	0.01731	0.01522	0.02232	0.02455	0.01254	0.03483	0.02020	0.08982	0.01797	0.01989	0.01344	0.01073	0.00731	0.00348	0.00878	0.00651	0.00752	0.01275
59	0.01411	0.01035	0.01324	0.01480	0.01627	0.00949	0.01023	0.01686	0.02418	0.03227	0.16315	0.42825	0.14160	0.03189	0.01400	0.00426	0.00617	0.02855	0.01084	0.00949
60	0.01777	0.02177	0.09548	0.02277	0.02964	0.01603	0.12142	0.02363	0.02587	0.03360	0.11550	0.11404	0.27336	0.02189	0.01303	0.00380	0.01015	0.01966	0.00881	0.01180
61	0.01371	0.00979	0.01306	0.01567	0.01632	0.00914	0.01045	0.01567	0.02155	0.02873	0.06203	0.59710	0.07444	0.03526	0.01437	0.00457	0.00653	0.03200	0.01045	0.00914
62	0.02786	0.02674	0.04568	0.06908	0.53424	0.02674	0.03454	0.03454	0.02563	0.03677	0.02117	0.02786	0.01783	0.01003	0.01114	0.00334	0.01337	0.01003	0.00557	0.01783
63	0.04204	0.05364	0.03190	0.02900	0.03480	0.55926	0.02175	0.04494	0.03190	0.02755	0.01740	0.02030	0.01450	0.01160	0.01015	0.00290	0.02030	0.00725	0.00580	0.01305
64	0.03878	0.02566	0.02879	0.02317	0.03074	0.02747	0.01870	0.30869	0.09208	0.14734	0.03673	0.10664	0.02964	0.01667	0.01170	0.00360	0.01075	0.01353	0.01165	0.01767
65	0.01479	0.01059	0.01316	0.01413	0.01538	0.00992	0.00945	0.01712	0.02304	0.03094	0.16490	0.31284	0.11813	0.16469	0.02403	0.00575	0.00720	0.02495	0.01003	0.00896
66	0.02981	0.53289	0.05451	0.01975	0.02894	0.04233	0.01907	0.03719	0.08839	0.02923	0.01967	0.02125	0.01710	0.01038	0.00779	0.00260	0.01162	0.00691	0.00570	0.01489
67	0.04872	0.02201	0.02789	0.02138	0.03016	0.02078	0.01766	0.15693	0.03700	0.43320	0.04039	0.03570	0.02585	0.01383	0.01130	0.00346	0.01023	0.01104	0.01331	0.01915
68	0.02569	0.02432	0.04036	0.19577	0.36499	0.02512	0.03157	0.03242	0.02459	0.03468	0.02075	0.02796	0.01698	0.01018	0.01089	0.00328	0.01329	0.00969	0.00553	0.08193
69	0.03123	0.39608	0.14267	0.02290	0.03368	0.03928	0.02374	0.12550	0.02897	0.03693	0.01872	0.02086	0.01534	0.01059	0.00865	0.00281	0.01294	0.00725	0.00608	0.01577
70	0.03500	0.16693	0.17030	0.02284	0.03320	0.02537	0.02355	0.04145	0.02642	0.23768	0.02991	0.03032	0.02117	0.01895	0.06373	0.00468	0.01402	0.00936	0.00861	0.01650
71	0.03864	0.02453	0.03136	0.02497	0.03190	0.06299	0.06463	0.08710	0.07343	0.25908	0.07354	0.03730	0.03009	0.01490	0.01500	0.00369	0.08779	0.01175	0.01073	0.01660
72	0.02230	0.02546	0.10091	0.34963	0.11031	0.02437	0.02986	0.03264	0.07176	0.03371	0.06689	0.03483	0.02502	0.01247	0.01136	0.00367	0.01362	0.01095	0.00630	0.01395
73	0.02370	0.02262	0.03937	0.22522	0.27276	0.02399	0.07262	0.03028	0.02416	0.03303	0.02639	0.10475	0.02440	0.01374	0.01181	0.00368	0.01351	0.01325	0.00605	0.01469
74	0.03904	0.02368	0.03583	0.08681	0.08842	0.02348	0.09207	0.10671	0.06767	0.26542	0.03418	0.03401	0.02326	0.01265	0.01159	0.00355	0.01224	0.01130	0.01043	0.01765
75	0.08811	0.21610	0.18481	0.10005	0.04348	0.03267	0.06912	0.07892	0.02599	0.03674	0.01924	0.02323	0.01495	0.01058	0.00964	0.00323	0.01405	0.00825	0.00573	0.01511
76	0.01595	0.01263	0.01866	0.09527	0.06955	0.01279	0.01532	0.01906	0.02203	0.02943	0.05287	0.47190	0.06159	0.02986	0.01367	0.00435	0.00826	0.02715	0.00930	0.01035
77	0.02542	0.01982	0.03224	0.15563	0.04272	0.02049	0.10733	0.07331	0.02975	0.08988	0.14893	0.05815	0.04607	0.01720	0.01277	0.00387	0.01197	0.08181	0.00915	0.01351
78	0.03545	0.03769	0.21939	0.03011	0.04193	0.06182	0.11514	0.04376	0.02812	0.22926	0.02975	0.03032	0.02002	0.01177	0.01138	0.00353	0.01463	0.01032	0.00852	0.01707
79	0.02421	0.02305	0.03995	0.20941	0.28814	0.02423	0.07154	0.03120	0.02562	0.03546	0.08864	0.03622	0.02872	0.01207	0.01165	0.00353	0.01328	0.01169	0.00632	0.01506
80	0.01955	0.00978	0.01466	0.01466	0.01466	0.00978	0.00978	0.01466	0.01466	0.01955	0.01955	0.03421	0.01955	0.03910	0.04399	0.67253	0.00978	0.00978	0.00489	0.00489
81	0.08428	0.01479	0.02025	0.01972	0.02313	0.01490	0.05186	0.02516	0.05917	0.03700	0.13486	0.23870	0.06385	0.02604	0.01346	0.00433	0.00872	0.13855	0.01011	0.01112
82	0.21911	0.03100	0.08008	0.02419	0.03272	0.07903	0.05510	0.11838	0.12171	0.09251	0.02698	0.02766	0.01973	0.01224	0.01007	0.00350	0.01212	0.00936	0.00872	0.01578
83	0.02155	0.01992	0.03291	0.08372	0.03765	0.02056	0.14645	0.03307	0.13320	0.03525	0.04322	0.22010	0.04296	0.02097	0.01321	0.00416	0.01165	0.05746	0.00881	0.01317

[dist]
# distance from previous block
# <min> <max>
0	1

[block]
# block no. 1 follows, 11 sequences, length 19
# corresponding to MSA columns:
# 91-109
name=unknown_B
#
# <colnr> <probs for GDERKNQSTAVLIFYWHMCP>
#	G	D	E	R	K	N	Q	S	T	A	V	L	I	F	Y	W	H	M	C	P
0	0.02862	0.54902	0.05442	0.01873	0.02764	0.04102	0.01836	0.03241	0.02380	0.02842	0.06882	0.02490	0.02396	0.01102	0.00785	0.00252	0.01134	0.00751	0.00560	0.01405
1	0.07976	0.08233	0.03467	0.08160	0.03714	0.02228	0.07910	0.04380	0.02790	0.29430	0.03213	0.03174	0.02176	0.01192	0.01060	0.00328	0.01145	0.01015	0.00991	0.07417
2	0.16576	0.09098	0.03107	0.02248	0.03038	0.14377	0.04585	0.04264	0.06939	0.14920	0.02594	0.02648	0.01911	0.01153	0.00958	0.00310	0.01244	0.00858	0.00831	0.08340
3	0.01823	0.01580	0.02367	0.07848	0.02951	0.01575	0.07517	0.02598	0.07685	0.03682	0.20110	0.16359	0.14902	0.02243	0.01308	0.00386	0.00875	0.02028	0.00995	0.01168
4	0.02376	0.02256	0.03828	0.38477	0.25059	0.02566	0.03250	0.03095	0.02369	0.03179	0.02045	0.02919	0.01607	0.01079	0.01121	0.00360	0.01439	0.01001	0.00522	0.01452
5	0.03093	0.03806	0.14519	0.03509	0.08841	0.12364	0.11118	0.13073	0.03221	0.04137	0.02671	0.03864	0.02265	0.01378	0.01184	0.00363	0.01573	0.06740	0.00725	0.01555
6	0.02487	0.03410	0.16442	0.09423	0.05041	0.02859	0.21107	0.03582	0.06983	0.03462	0.02262	0.02887	0.01742	0.01233	0.01654	0.00394	0.11841	0.01112	0.00581	0.01497
7	0.01407	0.01143	0.01247	0.01221	0.01567	0.00983	0.00916	0.01764	0.02747	0.03471	0.23523	0.10123	0.40577	0.02690	0.01329	0.00372	0.00559	0.02276	0.01102	0.00983
8	0.02599	0.02483	0.04231	0.21300	0.40492	0.02625	0.03361	0.03290	0.02474	0.03450	0.02084	0.02847	0.01703	0.01038	0.01117	0.00346	0.01383	0.01002	0.00541	0.01632
9	0.14764	0.13448	0.09597	0.08492	0.04170	0.03157	0.12005	0.09264	0.02633	0.03979	0.01943	0.02425	0.01525	0.01149	0.01257	0.00352	0.06848	0.00908	0.00624	0.01462
10	0.02885	0.01986	0.02242	0.07793	0.02949	0.06845	0.01678	0.07953	0.03049	0.13547	0.12734	0.11246	0.04806	0.01935	0.01208	0.00370	0.01007	0.07182	0.07250	0.01335
11	0.02173	0.01226	0.01593	0.01576	0.01886	0.01100	0.01151	0.02491	0.02617	0.13889	0.14981	0.32458	0.12901	0.02772	0.01340	0.00406	0.00684	0.02451	0.01153	0.01154
12	0.01633	0.00993	0.01358	0.01484	0.01516	0.00962	0.00972	0.01537	0.01820	0.02426	0.04204	0.31020	0.04872	0.10991	0.03144	0.26601	0.00836	0.02132	0.00781	0.00718
13	0.16848	0.02765	0.03254	0.18286	0.04616	0.12095	0.08206	0.03870	0.02597	0.13569	0.02383	0.02751	0.01714	0.01145	0.01044	0.00349	0.01410	0.00938	0.00741	0.01420
14	0.02803	0.01881	0.02360	0.02004	0.02572	0.01978	0.05869	0.04390	0.21585	0.10766	0.03993	0.04041	0.02975	0.01372	0.01022	0.00331	0.00852	0.01173	0.26542	0.01490
15	0.01417	0.01012	0.01358	0.01619	0.01704	0.00953	0.01124	0.01645	0.02200	0.02924	0.06178	0.54898	0.07345	0.03484	0.01449	0.00463	0.00692	0.07565	0.01044	0.00927
16	0.22693	0.02544	0.02812	0.02306	0.02890	0.03005	0.01910	0.18260	0.03081	0.10108	0.02202	0.02494	0.01677	0.01440	0.01724	0.00386	0.17204	0.00899	0.00849	0.01517
17	0.03857	0.08850	0.03246	0.02272	0.03085	0.03086	0.01894	0.31236	0.08878	0.10920	0.03040	0.03020	0.02200	0.01327	0.01051	0.00325	0.01099	0.01011	0.07838	0.01763
18	0.09313	0.03409	0.19053	0.02503	0.03683	0.02256	0.06871	0.07277	0.02593	0.04071	0.02050	0.02395	0.01571	0.00985	0.00966	0.00280	0.01233	0.00806	0.00641	0.28045

[dist]
# distance from previous block
# <min> <max>
0	12

[block]
# block no. 2 follows, 11 sequences, length 36
# corresponding to MSA columns:
# 122-157
name=unknown_C
#
# <colnr> <probs for GDERKNQSTAVLIFYWHMCP>
#	G	D	E	R	K	N	Q	S	T	A	V	L	I	F	Y	W	H	M	C	P
0	0.02444	0.01352	0.01699	0.01496	0.01955	0.01189	0.01163	0.02881	0.03022	0.17384	0.28341	0.07860	0.20337	0.02212	0.01276	0.00360	0.00656	0.01889	0.01226	0.01259
1	0.08330	0.02017	0.03215	0.52472	0.07230	0.02503	0.02947	0.02916	0.02219	0.03079	0.01960	0.02891	0.01474	0.01118	0.01085	0.00373	0.01441	0.00964	0.00519	0.01247
2	0.02884	0.02648	0.03753	0.04010	0.17370	0.03236	0.02685	0.11449	0.02610	0.03780	0.01881	0.02598	0.01643	0.01583	0.02496	0.00420	0.31822	0.00995	0.00626	0.01512
3	0.02580	0.02188	0.02356	0.02132	0.02701	0.02484	0.01651	0.05280	0.42636	0.04673	0.13344	0.04964	0.04740	0.01668	0.01178	0.00377	0.00825	0.01411	0.01162	0.01651
4	0.03925	0.01923	0.02382	0.01936	0.02641	0.01860	0.01561	0.08504	0.11054	0.31627	0.10194	0.04394	0.03791	0.01515	0.01125	0.00345	0.00877	0.01248	0.07389	0.01708
5	0.11619	0.01943	0.02513	0.01948	0.02801	0.01745	0.01609	0.05259	0.03086	0.49106	0.04142	0.03623	0.02624	0.01357	0.01087	0.00348	0.00949	0.01078	0.01321	0.01843
6	0.01948	0.01903	0.03702	0.02994	0.03541	0.01782	0.22728	0.02482	0.02380	0.03202	0.04440	0.34263	0.04868	0.02369	0.01388	0.00422	0.01212	0.02359	0.00831	0.01185
7	0.02018	0.01244	0.01641	0.01488	0.01828	0.01135	0.01135	0.02537	0.03190	0.10618	0.46885	0.07845	0.09657	0.02189	0.01303	0.00353	0.00583	0.01924	0.01258	0.01167
8	0.01424	0.01144	0.01270	0.01238	0.01578	0.00990	0.00929	0.01796	0.02786	0.03565	0.26149	0.09969	0.37893	0.02655	0.01329	0.00371	0.00556	0.02254	0.01114	0.00990
9	0.04955	0.02067	0.02706	0.02075	0.02949	0.01880	0.01714	0.10914	0.03476	0.48415	0.04227	0.03692	0.02679	0.01388	0.01131	0.00347	0.00992	0.01117	0.01360	0.01915
10	0.02786	0.02674	0.04568	0.06908	0.53424	0.02674	0.03454	0.03454	0.02563	0.03677	0.02117	0.02786	0.01783	0.01003	0.01114	0.00334	0.01337	0.01003	0.00557	0.01783
11	0.01466	0.01132	0.01256	0.01233	0.01500	0.01010	0.00873	0.01756	0.02531	0.03249	0.20784	0.09437	0.31124	0.15105	0.02277	0.00526	0.00672	0.02126	0.01019	0.00922
12	0.11619	0.01943	0.02513	0.01948	0.02801	0.01745	0.01609	0.05259	0.03086	0.49106	0.04142	0.03623	0.02624	0.01357	0.01087	0.00348	0.00949	0.01078	0.01321	0.01843
13	0.32290	0.02325	0.02249	0.01855	0.02625	0.06708	0.01511	0.04461	0.02656	0.28574	0.02969	0.02812	0.01995	0.01223	0.00934	0.00343	0.01013	0.00872	0.01023	0.01562
14	0.03000	0.01488	0.01801	0.01527	0.02128	0.01266	0.01214	0.03353	0.02860	0.26013	0.08276	0.07688	0.30435	0.02196	0.01241	0.00366	0.00744	0.01817	0.01201	0.01384
15	0.02471	0.21510	0.40793	0.02844	0.04309	0.03136	0.03525	0.03509	0.02351	0.03304	0.01891	0.02214	0.01431	0.01039	0.00971	0.00324	0.01533	0.00766	0.00477	0.01601
16	0.01555	0.01167	0.01468	0.01560	0.01826	0.01080	0.01229	0.01965	0.02685	0.03521	0.20408	0.17795	0.20684	0.02875	0.01413	0.00426	0.00712	0.15535	0.01096	0.01002
17	0.02719	0.02157	0.03061	0.02203	0.03210	0.01736	0.09094	0.03284	0.02495	0.09866	0.02345	0.02631	0.01811	0.00921	0.00950	0.00223	0.01020	0.00830	0.00740	0.48705
18	0.04082	0.02161	0.03136	0.12988	0.12054	0.02133	0.02257	0.08489	0.03116	0.32572	0.03468	0.03412	0.02314	0.01277	0.01127	0.00350	0.01142	0.01077	0.01071	0.01773
19	0.14643	0.02830	0.03488	0.09360	0.24743	0.09156	0.02588	0.08019	0.02815	0.08749	0.02235	0.02636	0.01723	0.01110	0.01033	0.00337	0.01312	0.00913	0.00710	0.01601
20	0.03230	0.03368	0.18693	0.03044	0.04139	0.02346	0.14026	0.08684	0.02953	0.17438	0.03191	0.08296	0.02470	0.01384	0.01189	0.00367	0.01394	0.01273	0.00865	0.01652
21	0.01955	0.00978	0.01466	0.01466	0.01466	0.00978	0.00978	0.01466	0.01466	0.01955	0.01955	0.03421	0.01955	0.03910	0.04399	0.67253	0.00978	0.00978	0.00489	0.00489
22	0.02668	0.01990	0.02368	0.01708	0.02693	0.01519	0.01373	0.03160	0.02443	0.09876	0.02300	0.02518	0.01805	0.00902	0.00870	0.00189	0.00849	0.00724	0.00756	0.59289
23	0.03355	0.17998	0.23441	0.02568	0.03745	0.06915	0.02763	0.08279	0.02864	0.14199	0.02459	0.02548	0.01762	0.01144	0.01000	0.00320	0.01393	0.00848	0.00737	0.01660
24	0.01371	0.00979	0.01306	0.01567	0.01632	0.00914	0.01045	0.01567	0.02155	0.02873	0.06203	0.59710	0.07444	0.03526	0.01437	0.00457	0.00653	0.03200	0.01045	0.00914
25	0.01458	0.01145	0.01317	0.01274	0.01598	0.01004	0.00955	0.01862	0.02866	0.03755	0.31487	0.09656	0.32436	0.02584	0.01329	0.00367	0.00551	0.02211	0.01139	0.01004
26	0.02688	0.02213	0.03136	0.02296	0.03275	0.01872	0.09830	0.03510	0.07038	0.08473	0.02517	0.02771	0.01943	0.00971	0.00977	0.00241	0.01037	0.00883	0.00762	0.43567
27	0.09776	0.08511	0.03607	0.02602	0.03444	0.07616	0.06344	0.26240	0.11480	0.05438	0.02665	0.02747	0.01986	0.01261	0.01061	0.00337	0.01272	0.00983	0.00933	0.01698
28	0.01371	0.00979	0.01306	0.01567	0.01632	0.00914	0.01045	0.01567	0.02155	0.02873	0.06203	0.59710	0.07444	0.03526	0.01437	0.00457	0.00653	0.03200	0.01045	0.00914
29	0.01948	0.01903	0.03702	0.02994	0.03541	0.01782	0.22728	0.02482	0.02380	0.03202	0.04440	0.34263	0.04868	0.02369	0.01388	0.00422	0.01212	0.02359	0.00831	0.01185
30	0.03791	0.03426	0.02895	0.12496	0.03923	0.26631	0.02104	0.04195	0.02932	0.16539	0.02922	0.08021	0.02370	0.01435	0.01105	0.00336	0.01520	0.01112	0.00826	0.01422
31	0.15957	0.04223	0.02868	0.02520	0.03181	0.35752	0.01944	0.08559	0.03156	0.08908	0.02077	0.02242	0.01589	0.01181	0.00979	0.00311	0.01635	0.00773	0.00736	0.01409
32	0.02376	0.01376	0.01884	0.01883	0.02262	0.01302	0.01582	0.02881	0.02871	0.13431	0.18217	0.09846	0.06878	0.02563	0.01413	0.00442	0.00886	0.25536	0.01159	0.01212
33	0.34146	0.02351	0.02656	0.02104	0.02923	0.02484	0.05743	0.12011	0.02926	0.18681	0.02611	0.02633	0.01811	0.01185	0.00946	0.00349	0.01049	0.00886	0.00950	0.01556
34	0.15911	0.02459	0.02545	0.02093	0.02865	0.06653	0.01689	0.09235	0.12654	0.26971	0.03565	0.03289	0.02440	0.01333	0.01046	0.00349	0.01043	0.01021	0.01127	0.01713
35	0.33107	0.02440	0.03571	0.02701	0.03598	0.02462	0.18287	0.03573	0.02339	0.09013	0.02127	0.02490	0.01580	0.01024	0.00973	0.00343	0.01239	0.00918	0.00714	0.07502

[dist]
# distance from previous block
# <min> <max>
2	6

[block]
# block no. 3 follows, 11 sequences, length 19
# corresponding to MSA columns:
# 164-182
name=unknown_D
#
# <colnr> <probs for GDERKNQSTAVLIFYWHMCP>
#	G	D	E	R	K	N	Q	S	T	A	V	L	I	F	Y	W	H	M	C	P
0	0.02513	0.01702	0.02193	0.02341	0.07298	0.01729	0.01580	0.03631	0.15642	0.11935	0.10528	0.24231	0.05432	0.02255	0.01265	0.00395	0.00819	0.01998	0.01102	0.01411
1	0.02410	0.02291	0.03890	0.35839	0.27429	0.02575	0.03267	0.03125	0.02385	0.03221	0.02051	0.02908	0.01622	0.01073	0.01121	0.00358	0.01430	0.01001	0.00525	0.01480
2	0.02634	0.02969	0.06268	0.04535	0.05540	0.02917	0.43860	0.03501	0.02548	0.03501	0.02184	0.02969	0.01681	0.01068	0.01605	0.00393	0.08496	0.01288	0.00560	0.01485
3	0.04768	0.02367	0.02892	0.02217	0.03099	0.02325	0.01831	0.21621	0.03978	0.36999	0.03806	0.03419	0.02468	0.01378	0.01130	0.00344	0.01060	0.01089	0.01296	0.01915
4	0.10701	0.02508	0.02576	0.02244	0.02930	0.02879	0.01774	0.12733	0.38157	0.05134	0.03925	0.03680	0.02931	0.01442	0.01090	0.00371	0.00945	0.01153	0.01090	0.01737
5	0.01371	0.00979	0.01306	0.01567	0.01632	0.00914	0.01045	0.01567	0.02155	0.02873	0.06203	0.59710	0.07444	0.03526	0.01437	0.00457	0.00653	0.03200	0.01045	0.00914
6	0.02320	0.04819	0.40642	0.02945	0.04302	0.02539	0.03526	0.03907	0.11418	0.03759	0.02819	0.03569	0.02215	0.01323	0.01124	0.00375	0.01469	0.04651	0.00645	0.01633
7	0.03996	0.02151	0.02581	0.02137	0.02898	0.02190	0.01714	0.05717	0.25774	0.31030	0.04506	0.04003	0.03090	0.01456	0.01138	0.00364	0.00926	0.01198	0.01277	0.01853
8	0.01434	0.01017	0.01344	0.01581	0.01658	0.00964	0.01080	0.01641	0.02147	0.02855	0.05943	0.50855	0.07058	0.08604	0.01833	0.00519	0.00726	0.06825	0.01011	0.00904
9	0.68395	0.02177	0.01654	0.01480	0.02177	0.02525	0.01219	0.03309	0.01915	0.05050	0.01567	0.01828	0.01219	0.01045	0.00697	0.00348	0.00871	0.00609	0.00697	0.01219
10	0.01691	0.01314	0.01911	0.01865	0.02029	0.01571	0.01442	0.02042	0.01785	0.02583	0.02917	0.04499	0.02802	0.12467	0.46576	0.01621	0.08062	0.01223	0.00600	0.00997
11	0.01493	0.01136	0.01266	0.01234	0.01561	0.01000	0.00925	0.01889	0.02776	0.03682	0.25965	0.09367	0.33068	0.02515	0.01282	0.00360	0.00552	0.02136	0.06792	0.01000
12	0.02098	0.01049	0.01049	0.01049	0.01311	0.01049	0.00787	0.02623	0.02360	0.04196	0.03672	0.04196	0.02885	0.01311	0.00787	0.00262	0.00525	0.01049	0.66693	0.01049
13	0.02257	0.05822	0.54613	0.03208	0.04871	0.02614	0.04158	0.03564	0.02376	0.03564	0.02020	0.02376	0.01426	0.01069	0.01069	0.00356	0.01663	0.00832	0.00475	0.01663
14	0.02257	0.05822	0.54613	0.03208	0.04871	0.02614	0.04158	0.03564	0.02376	0.03564	0.02020	0.02376	0.01426	0.01069	0.01069	0.00356	0.01663	0.00832	0.00475	0.01663
15	0.01459	0.01083	0.01360	0.01422	0.01632	0.00984	0.01017	0.01815	0.02674	0.03608	0.27176	0.28526	0.17358	0.02874	0.01370	0.00398	0.00585	0.02546	0.01128	0.00984
16	0.22115	0.33160	0.09239	0.01983	0.02932	0.03621	0.01960	0.07618	0.02463	0.03846	0.01715	0.01951	0.01420	0.01033	0.00786	0.00292	0.01155	0.00664	0.00603	0.01443
17	0.03498	0.03634	0.16633	0.02585	0.03459	0.11658	0.02479	0.07886	0.02919	0.17925	0.03045	0.08022	0.02414	0.01515	0.01375	0.00364	0.06999	0.01146	0.00862	0.01582
18	0.02912	0.12480	0.12717	0.02273	0.03052	0.07366	0.02123	0.11189	0.02956	0.08523	0.03486	0.19162	0.03398	0.01856	0.01131	0.00357	0.01188	0.01535	0.00851	0.01444

[dist]
# distance from previous block
# <min> <max>
0	11

[block]
# block no. 4 follows, 11 sequences, length 22
# corresponding to MSA columns:
# 194-213,221,222
name=unknown_E
#
# <colnr> <probs for GDERKNQSTAVLIFYWHMCP>
#	G	D	E	R	K	N	Q	S	T	A	V	L	I	F	Y	W	H	M	C	P
0	0.09639	0.07523	0.02245	0.01793	0.02077	0.02000	0.01426	0.02398	0.02112	0.03321	0.07216	0.16392	0.03951	0.03266	0.11735	0.00648	0.10726	0.01539	0.08891	0.01101
1	0.01404	0.00993	0.01296	0.01525	0.01583	0.00936	0.01000	0.01576	0.02091	0.02788	0.05876	0.53250	0.07030	0.10551	0.01966	0.00535	0.00707	0.03007	0.01000	0.00886
2	0.03296	0.15262	0.19228	0.02827	0.03985	0.03365	0.06749	0.23091	0.03620	0.04886	0.02242	0.02460	0.01661	0.01158	0.01048	0.00328	0.01413	0.00907	0.00761	0.01714
3	0.02517	0.03263	0.13620	0.03789	0.04984	0.02502	0.30926	0.03423	0.02537	0.03613	0.02171	0.02767	0.01652	0.00943	0.01173	0.00327	0.01617	0.01095	0.00576	0.16506
4	0.10722	0.14871	0.15391	0.02440	0.03484	0.02755	0.05751	0.04293	0.08235	0.17215	0.02840	0.02848	0.02023	0.01176	0.01002	0.00335	0.01221	0.00928	0.00831	0.01640
5	0.03605	0.21785	0.12059	0.02586	0.03562	0.15107	0.06036	0.04159	0.02749	0.14692	0.02389	0.02506	0.01771	0.01121	0.00984	0.00305	0.01461	0.00844	0.00719	0.01560
6	0.01593	0.01150	0.01504	0.01416	0.01681	0.01062	0.01062	0.02124	0.03186	0.04513	0.52830	0.08407	0.10620	0.02301	0.01327	0.00354	0.00531	0.02035	0.01239	0.01062
7	0.04204	0.05364	0.03190	0.02900	0.03480	0.55926	0.02175	0.04494	0.03190	0.02755	0.01740	0.02030	0.01450	0.01160	0.01015	0.00290	0.02030	0.00725	0.00580	0.01305
8	0.17901	0.02207	0.02780	0.02334	0.03034	0.02317	0.07071	0.10885	0.08622	0.12931	0.03646	0.05177	0.03093	0.01664	0.01153	0.00393	0.01097	0.11203	0.00993	0.01498
9	0.01526	0.01186	0.01412	0.01465	0.01785	0.01073	0.01172	0.01932	0.02712	0.03464	0.19179	0.10812	0.30348	0.02800	0.01393	0.00413	0.00693	0.14550	0.01086	0.01000
10	0.01371	0.00979	0.01306	0.01567	0.01632	0.00914	0.01045	0.01567	0.02155	0.02873	0.06203	0.59710	0.07444	0.03526	0.01437	0.00457	0.00653	0.03200	0.01045	0.00914
11	0.02800	0.02418	0.02545	0.02291	0.02927	0.02800	0.01782	0.05981	0.51390	0.04708	0.04581	0.04199	0.03436	0.01527	0.01145	0.00382	0.00891	0.01273	0.01145	0.01782
12	0.05050	0.01915	0.02612	0.02003	0.02873	0.01654	0.01654	0.05485	0.03221	0.54203	0.04440	0.03831	0.02786	0.01393	0.01132	0.00348	0.00958	0.01132	0.01393	0.01915
13	0.01499	0.01147	0.01374	0.01317	0.01624	0.01022	0.00988	0.01941	0.02963	0.03984	0.37949	0.09278	0.25831	0.02498	0.01328	0.00363	0.00545	0.02158	0.01169	0.01022
14	0.01563	0.01149	0.01462	0.01384	0.01663	0.01049	0.01038	0.02065	0.03114	0.04343	0.48027	0.08689	0.15529	0.02365	0.01328	0.00357	0.00536	0.02075	0.01217	0.01049
15	0.10995	0.02710	0.04428	0.03267	0.04242	0.02684	0.22448	0.14352	0.03294	0.16058	0.02784	0.03005	0.01944	0.01151	0.01167	0.00359	0.01420	0.01132	0.00896	0.01664
16	0.54063	0.02271	0.01964	0.01670	0.02409	0.02556	0.01377	0.09251	0.02465	0.10283	0.01998	0.02139	0.01464	0.01118	0.00794	0.00347	0.00925	0.00712	0.00820	0.01375
17	0.01814	0.01296	0.01814	0.02073	0.02332	0.01296	0.01814	0.02332	0.02591	0.03368	0.05959	0.12696	0.06478	0.03109	0.01555	0.00518	0.01036	0.45848	0.01036	0.01036
18	0.32291	0.15616	0.03175	0.19524	0.04118	0.02959	0.01989	0.03185	0.02107	0.03807	0.01705	0.02197	0.01360	0.01052	0.00839	0.00332	0.01148	0.00732	0.00585	0.01281
19	0.02826	0.02593	0.04130	0.10575	0.31343	0.02596	0.06532	0.09019	0.02841	0.04011	0.02173	0.02749	0.01747	0.01029	0.01092	0.00317	0.01310	0.00979	0.00639	0.11501
20	0.21694	0.03583	0.19063	0.02412	0.03446	0.02801	0.02451	0.13256	0.12307	0.04922	0.02523	0.02638	0.01854	0.01208	0.00989	0.00355	0.01202	0.00890	0.00799	0.01610
21	0.02319	0.05437	0.48728	0.03104	0.04652	0.02635	0.03890	0.03838	0.07916	0.03694	0.02309	0.02582	0.01653	0.01121	0.01078	0.00359	0.01576	0.00882	0.00551	0.01677

[dist]
# distance from previous block
# <min> <max>
0	1

[block]
# block no. 5 follows, 11 sequences, length 8
# corresponding to MSA columns:
# 224-231
name=unknown_F
#
# <colnr> <probs for GDERKNQSTAVLIFYWHMCP>
#	G	D	E	R	K	N	Q	S	T	A	V	L	I	F	Y	W	H	M	C	P
0	0.02929	0.28922	0.10071	0.02364	0.03329	0.07592	0.05860	0.07809	0.02766	0.03525	0.05936	0.02657	0.02267	0.01119	0.00932	0.00279	0.01284	0.00856	0.00639	0.08864
1	0.03049	0.18330	0.03192	0.01921	0.02538	0.11818	0.01598	0.03474	0.02949	0.12436	0.21325	0.04677	0.05122	0.01575	0.01073	0.00311	0.01055	0.01254	0.00943	0.01359
2	0.16964	0.19867	0.25719	0.02463	0.03637	0.07555	0.02754	0.03535	0.02320	0.03572	0.01776	0.02075	0.01388	0.01043	0.00891	0.00318	0.01399	0.00713	0.00534	0.01478
3	0.01631	0.01244	0.01535	0.01397	0.01764	0.01092	0.01057	0.02117	0.02984	0.04167	0.40052	0.08141	0.16852	0.02230	0.01273	0.00337	0.00572	0.01940	0.01142	0.08472
4	0.02224	0.02101	0.03553	0.50181	0.14543	0.02526	0.03175	0.02962	0.02297	0.02995	0.02018	0.02969	0.01542	0.01107	0.01124	0.00369	0.01476	0.01001	0.00509	0.01329
5	0.01653	0.01362	0.01859	0.01925	0.01974	0.01568	0.01411	0.01862	0.02044	0.02831	0.04984	0.44939	0.05905	0.03125	0.02019	0.00466	0.15549	0.02628	0.00902	0.00996
6	0.05050	0.01915	0.02612	0.02003	0.02873	0.01654	0.01654	0.05485	0.03221	0.54203	0.04440	0.03831	0.02786	0.01393	0.01132	0.00348	0.00958	0.01132	0.01393	0.01915
7	0.05050	0.01915	0.02612	0.02003	0.02873	0.01654	0.01654	0.05485	0.03221	0.54203	0.04440	0.03831	0.02786	0.01393	0.01132	0.00348	0.00958	0.01132	0.01393	0.01915

[dist]
# distance from previous block
# <min> <max>
0	11

[block]
# block no. 6 follows, 11 sequences, length 90
# corresponding to MSA columns:
# 243-332
name=unknown_G
#
# <colnr> <probs for GDERKNQSTAVLIFYWHMCP>
#	G	D	E	R	K	N	Q	S	T	A	V	L	I	F	Y	W	H	M	C	P
0	0.02596	0.02682	0.07676	0.14601	0.12544	0.02766	0.07077	0.08168	0.06580	0.03821	0.06391	0.03322	0.02502	0.01402	0.01660	0.00385	0.12525	0.01123	0.00691	0.01488
1	0.14606	0.04372	0.16721	0.03098	0.08816	0.21822	0.02635	0.04069	0.07199	0.03651	0.02090	0.02370	0.01624	0.01134	0.00996	0.00331	0.01550	0.00814	0.00623	0.01480
2	0.04204	0.05364	0.03190	0.02900	0.03480	0.55926	0.02175	0.04494	0.03190	0.02755	0.01740	0.02030	0.01450	0.01160	0.01015	0.00290	0.02030	0.00725	0.00580	0.01305
3	0.01637	0.01091	0.01228	0.01228	0.01228	0.01091	0.00682	0.01637	0.01637	0.02182	0.03546	0.07365	0.04092	0.60445	0.05729	0.01091	0.01091	0.01637	0.00682	0.00682
4	0.02702	0.05235	0.43348	0.03072	0.04568	0.02807	0.03715	0.13702	0.03017	0.04340	0.02170	0.02448	0.01533	0.01131	0.01082	0.00352	0.01570	0.00872	0.00618	0.01719
5	0.02797	0.02765	0.03079	0.11915	0.12966	0.13473	0.02295	0.08025	0.03024	0.03855	0.15204	0.04087	0.03953	0.01508	0.01363	0.00350	0.05964	0.01212	0.00784	0.01380
6	0.02742	0.20160	0.26953	0.02772	0.04060	0.02965	0.07823	0.03603	0.02446	0.07448	0.02116	0.02402	0.01594	0.01031	0.00983	0.00308	0.01426	0.00829	0.00580	0.07758
7	0.10101	0.03732	0.08995	0.03321	0.04250	0.15887	0.18483	0.09302	0.07680	0.04051	0.02317	0.02674	0.01757	0.01124	0.01120	0.00348	0.01628	0.01017	0.00696	0.01519
8	0.02257	0.05822	0.54613	0.03208	0.04871	0.02614	0.04158	0.03564	0.02376	0.03564	0.02020	0.02376	0.01426	0.01069	0.01069	0.00356	0.01663	0.00832	0.00475	0.01663
9	0.02126	0.02001	0.03376	0.57739	0.07752	0.02501	0.03126	0.02876	0.02251	0.02876	0.02001	0.03001	0.01500	0.01125	0.01125	0.00375	0.01500	0.01000	0.00500	0.01250
10	0.03770	0.19358	0.03900	0.02498	0.03272	0.23003	0.02061	0.16466	0.08157	0.04079	0.02225	0.02359	0.01764	0.01194	0.00979	0.00299	0.01487	0.00822	0.00755	0.01552
11	0.01613	0.01187	0.01715	0.01715	0.01883	0.01356	0.01290	0.01950	0.01781	0.02543	0.03101	0.04897	0.03020	0.16842	0.47866	0.01693	0.02704	0.01276	0.00616	0.00953
12	0.01345	0.01083	0.01199	0.01291	0.01560	0.00937	0.00922	0.01598	0.02420	0.02981	0.09565	0.28108	0.36877	0.03089	0.01368	0.00407	0.00599	0.02667	0.01045	0.00937
13	0.01814	0.01296	0.01814	0.02073	0.02332	0.01296	0.01814	0.02332	0.02591	0.03368	0.05959	0.12696	0.06478	0.03109	0.01555	0.00518	0.01036	0.45848	0.01036	0.01036
14	0.02670	0.02976	0.06247	0.04507	0.05598	0.02842	0.44755	0.03834	0.07351	0.03712	0.02499	0.03148	0.01874	0.01004	0.01311	0.00380	0.01801	0.01323	0.00625	0.01543
15	0.01700	0.01222	0.01586	0.07239	0.02241	0.01198	0.01210	0.02225	0.02883	0.04121	0.34799	0.07438	0.13270	0.02081	0.01219	0.00344	0.00636	0.01806	0.11713	0.01067
16	0.01858	0.01485	0.01705	0.01591	0.01978	0.01500	0.01210	0.03041	0.15845	0.04258	0.31398	0.07796	0.17538	0.02210	0.01280	0.00367	0.00635	0.01904	0.01174	0.01230
17	0.02098	0.01049	0.01049	0.01049	0.01311	0.01049	0.00787	0.02623	0.02360	0.04196	0.03672	0.04196	0.02885	0.01311	0.00787	0.00262	0.00525	0.01049	0.66693	0.01049
18	0.02361	0.05098	0.42150	0.03607	0.05134	0.02674	0.15895	0.03575	0.02449	0.03575	0.02087	0.02548	0.01499	0.01038	0.01137	0.00362	0.01724	0.00961	0.00500	0.01626
19	0.34970	0.01957	0.02005	0.01662	0.02391	0.02011	0.01363	0.04172	0.02516	0.25948	0.02996	0.02911	0.02048	0.01219	0.00891	0.00340	0.00874	0.00875	0.07352	0.01500
20	0.02800	0.02418	0.02545	0.02291	0.02927	0.02800	0.01782	0.05981	0.51390	0.04708	0.04581	0.04199	0.03436	0.01527	0.01145	0.00382	0.00891	0.01273	0.01145	0.01782
21	0.01890	0.01626	0.02436	0.02107	0.02544	0.01593	0.09046	0.02824	0.10611	0.03912	0.23051	0.17904	0.11299	0.02265	0.01321	0.00387	0.00842	0.02074	0.01055	0.01211
22	0.04019	0.01767	0.02190	0.01758	0.02436	0.01653	0.01426	0.09211	0.03162	0.33163	0.04010	0.03830	0.02726	0.01362	0.01020	0.00319	0.00848	0.01093	0.22371	0.01637
23	0.10626	0.07690	0.13025	0.02199	0.03231	0.02324	0.02135	0.08684	0.02948	0.25032	0.03004	0.02903	0.02043	0.01195	0.01008	0.00321	0.01121	0.00914	0.00963	0.08633
24	0.03300	0.35157	0.08933	0.02646	0.07195	0.08933	0.02291	0.12742	0.03003	0.03700	0.01889	0.02129	0.01564	0.01071	0.00890	0.00281	0.01338	0.00746	0.00625	0.01569
25	0.03000	0.02387	0.07857	0.02693	0.03576	0.01910	0.15042	0.03684	0.02881	0.17999	0.14975	0.04413	0.04122	0.01395	0.01194	0.00338	0.01164	0.01325	0.00964	0.09081
26	0.02263	0.02452	0.07690	0.38794	0.11155	0.02459	0.06988	0.03042	0.02332	0.03143	0.02036	0.02870	0.01555	0.01066	0.01109	0.00350	0.01467	0.00983	0.00525	0.07721
27	0.01569	0.01168	0.01484	0.01542	0.01810	0.01083	0.01210	0.02008	0.02787	0.03720	0.26649	0.15441	0.18521	0.02760	0.01399	0.00413	0.00684	0.13615	0.01123	0.01015
28	0.02126	0.02001	0.03376	0.57739	0.07752	0.02501	0.03126	0.02876	0.02251	0.02876	0.02001	0.03001	0.01500	0.01125	0.01125	0.00375	0.01500	0.01000	0.00500	0.01250
29	0.02047	0.02215	0.07946	0.02860	0.07024	0.01965	0.11034	0.02699	0.02661	0.03794	0.23706	0.05322	0.05565	0.02434	0.07283	0.00525	0.07300	0.01508	0.00839	0.01275
30	0.05050	0.01915	0.02612	0.02003	0.02873	0.01654	0.01654	0.05485	0.03221	0.54203	0.04440	0.03831	0.02786	0.01393	0.01132	0.00348	0.00958	0.01132	0.01393	0.01915
31	0.04889	0.02173	0.02772	0.02125	0.03002	0.02037	0.01755	0.14692	0.03653	0.44387	0.04078	0.03596	0.02604	0.01384	0.01131	0.00346	0.01016	0.01107	0.01337	0.01915
32	0.01704	0.01076	0.01328	0.01328	0.01344	0.01092	0.00806	0.01630	0.01613	0.02168	0.03153	0.06258	0.03518	0.43761	0.09556	0.15686	0.01224	0.01457	0.00633	0.00666
33	0.02330	0.05317	0.45919	0.03486	0.05055	0.02656	0.12346	0.03572	0.02427	0.03572	0.02066	0.02496	0.01477	0.01047	0.01116	0.00361	0.01706	0.00922	0.00492	0.01637
34	0.01882	0.01092	0.01243	0.01206	0.01469	0.01055	0.00904	0.02410	0.02713	0.04332	0.24654	0.05994	0.06187	0.01734	0.01018	0.00301	0.00527	0.01470	0.38755	0.01055
35	0.01371	0.00979	0.01306	0.01567	0.01632	0.00914	0.01045	0.01567	0.02155	0.02873	0.06203	0.59710	0.07444	0.03526	0.01437	0.00457	0.00653	0.03200	0.01045	0.00914
36	0.02177	0.01870	0.03054	0.02415	0.02980	0.01804	0.13727	0.07963	0.03290	0.04573	0.33946	0.06358	0.07306	0.01841	0.01305	0.00359	0.00967	0.01735	0.01052	0.01278
37	0.31088	0.02800	0.02770	0.02602	0.07585	0.11231	0.06267	0.08334	0.02661	0.04524	0.02076	0.02431	0.01621	0.01113	0.00904	0.00329	0.01202	0.00827	0.08268	0.01368
38	0.01670	0.01203	0.01323	0.01259	0.01656	0.01026	0.00956	0.02013	0.02733	0.07315	0.18610	0.09831	0.41120	0.02634	0.01314	0.00373	0.00593	0.02215	0.01109	0.01047
39	0.05050	0.01915	0.02612	0.02003	0.02873	0.01654	0.01654	0.05485	0.03221	0.54203	0.04440	0.03831	0.02786	0.01393	0.01132	0.00348	0.00958	0.01132	0.01393	0.01915
40	0.09890	0.19134	0.25649	0.02510	0.03728	0.03093	0.02804	0.08956	0.02718	0.08630	0.02159	0.02344	0.01592	0.01102	0.00952	0.00323	0.01346	0.00798	0.00661	0.01612
41	0.11363	0.05047	0.08421	0.02769	0.03476	0.44194	0.02274	0.04261	0.02958	0.03103	0.01749	0.02043	0.01421	0.01137	0.00984	0.00304	0.01858	0.00723	0.00582	0.01333
42	0.01608	0.01206	0.01809	0.01809	0.02010	0.01407	0.01407	0.02010	0.01809	0.02613	0.03015	0.04422	0.02814	0.08441	0.55984	0.01809	0.03015	0.01206	0.00603	0.01005
43	0.01608	0.01206	0.01809	0.01809	0.02010	0.01407	0.01407	0.02010	0.01809	0.02613	0.03015	0.04422	0.02814	0.08441	0.55984	0.01809	0.03015	0.01206	0.00603	0.01005
44	0.02670	0.15368	0.27629	0.02710	0.04012	0.02714	0.06718	0.03548	0.02441	0.07386	0.02139	0.02426	0.01603	0.01021	0.00985	0.00301	0.01387	0.00821	0.00591	0.13528
45	0.02432	0.02280	0.03766	0.04491	0.24819	0.02432	0.07914	0.03291	0.07430	0.03414	0.02581	0.03373	0.02198	0.03115	0.15988	0.00751	0.06478	0.01121	0.00627	0.01500
