[name]
unknown

[dist]
# distance from previous block
# <min> <max>
18	1876

[block]
# block no. 0 follows, 11 sequences, length 13
# corresponding to MSA columns:
# 1929-1941
name=unknown_A
#
# <colnr> <probs for GDERKNQSTAVLIFYWHMCP>
#	G	D	E	R	K	N	Q	S	T	A	V	L	I	F	Y	W	H	M	C	P
0	0.03044	0.02594	0.04256	0.22819	0.09360	0.02785	0.14723	0.14726	0.03190	0.07758	0.02423	0.02979	0.01767	0.01144	0.01177	0.00362	0.01488	0.01097	0.00738	0.01569
1	0.02085	0.12601	0.07296	0.01913	0.02459	0.02160	0.01694	0.03010	0.09983	0.03535	0.15954	0.08277	0.04846	0.03464	0.15030	0.00713	0.01447	0.01414	0.00845	0.01272
2	0.02459	0.36414	0.04134	0.01817	0.02491	0.03091	0.01686	0.02888	0.02566	0.03240	0.15464	0.05190	0.04588	0.01640	0.01007	0.00313	0.01004	0.07961	0.00763	0.01283
3	0.02381	0.03173	0.16879	0.08982	0.29440	0.02374	0.03239	0.03147	0.02428	0.03463	0.02714	0.11490	0.02544	0.01419	0.01153	0.00362	0.01328	0.01298	0.00607	0.01577
4	0.01988	0.01781	0.02893	0.43215	0.06187	0.02130	0.02594	0.02682	0.02492	0.03298	0.15108	0.04395	0.03852	0.01428	0.01177	0.00370	0.01250	0.01267	0.00691	0.01202
5	0.02772	0.32549	0.05194	0.02705	0.03373	0.03869	0.09429	0.03186	0.02156	0.02816	0.01646	0.02215	0.01496	0.01297	0.01809	0.00346	0.20416	0.00842	0.00499	0.01385
6	0.52060	0.02109	0.01901	0.01615	0.02356	0.02300	0.01331	0.03870	0.02252	0.17725	0.02308	0.02345	0.01623	0.01135	0.00809	0.00348	0.00893	0.00744	0.00876	0.01399
7	0.02261	0.02096	0.03402	0.36769	0.17366	0.02421	0.02913	0.03127	0.06039	0.03199	0.02601	0.08138	0.02246	0.01343	0.01152	0.00374	0.01340	0.01219	0.00611	0.01383
8	0.51534	0.17377	0.02749	0.01595	0.02360	0.03022	0.01401	0.03324	0.02011	0.04430	0.01567	0.01822	0.01277	0.01024	0.00703	0.00321	0.00957	0.00607	0.00641	0.01277
9	0.03317	0.11381	0.03829	0.11110	0.19434	0.02680	0.02479	0.04236	0.09388	0.16582	0.02955	0.03128	0.02179	0.01186	0.01064	0.00336	0.01179	0.01011	0.00834	0.01693
10	0.01769	0.01153	0.01467	0.01582	0.01753	0.01095	0.01144	0.02009	0.02223	0.06087	0.05819	0.27787	0.10159	0.17915	0.02541	0.00620	0.00863	0.12094	0.00972	0.00949
11	0.03025	0.17567	0.03450	0.02142	0.02883	0.03164	0.01800	0.14626	0.22483	0.04606	0.06904	0.03893	0.05840	0.01467	0.01054	0.00334	0.01008	0.01153	0.00970	0.01631
12	0.02440	0.02392	0.01992	0.01913	0.02185	0.15496	0.01341	0.03064	0.09807	0.02846	0.03559	0.12355	0.03665	0.24402	0.07047	0.00744	0.01389	0.01524	0.00770	0.01068

[dist]
# distance from previous block
# <min> <max>
0	3

[block]
# block no. 1 follows, 11 sequences, length 25
# corresponding to MSA columns:
# 1945-1969
name=unknown_B
#
# <colnr> <probs for GDERKNQSTAVLIFYWHMCP>
#	G	D	E	R	K	N	Q	S	T	A	V	L	I	F	Y	W	H	M	C	P
0	0.02916	0.02125	0.02527	0.02331	0.06076	0.02183	0.01705	0.08669	0.21306	0.10994	0.13810	0.04539	0.04346	0.01527	0.01136	0.00336	0.00881	0.01290	0.01092	0.10211
1	0.19752	0.03269	0.02912	0.09135	0.03687	0.14921	0.02042	0.22396	0.03617	0.05100	0.02121	0.02373	0.01588	0.01205	0.00995	0.00334	0.01358	0.00848	0.00821	0.01525
2	0.52145	0.03072	0.14666	0.01905	0.02839	0.02547	0.01941	0.03371	0.02029	0.04685	0.01678	0.01963	0.01270	0.01051	0.00788	0.00350	0.01065	0.00664	0.00642	0.01328
3	0.01502	0.01076	0.01398	0.01606	0.01728	0.01025	0.01156	0.01751	0.02213	0.02905	0.06163	0.38980	0.09951	0.10809	0.02015	0.00548	0.00790	0.12473	0.00996	0.00914
4	0.18882	0.02793	0.08168	0.10320	0.10438	0.02723	0.07963	0.07726	0.12270	0.04380	0.02514	0.02843	0.01904	0.01162	0.01041	0.00360	0.01245	0.00983	0.00742	0.01543
5	0.01550	0.01150	0.01685	0.01749	0.01917	0.01286	0.01318	0.01901	0.01894	0.02677	0.03798	0.18006	0.03951	0.07234	0.42582	0.01477	0.02434	0.01696	0.00712	0.00983
6	0.02321	0.12001	0.24232	0.02954	0.09884	0.02527	0.02721	0.03220	0.05685	0.03188	0.02524	0.03702	0.02273	0.15666	0.02175	0.00519	0.01359	0.01050	0.00585	0.01415
7	0.68395	0.02177	0.01654	0.01480	0.02177	0.02525	0.01219	0.03309	0.01915	0.05050	0.01567	0.01828	0.01219	0.01045	0.00697	0.00348	0.00871	0.00609	0.00697	0.01219
8	0.02439	0.26109	0.22789	0.02433	0.03480	0.03002	0.02718	0.03186	0.02394	0.03162	0.02812	0.04691	0.02674	0.01529	0.01054	0.00351	0.01331	0.11803	0.00616	0.01425
9	0.01828	0.01048	0.01519	0.01519	0.01569	0.01098	0.01044	0.01622	0.01573	0.02146	0.02423	0.04182	0.02445	0.12397	0.17247	0.42545	0.01493	0.01120	0.00542	0.00641
10	0.02565	0.02209	0.08994	0.02919	0.13508	0.01708	0.02063	0.03184	0.02905	0.13462	0.22897	0.05773	0.09607	0.01740	0.01212	0.00351	0.00931	0.01519	0.01008	0.01445
11	0.03413	0.33450	0.04833	0.03167	0.15302	0.03387	0.02240	0.03866	0.02565	0.14492	0.02347	0.02502	0.01829	0.01069	0.00911	0.00288	0.01181	0.00820	0.00705	0.01633
12	0.02792	0.46596	0.05278	0.15639	0.04084	0.03974	0.02221	0.03249	0.02278	0.02704	0.01672	0.02099	0.01458	0.01003	0.00821	0.00274	0.01277	0.00700	0.00486	0.01397
13	0.02863	0.02433	0.03568	0.04627	0.29517	0.02498	0.02592	0.14458	0.03276	0.04550	0.09261	0.08872	0.03502	0.01496	0.01175	0.00349	0.01143	0.01347	0.00832	0.01639
14	0.04107	0.16561	0.03406	0.02040	0.02888	0.02567	0.01746	0.05063	0.12440	0.31828	0.03761	0.03406	0.02584	0.01314	0.01034	0.00328	0.01005	0.01029	0.01120	0.01773
15	0.18723	0.02835	0.09410	0.02371	0.02938	0.06975	0.05280	0.03162	0.02168	0.03753	0.02078	0.02639	0.01697	0.01358	0.01657	0.00369	0.16887	0.00887	0.13538	0.01275
16	0.68395	0.02177	0.01654	0.01480	0.02177	0.02525	0.01219	0.03309	0.01915	0.05050	0.01567	0.01828	0.01219	0.01045	0.00697	0.00348	0.00871	0.00609	0.00697	0.01219
17	0.02418	0.02034	0.03047	0.09366	0.03497	0.02254	0.09127	0.11331	0.02604	0.03548	0.02716	0.04264	0.02510	0.17259	0.13551	0.00843	0.06460	0.01250	0.00694	0.01227
18	0.46661	0.02392	0.02168	0.01802	0.02565	0.02680	0.01486	0.14905	0.02868	0.10192	0.02117	0.02232	0.01538	0.01153	0.00843	0.00346	0.00969	0.00758	0.00868	0.01455
19	0.02787	0.01833	0.02601	0.11519	0.09756	0.01936	0.01934	0.03633	0.12171	0.12512	0.07198	0.03916	0.03028	0.02020	0.01950	0.16797	0.01050	0.01159	0.00856	0.01342
20	0.03188	0.01655	0.01903	0.01651	0.02194	0.01667	0.01301	0.04338	0.14675	0.19872	0.04134	0.04083	0.02990	0.01390	0.00982	0.00318	0.00749	0.01130	0.30282	0.01498
21	0.02423	0.10043	0.06770	0.14080	0.04097	0.02478	0.04988	0.03574	0.12135	0.03632	0.06712	0.03330	0.02686	0.01196	0.01031	0.00305	0.01131	0.01015	0.00731	0.17644
22	0.02454	0.01380	0.02006	0.01856	0.02222	0.01468	0.01468	0.02864	0.02156	0.15289	0.03365	0.04277	0.02807	0.06710	0.42507	0.01450	0.02509	0.01188	0.00797	0.01229
23	0.18538	0.02491	0.11394	0.01853	0.02685	0.01842	0.01763	0.03073	0.02539	0.07811	0.16199	0.04012	0.04081	0.01376	0.01001	0.00311	0.00917	0.01096	0.00850	0.16167
24	0.12100	0.27168	0.04069	0.02326	0.03074	0.28450	0.01951	0.03892	0.02664	0.03011	0.01648	0.01914	0.01418	0.01066	0.00857	0.00278	0.01549	0.00661	0.00556	0.01349

[dist]
# distance from previous block
# <min> <max>
0	24

[block]
# block no. 2 follows, 11 sequences, length 12
# corresponding to MSA columns:
# 1994-2005
name=unknown_C
#
# <colnr> <probs for GDERKNQSTAVLIFYWHMCP>
#	G	D	E	R	K	N	Q	S	T	A	V	L	I	F	Y	W	H	M	C	P
0	0.55752	0.02143	0.01983	0.12213	0.03240	0.02520	0.01583	0.03226	0.01979	0.04635	0.01650	0.02052	0.01273	0.01060	0.00778	0.00353	0.00991	0.00684	0.00659	0.01225
1	0.31399	0.13749	0.02950	0.01878	0.02588	0.02792	0.01619	0.03807	0.02300	0.16891	0.02292	0.02413	0.01696	0.01229	0.01172	0.00344	0.07844	0.00787	0.00808	0.01443
2	0.02721	0.01647	0.02310	0.02274	0.06409	0.01660	0.01665	0.03203	0.02901	0.17060	0.24527	0.06543	0.06287	0.02013	0.01569	0.00386	0.07692	0.06663	0.01111	0.01360
3	0.01612	0.01189	0.01725	0.01725	0.01896	0.01361	0.01302	0.01956	0.01784	0.02550	0.03092	0.04849	0.02999	0.15985	0.48694	0.01705	0.02736	0.01268	0.00614	0.00958
4	0.02145	0.06689	0.12889	0.02781	0.08822	0.02075	0.06091	0.03078	0.06753	0.04043	0.25464	0.05345	0.05859	0.01644	0.01196	0.00349	0.01033	0.01463	0.00897	0.01384
5	0.68395	0.02177	0.01654	0.01480	0.02177	0.02525	0.01219	0.03309	0.01915	0.05050	0.01567	0.01828	0.01219	0.01045	0.00697	0.00348	0.00871	0.00609	0.00697	0.01219
6	0.02232	0.05093	0.44838	0.13611	0.05421	0.02592	0.03961	0.03433	0.02352	0.03433	0.02016	0.02495	0.01440	0.01080	0.01080	0.00360	0.01632	0.00864	0.00480	0.01585
7	0.01779	0.01060	0.01449	0.01449	0.01487	0.01099	0.00957	0.01629	0.01591	0.02159	0.02708	0.04978	0.02859	0.24350	0.14701	0.31859	0.01406	0.01249	0.00577	0.00654
8	0.02894	0.02303	0.03815	0.25175	0.28388	0.02449	0.03049	0.03556	0.02549	0.11305	0.02438	0.03030	0.01834	0.01110	0.01121	0.00352	0.01339	0.01022	0.00667	0.01604
9	0.11575	0.03559	0.10139	0.02549	0.03359	0.13269	0.02274	0.16107	0.03315	0.12751	0.02426	0.02578	0.01765	0.01316	0.01343	0.00352	0.07979	0.00899	0.00847	0.01597
10	0.10710	0.36464	0.10390	0.02091	0.03040	0.03694	0.02072	0.03883	0.11621	0.03435	0.02193	0.02331	0.01795	0.01093	0.00840	0.00294	0.01157	0.00757	0.00633	0.01507
11	0.02328	0.02627	0.09408	0.03080	0.07453	0.02544	0.07735	0.03392	0.11625	0.03534	0.06734	0.11693	0.03440	0.01831	0.01900	0.00413	0.16625	0.01464	0.00765	0.01408

[dist]
# distance from previous block
# <min> <max>
0	11

[block]
# block no. 3 follows, 11 sequences, length 14
# corresponding to MSA columns:
# 2017-2030
name=unknown_D
#
# <colnr> <probs for GDERKNQSTAVLIFYWHMCP>
#	G	D	E	R	K	N	Q	S	T	A	V	L	I	F	Y	W	H	M	C	P
0	0.03317	0.01879	0.02496	0.02259	0.06981	0.01678	0.01601	0.06854	0.02659	0.20081	0.02851	0.03143	0.02129	0.01783	0.01805	0.15819	0.00981	0.00946	0.00887	0.19850
1	0.12669	0.07144	0.02820	0.02217	0.02925	0.10633	0.01774	0.07621	0.24317	0.11316	0.03385	0.03229	0.02504	0.01334	0.01028	0.00346	0.01109	0.01014	0.00982	0.01633
2	0.62432	0.02222	0.01919	0.01974	0.06835	0.02538	0.01422	0.03322	0.01974	0.04925	0.01617	0.01915	0.01270	0.01041	0.00734	0.00347	0.00913	0.00645	0.00684	0.01270
3	0.03577	0.38167	0.04837	0.02136	0.03072	0.03912	0.01967	0.17731	0.03289	0.08544	0.02166	0.02258	0.01706	0.01120	0.00882	0.00280	0.01193	0.00774	0.00759	0.01630
4	0.17574	0.01826	0.02344	0.07375	0.10002	0.01965	0.01833	0.02876	0.02504	0.06840	0.13724	0.05741	0.07867	0.01799	0.01298	0.00385	0.04459	0.07450	0.00871	0.01266
5	0.01612	0.01190	0.01728	0.01728	0.01901	0.01363	0.01306	0.01958	0.01785	0.02553	0.03089	0.04830	0.02991	0.15654	0.49014	0.01709	0.02748	0.01266	0.00614	0.00960
6	0.02340	0.18005	0.35943	0.02662	0.03969	0.02826	0.03211	0.03320	0.02468	0.03483	0.08962	0.03080	0.02705	0.01215	0.01025	0.00329	0.01400	0.00945	0.00583	0.01529
7	0.52843	0.01899	0.01573	0.01500	0.02050	0.02151	0.01179	0.02904	0.01971	0.04545	0.02643	0.15259	0.02663	0.01621	0.00868	0.00374	0.00820	0.01210	0.00777	0.01148
8	0.02432	0.18653	0.43310	0.02910	0.04411	0.03041	0.03640	0.03519	0.02356	0.03352	0.01914	0.02244	0.01430	0.01045	0.00989	0.00330	0.01557	0.00778	0.00477	0.01613
9	0.01871	0.01018	0.01475	0.01455	0.01516	0.00997	0.00997	0.01619	0.01865	0.02549	0.13759	0.04578	0.03966	0.03537	0.03686	0.51731	0.00874	0.01223	0.00663	0.00622
10	0.03253	0.02255	0.09106	0.02642	0.09717	0.01719	0.02002	0.03803	0.02835	0.24423	0.12999	0.08053	0.04336	0.05905	0.01512	0.00409	0.01010	0.01410	0.01058	0.01552
11	0.12391	0.20420	0.03257	0.01770	0.02505	0.02519	0.01542	0.03737	0.02738	0.19620	0.14364	0.03977	0.03964	0.01420	0.00988	0.00316	0.00924	0.01102	0.00974	0.01472
12	0.02770	0.43050	0.04677	0.01880	0.02653	0.07504	0.01744	0.03165	0.02563	0.03089	0.13473	0.03354	0.03574	0.01288	0.00884	0.00271	0.01109	0.00944	0.00665	0.01345
13	0.02792	0.02090	0.02668	0.02873	0.12719	0.02141	0.01850	0.13923	0.07736	0.08278	0.13899	0.05462	0.10601	0.06087	0.01535	0.00407	0.00969	0.01468	0.01011	0.01491

[dist]
# distance from previous block
# <min> <max>
3	26

[block]
# block no. 4 follows, 11 sequences, length 16
# corresponding to MSA columns:
# 2057-2072
name=unknown_E
#
# <colnr> <probs for GDERKNQSTAVLIFYWHMCP>
#	G	D	E	R	K	N	Q	S	T	A	V	L	I	F	Y	W	H	M	C	P
0	0.02125	0.03022	0.20151	0.02178	0.02967	0.01906	0.02217	0.09256	0.02698	0.03677	0.04808	0.17482	0.11758	0.08579	0.01724	0.00462	0.01125	0.01746	0.00818	0.01301
1	0.02126	0.02001	0.03376	0.57739	0.07752	0.02501	0.03126	0.02876	0.02251	0.02876	0.02001	0.03001	0.01500	0.01125	0.01125	0.00375	0.01500	0.01000	0.00500	0.01250
2	0.02191	0.01572	0.02312	0.02732	0.13673	0.01488	0.01667	0.02744	0.03046	0.08978	0.36652	0.06688	0.07857	0.01918	0.01260	0.00349	0.00756	0.01714	0.01097	0.01307
3	0.02528	0.02861	0.10075	0.18267	0.31068	0.02711	0.03348	0.03245	0.02372	0.03363	0.02006	0.02753	0.01639	0.01148	0.01399	0.00364	0.07767	0.00980	0.00527	0.01579
4	0.68395	0.02177	0.01654	0.01480	0.02177	0.02525	0.01219	0.03309	0.01915	0.05050	0.01567	0.01828	0.01219	0.01045	0.00697	0.00348	0.00871	0.00609	0.00697	0.01219
5	0.02711	0.02281	0.03233	0.15754	0.19753	0.02477	0.02484	0.11088	0.08362	0.04203	0.03279	0.03691	0.05540	0.01308	0.01098	0.00344	0.01159	0.01133	0.08559	0.01544
6	0.01860	0.01578	0.02325	0.02048	0.02393	0.01603	0.05819	0.02226	0.02149	0.03065	0.07064	0.20440	0.04374	0.08293	0.11371	0.00686	0.08064	0.01781	0.00778	0.12083
7	0.14381	0.02079	0.02451	0.07142	0.03089	0.02167	0.01698	0.14269	0.03380	0.19235	0.14192	0.04187	0.03962	0.01504	0.01101	0.00350	0.00963	0.01208	0.01097	0.01545
8	0.03940	0.03120	0.06738	0.02475	0.03337	0.07395	0.02110	0.23585	0.15070	0.15336	0.03349	0.03190	0.02363	0.01363	0.01118	0.00347	0.01201	0.01059	0.01090	0.01813
9	0.17634	0.02138	0.03002	0.07457	0.21891	0.02193	0.02237	0.03493	0.02608	0.12344	0.10819	0.03694	0.03274	0.01301	0.01060	0.00346	0.01047	0.01108	0.00835	0.01521
10	0.03009	0.61122	0.05898	0.01926	0.02889	0.04454	0.01926	0.03370	0.02287	0.02648	0.01565	0.01805	0.01444	0.00963	0.00722	0.00241	0.01204	0.00602	0.00481	0.01444
11	0.46696	0.07490	0.06611	0.01750	0.02579	0.02553	0.01598	0.03698	0.02204	0.12912	0.02084	0.02206	0.01517	0.01098	0.00802	0.00340	0.00980	0.00714	0.00776	0.01392
12	0.09666	0.02693	0.02958	0.02323	0.03170	0.02893	0.01906	0.30351	0.09646	0.17930	0.03232	0.03066	0.02234	0.01355	0.01094	0.00346	0.01102	0.01037	0.01156	0.01841
13	0.02789	0.01782	0.02271	0.08419	0.02937	0.01849	0.01600	0.10865	0.06485	0.12705	0.20193	0.05355	0.05248	0.05983	0.01744	0.04993	0.00929	0.01440	0.01062	0.01351
14	0.02516	0.04825	0.39793	0.02893	0.04264	0.02576	0.03456	0.11079	0.02958	0.04265	0.08142	0.03144	0.02594	0.01262	0.01109	0.00353	0.01459	0.01004	0.00674	0.01634
15	0.02053	0.01530	0.02070	0.01939	0.02257	0.01754	0.01529	0.09954	0.02389	0.03360	0.02963	0.04135	0.02664	0.07260	0.46841	0.01564	0.02719	0.01174	0.00690	0.01156

[dist]
# distance from previous block
# <min> <max>
5	84

[block]
# block no. 5 follows, 11 sequences, length 13
# corresponding to MSA columns:
# 2157-2169
name=unknown_F
#
# <colnr> <probs for GDERKNQSTAVLIFYWHMCP>
#	G	D	E	R	K	N	Q	S	T	A	V	L	I	F	Y	W	H	M	C	P
0	0.19521	0.11047	0.07167	0.02209	0.03006	0.14053	0.01923	0.04397	0.12186	0.10421	0.02606	0.02639	0.01955	0.01200	0.00943	0.00329	0.01241	0.00849	0.00804	0.01505
1	0.02785	0.21427	0.23265	0.02693	0.03719	0.03444	0.02892	0.09310	0.02599	0.03578	0.01865	0.02264	0.01505	0.01251	0.01489	0.00346	0.12641	0.00816	0.00565	0.01545
2	0.02986	0.02199	0.09305	0.02276	0.02960	0.01671	0.07026	0.03493	0.02542	0.21260	0.04077	0.16460	0.03659	0.07940	0.06280	0.00571	0.01272	0.01632	0.00971	0.01421
3	0.02164	0.02015	0.03304	0.36858	0.06048	0.02230	0.06594	0.02849	0.02260	0.03070	0.02120	0.03006	0.01675	0.01742	0.06255	0.00470	0.01546	0.00982	0.00549	0.14263
4	0.02529	0.02454	0.03270	0.02824	0.02949	0.03320	0.02328	0.03353	0.11505	0.03102	0.02089	0.02805	0.01863	0.01883	0.03192	0.00471	0.47062	0.01042	0.00621	0.01340
5	0.55476	0.02224	0.01830	0.01640	0.02324	0.02579	0.01330	0.03835	0.11659	0.04983	0.02161	0.02295	0.01656	0.01140	0.00785	0.00355	0.00875	0.00740	0.00785	0.01330
6	0.03244	0.02640	0.08059	0.11645	0.11218	0.02539	0.02523	0.13525	0.03063	0.14033	0.02721	0.03124	0.02021	0.02085	0.07424	0.00523	0.06138	0.01035	0.00828	0.01612
7	0.68395	0.02177	0.01654	0.01480	0.02177	0.02525	0.01219	0.03309	0.01915	0.05050	0.01567	0.01828	0.01219	0.01045	0.00697	0.00348	0.00871	0.00609	0.00697	0.01219
8	0.01939	0.01582	0.02108	0.02418	0.09892	0.01584	0.01540	0.02888	0.11219	0.04106	0.27827	0.13621	0.10460	0.02162	0.01277	0.00371	0.00736	0.01918	0.01079	0.01271
9	0.01612	0.01685	0.08287	0.01725	0.02005	0.01285	0.01410	0.01934	0.01960	0.02704	0.04235	0.25669	0.04746	0.21275	0.13421	0.00901	0.01381	0.02031	0.00775	0.00959
10	0.02103	0.01464	0.02101	0.12700	0.03010	0.01628	0.01591	0.02424	0.02216	0.07259	0.12785	0.05245	0.04190	0.14894	0.10385	0.07030	0.05782	0.01374	0.00773	0.01044
11	0.02452	0.01854	0.03019	0.02737	0.07172	0.01821	0.11280	0.02857	0.02371	0.10764	0.04542	0.13365	0.09821	0.13451	0.02356	0.00532	0.05799	0.01717	0.00842	0.01250
12	0.02403	0.02513	0.09824	0.28748	0.09438	0.02352	0.02811	0.03115	0.02401	0.06830	0.06432	0.03319	0.02386	0.01276	0.01333	0.00360	0.06239	0.01048	0.00639	0.06534

[dist]
# distance from previous block
# <min> <max>
0	14

[block]
# block no. 6 follows, 11 sequences, length 21
# corresponding to MSA columns:
# 2184-2204
name=unknown_G
#
# <colnr> <probs for GDERKNQSTAVLIFYWHMCP>
#	G	D	E	R	K	N	Q	S	T	A	V	L	I	F	Y	W	H	M	C	P
0	0.56118	0.02786	0.01948	0.01752	0.02426	0.12738	0.01402	0.03535	0.02159	0.04611	0.01600	0.01867	0.01263	0.01067	0.00757	0.00337	0.01092	0.00632	0.00674	0.01235
1	0.03505	0.02307	0.08336	0.02082	0.02817	0.01893	0.01833	0.11158	0.03121	0.24754	0.07284	0.08417	0.03510	0.06705	0.06504	0.00546	0.01227	0.01347	0.01082	0.01572
2	0.01694	0.01194	0.01643	0.07153	0.02167	0.01297	0.01196	0.01843	0.01767	0.02401	0.03259	0.09614	0.03477	0.28903	0.19037	0.08757	0.01632	0.01493	0.00647	0.00826
3	0.03213	0.02477	0.04246	0.10691	0.31995	0.02447	0.08274	0.03870	0.02690	0.14950	0.02646	0.03071	0.01971	0.01097	0.01144	0.00347	0.01333	0.01069	0.00741	0.01729
4	0.01545	0.01191	0.01659	0.01659	0.01900	0.01304	0.01283	0.01921	0.01979	0.02709	0.04901	0.05863	0.14092	0.07184	0.43694	0.01488	0.02465	0.01469	0.00702	0.00993
5	0.02633	0.07632	0.02940	0.20208	0.04311	0.08444	0.02160	0.03545	0.09763	0.07127	0.04125	0.05165	0.08716	0.01648	0.01157	0.00370	0.01233	0.06680	0.00803	0.01341
6	0.53977	0.02396	0.02042	0.01730	0.02472	0.02742	0.01426	0.13734	0.02675	0.05509	0.01822	0.02025	0.01375	0.01114	0.00793	0.00346	0.00953	0.00700	0.00793	0.01375
7	0.17555	0.13028	0.17665	0.02931	0.04055	0.03039	0.14181	0.08142	0.02622	0.04116	0.01977	0.02358	0.01502	0.01045	0.00999	0.00340	0.01426	0.00886	0.00615	0.01517
8	0.02651	0.01188	0.01724	0.01587	0.01783	0.01130	0.01130	0.02370	0.01861	0.13704	0.02514	0.03513	0.02142	0.03344	0.03664	0.52208	0.00973	0.01012	0.00692	0.00810
9	0.02698	0.03486	0.19562	0.06634	0.12120	0.02554	0.05812	0.13622	0.03216	0.04507	0.11195	0.03661	0.03243	0.01336	0.01155	0.00351	0.01320	0.01154	0.00777	0.01600
10	0.02921	0.31748	0.08345	0.08675	0.03774	0.03268	0.06898	0.03448	0.02430	0.09215	0.02496	0.07629	0.02188	0.01274	0.00970	0.00311	0.01260	0.01039	0.00656	0.01455
11	0.34036	0.33151	0.03884	0.01714	0.02551	0.03538	0.01590	0.03341	0.02111	0.03788	0.01566	0.01816	0.01337	0.01002	0.00710	0.00292	0.01046	0.00605	0.00584	0.01337
12	0.01761	0.01923	0.09366	0.02280	0.06882	0.01418	0.01782	0.02285	0.02552	0.03552	0.19063	0.22200	0.06700	0.06093	0.01604	0.00447	0.00895	0.07099	0.00953	0.01145
13	0.02445	0.02624	0.05341	0.25846	0.06627	0.02709	0.30935	0.03315	0.02495	0.03315	0.02167	0.03022	0.01625	0.01019	0.01247	0.00378	0.01739	0.01198	0.00542	0.01411
14	0.02498	0.08177	0.12165	0.02473	0.03037	0.02889	0.02312	0.03643	0.13153	0.03525	0.02605	0.03036	0.02115	0.01521	0.01954	0.00386	0.21612	0.00997	0.10476	0.01424
15	0.54151	0.02118	0.01870	0.01598	0.02333	0.02329	0.01317	0.03798	0.02209	0.16103	0.02213	0.02279	0.01571	0.01123	0.00794	0.00348	0.00890	0.00727	0.00853	0.01376
16	0.02161	0.02723	0.13372	0.09679	0.08417	0.02221	0.07210	0.03135	0.07982	0.03474	0.06879	0.16095	0.03741	0.01819	0.01415	0.00395	0.05549	0.01599	0.00756	0.01379
17	0.53493	0.02137	0.02041	0.14131	0.03430	0.02519	0.01648	0.03211	0.01991	0.04561	0.01665	0.02092	0.01282	0.01063	0.00793	0.00354	0.01012	0.00697	0.00652	0.01226
18	0.02348	0.09073	0.07281	0.09553	0.23959	0.02371	0.02577	0.02994	0.02674	0.03722	0.17291	0.04357	0.04348	0.01406	0.01131	0.00335	0.01119	0.01255	0.00742	0.01465
19	0.17006	0.01303	0.01185	0.01146	0.01506	0.01381	0.00884	0.02777	0.02260	0.04388	0.03198	0.03664	0.02510	0.01251	0.00766	0.00282	0.00602	0.00950	0.51852	0.01087
20	0.17133	0.02830	0.14095	0.08656	0.03680	0.02248	0.05819	0.07198	0.02690	0.04283	0.12400	0.07731	0.03715	0.01508	0.01095	0.00364	0.01148	0.01265	0.00787	0.01354

[dist]
# distance from previous block
# <min> <max>
4	41

[block]
# block no. 7 follows, 11 sequences, length 20
# corresponding to MSA columns:
# 2246-2265
name=unknown_H
#
# <colnr> <probs for GDERKNQSTAVLIFYWHMCP>
#	G	D	E	R	K	N	Q	S	T	A	V	L	I	F	Y	W	H	M	C	P
0	0.12309	0.02202	0.02423	0.02057	0.02696	0.02343	0.01627	0.19645	0.08187	0.13804	0.03887	0.16809	0.03467	0.01863	0.01146	0.00374	0.00963	0.01537	0.01096	0.01563
1	0.03495	0.02882	0.11670	0.08419	0.07416	0.02409	0.05179	0.08265	0.12572	0.20754	0.03399	0.03372	0.02359	0.01283	0.01133	0.00359	0.01219	0.01090	0.00976	0.01748
2	0.01785	0.01399	0.01937	0.01774	0.02170	0.01430	0.01389	0.02211	0.01937	0.02870	0.02768	0.03913	0.02535	0.06589	0.42553	0.01409	0.02484	0.01075	0.00619	0.17156
3	0.02533	0.30092	0.08627	0.02456	0.07577	0.03200	0.02020	0.02907	0.02106	0.02721	0.02132	0.03371	0.02124	0.15563	0.02309	0.00492	0.06991	0.00951	0.00538	0.01289
4	0.52471	0.16532	0.02688	0.01589	0.02350	0.02995	0.01391	0.03324	0.02006	0.04465	0.01567	0.01823	0.01274	0.01025	0.00703	0.00322	0.00952	0.00608	0.00644	0.01274
5	0.14219	0.03554	0.17894	0.02756	0.03840	0.02775	0.08130	0.15157	0.07882	0.09200	0.02601	0.02746	0.01858	0.01192	0.01064	0.00355	0.01318	0.00967	0.00827	0.01666
6	0.01878	0.01005	0.01408	0.01408	0.01408	0.01005	0.00906	0.01508	0.01508	0.02010	0.02343	0.04382	0.02475	0.17678	0.04723	0.51141	0.01005	0.01138	0.00536	0.00536
7	0.02313	0.02176	0.03722	0.24883	0.24800	0.02338	0.05751	0.02977	0.02466	0.03369	0.06469	0.08286	0.02868	0.01368	0.01177	0.00365	0.01309	0.01295	0.00633	0.01434
8	0.15939	0.13803	0.08393	0.02128	0.03043	0.06884	0.01955	0.07700	0.02872	0.22802	0.02785	0.02709	0.01938	0.01194	0.00959	0.00324	0.01165	0.00865	0.00917	0.01625
9	0.27215	0.25668	0.16179	0.02072	0.03106	0.03286	0.02206	0.03395	0.02170	0.03767	0.01676	0.01953	0.01356	0.01019	0.00797	0.00309	0.01191	0.00661	0.00560	0.01414
10	0.02822	0.02559	0.11327	0.02782	0.03630	0.01929	0.14681	0.03537	0.02817	0.16035	0.13293	0.08753	0.04409	0.01667	0.01263	0.00378	0.01218	0.04476	0.00952	0.01473
11	0.02268	0.02031	0.02995	0.32530	0.09101	0.02407	0.02523	0.03523	0.14165	0.03310	0.02823	0.03711	0.02279	0.06377	0.04867	0.00519	0.01400	0.01130	0.00682	0.01359
12	0.02859	0.08958	0.03472	0.02726	0.02984	0.16131	0.02236	0.03142	0.02146	0.02704	0.01700	0.02481	0.01597	0.02300	0.07827	0.00546	0.33514	0.00905	0.00523	0.01249
13	0.52968	0.02113	0.01887	0.01607	0.02346	0.02313	0.01325	0.03839	0.02234	0.17020	0.02267	0.02316	0.01601	0.01130	0.00803	0.00348	0.00892	0.00737	0.00866	0.01389
14	0.02331	0.02170	0.03555	0.12197	0.17543	0.02083	0.08903	0.02985	0.02589	0.03697	0.11620	0.03801	0.03360	0.01217	0.01118	0.00310	0.01167	0.01160	0.00705	0.17489
15	0.52968	0.02113	0.01887	0.01607	0.02346	0.02313	0.01325	0.03839	0.02234	0.17020	0.02267	0.02316	0.01601	0.01130	0.00803	0.00348	0.00892	0.00737	0.00866	0.01389
16	0.02335	0.03355	0.20002	0.08337	0.13801	0.02330	0.07611	0.06258	0.02712	0.03746	0.06778	0.04362	0.10617	0.01438	0.01172	0.00359	0.01331	0.01270	0.00688	0.01499
17	0.01695	0.01221	0.01658	0.01718	0.01820	0.01326	0.01267	0.01888	0.01932	0.02638	0.04078	0.17487	0.04504	0.18338	0.15170	0.06745	0.05674	0.09188	0.00766	0.00885
18	0.03695	0.08379	0.03476	0.03188	0.13820	0.02736	0.02150	0.16808	0.08133	0.16820	0.03125	0.03365	0.02346	0.05250	0.01397	0.00385	0.01144	0.01066	0.00976	0.01743
19	0.08035	0.01754	0.02055	0.07178	0.02707	0.01901	0.01515	0.06356	0.09405	0.06572	0.05662	0.09020	0.18269	0.02230	0.01681	0.07123	0.04839	0.01573	0.00908	0.01218

[dist]
# distance from previous block
# <min> <max>
1	37

[block]
# block no. 8 follows, 11 sequences, length 21
# corresponding to MSA columns:
# 2303-2323
name=unknown_I
#
# <colnr> <probs for GDERKNQSTAVLIFYWHMCP>
#	G	D	E	R	K	N	Q	S	T	A	V	L	I	F	Y	W	H	M	C	P
0	0.14757	0.02940	0.11638	0.02123	0.03032	0.06683	0.01984	0.04142	0.06551	0.19164	0.03651	0.03552	0.06368	0.01337	0.01025	0.00333	0.01112	0.01026	0.00921	0.07661
1	0.08837	0.02169	0.11682	0.01991	0.02504	0.01728	0.01847	0.02411	0.01913	0.03017	0.02716	0.03996	0.02485	0.10422	0.35754	0.01323	0.02379	0.01106	0.00595	0.01126
2	0.02559	0.08250	0.19663	0.08043	0.11224	0.02416	0.07292	0.03388	0.02639	0.08312	0.11636	0.03753	0.03338	0.01302	0.01129	0.00346	0.01311	0.01149	0.00725	0.01524
3	0.01605	0.01197	0.01760	0.01746	0.01957	0.01352	0.01352	0.02028	0.02029	0.02917	0.10988	0.05060	0.04063	0.07459	0.47236	0.01576	0.02617	0.01339	0.00705	0.01014
4	0.02662	0.30527	0.08423	0.02023	0.02803	0.07662	0.01904	0.03412	0.07296	0.03414	0.15108	0.03803	0.03996	0.01387	0.00973	0.00298	0.01111	0.01065	0.00748	0.01385
5	0.57668	0.01985	0.01599	0.01494	0.02090	0.02267	0.01191	0.03030	0.01954	0.04701	0.02309	0.11092	0.02215	0.01442	0.00815	0.00366	0.00836	0.01024	0.00752	0.01170
6	0.08480	0.15539	0.13807	0.02386	0.03292	0.02680	0.06672	0.03422	0.02452	0.11315	0.03743	0.03858	0.09907	0.01446	0.01263	0.00347	0.06079	0.01118	0.00742	0.01452
7	0.01852	0.01014	0.01389	0.01389	0.01389	0.01014	0.00881	0.01522	0.01522	0.02029	0.02472	0.04703	0.02649	0.22281	0.04831	0.45754	0.01014	0.01192	0.00552	0.00552
8	0.02655	0.02933	0.11926	0.08391	0.21715	0.02539	0.02851	0.10544	0.03007	0.04235	0.11179	0.03704	0.03279	0.01366	0.01296	0.00354	0.04536	0.01159	0.00748	0.01582
9	0.14435	0.08573	0.19063	0.07915	0.04277	0.11364	0.07688	0.07513	0.02685	0.03864	0.01943	0.02336	0.01473	0.01087	0.01005	0.00338	0.01521	0.00841	0.00599	0.01478
10	0.30632	0.30403	0.03825	0.01842	0.02652	0.09118	0.01655	0.03464	0.02227	0.03669	0.01584	0.01839	0.01350	0.01018	0.00743	0.00291	0.01152	0.00618	0.00582	0.01335
11	0.02052	0.01830	0.02991	0.37759	0.10047	0.02141	0.02712	0.02699	0.02331	0.03035	0.03144	0.10195	0.03013	0.01711	0.01233	0.00406	0.01320	0.09502	0.00656	0.01224
12	0.02686	0.02763	0.07849	0.22963	0.10866	0.02676	0.13166	0.10635	0.02877	0.03916	0.02188	0.02835	0.01652	0.01080	0.01140	0.00346	0.01483	0.01034	0.00634	0.07210
13	0.02829	0.07899	0.07738	0.03308	0.07477	0.03362	0.06908	0.10486	0.02544	0.03628	0.01845	0.02517	0.01587	0.01548	0.02413	0.00413	0.30453	0.00979	0.00604	0.01461
14	0.68395	0.02177	0.01654	0.01480	0.02177	0.02525	0.01219	0.03309	0.01915	0.05050	0.01567	0.01828	0.01219	0.01045	0.00697	0.00348	0.00871	0.00609	0.00697	0.01219
15	0.02918	0.03205	0.11963	0.08706	0.12605	0.07036	0.10081	0.06525	0.08034	0.08192	0.06959	0.03436	0.02692	0.01251	0.01157	0.00353	0.01397	0.01133	0.00768	0.01588
16	0.52784	0.02112	0.01890	0.01609	0.02348	0.02310	0.01326	0.03845	0.02237	0.17163	0.02275	0.02322	0.01605	0.01131	0.00804	0.00348	0.00892	0.00738	0.00868	0.01391
17	0.02239	0.01859	0.02476	0.07903	0.10894	0.01949	0.01838	0.06788	0.11730	0.04335	0.23751	0.05998	0.09985	0.01815	0.01226	0.00359	0.00876	0.01584	0.01017	0.01381
18	0.08428	0.01254	0.01340	0.01331	0.01679	0.01232	0.01035	0.02606	0.02419	0.07506	0.05241	0.11050	0.11539	0.01934	0.01032	0.00341	0.00663	0.06190	0.32084	0.01098
19	0.02817	0.02577	0.04095	0.08282	0.15957	0.02683	0.13661	0.11150	0.11758	0.04416	0.08073	0.03699	0.02998	0.01287	0.01196	0.00359	0.01303	0.01240	0.00824	0.01622
20	0.02169	0.01885	0.02042	0.06976	0.02622	0.06360	0.01470	0.03171	0.14024	0.03339	0.11304	0.05469	0.04321	0.18609	0.10683	0.00777	0.01362	0.01411	0.00845	0.01161

[dist]
# distance from previous block
# <min> <max>
0	5

[block]
# block no. 9 follows, 11 sequences, length 22
# corresponding to MSA columns:
# 2329-2350
name=unknown_J
#
# <colnr> <probs for GDERKNQSTAVLIFYWHMCP>
#	G	D	E	R	K	N	Q	S	T	A	V	L	I	F	Y	W	H	M	C	P
0	0.03196	0.27865	0.12034	0.02488	0.07349	0.03019	0.02231	0.03738	0.02572	0.15113	0.03311	0.03327	0.06759	0.01267	0.00964	0.00305	0.01166	0.00968	0.00757	0.01571
1	0.03919	0.08341	0.03768	0.02607	0.03479	0.02534	0.10594	0.15061	0.03426	0.24299	0.03479	0.07723	0.02620	0.01429	0.01150	0.00349	0.01199	0.01253	0.01057	0.01713
2	0.40923	0.02402	0.02109	0.01806	0.02532	0.06861	0.01461	0.04203	0.06763	0.17380	0.02584	0.02568	0.01836	0.01186	0.00875	0.00346	0.00993	0.00812	0.00905	0.01454
3	0.07245	0.21142	0.11795	0.01973	0.02729	0.02721	0.01907	0.07569	0.02505	0.03556	0.02887	0.12243	0.02829	0.06879	0.01397	0.00392	0.01098	0.01244	0.06568	0.01320
4	0.02501	0.12565	0.12779	0.13878	0.23828	0.02771	0.03034	0.03229	0.02491	0.03428	0.06882	0.03135	0.02469	0.01154	0.01065	0.00332	0.01322	0.01007	0.00587	0.01544
5	0.02175	0.01323	0.01941	0.01841	0.02152	0.01448	0.01448	0.02582	0.02041	0.11106	0.03249	0.04324	0.02809	0.07281	0.46954	0.01568	0.02676	0.01194	0.00733	0.01155
6	0.02022	0.02168	0.08008	0.21352	0.12879	0.01968	0.02459	0.02709	0.02635	0.03610	0.18730	0.05217	0.08470	0.01604	0.01197	0.00360	0.01111	0.01417	0.00782	0.01300
7	0.68395	0.02177	0.01654	0.01480	0.02177	0.02525	0.01219	0.03309	0.01915	0.05050	0.01567	0.01828	0.01219	0.01045	0.00697	0.00348	0.00871	0.00609	0.00697	0.01219
8	0.03472	0.12911	0.20141	0.02449	0.03548	0.02581	0.02578	0.08742	0.02953	0.20482	0.03125	0.03612	0.02327	0.01349	0.01078	0.00346	0.01263	0.04467	0.00890	0.01687
9	0.01713	0.01080	0.01389	0.01375	0.01436	0.01084	0.00889	0.01704	0.01861	0.02543	0.11183	0.06211	0.04476	0.30987	0.09121	0.18885	0.01140	0.01486	0.00715	0.00721
10	0.02432	0.07117	0.08644	0.08369	0.15277	0.02204	0.06507	0.03071	0.02639	0.06965	0.15569	0.04586	0.04234	0.05817	0.01500	0.00399	0.01170	0.01307	0.00782	0.01410
11	0.03016	0.12853	0.25000	0.03340	0.09204	0.02989	0.07578	0.11270	0.02955	0.08021	0.02289	0.02564	0.01680	0.01107	0.01061	0.00335	0.01458	0.00916	0.00673	0.01690
12	0.57179	0.12287	0.02382	0.01557	0.02299	0.02856	0.01340	0.03319	0.01979	0.04638	0.01567	0.01824	0.01258	0.01031	0.00701	0.00330	0.00928	0.00608	0.00660	0.01258
13	0.02971	0.11960	0.04386	0.03657	0.14405	0.02531	0.14675	0.03569	0.02596	0.11836	0.02968	0.08070	0.02484	0.01301	0.01107	0.00337	0.01263	0.01245	0.07111	0.01530
14	0.13125	0.02972	0.15495	0.22583	0.05131	0.02378	0.06403	0.03151	0.02272	0.03613	0.02067	0.02682	0.01558	0.01072	0.01010	0.00341	0.01346	0.00896	0.04941	0.06963
15	0.02837	0.06731	0.03215	0.02475	0.02939	0.07045	0.05022	0.11813	0.07619	0.04006	0.10583	0.03696	0.03307	0.01837	0.02057	0.06450	0.15040	0.01164	0.00807	0.01357
16	0.57827	0.02701	0.01907	0.01714	0.02391	0.11316	0.01376	0.03504	0.02125	0.04672	0.01596	0.01862	0.01257	0.01064	0.00749	0.00339	0.01061	0.00628	0.00677	0.01233
17	0.02553	0.02925	0.09202	0.18587	0.24290	0.06366	0.07603	0.03284	0.02454	0.03297	0.02142	0.02908	0.01731	0.01679	0.05785	0.00473	0.01658	0.01013	0.00541	0.01509
18	0.68395	0.02177	0.01654	0.01480	0.02177	0.02525	0.01219	0.03309	0.01915	0.05050	0.01567	0.01828	0.01219	0.01045	0.00697	0.00348	0.00871	0.00609	0.00697	0.01219
19	0.02413	0.02251	0.03656	0.26752	0.26405	0.02484	0.02989	0.03308	0.06839	0.03385	0.02599	0.07253	0.02241	0.01289	0.01146	0.00364	0.01312	0.01190	0.00624	0.01501
20	0.02024	0.01377	0.01884	0.19629	0.03476	0.01525	0.01596	0.02623	0.02460	0.03817	0.11219	0.04499	0.03706	0.01413	0.00986	0.00314	0.00844	0.01196	0.34293	0.01117
21	0.01946	0.01327	0.01816	0.07321	0.02406	0.01386	0.01360	0.02250	0.02325	0.07696	0.13008	0.26994	0.05979	0.12129	0.02233	0.00528	0.05129	0.02162	0.00954	0.01051

[dist]
# distance from previous block
# <min> <max>
0	29

[block]
# block no. 10 follows, 11 sequences, length 12
# corresponding to MSA columns:
# 2380-2391
name=unknown_K
#
# <colnr> <probs for GDERKNQSTAVLIFYWHMCP>
#	G	D	E	R	K	N	Q	S	T	A	V	L	I	F	Y	W	H	M	C	P
0	0.01623	0.01144	0.01495	0.01495	0.01587	0.01236	0.01015	0.01808	0.01716	0.02380	0.03302	0.06012	0.03504	0.36533	0.28836	0.01421	0.01976	0.01439	0.00646	0.00830
1	0.03902	0.02176	0.02612	0.02077	0.02906	0.02104	0.01677	0.08969	0.16635	0.27910	0.03920	0.03585	0.02704	0.01333	0.01085	0.00326	0.00942	0.01083	0.01179	0.12877
2	0.03569	0.35339	0.04728	0.02279	0.03158	0.13117	0.02028	0.16431	0.03279	0.03902	0.01911	0.02094	0.01576	0.01105	0.00885	0.00276	0.01357	0.00738	0.00678	0.01551
3	0.50793	0.02104	0.01920	0.01625	0.02370	0.02283	0.01340	0.03913	0.02278	0.18708	0.02366	0.02385	0.01654	0.01142	0.00817	0.00348	0.00895	0.00755	0.00890	0.01412
4	0.03548	0.29097	0.04320	0.02192	0.03078	0.03657	0.01945	0.18175	0.10791	0.08907	0.02630	0.02626	0.02012	0.01206	0.00947	0.00302	0.01145	0.00878	0.00862	0.01682
5	0.02326	0.18291	0.03629	0.03244	0.17919	0.02497	0.02054	0.02812	0.02606	0.03427	0.13257	0.05523	0.11819	0.01673	0.01110	0.00332	0.01006	0.04333	0.00775	0.01370
6	0.01810	0.01427	0.01955	0.01769	0.02193	0.01433	0.01387	0.02239	0.01955	0.02906	0.02733	0.03842	0.02495	0.06327	0.40659	0.01353	0.02409	0.01056	0.00621	0.19434
7	0.03017	0.03834	0.27610	0.02894	0.04111	0.02211	0.09491	0.03947	0.02739	0.17745	0.08272	0.03531	0.02847	0.01277	0.01151	0.00357	0.01377	0.01116	0.00827	0.01647
8	0.50793	0.02104	0.01920	0.01625	0.02370	0.02283	0.01340	0.03913	0.02278	0.18708	0.02366	0.02385	0.01654	0.01142	0.00817	0.00348	0.00895	0.00755	0.00890	0.01412
9	0.02983	0.12320	0.23606	0.02652	0.03744	0.07161	0.02785	0.16205	0.03214	0.04276	0.02579	0.08614	0.02223	0.01408	0.01072	0.00341	0.01399	0.01100	0.00727	0.01592
10	0.01839	0.01019	0.01379	0.01379	0.01379	0.01019	0.00870	0.01528	0.01528	0.02038	0.02534	0.04856	0.02732	0.24471	0.04882	0.43191	0.01019	0.01217	0.00559	0.00559
11	0.02671	0.02880	0.13621	0.02712	0.03587	0.02260	0.11279	0.04147	0.16201	0.09507	0.07908	0.06974	0.03440	0.01470	0.01170	0.00365	0.01178	0.01335	0.05738	0.01556

[dist]
# distance from previous block
# <min> <max>
0	4

[block]
# block no. 11 follows, 11 sequences, length 13
# corresponding to MSA columns:
# 2396-2408
name=unknown_L
#
# <colnr> <probs for GDERKNQSTAVLIFYWHMCP>
#	G	D	E	R	K	N	Q	S	T	A	V	L	I	F	Y	W	H	M	C	P
0	0.02334	0.19774	0.03110	0.06980	0.02686	0.02288	0.01582	0.02557	0.02162	0.05745	0.06595	0.10625	0.03284	0.02981	0.08599	0.14370	0.01274	0.01267	0.00685	0.01104
1	0.38866	0.17473	0.03026	0.01885	0.02623	0.14062	0.01592	0.03569	0.02272	0.03978	0.01602	0.01864	0.01323	0.01048	0.00769	0.00309	0.01193	0.00631	0.00619	0.01293
2	0.02752	0.02013	0.02990	0.03248	0.14250	0.02008	0.05801	0.03818	0.12796	0.12492	0.10149	0.14639	0.04457	0.01809	0.01228	0.00376	0.00997	0.01648	0.01000	0.01531
3	0.02289	0.02140	0.03489	0.40033	0.16559	0.02408	0.02964	0.02990	0.02326	0.03143	0.02025	0.02871	0.01580	0.01063	0.01086	0.00340	0.01381	0.00958	0.00533	0.09822
4	0.02733	0.02667	0.07792	0.02588	0.03013	0.02857	0.02236	0.15900	0.02888	0.04069	0.02855	0.14378	0.02832	0.02032	0.02250	0.00428	0.24858	0.01437	0.00785	0.01400
5	0.68395	0.02177	0.01654	0.01480	0.02177	0.02525	0.01219	0.03309	0.01915	0.05050	0.01567	0.01828	0.01219	0.01045	0.00697	0.00348	0.00871	0.00609	0.00697	0.01219
6	0.02397	0.02310	0.04099	0.22698	0.23436	0.02443	0.10836	0.03055	0.02357	0.03207	0.02289	0.03486	0.01972	0.08646	0.01745	0.00452	0.01456	0.01139	0.00556	0.01420
7	0.54564	0.01976	0.01686	0.01548	0.02142	0.02293	0.01258	0.03040	0.01893	0.04545	0.01867	0.02365	0.01549	0.02577	0.12146	0.00651	0.01315	0.00733	0.00677	0.01175
8	0.03885	0.02913	0.02627	0.02252	0.02939	0.16380	0.01764	0.05045	0.16762	0.22334	0.04330	0.04028	0.06717	0.01488	0.01121	0.00345	0.01193	0.01165	0.01078	0.01636
9	0.02615	0.01265	0.01493	0.01400	0.01755	0.01211	0.01085	0.03055	0.02478	0.14194	0.04108	0.05606	0.03476	0.08958	0.01575	0.00417	0.00751	0.06876	0.36502	0.01181
10	0.02892	0.02614	0.13069	0.02223	0.02960	0.01992	0.02078	0.03909	0.10977	0.17427	0.04634	0.14522	0.07491	0.01912	0.01392	0.00390	0.05428	0.01571	0.00997	0.01521
11	0.01937	0.01711	0.01902	0.01866	0.02087	0.08186	0.01404	0.02270	0.01958	0.02572	0.02928	0.04524	0.02817	0.14623	0.42251	0.01521	0.02629	0.01204	0.00611	0.00998
12	0.03758	0.02466	0.06809	0.02678	0.09262	0.02144	0.02032	0.13617	0.03309	0.23059	0.03275	0.03260	0.02282	0.01247	0.01051	0.00317	0.01051	0.01014	0.09456	0.07914

[dist]
# distance from previous block
# <min> <max>
0	2

[block]
# block no. 12 follows, 11 sequences, length 30
# corresponding to MSA columns:
# 2411-2440
name=unknown_M
#
# <colnr> <probs for GDERKNQSTAVLIFYWHMCP>
#	G	D	E	R	K	N	Q	S	T	A	V	L	I	F	Y	W	H	M	C	P
0	0.03266	0.09087	0.02859	0.02154	0.02785	0.19279	0.01717	0.15688	0.03446	0.04105	0.04318	0.04355	0.13219	0.01583	0.01064	0.00315	0.01268	0.01189	0.06922	0.01380
1	0.47576	0.02183	0.02075	0.02023	0.07016	0.02310	0.01451	0.03216	0.02069	0.04614	0.01715	0.02030	0.01371	0.00994	0.00766	0.00306	0.00905	0.00659	0.00677	0.16045
2	0.17669	0.36067	0.09978	0.02033	0.03006	0.03725	0.02032	0.08077	0.02519	0.03735	0.01730	0.01964	0.01440	0.01032	0.00795	0.00287	0.01183	0.00670	0.00594	0.01465
3	0.02173	0.02415	0.09444	0.14117	0.22738	0.02093	0.02720	0.02817	0.02449	0.03413	0.07677	0.16016	0.03768	0.01717	0.01203	0.00374	0.01180	0.01568	0.00709	0.01410
4	0.01610	0.01197	0.01765	0.01765	0.01950	0.01383	0.01352	0.01982	0.01796	0.02580	0.03055	0.04645	0.02911	0.12392	0.52167	0.01754	0.02869	0.01239	0.00609	0.00980
5	0.02208	0.02152	0.03850	0.13080	0.09014	0.02238	0.16939	0.03090	0.06480	0.03292	0.03562	0.04260	0.07631	0.02914	0.13472	0.00694	0.01796	0.01322	0.00664	0.01341
6	0.54238	0.02118	0.01868	0.01597	0.02332	0.02330	0.01316	0.03795	0.02207	0.16035	0.02209	0.02276	0.01569	0.01123	0.00794	0.00348	0.00890	0.00726	0.00852	0.01375
7	0.02889	0.05215	0.34039	0.03259	0.04565	0.14620	0.08463	0.07267	0.02809	0.03655	0.02037	0.02395	0.01499	0.01098	0.01090	0.00343	0.01739	0.00875	0.00558	0.01586
8	0.01825	0.00978	0.01430	0.01489	0.01503	0.00963	0.00993	0.01489	0.01620	0.02160	0.02904	0.16001	0.03182	0.03824	0.03737	0.52325	0.00905	0.01474	0.00613	0.00584
9	0.02328	0.01758	0.02439	0.05846	0.07848	0.01816	0.04242	0.03444	0.13565	0.07379	0.15343	0.13285	0.05220	0.01867	0.01197	0.00366	0.00874	0.01666	0.08147	0.01366
10	0.09516	0.07091	0.03146	0.14636	0.03982	0.05780	0.07032	0.03358	0.02492	0.13006	0.03340	0.15553	0.03061	0.01675	0.01133	0.00369	0.01197	0.01461	0.00825	0.01349
11	0.15607	0.49765	0.05080	0.01840	0.02752	0.04082	0.01790	0.03358	0.02215	0.03111	0.01565	0.01810	0.01401	0.00979	0.00717	0.00261	0.01140	0.00603	0.00523	0.01401
12	0.03249	0.02683	0.09919	0.08207	0.20186	0.02236	0.06688	0.03941	0.02724	0.18698	0.03160	0.04001	0.02445	0.01327	0.01174	0.00365	0.01295	0.05187	0.00838	0.01676
13	0.17003	0.02108	0.03112	0.40008	0.11141	0.02524	0.02733	0.03031	0.02207	0.03443	0.01915	0.02717	0.01466	0.01095	0.01028	0.00365	0.01343	0.00913	0.00550	0.01297
14	0.02778	0.15915	0.04238	0.02870	0.03240	0.08948	0.06260	0.03113	0.02077	0.02775	0.01591	0.02320	0.01487	0.01577	0.02559	0.00406	0.35130	0.00902	0.00505	0.01310
15	0.68395	0.02177	0.01654	0.01480	0.02177	0.02525	0.01219	0.03309	0.01915	0.05050	0.01567	0.01828	0.01219	0.01045	0.00697	0.00348	0.00871	0.00609	0.00697	0.01219
16	0.01994	0.01776	0.02994	0.23525	0.09979	0.02043	0.05229	0.02590	0.02109	0.02888	0.02491	0.03626	0.02141	0.04428	0.26083	0.01023	0.02196	0.01114	0.00557	0.01213
17	0.68395	0.02177	0.01654	0.01480	0.02177	0.02525	0.01219	0.03309	0.01915	0.05050	0.01567	0.01828	0.01219	0.01045	0.00697	0.00348	0.00871	0.00609	0.00697	0.01219
18	0.02478	0.01640	0.02188	0.02149	0.07712	0.01430	0.01470	0.02980	0.02882	0.12914	0.23907	0.05834	0.09838	0.01718	0.01160	0.00311	0.00765	0.01486	0.01048	0.16091
19	0.02889	0.02107	0.01697	0.01566	0.01965	0.13379	0.01191	0.03351	0.02639	0.09298	0.03323	0.03672	0.02553	0.01286	0.00875	0.00278	0.00908	0.00986	0.44835	0.01200
20	0.03086	0.02253	0.03471	0.07843	0.17393	0.02279	0.07056	0.04225	0.12574	0.15210	0.09327	0.04031	0.03388	0.01357	0.01173	0.00357	0.01134	0.01245	0.00942	0.01657
21	0.01575	0.01077	0.01299	0.01357	0.01390	0.01081	0.00830	0.01656	0.01768	0.02376	0.04091	0.18792	0.04723	0.42925	0.09408	0.01016	0.01171	0.01946	0.00756	0.00764
22	0.04920	0.02124	0.02741	0.02102	0.02977	0.01964	0.01736	0.12940	0.03571	0.46255	0.04147	0.03640	0.02639	0.01386	0.01131	0.00346	0.01005	0.01112	0.01348	0.01915
