[name]
unknown

[dist]
# distance from previous block
# <min> <max>
0	1142

[block]
# block no. 0 follows, 13 sequences, length 38
# corresponding to MSA columns:
# 1191-1228
name=unknown_A
#
# <colnr> <probs for GDERKNQSTAVLIFYWHMCP>
#	G	D	E	R	K	N	Q	S	T	A	V	L	I	F	Y	W	H	M	C	P
0	0.01403	0.01015	0.01350	0.01577	0.01711	0.00962	0.01173	0.01678	0.02168	0.02842	0.06119	0.44177	0.10294	0.03156	0.01374	0.00440	0.00709	0.15979	0.00979	0.00894
1	0.02827	0.63478	0.05540	0.01809	0.02714	0.04184	0.01809	0.03166	0.02148	0.02488	0.01470	0.01696	0.01357	0.00905	0.00678	0.00226	0.01131	0.00565	0.00452	0.01357
2	0.02541	0.24202	0.36431	0.02537	0.03831	0.02956	0.03050	0.03419	0.02262	0.06936	0.01921	0.02155	0.01437	0.00994	0.00902	0.00299	0.01373	0.00731	0.00511	0.01512
3	0.01374	0.01096	0.01253	0.01340	0.01640	0.00976	0.01059	0.01692	0.02382	0.02924	0.08915	0.15299	0.38226	0.02799	0.01315	0.00398	0.00659	0.14762	0.00980	0.00911
4	0.04019	0.02962	0.03173	0.02433	0.03279	0.03279	0.02010	0.52721	0.04971	0.06663	0.02538	0.02538	0.01798	0.01269	0.01058	0.00317	0.01163	0.00952	0.01058	0.01798
5	0.02827	0.63478	0.05540	0.01809	0.02714	0.04184	0.01809	0.03166	0.02148	0.02488	0.01470	0.01696	0.01357	0.00905	0.00678	0.00226	0.01131	0.00565	0.00452	0.01357
6	0.02454	0.08474	0.11744	0.02860	0.03740	0.02645	0.16773	0.04152	0.23147	0.03772	0.06708	0.03449	0.02785	0.01216	0.01091	0.00340	0.01222	0.01143	0.00775	0.01508
7	0.01310	0.00984	0.01215	0.01346	0.01513	0.00889	0.00937	0.01564	0.02274	0.02976	0.14746	0.40250	0.20214	0.02970	0.01308	0.00396	0.00575	0.02636	0.01010	0.00889
8	0.01971	0.00985	0.00985	0.00985	0.01232	0.00985	0.00739	0.02464	0.02217	0.03942	0.03449	0.03942	0.02710	0.01232	0.00739	0.00246	0.00493	0.00985	0.68712	0.00985
9	0.02768	0.02193	0.04060	0.28482	0.05681	0.02286	0.19498	0.03471	0.02444	0.14810	0.02469	0.03001	0.01740	0.01056	0.01123	0.00348	0.01425	0.01072	0.00675	0.01397
10	0.02780	0.01433	0.01869	0.01594	0.02079	0.01322	0.01253	0.03427	0.06746	0.23763	0.32887	0.06019	0.06762	0.01793	0.01167	0.00332	0.00672	0.01546	0.01211	0.01343
11	0.01469	0.01078	0.01509	0.01517	0.01709	0.01118	0.01138	0.01862	0.02261	0.03197	0.24116	0.15128	0.06241	0.04904	0.26682	0.00954	0.01551	0.01746	0.00869	0.00951
12	0.02827	0.63478	0.05540	0.01809	0.02714	0.04184	0.01809	0.03166	0.02148	0.02488	0.01470	0.01696	0.01357	0.00905	0.00678	0.00226	0.01131	0.00565	0.00452	0.01357
13	0.03281	0.01558	0.02039	0.01688	0.02263	0.01429	0.01346	0.03951	0.07500	0.31636	0.24449	0.05320	0.05566	0.01655	0.01137	0.00332	0.00736	0.01409	0.01231	0.01473
14	0.04744	0.01799	0.02454	0.01881	0.02699	0.01554	0.01554	0.05153	0.03026	0.56979	0.04171	0.03599	0.02617	0.01309	0.01063	0.00327	0.00900	0.01063	0.01309	0.01799
15	0.02121	0.05469	0.57364	0.03014	0.04576	0.02455	0.03906	0.03348	0.02232	0.03348	0.01897	0.02232	0.01339	0.01005	0.01005	0.00335	0.01563	0.00781	0.00446	0.01563
16	0.01645	0.01009	0.01168	0.01184	0.01342	0.00980	0.00814	0.01969	0.02208	0.03356	0.16601	0.14264	0.05413	0.17248	0.02121	0.00490	0.00646	0.01650	0.25008	0.00883
17	0.01971	0.00985	0.00985	0.00985	0.01232	0.00985	0.00739	0.02464	0.02217	0.03942	0.03449	0.03942	0.02710	0.01232	0.00739	0.00246	0.00493	0.00985	0.68712	0.00985
18	0.01997	0.01879	0.03171	0.60301	0.07282	0.02349	0.02936	0.02701	0.02114	0.02701	0.01879	0.02819	0.01409	0.01057	0.01057	0.00352	0.01409	0.00940	0.00470	0.01175
19	0.03664	0.04563	0.03039	0.02733	0.03183	0.48932	0.02090	0.03929	0.02756	0.02580	0.01591	0.01978	0.01366	0.01222	0.01393	0.00306	0.12208	0.00724	0.00530	0.01214
20	0.01867	0.01470	0.01733	0.01599	0.01962	0.01532	0.01219	0.03181	0.19794	0.04300	0.38874	0.06604	0.07768	0.01924	0.01191	0.00341	0.00609	0.01678	0.01135	0.01219
21	0.02313	0.02313	0.03238	0.02776	0.02776	0.03238	0.02313	0.02545	0.01619	0.02545	0.01388	0.02313	0.01388	0.01851	0.03470	0.00463	0.60907	0.00925	0.00463	0.01157
22	0.03096	0.02129	0.02470	0.01854	0.02703	0.01949	0.01505	0.17532	0.03185	0.13198	0.05859	0.02885	0.02339	0.01097	0.00938	0.00242	0.00894	0.00874	0.00897	0.34355
23	0.02960	0.47447	0.04729	0.01846	0.02683	0.03746	0.01751	0.11757	0.02647	0.03344	0.01830	0.02040	0.01552	0.00997	0.00750	0.00244	0.01081	0.00670	0.06527	0.01401
24	0.02313	0.02467	0.11399	0.11705	0.03845	0.01820	0.06677	0.02957	0.02267	0.07367	0.02343	0.06437	0.01948	0.01081	0.00965	0.00266	0.01099	0.00951	0.00640	0.31454
25	0.02716	0.03616	0.28877	0.14717	0.04565	0.02252	0.02981	0.03817	0.07193	0.15060	0.02614	0.02813	0.01808	0.01122	0.01035	0.00339	0.01318	0.00915	0.00698	0.01543
26	0.01755	0.00964	0.01415	0.01415	0.01448	0.00997	0.00966	0.01480	0.01447	0.01962	0.02132	0.03680	0.02141	0.09246	0.13753	0.51878	0.01261	0.01006	0.00493	0.00559
27	0.01899	0.01707	0.02848	0.27396	0.09274	0.01860	0.06527	0.02532	0.02519	0.03434	0.23080	0.04802	0.04820	0.01467	0.01148	0.00341	0.01070	0.01349	0.00753	0.01172
28	0.02185	0.02841	0.13804	0.20560	0.05346	0.02387	0.20892	0.03181	0.06067	0.03205	0.02879	0.03412	0.06074	0.01148	0.01134	0.00352	0.01460	0.01148	0.00575	0.01349
29	0.10241	0.02037	0.02985	0.02282	0.03106	0.01909	0.09858	0.04716	0.07425	0.38665	0.03601	0.03334	0.02370	0.01221	0.01057	0.00335	0.01031	0.01060	0.01101	0.01667
30	0.04679	0.01904	0.02518	0.01931	0.02751	0.01709	0.01595	0.09416	0.03201	0.52469	0.04025	0.03504	0.02544	0.01305	0.01063	0.00326	0.00923	0.01053	0.01286	0.01799
31	0.12393	0.03896	0.28127	0.02854	0.04014	0.02615	0.10977	0.10772	0.07171	0.04138	0.02180	0.02454	0.01587	0.01059	0.01008	0.00337	0.01369	0.00889	0.00636	0.01524
32	0.02428	0.02588	0.04601	0.25079	0.13886	0.06230	0.23359	0.03169	0.02376	0.03094	0.01987	0.02741	0.01528	0.00973	0.01127	0.00343	0.01573	0.01050	0.00510	0.01359
33	0.03590	0.01621	0.02134	0.01737	0.02365	0.01474	0.01396	0.04237	0.07204	0.36759	0.19742	0.04926	0.04890	0.01577	0.01120	0.00331	0.00773	0.01330	0.01246	0.01547
34	0.01968	0.01215	0.01457	0.01392	0.01668	0.01317	0.01079	0.06609	0.02253	0.03593	0.03127	0.03903	0.02604	0.03870	0.23549	0.00824	0.01471	0.01041	0.36019	0.01040
35	0.01691	0.01250	0.01540	0.01489	0.01791	0.01201	0.01159	0.06318	0.02910	0.03945	0.32406	0.12821	0.15705	0.02373	0.01271	0.00366	0.00643	0.09003	0.01083	0.01036
36	0.02228	0.07260	0.16334	0.08075	0.11658	0.02372	0.12678	0.03203	0.07155	0.03378	0.07195	0.08289	0.02870	0.01311	0.01099	0.00340	0.01277	0.01227	0.00645	0.01404
37	0.01382	0.01026	0.01433	0.06626	0.02084	0.01016	0.01207	0.01634	0.02064	0.02735	0.05466	0.53132	0.06438	0.03086	0.01333	0.00427	0.00710	0.06370	0.00936	0.00895

[dist]
# distance from previous block
# <min> <max>
0	11

[block]
# block no. 1 follows, 13 sequences, length 13
# corresponding to MSA columns:
# 1240-1252
name=unknown_B
#
# <colnr> <probs for GDERKNQSTAVLIFYWHMCP>
#	G	D	E	R	K	N	Q	S	T	A	V	L	I	F	Y	W	H	M	C	P
0	0.38609	0.21347	0.03057	0.01689	0.02452	0.03083	0.01491	0.11104	0.02418	0.04349	0.01643	0.01843	0.01316	0.01004	0.00727	0.00294	0.00971	0.00631	0.00656	0.01316
1	0.01369	0.00978	0.01320	0.01565	0.01662	0.00929	0.01123	0.01613	0.02104	0.02790	0.05783	0.52333	0.06815	0.03236	0.01371	0.00441	0.00684	0.12023	0.00980	0.00881
2	0.01617	0.01250	0.01776	0.01678	0.01985	0.01335	0.01311	0.02009	0.01776	0.02610	0.02683	0.03846	0.02475	0.06810	0.49588	0.01458	0.02511	0.01054	0.00576	0.11652
3	0.07731	0.21786	0.10736	0.06754	0.03812	0.03020	0.13044	0.09656	0.02571	0.03540	0.02156	0.06621	0.01867	0.01155	0.00966	0.00311	0.01287	0.00996	0.00605	0.01389
4	0.03341	0.01790	0.02482	0.13507	0.07050	0.01804	0.01820	0.08337	0.02798	0.26258	0.03410	0.06996	0.02528	0.01344	0.01028	0.00324	0.00967	0.01130	0.11604	0.01482
5	0.01288	0.00920	0.01227	0.01472	0.01534	0.00859	0.00981	0.01472	0.02024	0.02699	0.05828	0.62152	0.06993	0.03312	0.01350	0.00429	0.00613	0.03006	0.00981	0.00859
6	0.13476	0.01988	0.02398	0.13744	0.03415	0.02166	0.01758	0.16158	0.03155	0.11651	0.15301	0.03903	0.03702	0.01402	0.01041	0.00331	0.00964	0.01137	0.00933	0.01375
7	0.03102	0.08544	0.10235	0.14046	0.04010	0.06668	0.02319	0.14376	0.06334	0.11809	0.02722	0.03327	0.02096	0.01275	0.01037	0.00331	0.01244	0.04235	0.00797	0.01493
8	0.04630	0.01981	0.02566	0.01968	0.02790	0.01824	0.01625	0.12604	0.03331	0.49098	0.03916	0.03433	0.02489	0.01302	0.01062	0.00326	0.00941	0.01046	0.01269	0.01799
9	0.01810	0.06748	0.02587	0.09269	0.07871	0.01688	0.05415	0.02231	0.02208	0.02907	0.04306	0.28703	0.04753	0.02352	0.01247	0.00400	0.00979	0.12645	0.00798	0.01083
10	0.02597	0.16718	0.18381	0.06774	0.04038	0.02626	0.13740	0.03323	0.02379	0.09707	0.02960	0.03205	0.06659	0.01154	0.01020	0.00318	0.01327	0.01020	0.00626	0.01425
11	0.08709	0.02477	0.11391	0.13925	0.03785	0.02121	0.02150	0.04080	0.13499	0.17450	0.03074	0.03155	0.02173	0.01201	0.00996	0.00334	0.01061	0.00972	0.05958	0.01489
12	0.07901	0.09974	0.16573	0.02329	0.03006	0.02392	0.05698	0.02687	0.01927	0.02928	0.02093	0.03007	0.01863	0.07317	0.16357	0.00740	0.10545	0.00936	0.00518	0.01208

[dist]
# distance from previous block
# <min> <max>
0	59

[block]
# block no. 2 follows, 13 sequences, length 29
# corresponding to MSA columns:
# 1312-1340
name=unknown_C
#
# <colnr> <probs for GDERKNQSTAVLIFYWHMCP>
#	G	D	E	R	K	N	Q	S	T	A	V	L	I	F	Y	W	H	M	C	P
0	0.12212	0.07069	0.02226	0.01706	0.02265	0.01793	0.01372	0.06795	0.02519	0.16838	0.03799	0.20397	0.03642	0.01865	0.01056	0.00342	0.00841	0.04783	0.00943	0.07537
1	0.14256	0.02608	0.07597	0.02534	0.06873	0.06218	0.05796	0.10519	0.02845	0.19956	0.02967	0.08196	0.02323	0.01334	0.01023	0.00333	0.01122	0.01102	0.00891	0.01507
2	0.26368	0.02815	0.05974	0.02015	0.02725	0.10532	0.01707	0.16047	0.02956	0.09780	0.02463	0.07721	0.02038	0.01319	0.00928	0.00327	0.01103	0.00971	0.00822	0.01390
3	0.01603	0.01114	0.01698	0.01634	0.01785	0.01059	0.05441	0.01619	0.01832	0.02415	0.04344	0.26536	0.08962	0.09019	0.02679	0.24001	0.00854	0.01921	0.00730	0.00754
4	0.02696	0.08031	0.02461	0.01771	0.02416	0.02280	0.01440	0.14020	0.16196	0.04415	0.03017	0.03130	0.02325	0.01184	0.00895	0.00273	0.00835	0.00931	0.18829	0.12856
5	0.02559	0.07547	0.20023	0.09720	0.03864	0.02212	0.02429	0.06829	0.02473	0.08399	0.02114	0.02404	0.01573	0.00981	0.00926	0.00271	0.01173	0.00775	0.00631	0.23096
6	0.02121	0.05469	0.57364	0.03014	0.04576	0.02455	0.03906	0.03348	0.02232	0.03348	0.01897	0.02232	0.01339	0.01005	0.01005	0.00335	0.01563	0.00781	0.00446	0.01563
7	0.13121	0.02367	0.07384	0.02017	0.02769	0.02178	0.01753	0.11253	0.14267	0.20918	0.03512	0.08284	0.02689	0.01432	0.01026	0.00342	0.00948	0.01150	0.01018	0.01572
8	0.02455	0.01343	0.01850	0.06697	0.02399	0.01264	0.01327	0.02917	0.02836	0.19118	0.31568	0.11194	0.06833	0.01925	0.01187	0.00342	0.00705	0.01683	0.01128	0.01231
9	0.01619	0.01368	0.02135	0.28959	0.04219	0.01555	0.01895	0.02047	0.02066	0.02700	0.03983	0.34430	0.04384	0.02259	0.01213	0.00393	0.00985	0.02040	0.00742	0.01006
10	0.01496	0.01081	0.01413	0.01330	0.01580	0.00998	0.00998	0.01995	0.02993	0.04240	0.55689	0.07898	0.09976	0.02162	0.01247	0.00333	0.00499	0.01912	0.01164	0.00998
11	0.28347	0.01888	0.02130	0.01705	0.02464	0.01848	0.01407	0.04417	0.02585	0.38175	0.03200	0.02922	0.02087	0.01191	0.00916	0.00327	0.00870	0.00887	0.01073	0.01564
12	0.02344	0.02147	0.03652	0.21537	0.04858	0.02290	0.16748	0.11341	0.02703	0.03589	0.02906	0.15344	0.02716	0.01523	0.01175	0.00364	0.01307	0.01469	0.00699	0.01289
13	0.02470	0.02115	0.02809	0.14626	0.12192	0.02374	0.02217	0.08388	0.22085	0.03911	0.03499	0.04731	0.02964	0.01516	0.01131	0.00368	0.01073	0.09223	0.00845	0.01465
14	0.01288	0.00920	0.01227	0.01472	0.01534	0.00859	0.00981	0.01472	0.02024	0.02699	0.05828	0.62152	0.06993	0.03312	0.01350	0.00429	0.00613	0.03006	0.00981	0.00859
15	0.02248	0.02258	0.04242	0.22707	0.19118	0.02348	0.18392	0.02940	0.02303	0.03116	0.02378	0.08611	0.02090	0.01196	0.01143	0.00351	0.01408	0.01240	0.00555	0.01355
16	0.02248	0.02815	0.12172	0.13205	0.04898	0.02538	0.23610	0.03006	0.02240	0.03102	0.02274	0.03559	0.01937	0.01296	0.01573	0.00383	0.11503	0.05783	0.00542	0.01313
17	0.02827	0.63478	0.05540	0.01809	0.02714	0.04184	0.01809	0.03166	0.02148	0.02488	0.01470	0.01696	0.01357	0.00905	0.00678	0.00226	0.01131	0.00565	0.00452	0.01357
18	0.01613	0.01112	0.01404	0.01514	0.01625	0.01112	0.01124	0.01834	0.01945	0.02557	0.04362	0.09196	0.04863	0.35597	0.03599	0.00780	0.01002	0.23177	0.00792	0.00792
19	0.02121	0.05469	0.57364	0.03014	0.04576	0.02455	0.03906	0.03348	0.02232	0.03348	0.01897	0.02232	0.01339	0.01005	0.01005	0.00335	0.01563	0.00781	0.00446	0.01563
20	0.02158	0.02115	0.03827	0.35076	0.15833	0.02333	0.12302	0.02845	0.02236	0.02975	0.02240	0.07149	0.01908	0.01169	0.01113	0.00352	0.01393	0.01151	0.00530	0.01294
21	0.33633	0.01796	0.01922	0.01630	0.02268	0.01882	0.01331	0.03680	0.02250	0.24265	0.02732	0.02848	0.01961	0.02286	0.10662	0.00560	0.01191	0.00855	0.00889	0.01360
22	0.70310	0.02045	0.01554	0.01390	0.02045	0.02372	0.01145	0.03108	0.01799	0.04744	0.01472	0.01718	0.01145	0.00981	0.00654	0.00327	0.00818	0.00573	0.00654	0.01145
23	0.01310	0.01073	0.01155	0.01135	0.01465	0.00918	0.00851	0.01635	0.02553	0.03196	0.21751	0.09616	0.44566	0.02551	0.01249	0.00351	0.00527	0.02153	0.01027	0.00918
24	0.02313	0.02313	0.03238	0.02776	0.02776	0.03238	0.02313	0.02545	0.01619	0.02545	0.01388	0.02313	0.01388	0.01851	0.03470	0.00463	0.60907	0.00925	0.00463	0.01157
25	0.01288	0.00920	0.01227	0.01472	0.01534	0.00859	0.00981	0.01472	0.02024	0.02699	0.05828	0.62152	0.06993	0.03312	0.01350	0.00429	0.00613	0.03006	0.00981	0.00859
26	0.07072	0.11291	0.07226	0.02054	0.02988	0.02333	0.05590	0.07764	0.07037	0.03766	0.02089	0.02329	0.01661	0.00941	0.00863	0.00240	0.01012	0.00754	0.00662	0.32327
27	0.23798	0.07445	0.02507	0.01841	0.02431	0.02410	0.01527	0.06590	0.02207	0.07477	0.02115	0.06481	0.01864	0.01314	0.01325	0.00318	0.12280	0.00887	0.00693	0.14491
28	0.09617	0.17093	0.15373	0.02067	0.02957	0.02519	0.02069	0.07982	0.02565	0.14974	0.02833	0.10488	0.02405	0.01381	0.00958	0.00318	0.01081	0.01087	0.00782	0.01450

[dist]
# distance from previous block
# <min> <max>
0	1

[block]
# block no. 3 follows, 13 sequences, length 37
# corresponding to MSA columns:
# 1342-1378
name=unknown_D
#
# <colnr> <probs for GDERKNQSTAVLIFYWHMCP>
#	G	D	E	R	K	N	Q	S	T	A	V	L	I	F	Y	W	H	M	C	P
0	0.03186	0.02696	0.09267	0.07932	0.14153	0.02354	0.16649	0.08268	0.02793	0.17995	0.02649	0.02917	0.01867	0.01070	0.01106	0.00335	0.01342	0.01046	0.00774	0.01601
1	0.02115	0.02092	0.03716	0.44965	0.06541	0.02492	0.11565	0.02807	0.02134	0.02807	0.01878	0.02776	0.01442	0.01104	0.01322	0.00364	0.07192	0.00992	0.00481	0.01217
2	0.03327	0.11628	0.05887	0.11240	0.08659	0.05139	0.02156	0.08285	0.02782	0.20615	0.02952	0.03609	0.02271	0.01292	0.01030	0.00326	0.01158	0.05288	0.00844	0.01512
3	0.02121	0.11130	0.03527	0.51516	0.06596	0.02625	0.02767	0.02771	0.02119	0.02669	0.01818	0.02650	0.01402	0.01034	0.01000	0.00333	0.01368	0.00883	0.00467	0.01202
4	0.01484	0.01047	0.01373	0.01530	0.01654	0.01013	0.01126	0.01756	0.02162	0.02888	0.11185	0.30081	0.06455	0.14926	0.02173	0.00553	0.00787	0.16009	0.00933	0.00865
5	0.03064	0.12604	0.19695	0.02557	0.03575	0.07320	0.06982	0.04150	0.10781	0.14927	0.02708	0.02749	0.01945	0.01121	0.00997	0.00317	0.01288	0.00910	0.00750	0.01560
6	0.07697	0.09805	0.22186	0.02732	0.08404	0.02508	0.02576	0.07522	0.02571	0.10388	0.07301	0.02921	0.02391	0.01215	0.01149	0.00327	0.05194	0.00926	0.00699	0.01489
7	0.02294	0.01584	0.01955	0.01851	0.02156	0.01695	0.01391	0.10062	0.07561	0.09224	0.04584	0.35624	0.04847	0.02471	0.01453	0.00398	0.06540	0.02117	0.00987	0.01207
8	0.02814	0.01931	0.02092	0.01917	0.02372	0.07605	0.01532	0.10182	0.03011	0.14893	0.12452	0.14675	0.04999	0.02090	0.01215	0.00373	0.00955	0.12576	0.01041	0.01278
9	0.16265	0.08709	0.07515	0.02156	0.02942	0.07783	0.01913	0.16373	0.03046	0.15854	0.02374	0.02434	0.01704	0.01189	0.01094	0.00320	0.05146	0.00827	0.00840	0.01518
10	0.02900	0.13894	0.03942	0.22254	0.13461	0.02587	0.07036	0.03475	0.02402	0.14587	0.02339	0.02741	0.01723	0.01048	0.01002	0.00317	0.01254	0.00923	0.00663	0.01452
11	0.07827	0.03277	0.07583	0.02230	0.02913	0.19510	0.01888	0.15094	0.03311	0.09319	0.13053	0.03449	0.03313	0.01355	0.01033	0.00310	0.01245	0.01033	0.00862	0.01395
12	0.16588	0.01752	0.02695	0.07549	0.03137	0.01781	0.13661	0.02459	0.02232	0.03473	0.08937	0.18470	0.09390	0.01835	0.01127	0.00365	0.00996	0.01675	0.00773	0.01104
13	0.02365	0.02829	0.15776	0.14614	0.09102	0.02484	0.02707	0.03000	0.02089	0.06632	0.02042	0.02662	0.01613	0.01310	0.01756	0.00367	0.19592	0.00911	0.06819	0.01333
14	0.01490	0.01097	0.01390	0.01465	0.01496	0.01156	0.00968	0.01602	0.01784	0.02416	0.04368	0.33554	0.05152	0.27799	0.03221	0.00679	0.06576	0.02199	0.00791	0.00797
15	0.53321	0.02087	0.01852	0.01567	0.02266	0.02318	0.01292	0.07964	0.02293	0.13648	0.02020	0.02107	0.01451	0.01062	0.00759	0.00326	0.00863	0.00689	0.00800	0.01314
16	0.02241	0.01348	0.01810	0.01870	0.02203	0.01324	0.01575	0.02791	0.04996	0.12113	0.05078	0.09662	0.05150	0.08334	0.01752	0.00506	0.00959	0.34170	0.01003	0.01114
17	0.03624	0.02706	0.14035	0.07471	0.03921	0.01983	0.10433	0.04299	0.02705	0.32993	0.03194	0.03140	0.02096	0.01159	0.01081	0.00336	0.01218	0.01027	0.00940	0.01639
18	0.01511	0.01029	0.01146	0.01146	0.01179	0.01013	0.00656	0.01536	0.01618	0.02124	0.04012	0.07219	0.08638	0.57292	0.05000	0.00963	0.00980	0.01602	0.00672	0.00664
19	0.09218	0.03361	0.04227	0.03292	0.04090	0.19821	0.24507	0.03956	0.10450	0.03424	0.02251	0.02623	0.01734	0.01043	0.01076	0.00328	0.01588	0.01003	0.00631	0.01376
20	0.03216	0.02360	0.03863	0.11604	0.04288	0.02501	0.16406	0.10887	0.02811	0.17923	0.02587	0.02918	0.01841	0.01229	0.01479	0.00358	0.10370	0.01060	0.00797	0.01502
21	0.03992	0.03531	0.02863	0.08570	0.03522	0.30400	0.01985	0.08451	0.03079	0.19656	0.02516	0.02577	0.01790	0.01169	0.01007	0.00302	0.01481	0.00849	0.00815	0.01445
22	0.01607	0.01176	0.01448	0.01516	0.01717	0.01141	0.01077	0.07012	0.02520	0.03369	0.13486	0.42845	0.11335	0.02863	0.01294	0.00396	0.00648	0.02551	0.01017	0.00983
23	0.02343	0.01669	0.01890	0.01731	0.02185	0.01730	0.01323	0.08120	0.18706	0.09550	0.09999	0.17918	0.14251	0.02107	0.01179	0.00364	0.00741	0.01806	0.01068	0.01319
24	0.02722	0.42163	0.04717	0.16878	0.03938	0.03630	0.02117	0.07556	0.02396	0.02922	0.01672	0.02061	0.01410	0.00977	0.00810	0.00267	0.01205	0.00697	0.00512	0.01350
25	0.02514	0.01865	0.02210	0.01632	0.02489	0.01504	0.01309	0.05999	0.02529	0.09419	0.07128	0.02890	0.02468	0.00997	0.00873	0.00201	0.00793	0.00812	0.00776	0.51592
26	0.09051	0.02529	0.10920	0.15033	0.09009	0.02197	0.02333	0.10319	0.02708	0.14477	0.02828	0.09044	0.02291	0.01352	0.01044	0.00342	0.01142	0.01129	0.00794	0.01458
27	0.02491	0.02163	0.03727	0.09206	0.14968	0.02228	0.14935	0.03295	0.06830	0.08547	0.08375	0.07818	0.03106	0.01391	0.01332	0.00355	0.05781	0.01306	0.00740	0.01403
28	0.01889	0.01293	0.01594	0.01517	0.01856	0.01187	0.01118	0.05917	0.02588	0.07421	0.16285	0.30168	0.11031	0.02429	0.01214	0.00356	0.00662	0.02141	0.01013	0.08320
29	0.46440	0.02063	0.01901	0.07172	0.02668	0.02348	0.01411	0.10351	0.02371	0.04635	0.02655	0.02847	0.07089	0.01213	0.00817	0.00331	0.00897	0.00841	0.00732	0.01219
30	0.02509	0.02237	0.03065	0.25413	0.04637	0.02794	0.02409	0.11033	0.10850	0.03561	0.02235	0.02812	0.01758	0.01377	0.01746	0.00379	0.18199	0.00979	0.00658	0.01348
31	0.01894	0.01297	0.01651	0.01539	0.01893	0.01198	0.01181	0.05027	0.02773	0.07181	0.28960	0.17963	0.07190	0.02215	0.01217	0.00347	0.00660	0.06424	0.01055	0.08335
32	0.02817	0.14326	0.12547	0.14264	0.04260	0.02764	0.06629	0.10849	0.05622	0.08502	0.02271	0.02567	0.01685	0.01065	0.00978	0.00307	0.01259	0.00877	0.00677	0.05736
33	0.01877	0.01287	0.01594	0.01626	0.01865	0.01280	0.01168	0.07445	0.05761	0.06426	0.10080	0.43660	0.06245	0.02754	0.01275	0.00398	0.00691	0.02460	0.01031	0.01076
34	0.17300	0.18203	0.07627	0.12499	0.08704	0.02962	0.02168	0.08064	0.06787	0.03737	0.01967	0.02296	0.01550	0.01039	0.00869	0.00307	0.01135	0.00775	0.00616	0.01395
35	0.23128	0.07665	0.02414	0.02375	0.11234	0.02043	0.01599	0.02806	0.02141	0.07617	0.03459	0.10016	0.07473	0.02148	0.06210	0.00464	0.01074	0.04171	0.00740	0.01223
36	0.28155	0.02522	0.02409	0.07549	0.03096	0.07713	0.01703	0.15596	0.07884	0.10342	0.02343	0.02453	0.01705	0.01146	0.00902	0.00325	0.01069	0.00821	0.00834	0.01433

[dist]
# distance from previous block
# <min> <max>
0	34

[block]
# block no. 4 follows, 13 sequences, length 61
# corresponding to MSA columns:
# 1417-1457,1474-1493
name=unknown_E
#
# <colnr> <probs for GDERKNQSTAVLIFYWHMCP>
#	G	D	E	R	K	N	Q	S	T	A	V	L	I	F	Y	W	H	M	C	P
0	0.07028	0.01251	0.01644	0.06587	0.02262	0.01232	0.01257	0.02370	0.02320	0.11828	0.12273	0.35112	0.05816	0.02453	0.01212	0.00384	0.00726	0.02173	0.00993	0.01079
1	0.09455	0.48126	0.08418	0.06895	0.03166	0.03728	0.01981	0.03132	0.02116	0.02789	0.01534	0.01831	0.01339	0.00932	0.00731	0.00254	0.01152	0.00613	0.00474	0.01334
2	0.03086	0.02552	0.03272	0.02474	0.03343	0.02586	0.09610	0.24631	0.11115	0.04957	0.02559	0.02702	0.01916	0.01104	0.01016	0.00286	0.01109	0.00946	0.00863	0.19871
3	0.08829	0.02391	0.02536	0.06021	0.02961	0.07226	0.01712	0.17262	0.02966	0.07274	0.02520	0.07801	0.02208	0.04817	0.01476	0.00354	0.07054	0.01054	0.00791	0.12746
4	0.03315	0.02765	0.02993	0.07449	0.03514	0.10867	0.05334	0.18627	0.15219	0.09757	0.03115	0.03611	0.02413	0.01362	0.01089	0.00339	0.01221	0.04546	0.00919	0.01545
5	0.01911	0.01433	0.01705	0.01629	0.01960	0.01451	0.01245	0.09653	0.07372	0.04009	0.22457	0.20752	0.11403	0.02366	0.01249	0.00372	0.00700	0.06143	0.01062	0.01128
6	0.09296	0.02569	0.02948	0.02363	0.02963	0.07484	0.05499	0.19054	0.03129	0.13964	0.02510	0.02968	0.01946	0.06617	0.01806	0.00404	0.11191	0.00983	0.00849	0.01457
7	0.14320	0.02544	0.02558	0.02076	0.02792	0.07677	0.01676	0.23864	0.03545	0.18787	0.02980	0.07469	0.02291	0.01384	0.01010	0.00326	0.01066	0.01063	0.01006	0.01567
8	0.01472	0.01099	0.01403	0.01432	0.01678	0.00989	0.01054	0.01827	0.02458	0.03375	0.24031	0.28617	0.11811	0.02588	0.01264	0.00369	0.00609	0.06081	0.01017	0.06827
9	0.07330	0.01079	0.01355	0.01564	0.01715	0.01064	0.01146	0.01763	0.02090	0.02972	0.05404	0.46466	0.06299	0.03030	0.01313	0.00433	0.00706	0.12413	0.00952	0.00907
10	0.02734	0.01824	0.02956	0.28382	0.04855	0.01925	0.07154	0.03317	0.02502	0.18518	0.07007	0.04078	0.07452	0.01339	0.01109	0.00345	0.01157	0.01192	0.00812	0.01341
11	0.10820	0.02520	0.02497	0.02145	0.02605	0.11745	0.01706	0.14328	0.02745	0.08423	0.02213	0.02715	0.01796	0.02565	0.10560	0.07437	0.10295	0.00893	0.00724	0.01267
12	0.02443	0.03319	0.27507	0.02259	0.03213	0.01897	0.02472	0.06770	0.02580	0.11243	0.07626	0.11950	0.03256	0.01528	0.01065	0.00338	0.01113	0.01278	0.06732	0.01410
13	0.02714	0.11592	0.03428	0.15040	0.03916	0.02366	0.06282	0.03217	0.02277	0.12003	0.02173	0.02558	0.01660	0.01067	0.01183	0.00287	0.07093	0.00843	0.00655	0.19645
14	0.03053	0.26838	0.07783	0.02345	0.03039	0.11507	0.02131	0.12427	0.02689	0.03351	0.01704	0.02051	0.01445	0.01207	0.01405	0.00308	0.14001	0.00745	0.00580	0.01392
15	0.09155	0.03462	0.25313	0.07423	0.03841	0.02196	0.02612	0.07522	0.02546	0.13694	0.02329	0.02509	0.01633	0.01055	0.00962	0.00309	0.01218	0.00821	0.00702	0.10697
16	0.17587	0.12619	0.13066	0.02611	0.08418	0.07375	0.02233	0.13408	0.02812	0.07734	0.02010	0.02205	0.01514	0.01059	0.00894	0.00305	0.01209	0.00764	0.00689	0.01489
17	0.02526	0.01701	0.01822	0.01651	0.02070	0.06968	0.01258	0.03083	0.06309	0.16081	0.23145	0.14234	0.10788	0.02023	0.01178	0.00344	0.00777	0.01732	0.01086	0.01224
18	0.01997	0.01879	0.03171	0.60301	0.07282	0.02349	0.02936	0.02701	0.02114	0.02701	0.01879	0.02819	0.01409	0.01057	0.01057	0.00352	0.01409	0.00940	0.00470	0.01175
19	0.02176	0.02108	0.03712	0.43498	0.17315	0.02416	0.07947	0.02883	0.02213	0.02927	0.01928	0.02780	0.01484	0.01017	0.01074	0.00345	0.01415	0.00971	0.00487	0.01304
20	0.03010	0.11579	0.07549	0.03252	0.09056	0.02537	0.18938	0.06945	0.02740	0.14457	0.07072	0.03187	0.02501	0.01125	0.01079	0.00321	0.01288	0.01088	0.00764	0.01513
21	0.02318	0.01270	0.01696	0.01521	0.01910	0.01154	0.01197	0.02793	0.02952	0.17193	0.38558	0.07187	0.07815	0.02017	0.01220	0.00345	0.00640	0.05836	0.01183	0.01194
22	0.01539	0.01100	0.01591	0.01591	0.01737	0.01246	0.01186	0.01796	0.01650	0.02346	0.02836	0.04513	0.02770	0.16120	0.46381	0.06576	0.02411	0.01180	0.00570	0.00861
23	0.02087	0.01998	0.10904	0.02002	0.02566	0.01420	0.05402	0.02621	0.02479	0.10905	0.13365	0.20200	0.09409	0.02184	0.01234	0.00379	0.00913	0.07804	0.00938	0.01188
24	0.04744	0.01799	0.02454	0.01881	0.02699	0.01554	0.01554	0.05153	0.03026	0.56979	0.04171	0.03599	0.02617	0.01309	0.01063	0.00327	0.00900	0.01063	0.01309	0.01799
25	0.22777	0.01748	0.01984	0.01611	0.02299	0.01700	0.01319	0.04181	0.02562	0.34468	0.03306	0.03120	0.02217	0.01205	0.00900	0.00315	0.00817	0.00914	0.11061	0.01495
26	0.21127	0.02717	0.02501	0.02200	0.02599	0.15691	0.01765	0.03270	0.02132	0.08240	0.01874	0.02362	0.01557	0.01995	0.07412	0.00492	0.19428	0.00807	0.00623	0.01209
27	0.03021	0.02424	0.03221	0.15290	0.09027	0.02680	0.05888	0.24793	0.07665	0.04811	0.02550	0.02884	0.01896	0.01175	0.01040	0.00324	0.01177	0.00993	0.07607	0.01533
28	0.23855	0.02625	0.02851	0.02246	0.03032	0.02912	0.05435	0.30607	0.07471	0.05676	0.02317	0.02417	0.01692	0.01167	0.00951	0.00326	0.01080	0.00877	0.00899	0.01564
29	0.02192	0.01879	0.02192	0.01566	0.02506	0.01409	0.01253	0.02662	0.02192	0.03445	0.01879	0.02192	0.01566	0.00783	0.00783	0.00157	0.00783	0.00626	0.00626	0.69305
30	0.02521	0.03598	0.28605	0.08217	0.03958	0.02172	0.02759	0.06368	0.06341	0.10472	0.03231	0.03354	0.06800	0.01238	0.01034	0.00326	0.01236	0.01000	0.00705	0.06064
31	0.14634	0.02197	0.07474	0.01714	0.02447	0.01901	0.01531	0.11493	0.02719	0.11932	0.02668	0.02842	0.01966	0.01116	0.00857	0.00279	0.00869	0.00846	0.19087	0.11428
32	0.03950	0.05039	0.02996	0.02724	0.03269	0.58597	0.02043	0.04222	0.02996	0.02588	0.01634	0.01907	0.01362	0.01090	0.00953	0.00272	0.01907	0.00681	0.00545	0.01226
33	0.02094	0.01880	0.06251	0.23347	0.11983	0.01803	0.02260	0.02619	0.02214	0.07574	0.03443	0.23058	0.03454	0.01828	0.01152	0.00370	0.01081	0.01645	0.00724	0.01221
34	0.03034	0.12587	0.09500	0.11457	0.08546	0.02362	0.02239	0.03560	0.02408	0.19934	0.02859	0.07952	0.02286	0.01345	0.01175	0.00332	0.05104	0.01078	0.00778	0.01465
35	0.01965	0.01131	0.01508	0.01492	0.01753	0.01030	0.01087	0.02302	0.02551	0.12694	0.23669	0.32247	0.07317	0.02546	0.01263	0.00376	0.00622	0.02270	0.01105	0.01073
36	0.01288	0.00920	0.01227	0.01472	0.01534	0.00859	0.00981	0.01472	0.02024	0.02699	0.05828	0.62152	0.06993	0.03312	0.01350	0.00429	0.00613	0.03006	0.00981	0.00859
37	0.03205	0.24796	0.12955	0.07239	0.03553	0.06905	0.02270	0.12169	0.02840	0.11445	0.02174	0.02325	0.01622	0.01070	0.00907	0.00289	0.01251	0.00783	0.00691	0.01509
38	0.13440	0.08696	0.15633	0.09160	0.03931	0.11944	0.07374	0.03638	0.02417	0.11196	0.02107	0.02382	0.01538	0.01046	0.00952	0.00317	0.01375	0.00820	0.00634	0.01400
39	0.01439	0.01028	0.01400	0.01644	0.01772	0.00989	0.01243	0.01733	0.02173	0.02868	0.05744	0.43940	0.06664	0.03170	0.01390	0.00450	0.00744	0.19730	0.00979	0.00900
40	0.01327	0.01025	0.01211	0.01268	0.01502	0.00909	0.00911	0.01628	0.02439	0.03169	0.20934	0.26275	0.28115	0.02746	0.01281	0.00374	0.00551	0.02396	0.01029	0.00909
41	0.13890	0.07989	0.11062	0.06522	0.07967	0.02595	0.02239	0.10848	0.02678	0.15143	0.02325	0.02518	0.01685	0.01173	0.01179	0.00331	0.06735	0.00852	0.00761	0.01508
42	0.03550	0.01847	0.02289	0.01851	0.02501	0.01796	0.01493	0.12375	0.08155	0.29382	0.17759	0.04608	0.04515	0.01543	0.01113	0.00330	0.00831	0.01285	0.01206	0.01572
43	0.01997	0.01879	0.03171	0.60301	0.07282	0.02349	0.02936	0.02701	0.02114	0.02701	0.01879	0.02819	0.01409	0.01057	0.01057	0.00352	0.01409	0.00940	0.00470	0.01175
44	0.03200	0.02348	0.03197	0.14858	0.04027	0.07264	0.07147	0.03841	0.05895	0.20059	0.02667	0.02956	0.01925	0.01319	0.01591	0.00362	0.14124	0.01001	0.00788	0.01432
45	0.07922	0.26869	0.33465	0.02432	0.03675	0.03094	0.02898	0.03261	0.02166	0.03140	0.01703	0.01990	0.01330	0.00965	0.00854	0.00294	0.01341	0.00684	0.00466	0.01452
46	0.02279	0.01371	0.01788	0.01736	0.02112	0.01315	0.01422	0.06006	0.02794	0.12934	0.16561	0.13551	0.09059	0.02382	0.01294	0.00400	0.00809	0.19944	0.01081	0.01163
47	0.04744	0.01799	0.02454	0.01881	0.02699	0.01554	0.01554	0.05153	0.03026	0.56979	0.04171	0.03599	0.02617	0.01309	0.01063	0.00327	0.00900	0.01063	0.01309	0.01799
48	0.02674	0.02619	0.08541	0.15880	0.08150	0.02649	0.12416	0.07453	0.02438	0.08675	0.02107	0.02692	0.01609	0.01247	0.01673	0.00370	0.15791	0.00997	0.00617	0.01404
49	0.01739	0.01286	0.01527	0.01592	0.01854	0.01290	0.01197	0.06207	0.07304	0.03362	0.05985	0.32132	0.13401	0.02672	0.01261	0.00399	0.00714	0.09522	0.05513	0.01043
50	0.01714	0.01514	0.02681	0.02317	0.02713	0.01426	0.14917	0.02194	0.02399	0.03251	0.14461	0.28295	0.05988	0.02381	0.01319	0.00399	0.00959	0.09121	0.00896	0.01055
51	0.64610	0.02023	0.01632	0.01433	0.02102	0.02301	0.01181	0.03286	0.01906	0.09285	0.01707	0.01881	0.01273	0.01010	0.00690	0.00327	0.00825	0.00615	0.00711	0.01202
52	0.01874	0.01103	0.01341	0.01305	0.01439	0.01096	0.00855	0.02023	0.01812	0.07825	0.03582	0.10769	0.03741	0.38976	0.10725	0.00914	0.01149	0.01516	0.07109	0.00845
53	0.02713	0.07568	0.15713	0.07983	0.03627	0.05956	0.02238	0.07878	0.02577	0.08176	0.02098	0.02364	0.01581	0.00983	0.00916	0.00261	0.01176	0.00762	0.00650	0.24780
54	0.03649	0.03077	0.07768	0.02442	0.03313	0.03111	0.02125	0.41462	0.12035	0.06044	0.02744	0.02720	0.01970	0.01271	0.01056	0.00325	0.01150	0.00973	0.01007	0.01759
55	0.01685	0.01400	0.02031	0.01940	0.02072	0.01745	0.01532	0.02011	0.01708	0.02498	0.02743	0.08750	0.02717	0.06057	0.40311	0.01289	0.16699	0.01245	0.00577	0.00988
56	0.04438	0.02056	0.02734	0.02374	0.07451	0.01926	0.01777	0.12950	0.03298	0.43903	0.03708	0.03336	0.02398	0.01270	0.01061	0.00324	0.00975	0.01034	0.01198	0.01788
57	0.03297	0.08080	0.12319	0.02703	0.07422	0.02557	0.02331	0.07030	0.02538	0.21667	0.02559	0.02726	0.01849	0.01328	0.01631	0.00352	0.16351	0.00920	0.00793	0.01547
58	0.01559	0.01179	0.01598	0.01597	0.01685	0.01337	0.01148	0.01770	0.01700	0.02383	0.03387	0.15376	0.03681	0.23475	0.26225	0.01136	0.07675	0.01578	0.00655	0.00856
59	0.03201	0.07671	0.03571	0.13404	0.08983	0.07856	0.09545	0.03743	0.02593	0.19300	0.02887	0.03649	0.02228	0.01251	0.01078	0.00335	0.01283	0.05183	0.00788	0.01451
60	0.02555	0.01882	0.02131	0.01969	0.02452	0.02052	0.01522	0.08414	0.28807	0.09033	0.04602	0.18726	0.04170	0.01973	0.01167	0.00378	0.00825	0.04829	0.01066	0.01448

[dist]
# distance from previous block
# <min> <max>
10	80

[block]
# block no. 5 follows, 13 sequences, length 23
# corresponding to MSA columns:
# 1575-1597
name=unknown_F
#
# <colnr> <probs for GDERKNQSTAVLIFYWHMCP>
#	G	D	E	R	K	N	Q	S	T	A	V	L	I	F	Y	W	H	M	C	P
0	0.22932	0.12262	0.09006	0.01923	0.02733	0.02639	0.01784	0.06678	0.06962	0.03915	0.01923	0.02168	0.01534	0.01062	0.01004	0.00292	0.05557	0.00715	0.00645	0.14267
1	0.18211	0.07000	0.08809	0.02499	0.10523	0.02214	0.01900	0.03441	0.09145	0.08823	0.13486	0.03654	0.03503	0.01306	0.00970	0.00324	0.00936	0.01055	0.00816	0.01385
2	0.13768	0.02292	0.03086	0.02990	0.12499	0.02399	0.05912	0.10465	0.06888	0.16277	0.02619	0.02765	0.01912	0.01181	0.01204	0.00330	0.06244	0.00939	0.00841	0.05391
3	0.01368	0.01031	0.01266	0.01302	0.01525	0.00928	0.00940	0.01712	0.02550	0.03412	0.28857	0.24486	0.21483	0.02640	0.01278	0.00368	0.00542	0.02320	0.01061	0.00928
4	0.02934	0.07446	0.07374	0.18430	0.04728	0.02809	0.11292	0.16815	0.03014	0.07884	0.02213	0.02648	0.01629	0.01137	0.01205	0.00337	0.04964	0.00966	0.00701	0.01474
5	0.21763	0.01818	0.02074	0.01645	0.02391	0.01702	0.01342	0.03884	0.02543	0.28770	0.07498	0.03212	0.02670	0.01201	0.00919	0.00297	0.00822	0.00926	0.00998	0.13526
6	0.01837	0.00918	0.01377	0.01377	0.01377	0.00918	0.00918	0.01377	0.01377	0.01837	0.01837	0.03214	0.01837	0.03673	0.04132	0.69238	0.00918	0.00918	0.00459	0.00459
7	0.02827	0.63478	0.05540	0.01809	0.02714	0.04184	0.01809	0.03166	0.02148	0.02488	0.01470	0.01696	0.01357	0.00905	0.00678	0.00226	0.01131	0.00565	0.00452	0.01357
8	0.01923	0.01678	0.02664	0.21769	0.16316	0.01795	0.02159	0.02520	0.02569	0.03553	0.25498	0.04998	0.05228	0.01514	0.01138	0.00335	0.00974	0.01367	0.00787	0.01215
9	0.02438	0.03120	0.20460	0.02558	0.03388	0.02261	0.06725	0.07349	0.10210	0.07671	0.03214	0.14240	0.02873	0.01626	0.01336	0.00368	0.06604	0.01361	0.00767	0.01432
10	0.01657	0.01335	0.01926	0.01843	0.01980	0.01638	0.01437	0.01974	0.01670	0.02434	0.02619	0.04075	0.02527	0.11833	0.43913	0.01416	0.13081	0.01132	0.00555	0.00955
11	0.01663	0.01068	0.01493	0.01584	0.01754	0.01075	0.01146	0.01932	0.02001	0.07320	0.04672	0.37489	0.05145	0.04698	0.20679	0.00849	0.01388	0.02205	0.00870	0.00969
12	0.02403	0.01333	0.01774	0.01740	0.02150	0.01235	0.01463	0.02836	0.02632	0.17155	0.10358	0.09146	0.13302	0.02399	0.01306	0.00412	0.00845	0.25256	0.01078	0.01177
13	0.09631	0.01913	0.02516	0.08562	0.03213	0.01836	0.01713	0.08177	0.02965	0.42919	0.03574	0.03282	0.02301	0.01251	0.01029	0.00329	0.00971	0.01002	0.01142	0.01675
14	0.02852	0.02114	0.03772	0.21868	0.09180	0.02157	0.15548	0.03507	0.02495	0.16747	0.02830	0.03725	0.02156	0.01215	0.01140	0.00355	0.01332	0.04841	0.00744	0.01424
15	0.04396	0.01733	0.02368	0.01889	0.02641	0.01515	0.01571	0.04814	0.02958	0.50825	0.04334	0.04551	0.03014	0.01493	0.01109	0.00345	0.00908	0.06559	0.01270	0.01705
16	0.02103	0.02288	0.08029	0.47013	0.14634	0.02384	0.03068	0.02842	0.02170	0.02874	0.01898	0.02737	0.01444	0.01035	0.01051	0.00345	0.01399	0.00926	0.00476	0.01286
17	0.13559	0.02182	0.03108	0.13555	0.03980	0.02258	0.09057	0.11539	0.02895	0.23235	0.02782	0.02896	0.01893	0.01146	0.01026	0.00335	0.01153	0.00975	0.00900	0.01528
18	0.14439	0.02782	0.14468	0.07142	0.13755	0.02287	0.05487	0.03095	0.02180	0.07326	0.02606	0.03037	0.05109	0.01622	0.04805	0.00429	0.06480	0.00964	0.00612	0.01375
19	0.02815	0.10092	0.23614	0.02197	0.03177	0.02062	0.02357	0.03490	0.02445	0.19182	0.03664	0.11129	0.06248	0.01508	0.01048	0.00334	0.01117	0.01238	0.00814	0.01470
20	0.08285	0.08944	0.07130	0.01616	0.02204	0.01938	0.01457	0.08800	0.02587	0.07165	0.07106	0.03883	0.06378	0.01856	0.05433	0.00401	0.00984	0.01049	0.21550	0.01233
21	0.13524	0.06341	0.11625	0.09088	0.03365	0.02278	0.02038	0.03623	0.12711	0.08443	0.02599	0.02874	0.01983	0.01890	0.07527	0.00475	0.01272	0.00891	0.00717	0.06734
22	0.02541	0.02408	0.07183	0.01957	0.02571	0.05645	0.01644	0.17057	0.05986	0.04151	0.07603	0.13239	0.06784	0.07003	0.01463	0.00383	0.00997	0.01425	0.00876	0.09084

[dist]
# distance from previous block
# <min> <max>
2	11

[block]
# block no. 6 follows, 13 sequences, length 42
# corresponding to MSA columns:
# 1609-1641,1668-1676
name=unknown_G
#
# <colnr> <probs for GDERKNQSTAVLIFYWHMCP>
#	G	D	E	R	K	N	Q	S	T	A	V	L	I	F	Y	W	H	M	C	P
0	0.11380	0.02648	0.02664	0.02557	0.08981	0.12354	0.01801	0.13099	0.03013	0.15449	0.02779	0.07999	0.02259	0.01318	0.00994	0.00308	0.01129	0.01041	0.00864	0.07361
1	0.03925	0.02704	0.13965	0.02188	0.03141	0.01987	0.02093	0.08555	0.08222	0.36502	0.03582	0.03265	0.02348	0.01255	0.01052	0.00331	0.01052	0.01009	0.01085	0.01737
2	0.01454	0.01116	0.01358	0.01313	0.01613	0.00980	0.00968	0.01831	0.02587	0.03522	0.29969	0.18609	0.20170	0.02397	0.01228	0.00342	0.00555	0.02095	0.01036	0.06857
3	0.03390	0.01907	0.02605	0.02086	0.02761	0.01800	0.05882	0.12905	0.03044	0.25735	0.03901	0.17151	0.03333	0.01700	0.01124	0.00339	0.00949	0.01486	0.01063	0.06839
4	0.02794	0.02716	0.11139	0.16710	0.04909	0.02312	0.17373	0.07069	0.02615	0.12581	0.02397	0.02808	0.01706	0.01035	0.01084	0.00327	0.01382	0.01005	0.00685	0.07351
5	0.01609	0.01225	0.01725	0.01705	0.01917	0.01417	0.01310	0.02189	0.06246	0.02600	0.02990	0.04307	0.02768	0.10768	0.50369	0.01541	0.02547	0.01163	0.00615	0.00988
6	0.01749	0.01301	0.01462	0.01453	0.01607	0.01374	0.00953	0.02495	0.14191	0.02741	0.04051	0.17010	0.04313	0.36598	0.03569	0.00750	0.00900	0.01743	0.00811	0.00929
7	0.02993	0.02552	0.06857	0.07085	0.03242	0.08469	0.01868	0.03484	0.02429	0.15924	0.02352	0.02562	0.01745	0.01083	0.01157	0.00270	0.06570	0.00803	0.00736	0.27820
8	0.01297	0.00942	0.01225	0.01432	0.01528	0.00870	0.00968	0.01506	0.02112	0.02802	0.09128	0.54842	0.11058	0.03195	0.01336	0.00418	0.00601	0.02880	0.00992	0.00870
9	0.10333	0.18642	0.19917	0.02307	0.03403	0.02654	0.06868	0.03114	0.02175	0.03321	0.01757	0.02084	0.01399	0.00913	0.00851	0.00266	0.01201	0.00708	0.00523	0.17562
10	0.19117	0.02386	0.02824	0.11271	0.07720	0.02710	0.02033	0.20791	0.03111	0.09332	0.02179	0.02465	0.01609	0.01200	0.01183	0.00339	0.06581	0.00867	0.00798	0.01481
11	0.01500	0.01062	0.01324	0.01276	0.01527	0.00977	0.00950	0.01954	0.02801	0.03966	0.42908	0.10769	0.14513	0.02200	0.01206	0.00333	0.00509	0.01924	0.07325	0.00977
12	0.01311	0.00992	0.01211	0.01329	0.01510	0.00892	0.00931	0.01572	0.02299	0.03000	0.15515	0.37666	0.22077	0.02933	0.01303	0.00392	0.00571	0.02594	0.01012	0.00892
13	0.03036	0.08692	0.18541	0.03055	0.12910	0.02392	0.02555	0.07436	0.06426	0.16420	0.05987	0.03076	0.02413	0.01179	0.01020	0.00320	0.01162	0.00970	0.00801	0.01610
14	0.70310	0.02045	0.01554	0.01390	0.02045	0.02372	0.01145	0.03108	0.01799	0.04744	0.01472	0.01718	0.01145	0.00981	0.00654	0.00327	0.00818	0.00573	0.00654	0.01145
15	0.01447	0.01046	0.01302	0.01352	0.01522	0.00981	0.00965	0.01741	0.02341	0.03150	0.22695	0.20327	0.13787	0.15227	0.02155	0.00517	0.00687	0.06911	0.00971	0.00876
16	0.23266	0.02553	0.02924	0.13085	0.09913	0.08194	0.04972	0.11530	0.02710	0.08408	0.02052	0.02391	0.01528	0.01070	0.00937	0.00325	0.01206	0.00834	0.00706	0.01397
17	0.02791	0.08289	0.26188	0.02634	0.03687	0.02366	0.07245	0.03722	0.05654	0.15308	0.02762	0.06377	0.02124	0.01274	0.01184	0.00341	0.04761	0.01043	0.00722	0.01527
18	0.01314	0.00931	0.01219	0.01440	0.01495	0.00876	0.00947	0.01479	0.01975	0.02633	0.05574	0.56545	0.06673	0.09356	0.01759	0.00490	0.00655	0.02857	0.00947	0.00837
19	0.01377	0.00977	0.01289	0.01485	0.01575	0.00928	0.01033	0.01601	0.02094	0.02800	0.09198	0.46693	0.06785	0.09226	0.01764	0.00489	0.00689	0.08176	0.00959	0.00860
20	0.13126	0.06812	0.07033	0.29526	0.09820	0.02534	0.02512	0.07034	0.02387	0.06819	0.01992	0.02530	0.01490	0.01052	0.00962	0.00330	0.01242	0.00852	0.00600	0.01346
21	0.02388	0.09185	0.03446	0.38988	0.11015	0.02556	0.02633	0.03232	0.06993	0.06322	0.02209	0.02819	0.01673	0.01078	0.01014	0.00333	0.01277	0.00927	0.00581	0.01332
22	0.01845	0.01339	0.01643	0.01558	0.01845	0.01329	0.01159	0.10195	0.03004	0.04139	0.30696	0.24665	0.07656	0.02389	0.01249	0.00362	0.00646	0.02109	0.01087	0.01085
23	0.01522	0.01050	0.01312	0.01432	0.01509	0.01035	0.00994	0.01690	0.01882	0.02489	0.04501	0.21211	0.05161	0.33443	0.03426	0.00747	0.00915	0.14100	0.00806	0.00777
24	0.40791	0.02645	0.08586	0.15699	0.03684	0.06857	0.01966	0.03128	0.02020	0.03923	0.01632	0.02055	0.01248	0.01011	0.00815	0.00330	0.01133	0.00693	0.00577	0.01207
25	0.01444	0.01060	0.01365	0.01411	0.01629	0.00981	0.01061	0.01839	0.02621	0.03567	0.31893	0.21404	0.14492	0.02594	0.01299	0.00378	0.00592	0.08348	0.01074	0.00949
26	0.02619	0.06918	0.15850	0.14398	0.14503	0.02780	0.06807	0.11934	0.02698	0.03723	0.01978	0.02493	0.01524	0.01102	0.01227	0.00336	0.06124	0.00907	0.00583	0.01497
27	0.01275	0.00973	0.01172	0.01331	0.01496	0.00871	0.00919	0.01488	0.02160	0.02754	0.07549	0.43828	0.24205	0.03089	0.01314	0.00404	0.00586	0.02733	0.00982	0.00871
28	0.02782	0.02938	0.16885	0.10667	0.04207	0.02217	0.10711	0.03948	0.11073	0.15197	0.06208	0.03352	0.02526	0.01203	0.01092	0.00343	0.01247	0.01081	0.00801	0.01521
29	0.01728	0.02574	0.19389	0.02336	0.07517	0.01560	0.02103	0.02381	0.02439	0.03419	0.18586	0.16557	0.11248	0.01969	0.01172	0.00354	0.00933	0.01716	0.00820	0.01200
30	0.06886	0.08389	0.06424	0.11971	0.07336	0.02257	0.05134	0.08666	0.02795	0.10122	0.15342	0.03889	0.03695	0.01339	0.01048	0.00323	0.01055	0.01142	0.00821	0.01367
31	0.02848	0.06979	0.13327	0.02012	0.02934	0.01970	0.01924	0.08308	0.02638	0.15032	0.02872	0.09519	0.02390	0.01293	0.00973	0.00281	0.01005	0.01057	0.00810	0.21828
32	0.02578	0.01278	0.01735	0.01690	0.02048	0.01160	0.01295	0.02888	0.02443	0.22035	0.05205	0.33690	0.05301	0.02541	0.01265	0.00402	0.00770	0.09370	0.01096	0.01210
