[name]
unknown

[dist]
# distance from previous block
# <min> <max>
0	624

[block]
# block no. 0 follows, 13 sequences, length 23
# corresponding to MSA columns:
# 940-962
name=unknown_A
#
# <colnr> <probs for GDERKNQSTAVLIFYWHMCP>
#	G	D	E	R	K	N	Q	S	T	A	V	L	I	F	Y	W	H	M	C	P
0	0.01567	0.01119	0.01547	0.01791	0.01974	0.01099	0.01466	0.01954	0.02299	0.03011	0.05674	0.28482	0.06384	0.03050	0.01424	0.00468	0.00855	0.33927	0.00976	0.00936
1	0.01473	0.01080	0.01381	0.01306	0.01565	0.00988	0.00980	0.01951	0.02939	0.04111	0.51507	0.08110	0.14239	0.02210	0.01247	0.00335	0.00502	0.01942	0.01147	0.00988
2	0.01496	0.01081	0.01413	0.01330	0.01580	0.00998	0.00998	0.01995	0.02993	0.04240	0.55689	0.07898	0.09976	0.02162	0.01247	0.00333	0.00499	0.01912	0.01164	0.00998
3	0.01337	0.00973	0.01260	0.01402	0.01536	0.00896	0.00970	0.01607	0.02300	0.03097	0.18693	0.44061	0.12019	0.02970	0.01315	0.00399	0.00578	0.02665	0.01027	0.00896
4	0.70310	0.02045	0.01554	0.01390	0.02045	0.02372	0.01145	0.03108	0.01799	0.04744	0.01472	0.01718	0.01145	0.00981	0.00654	0.00327	0.00818	0.00573	0.00654	0.01145
5	0.70310	0.02045	0.01554	0.01390	0.02045	0.02372	0.01145	0.03108	0.01799	0.04744	0.01472	0.01718	0.01145	0.00981	0.00654	0.00327	0.00818	0.00573	0.00654	0.01145
6	0.01716	0.01175	0.01442	0.01450	0.01787	0.01064	0.01170	0.02109	0.02591	0.07582	0.18296	0.09677	0.27099	0.02529	0.01296	0.00388	0.00686	0.15887	0.01045	0.01012
7	0.02630	0.02271	0.02391	0.02152	0.02749	0.02630	0.01674	0.05618	0.54336	0.04423	0.04303	0.03945	0.03228	0.01434	0.01076	0.00359	0.00837	0.01195	0.01076	0.01674
8	0.01997	0.01879	0.03171	0.60301	0.07282	0.02349	0.02936	0.02701	0.02114	0.02701	0.01879	0.02819	0.01409	0.01057	0.01057	0.00352	0.01409	0.00940	0.00470	0.01175
9	0.01288	0.00920	0.01227	0.01472	0.01534	0.00859	0.00981	0.01472	0.02024	0.02699	0.05828	0.62152	0.06993	0.03312	0.01350	0.00429	0.00613	0.03006	0.00981	0.00859
10	0.02630	0.02271	0.02391	0.02152	0.02749	0.02630	0.01674	0.05618	0.54336	0.04423	0.04303	0.03945	0.03228	0.01434	0.01076	0.00359	0.00837	0.01195	0.01076	0.01674
11	0.01997	0.01879	0.03171	0.60301	0.07282	0.02349	0.02936	0.02701	0.02114	0.02701	0.01879	0.02819	0.01409	0.01057	0.01057	0.00352	0.01409	0.00940	0.00470	0.01175
12	0.04019	0.02962	0.03173	0.02433	0.03279	0.03279	0.02010	0.52721	0.04971	0.06663	0.02538	0.02538	0.01798	0.01269	0.01058	0.00317	0.01163	0.00952	0.01058	0.01798
13	0.70310	0.02045	0.01554	0.01390	0.02045	0.02372	0.01145	0.03108	0.01799	0.04744	0.01472	0.01718	0.01145	0.00981	0.00654	0.00327	0.00818	0.00573	0.00654	0.01145
14	0.01288	0.00920	0.01227	0.01472	0.01534	0.00859	0.00981	0.01472	0.02024	0.02699	0.05828	0.62152	0.06993	0.03312	0.01350	0.00429	0.00613	0.03006	0.00981	0.00859
15	0.04019	0.02962	0.03173	0.02433	0.03279	0.03279	0.02010	0.52721	0.04971	0.06663	0.02538	0.02538	0.01798	0.01269	0.01058	0.00317	0.01163	0.00952	0.01058	0.01798
16	0.01704	0.01217	0.01704	0.01947	0.02191	0.01217	0.01704	0.02191	0.02434	0.03164	0.05598	0.11926	0.06085	0.02921	0.01460	0.00487	0.00974	0.49130	0.00974	0.00974
17	0.02630	0.02271	0.02391	0.02152	0.02749	0.02630	0.01674	0.05618	0.54336	0.04423	0.04303	0.03945	0.03228	0.01434	0.01076	0.00359	0.00837	0.01195	0.01076	0.01674
18	0.02801	0.36567	0.20753	0.02269	0.03362	0.03522	0.02471	0.10974	0.02615	0.03400	0.01766	0.01989	0.01421	0.00992	0.00836	0.00273	0.01266	0.00691	0.00545	0.01488
19	0.01837	0.00918	0.01377	0.01377	0.01377	0.00918	0.00918	0.01377	0.01377	0.01837	0.01837	0.03214	0.01837	0.03673	0.04132	0.69238	0.00918	0.00918	0.00459	0.00459
20	0.02617	0.02512	0.04292	0.06490	0.56246	0.02512	0.03245	0.03245	0.02407	0.03454	0.01989	0.02617	0.01675	0.00942	0.01047	0.00314	0.01256	0.00942	0.00523	0.01675
21	0.01497	0.01008	0.01165	0.01205	0.01215	0.00998	0.00696	0.01527	0.01616	0.02155	0.03736	0.15865	0.04354	0.53200	0.04728	0.00929	0.00958	0.01775	0.00696	0.00676
22	0.02600	0.02890	0.14655	0.02457	0.03299	0.02381	0.06548	0.04614	0.30187	0.08536	0.07468	0.03745	0.03132	0.01337	0.01087	0.00349	0.01058	0.01153	0.00917	0.01587

[dist]
# distance from previous block
# <min> <max>
0	1

[block]
# block no. 1 follows, 13 sequences, length 96
# corresponding to MSA columns:
# 964-1059
name=unknown_B
#
# <colnr> <probs for GDERKNQSTAVLIFYWHMCP>
#	G	D	E	R	K	N	Q	S	T	A	V	L	I	F	Y	W	H	M	C	P
0	0.02121	0.05469	0.57364	0.03014	0.04576	0.02455	0.03906	0.03348	0.02232	0.03348	0.01897	0.02232	0.01339	0.01005	0.01005	0.00335	0.01563	0.00781	0.00446	0.01563
1	0.02586	0.02154	0.03451	0.25061	0.21312	0.02478	0.02746	0.03139	0.02221	0.09464	0.02095	0.02751	0.01635	0.01206	0.01524	0.00359	0.12876	0.00953	0.00587	0.01404
2	0.02513	0.01807	0.02306	0.08743	0.03083	0.01527	0.01543	0.03003	0.02332	0.11481	0.02565	0.03365	0.02117	0.01090	0.00920	0.00236	0.00894	0.05128	0.00743	0.44603
3	0.02192	0.01879	0.02192	0.01566	0.02506	0.01409	0.01253	0.02662	0.02192	0.03445	0.01879	0.02192	0.01566	0.00783	0.00783	0.00157	0.00783	0.00626	0.00626	0.69305
4	0.02364	0.01862	0.02613	0.07437	0.03052	0.01950	0.07674	0.17168	0.02996	0.04019	0.07202	0.24373	0.04163	0.02149	0.01391	0.04693	0.01003	0.01786	0.00884	0.01221
5	0.02891	0.02401	0.02538	0.02204	0.02849	0.02752	0.01737	0.14466	0.45063	0.04844	0.03972	0.03681	0.02959	0.01403	0.01072	0.00351	0.00898	0.01150	0.01072	0.01697
6	0.02776	0.15619	0.12033	0.02869	0.03853	0.02565	0.19520	0.03442	0.02419	0.11925	0.02534	0.06696	0.02051	0.01138	0.01038	0.00312	0.01320	0.01087	0.00669	0.06133
7	0.02956	0.03862	0.33007	0.02503	0.03689	0.02127	0.02848	0.07134	0.02714	0.19163	0.07182	0.03131	0.02476	0.01209	0.01046	0.00331	0.01253	0.00971	0.00799	0.01599
8	0.02533	0.39375	0.27073	0.02310	0.03488	0.03466	0.02681	0.03242	0.02183	0.02845	0.01648	0.01919	0.01350	0.00946	0.00814	0.00271	0.01310	0.00655	0.00450	0.01442
9	0.01837	0.00918	0.01377	0.01377	0.01377	0.00918	0.00918	0.01377	0.01377	0.01837	0.01837	0.03214	0.01837	0.03673	0.04132	0.69238	0.00918	0.00918	0.00459	0.00459
10	0.02713	0.13969	0.29022	0.12371	0.04370	0.02560	0.02944	0.03547	0.02347	0.13188	0.02250	0.02499	0.01595	0.01054	0.00969	0.00318	0.01339	0.00825	0.00614	0.01506
11	0.03749	0.02065	0.06830	0.09925	0.06709	0.01730	0.01976	0.04255	0.02720	0.37656	0.03697	0.08330	0.02673	0.01400	0.01081	0.00339	0.01016	0.01183	0.01054	0.01610
12	0.02178	0.05070	0.49568	0.03234	0.04721	0.02489	0.11302	0.03354	0.02272	0.03354	0.01934	0.02327	0.01380	0.00987	0.01042	0.00338	0.01596	0.00852	0.00460	0.01542
13	0.01538	0.01025	0.01153	0.01153	0.01153	0.01025	0.00641	0.01538	0.01538	0.02050	0.03331	0.06919	0.03844	0.62842	0.05382	0.01025	0.01025	0.01538	0.00641	0.00641
14	0.12991	0.17557	0.16580	0.02090	0.03073	0.02598	0.02143	0.03968	0.05954	0.19546	0.02582	0.02557	0.01829	0.01098	0.00898	0.00307	0.01102	0.00812	0.00780	0.01532
15	0.02412	0.02283	0.03865	0.13957	0.44388	0.02347	0.03006	0.03014	0.02332	0.03279	0.02301	0.07732	0.02090	0.01161	0.01074	0.00330	0.01224	0.01118	0.00555	0.01532
16	0.01510	0.01133	0.01699	0.01699	0.01888	0.01322	0.01322	0.01888	0.01699	0.02454	0.02832	0.04154	0.02643	0.07930	0.58652	0.01699	0.02832	0.01133	0.00566	0.00944
17	0.02405	0.02307	0.04025	0.16603	0.37308	0.02384	0.07509	0.03060	0.02359	0.03274	0.02289	0.03474	0.01992	0.01129	0.01102	0.00340	0.01310	0.05086	0.00552	0.01493
18	0.03712	0.02371	0.07814	0.07626	0.03982	0.01987	0.15257	0.04337	0.02746	0.34030	0.03262	0.03228	0.02147	0.01153	0.01107	0.00338	0.01228	0.01079	0.00966	0.01629
19	0.03815	0.02860	0.03058	0.02391	0.03201	0.03184	0.01960	0.45809	0.12215	0.06335	0.02797	0.02745	0.02008	0.01293	0.01060	0.00323	0.01116	0.00988	0.01060	0.01780
20	0.02192	0.01879	0.02192	0.01566	0.02506	0.01409	0.01253	0.02662	0.02192	0.03445	0.01879	0.02192	0.01566	0.00783	0.00783	0.00157	0.00783	0.00626	0.00626	0.69305
21	0.02121	0.05469	0.57364	0.03014	0.04576	0.02455	0.03906	0.03348	0.02232	0.03348	0.01897	0.02232	0.01339	0.01005	0.01005	0.00335	0.01563	0.00781	0.00446	0.01563
22	0.01520	0.01094	0.01503	0.01503	0.01624	0.01215	0.01077	0.01762	0.01641	0.02309	0.03012	0.05148	0.03075	0.27678	0.39494	0.01457	0.02182	0.01278	0.00593	0.00835
23	0.02169	0.02101	0.03736	0.16259	0.23109	0.02141	0.12425	0.02795	0.02383	0.03249	0.07471	0.08309	0.06459	0.01364	0.01144	0.00344	0.01229	0.01334	0.00636	0.01344
24	0.02235	0.02072	0.03461	0.14212	0.36687	0.02136	0.02716	0.02781	0.02279	0.03172	0.02783	0.15238	0.02756	0.01462	0.01112	0.00345	0.01145	0.01378	0.00611	0.01421
25	0.02503	0.01819	0.02060	0.01825	0.02324	0.01934	0.01417	0.09943	0.22601	0.09168	0.17517	0.10126	0.08605	0.01830	0.01151	0.00350	0.00759	0.01558	0.01102	0.01408
26	0.03447	0.04202	0.03071	0.02740	0.03117	0.41586	0.02126	0.03707	0.02573	0.02574	0.01559	0.02032	0.01370	0.01323	0.01727	0.00331	0.20037	0.00756	0.00520	0.01204
27	0.02537	0.02130	0.03022	0.13873	0.03869	0.02292	0.09264	0.17583	0.07194	0.04255	0.07993	0.11214	0.06886	0.01614	0.01153	0.00351	0.01108	0.01440	0.00860	0.01361
28	0.40211	0.02063	0.02233	0.09137	0.07406	0.02408	0.01688	0.06279	0.02057	0.04091	0.01659	0.02155	0.01343	0.01297	0.01292	0.05740	0.06406	0.00733	0.00616	0.01186
29	0.01704	0.01217	0.01704	0.01947	0.02191	0.01217	0.01704	0.02191	0.02434	0.03164	0.05598	0.11926	0.06085	0.02921	0.01460	0.00487	0.00974	0.49130	0.00974	0.00974
30	0.09026	0.02380	0.02462	0.02135	0.02785	0.02728	0.01689	0.14239	0.40300	0.04873	0.03715	0.03479	0.02770	0.01362	0.01034	0.00348	0.00896	0.01093	0.01034	0.01649
31	0.01416	0.01016	0.01350	0.01450	0.01610	0.00951	0.01050	0.01764	0.02487	0.03419	0.27807	0.33924	0.08232	0.02771	0.01314	0.00392	0.00594	0.06463	0.01061	0.00930
32	0.02431	0.21506	0.39599	0.02662	0.03978	0.06459	0.03209	0.03353	0.02257	0.03062	0.01763	0.02063	0.01346	0.00982	0.00911	0.00301	0.01465	0.00715	0.00454	0.01484
33	0.02240	0.15273	0.48605	0.02810	0.04261	0.02748	0.03552	0.03318	0.02218	0.03203	0.01825	0.02142	0.01342	0.00988	0.00949	0.00316	0.01490	0.00745	0.00447	0.01528
34	0.01530	0.01055	0.01306	0.01306	0.01359	0.01108	0.00831	0.01636	0.01583	0.02163	0.03192	0.06145	0.03508	0.47479	0.20285	0.01214	0.01531	0.01424	0.00620	0.00726
35	0.02617	0.02512	0.04292	0.06490	0.56246	0.02512	0.03245	0.03245	0.02407	0.03454	0.01989	0.02617	0.01675	0.00942	0.01047	0.00314	0.01256	0.00942	0.00523	0.01675
36	0.01668	0.01205	0.01532	0.01798	0.07807	0.01205	0.00955	0.01744	0.01643	0.02220	0.03169	0.06399	0.03582	0.55366	0.04858	0.00939	0.01053	0.01466	0.00626	0.00766
37	0.01250	0.01071	0.01071	0.01071	0.01428	0.00893	0.00803	0.01517	0.02410	0.02856	0.10711	0.10175	0.55817	0.02678	0.01250	0.00357	0.00536	0.02231	0.00982	0.00893
38	0.01555	0.01088	0.01564	0.01564	0.01697	0.01221	0.01153	0.01765	0.01632	0.02309	0.02800	0.04527	0.02757	0.17084	0.42687	0.09738	0.02283	0.01178	0.00567	0.00832
39	0.01793	0.00934	0.01345	0.01345	0.01345	0.00934	0.00878	0.01401	0.01401	0.01868	0.02056	0.03758	0.02131	0.12356	0.04316	0.59228	0.00934	0.01009	0.00486	0.00486
40	0.01723	0.01173	0.01656	0.01864	0.02071	0.01173	0.01589	0.02071	0.02279	0.02969	0.05046	0.10648	0.05462	0.03031	0.01852	0.10575	0.00965	0.42055	0.00898	0.00898
41	0.02121	0.05469	0.57364	0.03014	0.04576	0.02455	0.03906	0.03348	0.02232	0.03348	0.01897	0.02232	0.01339	0.01005	0.01005	0.00335	0.01563	0.00781	0.00446	0.01563
42	0.01586	0.01075	0.01580	0.01580	0.01710	0.01206	0.01173	0.01743	0.01613	0.02281	0.02651	0.04178	0.02564	0.11650	0.41842	0.16844	0.02247	0.01119	0.00549	0.00809
43	0.43373	0.01839	0.01770	0.01540	0.02169	0.01957	0.01241	0.03491	0.02175	0.19316	0.02764	0.09551	0.02269	0.01356	0.00854	0.00340	0.00816	0.01006	0.00879	0.01296
44	0.02313	0.02313	0.03238	0.02776	0.02776	0.03238	0.02313	0.02545	0.01619	0.02545	0.01388	0.02313	0.01388	0.01851	0.03470	0.00463	0.60907	0.00925	0.00463	0.01157
45	0.01997	0.01879	0.03171	0.60301	0.07282	0.02349	0.02936	0.02701	0.02114	0.02701	0.01879	0.02819	0.01409	0.01057	0.01057	0.00352	0.01409	0.00940	0.00470	0.01175
46	0.02045	0.01556	0.02237	0.02202	0.02583	0.01580	0.05713	0.08387	0.02745	0.03604	0.04958	0.10082	0.05216	0.02562	0.01395	0.00456	0.01060	0.39559	0.00949	0.01109
47	0.01770	0.00918	0.01359	0.01389	0.01396	0.00911	0.00926	0.01389	0.01456	0.01941	0.02319	0.10333	0.02459	0.03630	0.03796	0.60927	0.00881	0.01170	0.00522	0.00507
48	0.70310	0.02045	0.01554	0.01390	0.02045	0.02372	0.01145	0.03108	0.01799	0.04744	0.01472	0.01718	0.01145	0.00981	0.00654	0.00327	0.00818	0.00573	0.00654	0.01145
49	0.01997	0.01879	0.03171	0.60301	0.07282	0.02349	0.02936	0.02701	0.02114	0.02701	0.01879	0.02819	0.01409	0.01057	0.01057	0.00352	0.01409	0.00940	0.00470	0.01175
50	0.16590	0.01461	0.01700	0.01513	0.01966	0.01424	0.01164	0.03035	0.02509	0.19365	0.18237	0.13626	0.05130	0.05998	0.01370	0.00392	0.00735	0.01530	0.01037	0.01216
51	0.01326	0.00947	0.01270	0.01515	0.01593	0.00891	0.01047	0.01537	0.02061	0.02741	0.05807	0.57599	0.06911	0.03277	0.01360	0.00435	0.00646	0.07187	0.00981	0.00869
52	0.70310	0.02045	0.01554	0.01390	0.02045	0.02372	0.01145	0.03108	0.01799	0.04744	0.01472	0.01718	0.01145	0.00981	0.00654	0.00327	0.00818	0.00573	0.00654	0.01145
53	0.06998	0.01118	0.01345	0.01427	0.01659	0.01051	0.01016	0.01956	0.02219	0.07612	0.09469	0.40486	0.14162	0.02781	0.01248	0.00395	0.00634	0.02453	0.00996	0.00976
54	0.08443	0.01342	0.01754	0.01587	0.01975	0.01359	0.01248	0.02742	0.02429	0.15071	0.20684	0.05065	0.04955	0.03936	0.21711	0.00820	0.01450	0.01328	0.00935	0.01165
55	0.01532	0.01033	0.01191	0.01179	0.01216	0.01021	0.00693	0.01605	0.01751	0.02371	0.11014	0.07063	0.04744	0.53938	0.04775	0.00923	0.00948	0.01593	0.00717	0.00693
56	0.03787	0.01578	0.02137	0.01734	0.02371	0.01381	0.01392	0.04195	0.02934	0.41593	0.14813	0.09477	0.04491	0.01654	0.01125	0.00337	0.00794	0.01402	0.01251	0.01556
57	0.06087	0.01117	0.01422	0.01511	0.01722	0.01055	0.01068	0.02095	0.02207	0.10087	0.08680	0.47002	0.06249	0.02825	0.01261	0.00403	0.00656	0.02524	0.01016	0.01010
58	0.02192	0.01879	0.02192	0.01566	0.02506	0.01409	0.01253	0.02662	0.02192	0.03445	0.01879	0.02192	0.01566	0.00783	0.00783	0.00157	0.00783	0.00626	0.00626	0.69305
59	0.09107	0.01505	0.01937	0.01693	0.02226	0.01375	0.01314	0.03660	0.02563	0.33078	0.04534	0.24407	0.04059	0.01998	0.01131	0.00364	0.00790	0.01717	0.01136	0.01407
60	0.04047	0.01744	0.02297	0.01842	0.02533	0.01580	0.01486	0.08560	0.03069	0.42588	0.07687	0.10869	0.03569	0.01604	0.01110	0.00339	0.00861	0.01345	0.01238	0.01632
61	0.01508	0.01122	0.01640	0.01623	0.01825	0.01255	0.01255	0.01910	0.01966	0.02822	0.13719	0.04925	0.04154	0.06742	0.46828	0.01418	0.02351	0.01293	0.00689	0.00955
62	0.01538	0.01025	0.01153	0.01153	0.01153	0.01025	0.00641	0.01538	0.01538	0.02050	0.03331	0.06919	0.03844	0.62842	0.05382	0.01025	0.01025	0.01538	0.00641	0.00641
63	0.03830	0.01643	0.02192	0.01798	0.02407	0.01493	0.01424	0.07439	0.02813	0.38797	0.04022	0.12157	0.03115	0.01888	0.01476	0.08665	0.00878	0.01326	0.01140	0.01498
64	0.03991	0.02079	0.02684	0.09075	0.03354	0.02103	0.01829	0.17579	0.03354	0.32959	0.03357	0.03254	0.02250	0.01725	0.05041	0.00422	0.01167	0.01023	0.01088	0.01664
65	0.02314	0.01929	0.03181	0.33532	0.19561	0.02146	0.02667	0.02910	0.02261	0.07531	0.02581	0.09997	0.02259	0.01320	0.01090	0.00349	0.01228	0.01200	0.00618	0.01326
66	0.65636	0.02033	0.01665	0.05422	0.02403	0.02370	0.01268	0.03080	0.01821	0.04604	0.01500	0.01793	0.01163	0.00987	0.00682	0.00329	0.00858	0.00598	0.00642	0.01147
67	0.02289	0.01188	0.01644	0.01559	0.01792	0.01169	0.01149	0.02372	0.01943	0.13815	0.03347	0.08852	0.03187	0.14013	0.13905	0.19795	0.01288	0.04991	0.00767	0.00935
68	0.01365	0.01057	0.01243	0.01235	0.01509	0.00935	0.00912	0.01725	0.02624	0.03455	0.30217	0.15436	0.29439	0.02524	0.01261	0.00355	0.00529	0.02182	0.01063	0.00935
69	0.03182	0.03492	0.02644	0.02343	0.02958	0.28133	0.01792	0.04621	0.24508	0.03464	0.02787	0.02799	0.02172	0.01198	0.00984	0.00295	0.01321	0.00891	0.00778	0.09637
70	0.22583	0.02139	0.02527	0.21635	0.04143	0.02376	0.01940	0.12547	0.02591	0.04202	0.01887	0.02332	0.01434	0.01029	0.00892	0.00305	0.01080	0.00780	0.00665	0.12912
71	0.08805	0.02099	0.02493	0.02093	0.06343	0.01901	0.01562	0.11407	0.02786	0.14161	0.02392	0.02503	0.01774	0.00989	0.00888	0.00240	0.00903	0.00779	0.00821	0.35061
72	0.01288	0.00920	0.01227	0.01472	0.01534	0.00859	0.00981	0.01472	0.02024	0.02699	0.05828	0.62152	0.06993	0.03312	0.01350	0.00429	0.00613	0.03006	0.00981	0.00859
73	0.23613	0.01782	0.02073	0.01747	0.02428	0.01743	0.01456	0.04093	0.02573	0.33268	0.03595	0.04329	0.02718	0.01461	0.01004	0.00352	0.00887	0.08336	0.01064	0.01479
74	0.08604	0.02052	0.03139	0.34079	0.16388	0.02340	0.02622	0.03290	0.06317	0.07805	0.02251	0.02831	0.01687	0.01077	0.01020	0.00340	0.01235	0.00937	0.00617	0.01370
75	0.01997	0.01879	0.03171	0.60301	0.07282	0.02349	0.02936	0.02701	0.02114	0.02701	0.01879	0.02819	0.01409	0.01057	0.01057	0.00352	0.01409	0.00940	0.00470	0.01175
76	0.01313	0.00940	0.01249	0.01455	0.01539	0.00876	0.00983	0.01535	0.02141	0.02885	0.11850	0.55599	0.07353	0.03173	0.01337	0.00418	0.00600	0.02874	0.01004	0.00876
77	0.41598	0.01943	0.01872	0.01578	0.02237	0.02086	0.01290	0.07308	0.02476	0.16977	0.08731	0.02965	0.02605	0.01222	0.00852	0.00327	0.00825	0.00878	0.00899	0.01330
78	0.07314	0.01153	0.01382	0.01491	0.01681	0.01153	0.01053	0.02038	0.06292	0.03308	0.15039	0.41886	0.06780	0.02743	0.01249	0.00396	0.00626	0.02444	0.00996	0.00974
79	0.01356	0.00949	0.01207	0.01385	0.01430	0.00904	0.00888	0.01490	0.01891	0.02522	0.05146	0.47078	0.06134	0.19560	0.02450	0.00592	0.00726	0.02605	0.00888	0.00799
80	0.01558	0.01048	0.01220	0.01249	0.01278	0.01048	0.00769	0.01616	0.01646	0.02185	0.03605	0.07524	0.04115	0.55605	0.04908	0.00960	0.01019	0.07286	0.00681	0.00681
81	0.07846	0.01413	0.01720	0.01568	0.01961	0.01371	0.01171	0.03089	0.06867	0.18338	0.14269	0.18347	0.05163	0.09999	0.01701	0.00446	0.00760	0.01714	0.01046	0.01211
82	0.01922	0.01181	0.01624	0.01769	0.02017	0.01129	0.01427	0.02291	0.02359	0.09497	0.05508	0.28907	0.05991	0.02866	0.01373	0.00447	0.00836	0.26806	0.01017	0.01032
83	0.70310	0.02045	0.01554	0.01390	0.02045	0.02372	0.01145	0.03108	0.01799	0.04744	0.01472	0.01718	0.01145	0.00981	0.00654	0.00327	0.00818	0.00573	0.00654	0.01145
84	0.42432	0.01940	0.01937	0.01599	0.02323	0.02024	0.01319	0.03977	0.02321	0.26953	0.02620	0.02517	0.01771	0.01121	0.00828	0.00327	0.00853	0.00781	0.00933	0.01423
85	0.03247	0.01913	0.02240	0.01941	0.02559	0.02001	0.01554	0.04919	0.27770	0.22811	0.04285	0.04443	0.03191	0.01488	0.01073	0.00348	0.00840	0.04860	0.06912	0.01605
86	0.02496	0.02852	0.06239	0.04456	0.05526	0.02674	0.52406	0.03387	0.02496	0.03387	0.02139	0.02852	0.01604	0.00891	0.01248	0.00357	0.01783	0.01248	0.00535	0.01426
87	0.70310	0.02045	0.01554	0.01390	0.02045	0.02372	0.01145	0.03108	0.01799	0.04744	0.01472	0.01718	0.01145	0.00981	0.00654	0.00327	0.00818	0.00573	0.00654	0.01145
88	0.01739	0.01099	0.01438	0.01555	0.01711	0.01056	0.01141	0.01978	0.02093	0.06916	0.04994	0.29358	0.05589	0.18302	0.02391	0.00590	0.00842	0.15382	0.00918	0.00909
89	0.01408	0.01077	0.01291	0.01237	0.01525	0.00960	0.00928	0.01824	0.02784	0.03744	0.39581	0.08714	0.26393	0.02346	0.01248	0.00341	0.00512	0.02026	0.01099	0.00960
90	0.70310	0.02045	0.01554	0.01390	0.02045	0.02372	0.01145	0.03108	0.01799	0.04744	0.01472	0.01718	0.01145	0.00981	0.00654	0.00327	0.00818	0.00573	0.00654	0.01145
91	0.01837	0.00918	0.01377	0.01377	0.01377	0.00918	0.00918	0.01377	0.01377	0.01837	0.01837	0.03214	0.01837	0.03673	0.04132	0.69238	0.00918	0.00918	0.00459	0.00459
92	0.01837	0.00918	0.01377	0.01377	0.01377	0.00918	0.00918	0.01377	0.01377	0.01837	0.01837	0.03214	0.01837	0.03673	0.04132	0.69238	0.00918	0.00918	0.00459	0.00459
93	0.01704	0.01217	0.01704	0.01947	0.02191	0.01217	0.01704	0.02191	0.02434	0.03164	0.05598	0.11926	0.06085	0.02921	0.01460	0.00487	0.00974	0.49130	0.00974	0.00974
94	0.01553	0.01479	0.06485	0.01483	0.01851	0.01130	0.01261	0.02118	0.02924	0.04159	0.50812	0.07384	0.09193	0.02057	0.01225	0.00333	0.00595	0.01810	0.01099	0.01049
95	0.02237	0.02106	0.03484	0.35705	0.24384	0.02322	0.02894	0.02893	0.02226	0.03038	0.01918	0.02690	0.01519	0.00991	0.01029	0.00321	0.01298	0.00912	0.00503	0.07530

[dist]
# distance from previous block
# <min> <max>
2	10

[block]
# block no. 2 follows, 13 sequences, length 44
# corresponding to MSA columns:
# 1070-1113
name=unknown_C
#
# <colnr> <probs for GDERKNQSTAVLIFYWHMCP>
#	G	D	E	R	K	N	Q	S	T	A	V	L	I	F	Y	W	H	M	C	P
0	0.02606	0.03896	0.28320	0.08020	0.08221	0.02572	0.07178	0.14223	0.02863	0.04049	0.02064	0.02427	0.01511	0.01037	0.01027	0.00319	0.01397	0.00871	0.00611	0.06788
1	0.02512	0.02316	0.02240	0.07785	0.02719	0.15715	0.01603	0.06312	0.02195	0.02618	0.02047	0.03127	0.01890	0.07324	0.09544	0.22199	0.05422	0.00936	0.00554	0.00942
2	0.03025	0.20748	0.17086	0.08255	0.03908	0.07092	0.06854	0.03674	0.02442	0.14023	0.02242	0.02448	0.01640	0.01040	0.00946	0.00301	0.01333	0.00827	0.00643	0.01476
3	0.02177	0.01847	0.07541	0.01846	0.02406	0.01470	0.05048	0.02951	0.07102	0.11696	0.30908	0.06213	0.10785	0.01815	0.01182	0.00338	0.00786	0.01596	0.01046	0.01249
4	0.02192	0.01879	0.02192	0.01566	0.02506	0.01409	0.01253	0.02662	0.02192	0.03445	0.01879	0.02192	0.01566	0.00783	0.00783	0.00157	0.00783	0.00626	0.00626	0.69305
5	0.01997	0.01879	0.03171	0.60301	0.07282	0.02349	0.02936	0.02701	0.02114	0.02701	0.01879	0.02819	0.01409	0.01057	0.01057	0.00352	0.01409	0.00940	0.00470	0.01175
6	0.01496	0.01081	0.01413	0.01330	0.01580	0.00998	0.00998	0.01995	0.02993	0.04240	0.55689	0.07898	0.09976	0.02162	0.01247	0.00333	0.00499	0.01912	0.01164	0.00998
7	0.04019	0.02962	0.03173	0.02433	0.03279	0.03279	0.02010	0.52721	0.04971	0.06663	0.02538	0.02538	0.01798	0.01269	0.01058	0.00317	0.01163	0.00952	0.01058	0.01798
8	0.02263	0.01943	0.02225	0.01661	0.02545	0.01607	0.01321	0.03142	0.10651	0.03604	0.02272	0.02477	0.01836	0.00889	0.00831	0.00189	0.00792	0.00719	0.00699	0.58335
9	0.01510	0.01133	0.01699	0.01699	0.01888	0.01322	0.01322	0.01888	0.01699	0.02454	0.02832	0.04154	0.02643	0.07930	0.58652	0.01699	0.02832	0.01133	0.00566	0.00944
10	0.01997	0.01879	0.03171	0.60301	0.07282	0.02349	0.02936	0.02701	0.02114	0.02701	0.01879	0.02819	0.01409	0.01057	0.01057	0.00352	0.01409	0.00940	0.00470	0.01175
11	0.01356	0.00968	0.01304	0.01549	0.01640	0.00917	0.01099	0.01589	0.02091	0.02775	0.05790	0.54005	0.06846	0.03249	0.01368	0.00439	0.00672	0.10487	0.00980	0.00877
12	0.04744	0.01799	0.02454	0.01881	0.02699	0.01554	0.01554	0.05153	0.03026	0.56979	0.04171	0.03599	0.02617	0.01309	0.01063	0.00327	0.00900	0.01063	0.01309	0.01799
13	0.14623	0.02008	0.02285	0.01898	0.02611	0.02072	0.01530	0.04988	0.21194	0.29694	0.03781	0.03417	0.02597	0.01301	0.01001	0.00338	0.00864	0.01031	0.01119	0.01648
14	0.02313	0.02313	0.03238	0.02776	0.02776	0.03238	0.02313	0.02545	0.01619	0.02545	0.01388	0.02313	0.01388	0.01851	0.03470	0.00463	0.60907	0.00925	0.00463	0.01157
15	0.01288	0.00920	0.01227	0.01472	0.01534	0.00859	0.00981	0.01472	0.02024	0.02699	0.05828	0.62152	0.06993	0.03312	0.01350	0.00429	0.00613	0.03006	0.00981	0.00859
16	0.02762	0.01776	0.02090	0.01823	0.02360	0.01850	0.01427	0.04339	0.25678	0.16737	0.20863	0.05140	0.05263	0.01640	0.01128	0.00343	0.00742	0.01396	0.01159	0.01485
17	0.27626	0.02573	0.02525	0.02035	0.02790	0.02897	0.01671	0.30811	0.08186	0.05779	0.02312	0.02369	0.01690	0.01181	0.00915	0.00324	0.01011	0.00838	0.00915	0.01553
18	0.04744	0.01799	0.02454	0.01881	0.02699	0.01554	0.01554	0.05153	0.03026	0.56979	0.04171	0.03599	0.02617	0.01309	0.01063	0.00327	0.00900	0.01063	0.01309	0.01799
19	0.01830	0.01096	0.01272	0.01220	0.01294	0.01073	0.00724	0.01867	0.01673	0.07056	0.03408	0.06616	0.03732	0.57234	0.04988	0.00961	0.01014	0.01494	0.00702	0.00746
20	0.03307	0.01983	0.02294	0.01950	0.02610	0.02063	0.01549	0.05068	0.30120	0.24237	0.04837	0.04381	0.07789	0.01500	0.01087	0.00347	0.00833	0.01240	0.01156	0.01650
21	0.01250	0.01071	0.01071	0.01071	0.01428	0.00893	0.00803	0.01517	0.02410	0.02856	0.10711	0.10175	0.55817	0.02678	0.01250	0.00357	0.00536	0.02231	0.00982	0.00893
22	0.01516	0.01113	0.01597	0.01597	0.01750	0.01266	0.01194	0.01822	0.01669	0.02378	0.02926	0.04673	0.02869	0.18247	0.48643	0.01573	0.02493	0.01209	0.00580	0.00887
23	0.16004	0.02138	0.02273	0.01904	0.02548	0.02325	0.01529	0.16040	0.16698	0.12364	0.11634	0.03766	0.03487	0.01408	0.01017	0.00334	0.00867	0.01114	0.01038	0.01511
24	0.34375	0.02088	0.02013	0.01754	0.02414	0.02333	0.01409	0.04377	0.21498	0.13244	0.02968	0.02855	0.02161	0.01204	0.00878	0.00339	0.00838	0.00885	0.00919	0.01449
25	0.01437	0.01026	0.01398	0.01642	0.01769	0.00987	0.01240	0.01729	0.02171	0.02866	0.05745	0.44174	0.06668	0.03172	0.01389	0.00450	0.00742	0.19516	0.00979	0.00900
26	0.01478	0.01089	0.01394	0.01456	0.01641	0.01047	0.01038	0.02003	0.06167	0.03520	0.28336	0.33422	0.08080	0.02657	0.01284	0.00380	0.00577	0.02382	0.01071	0.00979
27	0.01884	0.01057	0.01563	0.01517	0.01517	0.01150	0.01057	0.01494	0.01402	0.01907	0.01792	0.03124	0.01792	0.03491	0.04066	0.62376	0.06903	0.00919	0.00459	0.00529
28	0.02630	0.02271	0.02391	0.02152	0.02749	0.02630	0.01674	0.05618	0.54336	0.04423	0.04303	0.03945	0.03228	0.01434	0.01076	0.00359	0.00837	0.01195	0.01076	0.01674
29	0.02756	0.02334	0.02462	0.02177	0.02798	0.02689	0.01704	0.09911	0.49837	0.04627	0.04143	0.03817	0.03097	0.01419	0.01074	0.00355	0.00867	0.01173	0.01074	0.01685
30	0.01288	0.00920	0.01227	0.01472	0.01534	0.00859	0.00981	0.01472	0.02024	0.02699	0.05828	0.62152	0.06993	0.03312	0.01350	0.00429	0.00613	0.03006	0.00981	0.00859
31	0.07726	0.21443	0.04318	0.02614	0.03448	0.14219	0.11368	0.15813	0.03063	0.03870	0.01895	0.02167	0.01501	0.01035	0.00933	0.00289	0.01393	0.00813	0.00651	0.01441
32	0.01414	0.01032	0.01330	0.01351	0.01553	0.00948	0.00977	0.01800	0.02657	0.03667	0.37143	0.24201	0.12898	0.02546	0.01278	0.00363	0.00536	0.02263	0.01095	0.00948
33	0.03134	0.01461	0.01947	0.01722	0.02257	0.01304	0.01409	0.03535	0.02748	0.30306	0.09683	0.10658	0.10829	0.02042	0.01209	0.00374	0.00818	0.12031	0.01160	0.01374
34	0.01858	0.01423	0.01674	0.01634	0.01881	0.05398	0.01228	0.02178	0.02059	0.06211	0.07784	0.10782	0.08313	0.10313	0.31076	0.01101	0.01887	0.01471	0.00742	0.00986
35	0.02192	0.01879	0.02192	0.01566	0.02506	0.01409	0.01253	0.02662	0.02192	0.03445	0.01879	0.02192	0.01566	0.00783	0.00783	0.00157	0.00783	0.00626	0.00626	0.69305
36	0.08417	0.01885	0.02555	0.06464	0.07321	0.01950	0.05162	0.06589	0.11430	0.12850	0.14932	0.08534	0.04267	0.01560	0.01103	0.00343	0.00915	0.01363	0.00964	0.01394
37	0.03073	0.02177	0.02462	0.01854	0.02690	0.02048	0.01506	0.20563	0.03259	0.09964	0.02474	0.02604	0.01850	0.01045	0.00904	0.00238	0.00904	0.00815	0.06638	0.32932
38	0.03092	0.01769	0.02212	0.01679	0.02499	0.01419	0.01345	0.03515	0.02497	0.23837	0.03083	0.07710	0.02418	0.01194	0.00937	0.00244	0.00814	0.00991	0.00917	0.37828
39	0.02596	0.01756	0.02142	0.07626	0.02788	0.01847	0.01542	0.09520	0.14675	0.12747	0.12353	0.13396	0.08823	0.01851	0.01151	0.00354	0.00834	0.01584	0.01043	0.01370
40	0.03064	0.02085	0.07533	0.02322	0.03064	0.01669	0.11548	0.03643	0.02777	0.25544	0.16012	0.08419	0.04373	0.01544	0.01158	0.00342	0.01013	0.01413	0.01026	0.01449
41	0.12886	0.07093	0.02540	0.06281	0.02835	0.02059	0.01583	0.09764	0.02872	0.25441	0.08448	0.07700	0.03165	0.01436	0.01011	0.00327	0.00919	0.01156	0.01010	0.01473
42	0.03619	0.01895	0.02839	0.06633	0.03224	0.01809	0.06726	0.04096	0.02719	0.34102	0.08083	0.03644	0.02912	0.01333	0.01282	0.00332	0.06086	0.01106	0.01032	0.06530
43	0.22467	0.07162	0.02459	0.01748	0.02532	0.02240	0.01450	0.08274	0.07728	0.16717	0.02570	0.02553	0.01863	0.01083	0.00858	0.00286	0.00889	0.00795	0.00864	0.15462

[dist]
# distance from previous block
# <min> <max>
0	23

[block]
# block no. 3 follows, 13 sequences, length 20
# corresponding to MSA columns:
# 1137-1156
name=unknown_D
#
# <colnr> <probs for GDERKNQSTAVLIFYWHMCP>
#	G	D	E	R	K	N	Q	S	T	A	V	L	I	F	Y	W	H	M	C	P
0	0.03354	0.01892	0.02303	0.01976	0.02601	0.01920	0.01610	0.08760	0.17822	0.25095	0.08134	0.05234	0.03814	0.01658	0.01142	0.00361	0.00886	0.08706	0.01156	0.01574
1	0.02908	0.02558	0.06933	0.21711	0.23341	0.06456	0.02772	0.03530	0.02470	0.13614	0.02349	0.02793	0.01732	0.01064	0.01043	0.00327	0.01302	0.00935	0.00657	0.01504
2	0.07535	0.01914	0.02796	0.12304	0.08489	0.01929	0.05232	0.07506	0.02691	0.22953	0.03412	0.12720	0.02815	0.01508	0.01093	0.00348	0.01047	0.01321	0.00926	0.01461
3	0.02255	0.01175	0.01579	0.01573	0.01858	0.01061	0.01140	0.02526	0.02377	0.17750	0.09354	0.41716	0.06028	0.02669	0.01263	0.00394	0.00683	0.02384	0.01086	0.01129
4	0.02295	0.01953	0.03055	0.44755	0.06066	0.02406	0.02655	0.03128	0.06716	0.06972	0.02215	0.02924	0.01659	0.01192	0.01310	0.00362	0.07517	0.00970	0.00586	0.01264
5	0.07020	0.02190	0.03228	0.25494	0.08341	0.02340	0.06973	0.10928	0.02674	0.07216	0.02138	0.02645	0.01593	0.01036	0.01006	0.00311	0.01226	0.00906	0.00664	0.12072
6	0.02421	0.01711	0.02547	0.11156	0.15540	0.01767	0.01901	0.03013	0.07170	0.10213	0.10955	0.04191	0.03417	0.07088	0.01930	0.10786	0.01003	0.01181	0.00771	0.01239
7	0.02890	0.01371	0.01812	0.01581	0.02059	0.01210	0.01226	0.03265	0.02763	0.27475	0.18567	0.16834	0.10381	0.02053	0.01185	0.00351	0.00705	0.01776	0.01176	0.01320
8	0.02222	0.01916	0.02503	0.02228	0.02401	0.02380	0.01776	0.10080	0.02386	0.03393	0.07877	0.19348	0.03800	0.02191	0.02299	0.00418	0.29262	0.01595	0.00765	0.01160
9	0.02593	0.01867	0.02234	0.01616	0.02536	0.01432	0.01300	0.03054	0.02323	0.11855	0.02239	0.02413	0.01731	0.00866	0.00827	0.00183	0.00801	0.00695	0.00734	0.58701
10	0.01320	0.00945	0.01255	0.01450	0.01541	0.00880	0.00984	0.01553	0.02173	0.02936	0.13488	0.53817	0.07451	0.03136	0.01334	0.00415	0.00596	0.02838	0.01010	0.00880
11	0.04412	0.01873	0.02444	0.01924	0.02707	0.01723	0.01573	0.05226	0.11087	0.48722	0.04192	0.03653	0.02713	0.01328	0.01065	0.00332	0.00890	0.01084	0.01272	0.01780
12	0.22819	0.01667	0.01886	0.01605	0.02212	0.01635	0.01282	0.03775	0.02452	0.29254	0.03599	0.12284	0.02889	0.01523	0.00965	0.00337	0.00799	0.01221	0.06395	0.01399
13	0.01301	0.00946	0.01227	0.01426	0.01528	0.00872	0.00967	0.01516	0.02132	0.02830	0.10055	0.53456	0.11506	0.03169	0.01333	0.00416	0.00598	0.02854	0.00995	0.00872
14	0.01311	0.01050	0.01172	0.01192	0.01479	0.00911	0.00875	0.01617	0.02480	0.03141	0.20008	0.17831	0.37890	0.02662	0.01265	0.00363	0.00540	0.02282	0.01023	0.00911
15	0.36104	0.01917	0.02023	0.01646	0.02386	0.01945	0.01358	0.04175	0.02439	0.31995	0.02880	0.02699	0.01913	0.01152	0.00868	0.00327	0.00861	0.00829	0.00996	0.01486
16	0.02040	0.01292	0.01574	0.01441	0.01826	0.01204	0.01101	0.02682	0.07603	0.12110	0.28747	0.10991	0.18928	0.02159	0.01210	0.00346	0.00610	0.01860	0.01123	0.01153
17	0.02630	0.02271	0.02391	0.02152	0.02749	0.02630	0.01674	0.05618	0.54336	0.04423	0.04303	0.03945	0.03228	0.01434	0.01076	0.00359	0.00837	0.01195	0.01076	0.01674
18	0.04744	0.01799	0.02454	0.01881	0.02699	0.01554	0.01554	0.05153	0.03026	0.56979	0.04171	0.03599	0.02617	0.01309	0.01063	0.00327	0.00900	0.01063	0.01309	0.01799
19	0.01780	0.01344	0.01573	0.01576	0.01848	0.01360	0.01180	0.06225	0.08486	0.03339	0.09730	0.20555	0.14052	0.12019	0.01921	0.00495	0.00785	0.09745	0.00958	0.01030

[dist]
# distance from previous block
# <min> <max>
0	1

[block]
# block no. 4 follows, 13 sequences, length 9
# corresponding to MSA columns:
# 1158-1162,1165-1168
name=unknown_E
#
# <colnr> <probs for GDERKNQSTAVLIFYWHMCP>
#	G	D	E	R	K	N	Q	S	T	A	V	L	I	F	Y	W	H	M	C	P
0	0.04098	0.02835	0.03095	0.02373	0.03216	0.03092	0.01960	0.47560	0.04760	0.12122	0.02716	0.02654	0.01887	0.01274	0.01058	0.00318	0.01135	0.00964	0.01085	0.01798
1	0.70310	0.02045	0.01554	0.01390	0.02045	0.02372	0.01145	0.03108	0.01799	0.04744	0.01472	0.01718	0.01145	0.00981	0.00654	0.00327	0.00818	0.00573	0.00654	0.01145
2	0.03956	0.01592	0.02105	0.01677	0.02343	0.01403	0.01363	0.04388	0.02889	0.42853	0.09271	0.04091	0.03378	0.01382	0.01028	0.00314	0.00792	0.01136	0.12456	0.01583
3	0.01529	0.01058	0.01322	0.01322	0.01380	0.01117	0.00851	0.01646	0.01587	0.02175	0.03177	0.06065	0.03473	0.45892	0.21825	0.01233	0.01583	0.01413	0.00618	0.00734
4	0.01496	0.01081	0.01413	0.01330	0.01580	0.00998	0.00998	0.01995	0.02993	0.04240	0.55689	0.07898	0.09976	0.02162	0.01247	0.00333	0.00499	0.01912	0.01164	0.00998
5	0.04744	0.01799	0.02454	0.01881	0.02699	0.01554	0.01554	0.05153	0.03026	0.56979	0.04171	0.03599	0.02617	0.01309	0.01063	0.00327	0.00900	0.01063	0.01309	0.01799
6	0.70310	0.02045	0.01554	0.01390	0.02045	0.02372	0.01145	0.03108	0.01799	0.04744	0.01472	0.01718	0.01145	0.00981	0.00654	0.00327	0.00818	0.00573	0.00654	0.01145
7	0.02188	0.01459	0.02151	0.02610	0.11098	0.01416	0.01817	0.02637	0.02439	0.10280	0.04850	0.17782	0.05048	0.02445	0.01320	0.00427	0.00950	0.26958	0.00945	0.01180
8	0.02717	0.55298	0.05226	0.09577	0.03320	0.03940	0.01959	0.03104	0.02144	0.02516	0.01524	0.01845	0.01364	0.00925	0.00729	0.00243	0.01168	0.00615	0.00455	0.01333

[dist]
# distance from previous block
# <min> <max>
0	3

[block]
# block no. 5 follows, 13 sequences, length 17
# corresponding to MSA columns:
# 1172-1188
name=unknown_F
#
# <colnr> <probs for GDERKNQSTAVLIFYWHMCP>
#	G	D	E	R	K	N	Q	S	T	A	V	L	I	F	Y	W	H	M	C	P
0	0.04452	0.01808	0.02530	0.08093	0.03186	0.01639	0.01701	0.04892	0.02929	0.51208	0.03928	0.03516	0.02489	0.01282	0.01063	0.00330	0.00954	0.01050	0.01219	0.01733
1	0.70310	0.02045	0.01554	0.01390	0.02045	0.02372	0.01145	0.03108	0.01799	0.04744	0.01472	0.01718	0.01145	0.00981	0.00654	0.00327	0.00818	0.00573	0.00654	0.01145
2	0.02053	0.01956	0.03183	0.50095	0.06483	0.02507	0.02826	0.02674	0.02026	0.02674	0.01792	0.02729	0.01406	0.01198	0.01485	0.00372	0.11965	0.00937	0.00469	0.01171
3	0.04744	0.01799	0.02454	0.01881	0.02699	0.01554	0.01554	0.05153	0.03026	0.56979	0.04171	0.03599	0.02617	0.01309	0.01063	0.00327	0.00900	0.01063	0.01309	0.01799
4	0.01514	0.01117	0.01620	0.01620	0.01782	0.01279	0.01223	0.01837	0.01676	0.02396	0.02904	0.04554	0.02817	0.15879	0.50940	0.01602	0.02570	0.01191	0.00577	0.00900
5	0.03950	0.05039	0.02996	0.02724	0.03269	0.58597	0.02043	0.04222	0.02996	0.02588	0.01634	0.01907	0.01362	0.01090	0.00953	0.00272	0.01907	0.00681	0.00545	0.01226
6	0.02630	0.02271	0.02391	0.02152	0.02749	0.02630	0.01674	0.05618	0.54336	0.04423	0.04303	0.03945	0.03228	0.01434	0.01076	0.00359	0.00837	0.01195	0.01076	0.01674
7	0.01615	0.01005	0.01253	0.01253	0.01267	0.01019	0.00764	0.01521	0.01507	0.02024	0.02900	0.05736	0.03225	0.43160	0.08990	0.19085	0.01130	0.01344	0.00587	0.00615
8	0.02192	0.01879	0.02192	0.01566	0.02506	0.01409	0.01253	0.02662	0.02192	0.03445	0.01879	0.02192	0.01566	0.00783	0.00783	0.00157	0.00783	0.00626	0.00626	0.69305
9	0.01624	0.10912	0.02163	0.09253	0.02475	0.01579	0.01369	0.01901	0.02056	0.02666	0.04622	0.44824	0.05371	0.02636	0.01205	0.00387	0.00800	0.02350	0.00831	0.00979
10	0.01704	0.01217	0.01704	0.01947	0.02191	0.01217	0.01704	0.02191	0.02434	0.03164	0.05598	0.11926	0.06085	0.02921	0.01460	0.00487	0.00974	0.49130	0.00974	0.00974
11	0.34401	0.11618	0.02722	0.01931	0.02627	0.15727	0.01590	0.11634	0.02653	0.04246	0.01687	0.01895	0.01334	0.01043	0.00794	0.00299	0.01171	0.00660	0.00668	0.01302
12	0.61446	0.10114	0.02078	0.01445	0.02133	0.02610	0.01232	0.03116	0.01845	0.04447	0.01472	0.01715	0.01173	0.00971	0.00657	0.00314	0.00859	0.00572	0.00628	0.01173
13	0.02590	0.02768	0.12549	0.21985	0.12773	0.02366	0.15317	0.03374	0.02390	0.10211	0.02264	0.02808	0.01643	0.01024	0.01096	0.00342	0.01438	0.01008	0.00600	0.01452
14	0.01568	0.00970	0.01376	0.01444	0.01524	0.00963	0.01003	0.01562	0.01857	0.02536	0.10844	0.23087	0.04759	0.03903	0.09986	0.28375	0.01012	0.01763	0.00742	0.00728
15	0.01492	0.01140	0.01351	0.01328	0.01585	0.01075	0.00965	0.02031	0.06369	0.03512	0.29396	0.15240	0.20407	0.07445	0.01593	0.00411	0.00592	0.02054	0.01043	0.00972
16	0.02192	0.01879	0.02192	0.01566	0.02506	0.01409	0.01253	0.02662	0.02192	0.03445	0.01879	0.02192	0.01566	0.00783	0.00783	0.00157	0.00783	0.00626	0.00626	0.69305

[dist]
# distance from previous block
# <min> <max>
6	12

[block]
# block no. 6 follows, 13 sequences, length 36
# corresponding to MSA columns:
# 1203-1238
name=unknown_G
#
# <colnr> <probs for GDERKNQSTAVLIFYWHMCP>
#	G	D	E	R	K	N	Q	S	T	A	V	L	I	F	Y	W	H	M	C	P
0	0.12977	0.02114	0.02586	0.06088	0.11860	0.02154	0.01812	0.07410	0.11088	0.03962	0.02363	0.02690	0.01884	0.01516	0.05026	0.00379	0.01093	0.00849	0.00711	0.21439
1	0.38227	0.01924	0.01851	0.01572	0.02250	0.02013	0.01265	0.03483	0.07010	0.12580	0.02528	0.06484	0.02043	0.01206	0.00826	0.00311	0.00813	0.00885	0.00815	0.11914
2	0.01596	0.00939	0.01288	0.01365	0.01409	0.00908	0.00904	0.01432	0.01667	0.02197	0.03842	0.22506	0.07380	0.09056	0.03178	0.36497	0.00806	0.01721	0.00676	0.00631
3	0.01887	0.01731	0.02870	0.51190	0.06392	0.02118	0.02634	0.02511	0.02100	0.02701	0.02491	0.12007	0.02274	0.01406	0.01102	0.00364	0.01286	0.01260	0.00549	0.01126
4	0.03950	0.05039	0.02996	0.02724	0.03269	0.58597	0.02043	0.04222	0.02996	0.02588	0.01634	0.01907	0.01362	0.01090	0.00953	0.00272	0.01907	0.00681	0.00545	0.01226
5	0.02396	0.01218	0.01556	0.01466	0.01724	0.01128	0.01014	0.02573	0.02125	0.18303	0.04359	0.23250	0.04472	0.26215	0.02857	0.00635	0.00859	0.01859	0.00943	0.01048
6	0.01538	0.01025	0.01153	0.01153	0.01153	0.01025	0.00641	0.01538	0.01538	0.02050	0.03331	0.06919	0.03844	0.62842	0.05382	0.01025	0.01025	0.01538	0.00641	0.00641
7	0.02121	0.05469	0.57364	0.03014	0.04576	0.02455	0.03906	0.03348	0.02232	0.03348	0.01897	0.02232	0.01339	0.01005	0.01005	0.00335	0.01563	0.00781	0.00446	0.01563
8	0.03960	0.04717	0.03024	0.02679	0.03270	0.50030	0.02038	0.11733	0.03302	0.03219	0.01774	0.02005	0.01429	0.01117	0.00970	0.00279	0.01792	0.00723	0.00624	0.01314
9	0.02630	0.02271	0.02391	0.02152	0.02749	0.02630	0.01674	0.05618	0.54336	0.04423	0.04303	0.03945	0.03228	0.01434	0.01076	0.00359	0.00837	0.01195	0.01076	0.01674
10	0.04744	0.01799	0.02454	0.01881	0.02699	0.01554	0.01554	0.05153	0.03026	0.56979	0.04171	0.03599	0.02617	0.01309	0.01063	0.00327	0.00900	0.01063	0.01309	0.01799
11	0.04744	0.01799	0.02454	0.01881	0.02699	0.01554	0.01554	0.05153	0.03026	0.56979	0.04171	0.03599	0.02617	0.01309	0.01063	0.00327	0.00900	0.01063	0.01309	0.01799
12	0.01999	0.01192	0.01574	0.01416	0.01753	0.01084	0.01084	0.02484	0.02998	0.12407	0.47710	0.07232	0.08837	0.02029	0.01219	0.00332	0.00561	0.01781	0.01186	0.01122
13	0.02496	0.02852	0.06239	0.04456	0.05526	0.02674	0.52406	0.03387	0.02496	0.03387	0.02139	0.02852	0.01604	0.00891	0.01248	0.00357	0.01783	0.01248	0.00535	0.01426
14	0.01465	0.00994	0.01175	0.01246	0.01264	0.00976	0.00740	0.01518	0.01680	0.02240	0.04061	0.23058	0.04764	0.45447	0.04203	0.00851	0.00905	0.01967	0.00740	0.00704
15	0.03053	0.17737	0.03688	0.02529	0.02948	0.24411	0.02092	0.03326	0.02265	0.02547	0.01500	0.02014	0.01371	0.01340	0.01861	0.00335	0.24513	0.00748	0.00491	0.01230
16	0.02313	0.02313	0.03238	0.02776	0.02776	0.03238	0.02313	0.02545	0.01619	0.02545	0.01388	0.02313	0.01388	0.01851	0.03470	0.00463	0.60907	0.00925	0.00463	0.01157
17	0.01997	0.01879	0.03171	0.60301	0.07282	0.02349	0.02936	0.02701	0.02114	0.02701	0.01879	0.02819	0.01409	0.01057	0.01057	0.00352	0.01409	0.00940	0.00470	0.01175
18	0.02493	0.01385	0.01735	0.01578	0.02024	0.01300	0.01265	0.03135	0.07011	0.18033	0.18913	0.07111	0.13394	0.02003	0.01180	0.00355	0.00714	0.09028	0.06095	0.01248
19	0.01288	0.00920	0.01227	0.01472	0.01534	0.00859	0.00981	0.01472	0.02024	0.02699	0.05828	0.62152	0.06993	0.03312	0.01350	0.00429	0.00613	0.03006	0.00981	0.00859
20	0.04744	0.01799	0.02454	0.01881	0.02699	0.01554	0.01554	0.05153	0.03026	0.56979	0.04171	0.03599	0.02617	0.01309	0.01063	0.00327	0.00900	0.01063	0.01309	0.01799
21	0.01674	0.01303	0.01606	0.01668	0.01897	0.01384	0.01209	0.02612	0.15126	0.03202	0.08534	0.34606	0.05580	0.03486	0.10281	0.00604	0.01010	0.02181	0.00953	0.01086
22	0.02520	0.01924	0.02109	0.01921	0.02431	0.02137	0.01480	0.04680	0.37859	0.08070	0.08627	0.09720	0.04060	0.01648	0.01092	0.00353	0.00769	0.01401	0.05694	0.01503
23	0.02967	0.02439	0.02581	0.02220	0.02878	0.02788	0.01755	0.17065	0.42340	0.04967	0.03874	0.03603	0.02880	0.01394	0.01071	0.00349	0.00916	0.01136	0.01071	0.01704
24	0.01652	0.01019	0.01331	0.01461	0.01584	0.00950	0.00983	0.01828	0.02043	0.07704	0.05285	0.48091	0.06094	0.12343	0.01947	0.00512	0.00704	0.02596	0.00959	0.00913
