[name]
unknown

[dist]
# distance from previous block
# <min> <max>
5	103

[block]
# block no. 0 follows, 11 sequences, length 16
# corresponding to MSA columns:
# 110-125
name=unknown_A
#
# <colnr> <probs for GDERKNQSTAVLIFYWHMCP>
#	G	D	E	R	K	N	Q	S	T	A	V	L	I	F	Y	W	H	M	C	P
0	0.25499	0.15579	0.06597	0.01925	0.02676	0.02877	0.01722	0.06735	0.10560	0.04222	0.02749	0.09424	0.02466	0.01434	0.00924	0.00343	0.01003	0.01080	0.00780	0.01405
1	0.02459	0.02228	0.02456	0.12984	0.03530	0.08426	0.01808	0.06826	0.02784	0.03679	0.10909	0.04885	0.03771	0.06483	0.01504	0.00381	0.01139	0.05433	0.00794	0.17519
2	0.01566	0.01071	0.01281	0.01335	0.01383	0.01044	0.00818	0.01679	0.01955	0.02639	0.10253	0.20410	0.05721	0.39261	0.04129	0.00844	0.00914	0.02071	0.00840	0.00786
3	0.01520	0.01141	0.01424	0.01481	0.01739	0.01045	0.01130	0.01924	0.02735	0.03636	0.25612	0.19138	0.20449	0.02804	0.01386	0.00407	0.00648	0.09660	0.01119	0.01001
4	0.03153	0.01829	0.02292	0.01742	0.02574	0.01481	0.01400	0.03635	0.02784	0.21348	0.11343	0.03869	0.03552	0.01273	0.01020	0.00261	0.00826	0.01057	0.01015	0.33549
5	0.03570	0.02478	0.02800	0.02279	0.02988	0.02653	0.01878	0.32042	0.04423	0.09928	0.11643	0.05047	0.04033	0.01742	0.01216	0.00365	0.01072	0.07031	0.01154	0.01657
6	0.02710	0.02562	0.04195	0.06032	0.44940	0.02478	0.03100	0.03351	0.02525	0.03675	0.02098	0.02710	0.01763	0.00975	0.01067	0.00306	0.01253	0.00947	0.00575	0.12738
7	0.02521	0.01607	0.01966	0.01742	0.02210	0.01606	0.01350	0.03701	0.15316	0.13535	0.31958	0.06523	0.07399	0.01942	0.01246	0.00360	0.00699	0.01680	0.01243	0.01397
8	0.02334	0.02001	0.02334	0.01667	0.02667	0.01500	0.01334	0.02834	0.02334	0.03668	0.02001	0.02334	0.01667	0.00834	0.00834	0.00167	0.00834	0.00667	0.00667	0.67325
9	0.01371	0.00979	0.01306	0.01567	0.01632	0.00914	0.01045	0.01567	0.02155	0.02873	0.06203	0.59710	0.07444	0.03526	0.01437	0.00457	0.00653	0.03200	0.01045	0.00914
10	0.32427	0.02508	0.02610	0.12177	0.03685	0.02880	0.01910	0.20478	0.03233	0.05413	0.02069	0.02368	0.01529	0.01173	0.00935	0.00349	0.01123	0.00831	0.00820	0.01483
11	0.03277	0.12505	0.08353	0.06775	0.03421	0.02717	0.02206	0.07579	0.02654	0.17470	0.02703	0.03027	0.02034	0.02225	0.08217	0.00535	0.10986	0.00976	0.00807	0.01531
12	0.02892	0.09448	0.03810	0.23480	0.05025	0.02794	0.06971	0.03690	0.06518	0.11826	0.02531	0.03021	0.01893	0.01293	0.01478	0.00372	0.09767	0.01026	0.00710	0.01456
13	0.01683	0.01096	0.01387	0.01387	0.01429	0.01138	0.00881	0.01686	0.01644	0.02234	0.03174	0.06106	0.03475	0.40352	0.15934	0.12131	0.01471	0.01439	0.00634	0.00717
14	0.03126	0.23555	0.03922	0.02194	0.02838	0.03226	0.01922	0.11011	0.02724	0.09724	0.02359	0.02790	0.01943	0.02613	0.11431	0.00598	0.10923	0.00909	0.00725	0.01465
15	0.03637	0.11159	0.04190	0.11972	0.04417	0.02747	0.11989	0.11227	0.03125	0.20036	0.02882	0.03049	0.02010	0.01185	0.01110	0.00342	0.01325	0.01054	0.00894	0.01651

[dist]
# distance from previous block
# <min> <max>
0	2

[block]
# block no. 1 follows, 11 sequences, length 17
# corresponding to MSA columns:
# 128,129,131-145
name=unknown_B
#
# <colnr> <probs for GDERKNQSTAVLIFYWHMCP>
#	G	D	E	R	K	N	Q	S	T	A	V	L	I	F	Y	W	H	M	C	P
0	0.02173	0.05788	0.02710	0.10209	0.03142	0.06403	0.01903	0.02584	0.02375	0.03201	0.15293	0.10044	0.04542	0.02552	0.06840	0.00524	0.16343	0.01458	0.00757	0.01157
1	0.01412	0.01120	0.01269	0.01281	0.01583	0.00977	0.00942	0.01755	0.02685	0.03440	0.22561	0.17156	0.34257	0.02790	0.01345	0.00384	0.00571	0.02396	0.01101	0.00977
2	0.02772	0.02089	0.02438	0.01806	0.02721	0.01763	0.01453	0.09718	0.02901	0.08323	0.06491	0.03009	0.02532	0.01074	0.00940	0.00221	0.00877	0.00867	0.00839	0.47166
3	0.02778	0.19602	0.04022	0.11450	0.03924	0.02691	0.06663	0.03318	0.02419	0.07822	0.02121	0.02496	0.01679	0.00983	0.00926	0.00261	0.01173	0.00812	0.00640	0.24218
4	0.09731	0.19019	0.23039	0.02680	0.03843	0.08367	0.06371	0.03760	0.02486	0.08008	0.02068	0.02322	0.01557	0.01069	0.00962	0.00320	0.01455	0.00805	0.00601	0.01537
5	0.02584	0.11412	0.12250	0.12145	0.15522	0.03003	0.15778	0.03355	0.02409	0.03300	0.02000	0.02661	0.01597	0.01088	0.01321	0.00355	0.06163	0.01009	0.00524	0.01523
6	0.02182	0.01981	0.03196	0.36577	0.09655	0.02428	0.02783	0.02750	0.02184	0.02906	0.02339	0.03931	0.02060	0.01620	0.01748	0.04699	0.09578	0.05608	0.00558	0.01218
7	0.01640	0.01181	0.01631	0.01660	0.01805	0.01298	0.01230	0.01931	0.01843	0.02565	0.03506	0.06246	0.03614	0.23820	0.34496	0.01445	0.02204	0.06303	0.00675	0.00909
8	0.08356	0.03316	0.02778	0.02425	0.03074	0.17934	0.01887	0.15714	0.19241	0.04630	0.03203	0.06965	0.02617	0.01485	0.01091	0.00348	0.01282	0.01140	0.00939	0.01575
9	0.01921	0.01583	0.01865	0.01520	0.02174	0.01262	0.01171	0.02361	0.02526	0.03654	0.14244	0.10850	0.12457	0.01737	0.01077	0.00269	0.00711	0.01483	0.00883	0.36252
10	0.02755	0.26119	0.09799	0.07957	0.03529	0.07234	0.02261	0.06454	0.02646	0.03370	0.09109	0.03086	0.02803	0.01327	0.01238	0.00320	0.07001	0.00951	0.00646	0.01395
11	0.03163	0.26148	0.08934	0.03357	0.10935	0.03415	0.11390	0.08766	0.02815	0.07794	0.02178	0.02491	0.01705	0.01053	0.00999	0.00309	0.01374	0.00905	0.00656	0.01615
12	0.04035	0.01801	0.02356	0.01951	0.02619	0.01650	0.01548	0.08929	0.03158	0.36385	0.04715	0.17960	0.03886	0.01933	0.01209	0.00375	0.00908	0.01647	0.01277	0.01660
13	0.01976	0.01342	0.02012	0.01932	0.02253	0.01242	0.05600	0.02347	0.02497	0.08866	0.09796	0.33631	0.10064	0.02843	0.01393	0.00432	0.00839	0.08768	0.01055	0.01113
14	0.03710	0.09815	0.19660	0.02869	0.08590	0.02372	0.02659	0.04437	0.02783	0.27335	0.03120	0.03039	0.02105	0.01203	0.01065	0.00337	0.01247	0.00965	0.00917	0.01770
15	0.02140	0.02056	0.07271	0.07643	0.03623	0.01753	0.12519	0.02722	0.02447	0.06813	0.04426	0.24799	0.04618	0.02301	0.01353	0.00427	0.01183	0.09806	0.00865	0.01235
16	0.04143	0.01685	0.02290	0.01895	0.02567	0.01472	0.01504	0.04520	0.02959	0.41552	0.04875	0.17603	0.03934	0.01919	0.01207	0.00375	0.00883	0.01642	0.01307	0.01669

[dist]
# distance from previous block
# <min> <max>
2	34

[block]
# block no. 2 follows, 11 sequences, length 21
# corresponding to MSA columns:
# 180-200
name=unknown_C
#
# <colnr> <probs for GDERKNQSTAVLIFYWHMCP>
#	G	D	E	R	K	N	Q	S	T	A	V	L	I	F	Y	W	H	M	C	P
0	0.07346	0.02085	0.03277	0.08949	0.17021	0.02140	0.07799	0.06192	0.02743	0.03949	0.10956	0.11271	0.04195	0.01727	0.01221	0.00379	0.01142	0.05412	0.00812	0.01383
1	0.35571	0.02535	0.02533	0.02062	0.02812	0.08597	0.07042	0.03297	0.02340	0.04318	0.06293	0.02667	0.02216	0.01122	0.00889	0.00314	0.01093	0.00845	0.00711	0.12744
2	0.02793	0.01846	0.02581	0.18146	0.04069	0.01917	0.02056	0.07731	0.02932	0.13677	0.09873	0.05710	0.03975	0.01722	0.01213	0.00374	0.01092	0.10105	0.00952	0.07237
3	0.02795	0.11571	0.09944	0.09127	0.07751	0.08733	0.02271	0.03394	0.02571	0.06971	0.05981	0.02913	0.02332	0.01122	0.00986	0.00282	0.01242	0.00890	0.00671	0.18454
4	0.01570	0.01107	0.01354	0.01352	0.01602	0.01016	0.00991	0.02000	0.02803	0.03940	0.31853	0.17240	0.16351	0.02490	0.01283	0.00365	0.00558	0.02179	0.08930	0.01016
5	0.24797	0.02330	0.06268	0.02233	0.06324	0.02132	0.01781	0.04325	0.06544	0.23224	0.03116	0.03053	0.02163	0.01233	0.00961	0.00344	0.00974	0.00936	0.05671	0.01589
6	0.01661	0.01236	0.01591	0.01790	0.01976	0.01241	0.01341	0.02298	0.08109	0.03225	0.05945	0.40370	0.06707	0.03176	0.01434	0.00465	0.00785	0.14547	0.01054	0.01050
7	0.01564	0.01129	0.01479	0.01435	0.01675	0.01043	0.01060	0.02052	0.03053	0.04303	0.46834	0.15005	0.10212	0.02459	0.01342	0.00367	0.00547	0.02185	0.01214	0.01043
8	0.01399	0.01124	0.01249	0.01258	0.01573	0.00973	0.00928	0.01734	0.02669	0.03382	0.20935	0.16043	0.37185	0.02796	0.01342	0.00383	0.00570	0.02390	0.01093	0.00973
9	0.03009	0.61122	0.05898	0.01926	0.02889	0.04454	0.01926	0.03370	0.02287	0.02648	0.01565	0.01805	0.01444	0.00963	0.00722	0.00241	0.01204	0.00602	0.00481	0.01444
10	0.01371	0.00979	0.01306	0.01567	0.01632	0.00914	0.01045	0.01567	0.02155	0.02873	0.06203	0.59710	0.07444	0.03526	0.01437	0.00457	0.00653	0.03200	0.01045	0.00914
11	0.02800	0.02418	0.02545	0.02291	0.02927	0.02800	0.01782	0.05981	0.51390	0.04708	0.04581	0.04199	0.03436	0.01527	0.01145	0.00382	0.00891	0.01273	0.01145	0.01782
12	0.03571	0.04340	0.03246	0.19601	0.04781	0.39656	0.02464	0.04001	0.02904	0.02792	0.01819	0.02325	0.01465	0.01149	0.01048	0.00316	0.01869	0.00809	0.00556	0.01288
13	0.03757	0.02894	0.03084	0.02484	0.03292	0.03247	0.02013	0.34270	0.21542	0.06253	0.03365	0.03230	0.02450	0.01413	0.01133	0.00353	0.01116	0.01105	0.01133	0.01867
14	0.03647	0.02774	0.03351	0.02619	0.03396	0.03023	0.06542	0.33809	0.10007	0.05810	0.02787	0.03005	0.02080	0.01662	0.01569	0.08952	0.01228	0.01070	0.00992	0.01677
15	0.02126	0.02001	0.03376	0.57739	0.07752	0.02501	0.03126	0.02876	0.02251	0.02876	0.02001	0.03001	0.01500	0.01125	0.01125	0.00375	0.01500	0.01000	0.00500	0.01250
16	0.01608	0.01206	0.01809	0.01809	0.02010	0.01407	0.01407	0.02010	0.01809	0.02613	0.03015	0.04422	0.02814	0.08441	0.55984	0.01809	0.03015	0.01206	0.00603	0.01005
17	0.01608	0.01206	0.01809	0.01809	0.02010	0.01407	0.01407	0.02010	0.01809	0.02613	0.03015	0.04422	0.02814	0.08441	0.55984	0.01809	0.03015	0.01206	0.00603	0.01005
18	0.03054	0.47389	0.11841	0.02206	0.03214	0.10330	0.02243	0.03529	0.02406	0.02779	0.01644	0.01906	0.01443	0.01000	0.00802	0.00261	0.01361	0.00646	0.00492	0.01456
19	0.02485	0.01719	0.02220	0.08827	0.02994	0.01520	0.01483	0.02954	0.02533	0.11020	0.12191	0.04391	0.03798	0.08312	0.01590	0.00366	0.00911	0.01153	0.00863	0.28669
20	0.03111	0.10097	0.03685	0.13560	0.07891	0.07817	0.06370	0.10072	0.03099	0.09908	0.10129	0.03624	0.03137	0.01327	0.01112	0.00335	0.01286	0.01128	0.00824	0.01489

[dist]
# distance from previous block
# <min> <max>
0	4

[block]
# block no. 3 follows, 11 sequences, length 11
# corresponding to MSA columns:
# 205-215
name=unknown_D
#
# <colnr> <probs for GDERKNQSTAVLIFYWHMCP>
#	G	D	E	R	K	N	Q	S	T	A	V	L	I	F	Y	W	H	M	C	P
0	0.03106	0.13963	0.09716	0.10160	0.04030	0.12733	0.05927	0.07616	0.02945	0.07958	0.08532	0.03253	0.02777	0.01272	0.01066	0.00325	0.01404	0.01024	0.00738	0.01456
1	0.02058	0.01151	0.01435	0.01370	0.01507	0.01101	0.00893	0.01993	0.01863	0.07749	0.04086	0.06228	0.09010	0.30762	0.04335	0.20471	0.00983	0.01474	0.00743	0.00787
2	0.02373	0.15937	0.29666	0.06569	0.04325	0.02922	0.06439	0.03254	0.02301	0.03214	0.02241	0.06990	0.01945	0.01311	0.01252	0.00354	0.05852	0.01035	0.00532	0.01487
3	0.02907	0.07720	0.14741	0.10270	0.12666	0.02421	0.07694	0.03642	0.02605	0.13647	0.03460	0.03694	0.06993	0.01289	0.01122	0.00349	0.01322	0.01132	0.00746	0.01578
4	0.01897	0.02131	0.09007	0.21642	0.04380	0.02022	0.02368	0.02466	0.02114	0.02900	0.03190	0.17518	0.03222	0.03053	0.10755	0.00648	0.07290	0.01571	0.00652	0.01173
5	0.60208	0.09557	0.02186	0.01536	0.02266	0.02766	0.01307	0.03316	0.01962	0.04749	0.01567	0.01826	0.01247	0.01035	0.00700	0.00335	0.00912	0.00609	0.00670	0.01247
6	0.01952	0.01232	0.01532	0.01455	0.01804	0.01122	0.01134	0.02420	0.02923	0.09055	0.29923	0.08554	0.17715	0.02327	0.01286	0.00368	0.00635	0.06592	0.06851	0.01120
7	0.02954	0.02636	0.09534	0.18400	0.08861	0.02354	0.09306	0.07512	0.02729	0.13059	0.02735	0.03510	0.02097	0.07463	0.01638	0.00438	0.01395	0.01122	0.00753	0.01502
8	0.01791	0.01469	0.02113	0.01991	0.02159	0.01791	0.01578	0.02181	0.02024	0.02956	0.11125	0.04672	0.03847	0.05996	0.35368	0.01276	0.14613	0.01299	0.00687	0.01064
9	0.01633	0.01298	0.01815	0.12326	0.02854	0.01335	0.01457	0.02120	0.02680	0.03632	0.27361	0.13361	0.14081	0.02803	0.05802	0.00494	0.00943	0.01952	0.00992	0.01060
10	0.02786	0.02674	0.04568	0.06908	0.53424	0.02674	0.03454	0.03454	0.02563	0.03677	0.02117	0.02786	0.01783	0.01003	0.01114	0.00334	0.01337	0.01003	0.00557	0.01783

[dist]
# distance from previous block
# <min> <max>
0	4

[block]
# block no. 4 follows, 11 sequences, length 27
# corresponding to MSA columns:
# 220-246
name=unknown_E
#
# <colnr> <probs for GDERKNQSTAVLIFYWHMCP>
#	G	D	E	R	K	N	Q	S	T	A	V	L	I	F	Y	W	H	M	C	P
0	0.01432	0.01144	0.01281	0.01247	0.01583	0.00993	0.00935	0.01812	0.02805	0.03609	0.27395	0.09896	0.36619	0.02638	0.01329	0.00370	0.00555	0.02244	0.01120	0.00993
1	0.02540	0.01985	0.02881	0.12777	0.03853	0.01801	0.07122	0.03137	0.02437	0.08063	0.02470	0.02923	0.01900	0.01016	0.00967	0.00260	0.01054	0.00899	0.09448	0.32466
2	0.02191	0.01231	0.01248	0.01214	0.01526	0.01281	0.00919	0.03068	0.08865	0.04264	0.03792	0.04197	0.02958	0.01340	0.00834	0.00278	0.00573	0.01079	0.57996	0.01146
3	0.09091	0.01943	0.02923	0.25142	0.04830	0.02064	0.05934	0.03077	0.02516	0.08242	0.11287	0.03838	0.03258	0.01299	0.01096	0.00339	0.01157	0.01140	0.00761	0.10062
4	0.68395	0.02177	0.01654	0.01480	0.02177	0.02525	0.01219	0.03309	0.01915	0.05050	0.01567	0.01828	0.01219	0.01045	0.00697	0.00348	0.00871	0.00609	0.00697	0.01219
5	0.02519	0.02567	0.03564	0.41378	0.15348	0.09620	0.03058	0.03194	0.02431	0.03003	0.01987	0.02833	0.01544	0.01108	0.01109	0.00357	0.01541	0.00964	0.00521	0.01353
6	0.27864	0.30791	0.03806	0.01721	0.02588	0.03326	0.01578	0.03276	0.02151	0.03700	0.01623	0.01884	0.01388	0.00977	0.00727	0.00272	0.01028	0.00613	0.00588	0.10099
7	0.23070	0.02579	0.08041	0.02683	0.03537	0.02296	0.16141	0.03561	0.02362	0.12238	0.02563	0.03312	0.02027	0.08956	0.01662	0.00457	0.01298	0.01071	0.00751	0.01394
8	0.02857	0.01726	0.02145	0.01731	0.02410	0.01515	0.01370	0.03604	0.07516	0.17685	0.20310	0.04994	0.05203	0.01553	0.01113	0.00300	0.00769	0.01318	0.01104	0.20778
9	0.02334	0.02001	0.02334	0.01667	0.02667	0.01500	0.01334	0.02834	0.02334	0.03668	0.02001	0.02334	0.01667	0.00834	0.00834	0.00167	0.00834	0.00667	0.00667	0.67325
10	0.02879	0.26230	0.14895	0.02544	0.03671	0.03094	0.08943	0.03544	0.02451	0.07852	0.02094	0.02370	0.01639	0.00999	0.00934	0.00281	0.01308	0.00810	0.00608	0.12854
11	0.03073	0.02116	0.02506	0.01836	0.02801	0.01757	0.01487	0.08692	0.02841	0.13671	0.02545	0.02661	0.01908	0.00999	0.00924	0.00221	0.00903	0.00795	0.00857	0.47408
12	0.02498	0.03151	0.20676	0.12997	0.04165	0.02105	0.02645	0.06411	0.02775	0.08717	0.11563	0.03943	0.03413	0.01378	0.01104	0.00347	0.01203	0.01145	0.08317	0.01447
13	0.04512	0.02669	0.12637	0.02235	0.03258	0.01839	0.02137	0.05115	0.03059	0.44441	0.03974	0.03550	0.02524	0.01331	0.01120	0.00350	0.01094	0.01074	0.01216	0.01867
14	0.01563	0.01149	0.01463	0.01384	0.01663	0.01049	0.01038	0.02066	0.03115	0.04345	0.48094	0.08685	0.15460	0.02364	0.01328	0.00357	0.00535	0.02074	0.01217	0.01049
15	0.03875	0.03814	0.03469	0.02844	0.03610	0.22005	0.06284	0.22589	0.11588	0.04861	0.02618	0.02729	0.01971	0.01275	0.01107	0.00331	0.01524	0.00979	0.00885	0.01641
16	0.02697	0.20050	0.14609	0.03401	0.09608	0.03290	0.11263	0.03747	0.08868	0.03397	0.02239	0.02630	0.01795	0.01151	0.01269	0.00341	0.06539	0.00949	0.00594	0.01564
17	0.01918	0.01152	0.01371	0.01355	0.01448	0.01117	0.00831	0.01991	0.01869	0.07224	0.04051	0.15295	0.04497	0.45858	0.04615	0.00921	0.01009	0.01836	0.00807	0.00836
18	0.01614	0.01117	0.01376	0.01346	0.01604	0.01032	0.00997	0.02082	0.02890	0.04133	0.36213	0.13276	0.14013	0.02344	0.01260	0.00354	0.00547	0.02049	0.10719	0.01032
19	0.01837	0.01211	0.01761	0.01717	0.01796	0.01379	0.01257	0.01807	0.01639	0.02302	0.02460	0.04050	0.02425	0.10108	0.24863	0.29981	0.06959	0.01122	0.00550	0.00776
20	0.02427	0.04166	0.33727	0.02664	0.03852	0.02237	0.03064	0.03690	0.08118	0.08355	0.08064	0.08489	0.03254	0.01497	0.01143	0.00367	0.01305	0.01245	0.00764	0.01571
21	0.01574	0.01150	0.01492	0.01514	0.01762	0.01069	0.01159	0.02035	0.02896	0.03975	0.35315	0.16121	0.13560	0.02643	0.01378	0.00396	0.00631	0.09140	0.01163	0.01028
22	0.08388	0.02150	0.03558	0.03163	0.08444	0.02148	0.15759	0.06198	0.02543	0.06668	0.03126	0.05078	0.02888	0.12340	0.06231	0.00621	0.01478	0.07149	0.00751	0.01319
23	0.03384	0.02671	0.03717	0.14095	0.13330	0.02895	0.06316	0.21117	0.08216	0.08784	0.02740	0.03030	0.02005	0.01233	0.01142	0.00353	0.01305	0.01068	0.00881	0.01718
24	0.01944	0.01529	0.02093	0.01897	0.02113	0.01727	0.04146	0.02517	0.06871	0.02893	0.03195	0.05078	0.03101	0.23690	0.18918	0.01041	0.08175	0.01328	0.06707	0.01034
25	0.01912	0.01320	0.01890	0.11454	0.02925	0.01366	0.01573	0.02294	0.02304	0.07593	0.05329	0.28207	0.09365	0.03461	0.08594	0.00611	0.01173	0.06615	0.00922	0.01092
26	0.03840	0.02697	0.08492	0.03065	0.07070	0.02404	0.09694	0.08420	0.02992	0.26934	0.03163	0.03214	0.02167	0.01338	0.01495	0.00371	0.08843	0.01096	0.00975	0.01729

[dist]
# distance from previous block
# <min> <max>
2	27

[block]
# block no. 5 follows, 11 sequences, length 14
# corresponding to MSA columns:
# 274-287
name=unknown_F
#
# <colnr> <probs for GDERKNQSTAVLIFYWHMCP>
#	G	D	E	R	K	N	Q	S	T	A	V	L	I	F	Y	W	H	M	C	P
0	0.25841	0.02263	0.02521	0.14878	0.03828	0.02441	0.01853	0.11167	0.02682	0.04565	0.01970	0.02376	0.01514	0.01066	0.00905	0.00309	0.01073	0.00785	0.00718	0.17245
1	0.08093	0.01533	0.01806	0.01753	0.02087	0.01648	0.01341	0.03040	0.14289	0.03821	0.16097	0.10445	0.05387	0.02958	0.06560	0.10217	0.00994	0.05818	0.00965	0.01148
2	0.02671	0.01401	0.01778	0.01540	0.02035	0.01230	0.01205	0.03108	0.03039	0.20599	0.26230	0.07510	0.18829	0.02140	0.01263	0.00359	0.00682	0.01823	0.01241	0.01316
3	0.01403	0.01004	0.01335	0.01545	0.01640	0.00936	0.01047	0.01648	0.02304	0.03111	0.12966	0.52269	0.07905	0.03348	0.01421	0.00442	0.00635	0.03031	0.01073	0.00936
4	0.01512	0.01124	0.01408	0.01387	0.01644	0.01020	0.01021	0.01948	0.02921	0.04001	0.38352	0.16300	0.18046	0.02581	0.01344	0.00374	0.00556	0.02268	0.01175	0.01020
5	0.02462	0.02462	0.03447	0.02955	0.02955	0.03447	0.02462	0.02709	0.01724	0.02709	0.01477	0.02462	0.01477	0.01970	0.03694	0.00492	0.58385	0.00985	0.00492	0.01231
6	0.02098	0.01049	0.01049	0.01049	0.01311	0.01049	0.00787	0.02623	0.02360	0.04196	0.03672	0.04196	0.02885	0.01311	0.00787	0.00262	0.00525	0.01049	0.66693	0.01049
7	0.02800	0.02418	0.02545	0.02291	0.02927	0.02800	0.01782	0.05981	0.51390	0.04708	0.04581	0.04199	0.03436	0.01527	0.01145	0.00382	0.00891	0.01273	0.01145	0.01782
8	0.02462	0.02462	0.03447	0.02955	0.02955	0.03447	0.02462	0.02709	0.01724	0.02709	0.01477	0.02462	0.01477	0.01970	0.03694	0.00492	0.58385	0.00985	0.00492	0.01231
9	0.68395	0.02177	0.01654	0.01480	0.02177	0.02525	0.01219	0.03309	0.01915	0.05050	0.01567	0.01828	0.01219	0.01045	0.00697	0.00348	0.00871	0.00609	0.00697	0.01219
10	0.01637	0.01091	0.01228	0.01228	0.01228	0.01091	0.00682	0.01637	0.01637	0.02182	0.03546	0.07365	0.04092	0.60445	0.05729	0.01091	0.01091	0.01637	0.00682	0.00682
11	0.04204	0.05364	0.03190	0.02900	0.03480	0.55926	0.02175	0.04494	0.03190	0.02755	0.01740	0.02030	0.01450	0.01160	0.01015	0.00290	0.02030	0.00725	0.00580	0.01305
12	0.02126	0.02001	0.03376	0.57739	0.07752	0.02501	0.03126	0.02876	0.02251	0.02876	0.02001	0.03001	0.01500	0.01125	0.01125	0.00375	0.01500	0.01000	0.00500	0.01250
13	0.02800	0.02418	0.02545	0.02291	0.02927	0.02800	0.01782	0.05981	0.51390	0.04708	0.04581	0.04199	0.03436	0.01527	0.01145	0.00382	0.00891	0.01273	0.01145	0.01782

[dist]
# distance from previous block
# <min> <max>
0	3

[block]
# block no. 6 follows, 11 sequences, length 6
# corresponding to MSA columns:
# 291-296
name=unknown_G
#
# <colnr> <probs for GDERKNQSTAVLIFYWHMCP>
#	G	D	E	R	K	N	Q	S	T	A	V	L	I	F	Y	W	H	M	C	P
0	0.68395	0.02177	0.01654	0.01480	0.02177	0.02525	0.01219	0.03309	0.01915	0.05050	0.01567	0.01828	0.01219	0.01045	0.00697	0.00348	0.00871	0.00609	0.00697	0.01219
1	0.02783	0.01473	0.01827	0.01615	0.02005	0.01481	0.01222	0.06715	0.02520	0.15877	0.03608	0.04746	0.03037	0.16128	0.14311	0.00819	0.01369	0.01233	0.15993	0.01238
2	0.01930	0.01670	0.02813	0.02537	0.03017	0.01596	0.12547	0.02510	0.02602	0.03371	0.05977	0.10189	0.12740	0.02573	0.01467	0.00465	0.01160	0.28773	0.00931	0.01133
3	0.01625	0.01405	0.01745	0.01688	0.01892	0.01524	0.01290	0.01904	0.02333	0.03068	0.11932	0.20652	0.25853	0.02760	0.01897	0.00422	0.13828	0.02225	0.00938	0.01017
4	0.02597	0.01572	0.01946	0.01782	0.02223	0.01557	0.01355	0.03633	0.13922	0.15401	0.20251	0.18167	0.06490	0.02201	0.01267	0.00383	0.00737	0.01925	0.01208	0.01384
5	0.02729	0.02137	0.02603	0.02196	0.02557	0.02534	0.01783	0.16090	0.03187	0.04621	0.13939	0.04167	0.03920	0.01763	0.01952	0.00380	0.19518	0.01244	0.11319	0.01360

[dist]
# distance from previous block
# <min> <max>
3	9

[block]
# block no. 7 follows, 11 sequences, length 34
# corresponding to MSA columns:
# 309-342
name=unknown_H
#
# <colnr> <probs for GDERKNQSTAVLIFYWHMCP>
#	G	D	E	R	K	N	Q	S	T	A	V	L	I	F	Y	W	H	M	C	P
0	0.03017	0.10362	0.11320	0.03194	0.11970	0.02961	0.02476	0.16846	0.11266	0.04592	0.03021	0.08596	0.02571	0.01450	0.01100	0.00347	0.01199	0.01198	0.00844	0.01671
1	0.01514	0.01087	0.01444	0.01546	0.01721	0.01018	0.01125	0.01893	0.02667	0.03669	0.27478	0.31852	0.08804	0.02927	0.01398	0.00416	0.00633	0.06681	0.01133	0.00993
2	0.03132	0.04573	0.17348	0.08348	0.04161	0.26355	0.02678	0.03787	0.02722	0.03148	0.01889	0.02277	0.01486	0.01075	0.01010	0.00296	0.01669	0.00773	0.00558	0.12717
3	0.02493	0.03063	0.13086	0.20525	0.27196	0.02632	0.08146	0.03324	0.02451	0.03422	0.02083	0.02802	0.01633	0.01044	0.01131	0.00354	0.01497	0.01006	0.00528	0.01584
4	0.03880	0.02297	0.02740	0.02257	0.02788	0.06613	0.01816	0.08512	0.02833	0.26366	0.03034	0.03216	0.02183	0.01875	0.02167	0.10519	0.13401	0.01032	0.00969	0.01502
5	0.01396	0.01056	0.01290	0.01415	0.01607	0.00949	0.00991	0.01674	0.02448	0.03195	0.15494	0.36634	0.21530	0.03122	0.01387	0.00417	0.00608	0.02761	0.01077	0.00949
6	0.02626	0.07022	0.08161	0.13919	0.12998	0.02548	0.02536	0.03611	0.09803	0.07945	0.03079	0.10092	0.02688	0.01543	0.01353	0.00375	0.06172	0.01280	0.00752	0.01497
7	0.02935	0.03083	0.15243	0.02479	0.03375	0.07119	0.06997	0.03594	0.02755	0.15881	0.05031	0.05582	0.13492	0.01726	0.01208	0.00371	0.01251	0.05518	0.00899	0.01462
8	0.01637	0.01091	0.01228	0.01228	0.01228	0.01091	0.00682	0.01637	0.01637	0.02182	0.03546	0.07365	0.04092	0.60445	0.05729	0.01091	0.01091	0.01637	0.00682	0.00682
9	0.04742	0.02117	0.02701	0.02103	0.02955	0.01991	0.01727	0.11042	0.08012	0.43671	0.04237	0.03725	0.02739	0.01400	0.01132	0.00350	0.00986	0.01130	0.01336	0.01903
10	0.02536	0.03365	0.19832	0.12751	0.13121	0.02466	0.07850	0.03355	0.02416	0.07544	0.02582	0.07738	0.02169	0.01366	0.01353	0.00377	0.05845	0.01182	0.00630	0.01523
11	0.09627	0.01983	0.02526	0.02348	0.06408	0.02141	0.01743	0.07590	0.02837	0.18200	0.10529	0.03945	0.03440	0.01558	0.01543	0.00363	0.11390	0.01160	0.09192	0.01474
12	0.02126	0.02001	0.03376	0.57739	0.07752	0.02501	0.03126	0.02876	0.02251	0.02876	0.02001	0.03001	0.01500	0.01125	0.01125	0.00375	0.01500	0.01000	0.00500	0.01250
13	0.02334	0.02001	0.02334	0.01667	0.02667	0.01500	0.01334	0.02834	0.02334	0.03668	0.02001	0.02334	0.01667	0.00834	0.00834	0.00167	0.00834	0.00667	0.00667	0.67325
14	0.02334	0.02001	0.02334	0.01667	0.02667	0.01500	0.01334	0.02834	0.02334	0.03668	0.02001	0.02334	0.01667	0.00834	0.00834	0.00167	0.00834	0.00667	0.00667	0.67325
15	0.68395	0.02177	0.01654	0.01480	0.02177	0.02525	0.01219	0.03309	0.01915	0.05050	0.01567	0.01828	0.01219	0.01045	0.00697	0.00348	0.00871	0.00609	0.00697	0.01219
16	0.01330	0.01140	0.01140	0.01140	0.01520	0.00950	0.00855	0.01615	0.02565	0.03041	0.11402	0.10832	0.52967	0.02850	0.01330	0.00380	0.00570	0.02375	0.01045	0.00950
17	0.01608	0.01206	0.01809	0.01809	0.02010	0.01407	0.01407	0.02010	0.01809	0.02613	0.03015	0.04422	0.02814	0.08441	0.55984	0.01809	0.03015	0.01206	0.00603	0.01005
18	0.02786	0.02674	0.04568	0.06908	0.53424	0.02674	0.03454	0.03454	0.02563	0.03677	0.02117	0.02786	0.01783	0.01003	0.01114	0.00334	0.01337	0.01003	0.00557	0.01783
19	0.02737	0.08480	0.08132	0.02469	0.03129	0.02940	0.02209	0.10009	0.02548	0.03710	0.01866	0.02391	0.01588	0.01382	0.01985	0.00342	0.23065	0.00850	0.00634	0.19533
20	0.02489	0.12706	0.16065	0.02832	0.09366	0.02403	0.02459	0.03146	0.02263	0.08025	0.02550	0.03210	0.02106	0.03730	0.20803	0.00857	0.01963	0.00978	0.00622	0.01429
21	0.01608	0.01206	0.01809	0.01809	0.02010	0.01407	0.01407	0.02010	0.01809	0.02613	0.03015	0.04422	0.02814	0.08441	0.55984	0.01809	0.03015	0.01206	0.00603	0.01005
22	0.01419	0.01084	0.01304	0.01374	0.01607	0.00969	0.00983	0.01741	0.02590	0.03395	0.21187	0.28049	0.24346	0.02943	0.01368	0.00401	0.00589	0.02581	0.01100	0.00969
23	0.02691	0.03164	0.16591	0.23027	0.14126	0.02488	0.07953	0.03547	0.02498	0.09661	0.02358	0.02915	0.01712	0.01106	0.01131	0.00360	0.01486	0.01008	0.00622	0.01555
24	0.02888	0.03633	0.21531	0.03416	0.10130	0.02603	0.07006	0.10481	0.02871	0.09121	0.02729	0.07844	0.02253	0.01432	0.01392	0.00374	0.06754	0.01182	0.00738	0.01621
25	0.01371	0.00979	0.01306	0.01567	0.01632	0.00914	0.01045	0.01567	0.02155	0.02873	0.06203	0.59710	0.07444	0.03526	0.01437	0.00457	0.00653	0.03200	0.01045	0.00914
26	0.01628	0.01126	0.01405	0.01405	0.01466	0.01187	0.00903	0.01751	0.01689	0.02314	0.03384	0.06468	0.03702	0.44590	0.21050	0.01310	0.01678	0.01505	0.00658	0.00780
27	0.02725	0.16450	0.10491	0.24178	0.13595	0.02926	0.02897	0.03411	0.02415	0.07659	0.02140	0.02681	0.01642	0.01083	0.01022	0.00332	0.01375	0.00898	0.00583	0.01498
28	0.02053	0.02246	0.11127	0.02148	0.02689	0.01875	0.01974	0.08222	0.02341	0.03336	0.02804	0.03854	0.02462	0.06284	0.39656	0.01374	0.02560	0.01117	0.00646	0.01232
29	0.01933	0.01716	0.02097	0.02022	0.02239	0.06679	0.01581	0.02309	0.01929	0.02635	0.02746	0.04008	0.02556	0.07132	0.45764	0.01539	0.08329	0.01140	0.00590	0.01055
30	0.01972	0.01796	0.02486	0.02332	0.02361	0.02310	0.01826	0.02196	0.01917	0.02783	0.03600	0.28173	0.04157	0.02669	0.02680	0.00477	0.32456	0.01980	0.00741	0.01089
31	0.02257	0.05822	0.54613	0.03208	0.04871	0.02614	0.04158	0.03564	0.02376	0.03564	0.02020	0.02376	0.01426	0.01069	0.01069	0.00356	0.01663	0.00832	0.00475	0.01663
32	0.02246	0.01799	0.02743	0.34883	0.05460	0.01994	0.02338	0.02866	0.02477	0.07608	0.08552	0.04537	0.08973	0.01456	0.01145	0.00352	0.01177	0.01257	0.00736	0.07400
33	0.01908	0.01654	0.02624	0.25912	0.10683	0.01831	0.02227	0.02460	0.02441	0.03284	0.12721	0.18993	0.04829	0.01967	0.01244	0.00388	0.01073	0.01778	0.00791	0.01192

[dist]
# distance from previous block
# <min> <max>
1	2

[block]
# block no. 8 follows, 11 sequences, length 22
# corresponding to MSA columns:
# 371-392
name=unknown_I
#
# <colnr> <probs for GDERKNQSTAVLIFYWHMCP>
#	G	D	E	R	K	N	Q	S	T	A	V	L	I	F	Y	W	H	M	C	P
0	0.04040	0.10861	0.03757	0.02863	0.08264	0.03348	0.02189	0.34174	0.04397	0.11104	0.02673	0.02707	0.01929	0.01268	0.01070	0.00325	0.01214	0.00969	0.01010	0.01837
1	0.15457	0.08433	0.03078	0.02619	0.07939	0.06524	0.01921	0.10767	0.17899	0.09858	0.03016	0.02993	0.02254	0.01267	0.01005	0.00341	0.01095	0.00969	0.00923	0.01644
2	0.02286	0.01575	0.01780	0.01673	0.02007	0.01637	0.01189	0.03364	0.17250	0.08606	0.05104	0.13488	0.09092	0.22643	0.02814	0.00638	0.00904	0.01758	0.00985	0.01208
3	0.02217	0.01983	0.03044	0.03134	0.14213	0.01766	0.07149	0.02788	0.02613	0.03803	0.14653	0.08601	0.04322	0.01456	0.01121	0.00297	0.00980	0.01352	0.00799	0.23708
4	0.02679	0.19970	0.03545	0.02071	0.02668	0.02553	0.06197	0.03305	0.07187	0.08720	0.03271	0.05076	0.03081	0.17725	0.02341	0.00545	0.01164	0.05842	0.00773	0.01285
5	0.02334	0.02001	0.02334	0.01667	0.02667	0.01500	0.01334	0.02834	0.02334	0.03668	0.02001	0.02334	0.01667	0.00834	0.00834	0.00167	0.00834	0.00667	0.00667	0.67325
6	0.03210	0.10310	0.03530	0.03165	0.15522	0.02419	0.02081	0.08146	0.02833	0.12795	0.02471	0.02676	0.01888	0.01043	0.00970	0.00268	0.01072	0.00858	0.00788	0.23955
7	0.01781	0.01608	0.02755	0.06259	0.03083	0.01531	0.12704	0.02291	0.02591	0.03475	0.17146	0.22836	0.12622	0.02345	0.01347	0.00397	0.00970	0.02196	0.00940	0.01124
8	0.02334	0.02001	0.02334	0.01667	0.02667	0.01500	0.01334	0.02834	0.02334	0.03668	0.02001	0.02334	0.01667	0.00834	0.00834	0.00167	0.00834	0.00667	0.00667	0.67325
9	0.03729	0.09200	0.11973	0.02366	0.03375	0.02722	0.02232	0.17012	0.08301	0.18602	0.03086	0.02989	0.02158	0.01255	0.01057	0.00326	0.01165	0.00973	0.00991	0.06488
10	0.01955	0.00978	0.01466	0.01466	0.01466	0.00978	0.00978	0.01466	0.01466	0.01955	0.01955	0.03421	0.01955	0.03910	0.04399	0.67253	0.00978	0.00978	0.00489	0.00489
11	0.02786	0.02674	0.04568	0.06908	0.53424	0.02674	0.03454	0.03454	0.02563	0.03677	0.02117	0.02786	0.01783	0.01003	0.01114	0.00334	0.01337	0.01003	0.00557	0.01783
12	0.09954	0.02333	0.02911	0.11647	0.03767	0.02546	0.02050	0.14635	0.03115	0.16751	0.02652	0.02870	0.01902	0.01319	0.01401	0.00349	0.08906	0.00957	0.00905	0.09031
13	0.24206	0.10814	0.08855	0.07076	0.03381	0.02920	0.02079	0.09507	0.02530	0.04266	0.01845	0.02224	0.01463	0.01157	0.01152	0.00332	0.06855	0.00767	0.00660	0.07913
14	0.09126	0.30893	0.09899	0.02008	0.02948	0.03144	0.01982	0.03782	0.02555	0.15209	0.06420	0.02879	0.02476	0.01191	0.00904	0.00298	0.01114	0.00868	0.00775	0.01529
15	0.09580	0.02022	0.02259	0.01887	0.02458	0.02072	0.01453	0.17657	0.03133	0.09747	0.03221	0.11222	0.02968	0.09832	0.02012	0.06413	0.01003	0.01328	0.00931	0.08803
16	0.02863	0.08654	0.02847	0.07454	0.03166	0.02129	0.01685	0.09478	0.02817	0.10683	0.03093	0.12338	0.02792	0.01482	0.01033	0.00293	0.00984	0.01234	0.00855	0.24120
17	0.03302	0.28720	0.11402	0.02158	0.03202	0.03210	0.02136	0.08915	0.02804	0.12172	0.02305	0.02403	0.01753	0.01077	0.00901	0.00276	0.01180	0.00779	0.00733	0.10570
18	0.03180	0.08029	0.03157	0.02145	0.02967	0.02228	0.04903	0.08385	0.02904	0.15390	0.07574	0.03315	0.02796	0.01261	0.01208	0.00290	0.05101	0.01005	0.00898	0.23264
19	0.09510	0.08415	0.10199	0.06993	0.08976	0.02227	0.02153	0.03253	0.02505	0.08260	0.09059	0.03298	0.02881	0.01194	0.00990	0.00297	0.01071	0.00970	0.00741	0.17006
20	0.08899	0.13472	0.17180	0.02275	0.03392	0.02694	0.02335	0.09837	0.02802	0.09762	0.02262	0.02428	0.01683	0.01072	0.00939	0.00291	0.01194	0.00795	0.00730	0.15957
21	0.13731	0.19693	0.17303	0.02109	0.03053	0.02726	0.02215	0.03253	0.02422	0.06960	0.09184	0.07149	0.03168	0.01400	0.00973	0.00328	0.01125	0.01082	0.00720	0.01407

[dist]
# distance from previous block
# <min> <max>
6	56

[block]
# block no. 9 follows, 11 sequences, length 7
# corresponding to MSA columns:
# 449-455
name=unknown_J
#
# <colnr> <probs for GDERKNQSTAVLIFYWHMCP>
#	G	D	E	R	K	N	Q	S	T	A	V	L	I	F	Y	W	H	M	C	P
0	0.02322	0.13003	0.03507	0.03033	0.10816	0.02823	0.02141	0.02645	0.02082	0.02900	0.02876	0.17876	0.03135	0.02046	0.02110	0.00410	0.22834	0.01516	0.00650	0.01275
1	0.02721	0.21010	0.09010	0.01844	0.02621	0.02413	0.01762	0.03226	0.02713	0.12809	0.14972	0.05163	0.12102	0.01655	0.01069	0.00321	0.00959	0.01329	0.00908	0.01392
2	0.02666	0.38496	0.04600	0.02037	0.02632	0.03685	0.01840	0.02943	0.02058	0.02585	0.01869	0.02856	0.01883	0.10884	0.02189	0.00435	0.13697	0.00854	0.00517	0.01273
3	0.16333	0.02147	0.10219	0.01766	0.02353	0.01651	0.01651	0.02632	0.02736	0.04400	0.30217	0.06269	0.06789	0.01879	0.01162	0.00364	0.00824	0.04434	0.00982	0.01193
4	0.01569	0.01284	0.01452	0.01379	0.01810	0.01074	0.01044	0.01910	0.02500	0.03249	0.11298	0.17051	0.30561	0.02562	0.01268	0.00359	0.00657	0.04686	0.00987	0.13299
5	0.41640	0.02942	0.13369	0.01893	0.02858	0.02354	0.01883	0.03276	0.02094	0.04468	0.01747	0.02042	0.01348	0.01011	0.00804	0.00316	0.01037	0.00669	0.00643	0.13608
6	0.14638	0.04170	0.29918	0.02767	0.03815	0.02793	0.03074	0.03499	0.05586	0.03734	0.01997	0.02421	0.01540	0.01294	0.01580	0.00386	0.13873	0.00855	0.00567	0.01494

[dist]
# distance from previous block
# <min> <max>
5	30

[block]
# block no. 10 follows, 11 sequences, length 67
# corresponding to MSA columns:
# 499-521,529-535,546-556,569-594
name=unknown_K
#
# <colnr> <probs for GDERKNQSTAVLIFYWHMCP>
#	G	D	E	R	K	N	Q	S	T	A	V	L	I	F	Y	W	H	M	C	P
0	0.08494	0.08852	0.03774	0.17937	0.13908	0.02529	0.07127	0.03323	0.02490	0.07991	0.06111	0.03166	0.02376	0.01151	0.01054	0.00330	0.01247	0.01021	0.00682	0.06436
1	0.02499	0.10618	0.02569	0.07367	0.02770	0.01940	0.01543	0.03146	0.06937	0.12263	0.12772	0.16597	0.10413	0.02067	0.01187	0.00365	0.00868	0.01766	0.01005	0.01309
2	0.02641	0.02281	0.02649	0.13073	0.09067	0.10137	0.01978	0.07611	0.02562	0.03219	0.06525	0.03421	0.02534	0.02219	0.02270	0.23750	0.01266	0.01043	0.00647	0.01106
3	0.01594	0.01073	0.01240	0.01283	0.01293	0.01062	0.00741	0.01625	0.01721	0.02294	0.03978	0.15861	0.04636	0.51207	0.05032	0.00988	0.01020	0.01890	0.00741	0.00720
4	0.02334	0.02001	0.02334	0.01667	0.02667	0.01500	0.01334	0.02834	0.02334	0.03668	0.02001	0.02334	0.01667	0.00834	0.00834	0.00167	0.00834	0.00667	0.00667	0.67325
5	0.68395	0.02177	0.01654	0.01480	0.02177	0.02525	0.01219	0.03309	0.01915	0.05050	0.01567	0.01828	0.01219	0.01045	0.00697	0.00348	0.00871	0.00609	0.00697	0.01219
6	0.10755	0.03054	0.03204	0.02478	0.03358	0.03393	0.02046	0.44987	0.04951	0.06887	0.02588	0.02614	0.01844	0.01320	0.01083	0.00339	0.01201	0.00973	0.01083	0.01844
7	0.02657	0.03036	0.06641	0.04744	0.05882	0.02846	0.49336	0.03605	0.02657	0.03605	0.02277	0.03036	0.01708	0.00949	0.01328	0.00380	0.01898	0.01328	0.00569	0.01518
8	0.02334	0.02001	0.02334	0.01667	0.02667	0.01500	0.01334	0.02834	0.02334	0.03668	0.02001	0.02334	0.01667	0.00834	0.00834	0.00167	0.00834	0.00667	0.00667	0.67325
9	0.01593	0.01150	0.01504	0.01416	0.01681	0.01062	0.01062	0.02124	0.03186	0.04513	0.52830	0.08407	0.10620	0.02301	0.01327	0.00354	0.00531	0.02035	0.01239	0.01062
10	0.04279	0.03153	0.03378	0.02590	0.03490	0.03490	0.02139	0.49671	0.05292	0.07093	0.02702	0.02702	0.01914	0.01351	0.01126	0.00338	0.01239	0.01013	0.01126	0.01914
11	0.01371	0.00979	0.01306	0.01567	0.01632	0.00914	0.01045	0.01567	0.02155	0.02873	0.06203	0.59710	0.07444	0.03526	0.01437	0.00457	0.00653	0.03200	0.01045	0.00914
12	0.03905	0.29634	0.04331	0.02119	0.03041	0.03426	0.01906	0.15969	0.03326	0.18125	0.02659	0.02601	0.01939	0.01183	0.00941	0.00296	0.01144	0.00856	0.00902	0.01697
13	0.02633	0.02408	0.03395	0.43264	0.10721	0.08137	0.02936	0.03302	0.02453	0.06979	0.02175	0.02945	0.01620	0.01140	0.01113	0.00361	0.01500	0.00982	0.00584	0.01353
14	0.03929	0.17682	0.04209	0.02568	0.03480	0.07336	0.07318	0.20122	0.03644	0.15017	0.02653	0.02696	0.01917	0.01202	0.01040	0.00316	0.01307	0.00947	0.00914	0.01704
15	0.04204	0.05364	0.03190	0.02900	0.03480	0.55926	0.02175	0.04494	0.03190	0.02755	0.01740	0.02030	0.01450	0.01160	0.01015	0.00290	0.02030	0.00725	0.00580	0.01305
16	0.01624	0.01234	0.01713	0.02110	0.05937	0.01183	0.01468	0.01973	0.02375	0.03118	0.06354	0.34514	0.11526	0.03118	0.01439	0.00459	0.00825	0.17000	0.01004	0.01027
17	0.09741	0.08603	0.17145	0.02722	0.03711	0.02922	0.06685	0.11172	0.06703	0.09916	0.02483	0.02698	0.01827	0.01260	0.01325	0.00360	0.07394	0.00947	0.00768	0.01618
18	0.01769	0.01441	0.02018	0.08531	0.07734	0.01482	0.01653	0.02381	0.06641	0.03184	0.05606	0.33324	0.09767	0.02719	0.01346	0.00428	0.00872	0.07027	0.00942	0.01133
19	0.01355	0.01043	0.01240	0.01398	0.01588	0.00928	0.00970	0.01586	0.02318	0.02939	0.08263	0.40346	0.25479	0.03258	0.01394	0.00427	0.00620	0.02873	0.01045	0.00928
20	0.02521	0.02507	0.07590	0.25702	0.21269	0.02481	0.02984	0.07094	0.02542	0.03459	0.02097	0.02903	0.01674	0.01416	0.01487	0.07910	0.01378	0.00986	0.00571	0.01428
21	0.09922	0.03639	0.22410	0.21063	0.05465	0.02675	0.07190	0.07972	0.02602	0.03865	0.02054	0.02610	0.01501	0.01103	0.01074	0.00362	0.01497	0.00923	0.00582	0.01490
22	0.02568	0.03231	0.11673	0.22050	0.10334	0.08785	0.08004	0.03268	0.02351	0.03094	0.01916	0.02676	0.01530	0.01249	0.01611	0.00381	0.12388	0.00976	0.00517	0.01398
23	0.02312	0.02834	0.12591	0.25269	0.10771	0.02336	0.06782	0.03110	0.02359	0.03327	0.02039	0.02716	0.01573	0.01020	0.01064	0.00320	0.01390	0.00921	0.00546	0.16721
24	0.01608	0.01206	0.01809	0.01809	0.02010	0.01407	0.01407	0.02010	0.01809	0.02613	0.03015	0.04422	0.02814	0.08441	0.55984	0.01809	0.03015	0.01206	0.00603	0.01005
25	0.02647	0.01804	0.02312	0.02021	0.02255	0.02066	0.01541	0.14191	0.02504	0.03421	0.02064	0.03065	0.01860	0.02903	0.03425	0.38093	0.11193	0.00988	0.00655	0.00990
26	0.01593	0.01150	0.01504	0.01416	0.01681	0.01062	0.01062	0.02124	0.03186	0.04513	0.52830	0.08407	0.10620	0.02301	0.01327	0.00354	0.00531	0.02035	0.01239	0.01062
27	0.02800	0.02418	0.02545	0.02291	0.02927	0.02800	0.01782	0.05981	0.51390	0.04708	0.04581	0.04199	0.03436	0.01527	0.01145	0.00382	0.00891	0.01273	0.01145	0.01782
28	0.01955	0.00978	0.01466	0.01466	0.01466	0.00978	0.00978	0.01466	0.01466	0.01955	0.01955	0.03421	0.01955	0.03910	0.04399	0.67253	0.00978	0.00978	0.00489	0.00489
29	0.02786	0.02674	0.04568	0.06908	0.53424	0.02674	0.03454	0.03454	0.02563	0.03677	0.02117	0.02786	0.01783	0.01003	0.01114	0.00334	0.01337	0.01003	0.00557	0.01783
30	0.05050	0.01915	0.02612	0.02003	0.02873	0.01654	0.01654	0.05485	0.03221	0.54203	0.04440	0.03831	0.02786	0.01393	0.01132	0.00348	0.00958	0.01132	0.01393	0.01915
31	0.03009	0.61122	0.05898	0.01926	0.02889	0.04454	0.01926	0.03370	0.02287	0.02648	0.01565	0.01805	0.01444	0.00963	0.00722	0.00241	0.01204	0.00602	0.00481	0.01444
32	0.68395	0.02177	0.01654	0.01480	0.02177	0.02525	0.01219	0.03309	0.01915	0.05050	0.01567	0.01828	0.01219	0.01045	0.00697	0.00348	0.00871	0.00609	0.00697	0.01219
33	0.02671	0.02283	0.02434	0.02197	0.02794	0.02615	0.01705	0.05570	0.46258	0.04688	0.09718	0.04647	0.04201	0.01609	0.01165	0.00379	0.00852	0.01354	0.01155	0.01705
34	0.02126	0.02001	0.03376	0.57739	0.07752	0.02501	0.03126	0.02876	0.02251	0.02876	0.02001	0.03001	0.01500	0.01125	0.01125	0.00375	0.01500	0.01000	0.00500	0.01250
35	0.01608	0.01206	0.01809	0.01809	0.02010	0.01407	0.01407	0.02010	0.01809	0.02613	0.03015	0.04422	0.02814	0.08441	0.55984	0.01809	0.03015	0.01206	0.00603	0.01005
36	0.01699	0.01214	0.01682	0.01942	0.02150	0.01197	0.01614	0.02134	0.02478	0.03240	0.06023	0.24892	0.06728	0.03217	0.01524	0.00502	0.00937	0.34784	0.01039	0.01005
37	0.01437	0.01047	0.01364	0.01568	0.01704	0.00974	0.01114	0.01708	0.02337	0.03091	0.10822	0.44926	0.12217	0.03303	0.01430	0.00447	0.00677	0.07830	0.01061	0.00945
38	0.01461	0.01046	0.01395	0.01569	0.01699	0.00980	0.01109	0.01765	0.02445	0.03320	0.17785	0.43309	0.08160	0.03189	0.01419	0.00436	0.00652	0.06210	0.01092	0.00960
39	0.01381	0.01046	0.01275	0.01421	0.01603	0.00940	0.00989	0.01638	0.02385	0.03090	0.12506	0.39572	0.21691	0.03196	0.01393	0.00423	0.00615	0.02830	0.01065	0.00940
40	0.01726	0.01663	0.07508	0.01907	0.02252	0.01276	0.01685	0.02212	0.02379	0.03287	0.05375	0.28417	0.05909	0.02855	0.01378	0.00451	0.00911	0.20141	0.07608	0.01062
41	0.02322	0.02233	0.03842	0.37905	0.15773	0.02482	0.07703	0.03055	0.02358	0.03170	0.02051	0.02906	0.01589	0.01059	0.01118	0.00350	0.01452	0.01005	0.00532	0.07094
42	0.02666	0.28005	0.09152	0.08295	0.03316	0.03048	0.02056	0.06838	0.02336	0.02968	0.01861	0.02501	0.01624	0.01802	0.01806	0.17921	0.01227	0.00805	0.00541	0.01234
43	0.68395	0.02177	0.01654	0.01480	0.02177	0.02525	0.01219	0.03309	0.01915	0.05050	0.01567	0.01828	0.01219	0.01045	0.00697	0.00348	0.00871	0.00609	0.00697	0.01219
44	0.02710	0.02191	0.02334	0.02085	0.02661	0.02479	0.01624	0.08514	0.37500	0.04811	0.09210	0.04511	0.03984	0.01568	0.01122	0.00362	0.00839	0.01305	0.08556	0.01636
45	0.01608	0.01206	0.01809	0.01809	0.02010	0.01407	0.01407	0.02010	0.01809	0.02613	0.03015	0.04422	0.02814	0.08441	0.55984	0.01809	0.03015	0.01206	0.00603	0.01005
46	0.01371	0.00979	0.01306	0.01567	0.01632	0.00914	0.01045	0.01567	0.02155	0.02873	0.06203	0.59710	0.07444	0.03526	0.01437	0.00457	0.00653	0.03200	0.01045	0.00914
47	0.01700	0.01209	0.01335	0.01266	0.01667	0.01032	0.00962	0.02044	0.02737	0.07738	0.18442	0.09779	0.40814	0.02623	0.01313	0.00373	0.00596	0.02205	0.01111	0.01054
48	0.03009	0.61122	0.05898	0.01926	0.02889	0.04454	0.01926	0.03370	0.02287	0.02648	0.01565	0.01805	0.01444	0.00963	0.00722	0.00241	0.01204	0.00602	0.00481	0.01444
49	0.02126	0.02001	0.03376	0.57739	0.07752	0.02501	0.03126	0.02876	0.02251	0.02876	0.02001	0.03001	0.01500	0.01125	0.01125	0.00375	0.01500	0.01000	0.00500	0.01250
50	0.03192	0.02637	0.04227	0.05918	0.42671	0.02641	0.03118	0.08352	0.02913	0.09728	0.02439	0.02895	0.01909	0.01082	0.01117	0.00336	0.01284	0.01018	0.00709	0.01811
51	0.01972	0.01163	0.01399	0.01379	0.01489	0.01122	0.00860	0.02058	0.01913	0.08187	0.04146	0.16785	0.04573	0.43099	0.04404	0.00888	0.00994	0.01873	0.00830	0.00865
52	0.04319	0.08428	0.07744	0.02388	0.03279	0.13890	0.02088	0.11941	0.03387	0.26674	0.03118	0.02959	0.02123	0.01270	0.01064	0.00325	0.01316	0.00953	0.01015	0.01721
