[name]
unknown

[dist]
# distance from previous block
# <min> <max>
0	113

[block]
# block no. 0 follows, 11 sequences, length 9
# corresponding to MSA columns:
# 136-144
name=unknown_A
#
# <colnr> <probs for GDERKNQSTAVLIFYWHMCP>
#	G	D	E	R	K	N	Q	S	T	A	V	L	I	F	Y	W	H	M	C	P
0	0.01779	0.01550	0.02300	0.27640	0.04555	0.01722	0.02078	0.02309	0.02387	0.03001	0.05717	0.11804	0.17721	0.02149	0.01280	0.00406	0.01083	0.08628	0.00790	0.01100
1	0.02028	0.01338	0.01831	0.10322	0.02750	0.01308	0.01425	0.02453	0.02672	0.10097	0.19463	0.20768	0.14351	0.02409	0.01299	0.00388	0.00777	0.02115	0.01060	0.01146
2	0.02260	0.01319	0.01750	0.01653	0.01801	0.01365	0.01167	0.09038	0.02136	0.02854	0.02503	0.09022	0.02506	0.03470	0.03585	0.49976	0.00986	0.01209	0.00645	0.00756
3	0.02903	0.02339	0.09275	0.06380	0.03209	0.02040	0.02067	0.08740	0.02726	0.15704	0.03585	0.14065	0.03184	0.02889	0.10012	0.00613	0.06465	0.01461	0.00904	0.01438
4	0.02307	0.01386	0.02106	0.16449	0.03353	0.01469	0.01650	0.02432	0.02127	0.09366	0.06969	0.10447	0.03305	0.02665	0.02500	0.27363	0.01038	0.01354	0.00738	0.00975
5	0.02055	0.07989	0.06452	0.09593	0.03102	0.02175	0.01845	0.02823	0.07655	0.03407	0.14931	0.05677	0.11985	0.06744	0.01849	0.00431	0.07770	0.01471	0.00827	0.01219
6	0.23616	0.17004	0.09230	0.01898	0.02856	0.02699	0.01820	0.03549	0.02312	0.10464	0.02079	0.02247	0.01590	0.01033	0.00830	0.00288	0.01051	0.00713	0.00703	0.14017
7	0.08375	0.16174	0.10846	0.02791	0.03643	0.09491	0.09657	0.03969	0.11383	0.03517	0.02301	0.02611	0.01834	0.01216	0.01290	0.00345	0.07495	0.00925	0.00647	0.01488
8	0.06226	0.02594	0.08326	0.07516	0.10166	0.02302	0.06156	0.08775	0.07929	0.04058	0.03035	0.11726	0.02747	0.01483	0.01115	0.00342	0.01155	0.01310	0.00778	0.12260

[dist]
# distance from previous block
# <min> <max>
2	22

[block]
# block no. 1 follows, 11 sequences, length 10
# corresponding to MSA columns:
# 170-179
name=unknown_B
#
# <colnr> <probs for GDERKNQSTAVLIFYWHMCP>
#	G	D	E	R	K	N	Q	S	T	A	V	L	I	F	Y	W	H	M	C	P
0	0.02086	0.01945	0.01970	0.10668	0.02855	0.11038	0.01511	0.02303	0.02217	0.02668	0.03974	0.27370	0.04455	0.12362	0.02256	0.05474	0.01132	0.01979	0.00773	0.00967
1	0.24140	0.03224	0.15560	0.02705	0.06166	0.02552	0.06802	0.05802	0.02365	0.04204	0.01895	0.02299	0.01471	0.01093	0.01137	0.00335	0.05467	0.00812	0.00626	0.11343
2	0.23086	0.02134	0.02473	0.02044	0.02687	0.02331	0.01681	0.04389	0.06727	0.26217	0.03075	0.03027	0.02146	0.01405	0.01463	0.00377	0.11195	0.00964	0.01005	0.01576
3	0.03175	0.02504	0.03310	0.02747	0.03038	0.03186	0.02283	0.11523	0.02586	0.11219	0.02141	0.02711	0.01752	0.01773	0.02850	0.00443	0.39550	0.01012	0.00741	0.01456
4	0.08162	0.02392	0.05831	0.02083	0.02785	0.02296	0.01733	0.12697	0.14982	0.17274	0.03630	0.04107	0.02817	0.11931	0.01920	0.00488	0.01056	0.01177	0.01046	0.01595
5	0.25519	0.02099	0.02456	0.14939	0.03789	0.02320	0.01871	0.04209	0.09778	0.18063	0.02914	0.03012	0.02050	0.01232	0.00985	0.00360	0.01045	0.00945	0.00910	0.01503
6	0.13490	0.02030	0.02219	0.01636	0.02584	0.01673	0.01314	0.02914	0.02263	0.03901	0.01927	0.02249	0.01591	0.00869	0.00810	0.00197	0.00840	0.00657	0.00672	0.56161
7	0.01671	0.01292	0.01579	0.01409	0.01819	0.01116	0.01071	0.02153	0.02931	0.04107	0.36838	0.07815	0.16680	0.02151	0.01245	0.00327	0.00589	0.01865	0.01108	0.12233
8	0.03021	0.02528	0.02670	0.02335	0.03011	0.02903	0.01835	0.12536	0.44474	0.05066	0.04299	0.03975	0.03207	0.01501	0.01142	0.00375	0.00943	0.01234	0.01142	0.01801
9	0.03423	0.12150	0.04362	0.12183	0.04542	0.03361	0.10711	0.26173	0.03829	0.05051	0.02327	0.02670	0.01733	0.01179	0.01098	0.00336	0.01395	0.01002	0.00818	0.01657

[dist]
# distance from previous block
# <min> <max>
8	37

[block]
# block no. 2 follows, 11 sequences, length 27
# corresponding to MSA columns:
# 217-243
name=unknown_C
#
# <colnr> <probs for GDERKNQSTAVLIFYWHMCP>
#	G	D	E	R	K	N	Q	S	T	A	V	L	I	F	Y	W	H	M	C	P
0	0.32608	0.20465	0.07735	0.01792	0.02628	0.02927	0.01694	0.03181	0.02118	0.03914	0.02002	0.06458	0.01827	0.01203	0.00806	0.00312	0.01024	0.00835	0.00636	0.05836
1	0.19917	0.02186	0.02741	0.26789	0.04869	0.02558	0.02232	0.11954	0.02841	0.04422	0.06989	0.03163	0.02397	0.01263	0.01032	0.00359	0.01189	0.01001	0.00745	0.01352
2	0.01771	0.07426	0.02073	0.01714	0.01908	0.01636	0.01298	0.02040	0.02166	0.02928	0.10205	0.24015	0.05559	0.13399	0.07644	0.00673	0.06223	0.05475	0.00853	0.00993
3	0.01747	0.01096	0.01421	0.01560	0.01747	0.00995	0.01085	0.01979	0.02316	0.08207	0.06657	0.47947	0.12530	0.03223	0.01392	0.00436	0.00674	0.02885	0.01081	0.01022
4	0.01406	0.01043	0.01312	0.01456	0.01620	0.00949	0.01011	0.01683	0.02431	0.03219	0.16109	0.40464	0.16855	0.03162	0.01395	0.00423	0.00614	0.02818	0.01082	0.00949
5	0.03367	0.01510	0.01995	0.01682	0.02235	0.01346	0.01328	0.03823	0.03032	0.29299	0.19452	0.09681	0.05585	0.01832	0.01178	0.00349	0.00754	0.01565	0.08510	0.01477
6	0.04119	0.02725	0.03030	0.02398	0.03234	0.02944	0.01956	0.30573	0.14990	0.16681	0.03489	0.03274	0.02436	0.01399	0.01131	0.00350	0.01102	0.01096	0.01188	0.01885
7	0.02962	0.02153	0.02361	0.02060	0.02664	0.02370	0.01617	0.09925	0.30635	0.09730	0.10168	0.04513	0.04026	0.01567	0.01127	0.00358	0.00854	0.01300	0.07965	0.01645
8	0.04809	0.02302	0.02851	0.02186	0.03066	0.02228	0.01806	0.19287	0.03868	0.39488	0.03897	0.03478	0.02514	0.01380	0.01130	0.00345	0.01045	0.01095	0.01310	0.01915
9	0.36838	0.08337	0.02930	0.02080	0.02819	0.02668	0.06191	0.03717	0.02266	0.14101	0.02192	0.02394	0.01621	0.01178	0.01116	0.00353	0.06193	0.00815	0.00780	0.01409
10	0.17045	0.48469	0.04987	0.01830	0.02736	0.04040	0.01774	0.03357	0.02207	0.03164	0.01565	0.01810	0.01396	0.00981	0.00717	0.00264	0.01132	0.00603	0.00528	0.01396
11	0.15244	0.13607	0.02867	0.01760	0.02521	0.02489	0.01500	0.10018	0.02834	0.13895	0.02711	0.02823	0.02017	0.01165	0.00875	0.00291	0.00935	0.00852	0.13225	0.08370
12	0.09757	0.23064	0.11679	0.02082	0.02915	0.02988	0.02036	0.03564	0.10716	0.03575	0.06941	0.03223	0.02751	0.02121	0.07661	0.00497	0.01347	0.00957	0.00701	0.01424
13	0.01846	0.01194	0.01572	0.01479	0.01771	0.01094	0.01107	0.02334	0.03081	0.08308	0.44094	0.13404	0.09663	0.02357	0.01323	0.00364	0.00578	0.02085	0.01231	0.01115
14	0.02240	0.01738	0.02552	0.23305	0.04301	0.02002	0.02092	0.02725	0.02398	0.08663	0.08305	0.10718	0.11844	0.01923	0.01594	0.00397	0.09618	0.01562	0.00807	0.01219
15	0.01947	0.01355	0.01759	0.01672	0.01958	0.01363	0.01304	0.02352	0.02733	0.08206	0.25144	0.14468	0.15677	0.02510	0.01607	0.00402	0.07013	0.06322	0.01092	0.01117
16	0.01955	0.00978	0.01466	0.01466	0.01466	0.00978	0.00978	0.01466	0.01466	0.01955	0.01955	0.03421	0.01955	0.03910	0.04399	0.67253	0.00978	0.00978	0.00489	0.00489
17	0.02868	0.03312	0.15038	0.11819	0.04269	0.08815	0.05860	0.08517	0.02948	0.09071	0.07965	0.08451	0.03150	0.01494	0.01163	0.00359	0.01369	0.01271	0.00797	0.01465
18	0.02615	0.01537	0.02055	0.11910	0.03071	0.01603	0.01582	0.06401	0.02632	0.13131	0.03980	0.16718	0.03595	0.02315	0.05000	0.00460	0.01044	0.01564	0.17510	0.01278
19	0.07747	0.24509	0.03957	0.07969	0.03469	0.09825	0.02001	0.07381	0.11921	0.07370	0.02495	0.02625	0.01944	0.01175	0.00937	0.00310	0.01238	0.00854	0.00749	0.01523
20	0.09213	0.01598	0.01899	0.01639	0.02220	0.01402	0.01252	0.02827	0.02478	0.11453	0.09800	0.20339	0.04608	0.01923	0.01105	0.00323	0.00766	0.01654	0.00964	0.22539
21	0.08953	0.08620	0.03316	0.02389	0.03181	0.07879	0.06981	0.04610	0.08801	0.24232	0.03526	0.03889	0.02618	0.01391	0.01097	0.00351	0.01189	0.04343	0.01011	0.01623
22	0.10095	0.03334	0.06194	0.02364	0.02953	0.18775	0.01944	0.07465	0.06724	0.08640	0.06061	0.03411	0.02640	0.06704	0.01742	0.00415	0.07326	0.01028	0.00799	0.01385
23	0.16590	0.01755	0.02051	0.02117	0.05936	0.01835	0.01462	0.09461	0.02597	0.08004	0.03735	0.23391	0.03838	0.02366	0.01547	0.08569	0.00900	0.01725	0.00906	0.01219
24	0.17641	0.02089	0.02353	0.06920	0.03067	0.02198	0.01657	0.07709	0.12111	0.14798	0.03401	0.08923	0.02745	0.01477	0.01037	0.00349	0.00952	0.01188	0.00978	0.08408
25	0.02566	0.06694	0.07897	0.02028	0.02721	0.02193	0.01815	0.13474	0.06517	0.04307	0.04278	0.11059	0.07769	0.01840	0.01133	0.00350	0.00993	0.06799	0.07727	0.07841
26	0.12548	0.11736	0.09312	0.07446	0.03368	0.02354	0.02021	0.03987	0.02689	0.22500	0.08379	0.03476	0.02926	0.01311	0.01020	0.00335	0.01077	0.01025	0.00935	0.01554

[dist]
# distance from previous block
# <min> <max>
1	54

[block]
# block no. 3 follows, 11 sequences, length 13
# corresponding to MSA columns:
# 301-313
name=unknown_D
#
# <colnr> <probs for GDERKNQSTAVLIFYWHMCP>
#	G	D	E	R	K	N	Q	S	T	A	V	L	I	F	Y	W	H	M	C	P
0	0.02979	0.02748	0.08791	0.08394	0.04247	0.02485	0.13602	0.10513	0.03002	0.10724	0.07223	0.03408	0.02646	0.01303	0.01384	0.00353	0.06303	0.01146	0.00812	0.07936
1	0.09146	0.01938	0.02103	0.01870	0.02414	0.02035	0.01452	0.13466	0.11262	0.09444	0.05491	0.17656	0.12870	0.02134	0.01197	0.00383	0.00858	0.01785	0.01080	0.01415
2	0.02734	0.02411	0.04131	0.03070	0.03989	0.02239	0.21674	0.03830	0.10125	0.08812	0.07681	0.03650	0.02932	0.01185	0.01167	0.00325	0.01274	0.01217	0.00825	0.16728
3	0.02424	0.06195	0.03114	0.02505	0.02926	0.02702	0.05964	0.03849	0.20882	0.03579	0.03697	0.14756	0.03454	0.01959	0.01854	0.00416	0.15900	0.01548	0.00860	0.01416
4	0.03086	0.02003	0.02153	0.01835	0.02407	0.02162	0.01456	0.15698	0.15447	0.09421	0.03719	0.03785	0.02767	0.01383	0.00993	0.00319	0.00836	0.01103	0.27901	0.01528
5	0.03585	0.01898	0.02345	0.01969	0.02615	0.01867	0.01561	0.07726	0.13894	0.27022	0.12482	0.09834	0.04596	0.01769	0.01195	0.00366	0.00863	0.01498	0.01262	0.01651
6	0.04494	0.08144	0.02943	0.02039	0.02883	0.02120	0.01702	0.05341	0.10475	0.41294	0.04163	0.03677	0.02746	0.01369	0.01091	0.00342	0.00973	0.01098	0.01261	0.01846
7	0.01665	0.01266	0.01518	0.01567	0.01789	0.01258	0.01106	0.02383	0.09895	0.03483	0.17123	0.29158	0.11504	0.08784	0.01802	0.00480	0.00698	0.02392	0.01068	0.01061
8	0.03380	0.02040	0.02445	0.02074	0.02695	0.02155	0.01660	0.04805	0.21066	0.22697	0.05262	0.04902	0.10558	0.01723	0.01421	0.00380	0.06569	0.01360	0.01158	0.01650
9	0.02880	0.02212	0.03250	0.11810	0.03896	0.02533	0.06558	0.03727	0.09762	0.12006	0.02690	0.03159	0.02071	0.01612	0.02061	0.04660	0.17298	0.01066	0.00767	0.05981
10	0.08729	0.01489	0.01767	0.01726	0.02095	0.01497	0.01278	0.03121	0.09930	0.12095	0.10056	0.30974	0.05782	0.02497	0.01258	0.00406	0.00749	0.02188	0.01105	0.01258
11	0.02334	0.02001	0.02334	0.01667	0.02667	0.01500	0.01334	0.02834	0.02334	0.03668	0.02001	0.02334	0.01667	0.00834	0.00834	0.00167	0.00834	0.00667	0.00667	0.67325
12	0.28036	0.02334	0.02383	0.01961	0.02699	0.02519	0.01594	0.19034	0.03322	0.15164	0.02962	0.08159	0.02366	0.01457	0.00997	0.00355	0.00989	0.01099	0.01010	0.01558

[dist]
# distance from previous block
# <min> <max>
1	13

[block]
# block no. 4 follows, 11 sequences, length 23
# corresponding to MSA columns:
# 327-349
name=unknown_E
#
# <colnr> <probs for GDERKNQSTAVLIFYWHMCP>
#	G	D	E	R	K	N	Q	S	T	A	V	L	I	F	Y	W	H	M	C	P
0	0.08873	0.09671	0.02926	0.01919	0.02836	0.07101	0.01582	0.09544	0.02774	0.04060	0.01981	0.02247	0.01614	0.00969	0.00864	0.00227	0.01045	0.00707	0.00702	0.38358
1	0.11260	0.15865	0.12137	0.02364	0.03338	0.09516	0.02249	0.13979	0.03177	0.12513	0.02382	0.02459	0.01738	0.01169	0.00968	0.00317	0.01310	0.00833	0.00807	0.01617
2	0.10532	0.01834	0.02289	0.12266	0.03220	0.02036	0.01686	0.13069	0.02753	0.03991	0.08279	0.03591	0.02826	0.02259	0.02213	0.23145	0.01068	0.01074	0.00753	0.01116
3	0.02173	0.01647	0.02277	0.09680	0.02973	0.01895	0.01745	0.02743	0.06105	0.07821	0.08905	0.25396	0.04942	0.02397	0.01808	0.00427	0.12975	0.01977	0.00912	0.01201
4	0.01473	0.01061	0.01343	0.01439	0.01583	0.00987	0.00985	0.01753	0.02435	0.03299	0.20669	0.32711	0.11622	0.10935	0.01986	0.00506	0.00669	0.02558	0.01055	0.00931
5	0.01762	0.01095	0.01461	0.01589	0.01761	0.01007	0.01107	0.02027	0.02401	0.08123	0.12455	0.47172	0.07426	0.03149	0.01392	0.00432	0.00666	0.02837	0.01106	0.01033
6	0.05050	0.01915	0.02612	0.02003	0.02873	0.01654	0.01654	0.05485	0.03221	0.54203	0.04440	0.03831	0.02786	0.01393	0.01132	0.00348	0.00958	0.01132	0.01393	0.01915
7	0.02118	0.01523	0.01826	0.01716	0.02112	0.01526	0.01340	0.05832	0.10727	0.06945	0.25648	0.11339	0.12958	0.02316	0.01311	0.00387	0.00729	0.07233	0.01164	0.01249
8	0.68395	0.02177	0.01654	0.01480	0.02177	0.02525	0.01219	0.03309	0.01915	0.05050	0.01567	0.01828	0.01219	0.01045	0.00697	0.00348	0.00871	0.00609	0.00697	0.01219
9	0.30991	0.01791	0.01593	0.01422	0.01949	0.01982	0.01137	0.08624	0.02524	0.04916	0.02645	0.02993	0.02048	0.01201	0.00789	0.00309	0.00761	0.00855	0.30243	0.01227
10	0.03237	0.01672	0.02134	0.01801	0.02379	0.01586	0.01425	0.04146	0.10824	0.25428	0.24863	0.05819	0.06192	0.01797	0.01216	0.00356	0.00767	0.01535	0.01289	0.01534
11	0.03009	0.61122	0.05898	0.01926	0.02889	0.04454	0.01926	0.03370	0.02287	0.02648	0.01565	0.01805	0.01444	0.00963	0.00722	0.00241	0.01204	0.00602	0.00481	0.01444
12	0.40112	0.02419	0.02273	0.06476	0.06891	0.05877	0.01679	0.08921	0.02524	0.04796	0.01985	0.02331	0.01537	0.01116	0.00844	0.00336	0.01043	0.00768	0.06730	0.01341
13	0.08236	0.02669	0.02979	0.07593	0.07393	0.07727	0.02069	0.14307	0.10070	0.20571	0.03237	0.03178	0.02263	0.01302	0.01090	0.00346	0.01185	0.01030	0.01032	0.01721
14	0.01727	0.01324	0.01604	0.01503	0.01834	0.01288	0.01136	0.02594	0.09752	0.04362	0.41158	0.08122	0.14765	0.02261	0.01303	0.00361	0.00585	0.01972	0.01203	0.01148
15	0.02455	0.02261	0.03532	0.37863	0.12163	0.02762	0.02971	0.07185	0.02482	0.03331	0.01996	0.02862	0.01569	0.01265	0.01530	0.00385	0.10452	0.00999	0.00563	0.01373
16	0.01417	0.01038	0.01331	0.01481	0.01630	0.00952	0.01026	0.01700	0.02439	0.03266	0.17436	0.42099	0.13706	0.03165	0.01399	0.00424	0.00615	0.02835	0.01089	0.00952
17	0.01787	0.01464	0.02068	0.01982	0.02094	0.01796	0.01527	0.02077	0.01810	0.02615	0.03099	0.11017	0.03212	0.12630	0.30779	0.01244	0.15704	0.01447	0.00640	0.01009
18	0.02949	0.01414	0.01848	0.01639	0.02113	0.01258	0.01262	0.03347	0.02870	0.24022	0.16554	0.17724	0.09662	0.02183	0.01237	0.00370	0.00732	0.01889	0.05563	0.01363
19	0.02042	0.01526	0.02245	0.28713	0.04499	0.01758	0.01964	0.02677	0.02421	0.03597	0.09631	0.04194	0.03276	0.01357	0.01026	0.00330	0.01001	0.01161	0.25433	0.01149
20	0.08696	0.28564	0.04387	0.02139	0.03111	0.03077	0.07409	0.03210	0.02314	0.03330	0.01800	0.02137	0.01532	0.00925	0.00831	0.00242	0.01131	0.00713	0.00575	0.23877
21	0.02648	0.01965	0.02488	0.02365	0.08658	0.01761	0.01607	0.03489	0.09250	0.09912	0.07781	0.03873	0.03154	0.06500	0.01434	0.00340	0.00911	0.01068	0.00865	0.29933
22	0.39248	0.09536	0.02821	0.02463	0.09520	0.02899	0.01753	0.08113	0.06811	0.04738	0.02024	0.02255	0.01591	0.01102	0.00839	0.00335	0.01013	0.00762	0.00733	0.01442

[dist]
# distance from previous block
# <min> <max>
0	8

[block]
# block no. 5 follows, 11 sequences, length 25
# corresponding to MSA columns:
# 379-403
name=unknown_F
#
# <colnr> <probs for GDERKNQSTAVLIFYWHMCP>
#	G	D	E	R	K	N	Q	S	T	A	V	L	I	F	Y	W	H	M	C	P
0	0.35322	0.02043	0.01955	0.01730	0.02345	0.02251	0.01377	0.07750	0.08313	0.09572	0.07531	0.09328	0.03241	0.01550	0.00969	0.00364	0.00860	0.01189	0.00943	0.01367
1	0.02896	0.20231	0.08631	0.13135	0.04406	0.03030	0.09857	0.07550	0.02695	0.08231	0.02556	0.07314	0.02159	0.01287	0.01059	0.00335	0.01344	0.01114	0.00689	0.01481
2	0.01922	0.01155	0.01364	0.01336	0.01424	0.01124	0.00811	0.01984	0.01840	0.07053	0.03920	0.12778	0.04339	0.48762	0.04834	0.00953	0.01031	0.01762	0.00787	0.00821
3	0.02728	0.03875	0.25080	0.03202	0.04377	0.02535	0.14210	0.07945	0.06790	0.08007	0.02927	0.08002	0.02356	0.01351	0.01181	0.00371	0.01470	0.01242	0.00738	0.01614
4	0.02862	0.08394	0.02786	0.02007	0.02529	0.02250	0.01614	0.07271	0.02535	0.12352	0.03173	0.11886	0.02990	0.08625	0.02089	0.00435	0.11422	0.01330	0.00844	0.12609
5	0.08533	0.01554	0.02101	0.01787	0.02301	0.01453	0.05141	0.03092	0.02772	0.16127	0.17686	0.11774	0.11045	0.01962	0.01184	0.00360	0.00795	0.01704	0.07340	0.01290
6	0.09089	0.01578	0.01714	0.01484	0.02021	0.01558	0.01169	0.03680	0.08260	0.14381	0.03583	0.03730	0.02662	0.01285	0.00894	0.00293	0.00716	0.01016	0.33585	0.07302
7	0.02458	0.02669	0.09298	0.18002	0.16572	0.02529	0.02762	0.03958	0.16996	0.03827	0.06891	0.03666	0.02869	0.01303	0.01138	0.00363	0.01221	0.01145	0.00762	0.01571
8	0.01371	0.00979	0.01306	0.01567	0.01632	0.00914	0.01045	0.01567	0.02155	0.02873	0.06203	0.59710	0.07444	0.03526	0.01437	0.00457	0.00653	0.03200	0.01045	0.00914
9	0.02547	0.15245	0.17124	0.03402	0.12636	0.02868	0.06963	0.03705	0.09941	0.03686	0.08336	0.03379	0.02906	0.01239	0.01072	0.00334	0.01282	0.01069	0.00691	0.01574
10	0.68395	0.02177	0.01654	0.01480	0.02177	0.02525	0.01219	0.03309	0.01915	0.05050	0.01567	0.01828	0.01219	0.01045	0.00697	0.00348	0.00871	0.00609	0.00697	0.01219
11	0.02462	0.02462	0.03447	0.02955	0.02955	0.03447	0.02462	0.02709	0.01724	0.02709	0.01477	0.02462	0.01477	0.01970	0.03694	0.00492	0.58385	0.00985	0.00492	0.01231
12	0.03533	0.15239	0.12443	0.02678	0.03720	0.02848	0.09399	0.08564	0.07330	0.18730	0.02971	0.02980	0.02099	0.01191	0.01067	0.00334	0.01286	0.01004	0.00882	0.01704
13	0.03313	0.46964	0.05210	0.02173	0.03039	0.17523	0.01989	0.03656	0.02516	0.02675	0.01609	0.01862	0.01446	0.01013	0.00797	0.00253	0.01413	0.00633	0.00506	0.01409
14	0.01955	0.00978	0.01466	0.01466	0.01466	0.00978	0.00978	0.01466	0.01466	0.01955	0.01955	0.03421	0.01955	0.03910	0.04399	0.67253	0.00978	0.00978	0.00489	0.00489
15	0.01569	0.01150	0.01472	0.01391	0.01667	0.01052	0.01043	0.02078	0.03130	0.04381	0.49100	0.08626	0.14432	0.02350	0.01328	0.00356	0.00535	0.02066	0.01222	0.01052
16	0.02126	0.02001	0.03376	0.57739	0.07752	0.02501	0.03126	0.02876	0.02251	0.02876	0.02001	0.03001	0.01500	0.01125	0.01125	0.00375	0.01500	0.01000	0.00500	0.01250
17	0.37785	0.14805	0.02999	0.01866	0.02672	0.03184	0.01610	0.15532	0.02883	0.05084	0.01866	0.02054	0.01449	0.01108	0.00815	0.00323	0.01037	0.00714	0.00764	0.01449
18	0.02214	0.01225	0.01638	0.01619	0.01910	0.01112	0.01179	0.02552	0.02663	0.14232	0.18534	0.33851	0.07319	0.02739	0.01342	0.00406	0.00685	0.02443	0.01172	0.01167
19	0.04104	0.07302	0.08040	0.02720	0.09019	0.02221	0.02140	0.04944	0.08267	0.33784	0.03716	0.03444	0.02500	0.01296	0.01092	0.00342	0.01082	0.01060	0.01105	0.01822
20	0.01685	0.01103	0.01313	0.01342	0.01370	0.01103	0.00833	0.01698	0.01726	0.02292	0.03667	0.07594	0.04161	0.49062	0.05151	0.06994	0.01075	0.06424	0.00703	0.00703
21	0.03217	0.02132	0.02787	0.02295	0.02984	0.02222	0.07176	0.05003	0.25372	0.16687	0.04119	0.03971	0.02978	0.01389	0.01102	0.00353	0.00963	0.01206	0.12386	0.01658
22	0.02752	0.02800	0.08246	0.02783	0.03523	0.02694	0.09307	0.12656	0.02912	0.04179	0.06237	0.03054	0.02390	0.01399	0.01780	0.00353	0.16195	0.01050	0.00731	0.14960
23	0.02971	0.13657	0.02838	0.01863	0.02460	0.02196	0.01522	0.03870	0.11735	0.16960	0.12095	0.14681	0.04782	0.01878	0.01140	0.00354	0.00869	0.01585	0.01073	0.01469
24	0.03445	0.06487	0.07399	0.12424	0.08493	0.02291	0.02290	0.04353	0.08444	0.22390	0.03195	0.03237	0.02238	0.01219	0.01070	0.00333	0.01144	0.01010	0.00925	0.07614

[dist]
# distance from previous block
# <min> <max>
0	81

[block]
# block no. 6 follows, 11 sequences, length 13
# corresponding to MSA columns:
# 497-509
name=unknown_G
#
# <colnr> <probs for GDERKNQSTAVLIFYWHMCP>
#	G	D	E	R	K	N	Q	S	T	A	V	L	I	F	Y	W	H	M	C	P
0	0.09747	0.01879	0.02196	0.07951	0.02973	0.02058	0.01636	0.07429	0.15978	0.08606	0.04350	0.22291	0.04146	0.02075	0.01189	0.00396	0.00909	0.01784	0.01014	0.01394
1	0.03107	0.01972	0.03119	0.39026	0.06114	0.02216	0.02632	0.03752	0.02577	0.20109	0.02820	0.03279	0.01932	0.01215	0.01127	0.00366	0.01318	0.01044	0.00800	0.01474
2	0.02766	0.01432	0.02019	0.01815	0.02220	0.01458	0.01416	0.03139	0.02266	0.19891	0.03547	0.04523	0.02934	0.11363	0.32457	0.01245	0.02129	0.01225	0.00876	0.01278
3	0.04138	0.01944	0.02519	0.01890	0.02804	0.01603	0.01547	0.04595	0.02923	0.37236	0.03621	0.03328	0.02410	0.01205	0.01032	0.00287	0.00916	0.00976	0.01149	0.23877
4	0.02334	0.02001	0.02334	0.01667	0.02667	0.01500	0.01334	0.02834	0.02334	0.03668	0.02001	0.02334	0.01667	0.00834	0.00834	0.00167	0.00834	0.00667	0.00667	0.67325
5	0.02475	0.02411	0.04259	0.29508	0.27705	0.02615	0.08325	0.03211	0.02433	0.03309	0.02082	0.02910	0.01648	0.01052	0.01143	0.00358	0.01472	0.01037	0.00533	0.01515
6	0.02334	0.02001	0.02334	0.01667	0.02667	0.01500	0.01334	0.02834	0.02334	0.03668	0.02001	0.02334	0.01667	0.00834	0.00834	0.00167	0.00834	0.00667	0.00667	0.67325
7	0.02518	0.02038	0.02704	0.12775	0.03655	0.02168	0.01944	0.03279	0.07628	0.07696	0.02756	0.07795	0.02389	0.01463	0.01546	0.00333	0.11929	0.01117	0.00749	0.23517
8	0.02513	0.01667	0.01918	0.01681	0.02103	0.01664	0.01262	0.13405	0.03164	0.09229	0.14451	0.12031	0.13448	0.13825	0.02152	0.00512	0.00871	0.01801	0.01063	0.01238
9	0.02934	0.08864	0.07294	0.16653	0.04283	0.02757	0.02360	0.11660	0.07008	0.09184	0.08054	0.03499	0.02847	0.01404	0.01321	0.00358	0.06084	0.01094	0.00831	0.01510
10	0.02827	0.01645	0.02042	0.01819	0.02293	0.01612	0.01397	0.08363	0.08001	0.17039	0.18162	0.19492	0.06139	0.02207	0.01266	0.00380	0.00784	0.01920	0.01206	0.01405
11	0.20909	0.01743	0.01994	0.01782	0.02234	0.01856	0.01381	0.03280	0.02292	0.17872	0.03658	0.16634	0.03442	0.07798	0.01823	0.00464	0.07083	0.01510	0.00952	0.01291
12	0.38215	0.07462	0.02791	0.12686	0.03599	0.02597	0.05811	0.03154	0.02187	0.04240	0.06115	0.02723	0.02144	0.01153	0.00891	0.00347	0.01083	0.00869	0.00675	0.01258

[dist]
# distance from previous block
# <min> <max>
1	3

[block]
# block no. 7 follows, 11 sequences, length 26
# corresponding to MSA columns:
# 513-538
name=unknown_H
#
# <colnr> <probs for GDERKNQSTAVLIFYWHMCP>
#	G	D	E	R	K	N	Q	S	T	A	V	L	I	F	Y	W	H	M	C	P
0	0.02606	0.02311	0.03244	0.29670	0.10823	0.02704	0.02647	0.08181	0.18072	0.03926	0.02892	0.03328	0.02180	0.01259	0.01130	0.00369	0.01266	0.01088	0.00767	0.01537
1	0.01470	0.01086	0.01453	0.01553	0.01724	0.01069	0.01118	0.01792	0.02316	0.03152	0.15213	0.30919	0.11557	0.04426	0.14851	0.00762	0.01203	0.02393	0.00975	0.00970
2	0.03129	0.08638	0.07788	0.02837	0.11420	0.02224	0.02090	0.08193	0.03002	0.15932	0.13633	0.04148	0.03892	0.01632	0.01366	0.05359	0.01051	0.01198	0.00940	0.01527
3	0.02945	0.01805	0.02108	0.01844	0.02370	0.01868	0.01419	0.04398	0.21214	0.16563	0.13662	0.05258	0.04689	0.07943	0.01641	0.00435	0.00832	0.01407	0.06097	0.01503
4	0.10160	0.02524	0.03199	0.07017	0.03647	0.02863	0.07091	0.16252	0.15167	0.04803	0.03117	0.03922	0.02531	0.01521	0.01396	0.00389	0.06790	0.05147	0.00904	0.01563
5	0.01729	0.01245	0.01580	0.01728	0.01903	0.01230	0.01241	0.06818	0.02537	0.03377	0.05802	0.48805	0.06751	0.03250	0.01415	0.00450	0.00755	0.07296	0.01053	0.01034
6	0.02257	0.05822	0.54613	0.03208	0.04871	0.02614	0.04158	0.03564	0.02376	0.03564	0.02020	0.02376	0.01426	0.01069	0.01069	0.00356	0.01663	0.00832	0.00475	0.01663
7	0.04979	0.02029	0.02682	0.02056	0.02930	0.01822	0.01699	0.09531	0.03411	0.49889	0.04281	0.03728	0.02706	0.01389	0.01131	0.00347	0.00983	0.01121	0.01369	0.01915
8	0.01410	0.01010	0.01341	0.01541	0.01641	0.00940	0.01048	0.01665	0.02337	0.03162	0.14420	0.50669	0.08004	0.03310	0.01417	0.00439	0.00631	0.02995	0.01079	0.00940
9	0.01371	0.00979	0.01306	0.01567	0.01632	0.00914	0.01045	0.01567	0.02155	0.02873	0.06203	0.59710	0.07444	0.03526	0.01437	0.00457	0.00653	0.03200	0.01045	0.00914
10	0.01655	0.01321	0.01826	0.01602	0.01995	0.01195	0.05691	0.02136	0.02818	0.03851	0.27424	0.08318	0.24432	0.02264	0.01271	0.00356	0.00679	0.01985	0.08119	0.01064
11	0.68395	0.02177	0.01654	0.01480	0.02177	0.02525	0.01219	0.03309	0.01915	0.05050	0.01567	0.01828	0.01219	0.01045	0.00697	0.00348	0.00871	0.00609	0.00697	0.01219
12	0.02462	0.02462	0.03447	0.02955	0.02955	0.03447	0.02462	0.02709	0.01724	0.02709	0.01477	0.02462	0.01477	0.01970	0.03694	0.00492	0.58385	0.00985	0.00492	0.01231
13	0.02331	0.11245	0.49836	0.03082	0.04677	0.02794	0.03940	0.03545	0.02368	0.03475	0.01975	0.02320	0.01428	0.01059	0.01035	0.00345	0.01618	0.00809	0.00476	0.01642
14	0.03009	0.61122	0.05898	0.01926	0.02889	0.04454	0.01926	0.03370	0.02287	0.02648	0.01565	0.01805	0.01444	0.00963	0.00722	0.00241	0.01204	0.00602	0.00481	0.01444
15	0.01955	0.00978	0.01466	0.01466	0.01466	0.00978	0.00978	0.01466	0.01466	0.01955	0.01955	0.03421	0.01955	0.03910	0.04399	0.67253	0.00978	0.00978	0.00489	0.00489
16	0.01569	0.01132	0.01483	0.01432	0.01676	0.01046	0.01060	0.02063	0.03074	0.04335	0.47744	0.14004	0.10274	0.02435	0.01339	0.00365	0.00544	0.02162	0.01218	0.01046
17	0.02145	0.01961	0.02811	0.02450	0.02623	0.02391	0.06046	0.02663	0.06415	0.02893	0.03107	0.13881	0.03285	0.14320	0.03268	0.00591	0.25744	0.01573	0.00697	0.01137
18	0.11015	0.02969	0.03103	0.02438	0.03289	0.03313	0.02002	0.40001	0.09870	0.06618	0.02782	0.02769	0.02002	0.01337	0.01082	0.00344	0.01162	0.00998	0.01082	0.01825
19	0.02561	0.01334	0.01704	0.01527	0.01952	0.01198	0.01174	0.03001	0.02929	0.18028	0.24505	0.12459	0.11879	0.02133	0.01227	0.00356	0.00667	0.01840	0.08256	0.01271
20	0.04069	0.01916	0.02752	0.02145	0.02913	0.01762	0.06632	0.04795	0.06847	0.35601	0.04077	0.03842	0.02740	0.01341	0.01090	0.00338	0.00974	0.01149	0.13311	0.01702
21	0.01955	0.00978	0.01466	0.01466	0.01466	0.00978	0.00978	0.01466	0.01466	0.01955	0.01955	0.03421	0.01955	0.03910	0.04399	0.67253	0.00978	0.00978	0.00489	0.00489
22	0.02847	0.02664	0.03919	0.22923	0.05295	0.08522	0.11613	0.03435	0.02414	0.08484	0.02167	0.02867	0.01668	0.01319	0.01745	0.00391	0.14691	0.01044	0.00616	0.01375
23	0.02334	0.02001	0.02334	0.01667	0.02667	0.01500	0.01334	0.02834	0.02334	0.03668	0.02001	0.02334	0.01667	0.00834	0.00834	0.00167	0.00834	0.00667	0.00667	0.67325
24	0.02701	0.07729	0.03424	0.11371	0.09246	0.07435	0.06830	0.03209	0.02507	0.07816	0.02964	0.13075	0.02771	0.01494	0.01104	0.00327	0.01229	0.01326	0.00729	0.12713
25	0.08917	0.02160	0.03097	0.06756	0.03534	0.02065	0.10021	0.08325	0.02903	0.12851	0.07226	0.04051	0.07540	0.01356	0.01100	0.00322	0.01095	0.01193	0.00894	0.14594

[dist]
# distance from previous block
# <min> <max>
0	27

[block]
# block no. 8 follows, 11 sequences, length 21
# corresponding to MSA columns:
# 566-586
name=unknown_I
#
# <colnr> <probs for GDERKNQSTAVLIFYWHMCP>
#	G	D	E	R	K	N	Q	S	T	A	V	L	I	F	Y	W	H	M	C	P
0	0.10086	0.02304	0.03124	0.10088	0.03841	0.02413	0.08205	0.13062	0.07856	0.09924	0.03161	0.09773	0.02642	0.01471	0.01121	0.00355	0.01153	0.01281	0.00900	0.07241
1	0.03385	0.02330	0.03196	0.13597	0.09869	0.02475	0.02295	0.12283	0.03039	0.16318	0.02675	0.02965	0.01944	0.01279	0.01394	0.00342	0.08033	0.00987	0.00863	0.10733
2	0.02747	0.01821	0.02651	0.02142	0.02857	0.01558	0.07167	0.03228	0.02572	0.15100	0.03888	0.15273	0.03633	0.01774	0.01165	0.00333	0.00978	0.06670	0.00940	0.23503
3	0.02695	0.02200	0.07320	0.02307	0.03002	0.01882	0.11424	0.08198	0.02921	0.09314	0.08997	0.04096	0.03310	0.01344	0.01058	0.00322	0.01029	0.01209	0.25991	0.01380
4	0.01371	0.00979	0.01306	0.01567	0.01632	0.00914	0.01045	0.01567	0.02155	0.02873	0.06203	0.59710	0.07444	0.03526	0.01437	0.00457	0.00653	0.03200	0.01045	0.00914
5	0.01423	0.01017	0.01366	0.01627	0.01715	0.00959	0.01135	0.01657	0.02206	0.02931	0.06175	0.54176	0.07330	0.03477	0.01450	0.00464	0.00698	0.08220	0.01044	0.00929
6	0.03169	0.02601	0.02753	0.02365	0.03068	0.02972	0.01871	0.16903	0.39866	0.05305	0.04111	0.03825	0.03055	0.01483	0.01140	0.00371	0.00978	0.01208	0.01140	0.01815
7	0.04899	0.02157	0.02762	0.02117	0.02994	0.02013	0.01749	0.14115	0.03626	0.45002	0.04101	0.03610	0.02616	0.01385	0.01131	0.00346	0.01013	0.01109	0.01341	0.01915
8	0.04279	0.03153	0.03378	0.02590	0.03490	0.03490	0.02139	0.49671	0.05292	0.07093	0.02702	0.02702	0.01914	0.01351	0.01126	0.00338	0.01239	0.01013	0.01126	0.01914
9	0.02294	0.01560	0.02436	0.02356	0.02784	0.01508	0.06980	0.02849	0.02674	0.09493	0.05375	0.10578	0.05514	0.02668	0.01479	0.00483	0.01121	0.35625	0.01028	0.01194
10	0.03009	0.61122	0.05898	0.01926	0.02889	0.04454	0.01926	0.03370	0.02287	0.02648	0.01565	0.01805	0.01444	0.00963	0.00722	0.00241	0.01204	0.00602	0.00481	0.01444
11	0.02126	0.02001	0.03376	0.57739	0.07752	0.02501	0.03126	0.02876	0.02251	0.02876	0.02001	0.03001	0.01500	0.01125	0.01125	0.00375	0.01500	0.01000	0.00500	0.01250
12	0.03600	0.02816	0.02996	0.02452	0.03232	0.03173	0.01975	0.29629	0.26438	0.05999	0.03564	0.03389	0.02612	0.01432	0.01135	0.00358	0.01079	0.01132	0.01135	0.01853
13	0.01618	0.01157	0.01582	0.01801	0.01986	0.01122	0.01429	0.02014	0.02496	0.03316	0.11676	0.30170	0.07344	0.03172	0.01482	0.00475	0.00829	0.24273	0.01064	0.00993
14	0.02095	0.01842	0.01913	0.01994	0.02323	0.07917	0.01612	0.02818	0.07925	0.03470	0.10440	0.15046	0.10098	0.02648	0.01391	0.00441	0.01008	0.22874	0.01015	0.01131
15	0.01360	0.01024	0.01260	0.01449	0.01602	0.00924	0.00992	0.01580	0.02268	0.02919	0.07638	0.46227	0.20002	0.03340	0.01407	0.00436	0.00630	0.02972	0.01045	0.00924
16	0.01955	0.00978	0.01466	0.01466	0.01466	0.00978	0.00978	0.01466	0.01466	0.01955	0.01955	0.03421	0.01955	0.03910	0.04399	0.67253	0.00978	0.00978	0.00489	0.00489
17	0.02767	0.02397	0.03444	0.20145	0.09064	0.02740	0.05771	0.14273	0.07345	0.04319	0.07841	0.03546	0.02786	0.01401	0.01416	0.00373	0.06921	0.01160	0.00794	0.01498
18	0.02540	0.01849	0.02269	0.01763	0.02502	0.01629	0.01415	0.03004	0.02327	0.08977	0.02500	0.02916	0.02017	0.01798	0.06566	0.00388	0.06074	0.00840	0.07928	0.40698
19	0.03262	0.27006	0.12619	0.02386	0.03404	0.03657	0.02338	0.18269	0.09026	0.04437	0.02351	0.02462	0.01823	0.01169	0.00955	0.00307	0.01252	0.00847	0.00761	0.01667
20	0.10555	0.08778	0.08626	0.02158	0.03092	0.02154	0.05181	0.03431	0.02475	0.11485	0.02777	0.03746	0.02317	0.01266	0.00999	0.00302	0.01087	0.06211	0.00779	0.22582

[dist]
# distance from previous block
# <min> <max>
0	13

[block]
# block no. 9 follows, 11 sequences, length 27
# corresponding to MSA columns:
# 600-626
name=unknown_J
#
# <colnr> <probs for GDERKNQSTAVLIFYWHMCP>
#	G	D	E	R	K	N	Q	S	T	A	V	L	I	F	Y	W	H	M	C	P
0	0.10938	0.02624	0.02890	0.07787	0.03557	0.02942	0.01995	0.24120	0.17191	0.09648	0.03167	0.03140	0.02287	0.01346	0.01083	0.00356	0.01104	0.01048	0.01043	0.01734
1	0.39374	0.02795	0.07398	0.02004	0.02838	0.02793	0.01790	0.14620	0.08255	0.05349	0.02216	0.02353	0.01650	0.01173	0.00885	0.00350	0.01038	0.00801	0.00826	0.01490
2	0.01417	0.01031	0.01336	0.01497	0.01634	0.00950	0.01032	0.01696	0.02421	0.03254	0.17074	0.44061	0.12045	0.03194	0.01403	0.00427	0.00619	0.02869	0.01088	0.00950
3	0.01955	0.00978	0.01466	0.01466	0.01466	0.00978	0.00978	0.01466	0.01466	0.01955	0.01955	0.03421	0.01955	0.03910	0.04399	0.67253	0.00978	0.00978	0.00489	0.00489
4	0.01759	0.01247	0.01703	0.01930	0.02143	0.01242	0.01616	0.02189	0.02440	0.03184	0.05677	0.15504	0.06252	0.10276	0.02065	0.00585	0.01015	0.37196	0.00993	0.00983
5	0.09238	0.02665	0.02795	0.02212	0.03012	0.06384	0.01804	0.24787	0.03975	0.21581	0.03187	0.03074	0.02189	0.01324	0.01059	0.00332	0.01118	0.01003	0.06514	0.01747
6	0.02991	0.10312	0.27074	0.02559	0.03711	0.02501	0.02821	0.08238	0.02797	0.13882	0.03043	0.09773	0.02498	0.01456	0.01095	0.00353	0.01303	0.01179	0.00795	0.01621
7	0.03744	0.02910	0.14731	0.02302	0.03274	0.02093	0.02233	0.09074	0.07341	0.27945	0.09087	0.03918	0.03307	0.01425	0.01140	0.00353	0.01098	0.01162	0.01114	0.01750
8	0.04346	0.03044	0.03310	0.02538	0.03436	0.03329	0.02097	0.45783	0.05110	0.11238	0.02855	0.02802	0.01991	0.01355	0.01126	0.00339	0.01214	0.01024	0.01149	0.01914
9	0.01508	0.01082	0.01441	0.01565	0.01731	0.01015	0.01138	0.01872	0.02610	0.03574	0.24517	0.34237	0.08585	0.02997	0.01407	0.00423	0.00648	0.07543	0.01120	0.00986
10	0.68395	0.02177	0.01654	0.01480	0.02177	0.02525	0.01219	0.03309	0.01915	0.05050	0.01567	0.01828	0.01219	0.01045	0.00697	0.00348	0.00871	0.00609	0.00697	0.01219
11	0.02673	0.36406	0.27671	0.02499	0.03775	0.03631	0.02924	0.03457	0.02327	0.03058	0.01768	0.02061	0.01436	0.01010	0.00877	0.00292	0.01409	0.00705	0.00479	0.01542
12	0.05050	0.01915	0.02612	0.02003	0.02873	0.01654	0.01654	0.05485	0.03221	0.54203	0.04440	0.03831	0.02786	0.01393	0.01132	0.00348	0.00958	0.01132	0.01393	0.01915
13	0.47967	0.02092	0.01963	0.01649	0.02401	0.02244	0.01359	0.04010	0.02337	0.20901	0.02494	0.02474	0.01724	0.01157	0.00837	0.00348	0.00899	0.00778	0.00921	0.01444
14	0.04702	0.02402	0.09084	0.02153	0.03122	0.01774	0.01966	0.05246	0.03116	0.47900	0.04139	0.03650	0.02617	0.01353	0.01124	0.00349	0.01046	0.01095	0.01279	0.01884
15	0.03738	0.03697	0.03341	0.02749	0.03470	0.22260	0.06053	0.21338	0.07496	0.04782	0.07410	0.03160	0.02700	0.01354	0.01124	0.00329	0.01488	0.01055	0.00892	0.01564
16	0.02364	0.01561	0.01816	0.01633	0.01885	0.01825	0.01300	0.06500	0.02448	0.04077	0.03065	0.03657	0.02467	0.01473	0.01512	0.00324	0.14474	0.01031	0.45425	0.01164
17	0.01371	0.00979	0.01306	0.01567	0.01632	0.00914	0.01045	0.01567	0.02155	0.02873	0.06203	0.59710	0.07444	0.03526	0.01437	0.00457	0.00653	0.03200	0.01045	0.00914
18	0.68395	0.02177	0.01654	0.01480	0.02177	0.02525	0.01219	0.03309	0.01915	0.05050	0.01567	0.01828	0.01219	0.01045	0.00697	0.00348	0.00871	0.00609	0.00697	0.01219
19	0.01614	0.01180	0.01679	0.01679	0.01835	0.01336	0.01245	0.01926	0.01770	0.02517	0.03134	0.05080	0.03100	0.20070	0.44747	0.01648	0.02585	0.01302	0.00621	0.00933
20	0.01677	0.01287	0.01913	0.08679	0.02602	0.01493	0.01507	0.02059	0.01837	0.02578	0.02972	0.04707	0.02851	0.15704	0.41258	0.01518	0.02524	0.01248	0.00603	0.00985
21	0.57654	0.02216	0.01800	0.01613	0.02299	0.02570	0.01311	0.03746	0.10017	0.04994	0.02061	0.02217	0.01582	0.01124	0.00770	0.00354	0.00874	0.00718	0.00770	0.01311
22	0.40083	0.02060	0.02082	0.01714	0.02488	0.02136	0.01413	0.04281	0.02499	0.27019	0.02851	0.02723	0.01919	0.01200	0.00891	0.00348	0.00910	0.00843	0.01008	0.01530
23	0.08405	0.01887	0.02187	0.01796	0.02416	0.01890	0.01445	0.13917	0.03432	0.19858	0.15097	0.04565	0.04333	0.01557	0.01086	0.00333	0.00841	0.01264	0.12177	0.01516
24	0.01736	0.01056	0.01302	0.01302	0.01302	0.01056	0.00774	0.01584	0.01584	0.02111	0.03050	0.06136	0.03426	0.42818	0.05314	0.21720	0.01056	0.01431	0.00622	0.00622
25	0.13347	0.09357	0.03128	0.02245	0.02997	0.08959	0.01855	0.23301	0.03631	0.08820	0.02470	0.02697	0.01885	0.02127	0.07833	0.00507	0.01469	0.00908	0.00884	0.01577
26	0.10834	0.02013	0.02397	0.07993	0.03202	0.01758	0.01557	0.03192	0.02371	0.09362	0.02217	0.02512	0.01717	0.00955	0.00882	0.00233	0.00927	0.00749	0.00732	0.44396

[dist]
# distance from previous block
# <min> <max>
0	1

[block]
# block no. 10 follows, 11 sequences, length 20
# corresponding to MSA columns:
# 628-647
name=unknown_K
#
# <colnr> <probs for GDERKNQSTAVLIFYWHMCP>
#	G	D	E	R	K	N	Q	S	T	A	V	L	I	F	Y	W	H	M	C	P
0	0.58042	0.02149	0.01923	0.10269	0.03048	0.02521	0.01517	0.03241	0.01968	0.04710	0.01635	0.02012	0.01263	0.01057	0.00764	0.00352	0.00969	0.00671	0.00666	0.01224
1	0.03306	0.13514	0.03882	0.18817	0.10176	0.11347	0.02503	0.12388	0.03089	0.07421	0.02204	0.02612	0.01686	0.01150	0.01034	0.00324	0.01422	0.00897	0.00699	0.01528
2	0.07876	0.02013	0.02612	0.11040	0.07679	0.02097	0.01899	0.11516	0.03137	0.17673	0.07963	0.03782	0.03020	0.01362	0.01063	0.00337	0.01008	0.01119	0.11273	0.01532
3	0.01901	0.01232	0.01415	0.01320	0.01679	0.01084	0.00972	0.02212	0.02633	0.09650	0.18001	0.08901	0.30126	0.11549	0.01992	0.00482	0.00692	0.02032	0.01073	0.01053
4	0.02346	0.01269	0.01616	0.01581	0.01938	0.01121	0.01163	0.02628	0.02539	0.16654	0.06977	0.33040	0.17104	0.02793	0.01330	0.00410	0.00715	0.02449	0.01138	0.01191
5	0.05050	0.01915	0.02612	0.02003	0.02873	0.01654	0.01654	0.05485	0.03221	0.54203	0.04440	0.03831	0.02786	0.01393	0.01132	0.00348	0.00958	0.01132	0.01393	0.01915
6	0.02632	0.02746	0.03422	0.02950	0.03006	0.08569	0.02434	0.02883	0.01867	0.02713	0.01503	0.02420	0.01475	0.01891	0.03432	0.00473	0.52885	0.00960	0.00501	0.01238
7	0.39565	0.02616	0.02429	0.01979	0.02767	0.02959	0.01633	0.24155	0.03434	0.05969	0.02078	0.02221	0.01532	0.01183	0.00890	0.00344	0.01036	0.00791	0.00890	0.01532
8	0.02035	0.01812	0.02798	0.02357	0.02560	0.02096	0.08896	0.02306	0.01843	0.02613	0.02674	0.04880	0.02792	0.27452	0.10764	0.00895	0.18271	0.01343	0.00599	0.01014
9	0.22279	0.02462	0.02414	0.02099	0.02795	0.02827	0.01672	0.12022	0.29671	0.05181	0.03403	0.03270	0.02548	0.01358	0.01011	0.00365	0.00939	0.01037	0.01011	0.01637
10	0.68395	0.02177	0.01654	0.01480	0.02177	0.02525	0.01219	0.03309	0.01915	0.05050	0.01567	0.01828	0.01219	0.01045	0.00697	0.00348	0.00871	0.00609	0.00697	0.01219
11	0.04953	0.02071	0.02708	0.02076	0.02951	0.01885	0.01715	0.11042	0.03482	0.48279	0.04222	0.03689	0.02676	0.01388	0.01131	0.00347	0.00993	0.01117	0.01359	0.01915
12	0.01401	0.00992	0.01297	0.01529	0.01587	0.00934	0.01004	0.01575	0.02097	0.02795	0.05905	0.53823	0.07067	0.09928	0.01919	0.00528	0.00702	0.03024	0.01004	0.00888
13	0.02462	0.02462	0.03447	0.02955	0.02955	0.03447	0.02462	0.02709	0.01724	0.02709	0.01477	0.02462	0.01477	0.01970	0.03694	0.00492	0.58385	0.00985	0.00492	0.01231
14	0.02275	0.01248	0.01620	0.01592	0.01920	0.01115	0.01166	0.02583	0.02598	0.15402	0.12383	0.32932	0.13189	0.02765	0.01335	0.00407	0.00699	0.02441	0.01153	0.01178
15	0.01955	0.00978	0.01466	0.01466	0.01466	0.00978	0.00978	0.01466	0.01466	0.01955	0.01955	0.03421	0.01955	0.03910	0.04399	0.67253	0.00978	0.00978	0.00489	0.00489
16	0.02283	0.03003	0.15627	0.34210	0.06156	0.02584	0.03125	0.03621	0.11432	0.03384	0.02486	0.03073	0.01843	0.01187	0.01115	0.00372	0.01426	0.01010	0.00614	0.01449
17	0.07996	0.02852	0.10923	0.29342	0.05321	0.08309	0.02636	0.03010	0.02251	0.03049	0.02178	0.03375	0.01864	0.10380	0.01786	0.00472	0.01468	0.01009	0.00550	0.01230
18	0.03225	0.10069	0.10795	0.02458	0.03426	0.02354	0.08904	0.07692	0.02920	0.17846	0.04200	0.04154	0.09959	0.01416	0.01111	0.00333	0.01181	0.01205	0.00904	0.05848
19	0.10864	0.12790	0.25152	0.06552	0.04021	0.02798	0.02810	0.07312	0.02540	0.03878	0.01948	0.02288	0.01483	0.01046	0.00946	0.00311	0.01331	0.00774	0.00588	0.10566

[dist]
# distance from previous block
# <min> <max>
0	14

[block]
# block no. 11 follows, 11 sequences, length 23
# corresponding to MSA columns:
# 662-684
name=unknown_L
#
# <colnr> <probs for GDERKNQSTAVLIFYWHMCP>
#	G	D	E	R	K	N	Q	S	T	A	V	L	I	F	Y	W	H	M	C	P
0	0.18848	0.17958	0.07480	0.06818	0.03123	0.02762	0.01883	0.06384	0.02450	0.07216	0.02749	0.12542	0.02592	0.01522	0.00965	0.00342	0.01073	0.01189	0.00744	0.01360
1	0.41460	0.06460	0.03074	0.07394	0.03460	0.02657	0.10100	0.03475	0.02195	0.07785	0.01932	0.02290	0.01456	0.01053	0.00881	0.00349	0.01143	0.00810	0.00688	0.01339
2	0.07519	0.02683	0.07549	0.02211	0.03111	0.02379	0.01941	0.20523	0.03596	0.17526	0.03182	0.07470	0.02456	0.01414	0.01077	0.00326	0.01077	0.01126	0.01029	0.11803
3	0.01955	0.00978	0.01466	0.01466	0.01466	0.00978	0.00978	0.01466	0.01466	0.01955	0.01955	0.03421	0.01955	0.03910	0.04399	0.67253	0.00978	0.00978	0.00489	0.00489
4	0.02548	0.02404	0.11455	0.02106	0.02721	0.01923	0.01923	0.03608	0.11620	0.11410	0.08300	0.14986	0.04173	0.01899	0.01375	0.00380	0.05722	0.01570	0.08460	0.01417
5	0.02682	0.02207	0.02521	0.01832	0.02815	0.01857	0.01478	0.11227	0.02864	0.04281	0.02126	0.02400	0.01711	0.00926	0.00886	0.00197	0.00906	0.00729	0.00749	0.55604
6	0.02248	0.01985	0.03157	0.16252	0.07736	0.02119	0.09041	0.06222	0.07216	0.03697	0.07789	0.14799	0.04153	0.01898	0.01278	0.00400	0.01186	0.06662	0.00838	0.01323
7	0.02560	0.02098	0.02752	0.02232	0.02700	0.02315	0.01826	0.02946	0.02247	0.08072	0.07788	0.03222	0.02708	0.01549	0.02167	0.00347	0.25951	0.01005	0.00724	0.24790
8	0.11445	0.01852	0.02299	0.01863	0.02585	0.01748	0.01510	0.04679	0.07301	0.35351	0.12797	0.04455	0.04069	0.01528	0.01119	0.00352	0.00865	0.01247	0.01264	0.01671
9	0.02373	0.02159	0.01944	0.01880	0.02266	0.11233	0.01382	0.03282	0.12575	0.03512	0.04307	0.24101	0.04319	0.02105	0.01145	0.00356	0.00943	0.01797	0.11587	0.06733
10	0.32097	0.02481	0.02406	0.01997	0.02759	0.02775	0.01629	0.17571	0.11787	0.10161	0.02701	0.02691	0.01961	0.01252	0.00942	0.00351	0.00990	0.00894	0.00967	0.01587
11	0.68395	0.02177	0.01654	0.01480	0.02177	0.02525	0.01219	0.03309	0.01915	0.05050	0.01567	0.01828	0.01219	0.01045	0.00697	0.00348	0.00871	0.00609	0.00697	0.01219
12	0.02462	0.02462	0.03447	0.02955	0.02955	0.03447	0.02462	0.02709	0.01724	0.02709	0.01477	0.02462	0.01477	0.01970	0.03694	0.00492	0.58385	0.00985	0.00492	0.01231
