[name]
unknown

[dist]
# distance from previous block
# <min> <max>
0	17

[block]
# block no. 0 follows, 11 sequences, length 18
# corresponding to MSA columns:
# 17-34
name=unknown_A
#
# <colnr> <probs for GDERKNQSTAVLIFYWHMCP>
#	G	D	E	R	K	N	Q	S	T	A	V	L	I	F	Y	W	H	M	C	P
0	0.11402	0.02184	0.02446	0.02212	0.02796	0.02370	0.01873	0.22224	0.03632	0.05140	0.04035	0.07126	0.03896	0.02110	0.01265	0.00421	0.01099	0.21311	0.01030	0.01426
1	0.15464	0.02439	0.02586	0.02142	0.02859	0.02659	0.01721	0.22980	0.11121	0.11897	0.03434	0.09855	0.02807	0.01592	0.01089	0.00362	0.01011	0.01261	0.01075	0.01646
2	0.01486	0.01165	0.01556	0.08338	0.02403	0.01144	0.01310	0.01795	0.02296	0.02950	0.06905	0.37721	0.17432	0.03043	0.01382	0.00433	0.00765	0.05922	0.00978	0.00973
3	0.02878	0.02395	0.03999	0.20449	0.34571	0.02502	0.03144	0.03540	0.02556	0.09602	0.02367	0.02973	0.01826	0.01084	0.01119	0.00347	0.01336	0.01018	0.00643	0.01651
4	0.01690	0.01258	0.01558	0.01542	0.01780	0.01240	0.01111	0.02414	0.08661	0.03928	0.31191	0.20241	0.08385	0.07769	0.01730	0.00449	0.00655	0.02189	0.01130	0.01079
5	0.03591	0.02455	0.03050	0.15739	0.04227	0.02689	0.02183	0.25990	0.03990	0.13451	0.08244	0.03576	0.02899	0.01406	0.01149	0.00350	0.01180	0.01140	0.01030	0.01661
6	0.04070	0.03286	0.20853	0.02425	0.03574	0.01991	0.02533	0.04811	0.02925	0.36440	0.03591	0.03321	0.02309	0.01279	0.01110	0.00351	0.01205	0.01027	0.01071	0.01827
7	0.02194	0.01754	0.02073	0.01731	0.02380	0.01502	0.01316	0.07446	0.02589	0.03749	0.03607	0.23267	0.03798	0.01870	0.01085	0.00291	0.00812	0.01627	0.00854	0.36057
8	0.03662	0.30672	0.04419	0.02458	0.03211	0.32563	0.02062	0.03984	0.02780	0.02706	0.01660	0.01928	0.01447	0.01070	0.00882	0.00268	0.01655	0.00669	0.00535	0.01368
9	0.68395	0.02177	0.01654	0.01480	0.02177	0.02525	0.01219	0.03309	0.01915	0.05050	0.01567	0.01828	0.01219	0.01045	0.00697	0.00348	0.00871	0.00609	0.00697	0.01219
10	0.01563	0.01149	0.01463	0.01385	0.01663	0.01049	0.01038	0.02066	0.03115	0.04346	0.48111	0.08684	0.15444	0.02364	0.01328	0.00357	0.00535	0.02074	0.01217	0.01049
11	0.02786	0.02674	0.04568	0.06908	0.53424	0.02674	0.03454	0.03454	0.02563	0.03677	0.02117	0.02786	0.01783	0.01003	0.01114	0.00334	0.01337	0.01003	0.00557	0.01783
12	0.01593	0.01150	0.01504	0.01416	0.01681	0.01062	0.01062	0.02124	0.03186	0.04513	0.52830	0.08407	0.10620	0.02301	0.01327	0.00354	0.00531	0.02035	0.01239	0.01062
13	0.01608	0.01206	0.01809	0.01809	0.02010	0.01407	0.01407	0.02010	0.01809	0.02613	0.03015	0.04422	0.02814	0.08441	0.55984	0.01809	0.03015	0.01206	0.00603	0.01005
14	0.02717	0.04182	0.22478	0.03257	0.04253	0.10143	0.11459	0.03961	0.10408	0.03515	0.02361	0.02758	0.01815	0.01273	0.01525	0.00377	0.10356	0.01003	0.00618	0.01540
15	0.01553	0.01149	0.01448	0.01374	0.01657	0.01045	0.01030	0.02046	0.03091	0.04287	0.46457	0.08780	0.17134	0.02386	0.01328	0.00358	0.00537	0.02088	0.01209	0.01045
16	0.03742	0.02542	0.02821	0.02323	0.03093	0.02774	0.01867	0.19617	0.26669	0.15962	0.03960	0.03650	0.02819	0.01443	0.01136	0.00361	0.01014	0.01161	0.01192	0.01852
17	0.26470	0.02657	0.02685	0.02132	0.02958	0.02922	0.01760	0.28015	0.03862	0.12446	0.02535	0.02546	0.01787	0.01251	0.00979	0.00343	0.01076	0.00889	0.01012	0.01675

[dist]
# distance from previous block
# <min> <max>
0	1

[block]
# block no. 1 follows, 11 sequences, length 9
# corresponding to MSA columns:
# 36-44
name=unknown_B
#
# <colnr> <probs for GDERKNQSTAVLIFYWHMCP>
#	G	D	E	R	K	N	Q	S	T	A	V	L	I	F	Y	W	H	M	C	P
0	0.41443	0.02337	0.02227	0.01830	0.02606	0.02559	0.01509	0.13918	0.02922	0.15502	0.02401	0.02428	0.01690	0.01183	0.00879	0.00346	0.00969	0.00804	0.00932	0.01513
1	0.02562	0.02446	0.04164	0.24155	0.37927	0.02615	0.03343	0.03258	0.02457	0.03405	0.02078	0.02859	0.01687	0.01044	0.01118	0.00348	0.01393	0.01002	0.00538	0.01602
2	0.03350	0.03315	0.10216	0.02763	0.03526	0.11262	0.06300	0.04622	0.15577	0.13919	0.03086	0.03168	0.02270	0.01394	0.01505	0.00373	0.09819	0.01057	0.00867	0.01611
3	0.02624	0.01900	0.01925	0.01827	0.02221	0.09304	0.01391	0.02993	0.02826	0.13723	0.15911	0.20205	0.10108	0.02376	0.01289	0.00386	0.00919	0.05761	0.01089	0.01222
4	0.02334	0.02001	0.02334	0.01667	0.02667	0.01500	0.01334	0.02834	0.02334	0.03668	0.02001	0.02334	0.01667	0.00834	0.00834	0.00167	0.00834	0.00667	0.00667	0.67325
5	0.02729	0.03288	0.15126	0.11388	0.09501	0.02632	0.22226	0.03828	0.06335	0.07905	0.02535	0.03033	0.01854	0.01084	0.01199	0.00368	0.01591	0.01134	0.00654	0.01588
6	0.01908	0.00994	0.01431	0.01431	0.01431	0.00994	0.00934	0.01492	0.01492	0.01989	0.02191	0.04007	0.02272	0.12307	0.04596	0.57426	0.00994	0.01075	0.00517	0.00517
7	0.02756	0.01391	0.01850	0.01730	0.02162	0.01251	0.01350	0.03137	0.02777	0.21268	0.12885	0.21862	0.10067	0.02479	0.01320	0.00405	0.00787	0.08019	0.01195	0.01308
8	0.03998	0.02596	0.03285	0.03258	0.13398	0.02697	0.02217	0.21500	0.10394	0.19756	0.03343	0.03250	0.02347	0.01316	0.01128	0.00346	0.01130	0.01081	0.01090	0.01870

[dist]
# distance from previous block
# <min> <max>
1	6

[block]
# block no. 2 follows, 11 sequences, length 23
# corresponding to MSA columns:
# 51-73
name=unknown_C
#
# <colnr> <probs for GDERKNQSTAVLIFYWHMCP>
#	G	D	E	R	K	N	Q	S	T	A	V	L	I	F	Y	W	H	M	C	P
0	0.03334	0.03093	0.03930	0.04943	0.30522	0.09208	0.02826	0.15529	0.07487	0.04523	0.02431	0.02795	0.01917	0.01155	0.01108	0.00334	0.01356	0.00995	0.00754	0.01759
1	0.03217	0.03095	0.03810	0.04731	0.29094	0.11209	0.02706	0.11848	0.03122	0.04142	0.02145	0.02584	0.01736	0.01066	0.01060	0.00304	0.01358	0.00912	0.00679	0.11181
2	0.03002	0.02719	0.04208	0.05854	0.41500	0.02804	0.03108	0.10355	0.07523	0.04266	0.02432	0.02906	0.01956	0.01102	0.01119	0.00339	0.01281	0.01030	0.00694	0.01802
3	0.02417	0.02265	0.03659	0.34911	0.21782	0.02592	0.03071	0.03429	0.08179	0.03349	0.02344	0.03074	0.01820	0.01134	0.01124	0.00363	0.01376	0.01033	0.00595	0.01484
4	0.03614	0.02826	0.03896	0.04638	0.27652	0.02954	0.02740	0.23868	0.03810	0.09057	0.02552	0.02829	0.01917	0.01185	0.01121	0.00337	0.01265	0.01017	0.00871	0.01851
5	0.01557	0.01276	0.02075	0.02025	0.02245	0.01193	0.08009	0.01861	0.02227	0.02979	0.05637	0.51537	0.06617	0.03155	0.01421	0.00446	0.00832	0.02930	0.00976	0.01001
6	0.02188	0.02064	0.03489	0.52928	0.12075	0.02517	0.03157	0.02930	0.02280	0.02952	0.02012	0.02980	0.01527	0.01114	0.01124	0.00371	0.01485	0.01000	0.00506	0.01301
7	0.02786	0.02674	0.04568	0.06908	0.53424	0.02674	0.03454	0.03454	0.02563	0.03677	0.02117	0.02786	0.01783	0.01003	0.01114	0.00334	0.01337	0.01003	0.00557	0.01783
8	0.03286	0.39517	0.04879	0.07037	0.03484	0.19513	0.02103	0.03660	0.02551	0.02699	0.01654	0.01975	0.01451	0.01035	0.00844	0.00267	0.01474	0.00673	0.00512	0.01386
9	0.02400	0.09009	0.33483	0.02572	0.03777	0.02317	0.03022	0.03369	0.02633	0.08024	0.14267	0.03886	0.03729	0.01381	0.01107	0.00345	0.01296	0.01124	0.00735	0.01524
10	0.03289	0.25385	0.20468	0.02488	0.03603	0.10813	0.02627	0.03954	0.02605	0.11731	0.02224	0.02364	0.01668	0.01098	0.00945	0.00303	0.01427	0.00783	0.00649	0.01574
11	0.01608	0.01206	0.01809	0.01809	0.02010	0.01407	0.01407	0.02010	0.01809	0.02613	0.03015	0.04422	0.02814	0.08441	0.55984	0.01809	0.03015	0.01206	0.00603	0.01005
12	0.02413	0.02562	0.04453	0.25174	0.05933	0.06559	0.21718	0.03143	0.02478	0.03165	0.02592	0.09667	0.02286	0.01340	0.01237	0.00380	0.01603	0.01374	0.00599	0.01324
13	0.02202	0.02150	0.03847	0.50097	0.07482	0.02550	0.09789	0.02981	0.02309	0.02981	0.02040	0.03006	0.01530	0.01100	0.01155	0.00376	0.01558	0.01048	0.00510	0.01289
14	0.02126	0.02001	0.03376	0.57739	0.07752	0.02501	0.03126	0.02876	0.02251	0.02876	0.02001	0.03001	0.01500	0.01125	0.01125	0.00375	0.01500	0.01000	0.00500	0.01250
15	0.01382	0.01094	0.01245	0.01309	0.01578	0.00957	0.00943	0.01679	0.02538	0.03215	0.16172	0.24978	0.32994	0.02967	0.01361	0.00399	0.00589	0.02568	0.01075	0.00957
16	0.02257	0.05822	0.54613	0.03208	0.04871	0.02614	0.04158	0.03564	0.02376	0.03564	0.02020	0.02376	0.01426	0.01069	0.01069	0.00356	0.01663	0.00832	0.00475	0.01663
17	0.01366	0.00999	0.01286	0.01517	0.01619	0.00918	0.01022	0.01573	0.02204	0.02893	0.06820	0.53913	0.12843	0.03446	0.01424	0.00448	0.00643	0.03102	0.01045	0.00918
18	0.01462	0.01145	0.01323	0.01278	0.01601	0.01006	0.00959	0.01870	0.02876	0.03779	0.32165	0.09617	0.31743	0.02575	0.01329	0.00367	0.00551	0.02205	0.01142	0.01006
19	0.02657	0.03036	0.06641	0.04744	0.05882	0.02846	0.49336	0.03605	0.02657	0.03605	0.02277	0.03036	0.01708	0.00949	0.01328	0.00380	0.01898	0.01328	0.00569	0.01518
20	0.03009	0.61122	0.05898	0.01926	0.02889	0.04454	0.01926	0.03370	0.02287	0.02648	0.01565	0.01805	0.01444	0.00963	0.00722	0.00241	0.01204	0.00602	0.00481	0.01444
21	0.01491	0.01030	0.01271	0.01414	0.01450	0.00994	0.00881	0.01599	0.01921	0.02562	0.05006	0.36121	0.05933	0.29176	0.03371	0.00743	0.00850	0.02495	0.00881	0.00810
22	0.14519	0.12873	0.28905	0.02633	0.03855	0.07925	0.02952	0.07562	0.02609	0.03926	0.01906	0.02192	0.01436	0.01082	0.00953	0.00330	0.01453	0.00765	0.00582	0.01541

[dist]
# distance from previous block
# <min> <max>
0	1

[block]
# block no. 3 follows, 11 sequences, length 156
# corresponding to MSA columns:
# 75-156,187-260
name=unknown_D
#
# <colnr> <probs for GDERKNQSTAVLIFYWHMCP>
#	G	D	E	R	K	N	Q	S	T	A	V	L	I	F	Y	W	H	M	C	P
0	0.01637	0.01091	0.01228	0.01228	0.01228	0.01091	0.00682	0.01637	0.01637	0.02182	0.03546	0.07365	0.04092	0.60445	0.05729	0.01091	0.01091	0.01637	0.00682	0.00682
1	0.02779	0.02318	0.02820	0.06773	0.07302	0.02180	0.01843	0.12435	0.07170	0.04374	0.02372	0.02657	0.01865	0.01033	0.00964	0.00249	0.01012	0.00841	0.00777	0.38236
2	0.04192	0.02042	0.02551	0.02051	0.02817	0.01976	0.01661	0.08767	0.13227	0.35513	0.09039	0.04262	0.03612	0.01505	0.01153	0.00355	0.00925	0.01239	0.01306	0.01805
3	0.09517	0.02055	0.02506	0.01963	0.02762	0.01970	0.01613	0.12498	0.03382	0.37244	0.03844	0.03523	0.02527	0.01351	0.01061	0.00338	0.00954	0.01063	0.08060	0.01772
4	0.03674	0.02049	0.02315	0.01865	0.02522	0.02105	0.01511	0.20655	0.03663	0.18398	0.03518	0.03552	0.02502	0.01347	0.01002	0.00313	0.00901	0.01058	0.25455	0.01594
5	0.08524	0.02882	0.04656	0.03500	0.04305	0.03124	0.22471	0.16504	0.03157	0.04536	0.02178	0.02725	0.01680	0.01277	0.01695	0.00388	0.13018	0.01110	0.00723	0.01548
6	0.02126	0.02001	0.03376	0.57739	0.07752	0.02501	0.03126	0.02876	0.02251	0.02876	0.02001	0.03001	0.01500	0.01125	0.01125	0.00375	0.01500	0.01000	0.00500	0.01250
7	0.08471	0.01217	0.01261	0.01252	0.01592	0.01149	0.00938	0.02063	0.02537	0.03716	0.16235	0.13043	0.26194	0.02350	0.01177	0.00358	0.00594	0.01971	0.12870	0.01013
8	0.02719	0.02606	0.04448	0.12030	0.48822	0.02657	0.03421	0.03396	0.02531	0.03596	0.02105	0.02807	0.01754	0.01015	0.01115	0.00338	0.01354	0.01003	0.00551	0.01729
9	0.01608	0.01237	0.01492	0.01515	0.01802	0.01177	0.01141	0.02237	0.06930	0.03718	0.24292	0.19278	0.19736	0.02696	0.01356	0.00400	0.00645	0.06550	0.01123	0.01064
10	0.03520	0.02776	0.02951	0.02436	0.03201	0.03136	0.01956	0.27272	0.28925	0.05871	0.03665	0.03470	0.02694	0.01441	0.01136	0.00360	0.01060	0.01146	0.01136	0.01846
11	0.16034	0.02407	0.07695	0.01884	0.02857	0.01860	0.01693	0.03743	0.02504	0.18046	0.02599	0.02657	0.01867	0.01056	0.00914	0.00273	0.00962	0.00803	0.00856	0.29289
12	0.03009	0.61122	0.05898	0.01926	0.02889	0.04454	0.01926	0.03370	0.02287	0.02648	0.01565	0.01805	0.01444	0.00963	0.00722	0.00241	0.01204	0.00602	0.00481	0.01444
13	0.45064	0.02316	0.02898	0.11066	0.03785	0.02584	0.10882	0.03297	0.02113	0.04423	0.01774	0.02250	0.01359	0.01039	0.00888	0.00359	0.01171	0.00811	0.00641	0.01282
14	0.03015	0.03555	0.05474	0.08654	0.05413	0.16611	0.33253	0.03776	0.02761	0.03324	0.02115	0.02772	0.01624	0.01018	0.01230	0.00356	0.01899	0.01144	0.00566	0.01440
15	0.01619	0.01161	0.01583	0.01583	0.01706	0.01284	0.01126	0.01865	0.01742	0.02446	0.03221	0.05564	0.03310	0.28623	0.36481	0.01530	0.02268	0.01373	0.00634	0.00880
16	0.01658	0.01126	0.01343	0.01419	0.01687	0.00991	0.01014	0.01912	0.02420	0.07197	0.08298	0.34014	0.26680	0.03058	0.01366	0.00415	0.00643	0.02673	0.01074	0.01013
17	0.01918	0.01204	0.01454	0.01375	0.01596	0.01143	0.00943	0.02149	0.02279	0.08072	0.14825	0.07571	0.13441	0.28920	0.07643	0.00805	0.01030	0.01757	0.00921	0.00954
18	0.03422	0.01555	0.02090	0.01726	0.02312	0.01375	0.01375	0.03902	0.03205	0.30804	0.27227	0.05986	0.06475	0.01821	0.01224	0.00351	0.00757	0.01557	0.01321	0.01514
19	0.03700	0.02865	0.03052	0.02473	0.03270	0.03220	0.01999	0.32571	0.23334	0.06160	0.03438	0.03288	0.02510	0.01420	0.01133	0.00355	0.01102	0.01115	0.01133	0.01862
20	0.68395	0.02177	0.01654	0.01480	0.02177	0.02525	0.01219	0.03309	0.01915	0.05050	0.01567	0.01828	0.01219	0.01045	0.00697	0.00348	0.00871	0.00609	0.00697	0.01219
21	0.01465	0.01109	0.01490	0.01586	0.01773	0.01134	0.01163	0.01768	0.02087	0.02794	0.05863	0.26161	0.14500	0.05510	0.24927	0.01024	0.01654	0.02176	0.00854	0.00960
22	0.02462	0.02462	0.03447	0.02955	0.02955	0.03447	0.02462	0.02709	0.01724	0.02709	0.01477	0.02462	0.01477	0.01970	0.03694	0.00492	0.58385	0.00985	0.00492	0.01231
23	0.02334	0.02001	0.02334	0.01667	0.02667	0.01500	0.01334	0.02834	0.02334	0.03668	0.02001	0.02334	0.01667	0.00834	0.00834	0.00167	0.00834	0.00667	0.00667	0.67325
24	0.02223	0.01856	0.02158	0.01597	0.02438	0.01435	0.01230	0.02644	0.02223	0.03431	0.02246	0.03134	0.02053	0.10318	0.01612	0.00314	0.00875	0.00821	0.00669	0.56722
25	0.02642	0.02504	0.04518	0.14327	0.05165	0.02572	0.23257	0.10537	0.02983	0.03969	0.03022	0.04897	0.02648	0.01477	0.01301	0.00400	0.01543	0.10067	0.00737	0.01432
26	0.01593	0.01139	0.01481	0.01462	0.01680	0.01069	0.01079	0.02037	0.02881	0.04027	0.39654	0.13518	0.09320	0.08505	0.01812	0.00453	0.00640	0.05496	0.01147	0.01007
27	0.02499	0.02382	0.04051	0.28961	0.33610	0.02599	0.03312	0.03203	0.02427	0.03329	0.02067	0.02879	0.01660	0.01056	0.01119	0.00352	0.01408	0.01002	0.00532	0.01552
28	0.01850	0.01099	0.01273	0.01229	0.01493	0.01055	0.00922	0.02378	0.02765	0.04352	0.27791	0.06262	0.06680	0.01797	0.01052	0.00307	0.00528	0.01533	0.34579	0.01055
29	0.01615	0.01176	0.01656	0.01656	0.01804	0.01324	0.01216	0.01912	0.01764	0.02500	0.03154	0.05195	0.03150	0.22104	0.42781	0.01620	0.02509	0.01319	0.00624	0.00920
30	0.02935	0.55699	0.10675	0.02052	0.03083	0.04273	0.02145	0.03389	0.02296	0.02738	0.01609	0.01861	0.01443	0.00973	0.00756	0.00252	0.01249	0.00624	0.00481	0.01466
31	0.01430	0.01024	0.01358	0.01527	0.01645	0.00953	0.01049	0.01714	0.02426	0.03305	0.18469	0.46214	0.08280	0.03204	0.01408	0.00430	0.00621	0.02893	0.01096	0.00953
32	0.17399	0.02861	0.02817	0.02247	0.03067	0.08033	0.01834	0.24597	0.03876	0.18234	0.02820	0.02746	0.01950	0.01281	0.01030	0.00338	0.01171	0.00933	0.01053	0.01714
33	0.03211	0.03870	0.05406	0.04084	0.05022	0.21848	0.32453	0.03924	0.02847	0.03301	0.02085	0.02676	0.01615	0.01024	0.01216	0.00347	0.01945	0.01112	0.00573	0.01442
34	0.01371	0.00979	0.01306	0.01567	0.01632	0.00914	0.01045	0.01567	0.02155	0.02873	0.06203	0.59710	0.07444	0.03526	0.01437	0.00457	0.00653	0.03200	0.01045	0.00914
35	0.04279	0.03153	0.03378	0.02590	0.03490	0.03490	0.02139	0.49671	0.05292	0.07093	0.02702	0.02702	0.01914	0.01351	0.01126	0.00338	0.01239	0.01013	0.01126	0.01914
36	0.02025	0.01260	0.01702	0.01863	0.02135	0.01226	0.01545	0.02474	0.02534	0.07568	0.05644	0.20226	0.05988	0.02862	0.01417	0.00466	0.00902	0.29207	0.07871	0.01087
37	0.02786	0.02674	0.04568	0.06908	0.53424	0.02674	0.03454	0.03454	0.02563	0.03677	0.02117	0.02786	0.01783	0.01003	0.01114	0.00334	0.01337	0.01003	0.00557	0.01783
38	0.01691	0.01072	0.01268	0.01268	0.01268	0.01072	0.00732	0.01608	0.01608	0.02144	0.03277	0.06698	0.03730	0.50877	0.05504	0.12288	0.01072	0.01525	0.00649	0.00649
39	0.02597	0.14384	0.31935	0.02654	0.03906	0.02888	0.03068	0.07519	0.07680	0.03872	0.02406	0.02651	0.01804	0.01143	0.00998	0.00329	0.01370	0.00872	0.06321	0.01606
40	0.02126	0.02001	0.03376	0.57739	0.07752	0.02501	0.03126	0.02876	0.02251	0.02876	0.02001	0.03001	0.01500	0.01125	0.01125	0.00375	0.01500	0.01000	0.00500	0.01250
41	0.08201	0.02900	0.03258	0.02824	0.02974	0.11721	0.02314	0.03042	0.01973	0.02910	0.01527	0.02341	0.01452	0.01764	0.03019	0.00448	0.44654	0.00912	0.00523	0.01242
42	0.01436	0.01018	0.01342	0.01578	0.01653	0.00965	0.01076	0.01640	0.02142	0.02848	0.05922	0.50514	0.07032	0.09072	0.01868	0.00525	0.00729	0.06731	0.01008	0.00902
43	0.03128	0.55588	0.05629	0.02023	0.02947	0.09562	0.01951	0.03482	0.02377	0.02659	0.01582	0.01828	0.01445	0.00982	0.00751	0.00246	0.01286	0.00614	0.00491	0.01431
44	0.04896	0.02162	0.02764	0.02119	0.02996	0.02019	0.01751	0.14273	0.03633	0.44834	0.04095	0.03606	0.02613	0.01385	0.01131	0.00346	0.01014	0.01108	0.01340	0.01915
45	0.02257	0.05822	0.54613	0.03208	0.04871	0.02614	0.04158	0.03564	0.02376	0.03564	0.02020	0.02376	0.01426	0.01069	0.01069	0.00356	0.01663	0.00832	0.00475	0.01663
46	0.01471	0.01146	0.01335	0.01288	0.01607	0.01010	0.00966	0.01888	0.02898	0.03829	0.33576	0.09534	0.30301	0.02556	0.01329	0.00366	0.00549	0.02193	0.01149	0.01010
47	0.01593	0.01150	0.01504	0.01416	0.01681	0.01062	0.01062	0.02124	0.03186	0.04513	0.52830	0.08407	0.10620	0.02301	0.01327	0.00354	0.00531	0.02035	0.01239	0.01062
48	0.03009	0.61122	0.05898	0.01926	0.02889	0.04454	0.01926	0.03370	0.02287	0.02648	0.01565	0.01805	0.01444	0.00963	0.00722	0.00241	0.01204	0.00602	0.00481	0.01444
49	0.01637	0.01091	0.01228	0.01228	0.01228	0.01091	0.00682	0.01637	0.01637	0.02182	0.03546	0.07365	0.04092	0.60445	0.05729	0.01091	0.01091	0.01637	0.00682	0.00682
50	0.02788	0.08292	0.04801	0.03286	0.04166	0.02451	0.28000	0.03523	0.02602	0.08577	0.02758	0.03274	0.02075	0.01082	0.01115	0.00334	0.01399	0.01167	0.16875	0.01434
51	0.01510	0.01094	0.01216	0.01255	0.01533	0.00977	0.00915	0.01857	0.02547	0.03437	0.15637	0.19181	0.28572	0.02639	0.01259	0.00372	0.00573	0.02263	0.12186	0.00977
52	0.01371	0.00979	0.01306	0.01567	0.01632	0.00914	0.01045	0.01567	0.02155	0.02873	0.06203	0.59710	0.07444	0.03526	0.01437	0.00457	0.00653	0.03200	0.01045	0.00914
53	0.17019	0.02887	0.02952	0.02338	0.03173	0.03231	0.01920	0.36194	0.09005	0.06456	0.02653	0.02669	0.01919	0.01306	0.01042	0.00344	0.01131	0.00957	0.01042	0.01762
54	0.02460	0.20753	0.41460	0.02862	0.04336	0.03111	0.03556	0.03512	0.02352	0.03317	0.01897	0.02222	0.01431	0.01041	0.00976	0.00325	0.01539	0.00770	0.00477	0.01604
55	0.03009	0.61122	0.05898	0.01926	0.02889	0.04454	0.01926	0.03370	0.02287	0.02648	0.01565	0.01805	0.01444	0.00963	0.00722	0.00241	0.01204	0.00602	0.00481	0.01444
56	0.01612	0.01188	0.01716	0.01716	0.01885	0.01357	0.01292	0.01950	0.01781	0.02544	0.03099	0.04890	0.03017	0.16715	0.47988	0.01695	0.02709	0.01274	0.00616	0.00954
57	0.04279	0.03153	0.03378	0.02590	0.03490	0.03490	0.02139	0.49671	0.05292	0.07093	0.02702	0.02702	0.01914	0.01351	0.01126	0.00338	0.01239	0.01013	0.01126	0.01914
58	0.02786	0.02674	0.04568	0.06908	0.53424	0.02674	0.03454	0.03454	0.02563	0.03677	0.02117	0.02786	0.01783	0.01003	0.01114	0.00334	0.01337	0.01003	0.00557	0.01783
59	0.02773	0.01374	0.01823	0.01735	0.02150	0.01230	0.01328	0.03099	0.02636	0.21932	0.06065	0.29234	0.10340	0.02625	0.01325	0.00415	0.00796	0.06646	0.01173	0.01301
60	0.04439	0.01780	0.02416	0.01899	0.02663	0.01550	0.01550	0.04891	0.03215	0.45425	0.12989	0.04639	0.04170	0.01553	0.01166	0.00349	0.00882	0.01291	0.01366	0.01765
61	0.01637	0.01091	0.01228	0.01228	0.01228	0.01091	0.00682	0.01637	0.01637	0.02182	0.03546	0.07365	0.04092	0.60445	0.05729	0.01091	0.01091	0.01637	0.00682	0.00682
62	0.01368	0.00993	0.01292	0.01530	0.01623	0.00917	0.01028	0.01571	0.02190	0.02888	0.06653	0.55487	0.11378	0.03468	0.01427	0.00450	0.00646	0.03128	0.01045	0.00917
63	0.02098	0.01049	0.01049	0.01049	0.01311	0.01049	0.00787	0.02623	0.02360	0.04196	0.03672	0.04196	0.02885	0.01311	0.00787	0.00262	0.00525	0.01049	0.66693	0.01049
64	0.04725	0.07989	0.03060	0.02088	0.02973	0.02224	0.01758	0.12305	0.03458	0.41591	0.03878	0.03450	0.02514	0.01344	0.01090	0.00336	0.01027	0.01060	0.01260	0.01868
65	0.03009	0.61122	0.05898	0.01926	0.02889	0.04454	0.01926	0.03370	0.02287	0.02648	0.01565	0.01805	0.01444	0.00963	0.00722	0.00241	0.01204	0.00602	0.00481	0.01444
66	0.02126	0.02001	0.03376	0.57739	0.07752	0.02501	0.03126	0.02876	0.02251	0.02876	0.02001	0.03001	0.01500	0.01125	0.01125	0.00375	0.01500	0.01000	0.00500	0.01250
67	0.04004	0.02840	0.03219	0.07974	0.03796	0.03136	0.02153	0.36286	0.09167	0.11329	0.02992	0.02991	0.02108	0.01350	0.01128	0.00347	0.01202	0.01049	0.01093	0.01836
68	0.01432	0.01128	0.01292	0.01285	0.01591	0.00988	0.00951	0.01799	0.02755	0.03571	0.26276	0.14783	0.32717	0.02713	0.01340	0.00378	0.00564	0.02331	0.01117	0.00988
69	0.02603	0.08157	0.03043	0.17330	0.04043	0.07739	0.02149	0.06938	0.07346	0.03641	0.07749	0.04235	0.03128	0.01543	0.01357	0.00363	0.06812	0.04642	0.05857	0.01325
70	0.01585	0.01070	0.01243	0.01293	0.01306	0.01057	0.00752	0.01623	0.01737	0.02316	0.04060	0.17485	0.04740	0.49441	0.04899	0.00969	0.01006	0.01939	0.00752	0.00727
71	0.02462	0.02462	0.03447	0.02955	0.02955	0.03447	0.02462	0.02709	0.01724	0.02709	0.01477	0.02462	0.01477	0.01970	0.03694	0.00492	0.58385	0.00985	0.00492	0.01231
72	0.05050	0.01915	0.02612	0.02003	0.02873	0.01654	0.01654	0.05485	0.03221	0.54203	0.04440	0.03831	0.02786	0.01393	0.01132	0.00348	0.00958	0.01132	0.01393	0.01915
73	0.02502	0.02385	0.04056	0.28758	0.33792	0.02600	0.03313	0.03206	0.02429	0.03333	0.02067	0.02878	0.01661	0.01055	0.01119	0.00352	0.01407	0.01002	0.00533	0.01554
74	0.01634	0.01102	0.01285	0.01285	0.01304	0.01122	0.00753	0.01673	0.01654	0.02225	0.03494	0.07077	0.03967	0.55345	0.10657	0.01162	0.01280	0.01595	0.00674	0.00714
75	0.68395	0.02177	0.01654	0.01480	0.02177	0.02525	0.01219	0.03309	0.01915	0.05050	0.01567	0.01828	0.01219	0.01045	0.00697	0.00348	0.00871	0.00609	0.00697	0.01219
76	0.04165	0.03124	0.03174	0.02885	0.08129	0.12679	0.02111	0.20778	0.08875	0.17870	0.03109	0.03031	0.02197	0.01310	0.01108	0.00336	0.01288	0.01016	0.01039	0.01774
77	0.01692	0.01329	0.01970	0.01921	0.02103	0.01607	0.01510	0.02078	0.01801	0.02622	0.02864	0.04230	0.02683	0.07807	0.50856	0.01680	0.08445	0.01184	0.00592	0.01027
78	0.01696	0.01319	0.01914	0.01866	0.02027	0.01578	0.01441	0.02043	0.01784	0.02580	0.02914	0.04516	0.02807	0.12899	0.45866	0.01608	0.08322	0.01226	0.00600	0.00996
79	0.02961	0.08932	0.04453	0.13534	0.27809	0.07526	0.06805	0.07952	0.02812	0.03690	0.02079	0.02666	0.01681	0.01061	0.01086	0.00331	0.01446	0.00965	0.00599	0.01613
80	0.02674	0.02286	0.02437	0.02200	0.02798	0.02619	0.01707	0.05581	0.46395	0.04688	0.09580	0.04635	0.04180	0.01607	0.01164	0.00379	0.00853	0.01352	0.01155	0.01707
81	0.02126	0.02001	0.03376	0.57739	0.07752	0.02501	0.03126	0.02876	0.02251	0.02876	0.02001	0.03001	0.01500	0.01125	0.01125	0.00375	0.01500	0.01000	0.00500	0.01250
82	0.02044	0.01614	0.01862	0.01721	0.02097	0.01708	0.01290	0.03502	0.20873	0.04351	0.30005	0.06745	0.07303	0.07873	0.01704	0.00439	0.00721	0.01713	0.01148	0.01290
83	0.02334	0.02001	0.02334	0.01667	0.02667	0.01500	0.01334	0.02834	0.02334	0.03668	0.02001	0.02334	0.01667	0.00834	0.00834	0.00167	0.00834	0.00667	0.00667	0.67325
84	0.02454	0.02245	0.03745	0.26713	0.30002	0.02445	0.03061	0.03141	0.02418	0.03407	0.02223	0.03010	0.01778	0.01082	0.01087	0.00344	0.01323	0.01006	0.07020	0.01497
85	0.02453	0.02100	0.03970	0.03016	0.03657	0.02004	0.23759	0.02981	0.02291	0.08057	0.02987	0.04695	0.02718	0.21613	0.07988	0.00751	0.01641	0.01400	0.00692	0.01229
86	0.68395	0.02177	0.01654	0.01480	0.02177	0.02525	0.01219	0.03309	0.01915	0.05050	0.01567	0.01828	0.01219	0.01045	0.00697	0.00348	0.00871	0.00609	0.00697	0.01219
87	0.02126	0.02001	0.03376	0.57739	0.07752	0.02501	0.03126	0.02876	0.02251	0.02876	0.02001	0.03001	0.01500	0.01125	0.01125	0.00375	0.01500	0.01000	0.00500	0.01250
88	0.03124	0.49194	0.05086	0.01847	0.02731	0.03834	0.01785	0.03509	0.02388	0.07996	0.02064	0.02247	0.01723	0.01041	0.00770	0.00254	0.01111	0.00700	0.07145	0.01453
89	0.01429	0.01041	0.01356	0.01560	0.01693	0.00968	0.01102	0.01695	0.02328	0.03080	0.10732	0.45778	0.12211	0.03312	0.01428	0.00446	0.00671	0.07165	0.01061	0.00942
90	0.09621	0.01911	0.02394	0.01907	0.02688	0.01785	0.01557	0.05114	0.07824	0.41052	0.04159	0.03739	0.02734	0.01372	0.01069	0.00344	0.00907	0.01097	0.06955	0.01772
91	0.01579	0.01199	0.01740	0.01740	0.01959	0.01360	0.01350	0.01969	0.01887	0.02657	0.03884	0.05086	0.08011	0.07862	0.50321	0.01661	0.02761	0.01327	0.00649	0.00999
92	0.03374	0.02021	0.02299	0.01876	0.02455	0.02086	0.01473	0.20493	0.03588	0.14928	0.08227	0.04482	0.03449	0.10847	0.01820	0.00448	0.00967	0.01242	0.12440	0.01486
93	0.02501	0.03071	0.16791	0.13503	0.04329	0.02208	0.02594	0.03239	0.02339	0.07414	0.02148	0.02611	0.01639	0.01113	0.01263	0.00307	0.06914	0.00847	0.00622	0.24547
94	0.02526	0.02879	0.07743	0.08016	0.03356	0.11239	0.02050	0.02959	0.02233	0.02975	0.02122	0.03250	0.01970	0.11460	0.02329	0.00452	0.12629	0.00958	0.00584	0.18269
95	0.03059	0.02547	0.02691	0.02343	0.03026	0.02921	0.01844	0.13647	0.43301	0.05127	0.04251	0.03937	0.03169	0.01496	0.01142	0.00374	0.00952	0.01227	0.01142	0.01805
96	0.22843	0.01989	0.02343	0.01856	0.02678	0.01899	0.01532	0.04874	0.02855	0.40397	0.03633	0.03268	0.02346	0.01295	0.01010	0.00348	0.00933	0.00985	0.01197	0.01720
97	0.02685	0.37286	0.26895	0.02478	0.03743	0.03661	0.02888	0.03454	0.02325	0.03043	0.01761	0.02052	0.01436	0.01009	0.00872	0.00291	0.01402	0.00701	0.00479	0.01539
98	0.01371	0.00979	0.01306	0.01567	0.01632	0.00914	0.01045	0.01567	0.02155	0.02873	0.06203	0.59710	0.07444	0.03526	0.01437	0.00457	0.00653	0.03200	0.01045	0.00914
99	0.01556	0.01068	0.01261	0.01331	0.01525	0.00991	0.00931	0.01873	0.02424	0.03387	0.15780	0.25238	0.16022	0.08424	0.01710	0.00451	0.00634	0.02286	0.12157	0.00950
100	0.01522	0.01148	0.01406	0.01341	0.01638	0.01032	0.01006	0.01986	0.03018	0.04115	0.41614	0.09064	0.22085	0.02450	0.01328	0.00361	0.00542	0.02128	0.01187	0.01032
101	0.02851	0.01541	0.01940	0.01651	0.02143	0.01455	0.01299	0.07628	0.03311	0.18378	0.29667	0.06170	0.06837	0.01859	0.01199	0.00341	0.00715	0.01588	0.08053	0.01376
102	0.63492	0.02156	0.01728	0.01521	0.02231	0.02458	0.01253	0.03477	0.02017	0.08855	0.01790	0.01983	0.01340	0.01072	0.00730	0.00348	0.00877	0.00650	0.00750	0.01273
103	0.10517	0.03058	0.03210	0.02482	0.03363	0.03396	0.02050	0.45160	0.04963	0.06895	0.02592	0.02617	0.01846	0.01321	0.01084	0.00339	0.01203	0.00974	0.01084	0.01846
104	0.04613	0.02304	0.02814	0.02192	0.03047	0.02271	0.01799	0.17591	0.08640	0.36362	0.03980	0.03560	0.02614	0.01395	0.01132	0.00349	0.01028	0.01114	0.01295	0.01902
105	0.02735	0.02357	0.02963	0.02621	0.08123	0.02344	0.01913	0.10800	0.02737	0.04058	0.02028	0.02469	0.01683	0.01164	0.01479	0.00278	0.12353	0.00823	0.00699	0.36374
106	0.02335	0.11552	0.49565	0.03075	0.04666	0.02805	0.03927	0.03544	0.02367	0.03469	0.01973	0.02317	0.01428	0.01058	0.01033	0.00344	0.01616	0.00808	0.00476	0.01641
107	0.01541	0.01146	0.01444	0.01440	0.01708	0.01049	0.01093	0.01991	0.02907	0.03955	0.35653	0.14190	0.18270	0.02605	0.01361	0.00385	0.00600	0.06476	0.01163	0.01023
108	0.01785	0.01268	0.01878	0.01829	0.01957	0.01492	0.01395	0.01932	0.01709	0.02446	0.02579	0.03961	0.02452	0.06590	0.37006	0.19251	0.07898	0.01123	0.00561	0.00889
109	0.02126	0.02001	0.03376	0.57739	0.07752	0.02501	0.03126	0.02876	0.02251	0.02876	0.02001	0.03001	0.01500	0.01125	0.01125	0.00375	0.01500	0.01000	0.00500	0.01250
110	0.01367	0.00995	0.01290	0.01527	0.01622	0.00918	0.01027	0.01572	0.02194	0.02889	0.06699	0.55054	0.11781	0.03462	0.01426	0.00450	0.00645	0.03121	0.01045	0.00918
111	0.04219	0.04934	0.03226	0.02839	0.03482	0.45727	0.02168	0.13282	0.03598	0.03599	0.01927	0.02161	0.01540	0.01197	0.01036	0.00299	0.01876	0.00781	0.00686	0.01423
112	0.01371	0.00979	0.01306	0.01567	0.01632	0.00914	0.01045	0.01567	0.02155	0.02873	0.06203	0.59710	0.07444	0.03526	0.01437	0.00457	0.00653	0.03200	0.01045	0.00914
113	0.02926	0.04725	0.37609	0.03080	0.04502	0.02568	0.07154	0.08391	0.02817	0.11870	0.02487	0.02689	0.01710	0.01138	0.01105	0.00355	0.01529	0.00936	0.00691	0.01716
114	0.02407	0.04372	0.31490	0.09312	0.10455	0.02672	0.16183	0.03497	0.02459	0.03520	0.02097	0.02658	0.01546	0.01035	0.01149	0.00362	0.01677	0.01000	0.00512	0.01596
115	0.68395	0.02177	0.01654	0.01480	0.02177	0.02525	0.01219	0.03309	0.01915	0.05050	0.01567	0.01828	0.01219	0.01045	0.00697	0.00348	0.00871	0.00609	0.00697	0.01219
116	0.02123	0.01907	0.03148	0.52180	0.07120	0.02358	0.02896	0.02851	0.02261	0.03005	0.02164	0.03118	0.01636	0.01144	0.01092	0.00364	0.01405	0.01005	0.06992	0.01231
117	0.01637	0.01091	0.01228	0.01228	0.01228	0.01091	0.00682	0.01637	0.01637	0.02182	0.03546	0.07365	0.04092	0.60445	0.05729	0.01091	0.01091	0.01637	0.00682	0.00682
118	0.01528	0.01091	0.01486	0.01746	0.01880	0.01049	0.01317	0.01838	0.02309	0.03048	0.06117	0.43085	0.07102	0.03379	0.01478	0.00479	0.00789	0.18281	0.01042	0.00957
119	0.03777	0.02631	0.03864	0.02936	0.03840	0.02670	0.14417	0.16567	0.13021	0.18909	0.03444	0.03399	0.02401	0.01291	0.01185	0.00360	0.01266	0.01180	0.01057	0.01784
120	0.02334	0.02001	0.02334	0.01667	0.02667	0.01500	0.01334	0.02834	0.02334	0.03668	0.02001	0.02334	0.01667	0.00834	0.00834	0.00167	0.00834	0.00667	0.00667	0.67325
121	0.01458	0.01042	0.01406	0.01667	0.01770	0.00989	0.01196	0.01717	0.02241	0.02971	0.06155	0.50470	0.07254	0.03444	0.01460	0.00469	0.00728	0.11582	0.01043	0.00938
122	0.02619	0.03905	0.27329	0.02712	0.03994	0.02247	0.06446	0.03740	0.06358	0.08511	0.02468	0.02699	0.01804	0.01062	0.01036	0.00307	0.01323	0.00888	0.00676	0.19876
123	0.03918	0.02390	0.02710	0.02189	0.02951	0.02527	0.01772	0.20572	0.16371	0.20338	0.03805	0.03572	0.02664	0.01406	0.01100	0.00345	0.00996	0.01120	0.07457	0.01798
124	0.03032	0.08238	0.03906	0.18288	0.14101	0.02658	0.07117	0.04076	0.10349	0.12714	0.02861	0.03185	0.02111	0.01181	0.01107	0.00350	0.01283	0.01060	0.00781	0.01603
125	0.10000	0.02359	0.02498	0.02002	0.02706	0.02545	0.01632	0.27871	0.03955	0.10851	0.03031	0.03139	0.02199	0.01315	0.00992	0.00319	0.00980	0.00996	0.19001	0.01611
126	0.08852	0.07881	0.12344	0.02021	0.03076	0.02194	0.01945	0.03380	0.07240	0.03800	0.02184	0.02435	0.01737	0.00979	0.00886	0.00248	0.01030	0.00747	0.00666	0.36354
127	0.16961	0.08884	0.11636	0.02151	0.03134	0.02460	0.02066	0.08805	0.02922	0.25876	0.02989	0.02865	0.02019	0.01220	0.00991	0.00337	0.01113	0.00910	0.00978	0.01685
128	0.01459	0.01085	0.01360	0.01418	0.01632	0.00985	0.01015	0.01818	0.02683	0.03618	0.27451	0.27872	0.17745	0.02862	0.01368	0.00397	0.00584	0.02533	0.01129	0.00985
129	0.04204	0.05364	0.03190	0.02900	0.03480	0.55926	0.02175	0.04494	0.03190	0.02755	0.01740	0.02030	0.01450	0.01160	0.01015	0.00290	0.02030	0.00725	0.00580	0.01305
130	0.03294	0.01585	0.02039	0.01712	0.02279	0.01465	0.01358	0.03992	0.06946	0.26843	0.22285	0.05591	0.05747	0.01732	0.01171	0.00344	0.00751	0.01469	0.07896	0.01502
131	0.02404	0.01349	0.01510	0.01390	0.01767	0.01321	0.01064	0.07138	0.02811	0.09300	0.09754	0.10609	0.08909	0.01795	0.01027	0.00318	0.00654	0.01499	0.34182	0.01197
132	0.55505	0.02133	0.01922	0.07200	0.02807	0.02437	0.01454	0.03478	0.02077	0.09651	0.01893	0.02143	0.01401	0.01087	0.00782	0.00351	0.00943	0.00700	0.00745	0.01290
133	0.01673	0.01322	0.01447	0.01378	0.01755	0.01216	0.01040	0.06387	0.02913	0.03711	0.18277	0.14410	0.35061	0.02662	0.01320	0.00378	0.00636	0.02257	0.01092	0.01063
134	0.03893	0.02780	0.02966	0.02317	0.03105	0.03058	0.01900	0.41343	0.04773	0.06581	0.02874	0.02967	0.02086	0.01344	0.01066	0.00324	0.01112	0.01020	0.12732	0.01761
135	0.02366	0.02105	0.02768	0.01977	0.02991	0.01636	0.06170	0.02912	0.02366	0.03661	0.02028	0.02405	0.01671	0.00845	0.00883	0.00188	0.00941	0.00733	0.00657	0.60694
136	0.03661	0.02079	0.02475	0.02082	0.02785	0.02137	0.01658	0.05398	0.25901	0.26162	0.09116	0.04440	0.03838	0.01543	0.01157	0.00365	0.00886	0.01284	0.01262	0.01771
137	0.02495	0.02458	0.03360	0.02890	0.02952	0.03384	0.02396	0.03027	0.06556	0.02903	0.01779	0.02631	0.01668	0.01927	0.03446	0.00482	0.52791	0.01013	0.00556	0.01285
138	0.68395	0.02177	0.01654	0.01480	0.02177	0.02525	0.01219	0.03309	0.01915	0.05050	0.01567	0.01828	0.01219	0.01045	0.00697	0.00348	0.00871	0.00609	0.00697	0.01219
139	0.01371	0.00979	0.01306	0.01567	0.01632	0.00914	0.01045	0.01567	0.02155	0.02873	0.06203	0.59710	0.07444	0.03526	0.01437	0.00457	0.00653	0.03200	0.01045	0.00914
140	0.01533	0.01055	0.01286	0.01374	0.01426	0.01022	0.00857	0.01661	0.01991	0.02683	0.09649	0.27088	0.06024	0.33092	0.03664	0.00777	0.00869	0.02264	0.00876	0.00808
141	0.11084	0.01940	0.02521	0.01953	0.02807	0.01737	0.01613	0.05278	0.03097	0.49521	0.04167	0.03640	0.02637	0.01360	0.01090	0.00348	0.00949	0.01082	0.01327	0.01849
142	0.03314	0.01456	0.01838	0.01548	0.02083	0.01322	0.01229	0.03800	0.02911	0.26577	0.13891	0.04879	0.04395	0.01547	0.01049	0.00319	0.00719	0.01284	0.24401	0.01438
143	0.39909	0.02059	0.02085	0.01715	0.02490	0.02133	0.01415	0.04287	0.02503	0.27154	0.02859	0.02729	0.01924	0.01201	0.00892	0.00348	0.00910	0.00844	0.01010	0.01532
144	0.44697	0.02461	0.02203	0.01858	0.02602	0.02810	0.01521	0.15935	0.07800	0.05560	0.02173	0.02300	0.01628	0.01175	0.00856	0.00349	0.00971	0.00784	0.00856	0.01461
145	0.20303	0.04827	0.40163	0.02737	0.04136	0.02590	0.03356	0.03495	0.02251	0.03970	0.01896	0.02227	0.01369	0.01063	0.00968	0.00354	0.01447	0.00771	0.00536	0.01542
146	0.09284	0.44400	0.10056	0.02109	0.03077	0.09274	0.02105	0.03497	0.02351	0.02979	0.01628	0.01887	0.01422	0.01001	0.00784	0.00267	0.01301	0.00638	0.00511	0.01431
147	0.68395	0.02177	0.01654	0.01480	0.02177	0.02525	0.01219	0.03309	0.01915	0.05050	0.01567	0.01828	0.01219	0.01045	0.00697	0.00348	0.00871	0.00609	0.00697	0.01219
148	0.09118	0.02989	0.12091	0.03149	0.08533	0.02533	0.09814	0.08742	0.12448	0.08167	0.03208	0.08667	0.02637	0.01430	0.01142	0.00370	0.01241	0.01271	0.00847	0.01604
149	0.01457	0.01046	0.01383	0.01509	0.01652	0.00972	0.01051	0.01783	0.02555	0.03510	0.24298	0.39801	0.08677	0.03051	0.01394	0.00417	0.00606	0.02748	0.01120	0.00972
150	0.02257	0.05822	0.54613	0.03208	0.04871	0.02614	0.04158	0.03564	0.02376	0.03564	0.02020	0.02376	0.01426	0.01069	0.01069	0.00356	0.01663	0.00832	0.00475	0.01663
151	0.02098	0.01049	0.01049	0.01049	0.01311	0.01049	0.00787	0.02623	0.02360	0.04196	0.03672	0.04196	0.02885	0.01311	0.00787	0.00262	0.00525	0.01049	0.66693	0.01049
152	0.01634	0.01103	0.01285	0.01285	0.01305	0.01123	0.00754	0.01674	0.01654	0.02225	0.03494	0.07073	0.03965	0.55283	0.10717	0.01162	0.01282	0.01594	0.00674	0.00714
153	0.03009	0.61122	0.05898	0.01926	0.02889	0.04454	0.01926	0.03370	0.02287	0.02648	0.01565	0.01805	0.01444	0.00963	0.00722	0.00241	0.01204	0.00602	0.00481	0.01444
154	0.01560	0.01180	0.01508	0.01587	0.01836	0.01029	0.01102	0.01816	0.02190	0.03029	0.05377	0.48433	0.06309	0.02997	0.01318	0.00400	0.00688	0.02702	0.00971	0.13967
155	0.02126	0.02001	0.03376	0.57739	0.07752	0.02501	0.03126	0.02876	0.02251	0.02876	0.02001	0.03001	0.01500	0.01125	0.01125	0.00375	0.01500	0.01000	0.00500	0.01250

[dist]
# distance from previous block
# <min> <max>
0	30

[block]
# block no. 4 follows, 11 sequences, length 49
# corresponding to MSA columns:
# 291-339
name=unknown_E
#
# <colnr> <probs for GDERKNQSTAVLIFYWHMCP>
#	G	D	E	R	K	N	Q	S	T	A	V	L	I	F	Y	W	H	M	C	P
0	0.47021	0.07922	0.02862	0.02027	0.02840	0.02676	0.08513	0.03321	0.02095	0.04494	0.01708	0.02048	0.01350	0.01006	0.00805	0.00328	0.01054	0.00721	0.00655	0.06557
1	0.01483	0.01066	0.01406	0.01491	0.01657	0.00989	0.01053	0.01848	0.02675	0.03701	0.29737	0.33816	0.09047	0.02908	0.01382	0.00405	0.00591	0.02612	0.01143	0.00989
2	0.02800	0.02418	0.02545	0.02291	0.02927	0.02800	0.01782	0.05981	0.51390	0.04708	0.04581	0.04199	0.03436	0.01527	0.01145	0.00382	0.00891	0.01273	0.01145	0.01782
3	0.04554	0.02082	0.02600	0.02021	0.02829	0.01978	0.01660	0.14595	0.03567	0.38531	0.03983	0.03631	0.02611	0.01375	0.01092	0.00336	0.00969	0.01097	0.08670	0.01818
4	0.01447	0.01038	0.01374	0.01515	0.01649	0.00965	0.01051	0.01758	0.02509	0.03436	0.22214	0.42093	0.08535	0.03105	0.01399	0.00422	0.00611	0.02800	0.01111	0.00965
5	0.02126	0.02001	0.03376	0.57739	0.07752	0.02501	0.03126	0.02876	0.02251	0.02876	0.02001	0.03001	0.01500	0.01125	0.01125	0.00375	0.01500	0.01000	0.00500	0.01250
6	0.01637	0.01091	0.01228	0.01228	0.01228	0.01091	0.00682	0.01637	0.01637	0.02182	0.03546	0.07365	0.04092	0.60445	0.05729	0.01091	0.01091	0.01637	0.00682	0.00682
7	0.02914	0.54121	0.12065	0.02088	0.03140	0.04221	0.02208	0.03395	0.02298	0.02764	0.01622	0.01878	0.01442	0.00976	0.00766	0.00255	0.01262	0.00631	0.00481	0.01472
8	0.02858	0.32596	0.04241	0.01917	0.02858	0.08211	0.01717	0.03267	0.02392	0.03058	0.01752	0.02034	0.01532	0.00931	0.00794	0.00216	0.01137	0.00639	0.00564	0.27283
9	0.14346	0.03515	0.02973	0.02466	0.03224	0.17209	0.01968	0.26093	0.08597	0.05386	0.02445	0.02527	0.01825	0.01268	0.01030	0.00331	0.01357	0.00897	0.00914	0.01629
10	0.68395	0.02177	0.01654	0.01480	0.02177	0.02525	0.01219	0.03309	0.01915	0.05050	0.01567	0.01828	0.01219	0.01045	0.00697	0.00348	0.00871	0.00609	0.00697	0.01219
11	0.01587	0.01134	0.01554	0.01814	0.01974	0.01100	0.01420	0.01941	0.02368	0.03115	0.06084	0.36749	0.06972	0.03323	0.01494	0.00487	0.00840	0.24029	0.01041	0.00974
12	0.02745	0.02819	0.03978	0.10118	0.04270	0.08838	0.14012	0.07956	0.02641	0.03448	0.02848	0.03449	0.06498	0.01537	0.01984	0.00400	0.19279	0.01179	0.00641	0.01358
13	0.01596	0.01122	0.01433	0.01497	0.01724	0.01052	0.01132	0.02023	0.02721	0.03789	0.26539	0.21166	0.12220	0.02679	0.01341	0.00398	0.00641	0.09014	0.06901	0.01012
14	0.05050	0.01915	0.02612	0.02003	0.02873	0.01654	0.01654	0.05485	0.03221	0.54203	0.04440	0.03831	0.02786	0.01393	0.01132	0.00348	0.00958	0.01132	0.01393	0.01915
15	0.02164	0.01379	0.01701	0.01547	0.01922	0.01342	0.01184	0.03019	0.09199	0.09694	0.36145	0.06924	0.08023	0.01997	0.01223	0.00347	0.00620	0.01734	0.08595	0.01241
16	0.68395	0.02177	0.01654	0.01480	0.02177	0.02525	0.01219	0.03309	0.01915	0.05050	0.01567	0.01828	0.01219	0.01045	0.00697	0.00348	0.00871	0.00609	0.00697	0.01219
17	0.03143	0.16129	0.03486	0.02266	0.03030	0.03319	0.01886	0.14079	0.30863	0.04707	0.03510	0.03348	0.02673	0.01362	0.01044	0.00340	0.01032	0.01066	0.00988	0.01730
18	0.15648	0.03346	0.11261	0.02462	0.03427	0.03117	0.02267	0.30264	0.07815	0.05960	0.02530	0.02606	0.01827	0.01263	0.01039	0.00346	0.01212	0.00930	0.00943	0.01735
19	0.19244	0.10957	0.15002	0.02516	0.03418	0.24828	0.02373	0.03865	0.02590	0.03488	0.01743	0.02036	0.01387	0.01089	0.00917	0.00314	0.01570	0.00708	0.00573	0.01382
20	0.68395	0.02177	0.01654	0.01480	0.02177	0.02525	0.01219	0.03309	0.01915	0.05050	0.01567	0.01828	0.01219	0.01045	0.00697	0.00348	0.00871	0.00609	0.00697	0.01219
21	0.01581	0.01260	0.01770	0.02204	0.08229	0.01223	0.01373	0.01886	0.02226	0.02964	0.06128	0.34595	0.14352	0.03876	0.10177	0.00645	0.01105	0.02448	0.00912	0.01045
22	0.01543	0.01149	0.01435	0.01363	0.01651	0.01041	0.01022	0.02027	0.03067	0.04232	0.44904	0.08871	0.18722	0.02406	0.01328	0.00359	0.00538	0.02101	0.01202	0.01041
23	0.09624	0.01983	0.02906	0.30085	0.05269	0.02165	0.02355	0.03960	0.02607	0.23602	0.02934	0.03221	0.01987	0.01225	0.01087	0.00362	0.01223	0.01016	0.00876	0.01513
24	0.01429	0.01046	0.01343	0.01477	0.01634	0.00960	0.01028	0.01730	0.02492	0.03355	0.19938	0.39750	0.13453	0.03105	0.01394	0.00419	0.00609	0.02779	0.01100	0.00960
25	0.01623	0.01145	0.01500	0.01500	0.01594	0.01239	0.01021	0.01811	0.01717	0.02384	0.03298	0.05988	0.03494	0.36112	0.29244	0.01427	0.01991	0.01435	0.00645	0.00833
26	0.03009	0.61122	0.05898	0.01926	0.02889	0.04454	0.01926	0.03370	0.02287	0.02648	0.01565	0.01805	0.01444	0.00963	0.00722	0.00241	0.01204	0.00602	0.00481	0.01444
27	0.01371	0.00979	0.01306	0.01567	0.01632	0.00914	0.01045	0.01567	0.02155	0.02873	0.06203	0.59710	0.07444	0.03526	0.01437	0.00457	0.00653	0.03200	0.01045	0.00914
28	0.02126	0.02001	0.03376	0.57739	0.07752	0.02501	0.03126	0.02876	0.02251	0.02876	0.02001	0.03001	0.01500	0.01125	0.01125	0.00375	0.01500	0.01000	0.00500	0.01250
29	0.04346	0.03044	0.03310	0.02538	0.03436	0.03329	0.02097	0.45784	0.05110	0.11237	0.02855	0.02802	0.01991	0.01355	0.01126	0.00339	0.01214	0.01024	0.01149	0.01914
30	0.03618	0.03105	0.04707	0.03467	0.04465	0.03228	0.21363	0.30907	0.04218	0.05673	0.02529	0.02838	0.01830	0.01187	0.01208	0.00355	0.01507	0.01142	0.00899	0.01753
