[name]
unknown

[dist]
# distance from previous block
# <min> <max>
0	477

[block]
# block no. 0 follows, 10 sequences, length 88
# corresponding to MSA columns:
# 587-615,619-677
name=unknown_A
#
# <colnr> <probs for GDERKNQSTAVLIFYWHMCP>
#	G	D	E	R	K	N	Q	S	T	A	V	L	I	F	Y	W	H	M	C	P
0	0.02893	0.02498	0.02630	0.02367	0.03024	0.02893	0.01841	0.06180	0.49770	0.04865	0.04734	0.04339	0.03550	0.01578	0.01183	0.00394	0.00920	0.01315	0.01183	0.01841
1	0.09551	0.02045	0.03072	0.17758	0.04490	0.02069	0.06909	0.03648	0.02603	0.16716	0.03270	0.10006	0.02684	0.01484	0.01148	0.00364	0.01192	0.01309	0.00882	0.08801
2	0.01622	0.01174	0.01393	0.01338	0.01647	0.01062	0.01004	0.02094	0.03011	0.04178	0.34467	0.08964	0.22100	0.02436	0.01313	0.00364	0.00560	0.02098	0.08115	0.01062
3	0.02745	0.03137	0.06863	0.04902	0.06078	0.02941	0.47647	0.03725	0.02745	0.03725	0.02353	0.03137	0.01765	0.00980	0.01373	0.00392	0.01961	0.01373	0.00588	0.01569
4	0.03164	0.02792	0.05571	0.09058	0.10853	0.02666	0.30462	0.03998	0.02805	0.12604	0.02718	0.03255	0.01958	0.01086	0.01292	0.00381	0.01683	0.01268	0.00736	0.01651
5	0.02527	0.02184	0.04004	0.18612	0.09316	0.02230	0.15652	0.03188	0.02552	0.08108	0.03438	0.16293	0.03226	0.01714	0.01300	0.00403	0.01394	0.01686	0.00766	0.01406
6	0.03640	0.01975	0.02429	0.02007	0.02679	0.01946	0.01604	0.09260	0.12024	0.24725	0.18383	0.05318	0.05326	0.01741	0.01232	0.00367	0.00876	0.01462	0.01316	0.01690
7	0.01417	0.01146	0.01259	0.01301	0.01615	0.00989	0.00949	0.01725	0.02646	0.03297	0.15621	0.20269	0.37676	0.03014	0.01396	0.00405	0.00601	0.02580	0.01105	0.00989
8	0.02412	0.02067	0.02412	0.01723	0.02756	0.01550	0.01378	0.02929	0.02412	0.03790	0.02067	0.02412	0.01723	0.00861	0.00861	0.00172	0.00861	0.00689	0.00689	0.66236
9	0.02261	0.01862	0.02527	0.11929	0.03363	0.02146	0.01898	0.08144	0.03101	0.04334	0.26861	0.05775	0.06351	0.01969	0.01769	0.00395	0.11483	0.01572	0.00981	0.01275
10	0.01451	0.01078	0.01363	0.01575	0.01730	0.00990	0.01113	0.01705	0.02360	0.03054	0.07531	0.44046	0.16909	0.03454	0.01473	0.00461	0.00694	0.06971	0.01079	0.00965
11	0.01488	0.01037	0.01305	0.01519	0.01641	0.00963	0.01032	0.01734	0.02293	0.03124	0.06724	0.47898	0.11907	0.03340	0.01405	0.00444	0.00652	0.02992	0.07540	0.00963
12	0.10430	0.02313	0.03000	0.17683	0.04480	0.02468	0.02210	0.13992	0.03377	0.23682	0.03172	0.03248	0.02137	0.01315	0.01121	0.00365	0.01205	0.01049	0.01042	0.01710
13	0.53800	0.02211	0.02079	0.12921	0.03447	0.02604	0.01669	0.03326	0.02051	0.04751	0.01713	0.02141	0.01320	0.01097	0.00812	0.00366	0.01035	0.00714	0.00678	0.01266
14	0.02307	0.02900	0.13011	0.40202	0.12901	0.02628	0.03474	0.03180	0.02390	0.03209	0.02086	0.02951	0.01572	0.01136	0.01150	0.00379	0.01561	0.01001	0.00519	0.01441
15	0.03109	0.59826	0.06095	0.01990	0.02985	0.04602	0.01990	0.03483	0.02363	0.02736	0.01617	0.01866	0.01493	0.00995	0.00746	0.00249	0.01244	0.00622	0.00498	0.01493
16	0.03512	0.01574	0.02073	0.01722	0.02311	0.01404	0.01371	0.04010	0.03205	0.28835	0.21822	0.05762	0.05898	0.01777	0.01200	0.00351	0.00770	0.01506	0.09355	0.01540
17	0.01447	0.01041	0.01414	0.01650	0.01735	0.01008	0.01126	0.01676	0.02182	0.02936	0.06001	0.51679	0.07097	0.04275	0.08078	0.00646	0.00978	0.03050	0.01023	0.00956
18	0.01595	0.01187	0.01483	0.01409	0.01706	0.01076	0.01057	0.02095	0.03171	0.04376	0.43782	0.09162	0.18629	0.02485	0.01372	0.00371	0.00556	0.02170	0.01242	0.01076
19	0.02772	0.02909	0.03722	0.34932	0.16796	0.12898	0.03110	0.03435	0.02589	0.03129	0.02040	0.02853	0.01604	0.01142	0.01138	0.00361	0.01622	0.00978	0.00546	0.01424
20	0.05218	0.01979	0.02699	0.02069	0.02969	0.01709	0.01709	0.05668	0.03329	0.52677	0.04588	0.03959	0.02879	0.01439	0.01170	0.00360	0.00990	0.01170	0.01439	0.01979
21	0.02439	0.04238	0.28424	0.03145	0.04546	0.02398	0.12032	0.03461	0.02500	0.03724	0.02134	0.02578	0.01607	0.01006	0.01084	0.00313	0.01505	0.00910	0.00571	0.21386
22	0.02893	0.02498	0.02630	0.02367	0.03024	0.02893	0.01841	0.06180	0.49770	0.04865	0.04734	0.04339	0.03550	0.01578	0.01183	0.00394	0.00920	0.01315	0.01183	0.01841
23	0.67341	0.02249	0.01709	0.01529	0.02249	0.02609	0.01260	0.03419	0.01979	0.05218	0.01619	0.01889	0.01260	0.01080	0.00720	0.00360	0.00900	0.00630	0.00720	0.01260
24	0.04421	0.03258	0.03490	0.02676	0.03607	0.03607	0.02211	0.47993	0.05468	0.07330	0.02792	0.02792	0.01978	0.01396	0.01163	0.00349	0.01280	0.01047	0.01163	0.01978
25	0.67341	0.02249	0.01709	0.01529	0.02249	0.02609	0.01260	0.03419	0.01979	0.05218	0.01619	0.01889	0.01260	0.01080	0.00720	0.00360	0.00900	0.00630	0.00720	0.01260
26	0.02879	0.02763	0.04721	0.07139	0.51871	0.02763	0.03569	0.03569	0.02648	0.03800	0.02188	0.02879	0.01842	0.01036	0.01151	0.00345	0.01382	0.01036	0.00576	0.01842
27	0.02893	0.02498	0.02630	0.02367	0.03024	0.02893	0.01841	0.06180	0.49770	0.04865	0.04734	0.04339	0.03550	0.01578	0.01183	0.00394	0.00920	0.01315	0.01183	0.01841
28	0.01417	0.01012	0.01350	0.01619	0.01687	0.00945	0.01080	0.01619	0.02227	0.02969	0.06410	0.58367	0.07692	0.03644	0.01484	0.00472	0.00675	0.03306	0.01080	0.00945
29	0.04386	0.02163	0.02602	0.02045	0.02828	0.02122	0.01673	0.17065	0.03758	0.30216	0.03922	0.03703	0.02644	0.01410	0.01097	0.00339	0.00983	0.01118	0.14125	0.01801
30	0.01661	0.01246	0.01869	0.01869	0.02077	0.01454	0.01454	0.02077	0.01869	0.02700	0.03115	0.04569	0.02908	0.08723	0.54517	0.01869	0.03115	0.01246	0.00623	0.01038
31	0.01478	0.01093	0.01390	0.01566	0.01736	0.01005	0.01117	0.01770	0.02477	0.03257	0.12944	0.39566	0.15990	0.03321	0.01461	0.00450	0.00679	0.06615	0.01104	0.00982
32	0.03030	0.01413	0.01835	0.01673	0.02118	0.01278	0.01271	0.03428	0.02801	0.22328	0.10031	0.22128	0.05322	0.02237	0.01226	0.00380	0.00756	0.01944	0.13420	0.01381
33	0.02685	0.02059	0.02440	0.01756	0.02777	0.01566	0.01410	0.03195	0.02501	0.08553	0.02313	0.02562	0.01835	0.00918	0.00891	0.00191	0.00874	0.00736	0.00762	0.59976
34	0.01387	0.01131	0.01227	0.01303	0.01604	0.00971	0.00939	0.01655	0.02531	0.03093	0.10264	0.24528	0.39044	0.03143	0.01406	0.00415	0.00613	0.02695	0.01080	0.00971
35	0.01522	0.01163	0.01458	0.01480	0.01739	0.01098	0.01094	0.01904	0.02635	0.03519	0.21912	0.18085	0.21260	0.03949	0.11095	0.00669	0.01053	0.02282	0.01061	0.01022
36	0.03895	0.02972	0.02947	0.02454	0.03060	0.13424	0.01973	0.12127	0.03329	0.18119	0.03976	0.03980	0.08195	0.01683	0.01680	0.00378	0.12045	0.01189	0.00988	0.01586
37	0.03629	0.31452	0.04879	0.03030	0.11983	0.03596	0.02253	0.09445	0.02984	0.12933	0.02428	0.02561	0.01879	0.01136	0.00952	0.00300	0.01225	0.00854	0.00772	0.01709
38	0.01409	0.01042	0.01318	0.01539	0.01666	0.00951	0.01044	0.01629	0.02304	0.03001	0.07391	0.49756	0.15670	0.03516	0.01464	0.00458	0.00659	0.03151	0.01080	0.00951
39	0.35016	0.02580	0.03889	0.02945	0.03867	0.02653	0.20028	0.03769	0.02424	0.09392	0.02214	0.02601	0.01626	0.01076	0.01029	0.00373	0.01337	0.00984	0.00739	0.01457
40	0.21459	0.02219	0.02452	0.01973	0.02753	0.02271	0.01615	0.13403	0.03402	0.24431	0.09213	0.03743	0.03259	0.01450	0.01071	0.00358	0.00971	0.01114	0.01167	0.01674
41	0.02640	0.02750	0.09434	0.03381	0.04365	0.02233	0.24910	0.03405	0.02763	0.09649	0.05162	0.05356	0.15337	0.01583	0.01321	0.00386	0.01444	0.01589	0.00818	0.01476
42	0.02845	0.03031	0.09072	0.03765	0.10156	0.02790	0.15994	0.09006	0.16339	0.04522	0.07365	0.03834	0.03091	0.01337	0.01243	0.00378	0.01373	0.01294	0.00869	0.01696
43	0.02412	0.02067	0.02412	0.01723	0.02756	0.01550	0.01378	0.02929	0.02412	0.03790	0.02067	0.02412	0.01723	0.00861	0.00861	0.00172	0.00861	0.00689	0.00689	0.66236
44	0.02574	0.02133	0.03541	0.45595	0.12206	0.02515	0.03113	0.03307	0.02461	0.08063	0.02334	0.03163	0.01715	0.01177	0.01162	0.00380	0.01476	0.01048	0.00616	0.01420
45	0.01451	0.01181	0.01284	0.01258	0.01618	0.01014	0.00943	0.01816	0.02830	0.03568	0.22834	0.10492	0.40082	0.02787	0.01374	0.00385	0.00578	0.02356	0.01136	0.01014
46	0.03673	0.03190	0.09259	0.02580	0.03504	0.03039	0.02282	0.22695	0.21355	0.10501	0.03607	0.03443	0.02590	0.01432	0.01164	0.00369	0.01172	0.01136	0.01115	0.01895
47	0.02196	0.02067	0.03488	0.56331	0.08010	0.02584	0.03230	0.02972	0.02326	0.02972	0.02067	0.03101	0.01550	0.01163	0.01163	0.00388	0.01550	0.01034	0.00517	0.01292
48	0.16696	0.03181	0.11723	0.02900	0.09330	0.07174	0.02359	0.04512	0.02818	0.23788	0.02993	0.02971	0.02049	0.01236	0.01055	0.00354	0.01254	0.00951	0.00942	0.01713
49	0.02617	0.22579	0.33725	0.03060	0.04497	0.03321	0.07938	0.03625	0.02456	0.03391	0.01967	0.02339	0.01509	0.01058	0.01020	0.00333	0.01594	0.00837	0.00503	0.01633
50	0.67341	0.02249	0.01709	0.01529	0.02249	0.02609	0.01260	0.03419	0.01979	0.05218	0.01619	0.01889	0.01260	0.01080	0.00720	0.00360	0.00900	0.00630	0.00720	0.01260
51	0.02791	0.02382	0.02554	0.02344	0.02963	0.02737	0.01844	0.05803	0.45053	0.04727	0.04876	0.05219	0.03865	0.01742	0.01226	0.00409	0.00936	0.05594	0.01172	0.01764
52	0.02016	0.01768	0.02776	0.28922	0.05032	0.02187	0.02365	0.02552	0.02069	0.02799	0.02496	0.03950	0.02233	0.09397	0.18238	0.00928	0.07389	0.01163	0.00567	0.01153
53	0.16558	0.02029	0.02518	0.01971	0.02838	0.01874	0.01627	0.05257	0.03083	0.44014	0.04046	0.03581	0.02583	0.01374	0.01087	0.00360	0.00973	0.01071	0.01308	0.01848
54	0.01400	0.01080	0.01280	0.01440	0.01640	0.00960	0.01000	0.01640	0.02399	0.03039	0.08596	0.39174	0.25475	0.03360	0.01440	0.00440	0.00640	0.02960	0.01080	0.00960
55	0.01503	0.01183	0.01356	0.01313	0.01650	0.01036	0.00985	0.01917	0.02954	0.03860	0.30416	0.10010	0.32317	0.02677	0.01373	0.00380	0.00570	0.02289	0.01175	0.01036
56	0.01512	0.01146	0.01412	0.01556	0.01790	0.01046	0.01166	0.01841	0.02557	0.03288	0.12516	0.29311	0.22342	0.03207	0.01460	0.00447	0.00709	0.10600	0.01098	0.00996
57	0.02917	0.01551	0.01965	0.01701	0.02205	0.01463	0.01331	0.03709	0.07872	0.19353	0.27530	0.06366	0.06947	0.01907	0.01235	0.00357	0.00720	0.01636	0.07791	0.01441
58	0.02412	0.02067	0.02412	0.01723	0.02756	0.01550	0.01378	0.02929	0.02412	0.03790	0.02067	0.02412	0.01723	0.00861	0.00861	0.00172	0.00861	0.00689	0.00689	0.66236
59	0.02893	0.02498	0.02630	0.02367	0.03024	0.02893	0.01841	0.06180	0.49770	0.04865	0.04734	0.04339	0.03550	0.01578	0.01183	0.00394	0.00920	0.01315	0.01183	0.01841
60	0.02196	0.02067	0.03488	0.56331	0.08010	0.02584	0.03230	0.02972	0.02326	0.02972	0.02067	0.03101	0.01550	0.01163	0.01163	0.00388	0.01550	0.01034	0.00517	0.01292
61	0.02333	0.06016	0.53100	0.03315	0.05034	0.02701	0.04297	0.03683	0.02455	0.03683	0.02087	0.02455	0.01473	0.01105	0.01105	0.00368	0.01719	0.00859	0.00491	0.01719
62	0.01417	0.01012	0.01350	0.01619	0.01687	0.00945	0.01080	0.01619	0.02227	0.02969	0.06410	0.58367	0.07692	0.03644	0.01484	0.00472	0.00675	0.03306	0.01080	0.00945
63	0.03692	0.02045	0.02354	0.01907	0.02566	0.02074	0.01540	0.18121	0.03745	0.18725	0.08171	0.04143	0.03383	0.01488	0.01078	0.00330	0.00905	0.01192	0.20918	0.01622
64	0.02575	0.01702	0.01945	0.01799	0.02304	0.01698	0.01372	0.03799	0.17154	0.12992	0.07197	0.17068	0.18896	0.02380	0.01299	0.00403	0.00783	0.02031	0.01180	0.01426
65	0.02745	0.03137	0.06863	0.04902	0.06078	0.02941	0.47647	0.03725	0.02745	0.03725	0.02353	0.03137	0.01765	0.00980	0.01373	0.00392	0.01961	0.01373	0.00588	0.01569
66	0.01591	0.01187	0.01478	0.01405	0.01703	0.01074	0.01054	0.02087	0.03161	0.04352	0.43179	0.09200	0.19247	0.02494	0.01372	0.00371	0.00557	0.02175	0.01239	0.01074
67	0.10305	0.02764	0.11961	0.02491	0.03325	0.02150	0.06945	0.08993	0.02917	0.13823	0.03834	0.18170	0.03531	0.01889	0.01214	0.00394	0.01166	0.01646	0.00961	0.01522
68	0.03433	0.40865	0.10095	0.02217	0.03266	0.03961	0.02217	0.09283	0.02868	0.09047	0.02146	0.02277	0.01708	0.01106	0.00882	0.00286	0.01267	0.00760	0.00686	0.01631
69	0.02038	0.01627	0.02016	0.07906	0.02740	0.01752	0.01494	0.03270	0.15757	0.04069	0.22660	0.11408	0.06704	0.09194	0.01872	0.00481	0.00849	0.01826	0.01077	0.01262
70	0.10244	0.01628	0.02007	0.01743	0.02325	0.01495	0.01365	0.03735	0.02877	0.26157	0.10800	0.15948	0.10606	0.02131	0.01232	0.00387	0.00818	0.01800	0.01228	0.01474
71	0.03051	0.02524	0.08858	0.12063	0.03897	0.02254	0.02211	0.07962	0.12315	0.13533	0.08606	0.04140	0.03397	0.01462	0.01144	0.00362	0.01096	0.01215	0.08312	0.01598
72	0.02262	0.01891	0.02714	0.17364	0.10013	0.02079	0.02226	0.06751	0.07391	0.03689	0.04203	0.21736	0.04293	0.02203	0.01310	0.00422	0.01117	0.06114	0.00881	0.01342
73	0.01540	0.01069	0.01340	0.01487	0.01647	0.00992	0.01034	0.01853	0.02487	0.03450	0.14824	0.38596	0.12017	0.03086	0.01377	0.00422	0.00628	0.02753	0.08407	0.00992
74	0.20022	0.01890	0.01972	0.01799	0.02281	0.02026	0.01386	0.12640	0.03115	0.04920	0.13882	0.19957	0.05366	0.02173	0.01181	0.00391	0.00845	0.01816	0.01044	0.01295
75	0.02395	0.02171	0.03660	0.34381	0.21322	0.02464	0.03088	0.02998	0.02337	0.03129	0.02100	0.03079	0.01697	0.01448	0.01541	0.07809	0.01435	0.01032	0.00534	0.01379
76	0.09645	0.02001	0.02636	0.23010	0.04630	0.02033	0.02039	0.02981	0.02332	0.03680	0.02170	0.02793	0.01715	0.01048	0.00959	0.00286	0.01107	0.00852	0.06382	0.27703
77	0.01714	0.01173	0.01595	0.01595	0.01698	0.01276	0.01111	0.01863	0.01760	0.02449	0.03206	0.05640	0.03323	0.27871	0.29896	0.08847	0.02101	0.01393	0.00642	0.00848
78	0.09568	0.02096	0.02703	0.02368	0.02545	0.02691	0.01937	0.02633	0.02202	0.03493	0.12874	0.04590	0.08319	0.02087	0.02721	0.00451	0.33427	0.01340	0.00749	0.01206
79	0.02020	0.01010	0.01515	0.01515	0.01515	0.01010	0.01010	0.01515	0.01515	0.02020	0.02020	0.03535	0.02020	0.04040	0.04545	0.66162	0.01010	0.01010	0.00505	0.00505
80	0.01523	0.01118	0.01428	0.01489	0.01697	0.01023	0.01064	0.01904	0.02796	0.03812	0.28803	0.28436	0.14716	0.02944	0.01416	0.00411	0.00603	0.02618	0.01177	0.01023
81	0.02149	0.01275	0.01644	0.01496	0.01847	0.01172	0.01141	0.02685	0.03200	0.10596	0.40090	0.07608	0.09064	0.02145	0.01283	0.00354	0.00603	0.01872	0.08568	0.01206
82	0.15846	0.02224	0.02359	0.02044	0.02617	0.02546	0.01639	0.09035	0.17199	0.08976	0.03356	0.03452	0.02534	0.01457	0.01316	0.00369	0.07228	0.01061	0.13198	0.01545
83	0.49110	0.02541	0.02225	0.01862	0.02643	0.02898	0.01535	0.16334	0.02990	0.05830	0.01959	0.02151	0.01468	0.01171	0.00848	0.00357	0.01010	0.00751	0.00848	0.01468
84	0.23018	0.02285	0.02404	0.01989	0.02705	0.02432	0.01608	0.17256	0.03479	0.15014	0.08301	0.08160	0.03395	0.01608	0.01081	0.00367	0.00977	0.01253	0.01090	0.01578
85	0.01561	0.01250	0.01590	0.07587	0.02373	0.01192	0.01254	0.01971	0.02733	0.03566	0.22009	0.18606	0.24661	0.02701	0.01371	0.00399	0.00702	0.02349	0.01079	0.01046
86	0.01833	0.01518	0.02028	0.02007	0.02211	0.01713	0.01625	0.02211	0.02403	0.03246	0.10451	0.14206	0.14340	0.03398	0.07176	0.00608	0.13662	0.13355	0.00925	0.01084
87	0.67341	0.02249	0.01709	0.01529	0.02249	0.02609	0.01260	0.03419	0.01979	0.05218	0.01619	0.01889	0.01260	0.01080	0.00720	0.00360	0.00900	0.00630	0.00720	0.01260

[dist]
# distance from previous block
# <min> <max>
0	4

[block]
# block no. 1 follows, 10 sequences, length 63
# corresponding to MSA columns:
# 682-744
name=unknown_B
#
# <colnr> <probs for GDERKNQSTAVLIFYWHMCP>
#	G	D	E	R	K	N	Q	S	T	A	V	L	I	F	Y	W	H	M	C	P
0	0.67341	0.02249	0.01709	0.01529	0.02249	0.02609	0.01260	0.03419	0.01979	0.05218	0.01619	0.01889	0.01260	0.01080	0.00720	0.00360	0.00900	0.00630	0.00720	0.01260
1	0.02128	0.04985	0.42032	0.02859	0.04296	0.02335	0.03569	0.03254	0.02497	0.03568	0.04154	0.04318	0.12116	0.01497	0.01162	0.00374	0.01478	0.01199	0.00617	0.01562
2	0.17490	0.09136	0.03221	0.02604	0.03203	0.34121	0.02044	0.04101	0.02786	0.03338	0.01717	0.02078	0.01450	0.01239	0.01228	0.00329	0.07233	0.00740	0.00607	0.01334
3	0.02307	0.02180	0.03689	0.48338	0.15137	0.02613	0.03285	0.03069	0.02378	0.03106	0.02087	0.03065	0.01598	0.01142	0.01161	0.00381	0.01523	0.01034	0.00526	0.01381
4	0.15443	0.02273	0.03357	0.14019	0.04420	0.02347	0.09425	0.04400	0.06122	0.21939	0.03152	0.03289	0.02165	0.01250	0.01119	0.00374	0.01245	0.01085	0.00953	0.01624
5	0.02507	0.02350	0.03792	0.05223	0.32336	0.02520	0.02853	0.03014	0.02401	0.03441	0.02968	0.14647	0.03032	0.01773	0.01705	0.00402	0.11299	0.01517	0.00671	0.01548
6	0.02778	0.05428	0.42525	0.03179	0.04730	0.02894	0.03852	0.13129	0.03098	0.04461	0.02237	0.02527	0.01581	0.01167	0.01117	0.00364	0.01625	0.00899	0.00634	0.01774
7	0.02879	0.02763	0.04721	0.07139	0.51871	0.02763	0.03569	0.03569	0.02648	0.03800	0.02188	0.02879	0.01842	0.01036	0.01151	0.00345	0.01382	0.01036	0.00576	0.01842
8	0.18461	0.02037	0.02488	0.01954	0.02816	0.01901	0.01614	0.05189	0.03041	0.42560	0.03955	0.03518	0.02534	0.01363	0.01074	0.00360	0.00970	0.01055	0.01286	0.01826
9	0.02289	0.02162	0.03656	0.49651	0.13966	0.02608	0.03276	0.03053	0.02369	0.03084	0.02084	0.03071	0.01590	0.01146	0.01161	0.00382	0.01527	0.01034	0.00525	0.01367
10	0.01466	0.01050	0.01393	0.01586	0.01698	0.00977	0.01083	0.01742	0.02454	0.03330	0.15970	0.47777	0.08392	0.03374	0.01460	0.00450	0.00648	0.03050	0.01122	0.00977
11	0.02079	0.01880	0.03076	0.44635	0.06673	0.02267	0.02775	0.02806	0.02532	0.03332	0.12553	0.04292	0.03559	0.01422	0.01207	0.00383	0.01337	0.01262	0.00680	0.01251
12	0.02567	0.02390	0.04002	0.05962	0.41173	0.02376	0.03039	0.03154	0.02558	0.03623	0.03088	0.14707	0.03089	0.01592	0.01222	0.00372	0.01231	0.01520	0.00683	0.01651
13	0.67341	0.02249	0.01709	0.01529	0.02249	0.02609	0.01260	0.03419	0.01979	0.05218	0.01619	0.01889	0.01260	0.01080	0.00720	0.00360	0.00900	0.00630	0.00720	0.01260
14	0.01668	0.01137	0.01447	0.01445	0.01675	0.01063	0.01055	0.02142	0.02949	0.04258	0.35253	0.18687	0.09189	0.02509	0.01320	0.00376	0.00575	0.02221	0.09969	0.01063
15	0.03176	0.02388	0.02568	0.02166	0.02814	0.02640	0.01722	0.20473	0.20106	0.05664	0.10197	0.04361	0.03896	0.01586	0.01146	0.00355	0.00945	0.01289	0.10830	0.01677
16	0.01492	0.01132	0.01375	0.01421	0.01670	0.01015	0.01025	0.01858	0.02772	0.03679	0.25446	0.24390	0.22629	0.02935	0.01406	0.00406	0.00599	0.02574	0.01157	0.01015
17	0.01696	0.01482	0.02508	0.02275	0.02612	0.01374	0.10987	0.02073	0.02379	0.03147	0.06080	0.41899	0.10778	0.03006	0.01450	0.00447	0.00940	0.02809	0.00975	0.01081
18	0.02467	0.01822	0.02286	0.01976	0.02349	0.01997	0.01577	0.08751	0.03178	0.08327	0.24696	0.06546	0.12789	0.02175	0.01849	0.00397	0.12723	0.01702	0.01085	0.01310
19	0.05048	0.02252	0.02868	0.02199	0.03105	0.02114	0.01816	0.14690	0.03785	0.43010	0.04206	0.03710	0.02687	0.01430	0.01168	0.00358	0.01052	0.01143	0.01381	0.01979
20	0.16756	0.02507	0.02504	0.02214	0.02907	0.02891	0.01747	0.09000	0.35971	0.05141	0.03912	0.03691	0.02934	0.01457	0.01083	0.00383	0.00945	0.01147	0.01083	0.01728
21	0.02511	0.02216	0.02904	0.02877	0.13226	0.01809	0.01845	0.03065	0.02462	0.03792	0.02093	0.02511	0.01748	0.00899	0.00923	0.00209	0.00972	0.00763	0.00665	0.52509
22	0.53603	0.02302	0.01906	0.01708	0.02414	0.02670	0.01383	0.04007	0.12167	0.05143	0.02283	0.02412	0.01748	0.01186	0.00819	0.00367	0.00904	0.00776	0.00819	0.01383
23	0.02242	0.02067	0.03259	0.44690	0.06890	0.02364	0.02835	0.02962	0.02344	0.03146	0.02067	0.02954	0.01587	0.01099	0.01099	0.00342	0.01403	0.00960	0.00554	0.15136
24	0.01417	0.01012	0.01350	0.01619	0.01687	0.00945	0.01080	0.01619	0.02227	0.02969	0.06410	0.58367	0.07692	0.03644	0.01484	0.00472	0.00675	0.03306	0.01080	0.00945
25	0.01761	0.01449	0.02125	0.01968	0.02352	0.01272	0.05778	0.02108	0.02318	0.03219	0.05081	0.40943	0.05830	0.02786	0.01341	0.00400	0.00843	0.02556	0.00947	0.14925
26	0.02961	0.47513	0.05309	0.01933	0.02936	0.03951	0.01860	0.03364	0.02374	0.02961	0.01713	0.01982	0.01542	0.00967	0.00771	0.00232	0.01162	0.00636	0.00538	0.15294
27	0.02545	0.02545	0.03562	0.03053	0.03053	0.03562	0.02545	0.02799	0.01781	0.02799	0.01527	0.02545	0.01527	0.02036	0.03817	0.00509	0.56997	0.01018	0.00509	0.01272
28	0.02041	0.01978	0.01764	0.01913	0.02094	0.12352	0.01329	0.02264	0.02455	0.02943	0.05427	0.46372	0.06372	0.03122	0.01392	0.00436	0.00978	0.02761	0.00977	0.01031
29	0.02674	0.08422	0.04522	0.19400	0.05447	0.06900	0.16049	0.03377	0.02553	0.03340	0.02087	0.02760	0.01642	0.01030	0.01111	0.00322	0.01542	0.00998	0.00580	0.15244
30	0.03118	0.03236	0.02992	0.02593	0.03108	0.18197	0.02084	0.07013	0.02800	0.03490	0.02481	0.03895	0.02326	0.01647	0.01822	0.00365	0.16007	0.06946	0.00707	0.15173
31	0.02819	0.02508	0.02829	0.02513	0.03031	0.03036	0.01991	0.05459	0.39540	0.04425	0.04050	0.03957	0.03119	0.01675	0.01745	0.00419	0.12874	0.01252	0.01040	0.01720
32	0.03686	0.02978	0.14072	0.02929	0.07657	0.02154	0.06107	0.04647	0.06888	0.24951	0.03589	0.03541	0.02460	0.01298	0.01136	0.00357	0.01211	0.01111	0.07451	0.01776
33	0.04259	0.02724	0.03270	0.02575	0.03299	0.03031	0.02132	0.25735	0.04044	0.19889	0.03058	0.03087	0.02150	0.01545	0.01731	0.00386	0.13071	0.01077	0.01106	0.01828
34	0.01962	0.01436	0.01606	0.01570	0.01731	0.01520	0.01038	0.02704	0.12017	0.02907	0.04086	0.07341	0.04275	0.42522	0.04575	0.00925	0.01079	0.04896	0.00835	0.00975
35	0.02540	0.02353	0.02904	0.20860	0.12883	0.09421	0.02346	0.03152	0.02675	0.03621	0.09098	0.03942	0.03179	0.01351	0.01098	0.00340	0.01247	0.01150	0.14513	0.01327
36	0.03427	0.01932	0.02319	0.01978	0.02583	0.01955	0.01532	0.04815	0.19231	0.22443	0.11105	0.05255	0.04439	0.09453	0.01848	0.00477	0.00922	0.01423	0.01228	0.01634
37	0.03469	0.20345	0.12099	0.02280	0.03265	0.03013	0.02233	0.11865	0.03273	0.14633	0.09282	0.03504	0.03160	0.01368	0.01057	0.00326	0.01181	0.01056	0.00924	0.01668
38	0.02807	0.09625	0.26917	0.02839	0.03918	0.16914	0.03011	0.03597	0.02643	0.03255	0.02670	0.11391	0.02492	0.01534	0.01121	0.00356	0.01614	0.01206	0.00617	0.01471
39	0.01448	0.01036	0.01377	0.01598	0.01694	0.00965	0.01082	0.01698	0.02371	0.03199	0.12500	0.51622	0.08138	0.03472	0.01469	0.00458	0.00658	0.03143	0.01107	0.00965
40	0.02498	0.02229	0.03489	0.49045	0.07412	0.02723	0.03092	0.09085	0.02752	0.03563	0.02166	0.03059	0.01608	0.01194	0.01163	0.00382	0.01514	0.01035	0.00605	0.01385
41	0.01976	0.01026	0.01482	0.01482	0.01482	0.01026	0.00969	0.01539	0.01539	0.02052	0.02243	0.04089	0.02320	0.11520	0.04732	0.57331	0.01026	0.01103	0.00532	0.00532
42	0.01448	0.01036	0.01377	0.01598	0.01694	0.00965	0.01082	0.01698	0.02371	0.03199	0.12500	0.51622	0.08138	0.03472	0.01469	0.00458	0.00658	0.03143	0.01107	0.00965
43	0.01646	0.01189	0.01555	0.01463	0.01738	0.01097	0.01097	0.02195	0.03292	0.04664	0.51257	0.08688	0.10974	0.02378	0.01372	0.00366	0.00549	0.02103	0.01280	0.01097
44	0.01454	0.01028	0.01339	0.01572	0.01630	0.00970	0.01029	0.01629	0.02154	0.02872	0.06037	0.51475	0.07222	0.11177	0.02087	0.00561	0.00736	0.03087	0.01029	0.00912
45	0.03109	0.59826	0.06095	0.01990	0.02985	0.04602	0.01990	0.03483	0.02363	0.02736	0.01617	0.01866	0.01493	0.00995	0.00746	0.00249	0.01244	0.00622	0.00498	0.01493
46	0.02333	0.06016	0.53100	0.03315	0.05034	0.02701	0.04297	0.03683	0.02455	0.03683	0.02087	0.02455	0.01473	0.01105	0.01105	0.00368	0.01719	0.00859	0.00491	0.01719
47	0.05218	0.01979	0.02699	0.02069	0.02969	0.01709	0.01709	0.05668	0.03329	0.52677	0.04588	0.03959	0.02879	0.01439	0.01170	0.00360	0.00990	0.01170	0.01439	0.01979
48	0.03109	0.59826	0.06095	0.01990	0.02985	0.04602	0.01990	0.03483	0.02363	0.02736	0.01617	0.01866	0.01493	0.00995	0.00746	0.00249	0.01244	0.00622	0.00498	0.01493
49	0.02196	0.02067	0.03488	0.56331	0.08010	0.02584	0.03230	0.02972	0.02326	0.02972	0.02067	0.03101	0.01550	0.01163	0.01163	0.00388	0.01550	0.01034	0.00517	0.01292
50	0.01487	0.01064	0.01422	0.01643	0.01755	0.00999	0.01150	0.01765	0.02410	0.03243	0.12478	0.47779	0.08053	0.03435	0.01480	0.00463	0.00691	0.06603	0.01106	0.00976
51	0.01417	0.01012	0.01350	0.01619	0.01687	0.00945	0.01080	0.01619	0.02227	0.02969	0.06410	0.58367	0.07692	0.03644	0.01484	0.00472	0.00675	0.03306	0.01080	0.00945
52	0.03109	0.59826	0.06095	0.01990	0.02985	0.04602	0.01990	0.03483	0.02363	0.02736	0.01617	0.01866	0.01493	0.00995	0.00746	0.00249	0.01244	0.00622	0.00498	0.01493
53	0.01436	0.01027	0.01367	0.01606	0.01691	0.00958	0.01081	0.01668	0.02317	0.03113	0.10219	0.54148	0.07971	0.03536	0.01475	0.00463	0.00664	0.03204	0.01097	0.00958
54	0.67341	0.02249	0.01709	0.01529	0.02249	0.02609	0.01260	0.03419	0.01979	0.05218	0.01619	0.01889	0.01260	0.01080	0.00720	0.00360	0.00900	0.00630	0.00720	0.01260
55	0.01691	0.01128	0.01268	0.01268	0.01268	0.01128	0.00705	0.01691	0.01691	0.02255	0.03665	0.07611	0.04228	0.59126	0.05920	0.01128	0.01128	0.01691	0.00705	0.00705
56	0.02374	0.05729	0.48499	0.03473	0.05138	0.02725	0.08611	0.03687	0.02484	0.03687	0.02114	0.02523	0.01502	0.01093	0.01132	0.00371	0.01743	0.00910	0.00501	0.01704
57	0.03269	0.03394	0.18679	0.03736	0.14505	0.02283	0.06596	0.04098	0.02862	0.18247	0.07762	0.03668	0.02938	0.01305	0.01183	0.00362	0.01333	0.01156	0.00876	0.01749
58	0.02980	0.27843	0.05325	0.04876	0.30385	0.03571	0.02875	0.03531	0.02523	0.03332	0.01937	0.02433	0.01689	0.01018	0.00973	0.00303	0.01321	0.00854	0.00541	0.01689
59	0.01404	0.01062	0.01298	0.01486	0.01652	0.00956	0.01020	0.01634	0.02355	0.03021	0.08033	0.44117	0.20895	0.03433	0.01451	0.00448	0.00649	0.03049	0.01080	0.00956
60	0.08617	0.11042	0.03694	0.18790	0.09455	0.18559	0.02507	0.03873	0.02714	0.07373	0.02113	0.02580	0.01644	0.01155	0.01035	0.00333	0.01558	0.00870	0.00640	0.01447
61	0.03733	0.03362	0.17140	0.03418	0.08174	0.02321	0.12341	0.04555	0.02917	0.25235	0.03251	0.03296	0.02183	0.01220	0.01194	0.00368	0.01422	0.01120	0.00936	0.01811
62	0.01711	0.01245	0.01334	0.01275	0.01699	0.01051	0.00969	0.02040	0.02761	0.07316	0.14535	0.10390	0.44016	0.02774	0.01358	0.00388	0.00618	0.02320	0.01126	0.01073

[dist]
# distance from previous block
# <min> <max>
0	8

[block]
# block no. 2 follows, 10 sequences, length 10
# corresponding to MSA columns:
# 753-762
name=unknown_C
#
# <colnr> <probs for GDERKNQSTAVLIFYWHMCP>
#	G	D	E	R	K	N	Q	S	T	A	V	L	I	F	Y	W	H	M	C	P
0	0.01819	0.01375	0.01576	0.01656	0.01928	0.01396	0.01187	0.02754	0.12818	0.03565	0.06607	0.33013	0.13211	0.02826	0.01327	0.00420	0.00701	0.02488	0.08170	0.01164
1	0.04020	0.12115	0.14542	0.02560	0.03617	0.10087	0.02478	0.11493	0.03329	0.20254	0.02919	0.02870	0.02026	0.01259	0.01075	0.00335	0.01390	0.00942	0.00929	0.01761
2	0.01985	0.09557	0.09740	0.02677	0.10276	0.01958	0.01998	0.02470	0.02446	0.03214	0.05816	0.23035	0.15662	0.02364	0.01257	0.00390	0.00986	0.02051	0.00842	0.01275
3	0.01544	0.01200	0.01421	0.01563	0.01779	0.01139	0.01095	0.02063	0.06828	0.03197	0.07802	0.39669	0.19911	0.03248	0.01424	0.00442	0.00673	0.02873	0.01090	0.01040
4	0.12473	0.24841	0.11440	0.02472	0.03397	0.21428	0.02317	0.03908	0.02648	0.03264	0.01750	0.02037	0.01459	0.01094	0.00901	0.00300	0.01563	0.00702	0.00563	0.01443
5	0.03039	0.02408	0.03688	0.30444	0.16932	0.02692	0.02980	0.10564	0.03010	0.09303	0.02487	0.03094	0.01832	0.01201	0.01161	0.00369	0.01407	0.01051	0.00734	0.01604
6	0.11273	0.02156	0.03117	0.40815	0.06481	0.02633	0.02753	0.03507	0.09282	0.03561	0.02399	0.03117	0.01806	0.01213	0.01105	0.00385	0.01368	0.01019	0.00643	0.01369
7	0.03396	0.03256	0.03793	0.03580	0.10859	0.11217	0.08542	0.13269	0.20410	0.04705	0.03189	0.03303	0.02423	0.01320	0.01179	0.00363	0.01388	0.01140	0.00915	0.01752
8	0.03223	0.12273	0.14051	0.10607	0.11356	0.02899	0.02816	0.06960	0.07980	0.12499	0.02802	0.03007	0.02050	0.01215	0.01087	0.00349	0.01326	0.00989	0.00795	0.01718
9	0.15955	0.03574	0.19978	0.02266	0.03332	0.05545	0.02386	0.03602	0.02476	0.08121	0.02413	0.02694	0.01795	0.01129	0.00949	0.00317	0.01217	0.00835	0.09622	0.11794

[dist]
# distance from previous block
# <min> <max>
0	58

[block]
# block no. 3 follows, 10 sequences, length 21
# corresponding to MSA columns:
# 821-841
name=unknown_D
#
# <colnr> <probs for GDERKNQSTAVLIFYWHMCP>
#	G	D	E	R	K	N	Q	S	T	A	V	L	I	F	Y	W	H	M	C	P
0	0.08841	0.02667	0.07998	0.08763	0.14165	0.02283	0.07005	0.03982	0.02696	0.16747	0.02751	0.03019	0.01979	0.01133	0.01094	0.00335	0.01263	0.01002	0.00822	0.11457
1	0.02973	0.02344	0.03503	0.18522	0.09459	0.02538	0.07407	0.11068	0.07016	0.08669	0.02944	0.03900	0.02378	0.09982	0.01906	0.00487	0.01362	0.01210	0.00814	0.01517
2	0.02397	0.02083	0.03112	0.38941	0.06266	0.02464	0.02696	0.09544	0.02819	0.03644	0.03365	0.08412	0.06349	0.01559	0.01208	0.00389	0.01354	0.01348	0.00710	0.01340
3	0.02390	0.01935	0.03163	0.13275	0.04038	0.02030	0.13072	0.03364	0.07244	0.03963	0.03182	0.03789	0.02447	0.01245	0.01060	0.00337	0.01136	0.01169	0.29838	0.01323
4	0.02739	0.02323	0.02516	0.02333	0.02932	0.02658	0.01846	0.05611	0.42661	0.04656	0.04949	0.05665	0.04025	0.01825	0.01247	0.00416	0.00943	0.07765	0.01166	0.01725
5	0.03445	0.01743	0.02233	0.01873	0.02487	0.01644	0.01486	0.04362	0.10325	0.26341	0.23194	0.05899	0.06204	0.01834	0.01252	0.00367	0.00804	0.01563	0.01337	0.01607
6	0.01417	0.01012	0.01350	0.01619	0.01687	0.00945	0.01080	0.01619	0.02227	0.02969	0.06410	0.58367	0.07692	0.03644	0.01484	0.00472	0.00675	0.03306	0.01080	0.00945
7	0.01443	0.01032	0.01372	0.01602	0.01693	0.00962	0.01082	0.01684	0.02346	0.03158	0.11420	0.52818	0.08059	0.03502	0.01472	0.00460	0.00661	0.03172	0.01102	0.00962
8	0.04421	0.03258	0.03490	0.02676	0.03607	0.03607	0.02211	0.47993	0.05468	0.07330	0.02792	0.02792	0.01978	0.01396	0.01163	0.00349	0.01280	0.01047	0.01163	0.01978
9	0.05218	0.01979	0.02699	0.02069	0.02969	0.01709	0.01709	0.05668	0.03329	0.52677	0.04588	0.03959	0.02879	0.01439	0.01170	0.00360	0.00990	0.01170	0.01439	0.01979
10	0.02893	0.02498	0.02630	0.02367	0.03024	0.02893	0.01841	0.06180	0.49770	0.04865	0.04734	0.04339	0.03550	0.01578	0.01183	0.00394	0.00920	0.01315	0.01183	0.01841
11	0.01417	0.01012	0.01350	0.01619	0.01687	0.00945	0.01080	0.01619	0.02227	0.02969	0.06410	0.58367	0.07692	0.03644	0.01484	0.00472	0.00675	0.03306	0.01080	0.00945
12	0.02719	0.02521	0.03095	0.02709	0.03039	0.03227	0.02192	0.04494	0.25844	0.03835	0.03135	0.03444	0.02541	0.01806	0.02496	0.00452	0.28879	0.01167	0.00847	0.01557
13	0.03366	0.02413	0.03146	0.07594	0.08949	0.02414	0.02129	0.12437	0.03141	0.13188	0.02628	0.02895	0.01962	0.01235	0.01329	0.00313	0.06638	0.00949	0.00873	0.22399
14	0.35052	0.02832	0.08301	0.08436	0.08746	0.02698	0.11314	0.03477	0.02281	0.04401	0.01914	0.02415	0.01469	0.01066	0.00976	0.00369	0.01307	0.00882	0.00636	0.01428
15	0.02157	0.01757	0.01992	0.01994	0.02358	0.01922	0.01461	0.03906	0.26066	0.03920	0.05570	0.31277	0.05615	0.02608	0.01334	0.00433	0.00798	0.02308	0.01132	0.01394
16	0.29421	0.16733	0.03292	0.01943	0.02800	0.03134	0.01690	0.11898	0.02936	0.13009	0.02334	0.02397	0.01722	0.01177	0.00883	0.00330	0.01070	0.00795	0.00867	0.01570
17	0.03545	0.02277	0.03252	0.29397	0.05623	0.02525	0.02571	0.12721	0.03251	0.18748	0.02968	0.03297	0.02034	0.01292	0.01165	0.00372	0.01328	0.01077	0.00922	0.01634
18	0.01417	0.01012	0.01350	0.01619	0.01687	0.00945	0.01080	0.01619	0.02227	0.02969	0.06410	0.58367	0.07692	0.03644	0.01484	0.00472	0.00675	0.03306	0.01080	0.00945
19	0.04396	0.01916	0.02673	0.10176	0.03597	0.01772	0.01860	0.04880	0.03113	0.40450	0.04894	0.04519	0.07305	0.01541	0.01188	0.00367	0.01036	0.01272	0.01266	0.01780
20	0.02874	0.14172	0.22001	0.02677	0.03784	0.03039	0.02856	0.12501	0.07749	0.04322	0.03018	0.04211	0.02570	0.01508	0.01135	0.00371	0.01369	0.07418	0.00782	0.01644

[dist]
# distance from previous block
# <min> <max>
0	1

[block]
# block no. 4 follows, 10 sequences, length 18
# corresponding to MSA columns:
# 843-848,850-861
name=unknown_E
#
# <colnr> <probs for GDERKNQSTAVLIFYWHMCP>
#	G	D	E	R	K	N	Q	S	T	A	V	L	I	F	Y	W	H	M	C	P
0	0.03611	0.02226	0.03003	0.10669	0.10648	0.02249	0.02158	0.12893	0.03402	0.20549	0.04759	0.04697	0.10783	0.01594	0.01200	0.00365	0.01117	0.01329	0.01062	0.01686
1	0.01853	0.01528	0.02542	0.02424	0.02774	0.01468	0.09527	0.02339	0.02519	0.03330	0.05592	0.28505	0.06215	0.02988	0.01520	0.00487	0.01076	0.21216	0.00990	0.01110
2	0.02463	0.02376	0.04116	0.08283	0.08975	0.02471	0.17450	0.03774	0.12985	0.03817	0.07007	0.04081	0.03107	0.02595	0.10525	0.00642	0.01722	0.01336	0.00775	0.01500
3	0.03321	0.36269	0.04953	0.02427	0.03150	0.16915	0.02151	0.03655	0.02496	0.02775	0.01647	0.02042	0.01500	0.01227	0.01356	0.00307	0.11145	0.00723	0.00525	0.01418
4	0.02817	0.02055	0.02453	0.01773	0.02787	0.01573	0.01426	0.03324	0.02544	0.10845	0.02431	0.02635	0.01890	0.00945	0.00906	0.00199	0.00880	0.00758	0.00797	0.56962
5	0.03386	0.02386	0.11030	0.02060	0.02869	0.01654	0.01931	0.04030	0.03163	0.26282	0.21535	0.05459	0.05650	0.01731	0.01234	0.00364	0.00952	0.01463	0.01215	0.01606
6	0.03414	0.02296	0.02606	0.02202	0.02889	0.02462	0.01748	0.12644	0.24494	0.14991	0.12499	0.04753	0.04438	0.01658	0.01210	0.00375	0.00932	0.01377	0.01249	0.01763
7	0.01482	0.01182	0.01327	0.01291	0.01637	0.01028	0.00968	0.01877	0.02904	0.03744	0.27390	0.10202	0.35416	0.02721	0.01373	0.00382	0.00573	0.02316	0.01159	0.01028
8	0.38237	0.11000	0.10439	0.01868	0.02721	0.02691	0.01821	0.03292	0.02301	0.04537	0.08919	0.02965	0.02741	0.01260	0.00879	0.00346	0.01028	0.00879	0.00733	0.01342
9	0.01628	0.01153	0.01337	0.01311	0.01452	0.01096	0.00847	0.01834	0.02307	0.03094	0.18744	0.08489	0.13636	0.33799	0.03883	0.00791	0.00875	0.01931	0.00931	0.00862
10	0.03221	0.18408	0.20807	0.03000	0.04185	0.10822	0.07678	0.11476	0.03108	0.03967	0.02080	0.02390	0.01600	0.01129	0.01047	0.00328	0.01606	0.00872	0.00635	0.01639
11	0.02479	0.02357	0.02299	0.01944	0.02608	0.10627	0.01525	0.02956	0.02707	0.03663	0.12042	0.04715	0.04028	0.02183	0.06277	0.00429	0.01253	0.04784	0.00815	0.30307
12	0.02561	0.09690	0.26349	0.03746	0.12737	0.02722	0.08046	0.03517	0.02503	0.03634	0.02084	0.02537	0.01614	0.01027	0.01064	0.00321	0.01490	0.00892	0.00551	0.12913
13	0.03161	0.02923	0.11810	0.08088	0.15985	0.02330	0.10655	0.03905	0.02740	0.15873	0.03204	0.08542	0.02577	0.01402	0.01221	0.00376	0.01382	0.01321	0.00826	0.01680
14	0.13824	0.18740	0.03221	0.01826	0.02574	0.02761	0.01559	0.03593	0.10780	0.04099	0.12338	0.03777	0.03778	0.01372	0.00964	0.00305	0.00926	0.01057	0.00846	0.11661
15	0.03080	0.17906	0.17307	0.10871	0.08722	0.12223	0.02982	0.07527	0.02838	0.03531	0.01990	0.02410	0.01570	0.01122	0.01026	0.00326	0.01577	0.00840	0.00581	0.01571
16	0.16192	0.02579	0.09559	0.02117	0.02879	0.02189	0.01920	0.11174	0.03018	0.13035	0.06974	0.11444	0.03503	0.02303	0.05532	0.00501	0.01224	0.01381	0.00976	0.01500
17	0.29781	0.03352	0.18552	0.02222	0.03143	0.02505	0.02330	0.03186	0.02210	0.04162	0.03228	0.03486	0.08594	0.01459	0.01269	0.00383	0.07084	0.01009	0.00675	0.01370

[dist]
# distance from previous block
# <min> <max>
0	40

[block]
# block no. 5 follows, 10 sequences, length 43
# corresponding to MSA columns:
# 905-947
name=unknown_F
#
# <colnr> <probs for GDERKNQSTAVLIFYWHMCP>
#	G	D	E	R	K	N	Q	S	T	A	V	L	I	F	Y	W	H	M	C	P
0	0.09141	0.01849	0.02184	0.01977	0.02514	0.01888	0.01581	0.09110	0.08129	0.14653	0.11612	0.14231	0.05251	0.02180	0.01276	0.00409	0.00908	0.08479	0.01171	0.01458
1	0.09260	0.16223	0.03393	0.02029	0.02846	0.02640	0.01731	0.09753	0.03121	0.25193	0.03602	0.09379	0.02847	0.01549	0.01064	0.00344	0.01045	0.01221	0.01074	0.01682
2	0.25854	0.07709	0.02896	0.02689	0.10493	0.02551	0.01847	0.04101	0.07908	0.14352	0.03028	0.06837	0.02438	0.01381	0.00993	0.00359	0.01015	0.01078	0.00903	0.01568
3	0.15923	0.11424	0.12792	0.02173	0.03018	0.02633	0.02141	0.03496	0.02438	0.11808	0.03827	0.03919	0.09699	0.01551	0.01365	0.00369	0.08063	0.01105	0.00793	0.01462
4	0.02979	0.26643	0.09337	0.02246	0.03118	0.03227	0.02158	0.04131	0.12941	0.08127	0.03362	0.04478	0.02910	0.01533	0.01059	0.00350	0.01172	0.07831	0.00829	0.01571
5	0.20740	0.02130	0.02443	0.01951	0.02757	0.02107	0.01602	0.09668	0.03226	0.31380	0.07449	0.03683	0.03025	0.01419	0.01070	0.00359	0.00964	0.01094	0.01210	0.01723
6	0.19311	0.10389	0.13824	0.04294	0.23678	0.02940	0.02927	0.03543	0.02403	0.04007	0.01951	0.02414	0.01575	0.01056	0.00981	0.00342	0.01309	0.00845	0.00586	0.01625
7	0.19896	0.02570	0.02800	0.09316	0.07466	0.09962	0.05174	0.03184	0.02426	0.03769	0.02761	0.13009	0.02688	0.01558	0.01068	0.00355	0.01229	0.01299	0.00720	0.08749
8	0.02478	0.07960	0.18433	0.10882	0.04541	0.02571	0.08015	0.07438	0.02873	0.03926	0.08005	0.04923	0.03385	0.01579	0.01227	0.00388	0.01417	0.07738	0.00744	0.01478
9	0.02964	0.02427	0.03913	0.12148	0.11647	0.02489	0.12233	0.08475	0.07545	0.09764	0.07505	0.04302	0.06406	0.01429	0.01242	0.00374	0.01310	0.01342	0.00883	0.01601
10	0.01642	0.01191	0.01493	0.01493	0.01680	0.01182	0.01070	0.01942	0.02325	0.03139	0.16063	0.08235	0.12793	0.22738	0.13635	0.00941	0.01309	0.05285	0.00909	0.00935
11	0.02957	0.02875	0.08169	0.27714	0.05718	0.03041	0.02922	0.17275	0.03265	0.04397	0.02231	0.02873	0.01676	0.01340	0.01488	0.00389	0.08385	0.01020	0.00718	0.01547
12	0.01581	0.01197	0.01488	0.01614	0.01883	0.01104	0.01267	0.01971	0.02670	0.03441	0.14832	0.20947	0.22445	0.03086	0.01469	0.00450	0.00752	0.15676	0.01107	0.01020
13	0.02412	0.02067	0.02412	0.01723	0.02756	0.01550	0.01378	0.02929	0.02412	0.03790	0.02067	0.02412	0.01723	0.00861	0.00861	0.00172	0.00861	0.00689	0.00689	0.66236
14	0.03459	0.03415	0.18512	0.02487	0.03561	0.02369	0.02521	0.10979	0.09079	0.18816	0.04376	0.04189	0.07957	0.01518	0.01174	0.00369	0.01208	0.01219	0.01026	0.01765
15	0.13302	0.02754	0.04667	0.03502	0.04417	0.02774	0.25221	0.12349	0.03107	0.04599	0.02829	0.09744	0.02465	0.01412	0.01239	0.00388	0.01493	0.01428	0.00787	0.01524
16	0.01417	0.01012	0.01350	0.01619	0.01687	0.00945	0.01080	0.01619	0.02227	0.02969	0.06410	0.58367	0.07692	0.03644	0.01484	0.00472	0.00675	0.03306	0.01080	0.00945
17	0.02795	0.02843	0.03598	0.28927	0.16146	0.11008	0.02938	0.03851	0.09650	0.03416	0.02449	0.03076	0.01905	0.01203	0.01145	0.00365	0.01507	0.01031	0.00643	0.01503
18	0.02652	0.02862	0.05329	0.04043	0.04673	0.03230	0.26690	0.03295	0.02297	0.03295	0.01969	0.02862	0.01654	0.01471	0.02508	0.00446	0.27533	0.01208	0.00551	0.01431
19	0.02886	0.02477	0.02900	0.14197	0.04170	0.02893	0.02180	0.09468	0.35168	0.04686	0.03965	0.03921	0.02963	0.01470	0.01177	0.00389	0.01092	0.01228	0.01036	0.01734
20	0.02531	0.01324	0.01700	0.01533	0.01860	0.01213	0.01110	0.02691	0.02512	0.14701	0.14482	0.06684	0.11899	0.14437	0.02916	0.13808	0.00873	0.01629	0.01011	0.01086
21	0.01628	0.01161	0.01490	0.01451	0.01662	0.01086	0.01037	0.02058	0.02939	0.04123	0.39364	0.13814	0.09615	0.11002	0.02064	0.00491	0.00649	0.02170	0.01173	0.01022
22	0.02333	0.06016	0.53100	0.03315	0.05034	0.02701	0.04297	0.03683	0.02455	0.03683	0.02087	0.02455	0.01473	0.01105	0.01105	0.00368	0.01719	0.00859	0.00491	0.01719
23	0.01833	0.01385	0.01716	0.01598	0.01930	0.01366	0.01209	0.02791	0.10246	0.04694	0.44297	0.08037	0.09863	0.02258	0.01344	0.00370	0.00604	0.01985	0.01266	0.01209
24	0.02735	0.02259	0.02585	0.01876	0.02893	0.01881	0.01512	0.10173	0.02903	0.04359	0.02184	0.02473	0.01764	0.00947	0.00910	0.00201	0.00929	0.00747	0.00765	0.55907
25	0.03524	0.01862	0.02284	0.01899	0.02589	0.01732	0.01561	0.09386	0.03167	0.21705	0.04074	0.05133	0.03228	0.01615	0.01118	0.00340	0.00926	0.07956	0.14639	0.11259
26	0.02879	0.02763	0.04721	0.07139	0.51871	0.02763	0.03569	0.03569	0.02648	0.03800	0.02188	0.02879	0.01842	0.01036	0.01151	0.00345	0.01382	0.01036	0.00576	0.01842
27	0.02692	0.08994	0.12542	0.01979	0.02707	0.01934	0.01953	0.03331	0.02586	0.11556	0.03868	0.09793	0.03395	0.01724	0.01084	0.00354	0.01010	0.06558	0.20553	0.01388
28	0.02196	0.02067	0.03488	0.56331	0.08010	0.02584	0.03230	0.02972	0.02326	0.02972	0.02067	0.03101	0.01550	0.01163	0.01163	0.00388	0.01550	0.01034	0.00517	0.01292
29	0.01485	0.01061	0.01428	0.01698	0.01795	0.01004	0.01198	0.01738	0.02294	0.03046	0.06373	0.51598	0.07543	0.03579	0.01503	0.00482	0.00734	0.09401	0.01078	0.00964
30	0.03491	0.01866	0.02355	0.01876	0.02592	0.01682	0.01505	0.08574	0.03397	0.23979	0.19556	0.05163	0.05297	0.01655	0.01187	0.00331	0.00853	0.01391	0.01236	0.12014
31	0.11908	0.01912	0.02443	0.01932	0.02733	0.01737	0.01582	0.04977	0.03169	0.41248	0.10058	0.04310	0.03701	0.01515	0.01143	0.00361	0.00924	0.01224	0.01337	0.01787
32	0.01411	0.01037	0.01324	0.01553	0.01670	0.00950	0.01050	0.01627	0.02290	0.02995	0.07214	0.51309	0.14231	0.03539	0.01468	0.00460	0.00662	0.03179	0.01080	0.00950
33	0.05218	0.01979	0.02699	0.02069	0.02969	0.01709	0.01709	0.05668	0.03329	0.52677	0.04588	0.03959	0.02879	0.01439	0.01170	0.00360	0.00990	0.01170	0.01439	0.01979
34	0.34083	0.02105	0.02239	0.01818	0.02635	0.02127	0.01500	0.04623	0.02702	0.30625	0.03209	0.02997	0.02127	0.01272	0.00961	0.00360	0.00948	0.00919	0.01105	0.01645
35	0.01417	0.01012	0.01350	0.01619	0.01687	0.00945	0.01080	0.01619	0.02227	0.02969	0.06410	0.58367	0.07692	0.03644	0.01484	0.00472	0.00675	0.03306	0.01080	0.00945
