[name]
unknown

[dist]
# distance from previous block
# <min> <max>
0	294

[block]
# block no. 0 follows, 13 sequences, length 14
# corresponding to MSA columns:
# 294-307
name=unknown_A
#
# <colnr> <probs for GDERKNQSTAVLIFYWHMCP>
#	G	D	E	R	K	N	Q	S	T	A	V	L	I	F	Y	W	H	M	C	P
0	0.02689	0.02344	0.04011	0.15185	0.33703	0.02452	0.07463	0.03305	0.02371	0.08663	0.02162	0.02753	0.01696	0.01058	0.01238	0.00336	0.05461	0.00981	0.00590	0.01539
1	0.01446	0.01079	0.01343	0.01277	0.01549	0.00976	0.00958	0.01898	0.02874	0.03957	0.46494	0.08364	0.19348	0.02267	0.01248	0.00338	0.00506	0.01977	0.01127	0.00976
2	0.01657	0.01277	0.01548	0.01437	0.01792	0.01087	0.01004	0.01902	0.01979	0.02821	0.03917	0.29447	0.04427	0.15107	0.02010	0.00461	0.00760	0.01862	0.00785	0.24718
3	0.01448	0.00957	0.01221	0.01348	0.01380	0.00925	0.00854	0.01482	0.01768	0.02358	0.04426	0.35032	0.05208	0.24152	0.03127	0.09778	0.00798	0.02216	0.00793	0.00730
4	0.04019	0.02962	0.03173	0.02433	0.03279	0.03279	0.02010	0.52721	0.04971	0.06663	0.02538	0.02538	0.01798	0.01269	0.01058	0.00317	0.01163	0.00952	0.01058	0.01798
5	0.02827	0.63478	0.05540	0.01809	0.02714	0.04184	0.01809	0.03166	0.02148	0.02488	0.01470	0.01696	0.01357	0.00905	0.00678	0.00226	0.01131	0.00565	0.00452	0.01357
6	0.01437	0.01078	0.01331	0.01268	0.01543	0.00972	0.00951	0.01880	0.02852	0.03906	0.44847	0.08447	0.21026	0.02286	0.01248	0.00338	0.00508	0.01989	0.01120	0.00972
7	0.01803	0.01241	0.01781	0.05522	0.02210	0.01368	0.01365	0.02073	0.01909	0.06600	0.03867	0.15593	0.07268	0.04908	0.26537	0.07276	0.05466	0.01530	0.00712	0.00972
8	0.15417	0.01854	0.02182	0.01828	0.02487	0.01894	0.01476	0.04457	0.13458	0.29448	0.03546	0.03414	0.02490	0.02157	0.08644	0.00516	0.01129	0.01014	0.01046	0.01544
9	0.02654	0.02158	0.02779	0.03093	0.15996	0.02289	0.01962	0.16667	0.12928	0.04591	0.13592	0.09355	0.04137	0.01583	0.01123	0.00338	0.00943	0.01374	0.00941	0.01499
10	0.23346	0.01923	0.02018	0.01539	0.02380	0.01717	0.01245	0.03009	0.02142	0.08361	0.01947	0.02165	0.01525	0.00888	0.00767	0.00223	0.00804	0.00647	0.00693	0.42659
11	0.02451	0.02343	0.03992	0.20904	0.43131	0.02468	0.03162	0.03099	0.02329	0.03253	0.01959	0.02671	0.01604	0.00973	0.01050	0.00324	0.01297	0.00941	0.00509	0.01541
12	0.09323	0.02100	0.02956	0.29998	0.12852	0.02454	0.02448	0.03634	0.16603	0.03503	0.02526	0.02987	0.01926	0.01137	0.01019	0.00346	0.01167	0.00973	0.00665	0.01385
13	0.02603	0.03151	0.10320	0.18731	0.13226	0.13959	0.02592	0.03434	0.06778	0.03138	0.02054	0.02526	0.01610	0.01032	0.00991	0.00301	0.01373	0.00844	0.00564	0.10776

[dist]
# distance from previous block
# <min> <max>
2	3

[block]
# block no. 1 follows, 13 sequences, length 8
# corresponding to MSA columns:
# 311-318
name=unknown_B
#
# <colnr> <probs for GDERKNQSTAVLIFYWHMCP>
#	G	D	E	R	K	N	Q	S	T	A	V	L	I	F	Y	W	H	M	C	P
0	0.15243	0.07357	0.02634	0.02012	0.02616	0.11844	0.04962	0.03534	0.02522	0.17704	0.06144	0.12912	0.03127	0.01538	0.01011	0.00329	0.01070	0.01258	0.00870	0.01314
1	0.20295	0.01924	0.02738	0.44521	0.05879	0.02355	0.02457	0.02810	0.02030	0.03248	0.01770	0.02524	0.01339	0.01037	0.00949	0.00346	0.01251	0.00841	0.00519	0.01167
2	0.20805	0.08808	0.10836	0.03561	0.17587	0.02720	0.09947	0.07430	0.02427	0.03953	0.01857	0.02265	0.01458	0.00977	0.00931	0.00318	0.01238	0.00832	0.00588	0.01460
3	0.01640	0.00937	0.01300	0.01366	0.01382	0.00920	0.00889	0.01429	0.01577	0.02103	0.03154	0.19617	0.03551	0.13409	0.03594	0.39472	0.00854	0.01580	0.00629	0.00596
4	0.02301	0.02272	0.01982	0.01943	0.02300	0.14615	0.01447	0.03319	0.16776	0.03271	0.07520	0.23462	0.07533	0.02162	0.01178	0.00368	0.00981	0.04469	0.00917	0.01184
5	0.16089	0.02946	0.02459	0.02072	0.02773	0.17353	0.01631	0.09852	0.11593	0.08513	0.02420	0.02483	0.01830	0.01116	0.00910	0.00288	0.01155	0.00803	0.00795	0.12919
6	0.02367	0.02095	0.02980	0.03312	0.15411	0.02227	0.06352	0.03953	0.23832	0.03770	0.03923	0.05678	0.03490	0.01671	0.01187	0.00382	0.01052	0.13980	0.00873	0.01465
7	0.02657	0.46978	0.04644	0.01744	0.02658	0.03441	0.01660	0.03031	0.02160	0.02744	0.01580	0.01829	0.01413	0.00872	0.00706	0.00208	0.01038	0.00582	0.00499	0.19557

[dist]
# distance from previous block
# <min> <max>
0	17

[block]
# block no. 2 follows, 13 sequences, length 12
# corresponding to MSA columns:
# 336-347
name=unknown_C
#
# <colnr> <probs for GDERKNQSTAVLIFYWHMCP>
#	G	D	E	R	K	N	Q	S	T	A	V	L	I	F	Y	W	H	M	C	P
0	0.12301	0.01686	0.02324	0.08417	0.17240	0.01752	0.01813	0.02389	0.02163	0.03231	0.04600	0.10898	0.15863	0.02472	0.07872	0.00506	0.01140	0.01451	0.00707	0.01176
1	0.10372	0.01666	0.01895	0.01762	0.02236	0.01777	0.01411	0.03578	0.17985	0.10386	0.10124	0.05879	0.08817	0.02474	0.07226	0.00510	0.01011	0.08607	0.00986	0.01298
2	0.01587	0.01239	0.01883	0.10626	0.02658	0.01456	0.01517	0.01986	0.01750	0.02462	0.02724	0.04160	0.02546	0.11051	0.45790	0.01442	0.02477	0.01134	0.00557	0.00956
3	0.02572	0.01467	0.01774	0.01637	0.02054	0.01462	0.01243	0.03519	0.14125	0.16907	0.09658	0.20274	0.04703	0.01961	0.01114	0.00351	0.00705	0.01700	0.11467	0.01308
4	0.20093	0.02016	0.02101	0.01763	0.02402	0.02145	0.01420	0.13679	0.10890	0.14036	0.08897	0.04150	0.09160	0.01481	0.01001	0.00334	0.00842	0.01156	0.01004	0.01431
5	0.02023	0.01165	0.01461	0.01373	0.01536	0.01165	0.00916	0.02161	0.01798	0.10537	0.03360	0.05860	0.03417	0.42482	0.15337	0.01053	0.01366	0.01384	0.00728	0.00878
6	0.01437	0.01131	0.01333	0.01433	0.01743	0.01027	0.01176	0.01796	0.02420	0.02984	0.08597	0.10899	0.35259	0.02778	0.01337	0.00411	0.00717	0.21619	0.00978	0.00926
7	0.42462	0.01770	0.01648	0.01467	0.02056	0.01888	0.01174	0.03170	0.02129	0.14731	0.03412	0.10040	0.07380	0.01485	0.00875	0.00342	0.00783	0.01117	0.00855	0.01217
8	0.18656	0.01799	0.01998	0.01658	0.02235	0.01832	0.01314	0.10908	0.02875	0.20258	0.14057	0.04268	0.03836	0.08045	0.01473	0.00402	0.00850	0.01163	0.01017	0.01355
9	0.01638	0.01174	0.01612	0.01751	0.01997	0.01147	0.01480	0.02129	0.02611	0.03506	0.21494	0.10648	0.07320	0.02680	0.01393	0.00438	0.00823	0.34145	0.01034	0.00981
10	0.02313	0.02313	0.03238	0.02776	0.02776	0.03238	0.02313	0.02545	0.01619	0.02545	0.01388	0.02313	0.01388	0.01851	0.03470	0.00463	0.60907	0.00925	0.00463	0.01157
11	0.16340	0.01264	0.01429	0.01435	0.01728	0.01268	0.01056	0.02209	0.02339	0.06908	0.20342	0.28746	0.06406	0.02333	0.01151	0.00371	0.00639	0.02026	0.00988	0.01020

[dist]
# distance from previous block
# <min> <max>
0	1

[block]
# block no. 3 follows, 13 sequences, length 105
# corresponding to MSA columns:
# 349-453
name=unknown_D
#
# <colnr> <probs for GDERKNQSTAVLIFYWHMCP>
#	G	D	E	R	K	N	Q	S	T	A	V	L	I	F	Y	W	H	M	C	P
0	0.29287	0.01389	0.01374	0.01428	0.01744	0.01483	0.01049	0.02177	0.02011	0.03652	0.08061	0.33300	0.04862	0.02275	0.01059	0.00380	0.00687	0.01932	0.00863	0.00986
1	0.04016	0.01586	0.02069	0.01646	0.02314	0.01405	0.01340	0.04447	0.02814	0.43065	0.03982	0.03689	0.02642	0.01288	0.00978	0.00306	0.00793	0.01043	0.18991	0.01586
2	0.01454	0.00936	0.01168	0.01354	0.01460	0.00890	0.00923	0.01713	0.02071	0.03001	0.05251	0.48032	0.05954	0.02808	0.01201	0.00385	0.00584	0.02516	0.17410	0.00890
3	0.01799	0.01067	0.01435	0.01522	0.01711	0.01028	0.01088	0.02065	0.02110	0.09413	0.04966	0.41297	0.05437	0.03649	0.10444	0.00606	0.00995	0.02315	0.06056	0.00997
4	0.15243	0.01839	0.02310	0.01803	0.02594	0.01685	0.01489	0.04825	0.02830	0.48614	0.03739	0.03298	0.02382	0.01256	0.00998	0.00327	0.00887	0.00985	0.01204	0.01695
5	0.02083	0.01760	0.02113	0.01587	0.02407	0.01395	0.01264	0.02538	0.02113	0.03287	0.02032	0.02507	0.01739	0.01927	0.10050	0.00404	0.01111	0.00708	0.00617	0.58359
6	0.02214	0.01403	0.01590	0.01421	0.01628	0.01432	0.00939	0.10048	0.02217	0.07570	0.03278	0.05929	0.03410	0.47626	0.04313	0.00851	0.01036	0.01403	0.00766	0.00927
7	0.02474	0.02112	0.02294	0.02089	0.02629	0.02447	0.01624	0.05098	0.46988	0.04148	0.04098	0.03974	0.03146	0.02341	0.09114	0.00546	0.01115	0.01187	0.01005	0.01572
8	0.01536	0.01033	0.01194	0.01194	0.01209	0.01047	0.00692	0.01564	0.01550	0.02081	0.03294	0.06711	0.03754	0.58706	0.09394	0.01076	0.01161	0.01507	0.00635	0.00664
9	0.03321	0.02615	0.02780	0.02291	0.03013	0.02953	0.01841	0.29044	0.29786	0.05537	0.03426	0.03245	0.02517	0.01352	0.01067	0.00338	0.00999	0.01074	0.01067	0.01735
10	0.01850	0.01074	0.01498	0.01416	0.01573	0.00993	0.00978	0.01594	0.01562	0.02167	0.02164	0.07775	0.02206	0.03175	0.03365	0.52503	0.00872	0.01038	0.00528	0.11669
11	0.18656	0.06271	0.06815	0.02472	0.03384	0.02523	0.13094	0.12897	0.02772	0.08427	0.02124	0.02379	0.01576	0.01009	0.00940	0.00301	0.01168	0.00856	0.00727	0.11609
12	0.02676	0.01655	0.02014	0.01918	0.02257	0.05551	0.01549	0.02930	0.02358	0.16571	0.04038	0.11305	0.03892	0.02448	0.01895	0.11433	0.05610	0.17870	0.00907	0.01125
13	0.02296	0.01227	0.01570	0.01420	0.01713	0.01133	0.01017	0.02584	0.02446	0.16433	0.21773	0.10865	0.05906	0.21957	0.02567	0.00566	0.00780	0.01667	0.01013	0.01068
14	0.24048	0.02519	0.02417	0.02221	0.06462	0.12336	0.01643	0.04233	0.02609	0.27527	0.02742	0.02655	0.01879	0.01144	0.00920	0.00316	0.01086	0.00838	0.00916	0.01490
15	0.07598	0.01433	0.05593	0.01472	0.01791	0.01194	0.01215	0.02149	0.02255	0.03525	0.12505	0.25054	0.05365	0.02187	0.01098	0.00355	0.00682	0.05283	0.18245	0.01001
16	0.12829	0.01256	0.01331	0.01255	0.01431	0.01287	0.00801	0.02104	0.01709	0.07263	0.03107	0.05797	0.03305	0.47580	0.04249	0.00853	0.00981	0.01342	0.00701	0.00822
17	0.01761	0.01032	0.01374	0.01448	0.01554	0.00988	0.00990	0.01802	0.01882	0.06592	0.04255	0.28911	0.04760	0.16093	0.02827	0.15866	0.00819	0.05426	0.00816	0.00804
18	0.26071	0.01794	0.01866	0.01632	0.02169	0.01896	0.01290	0.10881	0.02744	0.12317	0.12706	0.13187	0.04048	0.01675	0.01002	0.00343	0.00793	0.01351	0.00963	0.01272
19	0.02436	0.01800	0.02113	0.01976	0.02447	0.01881	0.01666	0.19638	0.03312	0.04331	0.05354	0.08384	0.12559	0.02308	0.01287	0.00407	0.00969	0.24882	0.01004	0.01247
20	0.01515	0.01116	0.01612	0.01612	0.01770	0.01274	0.01213	0.01832	0.01673	0.02390	0.02912	0.04597	0.02836	0.16723	0.50122	0.01591	0.02543	0.01198	0.00578	0.00895
21	0.02029	0.01140	0.01368	0.01298	0.01434	0.01095	0.00817	0.02111	0.01818	0.10902	0.03683	0.11195	0.03922	0.47807	0.04339	0.00861	0.00969	0.01589	0.00777	0.00845
22	0.01386	0.01067	0.01209	0.01179	0.01439	0.00952	0.00848	0.01695	0.02483	0.03233	0.25957	0.08822	0.30751	0.12123	0.01910	0.00455	0.00601	0.02004	0.00994	0.00891
23	0.02757	0.02181	0.02297	0.02012	0.02595	0.02475	0.01580	0.12991	0.37734	0.04721	0.03871	0.03709	0.02906	0.01374	0.01019	0.00334	0.00836	0.01121	0.11904	0.01584
24	0.70310	0.02045	0.01554	0.01390	0.02045	0.02372	0.01145	0.03108	0.01799	0.04744	0.01472	0.01718	0.01145	0.00981	0.00654	0.00327	0.00818	0.00573	0.00654	0.01145
25	0.01796	0.00993	0.01020	0.01042	0.01290	0.00960	0.00770	0.02226	0.02231	0.03660	0.04819	0.10007	0.11587	0.01644	0.00874	0.00280	0.00510	0.01361	0.51970	0.00960
26	0.01340	0.00953	0.01251	0.01426	0.01513	0.00893	0.00959	0.01561	0.02144	0.02899	0.13630	0.49449	0.07242	0.07455	0.01626	0.00457	0.00625	0.02724	0.00986	0.00865
27	0.70310	0.02045	0.01554	0.01390	0.02045	0.02372	0.01145	0.03108	0.01799	0.04744	0.01472	0.01718	0.01145	0.00981	0.00654	0.00327	0.00818	0.00573	0.00654	0.01145
28	0.01250	0.01071	0.01071	0.01071	0.01428	0.00893	0.00803	0.01517	0.02410	0.02856	0.10711	0.10175	0.55817	0.02678	0.01250	0.00357	0.00536	0.02231	0.00982	0.00893
29	0.02630	0.02271	0.02391	0.02152	0.02749	0.02630	0.01674	0.05618	0.54336	0.04423	0.04303	0.03945	0.03228	0.01434	0.01076	0.00359	0.00837	0.01195	0.01076	0.01674
30	0.01405	0.01038	0.01328	0.01531	0.01639	0.01013	0.01042	0.01833	0.06578	0.02849	0.05695	0.57085	0.06665	0.03149	0.01326	0.00423	0.00633	0.02848	0.00990	0.00930
31	0.14693	0.02722	0.02856	0.02222	0.03035	0.02995	0.01835	0.40961	0.04307	0.10392	0.02499	0.02492	0.01759	0.01226	0.00994	0.00320	0.01087	0.00900	0.01013	0.01694
32	0.01512	0.01125	0.01661	0.01661	0.01837	0.01301	0.01274	0.01864	0.01688	0.02426	0.02867	0.04345	0.02726	0.11731	0.54965	0.01653	0.02707	0.01161	0.00572	0.00923
33	0.02313	0.02313	0.03238	0.02776	0.02776	0.03238	0.02313	0.02545	0.01619	0.02545	0.01388	0.02313	0.01388	0.01851	0.03470	0.00463	0.60907	0.00925	0.00463	0.01157
34	0.01997	0.01879	0.03171	0.60301	0.07282	0.02349	0.02936	0.02701	0.02114	0.02701	0.01879	0.02819	0.01409	0.01057	0.01057	0.00352	0.01409	0.00940	0.00470	0.01175
35	0.02196	0.02234	0.04524	0.03507	0.04265	0.02123	0.33232	0.02934	0.02472	0.03303	0.03447	0.06284	0.03299	0.01659	0.01328	0.00406	0.01477	0.19355	0.00701	0.01255
36	0.01285	0.00931	0.01216	0.01443	0.01526	0.00861	0.00969	0.01475	0.02052	0.02710	0.06179	0.58411	0.10507	0.03267	0.01342	0.00424	0.00608	0.02950	0.00982	0.00861
37	0.03641	0.02664	0.02879	0.02306	0.03073	0.02953	0.01873	0.34694	0.20136	0.09590	0.03203	0.03051	0.02300	0.01323	0.01064	0.00331	0.01043	0.01035	0.01081	0.01760
38	0.02313	0.02313	0.03238	0.02776	0.02776	0.03238	0.02313	0.02545	0.01619	0.02545	0.01388	0.02313	0.01388	0.01851	0.03470	0.00463	0.60907	0.00925	0.00463	0.01157
39	0.02427	0.02318	0.03949	0.22964	0.41256	0.02462	0.03150	0.03079	0.02318	0.03224	0.01955	0.02679	0.01594	0.00977	0.01050	0.00326	0.01303	0.00941	0.00507	0.01522
40	0.04019	0.02962	0.03173	0.02433	0.03279	0.03279	0.02010	0.52721	0.04971	0.06663	0.02538	0.02538	0.01798	0.01269	0.01058	0.00317	0.01163	0.00952	0.01058	0.01798
41	0.01538	0.01025	0.01153	0.01153	0.01153	0.01025	0.00641	0.01538	0.01538	0.02050	0.03331	0.06919	0.03844	0.62842	0.05382	0.01025	0.01025	0.01538	0.00641	0.00641
42	0.02428	0.02188	0.02981	0.12171	0.12116	0.02438	0.05237	0.04345	0.30364	0.03915	0.07534	0.03802	0.03130	0.01320	0.01093	0.00348	0.01027	0.01175	0.00864	0.01525
43	0.02673	0.02063	0.02234	0.01995	0.02562	0.02318	0.01555	0.05111	0.43096	0.08594	0.08110	0.04215	0.03655	0.01466	0.01067	0.00347	0.00795	0.01226	0.05330	0.01590
44	0.02083	0.01760	0.02113	0.01587	0.02407	0.01395	0.01264	0.02538	0.02113	0.03287	0.02032	0.02507	0.01739	0.01927	0.10050	0.00404	0.01111	0.00708	0.00617	0.58359
45	0.02617	0.02512	0.04292	0.06490	0.56246	0.02512	0.03245	0.03245	0.02407	0.03454	0.01989	0.02617	0.01675	0.00942	0.01047	0.00314	0.01256	0.00942	0.00523	0.01675
46	0.01858	0.00929	0.01315	0.01315	0.01354	0.00929	0.00890	0.01551	0.01512	0.02174	0.02095	0.03331	0.01976	0.03282	0.03589	0.58190	0.00850	0.00929	0.11389	0.00543
47	0.01288	0.00920	0.01227	0.01472	0.01534	0.00859	0.00981	0.01472	0.02024	0.02699	0.05828	0.62152	0.06993	0.03312	0.01350	0.00429	0.00613	0.03006	0.00981	0.00859
48	0.02121	0.05469	0.57364	0.03014	0.04576	0.02455	0.03906	0.03348	0.02232	0.03348	0.01897	0.02232	0.01339	0.01005	0.01005	0.00335	0.01563	0.00781	0.00446	0.01563
49	0.01618	0.01293	0.01947	0.06318	0.02382	0.01568	0.01533	0.02008	0.01724	0.02481	0.02633	0.03890	0.02439	0.06870	0.49402	0.01488	0.07777	0.01100	0.00550	0.00980
50	0.02932	0.01393	0.01778	0.01540	0.02059	0.01209	0.01203	0.03271	0.02685	0.28607	0.10300	0.15204	0.19228	0.02090	0.01177	0.00353	0.00718	0.01777	0.01151	0.01325
51	0.01319	0.00960	0.01191	0.01360	0.01460	0.00889	0.00902	0.01489	0.02013	0.02627	0.06235	0.45549	0.14339	0.12134	0.01938	0.00507	0.00663	0.02662	0.00930	0.00832
52	0.04744	0.01799	0.02454	0.01881	0.02699	0.01554	0.01554	0.05153	0.03026	0.56979	0.04171	0.03599	0.02617	0.01309	0.01063	0.00327	0.00900	0.01063	0.01309	0.01799
53	0.01515	0.01116	0.01612	0.01612	0.01770	0.01274	0.01213	0.01832	0.01673	0.02390	0.02912	0.04597	0.02836	0.16723	0.50122	0.01591	0.02543	0.01198	0.00578	0.00895
54	0.01895	0.01001	0.01054	0.01041	0.01288	0.00987	0.00780	0.02389	0.02341	0.03990	0.11814	0.04575	0.03874	0.01381	0.00820	0.00260	0.00494	0.01134	0.57895	0.00987
55	0.70310	0.02045	0.01554	0.01390	0.02045	0.02372	0.01145	0.03108	0.01799	0.04744	0.01472	0.01718	0.01145	0.00981	0.00654	0.00327	0.00818	0.00573	0.00654	0.01145
56	0.02508	0.01455	0.01836	0.01603	0.02053	0.01401	0.01248	0.03382	0.11223	0.17744	0.34297	0.06166	0.07015	0.01827	0.01173	0.00335	0.00655	0.01580	0.01187	0.01311
57	0.01594	0.01310	0.02159	0.02079	0.02351	0.01247	0.09412	0.01974	0.02211	0.02935	0.05175	0.39043	0.05884	0.02819	0.01363	0.00433	0.00898	0.15226	0.00908	0.00981
58	0.04635	0.01974	0.02562	0.01964	0.02786	0.01813	0.01622	0.12283	0.03318	0.49436	0.03927	0.03440	0.02494	0.01303	0.01062	0.00326	0.00939	0.01047	0.01271	0.01799
59	0.12770	0.01302	0.01510	0.01406	0.01775	0.01269	0.01100	0.02399	0.02713	0.08353	0.35355	0.07052	0.11682	0.02004	0.01153	0.00344	0.00619	0.05056	0.01064	0.01075
60	0.02496	0.02852	0.06239	0.04456	0.05526	0.02674	0.52406	0.03387	0.02496	0.03387	0.02139	0.02852	0.01604	0.00891	0.01248	0.00357	0.01783	0.01248	0.00535	0.01426
61	0.70310	0.02045	0.01554	0.01390	0.02045	0.02372	0.01145	0.03108	0.01799	0.04744	0.01472	0.01718	0.01145	0.00981	0.00654	0.00327	0.00818	0.00573	0.00654	0.01145
62	0.02778	0.59463	0.09127	0.01893	0.02843	0.04064	0.01954	0.03179	0.02154	0.02547	0.01500	0.01733	0.01356	0.00911	0.00701	0.00234	0.01161	0.00580	0.00452	0.01371
63	0.02192	0.01879	0.02192	0.01566	0.02506	0.01409	0.01253	0.02662	0.02192	0.03445	0.01879	0.02192	0.01566	0.00783	0.00783	0.00157	0.00783	0.00626	0.00626	0.69305
64	0.01274	0.00976	0.01169	0.01323	0.01494	0.00871	0.00915	0.01489	0.02168	0.02758	0.07644	0.42820	0.25153	0.03076	0.01312	0.00402	0.00584	0.02718	0.00982	0.00871
65	0.02121	0.05469	0.57364	0.03014	0.04576	0.02455	0.03906	0.03348	0.02232	0.03348	0.01897	0.02232	0.01339	0.01005	0.01005	0.00335	0.01563	0.00781	0.00446	0.01563
66	0.01837	0.00918	0.01377	0.01377	0.01377	0.00918	0.00918	0.01377	0.01377	0.01837	0.01837	0.03214	0.01837	0.03673	0.04132	0.69238	0.00918	0.00918	0.00459	0.00459
67	0.02915	0.01494	0.01939	0.01622	0.02131	0.01380	0.01284	0.07010	0.03154	0.24368	0.32202	0.05868	0.06577	0.01772	0.01163	0.00329	0.00700	0.01519	0.01211	0.01361
68	0.04019	0.02962	0.03173	0.02433	0.03279	0.03279	0.02010	0.52721	0.04971	0.06663	0.02538	0.02538	0.01798	0.01269	0.01058	0.00317	0.01163	0.00952	0.01058	0.01798
69	0.08628	0.02309	0.02400	0.01961	0.02610	0.02559	0.01585	0.29291	0.11969	0.05506	0.02951	0.03030	0.02191	0.01264	0.00953	0.00308	0.00925	0.00968	0.17058	0.01533
70	0.02313	0.02313	0.03238	0.02776	0.02776	0.03238	0.02313	0.02545	0.01619	0.02545	0.01388	0.02313	0.01388	0.01851	0.03470	0.00463	0.60907	0.00925	0.00463	0.01157
71	0.01997	0.01879	0.03171	0.60301	0.07282	0.02349	0.02936	0.02701	0.02114	0.02701	0.01879	0.02819	0.01409	0.01057	0.01057	0.00352	0.01409	0.00940	0.00470	0.01175
72	0.01678	0.01379	0.02020	0.01923	0.02073	0.01721	0.01528	0.02025	0.01683	0.02473	0.02531	0.03771	0.02382	0.06664	0.47164	0.01442	0.14922	0.01090	0.00545	0.00988
73	0.02313	0.02313	0.03238	0.02776	0.02776	0.03238	0.02313	0.02545	0.01619	0.02545	0.01388	0.02313	0.01388	0.01851	0.03470	0.00463	0.60907	0.00925	0.00463	0.01157
74	0.02313	0.02313	0.03238	0.02776	0.02776	0.03238	0.02313	0.02545	0.01619	0.02545	0.01388	0.02313	0.01388	0.01851	0.03470	0.00463	0.60907	0.00925	0.00463	0.01157
75	0.01597	0.01414	0.02507	0.02235	0.02554	0.01323	0.14121	0.01961	0.02145	0.02875	0.04885	0.47001	0.05616	0.02694	0.01324	0.00411	0.00912	0.02557	0.00867	0.01004
76	0.02313	0.02313	0.03238	0.02776	0.02776	0.03238	0.02313	0.02545	0.01619	0.02545	0.01388	0.02313	0.01388	0.01851	0.03470	0.00463	0.60907	0.00925	0.00463	0.01157
77	0.02305	0.01638	0.01699	0.01577	0.02002	0.01820	0.01213	0.04065	0.28671	0.04186	0.03883	0.03943	0.02973	0.01335	0.00910	0.00303	0.00667	0.01092	0.34383	0.01335
78	0.02721	0.54782	0.13309	0.01990	0.02993	0.03925	0.02124	0.03193	0.02161	0.02617	0.01534	0.01776	0.01354	0.00920	0.00727	0.00242	0.01195	0.00598	0.00451	0.01388
79	0.02630	0.02271	0.02391	0.02152	0.02749	0.02630	0.01674	0.05618	0.54336	0.04423	0.04303	0.03945	0.03228	0.01434	0.01076	0.00359	0.00837	0.01195	0.01076	0.01674
80	0.02192	0.01879	0.02192	0.01566	0.02506	0.01409	0.01253	0.02662	0.02192	0.03445	0.01879	0.02192	0.01566	0.00783	0.00783	0.00157	0.00783	0.00626	0.00626	0.69305
81	0.01628	0.01327	0.02010	0.02754	0.15513	0.01281	0.01560	0.01925	0.02122	0.02892	0.04847	0.46941	0.05634	0.02707	0.01272	0.00400	0.00778	0.02478	0.00864	0.01067
82	0.02827	0.63478	0.05540	0.01809	0.02714	0.04184	0.01809	0.03166	0.02148	0.02488	0.01470	0.01696	0.01357	0.00905	0.00678	0.00226	0.01131	0.00565	0.00452	0.01357
83	0.02192	0.01879	0.02192	0.01566	0.02506	0.01409	0.01253	0.02662	0.02192	0.03445	0.01879	0.02192	0.01566	0.00783	0.00783	0.00157	0.00783	0.00626	0.00626	0.69305
84	0.02313	0.02313	0.03238	0.02776	0.02776	0.03238	0.02313	0.02545	0.01619	0.02545	0.01388	0.02313	0.01388	0.01851	0.03470	0.00463	0.60907	0.00925	0.00463	0.01157
85	0.03664	0.02785	0.02973	0.02361	0.03144	0.03113	0.01924	0.40686	0.17584	0.06091	0.02989	0.02898	0.02163	0.01311	0.01062	0.00328	0.01080	0.01014	0.01062	0.01766
86	0.02088	0.01760	0.02076	0.01531	0.02367	0.01348	0.01215	0.02562	0.02312	0.03564	0.09945	0.03048	0.02827	0.00990	0.00853	0.00183	0.00740	0.00819	0.00707	0.59066
87	0.01510	0.01133	0.01699	0.01699	0.01888	0.01322	0.01322	0.01888	0.01699	0.02454	0.02832	0.04154	0.02643	0.07930	0.58652	0.01699	0.02832	0.01133	0.00566	0.00944
88	0.02121	0.05469	0.57364	0.03014	0.04576	0.02455	0.03906	0.03348	0.02232	0.03348	0.01897	0.02232	0.01339	0.01005	0.01005	0.00335	0.01563	0.00781	0.00446	0.01563
89	0.70310	0.02045	0.01554	0.01390	0.02045	0.02372	0.01145	0.03108	0.01799	0.04744	0.01472	0.01718	0.01145	0.00981	0.00654	0.00327	0.00818	0.00573	0.00654	0.01145
90	0.01538	0.01025	0.01153	0.01153	0.01153	0.01025	0.00641	0.01538	0.01538	0.02050	0.03331	0.06919	0.03844	0.62842	0.05382	0.01025	0.01025	0.01538	0.00641	0.00641
91	0.01800	0.00931	0.01350	0.01350	0.01350	0.00931	0.00884	0.01397	0.01397	0.01863	0.02020	0.03669	0.02083	0.10932	0.04286	0.60869	0.00931	0.00994	0.00481	0.00481
92	0.01837	0.00918	0.01377	0.01377	0.01377	0.00918	0.00918	0.01377	0.01377	0.01837	0.01837	0.03214	0.01837	0.03673	0.04132	0.69238	0.00918	0.00918	0.00459	0.00459
93	0.03865	0.02813	0.03008	0.02324	0.03125	0.03106	0.01914	0.48936	0.04764	0.06459	0.02607	0.02644	0.01867	0.01266	0.01034	0.00312	0.01113	0.00954	0.06153	0.01737
94	0.02313	0.02313	0.03238	0.02776	0.02776	0.03238	0.02313	0.02545	0.01619	0.02545	0.01388	0.02313	0.01388	0.01851	0.03470	0.00463	0.60907	0.00925	0.00463	0.01157
95	0.01888	0.01183	0.01594	0.01750	0.02006	0.01156	0.01460	0.02322	0.02385	0.07057	0.05272	0.18403	0.05572	0.02663	0.01327	0.00437	0.00852	0.32452	0.09205	0.01016
96	0.59258	0.01865	0.01502	0.01404	0.01963	0.02130	0.01119	0.02846	0.01835	0.04416	0.02170	0.11395	0.02082	0.01355	0.00766	0.00344	0.00785	0.00962	0.00707	0.01099
97	0.01837	0.00918	0.01377	0.01377	0.01377	0.00918	0.00918	0.01377	0.01377	0.01837	0.01837	0.03214	0.01837	0.03673	0.04132	0.69238	0.00918	0.00918	0.00459	0.00459
98	0.01288	0.00920	0.01227	0.01472	0.01534	0.00859	0.00981	0.01472	0.02024	0.02699	0.05828	0.62152	0.06993	0.03312	0.01350	0.00429	0.00613	0.03006	0.00981	0.00859
99	0.01503	0.01136	0.01413	0.01581	0.01728	0.01142	0.01092	0.02136	0.10401	0.02975	0.05583	0.52831	0.06390	0.03012	0.01306	0.00418	0.00649	0.02716	0.00997	0.00989
100	0.13711	0.49596	0.04726	0.01805	0.02645	0.07660	0.01719	0.03230	0.02151	0.02856	0.01482	0.01714	0.01323	0.00930	0.00694	0.00246	0.01134	0.00575	0.00491	0.01314
101	0.03472	0.18443	0.03502	0.02416	0.03054	0.36742	0.01928	0.04195	0.11017	0.02858	0.02023	0.02183	0.01659	0.01101	0.00908	0.00275	0.01552	0.00736	0.00608	0.01329
102	0.13076	0.13442	0.26096	0.06318	0.07251	0.06956	0.06430	0.03305	0.02232	0.03344	0.01766	0.02147	0.01358	0.00983	0.00918	0.00313	0.01392	0.00761	0.00500	0.01413
103	0.04094	0.01824	0.02496	0.01980	0.02622	0.01779	0.01631	0.04482	0.02798	0.44032	0.07857	0.03738	0.03011	0.01464	0.01463	0.00349	0.10477	0.01109	0.01162	0.01632
104	0.02852	0.02382	0.02516	0.02197	0.02834	0.02734	0.01727	0.13161	0.46431	0.04782	0.04021	0.03720	0.02999	0.01408	0.01073	0.00352	0.00889	0.01156	0.01073	0.01693

[dist]
# distance from previous block
# <min> <max>
0	3

[block]
# block no. 4 follows, 13 sequences, length 23
# corresponding to MSA columns:
# 457-479
name=unknown_E
#
# <colnr> <probs for GDERKNQSTAVLIFYWHMCP>
#	G	D	E	R	K	N	Q	S	T	A	V	L	I	F	Y	W	H	M	C	P
0	0.01439	0.01055	0.01350	0.01326	0.01557	0.00966	0.00975	0.01866	0.02785	0.03862	0.43448	0.16486	0.14165	0.02391	0.01263	0.00350	0.00520	0.02113	0.01117	0.00966
1	0.29299	0.01842	0.01823	0.01603	0.02107	0.01994	0.01234	0.11870	0.02494	0.09621	0.02926	0.12245	0.02770	0.11870	0.01675	0.00459	0.00893	0.01229	0.00843	0.01202
2	0.03250	0.41607	0.04617	0.02116	0.02920	0.18303	0.01892	0.08847	0.02678	0.02969	0.01629	0.01843	0.01406	0.00993	0.00792	0.00248	0.01337	0.00638	0.00542	0.01371
3	0.02029	0.01830	0.02813	0.41457	0.05686	0.02238	0.02474	0.03069	0.10867	0.02954	0.02435	0.03215	0.01906	0.02179	0.09932	0.00561	0.01532	0.01013	0.00587	0.01223
4	0.11267	0.02636	0.02832	0.02215	0.03019	0.02870	0.01822	0.36776	0.07686	0.14052	0.02794	0.02708	0.01950	0.01255	0.01016	0.00323	0.01063	0.00944	0.01054	0.01719
5	0.03950	0.05039	0.02996	0.02724	0.03269	0.58597	0.02043	0.04222	0.02996	0.02588	0.01634	0.01907	0.01362	0.01090	0.00953	0.00272	0.01907	0.00681	0.00545	0.01226
6	0.03684	0.01667	0.02181	0.01770	0.02419	0.01529	0.01425	0.04397	0.08614	0.37775	0.17344	0.04735	0.04564	0.01540	0.01112	0.00332	0.00790	0.01294	0.01246	0.01581
7	0.03435	0.13381	0.03657	0.02738	0.10201	0.02388	0.06857	0.07706	0.02754	0.22310	0.02701	0.02745	0.01933	0.01060	0.00965	0.00283	0.01080	0.00898	0.00845	0.12063
8	0.02682	0.51565	0.16183	0.02056	0.03096	0.03829	0.02240	0.03203	0.02166	0.02664	0.01558	0.01806	0.01353	0.00925	0.00745	0.00248	0.01219	0.00610	0.00451	0.01399
9	0.01413	0.01025	0.01359	0.01582	0.01726	0.00972	0.01188	0.01697	0.02185	0.02856	0.06200	0.41979	0.11145	0.03134	0.01375	0.00440	0.00717	0.17130	0.00979	0.00897
10	0.03522	0.09596	0.17422	0.02879	0.11439	0.02224	0.02457	0.04171	0.02628	0.28777	0.02946	0.02883	0.02001	0.01129	0.01003	0.00316	0.01153	0.00917	0.00869	0.01670
11	0.03756	0.09507	0.06426	0.02756	0.08013	0.15837	0.02148	0.22079	0.03550	0.12308	0.02377	0.02454	0.01737	0.01152	0.00992	0.00300	0.01324	0.00856	0.00832	0.01596
12	0.02585	0.19234	0.06050	0.03741	0.04766	0.03082	0.38734	0.03327	0.02402	0.03144	0.01958	0.02540	0.01537	0.00895	0.01094	0.00321	0.01606	0.01063	0.00512	0.01407
13	0.01960	0.01480	0.01831	0.01502	0.02061	0.01196	0.01124	0.02143	0.01954	0.02910	0.02476	0.11695	0.02473	0.01928	0.01745	0.18250	0.00792	0.01069	0.00637	0.40773
14	0.01533	0.01045	0.01253	0.01253	0.01288	0.01079	0.00765	0.01602	0.01567	0.02124	0.03240	0.06413	0.03624	0.52802	0.15122	0.01148	0.01355	0.01464	0.00627	0.00696
15	0.01510	0.01133	0.01699	0.01699	0.01888	0.01322	0.01322	0.01888	0.01699	0.02454	0.02832	0.04154	0.02643	0.07930	0.58652	0.01699	0.02832	0.01133	0.00566	0.00944
16	0.02660	0.02165	0.03860	0.30553	0.13686	0.02307	0.13023	0.03341	0.02393	0.12123	0.02337	0.02926	0.01695	0.01047	0.01096	0.00343	0.01377	0.01025	0.00633	0.01409
17	0.01802	0.01360	0.01803	0.01665	0.01703	0.01597	0.01204	0.01847	0.01751	0.02477	0.10565	0.05066	0.03714	0.24895	0.03972	0.14738	0.17103	0.01303	0.00636	0.00798
18	0.01413	0.01029	0.01358	0.01576	0.01725	0.00973	0.01186	0.01700	0.02193	0.02860	0.06289	0.40933	0.12037	0.03122	0.01373	0.00439	0.00716	0.17201	0.00979	0.00898
19	0.02595	0.03630	0.23143	0.13600	0.04793	0.06840	0.12296	0.03416	0.02345	0.08543	0.02103	0.02576	0.01538	0.01107	0.01285	0.00348	0.06921	0.00932	0.00564	0.01427
20	0.02588	0.13305	0.03770	0.10320	0.28430	0.02496	0.02415	0.03058	0.02243	0.07179	0.02260	0.03210	0.01996	0.10511	0.01650	0.00413	0.01186	0.00974	0.00584	0.01413
21	0.02544	0.02283	0.02620	0.02320	0.02757	0.02794	0.01846	0.04788	0.40091	0.03915	0.03516	0.03504	0.02730	0.01547	0.01723	0.00387	0.17069	0.01122	0.00910	0.01534
22	0.01543	0.01088	0.01535	0.01535	0.01660	0.01214	0.01116	0.01758	0.01633	0.02303	0.02881	0.04786	0.02887	0.21622	0.40768	0.06826	0.02220	0.01219	0.00577	0.00828

[dist]
# distance from previous block
# <min> <max>
0	1

[block]
# block no. 5 follows, 13 sequences, length 121
# corresponding to MSA columns:
# 481-601
name=unknown_F
#
# <colnr> <probs for GDERKNQSTAVLIFYWHMCP>
#	G	D	E	R	K	N	Q	S	T	A	V	L	I	F	Y	W	H	M	C	P
0	0.11775	0.01757	0.01959	0.01691	0.02339	0.01661	0.01379	0.03146	0.10335	0.06966	0.03816	0.05136	0.07119	0.01538	0.01005	0.00307	0.00823	0.10882	0.00842	0.25525
1	0.01687	0.00926	0.01327	0.01385	0.01400	0.00911	0.00915	0.01410	0.01541	0.02055	0.02881	0.17441	0.03191	0.07455	0.03554	0.48452	0.00853	0.01454	0.00595	0.00566
2	0.02147	0.02087	0.02911	0.02564	0.02574	0.02852	0.02097	0.02370	0.01685	0.02570	0.02110	0.12043	0.02299	0.02088	0.03125	0.00457	0.51103	0.01264	0.00547	0.01108
3	0.01707	0.01124	0.01396	0.01302	0.01570	0.01027	0.00951	0.02083	0.02669	0.07608	0.36368	0.07770	0.15524	0.12045	0.01906	0.00449	0.00620	0.01837	0.01061	0.00983
4	0.02640	0.01396	0.01767	0.01559	0.02025	0.01277	0.01207	0.03214	0.06615	0.22122	0.20077	0.13650	0.13979	0.02047	0.01184	0.00349	0.00684	0.01761	0.01154	0.01291
5	0.22815	0.01752	0.02029	0.01652	0.02331	0.01696	0.01348	0.04059	0.02673	0.33585	0.11783	0.03764	0.03396	0.01355	0.00977	0.00328	0.00811	0.01062	0.01099	0.01483
6	0.02593	0.02448	0.04467	0.03905	0.12665	0.02413	0.25847	0.10690	0.02779	0.03767	0.02649	0.04085	0.02301	0.01438	0.01414	0.05084	0.01426	0.07963	0.00671	0.01393
7	0.02497	0.01358	0.01715	0.01514	0.01918	0.01195	0.01093	0.02740	0.02201	0.18208	0.04002	0.19936	0.03962	0.19213	0.02319	0.00525	0.00840	0.01645	0.00921	0.12197
8	0.07029	0.01403	0.01812	0.01593	0.02062	0.01282	0.01234	0.03257	0.02721	0.25787	0.20061	0.17646	0.05729	0.01988	0.01157	0.00351	0.00710	0.01718	0.01152	0.01308
9	0.07969	0.01433	0.01837	0.01592	0.02084	0.01314	0.01243	0.03338	0.02761	0.26494	0.21597	0.14428	0.05699	0.01897	0.01141	0.00346	0.00712	0.01629	0.01158	0.01328
10	0.01367	0.00999	0.01275	0.01465	0.01598	0.00934	0.01048	0.01601	0.02117	0.02755	0.06376	0.42145	0.14194	0.07232	0.01628	0.00468	0.00688	0.10285	0.00957	0.00868
11	0.01523	0.01082	0.01439	0.01439	0.01538	0.01180	0.00998	0.01721	0.01622	0.02262	0.03070	0.05470	0.03215	0.34062	0.33301	0.01378	0.01972	0.01325	0.00602	0.00800
12	0.02921	0.01600	0.02552	0.02128	0.02667	0.01443	0.09582	0.03314	0.02518	0.25382	0.04539	0.28161	0.04297	0.02086	0.01214	0.00375	0.00923	0.01912	0.01045	0.01342
13	0.01632	0.01082	0.01402	0.01523	0.01723	0.01009	0.01138	0.01919	0.02266	0.06429	0.09416	0.32958	0.12988	0.06761	0.01595	0.00458	0.00722	0.13042	0.00991	0.00946
14	0.70310	0.02045	0.01554	0.01390	0.02045	0.02372	0.01145	0.03108	0.01799	0.04744	0.01472	0.01718	0.01145	0.00981	0.00654	0.00327	0.00818	0.00573	0.00654	0.01145
15	0.70310	0.02045	0.01554	0.01390	0.02045	0.02372	0.01145	0.03108	0.01799	0.04744	0.01472	0.01718	0.01145	0.00981	0.00654	0.00327	0.00818	0.00573	0.00654	0.01145
16	0.01449	0.00990	0.01301	0.01477	0.01551	0.00956	0.01025	0.01595	0.01941	0.02575	0.04970	0.38129	0.05800	0.15384	0.02406	0.05956	0.00780	0.10043	0.00870	0.00802
17	0.07579	0.02325	0.07021	0.02133	0.03119	0.01771	0.09765	0.02868	0.02214	0.03530	0.01891	0.02266	0.01522	0.00833	0.00865	0.00216	0.01008	0.00735	0.00600	0.47739
18	0.03831	0.01646	0.02185	0.01763	0.02349	0.01515	0.01387	0.07812	0.02718	0.37229	0.03485	0.03681	0.02479	0.06389	0.02036	0.15017	0.00934	0.01059	0.01059	0.01428
19	0.01402	0.01007	0.01336	0.01443	0.01595	0.00940	0.01035	0.01738	0.02457	0.03375	0.26708	0.36179	0.08185	0.02805	0.01314	0.00393	0.00589	0.05520	0.01057	0.00924
20	0.01538	0.01052	0.01303	0.01265	0.01508	0.00977	0.00939	0.01994	0.02746	0.03965	0.39843	0.11684	0.12068	0.02140	0.01173	0.00328	0.00510	0.01872	0.12119	0.00977
21	0.01837	0.00918	0.01377	0.01377	0.01377	0.00918	0.00918	0.01377	0.01377	0.01837	0.01837	0.03214	0.01837	0.03673	0.04132	0.69238	0.00918	0.00918	0.00459	0.00459
22	0.44008	0.01972	0.01819	0.01586	0.02226	0.02185	0.01283	0.03750	0.10621	0.12747	0.06399	0.02833	0.02371	0.01194	0.00830	0.00333	0.00810	0.00850	0.00862	0.01321
23	0.39469	0.01580	0.01347	0.01257	0.01657	0.01760	0.00934	0.02553	0.01792	0.03841	0.02327	0.03571	0.02174	0.18769	0.02024	0.00514	0.00824	0.00917	0.11717	0.00974
24	0.03519	0.01440	0.01805	0.01485	0.02051	0.01303	0.01194	0.03965	0.02669	0.33546	0.03852	0.03750	0.02658	0.01275	0.00920	0.00291	0.00720	0.01029	0.31088	0.01440
25	0.01404	0.00995	0.01282	0.01369	0.01488	0.00936	0.00932	0.01672	0.02295	0.03151	0.23449	0.33555	0.07560	0.12576	0.01968	0.00491	0.00639	0.02372	0.00992	0.00874
26	0.02029	0.01879	0.03012	0.50750	0.06505	0.02196	0.02663	0.02695	0.02127	0.02822	0.01879	0.02717	0.01435	0.01013	0.01013	0.00321	0.01308	0.00889	0.00495	0.12253
27	0.02210	0.01650	0.01942	0.01921	0.02314	0.01778	0.01509	0.03725	0.25306	0.07070	0.04989	0.19782	0.04815	0.02253	0.01239	0.00406	0.00823	0.13918	0.01042	0.01309
28	0.01619	0.01056	0.01302	0.01241	0.01490	0.00994	0.00931	0.02117	0.02792	0.04163	0.42159	0.06873	0.08094	0.01921	0.01115	0.00310	0.00497	0.01672	0.18659	0.00994
29	0.01811	0.00930	0.01380	0.01374	0.01393	0.00924	0.00924	0.01424	0.01498	0.02016	0.05858	0.03564	0.02444	0.03560	0.03917	0.64093	0.00887	0.00992	0.00512	0.00499
30	0.12686	0.01238	0.01436	0.01340	0.01655	0.01221	0.01022	0.02176	0.02799	0.04322	0.46873	0.06893	0.08540	0.01970	0.01151	0.00332	0.00551	0.01694	0.01081	0.01022
31	0.01599	0.01074	0.01612	0.01612	0.01749	0.01212	0.01212	0.01749	0.01612	0.02286	0.02561	0.03898	0.02423	0.06770	0.43796	0.20102	0.02311	0.01074	0.00537	0.00812
32	0.02313	0.02313	0.03238	0.02776	0.02776	0.03238	0.02313	0.02545	0.01619	0.02545	0.01388	0.02313	0.01388	0.01851	0.03470	0.00463	0.60907	0.00925	0.00463	0.01157
33	0.01474	0.01266	0.01286	0.01247	0.01643	0.01175	0.00945	0.02184	0.10853	0.03111	0.09669	0.09162	0.47266	0.02476	0.01221	0.00357	0.00585	0.02063	0.00997	0.01020
34	0.02630	0.02271	0.02391	0.02152	0.02749	0.02630	0.01674	0.05618	0.54336	0.04423	0.04303	0.03945	0.03228	0.01434	0.01076	0.00359	0.00837	0.01195	0.01076	0.01674
35	0.01788	0.00936	0.01341	0.01341	0.01341	0.00936	0.00873	0.01403	0.01403	0.01871	0.02080	0.03816	0.02163	0.13294	0.04335	0.58146	0.00936	0.01019	0.00489	0.00489
36	0.02417	0.01230	0.01538	0.01414	0.01659	0.01150	0.00958	0.02564	0.02044	0.17913	0.03978	0.14948	0.04004	0.35510	0.03487	0.00728	0.00922	0.01640	0.00888	0.01009
37	0.01496	0.01081	0.01413	0.01330	0.01580	0.00998	0.00998	0.01995	0.02993	0.04240	0.55689	0.07898	0.09976	0.02162	0.01247	0.00333	0.00499	0.01912	0.01164	0.00998
38	0.03950	0.05039	0.02996	0.02724	0.03269	0.58597	0.02043	0.04222	0.02996	0.02588	0.01634	0.01907	0.01362	0.01090	0.00953	0.00272	0.01907	0.00681	0.00545	0.01226
39	0.04019	0.02962	0.03173	0.02433	0.03279	0.03279	0.02010	0.52721	0.04971	0.06663	0.02538	0.02538	0.01798	0.01269	0.01058	0.00317	0.01163	0.00952	0.01058	0.01798
40	0.03812	0.01593	0.02155	0.01723	0.02378	0.01394	0.01394	0.04247	0.03017	0.41849	0.18950	0.04832	0.04728	0.01553	0.01116	0.00329	0.00785	0.01307	0.01267	0.01569
41	0.04347	0.02435	0.02847	0.02183	0.03016	0.02498	0.01803	0.31176	0.04090	0.29452	0.03278	0.03019	0.02169	0.01287	0.01060	0.00322	0.01044	0.01002	0.01171	0.01799
42	0.02313	0.02313	0.03238	0.02776	0.02776	0.03238	0.02313	0.02545	0.01619	0.02545	0.01388	0.02313	0.01388	0.01851	0.03470	0.00463	0.60907	0.00925	0.00463	0.01157
43	0.01900	0.01095	0.01261	0.01188	0.01498	0.01018	0.00902	0.02352	0.02582	0.07927	0.22952	0.06313	0.13879	0.01798	0.01025	0.00301	0.00533	0.01518	0.28922	0.01037
44	0.01837	0.00918	0.01377	0.01377	0.01377	0.00918	0.00918	0.01377	0.01377	0.01837	0.01837	0.03214	0.01837	0.03673	0.04132	0.69238	0.00918	0.00918	0.00459	0.00459
45	0.70310	0.02045	0.01554	0.01390	0.02045	0.02372	0.01145	0.03108	0.01799	0.04744	0.01472	0.01718	0.01145	0.00981	0.00654	0.00327	0.00818	0.00573	0.00654	0.01145
46	0.02583	0.02035	0.02482	0.02376	0.06542	0.02288	0.01747	0.17482	0.15379	0.04212	0.03040	0.03525	0.02469	0.03932	0.23950	0.00876	0.01755	0.01082	0.00827	0.01419
47	0.02414	0.02694	0.05740	0.13537	0.05811	0.02621	0.44362	0.03275	0.02434	0.03275	0.02097	0.02847	0.01573	0.00918	0.01217	0.00356	0.01722	0.01198	0.00524	0.01385
48	0.02674	0.18961	0.07678	0.02055	0.02886	0.02883	0.01846	0.07814	0.23965	0.03825	0.02823	0.02813	0.02196	0.01139	0.00914	0.00285	0.00990	0.00882	0.00783	0.12586
49	0.01519	0.01099	0.01529	0.01529	0.01659	0.01229	0.01110	0.01779	0.01649	0.02329	0.02988	0.05015	0.03017	0.25033	0.42060	0.01489	0.02269	0.01259	0.00590	0.00850
50	0.03150	0.08756	0.20439	0.07055	0.03947	0.33017	0.02686	0.03762	0.02632	0.02831	0.01725	0.02064	0.01358	0.01048	0.00959	0.00295	0.01710	0.00725	0.00502	0.01337
51	0.02630	0.02271	0.02391	0.02152	0.02749	0.02630	0.01674	0.05618	0.54336	0.04423	0.04303	0.03945	0.03228	0.01434	0.01076	0.00359	0.00837	0.01195	0.01076	0.01674
52	0.70310	0.02045	0.01554	0.01390	0.02045	0.02372	0.01145	0.03108	0.01799	0.04744	0.01472	0.01718	0.01145	0.00981	0.00654	0.00327	0.00818	0.00573	0.00654	0.01145
53	0.02827	0.63478	0.05540	0.01809	0.02714	0.04184	0.01809	0.03166	0.02148	0.02488	0.01470	0.01696	0.01357	0.00905	0.00678	0.00226	0.01131	0.00565	0.00452	0.01357
54	0.01475	0.01219	0.02003	0.01935	0.02152	0.01140	0.08949	0.01769	0.02097	0.02806	0.05256	0.52964	0.06158	0.02937	0.01334	0.00418	0.00795	0.02733	0.00912	0.00947
55	0.04019	0.02962	0.03173	0.02433	0.03279	0.03279	0.02010	0.52721	0.04971	0.06663	0.02538	0.02538	0.01798	0.01269	0.01058	0.00317	0.01163	0.00952	0.01058	0.01798
56	0.02181	0.02026	0.03191	0.43814	0.12943	0.02416	0.02771	0.03247	0.10644	0.03080	0.02288	0.02976	0.01740	0.01103	0.01059	0.00348	0.01296	0.00982	0.00575	0.01321
57	0.03950	0.05039	0.02996	0.02724	0.03269	0.58597	0.02043	0.04222	0.02996	0.02588	0.01634	0.01907	0.01362	0.01090	0.00953	0.00272	0.01907	0.00681	0.00545	0.01226
58	0.03628	0.04380	0.02669	0.02441	0.02937	0.49229	0.01831	0.03936	0.02870	0.02808	0.01929	0.02238	0.01581	0.01113	0.00919	0.00268	0.01677	0.00730	0.11629	0.01187
59	0.01796	0.00918	0.01366	0.01384	0.01389	0.00914	0.00923	0.01384	0.01426	0.01901	0.02134	0.07602	0.02220	0.03646	0.03925	0.64115	0.00896	0.01074	0.00498	0.00489
60	0.01955	0.01071	0.01499	0.01464	0.01532	0.01089	0.01005	0.05208	0.01697	0.02265	0.02209	0.07897	0.02248	0.03465	0.03680	0.58581	0.00912	0.01088	0.00546	0.00591
61	0.01444	0.01079	0.01341	0.01275	0.01547	0.00975	0.00956	0.01894	0.02869	0.03946	0.46134	0.08382	0.19714	0.02271	0.01248	0.00338	0.00507	0.01980	0.01125	0.00975
62	0.51161	0.02048	0.01862	0.01569	0.02273	0.02245	0.01294	0.06769	0.02282	0.16719	0.02153	0.02197	0.01521	0.01074	0.00773	0.00327	0.00859	0.00708	0.00829	0.01336
63	0.01298	0.01013	0.01178	0.01263	0.01490	0.00893	0.00899	0.01563	0.02336	0.02978	0.14771	0.30258	0.30578	0.02858	0.01288	0.00382	0.00561	0.02493	0.01006	0.00893
64	0.01288	0.00920	0.01227	0.01472	0.01534	0.00859	0.00981	0.01472	0.02024	0.02699	0.05828	0.62152	0.06993	0.03312	0.01350	0.00429	0.00613	0.03006	0.00981	0.00859
65	0.14902	0.01837	0.02314	0.01805	0.02598	0.01681	0.01491	0.04836	0.02836	0.48886	0.03753	0.03307	0.02389	0.01258	0.01000	0.00327	0.00887	0.00987	0.01207	0.01698
66	0.01535	0.01034	0.01197	0.01197	0.01212	0.01049	0.00695	0.01566	0.01551	0.02083	0.03291	0.06697	0.03748	0.58432	0.09659	0.01079	0.01170	0.01505	0.00635	0.00665
67	0.70310	0.02045	0.01554	0.01390	0.02045	0.02372	0.01145	0.03108	0.01799	0.04744	0.01472	0.01718	0.01145	0.00981	0.00654	0.00327	0.00818	0.00573	0.00654	0.01145
68	0.02121	0.05469	0.57364	0.03014	0.04576	0.02455	0.03906	0.03348	0.02232	0.03348	0.01897	0.02232	0.01339	0.01005	0.01005	0.00335	0.01563	0.00781	0.00446	0.01563
69	0.70310	0.02045	0.01554	0.01390	0.02045	0.02372	0.01145	0.03108	0.01799	0.04744	0.01472	0.01718	0.01145	0.00981	0.00654	0.00327	0.00818	0.00573	0.00654	0.01145
70	0.01837	0.00918	0.01377	0.01377	0.01377	0.00918	0.00918	0.01377	0.01377	0.01837	0.01837	0.03214	0.01837	0.03673	0.04132	0.69238	0.00918	0.00918	0.00459	0.00459
71	0.02313	0.02313	0.03238	0.02776	0.02776	0.03238	0.02313	0.02545	0.01619	0.02545	0.01388	0.02313	0.01388	0.01851	0.03470	0.00463	0.60907	0.00925	0.00463	0.01157
72	0.03950	0.05039	0.02996	0.02724	0.03269	0.58597	0.02043	0.04222	0.02996	0.02588	0.01634	0.01907	0.01362	0.01090	0.00953	0.00272	0.01907	0.00681	0.00545	0.01226
73	0.04079	0.04512	0.02908	0.02587	0.03176	0.49322	0.01963	0.04373	0.03001	0.11432	0.02047	0.02182	0.01566	0.01125	0.00971	0.00281	0.01743	0.00743	0.00669	0.01319
