[name]
unknown

[dist]
# distance from previous block
# <min> <max>
0	425

[block]
# block no. 0 follows, 11 sequences, length 46
# corresponding to MSA columns:
# 452-497
name=unknown_A
#
# <colnr> <probs for GDERKNQSTAVLIFYWHMCP>
#	G	D	E	R	K	N	Q	S	T	A	V	L	I	F	Y	W	H	M	C	P
0	0.02681	0.02685	0.04008	0.24885	0.32211	0.07644	0.03215	0.03344	0.02509	0.03301	0.02039	0.02792	0.01649	0.01062	0.01109	0.00345	0.01462	0.00976	0.00539	0.01545
1	0.02387	0.02295	0.03910	0.36058	0.17550	0.02601	0.07796	0.03345	0.06535	0.03288	0.02274	0.03057	0.01750	0.01114	0.01145	0.00367	0.01452	0.01057	0.00575	0.01444
2	0.02400	0.01566	0.01878	0.01767	0.02184	0.01574	0.01330	0.03509	0.15771	0.12152	0.15048	0.21429	0.10089	0.02342	0.01278	0.00392	0.00736	0.02044	0.01167	0.01344
3	0.01744	0.01104	0.01480	0.01623	0.01797	0.01024	0.01157	0.02026	0.02406	0.07471	0.11803	0.45083	0.07369	0.03162	0.01406	0.00440	0.00693	0.06089	0.01098	0.01027
4	0.02484	0.02366	0.04023	0.30172	0.32522	0.02595	0.03304	0.03189	0.02420	0.03310	0.02064	0.02884	0.01654	0.01059	0.01119	0.00353	0.01412	0.01002	0.00531	0.01539
5	0.03231	0.03694	0.18674	0.07776	0.04711	0.02867	0.13057	0.18947	0.03462	0.08810	0.02498	0.02799	0.01766	0.01167	0.01154	0.00356	0.01503	0.01039	0.00788	0.01701
6	0.01412	0.01011	0.01343	0.01539	0.01642	0.00941	0.01048	0.01670	0.02345	0.03176	0.14805	0.50246	0.08030	0.03300	0.01416	0.00438	0.00630	0.02985	0.01081	0.00941
7	0.04531	0.02748	0.03127	0.02398	0.03289	0.02890	0.01981	0.35227	0.04615	0.22493	0.03270	0.03071	0.02199	0.01365	0.01128	0.00341	0.01147	0.01052	0.01213	0.01915
8	0.04269	0.03426	0.03355	0.02628	0.03489	0.09976	0.02144	0.44083	0.05032	0.06557	0.02583	0.02619	0.01857	0.01327	0.01112	0.00332	0.01336	0.00978	0.01058	0.01839
9	0.01371	0.00979	0.01306	0.01567	0.01632	0.00914	0.01045	0.01567	0.02155	0.02873	0.06203	0.59710	0.07444	0.03526	0.01437	0.00457	0.00653	0.03200	0.01045	0.00914
10	0.02436	0.02152	0.02838	0.02850	0.14118	0.01765	0.01812	0.02974	0.02386	0.03670	0.02027	0.02436	0.01693	0.00872	0.00897	0.00205	0.00947	0.00743	0.00642	0.52539
11	0.01587	0.01271	0.01898	0.17625	0.03382	0.01368	0.01640	0.01941	0.02182	0.02874	0.05002	0.43499	0.05745	0.02840	0.01348	0.00434	0.00895	0.02571	0.00889	0.01010
12	0.05050	0.01915	0.02612	0.02003	0.02873	0.01654	0.01654	0.05485	0.03221	0.54203	0.04440	0.03831	0.02786	0.01393	0.01132	0.00348	0.00958	0.01132	0.01393	0.01915
13	0.01335	0.01120	0.01161	0.01193	0.01534	0.00946	0.00879	0.01609	0.02515	0.03020	0.10759	0.16878	0.47336	0.02934	0.01343	0.00390	0.00580	0.02477	0.01045	0.00946
14	0.33276	0.02236	0.02309	0.01865	0.02663	0.02346	0.01539	0.11786	0.02978	0.24446	0.02868	0.02749	0.01941	0.01230	0.00936	0.00347	0.00965	0.00879	0.01037	0.01603
15	0.02017	0.04485	0.39362	0.02643	0.03929	0.02149	0.03234	0.03056	0.02489	0.03554	0.08633	0.04563	0.12141	0.01526	0.01144	0.00361	0.01347	0.01241	0.00657	0.01470
16	0.01564	0.01098	0.01432	0.01627	0.01731	0.01067	0.01174	0.01803	0.02150	0.02842	0.05471	0.33208	0.06331	0.17611	0.02541	0.00633	0.00872	0.15001	0.00952	0.00891
17	0.20520	0.01623	0.01797	0.01617	0.02126	0.01603	0.01236	0.03298	0.02411	0.19830	0.04520	0.17345	0.07372	0.07893	0.01568	0.00452	0.00847	0.01624	0.01026	0.01295
18	0.01817	0.01165	0.01540	0.01508	0.01767	0.01069	0.01106	0.02244	0.02894	0.08178	0.35476	0.22692	0.09060	0.02576	0.01342	0.00383	0.00601	0.02293	0.01196	0.01091
19	0.01330	0.01140	0.01140	0.01140	0.01520	0.00950	0.00855	0.01615	0.02565	0.03041	0.11402	0.10832	0.52967	0.02850	0.01330	0.00380	0.00570	0.02375	0.01045	0.00950
20	0.19341	0.01974	0.02396	0.01885	0.02716	0.01851	0.01556	0.04994	0.02927	0.43114	0.03792	0.03379	0.02433	0.01314	0.01034	0.00348	0.00938	0.01014	0.01236	0.01758
21	0.41778	0.01913	0.01824	0.01600	0.02238	0.02045	0.01287	0.03529	0.02347	0.15885	0.07252	0.08340	0.03004	0.01471	0.00921	0.00359	0.00839	0.01100	0.00935	0.01333
22	0.01501	0.01034	0.01268	0.01401	0.01435	0.01001	0.00868	0.01601	0.01902	0.02536	0.04905	0.34138	0.05806	0.31333	0.03533	0.00767	0.00867	0.02436	0.00868	0.00801
23	0.04279	0.03153	0.03378	0.02590	0.03490	0.03490	0.02139	0.49671	0.05292	0.07093	0.02702	0.02702	0.01914	0.01351	0.01126	0.00338	0.01239	0.01013	0.01126	0.01914
24	0.23158	0.01990	0.02338	0.01853	0.02674	0.01903	0.01530	0.04863	0.02848	0.40152	0.03619	0.03258	0.02338	0.01294	0.01007	0.00348	0.00933	0.00983	0.01194	0.01716
25	0.01417	0.01033	0.01335	0.01493	0.01633	0.00951	0.01031	0.01697	0.02426	0.03259	0.17214	0.43517	0.12463	0.03186	0.01402	0.00427	0.00618	0.02859	0.01089	0.00951
26	0.68395	0.02177	0.01654	0.01480	0.02177	0.02525	0.01219	0.03309	0.01915	0.05050	0.01567	0.01828	0.01219	0.01045	0.00697	0.00348	0.00871	0.00609	0.00697	0.01219
27	0.02800	0.02418	0.02545	0.02291	0.02927	0.02800	0.01782	0.05981	0.51390	0.04708	0.04581	0.04199	0.03436	0.01527	0.01145	0.00382	0.00891	0.01273	0.01145	0.01782
28	0.01701	0.01278	0.01525	0.01477	0.01730	0.01256	0.01058	0.02403	0.08695	0.03791	0.28821	0.13138	0.12520	0.13118	0.02129	0.00507	0.00695	0.02020	0.01085	0.01054
29	0.01330	0.01140	0.01140	0.01140	0.01520	0.00950	0.00855	0.01615	0.02565	0.03041	0.11402	0.10832	0.52967	0.02850	0.01330	0.00380	0.00570	0.02375	0.01045	0.00950
30	0.02398	0.04019	0.28378	0.03602	0.15195	0.02309	0.03192	0.03331	0.02406	0.03619	0.02036	0.02457	0.01575	0.00987	0.01012	0.00297	0.01353	0.00823	0.00548	0.20460
31	0.02657	0.03036	0.06641	0.04744	0.05882	0.02846	0.49336	0.03605	0.02657	0.03605	0.02277	0.03036	0.01708	0.00949	0.01328	0.00380	0.01898	0.01328	0.00569	0.01518
32	0.18686	0.04645	0.02843	0.02579	0.03186	0.43879	0.01959	0.04227	0.02902	0.03272	0.01701	0.01984	0.01398	0.01134	0.00943	0.00303	0.01768	0.00699	0.00606	0.01285
33	0.02592	0.03355	0.15943	0.10672	0.33643	0.02661	0.07936	0.03439	0.02500	0.03569	0.02099	0.02737	0.01668	0.01024	0.01125	0.00347	0.01479	0.00995	0.00534	0.01680
34	0.20825	0.02528	0.02587	0.02002	0.02879	0.02605	0.01639	0.22495	0.03456	0.05466	0.02177	0.02352	0.01650	0.01106	0.00919	0.00287	0.01012	0.00796	0.00866	0.22352
35	0.01905	0.01287	0.01689	0.01689	0.01949	0.01336	0.01251	0.02439	0.06129	0.07250	0.05040	0.20637	0.09322	0.08943	0.22621	0.00997	0.01627	0.01910	0.00888	0.01092
36	0.03954	0.08650	0.13356	0.02581	0.03641	0.02614	0.06151	0.14733	0.03392	0.24891	0.03137	0.03042	0.02114	0.01245	0.01096	0.00340	0.01256	0.01014	0.01004	0.01790
37	0.01750	0.01095	0.01567	0.01567	0.01651	0.01179	0.01104	0.01727	0.01642	0.02274	0.02695	0.04571	0.02711	0.16255	0.26382	0.27463	0.01857	0.01195	0.00573	0.00742
38	0.01608	0.01206	0.01809	0.01809	0.02010	0.01407	0.01407	0.02010	0.01809	0.02613	0.03015	0.04422	0.02814	0.08441	0.55984	0.01809	0.03015	0.01206	0.00603	0.01005
39	0.02635	0.01377	0.01862	0.01749	0.02158	0.01259	0.01384	0.03073	0.02890	0.18935	0.20489	0.17340	0.06866	0.02412	0.01333	0.00403	0.00781	0.10556	0.01210	0.01286
40	0.02535	0.04038	0.26025	0.03634	0.09153	0.02717	0.12883	0.04205	0.15492	0.03888	0.02764	0.03038	0.02053	0.01160	0.01148	0.00366	0.01476	0.01069	0.00681	0.01676
41	0.04204	0.05364	0.03190	0.02900	0.03480	0.55926	0.02175	0.04494	0.03190	0.02755	0.01740	0.02030	0.01450	0.01160	0.01015	0.00290	0.02030	0.00725	0.00580	0.01305
42	0.01608	0.01206	0.01809	0.01809	0.02010	0.01407	0.01407	0.02010	0.01809	0.02613	0.03015	0.04422	0.02814	0.08441	0.55984	0.01809	0.03015	0.01206	0.00603	0.01005
43	0.02334	0.02001	0.02334	0.01667	0.02667	0.01500	0.01334	0.02834	0.02334	0.03668	0.02001	0.02334	0.01667	0.00834	0.00834	0.00167	0.00834	0.00667	0.00667	0.67325
44	0.02456	0.25199	0.15307	0.02141	0.03040	0.02953	0.02193	0.03480	0.09626	0.03618	0.14896	0.03928	0.04018	0.01402	0.01013	0.00315	0.01094	0.01108	0.00765	0.01447
45	0.26275	0.13228	0.21945	0.02187	0.03242	0.02731	0.02409	0.03294	0.02276	0.04046	0.06926	0.02694	0.02285	0.01167	0.00903	0.00334	0.01185	0.00835	0.00634	0.01405

[dist]
# distance from previous block
# <min> <max>
1	3

[block]
# block no. 1 follows, 11 sequences, length 64
# corresponding to MSA columns:
# 501-564
name=unknown_B
#
# <colnr> <probs for GDERKNQSTAVLIFYWHMCP>
#	G	D	E	R	K	N	Q	S	T	A	V	L	I	F	Y	W	H	M	C	P
0	0.02563	0.02369	0.03649	0.09488	0.30909	0.02231	0.02653	0.03177	0.02452	0.03603	0.02064	0.02640	0.01716	0.00952	0.01013	0.00277	0.01168	0.00880	0.00592	0.25603
1	0.02426	0.01515	0.01891	0.01693	0.02112	0.01476	0.01299	0.06565	0.07426	0.12425	0.31596	0.12947	0.07709	0.02162	0.01278	0.00366	0.00699	0.01885	0.01224	0.01308
2	0.01443	0.01031	0.01264	0.01418	0.01502	0.00969	0.00918	0.01593	0.02055	0.02694	0.06057	0.38805	0.11902	0.19845	0.02661	0.00631	0.00769	0.02651	0.00940	0.00852
3	0.68395	0.02177	0.01654	0.01480	0.02177	0.02525	0.01219	0.03309	0.01915	0.05050	0.01567	0.01828	0.01219	0.01045	0.00697	0.00348	0.00871	0.00609	0.00697	0.01219
4	0.01601	0.01084	0.01265	0.01287	0.01322	0.01067	0.00764	0.01679	0.01858	0.02505	0.08947	0.13665	0.05162	0.47711	0.04767	0.00940	0.00982	0.01863	0.00782	0.00749
5	0.01384	0.01052	0.01276	0.01412	0.01602	0.00943	0.00986	0.01649	0.02410	0.03123	0.13435	0.37842	0.22496	0.03162	0.01389	0.00420	0.00612	0.02795	0.01068	0.00943
6	0.03070	0.35355	0.04508	0.02117	0.02964	0.03797	0.01899	0.09028	0.19145	0.03801	0.02699	0.02705	0.02164	0.01193	0.00906	0.00298	0.01102	0.00870	0.00772	0.01606
7	0.13624	0.01320	0.01577	0.01545	0.01755	0.01467	0.01118	0.02073	0.01739	0.02850	0.02779	0.04667	0.02786	0.21232	0.25768	0.09143	0.01846	0.01193	0.00628	0.00891
8	0.02530	0.11611	0.04066	0.12513	0.04359	0.02599	0.12475	0.03470	0.08187	0.03474	0.02298	0.02747	0.01820	0.01014	0.01015	0.00288	0.01255	0.00935	0.00643	0.22702
9	0.01478	0.01031	0.01277	0.01412	0.01514	0.00963	0.00931	0.01579	0.02053	0.02669	0.06162	0.34617	0.14360	0.14891	0.02586	0.07464	0.00760	0.02508	0.00915	0.00830
10	0.01330	0.01140	0.01140	0.01140	0.01520	0.00950	0.00855	0.01615	0.02565	0.03041	0.11402	0.10832	0.52967	0.02850	0.01330	0.00380	0.00570	0.02375	0.01045	0.00950
11	0.01644	0.01181	0.01723	0.02186	0.07774	0.01135	0.01320	0.01774	0.02080	0.02804	0.04955	0.42841	0.05786	0.03294	0.01929	0.12411	0.00793	0.02540	0.00887	0.00941
12	0.04402	0.12680	0.03388	0.02299	0.03107	0.17341	0.01893	0.09425	0.03273	0.26654	0.03042	0.02884	0.02106	0.01254	0.01032	0.00313	0.01324	0.00920	0.00991	0.01669
13	0.01759	0.01255	0.01538	0.01632	0.01785	0.01248	0.01114	0.07269	0.02440	0.03258	0.05350	0.44309	0.06236	0.12683	0.02110	0.00548	0.00795	0.02683	0.00994	0.00994
14	0.31623	0.02657	0.04444	0.03306	0.04249	0.02705	0.28134	0.03475	0.02330	0.04242	0.01964	0.02504	0.01492	0.00991	0.01050	0.00366	0.01445	0.01012	0.00625	0.01386
15	0.01441	0.00979	0.01325	0.01555	0.01613	0.00922	0.01037	0.01555	0.02073	0.02764	0.05697	0.53003	0.06790	0.03572	0.01790	0.08416	0.00692	0.02935	0.00979	0.00864
16	0.03009	0.61122	0.05898	0.01926	0.02889	0.04454	0.01926	0.03370	0.02287	0.02648	0.01565	0.01805	0.01444	0.00963	0.00722	0.00241	0.01204	0.00602	0.00481	0.01444
17	0.02462	0.02462	0.03447	0.02955	0.02955	0.03447	0.02462	0.02709	0.01724	0.02709	0.01477	0.02462	0.01477	0.01970	0.03694	0.00492	0.58385	0.00985	0.00492	0.01231
18	0.01361	0.01141	0.01183	0.01173	0.01539	0.00963	0.00880	0.01675	0.02639	0.03215	0.16303	0.10545	0.47957	0.02785	0.01330	0.00377	0.00565	0.02335	0.01068	0.00963
19	0.01608	0.01206	0.01809	0.01809	0.02010	0.01407	0.01407	0.02010	0.01809	0.02613	0.03015	0.04422	0.02814	0.08441	0.55984	0.01809	0.03015	0.01206	0.00603	0.01005
20	0.03110	0.02572	0.02720	0.02353	0.03045	0.02945	0.01857	0.15158	0.41707	0.05209	0.04186	0.03885	0.03116	0.01490	0.01141	0.00373	0.00964	0.01218	0.01141	0.01809
21	0.03972	0.02677	0.10852	0.02275	0.03206	0.02129	0.02088	0.05320	0.16662	0.32212	0.04096	0.03704	0.02753	0.01379	0.01126	0.00359	0.01051	0.01124	0.01177	0.01838
22	0.07606	0.23542	0.03303	0.01806	0.02279	0.08910	0.01484	0.02661	0.02005	0.02536	0.01758	0.02546	0.01653	0.02291	0.02375	0.29783	0.01177	0.00783	0.00513	0.00990
23	0.01608	0.01206	0.01809	0.01809	0.02010	0.01407	0.01407	0.02010	0.01809	0.02613	0.03015	0.04422	0.02814	0.08441	0.55984	0.01809	0.03015	0.01206	0.00603	0.01005
24	0.01637	0.01091	0.01228	0.01228	0.01228	0.01091	0.00682	0.01637	0.01637	0.02182	0.03546	0.07365	0.04092	0.60445	0.05729	0.01091	0.01091	0.01637	0.00682	0.00682
25	0.01452	0.01053	0.01455	0.01617	0.01735	0.01056	0.01141	0.01731	0.02154	0.02948	0.09429	0.40813	0.06512	0.04703	0.15666	0.00801	0.01259	0.02578	0.00946	0.00951
26	0.13210	0.01868	0.02147	0.01885	0.02441	0.01894	0.01465	0.12796	0.03058	0.18299	0.04289	0.23689	0.04068	0.02110	0.01175	0.00386	0.00891	0.01783	0.01105	0.01444
27	0.02252	0.01351	0.01726	0.01741	0.02020	0.01297	0.01254	0.07150	0.02647	0.11410	0.05564	0.45008	0.06138	0.02965	0.01356	0.00428	0.00762	0.02648	0.01108	0.01175
28	0.01421	0.01030	0.01353	0.01592	0.01707	0.00963	0.01121	0.01662	0.02241	0.02946	0.06604	0.50071	0.11089	0.03421	0.01442	0.00458	0.00692	0.08213	0.01044	0.00932
29	0.36195	0.02237	0.02221	0.01839	0.02605	0.02408	0.01507	0.09677	0.07196	0.19735	0.02821	0.02737	0.01964	0.01227	0.00916	0.00350	0.00942	0.00871	0.00993	0.01557
30	0.01956	0.01128	0.01513	0.01636	0.01830	0.01032	0.01142	0.02189	0.02324	0.11025	0.05923	0.50835	0.06704	0.03187	0.01388	0.00440	0.00701	0.02871	0.01100	0.01073
31	0.01371	0.00979	0.01306	0.01567	0.01632	0.00914	0.01045	0.01567	0.02155	0.02873	0.06203	0.59710	0.07444	0.03526	0.01437	0.00457	0.00653	0.03200	0.01045	0.00914
32	0.26758	0.02005	0.02284	0.01823	0.02634	0.01953	0.01505	0.04739	0.02774	0.37358	0.03456	0.03145	0.02249	0.01274	0.00983	0.00348	0.00928	0.00953	0.01154	0.01677
33	0.04641	0.01825	0.02481	0.01933	0.02732	0.01584	0.01584	0.05088	0.03217	0.48325	0.10165	0.04372	0.03713	0.01500	0.01155	0.00349	0.00907	0.01239	0.01375	0.01814
34	0.04279	0.03153	0.03378	0.02590	0.03490	0.03490	0.02139	0.49671	0.05292	0.07093	0.02702	0.02702	0.01914	0.01351	0.01126	0.00338	0.01239	0.01013	0.01126	0.01914
35	0.01371	0.00979	0.01306	0.01567	0.01632	0.00914	0.01045	0.01567	0.02155	0.02873	0.06203	0.59710	0.07444	0.03526	0.01437	0.00457	0.00653	0.03200	0.01045	0.00914
36	0.03491	0.02213	0.02558	0.02207	0.02896	0.02360	0.01776	0.09065	0.28176	0.19533	0.04526	0.04843	0.03430	0.01636	0.01182	0.00382	0.00954	0.05809	0.01206	0.01756
37	0.05050	0.01915	0.02612	0.02003	0.02873	0.01654	0.01654	0.05485	0.03221	0.54203	0.04440	0.03831	0.02786	0.01393	0.01132	0.00348	0.00958	0.01132	0.01393	0.01915
38	0.02098	0.01049	0.01049	0.01049	0.01311	0.01049	0.00787	0.02623	0.02360	0.04196	0.03672	0.04196	0.02885	0.01311	0.00787	0.00262	0.00525	0.01049	0.66693	0.01049
39	0.02800	0.02418	0.02545	0.02291	0.02927	0.02800	0.01782	0.05981	0.51390	0.04708	0.04581	0.04199	0.03436	0.01527	0.01145	0.00382	0.00891	0.01273	0.01145	0.01782
40	0.02884	0.01731	0.02160	0.01855	0.02320	0.01784	0.01439	0.12583	0.03025	0.14577	0.11478	0.05061	0.04101	0.12751	0.16211	0.00846	0.01504	0.01355	0.00993	0.01342
41	0.02800	0.02418	0.02545	0.02291	0.02927	0.02800	0.01782	0.05981	0.51390	0.04708	0.04581	0.04199	0.03436	0.01527	0.01145	0.00382	0.00891	0.01273	0.01145	0.01782
42	0.02576	0.02683	0.03484	0.41900	0.12389	0.12094	0.02994	0.03234	0.02456	0.02949	0.01968	0.02801	0.01525	0.01117	0.01104	0.00355	0.01576	0.00951	0.00521	0.01323
43	0.02657	0.03036	0.06641	0.04744	0.05882	0.02846	0.49336	0.03605	0.02657	0.03605	0.02277	0.03036	0.01708	0.00949	0.01328	0.00380	0.01898	0.01328	0.00569	0.01518
44	0.01733	0.00978	0.01405	0.01505	0.01529	0.00953	0.01003	0.01505	0.01728	0.02304	0.03571	0.24829	0.04043	0.03764	0.03272	0.41849	0.00854	0.01823	0.00700	0.00651
45	0.02334	0.02001	0.02334	0.01667	0.02667	0.01500	0.01334	0.02834	0.02334	0.03668	0.02001	0.02334	0.01667	0.00834	0.00834	0.00167	0.00834	0.00667	0.00667	0.67325
46	0.02909	0.01556	0.02022	0.01782	0.02289	0.01469	0.01425	0.03680	0.08102	0.21143	0.25958	0.06942	0.06745	0.02011	0.01270	0.00374	0.00772	0.06873	0.01257	0.01421
47	0.01753	0.01074	0.01488	0.01438	0.01587	0.01025	0.01025	0.01834	0.02428	0.03386	0.30413	0.06210	0.06802	0.03010	0.02681	0.29832	0.00728	0.01569	0.00908	0.00809
48	0.02574	0.02458	0.04187	0.23187	0.38797	0.02619	0.03349	0.03269	0.02463	0.03420	0.02080	0.02855	0.01692	0.01042	0.01118	0.00347	0.01389	0.01002	0.00539	0.01612
49	0.01574	0.01136	0.01487	0.01429	0.01677	0.01049	0.01060	0.02076	0.03096	0.04371	0.48772	0.12872	0.10344	0.02408	0.01337	0.00363	0.00542	0.02137	0.01222	0.01049
50	0.04927	0.02113	0.02734	0.02096	0.02972	0.01947	0.01732	0.12523	0.03551	0.46699	0.04164	0.03651	0.02647	0.01386	0.01131	0.00347	0.01002	0.01113	0.01351	0.01915
51	0.03600	0.02325	0.04180	0.14667	0.04949	0.02248	0.18619	0.04280	0.02820	0.25747	0.03172	0.03379	0.02139	0.01182	0.01199	0.00365	0.01400	0.01173	0.00918	0.01637
52	0.02452	0.11580	0.04113	0.34550	0.19851	0.02860	0.03028	0.03117	0.02344	0.03065	0.01964	0.02750	0.01571	0.01065	0.01058	0.00342	0.01407	0.00938	0.00513	0.01431
53	0.01955	0.00978	0.01466	0.01466	0.01466	0.00978	0.00978	0.01466	0.01466	0.01955	0.01955	0.03421	0.01955	0.03910	0.04399	0.67253	0.00978	0.00978	0.00489	0.00489
54	0.02485	0.02367	0.04024	0.30096	0.32590	0.02595	0.03304	0.03190	0.02420	0.03312	0.02064	0.02884	0.01654	0.01059	0.01119	0.00353	0.01412	0.01002	0.00531	0.01540
55	0.01637	0.01091	0.01228	0.01228	0.01228	0.01091	0.00682	0.01637	0.01637	0.02182	0.03546	0.07365	0.04092	0.60445	0.05729	0.01091	0.01091	0.01637	0.00682	0.00682
56	0.02124	0.01455	0.02073	0.02552	0.11089	0.01375	0.01579	0.02462	0.02410	0.09152	0.05651	0.28280	0.10908	0.06979	0.01665	0.00467	0.00875	0.06746	0.00971	0.01189
57	0.08832	0.21450	0.04798	0.03575	0.14603	0.03186	0.11381	0.03837	0.06528	0.08130	0.02336	0.02646	0.01837	0.01062	0.00997	0.00319	0.01291	0.00936	0.00672	0.01584
58	0.02605	0.12903	0.04144	0.21195	0.14492	0.02979	0.06492	0.03827	0.13278	0.03458	0.02542	0.03014	0.01992	0.01147	0.01072	0.00345	0.01313	0.01017	0.00657	0.01528
59	0.02533	0.02340	0.07281	0.11006	0.03717	0.01779	0.01912	0.03141	0.02402	0.07990	0.02218	0.02579	0.01717	0.00952	0.00929	0.00234	0.01029	0.00777	0.00686	0.44777
60	0.03641	0.08073	0.09581	0.07136	0.09629	0.02784	0.02440	0.16210	0.07805	0.16943	0.02997	0.03031	0.02121	0.01251	0.01085	0.00340	0.01217	0.01006	0.00944	0.01765
61	0.09988	0.02212	0.02540	0.08684	0.03303	0.02437	0.01787	0.11628	0.18637	0.13471	0.03518	0.03884	0.02697	0.08347	0.01633	0.00448	0.01052	0.01149	0.01009	0.01575
62	0.01421	0.01018	0.01350	0.01534	0.01643	0.00947	0.01049	0.01691	0.02384	0.03238	0.16571	0.48303	0.08150	0.03254	0.01412	0.00434	0.00626	0.02941	0.01088	0.00947
63	0.02131	0.01227	0.01676	0.01708	0.01978	0.01162	0.01279	0.02467	0.02472	0.12285	0.10998	0.32189	0.06334	0.03542	0.07881	0.00593	0.01014	0.06855	0.01077	0.01135

[dist]
# distance from previous block
# <min> <max>
3	6

[block]
# block no. 2 follows, 11 sequences, length 28
# corresponding to MSA columns:
# 571-598
name=unknown_C
#
# <colnr> <probs for GDERKNQSTAVLIFYWHMCP>
#	G	D	E	R	K	N	Q	S	T	A	V	L	I	F	Y	W	H	M	C	P
0	0.02189	0.03888	0.29562	0.10902	0.04426	0.02331	0.03084	0.03532	0.09451	0.03802	0.11955	0.03865	0.03454	0.01375	0.01137	0.00362	0.01316	0.01146	0.00718	0.01505
1	0.03950	0.02352	0.02889	0.09607	0.03687	0.02490	0.02000	0.16310	0.14727	0.24186	0.03714	0.03523	0.02547	0.01378	0.01133	0.00357	0.01085	0.01117	0.01151	0.01796
2	0.03034	0.04766	0.37594	0.02921	0.04328	0.02643	0.03423	0.12526	0.03045	0.11400	0.02491	0.02644	0.01710	0.01168	0.01089	0.00352	0.01483	0.00908	0.00728	0.01746
3	0.03003	0.01998	0.02325	0.01999	0.02553	0.02083	0.01563	0.16974	0.10677	0.12024	0.15451	0.15142	0.05312	0.02012	0.01235	0.00372	0.00874	0.01716	0.01177	0.01510
4	0.01436	0.01030	0.01364	0.01523	0.01647	0.00957	0.01050	0.01730	0.02457	0.03353	0.19847	0.44698	0.08373	0.03168	0.01405	0.00427	0.00617	0.02859	0.01102	0.00957
5	0.02394	0.02090	0.02630	0.02362	0.09398	0.01656	0.01615	0.02916	0.02364	0.03669	0.02016	0.02394	0.01682	0.00856	0.00871	0.00189	0.00900	0.00711	0.00652	0.58633
6	0.03409	0.11727	0.03606	0.19582	0.04711	0.32722	0.02433	0.03849	0.02782	0.02778	0.01796	0.02298	0.01465	0.01123	0.01010	0.00310	0.01758	0.00793	0.00542	0.01307
7	0.05050	0.01915	0.02612	0.02003	0.02873	0.01654	0.01654	0.05485	0.03221	0.54203	0.04440	0.03831	0.02786	0.01393	0.01132	0.00348	0.00958	0.01132	0.01393	0.01915
8	0.02536	0.10525	0.03733	0.42522	0.06498	0.02908	0.02825	0.09151	0.02659	0.03403	0.02032	0.02792	0.01547	0.01132	0.01068	0.00351	0.01424	0.00946	0.00580	0.01366
9	0.01910	0.01400	0.01701	0.01606	0.01922	0.01372	0.01200	0.08912	0.03186	0.04364	0.30509	0.20783	0.11741	0.02514	0.01326	0.00380	0.00669	0.02207	0.01158	0.01141
10	0.03074	0.03036	0.12072	0.10578	0.04364	0.02598	0.09465	0.17910	0.03423	0.09271	0.03742	0.03924	0.08595	0.01415	0.01174	0.00359	0.01330	0.01220	0.00859	0.01591
11	0.02777	0.52605	0.05248	0.01875	0.02711	0.03952	0.01801	0.03115	0.02268	0.02680	0.02222	0.10005	0.02294	0.01326	0.00823	0.00271	0.01126	0.00970	0.00561	0.01369
12	0.01498	0.01051	0.01359	0.01557	0.01634	0.01011	0.01066	0.01692	0.02092	0.02777	0.05528	0.40432	0.06499	0.17190	0.02488	0.00619	0.00813	0.08862	0.00956	0.00876
13	0.40452	0.02260	0.02197	0.01803	0.02581	0.02436	0.01488	0.11335	0.02820	0.19098	0.02551	0.02527	0.01768	0.01191	0.00887	0.00347	0.00954	0.00820	0.00960	0.01525
14	0.03279	0.11961	0.08393	0.12860	0.09224	0.09901	0.09185	0.07220	0.02847	0.11054	0.02369	0.02727	0.01758	0.01121	0.01074	0.00332	0.01479	0.00957	0.00701	0.01557
15	0.02906	0.01597	0.01977	0.01757	0.02249	0.01504	0.01350	0.09215	0.03061	0.19442	0.10409	0.22488	0.12636	0.02359	0.01275	0.00386	0.00800	0.02034	0.01181	0.01375
16	0.01371	0.00979	0.01306	0.01567	0.01632	0.00914	0.01045	0.01567	0.02155	0.02873	0.06203	0.59710	0.07444	0.03526	0.01437	0.00457	0.00653	0.03200	0.01045	0.00914
17	0.03751	0.02011	0.03349	0.02615	0.03387	0.01826	0.12854	0.04245	0.02852	0.30440	0.03957	0.04937	0.03017	0.01749	0.01506	0.05807	0.01192	0.07858	0.01072	0.01575
18	0.15167	0.12242	0.11136	0.11018	0.04601	0.02862	0.16052	0.03554	0.02408	0.07761	0.02133	0.02585	0.01594	0.01047	0.01033	0.00345	0.01427	0.00947	0.00624	0.01463
19	0.02543	0.02325	0.03796	0.40147	0.11290	0.02690	0.07358	0.09625	0.02749	0.03617	0.02137	0.02941	0.01605	0.01129	0.01143	0.00366	0.01485	0.01033	0.00601	0.01420
20	0.56006	0.02339	0.02594	0.02095	0.02875	0.02585	0.10287	0.03364	0.02055	0.04778	0.01701	0.02056	0.01311	0.01027	0.00816	0.00354	0.01064	0.00745	0.00673	0.01275
21	0.01608	0.01206	0.01809	0.01809	0.02010	0.01407	0.01407	0.02010	0.01809	0.02613	0.03015	0.04422	0.02814	0.08441	0.55984	0.01809	0.03015	0.01206	0.00603	0.01005
22	0.02657	0.03036	0.06641	0.04744	0.05882	0.02846	0.49336	0.03605	0.02657	0.03605	0.02277	0.03036	0.01708	0.00949	0.01328	0.00380	0.01898	0.01328	0.00569	0.01518
23	0.01593	0.01150	0.01504	0.01416	0.01681	0.01062	0.01062	0.02124	0.03186	0.04513	0.52830	0.08407	0.10620	0.02301	0.01327	0.00354	0.00531	0.02035	0.01239	0.01062
24	0.01637	0.01091	0.01228	0.01228	0.01228	0.01091	0.00682	0.01637	0.01637	0.02182	0.03546	0.07365	0.04092	0.60445	0.05729	0.01091	0.01091	0.01637	0.00682	0.00682
25	0.01415	0.01044	0.01325	0.01465	0.01626	0.00954	0.01019	0.01702	0.02456	0.03275	0.17686	0.40208	0.15413	0.03139	0.01395	0.00421	0.00612	0.02802	0.01089	0.00954
26	0.02556	0.02440	0.04153	0.24610	0.37519	0.02614	0.03340	0.03253	0.02454	0.03398	0.02077	0.02861	0.01684	0.01045	0.01118	0.00348	0.01394	0.01002	0.00537	0.01597
27	0.22893	0.31234	0.15008	0.02063	0.03094	0.03469	0.02186	0.03393	0.02192	0.03580	0.01663	0.01934	0.01371	0.01011	0.00789	0.00298	0.01200	0.00653	0.00546	0.01422

[dist]
# distance from previous block
# <min> <max>
0	4

[block]
# block no. 3 follows, 11 sequences, length 57
# corresponding to MSA columns:
# 603-659
name=unknown_D
#
# <colnr> <probs for GDERKNQSTAVLIFYWHMCP>
#	G	D	E	R	K	N	Q	S	T	A	V	L	I	F	Y	W	H	M	C	P
0	0.41932	0.02667	0.07092	0.03158	0.14317	0.02597	0.06558	0.03391	0.02170	0.04481	0.01796	0.02204	0.01410	0.01028	0.00881	0.00349	0.01138	0.00785	0.00635	0.01411
1	0.03353	0.02535	0.03535	0.03524	0.14805	0.02648	0.06960	0.21641	0.03607	0.08860	0.02787	0.03159	0.02115	0.01907	0.06350	0.00475	0.01403	0.01074	0.07594	0.01669
2	0.01473	0.01052	0.01423	0.01683	0.01793	0.01002	0.01222	0.01743	0.02255	0.02987	0.06147	0.48897	0.07222	0.03430	0.01464	0.00471	0.00741	0.13008	0.01043	0.00942
3	0.01608	0.01206	0.01809	0.01809	0.02010	0.01407	0.01407	0.02010	0.01809	0.02613	0.03015	0.04422	0.02814	0.08441	0.55984	0.01809	0.03015	0.01206	0.00603	0.01005
4	0.28847	0.02014	0.02252	0.01806	0.02612	0.01981	0.01491	0.04667	0.02731	0.35738	0.03361	0.03079	0.02197	0.01262	0.00968	0.00348	0.00925	0.00936	0.01131	0.01654
5	0.01637	0.01091	0.01228	0.01228	0.01228	0.01091	0.00682	0.01637	0.01637	0.02182	0.03546	0.07365	0.04092	0.60445	0.05729	0.01091	0.01091	0.01637	0.00682	0.00682
6	0.02786	0.02674	0.04568	0.06908	0.53424	0.02674	0.03454	0.03454	0.02563	0.03677	0.02117	0.02786	0.01783	0.01003	0.01114	0.00334	0.01337	0.01003	0.00557	0.01783
7	0.68395	0.02177	0.01654	0.01480	0.02177	0.02525	0.01219	0.03309	0.01915	0.05050	0.01567	0.01828	0.01219	0.01045	0.00697	0.00348	0.00871	0.00609	0.00697	0.01219
8	0.01371	0.00979	0.01306	0.01567	0.01632	0.00914	0.01045	0.01567	0.02155	0.02873	0.06203	0.59710	0.07444	0.03526	0.01437	0.00457	0.00653	0.03200	0.01045	0.00914
9	0.03490	0.01737	0.02130	0.01740	0.02407	0.01576	0.01400	0.08695	0.03227	0.28682	0.10246	0.06341	0.19630	0.01933	0.01211	0.00358	0.00829	0.01594	0.01239	0.01535
10	0.68395	0.02177	0.01654	0.01480	0.02177	0.02525	0.01219	0.03309	0.01915	0.05050	0.01567	0.01828	0.01219	0.01045	0.00697	0.00348	0.00871	0.00609	0.00697	0.01219
11	0.02449	0.02331	0.03961	0.32808	0.30153	0.02586	0.03287	0.03159	0.02404	0.03269	0.02058	0.02895	0.01639	0.01065	0.01120	0.00355	0.01420	0.01002	0.00528	0.01511
12	0.01392	0.00995	0.01324	0.01553	0.01637	0.00928	0.01046	0.01618	0.02250	0.03024	0.10487	0.54997	0.07736	0.03414	0.01427	0.00448	0.00642	0.03093	0.01063	0.00928
13	0.42898	0.02072	0.02040	0.01690	0.02457	0.02174	0.01394	0.04185	0.02441	0.24834	0.02724	0.02634	0.01850	0.01185	0.00872	0.00348	0.00906	0.00820	0.00977	0.01499
14	0.02334	0.02001	0.02334	0.01667	0.02667	0.01500	0.01334	0.02834	0.02334	0.03668	0.02001	0.02334	0.01667	0.00834	0.00834	0.00167	0.00834	0.00667	0.00667	0.67325
15	0.01330	0.01140	0.01140	0.01140	0.01520	0.00950	0.00855	0.01615	0.02565	0.03041	0.11402	0.10832	0.52967	0.02850	0.01330	0.00380	0.00570	0.02375	0.01045	0.00950
16	0.68395	0.02177	0.01654	0.01480	0.02177	0.02525	0.01219	0.03309	0.01915	0.05050	0.01567	0.01828	0.01219	0.01045	0.00697	0.00348	0.00871	0.00609	0.00697	0.01219
17	0.01593	0.01150	0.01504	0.01416	0.01681	0.01062	0.01062	0.02124	0.03186	0.04513	0.52830	0.08407	0.10620	0.02301	0.01327	0.00354	0.00531	0.02035	0.01239	0.01062
18	0.02462	0.02462	0.03447	0.02955	0.02955	0.03447	0.02462	0.02709	0.01724	0.02709	0.01477	0.02462	0.01477	0.01970	0.03694	0.00492	0.58385	0.00985	0.00492	0.01231
19	0.04724	0.01837	0.02480	0.01929	0.02716	0.01600	0.01561	0.05118	0.03070	0.49234	0.04355	0.04169	0.02911	0.07034	0.01571	0.00419	0.00970	0.01180	0.01325	0.01798
20	0.14475	0.02206	0.02622	0.02043	0.02893	0.02158	0.01687	0.14120	0.03444	0.37211	0.03653	0.03299	0.02372	0.01332	0.01065	0.00346	0.01002	0.01029	0.01234	0.01810
21	0.01512	0.01080	0.01467	0.01728	0.01855	0.01035	0.01289	0.01810	0.02293	0.03030	0.06126	0.44774	0.07137	0.03394	0.01474	0.00477	0.00775	0.16748	0.01042	0.00953
22	0.01367	0.00997	0.01288	0.01521	0.01620	0.00918	0.01024	0.01572	0.02199	0.02891	0.06760	0.54479	0.12316	0.03454	0.01425	0.00449	0.00644	0.03111	0.01045	0.00918
23	0.01413	0.00997	0.01294	0.01514	0.01569	0.00942	0.00988	0.01578	0.02074	0.02766	0.05790	0.51559	0.06922	0.12390	0.02105	0.00556	0.00721	0.02956	0.00988	0.00878
24	0.02240	0.01621	0.01713	0.01601	0.02026	0.01745	0.01226	0.03809	0.22212	0.04315	0.10509	0.05391	0.09354	0.01676	0.01051	0.00333	0.00678	0.01394	0.25769	0.01335
25	0.01512	0.01080	0.01467	0.01728	0.01855	0.01035	0.01289	0.01810	0.02293	0.03030	0.06126	0.44774	0.07137	0.03394	0.01474	0.00477	0.00775	0.16748	0.01042	0.00953
26	0.36736	0.01906	0.01885	0.01602	0.02234	0.02001	0.01264	0.03711	0.02282	0.20170	0.02822	0.03421	0.02213	0.11419	0.01704	0.00477	0.00936	0.00953	0.00915	0.01347
27	0.68395	0.02177	0.01654	0.01480	0.02177	0.02525	0.01219	0.03309	0.01915	0.05050	0.01567	0.01828	0.01219	0.01045	0.00697	0.00348	0.00871	0.00609	0.00697	0.01219
28	0.03049	0.01718	0.02036	0.01767	0.02268	0.01735	0.01342	0.04184	0.16292	0.19319	0.09780	0.05211	0.04142	0.13507	0.02058	0.00501	0.00876	0.01369	0.07399	0.01447
29	0.04460	0.01873	0.02482	0.01978	0.02729	0.01713	0.01596	0.05112	0.08564	0.42929	0.04191	0.03829	0.02772	0.01678	0.01483	0.07512	0.00952	0.01131	0.01268	0.01747
30	0.01788	0.01284	0.01794	0.01759	0.01976	0.01440	0.01336	0.02332	0.06943	0.02905	0.08019	0.04628	0.03517	0.06334	0.35964	0.12825	0.02196	0.01257	0.00703	0.01001
31	0.24647	0.02843	0.02830	0.02237	0.03073	0.03184	0.01847	0.34942	0.04219	0.06444	0.02342	0.02425	0.01693	0.01254	0.00990	0.00341	0.01122	0.00885	0.00990	0.01693
32	0.41882	0.01969	0.01871	0.01587	0.02285	0.02096	0.01299	0.03879	0.02356	0.19619	0.02666	0.02698	0.01878	0.01179	0.00837	0.00338	0.00857	0.00816	0.08481	0.01407
33	0.01446	0.01011	0.01284	0.01472	0.01519	0.00964	0.00943	0.01587	0.02010	0.02680	0.05460	0.45063	0.06506	0.19453	0.02638	0.00635	0.00776	0.02762	0.00943	0.00849
34	0.61122	0.02147	0.01764	0.01540	0.02257	0.02425	0.01269	0.03558	0.02065	0.10693	0.01897	0.02058	0.01399	0.01085	0.00747	0.00348	0.00881	0.00669	0.00776	0.01299
35	0.57061	0.02218	0.01808	0.01620	0.02306	0.02572	0.01316	0.03770	0.10464	0.04991	0.02088	0.02238	0.01602	0.01128	0.00774	0.00354	0.00874	0.00724	0.00774	0.01316
36	0.01851	0.01091	0.01454	0.01569	0.01707	0.01018	0.01066	0.01983	0.02147	0.08203	0.05315	0.42712	0.06050	0.09139	0.02141	0.07252	0.00763	0.02595	0.00989	0.00955
37	0.19354	0.02871	0.03318	0.04021	0.22812	0.08152	0.02398	0.10978	0.07869	0.04560	0.02286	0.02604	0.01799	0.01137	0.01006	0.00339	0.01231	0.00907	0.00742	0.01616
38	0.68395	0.02177	0.01654	0.01480	0.02177	0.02525	0.01219	0.03309	0.01915	0.05050	0.01567	0.01828	0.01219	0.01045	0.00697	0.00348	0.00871	0.00609	0.00697	0.01219
39	0.03704	0.02867	0.03054	0.02473	0.03271	0.03222	0.02000	0.32696	0.23203	0.06167	0.03432	0.03284	0.02505	0.01419	0.01133	0.00355	0.01103	0.01114	0.01133	0.01863
40	0.02084	0.01376	0.01699	0.01577	0.01969	0.01305	0.01228	0.02828	0.07900	0.09891	0.31448	0.08224	0.15964	0.02279	0.01306	0.00374	0.00664	0.05474	0.01197	0.01211
41	0.01814	0.01296	0.01814	0.02073	0.02332	0.01296	0.01814	0.02332	0.02591	0.03368	0.05959	0.12696	0.06478	0.03109	0.01555	0.00518	0.01036	0.45848	0.01036	0.01036
42	0.02352	0.01398	0.01654	0.01491	0.01924	0.01325	0.01152	0.03100	0.08082	0.12753	0.22419	0.06932	0.15754	0.02002	0.01181	0.00345	0.00650	0.01696	0.12526	0.01261
43	0.02334	0.02001	0.02334	0.01667	0.02667	0.01500	0.01334	0.02834	0.02334	0.03668	0.02001	0.02334	0.01667	0.00834	0.00834	0.00167	0.00834	0.00667	0.00667	0.67325
44	0.02415	0.14149	0.42137	0.03165	0.04666	0.02924	0.08416	0.03538	0.02391	0.03426	0.01975	0.02355	0.01457	0.01040	0.01042	0.00341	0.01616	0.00847	0.00486	0.01614
45	0.62149	0.07807	0.02060	0.01523	0.02245	0.02709	0.01286	0.03314	0.01951	0.04820	0.01567	0.01826	0.01240	0.01037	0.00699	0.00338	0.00902	0.00609	0.00676	0.01240
46	0.17292	0.02728	0.03714	0.02879	0.03737	0.02931	0.15059	0.15997	0.15202	0.05088	0.02802	0.02977	0.02082	0.01216	0.01095	0.00363	0.01258	0.01078	0.00882	0.01621
47	0.03217	0.26768	0.18572	0.02499	0.03636	0.03628	0.02615	0.18622	0.03298	0.04361	0.02064	0.02258	0.01593	0.01120	0.00951	0.00305	0.01343	0.00801	0.00691	0.01659
48	0.01628	0.01103	0.01284	0.01266	0.01320	0.01085	0.00759	0.01736	0.01951	0.02655	0.13545	0.07577	0.05416	0.48649	0.04836	0.00942	0.00978	0.01718	0.00795	0.00759
49	0.01904	0.02257	0.10591	0.02293	0.02921	0.01705	0.09077	0.02780	0.07311	0.03756	0.18671	0.16454	0.11365	0.02126	0.01291	0.00384	0.00982	0.01930	0.00947	0.01254
50	0.01443	0.01138	0.01258	0.01232	0.01534	0.00999	0.00896	0.01768	0.02642	0.03376	0.22711	0.09719	0.34874	0.09301	0.01834	0.00454	0.00618	0.02190	0.01061	0.00952
51	0.19620	0.02232	0.02548	0.02002	0.02839	0.02236	0.01653	0.14111	0.03346	0.33036	0.03413	0.03132	0.02241	0.01303	0.01029	0.00346	0.00996	0.00986	0.01176	0.01753
52	0.03714	0.13334	0.09613	0.02745	0.03763	0.03352	0.07701	0.28179	0.04005	0.09047	0.02513	0.02635	0.01822	0.01211	0.01074	0.00329	0.01333	0.00968	0.00901	0.01761
53	0.29588	0.01802	0.01901	0.01638	0.02216	0.01881	0.01285	0.03572	0.02271	0.19909	0.02977	0.03699	0.02384	0.12211	0.07621	0.00633	0.01166	0.01017	0.00905	0.01325
54	0.01419	0.01013	0.01360	0.01621	0.01707	0.00955	0.01127	0.01649	0.02202	0.02926	0.06177	0.54679	0.07341	0.03482	0.01449	0.00464	0.00694	0.07764	0.01044	0.00927
55	0.02432	0.02077	0.02828	0.27757	0.04998	0.02429	0.02317	0.08853	0.15024	0.03971	0.07739	0.08353	0.03353	0.01554	0.01174	0.00377	0.01160	0.01343	0.00846	0.01415
56	0.02645	0.02234	0.02965	0.24424	0.04881	0.02307	0.02218	0.12353	0.02900	0.04044	0.02143	0.02677	0.01650	0.01056	0.01010	0.00285	0.01184	0.00871	0.00693	0.27459

[dist]
# distance from previous block
# <min> <max>
0	1

[block]
# block no. 4 follows, 11 sequences, length 12
# corresponding to MSA columns:
# 661-672
name=unknown_E
#
# <colnr> <probs for GDERKNQSTAVLIFYWHMCP>
#	G	D	E	R	K	N	Q	S	T	A	V	L	I	F	Y	W	H	M	C	P
0	0.33936	0.02173	0.02336	0.08238	0.03176	0.02343	0.01672	0.08722	0.02718	0.20712	0.02652	0.02693	0.01823	0.01197	0.00929	0.00350	0.01009	0.00863	0.00941	0.01517
1	0.04369	0.03007	0.03288	0.02520	0.03418	0.03274	0.02082	0.44464	0.05048	0.12644	0.02907	0.02835	0.02017	0.01356	0.01127	0.00339	0.01205	0.01027	0.01157	0.01914
2	0.02432	0.01757	0.02133	0.01667	0.02442	0.01389	0.01301	0.02882	0.02491	0.09448	0.07781	0.11638	0.03515	0.01440	0.01005	0.00249	0.00792	0.01229	0.00862	0.43547
3	0.01420	0.01035	0.01257	0.01411	0.01524	0.00959	0.00930	0.01591	0.02125	0.02758	0.06655	0.38940	0.15654	0.15557	0.02333	0.00577	0.00730	0.02704	0.00967	0.00872
4	0.04786	0.02339	0.02874	0.02203	0.03084	0.02282	0.01820	0.20602	0.03930	0.38086	0.03846	0.03445	0.02488	0.01379	0.01130	0.00345	0.01054	0.01091	0.01302	0.01915
5	0.02971	0.02323	0.02902	0.08972	0.08429	0.02419	0.02000	0.18183	0.07748	0.04523	0.02474	0.02916	0.01949	0.01589	0.01567	0.10584	0.01119	0.00955	0.00803	0.15572
6	0.02455	0.01854	0.02702	0.07634	0.03294	0.01923	0.07239	0.06813	0.08545	0.07633	0.09081	0.07278	0.04649	0.07483	0.01740	0.00483	0.01127	0.15797	0.00965	0.01305
7	0.02334	0.02001	0.02334	0.01667	0.02667	0.01500	0.01334	0.02834	0.02334	0.03668	0.02001	0.02334	0.01667	0.00834	0.00834	0.00167	0.00834	0.00667	0.00667	0.67325
8	0.18114	0.12457	0.03317	0.13135	0.08711	0.02606	0.02068	0.03918	0.02511	0.19158	0.02587	0.02761	0.01850	0.01149	0.00959	0.00333	0.01124	0.00883	0.00821	0.01535
9	0.20729	0.01788	0.01948	0.01649	0.02236	0.01799	0.01301	0.06790	0.02805	0.19005	0.13134	0.04974	0.07824	0.07479	0.01526	0.00425	0.00857	0.01301	0.01059	0.01369
10	0.05050	0.01915	0.02612	0.02003	0.02873	0.01654	0.01654	0.05485	0.03221	0.54203	0.04440	0.03831	0.02786	0.01393	0.01132	0.00348	0.00958	0.01132	0.01393	0.01915
11	0.03494	0.02994	0.11581	0.04517	0.26627	0.02462	0.02921	0.08795	0.03000	0.18210	0.02815	0.03008	0.02023	0.01159	0.01114	0.00342	0.01270	0.01014	0.00838	0.01815

[dist]
# distance from previous block
# <min> <max>
0	1

[block]
# block no. 5 follows, 11 sequences, length 30
# corresponding to MSA columns:
# 674-703
name=unknown_F
#
# <colnr> <probs for GDERKNQSTAVLIFYWHMCP>
#	G	D	E	R	K	N	Q	S	T	A	V	L	I	F	Y	W	H	M	C	P
0	0.04354	0.12189	0.03453	0.02323	0.03164	0.12589	0.01931	0.17611	0.03661	0.23189	0.02996	0.02859	0.02081	0.01271	0.01044	0.00318	0.01274	0.00940	0.01024	0.01729
1	0.02327	0.01851	0.02480	0.02153	0.02649	0.01886	0.06306	0.12075	0.07498	0.04474	0.17765	0.13683	0.09658	0.02217	0.01317	0.00394	0.00931	0.07950	0.01072	0.01311
2	0.01467	0.01085	0.01371	0.01427	0.01637	0.00988	0.01022	0.01833	0.02699	0.03659	0.28613	0.27961	0.16393	0.02849	0.01369	0.00397	0.00583	0.02526	0.01135	0.00988
3	0.02229	0.02146	0.03436	0.19987	0.04534	0.02652	0.08085	0.02715	0.02109	0.02959	0.06007	0.03666	0.02500	0.07518	0.02622	0.00492	0.23378	0.01180	0.00582	0.01203
4	0.01711	0.01127	0.01398	0.01330	0.01595	0.01059	0.00997	0.02241	0.02992	0.04439	0.41301	0.07420	0.08806	0.02069	0.01201	0.00332	0.00529	0.01804	0.16590	0.01059
5	0.03739	0.12248	0.08161	0.03207	0.08573	0.39324	0.02445	0.04165	0.02940	0.02905	0.01780	0.02108	0.01481	0.01111	0.00992	0.00294	0.01822	0.00747	0.00556	0.01402
6	0.03044	0.43629	0.05145	0.10934	0.03749	0.04008	0.02147	0.09720	0.02698	0.03302	0.01792	0.02121	0.01519	0.01043	0.00843	0.00276	0.01256	0.00723	0.00574	0.01479
7	0.01637	0.01091	0.01228	0.01228	0.01228	0.01091	0.00682	0.01637	0.01637	0.02182	0.03546	0.07365	0.04092	0.60445	0.05729	0.01091	0.01091	0.01637	0.00682	0.00682
8	0.02560	0.10360	0.03110	0.15188	0.03953	0.02814	0.02060	0.04550	0.29252	0.03851	0.03682	0.07865	0.03014	0.01509	0.01104	0.00366	0.01059	0.01264	0.00894	0.01543
9	0.01367	0.01142	0.01191	0.01178	0.01543	0.00966	0.00884	0.01686	0.02652	0.03245	0.17154	0.10495	0.47087	0.02774	0.01330	0.00376	0.00565	0.02328	0.01072	0.00966
10	0.02860	0.44333	0.13354	0.02819	0.10216	0.03918	0.02488	0.03412	0.02339	0.02935	0.01713	0.02031	0.01488	0.00985	0.00831	0.00272	0.01294	0.00694	0.00491	0.01526
11	0.01606	0.01199	0.01770	0.01759	0.01968	0.01363	0.01363	0.02024	0.01985	0.02855	0.09372	0.04930	0.03810	0.07658	0.49009	0.01623	0.02698	0.01312	0.00684	0.01012
12	0.01839	0.01613	0.02590	0.36414	0.05429	0.01898	0.02336	0.02379	0.02214	0.02875	0.03596	0.24530	0.03757	0.02037	0.01243	0.00406	0.01179	0.01835	0.00707	0.01123
13	0.02614	0.02522	0.09622	0.01917	0.02995	0.01671	0.01760	0.03219	0.02435	0.09056	0.02264	0.02500	0.01753	0.00926	0.00898	0.00212	0.00962	0.00739	0.00718	0.51216
14	0.03470	0.39730	0.04889	0.02264	0.03114	0.18695	0.02017	0.08363	0.02842	0.03127	0.01728	0.01959	0.01493	0.01057	0.00845	0.00264	0.01437	0.00678	0.00574	0.01453
15	0.68395	0.02177	0.01654	0.01480	0.02177	0.02525	0.01219	0.03309	0.01915	0.05050	0.01567	0.01828	0.01219	0.01045	0.00697	0.00348	0.00871	0.00609	0.00697	0.01219
16	0.03663	0.03108	0.04617	0.03407	0.04399	0.03246	0.20057	0.32182	0.04291	0.05769	0.02541	0.02829	0.01836	0.01198	0.01203	0.00354	0.01489	0.01133	0.00915	0.01764
17	0.01559	0.01149	0.01458	0.01381	0.01661	0.01048	0.01036	0.02059	0.03107	0.04325	0.47543	0.08717	0.16024	0.02371	0.01328	0.00357	0.00536	0.02079	0.01214	0.01048
18	0.03858	0.10698	0.03666	0.09852	0.09136	0.02957	0.02256	0.21416	0.03683	0.17208	0.02821	0.02904	0.01997	0.01242	0.01070	0.00331	0.01208	0.00983	0.00962	0.01750
19	0.02657	0.03036	0.06641	0.04744	0.05882	0.02846	0.49336	0.03605	0.02657	0.03605	0.02277	0.03036	0.01708	0.00949	0.01328	0.00380	0.01898	0.01328	0.00569	0.01518
20	0.01637	0.01091	0.01228	0.01228	0.01228	0.01091	0.00682	0.01637	0.01637	0.02182	0.03546	0.07365	0.04092	0.60445	0.05729	0.01091	0.01091	0.01637	0.00682	0.00682
21	0.01610	0.01180	0.01675	0.01663	0.01842	0.01309	0.01245	0.01967	0.01973	0.02809	0.10015	0.05437	0.04098	0.15746	0.40513	0.01494	0.02368	0.01389	0.00704	0.00962
22	0.04279	0.03153	0.03378	0.02590	0.03490	0.03490	0.02139	0.49671	0.05292	0.07093	0.02702	0.02702	0.01914	0.01351	0.01126	0.00338	0.01239	0.01013	0.01126	0.01914
23	0.03112	0.50365	0.05332	0.02056	0.02952	0.09512	0.01938	0.03712	0.06662	0.02839	0.01846	0.02037	0.01619	0.01032	0.00789	0.00258	0.01260	0.00673	0.00549	0.01460
24	0.01395	0.01018	0.01314	0.01502	0.01627	0.00937	0.01027	0.01643	0.02330	0.03100	0.12710	0.47937	0.12716	0.03298	0.01411	0.00436	0.00629	0.02963	0.01070	0.00937
25	0.04169	0.03038	0.03663	0.02771	0.03695	0.03270	0.07145	0.41094	0.04839	0.10614	0.02800	0.02831	0.01964	0.01312	0.01148	0.00343	0.01286	0.01057	0.01089	0.01872
26	0.01538	0.01108	0.01455	0.01453	0.01669	0.01025	0.01058	0.01986	0.02931	0.04108	0.41314	0.21078	0.09836	0.02604	0.01354	0.00379	0.00561	0.02323	0.01191	0.01025
27	0.01580	0.01192	0.01422	0.01457	0.01676	0.01143	0.01024	0.02106	0.06517	0.03417	0.19669	0.24358	0.16104	0.10795	0.01958	0.00496	0.00684	0.02344	0.01057	0.01002
28	0.03009	0.61122	0.05898	0.01926	0.02889	0.04454	0.01926	0.03370	0.02287	0.02648	0.01565	0.01805	0.01444	0.00963	0.00722	0.00241	0.01204	0.00602	0.00481	0.01444
