[name]
unknown

[dist]
# distance from previous block
# <min> <max>
0	90

[block]
# block no. 0 follows, 13 sequences, length 21
# corresponding to MSA columns:
# 451-471
name=unknown_A
#
# <colnr> <probs for GDERKNQSTAVLIFYWHMCP>
#	G	D	E	R	K	N	Q	S	T	A	V	L	I	F	Y	W	H	M	C	P
0	0.01273	0.01072	0.01103	0.01096	0.01442	0.00902	0.00822	0.01562	0.02465	0.02987	0.14949	0.09961	0.51498	0.02629	0.01249	0.00355	0.00532	0.02201	0.00999	0.00902
1	0.01316	0.01074	0.01164	0.01141	0.01469	0.00921	0.00856	0.01647	0.02568	0.03231	0.22885	0.09559	0.43409	0.02538	0.01249	0.00350	0.00526	0.02145	0.01031	0.00921
2	0.02630	0.02271	0.02391	0.02152	0.02749	0.02630	0.01674	0.05618	0.54336	0.04423	0.04303	0.03945	0.03228	0.01434	0.01076	0.00359	0.00837	0.01195	0.01076	0.01674
3	0.70310	0.02045	0.01554	0.01390	0.02045	0.02372	0.01145	0.03108	0.01799	0.04744	0.01472	0.01718	0.01145	0.00981	0.00654	0.00327	0.00818	0.00573	0.00654	0.01145
4	0.04672	0.01914	0.02525	0.01936	0.02756	0.01725	0.01599	0.09860	0.03219	0.51999	0.04010	0.03494	0.02536	0.01305	0.01063	0.00326	0.00926	0.01052	0.01284	0.01799
5	0.04019	0.02962	0.03173	0.02433	0.03279	0.03279	0.02010	0.52721	0.04971	0.06663	0.02538	0.02538	0.01798	0.01269	0.01058	0.00317	0.01163	0.00952	0.01058	0.01798
6	0.04019	0.02962	0.03173	0.02433	0.03279	0.03279	0.02010	0.52721	0.04971	0.06663	0.02538	0.02538	0.01798	0.01269	0.01058	0.00317	0.01163	0.00952	0.01058	0.01798
7	0.70310	0.02045	0.01554	0.01390	0.02045	0.02372	0.01145	0.03108	0.01799	0.04744	0.01472	0.01718	0.01145	0.00981	0.00654	0.00327	0.00818	0.00573	0.00654	0.01145
8	0.01288	0.00920	0.01227	0.01472	0.01534	0.00859	0.00981	0.01472	0.02024	0.02699	0.05828	0.62152	0.06993	0.03312	0.01350	0.00429	0.00613	0.03006	0.00981	0.00859
9	0.70310	0.02045	0.01554	0.01390	0.02045	0.02372	0.01145	0.03108	0.01799	0.04744	0.01472	0.01718	0.01145	0.00981	0.00654	0.00327	0.00818	0.00573	0.00654	0.01145
10	0.01288	0.00920	0.01227	0.01472	0.01534	0.00859	0.00981	0.01472	0.02024	0.02699	0.05828	0.62152	0.06993	0.03312	0.01350	0.00429	0.00613	0.03006	0.00981	0.00859
11	0.02831	0.02811	0.02407	0.02207	0.02577	0.23668	0.01710	0.03158	0.02320	0.07684	0.02369	0.03071	0.02035	0.04123	0.26037	0.00909	0.07378	0.00933	0.00619	0.01153
12	0.03648	0.02044	0.02421	0.02021	0.02725	0.02112	0.01616	0.05394	0.29622	0.29737	0.04240	0.03778	0.02934	0.01374	0.01070	0.00343	0.00867	0.01132	0.01188	0.01734
13	0.04343	0.01889	0.02442	0.01933	0.02709	0.01758	0.01577	0.05241	0.12764	0.47005	0.04196	0.03664	0.02733	0.01333	0.01066	0.00333	0.00888	0.01088	0.01264	0.01775
14	0.02813	0.02590	0.03954	0.10974	0.43721	0.06632	0.03002	0.03406	0.02469	0.07225	0.02111	0.02654	0.01695	0.00991	0.01042	0.00315	0.01293	0.00931	0.00577	0.01603
15	0.04390	0.01847	0.02431	0.01886	0.02656	0.01670	0.01549	0.09422	0.03209	0.47551	0.08528	0.03874	0.03184	0.01380	0.01079	0.00327	0.00890	0.01127	0.01272	0.01729
16	0.01288	0.00920	0.01227	0.01472	0.01534	0.00859	0.00981	0.01472	0.02024	0.02699	0.05828	0.62152	0.06993	0.03312	0.01350	0.00429	0.00613	0.03006	0.00981	0.00859
17	0.09214	0.01448	0.01740	0.01482	0.02017	0.01316	0.01176	0.03198	0.02741	0.24329	0.18908	0.06242	0.18227	0.01854	0.01120	0.00336	0.00694	0.01540	0.01124	0.01294
18	0.02940	0.03381	0.21791	0.03890	0.17701	0.02292	0.11409	0.03759	0.02512	0.16192	0.02505	0.02764	0.01777	0.01042	0.01071	0.00331	0.01362	0.00970	0.00687	0.01625
19	0.03048	0.02722	0.03007	0.07405	0.11908	0.08286	0.02141	0.16312	0.24911	0.04498	0.03053	0.03102	0.02307	0.01252	0.01053	0.00332	0.01133	0.01025	0.00884	0.01622
20	0.70310	0.02045	0.01554	0.01390	0.02045	0.02372	0.01145	0.03108	0.01799	0.04744	0.01472	0.01718	0.01145	0.00981	0.00654	0.00327	0.00818	0.00573	0.00654	0.01145

[dist]
# distance from previous block
# <min> <max>
0	1

[block]
# block no. 1 follows, 13 sequences, length 50
# corresponding to MSA columns:
# 473-522
name=unknown_B
#
# <colnr> <probs for GDERKNQSTAVLIFYWHMCP>
#	G	D	E	R	K	N	Q	S	T	A	V	L	I	F	Y	W	H	M	C	P
0	0.01697	0.01010	0.01515	0.01515	0.01596	0.01091	0.01091	0.01596	0.01515	0.02101	0.02262	0.03616	0.02182	0.05493	0.27446	0.40357	0.01737	0.01010	0.00505	0.00666
1	0.02286	0.02206	0.02463	0.02187	0.02276	0.09511	0.01701	0.02482	0.01822	0.02533	0.02110	0.03630	0.02152	0.18042	0.03436	0.00571	0.32362	0.01063	0.06156	0.01013
2	0.01496	0.01081	0.01413	0.01330	0.01580	0.00998	0.00998	0.01995	0.02993	0.04240	0.55689	0.07898	0.09976	0.02162	0.01247	0.00333	0.00499	0.01912	0.01164	0.00998
3	0.01427	0.01078	0.01318	0.01258	0.01537	0.00968	0.00943	0.01861	0.02830	0.03853	0.43097	0.08536	0.22810	0.02306	0.01248	0.00339	0.00509	0.02002	0.01113	0.00968
4	0.01956	0.01559	0.01738	0.01900	0.02173	0.06766	0.01614	0.02423	0.02461	0.03207	0.04939	0.09935	0.05196	0.02528	0.01319	0.00435	0.01003	0.38287	0.09560	0.01000
5	0.04744	0.01799	0.02454	0.01881	0.02699	0.01554	0.01554	0.05153	0.03026	0.56979	0.04171	0.03599	0.02617	0.01309	0.01063	0.00327	0.00900	0.01063	0.01309	0.01799
6	0.01753	0.01029	0.01182	0.01144	0.01392	0.00991	0.00858	0.02248	0.02574	0.04079	0.27456	0.05760	0.06049	0.01659	0.00973	0.00286	0.00496	0.01411	0.37670	0.00991
7	0.01997	0.01879	0.03171	0.60301	0.07282	0.02349	0.02936	0.02701	0.02114	0.02701	0.01879	0.02819	0.01409	0.01057	0.01057	0.00352	0.01409	0.00940	0.00470	0.01175
8	0.03224	0.43089	0.04699	0.02072	0.02906	0.13185	0.01883	0.11985	0.02783	0.03233	0.01684	0.01878	0.01435	0.00999	0.00791	0.00250	0.01267	0.00652	0.00573	0.01412
9	0.01837	0.01467	0.01960	0.02060	0.08718	0.01360	0.01304	0.02185	0.02085	0.03021	0.11224	0.04827	0.03767	0.19669	0.11646	0.00702	0.01200	0.01215	0.00695	0.19057
10	0.03324	0.02563	0.12051	0.07096	0.03355	0.02052	0.02090	0.14707	0.03083	0.22825	0.03485	0.12652	0.02825	0.01554	0.01098	0.00345	0.01071	0.01297	0.00977	0.01551
11	0.02617	0.02512	0.04292	0.06490	0.56246	0.02512	0.03245	0.03245	0.02407	0.03454	0.01989	0.02617	0.01675	0.00942	0.01047	0.00314	0.01256	0.00942	0.00523	0.01675
12	0.15251	0.01710	0.02132	0.01812	0.02473	0.01618	0.01518	0.04138	0.02684	0.35977	0.04031	0.05148	0.03145	0.01615	0.01083	0.00363	0.00902	0.11775	0.01122	0.01502
13	0.02580	0.04122	0.35616	0.02990	0.04260	0.02259	0.12219	0.03568	0.02457	0.12176	0.05599	0.02915	0.02124	0.01104	0.01073	0.00337	0.01430	0.00982	0.00647	0.01542
14	0.02785	0.02722	0.12259	0.14523	0.09810	0.02340	0.05333	0.11255	0.07272	0.10761	0.07742	0.03345	0.02639	0.01231	0.01079	0.00335	0.01199	0.01065	0.00793	0.01510
15	0.03386	0.02158	0.07031	0.03201	0.16919	0.01812	0.02212	0.03931	0.02686	0.28187	0.03696	0.04856	0.02945	0.01502	0.01132	0.00355	0.01060	0.10375	0.00969	0.01587
16	0.04744	0.01799	0.02454	0.01881	0.02699	0.01554	0.01554	0.05153	0.03026	0.56979	0.04171	0.03599	0.02617	0.01309	0.01063	0.00327	0.00900	0.01063	0.01309	0.01799
17	0.03000	0.02924	0.04162	0.08618	0.28822	0.12654	0.11887	0.03595	0.02571	0.08371	0.02154	0.02639	0.01677	0.01003	0.01069	0.00318	0.01448	0.00962	0.00601	0.01525
18	0.03058	0.03201	0.21326	0.11077	0.10279	0.02168	0.07079	0.03846	0.02521	0.20987	0.02677	0.02861	0.01832	0.01095	0.01057	0.00334	0.01307	0.00955	0.00751	0.01588
19	0.01648	0.01038	0.01332	0.01434	0.01605	0.00951	0.00990	0.01866	0.02177	0.07960	0.08825	0.43324	0.11703	0.07902	0.01638	0.00456	0.00660	0.02553	0.00995	0.00943
20	0.61625	0.02481	0.08663	0.01597	0.02367	0.02383	0.01497	0.03139	0.01855	0.04566	0.01526	0.01783	0.01170	0.00984	0.00699	0.00328	0.00913	0.00599	0.00628	0.01198
21	0.01503	0.01065	0.01268	0.01346	0.01464	0.01030	0.00935	0.01672	0.01925	0.02491	0.05280	0.13926	0.13140	0.34009	0.03450	0.00739	0.00894	0.12287	0.00803	0.00776
22	0.02576	0.17845	0.03083	0.01656	0.02576	0.02141	0.01423	0.03006	0.02253	0.07787	0.01970	0.02184	0.01602	0.00860	0.00780	0.00189	0.00883	0.00648	0.00640	0.45898
23	0.03319	0.02548	0.08697	0.08004	0.26896	0.02224	0.02651	0.06874	0.02733	0.21370	0.02731	0.02914	0.01945	0.01098	0.01049	0.00323	0.01172	0.00967	0.00806	0.01679
24	0.30797	0.16706	0.03095	0.02151	0.07083	0.02891	0.01670	0.11981	0.02604	0.09451	0.01961	0.02113	0.01495	0.01042	0.00803	0.00301	0.00997	0.00715	0.00729	0.01417
25	0.03964	0.03030	0.03183	0.02728	0.07317	0.08387	0.02071	0.40320	0.04423	0.10179	0.02544	0.02571	0.01814	0.01230	0.01047	0.00314	0.01220	0.00934	0.00988	0.01734
26	0.01557	0.01204	0.01841	0.07324	0.02406	0.01420	0.01477	0.01966	0.01739	0.02478	0.02741	0.04026	0.02525	0.07270	0.53124	0.01570	0.02696	0.01114	0.00557	0.00966
27	0.03443	0.02711	0.07467	0.02329	0.03089	0.02702	0.02017	0.21982	0.18462	0.14552	0.03199	0.03096	0.02290	0.01350	0.01259	0.00345	0.05988	0.01026	0.01007	0.01689
28	0.01387	0.01076	0.01261	0.01215	0.01512	0.00951	0.00911	0.01783	0.02733	0.03624	0.35673	0.08911	0.30376	0.02391	0.01248	0.00343	0.00515	0.02054	0.01083	0.00951
29	0.01645	0.01233	0.01780	0.09270	0.02687	0.01278	0.01694	0.02089	0.02298	0.02998	0.05178	0.22386	0.05699	0.02774	0.01383	0.00456	0.00946	0.32321	0.00911	0.00973
30	0.02095	0.03275	0.23139	0.02668	0.03285	0.02597	0.02727	0.02725	0.01862	0.02828	0.01841	0.02618	0.01598	0.02642	0.12602	0.00640	0.28203	0.00909	0.00476	0.01269
31	0.01429	0.00952	0.01210	0.01373	0.01489	0.00898	0.00943	0.01705	0.02180	0.03103	0.11780	0.45492	0.06656	0.02817	0.01234	0.00386	0.00579	0.02528	0.12348	0.00898
32	0.02525	0.38672	0.27701	0.02324	0.03510	0.03445	0.02706	0.03244	0.02184	0.02856	0.01653	0.01925	0.01349	0.00947	0.00818	0.00273	0.01315	0.00658	0.00450	0.01445
33	0.01288	0.00920	0.01227	0.01472	0.01534	0.00859	0.00981	0.01472	0.02024	0.02699	0.05828	0.62152	0.06993	0.03312	0.01350	0.00429	0.00613	0.03006	0.00981	0.00859
34	0.26899	0.02085	0.02353	0.09243	0.03152	0.02220	0.01664	0.11930	0.02805	0.23796	0.02680	0.02677	0.01821	0.01157	0.00920	0.00329	0.00980	0.00860	0.00935	0.01494
35	0.03611	0.19133	0.08334	0.02264	0.03183	0.03284	0.02074	0.30803	0.03802	0.10103	0.02357	0.02391	0.01721	0.01154	0.00953	0.00296	0.01163	0.00845	0.00869	0.01661
36	0.01312	0.00930	0.01220	0.01442	0.01497	0.00875	0.00949	0.01478	0.01978	0.02637	0.05588	0.56850	0.06691	0.09027	0.01737	0.00487	0.00653	0.02865	0.00949	0.00838
37	0.02886	0.21996	0.20105	0.02481	0.03543	0.02876	0.07292	0.03893	0.09004	0.12377	0.02484	0.02579	0.01829	0.01069	0.00947	0.00305	0.01246	0.00861	0.00684	0.01541
38	0.04008	0.03300	0.03144	0.02480	0.03277	0.12291	0.02015	0.44820	0.04649	0.06000	0.02391	0.02436	0.01727	0.01240	0.01041	0.00310	0.01285	0.00908	0.00974	0.01705
39	0.01496	0.01081	0.01413	0.01330	0.01580	0.00998	0.00998	0.01995	0.02993	0.04240	0.55689	0.07898	0.09976	0.02162	0.01247	0.00333	0.00499	0.01912	0.01164	0.00998
40	0.01997	0.01879	0.03171	0.60301	0.07282	0.02349	0.02936	0.02701	0.02114	0.02701	0.01879	0.02819	0.01409	0.01057	0.01057	0.00352	0.01409	0.00940	0.00470	0.01175
41	0.03118	0.13120	0.09086	0.03438	0.10619	0.07668	0.16443	0.11450	0.02894	0.08843	0.02205	0.02520	0.01657	0.01027	0.01034	0.00311	0.01416	0.00943	0.00671	0.01536
42	0.01538	0.01025	0.01153	0.01153	0.01153	0.01025	0.00641	0.01538	0.01538	0.02050	0.03331	0.06919	0.03844	0.62842	0.05382	0.01025	0.01025	0.01538	0.00641	0.00641
43	0.02181	0.01190	0.01510	0.01356	0.01707	0.01095	0.01043	0.02662	0.02834	0.13659	0.35336	0.06285	0.07111	0.01811	0.01106	0.00313	0.00570	0.01563	0.15529	0.01139
44	0.03115	0.06668	0.12592	0.03588	0.16557	0.02568	0.08219	0.10695	0.07889	0.13587	0.02655	0.02820	0.01931	0.01104	0.01048	0.00324	0.01240	0.00975	0.00777	0.01648
45	0.17585	0.03487	0.08273	0.03322	0.16107	0.20219	0.02296	0.06990	0.02658	0.06929	0.01928	0.02219	0.01497	0.01048	0.00932	0.00307	0.01371	0.00773	0.00634	0.01425
46	0.01506	0.01012	0.01163	0.01194	0.01202	0.01004	0.00684	0.01529	0.01600	0.02133	0.03649	0.13954	0.04245	0.55260	0.04868	0.00949	0.00973	0.01725	0.00684	0.00668
47	0.02156	0.01990	0.03158	0.36173	0.17026	0.02298	0.02682	0.03091	0.08823	0.03086	0.02538	0.07817	0.02161	0.01266	0.01081	0.00351	0.01237	0.01143	0.00601	0.01322
48	0.14787	0.02185	0.02560	0.12560	0.03533	0.05280	0.01825	0.10379	0.02906	0.29096	0.02963	0.02919	0.01982	0.01192	0.00989	0.00327	0.01070	0.00925	0.00974	0.01546
49	0.03512	0.02872	0.03047	0.02663	0.07665	0.07174	0.01986	0.33324	0.09523	0.05424	0.02526	0.02603	0.01877	0.01183	0.01016	0.00298	0.01145	0.00915	0.00919	0.10329

[dist]
# distance from previous block
# <min> <max>
0	3

[block]
# block no. 2 follows, 13 sequences, length 22
# corresponding to MSA columns:
# 526-547
name=unknown_C
#
# <colnr> <probs for GDERKNQSTAVLIFYWHMCP>
#	G	D	E	R	K	N	Q	S	T	A	V	L	I	F	Y	W	H	M	C	P
0	0.29097	0.01653	0.01730	0.01481	0.02052	0.01689	0.01192	0.03385	0.02469	0.19701	0.14942	0.03894	0.03754	0.01372	0.00917	0.00321	0.00738	0.01062	0.07264	0.01286
1	0.02286	0.02179	0.03641	0.26183	0.22458	0.02255	0.07290	0.02938	0.02262	0.03155	0.01940	0.02636	0.01545	0.00952	0.01019	0.00303	0.01275	0.00910	0.00523	0.14251
2	0.15754	0.03041	0.02809	0.24711	0.04590	0.20629	0.02215	0.08314	0.02628	0.03451	0.01790	0.02287	0.01383	0.01075	0.00947	0.00318	0.01433	0.00788	0.00588	0.01248
3	0.01390	0.00974	0.01185	0.01311	0.01367	0.00931	0.00826	0.01503	0.01846	0.02437	0.05106	0.35487	0.08938	0.28260	0.03035	0.00675	0.00781	0.02338	0.00838	0.00769
4	0.02827	0.37778	0.05553	0.02745	0.03699	0.03599	0.18611	0.07817	0.02524	0.03172	0.01791	0.02157	0.01480	0.00934	0.00902	0.00278	0.01350	0.00827	0.00536	0.01421
5	0.03715	0.01843	0.02231	0.01798	0.02459	0.01803	0.01455	0.12485	0.07949	0.30599	0.06742	0.03766	0.02978	0.01348	0.01013	0.00313	0.00838	0.01091	0.13987	0.01587
6	0.01328	0.00951	0.01262	0.01445	0.01542	0.00885	0.00985	0.01571	0.02208	0.02991	0.15259	0.51889	0.07557	0.03095	0.01330	0.00411	0.00592	0.02799	0.01016	0.00885
7	0.01386	0.01048	0.01280	0.01283	0.01528	0.00941	0.00939	0.01760	0.02643	0.03553	0.33401	0.18812	0.22514	0.02527	0.01267	0.00358	0.00531	0.02210	0.01077	0.00941
8	0.15207	0.01277	0.01257	0.01162	0.01549	0.01311	0.00907	0.02885	0.02228	0.10006	0.03156	0.03483	0.02404	0.01193	0.00759	0.00271	0.00600	0.00916	0.48324	0.01106
9	0.03950	0.05039	0.02996	0.02724	0.03269	0.58597	0.02043	0.04222	0.02996	0.02588	0.01634	0.01907	0.01362	0.01090	0.00953	0.00272	0.01907	0.00681	0.00545	0.01226
10	0.04744	0.01799	0.02454	0.01881	0.02699	0.01554	0.01554	0.05153	0.03026	0.56979	0.04171	0.03599	0.02617	0.01309	0.01063	0.00327	0.00900	0.01063	0.01309	0.01799
11	0.04744	0.01799	0.02454	0.01881	0.02699	0.01554	0.01554	0.05153	0.03026	0.56979	0.04171	0.03599	0.02617	0.01309	0.01063	0.00327	0.00900	0.01063	0.01309	0.01799
12	0.01401	0.01042	0.01304	0.01313	0.01540	0.00945	0.00956	0.01782	0.02657	0.03617	0.35488	0.20851	0.18156	0.02527	0.01271	0.00360	0.00532	0.02226	0.01087	0.00945
13	0.01510	0.01133	0.01699	0.01699	0.01888	0.01322	0.01322	0.01888	0.01699	0.02454	0.02832	0.04154	0.02643	0.07930	0.58652	0.01699	0.02832	0.01133	0.00566	0.00944
14	0.01373	0.01002	0.01408	0.01559	0.01669	0.01036	0.01112	0.01631	0.01900	0.02605	0.04681	0.39962	0.05329	0.05079	0.23274	0.00915	0.01462	0.02289	0.00823	0.00891
15	0.02192	0.01879	0.02192	0.01566	0.02506	0.01409	0.01253	0.02662	0.02192	0.03445	0.01879	0.02192	0.01566	0.00783	0.00783	0.00157	0.00783	0.00626	0.00626	0.69305
16	0.03014	0.03246	0.02518	0.02356	0.02864	0.26097	0.01836	0.04378	0.22746	0.03407	0.03416	0.04590	0.02977	0.01569	0.01097	0.00346	0.01316	0.10045	0.00831	0.01351
17	0.04090	0.01633	0.02222	0.01804	0.02479	0.01422	0.01446	0.04457	0.02837	0.46711	0.04485	0.14675	0.03445	0.01688	0.01117	0.00346	0.00846	0.01431	0.01247	0.01621
18	0.02403	0.02180	0.03296	0.04491	0.33333	0.02246	0.02448	0.03551	0.14497	0.03830	0.12910	0.03945	0.03639	0.01292	0.01092	0.00328	0.01013	0.01188	0.00775	0.01544
19	0.02162	0.15108	0.29113	0.02311	0.03349	0.02464	0.02614	0.03231	0.07646	0.03500	0.14465	0.03610	0.03525	0.01296	0.01006	0.00316	0.01162	0.01043	0.00676	0.01405
20	0.02192	0.01879	0.02192	0.01566	0.02506	0.01409	0.01253	0.02662	0.02192	0.03445	0.01879	0.02192	0.01566	0.00783	0.00783	0.00157	0.00783	0.00626	0.00626	0.69305
21	0.02787	0.02455	0.03469	0.15309	0.04383	0.02727	0.11623	0.15425	0.21778	0.04369	0.02959	0.03169	0.02195	0.01211	0.01100	0.00347	0.01216	0.01093	0.00837	0.01547

[dist]
# distance from previous block
# <min> <max>
0	24

[block]
# block no. 3 follows, 13 sequences, length 34
# corresponding to MSA columns:
# 572-605
name=unknown_D
#
# <colnr> <probs for GDERKNQSTAVLIFYWHMCP>
#	G	D	E	R	K	N	Q	S	T	A	V	L	I	F	Y	W	H	M	C	P
0	0.01565	0.01112	0.01389	0.01339	0.01478	0.01118	0.00898	0.01758	0.01824	0.02546	0.10543	0.06084	0.04277	0.36827	0.17755	0.01042	0.01385	0.01435	0.00696	0.04931
1	0.02630	0.02271	0.02391	0.02152	0.02749	0.02630	0.01674	0.05618	0.54336	0.04423	0.04303	0.03945	0.03228	0.01434	0.01076	0.00359	0.00837	0.01195	0.01076	0.01674
2	0.03444	0.02655	0.11189	0.03870	0.22052	0.02109	0.06534	0.04084	0.02653	0.26251	0.02918	0.03000	0.02023	0.01103	0.01064	0.00326	0.01190	0.00995	0.00848	0.01692
3	0.02792	0.57189	0.05613	0.02084	0.03005	0.04027	0.07058	0.03189	0.02184	0.02581	0.01539	0.01816	0.01383	0.00903	0.00737	0.00240	0.01198	0.00636	0.00461	0.01364
4	0.70310	0.02045	0.01554	0.01390	0.02045	0.02372	0.01145	0.03108	0.01799	0.04744	0.01472	0.01718	0.01145	0.00981	0.00654	0.00327	0.00818	0.00573	0.00654	0.01145
5	0.01538	0.01025	0.01153	0.01153	0.01153	0.01025	0.00641	0.01538	0.01538	0.02050	0.03331	0.06919	0.03844	0.62842	0.05382	0.01025	0.01025	0.01538	0.00641	0.00641
6	0.02121	0.05469	0.57364	0.03014	0.04576	0.02455	0.03906	0.03348	0.02232	0.03348	0.01897	0.02232	0.01339	0.01005	0.01005	0.00335	0.01563	0.00781	0.00446	0.01563
7	0.01780	0.03541	0.33446	0.02347	0.03282	0.01784	0.02661	0.02585	0.02211	0.03178	0.07021	0.24023	0.03956	0.01909	0.01145	0.00368	0.01150	0.01654	0.00687	0.01272
8	0.03248	0.02329	0.02469	0.02008	0.02655	0.02571	0.01621	0.31556	0.12729	0.05571	0.03078	0.03145	0.02281	0.01288	0.00978	0.00306	0.00933	0.01002	0.18667	0.01565
9	0.01496	0.01081	0.01413	0.01330	0.01580	0.00998	0.00998	0.01995	0.02993	0.04240	0.55689	0.07898	0.09976	0.02162	0.01247	0.00333	0.00499	0.01912	0.01164	0.00998
10	0.64707	0.02024	0.01631	0.01432	0.02101	0.02302	0.01180	0.03283	0.01904	0.09208	0.01703	0.01878	0.01271	0.01009	0.00689	0.00327	0.00825	0.00614	0.00710	0.01201
11	0.01980	0.01588	0.01830	0.01680	0.02078	0.01693	0.01286	0.03540	0.24880	0.04318	0.33783	0.06213	0.07099	0.01852	0.01174	0.00344	0.00643	0.01607	0.01126	0.01286
12	0.03340	0.04001	0.02619	0.02391	0.02919	0.40807	0.01804	0.04078	0.11727	0.02941	0.03380	0.03429	0.09404	0.01374	0.01016	0.00299	0.01529	0.00989	0.00698	0.01255
13	0.02313	0.02313	0.03238	0.02776	0.02776	0.03238	0.02313	0.02545	0.01619	0.02545	0.01388	0.02313	0.01388	0.01851	0.03470	0.00463	0.60907	0.00925	0.00463	0.01157
14	0.01288	0.00920	0.01227	0.01472	0.01534	0.00859	0.00981	0.01472	0.02024	0.02699	0.05828	0.62152	0.06993	0.03312	0.01350	0.00429	0.00613	0.03006	0.00981	0.00859
15	0.44171	0.02112	0.02013	0.01664	0.02387	0.02292	0.01372	0.10665	0.02562	0.18352	0.02313	0.02314	0.01614	0.01106	0.00816	0.00326	0.00888	0.00752	0.00879	0.01405
16	0.02313	0.02313	0.03238	0.02776	0.02776	0.03238	0.02313	0.02545	0.01619	0.02545	0.01388	0.02313	0.01388	0.01851	0.03470	0.00463	0.60907	0.00925	0.00463	0.01157
17	0.01739	0.01360	0.01696	0.01575	0.01575	0.01601	0.01076	0.01800	0.01559	0.02179	0.02826	0.05720	0.03205	0.46970	0.04884	0.00879	0.16608	0.01378	0.00594	0.00775
18	0.01288	0.00920	0.01227	0.01472	0.01534	0.00859	0.00981	0.01472	0.02024	0.02699	0.05828	0.62152	0.06993	0.03312	0.01350	0.00429	0.00613	0.03006	0.00981	0.00859
19	0.01385	0.00989	0.01338	0.01583	0.01686	0.00942	0.01150	0.01639	0.02120	0.02807	0.05774	0.50463	0.06782	0.03221	0.01375	0.00443	0.00697	0.13740	0.00980	0.00886
20	0.03182	0.01881	0.02181	0.01804	0.02363	0.01933	0.01413	0.15798	0.10256	0.18495	0.09729	0.04398	0.03557	0.10136	0.01668	0.00421	0.00889	0.01215	0.07232	0.01448
21	0.03257	0.03967	0.02536	0.02398	0.02817	0.43572	0.01767	0.03506	0.02743	0.02617	0.02726	0.17584	0.02827	0.01668	0.01056	0.00313	0.01570	0.01286	0.00658	0.01130
22	0.01364	0.01334	0.06331	0.01612	0.01810	0.01004	0.01247	0.01643	0.02043	0.02758	0.05470	0.56704	0.06479	0.03103	0.01318	0.00421	0.00700	0.02804	0.00933	0.00923
23	0.01326	0.00947	0.01271	0.01516	0.01594	0.00892	0.01048	0.01538	0.02062	0.02742	0.05806	0.57530	0.06909	0.03276	0.01360	0.00435	0.00647	0.07250	0.00981	0.00869
24	0.01347	0.00962	0.01294	0.01540	0.01627	0.00910	0.01084	0.01574	0.02082	0.02765	0.05795	0.55030	0.06864	0.03257	0.01365	0.00438	0.00664	0.09546	0.00980	0.00875
25	0.02503	0.31053	0.21112	0.07450	0.08767	0.03251	0.06171	0.03207	0.02219	0.02919	0.01727	0.02114	0.01402	0.00950	0.00881	0.00286	0.01341	0.00743	0.00464	0.01439
26	0.03077	0.48408	0.04973	0.02305	0.08265	0.03637	0.01922	0.03456	0.02300	0.10315	0.01907	0.02061	0.01569	0.00966	0.00771	0.00250	0.01111	0.00675	0.00581	0.01453
27	0.01314	0.00956	0.01240	0.01418	0.01531	0.00881	0.00969	0.01550	0.02195	0.02931	0.13315	0.50017	0.11589	0.03095	0.01326	0.00409	0.00591	0.02785	0.01007	0.00881
28	0.02788	0.02854	0.14757	0.03555	0.17752	0.02184	0.06807	0.08495	0.02841	0.12271	0.11600	0.03608	0.03183	0.01252	0.01093	0.00328	0.01170	0.01121	0.00796	0.01546
29	0.09456	0.02847	0.06309	0.10781	0.08334	0.14015	0.02105	0.07867	0.02832	0.14844	0.07919	0.03134	0.02569	0.01228	0.01015	0.00318	0.01234	0.00969	0.00804	0.01419
30	0.04224	0.02356	0.02713	0.02166	0.02843	0.07930	0.01770	0.10748	0.03071	0.37206	0.03305	0.03106	0.02208	0.01358	0.01392	0.00339	0.09547	0.00990	0.01077	0.01649
31	0.12195	0.06891	0.02768	0.01859	0.02755	0.01898	0.06020	0.03091	0.02248	0.09101	0.02051	0.02292	0.01602	0.00885	0.00828	0.00222	0.00920	0.00716	0.00679	0.40980
32	0.03130	0.22706	0.04061	0.11296	0.15363	0.11456	0.02285	0.03586	0.02466	0.11174	0.02086	0.02387	0.01631	0.01025	0.00916	0.00286	0.01281	0.00797	0.00617	0.01450
33	0.03525	0.07288	0.02975	0.02881	0.14021	0.05221	0.01933	0.03956	0.02683	0.28455	0.03590	0.08558	0.02903	0.01491	0.01080	0.00335	0.01038	0.05550	0.00966	0.01551

[dist]
# distance from previous block
# <min> <max>
0	4

[block]
# block no. 4 follows, 13 sequences, length 36
# corresponding to MSA columns:
# 610-645
name=unknown_E
#
# <colnr> <probs for GDERKNQSTAVLIFYWHMCP>
#	G	D	E	R	K	N	Q	S	T	A	V	L	I	F	Y	W	H	M	C	P
0	0.02798	0.12170	0.04057	0.03280	0.11422	0.06930	0.15052	0.03336	0.02496	0.10524	0.02994	0.08410	0.02706	0.01431	0.01113	0.00341	0.01289	0.07545	0.00721	0.01384
1	0.02382	0.02162	0.03130	0.03764	0.26495	0.01902	0.02142	0.02922	0.02288	0.03449	0.01928	0.02382	0.01615	0.00854	0.00901	0.00227	0.00994	0.00767	0.00580	0.39115
2	0.01997	0.01879	0.03171	0.60301	0.07282	0.02349	0.02936	0.02701	0.02114	0.02701	0.01879	0.02819	0.01409	0.01057	0.01057	0.00352	0.01409	0.00940	0.00470	0.01175
3	0.01574	0.01018	0.01291	0.01448	0.01613	0.00985	0.01089	0.01930	0.02242	0.03240	0.08990	0.31594	0.05926	0.02607	0.01213	0.00389	0.00658	0.13120	0.18145	0.00928
4	0.01402	0.01059	0.01108	0.01096	0.01419	0.00923	0.00822	0.01740	0.02466	0.03236	0.16256	0.08838	0.40480	0.02369	0.01168	0.00336	0.00523	0.01984	0.11850	0.00923
5	0.01250	0.01071	0.01071	0.01071	0.01428	0.00893	0.00803	0.01517	0.02410	0.02856	0.10711	0.10175	0.55817	0.02678	0.01250	0.00357	0.00536	0.02231	0.00982	0.00893
6	0.01496	0.01081	0.01413	0.01330	0.01580	0.00998	0.00998	0.01995	0.02993	0.04240	0.55689	0.07898	0.09976	0.02162	0.01247	0.00333	0.00499	0.01912	0.01164	0.00998
7	0.70310	0.02045	0.01554	0.01390	0.02045	0.02372	0.01145	0.03108	0.01799	0.04744	0.01472	0.01718	0.01145	0.00981	0.00654	0.00327	0.00818	0.00573	0.00654	0.01145
8	0.04019	0.02962	0.03173	0.02433	0.03279	0.03279	0.02010	0.52721	0.04971	0.06663	0.02538	0.02538	0.01798	0.01269	0.01058	0.00317	0.01163	0.00952	0.01058	0.01798
9	0.01341	0.01075	0.01198	0.01167	0.01484	0.00931	0.00875	0.01694	0.02626	0.03368	0.27345	0.09333	0.38864	0.02487	0.01249	0.00348	0.00522	0.02113	0.01049	0.00931
10	0.02630	0.02271	0.02391	0.02152	0.02749	0.02630	0.01674	0.05618	0.54336	0.04423	0.04303	0.03945	0.03228	0.01434	0.01076	0.00359	0.00837	0.01195	0.01076	0.01674
11	0.49531	0.02046	0.01953	0.01679	0.02260	0.02372	0.01387	0.03350	0.01969	0.12772	0.01892	0.02109	0.01417	0.01165	0.01146	0.00348	0.09919	0.00704	0.00730	0.01252
12	0.03950	0.05039	0.02996	0.02724	0.03269	0.58597	0.02043	0.04222	0.02996	0.02588	0.01634	0.01907	0.01362	0.01090	0.00953	0.00272	0.01907	0.00681	0.00545	0.01226
13	0.02564	0.02212	0.02361	0.02063	0.02713	0.02445	0.01610	0.05171	0.46450	0.04275	0.03937	0.03680	0.02976	0.01336	0.01032	0.00328	0.00829	0.01109	0.01008	0.11903
14	0.03750	0.04621	0.02905	0.02637	0.03190	0.50132	0.01987	0.04433	0.10761	0.02865	0.02038	0.02215	0.01644	0.01142	0.00972	0.00285	0.01745	0.00759	0.00625	0.01293
15	0.02553	0.02755	0.10705	0.02282	0.03026	0.02603	0.02011	0.05275	0.46456	0.04260	0.03939	0.03686	0.02942	0.01369	0.01065	0.00355	0.00947	0.01133	0.00981	0.01657
16	0.01322	0.00944	0.01265	0.01511	0.01587	0.00888	0.01040	0.01530	0.02057	0.02737	0.05809	0.58086	0.06919	0.03281	0.01359	0.00434	0.00643	0.06740	0.00981	0.00868
17	0.04744	0.01799	0.02454	0.01881	0.02699	0.01554	0.01554	0.05153	0.03026	0.56979	0.04171	0.03599	0.02617	0.01309	0.01063	0.00327	0.00900	0.01063	0.01309	0.01799
18	0.70310	0.02045	0.01554	0.01390	0.02045	0.02372	0.01145	0.03108	0.01799	0.04744	0.01472	0.01718	0.01145	0.00981	0.00654	0.00327	0.00818	0.00573	0.00654	0.01145
19	0.03210	0.03848	0.04391	0.03934	0.12116	0.29433	0.20850	0.03765	0.02722	0.03014	0.01875	0.02364	0.01499	0.00994	0.01076	0.00310	0.01762	0.00930	0.00538	0.01368
20	0.01459	0.01079	0.01362	0.01291	0.01557	0.00982	0.00968	0.01923	0.02905	0.04031	0.48886	0.08242	0.16910	0.02240	0.01247	0.00336	0.00504	0.01960	0.01136	0.00982
21	0.02192	0.01879	0.02192	0.01566	0.02506	0.01409	0.01253	0.02662	0.02192	0.03445	0.01879	0.02192	0.01566	0.00783	0.00783	0.00157	0.00783	0.00626	0.00626	0.69305
22	0.02192	0.01879	0.02192	0.01566	0.02506	0.01409	0.01253	0.02662	0.02192	0.03445	0.01879	0.02192	0.01566	0.00783	0.00783	0.00157	0.00783	0.00626	0.00626	0.69305
23	0.02369	0.02330	0.04172	0.26083	0.30467	0.02476	0.10566	0.03065	0.02312	0.03166	0.01971	0.02727	0.01566	0.00977	0.01081	0.00335	0.01392	0.00987	0.00505	0.01452
24	0.04744	0.01799	0.02454	0.01881	0.02699	0.01554	0.01554	0.05153	0.03026	0.56979	0.04171	0.03599	0.02617	0.01309	0.01063	0.00327	0.00900	0.01063	0.01309	0.01799
25	0.12544	0.21645	0.03508	0.02200	0.02890	0.29906	0.01810	0.03844	0.02588	0.07695	0.01790	0.01970	0.01443	0.01040	0.00842	0.00271	0.01442	0.00666	0.00600	0.01305
26	0.01285	0.00934	0.01213	0.01436	0.01524	0.00862	0.00966	0.01476	0.02059	0.02713	0.06263	0.57518	0.11346	0.03256	0.01341	0.00423	0.00606	0.02937	0.00982	0.00862
27	0.70310	0.02045	0.01554	0.01390	0.02045	0.02372	0.01145	0.03108	0.01799	0.04744	0.01472	0.01718	0.01145	0.00981	0.00654	0.00327	0.00818	0.00573	0.00654	0.01145
28	0.02827	0.63478	0.05540	0.01809	0.02714	0.04184	0.01809	0.03166	0.02148	0.02488	0.01470	0.01696	0.01357	0.00905	0.00678	0.00226	0.01131	0.00565	0.00452	0.01357
29	0.01518	0.01020	0.01335	0.01543	0.01687	0.00987	0.01164	0.01840	0.02178	0.03028	0.05398	0.38095	0.06069	0.02879	0.01291	0.00419	0.00705	0.16707	0.11223	0.00913
30	0.03577	0.02994	0.07308	0.10973	0.03966	0.03080	0.02290	0.41610	0.04343	0.05829	0.02393	0.02556	0.01706	0.01218	0.01054	0.00324	0.01230	0.00937	0.00925	0.01689
31	0.70310	0.02045	0.01554	0.01390	0.02045	0.02372	0.01145	0.03108	0.01799	0.04744	0.01472	0.01718	0.01145	0.00981	0.00654	0.00327	0.00818	0.00573	0.00654	0.01145
32	0.01288	0.00920	0.01227	0.01472	0.01534	0.00859	0.00981	0.01472	0.02024	0.02699	0.05828	0.62152	0.06993	0.03312	0.01350	0.00429	0.00613	0.03006	0.00981	0.00859
33	0.03403	0.02031	0.06232	0.10015	0.07294	0.01790	0.01898	0.04043	0.06182	0.29996	0.03426	0.03853	0.02525	0.10542	0.01711	0.00438	0.01055	0.01099	0.00961	0.01506
34	0.08199	0.03447	0.02689	0.02315	0.02968	0.27839	0.01803	0.08310	0.10603	0.17356	0.02740	0.02679	0.01979	0.01204	0.00989	0.00306	0.01363	0.00869	0.00866	0.01478
35	0.70310	0.02045	0.01554	0.01390	0.02045	0.02372	0.01145	0.03108	0.01799	0.04744	0.01472	0.01718	0.01145	0.00981	0.00654	0.00327	0.00818	0.00573	0.00654	0.01145

[dist]
# distance from previous block
# <min> <max>
0	8

[block]
# block no. 5 follows, 13 sequences, length 35
# corresponding to MSA columns:
# 654-688
name=unknown_F
#
# <colnr> <probs for GDERKNQSTAVLIFYWHMCP>
#	G	D	E	R	K	N	Q	S	T	A	V	L	I	F	Y	W	H	M	C	P
0	0.20091	0.03122	0.02389	0.02061	0.02697	0.22721	0.01618	0.10217	0.02910	0.12350	0.03016	0.03032	0.06955	0.01279	0.00941	0.00309	0.01246	0.00904	0.00804	0.01340
1	0.03317	0.01900	0.02323	0.01792	0.02587	0.01690	0.01447	0.07537	0.07949	0.24920	0.07460	0.03410	0.02848	0.01202	0.00980	0.00270	0.00839	0.00983	0.01015	0.25529
2	0.01720	0.01285	0.01793	0.01977	0.02185	0.01358	0.01695	0.02160	0.02331	0.03073	0.05262	0.15328	0.05764	0.02863	0.01621	0.00480	0.06007	0.41188	0.00931	0.00979
3	0.01348	0.01103	0.01208	0.01261	0.01593	0.00963	0.00998	0.01663	0.02415	0.02923	0.09606	0.10554	0.45065	0.02730	0.01295	0.00385	0.00630	0.12371	0.00980	0.00910
4	0.02996	0.54664	0.05157	0.01947	0.02797	0.12391	0.01844	0.03325	0.02276	0.02503	0.01495	0.01728	0.01358	0.00932	0.00720	0.00233	0.01248	0.00583	0.00466	0.01337
5	0.70310	0.02045	0.01554	0.01390	0.02045	0.02372	0.01145	0.03108	0.01799	0.04744	0.01472	0.01718	0.01145	0.00981	0.00654	0.00327	0.00818	0.00573	0.00654	0.01145
6	0.23534	0.12204	0.07026	0.02612	0.07414	0.02733	0.09096	0.07519	0.06755	0.04013	0.02267	0.02987	0.01892	0.01159	0.00927	0.00328	0.01133	0.04350	0.00673	0.01377
7	0.02115	0.08214	0.26631	0.31145	0.05764	0.02538	0.03265	0.03015	0.02168	0.02963	0.01855	0.02480	0.01375	0.01023	0.01005	0.00335	0.01454	0.00843	0.00458	0.01355
8	0.01538	0.01025	0.01153	0.01153	0.01153	0.01025	0.00641	0.01538	0.01538	0.02050	0.03331	0.06919	0.03844	0.62842	0.05382	0.01025	0.01025	0.01538	0.00641	0.00641
9	0.02449	0.26271	0.03231	0.01716	0.02327	0.14652	0.01464	0.02745	0.02435	0.02654	0.05144	0.05080	0.22801	0.01643	0.00963	0.00288	0.01064	0.01246	0.00681	0.01146
10	0.70310	0.02045	0.01554	0.01390	0.02045	0.02372	0.01145	0.03108	0.01799	0.04744	0.01472	0.01718	0.01145	0.00981	0.00654	0.00327	0.00818	0.00573	0.00654	0.01145
11	0.04087	0.01820	0.02386	0.01800	0.02649	0.01517	0.01476	0.04511	0.02812	0.43193	0.03581	0.03237	0.02347	0.01173	0.00991	0.00283	0.00870	0.00951	0.01133	0.19184
12	0.02617	0.02512	0.04292	0.06490	0.56246	0.02512	0.03245	0.03245	0.02407	0.03454	0.01989	0.02617	0.01675	0.00942	0.01047	0.00314	0.01256	0.00942	0.00523	0.01675
13	0.04744	0.01799	0.02454	0.01881	0.02699	0.01554	0.01554	0.05153	0.03026	0.56979	0.04171	0.03599	0.02617	0.01309	0.01063	0.00327	0.00900	0.01063	0.01309	0.01799
14	0.01510	0.01133	0.01699	0.01699	0.01888	0.01322	0.01322	0.01888	0.01699	0.02454	0.02832	0.04154	0.02643	0.07930	0.58652	0.01699	0.02832	0.01133	0.00566	0.00944
15	0.02617	0.02512	0.04292	0.06490	0.56246	0.02512	0.03245	0.03245	0.02407	0.03454	0.01989	0.02617	0.01675	0.00942	0.01047	0.00314	0.01256	0.00942	0.00523	0.01675
16	0.02827	0.63478	0.05540	0.01809	0.02714	0.04184	0.01809	0.03166	0.02148	0.02488	0.01470	0.01696	0.01357	0.00905	0.00678	0.00226	0.01131	0.00565	0.00452	0.01357
17	0.04206	0.02662	0.02988	0.02291	0.03130	0.02835	0.01892	0.40471	0.04470	0.19621	0.02959	0.02812	0.02009	0.01279	0.01059	0.00320	0.01096	0.00981	0.01122	0.01798
18	0.02617	0.02512	0.04292	0.06490	0.56246	0.02512	0.03245	0.03245	0.02407	0.03454	0.01989	0.02617	0.01675	0.00942	0.01047	0.00314	0.01256	0.00942	0.00523	0.01675
19	0.01724	0.01079	0.01432	0.01449	0.01670	0.00990	0.01045	0.02071	0.02558	0.08762	0.28033	0.32017	0.07898	0.02598	0.01275	0.00376	0.00590	0.02323	0.01096	0.01014
20	0.02570	0.01161	0.01303	0.01179	0.01549	0.01108	0.00915	0.03045	0.02392	0.15408	0.03605	0.03868	0.02690	0.01248	0.00809	0.00264	0.00581	0.01002	0.54139	0.01161
21	0.03522	0.04163	0.02562	0.02348	0.02828	0.46142	0.01761	0.03842	0.02828	0.02880	0.02027	0.02347	0.01653	0.01120	0.00907	0.00267	0.01601	0.00747	0.15282	0.01174
22	0.01632	0.01194	0.01603	0.01808	0.02070	0.01166	0.01561	0.02084	0.02430	0.03115	0.06409	0.11649	0.13970	0.02882	0.01427	0.00466	0.00904	0.41694	0.00975	0.00961
23	0.01378	0.00984	0.01330	0.01575	0.01676	0.00936	0.01138	0.01628	0.02113	0.02800	0.05778	0.51293	0.06797	0.03228	0.01373	0.00442	0.00691	0.12978	0.00980	0.00884
24	0.02676	0.16666	0.03132	0.02071	0.02741	0.02995	0.01705	0.05042	0.42063	0.03968	0.03637	0.03416	0.02788	0.01310	0.00982	0.00327	0.00906	0.01047	0.00929	0.01599
25	0.01427	0.01098	0.01318	0.01319	0.01612	0.00988	0.01027	0.01829	0.02667	0.03505	0.29458	0.09457	0.28215	0.02491	0.01281	0.00366	0.00587	0.09344	0.01060	0.00951
26	0.02195	0.02044	0.03413	0.33260	0.25955	0.02282	0.02831	0.02800	0.02173	0.02933	0.02066	0.03145	0.01755	0.07126	0.01481	0.00404	0.01311	0.01000	0.00508	0.01319
27	0.02396	0.04034	0.33243	0.03194	0.04440	0.02320	0.17491	0.03397	0.02439	0.07934	0.06703	0.03005	0.02253	0.01095	0.01100	0.00340	0.01481	0.01035	0.00605	0.01495
28	0.01564	0.01094	0.01429	0.01596	0.01724	0.01081	0.01216	0.01833	0.02064	0.02714	0.04928	0.20863	0.05565	0.21984	0.02679	0.00645	0.00914	0.24391	0.00870	0.00844
29	0.03176	0.02451	0.02961	0.02482	0.02835	0.07050	0.02037	0.07638	0.06631	0.15840	0.02393	0.02736	0.01859	0.01583	0.02318	0.00396	0.32477	0.00963	0.00767	0.01408
30	0.02321	0.03023	0.13169	0.29798	0.05991	0.07057	0.17335	0.03133	0.02316	0.02999	0.01937	0.02655	0.01450	0.01003	0.01095	0.00344	0.01584	0.00981	0.00491	0.01317
31	0.01997	0.01879	0.03171	0.60301	0.07282	0.02349	0.02936	0.02701	0.02114	0.02701	0.01879	0.02819	0.01409	0.01057	0.01057	0.00352	0.01409	0.00940	0.00470	0.01175
32	0.01558	0.01031	0.01354	0.01373	0.01433	0.01082	0.00910	0.01609	0.01597	0.02185	0.03143	0.09823	0.03421	0.32819	0.20401	0.11991	0.01503	0.01436	0.00617	0.00717
33	0.14292	0.02256	0.02832	0.02376	0.02691	0.02847	0.01974	0.07992	0.02190	0.11400	0.01929	0.02426	0.01570	0.01566	0.02400	0.00405	0.35972	0.00889	0.00679	0.01314
34	0.07979	0.25081	0.29527	0.02806	0.08835	0.03056	0.02886	0.03255	0.02185	0.03173	0.01723	0.02042	0.01363	0.00962	0.00867	0.00294	0.01321	0.00705	0.00473	0.01468

[dist]
# distance from previous block
# <min> <max>
0	1

[block]
# block no. 6 follows, 13 sequences, length 72
# corresponding to MSA columns:
# 690-761
name=unknown_G
#
# <colnr> <probs for GDERKNQSTAVLIFYWHMCP>
#	G	D	E	R	K	N	Q	S	T	A	V	L	I	F	Y	W	H	M	C	P
0	0.02740	0.02353	0.02660	0.02646	0.08610	0.02669	0.01871	0.09142	0.44725	0.04497	0.03910	0.03687	0.02944	0.01368	0.01071	0.00350	0.00909	0.01148	0.01014	0.01684
1	0.57658	0.02408	0.01931	0.01945	0.06530	0.08498	0.01411	0.03240	0.01978	0.04406	0.01531	0.01810	0.01211	0.00990	0.00718	0.00320	0.00971	0.00614	0.00632	0.01196
2	0.01376	0.01076	0.01246	0.01203	0.01505	0.00946	0.00903	0.01761	0.02708	0.03563	0.33685	0.09012	0.32402	0.02414	0.01248	0.00345	0.00517	0.02068	0.01075	0.00946
3	0.02606	0.02404	0.03319	0.03219	0.11760	0.02618	0.10148	0.04877	0.37624	0.04100	0.03582	0.03555	0.02716	0.01268	0.01099	0.00351	0.01057	0.01163	0.00900	0.01634
4	0.01538	0.01025	0.01153	0.01153	0.01153	0.01025	0.00641	0.01538	0.01538	0.02050	0.03331	0.06919	0.03844	0.62842	0.05382	0.01025	0.01025	0.01538	0.00641	0.00641
5	0.04264	0.02783	0.02904	0.02272	0.03076	0.08695	0.01855	0.30896	0.04080	0.23726	0.03008	0.02839	0.02036	0.01263	0.01048	0.00316	0.01153	0.00961	0.01089	0.01736
6	0.03310	0.02609	0.02774	0.02289	0.03009	0.02947	0.01838	0.28671	0.30176	0.05520	0.03440	0.03257	0.02528	0.01354	0.01067	0.00338	0.00997	0.01076	0.01067	0.01734
7	0.01500	0.01072	0.01470	0.01715	0.01869	0.01042	0.01350	0.01839	0.02233	0.02937	0.05710	0.36508	0.06529	0.03112	0.01406	0.00459	0.00797	0.26556	0.00977	0.00917
8	0.01510	0.01133	0.01699	0.01699	0.01888	0.01322	0.01322	0.01888	0.01699	0.02454	0.02832	0.04154	0.02643	0.07930	0.58652	0.01699	0.02832	0.01133	0.00566	0.00944
9	0.02192	0.01879	0.02192	0.01566	0.02506	0.01409	0.01253	0.02662	0.02192	0.03445	0.01879	0.02192	0.01566	0.00783	0.00783	0.00157	0.00783	0.00626	0.00626	0.69305
10	0.70310	0.02045	0.01554	0.01390	0.02045	0.02372	0.01145	0.03108	0.01799	0.04744	0.01472	0.01718	0.01145	0.00981	0.00654	0.00327	0.00818	0.00573	0.00654	0.01145
11	0.01971	0.00985	0.00985	0.00985	0.01232	0.00985	0.00739	0.02464	0.02217	0.03942	0.03449	0.03942	0.02710	0.01232	0.00739	0.00246	0.00493	0.00985	0.68712	0.00985
12	0.01250	0.01071	0.01071	0.01071	0.01428	0.00893	0.00803	0.01517	0.02410	0.02856	0.10711	0.10175	0.55817	0.02678	0.01250	0.00357	0.00536	0.02231	0.00982	0.00893
13	0.04744	0.01799	0.02454	0.01881	0.02699	0.01554	0.01554	0.05153	0.03026	0.56979	0.04171	0.03599	0.02617	0.01309	0.01063	0.00327	0.00900	0.01063	0.01309	0.01799
14	0.02490	0.23845	0.36693	0.02584	0.03882	0.03071	0.03092	0.07013	0.02412	0.03323	0.01809	0.02084	0.01380	0.00992	0.00904	0.00299	0.01394	0.00725	0.00494	0.01515
15	0.03071	0.02490	0.02639	0.02241	0.02917	0.02836	0.01780	0.20560	0.38677	0.05134	0.03744	0.03499	0.02774	0.01382	0.01070	0.00346	0.00940	0.01118	0.01070	0.01713
16	0.35956	0.02724	0.02074	0.01760	0.02465	0.15709	0.01391	0.03258	0.02194	0.03873	0.01621	0.01891	0.01311	0.00954	0.00761	0.00268	0.01072	0.00613	0.00620	0.19484
17	0.01288	0.00920	0.01227	0.01472	0.01534	0.00859	0.00981	0.01472	0.02024	0.02699	0.05828	0.62152	0.06993	0.03312	0.01350	0.00429	0.00613	0.03006	0.00981	0.00859
18	0.01538	0.01025	0.01153	0.01153	0.01153	0.01025	0.00641	0.01538	0.01538	0.02050	0.03331	0.06919	0.03844	0.62842	0.05382	0.01025	0.01025	0.01538	0.00641	0.00641
19	0.01997	0.01879	0.03171	0.60301	0.07282	0.02349	0.02936	0.02701	0.02114	0.02701	0.01879	0.02819	0.01409	0.01057	0.01057	0.00352	0.01409	0.00940	0.00470	0.01175
20	0.03451	0.05001	0.17977	0.02782	0.03629	0.38971	0.02553	0.07638	0.02935	0.03104	0.01775	0.02044	0.01389	0.01080	0.00975	0.00293	0.01756	0.00729	0.00556	0.01362
21	0.02313	0.02313	0.03238	0.02776	0.02776	0.03238	0.02313	0.02545	0.01619	0.02545	0.01388	0.02313	0.01388	0.01851	0.03470	0.00463	0.60907	0.00925	0.00463	0.01157
22	0.01923	0.01578	0.01870	0.01769	0.02149	0.01766	0.01369	0.03343	0.23037	0.03424	0.08143	0.05162	0.10758	0.04195	0.23615	0.00881	0.01552	0.01364	0.00870	0.01234
23	0.21152	0.06864	0.02308	0.01564	0.02412	0.01909	0.01293	0.03035	0.02151	0.08247	0.01928	0.02141	0.01523	0.00892	0.00763	0.00223	0.00830	0.00644	0.00678	0.39443
24	0.02014	0.01146	0.01435	0.01405	0.01651	0.01047	0.00984	0.02234	0.02231	0.12955	0.09760	0.25944	0.12461	0.17144	0.02248	0.00536	0.00747	0.02084	0.00976	0.01000
25	0.01538	0.01025	0.01153	0.01153	0.01153	0.01025	0.00641	0.01538	0.01538	0.02050	0.03331	0.06919	0.03844	0.62842	0.05382	0.01025	0.01025	0.01538	0.00641	0.00641
26	0.02309	0.02287	0.04149	0.30788	0.24119	0.02468	0.12471	0.03023	0.02290	0.03096	0.01967	0.02754	0.01540	0.00985	0.01090	0.00340	0.01427	0.00999	0.00501	0.01398
27	0.02262	0.01771	0.02154	0.02277	0.07981	0.01946	0.01497	0.03682	0.27434	0.03312	0.03300	0.04100	0.02821	0.11748	0.02501	0.17116	0.00932	0.01156	0.00797	0.01215
28	0.01309	0.00929	0.01221	0.01445	0.01501	0.00873	0.00953	0.01478	0.01983	0.02644	0.05617	0.57486	0.06727	0.08341	0.01690	0.00480	0.00648	0.02882	0.00953	0.00840
29	0.01538	0.01025	0.01153	0.01153	0.01153	0.01025	0.00641	0.01538	0.01538	0.02050	0.03331	0.06919	0.03844	0.62842	0.05382	0.01025	0.01025	0.01538	0.00641	0.00641
30	0.02192	0.01879	0.02192	0.01566	0.02506	0.01409	0.01253	0.02662	0.02192	0.03445	0.01879	0.02192	0.01566	0.00783	0.00783	0.00157	0.00783	0.00626	0.00626	0.69305
31	0.01977	0.01373	0.01673	0.01472	0.01972	0.01135	0.01107	0.02320	0.02330	0.09003	0.09189	0.23018	0.12763	0.02055	0.01105	0.00308	0.00679	0.01787	0.00914	0.23820
32	0.01428	0.01019	0.01145	0.01184	0.01281	0.00966	0.00735	0.01522	0.01826	0.02349	0.05515	0.16545	0.16915	0.38768	0.03737	0.00768	0.00841	0.01940	0.00778	0.00736
33	0.02496	0.02852	0.06239	0.04456	0.05526	0.02674	0.52406	0.03387	0.02496	0.03387	0.02139	0.02852	0.01604	0.00891	0.01248	0.00357	0.01783	0.01248	0.00535	0.01426
34	0.02617	0.02512	0.04292	0.06490	0.56246	0.02512	0.03245	0.03245	0.02407	0.03454	0.01989	0.02617	0.01675	0.00942	0.01047	0.00314	0.01256	0.00942	0.00523	0.01675
35	0.02102	0.02070	0.01973	0.01907	0.02169	0.15150	0.01447	0.02427	0.02001	0.02457	0.02579	0.03811	0.02421	0.10264	0.40830	0.01305	0.02477	0.01053	0.00567	0.00990
