[name]
unknown

[dist]
# distance from previous block
# <min> <max>
0	1012

[block]
# block no. 0 follows, 12 sequences, length 12
# corresponding to MSA columns:
# 1173-1184
name=unknown_A
#
# <colnr> <probs for GDERKNQSTAVLIFYWHMCP>
#	G	D	E	R	K	N	Q	S	T	A	V	L	I	F	Y	W	H	M	C	P
0	0.02708	0.46199	0.20035	0.02219	0.03345	0.03807	0.02481	0.03318	0.02240	0.02818	0.01641	0.01906	0.01394	0.00962	0.00795	0.00265	0.01293	0.00646	0.00465	0.01460
1	0.01774	0.02489	0.18330	0.01789	0.02292	0.01518	0.01713	0.02169	0.01810	0.02533	0.02973	0.05625	0.03157	0.42726	0.04139	0.00835	0.01230	0.01342	0.00598	0.00958
2	0.02240	0.08658	0.27449	0.07339	0.03993	0.02810	0.03052	0.02993	0.02073	0.03022	0.02030	0.06321	0.01801	0.01466	0.01831	0.00385	0.19646	0.01003	0.00506	0.01381
3	0.02484	0.01342	0.01646	0.01438	0.01925	0.01163	0.01125	0.02870	0.02847	0.19800	0.20663	0.07737	0.26300	0.02176	0.01228	0.00352	0.00659	0.01835	0.01169	0.01242
4	0.01744	0.01449	0.01574	0.01566	0.01928	0.01471	0.01159	0.02874	0.18137	0.03406	0.07603	0.22287	0.25550	0.02540	0.01261	0.00389	0.00671	0.02186	0.01043	0.01163
5	0.02562	0.02387	0.03749	0.05106	0.38534	0.02235	0.02704	0.03159	0.02413	0.03559	0.02016	0.02562	0.01692	0.00920	0.00994	0.00273	0.01143	0.00870	0.00573	0.22549
6	0.01983	0.01643	0.01964	0.01586	0.02285	0.01284	0.01209	0.02380	0.02209	0.03324	0.03150	0.19743	0.03282	0.01584	0.00981	0.00245	0.00755	0.01377	0.00755	0.48258
7	0.01301	0.01056	0.01155	0.01234	0.01507	0.00910	0.00886	0.01550	0.02361	0.02895	0.09472	0.26270	0.39676	0.02966	0.01321	0.00392	0.00577	0.02551	0.01012	0.00910
8	0.03533	0.03862	0.19762	0.02696	0.03799	0.03116	0.02684	0.36307	0.04244	0.05803	0.02411	0.02519	0.01706	0.01224	0.01074	0.00333	0.01328	0.00927	0.00894	0.01778
9	0.28990	0.02247	0.02615	0.24122	0.04489	0.02640	0.02094	0.13468	0.02692	0.04501	0.01920	0.02398	0.01433	0.01107	0.00927	0.00345	0.01159	0.00823	0.00691	0.01339
10	0.48608	0.20933	0.02887	0.01569	0.02324	0.03030	0.01395	0.03224	0.01968	0.04165	0.01517	0.01764	0.01249	0.00987	0.00683	0.00305	0.00944	0.00588	0.00610	0.01249
11	0.04892	0.01856	0.02530	0.01940	0.02783	0.01603	0.01603	0.05314	0.03121	0.55634	0.04302	0.03711	0.02699	0.01350	0.01096	0.00337	0.00928	0.01096	0.01350	0.01856

[dist]
# distance from previous block
# <min> <max>
0	7

[block]
# block no. 1 follows, 12 sequences, length 128
# corresponding to MSA columns:
# 1192-1319
name=unknown_B
#
# <colnr> <probs for GDERKNQSTAVLIFYWHMCP>
#	G	D	E	R	K	N	Q	S	T	A	V	L	I	F	Y	W	H	M	C	P
0	0.02417	0.02242	0.03734	0.40916	0.12738	0.02581	0.07811	0.08199	0.02578	0.03398	0.02053	0.02853	0.01551	0.01082	0.01109	0.00355	0.01445	0.01003	0.00564	0.01371
1	0.02937	0.02511	0.04220	0.06176	0.49211	0.02483	0.03157	0.03560	0.02552	0.09227	0.02296	0.02809	0.01833	0.01013	0.01081	0.00325	0.01255	0.00985	0.00628	0.01741
2	0.02054	0.01865	0.02785	0.25101	0.08066	0.02252	0.02301	0.02813	0.07607	0.03004	0.03126	0.17161	0.03084	0.01840	0.01607	0.00401	0.11510	0.01518	0.00684	0.01221
3	0.03998	0.02000	0.02483	0.01982	0.02776	0.01896	0.01603	0.05168	0.16902	0.35736	0.04082	0.03653	0.02756	0.01327	0.01069	0.00327	0.00897	0.01085	0.01206	0.09053
4	0.02641	0.02298	0.02553	0.08403	0.03344	0.02681	0.01868	0.05467	0.47390	0.04368	0.04166	0.03942	0.03124	0.01437	0.01107	0.00369	0.00927	0.01204	0.01041	0.01670
5	0.49658	0.08715	0.02629	0.07582	0.03036	0.02673	0.05671	0.03194	0.01989	0.04307	0.01619	0.01983	0.01272	0.01004	0.00772	0.00331	0.01025	0.00687	0.00622	0.01232
6	0.03130	0.55757	0.05367	0.01874	0.02797	0.04019	0.01837	0.03488	0.02314	0.08339	0.01819	0.01963	0.01541	0.00978	0.00743	0.00245	0.01140	0.00639	0.00562	0.01449
7	0.01483	0.01118	0.01415	0.01510	0.01744	0.00998	0.01090	0.01772	0.02280	0.03067	0.10273	0.39348	0.12620	0.02913	0.01317	0.00400	0.00666	0.06746	0.00988	0.08252
8	0.01649	0.01194	0.01515	0.01445	0.01623	0.01214	0.00991	0.01846	0.01721	0.02426	0.03081	0.05544	0.03248	0.35149	0.24313	0.01218	0.01723	0.01328	0.00631	0.08141
9	0.04640	0.01974	0.02955	0.02229	0.03101	0.01728	0.06968	0.05116	0.03061	0.49962	0.04074	0.03627	0.02585	0.01303	0.01117	0.00341	0.01027	0.01117	0.01263	0.01814
10	0.01398	0.01196	0.01376	0.07437	0.02145	0.01095	0.01088	0.01748	0.02513	0.03073	0.14433	0.09430	0.44204	0.02526	0.01267	0.00365	0.00646	0.02123	0.00974	0.00963
11	0.02722	0.09091	0.04566	0.06167	0.49213	0.02778	0.03185	0.03337	0.02454	0.03454	0.01993	0.02595	0.01691	0.00967	0.01038	0.00314	0.01281	0.00929	0.00532	0.01691
12	0.02273	0.01280	0.01666	0.01475	0.01874	0.01148	0.01139	0.02744	0.03039	0.15771	0.39058	0.07365	0.12662	0.02080	0.01244	0.00344	0.00611	0.01805	0.01216	0.01205
13	0.01659	0.01224	0.01621	0.01819	0.02095	0.01185	0.01563	0.02114	0.02505	0.03197	0.06874	0.11922	0.16328	0.02960	0.01461	0.00474	0.00910	0.38097	0.01006	0.00987
14	0.02340	0.02225	0.03778	0.36047	0.28326	0.02496	0.03168	0.03032	0.02313	0.03127	0.01988	0.02815	0.01574	0.01038	0.01085	0.00346	0.01384	0.00970	0.00509	0.01438
15	0.02699	0.02591	0.04426	0.06693	0.54879	0.02591	0.03346	0.03346	0.02483	0.03562	0.02051	0.02699	0.01727	0.00972	0.01079	0.00324	0.01295	0.00972	0.00540	0.01727
16	0.02558	0.08127	0.03562	0.31473	0.16495	0.02463	0.02683	0.03181	0.02417	0.08796	0.05893	0.03203	0.02270	0.01157	0.01063	0.00337	0.01266	0.01016	0.00640	0.01401
17	0.02915	0.62337	0.05714	0.01866	0.02799	0.04314	0.01866	0.03265	0.02215	0.02565	0.01516	0.01749	0.01399	0.00933	0.00700	0.00233	0.01166	0.00583	0.00466	0.01399
18	0.01328	0.00949	0.01265	0.01518	0.01581	0.00886	0.01012	0.01518	0.02088	0.02783	0.06010	0.60969	0.07212	0.03416	0.01392	0.00443	0.00633	0.03100	0.01012	0.00886
19	0.01350	0.01092	0.01199	0.01203	0.01518	0.00942	0.00890	0.01671	0.02584	0.03251	0.20310	0.14631	0.40141	0.02702	0.01298	0.00369	0.00551	0.02301	0.01055	0.00942
20	0.01861	0.01614	0.02590	0.35931	0.05178	0.01958	0.02271	0.02404	0.01987	0.02632	0.02397	0.03814	0.02119	0.10561	0.17322	0.00836	0.01813	0.01101	0.00534	0.01077
21	0.02620	0.02510	0.04283	0.13171	0.49019	0.02570	0.03307	0.03277	0.02445	0.03466	0.02037	0.02724	0.01693	0.00986	0.01081	0.00329	0.01315	0.00971	0.00533	0.01663
22	0.04073	0.05197	0.03090	0.02809	0.03371	0.57303	0.02107	0.04354	0.03090	0.02669	0.01685	0.01966	0.01404	0.01124	0.00983	0.00281	0.01966	0.00702	0.00562	0.01264
23	0.01831	0.01358	0.01794	0.01984	0.02261	0.01398	0.01677	0.02621	0.08702	0.03375	0.05632	0.16252	0.06006	0.02864	0.01445	0.00480	0.00949	0.37272	0.01018	0.01081
24	0.01693	0.01330	0.01557	0.01462	0.01808	0.01303	0.01107	0.02610	0.11792	0.04085	0.35725	0.07950	0.18983	0.02216	0.01255	0.00353	0.00585	0.01915	0.01142	0.01128
25	0.02786	0.10105	0.26403	0.03246	0.04495	0.02956	0.15801	0.13775	0.02976	0.04113	0.02121	0.02484	0.01558	0.01054	0.01080	0.00336	0.01537	0.00949	0.00621	0.01605
26	0.03442	0.03103	0.04134	0.10117	0.04537	0.08596	0.15806	0.27153	0.03843	0.04995	0.02324	0.02677	0.01703	0.01154	0.01134	0.00338	0.01487	0.01037	0.00811	0.01608
27	0.02453	0.01301	0.01734	0.01549	0.01946	0.01172	0.01187	0.02901	0.02972	0.18508	0.34349	0.13440	0.07786	0.02130	0.01246	0.00354	0.00645	0.01867	0.01219	0.01242
28	0.02377	0.02095	0.02603	0.09069	0.13129	0.05908	0.02046	0.03551	0.14901	0.03740	0.08701	0.05400	0.03850	0.01640	0.01145	0.00363	0.01043	0.09386	0.07687	0.01366
29	0.03814	0.03898	0.09290	0.02438	0.03151	0.29261	0.02056	0.04227	0.02847	0.17469	0.02627	0.03022	0.02024	0.07361	0.01488	0.00384	0.01540	0.00915	0.00779	0.01410
30	0.02187	0.05640	0.56031	0.03108	0.04719	0.02532	0.04029	0.03453	0.02302	0.03453	0.01957	0.02302	0.01381	0.01036	0.01036	0.00345	0.01611	0.00806	0.00460	0.01611
31	0.02124	0.02005	0.03388	0.53712	0.12348	0.02440	0.03061	0.02843	0.02211	0.02865	0.01950	0.02886	0.01481	0.01078	0.01089	0.00359	0.01437	0.00969	0.00490	0.01264
32	0.03414	0.28234	0.09553	0.02460	0.03278	0.30388	0.02206	0.03824	0.02658	0.02707	0.01645	0.01913	0.01400	0.01038	0.00874	0.00268	0.01608	0.00665	0.00513	0.01354
33	0.02739	0.01407	0.01678	0.01441	0.02000	0.01195	0.01140	0.03073	0.02741	0.24147	0.08332	0.07764	0.33618	0.02193	0.01211	0.00356	0.00703	0.01816	0.01148	0.01297
34	0.01372	0.00980	0.01315	0.01568	0.01651	0.00923	0.01088	0.01594	0.02131	0.02832	0.05985	0.55998	0.07116	0.03375	0.01403	0.00449	0.00671	0.07639	0.01011	0.00898
35	0.03397	0.01677	0.02076	0.01695	0.02336	0.01523	0.01364	0.08557	0.03144	0.29629	0.12195	0.06038	0.17969	0.01848	0.01173	0.00346	0.00800	0.01529	0.01211	0.01493
36	0.02466	0.01780	0.02451	0.02582	0.07732	0.01943	0.01900	0.07625	0.02610	0.09153	0.04190	0.17101	0.04297	0.02333	0.01721	0.00432	0.11386	0.16117	0.00912	0.01267
37	0.04505	0.01942	0.02519	0.01989	0.02793	0.01799	0.01624	0.05399	0.11956	0.46571	0.04326	0.03775	0.02811	0.01373	0.01099	0.00343	0.00916	0.01121	0.01307	0.01833
38	0.03465	0.13677	0.04269	0.09004	0.04158	0.16028	0.14018	0.03995	0.02716	0.14779	0.02399	0.02662	0.01761	0.01087	0.01044	0.00315	0.01504	0.00942	0.00711	0.01466
39	0.04073	0.05197	0.03090	0.02809	0.03371	0.57303	0.02107	0.04354	0.03090	0.02669	0.01685	0.01966	0.01404	0.01124	0.00983	0.00281	0.01966	0.00702	0.00562	0.01264
40	0.02261	0.01938	0.02261	0.01615	0.02584	0.01453	0.01292	0.02745	0.02261	0.03553	0.01938	0.02261	0.01615	0.00807	0.00807	0.00161	0.00807	0.00646	0.00646	0.68346
41	0.01586	0.01057	0.01189	0.01189	0.01189	0.01057	0.00661	0.01586	0.01586	0.02114	0.03436	0.07135	0.03964	0.61681	0.05550	0.01057	0.01057	0.01586	0.00661	0.00661
42	0.01590	0.01236	0.01461	0.01383	0.01707	0.01169	0.01043	0.02298	0.07961	0.03993	0.37162	0.08389	0.21927	0.02302	0.01269	0.00353	0.00560	0.01989	0.01139	0.01069
43	0.01435	0.01110	0.01307	0.01258	0.01562	0.00983	0.00943	0.01848	0.02830	0.03764	0.35869	0.09146	0.29103	0.02456	0.01287	0.00354	0.00531	0.02112	0.01120	0.00983
44	0.02316	0.02201	0.03735	0.37988	0.26570	0.02490	0.03156	0.03011	0.02302	0.03098	0.01983	0.02823	0.01564	0.01042	0.01086	0.00347	0.01390	0.00970	0.00507	0.01419
45	0.01744	0.01218	0.01433	0.01456	0.01571	0.01225	0.00946	0.06630	0.02149	0.02869	0.04388	0.28336	0.05055	0.32070	0.03421	0.00735	0.00901	0.02133	0.00846	0.00873
46	0.01656	0.01267	0.01755	0.01704	0.01818	0.01486	0.01263	0.01912	0.01693	0.02416	0.02914	0.04936	0.02958	0.23609	0.35905	0.01404	0.08535	0.01271	0.00596	0.00903
47	0.01683	0.01296	0.01830	0.01803	0.02044	0.01510	0.01402	0.02366	0.07318	0.02752	0.03086	0.04260	0.02791	0.07449	0.51240	0.01602	0.02697	0.01175	0.00641	0.01055
48	0.04237	0.02906	0.03180	0.02438	0.03307	0.03161	0.02014	0.45561	0.04878	0.12904	0.02826	0.02753	0.01959	0.01314	0.01091	0.00328	0.01166	0.00996	0.01123	0.01854
49	0.01586	0.01057	0.01189	0.01189	0.01189	0.01057	0.00661	0.01586	0.01586	0.02114	0.03436	0.07135	0.03964	0.61681	0.05550	0.01057	0.01057	0.01586	0.00661	0.00661
50	0.03276	0.02344	0.02577	0.02205	0.02894	0.02598	0.01747	0.11332	0.38163	0.13910	0.04189	0.03825	0.03034	0.01435	0.01105	0.00359	0.00916	0.01178	0.01150	0.01765
51	0.04145	0.03054	0.03272	0.02509	0.03381	0.03381	0.02072	0.51243	0.05127	0.06872	0.02618	0.02618	0.01854	0.01309	0.01091	0.00327	0.01200	0.00982	0.01091	0.01854
52	0.02883	0.02111	0.03167	0.24723	0.09952	0.02464	0.02500	0.03635	0.06633	0.14871	0.02592	0.03060	0.01917	0.01334	0.01593	0.00377	0.12987	0.01017	0.00736	0.01449
53	0.02556	0.13552	0.20272	0.25280	0.05299	0.02695	0.02988	0.03354	0.02327	0.08708	0.02128	0.02603	0.01557	0.01074	0.01006	0.00332	0.01396	0.00865	0.00568	0.01440
54	0.03394	0.04065	0.03190	0.02831	0.03166	0.35589	0.02219	0.03658	0.02518	0.02651	0.01583	0.02135	0.01415	0.01439	0.02027	0.00360	0.25191	0.00804	0.00528	0.01235
55	0.01377	0.00986	0.01308	0.01485	0.01592	0.00918	0.01016	0.01640	0.02312	0.03141	0.16872	0.49087	0.07904	0.03149	0.01368	0.00420	0.00606	0.02846	0.01054	0.00918
56	0.01558	0.01168	0.01752	0.01752	0.01947	0.01363	0.01363	0.01947	0.01752	0.02531	0.02921	0.04283	0.02726	0.08178	0.57360	0.01752	0.02921	0.01168	0.00584	0.00974
57	0.01377	0.01080	0.01209	0.01285	0.01533	0.00961	0.00932	0.01622	0.02293	0.02838	0.08559	0.20845	0.33823	0.10211	0.01858	0.00481	0.00673	0.06562	0.00968	0.00889
58	0.01543	0.01115	0.01457	0.01372	0.01629	0.01029	0.01029	0.02058	0.03086	0.04372	0.54304	0.08145	0.10288	0.02229	0.01286	0.00343	0.00514	0.01972	0.01200	0.01029
59	0.02141	0.01692	0.02042	0.02093	0.02491	0.01841	0.01744	0.03681	0.22790	0.03785	0.05236	0.08987	0.05089	0.02395	0.01346	0.00449	0.00947	0.28907	0.01046	0.01294
60	0.02187	0.05640	0.56031	0.03108	0.04719	0.02532	0.04029	0.03453	0.02302	0.03453	0.01957	0.02302	0.01381	0.01036	0.01036	0.00345	0.01611	0.00806	0.00460	0.01611
61	0.01558	0.01168	0.01752	0.01752	0.01947	0.01363	0.01363	0.01947	0.01752	0.02531	0.02921	0.04283	0.02726	0.08178	0.57360	0.01752	0.02921	0.01168	0.00584	0.00974
62	0.03136	0.01466	0.01856	0.01590	0.02158	0.01264	0.01250	0.03475	0.02754	0.29856	0.06886	0.14170	0.21306	0.02132	0.01205	0.00363	0.00756	0.01798	0.01185	0.01394
63	0.03933	0.04266	0.02879	0.02539	0.03147	0.40943	0.01940	0.09010	0.03250	0.08884	0.02861	0.02948	0.06100	0.01306	0.01032	0.00299	0.01655	0.00910	0.00740	0.01359
64	0.69383	0.02109	0.01603	0.01434	0.02109	0.02446	0.01181	0.03205	0.01856	0.04892	0.01518	0.01771	0.01181	0.01012	0.00675	0.00337	0.00843	0.00590	0.00675	0.01181
65	0.69383	0.02109	0.01603	0.01434	0.02109	0.02446	0.01181	0.03205	0.01856	0.04892	0.01518	0.01771	0.01181	0.01012	0.00675	0.00337	0.00843	0.00590	0.00675	0.01181
66	0.02915	0.62337	0.05714	0.01866	0.02799	0.04314	0.01866	0.03265	0.02215	0.02565	0.01516	0.01749	0.01399	0.00933	0.00700	0.00233	0.01166	0.00583	0.00466	0.01399
67	0.01742	0.01117	0.01292	0.01396	0.01589	0.01123	0.00988	0.02350	0.07355	0.03461	0.04901	0.33153	0.05107	0.02388	0.01119	0.00362	0.00608	0.02103	0.26823	0.01022
68	0.01907	0.01204	0.01658	0.01597	0.01798	0.01293	0.01170	0.02179	0.01841	0.07826	0.03221	0.05107	0.03106	0.24021	0.35596	0.01393	0.02141	0.01290	0.00686	0.00967
69	0.04145	0.03054	0.03272	0.02509	0.03381	0.03381	0.02072	0.51243	0.05127	0.06872	0.02618	0.02618	0.01854	0.01309	0.01091	0.00327	0.01200	0.00982	0.01091	0.01854
70	0.01328	0.00949	0.01265	0.01518	0.01581	0.00886	0.01012	0.01518	0.02088	0.02783	0.06010	0.60969	0.07212	0.03416	0.01392	0.00443	0.00633	0.03100	0.01012	0.00886
71	0.01355	0.00968	0.01296	0.01549	0.01624	0.00909	0.01058	0.01564	0.02114	0.02813	0.05995	0.57946	0.07153	0.03391	0.01399	0.00446	0.00656	0.05860	0.01012	0.00893
72	0.02296	0.02224	0.03904	0.38550	0.21340	0.02503	0.07549	0.03017	0.02306	0.03081	0.01996	0.02849	0.01553	0.01039	0.01105	0.00352	0.01442	0.00999	0.00507	0.01388
73	0.03262	0.03117	0.04648	0.04316	0.16822	0.11567	0.20926	0.08673	0.02956	0.09393	0.02353	0.02773	0.01765	0.01052	0.01146	0.00335	0.01562	0.01062	0.00692	0.01581
74	0.01434	0.01017	0.01286	0.01459	0.01545	0.00969	0.00988	0.01614	0.02030	0.02674	0.05658	0.39215	0.09312	0.18010	0.02444	0.00599	0.00772	0.07206	0.00923	0.00843
75	0.69383	0.02109	0.01603	0.01434	0.02109	0.02446	0.01181	0.03205	0.01856	0.04892	0.01518	0.01771	0.01181	0.01012	0.00675	0.00337	0.00843	0.00590	0.00675	0.01181
76	0.15578	0.02072	0.02662	0.17837	0.04053	0.02202	0.01982	0.09913	0.02880	0.25773	0.02935	0.03004	0.01975	0.01212	0.01018	0.00343	0.01093	0.00956	0.00955	0.01555
77	0.01356	0.00968	0.01297	0.01549	0.01625	0.00909	0.01060	0.01566	0.02115	0.02814	0.05995	0.57862	0.07152	0.03390	0.01399	0.00447	0.00656	0.05936	0.01012	0.00893
78	0.14878	0.32185	0.10696	0.02078	0.03036	0.03566	0.02055	0.13353	0.02774	0.03992	0.01802	0.02004	0.01454	0.01039	0.00819	0.00285	0.01171	0.00696	0.00634	0.01482
79	0.02187	0.05640	0.56031	0.03108	0.04719	0.02532	0.04029	0.03453	0.02302	0.03453	0.01957	0.02302	0.01381	0.01036	0.01036	0.00345	0.01611	0.00806	0.00460	0.01611
80	0.16891	0.23299	0.16604	0.02189	0.03199	0.03232	0.02265	0.09449	0.06831	0.03976	0.02009	0.02194	0.01569	0.01068	0.00860	0.00306	0.01186	0.00744	0.00641	0.01489
81	0.01786	0.01485	0.01994	0.01847	0.02040	0.01693	0.01483	0.02205	0.02578	0.03647	0.30497	0.07220	0.10456	0.02274	0.01952	0.00402	0.17067	0.07349	0.00961	0.01064
82	0.04892	0.01856	0.02530	0.01940	0.02783	0.01603	0.01603	0.05314	0.03121	0.55634	0.04302	0.03711	0.02699	0.01350	0.01096	0.00337	0.00928	0.01096	0.01350	0.01856
83	0.02059	0.01938	0.03270	0.59060	0.07510	0.02422	0.03028	0.02786	0.02180	0.02786	0.01938	0.02907	0.01453	0.01090	0.01090	0.00363	0.01453	0.00969	0.00484	0.01211
84	0.02589	0.02898	0.06185	0.04855	0.11783	0.02737	0.45034	0.03475	0.02562	0.03501	0.02187	0.02911	0.01663	0.00926	0.01261	0.00362	0.01771	0.01248	0.00550	0.01502
85	0.01558	0.01168	0.01752	0.01752	0.01947	0.01363	0.01363	0.01947	0.01752	0.02531	0.02921	0.04283	0.02726	0.08178	0.57360	0.01752	0.02921	0.01168	0.00584	0.00974
86	0.02893	0.01406	0.01751	0.01492	0.02021	0.01232	0.01180	0.03300	0.02847	0.24947	0.16258	0.06588	0.19085	0.01924	0.01156	0.00339	0.00694	0.01611	0.07942	0.01335
87	0.04800	0.02004	0.02622	0.02010	0.02857	0.01823	0.01661	0.10996	0.03369	0.49602	0.04093	0.03576	0.02595	0.01345	0.01096	0.00336	0.00961	0.01082	0.01318	0.01855
88	0.02187	0.05640	0.56031	0.03108	0.04719	0.02532	0.04029	0.03453	0.02302	0.03453	0.01957	0.02302	0.01381	0.01036	0.01036	0.00345	0.01611	0.00806	0.00460	0.01611
89	0.02347	0.01812	0.01996	0.01807	0.02316	0.01935	0.01398	0.04161	0.29213	0.07832	0.16116	0.06138	0.14634	0.01875	0.01180	0.00362	0.00735	0.01584	0.01127	0.01434
90	0.01923	0.01301	0.01618	0.01481	0.01835	0.01238	0.01130	0.02667	0.08077	0.08618	0.41007	0.07572	0.13020	0.02128	0.01252	0.00348	0.00588	0.01853	0.01186	0.01160
91	0.01328	0.00949	0.01265	0.01518	0.01581	0.00886	0.01012	0.01518	0.02088	0.02783	0.06010	0.60969	0.07212	0.03416	0.01392	0.00443	0.00633	0.03100	0.01012	0.00886
92	0.04892	0.01856	0.02530	0.01940	0.02783	0.01603	0.01603	0.05314	0.03121	0.55634	0.04302	0.03711	0.02699	0.01350	0.01096	0.00337	0.00928	0.01096	0.01350	0.01856
93	0.01328	0.00949	0.01265	0.01518	0.01581	0.00886	0.01012	0.01518	0.02088	0.02783	0.06010	0.60969	0.07212	0.03416	0.01392	0.00443	0.00633	0.03100	0.01012	0.00886
94	0.02254	0.10881	0.51380	0.02993	0.04542	0.02697	0.03829	0.03436	0.02294	0.03371	0.01916	0.02251	0.01383	0.01026	0.01005	0.00335	0.01570	0.00785	0.00461	0.01592
95	0.01592	0.01146	0.01718	0.01718	0.01893	0.01320	0.01320	0.01893	0.01718	0.02466	0.02816	0.04185	0.02641	0.07729	0.51937	0.08547	0.02719	0.01146	0.00573	0.00922
96	0.01922	0.01038	0.01116	0.01096	0.01351	0.01019	0.00822	0.02432	0.02466	0.04134	0.14971	0.04983	0.04480	0.01486	0.00880	0.00274	0.00510	0.01231	0.52768	0.01019
97	0.02385	0.02385	0.03340	0.02863	0.02863	0.03340	0.02385	0.02624	0.01670	0.02624	0.01431	0.02385	0.01431	0.01908	0.03578	0.00477	0.59685	0.00954	0.00477	0.01193
98	0.03929	0.02655	0.08032	0.02487	0.03402	0.02364	0.06987	0.15355	0.10487	0.27289	0.03511	0.03307	0.02370	0.01286	0.01111	0.00344	0.01136	0.01083	0.01094	0.01775
99	0.02367	0.02502	0.05054	0.14074	0.10494	0.02467	0.31433	0.03175	0.02558	0.03483	0.08588	0.03554	0.02694	0.01117	0.01231	0.00359	0.01551	0.01283	0.00619	0.01396
100	0.69383	0.02109	0.01603	0.01434	0.02109	0.02446	0.01181	0.03205	0.01856	0.04892	0.01518	0.01771	0.01181	0.01012	0.00675	0.00337	0.00843	0.00590	0.00675	0.01181
101	0.01320	0.01106	0.01148	0.01138	0.01492	0.00934	0.00853	0.01626	0.02560	0.03122	0.16397	0.10203	0.48975	0.02696	0.01288	0.00365	0.00548	0.02260	0.01036	0.00934
102	0.01609	0.01383	0.01411	0.01355	0.01779	0.01323	0.01030	0.02516	0.13827	0.03309	0.09559	0.09048	0.42941	0.02473	0.01248	0.00369	0.00622	0.02061	0.01034	0.01102
103	0.02385	0.02385	0.03340	0.02863	0.02863	0.03340	0.02385	0.02624	0.01670	0.02624	0.01431	0.02385	0.01431	0.01908	0.03578	0.00477	0.59685	0.00954	0.00477	0.01193
104	0.02059	0.01938	0.03270	0.59060	0.07510	0.02422	0.03028	0.02786	0.02180	0.02786	0.01938	0.02907	0.01453	0.01090	0.01090	0.00363	0.01453	0.00969	0.00484	0.01211
105	0.02915	0.62337	0.05714	0.01866	0.02799	0.04314	0.01866	0.03265	0.02215	0.02565	0.01516	0.01749	0.01399	0.00933	0.00700	0.00233	0.01166	0.00583	0.00466	0.01399
106	0.01419	0.01017	0.01354	0.01512	0.01643	0.00952	0.01069	0.01721	0.02397	0.03262	0.19495	0.42765	0.08006	0.03056	0.01370	0.00419	0.00626	0.05921	0.01064	0.00934
107	0.02699	0.02591	0.04426	0.06693	0.54879	0.02591	0.03346	0.03346	0.02483	0.03562	0.02051	0.02699	0.01727	0.00972	0.01079	0.00324	0.01295	0.00972	0.00540	0.01727
108	0.02261	0.01938	0.02261	0.01615	0.02584	0.01453	0.01292	0.02745	0.02261	0.03553	0.01938	0.02261	0.01615	0.00807	0.00807	0.00161	0.00807	0.00646	0.00646	0.68346
109	0.09643	0.56241	0.05298	0.01822	0.02729	0.04125	0.01796	0.03259	0.02179	0.02801	0.01516	0.01751	0.01377	0.00941	0.00697	0.00244	0.01133	0.00584	0.00488	0.01377
110	0.04073	0.05197	0.03090	0.02809	0.03371	0.57303	0.02107	0.04354	0.03090	0.02669	0.01685	0.01966	0.01404	0.01124	0.00983	0.00281	0.01966	0.00702	0.00562	0.01264
111	0.01430	0.00977	0.01275	0.01502	0.01598	0.00925	0.01039	0.01674	0.02138	0.02947	0.05745	0.51775	0.06698	0.03170	0.01336	0.00428	0.00646	0.06025	0.07765	0.00907
112	0.01328	0.00949	0.01265	0.01518	0.01581	0.00886	0.01012	0.01518	0.02088	0.02783	0.06010	0.60969	0.07212	0.03416	0.01392	0.00443	0.00633	0.03100	0.01012	0.00886
113	0.01307	0.01105	0.01130	0.01124	0.01484	0.00928	0.00843	0.01600	0.02528	0.03047	0.14115	0.10327	0.51304	0.02724	0.01288	0.00366	0.00550	0.02278	0.01026	0.00928
114	0.04417	0.03115	0.02940	0.02362	0.03147	0.15912	0.01899	0.21952	0.03850	0.24735	0.03042	0.02882	0.02071	0.01279	0.01067	0.00320	0.01282	0.00958	0.01061	0.01710
115	0.08411	0.02277	0.02828	0.02413	0.06596	0.02250	0.01839	0.18637	0.03593	0.34467	0.03476	0.03199	0.02289	0.01290	0.01068	0.00333	0.01029	0.01023	0.01175	0.01805
116	0.03245	0.27527	0.04989	0.02835	0.03711	0.17000	0.13973	0.08491	0.02818	0.03258	0.01840	0.02184	0.01510	0.01015	0.00954	0.00288	0.01533	0.00826	0.00575	0.01430
117	0.69383	0.02109	0.01603	0.01434	0.02109	0.02446	0.01181	0.03205	0.01856	0.04892	0.01518	0.01771	0.01181	0.01012	0.00675	0.00337	0.00843	0.00590	0.00675	0.01181
118	0.02385	0.02385	0.03340	0.02863	0.02863	0.03340	0.02385	0.02624	0.01670	0.02624	0.01431	0.02385	0.01431	0.01908	0.03578	0.00477	0.59685	0.00954	0.00477	0.01193
119	0.01400	0.01089	0.01272	0.01267	0.01551	0.00961	0.00935	0.01765	0.02687	0.03520	0.28459	0.15759	0.30186	0.02620	0.01300	0.00367	0.00546	0.02263	0.01091	0.00961
120	0.02699	0.02591	0.04426	0.06693	0.54879	0.02591	0.03346	0.03346	0.02483	0.03562	0.02051	0.02699	0.01727	0.00972	0.01079	0.00324	0.01295	0.00972	0.00540	0.01727
121	0.01692	0.01041	0.01394	0.01561	0.01704	0.00959	0.01072	0.01906	0.02193	0.08181	0.05835	0.55121	0.06751	0.03205	0.01362	0.00432	0.00663	0.02895	0.01047	0.00985
122	0.03440	0.02180	0.02487	0.02126	0.02818	0.02342	0.01685	0.05634	0.36294	0.21605	0.04392	0.03949	0.03118	0.01436	0.01105	0.00359	0.00885	0.01187	0.01190	0.01769
123	0.02915	0.62337	0.05714	0.01866	0.02799	0.04314	0.01866	0.03265	0.02215	0.02565	0.01516	0.01749	0.01399	0.00933	0.00700	0.00233	0.01166	0.00583	0.00466	0.01399
124	0.01586	0.01057	0.01189	0.01189	0.01189	0.01057	0.00661	0.01586	0.01586	0.02114	0.03436	0.07135	0.03964	0.61681	0.05550	0.01057	0.01057	0.01586	0.00661	0.00661
125	0.69383	0.02109	0.01603	0.01434	0.02109	0.02446	0.01181	0.03205	0.01856	0.04892	0.01518	0.01771	0.01181	0.01012	0.00675	0.00337	0.00843	0.00590	0.00675	0.01181
126	0.01328	0.00949	0.01265	0.01518	0.01581	0.00886	0.01012	0.01518	0.02088	0.02783	0.06010	0.60969	0.07212	0.03416	0.01392	0.00443	0.00633	0.03100	0.01012	0.00886
127	0.04145	0.03054	0.03272	0.02509	0.03381	0.03381	0.02072	0.51243	0.05127	0.06872	0.02618	0.02618	0.01854	0.01309	0.01091	0.00327	0.01200	0.00982	0.01091	0.01854

[dist]
# distance from previous block
# <min> <max>
0	256

[block]
# block no. 2 follows, 12 sequences, length 15
# corresponding to MSA columns:
# 1580-1594
name=unknown_C
#
# <colnr> <probs for GDERKNQSTAVLIFYWHMCP>
#	G	D	E	R	K	N	Q	S	T	A	V	L	I	F	Y	W	H	M	C	P
0	0.02712	0.02342	0.02465	0.02219	0.02835	0.02712	0.01726	0.05794	0.52909	0.04561	0.04438	0.04068	0.03328	0.01479	0.01109	0.00370	0.00863	0.01233	0.01109	0.01726
1	0.02261	0.01938	0.02261	0.01615	0.02584	0.01453	0.01292	0.02745	0.02261	0.03553	0.01938	0.02261	0.01615	0.00807	0.00807	0.00161	0.00807	0.00646	0.00646	0.68346
2	0.02915	0.62337	0.05714	0.01866	0.02799	0.04314	0.01866	0.03265	0.02215	0.02565	0.01516	0.01749	0.01399	0.00933	0.00700	0.00233	0.01166	0.00583	0.00466	0.01399
3	0.01558	0.01168	0.01752	0.01752	0.01947	0.01363	0.01363	0.01947	0.01752	0.02531	0.02921	0.04283	0.02726	0.08178	0.57360	0.01752	0.02921	0.01168	0.00584	0.00974
4	0.01328	0.00949	0.01265	0.01518	0.01581	0.00886	0.01012	0.01518	0.02088	0.02783	0.06010	0.60969	0.07212	0.03416	0.01392	0.00443	0.00633	0.03100	0.01012	0.00886
5	0.04892	0.01856	0.02530	0.01940	0.02783	0.01603	0.01603	0.05314	0.03121	0.55634	0.04302	0.03711	0.02699	0.01350	0.01096	0.00337	0.00928	0.01096	0.01350	0.01856
6	0.02261	0.01938	0.02261	0.01615	0.02584	0.01453	0.01292	0.02745	0.02261	0.03553	0.01938	0.02261	0.01615	0.00807	0.00807	0.00161	0.00807	0.00646	0.00646	0.68346
7	0.02187	0.05640	0.56031	0.03108	0.04719	0.02532	0.04029	0.03453	0.02302	0.03453	0.01957	0.02302	0.01381	0.01036	0.01036	0.00345	0.01611	0.00806	0.00460	0.01611
8	0.01390	0.01019	0.01306	0.01424	0.01583	0.00934	0.00996	0.01691	0.02444	0.03294	0.21542	0.38650	0.13760	0.02971	0.01347	0.00403	0.00587	0.02656	0.01070	0.00934
9	0.01328	0.00949	0.01265	0.01518	0.01581	0.00886	0.01012	0.01518	0.02088	0.02783	0.06010	0.60969	0.07212	0.03416	0.01392	0.00443	0.00633	0.03100	0.01012	0.00886
10	0.01328	0.00949	0.01265	0.01518	0.01581	0.00886	0.01012	0.01518	0.02088	0.02783	0.06010	0.60969	0.07212	0.03416	0.01392	0.00443	0.00633	0.03100	0.01012	0.00886
11	0.40572	0.01641	0.01352	0.01255	0.01750	0.01834	0.01002	0.02921	0.02040	0.04538	0.02390	0.02752	0.01871	0.01123	0.00712	0.00302	0.00700	0.00773	0.29361	0.01110
12	0.02487	0.03753	0.25380	0.02599	0.03641	0.02635	0.02711	0.04793	0.31261	0.04087	0.03376	0.03313	0.02495	0.01290	0.01078	0.00359	0.01183	0.01050	0.00832	0.01677
13	0.40723	0.02084	0.01908	0.01583	0.02342	0.02171	0.01280	0.03370	0.08032	0.04439	0.01994	0.02195	0.01570	0.01004	0.00767	0.00287	0.00835	0.00684	0.00717	0.22017
14	0.02249	0.09096	0.03043	0.02314	0.02492	0.02803	0.01936	0.02561	0.01823	0.02770	0.01977	0.02871	0.01836	0.02913	0.13162	0.00665	0.34909	0.00958	0.08467	0.01154

[dist]
# distance from previous block
# <min> <max>
0	2

[block]
# block no. 3 follows, 12 sequences, length 35
# corresponding to MSA columns:
# 1597-1631
name=unknown_D
#
# <colnr> <probs for GDERKNQSTAVLIFYWHMCP>
#	G	D	E	R	K	N	Q	S	T	A	V	L	I	F	Y	W	H	M	C	P
0	0.60950	0.02231	0.01818	0.01573	0.02273	0.02567	0.01296	0.09415	0.02278	0.05148	0.01660	0.01881	0.01268	0.01051	0.00729	0.00336	0.00890	0.00641	0.00729	0.01268
1	0.02952	0.02063	0.02864	0.02132	0.03018	0.01760	0.07814	0.07005	0.02695	0.15112	0.02835	0.06938	0.02280	0.01167	0.00996	0.00259	0.00984	0.01030	0.00848	0.35247
2	0.10961	0.04858	0.42309	0.02818	0.04215	0.02631	0.03415	0.09599	0.02611	0.04077	0.01987	0.02276	0.01417	0.01068	0.00997	0.00342	0.01461	0.00801	0.00569	0.01588
3	0.01543	0.01115	0.01457	0.01372	0.01629	0.01029	0.01029	0.02058	0.03086	0.04372	0.54304	0.08145	0.10288	0.02229	0.01286	0.00343	0.00514	0.01972	0.01200	0.01029
4	0.02915	0.62337	0.05714	0.01866	0.02799	0.04314	0.01866	0.03265	0.02215	0.02565	0.01516	0.01749	0.01399	0.00933	0.00700	0.00233	0.01166	0.00583	0.00466	0.01399
5	0.01894	0.00947	0.01420	0.01420	0.01420	0.00947	0.00947	0.01420	0.01420	0.01894	0.01894	0.03314	0.01894	0.03788	0.04261	0.68277	0.00947	0.00947	0.00473	0.00473
6	0.01894	0.00947	0.01420	0.01420	0.01420	0.00947	0.00947	0.01420	0.01420	0.01894	0.01894	0.03314	0.01894	0.03788	0.04261	0.68277	0.00947	0.00947	0.00473	0.00473
7	0.04616	0.02298	0.02804	0.02150	0.03004	0.02259	0.01776	0.22270	0.03861	0.37632	0.03680	0.03308	0.02387	0.01335	0.01094	0.00334	0.01028	0.01054	0.01254	0.01855
8	0.01328	0.00949	0.01265	0.01518	0.01581	0.00886	0.01012	0.01518	0.02088	0.02783	0.06010	0.60969	0.07212	0.03416	0.01392	0.00443	0.00633	0.03100	0.01012	0.00886
9	0.69383	0.02109	0.01603	0.01434	0.02109	0.02446	0.01181	0.03205	0.01856	0.04892	0.01518	0.01771	0.01181	0.01012	0.00675	0.00337	0.00843	0.00590	0.00675	0.01181
10	0.02279	0.01348	0.01700	0.01511	0.01927	0.01245	0.01167	0.02913	0.06319	0.14775	0.35092	0.07263	0.13968	0.02067	0.01236	0.00347	0.00628	0.01785	0.01201	0.01232
11	0.01408	0.01126	0.01271	0.01283	0.01610	0.00989	0.00994	0.01770	0.02631	0.03325	0.20648	0.10165	0.37847	0.02667	0.01316	0.00379	0.00601	0.07960	0.01056	0.00957
12	0.01843	0.01112	0.01482	0.01529	0.01748	0.01018	0.01092	0.02156	0.02509	0.09947	0.19827	0.38358	0.07533	0.02809	0.01324	0.00400	0.00636	0.02518	0.01110	0.01050
13	0.01568	0.01128	0.01549	0.01549	0.01674	0.01253	0.01110	0.01817	0.01692	0.02381	0.03106	0.05312	0.03172	0.27475	0.38673	0.01502	0.02248	0.01319	0.00612	0.00861
14	0.02187	0.05640	0.56031	0.03108	0.04719	0.02532	0.04029	0.03453	0.02302	0.03453	0.01957	0.02302	0.01381	0.01036	0.01036	0.00345	0.01611	0.00806	0.00460	0.01611
15	0.01549	0.01070	0.01336	0.01465	0.01538	0.01051	0.01004	0.01715	0.01934	0.02561	0.04693	0.23787	0.05410	0.31941	0.03459	0.00758	0.00923	0.12167	0.00838	0.00801
16	0.01444	0.01065	0.01351	0.01376	0.01593	0.00972	0.00995	0.01830	0.02709	0.03704	0.34008	0.23835	0.15785	0.02651	0.01317	0.00376	0.00554	0.02347	0.01118	0.00972
17	0.02287	0.01793	0.02044	0.01814	0.02276	0.01920	0.01407	0.09718	0.20723	0.04761	0.30235	0.06009	0.06771	0.01849	0.01199	0.00350	0.00725	0.01586	0.01154	0.01379
18	0.69383	0.02109	0.01603	0.01434	0.02109	0.02446	0.01181	0.03205	0.01856	0.04892	0.01518	0.01771	0.01181	0.01012	0.00675	0.00337	0.00843	0.00590	0.00675	0.01181
19	0.02208	0.01656	0.02029	0.06998	0.02682	0.01761	0.01523	0.03564	0.19335	0.07690	0.22861	0.06493	0.09446	0.01913	0.01214	0.00367	0.00784	0.05067	0.01087	0.01323
20	0.02261	0.01938	0.02261	0.01615	0.02584	0.01453	0.01292	0.02745	0.02261	0.03553	0.01938	0.02261	0.01615	0.00807	0.00807	0.00161	0.00807	0.00646	0.00646	0.68346
21	0.02261	0.01938	0.02261	0.01615	0.02584	0.01453	0.01292	0.02745	0.02261	0.03553	0.01938	0.02261	0.01615	0.00807	0.00807	0.00161	0.00807	0.00646	0.00646	0.68346
22	0.01586	0.01057	0.01189	0.01189	0.01189	0.01057	0.00661	0.01586	0.01586	0.02114	0.03436	0.07135	0.03964	0.61681	0.05550	0.01057	0.01057	0.01586	0.00661	0.00661
23	0.03717	0.03832	0.03071	0.02682	0.03127	0.32498	0.02105	0.04008	0.02682	0.11332	0.02040	0.02374	0.01624	0.01389	0.01756	0.00347	0.18568	0.00840	0.00666	0.01340
24	0.04892	0.01856	0.02530	0.01940	0.02783	0.01603	0.01603	0.05314	0.03121	0.55634	0.04302	0.03711	0.02699	0.01350	0.01096	0.00337	0.00928	0.01096	0.01350	0.01856
25	0.03249	0.23911	0.11545	0.02236	0.03218	0.08115	0.02146	0.13246	0.02982	0.08215	0.02110	0.02258	0.01628	0.01061	0.00901	0.00272	0.01244	0.00759	0.00699	0.10202
26	0.03085	0.02410	0.02588	0.02240	0.02911	0.02727	0.01767	0.12403	0.42197	0.08721	0.04162	0.03829	0.03066	0.01445	0.01106	0.00361	0.00917	0.01186	0.01125	0.01754
27	0.02261	0.01938	0.02261	0.01615	0.02584	0.01453	0.01292	0.02745	0.02261	0.03553	0.01938	0.02261	0.01615	0.00807	0.00807	0.00161	0.00807	0.00646	0.00646	0.68346
28	0.02324	0.03826	0.33367	0.02475	0.03573	0.01961	0.02849	0.03223	0.02507	0.10261	0.11219	0.10866	0.03728	0.01571	0.01129	0.00356	0.01222	0.01322	0.00765	0.01457
29	0.02915	0.11883	0.33462	0.02997	0.08311	0.02565	0.03161	0.03826	0.02485	0.14739	0.02420	0.02572	0.01701	0.01086	0.01009	0.00327	0.01378	0.00854	0.00662	0.01647
30	0.01289	0.01105	0.01105	0.01105	0.01473	0.00920	0.00828	0.01565	0.02485	0.02946	0.11046	0.10493	0.54437	0.02761	0.01289	0.00368	0.00552	0.02301	0.01013	0.00920
31	0.01586	0.01057	0.01189	0.01189	0.01189	0.01057	0.00661	0.01586	0.01586	0.02114	0.03436	0.07135	0.03964	0.61681	0.05550	0.01057	0.01057	0.01586	0.00661	0.00661
32	0.02847	0.31968	0.17167	0.02682	0.03792	0.03529	0.10428	0.09430	0.02663	0.03469	0.01871	0.02182	0.01495	0.01002	0.00923	0.00293	0.01384	0.00800	0.00558	0.01518
33	0.03899	0.04866	0.03259	0.03301	0.09903	0.50365	0.02264	0.04226	0.03013	0.02782	0.01732	0.02059	0.01445	0.01104	0.00995	0.00286	0.01881	0.00736	0.00559	0.01323
34	0.01410	0.01182	0.01255	0.01185	0.01594	0.00983	0.00896	0.01735	0.02541	0.03182	0.15698	0.09442	0.44005	0.02515	0.01244	0.00346	0.00571	0.02108	0.01003	0.07103

[dist]
# distance from previous block
# <min> <max>
1	1097

# created by:
# /st0/software/busco_prod/Augustus/scripts/msa2prfl.pl ./align_prep/2599.fa
