[name]
unknown

[dist]
# distance from previous block
# <min> <max>
0	1070

[block]
# block no. 0 follows, 12 sequences, length 16
# corresponding to MSA columns:
# 1265-1280
name=unknown_A
#
# <colnr> <probs for GDERKNQSTAVLIFYWHMCP>
#	G	D	E	R	K	N	Q	S	T	A	V	L	I	F	Y	W	H	M	C	P
0	0.02217	0.02099	0.03556	0.46107	0.19226	0.02464	0.03107	0.02924	0.02255	0.02978	0.01966	0.02855	0.01521	0.01061	0.01087	0.00354	0.01414	0.00970	0.00498	0.01339
1	0.02531	0.02098	0.02406	0.01743	0.02698	0.01730	0.01404	0.09700	0.02672	0.04029	0.02035	0.02312	0.01649	0.00879	0.00848	0.00185	0.00864	0.00694	0.00710	0.58811
2	0.02293	0.01728	0.02084	0.01581	0.02364	0.01360	0.01252	0.02780	0.02534	0.07908	0.15079	0.03832	0.03847	0.01202	0.00949	0.00220	0.00745	0.01010	0.00839	0.46394
3	0.01664	0.01342	0.02029	0.01963	0.02239	0.01303	0.06720	0.02239	0.06024	0.03300	0.12608	0.35156	0.06628	0.02761	0.01361	0.00423	0.00822	0.09371	0.00995	0.01051
4	0.02226	0.02170	0.03440	0.02803	0.03028	0.02656	0.11871	0.02545	0.01834	0.02675	0.02085	0.03674	0.02103	0.16491	0.03598	0.00598	0.33370	0.01178	0.00538	0.01118
5	0.02187	0.05640	0.56031	0.03108	0.04719	0.02532	0.04029	0.03453	0.02302	0.03453	0.01957	0.02302	0.01381	0.01036	0.01036	0.00345	0.01611	0.00806	0.00460	0.01611
6	0.01558	0.01168	0.01752	0.01752	0.01947	0.01363	0.01363	0.01947	0.01752	0.02531	0.02921	0.04283	0.02726	0.08178	0.57360	0.01752	0.02921	0.01168	0.00584	0.00974
7	0.01684	0.01170	0.01358	0.01276	0.01641	0.01019	0.00970	0.02064	0.02769	0.07843	0.27165	0.09028	0.33148	0.02440	0.01272	0.00356	0.00569	0.02075	0.01113	0.01039
8	0.02217	0.02099	0.03556	0.46107	0.19226	0.02464	0.03107	0.02924	0.02255	0.02978	0.01966	0.02855	0.01521	0.01061	0.01087	0.00354	0.01414	0.00970	0.00498	0.01339
9	0.02208	0.07080	0.07000	0.02527	0.02767	0.02869	0.02212	0.02568	0.01780	0.02657	0.01845	0.02798	0.01745	0.03318	0.16466	0.00764	0.36743	0.00967	0.00501	0.01186
10	0.01319	0.00987	0.01225	0.01416	0.01555	0.00894	0.00967	0.01530	0.02186	0.02823	0.07255	0.48484	0.18892	0.03254	0.01366	0.00424	0.00613	0.02902	0.01012	0.00894
11	0.01426	0.01095	0.01213	0.01192	0.01442	0.00981	0.00837	0.01693	0.02413	0.03095	0.19942	0.09078	0.30952	0.17202	0.02342	0.00532	0.00668	0.02042	0.00972	0.00883
12	0.01617	0.01193	0.01542	0.01500	0.01604	0.01282	0.01049	0.01850	0.02031	0.02841	0.15945	0.10402	0.05328	0.27921	0.13580	0.00916	0.06073	0.01663	0.00791	0.00870
13	0.02270	0.12482	0.29052	0.06543	0.03864	0.02515	0.02833	0.06801	0.02558	0.03531	0.06666	0.07560	0.06004	0.01422	0.01056	0.00337	0.01280	0.01151	0.00644	0.01429
14	0.02120	0.02107	0.04025	0.21030	0.05129	0.02164	0.21623	0.02864	0.02593	0.03515	0.16789	0.04395	0.04021	0.01342	0.01224	0.00359	0.01343	0.01378	0.00713	0.01264
15	0.01434	0.01025	0.01387	0.01639	0.01749	0.00977	0.01196	0.01701	0.02192	0.02902	0.05951	0.48931	0.06980	0.03316	0.01420	0.00457	0.00724	0.14092	0.01010	0.00915

[dist]
# distance from previous block
# <min> <max>
0	6

[block]
# block no. 1 follows, 12 sequences, length 31
# corresponding to MSA columns:
# 1287-1317
name=unknown_B
#
# <colnr> <probs for GDERKNQSTAVLIFYWHMCP>
#	G	D	E	R	K	N	Q	S	T	A	V	L	I	F	Y	W	H	M	C	P
0	0.09168	0.06851	0.03008	0.02455	0.07508	0.06980	0.01833	0.13301	0.03162	0.21764	0.02793	0.02758	0.01969	0.01155	0.00981	0.00297	0.01095	0.00888	0.00943	0.11090
1	0.02354	0.02922	0.14195	0.04183	0.23547	0.02262	0.06651	0.03305	0.07263	0.03521	0.02824	0.10955	0.02570	0.01360	0.01110	0.00338	0.01224	0.01260	0.00656	0.07498
2	0.23437	0.02551	0.08003	0.16533	0.12120	0.02540	0.02406	0.06505	0.02364	0.07163	0.01987	0.02459	0.01507	0.01125	0.01114	0.00351	0.04941	0.00844	0.00644	0.01404
3	0.02928	0.02598	0.04157	0.03193	0.04046	0.02687	0.21969	0.07895	0.24951	0.08397	0.03385	0.03477	0.02489	0.01227	0.01180	0.00363	0.01292	0.01227	0.00898	0.01640
4	0.01466	0.01453	0.06172	0.01526	0.01853	0.01086	0.01248	0.01874	0.02512	0.03389	0.22278	0.28093	0.17620	0.02684	0.01304	0.00386	0.00665	0.02364	0.01024	0.01004
5	0.08506	0.06157	0.06337	0.02385	0.07785	0.02186	0.01838	0.04015	0.14123	0.12916	0.07095	0.03374	0.02841	0.01227	0.00989	0.00302	0.00946	0.01000	0.00887	0.15090
6	0.02450	0.12115	0.03897	0.07954	0.22643	0.02528	0.05867	0.03183	0.05855	0.03427	0.07016	0.06715	0.02848	0.01252	0.01046	0.00311	0.01138	0.01137	0.00662	0.07956
7	0.01543	0.01115	0.01457	0.01372	0.01629	0.01029	0.01029	0.02058	0.03086	0.04372	0.54304	0.08145	0.10288	0.02229	0.01286	0.00343	0.00514	0.01972	0.01200	0.01029
8	0.02375	0.01501	0.01717	0.01694	0.01987	0.05186	0.01241	0.02655	0.02455	0.14346	0.09361	0.30825	0.05704	0.08311	0.01700	0.00463	0.00851	0.05469	0.01035	0.01123
9	0.02401	0.02252	0.03624	0.30651	0.25778	0.02528	0.02982	0.03408	0.09020	0.03331	0.02314	0.02978	0.01811	0.01094	0.01088	0.00348	0.01312	0.01005	0.00589	0.01485
10	0.02608	0.02658	0.04828	0.05413	0.31410	0.02769	0.17166	0.03264	0.02369	0.03379	0.01989	0.02716	0.01654	0.01118	0.01573	0.00363	0.11569	0.01061	0.00532	0.01559
11	0.01450	0.00961	0.01222	0.01431	0.01528	0.00908	0.00969	0.01695	0.02122	0.03005	0.05585	0.51112	0.06446	0.03044	0.01283	0.00410	0.00611	0.02739	0.12570	0.00908
12	0.02027	0.12133	0.03142	0.32230	0.05001	0.02327	0.02293	0.02555	0.02193	0.02786	0.03046	0.15897	0.03066	0.01716	0.01121	0.00369	0.01192	0.05114	0.00636	0.01157
13	0.02525	0.02496	0.04499	0.18793	0.35086	0.02580	0.11511	0.03238	0.02426	0.03365	0.02051	0.02790	0.01649	0.00991	0.01118	0.00341	0.01427	0.01026	0.00529	0.01560
14	0.01391	0.00982	0.01268	0.01449	0.01518	0.00927	0.00953	0.01575	0.02085	0.02802	0.09639	0.47186	0.06909	0.13408	0.02103	0.00541	0.00696	0.02742	0.00967	0.00859
15	0.02791	0.12682	0.02959	0.01796	0.02711	0.06938	0.01494	0.03228	0.02410	0.08348	0.02071	0.02287	0.01664	0.00910	0.00832	0.00202	0.00984	0.00684	0.00676	0.44333
16	0.02071	0.11581	0.02164	0.01498	0.01659	0.01530	0.01106	0.01740	0.01558	0.02010	0.01828	0.03043	0.01808	0.03293	0.03644	0.56490	0.00985	0.00884	0.00472	0.00634
17	0.03984	0.09844	0.02832	0.01882	0.02639	0.02021	0.01580	0.08570	0.03174	0.35382	0.12444	0.04122	0.03766	0.01443	0.01076	0.00324	0.00912	0.01170	0.01184	0.01652
18	0.02477	0.08666	0.28345	0.02831	0.03852	0.02680	0.06454	0.03473	0.05915	0.06823	0.02438	0.06171	0.02002	0.01371	0.01499	0.00368	0.11490	0.01041	0.00612	0.01492
19	0.02406	0.02222	0.02696	0.02363	0.02710	0.07560	0.05839	0.06329	0.09040	0.03381	0.03165	0.13169	0.03013	0.02703	0.09259	0.00572	0.14780	0.01402	0.06148	0.01242
20	0.02187	0.05640	0.56031	0.03108	0.04719	0.02532	0.04029	0.03453	0.02302	0.03453	0.01957	0.02302	0.01381	0.01036	0.01036	0.00345	0.01611	0.00806	0.00460	0.01611
21	0.07515	0.02403	0.06832	0.25925	0.08255	0.02342	0.05780	0.07501	0.02575	0.08666	0.02224	0.02739	0.01637	0.01069	0.01032	0.00326	0.01277	0.00923	0.00664	0.10317
22	0.01558	0.01168	0.01752	0.01752	0.01947	0.01363	0.01363	0.01947	0.01752	0.02531	0.02921	0.04283	0.02726	0.08178	0.57360	0.01752	0.02921	0.01168	0.00584	0.00974
23	0.01426	0.01040	0.01342	0.01415	0.01595	0.00956	0.01004	0.01775	0.02589	0.03542	0.29076	0.31944	0.12639	0.02804	0.01333	0.00390	0.00570	0.02504	0.01100	0.00956
24	0.01400	0.01037	0.01308	0.01393	0.01580	0.00944	0.00986	0.01724	0.02523	0.03395	0.24624	0.32819	0.16522	0.02867	0.01335	0.00393	0.00575	0.02547	0.01081	0.00944
25	0.02480	0.02367	0.04030	0.24632	0.38652	0.02533	0.03237	0.03154	0.02379	0.03296	0.02012	0.02770	0.01633	0.01012	0.01083	0.00337	0.01350	0.00971	0.00521	0.01550
26	0.02229	0.01626	0.02094	0.15440	0.06746	0.01820	0.01682	0.03349	0.13088	0.03833	0.03258	0.03697	0.02517	0.01252	0.00936	0.00310	0.00862	0.01048	0.32951	0.01263
27	0.02022	0.01160	0.01572	0.01678	0.01910	0.01075	0.01247	0.02307	0.02342	0.12023	0.05672	0.42411	0.06264	0.02986	0.01361	0.00435	0.00750	0.10641	0.01069	0.01075
28	0.01372	0.01013	0.01292	0.01478	0.01623	0.00933	0.01044	0.01626	0.02261	0.02961	0.10173	0.44497	0.15524	0.03187	0.01376	0.00428	0.00642	0.06634	0.01024	0.00911
29	0.02821	0.02427	0.04079	0.13623	0.43147	0.02471	0.03132	0.03458	0.02502	0.08497	0.02253	0.02826	0.01783	0.01025	0.01083	0.00331	0.01282	0.00983	0.00610	0.01667
30	0.02779	0.01761	0.02260	0.01923	0.02352	0.01886	0.01538	0.06828	0.07435	0.16468	0.25057	0.05328	0.05716	0.01831	0.01608	0.00366	0.10943	0.01450	0.01095	0.01376

[dist]
# distance from previous block
# <min> <max>
0	1

[block]
# block no. 2 follows, 12 sequences, length 22
# corresponding to MSA columns:
# 1319-1340
name=unknown_C
#
# <colnr> <probs for GDERKNQSTAVLIFYWHMCP>
#	G	D	E	R	K	N	Q	S	T	A	V	L	I	F	Y	W	H	M	C	P
0	0.07230	0.02134	0.02611	0.02196	0.02560	0.02556	0.01796	0.13773	0.02872	0.07442	0.11829	0.03687	0.03341	0.01682	0.02001	0.00381	0.22827	0.01138	0.06606	0.01338
1	0.02367	0.02327	0.04140	0.23772	0.27150	0.02449	0.10869	0.03061	0.02395	0.03246	0.02639	0.03330	0.05144	0.01123	0.01131	0.00347	0.01388	0.01111	0.00554	0.01456
2	0.35961	0.02364	0.02489	0.02087	0.02710	0.08536	0.09389	0.03119	0.02248	0.04133	0.05703	0.07661	0.02520	0.01315	0.00919	0.00340	0.01074	0.01054	0.05186	0.01191
3	0.02164	0.02045	0.03460	0.50475	0.15275	0.02450	0.03080	0.02878	0.02230	0.02913	0.01957	0.02873	0.01498	0.01071	0.01088	0.00357	0.01428	0.00969	0.00494	0.01296
4	0.01770	0.01411	0.01875	0.01760	0.01818	0.01699	0.01286	0.01944	0.01656	0.02361	0.02799	0.05142	0.02985	0.31355	0.20475	0.01124	0.15757	0.01309	0.00594	0.00882
5	0.11537	0.15932	0.03375	0.02067	0.02905	0.02961	0.01773	0.19440	0.06830	0.18577	0.02818	0.02716	0.02001	0.01212	0.00957	0.00313	0.01055	0.00894	0.00972	0.01665
6	0.03651	0.16944	0.04003	0.02637	0.03380	0.21641	0.07009	0.11028	0.03053	0.09499	0.02126	0.02345	0.01648	0.01166	0.01153	0.00306	0.05397	0.00840	0.00704	0.01468
7	0.02810	0.01562	0.01874	0.01599	0.02142	0.01438	0.01261	0.08595	0.03060	0.20419	0.14076	0.10163	0.22324	0.02103	0.01210	0.00354	0.00747	0.01763	0.01157	0.01341
8	0.02667	0.02793	0.11300	0.02058	0.03111	0.02058	0.01914	0.13631	0.02904	0.04274	0.02092	0.02347	0.01630	0.00956	0.00908	0.00228	0.01026	0.00747	0.00714	0.42640
9	0.01929	0.01336	0.01933	0.11114	0.02769	0.01458	0.01527	0.02155	0.02071	0.07213	0.04249	0.33831	0.04670	0.02745	0.01874	0.08293	0.06880	0.02108	0.00837	0.01006
10	0.01471	0.01112	0.01357	0.01296	0.01584	0.00998	0.00972	0.01917	0.02915	0.03965	0.41961	0.08815	0.22885	0.02381	0.01287	0.00350	0.00525	0.02066	0.01147	0.00998
11	0.04205	0.01955	0.02491	0.01952	0.02705	0.01837	0.01595	0.13258	0.03485	0.38230	0.12188	0.04236	0.03787	0.01486	0.01127	0.00336	0.00910	0.01219	0.01277	0.01720
12	0.03316	0.02250	0.03090	0.11679	0.03867	0.02385	0.07587	0.15038	0.10996	0.15761	0.03217	0.03334	0.02288	0.01259	0.01079	0.00338	0.01124	0.01083	0.08721	0.01587
13	0.01362	0.00975	0.01295	0.01495	0.01589	0.00908	0.01015	0.01602	0.02243	0.03030	0.13505	0.52771	0.07689	0.03232	0.01375	0.00427	0.00614	0.02925	0.01041	0.00908
14	0.02662	0.01391	0.01771	0.01592	0.02085	0.01232	0.01286	0.03070	0.02821	0.21531	0.15826	0.08004	0.20453	0.02215	0.01257	0.00375	0.00750	0.09239	0.01163	0.01278
15	0.13165	0.02162	0.02516	0.02008	0.02798	0.02181	0.01642	0.12632	0.11006	0.32842	0.03670	0.03325	0.02453	0.01317	0.01040	0.00341	0.00951	0.01030	0.01178	0.01744
16	0.30609	0.02225	0.02656	0.06587	0.15836	0.02424	0.01973	0.03860	0.10104	0.10260	0.02454	0.02657	0.01844	0.01119	0.00919	0.00341	0.01008	0.00868	0.00775	0.01482
17	0.01322	0.00973	0.01240	0.01454	0.01565	0.00891	0.00984	0.01525	0.02149	0.02809	0.06791	0.53135	0.14541	0.03314	0.01376	0.00431	0.00620	0.02976	0.01012	0.00891
18	0.14583	0.02406	0.02703	0.02104	0.02934	0.02492	0.01737	0.24569	0.03780	0.26968	0.03152	0.02944	0.02103	0.01280	0.01029	0.00333	0.01031	0.00969	0.01134	0.01750
19	0.02523	0.02682	0.05371	0.14089	0.19333	0.02657	0.30170	0.03337	0.02484	0.03396	0.02120	0.02870	0.01641	0.00961	0.01198	0.00355	0.01628	0.01149	0.00537	0.01498
20	0.10018	0.02107	0.01996	0.01886	0.02250	0.10819	0.01437	0.03061	0.10000	0.03233	0.06358	0.04089	0.03049	0.09348	0.24508	0.00976	0.01878	0.01126	0.00721	0.01139
21	0.02278	0.02249	0.03725	0.12147	0.09945	0.02719	0.10400	0.02774	0.02004	0.02886	0.01932	0.02878	0.01699	0.02448	0.10570	0.00614	0.25902	0.01045	0.00514	0.01270

[dist]
# distance from previous block
# <min> <max>
0	5

[block]
# block no. 3 follows, 12 sequences, length 14
# corresponding to MSA columns:
# 1346-1359
name=unknown_D
#
# <colnr> <probs for GDERKNQSTAVLIFYWHMCP>
#	G	D	E	R	K	N	Q	S	T	A	V	L	I	F	Y	W	H	M	C	P
0	0.02657	0.14396	0.08299	0.02285	0.03265	0.09737	0.07226	0.03207	0.02402	0.03229	0.01854	0.02202	0.01529	0.00907	0.00884	0.00230	0.01217	0.00726	0.00573	0.33174
1	0.03728	0.03151	0.10137	0.02479	0.03405	0.02961	0.02226	0.32261	0.12419	0.11406	0.03015	0.02935	0.02127	0.01305	0.01087	0.00338	0.01169	0.01012	0.01038	0.01801
2	0.01720	0.01206	0.01475	0.01555	0.01724	0.01195	0.01079	0.07099	0.02443	0.03337	0.08117	0.42451	0.06208	0.08955	0.01741	0.00476	0.00724	0.02519	0.04991	0.00986
3	0.36785	0.01783	0.01728	0.01524	0.02132	0.01861	0.01219	0.03321	0.02279	0.16955	0.03981	0.09947	0.09368	0.01595	0.00941	0.00353	0.00802	0.01222	0.00924	0.01280
4	0.01504	0.01113	0.01403	0.01331	0.01605	0.01012	0.00998	0.01982	0.02994	0.04152	0.47630	0.08507	0.17099	0.02311	0.01286	0.00347	0.00520	0.02023	0.01171	0.01012
5	0.03598	0.02057	0.03192	0.18389	0.16782	0.02064	0.02410	0.04156	0.02713	0.28762	0.03119	0.03248	0.02128	0.01188	0.01091	0.00341	0.01158	0.01032	0.00920	0.01652
6	0.01924	0.01212	0.01459	0.01486	0.01670	0.01201	0.01008	0.02395	0.07244	0.07582	0.04696	0.28675	0.05048	0.21305	0.02604	0.00606	0.00808	0.02092	0.05988	0.00997
7	0.01698	0.01319	0.01591	0.01502	0.01846	0.01255	0.01121	0.02476	0.09478	0.03922	0.30893	0.16079	0.12656	0.02262	0.01241	0.00351	0.00609	0.01984	0.01092	0.06627
8	0.02915	0.62337	0.05714	0.01866	0.02799	0.04314	0.01866	0.03265	0.02215	0.02565	0.01516	0.01749	0.01399	0.00933	0.00700	0.00233	0.01166	0.00583	0.00466	0.01399
9	0.03519	0.02396	0.09229	0.02167	0.02984	0.01960	0.05338	0.09121	0.07468	0.25029	0.03543	0.03474	0.02449	0.01270	0.01033	0.00325	0.01013	0.01058	0.15015	0.01610
10	0.01934	0.01169	0.01549	0.01488	0.01771	0.01067	0.01101	0.02347	0.02817	0.10816	0.34347	0.22039	0.08426	0.02437	0.01290	0.00370	0.00602	0.02164	0.01169	0.01100
11	0.01328	0.00949	0.01265	0.01518	0.01581	0.00886	0.01012	0.01518	0.02088	0.02783	0.06010	0.60969	0.07212	0.03416	0.01392	0.00443	0.00633	0.03100	0.01012	0.00886
12	0.02252	0.10707	0.51535	0.02997	0.04548	0.02691	0.03835	0.03436	0.02294	0.03374	0.01917	0.02253	0.01383	0.01027	0.01006	0.00335	0.01572	0.00786	0.00461	0.01592
13	0.02785	0.36786	0.21610	0.02436	0.03591	0.03480	0.05594	0.03467	0.02322	0.06211	0.01873	0.02122	0.01490	0.00991	0.00868	0.00284	0.01335	0.00730	0.00525	0.01500

[dist]
# distance from previous block
# <min> <max>
0	9

[block]
# block no. 4 follows, 12 sequences, length 10
# corresponding to MSA columns:
# 1369-1378
name=unknown_E
#
# <colnr> <probs for GDERKNQSTAVLIFYWHMCP>
#	G	D	E	R	K	N	Q	S	T	A	V	L	I	F	Y	W	H	M	C	P
0	0.01477	0.01105	0.01329	0.01277	0.01536	0.01002	0.00932	0.01867	0.02751	0.03722	0.36553	0.08689	0.21927	0.08990	0.01761	0.00429	0.00585	0.02021	0.01088	0.00958
1	0.02080	0.02551	0.12005	0.49797	0.07048	0.02441	0.03194	0.02896	0.02200	0.02896	0.01941	0.02807	0.01442	0.01081	0.01081	0.00360	0.01480	0.00942	0.00481	0.01277
2	0.02199	0.01164	0.01478	0.01389	0.01580	0.01108	0.00944	0.02287	0.02062	0.11372	0.09160	0.09660	0.04227	0.25779	0.03458	0.13296	0.00885	0.01498	0.05549	0.00906
3	0.69383	0.02109	0.01603	0.01434	0.02109	0.02446	0.01181	0.03205	0.01856	0.04892	0.01518	0.01771	0.01181	0.01012	0.00675	0.00337	0.00843	0.00590	0.00675	0.01181
4	0.01328	0.00949	0.01265	0.01518	0.01581	0.00886	0.01012	0.01518	0.02088	0.02783	0.06010	0.60969	0.07212	0.03416	0.01392	0.00443	0.00633	0.03100	0.01012	0.00886
5	0.02265	0.11737	0.50620	0.02974	0.04513	0.02724	0.03796	0.03433	0.02293	0.03358	0.01909	0.02243	0.01383	0.01025	0.01000	0.00333	0.01564	0.00782	0.00461	0.01589
6	0.03312	0.02869	0.02949	0.02502	0.03147	0.16286	0.07223	0.04514	0.17003	0.13866	0.07133	0.04304	0.03266	0.01480	0.01140	0.00349	0.01254	0.04955	0.00952	0.01495
7	0.10460	0.03239	0.02514	0.02064	0.02840	0.23533	0.01600	0.03429	0.02542	0.03354	0.01792	0.02090	0.01484	0.00955	0.00862	0.00228	0.01267	0.00662	0.00616	0.34468
8	0.12265	0.12723	0.15984	0.02455	0.07242	0.02346	0.02214	0.03331	0.02340	0.12417	0.03005	0.13570	0.02721	0.01517	0.01010	0.00341	0.01097	0.01238	0.00757	0.01428
9	0.03544	0.02417	0.08431	0.02089	0.02948	0.01974	0.01849	0.09599	0.09722	0.25657	0.03656	0.07788	0.02739	0.01410	0.01071	0.00324	0.00984	0.01161	0.01059	0.11576

[dist]
# distance from previous block
# <min> <max>
0	1

[block]
# block no. 5 follows, 12 sequences, length 25
# corresponding to MSA columns:
# 1380-1404
name=unknown_F
#
# <colnr> <probs for GDERKNQSTAVLIFYWHMCP>
#	G	D	E	R	K	N	Q	S	T	A	V	L	I	F	Y	W	H	M	C	P
0	0.27595	0.01771	0.01927	0.01755	0.02068	0.02102	0.01363	0.02713	0.06378	0.03404	0.01904	0.02635	0.01674	0.02191	0.02492	0.24261	0.11334	0.00840	0.00609	0.00984
1	0.02183	0.01770	0.01958	0.02010	0.02329	0.06003	0.01642	0.07064	0.06104	0.03477	0.04813	0.12412	0.05072	0.09257	0.01849	0.00518	0.01073	0.28413	0.00945	0.01106
2	0.02054	0.01805	0.02437	0.02226	0.02427	0.02298	0.01787	0.02869	0.10811	0.02924	0.02666	0.03578	0.02378	0.04783	0.28451	0.01058	0.22520	0.01104	0.00640	0.01184
3	0.02574	0.02941	0.06434	0.04596	0.05699	0.02757	0.50919	0.03493	0.02574	0.03493	0.02206	0.02941	0.01654	0.00919	0.01287	0.00368	0.01838	0.01287	0.00551	0.01471
4	0.02288	0.02171	0.03683	0.40335	0.24448	0.02483	0.03142	0.02986	0.02288	0.03063	0.01978	0.02832	0.01551	0.01048	0.01086	0.00349	0.01397	0.00970	0.00504	0.01396
5	0.02059	0.01938	0.03270	0.59060	0.07510	0.02422	0.03028	0.02786	0.02180	0.02786	0.01938	0.02907	0.01453	0.01090	0.01090	0.00363	0.01453	0.00969	0.00484	0.01211
6	0.01519	0.01093	0.01448	0.01480	0.01692	0.01022	0.01110	0.01956	0.02788	0.03875	0.37463	0.20845	0.09108	0.02595	0.01336	0.00385	0.00599	0.07560	0.01134	0.00993
7	0.10707	0.02092	0.02577	0.01994	0.02827	0.01996	0.01647	0.13278	0.03360	0.42292	0.03746	0.03338	0.02409	0.01311	0.01057	0.00336	0.00968	0.01029	0.01241	0.01793
8	0.03589	0.14636	0.07681	0.02440	0.03163	0.22257	0.02109	0.04239	0.07263	0.13254	0.02415	0.02524	0.01832	0.01230	0.01208	0.00314	0.06809	0.00837	0.00732	0.01468
9	0.02440	0.01335	0.01786	0.01737	0.02130	0.01230	0.01413	0.02864	0.02713	0.17005	0.14263	0.15305	0.10526	0.02472	0.01327	0.00412	0.00812	0.17892	0.01130	0.01208
10	0.02059	0.01938	0.03270	0.59060	0.07510	0.02422	0.03028	0.02786	0.02180	0.02786	0.01938	0.02907	0.01453	0.01090	0.01090	0.00363	0.01453	0.00969	0.00484	0.01211
11	0.01367	0.00978	0.01299	0.01492	0.01590	0.00911	0.01015	0.01614	0.02265	0.03066	0.14589	0.51585	0.07758	0.03205	0.01373	0.00425	0.00612	0.02899	0.01046	0.00911
12	0.01321	0.00977	0.01237	0.01445	0.01562	0.00892	0.00980	0.01526	0.02158	0.02812	0.06904	0.52002	0.15601	0.03300	0.01373	0.00430	0.00618	0.02958	0.01012	0.00892
13	0.57895	0.02064	0.01768	0.01524	0.02229	0.02296	0.01256	0.03581	0.02081	0.13931	0.02014	0.02117	0.01451	0.01072	0.00750	0.00337	0.00858	0.00681	0.00795	0.01301
14	0.02095	0.04810	0.46254	0.02781	0.04133	0.02250	0.03469	0.03197	0.02281	0.03445	0.02465	0.07798	0.02035	0.01273	0.01044	0.00346	0.01426	0.01033	0.06368	0.01494
15	0.01398	0.00999	0.01345	0.01598	0.01692	0.00946	0.01134	0.01639	0.02156	0.02862	0.05971	0.53034	0.07059	0.03350	0.01410	0.00452	0.00693	0.10345	0.01011	0.00905
16	0.01563	0.01148	0.01652	0.01652	0.01812	0.01309	0.01238	0.01883	0.01723	0.02457	0.03012	0.04790	0.02946	0.17682	0.48156	0.01629	0.02590	0.01242	0.00598	0.00918
17	0.03727	0.04136	0.03471	0.03769	0.16813	0.33448	0.02424	0.12421	0.03293	0.03648	0.01946	0.02273	0.01569	0.01117	0.01027	0.00300	0.01655	0.00822	0.00650	0.01490
18	0.02172	0.02407	0.12455	0.07717	0.03682	0.01935	0.10812	0.02845	0.02148	0.07286	0.02647	0.03520	0.02178	0.04407	0.27599	0.01012	0.02197	0.01101	0.00611	0.01270
19	0.08379	0.02023	0.03047	0.28467	0.14981	0.02293	0.02607	0.06134	0.02476	0.03502	0.02724	0.04595	0.02460	0.01454	0.01132	0.00378	0.01261	0.10118	0.00656	0.01313
20	0.01829	0.01101	0.01371	0.01391	0.01638	0.01014	0.01009	0.02189	0.02514	0.08239	0.18485	0.27223	0.11175	0.02477	0.01216	0.00367	0.00599	0.02180	0.12945	0.01037
21	0.02078	0.01307	0.01590	0.01529	0.01840	0.01261	0.01152	0.06505	0.02735	0.08474	0.16603	0.19691	0.10581	0.06401	0.01524	0.00418	0.00719	0.05620	0.08869	0.01104
22	0.03053	0.13662	0.03386	0.02489	0.02926	0.23785	0.02005	0.03581	0.06995	0.02821	0.02233	0.07604	0.02114	0.01539	0.01670	0.00347	0.16885	0.01015	0.00614	0.01276
23	0.03703	0.02427	0.02703	0.02149	0.02839	0.02596	0.01709	0.30476	0.08096	0.14495	0.03213	0.03737	0.02502	0.12084	0.01888	0.00463	0.01098	0.01130	0.01062	0.01631
24	0.02374	0.02838	0.12608	0.18217	0.08747	0.02516	0.05343	0.03781	0.15816	0.03542	0.02606	0.03007	0.01989	0.01187	0.01213	0.00347	0.04628	0.00998	0.00670	0.07570

[dist]
# distance from previous block
# <min> <max>
0	447

# created by:
# /st0/software/busco_prod/Augustus/scripts/msa2prfl.pl ./align_prep/2618.fa
