[name]
unknown

[dist]
# distance from previous block
# <min> <max>
0	0

[block]
# block no. 0 follows, 13 sequences, length 73
# corresponding to MSA columns:
# 0-72
name=unknown_A
#
# <colnr> <probs for GDERKNQSTAVLIFYWHMCP>
#	G	D	E	R	K	N	Q	S	T	A	V	L	I	F	Y	W	H	M	C	P
0	0.01704	0.01217	0.01704	0.01947	0.02191	0.01217	0.01704	0.02191	0.02434	0.03164	0.05598	0.11926	0.06085	0.02921	0.01460	0.00487	0.00974	0.49130	0.00974	0.00974
1	0.04508	0.02178	0.02688	0.02061	0.02888	0.02115	0.01702	0.20630	0.03659	0.40608	0.03640	0.03254	0.02351	0.01296	0.01061	0.00324	0.00986	0.01027	0.01227	0.01799
2	0.01496	0.01081	0.01413	0.01330	0.01580	0.00998	0.00998	0.01995	0.02993	0.04240	0.55689	0.07898	0.09976	0.02162	0.01247	0.00333	0.00499	0.01912	0.01164	0.00998
3	0.01280	0.00951	0.01195	0.01389	0.01512	0.00866	0.00945	0.01482	0.02104	0.02732	0.06840	0.51375	0.17116	0.03181	0.01329	0.00414	0.00597	0.02845	0.00982	0.00866
4	0.01307	0.00961	0.01227	0.01398	0.01524	0.00880	0.00958	0.01540	0.02194	0.02903	0.12411	0.48313	0.14329	0.03086	0.01323	0.00408	0.00589	0.02766	0.01003	0.00880
5	0.02121	0.05469	0.57364	0.03014	0.04576	0.02455	0.03906	0.03348	0.02232	0.03348	0.01897	0.02232	0.01339	0.01005	0.01005	0.00335	0.01563	0.00781	0.00446	0.01563
6	0.02630	0.02271	0.02391	0.02152	0.02749	0.02630	0.01674	0.05618	0.54336	0.04423	0.04303	0.03945	0.03228	0.01434	0.01076	0.00359	0.00837	0.01195	0.01076	0.01674
7	0.04019	0.02962	0.03173	0.02433	0.03279	0.03279	0.02010	0.52721	0.04971	0.06663	0.02538	0.02538	0.01798	0.01269	0.01058	0.00317	0.01163	0.00952	0.01058	0.01798
8	0.02545	0.02410	0.04087	0.06131	0.51979	0.02410	0.03123	0.03162	0.02410	0.03431	0.02274	0.03352	0.02023	0.01098	0.01079	0.00328	0.01234	0.04746	0.00559	0.01619
9	0.70310	0.02045	0.01554	0.01390	0.02045	0.02372	0.01145	0.03108	0.01799	0.04744	0.01472	0.01718	0.01145	0.00981	0.00654	0.00327	0.00818	0.00573	0.00654	0.01145
10	0.02866	0.50265	0.11380	0.02051	0.02994	0.09907	0.02082	0.03303	0.02251	0.02600	0.01538	0.01782	0.01355	0.00937	0.00747	0.00244	0.01266	0.00603	0.00462	0.01367
11	0.01284	0.01044	0.01138	0.01174	0.01464	0.00898	0.00858	0.01561	0.02401	0.02978	0.14696	0.19657	0.41684	0.02740	0.01268	0.00368	0.00546	0.02342	0.01002	0.00898
12	0.01478	0.01080	0.01388	0.01311	0.01568	0.00990	0.00983	0.01960	0.02950	0.04138	0.52365	0.08066	0.13364	0.02200	0.01247	0.00334	0.00502	0.01936	0.01150	0.00990
13	0.01307	0.01063	0.01157	0.01156	0.01469	0.00913	0.00859	0.01620	0.02512	0.03151	0.20307	0.13267	0.42317	0.02608	0.01256	0.00357	0.00533	0.02214	0.01022	0.00913
14	0.02827	0.63478	0.05540	0.01809	0.02714	0.04184	0.01809	0.03166	0.02148	0.02488	0.01470	0.01696	0.01357	0.00905	0.00678	0.00226	0.01131	0.00565	0.00452	0.01357
15	0.01302	0.00930	0.01239	0.01463	0.01537	0.00868	0.00983	0.01506	0.02087	0.02798	0.09033	0.58664	0.07185	0.03238	0.01343	0.00423	0.00606	0.02935	0.00993	0.00868
16	0.01473	0.01033	0.01332	0.01388	0.01458	0.01075	0.00921	0.01627	0.01697	0.02318	0.03754	0.18719	0.04207	0.32942	0.20271	0.01089	0.01467	0.01753	0.00696	0.00781
17	0.02305	0.01566	0.01802	0.01622	0.02067	0.01618	0.01254	0.03635	0.20607	0.10394	0.22847	0.05762	0.09367	0.01746	0.01111	0.00333	0.00665	0.01487	0.08495	0.01317
18	0.02847	0.47290	0.08722	0.01986	0.02897	0.03804	0.01960	0.07381	0.08537	0.03108	0.01920	0.02067	0.01611	0.01003	0.00779	0.00257	0.01130	0.00686	0.00573	0.01444
19	0.02519	0.35578	0.26244	0.02498	0.03678	0.03376	0.06639	0.03256	0.02209	0.02902	0.01693	0.02001	0.01369	0.00943	0.00853	0.00280	0.01354	0.00705	0.00456	0.01444
20	0.02736	0.01372	0.01521	0.01325	0.01750	0.01363	0.01043	0.08903	0.02695	0.14268	0.03478	0.03711	0.02585	0.01251	0.00838	0.00270	0.00649	0.00996	0.48012	0.01235
21	0.02192	0.01879	0.02192	0.01566	0.02506	0.01409	0.01253	0.02662	0.02192	0.03445	0.01879	0.02192	0.01566	0.00783	0.00783	0.00157	0.00783	0.00626	0.00626	0.69305
22	0.01958	0.01809	0.02317	0.12962	0.14554	0.05833	0.01828	0.02409	0.02395	0.03102	0.08512	0.09713	0.19607	0.01791	0.01116	0.00335	0.00951	0.01542	0.06117	0.01150
23	0.03795	0.02011	0.02425	0.02003	0.02722	0.02037	0.01608	0.05362	0.26050	0.33396	0.04231	0.03754	0.02891	0.01365	0.01069	0.00341	0.00871	0.01123	0.01204	0.01743
24	0.03210	0.01931	0.02146	0.01787	0.02380	0.02037	0.01430	0.16594	0.14001	0.15738	0.03544	0.03511	0.02565	0.01300	0.00959	0.00305	0.00821	0.01037	0.23198	0.01507
25	0.02126	0.01871	0.02770	0.15830	0.17787	0.02036	0.02243	0.03160	0.13041	0.03314	0.03595	0.15265	0.03463	0.01750	0.01161	0.00374	0.01048	0.07071	0.00766	0.01329
26	0.03950	0.05039	0.02996	0.02724	0.03269	0.58597	0.02043	0.04222	0.02996	0.02588	0.01634	0.01907	0.01362	0.01090	0.00953	0.00272	0.01907	0.00681	0.00545	0.01226
27	0.01538	0.01025	0.01153	0.01153	0.01153	0.01025	0.00641	0.01538	0.01538	0.02050	0.03331	0.06919	0.03844	0.62842	0.05382	0.01025	0.01025	0.01538	0.00641	0.00641
28	0.01314	0.00966	0.01233	0.01394	0.01526	0.00885	0.00959	0.01558	0.02226	0.02955	0.14086	0.46609	0.14307	0.03048	0.01320	0.00405	0.00585	0.02731	0.01009	0.00885
29	0.02617	0.02512	0.04292	0.06490	0.56246	0.02512	0.03245	0.03245	0.02407	0.03454	0.01989	0.02617	0.01675	0.00942	0.01047	0.00314	0.01256	0.00942	0.00523	0.01675
30	0.01288	0.00920	0.01227	0.01472	0.01534	0.00859	0.00981	0.01472	0.02024	0.02699	0.05828	0.62152	0.06993	0.03312	0.01350	0.00429	0.00613	0.03006	0.00981	0.00859
31	0.01971	0.00985	0.00985	0.00985	0.01232	0.00985	0.00739	0.02464	0.02217	0.03942	0.03449	0.03942	0.02710	0.01232	0.00739	0.00246	0.00493	0.00985	0.68712	0.00985
32	0.02617	0.02512	0.04292	0.06490	0.56246	0.02512	0.03245	0.03245	0.02407	0.03454	0.01989	0.02617	0.01675	0.00942	0.01047	0.00314	0.01256	0.00942	0.00523	0.01675
33	0.01344	0.01065	0.01222	0.01301	0.01576	0.00943	0.00990	0.01645	0.02379	0.02966	0.11986	0.20264	0.35709	0.02803	0.01301	0.00389	0.00616	0.09605	0.00993	0.00906
34	0.02549	0.02443	0.04170	0.12351	0.50913	0.02494	0.03211	0.03186	0.02376	0.03372	0.01977	0.02639	0.01646	0.00955	0.01048	0.00318	0.01273	0.00942	0.00518	0.01620
35	0.01842	0.01380	0.02285	0.02037	0.02372	0.01497	0.07367	0.02283	0.01882	0.06203	0.02840	0.03963	0.02519	0.06657	0.48033	0.01449	0.02579	0.01142	0.00612	0.01058
36	0.01512	0.01126	0.01664	0.01664	0.01841	0.01303	0.01278	0.01866	0.01689	0.02429	0.02864	0.04331	0.02720	0.11445	0.55242	0.01656	0.02716	0.01159	0.00571	0.00925
37	0.03827	0.11405	0.03273	0.02624	0.03208	0.52670	0.02017	0.04107	0.02904	0.02577	0.01616	0.01884	0.01361	0.01069	0.00923	0.00267	0.01822	0.00668	0.00535	0.01240
38	0.03404	0.11248	0.03358	0.02629	0.03079	0.38188	0.02084	0.03674	0.02548	0.02565	0.01553	0.01985	0.01368	0.01260	0.01557	0.00315	0.16722	0.00729	0.00513	0.01224
39	0.01864	0.01007	0.01082	0.01063	0.01310	0.00988	0.00798	0.02358	0.02393	0.04009	0.15251	0.04836	0.04352	0.01442	0.00854	0.00266	0.00494	0.01195	0.53452	0.00988
40	0.01693	0.01419	0.02155	0.02981	0.18304	0.01368	0.01662	0.02019	0.02170	0.02942	0.05011	0.40059	0.08964	0.02539	0.01249	0.00389	0.00805	0.02316	0.00841	0.01112
41	0.01538	0.01025	0.01153	0.01153	0.01153	0.01025	0.00641	0.01538	0.01538	0.02050	0.03331	0.06919	0.03844	0.62842	0.05382	0.01025	0.01025	0.01538	0.00641	0.00641
42	0.01909	0.01673	0.02280	0.02055	0.02094	0.02162	0.01595	0.02100	0.01611	0.02374	0.02283	0.04107	0.02401	0.21815	0.15497	0.00892	0.30502	0.01156	0.00539	0.00954
43	0.03600	0.15581	0.03510	0.06824	0.03465	0.37596	0.02062	0.09634	0.03003	0.03058	0.01728	0.02010	0.01416	0.01073	0.00922	0.00275	0.01635	0.00710	0.00582	0.01314
44	0.01477	0.01080	0.01386	0.01310	0.01568	0.00989	0.00982	0.01957	0.02946	0.04130	0.52104	0.08079	0.13630	0.02203	0.01247	0.00334	0.00502	0.01938	0.01149	0.00989
45	0.02516	0.02763	0.05647	0.04102	0.05099	0.02667	0.44606	0.03730	0.10466	0.03546	0.02472	0.03020	0.01854	0.00975	0.01221	0.00357	0.01637	0.01240	0.00618	0.01464
46	0.02355	0.02313	0.04135	0.27375	0.29570	0.02472	0.10298	0.03052	0.02305	0.03148	0.01968	0.02731	0.01560	0.00980	0.01080	0.00335	0.01393	0.00986	0.00504	0.01442
47	0.03433	0.31945	0.04168	0.02303	0.03013	0.33544	0.01935	0.03736	0.02606	0.02542	0.01559	0.01810	0.01360	0.01004	0.00827	0.00251	0.01549	0.00628	0.00502	0.01286
48	0.01538	0.01025	0.01153	0.01153	0.01153	0.01025	0.00641	0.01538	0.01538	0.02050	0.03331	0.06919	0.03844	0.62842	0.05382	0.01025	0.01025	0.01538	0.00641	0.00641
49	0.01763	0.01171	0.01375	0.01305	0.01679	0.01024	0.01015	0.02126	0.02638	0.09633	0.21346	0.08940	0.33533	0.02400	0.01244	0.00357	0.00604	0.05748	0.01068	0.01034
50	0.02937	0.01373	0.01783	0.01526	0.02018	0.01222	0.01198	0.03355	0.02808	0.27098	0.20377	0.09810	0.09120	0.01811	0.01119	0.00330	0.00685	0.01545	0.08558	0.01329
51	0.02496	0.02852	0.06239	0.04456	0.05526	0.02674	0.52406	0.03387	0.02496	0.03387	0.02139	0.02852	0.01604	0.00891	0.01248	0.00357	0.01783	0.01248	0.00535	0.01426
52	0.03031	0.02471	0.02617	0.02233	0.02902	0.02817	0.01771	0.19231	0.40070	0.05070	0.03793	0.03538	0.02814	0.01387	0.01071	0.00347	0.00931	0.01125	0.01071	0.01710
53	0.70310	0.02045	0.01554	0.01390	0.02045	0.02372	0.01145	0.03108	0.01799	0.04744	0.01472	0.01718	0.01145	0.00981	0.00654	0.00327	0.00818	0.00573	0.00654	0.01145
54	0.02827	0.63478	0.05540	0.01809	0.02714	0.04184	0.01809	0.03166	0.02148	0.02488	0.01470	0.01696	0.01357	0.00905	0.00678	0.00226	0.01131	0.00565	0.00452	0.01357
55	0.02192	0.01879	0.02192	0.01566	0.02506	0.01409	0.01253	0.02662	0.02192	0.03445	0.01879	0.02192	0.01566	0.00783	0.00783	0.00157	0.00783	0.00626	0.00626	0.69305
56	0.02794	0.02353	0.02483	0.02185	0.02812	0.02706	0.01713	0.11178	0.48510	0.04687	0.04095	0.03779	0.03059	0.01415	0.01074	0.00354	0.00875	0.01167	0.01074	0.01688
57	0.31363	0.03566	0.02362	0.02112	0.02722	0.31212	0.01637	0.03831	0.02505	0.07490	0.01755	0.01954	0.01365	0.01061	0.00838	0.00299	0.01384	0.00664	0.00646	0.01235
58	0.02781	0.02346	0.02476	0.02182	0.02807	0.02701	0.01710	0.10749	0.48959	0.04667	0.04111	0.03792	0.03072	0.01416	0.01074	0.00354	0.00872	0.01169	0.01074	0.01687
59	0.70310	0.02045	0.01554	0.01390	0.02045	0.02372	0.01145	0.03108	0.01799	0.04744	0.01472	0.01718	0.01145	0.00981	0.00654	0.00327	0.00818	0.00573	0.00654	0.01145
60	0.02524	0.09460	0.10611	0.09393	0.32759	0.02695	0.06706	0.03387	0.06089	0.03341	0.02091	0.02601	0.01686	0.00986	0.01020	0.00316	0.01300	0.00923	0.00543	0.01568
61	0.70310	0.02045	0.01554	0.01390	0.02045	0.02372	0.01145	0.03108	0.01799	0.04744	0.01472	0.01718	0.01145	0.00981	0.00654	0.00327	0.00818	0.00573	0.00654	0.01145
62	0.70310	0.02045	0.01554	0.01390	0.02045	0.02372	0.01145	0.03108	0.01799	0.04744	0.01472	0.01718	0.01145	0.00981	0.00654	0.00327	0.00818	0.00573	0.00654	0.01145
63	0.02916	0.21668	0.15040	0.02729	0.09465	0.02985	0.02375	0.07543	0.12223	0.09385	0.02521	0.02604	0.01909	0.01099	0.00933	0.00301	0.01158	0.00855	0.00714	0.01577
64	0.04019	0.02962	0.03173	0.02433	0.03279	0.03279	0.02010	0.52721	0.04971	0.06663	0.02538	0.02538	0.01798	0.01269	0.01058	0.00317	0.01163	0.00952	0.01058	0.01798
65	0.01386	0.01065	0.01268	0.01241	0.01518	0.00947	0.00922	0.01773	0.02698	0.03596	0.34765	0.12780	0.27326	0.02444	0.01256	0.00349	0.00521	0.02115	0.01081	0.00947
66	0.01562	0.01082	0.01550	0.01550	0.01676	0.01208	0.01135	0.01749	0.01623	0.02290	0.02784	0.04541	0.02754	0.17679	0.40804	0.11233	0.02217	0.01178	0.00565	0.00817
67	0.52027	0.02225	0.02168	0.02301	0.10565	0.02501	0.01572	0.08985	0.02268	0.04771	0.01678	0.01953	0.01304	0.01009	0.00763	0.00324	0.00926	0.00674	0.00682	0.01304
68	0.01719	0.01399	0.01976	0.02372	0.11750	0.01420	0.01427	0.02049	0.02274	0.03152	0.18914	0.16380	0.09338	0.14157	0.02212	0.00495	0.05286	0.01806	0.00842	0.01032
69	0.01346	0.00961	0.01293	0.01538	0.01625	0.00909	0.01082	0.01572	0.02081	0.02764	0.05796	0.55176	0.06867	0.03258	0.01365	0.00437	0.00663	0.09412	0.00980	0.00875
70	0.02159	0.01421	0.01955	0.01806	0.02141	0.01578	0.01428	0.08244	0.02230	0.08891	0.02943	0.03903	0.02541	0.06422	0.45581	0.01387	0.02425	0.01104	0.00705	0.01138
71	0.54873	0.02076	0.02043	0.08899	0.08567	0.02384	0.01585	0.03075	0.01903	0.04362	0.01577	0.01946	0.01234	0.00986	0.00745	0.00329	0.00935	0.00656	0.00618	0.01206
72	0.02417	0.33439	0.27676	0.02322	0.03455	0.03209	0.02679	0.03144	0.02149	0.02858	0.01763	0.02122	0.01451	0.01502	0.05396	0.00390	0.01452	0.00704	0.00459	0.01413

[dist]
# distance from previous block
# <min> <max>
0	10

[block]
# block no. 1 follows, 13 sequences, length 11
# corresponding to MSA columns:
# 83-93
name=unknown_B
#
# <colnr> <probs for GDERKNQSTAVLIFYWHMCP>
#	G	D	E	R	K	N	Q	S	T	A	V	L	I	F	Y	W	H	M	C	P
0	0.02368	0.02530	0.05203	0.04238	0.11860	0.02403	0.37817	0.03088	0.02339	0.03194	0.02298	0.03433	0.01952	0.10245	0.01844	0.00452	0.01596	0.01249	0.00549	0.01342
1	0.14159	0.01715	0.02149	0.01751	0.02440	0.01582	0.01413	0.04337	0.02703	0.41613	0.03992	0.11389	0.02999	0.01536	0.01041	0.00341	0.00848	0.01257	0.01165	0.01571
2	0.02025	0.01919	0.03177	0.55082	0.06873	0.02430	0.02880	0.02687	0.02069	0.02687	0.01835	0.02773	0.01407	0.01129	0.01276	0.00362	0.06807	0.00938	0.00469	0.01173
3	0.01532	0.01047	0.01265	0.01265	0.01304	0.01086	0.00781	0.01610	0.01571	0.02133	0.03229	0.06351	0.03597	0.51555	0.16331	0.01164	0.01396	0.01454	0.00625	0.00703
4	0.01538	0.01025	0.01153	0.01153	0.01153	0.01025	0.00641	0.01538	0.01538	0.02050	0.03331	0.06919	0.03844	0.62842	0.05382	0.01025	0.01025	0.01538	0.00641	0.00641
5	0.02304	0.13278	0.37939	0.03261	0.11955	0.02645	0.03315	0.03259	0.02244	0.03245	0.01847	0.02209	0.01408	0.00965	0.00948	0.00303	0.01399	0.00763	0.00471	0.06241
6	0.02827	0.63478	0.05540	0.01809	0.02714	0.04184	0.01809	0.03166	0.02148	0.02488	0.01470	0.01696	0.01357	0.00905	0.00678	0.00226	0.01131	0.00565	0.00452	0.01357
7	0.02121	0.05469	0.57364	0.03014	0.04576	0.02455	0.03906	0.03348	0.02232	0.03348	0.01897	0.02232	0.01339	0.01005	0.01005	0.00335	0.01563	0.00781	0.00446	0.01563
8	0.01257	0.01043	0.01100	0.01146	0.01448	0.00886	0.00837	0.01509	0.02338	0.02827	0.09794	0.19938	0.46647	0.02797	0.01268	0.00371	0.00550	0.02377	0.00982	0.00886
9	0.02126	0.02056	0.03199	0.36811	0.05442	0.02712	0.02682	0.02637	0.01912	0.02637	0.01679	0.02612	0.01401	0.01381	0.02042	0.00397	0.25705	0.00934	0.00467	0.01167
10	0.02746	0.01827	0.02204	0.01662	0.02465	0.01523	0.01334	0.06974	0.02699	0.14636	0.10512	0.03364	0.03065	0.01135	0.00931	0.00230	0.00793	0.00934	0.00879	0.40085

[dist]
# distance from previous block
# <min> <max>
0	6

[block]
# block no. 2 follows, 13 sequences, length 17
# corresponding to MSA columns:
# 100-116
name=unknown_C
#
# <colnr> <probs for GDERKNQSTAVLIFYWHMCP>
#	G	D	E	R	K	N	Q	S	T	A	V	L	I	F	Y	W	H	M	C	P
0	0.02787	0.02483	0.02920	0.09948	0.03422	0.07505	0.02123	0.07189	0.16383	0.07255	0.02539	0.02893	0.02002	0.01493	0.01960	0.00385	0.23590	0.00991	0.00738	0.01395
1	0.01427	0.01108	0.01609	0.13025	0.02662	0.01151	0.01365	0.01714	0.02042	0.02700	0.05052	0.50500	0.05896	0.02870	0.01292	0.00414	0.00770	0.02600	0.00881	0.00921
2	0.02557	0.02452	0.04184	0.11641	0.51560	0.02497	0.03215	0.03193	0.02379	0.03382	0.01978	0.02636	0.01649	0.00953	0.01048	0.00318	0.01271	0.00942	0.00518	0.01627
3	0.02313	0.02313	0.03238	0.02776	0.02776	0.03238	0.02313	0.02545	0.01619	0.02545	0.01388	0.02313	0.01388	0.01851	0.03470	0.00463	0.60907	0.00925	0.00463	0.01157
4	0.02437	0.16086	0.13484	0.03933	0.24724	0.02680	0.02704	0.03229	0.05433	0.03301	0.05248	0.03501	0.02465	0.01208	0.01007	0.00317	0.01193	0.04960	0.00600	0.01489
5	0.02550	0.02245	0.03685	0.21748	0.30746	0.02486	0.02907	0.03133	0.02264	0.07071	0.02040	0.02711	0.01628	0.01121	0.01364	0.00346	0.08983	0.00948	0.00558	0.01468
6	0.02017	0.01848	0.02916	0.20858	0.23696	0.01950	0.02340	0.02522	0.02226	0.02947	0.03997	0.04786	0.13599	0.08054	0.01563	0.00412	0.01120	0.01286	0.00620	0.01243
7	0.70310	0.02045	0.01554	0.01390	0.02045	0.02372	0.01145	0.03108	0.01799	0.04744	0.01472	0.01718	0.01145	0.00981	0.00654	0.00327	0.00818	0.00573	0.00654	0.01145
8	0.01983	0.01542	0.01788	0.01753	0.02111	0.01657	0.01361	0.03415	0.22961	0.03881	0.15752	0.14788	0.05681	0.02104	0.01193	0.00377	0.00728	0.09621	0.06066	0.01239
9	0.01465	0.01057	0.01386	0.01351	0.01573	0.00977	0.00995	0.01917	0.02849	0.04011	0.48273	0.15967	0.09533	0.02333	0.01262	0.00347	0.00516	0.02075	0.01137	0.00977
10	0.32968	0.02451	0.02399	0.01926	0.02686	0.02719	0.01589	0.26554	0.03403	0.10643	0.02230	0.02282	0.01592	0.01148	0.00882	0.00323	0.00988	0.00797	0.00906	0.01514
11	0.01738	0.01187	0.01611	0.01823	0.02067	0.01187	0.01579	0.02226	0.02406	0.03265	0.05320	0.10895	0.05649	0.02703	0.01367	0.00456	0.00911	0.42909	0.09726	0.00975
12	0.04744	0.01799	0.02454	0.01881	0.02699	0.01554	0.01554	0.05153	0.03026	0.56979	0.04171	0.03599	0.02617	0.01309	0.01063	0.00327	0.00900	0.01063	0.01309	0.01799
13	0.19856	0.02793	0.02562	0.02045	0.02824	0.09838	0.01654	0.24496	0.03395	0.05036	0.02032	0.02188	0.01537	0.01080	0.00892	0.00282	0.01100	0.00760	0.00808	0.14822
14	0.03573	0.01664	0.02246	0.06862	0.02802	0.01500	0.01485	0.03969	0.02659	0.35414	0.07293	0.04111	0.03080	0.09241	0.01603	0.00401	0.00919	0.01126	0.01063	0.08989
15	0.63213	0.02018	0.01651	0.01444	0.02116	0.02283	0.01189	0.03329	0.01932	0.10398	0.01764	0.01921	0.01304	0.01017	0.00699	0.00327	0.00827	0.00626	0.00725	0.01216
16	0.02197	0.03588	0.26894	0.15822	0.11872	0.02303	0.06570	0.03097	0.02243	0.03239	0.01920	0.02448	0.01451	0.00968	0.01006	0.00311	0.01390	0.00847	0.00494	0.11341

[dist]
# distance from previous block
# <min> <max>
0	1

[block]
# block no. 3 follows, 13 sequences, length 13
# corresponding to MSA columns:
# 118-130
name=unknown_D
#
# <colnr> <probs for GDERKNQSTAVLIFYWHMCP>
#	G	D	E	R	K	N	Q	S	T	A	V	L	I	F	Y	W	H	M	C	P
0	0.12358	0.32530	0.04016	0.02108	0.02839	0.25045	0.01810	0.03568	0.02430	0.02831	0.01534	0.01781	0.01330	0.00987	0.00782	0.00258	0.01390	0.00611	0.00515	0.01277
1	0.08300	0.01515	0.01991	0.11599	0.02986	0.01602	0.01631	0.02968	0.07428	0.11832	0.04315	0.21563	0.04279	0.02141	0.01188	0.00396	0.00906	0.11243	0.00926	0.01191
2	0.03950	0.05039	0.02996	0.02724	0.03269	0.58597	0.02043	0.04222	0.02996	0.02588	0.01634	0.01907	0.01362	0.01090	0.00953	0.00272	0.01907	0.00681	0.00545	0.01226
3	0.13724	0.01938	0.02701	0.02067	0.02886	0.01779	0.06518	0.04691	0.02802	0.44356	0.03592	0.03261	0.02311	0.01222	0.01024	0.00330	0.00975	0.01013	0.01140	0.01671
4	0.04019	0.02962	0.03173	0.02433	0.03279	0.03279	0.02010	0.52721	0.04971	0.06663	0.02538	0.02538	0.01798	0.01269	0.01058	0.00317	0.01163	0.00952	0.01058	0.01798
5	0.02496	0.02852	0.06239	0.04456	0.05526	0.02674	0.52406	0.03387	0.02496	0.03387	0.02139	0.02852	0.01604	0.00891	0.01248	0.00357	0.01783	0.01248	0.00535	0.01426
6	0.01538	0.01025	0.01153	0.01153	0.01153	0.01025	0.00641	0.01538	0.01538	0.02050	0.03331	0.06919	0.03844	0.62842	0.05382	0.01025	0.01025	0.01538	0.00641	0.00641
7	0.01424	0.01065	0.01486	0.01544	0.01721	0.01127	0.01151	0.01750	0.01971	0.02718	0.09097	0.20599	0.09686	0.05666	0.32580	0.01106	0.01806	0.01811	0.00771	0.00921
8	0.01250	0.01071	0.01071	0.01071	0.01428	0.00893	0.00803	0.01517	0.02410	0.02856	0.10711	0.10175	0.55817	0.02678	0.01250	0.00357	0.00536	0.02231	0.00982	0.00893
9	0.02630	0.02271	0.02391	0.02152	0.02749	0.02630	0.01674	0.05618	0.54336	0.04423	0.04303	0.03945	0.03228	0.01434	0.01076	0.00359	0.00837	0.01195	0.01076	0.01674
10	0.02346	0.01930	0.02070	0.01934	0.02410	0.02186	0.01474	0.04641	0.40915	0.04090	0.04484	0.13746	0.03816	0.01733	0.01092	0.00361	0.00769	0.01482	0.07045	0.01475
11	0.39251	0.01970	0.02289	0.28174	0.04426	0.02362	0.01959	0.02923	0.01942	0.03815	0.01657	0.02218	0.01265	0.01016	0.00837	0.00339	0.01087	0.00739	0.00570	0.01158
12	0.02689	0.26800	0.27683	0.02752	0.08234	0.03026	0.02823	0.03448	0.02294	0.08305	0.01967	0.02198	0.01501	0.00991	0.00891	0.00291	0.01307	0.00741	0.00540	0.01518

[dist]
# distance from previous block
# <min> <max>
0	1

[block]
# block no. 4 follows, 13 sequences, length 60
# corresponding to MSA columns:
# 132-191
name=unknown_E
#
# <colnr> <probs for GDERKNQSTAVLIFYWHMCP>
#	G	D	E	R	K	N	Q	S	T	A	V	L	I	F	Y	W	H	M	C	P
0	0.03161	0.17192	0.18606	0.02194	0.03163	0.06901	0.02261	0.07126	0.02649	0.16090	0.02525	0.02609	0.01824	0.01102	0.00916	0.00293	0.01194	0.00824	0.07868	0.01501
1	0.01454	0.00973	0.01238	0.01356	0.01497	0.00916	0.00947	0.01771	0.02313	0.03310	0.18730	0.38319	0.07098	0.02671	0.01224	0.00374	0.00563	0.02389	0.11940	0.00916
2	0.02733	0.38795	0.04723	0.02209	0.02969	0.07393	0.05968	0.03110	0.02160	0.02677	0.01566	0.01950	0.01404	0.01046	0.01176	0.00268	0.10220	0.00690	0.00485	0.08456
3	0.04128	0.08940	0.03190	0.02189	0.03033	0.02817	0.01842	0.32175	0.04047	0.22455	0.02953	0.02792	0.02016	0.01244	0.01020	0.00311	0.01075	0.00947	0.01075	0.01752
4	0.01288	0.00920	0.01227	0.01472	0.01534	0.00859	0.00981	0.01472	0.02024	0.02699	0.05828	0.62152	0.06993	0.03312	0.01350	0.00429	0.00613	0.03006	0.00981	0.00859
5	0.02827	0.63478	0.05540	0.01809	0.02714	0.04184	0.01809	0.03166	0.02148	0.02488	0.01470	0.01696	0.01357	0.00905	0.00678	0.00226	0.01131	0.00565	0.00452	0.01357
6	0.44430	0.03344	0.22736	0.02006	0.03005	0.02404	0.02193	0.03199	0.01964	0.04214	0.01634	0.01913	0.01219	0.00990	0.00787	0.00330	0.01101	0.00652	0.00575	0.01304
7	0.02567	0.02457	0.04060	0.09286	0.40342	0.02533	0.06789	0.03602	0.10780	0.03554	0.02367	0.02863	0.01902	0.01025	0.01068	0.00327	0.01240	0.01007	0.00610	0.01621
8	0.02374	0.02437	0.03202	0.16529	0.03895	0.07642	0.02440	0.02722	0.01852	0.02586	0.01526	0.02400	0.01391	0.01597	0.02683	0.00420	0.41757	0.00908	0.00471	0.01167
9	0.02630	0.02271	0.02391	0.02152	0.02749	0.02630	0.01674	0.05618	0.54336	0.04423	0.04303	0.03945	0.03228	0.01434	0.01076	0.00359	0.00837	0.01195	0.01076	0.01674
10	0.01305	0.01061	0.01156	0.01159	0.01469	0.00912	0.00859	0.01614	0.02500	0.03134	0.19767	0.14031	0.42101	0.02622	0.01257	0.00358	0.00534	0.02229	0.01020	0.00912
11	0.01538	0.01025	0.01153	0.01153	0.01153	0.01025	0.00641	0.01538	0.01538	0.02050	0.03331	0.06919	0.03844	0.62842	0.05382	0.01025	0.01025	0.01538	0.00641	0.00641
12	0.70310	0.02045	0.01554	0.01390	0.02045	0.02372	0.01145	0.03108	0.01799	0.04744	0.01472	0.01718	0.01145	0.00981	0.00654	0.00327	0.00818	0.00573	0.00654	0.01145
13	0.02291	0.03863	0.28750	0.09322	0.04871	0.02533	0.17620	0.03623	0.09897	0.03448	0.02317	0.02724	0.01699	0.01040	0.01091	0.00346	0.01505	0.00994	0.00566	0.01498
14	0.01496	0.01081	0.01413	0.01330	0.01580	0.00998	0.00998	0.01995	0.02993	0.04240	0.55689	0.07898	0.09976	0.02162	0.01247	0.00333	0.00499	0.01912	0.01164	0.00998
15	0.04140	0.02194	0.02657	0.02105	0.02873	0.02196	0.01749	0.23512	0.03727	0.31581	0.03680	0.04057	0.02660	0.01462	0.01103	0.00340	0.01011	0.06066	0.01175	0.01712
16	0.02121	0.05469	0.57364	0.03014	0.04576	0.02455	0.03906	0.03348	0.02232	0.03348	0.01897	0.02232	0.01339	0.01005	0.01005	0.00335	0.01563	0.00781	0.00446	0.01563
17	0.70310	0.02045	0.01554	0.01390	0.02045	0.02372	0.01145	0.03108	0.01799	0.04744	0.01472	0.01718	0.01145	0.00981	0.00654	0.00327	0.00818	0.00573	0.00654	0.01145
18	0.01496	0.00951	0.01302	0.01459	0.01512	0.00917	0.00995	0.01508	0.01837	0.02442	0.04488	0.37199	0.05219	0.08008	0.02458	0.19914	0.00760	0.05990	0.00807	0.00738
19	0.02720	0.54691	0.13391	0.01992	0.02996	0.03922	0.02127	0.03194	0.02161	0.02618	0.01535	0.01777	0.01354	0.00920	0.00728	0.00243	0.01196	0.00598	0.00451	0.01388
20	0.01496	0.01081	0.01413	0.01330	0.01580	0.00998	0.00998	0.01995	0.02993	0.04240	0.55689	0.07898	0.09976	0.02162	0.01247	0.00333	0.00499	0.01912	0.01164	0.00998
21	0.01321	0.00946	0.01256	0.01450	0.01541	0.00881	0.00984	0.01555	0.02178	0.02944	0.13748	0.53534	0.07467	0.03130	0.01333	0.00414	0.00595	0.02832	0.01010	0.00881
22	0.02443	0.29540	0.20978	0.11898	0.04313	0.03204	0.07940	0.03170	0.02205	0.02878	0.01736	0.02162	0.01386	0.00958	0.00898	0.00293	0.01375	0.00763	0.00462	0.01397
23	0.04248	0.01937	0.02714	0.08397	0.07258	0.01822	0.01856	0.07834	0.03010	0.43982	0.03660	0.03374	0.02366	0.01252	0.01061	0.00328	0.00997	0.01034	0.01145	0.01724
24	0.01268	0.01072	0.01097	0.01091	0.01440	0.00901	0.00818	0.01553	0.02454	0.02961	0.14103	0.10004	0.52360	0.02639	0.01249	0.00355	0.00533	0.02207	0.00996	0.00901
25	0.03689	0.18621	0.03588	0.02511	0.03140	0.45951	0.01989	0.03977	0.02799	0.02564	0.01596	0.01858	0.01361	0.01047	0.00889	0.00262	0.01726	0.00654	0.00523	0.01256
26	0.07967	0.13660	0.36632	0.02612	0.03850	0.07084	0.03052	0.03540	0.06174	0.03354	0.01959	0.02213	0.01470	0.01027	0.00928	0.00315	0.01409	0.00755	0.00519	0.01480
27	0.04479	0.01741	0.02369	0.01836	0.02608	0.01509	0.01509	0.04895	0.03023	0.52679	0.08371	0.03949	0.03217	0.01378	0.01078	0.00328	0.00867	0.01132	0.01297	0.01734
28	0.01654	0.01268	0.01616	0.01474	0.01792	0.01230	0.01082	0.01940	0.01816	0.02595	0.03306	0.04895	0.06451	0.21121	0.26827	0.01070	0.01709	0.01207	0.00630	0.16318
29	0.01837	0.01012	0.01106	0.01083	0.01330	0.00989	0.00812	0.02331	0.02436	0.04026	0.18203	0.05059	0.04762	0.01494	0.00883	0.00271	0.00494	0.01247	0.49634	0.00989
30	0.02827	0.63478	0.05540	0.01809	0.02714	0.04184	0.01809	0.03166	0.02148	0.02488	0.01470	0.01696	0.01357	0.00905	0.00678	0.00226	0.01131	0.00565	0.00452	0.01357
31	0.02879	0.26559	0.22864	0.02264	0.03386	0.02969	0.02483	0.06681	0.02485	0.10651	0.02090	0.02235	0.01568	0.01011	0.00877	0.00279	0.01228	0.00739	0.00620	0.06133
32	0.03167	0.21587	0.16057	0.02733	0.07478	0.17364	0.02451	0.07583	0.02691	0.06888	0.01921	0.02141	0.01501	0.01035	0.00908	0.00284	0.01423	0.00738	0.00588	0.01460
33	0.70310	0.02045	0.01554	0.01390	0.02045	0.02372	0.01145	0.03108	0.01799	0.04744	0.01472	0.01718	0.01145	0.00981	0.00654	0.00327	0.00818	0.00573	0.00654	0.01145
34	0.01997	0.01879	0.03171	0.60301	0.07282	0.02349	0.02936	0.02701	0.02114	0.02701	0.01879	0.02819	0.01409	0.01057	0.01057	0.00352	0.01409	0.00940	0.00470	0.01175
35	0.02192	0.01879	0.02192	0.01566	0.02506	0.01409	0.01253	0.02662	0.02192	0.03445	0.01879	0.02192	0.01566	0.00783	0.00783	0.00157	0.00783	0.00626	0.00626	0.69305
36	0.01537	0.00990	0.01360	0.01432	0.01494	0.01015	0.00971	0.01556	0.01676	0.02278	0.03558	0.21654	0.03967	0.16874	0.16054	0.19179	0.01289	0.01715	0.00676	0.00726
37	0.02496	0.02852	0.06239	0.04456	0.05526	0.02674	0.52406	0.03387	0.02496	0.03387	0.02139	0.02852	0.01604	0.00891	0.01248	0.00357	0.01783	0.01248	0.00535	0.01426
38	0.03950	0.05039	0.02996	0.02724	0.03269	0.58597	0.02043	0.04222	0.02996	0.02588	0.01634	0.01907	0.01362	0.01090	0.00953	0.00272	0.01907	0.00681	0.00545	0.01226
39	0.01290	0.01073	0.01128	0.01114	0.01453	0.00910	0.00835	0.01596	0.02506	0.03084	0.18129	0.09800	0.48257	0.02593	0.01249	0.00353	0.00529	0.02179	0.01012	0.00910
40	0.01997	0.01879	0.03171	0.60301	0.07282	0.02349	0.02936	0.02701	0.02114	0.02701	0.01879	0.02819	0.01409	0.01057	0.01057	0.00352	0.01409	0.00940	0.00470	0.01175
41	0.01270	0.01072	0.01099	0.01092	0.01440	0.00901	0.00819	0.01556	0.02457	0.02969	0.14378	0.09990	0.52080	0.02636	0.01249	0.00355	0.00533	0.02205	0.00997	0.00901
42	0.02214	0.02101	0.03563	0.41475	0.24412	0.02406	0.03044	0.02892	0.02217	0.02965	0.01918	0.02748	0.01502	0.01017	0.01053	0.00339	0.01356	0.00940	0.00489	0.01350
43	0.02254	0.02232	0.03226	0.13504	0.03616	0.03073	0.02429	0.02574	0.01712	0.02574	0.01480	0.02408	0.01392	0.01703	0.03020	0.00442	0.49810	0.00928	0.00464	0.01160
44	0.02753	0.02129	0.02284	0.02036	0.02624	0.02409	0.01589	0.05327	0.45890	0.08767	0.04224	0.03916	0.03135	0.01408	0.01048	0.00347	0.00815	0.01168	0.06503	0.01629
45	0.01414	0.01198	0.01237	0.01205	0.01579	0.01083	0.00910	0.01986	0.07908	0.03131	0.13634	0.09339	0.46632	0.02506	0.01231	0.00355	0.00564	0.02097	0.01006	0.00983
46	0.01411	0.01067	0.01302	0.01265	0.01533	0.00958	0.00940	0.01821	0.02757	0.03733	0.39235	0.12349	0.22982	0.02391	0.01255	0.00346	0.00517	0.02081	0.01099	0.00958
47	0.01288	0.00920	0.01227	0.01472	0.01534	0.00859	0.00981	0.01472	0.02024	0.02699	0.05828	0.62152	0.06993	0.03312	0.01350	0.00429	0.00613	0.03006	0.00981	0.00859
48	0.02827	0.63478	0.05540	0.01809	0.02714	0.04184	0.01809	0.03166	0.02148	0.02488	0.01470	0.01696	0.01357	0.00905	0.00678	0.00226	0.01131	0.00565	0.00452	0.01357
49	0.02827	0.63478	0.05540	0.01809	0.02714	0.04184	0.01809	0.03166	0.02148	0.02488	0.01470	0.01696	0.01357	0.00905	0.00678	0.00226	0.01131	0.00565	0.00452	0.01357
50	0.02192	0.01879	0.02192	0.01566	0.02506	0.01409	0.01253	0.02662	0.02192	0.03445	0.01879	0.02192	0.01566	0.00783	0.00783	0.00157	0.00783	0.00626	0.00626	0.69305
51	0.01617	0.01152	0.01327	0.01326	0.01431	0.01181	0.00863	0.01942	0.05981	0.02411	0.04058	0.07092	0.07478	0.45422	0.08067	0.00930	0.01095	0.05120	0.00720	0.00788
52	0.02384	0.22396	0.13227	0.01906	0.02946	0.02493	0.01911	0.02949	0.02185	0.03119	0.01751	0.02040	0.01458	0.00862	0.00789	0.00211	0.01036	0.00635	0.00538	0.35166
53	0.02827	0.63478	0.05540	0.01809	0.02714	0.04184	0.01809	0.03166	0.02148	0.02488	0.01470	0.01696	0.01357	0.00905	0.00678	0.00226	0.01131	0.00565	0.00452	0.01357
54	0.02192	0.01879	0.02192	0.01566	0.02506	0.01409	0.01253	0.02662	0.02192	0.03445	0.01879	0.02192	0.01566	0.00783	0.00783	0.00157	0.00783	0.00626	0.00626	0.69305
55	0.02379	0.02277	0.08159	0.10277	0.03445	0.01749	0.01826	0.03129	0.05803	0.07433	0.02219	0.02513	0.01712	0.00930	0.00887	0.00230	0.00968	0.00760	0.00667	0.42635
56	0.41403	0.02849	0.13892	0.02192	0.03106	0.02364	0.08834	0.03363	0.02086	0.08525	0.01873	0.02135	0.01369	0.01000	0.00843	0.00333	0.01113	0.00749	0.00648	0.01324
57	0.01392	0.00977	0.01259	0.01445	0.01511	0.00936	0.00975	0.01563	0.01950	0.02591	0.05202	0.43566	0.06139	0.17620	0.02333	0.00579	0.00750	0.07494	0.00898	0.00818
58	0.08329	0.07380	0.22740	0.02222	0.03320	0.02111	0.02373	0.03939	0.02495	0.24001	0.02708	0.02677	0.01840	0.01090	0.00955	0.00305	0.01141	0.00843	0.00813	0.08720
59	0.03089	0.11330	0.15535	0.02776	0.08867	0.02334	0.06091	0.03914	0.06117	0.19875	0.07115	0.03244	0.02623	0.01193	0.01025	0.00318	0.01147	0.01010	0.00828	0.01570

[dist]
# distance from previous block
# <min> <max>
0	1

[block]
# block no. 5 follows, 13 sequences, length 9
# corresponding to MSA columns:
# 193-201
name=unknown_F
#
# <colnr> <probs for GDERKNQSTAVLIFYWHMCP>
#	G	D	E	R	K	N	Q	S	T	A	V	L	I	F	Y	W	H	M	C	P
0	0.01933	0.01373	0.01791	0.02024	0.09657	0.01235	0.01298	0.02324	0.02620	0.09849	0.19092	0.07738	0.30750	0.02137	0.01197	0.00341	0.00677	0.01826	0.00997	0.01142
1	0.02060	0.01739	0.02051	0.01552	0.02363	0.01329	0.01213	0.02488	0.02168	0.03336	0.02458	0.10985	0.02362	0.01154	0.00866	0.00197	0.00758	0.00975	0.00678	0.59268
2	0.02695	0.28542	0.18897	0.02188	0.03271	0.03113	0.02321	0.10182	0.02580	0.03480	0.01808	0.02047	0.01450	0.00963	0.00840	0.00257	0.01196	0.00690	0.00566	0.12912
3	0.17440	0.02398	0.09203	0.02112	0.02990	0.01976	0.05213	0.04429	0.06002	0.32782	0.03218	0.03023	0.02134	0.01185	0.00986	0.00332	0.01019	0.00951	0.01003	0.01604
4	0.03822	0.02863	0.03062	0.02393	0.03204	0.03187	0.01962	0.46019	0.11995	0.06345	0.02790	0.02739	0.02001	0.01293	0.01060	0.00323	0.01117	0.00987	0.01060	0.01780
5	0.02192	0.01879	0.02192	0.01566	0.02506	0.01409	0.01253	0.02662	0.02192	0.03445	0.01879	0.02192	0.01566	0.00783	0.00783	0.00157	0.00783	0.00626	0.00626	0.69305
6	0.02103	0.02386	0.13120	0.02015	0.02843	0.01552	0.04718	0.02667	0.02222	0.06357	0.03092	0.18407	0.03041	0.01543	0.01023	0.00287	0.00957	0.01357	0.00721	0.29590
7	0.01838	0.01527	0.02029	0.13537	0.03081	0.01413	0.01469	0.02269	0.02194	0.03140	0.09330	0.15548	0.03820	0.05849	0.01332	0.00334	0.00859	0.01395	0.00733	0.28302
8	0.02513	0.10583	0.12952	0.02941	0.06933	0.10363	0.13630	0.03176	0.02495	0.03281	0.08880	0.03019	0.02586	0.01093	0.01015	0.00290	0.01337	0.00982	0.00606	0.11326

[dist]
# distance from previous block
# <min> <max>
3	8

[block]
# block no. 6 follows, 13 sequences, length 12
# corresponding to MSA columns:
# 210-221
name=unknown_G
#
# <colnr> <probs for GDERKNQSTAVLIFYWHMCP>
#	G	D	E	R	K	N	Q	S	T	A	V	L	I	F	Y	W	H	M	C	P
0	0.22414	0.33138	0.15427	0.01944	0.02915	0.03285	0.02062	0.03188	0.02064	0.03331	0.01562	0.01817	0.01291	0.00948	0.00741	0.00279	0.01131	0.00614	0.00510	0.01339
1	0.21200	0.23034	0.03114	0.01677	0.02292	0.02705	0.01473	0.03019	0.02264	0.08132	0.13257	0.03237	0.03247	0.01306	0.01054	0.00305	0.05780	0.00926	0.00733	0.01243
2	0.02064	0.01972	0.03186	0.48033	0.06321	0.02539	0.02803	0.02668	0.02009	0.02668	0.01774	0.02711	0.01405	0.01226	0.01572	0.00376	0.14098	0.00937	0.00468	0.01171
3	0.01288	0.00920	0.01227	0.01472	0.01534	0.00859	0.00981	0.01472	0.02024	0.02699	0.05828	0.62152	0.06993	0.03312	0.01350	0.00429	0.00613	0.03006	0.00981	0.00859
4	0.02121	0.05469	0.57364	0.03014	0.04576	0.02455	0.03906	0.03348	0.02232	0.03348	0.01897	0.02232	0.01339	0.01005	0.01005	0.00335	0.01563	0.00781	0.00446	0.01563
5	0.02744	0.56688	0.11606	0.01950	0.02932	0.03981	0.02055	0.03187	0.02158	0.02588	0.01520	0.01759	0.01355	0.00916	0.00717	0.00239	0.01181	0.00591	0.00452	0.01381
6	0.02543	0.50171	0.04660	0.01707	0.02472	0.03504	0.01636	0.02916	0.02328	0.02861	0.13033	0.03019	0.03195	0.01173	0.00800	0.00249	0.00996	0.00853	0.00604	0.01280
7	0.01852	0.01145	0.01506	0.01373	0.01573	0.01044	0.00934	0.01684	0.01583	0.02223	0.02146	0.03741	0.02182	0.14953	0.03669	0.40790	0.00911	0.00981	0.00531	0.15178
8	0.02162	0.14314	0.06178	0.02128	0.06983	0.02124	0.01663	0.02944	0.08486	0.03492	0.15347	0.08613	0.04179	0.01449	0.00990	0.00283	0.00865	0.01221	0.00782	0.15798
9	0.01986	0.01453	0.01791	0.01527	0.02079	0.01185	0.01152	0.02361	0.02300	0.07137	0.10311	0.22837	0.04522	0.01835	0.01050	0.00282	0.00699	0.01610	0.00862	0.33020
10	0.06838	0.06273	0.12717	0.02529	0.03254	0.06643	0.04762	0.08205	0.19603	0.03836	0.02604	0.02788	0.02015	0.01311	0.01436	0.00354	0.11667	0.00951	0.00733	0.01482
11	0.17504	0.08440	0.19477	0.02387	0.03426	0.02518	0.06411	0.09426	0.02635	0.14747	0.02322	0.02438	0.01632	0.01074	0.00940	0.00322	0.01205	0.00833	0.00743	0.01520

[dist]
# distance from previous block
# <min> <max>
0	1

[block]
# block no. 7 follows, 13 sequences, length 112
# corresponding to MSA columns:
# 223-334
name=unknown_H
#
# <colnr> <probs for GDERKNQSTAVLIFYWHMCP>
#	G	D	E	R	K	N	Q	S	T	A	V	L	I	F	Y	W	H	M	C	P
0	0.02409	0.28176	0.11343	0.02204	0.03060	0.02896	0.06391	0.03213	0.07832	0.03047	0.02616	0.07969	0.02438	0.01323	0.00942	0.00298	0.01129	0.04785	0.00626	0.07303
1	0.15432	0.08221	0.07449	0.02097	0.02853	0.11554	0.01821	0.04430	0.16750	0.14851	0.02875	0.02795	0.02094	0.01187	0.00936	0.00319	0.01109	0.00881	0.00853	0.01495
2	0.02282	0.02264	0.03205	0.40253	0.14341	0.08339	0.02782	0.02909	0.02285	0.02852	0.02197	0.03487	0.01857	0.01205	0.01080	0.00349	0.01400	0.05139	0.00531	0.01244
3	0.02821	0.31219	0.03953	0.01837	0.02743	0.03058	0.01652	0.11906	0.02671	0.03571	0.01804	0.02020	0.01509	0.00928	0.00783	0.00218	0.01016	0.00656	0.00622	0.25012
4	0.02766	0.02439	0.11952	0.02317	0.03202	0.01730	0.10517	0.03368	0.02513	0.18703	0.04171	0.07957	0.10293	0.01443	0.01089	0.00318	0.01071	0.01285	0.00854	0.12014
5	0.02502	0.08222	0.35271	0.02548	0.03758	0.02447	0.02953	0.07602	0.07094	0.07873	0.03086	0.03176	0.06423	0.01228	0.01019	0.00329	0.01294	0.00967	0.00668	0.01538
6	0.02120	0.04558	0.42842	0.02963	0.04210	0.02437	0.07345	0.03153	0.02250	0.03339	0.06311	0.02759	0.02080	0.01182	0.01310	0.00350	0.07889	0.00927	0.00515	0.01461
7	0.01430	0.01079	0.01330	0.01335	0.01598	0.00979	0.01017	0.01833	0.02680	0.03591	0.32996	0.13745	0.22464	0.02493	0.01280	0.00365	0.00571	0.07189	0.01075	0.00953
8	0.02121	0.05469	0.57364	0.03014	0.04576	0.02455	0.03906	0.03348	0.02232	0.03348	0.01897	0.02232	0.01339	0.01005	0.01005	0.00335	0.01563	0.00781	0.00446	0.01563
9	0.02810	0.02717	0.12242	0.15954	0.17249	0.02306	0.06572	0.03784	0.08041	0.13810	0.02637	0.02951	0.01909	0.01098	0.01064	0.00336	0.01265	0.00990	0.00713	0.01554
10	0.02914	0.04390	0.35275	0.03049	0.08571	0.08322	0.03152	0.03814	0.02497	0.14579	0.02356	0.02519	0.01641	0.01072	0.01015	0.00325	0.01433	0.00844	0.00646	0.01586
11	0.13623	0.02772	0.02998	0.03229	0.16180	0.10185	0.02096	0.14668	0.10128	0.10134	0.02534	0.02654	0.01893	0.01146	0.00983	0.00319	0.01162	0.00900	0.00823	0.01573
12	0.09360	0.01897	0.02997	0.53951	0.06718	0.02352	0.02743	0.02745	0.02080	0.02922	0.01835	0.02700	0.01381	0.01049	0.01014	0.00350	0.01346	0.00900	0.00490	0.01171
13	0.07816	0.08510	0.25414	0.18369	0.04861	0.02500	0.06541	0.03299	0.02247	0.07910	0.02040	0.02471	0.01475	0.01027	0.00987	0.00331	0.01384	0.00848	0.00552	0.01418
14	0.03188	0.02176	0.03733	0.17138	0.17309	0.02170	0.11202	0.03804	0.02569	0.21837	0.02747	0.03046	0.01927	0.01087	0.01090	0.00335	0.01261	0.01037	0.00785	0.01557
15	0.02121	0.05469	0.57364	0.03014	0.04576	0.02455	0.03906	0.03348	0.02232	0.03348	0.01897	0.02232	0.01339	0.01005	0.01005	0.00335	0.01563	0.00781	0.00446	0.01563
16	0.04516	0.01850	0.02447	0.01910	0.02704	0.01670	0.01567	0.05203	0.08557	0.51314	0.04186	0.03636	0.02683	0.01322	0.01065	0.00331	0.00893	0.01078	0.01284	0.01786
17	0.02298	0.02520	0.07228	0.08163	0.07983	0.03040	0.02564	0.02678	0.01776	0.02696	0.01520	0.02378	0.01411	0.01640	0.02868	0.00431	0.46186	0.00918	0.00467	0.01233
18	0.03650	0.03920	0.03094	0.02652	0.03175	0.32146	0.02086	0.17623	0.03287	0.03733	0.01842	0.02165	0.01490	0.01289	0.01474	0.00322	0.13199	0.00805	0.00674	0.01374
19	0.01997	0.01879	0.03171	0.60301	0.07282	0.02349	0.02936	0.02701	0.02114	0.02701	0.01879	0.02819	0.01409	0.01057	0.01057	0.00352	0.01409	0.00940	0.00470	0.01175
20	0.04744	0.01799	0.02454	0.01881	0.02699	0.01554	0.01554	0.05153	0.03026	0.56979	0.04171	0.03599	0.02617	0.01309	0.01063	0.00327	0.00900	0.01063	0.01309	0.01799
21	0.01496	0.01081	0.01413	0.01330	0.01580	0.00998	0.00998	0.01995	0.02993	0.04240	0.55689	0.07898	0.09976	0.02162	0.01247	0.00333	0.00499	0.01912	0.01164	0.00998
22	0.01474	0.01063	0.01393	0.01345	0.01575	0.00983	0.00996	0.01939	0.02888	0.04074	0.50314	0.13746	0.09655	0.02286	0.01258	0.00343	0.00511	0.02030	0.01144	0.00983
23	0.01288	0.00920	0.01227	0.01472	0.01534	0.00859	0.00981	0.01472	0.02024	0.02699	0.05828	0.62152	0.06993	0.03312	0.01350	0.00429	0.00613	0.03006	0.00981	0.00859
24	0.02121	0.05469	0.57364	0.03014	0.04576	0.02455	0.03906	0.03348	0.02232	0.03348	0.01897	0.02232	0.01339	0.01005	0.01005	0.00335	0.01563	0.00781	0.00446	0.01563
25	0.01636	0.01169	0.01626	0.01870	0.02084	0.01159	0.01587	0.02074	0.02368	0.03089	0.05635	0.20069	0.06232	0.02984	0.01442	0.00477	0.00915	0.41652	0.00975	0.00955
26	0.01298	0.01073	0.01138	0.01122	0.01458	0.00913	0.00841	0.01611	0.02524	0.03126	0.19480	0.09731	0.46880	0.02577	0.01249	0.00352	0.00528	0.02169	0.01017	0.00913
27	0.70310	0.02045	0.01554	0.01390	0.02045	0.02372	0.01145	0.03108	0.01799	0.04744	0.01472	0.01718	0.01145	0.00981	0.00654	0.00327	0.00818	0.00573	0.00654	0.01145
28	0.02827	0.63478	0.05540	0.01809	0.02714	0.04184	0.01809	0.03166	0.02148	0.02488	0.01470	0.01696	0.01357	0.00905	0.00678	0.00226	0.01131	0.00565	0.00452	0.01357
29	0.01288	0.00920	0.01227	0.01472	0.01534	0.00859	0.00981	0.01472	0.02024	0.02699	0.05828	0.62152	0.06993	0.03312	0.01350	0.00429	0.00613	0.03006	0.00981	0.00859
30	0.02192	0.01879	0.02192	0.01566	0.02506	0.01409	0.01253	0.02662	0.02192	0.03445	0.01879	0.02192	0.01566	0.00783	0.00783	0.00157	0.00783	0.00626	0.00626	0.69305
31	0.02573	0.42603	0.24190	0.02243	0.03384	0.03562	0.02564	0.03232	0.02179	0.02797	0.01624	0.01889	0.01351	0.00941	0.00796	0.00265	0.01286	0.00643	0.00450	0.01431
32	0.04109	0.01659	0.02250	0.01773	0.02480	0.01445	0.01445	0.04535	0.03020	0.46669	0.14243	0.04439	0.04056	0.01475	0.01099	0.00328	0.00821	0.01229	0.01280	0.01643
33	0.02644	0.48469	0.18949	0.02121	0.03196	0.03736	0.02352	0.03213	0.02170	0.02710	0.01581	0.01835	0.01352	0.00930	0.00763	0.00254	0.01242	0.00621	0.00451	0.01410
34	0.04744	0.01799	0.02454	0.01881	0.02699	0.01554	0.01554	0.05153	0.03026	0.56979	0.04171	0.03599	0.02617	0.01309	0.01063	0.00327	0.00900	0.01063	0.01309	0.01799
35	0.02781	0.02457	0.04150	0.06135	0.52124	0.02438	0.03115	0.03392	0.02455	0.07575	0.02157	0.02692	0.01747	0.00970	0.01048	0.00315	0.01229	0.00951	0.00584	0.01684
36	0.02192	0.01879	0.02192	0.01566	0.02506	0.01409	0.01253	0.02662	0.02192	0.03445	0.01879	0.02192	0.01566	0.00783	0.00783	0.00157	0.00783	0.00626	0.00626	0.69305
37	0.02192	0.01879	0.02192	0.01566	0.02506	0.01409	0.01253	0.02662	0.02192	0.03445	0.01879	0.02192	0.01566	0.00783	0.00783	0.00157	0.00783	0.00626	0.00626	0.69305
