[name]
unknown

[dist]
# distance from previous block
# <min> <max>
0	75

[block]
# block no. 0 follows, 9 sequences, length 22
# corresponding to MSA columns:
# 78-80,83-101
name=unknown_A
#
# <colnr> <probs for GDERKNQSTAVLIFYWHMCP>
#	G	D	E	R	K	N	Q	S	T	A	V	L	I	F	Y	W	H	M	C	P
0	0.01825	0.01363	0.01751	0.01956	0.02175	0.01379	0.01492	0.02572	0.08543	0.03506	0.06315	0.35693	0.07048	0.03338	0.01536	0.00499	0.00867	0.15872	0.01128	0.01144
1	0.16936	0.03067	0.08892	0.08467	0.03923	0.02899	0.02298	0.13856	0.12811	0.05207	0.02799	0.02980	0.02088	0.01293	0.01069	0.00363	0.01206	0.00986	0.00895	0.07967
2	0.04109	0.03049	0.08287	0.02674	0.03719	0.07686	0.07536	0.04734	0.03088	0.25815	0.03365	0.03305	0.02294	0.01250	0.01153	0.00333	0.01327	0.01058	0.01031	0.14185
3	0.16671	0.09676	0.15021	0.02940	0.04049	0.02976	0.12143	0.08444	0.02871	0.04438	0.03165	0.03461	0.06503	0.01324	0.01112	0.00371	0.01423	0.01119	0.00725	0.01567
4	0.08531	0.09436	0.24810	0.02745	0.03914	0.02867	0.03009	0.04263	0.13876	0.04146	0.03220	0.04141	0.02643	0.01494	0.01148	0.00394	0.01371	0.05547	0.00776	0.01668
5	0.02379	0.02280	0.04011	0.36886	0.12957	0.02588	0.08468	0.03172	0.02606	0.03463	0.07012	0.03769	0.02662	0.01290	0.01250	0.00393	0.01528	0.01226	0.00632	0.01428
6	0.03129	0.03059	0.09695	0.16669	0.05469	0.02835	0.12541	0.08537	0.11601	0.09489	0.03095	0.03449	0.02233	0.01290	0.01250	0.00394	0.01505	0.01200	0.00851	0.01709
7	0.09933	0.03840	0.20499	0.02993	0.04245	0.02591	0.08583	0.08741	0.03132	0.19199	0.03035	0.03100	0.02052	0.01263	0.01168	0.00379	0.01444	0.01057	0.00924	0.01822
8	0.01771	0.01290	0.01536	0.01637	0.01871	0.01270	0.01163	0.02475	0.08224	0.03719	0.12086	0.33263	0.11928	0.02984	0.01389	0.00431	0.00688	0.02643	0.08499	0.01134
9	0.02202	0.01969	0.03403	0.36896	0.06444	0.02292	0.06739	0.02784	0.02329	0.03023	0.02721	0.09973	0.02478	0.01878	0.01702	0.08485	0.01461	0.01392	0.00613	0.01217
10	0.03819	0.03531	0.10667	0.03549	0.04695	0.03156	0.17082	0.22041	0.04067	0.10906	0.02861	0.03105	0.02015	0.01268	0.01269	0.00380	0.01582	0.01186	0.00951	0.01871
11	0.01733	0.01234	0.01653	0.01653	0.01771	0.01352	0.01155	0.01969	0.01851	0.02586	0.03479	0.06146	0.03624	0.30980	0.31835	0.01588	0.02295	0.01497	0.00683	0.00919
12	0.02571	0.01327	0.01651	0.01610	0.01977	0.01203	0.01189	0.02929	0.02683	0.14955	0.06348	0.27145	0.11291	0.02626	0.01296	0.00406	0.00736	0.02287	0.14500	0.01271
13	0.01541	0.01102	0.01475	0.01707	0.01824	0.01036	0.01198	0.01828	0.02486	0.03341	0.11974	0.46768	0.08282	0.03563	0.01533	0.00481	0.00721	0.06987	0.01142	0.01010
14	0.17171	0.02610	0.03357	0.15655	0.09551	0.03137	0.02558	0.11374	0.02846	0.04501	0.02060	0.02706	0.01648	0.01427	0.01744	0.00412	0.14032	0.00975	0.00713	0.01522
15	0.02107	0.01243	0.01792	0.01799	0.01996	0.01284	0.01320	0.02254	0.02090	0.07464	0.03979	0.17869	0.04060	0.05757	0.22949	0.16606	0.01829	0.01772	0.00820	0.01012
16	0.02398	0.01573	0.01838	0.01803	0.02193	0.01581	0.01333	0.03457	0.13549	0.09699	0.06443	0.26334	0.11366	0.02633	0.01334	0.00423	0.00774	0.02297	0.07619	0.01354
17	0.01547	0.01126	0.01471	0.01688	0.01838	0.01050	0.01208	0.01844	0.02511	0.03322	0.11135	0.42329	0.12154	0.03518	0.01531	0.00479	0.00732	0.08368	0.01135	0.01013
18	0.10966	0.09181	0.09312	0.09400	0.03825	0.02803	0.02403	0.03634	0.02450	0.12477	0.02862	0.08325	0.02450	0.01669	0.01700	0.00408	0.12628	0.01207	0.00793	0.01506
19	0.03283	0.02837	0.03363	0.19630	0.04917	0.09426	0.02533	0.08386	0.02926	0.09197	0.02382	0.02939	0.01823	0.01400	0.01669	0.00377	0.11704	0.01000	0.00752	0.09457
20	0.11145	0.02459	0.08236	0.02268	0.03060	0.02027	0.06626	0.03662	0.07050	0.08607	0.03542	0.10046	0.03020	0.01553	0.01093	0.00353	0.01055	0.01333	0.13451	0.09416
21	0.10708	0.10218	0.12400	0.02423	0.03470	0.02950	0.02322	0.10122	0.12678	0.10541	0.03043	0.03047	0.02235	0.01288	0.01059	0.00347	0.01200	0.00980	0.00924	0.08045

[dist]
# distance from previous block
# <min> <max>
1	12

[block]
# block no. 1 follows, 9 sequences, length 6
# corresponding to MSA columns:
# 114-119
name=unknown_B
#
# <colnr> <probs for GDERKNQSTAVLIFYWHMCP>
#	G	D	E	R	K	N	Q	S	T	A	V	L	I	F	Y	W	H	M	C	P
0	0.03712	0.11031	0.03400	0.10193	0.03828	0.02570	0.02162	0.09990	0.03291	0.19753	0.03960	0.05513	0.03273	0.01766	0.01237	0.00396	0.01213	0.09989	0.01068	0.01656
1	0.03131	0.11983	0.04799	0.07778	0.04596	0.09965	0.15290	0.06907	0.02952	0.03795	0.02172	0.02680	0.01729	0.01069	0.01110	0.00311	0.01572	0.00984	0.00659	0.16519
2	0.02344	0.02122	0.09541	0.01930	0.02535	0.01487	0.01751	0.02917	0.02881	0.11595	0.18470	0.14470	0.13297	0.02936	0.05687	0.00529	0.01081	0.01987	0.01103	0.01338
3	0.01546	0.01170	0.01427	0.01475	0.01730	0.01051	0.01064	0.01925	0.02869	0.03816	0.25220	0.24507	0.21748	0.03038	0.01456	0.00421	0.00620	0.02667	0.01199	0.01051
4	0.03119	0.11184	0.03821	0.26558	0.05580	0.03122	0.02633	0.09947	0.10179	0.08018	0.02827	0.03241	0.02100	0.01302	0.01140	0.00372	0.01363	0.01062	0.00815	0.01618
5	0.04450	0.03452	0.03313	0.02679	0.03535	0.11796	0.02154	0.26728	0.11327	0.13198	0.03305	0.03195	0.02352	0.01444	0.01187	0.00361	0.01367	0.01092	0.01151	0.01913

[dist]
# distance from previous block
# <min> <max>
11	49

[block]
# block no. 2 follows, 9 sequences, length 62
# corresponding to MSA columns:
# 169-211,257-275
name=unknown_C
#
# <colnr> <probs for GDERKNQSTAVLIFYWHMCP>
#	G	D	E	R	K	N	Q	S	T	A	V	L	I	F	Y	W	H	M	C	P
0	0.40159	0.02343	0.02290	0.01885	0.02713	0.02503	0.01555	0.08674	0.02871	0.20426	0.02796	0.02745	0.01923	0.01271	0.00943	0.00371	0.01001	0.00877	0.01033	0.01621
1	0.09885	0.02990	0.08239	0.02434	0.03300	0.02843	0.02140	0.15465	0.19302	0.09500	0.08069	0.04006	0.03460	0.01545	0.01178	0.00383	0.01106	0.01231	0.01122	0.01802
2	0.04621	0.02133	0.02759	0.02182	0.03059	0.01930	0.01810	0.09739	0.03520	0.36001	0.04445	0.04839	0.03185	0.01624	0.01226	0.00371	0.01053	0.05662	0.01334	0.08508
3	0.19551	0.14706	0.08674	0.02128	0.03128	0.02754	0.02012	0.04578	0.02786	0.24236	0.03045	0.02931	0.02097	0.01260	0.00994	0.00349	0.01141	0.00915	0.00988	0.01726
4	0.04946	0.01915	0.02553	0.01995	0.02832	0.01676	0.01635	0.05425	0.03312	0.44374	0.04629	0.04151	0.02993	0.01477	0.01157	0.00359	0.00957	0.01197	0.10502	0.01915
5	0.02690	0.02748	0.09417	0.36511	0.07119	0.02647	0.09394	0.03554	0.02589	0.08182	0.02450	0.03229	0.01767	0.01198	0.01228	0.00396	0.01625	0.01114	0.00640	0.01500
6	0.02453	0.02291	0.03689	0.42203	0.13646	0.02735	0.03229	0.03536	0.07593	0.03416	0.02467	0.03319	0.01880	0.01233	0.01204	0.00396	0.01506	0.01102	0.00621	0.01481
7	0.02581	0.01423	0.01868	0.01740	0.02166	0.01285	0.01357	0.03044	0.03119	0.15713	0.23691	0.15353	0.12243	0.02563	0.01411	0.00415	0.00764	0.06649	0.01290	0.01323
8	0.59795	0.02435	0.01960	0.01706	0.02473	0.02807	0.01405	0.07980	0.02423	0.05626	0.01802	0.02052	0.01380	0.01151	0.00792	0.00371	0.00972	0.00696	0.00792	0.01380
9	0.01596	0.01093	0.01359	0.01533	0.01688	0.01017	0.01058	0.01900	0.02488	0.03463	0.10987	0.40044	0.11938	0.03228	0.01413	0.00440	0.00656	0.02879	0.10204	0.01017
10	0.02708	0.12422	0.27563	0.04116	0.09903	0.03150	0.15841	0.03781	0.02633	0.03696	0.02179	0.02701	0.01653	0.01083	0.01174	0.00368	0.01744	0.01025	0.00547	0.01714
11	0.01612	0.01189	0.01507	0.01506	0.01762	0.01084	0.01100	0.02066	0.03076	0.04225	0.35064	0.19580	0.16126	0.02823	0.01444	0.00406	0.00601	0.02493	0.01250	0.01084
12	0.01596	0.01102	0.01358	0.01508	0.01546	0.01064	0.00939	0.01709	0.02049	0.02732	0.05326	0.34389	0.06311	0.28558	0.03644	0.00800	0.00913	0.02653	0.00939	0.00863
13	0.03591	0.03457	0.16727	0.02632	0.03707	0.02547	0.02590	0.05484	0.20819	0.19305	0.04064	0.03805	0.02836	0.01447	0.01196	0.00389	0.01212	0.01177	0.01103	0.01914
14	0.04691	0.02294	0.03392	0.02600	0.03535	0.02124	0.08033	0.05655	0.09747	0.37765	0.04440	0.04031	0.02914	0.01442	0.01242	0.00382	0.01156	0.01261	0.01326	0.01967
15	0.01637	0.01202	0.01534	0.01504	0.01771	0.01099	0.01108	0.02124	0.03173	0.04396	0.39212	0.16149	0.15188	0.02713	0.01436	0.00397	0.00591	0.02395	0.01271	0.01099
16	0.01640	0.01203	0.01538	0.01507	0.01772	0.01100	0.01110	0.02129	0.03180	0.04412	0.39582	0.16123	0.14808	0.02708	0.01436	0.00397	0.00591	0.02392	0.01273	0.01100
17	0.15474	0.02692	0.07762	0.02209	0.02941	0.02520	0.01926	0.12852	0.11839	0.05212	0.10167	0.11499	0.04320	0.01856	0.01187	0.00395	0.01028	0.01516	0.01044	0.01559
18	0.02413	0.06223	0.51483	0.03429	0.05207	0.02794	0.04445	0.03810	0.02540	0.03810	0.02159	0.02540	0.01524	0.01143	0.01143	0.00381	0.01778	0.00889	0.00508	0.01778
19	0.01820	0.01160	0.01285	0.01285	0.01325	0.01160	0.00745	0.01899	0.01859	0.02638	0.03810	0.07393	0.04191	0.49737	0.05375	0.01041	0.01081	0.01661	0.09750	0.00785
20	0.04948	0.02770	0.03239	0.02483	0.03432	0.02841	0.02052	0.27898	0.04653	0.27303	0.03732	0.03436	0.02469	0.01465	0.01206	0.00366	0.01188	0.01141	0.01333	0.02047
21	0.02282	0.01902	0.02261	0.01733	0.02593	0.01476	0.01354	0.02789	0.02607	0.03968	0.09371	0.08704	0.03752	0.01395	0.01029	0.00237	0.00826	0.01185	0.00840	0.49696
22	0.17598	0.02701	0.02840	0.02315	0.03156	0.02955	0.01883	0.19576	0.14887	0.14734	0.03474	0.03310	0.02463	0.01429	0.01111	0.00377	0.01091	0.01083	0.01164	0.01852
23	0.03219	0.02697	0.02848	0.02494	0.03215	0.03098	0.01959	0.12097	0.41965	0.05398	0.04609	0.04260	0.03440	0.01605	0.01221	0.00401	0.01005	0.01321	0.01221	0.01925
24	0.05281	0.02235	0.02908	0.02230	0.03165	0.02046	0.01842	0.11579	0.03757	0.44886	0.04483	0.03924	0.02846	0.01483	0.01209	0.00371	0.01066	0.01192	0.01449	0.02047
25	0.04574	0.03370	0.03611	0.02768	0.03731	0.03731	0.02287	0.46200	0.05657	0.07583	0.02889	0.02889	0.02046	0.01444	0.01204	0.00361	0.01324	0.01083	0.01204	0.02046
26	0.02814	0.03130	0.13570	0.02536	0.03760	0.02036	0.07016	0.03580	0.02640	0.08731	0.02444	0.02752	0.01854	0.01020	0.01036	0.00267	0.01221	0.00880	0.00737	0.37976
27	0.01634	0.01167	0.01589	0.01867	0.02010	0.01122	0.01409	0.01965	0.02469	0.03259	0.06539	0.41543	0.07591	0.03611	0.01580	0.00512	0.00843	0.17152	0.01114	0.01024
28	0.50695	0.02464	0.02588	0.02164	0.02852	0.02874	0.06067	0.03478	0.02100	0.04885	0.01740	0.02183	0.01396	0.01246	0.01268	0.00398	0.08778	0.00787	0.00700	0.01338
29	0.01794	0.01378	0.01681	0.01842	0.02043	0.01411	0.01286	0.02690	0.12139	0.03493	0.06258	0.45653	0.07036	0.03310	0.01469	0.00471	0.00753	0.02977	0.01140	0.01177
30	0.03115	0.02880	0.02796	0.02221	0.03131	0.09404	0.01751	0.08773	0.12768	0.04426	0.02775	0.02921	0.02185	0.01161	0.01025	0.00267	0.01133	0.00902	0.00864	0.35502
31	0.01976	0.01045	0.01536	0.01587	0.01600	0.01033	0.01058	0.01587	0.01702	0.02269	0.02919	0.13386	0.03161	0.04105	0.04124	0.53215	0.00982	0.01479	0.00631	0.00606
32	0.02612	0.19144	0.40304	0.03090	0.04683	0.03281	0.03855	0.03759	0.02517	0.03568	0.02039	0.02389	0.01529	0.01115	0.01051	0.00350	0.01657	0.00828	0.00510	0.01720
33	0.02002	0.01713	0.02695	0.13516	0.03672	0.01958	0.05573	0.02416	0.02100	0.02873	0.03278	0.10606	0.03347	0.17307	0.15531	0.00990	0.07061	0.01578	0.00679	0.01106
34	0.02632	0.02632	0.03685	0.03159	0.03159	0.03685	0.02632	0.02895	0.01843	0.02895	0.01579	0.02632	0.01579	0.02106	0.03948	0.00526	0.55515	0.01053	0.00526	0.01316
35	0.03073	0.12943	0.36118	0.02998	0.04514	0.02889	0.03615	0.04155	0.02691	0.12295	0.02562	0.02737	0.01792	0.01190	0.01102	0.00362	0.01570	0.00912	0.00688	0.01794
36	0.09707	0.02455	0.04093	0.31935	0.17467	0.02761	0.07891	0.03361	0.02494	0.03628	0.02149	0.03015	0.01667	0.01141	0.01172	0.00388	0.01533	0.01062	0.00581	0.01501
37	0.02618	0.01269	0.01430	0.01323	0.01697	0.01216	0.01016	0.03166	0.02780	0.11205	0.10511	0.05067	0.04240	0.01564	0.00976	0.00307	0.00628	0.01283	0.46446	0.01256
38	0.03173	0.02298	0.03460	0.37746	0.06682	0.02659	0.02903	0.09762	0.03061	0.12480	0.02722	0.03324	0.01918	0.01290	0.01204	0.00390	0.01458	0.01097	0.00805	0.01568
39	0.04129	0.10271	0.03500	0.09820	0.03906	0.02706	0.02163	0.13473	0.03563	0.23412	0.03696	0.04321	0.02761	0.01551	0.01189	0.00375	0.01217	0.05049	0.01116	0.01783
40	0.04248	0.21130	0.04373	0.02448	0.03428	0.03789	0.02139	0.26602	0.04296	0.12192	0.02756	0.02747	0.02015	0.01315	0.01064	0.00329	0.01269	0.00958	0.01020	0.01883
41	0.02312	0.01262	0.01696	0.01775	0.02030	0.01147	0.01257	0.02576	0.02549	0.13389	0.06226	0.45568	0.06887	0.03279	0.01466	0.00464	0.00768	0.02945	0.01197	0.01207
42	0.02491	0.05680	0.43378	0.03729	0.05405	0.02840	0.12005	0.03818	0.02595	0.03818	0.02209	0.02669	0.01579	0.01120	0.01194	0.00386	0.01824	0.00986	0.00526	0.01750
43	0.03021	0.13485	0.11579	0.09461	0.16334	0.03303	0.07792	0.08352	0.07592	0.04110	0.02482	0.02923	0.01941	0.01178	0.01139	0.00358	0.01477	0.01036	0.00691	0.01746
44	0.09611	0.09218	0.15419	0.10339	0.04295	0.03325	0.02970	0.03289	0.02179	0.03414	0.01822	0.02544	0.01535	0.01520	0.02185	0.00428	0.22978	0.00928	0.00546	0.01454
45	0.01729	0.01230	0.01630	0.01616	0.01752	0.01312	0.01130	0.02000	0.02066	0.02890	0.10027	0.06636	0.04757	0.28290	0.26226	0.01395	0.01994	0.01606	0.00776	0.00940
46	0.01466	0.01047	0.01396	0.01675	0.01745	0.00977	0.01117	0.01675	0.02304	0.03071	0.06631	0.56931	0.07958	0.03769	0.01536	0.00489	0.00698	0.03420	0.01117	0.00977
47	0.02876	0.02612	0.04895	0.09412	0.10128	0.02654	0.21105	0.03632	0.02816	0.08663	0.09208	0.04045	0.03253	0.01414	0.01629	0.00406	0.07515	0.01390	0.00782	0.01566
48	0.25578	0.12685	0.03216	0.02059	0.02843	0.03087	0.01758	0.07792	0.02563	0.04484	0.01887	0.02260	0.01567	0.01227	0.01283	0.00330	0.08762	0.00765	0.00713	0.15141
49	0.01629	0.01151	0.01313	0.01373	0.01462	0.01099	0.00846	0.01730	0.02049	0.02658	0.05930	0.19009	0.13419	0.36232	0.04287	0.00883	0.00965	0.02250	0.00883	0.00834
50	0.01718	0.01153	0.01321	0.01352	0.01360	0.01146	0.00772	0.01741	0.01811	0.02414	0.04105	0.13292	0.04770	0.51758	0.05617	0.01092	0.01115	0.01934	0.00772	0.00756
51	0.03453	0.08247	0.04387	0.12520	0.04802	0.02776	0.13276	0.09954	0.03308	0.14400	0.07775	0.03834	0.03028	0.01364	0.01238	0.00373	0.01407	0.01262	0.00934	0.01663
52	0.02539	0.02495	0.03506	0.03033	0.03055	0.03462	0.02517	0.02819	0.01852	0.02885	0.01748	0.02847	0.01726	0.02814	0.08967	0.00671	0.50158	0.01077	0.00539	0.01291
53	0.24726	0.02136	0.02467	0.01963	0.02835	0.02064	0.01620	0.05124	0.03000	0.36538	0.03771	0.03415	0.02446	0.01371	0.01062	0.00372	0.00994	0.01032	0.01253	0.01811
54	0.11680	0.02027	0.02547	0.02092	0.02683	0.02102	0.06272	0.11828	0.03427	0.05296	0.18104	0.05127	0.05172	0.01672	0.01155	0.00356	0.00935	0.01424	0.14703	0.01398
55	0.10581	0.03810	0.13804	0.02886	0.03970	0.09741	0.06977	0.10602	0.03354	0.18241	0.02957	0.03005	0.02037	0.01285	0.01150	0.00367	0.01485	0.01025	0.00946	0.01776
56	0.02319	0.01588	0.01963	0.07133	0.02742	0.01558	0.01477	0.07226	0.02966	0.09036	0.07483	0.23699	0.20652	0.02741	0.01389	0.00424	0.00866	0.02365	0.01109	0.01266
57	0.25218	0.02139	0.02458	0.01959	0.02829	0.02072	0.01617	0.05105	0.02989	0.36169	0.03746	0.03398	0.02432	0.01368	0.01058	0.00372	0.00993	0.01028	0.01246	0.01805
58	0.02272	0.02138	0.03609	0.54825	0.08287	0.02673	0.03341	0.03074	0.02406	0.03074	0.02138	0.03208	0.01604	0.01203	0.01203	0.00401	0.01604	0.01069	0.00535	0.01337
59	0.10265	0.09215	0.10766	0.08674	0.04414	0.02827	0.08677	0.08622	0.03084	0.17642	0.02905	0.03067	0.02024	0.01246	0.01132	0.00368	0.01390	0.01045	0.00902	0.01735
60	0.03730	0.01786	0.02229	0.01834	0.02470	0.01679	0.01468	0.08528	0.03467	0.25207	0.15334	0.05249	0.04951	0.01703	0.01181	0.00353	0.00844	0.01414	0.14948	0.01625
61	0.04046	0.01730	0.02340	0.01940	0.02609	0.01520	0.01540	0.04497	0.03274	0.34307	0.14655	0.12634	0.05485	0.02021	0.01301	0.00390	0.00880	0.01731	0.01401	0.01700

[dist]
# distance from previous block
# <min> <max>
0	9

[block]
# block no. 3 follows, 9 sequences, length 27
# corresponding to MSA columns:
# 285-311
name=unknown_D
#
# <colnr> <probs for GDERKNQSTAVLIFYWHMCP>
#	G	D	E	R	K	N	Q	S	T	A	V	L	I	F	Y	W	H	M	C	P
0	0.03643	0.12126	0.09333	0.07603	0.03842	0.08999	0.02348	0.09782	0.03220	0.14723	0.03317	0.09952	0.02781	0.01605	0.01157	0.00364	0.01355	0.01283	0.00925	0.01643
1	0.44575	0.02401	0.02238	0.01862	0.02677	0.02626	0.01536	0.09638	0.02831	0.15873	0.02520	0.02555	0.01774	0.01243	0.00908	0.00371	0.01003	0.00833	0.00971	0.01566
2	0.03189	0.02954	0.08610	0.13859	0.10843	0.02884	0.07109	0.07705	0.08536	0.10454	0.02874	0.03294	0.02136	0.01392	0.01580	0.00404	0.08510	0.01141	0.00818	0.01707
3	0.03217	0.58441	0.06305	0.02059	0.03088	0.04761	0.02059	0.03603	0.02445	0.02831	0.01673	0.01930	0.01544	0.01029	0.00772	0.00257	0.01287	0.00643	0.00515	0.01544
4	0.17824	0.10207	0.15360	0.10786	0.04277	0.02758	0.02623	0.04084	0.02605	0.14993	0.02590	0.02801	0.01829	0.01214	0.01031	0.00365	0.01318	0.00908	0.00797	0.01632
5	0.35878	0.03207	0.08646	0.02093	0.03018	0.08734	0.01902	0.03893	0.02478	0.09190	0.02125	0.02339	0.01590	0.01143	0.00904	0.00340	0.01200	0.00761	0.00767	0.09793
6	0.02577	0.01810	0.02068	0.01913	0.02385	0.01918	0.01459	0.04236	0.21190	0.08545	0.16610	0.11971	0.06057	0.02064	0.01262	0.00390	0.00776	0.01778	0.09490	0.01502
7	0.02179	0.01127	0.01146	0.01146	0.01390	0.01127	0.00826	0.02666	0.02422	0.04205	0.03907	0.04927	0.03252	0.08739	0.01529	0.00396	0.00640	0.01203	0.56101	0.01070
8	0.03504	0.02036	0.02866	0.02266	0.02962	0.01920	0.06837	0.09352	0.03339	0.21045	0.10700	0.05954	0.10295	0.09084	0.01930	0.00484	0.01090	0.01590	0.01175	0.01570
9	0.05290	0.02221	0.02899	0.02223	0.03158	0.02025	0.01836	0.11141	0.03733	0.45358	0.04504	0.03937	0.02856	0.01483	0.01209	0.00371	0.01063	0.01193	0.01452	0.02047
10	0.03773	0.01969	0.02251	0.01843	0.02491	0.01979	0.01485	0.14776	0.03595	0.19078	0.03904	0.03963	0.02788	0.01439	0.01043	0.00328	0.00893	0.01138	0.29634	0.01632
11	0.01523	0.01088	0.01462	0.01741	0.01836	0.01027	0.01216	0.01774	0.02360	0.03135	0.06600	0.51686	0.07833	0.03715	0.01551	0.00497	0.00748	0.08101	0.01116	0.00993
12	0.03353	0.02758	0.03620	0.24453	0.05546	0.03285	0.02772	0.22395	0.03788	0.05072	0.02399	0.02986	0.01799	0.01434	0.01576	0.00400	0.08804	0.01073	0.00834	0.01652
13	0.01466	0.01047	0.01396	0.01675	0.01745	0.00977	0.01117	0.01675	0.02304	0.03071	0.06631	0.56931	0.07958	0.03769	0.01536	0.00489	0.00698	0.03420	0.01117	0.00977
14	0.01756	0.01254	0.01729	0.02007	0.02203	0.01227	0.01621	0.02176	0.02589	0.03396	0.06471	0.30358	0.07324	0.03496	0.01613	0.00529	0.00949	0.27133	0.01111	0.01057
15	0.12769	0.03441	0.02919	0.02489	0.03254	0.17276	0.01961	0.10385	0.13308	0.15333	0.03291	0.03180	0.02371	0.01392	0.01113	0.00361	0.01366	0.01025	0.01041	0.01725
16	0.05083	0.02118	0.02783	0.02181	0.03079	0.01929	0.01786	0.05933	0.09278	0.45025	0.04766	0.04147	0.03069	0.01508	0.01212	0.00377	0.01014	0.01230	0.01454	0.02029
17	0.02162	0.01315	0.01592	0.01465	0.01860	0.01182	0.01119	0.02648	0.03125	0.10139	0.28436	0.08456	0.19087	0.02352	0.01318	0.00372	0.00634	0.02011	0.09509	0.01216
18	0.01466	0.01047	0.01396	0.01675	0.01745	0.00977	0.01117	0.01675	0.02304	0.03071	0.06631	0.56931	0.07958	0.03769	0.01536	0.00489	0.00698	0.03420	0.01117	0.00977
19	0.10813	0.02972	0.03247	0.02512	0.03446	0.03192	0.02074	0.33005	0.04808	0.17069	0.03184	0.03066	0.02181	0.01422	0.01160	0.00365	0.01218	0.01069	0.01222	0.01973
20	0.02090	0.01045	0.01567	0.01567	0.01567	0.01045	0.01045	0.01567	0.01567	0.02090	0.02090	0.03657	0.02090	0.04180	0.04702	0.64995	0.01045	0.01045	0.00522	0.00522
21	0.03119	0.50790	0.05787	0.02021	0.03056	0.04332	0.01973	0.03525	0.02451	0.02979	0.01736	0.02007	0.01576	0.01011	0.00788	0.00247	0.01233	0.00653	0.00542	0.10177
22	0.01750	0.01166	0.01312	0.01312	0.01312	0.01166	0.00729	0.01750	0.01750	0.02333	0.03791	0.07873	0.04374	0.57717	0.06124	0.01166	0.01166	0.01750	0.00729	0.00729
23	0.03331	0.03099	0.03467	0.26133	0.05698	0.11057	0.02718	0.15245	0.09122	0.04498	0.02637	0.03116	0.01971	0.01327	0.01187	0.00377	0.01539	0.01062	0.00812	0.01606
24	0.02689	0.02488	0.04039	0.36657	0.06922	0.02961	0.08270	0.09011	0.02845	0.03764	0.02221	0.03112	0.01688	0.01302	0.01499	0.00408	0.06913	0.01112	0.00634	0.01466
25	0.11025	0.18306	0.03542	0.02074	0.02835	0.03130	0.01742	0.08497	0.13202	0.10601	0.03225	0.03682	0.02616	0.08667	0.01672	0.00450	0.01119	0.01073	0.00933	0.01609
26	0.19833	0.02306	0.02503	0.02009	0.02810	0.02347	0.01636	0.13858	0.03506	0.17166	0.10470	0.03895	0.03560	0.01481	0.01092	0.00352	0.00984	0.01144	0.01130	0.07921

[dist]
# distance from previous block
# <min> <max>
17	96

[block]
# block no. 4 follows, 9 sequences, length 26
# corresponding to MSA columns:
# 422-447
name=unknown_E
#
# <colnr> <probs for GDERKNQSTAVLIFYWHMCP>
#	G	D	E	R	K	N	Q	S	T	A	V	L	I	F	Y	W	H	M	C	P
0	0.02940	0.09124	0.09628	0.12007	0.10938	0.02919	0.10426	0.03665	0.02588	0.07911	0.02338	0.02912	0.01812	0.01221	0.01460	0.00365	0.07539	0.01038	0.00658	0.08510
1	0.01577	0.01133	0.01496	0.01599	0.01770	0.01051	0.01125	0.01955	0.02821	0.03894	0.26784	0.34433	0.09551	0.03155	0.01481	0.00437	0.00637	0.02836	0.01214	0.01051
2	0.03602	0.02474	0.10941	0.02197	0.03017	0.01706	0.02028	0.04186	0.03027	0.27108	0.09509	0.16083	0.04725	0.02039	0.01293	0.00400	0.01036	0.01748	0.01216	0.01665
3	0.17358	0.02500	0.03037	0.02858	0.09309	0.02530	0.02041	0.13867	0.03545	0.26002	0.03384	0.03246	0.02290	0.01348	0.01111	0.00368	0.01124	0.01050	0.01156	0.01876
4	0.04231	0.02769	0.09514	0.13834	0.04562	0.02321	0.02523	0.09497	0.03346	0.29496	0.03629	0.03561	0.02383	0.01376	0.01199	0.00378	0.01283	0.01123	0.01120	0.01857
5	0.04206	0.02330	0.02794	0.02240	0.03032	0.02347	0.01814	0.16146	0.09942	0.25110	0.12172	0.04686	0.04296	0.01667	0.01247	0.00375	0.01015	0.01366	0.01348	0.01867
6	0.02372	0.02334	0.04224	0.46051	0.07934	0.02738	0.10836	0.03212	0.02482	0.03212	0.02191	0.03214	0.01643	0.01170	0.01241	0.00402	0.01679	0.01131	0.00548	0.01387
7	0.22662	0.02720	0.04011	0.12828	0.12118	0.02933	0.11990	0.09204	0.02875	0.04702	0.02179	0.02748	0.01666	0.01146	0.01107	0.00381	0.01423	0.01019	0.00714	0.01575
8	0.02478	0.01527	0.01921	0.01831	0.02217	0.01489	0.01364	0.03355	0.10183	0.12390	0.19350	0.24321	0.07446	0.02618	0.01392	0.00421	0.00756	0.02314	0.01264	0.01364
9	0.02270	0.01296	0.01697	0.01659	0.01938	0.01191	0.01186	0.02608	0.02773	0.11977	0.19252	0.26232	0.07658	0.10110	0.02050	0.00524	0.00777	0.02423	0.01196	0.01182
10	0.03013	0.02813	0.11100	0.02277	0.03084	0.02247	0.02115	0.15744	0.03916	0.09753	0.23369	0.05609	0.06114	0.01840	0.01288	0.00373	0.01045	0.01539	0.01160	0.01600
11	0.15562	0.02323	0.02704	0.02192	0.03026	0.02334	0.01822	0.14184	0.03623	0.28047	0.03962	0.04474	0.02901	0.01612	0.01175	0.00389	0.01084	0.05520	0.01252	0.01814
12	0.01617	0.01125	0.01425	0.01605	0.01672	0.01088	0.01068	0.01789	0.02158	0.02867	0.05601	0.34978	0.06582	0.22758	0.03168	0.00735	0.00907	0.06974	0.00979	0.00904
13	0.02500	0.01369	0.01396	0.01303	0.01659	0.01409	0.01001	0.07590	0.02869	0.04827	0.03811	0.04309	0.02969	0.01406	0.00881	0.00289	0.00645	0.01117	0.57426	0.01223
14	0.15359	0.03276	0.02915	0.02438	0.03235	0.13673	0.01943	0.14196	0.10831	0.15582	0.03192	0.03096	0.02278	0.01382	0.01102	0.00362	0.01311	0.01013	0.01063	0.01751
15	0.01461	0.01066	0.01377	0.01626	0.01732	0.00981	0.01095	0.01681	0.02351	0.03091	0.07234	0.52012	0.12488	0.03691	0.01523	0.00480	0.00688	0.03325	0.01117	0.00981
16	0.04574	0.03370	0.03611	0.02768	0.03731	0.03731	0.02287	0.46200	0.05657	0.07583	0.02889	0.02889	0.02046	0.01444	0.01204	0.00361	0.01324	0.01083	0.01204	0.02046
17	0.52904	0.02412	0.02081	0.01773	0.02561	0.02713	0.01461	0.08492	0.02595	0.10527	0.02138	0.02287	0.01564	0.01193	0.00845	0.00371	0.00984	0.00759	0.00875	0.01465
18	0.02937	0.20587	0.14336	0.02254	0.03325	0.03053	0.02304	0.09064	0.02913	0.04132	0.02384	0.02700	0.01895	0.01145	0.00943	0.00288	0.01213	0.00844	0.10887	0.12797
19	0.01586	0.01225	0.01446	0.01391	0.01726	0.01085	0.01043	0.02044	0.03129	0.04168	0.33973	0.10069	0.27366	0.02705	0.01420	0.00390	0.00585	0.02328	0.01238	0.01085
20	0.01718	0.01153	0.01322	0.01353	0.01361	0.01145	0.00772	0.01741	0.01812	0.02415	0.04109	0.13361	0.04775	0.51682	0.05611	0.01091	0.01114	0.01937	0.00772	0.00757
21	0.13732	0.02172	0.02367	0.01747	0.02759	0.01797	0.01404	0.03119	0.02416	0.04181	0.02057	0.02400	0.01698	0.00931	0.00865	0.00212	0.00898	0.00702	0.00718	0.53827
22	0.02656	0.02872	0.09716	0.20164	0.10172	0.02448	0.02783	0.07235	0.02792	0.03969	0.02224	0.02825	0.01727	0.01098	0.01089	0.00315	0.01342	0.00927	0.00660	0.22986
23	0.03255	0.13057	0.14317	0.12744	0.08543	0.02943	0.02878	0.04382	0.08726	0.13189	0.02963	0.03166	0.02153	0.01263	0.01117	0.00363	0.01368	0.01022	0.00814	0.01736
24	0.10332	0.14372	0.08365	0.07549	0.04203	0.02870	0.09886	0.04031	0.02696	0.13915	0.02607	0.02865	0.01907	0.01146	0.01063	0.00336	0.01349	0.00972	0.00790	0.08747
25	0.03429	0.03317	0.13349	0.08809	0.04539	0.06578	0.10219	0.04217	0.03031	0.17611	0.09220	0.04017	0.03316	0.01411	0.01250	0.00379	0.01455	0.01257	0.00933	0.01662

[dist]
# distance from previous block
# <min> <max>
0	16

[block]
# block no. 5 follows, 9 sequences, length 22
# corresponding to MSA columns:
# 464-485
name=unknown_F
#
# <colnr> <probs for GDERKNQSTAVLIFYWHMCP>
#	G	D	E	R	K	N	Q	S	T	A	V	L	I	F	Y	W	H	M	C	P
0	0.30423	0.10993	0.03009	0.02071	0.02774	0.03053	0.01752	0.04172	0.08194	0.11434	0.02534	0.02691	0.01934	0.01363	0.01328	0.00381	0.08631	0.00881	0.00852	0.01530
1	0.23521	0.11184	0.03896	0.03120	0.09886	0.03015	0.08504	0.03931	0.08275	0.04368	0.02332	0.02668	0.01856	0.01125	0.00989	0.00342	0.01218	0.00921	0.00726	0.08123
2	0.16061	0.03419	0.09325	0.02779	0.03697	0.07990	0.08274	0.15597	0.03581	0.05264	0.09367	0.03545	0.03142	0.01412	0.01154	0.00369	0.01373	0.01151	0.00900	0.01601
3	0.02207	0.01402	0.01782	0.01798	0.02097	0.01360	0.01302	0.02916	0.08326	0.09827	0.14838	0.33992	0.07473	0.02948	0.01432	0.00441	0.00745	0.02631	0.01220	0.01261
4	0.02461	0.02332	0.03951	0.42103	0.19529	0.02723	0.03436	0.03240	0.02495	0.03304	0.02172	0.03146	0.01685	0.01168	0.01200	0.00389	0.01557	0.01070	0.00551	0.01489
5	0.15689	0.09683	0.03886	0.09134	0.04101	0.03010	0.09812	0.09524	0.06384	0.04393	0.02522	0.03081	0.02009	0.02367	0.08835	0.00602	0.01655	0.01051	0.00752	0.01512
6	0.34985	0.02231	0.02701	0.08684	0.03591	0.02428	0.06295	0.03665	0.02454	0.10561	0.02861	0.04141	0.02395	0.01473	0.01059	0.00405	0.01164	0.06649	0.00851	0.01408
7	0.02311	0.02160	0.03070	0.02728	0.02804	0.02919	0.02236	0.02633	0.01875	0.02859	0.02157	0.03368	0.02081	0.04536	0.21162	0.01021	0.37145	0.01136	0.00568	0.01231
8	0.01584	0.01097	0.01361	0.01524	0.01564	0.01056	0.00955	0.01706	0.02072	0.02763	0.05446	0.36463	0.06462	0.26278	0.03450	0.00771	0.00893	0.02723	0.00955	0.00874
9	0.02746	0.02280	0.04099	0.14194	0.11704	0.02277	0.14028	0.03453	0.02844	0.09611	0.10320	0.09720	0.04033	0.01626	0.01328	0.00398	0.01367	0.01594	0.00863	0.01518
10	0.03612	0.02400	0.03865	0.24876	0.05821	0.02542	0.09077	0.08515	0.03142	0.19294	0.03110	0.03470	0.02130	0.01293	0.01238	0.00388	0.01450	0.01169	0.00925	0.01684
11	0.02018	0.01244	0.01531	0.01618	0.01897	0.01225	0.01319	0.02578	0.02795	0.04217	0.14066	0.08856	0.06215	0.02347	0.01270	0.00404	0.00771	0.16954	0.27557	0.01119
12	0.02650	0.01363	0.01832	0.01792	0.02141	0.01229	0.01310	0.02979	0.02775	0.17373	0.11387	0.35491	0.06915	0.02938	0.01426	0.00441	0.00778	0.02618	0.01252	0.01311
13	0.02544	0.02515	0.04504	0.28836	0.13374	0.02653	0.13469	0.03350	0.02573	0.03500	0.02229	0.03091	0.01726	0.01097	0.01214	0.00367	0.01589	0.01109	0.00585	0.09675
14	0.13337	0.01984	0.02272	0.01891	0.02579	0.01970	0.01517	0.10104	0.03241	0.23806	0.04056	0.09132	0.03132	0.01645	0.01099	0.00364	0.00925	0.01319	0.13989	0.01639
15	0.01561	0.01179	0.01442	0.01473	0.01735	0.01060	0.01068	0.01960	0.02928	0.03919	0.27713	0.22347	0.21288	0.02970	0.01451	0.00415	0.00614	0.02606	0.01211	0.01060
16	0.02236	0.01372	0.01893	0.08247	0.02698	0.01353	0.01436	0.02563	0.02518	0.10515	0.09628	0.30061	0.06207	0.11040	0.02119	0.00550	0.00917	0.02416	0.01065	0.01165
17	0.09882	0.02416	0.03222	0.03586	0.16793	0.02329	0.02227	0.04411	0.09544	0.14749	0.03122	0.03236	0.02319	0.01212	0.01085	0.00328	0.01092	0.01020	0.00931	0.16497
18	0.02037	0.01331	0.01707	0.01699	0.01909	0.01399	0.01231	0.02593	0.08579	0.03402	0.09442	0.12671	0.04603	0.03938	0.10263	0.20321	0.01194	0.01631	0.09029	0.01021
19	0.02209	0.01408	0.01934	0.09082	0.02853	0.01369	0.01503	0.02624	0.02768	0.10625	0.15128	0.25992	0.12375	0.02712	0.01402	0.00426	0.00836	0.02396	0.01133	0.01224
20	0.03177	0.01769	0.02166	0.01962	0.02454	0.01756	0.01465	0.04215	0.13704	0.19274	0.05163	0.19416	0.04737	0.10566	0.02039	0.00532	0.00937	0.01940	0.01208	0.01519
21	0.09114	0.02153	0.02407	0.01822	0.02738	0.01862	0.01458	0.07264	0.02891	0.04562	0.08796	0.03386	0.03097	0.01188	0.00981	0.00244	0.00893	0.00948	0.00850	0.43346

[dist]
# distance from previous block
# <min> <max>
7	12

[block]
# block no. 6 follows, 9 sequences, length 31
# corresponding to MSA columns:
# 498-528
name=unknown_G
#
# <colnr> <probs for GDERKNQSTAVLIFYWHMCP>
#	G	D	E	R	K	N	Q	S	T	A	V	L	I	F	Y	W	H	M	C	P
0	0.03531	0.03103	0.15491	0.02395	0.03384	0.02117	0.02376	0.09375	0.03469	0.20954	0.15641	0.04822	0.04683	0.01648	0.01247	0.00375	0.01141	0.01364	0.01150	0.01736
1	0.15720	0.11568	0.03300	0.08839	0.03613	0.02557	0.01936	0.04699	0.02887	0.28429	0.03334	0.03227	0.02254	0.01307	0.01051	0.00357	0.01126	0.00995	0.01066	0.01735
2	0.21367	0.03546	0.11437	0.02898	0.03720	0.08272	0.08015	0.03995	0.08043	0.04171	0.02256	0.02680	0.01778	0.01365	0.01578	0.00404	0.11304	0.00965	0.00694	0.01511
3	0.29481	0.13175	0.09490	0.10996	0.03982	0.08371	0.02294	0.03640	0.02386	0.04086	0.01835	0.02259	0.01451	0.01132	0.00914	0.00351	0.01347	0.00764	0.00625	0.01423
4	0.02413	0.06223	0.51483	0.03429	0.05207	0.02794	0.04445	0.03810	0.02540	0.03810	0.02159	0.02540	0.01524	0.01143	0.01143	0.00381	0.01778	0.00889	0.00508	0.01778
5	0.22029	0.13340	0.14564	0.02272	0.03303	0.02797	0.02333	0.03952	0.02569	0.12977	0.02817	0.03604	0.02253	0.01388	0.01019	0.00371	0.01231	0.04781	0.00822	0.01581
6	0.03270	0.03827	0.16769	0.08855	0.04699	0.08626	0.08385	0.04091	0.02828	0.12260	0.02623	0.02936	0.01887	0.01163	0.01146	0.00340	0.01544	0.00991	0.00753	0.13008
7	0.01506	0.01078	0.01432	0.01648	0.01754	0.01004	0.01120	0.01775	0.02488	0.03365	0.13834	0.48890	0.08527	0.03550	0.01516	0.00470	0.00676	0.03212	0.01152	0.01004
8	0.01687	0.01720	0.07606	0.01790	0.02121	0.01222	0.01480	0.01930	0.02282	0.03020	0.06280	0.32405	0.13730	0.03385	0.02031	0.11974	0.00878	0.02522	0.00935	0.01002
9	0.03226	0.42924	0.14066	0.02383	0.03539	0.04294	0.02510	0.08433	0.02823	0.03540	0.01896	0.02147	0.01597	0.01096	0.00887	0.00291	0.01379	0.00737	0.00591	0.01642
10	0.33881	0.01922	0.01862	0.01618	0.02266	0.02029	0.01305	0.03757	0.02607	0.15124	0.08918	0.03755	0.03267	0.01419	0.00949	0.00358	0.00842	0.01049	0.11657	0.01413
11	0.02544	0.01254	0.01410	0.01314	0.01675	0.01204	0.01005	0.03094	0.02785	0.10317	0.11683	0.05192	0.04457	0.01590	0.00984	0.00308	0.00619	0.01309	0.46016	0.01239
12	0.02591	0.02464	0.04185	0.33394	0.27226	0.02757	0.03500	0.03353	0.02557	0.03461	0.02195	0.03104	0.01740	0.01144	0.01198	0.00381	0.01525	0.01070	0.00562	0.01594
13	0.04056	0.02266	0.03260	0.02500	0.03327	0.02184	0.09030	0.12143	0.03523	0.23943	0.03821	0.03827	0.02640	0.01380	0.01155	0.00354	0.01135	0.01201	0.16503	0.01752
14	0.01503	0.01119	0.01410	0.01626	0.01792	0.01026	0.01152	0.01767	0.02448	0.03164	0.07856	0.42447	0.17256	0.03563	0.01523	0.00477	0.00719	0.07038	0.01116	0.00999
15	0.13805	0.02101	0.02262	0.01981	0.02559	0.02226	0.01547	0.16448	0.03453	0.10106	0.04099	0.18785	0.03869	0.02065	0.01179	0.00391	0.00950	0.01709	0.08969	0.01496
16	0.04502	0.02215	0.02757	0.02204	0.03028	0.02150	0.01789	0.10576	0.11193	0.33060	0.09272	0.04528	0.03863	0.01610	0.01234	0.00378	0.01001	0.01321	0.01392	0.01927
17	0.01908	0.01160	0.01553	0.01728	0.01894	0.01066	0.01190	0.02147	0.02432	0.08469	0.06419	0.50986	0.07397	0.03513	0.01499	0.00476	0.00735	0.03172	0.01159	0.01098
18	0.04762	0.02063	0.02618	0.02051	0.02877	0.01914	0.01680	0.10567	0.03575	0.37615	0.04368	0.04005	0.02875	0.01469	0.01147	0.00355	0.00985	0.01179	0.12003	0.01892
19	0.03572	0.03041	0.09477	0.08704	0.04332	0.02739	0.07030	0.16696	0.07431	0.13313	0.03535	0.08599	0.02794	0.01587	0.01254	0.00391	0.01340	0.01369	0.01023	0.01771
20	0.03343	0.02096	0.02251	0.01936	0.02487	0.08048	0.01508	0.03842	0.03419	0.20583	0.27885	0.06412	0.07185	0.01966	0.01303	0.00367	0.00933	0.01660	0.01290	0.01485
21	0.02632	0.02632	0.03685	0.03159	0.03159	0.03685	0.02632	0.02895	0.01843	0.02895	0.01579	0.02632	0.01579	0.02106	0.03948	0.00526	0.55515	0.01053	0.00526	0.01316
22	0.02647	0.07869	0.03361	0.13748	0.04170	0.02793	0.02210	0.03790	0.12066	0.03694	0.02587	0.03043	0.02089	0.01334	0.01531	0.00342	0.10260	0.00979	0.00732	0.20755
23	0.03774	0.01943	0.02479	0.01973	0.02696	0.01760	0.01566	0.08730	0.03204	0.23800	0.09186	0.04207	0.03549	0.01949	0.01764	0.11175	0.00981	0.01199	0.01136	0.12928
24	0.03815	0.03484	0.09164	0.11997	0.04465	0.11793	0.02560	0.09263	0.10853	0.15548	0.03263	0.03331	0.02310	0.01369	0.01179	0.00372	0.01450	0.01078	0.00964	0.01744
25	0.16677	0.19061	0.03148	0.01772	0.02382	0.02646	0.01465	0.03226	0.02346	0.09586	0.03311	0.13030	0.03296	0.11104	0.01857	0.00491	0.01050	0.01400	0.00834	0.01319
26	0.01615	0.01110	0.01352	0.01485	0.01518	0.01076	0.00913	0.01714	0.02013	0.02684	0.05142	0.31203	0.06078	0.32062	0.03942	0.00844	0.00944	0.02544	0.00913	0.00847
27	0.02646	0.08314	0.07171	0.01964	0.02591	0.01850	0.01775	0.03252	0.03139	0.12775	0.25882	0.07277	0.07208	0.02107	0.01313	0.00387	0.00917	0.06869	0.01157	0.01406
28	0.03712	0.12905	0.09868	0.07978	0.03978	0.02979	0.02412	0.08988	0.12523	0.17421	0.03436	0.03377	0.02441	0.01357	0.01125	0.00362	0.01244	0.01071	0.01004	0.01818
29	0.03834	0.01892	0.02451	0.01951	0.02765	0.01576	0.01550	0.04273	0.02959	0.28547	0.04329	0.13265	0.03537	0.01731	0.01176	0.00337	0.00926	0.01468	0.01195	0.20239
30	0.14467	0.02292	0.02337	0.01981	0.02621	0.02481	0.01579	0.21091	0.03764	0.05657	0.04291	0.10609	0.07852	0.01836	0.01125	0.00370	0.00973	0.01456	0.11700	0.01517

[dist]
# distance from previous block
# <min> <max>
3	25

[block]
# block no. 7 follows, 9 sequences, length 20
# corresponding to MSA columns:
# 555-574
name=unknown_H
#
# <colnr> <probs for GDERKNQSTAVLIFYWHMCP>
#	G	D	E	R	K	N	Q	S	T	A	V	L	I	F	Y	W	H	M	C	P
0	0.14938	0.13170	0.14771	0.07767	0.04279	0.03334	0.06733	0.07635	0.02657	0.04123	0.02002	0.02497	0.01579	0.01264	0.01399	0.00379	0.08373	0.00907	0.00636	0.01558
1	0.37737	0.02576	0.02918	0.11306	0.03980	0.02922	0.05874	0.11591	0.02867	0.05273	0.02054	0.02465	0.01543	0.01185	0.00972	0.00378	0.01221	0.00875	0.00783	0.01479
2	0.29823	0.02724	0.02348	0.02035	0.02740	0.07288	0.01627	0.12156	0.10850	0.05411	0.02766	0.02913	0.02103	0.01316	0.00958	0.00359	0.01074	0.00927	0.09051	0.01533
3	0.02631	0.01392	0.01816	0.01676	0.02029	0.01272	0.01221	0.02984	0.02856	0.16118	0.19540	0.18172	0.07071	0.12968	0.02282	0.00551	0.00830	0.02118	0.01209	0.01263
4	0.01466	0.01047	0.01396	0.01675	0.01745	0.00977	0.01117	0.01675	0.02304	0.03071	0.06631	0.56931	0.07958	0.03769	0.01536	0.00489	0.00698	0.03420	0.01117	0.00977
5	0.15427	0.08102	0.12238	0.02313	0.03401	0.02645	0.02243	0.09910	0.03101	0.17433	0.02828	0.02843	0.01985	0.01231	0.01030	0.00337	0.01197	0.00914	0.00940	0.09881
6	0.02280	0.01314	0.01714	0.01730	0.02055	0.01190	0.01290	0.02628	0.02763	0.12483	0.12495	0.30722	0.12977	0.03031	0.01455	0.00447	0.00768	0.06226	0.01213	0.01218
7	0.01504	0.01102	0.01423	0.01664	0.01798	0.01020	0.01166	0.01758	0.02406	0.03145	0.07355	0.46796	0.13486	0.03631	0.01532	0.00484	0.00724	0.06896	0.01116	0.00995
8	0.19992	0.03110	0.09636	0.02832	0.03832	0.02805	0.10416	0.08533	0.11529	0.11187	0.03022	0.03132	0.02177	0.01280	0.01121	0.00385	0.01301	0.01078	0.00923	0.01709
9	0.09187	0.12016	0.21261	0.03096	0.04304	0.12500	0.08469	0.04150	0.02772	0.08230	0.02277	0.02574	0.01690	0.01161	0.01087	0.00352	0.01667	0.00911	0.00660	0.01636
10	0.01458	0.01080	0.01362	0.01589	0.01722	0.00985	0.01078	0.01685	0.02387	0.03105	0.07687	0.48315	0.15893	0.03632	0.01514	0.00473	0.00681	0.03253	0.01117	0.00985
11	0.03174	0.02234	0.02426	0.02155	0.02793	0.02472	0.01684	0.05640	0.33385	0.11125	0.04692	0.04435	0.03467	0.01569	0.01150	0.00379	0.00887	0.01295	0.13262	0.01775
12	0.02310	0.01781	0.02240	0.09114	0.03135	0.01920	0.01713	0.10770	0.07290	0.04115	0.05151	0.34457	0.05573	0.02779	0.01398	0.00445	0.00963	0.02464	0.01065	0.01317
13	0.04212	0.03728	0.20522	0.02687	0.03929	0.02391	0.02804	0.10283	0.03400	0.28383	0.03572	0.03378	0.02333	0.01358	0.01185	0.00374	0.01335	0.01078	0.01097	0.01950
14	0.02519	0.01312	0.01637	0.01548	0.01907	0.01217	0.01161	0.02987	0.02901	0.13119	0.17652	0.17153	0.06480	0.02237	0.01227	0.00371	0.00681	0.01940	0.20682	0.01270
15	0.01470	0.01174	0.01316	0.01379	0.01679	0.01021	0.00997	0.01783	0.02710	0.03404	0.15489	0.23369	0.33649	0.03165	0.01452	0.00425	0.00628	0.02728	0.01144	0.01021
16	0.03972	0.03672	0.12415	0.12620	0.04666	0.11215	0.02741	0.10194	0.03367	0.18830	0.03013	0.03137	0.02070	0.01320	0.01173	0.00367	0.01515	0.01030	0.00933	0.01749
17	0.04443	0.02426	0.03576	0.02705	0.03628	0.02300	0.09407	0.12833	0.03756	0.30183	0.08326	0.04192	0.03411	0.01492	0.01265	0.00377	0.01210	0.01315	0.01267	0.01886
18	0.43561	0.07721	0.06596	0.01946	0.02841	0.02902	0.01772	0.07908	0.02605	0.09576	0.02124	0.02294	0.01574	0.01178	0.00869	0.00362	0.01080	0.00765	0.00819	0.01506
19	0.26384	0.02223	0.02265	0.01867	0.02614	0.02351	0.01525	0.12116	0.03191	0.17646	0.03140	0.03175	0.02222	0.01331	0.00972	0.00353	0.00960	0.00969	0.13090	0.01606

[dist]
# distance from previous block
# <min> <max>
1	6

[block]
# block no. 8 follows, 9 sequences, length 23
# corresponding to MSA columns:
# 581-603
name=unknown_I
#
# <colnr> <probs for GDERKNQSTAVLIFYWHMCP>
#	G	D	E	R	K	N	Q	S	T	A	V	L	I	F	Y	W	H	M	C	P
0	0.09738	0.21411	0.03852	0.02231	0.02903	0.12904	0.01907	0.03861	0.02630	0.08409	0.02338	0.02659	0.01894	0.01319	0.01297	0.00329	0.08311	0.00850	0.09702	0.01455
1	0.02708	0.15024	0.26834	0.02720	0.04013	0.02946	0.03061	0.07838	0.02814	0.03950	0.02582	0.07856	0.02252	0.01382	0.01086	0.00341	0.01420	0.01091	0.00667	0.09415
2	0.46542	0.03528	0.17098	0.02152	0.03215	0.02728	0.02272	0.03621	0.02199	0.04908	0.01824	0.02135	0.01371	0.01125	0.00867	0.00375	0.01192	0.00725	0.00672	0.01449
3	0.11288	0.02602	0.03492	0.02751	0.03561	0.02723	0.10645	0.12269	0.14229	0.04858	0.02957	0.03287	0.02284	0.01637	0.01588	0.08262	0.01244	0.01120	0.00894	0.08311
4	0.02493	0.01216	0.01645	0.01548	0.01763	0.01166	0.01112	0.02462	0.02255	0.09277	0.09509	0.04629	0.03708	0.03050	0.03038	0.34958	0.00881	0.01241	0.13126	0.00923
5	0.01975	0.02042	0.07876	0.02050	0.02521	0.01648	0.01773	0.03030	0.10688	0.04054	0.17524	0.22360	0.07220	0.02658	0.01418	0.00440	0.00892	0.07418	0.01117	0.01297
6	0.10750	0.21506	0.10089	0.02219	0.03118	0.03139	0.02147	0.03589	0.02554	0.08650	0.07039	0.03098	0.02702	0.01351	0.01277	0.00333	0.06903	0.00944	0.00749	0.07843
7	0.02429	0.18136	0.30613	0.02751	0.04013	0.02929	0.03211	0.03346	0.02471	0.03425	0.02905	0.12918	0.02774	0.01623	0.01127	0.00371	0.01447	0.01318	0.00628	0.01565
8	0.03157	0.01644	0.01917	0.01642	0.02159	0.01609	0.01296	0.09012	0.03309	0.15526	0.12815	0.05062	0.04526	0.01632	0.01084	0.00331	0.00766	0.01341	0.29721	0.01454
9	0.02495	0.02016	0.02631	0.07946	0.08076	0.02180	0.02072	0.08616	0.12496	0.04227	0.04861	0.19978	0.04876	0.02415	0.01385	0.00446	0.01073	0.09715	0.01037	0.01460
10	0.02916	0.26147	0.11000	0.10841	0.19811	0.03613	0.03064	0.03590	0.02550	0.03350	0.01990	0.02521	0.01671	0.01080	0.01014	0.00325	0.01436	0.00872	0.00544	0.01667
11	0.02326	0.02150	0.02100	0.02264	0.02560	0.11262	0.01827	0.02755	0.02788	0.03353	0.05556	0.21212	0.06119	0.03021	0.01521	0.00492	0.01220	0.25323	0.01015	0.01134
12	0.01666	0.01097	0.01400	0.01625	0.01758	0.01048	0.01150	0.01980	0.02395	0.03401	0.06080	0.42191	0.06905	0.03264	0.01415	0.00455	0.00715	0.07069	0.13366	0.01019
13	0.01569	0.01107	0.01423	0.01572	0.01672	0.01046	0.01045	0.01810	0.02420	0.03284	0.14780	0.37723	0.07952	0.13947	0.02400	0.00598	0.00762	0.02845	0.01084	0.00961
14	0.02757	0.28568	0.32150	0.02843	0.04300	0.03636	0.03424	0.03721	0.02499	0.03391	0.01951	0.02279	0.01533	0.01094	0.00984	0.00328	0.01568	0.00784	0.00511	0.01678
