[name]
unknown

[dist]
# distance from previous block
# <min> <max>
0	237

[block]
# block no. 0 follows, 13 sequences, length 8
# corresponding to MSA columns:
# 301-308
name=unknown_A
#
# <colnr> <probs for GDERKNQSTAVLIFYWHMCP>
#	G	D	E	R	K	N	Q	S	T	A	V	L	I	F	Y	W	H	M	C	P
0	0.01481	0.01044	0.01382	0.01581	0.01695	0.01016	0.01174	0.01738	0.02079	0.02743	0.05285	0.34200	0.06090	0.14177	0.02134	0.00560	0.00817	0.19029	0.00916	0.00859
1	0.70310	0.02045	0.01554	0.01390	0.02045	0.02372	0.01145	0.03108	0.01799	0.04744	0.01472	0.01718	0.01145	0.00981	0.00654	0.00327	0.00818	0.00573	0.00654	0.01145
2	0.02121	0.05469	0.57364	0.03014	0.04576	0.02455	0.03906	0.03348	0.02232	0.03348	0.01897	0.02232	0.01339	0.01005	0.01005	0.00335	0.01563	0.00781	0.00446	0.01563
3	0.70310	0.02045	0.01554	0.01390	0.02045	0.02372	0.01145	0.03108	0.01799	0.04744	0.01472	0.01718	0.01145	0.00981	0.00654	0.00327	0.00818	0.00573	0.00654	0.01145
4	0.02630	0.02271	0.02391	0.02152	0.02749	0.02630	0.01674	0.05618	0.54336	0.04423	0.04303	0.03945	0.03228	0.01434	0.01076	0.00359	0.00837	0.01195	0.01076	0.01674
5	0.01538	0.01025	0.01153	0.01153	0.01153	0.01025	0.00641	0.01538	0.01538	0.02050	0.03331	0.06919	0.03844	0.62842	0.05382	0.01025	0.01025	0.01538	0.00641	0.00641
6	0.70310	0.02045	0.01554	0.01390	0.02045	0.02372	0.01145	0.03108	0.01799	0.04744	0.01472	0.01718	0.01145	0.00981	0.00654	0.00327	0.00818	0.00573	0.00654	0.01145
7	0.02194	0.02203	0.04098	0.39874	0.12025	0.02452	0.15997	0.02940	0.02246	0.02962	0.01959	0.02806	0.01489	0.01001	0.01106	0.00349	0.01491	0.01021	0.00493	0.01294

[dist]
# distance from previous block
# <min> <max>
0	17

[block]
# block no. 1 follows, 13 sequences, length 44
# corresponding to MSA columns:
# 363-406
name=unknown_B
#
# <colnr> <probs for GDERKNQSTAVLIFYWHMCP>
#	G	D	E	R	K	N	Q	S	T	A	V	L	I	F	Y	W	H	M	C	P
0	0.01496	0.01081	0.01413	0.01330	0.01580	0.00998	0.00998	0.01995	0.02993	0.04240	0.55689	0.07898	0.09976	0.02162	0.01247	0.00333	0.00499	0.01912	0.01164	0.00998
1	0.01339	0.00957	0.01280	0.01494	0.01586	0.00898	0.01036	0.01575	0.02147	0.02880	0.10569	0.53271	0.07211	0.03174	0.01348	0.00424	0.00629	0.06302	0.00998	0.00881
2	0.02121	0.05469	0.57364	0.03014	0.04576	0.02455	0.03906	0.03348	0.02232	0.03348	0.01897	0.02232	0.01339	0.01005	0.01005	0.00335	0.01563	0.00781	0.00446	0.01563
3	0.01971	0.00985	0.00985	0.00985	0.01232	0.00985	0.00739	0.02464	0.02217	0.03942	0.03449	0.03942	0.02710	0.01232	0.00739	0.00246	0.00493	0.00985	0.68712	0.00985
4	0.01789	0.00950	0.01425	0.01425	0.01453	0.00978	0.00978	0.01453	0.01425	0.01928	0.01983	0.03352	0.01955	0.04300	0.12158	0.59295	0.01200	0.00950	0.00475	0.00531
5	0.02827	0.63478	0.05540	0.01809	0.02714	0.04184	0.01809	0.03166	0.02148	0.02488	0.01470	0.01696	0.01357	0.00905	0.00678	0.00226	0.01131	0.00565	0.00452	0.01357
6	0.02287	0.01910	0.03037	0.49868	0.06466	0.02309	0.02700	0.03185	0.07174	0.07403	0.02302	0.02992	0.01684	0.01114	0.01059	0.00351	0.01312	0.00974	0.00598	0.01274
7	0.02071	0.01878	0.02984	0.10173	0.29407	0.01881	0.02295	0.02621	0.02519	0.03473	0.16333	0.05069	0.11893	0.01514	0.01127	0.00329	0.00979	0.01373	0.00743	0.01338
8	0.02719	0.02459	0.03256	0.27077	0.12653	0.06003	0.02567	0.13851	0.07772	0.03808	0.02220	0.02748	0.01701	0.01178	0.01216	0.00343	0.05382	0.00951	0.00665	0.01431
9	0.09501	0.03376	0.22577	0.19103	0.11517	0.02457	0.10405	0.03139	0.02214	0.03340	0.01894	0.02476	0.01418	0.00992	0.01022	0.00339	0.01436	0.00891	0.00498	0.01406
10	0.02673	0.26390	0.20988	0.07190	0.03757	0.03222	0.02574	0.09889	0.07521	0.03505	0.02048	0.02283	0.01592	0.01047	0.00900	0.00295	0.01266	0.00775	0.00590	0.01494
11	0.01597	0.01266	0.01963	0.12190	0.02854	0.01506	0.01611	0.02034	0.01774	0.02499	0.02661	0.03915	0.02422	0.06699	0.48341	0.01458	0.02577	0.01098	0.00549	0.00985
12	0.01713	0.01037	0.01218	0.01173	0.01421	0.00992	0.00880	0.02209	0.02639	0.04104	0.31825	0.06091	0.06657	0.01737	0.01015	0.00293	0.00496	0.01489	0.32020	0.00992
13	0.04744	0.01799	0.02454	0.01881	0.02699	0.01554	0.01554	0.05153	0.03026	0.56979	0.04171	0.03599	0.02617	0.01309	0.01063	0.00327	0.00900	0.01063	0.01309	0.01799
14	0.01380	0.01060	0.01262	0.01246	0.01517	0.00943	0.00922	0.01756	0.02666	0.03545	0.33131	0.14576	0.27209	0.02482	0.01259	0.00352	0.00525	0.02151	0.01075	0.00943
15	0.02617	0.02512	0.04292	0.06490	0.56246	0.02512	0.03245	0.03245	0.02407	0.03454	0.01989	0.02617	0.01675	0.00942	0.01047	0.00314	0.01256	0.00942	0.00523	0.01675
16	0.01375	0.01076	0.01245	0.01202	0.01505	0.00946	0.00902	0.01760	0.02705	0.03558	0.33514	0.09021	0.32577	0.02416	0.01248	0.00345	0.00517	0.02070	0.01074	0.00946
17	0.01323	0.01074	0.01174	0.01149	0.01473	0.00924	0.00861	0.01660	0.02584	0.03270	0.24172	0.09494	0.42098	0.02523	0.01249	0.00350	0.00525	0.02136	0.01036	0.00924
18	0.01997	0.01879	0.03171	0.60301	0.07282	0.02349	0.02936	0.02701	0.02114	0.02701	0.01879	0.02819	0.01409	0.01057	0.01057	0.00352	0.01409	0.00940	0.00470	0.01175
19	0.03738	0.04605	0.02781	0.02538	0.03051	0.52431	0.01903	0.04034	0.02913	0.02733	0.01829	0.02125	0.01506	0.01105	0.00930	0.00270	0.01755	0.00714	0.07840	0.01200
20	0.01403	0.01077	0.01284	0.01233	0.01523	0.00958	0.00924	0.01815	0.02773	0.03719	0.38744	0.08756	0.27246	0.02356	0.01248	0.00342	0.00513	0.02032	0.01095	0.00958
21	0.02530	0.17250	0.05476	0.03396	0.04407	0.02850	0.32740	0.03227	0.02368	0.03180	0.01940	0.02478	0.01539	0.00879	0.01043	0.00296	0.01479	0.00993	0.00528	0.11402
22	0.02617	0.02512	0.04292	0.06490	0.56246	0.02512	0.03245	0.03245	0.02407	0.03454	0.01989	0.02617	0.01675	0.00942	0.01047	0.00314	0.01256	0.00942	0.00523	0.01675
23	0.01510	0.01133	0.01699	0.01699	0.01888	0.01322	0.01322	0.01888	0.01699	0.02454	0.02832	0.04154	0.02643	0.07930	0.58652	0.01699	0.02832	0.01133	0.00566	0.00944
24	0.02088	0.01972	0.03336	0.52379	0.14490	0.02373	0.02982	0.02781	0.02157	0.02812	0.01895	0.02789	0.01449	0.01040	0.01056	0.00347	0.01387	0.00940	0.00478	0.01248
25	0.02986	0.39727	0.04534	0.02052	0.02726	0.03570	0.01892	0.03309	0.02151	0.10523	0.01848	0.02124	0.01550	0.01191	0.01405	0.00298	0.15434	0.00725	0.00581	0.01374
26	0.04744	0.01799	0.02454	0.01881	0.02699	0.01554	0.01554	0.05153	0.03026	0.56979	0.04171	0.03599	0.02617	0.01309	0.01063	0.00327	0.00900	0.01063	0.01309	0.01799
27	0.04744	0.01799	0.02454	0.01881	0.02699	0.01554	0.01554	0.05153	0.03026	0.56979	0.04171	0.03599	0.02617	0.01309	0.01063	0.00327	0.00900	0.01063	0.01309	0.01799
28	0.01838	0.01408	0.02085	0.02616	0.10148	0.01408	0.01931	0.02346	0.02430	0.03207	0.05067	0.10556	0.05436	0.02629	0.01399	0.00461	0.01015	0.42036	0.00907	0.01077
29	0.01336	0.01074	0.01191	0.01162	0.01481	0.00929	0.00871	0.01684	0.02614	0.03339	0.26417	0.09380	0.39810	0.02497	0.01249	0.00348	0.00523	0.02120	0.01045	0.00929
30	0.02121	0.05469	0.57364	0.03014	0.04576	0.02455	0.03906	0.03348	0.02232	0.03348	0.01897	0.02232	0.01339	0.01005	0.01005	0.00335	0.01563	0.00781	0.00446	0.01563
31	0.01307	0.00991	0.01206	0.01327	0.01508	0.00890	0.00929	0.01563	0.02286	0.02975	0.14680	0.38073	0.22548	0.02947	0.01304	0.00393	0.00572	0.02605	0.01008	0.00890
32	0.02304	0.21199	0.37168	0.08810	0.04348	0.02924	0.03220	0.03228	0.02196	0.03040	0.01777	0.02146	0.01352	0.00982	0.00920	0.00307	0.01426	0.00738	0.00451	0.01464
33	0.01941	0.01179	0.01556	0.01406	0.01733	0.01074	0.01074	0.02427	0.02997	0.11459	0.48637	0.07309	0.08969	0.02045	0.01222	0.00332	0.00554	0.01796	0.01184	0.01107
34	0.01288	0.00920	0.01227	0.01472	0.01534	0.00859	0.00981	0.01472	0.02024	0.02699	0.05828	0.62152	0.06993	0.03312	0.01350	0.00429	0.00613	0.03006	0.00981	0.00859
35	0.03011	0.03346	0.03625	0.10610	0.27862	0.22876	0.02708	0.03489	0.02531	0.02993	0.01804	0.02359	0.01512	0.01075	0.01193	0.00314	0.05906	0.00846	0.00521	0.01420
36	0.02700	0.02710	0.10488	0.02260	0.03015	0.02531	0.01994	0.05252	0.43153	0.07862	0.03940	0.03669	0.02908	0.01363	0.01064	0.00353	0.00948	0.01125	0.00999	0.01666
37	0.01306	0.00979	0.01212	0.01352	0.01513	0.00886	0.00938	0.01552	0.02249	0.02940	0.13579	0.41853	0.19796	0.03001	0.01311	0.00398	0.00579	0.02666	0.01005	0.00886
38	0.12948	0.02977	0.19118	0.02440	0.03409	0.02016	0.08776	0.03687	0.02431	0.20431	0.03005	0.09082	0.02354	0.01329	0.01040	0.00344	0.01171	0.01139	0.00818	0.01483
39	0.02675	0.03167	0.19056	0.12786	0.26929	0.02341	0.03157	0.03456	0.02399	0.10639	0.02245	0.02671	0.01669	0.01027	0.01038	0.00327	0.01318	0.00912	0.00601	0.01586
40	0.15376	0.03475	0.02813	0.10929	0.03589	0.27103	0.02038	0.09952	0.02763	0.03518	0.01733	0.02133	0.01390	0.01170	0.01198	0.00320	0.07856	0.00761	0.00612	0.01271
41	0.02827	0.63478	0.05540	0.01809	0.02714	0.04184	0.01809	0.03166	0.02148	0.02488	0.01470	0.01696	0.01357	0.00905	0.00678	0.00226	0.01131	0.00565	0.00452	0.01357
42	0.02333	0.02320	0.10237	0.01766	0.02698	0.01539	0.01610	0.02864	0.02206	0.07773	0.02212	0.02767	0.01838	0.06782	0.01278	0.00280	0.00931	0.00773	0.00658	0.47137
43	0.10424	0.03111	0.13057	0.10822	0.03786	0.07808	0.02283	0.16887	0.03087	0.11267	0.02386	0.02594	0.01703	0.01143	0.00976	0.00320	0.01236	0.00868	0.04753	0.01490

[dist]
# distance from previous block
# <min> <max>
0	4

[block]
# block no. 2 follows, 13 sequences, length 73
# corresponding to MSA columns:
# 411-483
name=unknown_C
#
# <colnr> <probs for GDERKNQSTAVLIFYWHMCP>
#	G	D	E	R	K	N	Q	S	T	A	V	L	I	F	Y	W	H	M	C	P
0	0.40638	0.10902	0.11565	0.02151	0.03042	0.02671	0.09168	0.03194	0.02016	0.04024	0.01636	0.01962	0.01271	0.00962	0.00800	0.00319	0.01118	0.00703	0.00577	0.01280
1	0.02347	0.07178	0.10821	0.21597	0.13208	0.02329	0.08192	0.03037	0.02345	0.06856	0.06195	0.06399	0.02483	0.01227	0.01071	0.00336	0.01279	0.01120	0.00619	0.01362
2	0.02165	0.02117	0.02108	0.01957	0.02216	0.15025	0.04814	0.02369	0.02055	0.02449	0.02986	0.13170	0.03133	0.16391	0.15577	0.06885	0.01633	0.01395	0.00631	0.00924
3	0.02821	0.03159	0.03163	0.02760	0.02929	0.20421	0.02229	0.03065	0.02047	0.02558	0.01464	0.02187	0.01380	0.01614	0.02689	0.00404	0.42594	0.00849	0.00488	0.01178
4	0.01971	0.00985	0.00985	0.00985	0.01232	0.00985	0.00739	0.02464	0.02217	0.03942	0.03449	0.03942	0.02710	0.01232	0.00739	0.00246	0.00493	0.00985	0.68712	0.00985
5	0.01387	0.01076	0.01261	0.01215	0.01512	0.00951	0.00911	0.01783	0.02734	0.03626	0.35724	0.08909	0.30324	0.02391	0.01248	0.00343	0.00515	0.02054	0.01083	0.00951
6	0.03146	0.02129	0.03157	0.19579	0.08608	0.02258	0.06085	0.11517	0.05803	0.17920	0.03024	0.03690	0.02267	0.01292	0.01103	0.00347	0.01188	0.04509	0.00865	0.01512
7	0.01322	0.00944	0.01265	0.01510	0.01586	0.00888	0.01039	0.01530	0.02057	0.02736	0.05809	0.58120	0.06920	0.03281	0.01358	0.00434	0.00642	0.06709	0.00981	0.00868
8	0.01905	0.02000	0.06885	0.25917	0.11667	0.01934	0.06403	0.02488	0.02164	0.02903	0.03162	0.21473	0.03217	0.01736	0.01159	0.00371	0.01179	0.01605	0.00642	0.01190
9	0.02449	0.09796	0.35952	0.11866	0.04639	0.06731	0.03281	0.07257	0.02482	0.03381	0.01889	0.02278	0.01390	0.01031	0.00985	0.00322	0.01493	0.00794	0.00507	0.01478
10	0.02586	0.01330	0.01787	0.01598	0.01839	0.01334	0.01164	0.08825	0.02117	0.11169	0.02298	0.03184	0.01954	0.02980	0.03238	0.49181	0.00948	0.00946	0.00673	0.00849
11	0.01538	0.01025	0.01153	0.01153	0.01153	0.01025	0.00641	0.01538	0.01538	0.02050	0.03331	0.06919	0.03844	0.62842	0.05382	0.01025	0.01025	0.01538	0.00641	0.00641
12	0.02733	0.55735	0.12458	0.01970	0.02962	0.03953	0.02089	0.03190	0.02160	0.02602	0.01527	0.01768	0.01355	0.00918	0.00722	0.00241	0.01188	0.00594	0.00452	0.01384
13	0.01618	0.01290	0.01905	0.01843	0.02007	0.01577	0.01454	0.01976	0.01689	0.02466	0.02639	0.03908	0.02476	0.07118	0.51286	0.01534	0.10584	0.01105	0.00553	0.00972
14	0.02092	0.02512	0.10888	0.43855	0.06644	0.02414	0.10860	0.02896	0.02190	0.02896	0.01923	0.02746	0.01431	0.01024	0.01080	0.00351	0.01489	0.00967	0.00477	0.01266
15	0.64852	0.07014	0.01876	0.01424	0.02099	0.02518	0.01199	0.03113	0.01828	0.04561	0.01472	0.01716	0.01162	0.00975	0.00656	0.00319	0.00843	0.00572	0.00638	0.01162
16	0.02313	0.02313	0.03238	0.02776	0.02776	0.03238	0.02313	0.02545	0.01619	0.02545	0.01388	0.02313	0.01388	0.01851	0.03470	0.00463	0.60907	0.00925	0.00463	0.01157
17	0.01892	0.01175	0.01500	0.01364	0.01706	0.01056	0.01042	0.02344	0.02908	0.11068	0.41938	0.07672	0.16000	0.02127	0.01223	0.00336	0.00558	0.01848	0.01155	0.01089
18	0.01929	0.00994	0.01023	0.01016	0.01263	0.00987	0.00762	0.02422	0.02286	0.03968	0.08064	0.04291	0.03352	0.01314	0.00784	0.00254	0.00493	0.01067	0.62744	0.00987
19	0.01648	0.01177	0.01640	0.01884	0.02103	0.01169	0.01607	0.02095	0.02379	0.03102	0.05629	0.18630	0.06206	0.02973	0.01446	0.00479	0.00926	0.42973	0.00975	0.00958
20	0.01524	0.01099	0.01452	0.01413	0.01661	0.01027	0.01092	0.02021	0.02918	0.04096	0.49003	0.08436	0.09457	0.02263	0.01276	0.00353	0.00562	0.08215	0.01139	0.00994
21	0.01538	0.01025	0.01153	0.01153	0.01153	0.01025	0.00641	0.01538	0.01538	0.02050	0.03331	0.06919	0.03844	0.62842	0.05382	0.01025	0.01025	0.01538	0.00641	0.00641
22	0.02326	0.22352	0.42281	0.02663	0.04034	0.02958	0.03296	0.03295	0.02208	0.03098	0.01773	0.02076	0.01344	0.00975	0.00910	0.00303	0.01437	0.00718	0.00448	0.01503
23	0.02304	0.02145	0.03602	0.22425	0.33979	0.02289	0.02944	0.02937	0.02321	0.03184	0.02437	0.03922	0.02182	0.01242	0.01105	0.00349	0.01266	0.07373	0.00567	0.01427
24	0.01530	0.00969	0.01215	0.01351	0.01487	0.00960	0.00952	0.01835	0.02041	0.03052	0.04689	0.36343	0.05083	0.03283	0.08809	0.00542	0.00872	0.02129	0.21949	0.00909
25	0.70310	0.02045	0.01554	0.01390	0.02045	0.02372	0.01145	0.03108	0.01799	0.04744	0.01472	0.01718	0.01145	0.00981	0.00654	0.00327	0.00818	0.00573	0.00654	0.01145
26	0.01886	0.01361	0.01694	0.01538	0.01999	0.01125	0.01129	0.02199	0.02160	0.06770	0.04151	0.34371	0.04543	0.02173	0.01106	0.00314	0.00700	0.01930	0.00864	0.27989
27	0.04019	0.02962	0.03173	0.02433	0.03279	0.03279	0.02010	0.52721	0.04971	0.06663	0.02538	0.02538	0.01798	0.01269	0.01058	0.00317	0.01163	0.00952	0.01058	0.01798
28	0.01288	0.00920	0.01227	0.01472	0.01534	0.00859	0.00981	0.01472	0.02024	0.02699	0.05828	0.62152	0.06993	0.03312	0.01350	0.00429	0.00613	0.03006	0.00981	0.00859
29	0.01525	0.01076	0.01412	0.01412	0.01501	0.01165	0.00963	0.01703	0.01614	0.02241	0.03095	0.05611	0.03276	0.36864	0.30583	0.01344	0.01880	0.01346	0.00606	0.00784
30	0.02719	0.54612	0.13461	0.01993	0.02998	0.03920	0.02130	0.03194	0.02161	0.02619	0.01535	0.01778	0.01354	0.00920	0.00728	0.00243	0.01197	0.00598	0.00451	0.01388
31	0.01509	0.01056	0.01287	0.01287	0.01363	0.01091	0.00828	0.01626	0.01646	0.02216	0.03770	0.06461	0.07525	0.44158	0.18711	0.01147	0.01450	0.01487	0.00648	0.00738
32	0.01413	0.01010	0.01371	0.01615	0.01732	0.00967	0.01199	0.01689	0.02148	0.02839	0.05758	0.47018	0.06719	0.03194	0.01383	0.00447	0.00722	0.16904	0.00979	0.00893
33	0.02079	0.01964	0.03321	0.53118	0.13818	0.02371	0.02978	0.02774	0.02153	0.02802	0.01894	0.02792	0.01445	0.01042	0.01056	0.00347	0.01389	0.00940	0.00477	0.01241
34	0.02636	0.02434	0.03886	0.13924	0.40493	0.02558	0.02978	0.07286	0.06616	0.03672	0.02197	0.02745	0.01766	0.01024	0.01051	0.00324	0.01239	0.00962	0.00601	0.01609
35	0.03950	0.05039	0.02996	0.02724	0.03269	0.58597	0.02043	0.04222	0.02996	0.02588	0.01634	0.01907	0.01362	0.01090	0.00953	0.00272	0.01907	0.00681	0.00545	0.01226
36	0.21023	0.07775	0.02901	0.11295	0.03342	0.06862	0.01962	0.05883	0.02178	0.07177	0.01771	0.02250	0.01430	0.01282	0.01599	0.00356	0.18247	0.00794	0.00613	0.01260
37	0.01510	0.01133	0.01699	0.01699	0.01888	0.01322	0.01322	0.01888	0.01699	0.02454	0.02832	0.04154	0.02643	0.07930	0.58652	0.01699	0.02832	0.01133	0.00566	0.00944
38	0.02718	0.02340	0.03816	0.13390	0.40220	0.02414	0.02924	0.03528	0.06621	0.08154	0.02353	0.02840	0.01846	0.01031	0.01052	0.00324	0.01213	0.00973	0.00630	0.01614
39	0.02418	0.01872	0.02216	0.01594	0.02523	0.01422	0.01279	0.02882	0.02266	0.08175	0.02082	0.02317	0.01659	0.00829	0.00808	0.00172	0.00793	0.00665	0.00687	0.63342
40	0.01538	0.01025	0.01153	0.01153	0.01153	0.01025	0.00641	0.01538	0.01538	0.02050	0.03331	0.06919	0.03844	0.62842	0.05382	0.01025	0.01025	0.01538	0.00641	0.00641
41	0.02744	0.02293	0.02723	0.02103	0.02791	0.02381	0.01722	0.16966	0.02851	0.04152	0.01951	0.02320	0.01590	0.01177	0.01502	0.00276	0.15228	0.00791	0.00711	0.33728
42	0.01695	0.01159	0.01472	0.01476	0.01767	0.01010	0.01054	0.01972	0.02230	0.06891	0.09474	0.40286	0.09615	0.02629	0.01224	0.00366	0.00646	0.02345	0.00964	0.11725
43	0.03670	0.18392	0.03644	0.02513	0.07149	0.11880	0.01956	0.11323	0.02938	0.18459	0.02449	0.02507	0.01804	0.01174	0.01119	0.00300	0.05543	0.00838	0.00804	0.01537
44	0.01569	0.01196	0.01479	0.01612	0.01816	0.01201	0.01184	0.02263	0.10409	0.03137	0.08724	0.38788	0.09988	0.02848	0.01310	0.00416	0.00689	0.09350	0.01006	0.01014
45	0.01972	0.01186	0.01566	0.01411	0.01743	0.01079	0.01079	0.02457	0.02998	0.11955	0.48152	0.07269	0.08900	0.02037	0.01220	0.00332	0.00557	0.01788	0.01185	0.01115
46	0.02411	0.02687	0.05720	0.13907	0.05823	0.02619	0.44035	0.03271	0.02431	0.03271	0.02095	0.02846	0.01571	0.00919	0.01216	0.00356	0.01719	0.01196	0.00524	0.01383
47	0.03257	0.18371	0.03965	0.02900	0.10243	0.07575	0.05708	0.15198	0.10848	0.08123	0.02481	0.02598	0.01897	0.01118	0.00968	0.00300	0.01203	0.00897	0.00774	0.01577
48	0.01632	0.01144	0.01306	0.01285	0.01353	0.01191	0.00787	0.01926	0.06215	0.02292	0.03377	0.06434	0.03693	0.53009	0.09278	0.01020	0.01153	0.01475	0.00673	0.00756
49	0.30636	0.01770	0.01861	0.01543	0.02205	0.01793	0.01261	0.03908	0.02406	0.27647	0.02974	0.02897	0.02041	0.01165	0.00848	0.00314	0.00803	0.00854	0.11666	0.01408
50	0.02098	0.02511	0.11808	0.35459	0.16934	0.02292	0.03013	0.02830	0.02189	0.02965	0.02193	0.07001	0.01862	0.01188	0.01068	0.00347	0.01343	0.01066	0.00515	0.01320
51	0.02496	0.02852	0.06239	0.04456	0.05526	0.02674	0.52406	0.03387	0.02496	0.03387	0.02139	0.02852	0.01604	0.00891	0.01248	0.00357	0.01783	0.01248	0.00535	0.01426
52	0.01425	0.01049	0.01354	0.01561	0.01678	0.01026	0.01089	0.01854	0.06218	0.02870	0.05690	0.53864	0.06627	0.03135	0.01336	0.00428	0.00657	0.06218	0.00988	0.00932
53	0.01283	0.00940	0.01206	0.01419	0.01519	0.00863	0.00958	0.01478	0.02076	0.02720	0.06479	0.55214	0.13510	0.03228	0.01336	0.00420	0.00603	0.02902	0.00982	0.00863
54	0.02216	0.03001	0.16293	0.08271	0.11401	0.02354	0.19193	0.03024	0.02409	0.03405	0.10426	0.03434	0.02842	0.01207	0.01312	0.00350	0.05720	0.01158	0.00602	0.01383
55	0.04526	0.02148	0.02669	0.02047	0.02873	0.02071	0.01691	0.19421	0.03610	0.41887	0.03682	0.03281	0.02372	0.01297	0.01062	0.00324	0.00979	0.01030	0.01233	0.01799
56	0.01478	0.01067	0.01397	0.01343	0.01576	0.00985	0.00996	0.01949	0.02907	0.04104	0.51284	0.12691	0.09713	0.02263	0.01256	0.00341	0.00509	0.02009	0.01148	0.00985
57	0.04077	0.02296	0.02785	0.11277	0.03605	0.05297	0.01918	0.17170	0.03390	0.32233	0.03242	0.03104	0.02143	0.01247	0.01055	0.00326	0.01105	0.00993	0.01068	0.01669
58	0.01525	0.01077	0.01415	0.01415	0.01505	0.01167	0.00967	0.01705	0.01615	0.02244	0.03092	0.05594	0.03269	0.36536	0.30901	0.01348	0.01891	0.01344	0.00605	0.00786
59	0.01490	0.01066	0.01455	0.01674	0.01831	0.01030	0.01306	0.01835	0.02283	0.03027	0.09612	0.35440	0.06819	0.03047	0.01391	0.00448	0.00766	0.23566	0.00992	0.00921
60	0.02313	0.02313	0.03238	0.02776	0.02776	0.03238	0.02313	0.02545	0.01619	0.02545	0.01388	0.02313	0.01388	0.01851	0.03470	0.00463	0.60907	0.00925	0.00463	0.01157
61	0.02720	0.08816	0.31660	0.02647	0.03835	0.02818	0.02938	0.15855	0.10829	0.04263	0.02389	0.02527	0.01741	0.01128	0.01003	0.00326	0.01321	0.00870	0.00693	0.01622
62	0.01288	0.00920	0.01227	0.01472	0.01534	0.00859	0.00981	0.01472	0.02024	0.02699	0.05828	0.62152	0.06993	0.03312	0.01350	0.00429	0.00613	0.03006	0.00981	0.00859
63	0.19228	0.02552	0.03778	0.13531	0.19322	0.06568	0.13758	0.03223	0.02272	0.03567	0.01852	0.02431	0.01461	0.00970	0.00991	0.00330	0.01341	0.00901	0.00551	0.01371
64	0.01399	0.00965	0.01271	0.01496	0.01597	0.00917	0.01058	0.01648	0.02095	0.02862	0.05605	0.50740	0.06525	0.03092	0.01315	0.00422	0.00652	0.08999	0.06459	0.00884
65	0.01628	0.01239	0.01516	0.01419	0.01723	0.01207	0.01072	0.02440	0.09799	0.04152	0.45192	0.07554	0.12783	0.02106	0.01224	0.00338	0.00547	0.01842	0.01137	0.01079
66	0.02313	0.02313	0.03238	0.02776	0.02776	0.03238	0.02313	0.02545	0.01619	0.02545	0.01388	0.02313	0.01388	0.01851	0.03470	0.00463	0.60907	0.00925	0.00463	0.01157
67	0.02630	0.02271	0.02391	0.02152	0.02749	0.02630	0.01674	0.05618	0.54336	0.04423	0.04303	0.03945	0.03228	0.01434	0.01076	0.00359	0.00837	0.01195	0.01076	0.01674
68	0.02827	0.63478	0.05540	0.01809	0.02714	0.04184	0.01809	0.03166	0.02148	0.02488	0.01470	0.01696	0.01357	0.00905	0.00678	0.00226	0.01131	0.00565	0.00452	0.01357
69	0.01288	0.00920	0.01227	0.01472	0.01534	0.00859	0.00981	0.01472	0.02024	0.02699	0.05828	0.62152	0.06993	0.03312	0.01350	0.00429	0.00613	0.03006	0.00981	0.00859
70	0.02617	0.02512	0.04292	0.06490	0.56246	0.02512	0.03245	0.03245	0.02407	0.03454	0.01989	0.02617	0.01675	0.00942	0.01047	0.00314	0.01256	0.00942	0.00523	0.01675
71	0.02192	0.01879	0.02192	0.01566	0.02506	0.01409	0.01253	0.02662	0.02192	0.03445	0.01879	0.02192	0.01566	0.00783	0.00783	0.00157	0.00783	0.00626	0.00626	0.69305
72	0.07353	0.05206	0.53081	0.02889	0.04382	0.02449	0.03695	0.03330	0.02199	0.03455	0.01865	0.02193	0.01324	0.01003	0.00978	0.00334	0.01505	0.00765	0.00462	0.01531

[dist]
# distance from previous block
# <min> <max>
0	20

[block]
# block no. 3 follows, 13 sequences, length 13
# corresponding to MSA columns:
# 504-516
name=unknown_D
#
# <colnr> <probs for GDERKNQSTAVLIFYWHMCP>
#	G	D	E	R	K	N	Q	S	T	A	V	L	I	F	Y	W	H	M	C	P
0	0.03950	0.05039	0.02996	0.02724	0.03269	0.58597	0.02043	0.04222	0.02996	0.02588	0.01634	0.01907	0.01362	0.01090	0.00953	0.00272	0.01907	0.00681	0.00545	0.01226
1	0.01326	0.01074	0.01177	0.01151	0.01475	0.00925	0.00863	0.01665	0.02590	0.03283	0.24571	0.09474	0.41692	0.02519	0.01249	0.00349	0.00524	0.02133	0.01038	0.00925
2	0.01288	0.00920	0.01227	0.01472	0.01534	0.00859	0.00981	0.01472	0.02024	0.02699	0.05828	0.62152	0.06993	0.03312	0.01350	0.00429	0.00613	0.03006	0.00981	0.00859
3	0.01465	0.01176	0.01855	0.01807	0.02018	0.01097	0.07127	0.01782	0.02231	0.03021	0.13147	0.46625	0.06814	0.02844	0.01321	0.00406	0.00735	0.02626	0.00957	0.00948
4	0.02067	0.01935	0.08140	0.08894	0.02988	0.01684	0.01827	0.03078	0.12754	0.07316	0.08698	0.20588	0.04741	0.02107	0.01207	0.00388	0.00922	0.08511	0.00918	0.01236
5	0.11712	0.02608	0.02562	0.02058	0.02765	0.07331	0.01671	0.29971	0.03802	0.11310	0.02651	0.02712	0.01909	0.01219	0.00954	0.00305	0.01057	0.00901	0.10950	0.01552
6	0.02677	0.02607	0.03341	0.02620	0.03288	0.11210	0.15285	0.11712	0.02924	0.03782	0.08869	0.07890	0.03183	0.06579	0.01474	0.00373	0.01277	0.01268	0.00756	0.08885
7	0.10303	0.04321	0.37282	0.02623	0.03899	0.02464	0.03066	0.10586	0.02664	0.09928	0.02194	0.02370	0.01525	0.01074	0.00980	0.00331	0.01349	0.00814	0.00653	0.01576
8	0.11196	0.01349	0.01607	0.01540	0.01856	0.01470	0.01194	0.05621	0.02220	0.03446	0.09865	0.08753	0.08075	0.04524	0.26349	0.00934	0.01626	0.01350	0.05994	0.01031
9	0.07858	0.01884	0.02574	0.06538	0.02996	0.01938	0.07146	0.10989	0.06669	0.11653	0.18949	0.08336	0.04719	0.01610	0.01126	0.00341	0.00928	0.01412	0.00986	0.01347
10	0.02232	0.02650	0.11521	0.23755	0.21634	0.02352	0.09127	0.02995	0.02338	0.03234	0.06090	0.03066	0.02166	0.01078	0.01084	0.00337	0.01359	0.01031	0.00545	0.01405
11	0.03017	0.11752	0.02881	0.06882	0.02916	0.10183	0.01692	0.03432	0.02638	0.16584	0.14299	0.03758	0.03613	0.01386	0.01186	0.00305	0.05449	0.01069	0.00852	0.06108
12	0.09319	0.01980	0.02349	0.01823	0.02592	0.01866	0.01486	0.13327	0.03131	0.26444	0.08934	0.03439	0.02950	0.01266	0.00993	0.00292	0.00876	0.01009	0.01055	0.14867

[dist]
# distance from previous block
# <min> <max>
1	31

[block]
# block no. 4 follows, 13 sequences, length 24
# corresponding to MSA columns:
# 548-571
name=unknown_E
#
# <colnr> <probs for GDERKNQSTAVLIFYWHMCP>
#	G	D	E	R	K	N	Q	S	T	A	V	L	I	F	Y	W	H	M	C	P
0	0.02409	0.02093	0.03083	0.12907	0.21752	0.02252	0.02332	0.09096	0.02544	0.03574	0.02831	0.03386	0.06033	0.01770	0.05768	0.00430	0.05967	0.01040	0.04794	0.05939
1	0.06614	0.02131	0.03255	0.40463	0.14490	0.02495	0.02758	0.09149	0.02504	0.03454	0.01955	0.02682	0.01486	0.01060	0.01030	0.00340	0.01316	0.00919	0.00565	0.01334
2	0.01543	0.01193	0.01710	0.12564	0.02689	0.01227	0.01412	0.01983	0.02488	0.03395	0.26441	0.23881	0.07148	0.02363	0.01259	0.00378	0.00742	0.05635	0.00962	0.00987
3	0.02192	0.01879	0.02192	0.01566	0.02506	0.01409	0.01253	0.02662	0.02192	0.03445	0.01879	0.02192	0.01566	0.00783	0.00783	0.00157	0.00783	0.00626	0.00626	0.69305
4	0.02651	0.01936	0.06223	0.01789	0.02457	0.01584	0.01543	0.06576	0.06331	0.15812	0.20143	0.05049	0.04879	0.01560	0.01089	0.00308	0.00816	0.04016	0.01016	0.14223
5	0.03342	0.20064	0.03641	0.02211	0.02991	0.07562	0.01875	0.23705	0.15905	0.04635	0.02593	0.02591	0.01984	0.01192	0.00947	0.00298	0.01132	0.00881	0.00852	0.01600
6	0.03413	0.02583	0.03067	0.02437	0.03017	0.02994	0.02017	0.29276	0.03548	0.09421	0.02266	0.02534	0.01721	0.01426	0.01811	0.00354	0.20209	0.00931	0.00860	0.06116
7	0.03549	0.15868	0.06717	0.02016	0.02839	0.02501	0.01798	0.04725	0.17287	0.26508	0.03460	0.03185	0.02426	0.01235	0.00978	0.00314	0.00977	0.00972	0.00996	0.01650
8	0.01256	0.01047	0.01096	0.01136	0.01445	0.00887	0.00832	0.01510	0.02348	0.02831	0.09921	0.18580	0.47922	0.02780	0.01266	0.00369	0.00548	0.02357	0.00982	0.00887
9	0.02247	0.01995	0.03278	0.28616	0.26407	0.02196	0.02708	0.02886	0.02251	0.03211	0.02178	0.02918	0.01729	0.01038	0.01001	0.00319	0.01198	0.00948	0.11527	0.01349
10	0.01387	0.00997	0.01316	0.01405	0.01555	0.00925	0.00989	0.01721	0.02486	0.03433	0.29590	0.36296	0.08415	0.02764	0.01301	0.00383	0.00559	0.02485	0.01068	0.00925
11	0.01290	0.01073	0.01126	0.01113	0.01453	0.00910	0.00835	0.01595	0.02504	0.03080	0.17984	0.09807	0.48405	0.02594	0.01249	0.00353	0.00530	0.02180	0.01011	0.00910
12	0.02827	0.63478	0.05540	0.01809	0.02714	0.04184	0.01809	0.03166	0.02148	0.02488	0.01470	0.01696	0.01357	0.00905	0.00678	0.00226	0.01131	0.00565	0.00452	0.01357
13	0.01538	0.01025	0.01153	0.01153	0.01153	0.01025	0.00641	0.01538	0.01538	0.02050	0.03331	0.06919	0.03844	0.62842	0.05382	0.01025	0.01025	0.01538	0.00641	0.00641
14	0.70310	0.02045	0.01554	0.01390	0.02045	0.02372	0.01145	0.03108	0.01799	0.04744	0.01472	0.01718	0.01145	0.00981	0.00654	0.00327	0.00818	0.00573	0.00654	0.01145
15	0.04019	0.02962	0.03173	0.02433	0.03279	0.03279	0.02010	0.52721	0.04971	0.06663	0.02538	0.02538	0.01798	0.01269	0.01058	0.00317	0.01163	0.00952	0.01058	0.01798
16	0.04243	0.01911	0.02439	0.01945	0.02711	0.01809	0.01582	0.05263	0.15180	0.44530	0.04203	0.03681	0.02762	0.01338	0.01066	0.00335	0.00885	0.01095	0.01253	0.01770
17	0.02854	0.02093	0.02288	0.02016	0.02629	0.02308	0.01580	0.05193	0.41612	0.12788	0.04828	0.04420	0.07613	0.01520	0.01089	0.00353	0.00821	0.01262	0.01105	0.01627
18	0.01566	0.00999	0.01195	0.01215	0.01219	0.00995	0.00712	0.01507	0.01550	0.02067	0.03287	0.10682	0.03768	0.48573	0.04861	0.12008	0.00975	0.01553	0.00638	0.00629
19	0.02435	0.18481	0.28322	0.02399	0.03459	0.10766	0.02664	0.03180	0.02397	0.03065	0.06700	0.03132	0.06329	0.01217	0.00958	0.00302	0.01345	0.00919	0.00561	0.01367
20	0.03261	0.21893	0.18264	0.02348	0.03362	0.09959	0.02388	0.10852	0.02828	0.12147	0.02197	0.02296	0.01621	0.01073	0.00917	0.00291	0.01311	0.00774	0.00689	0.01531
21	0.02620	0.21298	0.05335	0.12326	0.04790	0.03126	0.25702	0.06516	0.02495	0.03222	0.01920	0.02471	0.01511	0.00947	0.01030	0.00313	0.01482	0.00970	0.00534	0.01390
22	0.02160	0.01427	0.02064	0.01899	0.02159	0.01662	0.01516	0.02520	0.01901	0.11285	0.02821	0.03773	0.02441	0.05899	0.40627	0.01282	0.11689	0.01089	0.00670	0.01116
23	0.02313	0.02313	0.03238	0.02776	0.02776	0.03238	0.02313	0.02545	0.01619	0.02545	0.01388	0.02313	0.01388	0.01851	0.03470	0.00463	0.60907	0.00925	0.00463	0.01157

[dist]
# distance from previous block
# <min> <max>
0	2

[block]
# block no. 5 follows, 13 sequences, length 60
# corresponding to MSA columns:
# 574-633
name=unknown_F
#
# <colnr> <probs for GDERKNQSTAVLIFYWHMCP>
#	G	D	E	R	K	N	Q	S	T	A	V	L	I	F	Y	W	H	M	C	P
0	0.04155	0.02743	0.03038	0.02329	0.03170	0.02955	0.01924	0.43777	0.04605	0.16124	0.02845	0.02738	0.01952	0.01277	0.01059	0.00319	0.01114	0.00973	0.01105	0.01798
1	0.03118	0.02114	0.02414	0.02026	0.02575	0.02368	0.01631	0.15397	0.18460	0.12905	0.03357	0.03367	0.02479	0.01388	0.01297	0.00335	0.08176	0.01045	0.14020	0.01527
2	0.01355	0.01075	0.01217	0.01181	0.01493	0.00937	0.00886	0.01721	0.02658	0.03446	0.29872	0.09205	0.36289	0.02458	0.01249	0.00347	0.00520	0.02095	0.01059	0.00937
3	0.01496	0.01081	0.01413	0.01330	0.01580	0.00998	0.00998	0.01995	0.02993	0.04240	0.55689	0.07898	0.09976	0.02162	0.01247	0.00333	0.00499	0.01912	0.01164	0.00998
4	0.04019	0.02962	0.03173	0.02433	0.03279	0.03279	0.02010	0.52721	0.04971	0.06663	0.02538	0.02538	0.01798	0.01269	0.01058	0.00317	0.01163	0.00952	0.01058	0.01798
5	0.02630	0.02271	0.02391	0.02152	0.02749	0.02630	0.01674	0.05618	0.54336	0.04423	0.04303	0.03945	0.03228	0.01434	0.01076	0.00359	0.00837	0.01195	0.01076	0.01674
6	0.01997	0.01879	0.03171	0.60301	0.07282	0.02349	0.02936	0.02701	0.02114	0.02701	0.01879	0.02819	0.01409	0.01057	0.01057	0.00352	0.01409	0.00940	0.00470	0.01175
7	0.02313	0.02313	0.03238	0.02776	0.02776	0.03238	0.02313	0.02545	0.01619	0.02545	0.01388	0.02313	0.01388	0.01851	0.03470	0.00463	0.60907	0.00925	0.00463	0.01157
8	0.01510	0.01133	0.01699	0.01699	0.01888	0.01322	0.01322	0.01888	0.01699	0.02454	0.02832	0.04154	0.02643	0.07930	0.58652	0.01699	0.02832	0.01133	0.00566	0.00944
9	0.01997	0.01879	0.03171	0.60301	0.07282	0.02349	0.02936	0.02701	0.02114	0.02701	0.01879	0.02819	0.01409	0.01057	0.01057	0.00352	0.01409	0.00940	0.00470	0.01175
10	0.04744	0.01799	0.02454	0.01881	0.02699	0.01554	0.01554	0.05153	0.03026	0.56979	0.04171	0.03599	0.02617	0.01309	0.01063	0.00327	0.00900	0.01063	0.01309	0.01799
11	0.02192	0.01879	0.02192	0.01566	0.02506	0.01409	0.01253	0.02662	0.02192	0.03445	0.01879	0.02192	0.01566	0.00783	0.00783	0.00157	0.00783	0.00626	0.00626	0.69305
12	0.02121	0.05469	0.57364	0.03014	0.04576	0.02455	0.03906	0.03348	0.02232	0.03348	0.01897	0.02232	0.01339	0.01005	0.01005	0.00335	0.01563	0.00781	0.00446	0.01563
13	0.01438	0.01078	0.01332	0.01269	0.01544	0.00973	0.00951	0.01882	0.02854	0.03911	0.44988	0.08440	0.20882	0.02284	0.01248	0.00338	0.00508	0.01988	0.01121	0.00973
14	0.01280	0.01072	0.01113	0.01103	0.01447	0.00905	0.00827	0.01576	0.02481	0.03025	0.16192	0.09898	0.50231	0.02615	0.01249	0.00354	0.00531	0.02193	0.01004	0.00905
15	0.01288	0.00920	0.01227	0.01472	0.01534	0.00859	0.00981	0.01472	0.02024	0.02699	0.05828	0.62152	0.06993	0.03312	0.01350	0.00429	0.00613	0.03006	0.00981	0.00859
16	0.64704	0.02122	0.01691	0.01479	0.02149	0.02449	0.01218	0.07304	0.02068	0.04906	0.01562	0.01787	0.01200	0.01006	0.00688	0.00326	0.00847	0.00605	0.00688	0.01200
17	0.01878	0.01179	0.01540	0.01646	0.01869	0.01138	0.01213	0.02358	0.06402	0.09520	0.05470	0.42994	0.06025	0.02860	0.01309	0.00420	0.00719	0.09378	0.01028	0.01056
18	0.70310	0.02045	0.01554	0.01390	0.02045	0.02372	0.01145	0.03108	0.01799	0.04744	0.01472	0.01718	0.01145	0.00981	0.00654	0.00327	0.00818	0.00573	0.00654	0.01145
19	0.01837	0.00918	0.01377	0.01377	0.01377	0.00918	0.00918	0.01377	0.01377	0.01837	0.01837	0.03214	0.01837	0.03673	0.04132	0.69238	0.00918	0.00918	0.00459	0.00459
20	0.03911	0.02908	0.03112	0.02411	0.03238	0.03228	0.01983	0.49049	0.08819	0.06489	0.02676	0.02648	0.01910	0.01282	0.01059	0.00321	0.01138	0.00971	0.01059	0.01788
21	0.01556	0.01083	0.01541	0.01541	0.01666	0.01208	0.01125	0.01750	0.01625	0.02291	0.02819	0.04640	0.02806	0.19339	0.40437	0.09783	0.02206	0.01195	0.00569	0.00819
22	0.02337	0.01965	0.02270	0.01635	0.02567	0.01558	0.01313	0.06633	0.02413	0.03701	0.01932	0.02220	0.01584	0.00822	0.00805	0.00169	0.00813	0.00652	0.00661	0.63951
23	0.02543	0.01153	0.01289	0.01170	0.01535	0.01103	0.00907	0.03019	0.02384	0.14890	0.03598	0.03871	0.02691	0.01248	0.00806	0.00263	0.00577	0.01002	0.54798	0.01153
24	0.02827	0.63478	0.05540	0.01809	0.02714	0.04184	0.01809	0.03166	0.02148	0.02488	0.01470	0.01696	0.01357	0.00905	0.00678	0.00226	0.01131	0.00565	0.00452	0.01357
25	0.01527	0.01119	0.01476	0.01636	0.01863	0.01068	0.01329	0.01925	0.02435	0.03188	0.13742	0.20583	0.14275	0.02847	0.01377	0.00434	0.00770	0.26459	0.01004	0.00943
26	0.01837	0.00918	0.01377	0.01377	0.01377	0.00918	0.00918	0.01377	0.01377	0.01837	0.01837	0.03214	0.01837	0.03673	0.04132	0.69238	0.00918	0.00918	0.00459	0.00459
27	0.04019	0.02962	0.03173	0.02433	0.03279	0.03279	0.02010	0.52721	0.04971	0.06663	0.02538	0.02538	0.01798	0.01269	0.01058	0.00317	0.01163	0.00952	0.01058	0.01798
28	0.01379	0.01066	0.01263	0.01278	0.01550	0.00950	0.00960	0.01739	0.02587	0.03385	0.26897	0.15760	0.29058	0.02575	0.01275	0.00365	0.00561	0.05368	0.01051	0.00934
29	0.70310	0.02045	0.01554	0.01390	0.02045	0.02372	0.01145	0.03108	0.01799	0.04744	0.01472	0.01718	0.01145	0.00981	0.00654	0.00327	0.00818	0.00573	0.00654	0.01145
30	0.01971	0.00985	0.00985	0.00985	0.01232	0.00985	0.00739	0.02464	0.02217	0.03942	0.03449	0.03942	0.02710	0.01232	0.00739	0.00246	0.00493	0.00985	0.68712	0.00985
31	0.01342	0.01101	0.01200	0.01250	0.01584	0.00959	0.00987	0.01655	0.02415	0.02919	0.09669	0.10532	0.45681	0.02727	0.01293	0.00383	0.00625	0.11790	0.00980	0.00909
32	0.01376	0.00999	0.01312	0.01496	0.01634	0.00935	0.01082	0.01653	0.02240	0.02973	0.12280	0.43224	0.11342	0.03057	0.01346	0.00421	0.00650	0.10081	0.01002	0.00897
33	0.01647	0.01137	0.01330	0.01247	0.01598	0.00992	0.00947	0.02023	0.02703	0.08006	0.28780	0.08676	0.32339	0.02348	0.01233	0.00344	0.00551	0.02000	0.01085	0.01013
34	0.02121	0.05469	0.57364	0.03014	0.04576	0.02455	0.03906	0.03348	0.02232	0.03348	0.01897	0.02232	0.01339	0.01005	0.01005	0.00335	0.01563	0.00781	0.00446	0.01563
35	0.01339	0.00956	0.01285	0.01530	0.01614	0.00902	0.01069	0.01560	0.02074	0.02756	0.05800	0.56031	0.06882	0.03265	0.01363	0.00436	0.00657	0.08627	0.00981	0.00873
36	0.01568	0.01031	0.01308	0.01415	0.01608	0.00931	0.00993	0.01812	0.02258	0.07091	0.10853	0.43020	0.16279	0.02937	0.01299	0.00399	0.00611	0.02613	0.01022	0.00950
37	0.02730	0.02321	0.02447	0.02172	0.02787	0.02676	0.01698	0.09001	0.50791	0.04584	0.04177	0.03844	0.03125	0.01423	0.01075	0.00356	0.00860	0.01178	0.01075	0.01682
38	0.70310	0.02045	0.01554	0.01390	0.02045	0.02372	0.01145	0.03108	0.01799	0.04744	0.01472	0.01718	0.01145	0.00981	0.00654	0.00327	0.00818	0.00573	0.00654	0.01145
39	0.02580	0.43191	0.23664	0.02230	0.03365	0.03579	0.02543	0.03230	0.02178	0.02789	0.01619	0.01884	0.01351	0.00940	0.00792	0.00264	0.01282	0.00641	0.00450	0.01429
40	0.04744	0.01799	0.02454	0.01881	0.02699	0.01554	0.01554	0.05153	0.03026	0.56979	0.04171	0.03599	0.02617	0.01309	0.01063	0.00327	0.00900	0.01063	0.01309	0.01799
41	0.01288	0.00920	0.01227	0.01472	0.01534	0.00859	0.00981	0.01472	0.02024	0.02699	0.05828	0.62152	0.06993	0.03312	0.01350	0.00429	0.00613	0.03006	0.00981	0.00859
42	0.01538	0.01025	0.01153	0.01153	0.01153	0.01025	0.00641	0.01538	0.01538	0.02050	0.03331	0.06919	0.03844	0.62842	0.05382	0.01025	0.01025	0.01538	0.00641	0.00641
43	0.02770	0.02724	0.05778	0.04143	0.05181	0.02537	0.46209	0.03602	0.02560	0.09918	0.02387	0.02943	0.01728	0.00942	0.01225	0.00353	0.01675	0.01225	0.00629	0.01472
44	0.02630	0.02271	0.02391	0.02152	0.02749	0.02630	0.01674	0.05618	0.54336	0.04423	0.04303	0.03945	0.03228	0.01434	0.01076	0.00359	0.00837	0.01195	0.01076	0.01674
45	0.02313	0.02313	0.03238	0.02776	0.02776	0.03238	0.02313	0.02545	0.01619	0.02545	0.01388	0.02313	0.01388	0.01851	0.03470	0.00463	0.60907	0.00925	0.00463	0.01157
46	0.02232	0.14618	0.49191	0.02824	0.04282	0.02728	0.03576	0.03320	0.02219	0.03213	0.01830	0.02148	0.01342	0.00989	0.00953	0.00318	0.01494	0.00747	0.00447	0.01530
47	0.03950	0.05039	0.02996	0.02724	0.03269	0.58597	0.02043	0.04222	0.02996	0.02588	0.01634	0.01907	0.01362	0.01090	0.00953	0.00272	0.01907	0.00681	0.00545	0.01226
48	0.01743	0.01051	0.01415	0.01560	0.01728	0.00972	0.01109	0.01978	0.02179	0.09351	0.05607	0.50989	0.06387	0.03037	0.01324	0.00422	0.00677	0.06468	0.01021	0.00983
49	0.02121	0.05469	0.57364	0.03014	0.04576	0.02455	0.03906	0.03348	0.02232	0.03348	0.01897	0.02232	0.01339	0.01005	0.01005	0.00335	0.01563	0.00781	0.00446	0.01563
50	0.02313	0.02313	0.03238	0.02776	0.02776	0.03238	0.02313	0.02545	0.01619	0.02545	0.01388	0.02313	0.01388	0.01851	0.03470	0.00463	0.60907	0.00925	0.00463	0.01157
51	0.01288	0.00920	0.01227	0.01472	0.01534	0.00859	0.00981	0.01472	0.02024	0.02699	0.05828	0.62152	0.06993	0.03312	0.01350	0.00429	0.00613	0.03006	0.00981	0.00859
52	0.04744	0.01799	0.02454	0.01881	0.02699	0.01554	0.01554	0.05153	0.03026	0.56979	0.04171	0.03599	0.02617	0.01309	0.01063	0.00327	0.00900	0.01063	0.01309	0.01799
53	0.01704	0.01217	0.01704	0.01947	0.02191	0.01217	0.01704	0.02191	0.02434	0.03164	0.05598	0.11926	0.06085	0.02921	0.01460	0.00487	0.00974	0.49130	0.00974	0.00974
54	0.01704	0.01217	0.01704	0.01947	0.02191	0.01217	0.01704	0.02191	0.02434	0.03164	0.05598	0.11926	0.06085	0.02921	0.01460	0.00487	0.00974	0.49130	0.00974	0.00974
55	0.02241	0.04274	0.35293	0.08108	0.05122	0.02523	0.20643	0.03310	0.02314	0.03310	0.01980	0.02494	0.01437	0.00969	0.01093	0.00344	0.01627	0.00956	0.00479	0.01484
56	0.03821	0.02035	0.02469	0.02009	0.02593	0.06313	0.01631	0.04204	0.02797	0.36309	0.11073	0.03890	0.03400	0.01501	0.01461	0.00345	0.10385	0.01135	0.01093	0.01535
57	0.02388	0.01269	0.01689	0.01495	0.01889	0.01142	0.01152	0.02837	0.02925	0.18862	0.37331	0.10999	0.07682	0.02014	0.01204	0.00339	0.00620	0.01762	0.01190	0.01211
58	0.01288	0.00920	0.01227	0.01472	0.01534	0.00859	0.00981	0.01472	0.02024	0.02699	0.05828	0.62152	0.06993	0.03312	0.01350	0.00429	0.00613	0.03006	0.00981	0.00859
59	0.54396	0.02646	0.10265	0.01725	0.02535	0.02459	0.01640	0.07211	0.02126	0.04687	0.01625	0.01864	0.01228	0.01009	0.00741	0.00328	0.00961	0.00636	0.00655	0.01263

[dist]
# distance from previous block
# <min> <max>
0	1

[block]
# block no. 6 follows, 13 sequences, length 13
# corresponding to MSA columns:
# 635-647
name=unknown_G
#
# <colnr> <probs for GDERKNQSTAVLIFYWHMCP>
#	G	D	E	R	K	N	Q	S	T	A	V	L	I	F	Y	W	H	M	C	P
0	0.02629	0.02116	0.02601	0.02291	0.07086	0.02055	0.01682	0.06802	0.11633	0.07647	0.02476	0.02677	0.01942	0.01100	0.01190	0.00262	0.07456	0.00840	0.00759	0.34756
1	0.01358	0.01062	0.01246	0.01340	0.01599	0.00950	0.01019	0.01662	0.02369	0.02980	0.12117	0.22462	0.32096	0.02829	0.01310	0.00395	0.00628	0.10676	0.00994	0.00907
2	0.07166	0.02003	0.02527	0.01876	0.02701	0.01763	0.04731	0.02729	0.02121	0.03437	0.01813	0.02215	0.01519	0.00922	0.01099	0.00216	0.07441	0.00696	0.00604	0.52421
3	0.02423	0.02902	0.10834	0.16320	0.04068	0.10513	0.02235	0.03481	0.11573	0.03353	0.06202	0.03034	0.02371	0.01144	0.00994	0.00297	0.01209	0.00928	0.00668	0.15451
4	0.07486	0.13331	0.03636	0.08457	0.03586	0.06991	0.06239	0.17001	0.03070	0.11804	0.02260	0.02486	0.01677	0.01174	0.01175	0.00319	0.06167	0.00879	0.00771	0.01490
5	0.01481	0.01063	0.01427	0.01543	0.01727	0.01009	0.01181	0.01870	0.02515	0.03429	0.25384	0.27405	0.07925	0.02755	0.01339	0.00407	0.00664	0.14882	0.01051	0.00944
6	0.03198	0.01659	0.02030	0.01662	0.02269	0.01540	0.01335	0.10535	0.03147	0.26977	0.14683	0.05839	0.16997	0.01794	0.01141	0.00334	0.00776	0.01487	0.01166	0.01432
7	0.07254	0.02427	0.08544	0.07326	0.16337	0.02154	0.02242	0.10480	0.02805	0.16240	0.02726	0.02941	0.01970	0.01131	0.00980	0.00314	0.01068	0.00938	0.10584	0.01541
8	0.02941	0.02042	0.03154	0.33119	0.12846	0.02253	0.02558	0.07618	0.02625	0.16662	0.02522	0.02960	0.01781	0.01121	0.01057	0.00338	0.01240	0.00972	0.00736	0.01455
9	0.10723	0.01733	0.02062	0.01667	0.02312	0.01672	0.01354	0.09372	0.02943	0.31300	0.07294	0.03667	0.02926	0.01316	0.00967	0.00310	0.00808	0.01045	0.15024	0.01506
10	0.03180	0.10641	0.02883	0.07986	0.03093	0.06798	0.01696	0.08914	0.02894	0.17921	0.10689	0.03449	0.03092	0.01258	0.00987	0.00286	0.01019	0.01003	0.00890	0.11322
11	0.02773	0.06176	0.08126	0.23526	0.21727	0.02375	0.02789	0.03419	0.02392	0.13152	0.02320	0.02781	0.01712	0.01053	0.01027	0.00326	0.01260	0.00927	0.00641	0.01497
