[name]
unknown

[dist]
# distance from previous block
# <min> <max>
5	134

[block]
# block no. 0 follows, 14 sequences, length 45
# corresponding to MSA columns:
# 134-178
name=unknown_A
#
# <colnr> <probs for GDERKNQSTAVLIFYWHMCP>
#	G	D	E	R	K	N	Q	S	T	A	V	L	I	F	Y	W	H	M	C	P
0	0.02653	0.20763	0.22997	0.02669	0.09472	0.02583	0.02516	0.03313	0.02271	0.11971	0.02434	0.07702	0.02032	0.01188	0.00929	0.00300	0.01177	0.00953	0.00627	0.01450
1	0.02556	0.06052	0.01920	0.01551	0.01913	0.08049	0.01151	0.02791	0.02235	0.15761	0.04034	0.16188	0.06767	0.16894	0.02053	0.00484	0.00924	0.01503	0.06087	0.01085
2	0.02199	0.02230	0.07389	0.02234	0.08960	0.01664	0.01695	0.02909	0.05905	0.03403	0.02003	0.02298	0.01626	0.00841	0.00828	0.00199	0.00884	0.00695	0.00612	0.51427
3	0.10598	0.28318	0.15665	0.02066	0.03022	0.07800	0.02105	0.07674	0.02379	0.03301	0.01659	0.01895	0.01347	0.00943	0.00788	0.00259	0.01186	0.00643	0.00536	0.07816
4	0.11931	0.28818	0.08426	0.02290	0.07624	0.03072	0.01945	0.08246	0.05966	0.09774	0.02086	0.02205	0.01617	0.01011	0.00816	0.00277	0.01062	0.00731	0.00661	0.01444
5	0.02781	0.09657	0.37570	0.02562	0.03814	0.02469	0.02996	0.09389	0.02601	0.13265	0.02266	0.02389	0.01572	0.01048	0.00963	0.00312	0.01321	0.00807	0.00650	0.01566
6	0.02411	0.02481	0.03374	0.33169	0.20950	0.10861	0.02773	0.02984	0.02232	0.02810	0.01791	0.02519	0.01435	0.01044	0.01149	0.00326	0.05046	0.00875	0.00481	0.01288
7	0.09461	0.01177	0.01485	0.01467	0.01684	0.01312	0.01102	0.01877	0.01694	0.02603	0.03361	0.04753	0.07446	0.16409	0.38196	0.01265	0.02016	0.01201	0.00608	0.00882
8	0.01478	0.01041	0.01352	0.01342	0.01441	0.01102	0.00915	0.01674	0.01715	0.02385	0.09226	0.05795	0.03968	0.35246	0.25733	0.01169	0.01609	0.01383	0.00653	0.00775
9	0.71184	0.01985	0.01508	0.01350	0.01985	0.02302	0.01111	0.03017	0.01746	0.04604	0.01429	0.01667	0.01111	0.00953	0.00635	0.00318	0.00794	0.00556	0.00635	0.01111
10	0.01269	0.00901	0.01185	0.01405	0.01460	0.00846	0.00927	0.01434	0.01929	0.02572	0.05472	0.58963	0.06555	0.07834	0.01608	0.00461	0.00626	0.02809	0.00927	0.00817
11	0.02058	0.05308	0.58618	0.02925	0.04442	0.02383	0.03792	0.03250	0.02167	0.03250	0.01842	0.02167	0.01300	0.00975	0.00975	0.00325	0.01517	0.00758	0.00433	0.01517
12	0.03833	0.04891	0.02908	0.02644	0.03173	0.59815	0.01983	0.04098	0.02908	0.02512	0.01586	0.01851	0.01322	0.01058	0.00925	0.00264	0.01851	0.00661	0.00529	0.01190
13	0.01492	0.00995	0.01119	0.01119	0.01119	0.00995	0.00622	0.01492	0.01492	0.01990	0.03233	0.06716	0.03731	0.63935	0.05223	0.00995	0.00995	0.01492	0.00622	0.00622
14	0.71184	0.01985	0.01508	0.01350	0.01985	0.02302	0.01111	0.03017	0.01746	0.04604	0.01429	0.01667	0.01111	0.00953	0.00635	0.00318	0.00794	0.00556	0.00635	0.01111
15	0.03833	0.04891	0.02908	0.02644	0.03173	0.59815	0.01983	0.04098	0.02908	0.02512	0.01586	0.01851	0.01322	0.01058	0.00925	0.00264	0.01851	0.00661	0.00529	0.01190
16	0.02553	0.02204	0.02320	0.02088	0.02669	0.02553	0.01624	0.05453	0.55679	0.04293	0.04177	0.03829	0.03133	0.01392	0.01044	0.00348	0.00812	0.01160	0.01044	0.01624
17	0.01913	0.00956	0.00956	0.00956	0.01196	0.00956	0.00717	0.02391	0.02152	0.03826	0.03348	0.03826	0.02630	0.01196	0.00717	0.00239	0.00478	0.00956	0.69632	0.00956
18	0.01466	0.01100	0.01649	0.01649	0.01833	0.01283	0.01283	0.01833	0.01649	0.02382	0.02749	0.04032	0.02566	0.07697	0.59868	0.01649	0.02749	0.01100	0.00550	0.00916
19	0.03099	0.01305	0.01584	0.01340	0.01823	0.01200	0.01066	0.03541	0.02498	0.27802	0.03656	0.03679	0.02591	0.01228	0.00856	0.00274	0.00652	0.00990	0.39513	0.01305
20	0.03833	0.04891	0.02908	0.02644	0.03173	0.59815	0.01983	0.04098	0.02908	0.02512	0.01586	0.01851	0.01322	0.01058	0.00925	0.00264	0.01851	0.00661	0.00529	0.01190
21	0.03901	0.02874	0.03080	0.02361	0.03182	0.03182	0.01951	0.54111	0.04825	0.06468	0.02464	0.02464	0.01745	0.01232	0.01027	0.00308	0.01129	0.00924	0.01027	0.01745
22	0.01452	0.01049	0.01372	0.01291	0.01533	0.00968	0.00968	0.01937	0.02905	0.04115	0.56992	0.07666	0.09683	0.02098	0.01210	0.00323	0.00484	0.01856	0.01130	0.00968
23	0.01250	0.00893	0.01191	0.01429	0.01488	0.00834	0.00953	0.01429	0.01965	0.02620	0.05656	0.63265	0.06787	0.03215	0.01310	0.00417	0.00595	0.02917	0.00953	0.00834
24	0.02422	0.02768	0.06055	0.04325	0.05363	0.02595	0.53806	0.03287	0.02422	0.03287	0.02076	0.02768	0.01557	0.00865	0.01211	0.00346	0.01730	0.01211	0.00519	0.01384
25	0.04046	0.01820	0.02315	0.01830	0.02565	0.01692	0.01494	0.08021	0.09282	0.44037	0.04460	0.03968	0.06863	0.01387	0.01047	0.00323	0.00855	0.01130	0.01202	0.01662
26	0.01250	0.00893	0.01191	0.01429	0.01488	0.00834	0.00953	0.01429	0.01965	0.02620	0.05656	0.63265	0.06787	0.03215	0.01310	0.00417	0.00595	0.02917	0.00953	0.00834
27	0.01468	0.01091	0.01607	0.01607	0.01776	0.01260	0.01231	0.01806	0.01637	0.02351	0.02787	0.04243	0.02657	0.12133	0.55558	0.01598	0.02610	0.01130	0.00555	0.00893
28	0.02129	0.01271	0.01575	0.01425	0.01565	0.01333	0.00965	0.02225	0.01757	0.11988	0.03161	0.05632	0.03246	0.45718	0.04269	0.00812	0.07991	0.01343	0.00717	0.00878
29	0.01913	0.00956	0.00956	0.00956	0.01196	0.00956	0.00717	0.02391	0.02152	0.03826	0.03348	0.03826	0.02630	0.01196	0.00717	0.00239	0.00478	0.00956	0.69632	0.00956
30	0.02398	0.08520	0.09280	0.12455	0.23862	0.02616	0.19775	0.03124	0.02288	0.03135	0.01909	0.02527	0.01512	0.00915	0.01045	0.00317	0.01422	0.00965	0.00492	0.01442
31	0.02121	0.02150	0.07419	0.01652	0.02620	0.01463	0.01457	0.02646	0.02132	0.03335	0.01826	0.02132	0.01499	0.00780	0.00780	0.00168	0.00831	0.00622	0.00592	0.63774
32	0.01492	0.00995	0.01119	0.01119	0.01119	0.00995	0.00622	0.01492	0.01492	0.01990	0.03233	0.06716	0.03731	0.63935	0.05223	0.00995	0.00995	0.01492	0.00622	0.00622
33	0.02007	0.01895	0.03203	0.55128	0.12868	0.02298	0.02884	0.02683	0.02085	0.02706	0.01836	0.02713	0.01398	0.01013	0.01025	0.00338	0.01351	0.00912	0.00462	0.01196
34	0.02141	0.07570	0.32574	0.16576	0.10910	0.02521	0.03271	0.03030	0.02113	0.03013	0.01788	0.02313	0.01357	0.01031	0.01140	0.00329	0.05662	0.00808	0.00449	0.01404
35	0.02395	0.02162	0.07633	0.28222	0.09788	0.02060	0.09394	0.03035	0.02262	0.11342	0.02650	0.09750	0.02213	0.01279	0.01080	0.00343	0.01251	0.01189	0.00649	0.01303
36	0.01335	0.00986	0.01248	0.01305	0.01492	0.00899	0.00932	0.01664	0.02447	0.03316	0.29495	0.29784	0.16081	0.02615	0.01250	0.00363	0.00533	0.02321	0.01032	0.00899
37	0.01333	0.01062	0.01534	0.01580	0.01765	0.00973	0.04943	0.01578	0.02066	0.02697	0.06222	0.49227	0.15285	0.02927	0.01285	0.00399	0.00668	0.02655	0.00920	0.00881
38	0.02518	0.03545	0.27343	0.09758	0.09827	0.02335	0.11459	0.03375	0.02285	0.10797	0.02165	0.02555	0.01558	0.01046	0.01172	0.00335	0.04969	0.00912	0.00575	0.01473
39	0.01603	0.01251	0.01883	0.06692	0.02309	0.01509	0.01472	0.01919	0.01651	0.02363	0.02464	0.03685	0.02290	0.06264	0.45281	0.06831	0.08042	0.01049	0.00524	0.00917
40	0.18074	0.01907	0.02342	0.01951	0.02399	0.02194	0.01612	0.03512	0.02155	0.23513	0.02509	0.02698	0.01832	0.01374	0.01715	0.00356	0.21591	0.00877	0.06054	0.01337
41	0.03974	0.02117	0.06564	0.02121	0.02937	0.01763	0.05175	0.08885	0.02969	0.41583	0.03738	0.03932	0.02598	0.01349	0.01071	0.00332	0.01004	0.05135	0.01113	0.01640
42	0.03376	0.02497	0.06420	0.09415	0.03689	0.02454	0.06608	0.20140	0.12056	0.18046	0.02993	0.02987	0.02084	0.01195	0.01044	0.00325	0.01118	0.01004	0.00941	0.01608
43	0.02149	0.01557	0.02292	0.06674	0.02733	0.01564	0.07378	0.09929	0.02542	0.08480	0.04316	0.36870	0.04609	0.02294	0.01208	0.00377	0.00892	0.02089	0.00904	0.01142
44	0.03040	0.02319	0.02809	0.02148	0.02968	0.07275	0.07697	0.07082	0.08749	0.15803	0.02640	0.02700	0.01933	0.01018	0.00940	0.00255	0.01033	0.00863	0.00815	0.27910

[dist]
# distance from previous block
# <min> <max>
0	14

[block]
# block no. 1 follows, 14 sequences, length 17
# corresponding to MSA columns:
# 193-209
name=unknown_B
#
# <colnr> <probs for GDERKNQSTAVLIFYWHMCP>
#	G	D	E	R	K	N	Q	S	T	A	V	L	I	F	Y	W	H	M	C	P
0	0.02582	0.22994	0.15588	0.08205	0.03727	0.11851	0.06394	0.03178	0.02262	0.02822	0.01684	0.02051	0.01366	0.00924	0.00861	0.00262	0.01336	0.00707	0.00483	0.10723
1	0.02507	0.02540	0.11591	0.02129	0.02807	0.02202	0.01938	0.12594	0.10729	0.06764	0.08661	0.08002	0.03105	0.01480	0.01335	0.00326	0.08949	0.01153	0.00820	0.10369
2	0.02230	0.16192	0.24036	0.02097	0.03229	0.02310	0.02296	0.02936	0.02134	0.03115	0.01748	0.02042	0.01395	0.00865	0.00820	0.00231	0.01115	0.00652	0.00507	0.30049
3	0.02471	0.10836	0.45634	0.02658	0.04013	0.02435	0.03277	0.03468	0.02262	0.10582	0.02097	0.02293	0.01469	0.01005	0.00951	0.00313	0.01387	0.00774	0.00547	0.01527
4	0.03723	0.04142	0.02891	0.02521	0.03125	0.40565	0.01940	0.16244	0.08574	0.03637	0.02053	0.02193	0.01602	0.01132	0.00961	0.00283	0.01575	0.00773	0.00699	0.01366
5	0.01376	0.00983	0.01335	0.01572	0.01687	0.00942	0.01171	0.01646	0.02089	0.02760	0.05587	0.47179	0.06513	0.03097	0.01343	0.00434	0.00704	0.17765	0.00950	0.00868
6	0.01250	0.00893	0.01191	0.01429	0.01488	0.00834	0.00953	0.01429	0.01965	0.02620	0.05656	0.63265	0.06787	0.03215	0.01310	0.00417	0.00595	0.02917	0.00953	0.00834
7	0.02970	0.08759	0.02653	0.02079	0.02644	0.14843	0.01634	0.07520	0.23009	0.09109	0.03417	0.11076	0.02902	0.01492	0.01014	0.00321	0.01064	0.01200	0.00882	0.01413
8	0.02917	0.01431	0.01632	0.01384	0.01853	0.01408	0.01100	0.10080	0.02727	0.19059	0.03420	0.03551	0.02486	0.01221	0.00845	0.00270	0.00674	0.00973	0.41691	0.01279
9	0.01250	0.00893	0.01191	0.01429	0.01488	0.00834	0.00953	0.01429	0.01965	0.02620	0.05656	0.63265	0.06787	0.03215	0.01310	0.00417	0.00595	0.02917	0.00953	0.00834
10	0.35621	0.01857	0.01975	0.01604	0.02324	0.01878	0.01323	0.04077	0.02382	0.33255	0.02828	0.02642	0.01875	0.01122	0.00847	0.00318	0.00836	0.00810	0.00974	0.01451
11	0.11722	0.34342	0.24422	0.02131	0.03211	0.03207	0.02417	0.03130	0.02069	0.03017	0.01579	0.01840	0.01283	0.00924	0.00772	0.00271	0.01211	0.00627	0.00463	0.01363
12	0.01250	0.00893	0.01191	0.01429	0.01488	0.00834	0.00953	0.01429	0.01965	0.02620	0.05656	0.63265	0.06787	0.03215	0.01310	0.00417	0.00595	0.02917	0.00953	0.00834
13	0.01492	0.00995	0.01119	0.01119	0.01119	0.00995	0.00622	0.01492	0.01492	0.01990	0.03233	0.06716	0.03731	0.63935	0.05223	0.00995	0.00995	0.01492	0.00622	0.00622
14	0.02831	0.01649	0.02407	0.08005	0.02921	0.01687	0.04687	0.03385	0.05372	0.23285	0.09873	0.13184	0.03924	0.01753	0.01356	0.00360	0.06923	0.04103	0.00968	0.01324
15	0.02494	0.03633	0.23270	0.03599	0.04769	0.02601	0.30265	0.09930	0.02651	0.03691	0.02048	0.02527	0.01496	0.00950	0.01108	0.00334	0.01580	0.01022	0.00557	0.01476
16	0.01532	0.01110	0.01244	0.01230	0.01585	0.00962	0.00964	0.01848	0.02430	0.06855	0.12982	0.09477	0.42566	0.02497	0.01227	0.00360	0.00599	0.08596	0.00988	0.00947

[dist]
# distance from previous block
# <min> <max>
1	9

[block]
# block no. 2 follows, 14 sequences, length 35
# corresponding to MSA columns:
# 219-253
name=unknown_C
#
# <colnr> <probs for GDERKNQSTAVLIFYWHMCP>
#	G	D	E	R	K	N	Q	S	T	A	V	L	I	F	Y	W	H	M	C	P
0	0.23051	0.02610	0.02434	0.02025	0.02714	0.07009	0.01633	0.24152	0.15744	0.05122	0.02501	0.02508	0.01856	0.01176	0.00910	0.00317	0.01012	0.00853	0.00880	0.01492
1	0.02848	0.02687	0.04766	0.03508	0.04417	0.02683	0.33122	0.19747	0.03200	0.04307	0.02447	0.03312	0.01936	0.01128	0.01166	0.00343	0.01477	0.04722	0.00715	0.01470
2	0.08285	0.02312	0.03632	0.05129	0.43363	0.02337	0.02704	0.03498	0.06136	0.09325	0.02273	0.02662	0.01788	0.00989	0.00989	0.00310	0.01119	0.00915	0.00637	0.01597
3	0.02458	0.02355	0.04017	0.13805	0.50668	0.02417	0.03109	0.03078	0.02298	0.03253	0.01916	0.02567	0.01590	0.00930	0.01017	0.00310	0.01239	0.00914	0.00501	0.01559
4	0.02199	0.02087	0.03491	0.27300	0.33416	0.02250	0.02842	0.02810	0.02226	0.03022	0.02570	0.03207	0.05992	0.01093	0.01036	0.00323	0.01221	0.01014	0.00524	0.01376
5	0.02216	0.01761	0.01904	0.01741	0.02195	0.01963	0.01342	0.04219	0.35985	0.04182	0.15485	0.04659	0.04473	0.01515	0.01030	0.00326	0.00690	0.01279	0.11655	0.01379
6	0.63880	0.01968	0.01574	0.01368	0.02032	0.02203	0.01122	0.02971	0.01787	0.04471	0.01471	0.01716	0.01155	0.00932	0.00648	0.00300	0.00790	0.00561	0.00632	0.08419
7	0.01952	0.01275	0.01583	0.01434	0.01752	0.01268	0.01093	0.07264	0.02708	0.07773	0.28529	0.06055	0.09065	0.07487	0.10165	0.00564	0.00953	0.01509	0.06508	0.01060
8	0.01369	0.01031	0.01244	0.01216	0.01460	0.00930	0.00889	0.01733	0.02576	0.03469	0.35890	0.12413	0.23160	0.06290	0.01476	0.00380	0.00536	0.02004	0.01031	0.00906
9	0.03935	0.02764	0.08726	0.02246	0.03132	0.02552	0.02001	0.32724	0.03928	0.23005	0.02915	0.02768	0.01957	0.01217	0.01023	0.00313	0.01087	0.00942	0.01043	0.01721
10	0.02128	0.01824	0.02128	0.01520	0.02432	0.01368	0.01216	0.02584	0.02128	0.03344	0.01824	0.02128	0.01520	0.00760	0.00760	0.00152	0.00760	0.00608	0.00608	0.70208
11	0.02301	0.02194	0.03734	0.28196	0.37503	0.02375	0.03031	0.02940	0.02224	0.03063	0.01888	0.02618	0.01523	0.00959	0.01020	0.00320	0.01278	0.00913	0.00487	0.01433
12	0.02631	0.02108	0.03496	0.25888	0.30680	0.02239	0.02791	0.03236	0.02323	0.11396	0.02212	0.02756	0.01669	0.01009	0.01022	0.00320	0.01221	0.00931	0.00604	0.01465
13	0.01468	0.00985	0.01126	0.01150	0.01156	0.00979	0.00654	0.01486	0.01539	0.02052	0.03472	0.12291	0.04032	0.57948	0.04837	0.00938	0.00956	0.01633	0.00654	0.00643
14	0.01403	0.01059	0.01303	0.01277	0.01549	0.00960	0.00981	0.01821	0.02687	0.03623	0.38389	0.08693	0.23073	0.02316	0.01232	0.00344	0.00540	0.06755	0.01060	0.00936
15	0.08185	0.03305	0.16070	0.02843	0.03736	0.06787	0.13643	0.12750	0.05882	0.07404	0.02186	0.02482	0.01617	0.01127	0.01250	0.00335	0.07347	0.00920	0.00674	0.01456
16	0.01938	0.01824	0.03078	0.61468	0.07068	0.02280	0.02850	0.02622	0.02052	0.02622	0.01824	0.02736	0.01368	0.01026	0.01026	0.00342	0.01368	0.00912	0.00456	0.01140
17	0.01278	0.00932	0.01204	0.01369	0.01485	0.00858	0.00938	0.01512	0.02147	0.02866	0.14052	0.49414	0.12197	0.02982	0.01285	0.00395	0.00571	0.02679	0.00980	0.00858
18	0.02417	0.02313	0.03943	0.17578	0.47215	0.02406	0.03088	0.03042	0.02278	0.03203	0.01909	0.02580	0.01573	0.00937	0.01018	0.00312	0.01250	0.00914	0.00497	0.01526
19	0.02840	0.02180	0.03466	0.20553	0.29646	0.02289	0.02685	0.07287	0.02556	0.13016	0.02314	0.02756	0.01724	0.01032	0.01022	0.00318	0.01193	0.00935	0.00667	0.01521
20	0.02813	0.53483	0.09220	0.01910	0.02831	0.03839	0.01933	0.08484	0.02381	0.02907	0.01568	0.01773	0.01361	0.00923	0.00722	0.00237	0.01133	0.00604	0.00501	0.01378
21	0.03833	0.04891	0.02908	0.02644	0.03173	0.59815	0.01983	0.04098	0.02908	0.02512	0.01586	0.01851	0.01322	0.01058	0.00925	0.00264	0.01851	0.00661	0.00529	0.01190
22	0.02614	0.03787	0.36053	0.02409	0.03557	0.01956	0.02803	0.03502	0.02469	0.17291	0.10430	0.03303	0.02834	0.01213	0.01024	0.00323	0.01203	0.00987	0.00746	0.01495
23	0.01517	0.00968	0.01232	0.01364	0.01516	0.00895	0.00947	0.01764	0.02122	0.05959	0.08710	0.46362	0.10040	0.02781	0.01219	0.00382	0.00586	0.02486	0.08244	0.00908
24	0.01492	0.00995	0.01119	0.01119	0.01119	0.00995	0.00622	0.01492	0.01492	0.01990	0.03233	0.06716	0.03731	0.63935	0.05223	0.00995	0.00995	0.01492	0.00622	0.00622
25	0.02777	0.02643	0.03048	0.35898	0.05382	0.12890	0.02466	0.15917	0.02908	0.03575	0.01943	0.02507	0.01455	0.01084	0.01008	0.00319	0.01395	0.00870	0.00614	0.01302
26	0.31745	0.02506	0.02429	0.01943	0.02687	0.02818	0.01603	0.32967	0.03551	0.05696	0.02036	0.02134	0.01483	0.01116	0.00865	0.00312	0.00990	0.00772	0.00865	0.01483
27	0.02143	0.01589	0.02166	0.01945	0.02186	0.01907	0.01550	0.07370	0.02038	0.07277	0.02527	0.03586	0.02271	0.08759	0.32568	0.01086	0.16248	0.01055	0.00636	0.01094
28	0.01753	0.01733	0.07999	0.02177	0.02607	0.01411	0.05684	0.02330	0.02346	0.03106	0.04809	0.09938	0.05102	0.02494	0.01356	0.00448	0.01063	0.41748	0.00860	0.01037
29	0.02245	0.02245	0.03143	0.02694	0.02694	0.03143	0.02245	0.02470	0.01572	0.02470	0.01347	0.02245	0.01347	0.01796	0.03368	0.00449	0.62057	0.00898	0.00449	0.01123
30	0.02422	0.02768	0.06055	0.04325	0.05363	0.02595	0.53806	0.03287	0.02422	0.03287	0.02076	0.02768	0.01557	0.00865	0.01211	0.00346	0.01730	0.01211	0.00519	0.01384
31	0.02744	0.64552	0.05378	0.01756	0.02634	0.04061	0.01756	0.03073	0.02085	0.02414	0.01427	0.01646	0.01317	0.00878	0.00658	0.00219	0.01097	0.00549	0.00439	0.01317
32	0.04604	0.01746	0.02382	0.01826	0.02620	0.01508	0.01508	0.05001	0.02937	0.58244	0.04049	0.03493	0.02540	0.01270	0.01032	0.00318	0.00873	0.01032	0.01270	0.01746
33	0.02245	0.02245	0.03143	0.02694	0.02694	0.03143	0.02245	0.02470	0.01572	0.02470	0.01347	0.02245	0.01347	0.01796	0.03368	0.00449	0.62057	0.00898	0.00449	0.01123
34	0.02058	0.05308	0.58618	0.02925	0.04442	0.02383	0.03792	0.03250	0.02167	0.03250	0.01842	0.02167	0.01300	0.00975	0.00975	0.00325	0.01517	0.00758	0.00433	0.01517

[dist]
# distance from previous block
# <min> <max>
0	29

[block]
# block no. 3 follows, 14 sequences, length 19
# corresponding to MSA columns:
# 283-301
name=unknown_D
#
# <colnr> <probs for GDERKNQSTAVLIFYWHMCP>
#	G	D	E	R	K	N	Q	S	T	A	V	L	I	F	Y	W	H	M	C	P
0	0.01492	0.00995	0.01119	0.01119	0.01119	0.00995	0.00622	0.01492	0.01492	0.01990	0.03233	0.06716	0.03731	0.63935	0.05223	0.00995	0.00995	0.01492	0.00622	0.00622
1	0.01314	0.00920	0.01172	0.01348	0.01392	0.00876	0.00866	0.01446	0.01841	0.02455	0.05022	0.48470	0.05988	0.19102	0.02334	0.00568	0.00700	0.02545	0.00866	0.00778
2	0.03833	0.04891	0.02908	0.02644	0.03173	0.59815	0.01983	0.04098	0.02908	0.02512	0.01586	0.01851	0.01322	0.01058	0.00925	0.00264	0.01851	0.00661	0.00529	0.01190
3	0.01535	0.01033	0.01457	0.01457	0.01560	0.01135	0.01043	0.01651	0.01549	0.02168	0.02677	0.04511	0.02698	0.20704	0.35432	0.14985	0.01952	0.01155	0.00547	0.00751
4	0.01286	0.00921	0.01223	0.01404	0.01496	0.00857	0.00955	0.01519	0.02132	0.02885	0.14765	0.53400	0.07301	0.03017	0.01292	0.00400	0.00576	0.02729	0.00984	0.00857
5	0.01272	0.00910	0.01210	0.01414	0.01493	0.00848	0.00954	0.01483	0.02065	0.02779	0.11132	0.57335	0.07096	0.03096	0.01299	0.00407	0.00584	0.02804	0.00971	0.00848
6	0.03833	0.04891	0.02908	0.02644	0.03173	0.59815	0.01983	0.04098	0.02908	0.02512	0.01586	0.01851	0.01322	0.01058	0.00925	0.00264	0.01851	0.00661	0.00529	0.01190
7	0.02193	0.12281	0.31072	0.02897	0.04049	0.02492	0.15680	0.03097	0.02271	0.03236	0.05831	0.02722	0.02030	0.01025	0.00994	0.00311	0.01385	0.00931	0.04115	0.01388
8	0.02235	0.01408	0.01514	0.01348	0.01754	0.01424	0.01051	0.10420	0.06505	0.07204	0.09680	0.05148	0.13917	0.01580	0.00949	0.00291	0.00633	0.01292	0.30497	0.01153
9	0.02532	0.01681	0.01852	0.01580	0.01979	0.01855	0.01262	0.18515	0.02986	0.04545	0.06682	0.03526	0.02734	0.01327	0.01095	0.00286	0.06398	0.01005	0.36941	0.01219
10	0.02058	0.05308	0.58618	0.02925	0.04442	0.02383	0.03792	0.03250	0.02167	0.03250	0.01842	0.02167	0.01300	0.00975	0.00975	0.00325	0.01517	0.00758	0.00433	0.01517
11	0.02220	0.01734	0.01707	0.01636	0.01981	0.09317	0.01213	0.02755	0.07424	0.10671	0.13932	0.24307	0.12599	0.02207	0.01163	0.00350	0.00799	0.01900	0.00975	0.01109
12	0.01345	0.01021	0.01450	0.09676	0.02255	0.01032	0.01213	0.01593	0.01977	0.02620	0.05130	0.54951	0.06043	0.02914	0.01271	0.00406	0.00702	0.02642	0.00884	0.00876
13	0.02200	0.03914	0.35508	0.02642	0.03755	0.02215	0.06822	0.09930	0.02611	0.03729	0.08182	0.08511	0.02784	0.01330	0.01056	0.00333	0.01284	0.01133	0.00644	0.01416
14	0.07512	0.02412	0.06613	0.10041	0.16633	0.02253	0.10121	0.06546	0.06552	0.08703	0.02288	0.02640	0.01725	0.00994	0.00987	0.00301	0.01169	0.00913	0.00666	0.10931
15	0.02262	0.03974	0.32484	0.03448	0.08532	0.02468	0.16966	0.03555	0.09599	0.03411	0.02233	0.02586	0.01646	0.00998	0.01051	0.00332	0.01455	0.00948	0.00546	0.01504
16	0.02955	0.02234	0.09228	0.06757	0.10537	0.01988	0.02146	0.03433	0.02326	0.22818	0.03091	0.11248	0.02568	0.01534	0.01476	0.00355	0.11847	0.01214	0.00822	0.01424
17	0.02612	0.06372	0.03596	0.26060	0.27303	0.02362	0.02716	0.03201	0.02295	0.10554	0.02147	0.02683	0.01633	0.01003	0.00997	0.00315	0.01219	0.00905	0.00588	0.01439
18	0.03151	0.02448	0.10528	0.25641	0.04666	0.05157	0.02384	0.03765	0.02478	0.25472	0.02724	0.02918	0.01836	0.01121	0.01016	0.00325	0.01213	0.00926	0.00790	0.01444

[dist]
# distance from previous block
# <min> <max>
2	100

[block]
# block no. 4 follows, 14 sequences, length 55
# corresponding to MSA columns:
# 406-460
name=unknown_E
#
# <colnr> <probs for GDERKNQSTAVLIFYWHMCP>
#	G	D	E	R	K	N	Q	S	T	A	V	L	I	F	Y	W	H	M	C	P
0	0.06554	0.02894	0.17202	0.05775	0.09721	0.02233	0.02341	0.12624	0.02506	0.03673	0.01910	0.02417	0.01518	0.01442	0.01548	0.11191	0.04342	0.00817	0.00592	0.08700
1	0.03216	0.03010	0.11998	0.06225	0.10160	0.08302	0.08980	0.09523	0.07013	0.17243	0.02656	0.02780	0.01880	0.01100	0.01033	0.00318	0.01277	0.00951	0.00786	0.01549
2	0.02895	0.02370	0.06139	0.12358	0.14517	0.02208	0.04857	0.12950	0.02808	0.11951	0.02310	0.02606	0.01701	0.01015	0.00978	0.00286	0.01124	0.00879	0.00728	0.15321
3	0.13445	0.02312	0.08862	0.01767	0.02681	0.01768	0.01604	0.06242	0.02383	0.13824	0.02212	0.02332	0.01631	0.00938	0.00832	0.00238	0.00898	0.00715	0.00738	0.34577
4	0.02041	0.01618	0.02234	0.07228	0.13059	0.01473	0.01601	0.02503	0.02411	0.07283	0.14072	0.05118	0.15616	0.01508	0.01036	0.00284	0.00802	0.01303	0.00798	0.18012
5	0.02672	0.02339	0.03788	0.13331	0.16933	0.02457	0.14079	0.07451	0.14542	0.07803	0.02650	0.02981	0.01985	0.01079	0.01070	0.00331	0.01236	0.01046	0.00718	0.01508
6	0.02553	0.02204	0.02320	0.02088	0.02669	0.02553	0.01624	0.05453	0.55679	0.04293	0.04177	0.03829	0.03133	0.01392	0.01044	0.00348	0.00812	0.01160	0.01044	0.01624
7	0.01783	0.00891	0.01337	0.01337	0.01337	0.00891	0.00891	0.01337	0.01337	0.01783	0.01783	0.03119	0.01783	0.03565	0.04011	0.70143	0.00891	0.00891	0.00446	0.00446
8	0.01380	0.01046	0.01271	0.01215	0.01489	0.00937	0.00911	0.01796	0.02734	0.03709	0.42915	0.08333	0.24013	0.02249	0.01211	0.00330	0.00495	0.01950	0.01076	0.00937
9	0.02287	0.02299	0.03400	0.02827	0.02982	0.03041	0.07798	0.02775	0.05590	0.02691	0.01632	0.02417	0.01499	0.01666	0.02965	0.00431	0.51063	0.00951	0.00500	0.01187
10	0.02662	0.39979	0.21193	0.02174	0.03239	0.03459	0.02391	0.08668	0.02407	0.03107	0.01664	0.01892	0.01358	0.00946	0.00794	0.00261	0.01227	0.00653	0.00501	0.01424
11	0.01270	0.00999	0.01147	0.01201	0.01444	0.00877	0.00866	0.01550	0.02340	0.02987	0.18020	0.24863	0.33432	0.02680	0.01240	0.00362	0.00535	0.02323	0.00987	0.00877
12	0.01492	0.00995	0.01119	0.01119	0.01119	0.00995	0.00622	0.01492	0.01492	0.01990	0.03233	0.06716	0.03731	0.63935	0.05223	0.00995	0.00995	0.01492	0.00622	0.00622
13	0.02337	0.03365	0.18410	0.03996	0.05147	0.02545	0.42050	0.03278	0.02362	0.03278	0.02021	0.02627	0.01497	0.00891	0.01156	0.00341	0.01680	0.01105	0.00499	0.01415
14	0.71184	0.01985	0.01508	0.01350	0.01985	0.02302	0.01111	0.03017	0.01746	0.04604	0.01429	0.01667	0.01111	0.00953	0.00635	0.00318	0.00794	0.00556	0.00635	0.01111
15	0.07721	0.02546	0.10139	0.14975	0.29911	0.02294	0.06217	0.02939	0.02160	0.03200	0.01969	0.02793	0.01654	0.05703	0.01314	0.00370	0.01265	0.00931	0.00509	0.01392
16	0.01436	0.01071	0.01360	0.01542	0.01677	0.01065	0.01086	0.01961	0.08392	0.02853	0.05463	0.52281	0.06285	0.02969	0.01286	0.00413	0.00648	0.06313	0.00963	0.00936
17	0.02089	0.01315	0.01654	0.01501	0.01865	0.01274	0.01147	0.02890	0.10556	0.12466	0.37137	0.10655	0.07393	0.01950	0.01166	0.00333	0.00601	0.01706	0.01126	0.01175
18	0.03841	0.04672	0.02927	0.02613	0.03174	0.53666	0.01979	0.09528	0.03116	0.02941	0.01682	0.01917	0.01368	0.01076	0.00936	0.00269	0.01772	0.00689	0.00583	0.01250
19	0.02168	0.04541	0.42738	0.03348	0.04720	0.02447	0.18902	0.03261	0.02244	0.03261	0.01912	0.02348	0.01378	0.00942	0.01046	0.00331	0.01581	0.00895	0.00459	0.01477
20	0.02553	0.02204	0.02320	0.02088	0.02669	0.02553	0.01624	0.05453	0.55679	0.04293	0.04177	0.03829	0.03133	0.01392	0.01044	0.00348	0.00812	0.01160	0.01044	0.01624
21	0.02074	0.02048	0.03719	0.46572	0.10561	0.02351	0.12439	0.02787	0.02143	0.02802	0.01879	0.02727	0.01423	0.00987	0.01060	0.00340	0.01425	0.00968	0.00472	0.01223
22	0.01913	0.00956	0.00956	0.00956	0.01196	0.00956	0.00717	0.02391	0.02152	0.03826	0.03348	0.03826	0.02630	0.01196	0.00717	0.00239	0.00478	0.00956	0.69632	0.00956
23	0.01283	0.00917	0.01229	0.01467	0.01541	0.00862	0.01010	0.01486	0.01997	0.02657	0.05638	0.59028	0.06715	0.03184	0.01319	0.00421	0.00624	0.06828	0.00952	0.00843
24	0.02045	0.01984	0.07256	0.08907	0.03361	0.01914	0.14059	0.02261	0.01771	0.02449	0.01792	0.02785	0.01579	0.02175	0.02693	0.29759	0.10854	0.00960	0.00464	0.00931
25	0.01913	0.00956	0.00956	0.00956	0.01196	0.00956	0.00717	0.02391	0.02152	0.03826	0.03348	0.03826	0.02630	0.01196	0.00717	0.00239	0.00478	0.00956	0.69632	0.00956
26	0.02058	0.05308	0.58618	0.02925	0.04442	0.02383	0.03792	0.03250	0.02167	0.03250	0.01842	0.02167	0.01300	0.00975	0.00975	0.00325	0.01517	0.00758	0.00433	0.01517
27	0.03238	0.03409	0.02650	0.02352	0.02937	0.26740	0.01811	0.10165	0.27931	0.03779	0.02900	0.02847	0.02219	0.01234	0.00992	0.00308	0.01284	0.00924	0.00825	0.01454
28	0.01624	0.01229	0.01520	0.01415	0.01710	0.01215	0.01071	0.02485	0.11131	0.04143	0.48759	0.07068	0.08662	0.01988	0.01184	0.00327	0.00535	0.01747	0.01116	0.01071
29	0.02553	0.02204	0.02320	0.02088	0.02669	0.02553	0.01624	0.05453	0.55679	0.04293	0.04177	0.03829	0.03133	0.01392	0.01044	0.00348	0.00812	0.01160	0.01044	0.01624
30	0.03561	0.02921	0.02825	0.05772	0.03199	0.11718	0.01877	0.37712	0.04075	0.05339	0.02384	0.02530	0.01752	0.01189	0.00978	0.00296	0.01186	0.00886	0.08263	0.01538
31	0.01938	0.01824	0.03078	0.61468	0.07068	0.02280	0.02850	0.02622	0.02052	0.02622	0.01824	0.02736	0.01368	0.01026	0.01026	0.00342	0.01368	0.00912	0.00456	0.01140
32	0.02325	0.04583	0.43960	0.03066	0.07714	0.02542	0.03407	0.09239	0.02447	0.03578	0.01883	0.02233	0.01379	0.01067	0.01173	0.00331	0.06244	0.00800	0.00510	0.01520
33	0.02058	0.05308	0.58618	0.02925	0.04442	0.02383	0.03792	0.03250	0.02167	0.03250	0.01842	0.02167	0.01300	0.00975	0.00975	0.00325	0.01517	0.00758	0.00433	0.01517
34	0.02952	0.08499	0.05745	0.01747	0.02385	0.01998	0.01523	0.14762	0.03102	0.16382	0.15381	0.04001	0.03819	0.01382	0.00980	0.00295	0.00842	0.01119	0.11702	0.01385
35	0.01510	0.01015	0.01177	0.01203	0.01229	0.01015	0.00734	0.01561	0.01587	0.02107	0.03472	0.07243	0.03967	0.57301	0.04810	0.00938	0.00989	0.06827	0.00657	0.00657
36	0.01464	0.01048	0.01437	0.01605	0.01746	0.01060	0.01235	0.01766	0.02003	0.02675	0.04787	0.27369	0.05370	0.10474	0.12323	0.00722	0.01156	0.20052	0.00841	0.00867
37	0.02662	0.57497	0.11718	0.01895	0.02849	0.03861	0.01998	0.03094	0.02095	0.02514	0.01476	0.01708	0.01315	0.00890	0.00696	0.00232	0.01147	0.00574	0.00438	0.01341
38	0.01246	0.00911	0.01173	0.01383	0.01476	0.00837	0.00932	0.01434	0.02009	0.02638	0.06221	0.56907	0.12781	0.03142	0.01298	0.00408	0.00586	0.02828	0.00953	0.00837
39	0.08783	0.02810	0.02966	0.02288	0.03096	0.03119	0.01890	0.50404	0.04602	0.06332	0.02389	0.02406	0.01699	0.01212	0.00998	0.00309	0.01105	0.00897	0.00998	0.01699
40	0.01306	0.00936	0.01241	0.01391	0.01501	0.00871	0.00957	0.01569	0.02223	0.03031	0.19772	0.47977	0.07584	0.02908	0.01282	0.00391	0.00565	0.02625	0.01001	0.00871
41	0.02340	0.29639	0.36753	0.02445	0.03699	0.03072	0.02956	0.03177	0.02133	0.02907	0.01671	0.01953	0.01307	0.00935	0.00845	0.00282	0.01344	0.00672	0.00436	0.01435
42	0.01295	0.01043	0.01153	0.01126	0.01436	0.00901	0.00844	0.01631	0.02533	0.03232	0.26333	0.09120	0.40893	0.02428	0.01212	0.00338	0.00508	0.02060	0.01013	0.00901
43	0.02632	0.25333	0.27377	0.02798	0.09933	0.02882	0.02754	0.03366	0.02242	0.08940	0.01946	0.02173	0.01479	0.00966	0.00875	0.00285	0.01265	0.00733	0.00535	0.01485
44	0.02533	0.02820	0.04765	0.03475	0.04420	0.09519	0.35309	0.03229	0.02416	0.03202	0.01957	0.02507	0.01519	0.00865	0.01072	0.00292	0.01524	0.01005	0.00541	0.17028
45	0.03833	0.04891	0.02908	0.02644	0.03173	0.59815	0.01983	0.04098	0.02908	0.02512	0.01586	0.01851	0.01322	0.01058	0.00925	0.00264	0.01851	0.00661	0.00529	0.01190
46	0.03006	0.01991	0.02175	0.01841	0.02425	0.02161	0.01464	0.15731	0.23562	0.12566	0.03569	0.03468	0.02610	0.01291	0.00960	0.00308	0.00813	0.01039	0.17510	0.01510
47	0.03901	0.02874	0.03080	0.02361	0.03182	0.03182	0.01951	0.54111	0.04825	0.06468	0.02464	0.02464	0.01745	0.01232	0.01027	0.00308	0.01129	0.00924	0.01027	0.01745
48	0.01280	0.00964	0.01185	0.01295	0.01469	0.00869	0.00908	0.01541	0.02253	0.02956	0.17080	0.37623	0.21197	0.02825	0.01264	0.00379	0.00553	0.02501	0.00988	0.00869
49	0.02790	0.02397	0.02908	0.02406	0.03086	0.02676	0.07900	0.14330	0.39789	0.04581	0.03605	0.03446	0.02685	0.01299	0.01061	0.00340	0.00981	0.01122	0.00978	0.01618
50	0.04071	0.02307	0.03091	0.02332	0.03165	0.02289	0.07909	0.23909	0.03611	0.31549	0.03197	0.03006	0.02114	0.01207	0.01051	0.00317	0.01075	0.01011	0.01086	0.01703
51	0.01913	0.00956	0.00956	0.00956	0.01196	0.00956	0.00717	0.02391	0.02152	0.03826	0.03348	0.03826	0.02630	0.01196	0.00717	0.00239	0.00478	0.00956	0.69632	0.00956
52	0.01250	0.00893	0.01191	0.01429	0.01488	0.00834	0.00953	0.01429	0.01965	0.02620	0.05656	0.63265	0.06787	0.03215	0.01310	0.00417	0.00595	0.02917	0.00953	0.00834
53	0.02515	0.02476	0.03138	0.40892	0.09993	0.11368	0.02631	0.09026	0.02538	0.03121	0.01872	0.02550	0.01426	0.01047	0.01010	0.00323	0.01403	0.00874	0.00539	0.01258
54	0.03474	0.11114	0.03372	0.02549	0.03153	0.34362	0.06002	0.03982	0.06217	0.08729	0.02030	0.02239	0.01595	0.01120	0.01113	0.00290	0.05944	0.00782	0.00627	0.01305

[dist]
# distance from previous block
# <min> <max>
0	2

[block]
# block no. 5 follows, 14 sequences, length 43
# corresponding to MSA columns:
# 463-505
name=unknown_F
#
# <colnr> <probs for GDERKNQSTAVLIFYWHMCP>
#	G	D	E	R	K	N	Q	S	T	A	V	L	I	F	Y	W	H	M	C	P
0	0.04233	0.02342	0.02750	0.02109	0.02917	0.02392	0.01742	0.30937	0.03934	0.30900	0.03212	0.02949	0.02120	0.01250	0.01029	0.00312	0.01008	0.00975	0.01142	0.01746
1	0.02697	0.02506	0.02620	0.02763	0.10572	0.10632	0.01929	0.08601	0.26630	0.03877	0.03549	0.04591	0.03017	0.01513	0.01087	0.00348	0.01072	0.09668	0.00874	0.01454
2	0.02058	0.05308	0.58618	0.02925	0.04442	0.02383	0.03792	0.03250	0.02167	0.03250	0.01842	0.02167	0.01300	0.00975	0.00975	0.00325	0.01517	0.00758	0.00433	0.01517
3	0.01792	0.01391	0.01706	0.01807	0.02089	0.01474	0.01431	0.02882	0.17770	0.03289	0.05136	0.25142	0.05368	0.02531	0.01276	0.00419	0.00799	0.21614	0.00976	0.01109
4	0.01250	0.00893	0.01191	0.01429	0.01488	0.00834	0.00953	0.01429	0.01965	0.02620	0.05656	0.63265	0.06787	0.03215	0.01310	0.00417	0.00595	0.02917	0.00953	0.00834
5	0.08937	0.44021	0.04682	0.01994	0.02854	0.03518	0.06126	0.07443	0.02374	0.07203	0.01764	0.01949	0.01447	0.00942	0.00762	0.00253	0.01111	0.00673	0.00574	0.01372
6	0.14881	0.02040	0.02700	0.13075	0.14456	0.02166	0.02008	0.10752	0.02663	0.16099	0.02489	0.02730	0.01795	0.01088	0.00932	0.00311	0.01021	0.00883	0.06470	0.01441
7	0.08682	0.28985	0.15921	0.02296	0.03246	0.11273	0.06056	0.03403	0.02277	0.06744	0.01770	0.02001	0.01400	0.00957	0.00830	0.00273	0.01301	0.00694	0.00531	0.01359
8	0.02834	0.59628	0.05174	0.01829	0.02678	0.08662	0.01775	0.03157	0.02153	0.02422	0.01440	0.01663	0.01317	0.00893	0.00680	0.00223	0.01160	0.00558	0.00446	0.01306
9	0.02540	0.02438	0.04165	0.06299	0.57533	0.02438	0.03149	0.03149	0.02337	0.03353	0.01930	0.02540	0.01626	0.00914	0.01016	0.00305	0.01219	0.00914	0.00508	0.01626
10	0.01492	0.00995	0.01119	0.01119	0.01119	0.00995	0.00622	0.01492	0.01492	0.01990	0.03233	0.06716	0.03731	0.63935	0.05223	0.00995	0.00995	0.01492	0.00622	0.00622
11	0.01891	0.01742	0.03105	0.02426	0.02816	0.01736	0.20709	0.02230	0.01847	0.02508	0.02676	0.04942	0.02759	0.36201	0.03595	0.00716	0.05240	0.01348	0.00572	0.00941
12	0.01913	0.00956	0.00956	0.00956	0.01196	0.00956	0.00717	0.02391	0.02152	0.03826	0.03348	0.03826	0.02630	0.01196	0.00717	0.00239	0.00478	0.00956	0.69632	0.00956
13	0.02744	0.64552	0.05378	0.01756	0.02634	0.04061	0.01756	0.03073	0.02085	0.02414	0.01427	0.01646	0.01317	0.00878	0.00658	0.00219	0.01097	0.00549	0.00439	0.01317
14	0.02958	0.02200	0.03355	0.11806	0.15664	0.02462	0.05407	0.07782	0.02456	0.15754	0.02300	0.02715	0.01730	0.01266	0.01646	0.00353	0.17039	0.00955	0.00704	0.01448
15	0.01913	0.00956	0.00956	0.00956	0.01196	0.00956	0.00717	0.02391	0.02152	0.03826	0.03348	0.03826	0.02630	0.01196	0.00717	0.00239	0.00478	0.00956	0.69632	0.00956
16	0.42479	0.01864	0.01769	0.01817	0.07197	0.02076	0.01286	0.07351	0.02167	0.04465	0.02018	0.02327	0.01573	0.01030	0.00725	0.00297	0.00790	0.00716	0.16872	0.01179
17	0.28296	0.01689	0.01547	0.01358	0.01850	0.01864	0.01088	0.11955	0.02482	0.04595	0.02467	0.02769	0.01900	0.01111	0.00742	0.00281	0.00714	0.00800	0.31335	0.01157
18	0.01250	0.00893	0.01191	0.01429	0.01488	0.00834	0.00953	0.01429	0.01965	0.02620	0.05656	0.63265	0.06787	0.03215	0.01310	0.00417	0.00595	0.02917	0.00953	0.00834
19	0.02381	0.02647	0.05382	0.03948	0.04747	0.02722	0.41891	0.03098	0.02226	0.03098	0.01908	0.02647	0.01509	0.01080	0.01709	0.00370	0.15671	0.01139	0.00503	0.01324
20	0.02124	0.10954	0.53544	0.02814	0.04269	0.02543	0.03598	0.03233	0.02159	0.03170	0.01802	0.02117	0.01302	0.00966	0.00945	0.00315	0.01477	0.00738	0.00434	0.01498
21	0.04604	0.01746	0.02382	0.01826	0.02620	0.01508	0.01508	0.05001	0.02937	0.58244	0.04049	0.03493	0.02540	0.01270	0.01032	0.00318	0.00873	0.01032	0.01270	0.01746
22	0.02320	0.02447	0.04675	0.04064	0.13552	0.02583	0.28528	0.02950	0.02144	0.03032	0.01939	0.02714	0.01606	0.01671	0.06668	0.00474	0.15727	0.01077	0.00503	0.01326
23	0.02489	0.02386	0.04073	0.10993	0.53239	0.02425	0.03124	0.03105	0.02312	0.03290	0.01921	0.02557	0.01604	0.00924	0.01017	0.00308	0.01232	0.00914	0.00504	0.01584
24	0.01892	0.01750	0.02915	0.55734	0.06541	0.02155	0.02671	0.02557	0.02133	0.02764	0.07081	0.03206	0.02160	0.01128	0.01044	0.00340	0.01284	0.01002	0.00520	0.01124
25	0.01589	0.01135	0.01580	0.01816	0.02024	0.01126	0.01542	0.02015	0.02299	0.02999	0.05469	0.19837	0.06047	0.02896	0.01400	0.00464	0.00889	0.43001	0.00946	0.00927
26	0.01625	0.01365	0.02119	0.14991	0.12635	0.01425	0.01745	0.01987	0.02049	0.02751	0.04183	0.39666	0.04723	0.02343	0.01198	0.00381	0.00870	0.02137	0.00769	0.01039
27	0.01262	0.00985	0.01146	0.01225	0.01447	0.00868	0.00873	0.01523	0.02277	0.02908	0.15316	0.30032	0.30956	0.02763	0.01250	0.00370	0.00544	0.02409	0.00978	0.00868
28	0.02446	0.02010	0.03362	0.24634	0.20108	0.02189	0.06250	0.03010	0.02231	0.09899	0.02446	0.07893	0.02064	0.01254	0.01228	0.00342	0.05548	0.01119	0.00620	0.01347
29	0.03101	0.02797	0.07906	0.03004	0.03911	0.02659	0.20367	0.20153	0.11590	0.09704	0.02702	0.02863	0.01940	0.01112	0.01092	0.00330	0.01296	0.01061	0.00830	0.01582
30	0.02978	0.01449	0.01894	0.01651	0.02127	0.01334	0.01278	0.07061	0.02777	0.27938	0.13711	0.22332	0.05026	0.02004	0.01147	0.00348	0.00740	0.01742	0.01131	0.01332
31	0.02128	0.01824	0.02128	0.01520	0.02432	0.01368	0.01216	0.02584	0.02128	0.03344	0.01824	0.02128	0.01520	0.00760	0.00760	0.00152	0.00760	0.00608	0.00608	0.70208
32	0.02381	0.02073	0.02759	0.08386	0.15002	0.01919	0.01883	0.07391	0.05638	0.03608	0.02045	0.02408	0.01646	0.00899	0.00882	0.00229	0.00954	0.00765	0.00635	0.38499
33	0.01599	0.01020	0.01240	0.01185	0.01426	0.00965	0.00889	0.02081	0.02666	0.04023	0.39958	0.06446	0.07443	0.01811	0.01054	0.00296	0.00482	0.01570	0.22882	0.00965
34	0.01250	0.00893	0.01191	0.01429	0.01488	0.00834	0.00953	0.01429	0.01965	0.02620	0.05656	0.63265	0.06787	0.03215	0.01310	0.00417	0.00595	0.02917	0.00953	0.00834
35	0.02601	0.01442	0.01619	0.01386	0.01872	0.01376	0.01098	0.10134	0.02778	0.16499	0.05621	0.05474	0.19784	0.01664	0.00992	0.00301	0.00677	0.01353	0.22105	0.01224
36	0.01323	0.00939	0.01245	0.01464	0.01541	0.00892	0.01017	0.01525	0.01978	0.02627	0.05427	0.51828	0.06420	0.08177	0.01647	0.00472	0.00674	0.09048	0.00924	0.00831
37	0.02245	0.02245	0.03143	0.02694	0.02694	0.03143	0.02245	0.02470	0.01572	0.02470	0.01347	0.02245	0.01347	0.01796	0.03368	0.00449	0.62057	0.00898	0.00449	0.01123
38	0.01250	0.00893	0.01191	0.01429	0.01488	0.00834	0.00953	0.01429	0.01965	0.02620	0.05656	0.63265	0.06787	0.03215	0.01310	0.00417	0.00595	0.02917	0.00953	0.00834
39	0.02540	0.02438	0.04165	0.06299	0.57533	0.02438	0.03149	0.03149	0.02337	0.03353	0.01930	0.02540	0.01626	0.00914	0.01016	0.00305	0.01219	0.00914	0.00508	0.01626
40	0.01938	0.01824	0.03078	0.61468	0.07068	0.02280	0.02850	0.02622	0.02052	0.02622	0.01824	0.02736	0.01368	0.01026	0.01026	0.00342	0.01368	0.00912	0.00456	0.01140
41	0.01492	0.00995	0.01119	0.01119	0.01119	0.00995	0.00622	0.01492	0.01492	0.01990	0.03233	0.06716	0.03731	0.63935	0.05223	0.00995	0.00995	0.01492	0.00622	0.00622
42	0.02540	0.02438	0.04165	0.06299	0.57533	0.02438	0.03149	0.03149	0.02337	0.03353	0.01930	0.02540	0.01626	0.00914	0.01016	0.00305	0.01219	0.00914	0.00508	0.01626

[dist]
# distance from previous block
# <min> <max>
0	7

[block]
# block no. 6 follows, 14 sequences, length 21
# corresponding to MSA columns:
# 513-533
name=unknown_G
#
# <colnr> <probs for GDERKNQSTAVLIFYWHMCP>
#	G	D	E	R	K	N	Q	S	T	A	V	L	I	F	Y	W	H	M	C	P
0	0.01685	0.01658	0.06139	0.02002	0.02207	0.01649	0.01703	0.02037	0.01993	0.02758	0.04188	0.27928	0.04710	0.02569	0.01850	0.00434	0.16706	0.16009	0.00781	0.00992
1	0.02610	0.02035	0.03483	0.33011	0.16464	0.02202	0.07975	0.03244	0.02314	0.13217	0.02287	0.02840	0.01659	0.01032	0.01044	0.00330	0.01283	0.00966	0.00625	0.01379
2	0.02540	0.02438	0.04165	0.06299	0.57533	0.02438	0.03149	0.03149	0.02337	0.03353	0.01930	0.02540	0.01626	0.00914	0.01016	0.00305	0.01219	0.00914	0.00508	0.01626
3	0.01250	0.00893	0.01191	0.01429	0.01488	0.00834	0.00953	0.01429	0.01965	0.02620	0.05656	0.63265	0.06787	0.03215	0.01310	0.00417	0.00595	0.02917	0.00953	0.00834
4	0.02580	0.02140	0.02056	0.01984	0.02415	0.14520	0.01629	0.02994	0.02585	0.10707	0.07587	0.07273	0.04325	0.02009	0.01189	0.00370	0.01095	0.25349	0.00883	0.06310
5	0.01853	0.01669	0.02392	0.02169	0.02261	0.02207	0.01761	0.02149	0.01611	0.02426	0.02052	0.03144	0.01960	0.04764	0.31790	0.01053	0.32222	0.00999	0.00500	0.01019
6	0.01938	0.01824	0.03078	0.61468	0.07068	0.02280	0.02850	0.02622	0.02052	0.02622	0.01824	0.02736	0.01368	0.01026	0.01026	0.00342	0.01368	0.00912	0.00456	0.01140
7	0.01452	0.01049	0.01372	0.01291	0.01533	0.00968	0.00968	0.01937	0.02905	0.04115	0.56992	0.07666	0.09683	0.02098	0.01210	0.00323	0.00484	0.01856	0.01130	0.00968
8	0.01928	0.01276	0.01604	0.01453	0.01798	0.01236	0.01112	0.02725	0.09944	0.09784	0.44430	0.06719	0.08065	0.01918	0.01170	0.00326	0.00568	0.01677	0.01133	0.01137
9	0.01492	0.00995	0.01119	0.01119	0.01119	0.00995	0.00622	0.01492	0.01492	0.01990	0.03233	0.06716	0.03731	0.63935	0.05223	0.00995	0.00995	0.01492	0.00622	0.00622
10	0.02313	0.01934	0.02227	0.01608	0.02510	0.01557	0.01293	0.07957	0.02409	0.03670	0.01891	0.02163	0.01543	0.00809	0.00788	0.00168	0.00799	0.00641	0.00652	0.63069
11	0.02132	0.06073	0.02122	0.07865	0.02452	0.01769	0.01411	0.11622	0.02366	0.03109	0.03117	0.08537	0.03208	0.19537	0.02661	0.09842	0.01023	0.09463	0.00715	0.00978
12	0.02315	0.04970	0.50896	0.02847	0.04266	0.02494	0.03536	0.10322	0.02536	0.03697	0.01928	0.02208	0.01362	0.01011	0.00982	0.00323	0.01463	0.00781	0.00516	0.01548
13	0.01250	0.00893	0.01191	0.01429	0.01488	0.00834	0.00953	0.01429	0.01965	0.02620	0.05656	0.63265	0.06787	0.03215	0.01310	0.00417	0.00595	0.02917	0.00953	0.00834
14	0.02542	0.02406	0.03909	0.05713	0.49905	0.02454	0.02937	0.03470	0.09754	0.03483	0.02243	0.02719	0.01835	0.00981	0.01020	0.00311	0.01163	0.00949	0.00583	0.01625
15	0.01299	0.00951	0.01233	0.01439	0.01560	0.00884	0.01023	0.01528	0.02067	0.02700	0.06248	0.49373	0.13270	0.03084	0.01311	0.00415	0.00632	0.09179	0.00952	0.00853
16	0.02589	0.02125	0.02290	0.05764	0.02806	0.05952	0.01474	0.11889	0.02739	0.07152	0.03203	0.03327	0.09011	0.01161	0.00915	0.00237	0.00921	0.00923	0.00754	0.34768
17	0.03570	0.04465	0.02932	0.10823	0.03714	0.51815	0.02103	0.03893	0.02789	0.02527	0.01619	0.01974	0.01328	0.01053	0.00939	0.00275	0.01784	0.00696	0.00519	0.01183
18	0.02322	0.01605	0.01897	0.01826	0.02231	0.01701	0.01410	0.03720	0.24837	0.11122	0.04777	0.22778	0.04533	0.02123	0.01174	0.00382	0.00773	0.08446	0.01034	0.01310
19	0.12208	0.02397	0.06345	0.02023	0.02693	0.02433	0.01731	0.15500	0.25144	0.04561	0.03746	0.04083	0.06230	0.01453	0.01018	0.00342	0.00923	0.04772	0.00925	0.01471
