[name]
unknown

[dist]
# distance from previous block
# <min> <max>
0	29

[block]
# block no. 0 follows, 12 sequences, length 7
# corresponding to MSA columns:
# 29-35
name=unknown_A
#
# <colnr> <probs for GDERKNQSTAVLIFYWHMCP>
#	G	D	E	R	K	N	Q	S	T	A	V	L	I	F	Y	W	H	M	C	P
0	0.02542	0.02501	0.04552	0.25189	0.16768	0.02650	0.18653	0.07259	0.02624	0.03531	0.02108	0.02849	0.01612	0.01027	0.01152	0.00353	0.01523	0.01074	0.00570	0.01462
1	0.02148	0.01176	0.01589	0.01658	0.01909	0.01078	0.01213	0.02419	0.02354	0.14375	0.05614	0.43768	0.06135	0.02926	0.01338	0.00425	0.00733	0.06947	0.01085	0.01109
2	0.02059	0.01938	0.03270	0.59060	0.07510	0.02422	0.03028	0.02786	0.02180	0.02786	0.01938	0.02907	0.01453	0.01090	0.01090	0.00363	0.01453	0.00969	0.00484	0.01211
3	0.09818	0.13284	0.12557	0.08001	0.03719	0.02951	0.02318	0.18608	0.03237	0.11957	0.02382	0.02519	0.01710	0.01152	0.00975	0.00320	0.01217	0.00860	0.00811	0.01605
4	0.02267	0.01319	0.01840	0.08165	0.02541	0.01269	0.01378	0.02684	0.02677	0.14891	0.22257	0.23103	0.06653	0.02278	0.01255	0.00375	0.00750	0.02018	0.01092	0.01186
5	0.02340	0.01452	0.02087	0.14600	0.03200	0.01462	0.01600	0.02884	0.02887	0.14413	0.32254	0.06054	0.06740	0.01792	0.01203	0.00346	0.00812	0.01566	0.01068	0.01238
6	0.02662	0.17115	0.16148	0.02970	0.03780	0.08710	0.10574	0.03272	0.02226	0.02943	0.01721	0.02271	0.01447	0.01250	0.01718	0.00354	0.18095	0.00866	0.00492	0.01386

[dist]
# distance from previous block
# <min> <max>
0	2

[block]
# block no. 1 follows, 12 sequences, length 12
# corresponding to MSA columns:
# 38-49
name=unknown_B
#
# <colnr> <probs for GDERKNQSTAVLIFYWHMCP>
#	G	D	E	R	K	N	Q	S	T	A	V	L	I	F	Y	W	H	M	C	P
0	0.02772	0.31839	0.10031	0.10787	0.03596	0.03079	0.02154	0.03273	0.02321	0.09534	0.02507	0.09089	0.02245	0.01309	0.00928	0.00303	0.01168	0.01024	0.00645	0.01393
1	0.01942	0.01833	0.09838	0.05752	0.02422	0.01437	0.01577	0.02554	0.02151	0.03503	0.03037	0.03762	0.02462	0.02906	0.14637	0.00642	0.01336	0.01017	0.36078	0.01112
2	0.02635	0.01856	0.01854	0.01763	0.02143	0.09771	0.01307	0.02933	0.02623	0.15814	0.09623	0.27939	0.10554	0.02386	0.01237	0.00376	0.00891	0.02059	0.01041	0.01197
3	0.09290	0.12950	0.03253	0.02597	0.10647	0.02461	0.01832	0.09355	0.02811	0.22058	0.02921	0.03290	0.02228	0.07917	0.01482	0.00396	0.01066	0.00982	0.00901	0.01562
4	0.03139	0.03486	0.03783	0.04721	0.28547	0.22162	0.02757	0.03593	0.02573	0.03100	0.01825	0.02390	0.01567	0.01170	0.01430	0.00332	0.10532	0.00873	0.00538	0.01480
5	0.29244	0.02589	0.02620	0.02288	0.02619	0.09008	0.01875	0.03048	0.01902	0.03532	0.01494	0.02094	0.01329	0.01464	0.02133	0.00400	0.29818	0.00781	0.00565	0.01196
6	0.02092	0.01517	0.01842	0.01847	0.02141	0.01560	0.01403	0.13781	0.02904	0.03866	0.05140	0.38110	0.05739	0.02830	0.01339	0.00425	0.00837	0.10456	0.01030	0.01143
7	0.02158	0.01686	0.02241	0.10684	0.03042	0.01930	0.01714	0.03105	0.12055	0.07113	0.09982	0.05020	0.10011	0.03209	0.14017	0.00685	0.07905	0.01359	0.00841	0.01244
8	0.03801	0.09069	0.09521	0.02304	0.03227	0.02755	0.02097	0.20500	0.10635	0.20137	0.03180	0.03018	0.02209	0.01273	0.01048	0.00329	0.01118	0.00989	0.01030	0.01760
9	0.04177	0.02617	0.02954	0.02307	0.03139	0.02782	0.01892	0.32147	0.10680	0.20657	0.03338	0.03120	0.02287	0.01343	0.01095	0.00336	0.01078	0.01047	0.01168	0.01838
10	0.04892	0.01856	0.02530	0.01940	0.02783	0.01603	0.01603	0.05314	0.03121	0.55634	0.04302	0.03711	0.02699	0.01350	0.01096	0.00337	0.00928	0.01096	0.01350	0.01856
11	0.01926	0.01280	0.01524	0.01445	0.01811	0.01184	0.01087	0.02520	0.07020	0.09810	0.21921	0.16198	0.23259	0.02422	0.01265	0.00369	0.00625	0.02089	0.01118	0.01129

[dist]
# distance from previous block
# <min> <max>
0	38

[block]
# block no. 2 follows, 12 sequences, length 42
# corresponding to MSA columns:
# 88-129
name=unknown_C
#
# <colnr> <probs for GDERKNQSTAVLIFYWHMCP>
#	G	D	E	R	K	N	Q	S	T	A	V	L	I	F	Y	W	H	M	C	P
0	0.01586	0.01057	0.01189	0.01189	0.01189	0.01057	0.00661	0.01586	0.01586	0.02114	0.03436	0.07135	0.03964	0.61681	0.05550	0.01057	0.01057	0.01586	0.00661	0.00661
1	0.02190	0.01335	0.01780	0.01660	0.01866	0.01427	0.01211	0.02413	0.01950	0.11483	0.03494	0.10304	0.03466	0.25223	0.19112	0.01025	0.06799	0.01466	0.00772	0.01023
2	0.04520	0.01939	0.02519	0.01988	0.02792	0.01792	0.01624	0.05396	0.11624	0.46912	0.04325	0.03772	0.02807	0.01372	0.01099	0.00343	0.00917	0.01120	0.01309	0.01833
3	0.02880	0.52090	0.05159	0.01926	0.02805	0.04041	0.01842	0.03697	0.10873	0.02906	0.02015	0.02145	0.01729	0.01026	0.00770	0.00257	0.01114	0.00694	0.00576	0.01455
4	0.02701	0.02548	0.04091	0.05929	0.45991	0.02611	0.03070	0.03764	0.11095	0.03733	0.02459	0.02933	0.02001	0.01058	0.01085	0.00332	0.01221	0.01016	0.00637	0.01727
5	0.01980	0.01115	0.01496	0.01595	0.01801	0.01017	0.01120	0.02212	0.02276	0.12441	0.05698	0.50507	0.06387	0.03038	0.01338	0.00424	0.00687	0.02734	0.01074	0.01063
6	0.01769	0.01383	0.01775	0.06714	0.02359	0.01428	0.01326	0.02711	0.11421	0.04115	0.36597	0.11884	0.08020	0.02109	0.01248	0.00359	0.00669	0.01860	0.01103	0.01151
7	0.03109	0.02540	0.02689	0.02299	0.02987	0.02898	0.01822	0.18399	0.39657	0.05202	0.03933	0.03666	0.02920	0.01432	0.01104	0.00358	0.00956	0.01163	0.01104	0.01761
8	0.01498	0.01040	0.01313	0.01466	0.01534	0.01012	0.00991	0.01662	0.01956	0.02595	0.04955	0.31998	0.05780	0.26382	0.03053	0.00695	0.00859	0.09525	0.00872	0.00815
9	0.09264	0.03366	0.12085	0.02500	0.03464	0.03110	0.02307	0.35853	0.07666	0.05960	0.02537	0.02592	0.01818	0.01249	0.01047	0.00334	0.01217	0.00936	0.00949	0.01747
10	0.33690	0.12114	0.02867	0.11606	0.03405	0.09603	0.01796	0.07374	0.02399	0.04056	0.01704	0.02058	0.01347	0.01052	0.00823	0.00317	0.01168	0.00701	0.00631	0.01288
11	0.19025	0.08362	0.11771	0.06983	0.03255	0.05866	0.02123	0.06072	0.02244	0.03593	0.01997	0.02591	0.01656	0.02602	0.12874	0.00633	0.05646	0.00837	0.00590	0.01283
12	0.03820	0.18652	0.03849	0.02884	0.11813	0.08239	0.02076	0.09682	0.03000	0.21587	0.02715	0.02712	0.01958	0.01146	0.00975	0.00300	0.01189	0.00885	0.00866	0.01653
13	0.03107	0.02002	0.02675	0.02621	0.11526	0.01757	0.01753	0.06503	0.02705	0.18380	0.03054	0.08357	0.02488	0.01268	0.01009	0.00276	0.00933	0.01083	0.00889	0.27612
14	0.13944	0.08506	0.07625	0.07624	0.08209	0.02552	0.02140	0.12057	0.02962	0.20089	0.02682	0.02741	0.01874	0.01163	0.00983	0.00327	0.01124	0.00899	0.00884	0.01614
15	0.02785	0.52197	0.14712	0.02088	0.03142	0.03996	0.02252	0.03299	0.02231	0.02724	0.01595	0.01848	0.01396	0.00951	0.00760	0.00253	0.01246	0.00623	0.00465	0.01437
16	0.01905	0.01265	0.01737	0.07156	0.02320	0.01221	0.01281	0.02432	0.03000	0.08975	0.44458	0.07213	0.08706	0.02034	0.01249	0.00344	0.00646	0.01791	0.01143	0.01124
17	0.01519	0.01105	0.01554	0.01603	0.01737	0.01215	0.01166	0.01798	0.01786	0.02502	0.03610	0.15707	0.03817	0.17164	0.37013	0.01372	0.02136	0.01617	0.00681	0.00899
18	0.02923	0.01606	0.02003	0.01837	0.02309	0.01580	0.01393	0.03893	0.14735	0.21897	0.05026	0.26976	0.04678	0.02217	0.01219	0.00388	0.00793	0.01940	0.01155	0.01432
19	0.01493	0.01123	0.01491	0.01610	0.01668	0.01189	0.01113	0.01672	0.01934	0.02632	0.04871	0.41372	0.05725	0.13629	0.07074	0.00662	0.06523	0.02472	0.00865	0.00884
20	0.04481	0.01852	0.02456	0.01928	0.02714	0.01665	0.01577	0.05148	0.07592	0.47750	0.07528	0.04028	0.03243	0.01418	0.01110	0.00341	0.00895	0.01165	0.01318	0.01791
21	0.02708	0.03490	0.17568	0.09484	0.09925	0.02759	0.21775	0.11554	0.02895	0.03996	0.02174	0.02703	0.01608	0.01036	0.01152	0.00351	0.01584	0.01055	0.00613	0.01569
22	0.07511	0.01433	0.01750	0.01545	0.02045	0.01306	0.01201	0.03282	0.02650	0.23987	0.09755	0.15610	0.12910	0.02012	0.01137	0.00354	0.00727	0.01700	0.07766	0.01318
23	0.01442	0.01024	0.01356	0.01491	0.01569	0.01034	0.01006	0.01631	0.01891	0.02565	0.04694	0.35234	0.05420	0.18566	0.14960	0.00885	0.01249	0.02300	0.00831	0.00851
24	0.01754	0.01406	0.01950	0.07042	0.02338	0.01667	0.01427	0.02030	0.01842	0.02597	0.07364	0.05132	0.03480	0.23797	0.20593	0.01047	0.11640	0.01325	0.00638	0.00933
25	0.02587	0.02488	0.15749	0.07117	0.03178	0.01666	0.02101	0.03259	0.02538	0.15226	0.08255	0.09745	0.03626	0.01615	0.01092	0.00348	0.01013	0.04187	0.12848	0.01362
26	0.19660	0.23844	0.03618	0.01979	0.02790	0.08618	0.01727	0.12195	0.02849	0.10552	0.02079	0.02177	0.01591	0.01090	0.00841	0.00293	0.01143	0.00732	0.00749	0.01471
27	0.30689	0.02169	0.02702	0.19636	0.13520	0.02491	0.02182	0.03353	0.06929	0.03988	0.02019	0.02499	0.01567	0.01072	0.00914	0.00346	0.01110	0.00835	0.00635	0.01343
28	0.02501	0.03109	0.10803	0.04135	0.05090	0.02840	0.37508	0.03332	0.02384	0.03332	0.02041	0.02777	0.01587	0.01109	0.01675	0.00385	0.12248	0.01179	0.00529	0.01434
29	0.01935	0.01643	0.02270	0.02068	0.02123	0.02100	0.01604	0.02115	0.01657	0.02432	0.02348	0.04090	0.02417	0.17820	0.19126	0.05230	0.26347	0.01162	0.00550	0.00961
30	0.02894	0.02094	0.03554	0.32615	0.05724	0.02315	0.09773	0.03540	0.02453	0.16656	0.02563	0.03090	0.01807	0.01182	0.01273	0.00364	0.04917	0.01049	0.00720	0.01417
31	0.02059	0.01938	0.03270	0.59060	0.07510	0.02422	0.03028	0.02786	0.02180	0.02786	0.01938	0.02907	0.01453	0.01090	0.01090	0.00363	0.01453	0.00969	0.00484	0.01211
32	0.04381	0.01705	0.02260	0.01775	0.02513	0.01498	0.01452	0.04818	0.02972	0.46412	0.04168	0.03774	0.02716	0.01335	0.01037	0.00322	0.00853	0.01082	0.13221	0.01705
33	0.01426	0.01011	0.01342	0.01571	0.01660	0.00965	0.01106	0.01651	0.02112	0.02802	0.05724	0.47531	0.06742	0.08895	0.01807	0.00511	0.00736	0.10545	0.00977	0.00884
34	0.15433	0.03014	0.12144	0.02554	0.03455	0.02656	0.07523	0.14576	0.07278	0.12772	0.02598	0.02725	0.01858	0.01228	0.01201	0.00352	0.05243	0.00951	0.00848	0.01591
35	0.01514	0.01155	0.01406	0.01473	0.01696	0.01106	0.01053	0.02085	0.07276	0.03429	0.20343	0.32030	0.15775	0.02785	0.01317	0.00395	0.00607	0.02467	0.01075	0.01012
36	0.01402	0.01001	0.01349	0.01602	0.01697	0.00949	0.01139	0.01645	0.02160	0.02865	0.05969	0.52657	0.07052	0.03347	0.01411	0.00453	0.00696	0.10690	0.01011	0.00906
37	0.02571	0.02693	0.03441	0.34389	0.14394	0.12662	0.02851	0.03155	0.02351	0.02881	0.01862	0.02648	0.01489	0.01154	0.01305	0.00352	0.07066	0.00919	0.00507	0.01307
38	0.06534	0.02938	0.08423	0.18622	0.13241	0.09269	0.02613	0.06487	0.09352	0.08297	0.02489	0.02844	0.01856	0.01152	0.01050	0.00340	0.01332	0.00947	0.00706	0.01506
39	0.09279	0.02457	0.07216	0.02831	0.11661	0.02293	0.02051	0.11158	0.12028	0.10964	0.12829	0.03981	0.03717	0.01412	0.01086	0.00341	0.00992	0.01177	0.00960	0.01566
40	0.35181	0.02858	0.08574	0.02901	0.11809	0.06055	0.05412	0.03607	0.07213	0.04234	0.02006	0.02309	0.01557	0.01055	0.00889	0.00338	0.01148	0.00798	0.00656	0.01401
41	0.13216	0.07702	0.06875	0.01668	0.02090	0.01664	0.01408	0.02227	0.02206	0.03383	0.10463	0.32917	0.05448	0.02389	0.01154	0.00382	0.00798	0.02067	0.00873	0.01072

[dist]
# distance from previous block
# <min> <max>
1	38

[block]
# block no. 3 follows, 12 sequences, length 39
# corresponding to MSA columns:
# 168-206
name=unknown_D
#
# <colnr> <probs for GDERKNQSTAVLIFYWHMCP>
#	G	D	E	R	K	N	Q	S	T	A	V	L	I	F	Y	W	H	M	C	P
0	0.09437	0.02760	0.10127	0.03645	0.18103	0.02405	0.05814	0.08930	0.07189	0.11821	0.02894	0.07094	0.02325	0.01296	0.01078	0.00346	0.01179	0.01133	0.00808	0.01613
1	0.13711	0.17006	0.07626	0.06842	0.02947	0.06262	0.01752	0.02850	0.02130	0.03136	0.02367	0.08859	0.02327	0.09050	0.01488	0.00396	0.01123	0.01045	0.00611	0.08473
2	0.17807	0.01862	0.01826	0.01628	0.02147	0.06411	0.01268	0.03192	0.02624	0.16621	0.13945	0.10948	0.11832	0.01844	0.01086	0.00349	0.00836	0.01500	0.01015	0.01257
3	0.02333	0.03149	0.17922	0.32998	0.06193	0.02573	0.08414	0.07308	0.02515	0.03403	0.02032	0.02721	0.01491	0.01076	0.01097	0.00356	0.01516	0.00960	0.00539	0.01405
4	0.09036	0.01258	0.01409	0.01389	0.01645	0.01249	0.01006	0.02336	0.02099	0.08126	0.04456	0.11443	0.07887	0.23262	0.02680	0.00614	0.00857	0.07455	0.10826	0.00967
5	0.02547	0.02246	0.03211	0.33005	0.11043	0.02631	0.02640	0.09779	0.14275	0.03805	0.02613	0.03115	0.01967	0.01195	0.01093	0.00356	0.01268	0.01032	0.00712	0.01469
6	0.01541	0.01081	0.01494	0.01556	0.01727	0.01144	0.01153	0.01902	0.02079	0.03008	0.10498	0.21137	0.05003	0.05286	0.27823	0.01030	0.01688	0.01813	0.08076	0.00960
7	0.01328	0.00949	0.01265	0.01518	0.01581	0.00886	0.01012	0.01518	0.02088	0.02783	0.06010	0.60969	0.07212	0.03416	0.01392	0.00443	0.00633	0.03100	0.01012	0.00886
8	0.04036	0.01825	0.02441	0.07380	0.03101	0.01705	0.01667	0.04705	0.07336	0.40333	0.04818	0.04401	0.08250	0.01489	0.01118	0.00346	0.00932	0.01227	0.01208	0.01681
9	0.13981	0.02046	0.02494	0.01941	0.02764	0.01952	0.01603	0.10927	0.03199	0.42129	0.03688	0.03294	0.02374	0.01296	0.01036	0.00336	0.00951	0.01010	0.01220	0.01759
10	0.02202	0.02092	0.03849	0.35303	0.06106	0.02317	0.16327	0.02952	0.02307	0.03169	0.02245	0.03082	0.01702	0.01067	0.01099	0.00349	0.01428	0.01066	0.10081	0.01257
11	0.02033	0.01016	0.01016	0.01016	0.01270	0.01016	0.00762	0.02541	0.02287	0.04065	0.03557	0.04065	0.02795	0.01270	0.00762	0.00254	0.00508	0.01016	0.67734	0.01016
12	0.01382	0.00992	0.01346	0.01577	0.01666	0.00956	0.01101	0.01614	0.02091	0.02799	0.05720	0.52202	0.06745	0.03803	0.06318	0.00562	0.00863	0.06387	0.00974	0.00903
13	0.03605	0.01675	0.02287	0.01907	0.02437	0.01645	0.01517	0.03944	0.02565	0.33983	0.03873	0.08431	0.03043	0.08264	0.09053	0.00612	0.07318	0.01294	0.01067	0.01482
14	0.10519	0.03143	0.19159	0.02859	0.10017	0.02104	0.02530	0.04267	0.02654	0.27549	0.02998	0.02944	0.02009	0.01169	0.01032	0.00338	0.01177	0.00938	0.00901	0.01693
15	0.02682	0.01611	0.01930	0.01748	0.02196	0.01624	0.01408	0.12771	0.03135	0.11757	0.11694	0.11394	0.04799	0.01974	0.01160	0.00360	0.00819	0.10316	0.15327	0.01296
16	0.24557	0.02471	0.03044	0.19856	0.19225	0.07301	0.02433	0.03225	0.02242	0.03695	0.01811	0.02390	0.01440	0.01033	0.00941	0.00336	0.01252	0.00822	0.00570	0.01357
17	0.03004	0.23089	0.17543	0.03298	0.14623	0.03133	0.02727	0.08544	0.02687	0.08571	0.02127	0.02374	0.01639	0.01047	0.00946	0.00301	0.01287	0.00814	0.00631	0.01615
18	0.01829	0.01133	0.01611	0.01581	0.01605	0.01247	0.01106	0.01626	0.01552	0.02129	0.02463	0.08288	0.02606	0.11440	0.09251	0.40842	0.07269	0.01219	0.00551	0.00653
19	0.02308	0.15041	0.47688	0.02902	0.04401	0.02828	0.03670	0.03422	0.02288	0.03306	0.01884	0.02210	0.01384	0.01019	0.00980	0.00327	0.01538	0.00769	0.00461	0.01576
20	0.08143	0.08594	0.48344	0.02889	0.04379	0.02627	0.03653	0.03420	0.02258	0.03529	0.01893	0.02223	0.01365	0.01028	0.00985	0.00338	0.01518	0.00774	0.00480	0.01561
21	0.02262	0.01118	0.01237	0.01163	0.01480	0.01079	0.00888	0.02762	0.02488	0.09501	0.10862	0.04609	0.03852	0.01415	0.00872	0.00275	0.00553	0.01161	0.51317	0.01106
22	0.01387	0.00994	0.01318	0.01478	0.01594	0.00925	0.01017	0.01666	0.02361	0.03219	0.19243	0.46495	0.08055	0.03091	0.01363	0.00415	0.00600	0.02791	0.01064	0.00925
23	0.03006	0.02467	0.07017	0.09044	0.14587	0.05413	0.02309	0.05908	0.05652	0.15535	0.04027	0.04725	0.08134	0.01521	0.01141	0.00355	0.01155	0.05620	0.00871	0.01514
24	0.01959	0.01291	0.01625	0.01598	0.01920	0.01237	0.01224	0.02612	0.07533	0.09103	0.22689	0.19711	0.12421	0.02485	0.01301	0.00390	0.00684	0.07960	0.01120	0.01136
25	0.01569	0.01109	0.01363	0.01530	0.01678	0.01101	0.01057	0.02114	0.07630	0.03141	0.05523	0.47466	0.06221	0.02930	0.01280	0.00411	0.00642	0.02629	0.09614	0.00994
26	0.40222	0.09304	0.14469	0.01973	0.02907	0.02762	0.01990	0.08481	0.02349	0.04540	0.01736	0.01980	0.01322	0.01041	0.00804	0.00327	0.01089	0.00681	0.00650	0.01374
27	0.32031	0.11216	0.12989	0.06898	0.03127	0.02526	0.01979	0.03008	0.02053	0.03821	0.02219	0.09594	0.02052	0.01322	0.00878	0.00340	0.01067	0.00988	0.00630	0.01261
28	0.15195	0.19233	0.18207	0.07104	0.03412	0.02720	0.02302	0.02969	0.02106	0.03265	0.02171	0.08304	0.01995	0.01425	0.01114	0.04469	0.01186	0.00967	0.00564	0.01290
29	0.11441	0.29618	0.21394	0.02226	0.03340	0.03204	0.02461	0.03533	0.02292	0.08706	0.01952	0.02139	0.01501	0.01021	0.00848	0.00294	0.01246	0.00711	0.00584	0.01489
30	0.02808	0.07984	0.16483	0.02146	0.02971	0.02017	0.02114	0.03688	0.08005	0.17350	0.06706	0.15867	0.03722	0.01743	0.01122	0.00357	0.01033	0.01474	0.00931	0.01480
31	0.14924	0.13721	0.18669	0.02147	0.03086	0.02526	0.02258	0.06167	0.02557	0.07933	0.09039	0.03717	0.02983	0.01352	0.00984	0.00333	0.01127	0.04324	0.00744	0.01409
32	0.14301	0.21368	0.12669	0.02410	0.03295	0.08659	0.08985	0.03250	0.02241	0.03212	0.01914	0.02622	0.01673	0.07576	0.01391	0.00383	0.01351	0.00843	0.00545	0.01312
33	0.02635	0.02326	0.09735	0.01884	0.02594	0.01822	0.01683	0.12126	0.02879	0.09094	0.07517	0.07397	0.03266	0.09161	0.01606	0.00395	0.00972	0.01204	0.08128	0.13574
34	0.16664	0.09630	0.16424	0.02590	0.07757	0.08408	0.02322	0.03549	0.02375	0.08626	0.02022	0.02263	0.01535	0.01022	0.00898	0.00296	0.01237	0.00747	0.00635	0.11001
35	0.11880	0.13945	0.08507	0.02599	0.03507	0.08772	0.10677	0.08153	0.06250	0.11989	0.02434	0.02582	0.01794	0.01107	0.00986	0.00320	0.01314	0.00903	0.00757	0.01522
36	0.02564	0.19906	0.03546	0.02088	0.02746	0.02315	0.07806	0.02957	0.02353	0.10410	0.03532	0.21860	0.03565	0.01801	0.01072	0.00328	0.01007	0.01587	0.00801	0.07757
37	0.09879	0.02459	0.07588	0.02346	0.03189	0.02170	0.07936	0.12859	0.03083	0.21878	0.03739	0.03735	0.06702	0.01851	0.05200	0.00446	0.01258	0.01135	0.00972	0.01574
38	0.02229	0.03395	0.24692	0.14597	0.04419	0.02240	0.02875	0.09038	0.02613	0.03617	0.03010	0.13785	0.02820	0.01637	0.01148	0.00374	0.01309	0.04133	0.00681	0.01388

[dist]
# distance from previous block
# <min> <max>
3	48

[block]
# block no. 4 follows, 12 sequences, length 71
# corresponding to MSA columns:
# 257-327
name=unknown_E
#
# <colnr> <probs for GDERKNQSTAVLIFYWHMCP>
#	G	D	E	R	K	N	Q	S	T	A	V	L	I	F	Y	W	H	M	C	P
0	0.08598	0.02303	0.10686	0.06619	0.03108	0.01797	0.01953	0.02998	0.05378	0.06750	0.03218	0.09470	0.02980	0.02229	0.06524	0.00476	0.01220	0.07704	0.00758	0.15231
1	0.02325	0.02427	0.11587	0.07575	0.10596	0.01770	0.02162	0.02930	0.02392	0.08149	0.06129	0.13244	0.03200	0.01492	0.01069	0.00310	0.01032	0.01304	0.00749	0.19560
2	0.10529	0.06425	0.03317	0.07033	0.03473	0.02180	0.13240	0.06806	0.02471	0.03640	0.03097	0.18561	0.03102	0.01652	0.01105	0.00345	0.01121	0.01517	0.00739	0.09646
3	0.15390	0.10616	0.02994	0.07805	0.07237	0.02528	0.01863	0.07365	0.02535	0.12974	0.03156	0.06725	0.05891	0.01452	0.01228	0.00345	0.06603	0.01095	0.00798	0.01401
4	0.26245	0.27235	0.03565	0.06359	0.02922	0.03156	0.01661	0.03321	0.05298	0.03615	0.01772	0.02041	0.01467	0.00998	0.00758	0.00283	0.01026	0.00663	0.00597	0.07020
5	0.42066	0.02164	0.02294	0.01842	0.02620	0.02275	0.04952	0.06544	0.02385	0.14240	0.02195	0.02317	0.01581	0.01067	0.00836	0.00322	0.00950	0.00765	0.00814	0.07769
6	0.24294	0.02376	0.02175	0.01930	0.02498	0.07112	0.01508	0.16073	0.07240	0.04704	0.03144	0.16274	0.02997	0.01713	0.01021	0.00358	0.00989	0.01356	0.00894	0.01346
7	0.02018	0.09961	0.02123	0.01433	0.01936	0.01552	0.01161	0.02426	0.02709	0.08060	0.24619	0.07020	0.20886	0.01999	0.01143	0.00318	0.00681	0.01676	0.01002	0.07277
8	0.03344	0.03007	0.03625	0.14684	0.04526	0.09776	0.09195	0.24259	0.08260	0.04796	0.02466	0.02776	0.01820	0.01200	0.01107	0.00339	0.01409	0.01010	0.00822	0.01579
9	0.01953	0.12638	0.07636	0.01878	0.02365	0.02102	0.01668	0.02603	0.06318	0.03099	0.10142	0.12628	0.08895	0.03270	0.13108	0.00648	0.05605	0.01502	0.00764	0.01176
10	0.02690	0.01921	0.02862	0.15805	0.03925	0.02007	0.07835	0.07803	0.06319	0.12741	0.03912	0.09193	0.06981	0.09078	0.01717	0.00450	0.01147	0.01418	0.00860	0.01337
11	0.04620	0.02292	0.02801	0.02147	0.03001	0.02250	0.01774	0.22044	0.03851	0.37872	0.03688	0.03313	0.02391	0.01335	0.01094	0.00334	0.01027	0.01055	0.01255	0.01855
12	0.11195	0.01669	0.01924	0.01615	0.02204	0.01596	0.01292	0.07930	0.03001	0.21378	0.15905	0.05909	0.16315	0.01824	0.01130	0.00345	0.00768	0.01493	0.01130	0.01377
13	0.01935	0.01398	0.01775	0.01812	0.02101	0.01409	0.01445	0.08983	0.02888	0.03878	0.15586	0.23355	0.06745	0.02716	0.01369	0.00428	0.00827	0.19192	0.01060	0.01098
14	0.02609	0.01185	0.01321	0.01202	0.01575	0.01134	0.00932	0.03100	0.02455	0.14458	0.03707	0.03994	0.02775	0.01286	0.00830	0.00271	0.00593	0.01032	0.54355	0.01185
15	0.02262	0.01360	0.01790	0.01733	0.01959	0.01427	0.01311	0.02547	0.02224	0.12315	0.04482	0.26072	0.04647	0.08180	0.01985	0.00470	0.09144	0.05813	0.09171	0.01107
16	0.01401	0.01002	0.01340	0.01545	0.01654	0.00942	0.01087	0.01667	0.02271	0.03056	0.12857	0.48738	0.07558	0.03208	0.01388	0.00434	0.00652	0.07245	0.01038	0.00917
17	0.02059	0.01938	0.03270	0.59060	0.07510	0.02422	0.03028	0.02786	0.02180	0.02786	0.01938	0.02907	0.01453	0.01090	0.01090	0.00363	0.01453	0.00969	0.00484	0.01211
18	0.69383	0.02109	0.01603	0.01434	0.02109	0.02446	0.01181	0.03205	0.01856	0.04892	0.01518	0.01771	0.01181	0.01012	0.00675	0.00337	0.00843	0.00590	0.00675	0.01181
19	0.02271	0.02154	0.03652	0.41746	0.23171	0.02478	0.03133	0.02971	0.02280	0.03043	0.01975	0.02838	0.01544	0.01051	0.01087	0.00350	0.01401	0.00970	0.00503	0.01382
20	0.03468	0.01540	0.02074	0.01698	0.02292	0.01359	0.01359	0.03929	0.03106	0.33832	0.25568	0.05597	0.05927	0.01724	0.01177	0.00340	0.00752	0.01469	0.01286	0.01504
21	0.01889	0.01622	0.02252	0.02065	0.02141	0.02072	0.01611	0.02134	0.01684	0.02477	0.02449	0.04161	0.02488	0.17399	0.24943	0.01100	0.24790	0.01175	0.00559	0.00991
22	0.09014	0.29881	0.28940	0.02407	0.03633	0.03297	0.02815	0.03347	0.02221	0.03208	0.01723	0.02011	0.01370	0.00989	0.00855	0.00296	0.01344	0.00688	0.00484	0.01478
23	0.04562	0.02010	0.03086	0.02318	0.03198	0.01767	0.08619	0.05055	0.03043	0.48216	0.04003	0.03602	0.02550	0.01288	0.01124	0.00342	0.01057	0.01124	0.01236	0.01801
24	0.01498	0.01157	0.01742	0.01793	0.01956	0.01095	0.05290	0.01760	0.02120	0.02824	0.05419	0.46455	0.06344	0.08719	0.01789	0.00500	0.00810	0.06866	0.00939	0.00925
25	0.02386	0.18053	0.40061	0.02972	0.04383	0.02952	0.08013	0.03415	0.02309	0.03258	0.01882	0.02239	0.01411	0.01002	0.00985	0.00322	0.01534	0.00802	0.00470	0.01551
26	0.04196	0.04525	0.03027	0.02658	0.03288	0.44448	0.02032	0.08779	0.03281	0.10588	0.02143	0.02274	0.01630	0.01173	0.01009	0.00293	0.01748	0.00784	0.00722	0.01402
27	0.02210	0.01742	0.02669	0.36429	0.05287	0.02052	0.02276	0.02898	0.06482	0.06100	0.02520	0.03719	0.02106	0.10298	0.02054	0.07045	0.01262	0.01088	0.00618	0.01144
28	0.11752	0.02674	0.02901	0.02659	0.07960	0.10139	0.05931	0.11748	0.07767	0.04373	0.06884	0.03114	0.02575	0.01208	0.00998	0.00305	0.01141	0.00985	0.05067	0.09817
29	0.02768	0.02166	0.03510	0.26257	0.14227	0.02336	0.07189	0.07905	0.02683	0.10906	0.02716	0.07674	0.02205	0.01300	0.01132	0.00356	0.01296	0.01192	0.00725	0.01455
30	0.10269	0.02048	0.02557	0.01978	0.02811	0.01927	0.01634	0.11669	0.03299	0.44383	0.03825	0.03391	0.02450	0.01315	0.01060	0.00336	0.00959	0.01037	0.01255	0.01798
31	0.02620	0.01915	0.07214	0.06412	0.02765	0.01578	0.01647	0.03357	0.07008	0.17471	0.19903	0.05714	0.08773	0.06923	0.01551	0.00409	0.00886	0.01473	0.01042	0.01339
32	0.02219	0.02094	0.07326	0.20046	0.10546	0.01998	0.02338	0.02805	0.02420	0.07683	0.11377	0.09763	0.06689	0.01665	0.01359	0.00369	0.05849	0.01410	0.00759	0.01286
33	0.02428	0.01109	0.01618	0.01513	0.01663	0.01064	0.01064	0.02114	0.01724	0.11473	0.02323	0.03385	0.02037	0.03353	0.03697	0.56166	0.00944	0.00974	0.00630	0.00720
34	0.01679	0.01243	0.01739	0.01697	0.01853	0.01457	0.01294	0.02012	0.01773	0.02629	0.02926	0.04503	0.02796	0.14576	0.39837	0.01398	0.07349	0.01194	0.07092	0.00952
35	0.02583	0.02825	0.09177	0.07997	0.20904	0.02625	0.15751	0.07351	0.02681	0.03758	0.06316	0.03149	0.02340	0.01182	0.01362	0.00355	0.06372	0.01121	0.00628	0.01524
36	0.02989	0.02392	0.12421	0.02025	0.02792	0.01698	0.01923	0.07336	0.02888	0.21504	0.08146	0.10355	0.10940	0.01874	0.01187	0.00367	0.00983	0.05680	0.01039	0.01461
37	0.04786	0.02026	0.02636	0.02021	0.02868	0.01856	0.01669	0.11848	0.03406	0.48697	0.04062	0.03556	0.02579	0.01344	0.01096	0.00336	0.00967	0.01080	0.01313	0.01855
38	0.01328	0.00949	0.01265	0.01518	0.01581	0.00886	0.01012	0.01518	0.02088	0.02783	0.06010	0.60969	0.07212	0.03416	0.01392	0.00443	0.00633	0.03100	0.01012	0.00886
39	0.02479	0.02356	0.03836	0.12270	0.16404	0.02498	0.12692	0.07381	0.07513	0.03658	0.03582	0.03993	0.09314	0.01380	0.01341	0.00361	0.05537	0.01252	0.00700	0.01452
40	0.02513	0.01349	0.01847	0.07101	0.02476	0.01298	0.01368	0.02811	0.02339	0.18096	0.04648	0.25611	0.04701	0.12949	0.02026	0.00518	0.00900	0.05284	0.00997	0.01168
41	0.02915	0.62337	0.05714	0.01866	0.02799	0.04314	0.01866	0.03265	0.02215	0.02565	0.01516	0.01749	0.01399	0.00933	0.00700	0.00233	0.01166	0.00583	0.00466	0.01399
42	0.02455	0.01868	0.02245	0.01657	0.02551	0.01460	0.01327	0.02925	0.02302	0.08433	0.02243	0.02563	0.01808	0.01458	0.05427	0.00307	0.00991	0.00731	0.00708	0.56540
43	0.01632	0.01156	0.01549	0.01629	0.01771	0.01217	0.01233	0.01915	0.01934	0.02614	0.04022	0.07891	0.04314	0.26011	0.20586	0.01098	0.01627	0.16183	0.00747	0.00869
44	0.02361	0.01885	0.01487	0.01464	0.01756	0.12825	0.01080	0.02776	0.02427	0.03589	0.03513	0.11720	0.03131	0.01545	0.00898	0.00287	0.00832	0.01247	0.44127	0.01050
45	0.01563	0.01147	0.01646	0.01646	0.01804	0.01305	0.01231	0.01879	0.01721	0.02453	0.03018	0.04821	0.02959	0.18255	0.47601	0.01621	0.02570	0.01247	0.00599	0.00915
46	0.02450	0.26085	0.37887	0.02660	0.04027	0.03175	0.03249	0.03385	0.02271	0.03133	0.01798	0.02103	0.01388	0.00999	0.00915	0.00305	0.01451	0.00725	0.00463	0.01535
47	0.04786	0.02026	0.02636	0.02021	0.02868	0.01856	0.01669	0.11848	0.03406	0.48697	0.04062	0.03556	0.02579	0.01344	0.01096	0.00336	0.00967	0.01080	0.01313	0.01855
48	0.01558	0.01074	0.01324	0.01345	0.01395	0.01113	0.00850	0.01663	0.01665	0.02264	0.03527	0.10853	0.03944	0.44694	0.17080	0.01166	0.01449	0.01613	0.00672	0.00751
49	0.03052	0.09230	0.20669	0.06938	0.04178	0.02685	0.08790	0.08254	0.02701	0.14236	0.02441	0.02698	0.01741	0.01180	0.01272	0.00346	0.06344	0.00945	0.00717	0.01581
50	0.04290	0.01923	0.02473	0.01977	0.02728	0.01797	0.01601	0.09363	0.07445	0.41524	0.04318	0.09185	0.03109	0.01557	0.01126	0.00349	0.00920	0.01291	0.01272	0.01750
51	0.01347	0.00963	0.01282	0.01506	0.01586	0.00898	0.01014	0.01565	0.02174	0.02921	0.10202	0.56384	0.07479	0.03313	0.01383	0.00434	0.00622	0.03002	0.01028	0.00898
52	0.01835	0.01288	0.01549	0.01530	0.01839	0.01243	0.01126	0.02558	0.09739	0.07350	0.19639	0.24768	0.16235	0.02544	0.01282	0.00383	0.00640	0.02231	0.01101	0.01121
53	0.17322	0.12092	0.10543	0.02759	0.10427	0.02783	0.02218	0.12200	0.02870	0.13544	0.02346	0.02469	0.01710	0.01110	0.00935	0.00319	0.01141	0.00833	0.00788	0.01591
54	0.26892	0.02583	0.02793	0.02245	0.03021	0.02880	0.05661	0.22232	0.12277	0.05484	0.02519	0.02602	0.01862	0.01202	0.00963	0.00342	0.01065	0.00912	0.00903	0.01561
55	0.02546	0.02653	0.03316	0.02857	0.02911	0.08482	0.02359	0.02789	0.01805	0.02628	0.01456	0.02346	0.01429	0.01834	0.03331	0.00458	0.54185	0.00930	0.00485	0.01200
56	0.02213	0.01470	0.02176	0.07283	0.09152	0.01456	0.01810	0.02644	0.02434	0.10561	0.04846	0.24233	0.05079	0.02483	0.01323	0.00426	0.00952	0.17309	0.00953	0.01196
57	0.01348	0.00964	0.01283	0.01505	0.01586	0.00899	0.01014	0.01568	0.02179	0.02929	0.10426	0.56138	0.07493	0.03307	0.01382	0.00434	0.00622	0.02997	0.01029	0.00899
58	0.03306	0.02811	0.02794	0.02295	0.03052	0.07775	0.01828	0.22162	0.23345	0.05105	0.03152	0.03078	0.02359	0.01288	0.01048	0.00316	0.01081	0.01007	0.00986	0.11209
59	0.02808	0.03555	0.11989	0.02369	0.03077	0.20863	0.02136	0.06769	0.02944	0.03578	0.11776	0.04669	0.03726	0.01560	0.01114	0.00328	0.01353	0.07626	0.00766	0.06994
60	0.13348	0.03694	0.27132	0.10606	0.04244	0.02440	0.02924	0.03516	0.02276	0.11175	0.02180	0.02518	0.01557	0.01166	0.01227	0.00357	0.06677	0.00851	0.00630	0.01483
61	0.02432	0.04965	0.45277	0.03543	0.11732	0.02481	0.03777	0.03557	0.02380	0.06797	0.02120	0.02448	0.01514	0.01047	0.01046	0.00342	0.01523	0.00848	0.00528	0.01643
62	0.02187	0.05640	0.56031	0.03108	0.04719	0.02532	0.04029	0.03453	0.02302	0.03453	0.01957	0.02302	0.01381	0.01036	0.01036	0.00345	0.01611	0.00806	0.00460	0.01611
63	0.02498	0.07632	0.03146	0.12844	0.10869	0.02017	0.05934	0.03000	0.02498	0.11474	0.09649	0.16335	0.04056	0.01738	0.01158	0.00356	0.01055	0.01571	0.00837	0.01331
64	0.02622	0.03853	0.30602	0.08056	0.04141	0.02253	0.02973	0.07978	0.02786	0.10751	0.10210	0.03457	0.02949	0.01288	0.01092	0.00344	0.01301	0.01052	0.00752	0.01540
65	0.01406	0.00992	0.01279	0.01437	0.01516	0.00937	0.00950	0.01607	0.02137	0.02887	0.12407	0.43565	0.07053	0.13950	0.02140	0.00541	0.00694	0.02661	0.00974	0.00865
66	0.01524	0.01131	0.01539	0.05617	0.02045	0.01093	0.01170	0.01969	0.02758	0.03839	0.37778	0.21662	0.08834	0.02458	0.01300	0.00371	0.00614	0.02195	0.01099	0.01004
67	0.07660	0.11919	0.10860	0.02991	0.08472	0.06056	0.09195	0.08574	0.02852	0.17250	0.02563	0.02690	0.01832	0.01110	0.01021	0.00321	0.01303	0.00929	0.00793	0.01609
68	0.11890	0.08516	0.03300	0.05923	0.03433	0.03294	0.02004	0.37694	0.04260	0.05958	0.02335	0.02450	0.01703	0.01223	0.01002	0.00322	0.01169	0.00895	0.00942	0.01687
69	0.01328	0.00949	0.01265	0.01518	0.01581	0.00886	0.01012	0.01518	0.02088	0.02783	0.06010	0.60969	0.07212	0.03416	0.01392	0.00443	0.00633	0.03100	0.01012	0.00886
70	0.02539	0.15185	0.08928	0.17686	0.04628	0.02744	0.11042	0.03157	0.02303	0.07407	0.02450	0.08175	0.02124	0.01325	0.01248	0.00349	0.05599	0.01142	0.00614	0.01356

[dist]
# distance from previous block
# <min> <max>
0	2

[block]
# block no. 5 follows, 12 sequences, length 28
# corresponding to MSA columns:
# 344-371
name=unknown_F
#
# <colnr> <probs for GDERKNQSTAVLIFYWHMCP>
#	G	D	E	R	K	N	Q	S	T	A	V	L	I	F	Y	W	H	M	C	P
0	0.07011	0.01284	0.01356	0.01354	0.01675	0.01261	0.00990	0.02135	0.07177	0.03118	0.07503	0.15549	0.29214	0.09464	0.05591	0.00548	0.00838	0.02014	0.00926	0.00991
1	0.02937	0.03088	0.13041	0.11931	0.04021	0.07645	0.02390	0.07565	0.02657	0.10951	0.02271	0.02596	0.01682	0.01140	0.01207	0.00307	0.06013	0.00855	0.00700	0.17002
2	0.02330	0.08680	0.24457	0.02737	0.08596	0.02246	0.02647	0.03134	0.02295	0.03429	0.01920	0.02277	0.01513	0.00926	0.00917	0.00258	0.01210	0.00737	0.00545	0.29144
3	0.25029	0.07963	0.16476	0.07360	0.03888	0.02581	0.09660	0.03486	0.02257	0.08933	0.02040	0.02366	0.01492	0.01037	0.00936	0.00338	0.01272	0.00831	0.00636	0.01419
4	0.02922	0.42879	0.05177	0.02341	0.03118	0.09238	0.06263	0.03299	0.02254	0.02665	0.01581	0.01967	0.01427	0.01091	0.01194	0.00285	0.09741	0.00710	0.00485	0.01362
5	0.17829	0.02795	0.13218	0.14993	0.13341	0.02395	0.02564	0.03351	0.07236	0.03848	0.06359	0.03026	0.02326	0.01171	0.00999	0.00346	0.01180	0.00957	0.00653	0.01412
6	0.01894	0.00947	0.01420	0.01420	0.01420	0.00947	0.00947	0.01420	0.01420	0.01894	0.01894	0.03314	0.01894	0.03788	0.04261	0.68277	0.00947	0.00947	0.00473	0.00473
7	0.01427	0.01053	0.01352	0.01526	0.01700	0.00979	0.01127	0.01726	0.02341	0.03064	0.11665	0.37122	0.15801	0.03101	0.01385	0.00431	0.00679	0.11564	0.01029	0.00929
8	0.12787	0.02463	0.06878	0.19386	0.21334	0.02456	0.02697	0.03066	0.02211	0.03480	0.01876	0.02520	0.01511	0.01064	0.01163	0.00333	0.05288	0.00867	0.00546	0.08073
9	0.02307	0.12273	0.02396	0.01699	0.02079	0.01841	0.01307	0.07196	0.02486	0.08928	0.04469	0.33848	0.04875	0.07281	0.01544	0.00432	0.00852	0.02094	0.00931	0.01163
10	0.01446	0.01047	0.01351	0.01476	0.01632	0.00979	0.01059	0.01749	0.02394	0.03218	0.18832	0.33759	0.11739	0.07043	0.01656	0.00459	0.00665	0.07536	0.01036	0.00923
11	0.01586	0.01181	0.01753	0.01789	0.01992	0.01348	0.01419	0.01992	0.01860	0.02635	0.03327	0.05426	0.03232	0.07441	0.49398	0.01574	0.02647	0.07779	0.00644	0.00978
12	0.09364	0.08533	0.02825	0.18835	0.03945	0.02304	0.01939	0.03669	0.10130	0.12952	0.11166	0.03837	0.03363	0.01355	0.01042	0.00339	0.01025	0.01115	0.00867	0.01392
13	0.03312	0.01869	0.02236	0.01857	0.02468	0.01880	0.01482	0.11296	0.12348	0.21935	0.16366	0.04737	0.04569	0.01577	0.01116	0.00336	0.00819	0.01313	0.06929	0.01556
14	0.01966	0.01735	0.02687	0.19993	0.15761	0.01842	0.02308	0.02521	0.02400	0.03122	0.04874	0.06899	0.13885	0.01915	0.01238	0.00391	0.01111	0.13394	0.00743	0.01215
15	0.20082	0.01558	0.01518	0.01348	0.01826	0.01645	0.01070	0.06953	0.02496	0.10198	0.03032	0.03311	0.02287	0.01215	0.00803	0.00291	0.00698	0.00911	0.37538	0.01219
16	0.10221	0.02932	0.03673	0.09265	0.30826	0.12445	0.02764	0.03394	0.02417	0.03393	0.01856	0.02451	0.01557	0.01106	0.01267	0.00336	0.07180	0.00879	0.00548	0.01489
17	0.03082	0.02820	0.03853	0.10499	0.23479	0.07516	0.06589	0.16662	0.03248	0.04296	0.02413	0.03263	0.01987	0.01217	0.01119	0.00340	0.01370	0.03929	0.00720	0.01598
18	0.08555	0.01606	0.02288	0.12427	0.07566	0.01869	0.01797	0.02368	0.01978	0.03001	0.06303	0.04098	0.02854	0.10517	0.22458	0.00953	0.06508	0.01147	0.00617	0.01090
19	0.02384	0.12120	0.21702	0.06508	0.03463	0.02400	0.02462	0.03038	0.02248	0.07630	0.06793	0.03704	0.02705	0.11367	0.01978	0.00459	0.06018	0.01053	0.00639	0.01328
20	0.08231	0.02714	0.13673	0.02653	0.03525	0.02008	0.15395	0.03099	0.02470	0.07844	0.11707	0.04070	0.03418	0.07248	0.01553	0.00405	0.01234	0.01216	0.00744	0.06794
21	0.12187	0.13689	0.03498	0.02236	0.02950	0.02637	0.08671	0.07709	0.02605	0.03925	0.10709	0.03233	0.02989	0.01275	0.01218	0.00308	0.06798	0.01006	0.00723	0.11631
22	0.13499	0.09787	0.07310	0.02641	0.03548	0.07590	0.09083	0.24753	0.03586	0.05036	0.02150	0.02366	0.01605	0.01133	0.01000	0.00322	0.01325	0.00888	0.00795	0.01583
23	0.02629	0.02453	0.12097	0.06812	0.03318	0.01903	0.05633	0.06356	0.06169	0.13291	0.10959	0.09349	0.03943	0.08217	0.01645	0.00434	0.01100	0.01411	0.00900	0.01382
24	0.09466	0.01922	0.07473	0.06596	0.02898	0.01611	0.05318	0.02661	0.02506	0.08183	0.15972	0.15565	0.08339	0.02009	0.01196	0.00376	0.00929	0.04875	0.00916	0.01190
25	0.15191	0.03148	0.18018	0.02575	0.03656	0.02189	0.10098	0.03892	0.02498	0.18843	0.02595	0.02713	0.01791	0.01084	0.01008	0.00329	0.01240	0.00914	0.00788	0.07430
26	0.16869	0.02288	0.06055	0.12199	0.03580	0.02231	0.01973	0.12230	0.02900	0.14180	0.03508	0.04172	0.06444	0.01465	0.01054	0.00358	0.01077	0.05096	0.00888	0.01432
27	0.15044	0.02296	0.06724	0.02352	0.06600	0.02118	0.01866	0.08583	0.09420	0.16444	0.03609	0.10168	0.03051	0.01619	0.01084	0.00366	0.00988	0.05187	0.00971	0.01508

[dist]
# distance from previous block
# <min> <max>
7	373

[block]
# block no. 6 follows, 12 sequences, length 36
# corresponding to MSA columns:
# 746-781
name=unknown_G
#
# <colnr> <probs for GDERKNQSTAVLIFYWHMCP>
#	G	D	E	R	K	N	Q	S	T	A	V	L	I	F	Y	W	H	M	C	P
0	0.11434	0.08003	0.02690	0.02026	0.02742	0.05721	0.01635	0.04802	0.26915	0.11784	0.03392	0.03225	0.02519	0.01269	0.00980	0.00324	0.00958	0.00987	0.00957	0.07637
1	0.24217	0.02435	0.07063	0.01929	0.02721	0.02230	0.01694	0.13340	0.02873	0.14406	0.02833	0.08784	0.02314	0.01380	0.00962	0.00331	0.00976	0.01062	0.00903	0.07546
2	0.14760	0.08919	0.02752	0.01927	0.02659	0.07417	0.01566	0.14371	0.02973	0.12050	0.02470	0.02920	0.01969	0.07629	0.01407	0.00371	0.01092	0.00880	0.00833	0.11035
3	0.03536	0.02429	0.02792	0.07396	0.03335	0.02656	0.01875	0.26434	0.12697	0.12924	0.03222	0.03555	0.02435	0.07831	0.01575	0.00418	0.01107	0.01108	0.01031	0.01644
4	0.21381	0.02825	0.08604	0.02344	0.03249	0.02629	0.06759	0.16925	0.07606	0.07877	0.02401	0.02544	0.01758	0.01130	0.00966	0.00325	0.01127	0.00884	0.00830	0.07837
5	0.08217	0.02195	0.02658	0.02352	0.07494	0.02092	0.01721	0.11085	0.08378	0.18978	0.02957	0.02923	0.02121	0.01137	0.00979	0.00286	0.00953	0.00912	0.00953	0.21611
6	0.12366	0.03002	0.19138	0.07366	0.03556	0.02028	0.02334	0.03494	0.02327	0.15269	0.02576	0.03020	0.01926	0.05124	0.05308	0.00470	0.01319	0.00912	0.00733	0.07733
7	0.36443	0.01547	0.01439	0.01475	0.01853	0.01691	0.01099	0.02389	0.01968	0.03871	0.03692	0.30424	0.04100	0.02176	0.01022	0.00388	0.00741	0.01805	0.00838	0.01038
8	0.01972	0.07432	0.11922	0.01688	0.02175	0.01620	0.01583	0.02347	0.02074	0.03072	0.08134	0.04138	0.03139	0.08443	0.07223	0.14351	0.01138	0.01097	0.15437	0.01014
9	0.37196	0.01767	0.01701	0.01504	0.02095	0.01856	0.01203	0.03228	0.02315	0.14976	0.08242	0.08368	0.08523	0.01570	0.00940	0.00350	0.00783	0.01202	0.00925	0.01255
10	0.01328	0.00949	0.01265	0.01518	0.01581	0.00886	0.01012	0.01518	0.02088	0.02783	0.06010	0.60969	0.07212	0.03416	0.01392	0.00443	0.00633	0.03100	0.01012	0.00886
11	0.11705	0.02301	0.03030	0.14169	0.12974	0.02546	0.02252	0.15318	0.03076	0.09325	0.07017	0.03170	0.02485	0.01288	0.01194	0.00346	0.04457	0.01025	0.00818	0.01504
12	0.30816	0.15129	0.02814	0.01799	0.02404	0.02803	0.01541	0.07323	0.02198	0.03940	0.01877	0.02369	0.01603	0.02452	0.11697	0.00593	0.05993	0.00763	0.00635	0.01251
13	0.04168	0.04642	0.03046	0.02688	0.03309	0.46386	0.02049	0.08741	0.03279	0.08750	0.02052	0.02213	0.01585	0.01165	0.01005	0.00291	0.01785	0.00770	0.00695	0.01382
14	0.20876	0.01815	0.01892	0.01661	0.02189	0.01887	0.01295	0.11720	0.02845	0.04586	0.14504	0.15282	0.04606	0.01801	0.01049	0.00339	0.00792	0.01484	0.00936	0.08440
15	0.02700	0.50115	0.10224	0.01916	0.02816	0.03787	0.01951	0.03103	0.02156	0.02605	0.01766	0.02383	0.01673	0.07477	0.01255	0.00333	0.01199	0.00713	0.00487	0.01341
16	0.01493	0.01096	0.01399	0.01359	0.01607	0.01002	0.01005	0.01946	0.02914	0.04048	0.44448	0.14080	0.14715	0.02414	0.01298	0.00356	0.00531	0.02129	0.01160	0.01002
17	0.02361	0.01642	0.02519	0.17695	0.03813	0.01647	0.06200	0.02866	0.02563	0.13530	0.10075	0.09779	0.17120	0.01847	0.01203	0.00364	0.00996	0.01627	0.00909	0.01244
18	0.02979	0.01647	0.02375	0.01951	0.02531	0.01525	0.06625	0.03636	0.06420	0.22924	0.13771	0.10711	0.08553	0.01781	0.01166	0.00349	0.00849	0.01572	0.07224	0.01408
19	0.03449	0.01580	0.02095	0.02061	0.07748	0.01461	0.01435	0.03932	0.02700	0.28267	0.03745	0.03752	0.02635	0.01275	0.00954	0.00301	0.00790	0.01049	0.29282	0.01488
20	0.02272	0.02133	0.02869	0.43166	0.06007	0.08098	0.02545	0.02913	0.02296	0.02990	0.02185	0.03002	0.01675	0.01124	0.01023	0.00336	0.01349	0.00948	0.11884	0.01184
21	0.04818	0.01975	0.02604	0.01996	0.02843	0.01779	0.01649	0.09875	0.03320	0.50792	0.04134	0.03603	0.02615	0.01345	0.01096	0.00336	0.00955	0.01085	0.01324	0.01855
22	0.02339	0.18519	0.35108	0.12290	0.04734	0.02938	0.03344	0.03295	0.02261	0.03129	0.01849	0.02273	0.01398	0.01021	0.00965	0.00322	0.01479	0.00780	0.00466	0.01493
23	0.01828	0.01221	0.01840	0.16886	0.03076	0.01337	0.01501	0.01930	0.01866	0.02565	0.02997	0.16062	0.03051	0.02709	0.02396	0.27666	0.00966	0.01437	0.07844	0.00822
24	0.01445	0.01042	0.01441	0.01646	0.01766	0.01039	0.01205	0.01725	0.02095	0.02817	0.05383	0.41955	0.06201	0.04252	0.12045	0.00702	0.01130	0.10261	0.00929	0.00922
25	0.01882	0.01187	0.01594	0.01538	0.01714	0.01260	0.01096	0.02114	0.01812	0.07346	0.03262	0.05404	0.03233	0.29558	0.30752	0.01333	0.01966	0.01333	0.00687	0.00928
26	0.02986	0.03129	0.03725	0.03048	0.03502	0.14351	0.10455	0.08658	0.07171	0.03415	0.02018	0.02572	0.01682	0.01475	0.02160	0.00392	0.26269	0.00987	0.00631	0.01375
27	0.02039	0.01895	0.03172	0.50063	0.10391	0.02295	0.02868	0.02711	0.02194	0.02842	0.02315	0.08157	0.01995	0.01292	0.01117	0.00368	0.01368	0.01162	0.00536	0.01219
28	0.63257	0.02197	0.01759	0.01535	0.02228	0.02534	0.01265	0.07716	0.02163	0.05078	0.01621	0.01851	0.01244	0.01040	0.00714	0.00336	0.00877	0.00627	0.00714	0.01244
29	0.08794	0.19343	0.22395	0.07888	0.04112	0.02905	0.07121	0.03526	0.02342	0.09018	0.02079	0.02377	0.01544	0.01035	0.00949	0.00318	0.01355	0.00818	0.00590	0.01492
30	0.01811	0.01442	0.01906	0.01809	0.01967	0.01714	0.01357	0.02360	0.07196	0.02648	0.03008	0.04772	0.02944	0.21365	0.29052	0.01224	0.10518	0.01259	0.00646	0.01000
31	0.03080	0.03010	0.15289	0.08972	0.04288	0.02404	0.11759	0.04037	0.07075	0.18154	0.02833	0.03055	0.01995	0.01242	0.01387	0.00366	0.07635	0.01051	0.00792	0.01576
32	0.10573	0.02808	0.13778	0.08741	0.13937	0.02161	0.02540	0.04065	0.02597	0.23931	0.02842	0.02934	0.01950	0.01148	0.01035	0.00339	0.01183	0.00945	0.00849	0.01644
33	0.02596	0.01310	0.01418	0.01272	0.01659	0.01307	0.00990	0.07318	0.02653	0.11036	0.03569	0.03888	0.02697	0.01284	0.00836	0.00272	0.00626	0.01024	0.53045	0.01202
34	0.01683	0.01218	0.01636	0.01592	0.01733	0.01374	0.01181	0.01899	0.01789	0.02556	0.03579	0.05134	0.07472	0.16805	0.27650	0.07501	0.07086	0.01302	0.05928	0.00883
