[name]
unknown

[dist]
# distance from previous block
# <min> <max>
0	60

[block]
# block no. 0 follows, 13 sequences, length 11
# corresponding to MSA columns:
# 63-73
name=unknown_A
#
# <colnr> <probs for GDERKNQSTAVLIFYWHMCP>
#	G	D	E	R	K	N	Q	S	T	A	V	L	I	F	Y	W	H	M	C	P
0	0.08144	0.06314	0.19001	0.07634	0.03372	0.01957	0.02292	0.02805	0.02214	0.05725	0.03134	0.12721	0.03036	0.01656	0.01069	0.00352	0.01115	0.09174	0.00691	0.07592
1	0.03015	0.02560	0.07640	0.02517	0.06223	0.02473	0.02050	0.11866	0.14317	0.12211	0.02803	0.02904	0.02091	0.01296	0.01422	0.00330	0.11054	0.00956	0.00851	0.11422
2	0.01316	0.00932	0.01219	0.01436	0.01491	0.00878	0.00943	0.01480	0.01969	0.02626	0.05546	0.55912	0.06637	0.10037	0.01805	0.00497	0.00660	0.02840	0.00943	0.00834
3	0.02204	0.01916	0.02355	0.10276	0.03232	0.01661	0.01540	0.02941	0.07004	0.03426	0.02103	0.02447	0.01697	0.00884	0.00850	0.00204	0.00880	0.00725	0.00645	0.53010
4	0.02755	0.02909	0.10763	0.05686	0.07328	0.05612	0.02213	0.14198	0.22169	0.04303	0.03278	0.08515	0.02688	0.01435	0.01077	0.00345	0.01111	0.01191	0.00868	0.01557
5	0.03049	0.02843	0.12452	0.11756	0.14196	0.02499	0.02630	0.12222	0.05855	0.13578	0.02538	0.02800	0.01840	0.01190	0.01229	0.00340	0.05681	0.00951	0.00765	0.01587
6	0.02177	0.03008	0.23549	0.06606	0.03395	0.01901	0.02450	0.02882	0.02332	0.09297	0.10771	0.14492	0.03825	0.01721	0.01334	0.00364	0.06414	0.01421	0.00753	0.01309
7	0.03360	0.02384	0.03246	0.02535	0.03199	0.02584	0.08876	0.19332	0.06398	0.16190	0.03360	0.03439	0.06050	0.01449	0.01544	0.00357	0.12092	0.01125	0.00927	0.01553
8	0.02374	0.01786	0.02610	0.16883	0.03580	0.02178	0.02003	0.02775	0.02080	0.10823	0.07063	0.03686	0.02668	0.06895	0.08678	0.00585	0.20367	0.01107	0.00678	0.01180
9	0.02395	0.07120	0.13574	0.01959	0.02679	0.02169	0.01880	0.10591	0.12343	0.04260	0.13325	0.03998	0.03723	0.01387	0.00998	0.00311	0.00923	0.01129	0.13857	0.01380
10	0.01730	0.01249	0.01559	0.01659	0.01853	0.01249	0.01201	0.09093	0.02497	0.03327	0.05321	0.48608	0.06141	0.02974	0.01317	0.00418	0.00729	0.07073	0.00992	0.01008

[dist]
# distance from previous block
# <min> <max>
4	7

[block]
# block no. 1 follows, 13 sequences, length 15
# corresponding to MSA columns:
# 82-96
name=unknown_B
#
# <colnr> <probs for GDERKNQSTAVLIFYWHMCP>
#	G	D	E	R	K	N	Q	S	T	A	V	L	I	F	Y	W	H	M	C	P
0	0.51275	0.09899	0.02784	0.01920	0.02670	0.02647	0.09200	0.03159	0.01952	0.04249	0.01576	0.01891	0.01243	0.00958	0.00750	0.00319	0.01007	0.00677	0.00610	0.01215
1	0.03020	0.01726	0.02167	0.01645	0.02433	0.01398	0.01324	0.03472	0.02623	0.23209	0.11088	0.03596	0.03260	0.01190	0.00958	0.00247	0.00782	0.00987	0.00960	0.33917
2	0.01469	0.01080	0.01375	0.01301	0.01563	0.00986	0.00976	0.01942	0.02927	0.04084	0.50635	0.08154	0.15127	0.02220	0.01247	0.00335	0.00503	0.01948	0.01143	0.00986
3	0.01736	0.01583	0.01526	0.01655	0.01795	0.09881	0.01140	0.01932	0.02115	0.02613	0.04782	0.44607	0.05585	0.08096	0.05260	0.00534	0.00989	0.02406	0.00859	0.00904
4	0.09739	0.01930	0.02666	0.02558	0.10973	0.01769	0.01784	0.04690	0.02830	0.44412	0.03613	0.03293	0.02351	0.01225	0.01027	0.00325	0.00948	0.01005	0.01133	0.01727
5	0.02005	0.01206	0.01502	0.01355	0.01736	0.01067	0.01042	0.02423	0.02835	0.13238	0.33866	0.07773	0.21562	0.02155	0.01215	0.00338	0.00581	0.01851	0.01138	0.01111
6	0.02076	0.01929	0.03073	0.52986	0.06712	0.02384	0.02777	0.03068	0.08684	0.02918	0.02184	0.02961	0.01638	0.01105	0.01059	0.00353	0.01337	0.00972	0.00546	0.01237
7	0.01538	0.01025	0.01153	0.01153	0.01153	0.01025	0.00641	0.01538	0.01538	0.02050	0.03331	0.06919	0.03844	0.62842	0.05382	0.01025	0.01025	0.01538	0.00641	0.00641
8	0.03979	0.04175	0.03070	0.02603	0.03273	0.35576	0.02029	0.24405	0.03818	0.04284	0.02011	0.02170	0.01543	0.01164	0.00997	0.00291	0.01597	0.00794	0.00758	0.01464
9	0.02243	0.01996	0.02890	0.20323	0.11036	0.02248	0.02254	0.05963	0.04921	0.03408	0.08204	0.03679	0.02765	0.01375	0.01436	0.00340	0.10390	0.03360	0.00666	0.10502
10	0.07774	0.16571	0.03884	0.02490	0.03197	0.03079	0.09944	0.09363	0.14824	0.06498	0.02495	0.02691	0.01942	0.01223	0.01303	0.00333	0.09233	0.00942	0.00741	0.01473
11	0.63387	0.02019	0.01649	0.01442	0.02114	0.02286	0.01188	0.03324	0.01929	0.10260	0.01757	0.01916	0.01301	0.01016	0.00698	0.00327	0.00827	0.00624	0.00723	0.01214
12	0.03676	0.11771	0.03065	0.02064	0.02837	0.02637	0.01723	0.14868	0.18320	0.22654	0.03450	0.03184	0.02430	0.01274	0.01006	0.00319	0.00972	0.01001	0.01055	0.01693
13	0.01696	0.01406	0.02055	0.01948	0.02093	0.01765	0.01551	0.02040	0.01681	0.02475	0.02498	0.03728	0.02353	0.06523	0.45883	0.01413	0.16270	0.01085	0.00542	0.00993
14	0.02526	0.01164	0.01347	0.01244	0.01600	0.01101	0.00952	0.02965	0.02380	0.15890	0.03881	0.10405	0.03170	0.01483	0.00882	0.00285	0.00599	0.01230	0.45739	0.01157

[dist]
# distance from previous block
# <min> <max>
1	8

[block]
# block no. 2 follows, 13 sequences, length 18
# corresponding to MSA columns:
# 105-122
name=unknown_C
#
# <colnr> <probs for GDERKNQSTAVLIFYWHMCP>
#	G	D	E	R	K	N	Q	S	T	A	V	L	I	F	Y	W	H	M	C	P
0	0.01997	0.01879	0.03171	0.60301	0.07282	0.02349	0.02936	0.02701	0.02114	0.02701	0.01879	0.02819	0.01409	0.01057	0.01057	0.00352	0.01409	0.00940	0.00470	0.01175
1	0.03650	0.02390	0.02520	0.02119	0.02812	0.07432	0.01683	0.08284	0.26805	0.24541	0.03895	0.03535	0.02731	0.01344	0.01059	0.00336	0.00980	0.01082	0.01115	0.01688
2	0.01402	0.01025	0.01191	0.01228	0.01379	0.00950	0.00816	0.01597	0.02121	0.02775	0.14777	0.19529	0.19379	0.23977	0.02730	0.00604	0.00719	0.02094	0.00892	0.00814
3	0.02501	0.01658	0.02507	0.32322	0.04753	0.01830	0.02072	0.02990	0.02268	0.15297	0.03449	0.04295	0.07086	0.10517	0.01724	0.00448	0.01152	0.01177	0.00739	0.01214
4	0.01288	0.00920	0.01227	0.01472	0.01534	0.00859	0.00981	0.01472	0.02024	0.02699	0.05828	0.62152	0.06993	0.03312	0.01350	0.00429	0.00613	0.03006	0.00981	0.00859
5	0.01786	0.00943	0.01383	0.01370	0.01408	0.00930	0.00930	0.01470	0.01619	0.02196	0.09900	0.03915	0.03055	0.03447	0.03700	0.58920	0.00855	0.01067	0.00565	0.00540
6	0.03959	0.04764	0.03020	0.02685	0.03270	0.51272	0.02038	0.10644	0.03258	0.03127	0.01754	0.01990	0.01420	0.01113	0.00967	0.00278	0.01808	0.00717	0.00613	0.01302
7	0.02788	0.01861	0.02253	0.01640	0.02551	0.01443	0.01323	0.03244	0.02387	0.15950	0.02415	0.02521	0.01812	0.00906	0.00848	0.00196	0.00810	0.00728	0.00786	0.53537
8	0.02192	0.02087	0.03131	0.16575	0.11641	0.02657	0.02398	0.02566	0.01843	0.02658	0.01825	0.03028	0.01730	0.08829	0.02772	0.00482	0.30909	0.01004	0.00495	0.01177
9	0.02705	0.02331	0.03017	0.16702	0.12721	0.02650	0.02287	0.12247	0.25318	0.04222	0.03058	0.03229	0.02307	0.01237	0.01064	0.00343	0.01095	0.01053	0.00838	0.01576
10	0.60206	0.11244	0.02151	0.01453	0.02145	0.02643	0.01244	0.03117	0.01852	0.04406	0.01472	0.01714	0.01177	0.00970	0.00658	0.00312	0.00865	0.00571	0.00624	0.01177
11	0.01974	0.01483	0.01770	0.05118	0.02295	0.01539	0.01308	0.03095	0.17514	0.06986	0.15996	0.18114	0.14250	0.02164	0.01197	0.00366	0.00707	0.01880	0.01036	0.01207
12	0.01562	0.01132	0.01484	0.06849	0.02134	0.01080	0.01158	0.01875	0.02081	0.02973	0.04641	0.40885	0.05196	0.02494	0.01164	0.00363	0.00689	0.02232	0.11034	0.08973
13	0.01320	0.01015	0.01207	0.01283	0.01502	0.00903	0.00915	0.01607	0.02392	0.03105	0.18895	0.29590	0.26853	0.02806	0.01287	0.00379	0.00557	0.02457	0.01022	0.00903
14	0.02472	0.02364	0.04030	0.19059	0.44809	0.02474	0.03173	0.03118	0.02339	0.03278	0.01963	0.02664	0.01613	0.00969	0.01049	0.00323	0.01292	0.00941	0.00511	0.01558
15	0.02724	0.02014	0.02239	0.01981	0.02551	0.02220	0.01547	0.04963	0.39132	0.11352	0.12702	0.04546	0.04252	0.01537	0.01102	0.00350	0.00790	0.01295	0.01121	0.01579
16	0.01510	0.01133	0.01699	0.01699	0.01888	0.01322	0.01322	0.01888	0.01699	0.02454	0.02832	0.04154	0.02643	0.07930	0.58652	0.01699	0.02832	0.01133	0.00566	0.00944
17	0.06575	0.02635	0.13765	0.15746	0.04027	0.02181	0.02315	0.03910	0.14951	0.12659	0.07805	0.03506	0.02814	0.01277	0.01046	0.00343	0.01098	0.01058	0.00827	0.01462

[dist]
# distance from previous block
# <min> <max>
0	1

[block]
# block no. 3 follows, 13 sequences, length 26
# corresponding to MSA columns:
# 124-149
name=unknown_D
#
# <colnr> <probs for GDERKNQSTAVLIFYWHMCP>
#	G	D	E	R	K	N	Q	S	T	A	V	L	I	F	Y	W	H	M	C	P
0	0.63805	0.02020	0.01643	0.01439	0.02110	0.02291	0.01186	0.03311	0.01921	0.09926	0.01740	0.01904	0.01291	0.01014	0.00695	0.00327	0.00826	0.00621	0.00719	0.01210
1	0.02313	0.02313	0.03238	0.02776	0.02776	0.03238	0.02313	0.02545	0.01619	0.02545	0.01388	0.02313	0.01388	0.01851	0.03470	0.00463	0.60907	0.00925	0.00463	0.01157
2	0.45105	0.01950	0.01900	0.01579	0.02296	0.02057	0.01302	0.03894	0.02271	0.24824	0.02510	0.02441	0.01711	0.01107	0.00812	0.00327	0.00849	0.00761	0.00906	0.01397
3	0.01808	0.01579	0.02424	0.18742	0.03612	0.01993	0.01980	0.02251	0.01803	0.02543	0.02275	0.03409	0.02042	0.04763	0.31278	0.01070	0.13823	0.01037	0.00518	0.01052
4	0.02357	0.24864	0.40037	0.02611	0.03953	0.03033	0.03205	0.03287	0.02204	0.03061	0.01754	0.02053	0.01345	0.00971	0.00895	0.00298	0.01418	0.00709	0.00448	0.01494
5	0.01496	0.01081	0.01413	0.01330	0.01580	0.00998	0.00998	0.01995	0.02993	0.04240	0.55689	0.07898	0.09976	0.02162	0.01247	0.00333	0.00499	0.01912	0.01164	0.00998
6	0.01997	0.01879	0.03171	0.60301	0.07282	0.02349	0.02936	0.02701	0.02114	0.02701	0.01879	0.02819	0.01409	0.01057	0.01057	0.00352	0.01409	0.00940	0.00470	0.01175
7	0.02827	0.63478	0.05540	0.01809	0.02714	0.04184	0.01809	0.03166	0.02148	0.02488	0.01470	0.01696	0.01357	0.00905	0.00678	0.00226	0.01131	0.00565	0.00452	0.01357
8	0.03861	0.01604	0.02171	0.01731	0.02395	0.01403	0.01403	0.04295	0.03017	0.42649	0.18169	0.04767	0.04617	0.01540	0.01113	0.00329	0.00791	0.01294	0.01269	0.01582
9	0.03936	0.02281	0.02661	0.02102	0.02861	0.02356	0.01715	0.24004	0.11015	0.25894	0.07052	0.03517	0.02878	0.01369	0.01075	0.00328	0.00969	0.01095	0.01166	0.01726
10	0.01899	0.01230	0.01382	0.01276	0.01596	0.01207	0.00975	0.07150	0.02820	0.04198	0.24868	0.06123	0.11950	0.01779	0.01033	0.00301	0.00567	0.01500	0.27089	0.01060
11	0.03668	0.01821	0.02230	0.01797	0.02451	0.01769	0.01454	0.12233	0.07098	0.30667	0.10278	0.04038	0.03465	0.01408	0.01041	0.00317	0.00831	0.01151	0.10708	0.01575
12	0.02648	0.01902	0.02954	0.36208	0.09343	0.02143	0.02467	0.06381	0.02492	0.13524	0.02706	0.07923	0.02158	0.01301	0.01082	0.00349	0.01216	0.01138	0.00718	0.01347
13	0.02827	0.63478	0.05540	0.01809	0.02714	0.04184	0.01809	0.03166	0.02148	0.02488	0.01470	0.01696	0.01357	0.00905	0.00678	0.00226	0.01131	0.00565	0.00452	0.01357
14	0.16425	0.04476	0.02725	0.02473	0.03039	0.48027	0.01874	0.04013	0.02771	0.02993	0.01604	0.01871	0.01321	0.01069	0.00897	0.00283	0.01702	0.00661	0.00565	0.01211
15	0.10733	0.02637	0.02868	0.02218	0.03040	0.02842	0.01832	0.38237	0.04266	0.16595	0.02761	0.02670	0.01898	0.01249	0.01019	0.00320	0.01076	0.00937	0.01068	0.01734
16	0.02511	0.02379	0.03909	0.15368	0.42477	0.02496	0.03036	0.03386	0.07501	0.03420	0.02199	0.02783	0.01783	0.01011	0.01051	0.00325	0.01241	0.00967	0.00569	0.01588
17	0.01456	0.01036	0.01213	0.01285	0.01391	0.00991	0.00853	0.01595	0.01891	0.02446	0.05431	0.18216	0.14443	0.33896	0.03426	0.00730	0.00852	0.07279	0.00805	0.00765
18	0.04507	0.01852	0.02447	0.01912	0.02705	0.01675	0.01567	0.05205	0.08785	0.51080	0.04186	0.03638	0.02686	0.01323	0.01065	0.00331	0.00893	0.01078	0.01283	0.01785
19	0.03485	0.02696	0.02872	0.02325	0.03075	0.03029	0.01880	0.34620	0.23941	0.05802	0.03217	0.03079	0.02347	0.01333	0.01065	0.00333	0.01038	0.01045	0.01065	0.01750
20	0.09560	0.01121	0.01123	0.01090	0.01383	0.01143	0.00829	0.02456	0.02303	0.04083	0.12191	0.04371	0.03781	0.01363	0.00817	0.00270	0.00530	0.01098	0.49482	0.01005
21	0.70310	0.02045	0.01554	0.01390	0.02045	0.02372	0.01145	0.03108	0.01799	0.04744	0.01472	0.01718	0.01145	0.00981	0.00654	0.00327	0.00818	0.00573	0.00654	0.01145
22	0.70310	0.02045	0.01554	0.01390	0.02045	0.02372	0.01145	0.03108	0.01799	0.04744	0.01472	0.01718	0.01145	0.00981	0.00654	0.00327	0.00818	0.00573	0.00654	0.01145
23	0.02827	0.63478	0.05540	0.01809	0.02714	0.04184	0.01809	0.03166	0.02148	0.02488	0.01470	0.01696	0.01357	0.00905	0.00678	0.00226	0.01131	0.00565	0.00452	0.01357
24	0.02380	0.02271	0.03864	0.27032	0.37555	0.02450	0.03127	0.03037	0.02296	0.03167	0.01947	0.02694	0.01573	0.00986	0.01051	0.00329	0.01315	0.00941	0.00503	0.01484
25	0.21951	0.02550	0.04600	0.03367	0.04307	0.02496	0.33981	0.03254	0.02274	0.03781	0.01929	0.02478	0.01470	0.00909	0.01044	0.00334	0.01433	0.01009	0.00576	0.06258

[dist]
# distance from previous block
# <min> <max>
0	3

[block]
# block no. 4 follows, 13 sequences, length 20
# corresponding to MSA columns:
# 153-172
name=unknown_E
#
# <colnr> <probs for GDERKNQSTAVLIFYWHMCP>
#	G	D	E	R	K	N	Q	S	T	A	V	L	I	F	Y	W	H	M	C	P
0	0.01460	0.01079	0.01363	0.01292	0.01557	0.00982	0.00969	0.01925	0.02907	0.04035	0.49043	0.08234	0.16749	0.02238	0.01247	0.00336	0.00504	0.01959	0.01137	0.00982
1	0.01534	0.01038	0.01218	0.01218	0.01241	0.01060	0.00722	0.01579	0.01557	0.02098	0.03272	0.06590	0.03701	0.56300	0.11728	0.01105	0.01240	0.01489	0.00632	0.00677
2	0.01348	0.00966	0.01280	0.01432	0.01547	0.00898	0.00986	0.01622	0.02301	0.03140	0.20084	0.46639	0.07846	0.02983	0.01320	0.00402	0.00581	0.02693	0.01034	0.00898
3	0.01837	0.00918	0.01377	0.01377	0.01377	0.00918	0.00918	0.01377	0.01377	0.01837	0.01837	0.03214	0.01837	0.03673	0.04132	0.69238	0.00918	0.00918	0.00459	0.00459
4	0.02827	0.63478	0.05540	0.01809	0.02714	0.04184	0.01809	0.03166	0.02148	0.02488	0.01470	0.01696	0.01357	0.00905	0.00678	0.00226	0.01131	0.00565	0.00452	0.01357
5	0.01496	0.01081	0.01413	0.01330	0.01580	0.00998	0.00998	0.01995	0.02993	0.04240	0.55689	0.07898	0.09976	0.02162	0.01247	0.00333	0.00499	0.01912	0.01164	0.00998
6	0.14104	0.02133	0.02843	0.02480	0.07784	0.02077	0.05147	0.11101	0.03018	0.33708	0.03205	0.03031	0.02129	0.01192	0.01012	0.00327	0.01016	0.00976	0.01052	0.01665
7	0.03092	0.02501	0.02651	0.02245	0.02926	0.02846	0.01785	0.21290	0.37912	0.05168	0.03716	0.03477	0.02752	0.01379	0.01070	0.00345	0.00945	0.01114	0.01070	0.01715
8	0.65181	0.02026	0.01624	0.01429	0.02096	0.02308	0.01177	0.03268	0.01895	0.08831	0.01683	0.01865	0.01260	0.01007	0.00686	0.00327	0.00824	0.00611	0.00706	0.01196
9	0.03464	0.02976	0.03710	0.11346	0.08172	0.17305	0.13701	0.04005	0.02720	0.18330	0.02534	0.02788	0.01805	0.01091	0.01074	0.00322	0.01472	0.00976	0.00748	0.01461
10	0.02454	0.01746	0.02145	0.02262	0.09501	0.01772	0.01461	0.08333	0.11164	0.09846	0.04889	0.05659	0.14105	0.17420	0.02215	0.00516	0.00922	0.01427	0.00893	0.01270
11	0.01388	0.01169	0.01389	0.08179	0.02156	0.01087	0.01096	0.01753	0.02490	0.03112	0.18578	0.08847	0.40244	0.02382	0.01226	0.00352	0.00632	0.02014	0.00957	0.00947
12	0.01997	0.01879	0.03171	0.60301	0.07282	0.02349	0.02936	0.02701	0.02114	0.02701	0.01879	0.02819	0.01409	0.01057	0.01057	0.00352	0.01409	0.00940	0.00470	0.01175
13	0.02334	0.02224	0.03781	0.31008	0.33936	0.02438	0.03104	0.02997	0.02274	0.03111	0.01939	0.02709	0.01554	0.00994	0.01051	0.00331	0.01326	0.00941	0.00499	0.01447
14	0.01485	0.00978	0.01202	0.01285	0.01306	0.00957	0.00786	0.01498	0.01686	0.02248	0.04020	0.25284	0.04700	0.36317	0.03879	0.08092	0.00874	0.01970	0.00737	0.00695
15	0.02158	0.02348	0.09435	0.41875	0.05996	0.02327	0.02757	0.08000	0.02460	0.03215	0.02762	0.03394	0.06434	0.01222	0.01069	0.00347	0.01321	0.01041	0.00577	0.01261
16	0.70310	0.02045	0.01554	0.01390	0.02045	0.02372	0.01145	0.03108	0.01799	0.04744	0.01472	0.01718	0.01145	0.00981	0.00654	0.00327	0.00818	0.00573	0.00654	0.01145
17	0.02313	0.02313	0.03238	0.02776	0.02776	0.03238	0.02313	0.02545	0.01619	0.02545	0.01388	0.02313	0.01388	0.01851	0.03470	0.00463	0.60907	0.00925	0.00463	0.01157
18	0.02696	0.52727	0.15146	0.02032	0.03059	0.03863	0.02198	0.03200	0.02164	0.02647	0.01549	0.01795	0.01354	0.00923	0.00739	0.00246	0.01211	0.00605	0.00451	0.01395
19	0.31980	0.02078	0.02188	0.01760	0.02514	0.02157	0.01453	0.11531	0.02810	0.27544	0.02797	0.02653	0.01879	0.01166	0.00892	0.00326	0.00906	0.00842	0.00998	0.01526

[dist]
# distance from previous block
# <min> <max>
1	3

[block]
# block no. 5 follows, 13 sequences, length 6
# corresponding to MSA columns:
# 176-181
name=unknown_F
#
# <colnr> <probs for GDERKNQSTAVLIFYWHMCP>
#	G	D	E	R	K	N	Q	S	T	A	V	L	I	F	Y	W	H	M	C	P
0	0.01943	0.01268	0.01504	0.01372	0.01768	0.01160	0.01054	0.02532	0.06692	0.11098	0.27595	0.07856	0.25740	0.02182	0.01209	0.00343	0.00594	0.01859	0.01109	0.01121
1	0.03950	0.05039	0.02996	0.02724	0.03269	0.58597	0.02043	0.04222	0.02996	0.02588	0.01634	0.01907	0.01362	0.01090	0.00953	0.00272	0.01907	0.00681	0.00545	0.01226
2	0.04084	0.01887	0.02358	0.01879	0.02609	0.01805	0.01529	0.08892	0.10979	0.39482	0.03985	0.03598	0.02652	0.01317	0.01033	0.00323	0.00871	0.01067	0.07952	0.01699
3	0.01596	0.01221	0.01484	0.01439	0.01720	0.01193	0.01069	0.02370	0.09953	0.03880	0.36017	0.15915	0.13514	0.02292	0.01239	0.00354	0.00568	0.02014	0.01104	0.01059
4	0.02746	0.01820	0.02233	0.06532	0.07933	0.01946	0.01621	0.06999	0.17878	0.11520	0.03482	0.03592	0.02593	0.01263	0.00958	0.00310	0.00837	0.01048	0.23253	0.01435
5	0.01601	0.01184	0.01789	0.01671	0.01818	0.01160	0.06402	0.01721	0.01779	0.02391	0.03733	0.22496	0.04217	0.26930	0.07253	0.09422	0.01094	0.01843	0.00704	0.00789

[dist]
# distance from previous block
# <min> <max>
3	7

[block]
# block no. 6 follows, 13 sequences, length 30
# corresponding to MSA columns:
# 189-218
name=unknown_G
#
# <colnr> <probs for GDERKNQSTAVLIFYWHMCP>
#	G	D	E	R	K	N	Q	S	T	A	V	L	I	F	Y	W	H	M	C	P
0	0.02675	0.43018	0.17267	0.02095	0.03095	0.06638	0.02251	0.03227	0.02219	0.02779	0.01694	0.01963	0.01431	0.00957	0.00774	0.00255	0.01238	0.00647	0.04400	0.01376
1	0.03303	0.12519	0.08180	0.02541	0.03435	0.02692	0.12042	0.17051	0.03166	0.14180	0.02627	0.02775	0.01893	0.01117	0.01000	0.00307	0.01200	0.00959	0.07459	0.01554
2	0.01545	0.01141	0.01454	0.01414	0.01658	0.01094	0.01045	0.02173	0.06597	0.03994	0.43525	0.16740	0.08979	0.02302	0.01252	0.00351	0.00543	0.02044	0.01127	0.01024
3	0.01411	0.00992	0.01221	0.01318	0.01494	0.00913	0.00929	0.01721	0.02348	0.03247	0.18694	0.33776	0.15095	0.02690	0.01239	0.00373	0.00559	0.02382	0.08687	0.00913
4	0.01809	0.01135	0.01471	0.01393	0.01686	0.01029	0.01041	0.02226	0.02789	0.09834	0.37865	0.16449	0.12604	0.02297	0.01243	0.00350	0.00566	0.02022	0.01135	0.01057
5	0.03592	0.02749	0.02932	0.02346	0.03116	0.03079	0.01906	0.38222	0.20167	0.05974	0.03082	0.02971	0.02238	0.01320	0.01063	0.00330	0.01063	0.01027	0.01063	0.01760
6	0.21836	0.01734	0.01977	0.01606	0.02288	0.01681	0.01314	0.04174	0.02568	0.34482	0.03333	0.03151	0.02238	0.01209	0.00902	0.00314	0.00812	0.00919	0.11967	0.01494
7	0.64981	0.02118	0.01684	0.01474	0.02144	0.02445	0.01215	0.07097	0.02054	0.04898	0.01558	0.01784	0.01198	0.01005	0.00687	0.00326	0.00846	0.00603	0.00687	0.01198
8	0.01515	0.01116	0.01611	0.01611	0.01770	0.01274	0.01212	0.01832	0.01673	0.02389	0.02912	0.04598	0.02836	0.16756	0.50090	0.01591	0.02542	0.01198	0.00578	0.00895
9	0.02827	0.63478	0.05540	0.01809	0.02714	0.04184	0.01809	0.03166	0.02148	0.02488	0.01470	0.01696	0.01357	0.00905	0.00678	0.00226	0.01131	0.00565	0.00452	0.01357
10	0.02940	0.02269	0.04276	0.21125	0.05318	0.02274	0.23471	0.03645	0.02519	0.17465	0.02600	0.03041	0.01814	0.01054	0.01139	0.00347	0.01431	0.01103	0.00721	0.01447
11	0.03445	0.01927	0.02174	0.01752	0.02368	0.01981	0.01420	0.21763	0.03446	0.18637	0.03298	0.03334	0.02348	0.01265	0.00941	0.00293	0.00846	0.00993	0.26271	0.01496
12	0.01496	0.01081	0.01413	0.01330	0.01580	0.00998	0.00998	0.01995	0.02993	0.04240	0.55689	0.07898	0.09976	0.02162	0.01247	0.00333	0.00499	0.01912	0.01164	0.00998
13	0.02387	0.02278	0.03877	0.26410	0.38120	0.02452	0.03131	0.03044	0.02299	0.03176	0.01948	0.02692	0.01577	0.00985	0.01051	0.00328	0.01313	0.00941	0.00504	0.01490
14	0.01486	0.01045	0.01311	0.01291	0.01442	0.00990	0.00885	0.01794	0.02431	0.03385	0.33778	0.13729	0.07733	0.21150	0.02544	0.00559	0.00675	0.01919	0.00981	0.00871
15	0.01811	0.00927	0.01358	0.01358	0.01358	0.00927	0.00894	0.01391	0.01391	0.01855	0.01965	0.03533	0.02009	0.08766	0.04240	0.63366	0.00927	0.00972	0.00475	0.00475
16	0.02827	0.63478	0.05540	0.01809	0.02714	0.04184	0.01809	0.03166	0.02148	0.02488	0.01470	0.01696	0.01357	0.00905	0.00678	0.00226	0.01131	0.00565	0.00452	0.01357
17	0.01721	0.01045	0.01263	0.01347	0.01563	0.01022	0.01048	0.02164	0.02363	0.03606	0.12782	0.15825	0.05370	0.02116	0.01090	0.00347	0.00627	0.12839	0.30898	0.00964
18	0.02128	0.02013	0.03408	0.48947	0.17613	0.02383	0.03001	0.02816	0.02176	0.02860	0.01902	0.02776	0.01465	0.01033	0.01055	0.00344	0.01377	0.00940	0.00481	0.01280
19	0.04172	0.02717	0.03021	0.02316	0.03157	0.02915	0.01914	0.42696	0.04561	0.17267	0.02883	0.02762	0.01971	0.01278	0.01059	0.00319	0.01108	0.00975	0.01111	0.01798
20	0.03023	0.03292	0.03100	0.30240	0.05190	0.25428	0.02467	0.08979	0.02798	0.03103	0.01854	0.02415	0.01434	0.01094	0.01015	0.00316	0.01585	0.00835	0.00567	0.01266
21	0.17660	0.02713	0.02822	0.11531	0.03662	0.06088	0.01978	0.31464	0.03731	0.05390	0.02156	0.02375	0.01573	0.01164	0.00967	0.00322	0.01173	0.00855	0.00849	0.01528
22	0.08934	0.01590	0.02237	0.01820	0.02358	0.01475	0.09255	0.02700	0.02353	0.13782	0.05994	0.06362	0.23177	0.11204	0.01789	0.00451	0.00911	0.01572	0.00891	0.01145
23	0.02569	0.40666	0.04671	0.14291	0.03686	0.03645	0.02128	0.02968	0.02056	0.02542	0.01543	0.02032	0.01373	0.01089	0.01207	0.00291	0.10797	0.00702	0.00458	0.01286
24	0.03359	0.02419	0.11181	0.01944	0.02928	0.01644	0.01818	0.03923	0.02584	0.28151	0.02941	0.02848	0.02015	0.01061	0.00948	0.00264	0.00962	0.00853	0.00913	0.27243
25	0.01927	0.01220	0.01454	0.01407	0.01805	0.01076	0.01129	0.02282	0.02561	0.11732	0.12198	0.09304	0.33100	0.02467	0.01264	0.00378	0.00683	0.11901	0.01047	0.01064
26	0.02368	0.02589	0.05510	0.04053	0.04990	0.02440	0.44257	0.03195	0.02486	0.03351	0.02695	0.04311	0.02324	0.01217	0.01282	0.00377	0.01653	0.08944	0.00605	0.01353
27	0.02034	0.02155	0.10709	0.01801	0.02387	0.01684	0.01648	0.10043	0.06878	0.04339	0.30905	0.06115	0.11342	0.01839	0.01167	0.00335	0.00798	0.01565	0.01008	0.01248
28	0.01674	0.01303	0.01575	0.01634	0.01944	0.01300	0.01310	0.02483	0.10815	0.03410	0.14137	0.14530	0.18052	0.02549	0.01306	0.00407	0.00742	0.18752	0.01021	0.01059
29	0.02360	0.02230	0.02907	0.06837	0.20884	0.07599	0.02163	0.03062	0.06666	0.03526	0.15413	0.04020	0.03836	0.01425	0.01344	0.00333	0.07805	0.01177	0.05080	0.01332

[dist]
# distance from previous block
# <min> <max>
0	5

[block]
# block no. 7 follows, 13 sequences, length 12
# corresponding to MSA columns:
# 224-235
name=unknown_H
#
# <colnr> <probs for GDERKNQSTAVLIFYWHMCP>
#	G	D	E	R	K	N	Q	S	T	A	V	L	I	F	Y	W	H	M	C	P
0	0.19805	0.11354	0.08570	0.02368	0.03219	0.07422	0.10350	0.06381	0.02541	0.11778	0.05008	0.02632	0.02021	0.01096	0.00934	0.00314	0.01205	0.00882	0.00725	0.01397
1	0.02133	0.01128	0.01390	0.01298	0.01446	0.01089	0.00842	0.02151	0.01794	0.10949	0.03212	0.05539	0.03220	0.38506	0.04160	0.12797	0.00951	0.01316	0.05261	0.00818
2	0.07791	0.02793	0.07891	0.12039	0.08599	0.02714	0.13687	0.20023	0.03229	0.07567	0.02274	0.02639	0.01652	0.01087	0.01068	0.00334	0.01339	0.00983	0.00747	0.01545
3	0.02827	0.63478	0.05540	0.01809	0.02714	0.04184	0.01809	0.03166	0.02148	0.02488	0.01470	0.01696	0.01357	0.00905	0.00678	0.00226	0.01131	0.00565	0.00452	0.01357
4	0.04211	0.02654	0.02983	0.02287	0.03126	0.02823	0.01889	0.40144	0.04457	0.19967	0.02970	0.02819	0.02015	0.01280	0.01059	0.00320	0.01094	0.00981	0.01124	0.01798
5	0.02024	0.01201	0.01560	0.01401	0.01756	0.01083	0.01075	0.02488	0.02948	0.13038	0.43073	0.07369	0.12711	0.02062	0.01216	0.00334	0.00570	0.01796	0.01173	0.01124
6	0.02473	0.02093	0.02275	0.02117	0.02655	0.02391	0.01679	0.05039	0.45560	0.04210	0.04522	0.05294	0.03711	0.01686	0.01141	0.00380	0.00860	0.09301	0.01059	0.01555
7	0.03465	0.12723	0.03092	0.02003	0.02739	0.02858	0.01693	0.31084	0.03814	0.08970	0.02652	0.02747	0.01961	0.01203	0.00931	0.00289	0.01007	0.00901	0.14303	0.01563
8	0.01414	0.01017	0.01340	0.01386	0.01561	0.00943	0.00991	0.01789	0.02611	0.03632	0.36031	0.29288	0.08800	0.02615	0.01287	0.00371	0.00544	0.02343	0.01092	0.00943
9	0.03444	0.01972	0.02349	0.01943	0.02600	0.02014	0.01555	0.10581	0.19583	0.25371	0.12558	0.04292	0.03932	0.01485	0.01097	0.00337	0.00845	0.01232	0.01180	0.01626
10	0.02061	0.01401	0.01777	0.05991	0.02322	0.01410	0.01307	0.02914	0.11392	0.10125	0.24739	0.15685	0.10452	0.02089	0.01199	0.00356	0.00695	0.01826	0.01069	0.01190
11	0.03263	0.11662	0.03332	0.02349	0.02998	0.07323	0.01950	0.23487	0.15430	0.04620	0.02557	0.02664	0.01974	0.01328	0.01358	0.00332	0.10030	0.00929	0.00848	0.01567

[dist]
# distance from previous block
# <min> <max>
1	8

[block]
# block no. 8 follows, 13 sequences, length 28
# corresponding to MSA columns:
# 244-271
name=unknown_I
#
# <colnr> <probs for GDERKNQSTAVLIFYWHMCP>
#	G	D	E	R	K	N	Q	S	T	A	V	L	I	F	Y	W	H	M	C	P
0	0.03573	0.02457	0.02540	0.02075	0.02678	0.11415	0.01670	0.09270	0.02843	0.22342	0.02824	0.02896	0.02032	0.01281	0.01329	0.00309	0.09848	0.00910	0.08756	0.08952
1	0.02517	0.07339	0.21798	0.15984	0.10137	0.02578	0.02884	0.11870	0.02704	0.03794	0.02115	0.02564	0.01585	0.01069	0.00987	0.00319	0.01309	0.00867	0.06111	0.01468
2	0.01339	0.01075	0.01195	0.01165	0.01483	0.00931	0.00874	0.01690	0.02621	0.03357	0.26988	0.09351	0.39228	0.02491	0.01249	0.00348	0.00522	0.02116	0.01048	0.00931
3	0.02724	0.01608	0.01963	0.01797	0.02255	0.01625	0.01384	0.03835	0.17873	0.18706	0.08024	0.17968	0.04590	0.05389	0.01413	0.00410	0.00803	0.05164	0.01095	0.01372
4	0.12028	0.01738	0.02188	0.01726	0.02462	0.01586	0.01417	0.04620	0.02795	0.45090	0.03779	0.03419	0.02457	0.01262	0.00980	0.00318	0.00845	0.00998	0.08658	0.01634
5	0.44598	0.01955	0.01809	0.01532	0.02195	0.02126	0.01256	0.07138	0.02337	0.15991	0.02325	0.02402	0.01664	0.01098	0.00780	0.00318	0.00829	0.00747	0.07584	0.01317
6	0.11246	0.02425	0.02509	0.01997	0.02690	0.02674	0.01633	0.36021	0.04004	0.05848	0.02614	0.02749	0.01921	0.01228	0.00942	0.00303	0.00977	0.00915	0.15761	0.01545
7	0.01472	0.01080	0.01379	0.01304	0.01565	0.00987	0.00978	0.01948	0.02935	0.04102	0.51221	0.08124	0.14529	0.02213	0.01247	0.00335	0.00502	0.01944	0.01146	0.00987
8	0.02827	0.63478	0.05540	0.01809	0.02714	0.04184	0.01809	0.03166	0.02148	0.02488	0.01470	0.01696	0.01357	0.00905	0.00678	0.00226	0.01131	0.00565	0.00452	0.01357
9	0.70310	0.02045	0.01554	0.01390	0.02045	0.02372	0.01145	0.03108	0.01799	0.04744	0.01472	0.01718	0.01145	0.00981	0.00654	0.00327	0.00818	0.00573	0.00654	0.01145
10	0.07687	0.02216	0.02391	0.02003	0.02664	0.02427	0.01603	0.16869	0.24700	0.13322	0.03561	0.03390	0.02579	0.01321	0.01005	0.00329	0.00890	0.01050	0.08376	0.01616
11	0.01940	0.01280	0.01595	0.01467	0.01814	0.01221	0.01115	0.02668	0.08553	0.09753	0.38117	0.10124	0.11999	0.02094	0.01214	0.00342	0.00588	0.01827	0.01145	0.01143
12	0.02068	0.01953	0.03301	0.54072	0.12950	0.02368	0.02972	0.02764	0.02148	0.02789	0.01892	0.02795	0.01440	0.01044	0.01056	0.00348	0.01392	0.00940	0.00476	0.01232
13	0.02197	0.01950	0.02662	0.30305	0.04822	0.02314	0.02212	0.03802	0.23315	0.03567	0.08787	0.03833	0.03088	0.01331	0.01086	0.00353	0.01078	0.01150	0.00791	0.01357
14	0.01485	0.01047	0.01262	0.01301	0.01406	0.01024	0.00868	0.01654	0.01932	0.02570	0.10335	0.13996	0.10593	0.34308	0.07192	0.00808	0.00981	0.05661	0.00797	0.00779
15	0.02827	0.63478	0.05540	0.01809	0.02714	0.04184	0.01809	0.03166	0.02148	0.02488	0.01470	0.01696	0.01357	0.00905	0.00678	0.00226	0.01131	0.00565	0.00452	0.01357
16	0.01373	0.01047	0.01261	0.01269	0.01519	0.00936	0.00928	0.01734	0.02611	0.03477	0.30935	0.18931	0.25034	0.02555	0.01267	0.00359	0.00533	0.02228	0.01067	0.00936
17	0.01997	0.01879	0.03171	0.60301	0.07282	0.02349	0.02936	0.02701	0.02114	0.02701	0.01879	0.02819	0.01409	0.01057	0.01057	0.00352	0.01409	0.00940	0.00470	0.01175
18	0.07763	0.02061	0.02419	0.08844	0.08328	0.07886	0.01917	0.03413	0.05998	0.13854	0.03743	0.08733	0.03433	0.01782	0.01151	0.00377	0.01095	0.15018	0.00877	0.01309
19	0.70310	0.02045	0.01554	0.01390	0.02045	0.02372	0.01145	0.03108	0.01799	0.04744	0.01472	0.01718	0.01145	0.00981	0.00654	0.00327	0.00818	0.00573	0.00654	0.01145
20	0.02129	0.02601	0.14288	0.30318	0.10849	0.02218	0.02782	0.03059	0.05700	0.03207	0.02277	0.02906	0.01727	0.01083	0.01002	0.00330	0.01259	0.00930	0.10019	0.01317
21	0.02533	0.01256	0.01622	0.01540	0.01919	0.01131	0.01172	0.02855	0.02450	0.20923	0.05571	0.27098	0.10669	0.02323	0.01184	0.00371	0.00710	0.05081	0.08395	0.01197
22	0.02031	0.01786	0.02368	0.07858	0.02737	0.02233	0.01742	0.02815	0.11781	0.02834	0.02823	0.07738	0.02709	0.12938	0.10641	0.00697	0.21238	0.01251	0.00660	0.01121
23	0.02712	0.01859	0.02150	0.01841	0.02375	0.01955	0.01450	0.12164	0.18833	0.11919	0.24078	0.05204	0.05540	0.01673	0.01138	0.00337	0.00769	0.01416	0.01139	0.01448
24	0.02827	0.63478	0.05540	0.01809	0.02714	0.04184	0.01809	0.03166	0.02148	0.02488	0.01470	0.01696	0.01357	0.00905	0.00678	0.00226	0.01131	0.00565	0.00452	0.01357
25	0.03226	0.09720	0.09292	0.06500	0.03794	0.02574	0.11338	0.09454	0.11359	0.17529	0.02942	0.02990	0.02084	0.01153	0.01048	0.00327	0.01210	0.01012	0.00856	0.01592
26	0.01366	0.00983	0.01334	0.01517	0.01626	0.00951	0.01074	0.01627	0.02123	0.02873	0.10859	0.46210	0.06769	0.03668	0.07659	0.00563	0.00872	0.06080	0.00955	0.00892
27	0.30453	0.02074	0.02332	0.02040	0.02311	0.02659	0.01662	0.02678	0.01686	0.03408	0.01616	0.02524	0.01531	0.07548	0.02491	0.00462	0.30024	0.00840	0.00560	0.01101

[dist]
# distance from previous block
# <min> <max>
0	2

[block]
# block no. 9 follows, 13 sequences, length 16
# corresponding to MSA columns:
# 274-289
name=unknown_J
#
# <colnr> <probs for GDERKNQSTAVLIFYWHMCP>
#	G	D	E	R	K	N	Q	S	T	A	V	L	I	F	Y	W	H	M	C	P
0	0.02747	0.02064	0.03083	0.05806	0.03143	0.02388	0.07606	0.06159	0.02480	0.13844	0.12039	0.03689	0.03249	0.01612	0.02055	0.00385	0.24356	0.01172	0.00801	0.01324
1	0.02465	0.01871	0.02220	0.01600	0.02526	0.01425	0.01285	0.02928	0.02281	0.09158	0.02124	0.02343	0.01678	0.00839	0.00813	0.00175	0.00795	0.00673	0.00699	0.62102
2	0.01454	0.01079	0.01354	0.01286	0.01554	0.00980	0.00964	0.01913	0.02893	0.04002	0.47953	0.08290	0.17861	0.02250	0.01247	0.00337	0.00505	0.01967	0.01133	0.00980
3	0.02630	0.02271	0.02391	0.02152	0.02749	0.02630	0.01674	0.05618	0.54336	0.04423	0.04303	0.03945	0.03228	0.01434	0.01076	0.00359	0.00837	0.01195	0.01076	0.01674
4	0.15151	0.02356	0.02532	0.02031	0.02688	0.02624	0.01669	0.27732	0.03545	0.11300	0.02555	0.02680	0.01860	0.01271	0.01161	0.00324	0.06296	0.00901	0.09803	0.01522
5	0.01452	0.01044	0.01385	0.01441	0.01630	0.00977	0.01068	0.01849	0.02624	0.03633	0.34424	0.25650	0.08609	0.02610	0.01303	0.00380	0.00586	0.07300	0.01085	0.00951
6	0.03582	0.02352	0.08912	0.08393	0.10288	0.01972	0.02149	0.08682	0.02876	0.29102	0.03184	0.03169	0.02161	0.01191	0.01025	0.00321	0.01061	0.00986	0.06972	0.01622
7	0.02361	0.01629	0.01712	0.01581	0.01896	0.07600	0.01153	0.02677	0.02584	0.13347	0.22588	0.14647	0.06035	0.13129	0.01949	0.00466	0.00847	0.01714	0.00997	0.01088
8	0.03779	0.02842	0.03038	0.02384	0.03187	0.03167	0.01951	0.44572	0.13512	0.06276	0.02844	0.02782	0.02045	0.01298	0.01061	0.00324	0.01107	0.00994	0.01061	0.01777
9	0.13451	0.02320	0.02791	0.22936	0.04309	0.08406	0.02195	0.03311	0.02210	0.12202	0.02076	0.02575	0.01564	0.01258	0.01489	0.00359	0.13750	0.00872	0.00648	0.01278
10	0.02827	0.63478	0.05540	0.01809	0.02714	0.04184	0.01809	0.03166	0.02148	0.02488	0.01470	0.01696	0.01357	0.00905	0.00678	0.00226	0.01131	0.00565	0.00452	0.01357
11	0.34807	0.09688	0.08103	0.02321	0.07382	0.07953	0.01880	0.03360	0.05088	0.03855	0.01734	0.02036	0.01394	0.01071	0.00983	0.00322	0.05429	0.00697	0.00600	0.01297
12	0.02737	0.02705	0.03431	0.15359	0.09182	0.15450	0.11907	0.03252	0.02491	0.07702	0.02769	0.12924	0.02534	0.01434	0.01120	0.00342	0.01403	0.01307	0.00668	0.01283
13	0.01870	0.00999	0.01077	0.01126	0.01351	0.00992	0.00852	0.02327	0.02215	0.03732	0.03909	0.11234	0.03494	0.01617	0.00872	0.00288	0.00549	0.05493	0.55031	0.00970
14	0.01421	0.01014	0.01316	0.01367	0.01520	0.00947	0.00956	0.01749	0.02477	0.03432	0.31384	0.28581	0.08224	0.08636	0.01697	0.00439	0.00595	0.02294	0.01042	0.00909
15	0.01609	0.01016	0.01328	0.01475	0.01634	0.00927	0.01019	0.01822	0.02152	0.07808	0.06105	0.52052	0.10907	0.03068	0.01314	0.00413	0.00633	0.02755	0.01012	0.00950

[dist]
# distance from previous block
# <min> <max>
0	1

[block]
# block no. 10 follows, 13 sequences, length 22
# corresponding to MSA columns:
# 291-312
name=unknown_K
#
# <colnr> <probs for GDERKNQSTAVLIFYWHMCP>
#	G	D	E	R	K	N	Q	S	T	A	V	L	I	F	Y	W	H	M	C	P
0	0.23752	0.02051	0.02303	0.01824	0.02598	0.02060	0.01505	0.11937	0.02970	0.33939	0.03131	0.02886	0.02061	0.01207	0.00943	0.00326	0.00917	0.00903	0.01079	0.01608
1	0.01991	0.01187	0.01279	0.01263	0.01556	0.01227	0.00978	0.02815	0.09235	0.03958	0.08400	0.05054	0.03745	0.01502	0.00898	0.00292	0.00585	0.05682	0.47278	0.01077
2	0.01548	0.01160	0.01473	0.01651	0.01820	0.01168	0.01207	0.02175	0.09345	0.03021	0.05575	0.45102	0.06309	0.02982	0.01331	0.00430	0.00709	0.11007	0.00993	0.00992
3	0.08688	0.37825	0.04124	0.01807	0.02634	0.03349	0.01650	0.03575	0.12370	0.03195	0.02081	0.02205	0.01733	0.00999	0.00768	0.00252	0.00999	0.00698	0.00616	0.10432
4	0.23248	0.02557	0.02801	0.02631	0.09920	0.02797	0.01891	0.28488	0.03574	0.09021	0.02262	0.02380	0.01645	0.01144	0.00939	0.00320	0.01057	0.00847	0.00886	0.01591
5	0.02405	0.01830	0.02496	0.27902	0.04502	0.02125	0.02062	0.03718	0.17545	0.07908	0.03058	0.03413	0.02273	0.01220	0.01007	0.00333	0.01037	0.01033	0.12794	0.01339
6	0.01450	0.01034	0.01284	0.01356	0.01566	0.00956	0.01002	0.01809	0.02468	0.03389	0.22886	0.25042	0.16244	0.02598	0.01254	0.00374	0.00585	0.06722	0.07047	0.00933
7	0.02539	0.01604	0.02404	0.30083	0.04524	0.01773	0.02007	0.03118	0.02410	0.14799	0.07473	0.03672	0.02701	0.01246	0.01009	0.00323	0.01027	0.01062	0.14971	0.01254
8	0.01288	0.00920	0.01227	0.01472	0.01534	0.00859	0.00981	0.01472	0.02024	0.02699	0.05828	0.62152	0.06993	0.03312	0.01350	0.00429	0.00613	0.03006	0.00981	0.00859
9	0.01736	0.01060	0.01430	0.01582	0.01753	0.00985	0.01143	0.01986	0.02193	0.08931	0.05609	0.48820	0.06375	0.03033	0.01332	0.00425	0.00694	0.08916	0.01018	0.00981
10	0.02747	0.56884	0.11431	0.01946	0.02925	0.03987	0.02048	0.03187	0.02158	0.02585	0.01519	0.01757	0.01355	0.00916	0.00715	0.00238	0.01180	0.00590	0.00452	0.01380
11	0.02660	0.01781	0.02735	0.18453	0.17037	0.01851	0.02144	0.03227	0.02465	0.14201	0.07120	0.03565	0.02682	0.01204	0.01009	0.00315	0.01013	0.01054	0.14109	0.01375
12	0.30205	0.02028	0.02096	0.01743	0.02436	0.02153	0.01419	0.08752	0.09543	0.21412	0.05965	0.03048	0.02465	0.01242	0.00913	0.00331	0.00861	0.00925	0.00986	0.01476
13	0.08626	0.17193	0.10389	0.02206	0.03082	0.03149	0.02053	0.19052	0.15869	0.04548	0.02553	0.02581	0.01934	0.01167	0.00933	0.00309	0.01098	0.00868	0.00808	0.01580
14	0.70310	0.02045	0.01554	0.01390	0.02045	0.02372	0.01145	0.03108	0.01799	0.04744	0.01472	0.01718	0.01145	0.00981	0.00654	0.00327	0.00818	0.00573	0.00654	0.01145
15	0.02793	0.26816	0.18294	0.02748	0.03814	0.07876	0.11931	0.08062	0.02574	0.03280	0.01819	0.02147	0.01442	0.00977	0.00927	0.00291	0.01430	0.00795	0.00532	0.01453
16	0.09714	0.01536	0.02371	0.02015	0.02456	0.01475	0.10763	0.02490	0.02477	0.08037	0.20299	0.22052	0.05894	0.02060	0.01195	0.00365	0.00845	0.01890	0.00945	0.01120
17	0.01362	0.00973	0.01312	0.01557	0.01650	0.00923	0.01110	0.01600	0.02097	0.02782	0.05787	0.53214	0.06831	0.03243	0.01369	0.00440	0.00678	0.11214	0.00980	0.00879
18	0.04140	0.02266	0.02965	0.02324	0.03104	0.08163	0.08380	0.04603	0.02910	0.39868	0.03714	0.03896	0.02585	0.01342	0.01103	0.00336	0.01137	0.04443	0.01095	0.01626
19	0.02751	0.03651	0.26063	0.02516	0.03572	0.02494	0.02647	0.08483	0.22438	0.09732	0.03111	0.03057	0.02234	0.01223	0.01042	0.00342	0.01182	0.00983	0.00829	0.01650
20	0.01516	0.01111	0.01588	0.01588	0.01738	0.01261	0.01183	0.01817	0.01666	0.02372	0.02934	0.04717	0.02888	0.19111	0.47805	0.01562	0.02464	0.01215	0.00582	0.00882
21	0.02521	0.02233	0.03175	0.28824	0.08566	0.02584	0.05059	0.10289	0.18045	0.03825	0.02708	0.03104	0.02029	0.01181	0.01072	0.00347	0.01216	0.01034	0.00735	0.01452

[dist]
# distance from previous block
# <min> <max>
6	21

[block]
# block no. 11 follows, 13 sequences, length 32
# corresponding to MSA columns:
# 336-367
name=unknown_L
#
# <colnr> <probs for GDERKNQSTAVLIFYWHMCP>
#	G	D	E	R	K	N	Q	S	T	A	V	L	I	F	Y	W	H	M	C	P
0	0.02563	0.01409	0.01766	0.01538	0.01969	0.01326	0.01175	0.03214	0.08057	0.19529	0.25582	0.06257	0.09566	0.09290	0.01681	0.00420	0.00719	0.01563	0.01121	0.01254
1	0.02500	0.02255	0.03603	0.10799	0.37393	0.02320	0.02732	0.07572	0.02710	0.03803	0.10785	0.03492	0.03013	0.01183	0.01081	0.00321	0.01140	0.01101	0.00672	0.01524
2	0.01659	0.01262	0.01577	0.01669	0.01934	0.01268	0.01316	0.02418	0.09978	0.03394	0.14670	0.21600	0.11664	0.02639	0.01320	0.00415	0.00742	0.18406	0.01024	0.01044
3	0.02478	0.33472	0.19059	0.11864	0.04163	0.03312	0.06271	0.03155	0.02191	0.02819	0.01700	0.02107	0.01379	0.00955	0.00869	0.00285	0.01340	0.00734	0.00460	0.01387
4	0.02836	0.01367	0.01546	0.01338	0.01779	0.01337	0.01055	0.07778	0.02670	0.17118	0.03541	0.03728	0.02603	0.01254	0.00848	0.00273	0.00654	0.01001	0.46015	0.01259
5	0.02778	0.01536	0.02023	0.15844	0.03207	0.01616	0.01560	0.06700	0.02577	0.16375	0.03171	0.03486	0.02305	0.01210	0.00916	0.00296	0.00861	0.00990	0.31265	0.01282
6	0.01377	0.00958	0.01201	0.01358	0.01398	0.00918	0.00860	0.01496	0.01850	0.02467	0.04936	0.42420	0.05868	0.24580	0.02790	0.00642	0.00760	0.02481	0.00860	0.00781
7	0.02958	0.02434	0.02576	0.02218	0.02874	0.02783	0.01753	0.16747	0.42673	0.04952	0.03886	0.03613	0.02890	0.01395	0.01072	0.00349	0.00914	0.01138	0.01072	0.01703
8	0.02362	0.02109	0.02335	0.07150	0.02982	0.05702	0.01499	0.06360	0.02434	0.03491	0.02228	0.07089	0.01991	0.01070	0.00887	0.00217	0.00936	0.00875	0.00666	0.47617
9	0.08728	0.22692	0.03685	0.02094	0.02901	0.03390	0.01815	0.24181	0.12406	0.04743	0.02409	0.02441	0.01850	0.01155	0.00903	0.00295	0.01068	0.00837	0.00829	0.01578
10	0.02827	0.63478	0.05540	0.01809	0.02714	0.04184	0.01809	0.03166	0.02148	0.02488	0.01470	0.01696	0.01357	0.00905	0.00678	0.00226	0.01131	0.00565	0.00452	0.01357
11	0.09514	0.01940	0.02565	0.11419	0.03447	0.01909	0.01789	0.08998	0.02959	0.39253	0.03429	0.03222	0.02226	0.01238	0.01029	0.00330	0.01001	0.00993	0.01096	0.01645
12	0.01962	0.01796	0.02564	0.02304	0.02387	0.02399	0.01879	0.02257	0.01654	0.02505	0.02020	0.03119	0.01938	0.04513	0.27640	0.01004	0.35470	0.01016	0.00508	0.01063
13	0.01496	0.01081	0.01413	0.01330	0.01580	0.00998	0.00998	0.01995	0.02993	0.04240	0.55689	0.07898	0.09976	0.02162	0.01247	0.00333	0.00499	0.01912	0.01164	0.00998
14	0.01987	0.01175	0.01534	0.01407	0.01705	0.01077	0.01046	0.02399	0.02780	0.12046	0.38845	0.10958	0.08000	0.08343	0.01651	0.00410	0.00623	0.01820	0.01120	0.01075
15	0.28575	0.01967	0.01981	0.01697	0.02296	0.02118	0.01357	0.14849	0.02803	0.12775	0.02985	0.12210	0.02587	0.01497	0.00931	0.00336	0.00856	0.01163	0.05675	0.01342
16	0.40584	0.02338	0.02208	0.01802	0.02540	0.02602	0.01487	0.20526	0.03025	0.10775	0.02119	0.02196	0.01523	0.01115	0.00836	0.00324	0.00946	0.00755	0.00861	0.01439
17	0.03825	0.12830	0.03559	0.02331	0.03187	0.03426	0.01977	0.44640	0.04511	0.05983	0.02364	0.02401	0.01726	0.01210	0.00996	0.00302	0.01158	0.00889	0.00959	0.01726
18	0.02548	0.04871	0.48410	0.02829	0.04270	0.02308	0.03523	0.03643	0.02362	0.12094	0.02268	0.02455	0.01548	0.01054	0.01014	0.00334	0.01454	0.00827	0.00587	0.01601
19	0.02714	0.39635	0.04170	0.01788	0.02533	0.03243	0.01638	0.03489	0.10315	0.06889	0.10933	0.03184	0.03136	0.01219	0.00859	0.00271	0.00967	0.00916	0.00724	0.01378
20	0.70310	0.02045	0.01554	0.01390	0.02045	0.02372	0.01145	0.03108	0.01799	0.04744	0.01472	0.01718	0.01145	0.00981	0.00654	0.00327	0.00818	0.00573	0.00654	0.01145
21	0.02267	0.16850	0.12100	0.32928	0.10343	0.02808	0.02850	0.02959	0.02167	0.02820	0.01797	0.02449	0.01411	0.01003	0.00960	0.00317	0.01354	0.00828	0.00467	0.01323
22	0.01456	0.01079	0.01358	0.01288	0.01555	0.00980	0.00966	0.01917	0.02898	0.04014	0.48354	0.08269	0.17452	0.02246	0.01247	0.00337	0.00505	0.01964	0.01134	0.00980
