[name]
unknown

[dist]
# distance from previous block
# <min> <max>
0	112

[block]
# block no. 0 follows, 14 sequences, length 23
# corresponding to MSA columns:
# 135-157
name=unknown_A
#
# <colnr> <probs for GDERKNQSTAVLIFYWHMCP>
#	G	D	E	R	K	N	Q	S	T	A	V	L	I	F	Y	W	H	M	C	P
0	0.01780	0.01208	0.01688	0.07222	0.02340	0.01205	0.01438	0.02226	0.02470	0.07017	0.21146	0.12380	0.06392	0.05480	0.01476	0.00425	0.00812	0.21327	0.00963	0.01001
1	0.03036	0.07003	0.11333	0.06894	0.22391	0.02708	0.02630	0.19815	0.03130	0.07976	0.02196	0.02479	0.01647	0.01054	0.00992	0.00306	0.01208	0.00879	0.00710	0.01611
2	0.02024	0.01990	0.07194	0.01818	0.02338	0.01843	0.01541	0.03706	0.27533	0.04117	0.27094	0.05353	0.05830	0.01662	0.01110	0.00335	0.00735	0.01427	0.01024	0.01327
3	0.01629	0.01284	0.01857	0.02204	0.11599	0.01220	0.01359	0.02107	0.02714	0.03838	0.42268	0.11968	0.07962	0.01990	0.01185	0.00328	0.00627	0.01786	0.01001	0.01074
4	0.02270	0.06146	0.19699	0.06336	0.03358	0.08982	0.02329	0.03450	0.14702	0.03175	0.03000	0.13523	0.02726	0.01523	0.01147	0.00342	0.04045	0.01236	0.00683	0.01327
5	0.01685	0.12468	0.02092	0.01375	0.01731	0.01524	0.01110	0.02141	0.02757	0.03809	0.47000	0.06583	0.08179	0.01879	0.01111	0.00304	0.00594	0.01621	0.01005	0.01031
6	0.02942	0.37175	0.04781	0.02315	0.03189	0.07356	0.11099	0.06827	0.02456	0.06866	0.01833	0.02075	0.01488	0.00934	0.00834	0.00255	0.01233	0.00739	0.00568	0.05034
7	0.01519	0.12340	0.01944	0.01488	0.01694	0.01414	0.01097	0.01725	0.01986	0.02583	0.04896	0.52185	0.05804	0.02795	0.01193	0.00381	0.00686	0.02491	0.00860	0.00920
8	0.65190	0.07464	0.01847	0.01385	0.02041	0.02456	0.01168	0.03022	0.01776	0.04412	0.01429	0.01665	0.01129	0.00946	0.00637	0.00309	0.00820	0.00555	0.00618	0.01129
9	0.02630	0.44692	0.05058	0.02225	0.03113	0.03504	0.11069	0.03246	0.05940	0.02769	0.01765	0.02036	0.01503	0.00904	0.00792	0.00247	0.01168	0.00715	0.00508	0.06118
10	0.01938	0.01824	0.03078	0.61468	0.07068	0.02280	0.02850	0.02622	0.02052	0.02622	0.01824	0.02736	0.01368	0.01026	0.01026	0.00342	0.01368	0.00912	0.00456	0.01140
11	0.03407	0.13823	0.03332	0.02195	0.02975	0.03207	0.01846	0.34628	0.15103	0.05278	0.02640	0.02606	0.01962	0.01202	0.00964	0.00301	0.01056	0.00907	0.00925	0.01643
12	0.01466	0.01100	0.01649	0.01649	0.01833	0.01283	0.01283	0.01833	0.01649	0.02382	0.02749	0.04032	0.02566	0.07697	0.59868	0.01649	0.02749	0.01100	0.00550	0.00916
13	0.02128	0.01824	0.02128	0.01520	0.02432	0.01368	0.01216	0.02584	0.02128	0.03344	0.01824	0.02128	0.01520	0.00760	0.00760	0.00152	0.00760	0.00608	0.00608	0.70208
14	0.01213	0.01040	0.01040	0.01040	0.01386	0.00866	0.00780	0.01473	0.02339	0.02772	0.10396	0.09876	0.57117	0.02599	0.01213	0.00347	0.00520	0.02166	0.00953	0.00866
15	0.01526	0.01186	0.01721	0.01695	0.01840	0.01407	0.01304	0.01841	0.01652	0.02379	0.02849	0.08076	0.02820	0.10825	0.46710	0.01406	0.08050	0.01232	0.00573	0.00909
16	0.01251	0.01041	0.01093	0.01080	0.01410	0.00883	0.00810	0.01547	0.02430	0.02987	0.17850	0.09522	0.49529	0.02519	0.01212	0.00343	0.00514	0.02116	0.00981	0.00883
17	0.65353	0.01964	0.01585	0.01391	0.02040	0.02233	0.01146	0.03190	0.01851	0.09302	0.01658	0.01827	0.01237	0.00980	0.00670	0.00318	0.00801	0.00597	0.00691	0.01167
18	0.03597	0.02586	0.03031	0.10694	0.03695	0.06651	0.04717	0.27231	0.07137	0.16048	0.02732	0.02778	0.01908	0.01190	0.01031	0.00316	0.01172	0.00957	0.00935	0.01594
19	0.58754	0.02582	0.11777	0.01633	0.02426	0.02317	0.01593	0.03059	0.01822	0.04361	0.01503	0.01757	0.01145	0.00957	0.00696	0.00319	0.00924	0.00592	0.00599	0.01184
20	0.01250	0.00893	0.01191	0.01429	0.01488	0.00834	0.00953	0.01429	0.01965	0.02620	0.05656	0.63265	0.06787	0.03215	0.01310	0.00417	0.00595	0.02917	0.00953	0.00834
21	0.01287	0.00921	0.01223	0.01404	0.01496	0.00858	0.00955	0.01520	0.02134	0.02889	0.14887	0.53267	0.07308	0.03014	0.01292	0.00400	0.00575	0.02726	0.00984	0.00858
22	0.07646	0.32327	0.04428	0.02910	0.12765	0.15091	0.05691	0.03310	0.02301	0.02817	0.01596	0.01930	0.01376	0.00926	0.00815	0.00260	0.01299	0.00685	0.00489	0.01337

[dist]
# distance from previous block
# <min> <max>
0	4

[block]
# block no. 1 follows, 14 sequences, length 25
# corresponding to MSA columns:
# 162-186
name=unknown_B
#
# <colnr> <probs for GDERKNQSTAVLIFYWHMCP>
#	G	D	E	R	K	N	Q	S	T	A	V	L	I	F	Y	W	H	M	C	P
0	0.02803	0.20913	0.04656	0.06911	0.09763	0.08170	0.15996	0.09658	0.02596	0.03291	0.01823	0.02266	0.01475	0.00996	0.01079	0.00297	0.04501	0.00865	0.00552	0.01391
1	0.52691	0.02030	0.01776	0.01488	0.02184	0.02217	0.01221	0.07610	0.02135	0.07624	0.01718	0.01899	0.01300	0.00971	0.00708	0.00296	0.00824	0.00622	0.00702	0.09986
2	0.02626	0.17620	0.24079	0.02137	0.03188	0.02365	0.02339	0.03320	0.02344	0.12913	0.06955	0.02757	0.02285	0.01076	0.00905	0.00277	0.01119	0.00835	0.00666	0.10194
3	0.01813	0.01036	0.01391	0.01496	0.01678	0.00947	0.01046	0.02028	0.02128	0.11954	0.05386	0.53235	0.06075	0.02889	0.01263	0.00400	0.00642	0.02601	0.01006	0.00987
4	0.01247	0.00906	0.01177	0.01394	0.01479	0.00836	0.00937	0.01433	0.01998	0.02633	0.06077	0.58525	0.11256	0.03160	0.01301	0.00411	0.00589	0.02851	0.00953	0.00836
5	0.02031	0.02005	0.03649	0.50517	0.06741	0.02340	0.12616	0.02749	0.02123	0.02749	0.01872	0.02742	0.01404	0.00995	0.01061	0.00343	0.01437	0.00969	0.00468	0.01187
6	0.02527	0.02748	0.12383	0.08151	0.28886	0.02226	0.08387	0.03223	0.02323	0.07695	0.02082	0.02544	0.01611	0.00935	0.01000	0.00296	0.01245	0.00893	0.00568	0.10278
7	0.02245	0.02245	0.03143	0.02694	0.02694	0.03143	0.02245	0.02470	0.01572	0.02470	0.01347	0.02245	0.01347	0.01796	0.03368	0.00449	0.62057	0.00898	0.00449	0.01123
8	0.01306	0.01043	0.01169	0.01138	0.01443	0.00906	0.00853	0.01653	0.02559	0.03295	0.28547	0.09015	0.38640	0.02404	0.01212	0.00337	0.00506	0.02045	0.01022	0.00906
9	0.02504	0.01713	0.02170	0.01926	0.05802	0.01492	0.01400	0.03131	0.06922	0.13681	0.03009	0.10463	0.02602	0.01708	0.04965	0.00346	0.00930	0.01083	0.00805	0.33347
10	0.56751	0.02175	0.01845	0.01567	0.02242	0.02491	0.01291	0.13977	0.02407	0.05004	0.01651	0.01838	0.01247	0.01013	0.00719	0.00315	0.00866	0.00635	0.00719	0.01247
11	0.02786	0.07299	0.14206	0.09154	0.24143	0.02731	0.02817	0.17236	0.02951	0.04067	0.02017	0.02404	0.01553	0.01021	0.00988	0.00307	0.01256	0.00862	0.00628	0.01574
12	0.02458	0.02128	0.02701	0.25448	0.04453	0.02514	0.02142	0.09657	0.29054	0.03874	0.03065	0.03250	0.02288	0.01231	0.01035	0.00341	0.01065	0.01037	0.00811	0.01447
13	0.03568	0.01517	0.02049	0.01650	0.02262	0.01331	0.01331	0.03993	0.02927	0.40444	0.21459	0.04865	0.04889	0.01542	0.01091	0.00319	0.00745	0.01303	0.01224	0.01491
14	0.01250	0.00893	0.01191	0.01429	0.01488	0.00834	0.00953	0.01429	0.01965	0.02620	0.05656	0.63265	0.06787	0.03215	0.01310	0.00417	0.00595	0.02917	0.00953	0.00834
15	0.01347	0.01045	0.01226	0.01181	0.01469	0.00924	0.00886	0.01733	0.02657	0.03526	0.36552	0.08635	0.30490	0.02318	0.01211	0.00333	0.00500	0.01992	0.01052	0.00924
16	0.01437	0.01048	0.01350	0.01275	0.01524	0.00962	0.00956	0.01907	0.02869	0.04029	0.54003	0.07807	0.12725	0.02130	0.01211	0.00324	0.00486	0.01876	0.01118	0.00962
17	0.02553	0.02204	0.02320	0.02088	0.02669	0.02553	0.01624	0.05453	0.55679	0.04293	0.04177	0.03829	0.03133	0.01392	0.01044	0.00348	0.00812	0.01160	0.01044	0.01624
18	0.03833	0.04891	0.02908	0.02644	0.03173	0.59815	0.01983	0.04098	0.02908	0.02512	0.01586	0.01851	0.01322	0.01058	0.00925	0.00264	0.01851	0.00661	0.00529	0.01190
19	0.02220	0.19311	0.46034	0.02649	0.04014	0.02780	0.03310	0.03208	0.02147	0.03052	0.01744	0.02044	0.01304	0.00952	0.00900	0.00300	0.01418	0.00709	0.00435	0.01469
20	0.02413	0.02058	0.02200	0.01987	0.02524	0.02351	0.01541	0.05006	0.48971	0.04270	0.10890	0.04316	0.03965	0.01482	0.01065	0.00345	0.00770	0.01249	0.01055	0.01541
21	0.01316	0.01044	0.01183	0.01148	0.01450	0.00910	0.00861	0.01673	0.02584	0.03353	0.30542	0.08920	0.36608	0.02382	0.01212	0.00336	0.00504	0.02032	0.01029	0.00910
22	0.04604	0.01746	0.02382	0.01826	0.02620	0.01508	0.01508	0.05001	0.02937	0.58244	0.04049	0.03493	0.02540	0.01270	0.01032	0.00318	0.00873	0.01032	0.01270	0.01746
23	0.07761	0.01958	0.02479	0.02446	0.13232	0.01654	0.01588	0.02730	0.02138	0.03447	0.01813	0.02172	0.01508	0.00806	0.00800	0.00195	0.00853	0.00664	0.00591	0.51166
24	0.01339	0.01375	0.07464	0.01592	0.01811	0.01003	0.01263	0.01628	0.01987	0.02689	0.05239	0.56590	0.06188	0.02970	0.01273	0.00407	0.00696	0.02681	0.00896	0.00908

[dist]
# distance from previous block
# <min> <max>
0	1

[block]
# block no. 2 follows, 14 sequences, length 10
# corresponding to MSA columns:
# 188-197
name=unknown_C
#
# <colnr> <probs for GDERKNQSTAVLIFYWHMCP>
#	G	D	E	R	K	N	Q	S	T	A	V	L	I	F	Y	W	H	M	C	P
0	0.01510	0.01070	0.01606	0.01606	0.01763	0.01228	0.01228	0.01763	0.01606	0.02298	0.02613	0.03904	0.02456	0.07118	0.52045	0.11241	0.02489	0.01070	0.00535	0.00850
1	0.01250	0.00893	0.01191	0.01429	0.01488	0.00834	0.00953	0.01429	0.01965	0.02620	0.05656	0.63265	0.06787	0.03215	0.01310	0.00417	0.00595	0.02917	0.00953	0.00834
2	0.02368	0.32081	0.34558	0.02397	0.03625	0.03141	0.02872	0.03170	0.02130	0.02872	0.01654	0.01931	0.01308	0.00931	0.00832	0.00277	0.01327	0.00664	0.00436	0.01426
3	0.02050	0.01921	0.03163	0.47340	0.14598	0.02222	0.02749	0.02702	0.02104	0.02803	0.01841	0.02650	0.01422	0.00984	0.01000	0.00319	0.01289	0.00885	0.00478	0.07480
4	0.01967	0.01276	0.01373	0.01300	0.01622	0.01342	0.00989	0.03028	0.15158	0.04000	0.15091	0.04653	0.04269	0.01437	0.00902	0.00283	0.00560	0.01199	0.38433	0.01119
5	0.01703	0.01401	0.02039	0.10505	0.10618	0.01443	0.01594	0.02322	0.06206	0.03397	0.23338	0.21219	0.06076	0.02031	0.01172	0.00350	0.00769	0.01828	0.00890	0.01099
6	0.03115	0.02848	0.15672	0.06812	0.15233	0.02258	0.02574	0.07636	0.02583	0.20599	0.02546	0.02728	0.01802	0.01164	0.01261	0.00331	0.07596	0.00915	0.00761	0.01565
7	0.04139	0.02033	0.02622	0.02050	0.02738	0.02058	0.01696	0.14062	0.03108	0.40507	0.03366	0.03121	0.02221	0.01336	0.01358	0.00334	0.09491	0.00993	0.01108	0.01659
8	0.01262	0.00921	0.01189	0.01377	0.01481	0.00848	0.00936	0.01473	0.02078	0.02753	0.10185	0.53272	0.12322	0.03062	0.01292	0.00402	0.00579	0.02755	0.00967	0.00848
9	0.02263	0.02284	0.08045	0.02677	0.10284	0.02205	0.01972	0.07471	0.20936	0.03656	0.03598	0.17678	0.03357	0.01751	0.01307	0.00362	0.06465	0.01471	0.00831	0.01386

[dist]
# distance from previous block
# <min> <max>
2	6

[block]
# block no. 3 follows, 14 sequences, length 65
# corresponding to MSA columns:
# 204-268
name=unknown_D
#
# <colnr> <probs for GDERKNQSTAVLIFYWHMCP>
#	G	D	E	R	K	N	Q	S	T	A	V	L	I	F	Y	W	H	M	C	P
0	0.21142	0.06324	0.07052	0.07208	0.20385	0.02491	0.05393	0.07594	0.02397	0.08020	0.01968	0.02318	0.01506	0.00985	0.00904	0.00310	0.01124	0.00813	0.00632	0.01435
1	0.01253	0.00942	0.01162	0.01316	0.01464	0.00851	0.00907	0.01473	0.02125	0.02756	0.10220	0.45433	0.20417	0.02979	0.01278	0.00392	0.00568	0.02648	0.00964	0.00851
2	0.02544	0.02180	0.04030	0.28440	0.12276	0.02286	0.18341	0.03233	0.02328	0.10867	0.02233	0.02829	0.01626	0.00997	0.01082	0.00335	0.01390	0.01021	0.00598	0.01363
3	0.01830	0.01136	0.01471	0.01337	0.01658	0.01028	0.01020	0.02284	0.02861	0.10829	0.46323	0.07328	0.12843	0.02036	0.01188	0.00324	0.00536	0.01778	0.01132	0.01058
4	0.02325	0.28383	0.37881	0.02470	0.03737	0.03037	0.02999	0.03181	0.02135	0.02924	0.01680	0.01964	0.01307	0.00937	0.00852	0.00284	0.01353	0.00677	0.00436	0.01439
5	0.02801	0.06126	0.09521	0.02027	0.02704	0.02195	0.01821	0.08230	0.16877	0.15053	0.13621	0.03945	0.03710	0.01433	0.01190	0.00329	0.04851	0.01144	0.00953	0.01467
6	0.01424	0.01027	0.01346	0.01311	0.01527	0.00949	0.00966	0.01864	0.02771	0.03901	0.49655	0.15611	0.09269	0.02258	0.01225	0.00336	0.00500	0.02008	0.01104	0.00949
7	0.01330	0.01044	0.01203	0.01163	0.01458	0.00916	0.00872	0.01701	0.02617	0.03432	0.33276	0.08791	0.33826	0.02353	0.01212	0.00335	0.00502	0.02014	0.01040	0.00916
8	0.01250	0.00893	0.01191	0.01429	0.01488	0.00834	0.00953	0.01429	0.01965	0.02620	0.05656	0.63265	0.06787	0.03215	0.01310	0.00417	0.00595	0.02917	0.00953	0.00834
9	0.02128	0.01824	0.02128	0.01520	0.02432	0.01368	0.01216	0.02584	0.02128	0.03344	0.01824	0.02128	0.01520	0.00760	0.00760	0.00152	0.00760	0.00608	0.00608	0.70208
10	0.02744	0.64552	0.05378	0.01756	0.02634	0.04061	0.01756	0.03073	0.02085	0.02414	0.01427	0.01646	0.01317	0.00878	0.00658	0.00219	0.01097	0.00549	0.00439	0.01317
11	0.71184	0.01985	0.01508	0.01350	0.01985	0.02302	0.01111	0.03017	0.01746	0.04604	0.01429	0.01667	0.01111	0.00953	0.00635	0.00318	0.00794	0.00556	0.00635	0.01111
12	0.02058	0.05308	0.58618	0.02925	0.04442	0.02383	0.03792	0.03250	0.02167	0.03250	0.01842	0.02167	0.01300	0.00975	0.00975	0.00325	0.01517	0.00758	0.00433	0.01517
13	0.02692	0.03774	0.30409	0.03149	0.04366	0.02273	0.19298	0.03618	0.02405	0.14434	0.02365	0.02628	0.01634	0.01000	0.01062	0.00330	0.01454	0.00958	0.00631	0.01521
14	0.01943	0.01801	0.02564	0.02289	0.02360	0.02422	0.01872	0.02223	0.01602	0.02436	0.01890	0.02937	0.01819	0.04083	0.25265	0.00914	0.39071	0.00976	0.00488	0.01043
15	0.02540	0.02438	0.04165	0.06299	0.57533	0.02438	0.03149	0.03149	0.02337	0.03353	0.01930	0.02540	0.01626	0.00914	0.01016	0.00305	0.01219	0.00914	0.00508	0.01626
16	0.03499	0.03379	0.02807	0.02382	0.03035	0.22451	0.01870	0.23265	0.18457	0.04498	0.02644	0.02637	0.01990	0.01217	0.00997	0.00304	0.01288	0.00900	0.00861	0.01520
17	0.01324	0.00980	0.01248	0.01395	0.01558	0.00904	0.01012	0.01600	0.02221	0.02920	0.13863	0.38534	0.16639	0.02890	0.01291	0.00397	0.00610	0.08764	0.00977	0.00873
18	0.12128	0.21335	0.35626	0.02374	0.03587	0.02839	0.02842	0.03167	0.02084	0.03211	0.01667	0.01950	0.01278	0.00945	0.00838	0.00295	0.01297	0.00671	0.00464	0.01403
19	0.01610	0.01214	0.01507	0.01405	0.01695	0.01195	0.01062	0.02439	0.10447	0.04141	0.49444	0.07117	0.08747	0.01997	0.01187	0.00326	0.00531	0.01756	0.01117	0.01062
20	0.01730	0.01015	0.01361	0.01486	0.01650	0.00930	0.01032	0.01939	0.02104	0.10569	0.05426	0.54723	0.06180	0.02937	0.01270	0.00403	0.00635	0.02648	0.00998	0.00964
21	0.07204	0.08790	0.18401	0.02983	0.03949	0.09951	0.18467	0.03431	0.06396	0.03254	0.02240	0.03002	0.01825	0.01100	0.01027	0.00326	0.01448	0.04281	0.00568	0.01357
22	0.02220	0.01839	0.02991	0.19911	0.24129	0.01944	0.02472	0.02772	0.02271	0.06601	0.03061	0.09669	0.02916	0.01551	0.01126	0.00359	0.01129	0.11076	0.00669	0.01295
23	0.01363	0.01045	0.01248	0.01197	0.01478	0.00930	0.00898	0.01764	0.02694	0.03615	0.39622	0.08490	0.27366	0.02285	0.01211	0.00332	0.00497	0.01971	0.01064	0.00930
24	0.01673	0.00950	0.01368	0.01368	0.01405	0.00988	0.00930	0.01463	0.01425	0.01938	0.02204	0.03860	0.02243	0.13693	0.15681	0.45433	0.01289	0.01026	0.00494	0.00569
25	0.02633	0.42501	0.09103	0.01947	0.02798	0.03506	0.01894	0.03736	0.16687	0.02997	0.02211	0.02285	0.01810	0.01026	0.00791	0.00264	0.01056	0.00733	0.00603	0.01418
26	0.02376	0.02271	0.03869	0.21323	0.43790	0.02395	0.03068	0.03006	0.02259	0.03154	0.01901	0.02593	0.01555	0.00945	0.01019	0.00315	0.01260	0.00914	0.00494	0.01493
27	0.04604	0.01746	0.02382	0.01826	0.02620	0.01508	0.01508	0.05001	0.02937	0.58244	0.04049	0.03493	0.02540	0.01270	0.01032	0.00318	0.00873	0.01032	0.01270	0.01746
28	0.01250	0.00893	0.01191	0.01429	0.01488	0.00834	0.00953	0.01429	0.01965	0.02620	0.05656	0.63265	0.06787	0.03215	0.01310	0.00417	0.00595	0.02917	0.00953	0.00834
29	0.02155	0.09983	0.46438	0.02898	0.04213	0.02598	0.06731	0.03178	0.02131	0.03121	0.01784	0.02167	0.01322	0.01022	0.01145	0.00327	0.06106	0.00780	0.00441	0.01461
30	0.02904	0.01662	0.01905	0.01642	0.02140	0.01703	0.01289	0.13260	0.09750	0.16735	0.03775	0.11981	0.03097	0.01534	0.00977	0.00310	0.00755	0.01274	0.21948	0.01360
31	0.11913	0.01958	0.03139	0.44783	0.10070	0.02317	0.06094	0.02764	0.02055	0.03006	0.01793	0.02570	0.01364	0.00996	0.00982	0.00336	0.01299	0.00882	0.00490	0.01190
32	0.01327	0.00948	0.01278	0.01516	0.01609	0.00899	0.01085	0.01561	0.02040	0.02705	0.05614	0.53470	0.06620	0.03143	0.01330	0.00427	0.00662	0.11958	0.00951	0.00855
33	0.02716	0.55642	0.04941	0.01803	0.02639	0.03845	0.01737	0.03413	0.09744	0.02683	0.01820	0.01958	0.01576	0.00951	0.00714	0.00238	0.01057	0.00636	0.00525	0.01361
34	0.01938	0.01824	0.03078	0.61468	0.07068	0.02280	0.02850	0.02622	0.02052	0.02622	0.01824	0.02736	0.01368	0.01026	0.01026	0.00342	0.01368	0.00912	0.00456	0.01140
35	0.28597	0.11665	0.02926	0.02365	0.07324	0.16922	0.05173	0.03205	0.02200	0.03418	0.01877	0.06552	0.01700	0.01131	0.00835	0.00299	0.01188	0.00836	0.00586	0.01202
36	0.02852	0.02100	0.02310	0.02013	0.02615	0.02333	0.01583	0.08089	0.41454	0.12122	0.07672	0.03961	0.03413	0.01413	0.01053	0.00340	0.00818	0.01175	0.01081	0.01604
37	0.02553	0.02204	0.02320	0.02088	0.02669	0.02553	0.01624	0.05453	0.55679	0.04293	0.04177	0.03829	0.03133	0.01392	0.01044	0.00348	0.00812	0.01160	0.01044	0.01624
38	0.01458	0.00980	0.01129	0.01164	0.01172	0.00972	0.00669	0.01483	0.01560	0.02080	0.03580	0.14797	0.04168	0.55257	0.04664	0.00912	0.00938	0.01696	0.00669	0.00652
39	0.01337	0.01008	0.01237	0.01257	0.01482	0.00907	0.00913	0.01685	0.02519	0.03381	0.31649	0.21977	0.21882	0.02510	0.01236	0.00352	0.00521	0.02202	0.01038	0.00907
40	0.04604	0.01746	0.02382	0.01826	0.02620	0.01508	0.01508	0.05001	0.02937	0.58244	0.04049	0.03493	0.02540	0.01270	0.01032	0.00318	0.00873	0.01032	0.01270	0.01746
41	0.01250	0.00893	0.01191	0.01429	0.01488	0.00834	0.00953	0.01429	0.01965	0.02620	0.05656	0.63265	0.06787	0.03215	0.01310	0.00417	0.00595	0.02917	0.00953	0.00834
42	0.71184	0.01985	0.01508	0.01350	0.01985	0.02302	0.01111	0.03017	0.01746	0.04604	0.01429	0.01667	0.01111	0.00953	0.00635	0.00318	0.00794	0.00556	0.00635	0.01111
43	0.71184	0.01985	0.01508	0.01350	0.01985	0.02302	0.01111	0.03017	0.01746	0.04604	0.01429	0.01667	0.01111	0.00953	0.00635	0.00318	0.00794	0.00556	0.00635	0.01111
44	0.71184	0.01985	0.01508	0.01350	0.01985	0.02302	0.01111	0.03017	0.01746	0.04604	0.01429	0.01667	0.01111	0.00953	0.00635	0.00318	0.00794	0.00556	0.00635	0.01111
45	0.01452	0.01049	0.01372	0.01291	0.01533	0.00968	0.00968	0.01937	0.02905	0.04115	0.56992	0.07666	0.09683	0.02098	0.01210	0.00323	0.00484	0.01856	0.01130	0.00968
46	0.01307	0.01043	0.01170	0.01138	0.01444	0.00906	0.00853	0.01654	0.02560	0.03298	0.28623	0.09011	0.38562	0.02403	0.01212	0.00337	0.00506	0.02045	0.01022	0.00906
47	0.71184	0.01985	0.01508	0.01350	0.01985	0.02302	0.01111	0.03017	0.01746	0.04604	0.01429	0.01667	0.01111	0.00953	0.00635	0.00318	0.00794	0.00556	0.00635	0.01111
48	0.02744	0.64552	0.05378	0.01756	0.02634	0.04061	0.01756	0.03073	0.02085	0.02414	0.01427	0.01646	0.01317	0.00878	0.00658	0.00219	0.01097	0.00549	0.00439	0.01317
49	0.01625	0.01162	0.01613	0.01804	0.02041	0.01151	0.01556	0.02099	0.02440	0.03220	0.12802	0.11017	0.06446	0.02730	0.01388	0.00451	0.00879	0.43656	0.00971	0.00948
50	0.02846	0.02139	0.02329	0.02051	0.02662	0.02403	0.01608	0.05388	0.48142	0.12003	0.04158	0.03781	0.03048	0.01375	0.01042	0.00344	0.00821	0.01142	0.01076	0.01642
51	0.71184	0.01985	0.01508	0.01350	0.01985	0.02302	0.01111	0.03017	0.01746	0.04604	0.01429	0.01667	0.01111	0.00953	0.00635	0.00318	0.00794	0.00556	0.00635	0.01111
52	0.01530	0.00994	0.01219	0.01219	0.01243	0.01017	0.00746	0.01514	0.01490	0.02011	0.02963	0.05854	0.03302	0.48029	0.12122	0.10961	0.01207	0.01356	0.00587	0.00635
53	0.04604	0.01746	0.02382	0.01826	0.02620	0.01508	0.01508	0.05001	0.02937	0.58244	0.04049	0.03493	0.02540	0.01270	0.01032	0.00318	0.00873	0.01032	0.01270	0.01746
54	0.04604	0.01746	0.02382	0.01826	0.02620	0.01508	0.01508	0.05001	0.02937	0.58244	0.04049	0.03493	0.02540	0.01270	0.01032	0.00318	0.00873	0.01032	0.01270	0.01746
55	0.04496	0.01920	0.02489	0.01908	0.02706	0.01766	0.01576	0.12569	0.03228	0.50266	0.03804	0.03334	0.02418	0.01264	0.01031	0.00316	0.00913	0.01015	0.01233	0.01746
56	0.03648	0.02022	0.02321	0.01834	0.02503	0.02070	0.01497	0.24817	0.03530	0.23256	0.03216	0.03146	0.02231	0.01236	0.00952	0.00294	0.00882	0.00968	0.18025	0.01551
57	0.01466	0.01100	0.01649	0.01649	0.01833	0.01283	0.01283	0.01833	0.01649	0.02382	0.02749	0.04032	0.02566	0.07697	0.59868	0.01649	0.02749	0.01100	0.00550	0.00916
58	0.02422	0.02768	0.06055	0.04325	0.05363	0.02595	0.53806	0.03287	0.02422	0.03287	0.02076	0.02768	0.01557	0.00865	0.01211	0.00346	0.01730	0.01211	0.00519	0.01384
59	0.01938	0.01824	0.03078	0.61468	0.07068	0.02280	0.02850	0.02622	0.02052	0.02622	0.01824	0.02736	0.01368	0.01026	0.01026	0.00342	0.01368	0.00912	0.00456	0.01140
60	0.71184	0.01985	0.01508	0.01350	0.01985	0.02302	0.01111	0.03017	0.01746	0.04604	0.01429	0.01667	0.01111	0.00953	0.00635	0.00318	0.00794	0.00556	0.00635	0.01111
61	0.01452	0.01049	0.01372	0.01291	0.01533	0.00968	0.00968	0.01937	0.02905	0.04115	0.56992	0.07666	0.09683	0.02098	0.01210	0.00323	0.00484	0.01856	0.01130	0.00968
62	0.02929	0.02756	0.03179	0.03049	0.09934	0.12121	0.02230	0.10365	0.02440	0.06766	0.01795	0.02331	0.01513	0.01448	0.02183	0.00372	0.31783	0.00874	0.00605	0.01328
63	0.01492	0.00995	0.01119	0.01119	0.01119	0.00995	0.00622	0.01492	0.01492	0.01990	0.03233	0.06716	0.03731	0.63935	0.05223	0.00995	0.00995	0.01492	0.00622	0.00622
64	0.01372	0.01035	0.01268	0.01233	0.01490	0.00930	0.00916	0.01772	0.02679	0.03636	0.40397	0.12503	0.22375	0.02319	0.01219	0.00336	0.00502	0.02021	0.01068	0.00930

[dist]
# distance from previous block
# <min> <max>
0	2

[block]
# block no. 4 follows, 14 sequences, length 82
# corresponding to MSA columns:
# 271-352
name=unknown_E
#
# <colnr> <probs for GDERKNQSTAVLIFYWHMCP>
#	G	D	E	R	K	N	Q	S	T	A	V	L	I	F	Y	W	H	M	C	P
0	0.02128	0.01824	0.02128	0.01520	0.02432	0.01368	0.01216	0.02584	0.02128	0.03344	0.01824	0.02128	0.01520	0.00760	0.00760	0.00152	0.00760	0.00608	0.00608	0.70208
1	0.02553	0.02204	0.02320	0.02088	0.02669	0.02553	0.01624	0.05453	0.55679	0.04293	0.04177	0.03829	0.03133	0.01392	0.01044	0.00348	0.00812	0.01160	0.01044	0.01624
2	0.02553	0.02204	0.02320	0.02088	0.02669	0.02553	0.01624	0.05453	0.55679	0.04293	0.04177	0.03829	0.03133	0.01392	0.01044	0.00348	0.00812	0.01160	0.01044	0.01624
3	0.01426	0.01028	0.01348	0.01309	0.01527	0.00950	0.00966	0.01869	0.02780	0.03917	0.50176	0.15047	0.09298	0.02246	0.01224	0.00335	0.00499	0.01997	0.01106	0.00950
4	0.01600	0.01143	0.01592	0.01829	0.02041	0.01135	0.01561	0.02034	0.02310	0.03011	0.05463	0.18438	0.06023	0.02885	0.01403	0.00465	0.00899	0.44292	0.00946	0.00930
5	0.04291	0.02248	0.02692	0.02064	0.02870	0.02253	0.01705	0.26845	0.03777	0.35214	0.03344	0.03035	0.02187	0.01253	0.01030	0.00313	0.00987	0.00984	0.01162	0.01746
6	0.02083	0.02068	0.04114	0.03251	0.03936	0.01972	0.30803	0.02775	0.02396	0.03192	0.03557	0.06653	0.03475	0.01734	0.01302	0.00402	0.01384	0.23006	0.00707	0.01190
7	0.01452	0.01049	0.01372	0.01291	0.01533	0.00968	0.00968	0.01937	0.02905	0.04115	0.56992	0.07666	0.09683	0.02098	0.01210	0.00323	0.00484	0.01856	0.01130	0.00968
8	0.02744	0.64552	0.05378	0.01756	0.02634	0.04061	0.01756	0.03073	0.02085	0.02414	0.01427	0.01646	0.01317	0.00878	0.00658	0.00219	0.01097	0.00549	0.00439	0.01317
9	0.03901	0.02874	0.03080	0.02361	0.03182	0.03182	0.01951	0.54111	0.04825	0.06468	0.02464	0.02464	0.01745	0.01232	0.01027	0.00308	0.01129	0.00924	0.01027	0.01745
10	0.03901	0.02874	0.03080	0.02361	0.03182	0.03182	0.01951	0.54111	0.04825	0.06468	0.02464	0.02464	0.01745	0.01232	0.01027	0.00308	0.01129	0.00924	0.01027	0.01745
11	0.01452	0.01049	0.01372	0.01291	0.01533	0.00968	0.00968	0.01937	0.02905	0.04115	0.56992	0.07666	0.09683	0.02098	0.01210	0.00323	0.00484	0.01856	0.01130	0.00968
12	0.71184	0.01985	0.01508	0.01350	0.01985	0.02302	0.01111	0.03017	0.01746	0.04604	0.01429	0.01667	0.01111	0.00953	0.00635	0.00318	0.00794	0.00556	0.00635	0.01111
13	0.71184	0.01985	0.01508	0.01350	0.01985	0.02302	0.01111	0.03017	0.01746	0.04604	0.01429	0.01667	0.01111	0.00953	0.00635	0.00318	0.00794	0.00556	0.00635	0.01111
14	0.02540	0.02438	0.04165	0.06299	0.57533	0.02438	0.03149	0.03149	0.02337	0.03353	0.01930	0.02540	0.01626	0.00914	0.01016	0.00305	0.01219	0.00914	0.00508	0.01626
15	0.02553	0.02204	0.02320	0.02088	0.02669	0.02553	0.01624	0.05453	0.55679	0.04293	0.04177	0.03829	0.03133	0.01392	0.01044	0.00348	0.00812	0.01160	0.01044	0.01624
16	0.71184	0.01985	0.01508	0.01350	0.01985	0.02302	0.01111	0.03017	0.01746	0.04604	0.01429	0.01667	0.01111	0.00953	0.00635	0.00318	0.00794	0.00556	0.00635	0.01111
17	0.01452	0.01049	0.01372	0.01291	0.01533	0.00968	0.00968	0.01937	0.02905	0.04115	0.56992	0.07666	0.09683	0.02098	0.01210	0.00323	0.00484	0.01856	0.01130	0.00968
18	0.03833	0.04891	0.02908	0.02644	0.03173	0.59815	0.01983	0.04098	0.02908	0.02512	0.01586	0.01851	0.01322	0.01058	0.00925	0.00264	0.01851	0.00661	0.00529	0.01190
19	0.02245	0.02245	0.03143	0.02694	0.02694	0.03143	0.02245	0.02470	0.01572	0.02470	0.01347	0.02245	0.01347	0.01796	0.03368	0.00449	0.62057	0.00898	0.00449	0.01123
20	0.02804	0.01863	0.02388	0.02056	0.07756	0.01507	0.01476	0.03260	0.02356	0.17461	0.02406	0.02518	0.01792	0.00906	0.00854	0.00209	0.00833	0.00746	0.00769	0.46038
21	0.01900	0.01175	0.01662	0.01957	0.07032	0.01093	0.01250	0.02154	0.02153	0.11414	0.05047	0.48076	0.05627	0.02690	0.01238	0.00390	0.00699	0.02430	0.00960	0.01053
22	0.71184	0.01985	0.01508	0.01350	0.01985	0.02302	0.01111	0.03017	0.01746	0.04604	0.01429	0.01667	0.01111	0.00953	0.00635	0.00318	0.00794	0.00556	0.00635	0.01111
23	0.02540	0.02438	0.04165	0.06299	0.57533	0.02438	0.03149	0.03149	0.02337	0.03353	0.01930	0.02540	0.01626	0.00914	0.01016	0.00305	0.01219	0.00914	0.00508	0.01626
24	0.03833	0.04891	0.02908	0.02644	0.03173	0.59815	0.01983	0.04098	0.02908	0.02512	0.01586	0.01851	0.01322	0.01058	0.00925	0.00264	0.01851	0.00661	0.00529	0.01190
25	0.01654	0.01181	0.01654	0.01890	0.02126	0.01181	0.01654	0.02126	0.02362	0.03071	0.05433	0.11576	0.05906	0.02835	0.01417	0.00472	0.00945	0.50626	0.00945	0.00945
26	0.01213	0.01040	0.01040	0.01040	0.01386	0.00866	0.00780	0.01473	0.02339	0.02772	0.10396	0.09876	0.57117	0.02599	0.01213	0.00347	0.00520	0.02166	0.00953	0.00866
27	0.71184	0.01985	0.01508	0.01350	0.01985	0.02302	0.01111	0.03017	0.01746	0.04604	0.01429	0.01667	0.01111	0.00953	0.00635	0.00318	0.00794	0.00556	0.00635	0.01111
28	0.04604	0.01746	0.02382	0.01826	0.02620	0.01508	0.01508	0.05001	0.02937	0.58244	0.04049	0.03493	0.02540	0.01270	0.01032	0.00318	0.00873	0.01032	0.01270	0.01746
29	0.01492	0.00995	0.01119	0.01119	0.01119	0.00995	0.00622	0.01492	0.01492	0.01990	0.03233	0.06716	0.03731	0.63935	0.05223	0.00995	0.00995	0.01492	0.00622	0.00622
30	0.01691	0.01430	0.02080	0.01950	0.02081	0.01819	0.01560	0.02016	0.01627	0.02407	0.02345	0.03517	0.02214	0.05996	0.43584	0.01303	0.19842	0.01041	0.00521	0.00976
31	0.02422	0.02768	0.06055	0.04325	0.05363	0.02595	0.53806	0.03287	0.02422	0.03287	0.02076	0.02768	0.01557	0.00865	0.01211	0.00346	0.01730	0.01211	0.00519	0.01384
32	0.02128	0.01824	0.02128	0.01520	0.02432	0.01368	0.01216	0.02584	0.02128	0.03344	0.01824	0.02128	0.01520	0.00760	0.00760	0.00152	0.00760	0.00608	0.00608	0.70208
33	0.02133	0.02380	0.10196	0.24283	0.08266	0.02166	0.10895	0.07164	0.02495	0.03389	0.09500	0.07173	0.02892	0.01287	0.01092	0.00337	0.01249	0.01197	0.00638	0.01268
34	0.02304	0.01257	0.01456	0.01296	0.01660	0.01227	0.01006	0.07109	0.02717	0.11368	0.19593	0.04825	0.04675	0.01482	0.00935	0.00281	0.00589	0.01236	0.33851	0.01134
35	0.01452	0.01049	0.01372	0.01291	0.01533	0.00968	0.00968	0.01937	0.02905	0.04115	0.56992	0.07666	0.09683	0.02098	0.01210	0.00323	0.00484	0.01856	0.01130	0.00968
36	0.01270	0.00916	0.01171	0.01365	0.01444	0.00852	0.00906	0.01439	0.01952	0.02573	0.05837	0.53196	0.10882	0.08976	0.01676	0.00466	0.00627	0.02715	0.00921	0.00816
37	0.01760	0.01137	0.01352	0.01246	0.01609	0.00993	0.00953	0.02128	0.02647	0.10679	0.28368	0.08136	0.30718	0.02220	0.01188	0.00333	0.00552	0.01890	0.01066	0.01024
38	0.02744	0.64552	0.05378	0.01756	0.02634	0.04061	0.01756	0.03073	0.02085	0.02414	0.01427	0.01646	0.01317	0.00878	0.00658	0.00219	0.01097	0.00549	0.00439	0.01317
39	0.02180	0.01836	0.01937	0.01751	0.02257	0.02003	0.01358	0.07197	0.33575	0.03980	0.09255	0.05740	0.19107	0.01777	0.01103	0.00343	0.00727	0.01481	0.01022	0.01370
40	0.02702	0.54926	0.05354	0.02290	0.06620	0.03822	0.06388	0.03097	0.02132	0.02555	0.01518	0.01805	0.01359	0.00879	0.00731	0.00236	0.01161	0.00631	0.00451	0.01344
41	0.03113	0.02289	0.02493	0.02113	0.02773	0.02552	0.01680	0.15917	0.37760	0.11843	0.03790	0.03489	0.02755	0.01342	0.01039	0.00335	0.00889	0.01092	0.01070	0.01666
42	0.01250	0.00893	0.01191	0.01429	0.01488	0.00834	0.00953	0.01429	0.01965	0.02620	0.05656	0.63265	0.06787	0.03215	0.01310	0.00417	0.00595	0.02917	0.00953	0.00834
43	0.03491	0.13113	0.07429	0.02897	0.11218	0.13006	0.05360	0.07165	0.02738	0.20086	0.02472	0.02543	0.01781	0.01065	0.00956	0.00291	0.01256	0.00852	0.00763	0.01517
44	0.02929	0.02392	0.02533	0.02165	0.02812	0.02729	0.01715	0.19050	0.41469	0.04901	0.03698	0.03447	0.02745	0.01347	0.01039	0.00337	0.00901	0.01094	0.01039	0.01658
45	0.01250	0.00893	0.01191	0.01429	0.01488	0.00834	0.00953	0.01429	0.01965	0.02620	0.05656	0.63265	0.06787	0.03215	0.01310	0.00417	0.00595	0.02917	0.00953	0.00834
46	0.02128	0.01824	0.02128	0.01520	0.02432	0.01368	0.01216	0.02584	0.02128	0.03344	0.01824	0.02128	0.01520	0.00760	0.00760	0.00152	0.00760	0.00608	0.00608	0.70208
47	0.02805	0.54591	0.10271	0.01873	0.02806	0.03726	0.01934	0.03221	0.02151	0.06306	0.01645	0.01822	0.01399	0.00914	0.00714	0.00236	0.01122	0.00602	0.00495	0.01365
48	0.01938	0.01824	0.03078	0.61468	0.07068	0.02280	0.02850	0.02622	0.02052	0.02622	0.01824	0.02736	0.01368	0.01026	0.01026	0.00342	0.01368	0.00912	0.00456	0.01140
49	0.02107	0.04971	0.51639	0.03111	0.04564	0.02411	0.10432	0.03255	0.02201	0.03255	0.01873	0.02246	0.01334	0.00960	0.01006	0.00328	0.01545	0.00818	0.00445	0.01499
50	0.01337	0.00951	0.01261	0.01409	0.01480	0.00947	0.00949	0.01515	0.01815	0.02454	0.04654	0.41457	0.05422	0.15816	0.12781	0.00754	0.01067	0.02308	0.00815	0.00808
51	0.04388	0.02276	0.02573	0.02013	0.02787	0.07430	0.01643	0.14856	0.03317	0.42426	0.03492	0.03127	0.02263	0.01242	0.01021	0.00311	0.01019	0.00975	0.01150	0.01693
52	0.03901	0.02874	0.03080	0.02361	0.03182	0.03182	0.01951	0.54111	0.04825	0.06468	0.02464	0.02464	0.01745	0.01232	0.01027	0.00308	0.01129	0.00924	0.01027	0.01745
53	0.71184	0.01985	0.01508	0.01350	0.01985	0.02302	0.01111	0.03017	0.01746	0.04604	0.01429	0.01667	0.01111	0.00953	0.00635	0.00318	0.00794	0.00556	0.00635	0.01111
54	0.01223	0.01001	0.01079	0.01142	0.01413	0.00858	0.00825	0.01461	0.02241	0.02732	0.09148	0.23932	0.43866	0.02761	0.01238	0.00365	0.00540	0.02364	0.00953	0.00858
55	0.04259	0.02299	0.02724	0.02088	0.02896	0.02329	0.01725	0.29079	0.03863	0.32859	0.03272	0.02988	0.02150	0.01251	0.01029	0.00313	0.00999	0.00979	0.01151	0.01746
56	0.02058	0.05308	0.58618	0.02925	0.04442	0.02383	0.03792	0.03250	0.02167	0.03250	0.01842	0.02167	0.01300	0.00975	0.00975	0.00325	0.01517	0.00758	0.00433	0.01517
57	0.01377	0.01046	0.01267	0.01212	0.01487	0.00936	0.00909	0.01790	0.02726	0.03691	0.42266	0.08364	0.24673	0.02256	0.01211	0.00330	0.00495	0.01954	0.01074	0.00936
58	0.01278	0.01023	0.01144	0.01155	0.01437	0.00888	0.00850	0.01584	0.02432	0.03091	0.21544	0.16405	0.38446	0.02554	0.01225	0.00350	0.00521	0.02187	0.00998	0.00888
59	0.02540	0.02438	0.04165	0.06299	0.57533	0.02438	0.03149	0.03149	0.02337	0.03353	0.01930	0.02540	0.01626	0.00914	0.01016	0.00305	0.01219	0.00914	0.00508	0.01626
60	0.01466	0.01100	0.01649	0.01649	0.01833	0.01283	0.01283	0.01833	0.01649	0.02382	0.02749	0.04032	0.02566	0.07697	0.59868	0.01649	0.02749	0.01100	0.00550	0.00916
61	0.62344	0.01953	0.01624	0.01413	0.02069	0.02197	0.01164	0.03280	0.01905	0.11726	0.01777	0.01909	0.01301	0.00995	0.00688	0.00318	0.00804	0.00619	0.00719	0.01196
62	0.01250	0.00893	0.01191	0.01429	0.01488	0.00834	0.00953	0.01429	0.01965	0.02620	0.05656	0.63265	0.06787	0.03215	0.01310	0.00417	0.00595	0.02917	0.00953	0.00834
63	0.01213	0.01040	0.01040	0.01040	0.01386	0.00866	0.00780	0.01473	0.02339	0.02772	0.10396	0.09876	0.57117	0.02599	0.01213	0.00347	0.00520	0.02166	0.00953	0.00866
64	0.11131	0.01845	0.02870	0.53487	0.06393	0.02283	0.02619	0.02674	0.02011	0.02885	0.01772	0.02594	0.01334	0.01016	0.00974	0.00339	0.01292	0.00865	0.00480	0.01136
65	0.02653	0.56687	0.12446	0.01911	0.02874	0.03838	0.02026	0.03096	0.02096	0.02525	0.01482	0.01715	0.01315	0.00891	0.00700	0.00233	0.01153	0.00577	0.00438	0.01343
66	0.12177	0.06064	0.02331	0.01671	0.02385	0.01704	0.01386	0.04058	0.02674	0.36978	0.10426	0.03604	0.03160	0.01281	0.00963	0.00301	0.00820	0.01021	0.01072	0.05923
67	0.02343	0.02534	0.14947	0.02320	0.08059	0.01646	0.01982	0.02936	0.02236	0.10061	0.02624	0.10463	0.02307	0.01213	0.00940	0.00261	0.00967	0.01031	0.00687	0.30446
68	0.01582	0.09401	0.01707	0.01302	0.01437	0.01351	0.00877	0.01682	0.01720	0.02245	0.03759	0.23914	0.04376	0.36374	0.03380	0.00709	0.00882	0.01817	0.00702	0.00781
69	0.01548	0.00990	0.01098	0.01098	0.01129	0.00990	0.00634	0.01612	0.01580	0.02234	0.03249	0.06332	0.03585	0.55605	0.04625	0.00895	0.00926	0.01421	0.09784	0.00666
70	0.02440	0.09850	0.37327	0.02369	0.03535	0.02212	0.02828	0.03336	0.02259	0.10558	0.02323	0.02544	0.01668	0.01038	0.00913	0.00301	0.01234	0.00805	0.11018	0.01443
71	0.01783	0.00891	0.01337	0.01337	0.01337	0.00891	0.00891	0.01337	0.01337	0.01783	0.01783	0.03119	0.01783	0.03565	0.04011	0.70143	0.00891	0.00891	0.00446	0.00446
72	0.01431	0.01201	0.01939	0.01846	0.02086	0.01113	0.09226	0.01725	0.02072	0.02739	0.05548	0.48664	0.10786	0.02787	0.01285	0.00399	0.00766	0.02578	0.00885	0.00923
73	0.02058	0.05308	0.58618	0.02925	0.04442	0.02383	0.03792	0.03250	0.02167	0.03250	0.01842	0.02167	0.01300	0.00975	0.00975	0.00325	0.01517	0.00758	0.00433	0.01517
74	0.03408	0.02087	0.06342	0.10029	0.03496	0.01837	0.06801	0.08260	0.02790	0.30822	0.03768	0.07144	0.05719	0.01375	0.01072	0.00331	0.01046	0.01189	0.00977	0.01508
75	0.03797	0.04243	0.02859	0.02540	0.03057	0.47134	0.01943	0.04076	0.02795	0.09907	0.01892	0.02103	0.01486	0.01150	0.01152	0.00288	0.06969	0.00731	0.00620	0.01258
76	0.01817	0.01163	0.01570	0.01655	0.01929	0.01106	0.01361	0.02232	0.02468	0.08479	0.15636	0.16802	0.09549	0.02578	0.01314	0.00414	0.00776	0.27132	0.01013	0.01007
77	0.06450	0.29658	0.21197	0.02051	0.03122	0.02889	0.02248	0.03027	0.02099	0.02993	0.01637	0.01908	0.01340	0.00889	0.00777	0.00245	0.01143	0.00627	0.00483	0.15217
78	0.02316	0.02309	0.03448	0.36813	0.24591	0.07351	0.02880	0.02937	0.02227	0.02871	0.01841	0.02589	0.01455	0.00989	0.01014	0.00322	0.01357	0.00891	0.00481	0.01316
79	0.01250	0.00893	0.01191	0.01429	0.01488	0.00834	0.00953	0.01429	0.01965	0.02620	0.05656	0.63265	0.06787	0.03215	0.01310	0.00417	0.00595	0.02917	0.00953	0.00834
80	0.01517	0.01241	0.01980	0.09750	0.02700	0.01249	0.06375	0.01875	0.02082	0.02755	0.04770	0.41329	0.05429	0.02640	0.01280	0.00409	0.00861	0.09970	0.00844	0.00944
81	0.03830	0.02022	0.05959	0.02401	0.08043	0.01658	0.04893	0.04310	0.02751	0.41606	0.04150	0.03836	0.07078	0.01310	0.01054	0.00321	0.00965	0.01114	0.01075	0.01623

[dist]
# distance from previous block
# <min> <max>
0	2

[block]
# block no. 5 follows, 14 sequences, length 27
# corresponding to MSA columns:
# 355-381
name=unknown_F
#
# <colnr> <probs for GDERKNQSTAVLIFYWHMCP>
#	G	D	E	R	K	N	Q	S	T	A	V	L	I	F	Y	W	H	M	C	P
0	0.01852	0.01731	0.02838	0.54340	0.06398	0.02113	0.02606	0.02486	0.02086	0.02640	0.02835	0.03578	0.07944	0.01212	0.01048	0.00343	0.01268	0.01060	0.00515	0.01108
1	0.02753	0.55695	0.09821	0.01913	0.02824	0.07411	0.01946	0.03152	0.02144	0.02493	0.01473	0.01704	0.01316	0.00898	0.00703	0.00231	0.01181	0.00574	0.00444	0.01326
2	0.02662	0.02169	0.07527	0.08845	0.03229	0.01724	0.01751	0.03458	0.07939	0.14829	0.02539	0.02668	0.01865	0.00985	0.00898	0.00246	0.00931	0.00805	0.00758	0.34174
3	0.06027	0.07234	0.29770	0.08653	0.10670	0.02422	0.09279	0.03314	0.02247	0.07982	0.02024	0.02395	0.01474	0.00978	0.00982	0.00320	0.01377	0.00847	0.00538	0.01466
4	0.04155	0.01961	0.02453	0.01936	0.02695	0.01892	0.01581	0.10875	0.12584	0.42497	0.03885	0.03432	0.02552	0.01287	0.01034	0.00322	0.00893	0.01042	0.01201	0.01724
5	0.01329	0.00969	0.01176	0.01296	0.01445	0.00889	0.00902	0.01490	0.02010	0.02567	0.06571	0.32662	0.21663	0.10117	0.01925	0.05131	0.00661	0.05517	0.00880	0.00800
6	0.03024	0.01656	0.02000	0.01675	0.02255	0.01601	0.01334	0.07144	0.12640	0.25546	0.14366	0.05358	0.13598	0.01672	0.01097	0.00329	0.00748	0.01395	0.01131	0.01431
7	0.01655	0.01374	0.01976	0.01854	0.02001	0.01695	0.01474	0.02004	0.01810	0.02652	0.10185	0.04114	0.03287	0.05444	0.37579	0.01164	0.16989	0.01159	0.00608	0.00974
8	0.04604	0.01746	0.02382	0.01826	0.02620	0.01508	0.01508	0.05001	0.02937	0.58244	0.04049	0.03493	0.02540	0.01270	0.01032	0.00318	0.00873	0.01032	0.01270	0.01746
9	0.01281	0.01021	0.01148	0.01161	0.01439	0.00888	0.00854	0.01587	0.02433	0.03100	0.21838	0.16959	0.37557	0.02557	0.01226	0.00350	0.00521	0.02193	0.00999	0.00888
10	0.02076	0.04276	0.40735	0.15404	0.05103	0.02387	0.09493	0.03122	0.02173	0.03122	0.01866	0.02357	0.01345	0.00973	0.01014	0.00331	0.01511	0.00844	0.00448	0.01422
11	0.02088	0.02051	0.03605	0.43082	0.10779	0.02419	0.10129	0.02749	0.02085	0.02766	0.01825	0.02678	0.01415	0.01064	0.01268	0.00349	0.07009	0.00954	0.00469	0.01215
12	0.03901	0.02874	0.03080	0.02361	0.03182	0.03182	0.01951	0.54111	0.04825	0.06468	0.02464	0.02464	0.01745	0.01232	0.01027	0.00308	0.01129	0.00924	0.01027	0.01745
13	0.01847	0.00970	0.01016	0.01004	0.01244	0.00958	0.00753	0.02326	0.02260	0.03867	0.11042	0.04377	0.03642	0.01325	0.00788	0.00251	0.00479	0.01085	0.59806	0.00958
14	0.01468	0.01881	0.11930	0.07049	0.02506	0.01284	0.01573	0.01952	0.02289	0.02972	0.12436	0.15208	0.29249	0.02187	0.01165	0.00350	0.00789	0.01864	0.00830	0.01018
15	0.03944	0.04440	0.02833	0.02526	0.03093	0.51451	0.01915	0.04227	0.02912	0.10506	0.01939	0.02086	0.01497	0.01088	0.00941	0.00272	0.01710	0.00714	0.00635	0.01270
16	0.02540	0.02438	0.04165	0.06299	0.57533	0.02438	0.03149	0.03149	0.02337	0.03353	0.01930	0.02540	0.01626	0.00914	0.01016	0.00305	0.01219	0.00914	0.00508	0.01626
17	0.04604	0.01746	0.02382	0.01826	0.02620	0.01508	0.01508	0.05001	0.02937	0.58244	0.04049	0.03493	0.02540	0.01270	0.01032	0.00318	0.00873	0.01032	0.01270	0.01746
18	0.02058	0.05308	0.58618	0.02925	0.04442	0.02383	0.03792	0.03250	0.02167	0.03250	0.01842	0.02167	0.01300	0.00975	0.00975	0.00325	0.01517	0.00758	0.00433	0.01517
19	0.01418	0.01048	0.01324	0.01255	0.01512	0.00954	0.00941	0.01870	0.02824	0.03923	0.50308	0.07983	0.16487	0.02170	0.01211	0.00326	0.00489	0.01900	0.01104	0.00954
20	0.01452	0.01049	0.01372	0.01291	0.01533	0.00968	0.00968	0.01937	0.02905	0.04115	0.56992	0.07666	0.09683	0.02098	0.01210	0.00323	0.00484	0.01856	0.01130	0.00968
21	0.04193	0.02345	0.09126	0.02040	0.02923	0.01876	0.01848	0.12554	0.03145	0.43576	0.03538	0.03174	0.02268	0.01229	0.01024	0.00317	0.00990	0.00983	0.01133	0.01719
22	0.03128	0.01371	0.01857	0.01651	0.02122	0.01211	0.01264	0.03429	0.02509	0.33765	0.04756	0.29797	0.04409	0.02126	0.01154	0.00361	0.00751	0.01862	0.01130	0.01345
23	0.02744	0.64552	0.05378	0.01756	0.02634	0.04061	0.01756	0.03073	0.02085	0.02414	0.01427	0.01646	0.01317	0.00878	0.00658	0.00219	0.01097	0.00549	0.00439	0.01317
24	0.02058	0.05308	0.58618	0.02925	0.04442	0.02383	0.03792	0.03250	0.02167	0.03250	0.01842	0.02167	0.01300	0.00975	0.00975	0.00325	0.01517	0.00758	0.00433	0.01517
25	0.02199	0.02091	0.03550	0.37501	0.28992	0.02349	0.02980	0.02851	0.02176	0.02939	0.01870	0.02651	0.01480	0.00977	0.01022	0.00326	0.01303	0.00913	0.00479	0.01351
26	0.02058	0.05308	0.58618	0.02925	0.04442	0.02383	0.03792	0.03250	0.02167	0.03250	0.01842	0.02167	0.01300	0.00975	0.00975	0.00325	0.01517	0.00758	0.00433	0.01517

[dist]
# distance from previous block
# <min> <max>
0	2

[block]
# block no. 6 follows, 14 sequences, length 25
# corresponding to MSA columns:
# 384-408
name=unknown_G
#
# <colnr> <probs for GDERKNQSTAVLIFYWHMCP>
#	G	D	E	R	K	N	Q	S	T	A	V	L	I	F	Y	W	H	M	C	P
0	0.47403	0.02744	0.11849	0.01750	0.02488	0.07154	0.01655	0.03025	0.01939	0.04023	0.01854	0.06685	0.01616	0.01146	0.00775	0.00322	0.00999	0.00789	0.00615	0.01169
1	0.59916	0.07607	0.01953	0.01488	0.02135	0.07040	0.01236	0.03108	0.01868	0.04249	0.01441	0.01680	0.01146	0.00955	0.00660	0.00305	0.00904	0.00563	0.00610	0.01135
