[name]
unknown

[dist]
# distance from previous block
# <min> <max>
0	36

[block]
# block no. 0 follows, 12 sequences, length 74
# corresponding to MSA columns:
# 36-109
name=unknown_A
#
# <colnr> <probs for GDERKNQSTAVLIFYWHMCP>
#	G	D	E	R	K	N	Q	S	T	A	V	L	I	F	Y	W	H	M	C	P
0	0.01392	0.01125	0.01249	0.01265	0.01599	0.00982	0.00981	0.01739	0.02594	0.03236	0.17981	0.10308	0.40612	0.02699	0.01316	0.00381	0.00603	0.07943	0.01044	0.00950
1	0.03081	0.36534	0.04323	0.02120	0.02826	0.20638	0.01834	0.03389	0.02476	0.02625	0.02136	0.09279	0.02133	0.01306	0.00876	0.00275	0.01352	0.00938	0.00565	0.01292
2	0.04294	0.10035	0.03277	0.02196	0.03064	0.02774	0.01855	0.26478	0.03942	0.26204	0.03165	0.02954	0.02141	0.01278	0.01044	0.00320	0.01085	0.00978	0.01118	0.01797
3	0.01743	0.01199	0.01284	0.01210	0.01638	0.01006	0.00926	0.02037	0.02565	0.09584	0.10196	0.09639	0.47918	0.02584	0.01264	0.00364	0.00600	0.02149	0.01055	0.01038
4	0.04322	0.02391	0.02816	0.02200	0.03026	0.02446	0.01804	0.23534	0.10187	0.29919	0.03653	0.03324	0.02444	0.01350	0.01096	0.00337	0.01027	0.01068	0.01217	0.01839
5	0.54929	0.02253	0.01665	0.01507	0.02118	0.07279	0.01213	0.03226	0.02023	0.04585	0.01790	0.02078	0.01405	0.01055	0.00714	0.00322	0.00904	0.00654	0.09114	0.01168
6	0.01462	0.01130	0.01527	0.01688	0.01743	0.01195	0.01185	0.01658	0.02035	0.02763	0.05433	0.53588	0.06483	0.03226	0.01667	0.00447	0.08073	0.02829	0.00945	0.00924
7	0.02618	0.02508	0.04280	0.13291	0.48911	0.02569	0.03306	0.03276	0.02445	0.03464	0.02037	0.02725	0.01693	0.00986	0.01081	0.00329	0.01315	0.00971	0.00533	0.01662
8	0.02305	0.02275	0.03323	0.16695	0.04006	0.03114	0.02544	0.02664	0.01795	0.02664	0.01556	0.02514	0.01437	0.01707	0.02966	0.00449	0.45352	0.00958	0.00479	0.01197
9	0.69383	0.02109	0.01603	0.01434	0.02109	0.02446	0.01181	0.03205	0.01856	0.04892	0.01518	0.01771	0.01181	0.01012	0.00675	0.00337	0.00843	0.00590	0.00675	0.01181
10	0.69383	0.02109	0.01603	0.01434	0.02109	0.02446	0.01181	0.03205	0.01856	0.04892	0.01518	0.01771	0.01181	0.01012	0.00675	0.00337	0.00843	0.00590	0.00675	0.01181
11	0.13977	0.01950	0.02265	0.01879	0.02580	0.01967	0.01514	0.04795	0.15916	0.29454	0.08781	0.03936	0.03368	0.01417	0.01053	0.00346	0.00858	0.01139	0.01168	0.01637
12	0.01719	0.01333	0.01706	0.01624	0.01670	0.01529	0.01137	0.01866	0.01808	0.02533	0.08179	0.10955	0.04261	0.34088	0.08485	0.00868	0.13086	0.01599	0.00702	0.00851
13	0.02636	0.02527	0.04313	0.11797	0.50262	0.02574	0.03315	0.03292	0.02453	0.03487	0.02040	0.02719	0.01700	0.00983	0.01080	0.00328	0.01311	0.00971	0.00534	0.01677
14	0.02386	0.01638	0.01953	0.06856	0.02414	0.01881	0.01419	0.10193	0.02572	0.04006	0.02922	0.03726	0.02410	0.06388	0.01678	0.00377	0.09908	0.01044	0.35064	0.01164
15	0.01329	0.01023	0.01217	0.01343	0.01542	0.00911	0.00941	0.01579	0.02323	0.02972	0.11781	0.36847	0.26155	0.03064	0.01343	0.00405	0.00592	0.02695	0.01027	0.00911
16	0.02595	0.02485	0.04239	0.15147	0.47231	0.02564	0.03295	0.03256	0.02434	0.03437	0.02033	0.02732	0.01683	0.00991	0.01081	0.00330	0.01321	0.00971	0.00531	0.01644
17	0.02582	0.08352	0.21979	0.02504	0.03393	0.02591	0.02576	0.03878	0.14108	0.08552	0.03028	0.08179	0.02506	0.01497	0.01407	0.00368	0.09083	0.01145	0.00752	0.01521
18	0.01328	0.00949	0.01265	0.01518	0.01581	0.00886	0.01012	0.01518	0.02088	0.02783	0.06010	0.60969	0.07212	0.03416	0.01392	0.00443	0.00633	0.03100	0.01012	0.00886
19	0.01396	0.00997	0.01343	0.01596	0.01689	0.00944	0.01130	0.01635	0.02154	0.02859	0.05972	0.53278	0.07064	0.03352	0.01410	0.00452	0.00691	0.10123	0.01011	0.00904
20	0.02261	0.02144	0.03636	0.42501	0.22488	0.02476	0.03129	0.02963	0.02276	0.03031	0.01974	0.02841	0.01540	0.01053	0.01087	0.00351	0.01403	0.00970	0.00502	0.01374
21	0.02521	0.02635	0.03624	0.03028	0.03174	0.07035	0.07097	0.02829	0.01857	0.02712	0.01524	0.02411	0.01451	0.01757	0.03174	0.00453	0.50033	0.00969	0.00490	0.01225
22	0.02699	0.02591	0.04426	0.06693	0.54879	0.02591	0.03346	0.03346	0.02483	0.03562	0.02051	0.02699	0.01727	0.00972	0.01079	0.00324	0.01295	0.00972	0.00540	0.01727
23	0.01328	0.00949	0.01265	0.01518	0.01581	0.00886	0.01012	0.01518	0.02088	0.02783	0.06010	0.60969	0.07212	0.03416	0.01392	0.00443	0.00633	0.03100	0.01012	0.00886
24	0.01509	0.01088	0.01427	0.01395	0.01621	0.01006	0.01026	0.01972	0.02929	0.04121	0.46672	0.16493	0.09802	0.02417	0.01303	0.00359	0.00533	0.02150	0.01171	0.01006
25	0.02385	0.02385	0.03340	0.02863	0.02863	0.03340	0.02385	0.02624	0.01670	0.02624	0.01431	0.02385	0.01431	0.01908	0.03578	0.00477	0.59685	0.00954	0.00477	0.01193
26	0.02385	0.02385	0.03340	0.02863	0.02863	0.03340	0.02385	0.02624	0.01670	0.02624	0.01431	0.02385	0.01431	0.01908	0.03578	0.00477	0.59685	0.00954	0.00477	0.01193
27	0.02587	0.36804	0.28374	0.02425	0.03663	0.03512	0.02840	0.03350	0.02254	0.02965	0.01714	0.01998	0.01391	0.00979	0.00851	0.00284	0.01367	0.00683	0.00464	0.01495
28	0.09125	0.04048	0.02978	0.02540	0.03224	0.32734	0.01981	0.17673	0.03578	0.08871	0.02177	0.02296	0.01634	0.01188	0.01001	0.00304	0.01568	0.00809	0.00793	0.01479
29	0.03261	0.02657	0.03983	0.09025	0.27041	0.02765	0.06507	0.18585	0.03349	0.08492	0.02404	0.02786	0.01814	0.01112	0.01101	0.00333	0.01292	0.01009	0.00772	0.01716
30	0.02435	0.07297	0.07863	0.10363	0.33981	0.02513	0.02935	0.03072	0.02303	0.03236	0.02128	0.02864	0.01806	0.02124	0.09941	0.00548	0.01581	0.00959	0.00530	0.01523
31	0.01558	0.01168	0.01752	0.01752	0.01947	0.01363	0.01363	0.01947	0.01752	0.02531	0.02921	0.04283	0.02726	0.08178	0.57360	0.01752	0.02921	0.01168	0.00584	0.00974
32	0.02855	0.57651	0.09872	0.01968	0.02957	0.04167	0.02044	0.03280	0.02223	0.02639	0.01552	0.01795	0.01398	0.00941	0.00727	0.00242	0.01203	0.00601	0.00466	0.01417
33	0.64014	0.02088	0.01680	0.01476	0.02165	0.02376	0.01216	0.03381	0.01961	0.09116	0.01750	0.01933	0.01307	0.01040	0.00710	0.00337	0.00850	0.00633	0.00731	0.01237
34	0.01560	0.01158	0.01701	0.01701	0.01878	0.01335	0.01299	0.01914	0.01737	0.02493	0.02968	0.04544	0.02839	0.13067	0.52626	0.01689	0.02750	0.01206	0.00591	0.00945
35	0.02059	0.01938	0.03270	0.59060	0.07510	0.02422	0.03028	0.02786	0.02180	0.02786	0.01938	0.02907	0.01453	0.01090	0.01090	0.00363	0.01453	0.00969	0.00484	0.01211
36	0.01328	0.00949	0.01265	0.01518	0.01581	0.00886	0.01012	0.01518	0.02088	0.02783	0.06010	0.60969	0.07212	0.03416	0.01392	0.00443	0.00633	0.03100	0.01012	0.00886
37	0.02712	0.02342	0.02465	0.02219	0.02835	0.02712	0.01726	0.05794	0.52909	0.04561	0.04438	0.04068	0.03328	0.01479	0.01109	0.00370	0.00863	0.01233	0.01109	0.01726
38	0.02421	0.02370	0.02279	0.01896	0.02556	0.12703	0.01477	0.02836	0.02279	0.03075	0.02175	0.02794	0.01898	0.03031	0.17415	0.00652	0.01661	0.00810	0.00611	0.35060
39	0.01483	0.01059	0.01442	0.01695	0.01825	0.01019	0.01280	0.01785	0.02240	0.02956	0.05924	0.43451	0.06874	0.03271	0.01433	0.00464	0.00766	0.19095	0.01009	0.00928
40	0.69383	0.02109	0.01603	0.01434	0.02109	0.02446	0.01181	0.03205	0.01856	0.04892	0.01518	0.01771	0.01181	0.01012	0.00675	0.00337	0.00843	0.00590	0.00675	0.01181
41	0.01558	0.01168	0.01752	0.01752	0.01947	0.01363	0.01363	0.01947	0.01752	0.02531	0.02921	0.04283	0.02726	0.08178	0.57360	0.01752	0.02921	0.01168	0.00584	0.00974
42	0.02915	0.62337	0.05714	0.01866	0.02799	0.04314	0.01866	0.03265	0.02215	0.02565	0.01516	0.01749	0.01399	0.00933	0.00700	0.00233	0.01166	0.00583	0.00466	0.01399
43	0.01580	0.01081	0.01312	0.01312	0.01355	0.01124	0.00814	0.01665	0.01622	0.02205	0.03323	0.06513	0.03694	0.50004	0.16857	0.01209	0.01464	0.01495	0.00644	0.00729
44	0.01328	0.00949	0.01265	0.01518	0.01581	0.00886	0.01012	0.01518	0.02088	0.02783	0.06010	0.60969	0.07212	0.03416	0.01392	0.00443	0.00633	0.03100	0.01012	0.00886
45	0.04892	0.01856	0.02530	0.01940	0.02783	0.01603	0.01603	0.05314	0.03121	0.55634	0.04302	0.03711	0.02699	0.01350	0.01096	0.00337	0.00928	0.01096	0.01350	0.01856
46	0.01299	0.01065	0.01145	0.01209	0.01500	0.00912	0.00875	0.01553	0.02385	0.02905	0.09775	0.23225	0.42525	0.02927	0.01315	0.00387	0.00573	0.02503	0.01012	0.00912
47	0.02539	0.02428	0.04138	0.19754	0.43065	0.02549	0.03267	0.03207	0.02407	0.03369	0.02023	0.02751	0.01659	0.01001	0.01082	0.00334	0.01335	0.00971	0.00526	0.01598
48	0.04253	0.01998	0.02511	0.02022	0.02799	0.01928	0.01639	0.05455	0.17722	0.40656	0.04342	0.03816	0.02884	0.01388	0.01100	0.00347	0.00909	0.01136	0.01279	0.01818
49	0.01410	0.00983	0.01241	0.01414	0.01457	0.00940	0.00901	0.01540	0.01929	0.02572	0.05196	0.43946	0.06185	0.21840	0.02707	0.00637	0.00767	0.02621	0.00901	0.00814
50	0.01834	0.01374	0.01643	0.01529	0.01864	0.01394	0.01160	0.02906	0.13856	0.04390	0.39613	0.06949	0.08206	0.01993	0.01208	0.00342	0.00590	0.01739	0.06230	0.01179
51	0.04342	0.03806	0.02943	0.02488	0.03188	0.31244	0.01943	0.12066	0.03421	0.20009	0.02656	0.02619	0.01883	0.01224	0.01036	0.00306	0.01518	0.00871	0.00893	0.01544
52	0.02059	0.01938	0.03270	0.59060	0.07510	0.02422	0.03028	0.02786	0.02180	0.02786	0.01938	0.02907	0.01453	0.01090	0.01090	0.00363	0.01453	0.00969	0.00484	0.01211
53	0.69383	0.02109	0.01603	0.01434	0.02109	0.02446	0.01181	0.03205	0.01856	0.04892	0.01518	0.01771	0.01181	0.01012	0.00675	0.00337	0.00843	0.00590	0.00675	0.01181
54	0.03498	0.02006	0.02531	0.02090	0.02654	0.02118	0.01688	0.11862	0.07117	0.24601	0.10040	0.08648	0.03746	0.01719	0.01520	0.00369	0.09780	0.01343	0.01109	0.01560
55	0.01348	0.01124	0.01187	0.01218	0.01572	0.00963	0.00945	0.01652	0.02488	0.02986	0.10381	0.10721	0.48368	0.02793	0.01316	0.00385	0.00609	0.08001	0.01011	0.00931
56	0.03613	0.02632	0.07140	0.02227	0.03036	0.02482	0.01935	0.24903	0.08783	0.17018	0.11039	0.03827	0.03442	0.01453	0.01119	0.00338	0.01035	0.01169	0.01115	0.01695
57	0.48915	0.02289	0.02056	0.01717	0.02451	0.02567	0.01416	0.13853	0.02690	0.10269	0.02029	0.02144	0.01475	0.01110	0.00806	0.00335	0.00929	0.00725	0.00831	0.01393
58	0.01543	0.01115	0.01457	0.01372	0.01629	0.01029	0.01029	0.02058	0.03086	0.04372	0.54304	0.08145	0.10288	0.02229	0.01286	0.00343	0.00514	0.01972	0.01200	0.01029
59	0.69383	0.02109	0.01603	0.01434	0.02109	0.02446	0.01181	0.03205	0.01856	0.04892	0.01518	0.01771	0.01181	0.01012	0.00675	0.00337	0.00843	0.00590	0.00675	0.01181
60	0.02059	0.01938	0.03270	0.59060	0.07510	0.02422	0.03028	0.02786	0.02180	0.02786	0.01938	0.02907	0.01453	0.01090	0.01090	0.00363	0.01453	0.00969	0.00484	0.01211
61	0.02526	0.02681	0.05359	0.13978	0.19799	0.02656	0.29831	0.03337	0.02485	0.03398	0.02119	0.02868	0.01642	0.00961	0.01197	0.00355	0.01624	0.01147	0.00537	0.01501
62	0.01289	0.01105	0.01105	0.01105	0.01473	0.00920	0.00828	0.01565	0.02485	0.02946	0.11046	0.10493	0.54437	0.02761	0.01289	0.00368	0.00552	0.02301	0.01013	0.00920
63	0.69383	0.02109	0.01603	0.01434	0.02109	0.02446	0.01181	0.03205	0.01856	0.04892	0.01518	0.01771	0.01181	0.01012	0.00675	0.00337	0.00843	0.00590	0.00675	0.01181
64	0.01543	0.01115	0.01457	0.01372	0.01629	0.01029	0.01029	0.02058	0.03086	0.04372	0.54304	0.08145	0.10288	0.02229	0.01286	0.00343	0.00514	0.01972	0.01200	0.01029
65	0.69383	0.02109	0.01603	0.01434	0.02109	0.02446	0.01181	0.03205	0.01856	0.04892	0.01518	0.01771	0.01181	0.01012	0.00675	0.00337	0.00843	0.00590	0.00675	0.01181
66	0.02699	0.02591	0.04426	0.06693	0.54879	0.02591	0.03346	0.03346	0.02483	0.03562	0.02051	0.02699	0.01727	0.00972	0.01079	0.00324	0.01295	0.00972	0.00540	0.01727
67	0.02187	0.05640	0.56031	0.03108	0.04719	0.02532	0.04029	0.03453	0.02302	0.03453	0.01957	0.02302	0.01381	0.01036	0.01036	0.00345	0.01611	0.00806	0.00460	0.01611
68	0.04239	0.02903	0.03179	0.02437	0.03306	0.03157	0.02013	0.45456	0.04874	0.13016	0.02830	0.02756	0.01961	0.01314	0.01091	0.00329	0.01166	0.00996	0.01123	0.01854
69	0.02915	0.62337	0.05714	0.01866	0.02799	0.04314	0.01866	0.03265	0.02215	0.02565	0.01516	0.01749	0.01399	0.00933	0.00700	0.00233	0.01166	0.00583	0.00466	0.01399
70	0.01449	0.01111	0.01327	0.01273	0.01571	0.00989	0.00955	0.01876	0.02865	0.03846	0.38344	0.09011	0.26576	0.02425	0.01287	0.00352	0.00528	0.02093	0.01131	0.00989
71	0.01575	0.01098	0.01394	0.01394	0.01465	0.01168	0.00916	0.01717	0.01646	0.02266	0.03248	0.06097	0.03513	0.42205	0.24409	0.01310	0.01735	0.01434	0.00633	0.00775
72	0.02187	0.05640	0.56031	0.03108	0.04719	0.02532	0.04029	0.03453	0.02302	0.03453	0.01957	0.02302	0.01381	0.01036	0.01036	0.00345	0.01611	0.00806	0.00460	0.01611
73	0.01870	0.01187	0.01562	0.01427	0.01741	0.01085	0.01085	0.02375	0.03090	0.09369	0.49430	0.07713	0.09548	0.02143	0.01268	0.00342	0.00555	0.01887	0.01215	0.01109

[dist]
# distance from previous block
# <min> <max>
0	16

[block]
# block no. 1 follows, 12 sequences, length 13
# corresponding to MSA columns:
# 126-138
name=unknown_B
#
# <colnr> <probs for GDERKNQSTAVLIFYWHMCP>
#	G	D	E	R	K	N	Q	S	T	A	V	L	I	F	Y	W	H	M	C	P
0	0.01598	0.01122	0.01476	0.01660	0.01795	0.01105	0.01268	0.01884	0.02152	0.02830	0.05211	0.23722	0.05904	0.18797	0.02557	0.00635	0.00920	0.23569	0.00914	0.00881
1	0.04386	0.01707	0.02262	0.01776	0.02515	0.01499	0.01454	0.04823	0.02973	0.46502	0.04170	0.03774	0.02716	0.01336	0.01037	0.00323	0.00853	0.01082	0.13105	0.01707
2	0.01408	0.01006	0.01356	0.01609	0.01707	0.00954	0.01150	0.01656	0.02166	0.02872	0.05966	0.51935	0.07038	0.03341	0.01413	0.00454	0.00702	0.11349	0.01011	0.00908
3	0.02699	0.02591	0.04426	0.06693	0.54879	0.02591	0.03346	0.03346	0.02483	0.03562	0.02051	0.02699	0.01727	0.00972	0.01079	0.00324	0.01295	0.00972	0.00540	0.01727
4	0.01377	0.00983	0.01320	0.01573	0.01658	0.00927	0.01096	0.01601	0.02135	0.02837	0.05983	0.55499	0.07106	0.03371	0.01405	0.00449	0.00674	0.08095	0.01011	0.00899
5	0.02385	0.02385	0.03340	0.02863	0.02863	0.03340	0.02385	0.02624	0.01670	0.02624	0.01431	0.02385	0.01431	0.01908	0.03578	0.00477	0.59685	0.00954	0.00477	0.01193
6	0.02059	0.01938	0.03270	0.59060	0.07510	0.02422	0.03028	0.02786	0.02180	0.02786	0.01938	0.02907	0.01453	0.01090	0.01090	0.00363	0.01453	0.00969	0.00484	0.01211
7	0.01328	0.00949	0.01265	0.01518	0.01581	0.00886	0.01012	0.01518	0.02088	0.02783	0.06010	0.60969	0.07212	0.03416	0.01392	0.00443	0.00633	0.03100	0.01012	0.00886
8	0.69383	0.02109	0.01603	0.01434	0.02109	0.02446	0.01181	0.03205	0.01856	0.04892	0.01518	0.01771	0.01181	0.01012	0.00675	0.00337	0.00843	0.00590	0.00675	0.01181
9	0.02059	0.01938	0.03270	0.59060	0.07510	0.02422	0.03028	0.02786	0.02180	0.02786	0.01938	0.02907	0.01453	0.01090	0.01090	0.00363	0.01453	0.00969	0.00484	0.01211
10	0.02712	0.02342	0.02465	0.02219	0.02835	0.02712	0.01726	0.05794	0.52909	0.04561	0.04438	0.04068	0.03328	0.01479	0.01109	0.00370	0.00863	0.01233	0.01109	0.01726
11	0.04145	0.03054	0.03272	0.02509	0.03381	0.03381	0.02072	0.51243	0.05127	0.06872	0.02618	0.02618	0.01854	0.01309	0.01091	0.00327	0.01200	0.00982	0.01091	0.01854
12	0.01586	0.01057	0.01189	0.01189	0.01189	0.01057	0.00661	0.01586	0.01586	0.02114	0.03436	0.07135	0.03964	0.61681	0.05550	0.01057	0.01057	0.01586	0.00661	0.00661

[dist]
# distance from previous block
# <min> <max>
0	1

[block]
# block no. 2 follows, 12 sequences, length 13
# corresponding to MSA columns:
# 140-152
name=unknown_C
#
# <colnr> <probs for GDERKNQSTAVLIFYWHMCP>
#	G	D	E	R	K	N	Q	S	T	A	V	L	I	F	Y	W	H	M	C	P
0	0.02059	0.01938	0.03270	0.59060	0.07510	0.02422	0.03028	0.02786	0.02180	0.02786	0.01938	0.02907	0.01453	0.01090	0.01090	0.00363	0.01453	0.00969	0.00484	0.01211
1	0.04577	0.11502	0.03038	0.01928	0.02786	0.02035	0.01645	0.04987	0.02976	0.47170	0.03857	0.03398	0.02492	0.01283	0.01033	0.00321	0.00966	0.01015	0.01209	0.01783
2	0.01543	0.01115	0.01457	0.01372	0.01629	0.01029	0.01029	0.02058	0.03086	0.04372	0.54304	0.08145	0.10288	0.02229	0.01286	0.00343	0.00514	0.01972	0.01200	0.01029
3	0.02699	0.02591	0.04426	0.06693	0.54879	0.02591	0.03346	0.03346	0.02483	0.03562	0.02051	0.02699	0.01727	0.00972	0.01079	0.00324	0.01295	0.00972	0.00540	0.01727
4	0.03774	0.03167	0.03799	0.03266	0.09319	0.07699	0.08634	0.35827	0.04332	0.05716	0.02424	0.02615	0.01777	0.01205	0.01106	0.00328	0.01358	0.00997	0.00916	0.01741
5	0.02699	0.02591	0.04426	0.06693	0.54879	0.02591	0.03346	0.03346	0.02483	0.03562	0.02051	0.02699	0.01727	0.00972	0.01079	0.00324	0.01295	0.00972	0.00540	0.01727
6	0.02059	0.01938	0.03270	0.59060	0.07510	0.02422	0.03028	0.02786	0.02180	0.02786	0.01938	0.02907	0.01453	0.01090	0.01090	0.00363	0.01453	0.00969	0.00484	0.01211
7	0.02915	0.62337	0.05714	0.01866	0.02799	0.04314	0.01866	0.03265	0.02215	0.02565	0.01516	0.01749	0.01399	0.00933	0.00700	0.00233	0.01166	0.00583	0.00466	0.01399
8	0.01558	0.01168	0.01752	0.01752	0.01947	0.01363	0.01363	0.01947	0.01752	0.02531	0.02921	0.04283	0.02726	0.08178	0.57360	0.01752	0.02921	0.01168	0.00584	0.00974
9	0.01353	0.00987	0.01274	0.01457	0.01577	0.00908	0.00996	0.01594	0.02259	0.03009	0.12870	0.48879	0.12433	0.03193	0.01367	0.00422	0.00609	0.02870	0.01037	0.00908
10	0.31628	0.02275	0.03159	0.15744	0.16013	0.02509	0.07536	0.03177	0.02152	0.03963	0.01811	0.02367	0.01420	0.01010	0.00928	0.00343	0.01193	0.00839	0.00588	0.01347
11	0.02764	0.02318	0.03899	0.20125	0.25079	0.02509	0.06806	0.03381	0.02400	0.10080	0.02260	0.02876	0.01740	0.01153	0.01375	0.00357	0.07724	0.01011	0.00625	0.01520
12	0.22693	0.02084	0.02575	0.28261	0.04775	0.02497	0.02162	0.03616	0.13923	0.03841	0.02394	0.02832	0.01808	0.01157	0.00968	0.00357	0.01130	0.00915	0.00688	0.01322

[dist]
# distance from previous block
# <min> <max>
0	2

[block]
# block no. 3 follows, 12 sequences, length 21
# corresponding to MSA columns:
# 155-175
name=unknown_D
#
# <colnr> <probs for GDERKNQSTAVLIFYWHMCP>
#	G	D	E	R	K	N	Q	S	T	A	V	L	I	F	Y	W	H	M	C	P
0	0.09804	0.03237	0.03252	0.02684	0.03407	0.16336	0.08972	0.12736	0.19965	0.04370	0.02830	0.02907	0.02143	0.01235	0.01058	0.00337	0.01335	0.01003	0.00847	0.01543
1	0.03000	0.02981	0.03590	0.02952	0.03315	0.11129	0.06986	0.12672	0.02654	0.03563	0.01780	0.02425	0.01534	0.01579	0.02482	0.00408	0.34013	0.00955	0.00619	0.01362
2	0.01996	0.01296	0.01705	0.01647	0.01880	0.01384	0.01221	0.02478	0.05783	0.07808	0.03552	0.05725	0.03432	0.23574	0.26893	0.01193	0.01832	0.04827	0.00755	0.01020
3	0.04121	0.03773	0.03211	0.02609	0.03378	0.21476	0.02084	0.35509	0.04443	0.05461	0.02305	0.02399	0.01703	0.01247	0.01055	0.00312	0.01457	0.00888	0.00913	0.01656
4	0.01894	0.00947	0.01420	0.01420	0.01420	0.00947	0.00947	0.01420	0.01420	0.01894	0.01894	0.03314	0.01894	0.03788	0.04261	0.68277	0.00947	0.00947	0.00473	0.00473
5	0.01328	0.00949	0.01265	0.01518	0.01581	0.00886	0.01012	0.01518	0.02088	0.02783	0.06010	0.60969	0.07212	0.03416	0.01392	0.00443	0.00633	0.03100	0.01012	0.00886
6	0.01596	0.01143	0.01715	0.01715	0.01887	0.01316	0.01316	0.01887	0.01715	0.02459	0.02804	0.04174	0.02632	0.07680	0.51345	0.09288	0.02697	0.01143	0.00572	0.00917
7	0.01328	0.00949	0.01265	0.01518	0.01581	0.00886	0.01012	0.01518	0.02088	0.02783	0.06010	0.60969	0.07212	0.03416	0.01392	0.00443	0.00633	0.03100	0.01012	0.00886
8	0.04145	0.03054	0.03272	0.02509	0.03381	0.03381	0.02072	0.51243	0.05127	0.06872	0.02618	0.02618	0.01854	0.01309	0.01091	0.00327	0.01200	0.00982	0.01091	0.01854
9	0.02059	0.01938	0.03270	0.59060	0.07510	0.02422	0.03028	0.02786	0.02180	0.02786	0.01938	0.02907	0.01453	0.01090	0.01090	0.00363	0.01453	0.00969	0.00484	0.01211
10	0.01328	0.00949	0.01265	0.01518	0.01581	0.00886	0.01012	0.01518	0.02088	0.02783	0.06010	0.60969	0.07212	0.03416	0.01392	0.00443	0.00633	0.03100	0.01012	0.00886
11	0.04814	0.01980	0.02608	0.01999	0.02846	0.01788	0.01652	0.10099	0.03330	0.50554	0.04126	0.03597	0.02611	0.01345	0.01096	0.00336	0.00956	0.01085	0.01323	0.01855
12	0.04892	0.01856	0.02530	0.01940	0.02783	0.01603	0.01603	0.05314	0.03121	0.55634	0.04302	0.03711	0.02699	0.01350	0.01096	0.00337	0.00928	0.01096	0.01350	0.01856
13	0.01838	0.01128	0.01524	0.01646	0.01855	0.01054	0.01226	0.02149	0.02391	0.09029	0.10801	0.39499	0.06838	0.02980	0.01370	0.00432	0.00726	0.11412	0.01068	0.01033
14	0.02699	0.02591	0.04426	0.06693	0.54879	0.02591	0.03346	0.03346	0.02483	0.03562	0.02051	0.02699	0.01727	0.00972	0.01079	0.00324	0.01295	0.00972	0.00540	0.01727
15	0.02187	0.05640	0.56031	0.03108	0.04719	0.02532	0.04029	0.03453	0.02302	0.03453	0.01957	0.02302	0.01381	0.01036	0.01036	0.00345	0.01611	0.00806	0.00460	0.01611
16	0.01844	0.01532	0.02055	0.01887	0.01953	0.01885	0.01423	0.02056	0.01796	0.02594	0.07634	0.05041	0.03473	0.24557	0.15361	0.00939	0.21069	0.01324	0.00636	0.00941
17	0.04467	0.02055	0.03246	0.02427	0.03318	0.01814	0.10647	0.04980	0.03020	0.46071	0.03917	0.03570	0.02507	0.01271	0.01131	0.00343	0.01095	0.01131	0.01203	0.01785
18	0.01586	0.01057	0.01189	0.01189	0.01189	0.01057	0.00661	0.01586	0.01586	0.02114	0.03436	0.07135	0.03964	0.61681	0.05550	0.01057	0.01057	0.01586	0.00661	0.00661
19	0.01757	0.01255	0.01757	0.02008	0.02259	0.01255	0.01757	0.02259	0.02510	0.03263	0.05773	0.12299	0.06275	0.03012	0.01506	0.00502	0.01004	0.47540	0.01004	0.01004
20	0.02300	0.02533	0.09494	0.15893	0.29859	0.02264	0.02934	0.03009	0.02512	0.03542	0.11601	0.03695	0.03203	0.01233	0.01115	0.00338	0.01220	0.01136	0.00641	0.01482

[dist]
# distance from previous block
# <min> <max>
0	12

[block]
# block no. 4 follows, 12 sequences, length 33
# corresponding to MSA columns:
# 188-220
name=unknown_E
#
# <colnr> <probs for GDERKNQSTAVLIFYWHMCP>
#	G	D	E	R	K	N	Q	S	T	A	V	L	I	F	Y	W	H	M	C	P
0	0.04892	0.01856	0.02530	0.01940	0.02783	0.01603	0.01603	0.05314	0.03121	0.55634	0.04302	0.03711	0.02699	0.01350	0.01096	0.00337	0.00928	0.01096	0.01350	0.01856
1	0.01328	0.00949	0.01265	0.01518	0.01581	0.00886	0.01012	0.01518	0.02088	0.02783	0.06010	0.60969	0.07212	0.03416	0.01392	0.00443	0.00633	0.03100	0.01012	0.00886
2	0.42451	0.01865	0.02031	0.01773	0.02317	0.02096	0.05429	0.02788	0.01855	0.03976	0.01926	0.02574	0.01632	0.02865	0.13829	0.06653	0.01406	0.00811	0.00626	0.01096
3	0.02882	0.20742	0.28476	0.02490	0.03699	0.02898	0.02823	0.03905	0.06714	0.11878	0.02429	0.02528	0.01769	0.01096	0.00957	0.00314	0.01310	0.00827	0.00663	0.01601
4	0.02557	0.02299	0.02966	0.11658	0.03493	0.07309	0.02222	0.02919	0.02015	0.07305	0.02041	0.02874	0.01765	0.02728	0.11897	0.00647	0.30517	0.00984	0.00581	0.01223
5	0.69383	0.02109	0.01603	0.01434	0.02109	0.02446	0.01181	0.03205	0.01856	0.04892	0.01518	0.01771	0.01181	0.01012	0.00675	0.00337	0.00843	0.00590	0.00675	0.01181
6	0.01509	0.01025	0.01212	0.01288	0.01307	0.01006	0.00766	0.01565	0.01736	0.02315	0.04206	0.23258	0.04937	0.44231	0.04304	0.00873	0.00930	0.02039	0.00766	0.00728
7	0.02261	0.01938	0.02261	0.01615	0.02584	0.01453	0.01292	0.02745	0.02261	0.03553	0.01938	0.02261	0.01615	0.00807	0.00807	0.00161	0.00807	0.00646	0.00646	0.68346
8	0.01543	0.01115	0.01457	0.01372	0.01629	0.01029	0.01029	0.02058	0.03086	0.04372	0.54304	0.08145	0.10288	0.02229	0.01286	0.00343	0.00514	0.01972	0.01200	0.01029
9	0.02261	0.01938	0.02261	0.01615	0.02584	0.01453	0.01292	0.02745	0.02261	0.03553	0.01938	0.02261	0.01615	0.00807	0.00807	0.00161	0.00807	0.00646	0.00646	0.68346
10	0.02240	0.03385	0.21472	0.08631	0.11622	0.02332	0.15972	0.03150	0.02525	0.03579	0.11065	0.03590	0.03045	0.01206	0.01157	0.00350	0.01426	0.01174	0.00626	0.01454
11	0.04444	0.01870	0.02484	0.01885	0.02749	0.01577	0.01550	0.04876	0.02974	0.46764	0.03899	0.03464	0.02514	0.01257	0.01047	0.00307	0.00907	0.01020	0.01230	0.13181
12	0.01333	0.01106	0.01165	0.01151	0.01500	0.00939	0.00863	0.01650	0.02589	0.03192	0.18508	0.10088	0.46821	0.02670	0.01288	0.00364	0.00546	0.02244	0.01045	0.00939
13	0.02851	0.57345	0.10144	0.01975	0.02968	0.04157	0.02056	0.03281	0.02223	0.02643	0.01555	0.01798	0.01398	0.00942	0.00729	0.00243	0.01205	0.00603	0.00466	0.01418
14	0.03191	0.02956	0.02861	0.02426	0.02909	0.20597	0.05916	0.03602	0.02754	0.11544	0.11346	0.03643	0.03290	0.01470	0.01472	0.00337	0.10576	0.01101	0.06709	0.01302
15	0.04073	0.05197	0.03090	0.02809	0.03371	0.57303	0.02107	0.04354	0.03090	0.02669	0.01685	0.01966	0.01404	0.01124	0.00983	0.00281	0.01966	0.00702	0.00562	0.01264
16	0.02059	0.01938	0.03270	0.59060	0.07510	0.02422	0.03028	0.02786	0.02180	0.02786	0.01938	0.02907	0.01453	0.01090	0.01090	0.00363	0.01453	0.00969	0.00484	0.01211
17	0.02385	0.02385	0.03340	0.02863	0.02863	0.03340	0.02385	0.02624	0.01670	0.02624	0.01431	0.02385	0.01431	0.01908	0.03578	0.00477	0.59685	0.00954	0.00477	0.01193
18	0.04892	0.01856	0.02530	0.01940	0.02783	0.01603	0.01603	0.05314	0.03121	0.55634	0.04302	0.03711	0.02699	0.01350	0.01096	0.00337	0.00928	0.01096	0.01350	0.01856
19	0.01543	0.01115	0.01457	0.01372	0.01629	0.01029	0.01029	0.02058	0.03086	0.04372	0.54304	0.08145	0.10288	0.02229	0.01286	0.00343	0.00514	0.01972	0.01200	0.01029
20	0.01328	0.00949	0.01265	0.01518	0.01581	0.00886	0.01012	0.01518	0.02088	0.02783	0.06010	0.60969	0.07212	0.03416	0.01392	0.00443	0.00633	0.03100	0.01012	0.00886
21	0.01757	0.01255	0.01757	0.02008	0.02259	0.01255	0.01757	0.02259	0.02510	0.03263	0.05773	0.12299	0.06275	0.03012	0.01506	0.00502	0.01004	0.47540	0.01004	0.01004
22	0.12988	0.02662	0.02742	0.02250	0.03002	0.03006	0.01820	0.27970	0.21880	0.05755	0.03116	0.03019	0.02289	0.01328	0.01038	0.00344	0.01027	0.01016	0.01038	0.01711
23	0.01432	0.01040	0.01365	0.01538	0.01691	0.00973	0.01121	0.01735	0.02361	0.03146	0.14627	0.39703	0.11614	0.03092	0.01384	0.00429	0.00666	0.10107	0.01043	0.00932
24	0.01459	0.01090	0.01356	0.01335	0.01589	0.00986	0.00984	0.01878	0.02820	0.03849	0.38408	0.15940	0.19280	0.02507	0.01301	0.00362	0.00539	0.02198	0.01134	0.00986
25	0.02844	0.36698	0.11270	0.11899	0.03925	0.11369	0.02371	0.03363	0.02346	0.02730	0.01668	0.02047	0.01407	0.01000	0.00849	0.00276	0.01386	0.00694	0.00482	0.01375
26	0.35139	0.01974	0.02095	0.01703	0.02467	0.01998	0.01405	0.04325	0.02527	0.31836	0.02996	0.02801	0.01987	0.01191	0.00899	0.00337	0.00888	0.00859	0.01033	0.01539
27	0.02503	0.01610	0.02145	0.09937	0.02912	0.01692	0.01573	0.08820	0.02748	0.12479	0.12642	0.05172	0.07810	0.08223	0.14094	0.00721	0.01393	0.01367	0.00911	0.01248
28	0.02277	0.01994	0.02397	0.01772	0.02619	0.01691	0.01430	0.02730	0.02186	0.03436	0.01874	0.02277	0.01592	0.00946	0.01157	0.00201	0.08237	0.00685	0.00625	0.59873
29	0.01580	0.01268	0.02025	0.02014	0.02250	0.01203	0.07473	0.01930	0.02242	0.02978	0.05478	0.42946	0.06304	0.03012	0.01404	0.00446	0.00866	0.12642	0.00952	0.00985
30	0.01806	0.01446	0.01916	0.11362	0.02833	0.01538	0.01487	0.02758	0.11401	0.03934	0.30689	0.13215	0.07195	0.02056	0.01236	0.00364	0.00749	0.01816	0.01039	0.01162
31	0.02444	0.02711	0.05806	0.04189	0.05185	0.02539	0.44624	0.03312	0.02638	0.03604	0.08780	0.03598	0.02744	0.01084	0.01287	0.00365	0.01671	0.01373	0.00633	0.01415
32	0.01633	0.01344	0.01768	0.06522	0.02260	0.01416	0.01326	0.02074	0.02685	0.03672	0.32708	0.07524	0.18977	0.02217	0.01559	0.00368	0.08071	0.01835	0.01002	0.01039

[dist]
# distance from previous block
# <min> <max>
0	5

[block]
# block no. 5 follows, 12 sequences, length 36
# corresponding to MSA columns:
# 226-261
name=unknown_F
#
# <colnr> <probs for GDERKNQSTAVLIFYWHMCP>
#	G	D	E	R	K	N	Q	S	T	A	V	L	I	F	Y	W	H	M	C	P
0	0.02833	0.08824	0.13921	0.07785	0.12200	0.07686	0.10368	0.03977	0.10948	0.07082	0.02522	0.02823	0.01905	0.01106	0.01067	0.00334	0.01405	0.00982	0.00669	0.01562
1	0.01702	0.01316	0.01640	0.01676	0.01988	0.01229	0.01240	0.02287	0.07430	0.03174	0.05068	0.37610	0.05655	0.02682	0.01271	0.00392	0.00740	0.08594	0.00954	0.13351
2	0.10621	0.08080	0.08067	0.06616	0.03564	0.02456	0.05690	0.11706	0.03038	0.25069	0.02939	0.02909	0.01995	0.01189	0.01024	0.00331	0.01155	0.00957	0.00951	0.01643
3	0.03556	0.08776	0.07623	0.02809	0.03508	0.26049	0.06661	0.07970	0.02892	0.08620	0.02054	0.02357	0.01601	0.01230	0.01371	0.00327	0.09660	0.00853	0.00660	0.01422
4	0.02187	0.01853	0.02178	0.01590	0.02485	0.01410	0.01265	0.02674	0.02346	0.03638	0.07350	0.02869	0.02511	0.00954	0.00857	0.00180	0.00777	0.00783	0.00703	0.61389
5	0.39449	0.02006	0.02144	0.10741	0.03168	0.02191	0.01600	0.03768	0.02285	0.19694	0.02415	0.02530	0.01677	0.01125	0.00867	0.00342	0.00966	0.00802	0.00846	0.01387
6	0.02331	0.02639	0.13009	0.30275	0.09605	0.02262	0.06517	0.03087	0.02323	0.07338	0.02565	0.08572	0.02146	0.01309	0.01124	0.00363	0.01375	0.01184	0.00612	0.01365
7	0.01458	0.01099	0.01347	0.01312	0.01583	0.00988	0.00974	0.01882	0.02845	0.03862	0.38807	0.13027	0.21889	0.02467	0.01295	0.00358	0.00534	0.02151	0.01135	0.00988
8	0.01558	0.01168	0.01752	0.01752	0.01947	0.01363	0.01363	0.01947	0.01752	0.02531	0.02921	0.04283	0.02726	0.08178	0.57360	0.01752	0.02921	0.01168	0.00584	0.00974
9	0.02351	0.01786	0.02526	0.17147	0.09009	0.01929	0.01989	0.07643	0.06939	0.07690	0.07831	0.20560	0.04187	0.01930	0.01196	0.00376	0.01003	0.01712	0.00884	0.01312
10	0.02937	0.08601	0.09595	0.03400	0.04356	0.03070	0.23069	0.14874	0.06829	0.04215	0.02324	0.02738	0.01762	0.01143	0.01330	0.00352	0.06066	0.01076	0.00699	0.01565
11	0.01803	0.00994	0.01097	0.01180	0.01372	0.00974	0.00844	0.02208	0.02222	0.03648	0.04356	0.22597	0.04233	0.01969	0.00967	0.00316	0.00549	0.01695	0.46004	0.00974
12	0.01579	0.01174	0.01519	0.01675	0.01936	0.01114	0.01383	0.01997	0.02522	0.03253	0.12092	0.16230	0.18474	0.02910	0.01419	0.00447	0.00807	0.27467	0.01027	0.00975
13	0.09160	0.32604	0.16084	0.02502	0.07856	0.03272	0.02343	0.03199	0.02303	0.03250	0.06471	0.02545	0.02213	0.01085	0.00861	0.00287	0.01187	0.00796	0.00559	0.01422
14	0.02200	0.02188	0.02693	0.02473	0.02877	0.11685	0.10415	0.02643	0.02502	0.03052	0.04455	0.23246	0.04833	0.02411	0.01337	0.00420	0.01219	0.17407	0.00844	0.01100
15	0.01346	0.01049	0.01230	0.01362	0.01587	0.00934	0.00988	0.01604	0.02314	0.02902	0.08397	0.32694	0.29710	0.03069	0.01352	0.00412	0.00626	0.06501	0.01012	0.00912
16	0.08786	0.02970	0.12785	0.07907	0.03672	0.02528	0.02286	0.21122	0.03504	0.13798	0.07390	0.03215	0.02593	0.01303	0.01065	0.00338	0.01163	0.01026	0.00933	0.01614
17	0.02708	0.07725	0.04052	0.25232	0.18597	0.12495	0.07572	0.03322	0.02464	0.03020	0.01914	0.02593	0.01532	0.01035	0.01056	0.00328	0.01519	0.00922	0.00518	0.01397
18	0.01328	0.00949	0.01265	0.01518	0.01581	0.00886	0.01012	0.01518	0.02088	0.02783	0.06010	0.60969	0.07212	0.03416	0.01392	0.00443	0.00633	0.03100	0.01012	0.00886
19	0.04892	0.01856	0.02530	0.01940	0.02783	0.01603	0.01603	0.05314	0.03121	0.55634	0.04302	0.03711	0.02699	0.01350	0.01096	0.00337	0.00928	0.01096	0.01350	0.01856
20	0.18801	0.02328	0.03306	0.08705	0.08484	0.02434	0.10551	0.07855	0.07644	0.15296	0.02705	0.02891	0.01935	0.01143	0.01030	0.00347	0.01173	0.00991	0.00842	0.01539
21	0.02100	0.01903	0.02884	0.12087	0.14264	0.02243	0.02250	0.02494	0.02053	0.02879	0.02938	0.13155	0.03078	0.07806	0.02324	0.00480	0.17901	0.05329	0.00640	0.01192
22	0.69383	0.02109	0.01603	0.01434	0.02109	0.02446	0.01181	0.03205	0.01856	0.04892	0.01518	0.01771	0.01181	0.01012	0.00675	0.00337	0.00843	0.00590	0.00675	0.01181
23	0.01328	0.00949	0.01265	0.01518	0.01581	0.00886	0.01012	0.01518	0.02088	0.02783	0.06010	0.60969	0.07212	0.03416	0.01392	0.00443	0.00633	0.03100	0.01012	0.00886
24	0.01489	0.01112	0.01382	0.01315	0.01596	0.01006	0.00986	0.01953	0.02958	0.04068	0.45082	0.08645	0.19699	0.02343	0.01287	0.00348	0.00522	0.02042	0.01160	0.01006
25	0.02385	0.02385	0.03340	0.02863	0.02863	0.03340	0.02385	0.02624	0.01670	0.02624	0.01431	0.02385	0.01431	0.01908	0.03578	0.00477	0.59685	0.00954	0.00477	0.01193
26	0.02033	0.01016	0.01016	0.01016	0.01270	0.01016	0.00762	0.02541	0.02287	0.04065	0.03557	0.04065	0.02795	0.01270	0.00762	0.00254	0.00508	0.01016	0.67734	0.01016
27	0.02915	0.62337	0.05714	0.01866	0.02799	0.04314	0.01866	0.03265	0.02215	0.02565	0.01516	0.01749	0.01399	0.00933	0.00700	0.00233	0.01166	0.00583	0.00466	0.01399
28	0.01573	0.01106	0.01437	0.01437	0.01523	0.01192	0.00970	0.01745	0.01659	0.02298	0.03209	0.05878	0.03418	0.38101	0.28383	0.01363	0.01878	0.01402	0.00627	0.00799
29	0.04073	0.05197	0.03090	0.02809	0.03371	0.57303	0.02107	0.04354	0.03090	0.02669	0.01685	0.01966	0.01404	0.01124	0.00983	0.00281	0.01966	0.00702	0.00562	0.01264
30	0.02187	0.05640	0.56031	0.03108	0.04719	0.02532	0.04029	0.03453	0.02302	0.03453	0.01957	0.02302	0.01381	0.01036	0.01036	0.00345	0.01611	0.00806	0.00460	0.01611
31	0.01586	0.01057	0.01189	0.01189	0.01189	0.01057	0.00661	0.01586	0.01586	0.02114	0.03436	0.07135	0.03964	0.61681	0.05550	0.01057	0.01057	0.01586	0.00661	0.00661
32	0.04073	0.05197	0.03090	0.02809	0.03371	0.57303	0.02107	0.04354	0.03090	0.02669	0.01685	0.01966	0.01404	0.01124	0.00983	0.00281	0.01966	0.00702	0.00562	0.01264
33	0.01311	0.01018	0.01194	0.01334	0.01533	0.00901	0.00930	0.01539	0.02264	0.02855	0.08249	0.38523	0.28212	0.03125	0.01346	0.00410	0.00597	0.02745	0.01012	0.00901
34	0.01484	0.01060	0.01444	0.01696	0.01827	0.01020	0.01282	0.01787	0.02241	0.02957	0.05924	0.43323	0.06872	0.03270	0.01433	0.00464	0.00767	0.19212	0.01009	0.00929
35	0.01758	0.01154	0.01423	0.01375	0.01687	0.01027	0.01023	0.02133	0.02727	0.08709	0.27621	0.18088	0.22145	0.02519	0.01287	0.00368	0.00588	0.02190	0.01125	0.01052

[dist]
# distance from previous block
# <min> <max>
2	4

[block]
# block no. 6 follows, 12 sequences, length 36
# corresponding to MSA columns:
# 266-301
name=unknown_G
#
# <colnr> <probs for GDERKNQSTAVLIFYWHMCP>
#	G	D	E	R	K	N	Q	S	T	A	V	L	I	F	Y	W	H	M	C	P
0	0.02620	0.17003	0.16417	0.03763	0.17243	0.03012	0.07784	0.03795	0.11211	0.03476	0.02340	0.02654	0.01845	0.01061	0.01009	0.00321	0.01318	0.00922	0.00606	0.01599
1	0.09262	0.04382	0.35506	0.03538	0.13875	0.02551	0.03388	0.03627	0.07047	0.03726	0.02163	0.02489	0.01610	0.01063	0.01014	0.00343	0.01401	0.00855	0.00559	0.01600
2	0.09628	0.09436	0.26335	0.03460	0.13635	0.12952	0.03060	0.03560	0.02431	0.03400	0.01841	0.02213	0.01433	0.01029	0.00968	0.00319	0.01500	0.00777	0.00517	0.01506
3	0.01338	0.01015	0.01234	0.01373	0.01552	0.00911	0.00956	0.01589	0.02316	0.02998	0.12575	0.39625	0.22403	0.03087	0.01348	0.00409	0.00595	0.02732	0.01032	0.00911
4	0.02465	0.02106	0.02241	0.02033	0.02590	0.02380	0.01574	0.05034	0.43318	0.04397	0.10088	0.05060	0.08636	0.01671	0.01143	0.00367	0.00800	0.01404	0.01110	0.01583
5	0.01372	0.01032	0.01279	0.01430	0.01611	0.00939	0.01023	0.01642	0.02326	0.03016	0.11923	0.38104	0.20485	0.03091	0.01363	0.00418	0.00629	0.06371	0.01029	0.00918
6	0.01289	0.01105	0.01105	0.01105	0.01473	0.00920	0.00828	0.01565	0.02485	0.02946	0.11046	0.10493	0.54437	0.02761	0.01289	0.00368	0.00552	0.02301	0.01013	0.00920
7	0.02915	0.62337	0.05714	0.01866	0.02799	0.04314	0.01866	0.03265	0.02215	0.02565	0.01516	0.01749	0.01399	0.00933	0.00700	0.00233	0.01166	0.00583	0.00466	0.01399
8	0.01586	0.01057	0.01189	0.01189	0.01189	0.01057	0.00661	0.01586	0.01586	0.02114	0.03436	0.07135	0.03964	0.61681	0.05550	0.01057	0.01057	0.01586	0.00661	0.00661
9	0.02261	0.01938	0.02261	0.01615	0.02584	0.01453	0.01292	0.02745	0.02261	0.03553	0.01938	0.02261	0.01615	0.00807	0.00807	0.00161	0.00807	0.00646	0.00646	0.68346
10	0.02574	0.02941	0.06434	0.04596	0.05699	0.02757	0.50919	0.03493	0.02574	0.03493	0.02206	0.02941	0.01654	0.00919	0.01287	0.00368	0.01838	0.01287	0.00551	0.01471
11	0.01757	0.01255	0.01757	0.02008	0.02259	0.01255	0.01757	0.02259	0.02510	0.03263	0.05773	0.12299	0.06275	0.03012	0.01506	0.00502	0.01004	0.47540	0.01004	0.01004
12	0.01497	0.01113	0.01393	0.01323	0.01600	0.01009	0.00992	0.01967	0.02976	0.04111	0.46367	0.08576	0.18388	0.02327	0.01286	0.00348	0.00521	0.02032	0.01166	0.01009
13	0.04145	0.03054	0.03272	0.02509	0.03381	0.03381	0.02072	0.51243	0.05127	0.06872	0.02618	0.02618	0.01854	0.01309	0.01091	0.00327	0.01200	0.00982	0.01091	0.01854
14	0.02453	0.01848	0.02053	0.01845	0.02368	0.01979	0.01431	0.04315	0.30004	0.09058	0.16356	0.05861	0.12187	0.01817	0.01173	0.00361	0.00747	0.01537	0.01138	0.01468
15	0.03371	0.02976	0.03093	0.07652	0.08359	0.11478	0.02163	0.24017	0.10895	0.04808	0.02650	0.02912	0.02031	0.01896	0.06333	0.00462	0.01464	0.00989	0.00859	0.01593
16	0.02385	0.02385	0.03340	0.02863	0.02863	0.03340	0.02385	0.02624	0.01670	0.02624	0.01431	0.02385	0.01431	0.01908	0.03578	0.00477	0.59685	0.00954	0.00477	0.01193
17	0.03564	0.01943	0.02502	0.01901	0.02710	0.01718	0.01555	0.03992	0.02623	0.28994	0.03046	0.02985	0.02128	0.01185	0.01230	0.00280	0.06835	0.00898	0.00974	0.28938
18	0.04073	0.05197	0.03090	0.02809	0.03371	0.57303	0.02107	0.04354	0.03090	0.02669	0.01685	0.01966	0.01404	0.01124	0.00983	0.00281	0.01966	0.00702	0.00562	0.01264
19	0.04892	0.01856	0.02530	0.01940	0.02783	0.01603	0.01603	0.05314	0.03121	0.55634	0.04302	0.03711	0.02699	0.01350	0.01096	0.00337	0.00928	0.01096	0.01350	0.01856
20	0.02533	0.04448	0.36105	0.03852	0.13457	0.02504	0.10252	0.03580	0.02433	0.07403	0.02184	0.02566	0.01579	0.01032	0.01083	0.00344	0.01536	0.00923	0.00554	0.01630
21	0.02261	0.11387	0.50930	0.02982	0.04524	0.02713	0.03809	0.03434	0.02293	0.03363	0.01912	0.02246	0.01383	0.01025	0.01002	0.00334	0.01566	0.00783	0.00461	0.01590
22	0.01328	0.00949	0.01265	0.01518	0.01581	0.00886	0.01012	0.01518	0.02088	0.02783	0.06010	0.60969	0.07212	0.03416	0.01392	0.00443	0.00633	0.03100	0.01012	0.00886
23	0.01586	0.01057	0.01189	0.01189	0.01189	0.01057	0.00661	0.01586	0.01586	0.02114	0.03436	0.07135	0.03964	0.61681	0.05550	0.01057	0.01057	0.01586	0.00661	0.00661
24	0.02281	0.14667	0.18200	0.02091	0.02931	0.02383	0.02158	0.06549	0.06083	0.03585	0.12384	0.04308	0.08575	0.01703	0.01340	0.06442	0.01077	0.01178	0.00744	0.01319
25	0.02059	0.01938	0.03270	0.59060	0.07510	0.02422	0.03028	0.02786	0.02180	0.02786	0.01938	0.02907	0.01453	0.01090	0.01090	0.00363	0.01453	0.00969	0.00484	0.01211
26	0.02915	0.62337	0.05714	0.01866	0.02799	0.04314	0.01866	0.03265	0.02215	0.02565	0.01516	0.01749	0.01399	0.00933	0.00700	0.00233	0.01166	0.00583	0.00466	0.01399
27	0.01458	0.01068	0.01369	0.01384	0.01600	0.00979	0.01004	0.01860	0.02752	0.03792	0.36680	0.22785	0.14001	0.02607	0.01315	0.00373	0.00551	0.02313	0.01130	0.00979
28	0.02449	0.14537	0.33516	0.03860	0.17892	0.02853	0.03474	0.03392	0.02336	0.03330	0.01907	0.02314	0.01477	0.01001	0.00990	0.00320	0.01450	0.00812	0.00483	0.01606
29	0.02033	0.01016	0.01016	0.01016	0.01270	0.01016	0.00762	0.02541	0.02287	0.04065	0.03557	0.04065	0.02795	0.01270	0.00762	0.00254	0.00508	0.01016	0.67734	0.01016
30	0.01353	0.01038	0.01240	0.01335	0.01549	0.00925	0.00946	0.01635	0.02421	0.03137	0.16798	0.32212	0.25586	0.02951	0.01333	0.00396	0.00581	0.02591	0.01047	0.00925
31	0.01994	0.01963	0.02172	0.01956	0.02189	0.07102	0.01555	0.02293	0.02331	0.03018	0.13208	0.06334	0.23105	0.02211	0.02108	0.00397	0.22590	0.01602	0.00801	0.01070
32	0.02174	0.02055	0.03477	0.49679	0.15995	0.02453	0.03085	0.02886	0.02234	0.02925	0.01958	0.02870	0.01503	0.01069	0.01088	0.00356	0.01425	0.00969	0.00494	0.01304
33	0.01586	0.01057	0.01189	0.01189	0.01189	0.01057	0.00661	0.01586	0.01586	0.02114	0.03436	0.07135	0.03964	0.61681	0.05550	0.01057	0.01057	0.01586	0.00661	0.00661
34	0.01586	0.01057	0.01189	0.01189	0.01189	0.01057	0.00661	0.01586	0.01586	0.02114	0.03436	0.07135	0.03964	0.61681	0.05550	0.01057	0.01057	0.01586	0.00661	0.00661
35	0.02709	0.02326	0.02476	0.06196	0.02925	0.07909	0.01748	0.16434	0.07955	0.04375	0.13048	0.14199	0.04457	0.01892	0.01374	0.00365	0.05767	0.01542	0.00952	0.01350

[dist]
# distance from previous block
# <min> <max>
0	31

[block]
# block no. 7 follows, 12 sequences, length 11
# corresponding to MSA columns:
# 333-343
name=unknown_H
#
# <colnr> <probs for GDERKNQSTAVLIFYWHMCP>
#	G	D	E	R	K	N	Q	S	T	A	V	L	I	F	Y	W	H	M	C	P
0	0.02436	0.02323	0.03951	0.28195	0.35429	0.02522	0.03216	0.03116	0.02359	0.03243	0.02005	0.02784	0.01615	0.01020	0.01084	0.00340	0.01360	0.00970	0.00517	0.01515
1	0.02496	0.02406	0.03964	0.17793	0.34569	0.02691	0.03097	0.03086	0.02264	0.03213	0.01911	0.02688	0.01611	0.01172	0.01544	0.00361	0.12139	0.00968	0.00516	0.01512
2	0.01480	0.01016	0.01310	0.01409	0.01528	0.00977	0.00965	0.01566	0.01947	0.02547	0.05590	0.28000	0.14554	0.10410	0.08735	0.13202	0.00983	0.02157	0.00825	0.00801
3	0.42091	0.26839	0.03291	0.01611	0.02392	0.03213	0.01462	0.03230	0.02003	0.03937	0.01517	0.01762	0.01271	0.00980	0.00685	0.00295	0.00976	0.00587	0.00589	0.01271
4	0.01558	0.01168	0.01752	0.01752	0.01947	0.01363	0.01363	0.01947	0.01752	0.02531	0.02921	0.04283	0.02726	0.08178	0.57360	0.01752	0.02921	0.01168	0.00584	0.00974
5	0.01872	0.01642	0.02710	0.25423	0.04490	0.01787	0.06765	0.02512	0.02619	0.03548	0.23892	0.05816	0.05503	0.01696	0.01223	0.00366	0.01068	0.05097	0.00828	0.01145
6	0.03513	0.02006	0.02464	0.01830	0.02739	0.01691	0.01491	0.08226	0.02876	0.25241	0.02971	0.02889	0.02082	0.01076	0.00952	0.00249	0.00893	0.00862	0.00975	0.34977
