[name]
unknown

[dist]
# distance from previous block
# <min> <max>
0	22

[block]
# block no. 0 follows, 12 sequences, length 15
# corresponding to MSA columns:
# 22-36
name=unknown_A
#
# <colnr> <probs for GDERKNQSTAVLIFYWHMCP>
#	G	D	E	R	K	N	Q	S	T	A	V	L	I	F	Y	W	H	M	C	P
0	0.08276	0.10252	0.03210	0.02304	0.03067	0.08688	0.01891	0.24688	0.17482	0.05143	0.02811	0.02784	0.02111	0.01270	0.01007	0.00324	0.01155	0.00946	0.00936	0.01655
1	0.03494	0.02600	0.04682	0.03672	0.08195	0.02476	0.25949	0.10322	0.03069	0.19774	0.02885	0.03114	0.02003	0.01105	0.01188	0.00350	0.01437	0.01165	0.00864	0.01657
2	0.03660	0.14992	0.13736	0.02820	0.10510	0.02473	0.02369	0.04261	0.02689	0.27453	0.02966	0.02898	0.02044	0.01151	0.01002	0.00316	0.01160	0.00918	0.00885	0.01698
3	0.02911	0.17963	0.14134	0.03011	0.04069	0.02946	0.17834	0.03950	0.08660	0.10251	0.02539	0.02770	0.01884	0.01069	0.01049	0.00327	0.01392	0.00994	0.00687	0.01560
4	0.04892	0.01856	0.02530	0.01940	0.02783	0.01603	0.01603	0.05314	0.03121	0.55634	0.04302	0.03711	0.02699	0.01350	0.01096	0.00337	0.00928	0.01096	0.01350	0.01856
5	0.02634	0.01977	0.03277	0.16526	0.13223	0.01978	0.09154	0.03221	0.02594	0.13587	0.07801	0.04726	0.11601	0.01467	0.01166	0.00351	0.01153	0.01343	0.00817	0.01403
6	0.04105	0.02293	0.06872	0.09924	0.07249	0.01981	0.02131	0.08076	0.03037	0.37486	0.03531	0.03347	0.02305	0.01262	0.01089	0.00340	0.01095	0.01040	0.01092	0.01743
7	0.01348	0.01047	0.01227	0.01308	0.01541	0.00926	0.00933	0.01633	0.02438	0.03131	0.16631	0.29307	0.28796	0.02918	0.01327	0.00392	0.00576	0.02548	0.01045	0.00926
8	0.02915	0.62337	0.05714	0.01866	0.02799	0.04314	0.01866	0.03265	0.02215	0.02565	0.01516	0.01749	0.01399	0.00933	0.00700	0.00233	0.01166	0.00583	0.00466	0.01399
9	0.02510	0.10264	0.28921	0.02463	0.03531	0.07837	0.02740	0.03345	0.02613	0.07401	0.13995	0.03648	0.03515	0.01329	0.01057	0.00326	0.01299	0.01059	0.00707	0.01439
10	0.02743	0.18176	0.30077	0.02926	0.07705	0.02900	0.03056	0.03572	0.02352	0.09572	0.02110	0.02379	0.01576	0.01104	0.01139	0.00325	0.05327	0.00811	0.00578	0.01571
11	0.01328	0.00949	0.01265	0.01518	0.01581	0.00886	0.01012	0.01518	0.02088	0.02783	0.06010	0.60969	0.07212	0.03416	0.01392	0.00443	0.00633	0.03100	0.01012	0.00886
12	0.01833	0.01382	0.01781	0.01940	0.02252	0.01412	0.01655	0.02651	0.09143	0.03400	0.06154	0.11025	0.10971	0.02784	0.01431	0.00470	0.00938	0.36668	0.01019	0.01090
13	0.39270	0.02123	0.02195	0.08706	0.03057	0.02337	0.01597	0.08504	0.02526	0.16872	0.02341	0.02456	0.01642	0.01132	0.00868	0.00340	0.00974	0.00796	0.00854	0.01413
14	0.18147	0.01912	0.01994	0.01581	0.02326	0.01768	0.01232	0.03021	0.07195	0.03797	0.02274	0.02923	0.01972	0.08364	0.01386	0.00334	0.00852	0.00807	0.00701	0.37415

[dist]
# distance from previous block
# <min> <max>
0	3

[block]
# block no. 1 follows, 12 sequences, length 25
# corresponding to MSA columns:
# 40-64
name=unknown_B
#
# <colnr> <probs for GDERKNQSTAVLIFYWHMCP>
#	G	D	E	R	K	N	Q	S	T	A	V	L	I	F	Y	W	H	M	C	P
0	0.05847	0.02775	0.19832	0.02187	0.02791	0.01852	0.02175	0.02410	0.02053	0.03061	0.03608	0.26215	0.03920	0.06873	0.01832	0.00457	0.08440	0.01794	0.00713	0.01167
1	0.47843	0.02024	0.01912	0.01603	0.02334	0.02164	0.01322	0.03909	0.02278	0.21840	0.02448	0.02419	0.01688	0.01125	0.00816	0.00337	0.00872	0.00759	0.00900	0.01406
2	0.02142	0.01538	0.01951	0.10782	0.02664	0.01686	0.01368	0.10389	0.02285	0.03047	0.02825	0.05004	0.02853	0.30664	0.07315	0.09327	0.01255	0.01274	0.00678	0.00953
3	0.03542	0.02666	0.02880	0.02334	0.03060	0.02951	0.01879	0.37106	0.13026	0.05957	0.03360	0.10215	0.02784	0.01604	0.01132	0.00349	0.01070	0.01292	0.01084	0.01710
4	0.01397	0.01017	0.01317	0.01437	0.01589	0.00936	0.01003	0.01703	0.02454	0.03329	0.22610	0.39273	0.11961	0.02966	0.01348	0.00403	0.00587	0.02658	0.01075	0.00936
5	0.02580	0.36263	0.28854	0.02437	0.03682	0.03495	0.02860	0.03351	0.02255	0.02974	0.01719	0.02003	0.01391	0.00980	0.00854	0.00285	0.01371	0.00685	0.00464	0.01497
6	0.03348	0.02579	0.05130	0.03709	0.04725	0.02372	0.34447	0.04101	0.02756	0.20908	0.02906	0.03198	0.02003	0.01063	0.01223	0.00358	0.01534	0.01223	0.00818	0.01599
7	0.01328	0.00949	0.01265	0.01518	0.01581	0.00886	0.01012	0.01518	0.02088	0.02783	0.06010	0.60969	0.07212	0.03416	0.01392	0.00443	0.00633	0.03100	0.01012	0.00886
8	0.01757	0.01255	0.01757	0.02008	0.02259	0.01255	0.01757	0.02259	0.02510	0.03263	0.05773	0.12299	0.06275	0.03012	0.01506	0.00502	0.01004	0.47540	0.01004	0.01004
9	0.02144	0.04404	0.38409	0.21796	0.05651	0.02496	0.03694	0.03230	0.02261	0.03230	0.01950	0.02504	0.01405	0.01054	0.01054	0.00351	0.01559	0.00860	0.00468	0.01478
10	0.02042	0.01277	0.01829	0.11550	0.02805	0.01277	0.01458	0.02384	0.02336	0.11381	0.08258	0.38174	0.05694	0.02601	0.01285	0.00405	0.00814	0.02333	0.00987	0.01107
11	0.04892	0.01856	0.02530	0.01940	0.02783	0.01603	0.01603	0.05314	0.03121	0.55634	0.04302	0.03711	0.02699	0.01350	0.01096	0.00337	0.00928	0.01096	0.01350	0.01856
12	0.69383	0.02109	0.01603	0.01434	0.02109	0.02446	0.01181	0.03205	0.01856	0.04892	0.01518	0.01771	0.01181	0.01012	0.00675	0.00337	0.00843	0.00590	0.00675	0.01181
13	0.01595	0.01921	0.11080	0.11039	0.03078	0.01418	0.01859	0.02057	0.02140	0.02900	0.04653	0.41472	0.05276	0.02630	0.01282	0.00413	0.00934	0.02360	0.00832	0.01064
14	0.04087	0.02691	0.03608	0.02707	0.03612	0.02763	0.10405	0.29805	0.04109	0.20259	0.03029	0.02987	0.02062	0.01253	0.01126	0.00337	0.01233	0.01067	0.01071	0.01788
15	0.02662	0.01362	0.01816	0.01562	0.02015	0.01220	0.01220	0.03145	0.03098	0.21494	0.37603	0.06664	0.07753	0.01935	0.01223	0.00341	0.00652	0.01679	0.01250	0.01305
16	0.04892	0.01856	0.02530	0.01940	0.02783	0.01603	0.01603	0.05314	0.03121	0.55634	0.04302	0.03711	0.02699	0.01350	0.01096	0.00337	0.00928	0.01096	0.01350	0.01856
17	0.03464	0.10030	0.03074	0.02140	0.02886	0.02943	0.01776	0.26403	0.14464	0.08594	0.03094	0.03071	0.02285	0.01296	0.01004	0.00316	0.01019	0.00997	0.09481	0.01663
18	0.04336	0.01977	0.02528	0.01970	0.02745	0.01849	0.01615	0.13143	0.03476	0.40433	0.10294	0.04073	0.03503	0.01453	0.01119	0.00336	0.00925	0.01186	0.01284	0.01751
19	0.02193	0.01531	0.01824	0.01778	0.02133	0.01590	0.01315	0.03415	0.19300	0.09134	0.11574	0.29094	0.05840	0.02398	0.01253	0.00394	0.00725	0.02119	0.01105	0.01287
20	0.02891	0.09115	0.02539	0.01826	0.02351	0.01693	0.04466	0.03271	0.02506	0.20512	0.04280	0.22590	0.03990	0.01948	0.01109	0.00349	0.00857	0.01701	0.10678	0.01328
21	0.03469	0.12706	0.16694	0.02603	0.06755	0.02573	0.02416	0.07507	0.08090	0.21898	0.03016	0.02938	0.02104	0.01190	0.01017	0.00324	0.01174	0.00939	0.00888	0.01699
22	0.02549	0.04034	0.33995	0.12482	0.04649	0.02246	0.03229	0.03527	0.02474	0.11794	0.06450	0.03093	0.02306	0.01190	0.01075	0.00347	0.01388	0.00973	0.00666	0.01535
23	0.02165	0.01280	0.01797	0.01727	0.02010	0.01342	0.01341	0.02512	0.02058	0.11761	0.03602	0.05652	0.03367	0.14940	0.32252	0.01238	0.02034	0.07061	0.00782	0.01080
24	0.12893	0.01841	0.02205	0.11531	0.03235	0.01709	0.01540	0.02672	0.02160	0.03538	0.02383	0.09685	0.02222	0.01218	0.00909	0.00260	0.00903	0.01002	0.00669	0.37426

[dist]
# distance from previous block
# <min> <max>
0	19

[block]
# block no. 2 follows, 12 sequences, length 31
# corresponding to MSA columns:
# 84-114
name=unknown_C
#
# <colnr> <probs for GDERKNQSTAVLIFYWHMCP>
#	G	D	E	R	K	N	Q	S	T	A	V	L	I	F	Y	W	H	M	C	P
0	0.13511	0.01932	0.02569	0.14307	0.03451	0.02351	0.01936	0.02934	0.01985	0.10259	0.02201	0.03162	0.01878	0.08192	0.02485	0.04840	0.19187	0.00986	0.00652	0.01182
1	0.02587	0.02945	0.10168	0.18158	0.04434	0.08333	0.02365	0.06607	0.10809	0.03603	0.02365	0.02733	0.01810	0.01095	0.01005	0.00301	0.01260	0.00882	0.00670	0.17871
2	0.02519	0.12005	0.03559	0.35627	0.05639	0.02878	0.02553	0.08600	0.09525	0.03444	0.02289	0.02846	0.01748	0.01142	0.01029	0.00339	0.01297	0.00944	0.00635	0.01384
3	0.01486	0.01094	0.01280	0.01243	0.01453	0.01008	0.00863	0.01780	0.02468	0.03298	0.27058	0.08485	0.20505	0.20331	0.02574	0.00566	0.00689	0.01946	0.00986	0.00888
4	0.01856	0.01101	0.01472	0.01553	0.01755	0.01008	0.01097	0.02131	0.02394	0.10353	0.13680	0.44402	0.07091	0.02936	0.01334	0.00412	0.00654	0.02638	0.01090	0.01043
5	0.01520	0.01108	0.01391	0.01324	0.01567	0.01020	0.00969	0.01955	0.02867	0.03985	0.44359	0.08299	0.14489	0.08359	0.01722	0.00419	0.00574	0.01969	0.01125	0.00979
6	0.01364	0.00997	0.01283	0.01446	0.01578	0.00916	0.00995	0.01623	0.02316	0.03095	0.15477	0.45677	0.12964	0.03125	0.01361	0.00416	0.00602	0.02804	0.01047	0.00916
7	0.03371	0.01409	0.01725	0.01449	0.01978	0.01291	0.01156	0.03839	0.02677	0.28201	0.03905	0.03899	0.02750	0.01307	0.00919	0.00293	0.00705	0.01054	0.36664	0.01409
8	0.69383	0.02109	0.01603	0.01434	0.02109	0.02446	0.01181	0.03205	0.01856	0.04892	0.01518	0.01771	0.01181	0.01012	0.00675	0.00337	0.00843	0.00590	0.00675	0.01181
9	0.02261	0.01938	0.02261	0.01615	0.02584	0.01453	0.01292	0.02745	0.02261	0.03553	0.01938	0.02261	0.01615	0.00807	0.00807	0.00161	0.00807	0.00646	0.00646	0.68346
10	0.69383	0.02109	0.01603	0.01434	0.02109	0.02446	0.01181	0.03205	0.01856	0.04892	0.01518	0.01771	0.01181	0.01012	0.00675	0.00337	0.00843	0.00590	0.00675	0.01181
11	0.04073	0.05197	0.03090	0.02809	0.03371	0.57303	0.02107	0.04354	0.03090	0.02669	0.01685	0.01966	0.01404	0.01124	0.00983	0.00281	0.01966	0.00702	0.00562	0.01264
12	0.04073	0.05197	0.03090	0.02809	0.03371	0.57303	0.02107	0.04354	0.03090	0.02669	0.01685	0.01966	0.01404	0.01124	0.00983	0.00281	0.01966	0.00702	0.00562	0.01264
13	0.69383	0.02109	0.01603	0.01434	0.02109	0.02446	0.01181	0.03205	0.01856	0.04892	0.01518	0.01771	0.01181	0.01012	0.00675	0.00337	0.00843	0.00590	0.00675	0.01181
14	0.69383	0.02109	0.01603	0.01434	0.02109	0.02446	0.01181	0.03205	0.01856	0.04892	0.01518	0.01771	0.01181	0.01012	0.00675	0.00337	0.00843	0.00590	0.00675	0.01181
15	0.02915	0.62337	0.05714	0.01866	0.02799	0.04314	0.01866	0.03265	0.02215	0.02565	0.01516	0.01749	0.01399	0.00933	0.00700	0.00233	0.01166	0.00583	0.00466	0.01399
16	0.69383	0.02109	0.01603	0.01434	0.02109	0.02446	0.01181	0.03205	0.01856	0.04892	0.01518	0.01771	0.01181	0.01012	0.00675	0.00337	0.00843	0.00590	0.00675	0.01181
17	0.01328	0.00949	0.01265	0.01518	0.01581	0.00886	0.01012	0.01518	0.02088	0.02783	0.06010	0.60969	0.07212	0.03416	0.01392	0.00443	0.00633	0.03100	0.01012	0.00886
18	0.02091	0.01236	0.01633	0.01465	0.01818	0.01123	0.01123	0.02591	0.03092	0.12765	0.46118	0.07419	0.09046	0.02085	0.01255	0.00342	0.00582	0.01829	0.01225	0.01164
19	0.03816	0.01582	0.02148	0.01813	0.02420	0.01386	0.01424	0.04167	0.02809	0.39672	0.04817	0.21004	0.04062	0.01974	0.01186	0.00369	0.00839	0.01701	0.01248	0.01563
20	0.04892	0.01856	0.02530	0.01940	0.02783	0.01603	0.01603	0.05314	0.03121	0.55634	0.04302	0.03711	0.02699	0.01350	0.01096	0.00337	0.00928	0.01096	0.01350	0.01856
21	0.02124	0.02005	0.03388	0.53712	0.12348	0.02440	0.03061	0.02843	0.02211	0.02865	0.01950	0.02886	0.01481	0.01078	0.01089	0.00359	0.01437	0.00969	0.00490	0.01264
22	0.02700	0.02845	0.11854	0.02775	0.03156	0.02967	0.02546	0.03132	0.01974	0.10091	0.01914	0.02555	0.01598	0.01688	0.02819	0.00436	0.42051	0.00950	0.00595	0.01353
23	0.01461	0.00985	0.01262	0.01425	0.01546	0.00927	0.00980	0.01748	0.02279	0.03221	0.13577	0.44451	0.07104	0.02925	0.01287	0.00400	0.00596	0.02627	0.10271	0.00927
24	0.03333	0.02329	0.02683	0.05675	0.02960	0.08273	0.01842	0.08427	0.02643	0.19012	0.02827	0.03517	0.02259	0.09490	0.05851	0.00546	0.15036	0.01067	0.00843	0.01388
25	0.02185	0.02033	0.02698	0.02434	0.02550	0.02647	0.01947	0.02877	0.10159	0.02979	0.03024	0.16746	0.03132	0.02201	0.02648	0.00451	0.35857	0.01516	0.00709	0.01206
26	0.01777	0.01413	0.02030	0.24578	0.03744	0.01609	0.01617	0.02071	0.01826	0.02386	0.02830	0.05426	0.02949	0.37193	0.03747	0.00777	0.01217	0.01336	0.00589	0.00883
27	0.49050	0.02057	0.02106	0.18838	0.03740	0.02439	0.01739	0.03078	0.01954	0.04256	0.01645	0.02114	0.01263	0.01036	0.00800	0.00345	0.01028	0.00705	0.00617	0.01190
28	0.01730	0.01901	0.09450	0.11265	0.03164	0.01667	0.01932	0.02256	0.01881	0.02658	0.02679	0.04075	0.02458	0.11494	0.35066	0.01259	0.02309	0.01128	0.00559	0.01069
29	0.12123	0.29455	0.11000	0.02739	0.08911	0.03434	0.05281	0.09173	0.02584	0.03691	0.01807	0.02106	0.01474	0.01006	0.00864	0.00291	0.01237	0.00747	0.00584	0.01492
30	0.02064	0.01235	0.01594	0.01435	0.01801	0.01111	0.01101	0.02537	0.03026	0.12608	0.41369	0.07677	0.13892	0.02144	0.01255	0.00345	0.00586	0.01865	0.01204	0.01152

[dist]
# distance from previous block
# <min> <max>
8	64

[block]
# block no. 3 follows, 12 sequences, length 15
# corresponding to MSA columns:
# 180-194
name=unknown_D
#
# <colnr> <probs for GDERKNQSTAVLIFYWHMCP>
#	G	D	E	R	K	N	Q	S	T	A	V	L	I	F	Y	W	H	M	C	P
0	0.03006	0.24254	0.10401	0.03039	0.09298	0.11872	0.07031	0.06540	0.08352	0.03358	0.02114	0.02381	0.01705	0.01061	0.00951	0.00297	0.01389	0.00835	0.00606	0.01509
1	0.02960	0.03578	0.11876	0.15613	0.19703	0.15032	0.02963	0.08879	0.02828	0.03555	0.01994	0.02504	0.01557	0.01079	0.01054	0.00326	0.01519	0.00885	0.00583	0.01512
2	0.02232	0.02786	0.14683	0.02725	0.11190	0.01829	0.02205	0.02922	0.02398	0.03624	0.07877	0.03004	0.02560	0.01046	0.00956	0.00249	0.01033	0.00883	0.00650	0.35148
3	0.01416	0.01054	0.01350	0.01500	0.01671	0.00943	0.01027	0.01639	0.02131	0.02868	0.05955	0.51944	0.09832	0.03121	0.01329	0.00411	0.00644	0.02810	0.00977	0.07379
4	0.01568	0.01127	0.01546	0.01546	0.01669	0.01251	0.01105	0.01815	0.01691	0.02378	0.03109	0.05329	0.03180	0.27792	0.38366	0.01497	0.02237	0.01321	0.00612	0.00859
5	0.10874	0.06651	0.03627	0.02785	0.03497	0.18118	0.12102	0.04200	0.10540	0.09358	0.02477	0.02691	0.01882	0.01191	0.01202	0.00336	0.05343	0.00950	0.00736	0.01440
6	0.46621	0.02545	0.08290	0.08729	0.08969	0.02469	0.01957	0.03202	0.02014	0.04341	0.01676	0.02064	0.01296	0.01019	0.00808	0.00340	0.01051	0.00701	0.00614	0.01295
7	0.01328	0.00949	0.01265	0.01518	0.01581	0.00886	0.01012	0.01518	0.02088	0.02783	0.06010	0.60969	0.07212	0.03416	0.01392	0.00443	0.00633	0.03100	0.01012	0.00886
8	0.01545	0.01123	0.01504	0.01432	0.01679	0.01081	0.01081	0.02040	0.02876	0.04083	0.46217	0.07537	0.09098	0.03165	0.10111	0.00565	0.00893	0.01845	0.01103	0.01020
9	0.02238	0.02369	0.08689	0.09390	0.12233	0.02219	0.02274	0.03679	0.18987	0.03543	0.03403	0.09966	0.02965	0.02571	0.09978	0.00584	0.01386	0.01311	0.00774	0.01441
10	0.02733	0.03570	0.17164	0.03930	0.05112	0.02805	0.32617	0.10999	0.02914	0.04015	0.02214	0.02746	0.01624	0.01007	0.01199	0.00356	0.01686	0.01130	0.00616	0.01563
11	0.01681	0.01009	0.01142	0.01222	0.01423	0.00963	0.00873	0.02057	0.02295	0.03533	0.08721	0.24528	0.10078	0.02225	0.01068	0.00337	0.00556	0.01929	0.33398	0.00963
12	0.02672	0.02375	0.03604	0.27879	0.22468	0.02661	0.02883	0.11346	0.06339	0.03860	0.02266	0.02869	0.01745	0.01114	0.01088	0.00344	0.01316	0.00990	0.00649	0.01530
13	0.03494	0.02646	0.08881	0.07821	0.03577	0.02491	0.02206	0.12382	0.12463	0.20827	0.03226	0.03207	0.02262	0.01370	0.01371	0.00361	0.07729	0.01041	0.00978	0.01666
14	0.02593	0.01499	0.01841	0.01750	0.02149	0.01490	0.01307	0.03517	0.13868	0.16675	0.05056	0.29754	0.04892	0.02310	0.01211	0.00387	0.00751	0.02029	0.05591	0.01331

[dist]
# distance from previous block
# <min> <max>
0	1

[block]
# block no. 4 follows, 12 sequences, length 12
# corresponding to MSA columns:
# 196-207
name=unknown_E
#
# <colnr> <probs for GDERKNQSTAVLIFYWHMCP>
#	G	D	E	R	K	N	Q	S	T	A	V	L	I	F	Y	W	H	M	C	P
0	0.42559	0.10290	0.02528	0.01881	0.02555	0.18442	0.01530	0.03543	0.02254	0.03971	0.01566	0.01825	0.01272	0.01035	0.00766	0.00309	0.01205	0.00622	0.00617	0.01231
1	0.01833	0.01172	0.01355	0.01266	0.01631	0.01038	0.00965	0.02233	0.02724	0.08874	0.23827	0.08197	0.27835	0.02249	0.01200	0.00342	0.00572	0.01904	0.09720	0.01063
2	0.02414	0.02485	0.08701	0.20900	0.04548	0.02128	0.02266	0.08711	0.02586	0.03690	0.02022	0.02523	0.01565	0.00987	0.00961	0.00269	0.01158	0.00811	0.00626	0.30650
3	0.01518	0.01029	0.01209	0.01276	0.01292	0.01012	0.00753	0.01568	0.01718	0.02290	0.04112	0.21287	0.04818	0.46365	0.04457	0.00896	0.00945	0.01984	0.00753	0.00720
4	0.01852	0.01165	0.01546	0.01499	0.01776	0.01072	0.01129	0.02290	0.02850	0.09162	0.36324	0.18740	0.08639	0.02432	0.01302	0.00373	0.00611	0.04993	0.01165	0.01082
5	0.02804	0.19275	0.10068	0.09467	0.03706	0.02905	0.02170	0.13225	0.02848	0.03871	0.01967	0.02284	0.01557	0.01012	0.00902	0.00265	0.01170	0.00761	0.00647	0.19095
6	0.02876	0.10133	0.13883	0.01974	0.02694	0.01907	0.01908	0.03223	0.02345	0.17316	0.07800	0.03493	0.02788	0.02008	0.01948	0.19568	0.01068	0.01014	0.00784	0.01270
7	0.11879	0.10048	0.19350	0.02511	0.03599	0.02685	0.05993	0.12027	0.02915	0.15203	0.02481	0.02572	0.01738	0.01126	0.00992	0.00329	0.01263	0.00880	0.00793	0.01616
8	0.02774	0.18621	0.25041	0.02886	0.04087	0.02925	0.11702	0.03769	0.05625	0.09117	0.02311	0.02551	0.01706	0.01052	0.01010	0.00322	0.01419	0.00898	0.00619	0.01567
9	0.01371	0.01015	0.01282	0.01411	0.01573	0.00925	0.00984	0.01652	0.02390	0.03181	0.18120	0.39801	0.16247	0.03025	0.01349	0.00406	0.00591	0.02697	0.01056	0.00925
10	0.09366	0.09828	0.06066	0.06194	0.09306	0.02154	0.05465	0.03165	0.02458	0.12255	0.08330	0.14071	0.03640	0.01625	0.01085	0.00347	0.01036	0.01415	0.00829	0.01366
11	0.25985	0.12767	0.06486	0.01749	0.02518	0.02333	0.01572	0.03337	0.02243	0.12810	0.02657	0.09833	0.02320	0.01348	0.00885	0.00315	0.00940	0.01022	0.00781	0.08097

[dist]
# distance from previous block
# <min> <max>
1	14

[block]
# block no. 5 follows, 12 sequences, length 31
# corresponding to MSA columns:
# 222-252
name=unknown_F
#
# <colnr> <probs for GDERKNQSTAVLIFYWHMCP>
#	G	D	E	R	K	N	Q	S	T	A	V	L	I	F	Y	W	H	M	C	P
0	0.13344	0.02060	0.02398	0.08306	0.03172	0.01920	0.01582	0.07662	0.02554	0.09937	0.02205	0.02457	0.01674	0.00981	0.00879	0.00248	0.00938	0.00757	0.00754	0.36170
1	0.02330	0.01486	0.02078	0.02256	0.07467	0.01495	0.01516	0.02629	0.02332	0.13886	0.05178	0.31747	0.09324	0.02501	0.01538	0.00406	0.07501	0.02145	0.00973	0.01213
2	0.11357	0.02275	0.02535	0.02354	0.06959	0.06967	0.01712	0.10639	0.03091	0.25120	0.06723	0.09286	0.03163	0.01523	0.01078	0.00341	0.01024	0.01239	0.01053	0.01560
3	0.07308	0.02483	0.10139	0.07278	0.03260	0.02161	0.02007	0.10212	0.11736	0.12481	0.03258	0.09081	0.02665	0.01768	0.01453	0.08117	0.01066	0.01207	0.00884	0.01436
4	0.03041	0.02800	0.08716	0.11029	0.07621	0.02614	0.05634	0.16958	0.11151	0.07951	0.02706	0.02916	0.01987	0.01172	0.01068	0.00325	0.01213	0.00991	0.00832	0.09276
5	0.02922	0.01561	0.01970	0.01693	0.02228	0.01527	0.01344	0.03666	0.08229	0.20119	0.03581	0.03839	0.02697	0.03039	0.15354	0.00668	0.01326	0.01071	0.15500	0.07666
6	0.02750	0.38222	0.04455	0.13115	0.03602	0.08365	0.01990	0.03186	0.02296	0.02790	0.01849	0.02263	0.01571	0.01020	0.00809	0.00266	0.01220	0.00720	0.08206	0.01306
7	0.01611	0.01068	0.01335	0.01321	0.01547	0.01004	0.00971	0.02073	0.02761	0.04057	0.36070	0.15658	0.08238	0.02217	0.01193	0.00340	0.00532	0.01951	0.15050	0.01004
8	0.01508	0.01101	0.01340	0.01287	0.01510	0.01016	0.00917	0.01874	0.02669	0.03654	0.36188	0.08342	0.16627	0.14724	0.02176	0.00496	0.00634	0.01948	0.01055	0.00933
9	0.01400	0.01070	0.01285	0.01313	0.01562	0.00955	0.00953	0.01750	0.02627	0.03474	0.27030	0.21966	0.25251	0.02710	0.01313	0.00376	0.00557	0.02366	0.01087	0.00955
10	0.02915	0.62337	0.05714	0.01866	0.02799	0.04314	0.01866	0.03265	0.02215	0.02565	0.01516	0.01749	0.01399	0.00933	0.00700	0.00233	0.01166	0.00583	0.00466	0.01399
11	0.12259	0.01885	0.02424	0.01882	0.02706	0.01699	0.01554	0.05073	0.02976	0.49838	0.03984	0.03490	0.02526	0.01311	0.01048	0.00337	0.00918	0.01039	0.01272	0.01779
12	0.01382	0.01002	0.01317	0.01548	0.01662	0.00937	0.01095	0.01620	0.02176	0.02860	0.06396	0.50384	0.11000	0.03309	0.01398	0.00444	0.00675	0.08881	0.01011	0.00904
13	0.01586	0.01057	0.01189	0.01189	0.01189	0.01057	0.00661	0.01586	0.01586	0.02114	0.03436	0.07135	0.03964	0.61681	0.05550	0.01057	0.01057	0.01586	0.00661	0.00661
14	0.69383	0.02109	0.01603	0.01434	0.02109	0.02446	0.01181	0.03205	0.01856	0.04892	0.01518	0.01771	0.01181	0.01012	0.00675	0.00337	0.00843	0.00590	0.00675	0.01181
15	0.01586	0.01057	0.01189	0.01189	0.01189	0.01057	0.00661	0.01586	0.01586	0.02114	0.03436	0.07135	0.03964	0.61681	0.05550	0.01057	0.01057	0.01586	0.00661	0.00661
16	0.04145	0.03054	0.03272	0.02509	0.03381	0.03381	0.02072	0.51243	0.05127	0.06872	0.02618	0.02618	0.01854	0.01309	0.01091	0.00327	0.01200	0.00982	0.01091	0.01854
17	0.01586	0.01057	0.01189	0.01189	0.01189	0.01057	0.00661	0.01586	0.01586	0.02114	0.03436	0.07135	0.03964	0.61681	0.05550	0.01057	0.01057	0.01586	0.00661	0.00661
18	0.02739	0.02494	0.03881	0.17381	0.26700	0.02686	0.06175	0.09973	0.09583	0.03958	0.02434	0.02937	0.01893	0.01109	0.01102	0.00343	0.01298	0.01029	0.00679	0.01608
19	0.69383	0.02109	0.01603	0.01434	0.02109	0.02446	0.01181	0.03205	0.01856	0.04892	0.01518	0.01771	0.01181	0.01012	0.00675	0.00337	0.00843	0.00590	0.00675	0.01181
20	0.03908	0.02682	0.11897	0.02335	0.03344	0.01972	0.05497	0.08381	0.03011	0.33129	0.03347	0.03162	0.02208	0.01201	0.01066	0.00320	0.01117	0.01000	0.01041	0.09382
21	0.01940	0.01579	0.01907	0.01531	0.02184	0.01262	0.01181	0.02399	0.02488	0.03710	0.18073	0.10728	0.04850	0.01531	0.01017	0.00248	0.00700	0.01323	0.00854	0.40496
22	0.02059	0.01938	0.03270	0.59060	0.07510	0.02422	0.03028	0.02786	0.02180	0.02786	0.01938	0.02907	0.01453	0.01090	0.01090	0.00363	0.01453	0.00969	0.00484	0.01211
23	0.02839	0.02727	0.14046	0.02014	0.03095	0.01722	0.01959	0.03480	0.02464	0.15298	0.02476	0.02598	0.01809	0.00980	0.00923	0.00241	0.01010	0.00783	0.00764	0.38774
24	0.02261	0.01938	0.02261	0.01615	0.02584	0.01453	0.01292	0.02745	0.02261	0.03553	0.01938	0.02261	0.01615	0.00807	0.00807	0.00161	0.00807	0.00646	0.00646	0.68346
25	0.01580	0.01081	0.01312	0.01312	0.01354	0.01124	0.00814	0.01664	0.01622	0.02205	0.03323	0.06514	0.03694	0.50015	0.16846	0.01209	0.01463	0.01495	0.00644	0.00729
26	0.02607	0.43402	0.04693	0.02261	0.07927	0.03451	0.01844	0.03021	0.02425	0.03045	0.12583	0.03181	0.03287	0.01207	0.00861	0.00265	0.01043	0.00913	0.00627	0.01356
27	0.03916	0.07337	0.08280	0.02889	0.07698	0.13699	0.07178	0.04449	0.02867	0.26418	0.02944	0.02918	0.02030	0.01169	0.01058	0.00321	0.01348	0.00961	0.00893	0.01627
28	0.01378	0.01070	0.01253	0.01288	0.01548	0.00946	0.00935	0.01707	0.02577	0.03351	0.23318	0.21931	0.29286	0.02753	0.01313	0.00378	0.00560	0.02391	0.01071	0.00946
29	0.01389	0.01055	0.01290	0.01419	0.01628	0.00956	0.01038	0.01681	0.02384	0.03074	0.13191	0.32380	0.23327	0.03014	0.01358	0.00413	0.00635	0.07808	0.01033	0.00927
30	0.02736	0.03425	0.18184	0.07767	0.18004	0.07417	0.06088	0.03482	0.02547	0.09273	0.03178	0.03470	0.07125	0.01236	0.01096	0.00338	0.01375	0.01072	0.00658	0.01530

[dist]
# distance from previous block
# <min> <max>
0	24

[block]
# block no. 6 follows, 12 sequences, length 18
# corresponding to MSA columns:
# 287-304
name=unknown_G
#
# <colnr> <probs for GDERKNQSTAVLIFYWHMCP>
#	G	D	E	R	K	N	Q	S	T	A	V	L	I	F	Y	W	H	M	C	P
0	0.02873	0.01899	0.02373	0.07796	0.03073	0.01717	0.01554	0.03653	0.08699	0.15963	0.02932	0.03283	0.02255	0.05826	0.01316	0.00321	0.00931	0.00935	0.00856	0.31744
1	0.02288	0.01452	0.01715	0.01582	0.02018	0.01394	0.01206	0.03137	0.11927	0.13497	0.15519	0.15620	0.19755	0.02265	0.01235	0.00370	0.00687	0.01943	0.01128	0.01260
2	0.01880	0.01135	0.01436	0.01368	0.01648	0.01055	0.01022	0.02345	0.02813	0.08253	0.34615	0.13575	0.07868	0.02123	0.01184	0.00338	0.00561	0.01860	0.13846	0.01075
3	0.16641	0.02738	0.02870	0.02240	0.03071	0.03001	0.01849	0.36885	0.04276	0.12037	0.02600	0.02581	0.01822	0.01257	0.01012	0.00330	0.01101	0.00920	0.01041	0.01726
4	0.01622	0.01240	0.01549	0.01425	0.01790	0.01075	0.01061	0.02053	0.02702	0.03819	0.32282	0.16916	0.11313	0.02216	0.01215	0.00329	0.00595	0.01951	0.01046	0.13801
5	0.02915	0.62337	0.05714	0.01866	0.02799	0.04314	0.01866	0.03265	0.02215	0.02565	0.01516	0.01749	0.01399	0.00933	0.00700	0.00233	0.01166	0.00583	0.00466	0.01399
6	0.01353	0.01088	0.01214	0.01276	0.01568	0.00949	0.00953	0.01648	0.02456	0.03045	0.12838	0.20069	0.38326	0.02867	0.01326	0.00391	0.00601	0.06079	0.01026	0.00929
7	0.15030	0.01970	0.02136	0.01581	0.02494	0.01642	0.01271	0.02833	0.02184	0.03808	0.01858	0.02168	0.01532	0.00846	0.00782	0.00195	0.00814	0.00635	0.00651	0.55569
8	0.03609	0.02654	0.02890	0.02320	0.03039	0.02907	0.01871	0.41784	0.04548	0.06094	0.03263	0.13719	0.02873	0.01710	0.01148	0.00349	0.01092	0.01385	0.01076	0.01670
9	0.56436	0.01888	0.01538	0.01450	0.02008	0.02149	0.01149	0.02884	0.01900	0.04491	0.02373	0.13033	0.02328	0.01469	0.00811	0.00357	0.00803	0.01068	0.00739	0.01125
10	0.02021	0.08575	0.01954	0.01476	0.01592	0.01365	0.01061	0.01650	0.01519	0.01977	0.01847	0.03120	0.01832	0.03433	0.03819	0.59822	0.00974	0.00902	0.00473	0.00589
11	0.03407	0.23155	0.04027	0.02459	0.03095	0.21538	0.02071	0.11370	0.02886	0.03315	0.01738	0.02075	0.01481	0.01229	0.01364	0.00307	0.11736	0.00753	0.00602	0.01393
12	0.01543	0.01115	0.01457	0.01372	0.01629	0.01029	0.01029	0.02058	0.03086	0.04372	0.54304	0.08145	0.10288	0.02229	0.01286	0.00343	0.00514	0.01972	0.01200	0.01029
13	0.02660	0.24164	0.32964	0.02664	0.03922	0.09922	0.03081	0.03503	0.02372	0.03065	0.01779	0.02079	0.01390	0.01013	0.00919	0.00301	0.01510	0.00720	0.00475	0.01499
14	0.10756	0.03170	0.16854	0.05296	0.03529	0.06478	0.02324	0.04381	0.02716	0.29222	0.03043	0.02945	0.02015	0.01198	0.01026	0.00336	0.01214	0.00927	0.00931	0.01637
15	0.56832	0.02384	0.06354	0.01630	0.02403	0.02364	0.01469	0.03449	0.02027	0.10123	0.01849	0.02021	0.01358	0.01050	0.00750	0.00338	0.00918	0.00662	0.00728	0.01289
16	0.03019	0.38829	0.04446	0.01895	0.02797	0.07975	0.01734	0.03399	0.02372	0.06964	0.01846	0.02039	0.01551	0.00953	0.00780	0.00229	0.01133	0.00648	0.00585	0.16806
17	0.02788	0.15116	0.20373	0.02428	0.03500	0.08577	0.02493	0.08242	0.08919	0.03681	0.02212	0.02404	0.01712	0.01069	0.00943	0.00288	0.01300	0.00796	0.00643	0.12512

[dist]
# distance from previous block
# <min> <max>
0	4

[block]
# block no. 7 follows, 12 sequences, length 23
# corresponding to MSA columns:
# 313-335
name=unknown_H
#
# <colnr> <probs for GDERKNQSTAVLIFYWHMCP>
#	G	D	E	R	K	N	Q	S	T	A	V	L	I	F	Y	W	H	M	C	P
0	0.47652	0.08433	0.07525	0.02062	0.02905	0.02680	0.08377	0.03273	0.02030	0.04343	0.01652	0.01978	0.01286	0.00994	0.00794	0.00332	0.01081	0.00705	0.00618	0.01281
1	0.06608	0.20657	0.11409	0.02463	0.03244	0.03146	0.06336	0.09353	0.02476	0.03478	0.01964	0.02488	0.01654	0.02145	0.09102	0.00525	0.10111	0.00863	0.00585	0.01393
2	0.32783	0.01985	0.01969	0.01652	0.02319	0.02098	0.01345	0.10023	0.02767	0.15917	0.08413	0.03824	0.07938	0.01424	0.00946	0.00340	0.00849	0.01064	0.00965	0.01379
3	0.01431	0.01048	0.01283	0.01429	0.01574	0.00980	0.01006	0.01647	0.02136	0.02753	0.06586	0.32066	0.16974	0.14870	0.02217	0.00557	0.00752	0.08884	0.00941	0.00865
4	0.02133	0.02141	0.03851	0.23059	0.05121	0.02362	0.17172	0.02786	0.02352	0.03158	0.08194	0.04123	0.07600	0.01431	0.01534	0.00379	0.09437	0.01297	0.00629	0.01241
5	0.02261	0.01938	0.02261	0.01615	0.02584	0.01453	0.01292	0.02745	0.02261	0.03553	0.01938	0.02261	0.01615	0.00807	0.00807	0.00161	0.00807	0.00646	0.00646	0.68346
6	0.02958	0.47454	0.14086	0.02085	0.03127	0.03778	0.02215	0.03471	0.02307	0.07231	0.01829	0.02011	0.01507	0.00986	0.00791	0.00261	0.01222	0.00665	0.00540	0.01475
7	0.02073	0.01254	0.01729	0.01864	0.02146	0.01202	0.01532	0.02478	0.02479	0.10371	0.05634	0.24447	0.06037	0.02893	0.01418	0.00463	0.00892	0.28944	0.01054	0.01089
8	0.01328	0.00949	0.01265	0.01518	0.01581	0.00886	0.01012	0.01518	0.02088	0.02783	0.06010	0.60969	0.07212	0.03416	0.01392	0.00443	0.00633	0.03100	0.01012	0.00886
9	0.01479	0.01112	0.01368	0.01304	0.01589	0.01001	0.00978	0.01932	0.02934	0.04010	0.43311	0.08742	0.21507	0.02364	0.01287	0.00349	0.00524	0.02056	0.01153	0.01001
10	0.04145	0.03054	0.03272	0.02509	0.03381	0.03381	0.02072	0.51243	0.05127	0.06872	0.02618	0.02618	0.01854	0.01309	0.01091	0.00327	0.01200	0.00982	0.01091	0.01854
11	0.01328	0.00949	0.01265	0.01518	0.01581	0.00886	0.01012	0.01518	0.02088	0.02783	0.06010	0.60969	0.07212	0.03416	0.01392	0.00443	0.00633	0.03100	0.01012	0.00886
12	0.02712	0.02342	0.02465	0.02219	0.02835	0.02712	0.01726	0.05794	0.52909	0.04561	0.04438	0.04068	0.03328	0.01479	0.01109	0.00370	0.00863	0.01233	0.01109	0.01726
13	0.04679	0.01903	0.02524	0.01967	0.02788	0.01711	0.01615	0.05361	0.07993	0.50636	0.04315	0.03746	0.02761	0.01362	0.01098	0.00341	0.00921	0.01110	0.01326	0.01843
14	0.02261	0.01938	0.02261	0.01615	0.02584	0.01453	0.01292	0.02745	0.02261	0.03553	0.01938	0.02261	0.01615	0.00807	0.00807	0.00161	0.00807	0.00646	0.00646	0.68346
15	0.02699	0.02591	0.04426	0.06693	0.54879	0.02591	0.03346	0.03346	0.02483	0.03562	0.02051	0.02699	0.01727	0.00972	0.01079	0.00324	0.01295	0.00972	0.00540	0.01727
16	0.01867	0.01656	0.02780	0.17175	0.10930	0.01734	0.07010	0.02357	0.02251	0.03005	0.04021	0.28126	0.04346	0.02199	0.01271	0.00404	0.01087	0.05860	0.00765	0.01154
17	0.13856	0.01279	0.01252	0.01170	0.01549	0.01314	0.00909	0.02902	0.02287	0.08805	0.03273	0.03639	0.02509	0.01233	0.00777	0.00276	0.00603	0.00950	0.50297	0.01119
18	0.03857	0.01585	0.02079	0.01677	0.02321	0.01406	0.01355	0.04309	0.02949	0.38230	0.11065	0.04395	0.03767	0.01455	0.01056	0.00321	0.00787	0.01201	0.14611	0.01573
19	0.03156	0.02084	0.03518	0.10902	0.15294	0.02022	0.10232	0.03718	0.02622	0.21195	0.03381	0.11168	0.02770	0.01446	0.01164	0.00357	0.01188	0.01360	0.00877	0.01545
20	0.08319	0.02223	0.03441	0.10806	0.03978	0.02452	0.14788	0.03652	0.16034	0.03554	0.02832	0.03601	0.02323	0.07587	0.05353	0.00529	0.05302	0.01164	0.00714	0.01348
21	0.01625	0.01168	0.01485	0.09223	0.02103	0.01228	0.01024	0.01745	0.01719	0.02275	0.03492	0.12053	0.03949	0.47350	0.04508	0.00898	0.01068	0.01655	0.00672	0.00760
22	0.03329	0.14740	0.09482	0.03560	0.15240	0.02756	0.09904	0.07079	0.02766	0.16846	0.02571	0.02760	0.01873	0.01081	0.01036	0.00318	0.01284	0.00959	0.00763	0.01652

[dist]
# distance from previous block
# <min> <max>
0	22

[block]
# block no. 8 follows, 12 sequences, length 22
# corresponding to MSA columns:
# 390-411
name=unknown_I
#
# <colnr> <probs for GDERKNQSTAVLIFYWHMCP>
#	G	D	E	R	K	N	Q	S	T	A	V	L	I	F	Y	W	H	M	C	P
0	0.45806	0.02191	0.02048	0.01701	0.02441	0.02398	0.01403	0.10658	0.02608	0.16259	0.02286	0.02318	0.01610	0.01129	0.00827	0.00336	0.00914	0.00758	0.00883	0.01426
1	0.07493	0.02367	0.06725	0.02435	0.03293	0.02060	0.12373	0.06571	0.06762	0.14557	0.02928	0.03104	0.02124	0.01123	0.01012	0.00307	0.01098	0.01006	0.10586	0.12076
2	0.02354	0.02220	0.02991	0.10787	0.03418	0.02913	0.02217	0.03268	0.12926	0.03036	0.02299	0.03155	0.02022	0.05795	0.02812	0.00477	0.34345	0.01060	0.00629	0.01275
3	0.02385	0.02385	0.03340	0.02863	0.02863	0.03340	0.02385	0.02624	0.01670	0.02624	0.01431	0.02385	0.01431	0.01908	0.03578	0.00477	0.59685	0.00954	0.00477	0.01193
4	0.01557	0.01147	0.01638	0.01619	0.01810	0.01263	0.01227	0.01939	0.02029	0.02896	0.14186	0.05381	0.04488	0.11658	0.40489	0.01383	0.02229	0.01381	0.00725	0.00958
5	0.01395	0.01000	0.01324	0.01473	0.01596	0.00930	0.01017	0.01684	0.02395	0.03272	0.20868	0.44717	0.08158	0.03051	0.01359	0.00412	0.00596	0.02753	0.01070	0.00930
6	0.55301	0.02053	0.01805	0.01544	0.02256	0.02262	0.01273	0.03666	0.02132	0.15971	0.02126	0.02195	0.01512	0.01086	0.00767	0.00337	0.00862	0.00701	0.00822	0.01328
7	0.69383	0.02109	0.01603	0.01434	0.02109	0.02446	0.01181	0.03205	0.01856	0.04892	0.01518	0.01771	0.01181	0.01012	0.00675	0.00337	0.00843	0.00590	0.00675	0.01181
8	0.02202	0.02026	0.03095	0.46649	0.06489	0.02486	0.02744	0.03443	0.13257	0.03173	0.02484	0.03160	0.01863	0.01175	0.01094	0.00365	0.01325	0.01027	0.00621	0.01324
9	0.01586	0.01057	0.01189	0.01189	0.01189	0.01057	0.00661	0.01586	0.01586	0.02114	0.03436	0.07135	0.03964	0.61681	0.05550	0.01057	0.01057	0.01586	0.00661	0.00661
10	0.01422	0.01063	0.01321	0.01354	0.01580	0.00962	0.00978	0.01787	0.02656	0.03581	0.30262	0.24247	0.19391	0.02700	0.01318	0.00378	0.00558	0.02379	0.01102	0.00962
11	0.02848	0.02214	0.02487	0.01945	0.02788	0.02115	0.01555	0.10879	0.17665	0.07891	0.02935	0.02945	0.02229	0.01116	0.00957	0.00259	0.00889	0.00899	0.00895	0.34490
12	0.02822	0.15167	0.03230	0.02129	0.06904	0.02192	0.01629	0.03281	0.02394	0.10919	0.02199	0.02396	0.01735	0.00927	0.00848	0.00216	0.00943	0.00724	0.00701	0.38643
13	0.03170	0.07029	0.09282	0.02937	0.10725	0.02098	0.08219	0.03777	0.02629	0.20266	0.03477	0.03555	0.05662	0.01227	0.01047	0.00316	0.01123	0.01076	0.06281	0.06105
14	0.01309	0.01025	0.01186	0.01315	0.01528	0.00903	0.00922	0.01541	0.02283	0.02863	0.08487	0.36142	0.30440	0.03094	0.01341	0.00406	0.00593	0.02707	0.01012	0.00903
15	0.02679	0.01614	0.02341	0.13304	0.09737	0.01629	0.01788	0.03229	0.02667	0.15867	0.14730	0.04509	0.04075	0.01433	0.01063	0.00324	0.00891	0.01237	0.15539	0.01343
16	0.02492	0.13042	0.45118	0.02850	0.04311	0.02703	0.03550	0.03570	0.02353	0.07319	0.02076	0.02335	0.01484	0.01046	0.00995	0.00329	0.01499	0.00798	0.00529	0.01601
17	0.02434	0.02709	0.08964	0.22537	0.28342	0.02557	0.10232	0.03201	0.02385	0.03298	0.02030	0.02764	0.01600	0.01007	0.01109	0.00345	0.01452	0.01002	0.00517	0.01517
18	0.01570	0.01120	0.01510	0.01510	0.01622	0.01232	0.01061	0.01792	0.01681	0.02352	0.03142	0.05508	0.03258	0.31158	0.35106	0.01454	0.02120	0.01348	0.00617	0.00839
19	0.26928	0.02567	0.07589	0.07089	0.17250	0.02524	0.02301	0.03532	0.06294	0.07046	0.02125	0.02490	0.01646	0.01127	0.01102	0.00348	0.05075	0.00846	0.00667	0.01455
20	0.01453	0.01632	0.09237	0.01750	0.02038	0.01125	0.01451	0.01800	0.02119	0.02881	0.05420	0.52430	0.06363	0.03070	0.01340	0.00429	0.00775	0.02766	0.00932	0.00991
21	0.02774	0.02780	0.08799	0.10850	0.03996	0.09152	0.09396	0.03753	0.09434	0.10431	0.07394	0.03616	0.02824	0.02045	0.07411	0.00502	0.01521	0.01130	0.00779	0.01413

[dist]
# distance from previous block
# <min> <max>
0	2

[block]
# block no. 9 follows, 12 sequences, length 16
# corresponding to MSA columns:
# 414-429
name=unknown_J
#
# <colnr> <probs for GDERKNQSTAVLIFYWHMCP>
#	G	D	E	R	K	N	Q	S	T	A	V	L	I	F	Y	W	H	M	C	P
0	0.01319	0.00987	0.01226	0.01417	0.01555	0.00894	0.00967	0.01530	0.02185	0.02823	0.07244	0.48597	0.18787	0.03256	0.01366	0.00425	0.00613	0.02904	0.01012	0.00894
1	0.02337	0.02051	0.02636	0.02494	0.11638	0.01650	0.01648	0.02850	0.02299	0.03555	0.01958	0.02337	0.01634	0.00836	0.00855	0.00190	0.00892	0.00702	0.00628	0.56812
2	0.02225	0.01885	0.02638	0.06238	0.03019	0.01933	0.05526	0.02874	0.06675	0.05614	0.03200	0.17000	0.03148	0.01751	0.01529	0.00342	0.11097	0.01448	0.00761	0.21099
3	0.01742	0.01306	0.02002	0.15677	0.03133	0.01516	0.01619	0.02020	0.01781	0.02436	0.02561	0.04105	0.02412	0.11808	0.28440	0.12850	0.02006	0.01129	0.00549	0.00909
4	0.02172	0.01873	0.02570	0.08999	0.12011	0.01770	0.01869	0.02933	0.06911	0.03605	0.09640	0.07123	0.03573	0.01423	0.01062	0.00296	0.00937	0.04810	0.00771	0.25652
5	0.49053	0.20530	0.02860	0.01566	0.02320	0.03017	0.01390	0.03223	0.01966	0.04180	0.01517	0.01764	0.01248	0.00988	0.00682	0.00306	0.00942	0.00588	0.00611	0.01248
6	0.03351	0.02486	0.02709	0.02239	0.02944	0.02751	0.01795	0.24192	0.24905	0.09167	0.08360	0.03826	0.03328	0.01470	0.01117	0.00347	0.00974	0.01189	0.01128	0.01723
7	0.02985	0.15595	0.14292	0.02413	0.03318	0.02652	0.07697	0.10105	0.02717	0.11790	0.02612	0.03363	0.02139	0.11589	0.01792	0.00444	0.01281	0.01019	0.00736	0.01459
8	0.02234	0.12482	0.03993	0.10238	0.03943	0.02540	0.14967	0.02794	0.02333	0.03031	0.03675	0.05403	0.08423	0.01687	0.01466	0.00383	0.07983	0.10527	0.00662	0.01236
9	0.02810	0.09228	0.10261	0.02334	0.03140	0.02289	0.10286	0.07787	0.06314	0.09907	0.02946	0.03207	0.02197	0.01168	0.00975	0.00308	0.01094	0.01008	0.21303	0.01439
10	0.01898	0.01268	0.01644	0.01475	0.01823	0.01170	0.01107	0.02327	0.02649	0.07846	0.31804	0.06493	0.06978	0.09468	0.09137	0.00589	0.00961	0.01601	0.01006	0.08755
11	0.02831	0.02011	0.03218	0.22283	0.20274	0.02103	0.02537	0.03436	0.02607	0.15229	0.09459	0.03720	0.02993	0.01264	0.01114	0.00343	0.01161	0.01132	0.00793	0.01492
12	0.01744	0.01413	0.01680	0.01515	0.02034	0.01175	0.01194	0.02143	0.02409	0.03313	0.09692	0.13636	0.18008	0.02137	0.01165	0.00324	0.00729	0.09607	0.00894	0.25188
13	0.19650	0.01969	0.02273	0.11721	0.03265	0.02164	0.01699	0.13277	0.02816	0.10247	0.03247	0.16882	0.03025	0.01717	0.01060	0.00366	0.00984	0.01413	0.00891	0.01336
14	0.28124	0.16919	0.02923	0.01709	0.02478	0.02825	0.01479	0.11425	0.02595	0.04438	0.01937	0.02172	0.01544	0.01044	0.00776	0.00283	0.00950	0.00701	0.06651	0.09028
15	0.02935	0.01895	0.02558	0.02089	0.02729	0.01778	0.05827	0.12030	0.02962	0.15756	0.03947	0.21764	0.03725	0.01880	0.01158	0.00342	0.00943	0.01664	0.00999	0.13019

[dist]
# distance from previous block
# <min> <max>
3	233

# created by:
# /st0/software/busco_prod/Augustus/scripts/msa2prfl.pl ./align_prep/2724.fa
