[name]
unknown

[dist]
# distance from previous block
# <min> <max>
0	171

[block]
# block no. 0 follows, 10 sequences, length 8
# corresponding to MSA columns:
# 591-598
name=unknown_A
#
# <colnr> <probs for GDERKNQSTAVLIFYWHMCP>
#	G	D	E	R	K	N	Q	S	T	A	V	L	I	F	Y	W	H	M	C	P
0	0.02288	0.09443	0.03223	0.12361	0.16456	0.02279	0.02086	0.02658	0.02149	0.02862	0.02720	0.04795	0.02761	0.25746	0.03127	0.00672	0.01284	0.01260	0.00610	0.01219
1	0.02803	0.02816	0.11341	0.02192	0.02861	0.02377	0.01939	0.17481	0.07545	0.04399	0.03201	0.04825	0.02945	0.24700	0.03078	0.00671	0.01263	0.01299	0.00860	0.01404
2	0.03969	0.13487	0.08056	0.09476	0.03978	0.07751	0.02320	0.11447	0.03284	0.20659	0.02939	0.02966	0.02051	0.01262	0.01073	0.00336	0.01326	0.00964	0.00938	0.01717
3	0.01780	0.03063	0.22241	0.02230	0.03020	0.01661	0.02347	0.02462	0.02392	0.03287	0.05579	0.27714	0.12636	0.02498	0.01312	0.00417	0.01082	0.02172	0.00842	0.01264
4	0.02492	0.07339	0.06859	0.06315	0.02926	0.01863	0.01770	0.03163	0.06042	0.11798	0.09303	0.21767	0.09168	0.02269	0.01260	0.00394	0.00944	0.01962	0.01015	0.01351
5	0.11388	0.02383	0.02554	0.01982	0.02891	0.02295	0.01594	0.11796	0.10995	0.04809	0.02596	0.02742	0.02020	0.01110	0.00953	0.00267	0.00953	0.00854	0.00864	0.34953
6	0.17851	0.02800	0.02800	0.02234	0.03048	0.11082	0.05707	0.07283	0.02827	0.08668	0.02383	0.02644	0.01819	0.01118	0.00955	0.00296	0.01197	0.00854	0.06499	0.17934
7	0.01396	0.01093	0.01266	0.01405	0.01630	0.00963	0.00984	0.01644	0.02433	0.03053	0.09025	0.35406	0.28966	0.03304	0.01431	0.00434	0.00633	0.02892	0.01080	0.00963

[dist]
# distance from previous block
# <min> <max>
0	2

[block]
# block no. 1 follows, 10 sequences, length 18
# corresponding to MSA columns:
# 601-604,614-627
name=unknown_B
#
# <colnr> <probs for GDERKNQSTAVLIFYWHMCP>
#	G	D	E	R	K	N	Q	S	T	A	V	L	I	F	Y	W	H	M	C	P
0	0.03359	0.07254	0.15304	0.03330	0.08506	0.03123	0.07441	0.22204	0.03759	0.05181	0.02389	0.02666	0.01774	0.01178	0.01116	0.00335	0.01418	0.00977	0.00810	0.07875
1	0.03427	0.02764	0.02930	0.02475	0.03228	0.03142	0.01970	0.20781	0.34300	0.05726	0.04056	0.03799	0.03001	0.01514	0.01176	0.00379	0.01046	0.01221	0.01176	0.01889
2	0.01630	0.01296	0.01866	0.14091	0.03179	0.01355	0.01619	0.02000	0.02328	0.03030	0.05904	0.37462	0.10317	0.02976	0.01411	0.00451	0.00900	0.06197	0.00951	0.01038
3	0.03690	0.09378	0.15872	0.08569	0.04244	0.14542	0.02721	0.08840	0.03126	0.14287	0.02588	0.02749	0.01845	0.01225	0.01085	0.00340	0.01539	0.00917	0.00794	0.01650
4	0.01702	0.01290	0.01586	0.01568	0.01849	0.01247	0.01152	0.02444	0.08056	0.04141	0.31856	0.19795	0.13618	0.02638	0.01377	0.00396	0.00622	0.02328	0.01203	0.01132
5	0.01407	0.01050	0.01310	0.01519	0.01660	0.00953	0.01035	0.01631	0.02323	0.03008	0.07634	0.47617	0.17653	0.03485	0.01459	0.00454	0.00655	0.03112	0.01080	0.00953
6	0.02876	0.10772	0.12877	0.07241	0.09139	0.03108	0.07718	0.03802	0.06855	0.07629	0.02398	0.02868	0.01879	0.01359	0.01726	0.00388	0.14095	0.01020	0.00664	0.01587
7	0.10755	0.02760	0.04011	0.07717	0.07675	0.02865	0.12553	0.18658	0.03628	0.13720	0.02780	0.03011	0.01966	0.01230	0.01163	0.00365	0.01372	0.01096	0.00938	0.01740
8	0.01952	0.01385	0.02144	0.05903	0.02700	0.01339	0.05361	0.02319	0.02419	0.07214	0.05574	0.40236	0.06238	0.03008	0.01439	0.00457	0.00917	0.07247	0.01026	0.01123
9	0.33675	0.15615	0.03065	0.01884	0.02694	0.07637	0.01613	0.04025	0.02475	0.14548	0.02268	0.02344	0.01680	0.01148	0.00852	0.00329	0.01107	0.00754	0.00811	0.01474
10	0.01629	0.01101	0.01287	0.01348	0.01364	0.01086	0.00790	0.01675	0.01813	0.02418	0.04290	0.19178	0.05018	0.46482	0.04909	0.00978	0.01024	0.02059	0.00790	0.00759
11	0.02454	0.02826	0.13901	0.06351	0.03669	0.02202	0.06497	0.03497	0.07924	0.08073	0.18870	0.04970	0.05007	0.01687	0.01491	0.00386	0.06391	0.01422	0.00920	0.01462
12	0.03105	0.02810	0.03249	0.24722	0.05269	0.08288	0.02539	0.14228	0.15308	0.04437	0.02888	0.03244	0.02155	0.01326	0.01156	0.00371	0.01384	0.01079	0.00844	0.01595
13	0.03502	0.02061	0.02424	0.02014	0.02670	0.02108	0.01608	0.12620	0.13074	0.19102	0.14845	0.04930	0.04701	0.01666	0.01185	0.00358	0.00888	0.01381	0.07196	0.01668
14	0.03423	0.02380	0.02646	0.02299	0.03012	0.02623	0.01811	0.06063	0.39187	0.15761	0.04701	0.04253	0.03397	0.01546	0.01180	0.00387	0.00936	0.01282	0.01242	0.01872
15	0.02412	0.02067	0.02412	0.01723	0.02756	0.01550	0.01378	0.02929	0.02412	0.03790	0.02067	0.02412	0.01723	0.00861	0.00861	0.00172	0.00861	0.00689	0.00689	0.66236
16	0.01897	0.01633	0.02764	0.02247	0.02727	0.01518	0.11706	0.02544	0.03168	0.04450	0.40113	0.07423	0.08875	0.02059	0.01372	0.00372	0.00870	0.01937	0.01123	0.01205
17	0.02745	0.03137	0.06863	0.04902	0.06078	0.02941	0.47647	0.03725	0.02745	0.03725	0.02353	0.03137	0.01765	0.00980	0.01373	0.00392	0.01961	0.01373	0.00588	0.01569

[dist]
# distance from previous block
# <min> <max>
0	4

[block]
# block no. 2 follows, 10 sequences, length 10
# corresponding to MSA columns:
# 632-641
name=unknown_C
#
# <colnr> <probs for GDERKNQSTAVLIFYWHMCP>
#	G	D	E	R	K	N	Q	S	T	A	V	L	I	F	Y	W	H	M	C	P
0	0.03864	0.03187	0.15637	0.03773	0.16959	0.02244	0.02858	0.04602	0.02927	0.27166	0.03312	0.03292	0.02248	0.01246	0.01149	0.00358	0.01277	0.01057	0.00968	0.01878
1	0.04444	0.02004	0.02620	0.01974	0.02910	0.01666	0.01618	0.04913	0.03076	0.39198	0.03893	0.03532	0.02560	0.01280	0.01085	0.00308	0.00954	0.01037	0.01233	0.19696
2	0.03139	0.18048	0.03450	0.02095	0.02831	0.02940	0.01761	0.04819	0.23320	0.11552	0.10146	0.04187	0.03885	0.01504	0.01086	0.00345	0.00970	0.01208	0.01047	0.01665
3	0.01823	0.01543	0.01620	0.01537	0.01990	0.01521	0.01171	0.02970	0.15712	0.03783	0.14145	0.09030	0.33797	0.02506	0.01322	0.00390	0.00676	0.02102	0.01130	0.01231
4	0.21110	0.02120	0.02209	0.01667	0.02610	0.01855	0.01344	0.03070	0.02287	0.04201	0.01938	0.02261	0.01589	0.00924	0.00821	0.00226	0.00872	0.00672	0.00698	0.47524
5	0.01884	0.17228	0.02658	0.01722	0.02045	0.01953	0.01331	0.02133	0.02264	0.02905	0.05089	0.42789	0.05983	0.02913	0.01281	0.00411	0.00832	0.02566	0.00919	0.01096
6	0.01851	0.01626	0.02850	0.02438	0.02795	0.01540	0.13827	0.02218	0.02238	0.03002	0.04617	0.30672	0.05207	0.16538	0.02543	0.00611	0.01141	0.02376	0.00852	0.01058
7	0.11893	0.01508	0.01650	0.01438	0.01957	0.01477	0.01140	0.03687	0.02642	0.18850	0.03736	0.03893	0.02718	0.01343	0.00907	0.00309	0.00724	0.01048	0.37708	0.01374
8	0.46499	0.02449	0.02386	0.02482	0.09173	0.02762	0.01723	0.08527	0.06350	0.05228	0.02078	0.02322	0.01604	0.01149	0.00864	0.00360	0.01008	0.00786	0.00786	0.01464
9	0.21145	0.03687	0.02943	0.02610	0.03053	0.24079	0.02069	0.03723	0.02454	0.03485	0.01663	0.02181	0.01441	0.01430	0.01833	0.00382	0.19115	0.00801	0.00604	0.01300

[dist]
# distance from previous block
# <min> <max>
0	4

[block]
# block no. 3 follows, 10 sequences, length 24
# corresponding to MSA columns:
# 646-669
name=unknown_D
#
# <colnr> <probs for GDERKNQSTAVLIFYWHMCP>
#	G	D	E	R	K	N	Q	S	T	A	V	L	I	F	Y	W	H	M	C	P
0	0.01606	0.01158	0.01519	0.01490	0.01729	0.01071	0.01094	0.02095	0.03107	0.04369	0.43457	0.17329	0.10403	0.02598	0.01391	0.00384	0.00571	0.02313	0.01245	0.01071
1	0.02647	0.26134	0.26109	0.02526	0.03846	0.03236	0.02897	0.03474	0.02412	0.03336	0.01902	0.02220	0.01524	0.01020	0.00924	0.00288	0.01386	0.00738	0.00528	0.12854
2	0.04693	0.01995	0.02836	0.11508	0.03846	0.01862	0.01974	0.05199	0.03154	0.44031	0.04150	0.03809	0.02648	0.01391	0.01168	0.00365	0.01087	0.01146	0.01279	0.01860
3	0.02577	0.01787	0.02487	0.02646	0.10801	0.01805	0.05659	0.07647	0.02817	0.04498	0.03281	0.03814	0.02569	0.01270	0.00959	0.00303	0.00892	0.01098	0.41736	0.01352
4	0.02676	0.02271	0.02443	0.02210	0.02801	0.02581	0.01712	0.05487	0.41685	0.04830	0.12826	0.05096	0.04842	0.01717	0.01216	0.00389	0.00856	0.01452	0.01200	0.01712
5	0.56005	0.02047	0.01601	0.01452	0.02094	0.02344	0.01182	0.03296	0.02059	0.05065	0.01998	0.02315	0.01559	0.01128	0.00736	0.00344	0.00837	0.00709	0.12002	0.01229
6	0.04421	0.03258	0.03490	0.02676	0.03607	0.03607	0.02211	0.47993	0.05468	0.07330	0.02792	0.02792	0.01978	0.01396	0.01163	0.00349	0.01280	0.01047	0.01163	0.01978
7	0.67341	0.02249	0.01709	0.01529	0.02249	0.02609	0.01260	0.03419	0.01979	0.05218	0.01619	0.01889	0.01260	0.01080	0.00720	0.00360	0.00900	0.00630	0.00720	0.01260
8	0.02879	0.02763	0.04721	0.07139	0.51871	0.02763	0.03569	0.03569	0.02648	0.03800	0.02188	0.02879	0.01842	0.01036	0.01151	0.00345	0.01382	0.01036	0.00576	0.01842
9	0.02893	0.02498	0.02630	0.02367	0.03024	0.02893	0.01841	0.06180	0.49770	0.04865	0.04734	0.04339	0.03550	0.01578	0.01183	0.00394	0.00920	0.01315	0.01183	0.01841
10	0.01417	0.01012	0.01350	0.01619	0.01687	0.00945	0.01080	0.01619	0.02227	0.02969	0.06410	0.58367	0.07692	0.03644	0.01484	0.00472	0.00675	0.03306	0.01080	0.00945
11	0.05218	0.01979	0.02699	0.02069	0.02969	0.01709	0.01709	0.05668	0.03329	0.52677	0.04588	0.03959	0.02879	0.01439	0.01170	0.00360	0.00990	0.01170	0.01439	0.01979
12	0.01691	0.01128	0.01268	0.01268	0.01268	0.01128	0.00705	0.01691	0.01691	0.02255	0.03665	0.07611	0.04228	0.59126	0.05920	0.01128	0.01128	0.01691	0.00705	0.00705
13	0.01578	0.01136	0.01494	0.01510	0.01723	0.01052	0.01092	0.02024	0.02976	0.04161	0.37960	0.23417	0.10001	0.02753	0.01405	0.00397	0.00586	0.02460	0.01221	0.01052
14	0.01433	0.01062	0.01338	0.01518	0.01670	0.00968	0.01044	0.01689	0.02419	0.03178	0.12097	0.44120	0.16459	0.03378	0.01452	0.00446	0.00645	0.03017	0.01101	0.00968
15	0.02412	0.02067	0.02412	0.01723	0.02756	0.01550	0.01378	0.02929	0.02412	0.03790	0.02067	0.02412	0.01723	0.00861	0.00861	0.00172	0.00861	0.00689	0.00689	0.66236
16	0.01665	0.01194	0.01613	0.01750	0.01965	0.01142	0.01372	0.02115	0.02780	0.03776	0.22814	0.23840	0.08540	0.03023	0.01487	0.00456	0.00771	0.17498	0.01150	0.01046
17	0.01622	0.01314	0.01456	0.01398	0.01775	0.01213	0.01055	0.02305	0.07582	0.03851	0.25015	0.09624	0.32350	0.02608	0.01354	0.00383	0.00608	0.02217	0.01161	0.01108
18	0.02333	0.06016	0.53100	0.03315	0.05034	0.02701	0.04297	0.03683	0.02455	0.03683	0.02087	0.02455	0.01473	0.01105	0.01105	0.00368	0.01719	0.00859	0.00491	0.01719
19	0.02038	0.01883	0.02839	0.17511	0.18185	0.01933	0.02300	0.02576	0.02564	0.03292	0.06372	0.06591	0.23541	0.01909	0.01252	0.00377	0.01078	0.01659	0.00782	0.01319
20	0.01465	0.01047	0.01405	0.01675	0.01763	0.00986	0.01164	0.01703	0.02274	0.03023	0.06384	0.53586	0.07587	0.03598	0.01497	0.00479	0.00717	0.07610	0.01079	0.00958
21	0.03054	0.02160	0.03163	0.32540	0.05762	0.02470	0.02581	0.11352	0.02967	0.11480	0.02590	0.03225	0.01884	0.01542	0.01509	0.07089	0.01358	0.01055	0.00777	0.01443
22	0.02266	0.02138	0.03614	0.51311	0.12486	0.02602	0.03265	0.03033	0.02359	0.03056	0.02079	0.03078	0.01580	0.01150	0.01162	0.00383	0.01533	0.01034	0.00523	0.01348
23	0.03008	0.01565	0.02022	0.01878	0.02314	0.01470	0.01406	0.07625	0.02925	0.20283	0.05430	0.34343	0.05487	0.02671	0.01346	0.00422	0.00842	0.02355	0.01210	0.01399

[dist]
# distance from previous block
# <min> <max>
0	2

[block]
# block no. 4 follows, 10 sequences, length 36
# corresponding to MSA columns:
# 672-707
name=unknown_E
#
# <colnr> <probs for GDERKNQSTAVLIFYWHMCP>
#	G	D	E	R	K	N	Q	S	T	A	V	L	I	F	Y	W	H	M	C	P
0	0.02376	0.10002	0.36557	0.03380	0.09677	0.02674	0.03583	0.03457	0.02578	0.03737	0.08494	0.03265	0.02761	0.01254	0.01112	0.00354	0.01484	0.01020	0.00605	0.01630
1	0.11418	0.14673	0.17940	0.08811	0.04433	0.03238	0.06977	0.11990	0.02963	0.04321	0.02092	0.02468	0.01581	0.01131	0.01028	0.00345	0.01440	0.00887	0.00663	0.01602
2	0.11408	0.02704	0.08473	0.07658	0.08298	0.02241	0.02189	0.07628	0.02754	0.09267	0.02350	0.02653	0.01773	0.01072	0.00987	0.00292	0.01130	0.00849	0.00765	0.25508
3	0.01555	0.01088	0.01395	0.01588	0.01663	0.01048	0.01077	0.01743	0.02134	0.02833	0.05597	0.38023	0.06577	0.19348	0.02760	0.00667	0.00855	0.08183	0.00972	0.00893
4	0.02664	0.02495	0.03960	0.21950	0.29307	0.02729	0.03157	0.03839	0.10850	0.03724	0.02598	0.03207	0.02050	0.01172	0.01161	0.00367	0.01354	0.01085	0.00664	0.01667
5	0.02410	0.02207	0.03381	0.17102	0.22706	0.02302	0.02648	0.03295	0.07374	0.03576	0.03599	0.08871	0.06599	0.01507	0.01180	0.00360	0.01195	0.01360	0.00723	0.07606
6	0.02445	0.02399	0.03372	0.02920	0.02944	0.03325	0.02422	0.02718	0.01791	0.02788	0.01705	0.02772	0.01682	0.02787	0.09516	0.00662	0.50940	0.01043	0.00522	0.01246
7	0.02835	0.03471	0.12284	0.04306	0.05420	0.03032	0.33365	0.07921	0.02881	0.03983	0.02284	0.02959	0.01725	0.01135	0.01545	0.00396	0.06994	0.01241	0.00624	0.01600
8	0.01557	0.01185	0.01431	0.01370	0.01683	0.01059	0.01027	0.02022	0.03082	0.04164	0.38300	0.09510	0.24243	0.02564	0.01373	0.00375	0.00562	0.02219	0.01215	0.01059
9	0.67341	0.02249	0.01709	0.01529	0.02249	0.02609	0.01260	0.03419	0.01979	0.05218	0.01619	0.01889	0.01260	0.01080	0.00720	0.00360	0.00900	0.00630	0.00720	0.01260
10	0.05218	0.01979	0.02699	0.02069	0.02969	0.01709	0.01709	0.05668	0.03329	0.52677	0.04588	0.03959	0.02879	0.01439	0.01170	0.00360	0.00990	0.01170	0.01439	0.01979
11	0.01570	0.01169	0.01460	0.01423	0.01700	0.01059	0.01054	0.02034	0.03060	0.04196	0.39020	0.14168	0.18563	0.02616	0.01384	0.00382	0.00569	0.02293	0.01221	0.01059
12	0.01511	0.01184	0.01367	0.01321	0.01655	0.01040	0.00991	0.01933	0.02973	0.03906	0.31589	0.09936	0.31115	0.02661	0.01373	0.00379	0.00569	0.02278	0.01181	0.01040
13	0.01568	0.01186	0.01446	0.01381	0.01689	0.01064	0.01036	0.02043	0.03107	0.04224	0.39850	0.09412	0.22656	0.02542	0.01373	0.00374	0.00560	0.02205	0.01222	0.01064
14	0.04421	0.03258	0.03490	0.02676	0.03607	0.03607	0.02211	0.47993	0.05468	0.07330	0.02792	0.02792	0.01978	0.01396	0.01163	0.00349	0.01280	0.01047	0.01163	0.01978
15	0.02412	0.02067	0.02412	0.01723	0.02756	0.01550	0.01378	0.02929	0.02412	0.03790	0.02067	0.02412	0.01723	0.00861	0.00861	0.00172	0.00861	0.00689	0.00689	0.66236
16	0.02893	0.02498	0.02630	0.02367	0.03024	0.02893	0.01841	0.06180	0.49770	0.04865	0.04734	0.04339	0.03550	0.01578	0.01183	0.00394	0.00920	0.01315	0.01183	0.01841
17	0.02196	0.02067	0.03488	0.56331	0.08010	0.02584	0.03230	0.02972	0.02326	0.02972	0.02067	0.03101	0.01550	0.01163	0.01163	0.00388	0.01550	0.01034	0.00517	0.01292
18	0.02333	0.06016	0.53100	0.03315	0.05034	0.02701	0.04297	0.03683	0.02455	0.03683	0.02087	0.02455	0.01473	0.01105	0.01105	0.00368	0.01719	0.00859	0.00491	0.01719
19	0.01417	0.01012	0.01350	0.01619	0.01687	0.00945	0.01080	0.01619	0.02227	0.02969	0.06410	0.58367	0.07692	0.03644	0.01484	0.00472	0.00675	0.03306	0.01080	0.00945
20	0.05218	0.01979	0.02699	0.02069	0.02969	0.01709	0.01709	0.05668	0.03329	0.52677	0.04588	0.03959	0.02879	0.01439	0.01170	0.00360	0.00990	0.01170	0.01439	0.01979
21	0.02471	0.02347	0.03984	0.36541	0.25655	0.02656	0.03367	0.03212	0.02455	0.03305	0.02116	0.03011	0.01668	0.01112	0.01158	0.00371	0.01483	0.01035	0.00540	0.01513
22	0.02745	0.03137	0.06863	0.04902	0.06078	0.02941	0.47647	0.03725	0.02745	0.03725	0.02353	0.03137	0.01765	0.00980	0.01373	0.00392	0.01961	0.01373	0.00588	0.01569
23	0.01375	0.01178	0.01178	0.01178	0.01571	0.00982	0.00884	0.01669	0.02651	0.03142	0.11782	0.11193	0.51399	0.02946	0.01375	0.00393	0.00589	0.02455	0.01080	0.00982
24	0.02025	0.01739	0.02440	0.07382	0.02761	0.02197	0.01791	0.02304	0.01833	0.02636	0.02622	0.04583	0.02672	0.19820	0.18296	0.01050	0.20932	0.01272	0.00596	0.01050
25	0.15948	0.19125	0.09188	0.02189	0.03128	0.03206	0.02059	0.08002	0.11857	0.10663	0.02760	0.02766	0.02065	0.01228	0.00956	0.00335	0.01137	0.00891	0.00852	0.01644
26	0.01646	0.01189	0.01555	0.01463	0.01738	0.01097	0.01097	0.02195	0.03292	0.04664	0.51257	0.08688	0.10974	0.02378	0.01372	0.00366	0.00549	0.02103	0.01280	0.01097
27	0.04836	0.01882	0.02564	0.02024	0.02840	0.01633	0.01646	0.05261	0.03218	0.47684	0.04771	0.09423	0.03362	0.01661	0.01201	0.00371	0.00958	0.01384	0.01403	0.01875
28	0.10056	0.03449	0.17933	0.02913	0.04048	0.02462	0.10526	0.04585	0.08915	0.18684	0.03182	0.03214	0.02196	0.01243	0.01142	0.00373	0.01354	0.01079	0.00907	0.01739
29	0.02412	0.02067	0.02412	0.01723	0.02756	0.01550	0.01378	0.02929	0.02412	0.03790	0.02067	0.02412	0.01723	0.00861	0.00861	0.00172	0.00861	0.00689	0.00689	0.66236
30	0.01663	0.01116	0.01277	0.01305	0.01312	0.01109	0.00743	0.01684	0.01747	0.02329	0.03948	0.12852	0.04586	0.53397	0.05462	0.01060	0.01081	0.01858	0.00743	0.00729
31	0.01911	0.01240	0.01529	0.01520	0.01824	0.01123	0.01132	0.02260	0.02707	0.08404	0.18362	0.18705	0.19787	0.08044	0.01819	0.00480	0.00731	0.06209	0.01129	0.01086
32	0.03707	0.03025	0.14731	0.13816	0.04769	0.02230	0.06889	0.04478	0.02868	0.26699	0.03290	0.03363	0.02181	0.01263	0.01172	0.00371	0.01362	0.01090	0.00954	0.01740
33	0.04068	0.02863	0.03129	0.02504	0.03349	0.03144	0.02034	0.29922	0.18462	0.12530	0.03609	0.03409	0.02567	0.01456	0.01170	0.00364	0.01134	0.01143	0.01206	0.01937
34	0.01581	0.01154	0.01499	0.01573	0.01795	0.01072	0.01174	0.01999	0.02829	0.03853	0.28075	0.24531	0.13220	0.02923	0.01437	0.00423	0.00659	0.07993	0.01173	0.01037
35	0.09571	0.02049	0.02812	0.12330	0.03864	0.01915	0.05984	0.02895	0.02354	0.03682	0.02612	0.09879	0.02424	0.01318	0.01032	0.00294	0.01074	0.01154	0.00702	0.32056

[dist]
# distance from previous block
# <min> <max>
0	18

[block]
# block no. 5 follows, 10 sequences, length 11
# corresponding to MSA columns:
# 726-736
name=unknown_F
#
# <colnr> <probs for GDERKNQSTAVLIFYWHMCP>
#	G	D	E	R	K	N	Q	S	T	A	V	L	I	F	Y	W	H	M	C	P
0	0.38201	0.09255	0.02344	0.01730	0.02343	0.02562	0.01439	0.03364	0.06796	0.04300	0.02431	0.03453	0.02153	0.01700	0.01335	0.08575	0.00976	0.05065	0.00746	0.01234
1	0.02357	0.06954	0.02374	0.07106	0.02748	0.01806	0.01551	0.07016	0.02815	0.08542	0.10627	0.30529	0.05879	0.02553	0.01307	0.00406	0.00889	0.02246	0.01040	0.01255
2	0.02882	0.02289	0.02997	0.03334	0.15065	0.02296	0.02097	0.04403	0.19590	0.08857	0.03708	0.08603	0.03081	0.01479	0.01138	0.00342	0.01008	0.01293	0.00948	0.14590
3	0.03776	0.02284	0.02707	0.02097	0.03001	0.02142	0.01697	0.10923	0.11677	0.21739	0.03539	0.03358	0.02495	0.01271	0.01071	0.00304	0.00977	0.01022	0.01110	0.22810
4	0.02409	0.01661	0.02649	0.02504	0.02973	0.01601	0.08016	0.02993	0.02768	0.09651	0.05450	0.10633	0.05554	0.02691	0.01520	0.00494	0.01181	0.32950	0.01052	0.01251
5	0.01411	0.01035	0.01326	0.01560	0.01671	0.00950	0.01053	0.01626	0.02284	0.02992	0.07133	0.52016	0.13577	0.03550	0.01470	0.00462	0.00663	0.03192	0.01080	0.00950
6	0.01417	0.01012	0.01350	0.01619	0.01687	0.00945	0.01080	0.01619	0.02227	0.02969	0.06410	0.58367	0.07692	0.03644	0.01484	0.00472	0.00675	0.03306	0.01080	0.00945
7	0.01646	0.01189	0.01555	0.01463	0.01738	0.01097	0.01097	0.02195	0.03292	0.04664	0.51257	0.08688	0.10974	0.02378	0.01372	0.00366	0.00549	0.02103	0.01280	0.01097
8	0.67341	0.02249	0.01709	0.01529	0.02249	0.02609	0.01260	0.03419	0.01979	0.05218	0.01619	0.01889	0.01260	0.01080	0.00720	0.00360	0.00900	0.00630	0.00720	0.01260
9	0.67341	0.02249	0.01709	0.01529	0.02249	0.02609	0.01260	0.03419	0.01979	0.05218	0.01619	0.01889	0.01260	0.01080	0.00720	0.00360	0.00900	0.00630	0.00720	0.01260
10	0.11298	0.02624	0.02693	0.02326	0.03048	0.03005	0.01844	0.14492	0.34598	0.05420	0.03941	0.03711	0.02937	0.01478	0.01121	0.00381	0.00992	0.01173	0.01121	0.01796

[dist]
# distance from previous block
# <min> <max>
0	2

[block]
# block no. 6 follows, 10 sequences, length 35
# corresponding to MSA columns:
# 739-773
name=unknown_G
#
# <colnr> <probs for GDERKNQSTAVLIFYWHMCP>
#	G	D	E	R	K	N	Q	S	T	A	V	L	I	F	Y	W	H	M	C	P
0	0.03078	0.51559	0.05595	0.02044	0.02991	0.04356	0.01969	0.03872	0.09200	0.03043	0.02066	0.02222	0.01789	0.01079	0.00809	0.00270	0.01197	0.00722	0.00596	0.01543
1	0.02086	0.01694	0.02047	0.01612	0.02323	0.01358	0.01259	0.02616	0.02786	0.04162	0.22993	0.05082	0.05658	0.01506	0.01078	0.00255	0.00728	0.01291	0.00941	0.38526
2	0.04715	0.02394	0.02699	0.02142	0.02968	0.07269	0.01738	0.09087	0.03462	0.38989	0.04772	0.04299	0.06947	0.01544	0.01175	0.00356	0.01095	0.01229	0.01296	0.01826
3	0.03013	0.11430	0.09579	0.08637	0.12898	0.08687	0.11337	0.03680	0.02673	0.07687	0.02657	0.07672	0.02282	0.01323	0.01151	0.00354	0.01508	0.01202	0.00676	0.01553
4	0.03109	0.59826	0.06095	0.01990	0.02985	0.04602	0.01990	0.03483	0.02363	0.02736	0.01617	0.01866	0.01493	0.00995	0.00746	0.00249	0.01244	0.00622	0.00498	0.01493
5	0.01613	0.01163	0.01525	0.01486	0.01730	0.01075	0.01095	0.02112	0.03139	0.04419	0.44790	0.15852	0.10501	0.02560	0.01388	0.00381	0.00567	0.02277	0.01251	0.01075
6	0.09825	0.02392	0.03213	0.13418	0.11064	0.02497	0.02333	0.13187	0.03344	0.22458	0.03117	0.03211	0.02141	0.01286	0.01123	0.00361	0.01206	0.01050	0.01014	0.01760
7	0.09716	0.02243	0.03269	0.10281	0.03998	0.02324	0.07217	0.04643	0.06862	0.27068	0.03441	0.03461	0.02351	0.01379	0.01386	0.00384	0.06120	0.01123	0.01039	0.01693
8	0.01660	0.01114	0.01278	0.01309	0.01316	0.01107	0.00748	0.01683	0.01752	0.02337	0.03978	0.13405	0.04624	0.52792	0.05413	0.01053	0.01076	0.01876	0.00748	0.00732
9	0.03702	0.07727	0.03959	0.10217	0.21704	0.02735	0.02668	0.10490	0.03184	0.17862	0.02884	0.03103	0.02088	0.01212	0.01123	0.00346	0.01263	0.01037	0.00890	0.01806
10	0.03796	0.15244	0.19643	0.02501	0.03686	0.02771	0.02637	0.07922	0.03019	0.23120	0.03034	0.02955	0.02072	0.01237	0.01062	0.00339	0.01299	0.00948	0.00920	0.01796
11	0.10138	0.07442	0.03524	0.20642	0.04822	0.02711	0.06358	0.03624	0.06505	0.08604	0.02818	0.03918	0.02310	0.01451	0.01371	0.00394	0.06234	0.04958	0.00747	0.01427
12	0.56150	0.02429	0.02026	0.01733	0.02491	0.02787	0.01429	0.11347	0.02600	0.05594	0.01828	0.02050	0.01387	0.01136	0.00799	0.00358	0.00967	0.00704	0.00799	0.01387
13	0.11571	0.02356	0.02740	0.02103	0.03014	0.02274	0.01729	0.15860	0.03565	0.26873	0.03339	0.03147	0.02257	0.01285	0.01062	0.00324	0.01032	0.00991	0.01153	0.13326
14	0.02629	0.02202	0.02505	0.02304	0.02512	0.08112	0.01795	0.02918	0.02317	0.08153	0.03653	0.20782	0.03781	0.02334	0.02203	0.00436	0.21665	0.01746	0.06721	0.01231
15	0.02138	0.01246	0.01562	0.01437	0.01775	0.01157	0.01094	0.02675	0.03095	0.09548	0.35272	0.07176	0.08258	0.02040	0.01219	0.00343	0.00593	0.01767	0.16421	0.01185
16	0.01417	0.01012	0.01350	0.01619	0.01687	0.00945	0.01080	0.01619	0.02227	0.02969	0.06410	0.58367	0.07692	0.03644	0.01484	0.00472	0.00675	0.03306	0.01080	0.00945
17	0.01524	0.01184	0.01386	0.01336	0.01663	0.01046	0.01002	0.01959	0.03005	0.03982	0.33575	0.09810	0.29081	0.02632	0.01373	0.00378	0.00567	0.02261	0.01191	0.01046
18	0.56292	0.02201	0.01885	0.01625	0.02377	0.02449	0.01340	0.03819	0.02219	0.13660	0.02148	0.02257	0.01548	0.01144	0.00800	0.00360	0.00916	0.00726	0.00848	0.01388
19	0.02893	0.02498	0.02630	0.02367	0.03024	0.02893	0.01841	0.06180	0.49770	0.04865	0.04734	0.04339	0.03550	0.01578	0.01183	0.00394	0.00920	0.01315	0.01183	0.01841
20	0.02412	0.02067	0.02412	0.01723	0.02756	0.01550	0.01378	0.02929	0.02412	0.03790	0.02067	0.02412	0.01723	0.00861	0.00861	0.00172	0.00861	0.00689	0.00689	0.66236
21	0.67341	0.02249	0.01709	0.01529	0.02249	0.02609	0.01260	0.03419	0.01979	0.05218	0.01619	0.01889	0.01260	0.01080	0.00720	0.00360	0.00900	0.00630	0.00720	0.01260
22	0.02196	0.02067	0.03488	0.56331	0.08010	0.02584	0.03230	0.02972	0.02326	0.02972	0.02067	0.03101	0.01550	0.01163	0.01163	0.00388	0.01550	0.01034	0.00517	0.01292
23	0.01471	0.01106	0.01377	0.01571	0.01759	0.01012	0.01139	0.01747	0.02411	0.03091	0.07883	0.38588	0.19828	0.03385	0.01471	0.00459	0.00708	0.08941	0.01078	0.00973
24	0.02533	0.29701	0.09712	0.02097	0.02775	0.03128	0.01996	0.02826	0.02152	0.02756	0.02425	0.10438	0.02481	0.02023	0.01841	0.12041	0.06107	0.01140	0.00583	0.01244
25	0.03109	0.59826	0.06095	0.01990	0.02985	0.04602	0.01990	0.03483	0.02363	0.02736	0.01617	0.01866	0.01493	0.00995	0.00746	0.00249	0.01244	0.00622	0.00498	0.01493
26	0.01596	0.01186	0.01497	0.01501	0.01777	0.01087	0.01143	0.02058	0.02988	0.04060	0.33878	0.14808	0.17954	0.02713	0.01411	0.00401	0.00629	0.07060	0.01197	0.01056
27	0.09205	0.01434	0.01824	0.07967	0.02698	0.01499	0.01592	0.02329	0.02452	0.03501	0.09047	0.16217	0.09706	0.07656	0.01780	0.00516	0.00970	0.17592	0.00954	0.01061
28	0.02428	0.02718	0.08514	0.09935	0.12564	0.02458	0.15716	0.03559	0.09375	0.03682	0.03890	0.09643	0.07114	0.01562	0.01273	0.00390	0.01388	0.01522	0.00751	0.01518
29	0.09696	0.02188	0.03464	0.43011	0.13681	0.02613	0.03055	0.03109	0.02333	0.03346	0.02034	0.02931	0.01559	0.01135	0.01111	0.00378	0.01452	0.00988	0.00548	0.01368
30	0.03659	0.02110	0.02407	0.01947	0.02610	0.02165	0.01573	0.20087	0.03865	0.16850	0.09003	0.04171	0.03494	0.01506	0.01090	0.00332	0.00921	0.01206	0.19376	0.01627
31	0.16245	0.07785	0.03513	0.11260	0.16769	0.08100	0.02429	0.04002	0.06305	0.09438	0.02440	0.02779	0.01869	0.01165	0.01024	0.00347	0.01289	0.00925	0.00738	0.01579
32	0.10726	0.11093	0.11927	0.02218	0.03158	0.02563	0.02128	0.04529	0.11211	0.18542	0.07533	0.03641	0.03082	0.01383	0.01066	0.00352	0.01094	0.01083	0.00993	0.01678
33	0.01943	0.01286	0.01608	0.01693	0.01879	0.01289	0.01238	0.05974	0.02478	0.03415	0.04965	0.28121	0.05477	0.08890	0.02208	0.08016	0.00866	0.09347	0.08310	0.00998
34	0.10061	0.41384	0.04620	0.01824	0.02628	0.03638	0.01705	0.03102	0.02329	0.03081	0.03063	0.09143	0.06587	0.01479	0.00883	0.00300	0.01082	0.01091	0.00641	0.01358

[dist]
# distance from previous block
# <min> <max>
0	2

[block]
# block no. 7 follows, 10 sequences, length 73
# corresponding to MSA columns:
# 776-848
name=unknown_H
#
# <colnr> <probs for GDERKNQSTAVLIFYWHMCP>
#	G	D	E	R	K	N	Q	S	T	A	V	L	I	F	Y	W	H	M	C	P
0	0.09111	0.01666	0.02182	0.07766	0.02921	0.01623	0.01554	0.03652	0.02721	0.23569	0.09103	0.14688	0.04455	0.07696	0.01686	0.00462	0.00953	0.01653	0.01115	0.01426
1	0.02954	0.02982	0.04409	0.12862	0.41047	0.08432	0.03381	0.03613	0.02679	0.03591	0.02130	0.02820	0.01768	0.01070	0.01142	0.00346	0.01482	0.01004	0.00571	0.01719
2	0.09562	0.02256	0.03425	0.35918	0.14718	0.02651	0.02931	0.03459	0.07241	0.03563	0.02315	0.03055	0.01777	0.01174	0.01114	0.00378	0.01384	0.01019	0.00618	0.01444
3	0.01766	0.01092	0.01312	0.01372	0.01578	0.01043	0.00985	0.02200	0.02626	0.03989	0.18898	0.23260	0.06917	0.02408	0.01200	0.00365	0.00587	0.02115	0.25244	0.01043
4	0.02650	0.05572	0.47552	0.03178	0.04806	0.02592	0.04012	0.03902	0.02552	0.09077	0.02363	0.02621	0.01628	0.01142	0.01112	0.00367	0.01639	0.00894	0.00596	0.01748
5	0.01513	0.01106	0.01421	0.01506	0.01697	0.01015	0.01067	0.01876	0.02735	0.03726	0.26525	0.31832	0.13633	0.03019	0.01424	0.00418	0.00611	0.02694	0.01167	0.01015
6	0.01417	0.01012	0.01350	0.01619	0.01687	0.00945	0.01080	0.01619	0.02227	0.02969	0.06410	0.58367	0.07692	0.03644	0.01484	0.00472	0.00675	0.03306	0.01080	0.00945
7	0.01597	0.01187	0.01487	0.01412	0.01708	0.01077	0.01059	0.02101	0.03177	0.04391	0.44186	0.09136	0.18215	0.02479	0.01372	0.00371	0.00556	0.02166	0.01244	0.01077
8	0.01417	0.01012	0.01350	0.01619	0.01687	0.00945	0.01080	0.01619	0.02227	0.02969	0.06410	0.58367	0.07692	0.03644	0.01484	0.00472	0.00675	0.03306	0.01080	0.00945
9	0.03109	0.59826	0.06095	0.01990	0.02985	0.04602	0.01990	0.03483	0.02363	0.02736	0.01617	0.01866	0.01493	0.00995	0.00746	0.00249	0.01244	0.00622	0.00498	0.01493
10	0.02333	0.06016	0.53100	0.03315	0.05034	0.02701	0.04297	0.03683	0.02455	0.03683	0.02087	0.02455	0.01473	0.01105	0.01105	0.00368	0.01719	0.00859	0.00491	0.01719
11	0.05218	0.01979	0.02699	0.02069	0.02969	0.01709	0.01709	0.05668	0.03329	0.52677	0.04588	0.03959	0.02879	0.01439	0.01170	0.00360	0.00990	0.01170	0.01439	0.01979
12	0.03109	0.59826	0.06095	0.01990	0.02985	0.04602	0.01990	0.03483	0.02363	0.02736	0.01617	0.01866	0.01493	0.00995	0.00746	0.00249	0.01244	0.00622	0.00498	0.01493
13	0.02196	0.02067	0.03488	0.56331	0.08010	0.02584	0.03230	0.02972	0.02326	0.02972	0.02067	0.03101	0.01550	0.01163	0.01163	0.00388	0.01550	0.01034	0.00517	0.01292
14	0.01439	0.01029	0.01369	0.01604	0.01692	0.00959	0.01081	0.01675	0.02329	0.03132	0.10715	0.53599	0.08007	0.03522	0.01474	0.00462	0.00663	0.03191	0.01099	0.00959
15	0.01417	0.01012	0.01350	0.01619	0.01687	0.00945	0.01080	0.01619	0.02227	0.02969	0.06410	0.58367	0.07692	0.03644	0.01484	0.00472	0.00675	0.03306	0.01080	0.00945
16	0.21023	0.33490	0.04405	0.01991	0.02898	0.03869	0.01830	0.11724	0.02834	0.04271	0.01836	0.02044	0.01519	0.01093	0.00816	0.00298	0.01156	0.00703	0.00682	0.01519
17	0.02249	0.01387	0.01925	0.02081	0.02408	0.01346	0.01774	0.02740	0.02714	0.09610	0.05986	0.16480	0.06314	0.03033	0.01539	0.00507	0.01021	0.34596	0.01118	0.01172
18	0.67341	0.02249	0.01709	0.01529	0.02249	0.02609	0.01260	0.03419	0.01979	0.05218	0.01619	0.01889	0.01260	0.01080	0.00720	0.00360	0.00900	0.00630	0.00720	0.01260
19	0.01688	0.01142	0.01344	0.01344	0.01370	0.01169	0.00799	0.01740	0.01714	0.02311	0.03596	0.07229	0.04062	0.52794	0.12025	0.01221	0.01377	0.01635	0.00694	0.00747
20	0.11172	0.02254	0.03503	0.09263	0.18907	0.02281	0.06414	0.03705	0.02678	0.13341	0.03297	0.04843	0.02804	0.01518	0.01203	0.00392	0.01256	0.08744	0.00846	0.01579
21	0.03537	0.02553	0.03337	0.09040	0.18497	0.07476	0.02436	0.04338	0.07102	0.18511	0.08146	0.03875	0.03183	0.01373	0.01173	0.00356	0.01226	0.01182	0.00958	0.01703
22	0.03017	0.02717	0.04505	0.03473	0.04286	0.02880	0.20867	0.04689	0.19708	0.08847	0.03332	0.03579	0.02491	0.01375	0.01591	0.00404	0.08402	0.01287	0.00878	0.01670
23	0.01413	0.01029	0.01333	0.01576	0.01675	0.00948	0.01060	0.01624	0.02269	0.02986	0.06940	0.53717	0.12001	0.03575	0.01474	0.00464	0.00666	0.03222	0.01080	0.00948
24	0.03588	0.27861	0.10727	0.02592	0.03525	0.22907	0.02395	0.07813	0.02993	0.03296	0.01846	0.02107	0.01534	0.01120	0.00941	0.00292	0.01626	0.00736	0.00593	0.01509
25	0.04671	0.02920	0.02954	0.02384	0.03212	0.11648	0.01917	0.13818	0.08420	0.30060	0.03752	0.03435	0.02523	0.01402	0.01148	0.00350	0.01238	0.01085	0.01209	0.01852
26	0.01437	0.01160	0.01279	0.01293	0.01620	0.01001	0.00953	0.01773	0.02732	0.03439	0.19389	0.16594	0.37428	0.02914	0.01388	0.00397	0.00591	0.02488	0.01122	0.01001
27	0.01592	0.01248	0.01482	0.01599	0.01937	0.01137	0.01316	0.01992	0.02662	0.03290	0.09329	0.12033	0.31901	0.03062	0.01476	0.00455	0.00799	0.20593	0.01076	0.01021
28	0.22739	0.02558	0.02811	0.08959	0.03635	0.02808	0.01960	0.20839	0.03625	0.15202	0.02716	0.02799	0.01893	0.01283	0.01035	0.00359	0.01145	0.00948	0.01007	0.01682
29	0.02474	0.01889	0.03010	0.39965	0.06282	0.02223	0.02699	0.03170	0.02474	0.08287	0.02894	0.04275	0.02325	0.01407	0.01171	0.00387	0.01345	0.05181	0.07220	0.01321
30	0.01417	0.01012	0.01350	0.01619	0.01687	0.00945	0.01080	0.01619	0.02227	0.02969	0.06410	0.58367	0.07692	0.03644	0.01484	0.00472	0.00675	0.03306	0.01080	0.00945
31	0.02412	0.02067	0.02412	0.01723	0.02756	0.01550	0.01378	0.02929	0.02412	0.03790	0.02067	0.02412	0.01723	0.00861	0.00861	0.00172	0.00861	0.00689	0.00689	0.66236
32	0.02740	0.02622	0.04471	0.17119	0.42973	0.02727	0.03501	0.03448	0.02583	0.03632	0.02163	0.02924	0.01783	0.01062	0.01154	0.00354	0.01416	0.01036	0.00564	0.01731
33	0.02745	0.03137	0.06863	0.04902	0.06078	0.02941	0.47647	0.03725	0.02745	0.03725	0.02353	0.03137	0.01765	0.00980	0.01373	0.00392	0.01961	0.01373	0.00588	0.01569
34	0.02196	0.02067	0.03488	0.56331	0.08010	0.02584	0.03230	0.02972	0.02326	0.02972	0.02067	0.03101	0.01550	0.01163	0.01163	0.00388	0.01550	0.01034	0.00517	0.01292
35	0.02196	0.02067	0.03488	0.56331	0.08010	0.02584	0.03230	0.02972	0.02326	0.02972	0.02067	0.03101	0.01550	0.01163	0.01163	0.00388	0.01550	0.01034	0.00517	0.01292
36	0.02893	0.02498	0.02630	0.02367	0.03024	0.02893	0.01841	0.06180	0.49770	0.04865	0.04734	0.04339	0.03550	0.01578	0.01183	0.00394	0.00920	0.01315	0.01183	0.01841
37	0.67341	0.02249	0.01709	0.01529	0.02249	0.02609	0.01260	0.03419	0.01979	0.05218	0.01619	0.01889	0.01260	0.01080	0.00720	0.00360	0.00900	0.00630	0.00720	0.01260
38	0.01417	0.01012	0.01350	0.01619	0.01687	0.00945	0.01080	0.01619	0.02227	0.02969	0.06410	0.58367	0.07692	0.03644	0.01484	0.00472	0.00675	0.03306	0.01080	0.00945
39	0.01691	0.01128	0.01268	0.01268	0.01268	0.01128	0.00705	0.01691	0.01691	0.02255	0.03665	0.07611	0.04228	0.59126	0.05920	0.01128	0.01128	0.01691	0.00705	0.00705
40	0.04421	0.03258	0.03490	0.02676	0.03607	0.03607	0.02211	0.47993	0.05468	0.07330	0.02792	0.02792	0.01978	0.01396	0.01163	0.00349	0.01280	0.01047	0.01163	0.01978
41	0.05218	0.01979	0.02699	0.02069	0.02969	0.01709	0.01709	0.05668	0.03329	0.52677	0.04588	0.03959	0.02879	0.01439	0.01170	0.00360	0.00990	0.01170	0.01439	0.01979
42	0.02893	0.02498	0.02630	0.02367	0.03024	0.02893	0.01841	0.06180	0.49770	0.04865	0.04734	0.04339	0.03550	0.01578	0.01183	0.00394	0.00920	0.01315	0.01183	0.01841
43	0.02745	0.03137	0.06863	0.04902	0.06078	0.02941	0.47647	0.03725	0.02745	0.03725	0.02353	0.03137	0.01765	0.00980	0.01373	0.00392	0.01961	0.01373	0.00588	0.01569
44	0.02893	0.02498	0.02630	0.02367	0.03024	0.02893	0.01841	0.06180	0.49770	0.04865	0.04734	0.04339	0.03550	0.01578	0.01183	0.00394	0.00920	0.01315	0.01183	0.01841
45	0.02409	0.11321	0.48466	0.03184	0.04832	0.02888	0.04070	0.03663	0.02446	0.03590	0.02041	0.02397	0.01475	0.01094	0.01070	0.00357	0.01672	0.00836	0.00492	0.01697
46	0.03889	0.03839	0.25917	0.02643	0.03920	0.02166	0.02901	0.04754	0.02927	0.30107	0.03436	0.03266	0.02231	0.01285	0.01140	0.00364	0.01326	0.01027	0.01003	0.01859
47	0.01624	0.01172	0.01535	0.01478	0.01733	0.01083	0.01096	0.02140	0.03190	0.04501	0.46953	0.13456	0.10659	0.02499	0.01383	0.00376	0.00561	0.02219	0.01261	0.01083
48	0.02979	0.04392	0.29601	0.03588	0.04991	0.02599	0.17401	0.04052	0.02703	0.12472	0.02618	0.02938	0.01816	0.01126	0.01200	0.00374	0.01664	0.01076	0.00691	0.01718
49	0.03284	0.04686	0.36490	0.02904	0.04353	0.02374	0.03444	0.04337	0.02743	0.19829	0.02911	0.02951	0.01937	0.01215	0.01126	0.00366	0.01479	0.00962	0.00804	0.01805
50	0.01417	0.01012	0.01350	0.01619	0.01687	0.00945	0.01080	0.01619	0.02227	0.02969	0.06410	0.58367	0.07692	0.03644	0.01484	0.00472	0.00675	0.03306	0.01080	0.00945
51	0.05218	0.01979	0.02699	0.02069	0.02969	0.01709	0.01709	0.05668	0.03329	0.52677	0.04588	0.03959	0.02879	0.01439	0.01170	0.00360	0.00990	0.01170	0.01439	0.01979
52	0.02196	0.02067	0.03488	0.56331	0.08010	0.02584	0.03230	0.02972	0.02326	0.02972	0.02067	0.03101	0.01550	0.01163	0.01163	0.00388	0.01550	0.01034	0.00517	0.01292
53	0.05218	0.01979	0.02699	0.02069	0.02969	0.01709	0.01709	0.05668	0.03329	0.52677	0.04588	0.03959	0.02879	0.01439	0.01170	0.00360	0.00990	0.01170	0.01439	0.01979
54	0.67341	0.02249	0.01709	0.01529	0.02249	0.02609	0.01260	0.03419	0.01979	0.05218	0.01619	0.01889	0.01260	0.01080	0.00720	0.00360	0.00900	0.00630	0.00720	0.01260
55	0.01417	0.01012	0.01350	0.01619	0.01687	0.00945	0.01080	0.01619	0.02227	0.02969	0.06410	0.58367	0.07692	0.03644	0.01484	0.00472	0.00675	0.03306	0.01080	0.00945
56	0.02196	0.02067	0.03488	0.56331	0.08010	0.02584	0.03230	0.02972	0.02326	0.02972	0.02067	0.03101	0.01550	0.01163	0.01163	0.00388	0.01550	0.01034	0.00517	0.01292
57	0.04345	0.05543	0.03296	0.02996	0.03596	0.54457	0.02247	0.04644	0.03296	0.02846	0.01798	0.02097	0.01498	0.01199	0.01049	0.00300	0.02097	0.00749	0.00599	0.01348
58	0.02743	0.02193	0.03001	0.02158	0.03196	0.01742	0.07225	0.03311	0.02548	0.08826	0.02363	0.02662	0.01847	0.00936	0.00957	0.00219	0.01013	0.00825	0.00754	0.51482
59	0.01646	0.01189	0.01555	0.01463	0.01738	0.01097	0.01097	0.02195	0.03292	0.04664	0.51257	0.08688	0.10974	0.02378	0.01372	0.00366	0.00549	0.02103	0.01280	0.01097
60	0.02119	0.01962	0.03275	0.50876	0.07380	0.02421	0.03016	0.02837	0.02316	0.02971	0.02500	0.08611	0.02163	0.01410	0.01195	0.00396	0.01463	0.01260	0.00573	0.01257
61	0.01646	0.01189	0.01555	0.01463	0.01738	0.01097	0.01097	0.02195	0.03292	0.04664	0.51257	0.08688	0.10974	0.02378	0.01372	0.00366	0.00549	0.02103	0.01280	0.01097
62	0.03454	0.04193	0.08472	0.02741	0.03491	0.25006	0.02286	0.05246	0.24612	0.03869	0.03182	0.03170	0.02441	0.01363	0.01117	0.00351	0.01514	0.01022	0.00856	0.01616
63	0.02039	0.01276	0.01681	0.01530	0.01873	0.01165	0.01165	0.02577	0.03296	0.09949	0.46120	0.08167	0.10083	0.02274	0.01349	0.00365	0.00597	0.02001	0.01298	0.01194
64	0.03826	0.02020	0.03063	0.27066	0.05291	0.02112	0.02410	0.04426	0.02867	0.29779	0.03427	0.03563	0.02267	0.01312	0.01166	0.00373	0.01248	0.01107	0.01014	0.01663
65	0.02632	0.23179	0.03336	0.01694	0.02306	0.02473	0.01474	0.03103	0.02875	0.09201	0.23442	0.05239	0.05845	0.01669	0.01067	0.00313	0.00856	0.01358	0.06598	0.01341
66	0.12319	0.02498	0.02796	0.02242	0.03080	0.02625	0.01828	0.18090	0.13105	0.23629	0.03710	0.03428	0.02542	0.01409	0.01114	0.00364	0.01051	0.01094	0.01216	0.01861
67	0.03709	0.02297	0.02640	0.07694	0.03357	0.06897	0.01814	0.08486	0.03125	0.23151	0.03889	0.13126	0.03236	0.01706	0.01174	0.00352	0.01111	0.01425	0.01077	0.09734
68	0.04388	0.02983	0.08240	0.02312	0.03186	0.11206	0.02030	0.04920	0.03223	0.33570	0.08466	0.03931	0.03284	0.01453	0.01161	0.00351	0.01224	0.01153	0.01169	0.01750
69	0.04738	0.02879	0.03294	0.02578	0.03451	0.11906	0.06385	0.09139	0.03460	0.34366	0.03681	0.03422	0.02428	0.01345	0.01166	0.00351	0.01320	0.01100	0.01173	0.01820
70	0.04814	0.02149	0.02878	0.07612	0.03557	0.02036	0.01926	0.10713	0.03497	0.41972	0.04109	0.03726	0.02632	0.01406	0.01168	0.00361	0.01083	0.01141	0.01312	0.01910
71	0.04677	0.02161	0.03110	0.02392	0.03289	0.01982	0.06354	0.05537	0.09104	0.41739	0.04381	0.03924	0.02851	0.01411	0.01192	0.00367	0.01079	0.01208	0.01322	0.01921
72	0.04409	0.02289	0.03131	0.03018	0.11787	0.02120	0.02071	0.10326	0.03381	0.33181	0.03673	0.03459	0.02461	0.01302	0.01134	0.00337	0.01083	0.01081	0.01173	0.08585

[dist]
# distance from previous block
# <min> <max>
2	38

[block]
# block no. 8 follows, 10 sequences, length 19
# corresponding to MSA columns:
# 888-906
name=unknown_I
#
# <colnr> <probs for GDERKNQSTAVLIFYWHMCP>
#	G	D	E	R	K	N	Q	S	T	A	V	L	I	F	Y	W	H	M	C	P
0	0.14590	0.10977	0.03369	0.02750	0.10383	0.02459	0.01966	0.04647	0.02858	0.29845	0.03285	0.03138	0.02246	0.01251	0.01029	0.00341	0.01074	0.00978	0.01046	0.01767
1	0.14329	0.08428	0.18569	0.02352	0.03394	0.02563	0.02436	0.04231	0.09879	0.12968	0.07132	0.03411	0.02843	0.01335	0.01053	0.00359	0.01176	0.01033	0.00878	0.01630
2	0.14116	0.02556	0.10309	0.02867	0.10773	0.02015	0.02182	0.03713	0.02682	0.17272	0.07717	0.11926	0.03670	0.01681	0.01146	0.00377	0.01063	0.01417	0.00962	0.01558
3	0.08673	0.02821	0.10957	0.12469	0.04501	0.02444	0.09421	0.07295	0.06562	0.08007	0.03296	0.08771	0.02843	0.01593	0.01215	0.00398	0.01342	0.05063	0.00823	0.01504
4	0.24913	0.02680	0.04271	0.11461	0.04839	0.02834	0.20768	0.07569	0.02669	0.04451	0.02098	0.02673	0.01578	0.01081	0.01098	0.00376	0.01472	0.01036	0.00675	0.01458
5	0.02585	0.02415	0.04045	0.13777	0.37455	0.02480	0.03137	0.03266	0.02698	0.03806	0.09723	0.03807	0.03203	0.01262	0.01187	0.00355	0.01279	0.01200	0.00675	0.01644
6	0.02252	0.01853	0.02074	0.02043	0.02444	0.02047	0.01511	0.04201	0.29140	0.04042	0.05461	0.27783	0.05348	0.02474	0.01314	0.00428	0.00814	0.02179	0.01138	0.01452
7	0.02412	0.02067	0.02412	0.01723	0.02756	0.01550	0.01378	0.02929	0.02412	0.03790	0.02067	0.02412	0.01723	0.00861	0.00861	0.00172	0.00861	0.00689	0.00689	0.66236
8	0.13467	0.03019	0.02754	0.02378	0.03088	0.11597	0.01906	0.15532	0.15218	0.09119	0.03391	0.03970	0.02689	0.01530	0.01122	0.00372	0.01228	0.04957	0.01019	0.01643
9	0.18717	0.02845	0.04390	0.03317	0.04261	0.02967	0.21639	0.11592	0.10206	0.04877	0.02614	0.02959	0.01951	0.01167	0.01150	0.00377	0.01428	0.01128	0.00809	0.01605
10	0.01417	0.01012	0.01350	0.01619	0.01687	0.00945	0.01080	0.01619	0.02227	0.02969	0.06410	0.58367	0.07692	0.03644	0.01484	0.00472	0.00675	0.03306	0.01080	0.00945
11	0.03384	0.03495	0.08807	0.03986	0.12752	0.07758	0.10055	0.17958	0.03483	0.04681	0.02265	0.02733	0.01761	0.01318	0.01588	0.00377	0.10099	0.01050	0.00752	0.01699
12	0.01985	0.01229	0.01487	0.01507	0.01836	0.01078	0.01096	0.02263	0.02571	0.10693	0.08344	0.30549	0.24964	0.03017	0.01391	0.00422	0.00688	0.02626	0.01135	0.01119
13	0.02755	0.02268	0.03388	0.02720	0.03375	0.02324	0.13470	0.14164	0.07726	0.04627	0.03909	0.16976	0.03636	0.01854	0.01245	0.00383	0.01160	0.01720	0.10833	0.01467
14	0.01661	0.01246	0.01869	0.01869	0.02077	0.01454	0.01454	0.02077	0.01869	0.02700	0.03115	0.04569	0.02908	0.08723	0.54517	0.01869	0.03115	0.01246	0.00623	0.01038
15	0.02058	0.02186	0.07506	0.16306	0.08091	0.02122	0.02372	0.02654	0.02518	0.03522	0.15427	0.12893	0.04954	0.01977	0.01665	0.00408	0.09624	0.01642	0.00803	0.01272
