[name]
unknown

[dist]
# distance from previous block
# <min> <max>
4	435

[block]
# block no. 0 follows, 15 sequences, length 64
# corresponding to MSA columns:
# 552-615
name=unknown_A
#
# <colnr> <probs for GDERKNQSTAVLIFYWHMCP>
#	G	D	E	R	K	N	Q	S	T	A	V	L	I	F	Y	W	H	M	C	P
0	0.07086	0.02025	0.08094	0.02002	0.06035	0.01679	0.01624	0.07222	0.06967	0.21560	0.04789	0.08650	0.14860	0.01587	0.01030	0.00323	0.00850	0.01312	0.00937	0.01367
1	0.08030	0.01821	0.02420	0.02659	0.16078	0.01724	0.01668	0.03154	0.08098	0.10720	0.12754	0.03470	0.03232	0.01159	0.00933	0.00268	0.00820	0.00993	0.00789	0.19210
2	0.02619	0.07897	0.15301	0.06080	0.07252	0.08198	0.02128	0.03364	0.05960	0.12511	0.10708	0.03210	0.02848	0.01168	0.00955	0.00288	0.01089	0.00949	0.00726	0.06747
3	0.03398	0.02390	0.02767	0.07504	0.10922	0.08382	0.01937	0.12943	0.13613	0.21189	0.02984	0.02932	0.02110	0.01162	0.00990	0.00307	0.01064	0.00946	0.00908	0.01552
4	0.10971	0.03200	0.24106	0.09529	0.17355	0.02160	0.02730	0.02943	0.02076	0.03298	0.01755	0.02185	0.01356	0.00904	0.00889	0.00287	0.01188	0.00743	0.00491	0.11834
5	0.02056	0.01844	0.02761	0.16960	0.21239	0.01958	0.02157	0.02966	0.11477	0.03210	0.07058	0.11488	0.03050	0.01374	0.01030	0.00317	0.00982	0.01243	0.00683	0.06147
6	0.02104	0.01592	0.01816	0.01552	0.02093	0.01538	0.01209	0.03268	0.19607	0.08157	0.17006	0.05079	0.12489	0.01543	0.01014	0.00288	0.00666	0.01302	0.00944	0.16732
7	0.03082	0.44837	0.04375	0.01932	0.02692	0.18352	0.01743	0.03391	0.02297	0.06972	0.01631	0.01795	0.01376	0.00928	0.00735	0.00232	0.01236	0.00599	0.00514	0.01281
8	0.01513	0.01138	0.01570	0.01552	0.01731	0.01299	0.01167	0.02009	0.06038	0.02401	0.02860	0.04330	0.02723	0.16464	0.46952	0.01395	0.02238	0.01136	0.00584	0.00898
9	0.13396	0.01464	0.01542	0.01611	0.01917	0.05100	0.01268	0.02134	0.02077	0.03066	0.04179	0.26754	0.04626	0.02303	0.01131	0.00377	0.00818	0.18843	0.00818	0.06577
10	0.03053	0.21157	0.13207	0.06905	0.03401	0.16774	0.02191	0.11952	0.02721	0.07136	0.01864	0.02069	0.01432	0.01004	0.00865	0.00271	0.01320	0.00713	0.00597	0.01367
11	0.01215	0.00868	0.01157	0.01388	0.01446	0.00810	0.00925	0.01388	0.01909	0.02545	0.05495	0.64315	0.06593	0.03123	0.01272	0.00405	0.00578	0.02834	0.00925	0.00810
12	0.02067	0.01772	0.02067	0.01477	0.02362	0.01329	0.01181	0.02510	0.02067	0.03248	0.01772	0.02067	0.01477	0.00738	0.00738	0.00148	0.00738	0.00591	0.00591	0.71059
13	0.02221	0.01951	0.03602	0.02745	0.03425	0.01829	0.26831	0.02944	0.05515	0.07366	0.03064	0.14333	0.02748	0.01357	0.01077	0.00319	0.01134	0.01392	0.09531	0.06616
14	0.02067	0.01772	0.02067	0.01477	0.02362	0.01329	0.01181	0.02510	0.02067	0.03248	0.01772	0.02067	0.01477	0.00738	0.00738	0.00148	0.00738	0.00591	0.00591	0.71059
15	0.01423	0.01008	0.01241	0.01183	0.01433	0.00924	0.00887	0.01860	0.02662	0.03771	0.45161	0.07379	0.16088	0.02019	0.01126	0.00308	0.00475	0.01757	0.08370	0.00924
16	0.02189	0.02084	0.03543	0.33027	0.34017	0.02295	0.02921	0.02815	0.02138	0.02919	0.01826	0.02558	0.01460	0.00940	0.00992	0.00313	0.01253	0.00887	0.00469	0.01354
17	0.01424	0.01068	0.01602	0.01602	0.01780	0.01246	0.01246	0.01780	0.01602	0.02314	0.02670	0.03916	0.02492	0.07477	0.61015	0.01602	0.02670	0.01068	0.00534	0.00890
18	0.02053	0.10006	0.55419	0.02750	0.04174	0.02446	0.03524	0.03143	0.02098	0.03092	0.01757	0.02064	0.01264	0.00940	0.00922	0.00307	0.01441	0.00720	0.00421	0.01458
19	0.02378	0.22979	0.37669	0.02477	0.03666	0.08964	0.02914	0.03193	0.02157	0.02842	0.01644	0.01923	0.01270	0.00928	0.00851	0.00279	0.01387	0.00666	0.00432	0.01383
20	0.01253	0.00945	0.01170	0.01333	0.01495	0.00862	0.00962	0.01486	0.02065	0.02644	0.06829	0.41417	0.21789	0.02899	0.01258	0.00392	0.00600	0.08844	0.00925	0.00833
21	0.02353	0.02689	0.05882	0.04202	0.05210	0.02521	0.55126	0.03193	0.02353	0.03193	0.02017	0.02689	0.01513	0.00840	0.01176	0.00336	0.01681	0.01176	0.00504	0.01345
22	0.01945	0.01811	0.02913	0.56203	0.06417	0.02243	0.02643	0.02836	0.07772	0.02718	0.02012	0.02769	0.01509	0.01034	0.00999	0.00333	0.01272	0.00911	0.00503	0.01157
23	0.01999	0.05157	0.59800	0.02841	0.04315	0.02315	0.03683	0.03157	0.02105	0.03157	0.01789	0.02105	0.01263	0.00947	0.00947	0.00316	0.01473	0.00737	0.00421	0.01473
24	0.17293	0.01452	0.01516	0.01412	0.01821	0.01508	0.01122	0.06421	0.06547	0.03898	0.21114	0.06362	0.16906	0.01858	0.01048	0.00334	0.00664	0.06752	0.00920	0.01053
25	0.01441	0.01067	0.01394	0.01573	0.01795	0.01019	0.01296	0.01803	0.02221	0.02840	0.06386	0.20389	0.17553	0.02769	0.01314	0.00422	0.00766	0.32150	0.00921	0.00882
26	0.01511	0.01117	0.01474	0.01653	0.01906	0.01080	0.01418	0.01925	0.02290	0.02919	0.06347	0.10879	0.17399	0.02703	0.01333	0.00432	0.00826	0.40967	0.00920	0.00901
27	0.03775	0.02603	0.02849	0.02207	0.02983	0.02838	0.01816	0.45128	0.08490	0.12873	0.02718	0.02623	0.01898	0.01213	0.00999	0.00303	0.01042	0.00929	0.01029	0.01686
28	0.01215	0.00868	0.01157	0.01388	0.01446	0.00810	0.00925	0.01388	0.01909	0.02545	0.05495	0.64315	0.06593	0.03123	0.01272	0.00405	0.00578	0.02834	0.00925	0.00810
29	0.02467	0.02369	0.04046	0.06119	0.58747	0.02369	0.03059	0.03059	0.02270	0.03257	0.01875	0.02467	0.01579	0.00888	0.00987	0.00296	0.01184	0.00888	0.00493	0.01579
30	0.02962	0.01744	0.02159	0.01587	0.02430	0.01380	0.01287	0.03384	0.02360	0.24155	0.02576	0.02561	0.01845	0.00923	0.00837	0.00207	0.00779	0.00744	0.00830	0.45251
31	0.02565	0.56427	0.13479	0.01878	0.02824	0.03698	0.02005	0.03011	0.02038	0.02468	0.01447	0.01676	0.01277	0.00867	0.00686	0.00229	0.01128	0.00564	0.00426	0.01309
32	0.01670	0.01356	0.01672	0.01661	0.01830	0.01521	0.01214	0.02440	0.14076	0.02928	0.08245	0.31871	0.04961	0.08960	0.01888	0.00447	0.09440	0.01958	0.00855	0.01007
33	0.01450	0.00966	0.01087	0.01087	0.01087	0.00966	0.00604	0.01450	0.01450	0.01933	0.03141	0.06524	0.03624	0.64965	0.05074	0.00966	0.00966	0.01450	0.00604	0.00604
34	0.01999	0.05157	0.59800	0.02841	0.04315	0.02315	0.03683	0.03157	0.02105	0.03157	0.01789	0.02105	0.01263	0.00947	0.00947	0.00316	0.01473	0.00737	0.00421	0.01473
35	0.72007	0.01928	0.01465	0.01311	0.01928	0.02236	0.01080	0.02930	0.01697	0.04473	0.01388	0.01619	0.01080	0.00925	0.00617	0.00308	0.00771	0.00540	0.00617	0.01080
36	0.12006	0.01274	0.01558	0.01540	0.01873	0.01244	0.01193	0.02555	0.02147	0.16047	0.04347	0.26234	0.04477	0.06598	0.01404	0.00419	0.00766	0.12327	0.00930	0.01062
37	0.01883	0.01772	0.02990	0.62569	0.06866	0.02215	0.02769	0.02547	0.01993	0.02547	0.01772	0.02658	0.01329	0.00997	0.00997	0.00332	0.01329	0.00886	0.00443	0.01107
38	0.01431	0.00959	0.01093	0.01111	0.01116	0.00954	0.00630	0.01445	0.01487	0.01982	0.03330	0.11163	0.03863	0.60001	0.04769	0.00921	0.00935	0.01561	0.00630	0.00621
39	0.02415	0.42851	0.25745	0.02133	0.03219	0.03332	0.02449	0.03050	0.02055	0.02651	0.01537	0.01789	0.01273	0.00888	0.00755	0.00252	0.01219	0.00610	0.00424	0.01352
40	0.01317	0.00988	0.01214	0.01251	0.01419	0.00963	0.00881	0.01539	0.01909	0.02503	0.09355	0.17610	0.20496	0.17336	0.15907	0.00778	0.01118	0.01836	0.00777	0.00802
41	0.03416	0.03937	0.02695	0.02410	0.02959	0.41584	0.01836	0.08442	0.16608	0.03184	0.02243	0.02330	0.01760	0.01123	0.00936	0.00281	0.01487	0.00785	0.00679	0.01305
42	0.02467	0.02369	0.04046	0.06119	0.58747	0.02369	0.03059	0.03059	0.02270	0.03257	0.01875	0.02467	0.01579	0.00888	0.00987	0.00296	0.01184	0.00888	0.00493	0.01579
43	0.02174	0.02113	0.03487	0.02491	0.03422	0.01772	0.21253	0.02764	0.02174	0.03228	0.01863	0.02299	0.01490	0.00776	0.00901	0.00218	0.01089	0.00809	0.00558	0.45120
44	0.01215	0.00868	0.01157	0.01388	0.01446	0.00810	0.00925	0.01388	0.01909	0.02545	0.05495	0.64315	0.06593	0.03123	0.01272	0.00405	0.00578	0.02834	0.00925	0.00810
45	0.03724	0.04751	0.02825	0.02568	0.03082	0.60963	0.01926	0.03981	0.02825	0.02440	0.01541	0.01798	0.01284	0.01027	0.00899	0.00257	0.01798	0.00642	0.00514	0.01156
46	0.02416	0.02738	0.05145	0.03794	0.04581	0.06682	0.41609	0.03101	0.02233	0.02994	0.01852	0.02533	0.01459	0.01021	0.01546	0.00349	0.13087	0.01083	0.00492	0.01284
47	0.03025	0.03515	0.03388	0.03702	0.19347	0.31017	0.05243	0.03406	0.02421	0.02713	0.01626	0.02106	0.01387	0.01096	0.01335	0.00302	0.11817	0.00782	0.00494	0.01279
48	0.01450	0.00966	0.01087	0.01087	0.01087	0.00966	0.00604	0.01450	0.01450	0.01933	0.03141	0.06524	0.03624	0.64965	0.05074	0.00966	0.00966	0.01450	0.00604	0.00604
49	0.07828	0.01304	0.01474	0.01314	0.01560	0.01307	0.00889	0.05942	0.01951	0.12928	0.03093	0.05272	0.03075	0.43767	0.03690	0.00747	0.00938	0.01257	0.00747	0.00917
50	0.01215	0.00868	0.01157	0.01388	0.01446	0.00810	0.00925	0.01388	0.01909	0.02545	0.05495	0.64315	0.06593	0.03123	0.01272	0.00405	0.00578	0.02834	0.00925	0.00810
51	0.03640	0.02648	0.02832	0.02188	0.02942	0.02925	0.01802	0.51322	0.04487	0.06085	0.02460	0.02496	0.01762	0.01194	0.00974	0.00294	0.01048	0.00900	0.06364	0.01636
52	0.02181	0.02181	0.03053	0.02617	0.02617	0.03053	0.02181	0.02399	0.01527	0.02399	0.01309	0.02181	0.01309	0.01745	0.03272	0.00436	0.63141	0.00872	0.00436	0.01091
53	0.19591	0.02705	0.02628	0.02082	0.02821	0.06227	0.01708	0.40297	0.03887	0.05642	0.02111	0.02180	0.01529	0.01124	0.00903	0.00299	0.01062	0.00800	0.00881	0.01522
54	0.01322	0.00949	0.01176	0.01240	0.01365	0.00887	0.00838	0.01550	0.02106	0.02840	0.20733	0.28668	0.12165	0.17074	0.02115	0.00501	0.00629	0.02137	0.00901	0.00803
55	0.01675	0.01159	0.01334	0.01280	0.01383	0.01200	0.00817	0.07147	0.01839	0.02470	0.03214	0.10538	0.03570	0.48660	0.08830	0.00902	0.01086	0.01473	0.00666	0.00758
56	0.01525	0.01089	0.01513	0.01743	0.01937	0.01077	0.01465	0.01925	0.02215	0.02893	0.05323	0.22238	0.05915	0.02830	0.01355	0.00448	0.00848	0.41845	0.00919	0.00896
57	0.64696	0.01950	0.01548	0.01386	0.01998	0.02262	0.01132	0.03179	0.07506	0.04441	0.01669	0.01840	0.01286	0.00970	0.00659	0.00312	0.00773	0.00602	0.00659	0.01132
58	0.03738	0.04340	0.02860	0.02511	0.03084	0.48817	0.01920	0.14778	0.03216	0.03246	0.01720	0.01923	0.01370	0.01063	0.00920	0.00266	0.01651	0.00696	0.00615	0.01269
59	0.01869	0.01299	0.01533	0.01487	0.01855	0.01266	0.01174	0.02651	0.12102	0.09130	0.13192	0.12327	0.22427	0.02210	0.01175	0.00359	0.00670	0.11191	0.00994	0.01087
60	0.02121	0.16176	0.49845	0.02634	0.03994	0.02612	0.03323	0.03126	0.02090	0.03009	0.01715	0.02012	0.01266	0.00930	0.00891	0.00297	0.01399	0.00700	0.00422	0.01438
61	0.01337	0.00978	0.01259	0.01302	0.01493	0.00901	0.00954	0.01691	0.02452	0.03354	0.33890	0.25485	0.13477	0.02465	0.01217	0.00352	0.00532	0.04953	0.01016	0.00888
62	0.07294	0.01938	0.02666	0.01924	0.02811	0.01597	0.10273	0.02656	0.02088	0.03330	0.01785	0.02139	0.01453	0.00769	0.00803	0.00191	0.00900	0.00686	0.00578	0.54118
63	0.03221	0.01976	0.02276	0.01934	0.02575	0.02102	0.01536	0.05134	0.36819	0.24734	0.04011	0.03598	0.02829	0.01308	0.01010	0.00327	0.00811	0.01081	0.01096	0.01622

[dist]
# distance from previous block
# <min> <max>
2	4

[block]
# block no. 1 follows, 15 sequences, length 19
# corresponding to MSA columns:
# 620-638
name=unknown_B
#
# <colnr> <probs for GDERKNQSTAVLIFYWHMCP>
#	G	D	E	R	K	N	Q	S	T	A	V	L	I	F	Y	W	H	M	C	P
0	0.02335	0.02635	0.05579	0.04032	0.04932	0.02578	0.49448	0.03108	0.02264	0.03108	0.01941	0.02635	0.01491	0.00937	0.01401	0.00347	0.08272	0.01144	0.00497	0.01317
1	0.01757	0.01195	0.01336	0.01187	0.01642	0.00992	0.00918	0.02065	0.02365	0.10766	0.11400	0.07710	0.40715	0.02104	0.01102	0.00309	0.00578	0.01754	0.00941	0.09164
2	0.01246	0.00973	0.01130	0.01175	0.01409	0.00857	0.00849	0.01530	0.02307	0.02973	0.20680	0.24278	0.31893	0.02571	0.01204	0.00350	0.00517	0.02233	0.00968	0.00857
3	0.02467	0.02369	0.04046	0.06119	0.58747	0.02369	0.03059	0.03059	0.02270	0.03257	0.01875	0.02467	0.01579	0.00888	0.00987	0.00296	0.01184	0.00888	0.00493	0.01579
4	0.01910	0.01379	0.01624	0.01613	0.01988	0.01390	0.01301	0.02863	0.15681	0.07855	0.06259	0.11728	0.19893	0.02243	0.01194	0.00378	0.00741	0.17874	0.00971	0.01115
5	0.02207	0.01855	0.02142	0.01543	0.02422	0.01472	0.01239	0.06820	0.02281	0.03496	0.01822	0.02094	0.01494	0.00776	0.00759	0.00160	0.00767	0.00616	0.00624	0.65410
6	0.02057	0.01818	0.01775	0.01644	0.02033	0.08762	0.01287	0.08226	0.09353	0.03686	0.22588	0.06658	0.16121	0.01926	0.01128	0.00331	0.00802	0.07754	0.00948	0.01102
7	0.48165	0.02096	0.01917	0.01592	0.02269	0.02336	0.01313	0.15107	0.02519	0.11661	0.01930	0.02014	0.01391	0.01025	0.00751	0.00306	0.00855	0.00678	0.00779	0.01296
8	0.02706	0.02392	0.02373	0.02094	0.02680	0.06593	0.01636	0.10582	0.47595	0.04277	0.03705	0.03444	0.02777	0.01313	0.01005	0.00328	0.00892	0.01069	0.00978	0.01561
9	0.01424	0.01068	0.01602	0.01602	0.01780	0.01246	0.01246	0.01780	0.01602	0.02314	0.02670	0.03916	0.02492	0.07477	0.61015	0.01602	0.02670	0.01068	0.00534	0.00890
10	0.01999	0.05157	0.59800	0.02841	0.04315	0.02315	0.03683	0.03157	0.02105	0.03157	0.01789	0.02105	0.01263	0.00947	0.00947	0.00316	0.01473	0.00737	0.00421	0.01473
11	0.01450	0.00966	0.01087	0.01087	0.01087	0.00966	0.00604	0.01450	0.01450	0.01933	0.03141	0.06524	0.03624	0.64965	0.05074	0.00966	0.00966	0.01450	0.00604	0.00604
12	0.72007	0.01928	0.01465	0.01311	0.01928	0.02236	0.01080	0.02930	0.01697	0.04473	0.01388	0.01619	0.01080	0.00925	0.00617	0.00308	0.00771	0.00540	0.00617	0.01080
13	0.04473	0.01697	0.02313	0.01774	0.02545	0.01465	0.01465	0.04858	0.02853	0.59437	0.03933	0.03393	0.02468	0.01234	0.01003	0.00308	0.00848	0.01003	0.01234	0.01697
14	0.03419	0.04113	0.02685	0.02436	0.02962	0.46654	0.01841	0.04303	0.16066	0.02863	0.02157	0.02268	0.01714	0.01107	0.00927	0.00277	0.01551	0.00761	0.00636	0.01259
15	0.01420	0.01046	0.01338	0.01350	0.01550	0.01002	0.00979	0.01953	0.06183	0.03542	0.37613	0.25477	0.08072	0.02341	0.01196	0.00345	0.00527	0.02089	0.01036	0.00942
16	0.01392	0.01018	0.01306	0.01234	0.01477	0.00932	0.00925	0.01844	0.02776	0.03889	0.54221	0.07625	0.13474	0.02078	0.01176	0.00315	0.00473	0.01828	0.01083	0.00932
17	0.03124	0.25027	0.03599	0.02084	0.02804	0.13521	0.01771	0.18003	0.13761	0.03803	0.02218	0.02272	0.01743	0.01077	0.00858	0.00269	0.01149	0.00770	0.00715	0.01431
18	0.02970	0.04107	0.22030	0.02868	0.03832	0.21234	0.11956	0.09144	0.02706	0.06935	0.01954	0.02225	0.01439	0.00999	0.00981	0.00298	0.01534	0.00819	0.00580	0.01387

[dist]
# distance from previous block
# <min> <max>
0	2

[block]
# block no. 2 follows, 15 sequences, length 31
# corresponding to MSA columns:
# 641-671
name=unknown_C
#
# <colnr> <probs for GDERKNQSTAVLIFYWHMCP>
#	G	D	E	R	K	N	Q	S	T	A	V	L	I	F	Y	W	H	M	C	P
0	0.28356	0.05762	0.02600	0.02663	0.13378	0.11607	0.01779	0.03494	0.11379	0.03637	0.01956	0.02201	0.01566	0.01051	0.00956	0.00306	0.04659	0.00743	0.00624	0.01284
1	0.02136	0.02122	0.01844	0.01770	0.02027	0.17203	0.01290	0.02623	0.07607	0.02469	0.02835	0.08539	0.02799	0.17938	0.21460	0.00877	0.01695	0.01183	0.00624	0.00960
2	0.01405	0.01004	0.01372	0.01578	0.01727	0.00971	0.01232	0.01729	0.02151	0.02852	0.09424	0.36206	0.06425	0.02875	0.01312	0.00422	0.00722	0.24789	0.00935	0.00868
3	0.01409	0.01006	0.01379	0.01610	0.01753	0.00977	0.01263	0.01724	0.02100	0.02762	0.05387	0.38027	0.06169	0.02940	0.01324	0.00432	0.00747	0.27206	0.00922	0.00863
4	0.01306	0.00947	0.01239	0.01355	0.01501	0.00880	0.00972	0.01603	0.02258	0.03061	0.22932	0.38272	0.10736	0.02704	0.01243	0.00375	0.00564	0.06209	0.00981	0.00863
5	0.72007	0.01928	0.01465	0.01311	0.01928	0.02236	0.01080	0.02930	0.01697	0.04473	0.01388	0.01619	0.01080	0.00925	0.00617	0.00308	0.00771	0.00540	0.00617	0.01080
6	0.01883	0.01772	0.02990	0.62569	0.06866	0.02215	0.02769	0.02547	0.01993	0.02547	0.01772	0.02658	0.01329	0.00997	0.00997	0.00332	0.01329	0.00886	0.00443	0.01107
7	0.01559	0.01044	0.01291	0.01252	0.01527	0.00932	0.00929	0.01908	0.02508	0.07857	0.30982	0.17907	0.21969	0.02303	0.01180	0.00336	0.00530	0.02007	0.01030	0.00951
8	0.10330	0.01562	0.01772	0.01653	0.02072	0.01642	0.01263	0.03471	0.18889	0.14113	0.04087	0.19009	0.03800	0.06879	0.01377	0.00403	0.00769	0.04720	0.00950	0.01235
9	0.02706	0.02273	0.02481	0.02141	0.02693	0.02658	0.01702	0.14819	0.41009	0.04402	0.03449	0.03301	0.02601	0.01362	0.01243	0.00341	0.07260	0.01056	0.00952	0.01551
10	0.02597	0.59354	0.10836	0.01823	0.02739	0.03777	0.01909	0.03003	0.02034	0.02429	0.01427	0.01651	0.01278	0.00863	0.00671	0.00224	0.01108	0.00554	0.00426	0.01299
11	0.72007	0.01928	0.01465	0.01311	0.01928	0.02236	0.01080	0.02930	0.01697	0.04473	0.01388	0.01619	0.01080	0.00925	0.00617	0.00308	0.00771	0.00540	0.00617	0.01080
12	0.01883	0.01772	0.02990	0.62569	0.06866	0.02215	0.02769	0.02547	0.01993	0.02547	0.01772	0.02658	0.01329	0.00997	0.00997	0.00332	0.01329	0.00886	0.00443	0.01107
13	0.01319	0.00945	0.01262	0.01402	0.01532	0.00888	0.01011	0.01613	0.02221	0.03021	0.20861	0.41392	0.07313	0.02762	0.01257	0.00385	0.00587	0.08394	0.00975	0.00861
14	0.03381	0.02822	0.02747	0.02245	0.02938	0.09672	0.01802	0.34073	0.20456	0.05187	0.02803	0.02729	0.02060	0.01225	0.00991	0.00306	0.01085	0.00938	0.00946	0.01596
15	0.72007	0.01928	0.01465	0.01311	0.01928	0.02236	0.01080	0.02930	0.01697	0.04473	0.01388	0.01619	0.01080	0.00925	0.00617	0.00308	0.00771	0.00540	0.00617	0.01080
16	0.01883	0.01772	0.02990	0.62569	0.06866	0.02215	0.02769	0.02547	0.01993	0.02547	0.01772	0.02658	0.01329	0.00997	0.00997	0.00332	0.01329	0.00886	0.00443	0.01107
17	0.01884	0.01121	0.01394	0.01296	0.01637	0.00990	0.00981	0.02232	0.02535	0.13734	0.26249	0.15276	0.22460	0.02186	0.01158	0.00332	0.00566	0.01888	0.01047	0.01033
18	0.02379	0.02256	0.03820	0.05712	0.53963	0.02249	0.02882	0.02961	0.02316	0.03319	0.06583	0.02883	0.02233	0.00984	0.01003	0.00298	0.01125	0.00965	0.00544	0.01526
19	0.01423	0.01063	0.01574	0.01566	0.01750	0.01215	0.01215	0.01791	0.01728	0.02487	0.08382	0.04279	0.03203	0.06917	0.54862	0.01470	0.02444	0.01144	0.00592	0.00895
20	0.02754	0.60484	0.05023	0.01778	0.02602	0.08708	0.01724	0.03068	0.02092	0.02353	0.01399	0.01616	0.01280	0.00867	0.00661	0.00217	0.01127	0.00542	0.00434	0.01269
21	0.01619	0.01063	0.01358	0.01322	0.01568	0.00959	0.00953	0.01937	0.02351	0.07676	0.26826	0.24800	0.09930	0.07361	0.01483	0.00387	0.00592	0.01985	0.00976	0.04855
22	0.03421	0.02411	0.02462	0.02068	0.02664	0.10643	0.01644	0.12820	0.16519	0.21758	0.03293	0.06582	0.02483	0.01370	0.01146	0.00320	0.04864	0.01064	0.00968	0.01499
23	0.02681	0.26179	0.15268	0.02094	0.03012	0.13974	0.02067	0.06013	0.02349	0.02916	0.01626	0.01872	0.01337	0.00903	0.00790	0.00235	0.01230	0.00627	0.00504	0.14323
24	0.02240	0.01312	0.01566	0.01486	0.01646	0.05764	0.01063	0.02054	0.01703	0.09747	0.02318	0.03692	0.02154	0.06454	0.03174	0.47311	0.00947	0.04078	0.00589	0.00703
25	0.02208	0.01133	0.01499	0.01475	0.01774	0.01013	0.01077	0.02453	0.02227	0.19961	0.05389	0.41253	0.09516	0.02497	0.01182	0.00370	0.00655	0.02215	0.01020	0.01084
26	0.25108	0.02238	0.02341	0.01853	0.02588	0.02401	0.01530	0.25917	0.03280	0.19638	0.02485	0.02415	0.01707	0.01122	0.00881	0.00304	0.00931	0.00814	0.00941	0.01505
27	0.01734	0.01020	0.01320	0.01359	0.01522	0.00949	0.00930	0.01933	0.02043	0.10339	0.10928	0.36659	0.05707	0.16328	0.02060	0.00504	0.00688	0.02160	0.00917	0.00901
28	0.02421	0.02321	0.03962	0.10622	0.54608	0.02356	0.03036	0.03019	0.02248	0.03200	0.01867	0.02483	0.01559	0.00897	0.00988	0.00299	0.01196	0.00888	0.00489	0.01541
29	0.02305	0.01443	0.01749	0.01567	0.01958	0.01415	0.01199	0.13050	0.02899	0.12745	0.19226	0.22282	0.09888	0.02090	0.01140	0.00338	0.00691	0.01812	0.01035	0.01168
30	0.02314	0.02573	0.05236	0.03839	0.04617	0.02643	0.43021	0.03012	0.02164	0.03012	0.01855	0.02573	0.01466	0.01047	0.01655	0.00359	0.15732	0.01107	0.00489	0.01286

[dist]
# distance from previous block
# <min> <max>
0	2

[block]
# block no. 3 follows, 15 sequences, length 28
# corresponding to MSA columns:
# 674-701
name=unknown_D
#
# <colnr> <probs for GDERKNQSTAVLIFYWHMCP>
#	G	D	E	R	K	N	Q	S	T	A	V	L	I	F	Y	W	H	M	C	P
0	0.01844	0.01426	0.01646	0.01619	0.01917	0.01497	0.01190	0.09095	0.15244	0.03496	0.08466	0.35236	0.08597	0.02359	0.01165	0.00366	0.00681	0.02079	0.00966	0.01111
1	0.04024	0.02072	0.02504	0.01958	0.02711	0.02067	0.01605	0.19693	0.10152	0.36991	0.03499	0.03142	0.02314	0.01238	0.01002	0.00309	0.00914	0.00987	0.01137	0.01681
2	0.08345	0.02905	0.03451	0.04048	0.27582	0.15414	0.06129	0.09919	0.02651	0.03552	0.01833	0.02234	0.01478	0.00949	0.00938	0.00283	0.01286	0.00810	0.00579	0.05614
3	0.02459	0.09437	0.45974	0.02575	0.03883	0.02306	0.03160	0.03423	0.02221	0.12340	0.02109	0.02276	0.01462	0.00987	0.00932	0.00306	0.01338	0.00764	0.00555	0.01494
4	0.02835	0.01894	0.02631	0.08268	0.14103	0.01733	0.01811	0.03468	0.05910	0.19097	0.02552	0.02685	0.01865	0.00972	0.00905	0.00252	0.00917	0.00829	0.00767	0.26506
5	0.48723	0.02922	0.07284	0.01762	0.02435	0.16607	0.01532	0.03209	0.02011	0.03852	0.01463	0.01709	0.01147	0.00952	0.00717	0.00297	0.01088	0.00583	0.00573	0.01135
6	0.01967	0.01590	0.02795	0.02291	0.02730	0.01534	0.17439	0.02406	0.02095	0.06820	0.06561	0.05924	0.03579	0.18983	0.07867	0.00645	0.01294	0.11755	0.00707	0.01018
7	0.03635	0.02643	0.02826	0.02184	0.02937	0.02918	0.01799	0.51161	0.04479	0.06077	0.02462	0.02500	0.01764	0.01194	0.00973	0.00294	0.01046	0.00900	0.06576	0.01634
8	0.02353	0.02689	0.05882	0.04202	0.05210	0.02521	0.55126	0.03193	0.02353	0.03193	0.02017	0.02689	0.01513	0.00840	0.01176	0.00336	0.01681	0.01176	0.00504	0.01345
9	0.16746	0.01389	0.01574	0.01458	0.01856	0.01415	0.01150	0.02742	0.06826	0.11005	0.26665	0.09362	0.05734	0.01782	0.01048	0.00333	0.00656	0.06170	0.00979	0.01107
10	0.01606	0.01147	0.01606	0.01836	0.02065	0.01147	0.01606	0.02065	0.02295	0.02983	0.05278	0.11245	0.05737	0.02754	0.01377	0.00459	0.00918	0.52037	0.00918	0.00918
11	0.01398	0.00974	0.01215	0.01257	0.01359	0.00937	0.00849	0.01614	0.02036	0.02782	0.20961	0.19664	0.06217	0.27603	0.02777	0.00606	0.00724	0.05402	0.00849	0.00775
12	0.02665	0.65565	0.05224	0.01706	0.02559	0.03945	0.01706	0.02985	0.02026	0.02345	0.01386	0.01599	0.01279	0.00853	0.00640	0.00213	0.01066	0.00533	0.00426	0.01279
13	0.02153	0.01450	0.01741	0.01596	0.01975	0.01480	0.01214	0.06083	0.15985	0.10807	0.24225	0.17314	0.05964	0.01942	0.01124	0.00337	0.00654	0.01695	0.01053	0.01208
14	0.02665	0.65565	0.05224	0.01706	0.02559	0.03945	0.01706	0.02985	0.02026	0.02345	0.01386	0.01599	0.01279	0.00853	0.00640	0.00213	0.01066	0.00533	0.00426	0.01279
15	0.01640	0.01043	0.01301	0.01274	0.01476	0.00979	0.00895	0.01886	0.02135	0.08101	0.18237	0.17496	0.13276	0.18887	0.06376	0.00592	0.00813	0.01820	0.00886	0.00882
16	0.02380	0.02280	0.03889	0.14529	0.51018	0.02346	0.03016	0.02983	0.02229	0.03151	0.01860	0.02496	0.01542	0.00904	0.00988	0.00301	0.01206	0.00888	0.00486	0.01509
17	0.72007	0.01928	0.01465	0.01311	0.01928	0.02236	0.01080	0.02930	0.01697	0.04473	0.01388	0.01619	0.01080	0.00925	0.00617	0.00308	0.00771	0.00540	0.00617	0.01080
18	0.19480	0.01678	0.01942	0.01903	0.05624	0.01788	0.01375	0.09510	0.02421	0.11789	0.07178	0.20603	0.03595	0.01765	0.01128	0.00342	0.04378	0.01448	0.00860	0.01192
19	0.02665	0.65565	0.05224	0.01706	0.02559	0.03945	0.01706	0.02985	0.02026	0.02345	0.01386	0.01599	0.01279	0.00853	0.00640	0.00213	0.01066	0.00533	0.00426	0.01279
20	0.01755	0.00985	0.01378	0.01362	0.01440	0.01031	0.00952	0.01712	0.05311	0.02115	0.02119	0.03238	0.01977	0.03655	0.10610	0.52389	0.01058	0.00914	0.05393	0.00605
21	0.03231	0.04010	0.03924	0.03155	0.03847	0.39953	0.21052	0.03698	0.02655	0.02711	0.01712	0.02118	0.01366	0.00960	0.00999	0.00285	0.01756	0.00834	0.00510	0.01224
22	0.27307	0.01775	0.02027	0.01617	0.02336	0.01726	0.01335	0.04206	0.02462	0.40853	0.03072	0.02793	0.01998	0.01130	0.00872	0.00308	0.00822	0.00846	0.01025	0.01488
23	0.02363	0.02646	0.05597	0.04031	0.05004	0.02518	0.50920	0.03359	0.06641	0.03270	0.02177	0.02770	0.01633	0.00881	0.01164	0.00336	0.01611	0.01173	0.00544	0.01363
24	0.01282	0.00942	0.01210	0.01352	0.01498	0.00870	0.00968	0.01547	0.02162	0.02870	0.15681	0.41239	0.14383	0.02807	0.01251	0.00384	0.00580	0.07170	0.00956	0.00848
25	0.02467	0.02369	0.04046	0.06119	0.58747	0.02369	0.03059	0.03059	0.02270	0.03257	0.01875	0.02467	0.01579	0.00888	0.00987	0.00296	0.01184	0.00888	0.00493	0.01579
26	0.01623	0.01004	0.01375	0.01452	0.01617	0.01009	0.01067	0.01867	0.01897	0.06654	0.04161	0.30814	0.04455	0.03963	0.17309	0.05264	0.01185	0.05041	0.07354	0.00889
27	0.72007	0.01928	0.01465	0.01311	0.01928	0.02236	0.01080	0.02930	0.01697	0.04473	0.01388	0.01619	0.01080	0.00925	0.00617	0.00308	0.00771	0.00540	0.00617	0.01080

[dist]
# distance from previous block
# <min> <max>
0	1

[block]
# block no. 4 follows, 15 sequences, length 28
# corresponding to MSA columns:
# 703-730
name=unknown_E
#
# <colnr> <probs for GDERKNQSTAVLIFYWHMCP>
#	G	D	E	R	K	N	Q	S	T	A	V	L	I	F	Y	W	H	M	C	P
0	0.26676	0.02167	0.02170	0.01693	0.02457	0.02230	0.01385	0.20358	0.02816	0.04684	0.01848	0.02022	0.01413	0.00956	0.00783	0.00254	0.00870	0.00676	0.00736	0.23806
1	0.16096	0.03060	0.08731	0.02886	0.06766	0.13376	0.15640	0.11056	0.02593	0.03710	0.01873	0.02278	0.01454	0.01356	0.04541	0.00382	0.01451	0.00847	0.00595	0.01310
2	0.01450	0.00966	0.01087	0.01087	0.01087	0.00966	0.00604	0.01450	0.01450	0.01933	0.03141	0.06524	0.03624	0.64965	0.05074	0.00966	0.00966	0.01450	0.00604	0.00604
3	0.01388	0.01040	0.01410	0.01391	0.01591	0.01091	0.01050	0.01729	0.01987	0.02755	0.17545	0.05802	0.12166	0.10045	0.33240	0.01053	0.01682	0.01427	0.00735	0.00873
4	0.72007	0.01928	0.01465	0.01311	0.01928	0.02236	0.01080	0.02930	0.01697	0.04473	0.01388	0.01619	0.01080	0.00925	0.00617	0.00308	0.00771	0.00540	0.00617	0.01080
5	0.02450	0.01291	0.01685	0.01505	0.01904	0.01196	0.01154	0.03002	0.06479	0.21869	0.26505	0.16782	0.06146	0.01935	0.01126	0.00331	0.00637	0.01691	0.01103	0.01208
6	0.03724	0.04751	0.02825	0.02568	0.03082	0.60963	0.01926	0.03981	0.02825	0.02440	0.01541	0.01798	0.01284	0.01027	0.00899	0.00257	0.01798	0.00642	0.00514	0.01156
7	0.01424	0.01068	0.01602	0.01602	0.01780	0.01246	0.01246	0.01780	0.01602	0.02314	0.02670	0.03916	0.02492	0.07477	0.61015	0.01602	0.02670	0.01068	0.00534	0.00890
8	0.01350	0.00939	0.01102	0.01175	0.01225	0.00905	0.00720	0.01428	0.01672	0.02198	0.04541	0.25127	0.09708	0.39498	0.03503	0.00729	0.00800	0.01950	0.00736	0.00692
9	0.02353	0.02689	0.05882	0.04202	0.05210	0.02521	0.55126	0.03193	0.02353	0.03193	0.02017	0.02689	0.01513	0.00840	0.01176	0.00336	0.01681	0.01176	0.00504	0.01345
10	0.03790	0.02792	0.02992	0.02294	0.03091	0.03091	0.01895	0.55423	0.04687	0.06283	0.02393	0.02393	0.01695	0.01197	0.00997	0.00299	0.01097	0.00898	0.00997	0.01695
11	0.01324	0.00988	0.01231	0.01228	0.01451	0.00895	0.00899	0.01692	0.02532	0.03445	0.37993	0.18742	0.19218	0.02348	0.01195	0.00336	0.00498	0.02063	0.01028	0.00895
12	0.02735	0.02157	0.02316	0.02030	0.02627	0.02449	0.01594	0.09145	0.48720	0.08603	0.03919	0.03591	0.02894	0.01331	0.01012	0.00333	0.00817	0.01100	0.01030	0.01596
13	0.06433	0.07111	0.08070	0.06728	0.03116	0.01843	0.05746	0.02689	0.02061	0.03185	0.01739	0.02102	0.01408	0.00807	0.00797	0.00208	0.00955	0.00666	0.00545	0.43791
14	0.02611	0.02361	0.03246	0.12464	0.21477	0.06885	0.05296	0.03722	0.16076	0.07609	0.02514	0.02825	0.01936	0.01114	0.01154	0.00322	0.05324	0.00953	0.00673	0.01440
15	0.01264	0.00904	0.01209	0.01411	0.01500	0.00849	0.00982	0.01489	0.02025	0.02717	0.10433	0.54708	0.06789	0.02992	0.01272	0.00401	0.00595	0.06688	0.00941	0.00831
16	0.03953	0.02531	0.02830	0.02170	0.02961	0.02703	0.01792	0.43352	0.04249	0.18972	0.02761	0.02632	0.01880	0.01206	0.00999	0.00301	0.01038	0.00923	0.01054	0.01696
17	0.02263	0.01134	0.01529	0.01512	0.01800	0.01021	0.01099	0.02505	0.02213	0.20853	0.04992	0.44710	0.05266	0.02515	0.01186	0.00374	0.00665	0.02245	0.01025	0.01095
18	0.72007	0.01928	0.01465	0.01311	0.01928	0.02236	0.01080	0.02930	0.01697	0.04473	0.01388	0.01619	0.01080	0.00925	0.00617	0.00308	0.00771	0.00540	0.00617	0.01080
19	0.72007	0.01928	0.01465	0.01311	0.01928	0.02236	0.01080	0.02930	0.01697	0.04473	0.01388	0.01619	0.01080	0.00925	0.00617	0.00308	0.00771	0.00540	0.00617	0.01080
20	0.01999	0.05157	0.59800	0.02841	0.04315	0.02315	0.03683	0.03157	0.02105	0.03157	0.01789	0.02105	0.01263	0.00947	0.00947	0.00316	0.01473	0.00737	0.00421	0.01473
21	0.21699	0.01345	0.01393	0.01265	0.01609	0.01374	0.00925	0.02387	0.02025	0.10520	0.13754	0.05150	0.08084	0.21909	0.02251	0.00523	0.00766	0.01253	0.00808	0.00961
22	0.01450	0.00966	0.01087	0.01087	0.01087	0.00966	0.00604	0.01450	0.01450	0.01933	0.03141	0.06524	0.03624	0.64965	0.05074	0.00966	0.00966	0.01450	0.00604	0.00604
23	0.01569	0.00973	0.01459	0.01459	0.01553	0.01067	0.01067	0.01553	0.01459	0.02040	0.02228	0.03499	0.02134	0.05586	0.34111	0.34287	0.01820	0.00973	0.00486	0.00675
24	0.01215	0.00868	0.01157	0.01388	0.01446	0.00810	0.00925	0.01388	0.01909	0.02545	0.05495	0.64315	0.06593	0.03123	0.01272	0.00405	0.00578	0.02834	0.00925	0.00810
25	0.31469	0.01880	0.02154	0.01679	0.02433	0.01822	0.05004	0.03358	0.02145	0.18766	0.02209	0.02281	0.01581	0.00955	0.00790	0.00270	0.00847	0.00721	0.00767	0.18869
26	0.12696	0.03155	0.18050	0.02367	0.03318	0.02537	0.05782	0.22891	0.06366	0.09858	0.02310	0.02401	0.01635	0.01081	0.00944	0.00311	0.01150	0.00847	0.00780	0.01520
27	0.02677	0.03080	0.04719	0.03549	0.04388	0.15627	0.36145	0.03647	0.09641	0.03153	0.02179	0.02625	0.01663	0.00950	0.01093	0.00319	0.01590	0.01050	0.00573	0.01333

[dist]
# distance from previous block
# <min> <max>
0	2

[block]
# block no. 5 follows, 15 sequences, length 117
# corresponding to MSA columns:
# 733-849
name=unknown_F
#
# <colnr> <probs for GDERKNQSTAVLIFYWHMCP>
#	G	D	E	R	K	N	Q	S	T	A	V	L	I	F	Y	W	H	M	C	P
0	0.15712	0.01726	0.02348	0.25926	0.08073	0.01877	0.01933	0.02521	0.01982	0.03135	0.02264	0.08203	0.02080	0.01231	0.00924	0.00307	0.01009	0.04463	0.00582	0.13705
1	0.02311	0.02209	0.03764	0.21206	0.44881	0.02328	0.02982	0.02923	0.02196	0.03067	0.01848	0.02518	0.01512	0.00917	0.00990	0.00306	0.01223	0.00888	0.00480	0.01453
2	0.03790	0.02792	0.02992	0.02294	0.03091	0.03091	0.01895	0.55423	0.04687	0.06283	0.02393	0.02393	0.01695	0.01197	0.00997	0.00299	0.01097	0.00898	0.00997	0.01695
3	0.72007	0.01928	0.01465	0.01311	0.01928	0.02236	0.01080	0.02930	0.01697	0.04473	0.01388	0.01619	0.01080	0.00925	0.00617	0.00308	0.00771	0.00540	0.00617	0.01080
4	0.01557	0.01063	0.01313	0.01224	0.01523	0.00950	0.00927	0.01964	0.02677	0.07426	0.41661	0.07744	0.22012	0.02113	0.01165	0.00319	0.00505	0.01829	0.01061	0.00966
5	0.72007	0.01928	0.01465	0.01311	0.01928	0.02236	0.01080	0.02930	0.01697	0.04473	0.01388	0.01619	0.01080	0.00925	0.00617	0.00308	0.00771	0.00540	0.00617	0.01080
6	0.01311	0.00908	0.01128	0.01265	0.01299	0.00874	0.00793	0.01413	0.01720	0.02294	0.04529	0.40594	0.05375	0.28507	0.02833	0.00635	0.00738	0.02266	0.00793	0.00725
7	0.04473	0.01697	0.02313	0.01774	0.02545	0.01465	0.01465	0.04858	0.02853	0.59437	0.03933	0.03393	0.02468	0.01234	0.01003	0.00308	0.00848	0.01003	0.01234	0.01697
8	0.03428	0.01453	0.01976	0.01674	0.02233	0.01283	0.01344	0.03786	0.02628	0.40516	0.07799	0.15626	0.03955	0.01766	0.01096	0.00340	0.00780	0.05761	0.01141	0.01417
9	0.01883	0.01772	0.02990	0.62569	0.06866	0.02215	0.02769	0.02547	0.01993	0.02547	0.01772	0.02658	0.01329	0.00997	0.00997	0.00332	0.01329	0.00886	0.00443	0.01107
10	0.01880	0.01738	0.02476	0.02213	0.02284	0.02334	0.01809	0.02153	0.01557	0.02365	0.01850	0.02871	0.01780	0.04025	0.26246	0.00900	0.39081	0.00950	0.00475	0.01011
11	0.03664	0.02428	0.03273	0.02517	0.03292	0.10497	0.14918	0.04353	0.07354	0.32370	0.03117	0.03013	0.02106	0.01116	0.01032	0.00310	0.01189	0.01004	0.00928	0.01520
12	0.33676	0.23138	0.02920	0.01638	0.02318	0.06839	0.01421	0.03388	0.10474	0.03586	0.01813	0.01951	0.01465	0.00975	0.00705	0.00278	0.00941	0.00636	0.00609	0.01228
13	0.02656	0.53273	0.12142	0.01916	0.02825	0.07896	0.01979	0.03080	0.02094	0.02458	0.01450	0.01679	0.01278	0.00878	0.00699	0.00230	0.01172	0.00567	0.00432	0.01296
14	0.02580	0.07704	0.03674	0.08927	0.37542	0.02449	0.02582	0.03486	0.10772	0.07096	0.02305	0.02664	0.01823	0.00989	0.00963	0.00299	0.01100	0.00902	0.00615	0.01527
15	0.02584	0.02132	0.02704	0.02286	0.02583	0.02660	0.01874	0.11179	0.11664	0.07708	0.07057	0.03021	0.02450	0.01581	0.02187	0.00378	0.32908	0.01010	0.00738	0.01299
16	0.01359	0.01017	0.01261	0.01200	0.01458	0.00919	0.00900	0.01781	0.02700	0.03708	0.47533	0.07924	0.20275	0.02146	0.01176	0.00319	0.00478	0.01870	0.01059	0.00919
17	0.04473	0.01697	0.02313	0.01774	0.02545	0.01465	0.01465	0.04858	0.02853	0.59437	0.03933	0.03393	0.02468	0.01234	0.01003	0.00308	0.00848	0.01003	0.01234	0.01697
18	0.02586	0.02365	0.02303	0.02075	0.02634	0.07485	0.01608	0.05185	0.52314	0.04022	0.03842	0.03555	0.02893	0.01325	0.01004	0.00331	0.00875	0.01086	0.00972	0.01542
19	0.14755	0.01415	0.01662	0.01441	0.01935	0.01356	0.01135	0.03296	0.02370	0.26765	0.07995	0.12896	0.03444	0.01525	0.00937	0.00310	0.00694	0.01258	0.13554	0.01255
20	0.02353	0.02689	0.05882	0.04202	0.05210	0.02521	0.55126	0.03193	0.02353	0.03193	0.02017	0.02689	0.01513	0.00840	0.01176	0.00336	0.01681	0.01176	0.00504	0.01345
21	0.01358	0.00997	0.01273	0.01245	0.01468	0.00912	0.00918	0.01764	0.02636	0.03654	0.45655	0.15485	0.14444	0.02241	0.01189	0.00329	0.00489	0.01978	0.01055	0.00912
22	0.04473	0.01697	0.02313	0.01774	0.02545	0.01465	0.01465	0.04858	0.02853	0.59437	0.03933	0.03393	0.02468	0.01234	0.01003	0.00308	0.00848	0.01003	0.01234	0.01697
23	0.02896	0.02880	0.02454	0.02190	0.02755	0.18149	0.01691	0.08141	0.39150	0.03842	0.03279	0.03121	0.02487	0.01256	0.00982	0.00314	0.01078	0.00983	0.00879	0.01473
24	0.02480	0.02141	0.02254	0.02029	0.02592	0.02480	0.01578	0.05297	0.56946	0.04170	0.04057	0.03719	0.03043	0.01352	0.01014	0.00338	0.00789	0.01127	0.01014	0.01578
25	0.72007	0.01928	0.01465	0.01311	0.01928	0.02236	0.01080	0.02930	0.01697	0.04473	0.01388	0.01619	0.01080	0.00925	0.00617	0.00308	0.00771	0.00540	0.00617	0.01080
26	0.01238	0.00931	0.01155	0.01323	0.01472	0.00848	0.00938	0.01458	0.02042	0.02623	0.06743	0.44672	0.20759	0.02927	0.01256	0.00391	0.00588	0.06884	0.00925	0.00828
27	0.01675	0.01063	0.01405	0.01442	0.01679	0.01006	0.01130	0.02079	0.02446	0.07253	0.25556	0.18742	0.06822	0.02305	0.01194	0.00362	0.00636	0.15223	0.07022	0.00961
28	0.03773	0.03281	0.02950	0.02362	0.03089	0.17517	0.01903	0.42600	0.04223	0.05325	0.02181	0.02245	0.01593	0.01154	0.00973	0.00289	0.01272	0.00834	0.00877	0.01561
29	0.01346	0.00961	0.01307	0.01538	0.01653	0.00923	0.01153	0.01615	0.02038	0.02692	0.05422	0.46544	0.06307	0.03000	0.01307	0.00423	0.00692	0.19310	0.00923	0.00846
30	0.08654	0.02279	0.03155	0.02511	0.03225	0.02442	0.14900	0.08579	0.30344	0.08262	0.03177	0.03151	0.02342	0.01167	0.01018	0.00330	0.01039	0.01061	0.00868	0.01495
31	0.01424	0.01068	0.01602	0.01602	0.01780	0.01246	0.01246	0.01780	0.01602	0.02314	0.02670	0.03916	0.02492	0.07477	0.61015	0.01602	0.02670	0.01068	0.00534	0.00890
32	0.02172	0.01551	0.01755	0.01625	0.01998	0.01699	0.01251	0.03442	0.23050	0.08271	0.04571	0.13246	0.09475	0.01728	0.01176	0.00332	0.05337	0.01421	0.14671	0.01227
33	0.02401	0.02403	0.04089	0.07240	0.04019	0.02679	0.24197	0.07106	0.11574	0.03326	0.02183	0.02703	0.01719	0.01209	0.01692	0.00361	0.18125	0.01045	0.00604	0.01325
34	0.02337	0.02235	0.03810	0.18744	0.47143	0.02334	0.02994	0.02945	0.02208	0.03098	0.01852	0.02510	0.01523	0.00912	0.00989	0.00304	0.01217	0.00888	0.00482	0.01474
35	0.01352	0.01017	0.01250	0.01192	0.01453	0.00915	0.00894	0.01766	0.02682	0.03665	0.45961	0.07994	0.21874	0.02162	0.01176	0.00319	0.00479	0.01880	0.01054	0.00915
36	0.09426	0.02750	0.02704	0.02180	0.02894	0.07566	0.01766	0.37092	0.14337	0.05410	0.02558	0.02534	0.01868	0.01190	0.00960	0.00304	0.01066	0.00890	0.00929	0.01576
37	0.02138	0.17703	0.48465	0.02606	0.03950	0.02654	0.03273	0.03121	0.02088	0.02988	0.01705	0.02000	0.01266	0.00928	0.00883	0.00294	0.01389	0.00694	0.00422	0.01433
38	0.02467	0.02369	0.04046	0.06119	0.58747	0.02369	0.03059	0.03059	0.02270	0.03257	0.01875	0.02467	0.01579	0.00888	0.00987	0.00296	0.01184	0.00888	0.00493	0.01579
39	0.02401	0.01242	0.01628	0.01405	0.01825	0.01105	0.01098	0.02824	0.02785	0.22167	0.36201	0.06294	0.11307	0.01815	0.01119	0.00314	0.00598	0.01565	0.01128	0.01181
40	0.02577	0.01897	0.02178	0.01994	0.02505	0.02074	0.01636	0.13215	0.25474	0.08298	0.04151	0.05938	0.03646	0.01778	0.01130	0.00369	0.00891	0.17864	0.00996	0.01390
41	0.01215	0.00868	0.01157	0.01388	0.01446	0.00810	0.00925	0.01388	0.01909	0.02545	0.05495	0.64315	0.06593	0.03123	0.01272	0.00405	0.00578	0.02834	0.00925	0.00810
42	0.04418	0.01785	0.02368	0.01816	0.02589	0.01596	0.01500	0.08935	0.03001	0.55151	0.03809	0.03312	0.02405	0.01231	0.01002	0.00308	0.00868	0.00994	0.01215	0.01696
43	0.03703	0.02366	0.02659	0.02100	0.02843	0.02531	0.01715	0.31600	0.14939	0.20061	0.03147	0.02933	0.02179	0.01239	0.01002	0.00310	0.00967	0.00973	0.01064	0.01672
44	0.02620	0.61449	0.08942	0.01783	0.02678	0.03834	0.01840	0.02997	0.02031	0.02401	0.01413	0.01634	0.01278	0.00859	0.00661	0.00220	0.01094	0.00547	0.00426	0.01293
45	0.01448	0.00974	0.01126	0.01126	0.01139	0.00987	0.00652	0.01474	0.01461	0.01962	0.03106	0.06328	0.03539	0.60660	0.09264	0.01014	0.01094	0.01421	0.00599	0.00625
46	0.01601	0.01152	0.01500	0.01625	0.01826	0.01145	0.01268	0.06353	0.02369	0.03151	0.09396	0.34275	0.06073	0.02729	0.01280	0.00409	0.00743	0.21224	0.00943	0.00938
47	0.01709	0.00874	0.01282	0.01282	0.01282	0.00874	0.00845	0.01311	0.01311	0.01748	0.01845	0.03312	0.01884	0.08422	0.03991	0.65350	0.00874	0.00913	0.00447	0.00447
48	0.03207	0.03891	0.02902	0.02585	0.02926	0.41571	0.02012	0.03451	0.02390	0.02426	0.01463	0.01926	0.01292	0.01268	0.01693	0.00317	0.22339	0.00719	0.00488	0.01134
49	0.01561	0.01006	0.01440	0.01679	0.05982	0.00967	0.01048	0.01485	0.01689	0.02228	0.03963	0.22813	0.10350	0.03032	0.02506	0.34516	0.00757	0.01634	0.00653	0.00694
50	0.03599	0.03764	0.02890	0.02487	0.03065	0.41091	0.06332	0.03925	0.02735	0.13316	0.02271	0.05908	0.01845	0.01176	0.00965	0.00282	0.01535	0.00887	0.00674	0.01254
51	0.03582	0.02583	0.03228	0.02464	0.03213	0.02809	0.07762	0.38352	0.03912	0.12649	0.02462	0.02540	0.01744	0.01209	0.01214	0.00316	0.06489	0.00940	0.00925	0.01604
52	0.01883	0.01772	0.02990	0.62569	0.06866	0.02215	0.02769	0.02547	0.01993	0.02547	0.01772	0.02658	0.01329	0.00997	0.00997	0.00332	0.01329	0.00886	0.00443	0.01107
53	0.02438	0.19520	0.28087	0.02810	0.03937	0.06031	0.14256	0.06089	0.02323	0.03098	0.01759	0.02106	0.01347	0.00919	0.00921	0.00290	0.01414	0.00786	0.00478	0.01392
54	0.03921	0.01574	0.02137	0.01680	0.02355	0.01371	0.01371	0.04322	0.02848	0.49445	0.13717	0.04124	0.03718	0.01379	0.01034	0.00309	0.00780	0.01147	0.01209	0.01560
55	0.02712	0.02485	0.03075	0.02506	0.03184	0.05887	0.11733	0.11918	0.36199	0.04187	0.03295	0.03229	0.02464	0.01216	0.01036	0.00328	0.01058	0.01076	0.00887	0.01527
56	0.10307	0.01717	0.02240	0.01734	0.02492	0.01532	0.01432	0.04692	0.02753	0.54689	0.03713	0.03240	0.02348	0.01207	0.00969	0.00308	0.00842	0.00963	0.01181	0.01643
57	0.03397	0.02500	0.02699	0.02170	0.02887	0.02776	0.01759	0.35192	0.22061	0.09197	0.03056	0.02906	0.02199	0.01251	0.01003	0.00313	0.00977	0.00982	0.01019	0.01656
58	0.01408	0.01001	0.01228	0.01181	0.01345	0.00942	0.00815	0.01705	0.02324	0.03215	0.36425	0.07285	0.10846	0.23177	0.02483	0.00534	0.00639	0.01705	0.00920	0.00821
59	0.72007	0.01928	0.01465	0.01311	0.01928	0.02236	0.01080	0.02930	0.01697	0.04473	0.01388	0.01619	0.01080	0.00925	0.00617	0.00308	0.00771	0.00540	0.00617	0.01080
60	0.01426	0.01059	0.01558	0.01558	0.01721	0.01222	0.01191	0.01752	0.01589	0.02282	0.02711	0.04139	0.02589	0.12397	0.56227	0.01548	0.02524	0.01101	0.00540	0.00866
61	0.02665	0.65565	0.05224	0.01706	0.02559	0.03945	0.01706	0.02985	0.02026	0.02345	0.01386	0.01599	0.01279	0.00853	0.00640	0.00213	0.01066	0.00533	0.00426	0.01279
62	0.01458	0.01044	0.01477	0.01458	0.01655	0.01143	0.01123	0.01852	0.01948	0.02854	0.16567	0.04779	0.04221	0.05580	0.40936	0.01164	0.01933	0.01239	0.06663	0.00906
63	0.01850	0.01571	0.01585	0.01467	0.01861	0.05126	0.01146	0.08823	0.06820	0.03529	0.17475	0.07457	0.29011	0.02095	0.01142	0.00333	0.00711	0.05998	0.00949	0.01051
64	0.01215	0.00868	0.01157	0.01388	0.01446	0.00810	0.00925	0.01388	0.01909	0.02545	0.05495	0.64315	0.06593	0.03123	0.01272	0.00405	0.00578	0.02834	0.00925	0.00810
65	0.01883	0.01772	0.02990	0.62569	0.06866	0.02215	0.02769	0.02547	0.01993	0.02547	0.01772	0.02658	0.01329	0.00997	0.00997	0.00332	0.01329	0.00886	0.00443	0.01107
