[name]
unknown

[dist]
# distance from previous block
# <min> <max>
0	370

[block]
# block no. 0 follows, 12 sequences, length 11
# corresponding to MSA columns:
# 396-406
name=unknown_A
#
# <colnr> <probs for GDERKNQSTAVLIFYWHMCP>
#	G	D	E	R	K	N	Q	S	T	A	V	L	I	F	Y	W	H	M	C	P
0	0.01480	0.01105	0.01389	0.01437	0.01684	0.01014	0.01095	0.01879	0.02677	0.03582	0.27952	0.18779	0.19357	0.02689	0.01340	0.00392	0.00622	0.09464	0.01092	0.00974
1	0.03244	0.37132	0.04464	0.01947	0.02866	0.03456	0.01791	0.11578	0.02815	0.09155	0.02064	0.02181	0.01647	0.01024	0.00824	0.00250	0.01095	0.00715	0.00693	0.11058
2	0.02814	0.02402	0.03848	0.05309	0.40342	0.02288	0.02803	0.03411	0.02499	0.08257	0.02233	0.02708	0.01794	0.00975	0.01030	0.00295	0.01170	0.00922	0.00633	0.14272
3	0.02706	0.15309	0.27294	0.03399	0.09737	0.02828	0.11311	0.03590	0.02430	0.08291	0.02149	0.02483	0.01595	0.01019	0.01025	0.00325	0.01466	0.00891	0.00571	0.01583
4	0.02915	0.62337	0.05714	0.01866	0.02799	0.04314	0.01866	0.03265	0.02215	0.02565	0.01516	0.01749	0.01399	0.00933	0.00700	0.00233	0.01166	0.00583	0.00466	0.01399
5	0.01524	0.01100	0.01498	0.01598	0.01786	0.01074	0.01218	0.01920	0.02492	0.03422	0.22882	0.24780	0.07559	0.03499	0.08348	0.00583	0.00953	0.11769	0.01025	0.00973
6	0.02750	0.09614	0.17695	0.04388	0.21402	0.02883	0.12075	0.09357	0.02756	0.03832	0.02072	0.02537	0.01609	0.01016	0.01070	0.00328	0.01450	0.00950	0.00583	0.01633
7	0.02221	0.09529	0.03786	0.36057	0.10683	0.02561	0.07058	0.02888	0.02342	0.03060	0.07300	0.03284	0.02399	0.01161	0.01078	0.00342	0.01341	0.01053	0.00567	0.01289
8	0.01389	0.01069	0.01287	0.01435	0.01659	0.00967	0.01071	0.01672	0.02329	0.02938	0.08059	0.31191	0.26660	0.03071	0.01370	0.00423	0.00666	0.10813	0.01011	0.00922
9	0.02557	0.02446	0.04169	0.18324	0.44358	0.02553	0.03276	0.03222	0.02416	0.03390	0.02026	0.02745	0.01666	0.00998	0.01082	0.00333	0.01330	0.00971	0.00527	0.01613
10	0.02868	0.13486	0.23150	0.03702	0.16654	0.08562	0.03074	0.09441	0.02766	0.03685	0.01965	0.02319	0.01532	0.01046	0.00995	0.00313	0.01447	0.00823	0.00570	0.01601

[dist]
# distance from previous block
# <min> <max>
0	1

[block]
# block no. 1 follows, 12 sequences, length 17
# corresponding to MSA columns:
# 408-424
name=unknown_B
#
# <colnr> <probs for GDERKNQSTAVLIFYWHMCP>
#	G	D	E	R	K	N	Q	S	T	A	V	L	I	F	Y	W	H	M	C	P
0	0.09073	0.03652	0.24645	0.03608	0.14665	0.02370	0.07616	0.03789	0.02490	0.14184	0.02435	0.02683	0.01728	0.01073	0.01048	0.00341	0.01358	0.00925	0.00686	0.01632
1	0.02161	0.01262	0.01590	0.01423	0.01825	0.01119	0.01097	0.02599	0.02949	0.14416	0.33816	0.07809	0.19322	0.02178	0.01248	0.00348	0.00607	0.01873	0.01186	0.01170
2	0.01586	0.01057	0.01189	0.01189	0.01189	0.01057	0.00661	0.01586	0.01586	0.02114	0.03436	0.07135	0.03964	0.61681	0.05550	0.01057	0.01057	0.01586	0.00661	0.00661
3	0.69383	0.02109	0.01603	0.01434	0.02109	0.02446	0.01181	0.03205	0.01856	0.04892	0.01518	0.01771	0.01181	0.01012	0.00675	0.00337	0.00843	0.00590	0.00675	0.01181
4	0.02279	0.01643	0.02084	0.01762	0.02423	0.01406	0.01444	0.02746	0.02321	0.08300	0.03241	0.05129	0.03013	0.02575	0.10114	0.00516	0.01207	0.12002	0.00789	0.35008
5	0.02663	0.09070	0.04473	0.03241	0.04007	0.11373	0.23484	0.03516	0.07382	0.03276	0.02989	0.09099	0.02745	0.01457	0.01192	0.00361	0.01497	0.06134	0.00688	0.01351
6	0.02712	0.02342	0.02465	0.02219	0.02835	0.02712	0.01726	0.05794	0.52909	0.04561	0.04438	0.04068	0.03328	0.01479	0.01109	0.00370	0.00863	0.01233	0.01109	0.01726
7	0.01586	0.01057	0.01189	0.01189	0.01189	0.01057	0.00661	0.01586	0.01586	0.02114	0.03436	0.07135	0.03964	0.61681	0.05550	0.01057	0.01057	0.01586	0.00661	0.00661
8	0.01755	0.01020	0.01450	0.01450	0.01495	0.01065	0.00985	0.01575	0.01530	0.02085	0.02439	0.04304	0.02500	0.16413	0.16723	0.39500	0.01423	0.01126	0.00536	0.00626
9	0.01543	0.01115	0.01457	0.01372	0.01629	0.01029	0.01029	0.02058	0.03086	0.04372	0.54304	0.08145	0.10288	0.02229	0.01286	0.00343	0.00514	0.01972	0.01200	0.01029
10	0.02712	0.02342	0.02465	0.02219	0.02835	0.02712	0.01726	0.05794	0.52909	0.04561	0.04438	0.04068	0.03328	0.01479	0.01109	0.00370	0.00863	0.01233	0.01109	0.01726
11	0.13665	0.10182	0.29284	0.02484	0.03692	0.02652	0.02809	0.08235	0.02609	0.11419	0.02240	0.02392	0.01585	0.01093	0.00957	0.00329	0.01304	0.00806	0.00684	0.01578
12	0.02222	0.01820	0.02054	0.01908	0.02368	0.01999	0.01489	0.04184	0.31147	0.04377	0.21693	0.06227	0.05991	0.01878	0.01207	0.00373	0.00756	0.05755	0.01131	0.01420
13	0.02140	0.03047	0.19602	0.19138	0.04743	0.02203	0.06163	0.06922	0.02505	0.03408	0.03326	0.12941	0.06066	0.01584	0.01151	0.00369	0.01309	0.01389	0.00658	0.01336
14	0.02708	0.07520	0.07275	0.02134	0.02906	0.15086	0.01806	0.03604	0.10872	0.03349	0.02692	0.08617	0.02402	0.01297	0.00972	0.00275	0.01168	0.01023	0.00712	0.23581
15	0.01763	0.01329	0.01585	0.01655	0.01890	0.01340	0.01180	0.07148	0.07774	0.03411	0.05974	0.44092	0.10767	0.02931	0.01321	0.00416	0.00708	0.02607	0.01031	0.01078
16	0.29756	0.08748	0.03721	0.02571	0.03436	0.02751	0.16047	0.08499	0.02567	0.09294	0.02101	0.02387	0.01559	0.01040	0.00941	0.00334	0.01216	0.00884	0.00724	0.01424

[dist]
# distance from previous block
# <min> <max>
1	31

[block]
# block no. 2 follows, 12 sequences, length 31
# corresponding to MSA columns:
# 456-486
name=unknown_C
#
# <colnr> <probs for GDERKNQSTAVLIFYWHMCP>
#	G	D	E	R	K	N	Q	S	T	A	V	L	I	F	Y	W	H	M	C	P
0	0.08388	0.14010	0.03118	0.02099	0.02669	0.10301	0.06657	0.03043	0.02567	0.07556	0.12859	0.14652	0.04338	0.01726	0.01079	0.00333	0.01080	0.01467	0.00825	0.01235
1	0.23732	0.09307	0.13674	0.03257	0.13503	0.02801	0.07534	0.07572	0.02467	0.04142	0.01876	0.02250	0.01458	0.01017	0.00927	0.00328	0.01249	0.00813	0.00609	0.01483
2	0.10111	0.02595	0.11575	0.02246	0.03059	0.02091	0.05203	0.07232	0.10141	0.17167	0.08779	0.08545	0.03462	0.01517	0.01101	0.00354	0.01036	0.01281	0.00976	0.01528
3	0.69383	0.02109	0.01603	0.01434	0.02109	0.02446	0.01181	0.03205	0.01856	0.04892	0.01518	0.01771	0.01181	0.01012	0.00675	0.00337	0.00843	0.00590	0.00675	0.01181
4	0.01839	0.01155	0.01540	0.01457	0.01727	0.01088	0.01090	0.02191	0.02668	0.08148	0.32913	0.10545	0.10812	0.03057	0.07486	0.07555	0.00859	0.01803	0.01047	0.01020
5	0.01392	0.00996	0.01334	0.01558	0.01658	0.00937	0.01093	0.01643	0.02218	0.02970	0.10107	0.51283	0.07375	0.03272	0.01395	0.00441	0.00662	0.07730	0.01027	0.00910
6	0.01455	0.01091	0.01223	0.01201	0.01416	0.00995	0.00822	0.01697	0.02332	0.03026	0.19474	0.08752	0.26010	0.22682	0.02738	0.00596	0.00714	0.01974	0.00941	0.00860
7	0.02316	0.02201	0.03735	0.37992	0.26567	0.02490	0.03156	0.03011	0.02302	0.03098	0.01983	0.02823	0.01564	0.01042	0.01086	0.00347	0.01390	0.00970	0.00507	0.01419
8	0.69383	0.02109	0.01603	0.01434	0.02109	0.02446	0.01181	0.03205	0.01856	0.04892	0.01518	0.01771	0.01181	0.01012	0.00675	0.00337	0.00843	0.00590	0.00675	0.01181
9	0.04073	0.05197	0.03090	0.02809	0.03371	0.57303	0.02107	0.04354	0.03090	0.02669	0.01685	0.01966	0.01404	0.01124	0.00983	0.00281	0.01966	0.00702	0.00562	0.01264
10	0.01328	0.00949	0.01265	0.01518	0.01581	0.00886	0.01012	0.01518	0.02088	0.02783	0.06010	0.60969	0.07212	0.03416	0.01392	0.00443	0.00633	0.03100	0.01012	0.00886
11	0.02059	0.01938	0.03270	0.59060	0.07510	0.02422	0.03028	0.02786	0.02180	0.02786	0.01938	0.02907	0.01453	0.01090	0.01090	0.00363	0.01453	0.00969	0.00484	0.01211
12	0.16284	0.13924	0.03334	0.02760	0.12646	0.02568	0.01917	0.04167	0.06337	0.21679	0.02801	0.02788	0.02015	0.01141	0.00936	0.00317	0.01024	0.00885	0.00874	0.01602
13	0.02664	0.13453	0.12039	0.03819	0.18844	0.02748	0.08743	0.06566	0.02562	0.03590	0.01981	0.02418	0.01597	0.00960	0.00983	0.00287	0.01291	0.00859	0.00575	0.14020
14	0.02126	0.02006	0.03390	0.53621	0.12429	0.02440	0.03061	0.02844	0.02212	0.02866	0.01950	0.02885	0.01482	0.01078	0.01089	0.00359	0.01437	0.00969	0.00490	0.01265
15	0.02800	0.03801	0.29339	0.02914	0.04096	0.02177	0.10981	0.03696	0.02518	0.15712	0.02979	0.08914	0.02352	0.01341	0.01130	0.00357	0.01385	0.01196	0.00744	0.01569
16	0.02611	0.04165	0.31976	0.04362	0.23497	0.02475	0.03564	0.03572	0.02440	0.07948	0.02192	0.02572	0.01624	0.01038	0.01058	0.00337	0.01434	0.00893	0.00566	0.01676
17	0.01543	0.01115	0.01457	0.01372	0.01629	0.01029	0.01029	0.02058	0.03086	0.04372	0.54304	0.08145	0.10288	0.02229	0.01286	0.00343	0.00514	0.01972	0.01200	0.01029
18	0.01651	0.01028	0.01359	0.01377	0.01431	0.01033	0.00903	0.01614	0.01762	0.02397	0.08562	0.11301	0.04176	0.24999	0.09700	0.22677	0.01116	0.01534	0.00686	0.00696
19	0.10026	0.08331	0.17293	0.03673	0.19518	0.02477	0.02761	0.03816	0.02497	0.15840	0.02454	0.02655	0.01780	0.01078	0.00997	0.00326	0.01233	0.00884	0.00717	0.01642
20	0.02582	0.03108	0.17561	0.02809	0.07422	0.02472	0.02520	0.03835	0.14249	0.08999	0.03638	0.03766	0.07528	0.01518	0.01587	0.00377	0.12598	0.01135	0.00774	0.01520
21	0.01521	0.01097	0.01437	0.01387	0.01624	0.01014	0.01027	0.02001	0.02981	0.04205	0.49223	0.13703	0.09964	0.02354	0.01297	0.00353	0.00527	0.02091	0.01180	0.01014
22	0.02269	0.08100	0.03495	0.07363	0.03477	0.02058	0.17076	0.02909	0.02385	0.03532	0.03012	0.04244	0.02543	0.01294	0.01029	0.00324	0.01133	0.06001	0.26542	0.01216
23	0.03658	0.06782	0.12656	0.02934	0.08846	0.02251	0.07478	0.04490	0.06383	0.28376	0.03261	0.03174	0.02216	0.01191	0.01079	0.00336	0.01193	0.01029	0.00950	0.01719
24	0.15186	0.07207	0.03677	0.10282	0.27890	0.07579	0.02599	0.06797	0.02559	0.03809	0.01909	0.02407	0.01553	0.01026	0.00969	0.00320	0.01272	0.00848	0.00595	0.01515
25	0.01459	0.01060	0.01278	0.01313	0.01546	0.00961	0.00950	0.01823	0.02597	0.03548	0.25942	0.22602	0.20394	0.02609	0.01273	0.00369	0.00556	0.02283	0.06476	0.00961
26	0.03049	0.06809	0.19832	0.02523	0.03384	0.02527	0.02564	0.06921	0.02522	0.16813	0.02552	0.02842	0.01881	0.01930	0.06439	0.00485	0.13702	0.00942	0.00747	0.01535
27	0.02763	0.14786	0.19768	0.16541	0.04830	0.02726	0.07918	0.03551	0.02413	0.11338	0.02263	0.02633	0.01639	0.01066	0.01020	0.00329	0.01403	0.00899	0.00617	0.01496
28	0.01863	0.01158	0.01574	0.01707	0.01930	0.01093	0.01314	0.02206	0.02421	0.08699	0.10030	0.34655	0.06705	0.02962	0.01387	0.00442	0.00772	0.16981	0.01062	0.01039
29	0.01580	0.01079	0.01299	0.01299	0.01337	0.01117	0.00798	0.01656	0.01618	0.02195	0.03335	0.06579	0.03723	0.51251	0.15650	0.01193	0.01420	0.01504	0.00646	0.00722
30	0.42539	0.12190	0.07241	0.01769	0.02583	0.06811	0.01621	0.03286	0.02078	0.04120	0.01603	0.01869	0.01285	0.00994	0.00745	0.00303	0.01044	0.00621	0.00612	0.06686

[dist]
# distance from previous block
# <min> <max>
0	1

[block]
# block no. 3 follows, 12 sequences, length 15
# corresponding to MSA columns:
# 488-502
name=unknown_D
#
# <colnr> <probs for GDERKNQSTAVLIFYWHMCP>
#	G	D	E	R	K	N	Q	S	T	A	V	L	I	F	Y	W	H	M	C	P
0	0.35457	0.19247	0.03039	0.01830	0.02554	0.11445	0.01558	0.03612	0.06347	0.03879	0.01784	0.01984	0.01452	0.01046	0.00765	0.00303	0.01107	0.00658	0.00636	0.01299
1	0.02648	0.02862	0.08698	0.06240	0.46963	0.02599	0.07192	0.03366	0.02476	0.03548	0.02056	0.02686	0.01694	0.00972	0.01092	0.00329	0.01364	0.00983	0.00534	0.01697
2	0.01561	0.01154	0.01682	0.01682	0.01853	0.01325	0.01275	0.01902	0.01732	0.02479	0.02985	0.04639	0.02880	0.14847	0.50901	0.01666	0.02688	0.01220	0.00594	0.00935
3	0.02366	0.03550	0.25067	0.02448	0.03434	0.02348	0.02590	0.07624	0.17590	0.04234	0.13321	0.04028	0.03792	0.01429	0.01112	0.00351	0.01137	0.01181	0.00851	0.01546
4	0.02030	0.01210	0.01577	0.01461	0.01795	0.01093	0.01103	0.02469	0.02917	0.12228	0.36781	0.14444	0.12062	0.02283	0.01270	0.00357	0.00598	0.02003	0.01185	0.01134
5	0.01561	0.01230	0.01600	0.12918	0.02605	0.01269	0.01240	0.01812	0.02026	0.02579	0.05569	0.15842	0.17389	0.24397	0.02847	0.00635	0.00935	0.01895	0.00775	0.00877
6	0.01648	0.01180	0.01620	0.01802	0.02026	0.01152	0.01493	0.02105	0.02565	0.03420	0.15848	0.18821	0.07247	0.02911	0.01443	0.00460	0.00846	0.31374	0.01046	0.00991
7	0.01378	0.01050	0.01267	0.01336	0.01559	0.00939	0.00955	0.01692	0.02514	0.03303	0.21838	0.28540	0.23988	0.02849	0.01326	0.00388	0.00571	0.02501	0.01067	0.00939
8	0.02076	0.05034	0.48955	0.02902	0.04314	0.02319	0.03639	0.03203	0.02274	0.03367	0.02480	0.09883	0.02135	0.01343	0.01082	0.00358	0.01485	0.01102	0.00532	0.01518
9	0.02645	0.41294	0.24389	0.02327	0.03511	0.03653	0.02668	0.03335	0.02248	0.02895	0.01679	0.01954	0.01393	0.00971	0.00824	0.00275	0.01331	0.00666	0.00464	0.01478
10	0.02239	0.09883	0.10170	0.01825	0.02788	0.01907	0.01715	0.02821	0.02368	0.03522	0.08654	0.02963	0.02676	0.01039	0.00888	0.00220	0.00928	0.00832	0.00669	0.41891
11	0.07521	0.17076	0.14508	0.02496	0.03442	0.02577	0.11073	0.02988	0.02257	0.03267	0.02514	0.11692	0.02392	0.01340	0.01000	0.00313	0.01220	0.01172	0.00610	0.10543
12	0.23988	0.01810	0.02018	0.01661	0.02357	0.01740	0.01338	0.03763	0.02535	0.24893	0.07398	0.07955	0.03085	0.01418	0.00969	0.00324	0.00829	0.01119	0.01013	0.09788
13	0.02657	0.05949	0.14986	0.01985	0.02792	0.01729	0.01945	0.03244	0.02586	0.17038	0.10419	0.13321	0.07903	0.01754	0.01121	0.00339	0.00967	0.01482	0.00931	0.06854
14	0.07887	0.12450	0.11051	0.01969	0.02576	0.09099	0.01767	0.06424	0.02348	0.03148	0.02795	0.11206	0.02863	0.17399	0.02190	0.00518	0.01213	0.01263	0.00666	0.01170

[dist]
# distance from previous block
# <min> <max>
3	32

[block]
# block no. 4 follows, 12 sequences, length 18
# corresponding to MSA columns:
# 535-552
name=unknown_E
#
# <colnr> <probs for GDERKNQSTAVLIFYWHMCP>
#	G	D	E	R	K	N	Q	S	T	A	V	L	I	F	Y	W	H	M	C	P
0	0.02921	0.02728	0.08577	0.10534	0.10602	0.02554	0.02365	0.13265	0.15914	0.07409	0.02869	0.03029	0.02134	0.01193	0.01055	0.00325	0.01141	0.00992	0.00838	0.09555
1	0.11001	0.07895	0.02348	0.13078	0.03068	0.01923	0.01547	0.02396	0.01977	0.02987	0.02780	0.11366	0.02817	0.12803	0.09198	0.00637	0.01278	0.01262	0.00643	0.08994
2	0.45563	0.11038	0.08753	0.01834	0.02643	0.08454	0.01708	0.03363	0.02087	0.04173	0.01587	0.01851	0.01258	0.01016	0.00753	0.00318	0.01096	0.00627	0.00609	0.01270
3	0.02797	0.01992	0.02351	0.01755	0.02619	0.01691	0.01412	0.09613	0.02853	0.11111	0.07832	0.03121	0.02702	0.01098	0.00935	0.00227	0.00846	0.00891	0.00859	0.43295
4	0.01995	0.01818	0.02987	0.51192	0.06650	0.02237	0.02706	0.02623	0.02099	0.02695	0.02142	0.03482	0.01795	0.09328	0.01696	0.00458	0.01400	0.01053	0.00508	0.01136
5	0.01521	0.01114	0.01427	0.01349	0.01615	0.01019	0.01011	0.02015	0.03034	0.04249	0.50550	0.08349	0.14119	0.02275	0.01286	0.00345	0.00518	0.02000	0.01184	0.01019
6	0.04369	0.02383	0.03239	0.02443	0.03327	0.02331	0.07590	0.20376	0.03723	0.33249	0.03494	0.03256	0.02295	0.01285	0.01117	0.00338	0.01126	0.01081	0.01169	0.01810
7	0.01586	0.01057	0.01189	0.01189	0.01189	0.01057	0.00661	0.01586	0.01586	0.02114	0.03436	0.07135	0.03964	0.61681	0.05550	0.01057	0.01057	0.01586	0.00661	0.00661
8	0.02061	0.02965	0.17322	0.03194	0.04080	0.02078	0.22399	0.02826	0.02343	0.03247	0.03408	0.22081	0.03433	0.01779	0.01258	0.00387	0.01380	0.01768	0.00682	0.01312
9	0.01393	0.01092	0.01261	0.01253	0.01546	0.00960	0.00927	0.01754	0.02681	0.03492	0.27595	0.14851	0.32065	0.02620	0.01298	0.00366	0.00546	0.02255	0.01087	0.00960
10	0.01517	0.01091	0.01449	0.01495	0.01702	0.01023	0.01123	0.01948	0.02755	0.03819	0.35485	0.22133	0.08965	0.02636	0.01343	0.00390	0.00610	0.08402	0.01126	0.00989
11	0.02261	0.01938	0.02261	0.01615	0.02584	0.01453	0.01292	0.02745	0.02261	0.03553	0.01938	0.02261	0.01615	0.00807	0.00807	0.00161	0.00807	0.00646	0.00646	0.68346
12	0.04249	0.02135	0.02612	0.02085	0.02875	0.02114	0.01695	0.11493	0.15814	0.36452	0.04113	0.03656	0.02745	0.01377	0.01099	0.00344	0.00947	0.01115	0.01255	0.01823
13	0.04253	0.16971	0.03465	0.02038	0.02910	0.02634	0.01764	0.14227	0.03309	0.32589	0.03272	0.03005	0.02206	0.01239	0.00998	0.00310	0.01042	0.00947	0.01079	0.01743
14	0.03551	0.02307	0.03708	0.13944	0.11739	0.02310	0.10742	0.09668	0.02994	0.23346	0.02969	0.03151	0.02043	0.01167	0.01125	0.00344	0.01270	0.01074	0.00901	0.01648
15	0.04441	0.01756	0.02386	0.01863	0.02628	0.01525	0.01525	0.04875	0.03116	0.48724	0.11043	0.04309	0.03722	0.01468	0.01122	0.00338	0.00872	0.01215	0.01329	0.01744
16	0.24604	0.02780	0.10837	0.02905	0.03819	0.02388	0.21270	0.03197	0.02368	0.04072	0.09027	0.03173	0.02634	0.01144	0.01049	0.00351	0.01297	0.01083	0.00668	0.01333
17	0.02261	0.01938	0.02261	0.01615	0.02584	0.01453	0.01292	0.02745	0.02261	0.03553	0.01938	0.02261	0.01615	0.00807	0.00807	0.00161	0.00807	0.00646	0.00646	0.68346

[dist]
# distance from previous block
# <min> <max>
0	1

[block]
# block no. 5 follows, 12 sequences, length 30
# corresponding to MSA columns:
# 554-583
name=unknown_F
#
# <colnr> <probs for GDERKNQSTAVLIFYWHMCP>
#	G	D	E	R	K	N	Q	S	T	A	V	L	I	F	Y	W	H	M	C	P
0	0.02784	0.02267	0.07342	0.01820	0.02824	0.01584	0.01610	0.03329	0.02438	0.14035	0.02416	0.02557	0.01812	0.00938	0.00887	0.00214	0.00907	0.00752	0.00770	0.48713
1	0.06917	0.02700	0.08816	0.07407	0.04260	0.02275	0.18363	0.06647	0.02608	0.08196	0.02250	0.02661	0.01675	0.00982	0.01047	0.00301	0.01318	0.00959	0.00676	0.19941
2	0.03012	0.02280	0.02507	0.02114	0.02834	0.02437	0.01671	0.08986	0.35121	0.10543	0.03875	0.03620	0.02861	0.01343	0.01058	0.00329	0.00889	0.01103	0.01062	0.12354
3	0.09963	0.03078	0.02834	0.02599	0.07373	0.17419	0.01891	0.11233	0.06082	0.15551	0.02612	0.02653	0.01904	0.01162	0.00991	0.00301	0.01260	0.00868	0.00866	0.09360
4	0.35321	0.01980	0.01947	0.01670	0.02317	0.02135	0.01331	0.04025	0.10291	0.18044	0.02901	0.03153	0.02186	0.06848	0.01312	0.00410	0.00889	0.00920	0.00922	0.01398
5	0.01869	0.00956	0.01402	0.01402	0.01402	0.00956	0.00924	0.01434	0.01434	0.01911	0.02017	0.03619	0.02059	0.08401	0.04364	0.62920	0.00956	0.00998	0.00488	0.00488
6	0.02474	0.02747	0.05822	0.15123	0.06049	0.02693	0.41662	0.03356	0.02498	0.03356	0.02154	0.02935	0.01616	0.00952	0.01249	0.00367	0.01764	0.01225	0.00539	0.01420
7	0.02177	0.01914	0.03181	0.16344	0.04171	0.02099	0.11403	0.08205	0.02518	0.03436	0.06728	0.03811	0.02728	0.03756	0.21625	0.00864	0.01955	0.01187	0.00663	0.01235
8	0.14748	0.01340	0.01542	0.01547	0.01811	0.01426	0.01137	0.02319	0.06237	0.03428	0.11945	0.20377	0.04864	0.03211	0.08192	0.11348	0.00990	0.01708	0.00850	0.00980
9	0.02815	0.01386	0.01825	0.01589	0.02064	0.01228	0.01235	0.03231	0.02922	0.24280	0.24629	0.13061	0.11045	0.02077	0.01224	0.00355	0.00696	0.01795	0.01219	0.01328
10	0.15155	0.01896	0.02383	0.01859	0.02676	0.01737	0.01535	0.04978	0.02919	0.47559	0.03859	0.03402	0.02457	0.01296	0.01029	0.00337	0.00914	0.01016	0.01242	0.01748
11	0.13200	0.01330	0.01546	0.01511	0.01861	0.01300	0.01151	0.02454	0.02521	0.09805	0.19529	0.21634	0.10274	0.02348	0.01206	0.00382	0.00687	0.05111	0.01049	0.01101
12	0.02300	0.01263	0.01680	0.01529	0.01894	0.01141	0.01162	0.02740	0.02936	0.16221	0.34814	0.15505	0.08007	0.02210	0.01258	0.00358	0.00631	0.01945	0.01206	0.01201
13	0.01328	0.00949	0.01265	0.01518	0.01581	0.00886	0.01012	0.01518	0.02088	0.02783	0.06010	0.60969	0.07212	0.03416	0.01392	0.00443	0.00633	0.03100	0.01012	0.00886
14	0.01529	0.01077	0.01306	0.01365	0.01482	0.01035	0.00927	0.01730	0.02105	0.02803	0.12958	0.17232	0.10514	0.29819	0.03285	0.00709	0.00846	0.07575	0.00880	0.00823
15	0.26921	0.01594	0.01703	0.01615	0.02088	0.01639	0.01256	0.03028	0.02262	0.15344	0.03978	0.23318	0.03948	0.02053	0.01073	0.00385	0.00801	0.04812	0.00964	0.01217
16	0.01404	0.00980	0.01243	0.01422	0.01467	0.00936	0.00909	0.01538	0.01941	0.02588	0.05257	0.45240	0.06263	0.20440	0.02607	0.00622	0.00757	0.02657	0.00909	0.00820
17	0.02569	0.02071	0.02208	0.01969	0.02446	0.02334	0.01473	0.09932	0.33204	0.04156	0.03950	0.04744	0.03332	0.18041	0.02330	0.00554	0.00956	0.01301	0.00984	0.01447
18	0.03131	0.01446	0.01946	0.01672	0.02181	0.01283	0.01304	0.03547	0.02936	0.28967	0.21988	0.14818	0.06094	0.02001	0.01212	0.00357	0.00735	0.01736	0.01241	0.01406
19	0.33840	0.01969	0.02114	0.01713	0.02481	0.01981	0.01413	0.04367	0.02553	0.32858	0.03052	0.02840	0.02018	0.01198	0.00907	0.00337	0.00890	0.00869	0.01047	0.01553
20	0.03978	0.02971	0.03178	0.02475	0.03318	0.03303	0.02032	0.45946	0.10696	0.06602	0.02830	0.02787	0.02026	0.01329	0.01093	0.00332	0.01161	0.01011	0.01093	0.01839
21	0.03736	0.01967	0.02326	0.01907	0.02589	0.01985	0.01535	0.10619	0.15365	0.27541	0.03988	0.03728	0.02765	0.01361	0.01037	0.00329	0.00868	0.01101	0.13584	0.01668
22	0.01410	0.01006	0.01317	0.01452	0.01569	0.00940	0.00993	0.01683	0.02350	0.03210	0.20208	0.41543	0.07904	0.07069	0.01646	0.00455	0.00627	0.02660	0.01044	0.00913
23	0.02824	0.02959	0.05931	0.04263	0.05330	0.02857	0.43145	0.11092	0.02980	0.04030	0.02271	0.02890	0.01686	0.00981	0.01256	0.00361	0.01737	0.01238	0.00637	0.01532
24	0.01391	0.00975	0.01247	0.01438	0.01486	0.00927	0.00926	0.01535	0.01965	0.02620	0.05381	0.47832	0.06419	0.17635	0.02406	0.00593	0.00736	0.02730	0.00926	0.00831
25	0.51414	0.02369	0.02062	0.01730	0.02459	0.02704	0.01426	0.16436	0.02757	0.05437	0.01821	0.02004	0.01366	0.01094	0.00789	0.00335	0.00942	0.00698	0.00789	0.01366
26	0.01328	0.00949	0.01265	0.01518	0.01581	0.00886	0.01012	0.01518	0.02088	0.02783	0.06010	0.60969	0.07212	0.03416	0.01392	0.00443	0.00633	0.03100	0.01012	0.00886
27	0.02751	0.01382	0.01844	0.01577	0.02045	0.01236	0.01236	0.03232	0.03099	0.22857	0.36274	0.06546	0.07552	0.01912	0.01218	0.00341	0.00663	0.01656	0.01254	0.01327
28	0.04773	0.02046	0.02648	0.02030	0.02879	0.01886	0.01677	0.12623	0.03440	0.47874	0.04034	0.03537	0.02565	0.01343	0.01096	0.00336	0.00971	0.01078	0.01308	0.01855
29	0.03398	0.05017	0.22389	0.02870	0.03863	0.28786	0.02801	0.11488	0.03127	0.03623	0.01933	0.02192	0.01468	0.01121	0.01019	0.00312	0.01715	0.00784	0.00609	0.01484

[dist]
# distance from previous block
# <min> <max>
0	8

[block]
# block no. 6 follows, 12 sequences, length 9
# corresponding to MSA columns:
# 592-600
name=unknown_G
#
# <colnr> <probs for GDERKNQSTAVLIFYWHMCP>
#	G	D	E	R	K	N	Q	S	T	A	V	L	I	F	Y	W	H	M	C	P
0	0.02651	0.04991	0.46860	0.02908	0.04387	0.02373	0.03613	0.03772	0.02442	0.12399	0.02359	0.02544	0.01607	0.01090	0.01046	0.00344	0.01494	0.00856	0.00613	0.01653
1	0.02506	0.02163	0.02268	0.02057	0.02638	0.02452	0.01596	0.05181	0.45596	0.04327	0.05396	0.05000	0.10741	0.01665	0.01135	0.00370	0.00818	0.01388	0.01095	0.01609
2	0.01516	0.01110	0.01464	0.01680	0.01872	0.01058	0.01322	0.01860	0.02336	0.03024	0.06633	0.31660	0.13638	0.03139	0.01428	0.00459	0.00789	0.23061	0.01009	0.00944
3	0.02756	0.14020	0.25241	0.07298	0.04241	0.02888	0.06574	0.08496	0.07686	0.07121	0.02366	0.02605	0.01739	0.01106	0.01019	0.00329	0.01379	0.00897	0.00656	0.01584
4	0.01791	0.00993	0.01394	0.01394	0.01411	0.01010	0.00915	0.01506	0.01489	0.02002	0.02353	0.04313	0.02462	0.18024	0.09218	0.46369	0.01146	0.01119	0.00528	0.00562
5	0.01396	0.00977	0.01245	0.01432	0.01479	0.00930	0.00920	0.01536	0.01956	0.02609	0.05337	0.46903	0.06363	0.18640	0.02478	0.00603	0.00744	0.02704	0.00920	0.00827
6	0.04378	0.01972	0.02994	0.07907	0.03546	0.01800	0.06668	0.04880	0.02972	0.45154	0.03856	0.03554	0.02470	0.01281	0.01115	0.00343	0.01071	0.01103	0.01184	0.01753
7	0.03474	0.08195	0.08328	0.03532	0.11271	0.20463	0.12082	0.04045	0.02774	0.12098	0.02300	0.02577	0.01721	0.01078	0.01060	0.00316	0.01576	0.00925	0.00676	0.01512
8	0.20166	0.01950	0.02196	0.01691	0.02539	0.01759	0.01380	0.03820	0.02480	0.23338	0.02715	0.02679	0.01910	0.01061	0.00882	0.00272	0.00861	0.00800	0.00916	0.26585

[dist]
# distance from previous block
# <min> <max>
0	7

[block]
# block no. 7 follows, 12 sequences, length 47
# corresponding to MSA columns:
# 608-654
name=unknown_H
#
# <colnr> <probs for GDERKNQSTAVLIFYWHMCP>
#	G	D	E	R	K	N	Q	S	T	A	V	L	I	F	Y	W	H	M	C	P
0	0.02940	0.17425	0.09201	0.02055	0.02905	0.02679	0.01906	0.09501	0.10986	0.10396	0.09841	0.03464	0.03171	0.01296	0.00991	0.00300	0.01017	0.01022	0.00872	0.08033
1	0.03732	0.04259	0.10415	0.02695	0.03519	0.25956	0.02330	0.21298	0.07631	0.04445	0.02276	0.02413	0.01715	0.01206	0.01039	0.00314	0.01553	0.00859	0.00782	0.01562
2	0.01367	0.01003	0.01216	0.01368	0.01486	0.00925	0.00908	0.01541	0.02082	0.02696	0.06634	0.40156	0.16882	0.13925	0.02129	0.00539	0.00693	0.02649	0.00948	0.00852
3	0.03684	0.09244	0.03535	0.02576	0.03373	0.22890	0.07338	0.09726	0.03083	0.11919	0.02296	0.02455	0.01724	0.01097	0.00997	0.00284	0.01455	0.00845	0.00754	0.10727
4	0.11143	0.02787	0.09911	0.02132	0.03073	0.02372	0.01938	0.15604	0.09273	0.10466	0.02631	0.02681	0.01922	0.01132	0.00963	0.00295	0.01040	0.00867	0.00870	0.18899
5	0.22928	0.38558	0.04246	0.01799	0.02649	0.03665	0.01681	0.07903	0.02390	0.03680	0.01624	0.01840	0.01378	0.00993	0.00730	0.00274	0.01073	0.00624	0.00589	0.01378
6	0.03692	0.02435	0.11007	0.02099	0.02931	0.01822	0.01932	0.09442	0.03083	0.31575	0.07535	0.10743	0.03494	0.01612	0.01136	0.00351	0.01002	0.01347	0.01125	0.01637
7	0.01419	0.01045	0.01362	0.01528	0.01679	0.00941	0.01039	0.01637	0.02104	0.02858	0.05614	0.55271	0.06668	0.03163	0.01335	0.00416	0.00650	0.02862	0.00977	0.07433
8	0.02261	0.01938	0.02261	0.01615	0.02584	0.01453	0.01292	0.02745	0.02261	0.03553	0.01938	0.02261	0.01615	0.00807	0.00807	0.00161	0.00807	0.00646	0.00646	0.68346
9	0.02261	0.01938	0.02261	0.01615	0.02584	0.01453	0.01292	0.02745	0.02261	0.03553	0.01938	0.02261	0.01615	0.00807	0.00807	0.00161	0.00807	0.00646	0.00646	0.68346
10	0.61810	0.01991	0.01556	0.01407	0.02006	0.02291	0.01123	0.03024	0.01825	0.04582	0.01732	0.02370	0.01492	0.07789	0.01219	0.00418	0.00867	0.00702	0.00673	0.01123
11	0.01352	0.00967	0.01287	0.01502	0.01587	0.00902	0.01014	0.01578	0.02199	0.02961	0.11404	0.55069	0.07555	0.03283	0.01380	0.00432	0.00619	0.02974	0.01033	0.00902
12	0.02295	0.14041	0.48575	0.02924	0.04435	0.02796	0.03708	0.03425	0.02289	0.03321	0.01891	0.02220	0.01384	0.01021	0.00986	0.00329	0.01545	0.00773	0.00461	0.01580
13	0.16911	0.12037	0.03038	0.02286	0.02933	0.28434	0.01813	0.04240	0.12125	0.03463	0.02147	0.02293	0.01722	0.01141	0.00905	0.00302	0.01418	0.00763	0.00675	0.01353
14	0.01659	0.01043	0.01316	0.01316	0.01340	0.01067	0.00818	0.01589	0.01565	0.02111	0.02989	0.05835	0.03297	0.40706	0.11620	0.17834	0.01260	0.01376	0.00605	0.00653
15	0.02915	0.62337	0.05714	0.01866	0.02799	0.04314	0.01866	0.03265	0.02215	0.02565	0.01516	0.01749	0.01399	0.00933	0.00700	0.00233	0.01166	0.00583	0.00466	0.01399
16	0.02584	0.02067	0.02351	0.01825	0.02603	0.01920	0.01456	0.13616	0.07966	0.04539	0.12294	0.03635	0.03484	0.01254	0.00990	0.00253	0.00844	0.01029	0.00895	0.34396
17	0.02806	0.01874	0.02886	0.02333	0.02953	0.01812	0.11224	0.03806	0.11978	0.17358	0.15876	0.11728	0.04947	0.01749	0.01218	0.00364	0.00963	0.01612	0.01070	0.01441
18	0.03965	0.02099	0.02585	0.01946	0.02833	0.01883	0.01595	0.12939	0.03229	0.31067	0.03283	0.03075	0.02219	0.01179	0.01009	0.00283	0.00941	0.00940	0.01091	0.21839
19	0.01564	0.01141	0.01615	0.01615	0.01762	0.01288	0.01192	0.01859	0.01712	0.02430	0.03046	0.04978	0.03028	0.21213	0.44736	0.01583	0.02467	0.01270	0.00603	0.00897
20	0.01440	0.01033	0.01298	0.01378	0.01516	0.00965	0.00938	0.01704	0.02342	0.03173	0.21103	0.30385	0.11488	0.13641	0.02110	0.00518	0.00666	0.02403	0.01007	0.00892
21	0.02656	0.03029	0.19014	0.02194	0.03102	0.02058	0.02231	0.09404	0.08981	0.11750	0.10193	0.04912	0.12563	0.01618	0.01135	0.00349	0.01053	0.01326	0.00932	0.01500
22	0.14480	0.02292	0.02493	0.02020	0.02765	0.02439	0.01644	0.18719	0.12569	0.20045	0.03322	0.03157	0.02321	0.01301	0.01007	0.00335	0.00957	0.01000	0.05467	0.01668
23	0.04420	0.01871	0.02457	0.01940	0.02720	0.01705	0.01583	0.05175	0.09260	0.46225	0.07351	0.04024	0.03237	0.01419	0.01110	0.00342	0.00895	0.01166	0.01311	0.01789
24	0.09824	0.01175	0.01366	0.01400	0.01628	0.01150	0.01001	0.01945	0.02434	0.03622	0.24427	0.25741	0.10277	0.07193	0.01582	0.00435	0.00641	0.02182	0.01016	0.00962
25	0.02711	0.02474	0.02485	0.01870	0.02777	0.08574	0.01486	0.08778	0.02708	0.03843	0.01989	0.02268	0.01618	0.00907	0.00863	0.00196	0.00998	0.00693	0.00689	0.52073
26	0.01411	0.01109	0.01274	0.01232	0.01548	0.00972	0.00924	0.01801	0.02773	0.03629	0.31755	0.09369	0.33301	0.02507	0.01287	0.00356	0.00534	0.02144	0.01102	0.00972
27	0.11012	0.01755	0.01963	0.01686	0.02161	0.01810	0.01256	0.07050	0.10673	0.17798	0.03546	0.04730	0.03029	0.23750	0.02703	0.00609	0.00975	0.01231	0.00955	0.01309
28	0.20925	0.01592	0.01687	0.01463	0.02036	0.01543	0.01168	0.03133	0.02567	0.18554	0.11822	0.05907	0.19874	0.01820	0.01066	0.00348	0.00733	0.01453	0.01039	0.01269
29	0.36629	0.02081	0.01959	0.01703	0.02302	0.02316	0.01363	0.14789	0.02848	0.05066	0.08843	0.09889	0.03197	0.01525	0.00940	0.00348	0.00866	0.01160	0.00883	0.01294
30	0.01946	0.01487	0.01731	0.01579	0.01960	0.01493	0.01207	0.08323	0.09319	0.04368	0.31987	0.10607	0.15344	0.02185	0.01248	0.00355	0.00653	0.01884	0.01134	0.01188
31	0.01451	0.01009	0.01386	0.01598	0.01693	0.00981	0.01139	0.01648	0.02066	0.02759	0.05398	0.45034	0.06294	0.03783	0.06261	0.05888	0.00898	0.08906	0.00933	0.00877
32	0.26890	0.01657	0.01746	0.01564	0.02118	0.01666	0.01227	0.03267	0.02361	0.19380	0.04487	0.16448	0.09371	0.01853	0.01033	0.00364	0.00787	0.01501	0.00992	0.01286
33	0.02573	0.01763	0.02024	0.01635	0.02290	0.01602	0.01301	0.11370	0.03080	0.11278	0.12612	0.05797	0.18614	0.01753	0.01109	0.00303	0.00777	0.01447	0.01011	0.17661
34	0.03802	0.03569	0.03927	0.03060	0.03893	0.19224	0.13945	0.21775	0.03729	0.08822	0.02378	0.02592	0.01741	0.01162	0.01107	0.00324	0.01562	0.00982	0.00822	0.01584
35	0.02007	0.01158	0.01505	0.01487	0.01714	0.01070	0.01046	0.02282	0.02418	0.11590	0.17728	0.27985	0.06669	0.13713	0.02097	0.00515	0.00729	0.02201	0.01049	0.01037
36	0.12541	0.01825	0.02145	0.01802	0.02414	0.01815	0.01435	0.09626	0.06087	0.23991	0.13353	0.10564	0.04362	0.01703	0.01107	0.00351	0.00834	0.01410	0.01144	0.01490
37	0.02385	0.02385	0.03340	0.02863	0.02863	0.03340	0.02385	0.02624	0.01670	0.02624	0.01431	0.02385	0.01431	0.01908	0.03578	0.00477	0.59685	0.00954	0.00477	0.01193
38	0.02275	0.12461	0.49978	0.02958	0.04488	0.02747	0.03768	0.03430	0.02292	0.03346	0.01904	0.02236	0.01383	0.01024	0.00995	0.00332	0.01558	0.00779	0.00461	0.01586
39	0.01810	0.01161	0.01422	0.01384	0.01704	0.01028	0.01026	0.02156	0.02653	0.09684	0.22347	0.20820	0.23542	0.02582	0.01289	0.00374	0.00605	0.02243	0.01111	0.01058
40	0.53850	0.01966	0.01701	0.01489	0.02138	0.02184	0.01216	0.03337	0.02149	0.11093	0.07758	0.02722	0.02385	0.01190	0.00795	0.00338	0.00817	0.00807	0.00817	0.01247
41	0.02406	0.02448	0.03685	0.03056	0.03179	0.03275	0.07807	0.02721	0.01771	0.02721	0.01518	0.02448	0.01456	0.01798	0.03322	0.00465	0.53224	0.00991	0.00485	0.01224
42	0.02280	0.01974	0.03212	0.28375	0.05122	0.02198	0.09006	0.08469	0.02664	0.03534	0.08814	0.04294	0.03034	0.01607	0.01436	0.05984	0.01283	0.04795	0.00695	0.01225
43	0.01813	0.01457	0.01568	0.01475	0.01882	0.01423	0.01120	0.07678	0.09010	0.03702	0.12882	0.14665	0.32293	0.02468	0.01257	0.00370	0.00669	0.02086	0.01051	0.01130
44	0.03377	0.01520	0.02045	0.01683	0.02261	0.01343	0.01343	0.03841	0.03105	0.32443	0.26923	0.05717	0.06132	0.01747	0.01182	0.00340	0.00741	0.01493	0.01282	0.01482
45	0.11151	0.01880	0.02440	0.01891	0.02718	0.01684	0.01562	0.05109	0.02998	0.50710	0.04031	0.03523	0.02552	0.01317	0.01056	0.00337	0.00920	0.01047	0.01284	0.01790
46	0.16457	0.01946	0.02409	0.08707	0.03162	0.01952	0.01666	0.07661	0.02811	0.32648	0.03313	0.03397	0.02286	0.05250	0.01311	0.00387	0.01003	0.01010	0.01054	0.01571

[dist]
# distance from previous block
# <min> <max>
0	9

[block]
# block no. 8 follows, 12 sequences, length 65
# corresponding to MSA columns:
# 664-728
name=unknown_I
#
# <colnr> <probs for GDERKNQSTAVLIFYWHMCP>
#	G	D	E	R	K	N	Q	S	T	A	V	L	I	F	Y	W	H	M	C	P
0	0.01914	0.01431	0.01741	0.01714	0.02038	0.01444	0.01339	0.07779	0.07150	0.03991	0.20589	0.19097	0.10861	0.02515	0.01318	0.00400	0.00752	0.11703	0.01085	0.01137
1	0.02339	0.02358	0.03348	0.48328	0.11049	0.08589	0.02952	0.03009	0.02308	0.02838	0.01919	0.02784	0.01471	0.01084	0.01077	0.00351	0.01498	0.00939	0.00498	0.01261
2	0.26519	0.03048	0.06860	0.03421	0.18130	0.11522	0.02245	0.03744	0.08000	0.03991	0.02063	0.02374	0.01634	0.01073	0.00920	0.00328	0.01220	0.00809	0.00649	0.01449
3	0.01408	0.01109	0.01270	0.01230	0.01546	0.00971	0.00922	0.01796	0.02767	0.03615	0.31351	0.09391	0.33713	0.02512	0.01287	0.00356	0.00535	0.02147	0.01101	0.00971
4	0.02685	0.02630	0.04650	0.06458	0.49382	0.02609	0.08664	0.03363	0.02493	0.03554	0.02068	0.02726	0.01719	0.00966	0.01103	0.00329	0.01356	0.01007	0.00541	0.01698
5	0.01319	0.00985	0.01228	0.01422	0.01556	0.00894	0.00969	0.01529	0.02180	0.02821	0.07185	0.49190	0.18232	0.03263	0.01368	0.00425	0.00614	0.02913	0.01012	0.00894
6	0.44964	0.02297	0.02285	0.02249	0.08284	0.02540	0.01612	0.11468	0.02592	0.09822	0.02022	0.02198	0.01497	0.01089	0.00829	0.00334	0.00962	0.00746	0.00792	0.01418
7	0.02194	0.01619	0.01862	0.01462	0.02194	0.01272	0.01155	0.02594	0.02440	0.09149	0.05584	0.05480	0.21347	0.01594	0.01018	0.00258	0.00726	0.01311	0.00861	0.35881
8	0.02797	0.02277	0.02543	0.01931	0.02820	0.02128	0.01553	0.15185	0.10985	0.04531	0.02501	0.02635	0.01945	0.01037	0.00925	0.00235	0.00913	0.00822	0.00829	0.41407
9	0.01512	0.01096	0.01529	0.01585	0.01711	0.01194	0.01141	0.01777	0.01793	0.02503	0.03717	0.17556	0.03982	0.18010	0.34275	0.01318	0.02029	0.01686	0.00696	0.00890
10	0.01516	0.01078	0.01317	0.01387	0.01500	0.01006	0.00887	0.01650	0.01890	0.02565	0.04576	0.33214	0.05364	0.27865	0.03103	0.00679	0.00827	0.02251	0.00832	0.06492
11	0.01404	0.01109	0.01265	0.01226	0.01544	0.00970	0.00919	0.01788	0.02758	0.03593	0.30681	0.09427	0.34397	0.02520	0.01287	0.00357	0.00535	0.02152	0.01098	0.00970
12	0.02261	0.01938	0.02261	0.01615	0.02584	0.01453	0.01292	0.02745	0.02261	0.03553	0.01938	0.02261	0.01615	0.00807	0.00807	0.00161	0.00807	0.00646	0.00646	0.68346
13	0.04081	0.04957	0.03110	0.02775	0.03372	0.51276	0.02103	0.09595	0.03318	0.03138	0.01790	0.02039	0.01455	0.01144	0.00995	0.00286	0.01881	0.00733	0.00621	0.01330
14	0.26251	0.01984	0.01965	0.01787	0.02309	0.02198	0.01387	0.13643	0.08361	0.04639	0.03487	0.20644	0.03448	0.01879	0.01039	0.00372	0.00859	0.01530	0.00921	0.01299
15	0.02833	0.02820	0.05997	0.04299	0.05373	0.02628	0.45406	0.03696	0.02635	0.09321	0.02440	0.03027	0.01771	0.00967	0.01265	0.00364	0.01736	0.01265	0.00641	0.01514
16	0.01321	0.00979	0.01234	0.01438	0.01560	0.00892	0.00977	0.01527	0.02164	0.02815	0.06984	0.51208	0.16344	0.03289	0.01372	0.00428	0.00617	0.02945	0.01012	0.00892
17	0.69383	0.02109	0.01603	0.01434	0.02109	0.02446	0.01181	0.03205	0.01856	0.04892	0.01518	0.01771	0.01181	0.01012	0.00675	0.00337	0.00843	0.00590	0.00675	0.01181
18	0.03319	0.02644	0.02807	0.02342	0.03066	0.02995	0.01873	0.25037	0.32678	0.05539	0.03667	0.03454	0.02704	0.01407	0.01102	0.00352	0.01006	0.01126	0.01102	0.01780
19	0.01586	0.01057	0.01189	0.01189	0.01189	0.01057	0.00661	0.01586	0.01586	0.02114	0.03436	0.07135	0.03964	0.61681	0.05550	0.01057	0.01057	0.01586	0.00661	0.00661
20	0.69383	0.02109	0.01603	0.01434	0.02109	0.02446	0.01181	0.03205	0.01856	0.04892	0.01518	0.01771	0.01181	0.01012	0.00675	0.00337	0.00843	0.00590	0.00675	0.01181
21	0.03981	0.02435	0.02782	0.02229	0.03017	0.02576	0.01810	0.22214	0.18423	0.22894	0.03727	0.03417	0.02575	0.01373	0.01098	0.00343	0.01008	0.01094	0.01185	0.01817
22	0.01322	0.01068	0.01176	0.01229	0.01514	0.00922	0.00891	0.01600	0.02446	0.03040	0.13880	0.22426	0.38937	0.02869	0.01313	0.00384	0.00568	0.02463	0.01030	0.00922
23	0.02800	0.02377	0.02646	0.08605	0.03419	0.02755	0.01910	0.10553	0.41882	0.04622	0.03954	0.03776	0.02954	0.01417	0.01105	0.00364	0.00967	0.01175	0.01038	0.01683
24	0.02476	0.02629	0.05135	0.03668	0.04729	0.02351	0.35471	0.03260	0.02476	0.03511	0.02122	0.02729	0.01642	0.00884	0.01138	0.00303	0.01517	0.01087	0.00581	0.22288
25	0.01528	0.01188	0.01323	0.01368	0.01591	0.01143	0.00943	0.02030	0.07817	0.02889	0.07111	0.23467	0.23563	0.16358	0.02278	0.00548	0.00726	0.02246	0.00942	0.00941
26	0.03125	0.02392	0.03609	0.04746	0.32851	0.02428	0.02637	0.04289	0.14205	0.13845	0.03034	0.03209	0.02283	0.01161	0.01090	0.00337	0.01125	0.01056	0.00827	0.01752
27	0.04139	0.03219	0.03258	0.02532	0.03381	0.07534	0.02075	0.47632	0.04970	0.06548	0.02546	0.02568	0.01820	0.01295	0.01082	0.00324	0.01259	0.00960	0.01050	0.01809
28	0.01543	0.01170	0.01452	0.01620	0.01797	0.01158	0.01158	0.02141	0.08698	0.03070	0.06204	0.44904	0.10547	0.03075	0.01358	0.00433	0.00690	0.06950	0.01024	0.01008
29	0.01743	0.01369	0.01696	0.01508	0.01969	0.01142	0.01121	0.02145	0.02469	0.03574	0.19828	0.22404	0.06110	0.02071	0.01141	0.00307	0.00660	0.01831	0.00936	0.25977
30	0.02560	0.03356	0.19173	0.21630	0.17308	0.02638	0.03257	0.10340	0.02727	0.03777	0.02072	0.02635	0.01557	0.01079	0.01072	0.00343	0.01425	0.00923	0.00581	0.01548
31	0.18645	0.13635	0.03098	0.02174	0.02872	0.18273	0.01770	0.09434	0.13029	0.04018	0.02282	0.02384	0.01794	0.01158	0.00900	0.00309	0.01258	0.00795	0.00742	0.01429
32	0.02059	0.01938	0.03270	0.59060	0.07510	0.02422	0.03028	0.02786	0.02180	0.02786	0.01938	0.02907	0.01453	0.01090	0.01090	0.00363	0.01453	0.00969	0.00484	0.01211
33	0.12909	0.02595	0.06546	0.06813	0.03325	0.02662	0.01966	0.11635	0.27132	0.08029	0.03337	0.03263	0.02452	0.01311	0.01034	0.00354	0.01018	0.01038	0.00958	0.01621
34	0.03370	0.48425	0.04981	0.01883	0.02795	0.03691	0.01805	0.03736	0.02424	0.14772	0.02157	0.02200	0.01698	0.01029	0.00791	0.00257	0.01111	0.00701	0.00670	0.01504
35	0.01347	0.00970	0.01247	0.01460	0.01541	0.00902	0.00969	0.01527	0.02076	0.02740	0.06174	0.52709	0.10487	0.08206	0.01729	0.00488	0.00662	0.02914	0.00983	0.00870
36	0.01679	0.01032	0.01309	0.01309	0.01325	0.01049	0.00809	0.01565	0.01548	0.02081	0.02912	0.05705	0.03215	0.39137	0.09527	0.22041	0.01180	0.01352	0.00596	0.00629
37	0.02915	0.62337	0.05714	0.01866	0.02799	0.04314	0.01866	0.03265	0.02215	0.02565	0.01516	0.01749	0.01399	0.00933	0.00700	0.00233	0.01166	0.00583	0.00466	0.01399
38	0.01499	0.01072	0.01389	0.01387	0.01577	0.00999	0.00991	0.01893	0.02722	0.03805	0.38733	0.19877	0.09008	0.08056	0.01709	0.00432	0.00592	0.02188	0.01108	0.00962
39	0.04759	0.02069	0.02662	0.02041	0.02890	0.01919	0.01686	0.13492	0.03478	0.46952	0.04002	0.03517	0.02549	0.01342	0.01095	0.00336	0.00976	0.01076	0.01303	0.01855
40	0.03492	0.01624	0.02059	0.01698	0.02304	0.01475	0.01336	0.04067	0.06876	0.32836	0.09508	0.05571	0.11714	0.08421	0.01643	0.00426	0.00843	0.01427	0.01187	0.01493
41	0.04808	0.01990	0.02614	0.02004	0.02850	0.01802	0.01655	0.10463	0.03346	0.50167	0.04113	0.03589	0.02604	0.01345	0.01096	0.00336	0.00958	0.01084	0.01321	0.01855
42	0.63350	0.02085	0.01689	0.01481	0.02172	0.02367	0.01220	0.03402	0.01974	0.09639	0.01779	0.01953	0.01323	0.01044	0.00714	0.00337	0.00851	0.00638	0.00738	0.01244
43	0.02070	0.01735	0.02057	0.01595	0.02378	0.01337	0.01235	0.02493	0.02225	0.03395	0.02774	0.14315	0.02764	0.01343	0.00927	0.00219	0.00772	0.01150	0.00721	0.54495
44	0.01766	0.01125	0.01411	0.01433	0.01701	0.01006	0.01038	0.02075	0.02521	0.09101	0.17761	0.30656	0.18764	0.02763	0.01310	0.00391	0.00620	0.02432	0.01092	0.01035
45	0.17314	0.01836	0.02222	0.01764	0.02525	0.01719	0.01450	0.04670	0.02803	0.41391	0.03693	0.03360	0.02409	0.01277	0.00986	0.00330	0.00876	0.00990	0.06731	0.01653
46	0.64101	0.02185	0.01738	0.01521	0.02212	0.02522	0.01253	0.07094	0.02120	0.05052	0.01607	0.01840	0.01235	0.01036	0.00708	0.00337	0.00872	0.00622	0.00708	0.01235
47	0.37062	0.01937	0.01815	0.01571	0.02176	0.02119	0.01252	0.06580	0.06116	0.12430	0.02624	0.03005	0.02034	0.06274	0.01220	0.00391	0.00861	0.00873	0.08354	0.01306
48	0.02363	0.01357	0.01779	0.01747	0.02100	0.01297	0.01357	0.02963	0.06857	0.15114	0.13083	0.25221	0.06172	0.02521	0.01308	0.00409	0.00774	0.11234	0.01124	0.01220
49	0.02923	0.01699	0.02082	0.01793	0.02336	0.01693	0.01408	0.04149	0.17465	0.20384	0.24358	0.05589	0.05919	0.01739	0.01176	0.00349	0.00744	0.01486	0.01221	0.01487
50	0.04617	0.02297	0.02803	0.02149	0.03003	0.02257	0.01775	0.22211	0.03859	0.37695	0.03682	0.03309	0.02388	0.01335	0.01094	0.00334	0.01028	0.01054	0.01254	0.01855
51	0.02368	0.01463	0.01835	0.01762	0.02108	0.01437	0.01332	0.10139	0.02873	0.11531	0.10609	0.33261	0.05953	0.02606	0.01297	0.00402	0.00784	0.05934	0.01095	0.01210
52	0.04248	0.02239	0.02477	0.02009	0.02733	0.08787	0.01612	0.04861	0.06850	0.39240	0.09581	0.04011	0.03431	0.01429	0.01104	0.00333	0.01010	0.01154	0.01213	0.01677
