[name]
unknown

[dist]
# distance from previous block
# <min> <max>
0	246

[block]
# block no. 0 follows, 14 sequences, length 86
# corresponding to MSA columns:
# 267-352
name=unknown_A
#
# <colnr> <probs for GDERKNQSTAVLIFYWHMCP>
#	G	D	E	R	K	N	Q	S	T	A	V	L	I	F	Y	W	H	M	C	P
0	0.07000	0.01950	0.02401	0.01986	0.02595	0.02040	0.01629	0.07857	0.12245	0.26686	0.03428	0.03766	0.02556	0.01431	0.01331	0.00341	0.08869	0.04880	0.01002	0.06006
1	0.03754	0.06714	0.02667	0.09958	0.03167	0.01880	0.01692	0.07634	0.02877	0.37668	0.08323	0.03559	0.02889	0.01280	0.01018	0.00313	0.00940	0.01046	0.01064	0.01558
2	0.03826	0.02198	0.02468	0.01920	0.02687	0.06386	0.01559	0.14366	0.03187	0.31456	0.06095	0.03164	0.02512	0.01209	0.00988	0.00285	0.00962	0.00958	0.01047	0.12726
3	0.08045	0.06065	0.07229	0.02613	0.09971	0.07613	0.01979	0.10977	0.09297	0.18203	0.05697	0.03007	0.02391	0.01191	0.00978	0.00309	0.01073	0.00946	0.00878	0.01537
4	0.08137	0.05204	0.05395	0.01844	0.02470	0.01714	0.05029	0.03400	0.07384	0.20489	0.08321	0.12138	0.10804	0.01686	0.01065	0.00335	0.00855	0.01438	0.00962	0.01329
5	0.03179	0.29804	0.15446	0.02094	0.03078	0.03013	0.02147	0.10220	0.02655	0.15908	0.02249	0.02284	0.01650	0.01034	0.00858	0.00275	0.01137	0.00752	0.00705	0.01513
6	0.01815	0.10077	0.02112	0.01624	0.01910	0.06952	0.01260	0.02094	0.01901	0.02417	0.03463	0.12185	0.06965	0.11232	0.28277	0.00994	0.01799	0.01348	0.00624	0.00950
7	0.02500	0.01839	0.06433	0.27615	0.04415	0.01750	0.02125	0.03028	0.02276	0.17504	0.03297	0.16764	0.02917	0.01589	0.01089	0.00351	0.01070	0.01392	0.00785	0.01259
8	0.07733	0.10561	0.03721	0.02815	0.09239	0.02628	0.11449	0.16946	0.02909	0.04156	0.01977	0.02288	0.01544	0.00955	0.00922	0.00268	0.01138	0.00828	0.00675	0.17248
9	0.02202	0.02187	0.06623	0.29377	0.19627	0.02224	0.02660	0.07410	0.02382	0.03217	0.02414	0.10530	0.02177	0.01297	0.01057	0.00337	0.01214	0.01166	0.00586	0.01312
10	0.02896	0.14968	0.22884	0.02226	0.03312	0.02495	0.02377	0.10079	0.02632	0.13426	0.02240	0.02341	0.01617	0.01012	0.00901	0.00276	0.01160	0.00768	0.00688	0.11703
11	0.03068	0.03172	0.02497	0.02071	0.02783	0.26691	0.01599	0.03630	0.06735	0.06853	0.02060	0.02236	0.01632	0.00973	0.00872	0.00227	0.01243	0.00704	0.00654	0.30298
12	0.08071	0.02268	0.03446	0.04523	0.35627	0.02256	0.02501	0.07611	0.02640	0.17337	0.02463	0.02708	0.01826	0.01031	0.00994	0.00309	0.01096	0.00919	0.00747	0.01628
13	0.02627	0.43892	0.20183	0.02124	0.03177	0.03532	0.02340	0.06448	0.02287	0.02913	0.01611	0.01846	0.01340	0.00928	0.00771	0.00255	0.01217	0.00632	0.00476	0.01401
14	0.01498	0.01130	0.01394	0.01314	0.01594	0.01068	0.00989	0.02124	0.06601	0.03944	0.46829	0.07694	0.15715	0.02116	0.01199	0.00328	0.00512	0.01849	0.01099	0.01001
15	0.02157	0.02047	0.03473	0.41411	0.25415	0.02338	0.02959	0.02814	0.02155	0.02888	0.01863	0.02665	0.01462	0.00985	0.01022	0.00328	0.01314	0.00913	0.00475	0.01317
16	0.01452	0.01049	0.01372	0.01291	0.01533	0.00968	0.00968	0.01937	0.02905	0.04115	0.56992	0.07666	0.09683	0.02098	0.01210	0.00323	0.00484	0.01856	0.01130	0.00968
17	0.01703	0.01016	0.01360	0.01471	0.01640	0.00932	0.01026	0.01933	0.02161	0.09997	0.09203	0.51386	0.06444	0.02879	0.01266	0.00397	0.00624	0.02593	0.01007	0.00963
18	0.01452	0.01049	0.01372	0.01291	0.01533	0.00968	0.00968	0.01937	0.02905	0.04115	0.56992	0.07666	0.09683	0.02098	0.01210	0.00323	0.00484	0.01856	0.01130	0.00968
19	0.01657	0.01080	0.01422	0.01348	0.01607	0.00990	0.01006	0.02095	0.02784	0.07881	0.46410	0.14625	0.08782	0.02183	0.01210	0.00335	0.00527	0.01934	0.01117	0.01008
20	0.71184	0.01985	0.01508	0.01350	0.01985	0.02302	0.01111	0.03017	0.01746	0.04604	0.01429	0.01667	0.01111	0.00953	0.00635	0.00318	0.00794	0.00556	0.00635	0.01111
21	0.12896	0.01879	0.02232	0.01703	0.02514	0.01688	0.01395	0.07327	0.02655	0.30581	0.02902	0.02755	0.01979	0.01068	0.00894	0.00266	0.00845	0.00830	0.00964	0.22628
22	0.02553	0.02204	0.02320	0.02088	0.02669	0.02553	0.01624	0.05453	0.55679	0.04293	0.04177	0.03829	0.03133	0.01392	0.01044	0.00348	0.00812	0.01160	0.01044	0.01624
23	0.71184	0.01985	0.01508	0.01350	0.01985	0.02302	0.01111	0.03017	0.01746	0.04604	0.01429	0.01667	0.01111	0.00953	0.00635	0.00318	0.00794	0.00556	0.00635	0.01111
24	0.01466	0.01100	0.01649	0.01649	0.01833	0.01283	0.01283	0.01833	0.01649	0.02382	0.02749	0.04032	0.02566	0.07697	0.59868	0.01649	0.02749	0.01100	0.00550	0.00916
25	0.01213	0.01040	0.01040	0.01040	0.01386	0.00866	0.00780	0.01473	0.02339	0.02772	0.10396	0.09876	0.57117	0.02599	0.01213	0.00347	0.00520	0.02166	0.00953	0.00866
26	0.71184	0.01985	0.01508	0.01350	0.01985	0.02302	0.01111	0.03017	0.01746	0.04604	0.01429	0.01667	0.01111	0.00953	0.00635	0.00318	0.00794	0.00556	0.00635	0.01111
27	0.02461	0.02358	0.04023	0.13507	0.50940	0.02418	0.03110	0.03081	0.02299	0.03257	0.01916	0.02565	0.01592	0.00929	0.01017	0.00310	0.01239	0.00914	0.00501	0.01562
28	0.01489	0.01010	0.01194	0.01194	0.01220	0.01036	0.00715	0.01541	0.01515	0.02045	0.03165	0.06335	0.03566	0.55971	0.12962	0.01088	0.01243	0.01437	0.00612	0.00664
29	0.01452	0.01049	0.01372	0.01291	0.01533	0.00968	0.00968	0.01937	0.02905	0.04115	0.56992	0.07666	0.09683	0.02098	0.01210	0.00323	0.00484	0.01856	0.01130	0.00968
30	0.01783	0.01396	0.01656	0.01530	0.01874	0.01444	0.01165	0.02992	0.18742	0.04169	0.41143	0.06514	0.07717	0.01886	0.01160	0.00330	0.00583	0.01647	0.01104	0.01165
31	0.02280	0.02248	0.03280	0.24623	0.27532	0.07478	0.02650	0.02828	0.02241	0.02924	0.02348	0.10479	0.02182	0.01267	0.01049	0.00329	0.01248	0.01152	0.00550	0.01312
32	0.02058	0.05308	0.58618	0.02925	0.04442	0.02383	0.03792	0.03250	0.02167	0.03250	0.01842	0.02167	0.01300	0.00975	0.00975	0.00325	0.01517	0.00758	0.00433	0.01517
33	0.01250	0.00893	0.01191	0.01429	0.01488	0.00834	0.00953	0.01429	0.01965	0.02620	0.05656	0.63265	0.06787	0.03215	0.01310	0.00417	0.00595	0.02917	0.00953	0.00834
34	0.01586	0.01014	0.01174	0.01134	0.01390	0.00949	0.00850	0.02036	0.02551	0.03819	0.30860	0.06584	0.13868	0.01841	0.01031	0.00296	0.00487	0.01573	0.26009	0.00949
35	0.03351	0.07000	0.03540	0.08155	0.20061	0.06375	0.05054	0.11202	0.02870	0.18506	0.02522	0.02702	0.01824	0.01071	0.01001	0.00305	0.01186	0.00919	0.00784	0.01572
36	0.02082	0.02106	0.03966	0.44429	0.06560	0.02374	0.18045	0.02820	0.02162	0.02820	0.01899	0.02746	0.01424	0.00978	0.01081	0.00343	0.01476	0.01001	0.00475	0.01213
37	0.71184	0.01985	0.01508	0.01350	0.01985	0.02302	0.01111	0.03017	0.01746	0.04604	0.01429	0.01667	0.01111	0.00953	0.00635	0.00318	0.00794	0.00556	0.00635	0.01111
38	0.01469	0.01086	0.01580	0.01580	0.01739	0.01245	0.01196	0.01788	0.01629	0.02331	0.02812	0.04382	0.02718	0.15044	0.52728	0.01564	0.02520	0.01151	0.00559	0.00878
39	0.02964	0.30035	0.04863	0.02736	0.03559	0.19590	0.16527	0.03427	0.02416	0.02689	0.01656	0.02022	0.01386	0.00926	0.00891	0.00268	0.01492	0.00768	0.00487	0.01300
40	0.01452	0.01049	0.01372	0.01291	0.01533	0.00968	0.00968	0.01937	0.02905	0.04115	0.56992	0.07666	0.09683	0.02098	0.01210	0.00323	0.00484	0.01856	0.01130	0.00968
41	0.01906	0.01533	0.01762	0.01657	0.02023	0.01643	0.01253	0.03406	0.25831	0.03997	0.27218	0.13254	0.06444	0.01936	0.01151	0.00346	0.00642	0.01691	0.01069	0.01237
42	0.04604	0.01746	0.02382	0.01826	0.02620	0.01508	0.01508	0.05001	0.02937	0.58244	0.04049	0.03493	0.02540	0.01270	0.01032	0.00318	0.00873	0.01032	0.01270	0.01746
43	0.01467	0.01004	0.01206	0.01213	0.01266	0.01006	0.00752	0.01577	0.01726	0.02350	0.10390	0.10730	0.04624	0.46213	0.09464	0.00925	0.01061	0.01608	0.00706	0.00710
44	0.03290	0.01786	0.02182	0.01810	0.02423	0.01777	0.01446	0.07812	0.17043	0.27963	0.16102	0.04467	0.04279	0.01490	0.01076	0.00326	0.00786	0.01247	0.01161	0.01536
45	0.01938	0.01824	0.03078	0.61468	0.07068	0.02280	0.02850	0.02622	0.02052	0.02622	0.01824	0.02736	0.01368	0.01026	0.01026	0.00342	0.01368	0.00912	0.00456	0.01140
46	0.02074	0.04531	0.46015	0.02611	0.03993	0.02157	0.03217	0.03101	0.02158	0.03271	0.01838	0.02158	0.01349	0.00927	0.00927	0.00286	0.01348	0.00725	0.00472	0.16842
47	0.02731	0.02698	0.03829	0.17474	0.26695	0.09649	0.08292	0.09823	0.02678	0.03484	0.01949	0.02513	0.01538	0.00993	0.01030	0.00313	0.01375	0.00916	0.00568	0.01452
48	0.04116	0.02529	0.02866	0.02197	0.03010	0.02670	0.01815	0.39070	0.04247	0.22325	0.02949	0.02779	0.01989	0.01244	0.01028	0.00311	0.01051	0.00957	0.01101	0.01746
49	0.71184	0.01985	0.01508	0.01350	0.01985	0.02302	0.01111	0.03017	0.01746	0.04604	0.01429	0.01667	0.01111	0.00953	0.00635	0.00318	0.00794	0.00556	0.00635	0.01111
50	0.01229	0.01040	0.01062	0.01057	0.01396	0.00873	0.00793	0.01504	0.02378	0.02864	0.13562	0.09726	0.53894	0.02565	0.01213	0.00345	0.00517	0.02145	0.00965	0.00873
51	0.50160	0.02124	0.02322	0.02865	0.18998	0.02344	0.01736	0.03057	0.01927	0.04221	0.01582	0.01934	0.01269	0.00941	0.00752	0.00314	0.00924	0.00666	0.00596	0.01269
52	0.62393	0.02101	0.01714	0.01482	0.02141	0.02417	0.01221	0.09692	0.02149	0.04848	0.01564	0.01771	0.01194	0.00989	0.00686	0.00316	0.00838	0.00604	0.00686	0.01194
53	0.02540	0.02438	0.04165	0.06299	0.57533	0.02438	0.03149	0.03149	0.02337	0.03353	0.01930	0.02540	0.01626	0.00914	0.01016	0.00305	0.01219	0.00914	0.00508	0.01626
54	0.02598	0.02274	0.03055	0.02821	0.07392	0.07395	0.11376	0.06869	0.13602	0.07303	0.03640	0.05611	0.03276	0.01650	0.01174	0.00370	0.01174	0.16230	0.00842	0.01348
55	0.24592	0.07070	0.02741	0.02500	0.09778	0.09432	0.01777	0.13495	0.11813	0.04346	0.02184	0.02326	0.01687	0.01084	0.00867	0.00306	0.01064	0.00789	0.00738	0.01413
56	0.02957	0.02169	0.08002	0.06569	0.20223	0.01833	0.02252	0.03527	0.02584	0.21910	0.10063	0.04122	0.03234	0.01331	0.01071	0.00327	0.01023	0.04441	0.00866	0.01497
57	0.02874	0.08362	0.31003	0.02534	0.03691	0.02650	0.02799	0.17334	0.06320	0.09213	0.02332	0.02437	0.01652	0.01091	0.00976	0.00314	0.01278	0.00839	0.00710	0.01592
58	0.07588	0.55840	0.08910	0.01810	0.02717	0.03815	0.01855	0.03082	0.02067	0.02631	0.01457	0.01685	0.01301	0.00890	0.00679	0.00234	0.01106	0.00564	0.00453	0.01317
59	0.02843	0.01590	0.01935	0.01654	0.02194	0.01548	0.01305	0.03872	0.16036	0.23671	0.18752	0.05464	0.11345	0.01683	0.01104	0.00330	0.00712	0.01421	0.01137	0.01402
60	0.02197	0.02301	0.10361	0.19083	0.16488	0.01999	0.06278	0.02861	0.02337	0.06970	0.09222	0.07029	0.03078	0.01348	0.01090	0.00339	0.01172	0.03873	0.00662	0.01311
61	0.02937	0.02252	0.03597	0.13116	0.36101	0.02295	0.02713	0.07064	0.02586	0.13752	0.02350	0.02741	0.01768	0.01020	0.01021	0.00313	0.01169	0.00937	0.00680	0.01587
62	0.02211	0.03344	0.30499	0.02313	0.03252	0.01842	0.02555	0.03129	0.05722	0.10347	0.03404	0.16984	0.03156	0.01682	0.01095	0.00357	0.01137	0.04876	0.00737	0.01358
63	0.01442	0.00974	0.01134	0.01184	0.01197	0.00961	0.00691	0.01479	0.01591	0.02122	0.03741	0.18555	0.04371	0.51223	0.04404	0.00874	0.00911	0.01791	0.00691	0.00666
64	0.02400	0.02975	0.17947	0.02082	0.03118	0.02017	0.02072	0.10365	0.07473	0.03850	0.02137	0.02344	0.01640	0.00945	0.00884	0.00240	0.01027	0.00746	0.00659	0.35078
65	0.46481	0.14947	0.02510	0.01643	0.02309	0.12085	0.01383	0.03205	0.02005	0.03824	0.01454	0.01693	0.01187	0.00955	0.00687	0.00289	0.01028	0.00572	0.00579	0.01165
66	0.04604	0.01746	0.02382	0.01826	0.02620	0.01508	0.01508	0.05001	0.02937	0.58244	0.04049	0.03493	0.02540	0.01270	0.01032	0.00318	0.00873	0.01032	0.01270	0.01746
67	0.02542	0.13743	0.13877	0.07208	0.11880	0.02791	0.02406	0.07535	0.20364	0.03655	0.02612	0.02756	0.02007	0.01111	0.00957	0.00311	0.01122	0.00904	0.00696	0.01524
68	0.01452	0.01049	0.01372	0.01291	0.01533	0.00968	0.00968	0.01937	0.02905	0.04115	0.56992	0.07666	0.09683	0.02098	0.01210	0.00323	0.00484	0.01856	0.01130	0.00968
69	0.02466	0.02288	0.08365	0.25154	0.22949	0.02146	0.02726	0.03120	0.02337	0.10304	0.06190	0.03077	0.02211	0.01094	0.01032	0.00323	0.01202	0.00983	0.00627	0.01406
70	0.01487	0.01002	0.01152	0.01142	0.01173	0.00991	0.00667	0.01550	0.01677	0.02268	0.10257	0.06840	0.04509	0.55855	0.04699	0.00907	0.00928	0.01540	0.00688	0.00667
71	0.62485	0.01953	0.01622	0.01412	0.02068	0.02198	0.01163	0.03276	0.01902	0.11613	0.01771	0.01906	0.01298	0.00994	0.00687	0.00318	0.00804	0.00618	0.00718	0.01194
72	0.03074	0.40245	0.04404	0.01969	0.02802	0.03657	0.01802	0.18637	0.07864	0.03807	0.01993	0.02094	0.01614	0.01032	0.00805	0.00258	0.01081	0.00718	0.00672	0.01474
73	0.01495	0.01040	0.01333	0.01260	0.01502	0.00967	0.00945	0.01979	0.02835	0.04088	0.52033	0.07311	0.09031	0.02015	0.01165	0.00315	0.00484	0.01773	0.07463	0.00967
74	0.17876	0.01844	0.02143	0.01930	0.02420	0.02004	0.04946	0.10028	0.13339	0.04042	0.03687	0.17953	0.03594	0.01849	0.01071	0.00368	0.00881	0.07912	0.00879	0.01234
75	0.03233	0.38391	0.04386	0.02033	0.02867	0.07534	0.01841	0.21436	0.03123	0.03874	0.01809	0.01953	0.01471	0.01017	0.00809	0.00254	0.01160	0.00691	0.00656	0.01462
76	0.01997	0.01508	0.02151	0.02015	0.05658	0.01412	0.04211	0.02482	0.02549	0.07510	0.25980	0.06022	0.05703	0.01740	0.01250	0.00319	0.04120	0.08505	0.00907	0.13962
77	0.03037	0.18984	0.18726	0.02392	0.06840	0.02427	0.02277	0.03635	0.02393	0.20824	0.02729	0.06859	0.02122	0.01202	0.00938	0.00300	0.01113	0.00958	0.00748	0.01498
78	0.03643	0.16635	0.03592	0.02226	0.03060	0.03378	0.01907	0.42725	0.04214	0.05563	0.02232	0.02281	0.01650	0.01153	0.00944	0.00288	0.01122	0.00840	0.00895	0.01650
79	0.01271	0.00969	0.01169	0.01273	0.01461	0.00867	0.00896	0.01527	0.02247	0.02917	0.15695	0.35897	0.24467	0.02821	0.01260	0.00377	0.00551	0.02486	0.00982	0.00867
80	0.02308	0.03200	0.22788	0.24344	0.04936	0.02378	0.02863	0.12741	0.02624	0.03592	0.02256	0.07243	0.01843	0.01220	0.01030	0.00335	0.01314	0.01017	0.00598	0.01368
81	0.12034	0.05769	0.03096	0.22692	0.15153	0.06489	0.02325	0.06962	0.09344	0.03518	0.02106	0.02551	0.01636	0.01050	0.00945	0.00317	0.01187	0.00859	0.00613	0.01354
82	0.07274	0.10838	0.09798	0.02009	0.05809	0.07243	0.01695	0.02902	0.02481	0.07531	0.18698	0.04023	0.04100	0.01352	0.00947	0.00291	0.00926	0.01092	0.09774	0.01216
83	0.13962	0.01683	0.02089	0.01664	0.02330	0.01558	0.01334	0.04252	0.02574	0.43027	0.03558	0.03646	0.02486	0.09411	0.01521	0.00406	0.00877	0.01022	0.01092	0.01506
84	0.01840	0.01237	0.01363	0.01269	0.01395	0.01278	0.00803	0.08438	0.01980	0.02719	0.03142	0.05933	0.03385	0.50804	0.04320	0.00846	0.00972	0.01376	0.06106	0.00795
85	0.11976	0.15764	0.14750	0.06727	0.21439	0.02674	0.02582	0.03232	0.02195	0.06998	0.01878	0.02236	0.01474	0.00954	0.00883	0.00296	0.01180	0.00766	0.00545	0.01451

[dist]
# distance from previous block
# <min> <max>
2	5

[block]
# block no. 1 follows, 14 sequences, length 59
# corresponding to MSA columns:
# 358-416
name=unknown_B
#
# <colnr> <probs for GDERKNQSTAVLIFYWHMCP>
#	G	D	E	R	K	N	Q	S	T	A	V	L	I	F	Y	W	H	M	C	P
0	0.01770	0.01207	0.01598	0.01444	0.01779	0.01143	0.01101	0.02184	0.02387	0.07328	0.28433	0.05639	0.05873	0.07162	0.17109	0.00698	0.01185	0.01415	0.00888	0.09658
1	0.02681	0.56752	0.05098	0.01873	0.02641	0.03946	0.01817	0.02997	0.02021	0.02421	0.01417	0.01721	0.01321	0.00993	0.00998	0.00248	0.08729	0.00592	0.00440	0.01293
2	0.01847	0.01136	0.01498	0.01358	0.01669	0.01036	0.01036	0.02320	0.02909	0.10892	0.50364	0.07143	0.08789	0.01994	0.01188	0.00322	0.00533	0.01753	0.01147	0.01066
3	0.01452	0.01049	0.01372	0.01291	0.01533	0.00968	0.00968	0.01937	0.02905	0.04115	0.56992	0.07666	0.09683	0.02098	0.01210	0.00323	0.00484	0.01856	0.01130	0.00968
4	0.01452	0.01049	0.01372	0.01291	0.01533	0.00968	0.00968	0.01937	0.02905	0.04115	0.56992	0.07666	0.09683	0.02098	0.01210	0.00323	0.00484	0.01856	0.01130	0.00968
5	0.03758	0.02736	0.02927	0.02260	0.03039	0.03022	0.01862	0.50381	0.04632	0.06277	0.02528	0.02562	0.01809	0.01229	0.01004	0.00303	0.01082	0.00926	0.05975	0.01688
6	0.01913	0.00956	0.00956	0.00956	0.01196	0.00956	0.00717	0.02391	0.02152	0.03826	0.03348	0.03826	0.02630	0.01196	0.00717	0.00239	0.00478	0.00956	0.69632	0.00956
7	0.01250	0.00893	0.01191	0.01429	0.01488	0.00834	0.00953	0.01429	0.01965	0.02620	0.05656	0.63265	0.06787	0.03215	0.01310	0.00417	0.00595	0.02917	0.00953	0.00834
8	0.04604	0.01746	0.02382	0.01826	0.02620	0.01508	0.01508	0.05001	0.02937	0.58244	0.04049	0.03493	0.02540	0.01270	0.01032	0.00318	0.00873	0.01032	0.01270	0.01746
9	0.03901	0.02874	0.03080	0.02361	0.03182	0.03182	0.01951	0.54111	0.04825	0.06468	0.02464	0.02464	0.01745	0.01232	0.01027	0.00308	0.01129	0.00924	0.01027	0.01745
10	0.01938	0.01824	0.03078	0.61468	0.07068	0.02280	0.02850	0.02622	0.02052	0.02622	0.01824	0.02736	0.01368	0.01026	0.01026	0.00342	0.01368	0.00912	0.00456	0.01140
11	0.02553	0.02204	0.02320	0.02088	0.02669	0.02553	0.01624	0.05453	0.55679	0.04293	0.04177	0.03829	0.03133	0.01392	0.01044	0.00348	0.00812	0.01160	0.01044	0.01624
12	0.71184	0.01985	0.01508	0.01350	0.01985	0.02302	0.01111	0.03017	0.01746	0.04604	0.01429	0.01667	0.01111	0.00953	0.00635	0.00318	0.00794	0.00556	0.00635	0.01111
13	0.71184	0.01985	0.01508	0.01350	0.01985	0.02302	0.01111	0.03017	0.01746	0.04604	0.01429	0.01667	0.01111	0.00953	0.00635	0.00318	0.00794	0.00556	0.00635	0.01111
14	0.01782	0.01589	0.02332	0.03150	0.23400	0.01503	0.01746	0.02225	0.02454	0.03276	0.16660	0.06549	0.25639	0.01836	0.01135	0.00325	0.00786	0.01612	0.00815	0.01185
15	0.02789	0.02378	0.04090	0.05584	0.46566	0.02334	0.06918	0.03392	0.02419	0.10220	0.02207	0.02677	0.01735	0.00955	0.01033	0.00310	0.01216	0.00952	0.00604	0.01622
16	0.02744	0.64552	0.05378	0.01756	0.02634	0.04061	0.01756	0.03073	0.02085	0.02414	0.01427	0.01646	0.01317	0.00878	0.00658	0.00219	0.01097	0.00549	0.00439	0.01317
17	0.03901	0.02874	0.03080	0.02361	0.03182	0.03182	0.01951	0.54111	0.04825	0.06468	0.02464	0.02464	0.01745	0.01232	0.01027	0.00308	0.01129	0.00924	0.01027	0.01745
18	0.01783	0.00891	0.01337	0.01337	0.01337	0.00891	0.00891	0.01337	0.01337	0.01783	0.01783	0.03119	0.01783	0.03565	0.04011	0.70143	0.00891	0.00891	0.00446	0.00446
19	0.02607	0.40915	0.03965	0.01684	0.02348	0.02941	0.01526	0.02907	0.02162	0.09455	0.02803	0.17146	0.02826	0.01506	0.00867	0.00281	0.00945	0.01196	0.00670	0.01251
20	0.01309	0.01043	0.01173	0.01140	0.01445	0.00907	0.00855	0.01659	0.02566	0.03311	0.29083	0.08990	0.38094	0.02398	0.01212	0.00337	0.00505	0.02042	0.01024	0.00907
21	0.02744	0.64552	0.05378	0.01756	0.02634	0.04061	0.01756	0.03073	0.02085	0.02414	0.01427	0.01646	0.01317	0.00878	0.00658	0.00219	0.01097	0.00549	0.00439	0.01317
22	0.01564	0.01243	0.01836	0.01780	0.01940	0.01516	0.01403	0.01912	0.01640	0.02393	0.02573	0.03808	0.02413	0.06958	0.52795	0.01499	0.10174	0.01074	0.00537	0.00942
23	0.02453	0.10330	0.05054	0.07615	0.04633	0.02748	0.33827	0.03623	0.12422	0.03321	0.02374	0.02826	0.01812	0.00978	0.01097	0.00330	0.01452	0.01097	0.00604	0.01404
24	0.04604	0.01746	0.02382	0.01826	0.02620	0.01508	0.01508	0.05001	0.02937	0.58244	0.04049	0.03493	0.02540	0.01270	0.01032	0.00318	0.00873	0.01032	0.01270	0.01746
25	0.02819	0.02593	0.02454	0.02179	0.02772	0.09771	0.01695	0.09100	0.45084	0.04240	0.03718	0.03474	0.02797	0.01338	0.01028	0.00334	0.00967	0.01079	0.00978	0.01579
26	0.02142	0.01936	0.03178	0.04606	0.37926	0.01917	0.02431	0.02659	0.02352	0.03315	0.09648	0.13177	0.03735	0.01554	0.01114	0.00336	0.01011	0.04901	0.00686	0.01373
27	0.03833	0.04891	0.02908	0.02644	0.03173	0.59815	0.01983	0.04098	0.02908	0.02512	0.01586	0.01851	0.01322	0.01058	0.00925	0.00264	0.01851	0.00661	0.00529	0.01190
28	0.02625	0.01504	0.01881	0.01608	0.02083	0.01458	0.01264	0.06523	0.09687	0.19396	0.32120	0.05689	0.06363	0.01723	0.01128	0.00324	0.00675	0.01479	0.01152	0.01317
29	0.01281	0.00915	0.01226	0.01464	0.01537	0.00860	0.01006	0.01482	0.01995	0.02654	0.05639	0.59362	0.06721	0.03186	0.01318	0.00421	0.00622	0.06520	0.00952	0.00842
30	0.02488	0.43336	0.17099	0.09495	0.03597	0.03459	0.02352	0.03056	0.02099	0.02629	0.01570	0.01900	0.01320	0.00918	0.00776	0.00259	0.01226	0.00641	0.00440	0.01340
31	0.02979	0.01387	0.01861	0.01550	0.02059	0.01230	0.01230	0.03420	0.02921	0.30324	0.31357	0.05645	0.06224	0.01697	0.01124	0.00320	0.00673	0.01457	0.01198	0.01345
32	0.14854	0.01783	0.02247	0.01753	0.02522	0.01631	0.01447	0.04696	0.02754	0.49986	0.03645	0.03212	0.02320	0.01221	0.00971	0.00318	0.00861	0.00959	0.01172	0.01649
33	0.01938	0.01824	0.03078	0.61468	0.07068	0.02280	0.02850	0.02622	0.02052	0.02622	0.01824	0.02736	0.01368	0.01026	0.01026	0.00342	0.01368	0.00912	0.00456	0.01140
34	0.03026	0.03323	0.24361	0.03411	0.15658	0.02124	0.06483	0.03805	0.02475	0.21311	0.02602	0.02727	0.01797	0.01050	0.01020	0.00320	0.01255	0.00915	0.00730	0.01607
35	0.02801	0.02517	0.03395	0.07617	0.17233	0.09947	0.10075	0.09692	0.02827	0.07658	0.09100	0.03276	0.02708	0.01166	0.01043	0.00308	0.01219	0.01056	0.04966	0.01396
36	0.71184	0.01985	0.01508	0.01350	0.01985	0.02302	0.01111	0.03017	0.01746	0.04604	0.01429	0.01667	0.01111	0.00953	0.00635	0.00318	0.00794	0.00556	0.00635	0.01111
37	0.04315	0.02002	0.02514	0.01950	0.02734	0.01914	0.01604	0.14678	0.07192	0.44104	0.03747	0.03316	0.02428	0.01272	0.01032	0.00318	0.00919	0.01020	0.01206	0.01737
38	0.03236	0.02395	0.03583	0.04581	0.35166	0.02414	0.02571	0.14353	0.02984	0.14818	0.02461	0.02711	0.01831	0.01052	0.01021	0.00308	0.01132	0.00940	0.00768	0.01675
39	0.02267	0.02259	0.03219	0.02960	0.06733	0.03091	0.02312	0.02520	0.01628	0.02535	0.01390	0.02267	0.01368	0.01731	0.03195	0.00438	0.57576	0.00899	0.00453	0.01160
40	0.01492	0.00995	0.01119	0.01119	0.01119	0.00995	0.00622	0.01492	0.01492	0.01990	0.03233	0.06716	0.03731	0.63935	0.05223	0.00995	0.00995	0.01492	0.00622	0.00622
41	0.01452	0.01049	0.01372	0.01291	0.01533	0.00968	0.00968	0.01937	0.02905	0.04115	0.56992	0.07666	0.09683	0.02098	0.01210	0.00323	0.00484	0.01856	0.01130	0.00968
42	0.01250	0.00893	0.01191	0.01429	0.01488	0.00834	0.00953	0.01429	0.01965	0.02620	0.05656	0.63265	0.06787	0.03215	0.01310	0.00417	0.00595	0.02917	0.00953	0.00834
43	0.01250	0.00893	0.01191	0.01429	0.01488	0.00834	0.00953	0.01429	0.01965	0.02620	0.05656	0.63265	0.06787	0.03215	0.01310	0.00417	0.00595	0.02917	0.00953	0.00834
44	0.03901	0.02874	0.03080	0.02361	0.03182	0.03182	0.01951	0.54111	0.04825	0.06468	0.02464	0.02464	0.01745	0.01232	0.01027	0.00308	0.01129	0.00924	0.01027	0.01745
45	0.04604	0.01746	0.02382	0.01826	0.02620	0.01508	0.01508	0.05001	0.02937	0.58244	0.04049	0.03493	0.02540	0.01270	0.01032	0.00318	0.00873	0.01032	0.01270	0.01746
46	0.01213	0.01040	0.01040	0.01040	0.01386	0.00866	0.00780	0.01473	0.02339	0.02772	0.10396	0.09876	0.57117	0.02599	0.01213	0.00347	0.00520	0.02166	0.00953	0.00866
47	0.01913	0.00956	0.00956	0.00956	0.01196	0.00956	0.00717	0.02391	0.02152	0.03826	0.03348	0.03826	0.02630	0.01196	0.00717	0.00239	0.00478	0.00956	0.69632	0.00956
48	0.01452	0.01049	0.01372	0.01291	0.01533	0.00968	0.00968	0.01937	0.02905	0.04115	0.56992	0.07666	0.09683	0.02098	0.01210	0.00323	0.00484	0.01856	0.01130	0.00968
49	0.02422	0.02768	0.06055	0.04325	0.05363	0.02595	0.53806	0.03287	0.02422	0.03287	0.02076	0.02768	0.01557	0.00865	0.01211	0.00346	0.01730	0.01211	0.00519	0.01384
50	0.02382	0.02277	0.03881	0.20740	0.44323	0.02397	0.03071	0.03011	0.02262	0.03161	0.01902	0.02591	0.01558	0.00944	0.01019	0.00315	0.01258	0.00914	0.00494	0.01498
51	0.02128	0.01824	0.02128	0.01520	0.02432	0.01368	0.01216	0.02584	0.02128	0.03344	0.01824	0.02128	0.01520	0.00760	0.00760	0.00152	0.00760	0.00608	0.00608	0.70208
52	0.01674	0.01234	0.01507	0.01592	0.01784	0.01249	0.01125	0.08309	0.06115	0.03220	0.05152	0.51457	0.05898	0.02838	0.01256	0.00398	0.00678	0.02544	0.00968	0.01004
53	0.01250	0.00893	0.01191	0.01429	0.01488	0.00834	0.00953	0.01429	0.01965	0.02620	0.05656	0.63265	0.06787	0.03215	0.01310	0.00417	0.00595	0.02917	0.00953	0.00834
54	0.02221	0.04286	0.40078	0.02649	0.03858	0.02439	0.03078	0.03975	0.19790	0.03593	0.02611	0.02714	0.01903	0.01112	0.00998	0.00333	0.01285	0.00891	0.00634	0.01552
55	0.01492	0.00995	0.01119	0.01119	0.01119	0.00995	0.00622	0.01492	0.01492	0.01990	0.03233	0.06716	0.03731	0.63935	0.05223	0.00995	0.00995	0.01492	0.00622	0.00622
56	0.02422	0.02768	0.06055	0.04325	0.05363	0.02595	0.53806	0.03287	0.02422	0.03287	0.02076	0.02768	0.01557	0.00865	0.01211	0.00346	0.01730	0.01211	0.00519	0.01384
57	0.02441	0.02170	0.03607	0.24717	0.32837	0.02376	0.02879	0.03035	0.02222	0.06467	0.01984	0.02646	0.01574	0.01038	0.01189	0.00329	0.05606	0.00920	0.00534	0.01430
58	0.04604	0.01746	0.02382	0.01826	0.02620	0.01508	0.01508	0.05001	0.02937	0.58244	0.04049	0.03493	0.02540	0.01270	0.01032	0.00318	0.00873	0.01032	0.01270	0.01746

[dist]
# distance from previous block
# <min> <max>
0	18

[block]
# block no. 2 follows, 14 sequences, length 10
# corresponding to MSA columns:
# 435-444
name=unknown_C
#
# <colnr> <probs for GDERKNQSTAVLIFYWHMCP>
#	G	D	E	R	K	N	Q	S	T	A	V	L	I	F	Y	W	H	M	C	P
0	0.02540	0.02438	0.04165	0.06299	0.57533	0.02438	0.03149	0.03149	0.02337	0.03353	0.01930	0.02540	0.01626	0.00914	0.01016	0.00305	0.01219	0.00914	0.00508	0.01626
1	0.01250	0.00893	0.01191	0.01429	0.01488	0.00834	0.00953	0.01429	0.01965	0.02620	0.05656	0.63265	0.06787	0.03215	0.01310	0.00417	0.00595	0.02917	0.00953	0.00834
2	0.02992	0.02317	0.03961	0.05086	0.39718	0.02245	0.08073	0.03581	0.02481	0.15705	0.02422	0.02778	0.01824	0.00989	0.01040	0.00312	0.01195	0.00972	0.00681	0.01628
3	0.01447	0.00976	0.01133	0.01177	0.01188	0.00965	0.00683	0.01481	0.01580	0.02107	0.03684	0.17234	0.04299	0.52640	0.04495	0.00887	0.00921	0.01757	0.00683	0.00661
4	0.02058	0.05308	0.58618	0.02925	0.04442	0.02383	0.03792	0.03250	0.02167	0.03250	0.01842	0.02167	0.01300	0.00975	0.00975	0.00325	0.01517	0.00758	0.00433	0.01517
5	0.03655	0.02937	0.18462	0.02376	0.03393	0.02009	0.06101	0.09514	0.02880	0.33342	0.03118	0.02960	0.02037	0.01153	0.01029	0.00321	0.01144	0.00958	0.00954	0.01655
6	0.02385	0.23505	0.29423	0.03313	0.15821	0.02929	0.03000	0.03171	0.02179	0.03007	0.01730	0.02085	0.01379	0.00930	0.00884	0.00287	0.01316	0.00727	0.00452	0.01478
7	0.01250	0.00893	0.01191	0.01429	0.01488	0.00834	0.00953	0.01429	0.01965	0.02620	0.05656	0.63265	0.06787	0.03215	0.01310	0.00417	0.00595	0.02917	0.00953	0.00834
8	0.02526	0.02540	0.08822	0.08403	0.04639	0.02212	0.32709	0.03262	0.02392	0.10717	0.02696	0.09374	0.02223	0.01198	0.01163	0.00348	0.01442	0.01311	0.00657	0.01364
9	0.03432	0.02846	0.15831	0.03056	0.11634	0.02080	0.07970	0.07544	0.02747	0.27985	0.02906	0.02899	0.01960	0.01103	0.01036	0.00320	0.01182	0.00964	0.00868	0.01637

[dist]
# distance from previous block
# <min> <max>
0	2

[block]
# block no. 3 follows, 14 sequences, length 119
# corresponding to MSA columns:
# 447-565
name=unknown_D
#
# <colnr> <probs for GDERKNQSTAVLIFYWHMCP>
#	G	D	E	R	K	N	Q	S	T	A	V	L	I	F	Y	W	H	M	C	P
0	0.57247	0.02287	0.05553	0.01576	0.02280	0.02385	0.01386	0.06725	0.05595	0.04620	0.01712	0.01901	0.01303	0.01003	0.00713	0.00319	0.00867	0.00635	0.00676	0.01217
1	0.14653	0.45558	0.08216	0.01826	0.02682	0.07414	0.01800	0.03145	0.02088	0.02859	0.01467	0.01700	0.01280	0.00910	0.00694	0.00247	0.01125	0.00572	0.00479	0.01286
2	0.01354	0.01162	0.01174	0.01150	0.01521	0.01044	0.00869	0.01892	0.07956	0.02932	0.09741	0.09239	0.51433	0.02472	0.01195	0.00347	0.00551	0.02060	0.00963	0.00946
3	0.03154	0.02503	0.02659	0.02210	0.02898	0.02834	0.01770	0.27168	0.32984	0.05263	0.03412	0.03220	0.02513	0.01321	0.01036	0.00330	0.00954	0.01055	0.01036	0.01678
4	0.01605	0.01233	0.01819	0.01758	0.01897	0.01494	0.01372	0.01867	0.01606	0.02331	0.02456	0.03693	0.02317	0.06459	0.46305	0.08698	0.10617	0.01050	0.00525	0.00895
5	0.03805	0.02827	0.03026	0.02342	0.03146	0.03138	0.01927	0.50648	0.08445	0.06313	0.02586	0.02561	0.01844	0.01243	0.01028	0.00311	0.01107	0.00941	0.01028	0.01737
6	0.01213	0.01040	0.01040	0.01040	0.01386	0.00866	0.00780	0.01473	0.02339	0.02772	0.10396	0.09876	0.57117	0.02599	0.01213	0.00347	0.00520	0.02166	0.00953	0.00866
7	0.01452	0.01049	0.01372	0.01291	0.01533	0.00968	0.00968	0.01937	0.02905	0.04115	0.56992	0.07666	0.09683	0.02098	0.01210	0.00323	0.00484	0.01856	0.01130	0.00968
8	0.01938	0.01824	0.03078	0.61468	0.07068	0.02280	0.02850	0.02622	0.02052	0.02622	0.01824	0.02736	0.01368	0.01026	0.01026	0.00342	0.01368	0.00912	0.00456	0.01140
9	0.02128	0.01824	0.02128	0.01520	0.02432	0.01368	0.01216	0.02584	0.02128	0.03344	0.01824	0.02128	0.01520	0.00760	0.00760	0.00152	0.00760	0.00608	0.00608	0.70208
10	0.02553	0.02204	0.02320	0.02088	0.02669	0.02553	0.01624	0.05453	0.55679	0.04293	0.04177	0.03829	0.03133	0.01392	0.01044	0.00348	0.00812	0.01160	0.01044	0.01624
11	0.04604	0.01746	0.02382	0.01826	0.02620	0.01508	0.01508	0.05001	0.02937	0.58244	0.04049	0.03493	0.02540	0.01270	0.01032	0.00318	0.00873	0.01032	0.01270	0.01746
12	0.01492	0.00995	0.01119	0.01119	0.01119	0.00995	0.00622	0.01492	0.01492	0.01990	0.03233	0.06716	0.03731	0.63935	0.05223	0.00995	0.00995	0.01492	0.00622	0.00622
13	0.01492	0.00995	0.01119	0.01119	0.01119	0.00995	0.00622	0.01492	0.01492	0.01990	0.03233	0.06716	0.03731	0.63935	0.05223	0.00995	0.00995	0.01492	0.00622	0.00622
14	0.02540	0.02438	0.04165	0.06299	0.57533	0.02438	0.03149	0.03149	0.02337	0.03353	0.01930	0.02540	0.01626	0.00914	0.01016	0.00305	0.01219	0.00914	0.00508	0.01626
15	0.03901	0.02874	0.03080	0.02361	0.03182	0.03182	0.01951	0.54111	0.04825	0.06468	0.02464	0.02464	0.01745	0.01232	0.01027	0.00308	0.01129	0.00924	0.01027	0.01745
16	0.01272	0.00945	0.01187	0.01332	0.01475	0.00860	0.00921	0.01511	0.02175	0.02867	0.14044	0.44617	0.17182	0.02931	0.01276	0.00389	0.00564	0.02614	0.00978	0.00860
17	0.04604	0.01746	0.02382	0.01826	0.02620	0.01508	0.01508	0.05001	0.02937	0.58244	0.04049	0.03493	0.02540	0.01270	0.01032	0.00318	0.00873	0.01032	0.01270	0.01746
18	0.71184	0.01985	0.01508	0.01350	0.01985	0.02302	0.01111	0.03017	0.01746	0.04604	0.01429	0.01667	0.01111	0.00953	0.00635	0.00318	0.00794	0.00556	0.00635	0.01111
19	0.02422	0.02768	0.06055	0.04325	0.05363	0.02595	0.53806	0.03287	0.02422	0.03287	0.02076	0.02768	0.01557	0.00865	0.01211	0.00346	0.01730	0.01211	0.00519	0.01384
20	0.01389	0.01046	0.01283	0.01224	0.01494	0.00941	0.00918	0.01813	0.02754	0.03757	0.44573	0.08255	0.22325	0.02231	0.01211	0.00329	0.00494	0.01938	0.01083	0.00941
21	0.02383	0.23975	0.28990	0.03178	0.12392	0.02953	0.06443	0.03179	0.02185	0.02997	0.01737	0.02098	0.01375	0.00926	0.00895	0.00289	0.01347	0.00746	0.00453	0.01460
22	0.01811	0.01348	0.01571	0.01523	0.01820	0.01338	0.01124	0.12251	0.02751	0.03640	0.12980	0.32665	0.16131	0.02535	0.01219	0.00368	0.00674	0.02216	0.00992	0.01044
23	0.01452	0.01049	0.01372	0.01291	0.01533	0.00968	0.00968	0.01937	0.02905	0.04115	0.56992	0.07666	0.09683	0.02098	0.01210	0.00323	0.00484	0.01856	0.01130	0.00968
24	0.02707	0.02505	0.04779	0.04991	0.29638	0.02407	0.24448	0.03403	0.02436	0.09105	0.02215	0.02737	0.01693	0.00931	0.01100	0.00324	0.01399	0.01053	0.00593	0.01536
25	0.02445	0.07128	0.15466	0.04695	0.32837	0.02559	0.07229	0.03419	0.07909	0.03363	0.02127	0.02558	0.01691	0.00971	0.01003	0.00311	0.01272	0.00908	0.00545	0.01563
26	0.71184	0.01985	0.01508	0.01350	0.01985	0.02302	0.01111	0.03017	0.01746	0.04604	0.01429	0.01667	0.01111	0.00953	0.00635	0.00318	0.00794	0.00556	0.00635	0.01111
27	0.26202	0.02770	0.03010	0.03887	0.27819	0.13763	0.02223	0.03292	0.02249	0.03613	0.01691	0.02106	0.01390	0.00956	0.00868	0.00301	0.01199	0.00742	0.00555	0.01364
28	0.02128	0.01824	0.02128	0.01520	0.02432	0.01368	0.01216	0.02584	0.02128	0.03344	0.01824	0.02128	0.01520	0.00760	0.00760	0.00152	0.00760	0.00608	0.00608	0.70208
29	0.01466	0.01100	0.01649	0.01649	0.01833	0.01283	0.01283	0.01833	0.01649	0.02382	0.02749	0.04032	0.02566	0.07697	0.59868	0.01649	0.02749	0.01100	0.00550	0.00916
30	0.01452	0.01049	0.01372	0.01291	0.01533	0.00968	0.00968	0.01937	0.02905	0.04115	0.56992	0.07666	0.09683	0.02098	0.01210	0.00323	0.00484	0.01856	0.01130	0.00968
31	0.01667	0.01151	0.01620	0.01832	0.02043	0.01151	0.01573	0.02043	0.02254	0.02935	0.05049	0.10685	0.05472	0.02912	0.01690	0.07808	0.00939	0.45389	0.00892	0.00892
32	0.01492	0.00995	0.01119	0.01119	0.01119	0.00995	0.00622	0.01492	0.01492	0.01990	0.03233	0.06716	0.03731	0.63935	0.05223	0.00995	0.00995	0.01492	0.00622	0.00622
33	0.71184	0.01985	0.01508	0.01350	0.01985	0.02302	0.01111	0.03017	0.01746	0.04604	0.01429	0.01667	0.01111	0.00953	0.00635	0.00318	0.00794	0.00556	0.00635	0.01111
34	0.02744	0.64552	0.05378	0.01756	0.02634	0.04061	0.01756	0.03073	0.02085	0.02414	0.01427	0.01646	0.01317	0.00878	0.00658	0.00219	0.01097	0.00549	0.00439	0.01317
35	0.71184	0.01985	0.01508	0.01350	0.01985	0.02302	0.01111	0.03017	0.01746	0.04604	0.01429	0.01667	0.01111	0.00953	0.00635	0.00318	0.00794	0.00556	0.00635	0.01111
36	0.02844	0.03266	0.03937	0.13856	0.04564	0.22525	0.19766	0.03726	0.09318	0.03023	0.02127	0.02577	0.01641	0.01029	0.01056	0.00317	0.01589	0.00958	0.00578	0.01302
37	0.01250	0.00893	0.01191	0.01429	0.01488	0.00834	0.00953	0.01429	0.01965	0.02620	0.05656	0.63265	0.06787	0.03215	0.01310	0.00417	0.00595	0.02917	0.00953	0.00834
38	0.04604	0.01746	0.02382	0.01826	0.02620	0.01508	0.01508	0.05001	0.02937	0.58244	0.04049	0.03493	0.02540	0.01270	0.01032	0.00318	0.00873	0.01032	0.01270	0.01746
39	0.04316	0.02208	0.02667	0.02045	0.02850	0.02194	0.01689	0.25103	0.03710	0.37051	0.03400	0.03072	0.02215	0.01254	0.01030	0.00314	0.00978	0.00988	0.01170	0.01746
40	0.01913	0.00956	0.00956	0.00956	0.01196	0.00956	0.00717	0.02391	0.02152	0.03826	0.03348	0.03826	0.02630	0.01196	0.00717	0.00239	0.00478	0.00956	0.69632	0.00956
41	0.02540	0.02438	0.04165	0.06299	0.57533	0.02438	0.03149	0.03149	0.02337	0.03353	0.01930	0.02540	0.01626	0.00914	0.01016	0.00305	0.01219	0.00914	0.00508	0.01626
42	0.02128	0.01824	0.02128	0.01520	0.02432	0.01368	0.01216	0.02584	0.02128	0.03344	0.01824	0.02128	0.01520	0.00760	0.00760	0.00152	0.00760	0.00608	0.00608	0.70208
43	0.01213	0.01040	0.01040	0.01040	0.01386	0.00866	0.00780	0.01473	0.02339	0.02772	0.10396	0.09876	0.57117	0.02599	0.01213	0.00347	0.00520	0.02166	0.00953	0.00866
44	0.03901	0.02874	0.03080	0.02361	0.03182	0.03182	0.01951	0.54111	0.04825	0.06468	0.02464	0.02464	0.01745	0.01232	0.01027	0.00308	0.01129	0.00924	0.01027	0.01745
45	0.02058	0.05308	0.58618	0.02925	0.04442	0.02383	0.03792	0.03250	0.02167	0.03250	0.01842	0.02167	0.01300	0.00975	0.00975	0.00325	0.01517	0.00758	0.00433	0.01517
46	0.03470	0.02130	0.03118	0.14397	0.03980	0.02139	0.08524	0.14220	0.03024	0.25541	0.02867	0.02942	0.01943	0.01126	0.01034	0.00313	0.01128	0.00979	0.00913	0.06211
47	0.02744	0.64552	0.05378	0.01756	0.02634	0.04061	0.01756	0.03073	0.02085	0.02414	0.01427	0.01646	0.01317	0.00878	0.00658	0.00219	0.01097	0.00549	0.00439	0.01317
48	0.01250	0.00893	0.01191	0.01429	0.01488	0.00834	0.00953	0.01429	0.01965	0.02620	0.05656	0.63265	0.06787	0.03215	0.01310	0.00417	0.00595	0.02917	0.00953	0.00834
49	0.09715	0.01765	0.02314	0.01789	0.02571	0.01569	0.01478	0.04849	0.02846	0.54126	0.03847	0.03353	0.02431	0.01246	0.01002	0.00318	0.00867	0.00995	0.01221	0.01698
50	0.03420	0.02405	0.03305	0.08492	0.21921	0.02508	0.02342	0.22313	0.03356	0.15792	0.02557	0.02725	0.01838	0.01114	0.01024	0.00312	0.01127	0.00942	0.00853	0.01654
51	0.01484	0.01027	0.01283	0.01283	0.01340	0.01084	0.00826	0.01598	0.01541	0.02111	0.03084	0.05886	0.03371	0.46545	0.22121	0.01197	0.01537	0.01371	0.00600	0.00713
52	0.01464	0.01120	0.01389	0.01523	0.01807	0.01045	0.01277	0.01845	0.02352	0.02942	0.07572	0.10843	0.27980	0.02733	0.01329	0.00418	0.00762	0.29738	0.00948	0.00911
53	0.04604	0.01746	0.02382	0.01826	0.02620	0.01508	0.01508	0.05001	0.02937	0.58244	0.04049	0.03493	0.02540	0.01270	0.01032	0.00318	0.00873	0.01032	0.01270	0.01746
54	0.02557	0.48423	0.19873	0.02074	0.03126	0.03604	0.02310	0.03121	0.02107	0.02642	0.01540	0.01788	0.01312	0.00904	0.00745	0.00248	0.01212	0.00606	0.00437	0.01371
55	0.02185	0.01219	0.01247	0.01149	0.01468	0.01262	0.00886	0.09480	0.02518	0.04188	0.03227	0.03639	0.02509	0.01201	0.00760	0.00249	0.00567	0.00952	0.60229	0.01065
56	0.01335	0.01044	0.01208	0.01167	0.01461	0.00918	0.00875	0.01708	0.02626	0.03454	0.34057	0.08754	0.33030	0.02345	0.01212	0.00334	0.00502	0.02008	0.01043	0.00918
57	0.02675	0.02196	0.03068	0.22820	0.08620	0.02476	0.05417	0.11386	0.18845	0.07599	0.02809	0.03066	0.02071	0.01166	0.01043	0.00334	0.01141	0.01016	0.00783	0.01471
58	0.02547	0.32734	0.23143	0.02536	0.03625	0.07121	0.09093	0.03230	0.02212	0.02812	0.01660	0.01978	0.01342	0.00921	0.00853	0.00274	0.01370	0.00711	0.00453	0.01384
59	0.02512	0.03011	0.19544	0.02418	0.03489	0.01944	0.09546	0.03403	0.05916	0.10776	0.02324	0.02530	0.01707	0.00951	0.00944	0.00267	0.01142	0.00833	0.00662	0.26082
60	0.03365	0.23280	0.07777	0.02437	0.06786	0.06911	0.02056	0.21755	0.03240	0.09884	0.02151	0.02248	0.01621	0.01068	0.00895	0.00278	0.01173	0.00782	0.00749	0.01544
61	0.02092	0.01886	0.03100	0.10511	0.33197	0.01922	0.02465	0.02603	0.02234	0.03088	0.03159	0.16183	0.03238	0.01658	0.01132	0.00355	0.01070	0.08136	0.00653	0.01320
62	0.01867	0.02067	0.13254	0.01814	0.02332	0.01476	0.01723	0.02430	0.02506	0.07694	0.26948	0.10135	0.09405	0.01941	0.01348	0.00351	0.05869	0.04798	0.00906	0.01135
63	0.03833	0.04891	0.02908	0.02644	0.03173	0.59815	0.01983	0.04098	0.02908	0.02512	0.01586	0.01851	0.01322	0.01058	0.00925	0.00264	0.01851	0.00661	0.00529	0.01190
64	0.02443	0.02468	0.04594	0.11541	0.37236	0.02467	0.17667	0.03133	0.02331	0.03257	0.01961	0.02626	0.01579	0.00912	0.01073	0.00321	0.01382	0.00999	0.00506	0.01505
65	0.01419	0.01035	0.01334	0.01285	0.01519	0.00950	0.00954	0.01862	0.02788	0.03899	0.49518	0.12427	0.12719	0.02225	0.01219	0.00332	0.00496	0.01965	0.01103	0.00950
66	0.01250	0.00893	0.01191	0.01429	0.01488	0.00834	0.00953	0.01429	0.01965	0.02620	0.05656	0.63265	0.06787	0.03215	0.01310	0.00417	0.00595	0.02917	0.00953	0.00834
67	0.02128	0.01824	0.02128	0.01520	0.02432	0.01368	0.01216	0.02584	0.02128	0.03344	0.01824	0.02128	0.01520	0.00760	0.00760	0.00152	0.00760	0.00608	0.00608	0.70208
68	0.01213	0.01040	0.01040	0.01040	0.01386	0.00866	0.00780	0.01473	0.02339	0.02772	0.10396	0.09876	0.57117	0.02599	0.01213	0.00347	0.00520	0.02166	0.00953	0.00866
69	0.71184	0.01985	0.01508	0.01350	0.01985	0.02302	0.01111	0.03017	0.01746	0.04604	0.01429	0.01667	0.01111	0.00953	0.00635	0.00318	0.00794	0.00556	0.00635	0.01111
70	0.71184	0.01985	0.01508	0.01350	0.01985	0.02302	0.01111	0.03017	0.01746	0.04604	0.01429	0.01667	0.01111	0.00953	0.00635	0.00318	0.00794	0.00556	0.00635	0.01111
71	0.02128	0.01824	0.02128	0.01520	0.02432	0.01368	0.01216	0.02584	0.02128	0.03344	0.01824	0.02128	0.01520	0.00760	0.00760	0.00152	0.00760	0.00608	0.00608	0.70208
72	0.62404	0.02101	0.01713	0.01482	0.02141	0.02417	0.01221	0.09684	0.02148	0.04847	0.01564	0.01771	0.01194	0.00989	0.00686	0.00316	0.00838	0.00604	0.00686	0.01194
73	0.07906	0.02764	0.14765	0.25712	0.23216	0.02357	0.03001	0.02963	0.02147	0.03163	0.01831	0.02464	0.01420	0.00972	0.00980	0.00324	0.01301	0.00852	0.00484	0.01380
74	0.04604	0.01746	0.02382	0.01826	0.02620	0.01508	0.01508	0.05001	0.02937	0.58244	0.04049	0.03493	0.02540	0.01270	0.01032	0.00318	0.00873	0.01032	0.01270	0.01746
75	0.01485	0.01037	0.01444	0.01600	0.01735	0.01055	0.01227	0.01740	0.01955	0.02617	0.04541	0.25739	0.05060	0.08008	0.13565	0.06074	0.01194	0.18270	0.00809	0.00844
76	0.03104	0.02479	0.02631	0.02200	0.02879	0.02810	0.01758	0.25369	0.34864	0.05183	0.03476	0.03270	0.02565	0.01327	0.01037	0.00332	0.00942	0.01064	0.01037	0.01674
77	0.04344	0.01755	0.02355	0.01794	0.02600	0.01494	0.01478	0.04747	0.02852	0.52463	0.03814	0.03349	0.02433	0.01216	0.01003	0.00300	0.00861	0.00987	0.01200	0.08955
78	0.01938	0.01728	0.02808	0.10074	0.28807	0.01751	0.02200	0.02375	0.02151	0.02970	0.03476	0.27928	0.03755	0.01887	0.01140	0.00355	0.00974	0.01751	0.00688	0.01244
79	0.02442	0.21914	0.16975	0.03255	0.04346	0.02992	0.27545	0.03215	0.02267	0.03016	0.01831	0.02303	0.01430	0.00892	0.00995	0.00303	0.01494	0.00916	0.00477	0.01392
80	0.02422	0.02768	0.06055	0.04325	0.05363	0.02595	0.53806	0.03287	0.02422	0.03287	0.02076	0.02768	0.01557	0.00865	0.01211	0.00346	0.01730	0.01211	0.00519	0.01384
81	0.32418	0.01846	0.02017	0.01627	0.02354	0.01840	0.01342	0.04172	0.02440	0.35836	0.02954	0.02730	0.01943	0.01137	0.00866	0.00318	0.00840	0.00833	0.01005	0.01481
82	0.02520	0.23214	0.12058	0.02520	0.03417	0.03031	0.11796	0.03950	0.20435	0.03338	0.02546	0.02676	0.01979	0.01065	0.00939	0.00302	0.01179	0.00912	0.00660	0.01463
83	0.01401	0.01019	0.01371	0.01571	0.01724	0.00989	0.01203	0.01701	0.02107	0.02768	0.05750	0.36668	0.10334	0.03378	0.05834	0.00525	0.00874	0.18983	0.00919	0.00881
