[name]
unknown

[dist]
# distance from previous block
# <min> <max>
0	204

[block]
# block no. 0 follows, 12 sequences, length 8
# corresponding to MSA columns:
# 239-246
name=unknown_A
#
# <colnr> <probs for GDERKNQSTAVLIFYWHMCP>
#	G	D	E	R	K	N	Q	S	T	A	V	L	I	F	Y	W	H	M	C	P
0	0.03760	0.02863	0.03056	0.02431	0.03235	0.03202	0.01979	0.39039	0.17957	0.06251	0.03107	0.03007	0.02250	0.01355	0.01096	0.00339	0.01109	0.01049	0.01096	0.01820
1	0.69383	0.02109	0.01603	0.01434	0.02109	0.02446	0.01181	0.03205	0.01856	0.04892	0.01518	0.01771	0.01181	0.01012	0.00675	0.00337	0.00843	0.00590	0.00675	0.01181
2	0.03342	0.02047	0.02383	0.02035	0.02692	0.02155	0.01611	0.05241	0.30571	0.22153	0.09565	0.04368	0.03834	0.01512	0.01123	0.00356	0.00849	0.01262	0.01202	0.01698
3	0.01460	0.01077	0.01365	0.01365	0.01596	0.00982	0.00996	0.01870	0.02783	0.03823	0.37622	0.19943	0.15952	0.02563	0.01309	0.00368	0.00545	0.02264	0.01133	0.00982
4	0.01558	0.01168	0.01752	0.01752	0.01947	0.01363	0.01363	0.01947	0.01752	0.02531	0.02921	0.04283	0.02726	0.08178	0.57360	0.01752	0.02921	0.01168	0.00584	0.00974
5	0.02473	0.01357	0.01801	0.01785	0.02193	0.01251	0.01478	0.02881	0.02622	0.17219	0.06277	0.15203	0.13392	0.02570	0.01347	0.00429	0.00867	0.22551	0.01099	0.01205
6	0.10349	0.02057	0.02411	0.01969	0.02721	0.02023	0.01618	0.11054	0.09324	0.24149	0.03642	0.04179	0.02761	0.01441	0.01062	0.00335	0.00943	0.06242	0.01080	0.10641
7	0.24661	0.21637	0.10006	0.01957	0.02873	0.03028	0.01901	0.08416	0.02528	0.11021	0.02059	0.02178	0.01548	0.01066	0.00827	0.00304	0.01089	0.00723	0.00715	0.01463

[dist]
# distance from previous block
# <min> <max>
0	1

[block]
# block no. 1 follows, 12 sequences, length 47
# corresponding to MSA columns:
# 248-294
name=unknown_B
#
# <colnr> <probs for GDERKNQSTAVLIFYWHMCP>
#	G	D	E	R	K	N	Q	S	T	A	V	L	I	F	Y	W	H	M	C	P
0	0.12656	0.13129	0.06791	0.07429	0.03218	0.02697	0.01955	0.07856	0.07430	0.11256	0.02798	0.08248	0.02350	0.01433	0.01193	0.00346	0.05897	0.01082	0.00798	0.01437
1	0.02668	0.08712	0.23723	0.07901	0.03839	0.02305	0.02645	0.03691	0.07350	0.12797	0.06665	0.07371	0.02879	0.01388	0.01073	0.00345	0.01211	0.01144	0.00779	0.01514
2	0.02385	0.02385	0.03340	0.02863	0.02863	0.03340	0.02385	0.02624	0.01670	0.02624	0.01431	0.02385	0.01431	0.01908	0.03578	0.00477	0.59685	0.00954	0.00477	0.01193
3	0.01991	0.01635	0.02519	0.26515	0.11669	0.01835	0.02100	0.02488	0.02121	0.02969	0.02862	0.09305	0.02704	0.12525	0.01892	0.00477	0.01136	0.01291	0.10842	0.01123
4	0.02624	0.14237	0.19280	0.07379	0.09327	0.02976	0.13918	0.06939	0.06346	0.03592	0.02175	0.02584	0.01664	0.01041	0.01050	0.00330	0.01457	0.00947	0.00585	0.01550
5	0.01438	0.01027	0.01391	0.01643	0.01754	0.00980	0.01202	0.01707	0.02195	0.02906	0.05949	0.48556	0.06973	0.03313	0.01421	0.00458	0.00727	0.14434	0.01010	0.00916
6	0.01528	0.00968	0.01195	0.01376	0.01493	0.00923	0.00941	0.01808	0.02144	0.03147	0.05314	0.44837	0.05959	0.02808	0.01213	0.00389	0.00597	0.02509	0.19927	0.00923
7	0.03526	0.17602	0.08487	0.02381	0.03151	0.26172	0.02082	0.08396	0.02944	0.07037	0.02103	0.02308	0.01652	0.01117	0.00923	0.00282	0.01481	0.00765	0.06184	0.01406
8	0.03411	0.11578	0.10847	0.02254	0.03167	0.02814	0.02102	0.20919	0.08374	0.13231	0.03575	0.03476	0.06728	0.01369	0.01047	0.00326	0.01118	0.01060	0.00947	0.01657
9	0.03113	0.01475	0.01960	0.01677	0.02218	0.01311	0.01351	0.03563	0.02997	0.28177	0.22615	0.06661	0.09989	0.01936	0.01219	0.00358	0.00759	0.05982	0.01236	0.01405
10	0.01616	0.01255	0.01865	0.01831	0.02012	0.01503	0.01436	0.01995	0.01746	0.02538	0.02815	0.04149	0.02634	0.07733	0.53542	0.01662	0.06950	0.01153	0.00577	0.00989
11	0.03512	0.02664	0.02997	0.06589	0.03407	0.07230	0.05405	0.27547	0.03858	0.08841	0.02758	0.02965	0.02013	0.01244	0.01033	0.00316	0.01177	0.00994	0.13884	0.01566
12	0.02749	0.08203	0.03019	0.02335	0.02904	0.07670	0.06122	0.14968	0.07841	0.04064	0.03791	0.17465	0.03759	0.01966	0.01191	0.00373	0.01137	0.08176	0.00902	0.01361
13	0.01586	0.01057	0.01189	0.01189	0.01189	0.01057	0.00661	0.01586	0.01586	0.02114	0.03436	0.07135	0.03964	0.61681	0.05550	0.01057	0.01057	0.01586	0.00661	0.00661
14	0.04267	0.02354	0.02788	0.02159	0.02967	0.02386	0.01775	0.26496	0.04055	0.28628	0.07644	0.03567	0.02931	0.01403	0.01109	0.00333	0.01021	0.01115	0.01216	0.01787
15	0.01927	0.01752	0.02402	0.02249	0.02318	0.02227	0.01799	0.02179	0.01934	0.02756	0.03921	0.21599	0.07479	0.02530	0.02557	0.00461	0.32033	0.06088	0.00727	0.01062
16	0.03508	0.02350	0.02626	0.02202	0.02920	0.02558	0.01758	0.13830	0.32024	0.17605	0.04078	0.03720	0.02908	0.01417	0.01103	0.00354	0.00939	0.01154	0.01165	0.01781
17	0.04073	0.05197	0.03090	0.02809	0.03371	0.57303	0.02107	0.04354	0.03090	0.02669	0.01685	0.01966	0.01404	0.01124	0.00983	0.00281	0.01966	0.00702	0.00562	0.01264
18	0.02261	0.01938	0.02261	0.01615	0.02584	0.01453	0.01292	0.02745	0.02261	0.03553	0.01938	0.02261	0.01615	0.00807	0.00807	0.00161	0.00807	0.00646	0.00646	0.68346
19	0.01461	0.01043	0.01417	0.01669	0.01791	0.01000	0.01242	0.01747	0.02218	0.02931	0.05937	0.45946	0.06922	0.03291	0.01427	0.00461	0.00747	0.16817	0.01010	0.00922
20	0.02385	0.02385	0.03340	0.02863	0.02863	0.03340	0.02385	0.02624	0.01670	0.02624	0.01431	0.02385	0.01431	0.01908	0.03578	0.00477	0.59685	0.00954	0.00477	0.01193
21	0.17048	0.02214	0.02545	0.01990	0.02809	0.02225	0.01643	0.16801	0.03398	0.33293	0.03333	0.03057	0.02190	0.01274	0.01014	0.00335	0.00982	0.00970	0.01153	0.01726
22	0.02959	0.51860	0.09988	0.02066	0.03025	0.09146	0.02083	0.03384	0.02306	0.02655	0.01571	0.01819	0.01398	0.00960	0.00757	0.00248	0.01281	0.00614	0.00475	0.01406
23	0.03296	0.01495	0.01985	0.01668	0.02230	0.01314	0.01318	0.03711	0.02960	0.31579	0.19305	0.10942	0.09654	0.01914	0.01195	0.00351	0.00750	0.01637	0.01247	0.01449
24	0.01612	0.01048	0.01209	0.01209	0.01209	0.01048	0.00685	0.01572	0.01572	0.02096	0.03305	0.06813	0.03789	0.56798	0.05441	0.06727	0.01048	0.01532	0.00645	0.00645
25	0.02261	0.01938	0.02261	0.01615	0.02584	0.01453	0.01292	0.02745	0.02261	0.03553	0.01938	0.02261	0.01615	0.00807	0.00807	0.00161	0.00807	0.00646	0.00646	0.68346
26	0.04286	0.02827	0.03132	0.02401	0.03268	0.03045	0.01983	0.42550	0.04747	0.16102	0.02937	0.02825	0.02014	0.01317	0.01092	0.00329	0.01148	0.01003	0.01140	0.01855
27	0.01543	0.01115	0.01457	0.01372	0.01629	0.01029	0.01029	0.02058	0.03086	0.04372	0.54304	0.08145	0.10288	0.02229	0.01286	0.00343	0.00514	0.01972	0.01200	0.01029
28	0.08881	0.01819	0.02595	0.32556	0.05023	0.02111	0.02210	0.03227	0.06524	0.08498	0.07456	0.03572	0.02662	0.01264	0.01041	0.00347	0.01120	0.01066	0.06749	0.01278
29	0.02306	0.02333	0.04387	0.35145	0.13805	0.02547	0.17455	0.03079	0.02342	0.03110	0.02035	0.02887	0.01553	0.01022	0.01148	0.00359	0.01546	0.01065	0.00513	0.01364
30	0.01757	0.01255	0.01757	0.02008	0.02259	0.01255	0.01757	0.02259	0.02510	0.03263	0.05773	0.12299	0.06275	0.03012	0.01506	0.00502	0.01004	0.47540	0.01004	0.01004
31	0.02187	0.05640	0.56031	0.03108	0.04719	0.02532	0.04029	0.03453	0.02302	0.03453	0.01957	0.02302	0.01381	0.01036	0.01036	0.00345	0.01611	0.00806	0.00460	0.01611
32	0.13080	0.02203	0.02270	0.01927	0.02539	0.07165	0.01521	0.12197	0.03118	0.20872	0.08345	0.13068	0.03676	0.01701	0.01091	0.00348	0.00975	0.01383	0.01060	0.01462
33	0.02187	0.05640	0.56031	0.03108	0.04719	0.02532	0.04029	0.03453	0.02302	0.03453	0.01957	0.02302	0.01381	0.01036	0.01036	0.00345	0.01611	0.00806	0.00460	0.01611
34	0.01496	0.01113	0.01391	0.01322	0.01600	0.01009	0.00991	0.01965	0.02974	0.04105	0.46211	0.08584	0.18548	0.02329	0.01287	0.00348	0.00521	0.02033	0.01165	0.01009
35	0.01543	0.01115	0.01457	0.01372	0.01629	0.01029	0.01029	0.02058	0.03086	0.04372	0.54304	0.08145	0.10288	0.02229	0.01286	0.00343	0.00514	0.01972	0.01200	0.01029
36	0.04103	0.02555	0.02931	0.07646	0.03453	0.07623	0.01987	0.17070	0.03427	0.27357	0.03098	0.03047	0.02108	0.01347	0.01325	0.00345	0.06862	0.01002	0.01039	0.01674
37	0.01722	0.01244	0.01708	0.01940	0.02200	0.01230	0.01688	0.02207	0.02508	0.03239	0.06168	0.12164	0.09880	0.02993	0.01490	0.00492	0.00970	0.44154	0.01005	0.00998
38	0.02712	0.02342	0.02465	0.02219	0.02835	0.02712	0.01726	0.05794	0.52909	0.04561	0.04438	0.04068	0.03328	0.01479	0.01109	0.00370	0.00863	0.01233	0.01109	0.01726
39	0.04684	0.02189	0.02737	0.02098	0.02950	0.02097	0.01733	0.18081	0.03678	0.42079	0.03834	0.03407	0.02464	0.01338	0.01095	0.00335	0.01003	0.01065	0.01278	0.01855
40	0.08100	0.06848	0.03103	0.08095	0.08024	0.02677	0.02065	0.19089	0.08134	0.12678	0.03078	0.03768	0.02419	0.01395	0.01074	0.00347	0.01112	0.05452	0.00939	0.01604
41	0.01460	0.01073	0.01397	0.01607	0.01782	0.01010	0.01222	0.01765	0.02290	0.02965	0.06769	0.36914	0.14750	0.03177	0.01411	0.00449	0.00739	0.17281	0.01010	0.00930
42	0.01367	0.00979	0.01300	0.01492	0.01590	0.00912	0.01015	0.01616	0.02268	0.03071	0.14739	0.51421	0.07768	0.03201	0.01373	0.00425	0.00611	0.02896	0.01046	0.00912
43	0.56750	0.02292	0.01926	0.01642	0.02355	0.02627	0.01353	0.12507	0.02489	0.05275	0.01731	0.01935	0.01311	0.01070	0.00755	0.00335	0.00912	0.00666	0.00755	0.01311
44	0.50339	0.02394	0.01853	0.01631	0.02274	0.07689	0.01317	0.07924	0.02334	0.04792	0.01835	0.02090	0.01421	0.01076	0.00753	0.00323	0.00954	0.00680	0.07081	0.01239
45	0.44747	0.13771	0.02509	0.01585	0.02294	0.02779	0.01364	0.07730	0.02272	0.04561	0.01791	0.02037	0.01420	0.01046	0.00726	0.00309	0.00912	0.00661	0.06211	0.01274
46	0.02951	0.02347	0.02631	0.01942	0.02876	0.02159	0.01578	0.20499	0.03310	0.04768	0.02187	0.02392	0.01703	0.00991	0.00911	0.00222	0.00951	0.00769	0.00809	0.44006

[dist]
# distance from previous block
# <min> <max>
0	3

[block]
# block no. 2 follows, 12 sequences, length 38
# corresponding to MSA columns:
# 298-335
name=unknown_C
#
# <colnr> <probs for GDERKNQSTAVLIFYWHMCP>
#	G	D	E	R	K	N	Q	S	T	A	V	L	I	F	Y	W	H	M	C	P
0	0.03530	0.16241	0.03768	0.08814	0.09703	0.29304	0.02255	0.03927	0.02744	0.07296	0.01943	0.02254	0.01557	0.01082	0.00956	0.00289	0.01578	0.00770	0.00599	0.01392
1	0.02413	0.02048	0.02505	0.02256	0.08721	0.01738	0.01570	0.07876	0.02616	0.03846	0.02966	0.03202	0.07118	0.01083	0.00920	0.00220	0.00881	0.00891	0.00719	0.46411
2	0.17300	0.12827	0.14415	0.02723	0.07338	0.18319	0.02373	0.06794	0.02619	0.03641	0.01772	0.02064	0.01406	0.01053	0.00901	0.00306	0.01430	0.00722	0.00584	0.01415
3	0.01490	0.01112	0.01383	0.01316	0.01596	0.01006	0.00987	0.01954	0.02960	0.04072	0.45207	0.08639	0.19572	0.02341	0.01287	0.00348	0.00522	0.02041	0.01161	0.01006
4	0.02033	0.01016	0.01016	0.01016	0.01270	0.01016	0.00762	0.02541	0.02287	0.04065	0.03557	0.04065	0.02795	0.01270	0.00762	0.00254	0.00508	0.01016	0.67734	0.01016
5	0.69383	0.02109	0.01603	0.01434	0.02109	0.02446	0.01181	0.03205	0.01856	0.04892	0.01518	0.01771	0.01181	0.01012	0.00675	0.00337	0.00843	0.00590	0.00675	0.01181
6	0.03994	0.01941	0.02434	0.01987	0.02688	0.01868	0.01592	0.11581	0.08406	0.34784	0.04335	0.12611	0.03350	0.01683	0.01144	0.00356	0.00915	0.01409	0.01233	0.01689
7	0.01657	0.01208	0.01617	0.01768	0.02034	0.01168	0.01494	0.02135	0.02628	0.03459	0.16600	0.11213	0.12799	0.02818	0.01434	0.00453	0.00848	0.32623	0.01046	0.00999
8	0.02712	0.02342	0.02465	0.02219	0.02835	0.02712	0.01726	0.05794	0.52909	0.04561	0.04438	0.04068	0.03328	0.01479	0.01109	0.00370	0.00863	0.01233	0.01109	0.01726
9	0.04145	0.03054	0.03272	0.02509	0.03381	0.03381	0.02072	0.51243	0.05127	0.06872	0.02618	0.02618	0.01854	0.01309	0.01091	0.00327	0.01200	0.00982	0.01091	0.01854
10	0.69383	0.02109	0.01603	0.01434	0.02109	0.02446	0.01181	0.03205	0.01856	0.04892	0.01518	0.01771	0.01181	0.01012	0.00675	0.00337	0.00843	0.00590	0.00675	0.01181
11	0.69383	0.02109	0.01603	0.01434	0.02109	0.02446	0.01181	0.03205	0.01856	0.04892	0.01518	0.01771	0.01181	0.01012	0.00675	0.00337	0.00843	0.00590	0.00675	0.01181
12	0.02712	0.02342	0.02465	0.02219	0.02835	0.02712	0.01726	0.05794	0.52909	0.04561	0.04438	0.04068	0.03328	0.01479	0.01109	0.00370	0.00863	0.01233	0.01109	0.01726
13	0.02187	0.05640	0.56031	0.03108	0.04719	0.02532	0.04029	0.03453	0.02302	0.03453	0.01957	0.02302	0.01381	0.01036	0.01036	0.00345	0.01611	0.00806	0.00460	0.01611
14	0.04145	0.03054	0.03272	0.02509	0.03381	0.03381	0.02072	0.51243	0.05127	0.06872	0.02618	0.02618	0.01854	0.01309	0.01091	0.00327	0.01200	0.00982	0.01091	0.01854
15	0.01289	0.01105	0.01105	0.01105	0.01473	0.00920	0.00828	0.01565	0.02485	0.02946	0.11046	0.10493	0.54437	0.02761	0.01289	0.00368	0.00552	0.02301	0.01013	0.00920
16	0.01328	0.00949	0.01265	0.01518	0.01581	0.00886	0.01012	0.01518	0.02088	0.02783	0.06010	0.60969	0.07212	0.03416	0.01392	0.00443	0.00633	0.03100	0.01012	0.00886
17	0.02849	0.02358	0.02528	0.02245	0.02869	0.02690	0.01781	0.12427	0.41305	0.04803	0.04274	0.04551	0.03356	0.01584	0.01141	0.00375	0.00926	0.05156	0.01098	0.01684
18	0.04892	0.01856	0.02530	0.01940	0.02783	0.01603	0.01603	0.05314	0.03121	0.55634	0.04302	0.03711	0.02699	0.01350	0.01096	0.00337	0.00928	0.01096	0.01350	0.01856
19	0.01398	0.01109	0.01256	0.01219	0.01540	0.00967	0.00914	0.01776	0.02743	0.03557	0.29587	0.09487	0.35514	0.02533	0.01288	0.00357	0.00536	0.02160	0.01093	0.00967
20	0.02388	0.02274	0.03864	0.32135	0.31865	0.02509	0.03192	0.03074	0.02336	0.03185	0.01996	0.02800	0.01594	0.01029	0.01085	0.00343	0.01372	0.00970	0.00513	0.01476
21	0.04497	0.01768	0.02404	0.01873	0.02647	0.01535	0.01535	0.04930	0.03117	0.49589	0.10198	0.04234	0.03594	0.01453	0.01119	0.00338	0.00879	0.01200	0.01332	0.01758
22	0.03846	0.02906	0.03104	0.02448	0.03268	0.03242	0.02000	0.41773	0.15083	0.06390	0.02997	0.02920	0.02161	0.01344	0.01095	0.00336	0.01130	0.01034	0.01095	0.01828
23	0.02059	0.01938	0.03270	0.59060	0.07510	0.02422	0.03028	0.02786	0.02180	0.02786	0.01938	0.02907	0.01453	0.01090	0.01090	0.00363	0.01453	0.00969	0.00484	0.01211
24	0.02915	0.62337	0.05714	0.01866	0.02799	0.04314	0.01866	0.03265	0.02215	0.02565	0.01516	0.01749	0.01399	0.00933	0.00700	0.00233	0.01166	0.00583	0.00466	0.01399
25	0.01566	0.01137	0.01592	0.01592	0.01731	0.01276	0.01163	0.01844	0.01705	0.02413	0.03067	0.05095	0.03078	0.23400	0.42619	0.01555	0.02390	0.01287	0.00606	0.00885
26	0.01909	0.01392	0.01804	0.01913	0.02232	0.01396	0.01635	0.06602	0.02787	0.03639	0.09636	0.10928	0.11155	0.02774	0.01430	0.00461	0.00939	0.35267	0.01027	0.01074
27	0.02890	0.01783	0.02836	0.19606	0.04217	0.01839	0.07692	0.03489	0.02542	0.18120	0.03293	0.04152	0.02507	0.01339	0.01080	0.00345	0.01115	0.04869	0.14921	0.01366
28	0.03627	0.07690	0.07236	0.02661	0.08999	0.02191	0.02078	0.04113	0.02603	0.29447	0.03156	0.03228	0.02235	0.02030	0.07322	0.00493	0.07337	0.01005	0.00932	0.01617
29	0.02581	0.02251	0.02978	0.16915	0.04206	0.02561	0.05889	0.09361	0.26363	0.04253	0.07938	0.03896	0.03189	0.01385	0.01132	0.00361	0.01095	0.01209	0.00912	0.01525
30	0.02360	0.02245	0.03814	0.34421	0.29797	0.02502	0.03178	0.03050	0.02323	0.03151	0.01991	0.02809	0.01582	0.01034	0.01085	0.00345	0.01379	0.00970	0.00510	0.01454
31	0.49859	0.02214	0.02238	0.02303	0.08463	0.02619	0.01646	0.03121	0.01897	0.04341	0.01566	0.01988	0.01289	0.01163	0.01228	0.00360	0.11137	0.00699	0.00624	0.01247
32	0.01310	0.01105	0.01135	0.01127	0.01486	0.00930	0.00846	0.01607	0.02537	0.03068	0.14747	0.10292	0.50660	0.02716	0.01288	0.00366	0.00549	0.02273	0.01029	0.00930
33	0.02840	0.02405	0.03062	0.19459	0.09044	0.02766	0.02334	0.14901	0.22642	0.04466	0.03075	0.03276	0.02299	0.01280	0.01097	0.00354	0.01152	0.01075	0.00869	0.01603
34	0.02751	0.07413	0.07900	0.20919	0.04793	0.08130	0.09192	0.06313	0.02545	0.07871	0.02352	0.03227	0.01901	0.08236	0.01598	0.00421	0.01441	0.01028	0.00636	0.01335
35	0.02261	0.01938	0.02261	0.01615	0.02584	0.01453	0.01292	0.02745	0.02261	0.03553	0.01938	0.02261	0.01615	0.00807	0.00807	0.00161	0.00807	0.00646	0.00646	0.68346
36	0.02247	0.10286	0.51908	0.03006	0.04562	0.02678	0.03851	0.03438	0.02295	0.03380	0.01921	0.02257	0.01383	0.01027	0.01008	0.00336	0.01575	0.00787	0.00461	0.01594
37	0.01707	0.01239	0.01687	0.01912	0.02175	0.01219	0.01658	0.02185	0.02507	0.03229	0.06336	0.12106	0.11421	0.02985	0.01483	0.00488	0.00956	0.42707	0.01005	0.00995

[dist]
# distance from previous block
# <min> <max>
2	17

[block]
# block no. 3 follows, 12 sequences, length 78
# corresponding to MSA columns:
# 353-430
name=unknown_D
#
# <colnr> <probs for GDERKNQSTAVLIFYWHMCP>
#	G	D	E	R	K	N	Q	S	T	A	V	L	I	F	Y	W	H	M	C	P
0	0.02453	0.10050	0.47799	0.02916	0.04413	0.02609	0.03665	0.03579	0.02357	0.07342	0.02098	0.02363	0.01483	0.01051	0.01013	0.00335	0.01523	0.00809	0.00528	0.01612
1	0.01558	0.01168	0.01752	0.01752	0.01947	0.01363	0.01363	0.01947	0.01752	0.02531	0.02921	0.04283	0.02726	0.08178	0.57360	0.01752	0.02921	0.01168	0.00584	0.00974
2	0.01586	0.01057	0.01189	0.01189	0.01189	0.01057	0.00661	0.01586	0.01586	0.02114	0.03436	0.07135	0.03964	0.61681	0.05550	0.01057	0.01057	0.01586	0.00661	0.00661
3	0.13831	0.02905	0.03657	0.08816	0.34257	0.11762	0.02760	0.03454	0.02461	0.03576	0.01894	0.02438	0.01564	0.01012	0.00998	0.00322	0.01345	0.00863	0.00562	0.01524
4	0.01310	0.01105	0.01134	0.01127	0.01486	0.00930	0.00845	0.01606	0.02536	0.03066	0.14703	0.10295	0.50704	0.02716	0.01288	0.00366	0.00549	0.02273	0.01028	0.00930
5	0.02622	0.03011	0.08671	0.17515	0.26139	0.07884	0.11770	0.03352	0.02474	0.03278	0.02010	0.02686	0.01592	0.01009	0.01106	0.00338	0.01520	0.00988	0.00525	0.01509
6	0.01621	0.01068	0.01330	0.01443	0.01655	0.00956	0.01013	0.01854	0.02282	0.07329	0.07217	0.42536	0.19511	0.03064	0.01339	0.00414	0.00636	0.02715	0.01041	0.00978
7	0.01655	0.01383	0.01821	0.06604	0.02298	0.01484	0.01365	0.02085	0.02634	0.03599	0.30497	0.07382	0.19318	0.02214	0.01627	0.00372	0.09833	0.01809	0.00977	0.01043
8	0.01989	0.01795	0.02931	0.40723	0.10097	0.02101	0.02573	0.02658	0.02424	0.03234	0.14573	0.04152	0.03607	0.01355	0.01136	0.00355	0.01214	0.01211	0.00662	0.01211
9	0.01509	0.01088	0.01427	0.01395	0.01621	0.01006	0.01026	0.01973	0.02929	0.04123	0.46711	0.16450	0.09804	0.02416	0.01303	0.00359	0.00533	0.02149	0.01171	0.01006
10	0.14316	0.02024	0.02327	0.02015	0.06953	0.01728	0.01447	0.02879	0.02207	0.03794	0.01872	0.02211	0.01547	0.00858	0.00807	0.00207	0.00855	0.00664	0.00642	0.50646
11	0.01675	0.01246	0.01582	0.01510	0.01801	0.01212	0.01160	0.02438	0.07868	0.04293	0.45204	0.08114	0.09261	0.02225	0.01288	0.00360	0.00591	0.05903	0.01174	0.01094
12	0.33713	0.29052	0.03589	0.06693	0.02892	0.03280	0.01650	0.03195	0.02045	0.03665	0.01554	0.01861	0.01303	0.00983	0.00722	0.00293	0.01041	0.00620	0.00565	0.01281
13	0.02782	0.03587	0.17687	0.11959	0.17738	0.07365	0.03097	0.10725	0.02780	0.03775	0.02012	0.02521	0.01562	0.01153	0.01283	0.00346	0.06578	0.00904	0.00592	0.01555
14	0.02991	0.41315	0.09875	0.02243	0.03087	0.13094	0.02165	0.03407	0.02320	0.02674	0.01579	0.01901	0.01402	0.01070	0.01060	0.00276	0.07021	0.00661	0.00483	0.01377
15	0.20631	0.01380	0.01447	0.01399	0.01638	0.01524	0.00983	0.02131	0.01703	0.02999	0.02767	0.04912	0.02871	0.31202	0.17184	0.01029	0.01465	0.01201	0.00645	0.00885
16	0.02109	0.02035	0.03577	0.53778	0.07334	0.02455	0.07673	0.02854	0.02218	0.02854	0.01964	0.02910	0.01473	0.01074	0.01109	0.00364	0.01491	0.01000	0.00491	0.01236
17	0.01538	0.01100	0.01502	0.01725	0.01889	0.01063	0.01347	0.01895	0.02361	0.03132	0.09987	0.34718	0.07052	0.03135	0.01434	0.00461	0.00789	0.22896	0.01024	0.00951
18	0.08909	0.13096	0.03514	0.07833	0.03541	0.13333	0.02085	0.22711	0.03481	0.04535	0.02026	0.02296	0.01573	0.01208	0.01141	0.00317	0.05309	0.00829	0.00755	0.01508
19	0.08591	0.01543	0.01914	0.01599	0.02185	0.01396	0.01277	0.03601	0.02900	0.28321	0.19073	0.05939	0.13509	0.01807	0.01147	0.00344	0.00742	0.01503	0.01196	0.01412
20	0.03581	0.13113	0.03264	0.11548	0.03598	0.07024	0.01942	0.10428	0.02984	0.21551	0.03109	0.07959	0.02431	0.01389	0.01040	0.00326	0.01156	0.01110	0.00916	0.01532
21	0.04192	0.02436	0.08054	0.02342	0.03263	0.02009	0.06079	0.08146	0.07509	0.38367	0.03795	0.03467	0.02481	0.01291	0.01108	0.00343	0.01084	0.01089	0.01157	0.01788
22	0.01641	0.01217	0.01542	0.01443	0.01730	0.01170	0.01087	0.02370	0.07258	0.04388	0.50128	0.07803	0.09705	0.02166	0.01271	0.00345	0.00544	0.01910	0.01193	0.01087
23	0.02967	0.02157	0.03517	0.26300	0.23733	0.02289	0.02806	0.03592	0.02515	0.15637	0.02541	0.03022	0.01850	0.01108	0.01088	0.00343	0.01271	0.01000	0.00710	0.01553
24	0.02335	0.02143	0.03483	0.45128	0.15914	0.02526	0.03014	0.06569	0.02460	0.03239	0.02010	0.02847	0.01534	0.01085	0.01088	0.00353	0.01405	0.00970	0.00541	0.01355
25	0.03982	0.01917	0.02764	0.06344	0.08049	0.01880	0.01913	0.04427	0.02752	0.37847	0.03558	0.03496	0.02415	0.01943	0.06252	0.00474	0.06179	0.01070	0.01071	0.01665
26	0.01442	0.01094	0.01344	0.01430	0.01674	0.00996	0.01084	0.01793	0.02536	0.03307	0.19417	0.22995	0.23418	0.02840	0.01352	0.00404	0.00641	0.10225	0.01057	0.00952
27	0.13009	0.03322	0.02831	0.12107	0.03808	0.21029	0.02059	0.12521	0.11573	0.04083	0.02338	0.02572	0.01787	0.01195	0.00997	0.00327	0.01391	0.00872	0.00752	0.01426
28	0.07959	0.02165	0.03193	0.31691	0.14517	0.02395	0.02598	0.07043	0.02470	0.03560	0.01981	0.02657	0.01538	0.01040	0.01013	0.00322	0.01259	0.00892	0.00585	0.11121
29	0.03746	0.04682	0.03401	0.08422	0.03977	0.47189	0.06484	0.04126	0.02956	0.02752	0.01756	0.02143	0.01431	0.01102	0.01020	0.00297	0.01905	0.00779	0.00553	0.01277
30	0.02712	0.02342	0.02465	0.02219	0.02835	0.02712	0.01726	0.05794	0.52909	0.04561	0.04438	0.04068	0.03328	0.01479	0.01109	0.00370	0.00863	0.01233	0.01109	0.01726
31	0.02031	0.01239	0.01516	0.01374	0.01773	0.01089	0.01056	0.02444	0.02876	0.12732	0.30086	0.08222	0.24858	0.02268	0.01254	0.00351	0.00600	0.01939	0.01159	0.01133
32	0.01322	0.00976	0.01237	0.01447	0.01563	0.00892	0.00980	0.01526	0.02156	0.02811	0.06881	0.52232	0.15386	0.03303	0.01374	0.00430	0.00619	0.02961	0.01012	0.00892
33	0.01433	0.01096	0.01314	0.01288	0.01569	0.00977	0.00955	0.01833	0.02782	0.03719	0.34496	0.13633	0.25901	0.02525	0.01296	0.00361	0.00538	0.02189	0.01116	0.00977
34	0.02037	0.01246	0.01746	0.01625	0.01939	0.01262	0.01262	0.02482	0.02494	0.11004	0.24031	0.05772	0.05799	0.04764	0.26358	0.00973	0.01652	0.01485	0.00946	0.01124
35	0.04682	0.01902	0.02524	0.01967	0.02788	0.01709	0.01614	0.05360	0.07910	0.50722	0.04315	0.03746	0.02760	0.01362	0.01098	0.00341	0.00922	0.01110	0.01326	0.01843
36	0.04145	0.03054	0.03272	0.02509	0.03381	0.03381	0.02072	0.51243	0.05127	0.06872	0.02618	0.02618	0.01854	0.01309	0.01091	0.00327	0.01200	0.00982	0.01091	0.01854
37	0.04648	0.01997	0.02588	0.02011	0.02838	0.01845	0.01653	0.09237	0.07416	0.47280	0.04171	0.03648	0.02680	0.01357	0.01097	0.00339	0.00945	0.01098	0.01308	0.01845
38	0.02261	0.01938	0.02261	0.01615	0.02584	0.01453	0.01292	0.02745	0.02261	0.03553	0.01938	0.02261	0.01615	0.00807	0.00807	0.00161	0.00807	0.00646	0.00646	0.68346
39	0.45090	0.02150	0.01873	0.01647	0.02294	0.02464	0.01332	0.08248	0.11643	0.04951	0.02336	0.02471	0.01779	0.01149	0.00803	0.00335	0.00853	0.00783	0.06465	0.01332
40	0.01573	0.01107	0.01441	0.01441	0.01528	0.01194	0.00975	0.01747	0.01660	0.02301	0.03205	0.05859	0.03410	0.37732	0.28741	0.01368	0.01891	0.01399	0.00626	0.00801
41	0.02261	0.01938	0.02261	0.01615	0.02584	0.01453	0.01292	0.02745	0.02261	0.03553	0.01938	0.02261	0.01615	0.00807	0.00807	0.00161	0.00807	0.00646	0.00646	0.68346
42	0.02385	0.02385	0.03340	0.02863	0.02863	0.03340	0.02385	0.02624	0.01670	0.02624	0.01431	0.02385	0.01431	0.01908	0.03578	0.00477	0.59685	0.00954	0.00477	0.01193
43	0.69383	0.02109	0.01603	0.01434	0.02109	0.02446	0.01181	0.03205	0.01856	0.04892	0.01518	0.01771	0.01181	0.01012	0.00675	0.00337	0.00843	0.00590	0.00675	0.01181
44	0.02260	0.01394	0.01748	0.01675	0.02024	0.01365	0.01245	0.03073	0.11255	0.12968	0.18127	0.27071	0.06546	0.02402	0.01263	0.00385	0.00694	0.02124	0.01139	0.01241
45	0.01468	0.01122	0.01353	0.01326	0.01623	0.01008	0.01015	0.01894	0.02820	0.03761	0.34545	0.09341	0.26101	0.02487	0.01305	0.00365	0.00568	0.05796	0.01116	0.00987
46	0.02915	0.62337	0.05714	0.01866	0.02799	0.04314	0.01866	0.03265	0.02215	0.02565	0.01516	0.01749	0.01399	0.00933	0.00700	0.00233	0.01166	0.00583	0.00466	0.01399
47	0.02556	0.26713	0.03916	0.02000	0.02735	0.03050	0.01774	0.02930	0.02108	0.02939	0.01651	0.02080	0.01485	0.01108	0.01392	0.00262	0.14303	0.00690	0.00534	0.25772
48	0.01451	0.01111	0.01330	0.01275	0.01573	0.00990	0.00956	0.01880	0.02869	0.03857	0.38679	0.08993	0.26235	0.02421	0.01287	0.00352	0.00528	0.02091	0.01132	0.00990
49	0.03052	0.08578	0.17551	0.03491	0.11949	0.02668	0.10857	0.07966	0.06856	0.12424	0.02621	0.02826	0.01899	0.01108	0.01076	0.00335	0.01352	0.00991	0.00742	0.01657
50	0.24711	0.12479	0.16488	0.02458	0.07420	0.02623	0.02269	0.03667	0.02305	0.13134	0.02172	0.02328	0.01584	0.01063	0.00880	0.00322	0.01142	0.00766	0.00697	0.01491
51	0.01306	0.01035	0.01176	0.01290	0.01521	0.00905	0.00911	0.01544	0.02307	0.02873	0.08791	0.33087	0.33298	0.03054	0.01335	0.00402	0.00588	0.02659	0.01012	0.00905
52	0.10082	0.02214	0.02661	0.02057	0.02895	0.02173	0.01699	0.18045	0.03579	0.37682	0.03595	0.03241	0.02335	0.01310	0.01060	0.00335	0.00997	0.01022	0.01220	0.01799
53	0.03501	0.08717	0.09075	0.03637	0.15626	0.07256	0.09868	0.04114	0.02719	0.20675	0.02730	0.02878	0.01946	0.01105	0.01067	0.00325	0.01333	0.00984	0.00798	0.01647
54	0.01653	0.01117	0.01354	0.01368	0.01651	0.00990	0.00997	0.01968	0.02547	0.07505	0.18841	0.25765	0.24739	0.02736	0.01306	0.00384	0.00600	0.02386	0.01083	0.01010
55	0.04290	0.01863	0.02430	0.01932	0.02693	0.01715	0.01572	0.05106	0.10360	0.43839	0.08581	0.04141	0.03437	0.01443	0.01115	0.00343	0.00883	0.01191	0.01302	0.01766
56	0.02687	0.01805	0.02822	0.16156	0.16649	0.01838	0.02204	0.03170	0.02453	0.15517	0.03671	0.19362	0.03436	0.01775	0.01174	0.00370	0.01058	0.01599	0.00852	0.01402
57	0.09244	0.02138	0.03450	0.29737	0.13959	0.02337	0.06857	0.03432	0.02401	0.12562	0.02359	0.02907	0.01712	0.01094	0.01066	0.00350	0.01308	0.00983	0.00672	0.01432
58	0.02941	0.02254	0.03244	0.24846	0.04905	0.06831	0.07036	0.03500	0.02435	0.15548	0.02563	0.03112	0.01890	0.01892	0.06733	0.00494	0.06664	0.01026	0.00715	0.01372
59	0.50935	0.07925	0.02394	0.07500	0.07071	0.02635	0.01605	0.03182	0.01974	0.04354	0.01603	0.01956	0.01274	0.01009	0.00751	0.00329	0.00971	0.00658	0.00625	0.01250
60	0.01645	0.01076	0.01191	0.01162	0.01451	0.00992	0.00871	0.02085	0.02614	0.03831	0.22801	0.07368	0.20867	0.02041	0.01096	0.00318	0.00524	0.01723	0.25354	0.00992
61	0.02084	0.01225	0.01298	0.01152	0.01568	0.01115	0.00882	0.02587	0.02281	0.03949	0.03190	0.03656	0.02527	0.01165	0.00772	0.00233	0.00576	0.00932	0.52523	0.16282
62	0.01555	0.00971	0.01185	0.01357	0.01481	0.00928	0.00932	0.01847	0.02152	0.03196	0.05220	0.42660	0.05790	0.02726	0.01189	0.00382	0.00593	0.02429	0.22480	0.00928
63	0.02385	0.02385	0.03340	0.02863	0.02863	0.03340	0.02385	0.02624	0.01670	0.02624	0.01431	0.02385	0.01431	0.01908	0.03578	0.00477	0.59685	0.00954	0.00477	0.01193
64	0.01543	0.01115	0.01457	0.01372	0.01629	0.01029	0.01029	0.02058	0.03086	0.04372	0.54304	0.08145	0.10288	0.02229	0.01286	0.00343	0.00514	0.01972	0.01200	0.01029
65	0.02915	0.62337	0.05714	0.01866	0.02799	0.04314	0.01866	0.03265	0.02215	0.02565	0.01516	0.01749	0.01399	0.00933	0.00700	0.00233	0.01166	0.00583	0.00466	0.01399
66	0.04244	0.01665	0.02187	0.01731	0.02440	0.01470	0.01412	0.04685	0.02932	0.43942	0.04133	0.03791	0.02721	0.01332	0.01021	0.00318	0.00833	0.01078	0.16401	0.01665
67	0.02033	0.01016	0.01016	0.01016	0.01270	0.01016	0.00762	0.02541	0.02287	0.04065	0.03557	0.04065	0.02795	0.01270	0.00762	0.00254	0.00508	0.01016	0.67734	0.01016
68	0.01328	0.00949	0.01265	0.01518	0.01581	0.00886	0.01012	0.01518	0.02088	0.02783	0.06010	0.60969	0.07212	0.03416	0.01392	0.00443	0.00633	0.03100	0.01012	0.00886
69	0.69383	0.02109	0.01603	0.01434	0.02109	0.02446	0.01181	0.03205	0.01856	0.04892	0.01518	0.01771	0.01181	0.01012	0.00675	0.00337	0.00843	0.00590	0.00675	0.01181
70	0.69383	0.02109	0.01603	0.01434	0.02109	0.02446	0.01181	0.03205	0.01856	0.04892	0.01518	0.01771	0.01181	0.01012	0.00675	0.00337	0.00843	0.00590	0.00675	0.01181
71	0.01583	0.01067	0.01239	0.01239	0.01256	0.01084	0.00722	0.01617	0.01600	0.02151	0.03390	0.06885	0.03855	0.56977	0.10104	0.01118	0.01221	0.01549	0.00654	0.00688
72	0.01562	0.01105	0.01384	0.01315	0.01582	0.01017	0.00986	0.02052	0.02958	0.04207	0.45647	0.08014	0.13911	0.02196	0.01240	0.00338	0.00518	0.01920	0.07031	0.01017
73	0.01328	0.00949	0.01265	0.01518	0.01581	0.00886	0.01012	0.01518	0.02088	0.02783	0.06010	0.60969	0.07212	0.03416	0.01392	0.00443	0.00633	0.03100	0.01012	0.00886
74	0.02261	0.01938	0.02261	0.01615	0.02584	0.01453	0.01292	0.02745	0.02261	0.03553	0.01938	0.02261	0.01615	0.00807	0.00807	0.00161	0.00807	0.00646	0.00646	0.68346
75	0.01586	0.01057	0.01189	0.01189	0.01189	0.01057	0.00661	0.01586	0.01586	0.02114	0.03436	0.07135	0.03964	0.61681	0.05550	0.01057	0.01057	0.01586	0.00661	0.00661
76	0.03067	0.01422	0.01888	0.01663	0.02156	0.01255	0.01282	0.03425	0.02772	0.28377	0.13143	0.21061	0.09483	0.02186	0.01225	0.00370	0.00749	0.01897	0.01203	0.01376
77	0.02900	0.02235	0.03108	0.24572	0.09717	0.02448	0.02433	0.15969	0.03109	0.08355	0.02650	0.03621	0.02113	0.01298	0.01102	0.00343	0.01235	0.04923	0.00780	0.07089

[dist]
# distance from previous block
# <min> <max>
0	6

[block]
# block no. 4 follows, 12 sequences, length 103
# corresponding to MSA columns:
# 437-539
name=unknown_E
#
# <colnr> <probs for GDERKNQSTAVLIFYWHMCP>
#	G	D	E	R	K	N	Q	S	T	A	V	L	I	F	Y	W	H	M	C	P
0	0.02569	0.02272	0.03306	0.24367	0.04940	0.02463	0.06677	0.11744	0.02735	0.03782	0.02044	0.02648	0.01584	0.01114	0.01250	0.00316	0.06278	0.00917	0.00642	0.18352
1	0.01569	0.01213	0.01445	0.01398	0.01699	0.01147	0.01042	0.02235	0.07570	0.03873	0.33865	0.13489	0.20562	0.02409	0.01280	0.00362	0.00569	0.02095	0.01126	0.01054
2	0.02208	0.01917	0.02344	0.02019	0.07134	0.01504	0.01431	0.02687	0.02302	0.03496	0.02813	0.03082	0.06643	0.01008	0.00877	0.00196	0.00827	0.00832	0.00671	0.56009
3	0.02337	0.01989	0.02551	0.02547	0.11515	0.01724	0.01706	0.06338	0.02560	0.03718	0.03247	0.04121	0.07124	0.01273	0.00989	0.00255	0.00916	0.05443	0.00731	0.38917
4	0.01586	0.01057	0.01189	0.01189	0.01189	0.01057	0.00661	0.01586	0.01586	0.02114	0.03436	0.07135	0.03964	0.61681	0.05550	0.01057	0.01057	0.01586	0.00661	0.00661
5	0.02915	0.62337	0.05714	0.01866	0.02799	0.04314	0.01866	0.03265	0.02215	0.02565	0.01516	0.01749	0.01399	0.00933	0.00700	0.00233	0.01166	0.00583	0.00466	0.01399
6	0.01586	0.01057	0.01189	0.01189	0.01189	0.01057	0.00661	0.01586	0.01586	0.02114	0.03436	0.07135	0.03964	0.61681	0.05550	0.01057	0.01057	0.01586	0.00661	0.00661
7	0.03570	0.03092	0.08284	0.13097	0.04277	0.03122	0.02436	0.37679	0.04309	0.05786	0.02428	0.02642	0.01735	0.01242	0.01085	0.00336	0.01286	0.00963	0.00918	0.01711
8	0.01811	0.01142	0.01510	0.01466	0.01728	0.01046	0.01080	0.02230	0.02823	0.08930	0.36536	0.21832	0.08728	0.02461	0.01296	0.00369	0.00586	0.02188	0.01165	0.01071
9	0.02809	0.07403	0.03067	0.06726	0.03279	0.02046	0.05020	0.03302	0.02383	0.12748	0.02308	0.02587	0.01767	0.01030	0.01115	0.00254	0.05414	0.00816	0.00725	0.35201
10	0.69383	0.02109	0.01603	0.01434	0.02109	0.02446	0.01181	0.03205	0.01856	0.04892	0.01518	0.01771	0.01181	0.01012	0.00675	0.00337	0.00843	0.00590	0.00675	0.01181
11	0.01543	0.01115	0.01457	0.01372	0.01629	0.01029	0.01029	0.02058	0.03086	0.04372	0.54304	0.08145	0.10288	0.02229	0.01286	0.00343	0.00514	0.01972	0.01200	0.01029
12	0.02712	0.02342	0.02465	0.02219	0.02835	0.02712	0.01726	0.05794	0.52909	0.04561	0.04438	0.04068	0.03328	0.01479	0.01109	0.00370	0.00863	0.01233	0.01109	0.01726
13	0.04145	0.03054	0.03272	0.02509	0.03381	0.03381	0.02072	0.51243	0.05127	0.06872	0.02618	0.02618	0.01854	0.01309	0.01091	0.00327	0.01200	0.00982	0.01091	0.01854
14	0.01644	0.01202	0.01609	0.01822	0.02073	0.01168	0.01542	0.02081	0.02465	0.03168	0.06603	0.16753	0.13740	0.03013	0.01462	0.00476	0.00899	0.36294	0.01006	0.00980
15	0.04145	0.03054	0.03272	0.02509	0.03381	0.03381	0.02072	0.51243	0.05127	0.06872	0.02618	0.02618	0.01854	0.01309	0.01091	0.00327	0.01200	0.00982	0.01091	0.01854
16	0.01786	0.01158	0.01525	0.01429	0.01715	0.01061	0.01072	0.02265	0.03003	0.08228	0.46262	0.12336	0.09433	0.02263	0.01280	0.00351	0.00557	0.02001	0.01196	0.01081
17	0.02915	0.62337	0.05714	0.01866	0.02799	0.04314	0.01866	0.03265	0.02215	0.02565	0.01516	0.01749	0.01399	0.00933	0.00700	0.00233	0.01166	0.00583	0.00466	0.01399
18	0.02712	0.02342	0.02465	0.02219	0.02835	0.02712	0.01726	0.05794	0.52909	0.04561	0.04438	0.04068	0.03328	0.01479	0.01109	0.00370	0.00863	0.01233	0.01109	0.01726
19	0.02385	0.02385	0.03340	0.02863	0.02863	0.03340	0.02385	0.02624	0.01670	0.02624	0.01431	0.02385	0.01431	0.01908	0.03578	0.00477	0.59685	0.00954	0.00477	0.01193
20	0.02699	0.02591	0.04426	0.06693	0.54879	0.02591	0.03346	0.03346	0.02483	0.03562	0.02051	0.02699	0.01727	0.00972	0.01079	0.00324	0.01295	0.00972	0.00540	0.01727
21	0.01573	0.01107	0.01445	0.01445	0.01533	0.01196	0.00979	0.01750	0.01661	0.02303	0.03202	0.05842	0.03403	0.37417	0.29045	0.01372	0.01902	0.01396	0.00626	0.00803
22	0.69383	0.02109	0.01603	0.01434	0.02109	0.02446	0.01181	0.03205	0.01856	0.04892	0.01518	0.01771	0.01181	0.01012	0.00675	0.00337	0.00843	0.00590	0.00675	0.01181
23	0.01791	0.01412	0.02293	0.02165	0.02499	0.01407	0.08805	0.02278	0.02289	0.03158	0.04582	0.17801	0.04817	0.03499	0.11003	0.00663	0.01343	0.19942	0.07205	0.01048
24	0.09842	0.01992	0.02530	0.01956	0.02789	0.01841	0.01615	0.09614	0.03217	0.46943	0.03921	0.03454	0.02499	0.01319	0.01063	0.00336	0.00948	0.01046	0.01272	0.01803
25	0.02471	0.02637	0.04743	0.03649	0.04149	0.03076	0.24395	0.03018	0.02080	0.03018	0.01783	0.02637	0.01532	0.01460	0.02539	0.00427	0.33452	0.01105	0.00511	0.01319
26	0.02699	0.02591	0.04426	0.06693	0.54879	0.02591	0.03346	0.03346	0.02483	0.03562	0.02051	0.02699	0.01727	0.00972	0.01079	0.00324	0.01295	0.00972	0.00540	0.01727
27	0.69383	0.02109	0.01603	0.01434	0.02109	0.02446	0.01181	0.03205	0.01856	0.04892	0.01518	0.01771	0.01181	0.01012	0.00675	0.00337	0.00843	0.00590	0.00675	0.01181
28	0.03362	0.02665	0.02831	0.02350	0.03083	0.03016	0.01883	0.26405	0.31240	0.05609	0.03612	0.03410	0.02660	0.01402	0.01101	0.00351	0.01016	0.01119	0.01101	0.01784
29	0.04145	0.03054	0.03272	0.02509	0.03381	0.03381	0.02072	0.51243	0.05127	0.06872	0.02618	0.02618	0.01854	0.01309	0.01091	0.00327	0.01200	0.00982	0.01091	0.01854
30	0.01543	0.01115	0.01457	0.01372	0.01629	0.01029	0.01029	0.02058	0.03086	0.04372	0.54304	0.08145	0.10288	0.02229	0.01286	0.00343	0.00514	0.01972	0.01200	0.01029
31	0.01521	0.01114	0.01427	0.01349	0.01615	0.01019	0.01011	0.02015	0.03034	0.04249	0.50567	0.08348	0.14102	0.02275	0.01286	0.00345	0.00518	0.02000	0.01184	0.01019
32	0.01328	0.00949	0.01265	0.01518	0.01581	0.00886	0.01012	0.01518	0.02088	0.02783	0.06010	0.60969	0.07212	0.03416	0.01392	0.00443	0.00633	0.03100	0.01012	0.00886
33	0.01558	0.01168	0.01752	0.01752	0.01947	0.01363	0.01363	0.01947	0.01752	0.02531	0.02921	0.04283	0.02726	0.08178	0.57360	0.01752	0.02921	0.01168	0.00584	0.00974
34	0.03558	0.02438	0.02894	0.19372	0.04316	0.07243	0.02144	0.16541	0.03310	0.18216	0.02851	0.03046	0.01988	0.01234	0.01059	0.00332	0.01222	0.00986	0.05702	0.01548
35	0.03787	0.08279	0.03353	0.02401	0.03235	0.03350	0.01994	0.39087	0.13095	0.06085	0.02832	0.02789	0.02067	0.01304	0.01059	0.00326	0.01139	0.00989	0.01038	0.01791
36	0.03129	0.02276	0.03172	0.13628	0.15554	0.02270	0.02277	0.12218	0.02972	0.13157	0.02503	0.02800	0.01845	0.01084	0.01024	0.00297	0.01131	0.00920	0.00797	0.16946
37	0.02409	0.16721	0.21000	0.02368	0.03341	0.02444	0.06357	0.03108	0.02440	0.07871	0.07760	0.09266	0.07440	0.01514	0.01063	0.00332	0.01187	0.01273	0.00713	0.01393
38	0.01350	0.01036	0.01245	0.01398	0.01597	0.00931	0.01004	0.01601	0.02280	0.02888	0.07966	0.36951	0.25668	0.03124	0.01361	0.00419	0.00633	0.06625	0.01012	0.00910
39	0.02059	0.01938	0.03270	0.59060	0.07510	0.02422	0.03028	0.02786	0.02180	0.02786	0.01938	0.02907	0.01453	0.01090	0.01090	0.00363	0.01453	0.00969	0.00484	0.01211
40	0.02885	0.02537	0.04863	0.12834	0.17722	0.02488	0.24376	0.03631	0.02577	0.11433	0.02450	0.02994	0.01803	0.01024	0.01177	0.00351	0.01506	0.01132	0.00661	0.01555
41	0.01926	0.01672	0.02340	0.06751	0.02556	0.02132	0.01707	0.02181	0.01711	0.02477	0.02402	0.04199	0.02452	0.19472	0.18105	0.00960	0.24227	0.01181	0.00555	0.00994
42	0.02574	0.02941	0.06434	0.04596	0.05699	0.02757	0.50919	0.03493	0.02574	0.03493	0.02206	0.02941	0.01654	0.00919	0.01287	0.00368	0.01838	0.01287	0.00551	0.01471
43	0.01560	0.01158	0.01702	0.01702	0.01879	0.01335	0.01300	0.01914	0.01737	0.02494	0.02967	0.04541	0.02838	0.13004	0.52687	0.01690	0.02752	0.01206	0.00591	0.00945
44	0.02712	0.02342	0.02465	0.02219	0.02835	0.02712	0.01726	0.05794	0.52909	0.04561	0.04438	0.04068	0.03328	0.01479	0.01109	0.00370	0.00863	0.01233	0.01109	0.01726
45	0.09679	0.02484	0.02983	0.15583	0.04124	0.02741	0.02129	0.26980	0.03766	0.14815	0.02673	0.02813	0.01857	0.01238	0.01054	0.00339	0.01177	0.00965	0.00959	0.01643
46	0.01446	0.01111	0.01322	0.01269	0.01569	0.00987	0.00952	0.01869	0.02856	0.03825	0.37722	0.09045	0.27211	0.02433	0.01287	0.00353	0.00529	0.02098	0.01128	0.00987
47	0.02819	0.01953	0.02277	0.02112	0.02664	0.02111	0.01713	0.04717	0.30159	0.12994	0.04790	0.06321	0.04049	0.01888	0.01219	0.00401	0.00914	0.14233	0.01121	0.01545
48	0.02796	0.53085	0.13924	0.02068	0.03112	0.04024	0.02219	0.03296	0.02230	0.02710	0.01588	0.01839	0.01396	0.00950	0.00755	0.00252	0.01239	0.00619	0.00465	0.01434
49	0.01894	0.00947	0.01420	0.01420	0.01420	0.00947	0.00947	0.01420	0.01420	0.01894	0.01894	0.03314	0.01894	0.03788	0.04261	0.68277	0.00947	0.00947	0.00473	0.00473
50	0.03336	0.02652	0.02817	0.02345	0.03073	0.03004	0.01877	0.25601	0.32086	0.05568	0.03645	0.03436	0.02686	0.01405	0.01101	0.00351	0.01010	0.01123	0.01101	0.01782
51	0.69383	0.02109	0.01603	0.01434	0.02109	0.02446	0.01181	0.03205	0.01856	0.04892	0.01518	0.01771	0.01181	0.01012	0.00675	0.00337	0.00843	0.00590	0.00675	0.01181
52	0.69383	0.02109	0.01603	0.01434	0.02109	0.02446	0.01181	0.03205	0.01856	0.04892	0.01518	0.01771	0.01181	0.01012	0.00675	0.00337	0.00843	0.00590	0.00675	0.01181
53	0.01328	0.00949	0.01265	0.01518	0.01581	0.00886	0.01012	0.01518	0.02088	0.02783	0.06010	0.60969	0.07212	0.03416	0.01392	0.00443	0.00633	0.03100	0.01012	0.00886
54	0.01558	0.01168	0.01752	0.01752	0.01947	0.01363	0.01363	0.01947	0.01752	0.02531	0.02921	0.04283	0.02726	0.08178	0.57360	0.01752	0.02921	0.01168	0.00584	0.00974
55	0.01289	0.01105	0.01105	0.01105	0.01473	0.00920	0.00828	0.01565	0.02485	0.02946	0.11046	0.10493	0.54437	0.02761	0.01289	0.00368	0.00552	0.02301	0.01013	0.00920
56	0.04145	0.03054	0.03272	0.02509	0.03381	0.03381	0.02072	0.51243	0.05127	0.06872	0.02618	0.02618	0.01854	0.01309	0.01091	0.00327	0.01200	0.00982	0.01091	0.01854
57	0.02261	0.01938	0.02261	0.01615	0.02584	0.01453	0.01292	0.02745	0.02261	0.03553	0.01938	0.02261	0.01615	0.00807	0.00807	0.00161	0.00807	0.00646	0.00646	0.68346
58	0.39551	0.02415	0.02221	0.01871	0.02592	0.02755	0.01525	0.17161	0.11570	0.05392	0.02330	0.02405	0.01740	0.01176	0.00867	0.00340	0.00947	0.00811	0.00867	0.01464
59	0.01914	0.01725	0.02854	0.02267	0.02784	0.01565	0.14975	0.02309	0.02135	0.02926	0.03875	0.14103	0.07593	0.19826	0.02510	0.00553	0.01124	0.01644	0.00713	0.12606
60	0.04386	0.01871	0.02479	0.01877	0.02745	0.01574	0.01543	0.04820	0.02956	0.45624	0.03847	0.03432	0.02491	0.01245	0.01041	0.00304	0.00905	0.01010	0.01214	0.14635
61	0.69383	0.02109	0.01603	0.01434	0.02109	0.02446	0.01181	0.03205	0.01856	0.04892	0.01518	0.01771	0.01181	0.01012	0.00675	0.00337	0.00843	0.00590	0.00675	0.01181
62	0.04145	0.03054	0.03272	0.02509	0.03381	0.03381	0.02072	0.51243	0.05127	0.06872	0.02618	0.02618	0.01854	0.01309	0.01091	0.00327	0.01200	0.00982	0.01091	0.01854
63	0.02059	0.01938	0.03270	0.59060	0.07510	0.02422	0.03028	0.02786	0.02180	0.02786	0.01938	0.02907	0.01453	0.01090	0.01090	0.00363	0.01453	0.00969	0.00484	0.01211
64	0.03685	0.02782	0.03025	0.02291	0.03187	0.02911	0.01882	0.39402	0.04427	0.06061	0.02452	0.02531	0.01796	0.01186	0.01022	0.00287	0.01104	0.00900	0.00982	0.18090
65	0.69383	0.02109	0.01603	0.01434	0.02109	0.02446	0.01181	0.03205	0.01856	0.04892	0.01518	0.01771	0.01181	0.01012	0.00675	0.00337	0.00843	0.00590	0.00675	0.01181
