[name]
unknown

[dist]
# distance from previous block
# <min> <max>
0	1364

[block]
# block no. 0 follows, 12 sequences, length 9
# corresponding to MSA columns:
# 1365-1373
name=unknown_A
#
# <colnr> <probs for GDERKNQSTAVLIFYWHMCP>
#	G	D	E	R	K	N	Q	S	T	A	V	L	I	F	Y	W	H	M	C	P
0	0.09373	0.03048	0.15257	0.03117	0.04089	0.02351	0.19271	0.06782	0.02654	0.07687	0.02944	0.04495	0.02516	0.01411	0.01184	0.00380	0.01417	0.09856	0.00728	0.01439
1	0.01586	0.01057	0.01189	0.01189	0.01189	0.01057	0.00661	0.01586	0.01586	0.02114	0.03436	0.07135	0.03964	0.61681	0.05550	0.01057	0.01057	0.01586	0.00661	0.00661
2	0.04145	0.03054	0.03272	0.02509	0.03381	0.03381	0.02072	0.51243	0.05127	0.06872	0.02618	0.02618	0.01854	0.01309	0.01091	0.00327	0.01200	0.00982	0.01091	0.01854
3	0.45422	0.02456	0.02216	0.01829	0.02576	0.02790	0.01508	0.20849	0.03057	0.05619	0.01922	0.02082	0.01428	0.01121	0.00828	0.00334	0.00974	0.00734	0.00828	0.01428
4	0.03942	0.02068	0.02502	0.02062	0.02806	0.02086	0.01656	0.05523	0.24826	0.33369	0.04361	0.03867	0.02973	0.01406	0.01102	0.00352	0.00900	0.01156	0.01245	0.01799
5	0.01450	0.01111	0.01328	0.01274	0.01572	0.00989	0.00955	0.01877	0.02866	0.03848	0.38416	0.09007	0.26503	0.02425	0.01287	0.00352	0.00528	0.02093	0.01131	0.00989
6	0.02737	0.02477	0.03926	0.20808	0.33750	0.02663	0.03064	0.10432	0.02797	0.03844	0.02105	0.02745	0.01669	0.01056	0.01084	0.00335	0.01325	0.00972	0.00608	0.01601
7	0.01391	0.01072	0.01271	0.01298	0.01555	0.00952	0.00945	0.01735	0.02614	0.03432	0.25768	0.21315	0.27290	0.02717	0.01312	0.00376	0.00557	0.02365	0.01081	0.00952
8	0.21953	0.02119	0.02344	0.01903	0.02669	0.02179	0.01554	0.09458	0.10511	0.29239	0.03398	0.03129	0.02298	0.01274	0.00984	0.00341	0.00923	0.00968	0.01104	0.01653

[dist]
# distance from previous block
# <min> <max>
0	2

[block]
# block no. 1 follows, 12 sequences, length 23
# corresponding to MSA columns:
# 1376-1398
name=unknown_B
#
# <colnr> <probs for GDERKNQSTAVLIFYWHMCP>
#	G	D	E	R	K	N	Q	S	T	A	V	L	I	F	Y	W	H	M	C	P
0	0.03424	0.43941	0.04834	0.01962	0.02872	0.03714	0.01846	0.09871	0.02754	0.12497	0.02151	0.02209	0.01688	0.01055	0.00821	0.00264	0.01128	0.00726	0.00704	0.01539
1	0.01328	0.00949	0.01265	0.01518	0.01581	0.00886	0.01012	0.01518	0.02088	0.02783	0.06010	0.60969	0.07212	0.03416	0.01392	0.00443	0.00633	0.03100	0.01012	0.00886
2	0.04080	0.04984	0.03108	0.02779	0.03372	0.51961	0.02103	0.09000	0.03292	0.03085	0.01778	0.02031	0.01449	0.01142	0.00994	0.00285	0.01890	0.00730	0.00614	0.01323
3	0.02915	0.62337	0.05714	0.01866	0.02799	0.04314	0.01866	0.03265	0.02215	0.02565	0.01516	0.01749	0.01399	0.00933	0.00700	0.00233	0.01166	0.00583	0.00466	0.01399
4	0.01572	0.01113	0.01471	0.01471	0.01568	0.01210	0.01012	0.01766	0.01669	0.02323	0.03178	0.05708	0.03344	0.34905	0.31478	0.01405	0.01990	0.01377	0.00622	0.00817
5	0.01289	0.01105	0.01105	0.01105	0.01473	0.00920	0.00828	0.01565	0.02485	0.02946	0.11046	0.10493	0.54437	0.02761	0.01289	0.00368	0.00552	0.02301	0.01013	0.00920
6	0.04774	0.02339	0.02611	0.02066	0.02868	0.09656	0.01675	0.05175	0.03116	0.47976	0.03923	0.03459	0.02512	0.01317	0.01080	0.00329	0.01078	0.01039	0.01236	0.01770
7	0.02261	0.01938	0.02261	0.01615	0.02584	0.01453	0.01292	0.02745	0.02261	0.03553	0.01938	0.02261	0.01615	0.00807	0.00807	0.00161	0.00807	0.00646	0.00646	0.68346
8	0.04145	0.03054	0.03272	0.02509	0.03381	0.03381	0.02072	0.51243	0.05127	0.06872	0.02618	0.02618	0.01854	0.01309	0.01091	0.00327	0.01200	0.00982	0.01091	0.01854
9	0.02574	0.02941	0.06434	0.04596	0.05699	0.02757	0.50919	0.03493	0.02574	0.03493	0.02206	0.02941	0.01654	0.00919	0.01287	0.00368	0.01838	0.01287	0.00551	0.01471
10	0.04157	0.24341	0.03714	0.01912	0.02789	0.02611	0.01700	0.04552	0.02784	0.35904	0.03266	0.02982	0.02216	0.01195	0.00949	0.00299	0.01016	0.00906	0.01021	0.01686
11	0.02033	0.01016	0.01016	0.01016	0.01270	0.01016	0.00762	0.02541	0.02287	0.04065	0.03557	0.04065	0.02795	0.01270	0.00762	0.00254	0.00508	0.01016	0.67734	0.01016
12	0.01473	0.01112	0.01361	0.01298	0.01586	0.00999	0.00974	0.01922	0.02921	0.03980	0.42420	0.08790	0.22417	0.02375	0.01287	0.00350	0.00525	0.02062	0.01149	0.00999
13	0.01708	0.09965	0.02027	0.01408	0.01778	0.01490	0.01124	0.02168	0.02882	0.03925	0.41042	0.07526	0.14749	0.02111	0.01202	0.00330	0.00614	0.01814	0.01070	0.01068
14	0.04046	0.11263	0.03134	0.02090	0.02924	0.10513	0.01736	0.10431	0.03131	0.27027	0.02985	0.02838	0.02069	0.01180	0.00984	0.00290	0.01136	0.00890	0.00980	0.10354
15	0.01319	0.00984	0.01229	0.01425	0.01557	0.00893	0.00971	0.01529	0.02177	0.02820	0.07147	0.49567	0.17880	0.03268	0.01368	0.00426	0.00614	0.02919	0.01012	0.00893
16	0.03331	0.23098	0.10767	0.02510	0.03320	0.21853	0.02294	0.09850	0.02858	0.03279	0.01766	0.02058	0.01461	0.01139	0.01124	0.00296	0.06258	0.00734	0.00580	0.01423
17	0.46123	0.02160	0.01926	0.01647	0.02302	0.02434	0.01343	0.12944	0.02708	0.05225	0.09377	0.02867	0.02636	0.01249	0.00849	0.00336	0.00869	0.00871	0.00837	0.01298
18	0.22370	0.10050	0.03129	0.03047	0.16918	0.02547	0.01941	0.06749	0.02479	0.04138	0.05901	0.02654	0.02180	0.01078	0.00888	0.00294	0.01007	0.00840	0.00679	0.11111
19	0.11531	0.01990	0.02895	0.09104	0.21338	0.02005	0.02178	0.03356	0.02462	0.15082	0.03576	0.10857	0.06041	0.01506	0.01086	0.00351	0.01036	0.01312	0.00824	0.01471
20	0.12152	0.02467	0.06726	0.02803	0.12638	0.08991	0.01914	0.02991	0.02484	0.07467	0.08692	0.15573	0.07206	0.01780	0.01105	0.00352	0.01051	0.01505	0.00812	0.01291
21	0.17804	0.06059	0.02519	0.11945	0.03361	0.02338	0.01781	0.03919	0.15224	0.10758	0.06632	0.04045	0.02999	0.01419	0.01021	0.00356	0.00979	0.04551	0.00887	0.01404
22	0.02604	0.02640	0.09931	0.06449	0.03035	0.09860	0.01899	0.06317	0.02858	0.10263	0.14396	0.12143	0.09429	0.01837	0.01166	0.00349	0.01079	0.01538	0.00912	0.01295

[dist]
# distance from previous block
# <min> <max>
4	36

[block]
# block no. 2 follows, 12 sequences, length 46
# corresponding to MSA columns:
# 1444-1489
name=unknown_C
#
# <colnr> <probs for GDERKNQSTAVLIFYWHMCP>
#	G	D	E	R	K	N	Q	S	T	A	V	L	I	F	Y	W	H	M	C	P
0	0.02928	0.08628	0.07198	0.01981	0.02782	0.02215	0.01741	0.07358	0.14022	0.13906	0.04001	0.07380	0.07048	0.01466	0.01038	0.00313	0.00945	0.01194	0.00939	0.12917
1	0.06989	0.02360	0.07012	0.02089	0.02810	0.05296	0.05954	0.03156	0.06584	0.07151	0.03032	0.11306	0.02814	0.07739	0.01500	0.00379	0.01060	0.01243	0.00761	0.20766
2	0.07525	0.02564	0.08155	0.07323	0.07810	0.02273	0.02098	0.08975	0.12237	0.12088	0.02826	0.02925	0.02072	0.01145	0.01000	0.00307	0.01059	0.00929	0.00848	0.15842
3	0.03175	0.02046	0.02937	0.03235	0.17914	0.01816	0.02030	0.03689	0.02618	0.19932	0.03037	0.03689	0.02380	0.01211	0.01037	0.00293	0.01005	0.04821	0.00867	0.22269
4	0.03422	0.08654	0.03080	0.02139	0.02940	0.06859	0.04961	0.07464	0.07145	0.19737	0.07549	0.03376	0.02845	0.01241	0.01021	0.00293	0.01058	0.01018	0.00950	0.14251
5	0.09715	0.07328	0.02935	0.02079	0.02861	0.02346	0.05656	0.13044	0.07178	0.04378	0.06208	0.07093	0.02762	0.01298	0.00984	0.00288	0.00981	0.01078	0.00822	0.20966
6	0.33769	0.06871	0.06627	0.02876	0.13515	0.02791	0.02048	0.12382	0.02664	0.04728	0.01868	0.02160	0.01451	0.01056	0.00865	0.00326	0.01082	0.00758	0.00696	0.01468
7	0.02614	0.21347	0.18332	0.02851	0.03905	0.03042	0.13649	0.08236	0.02614	0.03486	0.02364	0.08297	0.02094	0.01249	0.01034	0.00325	0.01386	0.01102	0.00606	0.01467
8	0.03202	0.01747	0.02202	0.01739	0.02519	0.01440	0.01423	0.03641	0.02667	0.25099	0.04252	0.04759	0.07941	0.01464	0.01050	0.00291	0.00852	0.05936	0.01013	0.26761
9	0.01735	0.01515	0.01541	0.01480	0.01773	0.06734	0.01099	0.02153	0.02888	0.03793	0.36643	0.12398	0.17535	0.02317	0.01265	0.00350	0.00680	0.02000	0.01084	0.01020
10	0.02555	0.02439	0.04087	0.06123	0.49434	0.02420	0.03090	0.03165	0.02483	0.03499	0.02968	0.03493	0.07101	0.01154	0.01101	0.00328	0.01220	0.01107	0.00588	0.01645
11	0.01565	0.01129	0.01488	0.01437	0.01693	0.01052	0.01103	0.02078	0.03028	0.04259	0.49356	0.08568	0.09879	0.02309	0.01308	0.00359	0.00564	0.06618	0.01180	0.01026
12	0.03745	0.02856	0.03047	0.02428	0.03229	0.03195	0.01976	0.38570	0.18451	0.06227	0.03125	0.03022	0.02265	0.01356	0.01096	0.00339	0.01106	0.01052	0.01096	0.01818
13	0.01328	0.00949	0.01265	0.01518	0.01581	0.00886	0.01012	0.01518	0.02088	0.02783	0.06010	0.60969	0.07212	0.03416	0.01392	0.00443	0.00633	0.03100	0.01012	0.00886
14	0.03057	0.02741	0.03955	0.03094	0.03635	0.03234	0.12302	0.20276	0.03099	0.04330	0.02018	0.02584	0.01629	0.01489	0.02211	0.00401	0.26714	0.01033	0.00713	0.01488
15	0.02915	0.62337	0.05714	0.01866	0.02799	0.04314	0.01866	0.03265	0.02215	0.02565	0.01516	0.01749	0.01399	0.00933	0.00700	0.00233	0.01166	0.00583	0.00466	0.01399
16	0.02033	0.01016	0.01016	0.01016	0.01270	0.01016	0.00762	0.02541	0.02287	0.04065	0.03557	0.04065	0.02795	0.01270	0.00762	0.00254	0.00508	0.01016	0.67734	0.01016
17	0.01328	0.00949	0.01265	0.01518	0.01581	0.00886	0.01012	0.01518	0.02088	0.02783	0.06010	0.60969	0.07212	0.03416	0.01392	0.00443	0.00633	0.03100	0.01012	0.00886
18	0.04892	0.01856	0.02530	0.01940	0.02783	0.01603	0.01603	0.05314	0.03121	0.55634	0.04302	0.03711	0.02699	0.01350	0.01096	0.00337	0.00928	0.01096	0.01350	0.01856
19	0.02033	0.01016	0.01016	0.01016	0.01270	0.01016	0.00762	0.02541	0.02287	0.04065	0.03557	0.04065	0.02795	0.01270	0.00762	0.00254	0.00508	0.01016	0.67734	0.01016
20	0.04145	0.03054	0.03272	0.02509	0.03381	0.03381	0.02072	0.51243	0.05127	0.06872	0.02618	0.02618	0.01854	0.01309	0.01091	0.00327	0.01200	0.00982	0.01091	0.01854
21	0.69383	0.02109	0.01603	0.01434	0.02109	0.02446	0.01181	0.03205	0.01856	0.04892	0.01518	0.01771	0.01181	0.01012	0.00675	0.00337	0.00843	0.00590	0.00675	0.01181
22	0.02033	0.01016	0.01016	0.01016	0.01270	0.01016	0.00762	0.02541	0.02287	0.04065	0.03557	0.04065	0.02795	0.01270	0.00762	0.00254	0.00508	0.01016	0.67734	0.01016
23	0.01470	0.01112	0.01355	0.01294	0.01584	0.00997	0.00971	0.01915	0.02913	0.03960	0.41790	0.08824	0.23059	0.02383	0.01287	0.00350	0.00525	0.02067	0.01146	0.00997
24	0.02712	0.02342	0.02465	0.02219	0.02835	0.02712	0.01726	0.05794	0.52909	0.04561	0.04438	0.04068	0.03328	0.01479	0.01109	0.00370	0.00863	0.01233	0.01109	0.01726
25	0.03995	0.02980	0.03188	0.02478	0.03324	0.03311	0.02036	0.46486	0.10128	0.06630	0.02808	0.02770	0.02009	0.01327	0.01093	0.00332	0.01165	0.01008	0.01093	0.01841
26	0.04892	0.01856	0.02530	0.01940	0.02783	0.01603	0.01603	0.05314	0.03121	0.55634	0.04302	0.03711	0.02699	0.01350	0.01096	0.00337	0.00928	0.01096	0.01350	0.01856
27	0.02187	0.05640	0.56031	0.03108	0.04719	0.02532	0.04029	0.03453	0.02302	0.03453	0.01957	0.02302	0.01381	0.01036	0.01036	0.00345	0.01611	0.00806	0.00460	0.01611
28	0.03182	0.02411	0.02609	0.02239	0.02922	0.02709	0.01771	0.13419	0.39629	0.10297	0.04116	0.03786	0.03014	0.01437	0.01105	0.00359	0.00927	0.01176	0.01131	0.01761
29	0.01543	0.01115	0.01457	0.01372	0.01629	0.01029	0.01029	0.02058	0.03086	0.04372	0.54304	0.08145	0.10288	0.02229	0.01286	0.00343	0.00514	0.01972	0.01200	0.01029
30	0.01328	0.00949	0.01265	0.01518	0.01581	0.00886	0.01012	0.01518	0.02088	0.02783	0.06010	0.60969	0.07212	0.03416	0.01392	0.00443	0.00633	0.03100	0.01012	0.00886
31	0.01374	0.00981	0.01317	0.01570	0.01653	0.00924	0.01091	0.01596	0.02132	0.02834	0.05985	0.55849	0.07113	0.03373	0.01404	0.00449	0.00672	0.07775	0.01011	0.00898
32	0.02320	0.04710	0.38934	0.03621	0.05057	0.02610	0.20192	0.03467	0.02396	0.03467	0.02043	0.02522	0.01475	0.00996	0.01122	0.00353	0.01690	0.00972	0.00492	0.01563
33	0.03109	0.02610	0.04659	0.03484	0.04250	0.02735	0.25411	0.07891	0.02686	0.13489	0.02453	0.02924	0.01817	0.01276	0.01789	0.00385	0.15648	0.01143	0.00733	0.01511
34	0.02574	0.02941	0.06434	0.04596	0.05699	0.02757	0.50919	0.03493	0.02574	0.03493	0.02206	0.02941	0.01654	0.00919	0.01287	0.00368	0.01838	0.01287	0.00551	0.01471
35	0.04145	0.03054	0.03272	0.02509	0.03381	0.03381	0.02072	0.51243	0.05127	0.06872	0.02618	0.02618	0.01854	0.01309	0.01091	0.00327	0.01200	0.00982	0.01091	0.01854
36	0.20062	0.01857	0.02005	0.01705	0.02282	0.01941	0.01362	0.10065	0.06570	0.13700	0.21327	0.04676	0.04961	0.01582	0.01056	0.00340	0.00791	0.01274	0.01069	0.01375
37	0.12521	0.26240	0.13257	0.02279	0.03290	0.03043	0.06469	0.03733	0.02399	0.14095	0.02230	0.02360	0.01657	0.01047	0.00889	0.00301	0.01209	0.00792	0.00685	0.01506
38	0.02470	0.05244	0.50431	0.02985	0.04517	0.02435	0.03775	0.03648	0.02388	0.08915	0.02202	0.02450	0.01519	0.01069	0.01042	0.00344	0.01540	0.00836	0.00553	0.01637
39	0.01519	0.01036	0.01232	0.01286	0.01325	0.01012	0.00780	0.01611	0.01843	0.02480	0.08608	0.20437	0.05326	0.42074	0.04149	0.00843	0.00904	0.01992	0.00795	0.00749
40	0.01993	0.07649	0.02201	0.02125	0.06485	0.01521	0.01493	0.02317	0.02302	0.07357	0.05013	0.35685	0.05577	0.02697	0.01290	0.00413	0.00841	0.10985	0.00942	0.01115
41	0.10545	0.02634	0.04028	0.03300	0.08441	0.02656	0.17139	0.17742	0.03346	0.15267	0.02667	0.02859	0.01882	0.01135	0.01108	0.00343	0.01313	0.01058	0.00883	0.01653
42	0.02891	0.02327	0.04181	0.12164	0.20952	0.02292	0.15266	0.03568	0.02636	0.13326	0.06937	0.03445	0.02580	0.01153	0.01156	0.00345	0.01324	0.01162	0.00744	0.01552
43	0.01757	0.01500	0.01623	0.06485	0.02251	0.06975	0.01279	0.02056	0.02303	0.03015	0.09122	0.40548	0.06003	0.02696	0.01261	0.00395	0.00822	0.02395	0.06539	0.00976
44	0.03809	0.01850	0.02694	0.13343	0.07955	0.01788	0.01928	0.04264	0.02723	0.35333	0.03561	0.03830	0.02508	0.07615	0.01562	0.00417	0.01075	0.01113	0.01041	0.01594
45	0.03087	0.31564	0.09076	0.11777	0.03867	0.07323	0.02272	0.08502	0.02664	0.07669	0.01992	0.02268	0.01566	0.01057	0.00891	0.00287	0.01295	0.00762	0.00617	0.01464

[dist]
# distance from previous block
# <min> <max>
1	21

[block]
# block no. 3 follows, 12 sequences, length 36
# corresponding to MSA columns:
# 1511-1546
name=unknown_D
#
# <colnr> <probs for GDERKNQSTAVLIFYWHMCP>
#	G	D	E	R	K	N	Q	S	T	A	V	L	I	F	Y	W	H	M	C	P
0	0.07137	0.02214	0.02657	0.21935	0.04341	0.05988	0.02098	0.07292	0.13547	0.09382	0.03224	0.09916	0.02683	0.01490	0.01096	0.00361	0.01147	0.01249	0.00839	0.01404
1	0.09970	0.01621	0.02053	0.12594	0.03052	0.01706	0.01547	0.07063	0.02493	0.03697	0.12558	0.12677	0.04111	0.02021	0.01534	0.09765	0.00910	0.01407	0.00800	0.08422
2	0.02320	0.01614	0.02032	0.08214	0.02711	0.01701	0.01472	0.03469	0.15887	0.10263	0.24117	0.05840	0.05904	0.07721	0.01619	0.00423	0.00817	0.01519	0.01059	0.01296
3	0.01580	0.01190	0.01472	0.01423	0.01699	0.01130	0.01057	0.02228	0.06770	0.04038	0.39846	0.14120	0.14590	0.02369	0.01285	0.00359	0.00559	0.02082	0.01150	0.01054
4	0.01515	0.01113	0.01419	0.01343	0.01612	0.01017	0.01007	0.02004	0.03021	0.04216	0.49575	0.08401	0.15114	0.02287	0.01286	0.00346	0.00519	0.02008	0.01180	0.01017
5	0.01872	0.01187	0.01563	0.01428	0.01742	0.01085	0.01085	0.02377	0.03090	0.09403	0.49397	0.07710	0.09543	0.02143	0.01267	0.00342	0.00555	0.01886	0.01215	0.01110
6	0.03725	0.02845	0.03036	0.02424	0.03221	0.03185	0.01971	0.37916	0.19138	0.06194	0.03152	0.03043	0.02287	0.01359	0.01096	0.00340	0.01101	0.01055	0.01096	0.01817
7	0.01444	0.01038	0.01369	0.01439	0.01607	0.00963	0.01021	0.01809	0.02625	0.03639	0.32012	0.32528	0.08868	0.02777	0.01335	0.00389	0.00569	0.02492	0.01113	0.00963
8	0.04285	0.02830	0.03134	0.02402	0.03270	0.03049	0.01985	0.42657	0.04752	0.15988	0.02933	0.02822	0.02012	0.01316	0.01092	0.00329	0.01149	0.01003	0.01139	0.01855
9	0.02261	0.01938	0.02261	0.01615	0.02584	0.01453	0.01292	0.02745	0.02261	0.03553	0.01938	0.02261	0.01615	0.00807	0.00807	0.00161	0.00807	0.00646	0.00646	0.68346
10	0.02574	0.02941	0.06434	0.04596	0.05699	0.02757	0.50919	0.03493	0.02574	0.03493	0.02206	0.02941	0.01654	0.00919	0.01287	0.00368	0.01838	0.01287	0.00551	0.01471
11	0.04145	0.03054	0.03272	0.02509	0.03381	0.03381	0.02072	0.51243	0.05127	0.06872	0.02618	0.02618	0.01854	0.01309	0.01091	0.00327	0.01200	0.00982	0.01091	0.01854
12	0.01818	0.01498	0.02146	0.20177	0.03716	0.01662	0.01822	0.02622	0.08195	0.03429	0.16473	0.17801	0.05581	0.02110	0.01247	0.00390	0.00931	0.06349	0.00899	0.01134
13	0.04105	0.01730	0.02272	0.01856	0.02557	0.01572	0.01527	0.04719	0.06233	0.41075	0.04367	0.04619	0.03103	0.01512	0.01098	0.00346	0.00882	0.05654	0.09107	0.01665
14	0.04215	0.02489	0.02877	0.02224	0.03041	0.02582	0.01830	0.31452	0.04270	0.23828	0.07042	0.03412	0.02776	0.01391	0.01107	0.00332	0.01053	0.01095	0.01190	0.01794
15	0.01328	0.00949	0.01265	0.01518	0.01581	0.00886	0.01012	0.01518	0.02088	0.02783	0.06010	0.60969	0.07212	0.03416	0.01392	0.00443	0.00633	0.03100	0.01012	0.00886
16	0.12165	0.02056	0.02487	0.01967	0.02768	0.01998	0.01613	0.09626	0.08611	0.39298	0.03824	0.03415	0.02506	0.01320	0.01048	0.00340	0.00937	0.01041	0.01219	0.01762
17	0.03285	0.02228	0.07946	0.08275	0.09368	0.01923	0.02145	0.03849	0.02753	0.25713	0.12413	0.04075	0.03609	0.01451	0.01315	0.00351	0.05577	0.01188	0.00986	0.01551
18	0.02605	0.01534	0.02186	0.02302	0.08089	0.01524	0.01551	0.02962	0.02436	0.17533	0.09945	0.18520	0.04601	0.06687	0.07948	0.00578	0.05041	0.01713	0.00966	0.01281
19	0.01985	0.01454	0.02116	0.07564	0.02601	0.01724	0.01604	0.02342	0.01869	0.06641	0.02786	0.04186	0.02568	0.12591	0.33609	0.01242	0.10268	0.01164	0.00628	0.01058
20	0.51059	0.02731	0.02041	0.01786	0.02464	0.11704	0.01437	0.08867	0.02434	0.04747	0.01671	0.01900	0.01295	0.01065	0.00774	0.00327	0.01071	0.00654	0.00703	0.01271
21	0.01396	0.01017	0.01325	0.01514	0.01650	0.00946	0.01077	0.01665	0.02287	0.03033	0.11985	0.44603	0.12166	0.03171	0.01382	0.00430	0.00652	0.07750	0.01033	0.00918
22	0.09883	0.15661	0.03643	0.02655	0.08900	0.03216	0.02005	0.24119	0.06746	0.04970	0.02273	0.02422	0.01752	0.01133	0.00944	0.00298	0.01118	0.00847	0.00820	0.06596
23	0.02993	0.01820	0.02464	0.02307	0.08631	0.01582	0.01614	0.03469	0.02582	0.19977	0.07949	0.03578	0.02948	0.01977	0.07418	0.00435	0.01115	0.01016	0.00903	0.25220
24	0.03184	0.08841	0.14527	0.02477	0.03446	0.02349	0.07905	0.04295	0.11543	0.20033	0.03828	0.03716	0.06295	0.01323	0.01084	0.00340	0.01163	0.01124	0.00911	0.01618
25	0.02849	0.19417	0.28288	0.02654	0.03879	0.02878	0.06122	0.03828	0.05334	0.11330	0.02363	0.02520	0.01719	0.01075	0.00979	0.00318	0.01363	0.00850	0.00642	0.01591
26	0.02974	0.01783	0.02055	0.01840	0.02384	0.01871	0.01470	0.04498	0.22931	0.16780	0.04347	0.04917	0.03383	0.01572	0.01069	0.00349	0.00810	0.06421	0.17039	0.01506
27	0.02401	0.01405	0.01927	0.07340	0.02569	0.01433	0.01440	0.02925	0.07270	0.14263	0.04262	0.24234	0.04167	0.03112	0.07726	0.08526	0.01087	0.01807	0.00933	0.01172
28	0.03497	0.02430	0.09020	0.08304	0.07639	0.02034	0.05371	0.04415	0.08702	0.27495	0.06874	0.03682	0.02866	0.01305	0.01114	0.00346	0.01111	0.01129	0.01008	0.01657
29	0.02249	0.02132	0.03614	0.43499	0.21586	0.02472	0.03123	0.02952	0.02270	0.03017	0.01972	0.02845	0.01535	0.01055	0.01087	0.00352	0.01406	0.00970	0.00501	0.01365
30	0.01429	0.01013	0.01331	0.01521	0.01617	0.00962	0.01057	0.01664	0.02176	0.02918	0.10493	0.43831	0.07030	0.10104	0.01883	0.00512	0.00713	0.07870	0.00989	0.00887
31	0.10165	0.02072	0.02346	0.01912	0.02602	0.02139	0.01547	0.15041	0.10489	0.22597	0.07288	0.03693	0.03022	0.01382	0.01032	0.00331	0.00894	0.01096	0.08739	0.01614
32	0.46736	0.02183	0.02002	0.01690	0.02412	0.02419	0.01387	0.08990	0.05731	0.13906	0.02311	0.02349	0.01657	0.01133	0.00822	0.00338	0.00898	0.00763	0.00866	0.01407
33	0.01949	0.01082	0.01406	0.01402	0.01499	0.01043	0.00913	0.01895	0.01799	0.07529	0.03632	0.17306	0.03941	0.26385	0.03837	0.20257	0.00921	0.01679	0.00751	0.00774
34	0.01490	0.01032	0.01290	0.01433	0.01491	0.01003	0.00947	0.01635	0.01919	0.02549	0.04865	0.31886	0.05692	0.28650	0.03209	0.00716	0.00860	0.07669	0.00859	0.00802
35	0.02410	0.02268	0.03837	0.19577	0.36950	0.02413	0.03048	0.03050	0.02325	0.03250	0.02117	0.02925	0.01766	0.01790	0.07235	0.00490	0.01514	0.00992	0.00530	0.01512

[dist]
# distance from previous block
# <min> <max>
0	1

[block]
# block no. 4 follows, 12 sequences, length 30
# corresponding to MSA columns:
# 1548-1577
name=unknown_E
#
# <colnr> <probs for GDERKNQSTAVLIFYWHMCP>
#	G	D	E	R	K	N	Q	S	T	A	V	L	I	F	Y	W	H	M	C	P
0	0.25033	0.07709	0.02971	0.10273	0.03388	0.02688	0.04805	0.06874	0.02273	0.07695	0.01924	0.02406	0.01518	0.01371	0.01512	0.04609	0.10173	0.00833	0.00660	0.01283
1	0.01889	0.01244	0.01634	0.01676	0.01819	0.01286	0.01225	0.02107	0.02080	0.07438	0.04705	0.27734	0.05244	0.18580	0.02697	0.00611	0.06291	0.09880	0.00898	0.00962
2	0.59269	0.02587	0.01833	0.01647	0.02304	0.10941	0.01324	0.03383	0.02047	0.04548	0.01544	0.01801	0.01215	0.01029	0.00723	0.00329	0.01017	0.00608	0.00657	0.01194
3	0.03974	0.01652	0.02236	0.01784	0.02467	0.01445	0.01445	0.04421	0.03111	0.41578	0.18013	0.04927	0.04780	0.01591	0.01148	0.00339	0.00814	0.01337	0.01309	0.01629
4	0.08793	0.01835	0.02584	0.24948	0.04471	0.02046	0.02085	0.03582	0.07097	0.16083	0.06884	0.03643	0.02712	0.01924	0.06256	0.00482	0.01278	0.01087	0.00835	0.01376
5	0.04372	0.01933	0.02788	0.08786	0.08113	0.01786	0.01923	0.04849	0.02956	0.44908	0.03829	0.03528	0.02470	0.01286	0.01094	0.00339	0.01021	0.01071	0.01178	0.01771
6	0.01919	0.01198	0.01578	0.01435	0.01758	0.01093	0.01093	0.02423	0.03090	0.10123	0.48694	0.07647	0.09437	0.02130	0.01265	0.00342	0.00561	0.01874	0.01217	0.01122
7	0.01654	0.01012	0.01281	0.01342	0.01414	0.01015	0.00885	0.01716	0.01796	0.02571	0.03709	0.18601	0.04024	0.21328	0.08311	0.14786	0.01018	0.01692	0.11086	0.00760
8	0.03216	0.47811	0.05115	0.02023	0.02941	0.04086	0.01916	0.15021	0.02929	0.03621	0.01786	0.01962	0.01511	0.01025	0.00795	0.00256	0.01174	0.00681	0.00619	0.01511
9	0.02222	0.01794	0.01935	0.01786	0.02253	0.01902	0.01364	0.10683	0.19920	0.04068	0.06455	0.17559	0.19163	0.02237	0.01219	0.00378	0.00775	0.01900	0.01057	0.01331
10	0.03404	0.02416	0.02624	0.02178	0.02878	0.02665	0.01745	0.21498	0.25672	0.11155	0.03698	0.03515	0.02686	0.01385	0.01069	0.00340	0.00957	0.01108	0.07285	0.01720
11	0.15097	0.08115	0.10772	0.02012	0.02796	0.02385	0.01853	0.04161	0.15760	0.13801	0.03113	0.03437	0.02408	0.08004	0.01477	0.00418	0.01038	0.01003	0.00866	0.01484
12	0.08297	0.02123	0.02603	0.01997	0.02848	0.02003	0.01646	0.14354	0.03379	0.37977	0.03580	0.03243	0.02339	0.01272	0.01044	0.00319	0.00968	0.01003	0.01193	0.07812
13	0.02059	0.01938	0.03270	0.59060	0.07510	0.02422	0.03028	0.02786	0.02180	0.02786	0.01938	0.02907	0.01453	0.01090	0.01090	0.00363	0.01453	0.00969	0.00484	0.01211
14	0.03117	0.41086	0.09841	0.02300	0.03300	0.03556	0.07613	0.03625	0.02404	0.10969	0.02066	0.02239	0.01628	0.01005	0.00858	0.00275	0.01246	0.00763	0.00612	0.01497
15	0.01930	0.01137	0.01450	0.01479	0.01706	0.01037	0.01036	0.02169	0.02314	0.11037	0.10313	0.34306	0.11644	0.10892	0.01894	0.00493	0.00717	0.02391	0.01033	0.01022
16	0.03955	0.02092	0.02549	0.02007	0.02739	0.02062	0.01636	0.19580	0.03766	0.29143	0.14121	0.04275	0.03998	0.01519	0.01134	0.00335	0.00931	0.01241	0.01234	0.01684
17	0.01442	0.01102	0.01576	0.10429	0.02499	0.01124	0.01324	0.01715	0.02102	0.02784	0.05379	0.51978	0.06320	0.03056	0.01345	0.00431	0.00760	0.02770	0.00930	0.00936
18	0.02662	0.01333	0.01756	0.01592	0.02016	0.01184	0.01212	0.03029	0.02762	0.22199	0.18754	0.21646	0.10775	0.02297	0.01248	0.00371	0.00700	0.02006	0.01184	0.01275
19	0.02167	0.05067	0.47861	0.11772	0.05151	0.02515	0.03874	0.03350	0.02283	0.03350	0.01954	0.02396	0.01392	0.01044	0.01044	0.00348	0.01587	0.00831	0.00464	0.01549
20	0.03168	0.02678	0.13484	0.02236	0.03071	0.02087	0.02105	0.04549	0.17511	0.21439	0.03642	0.03614	0.02617	0.02380	0.09800	0.00568	0.01359	0.01088	0.00975	0.01630
21	0.09249	0.01722	0.02236	0.01799	0.02475	0.01585	0.01442	0.04421	0.02724	0.40776	0.03860	0.03997	0.02725	0.08721	0.06747	0.00548	0.01119	0.01118	0.01149	0.01588
22	0.03957	0.02346	0.07125	0.02908	0.11014	0.02094	0.02182	0.04452	0.02736	0.35378	0.03330	0.03241	0.02252	0.01352	0.01469	0.00357	0.10037	0.01033	0.01021	0.01715
23	0.02187	0.05640	0.56031	0.03108	0.04719	0.02532	0.04029	0.03453	0.02302	0.03453	0.01957	0.02302	0.01381	0.01036	0.01036	0.00345	0.01611	0.00806	0.00460	0.01611
24	0.01586	0.01057	0.01189	0.01189	0.01189	0.01057	0.00661	0.01586	0.01586	0.02114	0.03436	0.07135	0.03964	0.61681	0.05550	0.01057	0.01057	0.01586	0.00661	0.00661
25	0.01829	0.01438	0.01698	0.01624	0.01973	0.01472	0.01241	0.02982	0.16225	0.04103	0.30346	0.11478	0.12027	0.02216	0.01261	0.00370	0.00650	0.04743	0.01132	0.01193
26	0.07207	0.09472	0.30083	0.02909	0.04119	0.02523	0.11291	0.03448	0.02368	0.08134	0.02442	0.06832	0.01970	0.01211	0.01055	0.00345	0.01421	0.01051	0.00613	0.01505
27	0.02342	0.01988	0.03063	0.44410	0.06229	0.02396	0.02656	0.09645	0.02521	0.03277	0.02031	0.02911	0.01561	0.01424	0.01446	0.07977	0.01360	0.00968	0.00571	0.01222
28	0.02335	0.01666	0.02319	0.02572	0.10316	0.01762	0.01714	0.06198	0.06109	0.08062	0.03398	0.05153	0.03125	0.12400	0.21764	0.00960	0.01734	0.06384	0.00780	0.01249
29	0.07566	0.02574	0.03137	0.33425	0.05552	0.07759	0.02536	0.17027	0.03097	0.04109	0.02083	0.02657	0.01546	0.01151	0.01051	0.00343	0.01384	0.00922	0.00681	0.01401

[dist]
# distance from previous block
# <min> <max>
0	38

[block]
# block no. 5 follows, 12 sequences, length 25
# corresponding to MSA columns:
# 1617-1629,1632-1643
name=unknown_F
#
# <colnr> <probs for GDERKNQSTAVLIFYWHMCP>
#	G	D	E	R	K	N	Q	S	T	A	V	L	I	F	Y	W	H	M	C	P
0	0.17925	0.07729	0.02821	0.02034	0.02835	0.09079	0.01677	0.15443	0.03168	0.16783	0.02507	0.02508	0.01794	0.01149	0.00928	0.00301	0.01107	0.00824	0.00901	0.08486
1	0.22657	0.02329	0.02879	0.02474	0.06517	0.02359	0.07519	0.12837	0.02794	0.04598	0.02277	0.03048	0.01895	0.01159	0.00953	0.00309	0.01069	0.04296	0.00753	0.17277
2	0.27587	0.02544	0.02863	0.02245	0.03059	0.08730	0.09711	0.03663	0.02408	0.12691	0.02196	0.02404	0.01620	0.01030	0.00909	0.00304	0.01152	0.00815	0.00749	0.13319
3	0.02360	0.01903	0.02292	0.06616	0.02907	0.01745	0.01512	0.11100	0.02724	0.03898	0.03020	0.16230	0.02964	0.01536	0.01020	0.00274	0.00891	0.01312	0.00798	0.34899
4	0.01561	0.01183	0.01467	0.01636	0.01792	0.01193	0.01132	0.02238	0.10638	0.03083	0.05745	0.51395	0.06558	0.03090	0.01344	0.00431	0.00671	0.02786	0.01029	0.01027
5	0.02261	0.01938	0.02261	0.01615	0.02584	0.01453	0.01292	0.02745	0.02261	0.03553	0.01938	0.02261	0.01615	0.00807	0.00807	0.00161	0.00807	0.00646	0.00646	0.68346
6	0.01659	0.01189	0.01629	0.01783	0.02020	0.01159	0.01484	0.02139	0.02641	0.03543	0.19814	0.15166	0.07513	0.02820	0.01433	0.00451	0.00832	0.30661	0.01061	0.01001
7	0.01426	0.01037	0.01366	0.01593	0.01731	0.00977	0.01170	0.01698	0.02227	0.02913	0.06456	0.44410	0.11703	0.03255	0.01408	0.00449	0.00713	0.13541	0.01010	0.00917
8	0.04596	0.01769	0.02374	0.01844	0.02627	0.01542	0.01516	0.05027	0.03034	0.50295	0.04225	0.03748	0.02709	0.01341	0.01062	0.00329	0.00884	0.01088	0.08222	0.01769
9	0.04145	0.03054	0.03272	0.02509	0.03381	0.03381	0.02072	0.51243	0.05127	0.06872	0.02618	0.02618	0.01854	0.01309	0.01091	0.00327	0.01200	0.00982	0.01091	0.01854
10	0.04818	0.01975	0.02604	0.01997	0.02843	0.01780	0.01649	0.09883	0.03320	0.50783	0.04134	0.03602	0.02615	0.01345	0.01096	0.00336	0.00955	0.01085	0.01324	0.01855
11	0.02033	0.01016	0.01016	0.01016	0.01270	0.01016	0.00762	0.02541	0.02287	0.04065	0.03557	0.04065	0.02795	0.01270	0.00762	0.00254	0.00508	0.01016	0.67734	0.01016
12	0.02261	0.01938	0.02261	0.01615	0.02584	0.01453	0.01292	0.02745	0.02261	0.03553	0.01938	0.02261	0.01615	0.00807	0.00807	0.00161	0.00807	0.00646	0.00646	0.68346
13	0.69383	0.02109	0.01603	0.01434	0.02109	0.02446	0.01181	0.03205	0.01856	0.04892	0.01518	0.01771	0.01181	0.01012	0.00675	0.00337	0.00843	0.00590	0.00675	0.01181
14	0.01894	0.00947	0.01420	0.01420	0.01420	0.00947	0.00947	0.01420	0.01420	0.01894	0.01894	0.03314	0.01894	0.03788	0.04261	0.68277	0.00947	0.00947	0.00473	0.00473
15	0.01543	0.01115	0.01457	0.01372	0.01629	0.01029	0.01029	0.02058	0.03086	0.04372	0.54304	0.08145	0.10288	0.02229	0.01286	0.00343	0.00514	0.01972	0.01200	0.01029
16	0.02033	0.01016	0.01016	0.01016	0.01270	0.01016	0.00762	0.02541	0.02287	0.04065	0.03557	0.04065	0.02795	0.01270	0.00762	0.00254	0.00508	0.01016	0.67734	0.01016
17	0.01558	0.01168	0.01752	0.01752	0.01947	0.01363	0.01363	0.01947	0.01752	0.02531	0.02921	0.04283	0.02726	0.08178	0.57360	0.01752	0.02921	0.01168	0.00584	0.00974
18	0.04892	0.01856	0.02530	0.01940	0.02783	0.01603	0.01603	0.05314	0.03121	0.55634	0.04302	0.03711	0.02699	0.01350	0.01096	0.00337	0.00928	0.01096	0.01350	0.01856
19	0.02187	0.05640	0.56031	0.03108	0.04719	0.02532	0.04029	0.03453	0.02302	0.03453	0.01957	0.02302	0.01381	0.01036	0.01036	0.00345	0.01611	0.00806	0.00460	0.01611
20	0.02699	0.02591	0.04426	0.06693	0.54879	0.02591	0.03346	0.03346	0.02483	0.03562	0.02051	0.02699	0.01727	0.00972	0.01079	0.00324	0.01295	0.00972	0.00540	0.01727
21	0.02844	0.02487	0.03023	0.02533	0.03234	0.02787	0.07636	0.10224	0.41952	0.04673	0.03983	0.03783	0.02976	0.01395	0.01129	0.00365	0.01014	0.01213	0.01041	0.01709
22	0.02594	0.02845	0.08898	0.03017	0.03392	0.03206	0.07340	0.08599	0.02236	0.03300	0.01702	0.02460	0.01499	0.01651	0.02800	0.00435	0.41151	0.00976	0.00556	0.01341
23	0.54850	0.02396	0.01830	0.01593	0.02291	0.07802	0.01287	0.03265	0.02027	0.04510	0.01585	0.01849	0.01255	0.00999	0.00721	0.00311	0.00951	0.00608	0.00660	0.09210
24	0.11099	0.12233	0.24477	0.02434	0.03583	0.02765	0.02643	0.11808	0.02852	0.12793	0.02345	0.02449	0.01660	0.01117	0.00964	0.00324	0.01272	0.00827	0.00742	0.01612

[dist]
# distance from previous block
# <min> <max>
0	2

[block]
# block no. 6 follows, 12 sequences, length 13
# corresponding to MSA columns:
# 1646-1658
name=unknown_G
#
# <colnr> <probs for GDERKNQSTAVLIFYWHMCP>
#	G	D	E	R	K	N	Q	S	T	A	V	L	I	F	Y	W	H	M	C	P
0	0.02365	0.12048	0.02394	0.01557	0.02035	0.01708	0.01276	0.02835	0.02939	0.12931	0.36328	0.06248	0.07405	0.01848	0.01150	0.00323	0.00701	0.01575	0.01097	0.01237
1	0.01378	0.01019	0.01288	0.01409	0.01575	0.00929	0.00985	0.01668	0.02418	0.03229	0.19577	0.38433	0.16104	0.02992	0.01346	0.00404	0.00588	0.02666	0.01062	0.00929
2	0.02581	0.02513	0.02407	0.01826	0.02723	0.11311	0.01436	0.03029	0.02407	0.03397	0.01893	0.02209	0.01578	0.00863	0.00838	0.00183	0.01012	0.00656	0.00631	0.56507
3	0.01900	0.01680	0.02350	0.02175	0.02241	0.02163	0.01713	0.02153	0.01760	0.02584	0.02823	0.13651	0.03024	0.08887	0.18438	0.00877	0.28484	0.01445	0.00617	0.01033
4	0.01425	0.01081	0.01338	0.01504	0.01719	0.00993	0.01142	0.01725	0.02331	0.02962	0.07655	0.31321	0.22973	0.03090	0.01386	0.00433	0.00701	0.14283	0.01010	0.00928
5	0.04507	0.02473	0.02912	0.02233	0.03091	0.02518	0.01844	0.28957	0.04153	0.30532	0.03435	0.03148	0.02264	0.01329	0.01094	0.00332	0.01068	0.01037	0.01216	0.01855
6	0.03218	0.02822	0.03086	0.03138	0.12216	0.07475	0.02139	0.17727	0.26683	0.04860	0.03285	0.03251	0.02479	0.01313	0.01088	0.00343	0.01125	0.01073	0.00958	0.01722
7	0.11939	0.02019	0.02191	0.01922	0.02526	0.02199	0.01514	0.04734	0.28873	0.13589	0.12354	0.04375	0.04090	0.01518	0.01078	0.00355	0.00813	0.01245	0.01108	0.01558
8	0.02552	0.02441	0.04162	0.18663	0.44051	0.02552	0.03274	0.03218	0.02414	0.03385	0.02025	0.02746	0.01665	0.00999	0.01082	0.00333	0.01331	0.00971	0.00527	0.01609
9	0.04145	0.03054	0.03272	0.02509	0.03381	0.03381	0.02072	0.51243	0.05127	0.06872	0.02618	0.02618	0.01854	0.01309	0.01091	0.00327	0.01200	0.00982	0.01091	0.01854
10	0.02261	0.01938	0.02261	0.01615	0.02584	0.01453	0.01292	0.02745	0.02261	0.03553	0.01938	0.02261	0.01615	0.00807	0.00807	0.00161	0.00807	0.00646	0.00646	0.68346
11	0.02574	0.02941	0.06434	0.04596	0.05699	0.02757	0.50919	0.03493	0.02574	0.03493	0.02206	0.02941	0.01654	0.00919	0.01287	0.00368	0.01838	0.01287	0.00551	0.01471
12	0.19037	0.02193	0.03323	0.02508	0.03380	0.02093	0.14203	0.04363	0.02691	0.30611	0.03126	0.03070	0.02083	0.01162	0.01049	0.00345	0.01143	0.01030	0.00990	0.01602

[dist]
# distance from previous block
# <min> <max>
0	19

[block]
# block no. 7 follows, 12 sequences, length 12
# corresponding to MSA columns:
# 1678-1689
name=unknown_H
#
# <colnr> <probs for GDERKNQSTAVLIFYWHMCP>
#	G	D	E	R	K	N	Q	S	T	A	V	L	I	F	Y	W	H	M	C	P
0	0.02075	0.01256	0.01559	0.01442	0.01840	0.01116	0.01131	0.02493	0.02841	0.12939	0.26664	0.08509	0.23178	0.02320	0.01273	0.00365	0.00645	0.06067	0.01147	0.01138
1	0.02645	0.01425	0.01976	0.01989	0.02408	0.01353	0.01713	0.03124	0.02683	0.18095	0.05356	0.09867	0.05262	0.02541	0.01390	0.00455	0.00982	0.34387	0.01102	0.01245
2	0.69383	0.02109	0.01603	0.01434	0.02109	0.02446	0.01181	0.03205	0.01856	0.04892	0.01518	0.01771	0.01181	0.01012	0.00675	0.00337	0.00843	0.00590	0.00675	0.01181
3	0.14673	0.02331	0.02454	0.06952	0.03154	0.02701	0.01771	0.09208	0.35138	0.04679	0.03539	0.03428	0.02652	0.01347	0.01029	0.00360	0.00940	0.01073	0.00977	0.01596
4	0.01411	0.00997	0.01228	0.01378	0.01443	0.00945	0.00882	0.01544	0.01952	0.02574	0.05540	0.39322	0.09725	0.22645	0.02760	0.00640	0.00767	0.02538	0.00896	0.00814
5	0.02113	0.01246	0.01612	0.01445	0.01818	0.01120	0.01110	0.02586	0.03029	0.13358	0.40851	0.07601	0.13571	0.02128	0.01253	0.00345	0.00592	0.01850	0.01207	0.01165
6	0.02699	0.02591	0.04426	0.06693	0.54879	0.02591	0.03346	0.03346	0.02483	0.03562	0.02051	0.02699	0.01727	0.00972	0.01079	0.00324	0.01295	0.00972	0.00540	0.01727
7	0.02863	0.02424	0.03477	0.31012	0.14585	0.02770	0.02769	0.18923	0.03209	0.04276	0.02183	0.02774	0.01635	0.01141	0.01088	0.00344	0.01341	0.00974	0.00695	0.01516
8	0.14237	0.01615	0.02114	0.14815	0.03299	0.01787	0.01684	0.02761	0.02197	0.11218	0.03714	0.24519	0.03748	0.02040	0.01295	0.00392	0.04815	0.01717	0.00847	0.01181
9	0.01632	0.01192	0.01724	0.11698	0.02633	0.01227	0.01368	0.01949	0.02409	0.03295	0.24308	0.20322	0.06625	0.02575	0.01733	0.10747	0.00779	0.01932	0.00912	0.00939
10	0.03951	0.01742	0.02431	0.11978	0.03395	0.01659	0.01728	0.04440	0.02826	0.38341	0.03767	0.03622	0.02492	0.01291	0.01044	0.00329	0.00957	0.01062	0.11333	0.01613
11	0.13603	0.02027	0.02512	0.10631	0.03420	0.02050	0.01799	0.10225	0.02914	0.23721	0.03164	0.03682	0.02338	0.01329	0.01033	0.00335	0.01025	0.04645	0.00979	0.08568

[dist]
# distance from previous block
# <min> <max>
3	11

[block]
# block no. 8 follows, 12 sequences, length 28
# corresponding to MSA columns:
# 1702-1729
name=unknown_I
#
# <colnr> <probs for GDERKNQSTAVLIFYWHMCP>
#	G	D	E	R	K	N	Q	S	T	A	V	L	I	F	Y	W	H	M	C	P
0	0.01662	0.07136	0.08504	0.01689	0.02097	0.01455	0.01468	0.02126	0.02516	0.03468	0.23996	0.27714	0.07170	0.02434	0.01244	0.00373	0.00755	0.02148	0.00968	0.01078
1	0.02942	0.12774	0.10317	0.02580	0.03446	0.02672	0.09815	0.10033	0.02754	0.10492	0.02653	0.08024	0.02239	0.01354	0.01264	0.00329	0.06253	0.01118	0.00752	0.08188
2	0.02435	0.02302	0.08841	0.01823	0.02781	0.01553	0.01637	0.02984	0.02337	0.08682	0.02527	0.07465	0.02176	0.01114	0.00915	0.00226	0.00904	0.00922	0.00725	0.47652
3	0.09151	0.11410	0.09737	0.07329	0.03454	0.02589	0.02153	0.08061	0.02722	0.22820	0.02721	0.02785	0.01905	0.01250	0.01242	0.00338	0.06986	0.00907	0.00865	0.01577
4	0.03241	0.02840	0.09688	0.15746	0.04381	0.07747	0.06456	0.09890	0.02854	0.15757	0.02577	0.02930	0.01842	0.01414	0.01387	0.06688	0.01353	0.00979	0.00776	0.01454
5	0.01876	0.01144	0.01518	0.01497	0.01754	0.01046	0.01093	0.02258	0.02717	0.10107	0.30071	0.27351	0.08201	0.02564	0.01302	0.00380	0.00610	0.02286	0.01148	0.01077
6	0.01565	0.01140	0.01609	0.01609	0.01755	0.01285	0.01185	0.01855	0.01710	0.02425	0.03051	0.05007	0.03040	0.21755	0.44212	0.01576	0.02448	0.01274	0.00604	0.00894
7	0.02385	0.02385	0.03340	0.02863	0.02863	0.03340	0.02385	0.02624	0.01670	0.02624	0.01431	0.02385	0.01431	0.01908	0.03578	0.00477	0.59685	0.00954	0.00477	0.01193
8	0.01711	0.01081	0.01306	0.01250	0.01506	0.01025	0.00938	0.02223	0.02813	0.04267	0.36931	0.06748	0.07723	0.01901	0.01107	0.00313	0.00512	0.01645	0.23978	0.01025
9	0.03968	0.02596	0.02898	0.02303	0.03106	0.02797	0.01876	0.29211	0.16420	0.17811	0.03463	0.03233	0.02417	0.01360	0.01097	0.00340	0.01053	0.01071	0.01156	0.01823
10	0.01498	0.01113	0.01395	0.01324	0.01601	0.01010	0.00993	0.01970	0.02979	0.04118	0.46603	0.08563	0.18147	0.02324	0.01286	0.00347	0.00521	0.02031	0.01167	0.01010
11	0.01757	0.01255	0.01757	0.02008	0.02259	0.01255	0.01757	0.02259	0.02510	0.03263	0.05773	0.12299	0.06275	0.03012	0.01506	0.00502	0.01004	0.47540	0.01004	0.01004
12	0.02261	0.01938	0.02261	0.01615	0.02584	0.01453	0.01292	0.02745	0.02261	0.03553	0.01938	0.02261	0.01615	0.00807	0.00807	0.00161	0.00807	0.00646	0.00646	0.68346
13	0.02033	0.01016	0.01016	0.01016	0.01270	0.01016	0.00762	0.02541	0.02287	0.04065	0.03557	0.04065	0.02795	0.01270	0.00762	0.00254	0.00508	0.01016	0.67734	0.01016
14	0.01561	0.01155	0.01683	0.01683	0.01853	0.01325	0.01276	0.01902	0.01732	0.02480	0.02984	0.04636	0.02879	0.14783	0.50963	0.01666	0.02690	0.01220	0.00594	0.00935
15	0.02915	0.62337	0.05714	0.01866	0.02799	0.04314	0.01866	0.03265	0.02215	0.02565	0.01516	0.01749	0.01399	0.00933	0.00700	0.00233	0.01166	0.00583	0.00466	0.01399
16	0.02699	0.02591	0.04426	0.06693	0.54879	0.02591	0.03346	0.03346	0.02483	0.03562	0.02051	0.02699	0.01727	0.00972	0.01079	0.00324	0.01295	0.00972	0.00540	0.01727
17	0.02699	0.02591	0.04426	0.06693	0.54879	0.02591	0.03346	0.03346	0.02483	0.03562	0.02051	0.02699	0.01727	0.00972	0.01079	0.00324	0.01295	0.00972	0.00540	0.01727
18	0.01328	0.00949	0.01265	0.01518	0.01581	0.00886	0.01012	0.01518	0.02088	0.02783	0.06010	0.60969	0.07212	0.03416	0.01392	0.00443	0.00633	0.03100	0.01012	0.00886
19	0.02187	0.05640	0.56031	0.03108	0.04719	0.02532	0.04029	0.03453	0.02302	0.03453	0.01957	0.02302	0.01381	0.01036	0.01036	0.00345	0.01611	0.00806	0.00460	0.01611
20	0.04892	0.01856	0.02530	0.01940	0.02783	0.01603	0.01603	0.05314	0.03121	0.55634	0.04302	0.03711	0.02699	0.01350	0.01096	0.00337	0.00928	0.01096	0.01350	0.01856
21	0.04071	0.02871	0.03122	0.02427	0.03271	0.03148	0.01994	0.42407	0.09717	0.11197	0.02957	0.02865	0.02081	0.01330	0.01093	0.00332	0.01141	0.01018	0.01117	0.01842
22	0.02059	0.01938	0.03270	0.59060	0.07510	0.02422	0.03028	0.02786	0.02180	0.02786	0.01938	0.02907	0.01453	0.01090	0.01090	0.00363	0.01453	0.00969	0.00484	0.01211
23	0.07537	0.21820	0.25006	0.09350	0.03996	0.02921	0.02753	0.03168	0.02297	0.03294	0.06512	0.02694	0.02184	0.01117	0.00935	0.00312	0.01297	0.00846	0.00549	0.01411
24	0.02553	0.34136	0.30742	0.02483	0.03754	0.03428	0.02941	0.03358	0.02259	0.03007	0.01735	0.02024	0.01390	0.00984	0.00867	0.00289	0.01388	0.00694	0.00463	0.01505
25	0.01489	0.01017	0.01218	0.01312	0.01336	0.00993	0.00792	0.01560	0.01773	0.02364	0.04398	0.27266	0.05178	0.39893	0.03995	0.00827	0.00898	0.02152	0.00792	0.00745
26	0.02660	0.02960	0.08180	0.12423	0.10181	0.12112	0.02387	0.03915	0.16749	0.03400	0.02895	0.03700	0.02388	0.01527	0.01335	0.05382	0.01303	0.04385	0.00717	0.01401
27	0.13557	0.01902	0.02087	0.06012	0.02694	0.02120	0.01526	0.08330	0.18845	0.04388	0.12357	0.13678	0.04522	0.01808	0.01111	0.00367	0.00838	0.01519	0.00988	0.01350

[dist]
# distance from previous block
# <min> <max>
0	22

[block]
# block no. 9 follows, 12 sequences, length 6
# corresponding to MSA columns:
# 1752-1757
name=unknown_J
#
# <colnr> <probs for GDERKNQSTAVLIFYWHMCP>
#	G	D	E	R	K	N	Q	S	T	A	V	L	I	F	Y	W	H	M	C	P
0	0.28502	0.12980	0.08933	0.01930	0.02764	0.02747	0.01795	0.04038	0.13265	0.09739	0.02508	0.02541	0.01876	0.01140	0.00862	0.00327	0.01002	0.00809	0.00782	0.01461
1	0.34228	0.02414	0.02989	0.10093	0.07175	0.02676	0.08394	0.12547	0.02674	0.04719	0.01916	0.02307	0.01449	0.01065	0.00921	0.00342	0.01158	0.00836	0.00705	0.01392
2	0.02119	0.08004	0.02105	0.01494	0.01981	0.01492	0.01197	0.02582	0.02850	0.09509	0.33507	0.06470	0.11064	0.01870	0.01146	0.00311	0.00668	0.01597	0.01056	0.08978
3	0.02662	0.02253	0.02639	0.02580	0.10728	0.06699	0.01761	0.03150	0.02471	0.07867	0.02554	0.03526	0.02216	0.01149	0.00967	0.00250	0.01020	0.05883	0.00721	0.38905
4	0.02384	0.21005	0.42395	0.02771	0.04199	0.03015	0.03442	0.03402	0.02279	0.03212	0.01837	0.02152	0.01386	0.01008	0.00945	0.00315	0.01491	0.00745	0.00462	0.01554
5	0.01932	0.01523	0.01793	0.01654	0.02030	0.01589	0.01261	0.03301	0.19663	0.04435	0.37713	0.06788	0.07973	0.01980	0.01227	0.00352	0.00630	0.01726	0.01170	0.01261

[dist]
# distance from previous block
# <min> <max>
0	4

[block]
# block no. 10 follows, 12 sequences, length 14
# corresponding to MSA columns:
# 1762-1775
name=unknown_K
#
# <colnr> <probs for GDERKNQSTAVLIFYWHMCP>
#	G	D	E	R	K	N	Q	S	T	A	V	L	I	F	Y	W	H	M	C	P
