[name]
unknown

[dist]
# distance from previous block
# <min> <max>
0	362

[block]
# block no. 0 follows, 12 sequences, length 30
# corresponding to MSA columns:
# 402-431
name=unknown_A
#
# <colnr> <probs for GDERKNQSTAVLIFYWHMCP>
#	G	D	E	R	K	N	Q	S	T	A	V	L	I	F	Y	W	H	M	C	P
0	0.01652	0.01206	0.01621	0.01837	0.02087	0.01174	0.01559	0.02094	0.02468	0.03175	0.06532	0.16514	0.13092	0.03014	0.01465	0.00478	0.00907	0.37139	0.01006	0.00981
1	0.02390	0.02234	0.03745	0.18007	0.36530	0.02334	0.02949	0.03037	0.02497	0.03497	0.09328	0.03508	0.02861	0.01175	0.01111	0.00336	0.01223	0.01111	0.00619	0.01511
2	0.03371	0.02731	0.03132	0.15164	0.08088	0.08324	0.02233	0.20959	0.03475	0.09287	0.02386	0.02670	0.01753	0.01149	0.01039	0.00308	0.01264	0.00912	0.00821	0.10933
3	0.02725	0.53788	0.05160	0.01850	0.02680	0.03902	0.01795	0.03081	0.02151	0.02561	0.01712	0.02103	0.01585	0.01945	0.08618	0.00446	0.01411	0.00665	0.00483	0.01340
4	0.07923	0.01200	0.01431	0.01521	0.01761	0.01159	0.01117	0.02076	0.02207	0.06926	0.05870	0.31526	0.12447	0.08994	0.01742	0.00488	0.00761	0.08899	0.00968	0.00983
5	0.02311	0.02249	0.03967	0.19962	0.21236	0.02413	0.11480	0.02980	0.02436	0.03373	0.09302	0.03538	0.02811	0.01243	0.01341	0.00357	0.05823	0.01166	0.00614	0.01397
6	0.03058	0.02181	0.02529	0.01864	0.02794	0.01914	0.01513	0.14165	0.03035	0.11588	0.02423	0.02545	0.01821	0.00998	0.00912	0.00224	0.00914	0.00786	0.00846	0.43890
7	0.01652	0.01180	0.01480	0.09277	0.02073	0.01248	0.00992	0.01753	0.01669	0.02208	0.03226	0.06544	0.03613	0.53213	0.04926	0.00960	0.01112	0.01499	0.00636	0.00738
8	0.02059	0.01938	0.03270	0.59060	0.07510	0.02422	0.03028	0.02786	0.02180	0.02786	0.01938	0.02907	0.01453	0.01090	0.01090	0.00363	0.01453	0.00969	0.00484	0.01211
9	0.02997	0.16518	0.23578	0.02568	0.03705	0.03189	0.02729	0.18313	0.08450	0.04429	0.02326	0.02467	0.01734	0.01144	0.00989	0.00319	0.01312	0.00857	0.00723	0.01653
10	0.01451	0.01059	0.01227	0.01251	0.01446	0.00963	0.00859	0.01622	0.02225	0.02857	0.14190	0.16096	0.25482	0.15485	0.02488	0.06756	0.00703	0.02091	0.00915	0.00835
11	0.02482	0.04167	0.34108	0.02662	0.03858	0.02397	0.03028	0.04097	0.15481	0.07797	0.06623	0.03295	0.02639	0.01262	0.01078	0.00351	0.01285	0.01024	0.00750	0.01617
12	0.02258	0.01709	0.02063	0.01573	0.02340	0.01349	0.01243	0.02746	0.02547	0.07573	0.16292	0.03960	0.04043	0.01232	0.00958	0.00223	0.00737	0.01038	0.00847	0.45266
13	0.02852	0.11225	0.03529	0.12720	0.03897	0.07077	0.05661	0.13445	0.07509	0.03804	0.02586	0.03633	0.02227	0.05231	0.01563	0.00395	0.06122	0.04403	0.00727	0.01393
14	0.02405	0.22590	0.40988	0.02736	0.04145	0.03065	0.03382	0.03397	0.02276	0.03188	0.01825	0.02137	0.01387	0.01005	0.00935	0.00312	0.01478	0.00739	0.00462	0.01548
15	0.69383	0.02109	0.01603	0.01434	0.02109	0.02446	0.01181	0.03205	0.01856	0.04892	0.01518	0.01771	0.01181	0.01012	0.00675	0.00337	0.00843	0.00590	0.00675	0.01181
16	0.01976	0.01784	0.02555	0.02314	0.02410	0.02363	0.01880	0.02289	0.01711	0.02578	0.02167	0.03323	0.02071	0.05006	0.30155	0.01107	0.31634	0.01060	0.00530	0.01084
17	0.02261	0.01938	0.02261	0.01615	0.02584	0.01453	0.01292	0.02745	0.02261	0.03553	0.01938	0.02261	0.01615	0.00807	0.00807	0.00161	0.00807	0.00646	0.00646	0.68346
18	0.01509	0.01127	0.01411	0.01379	0.01660	0.01029	0.01061	0.01970	0.02893	0.03940	0.39640	0.09100	0.19646	0.02429	0.01310	0.00365	0.00574	0.06818	0.01138	0.01002
19	0.01953	0.01769	0.02456	0.02238	0.02311	0.02273	0.01785	0.02240	0.02000	0.02941	0.11306	0.15915	0.04234	0.02799	0.07175	0.00553	0.32654	0.01596	0.00719	0.01082
20	0.04559	0.02390	0.02861	0.02193	0.03050	0.02396	0.01812	0.25788	0.04015	0.33897	0.03551	0.03224	0.02322	0.01331	0.01094	0.00333	0.01049	0.01045	0.01234	0.01855
21	0.01453	0.01065	0.01364	0.01387	0.01599	0.00975	0.01003	0.01847	0.02728	0.03753	0.35504	0.23999	0.14003	0.02636	0.01318	0.00375	0.00553	0.02340	0.01125	0.00975
22	0.03827	0.18359	0.03903	0.02343	0.03231	0.03622	0.02019	0.38857	0.04375	0.05760	0.02333	0.02394	0.01737	0.01212	0.00990	0.00303	0.01191	0.00879	0.00930	0.01737
23	0.01894	0.00947	0.01420	0.01420	0.01420	0.00947	0.00947	0.01420	0.01420	0.01894	0.01894	0.03314	0.01894	0.03788	0.04261	0.68277	0.00947	0.00947	0.00473	0.00473
24	0.04145	0.03054	0.03272	0.02509	0.03381	0.03381	0.02072	0.51243	0.05127	0.06872	0.02618	0.02618	0.01854	0.01309	0.01091	0.00327	0.01200	0.00982	0.01091	0.01854
25	0.02261	0.01938	0.02261	0.01615	0.02584	0.01453	0.01292	0.02745	0.02261	0.03553	0.01938	0.02261	0.01615	0.00807	0.00807	0.00161	0.00807	0.00646	0.00646	0.68346
26	0.03426	0.02697	0.02867	0.02363	0.03107	0.03045	0.01898	0.28428	0.29113	0.05712	0.03531	0.03346	0.02594	0.01394	0.01100	0.00349	0.01031	0.01108	0.01100	0.01790
27	0.69383	0.02109	0.01603	0.01434	0.02109	0.02446	0.01181	0.03205	0.01856	0.04892	0.01518	0.01771	0.01181	0.01012	0.00675	0.00337	0.00843	0.00590	0.00675	0.01181
28	0.02915	0.62337	0.05714	0.01866	0.02799	0.04314	0.01866	0.03265	0.02215	0.02565	0.01516	0.01749	0.01399	0.00933	0.00700	0.00233	0.01166	0.00583	0.00466	0.01399
29	0.03928	0.02002	0.03014	0.02382	0.03158	0.01853	0.08781	0.08291	0.03097	0.34598	0.04127	0.05066	0.03127	0.01585	0.01198	0.00371	0.01095	0.09530	0.01150	0.01646

[dist]
# distance from previous block
# <min> <max>
0	3

[block]
# block no. 1 follows, 12 sequences, length 73
# corresponding to MSA columns:
# 435-490,492-508
name=unknown_B
#
# <colnr> <probs for GDERKNQSTAVLIFYWHMCP>
#	G	D	E	R	K	N	Q	S	T	A	V	L	I	F	Y	W	H	M	C	P
0	0.01586	0.01057	0.01189	0.01189	0.01189	0.01057	0.00661	0.01586	0.01586	0.02114	0.03436	0.07135	0.03964	0.61681	0.05550	0.01057	0.01057	0.01586	0.00661	0.00661
1	0.01392	0.01013	0.01312	0.01439	0.01587	0.00933	0.01002	0.01691	0.02432	0.03294	0.21528	0.40335	0.12018	0.02991	0.01350	0.00405	0.00589	0.02682	0.01071	0.00933
2	0.03044	0.01432	0.01895	0.01594	0.02108	0.01279	0.01260	0.03518	0.03043	0.26778	0.28719	0.05907	0.06420	0.01774	0.01165	0.00334	0.00695	0.01519	0.06127	0.01390
3	0.02570	0.01346	0.01764	0.01528	0.01977	0.01199	0.01192	0.03036	0.03048	0.20293	0.35140	0.06949	0.11507	0.01997	0.01227	0.00343	0.00647	0.01725	0.01232	0.01279
4	0.02994	0.02482	0.02624	0.02276	0.02943	0.02844	0.01794	0.14727	0.43518	0.05015	0.04080	0.03783	0.03039	0.01446	0.01106	0.00361	0.00929	0.01183	0.01106	0.01751
5	0.63827	0.02189	0.01745	0.01525	0.02217	0.02526	0.01257	0.07296	0.02134	0.05061	0.01612	0.01843	0.01238	0.01037	0.00710	0.00337	0.00874	0.00624	0.00710	0.01238
6	0.09018	0.02829	0.02901	0.02341	0.03042	0.08337	0.01906	0.28948	0.03860	0.12022	0.02598	0.02754	0.01910	0.01901	0.06021	0.00457	0.05633	0.00952	0.00951	0.01619
7	0.03453	0.02285	0.02436	0.01956	0.02636	0.08212	0.01536	0.11471	0.02911	0.18321	0.02678	0.02901	0.01990	0.01666	0.01635	0.13640	0.01069	0.00894	0.00874	0.17435
8	0.02609	0.02841	0.05858	0.05197	0.19809	0.02710	0.37269	0.03451	0.02547	0.03513	0.02161	0.02872	0.01675	0.00934	0.01227	0.00355	0.01682	0.01196	0.00548	0.01544
9	0.03199	0.01832	0.02263	0.01696	0.02563	0.01464	0.01372	0.03641	0.02616	0.23792	0.03672	0.03561	0.06751	0.01193	0.00963	0.00248	0.00832	0.00969	0.00953	0.36422
10	0.02701	0.02542	0.04040	0.05813	0.44650	0.02615	0.03028	0.03827	0.12394	0.03759	0.02520	0.02968	0.02042	0.01071	0.01085	0.00333	0.01210	0.01023	0.00652	0.01727
11	0.01487	0.01121	0.01380	0.01341	0.01628	0.01014	0.01023	0.01935	0.02881	0.03903	0.39082	0.09074	0.22214	0.02429	0.01302	0.00361	0.00558	0.05135	0.01135	0.00997
12	0.01726	0.01385	0.01949	0.01855	0.01971	0.01689	0.01420	0.02006	0.01702	0.02464	0.02734	0.04497	0.02726	0.17942	0.36141	0.01359	0.13694	0.01212	0.00579	0.00952
13	0.03239	0.46480	0.05014	0.02094	0.02956	0.13380	0.01928	0.08292	0.02660	0.03017	0.01656	0.01874	0.01446	0.01004	0.00788	0.00251	0.01308	0.00644	0.00546	0.01422
14	0.02092	0.01983	0.03277	0.53392	0.07041	0.02515	0.02963	0.02770	0.02129	0.02770	0.01887	0.02854	0.01451	0.01173	0.01341	0.00375	0.07326	0.00968	0.00484	0.01209
15	0.02851	0.57364	0.10127	0.01975	0.02967	0.04158	0.02055	0.03281	0.02223	0.02643	0.01555	0.01798	0.01398	0.00942	0.00729	0.00243	0.01205	0.00603	0.00466	0.01418
16	0.63373	0.02011	0.01550	0.01397	0.02034	0.02318	0.01143	0.03146	0.01894	0.04818	0.01700	0.01976	0.01325	0.01035	0.00683	0.00330	0.00814	0.00628	0.06658	0.01166
17	0.02399	0.02149	0.03221	0.29135	0.13917	0.02508	0.02623	0.07427	0.07657	0.03602	0.07240	0.03421	0.02569	0.01304	0.01312	0.00361	0.05994	0.01092	0.00679	0.01391
18	0.02454	0.04541	0.39986	0.02779	0.04074	0.02389	0.03290	0.06488	0.06628	0.07208	0.02718	0.07795	0.02177	0.01322	0.01081	0.00354	0.01392	0.01075	0.00661	0.01587
19	0.01591	0.01317	0.02100	0.07254	0.05884	0.01296	0.05719	0.01922	0.02164	0.02896	0.05059	0.46967	0.05859	0.02833	0.01336	0.00422	0.00854	0.02614	0.00894	0.01020
20	0.69383	0.02109	0.01603	0.01434	0.02109	0.02446	0.01181	0.03205	0.01856	0.04892	0.01518	0.01771	0.01181	0.01012	0.00675	0.00337	0.00843	0.00590	0.00675	0.01181
21	0.02221	0.05403	0.51681	0.03238	0.04805	0.02552	0.08141	0.03457	0.02326	0.03457	0.01979	0.02358	0.01405	0.01026	0.01058	0.00347	0.01631	0.00848	0.00468	0.01599
22	0.01792	0.01226	0.01382	0.01335	0.01418	0.01250	0.00817	0.06011	0.01944	0.02596	0.03582	0.11316	0.04052	0.51332	0.04798	0.00940	0.01034	0.01661	0.00729	0.00786
23	0.02085	0.23016	0.09265	0.01724	0.02441	0.02349	0.01649	0.02549	0.02409	0.03131	0.12156	0.09934	0.14235	0.01733	0.01022	0.00304	0.00912	0.01408	0.00756	0.06923
24	0.02625	0.02440	0.04054	0.24926	0.27399	0.02637	0.07328	0.08727	0.02689	0.03661	0.02090	0.02786	0.01637	0.01049	0.01103	0.00342	0.01390	0.01000	0.00585	0.01533
25	0.69383	0.02109	0.01603	0.01434	0.02109	0.02446	0.01181	0.03205	0.01856	0.04892	0.01518	0.01771	0.01181	0.01012	0.00675	0.00337	0.00843	0.00590	0.00675	0.01181
26	0.02915	0.62337	0.05714	0.01866	0.02799	0.04314	0.01866	0.03265	0.02215	0.02565	0.01516	0.01749	0.01399	0.00933	0.00700	0.00233	0.01166	0.00583	0.00466	0.01399
27	0.01757	0.01255	0.01757	0.02008	0.02259	0.01255	0.01757	0.02259	0.02510	0.03263	0.05773	0.12299	0.06275	0.03012	0.01506	0.00502	0.01004	0.47540	0.01004	0.01004
28	0.01558	0.01168	0.01752	0.01752	0.01947	0.01363	0.01363	0.01947	0.01752	0.02531	0.02921	0.04283	0.02726	0.08178	0.57360	0.01752	0.02921	0.01168	0.00584	0.00974
29	0.01289	0.01105	0.01105	0.01105	0.01473	0.00920	0.00828	0.01565	0.02485	0.02946	0.11046	0.10493	0.54437	0.02761	0.01289	0.00368	0.00552	0.02301	0.01013	0.00920
30	0.01974	0.01823	0.03037	0.52368	0.06820	0.02244	0.02794	0.02638	0.02169	0.02786	0.02412	0.09660	0.02123	0.01361	0.01125	0.00373	0.01358	0.01217	0.00546	0.01173
31	0.02915	0.62337	0.05714	0.01866	0.02799	0.04314	0.01866	0.03265	0.02215	0.02565	0.01516	0.01749	0.01399	0.00933	0.00700	0.00233	0.01166	0.00583	0.00466	0.01399
32	0.02431	0.01733	0.02688	0.02345	0.02829	0.01684	0.10213	0.08307	0.02757	0.10256	0.04669	0.25369	0.04812	0.02372	0.01327	0.00416	0.01035	0.12523	0.00981	0.01253
33	0.02393	0.02279	0.03874	0.31710	0.32250	0.02510	0.03194	0.03079	0.02338	0.03191	0.01997	0.02798	0.01596	0.01028	0.01085	0.00343	0.01371	0.00970	0.00513	0.01481
34	0.04073	0.05197	0.03090	0.02809	0.03371	0.57303	0.02107	0.04354	0.03090	0.02669	0.01685	0.01966	0.01404	0.01124	0.00983	0.00281	0.01966	0.00702	0.00562	0.01264
35	0.02712	0.02342	0.02465	0.02219	0.02835	0.02712	0.01726	0.05794	0.52909	0.04561	0.04438	0.04068	0.03328	0.01479	0.01109	0.00370	0.00863	0.01233	0.01109	0.01726
36	0.02624	0.02515	0.04291	0.12783	0.49370	0.02571	0.03309	0.03281	0.02448	0.03472	0.02038	0.02723	0.01695	0.00985	0.01081	0.00328	0.01314	0.00971	0.00533	0.01667
37	0.69383	0.02109	0.01603	0.01434	0.02109	0.02446	0.01181	0.03205	0.01856	0.04892	0.01518	0.01771	0.01181	0.01012	0.00675	0.00337	0.00843	0.00590	0.00675	0.01181
38	0.02385	0.02385	0.03340	0.02863	0.02863	0.03340	0.02385	0.02624	0.01670	0.02624	0.01431	0.02385	0.01431	0.01908	0.03578	0.00477	0.59685	0.00954	0.00477	0.01193
39	0.01770	0.01231	0.01418	0.01346	0.01659	0.01208	0.01017	0.02551	0.08602	0.04134	0.30154	0.06941	0.13234	0.01968	0.01134	0.00327	0.00558	0.01687	0.17970	0.01093
40	0.04031	0.02575	0.03001	0.02364	0.03105	0.02814	0.01946	0.28663	0.08223	0.20042	0.03113	0.03025	0.02171	0.01405	0.01383	0.00351	0.07896	0.01032	0.01095	0.01767
41	0.27378	0.02640	0.02243	0.01854	0.02610	0.13092	0.01477	0.03740	0.02451	0.14094	0.02200	0.02310	0.01629	0.01052	0.00852	0.00284	0.01078	0.00726	0.00778	0.17514
42	0.02137	0.01221	0.01427	0.01403	0.01699	0.01203	0.01038	0.02796	0.07254	0.08999	0.10289	0.20058	0.04915	0.01996	0.01062	0.00335	0.00619	0.01726	0.28688	0.01135
43	0.02657	0.02234	0.02348	0.02121	0.02708	0.02574	0.01647	0.05529	0.48789	0.04521	0.04366	0.04068	0.03285	0.01462	0.01081	0.00360	0.00834	0.01215	0.06532	0.01668
44	0.33068	0.13923	0.02846	0.02217	0.08413	0.02715	0.01627	0.06857	0.02275	0.04172	0.01922	0.02312	0.01581	0.01671	0.05823	0.00435	0.01151	0.00743	0.04937	0.01311
45	0.48887	0.01959	0.01790	0.01538	0.02209	0.02127	0.01258	0.03553	0.02248	0.15861	0.07174	0.02802	0.02382	0.01202	0.00825	0.00338	0.00830	0.00833	0.00872	0.01313
46	0.02687	0.02077	0.03736	0.03494	0.13512	0.01967	0.17441	0.03276	0.02604	0.11507	0.10402	0.03942	0.03264	0.01424	0.01357	0.04916	0.01181	0.01244	0.08575	0.01393
47	0.01894	0.00947	0.01420	0.01420	0.01420	0.00947	0.00947	0.01420	0.01420	0.01894	0.01894	0.03314	0.01894	0.03788	0.04261	0.68277	0.00947	0.00947	0.00473	0.00473
48	0.02913	0.03265	0.03262	0.02846	0.03022	0.20222	0.02298	0.03165	0.02114	0.02638	0.01511	0.02254	0.01423	0.01663	0.02766	0.00416	0.41628	0.00875	0.00504	0.01215
49	0.02261	0.01938	0.02261	0.01615	0.02584	0.01453	0.01292	0.02745	0.02261	0.03553	0.01938	0.02261	0.01615	0.00807	0.00807	0.00161	0.00807	0.00646	0.00646	0.68346
50	0.01984	0.01642	0.01829	0.01729	0.02146	0.01759	0.01316	0.03539	0.24746	0.03859	0.14532	0.11629	0.15957	0.02562	0.05316	0.00473	0.00864	0.01766	0.01056	0.01295
51	0.02715	0.46773	0.19527	0.02207	0.03326	0.03825	0.02459	0.03317	0.02239	0.02809	0.01637	0.01901	0.01394	0.00961	0.00792	0.00264	0.01288	0.00644	0.00465	0.01457
52	0.02455	0.02342	0.03986	0.26630	0.36844	0.02527	0.03225	0.03133	0.02368	0.03267	0.02008	0.02778	0.01623	0.01017	0.01084	0.00339	0.01356	0.00971	0.00519	0.01531
53	0.02423	0.07213	0.07585	0.02074	0.02544	0.08571	0.01746	0.07711	0.06682	0.03192	0.02941	0.08859	0.02856	0.14983	0.10985	0.00714	0.05761	0.01260	0.00702	0.01199
54	0.02540	0.02227	0.02638	0.02324	0.02915	0.02503	0.05512	0.05116	0.43039	0.04270	0.04445	0.10597	0.03648	0.01660	0.01156	0.00378	0.00913	0.01454	0.01054	0.01608
55	0.03575	0.01569	0.02083	0.01695	0.02323	0.01371	0.01362	0.04010	0.03050	0.35715	0.19458	0.05647	0.09852	0.01740	0.01170	0.00342	0.00772	0.01466	0.01274	0.01526
56	0.01557	0.01072	0.01292	0.01433	0.01652	0.01006	0.01092	0.01903	0.02322	0.03187	0.06702	0.26111	0.17658	0.02740	0.01269	0.00401	0.00675	0.12856	0.14124	0.00947
57	0.02712	0.02342	0.02465	0.02219	0.02835	0.02712	0.01726	0.05794	0.52909	0.04561	0.04438	0.04068	0.03328	0.01479	0.01109	0.00370	0.00863	0.01233	0.01109	0.01726
58	0.04041	0.02303	0.02639	0.02063	0.02822	0.02378	0.01691	0.27427	0.03966	0.22939	0.03348	0.03233	0.02300	0.01316	0.01037	0.00318	0.00991	0.01026	0.12448	0.01713
59	0.17054	0.02729	0.02858	0.02231	0.03062	0.02991	0.01843	0.36460	0.04250	0.12154	0.02598	0.02579	0.01820	0.01255	0.01010	0.00330	0.01098	0.00918	0.01039	0.01722
60	0.02854	0.11433	0.37435	0.02734	0.04085	0.02673	0.03237	0.07905	0.02664	0.11567	0.02319	0.02479	0.01625	0.01095	0.01011	0.00329	0.01420	0.00839	0.00651	0.01645
61	0.02915	0.62337	0.05714	0.01866	0.02799	0.04314	0.01866	0.03265	0.02215	0.02565	0.01516	0.01749	0.01399	0.00933	0.00700	0.00233	0.01166	0.00583	0.00466	0.01399
62	0.69383	0.02109	0.01603	0.01434	0.02109	0.02446	0.01181	0.03205	0.01856	0.04892	0.01518	0.01771	0.01181	0.01012	0.00675	0.00337	0.00843	0.00590	0.00675	0.01181
63	0.03410	0.02539	0.02747	0.02291	0.03017	0.02835	0.01833	0.21283	0.31813	0.10238	0.03803	0.03538	0.02764	0.01409	0.01102	0.00352	0.00984	0.01134	0.01126	0.01782
64	0.01525	0.01096	0.01460	0.01520	0.01726	0.01031	0.01151	0.01953	0.02727	0.03767	0.33331	0.22575	0.08792	0.02673	0.01352	0.00397	0.00630	0.10190	0.01117	0.00987
65	0.02059	0.01938	0.03270	0.59060	0.07510	0.02422	0.03028	0.02786	0.02180	0.02786	0.01938	0.02907	0.01453	0.01090	0.01090	0.00363	0.01453	0.00969	0.00484	0.01211
66	0.01382	0.01077	0.01254	0.01275	0.01546	0.00950	0.00932	0.01721	0.02609	0.03392	0.24554	0.19627	0.30358	0.02712	0.01308	0.00374	0.00555	0.02348	0.01075	0.00950
67	0.01894	0.00947	0.01420	0.01420	0.01420	0.00947	0.00947	0.01420	0.01420	0.01894	0.01894	0.03314	0.01894	0.03788	0.04261	0.68277	0.00947	0.00947	0.00473	0.00473
68	0.03141	0.51197	0.05202	0.02050	0.02910	0.14645	0.01913	0.03477	0.02386	0.02585	0.01549	0.01791	0.01400	0.00970	0.00755	0.00243	0.01322	0.00606	0.00485	0.01373
69	0.01960	0.01571	0.01814	0.01708	0.02106	0.01648	0.01325	0.03380	0.21040	0.04200	0.27604	0.07268	0.11865	0.02080	0.01242	0.00369	0.00688	0.05734	0.01131	0.01268
70	0.02828	0.14837	0.03263	0.02267	0.02704	0.12323	0.01869	0.06968	0.07237	0.03082	0.02314	0.03349	0.02118	0.01867	0.02036	0.10764	0.13480	0.04829	0.00643	0.01224
71	0.02628	0.03172	0.07270	0.02520	0.03053	0.21859	0.06237	0.03108	0.02416	0.02801	0.02552	0.03787	0.02317	0.03969	0.22811	0.00879	0.02217	0.04626	0.00596	0.01179
72	0.01459	0.01028	0.01303	0.01391	0.01566	0.00951	0.00984	0.01800	0.02501	0.03480	0.23918	0.33034	0.11835	0.02759	0.01295	0.00385	0.00573	0.02458	0.06329	0.00951

[dist]
# distance from previous block
# <min> <max>
0	5

[block]
# block no. 2 follows, 12 sequences, length 41
# corresponding to MSA columns:
# 514-554
name=unknown_C
#
# <colnr> <probs for GDERKNQSTAVLIFYWHMCP>
#	G	D	E	R	K	N	Q	S	T	A	V	L	I	F	Y	W	H	M	C	P
0	0.03121	0.01939	0.02541	0.02130	0.02726	0.01937	0.04611	0.16376	0.03437	0.16725	0.12898	0.10863	0.04733	0.01927	0.01233	0.00374	0.00970	0.08884	0.01117	0.01459
1	0.02574	0.02941	0.06434	0.04596	0.05699	0.02757	0.50919	0.03493	0.02574	0.03493	0.02206	0.02941	0.01654	0.00919	0.01287	0.00368	0.01838	0.01287	0.00551	0.01471
2	0.02815	0.02445	0.04114	0.12728	0.44396	0.02482	0.03152	0.03452	0.02502	0.08105	0.02238	0.02815	0.01780	0.01020	0.01082	0.00330	0.01282	0.00982	0.00605	0.01675
3	0.03445	0.02470	0.02703	0.02259	0.02981	0.02733	0.01805	0.18536	0.31929	0.12915	0.03904	0.03605	0.02818	0.01412	0.01102	0.00353	0.00968	0.01141	0.01140	0.01782
4	0.01543	0.01115	0.01457	0.01372	0.01629	0.01029	0.01029	0.02058	0.03086	0.04372	0.54304	0.08145	0.10288	0.02229	0.01286	0.00343	0.00514	0.01972	0.01200	0.01029
5	0.01367	0.01070	0.01238	0.01276	0.01541	0.00941	0.00926	0.01686	0.02552	0.03291	0.21485	0.21970	0.31220	0.02775	0.01313	0.00379	0.00561	0.02404	0.01063	0.00941
6	0.02699	0.02591	0.04426	0.06693	0.54879	0.02591	0.03346	0.03346	0.02483	0.03562	0.02051	0.02699	0.01727	0.00972	0.01079	0.00324	0.01295	0.00972	0.00540	0.01727
7	0.02261	0.01938	0.02261	0.01615	0.02584	0.01453	0.01292	0.02745	0.02261	0.03553	0.01938	0.02261	0.01615	0.00807	0.00807	0.00161	0.00807	0.00646	0.00646	0.68346
8	0.03370	0.02886	0.04575	0.03411	0.04340	0.06843	0.25509	0.12201	0.08093	0.13136	0.02818	0.03056	0.02015	0.01131	0.01180	0.00349	0.01486	0.01152	0.00837	0.01612
9	0.01864	0.01509	0.02292	0.02104	0.02424	0.01476	0.08669	0.07949	0.02536	0.03395	0.05018	0.45022	0.05713	0.02780	0.01339	0.00417	0.00884	0.02565	0.00952	0.01093
10	0.03738	0.01724	0.02395	0.02230	0.07580	0.01534	0.01601	0.04188	0.03001	0.36345	0.14344	0.05014	0.08199	0.01596	0.01147	0.00340	0.00854	0.01350	0.01214	0.01608
11	0.08768	0.02396	0.03897	0.18247	0.39064	0.02539	0.03071	0.03204	0.02355	0.03508	0.01975	0.02660	0.01613	0.01003	0.01044	0.00334	0.01290	0.00935	0.00540	0.01558
12	0.02506	0.01930	0.02286	0.01645	0.02603	0.01467	0.01321	0.02985	0.02341	0.08408	0.02158	0.02396	0.01716	0.00858	0.00834	0.00178	0.00819	0.00688	0.00712	0.62147
13	0.53292	0.01873	0.01568	0.01419	0.01995	0.02110	0.01145	0.02933	0.02148	0.04769	0.14038	0.03283	0.03341	0.01301	0.00820	0.00339	0.00765	0.00918	0.00799	0.01145
14	0.02059	0.01938	0.03270	0.59060	0.07510	0.02422	0.03028	0.02786	0.02180	0.02786	0.01938	0.02907	0.01453	0.01090	0.01090	0.00363	0.01453	0.00969	0.00484	0.01211
15	0.01826	0.01399	0.01663	0.01550	0.01861	0.01432	0.01149	0.02886	0.14719	0.04139	0.36203	0.07053	0.07857	0.09384	0.01770	0.00437	0.00664	0.01749	0.01112	0.01149
16	0.03528	0.02407	0.03987	0.09952	0.04351	0.02442	0.17056	0.10555	0.02997	0.22160	0.02906	0.03119	0.02007	0.01224	0.01351	0.00360	0.05988	0.01112	0.00893	0.01605
17	0.01935	0.01205	0.01560	0.01419	0.01758	0.01090	0.01083	0.02418	0.03040	0.10575	0.44500	0.07795	0.13064	0.02165	0.01263	0.00344	0.00569	0.01892	0.01203	0.01122
18	0.02846	0.02409	0.02541	0.02246	0.02886	0.02774	0.01758	0.10031	0.48455	0.04777	0.04268	0.03933	0.03191	0.01463	0.01108	0.00366	0.00894	0.01209	0.01108	0.01738
19	0.04014	0.02292	0.02695	0.02132	0.02900	0.02349	0.01737	0.22258	0.10009	0.26026	0.08607	0.03782	0.03207	0.01437	0.01115	0.00338	0.00981	0.01156	0.01208	0.01758
20	0.02457	0.01180	0.01353	0.01236	0.01594	0.01121	0.00953	0.02951	0.02562	0.13180	0.11832	0.04658	0.03980	0.01438	0.00905	0.00283	0.00583	0.01184	0.45386	0.01166
21	0.03754	0.01996	0.02572	0.11913	0.03491	0.02043	0.01816	0.14584	0.03262	0.26993	0.03391	0.03387	0.02310	0.01282	0.01038	0.00326	0.01010	0.01035	0.12194	0.01603
22	0.01561	0.01155	0.01683	0.01683	0.01854	0.01325	0.01276	0.01902	0.01732	0.02480	0.02984	0.04635	0.02879	0.14776	0.50970	0.01667	0.02691	0.01220	0.00594	0.00935
23	0.09156	0.04148	0.03044	0.02589	0.03277	0.32693	0.02022	0.21972	0.03763	0.04428	0.02025	0.02197	0.01557	0.01185	0.01000	0.00303	0.01590	0.00799	0.00770	0.01480
24	0.02889	0.02338	0.02776	0.02345	0.02868	0.02686	0.01928	0.19793	0.10462	0.04527	0.02972	0.04067	0.02566	0.02158	0.05984	0.00483	0.14110	0.06739	0.00869	0.07441
25	0.02981	0.42443	0.04683	0.02043	0.02864	0.09146	0.01856	0.03974	0.14361	0.03050	0.02228	0.02322	0.01859	0.01082	0.00825	0.00270	0.01173	0.00749	0.00629	0.01464
26	0.69383	0.02109	0.01603	0.01434	0.02109	0.02446	0.01181	0.03205	0.01856	0.04892	0.01518	0.01771	0.01181	0.01012	0.00675	0.00337	0.00843	0.00590	0.00675	0.01181
27	0.03217	0.11669	0.03740	0.11519	0.07789	0.03306	0.02341	0.24311	0.03423	0.04591	0.02095	0.02497	0.01640	0.01298	0.01468	0.00345	0.11523	0.00914	0.00753	0.01560
28	0.01390	0.01013	0.01316	0.01487	0.01626	0.00939	0.01049	0.01664	0.02322	0.03097	0.14530	0.43824	0.12305	0.03126	0.01372	0.00423	0.00631	0.05923	0.01043	0.00921
29	0.01331	0.01106	0.01163	0.01149	0.01499	0.00939	0.00862	0.01647	0.02585	0.03183	0.18248	0.10102	0.47086	0.02673	0.01288	0.00364	0.00546	0.02246	0.01044	0.00939
30	0.15241	0.01896	0.02381	0.01859	0.02675	0.01738	0.01535	0.04975	0.02918	0.47491	0.03855	0.03400	0.02455	0.01295	0.01029	0.00337	0.00914	0.01015	0.01241	0.01747
31	0.24460	0.01860	0.02148	0.01792	0.02510	0.01821	0.01491	0.04285	0.02654	0.33475	0.03622	0.04170	0.02670	0.01450	0.01017	0.00358	0.00911	0.06668	0.01098	0.01542
32	0.55683	0.02055	0.01800	0.01541	0.02252	0.02267	0.01270	0.03653	0.02124	0.15671	0.02109	0.02183	0.01503	0.01084	0.00764	0.00337	0.00861	0.00698	0.00818	0.01324
33	0.01353	0.01013	0.01256	0.01394	0.01562	0.00917	0.00970	0.01615	0.02343	0.03075	0.14899	0.40273	0.19224	0.03068	0.01350	0.00409	0.00594	0.02726	0.01042	0.00917
34	0.03592	0.02346	0.02549	0.02189	0.02854	0.06566	0.01780	0.12458	0.16493	0.20910	0.04101	0.04951	0.03232	0.01643	0.01160	0.00368	0.01051	0.09007	0.01122	0.01629
35	0.03029	0.56715	0.05456	0.01958	0.02855	0.09527	0.01889	0.03372	0.02302	0.02575	0.01533	0.01770	0.01400	0.00952	0.00728	0.00238	0.01245	0.00595	0.00476	0.01386
36	0.69383	0.02109	0.01603	0.01434	0.02109	0.02446	0.01181	0.03205	0.01856	0.04892	0.01518	0.01771	0.01181	0.01012	0.00675	0.00337	0.00843	0.00590	0.00675	0.01181
37	0.03342	0.02655	0.02820	0.02346	0.03076	0.03006	0.01878	0.25789	0.31888	0.05578	0.03637	0.03430	0.02680	0.01404	0.01101	0.00351	0.01011	0.01122	0.01101	0.01782
38	0.01365	0.01108	0.01211	0.01185	0.01520	0.00953	0.00889	0.01713	0.02666	0.03375	0.24074	0.09786	0.41140	0.02601	0.01288	0.00361	0.00541	0.02202	0.01069	0.00953
39	0.02574	0.02941	0.06434	0.04596	0.05699	0.02757	0.50919	0.03493	0.02574	0.03493	0.02206	0.02941	0.01654	0.00919	0.01287	0.00368	0.01838	0.01287	0.00551	0.01471
40	0.01423	0.01062	0.01336	0.01468	0.01668	0.00976	0.01085	0.01738	0.02425	0.03177	0.15744	0.32042	0.18943	0.02987	0.01366	0.00416	0.00649	0.09513	0.01044	0.00937

[dist]
# distance from previous block
# <min> <max>
0	367

# created by:
# /st0/software/busco_prod/Augustus/scripts/msa2prfl.pl ./align_prep/2843.fa
