[name]
unknown

[dist]
# distance from previous block
# <min> <max>
10	118

[block]
# block no. 0 follows, 10 sequences, length 36
# corresponding to MSA columns:
# 124-159
name=unknown_A
#
# <colnr> <probs for GDERKNQSTAVLIFYWHMCP>
#	G	D	E	R	K	N	Q	S	T	A	V	L	I	F	Y	W	H	M	C	P
0	0.09115	0.02265	0.02809	0.12477	0.03811	0.02478	0.02020	0.13568	0.03158	0.13879	0.02823	0.03118	0.02056	0.01343	0.01320	0.00351	0.06630	0.01001	0.08538	0.07240
1	0.08921	0.02448	0.03067	0.07211	0.07594	0.02841	0.02166	0.13100	0.07730	0.09172	0.02751	0.03445	0.02240	0.07284	0.02206	0.00473	0.13848	0.01105	0.00854	0.01544
2	0.09209	0.02870	0.12109	0.08194	0.03578	0.02477	0.02282	0.12829	0.03107	0.04568	0.12394	0.04300	0.03779	0.06790	0.01800	0.00445	0.05752	0.01241	0.00849	0.01426
3	0.03659	0.02287	0.02806	0.07585	0.03479	0.02262	0.01876	0.17452	0.03576	0.18025	0.03490	0.09614	0.02803	0.01542	0.01142	0.00335	0.01073	0.01274	0.01069	0.14653
4	0.02870	0.01742	0.02165	0.07286	0.02828	0.01772	0.01528	0.07435	0.07680	0.14577	0.14184	0.05806	0.08524	0.08029	0.01711	0.00444	0.00912	0.01505	0.07596	0.01404
5	0.08820	0.02245	0.02935	0.07062	0.03479	0.02328	0.06412	0.12744	0.07953	0.08699	0.09217	0.10260	0.03838	0.01664	0.01183	0.00364	0.01080	0.01442	0.00995	0.07280
6	0.04524	0.02486	0.03284	0.02523	0.03430	0.02462	0.06039	0.16962	0.08925	0.30770	0.03916	0.03611	0.02608	0.01401	0.01188	0.00364	0.01149	0.01171	0.01260	0.01926
7	0.03813	0.02458	0.04229	0.03136	0.04075	0.02297	0.19088	0.08740	0.03315	0.24410	0.08661	0.04049	0.03252	0.01364	0.01268	0.00372	0.01338	0.01336	0.01072	0.01727
8	0.16712	0.08081	0.03036	0.02476	0.07704	0.02698	0.01831	0.15257	0.03257	0.10954	0.02630	0.02797	0.01963	0.01202	0.00962	0.00316	0.01050	0.00901	0.07969	0.08205
9	0.10108	0.09113	0.08634	0.02724	0.03636	0.11765	0.07143	0.09716	0.11487	0.10249	0.02835	0.02913	0.02092	0.01254	0.01079	0.00348	0.01396	0.00991	0.00863	0.01654
10	0.03718	0.13482	0.04454	0.09517	0.04408	0.12858	0.11590	0.08054	0.03092	0.13926	0.02589	0.02847	0.01892	0.01180	0.01111	0.00337	0.01543	0.01005	0.00795	0.01601
11	0.09379	0.07074	0.03091	0.02185	0.03003	0.02043	0.06957	0.03555	0.02732	0.14218	0.08985	0.04568	0.03538	0.01453	0.01100	0.00323	0.01038	0.05387	0.00932	0.18438
12	0.02807	0.02632	0.08351	0.03001	0.09314	0.02116	0.07456	0.07744	0.03026	0.08564	0.11259	0.03861	0.03508	0.01298	0.01131	0.00308	0.01138	0.01161	0.00862	0.20463
13	0.02936	0.09650	0.19881	0.03359	0.08622	0.03320	0.03088	0.12126	0.02869	0.04068	0.02031	0.02529	0.01626	0.01405	0.01845	0.00390	0.17048	0.00934	0.00637	0.01634
14	0.01614	0.01188	0.01510	0.01430	0.01718	0.01084	0.01072	0.02133	0.03217	0.04485	0.46606	0.08983	0.15737	0.02445	0.01372	0.00369	0.00553	0.02145	0.01257	0.01084
15	0.03362	0.01864	0.02262	0.01922	0.02561	0.01827	0.01522	0.04612	0.16266	0.23323	0.15660	0.05894	0.10144	0.01849	0.01240	0.00374	0.00830	0.01556	0.01294	0.01638
16	0.01534	0.01184	0.01400	0.01346	0.01669	0.01050	0.01009	0.01978	0.03028	0.04037	0.35010	0.09719	0.27613	0.02611	0.01373	0.00377	0.00565	0.02248	0.01198	0.01050
17	0.01665	0.01262	0.01554	0.01594	0.01842	0.01222	0.01150	0.02352	0.07888	0.03870	0.24679	0.27885	0.12941	0.02842	0.01396	0.00413	0.00643	0.02523	0.01171	0.01107
18	0.67341	0.02249	0.01709	0.01529	0.02249	0.02609	0.01260	0.03419	0.01979	0.05218	0.01619	0.01889	0.01260	0.01080	0.00720	0.00360	0.00900	0.00630	0.00720	0.01260
19	0.45997	0.02313	0.02145	0.01788	0.02573	0.02534	0.01475	0.09372	0.02703	0.15895	0.02415	0.02454	0.01703	0.01197	0.00873	0.00359	0.00966	0.00799	0.00932	0.01506
20	0.67341	0.02249	0.01709	0.01529	0.02249	0.02609	0.01260	0.03419	0.01979	0.05218	0.01619	0.01889	0.01260	0.01080	0.00720	0.00360	0.00900	0.00630	0.00720	0.01260
21	0.05218	0.01979	0.02699	0.02069	0.02969	0.01709	0.01709	0.05668	0.03329	0.52677	0.04588	0.03959	0.02879	0.01439	0.01170	0.00360	0.00990	0.01170	0.01439	0.01979
22	0.05218	0.01979	0.02699	0.02069	0.02969	0.01709	0.01709	0.05668	0.03329	0.52677	0.04588	0.03959	0.02879	0.01439	0.01170	0.00360	0.00990	0.01170	0.01439	0.01979
23	0.67341	0.02249	0.01709	0.01529	0.02249	0.02609	0.01260	0.03419	0.01979	0.05218	0.01619	0.01889	0.01260	0.01080	0.00720	0.00360	0.00900	0.00630	0.00720	0.01260
24	0.01417	0.01012	0.01350	0.01619	0.01687	0.00945	0.01080	0.01619	0.02227	0.02969	0.06410	0.58367	0.07692	0.03644	0.01484	0.00472	0.00675	0.03306	0.01080	0.00945
25	0.03167	0.02437	0.02638	0.02332	0.03018	0.02753	0.01825	0.06120	0.44298	0.10499	0.04717	0.04294	0.03471	0.01562	0.01182	0.00390	0.00929	0.01298	0.01214	0.01857
26	0.05218	0.01979	0.02699	0.02069	0.02969	0.01709	0.01709	0.05668	0.03329	0.52677	0.04588	0.03959	0.02879	0.01439	0.01170	0.00360	0.00990	0.01170	0.01439	0.01979
27	0.05218	0.01979	0.02699	0.02069	0.02969	0.01709	0.01709	0.05668	0.03329	0.52677	0.04588	0.03959	0.02879	0.01439	0.01170	0.00360	0.00990	0.01170	0.01439	0.01979
28	0.01670	0.01213	0.01701	0.01701	0.01850	0.01362	0.01244	0.01969	0.01819	0.02575	0.03269	0.05422	0.03278	0.22853	0.40893	0.01661	0.02558	0.01371	0.00646	0.00945
29	0.01691	0.01128	0.01268	0.01268	0.01268	0.01128	0.00705	0.01691	0.01691	0.02255	0.03665	0.07611	0.04228	0.59126	0.05920	0.01128	0.01128	0.01691	0.00705	0.00705
30	0.05218	0.01979	0.02699	0.02069	0.02969	0.01709	0.01709	0.05668	0.03329	0.52677	0.04588	0.03959	0.02879	0.01439	0.01170	0.00360	0.00990	0.01170	0.01439	0.01979
31	0.05218	0.01979	0.02699	0.02069	0.02969	0.01709	0.01709	0.05668	0.03329	0.52677	0.04588	0.03959	0.02879	0.01439	0.01170	0.00360	0.00990	0.01170	0.01439	0.01979
32	0.02134	0.02609	0.12111	0.08700	0.12461	0.02007	0.07066	0.02882	0.02756	0.03881	0.18728	0.10817	0.05372	0.01780	0.01275	0.00379	0.01168	0.01636	0.00842	0.01395
33	0.03169	0.03269	0.12914	0.03119	0.04059	0.02827	0.11915	0.13081	0.08905	0.09400	0.02906	0.03246	0.02167	0.01993	0.06184	0.00518	0.06661	0.01141	0.00844	0.01681
34	0.59430	0.02358	0.02341	0.01943	0.02718	0.02650	0.06941	0.03456	0.02073	0.05035	0.01709	0.02042	0.01321	0.01067	0.00800	0.00364	0.01030	0.00721	0.00704	0.01297
35	0.04932	0.02075	0.02947	0.02690	0.08959	0.01838	0.01937	0.05411	0.03245	0.46690	0.04294	0.03826	0.02752	0.01390	0.01167	0.00358	0.01038	0.01153	0.01334	0.01963

[dist]
# distance from previous block
# <min> <max>
1	7

[block]
# block no. 1 follows, 10 sequences, length 30
# corresponding to MSA columns:
# 185-214
name=unknown_B
#
# <colnr> <probs for GDERKNQSTAVLIFYWHMCP>
#	G	D	E	R	K	N	Q	S	T	A	V	L	I	F	Y	W	H	M	C	P
0	0.01646	0.01189	0.01555	0.01463	0.01738	0.01097	0.01097	0.02195	0.03292	0.04664	0.51257	0.08688	0.10974	0.02378	0.01372	0.00366	0.00549	0.02103	0.01280	0.01097
1	0.02463	0.02120	0.02557	0.02788	0.09836	0.02301	0.01849	0.04475	0.28498	0.04334	0.10324	0.10764	0.08894	0.01922	0.01248	0.00392	0.00892	0.01669	0.01084	0.01589
2	0.01646	0.01189	0.01555	0.01463	0.01738	0.01097	0.01097	0.02195	0.03292	0.04664	0.51257	0.08688	0.10974	0.02378	0.01372	0.00366	0.00549	0.02103	0.01280	0.01097
3	0.01515	0.01105	0.01557	0.01719	0.01842	0.01148	0.01229	0.01802	0.02084	0.02862	0.05096	0.36907	0.05784	0.05670	0.22640	0.01030	0.01648	0.02485	0.00897	0.00982
4	0.02333	0.06016	0.53100	0.03315	0.05034	0.02701	0.04297	0.03683	0.02455	0.03683	0.02087	0.02455	0.01473	0.01105	0.01105	0.00368	0.01719	0.00859	0.00491	0.01719
5	0.02366	0.02240	0.03794	0.44126	0.18892	0.02628	0.03314	0.03120	0.02406	0.03177	0.02097	0.03046	0.01623	0.01131	0.01160	0.00377	0.01509	0.01034	0.00531	0.01429
6	0.03054	0.02836	0.02704	0.02437	0.03088	0.08605	0.01886	0.06010	0.44621	0.04642	0.04408	0.04091	0.03323	0.01536	0.01169	0.00384	0.01051	0.01252	0.01119	0.01786
7	0.10175	0.03101	0.10752	0.21263	0.09996	0.02931	0.02895	0.16801	0.03289	0.04727	0.02252	0.02756	0.01665	0.01203	0.01104	0.00366	0.01404	0.00967	0.00737	0.01614
8	0.02395	0.05643	0.47560	0.03753	0.10397	0.02708	0.04214	0.03670	0.02478	0.03697	0.02099	0.02504	0.01516	0.01097	0.01110	0.00366	0.01680	0.00880	0.00501	0.01733
9	0.04451	0.01906	0.02414	0.01908	0.02669	0.01759	0.01558	0.09243	0.03343	0.37240	0.04229	0.03927	0.02812	0.01416	0.01089	0.00339	0.00918	0.01138	0.15864	0.01777
10	0.67341	0.02249	0.01709	0.01529	0.02249	0.02609	0.01260	0.03419	0.01979	0.05218	0.01619	0.01889	0.01260	0.01080	0.00720	0.00360	0.00900	0.00630	0.00720	0.01260
11	0.02880	0.02733	0.04481	0.06592	0.46277	0.02778	0.03371	0.03868	0.08045	0.03922	0.02479	0.03046	0.02038	0.01098	0.01155	0.00351	0.01329	0.01068	0.00645	0.01842
12	0.02879	0.02763	0.04721	0.07139	0.51871	0.02763	0.03569	0.03569	0.02648	0.03800	0.02188	0.02879	0.01842	0.01036	0.01151	0.00345	0.01382	0.01036	0.00576	0.01842
13	0.01415	0.01180	0.01234	0.01220	0.01596	0.00999	0.00915	0.01747	0.02746	0.03367	0.17620	0.10822	0.45421	0.02862	0.01374	0.00389	0.00583	0.02403	0.01110	0.00999
14	0.01532	0.01168	0.01666	0.09710	0.02622	0.01187	0.01398	0.01819	0.02241	0.02969	0.05768	0.50194	0.06784	0.03277	0.01437	0.00460	0.00804	0.02970	0.00996	0.00996
15	0.01758	0.01302	0.01713	0.01919	0.02215	0.01256	0.01645	0.02238	0.02671	0.03402	0.07461	0.12673	0.17053	0.03151	0.01553	0.00502	0.00959	0.34406	0.01073	0.01050
16	0.04421	0.03258	0.03490	0.02676	0.03607	0.03607	0.02211	0.47993	0.05468	0.07330	0.02792	0.02792	0.01978	0.01396	0.01163	0.00349	0.01280	0.01047	0.01163	0.01978
17	0.67341	0.02249	0.01709	0.01529	0.02249	0.02609	0.01260	0.03419	0.01979	0.05218	0.01619	0.01889	0.01260	0.01080	0.00720	0.00360	0.00900	0.00630	0.00720	0.01260
18	0.67341	0.02249	0.01709	0.01529	0.02249	0.02609	0.01260	0.03419	0.01979	0.05218	0.01619	0.01889	0.01260	0.01080	0.00720	0.00360	0.00900	0.00630	0.00720	0.01260
19	0.04317	0.02583	0.02970	0.02369	0.03217	0.02714	0.01927	0.21278	0.16297	0.23550	0.03970	0.03632	0.02726	0.01460	0.01171	0.00365	0.01078	0.01163	0.01271	0.01942
20	0.02196	0.02067	0.03488	0.56331	0.08010	0.02584	0.03230	0.02972	0.02326	0.02972	0.02067	0.03101	0.01550	0.01163	0.01163	0.00388	0.01550	0.01034	0.00517	0.01292
21	0.02168	0.01084	0.01084	0.01084	0.01355	0.01084	0.00813	0.02710	0.02439	0.04336	0.03794	0.04336	0.02981	0.01355	0.00813	0.00271	0.00542	0.01084	0.65583	0.01084
22	0.04345	0.05543	0.03296	0.02996	0.03596	0.54457	0.02247	0.04644	0.03296	0.02846	0.01798	0.02097	0.01498	0.01199	0.01049	0.00300	0.02097	0.00749	0.00599	0.01348
23	0.01618	0.01188	0.01516	0.01434	0.01720	0.01086	0.01075	0.02141	0.03226	0.04508	0.47213	0.08944	0.15116	0.02436	0.01372	0.00369	0.00553	0.02139	0.01260	0.01086
24	0.01417	0.01012	0.01350	0.01619	0.01687	0.00945	0.01080	0.01619	0.02227	0.02969	0.06410	0.58367	0.07692	0.03644	0.01484	0.00472	0.00675	0.03306	0.01080	0.00945
25	0.02412	0.02067	0.02412	0.01723	0.02756	0.01550	0.01378	0.02929	0.02412	0.03790	0.02067	0.02412	0.01723	0.00861	0.00861	0.00172	0.00861	0.00689	0.00689	0.66236
26	0.02043	0.01479	0.01852	0.01817	0.02134	0.01477	0.01412	0.08864	0.03221	0.04391	0.23715	0.21356	0.07958	0.02721	0.01416	0.00424	0.00793	0.10573	0.01170	0.01183
27	0.03046	0.04053	0.25461	0.02735	0.03911	0.02652	0.02934	0.13029	0.10231	0.09447	0.07901	0.03586	0.02992	0.01396	0.01162	0.00367	0.01322	0.01122	0.00902	0.01751
28	0.09463	0.01611	0.02032	0.01715	0.02285	0.01492	0.01361	0.03718	0.03180	0.24132	0.27571	0.06116	0.06758	0.01872	0.01227	0.00363	0.00761	0.01583	0.01290	0.01470
29	0.02993	0.29034	0.11825	0.07271	0.03813	0.03680	0.02434	0.08353	0.12678	0.03793	0.02499	0.02677	0.01976	0.01188	0.00970	0.00320	0.01277	0.00882	0.00708	0.01628

[dist]
# distance from previous block
# <min> <max>
0	1

[block]
# block no. 2 follows, 10 sequences, length 32
# corresponding to MSA columns:
# 216-244,263-265
name=unknown_C
#
# <colnr> <probs for GDERKNQSTAVLIFYWHMCP>
#	G	D	E	R	K	N	Q	S	T	A	V	L	I	F	Y	W	H	M	C	P
0	0.03016	0.08304	0.08760	0.02521	0.03454	0.02167	0.10737	0.03653	0.02825	0.15746	0.09044	0.04696	0.09521	0.01499	0.01171	0.00339	0.01167	0.01332	0.00928	0.09119
1	0.03023	0.10289	0.08769	0.19681	0.09868	0.02798	0.02705	0.04210	0.11366	0.11523	0.02927	0.03217	0.02153	0.01243	0.01105	0.00360	0.01301	0.01036	0.00792	0.01634
2	0.03109	0.59826	0.06095	0.01990	0.02985	0.04602	0.01990	0.03483	0.02363	0.02736	0.01617	0.01866	0.01493	0.00995	0.00746	0.00249	0.01244	0.00622	0.00498	0.01493
3	0.01681	0.01167	0.01470	0.01470	0.01539	0.01237	0.00955	0.01820	0.01751	0.02404	0.03481	0.06593	0.03786	0.42254	0.22187	0.01376	0.01793	0.01542	0.00677	0.00816
4	0.01739	0.01274	0.01598	0.01511	0.01646	0.01313	0.01050	0.02031	0.02488	0.03487	0.26955	0.07725	0.07332	0.26453	0.03504	0.00701	0.05435	0.01839	0.00972	0.00945
5	0.03148	0.02625	0.02774	0.02418	0.03122	0.03012	0.01903	0.13162	0.42372	0.05277	0.04410	0.04081	0.03288	0.01548	0.01180	0.00387	0.00980	0.01270	0.01180	0.01864
6	0.10505	0.23569	0.31111	0.02654	0.04009	0.03326	0.03155	0.03584	0.02367	0.03553	0.01873	0.02189	0.01454	0.01065	0.00938	0.00327	0.01460	0.00752	0.00521	0.01587
7	0.12079	0.03135	0.03274	0.02536	0.03442	0.03485	0.02095	0.42568	0.05044	0.07073	0.02650	0.02682	0.01890	0.01358	0.01109	0.00350	0.01234	0.00996	0.01109	0.01890
8	0.04199	0.03314	0.03240	0.02611	0.03445	0.10075	0.02105	0.30997	0.13099	0.10128	0.03167	0.03082	0.02278	0.01407	0.01152	0.00352	0.01298	0.01067	0.01116	0.01869
9	0.03214	0.02246	0.02731	0.07507	0.03463	0.02092	0.01783	0.09309	0.08488	0.13384	0.02938	0.03042	0.02166	0.01149	0.01024	0.00277	0.01013	0.00930	0.00927	0.32318
10	0.03486	0.02758	0.03490	0.25218	0.05457	0.03177	0.02639	0.29078	0.04148	0.05499	0.02488	0.02922	0.01798	0.01298	0.01163	0.00365	0.01393	0.01041	0.00892	0.01690
11	0.04168	0.01854	0.02619	0.02494	0.07717	0.01655	0.01766	0.04590	0.03024	0.37065	0.04730	0.15443	0.03798	0.01868	0.01235	0.00382	0.00963	0.01611	0.01274	0.01745
12	0.02016	0.01210	0.01627	0.01717	0.01954	0.01120	0.01263	0.02350	0.02606	0.09922	0.13626	0.37332	0.07479	0.03087	0.01439	0.00447	0.00744	0.07779	0.01160	0.01123
13	0.02483	0.02360	0.04006	0.35663	0.26438	0.02659	0.03373	0.03223	0.02461	0.03319	0.02118	0.03007	0.01673	0.01110	0.01158	0.00370	0.01480	0.01035	0.00542	0.01523
14	0.05058	0.02631	0.02808	0.02239	0.03084	0.11354	0.01808	0.05481	0.03323	0.43565	0.04078	0.03618	0.02626	0.01395	0.01147	0.00349	0.01192	0.01093	0.01286	0.01864
15	0.01900	0.01247	0.01533	0.01453	0.01806	0.01108	0.01092	0.02324	0.02987	0.08878	0.29674	0.14166	0.22284	0.02590	0.01364	0.00385	0.00619	0.02243	0.01214	0.01135
16	0.01623	0.01113	0.01356	0.01470	0.01518	0.01091	0.00944	0.01742	0.01963	0.02608	0.04792	0.24290	0.05581	0.35772	0.04069	0.00859	0.00978	0.06552	0.00861	0.00818
17	0.04552	0.02365	0.03556	0.03046	0.08560	0.02205	0.08069	0.10144	0.03431	0.35762	0.03831	0.03600	0.02517	0.01331	0.01194	0.00361	0.01194	0.01168	0.01204	0.01910
18	0.04088	0.03092	0.03303	0.02609	0.03480	0.03451	0.02130	0.38867	0.15137	0.06792	0.03216	0.03130	0.02321	0.01436	0.01168	0.00359	0.01201	0.01106	0.01168	0.01948
19	0.02020	0.01010	0.01515	0.01515	0.01515	0.01010	0.01010	0.01515	0.01515	0.02020	0.02020	0.03535	0.02020	0.04040	0.04545	0.66162	0.01010	0.01010	0.00505	0.00505
20	0.03792	0.03735	0.03090	0.02600	0.03363	0.20979	0.02036	0.17552	0.14710	0.04753	0.02811	0.02865	0.02147	0.01304	0.01091	0.00321	0.01431	0.00962	0.00913	0.09546
21	0.01513	0.01086	0.01436	0.01554	0.01708	0.01009	0.01087	0.01861	0.02674	0.03681	0.25252	0.37495	0.09071	0.03112	0.01437	0.00428	0.00622	0.02801	0.01164	0.01009
22	0.02826	0.21908	0.25909	0.02659	0.03929	0.09429	0.02953	0.03638	0.02524	0.03306	0.01905	0.02226	0.01515	0.01050	0.00956	0.00297	0.01505	0.00751	0.00533	0.10181
23	0.08942	0.13453	0.09648	0.18334	0.10885	0.02734	0.02611	0.03054	0.02340	0.03351	0.02680	0.11864	0.02565	0.01513	0.01084	0.00365	0.01278	0.01273	0.00632	0.01394
24	0.02477	0.01175	0.01248	0.01184	0.01518	0.01147	0.00904	0.03009	0.02529	0.09230	0.03874	0.04298	0.02971	0.01364	0.00849	0.00280	0.00587	0.01093	0.59089	0.01175
25	0.02449	0.02305	0.03783	0.20055	0.26890	0.02564	0.03021	0.03048	0.02398	0.03334	0.02637	0.10279	0.02499	0.01536	0.01511	0.00394	0.07844	0.01335	0.00618	0.01498
26	0.03681	0.03251	0.17088	0.02552	0.03542	0.02349	0.02542	0.10101	0.03081	0.23245	0.03243	0.03345	0.02265	0.02234	0.07586	0.00548	0.05568	0.01063	0.00970	0.01743
27	0.02020	0.01010	0.01515	0.01515	0.01515	0.01010	0.01010	0.01515	0.01515	0.02020	0.02020	0.03535	0.02020	0.04040	0.04545	0.66162	0.01010	0.01010	0.00505	0.00505
28	0.01407	0.01050	0.01311	0.01520	0.01661	0.00953	0.01035	0.01631	0.02323	0.03008	0.07625	0.47703	0.17573	0.03486	0.01460	0.00454	0.00655	0.03114	0.01080	0.00953
29	0.02559	0.05168	0.40700	0.10288	0.05262	0.02791	0.03911	0.08774	0.02791	0.04015	0.02167	0.02581	0.01543	0.01147	0.01120	0.00369	0.01645	0.00905	0.00573	0.01692
30	0.03300	0.42285	0.10385	0.02349	0.03333	0.15356	0.02287	0.03759	0.02578	0.02859	0.01706	0.01978	0.01492	0.01051	0.00850	0.00272	0.01481	0.00675	0.00519	0.01484
31	0.03192	0.32704	0.05064	0.02453	0.03441	0.07409	0.07489	0.08713	0.02849	0.03578	0.01932	0.02237	0.01621	0.01033	0.00913	0.00269	0.01334	0.00784	0.00626	0.12359

[dist]
# distance from previous block
# <min> <max>
0	3

[block]
# block no. 3 follows, 10 sequences, length 23
# corresponding to MSA columns:
# 269-291
name=unknown_D
#
# <colnr> <probs for GDERKNQSTAVLIFYWHMCP>
#	G	D	E	R	K	N	Q	S	T	A	V	L	I	F	Y	W	H	M	C	P
0	0.01565	0.01186	0.01442	0.01378	0.01687	0.01063	0.01033	0.02037	0.03100	0.04207	0.39399	0.09440	0.23118	0.02548	0.01373	0.00374	0.00561	0.02209	0.01220	0.01063
1	0.60897	0.02231	0.01885	0.06950	0.02819	0.02607	0.01454	0.03375	0.02014	0.04996	0.01664	0.02009	0.01288	0.01088	0.00764	0.00363	0.00964	0.00670	0.00700	0.01263
2	0.01457	0.01071	0.01366	0.01525	0.01680	0.00981	0.01055	0.01741	0.02500	0.03332	0.16137	0.41662	0.14635	0.03291	0.01446	0.00440	0.00637	0.02944	0.01120	0.00981
3	0.03852	0.14609	0.12957	0.03069	0.10447	0.02809	0.02555	0.08679	0.03085	0.22224	0.03013	0.02994	0.02106	0.01227	0.01069	0.00336	0.01259	0.00971	0.00925	0.01814
4	0.01471	0.01051	0.01412	0.01682	0.01773	0.00992	0.01174	0.01713	0.02280	0.03030	0.06380	0.52983	0.07573	0.03592	0.01499	0.00480	0.00722	0.08153	0.01079	0.00960
5	0.25243	0.02593	0.08102	0.02232	0.03093	0.02307	0.05585	0.04247	0.08248	0.16748	0.07674	0.03526	0.02948	0.01350	0.01047	0.00368	0.01068	0.01077	0.00974	0.01569
6	0.01564	0.01215	0.01442	0.01585	0.01800	0.01163	0.01110	0.02121	0.07435	0.03217	0.07628	0.40304	0.18616	0.03241	0.01424	0.00443	0.00679	0.02871	0.01091	0.01050
7	0.02333	0.06016	0.53100	0.03315	0.05034	0.02701	0.04297	0.03683	0.02455	0.03683	0.02087	0.02455	0.01473	0.01105	0.01105	0.00368	0.01719	0.00859	0.00491	0.01719
8	0.02472	0.04525	0.30762	0.03571	0.04732	0.02974	0.12705	0.03462	0.02339	0.03462	0.01996	0.02618	0.01547	0.01322	0.01865	0.00410	0.16145	0.01006	0.00516	0.01572
9	0.03054	0.03584	0.22962	0.02531	0.03619	0.02226	0.02685	0.04395	0.11309	0.16464	0.11120	0.04179	0.03734	0.01480	0.01178	0.00370	0.01202	0.01220	0.00983	0.01707
10	0.03207	0.03158	0.02774	0.02503	0.03148	0.14065	0.01929	0.05847	0.39701	0.04428	0.04098	0.03854	0.03106	0.01496	0.01154	0.00374	0.01175	0.01192	0.01057	0.01734
11	0.12658	0.03228	0.02948	0.03293	0.12747	0.19911	0.02159	0.03830	0.02809	0.08913	0.03072	0.09082	0.02844	0.01629	0.01137	0.00366	0.01411	0.05727	0.00801	0.01435
12	0.02879	0.02763	0.04721	0.07139	0.51871	0.02763	0.03569	0.03569	0.02648	0.03800	0.02188	0.02879	0.01842	0.01036	0.01151	0.00345	0.01382	0.01036	0.00576	0.01842
13	0.01795	0.01158	0.01737	0.01737	0.01868	0.01289	0.01289	0.01868	0.01737	0.02447	0.02708	0.04184	0.02577	0.06980	0.35913	0.25805	0.02332	0.01158	0.00579	0.00840
14	0.01691	0.01128	0.01268	0.01268	0.01268	0.01128	0.00705	0.01691	0.01691	0.02255	0.03665	0.07611	0.04228	0.59126	0.05920	0.01128	0.01128	0.01691	0.00705	0.00705
15	0.02412	0.02067	0.02412	0.01723	0.02756	0.01550	0.01378	0.02929	0.02412	0.03790	0.02067	0.02412	0.01723	0.00861	0.00861	0.00172	0.00861	0.00689	0.00689	0.66236
16	0.03503	0.01941	0.02373	0.02060	0.02653	0.01931	0.01601	0.11956	0.08864	0.21900	0.04904	0.22334	0.04437	0.02199	0.01277	0.00400	0.00926	0.01893	0.01237	0.01610
17	0.04421	0.03258	0.03490	0.02676	0.03607	0.03607	0.02211	0.47993	0.05468	0.07330	0.02792	0.02792	0.01978	0.01396	0.01163	0.00349	0.01280	0.01047	0.01163	0.01978
18	0.04345	0.05543	0.03296	0.02996	0.03596	0.54457	0.02247	0.04644	0.03296	0.02846	0.01798	0.02097	0.01498	0.01199	0.01049	0.00300	0.02097	0.00749	0.00599	0.01348
19	0.04421	0.03258	0.03490	0.02676	0.03607	0.03607	0.02211	0.47993	0.05468	0.07330	0.02792	0.02792	0.01978	0.01396	0.01163	0.00349	0.01280	0.01047	0.01163	0.01978
20	0.13473	0.03113	0.03234	0.02511	0.03411	0.03463	0.02074	0.41580	0.04966	0.07026	0.02624	0.02662	0.01875	0.01351	0.01100	0.00351	0.01225	0.00987	0.01100	0.01875
21	0.02834	0.02261	0.03741	0.33920	0.20307	0.02511	0.03112	0.03537	0.02566	0.10368	0.02466	0.03158	0.01828	0.01165	0.01160	0.00371	0.01420	0.01054	0.00667	0.01554
22	0.02529	0.19646	0.41193	0.02979	0.04515	0.03183	0.03713	0.03632	0.02432	0.03443	0.01968	0.02306	0.01478	0.01077	0.01014	0.00338	0.01599	0.00799	0.00493	0.01662

[dist]
# distance from previous block
# <min> <max>
0	10

[block]
# block no. 4 follows, 10 sequences, length 28
# corresponding to MSA columns:
# 302-329
name=unknown_E
#
# <colnr> <probs for GDERKNQSTAVLIFYWHMCP>
#	G	D	E	R	K	N	Q	S	T	A	V	L	I	F	Y	W	H	M	C	P
0	0.01646	0.01189	0.01555	0.01463	0.01738	0.01097	0.01097	0.02195	0.03292	0.04664	0.51257	0.08688	0.10974	0.02378	0.01372	0.00366	0.00549	0.02103	0.01280	0.01097
1	0.02196	0.02067	0.03488	0.56331	0.08010	0.02584	0.03230	0.02972	0.02326	0.02972	0.02067	0.03101	0.01550	0.01163	0.01163	0.00388	0.01550	0.01034	0.00517	0.01292
2	0.03109	0.59826	0.06095	0.01990	0.02985	0.04602	0.01990	0.03483	0.02363	0.02736	0.01617	0.01866	0.01493	0.00995	0.00746	0.00249	0.01244	0.00622	0.00498	0.01493
3	0.02773	0.02334	0.03896	0.31346	0.24865	0.02566	0.03210	0.03482	0.02555	0.08344	0.02371	0.03100	0.01801	0.01141	0.01159	0.00368	0.01427	0.01048	0.00634	0.01580
4	0.01417	0.01012	0.01350	0.01619	0.01687	0.00945	0.01080	0.01619	0.02227	0.02969	0.06410	0.58367	0.07692	0.03644	0.01484	0.00472	0.00675	0.03306	0.01080	0.00945
5	0.01603	0.01155	0.01516	0.01493	0.01728	0.01068	0.01094	0.02086	0.03090	0.04343	0.42755	0.18107	0.10352	0.02618	0.01393	0.00386	0.00573	0.02331	0.01242	0.01068
6	0.03553	0.03568	0.19732	0.03104	0.04303	0.02399	0.12416	0.04661	0.07121	0.22149	0.03320	0.03335	0.02250	0.01246	0.01194	0.00373	0.01426	0.01127	0.00930	0.01795
7	0.05218	0.01979	0.02699	0.02069	0.02969	0.01709	0.01709	0.05668	0.03329	0.52677	0.04588	0.03959	0.02879	0.01439	0.01170	0.00360	0.00990	0.01170	0.01439	0.01979
8	0.02168	0.01084	0.01084	0.01084	0.01355	0.01084	0.00813	0.02710	0.02439	0.04336	0.03794	0.04336	0.02981	0.01355	0.00813	0.00271	0.00542	0.01084	0.65583	0.01084
9	0.02166	0.02647	0.12646	0.14351	0.10217	0.02123	0.02637	0.03166	0.07459	0.03636	0.08587	0.13719	0.04246	0.01902	0.01267	0.00404	0.01204	0.05404	0.00812	0.01405
10	0.03382	0.02517	0.03738	0.20732	0.19836	0.02706	0.02866	0.13009	0.03251	0.12522	0.02681	0.03112	0.01954	0.01219	0.01161	0.00362	0.01347	0.01060	0.00826	0.01722
11	0.02330	0.02996	0.18420	0.17121	0.04605	0.02041	0.02748	0.03114	0.02554	0.08425	0.08572	0.14690	0.03923	0.01803	0.01233	0.00393	0.01261	0.01566	0.00799	0.01405
12	0.67341	0.02249	0.01709	0.01529	0.02249	0.02609	0.01260	0.03419	0.01979	0.05218	0.01619	0.01889	0.01260	0.01080	0.00720	0.00360	0.00900	0.00630	0.00720	0.01260
13	0.01646	0.01189	0.01555	0.01463	0.01738	0.01097	0.01097	0.02195	0.03292	0.04664	0.51257	0.08688	0.10974	0.02378	0.01372	0.00366	0.00549	0.02103	0.01280	0.01097
14	0.02681	0.08261	0.14575	0.09414	0.09957	0.02969	0.16417	0.04108	0.12305	0.03797	0.02681	0.03110	0.02038	0.01155	0.01182	0.00370	0.01533	0.01124	0.00675	0.01648
15	0.01627	0.01144	0.01281	0.01272	0.01375	0.01097	0.00780	0.01740	0.02040	0.02675	0.10170	0.08402	0.13875	0.42553	0.04583	0.00909	0.00965	0.01879	0.00836	0.00798
16	0.02489	0.02090	0.03671	0.29152	0.05827	0.02249	0.11796	0.03169	0.02541	0.08629	0.03715	0.09684	0.06780	0.01572	0.01259	0.00395	0.01397	0.01481	0.00742	0.01361
17	0.01718	0.01216	0.01721	0.01721	0.01912	0.01379	0.01304	0.02100	0.01909	0.02822	0.03247	0.04881	0.03061	0.13519	0.43547	0.01621	0.02627	0.01278	0.07411	0.01006
18	0.22492	0.09886	0.14962	0.02961	0.08506	0.16280	0.02545	0.03821	0.02541	0.03843	0.01835	0.02177	0.01456	0.01103	0.00943	0.00333	0.01488	0.00756	0.00597	0.01475
19	0.04482	0.02233	0.02711	0.02146	0.02964	0.02202	0.01751	0.14383	0.09547	0.32734	0.04156	0.03795	0.02783	0.01440	0.01138	0.00354	0.01002	0.01154	0.07146	0.01881
20	0.11358	0.03434	0.03269	0.02590	0.03455	0.09899	0.02110	0.37614	0.04810	0.06532	0.02538	0.02605	0.01838	0.01336	0.01100	0.00344	0.01341	0.00964	0.01043	0.01819
21	0.01568	0.01150	0.01470	0.01465	0.01709	0.01052	0.01070	0.02015	0.02996	0.04139	0.37444	0.19488	0.14692	0.02708	0.01396	0.00391	0.00580	0.02397	0.01216	0.01052
22	0.02486	0.11482	0.41876	0.03652	0.10708	0.02916	0.03954	0.03647	0.02470	0.03595	0.02048	0.02444	0.01522	0.01084	0.01072	0.00352	0.01625	0.00856	0.00502	0.01710
23	0.45567	0.08776	0.02759	0.02406	0.08720	0.02953	0.01730	0.08097	0.02470	0.04986	0.01813	0.02106	0.01434	0.01098	0.00823	0.00345	0.01038	0.00724	0.00723	0.01434
24	0.01457	0.01078	0.01328	0.01476	0.01630	0.00986	0.01006	0.01699	0.02388	0.03128	0.12227	0.38261	0.17198	0.08250	0.01840	0.00501	0.00682	0.02848	0.01069	0.00948
25	0.02466	0.02559	0.08306	0.23587	0.05227	0.02477	0.06209	0.08053	0.08865	0.04132	0.12215	0.04265	0.03717	0.01459	0.01218	0.00379	0.01295	0.01291	0.00822	0.01460
26	0.02702	0.02374	0.04105	0.25123	0.11781	0.02429	0.12234	0.03437	0.02558	0.07761	0.02365	0.03039	0.01779	0.01081	0.01155	0.00344	0.01449	0.01059	0.00650	0.12574
27	0.03328	0.02634	0.03378	0.02704	0.03419	0.08769	0.11517	0.08875	0.08098	0.12951	0.07619	0.08278	0.03525	0.01569	0.01205	0.00362	0.01254	0.01405	0.07562	0.01548

[dist]
# distance from previous block
# <min> <max>
0	99

[block]
# block no. 5 follows, 10 sequences, length 42
# corresponding to MSA columns:
# 466-507
name=unknown_F
#
# <colnr> <probs for GDERKNQSTAVLIFYWHMCP>
#	G	D	E	R	K	N	Q	S	T	A	V	L	I	F	Y	W	H	M	C	P
0	0.29819	0.08048	0.02791	0.06839	0.03169	0.09037	0.01782	0.03385	0.02260	0.03994	0.01748	0.02180	0.01444	0.01158	0.01156	0.00328	0.07102	0.00731	0.00638	0.12393
1	0.18214	0.10241	0.12245	0.02228	0.03122	0.08221	0.02123	0.04217	0.10579	0.08489	0.02718	0.02837	0.02043	0.01229	0.00958	0.00339	0.01203	0.00891	0.06571	0.01532
2	0.36865	0.07421	0.02712	0.07003	0.07098	0.02748	0.01802	0.03945	0.08053	0.09081	0.02363	0.02568	0.01785	0.01170	0.00895	0.00355	0.01038	0.00832	0.00794	0.01470
3	0.01976	0.01039	0.01558	0.01558	0.01584	0.01064	0.01064	0.01584	0.01558	0.02103	0.02154	0.03661	0.02128	0.04611	0.10639	0.58322	0.01267	0.01039	0.00519	0.00570
4	0.02534	0.02767	0.14173	0.08033	0.03576	0.02059	0.02299	0.07498	0.07184	0.08745	0.13747	0.13731	0.04916	0.01915	0.01251	0.00387	0.01094	0.01646	0.00975	0.01469
5	0.01800	0.01068	0.01249	0.01347	0.01536	0.01029	0.00956	0.02206	0.02457	0.03823	0.10640	0.26738	0.05863	0.02406	0.01153	0.00364	0.00597	0.02108	0.31632	0.01029
6	0.02436	0.02290	0.02746	0.26128	0.04918	0.08485	0.02276	0.07545	0.02792	0.03439	0.04106	0.16029	0.08255	0.01931	0.01243	0.00392	0.01292	0.01654	0.00780	0.01262
7	0.01656	0.01255	0.01557	0.01704	0.01911	0.01236	0.01230	0.02306	0.08201	0.03416	0.10707	0.38657	0.11497	0.03172	0.01439	0.00452	0.00722	0.06689	0.01109	0.01083
8	0.02996	0.02836	0.10241	0.22914	0.10912	0.02523	0.12666	0.03813	0.02663	0.13053	0.02638	0.03174	0.01879	0.01157	0.01201	0.00376	0.01531	0.01112	0.00716	0.01597
9	0.22793	0.42182	0.04751	0.01849	0.02760	0.03991	0.01766	0.03463	0.02246	0.03497	0.01618	0.01873	0.01421	0.01021	0.00738	0.00283	0.01138	0.00624	0.00566	0.01421
10	0.49562	0.02098	0.01903	0.06450	0.02750	0.02380	0.01437	0.03524	0.02180	0.09396	0.02142	0.02421	0.01599	0.01147	0.00810	0.00354	0.00933	0.00759	0.06841	0.01314
11	0.17029	0.02925	0.08286	0.07610	0.09556	0.02786	0.02340	0.12805	0.11113	0.04914	0.02592	0.02829	0.01961	0.01213	0.01035	0.00348	0.01179	0.00947	0.00826	0.07709
12	0.08436	0.20880	0.17401	0.09893	0.09314	0.03357	0.02921	0.03401	0.02317	0.03359	0.01850	0.02362	0.01515	0.01169	0.01263	0.00346	0.07346	0.00824	0.00528	0.01520
13	0.02111	0.03517	0.22891	0.02589	0.03399	0.02404	0.02745	0.02845	0.02388	0.03402	0.08535	0.05032	0.13739	0.01897	0.01943	0.00413	0.16699	0.01379	0.00701	0.01371
14	0.09777	0.09324	0.13675	0.17064	0.04644	0.07459	0.02631	0.03616	0.02566	0.09677	0.03078	0.03391	0.05796	0.01310	0.01067	0.00354	0.01384	0.01019	0.00703	0.01467
15	0.03826	0.01824	0.02301	0.01902	0.02576	0.01730	0.01522	0.04789	0.11159	0.30357	0.13284	0.04951	0.04523	0.01630	0.01172	0.00357	0.00847	0.01360	0.08194	0.01695
16	0.02957	0.31538	0.05136	0.12122	0.04315	0.03649	0.07999	0.07536	0.02700	0.03434	0.01944	0.02387	0.01605	0.01048	0.00951	0.00294	0.01358	0.00837	0.00593	0.07598
17	0.02393	0.02001	0.02851	0.15482	0.12082	0.02158	0.02204	0.07857	0.07337	0.04423	0.22038	0.05371	0.05586	0.01688	0.01246	0.00368	0.01037	0.01488	0.00960	0.01431
18	0.01525	0.01117	0.01432	0.01495	0.01699	0.01024	0.01067	0.01908	0.02797	0.03822	0.29061	0.28874	0.13974	0.02946	0.01417	0.00411	0.00604	0.02623	0.01178	0.01024
19	0.01540	0.01185	0.01407	0.01351	0.01672	0.01052	0.01014	0.01989	0.03041	0.04067	0.35786	0.09670	0.26818	0.02600	0.01373	0.00376	0.00565	0.02241	0.01202	0.01052
20	0.01460	0.01046	0.01388	0.01590	0.01697	0.00974	0.01083	0.01729	0.02429	0.03291	0.14918	0.48943	0.08315	0.03404	0.01463	0.00452	0.00651	0.03078	0.01118	0.00974
21	0.04853	0.02057	0.02654	0.02057	0.02905	0.01886	0.01692	0.10569	0.03512	0.42901	0.04300	0.03850	0.02778	0.01427	0.01138	0.00351	0.00986	0.01147	0.07041	0.01900
22	0.02486	0.02035	0.02328	0.02277	0.02779	0.02272	0.01854	0.04675	0.30972	0.04313	0.05302	0.07844	0.04805	0.02231	0.01352	0.00451	0.00981	0.18371	0.01139	0.01534
23	0.67341	0.02249	0.01709	0.01529	0.02249	0.02609	0.01260	0.03419	0.01979	0.05218	0.01619	0.01889	0.01260	0.01080	0.00720	0.00360	0.00900	0.00630	0.00720	0.01260
24	0.67341	0.02249	0.01709	0.01529	0.02249	0.02609	0.01260	0.03419	0.01979	0.05218	0.01619	0.01889	0.01260	0.01080	0.00720	0.00360	0.00900	0.00630	0.00720	0.01260
25	0.01866	0.01345	0.01706	0.01843	0.02052	0.01341	0.01362	0.07417	0.02704	0.03594	0.05923	0.43380	0.06814	0.03291	0.01467	0.00469	0.00820	0.10423	0.01088	0.01094
26	0.04421	0.03258	0.03490	0.02676	0.03607	0.03607	0.02211	0.47993	0.05468	0.07330	0.02792	0.02792	0.01978	0.01396	0.01163	0.00349	0.01280	0.01047	0.01163	0.01978
27	0.01688	0.01143	0.01345	0.01345	0.01372	0.01169	0.00800	0.01741	0.01714	0.02312	0.03594	0.07223	0.04060	0.52697	0.12118	0.01222	0.01381	0.01635	0.00694	0.00747
28	0.02412	0.02067	0.02412	0.01723	0.02756	0.01550	0.01378	0.02929	0.02412	0.03790	0.02067	0.02412	0.01723	0.00861	0.00861	0.00172	0.00861	0.00689	0.00689	0.66236
29	0.11480	0.02255	0.02911	0.02630	0.08195	0.02160	0.01924	0.10603	0.03385	0.36622	0.03787	0.03474	0.02481	0.01353	0.01119	0.00357	0.01059	0.01082	0.01235	0.01888
30	0.01641	0.01182	0.01563	0.01556	0.01803	0.01104	0.01178	0.02144	0.03091	0.04321	0.40722	0.15498	0.10098	0.02628	0.01411	0.00398	0.00621	0.06735	0.01232	0.01075
31	0.67341	0.02249	0.01709	0.01529	0.02249	0.02609	0.01260	0.03419	0.01979	0.05218	0.01619	0.01889	0.01260	0.01080	0.00720	0.00360	0.00900	0.00630	0.00720	0.01260
32	0.02893	0.02498	0.02630	0.02367	0.03024	0.02893	0.01841	0.06180	0.49770	0.04865	0.04734	0.04339	0.03550	0.01578	0.01183	0.00394	0.00920	0.01315	0.01183	0.01841
33	0.03082	0.52514	0.05653	0.02038	0.02990	0.04384	0.01971	0.03827	0.08410	0.03008	0.02014	0.02181	0.01755	0.01069	0.00802	0.00267	0.01203	0.00710	0.00585	0.01537
34	0.67341	0.02249	0.01709	0.01529	0.02249	0.02609	0.01260	0.03419	0.01979	0.05218	0.01619	0.01889	0.01260	0.01080	0.00720	0.00360	0.00900	0.00630	0.00720	0.01260
35	0.02920	0.09811	0.03072	0.02319	0.03019	0.03111	0.01860	0.05836	0.43723	0.04594	0.04336	0.04024	0.03288	0.01504	0.01128	0.00376	0.00962	0.01227	0.01096	0.01796
36	0.67341	0.02249	0.01709	0.01529	0.02249	0.02609	0.01260	0.03419	0.01979	0.05218	0.01619	0.01889	0.01260	0.01080	0.00720	0.00360	0.00900	0.00630	0.00720	0.01260
37	0.02082	0.01850	0.02617	0.02376	0.02467	0.02422	0.01903	0.02384	0.01812	0.02707	0.02413	0.03884	0.02372	0.10075	0.26166	0.01159	0.28439	0.01178	0.00576	0.01119
38	0.02313	0.01791	0.02824	0.34486	0.05622	0.02048	0.02436	0.02988	0.02715	0.08161	0.17315	0.04886	0.04551	0.01560	0.01227	0.00378	0.01192	0.01373	0.00837	0.01297
39	0.01416	0.01130	0.01269	0.01340	0.01623	0.00983	0.00965	0.01710	0.02593	0.03252	0.14382	0.25000	0.34056	0.03093	0.01407	0.00414	0.00610	0.02671	0.01101	0.00983
40	0.03004	0.01452	0.01950	0.01752	0.02214	0.01296	0.01336	0.03410	0.02989	0.23323	0.19249	0.21621	0.06764	0.02381	0.01325	0.00395	0.00762	0.02090	0.01284	0.01404
41	0.09779	0.03131	0.15671	0.22672	0.10454	0.02484	0.03060	0.03725	0.02528	0.12036	0.02471	0.02935	0.01760	0.01174	0.01101	0.00371	0.01408	0.00971	0.00697	0.01572

[dist]
# distance from previous block
# <min> <max>
0	1

[block]
# block no. 6 follows, 10 sequences, length 32
# corresponding to MSA columns:
# 509-540
name=unknown_G
#
# <colnr> <probs for GDERKNQSTAVLIFYWHMCP>
#	G	D	E	R	K	N	Q	S	T	A	V	L	I	F	Y	W	H	M	C	P
0	0.08171	0.25504	0.04566	0.15054	0.13724	0.03351	0.02493	0.03593	0.02474	0.08040	0.02118	0.02546	0.01691	0.01090	0.00958	0.00318	0.01287	0.00849	0.00626	0.01546
1	0.01568	0.01217	0.01645	0.01811	0.01870	0.01295	0.01275	0.01777	0.02167	0.02946	0.05757	0.50904	0.06868	0.03429	0.01796	0.00477	0.08204	0.03000	0.01003	0.00988
2	0.47361	0.02985	0.06763	0.02509	0.08557	0.08033	0.01906	0.03588	0.02238	0.04667	0.01747	0.02079	0.01373	0.01089	0.00839	0.00353	0.01154	0.00711	0.00670	0.01379
3	0.02437	0.02383	0.03323	0.02864	0.02896	0.03268	0.02372	0.02727	0.01962	0.03022	0.07462	0.03278	0.02654	0.02076	0.03525	0.00492	0.50260	0.01147	0.00601	0.01251
4	0.11408	0.03424	0.08459	0.02511	0.03404	0.07609	0.02212	0.29263	0.04306	0.06008	0.07533	0.03200	0.02731	0.01411	0.01116	0.00350	0.01278	0.01061	0.01000	0.01717
5	0.01440	0.01051	0.01355	0.01553	0.01680	0.00967	0.01060	0.01694	0.02400	0.03190	0.12347	0.47303	0.12841	0.03417	0.01459	0.00451	0.00650	0.03070	0.01104	0.00967
6	0.03762	0.03271	0.03354	0.13693	0.08915	0.18856	0.02471	0.04226	0.02848	0.15755	0.02569	0.02909	0.01900	0.01350	0.01482	0.00365	0.08975	0.00977	0.00784	0.01537
7	0.02609	0.10025	0.21936	0.03347	0.09803	0.02749	0.06957	0.03845	0.08811	0.03776	0.02422	0.02746	0.01869	0.01092	0.01061	0.00322	0.01383	0.00930	0.00640	0.13678
8	0.02568	0.02134	0.02448	0.01852	0.02762	0.01835	0.01475	0.07199	0.07922	0.04305	0.07192	0.03264	0.02841	0.01134	0.00973	0.00231	0.00874	0.00926	0.00842	0.47223
9	0.01661	0.01246	0.01869	0.01869	0.02077	0.01454	0.01454	0.02077	0.01869	0.02700	0.03115	0.04569	0.02908	0.08723	0.54517	0.01869	0.03115	0.01246	0.00623	0.01038
10	0.03286	0.02040	0.02501	0.01831	0.02822	0.01600	0.01481	0.03782	0.02697	0.19013	0.02852	0.02893	0.02083	0.01041	0.00957	0.00231	0.00901	0.00839	0.00923	0.46226
11	0.05218	0.01979	0.02699	0.02069	0.02969	0.01709	0.01709	0.05668	0.03329	0.52677	0.04588	0.03959	0.02879	0.01439	0.01170	0.00360	0.00990	0.01170	0.01439	0.01979
12	0.01417	0.01012	0.01350	0.01619	0.01687	0.00945	0.01080	0.01619	0.02227	0.02969	0.06410	0.58367	0.07692	0.03644	0.01484	0.00472	0.00675	0.03306	0.01080	0.00945
13	0.02390	0.01970	0.02196	0.02002	0.02505	0.02169	0.01541	0.04573	0.31026	0.04784	0.23496	0.06093	0.06544	0.01900	0.01259	0.00383	0.00771	0.01633	0.01222	0.01541
14	0.02412	0.02067	0.02412	0.01723	0.02756	0.01550	0.01378	0.02929	0.02412	0.03790	0.02067	0.02412	0.01723	0.00861	0.00861	0.00172	0.00861	0.00689	0.00689	0.66236
15	0.01417	0.01012	0.01350	0.01619	0.01687	0.00945	0.01080	0.01619	0.02227	0.02969	0.06410	0.58367	0.07692	0.03644	0.01484	0.00472	0.00675	0.03306	0.01080	0.00945
16	0.02303	0.01921	0.02324	0.02475	0.07196	0.02073	0.01684	0.04082	0.24942	0.04297	0.14530	0.17144	0.05851	0.02152	0.01287	0.00401	0.00833	0.01896	0.01121	0.01487
17	0.67341	0.02249	0.01709	0.01529	0.02249	0.02609	0.01260	0.03419	0.01979	0.05218	0.01619	0.01889	0.01260	0.01080	0.00720	0.00360	0.00900	0.00630	0.00720	0.01260
18	0.03218	0.02797	0.09241	0.13267	0.12826	0.02468	0.02651	0.07693	0.09196	0.13624	0.02999	0.03219	0.02173	0.01229	0.01125	0.00347	0.01250	0.01041	0.00864	0.08771
19	0.02545	0.02545	0.03562	0.03053	0.03053	0.03562	0.02545	0.02799	0.01781	0.02799	0.01527	0.02545	0.01527	0.02036	0.03817	0.00509	0.56997	0.01018	0.00509	0.01272
20	0.02412	0.02067	0.02412	0.01723	0.02756	0.01550	0.01378	0.02929	0.02412	0.03790	0.02067	0.02412	0.01723	0.00861	0.00861	0.00172	0.00861	0.00689	0.00689	0.66236
21	0.44119	0.02148	0.02079	0.01731	0.02518	0.02273	0.01428	0.04260	0.02484	0.22959	0.02729	0.02663	0.01865	0.01214	0.00888	0.00360	0.00933	0.00832	0.00989	0.01529
22	0.58651	0.02753	0.08580	0.01768	0.02621	0.02621	0.01666	0.03454	0.02043	0.05013	0.01682	0.01965	0.01288	0.01083	0.00771	0.00361	0.01009	0.00660	0.00689	0.01321
23	0.03013	0.04347	0.28392	0.03325	0.04579	0.02790	0.10840	0.08156	0.02840	0.10497	0.02474	0.02813	0.01765	0.01258	0.01459	0.00385	0.07636	0.01023	0.00701	0.01705
24	0.02669	0.02888	0.04951	0.03754	0.04644	0.08077	0.28184	0.03419	0.02663	0.03488	0.02753	0.04167	0.02381	0.02150	0.07658	0.00553	0.01920	0.05669	0.00653	0.07360
25	0.01465	0.01046	0.01404	0.01674	0.01762	0.00986	0.01162	0.01702	0.02274	0.03022	0.06384	0.53657	0.07588	0.03599	0.01497	0.00479	0.00716	0.07547	0.01079	0.00958
26	0.03980	0.02186	0.02689	0.02011	0.02968	0.01899	0.01643	0.10221	0.03245	0.26899	0.03332	0.03179	0.02292	0.01201	0.01044	0.00283	0.00977	0.00959	0.01100	0.27893
27	0.67341	0.02249	0.01709	0.01529	0.02249	0.02609	0.01260	0.03419	0.01979	0.05218	0.01619	0.01889	0.01260	0.01080	0.00720	0.00360	0.00900	0.00630	0.00720	0.01260
28	0.01521	0.01119	0.01425	0.01486	0.01696	0.01023	0.01062	0.01902	0.02794	0.03805	0.28635	0.28237	0.15109	0.02943	0.01416	0.00411	0.00603	0.02616	0.01176	0.01023
29	0.04145	0.03120	0.03335	0.02620	0.03501	0.03478	0.02144	0.40428	0.13484	0.06884	0.03144	0.03072	0.02262	0.01429	0.01167	0.00357	0.01215	0.01096	0.01167	0.01953
30	0.01886	0.01190	0.01601	0.01718	0.01936	0.01110	0.01274	0.02234	0.02608	0.07940	0.14821	0.36227	0.07714	0.03126	0.01454	0.00452	0.00746	0.09722	0.01150	0.01090
31	0.02388	0.14961	0.03445	0.02261	0.02841	0.06973	0.05873	0.02844	0.02234	0.02912	0.02501	0.03423	0.02257	0.04921	0.28129	0.01082	0.02300	0.01025	0.00596	0.07033

[dist]
# distance from previous block
# <min> <max>
0	1

[block]
# block no. 7 follows, 10 sequences, length 8
# corresponding to MSA columns:
# 542-549
name=unknown_H
#
# <colnr> <probs for GDERKNQSTAVLIFYWHMCP>
#	G	D	E	R	K	N	Q	S	T	A	V	L	I	F	Y	W	H	M	C	P
0	0.02115	0.01269	0.01566	0.01436	0.01806	0.01152	0.01096	0.02609	0.03069	0.10252	0.32249	0.07888	0.15417	0.02208	0.01267	0.00356	0.00608	0.01899	0.10554	0.01185
1	0.02907	0.09594	0.22548	0.03922	0.09387	0.03102	0.16518	0.10573	0.03020	0.04184	0.02240	0.02694	0.01675	0.01096	0.01163	0.00359	0.01644	0.01035	0.00633	0.01705
2	0.01519	0.01087	0.01459	0.01676	0.01804	0.01027	0.01203	0.01822	0.02449	0.03291	0.12849	0.44328	0.08015	0.03396	0.01487	0.00467	0.00717	0.09313	0.01107	0.00986
3	0.02876	0.03025	0.11330	0.03722	0.14057	0.02568	0.07007	0.14732	0.03439	0.04744	0.08960	0.05081	0.03667	0.01629	0.01265	0.00386	0.01314	0.07699	0.00877	0.01623
4	0.02500	0.01341	0.01652	0.01500	0.01925	0.01257	0.01167	0.02950	0.02731	0.14414	0.13322	0.06476	0.14685	0.03001	0.09250	0.00575	0.01041	0.01589	0.17374	0.01252
5	0.02625	0.02934	0.11396	0.03510	0.10629	0.02520	0.09862	0.10501	0.03038	0.04244	0.08891	0.11939	0.03771	0.01753	0.01514	0.00395	0.06602	0.01539	0.00819	0.01519
6	0.07364	0.02547	0.07237	0.08720	0.17905	0.02246	0.02476	0.03624	0.06149	0.08520	0.02873	0.07439	0.02426	0.01314	0.01091	0.00333	0.01155	0.01142	0.00767	0.14672
7	0.03436	0.02453	0.02466	0.02023	0.02725	0.09725	0.01598	0.09168	0.03375	0.17053	0.14421	0.04900	0.08005	0.01630	0.01161	0.00323	0.01043	0.01321	0.01092	0.12083

[dist]
# distance from previous block
# <min> <max>
3	40

[block]
# block no. 8 follows, 10 sequences, length 30
# corresponding to MSA columns:
# 590-619
name=unknown_I
#
# <colnr> <probs for GDERKNQSTAVLIFYWHMCP>
#	G	D	E	R	K	N	Q	S	T	A	V	L	I	F	Y	W	H	M	C	P
