[name]
unknown

[dist]
# distance from previous block
# <min> <max>
0	136

[block]
# block no. 0 follows, 13 sequences, length 45
# corresponding to MSA columns:
# 189-233
name=unknown_A
#
# <colnr> <probs for GDERKNQSTAVLIFYWHMCP>
#	G	D	E	R	K	N	Q	S	T	A	V	L	I	F	Y	W	H	M	C	P
0	0.02170	0.01471	0.01813	0.01842	0.02201	0.01532	0.01501	0.03237	0.15381	0.08165	0.04982	0.14968	0.04876	0.02304	0.01249	0.00411	0.00842	0.22569	0.07280	0.01206
1	0.03146	0.02278	0.02518	0.02089	0.02739	0.02489	0.01670	0.22489	0.22303	0.10076	0.12555	0.04075	0.03810	0.01488	0.01098	0.00336	0.00906	0.01217	0.01106	0.01614
2	0.03552	0.03412	0.03313	0.03437	0.15536	0.19421	0.02277	0.22770	0.08085	0.04516	0.02297	0.02492	0.01765	0.01154	0.01026	0.00307	0.01377	0.00891	0.00783	0.01589
3	0.08942	0.16842	0.03242	0.02075	0.02809	0.10116	0.01732	0.10565	0.16607	0.12620	0.02821	0.02740	0.02099	0.01188	0.00929	0.00304	0.01094	0.00879	0.00863	0.01535
4	0.03950	0.05039	0.02996	0.02724	0.03269	0.58597	0.02043	0.04222	0.02996	0.02588	0.01634	0.01907	0.01362	0.01090	0.00953	0.00272	0.01907	0.00681	0.00545	0.01226
5	0.02273	0.02285	0.04248	0.32943	0.18191	0.02473	0.16168	0.03010	0.02284	0.03059	0.01974	0.02781	0.01523	0.00986	0.01105	0.00345	0.01473	0.01022	0.00500	0.01358
6	0.02325	0.02376	0.04125	0.17043	0.11314	0.02795	0.15398	0.02885	0.02059	0.02912	0.01771	0.02607	0.01485	0.01305	0.02033	0.00391	0.24377	0.01013	0.00490	0.01296
7	0.01462	0.01055	0.01383	0.01353	0.01572	0.00975	0.00995	0.01910	0.02835	0.03989	0.47555	0.16748	0.09490	0.02349	0.01264	0.00348	0.00518	0.02091	0.01134	0.00975
8	0.02277	0.02165	0.03677	0.36002	0.29393	0.02423	0.03076	0.02947	0.02247	0.03041	0.01929	0.02728	0.01529	0.01005	0.01052	0.00335	0.01340	0.00941	0.00494	0.01400
9	0.09815	0.02198	0.02533	0.02027	0.02791	0.02265	0.01652	0.16369	0.14358	0.29251	0.03577	0.03258	0.02425	0.01298	0.01029	0.00332	0.00942	0.01022	0.01142	0.01715
10	0.02024	0.01917	0.03177	0.55304	0.06891	0.02426	0.02882	0.02688	0.02071	0.02688	0.01837	0.02775	0.01408	0.01126	0.01267	0.00362	0.06578	0.00938	0.00469	0.01173
11	0.02496	0.02852	0.06239	0.04456	0.05526	0.02674	0.52406	0.03387	0.02496	0.03387	0.02139	0.02852	0.01604	0.00891	0.01248	0.00357	0.01783	0.01248	0.00535	0.01426
12	0.01279	0.00955	0.01191	0.01379	0.01509	0.00867	0.00940	0.01483	0.02114	0.02736	0.06962	0.50076	0.18337	0.03165	0.01326	0.00413	0.00595	0.02826	0.00982	0.00867
13	0.01837	0.00918	0.01377	0.01377	0.01377	0.00918	0.00918	0.01377	0.01377	0.01837	0.01837	0.03214	0.01837	0.03673	0.04132	0.69238	0.00918	0.00918	0.00459	0.00459
14	0.70310	0.02045	0.01554	0.01390	0.02045	0.02372	0.01145	0.03108	0.01799	0.04744	0.01472	0.01718	0.01145	0.00981	0.00654	0.00327	0.00818	0.00573	0.00654	0.01145
15	0.02989	0.24579	0.03673	0.02112	0.02848	0.07882	0.01796	0.10715	0.24972	0.03866	0.02837	0.02787	0.02217	0.01194	0.00921	0.00299	0.01073	0.00895	0.00806	0.01539
16	0.02696	0.36740	0.08918	0.02582	0.09671	0.03468	0.02133	0.03761	0.14314	0.03131	0.02229	0.02380	0.01830	0.01041	0.00844	0.00277	0.01114	0.00777	0.00606	0.01488
17	0.01765	0.01146	0.01466	0.01348	0.01664	0.01036	0.01024	0.02226	0.02922	0.08931	0.45225	0.07790	0.15116	0.02148	0.01230	0.00335	0.00540	0.01874	0.01154	0.01058
18	0.01510	0.01133	0.01699	0.01699	0.01888	0.01322	0.01322	0.01888	0.01699	0.02454	0.02832	0.04154	0.02643	0.07930	0.58652	0.01699	0.02832	0.01133	0.00566	0.00944
19	0.02630	0.02271	0.02391	0.02152	0.02749	0.02630	0.01674	0.05618	0.54336	0.04423	0.04303	0.03945	0.03228	0.01434	0.01076	0.00359	0.00837	0.01195	0.01076	0.01674
20	0.12224	0.02902	0.10069	0.02420	0.03346	0.02624	0.06195	0.25398	0.03578	0.16908	0.02650	0.02656	0.01822	0.01176	0.01017	0.00326	0.01164	0.00931	0.00940	0.01654
21	0.02827	0.63478	0.05540	0.01809	0.02714	0.04184	0.01809	0.03166	0.02148	0.02488	0.01470	0.01696	0.01357	0.00905	0.00678	0.00226	0.01131	0.00565	0.00452	0.01357
22	0.04019	0.02962	0.03173	0.02433	0.03279	0.03279	0.02010	0.52721	0.04971	0.06663	0.02538	0.02538	0.01798	0.01269	0.01058	0.00317	0.01163	0.00952	0.01058	0.01798
23	0.02827	0.63478	0.05540	0.01809	0.02714	0.04184	0.01809	0.03166	0.02148	0.02488	0.01470	0.01696	0.01357	0.00905	0.00678	0.00226	0.01131	0.00565	0.00452	0.01357
24	0.01294	0.00980	0.01195	0.01337	0.01505	0.00881	0.00928	0.01531	0.02226	0.02881	0.11648	0.41530	0.22203	0.03018	0.01310	0.00399	0.00580	0.02674	0.00997	0.00881
25	0.01496	0.01081	0.01413	0.01330	0.01580	0.00998	0.00998	0.01995	0.02993	0.04240	0.55689	0.07898	0.09976	0.02162	0.01247	0.00333	0.00499	0.01912	0.01164	0.00998
26	0.04744	0.01799	0.02454	0.01881	0.02699	0.01554	0.01554	0.05153	0.03026	0.56979	0.04171	0.03599	0.02617	0.01309	0.01063	0.00327	0.00900	0.01063	0.01309	0.01799
27	0.02190	0.01234	0.01636	0.01448	0.01819	0.01117	0.01117	0.02670	0.03000	0.15509	0.44680	0.06979	0.08404	0.01979	0.01208	0.00331	0.00584	0.01731	0.01195	0.01169
28	0.01288	0.00920	0.01227	0.01472	0.01534	0.00859	0.00981	0.01472	0.02024	0.02699	0.05828	0.62152	0.06993	0.03312	0.01350	0.00429	0.00613	0.03006	0.00981	0.00859
29	0.02065	0.01362	0.01833	0.01959	0.02286	0.01371	0.01687	0.02762	0.07004	0.08240	0.05354	0.10464	0.05516	0.02643	0.01390	0.00461	0.00955	0.40524	0.01013	0.01111
30	0.02313	0.02313	0.03238	0.02776	0.02776	0.03238	0.02313	0.02545	0.01619	0.02545	0.01388	0.02313	0.01388	0.01851	0.03470	0.00463	0.60907	0.00925	0.00463	0.01157
31	0.02058	0.01419	0.01648	0.01661	0.01985	0.01496	0.01324	0.06606	0.11518	0.03811	0.04533	0.15050	0.04392	0.02092	0.01131	0.00371	0.00766	0.15772	0.21223	0.01144
32	0.70310	0.02045	0.01554	0.01390	0.02045	0.02372	0.01145	0.03108	0.01799	0.04744	0.01472	0.01718	0.01145	0.00981	0.00654	0.00327	0.00818	0.00573	0.00654	0.01145
33	0.01521	0.01090	0.01480	0.01480	0.01593	0.01203	0.01048	0.01747	0.01634	0.02292	0.03033	0.05264	0.03125	0.29974	0.37267	0.01429	0.02107	0.01295	0.00596	0.00822
34	0.01584	0.01073	0.01560	0.01560	0.01684	0.01197	0.01148	0.01733	0.01609	0.02270	0.02680	0.04302	0.02621	0.13981	0.40109	0.16208	0.02189	0.01138	0.00553	0.00801
35	0.02911	0.01773	0.02208	0.11335	0.03083	0.06179	0.01639	0.03321	0.02521	0.22294	0.08187	0.14260	0.03743	0.02539	0.08569	0.00523	0.01230	0.01442	0.00942	0.01302
36	0.02469	0.02473	0.02759	0.02250	0.02722	0.09481	0.01824	0.02808	0.02040	0.02936	0.01630	0.02210	0.01461	0.01296	0.01998	0.00307	0.27624	0.00766	0.00543	0.30402
37	0.15049	0.02031	0.02225	0.01868	0.02417	0.02234	0.01484	0.21613	0.03047	0.08900	0.02651	0.03410	0.02205	0.10585	0.14916	0.00731	0.01450	0.01010	0.00839	0.01336
38	0.07965	0.01522	0.02171	0.01945	0.02329	0.01496	0.07658	0.06631	0.02486	0.07583	0.09170	0.34732	0.05292	0.02366	0.01220	0.00385	0.00839	0.02144	0.00945	0.01122
39	0.03175	0.02496	0.02983	0.02368	0.03082	0.02714	0.06150	0.29983	0.15101	0.05499	0.11555	0.03744	0.03424	0.01418	0.01109	0.00332	0.01038	0.01187	0.01034	0.01608
40	0.02223	0.01813	0.02728	0.02295	0.02614	0.02075	0.08066	0.02644	0.02266	0.07615	0.11968	0.05101	0.08463	0.01851	0.02011	0.00390	0.22588	0.05458	0.06668	0.01163
41	0.02516	0.01869	0.02226	0.01606	0.02530	0.01428	0.01291	0.02978	0.02298	0.10241	0.02170	0.02371	0.01699	0.00850	0.00819	0.00178	0.00798	0.00682	0.00713	0.60736
42	0.02711	0.01863	0.02246	0.01630	0.02545	0.01439	0.01314	0.03168	0.02362	0.14316	0.02345	0.02478	0.01780	0.00890	0.00840	0.00191	0.00807	0.00715	0.00765	0.55597
43	0.03653	0.03327	0.03020	0.02471	0.03200	0.24440	0.06171	0.08490	0.07766	0.14804	0.02571	0.02626	0.01885	0.01127	0.01001	0.00288	0.01377	0.00875	0.00810	0.10098
44	0.02328	0.01911	0.02553	0.02217	0.02698	0.02012	0.08009	0.13410	0.14856	0.04018	0.04308	0.28480	0.04334	0.02135	0.01212	0.00380	0.00932	0.01928	0.00962	0.01318

[dist]
# distance from previous block
# <min> <max>
0	1

[block]
# block no. 1 follows, 13 sequences, length 11
# corresponding to MSA columns:
# 235-245
name=unknown_B
#
# <colnr> <probs for GDERKNQSTAVLIFYWHMCP>
#	G	D	E	R	K	N	Q	S	T	A	V	L	I	F	Y	W	H	M	C	P
0	0.09638	0.01613	0.02026	0.01739	0.02305	0.01511	0.01363	0.06594	0.02712	0.32106	0.04350	0.21832	0.03814	0.01908	0.01116	0.00359	0.00817	0.01624	0.01131	0.01442
1	0.02583	0.04599	0.41978	0.02827	0.04114	0.02526	0.03353	0.08781	0.02550	0.08570	0.02133	0.02398	0.01510	0.01131	0.01220	0.00343	0.06376	0.00838	0.00593	0.01576
2	0.01437	0.01032	0.01268	0.01283	0.01441	0.00965	0.00878	0.01715	0.02347	0.03194	0.26695	0.18924	0.12892	0.18465	0.02359	0.00538	0.00665	0.02071	0.00968	0.00863
3	0.01934	0.01779	0.02951	0.52914	0.06568	0.02180	0.02694	0.02613	0.02224	0.02894	0.08619	0.03455	0.02482	0.01195	0.01081	0.00350	0.01295	0.01061	0.00557	0.01152
4	0.04393	0.01722	0.02341	0.01822	0.02578	0.01494	0.01494	0.04812	0.03023	0.51282	0.09736	0.04063	0.03412	0.01401	0.01083	0.00328	0.00856	0.01155	0.01293	0.01713
5	0.01766	0.01420	0.01921	0.01772	0.02111	0.01429	0.04689	0.02735	0.13177	0.03860	0.29156	0.17581	0.07241	0.02192	0.01244	0.00367	0.00703	0.04445	0.01057	0.01136
6	0.01778	0.01105	0.01411	0.01412	0.01676	0.00994	0.01028	0.02099	0.02509	0.09991	0.21558	0.29545	0.15647	0.02605	0.01266	0.00375	0.00601	0.02299	0.01078	0.01024
7	0.02255	0.02160	0.03657	0.36549	0.19727	0.02443	0.07012	0.03146	0.06597	0.03102	0.02133	0.02862	0.01648	0.01044	0.01072	0.00343	0.01352	0.00987	0.00540	0.01370
8	0.02685	0.01603	0.02125	0.08220	0.02842	0.01412	0.01459	0.03088	0.02385	0.18968	0.03598	0.18499	0.03291	0.01636	0.01046	0.00301	0.00843	0.01418	0.00904	0.23678
9	0.01906	0.01621	0.02319	0.02071	0.02478	0.01659	0.08320	0.03062	0.16888	0.03671	0.16715	0.21476	0.05849	0.02156	0.01243	0.00381	0.00834	0.05158	0.00989	0.01204
10	0.02468	0.09254	0.09885	0.01811	0.02819	0.01871	0.01691	0.03018	0.02263	0.07808	0.02028	0.02260	0.01601	0.00870	0.00824	0.00202	0.00935	0.00677	0.00640	0.47077

[dist]
# distance from previous block
# <min> <max>
0	1

[block]
# block no. 2 follows, 13 sequences, length 11
# corresponding to MSA columns:
# 247-257
name=unknown_C
#
# <colnr> <probs for GDERKNQSTAVLIFYWHMCP>
#	G	D	E	R	K	N	Q	S	T	A	V	L	I	F	Y	W	H	M	C	P
0	0.02090	0.01762	0.02078	0.01531	0.02370	0.01349	0.01215	0.02564	0.02310	0.03562	0.09777	0.03030	0.02800	0.00985	0.00851	0.00182	0.00741	0.00815	0.00705	0.59280
1	0.03047	0.02712	0.07991	0.07328	0.04401	0.02493	0.23155	0.14742	0.03066	0.12135	0.02728	0.06484	0.02100	0.01209	0.01152	0.00346	0.01394	0.01206	0.00788	0.01524
2	0.02571	0.21806	0.30508	0.02504	0.03689	0.10264	0.02828	0.03352	0.02305	0.03009	0.01738	0.02032	0.01367	0.00968	0.00885	0.00280	0.01416	0.00693	0.00477	0.07310
3	0.12553	0.02732	0.11218	0.14436	0.14735	0.02446	0.06299	0.07053	0.06709	0.08408	0.02307	0.02673	0.01709	0.01071	0.01005	0.00335	0.01235	0.00919	0.00673	0.01485
4	0.01517	0.01108	0.01575	0.01575	0.01720	0.01254	0.01166	0.01808	0.01662	0.02362	0.02946	0.04785	0.02917	0.20460	0.46496	0.01545	0.02420	0.01225	0.00583	0.00875
5	0.02405	0.02416	0.02456	0.10497	0.03239	0.13074	0.01710	0.02830	0.02341	0.03091	0.06178	0.07166	0.02534	0.01271	0.01167	0.00269	0.06259	0.00985	0.00640	0.29472
6	0.04115	0.02808	0.03078	0.02360	0.03202	0.03051	0.01950	0.46450	0.04715	0.13297	0.02754	0.02678	0.01906	0.01274	0.01058	0.00319	0.01129	0.00967	0.01091	0.01798
7	0.02756	0.02345	0.03039	0.19442	0.11218	0.02679	0.02317	0.14967	0.21531	0.04301	0.02911	0.03134	0.02184	0.01225	0.01063	0.00342	0.01129	0.01034	0.00825	0.01559
8	0.04419	0.02321	0.02776	0.02129	0.02959	0.02328	0.01758	0.26496	0.03899	0.34403	0.03439	0.03123	0.02250	0.01291	0.01061	0.00323	0.01018	0.01013	0.01196	0.01799
9	0.01997	0.01879	0.03171	0.60301	0.07282	0.02349	0.02936	0.02701	0.02114	0.02701	0.01879	0.02819	0.01409	0.01057	0.01057	0.00352	0.01409	0.00940	0.00470	0.01175
10	0.03149	0.03707	0.02385	0.02203	0.02567	0.39490	0.01578	0.03331	0.02512	0.02409	0.02198	0.03570	0.02186	0.21584	0.02423	0.00522	0.01614	0.00965	0.00577	0.01032

[dist]
# distance from previous block
# <min> <max>
0	1

[block]
# block no. 3 follows, 13 sequences, length 9
# corresponding to MSA columns:
# 259-267
name=unknown_D
#
# <colnr> <probs for GDERKNQSTAVLIFYWHMCP>
#	G	D	E	R	K	N	Q	S	T	A	V	L	I	F	Y	W	H	M	C	P
0	0.01344	0.01075	0.01203	0.01171	0.01486	0.00933	0.00878	0.01701	0.02634	0.03388	0.27995	0.09300	0.38201	0.02479	0.01249	0.00348	0.00521	0.02109	0.01052	0.00933
1	0.02235	0.02122	0.03602	0.39622	0.26099	0.02412	0.03055	0.02910	0.02227	0.02991	0.01921	0.02741	0.01511	0.01013	0.01053	0.00338	0.01351	0.00941	0.00490	0.01367
2	0.04019	0.02962	0.03173	0.02433	0.03279	0.03279	0.02010	0.52721	0.04971	0.06663	0.02538	0.02538	0.01798	0.01269	0.01058	0.00317	0.01163	0.00952	0.01058	0.01798
3	0.01997	0.01879	0.03171	0.60301	0.07282	0.02349	0.02936	0.02701	0.02114	0.02701	0.01879	0.02819	0.01409	0.01057	0.01057	0.00352	0.01409	0.00940	0.00470	0.01175
4	0.03538	0.01925	0.02339	0.01943	0.02557	0.01913	0.01539	0.19408	0.03369	0.25515	0.04113	0.19750	0.03586	0.01860	0.01142	0.00353	0.00904	0.01575	0.01136	0.01534
5	0.01837	0.00918	0.01377	0.01377	0.01377	0.00918	0.00918	0.01377	0.01377	0.01837	0.01837	0.03214	0.01837	0.03673	0.04132	0.69238	0.00918	0.00918	0.00459	0.00459
6	0.35321	0.02020	0.01664	0.01480	0.02030	0.07640	0.01179	0.03319	0.02207	0.11411	0.02413	0.02620	0.01809	0.01108	0.00765	0.00299	0.00849	0.00767	0.19901	0.01198
7	0.03681	0.02396	0.03009	0.07256	0.07902	0.02597	0.02061	0.22881	0.07622	0.19729	0.02939	0.02959	0.02066	0.01300	0.01272	0.00339	0.06337	0.00999	0.00985	0.01672
8	0.02317	0.01737	0.02022	0.01635	0.02297	0.01554	0.01282	0.07153	0.07977	0.07700	0.12013	0.08548	0.08341	0.01503	0.01014	0.00269	0.00750	0.01266	0.00902	0.29718

[dist]
# distance from previous block
# <min> <max>
5	87

[block]
# block no. 4 follows, 13 sequences, length 12
# corresponding to MSA columns:
# 355-366
name=unknown_E
#
# <colnr> <probs for GDERKNQSTAVLIFYWHMCP>
#	G	D	E	R	K	N	Q	S	T	A	V	L	I	F	Y	W	H	M	C	P
0	0.54899	0.02484	0.02253	0.01893	0.02582	0.08942	0.07068	0.03269	0.02018	0.04339	0.01567	0.01868	0.01222	0.00984	0.00756	0.00324	0.01054	0.00662	0.00628	0.01186
1	0.02589	0.02381	0.03353	0.03050	0.09360	0.06349	0.13401	0.04008	0.20063	0.06713	0.13228	0.04134	0.03806	0.01361	0.01135	0.00340	0.01119	0.01271	0.00878	0.01461
2	0.02808	0.02473	0.10548	0.02056	0.02781	0.02087	0.01851	0.13646	0.13972	0.12694	0.07018	0.10763	0.09282	0.01703	0.01118	0.00348	0.00947	0.01418	0.00997	0.01489
3	0.01454	0.01207	0.01288	0.01245	0.01607	0.01108	0.00940	0.02073	0.08339	0.03312	0.19118	0.09016	0.40633	0.02434	0.01230	0.00352	0.00562	0.02051	0.01029	0.01001
4	0.02482	0.35121	0.30874	0.02398	0.03624	0.03339	0.02834	0.03255	0.02189	0.02908	0.01679	0.01958	0.01348	0.00953	0.00838	0.00279	0.01342	0.00671	0.00449	0.01457
5	0.01288	0.00920	0.01227	0.01472	0.01534	0.00859	0.00981	0.01472	0.02024	0.02699	0.05828	0.62152	0.06993	0.03312	0.01350	0.00429	0.00613	0.03006	0.00981	0.00859
6	0.02775	0.02725	0.09657	0.02889	0.03678	0.02552	0.15281	0.04365	0.22188	0.10631	0.03114	0.03234	0.02300	0.01276	0.01387	0.00363	0.08094	0.01115	0.00823	0.01553
7	0.10405	0.01889	0.02148	0.01582	0.02474	0.01538	0.01275	0.03001	0.02243	0.09763	0.02096	0.02299	0.01638	0.00867	0.00800	0.00196	0.00801	0.00670	0.00708	0.53606
8	0.02995	0.16966	0.03061	0.02011	0.02596	0.18382	0.01644	0.09060	0.08607	0.03475	0.02431	0.02709	0.01970	0.01633	0.05096	0.00376	0.01323	0.00834	0.13525	0.01305
9	0.02462	0.01502	0.01884	0.01595	0.02135	0.01332	0.01235	0.03094	0.06829	0.15935	0.21023	0.12331	0.05444	0.01743	0.01099	0.00306	0.00697	0.01509	0.01044	0.16802
10	0.02907	0.26460	0.17235	0.02357	0.03297	0.13534	0.02383	0.08954	0.02670	0.03246	0.02060	0.02787	0.01785	0.01167	0.00916	0.00293	0.01372	0.04597	0.00579	0.01402
11	0.18592	0.03313	0.23217	0.20741	0.08464	0.02406	0.02890	0.03081	0.02103	0.03491	0.01795	0.02318	0.01338	0.01011	0.00939	0.00337	0.01313	0.00792	0.00509	0.01349

[dist]
# distance from previous block
# <min> <max>
1	4

[block]
# block no. 5 follows, 13 sequences, length 9
# corresponding to MSA columns:
# 371-379
name=unknown_F
#
# <colnr> <probs for GDERKNQSTAVLIFYWHMCP>
#	G	D	E	R	K	N	Q	S	T	A	V	L	I	F	Y	W	H	M	C	P
0	0.03745	0.01887	0.02600	0.02502	0.09860	0.01728	0.01778	0.04415	0.07137	0.35097	0.03809	0.04165	0.02776	0.01375	0.01074	0.00327	0.00939	0.05644	0.01086	0.08055
1	0.02659	0.01544	0.01925	0.01529	0.02172	0.01290	0.01212	0.03123	0.02649	0.18147	0.18088	0.04374	0.04371	0.01363	0.00988	0.00262	0.00706	0.01147	0.07382	0.25069
2	0.02718	0.01669	0.02153	0.01840	0.02251	0.01800	0.01478	0.09641	0.02784	0.15748	0.15797	0.04446	0.04136	0.02731	0.11423	0.00578	0.09592	0.01241	0.06679	0.01296
3	0.02192	0.01879	0.02192	0.01566	0.02506	0.01409	0.01253	0.02662	0.02192	0.03445	0.01879	0.02192	0.01566	0.00783	0.00783	0.00157	0.00783	0.00626	0.00626	0.69305
4	0.02630	0.02271	0.02391	0.02152	0.02749	0.02630	0.01674	0.05618	0.54336	0.04423	0.04303	0.03945	0.03228	0.01434	0.01076	0.00359	0.00837	0.01195	0.01076	0.01674
5	0.01502	0.01033	0.01242	0.01238	0.01322	0.01001	0.00784	0.01676	0.02040	0.02798	0.20029	0.12262	0.06060	0.38327	0.03713	0.00753	0.00822	0.01789	0.00836	0.00773
6	0.02098	0.01926	0.03047	0.02458	0.02875	0.02067	0.14813	0.02966	0.11682	0.03122	0.07961	0.04739	0.03381	0.20673	0.02825	0.00579	0.09575	0.01347	0.00718	0.01146
7	0.02552	0.01868	0.02229	0.01610	0.02533	0.01430	0.01295	0.03013	0.02310	0.10986	0.02202	0.02391	0.01714	0.00857	0.00822	0.00181	0.00799	0.00688	0.00723	0.59797
8	0.09147	0.02650	0.07490	0.02076	0.02709	0.11935	0.01803	0.06708	0.06047	0.14062	0.03977	0.08576	0.06809	0.01721	0.01102	0.00356	0.01117	0.09478	0.00896	0.01338

[dist]
# distance from previous block
# <min> <max>
0	1

[block]
# block no. 6 follows, 13 sequences, length 9
# corresponding to MSA columns:
# 381-389
name=unknown_G
#
# <colnr> <probs for GDERKNQSTAVLIFYWHMCP>
#	G	D	E	R	K	N	Q	S	T	A	V	L	I	F	Y	W	H	M	C	P
0	0.02445	0.01860	0.02591	0.02988	0.15564	0.01875	0.01937	0.08307	0.06658	0.07582	0.11127	0.05577	0.04081	0.02174	0.05728	0.00457	0.01112	0.11075	0.00875	0.05987
1	0.02347	0.24041	0.40772	0.02628	0.03980	0.03009	0.03235	0.03290	0.02205	0.03073	0.01761	0.02061	0.01345	0.00973	0.00900	0.00300	0.01424	0.00712	0.00448	0.01497
2	0.02344	0.02105	0.03182	0.43092	0.06012	0.02620	0.02706	0.10080	0.02463	0.03264	0.01903	0.02701	0.01464	0.01208	0.01420	0.00364	0.10315	0.00939	0.00556	0.01264
3	0.02333	0.01771	0.03069	0.02374	0.03007	0.01610	0.17513	0.02894	0.02719	0.12896	0.20240	0.06002	0.15492	0.01713	0.01216	0.00344	0.00987	0.01617	0.00950	0.01253
4	0.01517	0.01266	0.01770	0.01609	0.01982	0.01145	0.05916	0.01953	0.02613	0.03406	0.23881	0.08992	0.28198	0.02375	0.01280	0.00368	0.00708	0.09033	0.00998	0.00990
5	0.02704	0.02745	0.03232	0.08198	0.03658	0.11240	0.09146	0.04346	0.26202	0.03548	0.02917	0.03125	0.02261	0.01332	0.01442	0.00360	0.10273	0.01059	0.00768	0.01444
6	0.02499	0.02190	0.02552	0.14179	0.03687	0.02572	0.01935	0.05015	0.43535	0.04067	0.03802	0.03712	0.02851	0.01356	0.01072	0.00357	0.00955	0.01142	0.00950	0.01570
7	0.02415	0.02103	0.03172	0.48331	0.06454	0.02541	0.02745	0.13048	0.02705	0.03521	0.02016	0.02761	0.01490	0.01101	0.01057	0.00345	0.01359	0.00942	0.00591	0.01304
8	0.09011	0.02674	0.02633	0.02154	0.02887	0.10804	0.01730	0.16644	0.12485	0.23193	0.03208	0.03003	0.02224	0.01264	0.01017	0.00322	0.01099	0.00965	0.01042	0.01641

[dist]
# distance from previous block
# <min> <max>
2	12

[block]
# block no. 7 follows, 13 sequences, length 61
# corresponding to MSA columns:
# 402-462
name=unknown_H
#
# <colnr> <probs for GDERKNQSTAVLIFYWHMCP>
#	G	D	E	R	K	N	Q	S	T	A	V	L	I	F	Y	W	H	M	C	P
0	0.13048	0.02053	0.02999	0.31960	0.14580	0.02359	0.02500	0.03303	0.07254	0.06790	0.02217	0.02769	0.01670	0.01077	0.00994	0.00340	0.01201	0.00915	0.00621	0.01349
1	0.01712	0.01488	0.02364	0.02084	0.02489	0.01420	0.11098	0.02343	0.05962	0.03329	0.14772	0.20363	0.13949	0.02342	0.01295	0.00391	0.00881	0.09714	0.00933	0.01073
2	0.08721	0.01640	0.01742	0.01545	0.02022	0.01663	0.01230	0.14336	0.03092	0.04260	0.16194	0.07161	0.25024	0.02085	0.01159	0.00348	0.00739	0.04871	0.01003	0.01165
3	0.02517	0.02831	0.05187	0.17690	0.05728	0.08034	0.35637	0.03304	0.02453	0.03145	0.02028	0.02752	0.01534	0.00950	0.01173	0.00347	0.01705	0.01119	0.00520	0.01346
4	0.02150	0.05262	0.53318	0.03128	0.04651	0.02473	0.07745	0.03351	0.02253	0.03351	0.01917	0.02281	0.01360	0.00996	0.01024	0.00337	0.01580	0.00818	0.00453	0.01552
5	0.01496	0.01081	0.01413	0.01330	0.01580	0.00998	0.00998	0.01995	0.02993	0.04240	0.55689	0.07898	0.09976	0.02162	0.01247	0.00333	0.00499	0.01912	0.01164	0.00998
6	0.03105	0.02507	0.02658	0.02248	0.02930	0.02852	0.01788	0.21721	0.37460	0.05189	0.03700	0.03464	0.02739	0.01378	0.01070	0.00344	0.00948	0.01112	0.01070	0.01716
7	0.01318	0.01074	0.01166	0.01143	0.01470	0.00922	0.00857	0.01650	0.02572	0.03240	0.23186	0.09544	0.43102	0.02535	0.01249	0.00350	0.00525	0.02143	0.01032	0.00922
8	0.02241	0.02374	0.04941	0.03721	0.04546	0.02240	0.38283	0.02995	0.02444	0.03286	0.03118	0.09554	0.02923	0.01487	0.01298	0.00388	0.01528	0.10685	0.00657	0.01291
9	0.01522	0.01086	0.01460	0.01460	0.01566	0.01192	0.01023	0.01734	0.01628	0.02277	0.03051	0.05367	0.03170	0.32018	0.35284	0.01403	0.02039	0.01310	0.00599	0.00811
10	0.03950	0.05039	0.02996	0.02724	0.03269	0.58597	0.02043	0.04222	0.02996	0.02588	0.01634	0.01907	0.01362	0.01090	0.00953	0.00272	0.01907	0.00681	0.00545	0.01226
11	0.01288	0.00920	0.01227	0.01472	0.01534	0.00859	0.00981	0.01472	0.02024	0.02699	0.05828	0.62152	0.06993	0.03312	0.01350	0.00429	0.00613	0.03006	0.00981	0.00859
12	0.01879	0.01004	0.01068	0.01052	0.01299	0.00988	0.00789	0.02373	0.02368	0.04000	0.13585	0.04709	0.04120	0.01412	0.00838	0.00263	0.00494	0.01165	0.55605	0.00988
13	0.03950	0.05039	0.02996	0.02724	0.03269	0.58597	0.02043	0.04222	0.02996	0.02588	0.01634	0.01907	0.01362	0.01090	0.00953	0.00272	0.01907	0.00681	0.00545	0.01226
14	0.02121	0.05469	0.57364	0.03014	0.04576	0.02455	0.03906	0.03348	0.02232	0.03348	0.01897	0.02232	0.01339	0.01005	0.01005	0.00335	0.01563	0.00781	0.00446	0.01563
15	0.02192	0.01879	0.02192	0.01566	0.02506	0.01409	0.01253	0.02662	0.02192	0.03445	0.01879	0.02192	0.01566	0.00783	0.00783	0.00157	0.00783	0.00626	0.00626	0.69305
16	0.01837	0.00918	0.01377	0.01377	0.01377	0.00918	0.00918	0.01377	0.01377	0.01837	0.01837	0.03214	0.01837	0.03673	0.04132	0.69238	0.00918	0.00918	0.00459	0.00459
17	0.01529	0.01153	0.01489	0.01565	0.01825	0.01022	0.01147	0.01816	0.02121	0.02917	0.05025	0.42649	0.05798	0.02760	0.01257	0.00385	0.00703	0.09770	0.00911	0.14158
18	0.02617	0.02512	0.04292	0.06490	0.56246	0.02512	0.03245	0.03245	0.02407	0.03454	0.01989	0.02617	0.01675	0.00942	0.01047	0.00314	0.01256	0.00942	0.00523	0.01675
19	0.01510	0.01133	0.01699	0.01699	0.01888	0.01322	0.01322	0.01888	0.01699	0.02454	0.02832	0.04154	0.02643	0.07930	0.58652	0.01699	0.02832	0.01133	0.00566	0.00944
20	0.03525	0.03293	0.02857	0.02416	0.03095	0.18169	0.01904	0.23369	0.21308	0.04784	0.02895	0.02847	0.02168	0.01277	0.01035	0.00319	0.01255	0.00961	0.00924	0.01599
21	0.01794	0.01133	0.01501	0.01564	0.01816	0.01053	0.01205	0.02154	0.02484	0.08835	0.17649	0.27149	0.10881	0.02690	0.01315	0.00404	0.00697	0.13601	0.01056	0.01020
22	0.09652	0.02398	0.03019	0.02302	0.03140	0.02440	0.06283	0.24613	0.03686	0.26917	0.03087	0.02935	0.02064	0.01228	0.01044	0.00326	0.01082	0.00993	0.01081	0.01711
23	0.04146	0.01751	0.02317	0.01860	0.02561	0.01578	0.01500	0.08250	0.03019	0.44589	0.04305	0.12690	0.03240	0.01620	0.01108	0.00342	0.00875	0.01359	0.01238	0.01652
24	0.01392	0.01077	0.01268	0.01220	0.01515	0.00953	0.00915	0.01792	0.02745	0.03653	0.36600	0.08864	0.29432	0.02381	0.01248	0.00343	0.00514	0.02048	0.01087	0.00953
25	0.04530	0.01737	0.02340	0.01812	0.02586	0.01510	0.01491	0.04945	0.02964	0.52882	0.04115	0.03625	0.02624	0.01303	0.01038	0.00321	0.00868	0.01057	0.06515	0.01737
26	0.02827	0.63478	0.05540	0.01809	0.02714	0.04184	0.01809	0.03166	0.02148	0.02488	0.01470	0.01696	0.01357	0.00905	0.00678	0.00226	0.01131	0.00565	0.00452	0.01357
27	0.08960	0.02332	0.04105	0.23756	0.22417	0.02481	0.14529	0.03081	0.02270	0.03309	0.01937	0.02653	0.01517	0.00973	0.01059	0.00338	0.01390	0.00977	0.00521	0.01395
28	0.70310	0.02045	0.01554	0.01390	0.02045	0.02372	0.01145	0.03108	0.01799	0.04744	0.01472	0.01718	0.01145	0.00981	0.00654	0.00327	0.00818	0.00573	0.00654	0.01145
29	0.01489	0.01034	0.01314	0.01462	0.01544	0.01012	0.01023	0.01674	0.01932	0.02556	0.04782	0.27972	0.05523	0.26813	0.02975	0.00680	0.00865	0.13707	0.00844	0.00800
30	0.02552	0.02446	0.04175	0.12092	0.51149	0.02495	0.03213	0.03188	0.02377	0.03376	0.01977	0.02638	0.01647	0.00954	0.01048	0.00318	0.01272	0.00942	0.00518	0.01623
31	0.02170	0.02012	0.02962	0.26298	0.08994	0.02225	0.02305	0.02705	0.02072	0.02974	0.01798	0.02507	0.01478	0.01106	0.01414	0.00307	0.12190	0.00836	0.00523	0.23123
32	0.03565	0.02969	0.03106	0.02472	0.03131	0.08531	0.02023	0.35073	0.03951	0.05262	0.02185	0.02411	0.01661	0.01334	0.01498	0.00331	0.12804	0.00900	0.00865	0.05928
33	0.18884	0.03205	0.18548	0.03069	0.04087	0.02391	0.22465	0.03150	0.02215	0.03652	0.02215	0.07301	0.01865	0.01144	0.01045	0.00349	0.01390	0.01101	0.00577	0.01348
34	0.01837	0.00918	0.01377	0.01377	0.01377	0.00918	0.00918	0.01377	0.01377	0.01837	0.01837	0.03214	0.01837	0.03673	0.04132	0.69238	0.00918	0.00918	0.00459	0.00459
35	0.02630	0.02271	0.02391	0.02152	0.02749	0.02630	0.01674	0.05618	0.54336	0.04423	0.04303	0.03945	0.03228	0.01434	0.01076	0.00359	0.00837	0.01195	0.01076	0.01674
36	0.03698	0.02652	0.02830	0.02206	0.02958	0.02920	0.01811	0.44848	0.04540	0.06237	0.02681	0.02758	0.01941	0.01263	0.01008	0.00306	0.01058	0.00957	0.11656	0.01671
37	0.04744	0.01799	0.02454	0.01881	0.02699	0.01554	0.01554	0.05153	0.03026	0.56979	0.04171	0.03599	0.02617	0.01309	0.01063	0.00327	0.00900	0.01063	0.01309	0.01799
38	0.01997	0.01879	0.03171	0.60301	0.07282	0.02349	0.02936	0.02701	0.02114	0.02701	0.01879	0.02819	0.01409	0.01057	0.01057	0.00352	0.01409	0.00940	0.00470	0.01175
39	0.01288	0.00920	0.01227	0.01472	0.01534	0.00859	0.00981	0.01472	0.02024	0.02699	0.05828	0.62152	0.06993	0.03312	0.01350	0.00429	0.00613	0.03006	0.00981	0.00859
40	0.02128	0.02087	0.03487	0.39813	0.05932	0.02613	0.07584	0.02727	0.02022	0.02727	0.01776	0.02690	0.01423	0.01249	0.01707	0.00382	0.17020	0.00966	0.00474	0.01194
41	0.02973	0.08395	0.03520	0.21309	0.12241	0.02920	0.02445	0.21950	0.06368	0.04395	0.02250	0.02641	0.01699	0.01128	0.01020	0.00322	0.01232	0.00924	0.00735	0.01532
42	0.02557	0.14422	0.38107	0.02618	0.03908	0.02664	0.03113	0.03710	0.06987	0.08886	0.02280	0.02440	0.01645	0.01058	0.00963	0.00318	0.01357	0.00812	0.00594	0.01563
43	0.02036	0.01425	0.01733	0.01573	0.01952	0.01435	0.01206	0.03124	0.15303	0.08637	0.39118	0.06595	0.07751	0.01917	0.01191	0.00338	0.00613	0.01670	0.01155	0.01226
44	0.01331	0.00951	0.01276	0.01522	0.01602	0.00896	0.01057	0.01547	0.02067	0.02747	0.05804	0.56923	0.06898	0.03272	0.01361	0.00435	0.00651	0.07808	0.00981	0.00871
45	0.01522	0.01089	0.01476	0.01476	0.01587	0.01200	0.01043	0.01744	0.01633	0.02289	0.03037	0.05286	0.03135	0.30421	0.36833	0.01423	0.02092	0.01299	0.00597	0.00820
46	0.01338	0.00957	0.01280	0.01501	0.01592	0.00899	0.01043	0.01571	0.02130	0.02852	0.09504	0.53945	0.07138	0.03195	0.01351	0.00427	0.00635	0.06768	0.00994	0.00879
47	0.02121	0.05469	0.57364	0.03014	0.04576	0.02455	0.03906	0.03348	0.02232	0.03348	0.01897	0.02232	0.01339	0.01005	0.01005	0.00335	0.01563	0.00781	0.00446	0.01563
48	0.03009	0.02460	0.02604	0.02228	0.02894	0.02807	0.01765	0.18486	0.40851	0.05035	0.03821	0.03561	0.02837	0.01389	0.01071	0.00347	0.00926	0.01129	0.01071	0.01708
49	0.03041	0.03077	0.03034	0.02893	0.07301	0.20965	0.02138	0.03333	0.02300	0.07938	0.02090	0.06383	0.01902	0.01572	0.02067	0.00373	0.26715	0.01001	0.00612	0.01265
50	0.03046	0.07588	0.03415	0.17469	0.08935	0.02996	0.02336	0.24061	0.07343	0.04541	0.02283	0.02639	0.01731	0.01211	0.01205	0.00332	0.05635	0.00933	0.00767	0.01534
51	0.02532	0.04168	0.35260	0.03648	0.16335	0.02395	0.03346	0.03679	0.06474	0.08673	0.02330	0.02591	0.01692	0.01054	0.01026	0.00331	0.01369	0.00879	0.00598	0.01621
52	0.01997	0.01879	0.03171	0.60301	0.07282	0.02349	0.02936	0.02701	0.02114	0.02701	0.01879	0.02819	0.01409	0.01057	0.01057	0.00352	0.01409	0.00940	0.00470	0.01175
53	0.01517	0.01106	0.01561	0.01561	0.01702	0.01246	0.01149	0.01799	0.01658	0.02352	0.02959	0.04855	0.02948	0.21850	0.45148	0.01528	0.02374	0.01235	0.00585	0.00867
54	0.02280	0.04356	0.35625	0.03627	0.04980	0.02548	0.24529	0.03365	0.02344	0.03365	0.02000	0.02496	0.01452	0.00956	0.01108	0.00344	0.01656	0.00980	0.00484	0.01505
55	0.01308	0.00936	0.01245	0.01458	0.01538	0.00872	0.00983	0.01523	0.02118	0.02849	0.10676	0.56876	0.07283	0.03201	0.01340	0.00420	0.00602	0.02899	0.00999	0.00872
56	0.03729	0.02140	0.02428	0.01918	0.02609	0.02215	0.01566	0.26571	0.03731	0.20653	0.03237	0.03191	0.02260	0.01272	0.00981	0.00303	0.00923	0.00993	0.17681	0.01600
57	0.01986	0.01532	0.01873	0.11254	0.02660	0.05024	0.01475	0.02348	0.02016	0.02984	0.02845	0.08670	0.02577	0.02719	0.10680	0.06286	0.07441	0.01153	0.23491	0.00987
58	0.01919	0.06296	0.06234	0.01565	0.02000	0.01395	0.01339	0.02422	0.02770	0.08616	0.37420	0.12232	0.07655	0.02016	0.01178	0.00334	0.00680	0.01756	0.01046	0.01128
59	0.14827	0.06606	0.03160	0.02537	0.07445	0.02684	0.05947	0.19864	0.07220	0.04757	0.02223	0.02420	0.01700	0.01062	0.00929	0.00290	0.01066	0.00844	0.00783	0.13635
60	0.18845	0.02592	0.11778	0.01929	0.02775	0.02114	0.01804	0.03821	0.15287	0.09522	0.03175	0.03162	0.05287	0.01204	0.00923	0.00310	0.00939	0.00928	0.00807	0.12798

[dist]
# distance from previous block
# <min> <max>
2	17

[block]
# block no. 8 follows, 13 sequences, length 70
# corresponding to MSA columns:
# 480-549
name=unknown_I
#
# <colnr> <probs for GDERKNQSTAVLIFYWHMCP>
#	G	D	E	R	K	N	Q	S	T	A	V	L	I	F	Y	W	H	M	C	P
0	0.17658	0.02380	0.07879	0.02739	0.13737	0.01975	0.01950	0.03375	0.02298	0.12935	0.02209	0.02422	0.01655	0.00971	0.00879	0.00273	0.00984	0.00770	0.00711	0.22200
1	0.21164	0.07614	0.12583	0.02021	0.02939	0.07801	0.01924	0.08012	0.02496	0.08140	0.01961	0.02150	0.01480	0.01003	0.00845	0.00280	0.01116	0.00706	0.00674	0.15091
2	0.14437	0.03358	0.22045	0.03383	0.14561	0.02310	0.07440	0.03617	0.02363	0.13343	0.02279	0.02530	0.01632	0.01032	0.00987	0.00330	0.01272	0.00874	0.00663	0.01544
3	0.09288	0.38116	0.17936	0.02120	0.03161	0.03502	0.02286	0.07207	0.02363	0.03259	0.01663	0.01900	0.01368	0.00966	0.00788	0.00271	0.01211	0.00651	0.00519	0.01423
4	0.02000	0.01627	0.02245	0.15079	0.07224	0.01758	0.01757	0.07394	0.07539	0.03772	0.19408	0.16684	0.05403	0.01907	0.01176	0.00357	0.00878	0.01688	0.00905	0.01200
5	0.01523	0.01082	0.01442	0.01442	0.01542	0.01182	0.01001	0.01723	0.01623	0.02264	0.03067	0.05455	0.03208	0.33767	0.33587	0.01382	0.01982	0.01323	0.00601	0.00801
6	0.02290	0.02053	0.03225	0.33258	0.09312	0.02355	0.07304	0.05776	0.10465	0.03410	0.02472	0.03074	0.01874	0.01118	0.01048	0.00339	0.01246	0.01014	0.07036	0.01328
7	0.01648	0.00980	0.01249	0.01249	0.01282	0.00963	0.00784	0.01462	0.01546	0.02028	0.03339	0.05521	0.07819	0.29949	0.04417	0.32345	0.00930	0.01318	0.00589	0.00581
8	0.11306	0.02099	0.02531	0.01961	0.02769	0.02046	0.01620	0.16192	0.03360	0.39716	0.03508	0.03155	0.02272	0.01266	0.01020	0.00325	0.00954	0.00987	0.01182	0.01732
9	0.02299	0.01934	0.03195	0.40864	0.15845	0.02214	0.02738	0.02950	0.02310	0.07343	0.06129	0.03225	0.02202	0.01138	0.01070	0.00342	0.01271	0.01023	0.00600	0.01307
10	0.02290	0.01294	0.01327	0.01211	0.01551	0.01343	0.00937	0.10299	0.02647	0.04366	0.03307	0.03723	0.02568	0.01238	0.00789	0.00257	0.00597	0.00980	0.58165	0.01112
11	0.03003	0.02642	0.03773	0.11163	0.36338	0.07693	0.02828	0.07368	0.02696	0.09041	0.02211	0.02667	0.01723	0.01032	0.01042	0.00316	0.01290	0.00931	0.00642	0.01601
12	0.02955	0.01932	0.02912	0.22921	0.12596	0.02058	0.02324	0.03773	0.07827	0.19316	0.03183	0.03995	0.02440	0.01329	0.01097	0.00352	0.01133	0.05545	0.00839	0.01472
13	0.02473	0.01703	0.02044	0.01546	0.02336	0.01340	0.01233	0.02913	0.02438	0.12860	0.08308	0.03840	0.08408	0.01210	0.00926	0.00225	0.00750	0.00998	0.00835	0.43614
14	0.01361	0.01019	0.01427	0.07514	0.02124	0.01012	0.01182	0.01598	0.02034	0.02699	0.05422	0.56058	0.06420	0.03081	0.01319	0.00421	0.00695	0.02794	0.00929	0.00891
15	0.02305	0.08248	0.02558	0.01654	0.02553	0.01826	0.01355	0.03034	0.07825	0.03453	0.02099	0.02331	0.01724	0.00866	0.00804	0.00186	0.00825	0.00682	0.00657	0.55016
16	0.01966	0.01314	0.01990	0.01841	0.02186	0.01205	0.06673	0.02327	0.02394	0.10708	0.10676	0.31718	0.11203	0.02546	0.01287	0.00395	0.00795	0.06695	0.00997	0.01082
17	0.03393	0.08111	0.17569	0.08341	0.03844	0.02606	0.02478	0.18569	0.03236	0.17635	0.02623	0.02683	0.01806	0.01158	0.01014	0.00321	0.01226	0.00902	0.00849	0.01636
18	0.02377	0.02671	0.12174	0.02725	0.07297	0.07187	0.07248	0.02929	0.02419	0.08250	0.10526	0.15614	0.03917	0.01757	0.01406	0.00362	0.07598	0.01495	0.00766	0.01279
19	0.01838	0.01416	0.01756	0.01844	0.02142	0.01488	0.01481	0.02910	0.15823	0.03494	0.09988	0.19859	0.05897	0.02546	0.01318	0.00427	0.00819	0.22800	0.01019	0.01133
20	0.02608	0.02093	0.03639	0.30148	0.05484	0.02252	0.14180	0.06320	0.02518	0.11377	0.02628	0.07387	0.02084	0.01239	0.01125	0.00353	0.01344	0.01187	0.00689	0.01345
21	0.02817	0.02866	0.13596	0.10893	0.32450	0.02323	0.03048	0.03527	0.02448	0.12374	0.02328	0.02734	0.01743	0.01028	0.01043	0.00324	0.01269	0.00933	0.00636	0.01621
22	0.02319	0.01533	0.02007	0.02141	0.07294	0.01529	0.01444	0.03223	0.13217	0.12615	0.14276	0.24195	0.05522	0.02138	0.01196	0.00368	0.00749	0.01896	0.01046	0.01292
23	0.70310	0.02045	0.01554	0.01390	0.02045	0.02372	0.01145	0.03108	0.01799	0.04744	0.01472	0.01718	0.01145	0.00981	0.00654	0.00327	0.00818	0.00573	0.00654	0.01145
24	0.01479	0.01082	0.01397	0.01383	0.01627	0.01000	0.01054	0.01929	0.02800	0.03868	0.41989	0.12825	0.13764	0.02384	0.01278	0.00359	0.00563	0.07134	0.01111	0.00974
25	0.02192	0.01879	0.02192	0.01566	0.02506	0.01409	0.01253	0.02662	0.02192	0.03445	0.01879	0.02192	0.01566	0.00783	0.00783	0.00157	0.00783	0.00626	0.00626	0.69305
26	0.01538	0.01319	0.02262	0.02088	0.02358	0.01234	0.11602	0.01868	0.02122	0.02841	0.05066	0.49906	0.05880	0.02812	0.01329	0.00414	0.00855	0.02643	0.00889	0.00976
27	0.02192	0.01879	0.02192	0.01566	0.02506	0.01409	0.01253	0.02662	0.02192	0.03445	0.01879	0.02192	0.01566	0.00783	0.00783	0.00157	0.00783	0.00626	0.00626	0.69305
28	0.02893	0.03023	0.16823	0.03799	0.22193	0.02207	0.02727	0.03832	0.07320	0.14571	0.02622	0.02807	0.01920	0.01064	0.01017	0.00311	0.01175	0.00921	0.00728	0.08047
29	0.08493	0.09548	0.25003	0.02420	0.03541	0.02637	0.02601	0.15109	0.02976	0.14272	0.02401	0.02469	0.01674	0.01112	0.00969	0.00318	0.01244	0.00837	0.00768	0.01609
30	0.01975	0.03361	0.26547	0.02688	0.03495	0.02209	0.07378	0.02703	0.02058	0.02999	0.02706	0.14825	0.02639	0.02151	0.05897	0.00483	0.12690	0.01338	0.00577	0.01281
31	0.01446	0.01114	0.01545	0.09768	0.02356	0.01113	0.01251	0.01801	0.02344	0.03154	0.19956	0.34222	0.10725	0.02613	0.01271	0.00385	0.00688	0.02340	0.00961	0.00946
32	0.02606	0.21928	0.12062	0.02481	0.08061	0.02861	0.02136	0.10939	0.06904	0.03868	0.12656	0.03399	0.03299	0.01270	0.00968	0.00297	0.01068	0.01011	0.00742	0.01443
33	0.01860	0.19362	0.02586	0.01443	0.01896	0.01920	0.01214	0.02287	0.02682	0.03577	0.34940	0.06327	0.12407	0.01849	0.01081	0.00304	0.00688	0.01552	0.00936	0.01092
34	0.02011	0.01578	0.06952	0.01615	0.02033	0.01191	0.01362	0.02488	0.02682	0.11990	0.29961	0.20260	0.07245	0.02205	0.01221	0.00356	0.00693	0.01944	0.01071	0.01143
35	0.02282	0.06543	0.26629	0.02601	0.03550	0.02301	0.07313	0.03058	0.02325	0.07568	0.08388	0.03737	0.07643	0.01415	0.01415	0.00351	0.09739	0.01114	0.00652	0.01378
36	0.02808	0.22590	0.07479	0.03322	0.19056	0.02862	0.02280	0.03584	0.07679	0.08226	0.02242	0.02472	0.01785	0.01001	0.00899	0.00275	0.01107	0.00811	0.00636	0.08886
37	0.20640	0.29453	0.03808	0.02238	0.07638	0.08546	0.01767	0.03476	0.02259	0.09065	0.01827	0.02015	0.01469	0.00990	0.00775	0.00276	0.01112	0.00668	0.00613	0.01367
38	0.01326	0.00969	0.01248	0.01401	0.01532	0.00891	0.00966	0.01583	0.02262	0.03028	0.16452	0.45618	0.12800	0.03012	0.01318	0.00402	0.00582	0.02702	0.01018	0.00891
39	0.14689	0.11655	0.06241	0.11543	0.09004	0.02742	0.02127	0.11496	0.07535	0.09800	0.02339	0.02550	0.01742	0.01103	0.00929	0.00316	0.01110	0.00850	0.00745	0.01484
40	0.01837	0.00918	0.01377	0.01377	0.01377	0.00918	0.00918	0.01377	0.01377	0.01837	0.01837	0.03214	0.01837	0.03673	0.04132	0.69238	0.00918	0.00918	0.00459	0.00459
41	0.02662	0.19843	0.33592	0.02656	0.03851	0.14094	0.03012	0.03477	0.02364	0.02982	0.01738	0.02034	0.01348	0.00997	0.00913	0.00295	0.01524	0.00707	0.00468	0.01444
42	0.02334	0.19888	0.39490	0.02844	0.04194	0.02913	0.07905	0.03306	0.02236	0.03134	0.01812	0.02155	0.01369	0.00969	0.00945	0.00309	0.01474	0.00770	0.00456	0.01498
43	0.01302	0.01033	0.01115	0.01165	0.01407	0.00906	0.00814	0.01511	0.02196	0.02699	0.08573	0.20186	0.37839	0.12181	0.01914	0.00476	0.00628	0.02280	0.00929	0.00846
44	0.09656	0.02749	0.08705	0.04154	0.17138	0.02527	0.22386	0.03417	0.02360	0.08476	0.02144	0.02655	0.01631	0.01038	0.01280	0.00347	0.06227	0.01023	0.00604	0.01482
45	0.01749	0.00950	0.01312	0.01312	0.01312	0.00950	0.00837	0.01424	0.01424	0.01899	0.02275	0.04300	0.02425	0.21010	0.04498	0.49251	0.00950	0.01100	0.00512	0.00512
46	0.56213	0.08453	0.02138	0.01546	0.02247	0.02656	0.01307	0.08478	0.02178	0.04720	0.01587	0.01804	0.01237	0.01005	0.00700	0.00316	0.00887	0.00613	0.00677	0.01237
47	0.02111	0.01474	0.01774	0.01570	0.01995	0.01398	0.01200	0.10036	0.02981	0.07470	0.24997	0.16989	0.10348	0.02086	0.01176	0.00332	0.00684	0.01809	0.01048	0.08522
48	0.03637	0.03841	0.02998	0.08160	0.03604	0.31316	0.02080	0.18059	0.09024	0.03960	0.02205	0.02396	0.01693	0.01175	0.01006	0.00302	0.01531	0.00839	0.00741	0.01432
49	0.26677	0.02397	0.02348	0.01925	0.02602	0.02692	0.01550	0.26273	0.08202	0.05355	0.02409	0.02795	0.01897	0.06934	0.01323	0.00391	0.01000	0.00898	0.00880	0.01451
50	0.01425	0.01026	0.01350	0.01379	0.01564	0.00950	0.00992	0.01816	0.02662	0.03713	0.38644	0.26444	0.08957	0.02555	0.01282	0.00366	0.00538	0.02286	0.01102	0.00950
51	0.02788	0.02618	0.07862	0.02680	0.08005	0.05583	0.02111	0.10355	0.07996	0.09422	0.03725	0.03877	0.10275	0.01586	0.01669	0.00363	0.15722	0.01150	0.00792	0.01421
52	0.01392	0.01031	0.01305	0.01383	0.01583	0.00945	0.01012	0.01732	0.02489	0.03340	0.25332	0.28396	0.16992	0.02735	0.01302	0.00384	0.00585	0.06086	0.01049	0.00926
53	0.02245	0.02133	0.03621	0.38717	0.26922	0.02414	0.03060	0.02919	0.02232	0.03003	0.01923	0.02738	0.01516	0.01011	0.01053	0.00337	0.01348	0.00941	0.00491	0.01375
54	0.51998	0.07619	0.07421	0.01707	0.02459	0.07826	0.01551	0.03241	0.01982	0.04223	0.01529	0.01784	0.01201	0.00988	0.00718	0.00315	0.01018	0.00602	0.00608	0.01210
55	0.02455	0.02624	0.09353	0.04496	0.28331	0.02306	0.09762	0.07788	0.02669	0.03747	0.07430	0.08708	0.02919	0.01310	0.01119	0.00335	0.01222	0.01255	0.00672	0.01500
56	0.02243	0.04307	0.38747	0.02866	0.04092	0.02338	0.07814	0.08423	0.02523	0.03618	0.02548	0.10845	0.02218	0.01351	0.01082	0.00348	0.01405	0.01160	0.00597	0.01475
57	0.01597	0.01207	0.01657	0.01658	0.01851	0.01366	0.01245	0.02157	0.06626	0.02615	0.03309	0.09916	0.03245	0.13144	0.41806	0.01378	0.02231	0.01361	0.00662	0.00970
58	0.02722	0.02409	0.03430	0.03238	0.13661	0.06269	0.11418	0.03521	0.07395	0.08859	0.05395	0.03003	0.02311	0.01049	0.01017	0.00280	0.01150	0.00979	0.00723	0.21171
59	0.01361	0.00996	0.01279	0.01377	0.01539	0.00914	0.00968	0.01670	0.02423	0.03283	0.24712	0.36559	0.13370	0.02820	0.01301	0.00386	0.00563	0.02519	0.01049	0.00914
60	0.02112	0.01589	0.02289	0.11113	0.10849	0.01632	0.01737	0.02895	0.07752	0.08166	0.30381	0.05610	0.06191	0.01673	0.01157	0.00335	0.00815	0.01482	0.00966	0.01256
61	0.01997	0.01879	0.03171	0.60301	0.07282	0.02349	0.02936	0.02701	0.02114	0.02701	0.01879	0.02819	0.01409	0.01057	0.01057	0.00352	0.01409	0.00940	0.00470	0.01175
62	0.01408	0.01031	0.01348	0.01558	0.01716	0.00971	0.01173	0.01695	0.02202	0.02861	0.06453	0.39653	0.13664	0.03104	0.01369	0.00436	0.00711	0.16768	0.00979	0.00898
63	0.02395	0.02555	0.04585	0.03530	0.04010	0.02985	0.24800	0.02923	0.02013	0.02923	0.01725	0.02555	0.01485	0.01420	0.02472	0.00415	0.34366	0.01070	0.00495	0.01278
