[name]
unknown

[dist]
# distance from previous block
# <min> <max>
0	59

[block]
# block no. 0 follows, 12 sequences, length 26
# corresponding to MSA columns:
# 59-84
name=unknown_A
#
# <colnr> <probs for GDERKNQSTAVLIFYWHMCP>
#	G	D	E	R	K	N	Q	S	T	A	V	L	I	F	Y	W	H	M	C	P
0	0.01847	0.01440	0.01745	0.01794	0.02123	0.01488	0.01433	0.02913	0.14796	0.03660	0.13904	0.15847	0.11557	0.02539	0.01335	0.00422	0.00793	0.18142	0.01063	0.01159
1	0.03026	0.02903	0.03423	0.31168	0.05596	0.17181	0.07124	0.03610	0.02587	0.09789	0.02207	0.02762	0.01623	0.01117	0.01081	0.00338	0.01559	0.00944	0.00626	0.01335
2	0.01694	0.01312	0.01497	0.01433	0.01802	0.01229	0.01126	0.06500	0.02911	0.03770	0.21999	0.09310	0.30407	0.02504	0.01298	0.00375	0.00662	0.08046	0.01073	0.01051
3	0.02082	0.01320	0.01574	0.01468	0.01826	0.01285	0.01113	0.02874	0.09378	0.09329	0.25587	0.11245	0.11214	0.02028	0.01162	0.00342	0.00615	0.01749	0.12628	0.01181
4	0.11054	0.02679	0.02868	0.02244	0.03037	0.02922	0.01844	0.37831	0.04423	0.10489	0.07242	0.03109	0.02603	0.01362	0.01063	0.00331	0.01077	0.01037	0.01077	0.01708
5	0.09614	0.02738	0.02443	0.02147	0.02768	0.14074	0.01673	0.04828	0.23905	0.13554	0.07861	0.03686	0.03198	0.01400	0.01054	0.00339	0.01080	0.01097	0.01003	0.01538
6	0.10775	0.01267	0.01525	0.01494	0.01801	0.01227	0.01105	0.02371	0.02574	0.09439	0.24786	0.25563	0.07172	0.02394	0.01222	0.00377	0.00645	0.02095	0.01080	0.01088
7	0.01598	0.01148	0.01587	0.01686	0.01844	0.01219	0.01297	0.01920	0.01975	0.02685	0.04182	0.13043	0.04485	0.17287	0.24456	0.01106	0.01736	0.15070	0.00767	0.00908
8	0.27279	0.03001	0.02656	0.02167	0.02928	0.10159	0.01761	0.28019	0.03698	0.05615	0.02105	0.02232	0.01556	0.01179	0.00929	0.00325	0.01174	0.00806	0.00873	0.01538
9	0.02371	0.02525	0.04976	0.23729	0.06033	0.02702	0.28663	0.03148	0.02336	0.03148	0.02027	0.02869	0.01559	0.01087	0.01466	0.00378	0.07978	0.01138	0.00520	0.01348
10	0.03331	0.02524	0.02721	0.02287	0.03001	0.02831	0.01824	0.19856	0.34102	0.09363	0.03862	0.03590	0.02821	0.01416	0.01103	0.00354	0.00973	0.01144	0.01123	0.01776
11	0.02407	0.22748	0.40849	0.02733	0.04140	0.03070	0.03376	0.03396	0.02276	0.03185	0.01824	0.02135	0.01387	0.01005	0.00934	0.00311	0.01477	0.00739	0.00462	0.01547
12	0.01348	0.01034	0.01236	0.01339	0.01548	0.00922	0.00946	0.01623	0.02398	0.03101	0.15712	0.33497	0.25416	0.02979	0.01336	0.00399	0.00583	0.02618	0.01043	0.00922
13	0.09247	0.01325	0.01665	0.01662	0.02003	0.01261	0.01249	0.02719	0.02364	0.16374	0.05096	0.35851	0.05366	0.02610	0.01255	0.00411	0.00764	0.06543	0.01062	0.01172
14	0.02771	0.08794	0.25991	0.07951	0.16537	0.07784	0.03224	0.03608	0.02475	0.07801	0.02120	0.02489	0.01588	0.01052	0.01024	0.00326	0.01462	0.00855	0.00568	0.01580
15	0.02197	0.02185	0.03727	0.25679	0.05167	0.02639	0.11931	0.02759	0.02088	0.02872	0.02193	0.07921	0.01998	0.01522	0.01939	0.00407	0.19792	0.01216	0.00542	0.01227
16	0.09559	0.04995	0.37112	0.02837	0.04112	0.12024	0.03249	0.07406	0.02618	0.03739	0.01918	0.02215	0.01403	0.01070	0.00994	0.00332	0.01561	0.00780	0.00550	0.01527
17	0.01517	0.01114	0.01421	0.01344	0.01613	0.01018	0.01008	0.02007	0.03025	0.04226	0.49868	0.08386	0.14815	0.02284	0.01286	0.00346	0.00518	0.02006	0.01181	0.01018
18	0.01564	0.01104	0.01421	0.01391	0.01529	0.01121	0.00962	0.01841	0.02159	0.03017	0.21356	0.06800	0.05907	0.27584	0.16631	0.00973	0.01318	0.01621	0.00833	0.00867
19	0.02065	0.01431	0.01955	0.01913	0.02063	0.01599	0.01436	0.02298	0.02118	0.09712	0.04630	0.38644	0.05159	0.02763	0.01904	0.00438	0.15565	0.02294	0.00922	0.01091
20	0.01479	0.01112	0.01369	0.01305	0.01590	0.01002	0.00979	0.01934	0.02936	0.04014	0.43451	0.08734	0.21364	0.02363	0.01287	0.00349	0.00524	0.02054	0.01153	0.01002
21	0.02187	0.05640	0.56031	0.03108	0.04719	0.02532	0.04029	0.03453	0.02302	0.03453	0.01957	0.02302	0.01381	0.01036	0.01036	0.00345	0.01611	0.00806	0.00460	0.01611
22	0.02459	0.02460	0.03688	0.28879	0.18314	0.06929	0.06949	0.03114	0.02377	0.03134	0.01969	0.02694	0.01557	0.01011	0.01058	0.00320	0.01404	0.00932	0.00532	0.10220
23	0.01321	0.00980	0.01233	0.01436	0.01560	0.00893	0.00976	0.01527	0.02166	0.02815	0.07005	0.50996	0.16542	0.03287	0.01371	0.00428	0.00617	0.02942	0.01012	0.00893
24	0.02562	0.19698	0.21105	0.02557	0.03433	0.08916	0.02674	0.03209	0.02289	0.02971	0.02227	0.03449	0.02042	0.01419	0.01413	0.00350	0.10847	0.06921	0.00547	0.01369
25	0.03313	0.02967	0.16082	0.02727	0.07602	0.02179	0.02440	0.09313	0.08105	0.20780	0.03551	0.04324	0.02732	0.01468	0.01135	0.00362	0.01163	0.07138	0.00961	0.01658

[dist]
# distance from previous block
# <min> <max>
0	19

[block]
# block no. 1 follows, 12 sequences, length 30
# corresponding to MSA columns:
# 104-133
name=unknown_B
#
# <colnr> <probs for GDERKNQSTAVLIFYWHMCP>
#	G	D	E	R	K	N	Q	S	T	A	V	L	I	F	Y	W	H	M	C	P
0	0.02643	0.11561	0.14600	0.06702	0.10359	0.02647	0.02471	0.08938	0.07506	0.03820	0.02216	0.02514	0.01732	0.01037	0.00957	0.00285	0.01187	0.00831	0.00652	0.17345
1	0.35920	0.03073	0.15843	0.02169	0.02956	0.02647	0.02159	0.03326	0.05155	0.04094	0.01798	0.02163	0.01413	0.01210	0.01320	0.00367	0.11696	0.00752	0.00612	0.01327
2	0.02625	0.15579	0.23754	0.11350	0.13019	0.02979	0.03116	0.08814	0.02624	0.03594	0.01958	0.02381	0.01508	0.01044	0.00990	0.00320	0.01400	0.00833	0.00551	0.01560
3	0.03250	0.14565	0.12633	0.03325	0.10645	0.02870	0.11728	0.10428	0.02909	0.13581	0.02464	0.02679	0.01796	0.01082	0.01044	0.00321	0.01341	0.00956	0.00744	0.01639
4	0.01784	0.01486	0.02055	0.02081	0.02180	0.01757	0.01659	0.02081	0.02083	0.02876	0.04518	0.28356	0.05140	0.02828	0.02104	0.00471	0.19075	0.15607	0.00844	0.01016
5	0.02240	0.06249	0.02700	0.09986	0.03161	0.06125	0.01821	0.02614	0.02132	0.02903	0.02659	0.10579	0.02704	0.05716	0.01882	0.00390	0.13490	0.04485	0.00641	0.17524
6	0.02212	0.03210	0.19397	0.02705	0.03205	0.02771	0.02655	0.02737	0.01854	0.02810	0.01874	0.03022	0.01769	0.09978	0.03064	0.00517	0.33477	0.00996	0.00498	0.01248
7	0.01358	0.00972	0.01292	0.01498	0.01588	0.00906	0.01014	0.01593	0.02227	0.03005	0.12748	0.53598	0.07641	0.03250	0.01377	0.00429	0.00616	0.02942	0.01038	0.00906
8	0.02699	0.02591	0.04426	0.06693	0.54879	0.02591	0.03346	0.03346	0.02483	0.03562	0.02051	0.02699	0.01727	0.00972	0.01079	0.00324	0.01295	0.00972	0.00540	0.01727
9	0.04892	0.01856	0.02530	0.01940	0.02783	0.01603	0.01603	0.05314	0.03121	0.55634	0.04302	0.03711	0.02699	0.01350	0.01096	0.00337	0.00928	0.01096	0.01350	0.01856
10	0.01564	0.01128	0.01486	0.01433	0.01690	0.01051	0.01099	0.02077	0.03031	0.04265	0.49619	0.08546	0.09901	0.02305	0.01307	0.00358	0.00562	0.06370	0.01181	0.01026
11	0.01857	0.01046	0.01148	0.01126	0.01352	0.01024	0.00818	0.02308	0.02408	0.03918	0.16373	0.05451	0.04824	0.08480	0.01447	0.00369	0.00573	0.01324	0.43177	0.00978
12	0.01544	0.01064	0.01177	0.01177	0.01229	0.01038	0.00684	0.01583	0.01711	0.02230	0.04497	0.07604	0.11007	0.53460	0.04955	0.00961	0.00987	0.01685	0.00710	0.00697
13	0.01404	0.01025	0.01320	0.01424	0.01588	0.00942	0.01001	0.01721	0.02494	0.03384	0.24275	0.36650	0.12903	0.02916	0.01343	0.00399	0.00581	0.02607	0.01081	0.00942
14	0.02059	0.01938	0.03270	0.59060	0.07510	0.02422	0.03028	0.02786	0.02180	0.02786	0.01938	0.02907	0.01453	0.01090	0.01090	0.00363	0.01453	0.00969	0.00484	0.01211
15	0.02261	0.01938	0.02261	0.01615	0.02584	0.01453	0.01292	0.02745	0.02261	0.03553	0.01938	0.02261	0.01615	0.00807	0.00807	0.00161	0.00807	0.00646	0.00646	0.68346
16	0.02877	0.02424	0.02559	0.02252	0.02898	0.02789	0.01766	0.11035	0.47399	0.04828	0.04228	0.03901	0.03158	0.01460	0.01107	0.00365	0.00902	0.01204	0.01107	0.01741
17	0.02386	0.02440	0.03329	0.47416	0.10366	0.10092	0.02923	0.03045	0.02329	0.02826	0.01911	0.02761	0.01466	0.01086	0.01074	0.00349	0.01514	0.00932	0.00499	0.01256
18	0.02187	0.05640	0.56031	0.03108	0.04719	0.02532	0.04029	0.03453	0.02302	0.03453	0.01957	0.02302	0.01381	0.01036	0.01036	0.00345	0.01611	0.00806	0.00460	0.01611
19	0.04073	0.05197	0.03090	0.02809	0.03371	0.57303	0.02107	0.04354	0.03090	0.02669	0.01685	0.01966	0.01404	0.01124	0.00983	0.00281	0.01966	0.00702	0.00562	0.01264
20	0.01459	0.01124	0.01341	0.01323	0.01625	0.01006	0.01016	0.01874	0.02783	0.03676	0.31762	0.09515	0.28126	0.02524	0.01308	0.00369	0.00577	0.06506	0.01104	0.00982
21	0.03474	0.02486	0.02760	0.07418	0.08203	0.09814	0.01957	0.04685	0.17092	0.20691	0.07043	0.03712	0.03027	0.01358	0.01095	0.00340	0.01106	0.01118	0.01010	0.01611
22	0.02502	0.01554	0.02209	0.16305	0.03523	0.01626	0.01777	0.03151	0.06710	0.15418	0.04424	0.24425	0.04291	0.02146	0.01230	0.00396	0.00957	0.05116	0.00965	0.01277
23	0.01355	0.00980	0.01288	0.01523	0.01620	0.00913	0.01050	0.01572	0.02143	0.02827	0.06336	0.54235	0.10363	0.03344	0.01392	0.00442	0.00652	0.06057	0.01012	0.00896
24	0.08252	0.01912	0.02842	0.17623	0.19711	0.02040	0.02255	0.03176	0.02364	0.08605	0.02577	0.03118	0.01977	0.01117	0.00968	0.00319	0.01061	0.00962	0.17740	0.01381
25	0.02435	0.09684	0.11382	0.23458	0.25753	0.02724	0.03162	0.03161	0.02324	0.03168	0.01938	0.02605	0.01548	0.01016	0.01033	0.00330	0.01378	0.00903	0.00501	0.01498
26	0.02136	0.04112	0.33353	0.10953	0.04911	0.02372	0.12012	0.03149	0.02355	0.03309	0.03047	0.03447	0.07559	0.01221	0.01118	0.00355	0.01508	0.01088	0.00544	0.01450
27	0.01349	0.00965	0.01284	0.01504	0.01586	0.00899	0.01014	0.01570	0.02183	0.02936	0.10646	0.55898	0.07507	0.03302	0.01382	0.00433	0.00621	0.02991	0.01030	0.00899
28	0.02232	0.02114	0.03582	0.44914	0.20306	0.02468	0.03114	0.02937	0.02262	0.02996	0.01968	0.02851	0.01527	0.01058	0.01087	0.00353	0.01411	0.00970	0.00499	0.01351
29	0.12697	0.14364	0.03881	0.07880	0.03735	0.02912	0.09571	0.14231	0.03031	0.13975	0.02432	0.02611	0.01759	0.01118	0.00987	0.00322	0.01217	0.00916	0.00814	0.01548

[dist]
# distance from previous block
# <min> <max>
0	8

[block]
# block no. 2 follows, 12 sequences, length 15
# corresponding to MSA columns:
# 142-156
name=unknown_C
#
# <colnr> <probs for GDERKNQSTAVLIFYWHMCP>
#	G	D	E	R	K	N	Q	S	T	A	V	L	I	F	Y	W	H	M	C	P
0	0.02564	0.09105	0.02989	0.12313	0.03625	0.02233	0.01787	0.09604	0.02642	0.03762	0.01984	0.02370	0.01594	0.00944	0.00887	0.00230	0.01023	0.00745	0.00658	0.38942
1	0.02494	0.02168	0.03006	0.34041	0.05502	0.02497	0.02454	0.10118	0.11913	0.03773	0.02492	0.03005	0.01872	0.01159	0.01061	0.00336	0.01235	0.00982	0.00703	0.09189
2	0.01567	0.01130	0.01561	0.01561	0.01689	0.01259	0.01124	0.01824	0.01696	0.02389	0.03096	0.05253	0.03147	0.26374	0.39739	0.01516	0.02287	0.01310	0.00610	0.00867
3	0.47339	0.02395	0.02920	0.02294	0.03090	0.02606	0.13263	0.07637	0.02326	0.04734	0.01784	0.02130	0.01356	0.01017	0.00860	0.00344	0.01116	0.00794	0.00683	0.01312
4	0.13370	0.14337	0.25962	0.02483	0.03651	0.03034	0.02731	0.14912	0.02898	0.04350	0.01970	0.02198	0.01467	0.01080	0.00934	0.00320	0.01314	0.00775	0.00647	0.01565
5	0.01562	0.01153	0.01673	0.01673	0.01841	0.01320	0.01265	0.01896	0.01729	0.02473	0.02993	0.04683	0.02899	0.15669	0.50106	0.01655	0.02660	0.01227	0.00595	0.00930
6	0.02670	0.02709	0.03103	0.08176	0.03333	0.11772	0.02260	0.06671	0.02232	0.02971	0.01788	0.02607	0.01613	0.02382	0.08962	0.00570	0.33455	0.00942	0.00552	0.01233
7	0.01398	0.01002	0.01327	0.01471	0.01597	0.00932	0.01018	0.01693	0.02411	0.03298	0.21636	0.43877	0.08207	0.03032	0.01358	0.00410	0.00594	0.02735	0.01073	0.00932
8	0.01710	0.01294	0.01648	0.01570	0.01608	0.01487	0.01077	0.01824	0.01632	0.02278	0.03010	0.05810	0.03312	0.41566	0.15325	0.01099	0.10924	0.01402	0.00616	0.00808
9	0.01586	0.01057	0.01189	0.01189	0.01189	0.01057	0.00661	0.01586	0.01586	0.02114	0.03436	0.07135	0.03964	0.61681	0.05550	0.01057	0.01057	0.01586	0.00661	0.00661
10	0.03402	0.02685	0.02854	0.02359	0.03098	0.03034	0.01893	0.27685	0.29895	0.05674	0.03561	0.03370	0.02618	0.01397	0.01100	0.00349	0.01025	0.01112	0.01100	0.01788
11	0.03919	0.04940	0.03113	0.02814	0.03324	0.52381	0.02132	0.04196	0.02960	0.02664	0.01662	0.02005	0.01407	0.01195	0.01220	0.00299	0.07231	0.00725	0.00554	0.01258
12	0.02009	0.01331	0.01901	0.14659	0.03096	0.01353	0.01539	0.02390	0.02378	0.10336	0.09488	0.30232	0.10134	0.02430	0.01262	0.00394	0.00843	0.02158	0.00955	0.01111
13	0.01746	0.01098	0.01325	0.01332	0.01596	0.01003	0.00974	0.02116	0.02545	0.07011	0.19647	0.22261	0.16299	0.02430	0.01207	0.00359	0.00581	0.02117	0.13333	0.01020
14	0.02766	0.11509	0.15379	0.08874	0.03865	0.02677	0.02386	0.14666	0.02945	0.04102	0.02047	0.02360	0.01570	0.01031	0.00946	0.00277	0.01211	0.00792	0.00667	0.19930

[dist]
# distance from previous block
# <min> <max>
0	3

[block]
# block no. 3 follows, 12 sequences, length 13
# corresponding to MSA columns:
# 160-172
name=unknown_D
#
# <colnr> <probs for GDERKNQSTAVLIFYWHMCP>
#	G	D	E	R	K	N	Q	S	T	A	V	L	I	F	Y	W	H	M	C	P
0	0.02625	0.24257	0.24436	0.02580	0.03764	0.03142	0.06158	0.06451	0.05684	0.03441	0.02021	0.02287	0.01578	0.01020	0.00929	0.00295	0.01340	0.00790	0.00564	0.06638
1	0.14322	0.01596	0.01954	0.11280	0.02990	0.01764	0.01648	0.02821	0.08576	0.03729	0.11005	0.14330	0.04865	0.02083	0.01187	0.00401	0.00909	0.12494	0.00898	0.01146
2	0.02066	0.09190	0.03030	0.16990	0.12186	0.02223	0.02100	0.02481	0.02074	0.02773	0.02876	0.14042	0.02961	0.09663	0.05865	0.00550	0.05734	0.01406	0.00618	0.01173
3	0.01381	0.00987	0.01326	0.01579	0.01665	0.00931	0.01104	0.01610	0.02140	0.02843	0.05980	0.54960	0.07096	0.03366	0.01406	0.00450	0.00678	0.08587	0.01011	0.00900
4	0.02488	0.02774	0.05906	0.13677	0.06001	0.02702	0.42934	0.03375	0.02508	0.03375	0.02161	0.02935	0.01621	0.00948	0.01254	0.00367	0.01774	0.01234	0.00540	0.01427
5	0.02985	0.26534	0.21031	0.02323	0.03421	0.03089	0.02503	0.03980	0.08654	0.11947	0.02484	0.02541	0.01848	0.01103	0.00925	0.00304	0.01233	0.00821	0.00691	0.01584
6	0.01322	0.00975	0.01238	0.01449	0.01563	0.00891	0.00982	0.01526	0.02154	0.02810	0.06849	0.52553	0.15086	0.03307	0.01375	0.00430	0.00619	0.02967	0.01012	0.00891
7	0.04892	0.01856	0.02530	0.01940	0.02783	0.01603	0.01603	0.05314	0.03121	0.55634	0.04302	0.03711	0.02699	0.01350	0.01096	0.00337	0.00928	0.01096	0.01350	0.01856
8	0.08672	0.04456	0.37461	0.03444	0.12664	0.02447	0.03428	0.03586	0.02368	0.08466	0.02151	0.02451	0.01543	0.01052	0.01016	0.00340	0.01425	0.00841	0.00576	0.01614
9	0.03555	0.02370	0.12158	0.02091	0.02913	0.01642	0.01981	0.04130	0.02823	0.32850	0.07603	0.09110	0.03706	0.01688	0.01164	0.00365	0.01011	0.06140	0.01112	0.01589
10	0.02915	0.62337	0.05714	0.01866	0.02799	0.04314	0.01866	0.03265	0.02215	0.02565	0.01516	0.01749	0.01399	0.00933	0.00700	0.00233	0.01166	0.00583	0.00466	0.01399
11	0.03277	0.07788	0.09098	0.01934	0.02704	0.01884	0.01764	0.03983	0.06673	0.26423	0.09753	0.08416	0.08306	0.01646	0.01111	0.00342	0.00931	0.01364	0.01069	0.01534
12	0.08814	0.07640	0.03204	0.28773	0.08922	0.02473	0.02376	0.06635	0.02575	0.10072	0.06206	0.03159	0.02303	0.01194	0.01031	0.00338	0.01203	0.00992	0.00711	0.01379

[dist]
# distance from previous block
# <min> <max>
0	3

[block]
# block no. 4 follows, 12 sequences, length 27
# corresponding to MSA columns:
# 176-202
name=unknown_E
#
# <colnr> <probs for GDERKNQSTAVLIFYWHMCP>
#	G	D	E	R	K	N	Q	S	T	A	V	L	I	F	Y	W	H	M	C	P
0	0.02678	0.05299	0.42472	0.02999	0.04374	0.10860	0.03532	0.08658	0.02720	0.03698	0.01986	0.02285	0.01435	0.01078	0.01034	0.00334	0.01621	0.00809	0.00543	0.01585
1	0.02734	0.01986	0.03077	0.03197	0.13906	0.01946	0.08134	0.06797	0.06519	0.12909	0.09140	0.17024	0.04190	0.01791	0.01206	0.00365	0.01026	0.01651	0.00945	0.01458
2	0.01521	0.01114	0.01426	0.01348	0.01615	0.01019	0.01011	0.02014	0.03034	0.04247	0.50500	0.08351	0.14170	0.02276	0.01286	0.00345	0.00518	0.02001	0.01184	0.01019
3	0.02785	0.02095	0.03377	0.03162	0.10893	0.02104	0.11859	0.07876	0.02729	0.12431	0.07225	0.12327	0.03515	0.06105	0.01712	0.00421	0.05618	0.01497	0.00859	0.01409
4	0.02755	0.03500	0.15836	0.03954	0.05121	0.02815	0.33492	0.11349	0.02940	0.04041	0.02224	0.02760	0.01633	0.01007	0.01204	0.00357	0.01688	0.01140	0.00622	0.01562
5	0.01480	0.01112	0.01370	0.01305	0.01590	0.01002	0.00979	0.01935	0.02937	0.04017	0.43529	0.08730	0.21284	0.02362	0.01287	0.00349	0.00524	0.02054	0.01154	0.01002
6	0.02518	0.03185	0.11459	0.04305	0.05378	0.02778	0.42237	0.03422	0.02476	0.03422	0.02120	0.02831	0.01608	0.01007	0.01435	0.00374	0.06233	0.01210	0.00536	0.01464
7	0.02187	0.05640	0.56031	0.03108	0.04719	0.02532	0.04029	0.03453	0.02302	0.03453	0.01957	0.02302	0.01381	0.01036	0.01036	0.00345	0.01611	0.00806	0.00460	0.01611
8	0.01701	0.01423	0.01613	0.01579	0.01804	0.05238	0.01168	0.02023	0.02148	0.02833	0.12429	0.06136	0.11829	0.14575	0.27393	0.01097	0.01805	0.01502	0.00759	0.00945
9	0.01572	0.01110	0.01455	0.01455	0.01547	0.01201	0.00992	0.01756	0.01664	0.02311	0.03193	0.05790	0.03380	0.36438	0.29994	0.01385	0.01936	0.01389	0.00625	0.00808
10	0.27211	0.01857	0.01968	0.01643	0.02320	0.01899	0.01336	0.04184	0.06368	0.25926	0.03211	0.03102	0.02222	0.01228	0.00897	0.00327	0.00830	0.00915	0.11076	0.01480
11	0.02828	0.56286	0.05250	0.01782	0.02648	0.03989	0.01757	0.03193	0.02223	0.02713	0.01717	0.01978	0.01537	0.00966	0.00706	0.00235	0.01101	0.00626	0.07104	0.01361
12	0.02210	0.01204	0.01494	0.01372	0.01566	0.01145	0.00911	0.02329	0.02081	0.12274	0.11128	0.06366	0.04525	0.37228	0.03992	0.05953	0.00943	0.01505	0.00854	0.00921
13	0.01989	0.01406	0.01705	0.01641	0.02011	0.01392	0.01285	0.02911	0.12001	0.07726	0.24110	0.11397	0.14249	0.02306	0.01282	0.00383	0.00701	0.09194	0.01123	0.01189
14	0.04191	0.01700	0.02306	0.01821	0.02542	0.01482	0.01482	0.04632	0.03114	0.44902	0.14770	0.04639	0.04288	0.01534	0.01136	0.00339	0.00841	0.01280	0.01318	0.01683
15	0.01556	0.01169	0.01499	0.01551	0.01820	0.01046	0.01153	0.01898	0.02384	0.03262	0.14628	0.32730	0.09952	0.02742	0.01304	0.00391	0.00685	0.09193	0.00996	0.10041
16	0.02974	0.50436	0.11911	0.02030	0.03043	0.03878	0.02122	0.03446	0.02296	0.06753	0.01786	0.01970	0.01497	0.00978	0.00773	0.00256	0.01205	0.00651	0.00533	0.01461
17	0.12531	0.02578	0.10623	0.12816	0.08336	0.02046	0.02186	0.02983	0.02210	0.03603	0.01886	0.02349	0.01494	0.00940	0.00897	0.00267	0.01096	0.00749	0.00583	0.29825
18	0.02617	0.02596	0.02703	0.02391	0.02593	0.12681	0.01900	0.03167	0.07073	0.03003	0.02239	0.03071	0.02002	0.05948	0.02577	0.00439	0.30132	0.00990	0.10684	0.01193
19	0.02594	0.02026	0.02746	0.02383	0.02591	0.02542	0.01937	0.03106	0.06061	0.10949	0.08157	0.09107	0.03279	0.01974	0.02554	0.00430	0.34173	0.01317	0.00787	0.01286
20	0.01586	0.01057	0.01189	0.01189	0.01189	0.01057	0.00661	0.01586	0.01586	0.02114	0.03436	0.07135	0.03964	0.61681	0.05550	0.01057	0.01057	0.01586	0.00661	0.00661
21	0.02823	0.01747	0.02099	0.01833	0.02346	0.01772	0.01426	0.08797	0.14464	0.16206	0.19906	0.12383	0.05687	0.01912	0.01195	0.00359	0.00776	0.01644	0.01178	0.01445
22	0.01428	0.01066	0.01327	0.01356	0.01582	0.00965	0.00981	0.01799	0.02675	0.03616	0.31342	0.23572	0.18931	0.02679	0.01316	0.00377	0.00556	0.02361	0.01107	0.00965
23	0.02525	0.12024	0.12745	0.02045	0.03086	0.07593	0.01962	0.03112	0.02343	0.03299	0.01853	0.02162	0.01519	0.00900	0.00851	0.00218	0.01124	0.00671	0.00577	0.39393
24	0.01883	0.01335	0.01627	0.01577	0.01851	0.01326	0.01162	0.09277	0.02953	0.04111	0.24463	0.27574	0.07337	0.02490	0.01264	0.00374	0.00663	0.02199	0.05439	0.01097
25	0.14865	0.01988	0.02327	0.10318	0.03248	0.01920	0.01604	0.07207	0.02479	0.07916	0.02405	0.06775	0.02031	0.01167	0.00916	0.00273	0.00942	0.00931	0.00747	0.29938
26	0.08170	0.11792	0.13423	0.31058	0.05679	0.02754	0.06435	0.03070	0.02209	0.03113	0.01861	0.02524	0.01423	0.01037	0.01000	0.00339	0.01414	0.00871	0.00499	0.01330

[dist]
# distance from previous block
# <min> <max>
30	87

[block]
# block no. 5 follows, 12 sequences, length 17
# corresponding to MSA columns:
# 294-310
name=unknown_F
#
# <colnr> <probs for GDERKNQSTAVLIFYWHMCP>
#	G	D	E	R	K	N	Q	S	T	A	V	L	I	F	Y	W	H	M	C	P
0	0.07529	0.10609	0.03464	0.08186	0.03345	0.02793	0.06124	0.02956	0.02022	0.07234	0.02054	0.02778	0.01752	0.02547	0.11365	0.00615	0.21825	0.00952	0.00587	0.01264
1	0.02492	0.02029	0.03251	0.23211	0.04656	0.02394	0.07166	0.03039	0.02336	0.09916	0.09556	0.03619	0.02881	0.01484	0.01794	0.00387	0.16640	0.01155	0.00703	0.01290
2	0.01359	0.00999	0.01274	0.01435	0.01574	0.00914	0.00989	0.01615	0.02310	0.03071	0.14762	0.45026	0.14413	0.03126	0.01360	0.00416	0.00602	0.02799	0.01044	0.00914
3	0.02721	0.01734	0.02063	0.01846	0.02348	0.01789	0.01425	0.04163	0.22176	0.15802	0.17511	0.12447	0.05492	0.01896	0.01189	0.00365	0.00757	0.01636	0.01174	0.01465
4	0.02377	0.02040	0.07521	0.02027	0.02551	0.01859	0.01736	0.07250	0.11782	0.09075	0.03664	0.11871	0.03261	0.04231	0.22553	0.00897	0.01725	0.01394	0.00854	0.01333
5	0.02467	0.03001	0.15756	0.03333	0.14690	0.02379	0.02578	0.11742	0.02792	0.03879	0.03592	0.11643	0.08045	0.01682	0.01391	0.00367	0.07092	0.01375	0.00734	0.01463
6	0.02124	0.03041	0.17827	0.07896	0.04422	0.02184	0.20930	0.02895	0.02272	0.03143	0.02817	0.11535	0.02653	0.09225	0.01774	0.00462	0.01474	0.01429	0.00601	0.01298
7	0.02280	0.04989	0.44060	0.03467	0.04956	0.02587	0.15347	0.03463	0.02368	0.03463	0.02017	0.02456	0.01447	0.01008	0.01096	0.00351	0.01666	0.00922	0.00482	0.01577
8	0.02724	0.01804	0.02489	0.16867	0.03781	0.01804	0.01839	0.06458	0.02685	0.14646	0.10002	0.03799	0.03158	0.01968	0.06670	0.00448	0.01199	0.01090	0.00856	0.15714
9	0.19157	0.03046	0.16400	0.02180	0.03118	0.02334	0.02164	0.08733	0.09276	0.14599	0.06299	0.03114	0.02505	0.01259	0.00993	0.00343	0.01078	0.00964	0.00885	0.01555
10	0.01381	0.01008	0.01300	0.01438	0.01583	0.00927	0.00998	0.01666	0.02392	0.03221	0.19318	0.41928	0.12737	0.03036	0.01353	0.00409	0.00593	0.02721	0.01062	0.00927
11	0.01586	0.01057	0.01189	0.01189	0.01189	0.01057	0.00661	0.01586	0.01586	0.02114	0.03436	0.07135	0.03964	0.61681	0.05550	0.01057	0.01057	0.01586	0.00661	0.00661
12	0.09644	0.56240	0.05297	0.01822	0.02729	0.04125	0.01796	0.03259	0.02179	0.02801	0.01516	0.01751	0.01377	0.00941	0.00697	0.00244	0.01133	0.00584	0.00488	0.01377
13	0.01582	0.01072	0.01262	0.01262	0.01288	0.01097	0.00752	0.01633	0.01607	0.02168	0.03369	0.06764	0.03803	0.54718	0.12292	0.01148	0.01300	0.01531	0.00651	0.00701
14	0.58815	0.02082	0.01706	0.01462	0.02183	0.02290	0.01198	0.03133	0.01919	0.04681	0.01584	0.01848	0.01249	0.00980	0.00696	0.00310	0.00838	0.00599	0.00670	0.11755
15	0.03232	0.02327	0.02985	0.16212	0.06858	0.05459	0.02206	0.12724	0.03051	0.15549	0.07824	0.03429	0.02713	0.01407	0.01429	0.00357	0.08790	0.01085	0.00873	0.01490
16	0.11407	0.02185	0.02942	0.27643	0.04898	0.02628	0.02363	0.09237	0.06307	0.08036	0.02278	0.02803	0.01708	0.01273	0.01391	0.00370	0.09503	0.00949	0.00701	0.01376

[dist]
# distance from previous block
# <min> <max>
0	4

[block]
# block no. 6 follows, 12 sequences, length 21
# corresponding to MSA columns:
# 315-335
name=unknown_G
#
# <colnr> <probs for GDERKNQSTAVLIFYWHMCP>
#	G	D	E	R	K	N	Q	S	T	A	V	L	I	F	Y	W	H	M	C	P
0	0.36382	0.02008	0.01991	0.01649	0.02353	0.02102	0.01345	0.07717	0.02598	0.16390	0.08284	0.03046	0.02652	0.01238	0.00886	0.00324	0.00854	0.00901	0.00922	0.06359
1	0.03945	0.02282	0.02577	0.02043	0.02812	0.06720	0.01654	0.12131	0.03175	0.29473	0.03299	0.03233	0.02293	0.02012	0.07358	0.00464	0.01270	0.00986	0.01051	0.11220
2	0.02605	0.01738	0.02084	0.01595	0.02387	0.01382	0.01262	0.03057	0.02396	0.12411	0.02861	0.07600	0.02398	0.01169	0.00900	0.00225	0.00780	0.00969	0.08325	0.43855
3	0.01779	0.01577	0.02045	0.01841	0.02036	0.01843	0.01468	0.02125	0.02397	0.03327	0.22663	0.06707	0.19607	0.02263	0.02125	0.00399	0.22165	0.01693	0.00882	0.01058
4	0.01444	0.01038	0.01369	0.01439	0.01607	0.00963	0.01021	0.01809	0.02627	0.03641	0.32078	0.32456	0.08872	0.02775	0.01335	0.00389	0.00569	0.02491	0.01114	0.00963
5	0.01328	0.00949	0.01265	0.01518	0.01581	0.00886	0.01012	0.01518	0.02088	0.02783	0.06010	0.60969	0.07212	0.03416	0.01392	0.00443	0.00633	0.03100	0.01012	0.00886
6	0.01348	0.01043	0.01230	0.01318	0.01544	0.00925	0.00937	0.01630	0.02426	0.03122	0.16362	0.30607	0.27730	0.02937	0.01330	0.00394	0.00578	0.02570	0.01044	0.00925
7	0.01370	0.00981	0.01303	0.01490	0.01591	0.00914	0.01015	0.01624	0.02283	0.03094	0.15447	0.50647	0.07813	0.03184	0.01371	0.00423	0.00609	0.02879	0.01049	0.00914
8	0.02915	0.62337	0.05714	0.01866	0.02799	0.04314	0.01866	0.03265	0.02215	0.02565	0.01516	0.01749	0.01399	0.00933	0.00700	0.00233	0.01166	0.00583	0.00466	0.01399
9	0.02059	0.01938	0.03270	0.59060	0.07510	0.02422	0.03028	0.02786	0.02180	0.02786	0.01938	0.02907	0.01453	0.01090	0.01090	0.00363	0.01453	0.00969	0.00484	0.01211
10	0.02107	0.01875	0.03011	0.27815	0.19204	0.02085	0.02450	0.02606	0.02098	0.02817	0.02393	0.04042	0.02240	0.18168	0.02347	0.00548	0.01297	0.01144	0.00550	0.01203
11	0.02832	0.55883	0.11441	0.02007	0.03017	0.04111	0.02112	0.03286	0.02225	0.02666	0.01566	0.01812	0.01397	0.00945	0.00738	0.00246	0.01217	0.00608	0.00466	0.01423
12	0.02915	0.62337	0.05714	0.01866	0.02799	0.04314	0.01866	0.03265	0.02215	0.02565	0.01516	0.01749	0.01399	0.00933	0.00700	0.00233	0.01166	0.00583	0.00466	0.01399
13	0.02683	0.01821	0.02167	0.01603	0.02471	0.01430	0.01285	0.03160	0.02410	0.12475	0.02522	0.02710	0.01932	0.00952	0.00852	0.00202	0.00794	0.00764	0.08294	0.49474
14	0.01543	0.01115	0.01457	0.01372	0.01629	0.01029	0.01029	0.02058	0.03086	0.04372	0.54304	0.08145	0.10288	0.02229	0.01286	0.00343	0.00514	0.01972	0.01200	0.01029
15	0.02712	0.02342	0.02465	0.02219	0.02835	0.02712	0.01726	0.05794	0.52909	0.04561	0.04438	0.04068	0.03328	0.01479	0.01109	0.00370	0.00863	0.01233	0.01109	0.01726
16	0.02261	0.01938	0.02261	0.01615	0.02584	0.01453	0.01292	0.02745	0.02261	0.03553	0.01938	0.02261	0.01615	0.00807	0.00807	0.00161	0.00807	0.00646	0.00646	0.68346
17	0.01328	0.00949	0.01265	0.01518	0.01581	0.00886	0.01012	0.01518	0.02088	0.02783	0.06010	0.60969	0.07212	0.03416	0.01392	0.00443	0.00633	0.03100	0.01012	0.00886
18	0.01328	0.00949	0.01265	0.01518	0.01581	0.00886	0.01012	0.01518	0.02088	0.02783	0.06010	0.60969	0.07212	0.03416	0.01392	0.00443	0.00633	0.03100	0.01012	0.00886
19	0.03214	0.02511	0.02700	0.02273	0.02944	0.02812	0.01804	0.26224	0.25133	0.05422	0.03779	0.09878	0.03092	0.01621	0.01133	0.00359	0.00992	0.01330	0.01090	0.01689
20	0.02574	0.02941	0.06434	0.04596	0.05699	0.02757	0.50919	0.03493	0.02574	0.03493	0.02206	0.02941	0.01654	0.00919	0.01287	0.00368	0.01838	0.01287	0.00551	0.01471

[dist]
# distance from previous block
# <min> <max>
0	9

[block]
# block no. 7 follows, 12 sequences, length 15
# corresponding to MSA columns:
# 345-359
name=unknown_H
#
# <colnr> <probs for GDERKNQSTAVLIFYWHMCP>
#	G	D	E	R	K	N	Q	S	T	A	V	L	I	F	Y	W	H	M	C	P
0	0.01894	0.00947	0.01420	0.01420	0.01420	0.00947	0.00947	0.01420	0.01420	0.01894	0.01894	0.03314	0.01894	0.03788	0.04261	0.68277	0.00947	0.00947	0.00473	0.00473
1	0.02976	0.02474	0.02614	0.02272	0.02936	0.02836	0.01790	0.14179	0.44094	0.04987	0.04102	0.03800	0.03056	0.01448	0.01106	0.00362	0.00925	0.01186	0.01106	0.01750
2	0.01558	0.01168	0.01752	0.01752	0.01947	0.01363	0.01363	0.01947	0.01752	0.02531	0.02921	0.04283	0.02726	0.08178	0.57360	0.01752	0.02921	0.01168	0.00584	0.00974
3	0.02574	0.02941	0.06434	0.04596	0.05699	0.02757	0.50919	0.03493	0.02574	0.03493	0.02206	0.02941	0.01654	0.00919	0.01287	0.00368	0.01838	0.01287	0.00551	0.01471
4	0.04892	0.01856	0.02530	0.01940	0.02783	0.01603	0.01603	0.05314	0.03121	0.55634	0.04302	0.03711	0.02699	0.01350	0.01096	0.00337	0.00928	0.01096	0.01350	0.01856
5	0.01757	0.01255	0.01757	0.02008	0.02259	0.01255	0.01757	0.02259	0.02510	0.03263	0.05773	0.12299	0.06275	0.03012	0.01506	0.00502	0.01004	0.47540	0.01004	0.01004
6	0.01476	0.01079	0.01387	0.01379	0.01605	0.00990	0.01008	0.01903	0.02827	0.03918	0.40512	0.19286	0.13524	0.02521	0.01308	0.00366	0.00542	0.02234	0.01145	0.00990
7	0.02385	0.02385	0.03340	0.02863	0.02863	0.03340	0.02385	0.02624	0.01670	0.02624	0.01431	0.02385	0.01431	0.01908	0.03578	0.00477	0.59685	0.00954	0.00477	0.01193
8	0.02187	0.05640	0.56031	0.03108	0.04719	0.02532	0.04029	0.03453	0.02302	0.03453	0.01957	0.02302	0.01381	0.01036	0.01036	0.00345	0.01611	0.00806	0.00460	0.01611
9	0.01387	0.01041	0.01296	0.01448	0.01634	0.00951	0.01049	0.01666	0.02336	0.03030	0.11834	0.36819	0.20198	0.03082	0.01367	0.00420	0.00642	0.07851	0.01029	0.00922
10	0.01461	0.01060	0.01315	0.01417	0.01571	0.00993	0.01001	0.01720	0.02275	0.03012	0.14865	0.27261	0.14401	0.14770	0.02206	0.00544	0.00727	0.07542	0.00974	0.00885
11	0.62711	0.02000	0.01544	0.01393	0.02026	0.02304	0.01139	0.03139	0.01898	0.04810	0.01720	0.01998	0.01341	0.01038	0.00683	0.00329	0.00810	0.00633	0.07317	0.01165
12	0.01319	0.01088	0.01158	0.01178	0.01501	0.00927	0.00869	0.01609	0.02500	0.03070	0.14791	0.16020	0.44637	0.02783	0.01300	0.00374	0.00558	0.02359	0.01031	0.00927
13	0.03304	0.03050	0.02862	0.02707	0.07428	0.18051	0.01958	0.13230	0.06875	0.08201	0.12425	0.03674	0.03476	0.01470	0.01309	0.00333	0.06199	0.01116	0.00882	0.01451
14	0.09218	0.25726	0.03681	0.01999	0.02703	0.08589	0.01706	0.12941	0.06454	0.03787	0.02452	0.07137	0.02246	0.05530	0.01228	0.00351	0.01151	0.00990	0.00724	0.01389

[dist]
# distance from previous block
# <min> <max>
0	1

[block]
# block no. 8 follows, 12 sequences, length 6
# corresponding to MSA columns:
# 361-366
name=unknown_I
#
# <colnr> <probs for GDERKNQSTAVLIFYWHMCP>
#	G	D	E	R	K	N	Q	S	T	A	V	L	I	F	Y	W	H	M	C	P
0	0.27916	0.04069	0.02547	0.02307	0.02910	0.37276	0.01769	0.03935	0.02639	0.03480	0.01624	0.01895	0.01323	0.01083	0.00871	0.00302	0.01556	0.00661	0.00603	0.01234
1	0.02433	0.02025	0.02720	0.29368	0.04908	0.02394	0.02246	0.08037	0.17025	0.03849	0.02947	0.03378	0.02218	0.01247	0.01049	0.00346	0.01127	0.01053	0.10237	0.01390
2	0.01543	0.01115	0.01457	0.01372	0.01629	0.01029	0.01029	0.02058	0.03086	0.04372	0.54304	0.08145	0.10288	0.02229	0.01286	0.00343	0.00514	0.01972	0.01200	0.01029
3	0.02417	0.25360	0.03861	0.08872	0.11103	0.02873	0.02010	0.03159	0.08001	0.03196	0.08422	0.10244	0.03376	0.01466	0.00998	0.00315	0.01046	0.01222	0.00700	0.01361
4	0.01784	0.01086	0.01423	0.01504	0.01673	0.01006	0.01037	0.02022	0.02282	0.08764	0.12341	0.40582	0.06751	0.10149	0.01853	0.00492	0.00700	0.02534	0.01033	0.00986
5	0.02371	0.08763	0.03006	0.10336	0.09034	0.02357	0.01905	0.03340	0.12333	0.03306	0.02558	0.03310	0.02201	0.08531	0.01678	0.00387	0.04694	0.00972	0.00676	0.18242

[dist]
# distance from previous block
# <min> <max>
0	37

[block]
# block no. 9 follows, 12 sequences, length 45
# corresponding to MSA columns:
# 404-448
name=unknown_J
#
# <colnr> <probs for GDERKNQSTAVLIFYWHMCP>
#	G	D	E	R	K	N	Q	S	T	A	V	L	I	F	Y	W	H	M	C	P
0	0.23260	0.14505	0.03561	0.03477	0.21074	0.02841	0.02155	0.03590	0.05916	0.07192	0.02097	0.02387	0.01672	0.01037	0.00882	0.00314	0.01076	0.00803	0.00659	0.01502
1	0.02083	0.01337	0.01672	0.01555	0.01896	0.01269	0.01170	0.06837	0.02997	0.09742	0.29204	0.19888	0.11310	0.02370	0.01272	0.00367	0.00655	0.02077	0.01147	0.01154
2	0.02985	0.08855	0.03450	0.07460	0.18970	0.02477	0.02216	0.11244	0.02874	0.08783	0.02407	0.02746	0.01863	0.01068	0.00968	0.00286	0.01091	0.00893	0.06979	0.12384
3	0.08754	0.12251	0.08362	0.03316	0.18632	0.02452	0.02249	0.03120	0.02287	0.03512	0.01867	0.02269	0.01552	0.00918	0.00881	0.00256	0.01091	0.00744	0.00570	0.24917
4	0.02781	0.11747	0.20619	0.03884	0.14253	0.02744	0.15223	0.03621	0.02484	0.09086	0.02235	0.02620	0.01665	0.01014	0.01068	0.00331	0.01471	0.00961	0.00597	0.01596
5	0.02218	0.01416	0.01701	0.01534	0.01832	0.01378	0.01072	0.06768	0.02236	0.08704	0.03607	0.12935	0.03721	0.30435	0.08315	0.00799	0.01143	0.01549	0.00816	0.07821
6	0.02834	0.02453	0.08941	0.31030	0.05805	0.02290	0.10388	0.03573	0.02481	0.15655	0.02550	0.03044	0.01777	0.01120	0.01117	0.00356	0.01404	0.01033	0.00700	0.01448
7	0.02310	0.15796	0.41719	0.08168	0.04627	0.02852	0.03533	0.03355	0.02274	0.03225	0.01873	0.02257	0.01391	0.01022	0.00979	0.00326	0.01514	0.00780	0.00464	0.01534
8	0.02307	0.01275	0.01642	0.01546	0.01902	0.01157	0.01179	0.02662	0.02640	0.15886	0.18323	0.16082	0.12902	0.08388	0.01714	0.00451	0.00746	0.06944	0.01105	0.01150
9	0.01517	0.01114	0.01422	0.01345	0.01613	0.01018	0.01009	0.02008	0.03026	0.04228	0.49920	0.08383	0.14762	0.02283	0.01286	0.00345	0.00518	0.02005	0.01181	0.01018
10	0.01370	0.00966	0.01253	0.01465	0.01518	0.00913	0.00955	0.01529	0.02006	0.02675	0.05591	0.52219	0.06684	0.12887	0.02068	0.00543	0.00702	0.02854	0.00955	0.00849
11	0.03698	0.24591	0.04159	0.02275	0.03170	0.03720	0.01997	0.33813	0.04069	0.05307	0.02217	0.02302	0.01689	0.01172	0.00949	0.00293	0.01188	0.00837	0.00864	0.01689
12	0.04010	0.02151	0.02614	0.02011	0.02864	0.02024	0.01643	0.13780	0.08045	0.30809	0.03510	0.03240	0.02375	0.01245	0.01038	0.00303	0.00950	0.00996	0.01135	0.15256
13	0.03139	0.02084	0.03062	0.28569	0.05039	0.02406	0.02423	0.08028	0.02657	0.18749	0.02624	0.03040	0.01855	0.01309	0.01462	0.00369	0.09925	0.01006	0.00795	0.01459
14	0.02984	0.03701	0.17263	0.03634	0.04762	0.07740	0.26102	0.08084	0.02841	0.08644	0.02334	0.02742	0.01683	0.01042	0.01163	0.00348	0.01652	0.01072	0.00655	0.01556
15	0.02915	0.62337	0.05714	0.01866	0.02799	0.04314	0.01866	0.03265	0.02215	0.02565	0.01516	0.01749	0.01399	0.00933	0.00700	0.00233	0.01166	0.00583	0.00466	0.01399
16	0.02979	0.18316	0.17687	0.02198	0.03302	0.02632	0.02280	0.06991	0.02610	0.12147	0.02277	0.02408	0.01694	0.01027	0.00910	0.00270	0.01162	0.00772	0.00699	0.17640
17	0.01586	0.01057	0.01189	0.01189	0.01189	0.01057	0.00661	0.01586	0.01586	0.02114	0.03436	0.07135	0.03964	0.61681	0.05550	0.01057	0.01057	0.01586	0.00661	0.00661
18	0.01536	0.01069	0.01351	0.01393	0.01455	0.01111	0.00905	0.01671	0.01712	0.02334	0.03717	0.15126	0.04162	0.37968	0.18665	0.01142	0.01484	0.01721	0.00697	0.00781
19	0.03147	0.02175	0.03188	0.31435	0.09276	0.02423	0.02547	0.12345	0.02964	0.15811	0.02618	0.03024	0.01836	0.01181	0.01091	0.00348	0.01273	0.01001	0.00800	0.01518
20	0.02718	0.08733	0.07101	0.23187	0.18645	0.06591	0.02796	0.03546	0.06280	0.06798	0.02263	0.02771	0.01743	0.01089	0.01038	0.00331	0.01347	0.00930	0.00609	0.01483
21	0.02862	0.03179	0.03269	0.02847	0.03006	0.18563	0.02307	0.03112	0.02070	0.02637	0.01503	0.02267	0.01424	0.01687	0.02846	0.00422	0.43402	0.00883	0.00501	0.01213
22	0.02167	0.01637	0.02551	0.07746	0.08294	0.01607	0.06376	0.02694	0.02536	0.08165	0.05529	0.08473	0.13291	0.02235	0.01327	0.00419	0.01063	0.21780	0.00902	0.01205
23	0.08051	0.01358	0.01824	0.01764	0.01965	0.01616	0.01364	0.02089	0.01736	0.02717	0.02706	0.04182	0.02595	0.12785	0.41300	0.01423	0.07815	0.01139	0.00591	0.00979
24	0.04016	0.08461	0.03313	0.07722	0.07101	0.02642	0.02047	0.20720	0.03596	0.24750	0.03057	0.02986	0.02090	0.01243	0.01052	0.00325	0.01121	0.00984	0.01033	0.01741
25	0.03830	0.10724	0.03298	0.02659	0.03264	0.46910	0.02047	0.04376	0.07586	0.02832	0.01922	0.02138	0.01581	0.01137	0.00966	0.00284	0.01784	0.00739	0.00603	0.01320
26	0.01569	0.01124	0.01528	0.01528	0.01645	0.01241	0.01083	0.01803	0.01686	0.02365	0.03126	0.05421	0.03220	0.29516	0.36696	0.01475	0.02177	0.01335	0.00615	0.00849
27	0.69383	0.02109	0.01603	0.01434	0.02109	0.02446	0.01181	0.03205	0.01856	0.04892	0.01518	0.01771	0.01181	0.01012	0.00675	0.00337	0.00843	0.00590	0.00675	0.01181
28	0.02662	0.42598	0.23231	0.02298	0.03467	0.03694	0.02619	0.03330	0.02246	0.02874	0.01669	0.01942	0.01393	0.00969	0.00817	0.00272	0.01321	0.00661	0.00464	0.01473
29	0.01446	0.01052	0.01362	0.01409	0.01601	0.00968	0.01009	0.01823	0.02672	0.03683	0.33344	0.28128	0.12022	0.02709	0.01326	0.00382	0.00561	0.02417	0.01117	0.00968
30	0.62308	0.02081	0.01704	0.01489	0.02183	0.02353	0.01227	0.03436	0.01994	0.10458	0.01824	0.01984	0.01347	0.01049	0.00721	0.00337	0.00853	0.00646	0.00749	0.01255
31	0.03119	0.01460	0.01958	0.01725	0.02213	0.01319	0.01366	0.03511	0.02788	0.27736	0.14803	0.11400	0.05299	0.07587	0.01637	0.00439	0.00840	0.08264	0.01174	0.01363
32	0.04452	0.08849	0.03101	0.02102	0.02964	0.02432	0.01772	0.18826	0.03621	0.35229	0.03492	0.03169	0.02304	0.01292	0.01051	0.00323	0.01035	0.01006	0.01175	0.01805
33	0.01543	0.01115	0.01457	0.01372	0.01629	0.01029	0.01029	0.02058	0.03086	0.04372	0.54304	0.08145	0.10288	0.02229	0.01286	0.00343	0.00514	0.01972	0.01200	0.01029
34	0.02699	0.02591	0.04426	0.06693	0.54879	0.02591	0.03346	0.03346	0.02483	0.03562	0.02051	0.02699	0.01727	0.00972	0.01079	0.00324	0.01295	0.00972	0.00540	0.01727
35	0.08489	0.06879	0.12098	0.03352	0.13554	0.02584	0.07055	0.11631	0.02984	0.16934	0.02621	0.02761	0.01862	0.01125	0.01042	0.00330	0.01248	0.00953	0.00823	0.01673
36	0.01716	0.01082	0.01475	0.01625	0.01790	0.01033	0.01170	0.01975	0.02187	0.07614	0.05519	0.45532	0.06260	0.03673	0.07047	0.00571	0.00926	0.06811	0.00999	0.00994
37	0.01567	0.01130	0.01490	0.01442	0.01698	0.01054	0.01109	0.02080	0.03023	0.04251	0.48980	0.08600	0.09848	0.02315	0.01310	0.00360	0.00568	0.06971	0.01179	0.01026
38	0.02730	0.47959	0.18474	0.02181	0.03286	0.03862	0.02414	0.03313	0.02237	0.02790	0.01628	0.01889	0.01395	0.00959	0.00785	0.00262	0.01279	0.00639	0.00465	0.01453
39	0.02792	0.20505	0.15487	0.03329	0.08720	0.03056	0.15762	0.03704	0.05930	0.07281	0.02256	0.02582	0.01728	0.01023	0.01021	0.00318	0.01412	0.00939	0.00607	0.01549
40	0.02043	0.01163	0.01392	0.01330	0.01458	0.01120	0.00831	0.02122	0.01857	0.09968	0.03805	0.11727	0.04087	0.47390	0.04508	0.00894	0.00998	0.01658	0.00794	0.00856
41	0.12896	0.02618	0.04678	0.03425	0.04394	0.02543	0.29571	0.08155	0.02809	0.14218	0.02554	0.02892	0.01808	0.01052	0.01143	0.00354	0.01457	0.01120	0.00775	0.01539
42	0.09583	0.08379	0.03737	0.06817	0.07119	0.08565	0.08754	0.19590	0.08862	0.04653	0.02378	0.02621	0.01802	0.01156	0.01033	0.00327	0.01315	0.00948	0.00791	0.01570
43	0.02711	0.03382	0.21432	0.03219	0.09426	0.02341	0.09021	0.03726	0.07070	0.11946	0.03416	0.03588	0.06799	0.01329	0.01297	0.00358	0.05518	0.01123	0.00737	0.01561
44	0.03151	0.02624	0.03377	0.12711	0.04164	0.02984	0.06797	0.23562	0.15888	0.04963	0.02824	0.03041	0.02098	0.01317	0.01286	0.00358	0.05267	0.01068	0.00894	0.01626

[dist]
# distance from previous block
# <min> <max>
0	3

[block]
# block no. 10 follows, 12 sequences, length 41
# corresponding to MSA columns:
# 452-492
name=unknown_K
#
# <colnr> <probs for GDERKNQSTAVLIFYWHMCP>
#	G	D	E	R	K	N	Q	S	T	A	V	L	I	F	Y	W	H	M	C	P
0	0.02712	0.02729	0.08390	0.18182	0.07710	0.05997	0.02487	0.04202	0.19599	0.07666	0.02931	0.03192	0.02197	0.01295	0.01277	0.00363	0.05752	0.01035	0.00771	0.01514
1	0.03698	0.02537	0.03279	0.03155	0.11804	0.06555	0.05963	0.15560	0.03379	0.20198	0.03337	0.04177	0.02606	0.01438	0.01151	0.00352	0.01217	0.06961	0.00984	0.01649
2	0.10723	0.02759	0.02985	0.02446	0.02990	0.07962	0.02007	0.19538	0.03197	0.12279	0.02294	0.02558	0.01734	0.01455	0.01820	0.00373	0.19595	0.00922	0.00843	0.01519
3	0.02626	0.02381	0.03792	0.27892	0.28317	0.02626	0.03044	0.09513	0.02710	0.03682	0.02080	0.02774	0.01630	0.01066	0.01085	0.00341	0.01348	0.00972	0.00590	0.01530
4	0.02957	0.09964	0.12170	0.11048	0.11064	0.12189	0.11486	0.09663	0.02848	0.03597	0.02003	0.02473	0.01552	0.01053	0.01056	0.00324	0.01550	0.00917	0.00590	0.01497
5	0.01605	0.01229	0.01436	0.01428	0.01677	0.01200	0.01019	0.02260	0.08972	0.03446	0.21653	0.18500	0.16909	0.11433	0.01927	0.00479	0.00673	0.02111	0.01031	0.01013
6	0.03182	0.04267	0.27567	0.03008	0.04196	0.10956	0.10214	0.04041	0.02661	0.15696	0.02507	0.02679	0.01738	0.01106	0.01080	0.00337	0.01539	0.00931	0.00701	0.01593
7	0.03817	0.02891	0.03088	0.02442	0.03256	0.03228	0.01993	0.40846	0.16058	0.06343	0.03034	0.02950	0.02192	0.01348	0.01095	0.00337	0.01123	0.01039	0.01095	0.01825
8	0.01337	0.01045	0.01212	0.01300	0.01535	0.00921	0.00926	0.01610	0.02409	0.03067	0.14679	0.29772	0.30413	0.02947	0.01328	0.00394	0.00579	0.02568	0.01037	0.00921
9	0.02502	0.30141	0.34287	0.02571	0.03889	0.03302	0.03094	0.03372	0.02265	0.03069	0.01766	0.02063	0.01389	0.00991	0.00891	0.00297	0.01419	0.00709	0.00463	0.01520
10	0.03077	0.46878	0.05479	0.02285	0.03234	0.03788	0.09225	0.03520	0.02367	0.08420	0.01920	0.02140	0.01578	0.00976	0.00831	0.00265	0.01242	0.00744	0.00574	0.01459
11	0.01686	0.01223	0.01658	0.01843	0.02105	0.01195	0.01578	0.02169	0.02582	0.03377	0.12527	0.11596	0.11225	0.02888	0.01458	0.00469	0.00899	0.37491	0.01030	0.01000
12	0.03591	0.02262	0.03625	0.15084	0.09665	0.02266	0.10527	0.09212	0.02979	0.24957	0.03031	0.03188	0.02066	0.01178	0.01125	0.00346	0.01261	0.01077	0.00919	0.01640
