[name]
unknown

[dist]
# distance from previous block
# <min> <max>
4	195

[block]
# block no. 0 follows, 12 sequences, length 25
# corresponding to MSA columns:
# 210-234
name=unknown_A
#
# <colnr> <probs for GDERKNQSTAVLIFYWHMCP>
#	G	D	E	R	K	N	Q	S	T	A	V	L	I	F	Y	W	H	M	C	P
0	0.03014	0.48771	0.04883	0.01842	0.02680	0.03641	0.01750	0.03358	0.02318	0.09326	0.02300	0.07674	0.02121	0.01224	0.00816	0.00267	0.01085	0.00889	0.00631	0.01408
1	0.02792	0.01578	0.01908	0.01701	0.02190	0.01550	0.01351	0.06656	0.09272	0.17432	0.12904	0.09467	0.08306	0.01892	0.01151	0.00354	0.00769	0.06074	0.11287	0.01364
2	0.61192	0.02076	0.01720	0.01498	0.02194	0.02339	0.01234	0.03473	0.02016	0.11337	0.01872	0.02018	0.01374	0.01055	0.00728	0.00337	0.00854	0.00655	0.00760	0.01267
3	0.30772	0.02349	0.02262	0.07425	0.02878	0.09349	0.01706	0.02976	0.01994	0.03588	0.01834	0.02486	0.01572	0.02552	0.12083	0.00626	0.10990	0.00811	0.00593	0.01157
4	0.08739	0.02308	0.07894	0.23179	0.09672	0.02165	0.02409	0.05727	0.02419	0.06934	0.02624	0.10070	0.02300	0.01364	0.01056	0.00342	0.01180	0.01167	0.00680	0.07771
5	0.20017	0.02369	0.02821	0.09436	0.03498	0.06261	0.05089	0.06960	0.02633	0.20691	0.02591	0.02750	0.01822	0.01241	0.01242	0.00352	0.06976	0.00918	0.00860	0.01473
6	0.02823	0.01968	0.02213	0.01965	0.02516	0.02137	0.01521	0.04755	0.33490	0.12312	0.04727	0.04532	0.07953	0.01875	0.01525	0.08989	0.00854	0.01277	0.01058	0.01510
7	0.02751	0.02052	0.02407	0.07536	0.03123	0.02285	0.01770	0.04852	0.33601	0.10774	0.09058	0.04848	0.03932	0.01599	0.01149	0.00371	0.00904	0.04328	0.01082	0.01578
8	0.02281	0.01364	0.01746	0.01580	0.01967	0.01294	0.01207	0.03004	0.07994	0.14059	0.35095	0.11950	0.07841	0.02099	0.01242	0.00354	0.00640	0.01838	0.01202	0.01243
9	0.04233	0.02154	0.02589	0.02032	0.02809	0.02139	0.01663	0.18400	0.07178	0.32659	0.03748	0.03455	0.02508	0.01339	0.01062	0.00328	0.00960	0.01065	0.07916	0.01762
10	0.04892	0.01856	0.02530	0.01940	0.02783	0.01603	0.01603	0.05314	0.03121	0.55634	0.04302	0.03711	0.02699	0.01350	0.01096	0.00337	0.00928	0.01096	0.01350	0.01856
11	0.01518	0.01114	0.01422	0.01345	0.01613	0.01018	0.01009	0.02009	0.03027	0.04230	0.49997	0.08379	0.14684	0.02282	0.01286	0.00345	0.00518	0.02005	0.01182	0.01018
12	0.02422	0.02492	0.03932	0.03195	0.03406	0.03228	0.11682	0.02790	0.01843	0.02790	0.01580	0.02492	0.01474	0.01719	0.03139	0.00456	0.48604	0.01018	0.00491	0.01246
13	0.02790	0.52598	0.14357	0.02079	0.03128	0.04008	0.02237	0.03297	0.02230	0.02718	0.01592	0.01844	0.01396	0.00951	0.00757	0.00252	0.01243	0.00621	0.00465	0.01436
14	0.69383	0.02109	0.01603	0.01434	0.02109	0.02446	0.01181	0.03205	0.01856	0.04892	0.01518	0.01771	0.01181	0.01012	0.00675	0.00337	0.00843	0.00590	0.00675	0.01181
15	0.01560	0.01157	0.01696	0.01696	0.01872	0.01332	0.01293	0.01911	0.01736	0.02490	0.02972	0.04567	0.02849	0.13505	0.52201	0.01683	0.02735	0.01210	0.00592	0.00942
16	0.02961	0.01428	0.01912	0.01612	0.02118	0.01272	0.01272	0.03436	0.03101	0.26073	0.33137	0.06268	0.07075	0.01857	0.01206	0.00341	0.00689	0.01601	0.01263	0.01379
17	0.01328	0.00949	0.01265	0.01518	0.01581	0.00886	0.01012	0.01518	0.02088	0.02783	0.06010	0.60969	0.07212	0.03416	0.01392	0.00443	0.00633	0.03100	0.01012	0.00886
18	0.02483	0.02701	0.05559	0.04047	0.05019	0.02580	0.41260	0.03566	0.07388	0.03682	0.07642	0.03570	0.02679	0.01104	0.01270	0.00365	0.01613	0.01350	0.00669	0.01450
19	0.02835	0.02635	0.04317	0.06297	0.50006	0.02665	0.03226	0.07879	0.02733	0.03875	0.02105	0.02691	0.01739	0.01003	0.01081	0.00324	0.01286	0.00972	0.00592	0.01739
20	0.03984	0.02736	0.03005	0.02367	0.03186	0.02983	0.01935	0.35557	0.13975	0.13840	0.03222	0.03062	0.02265	0.01348	0.01095	0.00337	0.01094	0.01047	0.01134	0.01830
21	0.02261	0.01278	0.01661	0.01472	0.01870	0.01146	0.01137	0.02732	0.03036	0.15597	0.39067	0.07388	0.12846	0.02085	0.01244	0.00344	0.00610	0.01809	0.01215	0.01202
22	0.02828	0.01835	0.02110	0.01825	0.02397	0.01882	0.01436	0.07265	0.20504	0.15800	0.15132	0.05759	0.12961	0.01799	0.01170	0.00354	0.00780	0.01508	0.01163	0.01493
23	0.02407	0.02223	0.03595	0.41028	0.06358	0.02666	0.07649	0.08996	0.02545	0.03360	0.02003	0.02824	0.01522	0.01179	0.01348	0.00370	0.07041	0.01001	0.00568	0.01317
24	0.03623	0.02644	0.02867	0.02334	0.03098	0.02933	0.01884	0.27998	0.24736	0.10597	0.03534	0.03324	0.02546	0.01383	0.01099	0.00346	0.01034	0.01097	0.01123	0.01801

[dist]
# distance from previous block
# <min> <max>
0	1

[block]
# block no. 1 follows, 12 sequences, length 17
# corresponding to MSA columns:
# 236-252
name=unknown_B
#
# <colnr> <probs for GDERKNQSTAVLIFYWHMCP>
#	G	D	E	R	K	N	Q	S	T	A	V	L	I	F	Y	W	H	M	C	P
0	0.02623	0.01927	0.02298	0.01660	0.02611	0.01474	0.01335	0.03099	0.02379	0.10714	0.02263	0.02460	0.01764	0.00882	0.00847	0.00186	0.00824	0.00708	0.00743	0.59204
1	0.01325	0.00963	0.01250	0.01480	0.01571	0.00889	0.00995	0.01523	0.02124	0.02798	0.06473	0.56322	0.11559	0.03356	0.01382	0.00436	0.00625	0.03026	0.01012	0.00889
2	0.53913	0.02048	0.01825	0.01555	0.02270	0.02244	0.01282	0.03711	0.02159	0.17063	0.02186	0.02237	0.01545	0.01093	0.00776	0.00337	0.00864	0.00712	0.00837	0.01343
3	0.69383	0.02109	0.01603	0.01434	0.02109	0.02446	0.01181	0.03205	0.01856	0.04892	0.01518	0.01771	0.01181	0.01012	0.00675	0.00337	0.00843	0.00590	0.00675	0.01181
4	0.02805	0.20177	0.11283	0.12465	0.04710	0.02992	0.17319	0.03512	0.02433	0.09071	0.02171	0.02601	0.01633	0.01015	0.01031	0.00322	0.01447	0.00949	0.00596	0.01468
5	0.02414	0.01232	0.01578	0.01518	0.01862	0.01114	0.01125	0.02743	0.02508	0.17563	0.09300	0.29134	0.09651	0.02409	0.01207	0.00374	0.00680	0.02111	0.10293	0.01183
6	0.01322	0.00973	0.01241	0.01455	0.01565	0.00891	0.00984	0.01525	0.02148	0.02808	0.06776	0.53293	0.14394	0.03316	0.01376	0.00431	0.00620	0.02978	0.01012	0.00891
7	0.03242	0.03128	0.02730	0.02402	0.03041	0.15902	0.01867	0.11916	0.34160	0.04436	0.03519	0.03358	0.02657	0.01370	0.01077	0.00342	0.01176	0.01070	0.00975	0.01633
8	0.02675	0.19425	0.12187	0.09569	0.04562	0.03212	0.17666	0.07372	0.02543	0.03376	0.01928	0.02453	0.01524	0.01067	0.01227	0.00332	0.05940	0.00940	0.00549	0.01452
9	0.02658	0.01426	0.01672	0.01480	0.01935	0.01385	0.01154	0.03483	0.09620	0.16478	0.14432	0.05278	0.08283	0.01621	0.01034	0.00316	0.00662	0.01352	0.24420	0.01310
10	0.02498	0.01474	0.01853	0.01754	0.02192	0.01420	0.01403	0.03270	0.09613	0.16055	0.12579	0.13867	0.12312	0.02308	0.01280	0.00398	0.00795	0.12514	0.01130	0.01286
11	0.02183	0.01591	0.02741	0.02372	0.02818	0.01479	0.13152	0.02617	0.02400	0.10529	0.04827	0.33330	0.05129	0.02477	0.01338	0.00417	0.01006	0.07468	0.00949	0.01178
12	0.03320	0.02668	0.10997	0.10950	0.10991	0.02286	0.07010	0.03960	0.02572	0.23028	0.02817	0.03040	0.01967	0.01243	0.01386	0.00359	0.07959	0.01022	0.00821	0.01603
13	0.02657	0.01783	0.02321	0.05518	0.02704	0.01949	0.01645	0.12739	0.02985	0.11449	0.15206	0.04555	0.04179	0.03444	0.16701	0.00735	0.05892	0.01284	0.00931	0.01326
14	0.02317	0.01266	0.01703	0.01636	0.01980	0.01158	0.01262	0.02719	0.02742	0.16081	0.22415	0.22114	0.07074	0.02451	0.01300	0.00391	0.00713	0.08336	0.01158	0.01185
15	0.02406	0.18931	0.38283	0.02980	0.04371	0.02985	0.08879	0.03412	0.02312	0.03245	0.01880	0.02243	0.01417	0.00998	0.00984	0.00321	0.01531	0.00807	0.00472	0.01544
16	0.03505	0.02767	0.10475	0.03475	0.17346	0.02324	0.02466	0.13753	0.03245	0.20143	0.06905	0.03359	0.02668	0.01263	0.01097	0.00333	0.01146	0.01067	0.00941	0.01722

[dist]
# distance from previous block
# <min> <max>
0	1

[block]
# block no. 2 follows, 12 sequences, length 19
# corresponding to MSA columns:
# 254-272
name=unknown_C
#
# <colnr> <probs for GDERKNQSTAVLIFYWHMCP>
#	G	D	E	R	K	N	Q	S	T	A	V	L	I	F	Y	W	H	M	C	P
0	0.10736	0.02376	0.03872	0.09165	0.36307	0.02439	0.06247	0.03191	0.02393	0.03635	0.02360	0.03576	0.02090	0.01185	0.01088	0.00349	0.01260	0.05598	0.00600	0.01533
1	0.27804	0.02067	0.02712	0.03509	0.22129	0.02242	0.02048	0.02958	0.02069	0.03822	0.02056	0.02725	0.01758	0.02711	0.14393	0.00671	0.01512	0.00874	0.00602	0.01339
2	0.02679	0.02268	0.02227	0.02003	0.02551	0.07627	0.01548	0.04577	0.31007	0.08073	0.12059	0.05176	0.10153	0.01693	0.01142	0.00354	0.00891	0.01402	0.01075	0.01494
3	0.02402	0.07181	0.12560	0.09815	0.08044	0.02381	0.09122	0.03421	0.08331	0.03482	0.02253	0.02653	0.01757	0.00998	0.00997	0.00289	0.01237	0.00892	0.00615	0.21569
4	0.01425	0.01072	0.01319	0.01337	0.01577	0.00966	0.00972	0.01800	0.02690	0.03619	0.31422	0.21400	0.21109	0.02652	0.01312	0.00373	0.00553	0.02328	0.01106	0.00966
5	0.02211	0.02107	0.03481	0.42994	0.15232	0.02565	0.03005	0.02864	0.02171	0.02902	0.01896	0.02806	0.01499	0.01170	0.01394	0.00370	0.08574	0.00968	0.00493	0.01299
6	0.02520	0.01930	0.02287	0.01647	0.02604	0.01468	0.01323	0.02998	0.02345	0.08672	0.02170	0.02404	0.01722	0.00861	0.00836	0.00179	0.00819	0.00690	0.00715	0.61811
7	0.02307	0.02071	0.03271	0.52343	0.07019	0.02536	0.02915	0.08542	0.02530	0.03271	0.02019	0.02873	0.01501	0.01116	0.01090	0.00359	0.01423	0.00970	0.00557	0.01288
8	0.01612	0.01124	0.01531	0.01531	0.01681	0.01248	0.01119	0.01910	0.01761	0.02572	0.03119	0.05014	0.03059	0.21611	0.38131	0.01422	0.02192	0.01263	0.07204	0.00895
9	0.03682	0.10678	0.17930	0.02421	0.03496	0.02715	0.02444	0.18043	0.03373	0.20367	0.02817	0.02760	0.01927	0.01200	0.01029	0.00324	0.01226	0.00919	0.00919	0.01732
10	0.01586	0.01057	0.01189	0.01189	0.01189	0.01057	0.00661	0.01586	0.01586	0.02114	0.03436	0.07135	0.03964	0.61681	0.05550	0.01057	0.01057	0.01586	0.00661	0.00661
11	0.02688	0.02539	0.03927	0.04735	0.29059	0.02657	0.08570	0.04295	0.21662	0.03933	0.02977	0.03249	0.02327	0.01158	0.01116	0.00347	0.01198	0.01110	0.00758	0.01695
12	0.02214	0.02096	0.03551	0.46351	0.19006	0.02463	0.03105	0.02922	0.02254	0.02974	0.01965	0.02856	0.01520	0.01061	0.01088	0.00354	0.01415	0.00970	0.00498	0.01336
13	0.02793	0.02440	0.04061	0.07955	0.20092	0.02469	0.14043	0.09181	0.06703	0.07302	0.08882	0.03596	0.02938	0.01223	0.01160	0.00344	0.01273	0.01198	0.00779	0.01568
14	0.02230	0.03922	0.33074	0.02638	0.03813	0.02056	0.06391	0.03134	0.02381	0.07258	0.03634	0.09285	0.08399	0.01480	0.01110	0.00347	0.01303	0.01259	0.00666	0.05619
15	0.11873	0.02514	0.03102	0.07460	0.13896	0.08823	0.06917	0.03651	0.11991	0.03904	0.11533	0.03732	0.03383	0.01314	0.01075	0.00340	0.01161	0.01142	0.00780	0.01409
16	0.16694	0.02252	0.02609	0.02726	0.11657	0.05683	0.01830	0.03758	0.07555	0.14009	0.08956	0.03411	0.02965	0.01324	0.01182	0.00333	0.05166	0.01026	0.00867	0.05998
17	0.18705	0.19037	0.03191	0.01748	0.02625	0.02721	0.01519	0.08762	0.02492	0.03990	0.01800	0.02043	0.01479	0.00951	0.00779	0.00243	0.00963	0.00655	0.00655	0.25640
18	0.69383	0.02109	0.01603	0.01434	0.02109	0.02446	0.01181	0.03205	0.01856	0.04892	0.01518	0.01771	0.01181	0.01012	0.00675	0.00337	0.00843	0.00590	0.00675	0.01181

[dist]
# distance from previous block
# <min> <max>
1	5

[block]
# block no. 3 follows, 12 sequences, length 7
# corresponding to MSA columns:
# 278-284
name=unknown_D
#
# <colnr> <probs for GDERKNQSTAVLIFYWHMCP>
#	G	D	E	R	K	N	Q	S	T	A	V	L	I	F	Y	W	H	M	C	P
0	0.01547	0.01058	0.01276	0.01310	0.01345	0.01076	0.00803	0.01626	0.01675	0.02260	0.03709	0.13937	0.04229	0.46619	0.12044	0.01070	0.01254	0.01731	0.00697	0.00733
1	0.02518	0.11832	0.23663	0.03562	0.11135	0.02855	0.12275	0.03815	0.10882	0.03542	0.02375	0.02701	0.01811	0.01065	0.01057	0.00336	0.01426	0.00962	0.00599	0.01591
2	0.01453	0.01090	0.01347	0.01328	0.01585	0.00983	0.00978	0.01866	0.02806	0.03814	0.37361	0.15896	0.20454	0.02518	0.01301	0.00363	0.00540	0.02204	0.01130	0.00983
3	0.02465	0.02618	0.10251	0.03762	0.21712	0.02252	0.02472	0.08296	0.09117	0.04237	0.16703	0.04297	0.04236	0.01422	0.01135	0.00338	0.01061	0.01256	0.00837	0.01533
4	0.03131	0.13574	0.06609	0.02137	0.02938	0.17212	0.01841	0.03571	0.02541	0.09714	0.02197	0.02479	0.01753	0.01727	0.06469	0.00398	0.01462	0.00770	0.00664	0.18812
5	0.01597	0.01631	0.07137	0.01842	0.02219	0.01249	0.05041	0.02086	0.02570	0.03578	0.25865	0.28384	0.07530	0.02490	0.01304	0.00385	0.00769	0.02258	0.01003	0.01062
6	0.03525	0.26308	0.04284	0.02933	0.12083	0.10228	0.02140	0.10272	0.02922	0.12267	0.02250	0.02391	0.01738	0.01085	0.00922	0.00286	0.01256	0.00807	0.00725	0.01578

[dist]
# distance from previous block
# <min> <max>
0	11

[block]
# block no. 4 follows, 12 sequences, length 20
# corresponding to MSA columns:
# 296-315
name=unknown_E
#
# <colnr> <probs for GDERKNQSTAVLIFYWHMCP>
#	G	D	E	R	K	N	Q	S	T	A	V	L	I	F	Y	W	H	M	C	P
0	0.02667	0.01690	0.02034	0.01754	0.02177	0.01780	0.01357	0.03434	0.10662	0.14354	0.04155	0.04773	0.07849	0.11781	0.02157	0.00463	0.09158	0.01256	0.10310	0.06188
1	0.08365	0.01989	0.02242	0.01735	0.02539	0.01798	0.01388	0.07926	0.07180	0.08185	0.08931	0.03263	0.02923	0.01154	0.00933	0.00248	0.00827	0.00927	0.00857	0.36591
2	0.26004	0.06561	0.03370	0.03503	0.18384	0.02744	0.06174	0.03557	0.08509	0.04009	0.02094	0.02477	0.01686	0.01111	0.01115	0.00343	0.05388	0.00869	0.00650	0.01453
3	0.02595	0.01872	0.02138	0.01902	0.02427	0.02012	0.01478	0.04488	0.30063	0.10895	0.21045	0.05382	0.05570	0.01713	0.01167	0.00357	0.00755	0.01462	0.01170	0.01510
4	0.03438	0.02594	0.02793	0.02316	0.03050	0.02903	0.01856	0.23973	0.30299	0.09040	0.03699	0.03462	0.02694	0.01402	0.01101	0.00350	0.01002	0.01123	0.01119	0.01786
5	0.03701	0.09842	0.03171	0.07454	0.07737	0.07542	0.01913	0.04157	0.02728	0.26251	0.02913	0.02903	0.02041	0.01133	0.00987	0.00292	0.01119	0.00899	0.00902	0.12315
6	0.08771	0.02987	0.03154	0.02432	0.03291	0.03315	0.02009	0.47837	0.04895	0.06731	0.02540	0.02558	0.01807	0.01288	0.01061	0.00328	0.01175	0.00954	0.01061	0.01807
7	0.01563	0.01147	0.01647	0.01647	0.01805	0.01306	0.01232	0.01879	0.01721	0.02453	0.03017	0.04817	0.02957	0.18184	0.47670	0.01622	0.02572	0.01246	0.00598	0.00915
8	0.02517	0.02205	0.03024	0.41027	0.05998	0.07043	0.02601	0.06433	0.02527	0.06795	0.02493	0.08024	0.02078	0.01334	0.01108	0.00359	0.01370	0.01145	0.00642	0.01278
9	0.02095	0.01723	0.02282	0.09209	0.03027	0.06198	0.05688	0.02492	0.02375	0.06780	0.04645	0.31097	0.05035	0.02498	0.01309	0.00415	0.01037	0.10103	0.00892	0.01099
10	0.01705	0.01226	0.01650	0.01613	0.01669	0.01391	0.01138	0.01779	0.01657	0.02311	0.03026	0.09837	0.03272	0.25833	0.18407	0.11804	0.08837	0.01426	0.00618	0.00800
11	0.02657	0.02564	0.03753	0.04183	0.22294	0.07013	0.10418	0.03562	0.08753	0.03589	0.02524	0.03036	0.02029	0.01179	0.01304	0.00337	0.06991	0.01039	0.11294	0.01480
12	0.01802	0.01554	0.02576	0.15054	0.03590	0.01594	0.08553	0.02389	0.02662	0.03639	0.26257	0.11748	0.06423	0.01967	0.01270	0.00374	0.00967	0.05552	0.00911	0.01116
13	0.02123	0.08598	0.25405	0.18567	0.04788	0.02518	0.03041	0.02935	0.02179	0.03033	0.02376	0.09780	0.02138	0.01416	0.01287	0.00364	0.06429	0.01133	0.00538	0.01353
14	0.03030	0.03544	0.19411	0.03492	0.04668	0.02588	0.23729	0.09752	0.02904	0.12196	0.02520	0.02843	0.01768	0.01069	0.01161	0.00351	0.01550	0.01083	0.00720	0.01620
15	0.01356	0.01107	0.01198	0.01175	0.01514	0.00949	0.00881	0.01695	0.02644	0.03322	0.22458	0.09874	0.42789	0.02621	0.01288	0.00362	0.00542	0.02214	0.01062	0.00949
16	0.04400	0.01750	0.02353	0.01841	0.02609	0.01514	0.01507	0.04818	0.03074	0.48272	0.08333	0.04505	0.06889	0.01512	0.01124	0.00340	0.00872	0.01244	0.01315	0.01731
17	0.09328	0.03193	0.15342	0.02646	0.03690	0.02501	0.08420	0.16597	0.03286	0.19974	0.02821	0.02838	0.01914	0.01184	0.01069	0.00340	0.01262	0.00980	0.00920	0.01693
18	0.02915	0.62337	0.05714	0.01866	0.02799	0.04314	0.01866	0.03265	0.02215	0.02565	0.01516	0.01749	0.01399	0.00933	0.00700	0.00233	0.01166	0.00583	0.00466	0.01399
19	0.01681	0.01089	0.01403	0.01514	0.01724	0.00993	0.01093	0.01956	0.02356	0.07550	0.10666	0.39854	0.14515	0.03003	0.01350	0.00418	0.00664	0.06118	0.01056	0.00996

[dist]
# distance from previous block
# <min> <max>
0	11

[block]
# block no. 5 follows, 12 sequences, length 13
# corresponding to MSA columns:
# 327-339
name=unknown_F
#
# <colnr> <probs for GDERKNQSTAVLIFYWHMCP>
#	G	D	E	R	K	N	Q	S	T	A	V	L	I	F	Y	W	H	M	C	P
0	0.02699	0.02591	0.04426	0.06693	0.54879	0.02591	0.03346	0.03346	0.02483	0.03562	0.02051	0.02699	0.01727	0.00972	0.01079	0.00324	0.01295	0.00972	0.00540	0.01727
1	0.03188	0.11958	0.31439	0.02552	0.03816	0.02460	0.02929	0.04049	0.02564	0.20758	0.02681	0.02699	0.01824	0.01127	0.01011	0.00328	0.01324	0.00873	0.00758	0.01665
2	0.08361	0.02373	0.02577	0.02169	0.02860	0.02635	0.01737	0.17490	0.26218	0.11783	0.03608	0.03472	0.02646	0.01831	0.04848	0.00445	0.01099	0.01094	0.01068	0.01686
3	0.01612	0.01240	0.01489	0.01404	0.01722	0.01181	0.01060	0.02344	0.08144	0.04095	0.40120	0.08209	0.18746	0.02262	0.01268	0.00351	0.00559	0.01963	0.01152	0.01079
4	0.06653	0.01138	0.01235	0.01247	0.01505	0.01187	0.00956	0.02416	0.02158	0.03709	0.03531	0.04928	0.03084	0.06623	0.08510	0.00535	0.00931	0.05435	0.43223	0.00996
5	0.02198	0.02113	0.03592	0.45750	0.06761	0.02498	0.09098	0.03208	0.07804	0.03073	0.02247	0.03039	0.01686	0.01111	0.01118	0.00365	0.01439	0.01039	0.00562	0.01301
6	0.01957	0.01289	0.01622	0.01623	0.01900	0.01262	0.01181	0.02675	0.09782	0.08968	0.18706	0.32492	0.07018	0.02600	0.01292	0.00394	0.00664	0.02317	0.01112	0.01146
7	0.04000	0.09844	0.03517	0.02477	0.03316	0.10479	0.02054	0.39890	0.04543	0.05853	0.02376	0.02438	0.01746	0.01244	0.01034	0.00311	0.01296	0.00902	0.00954	0.01728
8	0.02735	0.48277	0.18192	0.02174	0.03275	0.03872	0.02402	0.03312	0.02237	0.02785	0.01625	0.01886	0.01395	0.00958	0.00783	0.00261	0.01276	0.00638	0.00465	0.01452
9	0.11988	0.02557	0.02845	0.02391	0.02900	0.09992	0.05287	0.03891	0.10091	0.12580	0.07469	0.03311	0.02751	0.01479	0.01653	0.00371	0.15153	0.01057	0.00835	0.01400
10	0.02511	0.01827	0.02486	0.21362	0.04096	0.01953	0.01909	0.03479	0.11505	0.10774	0.06611	0.04063	0.02940	0.09100	0.01649	0.00422	0.01068	0.01142	0.00816	0.10286
11	0.01559	0.01055	0.01239	0.01263	0.01283	0.01064	0.00747	0.01607	0.01646	0.02209	0.03639	0.11998	0.04177	0.52147	0.09068	0.01052	0.01158	0.01697	0.00688	0.00706
12	0.02778	0.24329	0.03656	0.09335	0.03205	0.08942	0.01813	0.10000	0.02734	0.03361	0.07519	0.03491	0.02768	0.09909	0.01598	0.00399	0.01213	0.00994	0.00675	0.01282

[dist]
# distance from previous block
# <min> <max>
0	2

[block]
# block no. 6 follows, 12 sequences, length 6
# corresponding to MSA columns:
# 342-347
name=unknown_G
#
# <colnr> <probs for GDERKNQSTAVLIFYWHMCP>
#	G	D	E	R	K	N	Q	S	T	A	V	L	I	F	Y	W	H	M	C	P
0	0.09136	0.03847	0.20233	0.02424	0.03483	0.12022	0.02439	0.08017	0.02750	0.10126	0.02211	0.02387	0.01615	0.01069	0.00963	0.00296	0.01333	0.00789	0.00698	0.14163
1	0.03142	0.14140	0.17733	0.02719	0.03780	0.02795	0.09457	0.12146	0.02978	0.12558	0.02686	0.03282	0.02068	0.01239	0.01064	0.00335	0.01334	0.04178	0.00772	0.01594
2	0.02303	0.10662	0.45243	0.03172	0.04657	0.02728	0.09534	0.03440	0.02327	0.03374	0.01945	0.02328	0.01416	0.01012	0.01035	0.00337	0.01597	0.00843	0.00472	0.01574
3	0.15781	0.03368	0.02497	0.02252	0.02699	0.26986	0.01753	0.03324	0.02488	0.03136	0.03271	0.03521	0.10794	0.01536	0.01449	0.00343	0.11967	0.01011	0.00648	0.01174
4	0.03457	0.02719	0.03657	0.03441	0.12803	0.11855	0.12226	0.04010	0.02881	0.19660	0.09076	0.03596	0.02998	0.01258	0.01136	0.00332	0.01319	0.01150	0.00878	0.01546
5	0.03679	0.04031	0.03750	0.03058	0.03744	0.29803	0.10800	0.15515	0.03374	0.03839	0.01984	0.02335	0.01561	0.01200	0.01286	0.00324	0.06700	0.00896	0.00682	0.01439

[dist]
# distance from previous block
# <min> <max>
0	1

[block]
# block no. 7 follows, 12 sequences, length 31
# corresponding to MSA columns:
# 349-379
name=unknown_H
#
# <colnr> <probs for GDERKNQSTAVLIFYWHMCP>
#	G	D	E	R	K	N	Q	S	T	A	V	L	I	F	Y	W	H	M	C	P
0	0.01457	0.01135	0.01339	0.01356	0.01666	0.01017	0.01062	0.01853	0.02689	0.03475	0.24425	0.10041	0.31138	0.02630	0.01327	0.00384	0.00621	0.10340	0.01073	0.00971
1	0.02670	0.01925	0.02303	0.01665	0.02615	0.01477	0.01340	0.03145	0.02395	0.11646	0.02305	0.02486	0.01783	0.00892	0.00852	0.00189	0.00826	0.00716	0.00755	0.58015
2	0.13377	0.02378	0.02730	0.02291	0.02999	0.02641	0.05627	0.09319	0.32323	0.09076	0.03626	0.03457	0.02672	0.01335	0.01053	0.00358	0.00975	0.01103	0.01016	0.01643
3	0.01760	0.01419	0.02051	0.01852	0.02228	0.01369	0.06037	0.02506	0.07019	0.03985	0.32697	0.08260	0.11593	0.02227	0.01313	0.00379	0.00766	0.10346	0.01079	0.01116
4	0.02740	0.02262	0.02984	0.02450	0.03074	0.05889	0.10452	0.07864	0.14885	0.09234	0.16687	0.05230	0.04729	0.01635	0.01205	0.00359	0.01070	0.04805	0.01009	0.01437
5	0.01558	0.01168	0.01752	0.01752	0.01947	0.01363	0.01363	0.01947	0.01752	0.02531	0.02921	0.04283	0.02726	0.08178	0.57360	0.01752	0.02921	0.01168	0.00584	0.00974
6	0.02187	0.05640	0.56031	0.03108	0.04719	0.02532	0.04029	0.03453	0.02302	0.03453	0.01957	0.02302	0.01381	0.01036	0.01036	0.00345	0.01611	0.00806	0.00460	0.01611
7	0.01328	0.00949	0.01265	0.01518	0.01581	0.00886	0.01012	0.01518	0.02088	0.02783	0.06010	0.60969	0.07212	0.03416	0.01392	0.00443	0.00633	0.03100	0.01012	0.00886
8	0.02261	0.01938	0.02261	0.01615	0.02584	0.01453	0.01292	0.02745	0.02261	0.03553	0.01938	0.02261	0.01615	0.00807	0.00807	0.00161	0.00807	0.00646	0.00646	0.68346
9	0.02915	0.62337	0.05714	0.01866	0.02799	0.04314	0.01866	0.03265	0.02215	0.02565	0.01516	0.01749	0.01399	0.00933	0.00700	0.00233	0.01166	0.00583	0.00466	0.01399
10	0.69383	0.02109	0.01603	0.01434	0.02109	0.02446	0.01181	0.03205	0.01856	0.04892	0.01518	0.01771	0.01181	0.01012	0.00675	0.00337	0.00843	0.00590	0.00675	0.01181
11	0.03204	0.03889	0.05028	0.03844	0.04720	0.25691	0.30396	0.03855	0.02791	0.03146	0.01987	0.02531	0.01549	0.01005	0.01159	0.00331	0.01892	0.01041	0.00556	0.01384
12	0.02202	0.04037	0.33332	0.02585	0.03714	0.02311	0.02937	0.03778	0.14794	0.03886	0.11793	0.03763	0.03427	0.01355	0.01098	0.00351	0.01235	0.01116	0.00749	0.01537
13	0.01299	0.01064	0.01146	0.01212	0.01501	0.00911	0.00876	0.01553	0.02382	0.02904	0.09742	0.23560	0.42211	0.02931	0.01315	0.00388	0.00573	0.02508	0.01012	0.00911
14	0.02328	0.13341	0.16411	0.02520	0.03362	0.02349	0.09496	0.02987	0.02225	0.06877	0.02732	0.08598	0.02436	0.03103	0.15634	0.00702	0.01760	0.01176	0.00627	0.01336
15	0.01466	0.01071	0.01378	0.01387	0.01603	0.00983	0.01007	0.01876	0.02777	0.03840	0.38127	0.22019	0.13242	0.02582	0.01314	0.00371	0.00548	0.02292	0.01136	0.00983
16	0.69383	0.02109	0.01603	0.01434	0.02109	0.02446	0.01181	0.03205	0.01856	0.04892	0.01518	0.01771	0.01181	0.01012	0.00675	0.00337	0.00843	0.00590	0.00675	0.01181
17	0.02730	0.01706	0.02086	0.01714	0.02349	0.01560	0.01351	0.03654	0.11420	0.16614	0.20846	0.04933	0.05137	0.01540	0.01093	0.00302	0.00746	0.01309	0.01085	0.17827
18	0.02420	0.23821	0.39896	0.02709	0.04103	0.03104	0.03335	0.03393	0.02274	0.03168	0.01815	0.02125	0.01387	0.01003	0.00928	0.00309	0.01469	0.00734	0.00462	0.01543
19	0.02121	0.02001	0.03382	0.53990	0.12096	0.02439	0.03059	0.02840	0.02210	0.02861	0.01949	0.02887	0.01480	0.01079	0.01089	0.00360	0.01438	0.00969	0.00490	0.01261
20	0.01583	0.01067	0.01241	0.01241	0.01258	0.01085	0.00725	0.01619	0.01601	0.02152	0.03388	0.06875	0.03851	0.56791	0.10285	0.01121	0.01227	0.01547	0.00654	0.00689
21	0.02897	0.02477	0.03646	0.13588	0.16783	0.06840	0.09929	0.03738	0.07476	0.11450	0.03403	0.03693	0.06623	0.01263	0.01130	0.00345	0.01298	0.01160	0.00756	0.01506
22	0.01471	0.01146	0.01358	0.01402	0.01714	0.01033	0.01117	0.01862	0.02635	0.03368	0.19987	0.10401	0.31451	0.02699	0.01344	0.00397	0.00660	0.13934	0.01055	0.00968
23	0.02765	0.01956	0.02325	0.01722	0.02640	0.01582	0.01382	0.03449	0.06528	0.12887	0.02561	0.02665	0.01947	0.00958	0.00883	0.00210	0.00833	0.00774	0.00809	0.51123
24	0.02187	0.05640	0.56031	0.03108	0.04719	0.02532	0.04029	0.03453	0.02302	0.03453	0.01957	0.02302	0.01381	0.01036	0.01036	0.00345	0.01611	0.00806	0.00460	0.01611
25	0.01682	0.01089	0.01415	0.01468	0.01684	0.00993	0.01049	0.02003	0.02529	0.07571	0.21923	0.34808	0.12032	0.02808	0.01325	0.00395	0.00611	0.02503	0.01100	0.01013
26	0.01431	0.01003	0.01290	0.01479	0.01542	0.00962	0.00989	0.01601	0.01998	0.02657	0.05338	0.43044	0.06308	0.18107	0.02453	0.00603	0.00773	0.06660	0.00923	0.00839
27	0.01583	0.01068	0.01242	0.01242	0.01261	0.01086	0.00727	0.01620	0.01601	0.02154	0.03387	0.06865	0.03847	0.56618	0.10452	0.01123	0.01233	0.01546	0.00653	0.00690
28	0.03187	0.03865	0.05065	0.03864	0.04746	0.25088	0.30935	0.03845	0.02785	0.03155	0.01993	0.02542	0.01552	0.01003	0.01162	0.00332	0.01891	0.01047	0.00556	0.01386
29	0.02261	0.01938	0.02261	0.01615	0.02584	0.01453	0.01292	0.02745	0.02261	0.03553	0.01938	0.02261	0.01615	0.00807	0.00807	0.00161	0.00807	0.00646	0.00646	0.68346
30	0.08277	0.16603	0.07217	0.01978	0.02697	0.02550	0.01789	0.07230	0.02616	0.12469	0.07569	0.08630	0.03062	0.01486	0.01198	0.00322	0.05968	0.01132	0.00821	0.06387

[dist]
# distance from previous block
# <min> <max>
0	32

[block]
# block no. 8 follows, 12 sequences, length 98
# corresponding to MSA columns:
# 416-480,520-526,532-557
name=unknown_I
#
# <colnr> <probs for GDERKNQSTAVLIFYWHMCP>
#	G	D	E	R	K	N	Q	S	T	A	V	L	I	F	Y	W	H	M	C	P
0	0.02898	0.01991	0.01983	0.01722	0.02223	0.05836	0.01350	0.12703	0.10815	0.09023	0.07206	0.03909	0.03144	0.01377	0.00962	0.00302	0.00837	0.01098	0.29243	0.01377
1	0.01336	0.01106	0.01171	0.01155	0.01502	0.00941	0.00866	0.01657	0.02598	0.03213	0.19148	0.10053	0.46168	0.02662	0.01288	0.00363	0.00545	0.02240	0.01048	0.00941
2	0.04025	0.04318	0.03378	0.02844	0.03533	0.38273	0.06678	0.11503	0.03354	0.08765	0.02142	0.02335	0.01628	0.01155	0.01040	0.00302	0.01732	0.00840	0.00721	0.01433
3	0.02876	0.03078	0.03773	0.19860	0.28962	0.16473	0.02945	0.03451	0.02556	0.03125	0.01927	0.02569	0.01571	0.01042	0.01058	0.00324	0.01509	0.00902	0.00530	0.01470
4	0.02700	0.01327	0.01462	0.01298	0.01704	0.01310	0.01014	0.06971	0.02662	0.13239	0.03610	0.03886	0.02702	0.01287	0.00847	0.00274	0.00637	0.01027	0.50814	0.01230
5	0.02915	0.62337	0.05714	0.01866	0.02799	0.04314	0.01866	0.03265	0.02215	0.02565	0.01516	0.01749	0.01399	0.00933	0.00700	0.00233	0.01166	0.00583	0.00466	0.01399
6	0.01867	0.01186	0.01561	0.01427	0.01741	0.01084	0.01084	0.02373	0.03090	0.09332	0.49466	0.07716	0.09554	0.02144	0.01268	0.00342	0.00554	0.01887	0.01215	0.01109
7	0.02845	0.56852	0.10581	0.01986	0.02984	0.04142	0.02075	0.03283	0.02224	0.02651	0.01559	0.01803	0.01398	0.00943	0.00732	0.00244	0.01209	0.00605	0.00466	0.01420
8	0.02107	0.01202	0.01575	0.01513	0.01827	0.01084	0.01120	0.02473	0.02703	0.13780	0.24518	0.25610	0.11183	0.02506	0.01285	0.00378	0.00639	0.02213	0.01150	0.01133
9	0.02059	0.01938	0.03270	0.59060	0.07510	0.02422	0.03028	0.02786	0.02180	0.02786	0.01938	0.02907	0.01453	0.01090	0.01090	0.00363	0.01453	0.00969	0.00484	0.01211
10	0.02572	0.02461	0.04197	0.17076	0.45486	0.02557	0.03283	0.03235	0.02423	0.03408	0.02029	0.02740	0.01673	0.00995	0.01082	0.00332	0.01327	0.00971	0.00529	0.01625
11	0.02841	0.56579	0.10823	0.01992	0.02994	0.04133	0.02085	0.03284	0.02224	0.02655	0.01561	0.01805	0.01397	0.00943	0.00734	0.00245	0.01211	0.00606	0.00466	0.01421
12	0.01434	0.01024	0.01387	0.01639	0.01749	0.00977	0.01196	0.01701	0.02192	0.02902	0.05951	0.48953	0.06980	0.03316	0.01420	0.00457	0.00724	0.14072	0.01010	0.00915
13	0.01618	0.01106	0.01563	0.01563	0.01679	0.01222	0.01126	0.01775	0.01659	0.02328	0.02882	0.04821	0.02894	0.20474	0.36291	0.12211	0.02153	0.01234	0.00585	0.00818
14	0.35388	0.02388	0.02343	0.01894	0.02667	0.02616	0.01563	0.20091	0.03207	0.14681	0.02396	0.02410	0.01685	0.01175	0.00893	0.00334	0.00981	0.00816	0.00939	0.01533
15	0.41287	0.03269	0.02257	0.02002	0.02653	0.21807	0.01577	0.07389	0.02547	0.04266	0.01664	0.01906	0.01312	0.01075	0.00816	0.00317	0.01266	0.00661	0.00668	0.01263
16	0.02683	0.01366	0.01811	0.01662	0.02102	0.01229	0.01315	0.03088	0.02795	0.21678	0.17792	0.15882	0.10829	0.02280	0.01270	0.00383	0.00754	0.08629	0.01175	0.01280
17	0.01379	0.01066	0.01258	0.01300	0.01551	0.00945	0.00941	0.01706	0.02565	0.03347	0.23176	0.23406	0.27901	0.02772	0.01316	0.00380	0.00562	0.02414	0.01071	0.00945
18	0.01328	0.00949	0.01265	0.01518	0.01581	0.00886	0.01012	0.01518	0.02088	0.02783	0.06010	0.60969	0.07212	0.03416	0.01392	0.00443	0.00633	0.03100	0.01012	0.00886
19	0.03443	0.02029	0.02323	0.01959	0.02614	0.02130	0.01560	0.08899	0.24383	0.21560	0.04101	0.03829	0.02912	0.01389	0.01048	0.00337	0.00856	0.01132	0.11831	0.01666
20	0.69383	0.02109	0.01603	0.01434	0.02109	0.02446	0.01181	0.03205	0.01856	0.04892	0.01518	0.01771	0.01181	0.01012	0.00675	0.00337	0.00843	0.00590	0.00675	0.01181
21	0.69383	0.02109	0.01603	0.01434	0.02109	0.02446	0.01181	0.03205	0.01856	0.04892	0.01518	0.01771	0.01181	0.01012	0.00675	0.00337	0.00843	0.00590	0.00675	0.01181
22	0.24426	0.02323	0.02249	0.01987	0.02643	0.02679	0.01577	0.08531	0.32608	0.04850	0.03349	0.03210	0.02517	0.01315	0.00967	0.00356	0.00883	0.01005	0.00967	0.01559
23	0.04271	0.02567	0.02936	0.02282	0.03120	0.02695	0.01875	0.30840	0.08954	0.23740	0.03380	0.03138	0.02290	0.01339	0.01095	0.00335	0.01073	0.01046	0.01183	0.01843
24	0.18743	0.01351	0.01524	0.01669	0.01953	0.01411	0.01317	0.02206	0.02177	0.03487	0.04787	0.28854	0.05353	0.02664	0.01250	0.00437	0.00817	0.18075	0.00924	0.01002
25	0.01551	0.01081	0.01223	0.01244	0.01325	0.01051	0.00779	0.01638	0.01810	0.02346	0.04876	0.08115	0.12416	0.47155	0.04516	0.00898	0.00970	0.05528	0.00747	0.00732
26	0.08483	0.01945	0.02367	0.01918	0.02607	0.01921	0.01550	0.04315	0.11626	0.25485	0.08258	0.03715	0.03145	0.01388	0.01232	0.00327	0.05429	0.01083	0.01062	0.12142
27	0.31328	0.03103	0.02698	0.02242	0.02967	0.16533	0.05191	0.12216	0.02901	0.08533	0.02023	0.02207	0.01510	0.01113	0.00904	0.00323	0.01271	0.00778	0.00764	0.01395
28	0.01484	0.01013	0.01314	0.01523	0.01630	0.00970	0.01080	0.01739	0.02135	0.02929	0.05539	0.43605	0.06390	0.07687	0.01674	0.00482	0.00713	0.09884	0.07309	0.00899
29	0.02228	0.02110	0.03575	0.45246	0.20005	0.02467	0.03112	0.02934	0.02260	0.02991	0.01968	0.02852	0.01526	0.01059	0.01087	0.00353	0.01412	0.00970	0.00499	0.01347
30	0.02314	0.15545	0.47241	0.02891	0.04384	0.02844	0.03651	0.03420	0.02287	0.03298	0.01880	0.02205	0.01384	0.01018	0.00977	0.00326	0.01534	0.00767	0.00461	0.01574
31	0.02059	0.01938	0.03270	0.59060	0.07510	0.02422	0.03028	0.02786	0.02180	0.02786	0.01938	0.02907	0.01453	0.01090	0.01090	0.00363	0.01453	0.00969	0.00484	0.01211
32	0.01328	0.00949	0.01265	0.01518	0.01581	0.00886	0.01012	0.01518	0.02088	0.02783	0.06010	0.60969	0.07212	0.03416	0.01392	0.00443	0.00633	0.03100	0.01012	0.00886
33	0.02246	0.10237	0.51952	0.03007	0.04563	0.02677	0.03853	0.03438	0.02295	0.03381	0.01921	0.02257	0.01383	0.01028	0.01009	0.00336	0.01575	0.00788	0.00461	0.01594
34	0.08613	0.02299	0.03429	0.15176	0.24510	0.02396	0.02591	0.08211	0.02767	0.15640	0.02550	0.02887	0.01861	0.01116	0.01054	0.00336	0.01198	0.00969	0.00776	0.01622
35	0.02936	0.09396	0.38223	0.02707	0.04067	0.02444	0.03231	0.03911	0.02503	0.16662	0.02517	0.02615	0.01718	0.01107	0.01023	0.00334	0.01400	0.00861	0.00687	0.01656
36	0.01381	0.01007	0.01300	0.01441	0.01584	0.00927	0.00999	0.01664	0.02388	0.03216	0.19176	0.42304	0.12497	0.03042	0.01354	0.00409	0.00594	0.02728	0.01062	0.00927
37	0.13786	0.01924	0.02216	0.01881	0.02337	0.02122	0.01464	0.07614	0.07539	0.16614	0.03077	0.04016	0.02580	0.16746	0.02531	0.00544	0.09667	0.01122	0.00890	0.01331
38	0.02648	0.41513	0.24194	0.02322	0.03504	0.03660	0.02660	0.03334	0.02247	0.02891	0.01678	0.01952	0.01393	0.00971	0.00823	0.00274	0.01330	0.00665	0.00464	0.01477
39	0.02832	0.01629	0.02232	0.02007	0.02324	0.01759	0.01566	0.03115	0.02339	0.21051	0.04252	0.26221	0.04177	0.02316	0.01846	0.00415	0.15767	0.01860	0.00993	0.01300
40	0.04505	0.02000	0.02572	0.01992	0.02795	0.01858	0.01637	0.12822	0.03457	0.43400	0.07912	0.03872	0.03148	0.01411	0.01110	0.00336	0.00942	0.01145	0.01294	0.01791
41	0.02261	0.01938	0.02261	0.01615	0.02584	0.01453	0.01292	0.02745	0.02261	0.03553	0.01938	0.02261	0.01615	0.00807	0.00807	0.00161	0.00807	0.00646	0.00646	0.68346
42	0.02881	0.02528	0.04199	0.03140	0.03997	0.02518	0.21737	0.07528	0.10144	0.09135	0.02661	0.02992	0.01996	0.01153	0.01367	0.00337	0.06974	0.01095	0.00766	0.12852
43	0.03464	0.03425	0.02868	0.02548	0.03102	0.29385	0.05660	0.03842	0.02865	0.11786	0.03229	0.09901	0.02973	0.01666	0.01147	0.00347	0.01499	0.08183	0.00807	0.01302
44	0.03267	0.01476	0.01952	0.01622	0.02172	0.01315	0.01290	0.03734	0.03026	0.30003	0.24365	0.05531	0.05764	0.01696	0.01140	0.00332	0.00721	0.01441	0.07712	0.01441
45	0.02539	0.02428	0.04137	0.19767	0.43052	0.02549	0.03267	0.03206	0.02407	0.03368	0.02023	0.02751	0.01659	0.01001	0.01082	0.00334	0.01335	0.00971	0.00526	0.01598
46	0.01841	0.01427	0.01714	0.01587	0.01936	0.01457	0.01206	0.03009	0.15769	0.04420	0.41610	0.07107	0.08516	0.02038	0.01241	0.00350	0.00603	0.01784	0.01177	0.01206
47	0.02699	0.02591	0.04426	0.06693	0.54879	0.02591	0.03346	0.03346	0.02483	0.03562	0.02051	0.02699	0.01727	0.00972	0.01079	0.00324	0.01295	0.00972	0.00540	0.01727
48	0.01558	0.01121	0.01489	0.01494	0.01731	0.01052	0.01150	0.02037	0.02888	0.04024	0.41199	0.14211	0.09298	0.02482	0.01334	0.00380	0.00609	0.09787	0.01148	0.01010
49	0.01922	0.01518	0.01784	0.01672	0.02035	0.01589	0.01264	0.03282	0.19927	0.04304	0.33346	0.11157	0.07668	0.02073	0.01235	0.00360	0.00643	0.01815	0.01154	0.01254
50	0.04309	0.01966	0.02447	0.01912	0.02672	0.01866	0.01568	0.13999	0.03392	0.38120	0.03854	0.03548	0.02546	0.01329	0.01044	0.00323	0.00918	0.01062	0.11397	0.01728
51	0.03669	0.02367	0.02735	0.02055	0.02954	0.02267	0.01683	0.22909	0.03627	0.17748	0.02795	0.02763	0.01979	0.01143	0.00993	0.00272	0.00995	0.00892	0.00999	0.25155
52	0.03597	0.02136	0.03124	0.02494	0.03255	0.02089	0.09922	0.09259	0.10707	0.25850	0.04037	0.04898	0.03106	0.01559	0.01195	0.00373	0.01110	0.08557	0.01098	0.01635
53	0.04073	0.05197	0.03090	0.02809	0.03371	0.57303	0.02107	0.04354	0.03090	0.02669	0.01685	0.01966	0.01404	0.01124	0.00983	0.00281	0.01966	0.00702	0.00562	0.01264
54	0.03772	0.02739	0.03424	0.02616	0.03486	0.06703	0.09727	0.20441	0.07322	0.17436	0.02959	0.02959	0.02080	0.01204	0.01088	0.00319	0.01230	0.01022	0.00983	0.08490
55	0.01738	0.01140	0.01475	0.01419	0.01695	0.01037	0.01053	0.02166	0.02857	0.07864	0.38085	0.17643	0.12824	0.02423	0.01291	0.00363	0.00571	0.02139	0.01162	0.01057
56	0.02187	0.05640	0.56031	0.03108	0.04719	0.02532	0.04029	0.03453	0.02302	0.03453	0.01957	0.02302	0.01381	0.01036	0.01036	0.00345	0.01611	0.00806	0.00460	0.01611
57	0.02059	0.01938	0.03270	0.59060	0.07510	0.02422	0.03028	0.02786	0.02180	0.02786	0.01938	0.02907	0.01453	0.01090	0.01090	0.00363	0.01453	0.00969	0.00484	0.01211
58	0.02216	0.02098	0.03553	0.46237	0.19109	0.02464	0.03106	0.02923	0.02254	0.02976	0.01966	0.02856	0.01520	0.01061	0.01088	0.00354	0.01415	0.00970	0.00498	0.01338
59	0.01556	0.01076	0.01339	0.01360	0.01415	0.01120	0.00869	0.01672	0.01671	0.02277	0.03526	0.11028	0.03928	0.43112	0.18336	0.01181	0.01493	0.01610	0.00671	0.00759
60	0.04219	0.02706	0.03029	0.02347	0.03193	0.02894	0.01931	0.36509	0.08270	0.18668	0.03170	0.02997	0.02174	0.01332	0.01094	0.00333	0.01107	0.01029	0.01156	0.01845
61	0.02302	0.01912	0.02112	0.01922	0.02413	0.02122	0.01482	0.04485	0.35450	0.04495	0.21912	0.05497	0.05767	0.01742	0.01171	0.00360	0.00741	0.01492	0.01141	0.01482
62	0.01894	0.00947	0.01420	0.01420	0.01420	0.00947	0.00947	0.01420	0.01420	0.01894	0.01894	0.03314	0.01894	0.03788	0.04261	0.68277	0.00947	0.00947	0.00473	0.00473
63	0.01289	0.01105	0.01105	0.01105	0.01473	0.00920	0.00828	0.01565	0.02485	0.02946	0.11046	0.10493	0.54437	0.02761	0.01289	0.00368	0.00552	0.02301	0.01013	0.00920
64	0.69383	0.02109	0.01603	0.01434	0.02109	0.02446	0.01181	0.03205	0.01856	0.04892	0.01518	0.01771	0.01181	0.01012	0.00675	0.00337	0.00843	0.00590	0.00675	0.01181
65	0.69383	0.02109	0.01603	0.01434	0.02109	0.02446	0.01181	0.03205	0.01856	0.04892	0.01518	0.01771	0.01181	0.01012	0.00675	0.00337	0.00843	0.00590	0.00675	0.01181
66	0.04145	0.03054	0.03272	0.02509	0.03381	0.03381	0.02072	0.51243	0.05127	0.06872	0.02618	0.02618	0.01854	0.01309	0.01091	0.00327	0.01200	0.00982	0.01091	0.01854
67	0.01315	0.01106	0.01140	0.01132	0.01489	0.00931	0.00849	0.01615	0.02546	0.03090	0.15438	0.10255	0.49954	0.02707	0.01288	0.00366	0.00548	0.02268	0.01032	0.00931
68	0.01328	0.00949	0.01265	0.01518	0.01581	0.00886	0.01012	0.01518	0.02088	0.02783	0.06010	0.60969	0.07212	0.03416	0.01392	0.00443	0.00633	0.03100	0.01012	0.00886
69	0.04770	0.02052	0.02652	0.02033	0.02881	0.01894	0.01679	0.12830	0.03449	0.47654	0.04026	0.03532	0.02561	0.01343	0.01096	0.00336	0.00972	0.01078	0.01307	0.01855
70	0.04145	0.03054	0.03272	0.02509	0.03381	0.03381	0.02072	0.51243	0.05127	0.06872	0.02618	0.02618	0.01854	0.01309	0.01091	0.00327	0.01200	0.00982	0.01091	0.01854
71	0.01328	0.00949	0.01265	0.01518	0.01581	0.00886	0.01012	0.01518	0.02088	0.02783	0.06010	0.60969	0.07212	0.03416	0.01392	0.00443	0.00633	0.03100	0.01012	0.00886
72	0.69383	0.02109	0.01603	0.01434	0.02109	0.02446	0.01181	0.03205	0.01856	0.04892	0.01518	0.01771	0.01181	0.01012	0.00675	0.00337	0.00843	0.00590	0.00675	0.01181
73	0.03927	0.02946	0.03150	0.02465	0.03298	0.03280	0.02020	0.44329	0.12396	0.06520	0.02895	0.02838	0.02079	0.01335	0.01094	0.00334	0.01149	0.01020	0.01094	0.01835
74	0.01586	0.01057	0.01189	0.01189	0.01189	0.01057	0.00661	0.01586	0.01586	0.02114	0.03436	0.07135	0.03964	0.61681	0.05550	0.01057	0.01057	0.01586	0.00661	0.00661
75	0.02574	0.02941	0.06434	0.04596	0.05699	0.02757	0.50919	0.03493	0.02574	0.03493	0.02206	0.02941	0.01654	0.00919	0.01287	0.00368	0.01838	0.01287	0.00551	0.01471
76	0.02574	0.02941	0.06434	0.04596	0.05699	0.02757	0.50919	0.03493	0.02574	0.03493	0.02206	0.02941	0.01654	0.00919	0.01287	0.00368	0.01838	0.01287	0.00551	0.01471
77	0.01583	0.01131	0.01557	0.01809	0.01984	0.01105	0.01454	0.01958	0.02338	0.03068	0.05869	0.32091	0.06656	0.03176	0.01460	0.00478	0.00853	0.29468	0.01007	0.00956
78	0.01894	0.00947	0.01420	0.01420	0.01420	0.00947	0.00947	0.01420	0.01420	0.01894	0.01894	0.03314	0.01894	0.03788	0.04261	0.68277	0.00947	0.00947	0.00473	0.00473
79	0.01736	0.01241	0.01728	0.01946	0.02198	0.01233	0.01687	0.02240	0.02566	0.03370	0.10468	0.11897	0.06663	0.02936	0.01485	0.00487	0.00957	0.43132	0.01023	0.01006
80	0.04145	0.03054	0.03272	0.02509	0.03381	0.03381	0.02072	0.51243	0.05127	0.06872	0.02618	0.02618	0.01854	0.01309	0.01091	0.00327	0.01200	0.00982	0.01091	0.01854
81	0.02644	0.02535	0.04327	0.11183	0.50817	0.02576	0.03319	0.03298	0.02457	0.03496	0.02041	0.02716	0.01704	0.00982	0.01080	0.00327	0.01309	0.00971	0.00535	0.01683
82	0.03424	0.02442	0.04383	0.04391	0.21583	0.02298	0.17386	0.04077	0.02733	0.21687	0.02883	0.03126	0.02043	0.01087	0.01149	0.00342	0.01334	0.01112	0.00826	0.01693
83	0.02187	0.05640	0.56031	0.03108	0.04719	0.02532	0.04029	0.03453	0.02302	0.03453	0.01957	0.02302	0.01381	0.01036	0.01036	0.00345	0.01611	0.00806	0.00460	0.01611
84	0.01558	0.01168	0.01752	0.01752	0.01947	0.01363	0.01363	0.01947	0.01752	0.02531	0.02921	0.04283	0.02726	0.08178	0.57360	0.01752	0.02921	0.01168	0.00584	0.00974
85	0.03179	0.09133	0.24593	0.11095	0.04287	0.02361	0.02826	0.03982	0.02561	0.21449	0.02729	0.02833	0.01853	0.01144	0.01033	0.00335	0.01307	0.00911	0.00774	0.01616
86	0.02187	0.05640	0.56031	0.03108	0.04719	0.02532	0.04029	0.03453	0.02302	0.03453	0.01957	0.02302	0.01381	0.01036	0.01036	0.00345	0.01611	0.00806	0.00460	0.01611
87	0.02097	0.01961	0.02787	0.02476	0.02544	0.02651	0.02029	0.02388	0.01699	0.02592	0.01950	0.03047	0.01882	0.04093	0.22320	0.00921	0.39904	0.01029	0.00514	0.01116
88	0.69383	0.02109	0.01603	0.01434	0.02109	0.02446	0.01181	0.03205	0.01856	0.04892	0.01518	0.01771	0.01181	0.01012	0.00675	0.00337	0.00843	0.00590	0.00675	0.01181
89	0.04307	0.01794	0.02401	0.01853	0.02654	0.01533	0.01517	0.04744	0.03030	0.45486	0.08802	0.03984	0.03308	0.01378	0.01085	0.00320	0.00876	0.01134	0.01264	0.08529
90	0.26415	0.02890	0.02334	0.01959	0.02695	0.15026	0.01549	0.08109	0.06436	0.04209	0.01987	0.02192	0.01567	0.01051	0.00852	0.00282	0.01130	0.00716	0.00714	0.17888
91	0.01425	0.01100	0.01446	0.01606	0.01692	0.01122	0.01125	0.01628	0.02086	0.02784	0.06063	0.50532	0.11232	0.03210	0.01589	0.00439	0.06223	0.02819	0.00961	0.00918
92	0.01391	0.01109	0.01247	0.01212	0.01536	0.00964	0.00909	0.01763	0.02727	0.03520	0.28466	0.09548	0.36658	0.02547	0.01288	0.00358	0.00537	0.02169	0.01088	0.00964
