[name]
unknown

[dist]
# distance from previous block
# <min> <max>
1	121

[block]
# block no. 0 follows, 12 sequences, length 30
# corresponding to MSA columns:
# 141-170
name=unknown_A
#
# <colnr> <probs for GDERKNQSTAVLIFYWHMCP>
#	G	D	E	R	K	N	Q	S	T	A	V	L	I	F	Y	W	H	M	C	P
0	0.03086	0.35622	0.08155	0.02125	0.02930	0.18515	0.01970	0.03501	0.02472	0.02823	0.01819	0.02104	0.01552	0.01030	0.00810	0.00257	0.01348	0.00680	0.07865	0.01335
1	0.02805	0.06728	0.08470	0.01859	0.02872	0.01809	0.01694	0.03353	0.02427	0.13451	0.02362	0.02506	0.01781	0.00946	0.00880	0.00221	0.00945	0.00745	0.00747	0.43397
2	0.03128	0.03535	0.03751	0.08462	0.15615	0.23752	0.07824	0.03834	0.06919	0.03129	0.02054	0.02543	0.01677	0.01180	0.01342	0.00336	0.07989	0.00923	0.00587	0.01420
3	0.02651	0.02296	0.03336	0.09261	0.07806	0.02985	0.02452	0.02998	0.01954	0.08532	0.01854	0.02615	0.01598	0.01677	0.02820	0.00436	0.41864	0.00973	0.00579	0.01313
4	0.69383	0.02109	0.01603	0.01434	0.02109	0.02446	0.01181	0.03205	0.01856	0.04892	0.01518	0.01771	0.01181	0.01012	0.00675	0.00337	0.00843	0.00590	0.00675	0.01181
5	0.01586	0.01057	0.01189	0.01189	0.01189	0.01057	0.00661	0.01586	0.01586	0.02114	0.03436	0.07135	0.03964	0.61681	0.05550	0.01057	0.01057	0.01586	0.00661	0.00661
6	0.01328	0.00949	0.01265	0.01518	0.01581	0.00886	0.01012	0.01518	0.02088	0.02783	0.06010	0.60969	0.07212	0.03416	0.01392	0.00443	0.00633	0.03100	0.01012	0.00886
7	0.01328	0.00949	0.01265	0.01518	0.01581	0.00886	0.01012	0.01518	0.02088	0.02783	0.06010	0.60969	0.07212	0.03416	0.01392	0.00443	0.00633	0.03100	0.01012	0.00886
8	0.69383	0.02109	0.01603	0.01434	0.02109	0.02446	0.01181	0.03205	0.01856	0.04892	0.01518	0.01771	0.01181	0.01012	0.00675	0.00337	0.00843	0.00590	0.00675	0.01181
9	0.03073	0.02522	0.02669	0.02292	0.02973	0.02881	0.01813	0.17250	0.40865	0.05144	0.03979	0.03703	0.02957	0.01436	0.01105	0.00359	0.00948	0.01169	0.01105	0.01758
10	0.02059	0.01938	0.03270	0.59060	0.07510	0.02422	0.03028	0.02786	0.02180	0.02786	0.01938	0.02907	0.01453	0.01090	0.01090	0.00363	0.01453	0.00969	0.00484	0.01211
11	0.02531	0.03237	0.11869	0.04433	0.05591	0.02733	0.45780	0.03488	0.02544	0.03488	0.02179	0.02871	0.01624	0.00932	0.01259	0.00365	0.01813	0.01234	0.00541	0.01486
12	0.02712	0.02342	0.02465	0.02219	0.02835	0.02712	0.01726	0.05794	0.52909	0.04561	0.04438	0.04068	0.03328	0.01479	0.01109	0.00370	0.00863	0.01233	0.01109	0.01726
13	0.01333	0.01015	0.01227	0.01367	0.01549	0.00909	0.00952	0.01579	0.02305	0.02971	0.11762	0.39540	0.23367	0.03096	0.01348	0.00409	0.00596	0.02736	0.01028	0.00909
14	0.01328	0.00949	0.01265	0.01518	0.01581	0.00886	0.01012	0.01518	0.02088	0.02783	0.06010	0.60969	0.07212	0.03416	0.01392	0.00443	0.00633	0.03100	0.01012	0.00886
15	0.02187	0.05640	0.56031	0.03108	0.04719	0.02532	0.04029	0.03453	0.02302	0.03453	0.01957	0.02302	0.01381	0.01036	0.01036	0.00345	0.01611	0.00806	0.00460	0.01611
16	0.02712	0.02342	0.02465	0.02219	0.02835	0.02712	0.01726	0.05794	0.52909	0.04561	0.04438	0.04068	0.03328	0.01479	0.01109	0.00370	0.00863	0.01233	0.01109	0.01726
17	0.02230	0.01977	0.02389	0.02967	0.16449	0.06467	0.01646	0.02773	0.07600	0.02832	0.03012	0.05126	0.03055	0.33058	0.03432	0.00712	0.01179	0.01301	0.00668	0.01125
18	0.03042	0.56061	0.05425	0.01969	0.02861	0.10134	0.01892	0.03385	0.02312	0.02577	0.01534	0.01773	0.01400	0.00954	0.00731	0.00238	0.01254	0.00596	0.00477	0.01384
19	0.63882	0.02087	0.01682	0.01477	0.02166	0.02374	0.01217	0.03385	0.01964	0.09220	0.01756	0.01937	0.01310	0.01041	0.00711	0.00337	0.00851	0.00634	0.00732	0.01238
20	0.69383	0.02109	0.01603	0.01434	0.02109	0.02446	0.01181	0.03205	0.01856	0.04892	0.01518	0.01771	0.01181	0.01012	0.00675	0.00337	0.00843	0.00590	0.00675	0.01181
21	0.02575	0.02464	0.04202	0.16819	0.45719	0.02558	0.03285	0.03238	0.02424	0.03412	0.02029	0.02739	0.01674	0.00994	0.01082	0.00331	0.01326	0.00971	0.00529	0.01627
22	0.02826	0.02581	0.02518	0.02268	0.02880	0.07285	0.01758	0.05673	0.48736	0.04403	0.04207	0.03892	0.03167	0.01449	0.01099	0.00362	0.00955	0.01188	0.01064	0.01687
23	0.01894	0.00947	0.01420	0.01420	0.01420	0.00947	0.00947	0.01420	0.01420	0.01894	0.01894	0.03314	0.01894	0.03788	0.04261	0.68277	0.00947	0.00947	0.00473	0.00473
24	0.02806	0.28662	0.21969	0.02671	0.07239	0.03222	0.02665	0.03725	0.06665	0.07638	0.02190	0.02369	0.01693	0.01052	0.00909	0.00298	0.01279	0.00785	0.00600	0.01561
25	0.02608	0.01725	0.02090	0.01595	0.02340	0.01389	0.01238	0.03013	0.02398	0.13407	0.07008	0.03739	0.02892	0.09842	0.01590	0.00340	0.00842	0.00980	0.00830	0.40135
26	0.02204	0.02086	0.03532	0.47184	0.18253	0.02461	0.03100	0.02913	0.02249	0.02962	0.01964	0.02860	0.01516	0.01063	0.01088	0.00354	0.01418	0.00970	0.00497	0.01328
27	0.03650	0.19404	0.03761	0.02274	0.03098	0.08012	0.01934	0.24157	0.10809	0.08579	0.02617	0.02609	0.01962	0.01217	0.00977	0.00304	0.01188	0.00892	0.00895	0.01660
28	0.01385	0.01065	0.01267	0.01308	0.01555	0.00947	0.00946	0.01717	0.02577	0.03380	0.24183	0.23631	0.26581	0.02763	0.01316	0.00380	0.00562	0.02411	0.01075	0.00947
29	0.08892	0.16876	0.03531	0.02140	0.02979	0.02754	0.05087	0.08280	0.11993	0.17766	0.02965	0.02891	0.02153	0.01172	0.00960	0.00307	0.01044	0.00926	0.00908	0.06377

[dist]
# distance from previous block
# <min> <max>
0	1

[block]
# block no. 1 follows, 12 sequences, length 17
# corresponding to MSA columns:
# 172-188
name=unknown_B
#
# <colnr> <probs for GDERKNQSTAVLIFYWHMCP>
#	G	D	E	R	K	N	Q	S	T	A	V	L	I	F	Y	W	H	M	C	P
0	0.16615	0.09543	0.02760	0.01837	0.02660	0.02102	0.01558	0.04663	0.02772	0.39510	0.03433	0.03103	0.02253	0.01234	0.00968	0.00324	0.00942	0.00938	0.01113	0.01673
1	0.03807	0.01594	0.02160	0.01790	0.02414	0.01397	0.01420	0.04198	0.02925	0.39347	0.10935	0.14901	0.04495	0.01844	0.01175	0.00358	0.00821	0.01579	0.01268	0.01571
2	0.01932	0.01769	0.02981	0.13801	0.11666	0.01796	0.10071	0.02397	0.02213	0.02931	0.04164	0.15342	0.09722	0.12063	0.01966	0.00492	0.01159	0.01692	0.00699	0.01144
3	0.02845	0.56915	0.10525	0.01984	0.02982	0.04144	0.02073	0.03283	0.02224	0.02650	0.01558	0.01802	0.01398	0.00943	0.00732	0.00244	0.01209	0.00604	0.00466	0.01420
4	0.02466	0.27402	0.36718	0.02631	0.03982	0.03216	0.03198	0.03381	0.02269	0.03112	0.01788	0.02090	0.01388	0.00996	0.00907	0.00302	0.01440	0.00720	0.00463	0.01530
5	0.37171	0.24051	0.09945	0.01799	0.02685	0.03124	0.01785	0.03258	0.02040	0.03880	0.01573	0.01830	0.01284	0.00987	0.00729	0.00301	0.01056	0.00615	0.00573	0.01313
6	0.01565	0.01085	0.01319	0.01277	0.01402	0.01043	0.00839	0.01814	0.02311	0.03205	0.28017	0.07623	0.07020	0.32951	0.03489	0.00712	0.00795	0.01772	0.00921	0.00839
7	0.04073	0.05197	0.03090	0.02809	0.03371	0.57303	0.02107	0.04354	0.03090	0.02669	0.01685	0.01966	0.01404	0.01124	0.00983	0.00281	0.01966	0.00702	0.00562	0.01264
8	0.01562	0.01152	0.01672	0.01672	0.01838	0.01319	0.01262	0.01895	0.01728	0.02471	0.02994	0.04692	0.02903	0.15847	0.49933	0.01653	0.02653	0.01228	0.00595	0.00929
9	0.02059	0.01938	0.03270	0.59060	0.07510	0.02422	0.03028	0.02786	0.02180	0.02786	0.01938	0.02907	0.01453	0.01090	0.01090	0.00363	0.01453	0.00969	0.00484	0.01211
10	0.01586	0.01057	0.01189	0.01189	0.01189	0.01057	0.00661	0.01586	0.01586	0.02114	0.03436	0.07135	0.03964	0.61681	0.05550	0.01057	0.01057	0.01586	0.00661	0.00661
11	0.04073	0.05197	0.03090	0.02809	0.03371	0.57303	0.02107	0.04354	0.03090	0.02669	0.01685	0.01966	0.01404	0.01124	0.00983	0.00281	0.01966	0.00702	0.00562	0.01264
12	0.04216	0.02939	0.03201	0.02454	0.03324	0.03211	0.02027	0.46851	0.04935	0.11535	0.02779	0.02722	0.01935	0.01313	0.01091	0.00328	0.01174	0.00993	0.01115	0.01854
13	0.01386	0.01108	0.01240	0.01207	0.01533	0.00962	0.00905	0.01754	0.02716	0.03493	0.27649	0.09592	0.37491	0.02557	0.01288	0.00358	0.00538	0.02175	0.01085	0.00962
14	0.04002	0.02983	0.03192	0.02480	0.03327	0.03315	0.02038	0.46725	0.09877	0.06642	0.02799	0.02762	0.02001	0.01326	0.01093	0.00331	0.01166	0.01007	0.01093	0.01842
15	0.01586	0.01057	0.01189	0.01189	0.01189	0.01057	0.00661	0.01586	0.01586	0.02114	0.03436	0.07135	0.03964	0.61681	0.05550	0.01057	0.01057	0.01586	0.00661	0.00661
16	0.03731	0.03608	0.03277	0.03034	0.08425	0.27622	0.06689	0.08629	0.03103	0.11461	0.02439	0.02661	0.01834	0.01155	0.01028	0.00304	0.01517	0.00902	0.07129	0.01453

[dist]
# distance from previous block
# <min> <max>
0	9

[block]
# block no. 2 follows, 12 sequences, length 43
# corresponding to MSA columns:
# 198-240
name=unknown_C
#
# <colnr> <probs for GDERKNQSTAVLIFYWHMCP>
#	G	D	E	R	K	N	Q	S	T	A	V	L	I	F	Y	W	H	M	C	P
0	0.62866	0.02417	0.01751	0.01571	0.02235	0.07920	0.01273	0.03320	0.01979	0.04670	0.01535	0.01791	0.01203	0.01023	0.00706	0.00332	0.00955	0.00602	0.00663	0.01189
1	0.09405	0.30476	0.09521	0.03602	0.20864	0.03369	0.02508	0.03304	0.02280	0.03223	0.01741	0.02130	0.01489	0.00964	0.00859	0.00285	0.01220	0.00738	0.00512	0.01510
2	0.02187	0.05640	0.56031	0.03108	0.04719	0.02532	0.04029	0.03453	0.02302	0.03453	0.01957	0.02302	0.01381	0.01036	0.01036	0.00345	0.01611	0.00806	0.00460	0.01611
3	0.69383	0.02109	0.01603	0.01434	0.02109	0.02446	0.01181	0.03205	0.01856	0.04892	0.01518	0.01771	0.01181	0.01012	0.00675	0.00337	0.00843	0.00590	0.00675	0.01181
4	0.01894	0.00947	0.01420	0.01420	0.01420	0.00947	0.00947	0.01420	0.01420	0.01894	0.01894	0.03314	0.01894	0.03788	0.04261	0.68277	0.00947	0.00947	0.00473	0.00473
5	0.01289	0.01105	0.01105	0.01105	0.01473	0.00920	0.00828	0.01565	0.02485	0.02946	0.11046	0.10493	0.54437	0.02761	0.01289	0.00368	0.00552	0.02301	0.01013	0.00920
6	0.01500	0.01113	0.01397	0.01326	0.01602	0.01010	0.00995	0.01974	0.02984	0.04129	0.46938	0.08545	0.17805	0.02320	0.01286	0.00347	0.00521	0.02028	0.01168	0.01010
7	0.69383	0.02109	0.01603	0.01434	0.02109	0.02446	0.01181	0.03205	0.01856	0.04892	0.01518	0.01771	0.01181	0.01012	0.00675	0.00337	0.00843	0.00590	0.00675	0.01181
8	0.02699	0.02591	0.04426	0.06693	0.54879	0.02591	0.03346	0.03346	0.02483	0.03562	0.02051	0.02699	0.01727	0.00972	0.01079	0.00324	0.01295	0.00972	0.00540	0.01727
9	0.02261	0.01938	0.02261	0.01615	0.02584	0.01453	0.01292	0.02745	0.02261	0.03553	0.01938	0.02261	0.01615	0.00807	0.00807	0.00161	0.00807	0.00646	0.00646	0.68346
10	0.04892	0.01856	0.02530	0.01940	0.02783	0.01603	0.01603	0.05314	0.03121	0.55634	0.04302	0.03711	0.02699	0.01350	0.01096	0.00337	0.00928	0.01096	0.01350	0.01856
11	0.01332	0.01106	0.01165	0.01150	0.01499	0.00939	0.00863	0.01649	0.02588	0.03188	0.18411	0.10093	0.46919	0.02671	0.01288	0.00364	0.00546	0.02245	0.01044	0.00939
12	0.01328	0.00949	0.01265	0.01518	0.01581	0.00886	0.01012	0.01518	0.02088	0.02783	0.06010	0.60969	0.07212	0.03416	0.01392	0.00443	0.00633	0.03100	0.01012	0.00886
13	0.01328	0.00949	0.01265	0.01518	0.01581	0.00886	0.01012	0.01518	0.02088	0.02783	0.06010	0.60969	0.07212	0.03416	0.01392	0.00443	0.00633	0.03100	0.01012	0.00886
14	0.02358	0.02347	0.03334	0.07663	0.03260	0.03261	0.02440	0.02638	0.01713	0.02638	0.01475	0.02430	0.01433	0.01839	0.03366	0.00467	0.54711	0.00955	0.00478	0.01194
15	0.02828	0.02400	0.02531	0.02242	0.02879	0.02766	0.01754	0.09469	0.49045	0.04748	0.04291	0.03951	0.03209	0.01466	0.01108	0.00366	0.00890	0.01212	0.01108	0.01736
16	0.02555	0.02108	0.02272	0.02015	0.02577	0.02350	0.01572	0.09891	0.34815	0.04664	0.13686	0.05122	0.08265	0.01691	0.01153	0.00360	0.00815	0.01418	0.01116	0.01554
17	0.02915	0.62337	0.05714	0.01866	0.02799	0.04314	0.01866	0.03265	0.02215	0.02565	0.01516	0.01749	0.01399	0.00933	0.00700	0.00233	0.01166	0.00583	0.00466	0.01399
18	0.63776	0.02087	0.01683	0.01478	0.02167	0.02373	0.01217	0.03388	0.01966	0.09303	0.01760	0.01940	0.01313	0.01041	0.00711	0.00337	0.00851	0.00634	0.00733	0.01239
19	0.69383	0.02109	0.01603	0.01434	0.02109	0.02446	0.01181	0.03205	0.01856	0.04892	0.01518	0.01771	0.01181	0.01012	0.00675	0.00337	0.00843	0.00590	0.00675	0.01181
20	0.03200	0.11638	0.03672	0.03781	0.23354	0.02454	0.02289	0.03924	0.06748	0.17362	0.07970	0.03471	0.02917	0.01232	0.01047	0.00319	0.01065	0.01064	0.00855	0.01640
21	0.03867	0.04447	0.03016	0.02674	0.03287	0.41174	0.02041	0.11060	0.11293	0.03550	0.02252	0.02390	0.01773	0.01206	0.01018	0.00301	0.01685	0.00825	0.00722	0.01419
22	0.01894	0.00947	0.01420	0.01420	0.01420	0.00947	0.00947	0.01420	0.01420	0.01894	0.01894	0.03314	0.01894	0.03788	0.04261	0.68277	0.00947	0.00947	0.00473	0.00473
23	0.02187	0.05640	0.56031	0.03108	0.04719	0.02532	0.04029	0.03453	0.02302	0.03453	0.01957	0.02302	0.01381	0.01036	0.01036	0.00345	0.01611	0.00806	0.00460	0.01611
24	0.02059	0.01938	0.03270	0.59060	0.07510	0.02422	0.03028	0.02786	0.02180	0.02786	0.01938	0.02907	0.01453	0.01090	0.01090	0.00363	0.01453	0.00969	0.00484	0.01211
25	0.01453	0.01111	0.01332	0.01277	0.01574	0.00990	0.00958	0.01883	0.02873	0.03866	0.38964	0.08978	0.25944	0.02418	0.01287	0.00352	0.00528	0.02089	0.01134	0.00990
26	0.29421	0.02007	0.01995	0.01542	0.02392	0.01855	0.01247	0.02931	0.02097	0.04095	0.01768	0.02063	0.01439	0.00890	0.00754	0.00233	0.00822	0.00624	0.00658	0.41168
27	0.01328	0.00949	0.01265	0.01518	0.01581	0.00886	0.01012	0.01518	0.02088	0.02783	0.06010	0.60969	0.07212	0.03416	0.01392	0.00443	0.00633	0.03100	0.01012	0.00886
28	0.04145	0.03054	0.03272	0.02509	0.03381	0.03381	0.02072	0.51243	0.05127	0.06872	0.02618	0.02618	0.01854	0.01309	0.01091	0.00327	0.01200	0.00982	0.01091	0.01854
29	0.03669	0.02143	0.02578	0.01929	0.02829	0.01919	0.01576	0.13998	0.03197	0.24237	0.02989	0.02893	0.02082	0.01122	0.00978	0.00264	0.00937	0.00890	0.01010	0.28760
30	0.02440	0.02327	0.03958	0.27883	0.35712	0.02523	0.03218	0.03120	0.02360	0.03248	0.02005	0.02783	0.01616	0.01019	0.01084	0.00340	0.01359	0.00970	0.00517	0.01518
31	0.01328	0.00949	0.01265	0.01518	0.01581	0.00886	0.01012	0.01518	0.02088	0.02783	0.06010	0.60969	0.07212	0.03416	0.01392	0.00443	0.00633	0.03100	0.01012	0.00886
32	0.02261	0.01938	0.02261	0.01615	0.02584	0.01453	0.01292	0.02745	0.02261	0.03553	0.01938	0.02261	0.01615	0.00807	0.00807	0.00161	0.00807	0.00646	0.00646	0.68346
33	0.69383	0.02109	0.01603	0.01434	0.02109	0.02446	0.01181	0.03205	0.01856	0.04892	0.01518	0.01771	0.01181	0.01012	0.00675	0.00337	0.00843	0.00590	0.00675	0.01181
34	0.03914	0.02236	0.02656	0.02518	0.08559	0.06589	0.01793	0.04763	0.10963	0.32525	0.04434	0.04096	0.07078	0.01431	0.01104	0.00339	0.01015	0.01175	0.01124	0.01689
35	0.09773	0.01957	0.02187	0.01595	0.02531	0.01565	0.01280	0.02797	0.02216	0.03703	0.01891	0.02206	0.01566	0.00830	0.00793	0.00181	0.00812	0.00640	0.00649	0.60829
36	0.01503	0.01098	0.01412	0.01364	0.01612	0.01007	0.01011	0.01969	0.02946	0.04112	0.46403	0.13224	0.13501	0.02381	0.01296	0.00354	0.00528	0.02102	0.01168	0.01007
37	0.01425	0.01066	0.01487	0.07243	0.02178	0.01055	0.01215	0.01705	0.02209	0.02961	0.11008	0.49264	0.06981	0.03051	0.01350	0.00424	0.00701	0.02761	0.00981	0.00934
38	0.01362	0.01090	0.01218	0.01223	0.01527	0.00946	0.00903	0.01693	0.02604	0.03315	0.22233	0.15505	0.37158	0.02690	0.01299	0.00370	0.00551	0.02301	0.01063	0.00946
39	0.02777	0.09013	0.02917	0.02452	0.06860	0.02784	0.01812	0.08248	0.35543	0.04379	0.03718	0.03597	0.02836	0.01348	0.01030	0.00338	0.00925	0.01103	0.06682	0.01638
40	0.04734	0.02109	0.02687	0.02060	0.02910	0.01979	0.01702	0.15037	0.03545	0.45311	0.03945	0.03480	0.02520	0.01341	0.01095	0.00335	0.00985	0.01072	0.01295	0.01855
41	0.01601	0.01211	0.01503	0.01594	0.01793	0.01211	0.01130	0.02331	0.10414	0.03456	0.17623	0.38946	0.07350	0.02817	0.01321	0.00407	0.00640	0.02526	0.01074	0.01054
42	0.18218	0.13038	0.07745	0.02637	0.07916	0.07047	0.05787	0.07179	0.02587	0.09685	0.02100	0.02325	0.01597	0.01041	0.00908	0.00301	0.01202	0.00796	0.00695	0.07196

[dist]
# distance from previous block
# <min> <max>
0	2

[block]
# block no. 3 follows, 12 sequences, length 10
# corresponding to MSA columns:
# 243-252
name=unknown_D
#
# <colnr> <probs for GDERKNQSTAVLIFYWHMCP>
#	G	D	E	R	K	N	Q	S	T	A	V	L	I	F	Y	W	H	M	C	P
0	0.03560	0.03088	0.02858	0.02709	0.08863	0.19911	0.01901	0.04198	0.06971	0.15663	0.02635	0.02708	0.01958	0.01113	0.00989	0.00278	0.01273	0.00857	0.00811	0.17655
1	0.69383	0.02109	0.01603	0.01434	0.02109	0.02446	0.01181	0.03205	0.01856	0.04892	0.01518	0.01771	0.01181	0.01012	0.00675	0.00337	0.00843	0.00590	0.00675	0.01181
2	0.02726	0.02187	0.03580	0.07305	0.03832	0.02209	0.17335	0.07527	0.10724	0.10007	0.11754	0.04149	0.03591	0.01351	0.01163	0.00348	0.01168	0.01301	0.06288	0.01453
3	0.04892	0.01856	0.02530	0.01940	0.02783	0.01603	0.01603	0.05314	0.03121	0.55634	0.04302	0.03711	0.02699	0.01350	0.01096	0.00337	0.00928	0.01096	0.01350	0.01856
4	0.02187	0.05640	0.56031	0.03108	0.04719	0.02532	0.04029	0.03453	0.02302	0.03453	0.01957	0.02302	0.01381	0.01036	0.01036	0.00345	0.01611	0.00806	0.00460	0.01611
5	0.01666	0.01190	0.01653	0.01904	0.02115	0.01177	0.01599	0.02102	0.02421	0.03161	0.05823	0.22610	0.06473	0.03098	0.01482	0.00489	0.00925	0.38126	0.01006	0.00979
6	0.02015	0.01651	0.01843	0.01701	0.02133	0.01750	0.01303	0.03618	0.24844	0.04227	0.25525	0.06732	0.14283	0.01985	0.01209	0.00359	0.00673	0.01700	0.01130	0.01317
7	0.02712	0.02342	0.02465	0.02219	0.02835	0.02712	0.01726	0.05794	0.52909	0.04561	0.04438	0.04068	0.03328	0.01479	0.01109	0.00370	0.00863	0.01233	0.01109	0.01726
8	0.02915	0.62337	0.05714	0.01866	0.02799	0.04314	0.01866	0.03265	0.02215	0.02565	0.01516	0.01749	0.01399	0.00933	0.00700	0.00233	0.01166	0.00583	0.00466	0.01399
9	0.02446	0.03832	0.22801	0.04105	0.05375	0.02683	0.35445	0.03480	0.02484	0.03480	0.02124	0.02730	0.01564	0.00958	0.01204	0.00360	0.01763	0.01128	0.00521	0.01517

[dist]
# distance from previous block
# <min> <max>
0	3

[block]
# block no. 4 follows, 12 sequences, length 50
# corresponding to MSA columns:
# 256-305
name=unknown_E
#
# <colnr> <probs for GDERKNQSTAVLIFYWHMCP>
#	G	D	E	R	K	N	Q	S	T	A	V	L	I	F	Y	W	H	M	C	P
0	0.69383	0.02109	0.01603	0.01434	0.02109	0.02446	0.01181	0.03205	0.01856	0.04892	0.01518	0.01771	0.01181	0.01012	0.00675	0.00337	0.00843	0.00590	0.00675	0.01181
1	0.04892	0.01856	0.02530	0.01940	0.02783	0.01603	0.01603	0.05314	0.03121	0.55634	0.04302	0.03711	0.02699	0.01350	0.01096	0.00337	0.00928	0.01096	0.01350	0.01856
2	0.01311	0.01105	0.01136	0.01128	0.01487	0.00930	0.00846	0.01609	0.02539	0.03073	0.14897	0.10284	0.50506	0.02714	0.01288	0.00366	0.00549	0.02272	0.01029	0.00930
3	0.01558	0.01168	0.01752	0.01752	0.01947	0.01363	0.01363	0.01947	0.01752	0.02531	0.02921	0.04283	0.02726	0.08178	0.57360	0.01752	0.02921	0.01168	0.00584	0.00974
4	0.01599	0.01172	0.01455	0.01455	0.01653	0.01147	0.01027	0.02177	0.07026	0.03621	0.29377	0.21055	0.07866	0.12052	0.01985	0.00486	0.00663	0.02131	0.01057	0.00995
5	0.02712	0.02342	0.02465	0.02219	0.02835	0.02712	0.01726	0.05794	0.52909	0.04561	0.04438	0.04068	0.03328	0.01479	0.01109	0.00370	0.00863	0.01233	0.01109	0.01726
6	0.03129	0.22965	0.04084	0.02891	0.11349	0.03401	0.02119	0.15637	0.15864	0.04285	0.02614	0.02704	0.02054	0.01170	0.00961	0.00306	0.01118	0.00908	0.00794	0.01646
7	0.03592	0.28946	0.04180	0.02417	0.03133	0.35280	0.02007	0.03901	0.02726	0.02626	0.01615	0.01876	0.01402	0.01044	0.00865	0.00261	0.01634	0.00653	0.00522	0.01320
8	0.26223	0.02059	0.02200	0.01836	0.02567	0.02157	0.01489	0.04715	0.14722	0.26096	0.03391	0.03140	0.02337	0.01267	0.00957	0.00345	0.00884	0.00958	0.01063	0.01596
9	0.11001	0.01880	0.02442	0.01892	0.02719	0.01682	0.01563	0.05114	0.03001	0.50828	0.04038	0.03527	0.02555	0.01318	0.01057	0.00337	0.00920	0.01049	0.01286	0.01792
10	0.01893	0.01670	0.02827	0.25880	0.04663	0.01919	0.06810	0.02490	0.02126	0.02842	0.02887	0.04828	0.02646	0.03743	0.19995	0.00850	0.01911	0.08292	0.00605	0.01124
11	0.03618	0.04242	0.02881	0.02612	0.03192	0.39043	0.01979	0.04836	0.19754	0.03302	0.02606	0.02669	0.02048	0.01243	0.01025	0.00311	0.01597	0.00880	0.00745	0.01419
12	0.01894	0.00947	0.01420	0.01420	0.01420	0.00947	0.00947	0.01420	0.01420	0.01894	0.01894	0.03314	0.01894	0.03788	0.04261	0.68277	0.00947	0.00947	0.00473	0.00473
13	0.02706	0.02445	0.03280	0.04078	0.24466	0.02662	0.02399	0.04777	0.31951	0.04146	0.03446	0.03499	0.02663	0.01268	0.01097	0.00351	0.01043	0.01124	0.00873	0.01726
14	0.10858	0.01879	0.02445	0.01893	0.02721	0.01681	0.01564	0.05119	0.03004	0.50940	0.04044	0.03532	0.02559	0.01318	0.01057	0.00337	0.00920	0.01050	0.01287	0.01793
15	0.04892	0.01856	0.02530	0.01940	0.02783	0.01603	0.01603	0.05314	0.03121	0.55634	0.04302	0.03711	0.02699	0.01350	0.01096	0.00337	0.00928	0.01096	0.01350	0.01856
16	0.01543	0.01115	0.01457	0.01372	0.01629	0.01029	0.01029	0.02058	0.03086	0.04372	0.54304	0.08145	0.10288	0.02229	0.01286	0.00343	0.00514	0.01972	0.01200	0.01029
17	0.02425	0.04030	0.26858	0.04176	0.09950	0.02648	0.26924	0.03462	0.02452	0.03483	0.02088	0.02653	0.01548	0.00973	0.01163	0.00354	0.01693	0.01057	0.00513	0.01553
18	0.02187	0.05640	0.56031	0.03108	0.04719	0.02532	0.04029	0.03453	0.02302	0.03453	0.01957	0.02302	0.01381	0.01036	0.01036	0.00345	0.01611	0.00806	0.00460	0.01611
19	0.02712	0.02342	0.02465	0.02219	0.02835	0.02712	0.01726	0.05794	0.52909	0.04561	0.04438	0.04068	0.03328	0.01479	0.01109	0.00370	0.00863	0.01233	0.01109	0.01726
20	0.01498	0.01113	0.01395	0.01324	0.01601	0.01010	0.00993	0.01970	0.02980	0.04120	0.46645	0.08561	0.18105	0.02323	0.01286	0.00347	0.00521	0.02030	0.01167	0.01010
21	0.03331	0.42280	0.04888	0.02083	0.02996	0.03999	0.01936	0.19497	0.03200	0.04022	0.01889	0.02043	0.01553	0.01060	0.00832	0.00265	0.01177	0.00718	0.00678	0.01553
22	0.04892	0.01856	0.02530	0.01940	0.02783	0.01603	0.01603	0.05314	0.03121	0.55634	0.04302	0.03711	0.02699	0.01350	0.01096	0.00337	0.00928	0.01096	0.01350	0.01856
23	0.02712	0.02342	0.02465	0.02219	0.02835	0.02712	0.01726	0.05794	0.52909	0.04561	0.04438	0.04068	0.03328	0.01479	0.01109	0.00370	0.00863	0.01233	0.01109	0.01726
24	0.01328	0.00949	0.01265	0.01518	0.01581	0.00886	0.01012	0.01518	0.02088	0.02783	0.06010	0.60969	0.07212	0.03416	0.01392	0.00443	0.00633	0.03100	0.01012	0.00886
25	0.04073	0.05197	0.03090	0.02809	0.03371	0.57303	0.02107	0.04354	0.03090	0.02669	0.01685	0.01966	0.01404	0.01124	0.00983	0.00281	0.01966	0.00702	0.00562	0.01264
26	0.02059	0.01938	0.03270	0.59060	0.07510	0.02422	0.03028	0.02786	0.02180	0.02786	0.01938	0.02907	0.01453	0.01090	0.01090	0.00363	0.01453	0.00969	0.00484	0.01211
27	0.02420	0.02035	0.02214	0.02007	0.02534	0.02291	0.01552	0.04860	0.40459	0.04514	0.16899	0.05087	0.05068	0.01667	0.01154	0.00363	0.00776	0.01417	0.01132	0.01552
28	0.01480	0.01112	0.01369	0.01305	0.01590	0.01002	0.00979	0.01934	0.02936	0.04016	0.43494	0.08732	0.21320	0.02362	0.01287	0.00349	0.00524	0.02054	0.01153	0.01002
29	0.04145	0.03054	0.03272	0.02509	0.03381	0.03381	0.02072	0.51243	0.05127	0.06872	0.02618	0.02618	0.01854	0.01309	0.01091	0.00327	0.01200	0.00982	0.01091	0.01854
30	0.04145	0.03054	0.03272	0.02509	0.03381	0.03381	0.02072	0.51243	0.05127	0.06872	0.02618	0.02618	0.01854	0.01309	0.01091	0.00327	0.01200	0.00982	0.01091	0.01854
31	0.69383	0.02109	0.01603	0.01434	0.02109	0.02446	0.01181	0.03205	0.01856	0.04892	0.01518	0.01771	0.01181	0.01012	0.00675	0.00337	0.00843	0.00590	0.00675	0.01181
32	0.01353	0.01107	0.01194	0.01173	0.01512	0.00948	0.00879	0.01690	0.02638	0.03308	0.22049	0.09896	0.43207	0.02626	0.01288	0.00362	0.00543	0.02217	0.01060	0.00948
33	0.03514	0.02911	0.03946	0.02993	0.03883	0.03115	0.14441	0.31768	0.12183	0.05640	0.02807	0.02934	0.02041	0.01237	0.01144	0.00344	0.01308	0.01100	0.00957	0.01736
34	0.69383	0.02109	0.01603	0.01434	0.02109	0.02446	0.01181	0.03205	0.01856	0.04892	0.01518	0.01771	0.01181	0.01012	0.00675	0.00337	0.00843	0.00590	0.00675	0.01181
35	0.04892	0.01856	0.02530	0.01940	0.02783	0.01603	0.01603	0.05314	0.03121	0.55634	0.04302	0.03711	0.02699	0.01350	0.01096	0.00337	0.00928	0.01096	0.01350	0.01856
36	0.04145	0.03054	0.03272	0.02509	0.03381	0.03381	0.02072	0.51243	0.05127	0.06872	0.02618	0.02618	0.01854	0.01309	0.01091	0.00327	0.01200	0.00982	0.01091	0.01854
37	0.01560	0.01158	0.01700	0.01700	0.01877	0.01335	0.01298	0.01914	0.01737	0.02493	0.02968	0.04547	0.02840	0.13127	0.52567	0.01688	0.02748	0.01207	0.00591	0.00945
38	0.01558	0.01168	0.01752	0.01752	0.01947	0.01363	0.01363	0.01947	0.01752	0.02531	0.02921	0.04283	0.02726	0.08178	0.57360	0.01752	0.02921	0.01168	0.00584	0.00974
39	0.02405	0.04269	0.33768	0.02738	0.03936	0.02607	0.03071	0.04426	0.23336	0.03914	0.02988	0.03036	0.02191	0.01220	0.01066	0.00355	0.01300	0.00983	0.00730	0.01659
40	0.69383	0.02109	0.01603	0.01434	0.02109	0.02446	0.01181	0.03205	0.01856	0.04892	0.01518	0.01771	0.01181	0.01012	0.00675	0.00337	0.00843	0.00590	0.00675	0.01181
41	0.03660	0.02813	0.02999	0.02411	0.03197	0.03155	0.01955	0.35867	0.21293	0.06090	0.03234	0.03108	0.02353	0.01367	0.01097	0.00342	0.01086	0.01067	0.01097	0.01811
42	0.01540	0.01038	0.01203	0.01247	0.01259	0.01027	0.00723	0.01574	0.01674	0.02233	0.03891	0.16667	0.04539	0.51365	0.04814	0.00948	0.00982	0.01854	0.00723	0.00701
43	0.04145	0.03054	0.03272	0.02509	0.03381	0.03381	0.02072	0.51243	0.05127	0.06872	0.02618	0.02618	0.01854	0.01309	0.01091	0.00327	0.01200	0.00982	0.01091	0.01854
44	0.03507	0.04010	0.02830	0.02564	0.03148	0.34614	0.01948	0.04952	0.23796	0.03455	0.02829	0.02840	0.02204	0.01271	0.01036	0.00318	0.01508	0.00923	0.00789	0.01456
45	0.01381	0.01084	0.01249	0.01259	0.01542	0.00952	0.00925	0.01725	0.02629	0.03406	0.24973	0.17415	0.32214	0.02681	0.01304	0.00371	0.00552	0.02311	0.01076	0.00952
46	0.04106	0.02638	0.03601	0.02700	0.03605	0.02681	0.10785	0.27418	0.04001	0.22349	0.03099	0.03037	0.02097	0.01252	0.01128	0.00338	0.01226	0.01075	0.01078	0.01785
47	0.02059	0.01938	0.03270	0.59060	0.07510	0.02422	0.03028	0.02786	0.02180	0.02786	0.01938	0.02907	0.01453	0.01090	0.01090	0.00363	0.01453	0.00969	0.00484	0.01211
48	0.04097	0.04475	0.03151	0.02708	0.03374	0.39148	0.02095	0.20142	0.03776	0.04084	0.01999	0.02186	0.01556	0.01186	0.01019	0.00296	0.01708	0.00796	0.00740	0.01463
49	0.03467	0.12464	0.03186	0.02113	0.02938	0.12559	0.01740	0.11215	0.06961	0.12634	0.02524	0.02566	0.01896	0.01107	0.00938	0.00266	0.01162	0.00820	0.00825	0.18620

[dist]
# distance from previous block
# <min> <max>
0	1

[block]
# block no. 5 follows, 12 sequences, length 63
# corresponding to MSA columns:
# 307-369
name=unknown_F
#
# <colnr> <probs for GDERKNQSTAVLIFYWHMCP>
#	G	D	E	R	K	N	Q	S	T	A	V	L	I	F	Y	W	H	M	C	P
0	0.03612	0.11881	0.03505	0.08423	0.07776	0.12193	0.02139	0.15518	0.07829	0.12681	0.02622	0.02725	0.01932	0.01193	0.01016	0.00314	0.01283	0.00914	0.00845	0.01599
1	0.69383	0.02109	0.01603	0.01434	0.02109	0.02446	0.01181	0.03205	0.01856	0.04892	0.01518	0.01771	0.01181	0.01012	0.00675	0.00337	0.00843	0.00590	0.00675	0.01181
2	0.02735	0.32555	0.26559	0.02452	0.03663	0.03473	0.02793	0.08211	0.02547	0.03374	0.01812	0.02069	0.01438	0.01014	0.00880	0.00290	0.01356	0.00717	0.00527	0.01534
3	0.01558	0.01168	0.01752	0.01752	0.01947	0.01363	0.01363	0.01947	0.01752	0.02531	0.02921	0.04283	0.02726	0.08178	0.57360	0.01752	0.02921	0.01168	0.00584	0.00974
4	0.01451	0.01074	0.01354	0.01363	0.01592	0.00977	0.00992	0.01849	0.02752	0.03763	0.35798	0.21008	0.16805	0.02597	0.01311	0.00371	0.00549	0.02292	0.01125	0.00977
5	0.30707	0.01957	0.02159	0.01737	0.02513	0.01940	0.01434	0.04470	0.02614	0.35322	0.03187	0.02935	0.02091	0.01214	0.00928	0.00337	0.00894	0.00894	0.01079	0.01585
6	0.01457	0.01048	0.01381	0.01430	0.01610	0.00971	0.01022	0.01842	0.02687	0.03736	0.34972	0.29290	0.09057	0.02704	0.01328	0.00383	0.00562	0.02423	0.01125	0.00971
7	0.04145	0.03054	0.03272	0.02509	0.03381	0.03381	0.02072	0.51243	0.05127	0.06872	0.02618	0.02618	0.01854	0.01309	0.01091	0.00327	0.01200	0.00982	0.01091	0.01854
8	0.04214	0.02943	0.03204	0.02456	0.03326	0.03217	0.02029	0.47003	0.04941	0.11373	0.02773	0.02719	0.01932	0.01313	0.01091	0.00328	0.01175	0.00992	0.01115	0.01854
9	0.02059	0.01938	0.03270	0.59060	0.07510	0.02422	0.03028	0.02786	0.02180	0.02786	0.01938	0.02907	0.01453	0.01090	0.01090	0.00363	0.01453	0.00969	0.00484	0.01211
10	0.69383	0.02109	0.01603	0.01434	0.02109	0.02446	0.01181	0.03205	0.01856	0.04892	0.01518	0.01771	0.01181	0.01012	0.00675	0.00337	0.00843	0.00590	0.00675	0.01181
11	0.04073	0.05197	0.03090	0.02809	0.03371	0.57303	0.02107	0.04354	0.03090	0.02669	0.01685	0.01966	0.01404	0.01124	0.00983	0.00281	0.01966	0.00702	0.00562	0.01264
12	0.01586	0.01057	0.01189	0.01189	0.01189	0.01057	0.00661	0.01586	0.01586	0.02114	0.03436	0.07135	0.03964	0.61681	0.05550	0.01057	0.01057	0.01586	0.00661	0.00661
13	0.01570	0.01119	0.01501	0.01501	0.01608	0.01226	0.01049	0.01786	0.01678	0.02345	0.03151	0.05558	0.03279	0.32080	0.34213	0.01442	0.02088	0.01355	0.00618	0.00834
14	0.01719	0.01228	0.01714	0.01965	0.02200	0.01223	0.01692	0.02194	0.02473	0.03221	0.05794	0.16563	0.06357	0.03047	0.01496	0.00497	0.00971	0.43647	0.01005	0.00994
15	0.02954	0.02462	0.02602	0.02268	0.02927	0.02825	0.01784	0.13464	0.44846	0.04951	0.04131	0.03823	0.03080	0.01451	0.01106	0.00363	0.00920	0.01190	0.01106	0.01748
16	0.01894	0.00947	0.01420	0.01420	0.01420	0.00947	0.00947	0.01420	0.01420	0.01894	0.01894	0.03314	0.01894	0.03788	0.04261	0.68277	0.00947	0.00947	0.00473	0.00473
17	0.03722	0.02771	0.07834	0.08114	0.03691	0.02658	0.02179	0.23488	0.11338	0.18009	0.03187	0.03113	0.02206	0.01298	0.01090	0.00342	0.01144	0.01031	0.01039	0.01747
18	0.02261	0.01938	0.02261	0.01615	0.02584	0.01453	0.01292	0.02745	0.02261	0.03553	0.01938	0.02261	0.01615	0.00807	0.00807	0.00161	0.00807	0.00646	0.00646	0.68346
19	0.69383	0.02109	0.01603	0.01434	0.02109	0.02446	0.01181	0.03205	0.01856	0.04892	0.01518	0.01771	0.01181	0.01012	0.00675	0.00337	0.00843	0.00590	0.00675	0.01181
20	0.02574	0.02941	0.06434	0.04596	0.05699	0.02757	0.50919	0.03493	0.02574	0.03493	0.02206	0.02941	0.01654	0.00919	0.01287	0.00368	0.01838	0.01287	0.00551	0.01471
21	0.03806	0.02098	0.02498	0.02079	0.02809	0.02155	0.01664	0.05553	0.27928	0.30187	0.04370	0.03889	0.03013	0.01414	0.01103	0.00354	0.00895	0.01164	0.01230	0.01791
22	0.01560	0.01158	0.01700	0.01700	0.01877	0.01335	0.01298	0.01914	0.01737	0.02493	0.02968	0.04547	0.02840	0.13117	0.52577	0.01688	0.02749	0.01207	0.00591	0.00945
23	0.01894	0.00947	0.01420	0.01420	0.01420	0.00947	0.00947	0.01420	0.01420	0.01894	0.01894	0.03314	0.01894	0.03788	0.04261	0.68277	0.00947	0.00947	0.00473	0.00473
24	0.02432	0.02512	0.04891	0.08532	0.09193	0.02482	0.30516	0.03468	0.07631	0.03515	0.02943	0.04464	0.02521	0.01314	0.01269	0.00384	0.01535	0.08303	0.00671	0.01426
25	0.02261	0.01938	0.02261	0.01615	0.02584	0.01453	0.01292	0.02745	0.02261	0.03553	0.01938	0.02261	0.01615	0.00807	0.00807	0.00161	0.00807	0.00646	0.00646	0.68346
26	0.02385	0.02385	0.03340	0.02863	0.02863	0.03340	0.02385	0.02624	0.01670	0.02624	0.01431	0.02385	0.01431	0.01908	0.03578	0.00477	0.59685	0.00954	0.00477	0.01193
27	0.04073	0.05197	0.03090	0.02809	0.03371	0.57303	0.02107	0.04354	0.03090	0.02669	0.01685	0.01966	0.01404	0.01124	0.00983	0.00281	0.01966	0.00702	0.00562	0.01264
28	0.02059	0.01938	0.03270	0.59060	0.07510	0.02422	0.03028	0.02786	0.02180	0.02786	0.01938	0.02907	0.01453	0.01090	0.01090	0.00363	0.01453	0.00969	0.00484	0.01211
29	0.02786	0.02271	0.02537	0.01926	0.02816	0.02118	0.01549	0.14891	0.11049	0.04512	0.02501	0.02636	0.01947	0.01035	0.00924	0.00235	0.00911	0.00821	0.00827	0.41709
30	0.04278	0.02576	0.02944	0.02286	0.03126	0.02706	0.01879	0.31337	0.08617	0.23576	0.03361	0.03124	0.02276	0.01338	0.01094	0.00334	0.01076	0.01043	0.01182	0.01843
31	0.13563	0.02036	0.02333	0.01889	0.02666	0.02002	0.01525	0.04733	0.16085	0.26443	0.03560	0.03294	0.02474	0.01251	0.00993	0.00319	0.00879	0.00988	0.01077	0.11890
32	0.02059	0.01938	0.03270	0.59060	0.07510	0.02422	0.03028	0.02786	0.02180	0.02786	0.01938	0.02907	0.01453	0.01090	0.01090	0.00363	0.01453	0.00969	0.00484	0.01211
33	0.02059	0.01938	0.03270	0.59060	0.07510	0.02422	0.03028	0.02786	0.02180	0.02786	0.01938	0.02907	0.01453	0.01090	0.01090	0.00363	0.01453	0.00969	0.00484	0.01211
34	0.01430	0.01044	0.01345	0.01409	0.01595	0.00959	0.01004	0.01787	0.02613	0.03576	0.30109	0.30533	0.12999	0.02776	0.01331	0.00387	0.00567	0.02475	0.01104	0.00959
35	0.02574	0.02941	0.06434	0.04596	0.05699	0.02757	0.50919	0.03493	0.02574	0.03493	0.02206	0.02941	0.01654	0.00919	0.01287	0.00368	0.01838	0.01287	0.00551	0.01471
36	0.04102	0.04339	0.03163	0.02689	0.03375	0.35719	0.02093	0.23124	0.03905	0.04351	0.02059	0.02227	0.01585	0.01198	0.01026	0.00299	0.01659	0.00814	0.00774	0.01500
37	0.01757	0.01255	0.01757	0.02008	0.02259	0.01255	0.01757	0.02259	0.02510	0.03263	0.05773	0.12299	0.06275	0.03012	0.01506	0.00502	0.01004	0.47540	0.01004	0.01004
38	0.69383	0.02109	0.01603	0.01434	0.02109	0.02446	0.01181	0.03205	0.01856	0.04892	0.01518	0.01771	0.01181	0.01012	0.00675	0.00337	0.00843	0.00590	0.00675	0.01181
39	0.01762	0.01003	0.01371	0.01371	0.01388	0.01019	0.00886	0.01520	0.01504	0.02022	0.02497	0.04677	0.02658	0.23560	0.09189	0.40118	0.01151	0.01180	0.00546	0.00579
40	0.02451	0.02180	0.02788	0.24972	0.04706	0.02596	0.02247	0.04590	0.32603	0.03851	0.03437	0.03603	0.02578	0.01324	0.01102	0.00367	0.01099	0.01127	0.00859	0.01520
41	0.02336	0.02051	0.02634	0.02491	0.11604	0.01650	0.01646	0.02849	0.02299	0.03555	0.01957	0.02336	0.01634	0.00836	0.00854	0.00189	0.00892	0.00702	0.00628	0.56855
42	0.09419	0.36374	0.04530	0.02320	0.06798	0.03626	0.01934	0.12494	0.02823	0.07757	0.01980	0.02139	0.01590	0.01046	0.00831	0.00276	0.01134	0.00728	0.00677	0.01525
43	0.46115	0.02797	0.07471	0.01856	0.02646	0.07272	0.01660	0.07569	0.02388	0.08814	0.01895	0.02070	0.01400	0.01077	0.00808	0.00332	0.01057	0.00696	0.00733	0.01343
44	0.29498	0.02911	0.11034	0.08422	0.07848	0.02663	0.06351	0.11879	0.02657	0.04589	0.01927	0.02294	0.01445	0.01066	0.00931	0.00341	0.01208	0.00822	0.00676	0.01440
45	0.01383	0.01064	0.01265	0.01308	0.01554	0.00946	0.00945	0.01712	0.02569	0.03364	0.23707	0.23931	0.26781	0.02772	0.01317	0.00381	0.00563	0.02419	0.01074	0.00946
46	0.01894	0.00947	0.01420	0.01420	0.01420	0.00947	0.00947	0.01420	0.01420	0.01894	0.01894	0.03314	0.01894	0.03788	0.04261	0.68277	0.00947	0.00947	0.00473	0.00473
47	0.01740	0.02607	0.18720	0.02267	0.02934	0.01587	0.06473	0.02379	0.02351	0.03298	0.11796	0.29464	0.05373	0.02271	0.01256	0.00391	0.01027	0.02053	0.00828	0.01185
48	0.02349	0.01742	0.01991	0.01914	0.02329	0.01884	0.01429	0.04040	0.28204	0.08324	0.05055	0.26814	0.04828	0.02243	0.01221	0.00396	0.00776	0.01968	0.01092	0.01401
49	0.02712	0.02342	0.02465	0.02219	0.02835	0.02712	0.01726	0.05794	0.52909	0.04561	0.04438	0.04068	0.03328	0.01479	0.01109	0.00370	0.00863	0.01233	0.01109	0.01726
50	0.02230	0.02112	0.03579	0.45087	0.20150	0.02467	0.03113	0.02935	0.02261	0.02993	0.01968	0.02851	0.01527	0.01058	0.01087	0.00353	0.01411	0.00970	0.00499	0.01349
51	0.69383	0.02109	0.01603	0.01434	0.02109	0.02446	0.01181	0.03205	0.01856	0.04892	0.01518	0.01771	0.01181	0.01012	0.00675	0.00337	0.00843	0.00590	0.00675	0.01181
52	0.69383	0.02109	0.01603	0.01434	0.02109	0.02446	0.01181	0.03205	0.01856	0.04892	0.01518	0.01771	0.01181	0.01012	0.00675	0.00337	0.00843	0.00590	0.00675	0.01181
53	0.29522	0.38228	0.04068	0.01693	0.02522	0.03566	0.01592	0.03241	0.02071	0.03497	0.01517	0.01758	0.01312	0.00965	0.00690	0.00275	0.01037	0.00586	0.00550	0.01312
54	0.01421	0.01079	0.01308	0.01315	0.01570	0.00967	0.00962	0.01796	0.02701	0.03610	0.31170	0.19128	0.23752	0.02629	0.01307	0.00370	0.00549	0.02295	0.01104	0.00967
55	0.01508	0.01088	0.01501	0.01564	0.01681	0.01175	0.01113	0.01758	0.01796	0.02496	0.03798	0.18852	0.04115	0.19493	0.31544	0.01269	0.01925	0.01739	0.00707	0.00879
56	0.01567	0.01208	0.01816	0.01746	0.01930	0.01216	0.05111	0.01851	0.02000	0.02744	0.08008	0.24763	0.05057	0.17664	0.17257	0.00918	0.01429	0.02004	0.00795	0.00917
57	0.03569	0.02661	0.02890	0.02291	0.03036	0.02924	0.01865	0.38498	0.09637	0.06224	0.11351	0.03679	0.03399	0.01478	0.01125	0.00334	0.01052	0.01171	0.01111	0.01705
58	0.02986	0.24660	0.12206	0.02381	0.03375	0.11121	0.06123	0.03542	0.02468	0.07114	0.01959	0.02209	0.01558	0.00986	0.00892	0.00264	0.01326	0.00744	0.00588	0.13498
59	0.07931	0.12874	0.20746	0.02350	0.03319	0.02756	0.02430	0.07816	0.14635	0.03916	0.02915	0.08574	0.02468	0.01389	0.01012	0.00341	0.01165	0.01103	0.00744	0.01517
60	0.03184	0.12716	0.03205	0.02378	0.07436	0.02583	0.01795	0.15632	0.07180	0.12311	0.08183	0.03882	0.07071	0.01398	0.01036	0.00308	0.00989	0.01122	0.00943	0.06649
61	0.51794	0.02182	0.01902	0.01641	0.02341	0.02468	0.01342	0.07324	0.07399	0.09610	0.02151	0.02245	0.01588	0.01113	0.00789	0.00340	0.00880	0.00731	0.00812	0.01349
62	0.01590	0.01955	0.10818	0.02019	0.02499	0.01354	0.06541	0.02047	0.02244	0.02995	0.05860	0.36298	0.14180	0.02651	0.01304	0.00406	0.00902	0.02393	0.00874	0.01071

[dist]
# distance from previous block
# <min> <max>
0	4

[block]
# block no. 6 follows, 12 sequences, length 22
# corresponding to MSA columns:
# 374-395
name=unknown_G
#
# <colnr> <probs for GDERKNQSTAVLIFYWHMCP>
#	G	D	E	R	K	N	Q	S	T	A	V	L	I	F	Y	W	H	M	C	P
0	0.14352	0.24165	0.17126	0.02253	0.03298	0.03332	0.02341	0.14323	0.02845	0.04175	0.01880	0.02092	0.01462	0.01059	0.00870	0.00301	0.01231	0.00732	0.00644	0.01520
1	0.02764	0.12829	0.17287	0.08638	0.25318	0.02746	0.03089	0.03503	0.02432	0.08265	0.02147	0.02559	0.01659	0.01027	0.01010	0.00319	0.01331	0.00879	0.00581	0.01618
2	0.01586	0.01057	0.01189	0.01189	0.01189	0.01057	0.00661	0.01586	0.01586	0.02114	0.03436	0.07135	0.03964	0.61681	0.05550	0.01057	0.01057	0.01586	0.00661	0.00661
3	0.09350	0.12978	0.12170	0.02682	0.07768	0.07038	0.02283	0.14878	0.08227	0.04383	0.06064	0.02853	0.02359	0.01215	0.00985	0.00318	0.01210	0.00926	0.00766	0.01547
4	0.02545	0.09555	0.30730	0.03438	0.04759	0.02837	0.19143	0.07504	0.02624	0.03677	0.02056	0.02491	0.01513	0.01011	0.01094	0.00341	0.01612	0.00960	0.00544	0.01567
5	0.25923	0.01854	0.02025	0.01694	0.02359	0.01883	0.01371	0.04077	0.06945	0.25222	0.12046	0.03855	0.03556	0.01399	0.00988	0.00341	0.00822	0.01089	0.01075	0.01473
6	0.02718	0.02689	0.03960	0.14063	0.38573	0.07217	0.03048	0.03562	0.06957	0.03455	0.02214	0.02790	0.01799	0.01048	0.01076	0.00330	0.01338	0.00971	0.00584	0.01608
7	0.01320	0.01076	0.01137	0.01178	0.01466	0.00927	0.00843	0.01559	0.02345	0.02849	0.09592	0.18251	0.42593	0.07905	0.01670	0.00439	0.00608	0.02367	0.00982	0.00893
8	0.41405	0.03117	0.02188	0.01942	0.02595	0.20715	0.01531	0.03790	0.02389	0.08973	0.01839	0.02021	0.01400	0.01082	0.00818	0.00318	0.01227	0.00676	0.00701	0.01273
9	0.04145	0.03054	0.03272	0.02509	0.03381	0.03381	0.02072	0.51243	0.05127	0.06872	0.02618	0.02618	0.01854	0.01309	0.01091	0.00327	0.01200	0.00982	0.01091	0.01854
10	0.02059	0.01938	0.03270	0.59060	0.07510	0.02422	0.03028	0.02786	0.02180	0.02786	0.01938	0.02907	0.01453	0.01090	0.01090	0.00363	0.01453	0.00969	0.00484	0.01211
11	0.69383	0.02109	0.01603	0.01434	0.02109	0.02446	0.01181	0.03205	0.01856	0.04892	0.01518	0.01771	0.01181	0.01012	0.00675	0.00337	0.00843	0.00590	0.00675	0.01181
12	0.01583	0.01068	0.01247	0.01247	0.01267	0.01088	0.00733	0.01623	0.01603	0.02157	0.03383	0.06843	0.03837	0.56202	0.10855	0.01128	0.01248	0.01543	0.00653	0.00693
13	0.69383	0.02109	0.01603	0.01434	0.02109	0.02446	0.01181	0.03205	0.01856	0.04892	0.01518	0.01771	0.01181	0.01012	0.00675	0.00337	0.00843	0.00590	0.00675	0.01181
14	0.01305	0.01041	0.01171	0.01275	0.01517	0.00906	0.00904	0.01546	0.02322	0.02879	0.08976	0.31241	0.35025	0.03030	0.01331	0.00399	0.00585	0.02629	0.01012	0.00906
15	0.01328	0.00949	0.01265	0.01518	0.01581	0.00886	0.01012	0.01518	0.02088	0.02783	0.06010	0.60969	0.07212	0.03416	0.01392	0.00443	0.00633	0.03100	0.01012	0.00886
16	0.02915	0.62337	0.05714	0.01866	0.02799	0.04314	0.01866	0.03265	0.02215	0.02565	0.01516	0.01749	0.01399	0.00933	0.00700	0.00233	0.01166	0.00583	0.00466	0.01399
17	0.01412	0.01045	0.01318	0.01386	0.01583	0.00951	0.00988	0.01752	0.02573	0.03476	0.27074	0.30258	0.16554	0.02808	0.01330	0.00388	0.00569	0.02492	0.01091	0.00951
18	0.42082	0.02537	0.02408	0.02592	0.11373	0.07046	0.01741	0.07356	0.06459	0.04614	0.01947	0.02199	0.01520	0.01076	0.00837	0.00332	0.01042	0.00748	0.00711	0.01379
19	0.02298	0.01489	0.01750	0.01569	0.01820	0.01556	0.01093	0.10655	0.02357	0.07349	0.03283	0.05625	0.03300	0.37931	0.12417	0.00978	0.01360	0.01376	0.00780	0.01015
20	0.02841	0.06793	0.03129	0.12714	0.12198	0.08023	0.02169	0.07389	0.10630	0.08065	0.11465	0.03808	0.03420	0.01355	0.01086	0.00331	0.01145	0.01137	0.00837	0.01467
