[name]
unknown

[dist]
# distance from previous block
# <min> <max>
3	128

[block]
# block no. 0 follows, 11 sequences, length 6
# corresponding to MSA columns:
# 155-160
name=unknown_A
#
# <colnr> <probs for GDERKNQSTAVLIFYWHMCP>
#	G	D	E	R	K	N	Q	S	T	A	V	L	I	F	Y	W	H	M	C	P
0	0.15781	0.01598	0.01928	0.01921	0.05678	0.01604	0.01275	0.02985	0.02106	0.15181	0.02980	0.04395	0.02665	0.20277	0.03067	0.12455	0.01014	0.01150	0.00810	0.01128
1	0.01623	0.01124	0.01387	0.01370	0.01459	0.01143	0.00888	0.01801	0.01974	0.02721	0.13189	0.07039	0.05151	0.39544	0.13953	0.01075	0.01329	0.01638	0.00778	0.00816
2	0.03071	0.12892	0.03529	0.02374	0.03098	0.02768	0.06479	0.10065	0.15657	0.10558	0.03236	0.03454	0.02500	0.02694	0.11920	0.00628	0.01521	0.01092	0.00891	0.01575
3	0.02755	0.02165	0.02948	0.26788	0.05061	0.02372	0.02313	0.07406	0.12311	0.08801	0.02807	0.03176	0.02073	0.01196	0.01077	0.00333	0.01185	0.01008	0.00795	0.13430
4	0.01623	0.01189	0.01474	0.01593	0.01777	0.01142	0.01116	0.05579	0.02536	0.03363	0.10002	0.45799	0.12203	0.03181	0.01391	0.00431	0.00683	0.02842	0.01066	0.01012
5	0.01883	0.01507	0.02008	0.01755	0.02259	0.01442	0.01379	0.02322	0.02008	0.03012	0.02631	0.03631	0.02380	0.05561	0.35106	0.01187	0.02189	0.01002	0.00627	0.26112

[dist]
# distance from previous block
# <min> <max>
0	1

[block]
# block no. 1 follows, 11 sequences, length 48
# corresponding to MSA columns:
# 162-209
name=unknown_B
#
# <colnr> <probs for GDERKNQSTAVLIFYWHMCP>
#	G	D	E	R	K	N	Q	S	T	A	V	L	I	F	Y	W	H	M	C	P
0	0.02787	0.07051	0.09722	0.31817	0.05981	0.02545	0.07502	0.03536	0.02483	0.12239	0.02436	0.02990	0.01739	0.01137	0.01109	0.00358	0.01439	0.01007	0.00663	0.01460
1	0.01707	0.01352	0.02000	0.01942	0.02120	0.01644	0.01530	0.02091	0.01799	0.02624	0.02836	0.04194	0.02658	0.07688	0.49897	0.01656	0.09460	0.01180	0.00590	0.01031
2	0.01773	0.01069	0.01482	0.01482	0.01532	0.01119	0.00998	0.01654	0.01603	0.02188	0.02693	0.04841	0.02804	0.21796	0.17784	0.31176	0.01524	0.01230	0.00575	0.00676
3	0.08517	0.03612	0.19460	0.03128	0.08425	0.07334	0.02798	0.03135	0.02212	0.03317	0.02296	0.09035	0.02160	0.01611	0.01825	0.00398	0.17620	0.01138	0.00584	0.01393
4	0.21791	0.08299	0.26349	0.02398	0.03588	0.02556	0.02694	0.03821	0.02389	0.13024	0.02290	0.02437	0.01612	0.01112	0.00947	0.00344	0.01274	0.00804	0.00704	0.01564
5	0.02648	0.02534	0.04320	0.17496	0.43911	0.02638	0.03386	0.03334	0.02498	0.03510	0.02093	0.02830	0.01724	0.01028	0.01117	0.00343	0.01371	0.01002	0.00545	0.01672
6	0.68395	0.02177	0.01654	0.01480	0.02177	0.02525	0.01219	0.03309	0.01915	0.05050	0.01567	0.01828	0.01219	0.01045	0.00697	0.00348	0.00871	0.00609	0.00697	0.01219
7	0.01576	0.01089	0.01348	0.01403	0.01453	0.01111	0.00888	0.01689	0.01776	0.02404	0.04004	0.17739	0.04560	0.39240	0.13870	0.01088	0.01346	0.01885	0.00743	0.00788
8	0.02475	0.02065	0.06194	0.06928	0.03006	0.01980	0.01825	0.08307	0.11947	0.07363	0.06851	0.10471	0.03590	0.03181	0.11185	0.07634	0.01377	0.01410	0.00884	0.01328
9	0.10185	0.01528	0.01674	0.01479	0.01923	0.01551	0.01159	0.07958	0.02977	0.09675	0.19094	0.05066	0.05045	0.01609	0.01020	0.00318	0.00688	0.01317	0.24480	0.01253
10	0.02266	0.01501	0.02081	0.01768	0.02304	0.01331	0.06700	0.02697	0.02674	0.12447	0.07910	0.08097	0.29586	0.02223	0.01253	0.00371	0.00821	0.04835	0.07927	0.01206
11	0.01602	0.01212	0.01496	0.01542	0.01776	0.01172	0.01110	0.02248	0.07749	0.03713	0.24480	0.29317	0.12763	0.02779	0.01354	0.00402	0.00623	0.02468	0.01130	0.01065
12	0.02425	0.01990	0.02142	0.01946	0.02470	0.02166	0.01499	0.09403	0.27051	0.04431	0.09579	0.11750	0.14341	0.02053	0.01226	0.00382	0.00813	0.01735	0.01119	0.01478
13	0.04362	0.02732	0.03083	0.02395	0.03263	0.02904	0.01968	0.33059	0.08940	0.20302	0.03370	0.03162	0.02303	0.01379	0.01129	0.00345	0.01127	0.01071	0.01204	0.01902
14	0.15984	0.02146	0.03359	0.40471	0.06395	0.02542	0.07568	0.03042	0.02223	0.03405	0.01939	0.02760	0.01463	0.01090	0.01057	0.00370	0.01411	0.00953	0.00548	0.01272
15	0.01948	0.01217	0.01606	0.01495	0.01807	0.01112	0.01125	0.02435	0.03088	0.09769	0.42926	0.12999	0.09451	0.02324	0.01317	0.00364	0.00590	0.02052	0.01237	0.01140
16	0.02196	0.01220	0.01631	0.01618	0.01904	0.01107	0.01176	0.02531	0.02649	0.14001	0.18148	0.34521	0.07312	0.02758	0.01344	0.00407	0.00684	0.02461	0.01169	0.01162
17	0.04204	0.05364	0.03190	0.02900	0.03480	0.55926	0.02175	0.04494	0.03190	0.02755	0.01740	0.02030	0.01450	0.01160	0.01015	0.00290	0.02030	0.00725	0.00580	0.01305
18	0.01822	0.01105	0.01478	0.01603	0.01782	0.01015	0.01117	0.02079	0.02381	0.09011	0.10625	0.48114	0.07217	0.03156	0.01390	0.00434	0.00676	0.02843	0.01105	0.01045
19	0.01502	0.00992	0.01260	0.01474	0.01575	0.00938	0.00998	0.01757	0.02192	0.03111	0.05748	0.49730	0.06625	0.03128	0.01320	0.00422	0.00630	0.02813	0.12847	0.00938
20	0.03816	0.02004	0.02417	0.02005	0.02735	0.01980	0.01607	0.05211	0.20293	0.30628	0.05301	0.04777	0.08859	0.01610	0.01160	0.00364	0.00889	0.01327	0.01264	0.01755
21	0.01371	0.00979	0.01306	0.01567	0.01632	0.00914	0.01045	0.01567	0.02155	0.02873	0.06203	0.59710	0.07444	0.03526	0.01437	0.00457	0.00653	0.03200	0.01045	0.00914
22	0.26874	0.08235	0.02547	0.01822	0.02550	0.02371	0.01510	0.08851	0.02760	0.20193	0.03132	0.09288	0.02535	0.01468	0.00969	0.00349	0.00948	0.01118	0.00980	0.01501
23	0.01925	0.01316	0.01462	0.01376	0.01474	0.01353	0.00841	0.06875	0.02035	0.02718	0.03454	0.06857	0.03854	0.54000	0.05227	0.01009	0.01107	0.01569	0.00730	0.00816
24	0.02800	0.02418	0.02545	0.02291	0.02927	0.02800	0.01782	0.05981	0.51390	0.04708	0.04581	0.04199	0.03436	0.01527	0.01145	0.00382	0.00891	0.01273	0.01145	0.01782
25	0.01800	0.01227	0.01389	0.01301	0.01707	0.01054	0.00993	0.02161	0.02788	0.08979	0.20738	0.09478	0.37175	0.02558	0.01308	0.00370	0.00603	0.02157	0.01130	0.01083
26	0.07680	0.01435	0.01866	0.01623	0.02027	0.01352	0.01218	0.03147	0.02444	0.21033	0.12175	0.04749	0.03978	0.08172	0.02563	0.20240	0.00893	0.01263	0.00977	0.01166
27	0.01576	0.01117	0.01390	0.01529	0.01653	0.01079	0.01091	0.01793	0.02123	0.02768	0.05728	0.23725	0.10757	0.23857	0.03002	0.00693	0.00900	0.13441	0.00912	0.00866
28	0.04279	0.03153	0.03378	0.02590	0.03490	0.03490	0.02139	0.49671	0.05292	0.07093	0.02702	0.02702	0.01914	0.01351	0.01126	0.00338	0.01239	0.01013	0.01126	0.01914
29	0.36300	0.02151	0.02118	0.01801	0.02536	0.02329	0.01463	0.04498	0.12600	0.19282	0.03031	0.02905	0.02137	0.01247	0.00917	0.00355	0.00900	0.00900	0.00993	0.01539
30	0.01932	0.01132	0.01416	0.01438	0.01550	0.01084	0.00925	0.02004	0.01959	0.07838	0.04385	0.23760	0.04885	0.31383	0.03746	0.05862	0.00926	0.02043	0.00860	0.00872
31	0.01367	0.00996	0.01289	0.01525	0.01621	0.00918	0.01026	0.01572	0.02196	0.02890	0.06722	0.54832	0.11988	0.03459	0.01426	0.00449	0.00645	0.03117	0.01045	0.00918
32	0.01371	0.00979	0.01306	0.01567	0.01632	0.00914	0.01045	0.01567	0.02155	0.02873	0.06203	0.59710	0.07444	0.03526	0.01437	0.00457	0.00653	0.03200	0.01045	0.00914
33	0.01371	0.00979	0.01306	0.01567	0.01632	0.00914	0.01045	0.01567	0.02155	0.02873	0.06203	0.59710	0.07444	0.03526	0.01437	0.00457	0.00653	0.03200	0.01045	0.00914
34	0.08924	0.01493	0.01766	0.01656	0.01918	0.01653	0.01211	0.07560	0.02163	0.03235	0.03018	0.05011	0.03003	0.25579	0.25700	0.01226	0.01890	0.01276	0.00702	0.01017
35	0.01571	0.01133	0.01485	0.01431	0.01677	0.01047	0.01060	0.02068	0.03083	0.04350	0.48176	0.13528	0.10303	0.02423	0.01338	0.00364	0.00543	0.02152	0.01220	0.01047
36	0.03321	0.41357	0.05052	0.02571	0.06873	0.18485	0.02110	0.03686	0.02556	0.02755	0.01655	0.01941	0.01471	0.01020	0.00832	0.00261	0.01441	0.00666	0.00514	0.01432
37	0.01827	0.01043	0.01486	0.01486	0.01525	0.01082	0.01004	0.01604	0.01565	0.02125	0.02464	0.04370	0.02530	0.15623	0.14588	0.41964	0.01392	0.01148	0.00548	0.00625
38	0.12312	0.13036	0.03900	0.12764	0.04166	0.03084	0.07626	0.12902	0.02935	0.09192	0.02241	0.02608	0.01686	0.01201	0.01212	0.00346	0.05600	0.00927	0.00748	0.01512
39	0.10118	0.01579	0.01990	0.01714	0.02239	0.01558	0.01353	0.03653	0.02466	0.24829	0.03591	0.04145	0.02761	0.08637	0.15953	0.00792	0.01454	0.01133	0.08647	0.01388
40	0.01371	0.00979	0.01306	0.01567	0.01632	0.00914	0.01045	0.01567	0.02155	0.02873	0.06203	0.59710	0.07444	0.03526	0.01437	0.00457	0.00653	0.03200	0.01045	0.00914
41	0.02669	0.02482	0.03966	0.27284	0.05673	0.02933	0.10946	0.11215	0.02748	0.03713	0.02064	0.02842	0.01605	0.01310	0.01696	0.00394	0.13372	0.01057	0.00621	0.01410
42	0.10230	0.03013	0.08128	0.02340	0.03189	0.07256	0.02040	0.12847	0.17078	0.17144	0.03399	0.03228	0.02402	0.01335	0.01074	0.00352	0.01147	0.01032	0.01039	0.01728
43	0.02445	0.04590	0.34763	0.03305	0.04656	0.02696	0.12141	0.04076	0.12641	0.03810	0.02602	0.02880	0.01897	0.01142	0.01134	0.00366	0.01546	0.01017	0.00632	0.01661
44	0.02098	0.01049	0.01049	0.01049	0.01311	0.01049	0.00787	0.02623	0.02360	0.04196	0.03672	0.04196	0.02885	0.01311	0.00787	0.00262	0.00525	0.01049	0.66693	0.01049
45	0.03102	0.01450	0.01894	0.01698	0.02199	0.01270	0.01300	0.03426	0.02731	0.27151	0.06280	0.24766	0.13204	0.02400	0.01274	0.00392	0.00782	0.02079	0.01209	0.01393
46	0.02725	0.03260	0.18450	0.07385	0.12641	0.02327	0.07124	0.07466	0.02837	0.09413	0.07741	0.07673	0.03077	0.01419	0.01170	0.00361	0.01314	0.01266	0.00776	0.01574
47	0.03047	0.19155	0.08920	0.03665	0.16084	0.14513	0.05706	0.03608	0.02589	0.03186	0.01877	0.02292	0.01571	0.01010	0.00968	0.00286	0.01462	0.00806	0.00547	0.08708

[dist]
# distance from previous block
# <min> <max>
0	10

[block]
# block no. 2 follows, 11 sequences, length 16
# corresponding to MSA columns:
# 234-249
name=unknown_C
#
# <colnr> <probs for GDERKNQSTAVLIFYWHMCP>
#	G	D	E	R	K	N	Q	S	T	A	V	L	I	F	Y	W	H	M	C	P
0	0.16770	0.32593	0.19022	0.02200	0.03308	0.03511	0.02418	0.03413	0.02233	0.03425	0.01696	0.01975	0.01391	0.01011	0.00817	0.00297	0.01265	0.00670	0.00526	0.01459
1	0.02773	0.09522	0.08653	0.14168	0.04416	0.02984	0.06097	0.09184	0.21971	0.04139	0.03064	0.03246	0.02309	0.01269	0.01097	0.00357	0.01246	0.01072	0.00821	0.01613
2	0.02098	0.01049	0.01049	0.01049	0.01311	0.01049	0.00787	0.02623	0.02360	0.04196	0.03672	0.04196	0.02885	0.01311	0.00787	0.00262	0.00525	0.01049	0.66693	0.01049
3	0.02955	0.55331	0.05656	0.02027	0.02895	0.04354	0.01979	0.03305	0.02231	0.02654	0.01556	0.01870	0.01448	0.01062	0.01016	0.00266	0.06849	0.00640	0.00483	0.01423
4	0.01361	0.01123	0.01195	0.01216	0.01549	0.00957	0.00897	0.01660	0.02580	0.03167	0.14913	0.16195	0.43550	0.02873	0.01342	0.00386	0.00576	0.02436	0.01064	0.00957
5	0.02487	0.01503	0.01919	0.01841	0.02154	0.01509	0.01396	0.10331	0.02719	0.09340	0.04397	0.23988	0.04572	0.02938	0.02042	0.15691	0.00917	0.08166	0.00970	0.01120
6	0.02570	0.03161	0.18301	0.29470	0.05838	0.02468	0.03121	0.03703	0.07547	0.09155	0.02556	0.03037	0.01829	0.01182	0.01112	0.00367	0.01422	0.00994	0.00663	0.01504
7	0.02798	0.30404	0.03805	0.01751	0.02446	0.02798	0.01570	0.03232	0.02754	0.11038	0.20684	0.04515	0.04990	0.01515	0.01004	0.00298	0.00922	0.01204	0.00894	0.01375
8	0.03698	0.01596	0.02116	0.01774	0.02390	0.01429	0.01446	0.04171	0.03026	0.33243	0.12767	0.05595	0.04527	0.01717	0.01160	0.00355	0.00831	0.05960	0.10646	0.01554
9	0.01748	0.01360	0.01587	0.01558	0.01853	0.01360	0.01134	0.02650	0.12282	0.03782	0.22914	0.18169	0.14980	0.07440	0.01689	0.00447	0.00681	0.02140	0.01102	0.01124
10	0.02083	0.13386	0.02866	0.09027	0.07967	0.02126	0.01640	0.02428	0.02175	0.02887	0.09795	0.05131	0.03822	0.22235	0.07360	0.00710	0.01275	0.01305	0.00679	0.01102
11	0.02998	0.02271	0.03190	0.18178	0.12773	0.02418	0.02467	0.13968	0.03158	0.09212	0.02989	0.04304	0.02495	0.01442	0.01161	0.00360	0.01236	0.07387	0.00834	0.07161
12	0.02706	0.02982	0.07696	0.20832	0.05016	0.08209	0.06773	0.07739	0.02524	0.03346	0.01906	0.02660	0.01541	0.01396	0.01933	0.00399	0.19417	0.00984	0.00572	0.01371
13	0.02352	0.02066	0.02493	0.01851	0.02708	0.01778	0.01495	0.02816	0.02247	0.03531	0.01926	0.02352	0.01640	0.00996	0.01242	0.00213	0.09044	0.00712	0.00642	0.57896
14	0.01543	0.01158	0.01526	0.01617	0.01835	0.01069	0.01139	0.01812	0.02130	0.02949	0.05140	0.43488	0.05947	0.03856	0.09280	0.00612	0.01022	0.02549	0.00927	0.10402
15	0.02654	0.02450	0.08694	0.13177	0.08471	0.02163	0.09164	0.07728	0.02746	0.09887	0.03505	0.17587	0.03276	0.01757	0.01229	0.00384	0.01250	0.01614	0.00825	0.01439

[dist]
# distance from previous block
# <min> <max>
0	2

[block]
# block no. 3 follows, 11 sequences, length 78
# corresponding to MSA columns:
# 252-329
name=unknown_D
#
# <colnr> <probs for GDERKNQSTAVLIFYWHMCP>
#	G	D	E	R	K	N	Q	S	T	A	V	L	I	F	Y	W	H	M	C	P
0	0.19700	0.19580	0.03463	0.02059	0.02670	0.03218	0.01790	0.09132	0.02420	0.03856	0.01909	0.02419	0.01651	0.02286	0.09241	0.00550	0.11255	0.00811	0.00641	0.01348
1	0.34603	0.02175	0.02691	0.23558	0.11032	0.02535	0.02237	0.03163	0.02128	0.04044	0.01804	0.02399	0.01400	0.01070	0.00914	0.00357	0.01171	0.00810	0.00604	0.01305
2	0.25535	0.01922	0.02049	0.09062	0.02904	0.02153	0.01529	0.10663	0.02568	0.04290	0.03127	0.16340	0.03154	0.08215	0.01554	0.00457	0.00990	0.01452	0.00825	0.01213
3	0.07281	0.01660	0.01751	0.01637	0.01985	0.01795	0.01173	0.03364	0.19621	0.03642	0.09804	0.06261	0.09238	0.22809	0.02790	0.00630	0.00890	0.01543	0.00944	0.01183
4	0.01954	0.01246	0.01628	0.01538	0.01866	0.01116	0.01140	0.02381	0.02847	0.09304	0.31291	0.21494	0.08275	0.02433	0.01301	0.00368	0.00632	0.02159	0.01161	0.05865
5	0.02528	0.01683	0.02468	0.10493	0.09607	0.01778	0.01840	0.07488	0.02387	0.07708	0.02801	0.08974	0.02560	0.02964	0.06820	0.23547	0.01262	0.01244	0.00714	0.01134
6	0.03588	0.23800	0.04010	0.02478	0.03196	0.30497	0.02031	0.04338	0.10143	0.03013	0.02108	0.02281	0.01747	0.01148	0.00935	0.00287	0.01579	0.00766	0.00632	0.01424
7	0.08058	0.01769	0.02096	0.01908	0.02409	0.01801	0.01498	0.09491	0.08325	0.15076	0.08987	0.19868	0.04963	0.02210	0.01242	0.00398	0.00869	0.06494	0.01131	0.01407
8	0.01436	0.01055	0.01347	0.01463	0.01633	0.00966	0.01025	0.01750	0.02535	0.03415	0.21652	0.37038	0.14435	0.03049	0.01388	0.00414	0.00603	0.02723	0.01106	0.00966
9	0.02686	0.01697	0.02171	0.07866	0.02835	0.01698	0.01546	0.10199	0.03356	0.13807	0.26286	0.06318	0.11060	0.01910	0.01238	0.00355	0.00831	0.01629	0.01149	0.01363
10	0.01792	0.01288	0.01558	0.01522	0.01803	0.01283	0.01126	0.02642	0.09829	0.04197	0.30801	0.16728	0.07981	0.02286	0.01250	0.00365	0.00605	0.02011	0.09796	0.01137
11	0.02795	0.01942	0.02234	0.02038	0.02562	0.02056	0.01654	0.14457	0.12518	0.08523	0.05023	0.11127	0.07639	0.02122	0.01252	0.00400	0.00942	0.12738	0.06537	0.01441
12	0.01608	0.01206	0.01809	0.01809	0.02010	0.01407	0.01407	0.02010	0.01809	0.02613	0.03015	0.04422	0.02814	0.08441	0.55984	0.01809	0.03015	0.01206	0.00603	0.01005
13	0.01391	0.01015	0.01310	0.01505	0.01626	0.00934	0.01026	0.01633	0.02312	0.03071	0.11879	0.48863	0.12648	0.03320	0.01413	0.00438	0.00631	0.02984	0.01066	0.00934
14	0.09542	0.01569	0.01943	0.01791	0.02274	0.01513	0.01392	0.03532	0.06156	0.21264	0.08920	0.22257	0.05098	0.02253	0.01236	0.00399	0.00819	0.05510	0.01154	0.01378
15	0.01379	0.01060	0.01263	0.01387	0.01595	0.00944	0.00974	0.01645	0.02423	0.03112	0.13175	0.35442	0.25289	0.03136	0.01384	0.00416	0.00608	0.02759	0.01066	0.00944
16	0.02174	0.01192	0.01376	0.01295	0.01460	0.01157	0.00830	0.02331	0.01983	0.09407	0.03688	0.06295	0.03690	0.41387	0.04180	0.00835	0.00965	0.01458	0.13383	0.00914
17	0.03690	0.02563	0.02850	0.02276	0.03026	0.02765	0.01847	0.30593	0.10750	0.11493	0.12081	0.04041	0.03763	0.01548	0.01165	0.00348	0.01036	0.01243	0.01178	0.01745
18	0.02756	0.01375	0.01842	0.01665	0.02090	0.01231	0.01267	0.03162	0.02917	0.21660	0.22963	0.20797	0.06979	0.02314	0.01288	0.00380	0.00715	0.02033	0.01241	0.01324
19	0.01608	0.01206	0.01809	0.01809	0.02010	0.01407	0.01407	0.02010	0.01809	0.02613	0.03015	0.04422	0.02814	0.08441	0.55984	0.01809	0.03015	0.01206	0.00603	0.01005
20	0.01802	0.00993	0.01373	0.01435	0.01473	0.00978	0.00953	0.01602	0.01720	0.02381	0.03243	0.17217	0.03517	0.08274	0.03499	0.40226	0.00871	0.01567	0.06220	0.00653
21	0.08794	0.01285	0.01466	0.01520	0.01776	0.01307	0.01100	0.02416	0.06820	0.03819	0.15878	0.29529	0.06545	0.02511	0.01221	0.00390	0.00653	0.02201	0.09693	0.01076
22	0.01813	0.01029	0.01496	0.01505	0.01572	0.01032	0.01043	0.01634	0.01821	0.02490	0.10091	0.09029	0.03817	0.04133	0.09352	0.44358	0.01107	0.01349	0.00661	0.00668
23	0.04136	0.03243	0.02980	0.02465	0.03226	0.15569	0.01960	0.19340	0.13845	0.16620	0.03267	0.03115	0.02322	0.01351	0.01105	0.00338	0.01291	0.01025	0.01061	0.01740
24	0.02323	0.01237	0.01659	0.01656	0.01950	0.01119	0.01200	0.02623	0.02558	0.15956	0.11892	0.38957	0.06694	0.02830	0.01346	0.00416	0.00713	0.02528	0.01158	0.01185
25	0.04066	0.01847	0.02363	0.01909	0.02646	0.01700	0.01543	0.04890	0.10090	0.37827	0.09161	0.04966	0.08568	0.01634	0.01170	0.00357	0.00874	0.01352	0.01310	0.01729
26	0.02311	0.02255	0.03415	0.27506	0.05105	0.03023	0.02760	0.02784	0.01960	0.02784	0.01712	0.02704	0.01488	0.01591	0.02543	0.00440	0.32892	0.00992	0.00496	0.01240
27	0.01423	0.01015	0.01352	0.01559	0.01632	0.00985	0.01047	0.01621	0.02066	0.02776	0.05596	0.48555	0.06614	0.09768	0.07685	0.00665	0.00949	0.02830	0.00961	0.00901
28	0.02670	0.01369	0.01805	0.01596	0.02004	0.01238	0.01206	0.03079	0.02923	0.19827	0.27411	0.11997	0.07103	0.08522	0.01760	0.00444	0.00740	0.01823	0.01207	0.01276
29	0.02326	0.01968	0.02565	0.02320	0.02581	0.02388	0.01907	0.07487	0.06987	0.03775	0.12180	0.05831	0.04418	0.02656	0.06493	0.00551	0.21650	0.09790	0.00863	0.01264
30	0.02757	0.42575	0.22236	0.02356	0.03554	0.03837	0.02675	0.03435	0.02317	0.02955	0.01717	0.01997	0.01438	0.00999	0.00839	0.00280	0.01358	0.00679	0.00479	0.01518
31	0.01750	0.01127	0.01476	0.01508	0.01709	0.01043	0.01066	0.02085	0.02615	0.07191	0.25141	0.30140	0.08145	0.07572	0.01724	0.00459	0.00661	0.02440	0.01120	0.01028
32	0.02695	0.02112	0.03347	0.33030	0.14745	0.02279	0.02738	0.03352	0.02459	0.10519	0.02373	0.02993	0.01759	0.01103	0.01086	0.00336	0.01305	0.00976	0.00661	0.10132
33	0.08053	0.18530	0.21061	0.02245	0.03436	0.02727	0.02442	0.03262	0.02301	0.03487	0.01858	0.02170	0.01490	0.00965	0.00874	0.00266	0.01215	0.00702	0.00556	0.22362
34	0.01867	0.01148	0.01555	0.01720	0.01914	0.01074	0.01271	0.02156	0.02362	0.08613	0.05959	0.43836	0.06732	0.03206	0.01428	0.00458	0.00766	0.11805	0.01081	0.01049
35	0.03425	0.01783	0.02645	0.20799	0.04311	0.01813	0.02047	0.03925	0.02709	0.27963	0.03919	0.13196	0.03155	0.01671	0.01182	0.00376	0.01089	0.01444	0.01031	0.01517
36	0.02425	0.04782	0.41286	0.02858	0.04237	0.02388	0.03467	0.03719	0.06055	0.07398	0.07959	0.03275	0.02678	0.01261	0.01108	0.00357	0.01433	0.01017	0.00673	0.01624
37	0.01814	0.01421	0.01703	0.01741	0.02098	0.01420	0.01414	0.02732	0.11111	0.03725	0.15864	0.09939	0.19082	0.02618	0.01382	0.00427	0.00794	0.18473	0.01095	0.01147
38	0.02688	0.02390	0.03746	0.37322	0.10274	0.02758	0.06835	0.13113	0.02968	0.03913	0.02185	0.02922	0.01630	0.01150	0.01142	0.00364	0.01464	0.01031	0.00646	0.01459
39	0.02859	0.02952	0.10261	0.03446	0.10517	0.03082	0.02732	0.07382	0.02375	0.07613	0.01996	0.02632	0.01662	0.01609	0.02534	0.00426	0.32822	0.00982	0.00631	0.01485
40	0.01637	0.01091	0.01228	0.01228	0.01228	0.01091	0.00682	0.01637	0.01637	0.02182	0.03546	0.07365	0.04092	0.60445	0.05729	0.01091	0.01091	0.01637	0.00682	0.00682
41	0.02343	0.01522	0.01692	0.01589	0.01947	0.01628	0.01237	0.09002	0.08039	0.04216	0.03811	0.05197	0.03296	0.07235	0.06914	0.00538	0.01011	0.05912	0.31665	0.01206
42	0.03754	0.04064	0.03348	0.09358	0.10413	0.33489	0.02413	0.04157	0.02902	0.08373	0.02087	0.02459	0.01644	0.01219	0.01245	0.00326	0.05825	0.00854	0.00649	0.01422
43	0.02906	0.02913	0.04197	0.08302	0.10757	0.07790	0.13223	0.08523	0.07592	0.03727	0.02253	0.02842	0.01813	0.01356	0.01831	0.00390	0.16342	0.01075	0.00660	0.01506
44	0.02715	0.02574	0.04234	0.12027	0.43335	0.02668	0.03250	0.03644	0.07433	0.03693	0.02352	0.02951	0.01918	0.01069	0.01119	0.00344	0.01310	0.01030	0.00610	0.01724
45	0.01371	0.00979	0.01306	0.01567	0.01632	0.00914	0.01045	0.01567	0.02155	0.02873	0.06203	0.59710	0.07444	0.03526	0.01437	0.00457	0.00653	0.03200	0.01045	0.00914
46	0.39594	0.02253	0.02779	0.02187	0.03008	0.02341	0.09645	0.03959	0.02403	0.18343	0.02481	0.02589	0.01735	0.01124	0.00926	0.00354	0.01072	0.00877	0.00866	0.01462
47	0.01357	0.01034	0.01249	0.01421	0.01594	0.00926	0.00980	0.01584	0.02295	0.02930	0.07979	0.43014	0.22994	0.03295	0.01400	0.00431	0.00625	0.02918	0.01045	0.00926
48	0.04279	0.03153	0.03378	0.02590	0.03490	0.03490	0.02139	0.49671	0.05292	0.07093	0.02702	0.02702	0.01914	0.01351	0.01126	0.00338	0.01239	0.01013	0.01126	0.01914
49	0.02977	0.35730	0.22177	0.02372	0.03564	0.03518	0.02659	0.03669	0.02420	0.08623	0.02036	0.02223	0.01585	0.01047	0.00886	0.00292	0.01334	0.00739	0.00579	0.01571
50	0.09193	0.02019	0.03192	0.51739	0.07157	0.02503	0.02922	0.02922	0.02215	0.03108	0.01954	0.02876	0.01470	0.01117	0.01080	0.00372	0.01433	0.00959	0.00521	0.01247
51	0.02784	0.28941	0.05812	0.08181	0.09769	0.03519	0.19299	0.03422	0.02447	0.03122	0.01917	0.02455	0.01580	0.00976	0.01017	0.00312	0.01493	0.00940	0.00523	0.01491
52	0.01564	0.01142	0.01440	0.01519	0.01731	0.01072	0.01142	0.01920	0.02559	0.03408	0.20518	0.18959	0.15335	0.10441	0.01977	0.00511	0.00746	0.12005	0.01053	0.00961
53	0.12388	0.02113	0.03236	0.03248	0.12728	0.02186	0.10031	0.07490	0.02569	0.03924	0.07637	0.03595	0.02812	0.02627	0.09447	0.09358	0.01462	0.01137	0.00708	0.01306
54	0.03002	0.02373	0.02551	0.02265	0.02922	0.02697	0.01770	0.05936	0.47058	0.09160	0.04568	0.04166	0.03377	0.01515	0.01144	0.00379	0.00897	0.01260	0.01168	0.01794
55	0.01621	0.01264	0.01646	0.06579	0.02359	0.01222	0.01393	0.02091	0.02743	0.03589	0.22303	0.09871	0.21816	0.02592	0.01373	0.00410	0.00771	0.14264	0.01056	0.01037
56	0.02758	0.02380	0.02526	0.02234	0.02903	0.02683	0.01741	0.05698	0.46978	0.04615	0.04349	0.04031	0.03277	0.01465	0.01117	0.00362	0.00886	0.01218	0.01102	0.07677
57	0.01955	0.00978	0.01466	0.01466	0.01466	0.00978	0.00978	0.01466	0.01466	0.01955	0.01955	0.03421	0.01955	0.03910	0.04399	0.67253	0.00978	0.00978	0.00489	0.00489
58	0.02799	0.01871	0.02282	0.01704	0.02580	0.01475	0.01364	0.03290	0.02630	0.14245	0.09189	0.03443	0.03076	0.01142	0.00960	0.00229	0.00819	0.00943	0.00892	0.45066
59	0.02257	0.05822	0.54613	0.03208	0.04871	0.02614	0.04158	0.03564	0.02376	0.03564	0.02020	0.02376	0.01426	0.01069	0.01069	0.00356	0.01663	0.00832	0.00475	0.01663
60	0.01558	0.01149	0.01457	0.01380	0.01660	0.01047	0.01035	0.02057	0.03104	0.04320	0.47383	0.08726	0.16188	0.02373	0.01328	0.00357	0.00536	0.02080	0.01214	0.01047
61	0.02443	0.01311	0.01748	0.01603	0.01981	0.01182	0.01212	0.02872	0.02960	0.17079	0.29581	0.18931	0.07855	0.02344	0.01301	0.00376	0.00670	0.02066	0.01235	0.01251
62	0.03048	0.03133	0.10457	0.09093	0.04194	0.08109	0.09341	0.03627	0.02408	0.11863	0.02259	0.02786	0.01729	0.01431	0.02015	0.00400	0.20969	0.01015	0.00666	0.01457
63	0.02126	0.02001	0.03376	0.57739	0.07752	0.02501	0.03126	0.02876	0.02251	0.02876	0.02001	0.03001	0.01500	0.01125	0.01125	0.00375	0.01500	0.01000	0.00500	0.01250
64	0.01453	0.01064	0.01365	0.01462	0.01639	0.00976	0.01031	0.01789	0.02600	0.03529	0.24883	0.34417	0.13677	0.02976	0.01383	0.00409	0.00597	0.02657	0.01120	0.00976
65	0.01593	0.01150	0.01504	0.01416	0.01681	0.01062	0.01062	0.02124	0.03186	0.04513	0.52830	0.08407	0.10620	0.02301	0.01327	0.00354	0.00531	0.02035	0.01239	0.01062
66	0.02342	0.08732	0.04023	0.02975	0.03362	0.02892	0.13122	0.02756	0.02094	0.02947	0.02654	0.14381	0.02764	0.01942	0.02344	0.00431	0.26878	0.01482	0.00624	0.01256
67	0.01523	0.01096	0.01442	0.01464	0.01666	0.01015	0.01057	0.01948	0.02859	0.03994	0.38065	0.24653	0.09614	0.02689	0.01362	0.00387	0.00570	0.02404	0.01177	0.01015
68	0.02657	0.03036	0.06641	0.04744	0.05882	0.02846	0.49336	0.03605	0.02657	0.03605	0.02277	0.03036	0.01708	0.00949	0.01328	0.00380	0.01898	0.01328	0.00569	0.01518
69	0.03141	0.02550	0.10002	0.27337	0.10844	0.02267	0.02832	0.03856	0.02609	0.19307	0.02788	0.03158	0.01929	0.01189	0.01119	0.00360	0.01332	0.01020	0.00786	0.01574
70	0.02731	0.02453	0.03060	0.06934	0.03632	0.02781	0.07110	0.05475	0.42162	0.04443	0.04124	0.03977	0.03093	0.01432	0.01164	0.00381	0.01049	0.01257	0.01031	0.01711
71	0.11306	0.02351	0.02647	0.07854	0.03317	0.02831	0.01945	0.04825	0.32469	0.04268	0.03458	0.03506	0.02655	0.01490	0.01468	0.00393	0.09608	0.01115	0.00923	0.01571
72	0.02510	0.01989	0.03275	0.50411	0.07110	0.02389	0.02932	0.03219	0.02378	0.09625	0.02321	0.03110	0.01669	0.01160	0.01126	0.00372	0.01429	0.01018	0.00618	0.01338
73	0.01371	0.00979	0.01306	0.01567	0.01632	0.00914	0.01045	0.01567	0.02155	0.02873	0.06203	0.59710	0.07444	0.03526	0.01437	0.00457	0.00653	0.03200	0.01045	0.00914
74	0.02504	0.01532	0.01581	0.01434	0.01838	0.01631	0.01112	0.09840	0.09229	0.04681	0.03652	0.03981	0.02817	0.01345	0.00883	0.00289	0.00676	0.01073	0.48631	0.01270
75	0.02016	0.01268	0.01471	0.01388	0.01773	0.01117	0.01053	0.02330	0.02610	0.11086	0.13015	0.09187	0.30789	0.10161	0.01895	0.00477	0.00732	0.05479	0.01070	0.01084
76	0.03518	0.01991	0.02561	0.09331	0.03359	0.02041	0.01806	0.08352	0.12885	0.24494	0.12863	0.04538	0.04108	0.01547	0.01169	0.00359	0.00961	0.01298	0.01175	0.01645
77	0.02239	0.02117	0.03582	0.48964	0.15636	0.02531	0.03182	0.02976	0.02304	0.03014	0.02021	0.02964	0.01549	0.01104	0.01123	0.00368	0.01472	0.01001	0.00510	0.01342

[dist]
# distance from previous block
# <min> <max>
0	4

[block]
# block no. 4 follows, 11 sequences, length 14
# corresponding to MSA columns:
# 334-347
name=unknown_E
#
# <colnr> <probs for GDERKNQSTAVLIFYWHMCP>
#	G	D	E	R	K	N	Q	S	T	A	V	L	I	F	Y	W	H	M	C	P
0	0.02843	0.54074	0.05382	0.01866	0.02747	0.04055	0.01824	0.03224	0.02393	0.02867	0.07589	0.02581	0.02523	0.01120	0.00793	0.00254	0.01125	0.00770	0.00570	0.01399
1	0.01371	0.00979	0.01306	0.01567	0.01632	0.00914	0.01045	0.01567	0.02155	0.02873	0.06203	0.59710	0.07444	0.03526	0.01437	0.00457	0.00653	0.03200	0.01045	0.00914
2	0.03659	0.17044	0.03730	0.02469	0.03232	0.19515	0.02027	0.16255	0.13456	0.04257	0.02534	0.02599	0.01978	0.01240	0.01003	0.00310	0.01399	0.00884	0.00815	0.01593
3	0.02257	0.05822	0.54613	0.03208	0.04871	0.02614	0.04158	0.03564	0.02376	0.03564	0.02020	0.02376	0.01426	0.01069	0.01069	0.00356	0.01663	0.00832	0.00475	0.01663
4	0.02238	0.02129	0.03136	0.09590	0.09407	0.02721	0.02370	0.02585	0.01977	0.02880	0.02588	0.14330	0.02744	0.02072	0.02613	0.00452	0.32873	0.01444	0.00615	0.01236
5	0.02947	0.54486	0.05621	0.02042	0.02896	0.04340	0.01987	0.03295	0.02223	0.02655	0.01555	0.01880	0.01448	0.01077	0.01058	0.00269	0.07672	0.00645	0.00483	0.01420
6	0.01362	0.01141	0.01185	0.01174	0.01540	0.00964	0.00880	0.01677	0.02641	0.03220	0.16458	0.10536	0.47798	0.02783	0.01330	0.00377	0.00565	0.02334	0.01069	0.00964
7	0.01593	0.01150	0.01504	0.01416	0.01681	0.01062	0.01062	0.02124	0.03186	0.04513	0.52830	0.08407	0.10620	0.02301	0.01327	0.00354	0.00531	0.02035	0.01239	0.01062
8	0.10655	0.02336	0.02769	0.02143	0.03007	0.02324	0.01770	0.19454	0.03765	0.34554	0.03618	0.03284	0.02362	0.01347	0.01090	0.00345	0.01040	0.01046	0.01243	0.01851
9	0.02126	0.02001	0.03376	0.57739	0.07752	0.02501	0.03126	0.02876	0.02251	0.02876	0.02001	0.03001	0.01500	0.01125	0.01125	0.00375	0.01500	0.01000	0.00500	0.01250
10	0.01356	0.01141	0.01176	0.01168	0.01536	0.00961	0.00876	0.01666	0.02627	0.03187	0.15513	0.10591	0.48765	0.02796	0.01330	0.00377	0.00566	0.02342	0.01064	0.00961
11	0.01716	0.01226	0.01702	0.01961	0.02178	0.01211	0.01644	0.02163	0.02495	0.03259	0.06013	0.23068	0.06691	0.03201	0.01529	0.00505	0.00952	0.36439	0.01038	0.01009
12	0.02126	0.02001	0.03376	0.57739	0.07752	0.02501	0.03126	0.02876	0.02251	0.02876	0.02001	0.03001	0.01500	0.01125	0.01125	0.00375	0.01500	0.01000	0.00500	0.01250
13	0.02674	0.02560	0.04366	0.15523	0.45684	0.02645	0.03399	0.03356	0.02510	0.03541	0.02097	0.02822	0.01735	0.01024	0.01116	0.00341	0.01365	0.01002	0.00547	0.01693

[dist]
# distance from previous block
# <min> <max>
0	12

[block]
# block no. 5 follows, 11 sequences, length 17
# corresponding to MSA columns:
# 360-376
name=unknown_F
#
# <colnr> <probs for GDERKNQSTAVLIFYWHMCP>
#	G	D	E	R	K	N	Q	S	T	A	V	L	I	F	Y	W	H	M	C	P
0	0.02476	0.21898	0.40451	0.02835	0.04295	0.03149	0.03509	0.03508	0.02350	0.03298	0.01888	0.02210	0.01431	0.01038	0.00968	0.00323	0.01530	0.00765	0.00477	0.01600
1	0.04204	0.05364	0.03190	0.02900	0.03480	0.55926	0.02175	0.04494	0.03190	0.02755	0.01740	0.02030	0.01450	0.01160	0.01015	0.00290	0.02030	0.00725	0.00580	0.01305
2	0.01613	0.01185	0.01704	0.01704	0.01868	0.01350	0.01276	0.01942	0.01778	0.02535	0.03111	0.04955	0.03045	0.17864	0.46878	0.01679	0.02666	0.01284	0.00617	0.00946
3	0.01371	0.00979	0.01306	0.01567	0.01632	0.00914	0.01045	0.01567	0.02155	0.02873	0.06203	0.59710	0.07444	0.03526	0.01437	0.00457	0.00653	0.03200	0.01045	0.00914
4	0.01486	0.01227	0.01319	0.01334	0.01675	0.01116	0.00984	0.02031	0.06850	0.03270	0.13042	0.18261	0.37782	0.02806	0.01332	0.00391	0.00609	0.02391	0.01069	0.01026
5	0.49980	0.02101	0.01933	0.01632	0.02379	0.02272	0.01345	0.03941	0.02295	0.19339	0.02402	0.02411	0.01675	0.01146	0.00823	0.00348	0.00896	0.00761	0.00899	0.01421
6	0.01814	0.01296	0.01814	0.02073	0.02332	0.01296	0.01814	0.02332	0.02591	0.03368	0.05959	0.12696	0.06478	0.03109	0.01555	0.00518	0.01036	0.45848	0.01036	0.01036
7	0.01415	0.01082	0.01299	0.01374	0.01605	0.00966	0.00981	0.01731	0.02574	0.03366	0.20365	0.28656	0.24602	0.02961	0.01370	0.00402	0.00591	0.02597	0.01096	0.00966
8	0.04204	0.05364	0.03190	0.02900	0.03480	0.55926	0.02175	0.04494	0.03190	0.02755	0.01740	0.02030	0.01450	0.01160	0.01015	0.00290	0.02030	0.00725	0.00580	0.01305
9	0.02130	0.01913	0.03142	0.33067	0.14973	0.02178	0.02771	0.02774	0.02364	0.03118	0.03104	0.09628	0.02971	0.01669	0.01228	0.00400	0.01312	0.09317	0.00655	0.01284
10	0.33079	0.22433	0.08520	0.01956	0.02825	0.09022	0.01852	0.03484	0.02224	0.03854	0.01631	0.01898	0.01340	0.01033	0.00777	0.00307	0.01187	0.00642	0.00590	0.01347
11	0.01545	0.01149	0.01438	0.01366	0.01652	0.01042	0.01025	0.02032	0.03074	0.04247	0.45323	0.08847	0.18293	0.02401	0.01328	0.00359	0.00538	0.02097	0.01204	0.01042
12	0.01430	0.01044	0.01345	0.01482	0.01635	0.00959	0.01031	0.01729	0.02486	0.03352	0.19852	0.40381	0.12886	0.03114	0.01395	0.00420	0.00610	0.02790	0.01100	0.00959
13	0.19478	0.02606	0.03039	0.02751	0.07564	0.07742	0.07005	0.04562	0.11509	0.18135	0.03055	0.03051	0.02183	0.01226	0.01037	0.00351	0.01168	0.01000	0.00933	0.01606
14	0.01689	0.01309	0.01617	0.01658	0.01950	0.01210	0.01171	0.02240	0.07130	0.03201	0.05279	0.43741	0.05995	0.02838	0.01298	0.00397	0.00710	0.02547	0.00986	0.13035
15	0.03214	0.03290	0.03182	0.08587	0.08662	0.17650	0.02299	0.08499	0.18681	0.03870	0.02781	0.03013	0.02176	0.01365	0.01381	0.00359	0.07640	0.01012	0.00791	0.01547
16	0.01732	0.01093	0.01457	0.01576	0.01749	0.01007	0.01101	0.02013	0.02444	0.07633	0.14967	0.45060	0.07648	0.03107	0.01389	0.00428	0.00656	0.02798	0.01112	0.01029

[dist]
# distance from previous block
# <min> <max>
6	46

[block]
# block no. 6 follows, 11 sequences, length 17
# corresponding to MSA columns:
# 423-439
name=unknown_G
#
# <colnr> <probs for GDERKNQSTAVLIFYWHMCP>
#	G	D	E	R	K	N	Q	S	T	A	V	L	I	F	Y	W	H	M	C	P
0	0.12055	0.02735	0.03317	0.24974	0.16842	0.11190	0.02660	0.03337	0.02436	0.03408	0.01924	0.02581	0.01531	0.01071	0.01025	0.00334	0.01414	0.00879	0.00566	0.05721
1	0.07099	0.12113	0.03596	0.18366	0.04267	0.03196	0.02390	0.03327	0.08326	0.03165	0.02045	0.02685	0.01711	0.01437	0.01923	0.00392	0.21092	0.00936	0.00590	0.01342
2	0.02541	0.01701	0.02429	0.22105	0.04129	0.01849	0.01915	0.06238	0.02574	0.11756	0.07244	0.11315	0.03690	0.13191	0.02082	0.00517	0.01131	0.01497	0.00855	0.01243
3	0.01842	0.01149	0.01718	0.08440	0.02390	0.01197	0.01373	0.01783	0.01858	0.02449	0.03361	0.15622	0.03616	0.03380	0.03015	0.36523	0.00987	0.07877	0.00677	0.00743
4	0.01490	0.01051	0.01378	0.01595	0.01682	0.01008	0.01113	0.01707	0.02141	0.02841	0.05719	0.43110	0.06723	0.12958	0.02173	0.00573	0.00790	0.10071	0.00983	0.00896
5	0.02800	0.02418	0.02545	0.02291	0.02927	0.02800	0.01782	0.05981	0.51390	0.04708	0.04581	0.04199	0.03436	0.01527	0.01145	0.00382	0.00891	0.01273	0.01145	0.01782
6	0.02787	0.02641	0.04310	0.06319	0.46975	0.02690	0.03241	0.03777	0.08799	0.03809	0.02432	0.02966	0.01994	0.01070	0.01118	0.00340	0.01280	0.01037	0.00632	0.01783
7	0.02932	0.02115	0.02325	0.02014	0.02603	0.02312	0.01584	0.12176	0.25611	0.08874	0.12194	0.04622	0.04259	0.01589	0.01126	0.00352	0.00847	0.01317	0.09548	0.01600
8	0.01447	0.01070	0.01352	0.01440	0.01632	0.00975	0.01020	0.01783	0.02608	0.03513	0.24465	0.32413	0.16228	0.02956	0.01378	0.00406	0.00594	0.02628	0.01117	0.00975
9	0.02307	0.04868	0.40047	0.10429	0.05408	0.02638	0.11582	0.03483	0.02407	0.03483	0.02060	0.02566	0.01482	0.01056	0.01120	0.00363	0.01682	0.00936	0.00494	0.01586
10	0.02344	0.01341	0.01786	0.01654	0.01805	0.01398	0.01172	0.09528	0.02106	0.02814	0.02080	0.03301	0.01948	0.03482	0.03851	0.56063	0.01021	0.00984	0.00595	0.00727
11	0.04204	0.05364	0.03190	0.02900	0.03480	0.55926	0.02175	0.04494	0.03190	0.02755	0.01740	0.02030	0.01450	0.01160	0.01015	0.00290	0.02030	0.00725	0.00580	0.01305
12	0.01409	0.01025	0.01265	0.01439	0.01546	0.00950	0.00952	0.01587	0.02137	0.02786	0.06627	0.42797	0.14482	0.12932	0.02137	0.00550	0.00712	0.02801	0.00984	0.00881
13	0.02403	0.26699	0.10579	0.10068	0.03622	0.03119	0.02292	0.02942	0.02135	0.02793	0.02036	0.02739	0.01789	0.02913	0.14642	0.00679	0.05851	0.00864	0.00514	0.01321
14	0.01777	0.00987	0.01362	0.01449	0.01503	0.00965	0.00977	0.01641	0.01805	0.02535	0.03584	0.22325	0.03903	0.03465	0.02968	0.36758	0.00814	0.01729	0.08753	0.00699
15	0.03598	0.01528	0.01904	0.01575	0.02180	0.01364	0.01264	0.04045	0.02850	0.31057	0.05030	0.04809	0.08943	0.01543	0.01039	0.00323	0.00764	0.01256	0.23423	0.01505
16	0.01492	0.01127	0.01378	0.01357	0.01630	0.01013	0.01002	0.01913	0.02886	0.03900	0.35513	0.15348	0.22118	0.02605	0.01342	0.00374	0.00557	0.02273	0.01161	0.01013

[dist]
# distance from previous block
# <min> <max>
0	40

[block]
# block no. 7 follows, 11 sequences, length 65
# corresponding to MSA columns:
# 480-544
name=unknown_H
#
# <colnr> <probs for GDERKNQSTAVLIFYWHMCP>
#	G	D	E	R	K	N	Q	S	T	A	V	L	I	F	Y	W	H	M	C	P
0	0.05050	0.01915	0.02612	0.02003	0.02873	0.01654	0.01654	0.05485	0.03221	0.54203	0.04440	0.03831	0.02786	0.01393	0.01132	0.00348	0.00958	0.01132	0.01393	0.01915
1	0.07455	0.01212	0.01347	0.01313	0.01630	0.01148	0.00984	0.02117	0.02723	0.04005	0.27371	0.11889	0.19675	0.02300	0.01210	0.00356	0.00580	0.01960	0.09692	0.01033
2	0.02266	0.01295	0.01606	0.01504	0.01907	0.01159	0.01171	0.02677	0.02813	0.14015	0.19304	0.12742	0.19681	0.02377	0.01278	0.00377	0.00685	0.05924	0.06029	0.01189
3	0.04204	0.05364	0.03190	0.02900	0.03480	0.55926	0.02175	0.04494	0.03190	0.02755	0.01740	0.02030	0.01450	0.01160	0.01015	0.00290	0.02030	0.00725	0.00580	0.01305
4	0.02061	0.01174	0.01550	0.01591	0.01816	0.01078	0.01118	0.02324	0.02426	0.11900	0.11753	0.38427	0.06740	0.08330	0.01772	0.00484	0.00731	0.02543	0.01096	0.01085
5	0.01743	0.01150	0.01439	0.01438	0.01685	0.01046	0.01029	0.02076	0.02634	0.07241	0.23800	0.23424	0.15821	0.08136	0.01758	0.00457	0.00658	0.02331	0.01108	0.01027
6	0.01712	0.01092	0.01467	0.01634	0.01794	0.01016	0.01161	0.01979	0.02352	0.07015	0.09499	0.47441	0.07233	0.03233	0.01415	0.00446	0.00701	0.06708	0.01085	0.01013
7	0.04199	0.02775	0.03052	0.02362	0.03200	0.02992	0.01944	0.38732	0.04714	0.13973	0.03053	0.03008	0.02134	0.01354	0.01096	0.00333	0.01132	0.01035	0.07077	0.01836
8	0.02334	0.02001	0.02334	0.01667	0.02667	0.01500	0.01334	0.02834	0.02334	0.03668	0.02001	0.02334	0.01667	0.00834	0.00834	0.00167	0.00834	0.00667	0.00667	0.67325
9	0.01637	0.01091	0.01228	0.01228	0.01228	0.01091	0.00682	0.01637	0.01637	0.02182	0.03546	0.07365	0.04092	0.60445	0.05729	0.01091	0.01091	0.01637	0.00682	0.00682
10	0.01401	0.01041	0.01307	0.01456	0.01619	0.00947	0.01010	0.01673	0.02415	0.03190	0.15300	0.41129	0.17036	0.03180	0.01397	0.00424	0.00615	0.02835	0.01078	0.00947
11	0.03118	0.01430	0.01903	0.01725	0.02157	0.01282	0.01281	0.03399	0.02583	0.26665	0.05035	0.26860	0.04838	0.09984	0.01857	0.00489	0.00852	0.02033	0.01159	0.01350
12	0.01820	0.01243	0.01496	0.01474	0.01845	0.01110	0.01172	0.02226	0.02778	0.07968	0.19686	0.10012	0.28784	0.02642	0.01358	0.00399	0.00690	0.11095	0.01121	0.01080
13	0.01637	0.01091	0.01228	0.01228	0.01228	0.01091	0.00682	0.01637	0.01637	0.02182	0.03546	0.07365	0.04092	0.60445	0.05729	0.01091	0.01091	0.01637	0.00682	0.00682
14	0.01460	0.01043	0.01408	0.01669	0.01773	0.00991	0.01200	0.01721	0.02243	0.02973	0.06154	0.50232	0.07249	0.03442	0.01460	0.00469	0.00730	0.11797	0.01043	0.00939
15	0.02773	0.01717	0.02061	0.01841	0.02321	0.01711	0.01413	0.11175	0.07726	0.14258	0.13296	0.21331	0.09091	0.02284	0.01269	0.00385	0.00810	0.01974	0.01170	0.01395
16	0.02174	0.01430	0.01729	0.01713	0.02107	0.01377	0.01381	0.02847	0.07841	0.09952	0.07104	0.09531	0.20123	0.08004	0.01775	0.00491	0.00868	0.17315	0.01064	0.01171
17	0.01608	0.01206	0.01809	0.01809	0.02010	0.01407	0.01407	0.02010	0.01809	0.02613	0.03015	0.04422	0.02814	0.08441	0.55984	0.01809	0.03015	0.01206	0.00603	0.01005
18	0.01637	0.01091	0.01228	0.01228	0.01228	0.01091	0.00682	0.01637	0.01637	0.02182	0.03546	0.07365	0.04092	0.60445	0.05729	0.01091	0.01091	0.01637	0.00682	0.00682
19	0.01989	0.01201	0.01476	0.01379	0.01567	0.01142	0.00923	0.02226	0.02361	0.08628	0.21255	0.07356	0.06284	0.33294	0.03660	0.00748	0.00877	0.01725	0.00958	0.00951
20	0.01648	0.01177	0.01624	0.01883	0.02070	0.01153	0.01526	0.02045	0.02428	0.03183	0.06051	0.30304	0.06840	0.03265	0.01510	0.00495	0.00893	0.29875	0.01040	0.00991
21	0.02907	0.02751	0.03658	0.20976	0.16688	0.07735	0.02826	0.11223	0.02840	0.03755	0.02030	0.02711	0.01631	0.01293	0.01585	0.00373	0.11921	0.00975	0.00628	0.01494
22	0.03574	0.10532	0.03504	0.03057	0.07640	0.36429	0.02218	0.03911	0.02791	0.02808	0.01844	0.02319	0.01601	0.01833	0.06044	0.00439	0.06767	0.00800	0.00562	0.01329
23	0.05050	0.01915	0.02612	0.02003	0.02873	0.01654	0.01654	0.05485	0.03221	0.54203	0.04440	0.03831	0.02786	0.01393	0.01132	0.00348	0.00958	0.01132	0.01393	0.01915
24	0.02257	0.05822	0.54613	0.03208	0.04871	0.02614	0.04158	0.03564	0.02376	0.03564	0.02020	0.02376	0.01426	0.01069	0.01069	0.00356	0.01663	0.00832	0.00475	0.01663
25	0.02444	0.02369	0.04154	0.32168	0.26370	0.02602	0.07330	0.03178	0.02415	0.03270	0.02073	0.02915	0.01635	0.01059	0.01139	0.00359	0.01468	0.01030	0.00530	0.01493
26	0.01602	0.01077	0.01238	0.01272	0.01281	0.01068	0.00729	0.01628	0.01705	0.02273	0.03894	0.14217	0.04531	0.52995	0.05167	0.01008	0.01034	0.01841	0.00729	0.00712
27	0.01608	0.01206	0.01809	0.01809	0.02010	0.01407	0.01407	0.02010	0.01809	0.02613	0.03015	0.04422	0.02814	0.08441	0.55984	0.01809	0.03015	0.01206	0.00603	0.01005
28	0.02860	0.02935	0.03382	0.13795	0.04047	0.12339	0.02515	0.07284	0.02404	0.03145	0.01737	0.02516	0.01517	0.01606	0.02489	0.00420	0.32188	0.00946	0.00566	0.01309
29	0.02553	0.02551	0.03827	0.03140	0.03441	0.03235	0.10210	0.03425	0.10470	0.03205	0.02148	0.02859	0.01855	0.01722	0.02856	0.00454	0.38963	0.01092	0.00618	0.01375
30	0.02334	0.02001	0.02334	0.01667	0.02667	0.01500	0.01334	0.02834	0.02334	0.03668	0.02001	0.02334	0.01667	0.00834	0.00834	0.00167	0.00834	0.00667	0.00667	0.67325
31	0.24351	0.02715	0.02758	0.02180	0.03014	0.02991	0.01800	0.30449	0.04016	0.11539	0.02536	0.02552	0.01791	0.01260	0.00993	0.00342	0.01094	0.00900	0.01021	0.01698
32	0.04303	0.02277	0.02746	0.02158	0.02963	0.02274	0.01764	0.19083	0.07971	0.30700	0.08298	0.03923	0.03279	0.01474	0.01149	0.00348	0.01001	0.01189	0.01274	0.01826
33	0.01760	0.01154	0.01497	0.01485	0.01742	0.01052	0.01085	0.02162	0.02822	0.07575	0.31623	0.24113	0.12338	0.02655	0.01347	0.00387	0.00603	0.02355	0.01175	0.01071
34	0.68395	0.02177	0.01654	0.01480	0.02177	0.02525	0.01219	0.03309	0.01915	0.05050	0.01567	0.01828	0.01219	0.01045	0.00697	0.00348	0.00871	0.00609	0.00697	0.01219
35	0.04260	0.02380	0.03135	0.02433	0.03292	0.02373	0.06111	0.15170	0.12244	0.30345	0.03885	0.03575	0.02612	0.01367	0.01151	0.00355	0.01093	0.01149	0.01215	0.01855
36	0.02126	0.02001	0.03376	0.57739	0.07752	0.02501	0.03126	0.02876	0.02251	0.02876	0.02001	0.03001	0.01500	0.01125	0.01125	0.00375	0.01500	0.01000	0.00500	0.01250
