[name]
unknown

[dist]
# distance from previous block
# <min> <max>
4	53

[block]
# block no. 0 follows, 13 sequences, length 28
# corresponding to MSA columns:
# 67-94
name=unknown_A
#
# <colnr> <probs for GDERKNQSTAVLIFYWHMCP>
#	G	D	E	R	K	N	Q	S	T	A	V	L	I	F	Y	W	H	M	C	P
0	0.02618	0.06311	0.02333	0.01806	0.02350	0.01919	0.01460	0.11787	0.07498	0.10151	0.11143	0.08642	0.04241	0.06999	0.01476	0.00392	0.00892	0.08147	0.00959	0.08879
1	0.02880	0.16190	0.11195	0.02204	0.03054	0.02276	0.06431	0.03456	0.02523	0.16886	0.06981	0.04331	0.03040	0.01397	0.01036	0.00320	0.01098	0.07862	0.00817	0.06024
2	0.01875	0.06802	0.01891	0.01476	0.01767	0.01521	0.01100	0.07567	0.02671	0.03639	0.25995	0.14319	0.06489	0.15791	0.02122	0.00491	0.00764	0.01758	0.00945	0.01018
3	0.02136	0.01982	0.03134	0.06131	0.08533	0.01813	0.12361	0.02837	0.05770	0.03307	0.02900	0.14533	0.02775	0.01388	0.01057	0.00294	0.01048	0.01322	0.00689	0.25990
4	0.02897	0.19664	0.20405	0.02888	0.10993	0.02784	0.02598	0.06947	0.02538	0.11099	0.02167	0.02359	0.01624	0.01016	0.00920	0.00288	0.01227	0.00788	0.00638	0.06161
5	0.10354	0.03545	0.25744	0.02377	0.03466	0.02278	0.02569	0.11645	0.02758	0.11236	0.02534	0.03122	0.01936	0.01209	0.00996	0.00325	0.01212	0.04386	0.00742	0.07566
6	0.01849	0.01155	0.01597	0.01564	0.01763	0.01220	0.01146	0.02118	0.01850	0.08460	0.03474	0.12021	0.03466	0.19378	0.32660	0.01230	0.01918	0.01454	0.00718	0.00958
7	0.01605	0.01233	0.01490	0.01431	0.01723	0.01203	0.01068	0.02397	0.10183	0.03920	0.37084	0.13656	0.14463	0.02250	0.01234	0.00350	0.00565	0.01971	0.01108	0.01066
8	0.03391	0.20138	0.09763	0.06577	0.03452	0.02625	0.05445	0.04106	0.06163	0.23882	0.02837	0.02812	0.01994	0.01120	0.00958	0.00305	0.01134	0.00900	0.00833	0.01564
9	0.01363	0.00971	0.01221	0.01359	0.01448	0.00913	0.00897	0.01548	0.02052	0.02739	0.11164	0.40476	0.09972	0.16168	0.02214	0.00544	0.00685	0.02510	0.00927	0.00829
10	0.04744	0.01799	0.02454	0.01881	0.02699	0.01554	0.01554	0.05153	0.03026	0.56979	0.04171	0.03599	0.02617	0.01309	0.01063	0.00327	0.00900	0.01063	0.01309	0.01799
11	0.02451	0.02473	0.06500	0.06204	0.02851	0.10908	0.01887	0.02832	0.02241	0.07479	0.03724	0.10299	0.10023	0.01801	0.01756	0.00369	0.17992	0.01312	0.05727	0.01171
12	0.03033	0.08158	0.11399	0.18311	0.04677	0.06452	0.08835	0.09285	0.02746	0.13441	0.02367	0.02691	0.01687	0.01089	0.01035	0.00325	0.01366	0.00930	0.00703	0.01470
13	0.01288	0.00920	0.01227	0.01472	0.01534	0.00859	0.00981	0.01472	0.02024	0.02699	0.05828	0.62152	0.06993	0.03312	0.01350	0.00429	0.00613	0.03006	0.00981	0.00859
14	0.04237	0.01687	0.02291	0.01795	0.02524	0.01467	0.01467	0.04660	0.03021	0.48750	0.12209	0.04270	0.03765	0.01442	0.01092	0.00328	0.00837	0.01196	0.01286	0.01674
15	0.02725	0.55150	0.12981	0.01982	0.02981	0.03936	0.02110	0.03192	0.02160	0.02611	0.01531	0.01773	0.01354	0.00919	0.00725	0.00242	0.01193	0.00596	0.00451	0.01386
16	0.04679	0.01903	0.02518	0.01930	0.02751	0.01707	0.01595	0.09382	0.03199	0.52506	0.04026	0.03504	0.02544	0.01305	0.01063	0.00326	0.00923	0.01053	0.01286	0.01799
17	0.04744	0.01799	0.02454	0.01881	0.02699	0.01554	0.01554	0.05153	0.03026	0.56979	0.04171	0.03599	0.02617	0.01309	0.01063	0.00327	0.00900	0.01063	0.01309	0.01799
18	0.36556	0.02452	0.02135	0.01795	0.02496	0.10244	0.01452	0.06815	0.02538	0.20748	0.02395	0.02376	0.01671	0.01115	0.00848	0.00319	0.01020	0.00763	0.00865	0.01398
19	0.16160	0.02646	0.13727	0.07297	0.03569	0.02034	0.07468	0.03743	0.02426	0.21970	0.02890	0.06814	0.02162	0.01255	0.01011	0.00341	0.01136	0.01054	0.00831	0.01467
20	0.01633	0.01799	0.09466	0.01593	0.02074	0.01313	0.01436	0.02388	0.06657	0.03910	0.37081	0.07142	0.15381	0.02021	0.01200	0.00339	0.00683	0.01746	0.01026	0.01113
21	0.02750	0.02224	0.02343	0.02061	0.02654	0.02537	0.01616	0.11814	0.41674	0.04681	0.03963	0.03749	0.02971	0.01389	0.01036	0.00340	0.00844	0.01138	0.08601	0.01614
22	0.02482	0.02025	0.02525	0.17650	0.03809	0.02306	0.01930	0.14523	0.17284	0.04202	0.07903	0.12024	0.03540	0.01628	0.01121	0.00356	0.01003	0.01394	0.00903	0.01392
23	0.02568	0.02441	0.04174	0.18067	0.35671	0.02550	0.08556	0.06797	0.02541	0.03515	0.02022	0.02683	0.01616	0.00986	0.01072	0.00328	0.01342	0.00976	0.00552	0.01544
24	0.01594	0.01241	0.01832	0.01810	0.01987	0.01479	0.01435	0.01967	0.01747	0.02515	0.02912	0.04570	0.02790	0.07035	0.49667	0.01503	0.07700	0.04664	0.00588	0.00965
25	0.01580	0.01010	0.01185	0.01185	0.01185	0.01010	0.00681	0.01515	0.01515	0.02019	0.03117	0.06387	0.03556	0.54347	0.05202	0.10818	0.01010	0.01449	0.00615	0.00615
26	0.01997	0.01879	0.03171	0.60301	0.07282	0.02349	0.02936	0.02701	0.02114	0.02701	0.01879	0.02819	0.01409	0.01057	0.01057	0.00352	0.01409	0.00940	0.00470	0.01175
27	0.02953	0.02343	0.02912	0.10473	0.11119	0.02612	0.02117	0.13319	0.27266	0.08415	0.03324	0.03327	0.02462	0.01275	0.01065	0.00342	0.01036	0.01072	0.00931	0.01640

[dist]
# distance from previous block
# <min> <max>
4	7

[block]
# block no. 1 follows, 13 sequences, length 43
# corresponding to MSA columns:
# 103-145
name=unknown_B
#
# <colnr> <probs for GDERKNQSTAVLIFYWHMCP>
#	G	D	E	R	K	N	Q	S	T	A	V	L	I	F	Y	W	H	M	C	P
0	0.02352	0.26445	0.28714	0.02554	0.03729	0.02997	0.07599	0.03141	0.02241	0.02993	0.02452	0.02715	0.05634	0.01087	0.00926	0.00298	0.01343	0.00860	0.00499	0.01420
1	0.02694	0.19341	0.03062	0.01789	0.02412	0.02670	0.01520	0.14184	0.11557	0.04260	0.11626	0.03663	0.03435	0.01337	0.00933	0.00289	0.00879	0.01050	0.11912	0.01386
2	0.02617	0.02512	0.04292	0.06490	0.56246	0.02512	0.03245	0.03245	0.02407	0.03454	0.01989	0.02617	0.01675	0.00942	0.01047	0.00314	0.01256	0.00942	0.00523	0.01675
3	0.19731	0.02852	0.02732	0.02480	0.07109	0.10659	0.01843	0.22590	0.07083	0.09519	0.02377	0.02450	0.01742	0.01164	0.00947	0.00317	0.01148	0.00849	0.00869	0.01542
4	0.02827	0.63478	0.05540	0.01809	0.02714	0.04184	0.01809	0.03166	0.02148	0.02488	0.01470	0.01696	0.01357	0.00905	0.00678	0.00226	0.01131	0.00565	0.00452	0.01357
5	0.03887	0.16000	0.03574	0.02178	0.03027	0.02470	0.06600	0.08348	0.06480	0.31785	0.03241	0.03035	0.02210	0.01182	0.00994	0.00309	0.01054	0.00969	0.01003	0.01654
6	0.04019	0.02962	0.03173	0.02433	0.03279	0.03279	0.02010	0.52721	0.04971	0.06663	0.02538	0.02538	0.01798	0.01269	0.01058	0.00317	0.01163	0.00952	0.01058	0.01798
7	0.02192	0.01879	0.02192	0.01566	0.02506	0.01409	0.01253	0.02662	0.02192	0.03445	0.01879	0.02192	0.01566	0.00783	0.00783	0.00157	0.00783	0.00626	0.00626	0.69305
8	0.01496	0.01081	0.01413	0.01330	0.01580	0.00998	0.00998	0.01995	0.02993	0.04240	0.55689	0.07898	0.09976	0.02162	0.01247	0.00333	0.00499	0.01912	0.01164	0.00998
9	0.02630	0.02271	0.02391	0.02152	0.02749	0.02630	0.01674	0.05618	0.54336	0.04423	0.04303	0.03945	0.03228	0.01434	0.01076	0.00359	0.00837	0.01195	0.01076	0.01674
10	0.01360	0.01417	0.05535	0.01268	0.01701	0.01033	0.01080	0.01743	0.02497	0.03134	0.17797	0.09160	0.43630	0.02458	0.01230	0.00351	0.00610	0.02063	0.00971	0.00963
11	0.04744	0.01799	0.02454	0.01881	0.02699	0.01554	0.01554	0.05153	0.03026	0.56979	0.04171	0.03599	0.02617	0.01309	0.01063	0.00327	0.00900	0.01063	0.01309	0.01799
12	0.02827	0.63478	0.05540	0.01809	0.02714	0.04184	0.01809	0.03166	0.02148	0.02488	0.01470	0.01696	0.01357	0.00905	0.00678	0.00226	0.01131	0.00565	0.00452	0.01357
13	0.02165	0.02088	0.03648	0.44698	0.17297	0.02409	0.06936	0.02869	0.02205	0.02912	0.01923	0.02780	0.01480	0.01020	0.01070	0.00345	0.01407	0.00965	0.00486	0.01298
14	0.07051	0.04074	0.27003	0.03370	0.04564	0.06836	0.21171	0.06935	0.02553	0.03634	0.01983	0.02422	0.01458	0.00987	0.01070	0.00336	0.01591	0.00943	0.00544	0.01476
15	0.04679	0.01904	0.02518	0.01931	0.02751	0.01709	0.01595	0.09423	0.03201	0.52462	0.04025	0.03504	0.02544	0.01305	0.01063	0.00326	0.00923	0.01053	0.01286	0.01799
16	0.02121	0.05469	0.57364	0.03014	0.04576	0.02455	0.03906	0.03348	0.02232	0.03348	0.01897	0.02232	0.01339	0.01005	0.01005	0.00335	0.01563	0.00781	0.00446	0.01563
17	0.08725	0.02374	0.11746	0.01967	0.02725	0.01824	0.01855	0.06876	0.06690	0.19921	0.10984	0.04961	0.07445	0.01594	0.01093	0.00347	0.00948	0.05489	0.00994	0.01444
18	0.04230	0.01689	0.02270	0.01778	0.02517	0.01461	0.01455	0.04636	0.02979	0.48831	0.08747	0.04421	0.07087	0.01476	0.01091	0.00330	0.00841	0.01216	0.01273	0.01669
19	0.01704	0.01217	0.01704	0.01947	0.02191	0.01217	0.01704	0.02191	0.02434	0.03164	0.05598	0.11926	0.06085	0.02921	0.01460	0.00487	0.00974	0.49130	0.00974	0.00974
20	0.01997	0.01879	0.03171	0.60301	0.07282	0.02349	0.02936	0.02701	0.02114	0.02701	0.01879	0.02819	0.01409	0.01057	0.01057	0.00352	0.01409	0.00940	0.00470	0.01175
21	0.03424	0.08031	0.14442	0.02398	0.03346	0.02273	0.06332	0.08572	0.06760	0.24702	0.03257	0.03570	0.02361	0.01289	0.01060	0.00335	0.01154	0.04146	0.00930	0.01617
22	0.01363	0.01012	0.01285	0.01447	0.01615	0.00933	0.01055	0.01641	0.02260	0.02952	0.11655	0.38506	0.17283	0.03010	0.01336	0.00414	0.00640	0.09699	0.00998	0.00897
23	0.01352	0.01022	0.01249	0.01305	0.01519	0.00918	0.00936	0.01673	0.02484	0.03298	0.25134	0.27595	0.22241	0.02715	0.01284	0.00374	0.00550	0.02389	0.01047	0.00918
24	0.02793	0.02943	0.14274	0.16342	0.08329	0.02544	0.02602	0.12505	0.14421	0.08465	0.02739	0.02949	0.01990	0.01180	0.01050	0.00339	0.01216	0.00977	0.00777	0.01566
25	0.02758	0.02611	0.07489	0.20177	0.08509	0.02570	0.15065	0.11700	0.07249	0.07645	0.02434	0.02880	0.01778	0.01090	0.01103	0.00343	0.01377	0.01039	0.00698	0.01487
26	0.02608	0.02969	0.10973	0.16422	0.04300	0.10744	0.06540	0.03576	0.09625	0.06953	0.07149	0.03222	0.02511	0.01277	0.01276	0.00345	0.06435	0.01033	0.00687	0.01354
27	0.02134	0.01270	0.01722	0.07154	0.02259	0.01278	0.01239	0.02515	0.02360	0.12221	0.19308	0.05636	0.05019	0.15293	0.10930	0.00683	0.01125	0.01415	0.05373	0.01067
28	0.02192	0.01879	0.02192	0.01566	0.02506	0.01409	0.01253	0.02662	0.02192	0.03445	0.01879	0.02192	0.01566	0.00783	0.00783	0.00157	0.00783	0.00626	0.00626	0.69305
29	0.02701	0.13558	0.14539	0.07966	0.03641	0.02930	0.02333	0.11364	0.22181	0.04028	0.02820	0.02885	0.02126	0.01193	0.00988	0.00324	0.01142	0.00940	0.00776	0.01566
30	0.02363	0.08260	0.03462	0.02682	0.02770	0.03330	0.02264	0.02605	0.01671	0.02539	0.01396	0.02253	0.01385	0.01759	0.03198	0.00440	0.55095	0.00890	0.00462	0.01176
31	0.29797	0.01990	0.02169	0.01739	0.02496	0.02010	0.01435	0.08306	0.02717	0.32808	0.03002	0.02790	0.01986	0.01180	0.00906	0.00326	0.00890	0.00866	0.01037	0.01549
32	0.01317	0.01074	0.01164	0.01142	0.01469	0.00921	0.00856	0.01648	0.02569	0.03233	0.22972	0.09555	0.43320	0.02537	0.01249	0.00350	0.00526	0.02144	0.01031	0.00921
33	0.01538	0.01025	0.01153	0.01153	0.01153	0.01025	0.00641	0.01538	0.01538	0.02050	0.03331	0.06919	0.03844	0.62842	0.05382	0.01025	0.01025	0.01538	0.00641	0.00641
34	0.70310	0.02045	0.01554	0.01390	0.02045	0.02372	0.01145	0.03108	0.01799	0.04744	0.01472	0.01718	0.01145	0.00981	0.00654	0.00327	0.00818	0.00573	0.00654	0.01145
35	0.02121	0.05469	0.57364	0.03014	0.04576	0.02455	0.03906	0.03348	0.02232	0.03348	0.01897	0.02232	0.01339	0.01005	0.01005	0.00335	0.01563	0.00781	0.00446	0.01563
36	0.02121	0.05469	0.57364	0.03014	0.04576	0.02455	0.03906	0.03348	0.02232	0.03348	0.01897	0.02232	0.01339	0.01005	0.01005	0.00335	0.01563	0.00781	0.00446	0.01563
37	0.07486	0.02545	0.10438	0.02555	0.02909	0.02628	0.06293	0.02592	0.01776	0.02810	0.01868	0.03108	0.01811	0.12284	0.03062	0.00524	0.32643	0.01012	0.00513	0.01143
38	0.70310	0.02045	0.01554	0.01390	0.02045	0.02372	0.01145	0.03108	0.01799	0.04744	0.01472	0.01718	0.01145	0.00981	0.00654	0.00327	0.00818	0.00573	0.00654	0.01145
39	0.01453	0.01170	0.01482	0.01505	0.01721	0.01198	0.01151	0.01758	0.02188	0.02873	0.11118	0.19143	0.23443	0.03657	0.11808	0.00631	0.06165	0.05724	0.00878	0.00933
40	0.02442	0.03725	0.28408	0.03753	0.15051	0.02295	0.11474	0.03333	0.02364	0.07915	0.02477	0.07492	0.02031	0.01190	0.01088	0.00341	0.01401	0.01101	0.00595	0.01525
41	0.02570	0.01415	0.01900	0.06905	0.02451	0.01399	0.01359	0.06913	0.02421	0.16892	0.04044	0.24635	0.03993	0.06813	0.01893	0.09692	0.00877	0.01755	0.00931	0.01141
42	0.70310	0.02045	0.01554	0.01390	0.02045	0.02372	0.01145	0.03108	0.01799	0.04744	0.01472	0.01718	0.01145	0.00981	0.00654	0.00327	0.00818	0.00573	0.00654	0.01145

[dist]
# distance from previous block
# <min> <max>
1	16

[block]
# block no. 2 follows, 13 sequences, length 19
# corresponding to MSA columns:
# 162-180
name=unknown_C
#
# <colnr> <probs for GDERKNQSTAVLIFYWHMCP>
#	G	D	E	R	K	N	Q	S	T	A	V	L	I	F	Y	W	H	M	C	P
0	0.10949	0.02935	0.03126	0.02452	0.03206	0.08761	0.05545	0.30868	0.03764	0.05224	0.02159	0.02360	0.01617	0.01196	0.01174	0.00315	0.05675	0.00875	0.00843	0.06955
1	0.08173	0.08299	0.25594	0.03161	0.14165	0.02311	0.02763	0.03013	0.02196	0.03362	0.02277	0.08835	0.02040	0.01214	0.00971	0.00313	0.01214	0.01008	0.00559	0.08531
2	0.01684	0.01011	0.01483	0.01483	0.01556	0.01084	0.01051	0.01590	0.01516	0.02095	0.02354	0.03904	0.02326	0.10515	0.25420	0.37020	0.01671	0.01056	0.00517	0.00663
3	0.01927	0.01531	0.01812	0.01867	0.02188	0.01651	0.01448	0.03294	0.22678	0.03501	0.05167	0.25765	0.05270	0.02469	0.01272	0.00417	0.00798	0.14718	0.01016	0.01210
4	0.01837	0.00918	0.01377	0.01377	0.01377	0.00918	0.00918	0.01377	0.01377	0.01837	0.01837	0.03214	0.01837	0.03673	0.04132	0.69238	0.00918	0.00918	0.00459	0.00459
5	0.01496	0.01081	0.01413	0.01330	0.01580	0.00998	0.00998	0.01995	0.02993	0.04240	0.55689	0.07898	0.09976	0.02162	0.01247	0.00333	0.00499	0.01912	0.01164	0.00998
6	0.01367	0.00984	0.01173	0.01290	0.01384	0.00922	0.00832	0.01503	0.01927	0.02505	0.05857	0.33747	0.14779	0.23637	0.02716	0.00621	0.00741	0.02361	0.00865	0.00790
7	0.02827	0.63478	0.05540	0.01809	0.02714	0.04184	0.01809	0.03166	0.02148	0.02488	0.01470	0.01696	0.01357	0.00905	0.00678	0.00226	0.01131	0.00565	0.00452	0.01357
8	0.02192	0.01879	0.02192	0.01566	0.02506	0.01409	0.01253	0.02662	0.02192	0.03445	0.01879	0.02192	0.01566	0.00783	0.00783	0.00157	0.00783	0.00626	0.00626	0.69305
9	0.01277	0.01072	0.01109	0.01100	0.01445	0.00904	0.00825	0.01570	0.02474	0.03009	0.15678	0.09924	0.50755	0.02621	0.01249	0.00354	0.00531	0.02196	0.01002	0.00904
10	0.02827	0.63478	0.05540	0.01809	0.02714	0.04184	0.01809	0.03166	0.02148	0.02488	0.01470	0.01696	0.01357	0.00905	0.00678	0.00226	0.01131	0.00565	0.00452	0.01357
11	0.70310	0.02045	0.01554	0.01390	0.02045	0.02372	0.01145	0.03108	0.01799	0.04744	0.01472	0.01718	0.01145	0.00981	0.00654	0.00327	0.00818	0.00573	0.00654	0.01145
12	0.02630	0.02271	0.02391	0.02152	0.02749	0.02630	0.01674	0.05618	0.54336	0.04423	0.04303	0.03945	0.03228	0.01434	0.01076	0.00359	0.00837	0.01195	0.01076	0.01674
13	0.02617	0.02512	0.04292	0.06490	0.56246	0.02512	0.03245	0.03245	0.02407	0.03454	0.01989	0.02617	0.01675	0.00942	0.01047	0.00314	0.01256	0.00942	0.00523	0.01675
14	0.04019	0.02962	0.03173	0.02433	0.03279	0.03279	0.02010	0.52721	0.04971	0.06663	0.02538	0.02538	0.01798	0.01269	0.01058	0.00317	0.01163	0.00952	0.01058	0.01798
15	0.01538	0.01025	0.01153	0.01153	0.01153	0.01025	0.00641	0.01538	0.01538	0.02050	0.03331	0.06919	0.03844	0.62842	0.05382	0.01025	0.01025	0.01538	0.00641	0.00641
16	0.01254	0.01055	0.01087	0.01113	0.01439	0.00889	0.00822	0.01513	0.02370	0.02840	0.10201	0.15604	0.50718	0.02744	0.01260	0.00365	0.00544	0.02312	0.00982	0.00889
17	0.02630	0.02271	0.02391	0.02152	0.02749	0.02630	0.01674	0.05618	0.54336	0.04423	0.04303	0.03945	0.03228	0.01434	0.01076	0.00359	0.00837	0.01195	0.01076	0.01674
18	0.70310	0.02045	0.01554	0.01390	0.02045	0.02372	0.01145	0.03108	0.01799	0.04744	0.01472	0.01718	0.01145	0.00981	0.00654	0.00327	0.00818	0.00573	0.00654	0.01145

[dist]
# distance from previous block
# <min> <max>
0	20

[block]
# block no. 3 follows, 13 sequences, length 41
# corresponding to MSA columns:
# 201-241
name=unknown_D
#
# <colnr> <probs for GDERKNQSTAVLIFYWHMCP>
#	G	D	E	R	K	N	Q	S	T	A	V	L	I	F	Y	W	H	M	C	P
0	0.02557	0.02451	0.04184	0.11652	0.51549	0.02497	0.03215	0.03193	0.02379	0.03382	0.01978	0.02636	0.01649	0.00953	0.01048	0.00318	0.01271	0.00942	0.00518	0.01627
1	0.02192	0.01879	0.02192	0.01566	0.02506	0.01409	0.01253	0.02662	0.02192	0.03445	0.01879	0.02192	0.01566	0.00783	0.00783	0.00157	0.00783	0.00626	0.00626	0.69305
2	0.01306	0.00934	0.01243	0.01460	0.01538	0.00871	0.00983	0.01517	0.02108	0.02832	0.10114	0.57488	0.07249	0.03214	0.01341	0.00421	0.00604	0.02912	0.00997	0.00871
3	0.01651	0.00984	0.01238	0.01238	0.01238	0.00984	0.00746	0.01477	0.01477	0.01969	0.02763	0.05511	0.03081	0.40351	0.04907	0.26954	0.00984	0.01302	0.00572	0.00572
4	0.70310	0.02045	0.01554	0.01390	0.02045	0.02372	0.01145	0.03108	0.01799	0.04744	0.01472	0.01718	0.01145	0.00981	0.00654	0.00327	0.00818	0.00573	0.00654	0.01145
5	0.02630	0.02271	0.02391	0.02152	0.02749	0.02630	0.01674	0.05618	0.54336	0.04423	0.04303	0.03945	0.03228	0.01434	0.01076	0.00359	0.00837	0.01195	0.01076	0.01674
6	0.01288	0.00920	0.01227	0.01472	0.01534	0.00859	0.00981	0.01472	0.02024	0.02699	0.05828	0.62152	0.06993	0.03312	0.01350	0.00429	0.00613	0.03006	0.00981	0.00859
7	0.01285	0.01072	0.01119	0.01108	0.01450	0.00907	0.00831	0.01585	0.02492	0.03052	0.17069	0.09853	0.49337	0.02605	0.01249	0.00354	0.00530	0.02186	0.01008	0.00907
8	0.04578	0.02065	0.02618	0.02007	0.02832	0.01948	0.01658	0.16026	0.03471	0.45478	0.03798	0.03356	0.02430	0.01300	0.01062	0.00325	0.00960	0.01038	0.01251	0.01799
9	0.01288	0.00920	0.01227	0.01472	0.01534	0.00859	0.00981	0.01472	0.02024	0.02699	0.05828	0.62152	0.06993	0.03312	0.01350	0.00429	0.00613	0.03006	0.00981	0.00859
10	0.01546	0.01172	0.01451	0.01564	0.01745	0.01178	0.01100	0.02249	0.10947	0.03230	0.13393	0.43883	0.06830	0.02817	0.01288	0.00402	0.00633	0.02531	0.01026	0.01017
11	0.02148	0.02034	0.03048	0.08514	0.11524	0.02601	0.02294	0.02521	0.01810	0.02684	0.01860	0.02830	0.01723	0.03021	0.15470	0.00711	0.32540	0.00977	0.00497	0.01192
12	0.02488	0.25808	0.20904	0.11784	0.03975	0.07240	0.02588	0.03173	0.02239	0.02914	0.01838	0.02240	0.01466	0.01001	0.00869	0.00286	0.01322	0.00736	0.05778	0.01353
13	0.70310	0.02045	0.01554	0.01390	0.02045	0.02372	0.01145	0.03108	0.01799	0.04744	0.01472	0.01718	0.01145	0.00981	0.00654	0.00327	0.00818	0.00573	0.00654	0.01145
14	0.02433	0.02916	0.19120	0.06708	0.03369	0.02059	0.02285	0.10894	0.06497	0.08022	0.19479	0.04347	0.04391	0.01470	0.01103	0.00334	0.01052	0.01229	0.00878	0.01414
15	0.02192	0.01879	0.02192	0.01566	0.02506	0.01409	0.01253	0.02662	0.02192	0.03445	0.01879	0.02192	0.01566	0.00783	0.00783	0.00157	0.00783	0.00626	0.00626	0.69305
16	0.01437	0.01078	0.01330	0.01267	0.01543	0.00972	0.00950	0.01879	0.02851	0.03904	0.44768	0.08451	0.21107	0.02287	0.01248	0.00338	0.00508	0.01990	0.01120	0.00972
17	0.01288	0.00920	0.01227	0.01472	0.01534	0.00859	0.00981	0.01472	0.02024	0.02699	0.05828	0.62152	0.06993	0.03312	0.01350	0.00429	0.00613	0.03006	0.00981	0.00859
18	0.70310	0.02045	0.01554	0.01390	0.02045	0.02372	0.01145	0.03108	0.01799	0.04744	0.01472	0.01718	0.01145	0.00981	0.00654	0.00327	0.00818	0.00573	0.00654	0.01145
19	0.01372	0.01076	0.01240	0.01199	0.01503	0.00945	0.00899	0.01754	0.02698	0.03541	0.32970	0.09048	0.33131	0.02422	0.01248	0.00345	0.00517	0.02073	0.01072	0.00945
20	0.01271	0.00986	0.01159	0.01297	0.01487	0.00874	0.00903	0.01492	0.02193	0.02768	0.07966	0.39387	0.28378	0.03034	0.01306	0.00398	0.00579	0.02667	0.00982	0.00874
21	0.02761	0.58040	0.10398	0.01922	0.02888	0.04022	0.02006	0.03183	0.02156	0.02568	0.01510	0.01746	0.01355	0.00914	0.00709	0.00236	0.01171	0.00586	0.00452	0.01376
22	0.02496	0.02852	0.06239	0.04456	0.05526	0.02674	0.52406	0.03387	0.02496	0.03387	0.02139	0.02852	0.01604	0.00891	0.01248	0.00357	0.01783	0.01248	0.00535	0.01426
23	0.02192	0.01879	0.02192	0.01566	0.02506	0.01409	0.01253	0.02662	0.02192	0.03445	0.01879	0.02192	0.01566	0.00783	0.00783	0.00157	0.00783	0.00626	0.00626	0.69305
24	0.01343	0.01075	0.01201	0.01170	0.01486	0.00933	0.00877	0.01699	0.02632	0.03382	0.27808	0.09310	0.38393	0.02482	0.01249	0.00348	0.00522	0.02110	0.01051	0.00933
25	0.01801	0.01437	0.01672	0.01732	0.01999	0.01536	0.01246	0.03058	0.22037	0.03359	0.05244	0.39884	0.05552	0.02594	0.01245	0.00402	0.00699	0.02313	0.01018	0.01170
26	0.02509	0.02402	0.04097	0.15844	0.47735	0.02484	0.03191	0.03150	0.02357	0.03323	0.01970	0.02652	0.01629	0.00962	0.01049	0.00321	0.01283	0.00942	0.00514	0.01588
27	0.02121	0.05469	0.57364	0.03014	0.04576	0.02455	0.03906	0.03348	0.02232	0.03348	0.01897	0.02232	0.01339	0.01005	0.01005	0.00335	0.01563	0.00781	0.00446	0.01563
28	0.01997	0.01879	0.03171	0.60301	0.07282	0.02349	0.02936	0.02701	0.02114	0.02701	0.01879	0.02819	0.01409	0.01057	0.01057	0.00352	0.01409	0.00940	0.00470	0.01175
29	0.01837	0.00918	0.01377	0.01377	0.01377	0.00918	0.00918	0.01377	0.01377	0.01837	0.01837	0.03214	0.01837	0.03673	0.04132	0.69238	0.00918	0.00918	0.00459	0.00459
30	0.01394	0.01045	0.01293	0.01298	0.01534	0.00944	0.00948	0.01773	0.02653	0.03591	0.34633	0.19667	0.20304	0.02523	0.01269	0.00358	0.00531	0.02215	0.01083	0.00944
31	0.70310	0.02045	0.01554	0.01390	0.02045	0.02372	0.01145	0.03108	0.01799	0.04744	0.01472	0.01718	0.01145	0.00981	0.00654	0.00327	0.00818	0.00573	0.00654	0.01145
32	0.01820	0.01134	0.01463	0.01345	0.01643	0.01044	0.01021	0.02311	0.02923	0.08746	0.46363	0.07158	0.08663	0.02001	0.01184	0.00324	0.00533	0.01752	0.07508	0.01065
33	0.03013	0.02109	0.03056	0.07362	0.11810	0.02210	0.05713	0.11123	0.06168	0.15706	0.07076	0.09025	0.03089	0.01500	0.01302	0.00350	0.05715	0.01279	0.00899	0.01495
34	0.70310	0.02045	0.01554	0.01390	0.02045	0.02372	0.01145	0.03108	0.01799	0.04744	0.01472	0.01718	0.01145	0.00981	0.00654	0.00327	0.00818	0.00573	0.00654	0.01145
35	0.02514	0.02244	0.04021	0.28648	0.09633	0.02407	0.17320	0.03454	0.07232	0.08330	0.02411	0.02994	0.01774	0.01059	0.01115	0.00349	0.01405	0.01067	0.00630	0.01394
36	0.02716	0.02469	0.08581	0.11183	0.08150	0.02103	0.11186	0.07303	0.02659	0.11413	0.06023	0.03063	0.02287	0.01086	0.01043	0.00300	0.01193	0.01001	0.00733	0.15507
37	0.03213	0.02561	0.02719	0.02270	0.02972	0.02902	0.01815	0.25379	0.33626	0.05363	0.03563	0.03355	0.02628	0.01365	0.01068	0.00341	0.00974	0.01093	0.01068	0.01726
38	0.02674	0.02236	0.02365	0.02097	0.02670	0.02561	0.01622	0.09805	0.45300	0.04445	0.04055	0.04052	0.03141	0.06421	0.01425	0.00409	0.00883	0.01200	0.01039	0.01601
39	0.01410	0.00989	0.01278	0.01463	0.01536	0.00951	0.01003	0.01592	0.01964	0.02607	0.05182	0.41326	0.06089	0.17851	0.02354	0.00584	0.00767	0.09335	0.00897	0.00822
40	0.03950	0.05039	0.02996	0.02724	0.03269	0.58597	0.02043	0.04222	0.02996	0.02588	0.01634	0.01907	0.01362	0.01090	0.00953	0.00272	0.01907	0.00681	0.00545	0.01226

[dist]
# distance from previous block
# <min> <max>
0	1

[block]
# block no. 4 follows, 13 sequences, length 10
# corresponding to MSA columns:
# 243-252
name=unknown_E
#
# <colnr> <probs for GDERKNQSTAVLIFYWHMCP>
#	G	D	E	R	K	N	Q	S	T	A	V	L	I	F	Y	W	H	M	C	P
0	0.70310	0.02045	0.01554	0.01390	0.02045	0.02372	0.01145	0.03108	0.01799	0.04744	0.01472	0.01718	0.01145	0.00981	0.00654	0.00327	0.00818	0.00573	0.00654	0.01145
1	0.02667	0.11311	0.12121	0.03775	0.13342	0.02584	0.21245	0.03384	0.02420	0.08881	0.02449	0.06632	0.02015	0.01125	0.01087	0.00330	0.01398	0.01134	0.00621	0.01480
2	0.02382	0.01937	0.02652	0.01926	0.02825	0.01546	0.07480	0.02900	0.02350	0.07698	0.05768	0.02773	0.02228	0.00932	0.00893	0.00206	0.00894	0.00824	0.00706	0.51079
3	0.01298	0.01016	0.01177	0.01257	0.01489	0.00894	0.00897	0.01567	0.02346	0.02989	0.15111	0.29341	0.31167	0.02844	0.01287	0.00381	0.00560	0.02477	0.01007	0.00894
4	0.03481	0.02624	0.03499	0.08828	0.10088	0.02857	0.06571	0.29170	0.03736	0.10650	0.02468	0.02700	0.01787	0.01220	0.01236	0.00335	0.05243	0.00985	0.00877	0.01646
5	0.02040	0.01659	0.01881	0.01760	0.02161	0.01800	0.01335	0.03750	0.28652	0.04141	0.23729	0.12615	0.06219	0.01939	0.01174	0.00358	0.00683	0.01687	0.01097	0.01320
6	0.02177	0.02054	0.03263	0.35332	0.14935	0.02386	0.02698	0.02773	0.02108	0.02908	0.01831	0.02635	0.01474	0.01112	0.01356	0.00337	0.09546	0.00899	0.00498	0.09679
7	0.17635	0.02072	0.02439	0.02257	0.09042	0.01939	0.01590	0.07585	0.02519	0.13352	0.02261	0.02416	0.01691	0.00979	0.00860	0.00256	0.00901	0.00757	0.00776	0.28671
8	0.02583	0.10379	0.02131	0.01490	0.01938	0.08719	0.01203	0.08983	0.02643	0.03912	0.02842	0.03210	0.02246	0.01174	0.00796	0.00255	0.00836	0.00886	0.42608	0.01167
9	0.02835	0.03091	0.20253	0.07827	0.10747	0.02006	0.02584	0.03574	0.02432	0.16496	0.02462	0.02661	0.01753	0.01028	0.00981	0.00293	0.01178	0.00852	0.00709	0.16238

[dist]
# distance from previous block
# <min> <max>
0	3

[block]
# block no. 5 follows, 13 sequences, length 90
# corresponding to MSA columns:
# 256-345
name=unknown_F
#
# <colnr> <probs for GDERKNQSTAVLIFYWHMCP>
#	G	D	E	R	K	N	Q	S	T	A	V	L	I	F	Y	W	H	M	C	P
0	0.03295	0.30971	0.09303	0.02201	0.03140	0.03618	0.02094	0.25381	0.03421	0.04438	0.01988	0.02123	0.01553	0.01077	0.00879	0.00277	0.01186	0.00759	0.00723	0.01574
1	0.01431	0.01076	0.01348	0.01361	0.01606	0.00959	0.00981	0.01775	0.02486	0.03399	0.26450	0.28126	0.15143	0.02571	0.01253	0.00360	0.00567	0.02277	0.01030	0.05799
2	0.22969	0.02498	0.07216	0.11284	0.21792	0.02431	0.02416	0.06877	0.02404	0.07813	0.02010	0.02410	0.01532	0.01024	0.00930	0.00326	0.01137	0.00828	0.00645	0.01459
3	0.07189	0.30057	0.15932	0.01967	0.02790	0.02821	0.02028	0.02776	0.02111	0.02901	0.02666	0.17065	0.02759	0.01540	0.00920	0.00309	0.01076	0.01230	0.00599	0.01263
4	0.04744	0.01799	0.02454	0.01881	0.02699	0.01554	0.01554	0.05153	0.03026	0.56979	0.04171	0.03599	0.02617	0.01309	0.01063	0.00327	0.00900	0.01063	0.01309	0.01799
5	0.01599	0.01264	0.01823	0.01783	0.01922	0.01514	0.01374	0.01912	0.01707	0.02460	0.02953	0.09502	0.02965	0.10599	0.42125	0.01367	0.10281	0.01308	0.00596	0.00943
6	0.01460	0.01045	0.01413	0.01588	0.01746	0.00998	0.01207	0.01804	0.02355	0.03168	0.16298	0.35222	0.07344	0.02949	0.01362	0.00427	0.00700	0.16973	0.01018	0.00923
7	0.01513	0.01123	0.01649	0.01649	0.01820	0.01294	0.01259	0.01856	0.01684	0.02417	0.02878	0.04409	0.02754	0.12993	0.53740	0.01637	0.02665	0.01170	0.00573	0.00916
8	0.04465	0.02247	0.02731	0.02094	0.02922	0.02218	0.01729	0.23475	0.03775	0.37598	0.03542	0.03190	0.02302	0.01293	0.01061	0.00323	0.01001	0.01020	0.01212	0.01799
9	0.11702	0.02241	0.02279	0.02050	0.02655	0.02595	0.01603	0.05282	0.47294	0.04466	0.03924	0.03646	0.02948	0.01374	0.01019	0.00354	0.00834	0.01112	0.01019	0.01603
10	0.02630	0.02271	0.02391	0.02152	0.02749	0.02630	0.01674	0.05618	0.54336	0.04423	0.04303	0.03945	0.03228	0.01434	0.01076	0.00359	0.00837	0.01195	0.01076	0.01674
11	0.02192	0.01879	0.02192	0.01566	0.02506	0.01409	0.01253	0.02662	0.02192	0.03445	0.01879	0.02192	0.01566	0.00783	0.00783	0.00157	0.00783	0.00626	0.00626	0.69305
12	0.01909	0.02216	0.09754	0.02323	0.02565	0.02252	0.02039	0.02270	0.01833	0.02693	0.02942	0.21000	0.03214	0.02647	0.06622	0.00528	0.29895	0.01567	0.00629	0.01103
13	0.01810	0.01436	0.02312	0.02284	0.02638	0.01412	0.08500	0.02351	0.02442	0.03194	0.05134	0.10710	0.05484	0.02649	0.01432	0.00469	0.01082	0.42712	0.00915	0.01034
14	0.01560	0.01051	0.01227	0.01260	0.01292	0.01051	0.00783	0.01625	0.01658	0.02199	0.03635	0.07590	0.04144	0.54810	0.04856	0.00953	0.01018	0.07917	0.00685	0.00685
15	0.03006	0.03305	0.18820	0.10256	0.04028	0.02622	0.02595	0.23837	0.03360	0.07973	0.02394	0.02704	0.01743	0.01786	0.06402	0.00456	0.01452	0.00924	0.00771	0.01566
16	0.64030	0.07762	0.01925	0.01429	0.02107	0.02541	0.01207	0.03113	0.01832	0.04534	0.01472	0.01716	0.01165	0.00974	0.00657	0.00318	0.00847	0.00572	0.00636	0.01165
17	0.02395	0.15699	0.19196	0.10029	0.03783	0.02490	0.02485	0.03270	0.05986	0.06387	0.02630	0.03755	0.02248	0.01287	0.00996	0.00321	0.01206	0.07546	0.00638	0.07654
18	0.03541	0.04108	0.02818	0.02473	0.03097	0.39818	0.01885	0.07325	0.09942	0.03213	0.02085	0.02261	0.01669	0.01107	0.00954	0.00271	0.01564	0.00761	0.00660	0.10449
19	0.02954	0.03433	0.28713	0.02364	0.03426	0.01882	0.02600	0.03723	0.02491	0.22877	0.03328	0.11863	0.02669	0.01468	0.01079	0.00346	0.01175	0.01223	0.00844	0.01542
20	0.12145	0.02164	0.07537	0.02261	0.05743	0.01840	0.05323	0.03826	0.06558	0.22777	0.14573	0.04076	0.03827	0.01382	0.01056	0.00333	0.00941	0.01173	0.00993	0.01472
21	0.03366	0.01969	0.02678	0.11561	0.07273	0.01832	0.01844	0.07299	0.02735	0.25477	0.02873	0.02924	0.01996	0.01088	0.00980	0.00281	0.00993	0.00902	0.00904	0.21025
22	0.01567	0.01052	0.01394	0.01394	0.01466	0.01125	0.00940	0.01651	0.01578	0.02177	0.02939	0.05357	0.03112	0.33760	0.25733	0.10428	0.01707	0.01299	0.00588	0.00733
23	0.03416	0.08577	0.16203	0.02893	0.07464	0.24426	0.02511	0.10451	0.02977	0.08388	0.02067	0.02263	0.01554	0.01089	0.00977	0.00298	0.01528	0.00788	0.00652	0.01479
24	0.02094	0.02203	0.07128	0.47877	0.06446	0.02396	0.02833	0.03158	0.09420	0.02991	0.02219	0.02932	0.01658	0.01106	0.01056	0.00352	0.01341	0.00963	0.00553	0.01273
25	0.01410	0.01014	0.01336	0.01389	0.01561	0.00940	0.00991	0.01779	0.02592	0.03602	0.35061	0.30343	0.08742	0.02638	0.01289	0.00373	0.00546	0.02365	0.01088	0.00940
26	0.02942	0.01967	0.02961	0.30433	0.09893	0.02170	0.02392	0.03859	0.09408	0.18857	0.02884	0.03179	0.02031	0.01170	0.01060	0.00342	0.01170	0.01010	0.00801	0.01471
27	0.03004	0.31658	0.04385	0.11988	0.11645	0.03216	0.02189	0.06933	0.02503	0.10274	0.02054	0.02333	0.01614	0.01015	0.00874	0.00280	0.01166	0.00778	0.00624	0.01467
28	0.03753	0.02700	0.08112	0.03086	0.13473	0.06319	0.02253	0.10290	0.02966	0.27185	0.02935	0.02927	0.02028	0.01228	0.01226	0.00330	0.05639	0.00961	0.00924	0.01663
29	0.01766	0.01247	0.01542	0.01405	0.01709	0.01207	0.01071	0.06709	0.03115	0.04440	0.46747	0.07098	0.08660	0.02007	0.01190	0.00324	0.00560	0.01752	0.06379	0.01070
30	0.02236	0.02123	0.03603	0.39574	0.26142	0.02412	0.03055	0.02911	0.02227	0.02991	0.01921	0.02741	0.01512	0.01013	0.01053	0.00338	0.01350	0.00941	0.00490	0.01367
31	0.01658	0.01326	0.01405	0.01293	0.01699	0.01228	0.00995	0.08454	0.02842	0.03577	0.16469	0.08805	0.41591	0.02410	0.01223	0.00348	0.00614	0.02011	0.01020	0.01030
32	0.02099	0.01772	0.02088	0.01534	0.02382	0.01354	0.01219	0.02573	0.02300	0.03552	0.09092	0.02957	0.02693	0.00968	0.00845	0.00180	0.00745	0.00799	0.00698	0.60149
33	0.01853	0.01565	0.02695	0.02480	0.02897	0.01521	0.13123	0.02409	0.02418	0.03181	0.04832	0.13529	0.05137	0.02490	0.01404	0.00453	0.01130	0.34940	0.00875	0.01068
34	0.01517	0.01107	0.01568	0.01568	0.01712	0.01250	0.01158	0.01804	0.01660	0.02357	0.02952	0.04817	0.02931	0.21109	0.45867	0.01537	0.02398	0.01230	0.00584	0.00871
35	0.61425	0.02168	0.01771	0.01530	0.02210	0.02493	0.01261	0.09758	0.02225	0.05001	0.01615	0.01828	0.01233	0.01020	0.00708	0.00326	0.00864	0.00623	0.00708	0.01233
36	0.02343	0.01095	0.01182	0.01106	0.01428	0.01062	0.00848	0.02824	0.02326	0.11051	0.03546	0.03896	0.02698	0.01242	0.00783	0.00257	0.00547	0.00996	0.59677	0.01095
37	0.02827	0.63478	0.05540	0.01809	0.02714	0.04184	0.01809	0.03166	0.02148	0.02488	0.01470	0.01696	0.01357	0.00905	0.00678	0.00226	0.01131	0.00565	0.00452	0.01357
38	0.01971	0.00985	0.00985	0.00985	0.01232	0.00985	0.00739	0.02464	0.02217	0.03942	0.03449	0.03942	0.02710	0.01232	0.00739	0.00246	0.00493	0.00985	0.68712	0.00985
39	0.01510	0.01133	0.01699	0.01699	0.01888	0.01322	0.01322	0.01888	0.01699	0.02454	0.02832	0.04154	0.02643	0.07930	0.58652	0.01699	0.02832	0.01133	0.00566	0.00944
40	0.04744	0.01799	0.02454	0.01881	0.02699	0.01554	0.01554	0.05153	0.03026	0.56979	0.04171	0.03599	0.02617	0.01309	0.01063	0.00327	0.00900	0.01063	0.01309	0.01799
41	0.01510	0.01133	0.01699	0.01699	0.01888	0.01322	0.01322	0.01888	0.01699	0.02454	0.02832	0.04154	0.02643	0.07930	0.58652	0.01699	0.02832	0.01133	0.00566	0.00944
42	0.70310	0.02045	0.01554	0.01390	0.02045	0.02372	0.01145	0.03108	0.01799	0.04744	0.01472	0.01718	0.01145	0.00981	0.00654	0.00327	0.00818	0.00573	0.00654	0.01145
43	0.01288	0.00920	0.01227	0.01472	0.01534	0.00859	0.00981	0.01472	0.02024	0.02699	0.05828	0.62152	0.06993	0.03312	0.01350	0.00429	0.00613	0.03006	0.00981	0.00859
44	0.01307	0.00935	0.01244	0.01459	0.01538	0.00872	0.00983	0.01520	0.02114	0.02841	0.10425	0.57149	0.07268	0.03206	0.01340	0.00420	0.00603	0.02905	0.00998	0.00872
45	0.04744	0.01799	0.02454	0.01881	0.02699	0.01554	0.01554	0.05153	0.03026	0.56979	0.04171	0.03599	0.02617	0.01309	0.01063	0.00327	0.00900	0.01063	0.01309	0.01799
46	0.03845	0.02079	0.02634	0.07445	0.03227	0.02105	0.01841	0.18996	0.03452	0.29135	0.03662	0.04368	0.02741	0.01499	0.01116	0.00349	0.01037	0.07735	0.01108	0.01626
47	0.70310	0.02045	0.01554	0.01390	0.02045	0.02372	0.01145	0.03108	0.01799	0.04744	0.01472	0.01718	0.01145	0.00981	0.00654	0.00327	0.00818	0.00573	0.00654	0.01145
48	0.01794	0.01430	0.01925	0.01811	0.01833	0.01740	0.01334	0.01863	0.01633	0.02318	0.02860	0.13741	0.03195	0.21358	0.07307	0.09926	0.21015	0.01465	0.00608	0.00843
49	0.02756	0.01234	0.01454	0.01278	0.01694	0.01155	0.01001	0.03224	0.02517	0.19683	0.07704	0.04146	0.03245	0.01327	0.00874	0.00277	0.00614	0.01080	0.43511	0.01228
50	0.02827	0.63478	0.05540	0.01809	0.02714	0.04184	0.01809	0.03166	0.02148	0.02488	0.01470	0.01696	0.01357	0.00905	0.00678	0.00226	0.01131	0.00565	0.00452	0.01357
51	0.01571	0.01017	0.01324	0.01453	0.01618	0.00929	0.01011	0.01809	0.02227	0.07055	0.10751	0.47782	0.11473	0.02992	0.01309	0.00406	0.00618	0.02683	0.01024	0.00947
52	0.01496	0.01081	0.01413	0.01330	0.01580	0.00998	0.00998	0.01995	0.02993	0.04240	0.55689	0.07898	0.09976	0.02162	0.01247	0.00333	0.00499	0.01912	0.01164	0.00998
53	0.01503	0.01070	0.01321	0.01259	0.01524	0.00980	0.00944	0.01966	0.02832	0.04001	0.43973	0.07877	0.16285	0.02154	0.01200	0.00328	0.00504	0.01875	0.07423	0.00980
54	0.02121	0.05469	0.57364	0.03014	0.04576	0.02455	0.03906	0.03348	0.02232	0.03348	0.01897	0.02232	0.01339	0.01005	0.01005	0.00335	0.01563	0.00781	0.00446	0.01563
55	0.04744	0.01799	0.02454	0.01881	0.02699	0.01554	0.01554	0.05153	0.03026	0.56979	0.04171	0.03599	0.02617	0.01309	0.01063	0.00327	0.00900	0.01063	0.01309	0.01799
56	0.02827	0.63478	0.05540	0.01809	0.02714	0.04184	0.01809	0.03166	0.02148	0.02488	0.01470	0.01696	0.01357	0.00905	0.00678	0.00226	0.01131	0.00565	0.00452	0.01357
57	0.01374	0.00982	0.01325	0.01570	0.01669	0.00933	0.01131	0.01621	0.02109	0.02795	0.05780	0.51765	0.06805	0.03231	0.01372	0.00441	0.00688	0.12545	0.00980	0.00883
58	0.02617	0.02512	0.04292	0.06490	0.56246	0.02512	0.03245	0.03245	0.02407	0.03454	0.01989	0.02617	0.01675	0.00942	0.01047	0.00314	0.01256	0.00942	0.00523	0.01675
59	0.02192	0.01879	0.02192	0.01566	0.02506	0.01409	0.01253	0.02662	0.02192	0.03445	0.01879	0.02192	0.01566	0.00783	0.00783	0.00157	0.00783	0.00626	0.00626	0.69305
60	0.01510	0.01133	0.01699	0.01699	0.01888	0.01322	0.01322	0.01888	0.01699	0.02454	0.02832	0.04154	0.02643	0.07930	0.58652	0.01699	0.02832	0.01133	0.00566	0.00944
61	0.02827	0.63478	0.05540	0.01809	0.02714	0.04184	0.01809	0.03166	0.02148	0.02488	0.01470	0.01696	0.01357	0.00905	0.00678	0.00226	0.01131	0.00565	0.00452	0.01357
62	0.01577	0.01095	0.01513	0.01513	0.01679	0.01228	0.01131	0.01907	0.01742	0.02587	0.02997	0.04582	0.02850	0.16091	0.42101	0.01393	0.02220	0.01180	0.09713	0.00900
63	0.01580	0.01128	0.01561	0.01805	0.01994	0.01110	0.01488	0.01976	0.02311	0.03025	0.05667	0.26945	0.06356	0.03038	0.01427	0.00470	0.00866	0.35338	0.00976	0.00939
64	0.04744	0.01799	0.02454	0.01881	0.02699	0.01554	0.01554	0.05153	0.03026	0.56979	0.04171	0.03599	0.02617	0.01309	0.01063	0.00327	0.00900	0.01063	0.01309	0.01799
65	0.01288	0.00920	0.01227	0.01472	0.01534	0.00859	0.00981	0.01472	0.02024	0.02699	0.05828	0.62152	0.06993	0.03312	0.01350	0.00429	0.00613	0.03006	0.00981	0.00859
66	0.10720	0.01210	0.01432	0.01338	0.01642	0.01182	0.01017	0.02144	0.02833	0.04307	0.48421	0.07069	0.08793	0.02003	0.01168	0.00332	0.00542	0.01733	0.01096	0.01017
67	0.02192	0.01879	0.02192	0.01566	0.02506	0.01409	0.01253	0.02662	0.02192	0.03445	0.01879	0.02192	0.01566	0.00783	0.00783	0.00157	0.00783	0.00626	0.00626	0.69305
68	0.01314	0.01074	0.01160	0.01138	0.01467	0.00920	0.00854	0.01641	0.02561	0.03215	0.22359	0.09586	0.43946	0.02544	0.01249	0.00351	0.00526	0.02149	0.01029	0.00920
69	0.01425	0.01064	0.01324	0.01289	0.01544	0.00963	0.00955	0.01847	0.02781	0.03807	0.41649	0.13379	0.19324	0.02376	0.01257	0.00347	0.00517	0.02080	0.01109	0.00963
70	0.02342	0.03147	0.16752	0.04588	0.23369	0.02396	0.18668	0.03148	0.02360	0.03339	0.02372	0.08144	0.02071	0.01161	0.01129	0.00343	0.01432	0.01194	0.00552	0.01495
71	0.70310	0.02045	0.01554	0.01390	0.02045	0.02372	0.01145	0.03108	0.01799	0.04744	0.01472	0.01718	0.01145	0.00981	0.00654	0.00327	0.00818	0.00573	0.00654	0.01145
72	0.04744	0.01799	0.02454	0.01881	0.02699	0.01554	0.01554	0.05153	0.03026	0.56979	0.04171	0.03599	0.02617	0.01309	0.01063	0.00327	0.00900	0.01063	0.01309	0.01799
73	0.70310	0.02045	0.01554	0.01390	0.02045	0.02372	0.01145	0.03108	0.01799	0.04744	0.01472	0.01718	0.01145	0.00981	0.00654	0.00327	0.00818	0.00573	0.00654	0.01145
74	0.70310	0.02045	0.01554	0.01390	0.02045	0.02372	0.01145	0.03108	0.01799	0.04744	0.01472	0.01718	0.01145	0.00981	0.00654	0.00327	0.00818	0.00573	0.00654	0.01145
75	0.02134	0.01835	0.06413	0.02412	0.10600	0.01573	0.01709	0.06161	0.02899	0.07860	0.32034	0.05686	0.06397	0.02147	0.05064	0.00421	0.00934	0.01490	0.00970	0.01259
76	0.01577	0.01129	0.01492	0.01661	0.01851	0.01103	0.01336	0.01934	0.02276	0.02979	0.08835	0.17515	0.09658	0.12038	0.02014	0.00542	0.00872	0.29348	0.00937	0.00903
77	0.02719	0.02316	0.02441	0.02170	0.02783	0.02672	0.01695	0.08652	0.51157	0.04567	0.04190	0.03854	0.03135	0.01424	0.01075	0.00356	0.00858	0.01180	0.01075	0.01682
78	0.02827	0.63478	0.05540	0.01809	0.02714	0.04184	0.01809	0.03166	0.02148	0.02488	0.01470	0.01696	0.01357	0.00905	0.00678	0.00226	0.01131	0.00565	0.00452	0.01357
79	0.01837	0.00918	0.01377	0.01377	0.01377	0.00918	0.00918	0.01377	0.01377	0.01837	0.01837	0.03214	0.01837	0.03673	0.04132	0.69238	0.00918	0.00918	0.00459	0.00459
80	0.02641	0.02412	0.08443	0.22719	0.16094	0.02262	0.06264	0.06235	0.02540	0.10530	0.02613	0.03651	0.02090	0.01234	0.01102	0.00350	0.01294	0.05408	0.00678	0.01439
81	0.70310	0.02045	0.01554	0.01390	0.02045	0.02372	0.01145	0.03108	0.01799	0.04744	0.01472	0.01718	0.01145	0.00981	0.00654	0.00327	0.00818	0.00573	0.00654	0.01145
82	0.02339	0.03347	0.18317	0.22480	0.08771	0.06293	0.16980	0.03199	0.02329	0.03101	0.01947	0.02600	0.01458	0.00992	0.01089	0.00341	0.01578	0.00967	0.00490	0.01381
83	0.02579	0.03440	0.26013	0.02326	0.03446	0.02015	0.02518	0.03347	0.02301	0.11905	0.02218	0.02443	0.01624	0.01040	0.01119	0.00283	0.05512	0.00785	0.00646	0.24440
84	0.01288	0.00920	0.01227	0.01472	0.01534	0.00859	0.00981	0.01472	0.02024	0.02699	0.05828	0.62152	0.06993	0.03312	0.01350	0.00429	0.00613	0.03006	0.00981	0.00859
85	0.01892	0.01679	0.02706	0.36181	0.09991	0.01926	0.02337	0.02523	0.02426	0.03270	0.19328	0.04446	0.04211	0.01404	0.01118	0.00342	0.01100	0.01255	0.00700	0.01164
86	0.01716	0.00943	0.01311	0.01334	0.01340	0.00938	0.00859	0.01423	0.01474	0.01966	0.02553	0.09511	0.02779	0.17414	0.04166	0.47013	0.00915	0.01255	0.00550	0.00538
87	0.02482	0.08535	0.15124	0.06907	0.04040	0.02420	0.15246	0.03574	0.09691	0.07375	0.07426	0.03248	0.02589	0.01146	0.01064	0.00323	0.01270	0.01067	0.00700	0.05771
88	0.22106	0.01778	0.01934	0.01541	0.02259	0.01646	0.01241	0.03186	0.02382	0.14835	0.11152	0.03289	0.03054	0.01175	0.00880	0.00269	0.00770	0.00913	0.00862	0.24727
89	0.16498	0.11471	0.13033	0.02144	0.03056	0.02784	0.02063	0.14840	0.09988	0.10640	0.02492	0.02518	0.01814	0.01140	0.00918	0.00317	0.01089	0.00838	0.00812	0.01547

[dist]
# distance from previous block
# <min> <max>
3	12

[block]
# block no. 6 follows, 13 sequences, length 23
# corresponding to MSA columns:
# 358-380
name=unknown_G
#
# <colnr> <probs for GDERKNQSTAVLIFYWHMCP>
#	G	D	E	R	K	N	Q	S	T	A	V	L	I	F	Y	W	H	M	C	P
0	0.01660	0.01312	0.05171	0.01357	0.01516	0.01088	0.00996	0.01747	0.01791	0.02516	0.09002	0.08372	0.03995	0.31031	0.03784	0.15853	0.00919	0.01422	0.05726	0.00742
1	0.02571	0.02322	0.04104	0.02989	0.03896	0.02108	0.25437	0.06826	0.02692	0.07507	0.08347	0.03279	0.02634	0.01064	0.01095	0.00295	0.01259	0.01121	0.00724	0.19729
2	0.57691	0.01960	0.01689	0.01523	0.02078	0.02313	0.01247	0.02929	0.01775	0.04328	0.01621	0.02037	0.01333	0.01835	0.07465	0.00493	0.05267	0.00661	0.00631	0.01123
