[name]
unknown

[dist]
# distance from previous block
# <min> <max>
22	561

[block]
# block no. 0 follows, 11 sequences, length 60
# corresponding to MSA columns:
# 810-869
name=unknown_A
#
# <colnr> <probs for GDERKNQSTAVLIFYWHMCP>
#	G	D	E	R	K	N	Q	S	T	A	V	L	I	F	Y	W	H	M	C	P
0	0.09316	0.02131	0.03292	0.31948	0.15062	0.02377	0.02724	0.03521	0.02460	0.12908	0.02440	0.03001	0.01769	0.01144	0.01082	0.00360	0.01305	0.00987	0.00699	0.01475
1	0.16162	0.02241	0.03143	0.03689	0.21136	0.02189	0.02227	0.04336	0.02736	0.26556	0.03054	0.03073	0.02126	0.01185	0.01043	0.00343	0.01079	0.00986	0.00958	0.01736
2	0.08800	0.01830	0.02556	0.12759	0.08038	0.01878	0.01900	0.03375	0.02375	0.16439	0.02924	0.03648	0.02311	0.07309	0.11970	0.00674	0.01480	0.01057	0.00806	0.07870
3	0.08607	0.01856	0.02714	0.08748	0.16648	0.01862	0.02045	0.03200	0.02617	0.13287	0.11151	0.14690	0.04349	0.01778	0.01176	0.00369	0.00983	0.01572	0.00922	0.01425
4	0.10076	0.02055	0.02756	0.02183	0.02999	0.01918	0.05887	0.04444	0.08241	0.26512	0.03727	0.04175	0.02766	0.01401	0.01099	0.00341	0.01014	0.05133	0.01074	0.12198
5	0.09050	0.01830	0.02446	0.16354	0.03615	0.02107	0.01847	0.06785	0.02281	0.08345	0.02446	0.03659	0.02134	0.11271	0.02704	0.12645	0.07576	0.01072	0.00690	0.01141
6	0.02198	0.01955	0.02912	0.03911	0.24939	0.01934	0.02166	0.03006	0.07532	0.03891	0.17857	0.05917	0.13651	0.01744	0.01215	0.00353	0.00934	0.01560	0.00889	0.01435
7	0.02334	0.02001	0.02334	0.01667	0.02667	0.01500	0.01334	0.02834	0.02334	0.03668	0.02001	0.02334	0.01667	0.00834	0.00834	0.00167	0.00834	0.00667	0.00667	0.67325
8	0.03460	0.07584	0.16316	0.02228	0.03237	0.02031	0.02230	0.04097	0.02713	0.25789	0.03519	0.09394	0.02728	0.01455	0.01086	0.00335	0.01115	0.01194	0.00965	0.08524
9	0.02578	0.29374	0.33866	0.02662	0.04027	0.03397	0.03208	0.03482	0.02338	0.03174	0.01826	0.02133	0.01434	0.01024	0.00921	0.00307	0.01468	0.00734	0.00478	0.01570
10	0.02315	0.02172	0.03064	0.02676	0.02699	0.02969	0.02194	0.02505	0.01707	0.02622	0.01698	0.02779	0.01675	0.02891	0.09625	0.07385	0.46379	0.01009	0.00504	0.01131
11	0.02805	0.02456	0.04243	0.19682	0.23638	0.02566	0.10958	0.03723	0.06472	0.08493	0.02538	0.03104	0.01923	0.01108	0.01158	0.00358	0.01406	0.01092	0.00673	0.01603
12	0.04254	0.02464	0.08878	0.07413	0.03812	0.01947	0.06432	0.04863	0.02988	0.39269	0.03751	0.03520	0.02419	0.01292	0.01142	0.00354	0.01172	0.01104	0.01134	0.01791
13	0.01430	0.01023	0.01368	0.01597	0.01698	0.00961	0.01113	0.01685	0.02287	0.03066	0.10451	0.50918	0.07651	0.03378	0.01437	0.00453	0.00675	0.06808	0.01062	0.00938
14	0.01637	0.01091	0.01228	0.01228	0.01228	0.01091	0.00682	0.01637	0.01637	0.02182	0.03546	0.07365	0.04092	0.60445	0.05729	0.01091	0.01091	0.01637	0.00682	0.00682
15	0.19728	0.02382	0.03064	0.19150	0.12358	0.02664	0.02364	0.12915	0.02925	0.08893	0.02266	0.02680	0.01671	0.01155	0.01016	0.00352	0.01214	0.00916	0.00765	0.01522
16	0.68395	0.02177	0.01654	0.01480	0.02177	0.02525	0.01219	0.03309	0.01915	0.05050	0.01567	0.01828	0.01219	0.01045	0.00697	0.00348	0.00871	0.00609	0.00697	0.01219
17	0.04204	0.05364	0.03190	0.02900	0.03480	0.55926	0.02175	0.04494	0.03190	0.02755	0.01740	0.02030	0.01450	0.01160	0.01015	0.00290	0.02030	0.00725	0.00580	0.01305
18	0.02683	0.02306	0.02873	0.02444	0.03075	0.02533	0.07009	0.09235	0.32239	0.04640	0.09154	0.09183	0.04168	0.01697	0.01208	0.00381	0.00981	0.01498	0.01080	0.01617
19	0.03009	0.61122	0.05898	0.01926	0.02889	0.04454	0.01926	0.03370	0.02287	0.02648	0.01565	0.01805	0.01444	0.00963	0.00722	0.00241	0.01204	0.00602	0.00481	0.01444
20	0.03009	0.61122	0.05898	0.01926	0.02889	0.04454	0.01926	0.03370	0.02287	0.02648	0.01565	0.01805	0.01444	0.00963	0.00722	0.00241	0.01204	0.00602	0.00481	0.01444
21	0.02462	0.02462	0.03447	0.02955	0.02955	0.03447	0.02462	0.02709	0.01724	0.02709	0.01477	0.02462	0.01477	0.01970	0.03694	0.00492	0.58385	0.00985	0.00492	0.01231
22	0.01637	0.01091	0.01228	0.01228	0.01228	0.01091	0.00682	0.01637	0.01637	0.02182	0.03546	0.07365	0.04092	0.60445	0.05729	0.01091	0.01091	0.01637	0.00682	0.00682
23	0.02126	0.02001	0.03376	0.57739	0.07752	0.02501	0.03126	0.02876	0.02251	0.02876	0.02001	0.03001	0.01500	0.01125	0.01125	0.00375	0.01500	0.01000	0.00500	0.01250
24	0.01394	0.00997	0.01326	0.01552	0.01637	0.00929	0.01047	0.01623	0.02259	0.03039	0.10914	0.54527	0.07765	0.03402	0.01426	0.00447	0.00641	0.03082	0.01064	0.00929
25	0.68395	0.02177	0.01654	0.01480	0.02177	0.02525	0.01219	0.03309	0.01915	0.05050	0.01567	0.01828	0.01219	0.01045	0.00697	0.00348	0.00871	0.00609	0.00697	0.01219
26	0.01465	0.01133	0.01345	0.01385	0.01668	0.01013	0.01043	0.01835	0.02693	0.03500	0.22792	0.18102	0.28061	0.02815	0.01368	0.00398	0.00617	0.06676	0.01104	0.00987
27	0.02717	0.02604	0.04444	0.12212	0.48658	0.02656	0.03420	0.03394	0.02530	0.03593	0.02105	0.02808	0.01753	0.01016	0.01115	0.00339	0.01354	0.01003	0.00551	0.01727
28	0.01444	0.01077	0.01344	0.01421	0.01627	0.00976	0.01011	0.01782	0.02621	0.03511	0.24427	0.30462	0.18311	0.02932	0.01374	0.00403	0.00591	0.02597	0.01116	0.00976
29	0.02697	0.02301	0.02469	0.02268	0.02865	0.02643	0.01785	0.05600	0.46299	0.04568	0.04725	0.05086	0.03753	0.01692	0.01188	0.00396	0.00906	0.05923	0.01134	0.01704
30	0.02483	0.02365	0.04021	0.30233	0.32466	0.02595	0.03304	0.03189	0.02420	0.03309	0.02064	0.02884	0.01653	0.01059	0.01119	0.00353	0.01412	0.01002	0.00531	0.01538
31	0.39635	0.02058	0.02089	0.01717	0.02493	0.02130	0.01417	0.04297	0.02508	0.27366	0.02872	0.02738	0.01930	0.01203	0.00894	0.00348	0.00910	0.00847	0.01013	0.01535
32	0.04551	0.02391	0.02867	0.02233	0.03090	0.02402	0.01833	0.20646	0.08955	0.32930	0.03861	0.03483	0.02556	0.01393	0.01131	0.00348	0.01047	0.01106	0.01276	0.01901
33	0.01518	0.01148	0.01400	0.01337	0.01635	0.01030	0.01003	0.01978	0.03008	0.04092	0.40964	0.09102	0.22749	0.02458	0.01328	0.00361	0.00542	0.02133	0.01183	0.01030
34	0.02362	0.02242	0.03803	0.39550	0.24095	0.02563	0.03243	0.03083	0.02362	0.03162	0.02042	0.02924	0.01601	0.01081	0.01121	0.00360	0.01442	0.01001	0.00521	0.01441
35	0.01520	0.01123	0.01468	0.01625	0.01813	0.01015	0.01148	0.01779	0.02215	0.03008	0.05710	0.48976	0.06708	0.03186	0.01380	0.00430	0.00708	0.06820	0.01002	0.08368
36	0.01621	0.01154	0.01544	0.01544	0.01654	0.01263	0.01077	0.01840	0.01730	0.02417	0.03257	0.05762	0.03396	0.32125	0.33096	0.01482	0.02139	0.01402	0.00639	0.00858
37	0.03402	0.01693	0.02187	0.01796	0.02394	0.01571	0.01434	0.08423	0.03415	0.26884	0.26235	0.05795	0.06255	0.01801	0.01220	0.00350	0.00792	0.01530	0.01296	0.01528
38	0.02892	0.56092	0.05555	0.01916	0.02815	0.04198	0.01882	0.03256	0.02247	0.02645	0.01686	0.02025	0.01559	0.01591	0.05361	0.00372	0.01356	0.00653	0.00492	0.01407
39	0.01587	0.01070	0.01242	0.01291	0.01304	0.01058	0.00750	0.01624	0.01734	0.02312	0.04046	0.17214	0.04723	0.49736	0.04921	0.00972	0.01009	0.01931	0.00750	0.00726
40	0.01694	0.01233	0.01518	0.01492	0.01516	0.01347	0.00967	0.01774	0.01712	0.02343	0.03545	0.11742	0.04037	0.44219	0.09472	0.01029	0.07193	0.01685	0.00691	0.00790
41	0.32573	0.11597	0.03834	0.02569	0.03427	0.02945	0.15169	0.03682	0.07347	0.04228	0.02085	0.02418	0.01625	0.01055	0.00928	0.00344	0.01219	0.00883	0.00674	0.01398
42	0.04569	0.02687	0.03089	0.02368	0.03258	0.02799	0.01957	0.33027	0.04512	0.24838	0.03357	0.03127	0.02243	0.01367	0.01128	0.00342	0.01133	0.01058	0.01227	0.01915
43	0.03009	0.61122	0.05898	0.01926	0.02889	0.04454	0.01926	0.03370	0.02287	0.02648	0.01565	0.01805	0.01444	0.00963	0.00722	0.00241	0.01204	0.00602	0.00481	0.01444
44	0.01432	0.01144	0.01281	0.01247	0.01583	0.00993	0.00935	0.01812	0.02806	0.03611	0.27436	0.09894	0.36577	0.02638	0.01329	0.00370	0.00555	0.02244	0.01120	0.00993
45	0.01389	0.01113	0.01242	0.01272	0.01572	0.00966	0.00930	0.01706	0.02612	0.03299	0.18578	0.19237	0.36395	0.02866	0.01349	0.00389	0.00577	0.02459	0.01083	0.00966
46	0.01605	0.01134	0.01429	0.01365	0.01558	0.01070	0.00959	0.01991	0.02764	0.03879	0.39408	0.08124	0.08842	0.18136	0.02526	0.00555	0.00684	0.01927	0.01087	0.00959
47	0.04784	0.01837	0.02471	0.01917	0.02732	0.01600	0.01576	0.05227	0.03144	0.49696	0.04371	0.03864	0.02795	0.01386	0.01101	0.00341	0.00919	0.01124	0.07279	0.01837
48	0.04279	0.03153	0.03378	0.02590	0.03490	0.03490	0.02139	0.49671	0.05292	0.07093	0.02702	0.02702	0.01914	0.01351	0.01126	0.00338	0.01239	0.01013	0.01126	0.01914
49	0.02334	0.02001	0.02334	0.01667	0.02667	0.01500	0.01334	0.02834	0.02334	0.03668	0.02001	0.02334	0.01667	0.00834	0.00834	0.00167	0.00834	0.00667	0.00667	0.67325
50	0.01363	0.01012	0.01273	0.01482	0.01610	0.00921	0.01007	0.01577	0.02237	0.02907	0.07240	0.49968	0.16517	0.03392	0.01415	0.00442	0.00636	0.03035	0.01045	0.00921
51	0.33810	0.02034	0.02177	0.01765	0.02557	0.02050	0.01457	0.04497	0.02629	0.31887	0.03136	0.02922	0.02075	0.01235	0.00934	0.00348	0.00918	0.00895	0.01077	0.01599
52	0.01360	0.01023	0.01261	0.01451	0.01602	0.00924	0.00993	0.01580	0.02267	0.02919	0.07619	0.46399	0.19842	0.03342	0.01408	0.00436	0.00630	0.02975	0.01045	0.00924
53	0.03480	0.01568	0.02109	0.01736	0.02332	0.01385	0.01385	0.03959	0.03205	0.31643	0.26410	0.05909	0.06343	0.01805	0.01221	0.00351	0.00764	0.01542	0.01323	0.01528
54	0.02800	0.02418	0.02545	0.02291	0.02927	0.02800	0.01782	0.05981	0.51390	0.04708	0.04581	0.04199	0.03436	0.01527	0.01145	0.00382	0.00891	0.01273	0.01145	0.01782
55	0.03296	0.02336	0.03672	0.13461	0.27982	0.02379	0.02770	0.04125	0.06790	0.17393	0.02938	0.03224	0.02149	0.01173	0.01123	0.00349	0.01223	0.01060	0.00825	0.01732
56	0.01421	0.01015	0.01363	0.01624	0.01711	0.00957	0.01131	0.01653	0.02204	0.02929	0.06176	0.54441	0.07336	0.03479	0.01450	0.00464	0.00696	0.07980	0.01044	0.00928
57	0.03902	0.02738	0.04048	0.03070	0.03976	0.08264	0.18030	0.04783	0.08050	0.25971	0.03413	0.03396	0.02335	0.01229	0.01187	0.00356	0.01392	0.01168	0.00994	0.01697
58	0.02541	0.26652	0.36263	0.02725	0.04125	0.03307	0.03318	0.03491	0.02343	0.03219	0.01848	0.02161	0.01433	0.01029	0.00939	0.00313	0.01490	0.00745	0.00478	0.01581
59	0.02993	0.14927	0.16880	0.02346	0.03430	0.02739	0.02397	0.11828	0.02966	0.08281	0.02533	0.03171	0.02041	0.01224	0.01003	0.00302	0.01223	0.04019	0.00751	0.14946

[dist]
# distance from previous block
# <min> <max>
2	13

[block]
# block no. 1 follows, 11 sequences, length 29
# corresponding to MSA columns:
# 883-911
name=unknown_B
#
# <colnr> <probs for GDERKNQSTAVLIFYWHMCP>
#	G	D	E	R	K	N	Q	S	T	A	V	L	I	F	Y	W	H	M	C	P
0	0.10503	0.08078	0.02842	0.01920	0.02794	0.02013	0.01617	0.04858	0.02935	0.40375	0.03686	0.03319	0.02415	0.01273	0.01026	0.00323	0.00965	0.00992	0.01178	0.06888
1	0.09194	0.01986	0.02476	0.01931	0.02740	0.01828	0.01580	0.09125	0.03246	0.36222	0.08847	0.03910	0.03294	0.01407	0.01092	0.00332	0.00924	0.01133	0.01234	0.07498
2	0.03009	0.61122	0.05898	0.01926	0.02889	0.04454	0.01926	0.03370	0.02287	0.02648	0.01565	0.01805	0.01444	0.00963	0.00722	0.00241	0.01204	0.00602	0.00481	0.01444
3	0.01637	0.01091	0.01228	0.01228	0.01228	0.01091	0.00682	0.01637	0.01637	0.02182	0.03546	0.07365	0.04092	0.60445	0.05729	0.01091	0.01091	0.01637	0.00682	0.00682
4	0.01371	0.00979	0.01306	0.01567	0.01632	0.00914	0.01045	0.01567	0.02155	0.02873	0.06203	0.59710	0.07444	0.03526	0.01437	0.00457	0.00653	0.03200	0.01045	0.00914
5	0.04358	0.03026	0.03299	0.02529	0.03427	0.03302	0.02089	0.45133	0.05079	0.11931	0.02881	0.02818	0.02004	0.01355	0.01127	0.00339	0.01210	0.01026	0.01153	0.01914
6	0.04417	0.02931	0.03241	0.02485	0.03380	0.03162	0.02052	0.41760	0.04921	0.15527	0.03013	0.02904	0.02070	0.01359	0.01127	0.00340	0.01188	0.01035	0.01174	0.01914
7	0.01386	0.01111	0.01238	0.01272	0.01571	0.00964	0.00929	0.01698	0.02599	0.03276	0.17920	0.19777	0.36544	0.02881	0.01350	0.00390	0.00579	0.02472	0.01080	0.00964
8	0.02257	0.05822	0.54613	0.03208	0.04871	0.02614	0.04158	0.03564	0.02376	0.03564	0.02020	0.02376	0.01426	0.01069	0.01069	0.00356	0.01663	0.00832	0.00475	0.01663
9	0.01424	0.01079	0.01314	0.01392	0.01613	0.00969	0.00992	0.01747	0.02585	0.03410	0.21586	0.29598	0.22292	0.02957	0.01372	0.00403	0.00592	0.02603	0.01102	0.00969
10	0.01724	0.01104	0.01467	0.01555	0.01744	0.01016	0.01097	0.02040	0.02549	0.07359	0.20122	0.39899	0.08039	0.02991	0.01380	0.00418	0.00640	0.02688	0.01130	0.01037
11	0.01514	0.01147	0.01394	0.01333	0.01633	0.01028	0.00999	0.01970	0.02998	0.04068	0.40301	0.09141	0.23426	0.02467	0.01328	0.00362	0.00543	0.02138	0.01180	0.01028
12	0.02127	0.01284	0.01586	0.01498	0.01896	0.01138	0.01164	0.02522	0.02825	0.12751	0.20782	0.13333	0.23708	0.02515	0.01324	0.00387	0.00680	0.06159	0.01162	0.01161
13	0.02873	0.51089	0.14736	0.02158	0.03248	0.04120	0.02331	0.03405	0.02303	0.02814	0.01647	0.01909	0.01441	0.00982	0.00785	0.00262	0.01287	0.00644	0.00480	0.01484
14	0.02425	0.02464	0.03375	0.38155	0.06091	0.08228	0.02859	0.02999	0.02213	0.02821	0.01841	0.02764	0.01489	0.01344	0.01768	0.00396	0.16043	0.00968	0.00506	0.01251
15	0.04430	0.01761	0.02328	0.01832	0.02599	0.01532	0.01498	0.04861	0.03078	0.44745	0.04973	0.04480	0.07187	0.01512	0.01115	0.00342	0.00881	0.01232	0.07867	0.01745
16	0.02924	0.52003	0.05517	0.02086	0.02899	0.04297	0.02009	0.03267	0.02199	0.02657	0.01551	0.01908	0.01450	0.01119	0.01184	0.00280	0.10092	0.00661	0.00483	0.01411
17	0.01616	0.01166	0.01537	0.01484	0.01749	0.01086	0.01140	0.02146	0.03124	0.04395	0.47976	0.08852	0.10191	0.02385	0.01351	0.00371	0.00583	0.06573	0.01218	0.01059
18	0.01536	0.01148	0.01454	0.01581	0.01823	0.01066	0.01231	0.01916	0.02589	0.03380	0.16423	0.23280	0.19359	0.02993	0.01424	0.00436	0.00724	0.15567	0.01080	0.00988
19	0.02548	0.01651	0.02529	0.02209	0.02692	0.01580	0.08789	0.03237	0.06820	0.13543	0.04813	0.24354	0.04704	0.02254	0.01278	0.00403	0.00954	0.06486	0.07847	0.01310
20	0.02135	0.01357	0.01893	0.02066	0.02386	0.01331	0.01798	0.02645	0.02654	0.08414	0.05809	0.11816	0.06111	0.02939	0.01513	0.00501	0.01029	0.41410	0.01072	0.01124
21	0.02635	0.02973	0.06293	0.04549	0.05563	0.02912	0.44222	0.03507	0.02555	0.03507	0.02190	0.02973	0.01683	0.01060	0.01586	0.00392	0.08060	0.01291	0.00561	0.01487
22	0.04213	0.05123	0.03210	0.02866	0.03481	0.50206	0.02171	0.09423	0.03419	0.03228	0.01845	0.02103	0.01500	0.01181	0.01027	0.00295	0.01943	0.00756	0.00639	0.01371
23	0.01955	0.00978	0.01466	0.01466	0.01466	0.00978	0.00978	0.01466	0.01466	0.01955	0.01955	0.03421	0.01955	0.03910	0.04399	0.67253	0.00978	0.00978	0.00489	0.00489
24	0.03950	0.03176	0.13079	0.02635	0.03632	0.07466	0.07097	0.04876	0.07986	0.29034	0.03499	0.03329	0.02348	0.01276	0.01130	0.00351	0.01289	0.01068	0.01026	0.01752
25	0.02462	0.02462	0.03447	0.02955	0.02955	0.03447	0.02462	0.02709	0.01724	0.02709	0.01477	0.02462	0.01477	0.01970	0.03694	0.00492	0.58385	0.00985	0.00492	0.01231
26	0.01892	0.01204	0.01587	0.01485	0.01787	0.01102	0.01115	0.02380	0.03087	0.08959	0.43697	0.13093	0.09577	0.02339	0.01320	0.00364	0.00583	0.02068	0.01234	0.01126
27	0.02415	0.02635	0.17130	0.02063	0.02828	0.01610	0.02072	0.03119	0.02851	0.13436	0.24151	0.11060	0.06145	0.01898	0.01227	0.00364	0.00953	0.01635	0.01026	0.01383
28	0.02800	0.02418	0.02545	0.02291	0.02927	0.02800	0.01782	0.05981	0.51390	0.04708	0.04581	0.04199	0.03436	0.01527	0.01145	0.00382	0.00891	0.01273	0.01145	0.01782

[dist]
# distance from previous block
# <min> <max>
0	23

[block]
# block no. 2 follows, 11 sequences, length 29
# corresponding to MSA columns:
# 935-963
name=unknown_C
#
# <colnr> <probs for GDERKNQSTAVLIFYWHMCP>
#	G	D	E	R	K	N	Q	S	T	A	V	L	I	F	Y	W	H	M	C	P
0	0.08502	0.02027	0.02909	0.02469	0.02743	0.02476	0.06097	0.02784	0.01945	0.06795	0.02341	0.03544	0.02157	0.10071	0.13867	0.00797	0.25535	0.01115	0.00631	0.01196
1	0.01453	0.01427	0.06238	0.01719	0.01932	0.01071	0.01333	0.01752	0.02175	0.02937	0.05816	0.54406	0.06887	0.03299	0.01403	0.00448	0.00746	0.02981	0.00992	0.00984
2	0.15225	0.03553	0.02785	0.02361	0.03084	0.24765	0.01858	0.10001	0.03237	0.18753	0.02618	0.02605	0.01859	0.01232	0.01009	0.00323	0.01426	0.00860	0.00903	0.01543
3	0.68395	0.02177	0.01654	0.01480	0.02177	0.02525	0.01219	0.03309	0.01915	0.05050	0.01567	0.01828	0.01219	0.01045	0.00697	0.00348	0.00871	0.00609	0.00697	0.01219
4	0.02623	0.02218	0.02748	0.21446	0.04345	0.08553	0.02225	0.03077	0.02382	0.08786	0.03099	0.08876	0.02903	0.06764	0.01936	0.00462	0.09232	0.06360	0.00732	0.01232
5	0.18503	0.01971	0.02409	0.01892	0.02725	0.01839	0.01562	0.05023	0.02944	0.43764	0.03830	0.03406	0.02453	0.01319	0.01039	0.00348	0.00939	0.01021	0.01245	0.01768
6	0.16803	0.02232	0.03082	0.20748	0.13815	0.02436	0.02410	0.07136	0.02670	0.14494	0.02494	0.02867	0.01794	0.01158	0.01035	0.00353	0.01206	0.00948	0.00785	0.01532
7	0.02952	0.02522	0.02741	0.08727	0.03306	0.11114	0.01994	0.08507	0.02729	0.09458	0.03287	0.17288	0.03209	0.01997	0.01776	0.00401	0.14304	0.01531	0.00830	0.01326
8	0.01954	0.01234	0.01766	0.01745	0.02000	0.01299	0.01327	0.02326	0.02166	0.08813	0.08131	0.16730	0.04486	0.06029	0.33080	0.01221	0.02050	0.01702	0.00845	0.01096
9	0.02126	0.02001	0.03376	0.57739	0.07752	0.02501	0.03126	0.02876	0.02251	0.02876	0.02001	0.03001	0.01500	0.01125	0.01125	0.00375	0.01500	0.01000	0.00500	0.01250
10	0.02657	0.03036	0.06641	0.04744	0.05882	0.02846	0.49336	0.03605	0.02657	0.03605	0.02277	0.03036	0.01708	0.00949	0.01328	0.00380	0.01898	0.01328	0.00569	0.01518
11	0.02800	0.02418	0.02545	0.02291	0.02927	0.02800	0.01782	0.05981	0.51390	0.04708	0.04581	0.04199	0.03436	0.01527	0.01145	0.00382	0.00891	0.01273	0.01145	0.01782
12	0.01456	0.01126	0.01327	0.01318	0.01608	0.00997	0.00973	0.01843	0.02801	0.03696	0.29771	0.15579	0.28096	0.02680	0.01342	0.00377	0.00562	0.02318	0.01134	0.00997
13	0.01440	0.01021	0.01331	0.01502	0.01594	0.00960	0.01006	0.01670	0.02270	0.03071	0.13797	0.44947	0.07594	0.09918	0.01916	0.00513	0.00683	0.02821	0.01036	0.00912
14	0.01424	0.01017	0.01367	0.01628	0.01716	0.00960	0.01137	0.01659	0.02207	0.02933	0.06174	0.54075	0.07328	0.03476	0.01451	0.00464	0.00699	0.08312	0.01044	0.00929
15	0.04279	0.03153	0.03378	0.02590	0.03490	0.03490	0.02139	0.49671	0.05292	0.07093	0.02702	0.02702	0.01914	0.01351	0.01126	0.00338	0.01239	0.01013	0.01126	0.01914
16	0.04207	0.02952	0.03640	0.02750	0.03674	0.03138	0.07538	0.37635	0.04673	0.13827	0.02916	0.02912	0.02022	0.01311	0.01150	0.00344	0.01272	0.01068	0.01102	0.01868
17	0.01641	0.01167	0.01405	0.01424	0.01438	0.01225	0.00887	0.01700	0.01752	0.02366	0.03955	0.18016	0.04607	0.44233	0.04679	0.00914	0.05157	0.01918	0.00745	0.00771
18	0.03134	0.02369	0.08963	0.02464	0.03322	0.01794	0.09068	0.03741	0.02703	0.20883	0.03840	0.10791	0.03270	0.01653	0.01194	0.00359	0.01137	0.06653	0.00967	0.11694
19	0.09421	0.02846	0.02728	0.02273	0.02995	0.08884	0.01816	0.20998	0.16663	0.09807	0.03228	0.03169	0.02362	0.01350	0.01054	0.00340	0.01122	0.01027	0.06239	0.01679
20	0.04065	0.02086	0.02608	0.01959	0.02876	0.01814	0.01604	0.09685	0.03166	0.32115	0.03436	0.03207	0.02317	0.01204	0.01033	0.00287	0.00949	0.00965	0.01123	0.23502
21	0.02410	0.17046	0.44726	0.02948	0.04469	0.02987	0.03705	0.03525	0.02358	0.03378	0.01927	0.02260	0.01430	0.01048	0.00999	0.00333	0.01570	0.00785	0.00477	0.01619
22	0.01931	0.01296	0.01651	0.01743	0.02098	0.01207	0.01468	0.02361	0.02638	0.07734	0.07711	0.11269	0.22261	0.02868	0.01440	0.00455	0.00868	0.26845	0.01071	0.01084
23	0.10008	0.05076	0.03051	0.02771	0.03362	0.51098	0.02088	0.04387	0.03074	0.02962	0.01724	0.02012	0.01429	0.01149	0.00986	0.00295	0.01925	0.00714	0.00590	0.01297
24	0.04648	0.02031	0.02765	0.08454	0.03486	0.01908	0.01865	0.08961	0.03287	0.44283	0.04012	0.03639	0.02564	0.01359	0.01131	0.00350	0.01044	0.01107	0.01268	0.01839
25	0.01537	0.01146	0.01450	0.01651	0.01783	0.01133	0.01130	0.02079	0.07863	0.03086	0.06015	0.53274	0.06979	0.03294	0.01403	0.00448	0.00681	0.02976	0.01056	0.01015
26	0.02078	0.01366	0.01705	0.01730	0.01987	0.01370	0.01305	0.02717	0.08215	0.07698	0.08762	0.17015	0.05639	0.18109	0.02547	0.00617	0.00922	0.14126	0.01004	0.01090
27	0.08260	0.03357	0.03008	0.20745	0.04673	0.23151	0.02324	0.04133	0.08323	0.07951	0.02389	0.02751	0.01801	0.01204	0.01053	0.00338	0.01538	0.00908	0.00702	0.01392
28	0.16040	0.02594	0.02901	0.31576	0.05412	0.10641	0.02438	0.03566	0.07968	0.03511	0.02169	0.02752	0.01658	0.01160	0.01023	0.00357	0.01382	0.00910	0.00626	0.01313

[dist]
# distance from previous block
# <min> <max>
0	2

[block]
# block no. 3 follows, 11 sequences, length 13
# corresponding to MSA columns:
# 966-978
name=unknown_D
#
# <colnr> <probs for GDERKNQSTAVLIFYWHMCP>
#	G	D	E	R	K	N	Q	S	T	A	V	L	I	F	Y	W	H	M	C	P
0	0.02823	0.01262	0.01433	0.01283	0.01695	0.01198	0.01000	0.03326	0.02572	0.16482	0.03861	0.04106	0.02861	0.01331	0.00872	0.00283	0.00631	0.01069	0.50650	0.01262
1	0.03755	0.01873	0.02653	0.10523	0.03439	0.01902	0.01881	0.04231	0.02891	0.32483	0.11334	0.04263	0.03668	0.01563	0.01464	0.00370	0.07745	0.01237	0.01126	0.01599
2	0.03910	0.04761	0.02890	0.02641	0.03177	0.48259	0.01981	0.04233	0.03074	0.02956	0.02010	0.02332	0.01650	0.01181	0.00983	0.00286	0.01819	0.00770	0.09817	0.01269
3	0.02244	0.01567	0.02093	0.01893	0.02029	0.01809	0.01419	0.02405	0.02077	0.08215	0.10150	0.09548	0.04178	0.18378	0.03533	0.07441	0.17693	0.01509	0.00791	0.01027
4	0.03844	0.03332	0.20779	0.02453	0.03577	0.02107	0.02542	0.04865	0.07848	0.31448	0.03609	0.03360	0.02377	0.01294	0.01111	0.00355	0.01198	0.01041	0.01047	0.01814
5	0.68395	0.02177	0.01654	0.01480	0.02177	0.02525	0.01219	0.03309	0.01915	0.05050	0.01567	0.01828	0.01219	0.01045	0.00697	0.00348	0.00871	0.00609	0.00697	0.01219
6	0.03085	0.02239	0.03560	0.22118	0.19885	0.02457	0.02786	0.03673	0.02522	0.15710	0.02574	0.03076	0.01900	0.01253	0.01426	0.00370	0.08025	0.01032	0.00736	0.01574
7	0.02150	0.01257	0.01611	0.01496	0.01835	0.01136	0.01114	0.02550	0.02865	0.12790	0.29306	0.14972	0.13311	0.06515	0.01622	0.00423	0.00669	0.02049	0.01177	0.01153
8	0.02126	0.02001	0.03376	0.57739	0.07752	0.02501	0.03126	0.02876	0.02251	0.02876	0.02001	0.03001	0.01500	0.01125	0.01125	0.00375	0.01500	0.01000	0.00500	0.01250
9	0.01518	0.01015	0.01354	0.01499	0.01579	0.00962	0.01005	0.01643	0.02161	0.02922	0.12429	0.38645	0.06792	0.08424	0.02253	0.10725	0.00723	0.02544	0.00957	0.00851
10	0.02457	0.02438	0.10191	0.24984	0.08975	0.02229	0.02684	0.03087	0.02407	0.08586	0.08222	0.03612	0.02757	0.01550	0.01586	0.05437	0.05667	0.01110	0.00682	0.01340
11	0.02989	0.02394	0.10243	0.02010	0.02874	0.01700	0.01835	0.03750	0.06062	0.18847	0.08551	0.09617	0.03614	0.01520	0.01095	0.00315	0.00952	0.01281	0.00986	0.19364
12	0.03012	0.08917	0.09345	0.10133	0.03952	0.02972	0.02319	0.16243	0.17234	0.04644	0.02887	0.03013	0.02167	0.01252	0.01058	0.00333	0.01186	0.00992	0.00861	0.07481

[dist]
# distance from previous block
# <min> <max>
1	2

[block]
# block no. 4 follows, 11 sequences, length 8
# corresponding to MSA columns:
# 981-988
name=unknown_E
#
# <colnr> <probs for GDERKNQSTAVLIFYWHMCP>
#	G	D	E	R	K	N	Q	S	T	A	V	L	I	F	Y	W	H	M	C	P
0	0.11606	0.02214	0.03346	0.21693	0.13480	0.02301	0.06047	0.03346	0.02403	0.08632	0.02227	0.02773	0.01685	0.01055	0.01030	0.00325	0.01246	0.00928	0.00661	0.13001
1	0.68395	0.02177	0.01654	0.01480	0.02177	0.02525	0.01219	0.03309	0.01915	0.05050	0.01567	0.01828	0.01219	0.01045	0.00697	0.00348	0.00871	0.00609	0.00697	0.01219
2	0.01593	0.01150	0.01504	0.01416	0.01681	0.01062	0.01062	0.02124	0.03186	0.04513	0.52830	0.08407	0.10620	0.02301	0.01327	0.00354	0.00531	0.02035	0.01239	0.01062
3	0.01371	0.00979	0.01306	0.01567	0.01632	0.00914	0.01045	0.01567	0.02155	0.02873	0.06203	0.59710	0.07444	0.03526	0.01437	0.00457	0.00653	0.03200	0.01045	0.00914
4	0.49138	0.02303	0.02071	0.01735	0.02490	0.02567	0.01431	0.11312	0.02654	0.12061	0.02146	0.02245	0.01547	0.01143	0.00827	0.00347	0.00944	0.00748	0.00862	0.01429
5	0.02687	0.02057	0.03681	0.15045	0.08631	0.02057	0.14439	0.03253	0.02563	0.11909	0.07900	0.08192	0.03217	0.01670	0.01516	0.06355	0.01288	0.01384	0.00790	0.01364
6	0.02184	0.01264	0.01646	0.01530	0.01884	0.01138	0.01153	0.02615	0.02952	0.13495	0.31607	0.17016	0.12288	0.02399	0.01310	0.00374	0.00637	0.02104	0.01216	0.01187
7	0.02811	0.01516	0.01847	0.01636	0.02161	0.01381	0.01269	0.03436	0.07494	0.21341	0.11050	0.14156	0.20784	0.02255	0.01257	0.00377	0.00746	0.01914	0.01194	0.01375

[dist]
# distance from previous block
# <min> <max>
0	18

[block]
# block no. 5 follows, 11 sequences, length 13
# corresponding to MSA columns:
# 1007-1019
name=unknown_F
#
# <colnr> <probs for GDERKNQSTAVLIFYWHMCP>
#	G	D	E	R	K	N	Q	S	T	A	V	L	I	F	Y	W	H	M	C	P
0	0.11259	0.01687	0.01901	0.01591	0.02243	0.01455	0.01219	0.02517	0.02320	0.03754	0.08225	0.16937	0.03944	0.01674	0.01013	0.00283	0.00763	0.01420	0.00823	0.34972
1	0.11845	0.02469	0.04392	0.03944	0.13650	0.02386	0.22696	0.03365	0.02563	0.07482	0.03722	0.04086	0.09680	0.01300	0.01184	0.00364	0.01370	0.01313	0.00720	0.01469
2	0.02688	0.01778	0.02111	0.01884	0.02362	0.01826	0.01449	0.10598	0.12605	0.11688	0.18652	0.17255	0.06071	0.02142	0.01257	0.00379	0.00798	0.01855	0.01183	0.01423
3	0.02211	0.02167	0.03900	0.49226	0.07452	0.02556	0.10550	0.02993	0.02316	0.02993	0.02045	0.03006	0.01534	0.01097	0.01158	0.00376	0.01564	0.01053	0.00511	0.01293
4	0.02657	0.03036	0.06641	0.04744	0.05882	0.02846	0.49336	0.03605	0.02657	0.03605	0.02277	0.03036	0.01708	0.00949	0.01328	0.00380	0.01898	0.01328	0.00569	0.01518
5	0.02038	0.02819	0.15556	0.02987	0.03811	0.01976	0.17856	0.02792	0.02521	0.03513	0.10576	0.20126	0.04582	0.01919	0.01299	0.00393	0.01286	0.01857	0.00781	0.01311
6	0.01637	0.01091	0.01228	0.01228	0.01228	0.01091	0.00682	0.01637	0.01637	0.02182	0.03546	0.07365	0.04092	0.60445	0.05729	0.01091	0.01091	0.01637	0.00682	0.00682
7	0.02322	0.05374	0.46906	0.03455	0.05034	0.02651	0.11416	0.03571	0.02421	0.03571	0.02061	0.02482	0.01471	0.01050	0.01111	0.00360	0.01701	0.00911	0.00490	0.01640
8	0.02009	0.01842	0.03055	0.49032	0.06803	0.02255	0.02803	0.02673	0.02236	0.02875	0.02652	0.11791	0.02422	0.01497	0.01174	0.00388	0.01369	0.01341	0.00585	0.01198
9	0.01503	0.01077	0.01338	0.01399	0.01544	0.01008	0.00948	0.01771	0.02410	0.03267	0.21415	0.26124	0.11791	0.16422	0.02399	0.00565	0.00708	0.02375	0.01024	0.00912
10	0.02895	0.02177	0.02692	0.10542	0.03609	0.01991	0.01774	0.10639	0.02888	0.09321	0.02366	0.02651	0.01797	0.01020	0.00957	0.00245	0.01015	0.00822	0.00790	0.39810
11	0.02900	0.09823	0.02554	0.06133	0.02718	0.01854	0.01607	0.03395	0.02749	0.17411	0.11518	0.05963	0.04441	0.01771	0.01131	0.00355	0.00914	0.09813	0.11593	0.01356
12	0.03783	0.02427	0.03084	0.03057	0.12701	0.02454	0.02073	0.18662	0.07056	0.18507	0.03218	0.03221	0.02291	0.01268	0.01079	0.00325	0.01072	0.01040	0.06200	0.06481

[dist]
# distance from previous block
# <min> <max>
2	9

[block]
# block no. 6 follows, 11 sequences, length 24
# corresponding to MSA columns:
# 1029-1037,1046-1060
name=unknown_G
#
# <colnr> <probs for GDERKNQSTAVLIFYWHMCP>
#	G	D	E	R	K	N	Q	S	T	A	V	L	I	F	Y	W	H	M	C	P
0	0.03710	0.07724	0.03118	0.02170	0.02931	0.02098	0.05960	0.09242	0.03302	0.27268	0.15470	0.04542	0.04354	0.01525	0.01157	0.00341	0.00996	0.01304	0.01162	0.01627
1	0.03251	0.17879	0.14567	0.07774	0.03834	0.07408	0.02459	0.04289	0.10046	0.13739	0.02766	0.02841	0.02024	0.01192	0.01008	0.00326	0.01302	0.00910	0.00778	0.01608
2	0.04217	0.16673	0.08667	0.02152	0.03126	0.02573	0.02009	0.08341	0.03078	0.32922	0.03365	0.03106	0.02257	0.01254	0.01026	0.00322	0.01110	0.00965	0.01060	0.01777
3	0.03377	0.27465	0.03947	0.01872	0.02820	0.02816	0.01678	0.03799	0.02559	0.17222	0.02488	0.02521	0.01881	0.01044	0.00868	0.00249	0.01027	0.00768	0.00788	0.20811
4	0.03151	0.54632	0.05616	0.02000	0.02956	0.04346	0.01950	0.08554	0.02623	0.03146	0.01692	0.01906	0.01497	0.01006	0.00767	0.00252	0.01208	0.00648	0.00554	0.01497
5	0.03461	0.01564	0.02019	0.01693	0.02310	0.01354	0.01343	0.03842	0.02946	0.32102	0.10277	0.11563	0.16601	0.02049	0.01228	0.00368	0.00795	0.01727	0.01258	0.01502
6	0.02126	0.02001	0.03376	0.57739	0.07752	0.02501	0.03126	0.02876	0.02251	0.02876	0.02001	0.03001	0.01500	0.01125	0.01125	0.00375	0.01500	0.01000	0.00500	0.01250
7	0.01637	0.01091	0.01228	0.01228	0.01228	0.01091	0.00682	0.01637	0.01637	0.02182	0.03546	0.07365	0.04092	0.60445	0.05729	0.01091	0.01091	0.01637	0.00682	0.00682
8	0.02549	0.10316	0.22677	0.09470	0.21498	0.02853	0.08093	0.03446	0.02446	0.03441	0.02026	0.02575	0.01584	0.01028	0.01077	0.00340	0.01510	0.00929	0.00515	0.01627
9	0.02136	0.01947	0.02676	0.02376	0.02408	0.02580	0.01886	0.02351	0.01718	0.02573	0.02198	0.03897	0.02290	0.16344	0.12620	0.00842	0.36367	0.01169	0.00554	0.01069
10	0.01637	0.01091	0.01228	0.01228	0.01228	0.01091	0.00682	0.01637	0.01637	0.02182	0.03546	0.07365	0.04092	0.60445	0.05729	0.01091	0.01091	0.01637	0.00682	0.00682
11	0.02962	0.02357	0.03284	0.12499	0.18402	0.02543	0.02455	0.09437	0.15385	0.08906	0.07301	0.03743	0.03014	0.01342	0.01145	0.00356	0.01135	0.01172	0.00898	0.01663
12	0.02565	0.02546	0.08735	0.34457	0.18606	0.02481	0.03182	0.03323	0.02428	0.07702	0.02248	0.02957	0.01679	0.01112	0.01117	0.00361	0.01427	0.00996	0.00591	0.01486
13	0.03673	0.02869	0.03115	0.12553	0.07812	0.11762	0.02228	0.16944	0.03578	0.14322	0.07298	0.03389	0.02718	0.01346	0.01125	0.00339	0.01310	0.01077	0.00939	0.01603
14	0.01480	0.01107	0.01374	0.01390	0.01633	0.01001	0.01011	0.01874	0.02796	0.03783	0.32153	0.21322	0.19506	0.02721	0.01354	0.00385	0.00569	0.02393	0.01148	0.01001
15	0.01703	0.00978	0.01397	0.01510	0.01538	0.00950	0.01007	0.01510	0.01763	0.02351	0.03787	0.27688	0.04321	0.03745	0.03122	0.38457	0.00838	0.01936	0.00728	0.00672
16	0.02334	0.02001	0.02334	0.01667	0.02667	0.01500	0.01334	0.02834	0.02334	0.03668	0.02001	0.02334	0.01667	0.00834	0.00834	0.00167	0.00834	0.00667	0.00667	0.67325
17	0.02190	0.02066	0.03492	0.52801	0.12189	0.02517	0.03158	0.02932	0.02281	0.02954	0.02012	0.02980	0.01528	0.01113	0.01124	0.00371	0.01485	0.01001	0.00506	0.01302
18	0.01523	0.01137	0.01440	0.01571	0.01805	0.01055	0.01211	0.01891	0.02566	0.03353	0.16042	0.25244	0.19091	0.03018	0.01422	0.00436	0.00714	0.14420	0.01078	0.00984
19	0.02453	0.02335	0.03968	0.32494	0.30435	0.02587	0.03289	0.03163	0.02406	0.03274	0.02058	0.02894	0.01641	0.01064	0.01120	0.00355	0.01419	0.01002	0.00528	0.01515
20	0.02345	0.12233	0.48965	0.03059	0.04642	0.02827	0.03900	0.03542	0.02366	0.03458	0.01967	0.02310	0.01428	0.01057	0.01029	0.00343	0.01610	0.00805	0.00476	0.01638
21	0.04170	0.04163	0.03143	0.02681	0.03385	0.31132	0.02088	0.18265	0.08100	0.08346	0.02497	0.02568	0.01872	0.01268	0.01069	0.00317	0.01605	0.00893	0.00859	0.01579
22	0.32170	0.01982	0.01930	0.01553	0.02331	0.01914	0.01250	0.02967	0.02243	0.04392	0.07697	0.02809	0.02502	0.01099	0.00829	0.00271	0.00815	0.00800	0.00747	0.29700
23	0.03327	0.08292	0.11930	0.12157	0.04406	0.02666	0.07040	0.09353	0.08594	0.16514	0.02976	0.03106	0.02094	0.01223	0.01103	0.00350	0.01303	0.01034	0.00869	0.01663

[dist]
# distance from previous block
# <min> <max>
1	2

[block]
# block no. 7 follows, 11 sequences, length 14
# corresponding to MSA columns:
# 1063-1069,1074-1080
name=unknown_H
#
# <colnr> <probs for GDERKNQSTAVLIFYWHMCP>
#	G	D	E	R	K	N	Q	S	T	A	V	L	I	F	Y	W	H	M	C	P
0	0.68395	0.02177	0.01654	0.01480	0.02177	0.02525	0.01219	0.03309	0.01915	0.05050	0.01567	0.01828	0.01219	0.01045	0.00697	0.00348	0.00871	0.00609	0.00697	0.01219
1	0.02798	0.02330	0.03895	0.03043	0.03747	0.02376	0.18344	0.08144	0.07231	0.09331	0.10969	0.05106	0.03917	0.01639	0.01505	0.00394	0.06271	0.06577	0.00913	0.01469
2	0.01406	0.01006	0.01337	0.01544	0.01640	0.00937	0.01047	0.01654	0.02315	0.03128	0.13455	0.51732	0.07938	0.03336	0.01420	0.00441	0.00634	0.03019	0.01075	0.00937
3	0.01339	0.01105	0.01176	0.01233	0.01545	0.00942	0.00896	0.01605	0.02476	0.03004	0.10273	0.21444	0.43084	0.02997	0.01353	0.00397	0.00588	0.02554	0.01045	0.00942
4	0.01629	0.01120	0.01375	0.01375	0.01426	0.01171	0.00865	0.01731	0.01680	0.02291	0.03412	0.06620	0.03768	0.47281	0.18450	0.01273	0.01578	0.01528	0.00662	0.00764
5	0.01570	0.01106	0.01347	0.01347	0.01598	0.01014	0.00987	0.01997	0.02790	0.03921	0.31055	0.17289	0.16741	0.02491	0.01279	0.00365	0.00559	0.02177	0.09352	0.01014
6	0.03067	0.02248	0.02815	0.13322	0.03912	0.02169	0.01919	0.13678	0.03091	0.10592	0.02463	0.02739	0.01828	0.01079	0.00996	0.00270	0.01076	0.00871	0.00827	0.31038
7	0.03709	0.08836	0.03383	0.02430	0.03202	0.03276	0.02017	0.27214	0.15718	0.09405	0.03082	0.03042	0.02269	0.01404	0.01286	0.00351	0.05517	0.01041	0.01036	0.01781
8	0.01608	0.01206	0.01809	0.01809	0.02010	0.01407	0.01407	0.02010	0.01809	0.02613	0.03015	0.04422	0.02814	0.08441	0.55984	0.01809	0.03015	0.01206	0.00603	0.01005
9	0.01583	0.01068	0.01244	0.01297	0.01310	0.01055	0.00756	0.01623	0.01742	0.02323	0.04087	0.18013	0.04774	0.48866	0.04856	0.00962	0.01002	0.01955	0.00756	0.00729
10	0.02915	0.54209	0.11988	0.02086	0.03137	0.04224	0.02205	0.03395	0.02298	0.02763	0.01622	0.01877	0.01442	0.00976	0.00766	0.00255	0.01261	0.00631	0.00481	0.01472
11	0.01630	0.01119	0.01369	0.01369	0.01418	0.01168	0.00859	0.01728	0.01679	0.02287	0.03417	0.06648	0.03781	0.47776	0.17971	0.01266	0.01560	0.01532	0.00663	0.00761
12	0.01567	0.01130	0.01481	0.01434	0.01676	0.01045	0.01060	0.02059	0.03065	0.04321	0.47357	0.14430	0.10247	0.02445	0.01340	0.00366	0.00545	0.02172	0.01216	0.01045
13	0.02126	0.02001	0.03376	0.57739	0.07752	0.02501	0.03126	0.02876	0.02251	0.02876	0.02001	0.03001	0.01500	0.01125	0.01125	0.00375	0.01500	0.01000	0.00500	0.01250

[dist]
# distance from previous block
# <min> <max>
0	3

[block]
# block no. 8 follows, 11 sequences, length 10
# corresponding to MSA columns:
# 1084-1093
name=unknown_I
#
# <colnr> <probs for GDERKNQSTAVLIFYWHMCP>
#	G	D	E	R	K	N	Q	S	T	A	V	L	I	F	Y	W	H	M	C	P
0	0.01505	0.01127	0.01396	0.01371	0.01638	0.01018	0.01012	0.01938	0.02917	0.03973	0.37564	0.15252	0.19997	0.02578	0.01341	0.00373	0.00555	0.02257	0.01171	0.01018
1	0.02126	0.02001	0.03376	0.57739	0.07752	0.02501	0.03126	0.02876	0.02251	0.02876	0.02001	0.03001	0.01500	0.01125	0.01125	0.00375	0.01500	0.01000	0.00500	0.01250
2	0.04204	0.05364	0.03190	0.02900	0.03480	0.55926	0.02175	0.04494	0.03190	0.02755	0.01740	0.02030	0.01450	0.01160	0.01015	0.00290	0.02030	0.00725	0.00580	0.01305
3	0.02359	0.01250	0.01580	0.01519	0.01745	0.01168	0.01027	0.02524	0.02176	0.14690	0.04603	0.23183	0.04850	0.28388	0.03277	0.00714	0.00920	0.02015	0.00965	0.01047
4	0.01371	0.00979	0.01306	0.01567	0.01632	0.00914	0.01045	0.01567	0.02155	0.02873	0.06203	0.59710	0.07444	0.03526	0.01437	0.00457	0.00653	0.03200	0.01045	0.00914
5	0.02651	0.02112	0.03065	0.15696	0.16602	0.02275	0.02365	0.03901	0.14542	0.08910	0.12038	0.04292	0.03810	0.01430	0.01164	0.00360	0.01083	0.01266	0.00893	0.01547
6	0.03316	0.09588	0.14648	0.03733	0.12888	0.02608	0.13499	0.04077	0.02703	0.17831	0.02732	0.02950	0.01941	0.01110	0.01117	0.00343	0.01410	0.01036	0.00772	0.01698
7	0.02696	0.16765	0.33170	0.08795	0.04556	0.02893	0.03307	0.03649	0.02432	0.08599	0.02174	0.02476	0.01580	0.01087	0.01008	0.00333	0.01474	0.00833	0.00575	0.01598
8	0.10594	0.27042	0.20012	0.02297	0.03335	0.03138	0.02522	0.03259	0.02318	0.03344	0.02406	0.03718	0.02211	0.01347	0.00960	0.00334	0.01281	0.07867	0.00594	0.01421
9	0.03487	0.01755	0.02244	0.01832	0.02450	0.01645	0.01468	0.09871	0.03479	0.26997	0.24676	0.05618	0.05985	0.01772	0.01214	0.00349	0.00814	0.01498	0.01293	0.01554

[dist]
# distance from previous block
# <min> <max>
0	1

[block]
# block no. 9 follows, 11 sequences, length 74
# corresponding to MSA columns:
# 1097-1141,1147-1175
name=unknown_J
#
# <colnr> <probs for GDERKNQSTAVLIFYWHMCP>
#	G	D	E	R	K	N	Q	S	T	A	V	L	I	F	Y	W	H	M	C	P
0	0.04021	0.09797	0.08742	0.02510	0.03491	0.03299	0.02263	0.34735	0.04422	0.11652	0.02705	0.02698	0.01912	0.01284	0.01076	0.00330	0.01245	0.00962	0.01019	0.01836
1	0.01606	0.01078	0.01237	0.01268	0.01275	0.01070	0.00725	0.01629	0.01698	0.02264	0.03859	0.13528	0.04487	0.53744	0.05223	0.01017	0.01040	0.01821	0.00725	0.00709
2	0.03825	0.01593	0.02130	0.01803	0.02409	0.01407	0.01417	0.04206	0.02866	0.36310	0.04829	0.18399	0.04007	0.01940	0.01180	0.00369	0.00839	0.01662	0.07234	0.01576
3	0.19134	0.01459	0.01542	0.01440	0.01865	0.01468	0.01108	0.02706	0.02584	0.09283	0.19434	0.12071	0.10570	0.01976	0.01098	0.00356	0.00679	0.01639	0.08430	0.01158
4	0.02418	0.02586	0.01995	0.01977	0.02325	0.19376	0.01438	0.02900	0.06471	0.03014	0.05699	0.25711	0.14844	0.02437	0.01251	0.00379	0.01112	0.02048	0.00898	0.01120
5	0.03723	0.02617	0.02784	0.02197	0.02935	0.02868	0.01795	0.37683	0.04545	0.06355	0.02949	0.03083	0.02161	0.01341	0.01040	0.00319	0.01057	0.01022	0.17833	0.01694
6	0.02257	0.05822	0.54613	0.03208	0.04871	0.02614	0.04158	0.03564	0.02376	0.03564	0.02020	0.02376	0.01426	0.01069	0.01069	0.00356	0.01663	0.00832	0.00475	0.01663
7	0.01608	0.01206	0.01809	0.01809	0.02010	0.01407	0.01407	0.02010	0.01809	0.02613	0.03015	0.04422	0.02814	0.08441	0.55984	0.01809	0.03015	0.01206	0.00603	0.01005
8	0.03207	0.02434	0.02637	0.02288	0.02977	0.02738	0.01803	0.10332	0.41203	0.10637	0.04375	0.04006	0.03208	0.01494	0.01142	0.00373	0.00934	0.01230	0.01172	0.01810
9	0.03444	0.30236	0.15094	0.02279	0.03361	0.03335	0.02353	0.08563	0.02821	0.15009	0.02429	0.02476	0.01793	0.01122	0.00929	0.00299	0.01248	0.00812	0.00752	0.01645
10	0.02593	0.02449	0.03047	0.06280	0.03477	0.07389	0.08778	0.08393	0.02819	0.03776	0.03458	0.08595	0.07527	0.01420	0.01088	0.00295	0.01165	0.01244	0.00759	0.25450
11	0.10853	0.02224	0.03071	0.15016	0.14256	0.02252	0.02268	0.06895	0.02706	0.14257	0.02523	0.02845	0.01849	0.01108	0.01020	0.00317	0.01140	0.00921	0.00793	0.13684
12	0.03095	0.30294	0.21975	0.02463	0.03620	0.08176	0.02683	0.03782	0.02507	0.08897	0.02067	0.02254	0.01593	0.01067	0.00915	0.00297	0.01408	0.00753	0.00593	0.01561
13	0.10066	0.01776	0.02289	0.01830	0.02556	0.01607	0.01488	0.04570	0.03095	0.39139	0.14501	0.04625	0.04315	0.01555	0.01134	0.00349	0.00859	0.01277	0.01297	0.01670
14	0.04570	0.02023	0.02598	0.02064	0.02885	0.01899	0.01681	0.05591	0.13496	0.43645	0.04470	0.03909	0.02925	0.01422	0.01135	0.00355	0.00943	0.01162	0.01340	0.01887
15	0.02454	0.01991	0.03290	0.51474	0.07203	0.02405	0.02960	0.03169	0.02360	0.08646	0.02275	0.03094	0.01645	0.01155	0.01126	0.00372	0.01439	0.01015	0.00601	0.01325
16	0.12330	0.01945	0.02502	0.01942	0.02793	0.01754	0.01604	0.05235	0.03071	0.48554	0.04110	0.03601	0.02606	0.01353	0.01082	0.00348	0.00948	0.01072	0.01313	0.01835
17	0.02126	0.02001	0.03376	0.57739	0.07752	0.02501	0.03126	0.02876	0.02251	0.02876	0.02001	0.03001	0.01500	0.01125	0.01125	0.00375	0.01500	0.01000	0.00500	0.01250
18	0.04089	0.02704	0.03009	0.02389	0.03219	0.02922	0.01947	0.29441	0.15992	0.16816	0.03537	0.03311	0.02473	0.01403	0.01132	0.00351	0.01093	0.01102	0.01189	0.01882
19	0.01590	0.01269	0.01865	0.13579	0.03027	0.01384	0.01568	0.01965	0.02118	0.02819	0.04888	0.29376	0.08563	0.04239	0.15550	0.00785	0.01442	0.02147	0.00814	0.01012
20	0.01637	0.01091	0.01228	0.01228	0.01228	0.01091	0.00682	0.01637	0.01637	0.02182	0.03546	0.07365	0.04092	0.60445	0.05729	0.01091	0.01091	0.01637	0.00682	0.00682
21	0.03492	0.01632	0.02209	0.08289	0.02862	0.01554	0.01482	0.03809	0.02543	0.29657	0.03835	0.04990	0.03099	0.22366	0.02766	0.00616	0.01069	0.01296	0.01035	0.01398
22	0.02851	0.41771	0.05463	0.02477	0.03255	0.04050	0.07622	0.03257	0.02210	0.02774	0.01630	0.02090	0.01482	0.01176	0.01427	0.00311	0.13483	0.00769	0.00494	0.01408
23	0.51509	0.02132	0.02093	0.15815	0.03597	0.02519	0.01705	0.03198	0.02001	0.04496	0.01678	0.02127	0.01291	0.01065	0.00806	0.00355	0.01031	0.00709	0.00646	0.01227
24	0.02239	0.02221	0.04072	0.46435	0.07353	0.02574	0.12983	0.03031	0.02337	0.03031	0.02059	0.03008	0.01545	0.01088	0.01169	0.00376	0.01585	0.01070	0.00515	0.01307
25	0.02405	0.02256	0.03799	0.23122	0.32352	0.02414	0.03069	0.03046	0.02413	0.03319	0.02548	0.09399	0.02340	0.01333	0.01155	0.00362	0.01313	0.01254	0.00594	0.01507
26	0.02303	0.02227	0.03861	0.37765	0.12278	0.02455	0.09538	0.03043	0.02355	0.03165	0.02054	0.02904	0.01582	0.01052	0.01119	0.00347	0.01461	0.01009	0.00536	0.08945
27	0.01537	0.01101	0.01330	0.01347	0.01595	0.01003	0.00982	0.01939	0.02735	0.03787	0.28121	0.19600	0.18876	0.02589	0.01295	0.00373	0.00566	0.02262	0.07958	0.01003
28	0.01794	0.01087	0.01456	0.01617	0.01775	0.00999	0.01115	0.02017	0.02277	0.08773	0.06001	0.53288	0.06909	0.03281	0.01402	0.00445	0.00688	0.02962	0.01085	0.01029
