[name]
unknown

[dist]
# distance from previous block
# <min> <max>
0	128

[block]
# block no. 0 follows, 13 sequences, length 12
# corresponding to MSA columns:
# 153-164
name=unknown_A
#
# <colnr> <probs for GDERKNQSTAVLIFYWHMCP>
#	G	D	E	R	K	N	Q	S	T	A	V	L	I	F	Y	W	H	M	C	P
0	0.01608	0.01120	0.01452	0.01599	0.01733	0.01115	0.01232	0.01881	0.02050	0.02690	0.04718	0.13537	0.05264	0.26643	0.03003	0.00696	0.00968	0.27013	0.00843	0.00834
1	0.01510	0.01133	0.01699	0.01699	0.01888	0.01322	0.01322	0.01888	0.01699	0.02454	0.02832	0.04154	0.02643	0.07930	0.58652	0.01699	0.02832	0.01133	0.00566	0.00944
2	0.03757	0.02020	0.02424	0.02007	0.02723	0.02056	0.01610	0.05370	0.26984	0.32440	0.04233	0.03760	0.02902	0.01367	0.01069	0.00342	0.00870	0.01125	0.01200	0.01741
3	0.03568	0.01649	0.02149	0.01755	0.02385	0.01521	0.01409	0.04304	0.09017	0.35750	0.18920	0.04869	0.04793	0.01567	0.01117	0.00332	0.00778	0.01321	0.01240	0.01555
4	0.02768	0.32204	0.03845	0.01916	0.02578	0.07247	0.01665	0.12453	0.02729	0.03357	0.02747	0.16546	0.02811	0.01573	0.00935	0.00297	0.01069	0.01241	0.00705	0.01312
5	0.02395	0.02343	0.09860	0.19950	0.14870	0.02059	0.06357	0.03007	0.02251	0.09374	0.02660	0.07693	0.02312	0.08438	0.01591	0.00424	0.01262	0.01183	0.00641	0.01330
6	0.01288	0.00920	0.01227	0.01472	0.01534	0.00859	0.00981	0.01472	0.02024	0.02699	0.05828	0.62152	0.06993	0.03312	0.01350	0.00429	0.00613	0.03006	0.00981	0.00859
7	0.01560	0.01200	0.01485	0.01565	0.01798	0.01138	0.01097	0.02113	0.08277	0.02997	0.05158	0.47810	0.05874	0.02776	0.01247	0.00387	0.00661	0.02496	0.00949	0.09411
8	0.02812	0.02418	0.03788	0.11959	0.34723	0.02596	0.02850	0.09015	0.02627	0.07179	0.02119	0.02665	0.01688	0.01116	0.01310	0.00336	0.07643	0.00949	0.00625	0.01580
9	0.02675	0.01968	0.02930	0.22708	0.10800	0.02234	0.02356	0.03507	0.08521	0.13325	0.02958	0.03995	0.02387	0.01428	0.01385	0.00371	0.08137	0.06165	0.00761	0.01390
10	0.01626	0.01207	0.01651	0.01906	0.07305	0.01256	0.01140	0.01815	0.01714	0.02366	0.03238	0.09935	0.03513	0.36020	0.19723	0.01094	0.01531	0.01472	0.00633	0.00855
11	0.42813	0.09601	0.02244	0.01610	0.02284	0.08418	0.01325	0.03087	0.02031	0.03967	0.01787	0.05226	0.01578	0.01092	0.00745	0.00294	0.00956	0.00728	0.00634	0.09583

[dist]
# distance from previous block
# <min> <max>
0	18

[block]
# block no. 1 follows, 13 sequences, length 40
# corresponding to MSA columns:
# 183-222
name=unknown_B
#
# <colnr> <probs for GDERKNQSTAVLIFYWHMCP>
#	G	D	E	R	K	N	Q	S	T	A	V	L	I	F	Y	W	H	M	C	P
0	0.27382	0.13860	0.03415	0.11249	0.10628	0.02831	0.05814	0.07341	0.02319	0.03899	0.01744	0.02156	0.01387	0.00991	0.00852	0.00311	0.01128	0.00760	0.00596	0.01338
1	0.03438	0.01707	0.02176	0.01760	0.02372	0.01605	0.01416	0.11044	0.03302	0.30046	0.22946	0.05028	0.05212	0.01618	0.01130	0.00328	0.00791	0.01360	0.01218	0.01503
2	0.02360	0.02219	0.03210	0.19470	0.14173	0.02701	0.02507	0.03480	0.14926	0.03225	0.02360	0.02916	0.01903	0.01353	0.01742	0.00378	0.18063	0.00999	0.00628	0.01388
3	0.01456	0.01079	0.01358	0.01288	0.01555	0.00981	0.00966	0.01918	0.02898	0.04016	0.48403	0.08267	0.17401	0.02245	0.01247	0.00337	0.00505	0.01964	0.01134	0.00981
4	0.02918	0.51402	0.04920	0.01830	0.02681	0.03844	0.01759	0.09409	0.02512	0.03120	0.01745	0.01961	0.01508	0.00974	0.00731	0.00239	0.01090	0.00644	0.05326	0.01387
5	0.01381	0.01050	0.01270	0.01270	0.01523	0.00940	0.00932	0.01751	0.02639	0.03529	0.32604	0.17843	0.24376	0.02525	0.01265	0.00357	0.00530	0.02202	0.01074	0.00940
6	0.01403	0.01044	0.01282	0.01307	0.01499	0.00984	0.00925	0.01690	0.02286	0.03052	0.20684	0.18596	0.18894	0.12801	0.08191	0.00617	0.00869	0.02062	0.00935	0.00882
7	0.02489	0.35750	0.30312	0.02385	0.03604	0.03358	0.02812	0.03253	0.02188	0.02899	0.01674	0.01952	0.01348	0.00952	0.00834	0.00278	0.01337	0.00669	0.00449	0.01455
8	0.02680	0.01983	0.03236	0.38081	0.15613	0.02216	0.02710	0.03309	0.02357	0.14018	0.02372	0.02941	0.01708	0.01087	0.01056	0.00340	0.01275	0.00966	0.00653	0.01398
9	0.01745	0.06997	0.07917	0.01763	0.02133	0.01548	0.01480	0.05886	0.02263	0.03044	0.04523	0.41036	0.05131	0.03064	0.05843	0.00495	0.00984	0.02240	0.00850	0.01059
10	0.02389	0.01775	0.02083	0.01530	0.02383	0.01376	0.01223	0.02856	0.02267	0.08123	0.02249	0.02505	0.01782	0.00877	0.00802	0.00181	0.00761	0.00703	0.08116	0.56019
11	0.02964	0.02118	0.02332	0.02023	0.02612	0.02338	0.01570	0.09062	0.36256	0.12715	0.04028	0.04096	0.03077	0.08103	0.01542	0.00423	0.00895	0.01191	0.01064	0.01591
12	0.02192	0.01879	0.02192	0.01566	0.02506	0.01409	0.01253	0.02662	0.02192	0.03445	0.01879	0.02192	0.01566	0.00783	0.00783	0.00157	0.00783	0.00626	0.00626	0.69305
13	0.01535	0.01037	0.01213	0.01213	0.01233	0.01057	0.00715	0.01576	0.01555	0.02094	0.03277	0.06617	0.03713	0.56849	0.11195	0.01099	0.01222	0.01493	0.00633	0.00674
14	0.70310	0.02045	0.01554	0.01390	0.02045	0.02372	0.01145	0.03108	0.01799	0.04744	0.01472	0.01718	0.01145	0.00981	0.00654	0.00327	0.00818	0.00573	0.00654	0.01145
15	0.01288	0.00920	0.01227	0.01472	0.01534	0.00859	0.00981	0.01472	0.02024	0.02699	0.05828	0.62152	0.06993	0.03312	0.01350	0.00429	0.00613	0.03006	0.00981	0.00859
16	0.01496	0.01081	0.01413	0.01330	0.01580	0.00998	0.00998	0.01995	0.02993	0.04240	0.55689	0.07898	0.09976	0.02162	0.01247	0.00333	0.00499	0.01912	0.01164	0.00998
17	0.01997	0.01879	0.03171	0.60301	0.07282	0.02349	0.02936	0.02701	0.02114	0.02701	0.01879	0.02819	0.01409	0.01057	0.01057	0.00352	0.01409	0.00940	0.00470	0.01175
18	0.03349	0.02459	0.02718	0.02176	0.02826	0.02721	0.01751	0.39046	0.04076	0.05490	0.02672	0.03274	0.02156	0.09049	0.10694	0.00614	0.01414	0.01045	0.00934	0.01536
19	0.70310	0.02045	0.01554	0.01390	0.02045	0.02372	0.01145	0.03108	0.01799	0.04744	0.01472	0.01718	0.01145	0.00981	0.00654	0.00327	0.00818	0.00573	0.00654	0.01145
20	0.01496	0.01081	0.01413	0.01330	0.01580	0.00998	0.00998	0.01995	0.02993	0.04240	0.55689	0.07898	0.09976	0.02162	0.01247	0.00333	0.00499	0.01912	0.01164	0.00998
21	0.04744	0.01799	0.02454	0.01881	0.02699	0.01554	0.01554	0.05153	0.03026	0.56979	0.04171	0.03599	0.02617	0.01309	0.01063	0.00327	0.00900	0.01063	0.01309	0.01799
22	0.02192	0.01879	0.02192	0.01566	0.02506	0.01409	0.01253	0.02662	0.02192	0.03445	0.01879	0.02192	0.01566	0.00783	0.00783	0.00157	0.00783	0.00626	0.00626	0.69305
23	0.02827	0.63478	0.05540	0.01809	0.02714	0.04184	0.01809	0.03166	0.02148	0.02488	0.01470	0.01696	0.01357	0.00905	0.00678	0.00226	0.01131	0.00565	0.00452	0.01357
24	0.02313	0.02313	0.03238	0.02776	0.02776	0.03238	0.02313	0.02545	0.01619	0.02545	0.01388	0.02313	0.01388	0.01851	0.03470	0.00463	0.60907	0.00925	0.00463	0.01157
25	0.03476	0.02299	0.04205	0.03061	0.04007	0.02066	0.25346	0.04116	0.02708	0.27374	0.03027	0.03131	0.02054	0.01069	0.01126	0.00327	0.01303	0.01113	0.00889	0.07304
26	0.08444	0.37358	0.12925	0.02029	0.03004	0.03398	0.02079	0.07687	0.02473	0.09113	0.01925	0.02064	0.01513	0.01002	0.00803	0.00270	0.01152	0.00688	0.00613	0.01459
27	0.02630	0.02271	0.02391	0.02152	0.02749	0.02630	0.01674	0.05618	0.54336	0.04423	0.04303	0.03945	0.03228	0.01434	0.01076	0.00359	0.00837	0.01195	0.01076	0.01674
28	0.02617	0.02512	0.04292	0.06490	0.56246	0.02512	0.03245	0.03245	0.02407	0.03454	0.01989	0.02617	0.01675	0.00942	0.01047	0.00314	0.01256	0.00942	0.00523	0.01675
29	0.03538	0.04038	0.02744	0.02476	0.02994	0.40191	0.01868	0.11867	0.03171	0.03285	0.02452	0.11598	0.02331	0.01473	0.01034	0.00305	0.01577	0.01096	0.00700	0.01263
30	0.01496	0.01081	0.01413	0.01330	0.01580	0.00998	0.00998	0.01995	0.02993	0.04240	0.55689	0.07898	0.09976	0.02162	0.01247	0.00333	0.00499	0.01912	0.01164	0.00998
31	0.01963	0.01675	0.01762	0.01635	0.02104	0.01774	0.01256	0.03617	0.28556	0.03755	0.11101	0.06861	0.25704	0.02011	0.01162	0.00356	0.00684	0.01685	0.01044	0.01294
32	0.03672	0.04577	0.03037	0.02733	0.03185	0.49205	0.02089	0.03937	0.02763	0.02580	0.01593	0.01976	0.01366	0.01219	0.01380	0.00305	0.11917	0.00722	0.00531	0.01214
33	0.02445	0.02599	0.05205	0.14308	0.19425	0.02576	0.30975	0.03235	0.02408	0.03291	0.02055	0.02783	0.01591	0.00933	0.01162	0.00344	0.01579	0.01114	0.00521	0.01451
34	0.01535	0.01034	0.01200	0.01200	0.01216	0.01050	0.00699	0.01568	0.01551	0.02085	0.03289	0.06683	0.03741	0.58146	0.09937	0.01083	0.01180	0.01503	0.00634	0.00667
35	0.07301	0.19293	0.03510	0.02168	0.02813	0.03279	0.01852	0.14507	0.17460	0.04097	0.02493	0.02616	0.01975	0.01289	0.01316	0.00328	0.10546	0.00886	0.00775	0.01497
36	0.14595	0.02676	0.11264	0.06620	0.03335	0.02361	0.02105	0.11188	0.06090	0.20189	0.02717	0.02765	0.01891	0.01234	0.01188	0.00342	0.06114	0.00908	0.00875	0.01543
37	0.01504	0.01196	0.01374	0.01439	0.01696	0.01161	0.01034	0.02184	0.10543	0.03133	0.10693	0.31997	0.22648	0.02724	0.01266	0.00388	0.00615	0.02386	0.01009	0.01009
38	0.08254	0.01436	0.01851	0.01666	0.02142	0.01314	0.01274	0.03396	0.02497	0.29379	0.04685	0.28920	0.04408	0.02155	0.01156	0.00372	0.00769	0.01871	0.01116	0.01340
39	0.21328	0.02142	0.02921	0.18230	0.04187	0.02395	0.09001	0.03768	0.13732	0.08431	0.02538	0.02836	0.01871	0.01118	0.00977	0.00345	0.01127	0.00949	0.00737	0.01366

[dist]
# distance from previous block
# <min> <max>
0	1

[block]
# block no. 2 follows, 13 sequences, length 14
# corresponding to MSA columns:
# 224-237
name=unknown_C
#
# <colnr> <probs for GDERKNQSTAVLIFYWHMCP>
#	G	D	E	R	K	N	Q	S	T	A	V	L	I	F	Y	W	H	M	C	P
0	0.02828	0.44712	0.04814	0.12443	0.03610	0.03738	0.02038	0.09346	0.02499	0.03054	0.01679	0.02005	0.01422	0.00978	0.00795	0.00260	0.01185	0.00682	0.00532	0.01380
1	0.02517	0.13859	0.16208	0.01989	0.03063	0.02177	0.02024	0.03142	0.02268	0.08021	0.02014	0.02238	0.01567	0.00906	0.00843	0.00228	0.01045	0.00692	0.00612	0.34587
2	0.02187	0.13050	0.03607	0.42474	0.05888	0.02793	0.02654	0.02765	0.02058	0.02643	0.01743	0.02552	0.01397	0.01130	0.01294	0.00344	0.08880	0.00870	0.00466	0.01205
3	0.01477	0.01044	0.01330	0.01318	0.01539	0.00965	0.00966	0.01904	0.02730	0.03859	0.40454	0.17646	0.11572	0.02338	0.01231	0.00346	0.00521	0.02067	0.05727	0.00965
4	0.03145	0.02217	0.02912	0.24641	0.04632	0.02496	0.02229	0.16963	0.11552	0.14034	0.02872	0.03071	0.02032	0.01221	0.01061	0.00339	0.01157	0.01007	0.00880	0.01537
5	0.01507	0.01025	0.01220	0.01247	0.01274	0.01038	0.00751	0.01568	0.01609	0.02165	0.03554	0.12726	0.04063	0.50384	0.10641	0.01031	0.01173	0.01656	0.00670	0.00697
6	0.01536	0.01122	0.01411	0.01437	0.01471	0.01205	0.00947	0.01643	0.01693	0.02309	0.03791	0.21291	0.04369	0.35971	0.09174	0.00877	0.06423	0.01844	0.00711	0.00775
7	0.63066	0.02018	0.01653	0.01445	0.02117	0.02282	0.01190	0.03334	0.01935	0.10515	0.01770	0.01925	0.01308	0.01018	0.00700	0.00327	0.00827	0.00627	0.00727	0.01217
8	0.03950	0.05039	0.02996	0.02724	0.03269	0.58597	0.02043	0.04222	0.02996	0.02588	0.01634	0.01907	0.01362	0.01090	0.00953	0.00272	0.01907	0.00681	0.00545	0.01226
9	0.01470	0.01060	0.01390	0.01348	0.01574	0.00980	0.00996	0.01929	0.02870	0.04045	0.49386	0.14756	0.09599	0.02307	0.01260	0.00345	0.00513	0.02050	0.01141	0.00980
10	0.02690	0.02601	0.07916	0.19858	0.10379	0.05921	0.07214	0.08644	0.06190	0.08278	0.02694	0.08094	0.02219	0.01298	0.01091	0.00343	0.01291	0.01153	0.00709	0.01419
11	0.01404	0.01000	0.01299	0.01377	0.01513	0.00936	0.00952	0.01703	0.02387	0.03290	0.26936	0.32978	0.07935	0.09194	0.01737	0.00452	0.00608	0.02380	0.01023	0.00895
12	0.70310	0.02045	0.01554	0.01390	0.02045	0.02372	0.01145	0.03108	0.01799	0.04744	0.01472	0.01718	0.01145	0.00981	0.00654	0.00327	0.00818	0.00573	0.00654	0.01145
13	0.02474	0.02534	0.09014	0.31016	0.05398	0.02521	0.05812	0.13013	0.07229	0.03832	0.05025	0.03062	0.02091	0.01173	0.01075	0.00343	0.01304	0.01017	0.00677	0.01390

[dist]
# distance from previous block
# <min> <max>
0	12

[block]
# block no. 3 follows, 13 sequences, length 20
# corresponding to MSA columns:
# 250-269
name=unknown_D
#
# <colnr> <probs for GDERKNQSTAVLIFYWHMCP>
#	G	D	E	R	K	N	Q	S	T	A	V	L	I	F	Y	W	H	M	C	P
0	0.02638	0.46623	0.08327	0.08182	0.03322	0.03777	0.02116	0.03061	0.02092	0.02571	0.01531	0.01916	0.01365	0.01030	0.01043	0.00272	0.07691	0.00658	0.00455	0.01329
1	0.01444	0.01056	0.01357	0.01330	0.01560	0.00968	0.00979	0.01876	0.02798	0.03892	0.44397	0.16315	0.13325	0.02379	0.01263	0.00349	0.00519	0.02104	0.01121	0.00968
2	0.10941	0.07343	0.03691	0.02597	0.03468	0.02870	0.12004	0.26407	0.03617	0.13010	0.02504	0.02606	0.01777	0.01139	0.01024	0.00321	0.01209	0.00957	0.00899	0.01618
3	0.01427	0.01075	0.01338	0.01513	0.01654	0.01049	0.01041	0.01915	0.07591	0.02894	0.06044	0.51973	0.10369	0.03065	0.01313	0.00416	0.00631	0.02754	0.00991	0.00948
4	0.12752	0.17919	0.06617	0.11035	0.09156	0.02758	0.05055	0.06952	0.02445	0.07190	0.02685	0.02960	0.06017	0.01150	0.00925	0.00308	0.01138	0.00916	0.00647	0.01374
5	0.02261	0.17038	0.47029	0.02773	0.04205	0.02800	0.03488	0.03312	0.02216	0.03177	0.01812	0.02125	0.01343	0.00985	0.00939	0.00313	0.01476	0.00738	0.00448	0.01522
6	0.01288	0.00920	0.01227	0.01472	0.01534	0.00859	0.00981	0.01472	0.02024	0.02699	0.05828	0.62152	0.06993	0.03312	0.01350	0.00429	0.00613	0.03006	0.00981	0.00859
7	0.01799	0.01574	0.02527	0.38925	0.05205	0.01895	0.02240	0.02324	0.01980	0.02594	0.02597	0.09744	0.02449	0.09040	0.10122	0.00634	0.01495	0.01252	0.00557	0.01049
8	0.03330	0.15069	0.09590	0.10155	0.03959	0.02594	0.09305	0.07894	0.02726	0.21181	0.02650	0.02768	0.01852	0.01098	0.01003	0.00314	0.01232	0.00932	0.00800	0.01548
9	0.02097	0.01782	0.02620	0.19865	0.03945	0.02015	0.05140	0.09741	0.02520	0.03341	0.03737	0.15367	0.07425	0.02371	0.06072	0.00489	0.05390	0.04179	0.00738	0.01168
10	0.01665	0.01359	0.01995	0.01906	0.02059	0.01690	0.01512	0.02014	0.01684	0.02472	0.02555	0.03800	0.02402	0.06762	0.48056	0.01462	0.13983	0.01093	0.00546	0.00985
11	0.03166	0.02928	0.03181	0.02643	0.03029	0.10911	0.02164	0.21187	0.03040	0.04062	0.01844	0.02340	0.01535	0.01532	0.02237	0.00383	0.30825	0.00901	0.00692	0.01402
12	0.21432	0.01862	0.02225	0.01756	0.02533	0.01762	0.01450	0.04632	0.02714	0.43683	0.03484	0.03120	0.02243	0.01225	0.00959	0.00327	0.00879	0.00938	0.01142	0.01633
13	0.01597	0.01209	0.01489	0.01396	0.01693	0.01166	0.01054	0.02346	0.08526	0.04134	0.46022	0.07674	0.13396	0.02129	0.01229	0.00338	0.00539	0.01863	0.01138	0.01062
14	0.01454	0.01079	0.01354	0.01285	0.01553	0.00979	0.00964	0.01912	0.02892	0.04000	0.47883	0.08293	0.17931	0.02251	0.01247	0.00337	0.00505	0.01968	0.01132	0.00979
15	0.01288	0.00920	0.01227	0.01472	0.01534	0.00859	0.00981	0.01472	0.02024	0.02699	0.05828	0.62152	0.06993	0.03312	0.01350	0.00429	0.00613	0.03006	0.00981	0.00859
16	0.04190	0.01750	0.02251	0.01767	0.02485	0.01595	0.01446	0.08589	0.03042	0.43388	0.03908	0.03573	0.02566	0.01292	0.01005	0.00312	0.00849	0.01040	0.13296	0.01654
17	0.01737	0.01343	0.01896	0.01805	0.01965	0.01648	0.01430	0.02103	0.01761	0.02693	0.02640	0.03761	0.02407	0.05740	0.39200	0.01240	0.13894	0.01070	0.10678	0.00992
18	0.70310	0.02045	0.01554	0.01390	0.02045	0.02372	0.01145	0.03108	0.01799	0.04744	0.01472	0.01718	0.01145	0.00981	0.00654	0.00327	0.00818	0.00573	0.00654	0.01145
19	0.04429	0.01870	0.02444	0.01921	0.02707	0.01714	0.01572	0.05222	0.10655	0.49164	0.04191	0.03650	0.02708	0.01327	0.01065	0.00332	0.00890	0.01083	0.01274	0.01781

[dist]
# distance from previous block
# <min> <max>
0	1

[block]
# block no. 4 follows, 13 sequences, length 12
# corresponding to MSA columns:
# 271-282
name=unknown_E
#
# <colnr> <probs for GDERKNQSTAVLIFYWHMCP>
#	G	D	E	R	K	N	Q	S	T	A	V	L	I	F	Y	W	H	M	C	P
0	0.02690	0.19691	0.32940	0.02622	0.03835	0.09282	0.02985	0.08267	0.02567	0.03374	0.01824	0.02092	0.01391	0.01015	0.00922	0.00299	0.01454	0.00733	0.00519	0.01496
1	0.27259	0.03006	0.02574	0.02118	0.02844	0.12715	0.01712	0.26767	0.03510	0.05271	0.02005	0.02139	0.01492	0.01137	0.00898	0.00313	0.01173	0.00771	0.00826	0.01468
2	0.02935	0.57868	0.05296	0.01897	0.02767	0.09408	0.01832	0.03267	0.02230	0.02497	0.01486	0.01716	0.01357	0.00922	0.00705	0.00231	0.01205	0.00576	0.00461	0.01344
3	0.02083	0.01968	0.03328	0.52780	0.14125	0.02372	0.02979	0.02777	0.02155	0.02807	0.01895	0.02791	0.01447	0.01041	0.01056	0.00347	0.01388	0.00940	0.00477	0.01244
4	0.02341	0.02175	0.03653	0.24497	0.23889	0.02342	0.07508	0.06586	0.02462	0.03337	0.02437	0.09399	0.02181	0.01269	0.01105	0.00345	0.01282	0.01203	0.00597	0.01391
5	0.01288	0.00920	0.01227	0.01472	0.01534	0.00859	0.00981	0.01472	0.02024	0.02699	0.05828	0.62152	0.06993	0.03312	0.01350	0.00429	0.00613	0.03006	0.00981	0.00859
6	0.44044	0.09432	0.08329	0.02138	0.02983	0.02637	0.10531	0.03187	0.02004	0.04113	0.01631	0.01966	0.01269	0.00959	0.00796	0.00322	0.01097	0.00711	0.00590	0.01260
7	0.01443	0.01071	0.01264	0.01216	0.01503	0.00960	0.00912	0.01861	0.02735	0.03736	0.36351	0.08418	0.25472	0.02277	0.01213	0.00335	0.00511	0.01959	0.05803	0.00960
8	0.02180	0.02512	0.11921	0.01821	0.02871	0.01594	0.01721	0.02783	0.02199	0.03428	0.01882	0.02199	0.01526	0.00822	0.00822	0.00188	0.00920	0.00654	0.00595	0.57360
9	0.58609	0.02573	0.01808	0.01626	0.02261	0.12286	0.01303	0.03304	0.02010	0.04364	0.01501	0.01751	0.01183	0.01001	0.00707	0.00318	0.01010	0.00592	0.00635	0.01159
10	0.02121	0.05469	0.57364	0.03014	0.04576	0.02455	0.03906	0.03348	0.02232	0.03348	0.01897	0.02232	0.01339	0.01005	0.01005	0.00335	0.01563	0.00781	0.00446	0.01563
11	0.09604	0.33526	0.15777	0.02102	0.03110	0.03335	0.02197	0.08921	0.02515	0.07461	0.01885	0.02051	0.01477	0.01005	0.00818	0.00277	0.01179	0.00693	0.00603	0.01463

[dist]
# distance from previous block
# <min> <max>
1	15

[block]
# block no. 5 follows, 13 sequences, length 23
# corresponding to MSA columns:
# 298-320
name=unknown_F
#
# <colnr> <probs for GDERKNQSTAVLIFYWHMCP>
#	G	D	E	R	K	N	Q	S	T	A	V	L	I	F	Y	W	H	M	C	P
0	0.10650	0.01900	0.02478	0.23483	0.04232	0.01881	0.01868	0.02733	0.02114	0.03330	0.01828	0.02367	0.01455	0.00910	0.00869	0.00251	0.01021	0.00737	0.00571	0.35320
1	0.60847	0.02472	0.01760	0.01581	0.02219	0.10390	0.01273	0.03267	0.01970	0.04436	0.01495	0.01745	0.01176	0.00997	0.00697	0.00319	0.00973	0.00588	0.00639	0.01157
2	0.01770	0.01285	0.01604	0.01450	0.01764	0.01245	0.01108	0.07503	0.03208	0.04503	0.49918	0.07316	0.09088	0.02065	0.01226	0.00331	0.00571	0.01808	0.01152	0.01085
3	0.01572	0.01201	0.01647	0.01654	0.01774	0.01345	0.01236	0.01849	0.01913	0.02676	0.08993	0.16731	0.04586	0.15306	0.21656	0.00964	0.07999	0.05254	0.00742	0.00903
4	0.30440	0.02596	0.02528	0.02017	0.02787	0.02917	0.01665	0.32947	0.03707	0.05898	0.02114	0.02211	0.01538	0.01155	0.00897	0.00321	0.01026	0.00801	0.00897	0.01538
5	0.04744	0.01799	0.02454	0.01881	0.02699	0.01554	0.01554	0.05153	0.03026	0.56979	0.04171	0.03599	0.02617	0.01309	0.01063	0.00327	0.00900	0.01063	0.01309	0.01799
6	0.01997	0.01879	0.03171	0.60301	0.07282	0.02349	0.02936	0.02701	0.02114	0.02701	0.01879	0.02819	0.01409	0.01057	0.01057	0.00352	0.01409	0.00940	0.00470	0.01175
7	0.02432	0.04803	0.46076	0.03056	0.04488	0.02387	0.09017	0.03538	0.02343	0.08867	0.02158	0.02441	0.01500	0.01023	0.01037	0.00336	0.01519	0.00862	0.00545	0.01572
8	0.01538	0.01025	0.01153	0.01153	0.01153	0.01025	0.00641	0.01538	0.01538	0.02050	0.03331	0.06919	0.03844	0.62842	0.05382	0.01025	0.01025	0.01538	0.00641	0.00641
9	0.01496	0.01081	0.01413	0.01330	0.01580	0.00998	0.00998	0.01995	0.02993	0.04240	0.55689	0.07898	0.09976	0.02162	0.01247	0.00333	0.00499	0.01912	0.01164	0.00998
10	0.16936	0.01774	0.01795	0.01623	0.01974	0.07707	0.01209	0.02762	0.01954	0.12874	0.02176	0.02829	0.01786	0.02381	0.02478	0.34285	0.01003	0.00847	0.00669	0.00939
11	0.01837	0.00918	0.01377	0.01377	0.01377	0.00918	0.00918	0.01377	0.01377	0.01837	0.01837	0.03214	0.01837	0.03673	0.04132	0.69238	0.00918	0.00918	0.00459	0.00459
12	0.01518	0.01104	0.01556	0.01556	0.01695	0.01244	0.01142	0.01796	0.01657	0.02348	0.02963	0.04881	0.02959	0.22381	0.44633	0.01522	0.02357	0.01239	0.00586	0.00864
13	0.03950	0.05039	0.02996	0.02724	0.03269	0.58597	0.02043	0.04222	0.02996	0.02588	0.01634	0.01907	0.01362	0.01090	0.00953	0.00272	0.01907	0.00681	0.00545	0.01226
14	0.70310	0.02045	0.01554	0.01390	0.02045	0.02372	0.01145	0.03108	0.01799	0.04744	0.01472	0.01718	0.01145	0.00981	0.00654	0.00327	0.00818	0.00573	0.00654	0.01145
15	0.02404	0.26428	0.03930	0.02248	0.02614	0.03351	0.01966	0.02673	0.01874	0.02539	0.01910	0.08672	0.01994	0.01637	0.02128	0.00365	0.30535	0.01012	0.00516	0.01203
16	0.02449	0.01871	0.02219	0.01598	0.02525	0.01424	0.01283	0.02913	0.02276	0.08829	0.02110	0.02334	0.01672	0.00836	0.00811	0.00174	0.00795	0.00670	0.00695	0.62517
17	0.02755	0.17706	0.20938	0.14540	0.04361	0.02930	0.02732	0.11971	0.02718	0.06871	0.02045	0.02366	0.01517	0.01057	0.00952	0.00309	0.01318	0.00811	0.00613	0.01489
18	0.02940	0.01667	0.02398	0.01996	0.02437	0.01780	0.04821	0.03359	0.02304	0.21694	0.03108	0.03487	0.02344	0.02637	0.12507	0.00601	0.12503	0.01047	0.15053	0.01320
19	0.15912	0.01790	0.02376	0.18356	0.03759	0.01873	0.01810	0.03729	0.02533	0.26004	0.08606	0.03491	0.02796	0.01268	0.01005	0.00335	0.00986	0.01028	0.00931	0.01412
20	0.07084	0.09240	0.03195	0.06093	0.12734	0.02393	0.01993	0.03089	0.02178	0.08601	0.01968	0.02380	0.01599	0.01098	0.01334	0.00288	0.11676	0.00789	0.00619	0.21648
21	0.02019	0.08255	0.02490	0.01981	0.02375	0.01840	0.05688	0.07584	0.07687	0.03367	0.04525	0.33033	0.04911	0.02404	0.01223	0.00389	0.00888	0.07289	0.00903	0.01152
22	0.02325	0.01882	0.02283	0.08191	0.02975	0.01749	0.01524	0.11810	0.02670	0.03811	0.02829	0.14866	0.02727	0.01434	0.00983	0.00265	0.00888	0.01220	0.00764	0.34805

[dist]
# distance from previous block
# <min> <max>
2	14

[block]
# block no. 6 follows, 13 sequences, length 42
# corresponding to MSA columns:
# 335-376
name=unknown_G
#
# <colnr> <probs for GDERKNQSTAVLIFYWHMCP>
#	G	D	E	R	K	N	Q	S	T	A	V	L	I	F	Y	W	H	M	C	P
0	0.01704	0.01453	0.01748	0.06737	0.06948	0.05235	0.01379	0.02010	0.02190	0.02875	0.05186	0.37618	0.10427	0.02526	0.01211	0.00379	0.00809	0.02245	0.06322	0.00997
1	0.03353	0.07475	0.03304	0.06838	0.11766	0.02789	0.02112	0.28179	0.03770	0.09335	0.08009	0.03147	0.02637	0.01269	0.01045	0.00314	0.01102	0.01027	0.00914	0.01616
2	0.08101	0.02808	0.07506	0.12128	0.14641	0.11238	0.06072	0.06443	0.02577	0.03489	0.06124	0.09043	0.02662	0.01345	0.01059	0.00333	0.01285	0.01165	0.00654	0.01330
3	0.20721	0.11056	0.02232	0.01546	0.02060	0.02111	0.01266	0.03035	0.10417	0.04138	0.24674	0.04651	0.05206	0.01535	0.00972	0.00319	0.00735	0.01230	0.00902	0.01197
4	0.02947	0.07720	0.11655	0.14600	0.04420	0.02687	0.09477	0.11774	0.02760	0.11819	0.02296	0.02665	0.01670	0.01171	0.01299	0.00342	0.07565	0.00949	0.00701	0.01481
5	0.03358	0.03101	0.06947	0.02501	0.03197	0.08003	0.02134	0.28459	0.13224	0.05018	0.02563	0.02686	0.01928	0.01353	0.01416	0.00344	0.10321	0.00957	0.00880	0.01609
6	0.01836	0.01156	0.01522	0.01388	0.01697	0.01056	0.01056	0.02326	0.02996	0.09756	0.50300	0.07448	0.09207	0.02072	0.01228	0.00332	0.00541	0.01823	0.01179	0.01081
7	0.03751	0.01627	0.02119	0.01714	0.02360	0.01478	0.01383	0.04371	0.06652	0.38697	0.12827	0.04388	0.03917	0.01454	0.01061	0.00322	0.00785	0.01208	0.08317	0.01569
8	0.01348	0.01075	0.01207	0.01174	0.01488	0.00934	0.00881	0.01707	0.02642	0.03406	0.28577	0.09271	0.37608	0.02473	0.01249	0.00347	0.00521	0.02105	0.01054	0.00934
9	0.02100	0.01149	0.01334	0.01233	0.01521	0.01071	0.00889	0.02420	0.02318	0.11476	0.12856	0.06230	0.12240	0.17478	0.02142	0.00490	0.00700	0.01476	0.19868	0.01009
10	0.70310	0.02045	0.01554	0.01390	0.02045	0.02372	0.01145	0.03108	0.01799	0.04744	0.01472	0.01718	0.01145	0.00981	0.00654	0.00327	0.00818	0.00573	0.00654	0.01145
11	0.01328	0.01001	0.01228	0.01326	0.01515	0.00902	0.00936	0.01611	0.02366	0.03115	0.19230	0.34551	0.21334	0.02857	0.01297	0.00386	0.00564	0.02526	0.01026	0.00902
12	0.70310	0.02045	0.01554	0.01390	0.02045	0.02372	0.01145	0.03108	0.01799	0.04744	0.01472	0.01718	0.01145	0.00981	0.00654	0.00327	0.00818	0.00573	0.00654	0.01145
13	0.03950	0.05039	0.02996	0.02724	0.03269	0.58597	0.02043	0.04222	0.02996	0.02588	0.01634	0.01907	0.01362	0.01090	0.00953	0.00272	0.01907	0.00681	0.00545	0.01226
14	0.01496	0.01081	0.01413	0.01330	0.01580	0.00998	0.00998	0.01995	0.02993	0.04240	0.55689	0.07898	0.09976	0.02162	0.01247	0.00333	0.00499	0.01912	0.01164	0.00998
15	0.04556	0.01841	0.02448	0.01905	0.02704	0.01649	0.01565	0.05194	0.07581	0.52314	0.04183	0.03629	0.02671	0.01320	0.01064	0.00330	0.00894	0.01075	0.01288	0.01788
16	0.01334	0.00970	0.01258	0.01406	0.01536	0.00894	0.00971	0.01598	0.02283	0.03072	0.17895	0.45204	0.11685	0.02991	0.01317	0.00401	0.00580	0.02687	0.01024	0.00894
17	0.02827	0.63478	0.05540	0.01809	0.02714	0.04184	0.01809	0.03166	0.02148	0.02488	0.01470	0.01696	0.01357	0.00905	0.00678	0.00226	0.01131	0.00565	0.00452	0.01357
18	0.01971	0.00985	0.00985	0.00985	0.01232	0.00985	0.00739	0.02464	0.02217	0.03942	0.03449	0.03942	0.02710	0.01232	0.00739	0.00246	0.00493	0.00985	0.68712	0.00985
19	0.04744	0.01799	0.02454	0.01881	0.02699	0.01554	0.01554	0.05153	0.03026	0.56979	0.04171	0.03599	0.02617	0.01309	0.01063	0.00327	0.00900	0.01063	0.01309	0.01799
20	0.01997	0.01879	0.03171	0.60301	0.07282	0.02349	0.02936	0.02701	0.02114	0.02701	0.01879	0.02819	0.01409	0.01057	0.01057	0.00352	0.01409	0.00940	0.00470	0.01175
21	0.01913	0.01204	0.01506	0.01441	0.01802	0.01083	0.01146	0.02325	0.02712	0.11002	0.25116	0.08754	0.22571	0.02344	0.01262	0.00368	0.00654	0.10634	0.01092	0.01073
22	0.01288	0.00920	0.01227	0.01472	0.01534	0.00859	0.00981	0.01472	0.02024	0.02699	0.05828	0.62152	0.06993	0.03312	0.01350	0.00429	0.00613	0.03006	0.00981	0.00859
23	0.01288	0.00920	0.01227	0.01472	0.01534	0.00859	0.00981	0.01472	0.02024	0.02699	0.05828	0.62152	0.06993	0.03312	0.01350	0.00429	0.00613	0.03006	0.00981	0.00859
24	0.02781	0.02241	0.03694	0.24571	0.24278	0.02383	0.06184	0.06663	0.02569	0.10902	0.02303	0.02837	0.01716	0.01053	0.01067	0.00333	0.01291	0.00980	0.00651	0.01506
25	0.07692	0.18030	0.03260	0.01868	0.02731	0.02732	0.01602	0.15146	0.06601	0.04141	0.02080	0.02241	0.01659	0.00993	0.00835	0.00240	0.00971	0.00727	0.00720	0.25730
26	0.03377	0.01783	0.02262	0.01701	0.02532	0.01450	0.01380	0.03820	0.02654	0.29421	0.06895	0.03287	0.02685	0.01138	0.00952	0.00252	0.00819	0.00931	0.00996	0.31664
27	0.08235	0.23609	0.28237	0.02330	0.03500	0.02886	0.02669	0.03522	0.02281	0.10700	0.02042	0.02207	0.01509	0.01013	0.00878	0.00298	0.01268	0.00733	0.00586	0.01495
28	0.02813	0.18196	0.08489	0.22377	0.04510	0.02850	0.02403	0.06863	0.02440	0.11266	0.02133	0.02535	0.01600	0.01131	0.01150	0.00321	0.06047	0.00848	0.00633	0.01395
29	0.01374	0.00966	0.01250	0.01444	0.01508	0.00922	0.00969	0.01544	0.01956	0.02602	0.05291	0.46623	0.06266	0.15638	0.02195	0.00558	0.00728	0.06432	0.00910	0.00823
30	0.04093	0.02024	0.03026	0.02830	0.11489	0.01863	0.05625	0.04747	0.06345	0.40869	0.03679	0.03409	0.02432	0.01227	0.01075	0.00329	0.01018	0.01067	0.01109	0.01743
31	0.13451	0.02661	0.07635	0.02685	0.10624	0.02429	0.02030	0.19400	0.03140	0.09016	0.02235	0.02411	0.01658	0.01057	0.00933	0.00287	0.01059	0.00819	0.00796	0.15674
32	0.02630	0.02271	0.02391	0.02152	0.02749	0.02630	0.01674	0.05618	0.54336	0.04423	0.04303	0.03945	0.03228	0.01434	0.01076	0.00359	0.00837	0.01195	0.01076	0.01674
33	0.02827	0.63478	0.05540	0.01809	0.02714	0.04184	0.01809	0.03166	0.02148	0.02488	0.01470	0.01696	0.01357	0.00905	0.00678	0.00226	0.01131	0.00565	0.00452	0.01357
34	0.01337	0.01053	0.01213	0.01266	0.01535	0.00929	0.00943	0.01647	0.02441	0.03103	0.17658	0.20509	0.33642	0.02730	0.01285	0.00377	0.00577	0.05828	0.01015	0.00911
35	0.03671	0.01485	0.01886	0.01535	0.02132	0.01334	0.01239	0.04113	0.02713	0.36469	0.03892	0.03731	0.02653	0.01279	0.00938	0.00296	0.00742	0.01033	0.27374	0.01485
36	0.15340	0.03181	0.15245	0.02611	0.03611	0.02612	0.09922	0.19036	0.03160	0.11778	0.02362	0.02513	0.01659	0.01107	0.01003	0.00330	0.01249	0.00906	0.00804	0.01572
37	0.02293	0.02643	0.08900	0.02801	0.02964	0.03157	0.02480	0.02629	0.01683	0.02629	0.01441	0.02305	0.01383	0.01762	0.03212	0.00449	0.54700	0.00910	0.00461	0.01199
38	0.04744	0.01799	0.02454	0.01881	0.02699	0.01554	0.01554	0.05153	0.03026	0.56979	0.04171	0.03599	0.02617	0.01309	0.01063	0.00327	0.00900	0.01063	0.01309	0.01799
39	0.01320	0.00945	0.01255	0.01450	0.01541	0.00880	0.00984	0.01552	0.02173	0.02936	0.13480	0.53825	0.07451	0.03136	0.01334	0.00415	0.00596	0.02838	0.01009	0.00880
40	0.09321	0.12774	0.24852	0.14710	0.04467	0.02609	0.06363	0.03073	0.02218	0.03287	0.05331	0.02636	0.01922	0.01066	0.00962	0.00322	0.01332	0.00867	0.00527	0.01359
41	0.03240	0.02185	0.03709	0.02785	0.03594	0.02070	0.19871	0.07461	0.06485	0.22381	0.11197	0.03934	0.03359	0.01294	0.01158	0.00340	0.01172	0.01261	0.00973	0.01533

[dist]
# distance from previous block
# <min> <max>
1	10

[block]
# block no. 7 follows, 13 sequences, length 36
# corresponding to MSA columns:
# 387-422
name=unknown_H
#
# <colnr> <probs for GDERKNQSTAVLIFYWHMCP>
#	G	D	E	R	K	N	Q	S	T	A	V	L	I	F	Y	W	H	M	C	P
0	0.11227	0.02816	0.02902	0.02298	0.03035	0.06806	0.01885	0.34428	0.04001	0.11939	0.02470	0.02516	0.01765	0.01274	0.01188	0.00327	0.05618	0.00903	0.00964	0.01639
1	0.12325	0.02320	0.02354	0.01924	0.02665	0.08724	0.01539	0.04503	0.12124	0.26364	0.03211	0.03013	0.02236	0.01187	0.00959	0.00302	0.00982	0.00915	0.00991	0.11359
2	0.01469	0.01080	0.01376	0.01302	0.01563	0.00986	0.00976	0.01943	0.02929	0.04089	0.50768	0.08147	0.14992	0.02218	0.01247	0.00335	0.00503	0.01947	0.01144	0.00986
3	0.02398	0.03011	0.12663	0.30620	0.13372	0.09208	0.02943	0.03313	0.06457	0.03051	0.02063	0.02666	0.01577	0.01065	0.01035	0.00334	0.01427	0.00902	0.00531	0.01364
4	0.02756	0.08353	0.22943	0.14550	0.09439	0.02667	0.02945	0.12717	0.02799	0.07805	0.02160	0.02504	0.01569	0.01074	0.01007	0.00324	0.01343	0.00864	0.00640	0.01541
5	0.01496	0.01081	0.01413	0.01330	0.01580	0.00998	0.00998	0.01995	0.02993	0.04240	0.55689	0.07898	0.09976	0.02162	0.01247	0.00333	0.00499	0.01912	0.01164	0.00998
6	0.02485	0.02232	0.02876	0.02452	0.02681	0.02863	0.02011	0.10077	0.08658	0.03599	0.09375	0.03311	0.02851	0.01759	0.02527	0.00411	0.36726	0.01097	0.00719	0.01290
7	0.01392	0.01019	0.01320	0.01454	0.01623	0.00947	0.01063	0.01707	0.02368	0.03165	0.18786	0.35473	0.13507	0.02896	0.01327	0.00404	0.00625	0.08985	0.01026	0.00913
8	0.01412	0.01067	0.01302	0.01265	0.01533	0.00958	0.00941	0.01823	0.02762	0.03740	0.39467	0.12098	0.22996	0.02386	0.01254	0.00346	0.00517	0.02076	0.01100	0.00958
9	0.50574	0.01971	0.01825	0.01538	0.02242	0.02126	0.01268	0.03723	0.02169	0.20467	0.02285	0.02284	0.01588	0.01080	0.00777	0.00327	0.00843	0.00720	0.00851	0.01342
10	0.01997	0.01879	0.03171	0.60301	0.07282	0.02349	0.02936	0.02701	0.02114	0.02701	0.01879	0.02819	0.01409	0.01057	0.01057	0.00352	0.01409	0.00940	0.00470	0.01175
11	0.01997	0.01879	0.03171	0.60301	0.07282	0.02349	0.02936	0.02701	0.02114	0.02701	0.01879	0.02819	0.01409	0.01057	0.01057	0.00352	0.01409	0.00940	0.00470	0.01175
12	0.62304	0.02155	0.01750	0.01516	0.02194	0.02481	0.01249	0.09100	0.02182	0.04976	0.01601	0.01817	0.01224	0.01016	0.00703	0.00326	0.00860	0.00618	0.00703	0.01224
13	0.01912	0.01558	0.01879	0.01471	0.02133	0.01244	0.01150	0.02394	0.02515	0.03765	0.23540	0.04489	0.04952	0.01338	0.00970	0.00227	0.00669	0.01144	0.00843	0.41808
14	0.02804	0.01370	0.01832	0.01552	0.02030	0.01222	0.01222	0.03266	0.03006	0.25470	0.34950	0.06167	0.07014	0.01818	0.01173	0.00330	0.00660	0.01570	0.01222	0.01320
15	0.02496	0.02852	0.06239	0.04456	0.05526	0.02674	0.52406	0.03387	0.02496	0.03387	0.02139	0.02852	0.01604	0.00891	0.01248	0.00357	0.01783	0.01248	0.00535	0.01426
16	0.09556	0.01817	0.02388	0.01845	0.02651	0.01614	0.01524	0.05003	0.02936	0.53145	0.03973	0.03461	0.02509	0.01285	0.01033	0.00327	0.00894	0.01027	0.01261	0.01751
17	0.04325	0.02146	0.02837	0.02561	0.09296	0.02056	0.01860	0.15583	0.03387	0.39239	0.03542	0.03243	0.02320	0.01256	0.01060	0.00323	0.01002	0.01024	0.01158	0.01784
18	0.01668	0.01013	0.01103	0.01103	0.01177	0.01013	0.00670	0.01816	0.01742	0.02620	0.03367	0.06023	0.03503	0.44297	0.03984	0.00791	0.00865	0.01371	0.21131	0.00744
19	0.03420	0.02497	0.02713	0.02235	0.02957	0.02773	0.01796	0.24528	0.28851	0.11075	0.03578	0.03341	0.02585	0.01354	0.01067	0.00339	0.00975	0.01083	0.01094	0.01737
20	0.02432	0.01872	0.02217	0.01596	0.02524	0.01423	0.01281	0.02896	0.02271	0.08475	0.02095	0.02325	0.01665	0.00832	0.00809	0.00173	0.00794	0.00667	0.00691	0.62962
21	0.02617	0.02512	0.04292	0.06490	0.56246	0.02512	0.03245	0.03245	0.02407	0.03454	0.01989	0.02617	0.01675	0.00942	0.01047	0.00314	0.01256	0.00942	0.00523	0.01675
22	0.02121	0.05469	0.57364	0.03014	0.04576	0.02455	0.03906	0.03348	0.02232	0.03348	0.01897	0.02232	0.01339	0.01005	0.01005	0.00335	0.01563	0.00781	0.00446	0.01563
23	0.01288	0.00920	0.01227	0.01472	0.01534	0.00859	0.00981	0.01472	0.02024	0.02699	0.05828	0.62152	0.06993	0.03312	0.01350	0.00429	0.00613	0.03006	0.00981	0.00859
24	0.02183	0.02070	0.03508	0.44103	0.22021	0.02398	0.03029	0.02865	0.02202	0.02928	0.01912	0.02758	0.01489	0.01022	0.01054	0.00341	0.01363	0.00940	0.00486	0.01325
25	0.02121	0.05469	0.57364	0.03014	0.04576	0.02455	0.03906	0.03348	0.02232	0.03348	0.01897	0.02232	0.01339	0.01005	0.01005	0.00335	0.01563	0.00781	0.00446	0.01563
26	0.01310	0.00954	0.01235	0.01417	0.01529	0.00879	0.00967	0.01540	0.02178	0.02900	0.12308	0.50716	0.11941	0.03114	0.01328	0.00411	0.00592	0.02801	0.01004	0.00879
27	0.01437	0.01065	0.01357	0.01521	0.01653	0.01040	0.01048	0.01919	0.07046	0.03030	0.11139	0.50747	0.06966	0.03010	0.01313	0.00412	0.00622	0.02716	0.01010	0.00951
28	0.11757	0.03423	0.02922	0.02750	0.08035	0.21733	0.01989	0.19631	0.09953	0.04464	0.02275	0.02411	0.01741	0.01164	0.00975	0.00308	0.01340	0.00844	0.00787	0.01497
29	0.01649	0.08660	0.12493	0.01842	0.02298	0.01557	0.01690	0.02074	0.02110	0.02837	0.04579	0.40045	0.05221	0.02576	0.01219	0.00394	0.00881	0.05997	0.00820	0.01057
30	0.02141	0.02336	0.11054	0.06248	0.03122	0.01638	0.04634	0.02778	0.02215	0.03466	0.02198	0.02619	0.01740	0.00931	0.00857	0.00228	0.00956	0.00779	0.13626	0.36437
31	0.40645	0.09746	0.02312	0.05722	0.02603	0.10240	0.01456	0.03063	0.02054	0.03806	0.01999	0.08429	0.01859	0.01247	0.00803	0.00320	0.01026	0.00878	0.00638	0.01153
32	0.01429	0.01043	0.01343	0.01342	0.01557	0.00957	0.00978	0.01837	0.02723	0.03775	0.40619	0.20568	0.12951	0.02468	0.01271	0.00357	0.00528	0.02189	0.01107	0.00957
33	0.07894	0.09613	0.03519	0.24199	0.04766	0.02738	0.08364	0.06764	0.14703	0.03584	0.02446	0.02848	0.01862	0.01115	0.01007	0.00335	0.01223	0.00964	0.00672	0.01383
34	0.02079	0.01217	0.01558	0.01394	0.01770	0.01088	0.01073	0.02524	0.02906	0.14124	0.38654	0.07437	0.15868	0.02080	0.01212	0.00335	0.00581	0.01800	0.01163	0.01135
35	0.02243	0.01893	0.03104	0.10080	0.06938	0.02005	0.11920	0.03002	0.06313	0.06963	0.18208	0.04462	0.04288	0.01484	0.01396	0.00349	0.07581	0.01317	0.05186	0.01267

[dist]
# distance from previous block
# <min> <max>
5	9

[block]
# block no. 8 follows, 13 sequences, length 28
# corresponding to MSA columns:
# 432-459
name=unknown_I
#
# <colnr> <probs for GDERKNQSTAVLIFYWHMCP>
#	G	D	E	R	K	N	Q	S	T	A	V	L	I	F	Y	W	H	M	C	P
0	0.01446	0.01090	0.01371	0.01393	0.01640	0.00965	0.00996	0.01769	0.02389	0.03279	0.21562	0.32898	0.12823	0.02609	0.01245	0.00362	0.00587	0.02321	0.01001	0.08253
1	0.03210	0.08313	0.11855	0.02337	0.03221	0.02876	0.02154	0.21251	0.20288	0.08979	0.03047	0.02959	0.02218	0.01252	0.01022	0.00327	0.01098	0.00979	0.00932	0.01681
2	0.02525	0.09294	0.15059	0.01954	0.03018	0.01960	0.01946	0.03146	0.02289	0.09218	0.02092	0.02303	0.01608	0.00904	0.00853	0.00223	0.01010	0.00703	0.00642	0.39254
3	0.03244	0.03350	0.24821	0.02346	0.03410	0.02056	0.02505	0.09416	0.02917	0.23795	0.08590	0.03384	0.02794	0.01272	0.01058	0.00330	0.01157	0.01027	0.00913	0.01617
4	0.02653	0.50765	0.04614	0.01642	0.02412	0.03533	0.01591	0.03023	0.02162	0.02783	0.01873	0.02153	0.01632	0.00971	0.00691	0.00230	0.01001	0.00651	0.14338	0.01281
5	0.02668	0.03449	0.28727	0.06770	0.03791	0.01958	0.02745	0.03490	0.02463	0.16973	0.03583	0.04305	0.06554	0.01426	0.01092	0.00352	0.01236	0.06171	0.00769	0.01477
6	0.03713	0.02006	0.06808	0.02279	0.07289	0.01593	0.01782	0.04199	0.02826	0.37840	0.09710	0.08483	0.03602	0.01505	0.01100	0.00335	0.00916	0.01278	0.01129	0.01606
7	0.02175	0.15160	0.41988	0.02613	0.03913	0.02595	0.03212	0.03165	0.02303	0.03297	0.07858	0.02774	0.02312	0.01117	0.00974	0.00316	0.01367	0.00870	0.00528	0.01463
8	0.01521	0.01086	0.01494	0.01738	0.01902	0.01059	0.01386	0.01875	0.02254	0.02960	0.05699	0.34019	0.06484	0.03093	0.01412	0.00462	0.00815	0.28842	0.00977	0.00923
9	0.03187	0.08078	0.07879	0.04474	0.31314	0.06938	0.02690	0.03756	0.02559	0.15419	0.02403	0.02673	0.01810	0.01038	0.01008	0.00308	0.01240	0.00904	0.00691	0.01631
10	0.04108	0.02410	0.10799	0.02084	0.02990	0.01812	0.01925	0.04931	0.08663	0.42924	0.03840	0.03430	0.02491	0.01276	0.01056	0.00332	0.00993	0.01035	0.01151	0.01749
11	0.03446	0.02792	0.03115	0.02501	0.03257	0.06962	0.06331	0.25468	0.21513	0.08539	0.03151	0.03073	0.02295	0.01282	0.01073	0.00332	0.01143	0.01049	0.00996	0.01680
12	0.01997	0.01879	0.03171	0.60301	0.07282	0.02349	0.02936	0.02701	0.02114	0.02701	0.01879	0.02819	0.01409	0.01057	0.01057	0.00352	0.01409	0.00940	0.00470	0.01175
13	0.01854	0.01529	0.01784	0.01574	0.02131	0.01334	0.01230	0.02523	0.08086	0.03285	0.04909	0.15234	0.13160	0.01904	0.01084	0.00304	0.00740	0.07598	0.00846	0.28891
14	0.02364	0.02254	0.03835	0.28440	0.36273	0.02446	0.03119	0.03023	0.02288	0.03147	0.01944	0.02699	0.01567	0.00989	0.01051	0.00330	0.01319	0.00941	0.00502	0.01471
15	0.02212	0.02099	0.03561	0.41595	0.24303	0.02406	0.03044	0.02890	0.02216	0.02963	0.01917	0.02749	0.01502	0.01017	0.01053	0.00339	0.01356	0.00940	0.00488	0.01348
16	0.01997	0.01879	0.03171	0.60301	0.07282	0.02349	0.02936	0.02701	0.02114	0.02701	0.01879	0.02819	0.01409	0.01057	0.01057	0.00352	0.01409	0.00940	0.00470	0.01175
17	0.02793	0.01373	0.01799	0.01526	0.02019	0.01213	0.01203	0.03230	0.02941	0.25598	0.29627	0.06400	0.12118	0.01872	0.01172	0.00333	0.00666	0.01602	0.01203	0.01313
18	0.01726	0.01375	0.01877	0.06778	0.02229	0.01628	0.01382	0.01952	0.01707	0.02373	0.02906	0.05468	0.03078	0.29334	0.16400	0.00975	0.12467	0.04868	0.00601	0.00876
19	0.02241	0.15391	0.48500	0.02808	0.04258	0.02751	0.03548	0.03317	0.02218	0.03201	0.01824	0.02141	0.01342	0.00987	0.00949	0.00316	0.01489	0.00744	0.00447	0.01527
20	0.02439	0.01286	0.01604	0.01445	0.01886	0.01120	0.01110	0.02775	0.02637	0.20778	0.14742	0.16456	0.22996	0.02256	0.01205	0.00356	0.00662	0.01930	0.01117	0.01200
21	0.01372	0.01008	0.01232	0.01307	0.01466	0.00926	0.00898	0.01625	0.02276	0.03026	0.19196	0.29422	0.17082	0.11945	0.01916	0.00481	0.00631	0.02347	0.00976	0.00868
22	0.02985	0.02468	0.07051	0.02564	0.08538	0.02344	0.01966	0.20742	0.10496	0.09542	0.15601	0.04094	0.03981	0.01453	0.01101	0.00328	0.00978	0.01211	0.01001	0.01557
23	0.09883	0.02462	0.03998	0.05942	0.50428	0.02497	0.03019	0.03230	0.02342	0.03593	0.01933	0.02520	0.01618	0.00946	0.01005	0.00315	0.01209	0.00902	0.00537	0.01618
24	0.04262	0.01914	0.02627	0.10816	0.03448	0.01828	0.01805	0.08994	0.03060	0.44266	0.03678	0.03386	0.02361	0.01267	0.01062	0.00330	0.01001	0.01035	0.01159	0.01704
25	0.03186	0.02089	0.06881	0.06458	0.11288	0.01750	0.04942	0.03716	0.02661	0.26650	0.07156	0.07819	0.07669	0.01488	0.01112	0.00339	0.01015	0.01304	0.00965	0.01512
26	0.03769	0.02420	0.07734	0.02595	0.07385	0.02107	0.04953	0.08554	0.12311	0.31313	0.03571	0.03334	0.02415	0.01247	0.01069	0.00333	0.01048	0.01055	0.01062	0.01724
27	0.03243	0.06729	0.15276	0.02478	0.03424	0.07089	0.08363	0.08140	0.02832	0.19927	0.03622	0.03586	0.07921	0.01296	0.01061	0.00324	0.01240	0.01082	0.00845	0.01522

[dist]
# distance from previous block
# <min> <max>
1	65

[block]
# block no. 9 follows, 13 sequences, length 22
# corresponding to MSA columns:
# 525-546
name=unknown_J
#
# <colnr> <probs for GDERKNQSTAVLIFYWHMCP>
#	G	D	E	R	K	N	Q	S	T	A	V	L	I	F	Y	W	H	M	C	P
0	0.24432	0.12894	0.10928	0.11130	0.07516	0.02577	0.02127	0.03198	0.02121	0.06939	0.01834	0.02178	0.01412	0.00987	0.00836	0.00302	0.01106	0.00721	0.00591	0.06174
1	0.28893	0.02103	0.02803	0.11073	0.07940	0.02288	0.09046	0.03430	0.06827	0.07926	0.02267	0.02618	0.01702	0.01059	0.00907	0.00331	0.01067	0.00877	0.05524	0.01319
2	0.27417	0.02137	0.05964	0.01661	0.02369	0.02003	0.01451	0.06778	0.06420	0.12924	0.02611	0.02717	0.01912	0.01118	0.00831	0.00301	0.00851	0.00818	0.12777	0.06940
