[name]
unknown

[dist]
# distance from previous block
# <min> <max>
0	86

[block]
# block no. 0 follows, 16 sequences, length 73
# corresponding to MSA columns:
# 88-160
name=unknown_A
#
# <colnr> <probs for GDERKNQSTAVLIFYWHMCP>
#	G	D	E	R	K	N	Q	S	T	A	V	L	I	F	Y	W	H	M	C	P
0	0.02084	0.01741	0.02413	0.13435	0.07763	0.02031	0.01827	0.10991	0.02357	0.03244	0.10382	0.03983	0.05188	0.04591	0.05292	0.03611	0.13825	0.03480	0.00661	0.01101
1	0.16353	0.01638	0.01785	0.01505	0.02050	0.01694	0.01208	0.08315	0.10117	0.20819	0.07416	0.03298	0.02693	0.01201	0.00855	0.00288	0.00717	0.00942	0.15804	0.01304
2	0.01512	0.01156	0.01281	0.01239	0.01517	0.01098	0.00916	0.07444	0.02341	0.02984	0.11320	0.14097	0.30733	0.12709	0.01766	0.00436	0.00656	0.05046	0.00870	0.00880
3	0.01558	0.01289	0.01714	0.01508	0.01855	0.01252	0.05634	0.02308	0.10930	0.03392	0.30051	0.06715	0.18929	0.06868	0.01415	0.00365	0.00650	0.01643	0.00929	0.00994
4	0.02097	0.01950	0.03258	0.46763	0.12054	0.02271	0.07188	0.07421	0.02231	0.02929	0.01808	0.02543	0.01366	0.00962	0.00983	0.00317	0.01285	0.00886	0.00489	0.01198
5	0.01933	0.01840	0.02959	0.37081	0.16065	0.02204	0.02492	0.02461	0.01940	0.02601	0.02345	0.03035	0.06194	0.01190	0.01341	0.00333	0.11408	0.00958	0.00478	0.01143
6	0.01494	0.01036	0.01231	0.01154	0.01464	0.00911	0.00876	0.01854	0.02516	0.07527	0.33950	0.07847	0.30315	0.02127	0.01132	0.00314	0.00499	0.01821	0.01005	0.00927
7	0.01868	0.01737	0.02485	0.12100	0.02889	0.02287	0.01864	0.02161	0.01668	0.02439	0.06836	0.03250	0.02318	0.09019	0.07745	0.00547	0.36289	0.01008	0.00508	0.00982
8	0.07198	0.01348	0.01642	0.13292	0.02469	0.01499	0.01207	0.02353	0.10573	0.02708	0.07833	0.04898	0.03314	0.32478	0.02872	0.00618	0.00923	0.01216	0.00664	0.00896
9	0.01191	0.00944	0.01072	0.01123	0.01358	0.00825	0.00810	0.01449	0.02195	0.02779	0.16415	0.24721	0.36607	0.02543	0.01171	0.00342	0.00506	0.02198	0.00926	0.00825
10	0.01358	0.00979	0.01347	0.01384	0.01490	0.01067	0.00986	0.01579	0.01565	0.02183	0.03170	0.14504	0.03378	0.22987	0.36229	0.01196	0.01803	0.01421	0.00600	0.00775
11	0.08210	0.03219	0.25049	0.12885	0.04534	0.02225	0.19128	0.03093	0.02125	0.07565	0.01933	0.02364	0.01388	0.00917	0.00974	0.00314	0.01366	0.00874	0.00515	0.01321
12	0.01830	0.01723	0.02907	0.63609	0.06675	0.02153	0.02692	0.02476	0.01938	0.02476	0.01723	0.02584	0.01292	0.00969	0.00969	0.00323	0.01292	0.00861	0.00431	0.01077
13	0.04073	0.01569	0.02104	0.01636	0.02329	0.01368	0.01344	0.04457	0.02694	0.54402	0.03752	0.03333	0.02408	0.01192	0.00943	0.00292	0.00784	0.00967	0.08786	0.01569
14	0.11167	0.01459	0.01581	0.01487	0.01873	0.01546	0.01132	0.03031	0.19879	0.06561	0.16687	0.15402	0.10755	0.01822	0.01030	0.00329	0.00634	0.01549	0.00940	0.01134
15	0.02063	0.01957	0.03385	0.48362	0.06095	0.02275	0.11753	0.07104	0.02216	0.02886	0.01814	0.02568	0.01352	0.00959	0.00999	0.00321	0.01331	0.00910	0.00486	0.01164
16	0.02285	0.02736	0.13425	0.07901	0.39001	0.02307	0.07472	0.03137	0.06305	0.03175	0.01972	0.02457	0.01571	0.00908	0.00971	0.00299	0.01218	0.00880	0.00504	0.01475
17	0.01980	0.01843	0.01633	0.01532	0.01677	0.13010	0.01039	0.02290	0.06738	0.02204	0.02695	0.04885	0.02859	0.42651	0.03662	0.00712	0.05999	0.01186	0.00593	0.00812
18	0.02157	0.01919	0.02926	0.35422	0.16114	0.02201	0.02420	0.08614	0.07092	0.03250	0.06482	0.02969	0.02131	0.01077	0.00982	0.00312	0.01130	0.00952	0.00595	0.01256
19	0.34192	0.02343	0.02102	0.05311	0.02578	0.08805	0.01464	0.19534	0.02658	0.04366	0.01717	0.01992	0.01320	0.01188	0.01014	0.05856	0.00995	0.00688	0.00680	0.01196
20	0.03065	0.38565	0.04089	0.01958	0.02716	0.13664	0.01745	0.17616	0.02804	0.03332	0.01639	0.01797	0.01354	0.00949	0.00759	0.00237	0.01167	0.00632	0.00579	0.01332
21	0.01254	0.00906	0.01191	0.01325	0.01450	0.00843	0.00937	0.01521	0.02133	0.02885	0.19996	0.43825	0.09532	0.02705	0.01214	0.00370	0.00551	0.05589	0.00944	0.00829
22	0.30088	0.04682	0.02534	0.17146	0.03491	0.02391	0.04567	0.09884	0.02192	0.06656	0.01721	0.02111	0.01306	0.01027	0.01006	0.00312	0.06352	0.00736	0.00609	0.01188
23	0.01213	0.00868	0.01153	0.01328	0.01413	0.00808	0.00902	0.01429	0.02003	0.02709	0.14317	0.55662	0.06864	0.02861	0.01221	0.00379	0.00545	0.02589	0.00927	0.00808
24	0.01684	0.00842	0.01263	0.01263	0.01263	0.00842	0.00842	0.01263	0.01263	0.01684	0.01684	0.02946	0.01684	0.03367	0.03788	0.71801	0.00842	0.00842	0.00421	0.00421
25	0.05686	0.01480	0.01801	0.01698	0.01997	0.01609	0.01330	0.10311	0.05537	0.07472	0.03665	0.18239	0.03737	0.09409	0.06849	0.00532	0.05899	0.10872	0.00818	0.01060
26	0.02141	0.08709	0.07685	0.31570	0.04554	0.02271	0.02213	0.11648	0.02485	0.03254	0.07296	0.03308	0.06535	0.01185	0.00958	0.00303	0.01106	0.00983	0.00609	0.01187
27	0.01543	0.00877	0.01177	0.01196	0.01201	0.00872	0.00755	0.01323	0.01365	0.01820	0.02482	0.09372	0.02740	0.25857	0.03987	0.40342	0.00854	0.01206	0.00521	0.00511
28	0.01591	0.01067	0.01317	0.01350	0.01584	0.01006	0.00973	0.02053	0.06840	0.08046	0.14646	0.35441	0.15457	0.02456	0.01161	0.00354	0.00573	0.02171	0.00961	0.00953
29	0.02121	0.02838	0.19470	0.15660	0.04138	0.02201	0.10320	0.07085	0.11863	0.03213	0.02335	0.03002	0.01856	0.08036	0.01413	0.00384	0.01237	0.00962	0.00586	0.01280
30	0.01704	0.04030	0.01420	0.01216	0.01351	0.01149	0.00806	0.01817	0.01629	0.06932	0.05502	0.05563	0.03427	0.46670	0.12038	0.00909	0.01139	0.01297	0.00643	0.00759
31	0.01807	0.00903	0.00903	0.00903	0.01129	0.00903	0.00678	0.02258	0.02033	0.03613	0.03162	0.03613	0.02484	0.01129	0.00678	0.00226	0.00452	0.00903	0.71319	0.00903
32	0.02083	0.02373	0.12435	0.14456	0.17074	0.02152	0.04731	0.02665	0.01933	0.05280	0.01931	0.02624	0.01588	0.02144	0.11876	0.00541	0.11504	0.00884	0.00490	0.01239
33	0.02443	0.06225	0.07684	0.23575	0.09165	0.02312	0.07116	0.05811	0.12980	0.09409	0.02412	0.02730	0.01776	0.01034	0.00962	0.00309	0.01144	0.00912	0.00652	0.01349
34	0.02400	0.02060	0.02571	0.02192	0.02477	0.02576	0.01782	0.15248	0.10724	0.03437	0.02169	0.02796	0.01861	0.05009	0.10143	0.00550	0.29188	0.00940	0.00655	0.01222
35	0.37849	0.01973	0.02466	0.14819	0.20213	0.02209	0.01947	0.02814	0.01873	0.03629	0.01564	0.02018	0.01243	0.00902	0.00780	0.00301	0.00976	0.00692	0.00531	0.01201
36	0.03679	0.02885	0.02894	0.02254	0.03005	0.08276	0.01845	0.51948	0.04395	0.05775	0.02253	0.02275	0.01613	0.01149	0.00961	0.00287	0.01127	0.00850	0.00928	0.01601
37	0.14695	0.02556	0.02816	0.08059	0.09339	0.10917	0.06378	0.16884	0.08807	0.04007	0.02415	0.02625	0.04166	0.01091	0.00916	0.00298	0.01129	0.00876	0.00698	0.01331
38	0.02345	0.01962	0.03273	0.32342	0.28899	0.02138	0.02675	0.02932	0.02143	0.09055	0.01993	0.02582	0.01515	0.00949	0.00966	0.00306	0.01182	0.00875	0.00535	0.01334
39	0.01841	0.01985	0.07333	0.12078	0.07141	0.01820	0.16418	0.02631	0.08109	0.02901	0.03247	0.23672	0.03246	0.01648	0.01103	0.00345	0.01084	0.01586	0.00665	0.01146
40	0.01928	0.01236	0.01591	0.01591	0.01823	0.01248	0.01187	0.07862	0.02275	0.10145	0.04597	0.42800	0.05056	0.02504	0.01285	0.00377	0.03979	0.06583	0.00919	0.01011
41	0.03581	0.02707	0.03116	0.02367	0.03158	0.02965	0.05870	0.52705	0.04389	0.05886	0.02300	0.02348	0.01635	0.01138	0.00982	0.00294	0.01108	0.00893	0.00934	0.01623
42	0.02020	0.02208	0.08196	0.39412	0.20614	0.02220	0.06166	0.02698	0.02041	0.02749	0.01766	0.02491	0.01363	0.00927	0.00973	0.00312	0.01287	0.00867	0.00446	0.01243
43	0.02145	0.01162	0.01543	0.01351	0.01715	0.01047	0.01047	0.02581	0.02751	0.18615	0.44944	0.06216	0.07392	0.01778	0.01099	0.00304	0.00553	0.01551	0.01101	0.01105
44	0.01370	0.00970	0.01144	0.01189	0.01428	0.00853	0.00857	0.01618	0.02171	0.06063	0.13443	0.29631	0.30650	0.02545	0.01169	0.00348	0.00533	0.02215	0.00936	0.00866
45	0.08465	0.02051	0.02291	0.01892	0.02551	0.02196	0.01523	0.14716	0.26225	0.22306	0.03405	0.03118	0.02390	0.01219	0.00951	0.00310	0.00841	0.00973	0.01022	0.01557
46	0.02056	0.01976	0.03388	0.23013	0.27261	0.02161	0.07357	0.02601	0.02032	0.02801	0.02139	0.09259	0.01959	0.01197	0.01194	0.00325	0.06432	0.01091	0.00506	0.01251
47	0.04348	0.01649	0.02249	0.01724	0.02474	0.01425	0.01425	0.04723	0.02774	0.60564	0.03824	0.03299	0.02399	0.01200	0.00975	0.00300	0.00825	0.00975	0.01200	0.01649
48	0.01181	0.00843	0.01125	0.01350	0.01406	0.00787	0.00900	0.01350	0.01856	0.02474	0.05342	0.65306	0.06410	0.03036	0.01237	0.00394	0.00562	0.02755	0.00900	0.00787
49	0.02484	0.02257	0.04399	0.19814	0.05085	0.02267	0.32546	0.05537	0.02355	0.10239	0.02145	0.02679	0.01546	0.00921	0.01068	0.00321	0.01415	0.01034	0.00584	0.01303
50	0.01417	0.01119	0.01684	0.15522	0.02739	0.01240	0.01448	0.01766	0.01827	0.02452	0.03762	0.29629	0.04100	0.03682	0.17654	0.00697	0.01307	0.06381	0.00690	0.00883
51	0.02380	0.02552	0.02930	0.02536	0.02623	0.13172	0.02078	0.02598	0.01702	0.02339	0.01311	0.02056	0.01268	0.01576	0.02782	0.00394	0.53385	0.00809	0.00437	0.01071
52	0.02762	0.02036	0.02311	0.01741	0.02540	0.01900	0.01411	0.18726	0.07577	0.09715	0.02293	0.02364	0.01721	0.00946	0.00839	0.00218	0.00834	0.00745	0.00786	0.38537
53	0.08916	0.07987	0.02669	0.08962	0.03092	0.12447	0.01738	0.13126	0.21354	0.06257	0.02560	0.02603	0.01927	0.01115	0.00898	0.00294	0.01065	0.00849	0.00767	0.01373
54	0.02226	0.01570	0.05173	0.01393	0.01831	0.01425	0.01179	0.12842	0.02724	0.07419	0.15663	0.04070	0.03746	0.01320	0.00871	0.00266	0.00654	0.01082	0.33421	0.01125
55	0.03155	0.01829	0.02193	0.01734	0.02399	0.01768	0.01401	0.15099	0.09025	0.24786	0.12217	0.03568	0.03247	0.01258	0.00963	0.00278	0.00794	0.01031	0.01010	0.12245
56	0.38296	0.02263	0.09467	0.01665	0.02429	0.02005	0.01541	0.06786	0.02227	0.21578	0.02221	0.02212	0.01525	0.01011	0.00779	0.00300	0.00881	0.00709	0.00782	0.01321
57	0.01181	0.00843	0.01125	0.01350	0.01406	0.00787	0.00900	0.01350	0.01856	0.02474	0.05342	0.65306	0.06410	0.03036	0.01237	0.00394	0.00562	0.02755	0.00900	0.00787
58	0.01684	0.00842	0.01263	0.01263	0.01263	0.00842	0.00842	0.01263	0.01263	0.01684	0.01684	0.02946	0.01684	0.03367	0.03788	0.71801	0.00842	0.00842	0.00421	0.00421
59	0.02273	0.01547	0.01749	0.01547	0.01998	0.01560	0.01200	0.13019	0.11127	0.11320	0.09632	0.15258	0.19936	0.01928	0.01080	0.00326	0.00696	0.01628	0.00979	0.01198
60	0.01852	0.02141	0.15208	0.06695	0.02703	0.01687	0.01873	0.02325	0.01754	0.06705	0.02355	0.03524	0.02123	0.14399	0.22473	0.00851	0.08762	0.00990	0.00539	0.01042
61	0.04348	0.01649	0.02249	0.01724	0.02474	0.01425	0.01425	0.04723	0.02774	0.60564	0.03824	0.03299	0.02399	0.01200	0.00975	0.00300	0.00825	0.00975	0.01200	0.01649
62	0.04180	0.01920	0.02416	0.01853	0.02609	0.01825	0.01530	0.17892	0.03226	0.46756	0.03444	0.03052	0.02209	0.01190	0.00973	0.00298	0.00886	0.00949	0.01141	0.01649
63	0.02737	0.01550	0.02063	0.12436	0.02913	0.01595	0.01543	0.07205	0.07148	0.22361	0.03522	0.09417	0.02982	0.07255	0.01374	0.00383	0.00895	0.06810	0.04557	0.01252
64	0.01655	0.00953	0.01407	0.07974	0.01815	0.01000	0.01001	0.01418	0.01360	0.01801	0.01910	0.03459	0.01940	0.13269	0.03669	0.52560	0.00906	0.00936	0.00449	0.00519
65	0.01944	0.05013	0.60917	0.02762	0.04195	0.02251	0.03581	0.03069	0.02046	0.03069	0.01739	0.02046	0.01228	0.00921	0.00921	0.00307	0.01432	0.00716	0.00409	0.01432
66	0.01429	0.01032	0.01350	0.07939	0.01814	0.01103	0.00953	0.01575	0.01535	0.02065	0.03049	0.11120	0.03367	0.42780	0.14025	0.00928	0.01228	0.01414	0.00588	0.00707
67	0.02072	0.14626	0.30514	0.02561	0.03588	0.02415	0.11347	0.03046	0.07059	0.02961	0.02294	0.09037	0.01985	0.01152	0.00945	0.00304	0.01243	0.01006	0.00528	0.01318
68	0.02425	0.02217	0.06025	0.07253	0.12486	0.02345	0.02037	0.12943	0.14309	0.03738	0.02543	0.03069	0.02046	0.01258	0.01302	0.00322	0.10967	0.03029	0.08340	0.01346
69	0.08519	0.03739	0.03039	0.02794	0.07847	0.37867	0.06764	0.12103	0.02869	0.03248	0.01688	0.01959	0.01342	0.00990	0.00900	0.00270	0.01505	0.00723	0.00580	0.01253
70	0.25910	0.02042	0.02104	0.05622	0.02566	0.09665	0.05602	0.05131	0.02159	0.09610	0.02727	0.17540	0.02606	0.01477	0.00913	0.00319	0.00959	0.01216	0.00722	0.01108
71	0.03221	0.28656	0.03652	0.02171	0.02799	0.39444	0.01789	0.03494	0.02445	0.02336	0.01440	0.01673	0.01247	0.00933	0.00776	0.00233	0.01472	0.00583	0.00466	0.01170
72	0.02465	0.01413	0.01764	0.01518	0.01996	0.01314	0.01224	0.08551	0.02774	0.19256	0.21655	0.06054	0.12126	0.01753	0.01078	0.00313	0.00696	0.07745	0.01021	0.05286

[dist]
# distance from previous block
# <min> <max>
0	1

[block]
# block no. 1 follows, 16 sequences, length 16
# corresponding to MSA columns:
# 162-177
name=unknown_B
#
# <colnr> <probs for GDERKNQSTAVLIFYWHMCP>
#	G	D	E	R	K	N	Q	S	T	A	V	L	I	F	Y	W	H	M	C	P
0	0.03819	0.01623	0.02111	0.01659	0.02289	0.01477	0.01324	0.08498	0.02702	0.46563	0.03575	0.03710	0.02519	0.11656	0.01614	0.00403	0.00863	0.01036	0.01082	0.01478
1	0.03989	0.01726	0.02365	0.01857	0.02486	0.01674	0.01537	0.04337	0.02566	0.51156	0.03411	0.03108	0.02217	0.01280	0.01331	0.00320	0.11058	0.00954	0.01074	0.01554
2	0.01720	0.01603	0.02596	0.53490	0.05808	0.01938	0.02376	0.02301	0.01982	0.02499	0.03031	0.03674	0.10696	0.01209	0.00998	0.00324	0.01163	0.01053	0.00506	0.01035
3	0.03560	0.02135	0.02670	0.14113	0.03535	0.02268	0.01858	0.27269	0.03399	0.25044	0.02748	0.02728	0.01849	0.01138	0.00971	0.00300	0.01024	0.00907	0.00947	0.01536
4	0.01193	0.00886	0.01084	0.01233	0.01350	0.00809	0.00831	0.01365	0.01901	0.02455	0.06226	0.46265	0.19109	0.08627	0.01552	0.00427	0.00579	0.02459	0.00871	0.00777
5	0.01460	0.01032	0.01386	0.01512	0.01652	0.01056	0.01183	0.01744	0.01865	0.02479	0.04168	0.13010	0.04572	0.20840	0.12135	0.00757	0.01153	0.26450	0.00749	0.00795
6	0.02097	0.02256	0.04646	0.03472	0.04212	0.02199	0.41288	0.02769	0.02179	0.02965	0.02549	0.09166	0.02338	0.01284	0.01332	0.00353	0.06357	0.06774	0.00565	0.01197
7	0.01986	0.02012	0.03721	0.41422	0.05869	0.02307	0.18083	0.02645	0.02001	0.02645	0.01754	0.02554	0.01342	0.00986	0.01203	0.00332	0.06608	0.00941	0.00447	0.01142
8	0.50715	0.01802	0.01690	0.01420	0.02068	0.01932	0.01171	0.03453	0.02012	0.22477	0.02147	0.02131	0.01485	0.00996	0.00721	0.00300	0.00774	0.00670	0.00793	0.01243
9	0.01176	0.00862	0.01106	0.01301	0.01393	0.00791	0.00878	0.01355	0.01902	0.02493	0.05933	0.57919	0.13415	0.02960	0.01225	0.00385	0.00553	0.02662	0.00900	0.00791
10	0.01830	0.01723	0.02907	0.63609	0.06675	0.02153	0.02692	0.02476	0.01938	0.02476	0.01723	0.02584	0.01292	0.00969	0.00969	0.00323	0.01292	0.00861	0.00431	0.01077
11	0.02456	0.02233	0.02625	0.02265	0.02781	0.12203	0.10424	0.11378	0.02726	0.05820	0.03973	0.06106	0.09077	0.01754	0.01131	0.00349	0.01144	0.19625	0.00786	0.01146
12	0.02005	0.01094	0.01115	0.01043	0.01327	0.01125	0.00800	0.07995	0.02299	0.03876	0.03074	0.03478	0.02396	0.01133	0.00708	0.00233	0.00517	0.00900	0.63901	0.00982
13	0.08790	0.07497	0.03056	0.08336	0.16422	0.08728	0.02019	0.16680	0.02801	0.08533	0.01988	0.02239	0.01513	0.00980	0.00881	0.00273	0.01103	0.00773	0.00673	0.06715
14	0.10926	0.05096	0.08159	0.03066	0.12318	0.02452	0.12069	0.03284	0.09409	0.07707	0.02092	0.02450	0.01630	0.01115	0.01381	0.00328	0.13706	0.00884	0.00600	0.01328
15	0.09389	0.13236	0.08091	0.02985	0.16765	0.07342	0.02131	0.17525	0.02817	0.08029	0.01950	0.02152	0.01489	0.00981	0.00865	0.00276	0.01119	0.00756	0.00659	0.01441

[dist]
# distance from previous block
# <min> <max>
0	4

[block]
# block no. 2 follows, 16 sequences, length 33
# corresponding to MSA columns:
# 182-214
name=unknown_C
#
# <colnr> <probs for GDERKNQSTAVLIFYWHMCP>
#	G	D	E	R	K	N	Q	S	T	A	V	L	I	F	Y	W	H	M	C	P
0	0.08623	0.02677	0.18508	0.06568	0.13669	0.01901	0.06222	0.02905	0.02103	0.09420	0.02429	0.10471	0.02107	0.01192	0.00948	0.00302	0.01086	0.01046	0.00611	0.07213
1	0.02407	0.18859	0.02967	0.01755	0.02357	0.02061	0.06845	0.03015	0.07194	0.13835	0.16502	0.04476	0.10989	0.01414	0.00959	0.00285	0.00831	0.01198	0.00831	0.01220
2	0.01277	0.00960	0.01205	0.01363	0.01545	0.00888	0.01036	0.01545	0.02064	0.02635	0.06597	0.33735	0.21753	0.02766	0.01239	0.00389	0.00633	0.16649	0.00898	0.00826
3	0.01684	0.00842	0.01263	0.01263	0.01263	0.00842	0.00842	0.01263	0.01263	0.01684	0.01684	0.02946	0.01684	0.03367	0.03788	0.71801	0.00842	0.00842	0.00421	0.00421
4	0.01602	0.01208	0.01576	0.01513	0.01691	0.01298	0.01149	0.01872	0.02107	0.06387	0.17634	0.25088	0.15675	0.02305	0.01571	0.00361	0.13269	0.01902	0.00861	0.00930
5	0.02684	0.11709	0.26885	0.02644	0.03725	0.02446	0.12931	0.09452	0.02488	0.12684	0.02138	0.02328	0.01515	0.00962	0.00939	0.00295	0.01279	0.00833	0.00618	0.01444
6	0.01442	0.01010	0.01416	0.01416	0.01576	0.01140	0.01071	0.01762	0.01602	0.02384	0.02722	0.04072	0.02557	0.13183	0.47604	0.01314	0.02129	0.01063	0.09698	0.00838
7	0.01351	0.00934	0.01160	0.01213	0.01256	0.00951	0.00769	0.01451	0.01541	0.02084	0.03516	0.19843	0.04016	0.40934	0.13935	0.00917	0.01137	0.01663	0.00649	0.00683
8	0.01988	0.05740	0.03145	0.46940	0.13046	0.02322	0.02592	0.02674	0.04328	0.02615	0.01787	0.02520	0.01390	0.00994	0.01048	0.00316	0.04079	0.00850	0.00459	0.01165
9	0.01349	0.00957	0.01273	0.01433	0.01556	0.00922	0.01069	0.01621	0.02035	0.02720	0.12016	0.34344	0.06179	0.09983	0.01679	0.00461	0.00693	0.18015	0.00883	0.00813
10	0.01944	0.05013	0.60917	0.02762	0.04195	0.02251	0.03581	0.03069	0.02046	0.03069	0.01739	0.02046	0.01228	0.00921	0.00921	0.00307	0.01432	0.00716	0.00409	0.01432
11	0.01484	0.01098	0.01326	0.01375	0.01578	0.01061	0.00983	0.07739	0.02329	0.03083	0.12219	0.42012	0.14839	0.02601	0.01180	0.00360	0.00596	0.02304	0.00928	0.00906
12	0.01893	0.01495	0.02171	0.01977	0.02336	0.01502	0.08437	0.11885	0.02545	0.03395	0.06609	0.28525	0.04793	0.02265	0.01199	0.00377	0.00878	0.15809	0.00865	0.01046
13	0.01525	0.01247	0.01879	0.09691	0.02449	0.01518	0.01492	0.01900	0.01656	0.02367	0.05066	0.03624	0.02470	0.05569	0.44595	0.01209	0.09275	0.01028	0.00523	0.00917
14	0.03658	0.01486	0.02004	0.01617	0.02236	0.01293	0.01302	0.04008	0.02641	0.47806	0.07627	0.10908	0.05922	0.01515	0.01023	0.00312	0.00757	0.01275	0.01143	0.01468
15	0.02569	0.02532	0.02584	0.05420	0.02880	0.19388	0.07458	0.08926	0.02522	0.05743	0.02986	0.18968	0.02996	0.01687	0.01191	0.00330	0.05086	0.04906	0.00707	0.01120
16	0.02350	0.02026	0.02992	0.17554	0.24234	0.02192	0.02325	0.12634	0.06082	0.03646	0.07468	0.03559	0.02569	0.01203	0.01009	0.00312	0.01063	0.04761	0.00672	0.01348
17	0.01178	0.00856	0.01112	0.01316	0.01397	0.00790	0.00885	0.01353	0.01888	0.02487	0.05747	0.60243	0.11211	0.02984	0.01229	0.00388	0.00556	0.02691	0.00900	0.00790
18	0.02282	0.01830	0.03130	0.31903	0.13993	0.01986	0.09309	0.02884	0.02138	0.09779	0.02187	0.02761	0.01624	0.00978	0.00957	0.00304	0.01161	0.00917	0.08645	0.01230
19	0.02585	0.02183	0.09670	0.01834	0.02486	0.01875	0.01634	0.14274	0.13696	0.13577	0.11200	0.07086	0.10640	0.01524	0.01024	0.00313	0.00840	0.01262	0.00939	0.01358
20	0.01830	0.01723	0.02907	0.63609	0.06675	0.02153	0.02692	0.02476	0.01938	0.02476	0.01723	0.02584	0.01292	0.00969	0.00969	0.00323	0.01292	0.00861	0.00431	0.01077
21	0.02041	0.01783	0.02836	0.34710	0.09890	0.02023	0.06137	0.08602	0.02283	0.03077	0.02385	0.10735	0.02112	0.01249	0.00996	0.00319	0.01126	0.01131	0.05412	0.01151
22	0.02341	0.14928	0.06138	0.13524	0.16455	0.02159	0.02061	0.02795	0.02112	0.10676	0.02685	0.14927	0.02511	0.01358	0.00949	0.00302	0.01004	0.01179	0.00638	0.01257
23	0.02122	0.01285	0.01548	0.01378	0.01747	0.01235	0.01062	0.09312	0.02738	0.12379	0.25261	0.12599	0.11794	0.01837	0.01053	0.00306	0.00607	0.01574	0.09070	0.01093
24	0.01505	0.01086	0.01356	0.01464	0.01613	0.01075	0.01022	0.08514	0.02206	0.02945	0.04951	0.57148	0.05793	0.02794	0.01202	0.00380	0.00628	0.02511	0.00909	0.00899
25	0.52171	0.01825	0.01558	0.01384	0.01938	0.02058	0.01116	0.09578	0.02085	0.04282	0.02450	0.07997	0.05844	0.01240	0.00745	0.00309	0.00755	0.00882	0.00697	0.01087
26	0.01833	0.09703	0.01861	0.01375	0.01747	0.01566	0.01079	0.10673	0.02433	0.03213	0.05381	0.23519	0.19897	0.02059	0.01023	0.00314	0.00672	0.01742	0.08901	0.01009
27	0.10542	0.29219	0.03572	0.01838	0.02559	0.02790	0.06416	0.09133	0.06182	0.06795	0.02943	0.02997	0.09024	0.01141	0.00821	0.00268	0.00959	0.00882	0.00656	0.01264
28	0.09488	0.10458	0.09189	0.01807	0.02507	0.02129	0.04011	0.14740	0.02739	0.08584	0.09725	0.04125	0.13797	0.01397	0.00944	0.00294	0.00899	0.01121	0.00792	0.01254
29	0.07747	0.01368	0.01573	0.01397	0.01862	0.01219	0.01053	0.04891	0.02124	0.06640	0.04136	0.26648	0.09980	0.01854	0.00981	0.00289	0.00661	0.01597	0.00795	0.23187
30	0.07254	0.12192	0.09237	0.06859	0.09583	0.02438	0.02007	0.12805	0.07664	0.14136	0.02347	0.02440	0.01712	0.01023	0.00879	0.00281	0.01021	0.00804	0.00733	0.04585
31	0.13507	0.12278	0.25370	0.02025	0.02983	0.02166	0.02207	0.03295	0.02137	0.17063	0.02375	0.06535	0.01841	0.01117	0.00863	0.00296	0.01063	0.00860	0.00665	0.01355
32	0.02526	0.07379	0.11051	0.06163	0.02667	0.01686	0.01641	0.05104	0.02259	0.18850	0.03625	0.07701	0.08873	0.09719	0.01468	0.00376	0.00931	0.01147	0.00775	0.06060

[dist]
# distance from previous block
# <min> <max>
0	90

[block]
# block no. 3 follows, 16 sequences, length 20
# corresponding to MSA columns:
# 305-324
name=unknown_D
#
# <colnr> <probs for GDERKNQSTAVLIFYWHMCP>
#	G	D	E	R	K	N	Q	S	T	A	V	L	I	F	Y	W	H	M	C	P
0	0.21974	0.01797	0.02214	0.02096	0.09363	0.01717	0.01488	0.03778	0.02328	0.32729	0.02707	0.02599	0.01837	0.01029	0.00847	0.00282	0.00834	0.00801	0.00888	0.08692
1	0.01627	0.01124	0.01495	0.08904	0.02149	0.01080	0.01139	0.02027	0.02448	0.08367	0.31510	0.12276	0.18171	0.01989	0.01116	0.00320	0.00610	0.01732	0.00949	0.00967
2	0.03886	0.01677	0.02161	0.01685	0.02385	0.01512	0.01383	0.09650	0.02888	0.47837	0.04408	0.03941	0.09349	0.01350	0.00995	0.00302	0.00808	0.01096	0.01139	0.01547
3	0.08198	0.01823	0.07230	0.15617	0.06187	0.01746	0.01746	0.02689	0.12295	0.02964	0.03160	0.18772	0.03112	0.08530	0.01428	0.00403	0.00929	0.01396	0.00684	0.01090
4	0.01524	0.01187	0.01629	0.07299	0.09008	0.01167	0.01238	0.01896	0.02211	0.03064	0.21457	0.12411	0.14892	0.08442	0.01461	0.00376	0.00684	0.01607	0.07509	0.00940
5	0.01325	0.00972	0.01242	0.01211	0.01428	0.00889	0.00894	0.01725	0.02579	0.03582	0.47638	0.14600	0.13983	0.02160	0.01155	0.00318	0.00474	0.01906	0.01029	0.00889
6	0.01518	0.00983	0.01223	0.01243	0.01323	0.00989	0.00815	0.01635	0.01604	0.04813	0.03466	0.14608	0.03840	0.41866	0.12334	0.00894	0.01118	0.04338	0.00668	0.00723
7	0.02457	0.02538	0.03475	0.12262	0.26071	0.10936	0.07577	0.03246	0.09061	0.02972	0.01978	0.02471	0.01602	0.01038	0.01208	0.00311	0.08038	0.00883	0.00533	0.01341
8	0.03039	0.02672	0.03017	0.03014	0.14443	0.14745	0.06434	0.13702	0.08638	0.10773	0.07467	0.02935	0.02423	0.01133	0.00980	0.00291	0.01159	0.00955	0.00771	0.01410
9	0.11716	0.01674	0.02160	0.01676	0.02410	0.01505	0.01384	0.04522	0.02653	0.54512	0.03557	0.03113	0.02254	0.01167	0.00934	0.00300	0.00817	0.00926	0.01135	0.01585
10	0.02425	0.01400	0.01699	0.01480	0.01929	0.01334	0.01154	0.07667	0.07307	0.19420	0.18776	0.12162	0.15536	0.01843	0.01079	0.00318	0.00657	0.01570	0.01038	0.01203
11	0.02804	0.02394	0.15614	0.02019	0.02785	0.01691	0.04784	0.09032	0.02686	0.23197	0.13134	0.09113	0.03563	0.01415	0.01024	0.00311	0.00944	0.01212	0.00906	0.01373
12	0.02908	0.02548	0.09540	0.07871	0.03478	0.08157	0.10732	0.08571	0.05618	0.18121	0.02573	0.02811	0.01862	0.01815	0.08507	0.00457	0.01399	0.00931	0.00737	0.01361
13	0.01812	0.01525	0.02500	0.02136	0.02425	0.01618	0.12404	0.02155	0.01979	0.05807	0.08398	0.24198	0.04156	0.07675	0.01900	0.00424	0.13049	0.04120	0.00729	0.00990
14	0.02226	0.02286	0.08845	0.02628	0.15115	0.01758	0.01866	0.07121	0.02268	0.03395	0.01796	0.02125	0.01453	0.00808	0.00813	0.00205	0.00918	0.00677	0.00569	0.43129
15	0.17374	0.15567	0.02953	0.14876	0.07992	0.02371	0.01795	0.03358	0.05212	0.16538	0.02188	0.02365	0.01603	0.00989	0.00820	0.00286	0.00975	0.00758	0.00677	0.01304
16	0.02801	0.28356	0.08854	0.07798	0.03426	0.03145	0.07166	0.20684	0.02859	0.03708	0.01796	0.02045	0.01402	0.00959	0.00843	0.00265	0.01159	0.00742	0.00606	0.01384
17	0.02372	0.01565	0.01986	0.01983	0.07446	0.01573	0.01357	0.14835	0.02780	0.11572	0.15295	0.17975	0.04581	0.08387	0.01473	0.00384	0.00787	0.01547	0.00920	0.01181
18	0.05378	0.12026	0.05836	0.01862	0.02572	0.08623	0.01610	0.10230	0.08429	0.19143	0.07656	0.02924	0.02497	0.01142	0.00894	0.00273	0.00970	0.00882	0.00840	0.06215
19	0.01351	0.00985	0.01249	0.07085	0.01727	0.00994	0.00903	0.01489	0.01674	0.02195	0.04250	0.25851	0.08914	0.33579	0.03013	0.00649	0.00810	0.01858	0.00702	0.00719

[dist]
# distance from previous block
# <min> <max>
0	3

[block]
# block no. 4 follows, 16 sequences, length 9
# corresponding to MSA columns:
# 328-336
name=unknown_E
#
# <colnr> <probs for GDERKNQSTAVLIFYWHMCP>
#	G	D	E	R	K	N	Q	S	T	A	V	L	I	F	Y	W	H	M	C	P
0	0.01405	0.00936	0.01132	0.01221	0.01286	0.00921	0.00811	0.01549	0.01693	0.02323	0.03947	0.22114	0.04472	0.35270	0.03110	0.00668	0.00793	0.08922	0.06717	0.00709
1	0.01246	0.00910	0.01184	0.01356	0.01482	0.00848	0.00974	0.01488	0.02027	0.02674	0.10592	0.46222	0.12628	0.02827	0.01232	0.00385	0.00591	0.09604	0.00913	0.00817
2	0.09230	0.15298	0.11472	0.20306	0.06964	0.02346	0.02183	0.02826	0.01976	0.07843	0.01903	0.02391	0.01490	0.01664	0.07869	0.00433	0.01308	0.00768	0.00522	0.01211
3	0.01785	0.01184	0.01461	0.01440	0.01762	0.01131	0.01137	0.02377	0.07987	0.09722	0.17267	0.14757	0.18284	0.02217	0.01164	0.00354	0.00648	0.13327	0.00976	0.01019
4	0.01875	0.01035	0.01361	0.01372	0.01578	0.00951	0.00964	0.02091	0.02070	0.14323	0.10165	0.38691	0.05472	0.11280	0.01687	0.00441	0.00657	0.02106	0.00934	0.00947
5	0.09605	0.01580	0.02198	0.15188	0.03176	0.01653	0.04810	0.05101	0.04763	0.17499	0.03204	0.15515	0.02783	0.01467	0.00974	0.00320	0.00889	0.01272	0.06804	0.01200
6	0.18946	0.01893	0.05739	0.10007	0.03011	0.01729	0.05180	0.03155	0.02246	0.18969	0.10217	0.03102	0.02647	0.01118	0.00893	0.00290	0.00898	0.00919	0.00783	0.08259
7	0.02075	0.01194	0.01703	0.01594	0.01879	0.01154	0.03556	0.02355	0.01995	0.15395	0.03898	0.18366	0.03919	0.15952	0.12110	0.00683	0.01134	0.09225	0.00821	0.00991
8	0.09905	0.08740	0.06950	0.02526	0.06724	0.02594	0.08149	0.15375	0.10347	0.03878	0.02373	0.03081	0.01969	0.01230	0.01166	0.00320	0.07326	0.05308	0.00694	0.01347

[dist]
# distance from previous block
# <min> <max>
11	25

[block]
# block no. 5 follows, 16 sequences, length 8
# corresponding to MSA columns:
# 363-370
name=unknown_F
#
# <colnr> <probs for GDERKNQSTAVLIFYWHMCP>
#	G	D	E	R	K	N	Q	S	T	A	V	L	I	F	Y	W	H	M	C	P
0	0.02910	0.01687	0.02453	0.02767	0.17102	0.01613	0.01774	0.03539	0.06794	0.25867	0.11785	0.04615	0.03617	0.01420	0.01041	0.00318	0.00858	0.07492	0.00940	0.01408
1	0.02310	0.01088	0.01562	0.01421	0.01654	0.01050	0.01050	0.02260	0.01789	0.17125	0.06010	0.03431	0.02445	0.03274	0.11189	0.38809	0.01063	0.00962	0.00677	0.00833
2	0.02761	0.17756	0.03150	0.17820	0.03594	0.11396	0.01871	0.09627	0.02576	0.10002	0.08209	0.02774	0.02307	0.01102	0.00891	0.00276	0.01124	0.00856	0.00665	0.01245
3	0.01432	0.01057	0.01270	0.01297	0.01452	0.01050	0.00890	0.01935	0.08525	0.02884	0.19083	0.25207	0.08184	0.18795	0.02135	0.00501	0.00653	0.01920	0.00873	0.00857
4	0.01919	0.01328	0.01921	0.13117	0.09621	0.01333	0.01491	0.02245	0.02045	0.10776	0.04445	0.22235	0.11923	0.09352	0.01533	0.00408	0.00837	0.01666	0.00770	0.01035
5	0.03081	0.01812	0.02038	0.01742	0.02214	0.08028	0.01378	0.03374	0.02404	0.30531	0.04354	0.13124	0.10866	0.01689	0.01283	0.00327	0.08193	0.01340	0.00946	0.01277
6	0.02045	0.09046	0.07245	0.26616	0.04141	0.02349	0.02150	0.02900	0.09889	0.02843	0.02108	0.02634	0.01662	0.01128	0.01225	0.00313	0.10500	0.00849	0.09192	0.01163
7	0.02383	0.02121	0.09487	0.13985	0.19956	0.01865	0.02265	0.02896	0.02121	0.13478	0.02651	0.10503	0.02328	0.05363	0.01342	0.00359	0.03822	0.01132	0.00652	0.01291

[dist]
# distance from previous block
# <min> <max>
12	541

# created by:
# /st0/software/busco_prod/Augustus/scripts/msa2prfl.pl ./align_prep/2919.fa
