[name]
unknown

[dist]
# distance from previous block
# <min> <max>
6	58

[block]
# block no. 0 follows, 10 sequences, length 18
# corresponding to MSA columns:
# 60-77
name=unknown_A
#
# <colnr> <probs for GDERKNQSTAVLIFYWHMCP>
#	G	D	E	R	K	N	Q	S	T	A	V	L	I	F	Y	W	H	M	C	P
0	0.02579	0.01337	0.01646	0.01509	0.01748	0.01261	0.01000	0.02714	0.02165	0.15374	0.04160	0.11402	0.04202	0.39016	0.04276	0.00868	0.01050	0.01707	0.00930	0.01057
1	0.19846	0.27309	0.09096	0.02133	0.03099	0.03637	0.02059	0.10482	0.05641	0.04309	0.02036	0.02224	0.01630	0.01125	0.00866	0.00314	0.01189	0.00755	0.00698	0.01551
2	0.20274	0.02665	0.03201	0.07523	0.03724	0.02992	0.05418	0.19766	0.03463	0.10611	0.02457	0.02716	0.01789	0.01331	0.01333	0.00376	0.06853	0.00972	0.00910	0.01626
3	0.02485	0.06671	0.11478	0.02402	0.03262	0.02102	0.06587	0.03396	0.07650	0.07232	0.03671	0.17265	0.03500	0.01766	0.01166	0.00349	0.01112	0.01564	0.00843	0.15499
4	0.03815	0.23730	0.07998	0.02320	0.03264	0.08462	0.02128	0.08532	0.08183	0.16401	0.02889	0.02832	0.02120	0.01240	0.01000	0.00317	0.01269	0.00910	0.00887	0.01704
5	0.01815	0.01116	0.01221	0.01221	0.01291	0.01116	0.00733	0.01955	0.01885	0.02794	0.03698	0.06763	0.03905	0.44171	0.04598	0.00906	0.00976	0.01534	0.17499	0.00803
6	0.03332	0.32733	0.05123	0.03529	0.15777	0.12140	0.02454	0.06470	0.02782	0.03316	0.01867	0.02223	0.01614	0.01064	0.00926	0.00288	0.01420	0.00776	0.00576	0.01590
7	0.03267	0.01837	0.02322	0.01815	0.02623	0.01501	0.01442	0.03728	0.02812	0.21821	0.08063	0.09689	0.03666	0.01521	0.01091	0.00292	0.00859	0.01285	0.01064	0.29304
8	0.02049	0.01476	0.01673	0.01519	0.01951	0.01434	0.01160	0.03029	0.10711	0.04379	0.22192	0.06374	0.10331	0.01865	0.01140	0.00327	0.00647	0.01585	0.17827	0.08333
9	0.03213	0.20456	0.04226	0.03283	0.15736	0.02857	0.02200	0.03719	0.02608	0.11457	0.02369	0.02615	0.01871	0.01044	0.00951	0.00272	0.01139	0.00837	0.00722	0.18423
10	0.01591	0.01121	0.01460	0.01551	0.01630	0.01155	0.01036	0.01772	0.01920	0.02617	0.04440	0.23895	0.05036	0.26660	0.17690	0.01109	0.01517	0.02114	0.00809	0.00877
11	0.01437	0.01137	0.01293	0.01346	0.01632	0.00994	0.00975	0.01755	0.02662	0.03383	0.17801	0.22934	0.32497	0.03020	0.01402	0.00408	0.00604	0.02609	0.01118	0.00994
12	0.03788	0.04643	0.03346	0.16803	0.04738	0.41029	0.02502	0.04211	0.03045	0.02879	0.01867	0.02357	0.01512	0.01189	0.01078	0.00322	0.01956	0.00823	0.00578	0.01334
13	0.09769	0.02422	0.06298	0.19291	0.04590	0.02295	0.02259	0.03795	0.09655	0.08297	0.02656	0.03012	0.01984	0.01160	0.01036	0.00326	0.01165	0.00943	0.00768	0.18276
14	0.02499	0.01367	0.01785	0.01741	0.02135	0.01235	0.01355	0.02876	0.02771	0.16128	0.11312	0.23329	0.13831	0.02752	0.01395	0.00431	0.00801	0.09810	0.01192	0.01257
15	0.01782	0.01123	0.01321	0.01348	0.01457	0.01148	0.00885	0.02007	0.01966	0.02934	0.03892	0.11425	0.04054	0.30871	0.11571	0.00953	0.01234	0.01629	0.17525	0.00878
16	0.19220	0.02114	0.02230	0.01673	0.02625	0.01824	0.01347	0.03055	0.02300	0.04160	0.01951	0.02276	0.01603	0.00918	0.00825	0.00221	0.00871	0.00674	0.00697	0.49416
17	0.02926	0.23817	0.03614	0.01921	0.02630	0.03134	0.01665	0.08074	0.15607	0.04150	0.03138	0.03265	0.02484	0.01284	0.00921	0.00303	0.00977	0.00969	0.17594	0.01526

[dist]
# distance from previous block
# <min> <max>
0	1

[block]
# block no. 1 follows, 10 sequences, length 11
# corresponding to MSA columns:
# 79-89
name=unknown_B
#
# <colnr> <probs for GDERKNQSTAVLIFYWHMCP>
#	G	D	E	R	K	N	Q	S	T	A	V	L	I	F	Y	W	H	M	C	P
0	0.02903	0.05263	0.39559	0.03141	0.04644	0.02948	0.03728	0.15777	0.03278	0.04679	0.02280	0.02547	0.01611	0.01184	0.01121	0.00363	0.01599	0.00911	0.00675	0.01790
1	0.09465	0.03026	0.06333	0.09532	0.03985	0.06139	0.02271	0.20749	0.07825	0.14638	0.03002	0.03048	0.02107	0.01331	0.01117	0.00359	0.01276	0.01025	0.01016	0.01757
2	0.03749	0.02435	0.02736	0.02194	0.02861	0.02665	0.01792	0.26183	0.04043	0.12070	0.03192	0.03345	0.02331	0.01446	0.01297	0.00343	0.05846	0.01071	0.18726	0.01673
3	0.01667	0.02378	0.15475	0.02082	0.02600	0.01424	0.01958	0.02183	0.02289	0.03164	0.05230	0.43106	0.05995	0.02951	0.01381	0.00444	0.00960	0.02638	0.00919	0.01156
4	0.13396	0.02452	0.02665	0.02175	0.02936	0.02632	0.01761	0.19316	0.12510	0.15429	0.09270	0.03903	0.03447	0.01511	0.01127	0.00363	0.01007	0.01189	0.01171	0.01737
5	0.25598	0.13792	0.09668	0.02389	0.03372	0.03288	0.05355	0.15651	0.03116	0.05037	0.02049	0.02290	0.01561	0.01146	0.00940	0.00340	0.01244	0.00824	0.00762	0.01577
6	0.19473	0.01417	0.01490	0.01506	0.01843	0.01447	0.01114	0.02282	0.02510	0.04090	0.18608	0.23873	0.11251	0.02508	0.01232	0.00403	0.00691	0.02143	0.01039	0.01078
7	0.03685	0.44037	0.05168	0.02012	0.02981	0.03812	0.01913	0.04079	0.02627	0.16367	0.02428	0.02437	0.01871	0.01116	0.00862	0.00279	0.01174	0.00771	0.00755	0.01625
8	0.02981	0.02483	0.03210	0.12882	0.10411	0.02464	0.02238	0.15321	0.03261	0.04605	0.02281	0.02705	0.01776	0.01087	0.01038	0.00283	0.01172	0.00897	0.00772	0.28133
9	0.01528	0.01077	0.01403	0.01622	0.01704	0.01030	0.01114	0.01736	0.02186	0.02903	0.05865	0.42962	0.06915	0.13939	0.02328	0.00603	0.00811	0.08348	0.01009	0.00916
10	0.02284	0.01749	0.01918	0.01669	0.02174	0.01732	0.01307	0.14464	0.03604	0.04722	0.20675	0.08180	0.26290	0.02359	0.01316	0.00373	0.00766	0.01969	0.01160	0.01287

[dist]
# distance from previous block
# <min> <max>
2	52

[block]
# block no. 2 follows, 10 sequences, length 91
# corresponding to MSA columns:
# 144-164,167-236
name=unknown_C
#
# <colnr> <probs for GDERKNQSTAVLIFYWHMCP>
#	G	D	E	R	K	N	Q	S	T	A	V	L	I	F	Y	W	H	M	C	P
0	0.01477	0.01018	0.01328	0.01577	0.01660	0.00956	0.01058	0.01706	0.02244	0.03078	0.06202	0.54065	0.07317	0.03461	0.01431	0.00456	0.00664	0.03129	0.06216	0.00956
1	0.02355	0.02313	0.04205	0.33608	0.14114	0.02555	0.12193	0.03113	0.02455	0.03258	0.02491	0.07473	0.02130	0.01303	0.01229	0.00389	0.01538	0.01284	0.00586	0.01409
2	0.02643	0.02126	0.03565	0.13835	0.12747	0.02261	0.08749	0.03190	0.02489	0.09766	0.03461	0.16606	0.03304	0.01855	0.01569	0.00411	0.07542	0.01653	0.00796	0.01432
3	0.03016	0.02423	0.04377	0.25715	0.12725	0.02532	0.14397	0.03770	0.02672	0.12870	0.02644	0.03244	0.01903	0.01151	0.01216	0.00377	0.01524	0.01147	0.00721	0.01573
4	0.02083	0.01584	0.01791	0.01593	0.02037	0.01539	0.01234	0.10838	0.03478	0.04624	0.27537	0.08463	0.23956	0.02395	0.01333	0.00372	0.00704	0.02027	0.01185	0.01225
5	0.02830	0.02464	0.04156	0.31655	0.12647	0.02723	0.10398	0.08432	0.02859	0.07026	0.02381	0.03100	0.01762	0.01161	0.01196	0.00377	0.01528	0.01101	0.00671	0.01534
6	0.02697	0.02451	0.04044	0.22215	0.12673	0.02645	0.11385	0.11012	0.03000	0.04015	0.02842	0.10315	0.02523	0.01477	0.01244	0.00386	0.01440	0.01402	0.00728	0.01505
7	0.01665	0.01217	0.01582	0.01568	0.01852	0.01133	0.01228	0.02188	0.03115	0.04296	0.38939	0.09772	0.13854	0.02591	0.01417	0.00401	0.00653	0.10225	0.01222	0.01082
8	0.03109	0.59826	0.06095	0.01990	0.02985	0.04602	0.01990	0.03483	0.02363	0.02736	0.01617	0.01866	0.01493	0.00995	0.00746	0.00249	0.01244	0.00622	0.00498	0.01493
9	0.03811	0.11900	0.04497	0.03951	0.17384	0.02682	0.09618	0.04401	0.02883	0.22741	0.03060	0.03176	0.02178	0.01178	0.01127	0.00343	0.01298	0.01074	0.00903	0.01795
10	0.09812	0.15971	0.38239	0.02858	0.04325	0.03057	0.03510	0.03615	0.02384	0.03674	0.01944	0.02278	0.01453	0.01081	0.00992	0.00344	0.01535	0.00788	0.00518	0.01623
11	0.01427	0.01180	0.01251	0.01233	0.01603	0.01004	0.00925	0.01771	0.02775	0.03435	0.19397	0.10710	0.43601	0.02836	0.01374	0.00388	0.00581	0.02387	0.01119	0.01004
12	0.01613	0.01247	0.01803	0.12166	0.02907	0.01323	0.01497	0.01928	0.02167	0.02884	0.05035	0.38428	0.05772	0.08382	0.06664	0.00640	0.01106	0.02541	0.00897	0.01000
13	0.18025	0.02870	0.06916	0.03113	0.12423	0.06829	0.02218	0.07932	0.03006	0.16975	0.06321	0.03257	0.02607	0.01300	0.01064	0.00352	0.01191	0.01021	0.00929	0.01652
14	0.04975	0.02370	0.02941	0.02255	0.03164	0.02289	0.01863	0.18604	0.03983	0.38817	0.04039	0.03602	0.02604	0.01426	0.01168	0.00357	0.01078	0.01132	0.01355	0.01979
15	0.01563	0.01163	0.01455	0.01429	0.01699	0.01055	0.01054	0.02017	0.03028	0.04147	0.37723	0.15729	0.18339	0.02654	0.01387	0.00385	0.00573	0.02330	0.01215	0.01055
16	0.02259	0.02131	0.03601	0.51821	0.12032	0.02600	0.03261	0.03026	0.02355	0.03047	0.02078	0.03080	0.01577	0.01151	0.01162	0.00384	0.01535	0.01034	0.00522	0.01342
17	0.03700	0.13688	0.04517	0.02876	0.03822	0.03006	0.13495	0.15062	0.03527	0.15461	0.06715	0.03431	0.02748	0.01301	0.01154	0.00344	0.01323	0.01159	0.00960	0.01711
18	0.02639	0.02931	0.06212	0.14822	0.06451	0.02872	0.39079	0.03580	0.02664	0.03580	0.02298	0.03130	0.01723	0.01016	0.01332	0.00391	0.01882	0.01307	0.00574	0.01515
19	0.15384	0.02899	0.03131	0.02482	0.03250	0.03297	0.02052	0.31289	0.04220	0.09394	0.02538	0.02678	0.01851	0.01427	0.01435	0.00373	0.08548	0.00977	0.01017	0.01757
20	0.22794	0.02286	0.02352	0.08031	0.03195	0.02559	0.01715	0.13318	0.10776	0.04972	0.04401	0.04423	0.11499	0.01601	0.01070	0.00373	0.01000	0.01232	0.00940	0.01464
21	0.14750	0.02385	0.02686	0.02126	0.02937	0.02457	0.01743	0.19830	0.03857	0.23470	0.08728	0.03740	0.03208	0.01471	0.01116	0.00357	0.01027	0.01143	0.01206	0.01761
22	0.47270	0.02799	0.08822	0.02035	0.02759	0.02790	0.01888	0.03344	0.02007	0.04587	0.01665	0.02080	0.01335	0.01252	0.01320	0.00387	0.10955	0.00729	0.00652	0.01322
23	0.11226	0.02896	0.12316	0.02279	0.03263	0.02213	0.02172	0.10680	0.03306	0.27081	0.07797	0.03705	0.03040	0.01414	0.01124	0.00361	0.01121	0.01117	0.01122	0.01767
24	0.02196	0.02067	0.03488	0.56331	0.08010	0.02584	0.03230	0.02972	0.02326	0.02972	0.02067	0.03101	0.01550	0.01163	0.01163	0.00388	0.01550	0.01034	0.00517	0.01292
25	0.04529	0.01827	0.02478	0.01952	0.02731	0.01591	0.01591	0.04998	0.03322	0.43415	0.13591	0.04871	0.04440	0.01620	0.01209	0.00361	0.00905	0.01350	0.01409	0.01809
26	0.02891	0.02165	0.03539	0.37775	0.14251	0.02445	0.02992	0.03590	0.02572	0.12696	0.02573	0.03230	0.01855	0.01195	0.01162	0.00375	0.01414	0.01060	0.00704	0.01515
27	0.03915	0.15757	0.08342	0.02761	0.03799	0.03125	0.09442	0.15710	0.03506	0.18006	0.02901	0.02937	0.02045	0.01229	0.01101	0.00338	0.01335	0.01023	0.00946	0.01784
28	0.03048	0.55541	0.09837	0.02096	0.03148	0.04451	0.02174	0.03499	0.02371	0.02812	0.01654	0.01913	0.01491	0.01004	0.00775	0.00258	0.01282	0.00641	0.00497	0.01511
29	0.01518	0.01078	0.01397	0.01529	0.01646	0.01012	0.01035	0.01793	0.02459	0.03357	0.18810	0.37529	0.08169	0.10607	0.02038	0.00529	0.00699	0.02751	0.01087	0.00956
30	0.04183	0.07501	0.14054	0.02410	0.03481	0.02401	0.02350	0.08726	0.06683	0.30658	0.03667	0.03396	0.02436	0.01338	0.01123	0.00355	0.01189	0.01059	0.01116	0.01874
31	0.08313	0.02159	0.02558	0.02164	0.02751	0.06349	0.05078	0.07593	0.03149	0.16577	0.14280	0.14986	0.05151	0.01980	0.01243	0.00379	0.01024	0.01710	0.01114	0.01444
32	0.04711	0.01874	0.02498	0.01952	0.02784	0.01613	0.01600	0.05140	0.03239	0.46138	0.05538	0.04914	0.09284	0.01638	0.01197	0.00364	0.00937	0.01339	0.01392	0.01848
33	0.02409	0.03043	0.13378	0.14196	0.15150	0.02654	0.06963	0.03172	0.02489	0.03548	0.08520	0.03570	0.02858	0.01423	0.01666	0.00394	0.11281	0.01168	0.00630	0.01489
34	0.09808	0.02871	0.03017	0.02416	0.03214	0.12253	0.05329	0.10457	0.03367	0.25018	0.03316	0.03237	0.02277	0.01313	0.01092	0.00342	0.01270	0.01034	0.06682	0.01686
35	0.12587	0.08777	0.03685	0.02511	0.03431	0.02452	0.09836	0.04815	0.06049	0.28899	0.03475	0.03329	0.02356	0.01270	0.01099	0.00355	0.01174	0.01082	0.01070	0.01747
36	0.02147	0.01334	0.01514	0.01382	0.01859	0.01135	0.01067	0.02500	0.02854	0.12868	0.14845	0.09515	0.37482	0.02591	0.01335	0.00383	0.00662	0.02167	0.01172	0.01187
37	0.02993	0.11692	0.28876	0.02884	0.04185	0.02650	0.06940	0.03941	0.02707	0.13415	0.06364	0.03220	0.02519	0.01245	0.01114	0.00353	0.01440	0.01030	0.00751	0.01680
38	0.03180	0.08757	0.28103	0.03211	0.04567	0.02656	0.11842	0.04161	0.02718	0.15607	0.02713	0.02908	0.01875	0.01154	0.01144	0.00361	0.01549	0.01015	0.00742	0.01736
39	0.01417	0.01012	0.01350	0.01619	0.01687	0.00945	0.01080	0.01619	0.02227	0.02969	0.06410	0.58367	0.07692	0.03644	0.01484	0.00472	0.00675	0.03306	0.01080	0.00945
40	0.02817	0.02057	0.02228	0.01957	0.02231	0.06491	0.01455	0.06396	0.02442	0.09696	0.03159	0.04930	0.02977	0.24475	0.03519	0.00678	0.11916	0.01292	0.08105	0.01180
41	0.13296	0.02562	0.09048	0.02116	0.02958	0.02134	0.01922	0.08319	0.07175	0.21500	0.12658	0.04284	0.03984	0.01530	0.01132	0.00364	0.01008	0.01228	0.01127	0.01654
42	0.02545	0.02423	0.04118	0.31185	0.30431	0.02676	0.03403	0.03277	0.02491	0.03395	0.02129	0.02987	0.01700	0.01098	0.01157	0.00366	0.01464	0.01035	0.00547	0.01573
43	0.02032	0.01317	0.01588	0.01538	0.01950	0.01170	0.01226	0.02444	0.02873	0.10048	0.17579	0.10113	0.28351	0.02686	0.01392	0.00411	0.00727	0.10237	0.01165	0.01154
44	0.07712	0.02466	0.07534	0.07077	0.03560	0.02347	0.05632	0.03915	0.08914	0.13732	0.12323	0.04286	0.03882	0.01609	0.01574	0.00393	0.09290	0.01282	0.00953	0.01519
45	0.02875	0.14547	0.30164	0.03246	0.04639	0.02973	0.11958	0.03880	0.02593	0.09047	0.02337	0.02652	0.01691	0.01099	0.01100	0.00351	0.01599	0.00951	0.00618	0.01679
46	0.01583	0.01320	0.01403	0.01420	0.01785	0.01227	0.01048	0.02255	0.08789	0.03336	0.09815	0.19388	0.36652	0.02900	0.01371	0.00408	0.00649	0.02468	0.01094	0.01088
47	0.02933	0.03279	0.11333	0.14235	0.13355	0.02942	0.17617	0.12092	0.03138	0.04287	0.02322	0.02931	0.01740	0.01120	0.01221	0.00372	0.01626	0.01123	0.00671	0.01661
48	0.02782	0.02181	0.03317	0.26137	0.05337	0.02419	0.06561	0.11585	0.03030	0.08185	0.03288	0.13780	0.02952	0.01693	0.01245	0.00395	0.01319	0.01517	0.00835	0.01441
49	0.02908	0.13813	0.05227	0.05893	0.37278	0.03138	0.08234	0.03570	0.02604	0.03586	0.02096	0.02712	0.01766	0.01022	0.01098	0.00332	0.01420	0.00994	0.00562	0.01744
50	0.04562	0.01916	0.02455	0.01931	0.02712	0.01751	0.01579	0.08722	0.03340	0.39469	0.04281	0.03932	0.02822	0.01419	0.01100	0.00342	0.00928	0.01143	0.13789	0.01806
51	0.03312	0.04409	0.32470	0.02831	0.04194	0.02398	0.03250	0.04540	0.06845	0.19580	0.03123	0.03104	0.02107	0.01254	0.01133	0.00368	0.01414	0.00999	0.00857	0.01813
52	0.03354	0.03072	0.13083	0.13638	0.05275	0.02437	0.16750	0.04192	0.02799	0.19176	0.02963	0.03271	0.02027	0.01184	0.01220	0.00377	0.01529	0.01151	0.00829	0.01673
53	0.04373	0.02911	0.03224	0.02518	0.03407	0.03147	0.02065	0.34309	0.10904	0.15752	0.03395	0.03221	0.02359	0.01429	0.01167	0.00357	0.01176	0.01106	0.01219	0.01960
54	0.02203	0.05096	0.43218	0.03036	0.04463	0.02460	0.03749	0.03373	0.02342	0.03494	0.02285	0.02863	0.01750	0.02574	0.11408	0.00658	0.01988	0.00934	0.00517	0.01588
55	0.03249	0.02650	0.12179	0.02278	0.03046	0.02008	0.02129	0.07791	0.03069	0.20188	0.11476	0.12189	0.04428	0.01891	0.01441	0.00390	0.05388	0.01550	0.01081	0.01581
56	0.02211	0.01997	0.02314	0.12649	0.03565	0.08546	0.02095	0.02724	0.02640	0.03241	0.04822	0.14833	0.05128	0.02600	0.01433	0.00469	0.01254	0.25439	0.00903	0.01136
57	0.02181	0.01588	0.01928	0.01697	0.02098	0.01581	0.01312	0.11029	0.03712	0.05178	0.41909	0.07551	0.09239	0.02188	0.01332	0.00363	0.00690	0.01900	0.01258	0.01267
58	0.02567	0.02790	0.05766	0.21611	0.06706	0.02825	0.33216	0.03481	0.02609	0.03481	0.02260	0.03125	0.01695	0.01040	0.01304	0.00391	0.01827	0.01262	0.00565	0.01479
59	0.02578	0.20938	0.34138	0.02908	0.04227	0.03339	0.03443	0.03526	0.02353	0.03314	0.01890	0.02298	0.01485	0.01179	0.01309	0.00350	0.07816	0.00810	0.00495	0.01604
60	0.01506	0.01293	0.01304	0.01281	0.01697	0.01148	0.00967	0.02061	0.06741	0.03291	0.11170	0.10598	0.47245	0.02827	0.01358	0.00393	0.00618	0.02356	0.01089	0.01056
61	0.02603	0.01503	0.01548	0.01391	0.01789	0.01571	0.01083	0.11445	0.03023	0.04914	0.03601	0.04038	0.02788	0.01363	0.00881	0.00286	0.00684	0.01077	0.53157	0.01256
62	0.02643	0.02148	0.03677	0.44703	0.07177	0.02500	0.06885	0.03393	0.02494	0.09598	0.02425	0.03217	0.01744	0.01183	0.01182	0.00384	0.01512	0.01081	0.00645	0.01407
63	0.03109	0.59826	0.06095	0.01990	0.02985	0.04602	0.01990	0.03483	0.02363	0.02736	0.01617	0.01866	0.01493	0.00995	0.00746	0.00249	0.01244	0.00622	0.00498	0.01493
64	0.01427	0.01180	0.01251	0.01233	0.01603	0.01004	0.00925	0.01771	0.02775	0.03435	0.19397	0.10710	0.43601	0.02836	0.01374	0.00388	0.00581	0.02387	0.01119	0.01004
65	0.15023	0.02326	0.03492	0.14494	0.27491	0.02480	0.02734	0.03247	0.02544	0.04033	0.08533	0.03496	0.02881	0.01245	0.01099	0.00359	0.01210	0.01098	0.00685	0.01529
66	0.02712	0.02593	0.04419	0.19178	0.41136	0.02719	0.03486	0.03423	0.02569	0.03597	0.02158	0.02933	0.01771	0.01067	0.01154	0.00356	0.01423	0.01036	0.00561	0.01708
67	0.01417	0.01012	0.01350	0.01619	0.01687	0.00945	0.01080	0.01619	0.02227	0.02969	0.06410	0.58367	0.07692	0.03644	0.01484	0.00472	0.00675	0.03306	0.01080	0.00945
68	0.03109	0.59826	0.06095	0.01990	0.02985	0.04602	0.01990	0.03483	0.02363	0.02736	0.01617	0.01866	0.01493	0.00995	0.00746	0.00249	0.01244	0.00622	0.00498	0.01493
69	0.02824	0.01561	0.02245	0.09028	0.03010	0.01632	0.01653	0.03234	0.02349	0.17943	0.03510	0.04650	0.02920	0.13141	0.23800	0.01100	0.01958	0.01262	0.00871	0.01309
70	0.04630	0.01807	0.02388	0.01879	0.02658	0.01589	0.01536	0.05097	0.03157	0.43352	0.04435	0.04031	0.02899	0.01423	0.01101	0.00343	0.00903	0.01153	0.13812	0.01807
71	0.02879	0.02763	0.04721	0.07139	0.51871	0.02763	0.03569	0.03569	0.02648	0.03800	0.02188	0.02879	0.01842	0.01036	0.01151	0.00345	0.01382	0.01036	0.00576	0.01842
72	0.02937	0.02972	0.04132	0.16055	0.33131	0.09561	0.03199	0.03785	0.06156	0.03587	0.02301	0.02928	0.01865	0.01123	0.01142	0.00351	0.01476	0.01018	0.00612	0.01667
73	0.02477	0.02452	0.03548	0.13330	0.04010	0.03374	0.02677	0.02832	0.01886	0.02832	0.01631	0.02652	0.01531	0.01867	0.03305	0.00486	0.46302	0.01021	0.00510	0.01276
74	0.01417	0.01012	0.01350	0.01619	0.01687	0.00945	0.01080	0.01619	0.02227	0.02969	0.06410	0.58367	0.07692	0.03644	0.01484	0.00472	0.00675	0.03306	0.01080	0.00945
75	0.02864	0.02622	0.03446	0.02856	0.03613	0.02902	0.10677	0.05707	0.40699	0.04645	0.04274	0.04107	0.03206	0.01463	0.01220	0.00394	0.01121	0.01326	0.01069	0.01788
76	0.09630	0.03397	0.03313	0.03407	0.12589	0.18591	0.02296	0.07825	0.03122	0.16504	0.02638	0.02800	0.01941	0.01297	0.01285	0.00349	0.05567	0.00946	0.00860	0.01643
77	0.03887	0.02516	0.02837	0.02349	0.03135	0.02711	0.01884	0.15135	0.26912	0.19008	0.04270	0.03894	0.03017	0.01499	0.01175	0.00375	0.01018	0.01215	0.01252	0.01910
78	0.01375	0.01178	0.01178	0.01178	0.01571	0.00982	0.00884	0.01669	0.02651	0.03142	0.11782	0.11193	0.51399	0.02946	0.01375	0.00393	0.00589	0.02455	0.01080	0.00982
79	0.03065	0.02584	0.02727	0.02402	0.03090	0.02973	0.01883	0.10894	0.44775	0.05143	0.04515	0.04165	0.03373	0.01557	0.01181	0.00389	0.00961	0.01285	0.01181	0.01856
80	0.04668	0.02439	0.02932	0.02294	0.03171	0.02446	0.01880	0.18672	0.10113	0.32505	0.04059	0.03652	0.02692	0.01445	0.01170	0.00361	0.01069	0.01151	0.01321	0.01961
81	0.01417	0.01012	0.01350	0.01619	0.01687	0.00945	0.01080	0.01619	0.02227	0.02969	0.06410	0.58367	0.07692	0.03644	0.01484	0.00472	0.00675	0.03306	0.01080	0.00945
82	0.02196	0.02067	0.03488	0.56331	0.08010	0.02584	0.03230	0.02972	0.02326	0.02972	0.02067	0.03101	0.01550	0.01163	0.01163	0.00388	0.01550	0.01034	0.00517	0.01292
83	0.02196	0.02067	0.03488	0.56331	0.08010	0.02584	0.03230	0.02972	0.02326	0.02972	0.02067	0.03101	0.01550	0.01163	0.01163	0.00388	0.01550	0.01034	0.00517	0.01292
84	0.01417	0.01012	0.01350	0.01619	0.01687	0.00945	0.01080	0.01619	0.02227	0.02969	0.06410	0.58367	0.07692	0.03644	0.01484	0.00472	0.00675	0.03306	0.01080	0.00945
85	0.11715	0.02823	0.03091	0.02394	0.03293	0.03017	0.01977	0.32331	0.04537	0.18488	0.03111	0.02984	0.02123	0.01371	0.01115	0.00353	0.01164	0.01031	0.01183	0.01897
86	0.01874	0.01339	0.01874	0.02142	0.02410	0.01339	0.01874	0.02410	0.02677	0.03481	0.06158	0.13119	0.06693	0.03213	0.01606	0.00535	0.01071	0.44043	0.01071	0.01071
87	0.01506	0.01050	0.01323	0.01505	0.01551	0.01004	0.00958	0.01643	0.02053	0.02737	0.05518	0.41876	0.06567	0.21670	0.02925	0.00685	0.00822	0.02782	0.00958	0.00867
88	0.01893	0.01438	0.01781	0.01700	0.02041	0.01443	0.01317	0.02926	0.11464	0.04566	0.37923	0.08416	0.09175	0.02330	0.01365	0.00390	0.00673	0.06692	0.01240	0.01226
89	0.09979	0.03245	0.02997	0.02447	0.03256	0.14132	0.01962	0.19038	0.07505	0.19119	0.03143	0.03019	0.02193	0.01352	0.01103	0.00346	0.01315	0.01001	0.01082	0.01766
90	0.13419	0.02015	0.02568	0.01998	0.02874	0.01828	0.01650	0.05371	0.03151	0.46412	0.04196	0.03685	0.02665	0.01392	0.01110	0.00360	0.00978	0.01098	0.01344	0.01884

[dist]
# distance from previous block
# <min> <max>
5	57

[block]
# block no. 3 follows, 10 sequences, length 30
# corresponding to MSA columns:
# 294-323
name=unknown_D
#
# <colnr> <probs for GDERKNQSTAVLIFYWHMCP>
#	G	D	E	R	K	N	Q	S	T	A	V	L	I	F	Y	W	H	M	C	P
0	0.02791	0.01845	0.02644	0.07584	0.03274	0.01868	0.05798	0.03835	0.12180	0.14782	0.10197	0.18940	0.05026	0.02097	0.01298	0.00403	0.00983	0.01884	0.01105	0.01466
1	0.03400	0.01548	0.02037	0.01821	0.02331	0.01415	0.01446	0.03797	0.02785	0.26335	0.04861	0.11712	0.04268	0.09133	0.01830	0.00489	0.00937	0.09550	0.08866	0.01438
2	0.10604	0.08651	0.02508	0.01749	0.02361	0.02075	0.01439	0.07936	0.03173	0.15024	0.19945	0.05040	0.05274	0.01660	0.01101	0.00339	0.00840	0.01347	0.07495	0.01440
3	0.02120	0.03225	0.20268	0.15357	0.04622	0.02280	0.03009	0.02928	0.02373	0.03301	0.03344	0.11588	0.03269	0.01929	0.01530	0.00432	0.06885	0.09506	0.00683	0.01354
4	0.02196	0.02067	0.03488	0.56331	0.08010	0.02584	0.03230	0.02972	0.02326	0.02972	0.02067	0.03101	0.01550	0.01163	0.01163	0.00388	0.01550	0.01034	0.00517	0.01292
5	0.15943	0.15795	0.03745	0.24572	0.04926	0.03205	0.02432	0.03160	0.02185	0.03356	0.01791	0.02479	0.01473	0.01231	0.01352	0.00366	0.09255	0.00851	0.00553	0.01330
6	0.02842	0.10171	0.17620	0.04016	0.05248	0.08150	0.27758	0.03780	0.02688	0.03522	0.02155	0.02733	0.01639	0.01034	0.01208	0.00362	0.01839	0.01106	0.00556	0.01575
7	0.01661	0.01246	0.01869	0.01869	0.02077	0.01454	0.01454	0.02077	0.01869	0.02700	0.03115	0.04569	0.02908	0.08723	0.54517	0.01869	0.03115	0.01246	0.00623	0.01038
8	0.11401	0.02140	0.03136	0.24816	0.10665	0.02302	0.02494	0.04040	0.02671	0.20726	0.02907	0.03225	0.02013	0.01234	0.01109	0.00370	0.01254	0.01031	0.00871	0.01593
9	0.02707	0.22240	0.26848	0.03798	0.15433	0.03316	0.03397	0.03593	0.02472	0.03412	0.01962	0.02369	0.01566	0.01054	0.01003	0.00325	0.01489	0.00826	0.00513	0.01676
10	0.04708	0.02120	0.02662	0.02070	0.02903	0.02000	0.01701	0.13444	0.03635	0.38320	0.04151	0.03779	0.02718	0.01421	0.01127	0.00347	0.00993	0.01136	0.08890	0.01874
11	0.11902	0.02008	0.02593	0.02011	0.02892	0.01806	0.01661	0.05426	0.03184	0.47570	0.04269	0.03736	0.02705	0.01401	0.01121	0.00360	0.00980	0.01112	0.01362	0.01902
12	0.03697	0.04474	0.03379	0.08309	0.03903	0.37014	0.02417	0.04032	0.02834	0.02847	0.01759	0.02305	0.01510	0.01397	0.01728	0.00359	0.15299	0.00842	0.00569	0.01324
13	0.01417	0.01012	0.01350	0.01619	0.01687	0.00945	0.01080	0.01619	0.02227	0.02969	0.06410	0.58367	0.07692	0.03644	0.01484	0.00472	0.00675	0.03306	0.01080	0.00945
14	0.01444	0.01033	0.01374	0.01601	0.01693	0.00963	0.01082	0.01688	0.02353	0.03170	0.11741	0.52462	0.08082	0.03493	0.01471	0.00460	0.00660	0.03163	0.01103	0.00963
15	0.02384	0.05659	0.47373	0.03511	0.05163	0.02731	0.09666	0.03688	0.02491	0.03688	0.02120	0.02540	0.01509	0.01090	0.01138	0.00371	0.01749	0.00923	0.00503	0.01700
16	0.05218	0.01979	0.02699	0.02069	0.02969	0.01709	0.01709	0.05668	0.03329	0.52677	0.04588	0.03959	0.02879	0.01439	0.01170	0.00360	0.00990	0.01170	0.01439	0.01979
17	0.02057	0.01286	0.01652	0.01505	0.01871	0.01160	0.01148	0.02563	0.03222	0.10433	0.40859	0.08395	0.14700	0.02328	0.01347	0.00368	0.00608	0.02029	0.01277	0.01193
18	0.09411	0.03504	0.09916	0.03740	0.04704	0.07696	0.23573	0.09147	0.02913	0.04125	0.02160	0.02738	0.01659	0.01199	0.01516	0.00387	0.08301	0.01108	0.00654	0.01549
19	0.02969	0.03305	0.11109	0.04436	0.05638	0.02784	0.38303	0.03930	0.02779	0.08988	0.02566	0.03156	0.01855	0.01042	0.01324	0.00386	0.01832	0.01299	0.00670	0.01628
20	0.01417	0.01012	0.01350	0.01619	0.01687	0.00945	0.01080	0.01619	0.02227	0.02969	0.06410	0.58367	0.07692	0.03644	0.01484	0.00472	0.00675	0.03306	0.01080	0.00945
21	0.03851	0.02039	0.02559	0.02187	0.02861	0.02002	0.01805	0.14708	0.03580	0.25078	0.04710	0.11361	0.04050	0.02071	0.01303	0.00410	0.01047	0.11468	0.01249	0.01660
22	0.03445	0.03392	0.15088	0.02823	0.03872	0.02709	0.06970	0.11209	0.18034	0.14720	0.03567	0.03477	0.02521	0.01353	0.01178	0.00374	0.01277	0.01145	0.01012	0.01833
23	0.02336	0.02238	0.03163	0.02774	0.02823	0.03065	0.02287	0.02629	0.01802	0.02776	0.01901	0.03022	0.01852	0.03613	0.15774	0.00830	0.44290	0.01072	0.00536	0.01217
24	0.01691	0.01128	0.01268	0.01268	0.01268	0.01128	0.00705	0.01691	0.01691	0.02255	0.03665	0.07611	0.04228	0.59126	0.05920	0.01128	0.01128	0.01691	0.00705	0.00705
25	0.03664	0.03282	0.15072	0.03408	0.04588	0.02388	0.19653	0.04508	0.02921	0.23651	0.03206	0.03326	0.02156	0.01194	0.01233	0.00374	0.01513	0.01180	0.00914	0.01768
26	0.17385	0.03148	0.08719	0.02953	0.03971	0.02942	0.12875	0.19074	0.03551	0.10546	0.02561	0.02772	0.01821	0.01206	0.01113	0.00365	0.01371	0.01029	0.00896	0.01702
27	0.01664	0.01234	0.01809	0.01809	0.01997	0.01421	0.01379	0.02039	0.01851	0.02656	0.03170	0.04871	0.03039	0.13731	0.49689	0.01795	0.02918	0.01290	0.00631	0.01005
28	0.22465	0.03380	0.14278	0.02274	0.03200	0.07127	0.02208	0.09180	0.02975	0.09931	0.09294	0.03346	0.02981	0.01359	0.01037	0.00356	0.01208	0.01015	0.00867	0.01519
29	0.03279	0.19266	0.04488	0.02739	0.03450	0.03493	0.07755	0.08339	0.08234	0.09516	0.02520	0.02823	0.01989	0.01415	0.01735	0.00372	0.15223	0.01002	0.00770	0.01594

[dist]
# distance from previous block
# <min> <max>
0	46

[block]
# block no. 4 follows, 10 sequences, length 39
# corresponding to MSA columns:
# 370-408
name=unknown_E
#
# <colnr> <probs for GDERKNQSTAVLIFYWHMCP>
#	G	D	E	R	K	N	Q	S	T	A	V	L	I	F	Y	W	H	M	C	P
0	0.02352	0.02190	0.03495	0.44618	0.11568	0.02641	0.03082	0.03445	0.08508	0.03296	0.02424	0.03240	0.01838	0.01204	0.01164	0.00384	0.01453	0.01070	0.00609	0.01416
1	0.01417	0.01012	0.01350	0.01619	0.01687	0.00945	0.01080	0.01619	0.02227	0.02969	0.06410	0.58367	0.07692	0.03644	0.01484	0.00472	0.00675	0.03306	0.01080	0.00945
2	0.03687	0.02187	0.03175	0.27793	0.05434	0.02369	0.02493	0.09882	0.03132	0.23305	0.03164	0.03402	0.02134	0.01303	0.01166	0.00372	0.01292	0.01089	0.00968	0.01654
3	0.03862	0.26565	0.04279	0.02251	0.03140	0.08077	0.01969	0.11448	0.08778	0.14617	0.02838	0.02784	0.02117	0.01243	0.00984	0.00311	0.01232	0.00902	0.00899	0.01704
4	0.04069	0.01642	0.02091	0.01698	0.02361	0.01474	0.01372	0.04554	0.02994	0.34464	0.04289	0.04101	0.02917	0.01408	0.01035	0.00326	0.00821	0.01137	0.25606	0.01642
5	0.02168	0.01084	0.01084	0.01084	0.01355	0.01084	0.00813	0.02710	0.02439	0.04336	0.03794	0.04336	0.02981	0.01355	0.00813	0.00271	0.00542	0.01084	0.65583	0.01084
6	0.08404	0.01170	0.01431	0.01653	0.01806	0.01153	0.01165	0.01875	0.02238	0.03249	0.05884	0.48654	0.06931	0.03338	0.01414	0.00466	0.00731	0.06409	0.01041	0.00988
7	0.01622	0.01170	0.01533	0.01480	0.01732	0.01081	0.01096	0.02134	0.03180	0.04485	0.46530	0.13924	0.10628	0.02511	0.01384	0.00377	0.00562	0.02230	0.01259	0.01081
8	0.01616	0.01188	0.01512	0.01431	0.01719	0.01084	0.01073	0.02136	0.03220	0.04492	0.46811	0.08970	0.15527	0.02442	0.01372	0.00369	0.00553	0.02143	0.01258	0.01084
9	0.03327	0.39984	0.12929	0.02305	0.03367	0.08774	0.02351	0.03856	0.02569	0.08161	0.02022	0.02202	0.01636	0.01079	0.00877	0.00284	0.01374	0.00730	0.00606	0.01566
10	0.04816	0.01890	0.02570	0.02001	0.02830	0.01640	0.01640	0.05277	0.03325	0.47269	0.09845	0.04491	0.03791	0.01545	0.01192	0.00361	0.00940	0.01275	0.01422	0.01880
11	0.01417	0.01012	0.01350	0.01619	0.01687	0.00945	0.01080	0.01619	0.02227	0.02969	0.06410	0.58367	0.07692	0.03644	0.01484	0.00472	0.00675	0.03306	0.01080	0.00945
12	0.40444	0.09116	0.18400	0.02140	0.03203	0.02835	0.02293	0.03509	0.02168	0.04488	0.01767	0.02066	0.01350	0.01079	0.00844	0.00352	0.01193	0.00702	0.00626	0.01428
13	0.02716	0.01811	0.02468	0.02418	0.08280	0.01651	0.01645	0.03156	0.02388	0.12528	0.03013	0.03914	0.02550	0.09630	0.15696	0.00784	0.01573	0.01081	0.00801	0.21900
14	0.02944	0.02730	0.04628	0.11580	0.20182	0.02832	0.14711	0.12035	0.03109	0.04259	0.02418	0.03112	0.01907	0.01806	0.06062	0.00502	0.01694	0.01146	0.00690	0.01652
15	0.02615	0.01403	0.01865	0.01628	0.02072	0.01263	0.01263	0.03137	0.03302	0.17693	0.38593	0.07404	0.08777	0.02123	0.01317	0.00364	0.00668	0.01850	0.01323	0.01337
16	0.02262	0.02194	0.03889	0.50225	0.07781	0.02626	0.08503	0.03061	0.02375	0.03061	0.02101	0.03105	0.01576	0.01141	0.01188	0.00388	0.01599	0.01074	0.00525	0.01325
17	0.02700	0.31437	0.30893	0.02689	0.04066	0.03599	0.03207	0.03588	0.02412	0.03236	0.01865	0.02177	0.01482	0.01053	0.00936	0.00312	0.01494	0.00747	0.00494	0.01612
18	0.02519	0.12394	0.37374	0.03474	0.04986	0.02998	0.13028	0.03666	0.02504	0.03569	0.02082	0.02521	0.01536	0.01065	0.01114	0.00358	0.01708	0.00936	0.00512	0.01658
19	0.01474	0.01056	0.01400	0.01581	0.01699	0.00983	0.01084	0.01762	0.02491	0.03390	0.17549	0.46028	0.08507	0.03329	0.01456	0.00446	0.00643	0.03008	0.01129	0.00983
20	0.01567	0.01215	0.01445	0.01471	0.01800	0.01094	0.01159	0.01994	0.02864	0.03706	0.23404	0.10782	0.28985	0.02817	0.01422	0.00414	0.00676	0.11004	0.01143	0.01038
21	0.29674	0.29874	0.09570	0.01948	0.02911	0.03561	0.01947	0.03479	0.02214	0.03873	0.01671	0.01942	0.01394	0.01043	0.00776	0.00308	0.01155	0.00652	0.00589	0.01421
22	0.03755	0.03056	0.02880	0.09373	0.03623	0.17096	0.02012	0.12446	0.03230	0.12589	0.02579	0.03000	0.01958	0.01868	0.01836	0.14051	0.01439	0.00975	0.00831	0.01403
23	0.01554	0.01133	0.01474	0.01583	0.01781	0.01052	0.01163	0.01935	0.02720	0.03684	0.23765	0.29992	0.12781	0.03052	0.01446	0.00432	0.00667	0.07612	0.01154	0.01021
24	0.02469	0.01671	0.01725	0.01616	0.02048	0.01835	0.01240	0.04150	0.22078	0.04556	0.04184	0.04337	0.03217	0.01448	0.00967	0.00322	0.00699	0.01180	0.38861	0.01398
25	0.03343	0.09021	0.09761	0.09188	0.11780	0.17848	0.02810	0.09492	0.03019	0.03676	0.02005	0.02489	0.01620	0.01260	0.01383	0.00350	0.07883	0.00895	0.00628	0.01551
26	0.02491	0.02368	0.04020	0.35094	0.26945	0.02661	0.03376	0.03230	0.02465	0.03329	0.02119	0.03005	0.01676	0.01108	0.01158	0.00369	0.01478	0.01035	0.00542	0.01530
27	0.02333	0.06016	0.53100	0.03315	0.05034	0.02701	0.04297	0.03683	0.02455	0.03683	0.02087	0.02455	0.01473	0.01105	0.01105	0.00368	0.01719	0.00859	0.00491	0.01719
28	0.01787	0.01325	0.01719	0.01859	0.02104	0.01326	0.01456	0.02508	0.07620	0.03700	0.15210	0.25962	0.07551	0.03011	0.01475	0.00466	0.00821	0.17856	0.01128	0.01117
29	0.27414	0.02449	0.02180	0.01997	0.02611	0.08424	0.01587	0.04105	0.11264	0.10649	0.03486	0.08874	0.03043	0.01676	0.01060	0.00387	0.01054	0.05363	0.00952	0.01424
30	0.02448	0.03055	0.08657	0.02081	0.02660	0.16503	0.01796	0.02977	0.03051	0.03701	0.22550	0.06521	0.15460	0.01995	0.01246	0.00353	0.01151	0.01629	0.00942	0.01225
31	0.01661	0.01246	0.01869	0.01869	0.02077	0.01454	0.01454	0.02077	0.01869	0.02700	0.03115	0.04569	0.02908	0.08723	0.54517	0.01869	0.03115	0.01246	0.00623	0.01038
32	0.03737	0.02782	0.03697	0.02921	0.03770	0.07612	0.12437	0.05299	0.19617	0.19528	0.03848	0.03720	0.02723	0.01358	0.01210	0.00374	0.01299	0.01227	0.01069	0.01773
33	0.03617	0.02910	0.04503	0.03380	0.04350	0.02981	0.19198	0.18282	0.12158	0.11407	0.03210	0.03353	0.02298	0.01278	0.01247	0.00375	0.01434	0.01234	0.00986	0.01799
34	0.02468	0.01655	0.01817	0.01604	0.02128	0.01603	0.01254	0.08713	0.07418	0.09986	0.12119	0.07706	0.26237	0.02230	0.01250	0.00369	0.00748	0.01847	0.07520	0.01329
35	0.01691	0.01128	0.01268	0.01268	0.01268	0.01128	0.00705	0.01691	0.01691	0.02255	0.03665	0.07611	0.04228	0.59126	0.05920	0.01128	0.01128	0.01691	0.00705	0.00705
36	0.18505	0.13377	0.03356	0.02114	0.03001	0.03024	0.01811	0.17366	0.03481	0.19064	0.02825	0.02751	0.01985	0.01262	0.00987	0.00336	0.01104	0.00908	0.01017	0.01725
37	0.16513	0.02599	0.07309	0.02151	0.02922	0.02453	0.01899	0.09915	0.15710	0.09420	0.04425	0.04912	0.07923	0.01681	0.01133	0.00388	0.01027	0.05026	0.01019	0.01579
38	0.02952	0.02678	0.09070	0.02314	0.03024	0.02425	0.02051	0.11850	0.13363	0.10174	0.05000	0.10012	0.10726	0.01932	0.01480	0.00397	0.06396	0.01539	0.01029	0.01587

[dist]
# distance from previous block
# <min> <max>
2	24

[block]
# block no. 5 follows, 10 sequences, length 55
# corresponding to MSA columns:
# 433-487
name=unknown_F
#
# <colnr> <probs for GDERKNQSTAVLIFYWHMCP>
#	G	D	E	R	K	N	Q	S	T	A	V	L	I	F	Y	W	H	M	C	P
0	0.02778	0.02831	0.03839	0.17908	0.17640	0.10167	0.07715	0.03673	0.07671	0.03388	0.02550	0.03510	0.02145	0.07301	0.01673	0.00443	0.01518	0.01131	0.00645	0.01476
1	0.01446	0.01057	0.01361	0.01547	0.01681	0.00971	0.01060	0.01709	0.02430	0.03237	0.13594	0.45809	0.13052	0.03380	0.01456	0.00448	0.00647	0.03035	0.01109	0.00971
2	0.09387	0.17085	0.37636	0.02843	0.04302	0.03096	0.03484	0.03612	0.02385	0.03644	0.01937	0.02270	0.01455	0.01079	0.00988	0.00342	0.01531	0.00784	0.00517	0.01622
3	0.03019	0.02793	0.03595	0.32972	0.11007	0.08458	0.02920	0.13730	0.03198	0.04061	0.02220	0.02897	0.01675	0.01208	0.01149	0.00365	0.01529	0.01006	0.00683	0.01515
4	0.02158	0.01732	0.01912	0.01776	0.02168	0.01856	0.01308	0.03729	0.22673	0.04075	0.17121	0.06872	0.10659	0.14192	0.02261	0.00543	0.00835	0.01717	0.01095	0.01318
5	0.02877	0.12453	0.29224	0.02615	0.03861	0.02558	0.03005	0.03799	0.02728	0.12736	0.09795	0.03574	0.03149	0.01340	0.01104	0.00349	0.01340	0.01067	0.00785	0.01641
6	0.02741	0.02968	0.03791	0.38920	0.06808	0.14419	0.07567	0.03429	0.02589	0.03021	0.02035	0.02876	0.01561	0.01152	0.01158	0.00368	0.01717	0.01004	0.00543	0.01333
7	0.02196	0.02067	0.03488	0.56331	0.08010	0.02584	0.03230	0.02972	0.02326	0.02972	0.02067	0.03101	0.01550	0.01163	0.01163	0.00388	0.01550	0.01034	0.00517	0.01292
8	0.01742	0.01197	0.01626	0.01626	0.01799	0.01330	0.01200	0.02088	0.01915	0.02845	0.03332	0.05183	0.03200	0.18384	0.36275	0.01476	0.02314	0.01317	0.10178	0.00974
9	0.10898	0.08770	0.03405	0.03298	0.14043	0.10059	0.02209	0.04198	0.02844	0.18221	0.03160	0.03999	0.02534	0.01421	0.01101	0.00355	0.01267	0.05695	0.00899	0.01623
10	0.02020	0.01010	0.01515	0.01515	0.01515	0.01010	0.01010	0.01515	0.01515	0.02020	0.02020	0.03535	0.02020	0.04040	0.04545	0.66162	0.01010	0.01010	0.00505	0.00505
11	0.01456	0.01111	0.01256	0.01347	0.01546	0.01000	0.00912	0.01657	0.02303	0.02894	0.08231	0.26424	0.26527	0.15156	0.02381	0.00576	0.00733	0.02581	0.01000	0.00910
12	0.02670	0.01996	0.03035	0.20607	0.13858	0.02150	0.02437	0.03517	0.07541	0.10631	0.03731	0.15885	0.03411	0.01787	0.01237	0.00395	0.01169	0.01601	0.00862	0.01479
13	0.02754	0.02569	0.04296	0.26713	0.23741	0.02801	0.07804	0.08246	0.02837	0.03840	0.02222	0.02987	0.01729	0.01122	0.01180	0.00368	0.01499	0.01071	0.00618	0.01602
14	0.02674	0.02859	0.03808	0.40479	0.06945	0.12739	0.07745	0.03378	0.02559	0.03027	0.02045	0.02909	0.01563	0.01150	0.01163	0.00371	0.01701	0.01014	0.00540	0.01332
15	0.01451	0.01038	0.01380	0.01596	0.01694	0.00967	0.01082	0.01704	0.02383	0.03218	0.12995	0.51073	0.08174	0.03458	0.01468	0.00457	0.00656	0.03130	0.01109	0.00967
16	0.02588	0.13786	0.17445	0.17689	0.14679	0.03052	0.08056	0.03445	0.02474	0.03355	0.02045	0.02670	0.01600	0.01073	0.01092	0.00350	0.01549	0.00950	0.00526	0.01576
17	0.04090	0.03392	0.16197	0.02766	0.03907	0.02478	0.06468	0.14057	0.03512	0.26109	0.03366	0.03251	0.02228	0.01304	0.01169	0.00363	0.01324	0.01081	0.01062	0.01876
18	0.02723	0.02605	0.04440	0.18327	0.41895	0.02723	0.03492	0.03433	0.02575	0.03611	0.02160	0.02929	0.01776	0.01065	0.01154	0.00355	0.01420	0.01036	0.00562	0.01717
19	0.03078	0.03602	0.18654	0.13662	0.17298	0.02718	0.03320	0.10252	0.03022	0.09588	0.02492	0.02899	0.01814	0.01178	0.01143	0.00362	0.01455	0.00999	0.00722	0.01741
20	0.03065	0.12803	0.27958	0.02775	0.04058	0.03002	0.03091	0.08930	0.09802	0.09407	0.02751	0.02842	0.01987	0.01225	0.01076	0.00351	0.01405	0.00944	0.00768	0.01759
21	0.02266	0.01544	0.02286	0.02078	0.02552	0.01418	0.06506	0.02742	0.02775	0.10682	0.10525	0.14468	0.17689	0.02615	0.01425	0.00437	0.00950	0.14725	0.01091	0.01225
22	0.02020	0.01010	0.01515	0.01515	0.01515	0.01010	0.01010	0.01515	0.01515	0.02020	0.02020	0.03535	0.02020	0.04040	0.04545	0.66162	0.01010	0.01010	0.00505	0.00505
23	0.25780	0.02080	0.02452	0.07763	0.03273	0.02107	0.01723	0.04620	0.02766	0.31337	0.03317	0.03170	0.02191	0.01289	0.01018	0.00363	0.01020	0.00973	0.01098	0.01663
24	0.01545	0.01185	0.01415	0.01357	0.01676	0.01054	0.01018	0.02000	0.03054	0.04099	0.36598	0.09618	0.25986	0.02589	0.01373	0.00376	0.00564	0.02234	0.01206	0.01054
25	0.01691	0.01128	0.01268	0.01268	0.01268	0.01128	0.00705	0.01691	0.01691	0.02255	0.03665	0.07611	0.04228	0.59126	0.05920	0.01128	0.01128	0.01691	0.00705	0.00705
26	0.02412	0.02067	0.02412	0.01723	0.02756	0.01550	0.01378	0.02929	0.02412	0.03790	0.02067	0.02412	0.01723	0.00861	0.00861	0.00172	0.00861	0.00689	0.00689	0.66236
27	0.03351	0.09783	0.20406	0.02412	0.03635	0.02335	0.02558	0.04118	0.02712	0.19129	0.02823	0.02857	0.01978	0.01143	0.01030	0.00308	0.01240	0.00893	0.00837	0.16451
28	0.03419	0.02461	0.03355	0.20983	0.04876	0.02890	0.02534	0.15190	0.03221	0.13448	0.02619	0.03066	0.01908	0.01458	0.01718	0.00398	0.12942	0.01059	0.00858	0.01596
29	0.02020	0.01010	0.01515	0.01515	0.01515	0.01010	0.01010	0.01515	0.01515	0.02020	0.02020	0.03535	0.02020	0.04040	0.04545	0.66162	0.01010	0.01010	0.00505	0.00505
30	0.02854	0.02300	0.03632	0.26544	0.14793	0.02713	0.02918	0.03446	0.02413	0.10393	0.02338	0.03056	0.01798	0.01377	0.01765	0.00403	0.14046	0.01050	0.00662	0.01497
31	0.01621	0.01169	0.01532	0.01481	0.01732	0.01080	0.01095	0.02131	0.03173	0.04475	0.46253	0.14232	0.10608	0.02519	0.01384	0.00378	0.00563	0.02238	0.01258	0.01080
32	0.03083	0.02219	0.02590	0.01929	0.02902	0.01906	0.01555	0.08563	0.06585	0.11443	0.02726	0.02832	0.02063	0.01061	0.00965	0.00237	0.00931	0.00848	0.00890	0.44670
33	0.02665	0.02980	0.06367	0.12453	0.06362	0.02889	0.41126	0.03615	0.02684	0.03615	0.02311	0.03132	0.01733	0.01007	0.01342	0.00391	0.01901	0.01323	0.00578	0.01528
34	0.01551	0.01163	0.01642	0.07779	0.02467	0.01168	0.01401	0.01851	0.02284	0.03022	0.05900	0.47554	0.06904	0.03323	0.01461	0.00469	0.00813	0.07235	0.01016	0.00996
35	0.01508	0.01066	0.01396	0.01626	0.01706	0.01015	0.01113	0.01718	0.02198	0.02921	0.05979	0.45866	0.07072	0.11742	0.02149	0.00576	0.00785	0.07615	0.01024	0.00924
36	0.02855	0.01446	0.01576	0.01397	0.01831	0.01443	0.01093	0.07942	0.02891	0.11751	0.03805	0.04117	0.02860	0.01372	0.00902	0.00292	0.00686	0.01093	0.49339	0.01310
37	0.02100	0.01275	0.01662	0.01693	0.02008	0.01167	0.01301	0.02481	0.02736	0.10705	0.15153	0.25364	0.13920	0.02899	0.01425	0.00437	0.00762	0.10589	0.01168	0.01155
38	0.03329	0.02646	0.03316	0.02737	0.03486	0.02864	0.07126	0.23773	0.13972	0.05527	0.03923	0.05509	0.03362	0.01802	0.01292	0.00406	0.01232	0.10920	0.01082	0.01697
39	0.01618	0.01111	0.01362	0.01482	0.01534	0.01088	0.00959	0.01745	0.01980	0.02630	0.04867	0.25441	0.05671	0.34233	0.03947	0.00841	0.00968	0.06826	0.00872	0.00826
40	0.09566	0.01310	0.01332	0.01242	0.01632	0.01319	0.00961	0.03117	0.02489	0.09826	0.03647	0.04029	0.02783	0.01335	0.00843	0.00291	0.00631	0.01044	0.51401	0.01203
41	0.03197	0.03437	0.04636	0.05947	0.35781	0.14541	0.08188	0.03831	0.02806	0.03575	0.02117	0.02730	0.01755	0.01067	0.01153	0.00340	0.01609	0.01008	0.00582	0.01699
42	0.01491	0.01153	0.01374	0.01484	0.01748	0.01036	0.01112	0.01822	0.02599	0.03309	0.13745	0.25396	0.27168	0.03132	0.01441	0.00435	0.00681	0.08778	0.01101	0.00997
43	0.03013	0.02558	0.02698	0.02391	0.03070	0.02949	0.01870	0.09470	0.46284	0.05059	0.04581	0.04218	0.03427	0.01564	0.01182	0.00391	0.00949	0.01294	0.01182	0.01852
44	0.02497	0.02374	0.04031	0.34658	0.27334	0.02663	0.03380	0.03235	0.02468	0.03336	0.02120	0.03003	0.01679	0.01107	0.01158	0.00369	0.01476	0.01035	0.00543	0.01534
45	0.04236	0.02199	0.02670	0.02195	0.02992	0.02209	0.01765	0.05884	0.22950	0.32477	0.04650	0.04119	0.03163	0.01498	0.01175	0.00374	0.00960	0.01231	0.01331	0.01921
46	0.02728	0.02501	0.03597	0.02973	0.03390	0.07009	0.11845	0.03163	0.02363	0.06924	0.02974	0.05067	0.02849	0.10246	0.02819	0.00549	0.19393	0.07605	0.00719	0.01285
