[name]
unknown

[dist]
# distance from previous block
# <min> <max>
6	379

[block]
# block no. 0 follows, 12 sequences, length 94
# corresponding to MSA columns:
# 382-475
name=unknown_A
#
# <colnr> <probs for GDERKNQSTAVLIFYWHMCP>
#	G	D	E	R	K	N	Q	S	T	A	V	L	I	F	Y	W	H	M	C	P
0	0.02984	0.02633	0.02451	0.02088	0.02636	0.12678	0.01635	0.19321	0.07263	0.04902	0.23365	0.04819	0.05265	0.01656	0.01150	0.00328	0.01047	0.01344	0.01035	0.01400
1	0.25439	0.35839	0.04043	0.01823	0.02628	0.09436	0.01661	0.03363	0.02189	0.03361	0.01535	0.01780	0.01326	0.00980	0.00722	0.00273	0.01144	0.00598	0.00547	0.01311
2	0.02708	0.02608	0.03479	0.18591	0.20713	0.08524	0.02684	0.08400	0.02715	0.03583	0.06272	0.03076	0.02304	0.01271	0.01386	0.00350	0.08242	0.01023	0.00635	0.01436
3	0.01626	0.01253	0.01758	0.01736	0.01856	0.01462	0.01296	0.01900	0.01751	0.02490	0.03224	0.11336	0.03356	0.17290	0.34882	0.01325	0.08442	0.01454	0.00638	0.00926
4	0.01710	0.01544	0.02428	0.18646	0.03802	0.01610	0.07033	0.02200	0.02307	0.02930	0.05867	0.13370	0.20456	0.02548	0.05184	0.00482	0.01163	0.04875	0.00777	0.01071
5	0.01339	0.00986	0.01229	0.01416	0.01533	0.00904	0.00952	0.01532	0.02128	0.02768	0.06792	0.47556	0.16007	0.07370	0.01663	0.00472	0.00647	0.02841	0.00988	0.00877
6	0.57271	0.01935	0.01597	0.01449	0.02045	0.02216	0.01177	0.02992	0.01982	0.04670	0.07345	0.02639	0.02277	0.01646	0.04710	0.00437	0.00953	0.00781	0.00725	0.01150
7	0.02253	0.11491	0.44755	0.09044	0.04810	0.02717	0.03681	0.03360	0.02279	0.03283	0.01906	0.02307	0.01391	0.01030	0.01005	0.00335	0.01545	0.00799	0.00464	0.01545
8	0.02049	0.04219	0.37803	0.02651	0.03803	0.02178	0.03095	0.03268	0.07746	0.03422	0.03145	0.15793	0.02914	0.01624	0.01125	0.00370	0.01308	0.01372	0.00656	0.01459
9	0.01311	0.01018	0.01194	0.01334	0.01533	0.00901	0.00930	0.01539	0.02265	0.02856	0.08253	0.38481	0.28251	0.03124	0.01346	0.00410	0.00597	0.02744	0.01012	0.00901
10	0.69383	0.02109	0.01603	0.01434	0.02109	0.02446	0.01181	0.03205	0.01856	0.04892	0.01518	0.01771	0.01181	0.01012	0.00675	0.00337	0.00843	0.00590	0.00675	0.01181
11	0.02295	0.02034	0.03184	0.40330	0.11591	0.02380	0.02723	0.08014	0.02640	0.03502	0.08219	0.03472	0.02572	0.01235	0.01112	0.00353	0.01297	0.01089	0.00641	0.01316
12	0.69383	0.02109	0.01603	0.01434	0.02109	0.02446	0.01181	0.03205	0.01856	0.04892	0.01518	0.01771	0.01181	0.01012	0.00675	0.00337	0.00843	0.00590	0.00675	0.01181
13	0.04892	0.01856	0.02530	0.01940	0.02783	0.01603	0.01603	0.05314	0.03121	0.55634	0.04302	0.03711	0.02699	0.01350	0.01096	0.00337	0.00928	0.01096	0.01350	0.01856
14	0.01825	0.01410	0.01793	0.01737	0.01985	0.01603	0.01294	0.02741	0.13313	0.02901	0.03376	0.04850	0.03130	0.18202	0.33430	0.01289	0.02052	0.01273	0.00720	0.01077
15	0.54594	0.02323	0.01981	0.01678	0.02397	0.02658	0.01383	0.14095	0.02597	0.05341	0.01767	0.01963	0.01333	0.01079	0.00769	0.00335	0.00924	0.00679	0.00769	0.01333
16	0.02689	0.02803	0.05477	0.10118	0.05400	0.02840	0.36180	0.08998	0.02763	0.03748	0.02165	0.02856	0.01639	0.01061	0.01420	0.00371	0.06214	0.01190	0.00602	0.01466
17	0.01543	0.01115	0.01457	0.01372	0.01629	0.01029	0.01029	0.02058	0.03086	0.04372	0.54304	0.08145	0.10288	0.02229	0.01286	0.00343	0.00514	0.01972	0.01200	0.01029
18	0.01655	0.01268	0.01761	0.01709	0.01826	0.01488	0.01270	0.01915	0.01695	0.02420	0.02909	0.04906	0.02945	0.23035	0.36485	0.01412	0.08532	0.01266	0.00595	0.00906
19	0.02369	0.02221	0.03738	0.18046	0.36872	0.02324	0.02962	0.02973	0.02360	0.03280	0.02553	0.10522	0.02396	0.01325	0.01124	0.00349	0.01243	0.01255	0.00590	0.01496
20	0.42342	0.02003	0.01992	0.01646	0.02392	0.02092	0.01358	0.04089	0.02386	0.26168	0.02685	0.02585	0.01817	0.01154	0.00852	0.00337	0.00879	0.00803	0.00958	0.01464
21	0.01405	0.01071	0.01297	0.01362	0.01600	0.00963	0.01000	0.01741	0.02548	0.03341	0.22072	0.24720	0.24452	0.02811	0.01332	0.00391	0.00593	0.05283	0.01068	0.00948
22	0.02915	0.62337	0.05714	0.01866	0.02799	0.04314	0.01866	0.03265	0.02215	0.02565	0.01516	0.01749	0.01399	0.00933	0.00700	0.00233	0.01166	0.00583	0.00466	0.01399
23	0.03180	0.02449	0.03660	0.03215	0.09237	0.02529	0.13061	0.10938	0.17728	0.13158	0.03303	0.03414	0.02425	0.01657	0.04552	0.00437	0.01314	0.01154	0.00927	0.01662
24	0.02387	0.02181	0.02973	0.38058	0.05752	0.05819	0.02560	0.08226	0.05997	0.03371	0.02682	0.07530	0.02316	0.01422	0.01131	0.00369	0.01334	0.03944	0.00666	0.01284
25	0.03101	0.16227	0.03401	0.02207	0.02957	0.03238	0.01841	0.16087	0.29892	0.04658	0.03335	0.03191	0.02535	0.01314	0.01011	0.00328	0.01013	0.01024	0.00958	0.01682
26	0.62145	0.02161	0.01909	0.02005	0.07836	0.02462	0.01416	0.03220	0.01924	0.04748	0.01576	0.01872	0.01240	0.01008	0.00719	0.00336	0.00892	0.00632	0.00660	0.01240
27	0.02763	0.10207	0.08091	0.16472	0.10620	0.02950	0.17089	0.11685	0.02861	0.03816	0.02099	0.02661	0.01602	0.01042	0.01096	0.00337	0.01481	0.01008	0.00613	0.01507
28	0.01913	0.01644	0.02101	0.01889	0.02129	0.01911	0.01494	0.02649	0.08991	0.03729	0.27710	0.06187	0.11583	0.02097	0.01936	0.00388	0.17925	0.01614	0.00956	0.01155
29	0.01904	0.01333	0.01624	0.01468	0.01797	0.01306	0.01123	0.07929	0.03241	0.04635	0.42689	0.07049	0.08478	0.02016	0.01206	0.00331	0.00595	0.01751	0.08399	0.01125
30	0.04892	0.01856	0.02530	0.01940	0.02783	0.01603	0.01603	0.05314	0.03121	0.55634	0.04302	0.03711	0.02699	0.01350	0.01096	0.00337	0.00928	0.01096	0.01350	0.01856
31	0.01367	0.01108	0.01214	0.01187	0.01521	0.00954	0.00890	0.01717	0.02671	0.03386	0.24412	0.09768	0.40795	0.02597	0.01288	0.00360	0.00541	0.02199	0.01071	0.00954
32	0.02699	0.02591	0.04426	0.06693	0.54879	0.02591	0.03346	0.03346	0.02483	0.03562	0.02051	0.02699	0.01727	0.00972	0.01079	0.00324	0.01295	0.00972	0.00540	0.01727
33	0.02401	0.04144	0.28530	0.03933	0.05262	0.02657	0.30029	0.03475	0.02453	0.03475	0.02095	0.02656	0.01533	0.00971	0.01175	0.00358	0.01737	0.01072	0.00511	0.01533
34	0.01297	0.01071	0.01139	0.01194	0.01496	0.00913	0.00868	0.01555	0.02399	0.02911	0.09959	0.21384	0.44248	0.02903	0.01311	0.00384	0.00570	0.02473	0.01012	0.00913
35	0.08799	0.02737	0.02921	0.02230	0.03108	0.02887	0.01833	0.36907	0.04246	0.05992	0.02384	0.02474	0.01750	0.01176	0.00996	0.00292	0.01086	0.00878	0.00961	0.16343
36	0.01328	0.00949	0.01265	0.01518	0.01581	0.00886	0.01012	0.01518	0.02088	0.02783	0.06010	0.60969	0.07212	0.03416	0.01392	0.00443	0.00633	0.03100	0.01012	0.00886
37	0.03160	0.07079	0.14796	0.08405	0.03659	0.05956	0.02302	0.06895	0.06308	0.18082	0.03852	0.03814	0.08203	0.01381	0.01071	0.00336	0.01193	0.01100	0.00869	0.01540
38	0.55212	0.02115	0.02030	0.10174	0.06347	0.02452	0.01592	0.03153	0.01944	0.04498	0.01614	0.01997	0.01256	0.01021	0.00762	0.00340	0.00962	0.00671	0.00638	0.01221
39	0.01511	0.01188	0.01344	0.01293	0.01604	0.01096	0.00955	0.02048	0.06056	0.03554	0.27195	0.08848	0.29255	0.07312	0.01626	0.00415	0.00600	0.02039	0.01065	0.00997
40	0.02591	0.15837	0.03252	0.02196	0.06932	0.02391	0.01664	0.09105	0.02624	0.03677	0.02381	0.08598	0.02214	0.01198	0.00906	0.00243	0.00962	0.00968	0.00694	0.31566
41	0.11892	0.08055	0.14953	0.02548	0.03522	0.02673	0.08585	0.15300	0.03123	0.08580	0.07915	0.03090	0.02577	0.01231	0.01038	0.00333	0.01227	0.01014	0.00808	0.01534
42	0.13530	0.19101	0.16560	0.02946	0.09137	0.02923	0.08203	0.03562	0.02350	0.09219	0.02068	0.02344	0.01569	0.01018	0.00930	0.00314	0.01287	0.00819	0.00614	0.01509
43	0.08647	0.21705	0.04205	0.02510	0.03351	0.13831	0.07240	0.18546	0.03307	0.04217	0.01969	0.02194	0.01554	0.01092	0.00938	0.00294	0.01377	0.00808	0.00706	0.01507
44	0.01379	0.00985	0.01323	0.01576	0.01662	0.00929	0.01100	0.01606	0.02138	0.02840	0.05982	0.55211	0.07101	0.03368	0.01405	0.00450	0.00677	0.08357	0.01011	0.00900
45	0.02732	0.03290	0.16492	0.03476	0.04602	0.02473	0.25657	0.03876	0.08011	0.09355	0.02602	0.02951	0.01886	0.01045	0.01152	0.00343	0.01500	0.01101	0.00687	0.06766
46	0.29603	0.02141	0.02323	0.14767	0.03570	0.02469	0.01790	0.12286	0.06154	0.04541	0.02515	0.08776	0.02176	0.01380	0.00957	0.00355	0.01028	0.01068	0.00778	0.01323
47	0.01411	0.01109	0.01274	0.01233	0.01548	0.00972	0.00925	0.01801	0.02774	0.03630	0.31805	0.09366	0.33250	0.02506	0.01287	0.00356	0.00534	0.02143	0.01103	0.00972
48	0.02129	0.02045	0.06605	0.08412	0.03185	0.01960	0.02017	0.03585	0.19396	0.03747	0.08357	0.07359	0.04664	0.02063	0.01271	0.00417	0.01018	0.19495	0.00953	0.01321
49	0.32129	0.02504	0.02209	0.06302	0.02877	0.10521	0.01591	0.08616	0.02596	0.10379	0.02520	0.08739	0.02153	0.01372	0.00927	0.00341	0.01085	0.01016	0.00805	0.01316
50	0.02187	0.05640	0.56031	0.03108	0.04719	0.02532	0.04029	0.03453	0.02302	0.03453	0.01957	0.02302	0.01381	0.01036	0.01036	0.00345	0.01611	0.00806	0.00460	0.01611
51	0.01423	0.01091	0.01304	0.01290	0.01565	0.00972	0.00952	0.01811	0.02745	0.03655	0.32526	0.15266	0.26319	0.02567	0.01299	0.00364	0.00542	0.02228	0.01108	0.00972
52	0.02487	0.29020	0.35282	0.02596	0.03927	0.03267	0.03137	0.03375	0.02266	0.03087	0.01775	0.02074	0.01389	0.00993	0.00897	0.00299	0.01428	0.00714	0.00463	0.01524
53	0.01328	0.00949	0.01265	0.01518	0.01581	0.00886	0.01012	0.01518	0.02088	0.02783	0.06010	0.60969	0.07212	0.03416	0.01392	0.00443	0.00633	0.03100	0.01012	0.00886
54	0.01328	0.00949	0.01265	0.01518	0.01581	0.00886	0.01012	0.01518	0.02088	0.02783	0.06010	0.60969	0.07212	0.03416	0.01392	0.00443	0.00633	0.03100	0.01012	0.00886
55	0.10675	0.02588	0.03493	0.07882	0.24285	0.02747	0.02515	0.19511	0.03332	0.09051	0.02360	0.02667	0.01771	0.01128	0.01041	0.00330	0.01194	0.00943	0.00802	0.01685
56	0.03471	0.03004	0.02915	0.08557	0.03601	0.12835	0.02033	0.18857	0.20482	0.08192	0.03104	0.03095	0.02285	0.01312	0.01078	0.00338	0.01235	0.01022	0.00952	0.01633
57	0.01328	0.00949	0.01265	0.01518	0.01581	0.00886	0.01012	0.01518	0.02088	0.02783	0.06010	0.60969	0.07212	0.03416	0.01392	0.00443	0.00633	0.03100	0.01012	0.00886
58	0.03132	0.04217	0.15158	0.17406	0.04749	0.24732	0.02777	0.08915	0.02900	0.03340	0.01915	0.02358	0.01462	0.01115	0.01035	0.00322	0.01669	0.00826	0.00577	0.01394
59	0.02385	0.02385	0.03340	0.02863	0.02863	0.03340	0.02385	0.02624	0.01670	0.02624	0.01431	0.02385	0.01431	0.01908	0.03578	0.00477	0.59685	0.00954	0.00477	0.01193
60	0.02875	0.02446	0.08860	0.19237	0.14260	0.02099	0.02548	0.03531	0.02480	0.15131	0.02497	0.02862	0.01811	0.01067	0.01031	0.00310	0.01200	0.00920	0.00719	0.14118
61	0.04073	0.05197	0.03090	0.02809	0.03371	0.57303	0.02107	0.04354	0.03090	0.02669	0.01685	0.01966	0.01404	0.01124	0.00983	0.00281	0.01966	0.00702	0.00562	0.01264
62	0.01395	0.01109	0.01253	0.01217	0.01538	0.00966	0.00912	0.01772	0.02737	0.03544	0.29190	0.09508	0.35919	0.02538	0.01288	0.00358	0.00536	0.02163	0.01091	0.00966
63	0.01543	0.01115	0.01457	0.01372	0.01629	0.01029	0.01029	0.02058	0.03086	0.04372	0.54304	0.08145	0.10288	0.02229	0.01286	0.00343	0.00514	0.01972	0.01200	0.01029
64	0.09985	0.02450	0.03856	0.11492	0.40377	0.02565	0.02963	0.03436	0.05812	0.03693	0.02142	0.02712	0.01746	0.01023	0.01038	0.00333	0.01233	0.00947	0.00587	0.01611
65	0.01670	0.01364	0.02269	0.02066	0.02361	0.01517	0.06829	0.02118	0.01843	0.02637	0.02842	0.04135	0.02608	0.07377	0.51175	0.01600	0.02801	0.01181	0.00581	0.01028
66	0.01624	0.02232	0.14020	0.01942	0.02562	0.01445	0.05027	0.02176	0.02355	0.03127	0.09617	0.17212	0.22846	0.02758	0.05606	0.00483	0.01076	0.01938	0.00835	0.01119
67	0.62090	0.02492	0.07510	0.01616	0.02392	0.02455	0.01490	0.03232	0.01904	0.04736	0.01566	0.01829	0.01203	0.01015	0.00714	0.00338	0.00927	0.00614	0.00651	0.01228
68	0.04063	0.02406	0.02749	0.02163	0.02947	0.02517	0.01769	0.26825	0.09490	0.22732	0.03460	0.03263	0.02377	0.01338	0.01068	0.00329	0.01015	0.01051	0.06665	0.01772
69	0.01566	0.01186	0.01499	0.08130	0.02165	0.01189	0.01135	0.01824	0.02131	0.02767	0.10830	0.12085	0.15840	0.25822	0.02972	0.00653	0.00897	0.05611	0.00831	0.00868
70	0.02389	0.02243	0.03631	0.31676	0.25644	0.02523	0.03000	0.03363	0.08301	0.03302	0.02278	0.02962	0.01783	0.01089	0.01088	0.00349	0.01321	0.01001	0.00580	0.01476
71	0.02637	0.08672	0.02659	0.01997	0.02615	0.02584	0.01607	0.10889	0.29445	0.04452	0.10056	0.04818	0.09716	0.01629	0.01103	0.00346	0.00868	0.01334	0.01035	0.01537
72	0.10304	0.13693	0.09290	0.22205	0.11469	0.02705	0.02553	0.03067	0.02211	0.03254	0.01827	0.02392	0.01458	0.00999	0.00930	0.00307	0.01253	0.00799	0.00526	0.08759
73	0.02927	0.03278	0.14911	0.02565	0.03406	0.02912	0.02409	0.16645	0.23548	0.04696	0.03080	0.03111	0.02301	0.01381	0.01356	0.00365	0.07504	0.01041	0.00889	0.01675
74	0.02464	0.02182	0.02905	0.02498	0.02650	0.02875	0.02060	0.08292	0.02155	0.03272	0.01966	0.02804	0.01772	0.02460	0.08910	0.00576	0.40091	0.00988	0.07852	0.01228
75	0.01357	0.00961	0.01257	0.01482	0.01538	0.00905	0.00973	0.01526	0.02032	0.02710	0.05726	0.55032	0.06853	0.09842	0.01850	0.00511	0.00679	0.02933	0.00973	0.00861
76	0.01626	0.01268	0.01883	0.01844	0.02022	0.01526	0.01447	0.02003	0.01746	0.02539	0.02798	0.04127	0.02619	0.07662	0.52933	0.01647	0.07593	0.01151	0.00575	0.00992
77	0.01319	0.01106	0.01146	0.01136	0.01491	0.00933	0.00852	0.01623	0.02556	0.03114	0.16163	0.10216	0.49214	0.02698	0.01288	0.00365	0.00548	0.02262	0.01035	0.00933
78	0.01521	0.01660	0.07778	0.01519	0.01988	0.01180	0.01367	0.02010	0.02645	0.03463	0.22225	0.09024	0.29850	0.02427	0.01282	0.00372	0.00715	0.06930	0.01002	0.01043
79	0.01328	0.00949	0.01265	0.01518	0.01581	0.00886	0.01012	0.01518	0.02088	0.02783	0.06010	0.60969	0.07212	0.03416	0.01392	0.00443	0.00633	0.03100	0.01012	0.00886
80	0.02187	0.05640	0.56031	0.03108	0.04719	0.02532	0.04029	0.03453	0.02302	0.03453	0.01957	0.02302	0.01381	0.01036	0.01036	0.00345	0.01611	0.00806	0.00460	0.01611
81	0.01566	0.01134	0.01578	0.01578	0.01713	0.01268	0.01146	0.01835	0.01701	0.02402	0.03080	0.05166	0.03109	0.24729	0.41332	0.01537	0.02344	0.01297	0.00608	0.00877
82	0.02510	0.01327	0.01746	0.01723	0.02110	0.01263	0.01444	0.02997	0.02647	0.15402	0.08949	0.08209	0.05033	0.02190	0.01232	0.00397	0.00838	0.23080	0.15701	0.01202
83	0.02187	0.05640	0.56031	0.03108	0.04719	0.02532	0.04029	0.03453	0.02302	0.03453	0.01957	0.02302	0.01381	0.01036	0.01036	0.00345	0.01611	0.00806	0.00460	0.01611
84	0.04163	0.04828	0.03028	0.02713	0.03306	0.51160	0.02051	0.04460	0.03093	0.08510	0.01974	0.02159	0.01547	0.01149	0.00996	0.00287	0.01852	0.00746	0.00649	0.01329
85	0.69383	0.02109	0.01603	0.01434	0.02109	0.02446	0.01181	0.03205	0.01856	0.04892	0.01518	0.01771	0.01181	0.01012	0.00675	0.00337	0.00843	0.00590	0.00675	0.01181
86	0.04303	0.02801	0.03116	0.02389	0.03255	0.03006	0.01973	0.41547	0.04703	0.17166	0.02973	0.02849	0.02033	0.01317	0.01092	0.00329	0.01142	0.01006	0.01145	0.01855
87	0.01328	0.00949	0.01265	0.01518	0.01581	0.00886	0.01012	0.01518	0.02088	0.02783	0.06010	0.60969	0.07212	0.03416	0.01392	0.00443	0.00633	0.03100	0.01012	0.00886
88	0.04637	0.02265	0.02784	0.02134	0.02988	0.02210	0.01763	0.21000	0.03806	0.38981	0.03727	0.03338	0.02411	0.01336	0.01095	0.00334	0.01021	0.01057	0.01261	0.01855
89	0.08821	0.02595	0.03060	0.15182	0.04152	0.02895	0.02168	0.31462	0.03983	0.11170	0.02564	0.02738	0.01804	0.01241	0.01059	0.00337	0.01200	0.00961	0.00950	0.01656
90	0.02408	0.01685	0.01933	0.01698	0.02190	0.01711	0.01324	0.08585	0.14490	0.09972	0.23299	0.06595	0.15706	0.01968	0.01204	0.00352	0.00721	0.01665	0.01147	0.01346
91	0.01351	0.01090	0.01202	0.01210	0.01520	0.00941	0.00894	0.01671	0.02578	0.03251	0.20305	0.15439	0.39303	0.02712	0.01299	0.00371	0.00552	0.02313	0.01055	0.00941
92	0.02628	0.02544	0.04180	0.05824	0.43087	0.02760	0.03128	0.03183	0.02298	0.03350	0.01910	0.02628	0.01660	0.01184	0.01646	0.00359	0.14532	0.00968	0.00526	0.01606
93	0.03274	0.02193	0.02797	0.02062	0.02991	0.01937	0.04864	0.12452	0.03025	0.16861	0.02659	0.02727	0.01926	0.01041	0.00963	0.00249	0.00979	0.00862	0.00894	0.35243

[dist]
# distance from previous block
# <min> <max>
0	13

[block]
# block no. 1 follows, 12 sequences, length 14
# corresponding to MSA columns:
# 489-502
name=unknown_B
#
# <colnr> <probs for GDERKNQSTAVLIFYWHMCP>
#	G	D	E	R	K	N	Q	S	T	A	V	L	I	F	Y	W	H	M	C	P
0	0.01642	0.01057	0.01192	0.01183	0.01243	0.01049	0.00710	0.01761	0.01827	0.02598	0.08391	0.06816	0.04419	0.47707	0.04486	0.00879	0.00930	0.01546	0.09819	0.00745
1	0.69383	0.02109	0.01603	0.01434	0.02109	0.02446	0.01181	0.03205	0.01856	0.04892	0.01518	0.01771	0.01181	0.01012	0.00675	0.00337	0.00843	0.00590	0.00675	0.01181
2	0.06847	0.01815	0.02083	0.01652	0.02386	0.01606	0.01306	0.03209	0.09360	0.07461	0.14112	0.03886	0.03830	0.01267	0.00966	0.00254	0.00760	0.01049	0.00882	0.35269
3	0.01928	0.01134	0.01353	0.01320	0.01425	0.01096	0.00816	0.02002	0.01829	0.08320	0.03884	0.14053	0.04260	0.46877	0.04476	0.00891	0.00985	0.01735	0.00787	0.00828
4	0.02659	0.02470	0.02455	0.01849	0.02755	0.09191	0.01466	0.06876	0.02605	0.03701	0.01959	0.02250	0.01606	0.00891	0.00854	0.00191	0.00996	0.00681	0.00670	0.53876
5	0.02187	0.05640	0.56031	0.03108	0.04719	0.02532	0.04029	0.03453	0.02302	0.03453	0.01957	0.02302	0.01381	0.01036	0.01036	0.00345	0.01611	0.00806	0.00460	0.01611
6	0.03777	0.03018	0.10143	0.02378	0.03336	0.02693	0.02152	0.28213	0.07246	0.15963	0.02935	0.02864	0.02040	0.01249	0.01062	0.00320	0.01144	0.00969	0.01022	0.07474
7	0.01328	0.00949	0.01265	0.01518	0.01581	0.00886	0.01012	0.01518	0.02088	0.02783	0.06010	0.60969	0.07212	0.03416	0.01392	0.00443	0.00633	0.03100	0.01012	0.00886
8	0.02715	0.01322	0.01684	0.01462	0.01902	0.01206	0.01142	0.03199	0.02898	0.20368	0.26012	0.05741	0.06046	0.01715	0.01096	0.00319	0.00642	0.01460	0.17787	0.01285
9	0.04641	0.01940	0.02747	0.02483	0.08736	0.01715	0.01802	0.05089	0.03048	0.49685	0.04044	0.03596	0.02588	0.01306	0.01095	0.00336	0.00970	0.01082	0.01257	0.01841
10	0.01521	0.01114	0.01427	0.01348	0.01615	0.01019	0.01011	0.02014	0.03034	0.04247	0.50509	0.08351	0.14161	0.02276	0.01286	0.00345	0.00518	0.02001	0.01184	0.01019
11	0.01662	0.01275	0.01817	0.01795	0.02028	0.01485	0.01396	0.02296	0.06388	0.02715	0.03058	0.04264	0.02780	0.07571	0.52262	0.01627	0.02734	0.01174	0.00632	0.01042
12	0.01515	0.01214	0.01366	0.01309	0.01653	0.01118	0.00987	0.02128	0.07026	0.03671	0.28296	0.08979	0.31906	0.02433	0.01272	0.00358	0.00563	0.02075	0.01098	0.01034
13	0.03887	0.02098	0.03551	0.02650	0.03488	0.01890	0.16054	0.04415	0.02810	0.35061	0.03599	0.03817	0.02514	0.07081	0.01585	0.00416	0.01209	0.01200	0.01047	0.01626

[dist]
# distance from previous block
# <min> <max>
0	3

[block]
# block no. 2 follows, 12 sequences, length 8
# corresponding to MSA columns:
# 506-513
name=unknown_C
#
# <colnr> <probs for GDERKNQSTAVLIFYWHMCP>
#	G	D	E	R	K	N	Q	S	T	A	V	L	I	F	Y	W	H	M	C	P
0	0.02551	0.11730	0.05567	0.13701	0.10909	0.02918	0.30152	0.03322	0.02442	0.03239	0.02039	0.02728	0.01589	0.00956	0.01142	0.00342	0.01612	0.01092	0.00526	0.01443
1	0.59613	0.02070	0.01743	0.01511	0.02211	0.02318	0.01245	0.03525	0.02047	0.12579	0.01940	0.02065	0.01411	0.01063	0.00739	0.00337	0.00856	0.00667	0.00777	0.01283
2	0.01328	0.00949	0.01265	0.01518	0.01581	0.00886	0.01012	0.01518	0.02088	0.02783	0.06010	0.60969	0.07212	0.03416	0.01392	0.00443	0.00633	0.03100	0.01012	0.00886
3	0.03933	0.02051	0.03121	0.08508	0.03652	0.01948	0.08530	0.08256	0.03104	0.34598	0.07683	0.03789	0.02968	0.01330	0.01137	0.00344	0.01099	0.01171	0.01113	0.01665
4	0.01558	0.01168	0.01752	0.01752	0.01947	0.01363	0.01363	0.01947	0.01752	0.02531	0.02921	0.04283	0.02726	0.08178	0.57360	0.01752	0.02921	0.01168	0.00584	0.00974
5	0.01328	0.00949	0.01265	0.01518	0.01581	0.00886	0.01012	0.01518	0.02088	0.02783	0.06010	0.60969	0.07212	0.03416	0.01392	0.00443	0.00633	0.03100	0.01012	0.00886
6	0.02385	0.02385	0.03340	0.02863	0.02863	0.03340	0.02385	0.02624	0.01670	0.02624	0.01431	0.02385	0.01431	0.01908	0.03578	0.00477	0.59685	0.00954	0.00477	0.01193
7	0.09252	0.11845	0.24907	0.02492	0.03652	0.02835	0.02699	0.14673	0.03011	0.11280	0.02325	0.02442	0.01652	0.01125	0.00978	0.00324	0.01294	0.00836	0.00746	0.01632

[dist]
# distance from previous block
# <min> <max>
0	2

[block]
# block no. 3 follows, 12 sequences, length 9
# corresponding to MSA columns:
# 516-524
name=unknown_D
#
# <colnr> <probs for GDERKNQSTAVLIFYWHMCP>
#	G	D	E	R	K	N	Q	S	T	A	V	L	I	F	Y	W	H	M	C	P
0	0.02760	0.03195	0.05536	0.10403	0.05523	0.11581	0.37628	0.03553	0.02613	0.03280	0.02091	0.02779	0.01591	0.00971	0.01215	0.00353	0.01816	0.01156	0.00546	0.01408
1	0.69383	0.02109	0.01603	0.01434	0.02109	0.02446	0.01181	0.03205	0.01856	0.04892	0.01518	0.01771	0.01181	0.01012	0.00675	0.00337	0.00843	0.00590	0.00675	0.01181
2	0.01502	0.01113	0.01400	0.01328	0.01604	0.01011	0.00996	0.01978	0.02989	0.04141	0.47276	0.08526	0.17460	0.02316	0.01286	0.00347	0.00521	0.02025	0.01170	0.01011
3	0.01510	0.01113	0.01412	0.01337	0.01609	0.01015	0.01003	0.01994	0.03009	0.04188	0.48718	0.08448	0.15989	0.02298	0.01286	0.00346	0.00519	0.02014	0.01176	0.01015
4	0.02385	0.02385	0.03340	0.02863	0.02863	0.03340	0.02385	0.02624	0.01670	0.02624	0.01431	0.02385	0.01431	0.01908	0.03578	0.00477	0.59685	0.00954	0.00477	0.01193
5	0.02059	0.01938	0.03270	0.59060	0.07510	0.02422	0.03028	0.02786	0.02180	0.02786	0.01938	0.02907	0.01453	0.01090	0.01090	0.00363	0.01453	0.00969	0.00484	0.01211
6	0.02915	0.62337	0.05714	0.01866	0.02799	0.04314	0.01866	0.03265	0.02215	0.02565	0.01516	0.01749	0.01399	0.00933	0.00700	0.00233	0.01166	0.00583	0.00466	0.01399
7	0.01391	0.01109	0.01247	0.01212	0.01536	0.00964	0.00909	0.01764	0.02728	0.03521	0.28502	0.09546	0.36621	0.02547	0.01288	0.00358	0.00537	0.02168	0.01088	0.00964
8	0.02699	0.02591	0.04426	0.06693	0.54879	0.02591	0.03346	0.03346	0.02483	0.03562	0.02051	0.02699	0.01727	0.00972	0.01079	0.00324	0.01295	0.00972	0.00540	0.01727

[dist]
# distance from previous block
# <min> <max>
0	11

[block]
# block no. 4 follows, 12 sequences, length 9
# corresponding to MSA columns:
# 536-544
name=unknown_E
#
# <colnr> <probs for GDERKNQSTAVLIFYWHMCP>
#	G	D	E	R	K	N	Q	S	T	A	V	L	I	F	Y	W	H	M	C	P
0	0.69383	0.02109	0.01603	0.01434	0.02109	0.02446	0.01181	0.03205	0.01856	0.04892	0.01518	0.01771	0.01181	0.01012	0.00675	0.00337	0.00843	0.00590	0.00675	0.01181
1	0.04892	0.01856	0.02530	0.01940	0.02783	0.01603	0.01603	0.05314	0.03121	0.55634	0.04302	0.03711	0.02699	0.01350	0.01096	0.00337	0.00928	0.01096	0.01350	0.01856
2	0.04073	0.05197	0.03090	0.02809	0.03371	0.57303	0.02107	0.04354	0.03090	0.02669	0.01685	0.01966	0.01404	0.01124	0.00983	0.00281	0.01966	0.00702	0.00562	0.01264
3	0.01295	0.01080	0.01129	0.01169	0.01490	0.00915	0.00857	0.01558	0.02424	0.02920	0.10265	0.18320	0.47114	0.02863	0.01305	0.00380	0.00565	0.02425	0.01012	0.00915
4	0.01328	0.00949	0.01265	0.01518	0.01581	0.00886	0.01012	0.01518	0.02088	0.02783	0.06010	0.60969	0.07212	0.03416	0.01392	0.00443	0.00633	0.03100	0.01012	0.00886
5	0.02945	0.02061	0.02251	0.01989	0.02585	0.02277	0.01557	0.05215	0.37340	0.12403	0.04280	0.04012	0.03148	0.01427	0.01054	0.00347	0.00818	0.01178	0.11477	0.01636
6	0.02712	0.02342	0.02465	0.02219	0.02835	0.02712	0.01726	0.05794	0.52909	0.04561	0.04438	0.04068	0.03328	0.01479	0.01109	0.00370	0.00863	0.01233	0.01109	0.01726
7	0.02599	0.02489	0.04247	0.14812	0.47534	0.02565	0.03297	0.03259	0.02436	0.03442	0.02033	0.02731	0.01685	0.00990	0.01081	0.00330	0.01320	0.00971	0.00531	0.01647
8	0.02568	0.35334	0.29678	0.02457	0.03713	0.03466	0.02896	0.03355	0.02257	0.02988	0.01726	0.02012	0.01391	0.00982	0.00860	0.00287	0.01378	0.00689	0.00464	0.01500

[dist]
# distance from previous block
# <min> <max>
6	195

[block]
# block no. 5 follows, 12 sequences, length 46
# corresponding to MSA columns:
# 754-799
name=unknown_F
#
# <colnr> <probs for GDERKNQSTAVLIFYWHMCP>
#	G	D	E	R	K	N	Q	S	T	A	V	L	I	F	Y	W	H	M	C	P
0	0.01868	0.01357	0.01684	0.01514	0.01848	0.01323	0.01159	0.08204	0.03341	0.04685	0.47845	0.07454	0.09234	0.02114	0.01262	0.00341	0.00600	0.01848	0.01187	0.01132
1	0.02942	0.09794	0.02877	0.02149	0.02826	0.02808	0.01732	0.05433	0.41913	0.09094	0.04060	0.03745	0.03028	0.01399	0.01057	0.00350	0.00907	0.01139	0.01052	0.01697
2	0.03420	0.02308	0.02631	0.02061	0.02894	0.02287	0.01665	0.16694	0.15164	0.15736	0.03209	0.03090	0.02313	0.01213	0.01014	0.00291	0.00949	0.00968	0.01021	0.21073
3	0.04487	0.02157	0.02897	0.02633	0.09398	0.02038	0.01903	0.13111	0.03392	0.40589	0.03726	0.03393	0.02430	0.01295	0.01093	0.00334	0.01021	0.01061	0.01203	0.01839
4	0.10438	0.02669	0.02932	0.02267	0.03114	0.02853	0.01873	0.35364	0.04323	0.18770	0.02932	0.02809	0.02001	0.01291	0.01053	0.00331	0.01099	0.00973	0.01116	0.01792
5	0.02915	0.62337	0.05714	0.01866	0.02799	0.04314	0.01866	0.03265	0.02215	0.02565	0.01516	0.01749	0.01399	0.00933	0.00700	0.00233	0.01166	0.00583	0.00466	0.01399
6	0.01357	0.01107	0.01200	0.01177	0.01515	0.00950	0.00883	0.01698	0.02648	0.03331	0.22733	0.09859	0.42509	0.02618	0.01288	0.00361	0.00542	0.02212	0.01063	0.00950
7	0.01894	0.00947	0.01420	0.01420	0.01420	0.00947	0.00947	0.01420	0.01420	0.01894	0.01894	0.03314	0.01894	0.03788	0.04261	0.68277	0.00947	0.00947	0.00473	0.00473
8	0.04145	0.03054	0.03272	0.02509	0.03381	0.03381	0.02072	0.51243	0.05127	0.06872	0.02618	0.02618	0.01854	0.01309	0.01091	0.00327	0.01200	0.00982	0.01091	0.01854
9	0.01543	0.01115	0.01457	0.01372	0.01629	0.01029	0.01029	0.02058	0.03086	0.04372	0.54304	0.08145	0.10288	0.02229	0.01286	0.00343	0.00514	0.01972	0.01200	0.01029
10	0.61324	0.02077	0.01719	0.01497	0.02193	0.02341	0.01234	0.03469	0.02014	0.11233	0.01866	0.02014	0.01371	0.01054	0.00727	0.00337	0.00854	0.00654	0.00759	0.01265
11	0.02033	0.01016	0.01016	0.01016	0.01270	0.01016	0.00762	0.02541	0.02287	0.04065	0.03557	0.04065	0.02795	0.01270	0.00762	0.00254	0.00508	0.01016	0.67734	0.01016
12	0.01698	0.01315	0.01587	0.01674	0.01898	0.01356	0.01191	0.02645	0.14806	0.03422	0.11655	0.40268	0.06634	0.02788	0.01309	0.00412	0.00675	0.02496	0.01060	0.01112
13	0.02406	0.01316	0.01593	0.01430	0.01897	0.01135	0.01104	0.02747	0.02711	0.18921	0.13920	0.13249	0.28634	0.02337	0.01241	0.00363	0.00668	0.01979	0.01137	0.01211
14	0.01385	0.01098	0.01245	0.01230	0.01537	0.00958	0.00914	0.01743	0.02681	0.03461	0.26652	0.12940	0.35073	0.02608	0.01294	0.00364	0.00544	0.02232	0.01082	0.00958
15	0.02187	0.05640	0.56031	0.03108	0.04719	0.02532	0.04029	0.03453	0.02302	0.03453	0.01957	0.02302	0.01381	0.01036	0.01036	0.00345	0.01611	0.00806	0.00460	0.01611
16	0.01347	0.00963	0.01282	0.01506	0.01586	0.00898	0.01014	0.01565	0.02174	0.02921	0.10181	0.56407	0.07477	0.03313	0.01383	0.00434	0.00622	0.03002	0.01028	0.00898
17	0.01348	0.00978	0.01238	0.01436	0.01531	0.00906	0.00956	0.01530	0.02090	0.02741	0.06398	0.49621	0.12809	0.08790	0.01768	0.00491	0.00662	0.02858	0.00979	0.00869
18	0.02830	0.02589	0.02519	0.02270	0.02882	0.07427	0.01759	0.05670	0.48606	0.04398	0.04200	0.03887	0.03162	0.01449	0.01099	0.00362	0.00958	0.01187	0.01062	0.01686
19	0.53072	0.02271	0.01935	0.01671	0.02369	0.02610	0.01367	0.10530	0.07480	0.05150	0.01974	0.02127	0.01496	0.01103	0.00780	0.00339	0.00898	0.00713	0.00780	0.01335
20	0.03419	0.02784	0.02943	0.02752	0.08180	0.10619	0.02002	0.24399	0.03606	0.08333	0.02616	0.03009	0.02045	0.02904	0.14620	0.00664	0.01717	0.00993	0.00854	0.01543
21	0.02261	0.01938	0.02261	0.01615	0.02584	0.01453	0.01292	0.02745	0.02261	0.03553	0.01938	0.02261	0.01615	0.00807	0.00807	0.00161	0.00807	0.00646	0.00646	0.68346
22	0.02261	0.01938	0.02261	0.01615	0.02584	0.01453	0.01292	0.02745	0.02261	0.03553	0.01938	0.02261	0.01615	0.00807	0.00807	0.00161	0.00807	0.00646	0.00646	0.68346
23	0.01558	0.01168	0.01752	0.01752	0.01947	0.01363	0.01363	0.01947	0.01752	0.02531	0.02921	0.04283	0.02726	0.08178	0.57360	0.01752	0.02921	0.01168	0.00584	0.00974
24	0.01602	0.01096	0.01459	0.01459	0.01544	0.01181	0.00997	0.01729	0.01643	0.02277	0.03064	0.05522	0.03225	0.32704	0.28229	0.07670	0.01867	0.01342	0.00609	0.00781
25	0.02801	0.53420	0.13627	0.02061	0.03101	0.04034	0.02206	0.03295	0.02229	0.02705	0.01585	0.01836	0.01396	0.00949	0.00753	0.00251	0.01236	0.00618	0.00465	0.01433
26	0.01444	0.01031	0.01397	0.01650	0.01764	0.00985	0.01212	0.01717	0.02201	0.02912	0.05946	0.47889	0.06960	0.03307	0.01422	0.00459	0.00732	0.15043	0.01010	0.00917
27	0.02914	0.11630	0.05216	0.03497	0.04429	0.07847	0.30102	0.03607	0.02666	0.08603	0.06502	0.03175	0.02401	0.01090	0.01153	0.00335	0.01552	0.01165	0.00673	0.01444
28	0.02508	0.01930	0.02286	0.01645	0.02603	0.01467	0.01321	0.02986	0.02342	0.08439	0.02160	0.02397	0.01717	0.00858	0.00835	0.00178	0.00819	0.00688	0.00712	0.62108
29	0.01726	0.01233	0.01721	0.01973	0.02210	0.01228	0.01703	0.02205	0.02479	0.03228	0.05790	0.15821	0.06343	0.03041	0.01498	0.00498	0.00977	0.44325	0.01005	0.00995
30	0.03708	0.02630	0.02922	0.02208	0.03104	0.02678	0.01813	0.33424	0.04145	0.10881	0.02603	0.02631	0.01874	0.01177	0.01014	0.00283	0.01066	0.00902	0.00996	0.19942
31	0.04892	0.01856	0.02530	0.01940	0.02783	0.01603	0.01603	0.05314	0.03121	0.55634	0.04302	0.03711	0.02699	0.01350	0.01096	0.00337	0.00928	0.01096	0.01350	0.01856
32	0.01403	0.01002	0.01351	0.01604	0.01700	0.00950	0.01143	0.01648	0.02162	0.02867	0.05968	0.52447	0.07048	0.03345	0.01412	0.00453	0.00698	0.10882	0.01011	0.00906
33	0.01579	0.01083	0.01318	0.01318	0.01363	0.01127	0.00822	0.01668	0.01624	0.02210	0.03317	0.06482	0.03680	0.49416	0.17426	0.01216	0.01484	0.01490	0.00643	0.00732
34	0.03018	0.02906	0.03124	0.35039	0.05677	0.18792	0.02573	0.03572	0.02571	0.09355	0.02158	0.02725	0.01594	0.01133	0.01059	0.00335	0.01542	0.00905	0.00616	0.01308
35	0.01336	0.01120	0.01170	0.01196	0.01552	0.00954	0.00922	0.01635	0.02488	0.02977	0.10514	0.10675	0.49585	0.02787	0.01311	0.00382	0.00598	0.06859	0.01012	0.00929
36	0.01543	0.01115	0.01457	0.01372	0.01629	0.01029	0.01029	0.02058	0.03086	0.04372	0.54304	0.08145	0.10288	0.02229	0.01286	0.00343	0.00514	0.01972	0.01200	0.01029
37	0.02609	0.02437	0.04726	0.24820	0.10099	0.02511	0.24582	0.03388	0.02471	0.08117	0.02290	0.02981	0.01683	0.01027	0.01179	0.00360	0.01565	0.01125	0.00600	0.01431
38	0.02915	0.62337	0.05714	0.01866	0.02799	0.04314	0.01866	0.03265	0.02215	0.02565	0.01516	0.01749	0.01399	0.00933	0.00700	0.00233	0.01166	0.00583	0.00466	0.01399
39	0.02920	0.18007	0.13989	0.02461	0.07003	0.02617	0.02222	0.03770	0.07158	0.11958	0.02467	0.02580	0.01862	0.01049	0.00921	0.00277	0.01118	0.00815	0.00715	0.16092
40	0.02451	0.02279	0.03209	0.02702	0.02961	0.02858	0.06076	0.08629	0.02336	0.03318	0.03018	0.04207	0.07297	0.01943	0.02656	0.00441	0.36212	0.05491	0.00663	0.01253
41	0.02261	0.01938	0.02261	0.01615	0.02584	0.01453	0.01292	0.02745	0.02261	0.03553	0.01938	0.02261	0.01615	0.00807	0.00807	0.00161	0.00807	0.00646	0.00646	0.68346
42	0.02261	0.01938	0.02261	0.01615	0.02584	0.01453	0.01292	0.02745	0.02261	0.03553	0.01938	0.02261	0.01615	0.00807	0.00807	0.00161	0.00807	0.00646	0.00646	0.68346
43	0.01328	0.00949	0.01265	0.01518	0.01581	0.00886	0.01012	0.01518	0.02088	0.02783	0.06010	0.60969	0.07212	0.03416	0.01392	0.00443	0.00633	0.03100	0.01012	0.00886
44	0.02261	0.01938	0.02261	0.01615	0.02584	0.01453	0.01292	0.02745	0.02261	0.03553	0.01938	0.02261	0.01615	0.00807	0.00807	0.00161	0.00807	0.00646	0.00646	0.68346
45	0.02965	0.08055	0.15679	0.07499	0.03645	0.02179	0.02271	0.03822	0.06157	0.16331	0.02673	0.02777	0.01918	0.01083	0.00973	0.00290	0.01126	0.00863	0.00778	0.18916

[dist]
# distance from previous block
# <min> <max>
0	1

[block]
# block no. 6 follows, 12 sequences, length 35
# corresponding to MSA columns:
# 801-835
name=unknown_G
#
# <colnr> <probs for GDERKNQSTAVLIFYWHMCP>
#	G	D	E	R	K	N	Q	S	T	A	V	L	I	F	Y	W	H	M	C	P
0	0.31880	0.21267	0.03417	0.02200	0.07063	0.03202	0.01731	0.11233	0.02567	0.04375	0.01746	0.01985	0.01409	0.01033	0.00787	0.00302	0.01043	0.00686	0.00667	0.01409
1	0.01326	0.01106	0.01156	0.01143	0.01495	0.00936	0.00858	0.01636	0.02573	0.03153	0.17327	0.10152	0.48026	0.02684	0.01288	0.00365	0.00547	0.02253	0.01040	0.00936
2	0.04013	0.02989	0.03198	0.02482	0.03331	0.03320	0.02041	0.47077	0.09507	0.06660	0.02785	0.02751	0.01989	0.01325	0.01092	0.00331	0.01169	0.01005	0.01092	0.01843
3	0.03089	0.07212	0.07360	0.02491	0.08138	0.02279	0.01963	0.10601	0.06720	0.12561	0.02595	0.02696	0.01934	0.01065	0.00956	0.00267	0.01031	0.00854	0.00822	0.25368
4	0.17396	0.02205	0.07689	0.02120	0.02774	0.01920	0.06497	0.07361	0.02545	0.12221	0.03657	0.21864	0.03542	0.01879	0.01113	0.00375	0.00995	0.01625	0.00898	0.01324
5	0.01568	0.01077	0.01436	0.01663	0.01819	0.01045	0.01283	0.01914	0.02275	0.03101	0.05672	0.36013	0.06401	0.03043	0.01375	0.00448	0.00768	0.20520	0.07636	0.00946
6	0.02147	0.07141	0.13218	0.44426	0.06641	0.02584	0.03126	0.02945	0.02205	0.02893	0.01910	0.02708	0.01436	0.01068	0.01051	0.00350	0.01461	0.00910	0.00479	0.01299
7	0.09532	0.56341	0.05304	0.01823	0.02730	0.04128	0.01797	0.03259	0.02180	0.02797	0.01516	0.01751	0.01378	0.00941	0.00697	0.00244	0.01134	0.00584	0.00487	0.01378
8	0.01586	0.01057	0.01189	0.01189	0.01189	0.01057	0.00661	0.01586	0.01586	0.02114	0.03436	0.07135	0.03964	0.61681	0.05550	0.01057	0.01057	0.01586	0.00661	0.00661
9	0.01328	0.00949	0.01265	0.01518	0.01581	0.00886	0.01012	0.01518	0.02088	0.02783	0.06010	0.60969	0.07212	0.03416	0.01392	0.00443	0.00633	0.03100	0.01012	0.00886
10	0.02192	0.01637	0.02043	0.07538	0.02708	0.01739	0.01556	0.15080	0.02947	0.03921	0.04674	0.35695	0.05125	0.02586	0.01290	0.00408	0.00896	0.05795	0.00980	0.01188
11	0.07300	0.01965	0.03375	0.07632	0.11781	0.01935	0.14128	0.02908	0.02366	0.08504	0.03602	0.22482	0.03596	0.01834	0.01209	0.00380	0.01150	0.01753	0.00788	0.01311
12	0.02033	0.01016	0.01016	0.01016	0.01270	0.01016	0.00762	0.02541	0.02287	0.04065	0.03557	0.04065	0.02795	0.01270	0.00762	0.00254	0.00508	0.01016	0.67734	0.01016
13	0.01586	0.01057	0.01189	0.01189	0.01189	0.01057	0.00661	0.01586	0.01586	0.02114	0.03436	0.07135	0.03964	0.61681	0.05550	0.01057	0.01057	0.01586	0.00661	0.00661
14	0.02621	0.02093	0.03725	0.18980	0.12901	0.02132	0.13565	0.03238	0.02458	0.11732	0.03095	0.12854	0.02724	0.01468	0.01186	0.00367	0.01292	0.01425	0.00740	0.01404
15	0.02478	0.02365	0.04027	0.24767	0.38530	0.02533	0.03236	0.03153	0.02378	0.03294	0.02012	0.02771	0.01633	0.01012	0.01083	0.00337	0.01350	0.00971	0.00521	0.01549
16	0.02859	0.57993	0.09569	0.01961	0.02946	0.04178	0.02031	0.03279	0.02222	0.02633	0.01550	0.01791	0.01398	0.00941	0.00725	0.00242	0.01200	0.00600	0.00466	0.01416
17	0.02968	0.01916	0.02333	0.01702	0.02638	0.01494	0.01375	0.03436	0.02492	0.17553	0.02573	0.02651	0.01906	0.00953	0.00885	0.00209	0.00840	0.00767	0.00835	0.50473
18	0.03776	0.02327	0.03359	0.08751	0.20494	0.02331	0.02393	0.12939	0.03197	0.24687	0.03035	0.03103	0.02110	0.01194	0.01089	0.00333	0.01147	0.01023	0.00957	0.01755
19	0.02712	0.11743	0.07819	0.02186	0.02860	0.02110	0.06591	0.03435	0.07453	0.14780	0.04011	0.22074	0.03816	0.01905	0.01145	0.00362	0.01015	0.01680	0.00914	0.01390
20	0.02059	0.01938	0.03270	0.59060	0.07510	0.02422	0.03028	0.02786	0.02180	0.02786	0.01938	0.02907	0.01453	0.01090	0.01090	0.00363	0.01453	0.00969	0.00484	0.01211
21	0.02261	0.01938	0.02261	0.01615	0.02584	0.01453	0.01292	0.02745	0.02261	0.03553	0.01938	0.02261	0.01615	0.00807	0.00807	0.00161	0.00807	0.00646	0.00646	0.68346
22	0.03369	0.17163	0.03514	0.02161	0.02983	0.03143	0.01832	0.19825	0.17211	0.08753	0.02932	0.02864	0.02198	0.01230	0.00980	0.00305	0.01048	0.00938	0.00931	0.06621
23	0.04892	0.01856	0.02530	0.01940	0.02783	0.01603	0.01603	0.05314	0.03121	0.55634	0.04302	0.03711	0.02699	0.01350	0.01096	0.00337	0.00928	0.01096	0.01350	0.01856
24	0.02780	0.02790	0.11763	0.29677	0.10215	0.02559	0.02912	0.12151	0.02858	0.08475	0.02290	0.02810	0.01653	0.01134	0.01081	0.00348	0.01370	0.00957	0.00676	0.01500
25	0.03370	0.08400	0.18444	0.02715	0.03800	0.02503	0.09471	0.07970	0.07455	0.20428	0.02983	0.02984	0.02059	0.01172	0.01074	0.00337	0.01287	0.01002	0.00867	0.01680
26	0.01328	0.00949	0.01265	0.01518	0.01581	0.00886	0.01012	0.01518	0.02088	0.02783	0.06010	0.60969	0.07212	0.03416	0.01392	0.00443	0.00633	0.03100	0.01012	0.00886
27	0.01719	0.01142	0.01565	0.07251	0.02271	0.01106	0.01251	0.01990	0.02222	0.07551	0.05863	0.45901	0.10103	0.02945	0.01327	0.00419	0.00734	0.02642	0.00990	0.01008
28	0.03064	0.07506	0.09107	0.03508	0.09136	0.07184	0.18005	0.12009	0.03015	0.07963	0.02602	0.07140	0.02140	0.01247	0.01134	0.00340	0.01448	0.01182	0.00730	0.01540
29	0.02385	0.02385	0.03340	0.02863	0.02863	0.03340	0.02385	0.02624	0.01670	0.02624	0.01431	0.02385	0.01431	0.01908	0.03578	0.00477	0.59685	0.00954	0.00477	0.01193
30	0.02467	0.03440	0.21211	0.02544	0.03682	0.02274	0.06613	0.06956	0.10618	0.03909	0.02416	0.02648	0.01829	0.01039	0.00995	0.00287	0.01209	0.00873	0.00680	0.24311
31	0.01894	0.00947	0.01420	0.01420	0.01420	0.00947	0.00947	0.01420	0.01420	0.01894	0.01894	0.03314	0.01894	0.03788	0.04261	0.68277	0.00947	0.00947	0.00473	0.00473
32	0.01387	0.01067	0.01276	0.01371	0.01607	0.00957	0.01008	0.01693	0.02452	0.03154	0.15950	0.27313	0.26846	0.02918	0.01343	0.00402	0.00615	0.06664	0.01042	0.00934
33	0.02450	0.02641	0.08783	0.03228	0.08715	0.02432	0.14044	0.04105	0.22034	0.03774	0.03432	0.04419	0.02863	0.06536	0.01556	0.00432	0.01247	0.05003	0.00805	0.01502
34	0.08781	0.17615	0.07544	0.01953	0.02493	0.02491	0.01783	0.02596	0.01924	0.02861	0.02218	0.03058	0.02012	0.04484	0.27997	0.00997	0.06562	0.00911	0.00544	0.01176

[dist]
# distance from previous block
# <min> <max>
0	1155

# created by:
# /st0/software/busco_prod/Augustus/scripts/msa2prfl.pl ./align_prep/2931.fa
