[name]
unknown

[dist]
# distance from previous block
# <min> <max>
0	812

[block]
# block no. 0 follows, 13 sequences, length 28
# corresponding to MSA columns:
# 835-862
name=unknown_A
#
# <colnr> <probs for GDERKNQSTAVLIFYWHMCP>
#	G	D	E	R	K	N	Q	S	T	A	V	L	I	F	Y	W	H	M	C	P
0	0.01966	0.01609	0.02227	0.02029	0.02171	0.02014	0.01604	0.05391	0.01850	0.02679	0.02294	0.03565	0.02196	0.09014	0.28521	0.07056	0.21184	0.01064	0.00561	0.01005
1	0.02031	0.01726	0.03142	0.02456	0.03006	0.01637	0.21128	0.02647	0.02419	0.03628	0.10861	0.10596	0.03819	0.01467	0.01082	0.00323	0.01014	0.01450	0.24421	0.01146
2	0.01359	0.01015	0.01263	0.01328	0.01527	0.00919	0.00948	0.01682	0.02481	0.03322	0.25950	0.29752	0.19122	0.02730	0.01288	0.00376	0.00552	0.02414	0.01051	0.00919
3	0.01317	0.01034	0.01192	0.01236	0.01491	0.00908	0.00895	0.01617	0.02446	0.03139	0.19959	0.23208	0.32350	0.02723	0.01275	0.00370	0.00547	0.02359	0.01024	0.00908
4	0.03430	0.03950	0.02758	0.02499	0.03064	0.36582	0.01898	0.04771	0.23191	0.03310	0.02684	0.02708	0.02096	0.01225	0.01002	0.00306	0.01486	0.00883	0.00754	0.01402
5	0.01538	0.01025	0.01153	0.01153	0.01153	0.01025	0.00641	0.01538	0.01538	0.02050	0.03331	0.06919	0.03844	0.62842	0.05382	0.01025	0.01025	0.01538	0.00641	0.00641
6	0.01521	0.01090	0.01484	0.01484	0.01599	0.01205	0.01054	0.01750	0.01636	0.02295	0.03028	0.05241	0.03116	0.29530	0.37697	0.01434	0.02121	0.01292	0.00596	0.00825
7	0.02253	0.02208	0.03328	0.19858	0.09595	0.02905	0.02590	0.02662	0.01844	0.02684	0.01592	0.02491	0.01424	0.01527	0.02520	0.00415	0.37487	0.00931	0.00471	0.01215
8	0.01386	0.00961	0.01198	0.01347	0.01384	0.00924	0.00847	0.01498	0.01833	0.02444	0.04846	0.40426	0.05754	0.26729	0.02936	0.00664	0.00775	0.02428	0.00847	0.00773
9	0.02446	0.01727	0.02002	0.01783	0.02268	0.01827	0.01384	0.04088	0.26815	0.11204	0.25132	0.05503	0.05886	0.01713	0.01144	0.00344	0.00708	0.01469	0.01142	0.01416
10	0.02706	0.21834	0.08516	0.02083	0.02968	0.02559	0.06174	0.03411	0.06070	0.10260	0.07789	0.02990	0.02603	0.01107	0.00915	0.00267	0.01040	0.00905	0.00723	0.15079
11	0.01314	0.01021	0.01195	0.01263	0.01496	0.00902	0.00905	0.01600	0.02396	0.03086	0.18253	0.27687	0.29520	0.02791	0.01284	0.00377	0.00555	0.02434	0.01019	0.00902
12	0.02564	0.03823	0.29871	0.02836	0.08435	0.02230	0.02847	0.08390	0.02577	0.07516	0.02128	0.02385	0.01562	0.00994	0.00965	0.00288	0.01260	0.00796	0.00621	0.17913
13	0.02678	0.31431	0.07956	0.14129	0.03811	0.12529	0.02187	0.03148	0.02250	0.02607	0.01731	0.02216	0.01480	0.01587	0.05885	0.00396	0.01497	0.00727	0.00481	0.01276
14	0.02504	0.01915	0.02242	0.01664	0.02553	0.01561	0.01331	0.03249	0.08103	0.09072	0.02386	0.02533	0.01860	0.00910	0.00845	0.00197	0.00801	0.00735	0.00747	0.54793
15	0.02525	0.03118	0.13743	0.07131	0.07535	0.07576	0.09035	0.08539	0.02527	0.03442	0.05189	0.02893	0.02086	0.01803	0.06035	0.00461	0.13407	0.00999	0.00598	0.01359
16	0.03347	0.09652	0.24107	0.02532	0.03665	0.02268	0.06918	0.04104	0.02586	0.26170	0.02846	0.02815	0.01910	0.01114	0.01017	0.00322	0.01254	0.00920	0.00823	0.01631
17	0.02110	0.03017	0.23639	0.02221	0.03054	0.01843	0.02347	0.03202	0.09574	0.07041	0.14248	0.10038	0.04489	0.01737	0.01149	0.00362	0.01052	0.06685	0.00842	0.01349
18	0.01544	0.01161	0.01447	0.01422	0.01698	0.01103	0.01090	0.02148	0.06079	0.03836	0.37208	0.11686	0.15653	0.02345	0.01266	0.00361	0.00586	0.07253	0.01099	0.01015
19	0.02448	0.10984	0.37995	0.09246	0.04495	0.10856	0.03309	0.03385	0.02322	0.03076	0.01813	0.02195	0.01352	0.01013	0.00969	0.00316	0.01551	0.00762	0.00464	0.01449
20	0.02983	0.03072	0.15634	0.16861	0.04841	0.06104	0.12816	0.03734	0.02519	0.17248	0.02522	0.02838	0.01748	0.01080	0.01079	0.00337	0.01420	0.00982	0.00704	0.01480
21	0.02334	0.02373	0.03574	0.02964	0.03083	0.03175	0.07909	0.02639	0.01717	0.02639	0.01472	0.02373	0.01412	0.01743	0.03222	0.00451	0.54302	0.00961	0.00471	0.01187
22	0.02073	0.01967	0.03264	0.50967	0.10688	0.02441	0.02905	0.02730	0.02093	0.02746	0.01844	0.02758	0.01428	0.01119	0.01272	0.00359	0.06721	0.00939	0.00473	0.01212
23	0.03331	0.07061	0.14953	0.11460	0.07772	0.02195	0.05767	0.04003	0.02577	0.26079	0.02857	0.02934	0.01938	0.01123	0.01034	0.00327	0.01219	0.00953	0.00829	0.01589
24	0.01690	0.01171	0.01531	0.01487	0.01508	0.01304	0.01007	0.01658	0.01557	0.02144	0.02849	0.08855	0.03155	0.32196	0.09340	0.16931	0.08945	0.01374	0.00591	0.00707
25	0.01344	0.01054	0.01228	0.01322	0.01578	0.00939	0.00995	0.01638	0.02355	0.02958	0.11862	0.23735	0.32650	0.02841	0.01306	0.00393	0.00617	0.09288	0.00993	0.00903
26	0.02833	0.04473	0.42458	0.02706	0.04067	0.02211	0.03268	0.03838	0.02448	0.17906	0.02515	0.02603	0.01686	0.01087	0.01020	0.00333	0.01383	0.00858	0.00680	0.01627
27	0.16630	0.13534	0.07920	0.17142	0.03938	0.02677	0.02108	0.03648	0.11204	0.08178	0.02343	0.02597	0.01760	0.01096	0.00904	0.00321	0.01106	0.00836	0.00681	0.01378

[dist]
# distance from previous block
# <min> <max>
4	52

[block]
# block no. 1 follows, 13 sequences, length 29
# corresponding to MSA columns:
# 915-943
name=unknown_B
#
# <colnr> <probs for GDERKNQSTAVLIFYWHMCP>
#	G	D	E	R	K	N	Q	S	T	A	V	L	I	F	Y	W	H	M	C	P
0	0.70310	0.02045	0.01554	0.01390	0.02045	0.02372	0.01145	0.03108	0.01799	0.04744	0.01472	0.01718	0.01145	0.00981	0.00654	0.00327	0.00818	0.00573	0.00654	0.01145
1	0.01997	0.01879	0.03171	0.60301	0.07282	0.02349	0.02936	0.02701	0.02114	0.02701	0.01879	0.02819	0.01409	0.01057	0.01057	0.00352	0.01409	0.00940	0.00470	0.01175
2	0.01250	0.01071	0.01071	0.01071	0.01428	0.00893	0.00803	0.01517	0.02410	0.02856	0.10711	0.10175	0.55817	0.02678	0.01250	0.00357	0.00536	0.02231	0.00982	0.00893
3	0.01510	0.01133	0.01699	0.01699	0.01888	0.01322	0.01322	0.01888	0.01699	0.02454	0.02832	0.04154	0.02643	0.07930	0.58652	0.01699	0.02832	0.01133	0.00566	0.00944
4	0.01352	0.01058	0.01182	0.01177	0.01442	0.00934	0.00847	0.01642	0.02431	0.03112	0.21321	0.12817	0.34080	0.09829	0.01753	0.00436	0.00590	0.02118	0.00989	0.00888
5	0.03996	0.03654	0.03114	0.02530	0.03275	0.21707	0.02021	0.36564	0.04313	0.05306	0.02237	0.02328	0.01653	0.01209	0.01023	0.00302	0.01411	0.00862	0.00887	0.01607
6	0.02815	0.03968	0.28329	0.02638	0.03765	0.02696	0.02837	0.20689	0.03151	0.04471	0.02084	0.02343	0.01529	0.01139	0.01186	0.00320	0.05811	0.00836	0.00683	0.08711
7	0.02476	0.02796	0.05925	0.04280	0.05238	0.02733	0.47160	0.03299	0.02404	0.03299	0.02060	0.02796	0.01582	0.00992	0.01481	0.00368	0.07975	0.01214	0.00527	0.01398
8	0.70310	0.02045	0.01554	0.01390	0.02045	0.02372	0.01145	0.03108	0.01799	0.04744	0.01472	0.01718	0.01145	0.00981	0.00654	0.00327	0.00818	0.00573	0.00654	0.01145
9	0.01384	0.01096	0.01258	0.01275	0.01586	0.00970	0.00994	0.01746	0.02565	0.03262	0.21555	0.09859	0.36190	0.02582	0.01282	0.00371	0.00594	0.09469	0.01028	0.00932
10	0.03950	0.05039	0.02996	0.02724	0.03269	0.58597	0.02043	0.04222	0.02996	0.02588	0.01634	0.01907	0.01362	0.01090	0.00953	0.00272	0.01907	0.00681	0.00545	0.01226
11	0.03964	0.01677	0.02126	0.01690	0.02361	0.01539	0.01377	0.08134	0.02966	0.39250	0.03856	0.03606	0.02578	0.01286	0.00978	0.00305	0.00814	0.01034	0.18869	0.01587
12	0.02496	0.02852	0.06239	0.04456	0.05526	0.02674	0.52406	0.03387	0.02496	0.03387	0.02139	0.02852	0.01604	0.00891	0.01248	0.00357	0.01783	0.01248	0.00535	0.01426
13	0.01987	0.01195	0.01605	0.01626	0.01885	0.01224	0.01302	0.02377	0.02143	0.08580	0.04048	0.06986	0.03942	0.11155	0.18307	0.00849	0.01436	0.17141	0.11199	0.01013
14	0.48226	0.02350	0.02093	0.01738	0.02456	0.02674	0.01433	0.19636	0.02856	0.05383	0.01827	0.01991	0.01363	0.01077	0.00789	0.00324	0.00933	0.00699	0.00789	0.01363
15	0.70310	0.02045	0.01554	0.01390	0.02045	0.02372	0.01145	0.03108	0.01799	0.04744	0.01472	0.01718	0.01145	0.00981	0.00654	0.00327	0.00818	0.00573	0.00654	0.01145
16	0.02343	0.01990	0.02639	0.14274	0.10451	0.02129	0.01977	0.08505	0.14773	0.03922	0.10333	0.07707	0.03509	0.01428	0.01074	0.00324	0.00973	0.01240	0.00831	0.09578
17	0.24774	0.01846	0.02138	0.12964	0.06553	0.02091	0.01678	0.03189	0.11557	0.03971	0.10588	0.08359	0.03417	0.01446	0.00979	0.00346	0.00896	0.01182	0.00791	0.01234
18	0.02806	0.07352	0.19649	0.10641	0.07826	0.02433	0.07915	0.03897	0.09229	0.13852	0.02657	0.02857	0.01898	0.01104	0.01038	0.00332	0.01290	0.00957	0.00716	0.01551
19	0.02626	0.41482	0.12147	0.02318	0.03177	0.03691	0.05842	0.03106	0.02100	0.02677	0.01562	0.01951	0.01377	0.01069	0.01213	0.00288	0.10857	0.00702	0.00459	0.01357
20	0.26355	0.01813	0.02031	0.01643	0.02359	0.01779	0.01350	0.04247	0.02550	0.35147	0.03212	0.03001	0.02135	0.01193	0.00900	0.00320	0.00838	0.00893	0.06721	0.01513
21	0.02039	0.03184	0.24257	0.08391	0.03647	0.02089	0.02524	0.03395	0.14468	0.03578	0.10463	0.10701	0.03678	0.01550	0.01102	0.00353	0.01114	0.01321	0.00761	0.01384
22	0.12814	0.02147	0.06081	0.05931	0.03059	0.01919	0.01769	0.04652	0.09466	0.35816	0.03519	0.03248	0.02333	0.01244	0.01006	0.00334	0.00960	0.00988	0.01076	0.01637
23	0.01510	0.01133	0.01699	0.01699	0.01888	0.01322	0.01322	0.01888	0.01699	0.02454	0.02832	0.04154	0.02643	0.07930	0.58652	0.01699	0.02832	0.01133	0.00566	0.00944
24	0.03633	0.01667	0.02172	0.01768	0.02410	0.01537	0.01422	0.04376	0.09195	0.36749	0.17767	0.04774	0.04631	0.01549	0.01113	0.00332	0.00786	0.01303	0.01242	0.01573
25	0.02221	0.03390	0.22221	0.18849	0.08700	0.02570	0.13476	0.03080	0.02193	0.03093	0.01887	0.02553	0.01441	0.01093	0.01369	0.00358	0.08691	0.00948	0.00478	0.01389
26	0.01894	0.01086	0.01601	0.01546	0.01546	0.01198	0.01086	0.01518	0.01407	0.01922	0.01783	0.03106	0.01783	0.03454	0.04052	0.60958	0.08140	0.00919	0.00460	0.00543
27	0.01383	0.01026	0.01290	0.01330	0.01537	0.00933	0.00957	0.01736	0.02568	0.03482	0.31110	0.26141	0.17347	0.02634	0.01281	0.00369	0.00543	0.02330	0.01071	0.00933
28	0.02563	0.03740	0.30389	0.03534	0.16085	0.02190	0.03149	0.03444	0.02411	0.11048	0.02691	0.03685	0.02172	0.01264	0.01078	0.00347	0.01325	0.06680	0.00652	0.01552

[dist]
# distance from previous block
# <min> <max>
0	1

[block]
# block no. 2 follows, 13 sequences, length 15
# corresponding to MSA columns:
# 945-959
name=unknown_C
#
# <colnr> <probs for GDERKNQSTAVLIFYWHMCP>
#	G	D	E	R	K	N	Q	S	T	A	V	L	I	F	Y	W	H	M	C	P
0	0.03170	0.02971	0.09707	0.03441	0.08789	0.02701	0.18758	0.18603	0.07169	0.09981	0.02594	0.02832	0.01869	0.01105	0.01115	0.00336	0.01364	0.01060	0.00803	0.01632
1	0.02410	0.11504	0.05175	0.17569	0.05345	0.02857	0.29332	0.03127	0.02289	0.03027	0.01924	0.02635	0.01505	0.01002	0.01275	0.00344	0.05793	0.01049	0.00502	0.01335
2	0.02984	0.01971	0.02355	0.01730	0.02631	0.01636	0.01402	0.08390	0.02675	0.16450	0.02490	0.02561	0.01839	0.00957	0.00878	0.00213	0.00850	0.00763	0.00832	0.46395
3	0.24773	0.02016	0.07534	0.10310	0.03002	0.01827	0.01705	0.02557	0.02029	0.03555	0.03007	0.17792	0.03070	0.01704	0.00995	0.00354	0.00939	0.04914	0.00709	0.07208
4	0.01538	0.01025	0.01153	0.01153	0.01153	0.01025	0.00641	0.01538	0.01538	0.02050	0.03331	0.06919	0.03844	0.62842	0.05382	0.01025	0.01025	0.01538	0.00641	0.00641
5	0.08782	0.03250	0.13387	0.03791	0.16945	0.07533	0.11671	0.07308	0.06123	0.07700	0.02280	0.02605	0.01711	0.01045	0.01037	0.00327	0.01365	0.00940	0.00659	0.01542
6	0.56900	0.10234	0.02173	0.01538	0.02217	0.06543	0.01294	0.03194	0.01928	0.04300	0.01483	0.01728	0.01188	0.00979	0.00678	0.00310	0.00935	0.00579	0.00620	0.01178
7	0.01472	0.01053	0.01433	0.01643	0.01795	0.01013	0.01266	0.01807	0.02284	0.03040	0.10879	0.36911	0.06945	0.03041	0.01382	0.00442	0.00742	0.20936	0.00997	0.00918
8	0.02117	0.01854	0.02873	0.45448	0.05975	0.02233	0.02521	0.07679	0.02359	0.03061	0.02354	0.07570	0.02054	0.05900	0.01405	0.00405	0.01295	0.01142	0.00582	0.01175
9	0.01408	0.01109	0.01454	0.01454	0.01708	0.01154	0.01119	0.01743	0.01977	0.02612	0.05914	0.06509	0.23444	0.05875	0.36198	0.01174	0.01934	0.01563	0.00729	0.00924
10	0.03414	0.02686	0.03028	0.02756	0.08539	0.02985	0.02025	0.32001	0.21101	0.05590	0.03068	0.03014	0.02260	0.01291	0.01063	0.00331	0.01064	0.01032	0.01009	0.01744
11	0.01421	0.01038	0.01335	0.01344	0.01555	0.00953	0.00977	0.01819	0.02692	0.03721	0.38892	0.22110	0.13198	0.02504	0.01274	0.00360	0.00532	0.02222	0.01101	0.00953
12	0.01676	0.01024	0.01536	0.01536	0.01630	0.01117	0.01117	0.01630	0.01536	0.02142	0.02328	0.03678	0.02235	0.05775	0.31055	0.35886	0.01863	0.01024	0.00512	0.00699
13	0.02192	0.01879	0.02192	0.01566	0.02506	0.01409	0.01253	0.02662	0.02192	0.03445	0.01879	0.02192	0.01566	0.00783	0.00783	0.00157	0.00783	0.00626	0.00626	0.69305
14	0.02978	0.01664	0.02087	0.01810	0.02350	0.01637	0.01473	0.09794	0.06467	0.21493	0.12390	0.05982	0.08808	0.02390	0.06320	0.00478	0.01021	0.08371	0.01095	0.01393

[dist]
# distance from previous block
# <min> <max>
0	1

[block]
# block no. 3 follows, 13 sequences, length 23
# corresponding to MSA columns:
# 961-983
name=unknown_D
#
# <colnr> <probs for GDERKNQSTAVLIFYWHMCP>
#	G	D	E	R	K	N	Q	S	T	A	V	L	I	F	Y	W	H	M	C	P
0	0.02670	0.23927	0.21010	0.02384	0.03376	0.07149	0.02506	0.07221	0.02415	0.03202	0.01734	0.02059	0.01410	0.01066	0.01130	0.00289	0.07467	0.00716	0.00524	0.07744
1	0.34829	0.07081	0.15390	0.01960	0.02886	0.02474	0.01977	0.07494	0.02357	0.11774	0.02040	0.02171	0.01466	0.01051	0.00830	0.00321	0.01056	0.00722	0.00716	0.01404
2	0.02345	0.02400	0.03822	0.03058	0.03361	0.02982	0.13251	0.02738	0.01853	0.02795	0.01589	0.02423	0.01448	0.01562	0.02787	0.00417	0.43552	0.00975	0.00490	0.06152
3	0.15300	0.01766	0.02353	0.01928	0.02602	0.01674	0.04903	0.03972	0.02691	0.31858	0.08550	0.04776	0.03457	0.01526	0.01077	0.00352	0.00918	0.07743	0.01082	0.01471
4	0.01912	0.01667	0.02243	0.02017	0.02042	0.02143	0.01547	0.02075	0.01599	0.02345	0.02317	0.04304	0.02486	0.25751	0.11604	0.00842	0.30443	0.01185	0.00544	0.00933
5	0.02192	0.01879	0.02192	0.01566	0.02506	0.01409	0.01253	0.02662	0.02192	0.03445	0.01879	0.02192	0.01566	0.00783	0.00783	0.00157	0.00783	0.00626	0.00626	0.69305
6	0.02469	0.08636	0.04115	0.20696	0.37351	0.02640	0.03012	0.03088	0.02301	0.03149	0.01905	0.02577	0.01570	0.00970	0.01012	0.00315	0.01285	0.00902	0.00501	0.01505
7	0.01288	0.00920	0.01227	0.01472	0.01534	0.00859	0.00981	0.01472	0.02024	0.02699	0.05828	0.62152	0.06993	0.03312	0.01350	0.00429	0.00613	0.03006	0.00981	0.00859
8	0.02686	0.02033	0.03072	0.43386	0.06037	0.02381	0.02604	0.10667	0.02676	0.10824	0.02297	0.02884	0.01636	0.01124	0.01058	0.00344	0.01301	0.00959	0.00676	0.01356
9	0.01288	0.00920	0.01227	0.01472	0.01534	0.00859	0.00981	0.01472	0.02024	0.02699	0.05828	0.62152	0.06993	0.03312	0.01350	0.00429	0.00613	0.03006	0.00981	0.00859
10	0.02372	0.02263	0.03850	0.27705	0.36942	0.02448	0.03123	0.03031	0.02292	0.03157	0.01946	0.02696	0.01570	0.00987	0.01051	0.00329	0.01317	0.00941	0.00502	0.01478
11	0.01616	0.01586	0.06867	0.01779	0.02068	0.01469	0.01503	0.02030	0.01858	0.02678	0.08181	0.04593	0.03353	0.13052	0.37636	0.01277	0.05635	0.01218	0.00620	0.00982
12	0.02491	0.02384	0.04065	0.17378	0.46339	0.02479	0.03182	0.03135	0.02348	0.03302	0.01967	0.02658	0.01621	0.00965	0.01049	0.00322	0.01287	0.00942	0.00513	0.01574
13	0.02192	0.01879	0.02192	0.01566	0.02506	0.01409	0.01253	0.02662	0.02192	0.03445	0.01879	0.02192	0.01566	0.00783	0.00783	0.00157	0.00783	0.00626	0.00626	0.69305
14	0.03652	0.04179	0.03775	0.03089	0.03793	0.38993	0.14877	0.04095	0.02871	0.07848	0.01999	0.02306	0.01541	0.01059	0.01039	0.00299	0.01781	0.00861	0.00613	0.01330
15	0.01288	0.00920	0.01227	0.01472	0.01534	0.00859	0.00981	0.01472	0.02024	0.02699	0.05828	0.62152	0.06993	0.03312	0.01350	0.00429	0.00613	0.03006	0.00981	0.00859
16	0.01347	0.01075	0.01206	0.01173	0.01488	0.00934	0.00880	0.01706	0.02640	0.03402	0.28444	0.09277	0.37744	0.02474	0.01249	0.00347	0.00521	0.02106	0.01054	0.00934
17	0.03165	0.02783	0.04382	0.10494	0.04667	0.02924	0.21995	0.26992	0.03637	0.04874	0.02298	0.02697	0.01673	0.01094	0.01133	0.00337	0.01438	0.01067	0.00778	0.01573
18	0.01357	0.00920	0.01246	0.01460	0.01514	0.00866	0.00974	0.01460	0.01943	0.02591	0.05327	0.54754	0.06346	0.03358	0.01699	0.09066	0.00652	0.02744	0.00916	0.00809
19	0.03710	0.03246	0.24102	0.02328	0.03439	0.01909	0.02481	0.04441	0.02713	0.35834	0.03275	0.03060	0.02113	0.01189	0.01040	0.00330	0.01161	0.00952	0.00969	0.01706
20	0.54794	0.02213	0.01662	0.01538	0.02107	0.07989	0.01217	0.03018	0.01951	0.04264	0.02036	0.09322	0.01901	0.01285	0.00772	0.00334	0.00905	0.00889	0.00684	0.01117
21	0.61816	0.02073	0.01659	0.01486	0.02133	0.02404	0.01211	0.03423	0.08393	0.04704	0.01828	0.01997	0.01406	0.01038	0.00707	0.00331	0.00820	0.00651	0.00707	0.01211
22	0.02126	0.01758	0.02140	0.02074	0.02428	0.02007	0.01703	0.03568	0.22847	0.03683	0.09215	0.07199	0.04731	0.02130	0.01541	0.00419	0.08398	0.19792	0.00967	0.01275

[dist]
# distance from previous block
# <min> <max>
0	1

[block]
# block no. 4 follows, 13 sequences, length 13
# corresponding to MSA columns:
# 985-997
name=unknown_E
#
# <colnr> <probs for GDERKNQSTAVLIFYWHMCP>
#	G	D	E	R	K	N	Q	S	T	A	V	L	I	F	Y	W	H	M	C	P
0	0.10071	0.02014	0.05774	0.01969	0.02399	0.02068	0.01699	0.02879	0.02231	0.13350	0.08286	0.04695	0.14551	0.01807	0.01865	0.00380	0.20643	0.01274	0.00815	0.01231
1	0.01808	0.01232	0.01582	0.01564	0.01900	0.01068	0.01146	0.02098	0.02176	0.07346	0.04782	0.39911	0.05339	0.02547	0.01207	0.00364	0.00703	0.05897	0.00927	0.16404
2	0.02384	0.01873	0.02212	0.01590	0.02520	0.01420	0.01275	0.02850	0.02255	0.07472	0.02052	0.02298	0.01645	0.00823	0.00804	0.00169	0.00792	0.00659	0.00678	0.64228
3	0.01377	0.01038	0.01193	0.01216	0.01418	0.00941	0.00841	0.01623	0.02280	0.02962	0.18422	0.17642	0.25497	0.16256	0.02199	0.00514	0.00651	0.02132	0.00946	0.00854
4	0.02568	0.01957	0.02233	0.01980	0.02482	0.02192	0.01551	0.04549	0.34029	0.09603	0.15702	0.04694	0.04568	0.01613	0.01272	0.00356	0.04746	0.01326	0.01079	0.01499
5	0.02674	0.41154	0.08706	0.05767	0.03162	0.03580	0.02015	0.03704	0.13940	0.03005	0.02170	0.02318	0.01781	0.01042	0.00818	0.00273	0.01116	0.00749	0.00594	0.01433
6	0.02426	0.01913	0.02333	0.07613	0.03031	0.01641	0.01491	0.03171	0.07556	0.07850	0.02313	0.02549	0.01805	0.00920	0.00864	0.00211	0.00862	0.00752	0.00712	0.49987
7	0.03277	0.02796	0.11763	0.02262	0.03083	0.05846	0.06061	0.15088	0.03118	0.16409	0.02917	0.03030	0.02069	0.01183	0.00987	0.00307	0.01118	0.00963	0.16216	0.01507
8	0.04016	0.02728	0.02956	0.06383	0.11465	0.14755	0.02043	0.07810	0.03003	0.29569	0.03006	0.02943	0.02057	0.01184	0.01035	0.00314	0.01232	0.00943	0.00946	0.01612
9	0.02454	0.02124	0.03172	0.47231	0.06378	0.02559	0.02727	0.13999	0.02759	0.03596	0.02028	0.02756	0.01497	0.01105	0.01057	0.00344	0.01354	0.00942	0.00603	0.01315
10	0.15242	0.02102	0.02470	0.01926	0.02724	0.02077	0.01590	0.15564	0.03266	0.37121	0.03364	0.03053	0.02193	0.01247	0.00996	0.00325	0.00946	0.00958	0.01146	0.01693
11	0.02716	0.02271	0.02671	0.02766	0.11626	0.02473	0.01871	0.15188	0.25989	0.04510	0.04564	0.04423	0.11241	0.01518	0.01095	0.00342	0.00932	0.01267	0.00964	0.01574
12	0.02512	0.01984	0.02531	0.14942	0.03677	0.01822	0.01731	0.07936	0.02515	0.07334	0.02106	0.02467	0.01628	0.00931	0.00892	0.00229	0.00971	0.00761	0.00682	0.42349

[dist]
# distance from previous block
# <min> <max>
0	37

[block]
# block no. 5 follows, 13 sequences, length 28
# corresponding to MSA columns:
# 1054-1081
name=unknown_F
#
# <colnr> <probs for GDERKNQSTAVLIFYWHMCP>
#	G	D	E	R	K	N	Q	S	T	A	V	L	I	F	Y	W	H	M	C	P
0	0.03950	0.05039	0.02996	0.02724	0.03269	0.58597	0.02043	0.04222	0.02996	0.02588	0.01634	0.01907	0.01362	0.01090	0.00953	0.00272	0.01907	0.00681	0.00545	0.01226
1	0.27097	0.19038	0.03243	0.01896	0.02690	0.03204	0.01650	0.21779	0.03087	0.04854	0.01873	0.02020	0.01448	0.01069	0.00813	0.00296	0.01033	0.00713	0.00751	0.01448
2	0.01510	0.01133	0.01699	0.01699	0.01888	0.01322	0.01322	0.01888	0.01699	0.02454	0.02832	0.04154	0.02643	0.07930	0.58652	0.01699	0.02832	0.01133	0.00566	0.00944
3	0.02121	0.05469	0.57364	0.03014	0.04576	0.02455	0.03906	0.03348	0.02232	0.03348	0.01897	0.02232	0.01339	0.01005	0.01005	0.00335	0.01563	0.00781	0.00446	0.01563
4	0.01837	0.00918	0.01377	0.01377	0.01377	0.00918	0.00918	0.01377	0.01377	0.01837	0.01837	0.03214	0.01837	0.03673	0.04132	0.69238	0.00918	0.00918	0.00459	0.00459
5	0.02827	0.63478	0.05540	0.01809	0.02714	0.04184	0.01809	0.03166	0.02148	0.02488	0.01470	0.01696	0.01357	0.00905	0.00678	0.00226	0.01131	0.00565	0.00452	0.01357
6	0.03801	0.01591	0.02152	0.01721	0.02374	0.01392	0.01392	0.04236	0.03017	0.41667	0.19128	0.04847	0.04754	0.01556	0.01117	0.00329	0.00783	0.01310	0.01267	0.01567
7	0.70310	0.02045	0.01554	0.01390	0.02045	0.02372	0.01145	0.03108	0.01799	0.04744	0.01472	0.01718	0.01145	0.00981	0.00654	0.00327	0.00818	0.00573	0.00654	0.01145
8	0.02313	0.02313	0.03238	0.02776	0.02776	0.03238	0.02313	0.02545	0.01619	0.02545	0.01388	0.02313	0.01388	0.01851	0.03470	0.00463	0.60907	0.00925	0.00463	0.01157
9	0.01538	0.01025	0.01153	0.01153	0.01153	0.01025	0.00641	0.01538	0.01538	0.02050	0.03331	0.06919	0.03844	0.62842	0.05382	0.01025	0.01025	0.01538	0.00641	0.00641
10	0.02362	0.02460	0.10547	0.13000	0.10135	0.01975	0.09224	0.03051	0.02428	0.07912	0.09294	0.03327	0.02735	0.01122	0.01041	0.00299	0.01163	0.01033	0.00679	0.16213
11	0.50192	0.01728	0.01417	0.01301	0.01817	0.01959	0.01039	0.02836	0.01858	0.04348	0.01931	0.02317	0.01539	0.01241	0.00937	0.05551	0.00755	0.00689	0.15488	0.01058
12	0.04214	0.01911	0.02625	0.02076	0.02716	0.01922	0.01720	0.04584	0.02719	0.45103	0.03564	0.03318	0.02349	0.01427	0.01588	0.00357	0.13991	0.01033	0.01124	0.01659
13	0.06407	0.11318	0.21823	0.02899	0.06828	0.02377	0.11941	0.02901	0.02209	0.03193	0.02722	0.15342	0.02633	0.01468	0.01063	0.00343	0.01274	0.01323	0.00598	0.01336
14	0.02039	0.01879	0.02958	0.47487	0.06240	0.02144	0.02569	0.02693	0.02131	0.02864	0.01879	0.02682	0.01444	0.00997	0.00997	0.00310	0.01273	0.00871	0.00504	0.16039
15	0.02192	0.01879	0.02192	0.01566	0.02506	0.01409	0.01253	0.02662	0.02192	0.03445	0.01879	0.02192	0.01566	0.00783	0.00783	0.00157	0.00783	0.00626	0.00626	0.69305
16	0.02490	0.01475	0.01956	0.06032	0.02496	0.01312	0.01342	0.02925	0.02607	0.17292	0.18715	0.13723	0.05123	0.01739	0.01100	0.00310	0.00751	0.01512	0.01002	0.16098
17	0.02245	0.03926	0.30484	0.03117	0.04400	0.02291	0.17409	0.03210	0.02300	0.03381	0.01964	0.02404	0.01466	0.00923	0.01027	0.00302	0.01456	0.00883	0.00511	0.16302
18	0.02050	0.13633	0.36937	0.02487	0.03618	0.02380	0.02937	0.02910	0.02174	0.03071	0.02687	0.15220	0.02576	0.01492	0.01028	0.00338	0.01287	0.01233	0.00564	0.01377
19	0.02468	0.02581	0.10368	0.02035	0.02644	0.06695	0.01799	0.16969	0.03206	0.04249	0.14001	0.16966	0.07760	0.01922	0.01154	0.00346	0.00997	0.01619	0.00923	0.01297
20	0.01483	0.01002	0.01169	0.01223	0.01236	0.00989	0.00715	0.01523	0.01644	0.02192	0.03876	0.18969	0.04531	0.49854	0.04502	0.00895	0.00935	0.01858	0.00715	0.00688
21	0.02675	0.02129	0.02589	0.23244	0.04198	0.09747	0.02064	0.03109	0.02353	0.13252	0.03112	0.15746	0.02855	0.01670	0.01311	0.00362	0.06219	0.01377	0.00755	0.01233
22	0.02693	0.04668	0.45384	0.02767	0.04167	0.02259	0.03393	0.03742	0.02405	0.15049	0.02394	0.02530	0.01618	0.01071	0.01017	0.00333	0.01418	0.00843	0.00635	0.01614
23	0.02601	0.02398	0.03230	0.02654	0.03355	0.02639	0.12742	0.05131	0.43026	0.04197	0.03831	0.03706	0.02873	0.01316	0.01113	0.00358	0.01043	0.01207	0.00958	0.01620
24	0.02389	0.01884	0.02180	0.01687	0.02405	0.01698	0.01344	0.13390	0.03031	0.04378	0.17646	0.03924	0.04058	0.01289	0.00978	0.00243	0.00784	0.01071	0.00877	0.34745
25	0.07572	0.02276	0.11698	0.01923	0.02606	0.01772	0.01786	0.03564	0.10734	0.15451	0.16828	0.04454	0.04295	0.02228	0.07644	0.00491	0.01117	0.01227	0.00949	0.01384
26	0.20178	0.02262	0.06692	0.01822	0.02562	0.02076	0.01568	0.03783	0.17234	0.07878	0.02644	0.02760	0.02017	0.01294	0.01121	0.05384	0.00892	0.00844	0.00787	0.16202
27	0.03087	0.03741	0.16973	0.02578	0.03272	0.18670	0.02426	0.03566	0.02383	0.11305	0.02064	0.02444	0.01595	0.01459	0.01768	0.05427	0.14457	0.00838	0.00616	0.01332

[dist]
# distance from previous block
# <min> <max>
2	57

[block]
# block no. 6 follows, 13 sequences, length 48
# corresponding to MSA columns:
# 1140-1167,1174-1193
name=unknown_G
#
# <colnr> <probs for GDERKNQSTAVLIFYWHMCP>
#	G	D	E	R	K	N	Q	S	T	A	V	L	I	F	Y	W	H	M	C	P
0	0.03160	0.02817	0.13303	0.10674	0.09564	0.02281	0.09790	0.07414	0.06414	0.19559	0.02833	0.02989	0.01969	0.01128	0.01078	0.00336	0.01266	0.01012	0.00815	0.01598
1	0.29130	0.08661	0.13309	0.08059	0.03410	0.15304	0.02129	0.03371	0.02218	0.03579	0.01634	0.01972	0.01277	0.01012	0.00834	0.00310	0.01298	0.00675	0.00553	0.01266
2	0.02420	0.01441	0.01887	0.05782	0.02413	0.01404	0.01384	0.03149	0.08090	0.16487	0.26945	0.06616	0.09774	0.01907	0.01191	0.00350	0.00737	0.05651	0.01111	0.01260
3	0.02657	0.42975	0.04400	0.01782	0.02602	0.03342	0.01652	0.06543	0.02349	0.02966	0.02057	0.08006	0.01997	0.01158	0.00791	0.00243	0.01026	0.00852	0.00578	0.12024
4	0.02473	0.02217	0.03348	0.04394	0.32744	0.02111	0.02403	0.06535	0.02500	0.03610	0.02392	0.08577	0.02198	0.01166	0.01010	0.00285	0.01060	0.01071	0.00636	0.19269
5	0.02979	0.43743	0.13615	0.02058	0.03058	0.03581	0.02144	0.06826	0.02443	0.08203	0.01876	0.02027	0.01507	0.00986	0.00796	0.00260	0.01182	0.00676	0.00576	0.01464
6	0.02819	0.02247	0.03415	0.14124	0.19211	0.02386	0.06630	0.04145	0.17753	0.11679	0.02993	0.03213	0.02220	0.01159	0.01077	0.00340	0.01151	0.01060	0.00796	0.01581
7	0.02121	0.01798	0.02113	0.01542	0.02411	0.01367	0.01227	0.02594	0.02274	0.03526	0.07371	0.02775	0.02424	0.00924	0.00830	0.00175	0.00754	0.00758	0.00681	0.62334
8	0.01429	0.01524	0.06943	0.01365	0.01805	0.01091	0.01192	0.01880	0.02607	0.03416	0.26383	0.08526	0.33368	0.02317	0.01224	0.00346	0.00627	0.01966	0.00994	0.01000
9	0.01706	0.01265	0.01822	0.07872	0.02667	0.01309	0.01782	0.02195	0.02374	0.03086	0.05234	0.14317	0.05668	0.02756	0.01412	0.00469	0.00994	0.41162	0.00923	0.00987
10	0.01629	0.01193	0.01600	0.01803	0.02065	0.01164	0.01556	0.02080	0.02430	0.03114	0.06438	0.11639	0.14256	0.02881	0.01426	0.00465	0.00902	0.41425	0.00975	0.00960
11	0.01510	0.01133	0.01699	0.01699	0.01888	0.01322	0.01322	0.01888	0.01699	0.02454	0.02832	0.04154	0.02643	0.07930	0.58652	0.01699	0.02832	0.01133	0.00566	0.00944
12	0.01971	0.00985	0.00985	0.00985	0.01232	0.00985	0.00739	0.02464	0.02217	0.03942	0.03449	0.03942	0.02710	0.01232	0.00739	0.00246	0.00493	0.00985	0.68712	0.00985
13	0.02630	0.02271	0.02391	0.02152	0.02749	0.02630	0.01674	0.05618	0.54336	0.04423	0.04303	0.03945	0.03228	0.01434	0.01076	0.00359	0.00837	0.01195	0.01076	0.01674
14	0.70310	0.02045	0.01554	0.01390	0.02045	0.02372	0.01145	0.03108	0.01799	0.04744	0.01472	0.01718	0.01145	0.00981	0.00654	0.00327	0.00818	0.00573	0.00654	0.01145
15	0.70310	0.02045	0.01554	0.01390	0.02045	0.02372	0.01145	0.03108	0.01799	0.04744	0.01472	0.01718	0.01145	0.00981	0.00654	0.00327	0.00818	0.00573	0.00654	0.01145
16	0.01250	0.01071	0.01071	0.01071	0.01428	0.00893	0.00803	0.01517	0.02410	0.02856	0.10711	0.10175	0.55817	0.02678	0.01250	0.00357	0.00536	0.02231	0.00982	0.00893
17	0.01997	0.01879	0.03171	0.60301	0.07282	0.02349	0.02936	0.02701	0.02114	0.02701	0.01879	0.02819	0.01409	0.01057	0.01057	0.00352	0.01409	0.00940	0.00470	0.01175
18	0.01971	0.00985	0.00985	0.00985	0.01232	0.00985	0.00739	0.02464	0.02217	0.03942	0.03449	0.03942	0.02710	0.01232	0.00739	0.00246	0.00493	0.00985	0.68712	0.00985
19	0.02827	0.63478	0.05540	0.01809	0.02714	0.04184	0.01809	0.03166	0.02148	0.02488	0.01470	0.01696	0.01357	0.00905	0.00678	0.00226	0.01131	0.00565	0.00452	0.01357
20	0.01477	0.01080	0.01386	0.01310	0.01568	0.00989	0.00982	0.01957	0.02946	0.04130	0.52102	0.08080	0.13632	0.02203	0.01247	0.00334	0.00502	0.01938	0.01149	0.00989
21	0.01510	0.01133	0.01699	0.01699	0.01888	0.01322	0.01322	0.01888	0.01699	0.02454	0.02832	0.04154	0.02643	0.07930	0.58652	0.01699	0.02832	0.01133	0.00566	0.00944
22	0.14910	0.02811	0.02907	0.02261	0.03076	0.03130	0.01868	0.44570	0.04450	0.06348	0.02363	0.02404	0.01691	0.01222	0.00991	0.00319	0.01107	0.00890	0.00991	0.01691
23	0.02630	0.02271	0.02391	0.02152	0.02749	0.02630	0.01674	0.05618	0.54336	0.04423	0.04303	0.03945	0.03228	0.01434	0.01076	0.00359	0.00837	0.01195	0.01076	0.01674
24	0.01594	0.01188	0.01539	0.01464	0.01584	0.01279	0.01043	0.01857	0.02095	0.02951	0.21874	0.06370	0.05612	0.26103	0.12462	0.00832	0.06939	0.01546	0.00799	0.00869
25	0.01288	0.00920	0.01227	0.01472	0.01534	0.00859	0.00981	0.01472	0.02024	0.02699	0.05828	0.62152	0.06993	0.03312	0.01350	0.00429	0.00613	0.03006	0.00981	0.00859
26	0.02093	0.01978	0.03346	0.51906	0.14921	0.02375	0.02984	0.02786	0.02160	0.02819	0.01896	0.02787	0.01451	0.01039	0.01055	0.00346	0.01386	0.00940	0.00478	0.01253
27	0.02670	0.03333	0.19658	0.09510	0.11809	0.02528	0.14610	0.07014	0.02543	0.08696	0.02199	0.02651	0.01616	0.01080	0.01245	0.00345	0.05385	0.00978	0.00610	0.01520
28	0.02512	0.02617	0.05091	0.09853	0.29199	0.02573	0.25652	0.03266	0.02424	0.03363	0.02049	0.02740	0.01621	0.00928	0.01139	0.00336	0.01509	0.01081	0.00524	0.01521
29	0.70310	0.02045	0.01554	0.01390	0.02045	0.02372	0.01145	0.03108	0.01799	0.04744	0.01472	0.01718	0.01145	0.00981	0.00654	0.00327	0.00818	0.00573	0.00654	0.01145
30	0.01520	0.01096	0.01514	0.01514	0.01638	0.01221	0.01090	0.01769	0.01644	0.02317	0.03002	0.05093	0.03051	0.26577	0.40562	0.01470	0.02218	0.01270	0.00592	0.00841
31	0.03360	0.12621	0.08211	0.03065	0.10812	0.24801	0.02309	0.12050	0.06615	0.03570	0.02020	0.02252	0.01606	0.01088	0.00957	0.00290	0.01474	0.00791	0.00642	0.01464
32	0.03731	0.04624	0.03209	0.03343	0.11972	0.49383	0.02240	0.04061	0.02900	0.02730	0.01693	0.02023	0.01413	0.01065	0.00969	0.00279	0.01800	0.00724	0.00541	0.01300
33	0.01363	0.00978	0.01294	0.01421	0.01550	0.00909	0.00987	0.01660	0.02372	0.03253	0.23743	0.42658	0.08065	0.02899	0.01313	0.00395	0.00572	0.02613	0.01047	0.00909
34	0.01556	0.01136	0.01623	0.01676	0.01850	0.01257	0.01309	0.01905	0.01837	0.02552	0.03506	0.06239	0.03563	0.14595	0.38656	0.01340	0.02172	0.11656	0.00666	0.00908
35	0.02667	0.02236	0.02383	0.02108	0.02700	0.02552	0.01648	0.09874	0.45134	0.04624	0.08551	0.04148	0.03669	0.01481	0.01089	0.00352	0.00839	0.01233	0.01082	0.01627
36	0.01288	0.00920	0.01227	0.01472	0.01534	0.00859	0.00981	0.01472	0.02024	0.02699	0.05828	0.62152	0.06993	0.03312	0.01350	0.00429	0.00613	0.03006	0.00981	0.00859
37	0.02189	0.11094	0.52339	0.02897	0.04396	0.02623	0.03703	0.03331	0.02224	0.03265	0.01856	0.02180	0.01341	0.00995	0.00973	0.00324	0.01521	0.00760	0.00447	0.01543
38	0.70310	0.02045	0.01554	0.01390	0.02045	0.02372	0.01145	0.03108	0.01799	0.04744	0.01472	0.01718	0.01145	0.00981	0.00654	0.00327	0.00818	0.00573	0.00654	0.01145
39	0.70310	0.02045	0.01554	0.01390	0.02045	0.02372	0.01145	0.03108	0.01799	0.04744	0.01472	0.01718	0.01145	0.00981	0.00654	0.00327	0.00818	0.00573	0.00654	0.01145
40	0.01394	0.01077	0.01272	0.01223	0.01517	0.00954	0.00917	0.01797	0.02751	0.03667	0.37058	0.08841	0.28965	0.02375	0.01248	0.00343	0.00514	0.02044	0.01088	0.00954
41	0.02496	0.02852	0.06239	0.04456	0.05526	0.02674	0.52406	0.03387	0.02496	0.03387	0.02139	0.02852	0.01604	0.00891	0.01248	0.00357	0.01783	0.01248	0.00535	0.01426
42	0.04300	0.03436	0.02779	0.02331	0.03023	0.28560	0.01828	0.09327	0.03201	0.26509	0.02819	0.02700	0.01947	0.01202	0.01011	0.00300	0.01399	0.00873	0.00925	0.01529
43	0.01510	0.01133	0.01699	0.01699	0.01888	0.01322	0.01322	0.01888	0.01699	0.02454	0.02832	0.04154	0.02643	0.07930	0.58652	0.01699	0.02832	0.01133	0.00566	0.00944
44	0.01446	0.01007	0.01279	0.01436	0.01505	0.00977	0.00978	0.01614	0.01917	0.02542	0.04893	0.34054	0.05712	0.24638	0.02817	0.00653	0.00820	0.10056	0.00858	0.00799
45	0.02360	0.21033	0.12508	0.25569	0.12978	0.02941	0.02796	0.03025	0.02188	0.02853	0.01776	0.02359	0.01423	0.00985	0.00934	0.00306	0.01326	0.00803	0.00469	0.01366
46	0.02762	0.03526	0.23257	0.03491	0.08840	0.02390	0.18116	0.03847	0.06870	0.12482	0.02565	0.02830	0.01824	0.01052	0.01099	0.00340	0.01431	0.01020	0.00678	0.01580
47	0.08558	0.03307	0.27482	0.02230	0.03105	0.02008	0.02426	0.02927	0.06128	0.03185	0.02462	0.03441	0.02127	0.12091	0.13380	0.00721	0.01607	0.00984	0.00571	0.01261

[dist]
# distance from previous block
# <min> <max>
0	3

[block]
# block no. 7 follows, 13 sequences, length 22
# corresponding to MSA columns:
# 1197-1218
name=unknown_H
#
# <colnr> <probs for GDERKNQSTAVLIFYWHMCP>
#	G	D	E	R	K	N	Q	S	T	A	V	L	I	F	Y	W	H	M	C	P
0	0.39978	0.13201	0.11899	0.01738	0.02553	0.02565	0.01724	0.03050	0.02053	0.04061	0.06913	0.02415	0.02090	0.01089	0.00778	0.00311	0.00970	0.00740	0.00634	0.01240
1	0.28508	0.21128	0.03080	0.02049	0.07578	0.02687	0.01548	0.02901	0.02028	0.03554	0.02096	0.09338	0.02023	0.01227	0.00797	0.00293	0.00931	0.00913	0.00617	0.06706
2	0.02711	0.14515	0.18078	0.02730	0.03679	0.02639	0.13341	0.03416	0.02325	0.10763	0.02287	0.02629	0.01714	0.01109	0.01224	0.00322	0.07194	0.00916	0.06974	0.01434
3	0.07769	0.01877	0.02542	0.06552	0.02750	0.02370	0.01874	0.02604	0.01906	0.08144	0.02762	0.16663	0.02825	0.02016	0.02321	0.00422	0.31363	0.01406	0.00686	0.01150
4	0.01837	0.00918	0.01377	0.01377	0.01377	0.00918	0.00918	0.01377	0.01377	0.01837	0.01837	0.03214	0.01837	0.03673	0.04132	0.69238	0.00918	0.00918	0.00459	0.00459
5	0.02976	0.28091	0.04540	0.03795	0.23393	0.14683	0.02409	0.03413	0.02422	0.02879	0.01703	0.02093	0.01480	0.00957	0.00876	0.00269	0.01338	0.00734	0.00499	0.01452
6	0.42659	0.22624	0.02989	0.01636	0.02364	0.07469	0.01437	0.03216	0.02011	0.03824	0.01484	0.01726	0.01233	0.00965	0.00686	0.00289	0.01009	0.00579	0.00579	0.01222
7	0.03335	0.02745	0.03481	0.02731	0.03329	0.03209	0.06819	0.32173	0.03675	0.05049	0.02136	0.02496	0.01650	0.01418	0.01841	0.00367	0.20194	0.00971	0.00820	0.01560
8	0.01288	0.00920	0.01227	0.01472	0.01534	0.00859	0.00981	0.01472	0.02024	0.02699	0.05828	0.62152	0.06993	0.03312	0.01350	0.00429	0.00613	0.03006	0.00981	0.00859
9	0.01533	0.01044	0.01251	0.01251	0.01285	0.01078	0.00763	0.01600	0.01567	0.02123	0.03242	0.06423	0.03629	0.52992	0.14937	0.01146	0.01349	0.01465	0.00627	0.00695
10	0.01496	0.01081	0.01413	0.01330	0.01580	0.00998	0.00998	0.01995	0.02993	0.04240	0.55689	0.07898	0.09976	0.02162	0.01247	0.00333	0.00499	0.01912	0.01164	0.00998
11	0.01538	0.01025	0.01153	0.01153	0.01153	0.01025	0.00641	0.01538	0.01538	0.02050	0.03331	0.06919	0.03844	0.62842	0.05382	0.01025	0.01025	0.01538	0.00641	0.00641
12	0.02827	0.63478	0.05540	0.01809	0.02714	0.04184	0.01809	0.03166	0.02148	0.02488	0.01470	0.01696	0.01357	0.00905	0.00678	0.00226	0.01131	0.00565	0.00452	0.01357
13	0.27209	0.02683	0.02490	0.02020	0.02766	0.08179	0.01647	0.23917	0.03396	0.12714	0.02309	0.02340	0.01643	0.01157	0.00908	0.00318	0.01079	0.00809	0.00902	0.01514
14	0.01997	0.01879	0.03171	0.60301	0.07282	0.02349	0.02936	0.02701	0.02114	0.02701	0.01879	0.02819	0.01409	0.01057	0.01057	0.00352	0.01409	0.00940	0.00470	0.01175
15	0.01499	0.01071	0.01469	0.01714	0.01868	0.01041	0.01349	0.01837	0.02233	0.02935	0.05711	0.36623	0.06531	0.03113	0.01406	0.00459	0.00796	0.26450	0.00977	0.00917
16	0.04744	0.01799	0.02454	0.01881	0.02699	0.01554	0.01554	0.05153	0.03026	0.56979	0.04171	0.03599	0.02617	0.01309	0.01063	0.00327	0.00900	0.01063	0.01309	0.01799
17	0.01461	0.01132	0.01365	0.01457	0.01757	0.01036	0.01193	0.01841	0.02478	0.03120	0.13062	0.10670	0.30835	0.02727	0.01336	0.00408	0.00712	0.21479	0.00996	0.00936
18	0.02910	0.02296	0.02531	0.09205	0.03302	0.06603	0.01729	0.07107	0.16452	0.11476	0.02879	0.02939	0.02140	0.01122	0.00967	0.00279	0.01007	0.00905	0.00846	0.23306
19	0.13233	0.01886	0.02246	0.07104	0.02926	0.01679	0.01463	0.03308	0.02317	0.15913	0.02345	0.02502	0.01729	0.00960	0.00853	0.00240	0.00874	0.00748	0.00773	0.36900
20	0.12916	0.17536	0.03413	0.02484	0.08071	0.17775	0.01858	0.07193	0.02633	0.07727	0.01902	0.02111	0.01514	0.01016	0.00854	0.00270	0.01256	0.00709	0.00644	0.08118
21	0.30435	0.02278	0.02384	0.02622	0.12369	0.06145	0.01730	0.07820	0.02363	0.04067	0.02775	0.07563	0.06221	0.01398	0.01099	0.00341	0.05376	0.01042	0.00701	0.01272

[dist]
# distance from previous block
# <min> <max>
5	24

[block]
# block no. 8 follows, 13 sequences, length 12
# corresponding to MSA columns:
# 1243-1254
name=unknown_I
#
# <colnr> <probs for GDERKNQSTAVLIFYWHMCP>
#	G	D	E	R	K	N	Q	S	T	A	V	L	I	F	Y	W	H	M	C	P
0	0.02984	0.02053	0.08881	0.01789	0.02540	0.01461	0.01595	0.03334	0.02365	0.22744	0.03363	0.03494	0.05958	0.01691	0.01583	0.13356	0.00930	0.00979	0.00849	0.18052
1	0.04128	0.01663	0.02256	0.01777	0.02487	0.01448	0.01448	0.04554	0.03020	0.46978	0.13940	0.04414	0.04013	0.01470	0.01098	0.00328	0.00824	0.01224	0.01281	0.01647
2	0.16401	0.02019	0.02260	0.01887	0.02593	0.02104	0.01520	0.04936	0.21636	0.27773	0.03708	0.03369	0.02562	0.01293	0.00990	0.00339	0.00861	0.01019	0.01099	0.01629
3	0.15109	0.01346	0.01577	0.01502	0.01872	0.01317	0.01129	0.02637	0.02417	0.14169	0.16938	0.25802	0.05755	0.02192	0.01136	0.00366	0.00680	0.01892	0.01029	0.01133
4	0.02679	0.02433	0.10594	0.09476	0.03489	0.01823	0.01960	0.03506	0.07007	0.13574	0.02533	0.02703	0.01860	0.01009	0.00931	0.00259	0.01007	0.00824	0.00749	0.31587
5	0.01999	0.01836	0.11676	0.01370	0.01866	0.01264	0.01340	0.02631	0.02220	0.03829	0.03155	0.03618	0.02450	0.01189	0.00789	0.00263	0.00696	0.00947	0.55767	0.01095
6	0.02347	0.02111	0.03435	0.02749	0.03257	0.02347	0.15348	0.11254	0.02470	0.03453	0.02353	0.03214	0.02006	0.03858	0.23937	0.00890	0.11988	0.01097	0.00626	0.01258
7	0.01590	0.01035	0.01240	0.01224	0.01461	0.00970	0.00905	0.02032	0.02611	0.03865	0.31226	0.12991	0.11423	0.02065	0.01112	0.00320	0.00513	0.01793	0.20656	0.00970
8	0.01971	0.00985	0.00985	0.00985	0.01232	0.00985	0.00739	0.02464	0.02217	0.03942	0.03449	0.03942	0.02710	0.01232	0.00739	0.00246	0.00493	0.00985	0.68712	0.00985
9	0.48699	0.02450	0.02228	0.02355	0.10322	0.07232	0.01611	0.07657	0.02275	0.04541	0.01658	0.01941	0.01301	0.01010	0.00774	0.00320	0.01006	0.00671	0.00662	0.01289
10	0.08390	0.07271	0.15385	0.02506	0.03514	0.02742	0.06214	0.22676	0.03410	0.13990	0.02499	0.02563	0.01746	0.01142	0.01007	0.00321	0.01227	0.00903	0.00854	0.01640
11	0.07822	0.02557	0.06179	0.02728	0.11789	0.05618	0.01956	0.09337	0.05891	0.12374	0.02442	0.02584	0.01822	0.01036	0.00937	0.00271	0.01050	0.00830	0.00780	0.21995

[dist]
# distance from previous block
# <min> <max>
0	1

[block]
# block no. 9 follows, 13 sequences, length 40
# corresponding to MSA columns:
# 1256-1295
name=unknown_J
#
# <colnr> <probs for GDERKNQSTAVLIFYWHMCP>
#	G	D	E	R	K	N	Q	S	T	A	V	L	I	F	Y	W	H	M	C	P
0	0.04589	0.02048	0.02608	0.01999	0.02823	0.01923	0.01651	0.15329	0.03442	0.46214	0.03822	0.03372	0.02442	0.01300	0.01062	0.00325	0.00956	0.01039	0.01255	0.01799
1	0.02158	0.02032	0.03359	0.02760	0.07691	0.01773	0.16103	0.02769	0.02479	0.03609	0.14143	0.03710	0.03490	0.01140	0.01044	0.00267	0.01047	0.01123	0.00713	0.28591
2	0.01651	0.01305	0.01614	0.01510	0.01924	0.01080	0.01090	0.01950	0.02092	0.02999	0.04243	0.38090	0.04815	0.02297	0.01122	0.00320	0.00681	0.02051	0.00839	0.28327
3	0.02192	0.01879	0.02192	0.01566	0.02506	0.01409	0.01253	0.02662	0.02192	0.03445	0.01879	0.02192	0.01566	0.00783	0.00783	0.00157	0.00783	0.00626	0.00626	0.69305
4	0.02313	0.02313	0.03238	0.02776	0.02776	0.03238	0.02313	0.02545	0.01619	0.02545	0.01388	0.02313	0.01388	0.01851	0.03470	0.00463	0.60907	0.00925	0.00463	0.01157
5	0.01844	0.01591	0.02612	0.25444	0.04384	0.01747	0.06316	0.02455	0.02430	0.03227	0.14531	0.06646	0.04664	0.01840	0.01235	0.00389	0.01115	0.15658	0.00775	0.01097
6	0.03950	0.05039	0.02996	0.02724	0.03269	0.58597	0.02043	0.04222	0.02996	0.02588	0.01634	0.01907	0.01362	0.01090	0.00953	0.00272	0.01907	0.00681	0.00545	0.01226
7	0.01971	0.00985	0.00985	0.00985	0.01232	0.00985	0.00739	0.02464	0.02217	0.03942	0.03449	0.03942	0.02710	0.01232	0.00739	0.00246	0.00493	0.00985	0.68712	0.00985
8	0.03720	0.01831	0.02349	0.01755	0.02621	0.01496	0.01433	0.04153	0.02692	0.35495	0.03251	0.03034	0.02195	0.01098	0.00951	0.00259	0.00853	0.00888	0.01035	0.28890
9	0.03950	0.05039	0.02996	0.02724	0.03269	0.58597	0.02043	0.04222	0.02996	0.02588	0.01634	0.01907	0.01362	0.01090	0.00953	0.00272	0.01907	0.00681	0.00545	0.01226
10	0.01349	0.01075	0.01208	0.01175	0.01489	0.00935	0.00881	0.01709	0.02644	0.03412	0.28761	0.09261	0.37421	0.02471	0.01249	0.00347	0.00521	0.02103	0.01055	0.00935
