[name]
unknown

[dist]
# distance from previous block
# <min> <max>
0	811

[block]
# block no. 0 follows, 15 sequences, length 44
# corresponding to MSA columns:
# 853-896
name=unknown_A
#
# <colnr> <probs for GDERKNQSTAVLIFYWHMCP>
#	G	D	E	R	K	N	Q	S	T	A	V	L	I	F	Y	W	H	M	C	P
0	0.07183	0.02286	0.02677	0.02615	0.10330	0.07935	0.05210	0.17485	0.02866	0.07429	0.02715	0.04132	0.02445	0.12418	0.01730	0.00433	0.01137	0.06930	0.00761	0.01283
1	0.10728	0.13745	0.06397	0.01853	0.02547	0.13500	0.01608	0.09140	0.02604	0.03561	0.11330	0.02841	0.02725	0.01125	0.00856	0.00256	0.01046	0.00837	0.00674	0.12624
2	0.02733	0.09742	0.14012	0.01895	0.02690	0.01901	0.01843	0.03491	0.07773	0.20169	0.03841	0.07349	0.07935	0.01433	0.00988	0.00308	0.00943	0.04149	0.00845	0.05958
3	0.02027	0.01690	0.02491	0.03172	0.21996	0.01674	0.01858	0.02684	0.08732	0.03181	0.09437	0.08330	0.03512	0.01759	0.01423	0.09294	0.00897	0.07151	0.00708	0.07983
4	0.19857	0.03007	0.07903	0.02005	0.02669	0.20668	0.01718	0.03649	0.02372	0.16992	0.02227	0.02383	0.01641	0.01673	0.06705	0.00418	0.01371	0.00757	0.00708	0.01276
5	0.01492	0.01045	0.01272	0.07063	0.01649	0.01088	0.00814	0.01556	0.01503	0.01993	0.03008	0.06148	0.03401	0.58748	0.04678	0.00905	0.01002	0.01395	0.00588	0.00653
6	0.01954	0.01230	0.01509	0.01459	0.01757	0.01171	0.01088	0.07212	0.02464	0.10619	0.11722	0.27457	0.14100	0.06492	0.01439	0.00400	0.00687	0.05242	0.00972	0.01027
7	0.02460	0.01772	0.02315	0.02476	0.12412	0.01817	0.01626	0.08436	0.14926	0.11165	0.23649	0.04710	0.04942	0.01493	0.01066	0.00314	0.00780	0.01297	0.00977	0.01367
8	0.02646	0.59422	0.05109	0.02135	0.08020	0.03791	0.01837	0.02992	0.02049	0.02434	0.01433	0.01684	0.01308	0.00856	0.00673	0.00221	0.01078	0.00568	0.00433	0.01308
9	0.01289	0.00899	0.01135	0.01292	0.01332	0.00860	0.00823	0.01408	0.01762	0.02350	0.04745	0.45903	0.05647	0.22826	0.02484	0.00584	0.00702	0.02393	0.00823	0.00744
10	0.02924	0.01403	0.01969	0.07595	0.02607	0.01319	0.01478	0.03295	0.02438	0.30214	0.04340	0.20109	0.03941	0.01940	0.01132	0.00360	0.00838	0.09786	0.01027	0.01287
11	0.03651	0.01582	0.02102	0.01673	0.02358	0.01360	0.01375	0.04045	0.02700	0.43163	0.07439	0.04449	0.06312	0.01422	0.01025	0.00306	0.00800	0.04830	0.01122	0.08286
12	0.72007	0.01928	0.01465	0.01311	0.01928	0.02236	0.01080	0.02930	0.01697	0.04473	0.01388	0.01619	0.01080	0.00925	0.00617	0.00308	0.00771	0.00540	0.00617	0.01080
13	0.72007	0.01928	0.01465	0.01311	0.01928	0.02236	0.01080	0.02930	0.01697	0.04473	0.01388	0.01619	0.01080	0.00925	0.00617	0.00308	0.00771	0.00540	0.00617	0.01080
14	0.01498	0.01141	0.01395	0.01346	0.01610	0.01109	0.01001	0.02207	0.09524	0.03704	0.39797	0.14492	0.13088	0.02139	0.01168	0.00331	0.00528	0.01879	0.01048	0.00995
15	0.04025	0.02415	0.02758	0.02115	0.02903	0.02532	0.01747	0.38028	0.04056	0.24569	0.02923	0.02737	0.01961	0.01209	0.00999	0.00302	0.01011	0.00934	0.01079	0.01696
16	0.50491	0.01854	0.01735	0.01458	0.02124	0.01991	0.01202	0.03545	0.02065	0.21984	0.02199	0.02185	0.01522	0.01024	0.00740	0.00308	0.00796	0.00687	0.00813	0.01276
17	0.04242	0.02066	0.02542	0.01949	0.02729	0.02014	0.01610	0.21918	0.03472	0.41503	0.03413	0.03056	0.02207	0.01221	0.01001	0.00305	0.00932	0.00967	0.01154	0.01696
18	0.01293	0.00996	0.01181	0.01173	0.01426	0.00884	0.00865	0.01638	0.02485	0.03289	0.32198	0.15538	0.28695	0.02371	0.01189	0.00334	0.00498	0.02055	0.01007	0.00884
19	0.04088	0.02314	0.02696	0.02067	0.02853	0.02382	0.01707	0.33350	0.03887	0.29486	0.03065	0.02830	0.02032	0.01213	0.01000	0.00303	0.00988	0.00943	0.01101	0.01696
20	0.02467	0.02369	0.04046	0.06119	0.58747	0.02369	0.03059	0.03059	0.02270	0.03257	0.01875	0.02467	0.01579	0.00888	0.00987	0.00296	0.01184	0.00888	0.00493	0.01579
21	0.02480	0.02141	0.02254	0.02029	0.02592	0.02480	0.01578	0.05297	0.56946	0.04170	0.04057	0.03719	0.03043	0.01352	0.01014	0.00338	0.00789	0.01127	0.01014	0.01578
22	0.04065	0.01609	0.02167	0.01691	0.02400	0.01392	0.01386	0.04448	0.02814	0.52246	0.07811	0.04050	0.06491	0.01368	0.01025	0.00311	0.00802	0.01124	0.01205	0.01593
23	0.02747	0.01614	0.01956	0.01681	0.02198	0.01627	0.01323	0.03982	0.21093	0.21718	0.22651	0.04898	0.05049	0.01551	0.01066	0.00320	0.00698	0.01320	0.01113	0.01396
24	0.04473	0.01697	0.02313	0.01774	0.02545	0.01465	0.01465	0.04858	0.02853	0.59437	0.03933	0.03393	0.02468	0.01234	0.01003	0.00308	0.00848	0.01003	0.01234	0.01697
25	0.02067	0.01772	0.02067	0.01477	0.02362	0.01329	0.01181	0.02510	0.02067	0.03248	0.01772	0.02067	0.01477	0.00738	0.00738	0.00148	0.00738	0.00591	0.00591	0.71059
26	0.01178	0.01010	0.01010	0.01010	0.01347	0.00842	0.00757	0.01431	0.02272	0.02693	0.10099	0.09594	0.58342	0.02525	0.01178	0.00337	0.00505	0.02104	0.00926	0.00842
27	0.01999	0.05157	0.59800	0.02841	0.04315	0.02315	0.03683	0.03157	0.02105	0.03157	0.01789	0.02105	0.01263	0.00947	0.00947	0.00316	0.01473	0.00737	0.00421	0.01473
28	0.01883	0.01772	0.02990	0.62569	0.06866	0.02215	0.02769	0.02547	0.01993	0.02547	0.01772	0.02658	0.01329	0.00997	0.00997	0.00332	0.01329	0.00886	0.00443	0.01107
29	0.01394	0.01018	0.01309	0.01236	0.01479	0.00933	0.00927	0.01848	0.02781	0.03902	0.54680	0.07605	0.13006	0.02074	0.01176	0.00315	0.00473	0.01825	0.01085	0.00933
30	0.02467	0.02369	0.04046	0.06119	0.58747	0.02369	0.03059	0.03059	0.02270	0.03257	0.01875	0.02467	0.01579	0.00888	0.00987	0.00296	0.01184	0.00888	0.00493	0.01579
31	0.01211	0.00882	0.01142	0.01351	0.01436	0.00813	0.00909	0.01392	0.01945	0.02560	0.05951	0.58890	0.11723	0.03064	0.01263	0.00398	0.00571	0.02762	0.00925	0.00813
32	0.01211	0.00882	0.01142	0.01351	0.01436	0.00813	0.00909	0.01392	0.01945	0.02560	0.05951	0.58890	0.11723	0.03064	0.01263	0.00398	0.00571	0.02762	0.00925	0.00813
33	0.01191	0.00961	0.01060	0.01140	0.01381	0.00831	0.00815	0.01416	0.02147	0.02642	0.08515	0.28419	0.40540	0.02731	0.01211	0.00360	0.00530	0.02355	0.00926	0.00831
34	0.02353	0.02689	0.05882	0.04202	0.05210	0.02521	0.55126	0.03193	0.02353	0.03193	0.02017	0.02689	0.01513	0.00840	0.01176	0.00336	0.01681	0.01176	0.00504	0.01345
35	0.02876	0.02973	0.02436	0.02201	0.02748	0.21112	0.01689	0.04878	0.39703	0.03619	0.03256	0.03107	0.02483	0.01249	0.00978	0.00312	0.01110	0.00973	0.00855	0.01443
36	0.02353	0.02689	0.05882	0.04202	0.05210	0.02521	0.55126	0.03193	0.02353	0.03193	0.02017	0.02689	0.01513	0.00840	0.01176	0.00336	0.01681	0.01176	0.00504	0.01345
37	0.02665	0.65565	0.05224	0.01706	0.02559	0.03945	0.01706	0.02985	0.02026	0.02345	0.01386	0.01599	0.01279	0.00853	0.00640	0.00213	0.01066	0.00533	0.00426	0.01279
38	0.03194	0.02985	0.20680	0.02203	0.03134	0.02069	0.02224	0.16355	0.02970	0.22850	0.03028	0.08777	0.02304	0.01321	0.01010	0.00318	0.01082	0.01074	0.00886	0.01537
39	0.03049	0.03603	0.02437	0.02335	0.02758	0.41906	0.01824	0.03371	0.02656	0.02613	0.02732	0.04808	0.02703	0.01577	0.01051	0.00321	0.01517	0.17016	0.00642	0.01080
40	0.01784	0.01529	0.01730	0.01328	0.02039	0.01174	0.01046	0.02166	0.02133	0.03071	0.04425	0.04465	0.19593	0.01307	0.00878	0.00208	0.00664	0.01073	0.00697	0.48689
41	0.02207	0.02103	0.03577	0.31228	0.35670	0.02300	0.02930	0.02832	0.02147	0.02941	0.01829	0.02552	0.01468	0.00936	0.00991	0.00312	0.01249	0.00887	0.00471	0.01369
42	0.01552	0.01545	0.02562	0.02027	0.02577	0.01377	0.18079	0.01992	0.02298	0.02852	0.07524	0.07394	0.40237	0.01988	0.01178	0.00336	0.00880	0.01808	0.00791	0.01002
43	0.24246	0.01748	0.02257	0.08684	0.16331	0.01879	0.01854	0.02591	0.02067	0.03463	0.03174	0.05069	0.06246	0.01525	0.00989	0.00351	0.00950	0.14761	0.00672	0.01145

[dist]
# distance from previous block
# <min> <max>
0	1

[block]
# block no. 1 follows, 15 sequences, length 60
# corresponding to MSA columns:
# 898-957
name=unknown_B
#
# <colnr> <probs for GDERKNQSTAVLIFYWHMCP>
#	G	D	E	R	K	N	Q	S	T	A	V	L	I	F	Y	W	H	M	C	P
0	0.45376	0.01869	0.02044	0.24575	0.03803	0.02228	0.01721	0.02785	0.01809	0.03741	0.01534	0.02014	0.01174	0.00952	0.00761	0.00317	0.00983	0.00671	0.00551	0.01090
1	0.01701	0.03528	0.37529	0.02289	0.03225	0.01743	0.02636	0.02485	0.02030	0.02925	0.03196	0.25730	0.03287	0.01774	0.01071	0.00350	0.01133	0.01533	0.00613	0.01221
2	0.02401	0.01453	0.01731	0.01472	0.01942	0.01380	0.01162	0.11155	0.02989	0.16024	0.24715	0.06308	0.19496	0.01854	0.01110	0.00316	0.00664	0.01561	0.01065	0.01201
3	0.02819	0.02193	0.07184	0.01774	0.02673	0.01697	0.01558	0.10725	0.02616	0.15542	0.02320	0.02398	0.01699	0.00927	0.00849	0.00218	0.00876	0.00734	0.00771	0.40426
4	0.01968	0.01772	0.02562	0.34261	0.04779	0.01804	0.02033	0.02530	0.02028	0.02872	0.01772	0.02384	0.01397	0.00877	0.00877	0.00247	0.01055	0.00749	0.00511	0.33521
5	0.01424	0.01068	0.01602	0.01602	0.01780	0.01246	0.01246	0.01780	0.01602	0.02314	0.02670	0.03916	0.02492	0.07477	0.61015	0.01602	0.02670	0.01068	0.00534	0.00890
6	0.02557	0.02288	0.03132	0.03941	0.28644	0.02467	0.02285	0.07451	0.28285	0.03881	0.02940	0.03055	0.02279	0.01127	0.01001	0.00316	0.00992	0.01002	0.00772	0.01586
7	0.72007	0.01928	0.01465	0.01311	0.01928	0.02236	0.01080	0.02930	0.01697	0.04473	0.01388	0.01619	0.01080	0.00925	0.00617	0.00308	0.00771	0.00540	0.00617	0.01080
8	0.01178	0.01010	0.01010	0.01010	0.01347	0.00842	0.00757	0.01431	0.02272	0.02693	0.10099	0.09594	0.58342	0.02525	0.01178	0.00337	0.00505	0.02104	0.00926	0.00842
9	0.28368	0.01403	0.01392	0.01270	0.01697	0.01449	0.00997	0.02388	0.02313	0.07269	0.26139	0.05318	0.13234	0.01641	0.00954	0.00315	0.00612	0.01321	0.00897	0.01023
10	0.03137	0.24181	0.11841	0.02333	0.03094	0.34307	0.02110	0.03544	0.02466	0.02514	0.01527	0.01779	0.01280	0.00960	0.00823	0.00251	0.01518	0.00621	0.00472	0.01241
11	0.01858	0.00929	0.00929	0.00929	0.01161	0.00929	0.00697	0.02323	0.02091	0.03717	0.03252	0.03717	0.02555	0.01161	0.00697	0.00232	0.00465	0.00929	0.70499	0.00929
12	0.01450	0.00966	0.01087	0.01087	0.01087	0.00966	0.00604	0.01450	0.01450	0.01933	0.03141	0.06524	0.03624	0.64965	0.05074	0.00966	0.00966	0.01450	0.00604	0.00604
13	0.13603	0.01811	0.01896	0.01696	0.02185	0.02017	0.01325	0.07076	0.28357	0.04302	0.19763	0.04410	0.04545	0.01478	0.00997	0.00323	0.00710	0.01219	0.00973	0.01313
14	0.01883	0.01772	0.02990	0.62569	0.06866	0.02215	0.02769	0.02547	0.01993	0.02547	0.01772	0.02658	0.01329	0.00997	0.00997	0.00332	0.01329	0.00886	0.00443	0.01107
15	0.01725	0.01349	0.01604	0.01482	0.01814	0.01394	0.01128	0.02887	0.18753	0.04048	0.42278	0.06349	0.07533	0.01836	0.01128	0.00321	0.00564	0.01604	0.01073	0.01128
16	0.03156	0.01903	0.02225	0.01795	0.02407	0.01934	0.01449	0.21944	0.06564	0.20188	0.16323	0.04469	0.08174	0.01513	0.01055	0.00310	0.00820	0.01242	0.01082	0.01449
17	0.03569	0.01944	0.02875	0.11608	0.16774	0.01901	0.02067	0.07512	0.02713	0.34088	0.03021	0.02996	0.02037	0.01114	0.00998	0.00308	0.01015	0.00951	0.00925	0.01583
18	0.02040	0.09513	0.50623	0.02593	0.03914	0.02326	0.03279	0.03074	0.02097	0.03141	0.01880	0.02200	0.01372	0.00958	0.00902	0.00301	0.01357	0.00737	0.06279	0.01413
19	0.02219	0.03626	0.26359	0.03685	0.04870	0.02443	0.35590	0.03180	0.02259	0.03180	0.01930	0.02467	0.01418	0.00881	0.01089	0.00328	0.01602	0.01009	0.00473	0.01393
20	0.72007	0.01928	0.01465	0.01311	0.01928	0.02236	0.01080	0.02930	0.01697	0.04473	0.01388	0.01619	0.01080	0.00925	0.00617	0.00308	0.00771	0.00540	0.00617	0.01080
21	0.01388	0.01021	0.01209	0.01225	0.01417	0.00953	0.00891	0.01651	0.02165	0.02840	0.19497	0.08369	0.20917	0.21476	0.02397	0.00542	0.00702	0.09665	0.00870	0.00806
22	0.48743	0.01780	0.01657	0.01436	0.02046	0.01919	0.01166	0.03297	0.02011	0.18429	0.02385	0.07316	0.01897	0.01188	0.00771	0.00317	0.00775	0.00850	0.00801	0.01216
23	0.03790	0.02792	0.02992	0.02294	0.03091	0.03091	0.01895	0.55423	0.04687	0.06283	0.02393	0.02393	0.01695	0.01197	0.00997	0.00299	0.01097	0.00898	0.00997	0.01695
24	0.01360	0.00929	0.01114	0.01202	0.01223	0.00907	0.00726	0.01426	0.01624	0.02165	0.04035	0.28471	0.04752	0.41479	0.03630	0.00753	0.00819	0.01975	0.00726	0.00682
25	0.01732	0.00866	0.01299	0.01299	0.01299	0.00866	0.00866	0.01299	0.01299	0.01732	0.01732	0.03030	0.01732	0.03463	0.03896	0.70996	0.00866	0.00866	0.00433	0.00433
26	0.01883	0.01772	0.02990	0.62569	0.06866	0.02215	0.02769	0.02547	0.01993	0.02547	0.01772	0.02658	0.01329	0.00997	0.00997	0.00332	0.01329	0.00886	0.00443	0.01107
27	0.72007	0.01928	0.01465	0.01311	0.01928	0.02236	0.01080	0.02930	0.01697	0.04473	0.01388	0.01619	0.01080	0.00925	0.00617	0.00308	0.00771	0.00540	0.00617	0.01080
28	0.03724	0.04751	0.02825	0.02568	0.03082	0.60963	0.01926	0.03981	0.02825	0.02440	0.01541	0.01798	0.01284	0.01027	0.00899	0.00257	0.01798	0.00642	0.00514	0.01156
29	0.01882	0.01526	0.01749	0.01756	0.02083	0.01669	0.01327	0.03387	0.28946	0.03395	0.04764	0.28205	0.04749	0.02210	0.01158	0.00379	0.00723	0.07924	0.00968	0.01199
30	0.04473	0.01697	0.02313	0.01774	0.02545	0.01465	0.01465	0.04858	0.02853	0.59437	0.03933	0.03393	0.02468	0.01234	0.01003	0.00308	0.00848	0.01003	0.01234	0.01697
31	0.03724	0.04751	0.02825	0.02568	0.03082	0.60963	0.01926	0.03981	0.02825	0.02440	0.01541	0.01798	0.01284	0.01027	0.00899	0.00257	0.01798	0.00642	0.00514	0.01156
32	0.01344	0.01016	0.01239	0.01184	0.01448	0.00912	0.00888	0.01751	0.02663	0.03621	0.44333	0.08066	0.23529	0.02178	0.01176	0.00320	0.00480	0.01890	0.01048	0.00912
33	0.01291	0.01002	0.01175	0.01157	0.01422	0.00886	0.00858	0.01640	0.02502	0.03298	0.32475	0.13152	0.30870	0.02345	0.01185	0.00331	0.00495	0.02023	0.01007	0.00886
34	0.01883	0.01772	0.02990	0.62569	0.06866	0.02215	0.02769	0.02547	0.01993	0.02547	0.01772	0.02658	0.01329	0.00997	0.00997	0.00332	0.01329	0.00886	0.00443	0.01107
35	0.01424	0.01068	0.01602	0.01602	0.01780	0.01246	0.01246	0.01780	0.01602	0.02314	0.02670	0.03916	0.02492	0.07477	0.61015	0.01602	0.02670	0.01068	0.00534	0.00890
36	0.01450	0.00966	0.01087	0.01087	0.01087	0.00966	0.00604	0.01450	0.01450	0.01933	0.03141	0.06524	0.03624	0.64965	0.05074	0.00966	0.00966	0.01450	0.00604	0.00604
37	0.02067	0.01772	0.02067	0.01477	0.02362	0.01329	0.01181	0.02510	0.02067	0.03248	0.01772	0.02067	0.01477	0.00738	0.00738	0.00148	0.00738	0.00591	0.00591	0.71059
38	0.02480	0.02141	0.02254	0.02029	0.02592	0.02480	0.01578	0.05297	0.56946	0.04170	0.04057	0.03719	0.03043	0.01352	0.01014	0.00338	0.00789	0.01127	0.01014	0.01578
39	0.02353	0.02689	0.05882	0.04202	0.05210	0.02521	0.55126	0.03193	0.02353	0.03193	0.02017	0.02689	0.01513	0.00840	0.01176	0.00336	0.01681	0.01176	0.00504	0.01345
40	0.04473	0.01697	0.02313	0.01774	0.02545	0.01465	0.01465	0.04858	0.02853	0.59437	0.03933	0.03393	0.02468	0.01234	0.01003	0.00308	0.00848	0.01003	0.01234	0.01697
41	0.01360	0.00929	0.01114	0.01202	0.01223	0.00907	0.00726	0.01426	0.01624	0.02165	0.04035	0.28471	0.04752	0.41479	0.03630	0.00753	0.00819	0.01975	0.00726	0.00682
42	0.03724	0.04751	0.02825	0.02568	0.03082	0.60963	0.01926	0.03981	0.02825	0.02440	0.01541	0.01798	0.01284	0.01027	0.00899	0.00257	0.01798	0.00642	0.00514	0.01156
43	0.01450	0.00966	0.01087	0.01087	0.01087	0.00966	0.00604	0.01450	0.01450	0.01933	0.03141	0.06524	0.03624	0.64965	0.05074	0.00966	0.00966	0.01450	0.00604	0.00604
44	0.04473	0.01697	0.02313	0.01774	0.02545	0.01465	0.01465	0.04858	0.02853	0.59437	0.03933	0.03393	0.02468	0.01234	0.01003	0.00308	0.00848	0.01003	0.01234	0.01697
45	0.01450	0.00966	0.01087	0.01087	0.01087	0.00966	0.00604	0.01450	0.01450	0.01933	0.03141	0.06524	0.03624	0.64965	0.05074	0.00966	0.00966	0.01450	0.00604	0.00604
46	0.02467	0.02369	0.04046	0.06119	0.58747	0.02369	0.03059	0.03059	0.02270	0.03257	0.01875	0.02467	0.01579	0.00888	0.00987	0.00296	0.01184	0.00888	0.00493	0.01579
47	0.02665	0.65565	0.05224	0.01706	0.02559	0.03945	0.01706	0.02985	0.02026	0.02345	0.01386	0.01599	0.01279	0.00853	0.00640	0.00213	0.01066	0.00533	0.00426	0.01279
48	0.02386	0.02117	0.02726	0.03196	0.19052	0.02342	0.01986	0.04338	0.36124	0.03743	0.03297	0.03368	0.02565	0.01739	0.06131	0.00434	0.01066	0.01052	0.00820	0.01519
49	0.01281	0.00993	0.01039	0.01039	0.01248	0.00889	0.00699	0.01438	0.01960	0.02404	0.07456	0.08428	0.37562	0.26238	0.02658	0.00576	0.00680	0.01855	0.00804	0.00751
50	0.02467	0.02369	0.04046	0.06119	0.58747	0.02369	0.03059	0.03059	0.02270	0.03257	0.01875	0.02467	0.01579	0.00888	0.00987	0.00296	0.01184	0.00888	0.00493	0.01579
51	0.27602	0.05997	0.05919	0.19932	0.08500	0.02243	0.01992	0.03115	0.02039	0.11269	0.01922	0.02273	0.01413	0.00983	0.00835	0.00309	0.01041	0.00747	0.00618	0.01252
52	0.01383	0.00999	0.01343	0.01557	0.01709	0.00959	0.01211	0.01686	0.02101	0.02746	0.05712	0.37507	0.09721	0.02922	0.01312	0.00424	0.00721	0.24206	0.00922	0.00859
53	0.01450	0.00966	0.01087	0.01087	0.01087	0.00966	0.00604	0.01450	0.01450	0.01933	0.03141	0.06524	0.03624	0.64965	0.05074	0.00966	0.00966	0.01450	0.00604	0.00604
54	0.28628	0.01831	0.01839	0.01414	0.02197	0.01674	0.01143	0.02670	0.01926	0.03713	0.01626	0.01897	0.01326	0.00809	0.00692	0.00209	0.00751	0.00571	0.00601	0.44483
55	0.02286	0.01841	0.02501	0.13409	0.11581	0.02035	0.01897	0.14480	0.05919	0.03514	0.02704	0.04130	0.02445	0.11749	0.10285	0.00609	0.01325	0.05384	0.00690	0.01218
56	0.02190	0.02263	0.02171	0.02272	0.07029	0.18920	0.01601	0.02537	0.02019	0.02432	0.02270	0.03169	0.02059	0.05015	0.38192	0.01095	0.02286	0.00927	0.00525	0.01027
57	0.03265	0.03286	0.03337	0.03838	0.24225	0.22141	0.02348	0.18360	0.03147	0.03850	0.01912	0.02223	0.01514	0.01023	0.00960	0.00284	0.01364	0.00809	0.00644	0.01471
58	0.02510	0.26126	0.03382	0.01666	0.02528	0.02543	0.01470	0.09309	0.02379	0.03285	0.01703	0.01930	0.01429	0.00839	0.00733	0.00192	0.00908	0.00607	0.00579	0.35883
59	0.02418	0.02319	0.03958	0.10838	0.54410	0.02356	0.03035	0.03017	0.02247	0.03198	0.01867	0.02483	0.01558	0.00897	0.00988	0.00299	0.01196	0.00888	0.00489	0.01540

[dist]
# distance from previous block
# <min> <max>
0	1

[block]
# block no. 2 follows, 15 sequences, length 40
# corresponding to MSA columns:
# 959-998
name=unknown_C
#
# <colnr> <probs for GDERKNQSTAVLIFYWHMCP>
#	G	D	E	R	K	N	Q	S	T	A	V	L	I	F	Y	W	H	M	C	P
0	0.09253	0.29535	0.21053	0.02029	0.03035	0.02836	0.02209	0.03373	0.02170	0.13165	0.01972	0.02082	0.01472	0.00958	0.00798	0.00271	0.01124	0.00681	0.00589	0.01396
1	0.01439	0.01007	0.01293	0.01293	0.01364	0.01078	0.00860	0.01582	0.01511	0.02085	0.02953	0.05482	0.03172	0.42006	0.27415	0.01220	0.01647	0.01297	0.00576	0.00718
2	0.01924	0.00945	0.01383	0.01333	0.01414	0.00920	0.00920	0.01631	0.01549	0.06527	0.06576	0.03424	0.02425	0.03167	0.03440	0.59509	0.00832	0.00954	0.00552	0.00576
3	0.02300	0.02041	0.03005	0.07186	0.27341	0.01933	0.02183	0.06118	0.02342	0.03382	0.02184	0.03154	0.01924	0.01037	0.00939	0.00262	0.01008	0.05554	0.00596	0.25515
4	0.01562	0.00926	0.01172	0.01172	0.01172	0.00926	0.00709	0.01389	0.01389	0.01853	0.02578	0.05129	0.02868	0.40403	0.04604	0.28934	0.00926	0.01217	0.00536	0.00536
5	0.01450	0.00966	0.01087	0.01087	0.01087	0.00966	0.00604	0.01450	0.01450	0.01933	0.03141	0.06524	0.03624	0.64965	0.05074	0.00966	0.00966	0.01450	0.00604	0.00604
6	0.08263	0.01626	0.02150	0.01754	0.02432	0.01464	0.01463	0.04303	0.02694	0.47211	0.03983	0.04503	0.02889	0.01451	0.01037	0.00332	0.00854	0.08910	0.01146	0.01537
7	0.29728	0.01512	0.01492	0.01366	0.01792	0.01636	0.01070	0.02695	0.08620	0.04207	0.29271	0.04689	0.05346	0.01515	0.00934	0.00314	0.00627	0.01220	0.00896	0.01070
8	0.03724	0.04751	0.02825	0.02568	0.03082	0.60963	0.01926	0.03981	0.02825	0.02440	0.01541	0.01798	0.01284	0.01027	0.00899	0.00257	0.01798	0.00642	0.00514	0.01156
9	0.01480	0.01057	0.01462	0.01692	0.01866	0.01039	0.01387	0.01847	0.02171	0.02842	0.05348	0.28333	0.06013	0.02873	0.01343	0.00442	0.00809	0.36194	0.00920	0.00883
10	0.04473	0.01697	0.02313	0.01774	0.02545	0.01465	0.01465	0.04858	0.02853	0.59437	0.03933	0.03393	0.02468	0.01234	0.01003	0.00308	0.00848	0.01003	0.01234	0.01697
11	0.03790	0.02792	0.02992	0.02294	0.03091	0.03091	0.01895	0.55423	0.04687	0.06283	0.02393	0.02393	0.01695	0.01197	0.00997	0.00299	0.01097	0.00898	0.00997	0.01695
12	0.72007	0.01928	0.01465	0.01311	0.01928	0.02236	0.01080	0.02930	0.01697	0.04473	0.01388	0.01619	0.01080	0.00925	0.00617	0.00308	0.00771	0.00540	0.00617	0.01080
13	0.72007	0.01928	0.01465	0.01311	0.01928	0.02236	0.01080	0.02930	0.01697	0.04473	0.01388	0.01619	0.01080	0.00925	0.00617	0.00308	0.00771	0.00540	0.00617	0.01080
14	0.02316	0.01188	0.01618	0.01609	0.01927	0.01090	0.01247	0.02620	0.02289	0.20335	0.04960	0.33418	0.05118	0.02452	0.01212	0.00387	0.00739	0.13346	0.01020	0.01110
15	0.04473	0.01697	0.02313	0.01774	0.02545	0.01465	0.01465	0.04858	0.02853	0.59437	0.03933	0.03393	0.02468	0.01234	0.01003	0.00308	0.00848	0.01003	0.01234	0.01697
16	0.72007	0.01928	0.01465	0.01311	0.01928	0.02236	0.01080	0.02930	0.01697	0.04473	0.01388	0.01619	0.01080	0.00925	0.00617	0.00308	0.00771	0.00540	0.00617	0.01080
17	0.04473	0.01697	0.02313	0.01774	0.02545	0.01465	0.01465	0.04858	0.02853	0.59437	0.03933	0.03393	0.02468	0.01234	0.01003	0.00308	0.00848	0.01003	0.01234	0.01697
18	0.43855	0.01557	0.01375	0.01258	0.01722	0.01718	0.01001	0.02553	0.02078	0.04257	0.18961	0.03599	0.03766	0.01288	0.00795	0.00303	0.00650	0.00963	0.07278	0.01023
19	0.03790	0.02792	0.02992	0.02294	0.03091	0.03091	0.01895	0.55423	0.04687	0.06283	0.02393	0.02393	0.01695	0.01197	0.00997	0.00299	0.01097	0.00898	0.00997	0.01695
20	0.01215	0.00868	0.01157	0.01388	0.01446	0.00810	0.00925	0.01388	0.01909	0.02545	0.05495	0.64315	0.06593	0.03123	0.01272	0.00405	0.00578	0.02834	0.00925	0.00810
21	0.02077	0.01383	0.01661	0.01598	0.01875	0.01400	0.01160	0.14112	0.02578	0.07653	0.04442	0.40046	0.04876	0.08301	0.01543	0.00426	0.00755	0.02120	0.00935	0.01062
22	0.01283	0.00997	0.01061	0.01055	0.01276	0.00889	0.00724	0.01474	0.02057	0.02560	0.11872	0.08444	0.36967	0.22261	0.02412	0.00534	0.00648	0.01872	0.00838	0.00775
23	0.01411	0.01019	0.01333	0.01254	0.01489	0.00941	0.00941	0.01881	0.02822	0.03998	0.58221	0.07447	0.09406	0.02038	0.01176	0.00314	0.00470	0.01803	0.01097	0.00941
24	0.01424	0.01068	0.01602	0.01602	0.01780	0.01246	0.01246	0.01780	0.01602	0.02314	0.02670	0.03916	0.02492	0.07477	0.61015	0.01602	0.02670	0.01068	0.00534	0.00890
25	0.02755	0.02179	0.02436	0.01803	0.02654	0.02033	0.01466	0.23642	0.03113	0.04460	0.02020	0.02197	0.01564	0.00921	0.00842	0.00208	0.00882	0.00713	0.00753	0.43358
26	0.01215	0.00868	0.01157	0.01388	0.01446	0.00810	0.00925	0.01388	0.01909	0.02545	0.05495	0.64315	0.06593	0.03123	0.01272	0.00405	0.00578	0.02834	0.00925	0.00810
27	0.02665	0.65565	0.05224	0.01706	0.02559	0.03945	0.01706	0.02985	0.02026	0.02345	0.01386	0.01599	0.01279	0.00853	0.00640	0.00213	0.01066	0.00533	0.00426	0.01279
28	0.01439	0.01007	0.01293	0.01293	0.01364	0.01078	0.00860	0.01582	0.01511	0.02085	0.02953	0.05482	0.03172	0.42006	0.27415	0.01220	0.01647	0.01297	0.00576	0.00718
29	0.04473	0.01697	0.02313	0.01774	0.02545	0.01465	0.01465	0.04858	0.02853	0.59437	0.03933	0.03393	0.02468	0.01234	0.01003	0.00308	0.00848	0.01003	0.01234	0.01697
30	0.01883	0.01772	0.02990	0.62569	0.06866	0.02215	0.02769	0.02547	0.01993	0.02547	0.01772	0.02658	0.01329	0.00997	0.00997	0.00332	0.01329	0.00886	0.00443	0.01107
31	0.02480	0.02141	0.02254	0.02029	0.02592	0.02480	0.01578	0.05297	0.56946	0.04170	0.04057	0.03719	0.03043	0.01352	0.01014	0.00338	0.00789	0.01127	0.01014	0.01578
32	0.01883	0.01772	0.02990	0.62569	0.06866	0.02215	0.02769	0.02547	0.01993	0.02547	0.01772	0.02658	0.01329	0.00997	0.00997	0.00332	0.01329	0.00886	0.00443	0.01107
33	0.01215	0.00868	0.01157	0.01388	0.01446	0.00810	0.00925	0.01388	0.01909	0.02545	0.05495	0.64315	0.06593	0.03123	0.01272	0.00405	0.00578	0.02834	0.00925	0.00810
34	0.09477	0.01714	0.02251	0.01739	0.02499	0.01522	0.01437	0.04715	0.02768	0.55364	0.03744	0.03262	0.02365	0.01211	0.00974	0.00308	0.00843	0.00968	0.01188	0.01651
35	0.04174	0.02916	0.02518	0.02091	0.02759	0.25227	0.01649	0.04508	0.02842	0.36674	0.02978	0.02756	0.01995	0.01151	0.00961	0.00288	0.01227	0.00859	0.00946	0.01481
36	0.02665	0.65565	0.05224	0.01706	0.02559	0.03945	0.01706	0.02985	0.02026	0.02345	0.01386	0.01599	0.01279	0.00853	0.00640	0.00213	0.01066	0.00533	0.00426	0.01279
37	0.02555	0.01381	0.01774	0.01520	0.01959	0.01292	0.01189	0.07747	0.02938	0.21076	0.32489	0.09949	0.06355	0.01794	0.01113	0.00317	0.00652	0.01550	0.01117	0.01233
38	0.44235	0.02104	0.02496	0.03231	0.24619	0.02289	0.01870	0.02982	0.01926	0.03987	0.01583	0.01958	0.01279	0.00911	0.00765	0.00304	0.00936	0.00679	0.00568	0.01279
39	0.03528	0.02813	0.03073	0.02795	0.10360	0.06442	0.02029	0.42228	0.07622	0.05518	0.02381	0.02453	0.01742	0.01156	0.00991	0.00299	0.01131	0.00896	0.00903	0.01640

[dist]
# distance from previous block
# <min> <max>
1	5

[block]
# block no. 3 follows, 15 sequences, length 53
# corresponding to MSA columns:
# 1004-1056
name=unknown_D
#
# <colnr> <probs for GDERKNQSTAVLIFYWHMCP>
#	G	D	E	R	K	N	Q	S	T	A	V	L	I	F	Y	W	H	M	C	P
0	0.31820	0.02367	0.02817	0.03630	0.27781	0.06219	0.02082	0.06310	0.02216	0.03901	0.01681	0.02063	0.01357	0.00932	0.00826	0.00299	0.01046	0.00726	0.00578	0.01349
1	0.14934	0.25615	0.15994	0.02013	0.02901	0.06455	0.02040	0.06325	0.09193	0.03363	0.01883	0.02042	0.01489	0.00980	0.00787	0.00276	0.01114	0.00682	0.00571	0.01341
2	0.01883	0.01772	0.02990	0.62569	0.06866	0.02215	0.02769	0.02547	0.01993	0.02547	0.01772	0.02658	0.01329	0.00997	0.00997	0.00332	0.01329	0.00886	0.00443	0.01107
3	0.02127	0.04268	0.40393	0.03331	0.04637	0.02389	0.22200	0.03170	0.02194	0.03170	0.01871	0.02315	0.01353	0.00909	0.01030	0.00323	0.01548	0.00895	0.00451	0.01427
4	0.01450	0.00966	0.01087	0.01087	0.01087	0.00966	0.00604	0.01450	0.01450	0.01933	0.03141	0.06524	0.03624	0.64965	0.05074	0.00966	0.00966	0.01450	0.00604	0.00604
5	0.03001	0.03256	0.02640	0.02588	0.07361	0.27042	0.01845	0.04562	0.29764	0.03369	0.02823	0.02810	0.02185	0.01178	0.00964	0.00301	0.01245	0.00904	0.00762	0.01401
6	0.72007	0.01928	0.01465	0.01311	0.01928	0.02236	0.01080	0.02930	0.01697	0.04473	0.01388	0.01619	0.01080	0.00925	0.00617	0.00308	0.00771	0.00540	0.00617	0.01080
7	0.01215	0.00868	0.01157	0.01388	0.01446	0.00810	0.00925	0.01388	0.01909	0.02545	0.05495	0.64315	0.06593	0.03123	0.01272	0.00405	0.00578	0.02834	0.00925	0.00810
8	0.01624	0.01069	0.01377	0.01314	0.01591	0.00975	0.01003	0.02040	0.02659	0.08063	0.40927	0.11667	0.14288	0.02157	0.01182	0.00332	0.00541	0.05149	0.01064	0.00978
9	0.02665	0.65565	0.05224	0.01706	0.02559	0.03945	0.01706	0.02985	0.02026	0.02345	0.01386	0.01599	0.01279	0.00853	0.00640	0.00213	0.01066	0.00533	0.00426	0.01279
10	0.01697	0.00961	0.01074	0.01046	0.01279	0.00933	0.00785	0.02164	0.02354	0.03818	0.23038	0.05059	0.05021	0.01477	0.00869	0.00262	0.00467	0.01244	0.45519	0.00933
11	0.01280	0.00977	0.01278	0.01365	0.01540	0.00975	0.00996	0.01540	0.01894	0.02501	0.05695	0.28115	0.18792	0.04532	0.22751	0.00818	0.01312	0.02005	0.00785	0.00847
12	0.07795	0.02154	0.02691	0.23828	0.04230	0.02470	0.02058	0.19284	0.12992	0.08738	0.02530	0.02759	0.01831	0.01137	0.00973	0.00320	0.01080	0.00919	0.00793	0.01418
13	0.02468	0.02350	0.03901	0.05787	0.54183	0.02378	0.02939	0.03241	0.06713	0.03331	0.02052	0.02569	0.01698	0.00926	0.00989	0.00299	0.01152	0.00908	0.00536	0.01579
14	0.02268	0.01902	0.02031	0.01821	0.02331	0.02122	0.01416	0.07677	0.39894	0.04099	0.11354	0.04840	0.10804	0.01576	0.01054	0.00332	0.00734	0.01320	0.01012	0.01413
15	0.02840	0.01339	0.01711	0.01451	0.01966	0.01161	0.01146	0.03184	0.02613	0.30855	0.13788	0.10285	0.19755	0.01861	0.01098	0.00324	0.00675	0.01571	0.01103	0.01275
16	0.03407	0.02001	0.03131	0.07719	0.27907	0.01918	0.02262	0.03903	0.02536	0.30620	0.02872	0.02932	0.01996	0.01064	0.00995	0.00305	0.01030	0.00944	0.00851	0.01605
17	0.02693	0.02123	0.02953	0.32992	0.08392	0.02441	0.02355	0.18053	0.06923	0.07847	0.02280	0.02702	0.01658	0.01090	0.00998	0.00319	0.01179	0.00916	0.00703	0.01382
18	0.13968	0.24995	0.03401	0.01809	0.02592	0.02883	0.01600	0.16547	0.02838	0.17185	0.02242	0.02226	0.01635	0.01040	0.00812	0.00272	0.00977	0.00737	0.00790	0.01452
19	0.72007	0.01928	0.01465	0.01311	0.01928	0.02236	0.01080	0.02930	0.01697	0.04473	0.01388	0.01619	0.01080	0.00925	0.00617	0.00308	0.00771	0.00540	0.00617	0.01080
20	0.01666	0.01372	0.01609	0.01322	0.01881	0.01098	0.01018	0.02053	0.02265	0.03241	0.16333	0.09897	0.15580	0.01595	0.00971	0.00245	0.00617	0.01359	0.00800	0.35078
21	0.07377	0.01364	0.01787	0.06546	0.02411	0.01328	0.01429	0.02818	0.02398	0.18921	0.09100	0.10650	0.10519	0.01995	0.01141	0.00367	0.00816	0.16923	0.00962	0.01149
22	0.44701	0.01969	0.01890	0.01561	0.02244	0.02125	0.01288	0.09900	0.02387	0.20118	0.02225	0.02212	0.01545	0.01045	0.00772	0.00307	0.00833	0.00713	0.00837	0.01328
23	0.01215	0.00868	0.01157	0.01388	0.01446	0.00810	0.00925	0.01388	0.01909	0.02545	0.05495	0.64315	0.06593	0.03123	0.01272	0.00405	0.00578	0.02834	0.00925	0.00810
24	0.01424	0.01068	0.01602	0.01602	0.01780	0.01246	0.01246	0.01780	0.01602	0.02314	0.02670	0.03916	0.02492	0.07477	0.61015	0.01602	0.02670	0.01068	0.00534	0.00890
25	0.02192	0.02336	0.04710	0.25348	0.09634	0.02400	0.32558	0.02951	0.02218	0.02965	0.01919	0.02662	0.01451	0.00900	0.01098	0.00332	0.01519	0.01051	0.00481	0.01276
26	0.72007	0.01928	0.01465	0.01311	0.01928	0.02236	0.01080	0.02930	0.01697	0.04473	0.01388	0.01619	0.01080	0.00925	0.00617	0.00308	0.00771	0.00540	0.00617	0.01080
27	0.01450	0.00966	0.01087	0.01087	0.01087	0.00966	0.00604	0.01450	0.01450	0.01933	0.03141	0.06524	0.03624	0.64965	0.05074	0.00966	0.00966	0.01450	0.00604	0.00604
28	0.47262	0.02512	0.01857	0.01644	0.02226	0.14332	0.01309	0.07228	0.02250	0.04161	0.05721	0.02150	0.01789	0.01051	0.00747	0.00297	0.00987	0.00683	0.00661	0.01134
29	0.01327	0.01016	0.01216	0.01166	0.01438	0.00905	0.00875	0.01719	0.02624	0.03528	0.40900	0.08220	0.27020	0.02213	0.01177	0.00322	0.00483	0.01911	0.01036	0.00905
30	0.03790	0.02792	0.02992	0.02294	0.03091	0.03091	0.01895	0.55423	0.04687	0.06283	0.02393	0.02393	0.01695	0.01197	0.00997	0.00299	0.01097	0.00898	0.00997	0.01695
31	0.01572	0.00987	0.01187	0.01137	0.01371	0.00936	0.00853	0.02040	0.02559	0.03896	0.38435	0.06104	0.06940	0.01723	0.01003	0.00284	0.00468	0.01488	0.26078	0.00936
32	0.02014	0.02088	0.04245	0.03141	0.03871	0.01952	0.35622	0.02721	0.02522	0.03483	0.22247	0.04402	0.04354	0.01271	0.01176	0.00328	0.01245	0.01402	0.00718	0.01199
33	0.72007	0.01928	0.01465	0.01311	0.01928	0.02236	0.01080	0.02930	0.01697	0.04473	0.01388	0.01619	0.01080	0.00925	0.00617	0.00308	0.00771	0.00540	0.00617	0.01080
34	0.01178	0.01010	0.01010	0.01010	0.01347	0.00842	0.00757	0.01431	0.02272	0.02693	0.10099	0.09594	0.58342	0.02525	0.01178	0.00337	0.00505	0.02104	0.00926	0.00842
35	0.01293	0.01014	0.01168	0.01130	0.01417	0.00890	0.00847	0.01652	0.02542	0.03334	0.33738	0.08539	0.34303	0.02286	0.01177	0.00325	0.00488	0.01956	0.01010	0.00890
36	0.01411	0.01019	0.01333	0.01254	0.01489	0.00941	0.00941	0.01881	0.02822	0.03998	0.58221	0.07447	0.09406	0.02038	0.01176	0.00314	0.00470	0.01803	0.01097	0.00941
37	0.01424	0.01068	0.01602	0.01602	0.01780	0.01246	0.01246	0.01780	0.01602	0.02314	0.02670	0.03916	0.02492	0.07477	0.61015	0.01602	0.02670	0.01068	0.00534	0.00890
38	0.01883	0.01772	0.02990	0.62569	0.06866	0.02215	0.02769	0.02547	0.01993	0.02547	0.01772	0.02658	0.01329	0.00997	0.00997	0.00332	0.01329	0.00886	0.00443	0.01107
39	0.72007	0.01928	0.01465	0.01311	0.01928	0.02236	0.01080	0.02930	0.01697	0.04473	0.01388	0.01619	0.01080	0.00925	0.00617	0.00308	0.00771	0.00540	0.00617	0.01080
40	0.03121	0.01685	0.02075	0.01771	0.02292	0.01655	0.01383	0.16838	0.02993	0.25053	0.04092	0.25060	0.03751	0.01904	0.01098	0.00341	0.00816	0.01634	0.01061	0.01377
41	0.01424	0.01068	0.01602	0.01602	0.01780	0.01246	0.01246	0.01780	0.01602	0.02314	0.02670	0.03916	0.02492	0.07477	0.61015	0.01602	0.02670	0.01068	0.00534	0.00890
42	0.01450	0.00966	0.01087	0.01087	0.01087	0.00966	0.00604	0.01450	0.01450	0.01933	0.03141	0.06524	0.03624	0.64965	0.05074	0.00966	0.00966	0.01450	0.00604	0.00604
43	0.72007	0.01928	0.01465	0.01311	0.01928	0.02236	0.01080	0.02930	0.01697	0.04473	0.01388	0.01619	0.01080	0.00925	0.00617	0.00308	0.00771	0.00540	0.00617	0.01080
44	0.01293	0.00937	0.01238	0.01451	0.01566	0.00882	0.01053	0.01531	0.02017	0.02647	0.05815	0.49024	0.10516	0.03000	0.01287	0.00411	0.00643	0.12934	0.00924	0.00835
45	0.01424	0.01068	0.01602	0.01602	0.01780	0.01246	0.01246	0.01780	0.01602	0.02314	0.02670	0.03916	0.02492	0.07477	0.61015	0.01602	0.02670	0.01068	0.00534	0.00890
46	0.02665	0.65565	0.05224	0.01706	0.02559	0.03945	0.01706	0.02985	0.02026	0.02345	0.01386	0.01599	0.01279	0.00853	0.00640	0.00213	0.01066	0.00533	0.00426	0.01279
47	0.02951	0.02376	0.02520	0.02124	0.02772	0.02700	0.01692	0.23339	0.38136	0.04931	0.03459	0.03242	0.02558	0.01296	0.01008	0.00324	0.00900	0.01044	0.01008	0.01620
48	0.25034	0.01473	0.01624	0.01486	0.01951	0.01477	0.01147	0.02989	0.02141	0.21270	0.03676	0.24750	0.03506	0.01815	0.00976	0.00343	0.00726	0.01513	0.00924	0.01179
49	0.02467	0.02369	0.04046	0.06119	0.58747	0.02369	0.03059	0.03059	0.02270	0.03257	0.01875	0.02467	0.01579	0.00888	0.00987	0.00296	0.01184	0.00888	0.00493	0.01579
50	0.46833	0.01872	0.01682	0.01371	0.02084	0.01910	0.01116	0.02779	0.01830	0.04032	0.01526	0.01781	0.01222	0.00858	0.00661	0.00251	0.00759	0.00558	0.00607	0.26268
51	0.03008	0.01372	0.01844	0.01525	0.02040	0.01214	0.01214	0.03434	0.02838	0.32914	0.29905	0.05332	0.05787	0.01619	0.01085	0.00311	0.00667	0.01385	0.01169	0.01335
52	0.01267	0.00908	0.01204	0.01352	0.01457	0.00845	0.00929	0.01519	0.02152	0.02932	0.19532	0.49174	0.07342	0.02834	0.01247	0.00381	0.00550	0.02559	0.00971	0.00845

[dist]
# distance from previous block
# <min> <max>
3	5

[block]
# block no. 4 follows, 15 sequences, length 37
# corresponding to MSA columns:
# 1062-1098
name=unknown_E
#
# <colnr> <probs for GDERKNQSTAVLIFYWHMCP>
#	G	D	E	R	K	N	Q	S	T	A	V	L	I	F	Y	W	H	M	C	P
0	0.03224	0.24659	0.03679	0.08757	0.07432	0.13372	0.01927	0.07687	0.02569	0.14642	0.02102	0.02251	0.01589	0.01009	0.00855	0.00267	0.01193	0.00744	0.00662	0.01381
1	0.03917	0.07966	0.02888	0.02145	0.02858	0.19043	0.01740	0.19167	0.03313	0.23237	0.02603	0.02506	0.01812	0.01134	0.00943	0.00284	0.01208	0.00832	0.00896	0.01509
2	0.03767	0.03454	0.02935	0.02386	0.03088	0.22626	0.01905	0.38059	0.04059	0.04986	0.02106	0.02192	0.01557	0.01140	0.00964	0.00285	0.01334	0.00811	0.00834	0.01513
3	0.01429	0.00982	0.01110	0.01123	0.01175	0.00963	0.00681	0.01484	0.01593	0.02082	0.04053	0.07153	0.09917	0.54200	0.04413	0.00865	0.00912	0.04556	0.00659	0.00650
4	0.01286	0.00942	0.01174	0.01301	0.01434	0.00873	0.00907	0.01507	0.02048	0.02692	0.11957	0.37432	0.15712	0.10330	0.01711	0.00454	0.00624	0.05899	0.00906	0.00813
5	0.12745	0.01712	0.02242	0.02096	0.08292	0.01604	0.01483	0.04011	0.02474	0.39442	0.03286	0.03432	0.02328	0.08692	0.01432	0.00385	0.00888	0.00983	0.01000	0.01474
6	0.02928	0.02173	0.03346	0.10622	0.32807	0.02219	0.02488	0.07257	0.06886	0.15473	0.02514	0.02780	0.01867	0.01032	0.00994	0.00306	0.01090	0.00932	0.00723	0.01562
7	0.01547	0.00932	0.01160	0.01160	0.01160	0.00932	0.00694	0.01398	0.01398	0.01863	0.02654	0.05317	0.02971	0.43723	0.04667	0.25154	0.00932	0.01248	0.00545	0.00545
8	0.07777	0.01290	0.01607	0.01437	0.01861	0.01182	0.01108	0.02834	0.02492	0.22726	0.18485	0.17685	0.11577	0.01959	0.01094	0.00333	0.00650	0.01680	0.01052	0.01173
9	0.01312	0.00963	0.01231	0.01274	0.01457	0.00881	0.00913	0.01649	0.02425	0.03315	0.33365	0.28385	0.14157	0.02490	0.01211	0.00349	0.00514	0.02213	0.01015	0.00881
10	0.29038	0.01781	0.02005	0.01605	0.02320	0.01746	0.01325	0.04157	0.02433	0.39444	0.03007	0.02748	0.01963	0.01122	0.00862	0.00308	0.00820	0.00834	0.01009	0.01472
11	0.02127	0.02026	0.04215	0.03146	0.03787	0.01919	0.35389	0.02504	0.01969	0.02662	0.01913	0.02813	0.01592	0.01794	0.02166	0.26038	0.01384	0.01063	0.00478	0.01013
12	0.22477	0.01581	0.01669	0.01467	0.01963	0.01660	0.01162	0.03317	0.11350	0.14171	0.18960	0.04140	0.04188	0.01393	0.00921	0.00309	0.00677	0.01117	0.06256	0.01221
13	0.02217	0.01213	0.01501	0.01316	0.01744	0.01057	0.01027	0.02583	0.02631	0.19649	0.24926	0.07049	0.25188	0.01981	0.01126	0.00320	0.00593	0.01680	0.01075	0.01124
14	0.02480	0.02141	0.02254	0.02029	0.02592	0.02480	0.01578	0.05297	0.56946	0.04170	0.04057	0.03719	0.03043	0.01352	0.01014	0.00338	0.00789	0.01127	0.01014	0.01578
15	0.03259	0.02633	0.02133	0.01851	0.02403	0.23329	0.01435	0.03559	0.02678	0.22198	0.04799	0.04564	0.17907	0.01524	0.01014	0.00297	0.01102	0.01182	0.00879	0.01253
16	0.23056	0.01608	0.01857	0.01570	0.02165	0.01562	0.01255	0.03664	0.02349	0.33217	0.03501	0.14241	0.02842	0.01498	0.00943	0.00326	0.00776	0.01212	0.01001	0.01356
17	0.04473	0.01697	0.02313	0.01774	0.02545	0.01465	0.01465	0.04858	0.02853	0.59437	0.03933	0.03393	0.02468	0.01234	0.01003	0.00308	0.00848	0.01003	0.01234	0.01697
18	0.72007	0.01928	0.01465	0.01311	0.01928	0.02236	0.01080	0.02930	0.01697	0.04473	0.01388	0.01619	0.01080	0.00925	0.00617	0.00308	0.00771	0.00540	0.00617	0.01080
19	0.01315	0.00963	0.01234	0.01277	0.01458	0.00882	0.00916	0.01654	0.02431	0.03330	0.33905	0.28361	0.13608	0.02485	0.01211	0.00349	0.00513	0.02210	0.01017	0.00882
20	0.02396	0.01184	0.01562	0.01488	0.01835	0.01052	0.01104	0.02655	0.02291	0.23255	0.05418	0.36313	0.10617	0.02372	0.01164	0.00363	0.00669	0.02090	0.01038	0.01136
21	0.03790	0.02792	0.02992	0.02294	0.03091	0.03091	0.01895	0.55423	0.04687	0.06283	0.02393	0.02393	0.01695	0.01197	0.00997	0.00299	0.01097	0.00898	0.00997	0.01695
22	0.01424	0.01068	0.01602	0.01602	0.01780	0.01246	0.01246	0.01780	0.01602	0.02314	0.02670	0.03916	0.02492	0.07477	0.61015	0.01602	0.02670	0.01068	0.00534	0.00890
23	0.02067	0.01772	0.02067	0.01477	0.02362	0.01329	0.01181	0.02510	0.02067	0.03248	0.01772	0.02067	0.01477	0.00738	0.00738	0.00148	0.00738	0.00591	0.00591	0.71059
24	0.01351	0.00982	0.01059	0.01059	0.01182	0.00921	0.00660	0.01443	0.01749	0.02209	0.05672	0.07640	0.23527	0.42253	0.03657	0.00737	0.00799	0.01688	0.00721	0.00690
25	0.02665	0.65565	0.05224	0.01706	0.02559	0.03945	0.01706	0.02985	0.02026	0.02345	0.01386	0.01599	0.01279	0.00853	0.00640	0.00213	0.01066	0.00533	0.00426	0.01279
26	0.02480	0.02141	0.02254	0.02029	0.02592	0.02480	0.01578	0.05297	0.56946	0.04170	0.04057	0.03719	0.03043	0.01352	0.01014	0.00338	0.00789	0.01127	0.01014	0.01578
27	0.01343	0.01016	0.01238	0.01183	0.01447	0.00912	0.00887	0.01749	0.02661	0.03615	0.44118	0.08076	0.23747	0.02181	0.01176	0.00320	0.00480	0.01891	0.01047	0.00912
28	0.01883	0.01772	0.02990	0.62569	0.06866	0.02215	0.02769	0.02547	0.01993	0.02547	0.01772	0.02658	0.01329	0.00997	0.00997	0.00332	0.01329	0.00886	0.00443	0.01107
29	0.01883	0.01772	0.02990	0.62569	0.06866	0.02215	0.02769	0.02547	0.01993	0.02547	0.01772	0.02658	0.01329	0.00997	0.00997	0.00332	0.01329	0.00886	0.00443	0.01107
30	0.01883	0.01772	0.02990	0.62569	0.06866	0.02215	0.02769	0.02547	0.01993	0.02547	0.01772	0.02658	0.01329	0.00997	0.00997	0.00332	0.01329	0.00886	0.00443	0.01107
31	0.01357	0.00969	0.01320	0.01551	0.01671	0.00933	0.01173	0.01634	0.02049	0.02704	0.05416	0.45011	0.06282	0.02989	0.01310	0.00425	0.00702	0.20731	0.00923	0.00849
32	0.01606	0.01147	0.01606	0.01836	0.02065	0.01147	0.01606	0.02065	0.02295	0.02983	0.05278	0.11245	0.05737	0.02754	0.01377	0.00459	0.00918	0.52037	0.00918	0.00918
33	0.01606	0.01147	0.01606	0.01836	0.02065	0.01147	0.01606	0.02065	0.02295	0.02983	0.05278	0.11245	0.05737	0.02754	0.01377	0.00459	0.00918	0.52037	0.00918	0.00918
34	0.02583	0.02639	0.03575	0.02843	0.03554	0.09409	0.20114	0.04415	0.31691	0.03628	0.03055	0.03136	0.02307	0.01137	0.01057	0.00328	0.01216	0.01087	0.00779	0.01447
35	0.03906	0.02606	0.02876	0.02205	0.02999	0.02815	0.01822	0.46829	0.04375	0.15316	0.02655	0.02563	0.01827	0.01203	0.00998	0.00301	0.01055	0.00915	0.01037	0.01696
36	0.64797	0.01903	0.01556	0.01360	0.01994	0.02154	0.01121	0.03136	0.01820	0.10341	0.01660	0.01809	0.01228	0.00958	0.00658	0.00308	0.00779	0.00589	0.00683	0.01145

[dist]
# distance from previous block
# <min> <max>
1	6

[block]
# block no. 5 follows, 15 sequences, length 52
# corresponding to MSA columns:
# 1105-1156
name=unknown_F
#
# <colnr> <probs for GDERKNQSTAVLIFYWHMCP>
#	G	D	E	R	K	N	Q	S	T	A	V	L	I	F	Y	W	H	M	C	P
0	0.08196	0.02985	0.21271	0.03053	0.15581	0.01999	0.02511	0.03765	0.02396	0.24645	0.02593	0.02639	0.01777	0.01041	0.00953	0.00308	0.01120	0.00857	0.00760	0.01553
1	0.01889	0.01699	0.02782	0.17105	0.15894	0.01727	0.06618	0.02462	0.02406	0.03364	0.23249	0.04393	0.04478	0.01335	0.01059	0.00304	0.00958	0.01238	0.00719	0.06319
