[name]
unknown

[dist]
# distance from previous block
# <min> <max>
0	1484

[block]
# block no. 0 follows, 13 sequences, length 98
# corresponding to MSA columns:
# 1484-1525,1529-1584
name=unknown_A
#
# <colnr> <probs for GDERKNQSTAVLIFYWHMCP>
#	G	D	E	R	K	N	Q	S	T	A	V	L	I	F	Y	W	H	M	C	P
0	0.01813	0.01170	0.01614	0.01794	0.02026	0.01132	0.01467	0.02200	0.02353	0.07247	0.05557	0.26908	0.06095	0.02916	0.01395	0.00456	0.00856	0.30995	0.01002	0.01003
1	0.03716	0.01572	0.02125	0.01707	0.02345	0.01378	0.01378	0.04154	0.03016	0.40293	0.20470	0.04959	0.04945	0.01578	0.01121	0.00329	0.00773	0.01332	0.01263	0.01546
2	0.12812	0.01945	0.02174	0.01681	0.02507	0.01751	0.01352	0.03604	0.09659	0.13611	0.02583	0.02628	0.01932	0.01001	0.00857	0.00242	0.00817	0.00779	0.00819	0.37246
3	0.01647	0.01200	0.01406	0.01486	0.01708	0.01215	0.01061	0.02419	0.11757	0.03315	0.08901	0.35435	0.09392	0.02536	0.01195	0.00378	0.00623	0.02244	0.11043	0.01039
4	0.01510	0.01133	0.01699	0.01699	0.01888	0.01322	0.01322	0.01888	0.01699	0.02454	0.02832	0.04154	0.02643	0.07930	0.58652	0.01699	0.02832	0.01133	0.00566	0.00944
5	0.02484	0.03866	0.30385	0.02882	0.04112	0.02280	0.11729	0.03633	0.07174	0.08353	0.02368	0.02620	0.01710	0.01021	0.01028	0.00315	0.01364	0.00906	0.00624	0.11147
6	0.07379	0.02172	0.09624	0.02007	0.02584	0.01923	0.01800	0.03207	0.10859	0.08207	0.02824	0.03378	0.02300	0.03898	0.24076	0.00877	0.05420	0.01000	0.00709	0.05756
7	0.01468	0.01049	0.01392	0.01451	0.01604	0.01031	0.01052	0.01790	0.02282	0.03149	0.22419	0.22179	0.06869	0.12344	0.10022	0.00669	0.00981	0.06415	0.00935	0.00898
8	0.01971	0.00985	0.00985	0.00985	0.01232	0.00985	0.00739	0.02464	0.02217	0.03942	0.03449	0.03942	0.02710	0.01232	0.00739	0.00246	0.00493	0.00985	0.68712	0.00985
9	0.07333	0.03949	0.28908	0.03062	0.08059	0.02635	0.06537	0.12142	0.09688	0.04172	0.02325	0.02554	0.01703	0.01093	0.01020	0.00334	0.01336	0.00898	0.00663	0.01588
10	0.02311	0.08283	0.24065	0.14433	0.19755	0.02645	0.03257	0.03127	0.02210	0.03135	0.01850	0.02415	0.01454	0.01049	0.01179	0.00333	0.05696	0.00850	0.00475	0.01478
11	0.01369	0.00954	0.01203	0.01368	0.01410	0.00913	0.00871	0.01493	0.01866	0.02488	0.05016	0.44196	0.05969	0.22666	0.02660	0.00623	0.00747	0.02528	0.00871	0.00788
12	0.48446	0.02135	0.01959	0.01635	0.02348	0.02356	0.01348	0.10832	0.02495	0.14625	0.02126	0.02185	0.01512	0.01084	0.00789	0.00326	0.00884	0.00719	0.00834	0.01362
13	0.01975	0.00989	0.01443	0.01414	0.01490	0.00963	0.00970	0.01680	0.01641	0.05765	0.05990	0.07186	0.02773	0.03387	0.03554	0.55577	0.00869	0.01125	0.00597	0.00611
14	0.02456	0.02189	0.06659	0.07241	0.03158	0.01849	0.01806	0.06694	0.09284	0.07282	0.02923	0.03976	0.02477	0.01282	0.00997	0.00284	0.00970	0.07651	0.00782	0.30040
15	0.06988	0.01609	0.02100	0.02261	0.09268	0.01572	0.01513	0.07180	0.02733	0.08764	0.18197	0.16648	0.05403	0.01944	0.01148	0.00346	0.00794	0.04761	0.00961	0.05810
16	0.02905	0.59407	0.05363	0.01873	0.02752	0.07974	0.01825	0.03240	0.02207	0.02495	0.01481	0.01711	0.01357	0.00917	0.00698	0.00229	0.01185	0.00573	0.00459	0.01348
17	0.03536	0.03040	0.17640	0.02283	0.03260	0.02192	0.02266	0.16554	0.03303	0.24451	0.07901	0.03350	0.02738	0.01294	0.01063	0.00327	0.01112	0.01036	0.00994	0.01660
18	0.15254	0.02514	0.05993	0.02947	0.14231	0.05918	0.02050	0.07823	0.02782	0.25991	0.02815	0.02793	0.01943	0.01139	0.00978	0.00320	0.01088	0.00903	0.00908	0.01608
19	0.02741	0.02498	0.11071	0.15580	0.16946	0.02127	0.02569	0.03606	0.07226	0.14595	0.02977	0.08355	0.02396	0.01315	0.01076	0.00343	0.01161	0.01155	0.00759	0.01504
20	0.01673	0.01128	0.01445	0.01537	0.01729	0.01089	0.01085	0.02180	0.07017	0.06685	0.13970	0.43871	0.06864	0.02816	0.01289	0.00400	0.00633	0.02529	0.01042	0.01018
21	0.11921	0.02861	0.15452	0.02803	0.10992	0.02161	0.02319	0.04251	0.09719	0.22508	0.02988	0.02941	0.02075	0.01159	0.00996	0.00331	0.01088	0.00935	0.00874	0.01624
22	0.02775	0.06667	0.13258	0.16738	0.09150	0.02283	0.05885	0.03627	0.06157	0.15034	0.02795	0.06342	0.02155	0.01230	0.01054	0.00337	0.01230	0.01073	0.00733	0.01476
23	0.01704	0.01217	0.01704	0.01947	0.02191	0.01217	0.01704	0.02191	0.02434	0.03164	0.05598	0.11926	0.06085	0.02921	0.01460	0.00487	0.00974	0.49130	0.00974	0.00974
24	0.02564	0.02323	0.04206	0.23101	0.13421	0.02434	0.18859	0.03502	0.07205	0.08143	0.02414	0.02974	0.01792	0.01043	0.01120	0.00346	0.01408	0.01075	0.00632	0.01437
25	0.03330	0.08861	0.14386	0.02528	0.03472	0.07875	0.05888	0.14715	0.10762	0.13555	0.02748	0.02759	0.01967	0.01170	0.01020	0.00319	0.01260	0.00934	0.00840	0.01612
26	0.03011	0.01721	0.02554	0.14229	0.11180	0.01712	0.01882	0.03462	0.02525	0.23642	0.09404	0.04300	0.03292	0.10419	0.01721	0.00434	0.01026	0.01192	0.00906	0.01387
27	0.03679	0.05103	0.11049	0.02767	0.03462	0.50282	0.02319	0.04093	0.02883	0.02700	0.01673	0.01955	0.01359	0.01077	0.00961	0.00282	0.01856	0.00696	0.00530	0.01276
28	0.03588	0.07356	0.14563	0.02178	0.03117	0.02173	0.02108	0.04709	0.13539	0.30235	0.03502	0.03232	0.02373	0.01239	0.01024	0.00328	0.01047	0.00992	0.01008	0.01688
29	0.07574	0.03104	0.20219	0.03066	0.11949	0.02076	0.05626	0.03802	0.02559	0.20824	0.06515	0.03148	0.02432	0.01168	0.01039	0.00330	0.01187	0.00994	0.00808	0.01580
30	0.02271	0.02400	0.07705	0.25454	0.18311	0.02381	0.06261	0.03333	0.09982	0.03279	0.02554	0.03548	0.02092	0.01203	0.01096	0.00352	0.01292	0.04466	0.00612	0.01409
31	0.01415	0.01013	0.01361	0.01538	0.01675	0.00960	0.01130	0.01725	0.02308	0.03113	0.16157	0.40785	0.07432	0.02994	0.01350	0.00421	0.00662	0.12033	0.01018	0.00911
32	0.09524	0.02044	0.02819	0.03184	0.18248	0.02025	0.01986	0.04228	0.10330	0.24612	0.07353	0.03529	0.02876	0.01257	0.01037	0.00328	0.00956	0.01069	0.00973	0.01622
33	0.02427	0.04409	0.40158	0.07924	0.12268	0.02372	0.03514	0.03449	0.02323	0.08282	0.02120	0.02462	0.01513	0.01028	0.01020	0.00332	0.01444	0.00844	0.00540	0.01571
34	0.01303	0.00982	0.01167	0.01304	0.01456	0.00888	0.00885	0.01494	0.02098	0.02679	0.07171	0.38774	0.22845	0.09708	0.01764	0.00471	0.00633	0.02586	0.00944	0.00846
35	0.02311	0.21102	0.43398	0.02689	0.04074	0.02921	0.03341	0.03299	0.02210	0.03116	0.01782	0.02088	0.01344	0.00978	0.00917	0.00306	0.01446	0.00723	0.00448	0.01507
36	0.03756	0.02823	0.16091	0.02216	0.03173	0.01987	0.02166	0.11505	0.03051	0.32610	0.03476	0.07010	0.02471	0.01361	0.01067	0.00334	0.01084	0.01106	0.01036	0.01678
37	0.02924	0.02922	0.04012	0.05613	0.44239	0.10879	0.02970	0.07277	0.02696	0.03578	0.01979	0.02506	0.01638	0.00990	0.01034	0.00308	0.01345	0.00904	0.00569	0.01618
38	0.01446	0.01291	0.01817	0.05483	0.02296	0.01180	0.06710	0.01794	0.02319	0.02872	0.08147	0.19762	0.35941	0.02504	0.01257	0.00372	0.00749	0.02198	0.00898	0.00964
39	0.02628	0.03072	0.13834	0.05266	0.39332	0.02565	0.03172	0.06995	0.06053	0.03732	0.02167	0.02630	0.01726	0.01010	0.01042	0.00321	0.01278	0.00930	0.00585	0.01663
40	0.02827	0.63478	0.05540	0.01809	0.02714	0.04184	0.01809	0.03166	0.02148	0.02488	0.01470	0.01696	0.01357	0.00905	0.00678	0.00226	0.01131	0.00565	0.00452	0.01357
41	0.04744	0.01799	0.02454	0.01881	0.02699	0.01554	0.01554	0.05153	0.03026	0.56979	0.04171	0.03599	0.02617	0.01309	0.01063	0.00327	0.00900	0.01063	0.01309	0.01799
42	0.02228	0.04429	0.39649	0.09153	0.17185	0.02459	0.03658	0.03264	0.02263	0.03314	0.01918	0.02379	0.01426	0.00994	0.01019	0.00331	0.01475	0.00834	0.00467	0.01553
43	0.02485	0.13086	0.38522	0.02629	0.03883	0.06590	0.03115	0.03413	0.02382	0.06841	0.05718	0.02620	0.02031	0.01098	0.00976	0.00314	0.01408	0.00841	0.00562	0.01486
44	0.03950	0.05039	0.02996	0.02724	0.03269	0.58597	0.02043	0.04222	0.02996	0.02588	0.01634	0.01907	0.01362	0.01090	0.00953	0.00272	0.01907	0.00681	0.00545	0.01226
45	0.01791	0.01062	0.01429	0.01562	0.01741	0.00980	0.01112	0.02028	0.02191	0.10165	0.05584	0.50509	0.06328	0.03010	0.01318	0.00420	0.00679	0.06069	0.01026	0.00996
46	0.70310	0.02045	0.01554	0.01390	0.02045	0.02372	0.01145	0.03108	0.01799	0.04744	0.01472	0.01718	0.01145	0.00981	0.00654	0.00327	0.00818	0.00573	0.00654	0.01145
47	0.02510	0.37477	0.28769	0.02349	0.03548	0.03409	0.02749	0.03248	0.02186	0.02873	0.01662	0.01936	0.01349	0.00949	0.00825	0.00275	0.01324	0.00662	0.00450	0.01449
48	0.02402	0.11019	0.02868	0.02043	0.02624	0.02325	0.05215	0.10296	0.15266	0.04049	0.13600	0.05643	0.08394	0.01728	0.01125	0.00346	0.00928	0.07848	0.00937	0.01345
49	0.02225	0.14061	0.49688	0.02835	0.04300	0.02711	0.03596	0.03321	0.02220	0.03221	0.01834	0.02153	0.01342	0.00990	0.00956	0.00319	0.01499	0.00749	0.00447	0.01532
50	0.01474	0.01080	0.01382	0.01307	0.01566	0.00988	0.00980	0.01952	0.02940	0.04114	0.51592	0.08105	0.14151	0.02209	0.01247	0.00335	0.00502	0.01941	0.01147	0.00988
51	0.02071	0.02023	0.03626	0.52030	0.07022	0.02397	0.10263	0.02803	0.02171	0.02803	0.01918	0.02824	0.01438	0.01033	0.01085	0.00353	0.01465	0.00985	0.00479	0.01212
52	0.03003	0.54515	0.05190	0.01901	0.02797	0.04050	0.01839	0.10506	0.02566	0.03106	0.01628	0.01821	0.01422	0.00959	0.00735	0.00240	0.01136	0.00623	0.00542	0.01422
53	0.04383	0.01720	0.02338	0.01820	0.02575	0.01492	0.01492	0.04802	0.03023	0.51126	0.09889	0.04076	0.03434	0.01403	0.01084	0.00328	0.00855	0.01157	0.01293	0.01710
54	0.01515	0.01086	0.01504	0.01729	0.01892	0.01075	0.01371	0.01866	0.02205	0.02914	0.05477	0.32342	0.06195	0.03478	0.05907	0.00558	0.00969	0.26050	0.00945	0.00923
55	0.01779	0.01547	0.02489	0.10750	0.03096	0.01706	0.08495	0.02172	0.02057	0.02883	0.03837	0.30724	0.04175	0.02232	0.01563	0.00396	0.10170	0.01955	0.06933	0.01041
56	0.03873	0.03017	0.20675	0.02257	0.03322	0.01853	0.02335	0.04554	0.02763	0.39182	0.03417	0.03145	0.02193	0.01208	0.01044	0.00330	0.01120	0.00970	0.01023	0.01721
57	0.02218	0.02051	0.03431	0.28729	0.27392	0.02251	0.02885	0.02857	0.02287	0.03091	0.02477	0.04082	0.02215	0.01284	0.01112	0.00356	0.01280	0.08078	0.00567	0.01358
58	0.14455	0.01836	0.02320	0.01808	0.02602	0.01675	0.01493	0.04850	0.02845	0.49242	0.03772	0.03320	0.02399	0.01260	0.01003	0.00327	0.00888	0.00991	0.01212	0.01702
59	0.02377	0.22363	0.36913	0.02577	0.03855	0.02984	0.03078	0.03505	0.07035	0.03193	0.01994	0.02232	0.01519	0.01015	0.00914	0.00305	0.01367	0.00756	0.00506	0.01512
60	0.01689	0.01280	0.01793	0.02119	0.09549	0.01340	0.01245	0.01903	0.01718	0.02388	0.02972	0.05395	0.03138	0.36068	0.21819	0.01136	0.01639	0.01320	0.00599	0.00891
61	0.01395	0.01014	0.01414	0.01544	0.01653	0.01058	0.01098	0.01646	0.01860	0.02557	0.04443	0.34888	0.05014	0.09109	0.24962	0.00986	0.01544	0.02146	0.00790	0.00879
62	0.19390	0.01674	0.01895	0.01605	0.02197	0.01689	0.01293	0.03834	0.06219	0.25162	0.07226	0.03590	0.02880	0.01814	0.05460	0.00427	0.00941	0.01014	0.10295	0.01395
63	0.12382	0.03131	0.11376	0.03137	0.07950	0.02845	0.13359	0.24193	0.03403	0.04958	0.02171	0.02458	0.01591	0.01083	0.01036	0.00330	0.01316	0.00940	0.00759	0.01584
64	0.01410	0.01085	0.01301	0.01325	0.01604	0.00977	0.01021	0.01789	0.02599	0.03398	0.26082	0.13352	0.28130	0.02570	0.01287	0.00373	0.00593	0.09116	0.01047	0.00941
65	0.61876	0.02028	0.01611	0.01424	0.02063	0.02332	0.01168	0.05965	0.02013	0.04802	0.01666	0.01914	0.01288	0.01015	0.00684	0.00321	0.00816	0.00622	0.05219	0.01173
66	0.02678	0.43354	0.09472	0.01960	0.02813	0.03519	0.01947	0.07585	0.02351	0.02948	0.01810	0.02187	0.01587	0.01988	0.09330	0.00463	0.01425	0.00705	0.00525	0.01355
67	0.02148	0.01935	0.03091	0.29760	0.16428	0.02277	0.02603	0.02731	0.02150	0.03003	0.02320	0.03639	0.02011	0.01326	0.01392	0.00361	0.09397	0.05331	0.06850	0.01246
68	0.02518	0.04725	0.45689	0.02793	0.04181	0.02345	0.03416	0.03767	0.06280	0.10773	0.02391	0.02549	0.01657	0.01079	0.01018	0.00336	0.01417	0.00851	0.00612	0.01603
69	0.07910	0.02299	0.03162	0.03498	0.20552	0.02291	0.02187	0.14553	0.03161	0.25264	0.02933	0.02931	0.02039	0.01158	0.01031	0.00321	0.01069	0.00969	0.00954	0.01718
70	0.04267	0.01785	0.02302	0.01799	0.02535	0.01627	0.01475	0.09087	0.03084	0.44541	0.03916	0.03553	0.02556	0.01294	0.01015	0.00314	0.00863	0.01042	0.11269	0.01679
71	0.06561	0.01964	0.07009	0.02182	0.06527	0.01764	0.01678	0.05833	0.12229	0.03909	0.16391	0.17226	0.05323	0.01988	0.01163	0.00366	0.00834	0.04860	0.00940	0.01254
72	0.02827	0.03452	0.24046	0.08838	0.14866	0.02283	0.08551	0.03670	0.02460	0.15110	0.02441	0.02732	0.01723	0.01051	0.01058	0.00333	0.01366	0.00942	0.00663	0.01587
73	0.04744	0.01799	0.02454	0.01881	0.02699	0.01554	0.01554	0.05153	0.03026	0.56979	0.04171	0.03599	0.02617	0.01309	0.01063	0.00327	0.00900	0.01063	0.01309	0.01799
74	0.01525	0.01073	0.01397	0.01397	0.01481	0.01157	0.00944	0.01694	0.01610	0.02230	0.03109	0.05686	0.03309	0.38358	0.29134	0.01326	0.01831	0.01357	0.00608	0.00776
75	0.02569	0.18736	0.29959	0.02936	0.07429	0.02845	0.06861	0.03565	0.05500	0.06951	0.02125	0.02377	0.01592	0.01015	0.00956	0.00310	0.01363	0.00821	0.00559	0.01533
76	0.03434	0.03132	0.20148	0.03119	0.11437	0.02065	0.06533	0.04169	0.02645	0.28115	0.02979	0.02968	0.02000	0.01127	0.01057	0.00330	0.01229	0.00972	0.00863	0.01678
77	0.02527	0.01623	0.01819	0.01631	0.02095	0.01716	0.01267	0.03998	0.23100	0.11447	0.13169	0.04599	0.04193	0.01488	0.01007	0.00317	0.00686	0.01244	0.20703	0.01371
78	0.02194	0.05031	0.49503	0.03528	0.12229	0.02464	0.03808	0.03333	0.02258	0.03364	0.01911	0.02289	0.01389	0.00995	0.01011	0.00332	0.01517	0.00805	0.00458	0.01579
79	0.09482	0.02994	0.14570	0.03627	0.20205	0.02384	0.02617	0.11148	0.02842	0.16239	0.02502	0.02665	0.01789	0.01092	0.01007	0.00323	0.01184	0.00903	0.00779	0.01649
80	0.02619	0.02476	0.04010	0.05847	0.48323	0.02530	0.03012	0.03596	0.10099	0.03598	0.02332	0.02814	0.01905	0.01015	0.01051	0.00321	0.01194	0.00980	0.00605	0.01675
81	0.02825	0.02681	0.02480	0.02236	0.02826	0.10919	0.01728	0.05412	0.46732	0.04151	0.03908	0.03643	0.02951	0.01383	0.01058	0.00346	0.00995	0.01119	0.00997	0.01607
82	0.04037	0.01825	0.02353	0.01868	0.02587	0.01700	0.01519	0.08183	0.07916	0.41021	0.11349	0.04162	0.03655	0.01438	0.01090	0.00330	0.00856	0.01187	0.01248	0.01674
83	0.22986	0.02431	0.02490	0.02013	0.02763	0.02678	0.01647	0.24747	0.11095	0.12893	0.02724	0.02661	0.01938	0.01216	0.00945	0.00328	0.00978	0.00895	0.00980	0.01592
84	0.18158	0.01374	0.01413	0.01297	0.01737	0.01338	0.01010	0.02372	0.02489	0.08720	0.20835	0.06888	0.24628	0.01997	0.01089	0.00340	0.00626	0.01635	0.00986	0.01067
85	0.70310	0.02045	0.01554	0.01390	0.02045	0.02372	0.01145	0.03108	0.01799	0.04744	0.01472	0.01718	0.01145	0.00981	0.00654	0.00327	0.00818	0.00573	0.00654	0.01145
86	0.02955	0.03201	0.04642	0.03470	0.04375	0.16407	0.29694	0.03605	0.02612	0.06486	0.02102	0.02571	0.01601	0.00952	0.01099	0.00306	0.01622	0.01010	0.00597	0.10693
87	0.02529	0.02422	0.04132	0.14149	0.49277	0.02489	0.03201	0.03168	0.02366	0.03347	0.01973	0.02646	0.01637	0.00958	0.01048	0.00319	0.01278	0.00942	0.00516	0.01604
88	0.01815	0.01201	0.01654	0.01789	0.02052	0.01166	0.01502	0.02271	0.02532	0.06617	0.14433	0.15353	0.06648	0.02723	0.01388	0.00444	0.00851	0.33513	0.01029	0.01018
89	0.02622	0.46686	0.20542	0.02158	0.03253	0.03683	0.02416	0.03219	0.02173	0.02737	0.01594	0.01851	0.01352	0.00934	0.00773	0.00258	0.01256	0.00628	0.00451	0.01416
90	0.07796	0.01104	0.01270	0.01403	0.01624	0.01068	0.01039	0.01825	0.02160	0.03100	0.06198	0.33260	0.16163	0.02719	0.01224	0.00396	0.00656	0.08955	0.07118	0.00920
91	0.02616	0.01930	0.10000	0.01797	0.02384	0.01364	0.01609	0.03116	0.02654	0.21238	0.18406	0.18921	0.05523	0.01989	0.01175	0.00355	0.00818	0.01731	0.01061	0.01313
92	0.01521	0.01018	0.01158	0.01174	0.01179	0.01014	0.00663	0.01533	0.01570	0.02093	0.03498	0.10604	0.04054	0.58870	0.05112	0.00985	0.00998	0.01636	0.00663	0.00655
93	0.03980	0.02804	0.03048	0.02361	0.03186	0.03073	0.01943	0.44827	0.08526	0.11076	0.02821	0.02741	0.01981	0.01285	0.01060	0.00321	0.01115	0.00980	0.01082	0.01789
94	0.02088	0.02068	0.03991	0.03570	0.11485	0.01965	0.24426	0.02723	0.02461	0.03374	0.10637	0.15139	0.04140	0.01683	0.01253	0.00370	0.01245	0.05381	0.00739	0.01263
95	0.01918	0.01215	0.01494	0.01507	0.01873	0.01093	0.01221	0.02271	0.02479	0.10960	0.07697	0.13854	0.27934	0.02604	0.01298	0.00400	0.00738	0.17366	0.01028	0.01051
96	0.01997	0.01879	0.03171	0.60301	0.07282	0.02349	0.02936	0.02701	0.02114	0.02701	0.01879	0.02819	0.01409	0.01057	0.01057	0.00352	0.01409	0.00940	0.00470	0.01175
97	0.01744	0.01367	0.05170	0.01625	0.01914	0.01093	0.01299	0.02116	0.02384	0.08074	0.16548	0.36030	0.06801	0.02682	0.01288	0.00397	0.00711	0.06709	0.01016	0.01033

[dist]
# distance from previous block
# <min> <max>
1	25

[block]
# block no. 1 follows, 13 sequences, length 87
# corresponding to MSA columns:
# 1610-1696
name=unknown_B
#
# <colnr> <probs for GDERKNQSTAVLIFYWHMCP>
#	G	D	E	R	K	N	Q	S	T	A	V	L	I	F	Y	W	H	M	C	P
0	0.70310	0.02045	0.01554	0.01390	0.02045	0.02372	0.01145	0.03108	0.01799	0.04744	0.01472	0.01718	0.01145	0.00981	0.00654	0.00327	0.00818	0.00573	0.00654	0.01145
1	0.46418	0.01955	0.01882	0.01569	0.02283	0.02074	0.01294	0.03853	0.02246	0.23778	0.02456	0.02403	0.01682	0.01101	0.00803	0.00327	0.00848	0.00751	0.00893	0.01383
2	0.02744	0.57301	0.05303	0.07675	0.03172	0.04000	0.01922	0.03119	0.02145	0.02509	0.01511	0.01809	0.01362	0.00920	0.00716	0.00239	0.01159	0.00603	0.00454	0.01339
3	0.01872	0.01015	0.01459	0.01396	0.01491	0.00968	0.00952	0.01506	0.01459	0.01998	0.01841	0.03112	0.01809	0.03383	0.03796	0.62310	0.00905	0.00889	0.00476	0.07363
4	0.02384	0.05101	0.51857	0.02900	0.04388	0.02365	0.03671	0.03529	0.02312	0.08727	0.02125	0.02369	0.01468	0.01035	0.01010	0.00334	0.01496	0.00810	0.00533	0.01586
5	0.01950	0.01817	0.02982	0.49918	0.06354	0.02269	0.02692	0.02566	0.02067	0.02689	0.02237	0.08729	0.01968	0.01345	0.01274	0.00369	0.05967	0.01146	0.00521	0.01141
6	0.02574	0.02449	0.04081	0.05996	0.50857	0.02402	0.03045	0.03186	0.02386	0.03453	0.01978	0.02574	0.01664	0.00926	0.01020	0.00298	0.01209	0.00910	0.00534	0.08457
7	0.03754	0.04722	0.03014	0.08498	0.03671	0.52957	0.02132	0.04070	0.02908	0.02599	0.01659	0.01998	0.01367	0.01086	0.00964	0.00280	0.01857	0.00707	0.00537	0.01221
8	0.02317	0.02186	0.03617	0.28304	0.30558	0.02334	0.02917	0.02961	0.02264	0.03141	0.01932	0.02658	0.01554	0.00974	0.01025	0.00314	0.01272	0.00909	0.00512	0.08249
9	0.01288	0.00920	0.01227	0.01472	0.01534	0.00859	0.00981	0.01472	0.02024	0.02699	0.05828	0.62152	0.06993	0.03312	0.01350	0.00429	0.00613	0.03006	0.00981	0.00859
10	0.02605	0.02546	0.04487	0.06286	0.51160	0.02528	0.08175	0.03259	0.02416	0.03447	0.02004	0.02640	0.01668	0.00937	0.01067	0.00318	0.01309	0.00973	0.00525	0.01650
11	0.01496	0.01081	0.01413	0.01330	0.01580	0.00998	0.00998	0.01995	0.02993	0.04240	0.55689	0.07898	0.09976	0.02162	0.01247	0.00333	0.00499	0.01912	0.01164	0.00998
12	0.01510	0.01133	0.01699	0.01699	0.01888	0.01322	0.01322	0.01888	0.01699	0.02454	0.02832	0.04154	0.02643	0.07930	0.58652	0.01699	0.02832	0.01133	0.00566	0.00944
13	0.02331	0.15198	0.36645	0.03124	0.04459	0.02812	0.14445	0.03325	0.02277	0.03204	0.01876	0.02276	0.01402	0.00961	0.01001	0.00320	0.01535	0.00848	0.00467	0.01495
14	0.45536	0.01952	0.01894	0.01576	0.02292	0.02063	0.01300	0.03881	0.02263	0.24480	0.02492	0.02428	0.01701	0.01105	0.00809	0.00327	0.00849	0.00758	0.00902	0.01392
15	0.01562	0.01156	0.01479	0.01498	0.01729	0.01124	0.01122	0.02193	0.07068	0.03762	0.33804	0.21549	0.08264	0.02464	0.01280	0.00374	0.00604	0.06860	0.01092	0.01018
16	0.01601	0.01162	0.01522	0.01532	0.01565	0.01282	0.01049	0.01661	0.01685	0.02313	0.03589	0.21824	0.04109	0.26018	0.08008	0.08831	0.09003	0.01781	0.00690	0.00776
17	0.03273	0.01718	0.02395	0.07195	0.07084	0.01660	0.01750	0.07454	0.02792	0.27586	0.04158	0.15466	0.03614	0.01825	0.01162	0.00366	0.00946	0.07042	0.01054	0.01461
18	0.01945	0.01270	0.01637	0.01731	0.02017	0.01271	0.01414	0.02611	0.07228	0.07007	0.08443	0.17592	0.05592	0.02490	0.01281	0.00416	0.00810	0.25198	0.08966	0.01079
19	0.03465	0.01536	0.02155	0.01809	0.02378	0.01462	0.01462	0.03861	0.02501	0.35410	0.03642	0.03818	0.02628	0.03928	0.23844	0.00870	0.01664	0.01091	0.01015	0.01461
20	0.02976	0.02437	0.02676	0.06825	0.03259	0.02793	0.01869	0.18831	0.36122	0.04926	0.03608	0.03454	0.02676	0.01357	0.01069	0.00346	0.00975	0.01106	0.01023	0.01670
21	0.01997	0.01879	0.03171	0.60301	0.07282	0.02349	0.02936	0.02701	0.02114	0.02701	0.01879	0.02819	0.01409	0.01057	0.01057	0.00352	0.01409	0.00940	0.00470	0.01175
22	0.02861	0.34664	0.05444	0.02849	0.03763	0.10900	0.19399	0.03383	0.02382	0.02813	0.01724	0.02125	0.01443	0.00925	0.00913	0.00278	0.01460	0.00818	0.00493	0.01363
23	0.01516	0.01016	0.01159	0.01180	0.01186	0.01011	0.00670	0.01532	0.01579	0.02105	0.03544	0.11625	0.04112	0.57770	0.05038	0.00974	0.00990	0.01663	0.00670	0.00659
24	0.03391	0.02609	0.10510	0.03938	0.24905	0.02134	0.02568	0.04160	0.05867	0.24622	0.02982	0.03036	0.02099	0.01126	0.01049	0.00325	0.01130	0.00984	0.00857	0.01709
25	0.18753	0.02024	0.02380	0.13530	0.03461	0.02228	0.01769	0.09593	0.10831	0.16123	0.03028	0.06898	0.02331	0.01333	0.00988	0.00343	0.00984	0.01064	0.00901	0.01439
26	0.04677	0.01907	0.02520	0.01932	0.02753	0.01714	0.01596	0.09561	0.03206	0.52316	0.04020	0.03500	0.02541	0.01305	0.01063	0.00326	0.00924	0.01053	0.01285	0.01799
27	0.04067	0.02068	0.02520	0.02022	0.02781	0.02057	0.01641	0.10864	0.17614	0.36367	0.04017	0.03571	0.02692	0.01339	0.01066	0.00335	0.00913	0.01087	0.01214	0.01764
28	0.08716	0.16825	0.10298	0.03083	0.13782	0.08201	0.02334	0.11361	0.08825	0.03871	0.02142	0.02364	0.01690	0.01067	0.00922	0.00300	0.01225	0.00813	0.00660	0.01522
29	0.01288	0.00920	0.01227	0.01472	0.01534	0.00859	0.00981	0.01472	0.02024	0.02699	0.05828	0.62152	0.06993	0.03312	0.01350	0.00429	0.00613	0.03006	0.00981	0.00859
30	0.01430	0.00980	0.01185	0.01291	0.01318	0.00953	0.00788	0.01509	0.01748	0.02331	0.04410	0.30792	0.05205	0.37112	0.03639	0.00768	0.00847	0.02172	0.00788	0.00735
31	0.01288	0.00920	0.01227	0.01472	0.01534	0.00859	0.00981	0.01472	0.02024	0.02699	0.05828	0.62152	0.06993	0.03312	0.01350	0.00429	0.00613	0.03006	0.00981	0.00859
32	0.02575	0.42781	0.24030	0.02239	0.03378	0.03567	0.02557	0.03231	0.02178	0.02795	0.01622	0.01887	0.01351	0.00940	0.00795	0.00265	0.01285	0.00642	0.00450	0.01430
33	0.04175	0.02712	0.03019	0.02314	0.03154	0.02909	0.01912	0.42507	0.04554	0.17467	0.02889	0.02766	0.01974	0.01278	0.01059	0.00319	0.01107	0.00976	0.01112	0.01798
34	0.01579	0.01267	0.01444	0.01511	0.01777	0.01267	0.01086	0.02418	0.13903	0.03132	0.06877	0.34234	0.20070	0.02709	0.01259	0.00393	0.00641	0.02378	0.01003	0.01052
35	0.04456	0.02261	0.02739	0.02100	0.02929	0.02239	0.01735	0.24046	0.03799	0.36994	0.03523	0.03178	0.02292	0.01293	0.01061	0.00323	0.01004	0.01019	0.01209	0.01799
36	0.02630	0.02271	0.02391	0.02152	0.02749	0.02630	0.01674	0.05618	0.54336	0.04423	0.04303	0.03945	0.03228	0.01434	0.01076	0.00359	0.00837	0.01195	0.01076	0.01674
37	0.01538	0.01025	0.01153	0.01153	0.01153	0.01025	0.00641	0.01538	0.01538	0.02050	0.03331	0.06919	0.03844	0.62842	0.05382	0.01025	0.01025	0.01538	0.00641	0.00641
38	0.10799	0.02256	0.02345	0.02062	0.02696	0.02567	0.01624	0.08217	0.41637	0.08155	0.03853	0.03573	0.02853	0.01363	0.01024	0.00350	0.00859	0.01098	0.01041	0.01628
39	0.04116	0.02348	0.02737	0.02149	0.02944	0.02427	0.01759	0.24639	0.11872	0.28197	0.03526	0.03220	0.02379	0.01312	0.01063	0.00328	0.00997	0.01039	0.01170	0.01779
40	0.11050	0.02145	0.02428	0.02063	0.02591	0.02465	0.01669	0.22507	0.07485	0.04573	0.02577	0.03075	0.02091	0.03481	0.20143	0.00787	0.05694	0.00984	0.00808	0.01383
41	0.02121	0.05469	0.57364	0.03014	0.04576	0.02455	0.03906	0.03348	0.02232	0.03348	0.01897	0.02232	0.01339	0.01005	0.01005	0.00335	0.01563	0.00781	0.00446	0.01563
42	0.01288	0.00920	0.01227	0.01472	0.01534	0.00859	0.00981	0.01472	0.02024	0.02699	0.05828	0.62152	0.06993	0.03312	0.01350	0.00429	0.00613	0.03006	0.00981	0.00859
43	0.01597	0.01105	0.01408	0.01534	0.01649	0.01101	0.01145	0.01830	0.01976	0.02598	0.04523	0.12805	0.05067	0.31754	0.03338	0.00742	0.00975	0.23232	0.00814	0.00806
44	0.02939	0.07121	0.02820	0.01997	0.02829	0.02504	0.01636	0.19855	0.14288	0.04642	0.02585	0.02644	0.01983	0.01093	0.00928	0.00258	0.00947	0.00851	0.00852	0.27228
45	0.01510	0.01133	0.01699	0.01699	0.01888	0.01322	0.01322	0.01888	0.01699	0.02454	0.02832	0.04154	0.02643	0.07930	0.58652	0.01699	0.02832	0.01133	0.00566	0.00944
46	0.02905	0.23204	0.15295	0.02420	0.03440	0.03065	0.06901	0.11563	0.06782	0.07042	0.02211	0.02379	0.01686	0.01042	0.00923	0.00287	0.01225	0.00820	0.00671	0.06138
47	0.02184	0.10997	0.17622	0.28761	0.05205	0.02556	0.02809	0.03100	0.06553	0.02937	0.02033	0.02635	0.01565	0.01218	0.01186	0.04625	0.01333	0.00868	0.00512	0.01299
48	0.01601	0.00995	0.01146	0.01194	0.01301	0.00974	0.00778	0.01829	0.01976	0.02939	0.08778	0.18587	0.04797	0.26257	0.02767	0.00605	0.00732	0.01745	0.20178	0.00821
49	0.01331	0.01074	0.01184	0.01156	0.01478	0.00927	0.00867	0.01675	0.02602	0.03312	0.25525	0.09425	0.40719	0.02508	0.01249	0.00349	0.00523	0.02126	0.01042	0.00927
50	0.01623	0.01122	0.01250	0.01231	0.01278	0.01150	0.00721	0.01856	0.05652	0.02235	0.03407	0.06687	0.03796	0.58056	0.05046	0.00973	0.01010	0.01511	0.00675	0.00721
51	0.01605	0.01271	0.01880	0.01826	0.01992	0.01547	0.01438	0.01965	0.01690	0.02465	0.02663	0.03938	0.02496	0.07217	0.52178	0.01554	0.09645	0.01108	0.00554	0.00969
52	0.03699	0.01865	0.02260	0.01868	0.02544	0.01854	0.01499	0.04996	0.20401	0.32863	0.04132	0.03757	0.02836	0.01342	0.01030	0.00328	0.00831	0.01099	0.09137	0.01661
53	0.01910	0.01159	0.01506	0.01371	0.01687	0.01062	0.01045	0.02397	0.02944	0.10407	0.46102	0.07125	0.08620	0.01998	0.01191	0.00326	0.00545	0.01750	0.05761	0.01091
54	0.01666	0.01100	0.01399	0.01364	0.01633	0.00993	0.01007	0.02050	0.02684	0.07837	0.33179	0.20142	0.16072	0.02436	0.01256	0.00358	0.00562	0.02143	0.01105	0.01013
55	0.02684	0.01660	0.01877	0.01673	0.02144	0.01737	0.01297	0.08293	0.17245	0.12822	0.07268	0.11108	0.03731	0.01617	0.01022	0.00325	0.00733	0.01358	0.20035	0.01371
56	0.12207	0.01947	0.02392	0.01884	0.02666	0.01859	0.01547	0.08178	0.07385	0.42961	0.03755	0.03336	0.02441	0.01278	0.01016	0.00329	0.00903	0.01009	0.01195	0.01712
57	0.01431	0.01056	0.01346	0.01380	0.01603	0.00971	0.01030	0.01823	0.02634	0.03582	0.32955	0.20825	0.15951	0.02570	0.01290	0.00372	0.00574	0.06582	0.01077	0.00948
58	0.01712	0.01328	0.01655	0.01403	0.01867	0.01125	0.01077	0.02202	0.02745	0.03993	0.38999	0.06128	0.07368	0.01734	0.01103	0.00278	0.00587	0.01513	0.00997	0.22184
59	0.03612	0.02352	0.02642	0.02163	0.02894	0.02536	0.01742	0.19598	0.25814	0.19168	0.03740	0.03431	0.02636	0.01351	0.01067	0.00338	0.00951	0.01087	0.01133	0.01745
60	0.01309	0.00940	0.01271	0.01493	0.01566	0.00902	0.01013	0.01511	0.01994	0.02676	0.05550	0.56777	0.06590	0.03740	0.06660	0.00547	0.00819	0.02832	0.00943	0.00867
61	0.02905	0.25490	0.03986	0.02576	0.10648	0.03040	0.01926	0.14200	0.02832	0.03809	0.01889	0.02145	0.01555	0.00962	0.00844	0.00242	0.01069	0.00723	0.00643	0.18515
62	0.01997	0.01879	0.03171	0.60301	0.07282	0.02349	0.02936	0.02701	0.02114	0.02701	0.01879	0.02819	0.01409	0.01057	0.01057	0.00352	0.01409	0.00940	0.00470	0.01175
63	0.02294	0.01884	0.02111	0.01810	0.02388	0.01944	0.01411	0.06893	0.25676	0.04313	0.18876	0.04674	0.04798	0.01508	0.01067	0.00308	0.00747	0.01278	0.01011	0.15007
64	0.02588	0.04525	0.40949	0.02754	0.04069	0.02463	0.03254	0.07999	0.08898	0.08732	0.02456	0.02594	0.01727	0.01108	0.01023	0.00336	0.01379	0.00872	0.00655	0.01618
65	0.01288	0.00920	0.01227	0.01472	0.01534	0.00859	0.00981	0.01472	0.02024	0.02699	0.05828	0.62152	0.06993	0.03312	0.01350	0.00429	0.00613	0.03006	0.00981	0.00859
66	0.02773	0.02809	0.04140	0.06048	0.50031	0.09092	0.03104	0.03360	0.02477	0.03353	0.01947	0.02534	0.01638	0.00959	0.01036	0.00309	0.01332	0.00911	0.00526	0.01622
67	0.03290	0.03133	0.17570	0.03710	0.20272	0.02306	0.02766	0.09878	0.02858	0.19728	0.02681	0.02798	0.01882	0.01107	0.01042	0.00324	0.01219	0.00937	0.00802	0.01697
68	0.02369	0.02179	0.03646	0.22279	0.36317	0.02321	0.02919	0.03008	0.02301	0.03271	0.02091	0.02801	0.01690	0.01004	0.01021	0.00319	0.01232	0.00945	0.06826	0.01459
69	0.01496	0.01081	0.01413	0.01330	0.01580	0.00998	0.00998	0.01995	0.02993	0.04240	0.55689	0.07898	0.09976	0.02162	0.01247	0.00333	0.00499	0.01912	0.01164	0.00998
70	0.01397	0.01077	0.01276	0.01226	0.01519	0.00955	0.00920	0.01803	0.02759	0.03684	0.37611	0.08813	0.28401	0.02369	0.01248	0.00342	0.00514	0.02040	0.01091	0.00955
71	0.02695	0.56174	0.05090	0.01825	0.02652	0.03836	0.01797	0.03052	0.02182	0.02567	0.01954	0.02896	0.01912	0.01141	0.00770	0.00257	0.01112	0.06263	0.00513	0.01312
72	0.04233	0.02619	0.02961	0.02270	0.03108	0.02770	0.01875	0.38680	0.04397	0.21515	0.03020	0.02851	0.02040	0.01281	0.01059	0.00320	0.01086	0.00985	0.01132	0.01798
73	0.02192	0.01879	0.02192	0.01566	0.02506	0.01409	0.01253	0.02662	0.02192	0.03445	0.01879	0.02192	0.01566	0.00783	0.00783	0.00157	0.00783	0.00626	0.00626	0.69305
74	0.02121	0.05469	0.57364	0.03014	0.04576	0.02455	0.03906	0.03348	0.02232	0.03348	0.01897	0.02232	0.01339	0.01005	0.01005	0.00335	0.01563	0.00781	0.00446	0.01563
75	0.01446	0.01079	0.01344	0.01278	0.01549	0.00976	0.00958	0.01898	0.02875	0.03960	0.46580	0.08359	0.19260	0.02266	0.01248	0.00338	0.00506	0.01977	0.01127	0.00976
76	0.01284	0.00938	0.01209	0.01425	0.01521	0.00863	0.00961	0.01478	0.02070	0.02717	0.06400	0.56054	0.12721	0.03238	0.01338	0.00421	0.00604	0.02915	0.00982	0.00863
77	0.03649	0.02529	0.02921	0.09085	0.03563	0.02784	0.01987	0.31010	0.13111	0.13696	0.03031	0.02988	0.02135	0.01280	0.01062	0.00330	0.01093	0.01011	0.01031	0.01703
78	0.02178	0.01232	0.01632	0.01446	0.01815	0.01114	0.01114	0.02658	0.03000	0.15314	0.44871	0.06995	0.08431	0.01982	0.01208	0.00331	0.00583	0.01734	0.01194	0.01166
79	0.01616	0.01274	0.01388	0.01322	0.01681	0.01183	0.00997	0.07588	0.02744	0.03484	0.15658	0.15864	0.36302	0.02522	0.01240	0.00358	0.00614	0.02138	0.01017	0.01010
80	0.14193	0.24122	0.03498	0.02037	0.02549	0.10512	0.01743	0.02958	0.02068	0.02923	0.01985	0.08959	0.01990	0.01438	0.01418	0.00327	0.14568	0.00949	0.00563	0.01200
81	0.07573	0.02758	0.03427	0.10348	0.04004	0.07182	0.10105	0.23503	0.07894	0.08899	0.02526	0.02727	0.01826	0.01165	0.01057	0.00330	0.01284	0.00982	0.00851	0.01559
82	0.01455	0.01116	0.01352	0.01475	0.01662	0.01083	0.01035	0.02007	0.08300	0.03047	0.10336	0.42561	0.14800	0.02898	0.01293	0.00402	0.00618	0.02581	0.01007	0.00971
83	0.02394	0.01873	0.02213	0.01591	0.02521	0.01421	0.01277	0.02859	0.02258	0.07674	0.02060	0.02304	0.01649	0.00825	0.00805	0.00170	0.00792	0.00661	0.00680	0.63973
84	0.44805	0.06096	0.02586	0.02007	0.02614	0.07420	0.06175	0.03153	0.01962	0.03991	0.01536	0.01921	0.01253	0.01099	0.01130	0.00338	0.09433	0.00693	0.00595	0.01192
85	0.06802	0.01056	0.01307	0.01424	0.01587	0.01019	0.00999	0.01755	0.02290	0.03312	0.20082	0.41493	0.07405	0.02791	0.01265	0.00393	0.00596	0.02493	0.01009	0.00922
86	0.11917	0.02698	0.08498	0.09721	0.04093	0.02479	0.13397	0.14761	0.02912	0.08424	0.02217	0.02548	0.01614	0.01042	0.01010	0.00315	0.01259	0.00921	0.00727	0.09449

[dist]
# distance from previous block
# <min> <max>
0	2

[block]
# block no. 2 follows, 13 sequences, length 132
# corresponding to MSA columns:
# 1699-1830
name=unknown_C
#
# <colnr> <probs for GDERKNQSTAVLIFYWHMCP>
#	G	D	E	R	K	N	Q	S	T	A	V	L	I	F	Y	W	H	M	C	P
0	0.02494	0.22233	0.03536	0.01964	0.02726	0.02644	0.04989	0.06780	0.09819	0.03497	0.06424	0.07466	0.02796	0.01258	0.00920	0.00268	0.00966	0.01034	0.00725	0.17461
1	0.01481	0.01012	0.01220	0.01310	0.01348	0.00994	0.00826	0.01574	0.01750	0.02326	0.04224	0.22874	0.04918	0.41051	0.03917	0.00812	0.00905	0.05961	0.00765	0.00730
2	0.01336	0.00957	0.01270	0.01440	0.01544	0.00891	0.00985	0.01592	0.02246	0.03052	0.17258	0.49714	0.07677	0.03049	0.01326	0.00407	0.00587	0.02755	0.01023	0.00891
3	0.03346	0.04577	0.14552	0.02882	0.03712	0.33742	0.07055	0.07604	0.06599	0.03248	0.01992	0.02253	0.01545	0.01091	0.01008	0.00303	0.01693	0.00811	0.00599	0.01388
4	0.04332	0.02460	0.02863	0.02195	0.03029	0.02535	0.01813	0.32213	0.04133	0.28356	0.03242	0.02996	0.02151	0.01286	0.01060	0.00322	0.01050	0.01000	0.01166	0.01799
5	0.01288	0.00920	0.01227	0.01472	0.01534	0.00859	0.00981	0.01472	0.02024	0.02699	0.05828	0.62152	0.06993	0.03312	0.01350	0.00429	0.00613	0.03006	0.00981	0.00859
6	0.01865	0.01700	0.02828	0.02418	0.02712	0.01998	0.10209	0.02295	0.01815	0.02633	0.02377	0.03503	0.02174	0.05317	0.36038	0.01183	0.16217	0.01104	0.00537	0.01075
7	0.02819	0.16332	0.12739	0.12537	0.07932	0.07308	0.02538	0.06880	0.02450	0.07650	0.01957	0.02367	0.01530	0.01153	0.01284	0.00323	0.09382	0.00821	0.00584	0.01416
8	0.01971	0.00985	0.00985	0.00985	0.01232	0.00985	0.00739	0.02464	0.02217	0.03942	0.03449	0.03942	0.02710	0.01232	0.00739	0.00246	0.00493	0.00985	0.68712	0.00985
9	0.02501	0.11828	0.09543	0.13146	0.32471	0.02744	0.06638	0.03174	0.02316	0.03185	0.01898	0.02489	0.01551	0.00955	0.01004	0.00312	0.01328	0.00892	0.00498	0.01526
10	0.01510	0.01133	0.01699	0.01699	0.01888	0.01322	0.01322	0.01888	0.01699	0.02454	0.02832	0.04154	0.02643	0.07930	0.58652	0.01699	0.02832	0.01133	0.00566	0.00944
11	0.03163	0.01896	0.02967	0.32315	0.09255	0.02038	0.02398	0.03741	0.02508	0.24844	0.02820	0.03120	0.01922	0.01150	0.01059	0.00339	0.01190	0.00990	0.00815	0.01468
12	0.02625	0.17521	0.13019	0.03052	0.08672	0.02777	0.12995	0.03644	0.10105	0.07104	0.02640	0.06649	0.02185	0.01191	0.01020	0.00321	0.01257	0.01076	0.00665	0.01481
13	0.01538	0.01025	0.01153	0.01153	0.01153	0.01025	0.00641	0.01538	0.01538	0.02050	0.03331	0.06919	0.03844	0.62842	0.05382	0.01025	0.01025	0.01538	0.00641	0.00641
14	0.01891	0.01176	0.01537	0.01557	0.01741	0.01184	0.01167	0.02142	0.01982	0.07722	0.04026	0.07683	0.04217	0.29487	0.12545	0.00904	0.01295	0.16044	0.00795	0.00904
15	0.07325	0.02576	0.08428	0.12946	0.11738	0.02490	0.05972	0.13787	0.02815	0.07909	0.02496	0.07621	0.02080	0.01331	0.01240	0.00349	0.05611	0.01107	0.00724	0.01454
16	0.04593	0.02041	0.02603	0.01996	0.02819	0.01912	0.01649	0.15028	0.03430	0.46533	0.03832	0.03379	0.02447	0.01300	0.01062	0.00325	0.00954	0.01040	0.01257	0.01799
17	0.01538	0.01025	0.01153	0.01153	0.01153	0.01025	0.00641	0.01538	0.01538	0.02050	0.03331	0.06919	0.03844	0.62842	0.05382	0.01025	0.01025	0.01538	0.00641	0.00641
18	0.02691	0.01678	0.02065	0.01666	0.02334	0.01434	0.01303	0.06611	0.02622	0.16330	0.07510	0.15447	0.03619	0.01577	0.01024	0.00279	0.00781	0.01349	0.00936	0.28745
19	0.23265	0.02954	0.17573	0.01961	0.02719	0.06683	0.01962	0.02866	0.02312	0.03855	0.14109	0.09049	0.03748	0.01484	0.00978	0.00336	0.01032	0.01173	0.00731	0.01211
20	0.01702	0.01103	0.01431	0.01391	0.01652	0.01004	0.01026	0.02102	0.02723	0.08217	0.36201	0.20551	0.12054	0.02401	0.01256	0.00357	0.00562	0.02123	0.01119	0.01025
21	0.09597	0.01681	0.02025	0.01725	0.02305	0.01638	0.01398	0.07254	0.06608	0.24401	0.15609	0.05520	0.08002	0.01711	0.01114	0.00347	0.00801	0.05723	0.01126	0.01415
22	0.07735	0.41733	0.08112	0.01879	0.02792	0.03361	0.01851	0.03615	0.02325	0.14780	0.02098	0.02156	0.01621	0.01006	0.00784	0.00263	0.01088	0.00691	0.00655	0.01455
23	0.02844	0.03143	0.19170	0.03128	0.04180	0.02163	0.21258	0.03643	0.02512	0.16788	0.02923	0.08345	0.02283	0.01252	0.01143	0.00350	0.01391	0.01233	0.00746	0.01506
24	0.01604	0.01207	0.01520	0.01530	0.01819	0.01166	0.01222	0.02251	0.06562	0.03746	0.31054	0.09085	0.14980	0.02399	0.01296	0.00382	0.00665	0.15408	0.01077	0.01026
25	0.07255	0.08643	0.11438	0.33062	0.09328	0.07295	0.02791	0.03040	0.02208	0.02971	0.01801	0.02452	0.01390	0.01023	0.00974	0.00326	0.01393	0.00832	0.00488	0.01289
26	0.03000	0.02211	0.06976	0.20229	0.12699	0.02073	0.02392	0.07135	0.02642	0.19248	0.03004	0.08639	0.02368	0.01341	0.01081	0.00342	0.01151	0.01164	0.00818	0.01484
27	0.03302	0.39244	0.04573	0.02082	0.02941	0.07900	0.01892	0.19558	0.03140	0.03870	0.01834	0.01989	0.01502	0.01038	0.00824	0.00260	0.01199	0.00701	0.00658	0.01492
28	0.02123	0.01811	0.05855	0.01847	0.02402	0.01536	0.01610	0.03052	0.10737	0.07279	0.15583	0.06819	0.05145	0.01899	0.01175	0.00353	0.00850	0.15880	0.00957	0.13090
29	0.01644	0.01039	0.01530	0.01530	0.01629	0.01138	0.01110	0.01657	0.01558	0.02176	0.02467	0.03975	0.02405	0.10193	0.32821	0.28867	0.01930	0.01076	0.00529	0.00727
30	0.01320	0.00943	0.01263	0.01508	0.01583	0.00886	0.01036	0.01526	0.02055	0.02734	0.05810	0.58361	0.06924	0.03283	0.01358	0.00434	0.00641	0.06488	0.00981	0.00867
31	0.03061	0.02601	0.03127	0.06772	0.03257	0.07207	0.02193	0.15366	0.02720	0.08610	0.01985	0.02494	0.01603	0.01541	0.02285	0.00392	0.31782	0.00927	0.00695	0.01382
32	0.02455	0.02034	0.02730	0.02057	0.02800	0.01894	0.05264	0.02901	0.02166	0.07765	0.01990	0.02385	0.01620	0.01057	0.01399	0.00249	0.13348	0.00771	0.00643	0.44471
33	0.02313	0.02313	0.03238	0.02776	0.02776	0.03238	0.02313	0.02545	0.01619	0.02545	0.01388	0.02313	0.01388	0.01851	0.03470	0.00463	0.60907	0.00925	0.00463	0.01157
34	0.01821	0.01431	0.01765	0.01626	0.01833	0.01571	0.01217	0.06714	0.02373	0.03240	0.15219	0.11368	0.12586	0.15978	0.06734	0.00617	0.10405	0.01674	0.00840	0.00988
35	0.02045	0.01929	0.03259	0.56083	0.11120	0.02362	0.02961	0.02744	0.02137	0.02760	0.01888	0.02803	0.01430	0.01048	0.01056	0.00349	0.01397	0.00940	0.00474	0.01214
36	0.01709	0.01350	0.01950	0.01854	0.01973	0.01661	0.01442	0.01952	0.01641	0.02387	0.02476	0.03882	0.02394	0.10193	0.38357	0.07635	0.14583	0.01099	0.00540	0.00922
37	0.01521	0.01089	0.01479	0.01479	0.01592	0.01202	0.01047	0.01747	0.01634	0.02292	0.03033	0.05268	0.03127	0.30058	0.37185	0.01428	0.02104	0.01296	0.00596	0.00822
38	0.02263	0.01645	0.01982	0.01903	0.02274	0.01716	0.01522	0.17288	0.03120	0.04163	0.08460	0.24206	0.05352	0.02484	0.01288	0.00406	0.00885	0.16837	0.01016	0.01190
39	0.01997	0.01879	0.03171	0.60301	0.07282	0.02349	0.02936	0.02701	0.02114	0.02701	0.01879	0.02819	0.01409	0.01057	0.01057	0.00352	0.01409	0.00940	0.00470	0.01175
40	0.02121	0.05469	0.57364	0.03014	0.04576	0.02455	0.03906	0.03348	0.02232	0.03348	0.01897	0.02232	0.01339	0.01005	0.01005	0.00335	0.01563	0.00781	0.00446	0.01563
41	0.02140	0.01240	0.01575	0.01496	0.01817	0.01175	0.01116	0.02715	0.06428	0.13102	0.23539	0.21984	0.06630	0.02197	0.01183	0.00353	0.00627	0.01933	0.07603	0.01148
42	0.01997	0.01879	0.03171	0.60301	0.07282	0.02349	0.02936	0.02701	0.02114	0.02701	0.01879	0.02819	0.01409	0.01057	0.01057	0.00352	0.01409	0.00940	0.00470	0.01175
43	0.02875	0.01375	0.01844	0.01580	0.02057	0.01224	0.01236	0.03306	0.02918	0.26794	0.28911	0.11061	0.06534	0.01901	0.01177	0.00339	0.00682	0.01648	0.01209	0.01330
44	0.02070	0.01280	0.01767	0.07113	0.02347	0.01231	0.01323	0.02574	0.02873	0.12308	0.38742	0.07032	0.07711	0.01977	0.01216	0.00345	0.00684	0.05162	0.01106	0.01139
45	0.10570	0.01766	0.02276	0.01783	0.02527	0.01591	0.01450	0.04702	0.02805	0.48172	0.03861	0.03666	0.02570	0.05737	0.01338	0.00378	0.00901	0.01052	0.01200	0.01655
46	0.01510	0.01133	0.01699	0.01699	0.01888	0.01322	0.01322	0.01888	0.01699	0.02454	0.02832	0.04154	0.02643	0.07930	0.58652	0.01699	0.02832	0.01133	0.00566	0.00944
47	0.08871	0.02099	0.02778	0.02180	0.02966	0.02069	0.06281	0.08468	0.13683	0.33534	0.03691	0.03384	0.02481	0.01269	0.01052	0.00336	0.00982	0.01063	0.01122	0.01690
48	0.02496	0.02852	0.06239	0.04456	0.05526	0.02674	0.52406	0.03387	0.02496	0.03387	0.02139	0.02852	0.01604	0.00891	0.01248	0.00357	0.01783	0.01248	0.00535	0.01426
49	0.01529	0.01061	0.01333	0.01333	0.01395	0.01123	0.00865	0.01653	0.01591	0.02183	0.03167	0.06008	0.03448	0.44756	0.22927	0.01247	0.01620	0.01404	0.00616	0.00741
50	0.01288	0.00920	0.01227	0.01472	0.01534	0.00859	0.00981	0.01472	0.02024	0.02699	0.05828	0.62152	0.06993	0.03312	0.01350	0.00429	0.00613	0.03006	0.00981	0.00859
51	0.02514	0.08634	0.32594	0.03289	0.04582	0.02577	0.19010	0.03499	0.02377	0.07816	0.02134	0.02505	0.01533	0.00987	0.01063	0.00333	0.01545	0.00938	0.00548	0.01524
52	0.04019	0.02962	0.03173	0.02433	0.03279	0.03279	0.02010	0.52721	0.04971	0.06663	0.02538	0.02538	0.01798	0.01269	0.01058	0.00317	0.01163	0.00952	0.01058	0.01798
53	0.01510	0.01133	0.01699	0.01699	0.01888	0.01322	0.01322	0.01888	0.01699	0.02454	0.02832	0.04154	0.02643	0.07930	0.58652	0.01699	0.02832	0.01133	0.00566	0.00944
54	0.02557	0.02452	0.04184	0.11646	0.51554	0.02497	0.03215	0.03193	0.02379	0.03382	0.01978	0.02636	0.01649	0.00953	0.01048	0.00318	0.01271	0.00942	0.00518	0.01627
