[name]
unknown

[dist]
# distance from previous block
# <min> <max>
8	29

[block]
# block no. 0 follows, 15 sequences, length 40
# corresponding to MSA columns:
# 29-68
name=unknown_A
#
# <colnr> <probs for GDERKNQSTAVLIFYWHMCP>
#	G	D	E	R	K	N	Q	S	T	A	V	L	I	F	Y	W	H	M	C	P
0	0.02283	0.01452	0.01929	0.02138	0.09311	0.01436	0.01382	0.05988	0.07101	0.13081	0.04125	0.28537	0.04130	0.05900	0.01342	0.00384	0.00772	0.01768	0.05757	0.01185
1	0.02302	0.01282	0.01536	0.01451	0.01785	0.01261	0.01087	0.07366	0.05362	0.13979	0.04233	0.27492	0.04084	0.01964	0.01026	0.00327	0.00656	0.01704	0.19974	0.01130
2	0.11434	0.01351	0.01507	0.01441	0.01801	0.01389	0.01086	0.02924	0.10765	0.11732	0.07040	0.22792	0.04088	0.01841	0.00990	0.00330	0.00649	0.01572	0.14142	0.01127
3	0.05948	0.01315	0.01698	0.06204	0.02227	0.01303	0.01252	0.06082	0.02423	0.14395	0.12455	0.31194	0.05159	0.02168	0.01129	0.00354	0.00720	0.01907	0.00964	0.01104
4	0.10723	0.01536	0.01788	0.06305	0.02352	0.01651	0.01330	0.09466	0.09532	0.06804	0.04014	0.32195	0.04158	0.02093	0.01084	0.00359	0.00771	0.01816	0.00889	0.01135
5	0.06090	0.01414	0.01678	0.01537	0.01888	0.01488	0.01184	0.03014	0.12715	0.11297	0.18988	0.13230	0.04975	0.01758	0.01171	0.00327	0.04509	0.01470	0.10104	0.01162
6	0.07865	0.02158	0.02803	0.02291	0.02822	0.06198	0.11604	0.10057	0.09522	0.06743	0.06291	0.11070	0.02939	0.01470	0.01229	0.00332	0.06608	0.01250	0.05488	0.01260
7	0.06471	0.01928	0.02296	0.06063	0.02737	0.02017	0.01592	0.14934	0.05121	0.07303	0.02645	0.03839	0.02320	0.05755	0.01452	0.00347	0.06524	0.07558	0.00765	0.18333
8	0.03870	0.01555	0.02087	0.01649	0.02283	0.01364	0.01317	0.04211	0.02667	0.48162	0.07489	0.04077	0.03087	0.09642	0.01548	0.00395	0.00838	0.01115	0.01142	0.01502
9	0.02114	0.02082	0.05951	0.09966	0.02703	0.10940	0.01574	0.02416	0.02096	0.05784	0.09932	0.11064	0.03540	0.14597	0.02195	0.04851	0.05252	0.01301	0.00671	0.00972
10	0.25735	0.01900	0.02511	0.01944	0.02697	0.01850	0.08376	0.04025	0.02419	0.34534	0.02870	0.02735	0.01900	0.01084	0.00902	0.00312	0.00933	0.00878	0.00941	0.01454
11	0.01445	0.00973	0.01119	0.01109	0.01140	0.00963	0.00648	0.01506	0.01630	0.02204	0.10361	0.06645	0.04382	0.56717	0.04563	0.00881	0.00901	0.01496	0.00669	0.00648
12	0.01523	0.01214	0.01792	0.01735	0.01890	0.01483	0.01369	0.01861	0.01592	0.02325	0.02492	0.03689	0.02337	0.06725	0.53446	0.01449	0.10596	0.01042	0.00521	0.00916
13	0.01642	0.00976	0.01308	0.01439	0.01590	0.00896	0.00996	0.01843	0.02032	0.10002	0.05290	0.56329	0.06053	0.02876	0.01237	0.00392	0.00614	0.02594	0.00966	0.00926
14	0.01981	0.01673	0.01971	0.01447	0.02248	0.01278	0.01150	0.02428	0.02166	0.03347	0.09171	0.02772	0.02516	0.00909	0.00796	0.00169	0.00703	0.00750	0.00657	0.61869
15	0.62812	0.01797	0.01395	0.01261	0.01827	0.02065	0.01029	0.02851	0.01748	0.04374	0.01632	0.01894	0.01273	0.00956	0.00627	0.00298	0.00731	0.00591	0.09777	0.01060
16	0.01411	0.01019	0.01333	0.01254	0.01489	0.00941	0.00941	0.01881	0.02822	0.03998	0.58221	0.07447	0.09406	0.02038	0.01176	0.00314	0.00470	0.01803	0.01097	0.00941
17	0.04473	0.01697	0.02313	0.01774	0.02545	0.01465	0.01465	0.04858	0.02853	0.59437	0.03933	0.03393	0.02468	0.01234	0.01003	0.00308	0.00848	0.01003	0.01234	0.01697
18	0.02067	0.01772	0.02067	0.01477	0.02362	0.01329	0.01181	0.02510	0.02067	0.03248	0.01772	0.02067	0.01477	0.00738	0.00738	0.00148	0.00738	0.00591	0.00591	0.71059
19	0.02106	0.02472	0.08443	0.03447	0.04312	0.02145	0.38907	0.02863	0.02357	0.03189	0.06816	0.04280	0.06790	0.01232	0.01179	0.00344	0.01424	0.05835	0.00609	0.01248
20	0.02665	0.65565	0.05224	0.01706	0.02559	0.03945	0.01706	0.02985	0.02026	0.02345	0.01386	0.01599	0.01279	0.00853	0.00640	0.00213	0.01066	0.00533	0.00426	0.01279
21	0.01443	0.00995	0.01231	0.01231	0.01280	0.01044	0.00783	0.01542	0.01492	0.02039	0.03010	0.05798	0.03309	0.48971	0.20638	0.01143	0.01440	0.01344	0.00585	0.00684
22	0.02738	0.02857	0.15803	0.04158	0.28001	0.02206	0.07481	0.03574	0.05750	0.13977	0.02396	0.02663	0.01765	0.00991	0.01000	0.00309	0.01203	0.00918	0.00652	0.01557
23	0.02266	0.02163	0.03683	0.25562	0.40877	0.02316	0.02959	0.02883	0.02175	0.03012	0.01840	0.02533	0.01493	0.00926	0.00990	0.00309	0.01234	0.00887	0.00476	0.01417
24	0.28869	0.23969	0.03475	0.02778	0.17878	0.02861	0.01843	0.02985	0.01969	0.03403	0.01522	0.01847	0.01287	0.00890	0.00727	0.00272	0.00987	0.00634	0.00517	0.01287
25	0.02605	0.60133	0.10132	0.01808	0.02717	0.03798	0.01884	0.03001	0.02033	0.02418	0.01422	0.01645	0.01278	0.00861	0.00667	0.00222	0.01103	0.00551	0.00426	0.01297
26	0.01595	0.01485	0.05244	0.01768	0.05400	0.01156	0.01296	0.01979	0.02154	0.03078	0.13950	0.30138	0.05175	0.02039	0.01080	0.00310	0.00692	0.01819	0.00814	0.18827
27	0.01279	0.00987	0.01167	0.01179	0.01423	0.00876	0.00863	0.01604	0.02426	0.03191	0.28641	0.18959	0.28935	0.02440	0.01195	0.00340	0.00505	0.02119	0.00995	0.00876
28	0.08501	0.02117	0.01833	0.01701	0.02045	0.13376	0.01248	0.03144	0.16070	0.03117	0.09683	0.04345	0.03412	0.18113	0.06627	0.00575	0.01138	0.01140	0.00748	0.01068
29	0.01269	0.00907	0.01145	0.01294	0.01375	0.00850	0.00854	0.01437	0.01915	0.02544	0.09072	0.45473	0.10215	0.14442	0.01962	0.00497	0.00637	0.02450	0.00878	0.00783
30	0.02467	0.02369	0.04046	0.06119	0.58747	0.02369	0.03059	0.03059	0.02270	0.03257	0.01875	0.02467	0.01579	0.00888	0.00987	0.00296	0.01184	0.00888	0.00493	0.01579
31	0.01429	0.01031	0.01357	0.01306	0.01541	0.00959	0.01000	0.01898	0.02774	0.03906	0.53460	0.07788	0.09076	0.02102	0.01194	0.00327	0.00511	0.06320	0.01081	0.00939
32	0.03724	0.04751	0.02825	0.02568	0.03082	0.60963	0.01926	0.03981	0.02825	0.02440	0.01541	0.01798	0.01284	0.01027	0.00899	0.00257	0.01798	0.00642	0.00514	0.01156
33	0.02729	0.02453	0.03837	0.05361	0.47716	0.02512	0.02829	0.13438	0.02749	0.03857	0.01978	0.02453	0.01602	0.00949	0.00989	0.00297	0.01167	0.00890	0.00593	0.01602
34	0.01210	0.00887	0.01137	0.01336	0.01432	0.00814	0.00902	0.01394	0.01959	0.02565	0.06129	0.56778	0.13721	0.03041	0.01259	0.00395	0.00568	0.02733	0.00925	0.00814
35	0.02524	0.01981	0.02305	0.06298	0.02864	0.02208	0.01758	0.17959	0.21287	0.04265	0.03823	0.05663	0.03403	0.01729	0.01123	0.00365	0.00953	0.17185	0.00939	0.01368
36	0.03790	0.02792	0.02992	0.02294	0.03091	0.03091	0.01895	0.55423	0.04687	0.06283	0.02393	0.02393	0.01695	0.01197	0.00997	0.00299	0.01097	0.00898	0.00997	0.01695
37	0.01765	0.09562	0.01983	0.01468	0.01870	0.01643	0.01184	0.02662	0.13833	0.03507	0.26969	0.06585	0.15932	0.01884	0.01088	0.00320	0.00651	0.05051	0.00949	0.01097
38	0.02355	0.02169	0.03543	0.17329	0.39595	0.02277	0.02755	0.06495	0.02422	0.03375	0.06219	0.02885	0.02136	0.01021	0.01004	0.00305	0.01154	0.00959	0.00564	0.01439
39	0.03450	0.03705	0.02649	0.02350	0.02914	0.37184	0.01799	0.07972	0.17364	0.07176	0.02438	0.02463	0.01864	0.01140	0.00944	0.00285	0.01414	0.00814	0.00731	0.01344

[dist]
# distance from previous block
# <min> <max>
0	1

[block]
# block no. 1 follows, 15 sequences, length 6
# corresponding to MSA columns:
# 70-75
name=unknown_B
#
# <colnr> <probs for GDERKNQSTAVLIFYWHMCP>
#	G	D	E	R	K	N	Q	S	T	A	V	L	I	F	Y	W	H	M	C	P
0	0.01256	0.00900	0.01194	0.01360	0.01455	0.00837	0.00929	0.01492	0.02102	0.02852	0.16647	0.52287	0.07188	0.02894	0.01252	0.00386	0.00556	0.02616	0.00962	0.00837
1	0.02067	0.01772	0.02067	0.01477	0.02362	0.01329	0.01181	0.02510	0.02067	0.03248	0.01772	0.02067	0.01477	0.00738	0.00738	0.00148	0.00738	0.00591	0.00591	0.71059
2	0.01518	0.01157	0.01736	0.07482	0.02343	0.01312	0.01490	0.01931	0.01829	0.02519	0.03297	0.05799	0.03268	0.05568	0.38988	0.01169	0.02063	0.14983	0.00630	0.00918
3	0.02166	0.17989	0.29313	0.15365	0.04552	0.02690	0.08746	0.02993	0.02091	0.02846	0.01718	0.02171	0.01308	0.00924	0.00913	0.00298	0.01373	0.00770	0.00436	0.01337
4	0.01432	0.01035	0.01436	0.01436	0.01557	0.01156	0.01039	0.01674	0.01553	0.02191	0.02822	0.04757	0.02857	0.26016	0.42975	0.01397	0.02121	0.01191	0.00557	0.00798
5	0.01427	0.01056	0.01542	0.01542	0.01700	0.01214	0.01172	0.01742	0.01584	0.02270	0.02725	0.04219	0.02624	0.14149	0.54522	0.01528	0.02472	0.01112	0.00542	0.00857

[dist]
# distance from previous block
# <min> <max>
0	1

[block]
# block no. 2 follows, 15 sequences, length 33
# corresponding to MSA columns:
# 77-109
name=unknown_C
#
# <colnr> <probs for GDERKNQSTAVLIFYWHMCP>
#	G	D	E	R	K	N	Q	S	T	A	V	L	I	F	Y	W	H	M	C	P
0	0.03570	0.14336	0.03398	0.02413	0.07289	0.02969	0.01892	0.34526	0.03747	0.12652	0.02377	0.02389	0.01715	0.01113	0.00930	0.00284	0.01064	0.00843	0.00884	0.01609
1	0.01247	0.00891	0.01194	0.01425	0.01498	0.00838	0.00982	0.01445	0.01941	0.02581	0.05476	0.59894	0.06522	0.03092	0.01281	0.00409	0.00607	0.06933	0.00925	0.00819
2	0.02067	0.01772	0.02067	0.01477	0.02362	0.01329	0.01181	0.02510	0.02067	0.03248	0.01772	0.02067	0.01477	0.00738	0.00738	0.00148	0.00738	0.00591	0.00591	0.71059
3	0.01427	0.01058	0.01549	0.01549	0.01709	0.01217	0.01180	0.01746	0.01586	0.02275	0.02719	0.04185	0.02609	0.13398	0.55252	0.01537	0.02495	0.01107	0.00541	0.00861
4	0.01858	0.00929	0.00929	0.00929	0.01161	0.00929	0.00697	0.02323	0.02091	0.03717	0.03252	0.03717	0.02555	0.01161	0.00697	0.00232	0.00465	0.00929	0.70499	0.00929
5	0.02101	0.02029	0.03545	0.40461	0.22840	0.02287	0.06972	0.02757	0.02107	0.02818	0.01823	0.02601	0.01421	0.00951	0.01008	0.00321	0.01312	0.00909	0.00463	0.01272
6	0.02067	0.01772	0.02067	0.01477	0.02362	0.01329	0.01181	0.02510	0.02067	0.03248	0.01772	0.02067	0.01477	0.00738	0.00738	0.00148	0.00738	0.00591	0.00591	0.71059
7	0.02469	0.17749	0.37576	0.02526	0.03712	0.08767	0.02932	0.07587	0.02379	0.03173	0.01728	0.01990	0.01305	0.00956	0.00881	0.00286	0.01389	0.00697	0.00480	0.01418
8	0.02297	0.02449	0.08363	0.05068	0.43876	0.02271	0.02824	0.02894	0.02255	0.03257	0.07627	0.02927	0.02338	0.01079	0.01183	0.00311	0.06003	0.00968	0.00545	0.01466
9	0.01225	0.01012	0.01075	0.01059	0.01375	0.00861	0.00794	0.01521	0.02383	0.02955	0.19758	0.09163	0.48520	0.02427	0.01178	0.00332	0.00498	0.02044	0.00960	0.00861
10	0.01607	0.01500	0.05078	0.07203	0.10125	0.01322	0.01588	0.02097	0.02440	0.03345	0.26915	0.11437	0.12394	0.01952	0.01151	0.00338	0.00757	0.06835	0.00867	0.01048
11	0.03094	0.02475	0.03464	0.02638	0.03328	0.02684	0.12804	0.25685	0.03218	0.09092	0.02182	0.02469	0.01629	0.01195	0.01457	0.00322	0.13276	0.00933	0.00772	0.07283
12	0.03885	0.02639	0.02897	0.02221	0.03015	0.02865	0.01835	0.48367	0.04431	0.13700	0.02608	0.02533	0.01803	0.01202	0.00998	0.00300	0.01062	0.00912	0.01030	0.01696
13	0.04473	0.01697	0.02313	0.01774	0.02545	0.01465	0.01465	0.04858	0.02853	0.59437	0.03933	0.03393	0.02468	0.01234	0.01003	0.00308	0.00848	0.01003	0.01234	0.01697
14	0.01999	0.05157	0.59800	0.02841	0.04315	0.02315	0.03683	0.03157	0.02105	0.03157	0.01789	0.02105	0.01263	0.00947	0.00947	0.00316	0.01473	0.00737	0.00421	0.01473
15	0.03724	0.04751	0.02825	0.02568	0.03082	0.60963	0.01926	0.03981	0.02825	0.02440	0.01541	0.01798	0.01284	0.01027	0.00899	0.00257	0.01798	0.00642	0.00514	0.01156
16	0.01215	0.00868	0.01157	0.01388	0.01446	0.00810	0.00925	0.01388	0.01909	0.02545	0.05495	0.64315	0.06593	0.03123	0.01272	0.00405	0.00578	0.02834	0.00925	0.00810
17	0.72007	0.01928	0.01465	0.01311	0.01928	0.02236	0.01080	0.02930	0.01697	0.04473	0.01388	0.01619	0.01080	0.00925	0.00617	0.00308	0.00771	0.00540	0.00617	0.01080
18	0.01999	0.05157	0.59800	0.02841	0.04315	0.02315	0.03683	0.03157	0.02105	0.03157	0.01789	0.02105	0.01263	0.00947	0.00947	0.00316	0.01473	0.00737	0.00421	0.01473
19	0.01411	0.01019	0.01333	0.01254	0.01489	0.00941	0.00941	0.01881	0.02822	0.03998	0.58221	0.07447	0.09406	0.02038	0.01176	0.00314	0.00470	0.01803	0.01097	0.00941
20	0.01215	0.00868	0.01157	0.01388	0.01446	0.00810	0.00925	0.01388	0.01909	0.02545	0.05495	0.64315	0.06593	0.03123	0.01272	0.00405	0.00578	0.02834	0.00925	0.00810
21	0.01883	0.01772	0.02990	0.62569	0.06866	0.02215	0.02769	0.02547	0.01993	0.02547	0.01772	0.02658	0.01329	0.00997	0.00997	0.00332	0.01329	0.00886	0.00443	0.01107
22	0.72007	0.01928	0.01465	0.01311	0.01928	0.02236	0.01080	0.02930	0.01697	0.04473	0.01388	0.01619	0.01080	0.00925	0.00617	0.00308	0.00771	0.00540	0.00617	0.01080
23	0.02665	0.65565	0.05224	0.01706	0.02559	0.03945	0.01706	0.02985	0.02026	0.02345	0.01386	0.01599	0.01279	0.00853	0.00640	0.00213	0.01066	0.00533	0.00426	0.01279
24	0.01883	0.01772	0.02990	0.62569	0.06866	0.02215	0.02769	0.02547	0.01993	0.02547	0.01772	0.02658	0.01329	0.00997	0.00997	0.00332	0.01329	0.00886	0.00443	0.01107
25	0.01178	0.01010	0.01010	0.01010	0.01347	0.00842	0.00757	0.01431	0.02272	0.02693	0.10099	0.09594	0.58342	0.02525	0.01178	0.00337	0.00505	0.02104	0.00926	0.00842
26	0.01750	0.03502	0.36713	0.02242	0.03160	0.01792	0.02577	0.02510	0.01921	0.02793	0.02577	0.11027	0.02460	0.12297	0.07847	0.00565	0.01399	0.01157	0.00527	0.01187
27	0.03724	0.04751	0.02825	0.02568	0.03082	0.60963	0.01926	0.03981	0.02825	0.02440	0.01541	0.01798	0.01284	0.01027	0.00899	0.00257	0.01798	0.00642	0.00514	0.01156
28	0.03790	0.02792	0.02992	0.02294	0.03091	0.03091	0.01895	0.55423	0.04687	0.06283	0.02393	0.02393	0.01695	0.01197	0.00997	0.00299	0.01097	0.00898	0.00997	0.01695
29	0.01516	0.01205	0.01639	0.01893	0.07534	0.01075	0.01197	0.01787	0.01978	0.02760	0.04369	0.45352	0.05042	0.02411	0.01135	0.00342	0.00673	0.02180	0.00813	0.15100
30	0.01424	0.01068	0.01602	0.01602	0.01780	0.01246	0.01246	0.01780	0.01602	0.02314	0.02670	0.03916	0.02492	0.07477	0.61015	0.01602	0.02670	0.01068	0.00534	0.00890
31	0.02567	0.06804	0.09251	0.03257	0.04182	0.02666	0.30011	0.10858	0.12838	0.03750	0.02392	0.02722	0.01788	0.00995	0.01068	0.00322	0.01376	0.01051	0.00656	0.01444
32	0.02024	0.01361	0.01554	0.01454	0.01864	0.01308	0.01131	0.06108	0.09281	0.11141	0.06906	0.15271	0.28083	0.02209	0.01150	0.00350	0.00674	0.06032	0.00984	0.01114

[dist]
# distance from previous block
# <min> <max>
0	5

[block]
# block no. 3 follows, 15 sequences, length 14
# corresponding to MSA columns:
# 115-128
name=unknown_D
#
# <colnr> <probs for GDERKNQSTAVLIFYWHMCP>
#	G	D	E	R	K	N	Q	S	T	A	V	L	I	F	Y	W	H	M	C	P
0	0.02459	0.03169	0.13427	0.04406	0.20708	0.07863	0.26807	0.03221	0.02334	0.03137	0.01895	0.02450	0.01472	0.00888	0.01059	0.00314	0.01513	0.00973	0.00489	0.01416
1	0.01578	0.01055	0.01334	0.01452	0.01597	0.01055	0.01128	0.01868	0.01958	0.02681	0.04248	0.08609	0.04580	0.25599	0.02666	0.00620	0.00882	0.27282	0.09005	0.00803
2	0.01953	0.01815	0.02903	0.55432	0.06362	0.02246	0.02628	0.02871	0.08472	0.02738	0.02041	0.02783	0.01531	0.01039	0.00999	0.00333	0.01265	0.00914	0.00510	0.01163
3	0.01641	0.01398	0.02271	0.01918	0.02280	0.01355	0.11761	0.02240	0.05641	0.03365	0.28265	0.13424	0.06100	0.07306	0.06032	0.00481	0.00951	0.01690	0.00870	0.01011
4	0.02681	0.54860	0.04738	0.01745	0.02577	0.07761	0.01669	0.03009	0.02087	0.02442	0.01435	0.01660	0.01299	0.00854	0.00668	0.00210	0.01086	0.00547	0.00449	0.08223
5	0.02136	0.13434	0.30729	0.03064	0.09350	0.02473	0.12193	0.02967	0.02169	0.03004	0.02546	0.02861	0.06634	0.01054	0.00966	0.00303	0.01328	0.00925	0.00491	0.01372
6	0.02436	0.02375	0.04046	0.15785	0.04520	0.02691	0.21267	0.11167	0.02426	0.03334	0.01834	0.02498	0.01448	0.01175	0.01677	0.00356	0.18145	0.00988	0.00551	0.01282
7	0.01858	0.00929	0.00929	0.00929	0.01161	0.00929	0.00697	0.02323	0.02091	0.03717	0.03252	0.03717	0.02555	0.01161	0.00697	0.00232	0.00465	0.00929	0.70499	0.00929
8	0.02668	0.02277	0.03683	0.05251	0.47174	0.02290	0.02743	0.03477	0.08144	0.08952	0.02312	0.02693	0.01823	0.00972	0.00991	0.00302	0.01109	0.00925	0.00623	0.01591
9	0.01494	0.01136	0.01391	0.01332	0.01600	0.01099	0.00995	0.02190	0.09059	0.03745	0.41828	0.12509	0.13600	0.02110	0.01166	0.00327	0.00522	0.01851	0.01053	0.00993
10	0.01456	0.01200	0.01949	0.01781	0.02045	0.01119	0.09345	0.01831	0.02280	0.03126	0.22394	0.35937	0.06735	0.02410	0.01226	0.00364	0.00714	0.02236	0.00917	0.00936
11	0.01858	0.00929	0.00929	0.00929	0.01161	0.00929	0.00697	0.02323	0.02091	0.03717	0.03252	0.03717	0.02555	0.01161	0.00697	0.00232	0.00465	0.00929	0.70499	0.00929
12	0.01995	0.02138	0.07538	0.47957	0.15886	0.02250	0.02890	0.02685	0.02051	0.02720	0.01792	0.02582	0.01368	0.00974	0.00991	0.00325	0.01314	0.00875	0.00450	0.01219
13	0.01551	0.01298	0.01587	0.06241	0.06471	0.01242	0.01208	0.05809	0.02428	0.03058	0.10376	0.13652	0.36971	0.02214	0.01145	0.00336	0.00673	0.01884	0.00870	0.00988

[dist]
# distance from previous block
# <min> <max>
0	1

[block]
# block no. 4 follows, 15 sequences, length 35
# corresponding to MSA columns:
# 130-164
name=unknown_E
#
# <colnr> <probs for GDERKNQSTAVLIFYWHMCP>
#	G	D	E	R	K	N	Q	S	T	A	V	L	I	F	Y	W	H	M	C	P
0	0.03324	0.02487	0.03023	0.02756	0.11146	0.07764	0.05645	0.18622	0.03119	0.16236	0.02431	0.02527	0.01754	0.01035	0.00954	0.00272	0.01099	0.00859	0.00820	0.14125
1	0.01215	0.00868	0.01157	0.01388	0.01446	0.00810	0.00925	0.01388	0.01909	0.02545	0.05495	0.64315	0.06593	0.03123	0.01272	0.00405	0.00578	0.02834	0.00925	0.00810
2	0.03337	0.07434	0.02945	0.02192	0.02912	0.06279	0.01794	0.34624	0.18910	0.05181	0.02732	0.02669	0.02015	0.01205	0.00970	0.00301	0.01049	0.00919	0.00932	0.01601
3	0.02888	0.03022	0.16974	0.03346	0.18703	0.02335	0.02532	0.16925	0.02908	0.10462	0.02215	0.02425	0.01624	0.01008	0.00956	0.00288	0.01148	0.00836	0.00702	0.08705
4	0.03105	0.08533	0.11412	0.02340	0.07002	0.05651	0.01989	0.03587	0.02358	0.23705	0.02653	0.05402	0.02005	0.01204	0.01167	0.00297	0.07325	0.00916	0.00774	0.08575
5	0.02258	0.08515	0.24101	0.03543	0.04696	0.02564	0.33454	0.03164	0.02243	0.03114	0.01890	0.02405	0.01409	0.00878	0.01056	0.00319	0.01562	0.00976	0.00470	0.01383
6	0.06593	0.05119	0.05530	0.01773	0.02461	0.01771	0.01523	0.04188	0.12134	0.32485	0.12040	0.03834	0.03455	0.01330	0.00992	0.00310	0.00822	0.01088	0.01058	0.01495
7	0.02560	0.12395	0.08574	0.04889	0.41560	0.02662	0.02812	0.06986	0.02400	0.03335	0.01832	0.02299	0.01516	0.00911	0.00931	0.00285	0.01182	0.00822	0.00515	0.01533
8	0.03290	0.01942	0.02622	0.13252	0.08698	0.02022	0.01902	0.07082	0.16000	0.27447	0.03296	0.03199	0.02278	0.01185	0.01003	0.00318	0.00966	0.00996	0.00954	0.01550
9	0.01346	0.00939	0.01102	0.01177	0.01230	0.00903	0.00724	0.01428	0.01682	0.02209	0.04614	0.25525	0.10182	0.38581	0.03446	0.00720	0.00794	0.01964	0.00741	0.00695
10	0.07243	0.02132	0.03327	0.21102	0.30032	0.02394	0.02635	0.03005	0.06178	0.03123	0.01917	0.02525	0.01555	0.01044	0.01199	0.00325	0.07504	0.00879	0.00521	0.01360
11	0.12746	0.07303	0.08447	0.02020	0.02797	0.12164	0.01788	0.09611	0.05260	0.24351	0.02628	0.02534	0.01818	0.01103	0.00902	0.00294	0.01103	0.00814	0.00853	0.01465
12	0.02538	0.01825	0.02859	0.11496	0.26394	0.01823	0.02177	0.03005	0.02276	0.14404	0.03296	0.04258	0.06722	0.07315	0.01422	0.00382	0.01041	0.04711	0.00713	0.01343
13	0.01221	0.01012	0.01069	0.01054	0.01373	0.00860	0.00791	0.01513	0.02372	0.02931	0.18863	0.09203	0.49430	0.02436	0.01178	0.00332	0.00499	0.02049	0.00957	0.00860
14	0.02419	0.08395	0.30318	0.02953	0.11423	0.02463	0.02806	0.13588	0.02718	0.03829	0.07603	0.02718	0.02221	0.01093	0.00963	0.00302	0.01224	0.00883	0.00617	0.01465
15	0.02538	0.58967	0.04853	0.01695	0.02479	0.03669	0.01659	0.02862	0.01982	0.02342	0.01517	0.01836	0.01403	0.01530	0.06816	0.00355	0.01230	0.00588	0.00437	0.01240
16	0.09343	0.28486	0.32525	0.02242	0.03385	0.02945	0.02645	0.03067	0.02032	0.02972	0.01591	0.01858	0.01251	0.00908	0.00793	0.00275	0.01243	0.00637	0.00443	0.01358
17	0.01424	0.01068	0.01602	0.01602	0.01780	0.01246	0.01246	0.01780	0.01602	0.02314	0.02670	0.03916	0.02492	0.07477	0.61015	0.01602	0.02670	0.01068	0.00534	0.00890
18	0.01883	0.01772	0.02990	0.62569	0.06866	0.02215	0.02769	0.02547	0.01993	0.02547	0.01772	0.02658	0.01329	0.00997	0.00997	0.00332	0.01329	0.00886	0.00443	0.01107
19	0.01389	0.01018	0.01302	0.01231	0.01476	0.00931	0.00923	0.01838	0.02770	0.03874	0.53655	0.07650	0.14049	0.02084	0.01176	0.00316	0.00474	0.01831	0.01081	0.00931
20	0.03375	0.04219	0.03160	0.02729	0.03286	0.48938	0.09463	0.03710	0.02702	0.02554	0.01851	0.05747	0.01641	0.01129	0.00961	0.00277	0.01706	0.00852	0.00537	0.01162
21	0.01606	0.01147	0.01606	0.01836	0.02065	0.01147	0.01606	0.02065	0.02295	0.02983	0.05278	0.11245	0.05737	0.02754	0.01377	0.00459	0.00918	0.52037	0.00918	0.00918
22	0.01200	0.01011	0.01041	0.01033	0.01360	0.00851	0.00775	0.01473	0.02324	0.02817	0.14664	0.09390	0.53699	0.02479	0.01178	0.00334	0.00502	0.02075	0.00942	0.00851
23	0.01215	0.00868	0.01157	0.01388	0.01446	0.00810	0.00925	0.01388	0.01909	0.02545	0.05495	0.64315	0.06593	0.03123	0.01272	0.00405	0.00578	0.02834	0.00925	0.00810
24	0.02665	0.65565	0.05224	0.01706	0.02559	0.03945	0.01706	0.02985	0.02026	0.02345	0.01386	0.01599	0.01279	0.00853	0.00640	0.00213	0.01066	0.00533	0.00426	0.01279
25	0.03724	0.04751	0.02825	0.02568	0.03082	0.60963	0.01926	0.03981	0.02825	0.02440	0.01541	0.01798	0.01284	0.01027	0.00899	0.00257	0.01798	0.00642	0.00514	0.01156
26	0.01215	0.00868	0.01157	0.01388	0.01446	0.00810	0.00925	0.01388	0.01909	0.02545	0.05495	0.64315	0.06593	0.03123	0.01272	0.00405	0.00578	0.02834	0.00925	0.00810
27	0.02067	0.01772	0.02067	0.01477	0.02362	0.01329	0.01181	0.02510	0.02067	0.03248	0.01772	0.02067	0.01477	0.00738	0.00738	0.00148	0.00738	0.00591	0.00591	0.71059
28	0.01955	0.01154	0.01423	0.01277	0.01656	0.01014	0.00985	0.02334	0.02642	0.14836	0.30873	0.07349	0.24571	0.02039	0.01141	0.00320	0.00559	0.01742	0.01067	0.01061
29	0.32867	0.01794	0.01957	0.01579	0.02285	0.01789	0.01303	0.04048	0.02367	0.36328	0.02863	0.02647	0.01884	0.01104	0.00840	0.00308	0.00816	0.00808	0.00974	0.01437
30	0.01608	0.01677	0.07833	0.01958	0.02422	0.01324	0.07008	0.02122	0.02275	0.02945	0.05875	0.09005	0.18862	0.02314	0.01260	0.00399	0.00942	0.28345	0.00827	0.00998
31	0.02338	0.01477	0.01803	0.01560	0.01993	0.01469	0.01220	0.08305	0.10746	0.13913	0.35378	0.05697	0.06508	0.01715	0.01104	0.00315	0.00645	0.01475	0.01099	0.01240
32	0.02078	0.01935	0.03230	0.33214	0.27543	0.02152	0.02669	0.02646	0.02052	0.02776	0.01953	0.02971	0.01664	0.07424	0.01405	0.00382	0.01233	0.00944	0.00480	0.01250
33	0.01571	0.01558	0.06505	0.01898	0.02307	0.01301	0.06941	0.02059	0.02213	0.02950	0.10484	0.11177	0.13849	0.03000	0.09780	0.00559	0.01154	0.18908	0.00801	0.00984
34	0.02054	0.08396	0.02950	0.36742	0.04917	0.06949	0.02260	0.02563	0.02094	0.02617	0.06290	0.03271	0.05969	0.01245	0.01211	0.00324	0.07542	0.00982	0.00527	0.01096

[dist]
# distance from previous block
# <min> <max>
0	13

[block]
# block no. 5 follows, 15 sequences, length 17
# corresponding to MSA columns:
# 178-194
name=unknown_F
#
# <colnr> <probs for GDERKNQSTAVLIFYWHMCP>
#	G	D	E	R	K	N	Q	S	T	A	V	L	I	F	Y	W	H	M	C	P
0	0.49754	0.08117	0.02516	0.02047	0.06826	0.02483	0.06307	0.05894	0.02000	0.04158	0.01540	0.01826	0.01212	0.00923	0.00721	0.00300	0.00933	0.00645	0.00600	0.01197
1	0.14615	0.02769	0.13657	0.02632	0.06847	0.02302	0.10576	0.15010	0.02811	0.09522	0.07512	0.02839	0.02285	0.01111	0.00969	0.00312	0.01127	0.00947	0.00745	0.01413
2	0.08851	0.02077	0.07386	0.02133	0.02810	0.01789	0.10412	0.03165	0.11485	0.08730	0.03219	0.16658	0.02950	0.01484	0.01011	0.00315	0.00944	0.01336	0.00774	0.12471
3	0.01493	0.01206	0.01695	0.16593	0.02804	0.01271	0.01366	0.01926	0.02305	0.03098	0.26548	0.06247	0.14859	0.07389	0.06515	0.00484	0.00918	0.01535	0.00816	0.00934
4	0.02467	0.02369	0.04046	0.06119	0.58747	0.02369	0.03059	0.03059	0.02270	0.03257	0.01875	0.02467	0.01579	0.00888	0.00987	0.00296	0.01184	0.00888	0.00493	0.01579
5	0.02381	0.01935	0.02519	0.08401	0.12460	0.02144	0.01913	0.04035	0.29251	0.07163	0.03466	0.04121	0.02808	0.01856	0.05841	0.00441	0.01074	0.05930	0.00838	0.01423
6	0.01424	0.01068	0.01602	0.01602	0.01780	0.01246	0.01246	0.01780	0.01602	0.02314	0.02670	0.03916	0.02492	0.07477	0.61015	0.01602	0.02670	0.01068	0.00534	0.00890
7	0.02119	0.16005	0.49999	0.02637	0.03999	0.02608	0.03328	0.03126	0.02090	0.03011	0.01717	0.02014	0.01266	0.00930	0.00892	0.00297	0.01400	0.00700	0.00422	0.01438
8	0.01883	0.01772	0.02990	0.62569	0.06866	0.02215	0.02769	0.02547	0.01993	0.02547	0.01772	0.02658	0.01329	0.00997	0.00997	0.00332	0.01329	0.00886	0.00443	0.01107
9	0.72007	0.01928	0.01465	0.01311	0.01928	0.02236	0.01080	0.02930	0.01697	0.04473	0.01388	0.01619	0.01080	0.00925	0.00617	0.00308	0.00771	0.00540	0.00617	0.01080
10	0.01421	0.00980	0.01127	0.01127	0.01176	0.00980	0.00678	0.01478	0.01543	0.02041	0.03765	0.06578	0.08764	0.53698	0.09842	0.00965	0.01079	0.01477	0.00628	0.00653
11	0.02067	0.01772	0.02067	0.01477	0.02362	0.01329	0.01181	0.02510	0.02067	0.03248	0.01772	0.02067	0.01477	0.00738	0.00738	0.00148	0.00738	0.00591	0.00591	0.71059
12	0.01411	0.01019	0.01333	0.01254	0.01489	0.00941	0.00941	0.01881	0.02822	0.03998	0.58221	0.07447	0.09406	0.02038	0.01176	0.00314	0.00470	0.01803	0.01097	0.00941
13	0.72007	0.01928	0.01465	0.01311	0.01928	0.02236	0.01080	0.02930	0.01697	0.04473	0.01388	0.01619	0.01080	0.00925	0.00617	0.00308	0.00771	0.00540	0.00617	0.01080
14	0.01477	0.01054	0.01353	0.06143	0.01710	0.01115	0.00921	0.01632	0.01631	0.02216	0.07351	0.05815	0.03698	0.44402	0.14535	0.00978	0.01264	0.01364	0.00618	0.00723
15	0.02251	0.02063	0.03308	0.09493	0.24005	0.02117	0.09256	0.07059	0.07524	0.03513	0.08316	0.04145	0.07227	0.01301	0.01071	0.00323	0.01084	0.03898	0.00693	0.01356
16	0.02934	0.21014	0.11467	0.01953	0.02773	0.02580	0.01869	0.07882	0.12198	0.16175	0.07119	0.02984	0.02541	0.01163	0.00904	0.00287	0.00982	0.00904	0.00811	0.01460

[dist]
# distance from previous block
# <min> <max>
0	10

[block]
# block no. 6 follows, 15 sequences, length 22
# corresponding to MSA columns:
# 205-226
name=unknown_G
#
# <colnr> <probs for GDERKNQSTAVLIFYWHMCP>
#	G	D	E	R	K	N	Q	S	T	A	V	L	I	F	Y	W	H	M	C	P
0	0.02581	0.28957	0.18285	0.02543	0.07238	0.06296	0.05602	0.07574	0.02359	0.03070	0.01682	0.01966	0.01360	0.00910	0.00827	0.00258	0.01236	0.00691	0.00500	0.06064
1	0.27685	0.11817	0.06368	0.01598	0.02190	0.02167	0.01438	0.02834	0.02153	0.08845	0.15853	0.03308	0.03348	0.01277	0.00997	0.00304	0.04984	0.00933	0.00738	0.01161
2	0.02583	0.08355	0.03727	0.17537	0.32313	0.06742	0.02668	0.08405	0.02475	0.03268	0.01836	0.02373	0.01487	0.00951	0.00951	0.00294	0.01240	0.00838	0.00529	0.01429
3	0.02093	0.01336	0.01611	0.05129	0.02004	0.01329	0.01098	0.06158	0.05679	0.11394	0.10239	0.09248	0.13711	0.21853	0.02358	0.00531	0.00814	0.01520	0.00868	0.01025
4	0.01410	0.01018	0.01320	0.01320	0.01438	0.01084	0.00920	0.01602	0.01606	0.02190	0.03638	0.05621	0.08737	0.31646	0.30829	0.01199	0.01716	0.01339	0.00604	0.00762
5	0.01304	0.00937	0.01237	0.01327	0.01466	0.00870	0.00932	0.01614	0.02326	0.03209	0.29600	0.38315	0.07879	0.02627	0.01228	0.00363	0.00529	0.02363	0.01004	0.00870
6	0.03009	0.03560	0.02931	0.02591	0.02866	0.34117	0.02044	0.03248	0.02223	0.02421	0.01433	0.01975	0.01295	0.01360	0.01999	0.00340	0.30235	0.00749	0.00478	0.01125
7	0.03724	0.04751	0.02825	0.02568	0.03082	0.60963	0.01926	0.03981	0.02825	0.02440	0.01541	0.01798	0.01284	0.01027	0.00899	0.00257	0.01798	0.00642	0.00514	0.01156
8	0.02181	0.02181	0.03053	0.02617	0.02617	0.03053	0.02181	0.02399	0.01527	0.02399	0.01309	0.02181	0.01309	0.01745	0.03272	0.00436	0.63141	0.00872	0.00436	0.01091
9	0.01780	0.01055	0.01378	0.01430	0.01666	0.00959	0.01051	0.02049	0.02221	0.11785	0.10700	0.38252	0.12275	0.02618	0.01218	0.00378	0.00632	0.06585	0.00990	0.00976
10	0.02389	0.02047	0.02923	0.42743	0.05580	0.02447	0.02452	0.15308	0.07684	0.03580	0.02129	0.02693	0.01573	0.01077	0.00998	0.00325	0.01224	0.00911	0.00627	0.01290
11	0.01448	0.00974	0.01124	0.01124	0.01137	0.00987	0.00650	0.01473	0.01461	0.01960	0.03107	0.06336	0.03543	0.60837	0.09091	0.01012	0.01089	0.01422	0.00599	0.00625
12	0.02480	0.02141	0.02254	0.02029	0.02592	0.02480	0.01578	0.05297	0.56946	0.04170	0.04057	0.03719	0.03043	0.01352	0.01014	0.00338	0.00789	0.01127	0.01014	0.01578
13	0.01178	0.01010	0.01010	0.01010	0.01347	0.00842	0.00757	0.01431	0.02272	0.02693	0.10099	0.09594	0.58342	0.02525	0.01178	0.00337	0.00505	0.02104	0.00926	0.00842
14	0.01215	0.00868	0.01157	0.01388	0.01446	0.00810	0.00925	0.01388	0.01909	0.02545	0.05495	0.64315	0.06593	0.03123	0.01272	0.00405	0.00578	0.02834	0.00925	0.00810
15	0.01427	0.01059	0.01554	0.01554	0.01715	0.01220	0.01186	0.01749	0.01588	0.02279	0.02714	0.04160	0.02598	0.12847	0.55789	0.01543	0.02511	0.01104	0.00541	0.00863
16	0.02181	0.02181	0.03053	0.02617	0.02617	0.03053	0.02181	0.02399	0.01527	0.02399	0.01309	0.02181	0.01309	0.01745	0.03272	0.00436	0.63141	0.00872	0.00436	0.01091
17	0.02455	0.02541	0.08531	0.15873	0.38747	0.02410	0.02939	0.08373	0.02454	0.03429	0.01902	0.02464	0.01518	0.00945	0.00986	0.00305	0.01227	0.00876	0.00530	0.01495
18	0.02665	0.65565	0.05224	0.01706	0.02559	0.03945	0.01706	0.02985	0.02026	0.02345	0.01386	0.01599	0.01279	0.00853	0.00640	0.00213	0.01066	0.00533	0.00426	0.01279
19	0.02974	0.02255	0.12500	0.01963	0.02794	0.01549	0.04793	0.03504	0.02432	0.27565	0.03675	0.09042	0.06433	0.01348	0.00997	0.00296	0.00939	0.01148	0.00891	0.12904
20	0.02640	0.11444	0.23047	0.02705	0.03750	0.02572	0.13254	0.08407	0.09691	0.09285	0.02359	0.02531	0.01715	0.01019	0.00974	0.00307	0.01274	0.00894	0.00654	0.01479
21	0.02731	0.02136	0.02403	0.07602	0.03033	0.02431	0.01710	0.10176	0.41857	0.08985	0.03665	0.03457	0.02697	0.01294	0.01010	0.00331	0.00875	0.01071	0.00979	0.01557

[dist]
# distance from previous block
# <min> <max>
0	2

[block]
# block no. 7 follows, 15 sequences, length 20
# corresponding to MSA columns:
# 229-248
name=unknown_H
#
# <colnr> <probs for GDERKNQSTAVLIFYWHMCP>
#	G	D	E	R	K	N	Q	S	T	A	V	L	I	F	Y	W	H	M	C	P
0	0.08993	0.46024	0.04373	0.01833	0.02623	0.09768	0.01697	0.09336	0.02399	0.03011	0.01523	0.01717	0.01312	0.00919	0.00708	0.00236	0.01122	0.00589	0.00520	0.01298
1	0.01849	0.01214	0.01508	0.01558	0.01800	0.01212	0.01116	0.02561	0.12711	0.09641	0.05029	0.45284	0.05412	0.02554	0.01190	0.00380	0.00651	0.02284	0.00979	0.01065
2	0.03738	0.01836	0.02419	0.09062	0.03054	0.01796	0.01646	0.13410	0.03078	0.37589	0.08764	0.03526	0.02879	0.01278	0.01018	0.00310	0.00913	0.01049	0.01083	0.01551
3	0.01883	0.01772	0.02990	0.62569	0.06866	0.02215	0.02769	0.02547	0.01993	0.02547	0.01772	0.02658	0.01329	0.00997	0.00997	0.00332	0.01329	0.00886	0.00443	0.01107
4	0.01201	0.01011	0.01042	0.01034	0.01361	0.00851	0.00776	0.01475	0.02327	0.02822	0.14856	0.09382	0.53505	0.02477	0.01178	0.00334	0.00502	0.02074	0.00943	0.00851
5	0.01411	0.01019	0.01333	0.01254	0.01489	0.00941	0.00941	0.01881	0.02822	0.03998	0.58221	0.07447	0.09406	0.02038	0.01176	0.00314	0.00470	0.01803	0.01097	0.00941
6	0.72007	0.01928	0.01465	0.01311	0.01928	0.02236	0.01080	0.02930	0.01697	0.04473	0.01388	0.01619	0.01080	0.00925	0.00617	0.00308	0.00771	0.00540	0.00617	0.01080
7	0.01450	0.00966	0.01087	0.01087	0.01087	0.00966	0.00604	0.01450	0.01450	0.01933	0.03141	0.06524	0.03624	0.64965	0.05074	0.00966	0.00966	0.01450	0.00604	0.00604
8	0.01999	0.05157	0.59800	0.02841	0.04315	0.02315	0.03683	0.03157	0.02105	0.03157	0.01789	0.02105	0.01263	0.00947	0.00947	0.00316	0.01473	0.00737	0.00421	0.01473
9	0.01797	0.01079	0.01383	0.01266	0.01558	0.00995	0.00964	0.02257	0.02728	0.09867	0.45095	0.06517	0.07752	0.01835	0.01093	0.00302	0.00510	0.01601	0.10382	0.01020
10	0.01907	0.04506	0.50602	0.02592	0.03870	0.02099	0.03252	0.02956	0.02218	0.03289	0.10667	0.02945	0.02544	0.01119	0.00983	0.00315	0.01316	0.00904	0.00527	0.01389
11	0.02067	0.01772	0.02067	0.01477	0.02362	0.01329	0.01181	0.02510	0.02067	0.03248	0.01772	0.02067	0.01477	0.00738	0.00738	0.00148	0.00738	0.00591	0.00591	0.71059
12	0.01801	0.01334	0.01926	0.01719	0.01896	0.01432	0.05800	0.02012	0.01720	0.05530	0.03023	0.05639	0.03167	0.34982	0.10770	0.00838	0.08636	0.06285	0.00634	0.00855
13	0.03790	0.02792	0.02992	0.02294	0.03091	0.03091	0.01895	0.55423	0.04687	0.06283	0.02393	0.02393	0.01695	0.01197	0.00997	0.00299	0.01097	0.00898	0.00997	0.01695
14	0.01373	0.01018	0.01280	0.01214	0.01466	0.00924	0.00911	0.01807	0.02732	0.03784	0.50330	0.07799	0.17431	0.02118	0.01176	0.00317	0.00476	0.01852	0.01069	0.00924
15	0.02483	0.06270	0.03854	0.14371	0.35015	0.02454	0.05729	0.03038	0.02187	0.06662	0.01919	0.02491	0.01549	0.00999	0.01179	0.00312	0.06640	0.00888	0.00525	0.01434
16	0.02199	0.02235	0.03355	0.02786	0.02893	0.02997	0.07822	0.02484	0.01615	0.02484	0.01384	0.02235	0.01330	0.01648	0.03048	0.00426	0.56593	0.00905	0.00443	0.01118
17	0.02429	0.13917	0.12452	0.10639	0.21410	0.02677	0.02562	0.06043	0.11922	0.03309	0.02173	0.02496	0.01711	0.01001	0.00926	0.00296	0.01152	0.00844	0.00581	0.01459
18	0.01479	0.01152	0.01768	0.08868	0.02386	0.01362	0.01428	0.01872	0.01649	0.02342	0.02563	0.03766	0.02354	0.06704	0.53862	0.01451	0.02510	0.01046	0.00523	0.00916
19	0.02380	0.31059	0.25275	0.02970	0.13937	0.03038	0.02699	0.03063	0.02102	0.02821	0.01629	0.01953	0.01330	0.00895	0.00820	0.00267	0.01240	0.00676	0.00437	0.01409

[dist]
# distance from previous block
# <min> <max>
6	9

[block]
# block no. 8 follows, 15 sequences, length 13
# corresponding to MSA columns:
# 258-270
name=unknown_I
#
# <colnr> <probs for GDERKNQSTAVLIFYWHMCP>
#	G	D	E	R	K	N	Q	S	T	A	V	L	I	F	Y	W	H	M	C	P
0	0.02366	0.01994	0.02216	0.01746	0.02509	0.01895	0.01386	0.08180	0.21856	0.03845	0.02641	0.02685	0.02054	0.00998	0.00860	0.00229	0.00788	0.00809	0.00778	0.40167
1	0.01869	0.01914	0.06247	0.15156	0.19363	0.01778	0.05854	0.02437	0.02303	0.03145	0.14534	0.07749	0.10557	0.01471	0.01078	0.00322	0.01002	0.01343	0.00680	0.01198
2	0.01215	0.00868	0.01157	0.01388	0.01446	0.00810	0.00925	0.01388	0.01909	0.02545	0.05495	0.64315	0.06593	0.03123	0.01272	0.00405	0.00578	0.02834	0.00925	0.00810
3	0.02958	0.06601	0.09150	0.03286	0.17314	0.10845	0.02316	0.17484	0.12774	0.04048	0.02321	0.02493	0.01782	0.01077	0.00959	0.00296	0.01199	0.00864	0.00712	0.01523
4	0.10014	0.02176	0.02235	0.01976	0.02565	0.02508	0.01553	0.09473	0.46434	0.04389	0.03626	0.03378	0.02715	0.01293	0.00970	0.00332	0.00814	0.01044	0.00970	0.01535
5	0.01858	0.00929	0.00929	0.00929	0.01161	0.00929	0.00697	0.02323	0.02091	0.03717	0.03252	0.03717	0.02555	0.01161	0.00697	0.00232	0.00465	0.00929	0.70499	0.00929
6	0.03128	0.24764	0.03482	0.01996	0.02723	0.17802	0.01687	0.08391	0.08279	0.08454	0.02080	0.02164	0.01637	0.01005	0.00823	0.00247	0.01172	0.00707	0.00657	0.08802
7	0.09459	0.01990	0.02400	0.02121	0.08339	0.01815	0.01526	0.11050	0.02589	0.13762	0.02223	0.02350	0.01658	0.00929	0.00839	0.00230	0.00862	0.00736	0.00758	0.34364
8	0.16406	0.08512	0.08119	0.08321	0.03475	0.11744	0.07487	0.12606	0.07603	0.03819	0.01972	0.02232	0.01503	0.01022	0.00892	0.00299	0.01229	0.00790	0.00641	0.01329
9	0.14870	0.02399	0.08229	0.19887	0.09424	0.02312	0.10640	0.08654	0.02401	0.08925	0.02026	0.02455	0.01478	0.00989	0.00953	0.00318	0.01215	0.00870	0.00620	0.01334
10	0.15737	0.07937	0.03168	0.02836	0.11666	0.02085	0.12728	0.02696	0.02207	0.03390	0.07615	0.04953	0.03196	0.01462	0.01037	0.00342	0.01063	0.14027	0.00676	0.01179
11	0.09777	0.02086	0.07756	0.02647	0.14638	0.01834	0.01831	0.07650	0.05558	0.09490	0.09281	0.09460	0.10830	0.01529	0.01019	0.00320	0.00883	0.01296	0.00811	0.01304
12	0.01920	0.01828	0.07824	0.01713	0.02195	0.01555	0.01455	0.09848	0.02195	0.03108	0.02761	0.10030	0.02685	0.12853	0.21249	0.00813	0.01518	0.01175	0.00652	0.12624

[dist]
# distance from previous block
# <min> <max>
1	19

[block]
# block no. 9 follows, 15 sequences, length 39
# corresponding to MSA columns:
# 290-328
name=unknown_J
#
# <colnr> <probs for GDERKNQSTAVLIFYWHMCP>
#	G	D	E	R	K	N	Q	S	T	A	V	L	I	F	Y	W	H	M	C	P
0	0.07411	0.11311	0.13456	0.02223	0.02868	0.02692	0.02110	0.12745	0.02442	0.07979	0.02147	0.06936	0.01850	0.01382	0.01542	0.00337	0.17650	0.00944	0.00651	0.01327
1	0.18245	0.14568	0.03108	0.02709	0.13478	0.15237	0.01867	0.05890	0.02377	0.06728	0.01988	0.02626	0.01693	0.01084	0.00849	0.00287	0.01161	0.04204	0.00612	0.01288
2	0.12031	0.05690	0.06504	0.01778	0.02355	0.01904	0.01538	0.09643	0.08074	0.13100	0.07213	0.15025	0.03585	0.01684	0.01018	0.00336	0.00853	0.05495	0.00896	0.01279
3	0.08606	0.06378	0.10347	0.02162	0.03018	0.02223	0.07197	0.10541	0.02452	0.07254	0.01933	0.02209	0.01487	0.00980	0.01057	0.00263	0.06160	0.00755	0.00640	0.24339
4	0.02751	0.01842	0.02384	0.01985	0.05766	0.01661	0.01504	0.03157	0.02216	0.18196	0.02294	0.02462	0.01725	0.01017	0.01168	0.00239	0.09285	0.00757	0.00736	0.38855
5	0.02472	0.02436	0.05125	0.03720	0.04624	0.02271	0.45146	0.03210	0.02366	0.08834	0.02503	0.07930	0.02035	0.01072	0.01167	0.00339	0.01504	0.01298	0.00613	0.01335
6	0.01739	0.02418	0.18185	0.01792	0.02568	0.01427	0.01786	0.02315	0.02125	0.03093	0.08116	0.16571	0.07556	0.01563	0.00985	0.00280	0.00872	0.01338	0.00684	0.24589
7	0.01365	0.01007	0.01275	0.01229	0.01466	0.00918	0.00914	0.01784	0.02682	0.03715	0.47861	0.11645	0.16073	0.02181	0.01183	0.00323	0.00483	0.01916	0.01062	0.00918
8	0.02724	0.02511	0.09359	0.03853	0.22719	0.02193	0.12144	0.06224	0.07039	0.12689	0.06297	0.03063	0.02343	0.01075	0.01036	0.00312	0.01164	0.01028	0.00720	0.01506
9	0.02792	0.03480	0.29504	0.02688	0.03834	0.02041	0.12200	0.03620	0.02366	0.19637	0.02457	0.02585	0.01674	0.00998	0.00992	0.00307	0.01281	0.00885	0.00685	0.05976
10	0.59263	0.08444	0.01974	0.01433	0.02089	0.02481	0.01211	0.07339	0.01981	0.04409	0.01472	0.01682	0.01151	0.00941	0.00651	0.00298	0.00828	0.00569	0.00630	0.01151
11	0.02166	0.03147	0.26516	0.02988	0.11883	0.01919	0.06841	0.02962	0.02361	0.08037	0.12703	0.04055	0.03305	0.01304	0.01054	0.00325	0.01162	0.05247	0.00673	0.01354
12	0.02107	0.11032	0.49435	0.03011	0.08860	0.02485	0.03429	0.03131	0.02111	0.03084	0.01756	0.02085	0.01292	0.00932	0.00919	0.00304	0.01407	0.00729	0.00428	0.01463
13	0.01575	0.01057	0.01300	0.01238	0.01530	0.00941	0.00928	0.01944	0.02569	0.08039	0.34165	0.13506	0.23027	0.02226	0.01172	0.00329	0.00523	0.01930	0.01040	0.00960
14	0.01251	0.00986	0.01128	0.01150	0.01405	0.00863	0.00841	0.01549	0.02359	0.03032	0.22775	0.19279	0.34840	0.02500	0.01195	0.00343	0.00509	0.02156	0.00974	0.00863
15	0.01471	0.00970	0.01170	0.01170	0.01192	0.00993	0.00707	0.01478	0.01456	0.01963	0.02960	0.05895	0.03319	0.52445	0.11961	0.07123	0.01171	0.01351	0.00580	0.00625
16	0.02829	0.02315	0.02451	0.02100	0.02726	0.02643	0.01663	0.18684	0.42989	0.04734	0.03613	0.03365	0.02683	0.01311	0.01010	0.00328	0.00871	0.01066	0.01010	0.01609
17	0.01424	0.01068	0.01602	0.01602	0.01780	0.01246	0.01246	0.01780	0.01602	0.02314	0.02670	0.03916	0.02492	0.07477	0.61015	0.01602	0.02670	0.01068	0.00534	0.00890
18	0.02665	0.65565	0.05224	0.01706	0.02559	0.03945	0.01706	0.02985	0.02026	0.02345	0.01386	0.01599	0.01279	0.00853	0.00640	0.00213	0.01066	0.00533	0.00426	0.01279
19	0.01544	0.01159	0.01448	0.01351	0.01627	0.01133	0.01020	0.02308	0.09585	0.04019	0.51453	0.06981	0.08611	0.01952	0.01156	0.00317	0.00510	0.01718	0.01087	0.01020
20	0.02503	0.02320	0.08408	0.07960	0.17074	0.06533	0.02111	0.06036	0.02542	0.11138	0.11633	0.11043	0.03515	0.01444	0.01045	0.00316	0.01033	0.01259	0.00767	0.01320
21	0.01443	0.00993	0.01224	0.01224	0.01271	0.01041	0.00774	0.01537	0.01490	0.02034	0.03016	0.05832	0.03324	0.49721	0.19908	0.01135	0.01418	0.01349	0.00585	0.00680
22	0.02128	0.02241	0.07954	0.15184	0.34283	0.02073	0.02667	0.02757	0.02308	0.03257	0.12249	0.03391	0.02952	0.01125	0.01020	0.00307	0.01103	0.01044	0.00590	0.01367
23	0.03380	0.02246	0.09668	0.02043	0.02901	0.01713	0.04896	0.07821	0.02698	0.31572	0.03158	0.03426	0.02257	0.01192	0.00986	0.00293	0.00980	0.04399	0.00940	0.13432
24	0.03790	0.02792	0.02992	0.02294	0.03091	0.03091	0.01895	0.55423	0.04687	0.06283	0.02393	0.02393	0.01695	0.01197	0.00997	0.00299	0.01097	0.00898	0.00997	0.01695
25	0.02586	0.45120	0.14459	0.01958	0.02897	0.08019	0.02034	0.03059	0.02107	0.02566	0.01499	0.01740	0.01292	0.00875	0.00722	0.00230	0.01172	0.00582	0.00445	0.06638
26	0.01235	0.01012	0.01089	0.01070	0.01382	0.00866	0.00802	0.01541	0.02407	0.03014	0.21924	0.09066	0.46317	0.02405	0.01178	0.00331	0.00496	0.02030	0.00968	0.00866
27	0.01810	0.01657	0.02745	0.46820	0.10164	0.01973	0.02458	0.02379	0.02001	0.02605	0.02455	0.13820	0.02304	0.01373	0.01046	0.00342	0.01181	0.01239	0.00535	0.01092
28	0.01732	0.00866	0.01299	0.01299	0.01299	0.00866	0.00866	0.01299	0.01299	0.01732	0.01732	0.03030	0.01732	0.03463	0.03896	0.70996	0.00866	0.00866	0.00433	0.00433
29	0.04473	0.01697	0.02313	0.01774	0.02545	0.01465	0.01465	0.04858	0.02853	0.59437	0.03933	0.03393	0.02468	0.01234	0.01003	0.00308	0.00848	0.01003	0.01234	0.01697
