[name]
unknown

[dist]
# distance from previous block
# <min> <max>
4	9

[block]
# block no. 0 follows, 16 sequences, length 41
# corresponding to MSA columns:
# 9-49
name=unknown_A
#
# <colnr> <probs for GDERKNQSTAVLIFYWHMCP>
#	G	D	E	R	K	N	Q	S	T	A	V	L	I	F	Y	W	H	M	C	P
0	0.02414	0.07641	0.04137	0.04773	0.38695	0.02421	0.12175	0.06142	0.02372	0.03298	0.05067	0.02634	0.01933	0.00933	0.00975	0.00289	0.01184	0.00935	0.00538	0.01442
1	0.02364	0.02251	0.03762	0.05545	0.54732	0.02212	0.02811	0.02927	0.02189	0.03166	0.01814	0.02364	0.01526	0.00850	0.00938	0.00275	0.01113	0.00838	0.00488	0.07837
2	0.02149	0.03361	0.26209	0.08688	0.15323	0.02316	0.16137	0.03197	0.07154	0.03136	0.02006	0.02439	0.01508	0.00924	0.00993	0.00311	0.01356	0.00896	0.00496	0.01401
3	0.07703	0.11551	0.09863	0.02181	0.07418	0.02060	0.01833	0.04028	0.06202	0.33110	0.02903	0.02735	0.01973	0.01074	0.00894	0.00288	0.00948	0.00849	0.00879	0.01510
4	0.01387	0.01030	0.01513	0.01513	0.01670	0.01187	0.01156	0.01702	0.01544	0.02217	0.02637	0.04035	0.02522	0.12526	0.56976	0.01502	0.02448	0.01072	0.00525	0.00840
5	0.14838	0.17983	0.03088	0.13903	0.03264	0.09537	0.01815	0.03076	0.02033	0.10211	0.01747	0.02087	0.01373	0.01060	0.01126	0.00294	0.10109	0.00705	0.00562	0.01190
6	0.03078	0.10268	0.19610	0.02741	0.11409	0.02117	0.05041	0.03709	0.02368	0.26328	0.02563	0.02577	0.01762	0.01010	0.00925	0.00291	0.01109	0.00841	0.00745	0.01507
7	0.02109	0.02007	0.03410	0.35349	0.32758	0.02227	0.02830	0.02720	0.02070	0.02815	0.01772	0.02493	0.01411	0.00917	0.00964	0.00306	0.01223	0.00862	0.00455	0.01301
8	0.01238	0.00888	0.01176	0.01310	0.01418	0.00825	0.00904	0.01493	0.02122	0.02898	0.21563	0.47876	0.07231	0.02720	0.01209	0.00367	0.00531	0.02454	0.00950	0.00825
9	0.05856	0.01546	0.01454	0.01342	0.01650	0.08374	0.01040	0.02671	0.02094	0.08663	0.02773	0.03185	0.02178	0.01653	0.05977	0.00362	0.04737	0.00866	0.42566	0.01013
10	0.07448	0.12305	0.20982	0.02845	0.10030	0.02438	0.10480	0.07736	0.02284	0.06694	0.01964	0.02459	0.01553	0.05324	0.01172	0.00334	0.01222	0.00832	0.00553	0.01346
11	0.01265	0.00912	0.01253	0.01409	0.01501	0.00919	0.00996	0.01483	0.01777	0.02409	0.04522	0.43835	0.05214	0.07470	0.16634	0.00717	0.01108	0.04987	0.00787	0.00802
12	0.01222	0.00873	0.01172	0.01397	0.01471	0.00823	0.00971	0.01421	0.01896	0.02520	0.05319	0.59434	0.06320	0.02998	0.01248	0.00399	0.00598	0.08221	0.00899	0.00799
13	0.02475	0.48638	0.10128	0.02229	0.03141	0.03425	0.12495	0.02956	0.02038	0.02511	0.01502	0.01805	0.01287	0.00835	0.00750	0.00239	0.01188	0.00658	0.00429	0.01273
14	0.07760	0.06391	0.02603	0.02398	0.07661	0.18678	0.01726	0.04320	0.30975	0.03440	0.02762	0.02740	0.02136	0.01132	0.00905	0.00295	0.01081	0.00874	0.00750	0.01372
15	0.01518	0.01235	0.01814	0.01737	0.01878	0.01530	0.01376	0.01840	0.01544	0.02265	0.02356	0.03502	0.02214	0.06258	0.51410	0.01352	0.13764	0.01004	0.00502	0.00901
16	0.02631	0.49368	0.07575	0.01809	0.02631	0.03496	0.01764	0.08010	0.09244	0.02889	0.01782	0.01909	0.01494	0.00925	0.00715	0.00235	0.01027	0.00633	0.00536	0.01327
17	0.02330	0.02127	0.03304	0.23125	0.31159	0.02328	0.02606	0.07557	0.09532	0.03310	0.02107	0.02608	0.01652	0.00980	0.00967	0.00304	0.01139	0.00894	0.00570	0.01401
18	0.04167	0.01596	0.02153	0.01666	0.02378	0.01387	0.01371	0.04548	0.02721	0.56508	0.03777	0.03321	0.02405	0.01195	0.00953	0.00295	0.00798	0.00970	0.06193	0.01596
19	0.01340	0.00911	0.01077	0.01145	0.01162	0.00894	0.00681	0.01391	0.01544	0.02059	0.03744	0.24126	0.04394	0.46967	0.03818	0.00775	0.00826	0.01815	0.00681	0.00648
20	0.01197	0.00922	0.01095	0.01182	0.01374	0.00820	0.00837	0.01443	0.02139	0.02759	0.15812	0.33706	0.27963	0.02635	0.01186	0.00353	0.00517	0.02312	0.00927	0.00820
21	0.01410	0.00983	0.01261	0.01191	0.01420	0.00914	0.00894	0.01867	0.02681	0.03863	0.54424	0.06920	0.08558	0.01906	0.01102	0.00298	0.00457	0.01678	0.07262	0.00914
22	0.11286	0.02338	0.02749	0.02378	0.02504	0.08761	0.01959	0.02552	0.01631	0.02594	0.01305	0.02014	0.01241	0.01525	0.02621	0.00391	0.49847	0.00785	0.00454	0.01065
23	0.04137	0.01587	0.02137	0.01656	0.02362	0.01381	0.01362	0.04519	0.02712	0.55836	0.03769	0.03325	0.02406	0.01194	0.00950	0.00294	0.00794	0.00969	0.07021	0.01587
24	0.02591	0.66522	0.05079	0.01658	0.02488	0.03835	0.01658	0.02902	0.01969	0.02280	0.01347	0.01555	0.01244	0.00829	0.00622	0.00207	0.01036	0.00518	0.00415	0.01244
25	0.03620	0.04619	0.02747	0.02497	0.02996	0.62047	0.01873	0.03870	0.02747	0.02372	0.01498	0.01748	0.01248	0.00999	0.00874	0.00250	0.01748	0.00624	0.00499	0.01124
26	0.01372	0.00991	0.01296	0.01219	0.01448	0.00914	0.00914	0.01829	0.02743	0.03887	0.59381	0.07240	0.09145	0.01981	0.01143	0.00305	0.00457	0.01753	0.01067	0.00914
27	0.72785	0.01874	0.01425	0.01275	0.01874	0.02174	0.01050	0.02849	0.01649	0.04348	0.01350	0.01574	0.01050	0.00900	0.00600	0.00300	0.00750	0.00525	0.00600	0.01050
28	0.03684	0.02715	0.02909	0.02230	0.03006	0.03006	0.01842	0.56661	0.04557	0.06108	0.02327	0.02327	0.01648	0.01163	0.00970	0.00291	0.01067	0.00873	0.00970	0.01648
29	0.02097	0.01943	0.03256	0.22897	0.34769	0.02075	0.02671	0.02674	0.02129	0.02915	0.02301	0.03766	0.02082	0.01174	0.01021	0.00323	0.01155	0.08928	0.00528	0.01297
30	0.02288	0.02614	0.05719	0.04085	0.05065	0.02451	0.56373	0.03105	0.02288	0.03105	0.01961	0.02614	0.01471	0.00817	0.01144	0.00327	0.01634	0.01144	0.00490	0.01307
31	0.01433	0.00967	0.01135	0.01170	0.01205	0.00967	0.00738	0.01502	0.01537	0.02038	0.03376	0.07054	0.03842	0.56131	0.04376	0.00863	0.00932	0.09464	0.00635	0.00635
32	0.01742	0.01335	0.02002	0.02012	0.02332	0.01337	0.06411	0.05092	0.02363	0.03094	0.04699	0.09729	0.05001	0.02431	0.01301	0.00427	0.00967	0.45894	0.00861	0.00970
33	0.02749	0.57013	0.04721	0.01787	0.02566	0.12777	0.01691	0.03051	0.02089	0.02294	0.01371	0.01584	0.01244	0.00855	0.00661	0.00214	0.01146	0.00535	0.00428	0.01225
34	0.01145	0.00982	0.00982	0.00982	0.01309	0.00818	0.00736	0.01391	0.02209	0.02618	0.09818	0.09327	0.59499	0.02455	0.01145	0.00327	0.00491	0.02045	0.00900	0.00818
35	0.01830	0.01723	0.02907	0.63609	0.06675	0.02153	0.02692	0.02476	0.01938	0.02476	0.01723	0.02584	0.01292	0.00969	0.00969	0.00323	0.01292	0.00861	0.00431	0.01077
36	0.03456	0.01876	0.02768	0.07348	0.19035	0.01807	0.01963	0.04104	0.07151	0.35484	0.03118	0.03019	0.02122	0.01098	0.00971	0.00301	0.00946	0.00945	0.00923	0.01567
37	0.25780	0.01858	0.02075	0.01648	0.02354	0.01864	0.01361	0.10833	0.02650	0.35865	0.02853	0.02631	0.01878	0.01101	0.00856	0.00299	0.00832	0.00820	0.00981	0.01461
38	0.01172	0.00876	0.01091	0.01262	0.01383	0.00795	0.00861	0.01359	0.01939	0.02508	0.06403	0.52041	0.18991	0.02899	0.01215	0.00378	0.00545	0.02587	0.00900	0.00795
39	0.01830	0.01723	0.02907	0.63609	0.06675	0.02153	0.02692	0.02476	0.01938	0.02476	0.01723	0.02584	0.01292	0.00969	0.00969	0.00323	0.01292	0.00861	0.00431	0.01077
40	0.13243	0.13574	0.06322	0.01537	0.02389	0.01949	0.01383	0.02629	0.01948	0.03182	0.01598	0.01862	0.01327	0.00780	0.00695	0.00190	0.00827	0.00566	0.00539	0.43461

[dist]
# distance from previous block
# <min> <max>
0	2

[block]
# block no. 1 follows, 16 sequences, length 33
# corresponding to MSA columns:
# 52-84
name=unknown_B
#
# <colnr> <probs for GDERKNQSTAVLIFYWHMCP>
#	G	D	E	R	K	N	Q	S	T	A	V	L	I	F	Y	W	H	M	C	P
0	0.07145	0.21929	0.11500	0.02318	0.03036	0.17317	0.07986	0.03065	0.02180	0.02729	0.04716	0.02157	0.01696	0.01034	0.01058	0.00277	0.07425	0.00741	0.00492	0.01198
1	0.03727	0.02646	0.02866	0.02197	0.02971	0.02903	0.01815	0.53303	0.04442	0.09629	0.02424	0.02390	0.01697	0.01166	0.00970	0.00291	0.01051	0.00879	0.00984	0.01648
2	0.01584	0.01272	0.01671	0.04841	0.04545	0.01322	0.01231	0.02286	0.09161	0.03556	0.37769	0.09817	0.09837	0.01875	0.01226	0.00321	0.04110	0.01616	0.00942	0.01020
3	0.01238	0.00974	0.01118	0.01106	0.01372	0.00854	0.00820	0.01562	0.02393	0.03111	0.29171	0.12995	0.35206	0.02313	0.01152	0.00324	0.00483	0.01986	0.00966	0.00854
4	0.01181	0.00843	0.01125	0.01350	0.01406	0.00787	0.00900	0.01350	0.01856	0.02474	0.05342	0.65306	0.06410	0.03036	0.01237	0.00394	0.00562	0.02755	0.00900	0.00787
5	0.01562	0.01116	0.01562	0.01785	0.02008	0.01116	0.01562	0.02008	0.02231	0.02900	0.05132	0.10933	0.05578	0.02677	0.01339	0.00446	0.00892	0.53369	0.00892	0.00892
6	0.72785	0.01874	0.01425	0.01275	0.01874	0.02174	0.01050	0.02849	0.01649	0.04348	0.01350	0.01574	0.01050	0.00900	0.00600	0.00300	0.00750	0.00525	0.00600	0.01050
7	0.02399	0.02303	0.03934	0.05949	0.59893	0.02303	0.02974	0.02974	0.02207	0.03166	0.01823	0.02399	0.01535	0.00864	0.00960	0.00288	0.01151	0.00864	0.00480	0.01535
8	0.03522	0.04433	0.02842	0.02774	0.07568	0.57247	0.01961	0.03798	0.02703	0.02436	0.01524	0.01800	0.01271	0.00988	0.00881	0.00253	0.01700	0.00643	0.00498	0.01157
9	0.02411	0.02082	0.02192	0.01972	0.02520	0.02411	0.01534	0.05150	0.58142	0.04054	0.03945	0.03616	0.02959	0.01315	0.00986	0.00329	0.00767	0.01096	0.00986	0.01534
10	0.01452	0.01037	0.01436	0.01659	0.01834	0.01021	0.01371	0.01818	0.02123	0.02778	0.05192	0.26609	0.05818	0.02781	0.01309	0.00431	0.00797	0.38777	0.00895	0.00862
11	0.01478	0.01089	0.01446	0.01624	0.01868	0.01056	0.01397	0.01884	0.02227	0.02844	0.06070	0.10611	0.16372	0.02633	0.01300	0.00422	0.00812	0.43095	0.00894	0.00878
12	0.01947	0.01841	0.03117	0.51816	0.17559	0.02184	0.02749	0.02578	0.01993	0.02617	0.01743	0.02546	0.01342	0.00947	0.00967	0.00316	0.01263	0.00862	0.00441	0.01170
13	0.01924	0.01753	0.02890	0.30762	0.23161	0.01963	0.02384	0.02439	0.01926	0.02610	0.02004	0.03099	0.01755	0.09437	0.07486	0.00508	0.01331	0.00946	0.00475	0.01149
14	0.02236	0.01374	0.01424	0.01250	0.01625	0.01436	0.00981	0.16149	0.02694	0.04175	0.03475	0.03736	0.06790	0.01243	0.00790	0.00251	0.00613	0.00986	0.47684	0.01088
15	0.01198	0.00975	0.01060	0.01058	0.01346	0.00837	0.00786	0.01485	0.02303	0.02888	0.20432	0.12558	0.44917	0.02389	0.01151	0.00327	0.00488	0.02028	0.00937	0.00837
16	0.07746	0.02601	0.15557	0.36491	0.05224	0.02298	0.02636	0.10391	0.02314	0.03275	0.01783	0.02349	0.01310	0.00981	0.00929	0.00313	0.01248	0.00804	0.00516	0.01235
17	0.02164	0.02603	0.09012	0.02991	0.15231	0.15039	0.06324	0.02597	0.02187	0.02720	0.03047	0.25369	0.03226	0.01695	0.01053	0.00323	0.01137	0.01512	0.00632	0.01139
18	0.01410	0.01021	0.01532	0.01532	0.01690	0.01180	0.01180	0.01690	0.01532	0.02201	0.02517	0.03733	0.02359	0.06932	0.57064	0.07621	0.02445	0.01021	0.00511	0.00827
19	0.01946	0.01112	0.01277	0.01220	0.01493	0.01097	0.00914	0.06865	0.02368	0.07617	0.11839	0.17589	0.04244	0.01682	0.00915	0.00285	0.00556	0.01438	0.34548	0.00996
20	0.02254	0.14397	0.43725	0.02734	0.07708	0.02447	0.03074	0.03157	0.02098	0.07141	0.01835	0.02084	0.01337	0.00922	0.00880	0.00289	0.01305	0.00714	0.00473	0.01425
21	0.02177	0.03013	0.23931	0.24497	0.11803	0.02177	0.02857	0.03148	0.06924	0.07148	0.02086	0.02507	0.01524	0.00985	0.00952	0.00312	0.01246	0.00838	0.00533	0.01344
22	0.02606	0.02253	0.02869	0.03302	0.21199	0.02469	0.02049	0.12508	0.31617	0.04088	0.03004	0.03020	0.02292	0.01145	0.00975	0.00310	0.00939	0.00986	0.00819	0.01552
23	0.60860	0.02368	0.05298	0.01500	0.02141	0.08657	0.01297	0.02973	0.01793	0.04054	0.01390	0.01623	0.01082	0.00912	0.00650	0.00295	0.00901	0.00548	0.00577	0.01082
24	0.03090	0.36678	0.03975	0.02037	0.02732	0.26649	0.01758	0.07923	0.02498	0.02647	0.01491	0.01697	0.01281	0.00925	0.00751	0.00231	0.01319	0.00590	0.00496	0.01231
25	0.02543	0.43383	0.08066	0.01960	0.02652	0.08124	0.01871	0.03024	0.05139	0.02449	0.01520	0.01812	0.01345	0.01018	0.01100	0.00260	0.11421	0.00626	0.00455	0.01233
26	0.02389	0.07330	0.03819	0.20489	0.12510	0.02520	0.15474	0.09882	0.09520	0.03368	0.02123	0.02582	0.01622	0.00974	0.00985	0.00306	0.01240	0.00934	0.00589	0.01341
27	0.01684	0.00842	0.01263	0.01263	0.01263	0.00842	0.00842	0.01263	0.01263	0.01684	0.01684	0.02946	0.01684	0.03367	0.03788	0.71801	0.00842	0.00842	0.00421	0.00421
28	0.02100	0.02510	0.14804	0.01966	0.02560	0.09094	0.01851	0.02819	0.07083	0.06610	0.07948	0.14798	0.03844	0.01763	0.01068	0.00335	0.01005	0.12013	0.00762	0.05066
29	0.02036	0.01358	0.01817	0.01495	0.01976	0.01240	0.06339	0.02610	0.05375	0.09652	0.12070	0.04597	0.11379	0.01371	0.00913	0.00264	0.00670	0.01185	0.22453	0.11200
30	0.01181	0.00843	0.01125	0.01350	0.01406	0.00787	0.00900	0.01350	0.01856	0.02474	0.05342	0.65306	0.06410	0.03036	0.01237	0.00394	0.00562	0.02755	0.00900	0.00787
31	0.02049	0.01258	0.01640	0.01547	0.01814	0.01264	0.01163	0.06170	0.02383	0.13471	0.16421	0.31790	0.05537	0.02232	0.01304	0.00352	0.05666	0.01926	0.00958	0.01054
32	0.06143	0.31563	0.16218	0.02876	0.15487	0.07321	0.02337	0.03021	0.02078	0.02756	0.01546	0.01859	0.01295	0.00872	0.00776	0.00254	0.01182	0.00644	0.00444	0.01329

[dist]
# distance from previous block
# <min> <max>
0	5

[block]
# block no. 2 follows, 16 sequences, length 191
# corresponding to MSA columns:
# 90-280
name=unknown_C
#
# <colnr> <probs for GDERKNQSTAVLIFYWHMCP>
#	G	D	E	R	K	N	Q	S	T	A	V	L	I	F	Y	W	H	M	C	P
0	0.01850	0.01891	0.05932	0.03122	0.17693	0.01919	0.05291	0.02231	0.01894	0.02695	0.02981	0.25411	0.03238	0.01869	0.01624	0.00364	0.16693	0.01563	0.00617	0.01123
1	0.01250	0.00893	0.01204	0.01429	0.01516	0.00847	0.01020	0.01470	0.01924	0.02552	0.05304	0.55397	0.06259	0.02971	0.01256	0.00403	0.00622	0.11979	0.00898	0.00806
2	0.01486	0.02147	0.18396	0.01611	0.02208	0.01278	0.01643	0.02089	0.02424	0.03370	0.31784	0.06207	0.18038	0.01781	0.01080	0.00310	0.00746	0.01519	0.00840	0.01042
3	0.72785	0.01874	0.01425	0.01275	0.01874	0.02174	0.01050	0.02849	0.01649	0.04348	0.01350	0.01574	0.01050	0.00900	0.00600	0.00300	0.00750	0.00525	0.00600	0.01050
4	0.03620	0.04619	0.02747	0.02497	0.02996	0.62047	0.01873	0.03870	0.02747	0.02372	0.01498	0.01748	0.01248	0.00999	0.00874	0.00250	0.01748	0.00624	0.00499	0.01124
5	0.01372	0.00991	0.01296	0.01219	0.01448	0.00914	0.00914	0.01829	0.02743	0.03887	0.59381	0.07240	0.09145	0.01981	0.01143	0.00305	0.00457	0.01753	0.01067	0.00914
6	0.72785	0.01874	0.01425	0.01275	0.01874	0.02174	0.01050	0.02849	0.01649	0.04348	0.01350	0.01574	0.01050	0.00900	0.00600	0.00300	0.00750	0.00525	0.00600	0.01050
7	0.01214	0.00950	0.01100	0.01136	0.01370	0.00836	0.00824	0.01496	0.02262	0.02917	0.21794	0.22735	0.32959	0.02475	0.01168	0.00338	0.00500	0.02145	0.00944	0.00836
8	0.01208	0.00984	0.01068	0.01047	0.01347	0.00845	0.00785	0.01512	0.02356	0.02968	0.23487	0.08752	0.45612	0.02324	0.01145	0.00321	0.00482	0.01965	0.00946	0.00845
9	0.01409	0.00940	0.01057	0.01057	0.01057	0.00940	0.00587	0.01409	0.01409	0.01879	0.03054	0.06342	0.03524	0.65938	0.04933	0.00940	0.00940	0.01409	0.00587	0.00587
10	0.02411	0.02082	0.02192	0.01972	0.02520	0.02411	0.01534	0.05150	0.58142	0.04054	0.03945	0.03616	0.02959	0.01315	0.00986	0.00329	0.00767	0.01096	0.00986	0.01534
11	0.02656	0.02777	0.03448	0.04267	0.32167	0.15168	0.06154	0.03619	0.13731	0.03172	0.02195	0.02522	0.01759	0.00981	0.00959	0.00291	0.01235	0.00879	0.00588	0.01431
12	0.49588	0.02065	0.06338	0.01508	0.02212	0.01987	0.01346	0.03348	0.01970	0.18703	0.02017	0.02055	0.01411	0.00978	0.00722	0.00300	0.00823	0.00656	0.00739	0.01234
13	0.02546	0.62226	0.08978	0.01735	0.02607	0.03724	0.01793	0.02914	0.01975	0.02335	0.01375	0.01589	0.01243	0.00836	0.00643	0.00214	0.01064	0.00532	0.00414	0.01257
14	0.01250	0.00894	0.01201	0.01401	0.01495	0.00844	0.00995	0.01481	0.01979	0.02647	0.09582	0.52949	0.06507	0.02902	0.01244	0.00394	0.00601	0.09907	0.00912	0.00812
15	0.08207	0.02784	0.02484	0.02333	0.07116	0.20968	0.01687	0.14921	0.02911	0.14793	0.02625	0.10115	0.02210	0.01309	0.00947	0.00293	0.01156	0.01023	0.00793	0.01325
16	0.02286	0.20677	0.31040	0.02724	0.03863	0.02756	0.14314	0.06005	0.02217	0.03036	0.01716	0.02054	0.01307	0.00888	0.00892	0.00284	0.01350	0.00764	0.00459	0.01367
17	0.01345	0.00970	0.01271	0.01238	0.01442	0.00897	0.00912	0.01762	0.02619	0.03688	0.51779	0.15409	0.08760	0.02130	0.01156	0.00317	0.00472	0.01894	0.01043	0.00897
18	0.02103	0.02001	0.03400	0.35925	0.32226	0.02225	0.02827	0.02715	0.02067	0.02808	0.01771	0.02495	0.01409	0.00918	0.00964	0.00306	0.01224	0.00862	0.00454	0.01297
19	0.02579	0.33286	0.08223	0.03093	0.20388	0.02990	0.02176	0.03225	0.06536	0.06305	0.01878	0.02120	0.01539	0.00907	0.00798	0.00254	0.01066	0.00712	0.00527	0.01395
20	0.02051	0.03169	0.26147	0.08084	0.23026	0.02116	0.02858	0.02979	0.06219	0.03144	0.05398	0.06138	0.02202	0.01111	0.00973	0.00308	0.01173	0.00977	0.00542	0.01384
21	0.01194	0.00984	0.01049	0.01033	0.01339	0.00839	0.00775	0.01485	0.02324	0.02891	0.20496	0.08878	0.48651	0.02353	0.01145	0.00322	0.00484	0.01982	0.00936	0.00839
22	0.03373	0.06213	0.07202	0.02829	0.10712	0.09243	0.09079	0.11872	0.02809	0.23160	0.02534	0.02578	0.01770	0.01036	0.00959	0.00290	0.01172	0.00882	0.00797	0.01490
23	0.02237	0.06861	0.24054	0.04369	0.30494	0.02388	0.09749	0.03020	0.02148	0.03076	0.01785	0.02256	0.01404	0.00876	0.00950	0.00295	0.01303	0.00828	0.00453	0.01455
24	0.01398	0.00986	0.01293	0.01293	0.01375	0.01068	0.00882	0.01561	0.01479	0.02054	0.02838	0.05146	0.03004	0.38250	0.31911	0.01231	0.01721	0.01234	0.00555	0.00719
25	0.02044	0.01832	0.02893	0.04021	0.35461	0.01830	0.02156	0.02737	0.06487	0.03481	0.21904	0.04164	0.04274	0.01284	0.01025	0.00297	0.00883	0.01188	0.00720	0.01320
26	0.01372	0.00991	0.01296	0.01219	0.01448	0.00914	0.00914	0.01829	0.02743	0.03887	0.59381	0.07240	0.09145	0.01981	0.01143	0.00305	0.00457	0.01753	0.01067	0.00914
27	0.48283	0.01822	0.01627	0.01330	0.02021	0.01869	0.01084	0.02708	0.01774	0.03936	0.01479	0.01725	0.01183	0.00837	0.00641	0.00246	0.00739	0.00542	0.00591	0.25564
28	0.04348	0.01649	0.02249	0.01724	0.02474	0.01425	0.01425	0.04723	0.02774	0.60564	0.03824	0.03299	0.02399	0.01200	0.00975	0.00300	0.00825	0.00975	0.01200	0.01649
29	0.02010	0.01723	0.02010	0.01436	0.02297	0.01292	0.01148	0.02440	0.02010	0.03158	0.01723	0.02010	0.01436	0.00718	0.00718	0.00144	0.00718	0.00574	0.00574	0.71863
30	0.04348	0.01649	0.02249	0.01724	0.02474	0.01425	0.01425	0.04723	0.02774	0.60564	0.03824	0.03299	0.02399	0.01200	0.00975	0.00300	0.00825	0.00975	0.01200	0.01649
31	0.01956	0.01851	0.03135	0.50815	0.18484	0.02186	0.02754	0.02587	0.01998	0.02629	0.01745	0.02543	0.01346	0.00946	0.00967	0.00315	0.01261	0.00862	0.00442	0.01178
32	0.01580	0.01037	0.01362	0.01255	0.01520	0.00950	0.00950	0.02031	0.02746	0.07845	0.55501	0.06965	0.08674	0.01927	0.01131	0.00304	0.00483	0.01698	0.01076	0.00966
33	0.67734	0.02075	0.01521	0.01364	0.01956	0.06547	0.01110	0.02924	0.01730	0.04204	0.01360	0.01587	0.01064	0.00907	0.00620	0.00296	0.00823	0.00532	0.00592	0.01055
34	0.02919	0.01391	0.01820	0.01590	0.02050	0.01279	0.01228	0.07382	0.02577	0.30861	0.08327	0.26194	0.04301	0.01926	0.01083	0.00334	0.00721	0.01675	0.01062	0.01280
35	0.01637	0.01351	0.01702	0.01519	0.01888	0.01354	0.04100	0.02642	0.16446	0.03635	0.32585	0.06491	0.17112	0.01844	0.01104	0.00316	0.00606	0.01613	0.00982	0.01072
36	0.04348	0.01649	0.02249	0.01724	0.02474	0.01425	0.01425	0.04723	0.02774	0.60564	0.03824	0.03299	0.02399	0.01200	0.00975	0.00300	0.00825	0.00975	0.01200	0.01649
37	0.02327	0.02291	0.02405	0.01838	0.02623	0.11483	0.05155	0.02937	0.06586	0.03096	0.01878	0.02136	0.01527	0.00818	0.00794	0.00188	0.00956	0.00663	0.00589	0.49709
38	0.02459	0.03249	0.14638	0.02025	0.02634	0.23674	0.01847	0.03151	0.06542	0.03128	0.13219	0.03298	0.03090	0.01216	0.00915	0.00275	0.01161	0.00940	0.11394	0.01146
39	0.02537	0.50078	0.15950	0.01915	0.02859	0.03466	0.02050	0.06563	0.02159	0.02694	0.01491	0.01704	0.01268	0.00870	0.00704	0.00233	0.01117	0.00581	0.00451	0.01308
40	0.01372	0.00991	0.01296	0.01219	0.01448	0.00914	0.00914	0.01829	0.02743	0.03887	0.59381	0.07240	0.09145	0.01981	0.01143	0.00305	0.00457	0.01753	0.01067	0.00914
41	0.01969	0.01632	0.01918	0.01895	0.05565	0.01769	0.01359	0.03608	0.31223	0.03929	0.27338	0.05079	0.05497	0.01570	0.01051	0.00316	0.00659	0.01360	0.00990	0.01271
42	0.01233	0.00985	0.01103	0.01074	0.01363	0.00855	0.00805	0.01560	0.02416	0.03108	0.28968	0.08521	0.40044	0.02272	0.01145	0.00319	0.00478	0.01932	0.00964	0.00855
43	0.02004	0.01750	0.02359	0.02422	0.14587	0.01498	0.01550	0.02454	0.01988	0.03030	0.01869	0.02350	0.01598	0.01684	0.09526	0.00376	0.01079	0.00703	0.00546	0.46629
44	0.11918	0.01733	0.02194	0.01702	0.02437	0.01595	0.01406	0.07386	0.02748	0.51305	0.03466	0.03053	0.02208	0.01164	0.00933	0.00299	0.00830	0.00919	0.01120	0.01583
45	0.72785	0.01874	0.01425	0.01275	0.01874	0.02174	0.01050	0.02849	0.01649	0.04348	0.01350	0.01574	0.01050	0.00900	0.00600	0.00300	0.00750	0.00525	0.00600	0.01050
46	0.13964	0.02697	0.02156	0.01808	0.02438	0.21156	0.01407	0.06013	0.05489	0.03363	0.06302	0.02375	0.02018	0.00995	0.00811	0.00234	0.01056	0.00721	0.00637	0.24360
47	0.02411	0.02082	0.02192	0.01972	0.02520	0.02411	0.01534	0.05150	0.58142	0.04054	0.03945	0.03616	0.02959	0.01315	0.00986	0.00329	0.00767	0.01096	0.00986	0.01534
48	0.67192	0.01862	0.01471	0.01287	0.01908	0.02105	0.01057	0.02817	0.01678	0.04254	0.01379	0.01609	0.01080	0.00885	0.00609	0.00288	0.00747	0.00529	0.00598	0.06646
49	0.01506	0.01076	0.01498	0.01721	0.01920	0.01067	0.01465	0.01912	0.02176	0.02838	0.05162	0.18899	0.05700	0.02730	0.01324	0.00439	0.00844	0.45953	0.00894	0.00877
50	0.02367	0.45228	0.24409	0.02041	0.03079	0.03287	0.02324	0.02960	0.01996	0.02553	0.01483	0.01725	0.01238	0.00861	0.00725	0.00242	0.01174	0.00587	0.00413	0.01309
51	0.02010	0.01723	0.02010	0.01436	0.02297	0.01292	0.01148	0.02440	0.02010	0.03158	0.01723	0.02010	0.01436	0.00718	0.00718	0.00144	0.00718	0.00574	0.00574	0.71863
52	0.03684	0.02715	0.02909	0.02230	0.03006	0.03006	0.01842	0.56661	0.04557	0.06108	0.02327	0.02327	0.01648	0.01163	0.00970	0.00291	0.01067	0.00873	0.00970	0.01648
53	0.02288	0.02614	0.05719	0.04085	0.05065	0.02451	0.56373	0.03105	0.02288	0.03105	0.01961	0.02614	0.01471	0.00817	0.01144	0.00327	0.01634	0.01144	0.00490	0.01307
54	0.02411	0.02082	0.02192	0.01972	0.02520	0.02411	0.01534	0.05150	0.58142	0.04054	0.03945	0.03616	0.02959	0.01315	0.00986	0.00329	0.00767	0.01096	0.00986	0.01534
55	0.14187	0.02720	0.02672	0.02103	0.02833	0.07003	0.01724	0.44792	0.03988	0.05580	0.02120	0.02172	0.01529	0.01112	0.00907	0.00289	0.01066	0.00802	0.00880	0.01521
56	0.01409	0.00940	0.01057	0.01057	0.01057	0.00940	0.00587	0.01409	0.01409	0.01879	0.03054	0.06342	0.03524	0.65938	0.04933	0.00940	0.00940	0.01409	0.00587	0.00587
57	0.01409	0.00940	0.01057	0.01057	0.01057	0.00940	0.00587	0.01409	0.01409	0.01879	0.03054	0.06342	0.03524	0.65938	0.04933	0.00940	0.00940	0.01409	0.00587	0.00587
58	0.02288	0.02614	0.05719	0.04085	0.05065	0.02451	0.56373	0.03105	0.02288	0.03105	0.01961	0.02614	0.01471	0.00817	0.01144	0.00327	0.01634	0.01144	0.00490	0.01307
59	0.03170	0.01548	0.01972	0.01649	0.02208	0.01471	0.01310	0.04003	0.13444	0.34493	0.14269	0.08991	0.04076	0.01512	0.01029	0.00314	0.00725	0.01283	0.01110	0.01423
60	0.01181	0.00843	0.01125	0.01350	0.01406	0.00787	0.00900	0.01350	0.01856	0.02474	0.05342	0.65306	0.06410	0.03036	0.01237	0.00394	0.00562	0.02755	0.00900	0.00787
61	0.22695	0.03862	0.02382	0.02160	0.02687	0.45535	0.01646	0.03589	0.02444	0.02917	0.01457	0.01700	0.01194	0.00971	0.00798	0.00264	0.01473	0.00597	0.00527	0.01103
62	0.01162	0.00982	0.01005	0.00999	0.01319	0.00825	0.00749	0.01423	0.02248	0.02711	0.13446	0.09175	0.55814	0.02420	0.01145	0.00326	0.00488	0.02024	0.00912	0.00825
63	0.03710	0.01742	0.02234	0.01686	0.02466	0.01501	0.01384	0.07754	0.02704	0.42252	0.03188	0.02905	0.02103	0.01075	0.00909	0.00260	0.00814	0.00866	0.01025	0.19420
64	0.02411	0.02082	0.02192	0.01972	0.02520	0.02411	0.01534	0.05150	0.58142	0.04054	0.03945	0.03616	0.02959	0.01315	0.00986	0.00329	0.00767	0.01096	0.00986	0.01534
65	0.02399	0.02303	0.03934	0.05949	0.59893	0.02303	0.02974	0.02974	0.02207	0.03166	0.01823	0.02399	0.01535	0.00864	0.00960	0.00288	0.01151	0.00864	0.00480	0.01535
66	0.01145	0.00982	0.00982	0.00982	0.01309	0.00818	0.00736	0.01391	0.02209	0.02618	0.09818	0.09327	0.59499	0.02455	0.01145	0.00327	0.00491	0.02045	0.00900	0.00818
67	0.03552	0.04475	0.02715	0.02467	0.02969	0.58665	0.01853	0.03943	0.05889	0.02467	0.01637	0.01854	0.01345	0.01017	0.00880	0.00254	0.01692	0.00651	0.00527	0.01147
68	0.02360	0.02264	0.03865	0.09840	0.56301	0.02293	0.02955	0.02941	0.02189	0.03120	0.01816	0.02411	0.01519	0.00871	0.00960	0.00290	0.01161	0.00863	0.00476	0.01504
69	0.72785	0.01874	0.01425	0.01275	0.01874	0.02174	0.01050	0.02849	0.01649	0.04348	0.01350	0.01574	0.01050	0.00900	0.00600	0.00300	0.00750	0.00525	0.00600	0.01050
70	0.03064	0.02097	0.02330	0.01963	0.02595	0.02296	0.01564	0.14102	0.36445	0.16954	0.03634	0.03319	0.02604	0.01263	0.00981	0.00316	0.00832	0.01030	0.01031	0.01580
71	0.01218	0.00985	0.01083	0.01058	0.01354	0.00849	0.00794	0.01532	0.02381	0.03027	0.25805	0.08654	0.43257	0.02302	0.01145	0.00320	0.00480	0.01951	0.00954	0.00849
72	0.01980	0.08425	0.57820	0.02701	0.04100	0.02339	0.03474	0.03060	0.02042	0.03026	0.01718	0.02019	0.01229	0.00916	0.00904	0.00301	0.01410	0.00705	0.00410	0.01422
73	0.01145	0.00982	0.00982	0.00982	0.01309	0.00818	0.00736	0.01391	0.02209	0.02618	0.09818	0.09327	0.59499	0.02455	0.01145	0.00327	0.00491	0.02045	0.00900	0.00818
74	0.01422	0.01062	0.01337	0.01349	0.01554	0.01039	0.00979	0.02036	0.08663	0.03416	0.34442	0.26934	0.07503	0.02272	0.01158	0.00338	0.00528	0.02026	0.01000	0.00940
75	0.07629	0.02950	0.02759	0.02196	0.02910	0.13484	0.01779	0.41227	0.03967	0.08369	0.02206	0.02234	0.01584	0.01121	0.00932	0.00284	0.01158	0.00814	0.00877	0.01520
76	0.02552	0.62770	0.08485	0.01726	0.02592	0.03738	0.01776	0.02912	0.01974	0.02328	0.01371	0.01585	0.01243	0.00835	0.00640	0.00213	0.01061	0.00530	0.00414	0.01255
77	0.01360	0.00995	0.01259	0.01219	0.01443	0.00919	0.00916	0.01757	0.02542	0.03510	0.45136	0.07704	0.14732	0.06762	0.01434	0.00364	0.00529	0.05542	0.00998	0.00877
78	0.01930	0.01745	0.02356	0.02259	0.06357	0.02140	0.01687	0.02628	0.10398	0.03177	0.21414	0.04099	0.04212	0.01675	0.02001	0.00360	0.28523	0.01193	0.00730	0.01116
79	0.01320	0.00920	0.01192	0.01253	0.01406	0.00858	0.00891	0.01650	0.02302	0.03247	0.31551	0.32467	0.07458	0.02382	0.01150	0.00338	0.00503	0.02131	0.06124	0.00858
80	0.01249	0.00969	0.01137	0.01131	0.01382	0.00856	0.00834	0.01577	0.02399	0.03154	0.30905	0.15374	0.30912	0.02320	0.01156	0.00326	0.00485	0.02006	0.00973	0.00856
81	0.02361	0.02486	0.07939	0.04997	0.43744	0.02324	0.06061	0.03321	0.10714	0.03291	0.02148	0.02571	0.01725	0.00934	0.00972	0.00298	0.01143	0.00905	0.00552	0.01514
82	0.03086	0.01931	0.02290	0.02068	0.06951	0.04948	0.01511	0.04014	0.14930	0.25684	0.06676	0.03217	0.02635	0.01145	0.00932	0.00273	0.00844	0.00946	0.00929	0.14988
83	0.68121	0.01931	0.01525	0.01339	0.01951	0.02230	0.01103	0.06481	0.01846	0.04467	0.01415	0.01625	0.01090	0.00917	0.00625	0.00299	0.00771	0.00548	0.00625	0.01090
84	0.02327	0.41384	0.27899	0.02110	0.03185	0.03188	0.02444	0.02970	0.02001	0.02603	0.01508	0.01756	0.01237	0.00867	0.00744	0.00248	0.01198	0.00599	0.00412	0.01321
85	0.02161	0.02060	0.03505	0.30057	0.37642	0.02240	0.02856	0.02766	0.02094	0.02878	0.01781	0.02476	0.01434	0.00908	0.00963	0.00303	0.01210	0.00863	0.00459	0.01343
86	0.01372	0.00991	0.01296	0.01219	0.01448	0.00914	0.00914	0.01829	0.02743	0.03887	0.59381	0.07240	0.09145	0.01981	0.01143	0.00305	0.00457	0.01753	0.01067	0.00914
87	0.54142	0.02008	0.01719	0.01493	0.02107	0.02311	0.01217	0.09866	0.10082	0.04525	0.01842	0.01960	0.01397	0.00992	0.00701	0.00303	0.00792	0.00650	0.00701	0.01193
88	0.08491	0.02041	0.02397	0.01839	0.02599	0.02009	0.01515	0.22337	0.03235	0.31884	0.02918	0.02711	0.01947	0.01116	0.00921	0.00280	0.00892	0.00867	0.01014	0.08989
89	0.03684	0.02715	0.02909	0.02230	0.03006	0.03006	0.01842	0.56661	0.04557	0.06108	0.02327	0.02327	0.01648	0.01163	0.00970	0.00291	0.01067	0.00873	0.00970	0.01648
90	0.02920	0.02845	0.17509	0.02957	0.03963	0.02049	0.24925	0.03657	0.02399	0.22988	0.02554	0.02718	0.01735	0.00974	0.01033	0.00313	0.01306	0.00985	0.00717	0.01455
91	0.04348	0.01649	0.02249	0.01724	0.02474	0.01425	0.01425	0.04723	0.02774	0.60564	0.03824	0.03299	0.02399	0.01200	0.00975	0.00300	0.00825	0.00975	0.01200	0.01649
92	0.02912	0.01970	0.02206	0.01908	0.02508	0.02155	0.01506	0.05040	0.43813	0.18678	0.03913	0.03534	0.02814	0.01285	0.00983	0.00321	0.00782	0.01064	0.01041	0.01564
93	0.01181	0.00843	0.01125	0.01350	0.01406	0.00787	0.00900	0.01350	0.01856	0.02474	0.05342	0.65306	0.06410	0.03036	0.01237	0.00394	0.00562	0.02755	0.00900	0.00787
94	0.01181	0.00843	0.01125	0.01350	0.01406	0.00787	0.00900	0.01350	0.01856	0.02474	0.05342	0.65306	0.06410	0.03036	0.01237	0.00394	0.00562	0.02755	0.00900	0.00787
95	0.27344	0.01990	0.02134	0.01698	0.02403	0.02071	0.01401	0.16992	0.02836	0.28010	0.02615	0.02474	0.01756	0.01089	0.00847	0.00298	0.00859	0.00797	0.00939	0.01446
96	0.02399	0.02303	0.03934	0.05949	0.59893	0.02303	0.02974	0.02974	0.02207	0.03166	0.01823	0.02399	0.01535	0.00864	0.00960	0.00288	0.01151	0.00864	0.00480	0.01535
97	0.01286	0.00919	0.01245	0.01470	0.01572	0.00878	0.01083	0.01532	0.01959	0.02592	0.05284	0.50280	0.06180	0.02937	0.01265	0.00408	0.00654	0.16742	0.00898	0.00816
98	0.58474	0.01961	0.01935	0.02225	0.13671	0.02200	0.01441	0.02875	0.01763	0.04108	0.01446	0.01742	0.01148	0.00892	0.00673	0.00297	0.00831	0.00594	0.00575	0.01148
99	0.01227	0.00971	0.01018	0.01014	0.01249	0.00855	0.00705	0.01418	0.02022	0.02484	0.10481	0.08426	0.42035	0.19391	0.02157	0.00490	0.00609	0.01861	0.00825	0.00761
100	0.02403	0.02226	0.03331	0.04572	0.40031	0.02340	0.02476	0.03728	0.21571	0.03474	0.02558	0.02820	0.02028	0.01020	0.00969	0.00302	0.01018	0.00944	0.00655	0.01535
101	0.02010	0.01723	0.02010	0.01436	0.02297	0.01292	0.01148	0.02440	0.02010	0.03158	0.01723	0.02010	0.01436	0.00718	0.00718	0.00144	0.00718	0.00574	0.00574	0.71863
102	0.01409	0.00940	0.01057	0.01057	0.01057	0.00940	0.00587	0.01409	0.01409	0.01879	0.03054	0.06342	0.03524	0.65938	0.04933	0.00940	0.00940	0.01409	0.00587	0.00587
103	0.02569	0.02686	0.11251	0.03448	0.21851	0.02459	0.02358	0.13400	0.21994	0.03990	0.02637	0.02758	0.02005	0.01082	0.00965	0.00305	0.01043	0.00925	0.00733	0.01541
104	0.01385	0.01038	0.01558	0.01558	0.01731	0.01211	0.01211	0.01731	0.01558	0.02250	0.02596	0.03808	0.02423	0.07269	0.62098	0.01558	0.02596	0.01038	0.00519	0.00865
105	0.72785	0.01874	0.01425	0.01275	0.01874	0.02174	0.01050	0.02849	0.01649	0.04348	0.01350	0.01574	0.01050	0.00900	0.00600	0.00300	0.00750	0.00525	0.00600	0.01050
106	0.01181	0.00843	0.01125	0.01350	0.01406	0.00787	0.00900	0.01350	0.01856	0.02474	0.05342	0.65306	0.06410	0.03036	0.01237	0.00394	0.00562	0.02755	0.00900	0.00787
107	0.01757	0.02245	0.17378	0.01954	0.02605	0.01439	0.07703	0.02368	0.02357	0.06746	0.23099	0.11483	0.11465	0.01695	0.01085	0.00319	0.00879	0.01507	0.00802	0.01113
108	0.01455	0.01004	0.01208	0.01190	0.01458	0.00888	0.00879	0.01767	0.02362	0.07075	0.25636	0.19474	0.27391	0.02321	0.01151	0.00331	0.00517	0.02013	0.00979	0.00903
109	0.01601	0.01411	0.02358	0.06979	0.11033	0.01380	0.09297	0.01997	0.02074	0.02790	0.07718	0.32386	0.07610	0.02125	0.01158	0.00357	0.00866	0.05095	0.00755	0.01010
110	0.02257	0.02677	0.10839	0.04081	0.26012	0.06586	0.12387	0.02867	0.02140	0.02936	0.02066	0.03046	0.01801	0.01518	0.05455	0.00406	0.06379	0.04724	0.00503	0.01320
111	0.01354	0.00990	0.01271	0.01201	0.01437	0.00907	0.00900	0.01794	0.02701	0.03786	0.55465	0.07405	0.13124	0.02019	0.01143	0.00307	0.00460	0.01776	0.01054	0.00907
112	0.01320	0.01016	0.01365	0.01365	0.01569	0.01085	0.01038	0.01615	0.01727	0.02326	0.04619	0.05501	0.18238	0.09901	0.41430	0.01177	0.01904	0.01341	0.00629	0.00834
113	0.02333	0.41995	0.27344	0.02099	0.03168	0.03203	0.02425	0.02969	0.02000	0.02595	0.01504	0.01751	0.01237	0.00866	0.00741	0.00247	0.01194	0.00597	0.00412	0.01319
114	0.03231	0.07640	0.03276	0.03322	0.18688	0.25578	0.02154	0.17891	0.03037	0.03600	0.01803	0.02072	0.01436	0.00995	0.00907	0.00269	0.01350	0.00751	0.00616	0.01388
115	0.72785	0.01874	0.01425	0.01275	0.01874	0.02174	0.01050	0.02849	0.01649	0.04348	0.01350	0.01574	0.01050	0.00900	0.00600	0.00300	0.00750	0.00525	0.00600	0.01050
116	0.03875	0.02241	0.02486	0.01965	0.02684	0.06267	0.01600	0.21142	0.09403	0.33080	0.03201	0.02918	0.02143	0.01187	0.00967	0.00297	0.00959	0.00931	0.01055	0.01600
117	0.01334	0.00978	0.01273	0.01381	0.01568	0.00917	0.01061	0.01670	0.02257	0.03011	0.21266	0.26551	0.14078	0.02561	0.01226	0.00374	0.00612	0.16081	0.00945	0.00856
118	0.01389	0.01019	0.01458	0.01458	0.01597	0.01158	0.01088	0.01667	0.01528	0.02176	0.02687	0.04310	0.02641	0.18905	0.50760	0.01435	0.02268	0.01112	0.00533	0.00810
119	0.02548	0.48816	0.04284	0.01674	0.02486	0.07579	0.01570	0.02879	0.02034	0.02465	0.01435	0.01661	0.01283	0.00819	0.00660	0.00197	0.01024	0.00537	0.00453	0.15593
120	0.02466	0.01753	0.02063	0.01575	0.02301	0.01537	0.01262	0.09565	0.05958	0.11404	0.10453	0.03068	0.02786	0.01055	0.00861	0.00217	0.00741	0.00865	0.00803	0.39267
121	0.03130	0.02058	0.03302	0.04364	0.38357	0.01973	0.02393	0.03630	0.02420	0.24694	0.02573	0.02736	0.01859	0.00990	0.00965	0.00292	0.01029	0.00905	0.00750	0.01578
122	0.01372	0.00991	0.01296	0.01219	0.01448	0.00914	0.00914	0.01829	0.02743	0.03887	0.59381	0.07240	0.09145	0.01981	0.01143	0.00305	0.00457	0.01753	0.01067	0.00914
123	0.01263	0.00902	0.01219	0.01443	0.01535	0.00858	0.01042	0.01491	0.01936	0.02566	0.05297	0.53627	0.06231	0.02959	0.01259	0.00405	0.00633	0.13627	0.00898	0.00810
124	0.02616	0.59576	0.08051	0.01751	0.02611	0.03701	0.01775	0.05893	0.02117	0.02536	0.01423	0.01625	0.01265	0.00853	0.00658	0.00217	0.01060	0.00549	0.00445	0.01277
125	0.01145	0.00982	0.00982	0.00982	0.01309	0.00818	0.00736	0.01391	0.02209	0.02618	0.09818	0.09327	0.59499	0.02455	0.01145	0.00327	0.00491	0.02045	0.00900	0.00818
126	0.02503	0.02143	0.02362	0.02260	0.06428	0.02447	0.01654	0.08765	0.50453	0.04144	0.03683	0.03440	0.02767	0.01273	0.00983	0.00323	0.00815	0.01064	0.00951	0.01542
127	0.02672	0.54325	0.08876	0.01843	0.02676	0.10955	0.01826	0.03035	0.02072	0.02349	0.01395	0.01615	0.01243	0.00857	0.00675	0.00220	0.01154	0.00546	0.00425	0.01243
128	0.02156	0.25128	0.42656	0.02401	0.03636	0.02769	0.02952	0.03015	0.02021	0.02811	0.01611	0.01886	0.01233	0.00891	0.00823	0.00274	0.01303	0.00651	0.00411	0.01371
129	0.02752	0.40856	0.04215	0.01919	0.02696	0.03148	0.05929	0.03582	0.12980	0.09992	0.02209	0.02256	0.01739	0.00969	0.00778	0.00252	0.01005	0.00737	0.00630	0.01356
130	0.01214	0.00909	0.01137	0.01305	0.01448	0.00831	0.00932	0.01433	0.01987	0.02558	0.06453	0.45087	0.19777	0.02849	0.01225	0.00383	0.00581	0.08185	0.00899	0.00807
131	0.14939	0.01817	0.08944	0.01678	0.02185	0.01501	0.01499	0.02764	0.06218	0.11828	0.07759	0.18535	0.03999	0.01847	0.01035	0.00350	0.00808	0.10323	0.00846	0.01125
132	0.11567	0.11105	0.03096	0.02475	0.09820	0.08928	0.05692	0.06700	0.02522	0.25147	0.02467	0.02469	0.01738	0.01020	0.00882	0.00282	0.01062	0.00813	0.00789	0.01426
133	0.02682	0.01896	0.02568	0.02900	0.17212	0.01938	0.01867	0.17940	0.02886	0.11536	0.03347	0.15160	0.03147	0.01648	0.01069	0.00332	0.00939	0.08726	0.00850	0.01355
134	0.01687	0.01043	0.01290	0.01242	0.01448	0.00974	0.00884	0.01932	0.02126	0.09100	0.20487	0.11035	0.11667	0.24214	0.02458	0.00543	0.00708	0.05429	0.00872	0.00861
135	0.12525	0.01600	0.01797	0.01639	0.02135	0.01654	0.01346	0.07132	0.12590	0.14780	0.04662	0.05887	0.12141	0.01740	0.01040	0.00345	0.00785	0.14046	0.00935	0.01223
136	0.03631	0.01888	0.02366	0.06375	0.02858	0.01904	0.01595	0.11114	0.15804	0.36408	0.03512	0.03199	0.02355	0.01205	0.00976	0.00307	0.00876	0.00982	0.01065	0.01581
137	0.53081	0.01810	0.01662	0.01404	0.02047	0.01958	0.01158	0.03389	0.01973	0.20534	0.02062	0.02071	0.01438	0.00986	0.00708	0.00300	0.00771	0.00654	0.00772	0.01222
138	0.01215	0.00941	0.01107	0.01157	0.01375	0.00833	0.00833	0.01491	0.02237	0.02900	0.21195	0.26184	0.30031	0.02513	0.01173	0.00342	0.00504	0.02191	0.00943	0.00833
139	0.02846	0.01953	0.02841	0.26964	0.12422	0.02131	0.02215	0.10999	0.06352	0.17762	0.02500	0.02770	0.01767	0.01063	0.00970	0.00308	0.01087	0.00907	0.00745	0.01398
140	0.02974	0.04259	0.15621	0.06876	0.03759	0.37754	0.09069	0.03509	0.02485	0.02620	0.01623	0.01976	0.01275	0.00957	0.00924	0.00277	0.01635	0.00725	0.00474	0.01210
141	0.01308	0.00988	0.01208	0.01153	0.01409	0.00888	0.00865	0.01707	0.02594	0.03532	0.45525	0.07823	0.23223	0.02114	0.01144	0.00311	0.00467	0.01835	0.01020	0.00888
142	0.04312	0.01708	0.02286	0.01752	0.02504	0.01512	0.01448	0.07600	0.02873	0.57548	0.03741	0.03245	0.02358	0.01198	0.00974	0.00299	0.00838	0.00969	0.01187	0.01649
143	0.04213	0.01866	0.02383	0.01827	0.02582	0.01746	0.01509	0.15283	0.03137	0.49492	0.03519	0.03101	0.02246	0.01192	0.00974	0.00298	0.00874	0.00954	0.01153	0.01649
144	0.02200	0.01114	0.01476	0.01441	0.01743	0.00995	0.01056	0.02441	0.02180	0.21223	0.05206	0.40881	0.09312	0.02398	0.01145	0.00358	0.00641	0.02125	0.00996	0.01068
145	0.03473	0.02511	0.02683	0.02081	0.02795	0.02769	0.01711	0.50546	0.04273	0.05828	0.02421	0.02472	0.01742	0.01160	0.00937	0.00284	0.00997	0.00876	0.08877	0.01565
146	0.01181	0.00843	0.01125	0.01350	0.01406	0.00787	0.00900	0.01350	0.01856	0.02474	0.05342	0.65306	0.06410	0.03036	0.01237	0.00394	0.00562	0.02755	0.00900	0.00787
147	0.18321	0.02441	0.13122	0.02152	0.03025	0.01881	0.09591	0.03792	0.02332	0.29928	0.02651	0.02605	0.01766	0.01030	0.00909	0.00305	0.01034	0.00856	0.00827	0.01433
148	0.02754	0.01547	0.01882	0.01659	0.02132	0.01528	0.01282	0.09952	0.11084	0.22931	0.04511	0.23595	0.07168	0.01882	0.01071	0.00335	0.00741	0.01620	0.01024	0.01303
149	0.21457	0.07380	0.02896	0.06030	0.10588	0.21342	0.04561	0.06153	0.02294	0.03244	0.01561	0.01918	0.01271	0.00979	0.00945	0.00285	0.04674	0.00688	0.00535	0.01200
150	0.01388	0.01024	0.01486	0.01486	0.01635	0.01173	0.01122	0.01685	0.01536	0.02197	0.02661	0.04169	0.02580	0.15639	0.53942	0.01469	0.02360	0.01091	0.00529	0.00826
151	0.02181	0.01717	0.02027	0.01457	0.02310	0.01302	0.01169	0.02607	0.02066	0.07350	0.01876	0.02104	0.01506	0.00753	0.00737	0.00155	0.00726	0.00603	0.00620	0.66736
152	0.02480	0.02116	0.02230	0.01986	0.02547	0.02443	0.01551	0.07947	0.55232	0.04166	0.03857	0.03546	0.02887	0.01307	0.00985	0.00327	0.00783	0.01084	0.00985	0.01540
153	0.01215	0.00898	0.01141	0.01303	0.01433	0.00825	0.00917	0.01438	0.02011	0.02633	0.10089	0.47087	0.16227	0.02828	0.01221	0.00379	0.00565	0.06069	0.00911	0.00809
154	0.04184	0.01613	0.02196	0.01696	0.02417	0.01396	0.01396	0.04563	0.02772	0.57425	0.06900	0.03517	0.02773	0.01243	0.00984	0.00300	0.00804	0.01018	0.01192	0.01609
155	0.03974	0.02250	0.02621	0.02009	0.02774	0.02315	0.01660	0.33981	0.03778	0.29888	0.02981	0.02751	0.01976	0.01179	0.00972	0.00295	0.00961	0.00917	0.01070	0.01649
156	0.02394	0.01225	0.01579	0.01356	0.01789	0.01079	0.01064	0.02783	0.02656	0.23913	0.30404	0.06215	0.15997	0.01789	0.01083	0.00307	0.00595	0.01528	0.01084	0.01159
157	0.02010	0.01723	0.02010	0.01436	0.02297	0.01292	0.01148	0.02440	0.02010	0.03158	0.01723	0.02010	0.01436	0.00718	0.00718	0.00144	0.00718	0.00574	0.00574	0.71863
158	0.02120	0.02120	0.02969	0.02545	0.02545	0.02969	0.02120	0.02332	0.01484	0.02332	0.01272	0.02120	0.01272	0.01696	0.03181	0.00424	0.64165	0.00848	0.00424	0.01060
159	0.03090	0.02052	0.02352	0.01895	0.02492	0.02182	0.01533	0.33096	0.03627	0.13028	0.11829	0.06848	0.03276	0.01885	0.05843	0.00400	0.01028	0.01145	0.00978	0.01422
160	0.01195	0.00951	0.01073	0.01112	0.01357	0.00829	0.00808	0.01462	0.02224	0.02818	0.17878	0.22164	0.37698	0.02505	0.01167	0.00339	0.00502	0.02159	0.00931	0.00829
161	0.01233	0.00985	0.01103	0.01074	0.01363	0.00855	0.00805	0.01561	0.02416	0.03109	0.29012	0.08519	0.39999	0.02271	0.01145	0.00319	0.00478	0.01932	0.00965	0.00855
162	0.03290	0.17732	0.03264	0.02320	0.02854	0.45220	0.01845	0.03550	0.02487	0.02349	0.01449	0.01734	0.01249	0.01013	0.00989	0.00253	0.06164	0.00618	0.00476	0.01145
163	0.58818	0.01913	0.01644	0.01406	0.02038	0.02147	0.01159	0.07334	0.02019	0.11475	0.01734	0.01848	0.01265	0.00958	0.00676	0.00299	0.00784	0.00608	0.00704	0.01171
164	0.01386	0.01031	0.01521	0.01521	0.01681	0.01192	0.01166	0.01707	0.01547	0.02223	0.02630	0.03993	0.02504	0.11563	0.57913	0.01512	0.02475	0.01066	0.00524	0.00845
165	0.02399	0.02303	0.03934	0.05949	0.59893	0.02303	0.02974	0.02974	0.02207	0.03166	0.01823	0.02399	0.01535	0.00864	0.00960	0.00288	0.01151	0.00864	0.00480	0.01535
