[name]
unknown

[dist]
# distance from previous block
# <min> <max>
27	1353

[block]
# block no. 0 follows, 11 sequences, length 9
# corresponding to MSA columns:
# 1459-1467
name=unknown_A
#
# <colnr> <probs for GDERKNQSTAVLIFYWHMCP>
#	G	D	E	R	K	N	Q	S	T	A	V	L	I	F	Y	W	H	M	C	P
0	0.03048	0.44474	0.05181	0.10371	0.03698	0.04032	0.02134	0.09524	0.02686	0.03280	0.01783	0.02105	0.01516	0.01039	0.00837	0.00274	0.01253	0.00717	0.00571	0.01479
1	0.35247	0.02506	0.02473	0.02504	0.09400	0.07909	0.01741	0.04057	0.02499	0.18269	0.02457	0.02534	0.01754	0.01148	0.00907	0.00340	0.01079	0.00820	0.00859	0.01497
2	0.11553	0.15927	0.15753	0.08814	0.12407	0.03064	0.02734	0.06198	0.06733	0.03812	0.02136	0.02490	0.01672	0.01093	0.00967	0.00330	0.01294	0.00847	0.00618	0.01558
3	0.01893	0.09989	0.15529	0.05821	0.03080	0.01935	0.02149	0.02456	0.02272	0.03062	0.04253	0.29967	0.04677	0.02382	0.01242	0.00404	0.01068	0.05826	0.00792	0.01204
4	0.01465	0.01052	0.01390	0.01503	0.01653	0.00977	0.01052	0.01802	0.02590	0.03566	0.25886	0.38053	0.08785	0.03009	0.01391	0.00414	0.00601	0.02708	0.01127	0.00977
5	0.04092	0.01710	0.02343	0.01890	0.02584	0.01534	0.01534	0.04538	0.03035	0.40166	0.11502	0.04592	0.03962	0.02430	0.08177	0.00536	0.01157	0.01277	0.01269	0.01671
6	0.02692	0.01307	0.01646	0.01496	0.01891	0.01298	0.01173	0.03160	0.02420	0.16119	0.03679	0.04168	0.02841	0.03311	0.16195	0.00713	0.01323	0.01113	0.32204	0.01251
7	0.04894	0.02165	0.02766	0.02121	0.02998	0.02025	0.01752	0.14398	0.03639	0.44701	0.04090	0.03603	0.02610	0.01385	0.01131	0.00346	0.01014	0.01108	0.01339	0.01915
8	0.02267	0.01512	0.01320	0.01281	0.01577	0.06811	0.00961	0.02768	0.02532	0.04077	0.08516	0.04401	0.03528	0.01397	0.00866	0.00275	0.00683	0.01116	0.53033	0.01077

[dist]
# distance from previous block
# <min> <max>
2	22

[block]
# block no. 1 follows, 11 sequences, length 51
# corresponding to MSA columns:
# 1490-1500,1508-1547
name=unknown_B
#
# <colnr> <probs for GDERKNQSTAVLIFYWHMCP>
#	G	D	E	R	K	N	Q	S	T	A	V	L	I	F	Y	W	H	M	C	P
0	0.02667	0.03990	0.30022	0.15769	0.05055	0.02344	0.03287	0.03639	0.02474	0.11283	0.02390	0.02746	0.01675	0.01113	0.01072	0.00344	0.01445	0.00904	0.00640	0.07139
1	0.17506	0.01893	0.06075	0.01634	0.02160	0.01676	0.01404	0.02810	0.06843	0.04459	0.29051	0.06183	0.10402	0.01879	0.01142	0.00357	0.00740	0.01560	0.01023	0.01202
2	0.02972	0.14644	0.04280	0.10997	0.25200	0.11299	0.02750	0.03772	0.07261	0.03331	0.02171	0.02635	0.01788	0.01084	0.01025	0.00318	0.01395	0.00905	0.00595	0.01576
3	0.01988	0.01388	0.01818	0.02063	0.08004	0.01253	0.01332	0.02364	0.02676	0.09239	0.15835	0.17418	0.25350	0.02484	0.01300	0.00380	0.00716	0.02155	0.01060	0.01175
4	0.02389	0.01330	0.01747	0.01598	0.02000	0.01201	0.01246	0.02851	0.03015	0.15905	0.30488	0.11702	0.11765	0.02292	0.01309	0.00376	0.00687	0.05630	0.01228	0.01241
5	0.02656	0.24956	0.24753	0.02529	0.03697	0.03321	0.02792	0.04065	0.13919	0.03504	0.02461	0.02601	0.01907	0.01139	0.00962	0.00321	0.01315	0.00853	0.00636	0.01612
6	0.02511	0.01637	0.01972	0.01760	0.02240	0.01597	0.01330	0.03551	0.14194	0.12481	0.16193	0.14573	0.05609	0.06448	0.01553	0.00413	0.00784	0.01723	0.01107	0.08324
7	0.08573	0.02686	0.07205	0.02653	0.07905	0.02493	0.02085	0.18559	0.07245	0.17284	0.03992	0.03867	0.07531	0.01453	0.01112	0.00350	0.01090	0.01159	0.01042	0.01716
8	0.02874	0.02445	0.02734	0.09031	0.03570	0.02836	0.01982	0.10221	0.40575	0.04739	0.04070	0.03896	0.03041	0.01460	0.01141	0.00376	0.01001	0.01212	0.01065	0.01731
9	0.53176	0.02173	0.01873	0.01637	0.02347	0.02451	0.01336	0.03880	0.07772	0.10957	0.02262	0.02344	0.01664	0.01142	0.00801	0.00352	0.00884	0.00749	0.00832	0.01368
10	0.09926	0.02295	0.02985	0.09575	0.11331	0.02410	0.02146	0.09406	0.12219	0.21061	0.03351	0.03326	0.02355	0.01287	0.01088	0.00355	0.01091	0.01060	0.01013	0.01722
11	0.02168	0.01905	0.08141	0.01770	0.02304	0.01457	0.01562	0.02994	0.06945	0.10137	0.37253	0.06814	0.08031	0.01986	0.01259	0.00356	0.00746	0.01725	0.01157	0.01291
12	0.01707	0.01360	0.01784	0.02122	0.06795	0.01333	0.01393	0.02331	0.07577	0.03338	0.09964	0.32645	0.13848	0.02836	0.01360	0.00423	0.00755	0.06290	0.01023	0.01117
13	0.03303	0.02285	0.03207	0.24932	0.04994	0.02648	0.02476	0.12908	0.03012	0.15822	0.02637	0.03053	0.01884	0.01365	0.01526	0.00379	0.10163	0.01032	0.00836	0.01538
14	0.03032	0.02855	0.03055	0.20858	0.04707	0.11071	0.02347	0.11742	0.20157	0.04179	0.02980	0.03223	0.02239	0.01308	0.01115	0.00358	0.01326	0.01055	0.00840	0.01552
15	0.02179	0.08202	0.02073	0.01607	0.01968	0.01627	0.01202	0.02692	0.07014	0.09149	0.05705	0.24642	0.12570	0.11868	0.01966	0.00502	0.00834	0.02080	0.00973	0.01148
16	0.02929	0.10161	0.14291	0.02981	0.11401	0.02471	0.02447	0.07523	0.02726	0.09162	0.02290	0.02542	0.01748	0.01030	0.00972	0.00277	0.01183	0.00827	0.00703	0.22338
17	0.57791	0.02148	0.01763	0.01510	0.02255	0.02360	0.01237	0.03232	0.01983	0.04828	0.01637	0.01910	0.01291	0.01011	0.00719	0.00319	0.00865	0.00619	0.00692	0.11830
18	0.03009	0.61122	0.05898	0.01926	0.02889	0.04454	0.01926	0.03370	0.02287	0.02648	0.01565	0.01805	0.01444	0.00963	0.00722	0.00241	0.01204	0.00602	0.00481	0.01444
19	0.29340	0.02581	0.02485	0.02074	0.02827	0.02934	0.01684	0.20288	0.15551	0.05683	0.02725	0.02732	0.02021	0.01274	0.00960	0.00353	0.01005	0.00918	0.00960	0.01605
20	0.02257	0.05822	0.54613	0.03208	0.04871	0.02614	0.04158	0.03564	0.02376	0.03564	0.02020	0.02376	0.01426	0.01069	0.01069	0.00356	0.01663	0.00832	0.00475	0.01663
21	0.03411	0.01967	0.02444	0.01800	0.02749	0.01561	0.01461	0.03886	0.02686	0.23714	0.02968	0.02928	0.02111	0.01055	0.00952	0.00239	0.00883	0.00851	0.00955	0.41379
22	0.01556	0.01181	0.01454	0.01478	0.01780	0.01079	0.01169	0.02001	0.02835	0.03744	0.27720	0.10242	0.23994	0.02678	0.01382	0.00402	0.00664	0.12497	0.01125	0.01018
23	0.02800	0.02418	0.02545	0.02291	0.02927	0.02800	0.01782	0.05981	0.51390	0.04708	0.04581	0.04199	0.03436	0.01527	0.01145	0.00382	0.00891	0.01273	0.01145	0.01782
24	0.04961	0.02058	0.02700	0.02070	0.02944	0.01866	0.01710	0.10574	0.03460	0.48777	0.04240	0.03701	0.02686	0.01388	0.01131	0.00347	0.00990	0.01118	0.01362	0.01915
25	0.01404	0.01048	0.01316	0.01515	0.01673	0.00959	0.01074	0.01652	0.02294	0.02960	0.07408	0.43648	0.18102	0.03327	0.01423	0.00445	0.00670	0.07105	0.01044	0.00934
26	0.04476	0.01875	0.02411	0.01890	0.02659	0.01711	0.01548	0.08852	0.03254	0.41505	0.04157	0.03795	0.02727	0.01375	0.01072	0.00333	0.00908	0.01107	0.12579	0.01767
27	0.01672	0.01132	0.01470	0.01529	0.01693	0.01089	0.01131	0.01888	0.02337	0.03129	0.16944	0.12449	0.10321	0.14611	0.02755	0.10952	0.00845	0.12252	0.00931	0.00870
28	0.03979	0.16843	0.03973	0.02433	0.03348	0.03718	0.02089	0.38736	0.04582	0.06044	0.02434	0.02490	0.01803	0.01259	0.01031	0.00315	0.01230	0.00916	0.00974	0.01803
29	0.02881	0.02031	0.02794	0.17051	0.04119	0.02010	0.02008	0.03408	0.02440	0.14324	0.02475	0.02853	0.01845	0.01154	0.01279	0.00297	0.07121	0.00892	0.00761	0.28259
30	0.03377	0.35890	0.04920	0.02769	0.09192	0.08974	0.02182	0.13712	0.03071	0.03764	0.01900	0.02144	0.01590	0.01072	0.00887	0.00278	0.01307	0.00753	0.00642	0.01576
31	0.51965	0.01897	0.01504	0.01373	0.01962	0.02159	0.01112	0.03139	0.02026	0.04838	0.02089	0.02415	0.01632	0.01111	0.00719	0.00327	0.00785	0.00718	0.17052	0.01177
32	0.02857	0.02721	0.03575	0.25500	0.18258	0.08345	0.02838	0.09218	0.08460	0.03795	0.02386	0.02943	0.01842	0.01170	0.01113	0.00352	0.01411	0.01005	0.00674	0.01538
33	0.02756	0.02299	0.03443	0.14162	0.24516	0.02457	0.02649	0.04007	0.14633	0.07999	0.03206	0.07489	0.02646	0.01375	0.01149	0.00364	0.01173	0.01243	0.00799	0.01633
34	0.01477	0.01077	0.01390	0.01459	0.01648	0.00990	0.01038	0.01845	0.02695	0.03694	0.29576	0.30544	0.12646	0.02869	0.01374	0.00400	0.00586	0.02561	0.01140	0.00990
35	0.01623	0.01118	0.01358	0.01336	0.01423	0.01117	0.00853	0.01797	0.02039	0.02806	0.15704	0.07313	0.05575	0.40541	0.09947	0.00984	0.01156	0.01690	0.00812	0.00810
36	0.09793	0.01892	0.02045	0.01741	0.02284	0.02000	0.01383	0.14879	0.07031	0.08849	0.15947	0.04624	0.04484	0.01570	0.01054	0.00329	0.00802	0.01270	0.16615	0.01408
37	0.05050	0.01915	0.02612	0.02003	0.02873	0.01654	0.01654	0.05485	0.03221	0.54203	0.04440	0.03831	0.02786	0.01393	0.01132	0.00348	0.00958	0.01132	0.01393	0.01915
38	0.04041	0.03035	0.03244	0.02542	0.03400	0.03380	0.02082	0.42658	0.12691	0.06711	0.03004	0.02943	0.02158	0.01379	0.01129	0.00345	0.01183	0.01055	0.01129	0.01893
39	0.02126	0.02001	0.03376	0.57739	0.07752	0.02501	0.03126	0.02876	0.02251	0.02876	0.02001	0.03001	0.01500	0.01125	0.01125	0.00375	0.01500	0.01000	0.00500	0.01250
40	0.04344	0.03048	0.03313	0.02540	0.03438	0.03335	0.02098	0.45936	0.05117	0.11076	0.02849	0.02798	0.01988	0.01355	0.01126	0.00339	0.01215	0.01023	0.01149	0.01914
41	0.17522	0.01501	0.01648	0.01715	0.02032	0.01579	0.01301	0.06298	0.02440	0.03833	0.04765	0.33754	0.05341	0.02685	0.01253	0.00430	0.00815	0.09027	0.00968	0.01092
42	0.02486	0.02107	0.03529	0.24378	0.05166	0.02370	0.10817	0.03338	0.06621	0.08067	0.02899	0.08048	0.02431	0.01986	0.05589	0.00500	0.06305	0.01296	0.00708	0.01360
43	0.01787	0.01291	0.01911	0.01784	0.02084	0.01228	0.06162	0.02266	0.02584	0.03772	0.18005	0.21582	0.06514	0.02338	0.01249	0.00379	0.00757	0.06259	0.16986	0.01063
44	0.02334	0.01979	0.02934	0.35864	0.05656	0.02315	0.02485	0.09973	0.02944	0.03918	0.14113	0.04231	0.03718	0.01438	0.01173	0.00364	0.01231	0.01247	0.00772	0.01309
45	0.02185	0.01859	0.07090	0.14931	0.03513	0.01619	0.01913	0.02832	0.02690	0.08079	0.18916	0.05781	0.05167	0.01721	0.01161	0.00357	0.00948	0.05247	0.12761	0.01232
46	0.01675	0.01035	0.01498	0.01585	0.01656	0.01063	0.01106	0.01635	0.01780	0.02423	0.03629	0.22373	0.03992	0.04906	0.16199	0.28839	0.01375	0.01773	0.00702	0.00758
47	0.03315	0.47049	0.05261	0.02116	0.03036	0.08795	0.01981	0.10820	0.02843	0.03363	0.01761	0.01967	0.01519	0.01042	0.00812	0.00260	0.01281	0.00678	0.00592	0.01507
48	0.02964	0.01564	0.02040	0.01835	0.02336	0.01480	0.01468	0.03710	0.08106	0.21855	0.18951	0.11505	0.06136	0.02133	0.01285	0.00390	0.00812	0.08768	0.01234	0.01424
49	0.02511	0.03378	0.20241	0.02505	0.03433	0.02426	0.02549	0.08883	0.18294	0.04391	0.09502	0.04905	0.03807	0.01628	0.01186	0.00381	0.01165	0.06321	0.00913	0.01582
50	0.03072	0.03658	0.15051	0.02622	0.03540	0.08486	0.02445	0.12697	0.26869	0.04638	0.03356	0.03285	0.02492	0.01350	0.01110	0.00359	0.01253	0.01066	0.00924	0.01726

[dist]
# distance from previous block
# <min> <max>
3	7

[block]
# block no. 2 follows, 11 sequences, length 6
# corresponding to MSA columns:
# 1556-1561
name=unknown_C
#
# <colnr> <probs for GDERKNQSTAVLIFYWHMCP>
#	G	D	E	R	K	N	Q	S	T	A	V	L	I	F	Y	W	H	M	C	P
0	0.10927	0.01580	0.02047	0.01891	0.02280	0.01600	0.04717	0.06712	0.02813	0.04167	0.18970	0.21602	0.06517	0.02385	0.01280	0.00402	0.00834	0.07096	0.01029	0.01151
1	0.02223	0.02191	0.03978	0.47975	0.07407	0.02564	0.11640	0.03010	0.02325	0.03010	0.02051	0.03007	0.01539	0.01093	0.01163	0.00376	0.01574	0.01061	0.00513	0.01300
2	0.03235	0.02683	0.03082	0.09393	0.10434	0.06850	0.02230	0.10911	0.24732	0.09159	0.03466	0.03468	0.02571	0.01345	0.01125	0.00358	0.01162	0.01115	0.00968	0.01713
3	0.01881	0.01228	0.01628	0.01598	0.01752	0.01310	0.01138	0.02160	0.07433	0.02549	0.03405	0.04768	0.06305	0.11321	0.17257	0.30058	0.01476	0.01249	0.00657	0.00828
4	0.02357	0.02180	0.03627	0.21974	0.29444	0.02322	0.02910	0.03026	0.02579	0.03578	0.11425	0.03890	0.03322	0.01281	0.01157	0.00351	0.01240	0.01192	0.00665	0.01482
5	0.29662	0.02030	0.02197	0.01751	0.02571	0.01977	0.01439	0.04268	0.02586	0.27978	0.02977	0.02839	0.02017	0.01180	0.00920	0.00324	0.00907	0.00863	0.01020	0.10495

[dist]
# distance from previous block
# <min> <max>
0	4

[block]
# block no. 3 follows, 11 sequences, length 41
# corresponding to MSA columns:
# 1566-1606
name=unknown_D
#
# <colnr> <probs for GDERKNQSTAVLIFYWHMCP>
#	G	D	E	R	K	N	Q	S	T	A	V	L	I	F	Y	W	H	M	C	P
0	0.02464	0.02443	0.03545	0.07920	0.08030	0.03296	0.02610	0.02792	0.01846	0.02812	0.01581	0.02538	0.01508	0.01810	0.03239	0.00468	0.48328	0.00988	0.00499	0.01284
1	0.03176	0.02983	0.04048	0.05363	0.35490	0.07764	0.02954	0.11770	0.07613	0.04277	0.02411	0.02832	0.01928	0.01126	0.01110	0.00335	0.01343	0.01004	0.00712	0.01761
2	0.09976	0.02088	0.02421	0.02071	0.02738	0.02157	0.01676	0.12418	0.12027	0.21303	0.04224	0.10158	0.03475	0.01781	0.01168	0.00382	0.00964	0.06191	0.01158	0.01625
3	0.02334	0.02001	0.02334	0.01667	0.02667	0.01500	0.01334	0.02834	0.02334	0.03668	0.02001	0.02334	0.01667	0.00834	0.00834	0.00167	0.00834	0.00667	0.00667	0.67325
4	0.01569	0.01150	0.01471	0.01390	0.01667	0.01052	0.01043	0.02077	0.03128	0.04377	0.48989	0.08632	0.14546	0.02352	0.01328	0.00356	0.00535	0.02067	0.01221	0.01052
5	0.02891	0.01512	0.01951	0.01816	0.02234	0.01423	0.01359	0.07765	0.02829	0.20387	0.05260	0.35311	0.05331	0.02595	0.01304	0.00409	0.00814	0.02289	0.01169	0.01349
6	0.09881	0.32113	0.04196	0.01982	0.02741	0.03314	0.01802	0.03620	0.02348	0.13583	0.02282	0.02521	0.01824	0.01818	0.05990	0.00437	0.06582	0.00802	0.00704	0.01460
7	0.01584	0.01152	0.01532	0.01727	0.01931	0.01100	0.01362	0.01966	0.02499	0.03285	0.11728	0.28697	0.11983	0.03142	0.01465	0.00465	0.00798	0.21535	0.01062	0.00987
8	0.09369	0.01960	0.02237	0.01863	0.02522	0.02003	0.01495	0.09462	0.12544	0.22412	0.07602	0.04017	0.03297	0.01439	0.01049	0.00339	0.00858	0.01155	0.12769	0.01609
9	0.01509	0.01135	0.01396	0.01357	0.01636	0.01022	0.01008	0.01951	0.02948	0.04010	0.38624	0.12968	0.21238	0.02536	0.01337	0.00369	0.00550	0.02212	0.01174	0.01022
10	0.03009	0.61122	0.05898	0.01926	0.02889	0.04454	0.01926	0.03370	0.02287	0.02648	0.01565	0.01805	0.01444	0.00963	0.00722	0.00241	0.01204	0.00602	0.00481	0.01444
11	0.03273	0.02088	0.02498	0.01879	0.02762	0.01823	0.01521	0.11065	0.03120	0.17163	0.07441	0.03337	0.02821	0.01196	0.01003	0.00258	0.00903	0.00968	0.00979	0.33900
12	0.03736	0.02883	0.03072	0.02480	0.03284	0.03237	0.02008	0.33651	0.22195	0.06219	0.03391	0.03251	0.02472	0.01416	0.01133	0.00354	0.01111	0.01108	0.01133	0.01865
13	0.68395	0.02177	0.01654	0.01480	0.02177	0.02525	0.01219	0.03309	0.01915	0.05050	0.01567	0.01828	0.01219	0.01045	0.00697	0.00348	0.00871	0.00609	0.00697	0.01219
14	0.31214	0.02456	0.02694	0.02240	0.02984	0.02756	0.06781	0.08994	0.20055	0.04976	0.02839	0.02898	0.02137	0.01238	0.00970	0.00363	0.01028	0.00966	0.00887	0.01524
15	0.01461	0.01050	0.01426	0.01592	0.01685	0.01060	0.01098	0.01688	0.02009	0.02731	0.05095	0.39799	0.05890	0.11018	0.15898	0.00873	0.01307	0.02517	0.00892	0.00912
16	0.01428	0.01023	0.01357	0.01528	0.01645	0.00952	0.01049	0.01710	0.02419	0.03294	0.18163	0.46551	0.08259	0.03212	0.01409	0.00431	0.00622	0.02901	0.01095	0.00952
17	0.04222	0.01695	0.02238	0.01782	0.02492	0.01495	0.01449	0.04681	0.03066	0.40961	0.08604	0.04302	0.03500	0.01459	0.01088	0.00334	0.00843	0.01198	0.12907	0.01687
18	0.03095	0.02564	0.02711	0.02350	0.03039	0.02937	0.01853	0.14701	0.42189	0.05184	0.04206	0.03900	0.03132	0.01492	0.01141	0.00373	0.00960	0.01221	0.01141	0.01808
19	0.15408	0.01848	0.02180	0.01788	0.02489	0.01794	0.01448	0.04539	0.07187	0.31459	0.08776	0.04008	0.03370	0.01428	0.01044	0.00344	0.00853	0.01136	0.07287	0.01614
20	0.04279	0.03153	0.03378	0.02590	0.03490	0.03490	0.02139	0.49671	0.05292	0.07093	0.02702	0.02702	0.01914	0.01351	0.01126	0.00338	0.01239	0.01013	0.01126	0.01914
21	0.05050	0.01915	0.02612	0.02003	0.02873	0.01654	0.01654	0.05485	0.03221	0.54203	0.04440	0.03831	0.02786	0.01393	0.01132	0.00348	0.00958	0.01132	0.01393	0.01915
22	0.03009	0.61122	0.05898	0.01926	0.02889	0.04454	0.01926	0.03370	0.02287	0.02648	0.01565	0.01805	0.01444	0.00963	0.00722	0.00241	0.01204	0.00602	0.00481	0.01444
23	0.02160	0.02047	0.03383	0.52190	0.07266	0.02597	0.03059	0.02859	0.02197	0.02859	0.01948	0.02946	0.01498	0.01211	0.01385	0.00387	0.07263	0.00999	0.00499	0.01248
24	0.10110	0.02710	0.02813	0.02337	0.03093	0.03069	0.01878	0.24526	0.26502	0.05770	0.03465	0.03313	0.02555	0.01402	0.01091	0.00359	0.01038	0.01093	0.01091	0.01781
25	0.02974	0.01542	0.01922	0.01649	0.02180	0.01437	0.01297	0.03711	0.07933	0.22134	0.21269	0.06196	0.10966	0.01861	0.01186	0.00349	0.00724	0.01575	0.07669	0.01427
26	0.02295	0.02173	0.03682	0.44701	0.19467	0.02545	0.03210	0.03024	0.02331	0.03081	0.02030	0.02946	0.01573	0.01094	0.01122	0.00365	0.01459	0.01001	0.00515	0.01387
27	0.01593	0.01150	0.01504	0.01416	0.01681	0.01062	0.01062	0.02124	0.03186	0.04513	0.52830	0.08407	0.10620	0.02301	0.01327	0.00354	0.00531	0.02035	0.01239	0.01062
28	0.01955	0.00978	0.01466	0.01466	0.01466	0.00978	0.00978	0.01466	0.01466	0.01955	0.01955	0.03421	0.01955	0.03910	0.04399	0.67253	0.00978	0.00978	0.00489	0.00489
29	0.03009	0.61122	0.05898	0.01926	0.02889	0.04454	0.01926	0.03370	0.02287	0.02648	0.01565	0.01805	0.01444	0.00963	0.00722	0.00241	0.01204	0.00602	0.00481	0.01444
30	0.01553	0.01239	0.01406	0.01405	0.01722	0.01155	0.01036	0.02172	0.07437	0.03572	0.21015	0.18351	0.28433	0.02694	0.01331	0.00387	0.00606	0.02324	0.01107	0.01055
31	0.03470	0.18747	0.18760	0.02606	0.03755	0.02788	0.07293	0.04187	0.02676	0.20989	0.02770	0.02800	0.01934	0.01142	0.01026	0.00325	0.01320	0.00926	0.00807	0.01679
32	0.37530	0.02217	0.02676	0.18556	0.13076	0.02545	0.02170	0.03211	0.02129	0.04179	0.01791	0.02337	0.01402	0.01060	0.00895	0.00353	0.01135	0.00793	0.00615	0.01330
33	0.61862	0.02070	0.01613	0.01455	0.02084	0.02385	0.01166	0.03145	0.01888	0.04769	0.01761	0.02370	0.01500	0.06858	0.01189	0.00421	0.00892	0.00710	0.00695	0.01166
34	0.01628	0.01126	0.01402	0.01402	0.01462	0.01186	0.00899	0.01749	0.01688	0.02311	0.03387	0.06483	0.03709	0.44848	0.20801	0.01306	0.01668	0.01508	0.00658	0.00779
35	0.02421	0.01144	0.01220	0.01153	0.01482	0.01115	0.00882	0.02936	0.02455	0.09670	0.03756	0.04156	0.02874	0.01320	0.00825	0.00272	0.00572	0.01058	0.59545	0.01144
36	0.02800	0.02418	0.02545	0.02291	0.02927	0.02800	0.01782	0.05981	0.51390	0.04708	0.04581	0.04199	0.03436	0.01527	0.01145	0.00382	0.00891	0.01273	0.01145	0.01782
37	0.02462	0.02462	0.03447	0.02955	0.02955	0.03447	0.02462	0.02709	0.01724	0.02709	0.01477	0.02462	0.01477	0.01970	0.03694	0.00492	0.58385	0.00985	0.00492	0.01231
38	0.04349	0.02482	0.03039	0.02378	0.03126	0.02647	0.01968	0.22256	0.03796	0.27895	0.03305	0.03180	0.02244	0.01466	0.01526	0.00367	0.09954	0.01063	0.01150	0.01809
39	0.01637	0.01091	0.01228	0.01228	0.01228	0.01091	0.00682	0.01637	0.01637	0.02182	0.03546	0.07365	0.04092	0.60445	0.05729	0.01091	0.01091	0.01637	0.00682	0.00682
40	0.09096	0.02212	0.03029	0.22538	0.10069	0.02513	0.02386	0.03514	0.10984	0.03617	0.02379	0.02917	0.01872	0.01213	0.01290	0.00348	0.06773	0.00956	0.00666	0.11624

[dist]
# distance from previous block
# <min> <max>
1	13

[block]
# block no. 4 follows, 11 sequences, length 14
# corresponding to MSA columns:
# 1620-1633
name=unknown_E
#
# <colnr> <probs for GDERKNQSTAVLIFYWHMCP>
#	G	D	E	R	K	N	Q	S	T	A	V	L	I	F	Y	W	H	M	C	P
0	0.02462	0.02462	0.03447	0.02955	0.02955	0.03447	0.02462	0.02709	0.01724	0.02709	0.01477	0.02462	0.01477	0.01970	0.03694	0.00492	0.58385	0.00985	0.00492	0.01231
1	0.29857	0.02208	0.02417	0.12509	0.03576	0.02483	0.01814	0.07578	0.09874	0.13389	0.02694	0.02826	0.01934	0.01217	0.00955	0.00358	0.01037	0.00906	0.00882	0.01485
2	0.52697	0.02112	0.01892	0.01610	0.02349	0.02309	0.01327	0.03848	0.02239	0.17231	0.02279	0.02325	0.01607	0.01131	0.00804	0.00348	0.00892	0.00739	0.00869	0.01392
3	0.02279	0.01326	0.01763	0.01730	0.02100	0.01226	0.01398	0.02732	0.02841	0.13344	0.19991	0.14180	0.11390	0.02560	0.01375	0.00419	0.00792	0.16195	0.01166	0.01192
4	0.01593	0.01150	0.01504	0.01416	0.01681	0.01062	0.01062	0.02124	0.03186	0.04513	0.52830	0.08407	0.10620	0.02301	0.01327	0.00354	0.00531	0.02035	0.01239	0.01062
5	0.02107	0.01720	0.01944	0.01940	0.02299	0.01885	0.01424	0.03840	0.27510	0.03818	0.05368	0.31124	0.05380	0.02497	0.01287	0.00418	0.00775	0.02207	0.01097	0.01361
6	0.03149	0.02294	0.07835	0.14497	0.07857	0.02021	0.02269	0.04042	0.07598	0.20758	0.11858	0.04253	0.03712	0.01443	0.01158	0.00358	0.01094	0.01234	0.00994	0.01576
7	0.03228	0.01704	0.02153	0.01821	0.02404	0.01635	0.01440	0.04227	0.12415	0.24737	0.23948	0.05744	0.06064	0.01784	0.01213	0.00357	0.00773	0.01523	0.01284	0.01546
8	0.02447	0.01538	0.02365	0.02067	0.02538	0.01424	0.08434	0.02911	0.02570	0.13104	0.05328	0.19831	0.09259	0.02235	0.01259	0.00393	0.00921	0.08031	0.12106	0.01239
9	0.01637	0.01091	0.01228	0.01228	0.01228	0.01091	0.00682	0.01637	0.01637	0.02182	0.03546	0.07365	0.04092	0.60445	0.05729	0.01091	0.01091	0.01637	0.00682	0.00682
10	0.02462	0.02462	0.03447	0.02955	0.02955	0.03447	0.02462	0.02709	0.01724	0.02709	0.01477	0.02462	0.01477	0.01970	0.03694	0.00492	0.58385	0.00985	0.00492	0.01231
11	0.02322	0.02572	0.10159	0.01898	0.02997	0.01667	0.01756	0.02943	0.02340	0.03652	0.02003	0.02340	0.01631	0.00869	0.00869	0.00195	0.00958	0.00692	0.00638	0.57498
12	0.03075	0.13099	0.04148	0.04188	0.22847	0.08294	0.02598	0.08221	0.10064	0.03797	0.02349	0.02716	0.01923	0.01212	0.01281	0.00336	0.06586	0.00946	0.00682	0.01639
13	0.02944	0.03150	0.13466	0.11219	0.04587	0.06253	0.12891	0.03970	0.07436	0.12429	0.07528	0.03590	0.02802	0.01275	0.01174	0.00360	0.01413	0.01168	0.00804	0.01542

[dist]
# distance from previous block
# <min> <max>
0	2

[block]
# block no. 5 follows, 11 sequences, length 25
# corresponding to MSA columns:
# 1636-1660
name=unknown_F
#
# <colnr> <probs for GDERKNQSTAVLIFYWHMCP>
#	G	D	E	R	K	N	Q	S	T	A	V	L	I	F	Y	W	H	M	C	P
0	0.02280	0.01234	0.01669	0.01727	0.02002	0.01131	0.01275	0.02568	0.02454	0.14896	0.05764	0.41280	0.06247	0.02981	0.01379	0.00439	0.00768	0.07620	0.01125	0.01162
1	0.02109	0.01934	0.03404	0.16091	0.10791	0.01998	0.11560	0.02750	0.02521	0.03380	0.07785	0.12286	0.04227	0.01927	0.01320	0.00413	0.01267	0.12197	0.00775	0.01266
2	0.02225	0.01211	0.01596	0.01633	0.01912	0.01090	0.01171	0.02485	0.02438	0.14853	0.06230	0.42569	0.10190	0.02972	0.01357	0.00425	0.00717	0.02648	0.01126	0.01151
3	0.01594	0.01140	0.01443	0.01426	0.01569	0.01165	0.00982	0.01839	0.02069	0.02838	0.13740	0.07007	0.09118	0.29072	0.19083	0.01095	0.01496	0.01652	0.00799	0.00873
4	0.03223	0.02628	0.02783	0.02376	0.03088	0.02997	0.01884	0.18486	0.38196	0.05391	0.04043	0.03771	0.03000	0.01477	0.01140	0.00369	0.00990	0.01198	0.01140	0.01819
5	0.28118	0.02112	0.02325	0.01860	0.02669	0.02122	0.01535	0.08296	0.02914	0.32410	0.03249	0.03008	0.02143	0.01262	0.00972	0.00347	0.00949	0.00931	0.01117	0.01661
6	0.23758	0.02526	0.02654	0.02098	0.02929	0.02706	0.01732	0.23839	0.03720	0.19163	0.02829	0.02743	0.01940	0.01270	0.00998	0.00344	0.01052	0.00924	0.01069	0.01706
7	0.02843	0.44892	0.11788	0.02387	0.03369	0.04018	0.05868	0.03357	0.02279	0.02840	0.01668	0.02026	0.01465	0.01060	0.01062	0.00287	0.06128	0.00718	0.00488	0.01459
8	0.02891	0.53326	0.05269	0.01812	0.02684	0.04012	0.01778	0.03273	0.02296	0.02849	0.01838	0.02116	0.01631	0.01008	0.00731	0.00244	0.01116	0.00660	0.09073	0.01393
9	0.45613	0.02142	0.01987	0.01699	0.02430	0.02347	0.01388	0.04139	0.07916	0.16838	0.02605	0.02583	0.01851	0.01184	0.00853	0.00352	0.00894	0.00811	0.00916	0.01451
10	0.02973	0.04877	0.36469	0.02989	0.04382	0.02924	0.03443	0.19892	0.03409	0.04814	0.02261	0.02492	0.01599	0.01169	0.01089	0.00350	0.01513	0.00896	0.00706	0.01752
11	0.01535	0.01128	0.01438	0.01403	0.01657	0.01031	0.01036	0.01996	0.02987	0.04141	0.42287	0.15047	0.15094	0.02516	0.01341	0.00370	0.00551	0.02219	0.01193	0.01031
12	0.11407	0.02004	0.02974	0.37446	0.05891	0.02306	0.02535	0.03540	0.02433	0.15123	0.02513	0.03042	0.01764	0.01177	0.01071	0.00365	0.01292	0.00980	0.00734	0.01401
13	0.02185	0.01299	0.01691	0.01618	0.01953	0.01207	0.01268	0.02611	0.02805	0.11811	0.24639	0.08719	0.10719	0.09930	0.01920	0.00489	0.00793	0.12078	0.01130	0.01135
14	0.01955	0.00978	0.01466	0.01466	0.01466	0.00978	0.00978	0.01466	0.01466	0.01955	0.01955	0.03421	0.01955	0.03910	0.04399	0.67253	0.00978	0.00978	0.00489	0.00489
15	0.03402	0.43182	0.05118	0.02131	0.03075	0.04155	0.01992	0.17699	0.03217	0.04024	0.01917	0.02083	0.01590	0.01083	0.00847	0.00271	0.01214	0.00729	0.00681	0.01590
16	0.01371	0.00979	0.01306	0.01567	0.01632	0.00914	0.01045	0.01567	0.02155	0.02873	0.06203	0.59710	0.07444	0.03526	0.01437	0.00457	0.00653	0.03200	0.01045	0.00914
17	0.02007	0.01692	0.02260	0.17948	0.03721	0.01875	0.01811	0.03198	0.14099	0.03959	0.23339	0.06061	0.09862	0.01825	0.01227	0.00369	0.00900	0.01586	0.00986	0.01275
18	0.26805	0.09891	0.10508	0.02058	0.02938	0.02740	0.01940	0.04273	0.14547	0.10099	0.02719	0.02731	0.02012	0.01199	0.00918	0.00345	0.01046	0.00868	0.00829	0.01534
19	0.09904	0.03196	0.09988	0.17645	0.24271	0.09519	0.03052	0.03447	0.02475	0.03499	0.01968	0.02584	0.01565	0.01066	0.01053	0.00343	0.01456	0.00902	0.00551	0.01516
20	0.03493	0.02852	0.07575	0.03309	0.13583	0.02704	0.02376	0.22325	0.07448	0.11473	0.08351	0.03567	0.03018	0.01378	0.01143	0.00345	0.01157	0.01142	0.01001	0.01763
21	0.10939	0.01531	0.01581	0.01394	0.01859	0.01577	0.01101	0.08214	0.02737	0.11107	0.03405	0.03692	0.02560	0.01293	0.00857	0.00292	0.00702	0.01001	0.42881	0.01277
22	0.02193	0.09603	0.08176	0.08199	0.02981	0.01885	0.01798	0.02804	0.02876	0.08034	0.30841	0.05898	0.06738	0.01784	0.01182	0.00342	0.00888	0.01525	0.00985	0.01269
23	0.29234	0.01942	0.02226	0.08180	0.03055	0.02064	0.01622	0.03908	0.02425	0.22711	0.02856	0.03019	0.02025	0.02078	0.07597	0.00528	0.01235	0.00920	0.00921	0.01455
24	0.02556	0.09243	0.03181	0.03029	0.14368	0.02386	0.01965	0.07293	0.10665	0.04231	0.16315	0.04360	0.04412	0.01443	0.01094	0.00314	0.00956	0.01236	0.00890	0.10061

[dist]
# distance from previous block
# <min> <max>
1	16

[block]
# block no. 6 follows, 11 sequences, length 12
# corresponding to MSA columns:
# 1677-1688
name=unknown_G
#
# <colnr> <probs for GDERKNQSTAVLIFYWHMCP>
#	G	D	E	R	K	N	Q	S	T	A	V	L	I	F	Y	W	H	M	C	P
0	0.02876	0.14420	0.04807	0.11566	0.26587	0.08465	0.08869	0.03491	0.02546	0.03271	0.01976	0.02574	0.01637	0.01019	0.01056	0.00322	0.01474	0.00937	0.00539	0.01567
1	0.19205	0.07080	0.09171	0.02070	0.03008	0.02330	0.01923	0.07954	0.02900	0.28944	0.03119	0.02944	0.02084	0.01236	0.00991	0.00340	0.01066	0.00924	0.01027	0.01686
2	0.02462	0.02462	0.03447	0.02955	0.02955	0.03447	0.02462	0.02709	0.01724	0.02709	0.01477	0.02462	0.01477	0.01970	0.03694	0.00492	0.58385	0.00985	0.00492	0.01231
3	0.01897	0.01533	0.02217	0.01915	0.02236	0.01546	0.07235	0.02606	0.08437	0.03412	0.18207	0.06486	0.05552	0.23821	0.07403	0.00750	0.01160	0.01636	0.00885	0.01066
4	0.04279	0.03153	0.03378	0.02590	0.03490	0.03490	0.02139	0.49671	0.05292	0.07093	0.02702	0.02702	0.01914	0.01351	0.01126	0.00338	0.01239	0.01013	0.01126	0.01914
5	0.04855	0.02228	0.02806	0.02151	0.03029	0.02118	0.01777	0.16654	0.03745	0.42296	0.04001	0.03546	0.02566	0.01382	0.01130	0.00346	0.01029	0.01102	0.01326	0.01915
6	0.01593	0.01150	0.01504	0.01416	0.01681	0.01062	0.01062	0.02124	0.03186	0.04513	0.52830	0.08407	0.10620	0.02301	0.01327	0.00354	0.00531	0.02035	0.01239	0.01062
7	0.02800	0.02418	0.02545	0.02291	0.02927	0.02800	0.01782	0.05981	0.51390	0.04708	0.04581	0.04199	0.03436	0.01527	0.01145	0.00382	0.00891	0.01273	0.01145	0.01782
8	0.04168	0.02524	0.02861	0.02250	0.03060	0.02657	0.01840	0.27729	0.09332	0.20761	0.03508	0.03328	0.02421	0.01379	0.01101	0.00339	0.01056	0.01080	0.06779	0.01827
9	0.01354	0.01048	0.01235	0.01385	0.01585	0.00930	0.00964	0.01588	0.02330	0.02945	0.08425	0.38821	0.26899	0.03237	0.01391	0.00424	0.00618	0.02847	0.01045	0.00930
10	0.15135	0.02471	0.03419	0.08611	0.09160	0.02566	0.08147	0.14267	0.03214	0.17925	0.02773	0.02929	0.01940	0.01197	0.01077	0.00351	0.01222	0.01012	0.00925	0.01660
11	0.01443	0.01072	0.01345	0.01431	0.01628	0.00974	0.01014	0.01777	0.02604	0.03495	0.23958	0.31867	0.17349	0.02956	0.01377	0.00405	0.00593	0.02623	0.01115	0.00974

[dist]
# distance from previous block
# <min> <max>
0	4

[block]
# block no. 7 follows, 11 sequences, length 22
# corresponding to MSA columns:
# 1693-1714
name=unknown_H
#
# <colnr> <probs for GDERKNQSTAVLIFYWHMCP>
#	G	D	E	R	K	N	Q	S	T	A	V	L	I	F	Y	W	H	M	C	P
0	0.03685	0.21980	0.04342	0.02894	0.09316	0.03706	0.02228	0.29013	0.03984	0.05233	0.02261	0.02420	0.01745	0.01183	0.00993	0.00306	0.01239	0.00878	0.00847	0.01745
1	0.10875	0.02228	0.02168	0.01848	0.02487	0.08239	0.01435	0.03531	0.08771	0.09251	0.13046	0.07892	0.04137	0.01530	0.01051	0.00308	0.00929	0.01246	0.00938	0.18092
2	0.18817	0.34022	0.08809	0.01827	0.02703	0.03384	0.01819	0.03280	0.02214	0.03515	0.01871	0.02163	0.01568	0.01036	0.00756	0.00281	0.01080	0.00681	0.08813	0.01360
3	0.39711	0.02379	0.02238	0.01870	0.02626	0.02653	0.01531	0.13794	0.08158	0.11545	0.02493	0.02521	0.01802	0.01206	0.00891	0.00350	0.00962	0.00833	0.00923	0.01515
4	0.02680	0.10116	0.09160	0.02703	0.08956	0.12906	0.02030	0.02815	0.02163	0.02612	0.01891	0.02735	0.01704	0.02284	0.02448	0.28997	0.01346	0.00866	0.00513	0.01075
5	0.02539	0.02255	0.03071	0.03868	0.21360	0.02416	0.02268	0.04257	0.24533	0.03999	0.03961	0.13609	0.03542	0.01691	0.01186	0.00378	0.01013	0.01518	0.00910	0.01627
6	0.01366	0.01000	0.01285	0.01514	0.01618	0.00919	0.01021	0.01573	0.02206	0.02894	0.06853	0.53598	0.13136	0.03442	0.01423	0.00447	0.00643	0.03097	0.01045	0.00919
7	0.01389	0.01017	0.01306	0.01498	0.01624	0.00934	0.01023	0.01631	0.02313	0.03065	0.11717	0.48293	0.13420	0.03314	0.01412	0.00437	0.00630	0.02976	0.01065	0.00934
8	0.03541	0.02786	0.02963	0.02440	0.03209	0.03146	0.01961	0.27885	0.28278	0.05904	0.03639	0.03449	0.02673	0.01439	0.01136	0.00360	0.01065	0.01143	0.01136	0.01848
9	0.24359	0.01889	0.02121	0.01722	0.02463	0.01850	0.01411	0.04454	0.02709	0.32735	0.03453	0.03254	0.02312	0.01275	0.00954	0.00338	0.00877	0.00959	0.09273	0.01592
10	0.46207	0.02215	0.02068	0.01724	0.02484	0.02413	0.01422	0.08682	0.02587	0.17285	0.02388	0.02409	0.01675	0.01162	0.00848	0.00347	0.00930	0.00779	0.00912	0.01462
11	0.02126	0.02001	0.03376	0.57739	0.07752	0.02501	0.03126	0.02876	0.02251	0.02876	0.02001	0.03001	0.01500	0.01125	0.01125	0.00375	0.01500	0.01000	0.00500	0.01250
12	0.03009	0.61122	0.05898	0.01926	0.02889	0.04454	0.01926	0.03370	0.02287	0.02648	0.01565	0.01805	0.01444	0.00963	0.00722	0.00241	0.01204	0.00602	0.00481	0.01444
13	0.17728	0.02361	0.03383	0.23250	0.21511	0.02645	0.02719	0.06954	0.02525	0.03986	0.01997	0.02635	0.01564	0.01084	0.01023	0.00352	0.01280	0.00913	0.00615	0.01476
14	0.01540	0.01148	0.01431	0.01360	0.01649	0.01039	0.01020	0.02021	0.03061	0.04216	0.44470	0.08897	0.19165	0.02412	0.01328	0.00359	0.00539	0.02104	0.01200	0.01039
15	0.02119	0.01250	0.01578	0.01433	0.01798	0.01135	0.01097	0.02609	0.03038	0.11537	0.36183	0.07566	0.13260	0.02125	0.01243	0.00346	0.00597	0.01838	0.08075	0.01172
16	0.01997	0.01840	0.02667	0.20263	0.04039	0.02265	0.02143	0.02468	0.02315	0.03161	0.13047	0.05177	0.11907	0.01905	0.02007	0.00409	0.19080	0.01424	0.00730	0.01158
17	0.02625	0.02679	0.14896	0.02149	0.02931	0.01892	0.02073	0.03842	0.12656	0.13422	0.18699	0.08537	0.05266	0.01754	0.01198	0.00366	0.00967	0.01495	0.01049	0.01503
18	0.01848	0.01027	0.01451	0.01451	0.01473	0.01049	0.00959	0.01562	0.01541	0.02076	0.02418	0.04392	0.02515	0.16756	0.10275	0.45707	0.01223	0.01146	0.00543	0.00587
19	0.11445	0.29262	0.03945	0.02066	0.02792	0.19721	0.01777	0.03620	0.02529	0.03168	0.01873	0.02166	0.01592	0.01076	0.00817	0.00272	0.01336	0.00695	0.08523	0.01325
20	0.01755	0.01278	0.01585	0.01701	0.01905	0.01258	0.01226	0.07433	0.02597	0.03434	0.06128	0.45590	0.09906	0.03183	0.01401	0.00442	0.00749	0.06327	0.01054	0.01047
21	0.02725	0.14516	0.04153	0.27187	0.17407	0.09618	0.02845	0.03319	0.02452	0.03011	0.01908	0.02586	0.01552	0.01067	0.01027	0.00327	0.01467	0.00886	0.00520	0.01427

[dist]
# distance from previous block
# <min> <max>
0	1

[block]
# block no. 8 follows, 11 sequences, length 16
# corresponding to MSA columns:
# 1716-1724,1726-1732
name=unknown_I
#
# <colnr> <probs for GDERKNQSTAVLIFYWHMCP>
#	G	D	E	R	K	N	Q	S	T	A	V	L	I	F	Y	W	H	M	C	P
0	0.23410	0.02012	0.02018	0.01946	0.02279	0.06359	0.01535	0.02671	0.02099	0.03560	0.03231	0.16652	0.03412	0.02765	0.07310	0.00563	0.10403	0.05899	0.00759	0.01117
1	0.03495	0.02914	0.03566	0.04211	0.23208	0.08986	0.02533	0.11468	0.12550	0.11172	0.02953	0.03098	0.02219	0.01229	0.01113	0.00341	0.01266	0.01041	0.00875	0.01764
2	0.02412	0.02210	0.03466	0.15591	0.26532	0.02188	0.02631	0.03044	0.02515	0.03602	0.07714	0.03352	0.02682	0.01134	0.01076	0.00306	0.01165	0.01040	0.00647	0.16693
3	0.01571	0.01275	0.01778	0.14395	0.03026	0.01310	0.01487	0.01965	0.02424	0.03163	0.13553	0.28335	0.16225	0.02640	0.01325	0.00406	0.00812	0.02338	0.00949	0.01022
4	0.04166	0.02617	0.02959	0.02347	0.03178	0.02788	0.01913	0.26539	0.15300	0.20475	0.03649	0.03381	0.02523	0.01404	0.01132	0.00351	0.01075	0.01108	0.01209	0.01884
5	0.02800	0.02418	0.02545	0.02291	0.02927	0.02800	0.01782	0.05981	0.51390	0.04708	0.04581	0.04199	0.03436	0.01527	0.01145	0.00382	0.00891	0.01273	0.01145	0.01782
6	0.02202	0.01797	0.02029	0.01889	0.02328	0.01957	0.01437	0.04087	0.28317	0.04450	0.22871	0.11376	0.06539	0.02019	0.01243	0.00379	0.00732	0.01753	0.01170	0.01424
7	0.03168	0.02356	0.02493	0.01882	0.02805	0.07597	0.01501	0.03630	0.02634	0.15209	0.02534	0.02645	0.01901	0.00999	0.00922	0.00222	0.00995	0.00780	0.00824	0.44903
8	0.01699	0.01284	0.01585	0.01486	0.01800	0.01237	0.01121	0.02491	0.08235	0.04415	0.44379	0.08158	0.13281	0.02264	0.01308	0.00359	0.00572	0.01982	0.01213	0.01129
9	0.09410	0.01811	0.02294	0.02079	0.02177	0.02290	0.01601	0.02314	0.01758	0.02816	0.02584	0.08364	0.02789	0.20092	0.07684	0.00752	0.26212	0.01324	0.00622	0.01023
10	0.02257	0.05822	0.54613	0.03208	0.04871	0.02614	0.04158	0.03564	0.02376	0.03564	0.02020	0.02376	0.01426	0.01069	0.01069	0.00356	0.01663	0.00832	0.00475	0.01663
11	0.04531	0.02031	0.02597	0.02069	0.02886	0.01918	0.01684	0.05599	0.14319	0.42800	0.04473	0.03916	0.02936	0.01424	0.01135	0.00356	0.00942	0.01164	0.01336	0.01885
12	0.01917	0.01201	0.01468	0.01385	0.01721	0.01083	0.01044	0.02354	0.02877	0.09019	0.29478	0.12162	0.18514	0.02329	0.01260	0.00358	0.00592	0.02011	0.08118	0.01109
13	0.02257	0.05822	0.54613	0.03208	0.04871	0.02614	0.04158	0.03564	0.02376	0.03564	0.02020	0.02376	0.01426	0.01069	0.01069	0.00356	0.01663	0.00832	0.00475	0.01663
14	0.41464	0.15708	0.02811	0.01681	0.02471	0.02806	0.01463	0.03730	0.02246	0.13704	0.02105	0.02198	0.01564	0.01091	0.00784	0.00323	0.00964	0.00706	0.00777	0.01401
15	0.02307	0.01235	0.01554	0.01539	0.01866	0.01143	0.01170	0.02693	0.02569	0.13239	0.09425	0.23171	0.09293	0.02409	0.01224	0.00383	0.00706	0.06659	0.16251	0.01165

[dist]
# distance from previous block
# <min> <max>
0	129

[block]
# block no. 9 follows, 11 sequences, length 16
# corresponding to MSA columns:
# 1897,1899-1913
name=unknown_J
#
# <colnr> <probs for GDERKNQSTAVLIFYWHMCP>
#	G	D	E	R	K	N	Q	S	T	A	V	L	I	F	Y	W	H	M	C	P
0	0.02677	0.04389	0.31393	0.03676	0.05064	0.02610	0.21095	0.03764	0.02564	0.08430	0.02349	0.02766	0.01663	0.01054	0.01174	0.00364	0.01685	0.01049	0.00599	0.01632
1	0.01362	0.01014	0.01270	0.01475	0.01608	0.00922	0.01004	0.01578	0.02244	0.02909	0.07328	0.49134	0.17294	0.03380	0.01414	0.00440	0.00635	0.03021	0.01045	0.00922
2	0.01451	0.01145	0.01308	0.01267	0.01594	0.01002	0.00950	0.01849	0.02851	0.03717	0.30441	0.09718	0.33506	0.02598	0.01329	0.00368	0.00552	0.02219	0.01134	0.01002
3	0.54689	0.02120	0.01861	0.01593	0.02327	0.02337	0.01313	0.03779	0.02198	0.15685	0.02189	0.02262	0.01558	0.01120	0.00791	0.00348	0.00890	0.00722	0.00847	0.01370
4	0.04029	0.13543	0.03587	0.02757	0.03393	0.48376	0.02138	0.04329	0.03057	0.02739	0.01714	0.01997	0.01449	0.01131	0.00972	0.00283	0.01909	0.00707	0.00565	0.01325
5	0.02871	0.02864	0.02946	0.02534	0.03119	0.14933	0.08470	0.04372	0.21079	0.03837	0.03602	0.08860	0.03023	0.01518	0.01116	0.00349	0.01228	0.01304	0.10534	0.01440
6	0.03009	0.61122	0.05898	0.01926	0.02889	0.04454	0.01926	0.03370	0.02287	0.02648	0.01565	0.01805	0.01444	0.00963	0.00722	0.00241	0.01204	0.00602	0.00481	0.01444
7	0.02315	0.05423	0.47741	0.03428	0.05016	0.02647	0.10630	0.03570	0.02416	0.03570	0.02057	0.02471	0.01466	0.01052	0.01106	0.00360	0.01697	0.00903	0.00489	0.01643
8	0.01512	0.01147	0.01392	0.01331	0.01632	0.01028	0.00998	0.01967	0.02995	0.04060	0.40085	0.09153	0.23648	0.02470	0.01328	0.00362	0.00543	0.02140	0.01179	0.01028
9	0.02068	0.01750	0.01862	0.01728	0.02213	0.01847	0.01326	0.03768	0.25896	0.04050	0.14232	0.07319	0.23179	0.02140	0.01242	0.00377	0.00717	0.01801	0.01121	0.01362
10	0.19007	0.37466	0.04352	0.01831	0.02716	0.03541	0.01713	0.03696	0.02348	0.11522	0.02028	0.02137	0.01606	0.01052	0.00782	0.00284	0.01084	0.00689	0.00680	0.01466
11	0.02094	0.01744	0.08114	0.01825	0.02237	0.01257	0.01529	0.02498	0.02453	0.11378	0.09869	0.38726	0.06256	0.02762	0.01332	0.00417	0.00815	0.02463	0.01049	0.01182
12	0.03347	0.02017	0.03160	0.31585	0.09235	0.02175	0.02561	0.03965	0.02663	0.23498	0.02987	0.03317	0.02037	0.01223	0.01127	0.00361	0.01271	0.01053	0.00862	0.01557
13	0.01755	0.01244	0.01398	0.01391	0.01476	0.01285	0.00853	0.02166	0.07827	0.02561	0.03930	0.12011	0.04334	0.47697	0.04750	0.00943	0.01024	0.01742	0.00774	0.00840
14	0.01997	0.01202	0.01562	0.01528	0.01824	0.01086	0.01123	0.02373	0.02771	0.11087	0.25434	0.25917	0.12434	0.02649	0.01337	0.00392	0.00640	0.02343	0.01175	0.01125
15	0.23389	0.02365	0.07280	0.10049	0.03473	0.02082	0.01902	0.03354	0.02320	0.10194	0.02426	0.03140	0.01931	0.01183	0.00940	0.00318	0.01051	0.03729	0.00747	0.18125

[dist]
# distance from previous block
# <min> <max>
1	55

[block]
# block no. 10 follows, 11 sequences, length 6
# corresponding to MSA columns:
# 1969-1974
name=unknown_K
#
# <colnr> <probs for GDERKNQSTAVLIFYWHMCP>
#	G	D	E	R	K	N	Q	S	T	A	V	L	I	F	Y	W	H	M	C	P
0	0.03468	0.02668	0.10476	0.05901	0.03471	0.02076	0.02099	0.11556	0.03111	0.20922	0.03232	0.07040	0.02445	0.01353	0.01080	0.00319	0.01099	0.01107	0.00972	0.15606
1	0.02197	0.01856	0.02188	0.01653	0.02521	0.01417	0.01293	0.02654	0.02309	0.03555	0.02596	0.10467	0.02486	0.01215	0.00919	0.00208	0.00808	0.01026	0.00720	0.57911
2	0.03187	0.03200	0.09477	0.15895	0.04479	0.10201	0.02491	0.10093	0.15764	0.09328	0.02985	0.03149	0.02177	0.01285	0.01109	0.00355	0.01347	0.01027	0.00849	0.01601
3	0.03008	0.02273	0.07570	0.02575	0.03234	0.02002	0.10872	0.03555	0.02551	0.18439	0.03673	0.13888	0.03172	0.01749	0.01527	0.00386	0.08762	0.01503	0.07814	0.01448
4	0.01449	0.01054	0.01374	0.01545	0.01694	0.00979	0.01099	0.01746	0.02427	0.03245	0.15550	0.41415	0.11998	0.03195	0.01417	0.00436	0.00656	0.06682	0.01081	0.00956
5	0.04326	0.01729	0.02303	0.01823	0.02555	0.01518	0.01485	0.04783	0.03110	0.42852	0.09292	0.04345	0.03600	0.01476	0.01109	0.00338	0.00860	0.01214	0.09566	0.01720

[dist]
# distance from previous block
# <min> <max>
0	1

[block]
# block no. 11 follows, 11 sequences, length 13
# corresponding to MSA columns:
# 1976-1988
name=unknown_L
#
# <colnr> <probs for GDERKNQSTAVLIFYWHMCP>
#	G	D	E	R	K	N	Q	S	T	A	V	L	I	F	Y	W	H	M	C	P
0	0.02267	0.01288	0.01709	0.01548	0.01916	0.01167	0.01179	0.02747	0.03096	0.14350	0.38719	0.12309	0.08746	0.02234	0.01298	0.00363	0.00628	0.01963	0.01252	0.01220
1	0.04122	0.01911	0.02446	0.01980	0.02720	0.01803	0.01598	0.05122	0.12901	0.37416	0.11125	0.04535	0.03994	0.01545	0.01161	0.00356	0.00886	0.01284	0.01322	0.01771
2	0.03097	0.02566	0.02712	0.02351	0.03040	0.02938	0.01853	0.14765	0.42122	0.05188	0.04203	0.03898	0.03130	0.01492	0.01141	0.00373	0.00961	0.01220	0.01141	0.01808
3	0.04219	0.04920	0.03227	0.02837	0.03482	0.45383	0.02168	0.13577	0.03612	0.03627	0.01933	0.02165	0.01543	0.01198	0.01037	0.00300	0.01871	0.00783	0.00690	0.01427
4	0.04279	0.03153	0.03378	0.02590	0.03490	0.03490	0.02139	0.49671	0.05292	0.07093	0.02702	0.02702	0.01914	0.01351	0.01126	0.00338	0.01239	0.01013	0.01126	0.01914
5	0.02671	0.03281	0.18828	0.02248	0.03438	0.02016	0.02307	0.06898	0.02645	0.07817	0.02250	0.02492	0.01697	0.00991	0.00953	0.00254	0.01135	0.00781	0.00699	0.36601
6	0.02160	0.01829	0.02323	0.02139	0.02575	0.01960	0.05184	0.03841	0.25266	0.03949	0.09749	0.24288	0.05438	0.02270	0.01281	0.00406	0.00850	0.02038	0.01074	0.01381
7	0.01423	0.01086	0.01308	0.01375	0.01608	0.00971	0.00984	0.01750	0.02605	0.03421	0.21930	0.27510	0.24106	0.02927	0.01367	0.00400	0.00588	0.02567	0.01103	0.00971
