[name]
unknown

[dist]
# distance from previous block
# <min> <max>
0	94

[block]
# block no. 0 follows, 13 sequences, length 10
# corresponding to MSA columns:
# 94-103
name=unknown_A
#
# <colnr> <probs for GDERKNQSTAVLIFYWHMCP>
#	G	D	E	R	K	N	Q	S	T	A	V	L	I	F	Y	W	H	M	C	P
0	0.02988	0.02274	0.07514	0.02100	0.02769	0.02042	0.01867	0.14819	0.03121	0.15396	0.10258	0.04904	0.03652	0.01643	0.01321	0.00348	0.05959	0.08776	0.00968	0.07282
1	0.03119	0.11981	0.07979	0.07501	0.03331	0.02620	0.01994	0.20114	0.03343	0.11198	0.09520	0.03236	0.02835	0.01264	0.01003	0.00301	0.01071	0.00998	0.00874	0.05719
2	0.08359	0.01645	0.01845	0.01519	0.02150	0.01500	0.01197	0.03077	0.08691	0.09925	0.12000	0.04581	0.10468	0.01434	0.00971	0.00275	0.00711	0.01176	0.05103	0.23374
3	0.02747	0.17082	0.03129	0.01993	0.02638	0.02839	0.01655	0.14195	0.22016	0.04245	0.07799	0.08857	0.03403	0.01508	0.01016	0.00322	0.00927	0.01221	0.00919	0.01489
4	0.01773	0.01055	0.01411	0.01511	0.01694	0.00967	0.01060	0.02021	0.02264	0.10118	0.11079	0.48376	0.06736	0.02918	0.01300	0.00405	0.00639	0.02626	0.01045	0.01000
5	0.03060	0.09574	0.02972	0.09829	0.03338	0.02618	0.01852	0.19277	0.12170	0.10286	0.06428	0.08125	0.02976	0.01456	0.01052	0.00329	0.01020	0.01189	0.00937	0.01512
6	0.01825	0.01303	0.01623	0.01533	0.01714	0.01419	0.01088	0.07850	0.02018	0.02773	0.03029	0.05246	0.03100	0.32683	0.26921	0.01219	0.01790	0.01299	0.00660	0.00906
7	0.02567	0.01928	0.02452	0.16068	0.03533	0.02117	0.01779	0.17118	0.06031	0.03781	0.02351	0.03223	0.01973	0.07448	0.02120	0.15685	0.01103	0.00983	0.00707	0.07032
8	0.02701	0.14572	0.18386	0.02243	0.03300	0.02705	0.02286	0.13402	0.07405	0.03983	0.02158	0.02338	0.01659	0.01024	0.00907	0.00270	0.01147	0.00775	0.00672	0.18066
9	0.02288	0.02253	0.07454	0.21219	0.16872	0.02187	0.02421	0.08630	0.02399	0.03255	0.02340	0.03685	0.02107	0.16085	0.02103	0.00501	0.01262	0.01074	0.00593	0.01272

[dist]
# distance from previous block
# <min> <max>
0	16

[block]
# block no. 1 follows, 13 sequences, length 7
# corresponding to MSA columns:
# 120-126
name=unknown_B
#
# <colnr> <probs for GDERKNQSTAVLIFYWHMCP>
#	G	D	E	R	K	N	Q	S	T	A	V	L	I	F	Y	W	H	M	C	P
0	0.14987	0.02675	0.02374	0.01978	0.02648	0.15376	0.01577	0.10583	0.02988	0.23251	0.02833	0.02784	0.01979	0.01189	0.00935	0.00304	0.01117	0.00869	0.08082	0.01470
1	0.02957	0.02050	0.02375	0.01843	0.02629	0.01922	0.01481	0.13054	0.10170	0.13112	0.08035	0.03298	0.02845	0.01190	0.00969	0.00261	0.00855	0.00967	0.00937	0.29051
2	0.02813	0.02079	0.02409	0.01766	0.02675	0.01785	0.01430	0.12562	0.02815	0.09700	0.02247	0.02407	0.01721	0.00932	0.00865	0.00205	0.00869	0.00735	0.00781	0.49203
3	0.01894	0.01363	0.01650	0.01623	0.01840	0.01420	0.01156	0.11407	0.02450	0.03298	0.04288	0.31724	0.04773	0.15598	0.09778	0.00698	0.01100	0.02062	0.00872	0.01007
4	0.10234	0.02015	0.02706	0.02730	0.12910	0.01940	0.01839	0.09026	0.02980	0.32339	0.07624	0.03484	0.02828	0.01274	0.01036	0.00324	0.00953	0.01053	0.01058	0.01646
5	0.03102	0.01425	0.01883	0.01572	0.02060	0.01276	0.01213	0.03474	0.02769	0.29846	0.21684	0.05620	0.05341	0.11754	0.01839	0.00444	0.00783	0.01432	0.01149	0.01333
6	0.01565	0.01207	0.01459	0.01561	0.01765	0.01216	0.01104	0.02327	0.12221	0.03199	0.10949	0.41808	0.09969	0.02790	0.01279	0.00401	0.00639	0.02492	0.01018	0.01032

[dist]
# distance from previous block
# <min> <max>
0	2

[block]
# block no. 2 follows, 13 sequences, length 7
# corresponding to MSA columns:
# 129-135
name=unknown_C
#
# <colnr> <probs for GDERKNQSTAVLIFYWHMCP>
#	G	D	E	R	K	N	Q	S	T	A	V	L	I	F	Y	W	H	M	C	P
0	0.04211	0.09442	0.02922	0.01976	0.02788	0.02216	0.01660	0.11685	0.08021	0.38352	0.03627	0.03252	0.02407	0.01266	0.01017	0.00317	0.00959	0.01000	0.01148	0.01734
1	0.03321	0.01559	0.01986	0.01656	0.02257	0.01403	0.01318	0.03898	0.06822	0.33094	0.11070	0.09048	0.14345	0.01807	0.01139	0.00343	0.00762	0.01518	0.01189	0.01465
2	0.03652	0.01645	0.02075	0.01722	0.02342	0.01545	0.01375	0.04423	0.10053	0.35374	0.04196	0.08583	0.03085	0.01479	0.01030	0.00325	0.00793	0.01229	0.13518	0.01555
3	0.10729	0.02173	0.03420	0.24651	0.20262	0.02370	0.06229	0.03351	0.05403	0.08098	0.02228	0.02765	0.01685	0.01047	0.01021	0.00336	0.01241	0.00945	0.00623	0.01422
4	0.01623	0.01354	0.02091	0.02515	0.11726	0.01286	0.04411	0.01974	0.02267	0.03074	0.11278	0.37485	0.09635	0.02553	0.01269	0.00387	0.00780	0.02338	0.00894	0.01060
5	0.17104	0.01659	0.01843	0.01631	0.02127	0.01709	0.01280	0.09839	0.02698	0.13714	0.10320	0.14244	0.08508	0.02351	0.05855	0.00461	0.00951	0.01487	0.00969	0.01250
6	0.36526	0.07703	0.05598	0.06358	0.02925	0.10594	0.01688	0.03547	0.02226	0.11392	0.01934	0.02125	0.01434	0.01044	0.00809	0.00313	0.01103	0.00698	0.00688	0.01293

[dist]
# distance from previous block
# <min> <max>
1	8

[block]
# block no. 3 follows, 13 sequences, length 15
# corresponding to MSA columns:
# 144-158
name=unknown_D
#
# <colnr> <probs for GDERKNQSTAVLIFYWHMCP>
#	G	D	E	R	K	N	Q	S	T	A	V	L	I	F	Y	W	H	M	C	P
0	0.02911	0.43038	0.05383	0.02443	0.03374	0.03752	0.12412	0.09573	0.02583	0.03212	0.01747	0.02046	0.01465	0.00949	0.00846	0.00265	0.01271	0.00758	0.00547	0.01428
1	0.02664	0.01935	0.02663	0.02856	0.15833	0.01753	0.01796	0.06574	0.02734	0.11854	0.13544	0.03726	0.03525	0.01224	0.01007	0.00270	0.00886	0.01062	0.00846	0.23247
2	0.11295	0.02498	0.03597	0.04704	0.34909	0.02586	0.02614	0.13603	0.02908	0.08053	0.02194	0.02560	0.01702	0.01040	0.01002	0.00317	0.01158	0.00908	0.00705	0.01645
3	0.07923	0.01784	0.02011	0.01755	0.02284	0.01835	0.01358	0.09925	0.13567	0.16593	0.04764	0.13193	0.09753	0.06640	0.01442	0.00407	0.00837	0.01509	0.01037	0.01382
4	0.03603	0.02460	0.02620	0.02102	0.02870	0.06499	0.01689	0.16720	0.15998	0.19420	0.03264	0.03082	0.02312	0.01235	0.01015	0.00303	0.01008	0.00974	0.01030	0.11797
5	0.10766	0.02323	0.03520	0.04840	0.38417	0.02265	0.02573	0.03106	0.02289	0.03609	0.01903	0.02419	0.01588	0.00914	0.00944	0.00283	0.01104	0.00831	0.00561	0.15748
6	0.03263	0.33149	0.13229	0.02105	0.03094	0.03230	0.02131	0.09972	0.02708	0.14558	0.02243	0.02291	0.01674	0.01052	0.00862	0.00277	0.01159	0.00755	0.00708	0.01540
7	0.03280	0.02387	0.08727	0.02080	0.02843	0.02087	0.01835	0.08479	0.20257	0.22775	0.10092	0.03995	0.03504	0.01416	0.01083	0.00338	0.00928	0.01169	0.01093	0.01632
8	0.03086	0.02160	0.08837	0.01883	0.02618	0.01679	0.01684	0.09781	0.02984	0.23268	0.12118	0.09040	0.08204	0.01633	0.01102	0.00326	0.00891	0.01365	0.01048	0.06294
9	0.02226	0.01942	0.02373	0.08577	0.03068	0.01896	0.01602	0.03265	0.13747	0.03565	0.06203	0.03068	0.02500	0.01137	0.01114	0.00259	0.05349	0.00902	0.00734	0.36473
10	0.02797	0.02236	0.06486	0.01983	0.02630	0.02178	0.01674	0.04840	0.33777	0.12150	0.03951	0.03758	0.02900	0.01348	0.01012	0.00333	0.00845	0.01108	0.12425	0.01568
11	0.02116	0.01421	0.01726	0.01712	0.02007	0.01439	0.01247	0.08873	0.08558	0.08463	0.05074	0.42301	0.05482	0.02646	0.01254	0.00397	0.00737	0.02351	0.01033	0.01161
12	0.02921	0.02192	0.02394	0.02038	0.02638	0.02393	0.01609	0.22199	0.20636	0.07347	0.06763	0.11164	0.07578	0.01728	0.01124	0.00349	0.00895	0.01434	0.01065	0.01533
13	0.01549	0.01182	0.01602	0.01913	0.07793	0.01126	0.01157	0.01832	0.02242	0.03054	0.18163	0.24641	0.10308	0.16056	0.02185	0.00519	0.00744	0.02091	0.00899	0.00943
14	0.02899	0.20109	0.09962	0.02002	0.02862	0.02636	0.01880	0.12537	0.02789	0.10015	0.02667	0.09983	0.02343	0.01324	0.00938	0.00284	0.01042	0.01047	0.00763	0.11918

[dist]
# distance from previous block
# <min> <max>
5	7

[block]
# block no. 4 follows, 13 sequences, length 6
# corresponding to MSA columns:
# 166-171
name=unknown_E
#
# <colnr> <probs for GDERKNQSTAVLIFYWHMCP>
#	G	D	E	R	K	N	Q	S	T	A	V	L	I	F	Y	W	H	M	C	P
0	0.15124	0.01690	0.01839	0.01629	0.02127	0.01765	0.01275	0.07108	0.11610	0.10996	0.19679	0.08954	0.08523	0.01753	0.01076	0.00342	0.00729	0.01454	0.01039	0.01288
1	0.02695	0.01999	0.02370	0.09524	0.03134	0.02093	0.01673	0.15921	0.11496	0.08663	0.04219	0.10906	0.09442	0.01634	0.01087	0.00328	0.00930	0.01366	0.00934	0.09586
2	0.02517	0.10164	0.09888	0.02079	0.02849	0.02307	0.01926	0.13267	0.07176	0.03951	0.03173	0.08848	0.02965	0.01580	0.01051	0.00322	0.01035	0.10003	0.00801	0.14099
3	0.02146	0.01230	0.01434	0.01315	0.01713	0.01069	0.00981	0.02406	0.02413	0.15991	0.07718	0.12672	0.31729	0.10272	0.01753	0.00443	0.00696	0.01922	0.01017	0.01079
4	0.01288	0.00920	0.01227	0.01472	0.01534	0.00859	0.00981	0.01472	0.02024	0.02699	0.05828	0.62152	0.06993	0.03312	0.01350	0.00429	0.00613	0.03006	0.00981	0.00859
5	0.02471	0.02910	0.17211	0.28584	0.15192	0.02312	0.03079	0.03261	0.02308	0.09466	0.02177	0.02723	0.01585	0.01052	0.01042	0.00338	0.01359	0.00914	0.00574	0.01442

[dist]
# distance from previous block
# <min> <max>
0	19

[block]
# block no. 5 follows, 13 sequences, length 12
# corresponding to MSA columns:
# 193-204
name=unknown_F
#
# <colnr> <probs for GDERKNQSTAVLIFYWHMCP>
#	G	D	E	R	K	N	Q	S	T	A	V	L	I	F	Y	W	H	M	C	P
0	0.08061	0.02932	0.17143	0.02297	0.03182	0.02159	0.04431	0.11939	0.06308	0.15010	0.05748	0.10267	0.02918	0.01472	0.01069	0.00344	0.01096	0.01228	0.00889	0.01507
1	0.03801	0.02143	0.02658	0.08577	0.03335	0.02228	0.01824	0.14151	0.15343	0.28887	0.03632	0.03389	0.02468	0.01302	0.01064	0.00335	0.00993	0.01059	0.01112	0.01700
2	0.02312	0.02644	0.14647	0.02639	0.11007	0.01977	0.02127	0.06051	0.10208	0.03916	0.06227	0.03325	0.02611	0.01175	0.00953	0.00292	0.00975	0.00980	0.16217	0.09717
3	0.02545	0.03631	0.25343	0.03423	0.04595	0.02356	0.24136	0.03483	0.02448	0.09387	0.02527	0.03358	0.01943	0.01131	0.01148	0.00354	0.01539	0.04545	0.00620	0.01488
4	0.01603	0.01225	0.01489	0.01397	0.01703	0.01183	0.01055	0.02376	0.09190	0.04084	0.43612	0.07709	0.15062	0.02139	0.01226	0.00339	0.00545	0.01866	0.01130	0.01067
5	0.02766	0.32871	0.10473	0.01910	0.02706	0.02879	0.01884	0.03204	0.02258	0.11045	0.02612	0.03791	0.02360	0.08125	0.01391	0.00374	0.01118	0.06243	0.00664	0.01327
6	0.02382	0.03118	0.15981	0.10621	0.12537	0.05135	0.14931	0.05819	0.02409	0.03280	0.02167	0.03004	0.01773	0.06036	0.05763	0.00489	0.01602	0.01026	0.00545	0.01381
7	0.01959	0.01127	0.01534	0.01497	0.01590	0.01183	0.01035	0.02033	0.09566	0.02236	0.02218	0.03327	0.02052	0.03327	0.03660	0.58588	0.00906	0.00961	0.00554	0.00647
8	0.01833	0.01123	0.01387	0.01388	0.01684	0.00993	0.01014	0.02115	0.02414	0.11316	0.12779	0.30006	0.22609	0.02666	0.01261	0.00379	0.00619	0.02329	0.01053	0.01031
9	0.02963	0.30667	0.12887	0.02095	0.03026	0.03144	0.02085	0.04053	0.14001	0.11488	0.02593	0.02583	0.01968	0.01102	0.00881	0.00289	0.01100	0.00819	0.00724	0.01530
10	0.02512	0.02006	0.03098	0.15935	0.12107	0.02141	0.07624	0.03563	0.12883	0.09819	0.03251	0.03809	0.04613	0.05820	0.05738	0.00492	0.01292	0.01152	0.00752	0.01392
11	0.04137	0.02185	0.02585	0.02007	0.02773	0.02197	0.01650	0.24347	0.03733	0.30434	0.03421	0.03203	0.02292	0.01284	0.01025	0.00314	0.00962	0.01009	0.08735	0.01708

[dist]
# distance from previous block
# <min> <max>
0	2

[block]
# block no. 6 follows, 13 sequences, length 30
# corresponding to MSA columns:
# 207-236
name=unknown_G
#
# <colnr> <probs for GDERKNQSTAVLIFYWHMCP>
#	G	D	E	R	K	N	Q	S	T	A	V	L	I	F	Y	W	H	M	C	P
0	0.17916	0.06429	0.02578	0.02045	0.02640	0.15248	0.01636	0.09520	0.02738	0.14601	0.02646	0.08745	0.02227	0.01408	0.01111	0.00327	0.04980	0.01025	0.00821	0.01358
1	0.12919	0.01309	0.01517	0.01473	0.01837	0.01253	0.01098	0.02516	0.02316	0.14087	0.09085	0.29379	0.12470	0.02366	0.01160	0.00375	0.00684	0.02039	0.01009	0.01108
2	0.02660	0.11172	0.02353	0.01552	0.02083	0.01661	0.01279	0.03090	0.02828	0.19621	0.28567	0.05791	0.09622	0.01744	0.01102	0.00316	0.00721	0.01468	0.01082	0.01287
3	0.03077	0.02070	0.02550	0.09560	0.03322	0.02001	0.01709	0.10886	0.09773	0.16256	0.02827	0.02883	0.02044	0.01098	0.00963	0.00272	0.00954	0.00892	0.00885	0.25979
4	0.54683	0.01902	0.01622	0.01491	0.02100	0.02122	0.01241	0.02932	0.01927	0.04403	0.02154	0.03367	0.01956	0.01275	0.00791	0.00340	0.00840	0.08263	0.00703	0.05889
5	0.24855	0.01926	0.02372	0.02426	0.10885	0.01914	0.01651	0.03941	0.02469	0.28114	0.03093	0.07061	0.02318	0.01291	0.00952	0.00332	0.00910	0.01029	0.00954	0.01505
6	0.26187	0.02376	0.02270	0.01911	0.02607	0.06392	0.01539	0.10754	0.14679	0.16778	0.02896	0.02784	0.02064	0.01207	0.00920	0.00329	0.00964	0.00886	0.00947	0.01509
7	0.01384	0.00960	0.01199	0.01350	0.01388	0.00923	0.00851	0.01497	0.01837	0.02450	0.04869	0.40953	0.05784	0.26160	0.02897	0.00658	0.00771	0.02442	0.00851	0.00775
8	0.02451	0.04733	0.44772	0.03082	0.04500	0.02388	0.10027	0.03546	0.02352	0.09091	0.02172	0.02460	0.01511	0.01022	0.01043	0.00337	0.01521	0.00873	0.00550	0.01570
9	0.03396	0.02758	0.10224	0.03137	0.14721	0.02322	0.02312	0.16859	0.03193	0.17573	0.02650	0.02731	0.01883	0.01107	0.01012	0.00299	0.01119	0.00911	0.00865	0.10929
10	0.02468	0.02159	0.03969	0.03005	0.03768	0.02045	0.26467	0.03363	0.08099	0.10130	0.07854	0.08651	0.10015	0.01501	0.01214	0.00357	0.01231	0.01522	0.00825	0.01358
11	0.02553	0.01178	0.01389	0.01285	0.01645	0.01107	0.00980	0.02976	0.02388	0.16946	0.04005	0.13071	0.03365	0.01580	0.00916	0.00295	0.00613	0.01325	0.41213	0.01168
12	0.03178	0.03026	0.17341	0.03275	0.14928	0.02252	0.02610	0.08314	0.02760	0.19854	0.05435	0.03059	0.02296	0.01228	0.01226	0.00335	0.05456	0.00987	0.00819	0.01622
13	0.12407	0.02088	0.02504	0.09620	0.03297	0.02214	0.01764	0.10447	0.14397	0.25203	0.03348	0.03198	0.02302	0.01256	0.01011	0.00336	0.00974	0.00999	0.01030	0.01603
14	0.01342	0.01016	0.01238	0.01307	0.01516	0.00912	0.00933	0.01649	0.02443	0.03227	0.22865	0.29526	0.22664	0.02762	0.01287	0.00377	0.00554	0.02431	0.01039	0.00912
15	0.03889	0.13492	0.03359	0.02416	0.03108	0.32592	0.01936	0.12854	0.03219	0.10447	0.02103	0.02209	0.01604	0.01121	0.00943	0.00280	0.01519	0.00761	0.00722	0.01424
16	0.03186	0.24079	0.13834	0.08402	0.03632	0.02991	0.02296	0.11398	0.02785	0.14409	0.02311	0.02435	0.01685	0.01079	0.00917	0.00295	0.01198	0.00808	0.00723	0.01535
17	0.01723	0.01154	0.01637	0.01600	0.01791	0.01276	0.01199	0.02027	0.01752	0.05872	0.03019	0.04678	0.02885	0.18629	0.44164	0.01475	0.02342	0.01210	0.00629	0.00937
18	0.01288	0.00920	0.01227	0.01472	0.01534	0.00859	0.00981	0.01472	0.02024	0.02699	0.05828	0.62152	0.06993	0.03312	0.01350	0.00429	0.00613	0.03006	0.00981	0.00859
19	0.03505	0.02724	0.09322	0.02735	0.03664	0.02393	0.13519	0.13759	0.10624	0.21733	0.03170	0.03129	0.02180	0.01191	0.01100	0.00337	0.01214	0.01073	0.00958	0.01670
20	0.02021	0.01564	0.01807	0.01788	0.02101	0.01670	0.01309	0.09360	0.16974	0.03700	0.04971	0.38116	0.05262	0.02521	0.01235	0.00395	0.00748	0.02232	0.01018	0.01209
21	0.02038	0.01936	0.03180	0.52743	0.06690	0.02466	0.02854	0.02681	0.02049	0.02681	0.01815	0.02752	0.01407	0.01161	0.01374	0.00367	0.09227	0.00938	0.00469	0.01172
22	0.02630	0.02271	0.02391	0.02152	0.02749	0.02630	0.01674	0.05618	0.54336	0.04423	0.04303	0.03945	0.03228	0.01434	0.01076	0.00359	0.00837	0.01195	0.01076	0.01674
23	0.01520	0.01095	0.01510	0.01510	0.01633	0.01219	0.01085	0.01766	0.01643	0.02314	0.03005	0.05114	0.03060	0.26992	0.40160	0.01465	0.02205	0.01273	0.00592	0.00839
24	0.01350	0.00954	0.01235	0.01407	0.01478	0.00900	0.00929	0.01539	0.02051	0.02761	0.10767	0.47604	0.06814	0.12612	0.01977	0.00513	0.00666	0.02656	0.00947	0.00839
25	0.02061	0.01184	0.01532	0.01381	0.01720	0.01084	0.01058	0.02545	0.02915	0.12556	0.41945	0.06794	0.08034	0.01927	0.01164	0.00322	0.00562	0.01679	0.08414	0.01123
26	0.59597	0.02081	0.01686	0.01511	0.02156	0.02413	0.01229	0.03505	0.10116	0.04693	0.01920	0.02070	0.01475	0.01053	0.00721	0.00332	0.00821	0.00671	0.00721	0.01229
27	0.02074	0.17879	0.02920	0.01841	0.02191	0.02405	0.01565	0.02429	0.01871	0.02676	0.02274	0.03121	0.02070	0.04019	0.25068	0.00880	0.13224	0.00923	0.09470	0.01100
28	0.06948	0.09971	0.03128	0.11369	0.03612	0.09387	0.01971	0.16340	0.09940	0.13091	0.02648	0.02726	0.01923	0.01184	0.00982	0.00314	0.01182	0.00902	0.00854	0.01528
29	0.01461	0.01056	0.01375	0.01502	0.01661	0.00983	0.01078	0.01728	0.02164	0.02934	0.11272	0.38140	0.06541	0.09328	0.01752	0.00474	0.00711	0.09874	0.00944	0.05022

[dist]
# distance from previous block
# <min> <max>
0	1

[block]
# block no. 7 follows, 13 sequences, length 14
# corresponding to MSA columns:
# 238-251
name=unknown_H
#
# <colnr> <probs for GDERKNQSTAVLIFYWHMCP>
#	G	D	E	R	K	N	Q	S	T	A	V	L	I	F	Y	W	H	M	C	P
0	0.02926	0.02418	0.02557	0.02212	0.02862	0.02768	0.01745	0.15647	0.43826	0.04900	0.03928	0.03645	0.02923	0.01399	0.01072	0.00350	0.00906	0.01144	0.01072	0.01700
1	0.01519	0.01672	0.08908	0.01645	0.02059	0.01167	0.01432	0.01943	0.02281	0.03090	0.11734	0.30135	0.14379	0.02545	0.01244	0.00379	0.00759	0.06422	0.00905	0.05781
2	0.04744	0.01799	0.02454	0.01881	0.02699	0.01554	0.01554	0.05153	0.03026	0.56979	0.04171	0.03599	0.02617	0.01309	0.01063	0.00327	0.00900	0.01063	0.01309	0.01799
3	0.02827	0.63478	0.05540	0.01809	0.02714	0.04184	0.01809	0.03166	0.02148	0.02488	0.01470	0.01696	0.01357	0.00905	0.00678	0.00226	0.01131	0.00565	0.00452	0.01357
4	0.01629	0.01061	0.01355	0.01405	0.01627	0.00960	0.01006	0.01929	0.02426	0.07727	0.19593	0.34556	0.15260	0.02738	0.01282	0.00384	0.00595	0.02429	0.01057	0.00980
5	0.04744	0.01799	0.02454	0.01881	0.02699	0.01554	0.01554	0.05153	0.03026	0.56979	0.04171	0.03599	0.02617	0.01309	0.01063	0.00327	0.00900	0.01063	0.01309	0.01799
6	0.01520	0.01044	0.01338	0.01397	0.01570	0.00995	0.01024	0.01881	0.02439	0.03433	0.25841	0.21358	0.07349	0.09527	0.01737	0.00450	0.00652	0.08426	0.07101	0.00917
7	0.01820	0.00940	0.01298	0.01298	0.01332	0.00940	0.00862	0.01543	0.01509	0.02145	0.02228	0.03743	0.02188	0.10230	0.03820	0.51989	0.00873	0.00999	0.09690	0.00551
8	0.40310	0.02091	0.02297	0.02337	0.09573	0.02330	0.01645	0.03465	0.02103	0.14633	0.02065	0.02280	0.01536	0.01142	0.01116	0.00341	0.07887	0.00760	0.00744	0.01347
9	0.02822	0.03034	0.14176	0.03479	0.04577	0.02320	0.30085	0.03647	0.02522	0.13361	0.02453	0.02826	0.01743	0.00980	0.01131	0.00330	0.01495	0.01079	0.00671	0.07268
10	0.01315	0.00931	0.01219	0.01438	0.01493	0.00877	0.00945	0.01479	0.01972	0.02629	0.05559	0.56203	0.06654	0.09724	0.01784	0.00494	0.00658	0.02848	0.00945	0.00835
11	0.02651	0.02813	0.04293	0.03320	0.04028	0.10102	0.25698	0.06788	0.08172	0.03449	0.02685	0.09668	0.02365	0.01380	0.01412	0.00362	0.07462	0.01318	0.00675	0.01358
12	0.24158	0.02156	0.01966	0.01758	0.02306	0.08499	0.01373	0.03706	0.11558	0.12649	0.10465	0.08737	0.03546	0.01503	0.00976	0.00336	0.00898	0.01182	0.00923	0.01307
13	0.08064	0.03033	0.02604	0.02224	0.02844	0.17171	0.01747	0.19453	0.14729	0.04650	0.09784	0.03345	0.03053	0.01358	0.01031	0.00317	0.01172	0.01037	0.00914	0.01468

[dist]
# distance from previous block
# <min> <max>
5	11

[block]
# block no. 8 follows, 13 sequences, length 36
# corresponding to MSA columns:
# 263-298
name=unknown_I
#
# <colnr> <probs for GDERKNQSTAVLIFYWHMCP>
#	G	D	E	R	K	N	Q	S	T	A	V	L	I	F	Y	W	H	M	C	P
0	0.39093	0.02439	0.09337	0.01719	0.02570	0.02090	0.01603	0.03406	0.02125	0.12999	0.02043	0.02177	0.01484	0.01006	0.00790	0.00300	0.00926	0.00691	0.00730	0.12469
1	0.09851	0.02499	0.03489	0.04307	0.29794	0.02586	0.02491	0.16938	0.03124	0.11215	0.02364	0.02632	0.01776	0.01081	0.01014	0.00318	0.01143	0.00924	0.00781	0.01673
2	0.01597	0.01106	0.01381	0.01442	0.01637	0.01121	0.01044	0.02162	0.06599	0.03346	0.14798	0.27956	0.05900	0.03167	0.08925	0.00542	0.00887	0.02013	0.13388	0.00990
3	0.15551	0.02237	0.07513	0.01763	0.02676	0.01731	0.01575	0.03511	0.02357	0.18710	0.02449	0.02503	0.01761	0.00989	0.00859	0.00254	0.00898	0.00754	0.00806	0.31103
4	0.02559	0.03130	0.10312	0.02652	0.02983	0.13098	0.02350	0.02954	0.02003	0.02775	0.01670	0.02361	0.01485	0.01546	0.02452	0.00393	0.37142	0.00866	0.06058	0.01210
5	0.01586	0.01028	0.01324	0.01438	0.01619	0.00934	0.01006	0.01830	0.02252	0.07310	0.11200	0.45074	0.13512	0.02951	0.01303	0.00402	0.00615	0.02636	0.01026	0.00954
6	0.19453	0.02149	0.02542	0.02480	0.09793	0.02227	0.01739	0.15623	0.03026	0.19742	0.03006	0.08596	0.02378	0.01372	0.00991	0.00333	0.00964	0.01097	0.00954	0.01534
7	0.01997	0.01879	0.03171	0.60301	0.07282	0.02349	0.02936	0.02701	0.02114	0.02701	0.01879	0.02819	0.01409	0.01057	0.01057	0.00352	0.01409	0.00940	0.00470	0.01175
8	0.01796	0.00933	0.01347	0.01347	0.01347	0.00933	0.00881	0.01399	0.01399	0.01865	0.02038	0.03714	0.02107	0.11655	0.04301	0.60035	0.00933	0.01002	0.00484	0.00484
9	0.01521	0.01065	0.01362	0.01395	0.01497	0.01087	0.00963	0.01730	0.01897	0.02594	0.10726	0.11717	0.04910	0.32274	0.15183	0.00968	0.01290	0.06259	0.00758	0.00803
10	0.03153	0.21141	0.15861	0.02290	0.03247	0.08523	0.02269	0.08763	0.09808	0.11449	0.02476	0.02510	0.01840	0.01114	0.00928	0.00297	0.01234	0.00823	0.00732	0.01542
11	0.02249	0.01568	0.01913	0.01750	0.01979	0.01729	0.01279	0.07473	0.06691	0.08276	0.03693	0.17686	0.03815	0.22976	0.02967	0.00612	0.09782	0.01644	0.00835	0.01083
12	0.01691	0.01086	0.01366	0.01432	0.01667	0.01055	0.01144	0.02165	0.02523	0.03713	0.21028	0.11374	0.06380	0.02197	0.01169	0.00362	0.00655	0.16730	0.21285	0.00978
13	0.07646	0.02705	0.02651	0.10013	0.03413	0.12700	0.01913	0.20764	0.03379	0.08910	0.02732	0.03547	0.02194	0.01354	0.01027	0.00326	0.01215	0.05688	0.06405	0.01419
14	0.02999	0.03261	0.21784	0.02684	0.03716	0.02189	0.09277	0.07092	0.07404	0.17979	0.03166	0.03822	0.02390	0.01317	0.01108	0.00352	0.01265	0.05784	0.00838	0.01574
15	0.02343	0.13705	0.08020	0.06910	0.03167	0.07974	0.05005	0.03352	0.12759	0.03331	0.11063	0.11162	0.03803	0.01554	0.01055	0.00328	0.01088	0.01318	0.00770	0.01295
16	0.10123	0.02294	0.02330	0.01817	0.02632	0.09272	0.01456	0.03803	0.02558	0.22511	0.02621	0.02607	0.01871	0.01031	0.00893	0.00250	0.00980	0.00784	0.00861	0.29306
17	0.02734	0.08606	0.12876	0.02685	0.03567	0.02254	0.15194	0.03645	0.07685	0.14069	0.07368	0.08686	0.03072	0.01373	0.01106	0.00339	0.01201	0.01274	0.00812	0.01455
18	0.02305	0.01278	0.01629	0.01556	0.01893	0.01211	0.01157	0.02871	0.06969	0.15861	0.15051	0.27848	0.05888	0.02282	0.01188	0.00365	0.00666	0.02011	0.06786	0.01186
19	0.11853	0.02231	0.03579	0.18423	0.25630	0.02346	0.06903	0.03345	0.02338	0.10197	0.02181	0.02690	0.01650	0.01018	0.01016	0.00331	0.01235	0.00933	0.00628	0.01473
20	0.12703	0.13690	0.08065	0.02066	0.02942	0.02739	0.01887	0.17119	0.05733	0.19056	0.02680	0.02609	0.01885	0.01159	0.00932	0.00308	0.01058	0.00858	0.00908	0.01603
21	0.02396	0.01334	0.01727	0.01574	0.01961	0.01250	0.01196	0.03012	0.07100	0.17716	0.27096	0.18199	0.06839	0.02127	0.01207	0.00354	0.00657	0.01867	0.01155	0.01234
22	0.03299	0.01538	0.02029	0.01675	0.02250	0.01396	0.01337	0.03905	0.06209	0.32383	0.25008	0.05358	0.05630	0.01661	0.01138	0.00331	0.00734	0.01415	0.01236	0.01467
23	0.02623	0.15237	0.27494	0.02395	0.03543	0.05140	0.02644	0.03643	0.07505	0.07889	0.02238	0.02399	0.01672	0.01029	0.00923	0.00289	0.01263	0.00781	0.00613	0.10679
24	0.03635	0.02942	0.18169	0.02642	0.08094	0.01984	0.02384	0.04507	0.06942	0.32632	0.03340	0.03151	0.02220	0.01200	0.01046	0.00331	0.01115	0.00983	0.00974	0.01711
25	0.01792	0.01256	0.01719	0.01725	0.01872	0.01359	0.01279	0.02051	0.02110	0.07474	0.09544	0.36887	0.05605	0.03210	0.06858	0.00532	0.10587	0.02225	0.00906	0.01009
26	0.29852	0.08665	0.17386	0.02142	0.03054	0.12804	0.02142	0.03510	0.02242	0.07034	0.01786	0.02008	0.01347	0.01021	0.00832	0.00311	0.01251	0.00679	0.00602	0.01332
27	0.03281	0.02185	0.09620	0.01900	0.02736	0.01540	0.01716	0.03782	0.02575	0.29142	0.03564	0.11639	0.02836	0.01436	0.01031	0.00303	0.00920	0.01206	0.00983	0.17605
28	0.24024	0.01997	0.02371	0.14322	0.08178	0.02245	0.01835	0.11816	0.02547	0.04146	0.02668	0.14226	0.02534	0.01511	0.00986	0.00350	0.01003	0.01237	0.00743	0.01262
29	0.21344	0.02464	0.02495	0.14407	0.08285	0.12435	0.01883	0.03383	0.02293	0.11176	0.02213	0.02856	0.01772	0.07224	0.01359	0.00391	0.01213	0.00870	0.00678	0.01259
30	0.06458	0.10201	0.03074	0.19375	0.11129	0.02231	0.02025	0.02737	0.02103	0.03042	0.01958	0.02808	0.01708	0.07096	0.01335	0.00342	0.01104	0.00840	0.00546	0.19887
31	0.06390	0.10065	0.02785	0.07461	0.13257	0.02130	0.01785	0.06956	0.02391	0.03275	0.04064	0.10165	0.12263	0.06073	0.06032	0.00485	0.01134	0.01365	0.00707	0.01217
32	0.12199	0.01997	0.02424	0.02529	0.10290	0.02099	0.01711	0.08350	0.15358	0.14573	0.03670	0.13921	0.03155	0.01605	0.01060	0.00351	0.00897	0.01357	0.00964	0.01488
33	0.12369	0.02247	0.02346	0.07204	0.02998	0.07504	0.01633	0.08046	0.10222	0.15532	0.03105	0.08723	0.02507	0.01369	0.00991	0.00317	0.01003	0.01096	0.00895	0.09892
34	0.06508	0.01875	0.02530	0.02929	0.17442	0.01775	0.01775	0.03021	0.07179	0.06419	0.13569	0.04307	0.07985	0.01357	0.01021	0.00290	0.00853	0.01174	0.00810	0.17180
35	0.02708	0.02897	0.15457	0.03906	0.23986	0.02186	0.02697	0.03655	0.07671	0.11567	0.07025	0.03230	0.02585	0.01154	0.01046	0.00319	0.01143	0.01015	0.00737	0.05015

[dist]
# distance from previous block
# <min> <max>
4	41

[block]
# block no. 9 follows, 13 sequences, length 93
# corresponding to MSA columns:
# 340-432
name=unknown_J
#
# <colnr> <probs for GDERKNQSTAVLIFYWHMCP>
#	G	D	E	R	K	N	Q	S	T	A	V	L	I	F	Y	W	H	M	C	P
0	0.20952	0.07904	0.20052	0.02144	0.03080	0.02455	0.02223	0.10829	0.02557	0.07241	0.02442	0.09195	0.02096	0.01320	0.00937	0.00332	0.01116	0.01012	0.00711	0.01402
1	0.02986	0.02072	0.02081	0.01854	0.02377	0.09929	0.01417	0.03697	0.10371	0.19504	0.04670	0.18453	0.08276	0.01883	0.01120	0.00342	0.00929	0.01587	0.01009	0.05444
2	0.26494	0.11392	0.02433	0.01612	0.02298	0.02220	0.01359	0.03652	0.05563	0.19221	0.06508	0.03517	0.07121	0.01313	0.00890	0.00316	0.00847	0.00979	0.00897	0.01368
3	0.23782	0.02366	0.07459	0.02853	0.14749	0.02089	0.02001	0.03774	0.02387	0.20670	0.02503	0.02590	0.01773	0.01064	0.00911	0.00313	0.01006	0.00833	0.00810	0.06066
4	0.17328	0.02017	0.02482	0.02437	0.10120	0.02032	0.01695	0.11078	0.02971	0.23185	0.10796	0.03559	0.03163	0.01311	0.01004	0.00325	0.00913	0.01056	0.01003	0.01526
5	0.16671	0.01851	0.05271	0.02295	0.09844	0.01689	0.01656	0.02985	0.02484	0.11267	0.15902	0.05044	0.04318	0.01561	0.01034	0.00339	0.00846	0.06755	0.06925	0.01264
6	0.50210	0.02164	0.01925	0.01946	0.06916	0.05566	0.01397	0.03213	0.02106	0.07668	0.06513	0.02474	0.02080	0.01109	0.00785	0.00323	0.00898	0.00761	0.00722	0.01224
7	0.44419	0.02145	0.02127	0.02055	0.07096	0.02358	0.01502	0.07991	0.05549	0.12623	0.02192	0.02290	0.01599	0.01081	0.00812	0.00327	0.00901	0.00751	0.00803	0.01381
8	0.31909	0.16860	0.03052	0.02340	0.10446	0.02765	0.01676	0.03326	0.06679	0.03865	0.01837	0.02087	0.01498	0.00980	0.00768	0.00289	0.00957	0.00686	0.00621	0.07358
9	0.11393	0.24006	0.03532	0.01943	0.02723	0.03100	0.01691	0.11402	0.15103	0.11266	0.02674	0.02620	0.02015	0.01150	0.00879	0.00297	0.00996	0.00842	0.00832	0.01533
10	0.25108	0.02248	0.02209	0.01890	0.02533	0.02545	0.01516	0.15691	0.20390	0.05046	0.07844	0.03253	0.02844	0.01315	0.00949	0.00336	0.00876	0.01001	0.00941	0.01465
11	0.70310	0.02045	0.01554	0.01390	0.02045	0.02372	0.01145	0.03108	0.01799	0.04744	0.01472	0.01718	0.01145	0.00981	0.00654	0.00327	0.00818	0.00573	0.00654	0.01145
12	0.04019	0.02962	0.03173	0.02433	0.03279	0.03279	0.02010	0.52721	0.04971	0.06663	0.02538	0.02538	0.01798	0.01269	0.01058	0.00317	0.01163	0.00952	0.01058	0.01798
13	0.01538	0.01025	0.01153	0.01153	0.01153	0.01025	0.00641	0.01538	0.01538	0.02050	0.03331	0.06919	0.03844	0.62842	0.05382	0.01025	0.01025	0.01538	0.00641	0.00641
14	0.02615	0.37075	0.17653	0.03061	0.14184	0.03427	0.02605	0.03226	0.02222	0.02892	0.01679	0.02014	0.01418	0.00936	0.00832	0.00270	0.01260	0.00694	0.00466	0.01471
15	0.01272	0.01060	0.01109	0.01122	0.01448	0.00898	0.00832	0.01551	0.02426	0.02952	0.13829	0.13935	0.48565	0.02686	0.01257	0.00361	0.00539	0.02265	0.00996	0.00898
16	0.40403	0.24167	0.03100	0.01658	0.02392	0.08014	0.01461	0.03228	0.02030	0.03749	0.01486	0.01727	0.01240	0.00964	0.00689	0.00286	0.01026	0.00580	0.00573	0.01228
17	0.01288	0.00920	0.01227	0.01472	0.01534	0.00859	0.00981	0.01472	0.02024	0.02699	0.05828	0.62152	0.06993	0.03312	0.01350	0.00429	0.00613	0.03006	0.00981	0.00859
18	0.02251	0.08031	0.12324	0.09151	0.08200	0.02044	0.02134	0.02882	0.02205	0.03257	0.01856	0.02266	0.01500	0.00878	0.00867	0.00230	0.01064	0.00712	0.00552	0.37593
19	0.40491	0.08561	0.02425	0.01907	0.02544	0.22734	0.01526	0.03513	0.02260	0.03769	0.01530	0.01784	0.01242	0.01013	0.00764	0.00299	0.01237	0.00611	0.00597	0.01193
20	0.04203	0.01751	0.02327	0.01837	0.02572	0.01570	0.01498	0.04818	0.06908	0.46823	0.10213	0.04128	0.03525	0.01418	0.01086	0.00330	0.00848	0.01173	0.01274	0.01696
21	0.02067	0.04055	0.37050	0.02812	0.07233	0.02165	0.03046	0.03256	0.07037	0.03640	0.13537	0.03613	0.03363	0.01284	0.01065	0.00335	0.01252	0.01069	0.00660	0.01460
22	0.02017	0.03473	0.29553	0.03007	0.09700	0.01982	0.02974	0.02887	0.02331	0.03289	0.03344	0.06039	0.03220	0.01741	0.01186	0.00391	0.01298	0.19560	0.00660	0.01347
23	0.70310	0.02045	0.01554	0.01390	0.02045	0.02372	0.01145	0.03108	0.01799	0.04744	0.01472	0.01718	0.01145	0.00981	0.00654	0.00327	0.00818	0.00573	0.00654	0.01145
24	0.02753	0.02597	0.08966	0.04994	0.36775	0.02270	0.06175	0.03418	0.02452	0.09750	0.02375	0.02829	0.01840	0.01013	0.01031	0.00314	0.01211	0.00965	0.06670	0.01601
25	0.01496	0.01081	0.01413	0.01330	0.01580	0.00998	0.00998	0.01995	0.02993	0.04240	0.55689	0.07898	0.09976	0.02162	0.01247	0.00333	0.00499	0.01912	0.01164	0.00998
26	0.01670	0.01240	0.01712	0.01904	0.07949	0.01174	0.01238	0.02183	0.02856	0.04122	0.44775	0.06929	0.08361	0.01936	0.01179	0.00323	0.00587	0.01716	0.07070	0.01076
27	0.02630	0.02271	0.02391	0.02152	0.02749	0.02630	0.01674	0.05618	0.54336	0.04423	0.04303	0.03945	0.03228	0.01434	0.01076	0.00359	0.00837	0.01195	0.01076	0.01674
28	0.01997	0.01879	0.03171	0.60301	0.07282	0.02349	0.02936	0.02701	0.02114	0.02701	0.01879	0.02819	0.01409	0.01057	0.01057	0.00352	0.01409	0.00940	0.00470	0.01175
29	0.01538	0.01025	0.01153	0.01153	0.01153	0.01025	0.00641	0.01538	0.01538	0.02050	0.03331	0.06919	0.03844	0.62842	0.05382	0.01025	0.01025	0.01538	0.00641	0.00641
30	0.02192	0.01879	0.02192	0.01566	0.02506	0.01409	0.01253	0.02662	0.02192	0.03445	0.01879	0.02192	0.01566	0.00783	0.00783	0.00157	0.00783	0.00626	0.00626	0.69305
31	0.02192	0.01879	0.02192	0.01566	0.02506	0.01409	0.01253	0.02662	0.02192	0.03445	0.01879	0.02192	0.01566	0.00783	0.00783	0.00157	0.00783	0.00626	0.00626	0.69305
32	0.02121	0.05469	0.57364	0.03014	0.04576	0.02455	0.03906	0.03348	0.02232	0.03348	0.01897	0.02232	0.01339	0.01005	0.01005	0.00335	0.01563	0.00781	0.00446	0.01563
33	0.02192	0.01879	0.02192	0.01566	0.02506	0.01409	0.01253	0.02662	0.02192	0.03445	0.01879	0.02192	0.01566	0.00783	0.00783	0.00157	0.00783	0.00626	0.00626	0.69305
34	0.04019	0.02962	0.03173	0.02433	0.03279	0.03279	0.02010	0.52721	0.04971	0.06663	0.02538	0.02538	0.01798	0.01269	0.01058	0.00317	0.01163	0.00952	0.01058	0.01798
35	0.70310	0.02045	0.01554	0.01390	0.02045	0.02372	0.01145	0.03108	0.01799	0.04744	0.01472	0.01718	0.01145	0.00981	0.00654	0.00327	0.00818	0.00573	0.00654	0.01145
36	0.01471	0.01124	0.01605	0.01605	0.01819	0.01257	0.01244	0.01832	0.01806	0.02515	0.04015	0.05058	0.10626	0.07141	0.50034	0.01498	0.02487	0.01298	0.00629	0.00936
37	0.01337	0.00955	0.01283	0.01528	0.01610	0.00901	0.01066	0.01556	0.02072	0.02754	0.05801	0.56271	0.06887	0.03267	0.01363	0.00436	0.00656	0.08406	0.00981	0.00872
38	0.02313	0.02313	0.03238	0.02776	0.02776	0.03238	0.02313	0.02545	0.01619	0.02545	0.01388	0.02313	0.01388	0.01851	0.03470	0.00463	0.60907	0.00925	0.00463	0.01157
39	0.01250	0.01071	0.01071	0.01071	0.01428	0.00893	0.00803	0.01517	0.02410	0.02856	0.10711	0.10175	0.55817	0.02678	0.01250	0.00357	0.00536	0.02231	0.00982	0.00893
40	0.70310	0.02045	0.01554	0.01390	0.02045	0.02372	0.01145	0.03108	0.01799	0.04744	0.01472	0.01718	0.01145	0.00981	0.00654	0.00327	0.00818	0.00573	0.00654	0.01145
41	0.02313	0.02313	0.03238	0.02776	0.02776	0.03238	0.02313	0.02545	0.01619	0.02545	0.01388	0.02313	0.01388	0.01851	0.03470	0.00463	0.60907	0.00925	0.00463	0.01157
42	0.04744	0.01799	0.02454	0.01881	0.02699	0.01554	0.01554	0.05153	0.03026	0.56979	0.04171	0.03599	0.02617	0.01309	0.01063	0.00327	0.00900	0.01063	0.01309	0.01799
43	0.02617	0.02512	0.04292	0.06490	0.56246	0.02512	0.03245	0.03245	0.02407	0.03454	0.01989	0.02617	0.01675	0.00942	0.01047	0.00314	0.01256	0.00942	0.00523	0.01675
44	0.04744	0.01799	0.02454	0.01881	0.02699	0.01554	0.01554	0.05153	0.03026	0.56979	0.04171	0.03599	0.02617	0.01309	0.01063	0.00327	0.00900	0.01063	0.01309	0.01799
45	0.04435	0.01731	0.02355	0.01829	0.02592	0.01501	0.01501	0.04852	0.03023	0.51957	0.09077	0.04008	0.03318	0.01390	0.01081	0.00328	0.00862	0.01144	0.01295	0.01723
46	0.01288	0.00920	0.01227	0.01472	0.01534	0.00859	0.00981	0.01472	0.02024	0.02699	0.05828	0.62152	0.06993	0.03312	0.01350	0.00429	0.00613	0.03006	0.00981	0.00859
47	0.01285	0.00932	0.01215	0.01441	0.01525	0.00861	0.00968	0.01476	0.02054	0.02711	0.06206	0.58119	0.10781	0.03263	0.01342	0.00424	0.00607	0.02946	0.00982	0.00861
48	0.03950	0.05039	0.02996	0.02724	0.03269	0.58597	0.02043	0.04222	0.02996	0.02588	0.01634	0.01907	0.01362	0.01090	0.00953	0.00272	0.01907	0.00681	0.00545	0.01226
49	0.02337	0.02522	0.04991	0.03732	0.04444	0.02650	0.34469	0.03010	0.02193	0.03077	0.02041	0.02876	0.01674	0.01944	0.08499	0.00539	0.16017	0.01157	0.00521	0.01305
50	0.01804	0.01564	0.02262	0.02093	0.02213	0.02022	0.01684	0.02128	0.01670	0.02487	0.02304	0.03481	0.02184	0.05707	0.38476	0.01247	0.24066	0.01057	0.00528	0.01022
51	0.01454	0.01038	0.01129	0.01129	0.01233	0.00987	0.00688	0.01532	0.01790	0.02284	0.05471	0.07863	0.18911	0.45401	0.04184	0.00831	0.00883	0.01739	0.00740	0.00714
52	0.04744	0.01799	0.02454	0.01881	0.02699	0.01554	0.01554	0.05153	0.03026	0.56979	0.04171	0.03599	0.02617	0.01309	0.01063	0.00327	0.00900	0.01063	0.01309	0.01799
53	0.02555	0.26027	0.09151	0.21171	0.04435	0.03168	0.02377	0.07072	0.08469	0.03182	0.02057	0.02442	0.01625	0.01054	0.00909	0.00300	0.01231	0.00812	0.00576	0.01387
54	0.01863	0.01290	0.01875	0.11508	0.02898	0.01334	0.01705	0.02299	0.02315	0.06870	0.04938	0.23177	0.05298	0.02598	0.01335	0.00438	0.00945	0.25360	0.00916	0.01036
55	0.01604	0.01271	0.01879	0.01825	0.01992	0.01546	0.01438	0.01965	0.01690	0.02465	0.02663	0.03938	0.02496	0.07218	0.52191	0.01554	0.09632	0.01109	0.00554	0.00969
56	0.10476	0.02420	0.03995	0.10880	0.41846	0.02491	0.06258	0.03187	0.02314	0.03529	0.01928	0.02547	0.01583	0.00954	0.01015	0.00322	0.01255	0.00919	0.00534	0.01548
57	0.70310	0.02045	0.01554	0.01390	0.02045	0.02372	0.01145	0.03108	0.01799	0.04744	0.01472	0.01718	0.01145	0.00981	0.00654	0.00327	0.00818	0.00573	0.00654	0.01145
58	0.02631	0.02423	0.03740	0.12670	0.33485	0.02658	0.02837	0.08009	0.07117	0.03636	0.02161	0.02719	0.01754	0.01139	0.01335	0.00341	0.08215	0.00963	0.00609	0.01557
59	0.01409	0.01006	0.01365	0.01610	0.01724	0.00963	0.01191	0.01680	0.02143	0.02834	0.05761	0.47592	0.06730	0.03199	0.01382	0.00446	0.00718	0.16377	0.00979	0.00892
60	0.01748	0.01164	0.01505	0.06990	0.02183	0.01093	0.01176	0.02035	0.02276	0.09106	0.06857	0.32621	0.21943	0.02655	0.01255	0.00386	0.00697	0.02328	0.00971	0.01010
61	0.01427	0.01065	0.01326	0.01289	0.01544	0.00964	0.00956	0.01851	0.02787	0.03818	0.42009	0.13171	0.19154	0.02370	0.01257	0.00346	0.00517	0.02075	0.01110	0.00964
62	0.01997	0.01879	0.03171	0.60301	0.07282	0.02349	0.02936	0.02701	0.02114	0.02701	0.01879	0.02819	0.01409	0.01057	0.01057	0.00352	0.01409	0.00940	0.00470	0.01175
63	0.01538	0.01025	0.01153	0.01153	0.01153	0.01025	0.00641	0.01538	0.01538	0.02050	0.03331	0.06919	0.03844	0.62842	0.05382	0.01025	0.01025	0.01538	0.00641	0.00641
64	0.02827	0.63478	0.05540	0.01809	0.02714	0.04184	0.01809	0.03166	0.02148	0.02488	0.01470	0.01696	0.01357	0.00905	0.00678	0.00226	0.01131	0.00565	0.00452	0.01357
65	0.02827	0.63478	0.05540	0.01809	0.02714	0.04184	0.01809	0.03166	0.02148	0.02488	0.01470	0.01696	0.01357	0.00905	0.00678	0.00226	0.01131	0.00565	0.00452	0.01357
66	0.02630	0.02271	0.02391	0.02152	0.02749	0.02630	0.01674	0.05618	0.54336	0.04423	0.04303	0.03945	0.03228	0.01434	0.01076	0.00359	0.00837	0.01195	0.01076	0.01674
67	0.03950	0.05039	0.02996	0.02724	0.03269	0.58597	0.02043	0.04222	0.02996	0.02588	0.01634	0.01907	0.01362	0.01090	0.00953	0.00272	0.01907	0.00681	0.00545	0.01226
68	0.02192	0.01879	0.02192	0.01566	0.02506	0.01409	0.01253	0.02662	0.02192	0.03445	0.01879	0.02192	0.01566	0.00783	0.00783	0.00157	0.00783	0.00626	0.00626	0.69305
69	0.03904	0.11944	0.03465	0.02290	0.03143	0.03262	0.01939	0.41069	0.04375	0.10492	0.02523	0.02506	0.01804	0.01218	0.01001	0.00304	0.01135	0.00904	0.00989	0.01732
70	0.02617	0.02512	0.04292	0.06490	0.56246	0.02512	0.03245	0.03245	0.02407	0.03454	0.01989	0.02617	0.01675	0.00942	0.01047	0.00314	0.01256	0.00942	0.00523	0.01675
71	0.02121	0.05469	0.57364	0.03014	0.04576	0.02455	0.03906	0.03348	0.02232	0.03348	0.01897	0.02232	0.01339	0.01005	0.01005	0.00335	0.01563	0.00781	0.00446	0.01563
72	0.02918	0.03131	0.03846	0.10267	0.37738	0.17484	0.02896	0.03458	0.02539	0.03156	0.01884	0.02445	0.01568	0.00992	0.01023	0.00306	0.01444	0.00872	0.00524	0.01510
73	0.02622	0.40281	0.04694	0.02139	0.02885	0.03531	0.06259	0.03323	0.08305	0.02935	0.06057	0.02601	0.02269	0.01153	0.01085	0.00284	0.06797	0.00838	0.00589	0.01353
74	0.02289	0.19315	0.44994	0.02726	0.04132	0.02868	0.03406	0.03305	0.02212	0.03143	0.01795	0.02104	0.01344	0.00981	0.00927	0.00309	0.01460	0.00730	0.00448	0.01513
75	0.01530	0.01054	0.01301	0.01301	0.01352	0.01105	0.00825	0.01632	0.01581	0.02159	0.03196	0.06171	0.03519	0.47993	0.19787	0.01207	0.01514	0.01428	0.00621	0.00723
76	0.01692	0.01286	0.01582	0.01472	0.01782	0.01280	0.01114	0.02621	0.11865	0.04272	0.46809	0.07215	0.08810	0.02036	0.01217	0.00337	0.00557	0.01788	0.01149	0.01114
77	0.02385	0.21443	0.33854	0.02922	0.04213	0.02983	0.11694	0.03303	0.02254	0.03111	0.01818	0.02188	0.01390	0.00957	0.00954	0.00308	0.01478	0.00801	0.00463	0.01481
78	0.14017	0.03851	0.02747	0.02375	0.03020	0.33918	0.01845	0.12545	0.03161	0.09984	0.02063	0.02186	0.01552	0.01130	0.00939	0.00295	0.01497	0.00756	0.00739	0.01380
79	0.01250	0.01071	0.01071	0.01071	0.01428	0.00893	0.00803	0.01517	0.02410	0.02856	0.10711	0.10175	0.55817	0.02678	0.01250	0.00357	0.00536	0.02231	0.00982	0.00893
80	0.01415	0.01059	0.01342	0.01520	0.01722	0.00986	0.01172	0.01721	0.02264	0.02895	0.07072	0.31529	0.19896	0.03012	0.01359	0.00429	0.00711	0.18011	0.00979	0.00906
81	0.02999	0.02494	0.08778	0.16409	0.21712	0.02227	0.07154	0.03665	0.02502	0.17749	0.02560	0.02910	0.01834	0.01068	0.01067	0.00332	0.01269	0.00986	0.00718	0.01567
82	0.02827	0.63478	0.05540	0.01809	0.02714	0.04184	0.01809	0.03166	0.02148	0.02488	0.01470	0.01696	0.01357	0.00905	0.00678	0.00226	0.01131	0.00565	0.00452	0.01357
83	0.01500	0.01080	0.01226	0.01245	0.01542	0.00981	0.00971	0.01890	0.02503	0.03390	0.18187	0.08854	0.29037	0.02349	0.01191	0.00352	0.00587	0.09133	0.13037	0.00944
84	0.09957	0.02766	0.14244	0.02951	0.11186	0.02047	0.06196	0.04166	0.02613	0.28861	0.02965	0.02935	0.01995	0.01128	0.01024	0.00329	0.01150	0.00955	0.00892	0.01641
85	0.02519	0.20943	0.03568	0.17771	0.03964	0.03031	0.02057	0.04077	0.24203	0.03364	0.02779	0.02950	0.02162	0.01170	0.00949	0.00316	0.01082	0.00933	0.00721	0.01441
86	0.01288	0.00920	0.01227	0.01472	0.01534	0.00859	0.00981	0.01472	0.02024	0.02699	0.05828	0.62152	0.06993	0.03312	0.01350	0.00429	0.00613	0.03006	0.00981	0.00859
87	0.70310	0.02045	0.01554	0.01390	0.02045	0.02372	0.01145	0.03108	0.01799	0.04744	0.01472	0.01718	0.01145	0.00981	0.00654	0.00327	0.00818	0.00573	0.00654	0.01145
88	0.01617	0.01004	0.01344	0.01511	0.01645	0.00925	0.01036	0.01823	0.02120	0.07867	0.05670	0.56577	0.06576	0.03122	0.01322	0.00420	0.00641	0.02821	0.01013	0.00948
89	0.02379	0.16755	0.03968	0.27209	0.19190	0.02760	0.02624	0.02958	0.02208	0.02912	0.01811	0.02448	0.01481	0.00969	0.00943	0.00297	0.01254	0.00827	0.00492	0.06515
90	0.01712	0.01287	0.01699	0.01549	0.01900	0.01282	0.01181	0.02076	0.01837	0.02757	0.02710	0.03993	0.02531	0.12144	0.34197	0.01142	0.01954	0.01048	0.05751	0.17251
91	0.03003	0.34942	0.14455	0.02593	0.09324	0.03214	0.02321	0.03552	0.02346	0.12177	0.02077	0.02232	0.01609	0.00997	0.00848	0.00274	0.01185	0.00735	0.00608	0.01509
92	0.22347	0.01967	0.02627	0.10025	0.17554	0.02067	0.01983	0.03266	0.02385	0.12666	0.10247	0.03335	0.02890	0.01211	0.00967	0.00327	0.00975	0.01000	0.00780	0.01379

[dist]
