[name]
unknown

[dist]
# distance from previous block
# <min> <max>
0	452

[block]
# block no. 0 follows, 13 sequences, length 39
# corresponding to MSA columns:
# 610-648
name=unknown_A
#
# <colnr> <probs for GDERKNQSTAVLIFYWHMCP>
#	G	D	E	R	K	N	Q	S	T	A	V	L	I	F	Y	W	H	M	C	P
0	0.19827	0.02111	0.02673	0.02402	0.08702	0.02013	0.05128	0.06695	0.02509	0.16108	0.02371	0.02509	0.01730	0.01008	0.00894	0.00279	0.00965	0.00812	0.00798	0.20465
1	0.14290	0.09010	0.12087	0.06245	0.09360	0.02236	0.02138	0.03527	0.02403	0.16372	0.06049	0.02888	0.02270	0.01124	0.00935	0.00307	0.01061	0.00888	0.00761	0.06048
2	0.08031	0.02006	0.06463	0.07500	0.02906	0.01736	0.01653	0.05960	0.05673	0.11776	0.18763	0.04284	0.04324	0.01406	0.01032	0.00303	0.00864	0.01172	0.00913	0.13235
3	0.22220	0.03360	0.23485	0.02705	0.09378	0.02244	0.02534	0.03657	0.02300	0.15330	0.02277	0.02424	0.01598	0.01056	0.00922	0.00329	0.01172	0.00801	0.00701	0.01507
4	0.08799	0.09412	0.13018	0.06692	0.02999	0.02093	0.01980	0.06568	0.02656	0.03867	0.19882	0.05072	0.04696	0.01597	0.01069	0.00337	0.00985	0.06232	0.00808	0.01237
5	0.14222	0.06494	0.02479	0.06424	0.02701	0.01893	0.06710	0.02743	0.06165	0.03994	0.28181	0.05088	0.05678	0.01578	0.01069	0.00329	0.00837	0.01368	0.00889	0.01159
6	0.09691	0.07070	0.07368	0.02970	0.07733	0.09016	0.11099	0.03892	0.08856	0.11857	0.02450	0.02686	0.01840	0.01170	0.01267	0.00337	0.07578	0.00942	0.00716	0.01462
7	0.10652	0.07241	0.07235	0.02119	0.03007	0.02009	0.05737	0.04508	0.02729	0.38933	0.03345	0.03092	0.02189	0.01187	0.01002	0.00322	0.01032	0.00967	0.01045	0.01651
8	0.12507	0.12957	0.14555	0.02182	0.03138	0.02744	0.02144	0.14539	0.07024	0.14576	0.02539	0.02541	0.01812	0.01135	0.00932	0.00313	0.01118	0.00842	0.00825	0.01578
9	0.02517	0.37330	0.12939	0.02607	0.07405	0.03304	0.07495	0.03057	0.02206	0.02810	0.02075	0.07918	0.01960	0.01158	0.00883	0.00283	0.01224	0.00940	0.00518	0.01371
10	0.01977	0.03282	0.27477	0.02411	0.03302	0.01920	0.02661	0.03071	0.07860	0.03470	0.07849	0.06275	0.03909	0.01816	0.01192	0.00390	0.01193	0.17866	0.00756	0.01322
11	0.07662	0.03699	0.30521	0.08172	0.04064	0.02149	0.02864	0.03848	0.02446	0.20628	0.02597	0.02694	0.01744	0.01106	0.01004	0.00334	0.01283	0.00873	0.00740	0.01572
12	0.03372	0.12517	0.09402	0.07056	0.03689	0.02790	0.07120	0.15906	0.03062	0.16737	0.02518	0.02662	0.01796	0.01179	0.01179	0.00324	0.05378	0.00925	0.00817	0.01572
13	0.01318	0.01027	0.01197	0.01253	0.01495	0.00906	0.00902	0.01613	0.02426	0.03126	0.19543	0.25514	0.30398	0.02753	0.01280	0.00373	0.00551	0.02394	0.01024	0.00906
14	0.03215	0.02340	0.07144	0.02351	0.03083	0.02099	0.07466	0.17681	0.03241	0.18188	0.03702	0.14145	0.03224	0.01713	0.01161	0.00359	0.01082	0.05305	0.00996	0.01505
15	0.02361	0.25247	0.39695	0.02603	0.03941	0.03045	0.03191	0.03286	0.02204	0.03055	0.01752	0.02049	0.01345	0.00970	0.00893	0.00298	0.01415	0.00708	0.00448	0.01492
16	0.02630	0.02271	0.02391	0.02152	0.02749	0.02630	0.01674	0.05618	0.54336	0.04423	0.04303	0.03945	0.03228	0.01434	0.01076	0.00359	0.00837	0.01195	0.01076	0.01674
17	0.65004	0.06876	0.01867	0.01423	0.02097	0.02514	0.01197	0.03113	0.01827	0.04566	0.01472	0.01716	0.01162	0.00975	0.00656	0.00319	0.00842	0.00572	0.00638	0.01162
18	0.01997	0.01879	0.03171	0.60301	0.07282	0.02349	0.02936	0.02701	0.02114	0.02701	0.01879	0.02819	0.01409	0.01057	0.01057	0.00352	0.01409	0.00940	0.00470	0.01175
19	0.01307	0.00955	0.01230	0.01410	0.01527	0.00878	0.00963	0.01536	0.02177	0.02889	0.11960	0.50124	0.12930	0.03111	0.01327	0.00410	0.00592	0.02795	0.01002	0.00878
20	0.01538	0.01025	0.01153	0.01153	0.01153	0.01025	0.00641	0.01538	0.01538	0.02050	0.03331	0.06919	0.03844	0.62842	0.05382	0.01025	0.01025	0.01538	0.00641	0.00641
21	0.01473	0.01063	0.01392	0.01346	0.01574	0.00982	0.00996	0.01937	0.02885	0.04068	0.50116	0.13961	0.09643	0.02290	0.01258	0.00343	0.00512	0.02034	0.01144	0.00982
22	0.01997	0.01879	0.03171	0.60301	0.07282	0.02349	0.02936	0.02701	0.02114	0.02701	0.01879	0.02819	0.01409	0.01057	0.01057	0.00352	0.01409	0.00940	0.00470	0.01175
23	0.03950	0.05039	0.02996	0.02724	0.03269	0.58597	0.02043	0.04222	0.02996	0.02588	0.01634	0.01907	0.01362	0.01090	0.00953	0.00272	0.01907	0.00681	0.00545	0.01226
24	0.01288	0.00920	0.01227	0.01472	0.01534	0.00859	0.00981	0.01472	0.02024	0.02699	0.05828	0.62152	0.06993	0.03312	0.01350	0.00429	0.00613	0.03006	0.00981	0.00859
25	0.02883	0.01886	0.02274	0.01688	0.02573	0.01531	0.01360	0.03511	0.06010	0.17367	0.02640	0.02677	0.01953	0.00964	0.00876	0.00215	0.00817	0.00779	0.00834	0.47164
26	0.01514	0.01119	0.01632	0.01632	0.01797	0.01285	0.01237	0.01845	0.01679	0.02404	0.02894	0.04497	0.02792	0.14741	0.52045	0.01616	0.02608	0.01183	0.00576	0.00906
27	0.03079	0.08344	0.02823	0.02131	0.02819	0.02766	0.01724	0.12329	0.36455	0.10109	0.03748	0.03478	0.02767	0.01345	0.01033	0.00336	0.00921	0.01083	0.01036	0.01674
28	0.04226	0.01755	0.02283	0.01808	0.02540	0.01596	0.01475	0.04898	0.07982	0.45883	0.04104	0.03671	0.02688	0.01312	0.01028	0.00321	0.00848	0.01068	0.08818	0.01696
29	0.02724	0.02318	0.02444	0.02171	0.02785	0.02674	0.01696	0.08797	0.51005	0.04574	0.04184	0.03850	0.03131	0.01423	0.01075	0.00356	0.00859	0.01179	0.01075	0.01682
30	0.02195	0.11587	0.51898	0.02887	0.04380	0.02638	0.03685	0.03329	0.02223	0.03258	0.01852	0.02176	0.01341	0.00994	0.00970	0.00323	0.01517	0.00759	0.00447	0.01541
31	0.03413	0.09597	0.22007	0.02245	0.03343	0.02136	0.02381	0.04107	0.02587	0.28052	0.02902	0.02804	0.01950	0.01116	0.00979	0.00305	0.01147	0.00876	0.00860	0.07192
32	0.02359	0.25064	0.39858	0.02607	0.03947	0.03039	0.03198	0.03287	0.02204	0.03058	0.01753	0.02051	0.01345	0.00971	0.00894	0.00298	0.01417	0.00708	0.00448	0.01493
33	0.01354	0.00991	0.01272	0.01379	0.01537	0.00909	0.00967	0.01654	0.02394	0.03236	0.23184	0.38051	0.13455	0.02853	0.01304	0.00389	0.00566	0.02551	0.01043	0.00909
34	0.03550	0.02247	0.03139	0.08495	0.03587	0.02298	0.08720	0.19844	0.03329	0.21271	0.03022	0.03438	0.02219	0.08089	0.01569	0.00409	0.01175	0.01092	0.00957	0.01552
35	0.02870	0.24555	0.29044	0.02383	0.03577	0.02871	0.02735	0.03636	0.02357	0.13441	0.02192	0.02314	0.01593	0.01029	0.00905	0.00296	0.01287	0.00762	0.00615	0.01538
36	0.02143	0.01405	0.01919	0.01852	0.02033	0.01543	0.01397	0.02378	0.02106	0.12289	0.04487	0.37658	0.04895	0.02612	0.01799	0.00419	0.14881	0.02171	0.00917	0.01096
37	0.01556	0.01046	0.01215	0.01242	0.01269	0.01046	0.00759	0.01611	0.01638	0.02175	0.03585	0.07479	0.04094	0.56146	0.04943	0.00965	0.01019	0.06856	0.00678	0.00678
38	0.25702	0.03198	0.16435	0.02375	0.03311	0.06236	0.07738	0.03795	0.07762	0.10537	0.02298	0.02455	0.01663	0.01073	0.00925	0.00332	0.01201	0.00835	0.00707	0.01424

[dist]
# distance from previous block
# <min> <max>
0	1

[block]
# block no. 1 follows, 13 sequences, length 42
# corresponding to MSA columns:
# 650-691
name=unknown_B
#
# <colnr> <probs for GDERKNQSTAVLIFYWHMCP>
#	G	D	E	R	K	N	Q	S	T	A	V	L	I	F	Y	W	H	M	C	P
0	0.07650	0.02377	0.04017	0.08060	0.09032	0.02399	0.19382	0.06381	0.02531	0.12316	0.02318	0.02739	0.01716	0.01086	0.01295	0.00334	0.06888	0.01011	0.00696	0.07770
1	0.01718	0.01387	0.01879	0.01756	0.01842	0.01673	0.01317	0.01948	0.01748	0.02513	0.07576	0.04943	0.03406	0.23695	0.22256	0.01045	0.16492	0.01285	0.00621	0.00904
2	0.70310	0.02045	0.01554	0.01390	0.02045	0.02372	0.01145	0.03108	0.01799	0.04744	0.01472	0.01718	0.01145	0.00981	0.00654	0.00327	0.00818	0.00573	0.00654	0.01145
3	0.08592	0.18548	0.09772	0.03272	0.14450	0.08105	0.07191	0.06719	0.02561	0.08427	0.02026	0.02311	0.01575	0.01007	0.00929	0.00297	0.01292	0.00816	0.00619	0.01492
4	0.01352	0.00969	0.01284	0.01429	0.01548	0.00901	0.00986	0.01632	0.02321	0.03171	0.21098	0.45537	0.07907	0.02960	0.01318	0.00400	0.00578	0.02671	0.01037	0.00901
5	0.03106	0.03132	0.13619	0.02794	0.03751	0.02692	0.11534	0.18313	0.16034	0.09557	0.02933	0.02985	0.02106	0.01195	0.01088	0.00339	0.01247	0.01045	0.00875	0.01655
6	0.09405	0.03819	0.32250	0.02452	0.03660	0.02121	0.02796	0.03981	0.02480	0.22945	0.02683	0.02680	0.01785	0.01113	0.00993	0.00331	0.01253	0.00864	0.00779	0.01610
7	0.01496	0.01081	0.01413	0.01330	0.01580	0.00998	0.00998	0.01995	0.02993	0.04240	0.55689	0.07898	0.09976	0.02162	0.01247	0.00333	0.00499	0.01912	0.01164	0.00998
8	0.02241	0.02194	0.03045	0.02625	0.02625	0.03033	0.02158	0.02451	0.01612	0.02499	0.01568	0.02741	0.01616	0.07514	0.03647	0.00515	0.55346	0.00982	0.00479	0.01109
9	0.01311	0.01012	0.01198	0.01281	0.01499	0.00899	0.00911	0.01589	0.02364	0.03052	0.17156	0.30645	0.27619	0.02836	0.01289	0.00382	0.00560	0.02483	0.01016	0.00899
10	0.01410	0.01031	0.01325	0.01349	0.01551	0.00946	0.00975	0.01792	0.02645	0.03644	0.36389	0.24537	0.13358	0.02558	0.01278	0.00364	0.00537	0.02273	0.01092	0.00946
11	0.01844	0.01243	0.01748	0.01971	0.07398	0.01161	0.01279	0.02240	0.02603	0.08527	0.28203	0.25522	0.07401	0.02349	0.01244	0.00363	0.00655	0.02106	0.01048	0.01096
12	0.02827	0.63478	0.05540	0.01809	0.02714	0.04184	0.01809	0.03166	0.02148	0.02488	0.01470	0.01696	0.01357	0.00905	0.00678	0.00226	0.01131	0.00565	0.00452	0.01357
13	0.02213	0.02100	0.03563	0.41497	0.24392	0.02406	0.03044	0.02891	0.02217	0.02964	0.01918	0.02748	0.01502	0.01017	0.01053	0.00339	0.01356	0.00940	0.00489	0.01349
14	0.03799	0.11678	0.09552	0.02145	0.03050	0.02514	0.01977	0.14673	0.08006	0.27072	0.03171	0.02964	0.02164	0.01216	0.00999	0.00314	0.01062	0.00945	0.01005	0.01694
15	0.02818	0.02365	0.02497	0.02190	0.02821	0.02718	0.01719	0.11990	0.47659	0.04726	0.04065	0.03755	0.03034	0.01412	0.01073	0.00353	0.00881	0.01162	0.01073	0.01690
16	0.02434	0.02325	0.03961	0.22376	0.41791	0.02464	0.03154	0.03084	0.02321	0.03232	0.01956	0.02676	0.01596	0.00976	0.01050	0.00325	0.01301	0.00941	0.00508	0.01527
17	0.02537	0.02254	0.04047	0.27711	0.21115	0.02388	0.12709	0.03229	0.02363	0.08135	0.02178	0.02838	0.01640	0.01013	0.01092	0.00339	0.01390	0.01013	0.00577	0.01432
18	0.04019	0.02962	0.03173	0.02433	0.03279	0.03279	0.02010	0.52721	0.04971	0.06663	0.02538	0.02538	0.01798	0.01269	0.01058	0.00317	0.01163	0.00952	0.01058	0.01798
19	0.02566	0.02460	0.04199	0.10919	0.52216	0.02499	0.03219	0.03200	0.02383	0.03392	0.01980	0.02633	0.01653	0.00952	0.01048	0.00317	0.01269	0.00942	0.00519	0.01634
20	0.70310	0.02045	0.01554	0.01390	0.02045	0.02372	0.01145	0.03108	0.01799	0.04744	0.01472	0.01718	0.01145	0.00981	0.00654	0.00327	0.00818	0.00573	0.00654	0.01145
21	0.01367	0.00978	0.01179	0.01305	0.01390	0.00920	0.00840	0.01501	0.01918	0.02504	0.05711	0.35820	0.13180	0.23281	0.02694	0.00619	0.00741	0.02396	0.00867	0.00790
22	0.04744	0.01799	0.02454	0.01881	0.02699	0.01554	0.01554	0.05153	0.03026	0.56979	0.04171	0.03599	0.02617	0.01309	0.01063	0.00327	0.00900	0.01063	0.01309	0.01799
23	0.01543	0.01207	0.01751	0.01759	0.01899	0.01415	0.01347	0.01860	0.01766	0.02521	0.03376	0.17428	0.03522	0.06220	0.39562	0.01275	0.08404	0.01546	0.00652	0.00947
24	0.01714	0.01145	0.01391	0.01291	0.01631	0.01013	0.00982	0.02123	0.02792	0.08687	0.35157	0.08292	0.25306	0.02262	0.01231	0.00341	0.00549	0.01944	0.01114	0.01036
25	0.02301	0.02212	0.03605	0.07629	0.03888	0.02319	0.19440	0.03887	0.22924	0.03623	0.03606	0.13421	0.03153	0.01534	0.01181	0.00369	0.01177	0.01502	0.00820	0.01406
26	0.01525	0.01075	0.01409	0.01409	0.01497	0.01164	0.00959	0.01701	0.01613	0.02239	0.03098	0.05626	0.03282	0.37160	0.30296	0.01340	0.01870	0.01348	0.00606	0.00783
27	0.03803	0.02428	0.08487	0.02490	0.03395	0.01995	0.11175	0.09447	0.03053	0.33433	0.06519	0.03477	0.02666	0.01250	0.01102	0.00333	0.01130	0.01110	0.01047	0.01659
28	0.01852	0.10083	0.07409	0.01647	0.02139	0.01727	0.01431	0.07269	0.02486	0.03196	0.05982	0.26279	0.19827	0.02358	0.01165	0.00359	0.00810	0.02012	0.00866	0.01103
29	0.02125	0.01802	0.02117	0.01543	0.02416	0.01370	0.01228	0.02598	0.02270	0.03522	0.07095	0.02746	0.02381	0.00917	0.00828	0.00174	0.00755	0.00751	0.00679	0.62684
30	0.02701	0.04375	0.39369	0.02980	0.04326	0.02303	0.09993	0.03718	0.02428	0.14174	0.02389	0.02592	0.01633	0.01051	0.01049	0.00336	0.01459	0.00901	0.00632	0.01592
31	0.03237	0.46124	0.04743	0.01987	0.02816	0.14047	0.01826	0.03571	0.02398	0.08218	0.01784	0.01935	0.01490	0.00981	0.00770	0.00245	0.01251	0.00639	0.00559	0.01379
32	0.18506	0.01851	0.02265	0.01778	0.02562	0.01726	0.01468	0.04724	0.02769	0.46014	0.03605	0.03204	0.02308	0.01240	0.00977	0.00327	0.00883	0.00960	0.01171	0.01662
33	0.01813	0.01366	0.01635	0.01484	0.01832	0.01352	0.01136	0.06998	0.07919	0.04348	0.41590	0.07252	0.13030	0.02061	0.01214	0.00336	0.00596	0.01787	0.01128	0.01125
34	0.02886	0.02199	0.03349	0.16163	0.25702	0.02321	0.02564	0.03939	0.12349	0.13496	0.02815	0.03096	0.02091	0.01129	0.01058	0.00333	0.01142	0.01012	0.00764	0.01592
35	0.04485	0.01723	0.02316	0.01797	0.02562	0.01501	0.01478	0.04901	0.02951	0.52021	0.04104	0.03631	0.02626	0.01301	0.01033	0.00320	0.00862	0.01056	0.07610	0.01723
36	0.02301	0.01774	0.02723	0.02662	0.07802	0.01896	0.07101	0.02723	0.02268	0.09336	0.04160	0.06576	0.08296	0.07019	0.02059	0.00465	0.13113	0.15743	0.00794	0.01189
37	0.03020	0.08807	0.20014	0.12915	0.07439	0.02338	0.05625	0.03766	0.02473	0.19587	0.02570	0.02763	0.01780	0.01087	0.01018	0.00325	0.01287	0.00912	0.00725	0.01546
38	0.09901	0.03495	0.25739	0.02593	0.03684	0.02212	0.08489	0.06826	0.02628	0.14460	0.07404	0.03073	0.02442	0.01175	0.01034	0.00334	0.01253	0.00988	0.00758	0.01512
39	0.01713	0.01059	0.01422	0.01543	0.01722	0.00981	0.01111	0.01986	0.02280	0.08612	0.11437	0.45004	0.06797	0.02932	0.01318	0.00413	0.00664	0.06986	0.01036	0.00984
40	0.02827	0.63478	0.05540	0.01809	0.02714	0.04184	0.01809	0.03166	0.02148	0.02488	0.01470	0.01696	0.01357	0.00905	0.00678	0.00226	0.01131	0.00565	0.00452	0.01357
41	0.48902	0.02237	0.07050	0.01665	0.02358	0.02151	0.01524	0.03139	0.02022	0.08049	0.02316	0.03415	0.02001	0.01295	0.00837	0.00352	0.00919	0.07836	0.00728	0.01206

[dist]
# distance from previous block
# <min> <max>
3	54

[block]
# block no. 2 follows, 13 sequences, length 8
# corresponding to MSA columns:
# 746-753
name=unknown_C
#
# <colnr> <probs for GDERKNQSTAVLIFYWHMCP>
#	G	D	E	R	K	N	Q	S	T	A	V	L	I	F	Y	W	H	M	C	P
0	0.07241	0.11842	0.06240	0.12865	0.07080	0.10553	0.02089	0.03589	0.02453	0.14158	0.02238	0.02480	0.01662	0.01039	0.00921	0.00285	0.01213	0.00798	0.00686	0.10569
1	0.21161	0.10954	0.08022	0.01866	0.02751	0.02433	0.01714	0.10184	0.02609	0.13358	0.02202	0.02291	0.01616	0.01032	0.00842	0.00281	0.00988	0.00739	0.00769	0.14185
2	0.19579	0.06645	0.02809	0.15414	0.09437	0.02226	0.01945	0.03527	0.02315	0.17372	0.02353	0.02590	0.01696	0.01056	0.00907	0.00309	0.01041	0.00827	0.00750	0.07201
3	0.03113	0.08407	0.08384	0.02932	0.13292	0.02408	0.02147	0.07101	0.15400	0.16891	0.03601	0.03517	0.05556	0.01281	0.01031	0.00325	0.01034	0.01062	0.00897	0.01623
4	0.13856	0.17064	0.03290	0.02279	0.06728	0.07589	0.01768	0.15056	0.03031	0.09395	0.07958	0.02849	0.02516	0.01198	0.00915	0.00296	0.01073	0.00892	0.00802	0.01445
5	0.21704	0.02918	0.02724	0.02183	0.02949	0.08394	0.01782	0.34784	0.03933	0.05756	0.02166	0.02258	0.01582	0.01175	0.00940	0.00316	0.01143	0.00824	0.00900	0.01568
6	0.01500	0.01033	0.01273	0.01304	0.01350	0.01064	0.00822	0.01600	0.01633	0.02215	0.03551	0.13459	0.04006	0.44108	0.15615	0.01085	0.01337	0.01645	0.00669	0.00730
7	0.02378	0.02238	0.03775	0.11719	0.43870	0.02282	0.02920	0.02958	0.02326	0.03275	0.02470	0.10290	0.02329	0.01259	0.01087	0.00333	0.01190	0.01207	0.00576	0.01515

[dist]
# distance from previous block
# <min> <max>
0	4

[block]
# block no. 3 follows, 13 sequences, length 11
# corresponding to MSA columns:
# 758-768
name=unknown_D
#
# <colnr> <probs for GDERKNQSTAVLIFYWHMCP>
#	G	D	E	R	K	N	Q	S	T	A	V	L	I	F	Y	W	H	M	C	P
0	0.03274	0.02880	0.16505	0.08744	0.11732	0.02115	0.02548	0.04216	0.07935	0.24633	0.03057	0.03067	0.02098	0.01165	0.01047	0.00333	0.01164	0.00976	0.00867	0.01646
1	0.02604	0.07866	0.18131	0.03048	0.07251	0.02425	0.15539	0.08220	0.02619	0.06483	0.02391	0.02784	0.01788	0.01046	0.01007	0.00313	0.01302	0.00965	0.12767	0.01451
2	0.02017	0.01857	0.03089	0.37099	0.17812	0.02122	0.02660	0.02610	0.02167	0.02879	0.02610	0.13363	0.02469	0.01433	0.01107	0.00357	0.01231	0.01309	0.00574	0.01236
3	0.02541	0.10368	0.33635	0.02744	0.03965	0.02603	0.06683	0.03895	0.11614	0.08122	0.02499	0.02648	0.01809	0.01089	0.01007	0.00329	0.01347	0.00892	0.00641	0.01572
4	0.03816	0.02475	0.08404	0.07379	0.03544	0.02204	0.04720	0.12966	0.03083	0.31085	0.03141	0.03071	0.02094	0.01267	0.01242	0.00340	0.05509	0.01004	0.01002	0.01654
5	0.02596	0.02614	0.12292	0.12827	0.04129	0.02145	0.10553	0.07644	0.06467	0.11462	0.04077	0.04212	0.11489	0.01393	0.01117	0.00345	0.01202	0.01233	0.00788	0.01415
6	0.01735	0.01356	0.02032	0.20559	0.07374	0.01480	0.01731	0.02174	0.02116	0.02978	0.03856	0.28383	0.04050	0.02044	0.01125	0.00364	0.00894	0.01832	0.12875	0.01043
7	0.02446	0.02338	0.03983	0.21311	0.42760	0.02467	0.03160	0.03095	0.02327	0.03247	0.01959	0.02672	0.01602	0.00974	0.01050	0.00325	0.01298	0.00941	0.00509	0.01537
8	0.03944	0.02553	0.12384	0.07981	0.03539	0.01929	0.02148	0.08289	0.02945	0.38047	0.03408	0.03194	0.02204	0.01226	0.01052	0.00330	0.01090	0.00992	0.01051	0.01694
9	0.25162	0.37197	0.03915	0.01704	0.02496	0.03433	0.01576	0.03384	0.07090	0.03422	0.01745	0.01921	0.01468	0.00981	0.00709	0.00272	0.00999	0.00629	0.00580	0.01317
10	0.04744	0.01799	0.02454	0.01881	0.02699	0.01554	0.01554	0.05153	0.03026	0.56979	0.04171	0.03599	0.02617	0.01309	0.01063	0.00327	0.00900	0.01063	0.01309	0.01799

[dist]
# distance from previous block
# <min> <max>
0	1

[block]
# block no. 4 follows, 13 sequences, length 36
# corresponding to MSA columns:
# 770-805
name=unknown_E
#
# <colnr> <probs for GDERKNQSTAVLIFYWHMCP>
#	G	D	E	R	K	N	Q	S	T	A	V	L	I	F	Y	W	H	M	C	P
0	0.44493	0.02060	0.01887	0.01643	0.02309	0.02307	0.01331	0.04007	0.14263	0.12637	0.02546	0.02525	0.01856	0.01137	0.00815	0.00335	0.00835	0.00793	0.00853	0.01368
1	0.03778	0.13954	0.03384	0.02584	0.03184	0.50296	0.02007	0.04061	0.02867	0.02572	0.01609	0.01875	0.01361	0.01061	0.00911	0.00265	0.01788	0.00663	0.00531	0.01246
2	0.02175	0.02028	0.03239	0.44392	0.14151	0.02411	0.02816	0.03171	0.09074	0.03044	0.02217	0.02937	0.01691	0.01090	0.01058	0.00347	0.01310	0.00974	0.00558	0.01317
3	0.03948	0.02307	0.03166	0.03339	0.18110	0.02279	0.02155	0.17076	0.03360	0.28539	0.03121	0.03041	0.02134	0.01194	0.01057	0.00321	0.01070	0.01000	0.01019	0.01764
4	0.04744	0.01799	0.02454	0.01881	0.02699	0.01554	0.01554	0.05153	0.03026	0.56979	0.04171	0.03599	0.02617	0.01309	0.01063	0.00327	0.00900	0.01063	0.01309	0.01799
5	0.01837	0.00918	0.01377	0.01377	0.01377	0.00918	0.00918	0.01377	0.01377	0.01837	0.01837	0.03214	0.01837	0.03673	0.04132	0.69238	0.00918	0.00918	0.00459	0.00459
6	0.03950	0.05039	0.02996	0.02724	0.03269	0.58597	0.02043	0.04222	0.02996	0.02588	0.01634	0.01907	0.01362	0.01090	0.00953	0.00272	0.01907	0.00681	0.00545	0.01226
7	0.03647	0.02544	0.02791	0.02251	0.03006	0.02790	0.01823	0.29089	0.21836	0.13560	0.03401	0.03189	0.02420	0.01333	0.01065	0.00333	0.01010	0.01054	0.01102	0.01755
8	0.01288	0.00920	0.01227	0.01472	0.01534	0.00859	0.00981	0.01472	0.02024	0.02699	0.05828	0.62152	0.06993	0.03312	0.01350	0.00429	0.00613	0.03006	0.00981	0.00859
9	0.01538	0.01025	0.01153	0.01153	0.01153	0.01025	0.00641	0.01538	0.01538	0.02050	0.03331	0.06919	0.03844	0.62842	0.05382	0.01025	0.01025	0.01538	0.00641	0.00641
10	0.01684	0.01204	0.01677	0.01890	0.02134	0.01197	0.01638	0.02172	0.02486	0.03265	0.10275	0.11550	0.06448	0.02850	0.01440	0.00472	0.00929	0.44721	0.00991	0.00976
11	0.01997	0.01879	0.03171	0.60301	0.07282	0.02349	0.02936	0.02701	0.02114	0.02701	0.01879	0.02819	0.01409	0.01057	0.01057	0.00352	0.01409	0.00940	0.00470	0.01175
12	0.03158	0.02267	0.03999	0.02898	0.03853	0.01995	0.23105	0.03787	0.02595	0.20966	0.02741	0.02934	0.01927	0.01001	0.01073	0.00298	0.01246	0.01034	0.00811	0.18314
13	0.02827	0.63478	0.05540	0.01809	0.02714	0.04184	0.01809	0.03166	0.02148	0.02488	0.01470	0.01696	0.01357	0.00905	0.00678	0.00226	0.01131	0.00565	0.00452	0.01357
14	0.02630	0.02271	0.02391	0.02152	0.02749	0.02630	0.01674	0.05618	0.54336	0.04423	0.04303	0.03945	0.03228	0.01434	0.01076	0.00359	0.00837	0.01195	0.01076	0.01674
15	0.01496	0.01081	0.01413	0.01330	0.01580	0.00998	0.00998	0.01995	0.02993	0.04240	0.55689	0.07898	0.09976	0.02162	0.01247	0.00333	0.00499	0.01912	0.01164	0.00998
16	0.04217	0.01665	0.02267	0.01819	0.02521	0.01448	0.01467	0.04591	0.02873	0.48698	0.04424	0.12531	0.03285	0.01614	0.01107	0.00343	0.00856	0.01360	0.01259	0.01656
17	0.03489	0.15051	0.19318	0.02284	0.03343	0.02594	0.02365	0.11492	0.02919	0.22928	0.02728	0.02665	0.01871	0.01135	0.00970	0.00308	0.01180	0.00866	0.00850	0.01643
18	0.04744	0.01799	0.02454	0.01881	0.02699	0.01554	0.01554	0.05153	0.03026	0.56979	0.04171	0.03599	0.02617	0.01309	0.01063	0.00327	0.00900	0.01063	0.01309	0.01799
19	0.01426	0.01078	0.01316	0.01256	0.01536	0.00968	0.00942	0.01859	0.02827	0.03846	0.42871	0.08547	0.23039	0.02309	0.01248	0.00340	0.00509	0.02003	0.01112	0.00968
20	0.04744	0.01799	0.02454	0.01881	0.02699	0.01554	0.01554	0.05153	0.03026	0.56979	0.04171	0.03599	0.02617	0.01309	0.01063	0.00327	0.00900	0.01063	0.01309	0.01799
21	0.04518	0.02115	0.07180	0.01979	0.02861	0.01632	0.01756	0.04997	0.02958	0.52363	0.03976	0.03481	0.02507	0.01282	0.01058	0.00328	0.00957	0.01039	0.01234	0.01779
22	0.02208	0.02094	0.03047	0.03097	0.10128	0.02698	0.02283	0.02544	0.01860	0.02761	0.02213	0.03948	0.02230	0.02300	0.06579	0.00530	0.39442	0.08295	0.00556	0.01187
23	0.01515	0.01116	0.01612	0.01612	0.01770	0.01274	0.01212	0.01832	0.01673	0.02390	0.02912	0.04597	0.02836	0.16742	0.50103	0.01591	0.02542	0.01198	0.00578	0.00895
24	0.70310	0.02045	0.01554	0.01390	0.02045	0.02372	0.01145	0.03108	0.01799	0.04744	0.01472	0.01718	0.01145	0.00981	0.00654	0.00327	0.00818	0.00573	0.00654	0.01145
25	0.01445	0.01058	0.01356	0.01325	0.01559	0.00969	0.00977	0.01879	0.02806	0.03899	0.44652	0.15550	0.13848	0.02368	0.01261	0.00348	0.00518	0.02092	0.01122	0.00969
26	0.03334	0.11961	0.03385	0.02540	0.06748	0.03174	0.01968	0.27968	0.18748	0.05149	0.02851	0.02825	0.02139	0.01239	0.01004	0.00315	0.01070	0.00963	0.00933	0.01686
27	0.02563	0.02458	0.04195	0.11121	0.52032	0.02498	0.03218	0.03198	0.02382	0.03389	0.01979	0.02634	0.01652	0.00952	0.01048	0.00317	0.01269	0.00942	0.00519	0.01632
28	0.18885	0.02119	0.02422	0.01900	0.02689	0.02127	0.01569	0.15578	0.03203	0.34082	0.03209	0.02946	0.02109	0.01228	0.00973	0.00325	0.00942	0.00931	0.01109	0.01656
29	0.02779	0.21687	0.29884	0.02571	0.03787	0.02829	0.06093	0.03592	0.02354	0.11838	0.02159	0.02339	0.01570	0.01017	0.00935	0.00303	0.01343	0.00795	0.00594	0.01532
30	0.01288	0.00920	0.01227	0.01472	0.01534	0.00859	0.00981	0.01472	0.02024	0.02699	0.05828	0.62152	0.06993	0.03312	0.01350	0.00429	0.00613	0.03006	0.00981	0.00859
31	0.01288	0.00920	0.01227	0.01472	0.01534	0.00859	0.00981	0.01472	0.02024	0.02699	0.05828	0.62152	0.06993	0.03312	0.01350	0.00429	0.00613	0.03006	0.00981	0.00859
32	0.02862	0.42207	0.15934	0.02154	0.03186	0.03687	0.02275	0.10763	0.02596	0.03303	0.01722	0.01936	0.01421	0.00981	0.00804	0.00263	0.01225	0.00669	0.00543	0.01467
33	0.02672	0.02234	0.02918	0.27595	0.04844	0.02517	0.02260	0.16782	0.10871	0.04147	0.02429	0.02828	0.01814	0.01135	0.01023	0.00317	0.01169	0.00939	0.00744	0.10763
34	0.21122	0.08888	0.26463	0.02292	0.03384	0.02590	0.02530	0.06978	0.05897	0.07581	0.02107	0.02276	0.01535	0.01058	0.00893	0.00323	0.01200	0.00765	0.00647	0.01471
35	0.04121	0.02316	0.06417	0.02090	0.02932	0.02058	0.01811	0.12730	0.11110	0.37119	0.03770	0.03385	0.02489	0.01300	0.01060	0.00331	0.00979	0.01046	0.01172	0.01763

[dist]
# distance from previous block
# <min> <max>
0	8

[block]
# block no. 5 follows, 13 sequences, length 27
# corresponding to MSA columns:
# 814-840
name=unknown_F
#
# <colnr> <probs for GDERKNQSTAVLIFYWHMCP>
#	G	D	E	R	K	N	Q	S	T	A	V	L	I	F	Y	W	H	M	C	P
0	0.13687	0.20443	0.12995	0.02168	0.03101	0.07259	0.02112	0.14400	0.02876	0.08855	0.02038	0.02168	0.01533	0.01065	0.00871	0.00294	0.01203	0.00743	0.00701	0.01488
1	0.02988	0.55298	0.05220	0.01893	0.02790	0.04061	0.01836	0.09864	0.02530	0.03052	0.01614	0.01810	0.01416	0.00954	0.00730	0.00238	0.01135	0.00618	0.00534	0.01416
2	0.01448	0.01039	0.01386	0.01481	0.01656	0.00978	0.01101	0.01822	0.02530	0.03475	0.28555	0.29598	0.08214	0.02726	0.01320	0.00394	0.00617	0.09657	0.01064	0.00940
3	0.04133	0.01818	0.02391	0.01806	0.02653	0.01519	0.01482	0.04557	0.02827	0.44166	0.03623	0.03262	0.02366	0.01183	0.00996	0.00286	0.00872	0.00959	0.01145	0.17956
4	0.01496	0.01081	0.01413	0.01330	0.01580	0.00998	0.00998	0.01995	0.02993	0.04240	0.55689	0.07898	0.09976	0.02162	0.01247	0.00333	0.00499	0.01912	0.01164	0.00998
5	0.01997	0.01879	0.03171	0.60301	0.07282	0.02349	0.02936	0.02701	0.02114	0.02701	0.01879	0.02819	0.01409	0.01057	0.01057	0.00352	0.01409	0.00940	0.00470	0.01175
6	0.01682	0.01203	0.01673	0.01882	0.02126	0.01194	0.01629	0.02170	0.02493	0.03278	0.10918	0.11499	0.06498	0.02840	0.01438	0.00470	0.00923	0.44115	0.00994	0.00976
7	0.04744	0.01799	0.02454	0.01881	0.02699	0.01554	0.01554	0.05153	0.03026	0.56979	0.04171	0.03599	0.02617	0.01309	0.01063	0.00327	0.00900	0.01063	0.01309	0.01799
8	0.01288	0.00920	0.01227	0.01472	0.01534	0.00859	0.00981	0.01472	0.02024	0.02699	0.05828	0.62152	0.06993	0.03312	0.01350	0.00429	0.00613	0.03006	0.00981	0.00859
9	0.70310	0.02045	0.01554	0.01390	0.02045	0.02372	0.01145	0.03108	0.01799	0.04744	0.01472	0.01718	0.01145	0.00981	0.00654	0.00327	0.00818	0.00573	0.00654	0.01145
10	0.02121	0.05469	0.57364	0.03014	0.04576	0.02455	0.03906	0.03348	0.02232	0.03348	0.01897	0.02232	0.01339	0.01005	0.01005	0.00335	0.01563	0.00781	0.00446	0.01563
11	0.04263	0.01907	0.02439	0.01943	0.02711	0.01799	0.01581	0.05259	0.14694	0.45028	0.04201	0.03677	0.02756	0.01337	0.01066	0.00334	0.00885	0.01093	0.01256	0.01771
12	0.02441	0.02690	0.05338	0.03952	0.04700	0.02843	0.37364	0.03134	0.02232	0.03134	0.01913	0.02690	0.01539	0.01179	0.01915	0.00388	0.19537	0.01151	0.00513	0.01345
13	0.01496	0.01081	0.01413	0.01330	0.01580	0.00998	0.00998	0.01995	0.02993	0.04240	0.55689	0.07898	0.09976	0.02162	0.01247	0.00333	0.00499	0.01912	0.01164	0.00998
14	0.01312	0.01069	0.01134	0.01120	0.01434	0.00920	0.00824	0.01599	0.02444	0.03029	0.17687	0.09560	0.44408	0.06939	0.01548	0.00401	0.00565	0.02128	0.00988	0.00892
15	0.04678	0.01905	0.02519	0.01931	0.02752	0.01710	0.01595	0.09462	0.03202	0.52421	0.04023	0.03503	0.02543	0.01305	0.01063	0.00326	0.00924	0.01053	0.01286	0.01799
16	0.03008	0.07670	0.11869	0.02671	0.03537	0.08461	0.10548	0.07430	0.13893	0.11214	0.03028	0.03545	0.02349	0.01279	0.01075	0.00337	0.01284	0.04472	0.00809	0.01519
17	0.02630	0.02271	0.02391	0.02152	0.02749	0.02630	0.01674	0.05618	0.54336	0.04423	0.04303	0.03945	0.03228	0.01434	0.01076	0.00359	0.00837	0.01195	0.01076	0.01674
18	0.02617	0.02512	0.04292	0.06490	0.56246	0.02512	0.03245	0.03245	0.02407	0.03454	0.01989	0.02617	0.01675	0.00942	0.01047	0.00314	0.01256	0.00942	0.00523	0.01675
19	0.02732	0.07365	0.12025	0.16545	0.10504	0.02483	0.16862	0.03481	0.02422	0.11892	0.02310	0.02765	0.01676	0.01020	0.01075	0.00333	0.01417	0.00997	0.00626	0.01471
20	0.03809	0.02497	0.09391	0.02753	0.03724	0.01977	0.16652	0.04445	0.02787	0.35634	0.03336	0.03236	0.02186	0.01154	0.01111	0.00337	0.01228	0.01087	0.00991	0.01665
21	0.01288	0.00920	0.01227	0.01472	0.01534	0.00859	0.00981	0.01472	0.02024	0.02699	0.05828	0.62152	0.06993	0.03312	0.01350	0.00429	0.00613	0.03006	0.00981	0.00859
22	0.30536	0.02236	0.02226	0.01831	0.02531	0.02454	0.01495	0.18667	0.07209	0.12327	0.06529	0.02872	0.02384	0.01240	0.00912	0.00327	0.00912	0.00907	0.00939	0.01464
23	0.02732	0.24348	0.32184	0.02449	0.03685	0.02905	0.02869	0.03545	0.02318	0.10723	0.02079	0.02248	0.01528	0.01015	0.00904	0.00297	0.01323	0.00749	0.00572	0.01528
24	0.04341	0.01816	0.02400	0.01867	0.02626	0.01632	0.01531	0.08605	0.03178	0.47371	0.09513	0.03971	0.03334	0.01396	0.01082	0.00327	0.00878	0.01145	0.01273	0.01714
25	0.70310	0.02045	0.01554	0.01390	0.02045	0.02372	0.01145	0.03108	0.01799	0.04744	0.01472	0.01718	0.01145	0.00981	0.00654	0.00327	0.00818	0.00573	0.00654	0.01145
26	0.06981	0.01210	0.01482	0.01360	0.01693	0.01139	0.01039	0.02296	0.02864	0.08338	0.44371	0.07246	0.11909	0.02040	0.01188	0.00333	0.00557	0.01765	0.01124	0.01065

[dist]
# distance from previous block
# <min> <max>
5	23

[block]
# block no. 6 follows, 13 sequences, length 98
# corresponding to MSA columns:
# 864-961
name=unknown_G
#
# <colnr> <probs for GDERKNQSTAVLIFYWHMCP>
#	G	D	E	R	K	N	Q	S	T	A	V	L	I	F	Y	W	H	M	C	P
0	0.07838	0.02213	0.03093	0.11492	0.22374	0.02321	0.02298	0.09830	0.07214	0.04051	0.07930	0.03201	0.02624	0.01162	0.01017	0.00311	0.01066	0.01008	0.00725	0.08232
1	0.18343	0.08404	0.03059	0.10274	0.09053	0.02700	0.01985	0.17586	0.03034	0.12515	0.02293	0.02478	0.01667	0.01111	0.00930	0.00316	0.01087	0.00843	0.00809	0.01512
2	0.01470	0.01080	0.01377	0.01303	0.01563	0.00986	0.00977	0.01944	0.02931	0.04092	0.50887	0.08141	0.14870	0.02217	0.01247	0.00335	0.00503	0.01946	0.01144	0.00986
3	0.04022	0.02171	0.03091	0.03302	0.18387	0.02077	0.02111	0.11306	0.03120	0.34282	0.03305	0.03163	0.02227	0.01196	0.01058	0.00322	0.01041	0.01012	0.01044	0.01763
4	0.01997	0.01879	0.03171	0.60301	0.07282	0.02349	0.02936	0.02701	0.02114	0.02701	0.01879	0.02819	0.01409	0.01057	0.01057	0.00352	0.01409	0.00940	0.00470	0.01175
5	0.04019	0.02962	0.03173	0.02433	0.03279	0.03279	0.02010	0.52721	0.04971	0.06663	0.02538	0.02538	0.01798	0.01269	0.01058	0.00317	0.01163	0.00952	0.01058	0.01798
6	0.13105	0.16846	0.03538	0.02214	0.03026	0.14614	0.07048	0.06962	0.02532	0.03471	0.01749	0.02043	0.01433	0.00953	0.00846	0.00256	0.01241	0.00706	0.00596	0.16819
7	0.02594	0.02237	0.02492	0.11673	0.03313	0.06450	0.01843	0.10221	0.18828	0.04022	0.07057	0.03559	0.02863	0.01399	0.01285	0.00340	0.07392	0.01082	0.09975	0.01375
8	0.03089	0.01790	0.02166	0.01817	0.02396	0.01798	0.01443	0.09275	0.14989	0.21813	0.21360	0.05011	0.05146	0.01620	0.01127	0.00335	0.00779	0.01367	0.01180	0.01501
9	0.01274	0.00975	0.01170	0.01327	0.01495	0.00871	0.00917	0.01489	0.02164	0.02756	0.07601	0.43281	0.24720	0.03082	0.01313	0.00403	0.00585	0.02725	0.00982	0.00871
10	0.01315	0.00941	0.01251	0.01454	0.01540	0.00877	0.00984	0.01540	0.02150	0.02898	0.12274	0.55137	0.07379	0.03164	0.01336	0.00417	0.00599	0.02864	0.01005	0.00877
11	0.01369	0.01031	0.01267	0.01302	0.01525	0.00929	0.00940	0.01714	0.02553	0.03418	0.29022	0.24325	0.21474	0.02636	0.01278	0.00367	0.00542	0.02317	0.01062	0.00929
12	0.02617	0.02512	0.04292	0.06490	0.56246	0.02512	0.03245	0.03245	0.02407	0.03454	0.01989	0.02617	0.01675	0.00942	0.01047	0.00314	0.01256	0.00942	0.00523	0.01675
13	0.03950	0.05039	0.02996	0.02724	0.03269	0.58597	0.02043	0.04222	0.02996	0.02588	0.01634	0.01907	0.01362	0.01090	0.00953	0.00272	0.01907	0.00681	0.00545	0.01226
14	0.01288	0.00920	0.01227	0.01472	0.01534	0.00859	0.00981	0.01472	0.02024	0.02699	0.05828	0.62152	0.06993	0.03312	0.01350	0.00429	0.00613	0.03006	0.00981	0.00859
15	0.02192	0.01879	0.02192	0.01566	0.02506	0.01409	0.01253	0.02662	0.02192	0.03445	0.01879	0.02192	0.01566	0.00783	0.00783	0.00157	0.00783	0.00626	0.00626	0.69305
16	0.01550	0.01081	0.01514	0.01514	0.01632	0.01199	0.01091	0.01739	0.01622	0.02280	0.02873	0.04834	0.02899	0.22876	0.38323	0.08224	0.02136	0.01225	0.00577	0.00811
17	0.02948	0.03804	0.24575	0.02600	0.03675	0.02804	0.02689	0.22390	0.15064	0.04836	0.02683	0.02735	0.01939	0.01201	0.01041	0.00334	0.01248	0.00939	0.00818	0.01676
18	0.09577	0.02080	0.02509	0.01971	0.02759	0.02044	0.01618	0.13824	0.08389	0.38336	0.03670	0.03289	0.02410	0.01288	0.01031	0.00328	0.00936	0.01017	0.01187	0.01735
19	0.03092	0.21267	0.17350	0.02397	0.03400	0.07226	0.02404	0.19099	0.06910	0.04168	0.02131	0.02274	0.01628	0.01096	0.00928	0.00295	0.01283	0.00795	0.00694	0.01561
20	0.02054	0.08434	0.37864	0.02872	0.07896	0.02263	0.03100	0.02979	0.02273	0.03281	0.06577	0.10413	0.02771	0.01381	0.01048	0.00338	0.01302	0.01154	0.00578	0.01422
21	0.08394	0.30544	0.14970	0.02163	0.03139	0.07610	0.02198	0.08743	0.02581	0.08023	0.01918	0.02078	0.01494	0.01019	0.00838	0.00278	0.01237	0.00703	0.00613	0.01457
22	0.02196	0.11661	0.51832	0.02885	0.04377	0.02640	0.03683	0.03329	0.02223	0.03257	0.01852	0.02175	0.01341	0.00994	0.00970	0.00323	0.01516	0.00758	0.00447	0.01541
23	0.01288	0.00920	0.01227	0.01472	0.01534	0.00859	0.00981	0.01472	0.02024	0.02699	0.05828	0.62152	0.06993	0.03312	0.01350	0.00429	0.00613	0.03006	0.00981	0.00859
24	0.02481	0.02988	0.18973	0.21972	0.08648	0.02214	0.07820	0.03293	0.02399	0.10852	0.06075	0.03112	0.02209	0.01132	0.01075	0.00340	0.01343	0.01012	0.00642	0.01423
25	0.13263	0.08207	0.32570	0.02490	0.03683	0.02594	0.02845	0.08469	0.05799	0.07427	0.02168	0.02344	0.01560	0.01068	0.00941	0.00325	0.01287	0.00796	0.00637	0.01529
26	0.01511	0.01113	0.01449	0.01652	0.01806	0.01104	0.01226	0.02015	0.06670	0.02967	0.05637	0.44304	0.06435	0.03050	0.01354	0.00438	0.00725	0.14598	0.00988	0.00959
27	0.01710	0.01009	0.01086	0.01086	0.01184	0.01009	0.00680	0.01906	0.01808	0.02803	0.03378	0.05734	0.03392	0.38309	0.03533	0.00715	0.00813	0.01318	0.27747	0.00778
28	0.36640	0.03384	0.23867	0.02086	0.03118	0.02324	0.02285	0.03407	0.02094	0.09380	0.01910	0.02110	0.01369	0.01023	0.00834	0.00330	0.01123	0.00704	0.00637	0.01376
29	0.02429	0.02464	0.08828	0.29417	0.22488	0.02381	0.02963	0.03292	0.05708	0.06580	0.02222	0.02818	0.01686	0.01055	0.01050	0.00337	0.01304	0.00949	0.00578	0.01450
30	0.02103	0.01460	0.01789	0.01625	0.01841	0.01600	0.01199	0.07132	0.02245	0.06752	0.07035	0.10251	0.07110	0.22407	0.06835	0.00676	0.09714	0.01487	0.05726	0.01014
31	0.70310	0.02045	0.01554	0.01390	0.02045	0.02372	0.01145	0.03108	0.01799	0.04744	0.01472	0.01718	0.01145	0.00981	0.00654	0.00327	0.00818	0.00573	0.00654	0.01145
32	0.22454	0.02283	0.07508	0.01792	0.02582	0.02000	0.01586	0.03709	0.11401	0.12205	0.06444	0.02994	0.02483	0.01157	0.00895	0.00298	0.00877	0.00886	0.00838	0.15607
33	0.01396	0.01019	0.01313	0.01362	0.01549	0.00936	0.00975	0.01755	0.02575	0.03536	0.32879	0.28667	0.12825	0.02643	0.01286	0.00371	0.00545	0.02355	0.01079	0.00936
34	0.13035	0.02130	0.02522	0.01959	0.02763	0.02103	0.01618	0.17108	0.03367	0.37300	0.03403	0.03083	0.02216	0.01256	0.01009	0.00325	0.00957	0.00971	0.01160	0.01714
35	0.02050	0.01983	0.03499	0.54339	0.07095	0.02384	0.08217	0.02775	0.02155	0.02775	0.01907	0.02822	0.01430	0.01039	0.01077	0.00353	0.01449	0.00973	0.00477	0.01201
36	0.01414	0.00988	0.01255	0.01399	0.01469	0.00949	0.00932	0.01587	0.01976	0.02646	0.08723	0.36935	0.06158	0.21822	0.02612	0.00613	0.00762	0.06062	0.00888	0.00810
37	0.01463	0.01079	0.01367	0.01295	0.01559	0.00983	0.00971	0.01931	0.02914	0.04054	0.49638	0.08204	0.16143	0.02231	0.01247	0.00336	0.00504	0.01955	0.01139	0.00983
38	0.01288	0.00920	0.01227	0.01472	0.01534	0.00859	0.00981	0.01472	0.02024	0.02699	0.05828	0.62152	0.06993	0.03312	0.01350	0.00429	0.00613	0.03006	0.00981	0.00859
39	0.02192	0.01879	0.02192	0.01566	0.02506	0.01409	0.01253	0.02662	0.02192	0.03445	0.01879	0.02192	0.01566	0.00783	0.00783	0.00157	0.00783	0.00626	0.00626	0.69305
40	0.02635	0.26071	0.03606	0.01754	0.02670	0.02693	0.01551	0.08203	0.02472	0.03415	0.01790	0.02035	0.01509	0.00882	0.00771	0.00201	0.00960	0.00637	0.00604	0.35541
41	0.03038	0.02253	0.02457	0.02133	0.02781	0.02521	0.01681	0.08971	0.43298	0.12220	0.04156	0.03792	0.03035	0.01404	0.01073	0.00351	0.00870	0.01159	0.01108	0.01701
42	0.02243	0.02161	0.03477	0.30656	0.18591	0.02636	0.02844	0.02797	0.02053	0.02851	0.01772	0.02628	0.01472	0.01246	0.01719	0.00373	0.17766	0.00936	0.00482	0.01298
43	0.03147	0.02156	0.02406	0.02086	0.02737	0.02367	0.01644	0.05504	0.41783	0.17281	0.04271	0.03860	0.03078	0.01404	0.01073	0.00351	0.00852	0.01163	0.01133	0.01704
44	0.01273	0.00980	0.01165	0.01312	0.01492	0.00872	0.00911	0.01490	0.02178	0.02762	0.07772	0.41455	0.26435	0.03060	0.01310	0.00401	0.00582	0.02697	0.00982	0.00872
45	0.04744	0.01799	0.02454	0.01881	0.02699	0.01554	0.01554	0.05153	0.03026	0.56979	0.04171	0.03599	0.02617	0.01309	0.01063	0.00327	0.00900	0.01063	0.01309	0.01799
46	0.01365	0.00999	0.01283	0.01374	0.01540	0.00917	0.00969	0.01681	0.02444	0.03318	0.25837	0.35398	0.13371	0.02795	0.01299	0.00384	0.00560	0.02496	0.01053	0.00917
47	0.01823	0.01136	0.01418	0.01328	0.01642	0.01028	0.01002	0.02248	0.02763	0.09494	0.34634	0.11538	0.16282	0.02171	0.01195	0.00337	0.00556	0.01884	0.06468	0.01054
48	0.02153	0.05242	0.52926	0.03139	0.04659	0.02474	0.08117	0.03352	0.02255	0.03352	0.01918	0.02286	0.01362	0.00995	0.01026	0.00337	0.01582	0.00822	0.00454	0.01551
49	0.01577	0.01037	0.01336	0.01336	0.01387	0.01088	0.00868	0.01607	0.01556	0.02126	0.02962	0.05590	0.03204	0.38712	0.19586	0.11912	0.01497	0.01331	0.00592	0.00694
50	0.02350	0.01770	0.07255	0.01818	0.02278	0.01435	0.01503	0.03100	0.09946	0.15306	0.04838	0.34400	0.04888	0.02354	0.01210	0.00386	0.00805	0.02079	0.01016	0.01261
51	0.02191	0.11235	0.52213	0.02894	0.04391	0.02627	0.03698	0.03330	0.02224	0.03263	0.01855	0.02179	0.01341	0.00995	0.00972	0.00324	0.01520	0.00760	0.00447	0.01542
52	0.03373	0.01964	0.02398	0.01780	0.02663	0.01665	0.01450	0.08968	0.02811	0.24473	0.02835	0.02773	0.01997	0.01038	0.00921	0.00240	0.00869	0.00830	0.00936	0.36016
53	0.08516	0.02800	0.04113	0.03069	0.03964	0.08445	0.22760	0.11807	0.02962	0.12305	0.02395	0.02675	0.01729	0.01038	0.01073	0.00318	0.01402	0.01008	0.00759	0.06862
54	0.02656	0.49482	0.18044	0.02100	0.03163	0.03767	0.02315	0.03210	0.02169	0.02695	0.01573	0.01825	0.01353	0.00929	0.00757	0.00252	0.01235	0.00617	0.00451	0.01406
55	0.04744	0.01799	0.02454	0.01881	0.02699	0.01554	0.01554	0.05153	0.03026	0.56979	0.04171	0.03599	0.02617	0.01309	0.01063	0.00327	0.00900	0.01063	0.01309	0.01799
56	0.02058	0.01942	0.03283	0.54952	0.12149	0.02365	0.02967	0.02755	0.02143	0.02776	0.01890	0.02799	0.01436	0.01046	0.01056	0.00349	0.01394	0.00940	0.00475	0.01224
57	0.02677	0.02069	0.03186	0.35188	0.13697	0.02343	0.02629	0.06777	0.06281	0.11100	0.02451	0.02963	0.01785	0.01117	0.01058	0.00341	0.01253	0.00977	0.00684	0.01423
58	0.04744	0.01799	0.02454	0.01881	0.02699	0.01554	0.01554	0.05153	0.03026	0.56979	0.04171	0.03599	0.02617	0.01309	0.01063	0.00327	0.00900	0.01063	0.01309	0.01799
59	0.01538	0.01025	0.01153	0.01153	0.01153	0.01025	0.00641	0.01538	0.01538	0.02050	0.03331	0.06919	0.03844	0.62842	0.05382	0.01025	0.01025	0.01538	0.00641	0.00641
60	0.02498	0.02406	0.04049	0.15024	0.35141	0.02517	0.08228	0.03485	0.09352	0.03447	0.02297	0.02856	0.01830	0.01023	0.01074	0.00331	0.01282	0.01008	0.00590	0.01561
61	0.25851	0.02211	0.02429	0.07680	0.03100	0.02382	0.01683	0.17458	0.03072	0.20405	0.02601	0.02607	0.01785	0.01165	0.00926	0.00327	0.00997	0.00858	0.00940	0.01522
62	0.01288	0.00920	0.01227	0.01472	0.01534	0.00859	0.00981	0.01472	0.02024	0.02699	0.05828	0.62152	0.06993	0.03312	0.01350	0.00429	0.00613	0.03006	0.00981	0.00859
63	0.04744	0.01799	0.02454	0.01881	0.02699	0.01554	0.01554	0.05153	0.03026	0.56979	0.04171	0.03599	0.02617	0.01309	0.01063	0.00327	0.00900	0.01063	0.01309	0.01799
64	0.01510	0.01133	0.01699	0.01699	0.01888	0.01322	0.01322	0.01888	0.01699	0.02454	0.02832	0.04154	0.02643	0.07930	0.58652	0.01699	0.02832	0.01133	0.00566	0.00944
65	0.02617	0.02512	0.04292	0.06490	0.56246	0.02512	0.03245	0.03245	0.02407	0.03454	0.01989	0.02617	0.01675	0.00942	0.01047	0.00314	0.01256	0.00942	0.00523	0.01675
66	0.02194	0.02060	0.03395	0.39056	0.20826	0.02302	0.02857	0.02853	0.02206	0.02991	0.01911	0.02699	0.01501	0.00997	0.01027	0.00322	0.01303	0.00909	0.00501	0.08090
67	0.01513	0.01123	0.01652	0.01652	0.01824	0.01296	0.01263	0.01858	0.01685	0.02419	0.02875	0.04394	0.02747	0.12697	0.54028	0.01641	0.02675	0.01168	0.00573	0.00918
68	0.02267	0.02316	0.04162	0.25855	0.09538	0.02673	0.17091	0.02904	0.02126	0.02920	0.01843	0.02689	0.01481	0.01194	0.01702	0.00378	0.16062	0.01025	0.00491	0.01282
69	0.02461	0.02369	0.03233	0.02746	0.02820	0.03242	0.02287	0.06900	0.01910	0.02902	0.01488	0.02333	0.01424	0.01800	0.03260	0.00450	0.55721	0.00928	0.00514	0.01212
70	0.01496	0.01081	0.01413	0.01330	0.01580	0.00998	0.00998	0.01995	0.02993	0.04240	0.55689	0.07898	0.09976	0.02162	0.01247	0.00333	0.00499	0.01912	0.01164	0.00998
