[name]
unknown

[dist]
# distance from previous block
# <min> <max>
18	46

[block]
# block no. 0 follows, 10 sequences, length 67
# corresponding to MSA columns:
# 122-135,153-159,161-206
name=unknown_A
#
# <colnr> <probs for GDERKNQSTAVLIFYWHMCP>
#	G	D	E	R	K	N	Q	S	T	A	V	L	I	F	Y	W	H	M	C	P
0	0.02661	0.08605	0.03631	0.04261	0.25043	0.09141	0.02430	0.03173	0.02773	0.03528	0.09313	0.04954	0.12600	0.01578	0.01164	0.00341	0.01212	0.01353	0.00747	0.01490
1	0.03090	0.03160	0.09434	0.09420	0.20919	0.02964	0.07696	0.13805	0.09364	0.04630	0.02649	0.03052	0.02020	0.01200	0.01177	0.00364	0.01411	0.01091	0.00773	0.01780
2	0.01499	0.01076	0.01423	0.01563	0.01705	0.00999	0.01086	0.01826	0.02609	0.03577	0.22490	0.40554	0.08869	0.03190	0.01444	0.00434	0.00630	0.02875	0.01152	0.00999
3	0.02665	0.10044	0.18165	0.02283	0.03217	0.08962	0.02342	0.03336	0.02776	0.08314	0.09749	0.05273	0.14783	0.01720	0.01157	0.00351	0.01243	0.01368	0.00826	0.01426
4	0.02893	0.02498	0.02630	0.02367	0.03024	0.02893	0.01841	0.06180	0.49770	0.04865	0.04734	0.04339	0.03550	0.01578	0.01183	0.00394	0.00920	0.01315	0.01183	0.01841
5	0.02674	0.02928	0.05700	0.04251	0.05012	0.03160	0.31753	0.03399	0.02405	0.03399	0.02062	0.02928	0.01681	0.01352	0.02234	0.00433	0.21355	0.01248	0.00560	0.01464
6	0.02893	0.02498	0.02630	0.02367	0.03024	0.02893	0.01841	0.06180	0.49770	0.04865	0.04734	0.04339	0.03550	0.01578	0.01183	0.00394	0.00920	0.01315	0.01183	0.01841
7	0.02566	0.02540	0.04233	0.19096	0.18775	0.02996	0.07926	0.03169	0.02285	0.03235	0.01955	0.02858	0.01650	0.01394	0.02055	0.00416	0.19773	0.01066	0.00539	0.01474
8	0.04862	0.02202	0.02794	0.02180	0.03058	0.02085	0.01789	0.11226	0.08651	0.41588	0.04371	0.03848	0.02835	0.01449	0.01170	0.00362	0.01020	0.01169	0.01376	0.01964
9	0.01560	0.01185	0.01435	0.01372	0.01684	0.01061	0.01029	0.02027	0.03088	0.04179	0.38669	0.09487	0.23865	0.02559	0.01373	0.00374	0.00562	0.02215	0.01216	0.01061
10	0.67341	0.02249	0.01709	0.01529	0.02249	0.02609	0.01260	0.03419	0.01979	0.05218	0.01619	0.01889	0.01260	0.01080	0.00720	0.00360	0.00900	0.00630	0.00720	0.01260
11	0.01539	0.01165	0.01419	0.01396	0.01682	0.01045	0.01032	0.01972	0.02979	0.04015	0.34336	0.15137	0.22655	0.02692	0.01386	0.00386	0.00575	0.02346	0.01198	0.01045
12	0.01375	0.01178	0.01178	0.01178	0.01571	0.00982	0.00884	0.01669	0.02651	0.03142	0.11782	0.11193	0.51399	0.02946	0.01375	0.00393	0.00589	0.02455	0.01080	0.00982
13	0.01800	0.01650	0.02658	0.02331	0.02689	0.01651	0.10455	0.02185	0.02380	0.03141	0.06325	0.29729	0.16236	0.02763	0.01704	0.00442	0.07374	0.02456	0.00917	0.01115
14	0.02412	0.02067	0.02412	0.01723	0.02756	0.01550	0.01378	0.02929	0.02412	0.03790	0.02067	0.02412	0.01723	0.00861	0.00861	0.00172	0.00861	0.00689	0.00689	0.66236
15	0.02412	0.02067	0.02412	0.01723	0.02756	0.01550	0.01378	0.02929	0.02412	0.03790	0.02067	0.02412	0.01723	0.00861	0.00861	0.00172	0.00861	0.00689	0.00689	0.66236
16	0.02412	0.02067	0.02412	0.01723	0.02756	0.01550	0.01378	0.02929	0.02412	0.03790	0.02067	0.02412	0.01723	0.00861	0.00861	0.00172	0.00861	0.00689	0.00689	0.66236
17	0.03109	0.59826	0.06095	0.01990	0.02985	0.04602	0.01990	0.03483	0.02363	0.02736	0.01617	0.01866	0.01493	0.00995	0.00746	0.00249	0.01244	0.00622	0.00498	0.01493
18	0.01468	0.01182	0.01308	0.01277	0.01628	0.01022	0.00957	0.01851	0.02872	0.03667	0.25403	0.10328	0.37450	0.02750	0.01374	0.00383	0.00575	0.02333	0.01149	0.01022
19	0.02269	0.02141	0.03620	0.51095	0.12679	0.02603	0.03266	0.03035	0.02360	0.03060	0.02080	0.03077	0.01581	0.01149	0.01162	0.00383	0.01532	0.01034	0.00523	0.01351
20	0.04830	0.01893	0.02575	0.02003	0.02835	0.01643	0.01643	0.05291	0.03325	0.47462	0.09657	0.04472	0.03758	0.01541	0.01192	0.00361	0.00942	0.01271	0.01422	0.01884
21	0.01375	0.01178	0.01178	0.01178	0.01571	0.00982	0.00884	0.01669	0.02651	0.03142	0.11782	0.11193	0.51399	0.02946	0.01375	0.00393	0.00589	0.02455	0.01080	0.00982
22	0.01553	0.01185	0.01425	0.01365	0.01680	0.01058	0.01024	0.02014	0.03072	0.04141	0.37704	0.09548	0.24853	0.02573	0.01373	0.00375	0.00563	0.02224	0.01212	0.01058
23	0.03109	0.59826	0.06095	0.01990	0.02985	0.04602	0.01990	0.03483	0.02363	0.02736	0.01617	0.01866	0.01493	0.00995	0.00746	0.00249	0.01244	0.00622	0.00498	0.01493
24	0.02879	0.02763	0.04721	0.07139	0.51871	0.02763	0.03569	0.03569	0.02648	0.03800	0.02188	0.02879	0.01842	0.01036	0.01151	0.00345	0.01382	0.01036	0.00576	0.01842
25	0.02893	0.02498	0.02630	0.02367	0.03024	0.02893	0.01841	0.06180	0.49770	0.04865	0.04734	0.04339	0.03550	0.01578	0.01183	0.00394	0.00920	0.01315	0.01183	0.01841
26	0.05139	0.02107	0.02778	0.02130	0.03032	0.01898	0.01759	0.09882	0.03542	0.48162	0.04410	0.03843	0.02789	0.01435	0.01169	0.00359	0.01019	0.01157	0.01412	0.01979
27	0.02787	0.09643	0.06775	0.04568	0.05723	0.03132	0.42407	0.03698	0.02701	0.03612	0.02268	0.02991	0.01733	0.00982	0.01301	0.00376	0.01878	0.01286	0.00578	0.01560
28	0.01691	0.01128	0.01268	0.01268	0.01268	0.01128	0.00705	0.01691	0.01691	0.02255	0.03665	0.07611	0.04228	0.59126	0.05920	0.01128	0.01128	0.01691	0.00705	0.00705
29	0.01646	0.01189	0.01555	0.01463	0.01738	0.01097	0.01097	0.02195	0.03292	0.04664	0.51257	0.08688	0.10974	0.02378	0.01372	0.00366	0.00549	0.02103	0.01280	0.01097
30	0.19029	0.02146	0.02544	0.01999	0.02861	0.02068	0.01651	0.08689	0.03205	0.38300	0.03776	0.03399	0.02442	0.01356	0.01069	0.00359	0.00994	0.01039	0.01256	0.01818
31	0.02593	0.02472	0.04206	0.27703	0.33535	0.02688	0.03427	0.03319	0.02513	0.03453	0.02137	0.02971	0.01720	0.01089	0.01156	0.00363	0.01452	0.01035	0.00551	0.01612
32	0.04165	0.05245	0.03322	0.03002	0.03542	0.49390	0.02277	0.04460	0.03145	0.02842	0.01771	0.02142	0.01501	0.01282	0.01324	0.00320	0.07563	0.00776	0.00590	0.01341
33	0.67341	0.02249	0.01709	0.01529	0.02249	0.02609	0.01260	0.03419	0.01979	0.05218	0.01619	0.01889	0.01260	0.01080	0.00720	0.00360	0.00900	0.00630	0.00720	0.01260
34	0.09145	0.02031	0.02287	0.01846	0.02618	0.01875	0.01454	0.07082	0.07698	0.08269	0.06982	0.09640	0.03404	0.01489	0.01043	0.00294	0.00870	0.01230	0.00936	0.29806
35	0.02550	0.16204	0.38055	0.02945	0.04400	0.03097	0.03561	0.03930	0.07868	0.03633	0.02298	0.02556	0.01715	0.01138	0.01043	0.00348	0.01534	0.00865	0.00572	0.01688
36	0.01691	0.01128	0.01268	0.01268	0.01268	0.01128	0.00705	0.01691	0.01691	0.02255	0.03665	0.07611	0.04228	0.59126	0.05920	0.01128	0.01128	0.01691	0.00705	0.00705
37	0.02333	0.06016	0.53100	0.03315	0.05034	0.02701	0.04297	0.03683	0.02455	0.03683	0.02087	0.02455	0.01473	0.01105	0.01105	0.00368	0.01719	0.00859	0.00491	0.01719
38	0.02852	0.02809	0.04910	0.06037	0.35673	0.02818	0.12823	0.03942	0.08795	0.03922	0.02554	0.03124	0.02048	0.01095	0.01203	0.00362	0.01446	0.01145	0.00657	0.01783
39	0.02275	0.02147	0.03630	0.50685	0.13044	0.02605	0.03269	0.03040	0.02363	0.03067	0.02081	0.03075	0.01584	0.01148	0.01161	0.00383	0.01531	0.01034	0.00524	0.01355
40	0.01375	0.01178	0.01178	0.01178	0.01571	0.00982	0.00884	0.01669	0.02651	0.03142	0.11782	0.11193	0.51399	0.02946	0.01375	0.00393	0.00589	0.02455	0.01080	0.00982
41	0.01417	0.01012	0.01350	0.01619	0.01687	0.00945	0.01080	0.01619	0.02227	0.02969	0.06410	0.58367	0.07692	0.03644	0.01484	0.00472	0.00675	0.03306	0.01080	0.00945
42	0.17265	0.02511	0.02798	0.02189	0.03064	0.02597	0.01807	0.21042	0.03860	0.26296	0.03327	0.03111	0.02220	0.01352	0.01078	0.00356	0.01080	0.01017	0.01193	0.01836
43	0.04234	0.04240	0.03315	0.02794	0.03544	0.27085	0.02191	0.23755	0.08873	0.05008	0.02525	0.02624	0.01912	0.01323	0.01112	0.00331	0.01623	0.00936	0.00904	0.01673
44	0.02333	0.06016	0.53100	0.03315	0.05034	0.02701	0.04297	0.03683	0.02455	0.03683	0.02087	0.02455	0.01473	0.01105	0.01105	0.00368	0.01719	0.00859	0.00491	0.01719
45	0.03392	0.02591	0.04277	0.06027	0.41145	0.02532	0.03161	0.04030	0.02798	0.14520	0.02714	0.03115	0.02070	0.01125	0.01155	0.00349	0.01296	0.01066	0.00765	0.01872
46	0.04177	0.05292	0.03669	0.03196	0.03855	0.49070	0.06994	0.04548	0.03238	0.02938	0.01856	0.02206	0.01526	0.01176	0.01083	0.00309	0.02083	0.00814	0.00598	0.01371
47	0.04345	0.05543	0.03296	0.02996	0.03596	0.54457	0.02247	0.04644	0.03296	0.02846	0.01798	0.02097	0.01498	0.01199	0.01049	0.00300	0.02097	0.00749	0.00599	0.01348
48	0.02385	0.01910	0.03411	0.02652	0.03287	0.01765	0.16377	0.03065	0.03117	0.09467	0.30306	0.06370	0.07102	0.01821	0.01350	0.00374	0.01057	0.01765	0.01071	0.01345
49	0.02879	0.02763	0.04721	0.07139	0.51871	0.02763	0.03569	0.03569	0.02648	0.03800	0.02188	0.02879	0.01842	0.01036	0.01151	0.00345	0.01382	0.01036	0.00576	0.01842
50	0.01691	0.01128	0.01268	0.01268	0.01268	0.01128	0.00705	0.01691	0.01691	0.02255	0.03665	0.07611	0.04228	0.59126	0.05920	0.01128	0.01128	0.01691	0.00705	0.00705
51	0.04355	0.05246	0.03321	0.02955	0.03597	0.47846	0.02242	0.10280	0.03578	0.03429	0.01927	0.02188	0.01561	0.01224	0.01064	0.00306	0.01991	0.00788	0.00673	0.01430
52	0.01691	0.01128	0.01268	0.01268	0.01268	0.01128	0.00705	0.01691	0.01691	0.02255	0.03665	0.07611	0.04228	0.59126	0.05920	0.01128	0.01128	0.01691	0.00705	0.00705
53	0.01417	0.01012	0.01350	0.01619	0.01687	0.00945	0.01080	0.01619	0.02227	0.02969	0.06410	0.58367	0.07692	0.03644	0.01484	0.00472	0.00675	0.03306	0.01080	0.00945
54	0.02000	0.01676	0.02435	0.15616	0.08645	0.01800	0.01955	0.02847	0.07824	0.03844	0.20121	0.16112	0.06254	0.02105	0.01300	0.00393	0.00946	0.01883	0.00969	0.01273
55	0.03238	0.09204	0.15085	0.02354	0.03481	0.02517	0.02331	0.09093	0.06763	0.12908	0.02776	0.02842	0.02023	0.01156	0.01023	0.00299	0.01182	0.00901	0.00851	0.19973
56	0.16975	0.03165	0.02591	0.02337	0.02994	0.15024	0.01813	0.05228	0.28594	0.04463	0.03376	0.03287	0.02577	0.01382	0.01053	0.00365	0.01194	0.01035	0.00946	0.01601
57	0.03280	0.52472	0.05756	0.02079	0.03066	0.04473	0.02019	0.09269	0.02767	0.03334	0.01770	0.01986	0.01556	0.01047	0.00801	0.00262	0.01248	0.00677	0.00584	0.01556
58	0.02412	0.02067	0.02412	0.01723	0.02756	0.01550	0.01378	0.02929	0.02412	0.03790	0.02067	0.02412	0.01723	0.00861	0.00861	0.00172	0.00861	0.00689	0.00689	0.66236
59	0.01665	0.01231	0.01791	0.01791	0.01972	0.01411	0.01356	0.02027	0.01846	0.02642	0.03187	0.04965	0.03079	0.15276	0.48199	0.01773	0.02857	0.01304	0.00634	0.00995
60	0.02976	0.03285	0.03261	0.02882	0.03091	0.18723	0.02313	0.03265	0.02252	0.02800	0.01815	0.02672	0.01698	0.02651	0.09569	0.00622	0.33343	0.00966	0.00551	0.01265
61	0.05115	0.02146	0.02802	0.02148	0.03052	0.01956	0.01775	0.11171	0.03607	0.46781	0.04355	0.03807	0.02762	0.01434	0.01169	0.00358	0.01027	0.01154	0.01404	0.01979
62	0.01665	0.01233	0.01805	0.01805	0.01991	0.01419	0.01374	0.02036	0.01850	0.02653	0.03174	0.04893	0.03048	0.14087	0.49345	0.01790	0.02904	0.01293	0.00632	0.01003
63	0.01661	0.01246	0.01869	0.01869	0.02077	0.01454	0.01454	0.02077	0.01869	0.02700	0.03115	0.04569	0.02908	0.08723	0.54517	0.01869	0.03115	0.01246	0.00623	0.01038
64	0.02497	0.02421	0.04251	0.33555	0.23908	0.02683	0.07453	0.03260	0.02483	0.03345	0.02138	0.03023	0.01677	0.01100	0.01178	0.00373	0.01526	0.01066	0.00545	0.01519
65	0.10997	0.02106	0.02860	0.02807	0.07950	0.02190	0.06748	0.11654	0.02960	0.04309	0.03825	0.14084	0.03885	0.08591	0.01806	0.00498	0.01162	0.09323	0.00899	0.01348
66	0.02408	0.02338	0.04129	0.39810	0.17550	0.02663	0.08130	0.03186	0.02443	0.03238	0.02125	0.03055	0.01639	0.01115	0.01183	0.00379	0.01557	0.01071	0.00538	0.01444

[dist]
# distance from previous block
# <min> <max>
0	120

[block]
# block no. 1 follows, 10 sequences, length 31
# corresponding to MSA columns:
# 334-364
name=unknown_B
#
# <colnr> <probs for GDERKNQSTAVLIFYWHMCP>
#	G	D	E	R	K	N	Q	S	T	A	V	L	I	F	Y	W	H	M	C	P
0	0.01691	0.01128	0.01268	0.01268	0.01268	0.01128	0.00705	0.01691	0.01691	0.02255	0.03665	0.07611	0.04228	0.59126	0.05920	0.01128	0.01128	0.01691	0.00705	0.00705
1	0.04480	0.04990	0.03203	0.02852	0.03498	0.46275	0.02164	0.04803	0.03301	0.10576	0.02231	0.02386	0.01712	0.01236	0.01067	0.00309	0.01926	0.00814	0.00730	0.01446
2	0.01691	0.01128	0.01268	0.01268	0.01268	0.01128	0.00705	0.01691	0.01691	0.02255	0.03665	0.07611	0.04228	0.59126	0.05920	0.01128	0.01128	0.01691	0.00705	0.00705
3	0.01417	0.01012	0.01350	0.01619	0.01687	0.00945	0.01080	0.01619	0.02227	0.02969	0.06410	0.58367	0.07692	0.03644	0.01484	0.00472	0.00675	0.03306	0.01080	0.00945
4	0.02879	0.02763	0.04721	0.07139	0.51871	0.02763	0.03569	0.03569	0.02648	0.03800	0.02188	0.02879	0.01842	0.01036	0.01151	0.00345	0.01382	0.01036	0.00576	0.01842
5	0.02412	0.02067	0.02412	0.01723	0.02756	0.01550	0.01378	0.02929	0.02412	0.03790	0.02067	0.02412	0.01723	0.00861	0.00861	0.00172	0.00861	0.00689	0.00689	0.66236
6	0.03207	0.02424	0.02764	0.02411	0.03020	0.02798	0.01914	0.05654	0.36221	0.12009	0.04287	0.04043	0.03179	0.01617	0.01529	0.00404	0.08345	0.01253	0.01134	0.01787
7	0.02545	0.02545	0.03562	0.03053	0.03053	0.03562	0.02545	0.02799	0.01781	0.02799	0.01527	0.02545	0.01527	0.02036	0.03817	0.00509	0.56997	0.01018	0.00509	0.01272
8	0.04109	0.03073	0.03323	0.02528	0.03475	0.03288	0.02081	0.41003	0.04994	0.06781	0.02680	0.02733	0.01938	0.01313	0.01117	0.00322	0.01215	0.00992	0.01090	0.11946
9	0.01553	0.01110	0.01506	0.01775	0.01903	0.01062	0.01317	0.01855	0.02361	0.03122	0.06335	0.44860	0.07394	0.03515	0.01521	0.00491	0.00793	0.15467	0.01077	0.00982
10	0.01691	0.01128	0.01268	0.01268	0.01268	0.01128	0.00705	0.01691	0.01691	0.02255	0.03665	0.07611	0.04228	0.59126	0.05920	0.01128	0.01128	0.01691	0.00705	0.00705
11	0.22449	0.02375	0.02458	0.02081	0.02840	0.02598	0.01675	0.09215	0.20619	0.16490	0.03604	0.03386	0.02572	0.01382	0.01043	0.00372	0.00965	0.01055	0.01106	0.01716
12	0.01683	0.01162	0.01442	0.01442	0.01502	0.01222	0.00921	0.01803	0.01743	0.02383	0.03506	0.06733	0.03847	0.44582	0.19942	0.01342	0.01701	0.01563	0.00681	0.00801
13	0.01691	0.01128	0.01268	0.01268	0.01268	0.01128	0.00705	0.01691	0.01691	0.02255	0.03665	0.07611	0.04228	0.59126	0.05920	0.01128	0.01128	0.01691	0.00705	0.00705
14	0.03097	0.02600	0.02745	0.02408	0.03102	0.02988	0.01890	0.11759	0.43859	0.05194	0.04475	0.04133	0.03340	0.01554	0.01181	0.00388	0.00968	0.01279	0.01181	0.01859
15	0.04824	0.02611	0.03090	0.02369	0.03284	0.02647	0.01957	0.26591	0.04386	0.30260	0.03701	0.03382	0.02434	0.01418	0.01167	0.00355	0.01133	0.01109	0.01303	0.01979
16	0.01417	0.01012	0.01350	0.01619	0.01687	0.00945	0.01080	0.01619	0.02227	0.02969	0.06410	0.58367	0.07692	0.03644	0.01484	0.00472	0.00675	0.03306	0.01080	0.00945
17	0.04272	0.01702	0.02198	0.01764	0.02468	0.01515	0.01431	0.04750	0.03053	0.37678	0.04342	0.04076	0.02911	0.01413	0.01059	0.00332	0.00851	0.01143	0.21342	0.01702
18	0.03006	0.52646	0.12366	0.02167	0.03258	0.04348	0.02298	0.03509	0.02376	0.02863	0.01680	0.01944	0.01490	0.01010	0.00794	0.00265	0.01307	0.00654	0.00497	0.01523
19	0.05019	0.02299	0.02897	0.02221	0.03128	0.02184	0.01835	0.16246	0.03864	0.41343	0.04140	0.03667	0.02654	0.01429	0.01168	0.00357	0.01062	0.01139	0.01371	0.01979
20	0.01661	0.01246	0.01869	0.01869	0.02077	0.01454	0.01454	0.02077	0.01869	0.02700	0.03115	0.04569	0.02908	0.08723	0.54517	0.01869	0.03115	0.01246	0.00623	0.01038
21	0.03921	0.03606	0.10499	0.03057	0.04125	0.03398	0.08549	0.36228	0.04707	0.06367	0.02640	0.02794	0.01883	0.01302	0.01184	0.00357	0.01429	0.01066	0.00998	0.01889
22	0.02512	0.02980	0.11716	0.26859	0.26494	0.02680	0.03542	0.03340	0.02485	0.03440	0.02122	0.02905	0.01665	0.01099	0.01149	0.00366	0.01504	0.01008	0.00538	0.01596
23	0.01610	0.01187	0.01505	0.01426	0.01716	0.01082	0.01069	0.02125	0.03207	0.04463	0.46039	0.09019	0.16318	0.02453	0.01372	0.00369	0.00554	0.02150	0.01254	0.01082
24	0.01525	0.01089	0.01473	0.01743	0.01858	0.01038	0.01267	0.01806	0.02333	0.03090	0.06351	0.47685	0.07456	0.03542	0.01513	0.00487	0.00768	0.12924	0.01078	0.00974
25	0.02255	0.01380	0.01913	0.02063	0.02387	0.01335	0.01746	0.02735	0.02703	0.09916	0.05984	0.17945	0.06322	0.03036	0.01532	0.00504	0.01007	0.32939	0.01121	0.01174
26	0.02412	0.02067	0.02412	0.01723	0.02756	0.01550	0.01378	0.02929	0.02412	0.03790	0.02067	0.02412	0.01723	0.00861	0.00861	0.00172	0.00861	0.00689	0.00689	0.66236
27	0.02535	0.15547	0.18973	0.02275	0.03514	0.02556	0.02417	0.03281	0.02415	0.03533	0.01978	0.02310	0.01596	0.00966	0.00913	0.00250	0.01209	0.00728	0.00587	0.32419
28	0.03109	0.03136	0.04037	0.05440	0.33572	0.10811	0.02982	0.04314	0.13177	0.03888	0.02691	0.03081	0.02167	0.01181	0.01143	0.00349	0.01391	0.01053	0.00714	0.01765
29	0.38022	0.02629	0.06689	0.02753	0.10342	0.02607	0.02041	0.03706	0.02283	0.10931	0.02130	0.02421	0.01605	0.01208	0.01154	0.00372	0.06052	0.00818	0.00755	0.01484
30	0.01814	0.01522	0.02372	0.02165	0.02506	0.01473	0.08379	0.02507	0.07052	0.03643	0.15602	0.33622	0.07110	0.02753	0.01413	0.00429	0.00869	0.02550	0.01058	0.01160

[dist]
# distance from previous block
# <min> <max>
0	1

[block]
# block no. 2 follows, 10 sequences, length 8
# corresponding to MSA columns:
# 366-373
name=unknown_C
#
# <colnr> <probs for GDERKNQSTAVLIFYWHMCP>
#	G	D	E	R	K	N	Q	S	T	A	V	L	I	F	Y	W	H	M	C	P
0	0.02531	0.01881	0.02780	0.09243	0.13445	0.01937	0.02297	0.06483	0.02849	0.07624	0.04508	0.13855	0.04548	0.02296	0.01377	0.00443	0.01151	0.18424	0.00943	0.01385
1	0.09783	0.16224	0.38045	0.02853	0.04316	0.03066	0.03500	0.03614	0.02384	0.03668	0.01942	0.02275	0.01453	0.01080	0.00991	0.00344	0.01533	0.00787	0.00518	0.01623
2	0.02718	0.03310	0.14188	0.21295	0.15235	0.02825	0.10414	0.08870	0.02867	0.03931	0.02229	0.02896	0.01679	0.01126	0.01182	0.00371	0.01583	0.01055	0.00614	0.01614
3	0.01409	0.01045	0.01315	0.01531	0.01664	0.00952	0.01040	0.01629	0.02312	0.03004	0.07485	0.48932	0.16434	0.03504	0.01462	0.00456	0.00658	0.03136	0.01080	0.00952
4	0.02883	0.08985	0.09362	0.13310	0.07886	0.02480	0.02427	0.07050	0.05604	0.10973	0.03491	0.14097	0.03138	0.01708	0.01175	0.00376	0.01205	0.01459	0.00858	0.01531
5	0.02790	0.14038	0.04752	0.15828	0.33428	0.03096	0.03186	0.03434	0.02527	0.03423	0.02050	0.02720	0.01715	0.01053	0.01073	0.00334	0.01387	0.00953	0.00548	0.01664
6	0.10934	0.30317	0.04096	0.02027	0.02766	0.13507	0.01773	0.03447	0.02686	0.03448	0.11581	0.03279	0.03361	0.01322	0.00928	0.00296	0.01231	0.00944	0.00701	0.01356
7	0.03089	0.03390	0.20458	0.02365	0.03377	0.02207	0.02485	0.11320	0.03205	0.12985	0.07869	0.03764	0.03046	0.01389	0.01095	0.00344	0.01169	0.01113	0.13709	0.01621

[dist]
# distance from previous block
# <min> <max>
0	1

[block]
# block no. 3 follows, 10 sequences, length 69
# corresponding to MSA columns:
# 375-443
name=unknown_D
#
# <colnr> <probs for GDERKNQSTAVLIFYWHMCP>
#	G	D	E	R	K	N	Q	S	T	A	V	L	I	F	Y	W	H	M	C	P
0	0.03109	0.59826	0.06095	0.01990	0.02985	0.04602	0.01990	0.03483	0.02363	0.02736	0.01617	0.01866	0.01493	0.00995	0.00746	0.00249	0.01244	0.00622	0.00498	0.01493
1	0.02253	0.02082	0.03419	0.28164	0.20135	0.02326	0.02859	0.02905	0.02394	0.03207	0.03204	0.04030	0.06730	0.02342	0.08544	0.00580	0.01620	0.01203	0.00605	0.01397
2	0.03776	0.02814	0.03330	0.03056	0.10017	0.02931	0.02184	0.26712	0.09212	0.09498	0.02939	0.03000	0.02157	0.01282	0.01115	0.00325	0.01164	0.01026	0.01028	0.12432
3	0.03834	0.01954	0.02704	0.02657	0.09436	0.01829	0.01836	0.04619	0.07793	0.30033	0.15154	0.04950	0.04690	0.01616	0.01216	0.00363	0.00934	0.01383	0.01258	0.01741
4	0.02046	0.01244	0.01626	0.01643	0.01937	0.01135	0.01229	0.02421	0.02765	0.10370	0.19192	0.27599	0.12451	0.02871	0.01410	0.00425	0.00713	0.06592	0.01184	0.01146
5	0.01417	0.01012	0.01350	0.01619	0.01687	0.00945	0.01080	0.01619	0.02227	0.02969	0.06410	0.58367	0.07692	0.03644	0.01484	0.00472	0.00675	0.03306	0.01080	0.00945
6	0.02462	0.14995	0.45256	0.03094	0.04692	0.03018	0.03912	0.03650	0.02440	0.03525	0.02009	0.02357	0.01477	0.01087	0.01045	0.00348	0.01640	0.00820	0.00492	0.01681
7	0.02196	0.02067	0.03488	0.56331	0.08010	0.02584	0.03230	0.02972	0.02326	0.02972	0.02067	0.03101	0.01550	0.01163	0.01163	0.00388	0.01550	0.01034	0.00517	0.01292
8	0.03748	0.01789	0.02183	0.01784	0.02421	0.01708	0.01435	0.10189	0.03356	0.25959	0.10069	0.04514	0.03819	0.01528	0.01089	0.00333	0.00841	0.01247	0.20387	0.01601
9	0.01417	0.01012	0.01350	0.01619	0.01687	0.00945	0.01080	0.01619	0.02227	0.02969	0.06410	0.58367	0.07692	0.03644	0.01484	0.00472	0.00675	0.03306	0.01080	0.00945
10	0.02616	0.02589	0.04680	0.23885	0.28254	0.02733	0.11462	0.03389	0.02553	0.03497	0.02176	0.03003	0.01726	0.01070	0.01196	0.00369	0.01546	0.01096	0.00557	0.01601
11	0.02196	0.02067	0.03488	0.56331	0.08010	0.02584	0.03230	0.02972	0.02326	0.02972	0.02067	0.03101	0.01550	0.01163	0.01163	0.00388	0.01550	0.01034	0.00517	0.01292
12	0.01902	0.01374	0.01718	0.01792	0.02023	0.01367	0.01309	0.08164	0.02851	0.03833	0.11619	0.40291	0.07233	0.03133	0.01437	0.00447	0.00778	0.06494	0.01116	0.01118
13	0.02333	0.06016	0.53100	0.03315	0.05034	0.02701	0.04297	0.03683	0.02455	0.03683	0.02087	0.02455	0.01473	0.01105	0.01105	0.00368	0.01719	0.00859	0.00491	0.01719
14	0.01981	0.01036	0.01553	0.01553	0.01576	0.01058	0.01058	0.01576	0.01553	0.02094	0.02139	0.03647	0.02116	0.04547	0.09957	0.59199	0.01238	0.01036	0.00518	0.00563
15	0.02582	0.23265	0.38032	0.02890	0.04377	0.03310	0.03558	0.03619	0.02426	0.03380	0.01936	0.02266	0.01479	0.01070	0.00990	0.00330	0.01567	0.00783	0.00493	0.01646
16	0.02972	0.02283	0.03513	0.36658	0.11501	0.02613	0.02927	0.09162	0.02901	0.10478	0.02521	0.03156	0.01820	0.01217	0.01163	0.00374	0.01420	0.01054	0.00733	0.01534
17	0.02866	0.02109	0.02611	0.02242	0.02680	0.02412	0.01797	0.08137	0.13474	0.10656	0.18271	0.05065	0.05141	0.01902	0.01872	0.00404	0.14330	0.01445	0.01082	0.01503
18	0.02684	0.02797	0.05455	0.15756	0.22425	0.02809	0.23577	0.03523	0.02629	0.03604	0.02239	0.03040	0.01750	0.01036	0.01254	0.00375	0.01678	0.01189	0.00570	0.01610
19	0.02743	0.10719	0.35184	0.03014	0.04373	0.09527	0.03471	0.04131	0.09084	0.03647	0.02370	0.02612	0.01765	0.01171	0.01074	0.00351	0.01611	0.00885	0.00601	0.01666
20	0.03496	0.02474	0.04024	0.10080	0.33754	0.02442	0.02999	0.04124	0.02817	0.17902	0.02873	0.03212	0.02117	0.01165	0.01158	0.00353	0.01283	0.01075	0.00821	0.01833
21	0.03548	0.04389	0.25618	0.03057	0.04309	0.09563	0.07908	0.04435	0.02873	0.18738	0.02850	0.02945	0.01943	0.01208	0.01146	0.00359	0.01572	0.00996	0.00810	0.01732
22	0.03605	0.08612	0.04211	0.11397	0.19110	0.02591	0.07043	0.04219	0.02818	0.20465	0.02956	0.03198	0.02115	0.01183	0.01137	0.00350	0.01311	0.01070	0.00859	0.01749
23	0.03075	0.02777	0.05039	0.06106	0.36092	0.02703	0.13985	0.03812	0.02738	0.08550	0.02462	0.03046	0.01925	0.01062	0.01206	0.00358	0.01483	0.01130	0.00663	0.01790
24	0.03361	0.32648	0.14630	0.02510	0.03642	0.03496	0.06227	0.03992	0.02612	0.13284	0.02382	0.02519	0.01797	0.01107	0.00956	0.00307	0.01345	0.00844	0.00698	0.01643
25	0.03899	0.02391	0.07205	0.03233	0.14354	0.01938	0.02247	0.04460	0.03003	0.30317	0.04811	0.04579	0.09215	0.01525	0.01188	0.00362	0.01087	0.01290	0.01109	0.01788
26	0.04068	0.13566	0.16713	0.02386	0.03521	0.02499	0.02448	0.04743	0.02921	0.30577	0.03383	0.03179	0.02253	0.01270	0.01075	0.00342	0.01230	0.00988	0.01016	0.01822
27	0.03140	0.40475	0.17314	0.02325	0.03488	0.03829	0.02529	0.03762	0.02488	0.08233	0.02046	0.02232	0.01634	0.01069	0.00879	0.00290	0.01334	0.00738	0.00595	0.01600
28	0.02807	0.04323	0.29746	0.09443	0.11661	0.02597	0.08448	0.03851	0.02611	0.09890	0.02447	0.02848	0.01744	0.01131	0.01155	0.00369	0.01588	0.00997	0.00637	0.01708
29	0.03111	0.02783	0.14305	0.02838	0.09804	0.01872	0.02347	0.03751	0.02799	0.20124	0.05308	0.09530	0.12801	0.01801	0.01221	0.00376	0.01105	0.01523	0.00995	0.01607
30	0.02314	0.05471	0.46253	0.10632	0.05445	0.02685	0.04150	0.03585	0.02438	0.03585	0.02084	0.02545	0.01484	0.01113	0.01113	0.00371	0.01696	0.00883	0.00495	0.01660
31	0.02882	0.02520	0.09557	0.25683	0.10058	0.02258	0.02887	0.03619	0.02637	0.13835	0.03185	0.04563	0.02563	0.01485	0.01217	0.00396	0.01369	0.06977	0.00793	0.01517
32	0.02333	0.06016	0.53100	0.03315	0.05034	0.02701	0.04297	0.03683	0.02455	0.03683	0.02087	0.02455	0.01473	0.01105	0.01105	0.00368	0.01719	0.00859	0.00491	0.01719
33	0.02196	0.02067	0.03488	0.56331	0.08010	0.02584	0.03230	0.02972	0.02326	0.02972	0.02067	0.03101	0.01550	0.01163	0.01163	0.00388	0.01550	0.01034	0.00517	0.01292
34	0.02577	0.03809	0.24854	0.03173	0.04361	0.02298	0.13764	0.03526	0.02666	0.08910	0.04061	0.04947	0.08589	0.01554	0.01260	0.00393	0.01490	0.05467	0.00749	0.01553
35	0.04902	0.02127	0.03231	0.02431	0.03366	0.01867	0.07580	0.05420	0.03254	0.46421	0.04303	0.03854	0.02737	0.01381	0.01196	0.00364	0.01114	0.01196	0.01331	0.01927
36	0.01797	0.01288	0.01766	0.01912	0.02182	0.01257	0.01611	0.02337	0.02886	0.03881	0.21435	0.11618	0.08143	0.02930	0.01527	0.00478	0.00894	0.29836	0.01142	0.01080
37	0.03362	0.02987	0.11430	0.03515	0.04585	0.02358	0.22620	0.04182	0.02879	0.18847	0.03409	0.04350	0.02589	0.01375	0.01297	0.00394	0.01533	0.05736	0.00889	0.01664
38	0.04278	0.01896	0.02478	0.02032	0.02747	0.01737	0.01620	0.09217	0.03306	0.36696	0.04810	0.16096	0.03869	0.01932	0.01240	0.00384	0.00949	0.01638	0.01329	0.01746
39	0.01433	0.01180	0.01259	0.01239	0.01607	0.01007	0.00929	0.01781	0.02788	0.03467	0.20218	0.10658	0.42761	0.02824	0.01374	0.00387	0.00580	0.02380	0.01123	0.01007
40	0.03109	0.59826	0.06095	0.01990	0.02985	0.04602	0.01990	0.03483	0.02363	0.02736	0.01617	0.01866	0.01493	0.00995	0.00746	0.00249	0.01244	0.00622	0.00498	0.01493
41	0.02020	0.01010	0.01515	0.01515	0.01515	0.01010	0.01010	0.01515	0.01515	0.02020	0.02020	0.03535	0.02020	0.04040	0.04545	0.66162	0.01010	0.01010	0.00505	0.00505
42	0.02545	0.02545	0.03562	0.03053	0.03053	0.03562	0.02545	0.02799	0.01781	0.02799	0.01527	0.02545	0.01527	0.02036	0.03817	0.00509	0.56997	0.01018	0.00509	0.01272
43	0.03043	0.36385	0.19924	0.02477	0.03682	0.03902	0.02713	0.09231	0.02788	0.03609	0.01909	0.02162	0.01549	0.01079	0.00908	0.00298	0.01392	0.00748	0.00581	0.01623
44	0.01691	0.01128	0.01268	0.01268	0.01268	0.01128	0.00705	0.01691	0.01691	0.02255	0.03665	0.07611	0.04228	0.59126	0.05920	0.01128	0.01128	0.01691	0.00705	0.00705
45	0.01646	0.01189	0.01555	0.01463	0.01738	0.01097	0.01097	0.02195	0.03292	0.04664	0.51257	0.08688	0.10974	0.02378	0.01372	0.00366	0.00549	0.02103	0.01280	0.01097
46	0.01619	0.01188	0.01518	0.01435	0.01721	0.01086	0.01076	0.02143	0.03229	0.04514	0.47376	0.08934	0.14949	0.02434	0.01372	0.00368	0.00553	0.02138	0.01261	0.01086
47	0.01646	0.01189	0.01555	0.01463	0.01738	0.01097	0.01097	0.02195	0.03292	0.04664	0.51257	0.08688	0.10974	0.02378	0.01372	0.00366	0.00549	0.02103	0.01280	0.01097
48	0.02333	0.06016	0.53100	0.03315	0.05034	0.02701	0.04297	0.03683	0.02455	0.03683	0.02087	0.02455	0.01473	0.01105	0.01105	0.00368	0.01719	0.00859	0.00491	0.01719
49	0.02893	0.02498	0.02630	0.02367	0.03024	0.02893	0.01841	0.06180	0.49770	0.04865	0.04734	0.04339	0.03550	0.01578	0.01183	0.00394	0.00920	0.01315	0.01183	0.01841
50	0.01380	0.01157	0.01200	0.01235	0.01586	0.00977	0.00909	0.01663	0.02597	0.03120	0.11096	0.17221	0.45814	0.03035	0.01389	0.00403	0.00600	0.02563	0.01080	0.00977
51	0.03029	0.35354	0.14898	0.02407	0.03463	0.08428	0.02461	0.04034	0.09612	0.03260	0.02199	0.02379	0.01799	0.01124	0.00912	0.00300	0.01368	0.00786	0.00609	0.01578
52	0.01691	0.01128	0.01268	0.01268	0.01268	0.01128	0.00705	0.01691	0.01691	0.02255	0.03665	0.07611	0.04228	0.59126	0.05920	0.01128	0.01128	0.01691	0.00705	0.00705
53	0.02363	0.20422	0.13635	0.02138	0.02901	0.02752	0.02100	0.03138	0.06405	0.03026	0.02687	0.03835	0.02475	0.13332	0.13294	0.00793	0.01691	0.01061	0.00622	0.01329
54	0.03211	0.44779	0.13399	0.02215	0.03318	0.03978	0.02336	0.03752	0.02483	0.08299	0.02015	0.02189	0.01640	0.01061	0.00851	0.00280	0.01294	0.00720	0.00598	0.01582
55	0.12052	0.31173	0.16686	0.02264	0.03388	0.03487	0.02424	0.03803	0.02456	0.09695	0.02113	0.02282	0.01633	0.01091	0.00885	0.00308	0.01281	0.00752	0.00647	0.01579
56	0.02333	0.06016	0.53100	0.03315	0.05034	0.02701	0.04297	0.03683	0.02455	0.03683	0.02087	0.02455	0.01473	0.01105	0.01105	0.00368	0.01719	0.00859	0.00491	0.01719
57	0.02931	0.53627	0.05594	0.01951	0.02848	0.04217	0.01894	0.03286	0.02349	0.02761	0.02122	0.07821	0.02146	0.01274	0.00824	0.00272	0.01184	0.00905	0.00559	0.01435
58	0.02858	0.09709	0.24101	0.09450	0.04360	0.02467	0.02937	0.03705	0.02566	0.12356	0.02822	0.07061	0.02243	0.01336	0.01094	0.00347	0.01357	0.01087	0.00731	0.07413
59	0.02585	0.17656	0.35542	0.02886	0.04295	0.03156	0.03438	0.03983	0.08965	0.03633	0.02346	0.02583	0.01764	0.01145	0.01035	0.00345	0.01502	0.00869	0.00588	0.01685
60	0.01417	0.01012	0.01350	0.01619	0.01687	0.00945	0.01080	0.01619	0.02227	0.02969	0.06410	0.58367	0.07692	0.03644	0.01484	0.00472	0.00675	0.03306	0.01080	0.00945
61	0.02412	0.02067	0.02412	0.01723	0.02756	0.01550	0.01378	0.02929	0.02412	0.03790	0.02067	0.02412	0.01723	0.00861	0.00861	0.00172	0.00861	0.00689	0.00689	0.66236
62	0.02571	0.02887	0.14681	0.02221	0.03269	0.01808	0.02211	0.03287	0.02561	0.08515	0.03063	0.04521	0.02679	0.01405	0.01086	0.00304	0.01121	0.08658	0.00784	0.32369
63	0.02412	0.02067	0.02412	0.01723	0.02756	0.01550	0.01378	0.02929	0.02412	0.03790	0.02067	0.02412	0.01723	0.00861	0.00861	0.00172	0.00861	0.00689	0.00689	0.66236
64	0.01567	0.01147	0.01505	0.01737	0.01918	0.01084	0.01324	0.01896	0.02439	0.03168	0.07065	0.36405	0.13383	0.03400	0.01511	0.00483	0.00798	0.17100	0.01077	0.00993
65	0.03202	0.02552	0.03241	0.02606	0.03435	0.02675	0.07658	0.09895	0.27860	0.09540	0.03837	0.03715	0.02834	0.01369	0.01160	0.00355	0.01091	0.01193	0.01062	0.10722
66	0.01670	0.01323	0.02061	0.02015	0.02272	0.01246	0.06236	0.02073	0.02561	0.03465	0.15038	0.36059	0.07579	0.03039	0.01466	0.00451	0.00843	0.08475	0.01066	0.01061
67	0.02678	0.02695	0.03631	0.34229	0.15896	0.09280	0.03038	0.03620	0.07143	0.03309	0.02317	0.03048	0.01798	0.01182	0.01148	0.00368	0.01524	0.01025	0.00604	0.01465
68	0.02827	0.40274	0.23174	0.02471	0.03729	0.03911	0.02828	0.03555	0.02397	0.03080	0.01788	0.02080	0.01486	0.01035	0.00877	0.00292	0.01416	0.00708	0.00495	0.01575

[dist]
# distance from previous block
# <min> <max>
9	179

[block]
# block no. 4 follows, 10 sequences, length 30
# corresponding to MSA columns:
# 634-663
name=unknown_E
#
# <colnr> <probs for GDERKNQSTAVLIFYWHMCP>
#	G	D	E	R	K	N	Q	S	T	A	V	L	I	F	Y	W	H	M	C	P
0	0.22538	0.24593	0.20116	0.02282	0.03429	0.03370	0.02520	0.03529	0.02276	0.03806	0.01771	0.02066	0.01415	0.01057	0.00855	0.00322	0.01294	0.00702	0.00564	0.01495
1	0.03732	0.02940	0.03294	0.02972	0.07803	0.03274	0.02202	0.28941	0.21101	0.06124	0.03433	0.03355	0.02529	0.01429	0.01170	0.00365	0.01160	0.01142	0.01117	0.01916
2	0.03358	0.02981	0.02752	0.02449	0.03119	0.11762	0.01900	0.05866	0.37440	0.08877	0.04209	0.03914	0.03132	0.01499	0.01159	0.00375	0.01132	0.01203	0.01105	0.01768
3	0.02552	0.02404	0.04199	0.05465	0.32582	0.02372	0.08879	0.03209	0.02628	0.03658	0.03289	0.09768	0.03214	0.01647	0.01291	0.00396	0.01339	0.08808	0.00710	0.01589
4	0.04596	0.01842	0.02500	0.01964	0.02755	0.01603	0.01603	0.05063	0.03322	0.44318	0.12713	0.04782	0.04288	0.01603	0.01205	0.00361	0.00913	0.01332	0.01412	0.01826
5	0.03725	0.13298	0.03798	0.02849	0.06683	0.12451	0.02188	0.20077	0.14454	0.04942	0.02815	0.02868	0.02159	0.01308	0.01074	0.00333	0.01342	0.00981	0.00913	0.01743
6	0.03035	0.52246	0.05759	0.02131	0.02994	0.04464	0.02063	0.03392	0.02286	0.02745	0.01605	0.01956	0.01497	0.01133	0.01153	0.00283	0.08622	0.00674	0.00499	0.01463
7	0.02794	0.37973	0.25184	0.02528	0.03817	0.03830	0.02927	0.03564	0.02401	0.03121	0.01808	0.02105	0.01485	0.01040	0.00892	0.00297	0.01437	0.00718	0.00495	0.01584
8	0.02507	0.12636	0.38830	0.03416	0.04945	0.02994	0.11539	0.03664	0.02494	0.03565	0.02071	0.02496	0.01527	0.01069	0.01104	0.00357	0.01698	0.00917	0.00509	0.01663
9	0.01513	0.01173	0.01310	0.01281	0.01569	0.01043	0.00918	0.01834	0.02681	0.03455	0.22496	0.09800	0.30769	0.12552	0.02165	0.00512	0.00670	0.02214	0.01076	0.00969
10	0.10575	0.02317	0.02678	0.02179	0.02993	0.02383	0.01766	0.10806	0.17240	0.28215	0.04117	0.03723	0.02807	0.01440	0.01128	0.00369	0.00996	0.01144	0.01258	0.01867
11	0.02837	0.02252	0.03448	0.31150	0.14107	0.02553	0.02845	0.03994	0.10811	0.10025	0.02888	0.03392	0.02127	0.01250	0.01165	0.00378	0.01337	0.01101	0.00766	0.01575
12	0.04345	0.05543	0.03296	0.02996	0.03596	0.54457	0.02247	0.04644	0.03296	0.02846	0.01798	0.02097	0.01498	0.01199	0.01049	0.00300	0.02097	0.00749	0.00599	0.01348
13	0.01455	0.01094	0.01349	0.01469	0.01667	0.00988	0.01032	0.01757	0.02570	0.03382	0.17548	0.35120	0.19970	0.03185	0.01431	0.00428	0.00625	0.02820	0.01123	0.00988
14	0.01558	0.01119	0.01488	0.01606	0.01780	0.01048	0.01166	0.01939	0.02719	0.03731	0.25212	0.33036	0.08971	0.03070	0.01449	0.00434	0.00661	0.06831	0.01163	0.01021
15	0.36603	0.02701	0.02258	0.02030	0.02692	0.09422	0.01663	0.11165	0.02883	0.04968	0.02641	0.04038	0.02366	0.01523	0.00996	0.00381	0.01154	0.08309	0.00842	0.01363
16	0.01417	0.01012	0.01350	0.01619	0.01687	0.00945	0.01080	0.01619	0.02227	0.02969	0.06410	0.58367	0.07692	0.03644	0.01484	0.00472	0.00675	0.03306	0.01080	0.00945
17	0.04932	0.02043	0.02691	0.02106	0.02976	0.01855	0.01726	0.05731	0.09044	0.46793	0.04606	0.04005	0.02962	0.01457	0.01171	0.00364	0.00981	0.01187	0.01408	0.01962
18	0.02500	0.02311	0.03638	0.27152	0.21773	0.02589	0.02977	0.03627	0.09978	0.03672	0.05993	0.03613	0.02629	0.01271	0.01177	0.00373	0.01323	0.01154	0.00696	0.01553
19	0.03929	0.03155	0.03071	0.02545	0.03329	0.09887	0.02030	0.22738	0.21214	0.10318	0.03550	0.03383	0.02580	0.01441	0.01156	0.00360	0.01228	0.01118	0.01123	0.01844
20	0.02100	0.01937	0.03225	0.49598	0.07232	0.02382	0.02965	0.02805	0.02313	0.02971	0.02602	0.09902	0.02306	0.01468	0.01202	0.00398	0.01443	0.01313	0.00586	0.01249
21	0.02412	0.02067	0.02412	0.01723	0.02756	0.01550	0.01378	0.02929	0.02412	0.03790	0.02067	0.02412	0.01723	0.00861	0.00861	0.00172	0.00861	0.00689	0.00689	0.66236
22	0.03040	0.52777	0.05783	0.02121	0.02993	0.04474	0.02058	0.03398	0.02292	0.02744	0.01606	0.01949	0.01497	0.01123	0.01124	0.00281	0.08105	0.00671	0.00499	0.01465
23	0.01426	0.01180	0.01250	0.01232	0.01603	0.01004	0.00924	0.01769	0.02772	0.03430	0.19261	0.10718	0.43740	0.02838	0.01374	0.00388	0.00581	0.02388	0.01118	0.01004
24	0.01691	0.01128	0.01268	0.01268	0.01268	0.01128	0.00705	0.01691	0.01691	0.02255	0.03665	0.07611	0.04228	0.59126	0.05920	0.01128	0.01128	0.01691	0.00705	0.00705
25	0.56526	0.02202	0.01882	0.01623	0.02375	0.02452	0.01338	0.03810	0.02214	0.13480	0.02136	0.02250	0.01541	0.01142	0.00798	0.00360	0.00915	0.00724	0.00845	0.01385
26	0.03966	0.03031	0.03234	0.02584	0.03433	0.03394	0.02100	0.35536	0.18666	0.06596	0.03371	0.03253	0.02446	0.01450	0.01169	0.00363	0.01173	0.01127	0.01169	0.01937
27	0.14113	0.02455	0.02470	0.02221	0.02889	0.02843	0.01740	0.05699	0.41450	0.04927	0.04192	0.03913	0.03151	0.01491	0.01103	0.00388	0.00917	0.01196	0.01103	0.01740
28	0.03317	0.21682	0.19214	0.02856	0.04003	0.12197	0.07201	0.04037	0.02710	0.09280	0.02226	0.02464	0.01685	0.01116	0.01019	0.00321	0.01573	0.00856	0.00638	0.01602
29	0.02571	0.22505	0.38696	0.02909	0.04406	0.03284	0.03590	0.03622	0.02427	0.03393	0.01943	0.02275	0.01479	0.01071	0.00995	0.00332	0.01573	0.00787	0.00493	0.01649

[dist]
# distance from previous block
# <min> <max>
0	1

[block]
# block no. 5 follows, 10 sequences, length 19
# corresponding to MSA columns:
# 665-683
name=unknown_F
#
# <colnr> <probs for GDERKNQSTAVLIFYWHMCP>
#	G	D	E	R	K	N	Q	S	T	A	V	L	I	F	Y	W	H	M	C	P
0	0.02458	0.14681	0.45530	0.03102	0.04704	0.03007	0.03926	0.03651	0.02441	0.03531	0.02011	0.02361	0.01476	0.01087	0.01047	0.00349	0.01642	0.00821	0.00492	0.01682
1	0.01603	0.01155	0.01516	0.01493	0.01728	0.01068	0.01094	0.02086	0.03090	0.04343	0.42766	0.18094	0.10353	0.02617	0.01393	0.00386	0.00573	0.02331	0.01242	0.01068
2	0.03941	0.03154	0.04037	0.03064	0.04013	0.03405	0.10774	0.35151	0.09678	0.06385	0.02916	0.03023	0.02105	0.01337	0.01205	0.00362	0.01370	0.01137	0.01057	0.01886
3	0.03647	0.03303	0.03906	0.03508	0.09260	0.13726	0.10814	0.09396	0.14772	0.10875	0.03152	0.03259	0.02330	0.01286	0.01183	0.00359	0.01466	0.01127	0.00912	0.01718
4	0.03918	0.01679	0.02234	0.01850	0.02517	0.01464	0.01472	0.04328	0.03104	0.35606	0.10566	0.12634	0.09468	0.01997	0.01255	0.00379	0.00858	0.01695	0.01336	0.01640
5	0.01527	0.01157	0.01408	0.01402	0.01679	0.01038	0.01030	0.01943	0.02927	0.03931	0.32106	0.17445	0.22662	0.02753	0.01391	0.00391	0.00581	0.02403	0.01187	0.01038
6	0.12042	0.03714	0.08611	0.13680	0.13569	0.16920	0.02760	0.08480	0.02954	0.03940	0.02035	0.02519	0.01589	0.01156	0.01063	0.00346	0.01568	0.00885	0.00644	0.01525
7	0.03475	0.13622	0.22035	0.03203	0.10393	0.02719	0.02960	0.04275	0.02748	0.19379	0.02828	0.02897	0.01982	0.01185	0.01070	0.00342	0.01354	0.00943	0.00810	0.01781
8	0.03293	0.04054	0.19455	0.03530	0.04772	0.03136	0.16349	0.21468	0.03750	0.05158	0.02449	0.02793	0.01762	0.01185	0.01208	0.00368	0.01615	0.01087	0.00790	0.01778
9	0.01511	0.01222	0.01368	0.01442	0.01800	0.01079	0.01154	0.01872	0.02658	0.03234	0.10245	0.11719	0.39181	0.03019	0.01438	0.00432	0.00721	0.13821	0.01078	0.01006
10	0.02602	0.08823	0.08746	0.10596	0.26206	0.02752	0.09156	0.03308	0.02533	0.03486	0.02603	0.09024	0.02389	0.01336	0.01174	0.00362	0.01413	0.01278	0.00612	0.01598
11	0.03191	0.20279	0.16561	0.03786	0.16894	0.03249	0.02971	0.07556	0.02828	0.08900	0.02299	0.02584	0.01770	0.01114	0.01024	0.00324	0.01373	0.00887	0.00673	0.01735
12	0.02968	0.02831	0.04698	0.05710	0.32726	0.03004	0.09269	0.08108	0.02816	0.03997	0.02167	0.02851	0.01795	0.01227	0.01612	0.00378	0.10406	0.01080	0.00628	0.01727
13	0.02309	0.02099	0.03329	0.17172	0.18391	0.02384	0.02733	0.02869	0.02389	0.03284	0.03253	0.10738	0.03261	0.01919	0.01705	0.00432	0.10246	0.09417	0.00698	0.01372
14	0.02965	0.02265	0.03491	0.03500	0.12560	0.02242	0.09477	0.08585	0.06315	0.10777	0.04689	0.06355	0.08384	0.01854	0.01320	0.00407	0.01225	0.11055	0.00968	0.01567
15	0.03335	0.02518	0.03509	0.10025	0.04147	0.02640	0.09369	0.21146	0.03785	0.10087	0.04127	0.08664	0.08012	0.01666	0.01249	0.00378	0.01267	0.01460	0.00995	0.01619
16	0.34194	0.02764	0.09638	0.02370	0.03272	0.02415	0.09177	0.03628	0.02457	0.10038	0.07357	0.03115	0.02574	0.01244	0.00996	0.00367	0.01155	0.00996	0.00807	0.01436
17	0.10006	0.02360	0.03384	0.03012	0.08773	0.02316	0.09217	0.07818	0.08052	0.14468	0.08879	0.03839	0.03265	0.01346	0.01146	0.00347	0.01131	0.01198	0.00981	0.08462
18	0.28006	0.08395	0.03560	0.02845	0.08342	0.02663	0.09161	0.04050	0.02549	0.16364	0.02535	0.02706	0.01829	0.01140	0.00985	0.00352	0.01180	0.00926	0.00839	0.01574

[dist]
# distance from previous block
# <min> <max>
17	232

[block]
# block no. 6 follows, 10 sequences, length 55
# corresponding to MSA columns:
# 933-987
name=unknown_G
#
# <colnr> <probs for GDERKNQSTAVLIFYWHMCP>
#	G	D	E	R	K	N	Q	S	T	A	V	L	I	F	Y	W	H	M	C	P
0	0.02788	0.24213	0.17818	0.03188	0.04382	0.03474	0.15479	0.03883	0.07441	0.03478	0.02269	0.02633	0.01779	0.01079	0.01060	0.00335	0.01533	0.00967	0.00593	0.01608
1	0.02985	0.18217	0.03397	0.01927	0.02735	0.02540	0.01626	0.08192	0.02816	0.09755	0.03173	0.13324	0.02985	0.01568	0.01021	0.00295	0.00995	0.01276	0.00856	0.20318
2	0.02333	0.06016	0.53100	0.03315	0.05034	0.02701	0.04297	0.03683	0.02455	0.03683	0.02087	0.02455	0.01473	0.01105	0.01105	0.00368	0.01719	0.00859	0.00491	0.01719
3	0.02716	0.14044	0.39563	0.03029	0.04536	0.03110	0.03676	0.09209	0.02819	0.03993	0.02102	0.02406	0.01540	0.01124	0.01056	0.00347	0.01590	0.00846	0.00576	0.01716
4	0.02828	0.18573	0.34316	0.02954	0.04329	0.11202	0.03437	0.03786	0.02565	0.03331	0.01932	0.02261	0.01482	0.01094	0.01012	0.00330	0.01666	0.00786	0.00509	0.01608
5	0.01743	0.01109	0.01307	0.01307	0.01307	0.01109	0.00752	0.01664	0.01664	0.02219	0.03409	0.06977	0.03885	0.50554	0.05706	0.11248	0.01109	0.01585	0.00674	0.00674
6	0.01814	0.01113	0.01490	0.01666	0.01821	0.01024	0.01145	0.02042	0.02342	0.08156	0.06220	0.52690	0.07190	0.03414	0.01452	0.00461	0.00708	0.03083	0.01117	0.01053
7	0.04043	0.22810	0.10283	0.02257	0.03295	0.03028	0.02181	0.08756	0.03089	0.24700	0.03063	0.02926	0.02131	0.01238	0.01013	0.00321	0.01198	0.00928	0.00965	0.01777
8	0.04406	0.02072	0.03048	0.13075	0.08683	0.01981	0.02184	0.04942	0.03068	0.38310	0.03867	0.03688	0.02521	0.01347	0.01167	0.00364	0.01136	0.01130	0.01177	0.01833
9	0.03222	0.03691	0.02816	0.02563	0.02893	0.29136	0.01929	0.03466	0.02554	0.02708	0.02235	0.03492	0.02169	0.13315	0.07708	0.00653	0.12636	0.01032	0.00605	0.01179
