[name]
unknown

[dist]
# distance from previous block
# <min> <max>
0	371

[block]
# block no. 0 follows, 12 sequences, length 54
# corresponding to MSA columns:
# 376-429
name=unknown_A
#
# <colnr> <probs for GDERKNQSTAVLIFYWHMCP>
#	G	D	E	R	K	N	Q	S	T	A	V	L	I	F	Y	W	H	M	C	P
0	0.01388	0.01017	0.01317	0.01534	0.01669	0.00947	0.01099	0.01637	0.02208	0.02879	0.06687	0.46421	0.13758	0.03262	0.01394	0.00441	0.00678	0.09742	0.01011	0.00909
1	0.03161	0.03177	0.05304	0.03911	0.04884	0.12012	0.35506	0.03899	0.02740	0.10736	0.02413	0.02882	0.01759	0.01015	0.01207	0.00348	0.01731	0.01159	0.00666	0.01489
2	0.02059	0.01938	0.03270	0.59060	0.07510	0.02422	0.03028	0.02786	0.02180	0.02786	0.01938	0.02907	0.01453	0.01090	0.01090	0.00363	0.01453	0.00969	0.00484	0.01211
3	0.01328	0.00949	0.01265	0.01518	0.01581	0.00886	0.01012	0.01518	0.02088	0.02783	0.06010	0.60969	0.07212	0.03416	0.01392	0.00443	0.00633	0.03100	0.01012	0.00886
4	0.02120	0.01895	0.03014	0.09626	0.27422	0.01898	0.02309	0.02698	0.02659	0.03708	0.20624	0.05244	0.09135	0.01565	0.01169	0.00338	0.00981	0.01426	0.00800	0.01368
5	0.01439	0.01028	0.01392	0.01645	0.01757	0.00981	0.01205	0.01710	0.02197	0.02907	0.05949	0.48395	0.06970	0.03312	0.01421	0.00458	0.00729	0.14581	0.01010	0.00916
6	0.02903	0.02656	0.04262	0.06100	0.47585	0.02703	0.03166	0.10130	0.02857	0.04031	0.02131	0.02687	0.01745	0.01019	0.01081	0.00324	0.01282	0.00973	0.00618	0.01745
7	0.11777	0.01993	0.02243	0.01676	0.02536	0.01726	0.01352	0.02802	0.02162	0.03678	0.01843	0.02200	0.01541	0.00913	0.00982	0.00208	0.04916	0.00660	0.00638	0.54152
8	0.25609	0.02722	0.03240	0.02534	0.03345	0.09732	0.12775	0.07471	0.02721	0.16238	0.02426	0.02578	0.01722	0.01106	0.00984	0.00336	0.01266	0.00910	0.00820	0.01465
9	0.02699	0.02591	0.04426	0.06693	0.54879	0.02591	0.03346	0.03346	0.02483	0.03562	0.02051	0.02699	0.01727	0.00972	0.01079	0.00324	0.01295	0.00972	0.00540	0.01727
10	0.01329	0.01106	0.01161	0.01147	0.01498	0.00938	0.00860	0.01643	0.02581	0.03173	0.17937	0.10119	0.47404	0.02677	0.01288	0.00364	0.00546	0.02249	0.01042	0.00938
11	0.03572	0.02283	0.03554	0.09357	0.19185	0.02305	0.05792	0.07570	0.02852	0.24045	0.02934	0.03107	0.02066	0.01213	0.01263	0.00346	0.04944	0.01042	0.00889	0.01683
12	0.02708	0.03053	0.05182	0.03878	0.04778	0.10340	0.35402	0.03698	0.07634	0.03430	0.02636	0.07211	0.02197	0.01189	0.01234	0.00361	0.01670	0.01333	0.00643	0.01424
13	0.01328	0.00949	0.01265	0.01518	0.01581	0.00886	0.01012	0.01518	0.02088	0.02783	0.06010	0.60969	0.07212	0.03416	0.01392	0.00443	0.00633	0.03100	0.01012	0.00886
14	0.04452	0.01951	0.02528	0.01964	0.02753	0.01797	0.01612	0.11494	0.03401	0.43612	0.09053	0.03999	0.03337	0.01432	0.01115	0.00336	0.00925	0.01168	0.01298	0.01773
15	0.02810	0.29462	0.20309	0.02742	0.03898	0.03268	0.11575	0.03540	0.02386	0.07605	0.02015	0.02303	0.01554	0.00997	0.00941	0.00300	0.01400	0.00823	0.00557	0.01514
16	0.69383	0.02109	0.01603	0.01434	0.02109	0.02446	0.01181	0.03205	0.01856	0.04892	0.01518	0.01771	0.01181	0.01012	0.00675	0.00337	0.00843	0.00590	0.00675	0.01181
17	0.02490	0.01332	0.01601	0.01440	0.01923	0.01142	0.01111	0.02803	0.02640	0.20413	0.08094	0.15391	0.30573	0.02385	0.01239	0.00369	0.00688	0.02014	0.01124	0.01226
18	0.02059	0.01938	0.03270	0.59060	0.07510	0.02422	0.03028	0.02786	0.02180	0.02786	0.01938	0.02907	0.01453	0.01090	0.01090	0.00363	0.01453	0.00969	0.00484	0.01211
19	0.04492	0.02043	0.03204	0.02398	0.03287	0.01802	0.10118	0.04999	0.03026	0.46631	0.03940	0.03578	0.02519	0.01275	0.01129	0.00343	0.01085	0.01129	0.01212	0.01789
20	0.01294	0.01083	0.01127	0.01163	0.01488	0.00916	0.00854	0.01558	0.02429	0.02923	0.10332	0.17643	0.47748	0.02854	0.01303	0.00379	0.00564	0.02414	0.01012	0.00916
21	0.04786	0.02025	0.02635	0.02021	0.02868	0.01855	0.01669	0.11819	0.03405	0.48728	0.04063	0.03556	0.02579	0.01344	0.01096	0.00336	0.00966	0.01080	0.01313	0.01855
22	0.03661	0.13432	0.03390	0.07500	0.10120	0.06450	0.02002	0.04098	0.02707	0.26326	0.03207	0.07247	0.02456	0.01335	0.01033	0.00322	0.01123	0.01092	0.00918	0.01582
23	0.02154	0.02374	0.08468	0.03243	0.03986	0.02027	0.23618	0.02905	0.02520	0.03381	0.03874	0.07318	0.03819	0.01920	0.01369	0.00429	0.01424	0.23151	0.00758	0.01262
24	0.02322	0.16156	0.46698	0.02877	0.04363	0.02863	0.03627	0.03418	0.02286	0.03288	0.01875	0.02199	0.01385	0.01017	0.00974	0.00325	0.01529	0.00764	0.00462	0.01572
25	0.02187	0.05640	0.56031	0.03108	0.04719	0.02532	0.04029	0.03453	0.02302	0.03453	0.01957	0.02302	0.01381	0.01036	0.01036	0.00345	0.01611	0.00806	0.00460	0.01611
26	0.02261	0.01938	0.02261	0.01615	0.02584	0.01453	0.01292	0.02745	0.02261	0.03553	0.01938	0.02261	0.01615	0.00807	0.00807	0.00161	0.00807	0.00646	0.00646	0.68346
27	0.01360	0.01044	0.01247	0.01331	0.01551	0.00930	0.00947	0.01653	0.02455	0.03191	0.18429	0.30450	0.25667	0.02911	0.01330	0.00393	0.00577	0.02553	0.01053	0.00930
28	0.51072	0.01992	0.01899	0.12117	0.03069	0.02320	0.01510	0.03029	0.02021	0.04457	0.06128	0.02529	0.02013	0.01131	0.00804	0.00343	0.00928	0.00779	0.00685	0.01173
29	0.02309	0.02193	0.03722	0.38599	0.26018	0.02488	0.03152	0.03005	0.02298	0.03089	0.01982	0.02826	0.01560	0.01044	0.01086	0.00348	0.01392	0.00970	0.00506	0.01413
30	0.01734	0.01416	0.02027	0.01815	0.02239	0.01239	0.05467	0.02140	0.02386	0.03360	0.13623	0.28486	0.05865	0.02313	0.01227	0.00353	0.00783	0.05104	0.00917	0.17509
31	0.01483	0.01171	0.01808	0.01805	0.01999	0.01093	0.05995	0.01792	0.02278	0.03079	0.12470	0.47696	0.07093	0.02999	0.01366	0.00421	0.00736	0.02759	0.00993	0.00964
32	0.03362	0.03180	0.10782	0.10448	0.08408	0.03018	0.02558	0.30638	0.07649	0.05395	0.02521	0.02726	0.01832	0.01225	0.01083	0.00337	0.01275	0.00973	0.00876	0.01714
33	0.02763	0.02416	0.04102	0.22409	0.24538	0.02553	0.09745	0.07362	0.02669	0.07501	0.02254	0.02869	0.01713	0.01059	0.01114	0.00344	0.01387	0.01026	0.00631	0.01546
34	0.01917	0.01508	0.01808	0.01844	0.02190	0.01583	0.01472	0.03133	0.17633	0.03708	0.12313	0.15639	0.10178	0.02481	0.01324	0.00422	0.00808	0.17775	0.01064	0.01201
35	0.02231	0.05375	0.51551	0.03419	0.09074	0.02537	0.03969	0.03444	0.02318	0.03463	0.01965	0.02336	0.01411	0.01030	0.01040	0.00343	0.01584	0.00820	0.00467	0.01621
36	0.01429	0.01072	0.01325	0.01343	0.01580	0.00968	0.00976	0.01806	0.02696	0.03638	0.32020	0.21661	0.20193	0.02649	0.01313	0.00374	0.00553	0.02328	0.01109	0.00968
37	0.04892	0.01856	0.02530	0.01940	0.02783	0.01603	0.01603	0.05314	0.03121	0.55634	0.04302	0.03711	0.02699	0.01350	0.01096	0.00337	0.00928	0.01096	0.01350	0.01856
38	0.02670	0.19684	0.27215	0.07717	0.08041	0.10746	0.03062	0.03468	0.02395	0.03065	0.01810	0.02192	0.01421	0.01021	0.00949	0.00307	0.01510	0.00760	0.00484	0.01482
39	0.69383	0.02109	0.01603	0.01434	0.02109	0.02446	0.01181	0.03205	0.01856	0.04892	0.01518	0.01771	0.01181	0.01012	0.00675	0.00337	0.00843	0.00590	0.00675	0.01181
40	0.01328	0.00949	0.01265	0.01518	0.01581	0.00886	0.01012	0.01518	0.02088	0.02783	0.06010	0.60969	0.07212	0.03416	0.01392	0.00443	0.00633	0.03100	0.01012	0.00886
41	0.02004	0.02190	0.09489	0.01910	0.02506	0.01821	0.01716	0.03463	0.20036	0.03917	0.16516	0.06750	0.15416	0.01978	0.01209	0.00371	0.00840	0.05531	0.01008	0.01328
42	0.01364	0.00975	0.01307	0.01559	0.01638	0.00917	0.01075	0.01580	0.02123	0.02824	0.05990	0.56879	0.07133	0.03382	0.01401	0.00448	0.00664	0.06835	0.01011	0.00896
43	0.02796	0.24077	0.22872	0.02458	0.03575	0.03289	0.02647	0.10531	0.10734	0.03811	0.02295	0.02440	0.01765	0.01110	0.00941	0.00308	0.01282	0.00823	0.00655	0.01592
44	0.02677	0.02651	0.04772	0.06330	0.46387	0.02619	0.11561	0.03372	0.02498	0.03550	0.02078	0.02741	0.01715	0.00962	0.01115	0.00331	0.01389	0.01026	0.00542	0.01683
45	0.01636	0.01284	0.01890	0.01694	0.02030	0.01192	0.05363	0.02168	0.02945	0.04091	0.42104	0.08271	0.12100	0.02231	0.01308	0.00363	0.00679	0.06483	0.01113	0.01057
46	0.02712	0.02342	0.02465	0.02219	0.02835	0.02712	0.01726	0.05794	0.52909	0.04561	0.04438	0.04068	0.03328	0.01479	0.01109	0.00370	0.00863	0.01233	0.01109	0.01726
47	0.04247	0.02185	0.02657	0.02087	0.02877	0.02165	0.01706	0.17799	0.08640	0.33712	0.07160	0.03739	0.03031	0.01409	0.01109	0.00338	0.00969	0.01136	0.01244	0.01788
48	0.02261	0.01938	0.02261	0.01615	0.02584	0.01453	0.01292	0.02745	0.02261	0.03553	0.01938	0.02261	0.01615	0.00807	0.00807	0.00161	0.00807	0.00646	0.00646	0.68346
49	0.01308	0.01031	0.01181	0.01300	0.01524	0.00904	0.00915	0.01543	0.02297	0.02869	0.08661	0.34399	0.32071	0.03071	0.01337	0.00404	0.00590	0.02679	0.01012	0.00904
50	0.69383	0.02109	0.01603	0.01434	0.02109	0.02446	0.01181	0.03205	0.01856	0.04892	0.01518	0.01771	0.01181	0.01012	0.00675	0.00337	0.00843	0.00590	0.00675	0.01181
51	0.01543	0.01115	0.01457	0.01372	0.01629	0.01029	0.01029	0.02058	0.03086	0.04372	0.54304	0.08145	0.10288	0.02229	0.01286	0.00343	0.00514	0.01972	0.01200	0.01029
52	0.01328	0.00949	0.01265	0.01518	0.01581	0.00886	0.01012	0.01518	0.02088	0.02783	0.06010	0.60969	0.07212	0.03416	0.01392	0.00443	0.00633	0.03100	0.01012	0.00886
53	0.01328	0.00949	0.01265	0.01518	0.01581	0.00886	0.01012	0.01518	0.02088	0.02783	0.06010	0.60969	0.07212	0.03416	0.01392	0.00443	0.00633	0.03100	0.01012	0.00886

[dist]
# distance from previous block
# <min> <max>
0	25

[block]
# block no. 1 follows, 12 sequences, length 23
# corresponding to MSA columns:
# 455-477
name=unknown_B
#
# <colnr> <probs for GDERKNQSTAVLIFYWHMCP>
#	G	D	E	R	K	N	Q	S	T	A	V	L	I	F	Y	W	H	M	C	P
0	0.01325	0.00963	0.01251	0.01480	0.01572	0.00889	0.00995	0.01522	0.02124	0.02798	0.06469	0.56363	0.11521	0.03356	0.01382	0.00436	0.00625	0.03027	0.01012	0.00889
1	0.02699	0.02591	0.04426	0.06693	0.54879	0.02591	0.03346	0.03346	0.02483	0.03562	0.02051	0.02699	0.01727	0.00972	0.01079	0.00324	0.01295	0.00972	0.00540	0.01727
2	0.69383	0.02109	0.01603	0.01434	0.02109	0.02446	0.01181	0.03205	0.01856	0.04892	0.01518	0.01771	0.01181	0.01012	0.00675	0.00337	0.00843	0.00590	0.00675	0.01181
3	0.69383	0.02109	0.01603	0.01434	0.02109	0.02446	0.01181	0.03205	0.01856	0.04892	0.01518	0.01771	0.01181	0.01012	0.00675	0.00337	0.00843	0.00590	0.00675	0.01181
4	0.02872	0.02646	0.04288	0.06192	0.48719	0.02685	0.03194	0.09076	0.02799	0.03958	0.02119	0.02689	0.01742	0.01012	0.01081	0.00324	0.01284	0.00973	0.00606	0.01742
5	0.02187	0.05640	0.56031	0.03108	0.04719	0.02532	0.04029	0.03453	0.02302	0.03453	0.01957	0.02302	0.01381	0.01036	0.01036	0.00345	0.01611	0.00806	0.00460	0.01611
6	0.04892	0.01856	0.02530	0.01940	0.02783	0.01603	0.01603	0.05314	0.03121	0.55634	0.04302	0.03711	0.02699	0.01350	0.01096	0.00337	0.00928	0.01096	0.01350	0.01856
7	0.04049	0.02192	0.02828	0.02637	0.09096	0.02177	0.01893	0.10472	0.14579	0.32199	0.03870	0.03545	0.02628	0.01329	0.01097	0.00342	0.00988	0.01099	0.01168	0.01811
8	0.02797	0.02705	0.03464	0.21100	0.13325	0.09140	0.02671	0.10369	0.02656	0.03484	0.01905	0.02590	0.01550	0.01311	0.01695	0.00370	0.15941	0.00937	0.00593	0.01398
9	0.03901	0.02933	0.03135	0.02459	0.03288	0.03267	0.02013	0.43497	0.13271	0.06478	0.02928	0.02865	0.02106	0.01338	0.01094	0.00334	0.01142	0.01024	0.01094	0.01832
10	0.04073	0.05197	0.03090	0.02809	0.03371	0.57303	0.02107	0.04354	0.03090	0.02669	0.01685	0.01966	0.01404	0.01124	0.00983	0.00281	0.01966	0.00702	0.00562	0.01264
11	0.04316	0.02393	0.09149	0.02626	0.09009	0.01827	0.02093	0.04865	0.02949	0.43400	0.03762	0.03426	0.02430	0.01269	0.01087	0.00337	0.01052	0.01047	0.01150	0.01812
12	0.02328	0.01424	0.01953	0.02245	0.09848	0.01318	0.01423	0.02712	0.02527	0.13575	0.09817	0.21200	0.13302	0.02179	0.01187	0.00361	0.00753	0.01911	0.08700	0.01237
13	0.01328	0.00949	0.01265	0.01518	0.01581	0.00886	0.01012	0.01518	0.02088	0.02783	0.06010	0.60969	0.07212	0.03416	0.01392	0.00443	0.00633	0.03100	0.01012	0.00886
14	0.02336	0.02318	0.03329	0.11384	0.03567	0.03201	0.02483	0.02649	0.01747	0.02649	0.01508	0.02465	0.01435	0.01784	0.03201	0.00460	0.50856	0.00956	0.00478	0.01196
15	0.02316	0.03240	0.18151	0.23617	0.16031	0.02547	0.12076	0.03206	0.02346	0.03250	0.02015	0.02710	0.01526	0.01021	0.01109	0.00351	0.01534	0.00984	0.00501	0.01470
16	0.01426	0.01085	0.01312	0.01308	0.01570	0.00971	0.00961	0.01810	0.02730	0.03652	0.32454	0.17409	0.24162	0.02593	0.01304	0.00367	0.00546	0.02261	0.01109	0.00971
17	0.01289	0.01105	0.01105	0.01105	0.01473	0.00920	0.00828	0.01565	0.02485	0.02946	0.11046	0.10493	0.54437	0.02761	0.01289	0.00368	0.00552	0.02301	0.01013	0.00920
18	0.01955	0.01452	0.01762	0.01581	0.01943	0.01455	0.01214	0.08264	0.07629	0.04688	0.43819	0.07132	0.08679	0.02054	0.01247	0.00343	0.00626	0.01790	0.01179	0.01188
19	0.02621	0.31708	0.22161	0.03065	0.09672	0.03396	0.06979	0.03356	0.02306	0.03052	0.01782	0.02143	0.01453	0.00970	0.00904	0.00292	0.01385	0.00762	0.00480	0.01513
20	0.03683	0.02722	0.16540	0.02094	0.03042	0.01751	0.02106	0.04345	0.02760	0.32928	0.03549	0.03396	0.02364	0.01252	0.01023	0.00325	0.01039	0.01005	0.12427	0.01647
21	0.01533	0.01085	0.01343	0.01367	0.01517	0.01033	0.00952	0.01810	0.02345	0.03189	0.23148	0.15158	0.10284	0.23081	0.02797	0.00619	0.00765	0.06142	0.00959	0.00873
22	0.21689	0.09927	0.17101	0.02050	0.03086	0.02379	0.02119	0.03540	0.02291	0.12171	0.02156	0.02308	0.01579	0.01029	0.00866	0.00298	0.01096	0.00739	0.00696	0.12880

[dist]
# distance from previous block
# <min> <max>
1	5

[block]
# block no. 2 follows, 12 sequences, length 99
# corresponding to MSA columns:
# 483-581
name=unknown_C
#
# <colnr> <probs for GDERKNQSTAVLIFYWHMCP>
#	G	D	E	R	K	N	Q	S	T	A	V	L	I	F	Y	W	H	M	C	P
0	0.01526	0.01099	0.01451	0.01446	0.01672	0.01024	0.01084	0.01987	0.02880	0.04029	0.42666	0.16954	0.09473	0.02482	0.01321	0.00372	0.00573	0.05804	0.01154	0.01004
1	0.40288	0.13386	0.02565	0.01589	0.02375	0.02562	0.01365	0.03330	0.02102	0.08763	0.01834	0.02019	0.01427	0.00994	0.00738	0.00289	0.00906	0.00643	0.00691	0.12131
2	0.02453	0.02191	0.03226	0.22408	0.17426	0.02221	0.02457	0.06796	0.02519	0.03561	0.02021	0.02618	0.01608	0.00984	0.00994	0.00284	0.01180	0.00864	0.00600	0.23588
3	0.08740	0.31756	0.21992	0.02254	0.03384	0.03273	0.02508	0.03531	0.02305	0.08463	0.01948	0.02137	0.01506	0.01017	0.00851	0.00291	0.01264	0.00711	0.00573	0.01498
4	0.01892	0.01053	0.01291	0.01380	0.01580	0.00995	0.00977	0.02214	0.02249	0.07944	0.05000	0.35969	0.05265	0.02482	0.01145	0.00367	0.00615	0.02193	0.24369	0.01018
5	0.01378	0.01108	0.01229	0.01198	0.01528	0.00959	0.00899	0.01738	0.02697	0.03447	0.26249	0.09668	0.38920	0.02574	0.01288	0.00359	0.00539	0.02185	0.01079	0.00959
6	0.13282	0.02052	0.02220	0.01816	0.02446	0.02163	0.01469	0.20211	0.03499	0.13430	0.11949	0.03869	0.03520	0.01426	0.01010	0.00321	0.00871	0.01121	0.11853	0.01473
7	0.01328	0.00949	0.01265	0.01518	0.01581	0.00886	0.01012	0.01518	0.02088	0.02783	0.06010	0.60969	0.07212	0.03416	0.01392	0.00443	0.00633	0.03100	0.01012	0.00886
8	0.01454	0.01111	0.01333	0.01278	0.01574	0.00991	0.00958	0.01884	0.02875	0.03871	0.39100	0.08970	0.25804	0.02416	0.01287	0.00352	0.00528	0.02088	0.01134	0.00991
9	0.02644	0.03755	0.20906	0.02765	0.03752	0.07476	0.06562	0.04689	0.27328	0.03933	0.03176	0.03195	0.02365	0.01253	0.01088	0.00354	0.01293	0.01046	0.00797	0.01626
10	0.32526	0.02518	0.02402	0.01988	0.02730	0.02857	0.01622	0.22432	0.11821	0.05610	0.02445	0.02493	0.01810	0.01208	0.00911	0.00339	0.00986	0.00853	0.00911	0.01537
11	0.02059	0.01938	0.03270	0.59060	0.07510	0.02422	0.03028	0.02786	0.02180	0.02786	0.01938	0.02907	0.01453	0.01090	0.01090	0.00363	0.01453	0.00969	0.00484	0.01211
12	0.02618	0.18677	0.35098	0.02686	0.03942	0.02940	0.03166	0.03510	0.02305	0.07829	0.02019	0.02301	0.01507	0.01106	0.01157	0.00328	0.05929	0.00790	0.00542	0.01550
13	0.02858	0.04701	0.42764	0.02818	0.04239	0.02302	0.03427	0.03914	0.02505	0.16393	0.02538	0.02651	0.01708	0.01114	0.01051	0.00343	0.01442	0.00878	0.00681	0.01672
14	0.01352	0.01107	0.01192	0.01171	0.01511	0.00947	0.00878	0.01687	0.02634	0.03299	0.21773	0.09911	0.43488	0.02629	0.01288	0.00362	0.00543	0.02220	0.01059	0.00947
15	0.03558	0.11853	0.12049	0.07740	0.08911	0.02633	0.02417	0.12011	0.03042	0.21040	0.02782	0.02830	0.01939	0.01168	0.01024	0.00322	0.01204	0.00929	0.00871	0.01677
16	0.08260	0.38374	0.17867	0.02195	0.03273	0.03638	0.02372	0.07152	0.02441	0.03324	0.01715	0.01960	0.01413	0.00995	0.00814	0.00278	0.01255	0.00672	0.00532	0.01471
17	0.01321	0.00976	0.01237	0.01446	0.01562	0.00892	0.00980	0.01526	0.02157	0.02812	0.06894	0.52104	0.15506	0.03301	0.01374	0.00430	0.00618	0.02959	0.01012	0.00892
18	0.01328	0.00949	0.01265	0.01518	0.01581	0.00886	0.01012	0.01518	0.02088	0.02783	0.06010	0.60969	0.07212	0.03416	0.01392	0.00443	0.00633	0.03100	0.01012	0.00886
19	0.15648	0.02263	0.03290	0.04178	0.28211	0.02242	0.02380	0.03962	0.02576	0.20786	0.02687	0.02859	0.01944	0.01102	0.01011	0.00331	0.01093	0.00942	0.00829	0.01669
20	0.01328	0.00949	0.01265	0.01518	0.01581	0.00886	0.01012	0.01518	0.02088	0.02783	0.06010	0.60969	0.07212	0.03416	0.01392	0.00443	0.00633	0.03100	0.01012	0.00886
21	0.02839	0.36944	0.04676	0.02287	0.02871	0.08710	0.02063	0.03145	0.02109	0.02594	0.01502	0.01984	0.01411	0.01280	0.01699	0.00320	0.21049	0.00719	0.00479	0.01317
22	0.02915	0.62337	0.05714	0.01866	0.02799	0.04314	0.01866	0.03265	0.02215	0.02565	0.01516	0.01749	0.01399	0.00933	0.00700	0.00233	0.01166	0.00583	0.00466	0.01399
23	0.01543	0.01115	0.01457	0.01372	0.01629	0.01029	0.01029	0.02058	0.03086	0.04372	0.54304	0.08145	0.10288	0.02229	0.01286	0.00343	0.00514	0.01972	0.01200	0.01029
24	0.01375	0.01108	0.01224	0.01195	0.01525	0.00957	0.00896	0.01731	0.02688	0.03427	0.25643	0.09701	0.39539	0.02582	0.01288	0.00360	0.00540	0.02190	0.01076	0.00957
25	0.02915	0.62337	0.05714	0.01866	0.02799	0.04314	0.01866	0.03265	0.02215	0.02565	0.01516	0.01749	0.01399	0.00933	0.00700	0.00233	0.01166	0.00583	0.00466	0.01399
26	0.01328	0.00949	0.01265	0.01518	0.01581	0.00886	0.01012	0.01518	0.02088	0.02783	0.06010	0.60969	0.07212	0.03416	0.01392	0.00443	0.00633	0.03100	0.01012	0.00886
27	0.01593	0.01105	0.01413	0.01336	0.01593	0.01028	0.01002	0.02107	0.03005	0.04341	0.49147	0.07730	0.09527	0.02132	0.01233	0.00334	0.00514	0.01875	0.07962	0.01028
28	0.01289	0.01105	0.01105	0.01105	0.01473	0.00920	0.00828	0.01565	0.02485	0.02946	0.11046	0.10493	0.54437	0.02761	0.01289	0.00368	0.00552	0.02301	0.01013	0.00920
29	0.02261	0.01938	0.02261	0.01615	0.02584	0.01453	0.01292	0.02745	0.02261	0.03553	0.01938	0.02261	0.01615	0.00807	0.00807	0.00161	0.00807	0.00646	0.00646	0.68346
30	0.02059	0.01938	0.03270	0.59060	0.07510	0.02422	0.03028	0.02786	0.02180	0.02786	0.01938	0.02907	0.01453	0.01090	0.01090	0.00363	0.01453	0.00969	0.00484	0.01211
31	0.69383	0.02109	0.01603	0.01434	0.02109	0.02446	0.01181	0.03205	0.01856	0.04892	0.01518	0.01771	0.01181	0.01012	0.00675	0.00337	0.00843	0.00590	0.00675	0.01181
32	0.21675	0.02800	0.02824	0.02220	0.03039	0.03130	0.01833	0.38335	0.04248	0.06340	0.02322	0.02390	0.01673	0.01229	0.00979	0.00330	0.01104	0.00877	0.00979	0.01673
33	0.04073	0.05197	0.03090	0.02809	0.03371	0.57303	0.02107	0.04354	0.03090	0.02669	0.01685	0.01966	0.01404	0.01124	0.00983	0.00281	0.01966	0.00702	0.00562	0.01264
34	0.03846	0.07999	0.08046	0.02728	0.03704	0.02484	0.13155	0.12385	0.03192	0.26589	0.03103	0.03063	0.02097	0.01182	0.01099	0.00334	0.01257	0.01052	0.00975	0.01708
35	0.01328	0.00949	0.01265	0.01518	0.01581	0.00886	0.01012	0.01518	0.02088	0.02783	0.06010	0.60969	0.07212	0.03416	0.01392	0.00443	0.00633	0.03100	0.01012	0.00886
36	0.01543	0.01115	0.01457	0.01372	0.01629	0.01029	0.01029	0.02058	0.03086	0.04372	0.54304	0.08145	0.10288	0.02229	0.01286	0.00343	0.00514	0.01972	0.01200	0.01029
37	0.03508	0.02738	0.02914	0.02380	0.03139	0.03084	0.01918	0.31034	0.26374	0.05844	0.03427	0.03263	0.02510	0.01385	0.01099	0.00346	0.01050	0.01093	0.01099	0.01797
38	0.02053	0.01727	0.02398	0.02177	0.02369	0.02179	0.01755	0.06518	0.02024	0.02944	0.02414	0.03524	0.02231	0.05550	0.35050	0.01215	0.21071	0.01083	0.00594	0.01122
39	0.01308	0.01105	0.01132	0.01125	0.01485	0.00929	0.00844	0.01603	0.02532	0.03057	0.14411	0.10311	0.51002	0.02720	0.01288	0.00366	0.00549	0.02276	0.01027	0.00929
40	0.02741	0.02863	0.05658	0.04940	0.17799	0.02770	0.34797	0.07585	0.02772	0.03802	0.02203	0.02853	0.01690	0.00966	0.01218	0.00353	0.01647	0.01182	0.00595	0.01568
41	0.03365	0.08612	0.03821	0.16584	0.04613	0.21704	0.10116	0.03885	0.02712	0.11085	0.02224	0.02606	0.01658	0.01101	0.01051	0.00320	0.01587	0.00913	0.00656	0.01389
42	0.03819	0.04774	0.03127	0.02817	0.03294	0.49183	0.02149	0.04094	0.02876	0.02662	0.01647	0.02029	0.01409	0.01242	0.01374	0.00310	0.10652	0.00740	0.00549	0.01253
43	0.02712	0.02342	0.02465	0.02219	0.02835	0.02712	0.01726	0.05794	0.52909	0.04561	0.04438	0.04068	0.03328	0.01479	0.01109	0.00370	0.00863	0.01233	0.01109	0.01726
44	0.02595	0.02485	0.04239	0.15166	0.47214	0.02563	0.03295	0.03256	0.02434	0.03437	0.02033	0.02732	0.01683	0.00991	0.01081	0.00330	0.01321	0.00971	0.00531	0.01644
45	0.01289	0.01105	0.01105	0.01105	0.01473	0.00920	0.00828	0.01565	0.02485	0.02946	0.11046	0.10493	0.54437	0.02761	0.01289	0.00368	0.00552	0.02301	0.01013	0.00920
46	0.02261	0.01938	0.02261	0.01615	0.02584	0.01453	0.01292	0.02745	0.02261	0.03553	0.01938	0.02261	0.01615	0.00807	0.00807	0.00161	0.00807	0.00646	0.00646	0.68346
47	0.01543	0.01115	0.01457	0.01372	0.01629	0.01029	0.01029	0.02058	0.03086	0.04372	0.54304	0.08145	0.10288	0.02229	0.01286	0.00343	0.00514	0.01972	0.01200	0.01029
48	0.01366	0.00976	0.01309	0.01561	0.01641	0.00918	0.01078	0.01584	0.02125	0.02826	0.05989	0.56671	0.07129	0.03380	0.01402	0.00448	0.00665	0.07024	0.01011	0.00896
49	0.69383	0.02109	0.01603	0.01434	0.02109	0.02446	0.01181	0.03205	0.01856	0.04892	0.01518	0.01771	0.01181	0.01012	0.00675	0.00337	0.00843	0.00590	0.00675	0.01181
50	0.02385	0.02385	0.03340	0.02863	0.02863	0.03340	0.02385	0.02624	0.01670	0.02624	0.01431	0.02385	0.01431	0.01908	0.03578	0.00477	0.59685	0.00954	0.00477	0.01193
51	0.04892	0.01856	0.02530	0.01940	0.02783	0.01603	0.01603	0.05314	0.03121	0.55634	0.04302	0.03711	0.02699	0.01350	0.01096	0.00337	0.00928	0.01096	0.01350	0.01856
52	0.02915	0.62337	0.05714	0.01866	0.02799	0.04314	0.01866	0.03265	0.02215	0.02565	0.01516	0.01749	0.01399	0.00933	0.00700	0.00233	0.01166	0.00583	0.00466	0.01399
53	0.69383	0.02109	0.01603	0.01434	0.02109	0.02446	0.01181	0.03205	0.01856	0.04892	0.01518	0.01771	0.01181	0.01012	0.00675	0.00337	0.00843	0.00590	0.00675	0.01181
54	0.01421	0.01110	0.01288	0.01244	0.01554	0.00977	0.00933	0.01821	0.02798	0.03688	0.33567	0.09271	0.31452	0.02484	0.01287	0.00355	0.00533	0.02130	0.01110	0.00977
55	0.01992	0.01024	0.01053	0.01046	0.01300	0.01017	0.00785	0.02500	0.02354	0.04091	0.07806	0.04407	0.03422	0.01351	0.00806	0.00262	0.00509	0.01096	0.62163	0.01017
56	0.02385	0.02385	0.03340	0.02863	0.02863	0.03340	0.02385	0.02624	0.01670	0.02624	0.01431	0.02385	0.01431	0.01908	0.03578	0.00477	0.59685	0.00954	0.00477	0.01193
57	0.01463	0.01110	0.01356	0.01354	0.01630	0.01002	0.01027	0.01874	0.02764	0.03693	0.32418	0.13573	0.23709	0.02563	0.01315	0.00373	0.00578	0.06109	0.01108	0.00981
58	0.01558	0.01168	0.01752	0.01752	0.01947	0.01363	0.01363	0.01947	0.01752	0.02531	0.02921	0.04283	0.02726	0.08178	0.57360	0.01752	0.02921	0.01168	0.00584	0.00974
59	0.01531	0.01089	0.01336	0.01303	0.01562	0.00997	0.00966	0.01976	0.02816	0.03961	0.37611	0.12697	0.16772	0.02325	0.01242	0.00347	0.00530	0.02028	0.07913	0.00997
60	0.02915	0.62337	0.05714	0.01866	0.02799	0.04314	0.01866	0.03265	0.02215	0.02565	0.01516	0.01749	0.01399	0.00933	0.00700	0.00233	0.01166	0.00583	0.00466	0.01399
61	0.03051	0.02803	0.12229	0.03728	0.20895	0.02158	0.02567	0.03910	0.06458	0.15859	0.02728	0.02898	0.02001	0.01082	0.01031	0.00306	0.01144	0.00936	0.00779	0.13438
62	0.04125	0.23454	0.03700	0.01989	0.02840	0.07374	0.01739	0.04509	0.02799	0.32357	0.03094	0.02869	0.02129	0.01183	0.00947	0.00296	0.01102	0.00881	0.00970	0.01644
63	0.04530	0.01763	0.02402	0.01897	0.02661	0.01530	0.01543	0.04928	0.03016	0.50263	0.04475	0.09530	0.03158	0.01560	0.01126	0.00348	0.00898	0.01300	0.01315	0.01757
64	0.02953	0.52921	0.09604	0.02046	0.03003	0.08605	0.02063	0.03371	0.02296	0.02646	0.01566	0.01812	0.01398	0.00957	0.00751	0.00246	0.01269	0.00611	0.00474	0.01405
65	0.01823	0.01196	0.01511	0.01506	0.01819	0.01060	0.01119	0.02153	0.02477	0.08548	0.14617	0.29103	0.15157	0.02657	0.01289	0.00384	0.00669	0.05628	0.01050	0.06234
66	0.03022	0.36952	0.09988	0.02447	0.07526	0.03465	0.02163	0.07333	0.02559	0.07274	0.01947	0.02152	0.01581	0.00999	0.00838	0.00262	0.01178	0.00717	0.00606	0.06991
67	0.02376	0.02317	0.07612	0.03713	0.20024	0.02099	0.02506	0.06938	0.06809	0.03774	0.03843	0.06792	0.03743	0.01901	0.01258	0.00404	0.01158	0.20491	0.00818	0.01424
68	0.04892	0.01856	0.02530	0.01940	0.02783	0.01603	0.01603	0.05314	0.03121	0.55634	0.04302	0.03711	0.02699	0.01350	0.01096	0.00337	0.00928	0.01096	0.01350	0.01856
69	0.02515	0.01354	0.01798	0.10108	0.02676	0.01334	0.01377	0.02939	0.02445	0.16261	0.04692	0.18107	0.07777	0.01902	0.01089	0.00346	0.00788	0.01637	0.19639	0.01214
70	0.02442	0.02691	0.09300	0.23111	0.34601	0.02531	0.03314	0.03178	0.02367	0.03302	0.02005	0.02725	0.01604	0.01016	0.01078	0.00339	0.01378	0.00954	0.00514	0.01550
71	0.01424	0.01060	0.01225	0.01268	0.01522	0.00946	0.00919	0.01757	0.02517	0.03351	0.19844	0.22167	0.27223	0.02671	0.01270	0.00371	0.00560	0.02315	0.06645	0.00946
72	0.02465	0.01272	0.01591	0.01464	0.01861	0.01164	0.01145	0.02903	0.02713	0.16645	0.17429	0.10962	0.10517	0.01996	0.01140	0.00344	0.00669	0.05381	0.17132	0.01206
73	0.01715	0.01132	0.01439	0.01408	0.01683	0.01022	0.01038	0.02106	0.02753	0.07801	0.31832	0.20802	0.16086	0.02530	0.01297	0.00370	0.00581	0.02226	0.01137	0.01042
74	0.02915	0.62337	0.05714	0.01866	0.02799	0.04314	0.01866	0.03265	0.02215	0.02565	0.01516	0.01749	0.01399	0.00933	0.00700	0.00233	0.01166	0.00583	0.00466	0.01399
75	0.04503	0.02480	0.02917	0.02236	0.03095	0.02529	0.01847	0.29226	0.04165	0.30247	0.03425	0.03142	0.02259	0.01328	0.01094	0.00332	0.01069	0.01037	0.01215	0.01855
76	0.02699	0.02591	0.04426	0.06693	0.54879	0.02591	0.03346	0.03346	0.02483	0.03562	0.02051	0.02699	0.01727	0.00972	0.01079	0.00324	0.01295	0.00972	0.00540	0.01727
77	0.02219	0.01592	0.01798	0.01638	0.02085	0.01644	0.01262	0.03585	0.20353	0.08219	0.21404	0.06385	0.13718	0.01898	0.01163	0.00348	0.00674	0.01612	0.07083	0.01319
78	0.02915	0.62337	0.05714	0.01866	0.02799	0.04314	0.01866	0.03265	0.02215	0.02565	0.01516	0.01749	0.01399	0.00933	0.00700	0.00233	0.01166	0.00583	0.00466	0.01399
79	0.01558	0.01168	0.01752	0.01752	0.01947	0.01363	0.01363	0.01947	0.01752	0.02531	0.02921	0.04283	0.02726	0.08178	0.57360	0.01752	0.02921	0.01168	0.00584	0.00974
80	0.02238	0.01844	0.02134	0.01554	0.02450	0.01409	0.01238	0.02725	0.02264	0.03605	0.02103	0.02444	0.01735	0.00855	0.00803	0.00171	0.00777	0.00684	0.07464	0.61504
81	0.04892	0.01856	0.02530	0.01940	0.02783	0.01603	0.01603	0.05314	0.03121	0.55634	0.04302	0.03711	0.02699	0.01350	0.01096	0.00337	0.00928	0.01096	0.01350	0.01856
82	0.04892	0.01856	0.02530	0.01940	0.02783	0.01603	0.01603	0.05314	0.03121	0.55634	0.04302	0.03711	0.02699	0.01350	0.01096	0.00337	0.00928	0.01096	0.01350	0.01856
83	0.02033	0.01016	0.01016	0.01016	0.01270	0.01016	0.00762	0.02541	0.02287	0.04065	0.03557	0.04065	0.02795	0.01270	0.00762	0.00254	0.00508	0.01016	0.67734	0.01016
84	0.04073	0.05197	0.03090	0.02809	0.03371	0.57303	0.02107	0.04354	0.03090	0.02669	0.01685	0.01966	0.01404	0.01124	0.00983	0.00281	0.01966	0.00702	0.00562	0.01264
85	0.04892	0.01856	0.02530	0.01940	0.02783	0.01603	0.01603	0.05314	0.03121	0.55634	0.04302	0.03711	0.02699	0.01350	0.01096	0.00337	0.00928	0.01096	0.01350	0.01856
86	0.01493	0.01073	0.01423	0.01486	0.01677	0.01004	0.01097	0.01896	0.02691	0.03724	0.33089	0.26377	0.08843	0.02709	0.01344	0.00393	0.00604	0.06983	0.01117	0.00978
87	0.02187	0.05640	0.56031	0.03108	0.04719	0.02532	0.04029	0.03453	0.02302	0.03453	0.01957	0.02302	0.01381	0.01036	0.01036	0.00345	0.01611	0.00806	0.00460	0.01611
88	0.02706	0.02462	0.03411	0.04377	0.27943	0.02653	0.02508	0.04613	0.28582	0.04079	0.03286	0.03407	0.02556	0.01234	0.01095	0.00348	0.01072	0.01107	0.00835	0.01726
89	0.01411	0.01040	0.01320	0.01396	0.01585	0.00950	0.00991	0.01747	0.02558	0.03460	0.26604	0.31677	0.15581	0.02830	0.01333	0.00391	0.00572	0.02516	0.01089	0.00950
90	0.01328	0.00949	0.01265	0.01518	0.01581	0.00886	0.01012	0.01518	0.02088	0.02783	0.06010	0.60969	0.07212	0.03416	0.01392	0.00443	0.00633	0.03100	0.01012	0.00886
91	0.01438	0.01098	0.01321	0.01292	0.01571	0.00980	0.00959	0.01844	0.02798	0.03753	0.35502	0.13274	0.25191	0.02509	0.01296	0.00360	0.00537	0.02177	0.01120	0.00980
92	0.02385	0.02385	0.03340	0.02863	0.02863	0.03340	0.02385	0.02624	0.01670	0.02624	0.01431	0.02385	0.01431	0.01908	0.03578	0.00477	0.59685	0.00954	0.00477	0.01193
93	0.02884	0.17880	0.22122	0.03552	0.16436	0.02972	0.02970	0.07796	0.02645	0.07843	0.02126	0.02412	0.01621	0.01045	0.00976	0.00311	0.01334	0.00833	0.00611	0.01631
94	0.03777	0.23540	0.04061	0.02241	0.03132	0.03565	0.01964	0.30969	0.03958	0.09218	0.02368	0.02402	0.01763	0.01182	0.00955	0.00295	0.01167	0.00852	0.00894	0.01696
95	0.01577	0.01126	0.01764	0.01769	0.01909	0.01067	0.05447	0.01670	0.01968	0.02630	0.04668	0.41747	0.05420	0.03284	0.02082	0.16964	0.00817	0.02414	0.00840	0.00837
96	0.07078	0.01213	0.01460	0.01404	0.01691	0.01151	0.01030	0.02210	0.02637	0.07573	0.29992	0.16465	0.11747	0.07568	0.01619	0.00424	0.00642	0.01986	0.01074	0.01035
97	0.36118	0.07403	0.06931	0.02333	0.07951	0.06968	0.01831	0.03679	0.02290	0.12470	0.02071	0.02236	0.01533	0.01067	0.00841	0.00324	0.01083	0.00737	0.00727	0.01405
98	0.03056	0.03139	0.11164	0.03739	0.20232	0.10994	0.02539	0.03672	0.02703	0.12229	0.07656	0.03206	0.02646	0.01183	0.01057	0.00310	0.01267	0.00997	0.00744	0.07468

[dist]
# distance from previous block
# <min> <max>
0	3

[block]
# block no. 3 follows, 12 sequences, length 23
# corresponding to MSA columns:
# 585-607
name=unknown_D
#
# <colnr> <probs for GDERKNQSTAVLIFYWHMCP>
#	G	D	E	R	K	N	Q	S	T	A	V	L	I	F	Y	W	H	M	C	P
0	0.47789	0.02162	0.02392	0.02539	0.11364	0.02371	0.04804	0.03151	0.02115	0.04528	0.06137	0.02548	0.02079	0.01102	0.00836	0.00338	0.00958	0.00819	0.00688	0.01281
1	0.01996	0.01268	0.01710	0.01658	0.01867	0.01310	0.01221	0.02288	0.02257	0.09937	0.13360	0.23434	0.05587	0.10667	0.10726	0.00692	0.06072	0.01962	0.00936	0.01052
2	0.02901	0.20731	0.16787	0.02893	0.08127	0.06439	0.06679	0.03556	0.02425	0.09980	0.02241	0.02582	0.01744	0.01709	0.06266	0.00440	0.01529	0.00863	0.00613	0.01497
3	0.03356	0.02906	0.10220	0.06881	0.03843	0.02647	0.06826	0.17024	0.15917	0.14058	0.03202	0.03191	0.02266	0.01270	0.01108	0.00349	0.01200	0.01070	0.00962	0.01705
4	0.01381	0.01022	0.01290	0.01405	0.01576	0.00932	0.00984	0.01676	0.02435	0.03253	0.20308	0.37430	0.16362	0.02971	0.01344	0.00402	0.00586	0.02646	0.01064	0.00932
5	0.02257	0.01455	0.02227	0.06835	0.02758	0.01434	0.06074	0.02742	0.02495	0.11490	0.11347	0.15560	0.04866	0.02600	0.06242	0.00500	0.01084	0.07731	0.09125	0.01180
6	0.08670	0.02888	0.12462	0.03080	0.10769	0.02396	0.06795	0.09735	0.09564	0.12356	0.07653	0.03414	0.02797	0.01267	0.01084	0.00343	0.01163	0.01088	0.00869	0.01607
7	0.04892	0.01856	0.02530	0.01940	0.02783	0.01603	0.01603	0.05314	0.03121	0.55634	0.04302	0.03711	0.02699	0.01350	0.01096	0.00337	0.00928	0.01096	0.01350	0.01856
8	0.01362	0.00973	0.01303	0.01556	0.01634	0.00914	0.01070	0.01576	0.02120	0.02821	0.05991	0.57191	0.07139	0.03385	0.01401	0.00447	0.00661	0.06550	0.01012	0.00895
9	0.02315	0.06804	0.04147	0.22873	0.09437	0.02714	0.13678	0.02944	0.02278	0.03094	0.06066	0.03132	0.02220	0.01270	0.01577	0.00370	0.12120	0.01090	0.00559	0.01311
10	0.03590	0.14318	0.12874	0.02848	0.07919	0.07190	0.06675	0.04195	0.02703	0.23049	0.02772	0.02796	0.01941	0.01127	0.01017	0.00316	0.01291	0.00923	0.00823	0.01632
11	0.04530	0.01875	0.02486	0.01929	0.02721	0.01679	0.01584	0.08356	0.03264	0.47376	0.08774	0.04039	0.03335	0.01427	0.01113	0.00337	0.00910	0.01169	0.01317	0.01780
12	0.69383	0.02109	0.01603	0.01434	0.02109	0.02446	0.01181	0.03205	0.01856	0.04892	0.01518	0.01771	0.01181	0.01012	0.00675	0.00337	0.00843	0.00590	0.00675	0.01181
13	0.01890	0.01175	0.01521	0.01396	0.01706	0.01081	0.01060	0.02395	0.03026	0.09059	0.45656	0.07411	0.08992	0.02072	0.01227	0.00335	0.00552	0.01815	0.06528	0.01104
14	0.02428	0.03803	0.27801	0.02582	0.03627	0.02466	0.02763	0.08435	0.18195	0.04035	0.03282	0.10055	0.02741	0.01490	0.01107	0.00363	0.01221	0.01235	0.00788	0.01581
15	0.01519	0.01163	0.01566	0.01796	0.05616	0.01080	0.01173	0.01893	0.02593	0.03541	0.26961	0.27822	0.13889	0.02644	0.01310	0.00382	0.00622	0.02359	0.01057	0.01015
16	0.02052	0.01861	0.02515	0.02246	0.02252	0.02440	0.01751	0.02216	0.01684	0.02490	0.02449	0.09287	0.02717	0.19558	0.03950	0.00644	0.36958	0.01341	0.00581	0.01008
17	0.44237	0.02010	0.01964	0.01631	0.02372	0.02117	0.01345	0.04027	0.02349	0.24677	0.02603	0.02528	0.01773	0.01144	0.00839	0.00337	0.00876	0.00788	0.00938	0.01444
18	0.61162	0.02541	0.08261	0.01639	0.02428	0.02457	0.01529	0.03235	0.01910	0.04716	0.01572	0.01836	0.01205	0.01015	0.00719	0.00338	0.00937	0.00617	0.00649	0.01234
19	0.11027	0.18904	0.20824	0.02200	0.03316	0.02699	0.02377	0.03569	0.02347	0.11521	0.02150	0.02307	0.01597	0.01025	0.00883	0.00290	0.01189	0.00745	0.00651	0.10380
20	0.02508	0.02480	0.09659	0.42230	0.06390	0.02445	0.02941	0.07270	0.02533	0.07949	0.02210	0.02880	0.01591	0.01126	0.01084	0.00356	0.01404	0.00962	0.00611	0.01373
21	0.17524	0.01695	0.02031	0.01695	0.02328	0.01613	0.01359	0.03950	0.02754	0.31112	0.12658	0.09344	0.04128	0.01623	0.01068	0.00348	0.00810	0.01328	0.01151	0.01479
22	0.03214	0.02293	0.06958	0.02830	0.11898	0.02024	0.02035	0.08078	0.09701	0.20322	0.14414	0.04335	0.04077	0.01462	0.01131	0.00340	0.00972	0.01249	0.01050	0.01617

[dist]
# distance from previous block
# <min> <max>
0	3

[block]
# block no. 4 follows, 12 sequences, length 132
# corresponding to MSA columns:
# 611-636,639-744
name=unknown_E
#
# <colnr> <probs for GDERKNQSTAVLIFYWHMCP>
#	G	D	E	R	K	N	Q	S	T	A	V	L	I	F	Y	W	H	M	C	P
0	0.02684	0.02029	0.03191	0.04272	0.29104	0.01941	0.02377	0.03192	0.02496	0.11397	0.03387	0.13823	0.03202	0.01612	0.01150	0.00349	0.01060	0.05154	0.00793	0.06787
1	0.02828	0.03027	0.21001	0.02481	0.03412	0.01846	0.06875	0.03527	0.02522	0.19208	0.03738	0.17884	0.03309	0.01733	0.01169	0.00370	0.01172	0.01529	0.00882	0.01486
2	0.01997	0.01328	0.01682	0.01697	0.01992	0.01255	0.01251	0.06566	0.02505	0.07598	0.05196	0.41489	0.05795	0.02798	0.01302	0.00406	0.00758	0.06671	0.01016	0.06698
3	0.24776	0.13364	0.07714	0.02736	0.10550	0.07315	0.02100	0.12536	0.02771	0.04375	0.01856	0.02125	0.01462	0.01060	0.00873	0.00312	0.01187	0.00747	0.00671	0.01470
4	0.01656	0.01032	0.01381	0.01557	0.01692	0.00951	0.01066	0.01867	0.02182	0.07636	0.05853	0.55712	0.06797	0.03226	0.01365	0.00433	0.00660	0.02916	0.01043	0.00975
5	0.02322	0.07558	0.02582	0.01638	0.02604	0.01720	0.01345	0.02794	0.02257	0.03461	0.01899	0.02213	0.01595	0.00819	0.00797	0.00168	0.00841	0.00640	0.00629	0.62117
6	0.03361	0.01883	0.02337	0.01807	0.02614	0.01606	0.01448	0.07606	0.02820	0.24580	0.03407	0.09612	0.02711	0.01365	0.01013	0.00278	0.00868	0.01136	0.01006	0.28542
7	0.03917	0.01641	0.02108	0.01669	0.02367	0.01435	0.01355	0.04367	0.02829	0.37666	0.03908	0.03684	0.02634	0.01283	0.00984	0.00301	0.00807	0.01038	0.18823	0.07186
8	0.02252	0.02363	0.08435	0.01786	0.02829	0.01577	0.01606	0.02827	0.02266	0.03541	0.01940	0.02266	0.01588	0.00834	0.00834	0.00183	0.00900	0.00664	0.00625	0.60683
9	0.04396	0.02332	0.02991	0.02672	0.08961	0.02298	0.01957	0.20122	0.03704	0.33693	0.03492	0.03237	0.02311	0.01293	0.01093	0.00333	0.01059	0.01045	0.01172	0.01840
10	0.08858	0.01717	0.02225	0.02221	0.08291	0.01549	0.01510	0.03160	0.02486	0.16496	0.07470	0.16565	0.03811	0.01688	0.01069	0.00319	0.00834	0.01456	0.00938	0.17336
11	0.02119	0.01999	0.03378	0.54188	0.11917	0.02438	0.03058	0.02838	0.02208	0.02858	0.01948	0.02888	0.01479	0.01079	0.01089	0.00360	0.01439	0.00969	0.00490	0.01259
12	0.02264	0.02221	0.03101	0.02708	0.02715	0.03058	0.02228	0.02497	0.01718	0.02642	0.01957	0.09113	0.02095	0.02082	0.03327	0.00473	0.52904	0.01201	0.00539	0.01157
13	0.02187	0.05640	0.56031	0.03108	0.04719	0.02532	0.04029	0.03453	0.02302	0.03453	0.01957	0.02302	0.01381	0.01036	0.01036	0.00345	0.01611	0.00806	0.00460	0.01611
14	0.01558	0.01168	0.01752	0.01752	0.01947	0.01363	0.01363	0.01947	0.01752	0.02531	0.02921	0.04283	0.02726	0.08178	0.57360	0.01752	0.02921	0.01168	0.00584	0.00974
15	0.37443	0.02572	0.02420	0.01960	0.02732	0.02904	0.01617	0.26724	0.03457	0.05861	0.02057	0.02186	0.01511	0.01157	0.00878	0.00332	0.01018	0.00782	0.00878	0.01511
16	0.09034	0.02592	0.02814	0.08750	0.03518	0.06566	0.01941	0.19803	0.11063	0.18137	0.03092	0.03036	0.02162	0.01283	0.01054	0.00338	0.01136	0.00996	0.01019	0.01665
17	0.01425	0.01009	0.01333	0.01557	0.01642	0.00963	0.01088	0.01641	0.02096	0.02781	0.05677	0.47216	0.06693	0.10044	0.01887	0.00523	0.00739	0.09839	0.00971	0.00878
18	0.14009	0.11349	0.03477	0.02259	0.03130	0.02324	0.09138	0.04400	0.02706	0.31801	0.03131	0.02998	0.02109	0.01168	0.01001	0.00326	0.01091	0.00970	0.00989	0.01624
19	0.01705	0.01032	0.01218	0.01252	0.01461	0.00989	0.00908	0.02138	0.02495	0.03853	0.20454	0.19164	0.06272	0.02098	0.01083	0.00328	0.00540	0.01828	0.30192	0.00989
20	0.02932	0.02451	0.02589	0.02263	0.02919	0.02815	0.01779	0.12760	0.45586	0.04915	0.04159	0.03846	0.03102	0.01453	0.01107	0.00363	0.00915	0.01194	0.01107	0.01746
21	0.01448	0.01056	0.01362	0.01401	0.01600	0.00970	0.01007	0.01830	0.02690	0.03704	0.33995	0.26674	0.12837	0.02685	0.01323	0.00380	0.00559	0.02390	0.01120	0.00970
22	0.02175	0.05300	0.51187	0.08245	0.04975	0.02522	0.03937	0.03392	0.02291	0.03392	0.01955	0.02358	0.01388	0.01041	0.01041	0.00347	0.01597	0.00821	0.00463	0.01575
23	0.01464	0.01129	0.01351	0.01439	0.01660	0.01064	0.01023	0.01961	0.06369	0.03242	0.15607	0.33979	0.19912	0.02884	0.01324	0.00400	0.00609	0.02546	0.01053	0.00986
24	0.01543	0.01115	0.01457	0.01372	0.01629	0.01029	0.01029	0.02058	0.03086	0.04372	0.54304	0.08145	0.10288	0.02229	0.01286	0.00343	0.00514	0.01972	0.01200	0.01029
25	0.19296	0.21632	0.07922	0.02573	0.08907	0.03290	0.02091	0.15203	0.02889	0.04386	0.01887	0.02123	0.01496	0.01058	0.00861	0.00301	0.01146	0.00746	0.00680	0.01514
26	0.14127	0.07311	0.03120	0.02277	0.03095	0.07668	0.01886	0.32839	0.04084	0.09743	0.02423	0.02456	0.01747	0.01224	0.00990	0.00319	0.01185	0.00878	0.00958	0.01669
27	0.01657	0.01184	0.01643	0.01894	0.02102	0.01169	0.01584	0.02087	0.02412	0.03152	0.05828	0.23607	0.06493	0.03106	0.01479	0.00488	0.00918	0.37215	0.01006	0.00977
28	0.07858	0.38184	0.13844	0.02504	0.03558	0.03610	0.10538	0.03330	0.02263	0.03050	0.01707	0.02046	0.01423	0.00954	0.00853	0.00283	0.01330	0.00740	0.00496	0.01430
29	0.02646	0.08509	0.27857	0.03091	0.04277	0.06844	0.13963	0.03555	0.02552	0.07686	0.06523	0.02984	0.02298	0.01134	0.01090	0.00336	0.01511	0.01012	0.00624	0.01507
30	0.04892	0.01856	0.02530	0.01940	0.02783	0.01603	0.01603	0.05314	0.03121	0.55634	0.04302	0.03711	0.02699	0.01350	0.01096	0.00337	0.00928	0.01096	0.01350	0.01856
31	0.01289	0.01105	0.01105	0.01105	0.01473	0.00920	0.00828	0.01565	0.02485	0.02946	0.11046	0.10493	0.54437	0.02761	0.01289	0.00368	0.00552	0.02301	0.01013	0.00920
32	0.02974	0.52487	0.09332	0.02020	0.03000	0.04091	0.02050	0.07743	0.02493	0.03034	0.01652	0.01872	0.01440	0.00976	0.00762	0.00251	0.01203	0.00637	0.00524	0.01458
33	0.02040	0.01877	0.02677	0.02399	0.02480	0.02515	0.01959	0.02341	0.01704	0.02585	0.02053	0.03178	0.01972	0.04525	0.26025	0.01009	0.35993	0.01044	0.00522	0.01101
34	0.01289	0.01105	0.01105	0.01105	0.01473	0.00920	0.00828	0.01565	0.02485	0.02946	0.11046	0.10493	0.54437	0.02761	0.01289	0.00368	0.00552	0.02301	0.01013	0.00920
35	0.02385	0.02385	0.03340	0.02863	0.02863	0.03340	0.02385	0.02624	0.01670	0.02624	0.01431	0.02385	0.01431	0.01908	0.03578	0.00477	0.59685	0.00954	0.00477	0.01193
36	0.04194	0.02052	0.02834	0.02769	0.11410	0.01936	0.01910	0.05062	0.10661	0.39176	0.03950	0.03598	0.02635	0.01307	0.01096	0.00340	0.00979	0.01097	0.01179	0.01814
37	0.02812	0.03150	0.02702	0.02467	0.02767	0.25198	0.01926	0.03119	0.02290	0.02611	0.02038	0.02848	0.01855	0.03687	0.20567	0.00824	0.16521	0.00921	0.00548	0.01149
