[name]
unknown

[dist]
# distance from previous block
# <min> <max>
0	26

[block]
# block no. 0 follows, 14 sequences, length 23
# corresponding to MSA columns:
# 26-48
name=unknown_A
#
# <colnr> <probs for GDERKNQSTAVLIFYWHMCP>
#	G	D	E	R	K	N	Q	S	T	A	V	L	I	F	Y	W	H	M	C	P
0	0.02682	0.27923	0.27119	0.02360	0.03493	0.03192	0.02642	0.13028	0.02650	0.03547	0.01800	0.02021	0.01393	0.00987	0.00862	0.00281	0.01278	0.00709	0.00550	0.01483
1	0.02579	0.03514	0.22146	0.04145	0.20455	0.02574	0.13784	0.11485	0.02703	0.03811	0.02019	0.02454	0.01524	0.00975	0.01045	0.00321	0.01409	0.00927	0.00570	0.01559
2	0.01717	0.01108	0.01457	0.01336	0.01624	0.01014	0.01014	0.02194	0.02908	0.08664	0.52542	0.07315	0.09083	0.02028	0.01195	0.00322	0.00517	0.01787	0.01141	0.01034
3	0.01741	0.01119	0.01427	0.01309	0.01623	0.01009	0.00996	0.02184	0.02826	0.09477	0.44775	0.07559	0.15853	0.02086	0.01192	0.00326	0.00529	0.01816	0.01118	0.01033
4	0.01375	0.01001	0.01294	0.01315	0.01509	0.00921	0.00950	0.01751	0.02582	0.03570	0.38251	0.24601	0.12114	0.02470	0.01241	0.00353	0.00520	0.02198	0.01064	0.00921
5	0.02245	0.02245	0.03143	0.02694	0.02694	0.03143	0.02245	0.02470	0.01572	0.02470	0.01347	0.02245	0.01347	0.01796	0.03368	0.00449	0.62057	0.00898	0.00449	0.01123
6	0.02128	0.01824	0.02128	0.01520	0.02432	0.01368	0.01216	0.02584	0.02128	0.03344	0.01824	0.02128	0.01520	0.00760	0.00760	0.00152	0.00760	0.00608	0.00608	0.70208
7	0.01250	0.00893	0.01191	0.01429	0.01488	0.00834	0.00953	0.01429	0.01965	0.02620	0.05656	0.63265	0.06787	0.03215	0.01310	0.00417	0.00595	0.02917	0.00953	0.00834
8	0.01452	0.01049	0.01372	0.01291	0.01533	0.00968	0.00968	0.01937	0.02905	0.04115	0.56992	0.07666	0.09683	0.02098	0.01210	0.00323	0.00484	0.01856	0.01130	0.00968
9	0.01250	0.00893	0.01191	0.01429	0.01488	0.00834	0.00953	0.01429	0.01965	0.02620	0.05656	0.63265	0.06787	0.03215	0.01310	0.00417	0.00595	0.02917	0.00953	0.00834
10	0.01250	0.00893	0.01191	0.01429	0.01488	0.00834	0.00953	0.01429	0.01965	0.02620	0.05656	0.63265	0.06787	0.03215	0.01310	0.00417	0.00595	0.02917	0.00953	0.00834
11	0.03901	0.02874	0.03080	0.02361	0.03182	0.03182	0.01951	0.54111	0.04825	0.06468	0.02464	0.02464	0.01745	0.01232	0.01027	0.00308	0.01129	0.00924	0.01027	0.01745
12	0.01452	0.01049	0.01372	0.01291	0.01533	0.00968	0.00968	0.01937	0.02905	0.04115	0.56992	0.07666	0.09683	0.02098	0.01210	0.00323	0.00484	0.01856	0.01130	0.00968
13	0.01452	0.01049	0.01372	0.01291	0.01533	0.00968	0.00968	0.01937	0.02905	0.04115	0.56992	0.07666	0.09683	0.02098	0.01210	0.00323	0.00484	0.01856	0.01130	0.00968
14	0.02744	0.64552	0.05378	0.01756	0.02634	0.04061	0.01756	0.03073	0.02085	0.02414	0.01427	0.01646	0.01317	0.00878	0.00658	0.00219	0.01097	0.00549	0.00439	0.01317
15	0.02260	0.02289	0.03385	0.02830	0.02916	0.03098	0.06524	0.02538	0.01642	0.02538	0.01408	0.02289	0.01365	0.01719	0.03189	0.00440	0.57051	0.00924	0.00455	0.01144
16	0.01477	0.01057	0.01435	0.01435	0.01544	0.01166	0.01015	0.01695	0.01586	0.02224	0.02945	0.05117	0.03037	0.30445	0.37765	0.01385	0.02039	0.01258	0.00579	0.00797
17	0.10227	0.03585	0.02912	0.15927	0.08179	0.32919	0.02176	0.06795	0.02676	0.03071	0.01707	0.02123	0.01362	0.01040	0.00932	0.00293	0.01538	0.00743	0.00554	0.01240
18	0.01938	0.01824	0.03078	0.61468	0.07068	0.02280	0.02850	0.02622	0.02052	0.02622	0.01824	0.02736	0.01368	0.01026	0.01026	0.00342	0.01368	0.00912	0.00456	0.01140
19	0.01542	0.01031	0.01291	0.01226	0.01468	0.00966	0.00920	0.02025	0.02759	0.04059	0.46606	0.06922	0.08318	0.01923	0.01115	0.00307	0.00483	0.01682	0.14392	0.00966
20	0.03761	0.19297	0.10652	0.01953	0.02865	0.02318	0.01878	0.04245	0.02603	0.35772	0.03043	0.02815	0.02043	0.01124	0.00923	0.00292	0.01019	0.00864	0.00933	0.01599
21	0.02257	0.03510	0.26032	0.12980	0.28698	0.02393	0.03366	0.03113	0.02226	0.03205	0.01879	0.02417	0.01456	0.00955	0.01001	0.00318	0.01361	0.00851	0.00470	0.01511
22	0.15229	0.47803	0.04453	0.01763	0.02565	0.08812	0.01660	0.03156	0.02099	0.02820	0.01442	0.01669	0.01280	0.00908	0.00679	0.00241	0.01111	0.00560	0.00483	0.01268

[dist]
# distance from previous block
# <min> <max>
0	19

[block]
# block no. 1 follows, 14 sequences, length 85
# corresponding to MSA columns:
# 68-152
name=unknown_B
#
# <colnr> <probs for GDERKNQSTAVLIFYWHMCP>
#	G	D	E	R	K	N	Q	S	T	A	V	L	I	F	Y	W	H	M	C	P
0	0.02471	0.02368	0.04040	0.12651	0.51723	0.02420	0.03115	0.03089	0.02304	0.03269	0.01918	0.02562	0.01596	0.00927	0.01017	0.00309	0.01236	0.00914	0.00502	0.01570
1	0.01938	0.01824	0.03078	0.61468	0.07068	0.02280	0.02850	0.02622	0.02052	0.02622	0.01824	0.02736	0.01368	0.01026	0.01026	0.00342	0.01368	0.00912	0.00456	0.01140
2	0.01456	0.01045	0.01351	0.01277	0.01499	0.00970	0.00940	0.01900	0.02789	0.03941	0.52586	0.07588	0.09195	0.07166	0.01539	0.00378	0.00526	0.01826	0.01088	0.00940
3	0.01434	0.01048	0.01347	0.01272	0.01522	0.00961	0.00954	0.01902	0.02862	0.04014	0.53471	0.07833	0.13267	0.02136	0.01211	0.00325	0.00487	0.01879	0.01116	0.00961
4	0.71184	0.01985	0.01508	0.01350	0.01985	0.02302	0.01111	0.03017	0.01746	0.04604	0.01429	0.01667	0.01111	0.00953	0.00635	0.00318	0.00794	0.00556	0.00635	0.01111
5	0.01669	0.01074	0.01417	0.01364	0.01613	0.00985	0.01009	0.02082	0.02712	0.08240	0.41978	0.18885	0.08495	0.02262	0.01216	0.00342	0.00539	0.02009	0.01104	0.01004
6	0.01248	0.00903	0.01181	0.01404	0.01482	0.00836	0.00941	0.01432	0.01989	0.02630	0.05962	0.59819	0.10036	0.03175	0.01304	0.00412	0.00591	0.02869	0.00953	0.00836
7	0.01250	0.00893	0.01191	0.01429	0.01488	0.00834	0.00953	0.01429	0.01965	0.02620	0.05656	0.63265	0.06787	0.03215	0.01310	0.00417	0.00595	0.02917	0.00953	0.00834
8	0.71184	0.01985	0.01508	0.01350	0.01985	0.02302	0.01111	0.03017	0.01746	0.04604	0.01429	0.01667	0.01111	0.00953	0.00635	0.00318	0.00794	0.00556	0.00635	0.01111
9	0.02319	0.09256	0.48424	0.02777	0.04168	0.02595	0.03434	0.09093	0.02467	0.03561	0.01884	0.02164	0.01352	0.00998	0.00958	0.00316	0.01442	0.00762	0.00502	0.01529
10	0.02298	0.01829	0.02720	0.02439	0.06145	0.01891	0.09577	0.09138	0.06413	0.07730	0.10025	0.14373	0.08209	0.02212	0.05425	0.00445	0.05472	0.01553	0.00853	0.01253
11	0.02208	0.01613	0.02388	0.19753	0.03662	0.01897	0.01906	0.06252	0.02141	0.09187	0.02486	0.03322	0.02044	0.04006	0.26573	0.00909	0.06862	0.01006	0.00631	0.01156
12	0.02635	0.02666	0.03924	0.10772	0.46798	0.09030	0.02989	0.03212	0.02377	0.03191	0.01881	0.02478	0.01568	0.00941	0.01006	0.00303	0.01305	0.00885	0.00506	0.01532
13	0.63304	0.09188	0.01954	0.01396	0.02059	0.02505	0.01186	0.03023	0.01785	0.04352	0.01429	0.01665	0.01135	0.00944	0.00638	0.00306	0.00829	0.00555	0.00612	0.01135
14	0.02109	0.02067	0.03627	0.42701	0.06216	0.02377	0.13558	0.03079	0.08097	0.02949	0.02139	0.02864	0.01605	0.01032	0.01067	0.00344	0.01383	0.01003	0.00535	0.01246
15	0.01306	0.00995	0.01201	0.01251	0.01469	0.00890	0.00900	0.01615	0.02407	0.03174	0.24533	0.26559	0.24722	0.02631	0.01244	0.00361	0.00532	0.02307	0.01012	0.00890
16	0.02744	0.64552	0.05378	0.01756	0.02634	0.04061	0.01756	0.03073	0.02085	0.02414	0.01427	0.01646	0.01317	0.00878	0.00658	0.00219	0.01097	0.00549	0.00439	0.01317
17	0.02003	0.01179	0.01500	0.01345	0.01711	0.01051	0.01035	0.02428	0.02805	0.14082	0.38277	0.07292	0.17212	0.02035	0.01177	0.00326	0.00564	0.01758	0.01123	0.01096
18	0.02663	0.02259	0.02383	0.02111	0.02711	0.02604	0.01651	0.09441	0.51512	0.04471	0.04036	0.03717	0.03019	0.01379	0.01043	0.00345	0.00838	0.01141	0.01043	0.01634
19	0.03862	0.04054	0.02979	0.02526	0.03177	0.36305	0.01969	0.24860	0.03704	0.04154	0.01951	0.02105	0.01498	0.01130	0.00967	0.00282	0.01551	0.00770	0.00735	0.01420
20	0.03901	0.02874	0.03080	0.02361	0.03182	0.03182	0.01951	0.54111	0.04825	0.06468	0.02464	0.02464	0.01745	0.01232	0.01027	0.00308	0.01129	0.00924	0.01027	0.01745
21	0.01492	0.00995	0.01119	0.01119	0.01119	0.00995	0.00622	0.01492	0.01492	0.01990	0.03233	0.06716	0.03731	0.63935	0.05223	0.00995	0.00995	0.01492	0.00622	0.00622
22	0.04604	0.01746	0.02382	0.01826	0.02620	0.01508	0.01508	0.05001	0.02937	0.58244	0.04049	0.03493	0.02540	0.01270	0.01032	0.00318	0.00873	0.01032	0.01270	0.01746
23	0.01401	0.01022	0.01317	0.01297	0.01515	0.00938	0.00952	0.01817	0.02704	0.03764	0.44901	0.17317	0.12574	0.02324	0.01228	0.00341	0.00506	0.02059	0.01087	0.00938
24	0.02128	0.01824	0.02128	0.01520	0.02432	0.01368	0.01216	0.02584	0.02128	0.03344	0.01824	0.02128	0.01520	0.00760	0.00760	0.00152	0.00760	0.00608	0.00608	0.70208
25	0.01490	0.01002	0.01157	0.01157	0.01171	0.01016	0.00669	0.01517	0.01504	0.02018	0.03199	0.06522	0.03647	0.59884	0.09159	0.01042	0.01121	0.01464	0.00617	0.00643
26	0.02058	0.05308	0.58618	0.02925	0.04442	0.02383	0.03792	0.03250	0.02167	0.03250	0.01842	0.02167	0.01300	0.00975	0.00975	0.00325	0.01517	0.00758	0.00433	0.01517
27	0.02058	0.05308	0.58618	0.02925	0.04442	0.02383	0.03792	0.03250	0.02167	0.03250	0.01842	0.02167	0.01300	0.00975	0.00975	0.00325	0.01517	0.00758	0.00433	0.01517
28	0.02683	0.59296	0.10101	0.01860	0.02794	0.03912	0.01937	0.03089	0.02092	0.02489	0.01464	0.01692	0.01315	0.00887	0.00687	0.00229	0.01135	0.00567	0.00438	0.01335
29	0.02488	0.41351	0.19363	0.02044	0.03098	0.03298	0.02243	0.03064	0.02112	0.02747	0.01584	0.01842	0.01336	0.00891	0.00756	0.00240	0.01172	0.00612	0.00457	0.09302
30	0.07242	0.08196	0.03537	0.14655	0.11851	0.11108	0.05986	0.08930	0.02465	0.03289	0.01754	0.02299	0.01431	0.01140	0.01365	0.00327	0.11715	0.00840	0.00553	0.01316
31	0.02909	0.58980	0.05112	0.01762	0.02633	0.03834	0.01734	0.03244	0.02161	0.07367	0.01659	0.01810	0.01425	0.00913	0.00692	0.00228	0.01078	0.00592	0.00513	0.01355
32	0.03026	0.02213	0.02400	0.01828	0.02658	0.05620	0.01470	0.12096	0.05975	0.14039	0.02469	0.02521	0.01830	0.00992	0.00884	0.00228	0.00919	0.00777	0.00823	0.37232
33	0.14297	0.02737	0.02837	0.02205	0.02997	0.03046	0.01821	0.46217	0.04349	0.06180	0.02304	0.02341	0.01647	0.01189	0.00966	0.00309	0.01077	0.00867	0.00966	0.01647
34	0.01213	0.01040	0.01040	0.01040	0.01386	0.00866	0.00780	0.01473	0.02339	0.02772	0.10396	0.09876	0.57117	0.02599	0.01213	0.00347	0.00520	0.02166	0.00953	0.00866
35	0.01783	0.00891	0.01337	0.01337	0.01337	0.00891	0.00891	0.01337	0.01337	0.01783	0.01783	0.03119	0.01783	0.03565	0.04011	0.70143	0.00891	0.00891	0.00446	0.00446
36	0.01492	0.00995	0.01119	0.01119	0.01119	0.00995	0.00622	0.01492	0.01492	0.01990	0.03233	0.06716	0.03731	0.63935	0.05223	0.00995	0.00995	0.01492	0.00622	0.00622
37	0.01278	0.00905	0.01183	0.01393	0.01446	0.00852	0.00915	0.01436	0.01910	0.02547	0.05377	0.56754	0.06435	0.10206	0.01760	0.00483	0.00641	0.02753	0.00915	0.00809
38	0.02744	0.64552	0.05378	0.01756	0.02634	0.04061	0.01756	0.03073	0.02085	0.02414	0.01427	0.01646	0.01317	0.00878	0.00658	0.00219	0.01097	0.00549	0.00439	0.01317
39	0.02245	0.02245	0.03143	0.02694	0.02694	0.03143	0.02245	0.02470	0.01572	0.02470	0.01347	0.02245	0.01347	0.01796	0.03368	0.00449	0.62057	0.00898	0.00449	0.01123
40	0.03755	0.02876	0.02823	0.02246	0.02970	0.11040	0.01817	0.36545	0.04158	0.11644	0.07356	0.02954	0.02479	0.01288	0.01029	0.00304	0.01148	0.00981	0.00991	0.01596
41	0.01466	0.01100	0.01649	0.01649	0.01833	0.01283	0.01283	0.01833	0.01649	0.02382	0.02749	0.04032	0.02566	0.07697	0.59868	0.01649	0.02749	0.01100	0.00550	0.00916
42	0.01636	0.00991	0.01328	0.01475	0.01619	0.00911	0.01017	0.01840	0.02077	0.09024	0.05471	0.56383	0.06298	0.02991	0.01278	0.00405	0.00627	0.02700	0.00989	0.00939
43	0.02058	0.05308	0.58618	0.02925	0.04442	0.02383	0.03792	0.03250	0.02167	0.03250	0.01842	0.02167	0.01300	0.00975	0.00975	0.00325	0.01517	0.00758	0.00433	0.01517
44	0.03131	0.03608	0.04261	0.03774	0.11888	0.26341	0.21212	0.07264	0.02784	0.03204	0.01880	0.02333	0.01483	0.00978	0.01051	0.00303	0.01662	0.00919	0.00558	0.01365
45	0.01654	0.01181	0.01654	0.01890	0.02126	0.01181	0.01654	0.02126	0.02362	0.03071	0.05433	0.11576	0.05906	0.02835	0.01417	0.00472	0.00945	0.50626	0.00945	0.00945
46	0.01679	0.01178	0.01521	0.01471	0.01642	0.01295	0.01067	0.05418	0.01857	0.02647	0.02935	0.04798	0.02900	0.25434	0.33132	0.01232	0.01881	0.01207	0.05826	0.00879
47	0.12222	0.02101	0.03343	0.30470	0.18646	0.02408	0.06300	0.02850	0.02072	0.03132	0.01777	0.02498	0.01408	0.01030	0.01147	0.00337	0.05604	0.00881	0.00499	0.01275
48	0.01654	0.01181	0.01654	0.01890	0.02126	0.01181	0.01654	0.02126	0.02362	0.03071	0.05433	0.11576	0.05906	0.02835	0.01417	0.00472	0.00945	0.50626	0.00945	0.00945
49	0.01951	0.01429	0.01655	0.01492	0.01619	0.01580	0.01014	0.09735	0.02016	0.02737	0.02897	0.05544	0.03150	0.47092	0.04361	0.00826	0.08046	0.01336	0.00664	0.00853
50	0.02556	0.02345	0.03786	0.18767	0.39456	0.02487	0.02941	0.08893	0.02556	0.03540	0.01967	0.02577	0.01579	0.00977	0.01020	0.00314	0.01244	0.00915	0.00556	0.01526
51	0.02383	0.02278	0.03882	0.20678	0.44380	0.02397	0.03071	0.03012	0.02262	0.03162	0.01903	0.02591	0.01558	0.00943	0.01019	0.00314	0.01258	0.00914	0.00494	0.01499
52	0.01353	0.01045	0.01234	0.01187	0.01472	0.00926	0.00890	0.01744	0.02670	0.03558	0.37648	0.08583	0.29375	0.02306	0.01211	0.00333	0.00499	0.01985	0.01056	0.00926
53	0.03661	0.04275	0.02962	0.02606	0.03119	0.44540	0.02008	0.11638	0.03050	0.03118	0.01694	0.01991	0.01390	0.01169	0.01222	0.00292	0.08671	0.00729	0.00596	0.01268
54	0.04604	0.01746	0.02382	0.01826	0.02620	0.01508	0.01508	0.05001	0.02937	0.58244	0.04049	0.03493	0.02540	0.01270	0.01032	0.00318	0.00873	0.01032	0.01270	0.01746
55	0.02188	0.02079	0.03529	0.38565	0.28018	0.02346	0.02974	0.02841	0.02170	0.02925	0.01868	0.02655	0.01475	0.00980	0.01022	0.00327	0.01306	0.00913	0.00478	0.01342
56	0.02058	0.05308	0.58618	0.02925	0.04442	0.02383	0.03792	0.03250	0.02167	0.03250	0.01842	0.02167	0.01300	0.00975	0.00975	0.00325	0.01517	0.00758	0.00433	0.01517
57	0.02426	0.02322	0.03960	0.16713	0.48007	0.02408	0.03093	0.03050	0.02283	0.03215	0.01910	0.02577	0.01577	0.00935	0.01018	0.00312	0.01247	0.00914	0.00498	0.01534
58	0.01305	0.01043	0.01167	0.01136	0.01443	0.00906	0.00852	0.01651	0.02557	0.03288	0.28306	0.09026	0.38885	0.02406	0.01212	0.00337	0.00506	0.02047	0.01021	0.00906
59	0.01423	0.01048	0.01330	0.01260	0.01515	0.00956	0.00945	0.01879	0.02835	0.03948	0.51204	0.07940	0.15575	0.02160	0.01211	0.00326	0.00489	0.01894	0.01108	0.00956
60	0.71184	0.01985	0.01508	0.01350	0.01985	0.02302	0.01111	0.03017	0.01746	0.04604	0.01429	0.01667	0.01111	0.00953	0.00635	0.00318	0.00794	0.00556	0.00635	0.01111
61	0.01783	0.00891	0.01337	0.01337	0.01337	0.00891	0.00891	0.01337	0.01337	0.01783	0.01783	0.03119	0.01783	0.03565	0.04011	0.70143	0.00891	0.00891	0.00446	0.00446
62	0.01466	0.01100	0.01649	0.01649	0.01833	0.01283	0.01283	0.01833	0.01649	0.02382	0.02749	0.04032	0.02566	0.07697	0.59868	0.01649	0.02749	0.01100	0.00550	0.00916
63	0.03588	0.02756	0.03092	0.02424	0.03090	0.03175	0.02006	0.44363	0.04211	0.05713	0.02253	0.02423	0.01670	0.01338	0.01469	0.00335	0.12630	0.00919	0.00918	0.01628
64	0.02553	0.02204	0.02320	0.02088	0.02669	0.02553	0.01624	0.05453	0.55679	0.04293	0.04177	0.03829	0.03133	0.01392	0.01044	0.00348	0.00812	0.01160	0.01044	0.01624
65	0.71184	0.01985	0.01508	0.01350	0.01985	0.02302	0.01111	0.03017	0.01746	0.04604	0.01429	0.01667	0.01111	0.00953	0.00635	0.00318	0.00794	0.00556	0.00635	0.01111
66	0.02128	0.01824	0.02128	0.01520	0.02432	0.01368	0.01216	0.02584	0.02128	0.03344	0.01824	0.02128	0.01520	0.00760	0.00760	0.00152	0.00760	0.00608	0.00608	0.70208
67	0.02340	0.02234	0.03804	0.24624	0.40771	0.02386	0.03050	0.02974	0.02242	0.03110	0.01895	0.02605	0.01540	0.00951	0.01019	0.00317	0.01269	0.00914	0.00491	0.01464
68	0.01241	0.00931	0.01151	0.01327	0.01462	0.00842	0.00908	0.01440	0.02062	0.02659	0.06891	0.49350	0.19905	0.03054	0.01285	0.00398	0.00576	0.02721	0.00953	0.00842
69	0.01987	0.01874	0.03167	0.56947	0.11204	0.02293	0.02875	0.02665	0.02075	0.02682	0.01833	0.02720	0.01389	0.01017	0.01025	0.00339	0.01356	0.00912	0.00460	0.01180
70	0.02191	0.10112	0.45703	0.02700	0.04023	0.02557	0.03296	0.03555	0.09945	0.03328	0.02145	0.02362	0.01568	0.01027	0.00957	0.00319	0.01377	0.00798	0.00523	0.01515
71	0.04202	0.03058	0.02697	0.02213	0.02919	0.22194	0.01758	0.13965	0.03284	0.28991	0.02889	0.02725	0.01964	0.01189	0.00994	0.00297	0.01263	0.00882	0.00965	0.01552
72	0.02744	0.64552	0.05378	0.01756	0.02634	0.04061	0.01756	0.03073	0.02085	0.02414	0.01427	0.01646	0.01317	0.00878	0.00658	0.00219	0.01097	0.00549	0.00439	0.01317
73	0.01353	0.01091	0.01524	0.01509	0.01745	0.00989	0.04713	0.01647	0.02235	0.02922	0.13978	0.36123	0.20892	0.02716	0.01262	0.00379	0.00640	0.02434	0.00946	0.00901
74	0.02744	0.64552	0.05378	0.01756	0.02634	0.04061	0.01756	0.03073	0.02085	0.02414	0.01427	0.01646	0.01317	0.00878	0.00658	0.00219	0.01097	0.00549	0.00439	0.01317
75	0.01213	0.01040	0.01040	0.01040	0.01386	0.00866	0.00780	0.01473	0.02339	0.02772	0.10396	0.09876	0.57117	0.02599	0.01213	0.00347	0.00520	0.02166	0.00953	0.00866
76	0.10826	0.03220	0.02962	0.02551	0.02986	0.23725	0.05818	0.03652	0.10478	0.03073	0.01935	0.02317	0.01601	0.01295	0.01636	0.00343	0.18907	0.00836	0.00597	0.01243
77	0.02671	0.04175	0.39035	0.02872	0.04164	0.02219	0.10084	0.03642	0.02372	0.15418	0.02362	0.02542	0.01609	0.01025	0.01020	0.00326	0.01403	0.00880	0.00630	0.01549
78	0.01250	0.00893	0.01191	0.01429	0.01488	0.00834	0.00953	0.01429	0.01965	0.02620	0.05656	0.63265	0.06787	0.03215	0.01310	0.00417	0.00595	0.02917	0.00953	0.00834
79	0.01662	0.01102	0.01299	0.01309	0.01525	0.01031	0.00955	0.01872	0.02045	0.06480	0.05995	0.08509	0.20762	0.27289	0.02861	0.00633	0.00827	0.12158	0.00840	0.00847
80	0.07000	0.02327	0.08910	0.12202	0.03524	0.02166	0.02028	0.11583	0.10211	0.14722	0.02824	0.03069	0.02074	0.02179	0.10092	0.00531	0.01348	0.00963	0.00815	0.01432
81	0.07106	0.11631	0.03644	0.15080	0.10248	0.10782	0.07902	0.06703	0.02549	0.11691	0.02133	0.02467	0.01595	0.01025	0.00955	0.00302	0.01295	0.00855	0.00650	0.01386
82	0.01473	0.01073	0.01515	0.01515	0.01652	0.01210	0.01116	0.01747	0.01610	0.02283	0.02871	0.04710	0.02860	0.21908	0.46059	0.01484	0.02306	0.01199	0.00568	0.00842
83	0.02295	0.01398	0.01603	0.01454	0.01758	0.01559	0.01144	0.03087	0.10046	0.08525	0.03241	0.03567	0.02510	0.01319	0.01179	0.00293	0.09522	0.00985	0.43368	0.01149
84	0.02710	0.30834	0.11373	0.02095	0.03068	0.02848	0.06497	0.03234	0.02233	0.09225	0.01924	0.02128	0.01520	0.00910	0.00813	0.00242	0.01111	0.00703	0.00577	0.15955

[dist]
# distance from previous block
# <min> <max>
0	2

[block]
# block no. 2 follows, 14 sequences, length 32
# corresponding to MSA columns:
# 155-186
name=unknown_C
#
# <colnr> <probs for GDERKNQSTAVLIFYWHMCP>
#	G	D	E	R	K	N	Q	S	T	A	V	L	I	F	Y	W	H	M	C	P
0	0.03049	0.12565	0.15898	0.02511	0.03304	0.26588	0.02335	0.06314	0.08795	0.03068	0.01955	0.02177	0.01549	0.01102	0.01051	0.00294	0.04763	0.00752	0.00575	0.01356
1	0.02128	0.01824	0.02128	0.01520	0.02432	0.01368	0.01216	0.02584	0.02128	0.03344	0.01824	0.02128	0.01520	0.00760	0.00760	0.00152	0.00760	0.00608	0.00608	0.70208
2	0.01658	0.01074	0.01398	0.01350	0.01606	0.00979	0.00999	0.02057	0.02675	0.08233	0.38974	0.19218	0.11260	0.02295	0.01217	0.00344	0.00542	0.02030	0.01094	0.00999
3	0.01324	0.00935	0.01221	0.01422	0.01488	0.00890	0.00963	0.01501	0.01926	0.02561	0.05257	0.49785	0.06230	0.12695	0.01933	0.00512	0.00689	0.06958	0.00900	0.00810
4	0.01434	0.01048	0.01347	0.01272	0.01522	0.00961	0.00954	0.01902	0.02862	0.04014	0.53496	0.07831	0.13242	0.02136	0.01211	0.00325	0.00487	0.01879	0.01116	0.00961
5	0.01213	0.01040	0.01040	0.01040	0.01386	0.00866	0.00780	0.01473	0.02339	0.02772	0.10396	0.09876	0.57117	0.02599	0.01213	0.00347	0.00520	0.02166	0.00953	0.00866
6	0.01741	0.01079	0.01235	0.01183	0.01445	0.01063	0.00891	0.02376	0.05903	0.03989	0.28199	0.05601	0.05923	0.01625	0.00966	0.00285	0.00502	0.01385	0.33603	0.01004
7	0.02524	0.24562	0.33669	0.02506	0.03679	0.10760	0.02881	0.03308	0.02241	0.02877	0.01672	0.01954	0.01308	0.00955	0.00865	0.00282	0.01426	0.00677	0.00448	0.01407
8	0.01425	0.01028	0.01347	0.01310	0.01527	0.00950	0.00966	0.01867	0.02777	0.03911	0.49993	0.15246	0.09288	0.02250	0.01224	0.00336	0.00499	0.02001	0.01106	0.00950
9	0.02425	0.02760	0.10580	0.22526	0.05518	0.02549	0.24512	0.09996	0.02600	0.03500	0.02020	0.02649	0.01492	0.00980	0.01099	0.00337	0.01506	0.01024	0.00558	0.01369
10	0.02547	0.01811	0.02171	0.01572	0.02464	0.01392	0.01265	0.02993	0.02265	0.12636	0.02201	0.02359	0.01693	0.00846	0.00806	0.00180	0.00779	0.00680	0.00720	0.58620
11	0.02492	0.12625	0.13320	0.04442	0.32465	0.02699	0.02832	0.03469	0.09541	0.03316	0.02143	0.02512	0.01728	0.00984	0.00957	0.00301	0.01195	0.00864	0.00558	0.01559
12	0.03038	0.08633	0.25130	0.02471	0.03451	0.16756	0.02569	0.03719	0.02516	0.13982	0.02450	0.03003	0.01892	0.01184	0.00983	0.00311	0.01399	0.04428	0.00663	0.01423
13	0.02203	0.09861	0.02147	0.01595	0.02022	0.01534	0.01345	0.02635	0.02616	0.12679	0.23526	0.07345	0.09079	0.02024	0.01162	0.00350	0.00763	0.14982	0.00998	0.01135
14	0.50453	0.11007	0.02273	0.01624	0.02274	0.12277	0.01347	0.03207	0.01989	0.03951	0.01455	0.01695	0.01175	0.00960	0.00687	0.00295	0.01014	0.00573	0.00590	0.01153
15	0.01695	0.01057	0.01304	0.01356	0.01609	0.00936	0.00972	0.01930	0.02219	0.10253	0.06982	0.37714	0.22613	0.02749	0.01240	0.00380	0.00609	0.02415	0.00996	0.00969
16	0.02128	0.01824	0.02128	0.01520	0.02432	0.01368	0.01216	0.02584	0.02128	0.03344	0.01824	0.02128	0.01520	0.00760	0.00760	0.00152	0.00760	0.00608	0.00608	0.70208
17	0.02041	0.01642	0.01804	0.01665	0.02021	0.01807	0.01222	0.03667	0.30251	0.03651	0.15145	0.05401	0.04681	0.17956	0.02176	0.00512	0.00790	0.01395	0.00952	0.01222
18	0.03101	0.02798	0.02823	0.02382	0.02910	0.10690	0.01911	0.20495	0.20418	0.04372	0.02664	0.02778	0.02054	0.01380	0.01516	0.00345	0.14063	0.00959	0.00842	0.01498
19	0.04604	0.01746	0.02382	0.01826	0.02620	0.01508	0.01508	0.05001	0.02937	0.58244	0.04049	0.03493	0.02540	0.01270	0.01032	0.00318	0.00873	0.01032	0.01270	0.01746
20	0.01470	0.01082	0.01560	0.01560	0.01712	0.01234	0.01171	0.01775	0.01623	0.02316	0.02831	0.04486	0.02763	0.17216	0.50619	0.01539	0.02452	0.01166	0.00562	0.00866
21	0.02417	0.01718	0.05751	0.14893	0.03304	0.01653	0.01815	0.02906	0.02222	0.16268	0.06978	0.08103	0.02995	0.02829	0.13988	0.00624	0.04661	0.01194	0.04463	0.01216
22	0.04171	0.01921	0.02434	0.01909	0.02648	0.01817	0.01558	0.15396	0.03267	0.42332	0.03838	0.08253	0.02721	0.01424	0.01054	0.00324	0.00906	0.01166	0.01191	0.01670
23	0.01897	0.02241	0.11528	0.06995	0.07254	0.01772	0.10697	0.02733	0.05922	0.03682	0.27533	0.04986	0.05364	0.01501	0.01135	0.00329	0.00998	0.01391	0.00815	0.01227
24	0.02312	0.24288	0.11096	0.02061	0.02789	0.10377	0.05607	0.02758	0.02260	0.02695	0.03648	0.11622	0.11523	0.01525	0.00962	0.00298	0.01138	0.01238	0.00613	0.01190
25	0.02312	0.13161	0.47821	0.02696	0.04080	0.02557	0.03370	0.03336	0.02204	0.06596	0.01924	0.02179	0.01380	0.00980	0.00935	0.00310	0.01419	0.00747	0.00487	0.01504
26	0.01382	0.01046	0.01274	0.01217	0.01490	0.00938	0.00913	0.01801	0.02739	0.03721	0.43323	0.08314	0.23598	0.02245	0.01211	0.00330	0.00495	0.01947	0.01078	0.00938
27	0.02122	0.02012	0.03410	0.44609	0.22490	0.02328	0.02941	0.02783	0.02139	0.02845	0.01856	0.02676	0.01447	0.00992	0.01023	0.00331	0.01323	0.00913	0.00472	0.01288
28	0.02240	0.14125	0.41821	0.02616	0.03892	0.02671	0.03147	0.03553	0.10190	0.03276	0.02127	0.02335	0.01578	0.01022	0.00936	0.00312	0.01345	0.00786	0.00526	0.01502
29	0.02744	0.64552	0.05378	0.01756	0.02634	0.04061	0.01756	0.03073	0.02085	0.02414	0.01427	0.01646	0.01317	0.00878	0.00658	0.00219	0.01097	0.00549	0.00439	0.01317
30	0.66221	0.02050	0.01624	0.01424	0.02073	0.02367	0.01173	0.06785	0.01973	0.04742	0.01505	0.01726	0.01158	0.00973	0.00664	0.00317	0.00819	0.00583	0.00664	0.01158
31	0.02553	0.02204	0.02320	0.02088	0.02669	0.02553	0.01624	0.05453	0.55679	0.04293	0.04177	0.03829	0.03133	0.01392	0.01044	0.00348	0.00812	0.01160	0.01044	0.01624

[dist]
# distance from previous block
# <min> <max>
0	2

[block]
# block no. 3 follows, 14 sequences, length 139
# corresponding to MSA columns:
# 189-327
name=unknown_D
#
# <colnr> <probs for GDERKNQSTAVLIFYWHMCP>
#	G	D	E	R	K	N	Q	S	T	A	V	L	I	F	Y	W	H	M	C	P
0	0.02212	0.04232	0.36355	0.03518	0.04832	0.02473	0.24975	0.03266	0.02275	0.03266	0.01941	0.02421	0.01409	0.00928	0.01075	0.00334	0.01607	0.00950	0.00470	0.01460
1	0.02540	0.02438	0.04165	0.06299	0.57533	0.02438	0.03149	0.03149	0.02337	0.03353	0.01930	0.02540	0.01626	0.00914	0.01016	0.00305	0.01219	0.00914	0.00508	0.01626
2	0.03771	0.02697	0.10329	0.02459	0.03386	0.02295	0.08649	0.20250	0.03375	0.27559	0.03005	0.02900	0.02000	0.01168	0.01046	0.00319	0.01148	0.00985	0.00988	0.01670
3	0.02315	0.02806	0.11660	0.16128	0.21677	0.02457	0.21586	0.03107	0.02289	0.03170	0.01951	0.02614	0.01507	0.00926	0.01084	0.00330	0.01473	0.01002	0.00492	0.01427
4	0.02461	0.02385	0.04152	0.12753	0.48320	0.02429	0.06220	0.03095	0.02308	0.03262	0.01927	0.02577	0.01591	0.00925	0.01029	0.00312	0.01268	0.00932	0.00502	0.01553
5	0.01845	0.01461	0.01710	0.01576	0.01938	0.01534	0.01202	0.03191	0.21736	0.04179	0.38146	0.06297	0.07346	0.01846	0.01151	0.00332	0.00601	0.01608	0.01099	0.01202
6	0.01567	0.01119	0.01321	0.01276	0.01276	0.01209	0.00784	0.01590	0.01500	0.02038	0.03045	0.06270	0.03493	0.57744	0.05038	0.00941	0.07079	0.01433	0.00605	0.00672
7	0.02209	0.02289	0.07472	0.01796	0.02263	0.12055	0.01511	0.02854	0.06167	0.07084	0.31492	0.08869	0.06264	0.01764	0.01119	0.00319	0.00891	0.01494	0.00943	0.01147
8	0.03289	0.03294	0.03048	0.02570	0.03005	0.21266	0.02066	0.19701	0.03052	0.03777	0.01785	0.02190	0.01468	0.01378	0.01830	0.00344	0.23100	0.00831	0.00661	0.01346
9	0.01321	0.00971	0.01238	0.01325	0.01491	0.00888	0.00935	0.01624	0.02366	0.03197	0.25421	0.35313	0.14693	0.02715	0.01260	0.00372	0.00544	0.02420	0.01019	0.00888
10	0.02128	0.01824	0.02128	0.01520	0.02432	0.01368	0.01216	0.02584	0.02128	0.03344	0.01824	0.02128	0.01520	0.00760	0.00760	0.00152	0.00760	0.00608	0.00608	0.70208
11	0.02827	0.02511	0.02358	0.02082	0.02653	0.09816	0.01622	0.11251	0.37021	0.04298	0.03541	0.03399	0.02671	0.01309	0.00994	0.00321	0.00953	0.01045	0.07810	0.01518
12	0.02603	0.04222	0.35589	0.02780	0.03996	0.02618	0.06085	0.16553	0.08197	0.04184	0.02248	0.02445	0.01612	0.01076	0.01009	0.00324	0.01360	0.00868	0.00652	0.01578
13	0.01349	0.01045	0.01228	0.01182	0.01470	0.00924	0.00887	0.01736	0.02660	0.03534	0.36836	0.08622	0.30201	0.02315	0.01211	0.00333	0.00500	0.01990	0.01053	0.00924
14	0.46541	0.03006	0.18478	0.02002	0.02921	0.02345	0.05311	0.03102	0.01913	0.04123	0.01591	0.01884	0.01195	0.00953	0.00772	0.00322	0.01066	0.00657	0.00569	0.01247
15	0.03898	0.02077	0.03570	0.02635	0.03508	0.01860	0.18432	0.04447	0.02771	0.40460	0.03410	0.03258	0.02222	0.01139	0.01090	0.00327	0.01151	0.01090	0.01027	0.01629
16	0.02414	0.01960	0.02087	0.01866	0.02321	0.02215	0.01399	0.09283	0.36676	0.03917	0.03764	0.04435	0.03148	0.17462	0.02117	0.00510	0.00891	0.01222	0.00934	0.01379
17	0.02208	0.18272	0.46968	0.02669	0.04046	0.02750	0.03346	0.03211	0.02149	0.03067	0.01751	0.02053	0.01304	0.00954	0.00906	0.00302	0.01425	0.00712	0.00435	0.01473
18	0.04358	0.01754	0.02356	0.01795	0.02601	0.01494	0.01479	0.04760	0.02857	0.52774	0.03827	0.03357	0.02439	0.01219	0.01005	0.00301	0.00862	0.00990	0.01204	0.08568
19	0.02058	0.05308	0.58618	0.02925	0.04442	0.02383	0.03792	0.03250	0.02167	0.03250	0.01842	0.02167	0.01300	0.00975	0.00975	0.00325	0.01517	0.00758	0.00433	0.01517
20	0.02312	0.04953	0.53015	0.02815	0.04260	0.02296	0.03564	0.03424	0.02243	0.08729	0.02062	0.02299	0.01424	0.01004	0.00981	0.00324	0.01453	0.00786	0.00517	0.01540
21	0.01213	0.01040	0.01040	0.01040	0.01386	0.00866	0.00780	0.01473	0.02339	0.02772	0.10396	0.09876	0.57117	0.02599	0.01213	0.00347	0.00520	0.02166	0.00953	0.00866
22	0.71184	0.01985	0.01508	0.01350	0.01985	0.02302	0.01111	0.03017	0.01746	0.04604	0.01429	0.01667	0.01111	0.00953	0.00635	0.00318	0.00794	0.00556	0.00635	0.01111
23	0.01452	0.01049	0.01372	0.01291	0.01533	0.00968	0.00968	0.01937	0.02905	0.04115	0.56992	0.07666	0.09683	0.02098	0.01210	0.00323	0.00484	0.01856	0.01130	0.00968
24	0.02058	0.05308	0.58618	0.02925	0.04442	0.02383	0.03792	0.03250	0.02167	0.03250	0.01842	0.02167	0.01300	0.00975	0.00975	0.00325	0.01517	0.00758	0.00433	0.01517
25	0.02245	0.02245	0.03143	0.02694	0.02694	0.03143	0.02245	0.02470	0.01572	0.02470	0.01347	0.02245	0.01347	0.01796	0.03368	0.00449	0.62057	0.00898	0.00449	0.01123
26	0.01250	0.00893	0.01191	0.01429	0.01488	0.00834	0.00953	0.01429	0.01965	0.02620	0.05656	0.63265	0.06787	0.03215	0.01310	0.00417	0.00595	0.02917	0.00953	0.00834
27	0.01250	0.00893	0.01191	0.01429	0.01488	0.00834	0.00953	0.01429	0.01965	0.02620	0.05656	0.63265	0.06787	0.03215	0.01310	0.00417	0.00595	0.02917	0.00953	0.00834
28	0.01938	0.01824	0.03078	0.61468	0.07068	0.02280	0.02850	0.02622	0.02052	0.02622	0.01824	0.02736	0.01368	0.01026	0.01026	0.00342	0.01368	0.00912	0.00456	0.01140
29	0.02831	0.59787	0.05180	0.01827	0.02677	0.08514	0.01774	0.03155	0.02151	0.02422	0.01439	0.01663	0.01317	0.00892	0.00680	0.00223	0.01158	0.00558	0.00446	0.01307
30	0.01452	0.01049	0.01372	0.01291	0.01533	0.00968	0.00968	0.01937	0.02905	0.04115	0.56992	0.07666	0.09683	0.02098	0.01210	0.00323	0.00484	0.01856	0.01130	0.00968
31	0.02468	0.02365	0.04036	0.12874	0.51519	0.02419	0.03114	0.03087	0.02303	0.03266	0.01918	0.02563	0.01595	0.00928	0.01017	0.00309	0.01237	0.00914	0.00502	0.01568
32	0.02744	0.64552	0.05378	0.01756	0.02634	0.04061	0.01756	0.03073	0.02085	0.02414	0.01427	0.01646	0.01317	0.00878	0.00658	0.00219	0.01097	0.00549	0.00439	0.01317
33	0.04406	0.02555	0.02517	0.02036	0.02762	0.16504	0.01630	0.04769	0.02930	0.43910	0.03415	0.03071	0.02227	0.01215	0.01005	0.00304	0.01125	0.00937	0.01079	0.01603
34	0.02808	0.02147	0.02328	0.02056	0.02662	0.02422	0.01610	0.05397	0.49105	0.11018	0.04161	0.03787	0.03059	0.01377	0.01043	0.00344	0.00820	0.01144	0.01072	0.01640
35	0.01772	0.01103	0.01432	0.01360	0.01643	0.01000	0.01015	0.02171	0.02691	0.10184	0.37523	0.17565	0.12088	0.02245	0.01208	0.00341	0.00554	0.01978	0.01100	0.01028
36	0.03901	0.02874	0.03080	0.02361	0.03182	0.03182	0.01951	0.54111	0.04825	0.06468	0.02464	0.02464	0.01745	0.01232	0.01027	0.00308	0.01129	0.00924	0.01027	0.01745
37	0.02800	0.02328	0.02460	0.02139	0.02763	0.02668	0.01684	0.14398	0.46331	0.04693	0.03862	0.03578	0.02878	0.01363	0.01041	0.00341	0.00870	0.01117	0.01041	0.01647
38	0.01250	0.00893	0.01191	0.01429	0.01488	0.00834	0.00953	0.01429	0.01965	0.02620	0.05656	0.63265	0.06787	0.03215	0.01310	0.00417	0.00595	0.02917	0.00953	0.00834
39	0.04275	0.02275	0.02708	0.02076	0.02883	0.02292	0.01715	0.27996	0.03821	0.34000	0.03307	0.03011	0.02168	0.01252	0.01029	0.00313	0.00993	0.00981	0.01156	0.01746
40	0.15653	0.02293	0.02361	0.01999	0.02664	0.02581	0.01601	0.16835	0.29371	0.08967	0.03244	0.03073	0.02378	0.01263	0.00964	0.00330	0.00891	0.00982	0.00982	0.01569
41	0.02411	0.23116	0.15772	0.10277	0.11187	0.02969	0.14373	0.03113	0.02207	0.02926	0.01770	0.02251	0.01414	0.00917	0.00938	0.00295	0.01374	0.00832	0.00467	0.01391
42	0.01452	0.01049	0.01372	0.01291	0.01533	0.00968	0.00968	0.01937	0.02905	0.04115	0.56992	0.07666	0.09683	0.02098	0.01210	0.00323	0.00484	0.01856	0.01130	0.00968
43	0.12158	0.09840	0.03123	0.02446	0.08268	0.02761	0.01852	0.26537	0.03481	0.16032	0.02482	0.02485	0.01766	0.01131	0.00934	0.00300	0.01040	0.00854	0.00906	0.01603
44	0.11072	0.11184	0.22883	0.02303	0.03337	0.02720	0.02423	0.15903	0.06869	0.08563	0.02246	0.02346	0.01626	0.01078	0.00917	0.00308	0.01179	0.00801	0.00716	0.01526
45	0.02226	0.02015	0.03328	0.04855	0.39779	0.02010	0.02618	0.02770	0.02315	0.03228	0.03067	0.09342	0.03060	0.01557	0.01136	0.00354	0.01105	0.13187	0.00648	0.01400
46	0.01909	0.01120	0.01447	0.01397	0.01690	0.01006	0.01034	0.02250	0.02533	0.12951	0.25084	0.25211	0.13612	0.02379	0.01212	0.00355	0.00593	0.02095	0.01074	0.01048
47	0.02368	0.02030	0.03088	0.08427	0.03479	0.02238	0.12341	0.03618	0.18692	0.07495	0.03398	0.10780	0.02975	0.01601	0.01431	0.00374	0.08946	0.04583	0.00802	0.01334
48	0.25700	0.02113	0.02282	0.01811	0.02561	0.02193	0.01495	0.16998	0.03042	0.27786	0.02804	0.02645	0.01879	0.01159	0.00904	0.00315	0.00914	0.00852	0.01005	0.01543
49	0.01250	0.00893	0.01191	0.01429	0.01488	0.00834	0.00953	0.01429	0.01965	0.02620	0.05656	0.63265	0.06787	0.03215	0.01310	0.00417	0.00595	0.02917	0.00953	0.00834
50	0.02386	0.02311	0.03525	0.36067	0.18713	0.06102	0.06100	0.06788	0.02410	0.03127	0.01899	0.02613	0.01469	0.01006	0.01029	0.00326	0.01368	0.00917	0.00521	0.01323
51	0.63004	0.02011	0.01605	0.01438	0.02066	0.02332	0.01173	0.03307	0.08174	0.04567	0.01756	0.01925	0.01352	0.01005	0.00684	0.00321	0.00796	0.00628	0.00684	0.01173
52	0.01250	0.00893	0.01191	0.01429	0.01488	0.00834	0.00953	0.01429	0.01965	0.02620	0.05656	0.63265	0.06787	0.03215	0.01310	0.00417	0.00595	0.02917	0.00953	0.00834
53	0.02616	0.03034	0.16680	0.08126	0.26064	0.02334	0.12394	0.03385	0.02367	0.09813	0.02183	0.02623	0.01631	0.00969	0.01045	0.00321	0.01349	0.00947	0.00580	0.01540
54	0.17451	0.02264	0.02455	0.05821	0.02967	0.02493	0.01681	0.20161	0.15297	0.14789	0.02890	0.02817	0.02053	0.01205	0.00951	0.00323	0.00956	0.00921	0.00957	0.01548
55	0.01986	0.01873	0.03165	0.57062	0.11099	0.02293	0.02874	0.02664	0.02075	0.02680	0.01832	0.02720	0.01389	0.01017	0.01025	0.00339	0.01356	0.00912	0.00460	0.01179
56	0.01250	0.00893	0.01191	0.01429	0.01488	0.00834	0.00953	0.01429	0.01965	0.02620	0.05656	0.63265	0.06787	0.03215	0.01310	0.00417	0.00595	0.02917	0.00953	0.00834
57	0.07152	0.02344	0.12934	0.06310	0.08541	0.01761	0.05143	0.03189	0.02370	0.17469	0.06743	0.15186	0.03303	0.01562	0.01071	0.00341	0.01024	0.01372	0.00826	0.01356
58	0.02086	0.05116	0.54637	0.03031	0.04511	0.02399	0.07580	0.03253	0.02186	0.03253	0.01859	0.02212	0.01319	0.00967	0.00993	0.00327	0.01533	0.00793	0.00440	0.01507
59	0.01261	0.01041	0.01106	0.01090	0.01415	0.00887	0.00817	0.01565	0.02452	0.03040	0.19671	0.09436	0.47675	0.02499	0.01212	0.00342	0.00513	0.02104	0.00988	0.00887
60	0.02676	0.02552	0.04463	0.11791	0.23791	0.02608	0.19846	0.12498	0.02787	0.03812	0.02064	0.02627	0.01593	0.00970	0.01084	0.00324	0.01392	0.01015	0.00601	0.01506
61	0.06997	0.03503	0.24971	0.07295	0.13091	0.02399	0.12109	0.06547	0.02436	0.07917	0.02086	0.02465	0.01519	0.00987	0.01013	0.00324	0.01374	0.00894	0.00580	0.01493
62	0.01466	0.01100	0.01649	0.01649	0.01833	0.01283	0.01283	0.01833	0.01649	0.02382	0.02749	0.04032	0.02566	0.07697	0.59868	0.01649	0.02749	0.01100	0.00550	0.00916
63	0.01418	0.01013	0.01383	0.01620	0.01753	0.00978	0.01243	0.01718	0.02130	0.02807	0.05564	0.41823	0.06422	0.03057	0.01354	0.00440	0.00740	0.22708	0.00949	0.00880
64	0.11144	0.19068	0.15990	0.02253	0.03215	0.06146	0.05560	0.07431	0.02512	0.14343	0.02173	0.02281	0.01581	0.01023	0.00881	0.00292	0.01201	0.00772	0.00681	0.01452
65	0.02625	0.01535	0.02200	0.02339	0.09190	0.01544	0.01575	0.02935	0.02278	0.20701	0.04123	0.28557	0.04076	0.02114	0.01438	0.00374	0.08394	0.01800	0.00936	0.01266
66	0.01452	0.01049	0.01372	0.01291	0.01533	0.00968	0.00968	0.01937	0.02905	0.04115	0.56992	0.07666	0.09683	0.02098	0.01210	0.00323	0.00484	0.01856	0.01130	0.00968
67	0.01631	0.01129	0.01402	0.01401	0.01655	0.01067	0.01023	0.02166	0.06719	0.06747	0.25402	0.26698	0.14139	0.02446	0.01221	0.00360	0.00578	0.02160	0.01046	0.01008
68	0.12453	0.26646	0.13485	0.02014	0.02951	0.03017	0.02024	0.11515	0.02612	0.11505	0.02041	0.02136	0.01529	0.01018	0.00824	0.00280	0.01103	0.00716	0.00678	0.01454
69	0.64364	0.08219	0.01894	0.01390	0.02049	0.02477	0.01176	0.03022	0.01780	0.04386	0.01429	0.01665	0.01132	0.00945	0.00637	0.00308	0.00824	0.00555	0.00616	0.01132
70	0.02586	0.02489	0.03656	0.14775	0.25892	0.05931	0.07701	0.06801	0.12825	0.03543	0.02374	0.02802	0.01854	0.01051	0.01038	0.00322	0.01250	0.00977	0.00638	0.01495
71	0.01250	0.00893	0.01191	0.01429	0.01488	0.00834	0.00953	0.01429	0.01965	0.02620	0.05656	0.63265	0.06787	0.03215	0.01310	0.00417	0.00595	0.02917	0.00953	0.00834
72	0.02128	0.01824	0.02128	0.01520	0.02432	0.01368	0.01216	0.02584	0.02128	0.03344	0.01824	0.02128	0.01520	0.00760	0.00760	0.00152	0.00760	0.00608	0.00608	0.70208
73	0.01498	0.01103	0.01416	0.01409	0.01637	0.01060	0.01052	0.02080	0.06176	0.03763	0.40011	0.18727	0.08434	0.02320	0.01232	0.00353	0.00557	0.05111	0.01077	0.00983
74	0.03644	0.04576	0.02936	0.02650	0.03116	0.53061	0.02014	0.03904	0.02749	0.02507	0.01558	0.01898	0.01325	0.01146	0.01216	0.00286	0.09026	0.00689	0.00519	0.01182
75	0.02263	0.02297	0.03433	0.02857	0.02960	0.03089	0.07383	0.02551	0.01656	0.02551	0.01420	0.02297	0.01368	0.01703	0.03153	0.00439	0.56046	0.00929	0.00456	0.01149
76	0.02499	0.43412	0.24375	0.02173	0.03279	0.03462	0.02482	0.03136	0.02114	0.02713	0.01575	0.01832	0.01311	0.00913	0.00771	0.00257	0.01247	0.00624	0.00437	0.01388
77	0.01229	0.01040	0.01062	0.01056	0.01396	0.00873	0.00792	0.01503	0.02377	0.02861	0.13479	0.09730	0.53978	0.02566	0.01213	0.00345	0.00517	0.02145	0.00965	0.00873
78	0.01616	0.01349	0.01494	0.01643	0.01853	0.05688	0.01279	0.01940	0.02292	0.02887	0.08821	0.28903	0.12519	0.02757	0.01302	0.00411	0.00812	0.20592	0.00926	0.00916
79	0.27498	0.02583	0.05567	0.09293	0.03099	0.12641	0.01741	0.03486	0.02253	0.14400	0.02153	0.02406	0.01588	0.01556	0.05323	0.00412	0.01267	0.00768	0.00701	0.01265
80	0.10308	0.02414	0.07989	0.02201	0.02639	0.09184	0.05688	0.02556	0.01998	0.02890	0.02903	0.10609	0.05936	0.02848	0.13112	0.00617	0.13201	0.01212	0.00601	0.01095
81	0.01287	0.00922	0.01224	0.01404	0.01497	0.00858	0.00955	0.01522	0.02138	0.02895	0.15093	0.53044	0.07320	0.03010	0.01292	0.00399	0.00575	0.02722	0.00985	0.00858
82	0.02422	0.02768	0.06055	0.04325	0.05363	0.02595	0.53806	0.03287	0.02422	0.03287	0.02076	0.02768	0.01557	0.00865	0.01211	0.00346	0.01730	0.01211	0.00519	0.01384
83	0.02726	0.47717	0.14918	0.02059	0.03020	0.09307	0.02153	0.03208	0.02182	0.02578	0.01519	0.01762	0.01314	0.00914	0.00743	0.00243	0.01250	0.00598	0.00447	0.01341
84	0.02459	0.01378	0.01677	0.01472	0.01951	0.01249	0.01175	0.06055	0.02787	0.19498	0.16714	0.07237	0.24255	0.02044	0.01164	0.00341	0.00690	0.05565	0.01084	0.01206
85	0.01464	0.00983	0.01128	0.01156	0.01163	0.00976	0.00661	0.01485	0.01549	0.02065	0.03522	0.13455	0.04095	0.56698	0.04757	0.00926	0.00947	0.01662	0.00661	0.00647
86	0.03681	0.04571	0.02838	0.02578	0.03112	0.52990	0.01940	0.04259	0.09197	0.02724	0.01895	0.02086	0.01538	0.01097	0.00939	0.00274	0.01727	0.00720	0.00590	0.01241
87	0.08218	0.01002	0.01222	0.01421	0.01538	0.00980	0.00968	0.01587	0.01943	0.02817	0.05235	0.57128	0.06222	0.02990	0.01243	0.00407	0.00615	0.02682	0.00921	0.00861
88	0.01250	0.00893	0.01191	0.01429	0.01488	0.00834	0.00953	0.01429	0.01965	0.02620	0.05656	0.63265	0.06787	0.03215	0.01310	0.00417	0.00595	0.02917	0.00953	0.00834
89	0.02128	0.01824	0.02128	0.01520	0.02432	0.01368	0.01216	0.02584	0.02128	0.03344	0.01824	0.02128	0.01520	0.00760	0.00760	0.00152	0.00760	0.00608	0.00608	0.70208
90	0.03841	0.04651	0.02929	0.02610	0.03174	0.53066	0.01979	0.10058	0.03137	0.02983	0.01691	0.01924	0.01372	0.01078	0.00937	0.00270	0.01765	0.00692	0.00588	0.01256
91	0.01381	0.00986	0.01341	0.01578	0.01695	0.00946	0.01179	0.01655	0.02093	0.02766	0.05584	0.46538	0.06502	0.03092	0.01345	0.00435	0.00709	0.18356	0.00950	0.00870
92	0.16971	0.04043	0.02659	0.02352	0.02942	0.40689	0.01808	0.10878	0.02950	0.03472	0.01678	0.01901	0.01340	0.01061	0.00883	0.00281	0.01544	0.00677	0.00619	0.01252
93	0.09950	0.01178	0.01409	0.01400	0.01688	0.01137	0.01054	0.02139	0.02417	0.07891	0.24279	0.23305	0.10594	0.02307	0.01170	0.00361	0.00617	0.05101	0.01005	0.00999
94	0.10817	0.04184	0.40310	0.02512	0.03776	0.02195	0.03005	0.03580	0.02274	0.14659	0.02244	0.02378	0.01531	0.01033	0.00946	0.00323	0.01299	0.00790	0.00629	0.01515
95	0.03026	0.11198	0.17967	0.02365	0.03276	0.02850	0.02353	0.23983	0.03284	0.07638	0.05435	0.02634	0.02062	0.01218	0.01164	0.00314	0.06041	0.00892	0.00768	0.01534
96	0.01327	0.00967	0.01354	0.01508	0.01611	0.00994	0.01070	0.01573	0.01852	0.02535	0.04619	0.42129	0.05281	0.04814	0.22205	0.00857	0.01364	0.02269	0.00809	0.00863
97	0.03164	0.02003	0.02334	0.01875	0.02484	0.02066	0.01514	0.25921	0.03772	0.15720	0.22230	0.04521	0.04733	0.01548	0.01093	0.00315	0.00849	0.01278	0.01111	0.01468
98	0.02456	0.02277	0.03731	0.23615	0.37065	0.02447	0.02958	0.07052	0.02444	0.03368	0.01939	0.02596	0.01553	0.00975	0.01020	0.00317	0.01260	0.00914	0.00533	0.01480
