[name]
unknown

[dist]
# distance from previous block
# <min> <max>
0	47

[block]
# block no. 0 follows, 13 sequences, length 7
# corresponding to MSA columns:
# 54-60
name=unknown_A
#
# <colnr> <probs for GDERKNQSTAVLIFYWHMCP>
#	G	D	E	R	K	N	Q	S	T	A	V	L	I	F	Y	W	H	M	C	P
0	0.02479	0.02106	0.06622	0.01817	0.02616	0.01659	0.01547	0.03414	0.11580	0.10484	0.03125	0.10497	0.02687	0.01315	0.00963	0.00265	0.00849	0.01107	0.00827	0.34039
1	0.02708	0.01967	0.02807	0.07219	0.03294	0.01817	0.08157	0.06757	0.05754	0.13108	0.03031	0.10522	0.02570	0.01318	0.01029	0.00289	0.00997	0.01180	0.00827	0.24650
2	0.01464	0.01122	0.01587	0.01587	0.01806	0.01245	0.01229	0.01822	0.01826	0.02526	0.04237	0.05227	0.12125	0.06993	0.48417	0.01460	0.02423	0.01329	0.00640	0.00935
3	0.40902	0.02096	0.01928	0.01681	0.02285	0.02354	0.01347	0.16013	0.02681	0.04905	0.02500	0.12260	0.02318	0.01456	0.00880	0.00342	0.00875	0.01089	0.00817	0.01270
4	0.02756	0.17895	0.03457	0.14496	0.09622	0.02530	0.02036	0.07119	0.02517	0.11622	0.02905	0.13183	0.02644	0.01463	0.01010	0.00322	0.01077	0.01231	0.00743	0.01372
5	0.01916	0.02241	0.09953	0.45132	0.06168	0.02173	0.02785	0.02632	0.02168	0.02806	0.03031	0.03700	0.08484	0.01261	0.01075	0.00351	0.01316	0.01087	0.00533	0.01188
6	0.06073	0.02439	0.03462	0.18627	0.17860	0.06455	0.06453	0.03555	0.09728	0.06150	0.02314	0.02807	0.01798	0.01150	0.01256	0.00345	0.06498	0.00969	0.00634	0.01427

[dist]
# distance from previous block
# <min> <max>
4	7

[block]
# block no. 1 follows, 13 sequences, length 22
# corresponding to MSA columns:
# 68-89
name=unknown_B
#
# <colnr> <probs for GDERKNQSTAVLIFYWHMCP>
#	G	D	E	R	K	N	Q	S	T	A	V	L	I	F	Y	W	H	M	C	P
0	0.02808	0.11805	0.03355	0.02192	0.02916	0.02202	0.10521	0.09205	0.02925	0.13598	0.14881	0.04440	0.08085	0.01436	0.01074	0.00309	0.01002	0.01262	0.00907	0.05077
1	0.02783	0.16113	0.17905	0.02916	0.12126	0.02609	0.02489	0.06887	0.02517	0.09175	0.02107	0.02343	0.01609	0.00985	0.00913	0.00274	0.01181	0.00777	0.00628	0.13664
2	0.02759	0.23795	0.03619	0.09292	0.03116	0.02804	0.01866	0.03163	0.02342	0.12526	0.10682	0.03281	0.02976	0.01366	0.01384	0.00319	0.11686	0.00981	0.00723	0.01319
3	0.12517	0.01180	0.01283	0.01301	0.01435	0.01240	0.00848	0.01811	0.01682	0.02637	0.03431	0.15672	0.03858	0.37030	0.09021	0.00872	0.01092	0.01606	0.00697	0.00790
4	0.51072	0.01987	0.01726	0.01560	0.02150	0.02255	0.01282	0.08221	0.02205	0.04613	0.02201	0.03357	0.01975	0.04402	0.01039	0.00382	0.00885	0.06784	0.00737	0.01168
5	0.15007	0.46031	0.04575	0.01801	0.02655	0.03763	0.01712	0.08458	0.02388	0.03337	0.01585	0.01790	0.01366	0.00957	0.00715	0.00254	0.01078	0.00608	0.00553	0.01366
6	0.58120	0.01856	0.01453	0.01318	0.01900	0.02125	0.01073	0.02993	0.01874	0.04601	0.01825	0.02114	0.01424	0.01026	0.00669	0.00313	0.00760	0.00646	0.12794	0.01117
7	0.70310	0.02045	0.01554	0.01390	0.02045	0.02372	0.01145	0.03108	0.01799	0.04744	0.01472	0.01718	0.01145	0.00981	0.00654	0.00327	0.00818	0.00573	0.00654	0.01145
8	0.04575	0.02070	0.02621	0.02010	0.02834	0.01956	0.01660	0.16239	0.03480	0.45252	0.03791	0.03352	0.02426	0.01299	0.01062	0.00325	0.00961	0.01037	0.01250	0.01799
9	0.01533	0.01044	0.01251	0.01251	0.01284	0.01078	0.00762	0.01600	0.01566	0.02122	0.03242	0.06426	0.03630	0.53047	0.14884	0.01145	0.01347	0.01465	0.00627	0.00695
10	0.02192	0.01879	0.02192	0.01566	0.02506	0.01409	0.01253	0.02662	0.02192	0.03445	0.01879	0.02192	0.01566	0.00783	0.00783	0.00157	0.00783	0.00626	0.00626	0.69305
11	0.02121	0.05469	0.57364	0.03014	0.04576	0.02455	0.03906	0.03348	0.02232	0.03348	0.01897	0.02232	0.01339	0.01005	0.01005	0.00335	0.01563	0.00781	0.00446	0.01563
12	0.01707	0.01454	0.02072	0.11605	0.12146	0.01456	0.01606	0.02129	0.02388	0.03158	0.17274	0.06707	0.20217	0.09573	0.01703	0.00427	0.00857	0.01633	0.00817	0.01070
13	0.02026	0.01851	0.02593	0.11505	0.03004	0.02422	0.01904	0.02263	0.01674	0.02419	0.02058	0.03797	0.02139	0.20292	0.03665	0.00616	0.33136	0.01114	0.00518	0.01002
14	0.02195	0.01398	0.01881	0.01668	0.01969	0.01449	0.01307	0.02618	0.02726	0.13292	0.35085	0.09182	0.07125	0.02022	0.01576	0.00358	0.10262	0.01662	0.01067	0.01159
15	0.04092	0.01829	0.02323	0.01821	0.02568	0.01665	0.01491	0.10567	0.03173	0.41958	0.05014	0.04520	0.11044	0.01523	0.01092	0.00331	0.00875	0.01237	0.01225	0.01654
16	0.02369	0.03738	0.23556	0.03968	0.05204	0.02600	0.35979	0.03374	0.02406	0.03374	0.02057	0.02642	0.01515	0.00930	0.01165	0.00349	0.01708	0.01090	0.00505	0.01472
17	0.02394	0.01639	0.02459	0.02093	0.02551	0.01712	0.07787	0.03220	0.10459	0.12570	0.03273	0.04153	0.02730	0.10695	0.26211	0.00998	0.01842	0.01188	0.00784	0.01242
18	0.12953	0.01735	0.01918	0.01521	0.02258	0.01466	0.01187	0.02521	0.02099	0.03520	0.02518	0.12812	0.02467	0.01266	0.00863	0.00233	0.00758	0.01042	0.00694	0.46167
19	0.13050	0.12684	0.02545	0.01762	0.02211	0.02226	0.01426	0.05957	0.02188	0.03333	0.03135	0.23463	0.03392	0.01908	0.01304	0.00344	0.08397	0.01517	0.00737	0.08422
20	0.18684	0.18710	0.18613	0.02156	0.03172	0.02942	0.02259	0.11291	0.02606	0.07815	0.01955	0.02123	0.01463	0.01038	0.00853	0.00302	0.01168	0.00725	0.00656	0.01468
21	0.01895	0.01529	0.02040	0.12214	0.03075	0.01576	0.01694	0.02666	0.08774	0.03156	0.04038	0.12751	0.04103	0.06377	0.01499	0.00426	0.00969	0.18381	0.00818	0.12018

[dist]
# distance from previous block
# <min> <max>
19	50

[block]
# block no. 2 follows, 13 sequences, length 13
# corresponding to MSA columns:
# 141-153
name=unknown_C
#
# <colnr> <probs for GDERKNQSTAVLIFYWHMCP>
#	G	D	E	R	K	N	Q	S	T	A	V	L	I	F	Y	W	H	M	C	P
0	0.02367	0.08809	0.03097	0.02315	0.02631	0.02442	0.05928	0.02707	0.02130	0.08572	0.08806	0.13623	0.03512	0.01901	0.02087	0.00392	0.25346	0.01407	0.00729	0.01198
1	0.03083	0.03138	0.12648	0.02996	0.10457	0.02838	0.02410	0.23367	0.18825	0.04982	0.02877	0.02913	0.02126	0.01228	0.01052	0.00332	0.01149	0.00993	0.00884	0.01703
2	0.05880	0.09310	0.03290	0.17430	0.15440	0.02488	0.02245	0.03437	0.12002	0.03400	0.02290	0.02688	0.01817	0.01033	0.00945	0.00295	0.01095	0.00870	0.00630	0.13414
3	0.02428	0.13591	0.10493	0.03052	0.03654	0.03176	0.14910	0.02955	0.02000	0.02835	0.01647	0.02330	0.01431	0.01349	0.02145	0.00380	0.28916	0.00926	0.00477	0.01305
4	0.05128	0.05363	0.02553	0.04983	0.07095	0.02258	0.01691	0.13738	0.14430	0.07021	0.11057	0.07478	0.09529	0.01623	0.01087	0.00336	0.00895	0.01353	0.00956	0.01425
5	0.11298	0.02036	0.02277	0.01846	0.02548	0.02070	0.01499	0.16068	0.08640	0.23465	0.04624	0.04316	0.11692	0.01516	0.01049	0.00333	0.00885	0.01199	0.01089	0.01550
6	0.02241	0.01427	0.01751	0.01665	0.01977	0.01419	0.01234	0.11041	0.02740	0.09797	0.10401	0.30224	0.05528	0.08816	0.01683	0.00453	0.00793	0.04660	0.01017	0.01132
7	0.02157	0.01410	0.02203	0.01878	0.02296	0.01290	0.07990	0.02624	0.02719	0.13088	0.28428	0.18420	0.06898	0.02094	0.01237	0.00356	0.00767	0.01914	0.01065	0.01166
8	0.02414	0.13096	0.04249	0.02656	0.03637	0.02357	0.19886	0.03014	0.02295	0.03255	0.01901	0.02344	0.01543	0.00844	0.00933	0.00241	0.01207	0.00841	0.00562	0.32725
9	0.02745	0.09636	0.03396	0.03647	0.21724	0.10037	0.02215	0.08879	0.08127	0.03556	0.02863	0.13046	0.02711	0.01464	0.01049	0.00324	0.01161	0.01255	0.00717	0.01448
10	0.02676	0.09148	0.09869	0.01885	0.02636	0.01961	0.01731	0.08767	0.02809	0.13224	0.13863	0.09934	0.04036	0.01527	0.01038	0.00302	0.00915	0.01272	0.00901	0.11508
11	0.02052	0.17620	0.08421	0.01943	0.02438	0.02355	0.01723	0.02763	0.09053	0.02927	0.03648	0.26575	0.03889	0.02059	0.01329	0.00362	0.07198	0.01697	0.00751	0.01198
12	0.02643	0.03240	0.15554	0.19602	0.05035	0.09832	0.12931	0.03388	0.02428	0.08664	0.02330	0.05453	0.01817	0.01149	0.01085	0.00340	0.01495	0.01044	0.00600	0.01369

[dist]
# distance from previous block
# <min> <max>
0	4

[block]
# block no. 3 follows, 13 sequences, length 7
# corresponding to MSA columns:
# 158-164
name=unknown_D
#
# <colnr> <probs for GDERKNQSTAVLIFYWHMCP>
#	G	D	E	R	K	N	Q	S	T	A	V	L	I	F	Y	W	H	M	C	P
0	0.03112	0.08054	0.03380	0.02850	0.08722	0.17444	0.08277	0.07607	0.02966	0.09893	0.13459	0.03597	0.03421	0.01299	0.01061	0.00306	0.01279	0.01098	0.00797	0.01378
1	0.02052	0.01505	0.01547	0.01591	0.01859	0.07100	0.01172	0.02337	0.02341	0.08897	0.05565	0.32630	0.11620	0.02534	0.01212	0.00379	0.00791	0.06152	0.07686	0.01029
2	0.02891	0.09242	0.10320	0.02095	0.02925	0.02188	0.04443	0.08814	0.08228	0.15289	0.04029	0.07228	0.09161	0.01456	0.01039	0.00316	0.01010	0.01206	0.00885	0.07233
3	0.02266	0.02095	0.03208	0.36195	0.15799	0.02447	0.02702	0.03489	0.14369	0.03251	0.02467	0.03042	0.01886	0.01123	0.01059	0.00346	0.01246	0.01000	0.00622	0.01389
4	0.02192	0.01879	0.02192	0.01566	0.02506	0.01409	0.01253	0.02662	0.02192	0.03445	0.01879	0.02192	0.01566	0.00783	0.00783	0.00157	0.00783	0.00626	0.00626	0.69305
5	0.10071	0.25447	0.10790	0.02595	0.08687	0.07875	0.02187	0.09025	0.07708	0.03603	0.01993	0.02199	0.01601	0.01038	0.00861	0.00287	0.01205	0.00749	0.00617	0.01464
6	0.02264	0.12081	0.19572	0.08779	0.03673	0.02666	0.02492	0.03513	0.14329	0.03267	0.03214	0.03415	0.07197	0.01352	0.01265	0.00342	0.07498	0.01023	0.00652	0.01406

[dist]
# distance from previous block
# <min> <max>
0	2

[block]
# block no. 4 follows, 13 sequences, length 21
# corresponding to MSA columns:
# 167-187
name=unknown_E
#
# <colnr> <probs for GDERKNQSTAVLIFYWHMCP>
#	G	D	E	R	K	N	Q	S	T	A	V	L	I	F	Y	W	H	M	C	P
0	0.01731	0.01412	0.01759	0.08894	0.02512	0.01477	0.01348	0.02703	0.13492	0.03662	0.24348	0.13137	0.15218	0.02094	0.01199	0.00356	0.00704	0.01822	0.01005	0.01128
1	0.02901	0.04395	0.39348	0.02705	0.04025	0.02360	0.03184	0.09494	0.02721	0.15155	0.02456	0.02559	0.01665	0.01100	0.01023	0.00331	0.01375	0.00861	0.00701	0.01640
2	0.03367	0.02282	0.07832	0.03434	0.18811	0.01893	0.04763	0.03910	0.02630	0.27355	0.03414	0.09960	0.02683	0.01385	0.01096	0.00337	0.01075	0.01238	0.00923	0.01613
3	0.02957	0.02601	0.09274	0.02450	0.03251	0.02352	0.08270	0.09870	0.22802	0.13259	0.08371	0.03766	0.03178	0.01345	0.01101	0.00343	0.01055	0.01172	0.00980	0.01601
4	0.02695	0.02136	0.02770	0.02696	0.08666	0.08304	0.08040	0.03354	0.07074	0.13205	0.06503	0.16675	0.06062	0.01842	0.01179	0.00361	0.01073	0.05139	0.00901	0.01325
5	0.02413	0.02913	0.14806	0.07483	0.30202	0.02272	0.06990	0.03137	0.02393	0.05793	0.03095	0.03495	0.07948	0.01176	0.01079	0.00329	0.01269	0.01090	0.00596	0.01521
6	0.02346	0.03557	0.23171	0.10743	0.20501	0.02513	0.15345	0.03255	0.02335	0.03318	0.01981	0.02562	0.01511	0.00964	0.01082	0.00336	0.01508	0.00960	0.00493	0.01520
7	0.02329	0.01963	0.02131	0.01971	0.02460	0.02217	0.01508	0.04675	0.41783	0.04185	0.10471	0.11729	0.04486	0.01755	0.01130	0.00364	0.00769	0.01507	0.01074	0.01492
8	0.03065	0.02016	0.03401	0.16354	0.09235	0.01981	0.12160	0.03645	0.02581	0.22541	0.03748	0.03903	0.07936	0.01283	0.01118	0.00341	0.01189	0.01189	0.00848	0.01467
9	0.03816	0.17132	0.08188	0.02473	0.08796	0.02375	0.02008	0.04303	0.02676	0.33185	0.03077	0.02910	0.02096	0.01144	0.00963	0.00302	0.01053	0.00905	0.00939	0.01658
10	0.11615	0.01895	0.02340	0.01839	0.02589	0.01793	0.01509	0.10180	0.03114	0.40357	0.08532	0.03671	0.03051	0.01348	0.01035	0.00327	0.00884	0.01076	0.01193	0.01651
11	0.01301	0.01013	0.01189	0.01319	0.01533	0.00901	0.00952	0.01547	0.02236	0.02808	0.08103	0.33983	0.29851	0.02985	0.01311	0.00400	0.00604	0.06098	0.00981	0.00883
12	0.02342	0.10598	0.18431	0.09350	0.04026	0.02296	0.11606	0.03072	0.02375	0.07973	0.07612	0.09994	0.02985	0.01383	0.01083	0.00337	0.01261	0.01249	0.00673	0.01352
13	0.18503	0.01606	0.02095	0.18194	0.05824	0.01786	0.01766	0.02550	0.02103	0.06091	0.03389	0.20482	0.03464	0.01870	0.01081	0.00378	0.00963	0.05988	0.00755	0.01112
14	0.01976	0.01756	0.02844	0.26857	0.17228	0.01928	0.02399	0.02566	0.02369	0.03209	0.12475	0.08947	0.03883	0.01565	0.01147	0.00357	0.01106	0.05473	0.00693	0.01222
15	0.01394	0.01023	0.01308	0.01350	0.01546	0.00936	0.00969	0.01755	0.02583	0.03535	0.32845	0.27309	0.14273	0.02628	0.01284	0.00370	0.00544	0.02335	0.01078	0.00936
16	0.10248	0.13560	0.05535	0.02137	0.02802	0.06613	0.06133	0.05927	0.06932	0.09627	0.02856	0.09642	0.02505	0.02206	0.08233	0.00494	0.01334	0.01133	0.00750	0.01331
17	0.16827	0.02499	0.02919	0.06254	0.18943	0.07178	0.02068	0.08612	0.02549	0.03961	0.01879	0.02267	0.01511	0.00967	0.00895	0.00277	0.01105	0.00767	0.00634	0.17889
18	0.18097	0.02687	0.03793	0.04722	0.32570	0.07781	0.08841	0.03324	0.02336	0.03657	0.01857	0.02375	0.01516	0.00959	0.00974	0.00318	0.01284	0.00872	0.00557	0.01481
19	0.02589	0.09494	0.03705	0.03037	0.09869	0.08708	0.14489	0.03091	0.02526	0.08186	0.07972	0.11522	0.07159	0.01528	0.01118	0.00331	0.01211	0.01412	0.00745	0.01308
20	0.03479	0.02467	0.03056	0.02488	0.03122	0.08484	0.07705	0.10531	0.06818	0.20965	0.03263	0.04019	0.02547	0.01496	0.01422	0.00361	0.08703	0.06629	0.00938	0.01506

[dist]
# distance from previous block
# <min> <max>
2	6

[block]
# block no. 5 follows, 13 sequences, length 15
# corresponding to MSA columns:
# 194-208
name=unknown_F
#
# <colnr> <probs for GDERKNQSTAVLIFYWHMCP>
#	G	D	E	R	K	N	Q	S	T	A	V	L	I	F	Y	W	H	M	C	P
0	0.01666	0.01389	0.02060	0.02772	0.16408	0.01327	0.01576	0.02015	0.02278	0.03085	0.10587	0.33750	0.12021	0.02468	0.01244	0.00379	0.00766	0.02233	0.00876	0.01099
1	0.02422	0.11323	0.03320	0.02395	0.07599	0.02048	0.07959	0.02940	0.02385	0.06348	0.08443	0.03000	0.02616	0.01024	0.00920	0.00237	0.00977	0.00902	0.00681	0.32460
2	0.19590	0.02227	0.02570	0.02165	0.02716	0.05945	0.06713	0.05603	0.08863	0.08186	0.02855	0.11606	0.02562	0.01524	0.01291	0.00352	0.08191	0.01200	0.00786	0.05055
3	0.12650	0.02294	0.03654	0.11599	0.04139	0.02478	0.16830	0.08372	0.02520	0.10107	0.02401	0.06023	0.01927	0.01277	0.01377	0.00362	0.08814	0.01108	0.00706	0.01364
4	0.02803	0.02754	0.02661	0.02536	0.09134	0.15503	0.01750	0.09305	0.02745	0.03568	0.02327	0.08456	0.02124	0.01201	0.00949	0.00252	0.01141	0.00966	0.00686	0.29139
5	0.30968	0.02442	0.02136	0.01800	0.02503	0.10641	0.01440	0.03958	0.06998	0.17115	0.02456	0.02457	0.01770	0.01098	0.00851	0.00304	0.01002	0.00771	0.00833	0.08457
6	0.13453	0.03167	0.18382	0.02691	0.03665	0.02392	0.11220	0.06935	0.02526	0.16379	0.02408	0.02612	0.01693	0.01146	0.01230	0.00346	0.06584	0.00922	0.00739	0.01510
7	0.03136	0.02134	0.02487	0.01842	0.02735	0.01903	0.01499	0.15616	0.03045	0.14490	0.02482	0.02548	0.01825	0.01005	0.00905	0.00229	0.00900	0.00791	0.00864	0.39562
8	0.02615	0.03181	0.15834	0.10275	0.04468	0.02664	0.14389	0.11374	0.16298	0.04060	0.02678	0.02947	0.01974	0.01137	0.01095	0.00346	0.01345	0.01046	0.00728	0.01546
9	0.01486	0.01094	0.01576	0.01606	0.01756	0.01229	0.01198	0.01795	0.01720	0.02436	0.03260	0.11619	0.03322	0.13951	0.45212	0.01462	0.02342	0.01412	0.00626	0.00897
10	0.01342	0.01075	0.01200	0.01169	0.01485	0.00932	0.00876	0.01697	0.02629	0.03377	0.27625	0.09319	0.38579	0.02484	0.01249	0.00348	0.00522	0.02111	0.01050	0.00932
11	0.02617	0.02512	0.04292	0.06490	0.56246	0.02512	0.03245	0.03245	0.02407	0.03454	0.01989	0.02617	0.01675	0.00942	0.01047	0.00314	0.01256	0.00942	0.00523	0.01675
12	0.01510	0.01133	0.01699	0.01699	0.01888	0.01322	0.01322	0.01888	0.01699	0.02454	0.02832	0.04154	0.02643	0.07930	0.58652	0.01699	0.02832	0.01133	0.00566	0.00944
13	0.03185	0.02689	0.09463	0.02251	0.03051	0.02499	0.01983	0.12403	0.30350	0.14771	0.03706	0.03448	0.02654	0.01331	0.01062	0.00343	0.00990	0.01081	0.01039	0.01703
14	0.02580	0.01867	0.02232	0.01614	0.02535	0.01431	0.01299	0.03041	0.02319	0.11584	0.02228	0.02406	0.01726	0.00863	0.00826	0.00183	0.00801	0.00693	0.00730	0.59043

[dist]
# distance from previous block
# <min> <max>
0	8

[block]
# block no. 6 follows, 13 sequences, length 35
# corresponding to MSA columns:
# 217-251
name=unknown_G
#
# <colnr> <probs for GDERKNQSTAVLIFYWHMCP>
#	G	D	E	R	K	N	Q	S	T	A	V	L	I	F	Y	W	H	M	C	P
0	0.03494	0.02620	0.02834	0.02250	0.02984	0.02892	0.01831	0.39374	0.11877	0.06027	0.09621	0.03431	0.03056	0.01408	0.01085	0.00325	0.01031	0.01111	0.01074	0.01677
1	0.48497	0.02893	0.14005	0.01855	0.02729	0.02483	0.01842	0.08252	0.02220	0.04634	0.01675	0.01915	0.01255	0.01016	0.00773	0.00328	0.01017	0.00657	0.00650	0.01304
2	0.20388	0.02027	0.02342	0.01843	0.02626	0.02001	0.01522	0.11561	0.03014	0.37134	0.03286	0.02993	0.02145	0.01224	0.00964	0.00326	0.00918	0.00929	0.01115	0.01642
3	0.19295	0.02320	0.02862	0.10369	0.14339	0.02540	0.02096	0.14472	0.08181	0.09944	0.02432	0.02647	0.01797	0.01126	0.00961	0.00329	0.01071	0.00894	0.00802	0.01523
4	0.02786	0.03165	0.18408	0.02892	0.03842	0.02389	0.15099	0.08293	0.05486	0.11107	0.02582	0.02883	0.01875	0.01160	0.01259	0.00340	0.06238	0.01010	0.07688	0.01496
5	0.02082	0.01966	0.03325	0.52897	0.14019	0.02372	0.02979	0.02776	0.02155	0.02805	0.01894	0.02791	0.01446	0.01041	0.01056	0.00347	0.01388	0.00940	0.00477	0.01243
6	0.01341	0.01059	0.01209	0.01204	0.01493	0.00927	0.00891	0.01683	0.02578	0.03333	0.26223	0.14699	0.34486	0.02559	0.01259	0.00356	0.00530	0.02197	0.01047	0.00927
7	0.01285	0.01072	0.01121	0.01109	0.01450	0.00908	0.00832	0.01587	0.02495	0.03057	0.17235	0.09845	0.49168	0.02603	0.01249	0.00353	0.00530	0.02185	0.01008	0.00908
8	0.02532	0.02425	0.04137	0.13893	0.49510	0.02490	0.03202	0.03170	0.02367	0.03351	0.01974	0.02645	0.01638	0.00958	0.01048	0.00319	0.01277	0.00942	0.00516	0.01606
9	0.01566	0.01140	0.01520	0.01649	0.01891	0.01094	0.01359	0.02009	0.02551	0.03388	0.19840	0.14791	0.12328	0.02721	0.01371	0.00427	0.00769	0.27597	0.01027	0.00962
10	0.02462	0.02752	0.05683	0.04145	0.05017	0.02778	0.43131	0.03231	0.02333	0.03231	0.02000	0.02752	0.01564	0.01069	0.01659	0.00376	0.12731	0.01188	0.00521	0.01376
11	0.02537	0.30544	0.20342	0.02873	0.04008	0.03284	0.16238	0.03278	0.02267	0.02976	0.01773	0.02163	0.01420	0.00929	0.00926	0.00292	0.01431	0.00813	0.00473	0.01434
12	0.01465	0.01051	0.01413	0.01552	0.01722	0.00998	0.01178	0.01831	0.02445	0.03319	0.21860	0.31356	0.07716	0.02837	0.01346	0.00413	0.00672	0.14853	0.01038	0.00934
13	0.02814	0.02366	0.03795	0.02747	0.03707	0.02132	0.19600	0.10063	0.02768	0.09361	0.02298	0.02619	0.01719	0.00942	0.01015	0.00267	0.01203	0.00937	0.00723	0.28923
14	0.01995	0.01801	0.03012	0.08292	0.03363	0.01769	0.15313	0.06570	0.02850	0.03858	0.24946	0.05868	0.12439	0.01698	0.01212	0.00343	0.01003	0.01595	0.00887	0.01185
15	0.02827	0.63478	0.05540	0.01809	0.02714	0.04184	0.01809	0.03166	0.02148	0.02488	0.01470	0.01696	0.01357	0.00905	0.00678	0.00226	0.01131	0.00565	0.00452	0.01357
16	0.02192	0.01879	0.02192	0.01566	0.02506	0.01409	0.01253	0.02662	0.02192	0.03445	0.01879	0.02192	0.01566	0.00783	0.00783	0.00157	0.00783	0.00626	0.00626	0.69305
17	0.01333	0.00952	0.01278	0.01523	0.01604	0.00897	0.01059	0.01549	0.02068	0.02749	0.05803	0.56771	0.06896	0.03271	0.01361	0.00436	0.00652	0.07947	0.00981	0.00871
18	0.02688	0.09873	0.38240	0.02798	0.04066	0.10847	0.03219	0.09801	0.02688	0.03593	0.01906	0.02180	0.01403	0.01043	0.00977	0.00315	0.01526	0.00771	0.00540	0.01527
19	0.02192	0.01879	0.02192	0.01566	0.02506	0.01409	0.01253	0.02662	0.02192	0.03445	0.01879	0.02192	0.01566	0.00783	0.00783	0.00157	0.00783	0.00626	0.00626	0.69305
20	0.02444	0.02028	0.02327	0.01685	0.02612	0.01667	0.01357	0.09549	0.02575	0.03888	0.01970	0.02240	0.01598	0.00850	0.00821	0.00179	0.00835	0.00671	0.00686	0.60018
21	0.02765	0.02264	0.03636	0.10706	0.36549	0.02212	0.02707	0.03350	0.02426	0.10250	0.02242	0.02702	0.01753	0.00978	0.01012	0.00297	0.01157	0.00912	0.00634	0.11449
22	0.01538	0.01025	0.01153	0.01153	0.01153	0.01025	0.00641	0.01538	0.01538	0.02050	0.03331	0.06919	0.03844	0.62842	0.05382	0.01025	0.01025	0.01538	0.00641	0.00641
23	0.01997	0.01879	0.03171	0.60301	0.07282	0.02349	0.02936	0.02701	0.02114	0.02701	0.01879	0.02819	0.01409	0.01057	0.01057	0.00352	0.01409	0.00940	0.00470	0.01175
24	0.02033	0.01932	0.02688	0.02419	0.02436	0.02588	0.01949	0.02251	0.01730	0.02587	0.02602	0.18678	0.02921	0.02250	0.02890	0.00454	0.44418	0.01494	0.00605	0.01075
25	0.02396	0.02181	0.03384	0.04744	0.37160	0.02184	0.02520	0.06043	0.05129	0.03681	0.08332	0.04295	0.10668	0.01358	0.01098	0.00325	0.01053	0.01237	0.00710	0.01503
26	0.02617	0.02512	0.04292	0.06490	0.56246	0.02512	0.03245	0.03245	0.02407	0.03454	0.01989	0.02617	0.01675	0.00942	0.01047	0.00314	0.01256	0.00942	0.00523	0.01675
27	0.02307	0.10268	0.02210	0.01504	0.01957	0.01566	0.01221	0.02766	0.02877	0.14018	0.38024	0.06181	0.07326	0.01817	0.01130	0.00316	0.00667	0.01555	0.01088	0.01202
28	0.02192	0.01879	0.02192	0.01566	0.02506	0.01409	0.01253	0.02662	0.02192	0.03445	0.01879	0.02192	0.01566	0.00783	0.00783	0.00157	0.00783	0.00626	0.00626	0.69305
29	0.12250	0.02129	0.03091	0.36921	0.12745	0.02494	0.02600	0.09259	0.02476	0.03610	0.01920	0.02595	0.01458	0.01058	0.00997	0.00339	0.01271	0.00888	0.00579	0.01319
30	0.42542	0.03107	0.17039	0.01978	0.02907	0.02520	0.02019	0.10000	0.02354	0.04626	0.01735	0.01971	0.01288	0.01027	0.00806	0.00328	0.01069	0.00682	0.00653	0.01349
31	0.03017	0.02095	0.02437	0.01822	0.02702	0.01865	0.01476	0.12780	0.06089	0.13584	0.02559	0.02615	0.01899	0.01008	0.00903	0.00230	0.00879	0.00801	0.00857	0.40384
32	0.51991	0.02539	0.02115	0.02239	0.09184	0.10545	0.01545	0.03287	0.02051	0.04265	0.01562	0.01861	0.01245	0.00992	0.00748	0.00318	0.01032	0.00636	0.00622	0.01225
33	0.03390	0.02662	0.03102	0.02871	0.10789	0.02838	0.02045	0.32635	0.11034	0.05476	0.02617	0.02699	0.01947	0.01182	0.01023	0.00302	0.01083	0.00942	0.00927	0.10433
34	0.02970	0.01907	0.02292	0.01730	0.02592	0.01607	0.01392	0.03746	0.09125	0.18701	0.02838	0.02815	0.02077	0.01015	0.00900	0.00231	0.00823	0.00823	0.00877	0.41540

[dist]
# distance from previous block
# <min> <max>
0	1

[block]
# block no. 7 follows, 13 sequences, length 85
# corresponding to MSA columns:
# 253-337
name=unknown_H
#
# <colnr> <probs for GDERKNQSTAVLIFYWHMCP>
#	G	D	E	R	K	N	Q	S	T	A	V	L	I	F	Y	W	H	M	C	P
0	0.02482	0.01798	0.02134	0.01569	0.02441	0.01386	0.01258	0.02925	0.02332	0.11177	0.02976	0.03087	0.06408	0.01023	0.00864	0.00199	0.00779	0.00829	0.00756	0.53579
1	0.02235	0.01878	0.09963	0.01691	0.02249	0.01326	0.01542	0.02824	0.02886	0.14587	0.37431	0.06199	0.07226	0.01820	0.01174	0.00332	0.00737	0.01575	0.01086	0.01241
2	0.02674	0.01925	0.02265	0.01705	0.02574	0.01615	0.01365	0.03510	0.10104	0.12336	0.02615	0.02683	0.01986	0.00966	0.00872	0.00215	0.00810	0.00783	0.00805	0.48194
3	0.01469	0.01080	0.01375	0.01301	0.01563	0.00986	0.00976	0.01942	0.02927	0.04085	0.50639	0.08154	0.15123	0.02219	0.01247	0.00335	0.00503	0.01948	0.01143	0.00986
4	0.01783	0.01407	0.01883	0.01954	0.02159	0.01558	0.01606	0.02394	0.06767	0.03179	0.08753	0.18642	0.05602	0.02646	0.01690	0.00450	0.09796	0.25765	0.00922	0.01042
5	0.02343	0.02401	0.03729	0.03050	0.03225	0.03146	0.10496	0.02682	0.01762	0.02682	0.01511	0.02401	0.01423	0.01694	0.03107	0.00445	0.51249	0.00978	0.00474	0.01201
6	0.04019	0.02962	0.03173	0.02433	0.03279	0.03279	0.02010	0.52721	0.04971	0.06663	0.02538	0.02538	0.01798	0.01269	0.01058	0.00317	0.01163	0.00952	0.01058	0.01798
7	0.02192	0.01879	0.02192	0.01566	0.02506	0.01409	0.01253	0.02662	0.02192	0.03445	0.01879	0.02192	0.01566	0.00783	0.00783	0.00157	0.00783	0.00626	0.00626	0.69305
8	0.02182	0.02415	0.10419	0.01782	0.02814	0.01565	0.01649	0.02765	0.02198	0.03431	0.01882	0.02198	0.01532	0.00816	0.00816	0.00183	0.00899	0.00650	0.00600	0.59204
9	0.01997	0.01879	0.03171	0.60301	0.07282	0.02349	0.02936	0.02701	0.02114	0.02701	0.01879	0.02819	0.01409	0.01057	0.01057	0.00352	0.01409	0.00940	0.00470	0.01175
10	0.02959	0.02745	0.11115	0.03114	0.15338	0.02177	0.02285	0.12287	0.02864	0.11355	0.02341	0.02551	0.01743	0.01013	0.00965	0.00272	0.01093	0.00841	0.00747	0.22196
11	0.01932	0.01414	0.01951	0.02285	0.09921	0.01391	0.01440	0.02601	0.08295	0.07153	0.18963	0.27506	0.06315	0.02288	0.01225	0.00370	0.00722	0.02055	0.00997	0.01175
12	0.03250	0.02817	0.02725	0.02311	0.02988	0.09134	0.01829	0.21476	0.31788	0.04979	0.03404	0.03238	0.02532	0.01340	0.01056	0.00335	0.01068	0.01055	0.01010	0.01666
13	0.02750	0.02340	0.11129	0.01947	0.02647	0.01835	0.01796	0.13839	0.03305	0.14412	0.25774	0.05008	0.05420	0.01620	0.01132	0.00329	0.00892	0.01361	0.01050	0.01413
14	0.02655	0.03254	0.16489	0.07906	0.22226	0.02634	0.09961	0.10806	0.06553	0.03922	0.02233	0.02659	0.01703	0.01042	0.01070	0.00331	0.01366	0.00967	0.00624	0.01600
15	0.02456	0.39992	0.17595	0.02032	0.03000	0.03286	0.02201	0.03036	0.02295	0.02959	0.09659	0.02752	0.02638	0.01116	0.00843	0.00269	0.01142	0.00819	0.00557	0.01354
16	0.02417	0.02597	0.05221	0.09008	0.09129	0.02445	0.36722	0.03209	0.02411	0.03341	0.02066	0.02733	0.01587	0.00893	0.01147	0.00323	0.01561	0.01105	0.00542	0.11545
17	0.02750	0.03244	0.20857	0.03100	0.04178	0.02176	0.20537	0.03599	0.02583	0.15003	0.08513	0.03386	0.02679	0.01159	0.01132	0.00341	0.01380	0.01137	0.00744	0.01501
18	0.03192	0.36574	0.12407	0.02129	0.03067	0.11113	0.02113	0.03666	0.02423	0.11531	0.01998	0.02116	0.01561	0.01011	0.00828	0.00265	0.01266	0.00695	0.00604	0.01441
19	0.01837	0.00918	0.01377	0.01377	0.01377	0.00918	0.00918	0.01377	0.01377	0.01837	0.01837	0.03214	0.01837	0.03673	0.04132	0.69238	0.00918	0.00918	0.00459	0.00459
20	0.02365	0.02249	0.03725	0.09821	0.44306	0.02258	0.02857	0.02945	0.02385	0.03307	0.03281	0.03759	0.09728	0.01210	0.01078	0.00323	0.01160	0.01134	0.00588	0.01520
21	0.01277	0.01072	0.01110	0.01100	0.01445	0.00904	0.00825	0.01571	0.02475	0.03012	0.15761	0.09920	0.50670	0.02620	0.01249	0.00354	0.00531	0.02196	0.01002	0.00904
22	0.02192	0.01879	0.02192	0.01566	0.02506	0.01409	0.01253	0.02662	0.02192	0.03445	0.01879	0.02192	0.01566	0.00783	0.00783	0.00157	0.00783	0.00626	0.00626	0.69305
23	0.02731	0.01961	0.02316	0.01688	0.02601	0.01593	0.01363	0.07360	0.02557	0.11706	0.02278	0.02432	0.01743	0.00903	0.00849	0.00196	0.00833	0.00720	0.00765	0.53405
24	0.03218	0.02188	0.02317	0.01866	0.02478	0.02382	0.01513	0.33058	0.03894	0.05599	0.02895	0.03088	0.02155	0.01255	0.00933	0.00290	0.00901	0.00965	0.27527	0.01480
25	0.01289	0.01073	0.01126	0.01112	0.01452	0.00909	0.00834	0.01594	0.02503	0.03077	0.17898	0.09811	0.48492	0.02595	0.01249	0.00353	0.00530	0.02180	0.01011	0.00909
26	0.04019	0.02962	0.03173	0.02433	0.03279	0.03279	0.02010	0.52721	0.04971	0.06663	0.02538	0.02538	0.01798	0.01269	0.01058	0.00317	0.01163	0.00952	0.01058	0.01798
27	0.03950	0.05039	0.02996	0.02724	0.03269	0.58597	0.02043	0.04222	0.02996	0.02588	0.01634	0.01907	0.01362	0.01090	0.00953	0.00272	0.01907	0.00681	0.00545	0.01226
28	0.01837	0.00918	0.01377	0.01377	0.01377	0.00918	0.00918	0.01377	0.01377	0.01837	0.01837	0.03214	0.01837	0.03673	0.04132	0.69238	0.00918	0.00918	0.00459	0.00459
29	0.02617	0.02512	0.04292	0.06490	0.56246	0.02512	0.03245	0.03245	0.02407	0.03454	0.01989	0.02617	0.01675	0.00942	0.01047	0.00314	0.01256	0.00942	0.00523	0.01675
30	0.03950	0.05039	0.02996	0.02724	0.03269	0.58597	0.02043	0.04222	0.02996	0.02588	0.01634	0.01907	0.01362	0.01090	0.00953	0.00272	0.01907	0.00681	0.00545	0.01226
31	0.03353	0.02243	0.02590	0.01934	0.02816	0.02095	0.01580	0.20735	0.03337	0.15480	0.02577	0.02600	0.01862	0.01061	0.00936	0.00248	0.00940	0.00830	0.00917	0.31866
32	0.02617	0.02512	0.04292	0.06490	0.56246	0.02512	0.03245	0.03245	0.02407	0.03454	0.01989	0.02617	0.01675	0.00942	0.01047	0.00314	0.01256	0.00942	0.00523	0.01675
33	0.70310	0.02045	0.01554	0.01390	0.02045	0.02372	0.01145	0.03108	0.01799	0.04744	0.01472	0.01718	0.01145	0.00981	0.00654	0.00327	0.00818	0.00573	0.00654	0.01145
34	0.01510	0.01133	0.01699	0.01699	0.01888	0.01322	0.01322	0.01888	0.01699	0.02454	0.02832	0.04154	0.02643	0.07930	0.58652	0.01699	0.02832	0.01133	0.00566	0.00944
35	0.02630	0.02271	0.02391	0.02152	0.02749	0.02630	0.01674	0.05618	0.54336	0.04423	0.04303	0.03945	0.03228	0.01434	0.01076	0.00359	0.00837	0.01195	0.01076	0.01674
36	0.01250	0.01071	0.01071	0.01071	0.01428	0.00893	0.00803	0.01517	0.02410	0.02856	0.10711	0.10175	0.55817	0.02678	0.01250	0.00357	0.00536	0.02231	0.00982	0.00893
37	0.02192	0.01879	0.02192	0.01566	0.02506	0.01409	0.01253	0.02662	0.02192	0.03445	0.01879	0.02192	0.01566	0.00783	0.00783	0.00157	0.00783	0.00626	0.00626	0.69305
38	0.01288	0.00920	0.01227	0.01472	0.01534	0.00859	0.00981	0.01472	0.02024	0.02699	0.05828	0.62152	0.06993	0.03312	0.01350	0.00429	0.00613	0.03006	0.00981	0.00859
39	0.02827	0.63478	0.05540	0.01809	0.02714	0.04184	0.01809	0.03166	0.02148	0.02488	0.01470	0.01696	0.01357	0.00905	0.00678	0.00226	0.01131	0.00565	0.00452	0.01357
40	0.02617	0.02512	0.04292	0.06490	0.56246	0.02512	0.03245	0.03245	0.02407	0.03454	0.01989	0.02617	0.01675	0.00942	0.01047	0.00314	0.01256	0.00942	0.00523	0.01675
41	0.01997	0.01879	0.03171	0.60301	0.07282	0.02349	0.02936	0.02701	0.02114	0.02701	0.01879	0.02819	0.01409	0.01057	0.01057	0.00352	0.01409	0.00940	0.00470	0.01175
42	0.01288	0.00920	0.01227	0.01472	0.01534	0.00859	0.00981	0.01472	0.02024	0.02699	0.05828	0.62152	0.06993	0.03312	0.01350	0.00429	0.00613	0.03006	0.00981	0.00859
43	0.04744	0.01799	0.02454	0.01881	0.02699	0.01554	0.01554	0.05153	0.03026	0.56979	0.04171	0.03599	0.02617	0.01309	0.01063	0.00327	0.00900	0.01063	0.01309	0.01799
44	0.04744	0.01799	0.02454	0.01881	0.02699	0.01554	0.01554	0.05153	0.03026	0.56979	0.04171	0.03599	0.02617	0.01309	0.01063	0.00327	0.00900	0.01063	0.01309	0.01799
45	0.02827	0.63478	0.05540	0.01809	0.02714	0.04184	0.01809	0.03166	0.02148	0.02488	0.01470	0.01696	0.01357	0.00905	0.00678	0.00226	0.01131	0.00565	0.00452	0.01357
46	0.70310	0.02045	0.01554	0.01390	0.02045	0.02372	0.01145	0.03108	0.01799	0.04744	0.01472	0.01718	0.01145	0.00981	0.00654	0.00327	0.00818	0.00573	0.00654	0.01145
47	0.01997	0.01879	0.03171	0.60301	0.07282	0.02349	0.02936	0.02701	0.02114	0.02701	0.01879	0.02819	0.01409	0.01057	0.01057	0.00352	0.01409	0.00940	0.00470	0.01175
48	0.60415	0.02491	0.01769	0.01589	0.02227	0.10756	0.01279	0.03274	0.01978	0.04422	0.01496	0.01746	0.01177	0.00998	0.00699	0.00319	0.00980	0.00589	0.00638	0.01157
49	0.01288	0.00920	0.01227	0.01472	0.01534	0.00859	0.00981	0.01472	0.02024	0.02699	0.05828	0.62152	0.06993	0.03312	0.01350	0.00429	0.00613	0.03006	0.00981	0.00859
50	0.02549	0.02889	0.04967	0.03687	0.04545	0.10739	0.36499	0.03284	0.02651	0.03407	0.10811	0.03535	0.02936	0.01128	0.01204	0.00340	0.01591	0.01272	0.00639	0.01326
51	0.02676	0.20568	0.25430	0.02704	0.03857	0.03091	0.08501	0.10816	0.06118	0.03681	0.02063	0.02316	0.01569	0.01032	0.00955	0.00306	0.01361	0.00829	0.00591	0.01533
52	0.01827	0.01437	0.01698	0.01614	0.01946	0.01498	0.01211	0.03074	0.19241	0.04069	0.31848	0.14726	0.07377	0.02101	0.01208	0.00355	0.00624	0.01846	0.01109	0.01193
53	0.03016	0.02518	0.04429	0.03840	0.12649	0.02553	0.22628	0.07351	0.06112	0.13147	0.02565	0.02936	0.01894	0.01145	0.01406	0.00354	0.08069	0.01104	0.00737	0.01547
54	0.01250	0.01071	0.01071	0.01071	0.01428	0.00893	0.00803	0.01517	0.02410	0.02856	0.10711	0.10175	0.55817	0.02678	0.01250	0.00357	0.00536	0.02231	0.00982	0.00893
55	0.03961	0.04707	0.03025	0.02677	0.03270	0.49758	0.02038	0.11972	0.03312	0.03239	0.01779	0.02008	0.01432	0.01118	0.00970	0.00280	0.01788	0.00724	0.00627	0.01317
56	0.02827	0.63478	0.05540	0.01809	0.02714	0.04184	0.01809	0.03166	0.02148	0.02488	0.01470	0.01696	0.01357	0.00905	0.00678	0.00226	0.01131	0.00565	0.00452	0.01357
57	0.03138	0.03606	0.04129	0.04573	0.25129	0.25415	0.11974	0.03670	0.02664	0.03088	0.01872	0.02371	0.01534	0.00993	0.01046	0.00305	0.01620	0.00893	0.00534	0.01445
58	0.01538	0.01025	0.01153	0.01153	0.01153	0.01025	0.00641	0.01538	0.01538	0.02050	0.03331	0.06919	0.03844	0.62842	0.05382	0.01025	0.01025	0.01538	0.00641	0.00641
59	0.04744	0.01799	0.02454	0.01881	0.02699	0.01554	0.01554	0.05153	0.03026	0.56979	0.04171	0.03599	0.02617	0.01309	0.01063	0.00327	0.00900	0.01063	0.01309	0.01799
60	0.08121	0.02802	0.03611	0.04751	0.34655	0.10805	0.02634	0.06896	0.02693	0.09818	0.02187	0.02553	0.01706	0.01031	0.01007	0.00311	0.01274	0.00891	0.00662	0.01592
61	0.01392	0.00964	0.01196	0.01340	0.01376	0.00928	0.00840	0.01499	0.01822	0.02430	0.04793	0.39251	0.05687	0.27995	0.03021	0.00676	0.00784	0.02397	0.00840	0.00768
62	0.08413	0.02661	0.02790	0.02261	0.03010	0.02993	0.01833	0.33174	0.21410	0.05766	0.03056	0.02953	0.02233	0.01304	0.01034	0.00332	0.01028	0.01006	0.01034	0.01708
63	0.02121	0.05469	0.57364	0.03014	0.04576	0.02455	0.03906	0.03348	0.02232	0.03348	0.01897	0.02232	0.01339	0.01005	0.01005	0.00335	0.01563	0.00781	0.00446	0.01563
64	0.03852	0.01680	0.02224	0.01770	0.02441	0.01510	0.01435	0.07127	0.03132	0.40232	0.17541	0.04660	0.04493	0.01529	0.01111	0.00328	0.00810	0.01279	0.01256	0.01590
65	0.01321	0.00952	0.01297	0.01506	0.01586	0.00928	0.01032	0.01534	0.01976	0.02663	0.05381	0.53504	0.06344	0.04001	0.09894	0.00619	0.00944	0.02726	0.00920	0.00871
66	0.01431	0.01081	0.01401	0.01419	0.01608	0.01121	0.01037	0.01697	0.01879	0.02504	0.05202	0.10486	0.17080	0.16221	0.29740	0.01132	0.01740	0.01631	0.00719	0.00869
67	0.01727	0.01366	0.01563	0.01441	0.01802	0.01316	0.01059	0.02536	0.11863	0.03493	0.20631	0.10532	0.15281	0.11098	0.01788	0.00432	0.00685	0.01716	0.00963	0.08708
68	0.11627	0.01711	0.02159	0.01718	0.02395	0.01567	0.01372	0.04384	0.02666	0.42923	0.03743	0.03883	0.02635	0.10447	0.01661	0.00431	0.00909	0.01079	0.01136	0.01553
69	0.01980	0.04287	0.42663	0.02556	0.03747	0.02052	0.03115	0.02969	0.02200	0.03318	0.02658	0.11359	0.02336	0.01374	0.01026	0.00339	0.01301	0.01136	0.08191	0.01393
70	0.02865	0.02241	0.03832	0.09420	0.04116	0.02284	0.19582	0.10052	0.02759	0.13361	0.03033	0.11747	0.02582	0.01464	0.01334	0.00363	0.05368	0.01379	0.00802	0.01414
71	0.20625	0.02624	0.03311	0.04254	0.30050	0.06176	0.02418	0.11353	0.02705	0.04260	0.01921	0.02324	0.01537	0.01015	0.00940	0.00315	0.01168	0.00830	0.00646	0.01528
72	0.03920	0.01677	0.02351	0.08379	0.03040	0.01540	0.01624	0.04329	0.02774	0.42791	0.04161	0.12242	0.03134	0.01579	0.01105	0.00345	0.00914	0.01339	0.01166	0.01589
73	0.01835	0.01647	0.02684	0.44908	0.05785	0.01975	0.02427	0.02439	0.02199	0.02874	0.08510	0.12236	0.03204	0.01517	0.01122	0.00362	0.01189	0.01357	0.00624	0.01108
74	0.02387	0.02849	0.16843	0.02535	0.03310	0.02184	0.08873	0.08552	0.02564	0.07469	0.07151	0.03867	0.07093	0.02403	0.09959	0.00555	0.08179	0.01164	0.00712	0.01350
75	0.04001	0.02339	0.02572	0.02079	0.02779	0.08332	0.01682	0.15822	0.03285	0.30831	0.03300	0.03241	0.02286	0.02262	0.09637	0.00523	0.01363	0.01004	0.01053	0.01607
76	0.01543	0.01275	0.01634	0.05733	0.02082	0.01314	0.01223	0.01950	0.02581	0.03478	0.30744	0.07653	0.23569	0.02217	0.01484	0.00357	0.07360	0.01836	0.00974	0.00994
77	0.07670	0.08054	0.25410	0.02478	0.03508	0.08866	0.02604	0.04141	0.16530	0.06746	0.02597	0.02668	0.01919	0.01141	0.00974	0.00326	0.01280	0.00869	0.00695	0.01524
78	0.02320	0.01443	0.01791	0.01707	0.02084	0.01408	0.01305	0.03054	0.10769	0.12940	0.04571	0.19827	0.04540	0.11257	0.01833	0.00479	0.00844	0.10676	0.00978	0.06175
79	0.07245	0.02279	0.02861	0.40814	0.05694	0.10623	0.02490	0.02867	0.02176	0.02807	0.01920	0.02752	0.01521	0.01828	0.07479	0.00490	0.01600	0.00896	0.00505	0.01154
80	0.03369	0.01814	0.02309	0.06177	0.02837	0.01809	0.01595	0.12505	0.06461	0.26356	0.04154	0.18681	0.03567	0.01815	0.01137	0.00356	0.00905	0.01551	0.01101	0.01499
81	0.08567	0.02235	0.02635	0.10657	0.12840	0.06464	0.01926	0.12259	0.02788	0.07320	0.03602	0.04173	0.09971	0.08268	0.01527	0.00405	0.01115	0.01159	0.00764	0.01325
82	0.02071	0.01476	0.01927	0.10360	0.02782	0.01508	0.01532	0.07942	0.02816	0.07605	0.17408	0.10829	0.14782	0.02140	0.01230	0.00372	0.00839	0.10261	0.00980	0.01140
83	0.02538	0.02479	0.04883	0.12486	0.05140	0.02353	0.33386	0.03302	0.02430	0.07221	0.02209	0.02803	0.01643	0.00931	0.01135	0.00324	0.01511	0.01094	0.00595	0.11536
84	0.02394	0.02273	0.07078	0.20815	0.26466	0.02213	0.02790	0.03032	0.02250	0.07007	0.02237	0.02950	0.01788	0.02049	0.09638	0.00534	0.01530	0.00968	0.00567	0.01422

[dist]
# distance from previous block
# <min> <max>
1	2920

# created by:
# /st0/software/busco_prod/Augustus/scripts/msa2prfl.pl ./align_prep/3019.fa
